0.00684725 0 -0.000224943 0 0 0.00969439 0 0 -0.000224943 0 0.00687114 0 0 0 0 0.00969439 
0.00997312 -0.0123822 -0.000269486 0.000324008 -0.0123822 0.0328957 0.000324008 -0.000621002 -0.000269486 0.000324008 0.0100264 -0.0124442 0.000324008 -0.000621002 -0.0124442 0.0330141 
0.0097653 -0.0182791 -0.000171464 0.000200942 -0.0182791 0.0673805 0.000200942 -0.000582829 -0.000171464 0.000200942 0.00981219 -0.0182909 0.000200942 -0.000582829 -0.0182909 0.067402 
0.00923158 -0.0179668 -0.00016707 3.73983e-06 -0.0179668 0.0807231 3.30249e-06 0.00036092 -0.00016707 3.30249e-06 0.0093069 -0.018026 3.73983e-06 0.00036092 -0.018026 0.0808744 
0.00942409 -0.0176786 -0.000209243 4.46984e-05 -0.0176786 0.0855982 4.83365e-05 0.000633349 -0.000209243 4.83365e-05 0.00950624 -0.0178207 4.46984e-05 0.000633349 -0.0178207 0.0861251 
0.00963863 -0.0177161 -0.000225671 0.000135644 -0.0177161 0.0872224 0.000144973 0.000351906 -0.000225671 0.000144973 0.00971035 -0.0178646 0.000135644 0.000351906 -0.0178646 0.0878682 
0.00983863 -0.0180153 -0.000251746 0.000181188 -0.0180153 0.0888121 0.00018947 4.20458e-05 -0.000251746 0.00018947 0.00991547 -0.0181248 0.000181188 4.20458e-05 -0.0181248 0.0893471 
0.00960416 -0.0175159 -0.000253384 0.000202464 -0.0175159 0.0863908 0.000199548 -0.000124348 -0.000253384 0.000199548 0.00962458 -0.0176328 0.000202464 -0.000124348 -0.0176328 0.0868537 
0.00988718 -0.0180481 -0.000240198 0.000214734 -0.0180481 0.0888718 0.000203137 -0.00018813 -0.000240198 0.000203137 0.0098846 -0.0180913 0.000214734 -0.00018813 -0.0180913 0.0891981 
0.00976443 -0.0178421 -0.000238536 0.00018037 -0.0178421 0.0877914 0.00016966 -0.000147042 -0.000238536 0.00016966 0.00974227 -0.0178397 0.00018037 -0.000147042 -0.0178397 0.0879471 
0.00972659 -0.0178015 -0.000250631 0.00017275 -0.0178015 0.0875657 0.000170898 -0.000109605 -0.000250631 0.000170898 0.00970915 -0.0177726 0.00017275 -0.000109605 -0.0177726 0.087615 
0.00971456 -0.0178176 -0.000253321 0.000181286 -0.0178176 0.0876748 0.000187056 -0.000110887 -0.000253321 0.000187056 0.00971543 -0.0177928 0.000181286 -0.000110887 -0.0177928 0.0876909 
0.00966241 -0.0177508 -0.000219377 0.00018822 -0.0177508 0.0874539 0.000196557 -0.000133163 -0.000219377 0.000196557 0.00970359 -0.0177649 0.00018822 -0.000133163 -0.0177649 0.0875462 
0.00961627 -0.0176484 -0.000178907 0.000158445 -0.0176484 0.0870696 0.000165383 -0.000112301 -0.000178907 0.000165383 0.00968369 -0.0177195 0.000158445 -0.000112301 -0.0177195 0.0872959 
0.00960186 -0.0176113 -0.000161228 0.000107588 -0.0176113 0.0869049 0.00011474 -1.63418e-05 -0.000161228 0.00011474 0.00966839 -0.0177158 0.000107588 -1.63418e-05 -0.0177158 0.0872465 
0.00958264 -0.0175548 -0.000180921 8.43097e-05 -0.0175548 0.0866253 9.03749e-05 6.53595e-05 -0.000180921 9.03749e-05 0.00964163 -0.0176664 8.43097e-05 6.53595e-05 -0.0176664 0.0870346 
0.00959339 -0.0175786 -0.00022479 0.000112989 -0.0175786 0.0866867 0.000118976 4.44176e-05 -0.00022479 0.000118976 0.00964089 -0.0176711 0.000112989 4.44176e-05 -0.0176711 0.0870781 
0.00958035 -0.0175715 -0.00019984 0.000163778 -0.0175715 0.0866314 0.000171465 -5.27675e-05 -0.00019984 0.000171465 0.00963977 -0.0176447 0.000163778 -5.27675e-05 -0.0176447 0.0869742 
0.00953223 -0.017494 -0.000165348 0.000142415 -0.017494 0.0862793 0.000148867 -7.89667e-05 -0.000165348 0.000148867 0.00961186 -0.0175844 0.000142415 -7.89667e-05 -0.0175844 0.0866327 
0.00952527 -0.0174559 -0.000130369 0.000100407 -0.0174559 0.0861275 0.00010479 -8.81913e-06 -0.000130369 0.00010479 0.00958789 -0.0175752 0.000100407 -8.81913e-06 -0.0175752 0.0865403 
0.00994214 -0.0182338 -0.000138215 6.14865e-05 -0.0182338 0.0899333 6.73621e-05 9.12407e-05 -0.000138215 6.73621e-05 0.0100018 -0.0183484 6.14865e-05 9.12407e-05 -0.0183484 0.0903944 
0.00989951 -0.0181253 -0.000154985 6.58081e-05 -0.0181253 0.0894234 7.01106e-05 0.000124051 -0.000154985 7.01106e-05 0.00993568 -0.0182384 6.58081e-05 0.000124051 -0.0182384 0.0898952 
0.00988207 -0.0181014 -0.000162839 9.74951e-05 -0.0181014 0.089235 9.63652e-05 7.25271e-05 -0.000162839 9.63652e-05 0.0099069 -0.0181739 9.74951e-05 7.25271e-05 -0.0181739 0.0896347 
0.00987741 -0.0181157 -0.000164591 0.000114524 -0.0181157 0.0892784 0.000112665 1.03499e-05 -0.000164591 0.000112665 0.00990314 -0.0181607 0.000114524 1.03499e-05 -0.0181607 0.0895816 
0.00986481 -0.0181171 -0.000160468 0.00012093 -0.0181171 0.0893133 0.000119274 -3.11585e-05 -0.000160468 0.000119274 0.00990081 -0.0181556 0.00012093 -3.11585e-05 -0.0181556 0.0895574 
0.00985552 -0.0181047 -0.000145145 0.000112239 -0.0181047 0.0893122 0.000111332 -2.94676e-05 -0.000145145 0.000111332 0.00990516 -0.0181531 0.000112239 -2.94676e-05 -0.0181531 0.0895456 
0.00983871 -0.0181121 -0.000142568 8.70773e-05 -0.0181121 0.0893845 8.82956e-05 1.72434e-05 -0.000142568 8.82956e-05 0.00993783 -0.0181744 8.70773e-05 1.72434e-05 -0.0181744 0.0896331 
0.00984586 -0.0181222 -0.000129013 8.33526e-05 -0.0181222 0.0895484 8.67413e-05 4.30693e-05 -0.000129013 8.67413e-05 0.0099715 -0.0182536 8.33526e-05 4.30693e-05 -0.0182536 0.0899208 
0.00983228 -0.0180774 -0.000128227 6.9599e-05 -0.0180774 0.0893853 7.46156e-05 6.61273e-05 -0.000128227 7.46156e-05 0.00997151 -0.0182532 6.9599e-05 6.61273e-05 -0.0182532 0.089905 
0.00981307 -0.0179799 -0.000156089 7.87207e-05 -0.0179799 0.0889164 8.52988e-05 4.6064e-05 -0.000156089 8.52988e-05 0.00992243 -0.0181963 7.87207e-05 4.6064e-05 -0.0181963 0.0895887 
0.00984142 -0.0180009 -0.000154844 0.00010488 -0.0180009 0.0888937 0.000113456 1.94919e-06 -0.000154844 0.000113456 0.00990304 -0.0181881 0.00010488 1.94919e-06 -0.0181881 0.0895925 
0.00984116 -0.0180419 -0.000138246 0.000107641 -0.0180419 0.088959 0.000113704 -2.71829e-05 -0.000138246 0.000113704 0.00989373 -0.0181616 0.000107641 -2.71829e-05 -0.0181616 0.0895453 
0.00981775 -0.0180545 -0.000142575 7.97151e-05 -0.0180545 0.0890428 8.04486e-05 2.5258e-05 -0.000142575 8.04486e-05 0.00990271 -0.0181554 7.97151e-05 2.5258e-05 -0.0181554 0.0895333 
0.00978831 -0.0179829 -0.000133503 8.33045e-05 -0.0179829 0.0888243 7.8814e-05 5.51963e-05 -0.000133503 7.8814e-05 0.00987444 -0.0181253 8.33045e-05 5.51963e-05 -0.0181253 0.089345 
0.00979246 -0.0179898 -0.00013019 7.86205e-05 -0.0179898 0.0888761 7.00624e-05 6.95762e-05 -0.00013019 7.00624e-05 0.009874 -0.0181316 7.86205e-05 6.95762e-05 -0.0181316 0.0894185 
0.0097776 -0.0179569 -0.000114778 7.19603e-05 -0.0179569 0.0887108 6.20505e-05 9.37458e-05 -0.000114778 6.20505e-05 0.009851 -0.0180748 7.19603e-05 9.37458e-05 -0.0180748 0.0891918 
0.00981268 -0.0179942 -0.000101659 5.34166e-05 -0.0179942 0.0888817 4.51104e-05 0.000128891 -0.000101659 4.51104e-05 0.00985725 -0.0180993 5.34166e-05 0.000128891 -0.0180993 0.0893072 
0.00981186 -0.0180003 -0.000110309 4.09842e-05 -0.0180003 0.0888432 3.43689e-05 0.000155733 -0.000110309 3.43689e-05 0.00985249 -0.0180664 4.09842e-05 0.000155733 -0.0180664 0.0891796 
0.00981547 -0.0179844 -0.000114743 4.73576e-05 -0.0179844 0.0887632 4.37545e-05 0.000157587 -0.000114743 4.37545e-05 0.00983827 -0.0180578 4.73576e-05 0.000157587 -0.0180578 0.0890842 
0.00985695 -0.018107 -0.00012318 5.36138e-05 -0.018107 0.0892983 5.27646e-05 0.000140742 -0.00012318 5.27646e-05 0.00989632 -0.0181493 5.36138e-05 0.000140742 -0.0181493 0.0895627 
0.00992093 -0.018245 -0.000114348 6.22449e-05 -0.018245 0.0900454 6.42008e-05 0.000118312 -0.000114348 6.42008e-05 0.00996935 -0.0183018 6.22449e-05 0.000118312 -0.0183018 0.0902972 
0.00949222 -0.0174467 -8.28615e-05 5.32513e-05 -0.0174467 0.0861883 5.45162e-05 0.00010818 -8.28615e-05 5.45162e-05 0.00954385 -0.0175189 5.32513e-05 0.00010818 -0.0175189 0.0864687 
0.00989099 -0.0182061 -0.000113503 2.73525e-05 -0.0182061 0.089967 2.54985e-05 0.000154192 -0.000113503 2.54985e-05 0.00998877 -0.018288 2.73525e-05 0.000154192 -0.018288 0.0902879 
0.00985319 -0.0180859 -0.000154044 6.20844e-05 -0.0180859 0.0894592 5.74682e-05 0.000123912 -0.000154044 5.74682e-05 0.00994646 -0.0182269 6.20844e-05 0.000123912 -0.0182269 0.0898868 
0.00983502 -0.0180263 -0.000195988 0.000109121 -0.0180263 0.0891054 0.000105867 2.93675e-05 -0.000195988 0.000105867 0.00992414 -0.0181812 0.000109121 2.93675e-05 -0.0181812 0.0896323 
0.0098433 -0.0180216 -0.000203714 0.000160729 -0.0180216 0.0889867 0.000158198 -9.43322e-05 -0.000203714 0.000158198 0.00990609 -0.0181624 0.000160729 -9.43322e-05 -0.0181624 0.0895134 
0.00984323 -0.0180605 -0.000213107 0.000177289 -0.0180605 0.0890642 0.000173562 -0.000179272 -0.000213107 0.000173562 0.00989185 -0.0181482 0.000177289 -0.000179272 -0.0181482 0.0894821 
0.00983999 -0.0180696 -0.000198493 0.000181621 -0.0180696 0.0891538 0.000178816 -0.000205162 -0.000198493 0.000178816 0.00989609 -0.0181574 0.000181621 -0.000205162 -0.0181574 0.0895381 
0.00981703 -0.0180098 -0.000176369 0.000161019 -0.0180098 0.0889215 0.000160965 -0.000181412 -0.000176369 0.000160965 0.0098666 -0.0181199 0.000161019 -0.000181412 -0.0181199 0.0893487 
0.00980911 -0.0180052 -0.000176656 0.000133758 -0.0180052 0.0888761 0.000136984 -0.00012945 -0.000176656 0.000136984 0.00984699 -0.0180978 0.000133758 -0.00012945 -0.0180978 0.0892901 
0.00982323 -0.0180102 -0.00018719 0.00013145 -0.0180102 0.0889092 0.000138856 -0.000104207 -0.00018719 0.000138856 0.00984261 -0.0180825 0.00013145 -0.000104207 -0.0180825 0.0892728 
0.00983486 -0.0180099 -0.000212166 0.000141449 -0.0180099 0.0888585 0.000154621 -0.000118474 -0.000212166 0.000154621 0.00982929 -0.0180526 0.000141449 -0.000118474 -0.0180526 0.0891441 
0.00986885 -0.0180514 -0.000241458 0.000167035 -0.0180514 0.0889834 0.0001811 -0.000162775 -0.000241458 0.0001811 0.00983362 -0.0180564 0.000167035 -0.000162775 -0.0180564 0.0891655 
0.00988708 -0.0181123 -0.000215419 0.00019828 -0.0181123 0.0891869 0.000206838 -0.000217615 -0.000215419 0.000206838 0.00984839 -0.018072 0.00019828 -0.000217615 -0.018072 0.0892428 
0.00992828 -0.0181952 -0.000181493 0.000168193 -0.0181952 0.0895966 0.000167197 -0.000181877 -0.000181493 0.000167197 0.00988742 -0.0181424 0.000168193 -0.000181877 -0.0181424 0.0895673 
0.00993723 -0.018231 -0.000148611 0.000120895 -0.018231 0.0897709 0.00011181 -6.27346e-05 -0.000148611 0.00011181 0.00990575 -0.0181651 0.000120895 -6.27346e-05 -0.0181651 0.0896808 
0.00993536 -0.0182688 -0.000121835 8.35076e-05 -0.0182688 0.0900014 7.20694e-05 4.98543e-05 -0.000121835 7.20694e-05 0.00995082 -0.018218 8.35076e-05 4.98543e-05 -0.018218 0.089915 
0.00988934 -0.0181769 -0.000143553 5.46061e-05 -0.0181769 0.089692 4.54663e-05 0.000129662 -0.000143553 4.54663e-05 0.00994911 -0.0182116 5.46061e-05 0.000129662 -0.0182116 0.0897772 
0.00983994 -0.0180634 -0.000163592 8.04185e-05 -0.0180634 0.0892028 7.25181e-05 0.000118549 -0.000163592 7.25181e-05 0.00991676 -0.0181724 8.04185e-05 0.000118549 -0.0181724 0.0895129 
0.00983983 -0.018059 -0.00015758 0.0001051 -0.018059 0.0891695 9.71541e-05 6.54988e-05 -0.00015758 9.71541e-05 0.00992003 -0.018192 0.0001051 6.54988e-05 -0.018192 0.0896134 
0.00986473 -0.0180993 -0.000164941 0.000106216 -0.0180993 0.0893439 9.75611e-05 3.05235e-05 -0.000164941 9.75611e-05 0.00993304 -0.0182211 0.000106216 3.05235e-05 -0.0182211 0.0897957 
0.00985833 -0.0181128 -0.000168154 0.000102401 -0.0181128 0.0893947 9.84313e-05 3.73344e-05 -0.000168154 9.84313e-05 0.00994099 -0.0182195 0.000102401 3.73344e-05 -0.0182195 0.0898143 
0.00986478 -0.0181332 -0.000163334 0.000103977 -0.0181332 0.0895353 0.000104301 3.50514e-05 -0.000163334 0.000104301 0.00996095 -0.0182468 0.000103977 3.50514e-05 -0.0182468 0.0899335 
0.00985905 -0.0181362 -0.000168706 9.96284e-05 -0.0181362 0.089591 0.000102102 3.60252e-05 -0.000168706 0.000102102 0.00997416 -0.0182682 9.96284e-05 3.60252e-05 -0.0182682 0.0900151 
0.00983499 -0.0180632 -0.000192704 0.000112655 -0.0180632 0.0892983 0.000111171 1.52678e-05 -0.000192704 0.000111171 0.00993952 -0.0182305 0.000112655 1.52678e-05 -0.0182305 0.0898025 
0.00982837 -0.0180127 -0.000199133 0.000142777 -0.0180127 0.0890277 0.000138495 -3.94301e-05 -0.000199133 0.000138495 0.00988839 -0.0181796 0.000142777 -3.94301e-05 -0.0181796 0.0895839 
0.00984986 -0.0180375 -0.000182854 0.000156841 -0.0180375 0.0890626 0.000151108 -9.2027e-05 -0.000182854 0.000151108 0.00984954 -0.0181522 0.000156841 -9.2027e-05 -0.0181522 0.0895595 
0.0098727 -0.0181076 -0.000190767 0.00014163 -0.0181076 0.0893288 0.000133808 -9.24761e-05 -0.000190767 0.000133808 0.0098419 -0.0181351 0.00014163 -9.24761e-05 -0.0181351 0.0896381 
0.00985812 -0.0180992 -0.000173878 0.000152384 -0.0180992 0.0893116 0.000144854 -0.000103716 -0.000173878 0.000144854 0.00981721 -0.0180789 0.000152384 -0.000103716 -0.0180789 0.089446 
0.00985423 -0.0180568 -0.000175557 0.000139825 -0.0180568 0.0891521 0.00013302 -0.000106609 -0.000175557 0.00013302 0.00978795 -0.018019 0.000139825 -0.000106609 -0.018019 0.0891821 
0.00984943 -0.0180337 -0.000173872 0.000140903 -0.0180337 0.0889672 0.00013775 -0.00010986 -0.000173872 0.00013775 0.00976144 -0.0179512 0.000140903 -0.00010986 -0.0179512 0.0888743 
0.00980981 -0.0179922 -0.000159019 0.000134726 -0.0179922 0.0886906 0.000139042 -0.000112691 -0.000159019 0.000139042 0.0097319 -0.0178741 0.000134726 -0.000112691 -0.0178741 0.0884746 
0.0098121 -0.0180201 -0.000151284 0.000111104 -0.0180201 0.088851 0.000119955 -7.69348e-05 -0.000151284 0.000119955 0.00975623 -0.0179086 0.000111104 -7.69348e-05 -0.0179086 0.0885878 
0.00980505 -0.018034 -0.000135426 9.6948e-05 -0.018034 0.0889786 0.000109014 -3.50628e-05 -0.000135426 0.000109014 0.00977534 -0.0179514 9.6948e-05 -3.50628e-05 -0.0179514 0.0887481 
0.0097541 -0.0179467 -0.000108158 7.34406e-05 -0.0179467 0.0886556 8.33977e-05 2.56978e-05 -0.000108158 8.33977e-05 0.00976853 -0.0179186 7.34406e-05 2.56978e-05 -0.0179186 0.0885572 
0.00972716 -0.0178803 -0.000118286 4.81331e-05 -0.0178803 0.0883909 5.21191e-05 8.81361e-05 -0.000118286 5.21191e-05 0.00975518 -0.0179044 4.81331e-05 8.81361e-05 -0.0179044 0.0884326 
0.0097368 -0.0178722 -0.000134366 6.20131e-05 -0.0178722 0.0883613 6.09297e-05 9.85611e-05 -0.000134366 6.09297e-05 0.00975317 -0.01793 6.20131e-05 9.85611e-05 -0.01793 0.0885385 
0.00973507 -0.0179051 -0.000162303 9.58772e-05 -0.0179051 0.0884813 8.78074e-05 3.5207e-05 -0.000162303 8.78074e-05 0.00977884 -0.0179544 9.58772e-05 3.5207e-05 -0.0179544 0.0887075 
0.0097153 -0.0178706 -0.000175158 0.000134098 -0.0178706 0.088359 0.000121296 -5.34452e-05 -0.000175158 0.000121296 0.00977519 -0.0179354 0.000134098 -5.34452e-05 -0.0179354 0.0885992 
0.00968376 -0.0177907 -0.000155586 0.000155243 -0.0177907 0.0879985 0.000139663 -0.000131392 -0.000155586 0.000139663 0.00973852 -0.0178834 0.000155243 -0.000131392 -0.0178834 0.088302 
0.00965515 -0.0177568 -0.000129197 0.000127283 -0.0177568 0.0877961 0.000114967 -0.000116116 -0.000129197 0.000114967 0.00971853 -0.017842 0.000127283 -0.000116116 -0.017842 0.0881163 
0.00967684 -0.0178196 -0.000119533 8.06947e-05 -0.0178196 0.0881451 7.91884e-05 -2.39422e-05 -0.000119533 7.91884e-05 0.00976311 -0.017925 8.06947e-05 -2.39422e-05 -0.017925 0.0885065 
0.00970979 -0.0178584 -0.000119501 5.90915e-05 -0.0178584 0.0884028 6.23473e-05 5.65167e-05 -0.000119501 6.23473e-05 0.00979649 -0.0179895 5.90915e-05 5.65167e-05 -0.0179895 0.0888179 
0.00972914 -0.017887 -0.000118172 5.65502e-05 -0.017887 0.0885252 6.12169e-05 9.29001e-05 -0.000118172 6.12169e-05 0.00981801 -0.0180157 5.65502e-05 9.29001e-05 -0.0180157 0.0889588 
0.00975389 -0.0179056 -0.000132855 5.38329e-05 -0.0179056 0.088597 5.81691e-05 0.000111812 -0.000132855 5.81691e-05 0.00983406 -0.018037 5.38329e-05 0.000111812 -0.018037 0.0890347 
0.00977237 -0.0179112 -0.000154023 7.54089e-05 -0.0179112 0.0885634 7.79178e-05 8.49741e-05 -0.000154023 7.79178e-05 0.00983087 -0.0180417 7.54089e-05 8.49741e-05 -0.0180417 0.0890143 
0.0098408 -0.0180097 -0.000170169 0.000101044 -0.0180097 0.0889487 0.000102413 3.227e-05 -0.000170169 0.000102413 0.00984543 -0.0181126 0.000101044 3.227e-05 -0.0181126 0.0893616 
0.00986039 -0.0180955 -0.000173696 0.000118058 -0.0180955 0.0892556 0.00012012 -1.41979e-05 -0.000173696 0.00012012 0.00987148 -0.0181276 0.000118058 -1.41979e-05 -0.0181276 0.0895322 
0.00984417 -0.0180782 -0.000149566 0.000121137 -0.0180782 0.089215 0.000121675 -3.41881e-05 -0.000149566 0.000121675 0.00986157 -0.0181055 0.000121137 -3.41881e-05 -0.0181055 0.0893999 
0.00985579 -0.0180593 -0.000160668 9.12094e-05 -0.0180593 0.0891725 9.01017e-05 1.08201e-05 -0.000160668 9.01017e-05 0.00984036 -0.0181033 9.12094e-05 1.08201e-05 -0.0181033 0.0893686 
0.00988186 -0.0181136 -0.000141263 9.63263e-05 -0.0181136 0.0893636 9.50248e-05 4.1745e-05 -0.000141263 9.50248e-05 0.00985075 -0.0181113 9.63263e-05 4.1745e-05 -0.0181113 0.0894918 
0.00988047 -0.018126 -0.00013232 8.01315e-05 -0.018126 0.0893968 7.72993e-05 6.62605e-05 -0.00013232 7.72993e-05 0.00985232 -0.0180913 8.01315e-05 6.62605e-05 -0.0180913 0.089416 
0.00988189 -0.0181339 -0.000125564 7.27178e-05 -0.0181339 0.0894464 7.002e-05 8.55669e-05 -0.000125564 7.002e-05 0.00985436 -0.0180924 7.27178e-05 8.55669e-05 -0.0180924 0.0893972 
0.00989875 -0.0181695 -0.000134785 6.90413e-05 -0.0181695 0.0896519 6.24418e-05 9.89792e-05 -0.000134785 6.24418e-05 0.00986316 -0.0181425 6.90413e-05 9.89792e-05 -0.0181425 0.0896189 
0.00989707 -0.0181474 -0.000167718 8.49652e-05 -0.0181474 0.0895679 7.1542e-05 8.14637e-05 -0.000167718 7.1542e-05 0.00984358 -0.0181105 8.49652e-05 8.14637e-05 -0.0181105 0.0895278 
0.00986492 -0.0180654 -0.000197154 0.000122856 -0.0180654 0.0891443 0.000108338 1.55548e-05 -0.000197154 0.000108338 0.00978575 -0.0180118 0.000122856 1.55548e-05 -0.0180118 0.0890775 
0.00985216 -0.0180684 -0.000217238 0.000158989 -0.0180684 0.0890749 0.000150877 -8.16518e-05 -0.000217238 0.000150877 0.00976471 -0.0179581 0.000158989 -8.16518e-05 -0.0179581 0.0888732 
0.00980303 -0.0180055 -0.00020779 0.000182077 -0.0180055 0.0887836 0.000175364 -0.00016029 -0.00020779 0.000175364 0.00972918 -0.0178801 0.000182077 -0.00016029 -0.0178801 0.0884897 
0.00977984 -0.0179888 -0.000184251 0.000173493 -0.0179888 0.0887708 0.000166174 -0.000177608 -0.000184251 0.000166174 0.00974143 -0.0178821 0.000173493 -0.000177608 -0.0178821 0.0884695 
0.00974841 -0.0179234 -0.000191682 0.000142565 -0.0179234 0.0885452 0.00013795 -0.000130787 -0.000191682 0.00013795 0.0097333 -0.0178702 0.000142565 -0.000130787 -0.0178702 0.0883424 
0.00974528 -0.0178835 -0.000198147 0.000148339 -0.0178835 0.0883949 0.000150216 -0.000119896 -0.000198147 0.000150216 0.00971493 -0.0178753 0.000148339 -0.000119896 -0.0178753 0.0883297 
0.00969416 -0.0178069 -0.00018827 0.000152679 -0.0178069 0.0879564 0.000159874 -0.000134871 -0.00018827 0.000159874 0.00967619 -0.0177722 0.000152679 -0.000134871 -0.0177722 0.0878985 
0.00968242 -0.0177931 -0.00016977 0.000147046 -0.0177931 0.0879009 0.00015659 -0.000145653 -0.00016977 0.00015659 0.00967998 -0.0177705 0.000147046 -0.000145653 -0.0177705 0.0878475 
0.00965325 -0.0177592 -0.000142311 0.000124154 -0.0177592 0.0877535 0.00013489 -0.000112956 -0.000142311 0.00013489 0.00969147 -0.0177601 0.000124154 -0.000112956 -0.0177601 0.0877495 
0.00968123 -0.0178387 -0.000120569 8.64672e-05 -0.0178387 0.088206 9.08742e-05 -2.28242e-05 -0.000120569 9.08742e-05 0.00976032 -0.0178975 8.64672e-05 -2.28242e-05 -0.0178975 0.0883216 
0.00965198 -0.0177495 -0.000122695 6.65374e-05 -0.0177495 0.087871 5.80013e-05 5.60865e-05 -0.000122695 5.80013e-05 0.00973589 -0.0178725 6.65374e-05 5.60865e-05 -0.0178725 0.0881609 
0.00965381 -0.0177285 -0.00012794 7.70232e-05 -0.0177285 0.0877462 6.30449e-05 6.85965e-05 -0.00012794 6.30449e-05 0.00970865 -0.0178629 7.70232e-05 6.85965e-05 -0.0178629 0.088133 
0.00969733 -0.0177602 -0.000125375 8.5301e-05 -0.0177602 0.0878455 7.61907e-05 4.61982e-05 -0.000125375 7.61907e-05 0.00967714 -0.0178607 8.5301e-05 4.61982e-05 -0.0178607 0.0882144 
0.00972879 -0.0178302 -0.000113215 8.49477e-05 -0.0178302 0.0880408 7.82316e-05 2.71524e-05 -0.000113215 7.82316e-05 0.00966307 -0.0178211 8.49477e-05 2.71524e-05 -0.0178211 0.0882029 
0.00974531 -0.017899 -0.000123886 7.22919e-05 -0.017899 0.088315 5.92155e-05 4.64796e-05 -0.000123886 5.92155e-05 0.00967209 -0.0178027 7.22919e-05 4.64796e-05 -0.0178027 0.0881979 
0.00975145 -0.0179372 -0.000160008 8.53416e-05 -0.0179372 0.0885537 6.99901e-05 4.07178e-05 -0.000160008 6.99901e-05 0.00970301 -0.0178255 8.53416e-05 4.07178e-05 -0.0178255 0.0882874 
0.00973338 -0.0178982 -0.00018689 0.000129723 -0.0178982 0.0884436 0.000119056 -4.22602e-05 -0.00018689 0.000119056 0.00970894 -0.0178202 0.000129723 -4.22602e-05 -0.0178202 0.0881814 
0.00972319 -0.017874 -0.000173837 0.000151819 -0.017874 0.0883748 0.000149249 -0.000114333 -0.000173837 0.000149249 0.00972483 -0.0178539 0.000151819 -0.000114333 -0.0178539 0.0882507 
0.00972365 -0.0178018 -0.000151228 0.000131487 -0.0178018 0.0880362 0.000139857 -0.00012045 -0.000151228 0.000139857 0.00968013 -0.0178211 0.000131487 -0.00012045 -0.0178211 0.0880434 
0.00975383 -0.0178841 -0.000154484 0.000105456 -0.0178841 0.0882623 0.000117682 -8.11669e-05 -0.000154484 0.000117682 0.00969347 -0.0178295 0.000105456 -8.11669e-05 -0.0178295 0.0881881 
0.00978211 -0.0179428 -0.000158706 0.000102507 -0.0179428 0.0885202 0.000107169 -3.62159e-05 -0.000158706 0.000107169 0.00970849 -0.0178546 0.000102507 -3.62159e-05 -0.0178546 0.0883224 
0.00975531 -0.017905 -0.000143268 0.00011209 -0.017905 0.0883367 0.000111132 -3.62245e-05 -0.000143268 0.000111132 0.00969188 -0.017809 0.00011209 -3.62245e-05 -0.017809 0.0880874 
0.00971884 -0.0178842 -0.00012632 9.3343e-05 -0.0178842 0.0882529 9.05797e-05 -8.23238e-06 -0.00012632 9.05797e-05 0.00970605 -0.0177974 9.3343e-05 -8.23238e-06 -0.0177974 0.0879965 
0.00970487 -0.0178563 -0.000109884 6.91136e-05 -0.0178563 0.0882229 6.75723e-05 4.95651e-05 -0.000109884 6.75723e-05 0.00971128 -0.0178291 6.91136e-05 4.95651e-05 -0.0178291 0.0880553 
0.00973374 -0.0178836 -0.000107222 4.77203e-05 -0.0178836 0.0884115 4.83056e-05 0.000108325 -0.000107222 4.83056e-05 0.00973552 -0.0178931 4.77203e-05 0.000108325 -0.0178931 0.0883641 
0.00979618 -0.0179932 -0.000110705 4.16391e-05 -0.0179932 0.0889425 4.23904e-05 0.0001462 -0.000110705 4.23904e-05 0.00979339 -0.0180133 4.16391e-05 0.0001462 -0.0180133 0.0889791 
0.00982622 -0.018043 -0.000142993 4.83586e-05 -0.018043 0.0891782 4.62407e-05 0.000149186 -0.000142993 4.62407e-05 0.00981501 -0.0180554 4.83586e-05 0.000149186 -0.0180554 0.0892309 
0.00982924 -0.0180442 -0.000171676 8.40741e-05 -0.0180442 0.0891723 8.02845e-05 0.000101175 -0.000171676 8.02845e-05 0.0098219 -0.0180446 8.40741e-05 0.000101175 -0.0180446 0.0892068 
0.00983521 -0.0180287 -0.000190229 0.000126192 -0.0180287 0.0890878 0.000123546 -1.47031e-06 -0.000190229 0.000123546 0.00981179 -0.0180357 0.000126192 -1.47031e-06 -0.0180357 0.0891254 
0.00983723 -0.0180198 -0.000188877 0.000145572 -0.0180198 0.0889751 0.000147626 -7.77991e-05 -0.000188877 0.000147626 0.00978063 -0.0180022 0.000145572 -7.77991e-05 -0.0180022 0.0889733 
0.00983009 -0.0179873 -0.000180048 0.000144341 -0.0179873 0.0887448 0.000149445 -0.000109063 -0.000180048 0.000149445 0.00971595 -0.0179198 0.000144341 -0.000109063 -0.0179198 0.0886346 
0.00981185 -0.0180106 -0.000154344 0.000129403 -0.0180106 0.0887542 0.000139426 -9.53879e-05 -0.000154344 0.000139426 0.00970205 -0.0178486 0.000129403 -9.53879e-05 -0.0178486 0.0884198 
0.00978312 -0.0179739 -0.000144738 0.000100878 -0.0179739 0.0886555 0.000112324 -4.73101e-05 -0.000144738 0.000112324 0.00970298 -0.0178195 0.000100878 -4.73101e-05 -0.0178195 0.0882301 
0.0097281 -0.0179204 -0.000157228 9.00771e-05 -0.0179204 0.0884583 9.487e-05 -6.23964e-07 -0.000157228 9.487e-05 0.00973078 -0.0178055 9.00771e-05 -6.23964e-07 -0.0178055 0.0880767 
0.0096901 -0.0178374 -0.000176677 0.000109929 -0.0178374 0.0881955 0.000104802 -6.07008e-06 -0.000176677 0.000104802 0.00974204 -0.0178352 0.000109929 -6.07008e-06 -0.0178352 0.0880276 
0.00966954 -0.0177788 -0.000173878 0.000142454 -0.0177788 0.087957 0.000132093 -6.90082e-05 -0.000173878 0.000132093 0.00975345 -0.0178587 0.000142454 -6.90082e-05 -0.0178587 0.0880466 
0.00970539 -0.0177682 -0.000204202 0.000143414 -0.0177682 0.0879056 0.000134368 -0.000107396 -0.000204202 0.000134368 0.00973192 -0.0179088 0.000143414 -0.000107396 -0.0179088 0.0882181 
0.00974646 -0.0178701 -0.000218871 0.000174187 -0.0178701 0.08821 0.000168 -0.000159813 -0.000218871 0.000168 0.00973 -0.0179189 0.000174187 -0.000159813 -0.0179189 0.0884475 
0.00977595 -0.017964 -0.000209106 0.000183172 -0.017964 0.0886306 0.000176006 -0.000187943 -0.000209106 0.000176006 0.00975791 -0.0179413 0.000183172 -0.000187943 -0.0179413 0.0886742 
0.00977478 -0.0179666 -0.000205193 0.000171746 -0.0179666 0.0887132 0.000162041 -0.000174927 -0.000205193 0.000162041 0.00977932 -0.0179457 0.000171746 -0.000174927 -0.0179457 0.0886818 
0.00976602 -0.0179586 -0.000226427 0.000163403 -0.0179586 0.0887172 0.000153128 -0.0001453 -0.000226427 0.000153128 0.00980803 -0.017968 0.000163403 -0.0001453 -0.017968 0.0887149 
0.00980015 -0.0179788 -0.000245601 0.000188527 -0.0179788 0.0888595 0.000184836 -0.000179708 -0.000245601 0.000184836 0.00982855 -0.0180413 0.000188527 -0.000179708 -0.0180413 0.0889702 
0.00985058 -0.0180769 -0.000213853 0.000205618 -0.0180769 0.0892768 0.000212649 -0.000232436 -0.000213853 0.000212649 0.00986228 -0.0181324 0.000205618 -0.000232436 -0.0181324 0.0894428 
0.00988724 -0.0180993 -0.00019715 0.000164461 -0.0180993 0.0893744 0.000178072 -0.000197034 -0.00019715 0.000178072 0.00984811 -0.018135 0.000164461 -0.000197034 -0.018135 0.0895226 
0.00991869 -0.018185 -0.00018636 0.000137387 -0.018185 0.0896864 0.000150709 -0.000120114 -0.00018636 0.000150709 0.00985517 -0.0181498 0.000137387 -0.000120114 -0.0181498 0.0897053 
0.00986186 -0.0180852 -0.000174373 0.000124633 -0.0180852 0.0891967 0.000135034 -6.98448e-05 -0.000174373 0.000135034 0.00978507 -0.0180042 0.000124633 -6.98448e-05 -0.0180042 0.0890594 
0.00983297 -0.0180212 -0.000186432 0.000117665 -0.0180212 0.0888851 0.000124847 -4.6278e-05 -0.000186432 0.000124847 0.00975143 -0.0179184 0.000117665 -4.6278e-05 -0.0179184 0.0886471 
0.00982689 -0.0180184 -0.000211312 0.000133461 -0.0180184 0.0888356 0.000137274 -5.51643e-05 -0.000211312 0.000137274 0.00974734 -0.0179032 0.000133461 -5.51643e-05 -0.0179032 0.0885339 
0.00982808 -0.0180088 -0.000249513 0.000168417 -0.0180088 0.0887824 0.00017026 -0.000120525 -0.000249513 0.00017026 0.00974257 -0.0178948 0.000168417 -0.000120525 -0.0178948 0.0884591 
0.00982764 -0.0180162 -0.000229602 0.000214426 -0.0180162 0.0887947 0.000214071 -0.000220002 -0.000229602 0.000214071 0.00974526 -0.0179063 0.000214426 -0.000220002 -0.0179063 0.0884864 
0.0098218 -0.0180579 -0.00019263 0.00019135 -0.0180579 0.0889905 0.000192653 -0.000232121 -0.00019263 0.000192653 0.00976796 -0.0179389 0.00019135 -0.000232121 -0.0179389 0.0886596 
0.00978091 -0.0179849 -0.000156165 0.000143787 -0.0179849 0.0887605 0.000146733 -0.000152271 -0.000156165 0.000146733 0.00976507 -0.0179182 0.000143787 -0.000152271 -0.0179182 0.0885201 
0.00975343 -0.0179422 -0.000128998 9.64408e-05 -0.0179422 0.0886191 9.63413e-05 -3.14194e-05 -0.000128998 9.63413e-05 0.00977257 -0.017926 9.64408e-05 -3.14194e-05 -0.017926 0.0885104 
0.00975133 -0.0179459 -0.000144028 6.38388e-05 -0.0179459 0.0887109 6.21167e-05 7.21197e-05 -0.000144028 6.21167e-05 0.00979479 -0.0179879 6.38388e-05 7.21197e-05 -0.0179879 0.0887656 
0.00974876 -0.0179293 -0.000185437 8.87051e-05 -0.0179293 0.088682 8.31491e-05 6.9326e-05 -0.000185437 8.31491e-05 0.00979733 -0.017998 8.87051e-05 6.9326e-05 -0.017998 0.0888444 
