0.00703321 0 -0.000168491 0 0 0.00999246 0 0 -0.000168491 0 0.00711889 0 0 0 0 0.00999246 
0.00996645 -0.0123697 -0.000194362 0.000233006 -0.0123697 0.0328612 0.000233006 -0.000447018 -0.000194362 0.000233006 0.0100267 -0.0124479 0.000233006 -0.000447018 -0.0124479 0.0330112 
0.00975049 -0.0181396 -0.000124005 0.000135344 -0.0181396 0.0668639 0.000135344 -0.000385849 -0.000124005 0.000135344 0.00976744 -0.0182105 0.000135344 -0.000385849 -0.0182105 0.0670957 
0.00923076 -0.0178337 -0.000118768 -7.43745e-06 -0.0178337 0.0799888 -8.93014e-06 0.000318658 -0.000118768 -8.93014e-06 0.0092177 -0.0177753 -7.43745e-06 0.000318658 -0.0177753 0.0796578 
0.00923273 -0.0174015 -0.000166492 1.89324e-05 -0.0174015 0.0840238 2.53878e-05 0.000501455 -0.000166492 2.53878e-05 0.0092646 -0.0172352 1.89324e-05 0.000501455 -0.0172352 0.0829635 
0.00946986 -0.0175836 -0.000194954 0.000109941 -0.0175836 0.0866399 0.000122545 0.000261194 -0.000194954 0.000122545 0.00958287 -0.0175142 0.000109941 0.000261194 -0.0175142 0.085643 
0.00943808 -0.0174102 -0.000185233 0.000156679 -0.0174102 0.0862095 0.000168174 -7.39963e-06 -0.000185233 0.000168174 0.00958538 -0.0174934 0.000156679 -7.39963e-06 -0.0174934 0.0857268 
0.00959544 -0.0176217 -0.00016579 0.000155488 -0.0176217 0.087352 0.000163835 -0.000130509 -0.00016579 0.000163835 0.00974299 -0.017784 0.000155488 -0.000130509 -0.017784 0.0873031 
0.00959846 -0.0175931 -0.000162875 0.000129727 -0.0175931 0.0871101 0.000137184 -0.000135881 -0.000162875 0.000137184 0.0097198 -0.0177438 0.000129727 -0.000135881 -0.0177438 0.0872147 
0.00968086 -0.0177353 -0.000173075 0.000122174 -0.0177353 0.0876739 0.000126114 -0.000108046 -0.000173075 0.000126114 0.00975512 -0.0178322 0.000122174 -0.000108046 -0.0178322 0.0877074 
0.0096146 -0.0176235 -0.000170188 0.000128582 -0.0176235 0.0870011 0.000130033 -0.000100095 -0.000170188 0.000130033 0.00964189 -0.0176415 0.000128582 -0.000100095 -0.0176415 0.0868465 
0.00959393 -0.0176075 -0.000179725 0.000130564 -0.0176075 0.0868627 0.000131277 -0.000106767 -0.000179725 0.000131277 0.00959035 -0.0175584 0.000130564 -0.000106767 -0.0175584 0.0865049 
0.00955662 -0.0175439 -0.00016021 0.000141297 -0.0175439 0.086553 0.000138679 -0.000119149 -0.00016021 0.000138679 0.00953521 -0.0174532 0.000141297 -0.000119149 -0.0174532 0.0860434 
0.00954498 -0.0175007 -0.00014574 0.000125948 -0.0175007 0.0863655 0.000115967 -0.000102484 -0.00014574 0.000115967 0.00952844 -0.0174139 0.000125948 -0.000102484 -0.0174139 0.0858392 
0.00956995 -0.0175554 -0.000118972 0.00011065 -0.0175554 0.0865819 9.48685e-05 -6.10261e-05 -0.000118972 9.48685e-05 0.00955063 -0.0174716 0.00011065 -6.10261e-05 -0.0174716 0.0860599 
0.00959044 -0.0176002 -9.89064e-05 7.62285e-05 -0.0176002 0.0867719 5.97564e-05 1.21009e-05 -9.89064e-05 5.97564e-05 0.00957298 -0.0174964 7.62285e-05 1.21009e-05 -0.0174964 0.0862055 
0.00961161 -0.0176481 -0.000127544 5.30553e-05 -0.0176481 0.0870152 4.07543e-05 7.22327e-05 -0.000127544 4.07543e-05 0.00961798 -0.0175571 5.30553e-05 7.22327e-05 -0.0175571 0.0864602 
0.0096306 -0.0176956 -0.000143023 7.72009e-05 -0.0176956 0.0872771 7.34964e-05 5.95809e-05 -0.000143023 7.34964e-05 0.00964813 -0.01764 7.72009e-05 5.95809e-05 -0.01764 0.0867914 
0.00959733 -0.0176468 -0.000141911 9.43269e-05 -0.0176468 0.0870626 9.82577e-05 6.65509e-06 -0.000141911 9.82577e-05 0.00961767 -0.017594 9.43269e-05 6.65509e-06 -0.017594 0.0866037 
0.00960385 -0.0176355 -0.00013402 8.47217e-05 -0.0176355 0.0870525 9.29439e-05 6.80479e-06 -0.00013402 9.29439e-05 0.00959709 -0.0175869 8.47217e-05 6.80479e-06 -0.0175869 0.0866031 
0.00958319 -0.0175838 -0.000136498 7.52147e-05 -0.0175838 0.0867815 8.22356e-05 2.87361e-05 -0.000136498 8.22356e-05 0.00956628 -0.0175135 7.52147e-05 2.87361e-05 -0.0175135 0.0863181 
0.0095969 -0.0176077 -0.000148446 8.1702e-05 -0.0176077 0.0868573 8.55178e-05 3.09024e-05 -0.000148446 8.55178e-05 0.00957481 -0.0175173 8.1702e-05 3.09024e-05 -0.0175173 0.0863404 
0.00962499 -0.0176534 -0.000133192 0.000100895 -0.0176534 0.0870612 0.000104858 -6.66457e-06 -0.000133192 0.000104858 0.00958785 -0.0175572 0.000100895 -6.66457e-06 -0.0175572 0.0865141 
0.00965594 -0.0177118 -0.00011304 8.10956e-05 -0.0177118 0.0873251 8.85042e-05 2.97725e-06 -0.00011304 8.85042e-05 0.00961312 -0.0175988 8.10956e-05 2.97725e-06 -0.0175988 0.0867434 
0.00963526 -0.0176725 -0.000103891 5.53225e-05 -0.0176725 0.0871212 6.33416e-05 5.21519e-05 -0.000103891 6.33416e-05 0.00958823 -0.0175507 5.53225e-05 5.21519e-05 -0.0175507 0.0865085 
0.00960041 -0.0176499 -0.000127552 4.59773e-05 -0.0176499 0.086987 4.69231e-05 9.69536e-05 -0.000127552 4.69231e-05 0.00959931 -0.0175111 4.59773e-05 9.69536e-05 -0.0175111 0.0863233 
0.00959978 -0.0176033 -0.000144304 8.37087e-05 -0.0176033 0.0868485 7.16398e-05 6.27886e-05 -0.000144304 7.16398e-05 0.00959535 -0.0175294 8.37087e-05 6.27886e-05 -0.0175294 0.0862698 
0.00959985 -0.017639 -0.000154342 0.000115522 -0.017639 0.0869456 9.63278e-05 -1.3545e-05 -0.000154342 9.63278e-05 0.009623 -0.0175534 0.000115522 -1.3545e-05 -0.0175534 0.0863878 
0.00954161 -0.0175618 -0.000165155 0.000127678 -0.0175618 0.086615 0.000109144 -6.83374e-05 -0.000165155 0.000109144 0.0096195 -0.017511 0.000127678 -6.83374e-05 -0.017511 0.0861097 
0.0095389 -0.0175138 -0.000182087 0.000140639 -0.0175138 0.0864911 0.000128116 -0.000115729 -0.000182087 0.000128116 0.00962225 -0.0175563 0.000140639 -0.000115729 -0.0175563 0.0861857 
0.00956027 -0.0175483 -0.000189298 0.000161374 -0.0175483 0.0866116 0.000154264 -0.000176183 -0.000189298 0.000154264 0.00965163 -0.017602 0.000161374 -0.000176183 -0.017602 0.0864233 
0.00960732 -0.0176407 -0.000179637 0.000166502 -0.0176407 0.0870244 0.000164063 -0.000209318 -0.000179637 0.000164063 0.00970618 -0.0176914 0.000166502 -0.000209318 -0.0176914 0.0868476 
0.00964737 -0.0176978 -0.000128679 0.000149037 -0.0176978 0.087295 0.00015202 -0.000194638 -0.000128679 0.00015202 0.00970807 -0.0177478 0.000149037 -0.000194638 -0.0177478 0.0871022 
0.00969827 -0.0177923 -9.62022e-05 8.86924e-05 -0.0177923 0.0877198 9.08875e-05 -9.12723e-05 -9.62022e-05 9.08875e-05 0.00972711 -0.0178006 8.86924e-05 -9.12723e-05 -0.0178006 0.0874638 
0.00969381 -0.0177748 -8.31094e-05 4.48697e-05 -0.0177748 0.0876298 4.1479e-05 4.08953e-05 -8.31094e-05 4.1479e-05 0.00968772 -0.0177424 4.48697e-05 4.08953e-05 -0.0177424 0.0872697 
0.00966867 -0.0177359 -8.34835e-05 2.76885e-05 -0.0177359 0.0874074 2.46311e-05 0.000119836 -8.34835e-05 2.46311e-05 0.00966291 -0.0176538 2.76885e-05 0.000119836 -0.0176538 0.0869214 
0.00965031 -0.0176771 -9.27653e-05 3.50207e-05 -0.0176771 0.0871245 3.46504e-05 0.000118789 -9.27653e-05 3.46504e-05 0.00959483 -0.0175865 3.50207e-05 0.000118789 -0.0175865 0.0865545 
0.00962531 -0.0176532 -0.000118167 4.48659e-05 -0.0176532 0.0869531 4.2003e-05 0.000103165 -0.000118167 4.2003e-05 0.0095466 -0.0175071 4.48659e-05 0.000103165 -0.0175071 0.0862802 
0.00976638 -0.017958 -0.000138136 8.63389e-05 -0.017958 0.0884693 8.47871e-05 2.09436e-05 -0.000138136 8.47871e-05 0.00973305 -0.0177687 8.63389e-05 2.09436e-05 -0.0177687 0.087657 
0.00975346 -0.0179584 -0.000110888 0.000112544 -0.0179584 0.0885841 0.000112464 -6.72923e-05 -0.000110888 0.000112464 0.00977249 -0.0178294 0.000112544 -6.72923e-05 -0.0178294 0.0878154 
0.00974873 -0.0179073 -0.000119295 8.27702e-05 -0.0179073 0.0884469 8.17638e-05 -6.11026e-05 -0.000119295 8.17638e-05 0.00976615 -0.0178587 8.27702e-05 -6.11026e-05 -0.0178587 0.087863 
0.00951848 -0.0175092 -0.000138823 8.77182e-05 -0.0175092 0.0864549 8.39274e-05 -4.80911e-05 -0.000138823 8.39274e-05 0.00957227 -0.0174764 8.77182e-05 -4.80911e-05 -0.0174764 0.0860115 
0.00972273 -0.0178678 -0.00016151 0.000120745 -0.0178678 0.0882714 0.000113758 -9.83545e-05 -0.00016151 0.000113758 0.00978768 -0.0178736 0.000120745 -9.83545e-05 -0.0178736 0.0879138 
0.00969849 -0.0178288 -0.000180343 0.000145502 -0.0178288 0.088062 0.000140764 -0.000166646 -0.000180343 0.000140764 0.0097836 -0.017851 0.000145502 -0.000166646 -0.017851 0.0877809 
0.00970661 -0.0177979 -0.00015959 0.000162675 -0.0177979 0.0879111 0.000165812 -0.000224994 -0.00015959 0.000165812 0.00972739 -0.0178388 0.000162675 -0.000224994 -0.0178388 0.0876768 
0.00973245 -0.0178334 -0.000123149 0.000129555 -0.0178334 0.0879783 0.000138682 -0.000194566 -0.000123149 0.000138682 0.00969328 -0.0177976 0.000129555 -0.000194566 -0.0177976 0.087652 
0.0097395 -0.0178801 -0.000105039 7.83456e-05 -0.0178801 0.0881163 8.63894e-05 -8.27046e-05 -0.000105039 8.63894e-05 0.00971017 -0.0177535 7.83456e-05 -8.27046e-05 -0.0177535 0.0875736 
0.00976455 -0.0179562 -0.000128059 5.28758e-05 -0.0179562 0.088523 6.08518e-05 1.43733e-05 -0.000128059 6.08518e-05 0.00975523 -0.0178361 5.28758e-05 1.43733e-05 -0.0178361 0.0878869 
0.00973361 -0.0179141 -0.000168706 7.98852e-05 -0.0179141 0.0883874 8.69301e-05 1.21431e-05 -0.000168706 8.69301e-05 0.00976011 -0.0178192 7.98852e-05 1.21431e-05 -0.0178192 0.087771 
0.00974359 -0.0179008 -0.000170536 0.000137192 -0.0179008 0.0884035 0.000143432 -9.54389e-05 -0.000170536 0.000143432 0.00976067 -0.0178652 0.000137192 -9.54389e-05 -0.0178652 0.0879125 
0.00955041 -0.0175228 -0.000147627 0.000137998 -0.0175228 0.0865091 0.000144125 -0.000153174 -0.000147627 0.000144125 0.00953453 -0.0174841 0.000137998 -0.000153174 -0.0174841 0.0860938 
0.00956378 -0.0175488 -0.000124297 0.000113209 -0.0175488 0.086583 0.00011828 -0.000126955 -0.000124297 0.00011828 0.00952958 -0.0174704 0.000113209 -0.000126955 -0.0174704 0.0861229 
0.00976908 -0.017925 -0.000115051 8.47347e-05 -0.017925 0.0884112 8.84981e-05 -5.84177e-05 -0.000115051 8.84981e-05 0.00972425 -0.0178106 8.47347e-05 -5.84177e-05 -0.0178106 0.0878465 
0.00972176 -0.0178678 -0.000106781 6.18871e-05 -0.0178678 0.0881011 6.67479e-05 1.70547e-05 -0.000106781 6.67479e-05 0.00970081 -0.0177291 6.18871e-05 1.70547e-05 -0.0177291 0.0874459 
0.00968538 -0.0177983 -0.000111216 4.43164e-05 -0.0177983 0.0878147 5.39145e-05 7.60943e-05 -0.000111216 5.39145e-05 0.00967867 -0.0176971 4.43164e-05 7.60943e-05 -0.0176971 0.0871931 
0.00964458 -0.0177767 -0.000137722 4.79359e-05 -0.0177767 0.0877228 6.4449e-05 8.63451e-05 -0.000137722 6.4449e-05 0.00968509 -0.0176956 4.79359e-05 8.63451e-05 -0.0176956 0.0871618 
0.00960038 -0.0177087 -0.000146126 8.6983e-05 -0.0177087 0.0875225 9.75566e-05 2.74287e-05 -0.000146126 9.75566e-05 0.009677 -0.0176923 8.6983e-05 2.74287e-05 -0.0176923 0.0870936 
0.00953805 -0.0176204 -0.000150976 0.000110716 -0.0176204 0.0871648 0.000109118 -4.06242e-05 -0.000150976 0.000109118 0.00965583 -0.0176367 0.000110716 -4.06242e-05 -0.0176367 0.0868384 
0.00954412 -0.0175965 -0.000147184 0.0001227 -0.0175965 0.0871572 0.000113061 -8.03748e-05 -0.000147184 0.000113061 0.00965435 -0.0176718 0.0001227 -8.03748e-05 -0.0176718 0.0869731 
0.0095748 -0.0176098 -0.000133972 0.000119137 -0.0176098 0.0872036 0.000108872 -9.00569e-05 -0.000133972 0.000108872 0.00964856 -0.0176797 0.000119137 -9.00569e-05 -0.0176797 0.0870851 
0.00960069 -0.0176439 -0.000120304 0.000102837 -0.0176439 0.0872957 9.63535e-05 -7.27421e-05 -0.000120304 9.63535e-05 0.00965159 -0.0176867 0.000102837 -7.27421e-05 -0.0176867 0.0871766 
0.00959764 -0.0176567 -0.000111771 8.56014e-05 -0.0176567 0.0873156 8.24155e-05 -4.09667e-05 -0.000111771 8.24155e-05 0.00965226 -0.0176843 8.56014e-05 -4.09667e-05 -0.0176843 0.087184 
0.00956935 -0.0176228 -9.73929e-05 7.46863e-05 -0.0176228 0.0871689 7.4405e-05 -1.41235e-05 -9.73929e-05 7.4405e-05 0.00966156 -0.0176569 7.46863e-05 -1.41235e-05 -0.0176569 0.0870492 
0.00954797 -0.0175758 -8.9348e-05 6.14122e-05 -0.0175758 0.0869823 5.95524e-05 1.11103e-05 -8.9348e-05 5.95524e-05 0.00967754 -0.0176536 6.14122e-05 1.11103e-05 -0.0176536 0.0869359 
0.00957823 -0.0176148 -0.0001067 5.00974e-05 -0.0176148 0.0871908 4.75937e-05 4.29109e-05 -0.0001067 4.75937e-05 0.00969918 -0.017752 5.00974e-05 4.29109e-05 -0.017752 0.0872884 
0.00961265 -0.0176784 -0.000101765 6.72877e-05 -0.0176784 0.0874657 6.76135e-05 2.97523e-05 -0.000101765 6.76135e-05 0.00971682 -0.0178012 6.72877e-05 2.97523e-05 -0.0178012 0.087601 
0.00962075 -0.0176833 -9.59317e-05 5.70051e-05 -0.0176833 0.0874768 6.6611e-05 2.55673e-05 -9.59317e-05 6.6611e-05 0.0096899 -0.0177819 5.70051e-05 2.55673e-05 -0.0177819 0.0875702 
0.00958478 -0.017621 -9.61402e-05 4.84232e-05 -0.017621 0.0871352 6.43161e-05 3.34898e-05 -9.61402e-05 6.43161e-05 0.00963413 -0.0176675 4.84232e-05 3.34898e-05 -0.0176675 0.0871162 
0.00956661 -0.017586 -0.000104073 4.86965e-05 -0.017586 0.0869514 6.17709e-05 4.11448e-05 -0.000104073 6.17709e-05 0.00960609 -0.0176009 4.86965e-05 4.11448e-05 -0.0176009 0.0868226 
0.00955619 -0.0175919 -0.000113807 6.8743e-05 -0.0175919 0.086961 7.20901e-05 1.31181e-05 -0.000113807 7.20901e-05 0.0096133 -0.0175871 6.8743e-05 1.31181e-05 -0.0175871 0.0867501 
0.00954704 -0.017566 -0.000109416 8.80069e-05 -0.017566 0.0869012 8.18919e-05 -2.94314e-05 -0.000109416 8.18919e-05 0.00959787 -0.0176009 8.80069e-05 -2.94314e-05 -0.0176009 0.0867405 
0.00953004 -0.0175027 -0.00010354 8.46184e-05 -0.0175027 0.0865935 7.50329e-05 -4.05858e-05 -0.00010354 7.50329e-05 0.00954256 -0.0175296 8.46184e-05 -4.05858e-05 -0.0175296 0.0864519 
0.00950307 -0.017499 -9.81896e-05 7.05634e-05 -0.017499 0.0864934 6.6155e-05 -1.64538e-05 -9.81896e-05 6.6155e-05 0.00953624 -0.0174675 7.05634e-05 -1.64538e-05 -0.0174675 0.0862523 
0.00951071 -0.0174976 -0.000105413 5.97656e-05 -0.0174976 0.0865485 6.56775e-05 3.15233e-06 -0.000105413 6.56775e-05 0.00954179 -0.0174859 5.97656e-05 3.15233e-06 -0.0174859 0.0862776 
0.00952549 -0.0175159 -0.000113952 6.75027e-05 -0.0175159 0.0866259 7.58564e-05 -2.06719e-06 -0.000113952 7.58564e-05 0.00954784 -0.0175055 6.75027e-05 -2.06719e-06 -0.0175055 0.0863671 
0.00955473 -0.0175519 -9.94211e-05 7.63679e-05 -0.0175519 0.0867734 8.15935e-05 -1.32556e-05 -9.94211e-05 8.15935e-05 0.00955251 -0.0175284 7.63679e-05 -1.32556e-05 -0.0175284 0.0864966 
0.00956021 -0.017583 -9.99774e-05 6.851e-05 -0.017583 0.0868798 7.2137e-05 -1.83063e-05 -9.99774e-05 7.2137e-05 0.00957514 -0.0175363 6.851e-05 -1.83063e-05 -0.0175363 0.0865668 
0.00954362 -0.0176044 -0.000104683 7.01959e-05 -0.0176044 0.0870115 7.27203e-05 -1.83125e-05 -0.000104683 7.27203e-05 0.00961638 -0.0175759 7.01959e-05 -1.83125e-05 -0.0175759 0.0867001 
0.00952014 -0.0175662 -0.000109968 7.42712e-05 -0.0175662 0.0869266 7.41622e-05 -2.20599e-05 -0.000109968 7.41622e-05 0.0096155 -0.0175887 7.42712e-05 -2.20599e-05 -0.0175887 0.0866769 
0.00951581 -0.01752 -8.68728e-05 7.90515e-05 -0.01752 0.0867628 7.90623e-05 -3.1377e-05 -8.68728e-05 7.90623e-05 0.00958845 -0.0175769 7.90515e-05 -3.1377e-05 -0.0175769 0.0866095 
0.0095182 -0.0175173 -7.67603e-05 5.72693e-05 -0.0175173 0.0867183 5.18213e-05 -2.43599e-06 -7.67603e-05 5.18213e-05 0.0095812 -0.017567 5.72693e-05 -2.43599e-06 -0.017567 0.0866186 
0.0094974 -0.0174915 -7.90589e-05 4.04847e-05 -0.0174915 0.0865738 2.72909e-05 5.86776e-05 -7.90589e-05 2.72909e-05 0.00957008 -0.0175317 4.04847e-05 5.86776e-05 -0.0175317 0.0864754 
0.00948165 -0.0174705 -9.77964e-05 4.42105e-05 -0.0174705 0.0864865 2.84331e-05 8.1888e-05 -9.77964e-05 2.84331e-05 0.00957275 -0.0175169 4.42105e-05 8.1888e-05 -0.0175169 0.0863874 
0.00947651 -0.017495 -0.00014738 6.91586e-05 -0.017495 0.0866374 5.76322e-05 4.09059e-05 -0.00014738 5.76322e-05 0.00960375 -0.0175692 6.91586e-05 4.09059e-05 -0.0175692 0.0865918 
0.00948618 -0.0174605 -0.000152209 0.000129391 -0.0174605 0.0865668 0.000125081 -8.43699e-05 -0.000152209 0.000125081 0.00957651 -0.0175864 0.000129391 -8.43699e-05 -0.0175864 0.086637 
0.00950305 -0.0174888 -0.000125569 0.000133504 -0.0174888 0.0866279 0.000133192 -0.000154103 -0.000125569 0.000133192 0.00956008 -0.0175627 0.000133504 -0.000154103 -0.0175627 0.0866658 
0.00949274 -0.017466 -0.000109725 0.000106168 -0.017466 0.0864768 0.000105112 -0.00013796 -0.000109725 0.000105112 0.00952758 -0.0174892 0.000106168 -0.00013796 -0.0174892 0.0863917 
0.00947065 -0.0173997 -9.98539e-05 8.56667e-05 -0.0173997 0.0861326 8.5386e-05 -9.2084e-05 -9.98539e-05 8.5386e-05 0.00947949 -0.0174026 8.56667e-05 -9.2084e-05 -0.0174026 0.0859708 
0.00967721 -0.0177771 -8.47098e-05 7.35454e-05 -0.0177771 0.0879206 7.51283e-05 -5.3131e-05 -8.47098e-05 7.51283e-05 0.00965743 -0.0177373 7.35454e-05 -5.3131e-05 -0.0177373 0.0876498 
0.00964758 -0.0177146 -7.08708e-05 5.03612e-05 -0.0177146 0.0875615 4.99461e-05 1.69397e-06 -7.08708e-05 4.99461e-05 0.00959518 -0.0176368 5.03612e-05 1.69397e-06 -0.0176368 0.0871825 
0.00957304 -0.0176076 -8.13086e-05 3.91203e-05 -0.0176076 0.0869633 3.67367e-05 3.76889e-05 -8.13086e-05 3.67367e-05 0.00954079 -0.017475 3.91203e-05 3.76889e-05 -0.017475 0.0864394 
0.00953518 -0.0175771 -8.00393e-05 5.384e-05 -0.0175771 0.0868243 5.04016e-05 2.64168e-05 -8.00393e-05 5.04016e-05 0.00954078 -0.017455 5.384e-05 2.64168e-05 -0.017455 0.0862337 
0.00953974 -0.0176039 -9.7529e-05 4.62125e-05 -0.0176039 0.0870389 4.69608e-05 3.13099e-05 -9.7529e-05 4.69608e-05 0.0095753 -0.0175338 4.62125e-05 3.13099e-05 -0.0175338 0.0865197 
0.0095254 -0.0176042 -9.89867e-05 6.24536e-05 -0.0176042 0.0871159 6.7803e-05 9.30524e-06 -9.89867e-05 6.7803e-05 0.00958727 -0.0175744 6.24536e-05 9.30524e-06 -0.0175744 0.0867009 
0.00951467 -0.0175782 -0.000119011 6.69076e-05 -0.0175782 0.0871017 7.42252e-05 -1.54809e-05 -0.000119011 7.42252e-05 0.0095896 -0.0175959 6.69076e-05 -1.54809e-05 -0.0175959 0.0868246 
0.00948379 -0.0175102 -0.000107018 9.26065e-05 -0.0175102 0.0868214 0.000104193 -6.9953e-05 -0.000107018 0.000104193 0.00958056 -0.0175538 9.26065e-05 -6.9953e-05 -0.0175538 0.0866591 
0.00948647 -0.0174883 -0.000105046 8.52927e-05 -0.0174883 0.0867434 9.47091e-05 -9.25798e-05 -0.000105046 9.47091e-05 0.00958604 -0.0175774 8.52927e-05 -9.25798e-05 -0.0175774 0.0867212 
0.00947995 -0.0174739 -0.00011783 8.27613e-05 -0.0174739 0.0866312 8.40137e-05 -8.00938e-05 -0.00011783 8.40137e-05 0.00957841 -0.0175706 8.27613e-05 -8.00938e-05 -0.0175706 0.0866905 
0.00945138 -0.0174313 -0.000148792 9.95611e-05 -0.0174313 0.0863975 9.966e-05 -0.000101448 -0.000148792 9.966e-05 0.00956275 -0.0175246 9.95611e-05 -0.000101448 -0.0175246 0.0864795 
0.00945641 -0.0174542 -0.000159708 0.00013046 -0.0174542 0.0865136 0.000136635 -0.000160725 -0.000159708 0.000136635 0.00958228 -0.0175565 0.00013046 -0.000160725 -0.0175565 0.0866075 
0.0095123 -0.0175254 -0.000137401 0.000142664 -0.0175254 0.0868895 0.000154266 -0.000213732 -0.000137401 0.000154266 0.00960027 -0.0176406 0.000142664 -0.000213732 -0.0176406 0.0870052 
0.00956087 -0.0176163 -0.000129972 0.000123508 -0.0176163 0.0872677 0.000129846 -0.000204418 -0.000129972 0.000129846 0.00960784 -0.0176745 0.000123508 -0.000204418 -0.0176745 0.0872957 
0.00958091 -0.0176458 -0.00012629 0.000116467 -0.0176458 0.0874109 0.000115147 -0.000174552 -0.00012629 0.000115147 0.00960659 -0.0176682 0.000116467 -0.000174552 -0.0176682 0.0873507 
0.00958746 -0.0176423 -0.000118176 0.000110164 -0.0176423 0.0873742 0.000104708 -0.000145357 -0.000118176 0.000104708 0.00959338 -0.0176327 0.000110164 -0.000145357 -0.0176327 0.087222 
0.00958498 -0.0176338 -0.000114901 9.76179e-05 -0.0176338 0.087285 9.67583e-05 -0.000117435 -0.000114901 9.67583e-05 0.00958988 -0.0175976 9.76179e-05 -0.000117435 -0.0175976 0.0870536 
0.00959966 -0.0176885 -0.000108181 8.80023e-05 -0.0176885 0.0875249 9.31656e-05 -9.25915e-05 -0.000108181 9.31656e-05 0.00962559 -0.0176513 8.80023e-05 -9.25915e-05 -0.0176513 0.0872575 
0.00959268 -0.0176713 -0.000107367 7.9097e-05 -0.0176713 0.0874738 8.5515e-05 -6.91552e-05 -0.000107367 8.5515e-05 0.00962068 -0.017651 7.9097e-05 -6.91552e-05 -0.017651 0.0872108 
0.00958222 -0.0176606 -9.051e-05 7.50668e-05 -0.0176606 0.0874106 8.14474e-05 -4.785e-05 -9.051e-05 8.14474e-05 0.00960671 -0.0176339 7.50668e-05 -4.785e-05 -0.0176339 0.0871351 
0.00960247 -0.0177015 -7.69984e-05 5.74428e-05 -0.0177015 0.0876374 5.78164e-05 -1.05093e-05 -7.69984e-05 5.78164e-05 0.0096321 -0.0176801 5.74428e-05 -1.05093e-05 -0.0176801 0.0873745 
0.00957022 -0.017621 -6.38328e-05 3.75834e-05 -0.017621 0.0872658 3.34341e-05 4.82207e-05 -6.38328e-05 3.34341e-05 0.00960001 -0.0176104 3.75834e-05 4.82207e-05 -0.0176104 0.0870305 
0.00953977 -0.0175628 -5.41865e-05 2.29543e-05 -0.0175628 0.0869471 1.76478e-05 9.62152e-05 -5.41865e-05 1.76478e-05 0.0095792 -0.0175586 2.29543e-05 9.62152e-05 -0.0175586 0.086745 
0.00953579 -0.01757 -4.25237e-05 1.61511e-05 -0.01757 0.086954 1.07627e-05 0.000119862 -4.25237e-05 1.07627e-05 0.00958098 -0.0175684 1.61511e-05 0.000119862 -0.0175684 0.0867569 
0.00950951 -0.0175493 -5.75879e-05 6.81844e-06 -0.0175493 0.0868733 -1.9517e-06 0.000139598 -5.75879e-05 -1.9517e-06 0.00959671 -0.0175606 6.81844e-06 0.000139598 -0.0175606 0.0867085 
0.00950446 -0.017531 -7.09965e-05 2.9791e-05 -0.017531 0.0868717 1.51604e-05 0.000114711 -7.09965e-05 1.51604e-05 0.0096019 -0.0176099 2.9791e-05 0.000114711 -0.0176099 0.0868416 
0.00952602 -0.0175218 -7.77327e-05 4.7055e-05 -0.0175218 0.0868694 3.34647e-05 6.96524e-05 -7.77327e-05 3.34647e-05 0.00957171 -0.0176333 4.7055e-05 6.96524e-05 -0.0176333 0.0869791 
0.00953208 -0.0175281 -0.000113922 4.85612e-05 -0.0175281 0.0868081 4.57087e-05 4.02505e-05 -0.000113922 4.57087e-05 0.00954691 -0.0175707 4.85612e-05 4.02505e-05 -0.0175707 0.086857 
0.00953696 -0.0175297 -0.000109272 8.57644e-05 -0.0175297 0.0867499 9.42875e-05 -3.32658e-05 -0.000109272 9.42875e-05 0.00952883 -0.0175136 8.57644e-05 -3.32658e-05 -0.0175136 0.086639 
0.00956207 -0.0175917 -8.9271e-05 8.30703e-05 -0.0175917 0.086988 9.39102e-05 -7.21491e-05 -8.9271e-05 9.39102e-05 0.00955024 -0.01753 8.30703e-05 -7.21491e-05 -0.01753 0.0867153 
0.0095911 -0.0176667 -9.50908e-05 5.77266e-05 -0.0176667 0.087354 6.65305e-05 -3.63346e-05 -9.50908e-05 6.65305e-05 0.00959431 -0.0175967 5.77266e-05 -3.63346e-05 -0.0175967 0.0869966 
0.00958335 -0.0176478 -0.000121132 6.35166e-05 -0.0176478 0.0873079 6.76172e-05 -1.80544e-05 -0.000121132 6.76172e-05 0.00959885 -0.0176052 6.35166e-05 -1.80544e-05 -0.0176052 0.086976 
0.00959167 -0.0176694 -0.00012576 0.000101015 -0.0176694 0.0874253 9.7795e-05 -6.9477e-05 -0.00012576 9.7795e-05 0.00961401 -0.0176447 0.000101015 -6.9477e-05 -0.0176447 0.0871401 
0.00958538 -0.0176851 -9.70561e-05 0.000110214 -0.0176851 0.0875068 0.000103266 -0.000109557 -9.70561e-05 0.000103266 0.00962929 -0.0176547 0.000110214 -0.000109557 -0.0176547 0.0872144 
0.00962401 -0.0177326 -8.20581e-05 7.35242e-05 -0.0177326 0.0878099 6.90092e-05 -6.69557e-05 -8.20581e-05 6.90092e-05 0.00965445 -0.0177298 7.35242e-05 -6.69557e-05 -0.0177298 0.0875533 
0.00962443 -0.0177225 -8.51554e-05 5.04198e-05 -0.0177225 0.087746 4.68864e-05 -7.80507e-07 -8.51554e-05 4.68864e-05 0.00964515 -0.0177077 5.04198e-05 -7.80507e-07 -0.0177077 0.0874962 
0.00960734 -0.0176962 -6.55531e-05 5.11488e-05 -0.0176962 0.0875778 4.90519e-05 2.66787e-05 -6.55531e-05 4.90519e-05 0.0096196 -0.017655 5.11488e-05 2.66787e-05 -0.017655 0.0872676 
0.00959733 -0.017651 -5.96245e-05 2.80636e-05 -0.017651 0.0873761 2.7382e-05 6.29214e-05 -5.96245e-05 2.7382e-05 0.00958514 -0.01762 2.80636e-05 6.29214e-05 -0.01762 0.0870765 
0.00960715 -0.0176779 -4.82791e-05 2.03801e-05 -0.0176779 0.0874728 1.93655e-05 9.57931e-05 -4.82791e-05 1.93655e-05 0.0095823 -0.0176299 2.03801e-05 9.57931e-05 -0.0176299 0.0871722 
0.0095945 -0.0176656 -4.53187e-05 9.35428e-06 -0.0176656 0.0874138 5.53075e-06 0.000123659 -4.53187e-05 5.53075e-06 0.00957306 -0.0175985 9.35428e-06 0.000123659 -0.0175985 0.0870772 
0.00958503 -0.0176628 -5.69772e-05 4.79894e-06 -0.0176628 0.0874233 2.38093e-06 0.000143401 -5.69772e-05 2.38093e-06 0.0095812 -0.0175947 4.79894e-06 0.000143401 -0.0175947 0.0870631 
0.00955944 -0.0176304 -6.52241e-05 2.52226e-05 -0.0176304 0.0873011 2.30365e-05 0.000108855 -6.52241e-05 2.30365e-05 0.00958422 -0.0175778 2.52226e-05 0.000108855 -0.0175778 0.0869493 
0.00952791 -0.0176025 -9.71815e-05 4.31485e-05 -0.0176025 0.0872196 4.43765e-05 4.75521e-05 -9.71815e-05 4.43765e-05 0.00960964 -0.0175907 4.31485e-05 4.75521e-05 -0.0175907 0.0869462 
0.00952707 -0.0175261 -0.000100515 8.06789e-05 -0.0175261 0.0869441 8.7964e-05 -4.27307e-05 -0.000100515 8.7964e-05 0.00958271 -0.017594 8.06789e-05 -4.27307e-05 -0.017594 0.0868436 
0.00952775 -0.0175176 -7.94325e-05 8.51239e-05 -0.0175176 0.0867695 9.2247e-05 -9.28686e-05 -7.94325e-05 9.2247e-05 0.00954981 -0.0175492 8.51239e-05 -9.28686e-05 -0.0175492 0.0866906 
0.00953777 -0.0175353 -7.1018e-05 4.99873e-05 -0.0175353 0.0867667 5.64076e-05 -4.19897e-05 -7.1018e-05 5.64076e-05 0.0095191 -0.0175124 4.99873e-05 -4.19897e-05 -0.0175124 0.0865746 
0.00949152 -0.0174872 -8.11533e-05 3.78338e-05 -0.0174872 0.0864721 4.27574e-05 1.23882e-05 -8.11533e-05 4.27574e-05 0.00948193 -0.0174049 3.78338e-05 1.23882e-05 -0.0174049 0.0861252 
0.00966102 -0.0177869 -8.29083e-05 5.22411e-05 -0.0177869 0.0880131 5.77409e-05 8.35588e-06 -8.29083e-05 5.77409e-05 0.00965075 -0.017718 5.22411e-05 8.35588e-06 -0.017718 0.0876173 
0.00962395 -0.0177551 -7.62315e-05 5.01624e-05 -0.0177551 0.0878557 5.96606e-05 1.43971e-06 -7.62315e-05 5.96606e-05 0.00964686 -0.0176982 5.01624e-05 1.43971e-06 -0.0176982 0.0874919 
0.00961826 -0.0177795 -5.22197e-05 4.7934e-05 -0.0177795 0.0880574 5.68984e-05 -1.59078e-06 -5.22197e-05 5.68984e-05 0.00968525 -0.0177674 4.7934e-05 -1.59078e-06 -0.0177674 0.0877859 
0.00958416 -0.0177352 -6.50892e-05 2.89313e-05 -0.0177352 0.0879529 3.39466e-05 1.87975e-05 -6.50892e-05 3.39466e-05 0.0097037 -0.0177767 2.89313e-05 1.87975e-05 -0.0177767 0.0878109 
0.00939624 -0.0173716 -7.51864e-05 4.90726e-05 -0.0173716 0.0862758 4.33703e-05 6.39296e-06 -7.51864e-05 4.33703e-05 0.0095305 -0.0175006 4.90726e-05 6.39296e-06 -0.0175006 0.0863594 
0.00943451 -0.0173746 -7.4759e-05 6.72472e-05 -0.0173746 0.0863318 5.0331e-05 -2.46977e-05 -7.4759e-05 5.0331e-05 0.00951373 -0.0175344 6.72472e-05 -2.46977e-05 -0.0175344 0.0865755 
0.00944184 -0.0173795 -6.08654e-05 7.31878e-05 -0.0173795 0.0862278 5.38558e-05 -5.30617e-05 -6.08654e-05 5.38558e-05 0.009482 -0.0174644 7.31878e-05 -5.30617e-05 -0.0174644 0.0864056 
0.00962946 -0.0177281 -5.90403e-05 5.01969e-05 -0.0177281 0.087868 3.6362e-05 -2.60453e-05 -5.90403e-05 3.6362e-05 0.00965175 -0.017741 5.01969e-05 -2.60453e-05 -0.017741 0.0878538 
0.00962563 -0.0177453 -6.77972e-05 4.1851e-05 -0.0177453 0.0879111 3.44749e-05 -1.32454e-07 -6.77972e-05 3.44749e-05 0.00965772 -0.0177283 4.1851e-05 -1.32454e-07 -0.0177283 0.0877579 
0.00944847 -0.0174249 -8.68437e-05 5.66045e-05 -0.0174249 0.0863403 5.70118e-05 -3.30685e-05 -8.68437e-05 5.70118e-05 0.00949141 -0.0174147 5.66045e-05 -3.30685e-05 -0.0174147 0.0861436 
0.00946979 -0.0174737 -8.98856e-05 7.43903e-05 -0.0174737 0.0865887 7.86739e-05 -7.43166e-05 -8.98856e-05 7.86739e-05 0.00952553 -0.0174723 7.43903e-05 -7.43166e-05 -0.0174723 0.0863859 
0.00951453 -0.0175378 -8.47012e-05 7.56153e-05 -0.0175378 0.0869283 7.95555e-05 -9.21507e-05 -8.47012e-05 7.95555e-05 0.00953904 -0.0175497 7.56153e-05 -9.21507e-05 -0.0175497 0.0867389 
0.00951705 -0.0175065 -8.90549e-05 6.95996e-05 -0.0175065 0.0867476 7.30472e-05 -8.58301e-05 -8.90549e-05 7.30472e-05 0.00949316 -0.0174859 6.95996e-05 -8.58301e-05 -0.0174859 0.0865258 
0.00949843 -0.0174787 -0.000102171 7.05488e-05 -0.0174787 0.0865252 7.59814e-05 -7.91299e-05 -0.000102171 7.59814e-05 0.00945255 -0.0173999 7.05488e-05 -7.91299e-05 -0.0173999 0.086191 
0.00949521 -0.0175051 -8.53583e-05 8.7373e-05 -0.0175051 0.0866225 9.27386e-05 -0.00010324 -8.53583e-05 9.27386e-05 0.00945603 -0.017388 8.7373e-05 -0.00010324 -0.017388 0.0861619 
