0.00689237 0 -2.25046e-05 0 0 0.00978288 0 0 -2.25046e-05 0 0.0069817 0 0 0 0 0.00978288 
0.00977783 -0.0121399 5.18597e-06 -4.03982e-06 -0.0121399 0.032247 -4.03982e-06 7.30812e-06 5.18597e-06 -4.03982e-06 0.00986108 -0.0122371 -4.03982e-06 7.30812e-06 -0.0122371 0.0324336 
0.00977104 -0.0182967 2.76598e-05 -2.39593e-05 -0.0182967 0.0674361 -2.39593e-05 7.25643e-05 2.76598e-05 -2.39593e-05 0.00982686 -0.018266 -2.39593e-05 7.25643e-05 -0.018266 0.0672967 
0.00914103 -0.0179113 4.01984e-05 -0.000104118 -0.0179113 0.0805031 -0.000112335 0.000483562 4.01984e-05 -0.000112335 0.00933015 -0.0178191 -0.000104118 0.000483562 -0.0178191 0.0797987 
0.00905685 -0.0171868 1.89187e-05 -0.000123418 -0.0171868 0.0834898 -0.000142072 0.000808036 1.89187e-05 -0.000142072 0.00936296 -0.0172825 -0.000123418 0.000808036 -0.0172825 0.0829183 
0.00929849 -0.017217 -7.08491e-06 -6.7266e-05 -0.017217 0.0852806 -8.76678e-05 0.00070529 -7.08491e-06 -8.76678e-05 0.00959121 -0.0175125 -6.7266e-05 0.00070529 -0.0175125 0.0853051 
0.00950117 -0.0174898 -1.40592e-05 -2.30068e-05 -0.0174898 0.086717 -3.67729e-05 0.000474317 -1.40592e-05 -3.67729e-05 0.00979128 -0.0178223 -2.30068e-05 0.000474317 -0.0178223 0.0871833 
0.00949433 -0.0174722 -1.0703e-05 -1.24793e-05 -0.0174722 0.0865615 -1.60753e-05 0.000307256 -1.0703e-05 -1.60753e-05 0.00977892 -0.0177756 -1.24793e-05 0.000307256 -0.0177756 0.0871225 
0.00953563 -0.0175771 -1.9494e-08 -2.69116e-05 -0.0175771 0.0870228 -2.41158e-05 0.000264812 -1.9494e-08 -2.41158e-05 0.00984208 -0.017838 -2.69116e-05 0.000264812 -0.017838 0.0875011 
0.00942045 -0.0173695 1.57457e-05 -4.90131e-05 -0.0173695 0.0860022 -4.48974e-05 0.00029746 1.57457e-05 -4.48974e-05 0.00971956 -0.0176322 -4.90131e-05 0.00029746 -0.0176322 0.0864134 
0.00958626 -0.0176375 1.32079e-05 -7.11353e-05 -0.0176375 0.0873145 -6.71608e-05 0.000358051 1.32079e-05 -6.71608e-05 0.00984836 -0.0178949 -7.11353e-05 0.000358051 -0.0178949 0.0876899 
0.00956532 -0.017568 1.07456e-05 -7.23284e-05 -0.017568 0.0868527 -6.88713e-05 0.000393645 1.07456e-05 -6.88713e-05 0.0097404 -0.0177587 -7.23284e-05 0.000393645 -0.0177587 0.0870805 
0.00957412 -0.0176148 -8.14579e-06 -6.91068e-05 -0.0176148 0.0869397 -6.84157e-05 0.000405143 -8.14579e-06 -6.84157e-05 0.00971432 -0.0176933 -6.91068e-05 0.000405143 -0.0176933 0.0869131 
0.00957007 -0.0176495 -1.57247e-05 -3.84423e-05 -0.0176495 0.0871014 -3.91863e-05 0.000354048 -1.57247e-05 -3.91863e-05 0.00972207 -0.0176811 -3.84423e-05 0.000354048 -0.0176811 0.0868803 
0.00960927 -0.017682 -1.91113e-05 -2.20639e-05 -0.017682 0.087348 -2.13146e-05 0.000289001 -1.91113e-05 -2.13146e-05 0.00972861 -0.0177368 -2.20639e-05 0.000289001 -0.0177368 0.0871024 
0.00962001 -0.0176566 -1.92175e-05 -1.72757e-05 -0.0176566 0.0871686 -1.75591e-05 0.000255688 -1.92175e-05 -1.75591e-05 0.00966706 -0.017674 -1.72757e-05 0.000255688 -0.017674 0.0868764 
0.00960712 -0.0176309 -1.99773e-05 -2.1059e-05 -0.0176309 0.0869255 -2.34584e-05 0.000255835 -1.99773e-05 -2.34584e-05 0.00960907 -0.0175654 -2.1059e-05 0.000255835 -0.0175654 0.0864858 
0.00953388 -0.0175758 -1.70158e-05 -1.60758e-05 -0.0175758 0.0865994 -1.80431e-05 0.000243682 -1.70158e-05 -1.80431e-05 0.0095881 -0.0174561 -1.60758e-05 0.000243682 -0.0174561 0.0860062 
0.00950155 -0.0175342 -6.59463e-07 -1.94721e-05 -0.0175342 0.0865468 -1.91263e-05 0.000238761 -6.59463e-07 -1.91263e-05 0.0096008 -0.017484 -1.94721e-05 0.000238761 -0.017484 0.0860106 
0.00968187 -0.0178494 2.19541e-06 -3.87159e-05 -0.0178494 0.0882044 -4.09156e-05 0.000271163 2.19541e-06 -4.09156e-05 0.00980124 -0.0178565 -3.87159e-05 0.000271163 -0.0178565 0.0878009 
0.00962672 -0.017787 -2.49236e-06 -4.45618e-05 -0.017787 0.0879202 -4.74428e-05 0.000297879 -2.49236e-06 -4.74428e-05 0.00979752 -0.0178274 -4.45618e-05 0.000297879 -0.0178274 0.0876433 
0.00956751 -0.0177507 -1.06027e-05 -3.6271e-05 -0.0177507 0.0878611 -3.71755e-05 0.000289929 -1.06027e-05 -3.71755e-05 0.00984602 -0.0178707 -3.6271e-05 0.000289929 -0.0178707 0.0877769 
0.00953712 -0.0176696 -2.54214e-06 -2.22537e-05 -0.0176696 0.0877022 -2.07385e-05 0.000252584 -2.54214e-06 -2.07385e-05 0.00986479 -0.017942 -2.22537e-05 0.000252584 -0.017942 0.0879689 
0.00953068 -0.0176118 -1.038e-05 -3.61349e-05 -0.0176118 0.0874547 -3.1135e-05 0.000254523 -1.038e-05 -3.1135e-05 0.00984323 -0.0179272 -3.61349e-05 0.000254523 -0.0179272 0.0879274 
0.00951545 -0.0175515 -4.93805e-06 -3.23943e-05 -0.0175515 0.0871034 -2.59183e-05 0.000259128 -4.93805e-06 -2.59183e-05 0.00979343 -0.0178631 -3.23943e-05 0.000259128 -0.0178631 0.087658 
0.00948539 -0.0175296 -9.56472e-06 -3.49843e-05 -0.0175296 0.0869178 -2.74283e-05 0.000254323 -9.56472e-06 -2.74283e-05 0.0097837 -0.0178087 -3.49843e-05 0.000254323 -0.0178087 0.0874565 
0.00947641 -0.0174747 -2.40099e-05 -2.85916e-05 -0.0174747 0.0866969 -2.4568e-05 0.000247836 -2.40099e-05 -2.4568e-05 0.00976562 -0.0177898 -2.85916e-05 0.000247836 -0.0177898 0.0872973 
0.00953619 -0.0175297 -3.31243e-05 -3.49601e-06 -0.0175297 0.0868998 -5.69184e-06 0.000205211 -3.31243e-05 -5.69184e-06 0.00975144 -0.0178387 -3.49601e-06 0.000205211 -0.0178387 0.0875394 
0.00958289 -0.0176175 -3.12484e-05 1.54368e-05 -0.0176175 0.0871718 8.0215e-06 0.000152172 -3.12484e-05 8.0215e-06 0.0097325 -0.0178291 1.54368e-05 0.000152172 -0.0178291 0.0876629 
0.00961299 -0.0176782 -3.62463e-05 1.52599e-05 -0.0176782 0.0873816 3.34805e-06 0.000134512 -3.62463e-05 3.34805e-06 0.00970776 -0.0177869 1.52599e-05 0.000134512 -0.0177869 0.0876046 
0.0096495 -0.0177583 -4.89932e-05 1.39626e-05 -0.0177583 0.0877493 3.09711e-06 0.000141567 -4.89932e-05 3.09711e-06 0.00973004 -0.017805 1.39626e-05 0.000141567 -0.017805 0.0877708 
0.00965516 -0.0178273 -3.78823e-05 2.71048e-05 -0.0178273 0.0880997 2.01487e-05 0.000121409 -3.78823e-05 2.01487e-05 0.00977799 -0.0178526 2.71048e-05 0.000121409 -0.0178526 0.0880039 
0.00962597 -0.0177879 -6.19282e-06 1.24368e-05 -0.0177879 0.0880461 8.89797e-06 0.000128387 -6.19282e-06 8.89797e-06 0.00980249 -0.0178712 1.24368e-05 0.000128387 -0.0178712 0.0880095 
0.00957443 -0.0176171 2.78319e-06 -2.26738e-05 -0.0176171 0.0872842 -2.37323e-05 0.000180079 2.78319e-06 -2.37323e-05 0.00972993 -0.0177512 -2.26738e-05 0.000180079 -0.0177512 0.0873447 
0.00954939 -0.0175812 -1.54401e-07 -4.26338e-05 -0.0175812 0.0869761 -4.32465e-05 0.00024793 -1.54401e-07 -4.32465e-05 0.00968949 -0.0176892 -4.26338e-05 0.00024793 -0.0176892 0.0870343 
0.00956187 -0.0175858 -1.07695e-05 -3.91852e-05 -0.0175858 0.0869655 -3.89012e-05 0.000268679 -1.07695e-05 -3.89012e-05 0.00966646 -0.0176785 -3.91852e-05 0.000268679 -0.0176785 0.0869892 
0.00958441 -0.0176329 -3.00021e-05 -3.07243e-05 -0.0176329 0.0871311 -2.64435e-05 0.000258982 -3.00021e-05 -2.64435e-05 0.0096592 -0.0176801 -3.07243e-05 0.000258982 -0.0176801 0.087066 
0.00957047 -0.0176812 -4.4412e-05 -5.54666e-06 -0.0176812 0.0873353 2.31054e-07 0.000210648 -4.4412e-05 2.31054e-07 0.00969254 -0.017678 -5.54666e-06 0.000210648 -0.017678 0.0871327 
0.00956864 -0.0176788 -5.82957e-05 1.51921e-05 -0.0176788 0.0874683 1.78297e-05 0.000155469 -5.82957e-05 1.78297e-05 0.00971425 -0.0177289 1.51921e-05 0.000155469 -0.0177289 0.0872838 
0.00957435 -0.0176538 -6.02721e-05 3.74453e-05 -0.0176538 0.0874072 3.55534e-05 9.76286e-05 -6.02721e-05 3.55534e-05 0.00969291 -0.0177311 3.74453e-05 9.76286e-05 -0.0177311 0.0872874 
0.00955785 -0.0176109 -3.96732e-05 4.33091e-05 -0.0176109 0.0871688 3.78985e-05 6.37138e-05 -3.96732e-05 3.78985e-05 0.00966137 -0.0176722 4.33091e-05 6.37138e-05 -0.0176722 0.0870698 
0.00953098 -0.0175094 -2.94628e-05 2.38488e-05 -0.0175094 0.0866301 1.70142e-05 7.56567e-05 -2.94628e-05 1.70142e-05 0.00957097 -0.0175449 2.38488e-05 7.56567e-05 -0.0175449 0.0864806 
0.00966969 -0.0178393 -1.47077e-05 5.80774e-06 -0.0178393 0.0881289 -1.42362e-06 0.000123273 -1.47077e-05 -1.42362e-06 0.00975233 -0.0178003 5.80774e-06 0.000123273 -0.0178003 0.0878433 
0.00960706 -0.0178291 -1.42719e-06 -1.70979e-05 -0.0178291 0.0881619 -1.97772e-05 0.000175523 -1.42719e-06 -1.97772e-05 0.00980286 -0.0178202 -1.70979e-05 0.000175523 -0.0178202 0.0878283 
0.00953797 -0.0177081 -6.88504e-06 -3.54557e-05 -0.0177081 0.0878388 -3.79487e-05 0.000227749 -6.88504e-06 -3.79487e-05 0.00981699 -0.0178494 -3.54557e-05 0.000227749 -0.0178494 0.0877505 
0.00953651 -0.017706 -1.43172e-05 -3.17496e-05 -0.017706 0.087986 -3.47501e-05 0.00024742 -1.43172e-05 -3.47501e-05 0.00987667 -0.0179756 -3.17496e-05 0.00024742 -0.0179756 0.088255 
0.00937544 -0.0173246 -1.73862e-05 -2.19763e-05 -0.0173246 0.0861792 -2.24086e-05 0.000227491 -1.73862e-05 -2.24086e-05 0.00967243 -0.0176672 -2.19763e-05 0.000227491 -0.0176672 0.0867148 
0.00939812 -0.0173872 -2.49309e-05 -1.20379e-05 -0.0173872 0.0863562 -1.15349e-05 0.000195288 -2.49309e-05 -1.15349e-05 0.00968395 -0.0176814 -1.20379e-05 0.000195288 -0.0176814 0.0869129 
0.00938746 -0.0173566 -2.95929e-05 3.27851e-06 -0.0173566 0.0861952 2.46964e-06 0.000151174 -2.95929e-05 2.46964e-06 0.00965 -0.0176238 3.27851e-06 0.000151174 -0.0176238 0.0866789 
0.00937404 -0.0173547 -1.72962e-05 1.03529e-05 -0.0173547 0.0861679 8.8032e-06 0.000121107 -1.72962e-05 8.8032e-06 0.00965449 -0.0176012 1.03529e-05 0.000121107 -0.0176012 0.0865984 
0.00942825 -0.0173463 -1.7518e-05 -5.66308e-06 -0.0173463 0.0861637 -9.51541e-07 0.000125397 -1.7518e-05 -9.51541e-07 0.00960374 -0.0176097 -5.66308e-06 0.000125397 -0.0176097 0.0865918 
0.00947055 -0.0174044 -2.52723e-05 -1.28391e-05 -0.0174044 0.0862237 -3.77561e-06 0.000145945 -2.52723e-05 -3.77561e-06 0.00956605 -0.0175461 -1.28391e-05 0.000145945 -0.0175461 0.0864833 
0.00967468 -0.0177918 -4.29414e-05 -2.25042e-06 -0.0177918 0.0879751 3.61244e-06 0.000143144 -4.29414e-05 3.61244e-06 0.00973249 -0.0178151 -2.25042e-06 0.000143144 -0.0178151 0.0879307 
0.00966762 -0.0178512 -5.5882e-05 1.86081e-05 -0.0178512 0.0881888 1.81875e-05 0.000114995 -5.5882e-05 1.81875e-05 0.00975113 -0.017807 1.86081e-05 0.000114995 -0.017807 0.0878859 
0.00966374 -0.0178487 -5.95045e-05 3.8496e-05 -0.0178487 0.0882966 3.69345e-05 6.80914e-05 -5.95045e-05 3.69345e-05 0.00977182 -0.0178442 3.8496e-05 6.80914e-05 -0.0178442 0.087968 
0.00944961 -0.0174755 -5.73009e-05 4.64115e-05 -0.0174755 0.0864957 4.09221e-05 3.4661e-05 -5.73009e-05 4.09221e-05 0.00958217 -0.0174937 4.64115e-05 3.4661e-05 -0.0174937 0.0862065 
0.00963345 -0.0178086 -4.97033e-05 4.64165e-05 -0.0178086 0.0882265 3.59561e-05 3.12324e-05 -4.97033e-05 3.59561e-05 0.0097813 -0.0178682 4.64165e-05 3.12324e-05 -0.0178682 0.0880189 
0.00961072 -0.017756 -4.19663e-05 3.2956e-05 -0.017756 0.0880139 2.44474e-05 5.19567e-05 -4.19663e-05 2.44474e-05 0.00977102 -0.0178537 3.2956e-05 5.19567e-05 -0.0178537 0.0879357 
0.00939637 -0.0173841 -3.12281e-05 1.54902e-05 -0.0173841 0.0861653 1.34804e-05 8.81794e-05 -3.12281e-05 1.34804e-05 0.00956626 -0.0174864 1.54902e-05 8.81794e-05 -0.0174864 0.086139 
0.00939963 -0.0173775 -3.00579e-05 -4.08371e-07 -0.0173775 0.0861928 4.56966e-07 0.000128626 -3.00579e-05 4.56966e-07 0.00956218 -0.0174949 -4.08371e-07 0.000128626 -0.0174949 0.0862029 
0.00941144 -0.017378 -2.53519e-05 -3.77648e-06 -0.017378 0.086213 -8.76258e-07 0.000148903 -2.53519e-05 -8.76258e-07 0.00956153 -0.0175011 -3.77648e-06 0.000148903 -0.0175011 0.0862697 
0.00961703 -0.017719 -1.81105e-05 -2.5997e-06 -0.017719 0.0878868 4.26551e-06 0.000141305 -1.81105e-05 4.26551e-06 0.00974484 -0.017842 -2.5997e-06 0.000141305 -0.017842 0.0879756 
0.00960898 -0.017688 1.25416e-06 -4.5645e-06 -0.017688 0.0876597 1.90881e-06 0.000130198 1.25416e-06 1.90881e-06 0.00970169 -0.0177929 -4.5645e-06 0.000130198 -0.0177929 0.0877464 
0.00956839 -0.0176694 -1.67535e-06 -2.84859e-05 -0.0176694 0.0874948 -2.26162e-05 0.000162247 -1.67535e-06 -2.26162e-05 0.00969642 -0.0177324 -2.84859e-05 0.000162247 -0.0177324 0.0875186 
0.00952686 -0.0176201 -2.17897e-05 -2.58693e-05 -0.0176201 0.0873205 -2.07495e-05 0.000178216 -2.17897e-05 -2.07495e-05 0.00970335 -0.0177073 -2.58693e-05 0.000178216 -0.0177073 0.0873281 
0.00946672 -0.0175456 -2.73732e-05 -4.23413e-06 -0.0175456 0.0870369 -1.81572e-06 0.000153778 -2.73732e-05 -1.81572e-06 0.00971848 -0.0176947 -4.23413e-06 0.000153778 -0.0176947 0.0871521 
0.00944416 -0.017528 -1.64819e-05 5.39312e-06 -0.017528 0.0870605 4.65339e-06 0.000125544 -1.64819e-05 4.65339e-06 0.00975361 -0.0177645 5.39312e-06 0.000125544 -0.0177645 0.0873532 
0.00945436 -0.0175025 -2.03014e-05 -6.6632e-06 -0.0175025 0.0870505 -7.5914e-06 0.00013267 -2.03014e-05 -7.5914e-06 0.00976078 -0.0178208 -6.6632e-06 0.00013267 -0.0178208 0.0875631 
0.00947017 -0.0175049 -2.50843e-05 -7.62777e-07 -0.0175049 0.0870243 -3.41362e-06 0.000133201 -2.50843e-05 -3.41362e-06 0.00974474 -0.0178221 -7.62777e-07 0.000133201 -0.0178221 0.0876261 
0.00951228 -0.017517 -3.00847e-05 8.75553e-06 -0.017517 0.0870063 6.94879e-06 0.000109627 -3.00847e-05 6.94879e-06 0.00968954 -0.0177865 8.75553e-06 0.000109627 -0.0177865 0.0875465 
0.0095672 -0.0176176 -3.66923e-05 1.03706e-05 -0.0176176 0.0873308 1.06149e-05 9.90833e-05 -3.66923e-05 1.06149e-05 0.00967915 -0.0177731 1.03706e-05 9.90833e-05 -0.0177731 0.0876651 
0.00954386 -0.0176129 -3.38833e-05 1.239e-05 -0.0176129 0.0872251 1.55584e-05 9.61677e-05 -3.38833e-05 1.55584e-05 0.0096596 -0.0176813 1.239e-05 9.61677e-05 -0.0176813 0.0873184 
0.00955907 -0.0176542 -4.41863e-05 1.06332e-05 -0.0176542 0.0874662 1.34941e-05 9.61139e-05 -4.41863e-05 1.34941e-05 0.00968485 -0.017722 1.06332e-05 9.61139e-05 -0.017722 0.0874541 
0.00954987 -0.017644 -4.41284e-05 2.51002e-05 -0.017644 0.0874623 2.67155e-05 7.54009e-05 -4.41284e-05 2.67155e-05 0.00968887 -0.0177342 2.51002e-05 7.54009e-05 -0.0177342 0.0874731 
0.00953197 -0.0175719 -4.05057e-05 2.38793e-05 -0.0175719 0.0871419 2.26048e-05 7.19184e-05 -4.05057e-05 2.26048e-05 0.00963307 -0.0176808 2.38793e-05 7.19184e-05 -0.0176808 0.0872073 
0.00951228 -0.0175 -3.78719e-05 2.12041e-05 -0.0175 0.0867249 1.64285e-05 7.86092e-05 -3.78719e-05 1.64285e-05 0.00956613 -0.0175712 2.12041e-05 7.86092e-05 -0.0175712 0.0867677 
0.00953241 -0.0175563 -3.55634e-05 1.78884e-05 -0.0175563 0.0868971 1.76137e-05 8.10495e-05 -3.55634e-05 1.76137e-05 0.00956977 -0.0175683 1.78884e-05 8.10495e-05 -0.0175683 0.0868228 
0.00950209 -0.017518 -4.16127e-05 1.27864e-05 -0.017518 0.0866966 2.16421e-05 7.8325e-05 -4.16127e-05 2.16421e-05 0.00953833 -0.0175009 1.27864e-05 7.8325e-05 -0.0175009 0.0865108 
0.00948189 -0.0174988 -3.62229e-05 1.93914e-05 -0.0174988 0.0866319 3.21585e-05 6.22006e-05 -3.62229e-05 3.21585e-05 0.00953931 -0.0174835 1.93914e-05 6.22006e-05 -0.0174835 0.0864132 
0.00945617 -0.0174755 -3.10995e-05 1.09807e-05 -0.0174755 0.0865681 2.19226e-05 6.9757e-05 -3.10995e-05 2.19226e-05 0.00955813 -0.0174891 1.09807e-05 6.9757e-05 -0.0174891 0.0863906 
0.00945959 -0.0174542 -2.18359e-05 3.50567e-06 -0.0174542 0.0865294 1.17085e-05 9.31691e-05 -2.18359e-05 1.17085e-05 0.00955718 -0.0175138 3.50567e-06 9.31691e-05 -0.0175138 0.0864316 
0.00953724 -0.0175942 -1.7316e-05 -5.28322e-06 -0.0175942 0.0871787 7.43234e-07 0.000116332 -1.7316e-05 7.43234e-07 0.00961552 -0.0176409 -5.28322e-06 0.000116332 -0.0176409 0.0870881 
0.00956946 -0.0176453 -2.54894e-05 -3.71141e-06 -0.0176453 0.0873984 -3.99297e-06 0.000123505 -2.54894e-05 -3.99297e-06 0.00962293 -0.0176561 -3.71141e-06 0.000123505 -0.0176561 0.087231 
0.00957463 -0.0176921 -1.98519e-05 6.69325e-06 -0.0176921 0.0876089 -1.66917e-07 0.000118672 -1.98519e-05 -1.66917e-07 0.00965594 -0.0176795 6.69325e-06 0.000118672 -0.0176795 0.0873772 
0.0095456 -0.0176214 -2.1064e-05 3.20827e-06 -0.0176214 0.0873521 -5.95387e-06 0.000117916 -2.1064e-05 -5.95387e-06 0.00963819 -0.0176564 3.20827e-06 0.000117916 -0.0176564 0.0871838 
0.00950311 -0.0175459 -1.01732e-05 1.55958e-06 -0.0175459 0.0869867 -2.706e-06 0.000118696 -1.01732e-05 -2.706e-06 0.00960276 -0.0176001 1.55958e-06 0.000118696 -0.0176001 0.0868953 
0.00947361 -0.017522 9.89566e-07 -1.21666e-05 -0.017522 0.0868935 -1.43344e-05 0.000136852 9.89566e-07 -1.43344e-05 0.00961813 -0.0175984 -1.21666e-05 0.000136852 -0.0175984 0.0868843 
0.00946433 -0.0174803 -8.52345e-06 -2.80247e-05 -0.0174803 0.0867743 -3.08805e-05 0.000174649 -8.52345e-06 -3.08805e-05 0.00962163 -0.0176162 -2.80247e-05 0.000174649 -0.0176162 0.0868969 
0.00947094 -0.0174192 -1.24441e-05 -1.34256e-05 -0.0174192 0.0864556 -1.54628e-05 0.000164183 -1.24441e-05 -1.54628e-05 0.00958254 -0.0175705 -1.34256e-05 0.000164183 -0.0175705 0.0866645 
0.00952709 -0.0174929 -1.31446e-05 -4.17182e-06 -0.0174929 0.0866285 -5.20785e-06 0.000134205 -1.31446e-05 -5.20785e-06 0.0095693 -0.0175718 -4.17182e-06 0.000134205 -0.0175718 0.0867323 
0.00955638 -0.0176228 -1.49902e-05 -7.41937e-06 -0.0176228 0.0870944 -1.10589e-05 0.000135719 -1.49902e-05 -1.10589e-05 0.00961236 -0.0175975 -7.41937e-06 0.000135719 -0.0175975 0.0869507 
0.00953898 -0.0176583 -2.02115e-05 -1.18141e-05 -0.0176583 0.0873468 -1.52575e-05 0.000155128 -2.02115e-05 -1.52575e-05 0.00966435 -0.0176422 -1.18141e-05 0.000155128 -0.0176422 0.0870928 
0.00951778 -0.0175995 -1.60048e-05 -1.02848e-05 -0.0175995 0.0872415 -7.62836e-06 0.000159236 -1.60048e-05 -7.62836e-06 0.0096771 -0.0176837 -1.02848e-05 0.000159236 -0.0176837 0.0871397 
0.00951432 -0.0175113 -1.87671e-05 -1.58767e-05 -0.0175113 0.0868462 -8.29067e-06 0.000162406 -1.87671e-05 -8.29067e-06 0.00962878 -0.017644 -1.58767e-05 0.000162406 -0.017644 0.0869094 
0.00952741 -0.0175385 -2.64887e-05 -1.04309e-05 -0.0175385 0.0868241 -1.74909e-06 0.000154565 -2.64887e-05 -1.74909e-06 0.00960954 -0.0176196 -1.04309e-05 0.000154565 -0.0176196 0.0868756 
0.00958011 -0.0176704 -3.39953e-05 -3.54501e-07 -0.0176704 0.0874139 8.38894e-06 0.000133602 -3.39953e-05 8.38894e-06 0.00966786 -0.0177098 -3.54501e-07 0.000133602 -0.0177098 0.0873742 
0.00960854 -0.017731 -3.45156e-05 1.21577e-05 -0.017731 0.0877589 2.16815e-05 0.000100885 -3.45156e-05 2.16815e-05 0.00971041 -0.0177764 1.21577e-05 0.000100885 -0.0177764 0.0876921 
0.00961063 -0.0177573 -2.27048e-05 9.29914e-06 -0.0177573 0.0879462 1.98872e-05 9.48433e-05 -2.27048e-05 1.98872e-05 0.00974715 -0.0178372 9.29914e-06 9.48433e-05 -0.0178372 0.0879524 
0.00961607 -0.0177502 -2.61664e-05 -6.74895e-06 -0.0177502 0.0880005 5.82911e-06 0.000117803 -2.61664e-05 5.82911e-06 0.00976691 -0.0178822 -6.74895e-06 0.000117803 -0.0178822 0.0881388 
0.00962977 -0.0177218 -2.04133e-05 -2.51813e-06 -0.0177218 0.0878775 7.1675e-06 0.000129531 -2.04133e-05 7.1675e-06 0.00974865 -0.0178814 -2.51813e-06 0.000129531 -0.0178814 0.0881338 
0.00944716 -0.0173695 -5.55768e-06 -7.40543e-06 -0.0173695 0.0860245 -6.10644e-06 0.000145621 -5.55768e-06 -6.10644e-06 0.00952831 -0.0174856 -7.40543e-06 0.000145621 -0.0174856 0.0862557 
0.00948664 -0.0174246 -1.63862e-05 -2.88282e-05 -0.0174246 0.0861936 -2.94336e-05 0.000195116 -1.63862e-05 -2.94336e-05 0.00951753 -0.0174737 -2.88282e-05 0.000195116 -0.0174737 0.0862688 
0.0095013 -0.0175166 -3.04114e-05 -1.33893e-05 -0.0175166 0.0865458 -1.45659e-05 0.000195418 -3.04114e-05 -1.45659e-05 0.0095552 -0.0174885 -1.33893e-05 0.000195418 -0.0174885 0.0864065 
0.00953987 -0.0175629 -2.98924e-05 6.92152e-06 -0.0175629 0.0868755 2.75382e-06 0.000158559 -2.98924e-05 2.75382e-06 0.00958216 -0.017567 6.92152e-06 0.000158559 -0.017567 0.0866989 
0.00951556 -0.0175537 -2.03286e-05 4.806e-06 -0.0175537 0.0868289 4.51821e-07 0.000145311 -2.03286e-05 4.51821e-07 0.00959685 -0.0175604 4.806e-06 0.000145311 -0.0175604 0.086682 
0.00951076 -0.0175846 -5.13973e-06 -1.38585e-05 -0.0175846 0.0870652 -1.35237e-05 0.0001754 -5.13973e-06 -1.35237e-05 0.00965632 -0.017637 -1.38585e-05 0.0001754 -0.017637 0.0869947 
0.00950058 -0.0175576 9.01985e-07 -3.21298e-05 -0.0175576 0.0870608 -2.55075e-05 0.000210051 9.01985e-07 -2.55075e-05 0.00968467 -0.017688 -3.21298e-05 0.000210051 -0.017688 0.0871506 
0.0095029 -0.017491 6.48919e-06 -4.1247e-05 -0.017491 0.086791 -3.01734e-05 0.000235751 6.48919e-06 -3.01734e-05 0.00964879 -0.0176833 -4.1247e-05 0.000235751 -0.0176833 0.0870692 
0.00949226 -0.0174626 -4.24278e-06 -4.87967e-05 -0.0174626 0.0865327 -3.61537e-05 0.000253214 -4.24278e-06 -3.61537e-05 0.00961671 -0.017614 -4.87967e-05 0.000253214 -0.017614 0.0868316 
0.00948084 -0.0174449 -1.67997e-05 -3.3639e-05 -0.0174449 0.0863698 -2.39902e-05 0.00023973 -1.67997e-05 -2.39902e-05 0.00959537 -0.0175606 -3.3639e-05 0.00023973 -0.0175606 0.0865929 
0.00946852 -0.017408 -1.54164e-05 -1.41919e-05 -0.017408 0.0861636 -9.20356e-06 0.000201477 -1.54164e-05 -9.20356e-06 0.00956434 -0.0175204 -1.41919e-05 0.000201477 -0.0175204 0.0863645 
0.00950756 -0.0174734 -1.59036e-05 -9.13871e-06 -0.0174734 0.0864451 -1.2554e-05 0.000180401 -1.59036e-05 -1.2554e-05 0.0095876 -0.0175747 -9.13871e-06 0.000180401 -0.0175747 0.0866425 
0.00952074 -0.0174771 -1.82863e-05 -5.80723e-06 -0.0174771 0.0864378 -1.444e-05 0.000173419 -1.82863e-05 -1.444e-05 0.00957188 -0.0175703 -5.80723e-06 0.000173419 -0.0175703 0.0866361 
0.00953998 -0.0174934 -1.13233e-05 -4.6791e-06 -0.0174934 0.0864673 -1.71707e-05 0.000178699 -1.13233e-05 -1.71707e-05 0.00956263 -0.017563 -4.6791e-06 0.000178699 -0.017563 0.0866482 
0.00953956 -0.0175397 -3.99239e-06 -1.31416e-05 -0.0175397 0.086607 -2.52006e-05 0.0001938 -3.99239e-06 -2.52006e-05 0.00958502 -0.0175513 -1.31416e-05 0.0001938 -0.0175513 0.086656 
0.00957541 -0.0176557 -5.05829e-06 -2.96034e-05 -0.0176557 0.0872198 -3.68519e-05 0.000231284 -5.05829e-06 -3.68519e-05 0.00967345 -0.0176766 -2.96034e-05 0.000231284 -0.0176766 0.0872001 
0.00957911 -0.0176453 -4.92477e-06 -2.69542e-05 -0.0176453 0.0872964 -2.66856e-05 0.000232631 -4.92477e-06 -2.66856e-05 0.00971288 -0.0177335 -2.69542e-05 0.000232631 -0.0177335 0.087366 
0.00960545 -0.0177171 -1.414e-06 -2.41377e-05 -0.0177171 0.0876715 -1.91868e-05 0.000217321 -1.414e-06 -1.91868e-05 0.00978182 -0.0178506 -2.41377e-05 0.000217321 -0.0178506 0.0878578 
0.00963422 -0.0176574 -4.20769e-06 -3.40355e-05 -0.0176574 0.0874508 -2.86546e-05 0.000230662 -4.20769e-06 -2.86546e-05 0.00973229 -0.0178485 -3.40355e-05 0.000230662 -0.0178485 0.0877749 
0.00961461 -0.01761 -6.54176e-07 -3.41522e-05 -0.01761 0.0870097 -3.20504e-05 0.000248674 -6.54176e-07 -3.20504e-05 0.00965727 -0.0177154 -3.41522e-05 0.000248674 -0.0177154 0.0872735 
0.00961406 -0.0176432 5.89683e-06 -4.36747e-05 -0.0176432 0.087052 -3.97507e-05 0.000275076 5.89683e-06 -3.97507e-05 0.00963231 -0.0176709 -4.36747e-05 0.000275076 -0.0176709 0.0871302 
0.00962245 -0.0176524 7.26835e-06 -5.39359e-05 -0.0176524 0.0871098 -4.44525e-05 0.000298488 7.26835e-06 -4.44525e-05 0.0096166 -0.0176516 -5.39359e-05 0.000298488 -0.0176516 0.0870687 
0.00964191 -0.0176813 -6.55984e-06 -5.57876e-05 -0.0176813 0.0872156 -4.30442e-05 0.000307296 -6.55984e-06 -4.30442e-05 0.0096148 -0.0176339 -5.57876e-05 0.000307296 -0.0176339 0.087044 
0.00967428 -0.0177411 -2.23422e-05 -3.4667e-05 -0.0177411 0.0874708 -2.10966e-05 0.000272639 -2.23422e-05 -2.10966e-05 0.0096446 -0.0176628 -3.4667e-05 0.000272639 -0.0176628 0.0871902 
0.00969351 -0.0177919 -2.424e-05 -1.51897e-05 -0.0177919 0.0876934 -2.71508e-06 0.000224774 -2.424e-05 -2.71508e-06 0.00966065 -0.0177034 -1.51897e-05 0.000224774 -0.0177034 0.0873449 
0.00971295 -0.0178487 -2.50901e-05 -9.1106e-06 -0.0178487 0.0880006 -3.95024e-06 0.000201176 -2.50901e-05 -3.95024e-06 0.00969007 -0.0177655 -9.1106e-06 0.000201176 -0.0177655 0.0876483 
0.00969557 -0.0178265 -2.27224e-05 -6.86248e-06 -0.0178265 0.0879725 -1.0709e-05 0.000202835 -2.27224e-05 -1.0709e-05 0.00971976 -0.0177797 -6.86248e-06 0.000202835 -0.0177797 0.0877094 
0.00969806 -0.0177766 -2.04751e-05 -1.23852e-05 -0.0177766 0.0878 -2.05113e-05 0.000223148 -2.04751e-05 -2.05113e-05 0.00973015 -0.0178012 -1.23852e-05 0.000223148 -0.0178012 0.0877118 
0.00970887 -0.0178523 -1.0419e-05 -1.49849e-05 -0.0178523 0.0880931 -2.41954e-05 0.000238682 -1.0419e-05 -2.41954e-05 0.0098039 -0.0178937 -1.49849e-05 0.000238682 -0.0178937 0.0881188 
0.0095382 -0.0174977 -1.03152e-05 -2.47844e-05 -0.0174977 0.0864276 -3.28861e-05 0.000251943 -1.03152e-05 -3.28861e-05 0.00961206 -0.0176038 -2.47844e-05 0.000251943 -0.0176038 0.0865795 
0.00955268 -0.0175475 -9.57935e-06 -2.65358e-05 -0.0175475 0.0866263 -2.82713e-05 0.000259719 -9.57935e-06 -2.82713e-05 0.00962938 -0.017638 -2.65358e-05 0.000259719 -0.017638 0.0868278 
0.00955803 -0.0175397 -8.23824e-06 -3.29586e-05 -0.0175397 0.0866134 -2.61385e-05 0.000264198 -8.23824e-06 -2.61385e-05 0.0096249 -0.0176198 -3.29586e-05 0.000264198 -0.0176198 0.0867847 
0.00957576 -0.017558 -9.98241e-06 -3.74461e-05 -0.017558 0.0866845 -2.38297e-05 0.000268828 -9.98241e-06 -2.38297e-05 0.00962059 -0.01763 -3.74461e-05 0.000268828 -0.01763 0.0868356 
0.00961894 -0.0175548 -2.95079e-05 -4.09864e-05 -0.0175548 0.0866231 -2.5002e-05 0.000278038 -2.95079e-05 -2.5002e-05 0.00956996 -0.0175932 -4.09864e-05 0.000278038 -0.0175932 0.0867026 
0.00965016 -0.0176325 -3.82024e-05 -1.74569e-05 -0.0176325 0.0868208 -2.84922e-06 0.000251152 -3.82024e-05 -2.84922e-06 0.00956496 -0.0175774 -1.74569e-05 0.000251152 -0.0175774 0.0867517 
0.00966563 -0.0176439 -3.99703e-05 -2.75381e-06 -0.0176439 0.0868308 1.22231e-05 0.000206726 -3.99703e-05 1.22231e-05 0.00954482 -0.0175355 -2.75381e-06 0.000206726 -0.0175355 0.0865944 
0.00966854 -0.0176613 -1.67059e-05 4.34788e-06 -0.0176613 0.0868464 1.42532e-05 0.000179326 -1.67059e-05 1.42532e-05 0.00953124 -0.0175066 4.34788e-06 0.000179326 -0.0175066 0.0864783 
0.00965964 -0.0176902 1.89234e-06 -1.99044e-05 -0.0176902 0.0869782 -2.19364e-05 0.000218865 1.89234e-06 -2.19364e-05 0.00955086 -0.0175178 -1.99044e-05 0.000218865 -0.0175178 0.086537 
0.00969402 -0.0177007 2.2864e-06 -4.69164e-05 -0.0177007 0.0871214 -5.8453e-05 0.000302782 2.2864e-06 -5.8453e-05 0.00953848 -0.0175652 -4.69164e-05 0.000302782 -0.0175652 0.0867167 
0.00968458 -0.0177131 9.21732e-06 -5.18303e-05 -0.0177131 0.0870976 -6.40718e-05 0.000353372 9.21732e-06 -6.40718e-05 0.00952088 -0.0175136 -5.18303e-05 0.000353372 -0.0175136 0.0866091 
0.00970821 -0.0176681 -1.10844e-05 -6.20348e-05 -0.0176681 0.0869095 -7.09079e-05 0.000381354 -1.10844e-05 -7.09079e-05 0.00947002 -0.0174546 -6.20348e-05 0.000381354 -0.0174546 0.0863394 
0.00971186 -0.017694 -2.77748e-05 -3.82895e-05 -0.017694 0.0868713 -4.14101e-05 0.000350003 -2.77748e-05 -4.14101e-05 0.00946697 -0.0174103 -3.82895e-05 0.000350003 -0.0174103 0.0861954 
0.0097195 -0.0177234 -2.97868e-05 -1.40263e-05 -0.0177234 0.0869973 -1.29825e-05 0.000284249 -2.97868e-05 -1.29825e-05 0.00948313 -0.0174437 -1.40263e-05 0.000284249 -0.0174437 0.0862894 
0.0097619 -0.0177714 -2.40898e-05 -1.18793e-05 -0.0177714 0.0872549 -7.59232e-06 0.000248782 -2.40898e-05 -7.59232e-06 0.00949123 -0.0175073 -1.18793e-05 0.000248782 -0.0175073 0.0865783 
0.00976359 -0.0178155 -6.64672e-06 -2.61365e-05 -0.0178155 0.0874003 -1.44808e-05 0.000257094 -6.64672e-06 -1.44808e-05 0.00951434 -0.0175022 -2.61365e-05 0.000257094 -0.0175022 0.0866588 
0.00973032 -0.0177949 -9.21279e-06 -4.98299e-05 -0.0177949 0.0873502 -3.21697e-05 0.000295385 -9.21279e-06 -3.21697e-05 0.00955358 -0.0174961 -4.98299e-05 0.000295385 -0.0174961 0.0865788 
0.00971324 -0.0177726 -8.26424e-06 -5.00408e-05 -0.0177726 0.0873888 -3.31902e-05 0.000321623 -8.26424e-06 -3.31902e-05 0.00960723 -0.0175996 -5.00408e-05 0.000321623 -0.0175996 0.0868599 
0.00968683 -0.0177503 7.33979e-06 -3.74165e-05 -0.0177503 0.0873524 -2.85285e-05 0.000303345 7.33979e-06 -2.85285e-05 0.00965108 -0.0176525 -3.74165e-05 0.000303345 -0.0176525 0.0870441 
0.00965774 -0.01766 9.53512e-06 -5.36649e-05 -0.01766 0.0870031 -5.46276e-05 0.000329006 9.53512e-06 -5.46276e-05 0.00964641 -0.0176469 -5.36649e-05 0.000329006 -0.0176469 0.0869124 
0.00964056 -0.0175974 7.17827e-06 -5.99617e-05 -0.0175974 0.0866738 -6.51675e-05 0.000364875 7.17827e-06 -6.51675e-05 0.00961941 -0.0176298 -5.99617e-05 0.000364875 -0.0176298 0.0867653 
