0.00727174 0 0.000159623 0 0 0.00995078 0 0 0.000159623 0 0.00680897 0 0 0 0 0.00995078 
0.0102377 -0.0126996 0.000182798 -0.000219642 -0.0126996 0.0334621 -0.000219642 0.000420921 0.000182798 -0.000219642 0.00967106 -0.0120146 -0.000219642 0.000420921 -0.0120146 0.0321489 
0.0101941 -0.0189167 0.000135856 -0.000137183 -0.0189167 0.069528 -0.000137183 0.000396306 0.000135856 -0.000137183 0.00976491 -0.0183424 -0.000137183 0.000396306 -0.0183424 0.0677928 
0.00960373 -0.018326 0.000140679 -9.91548e-06 -0.018326 0.0818686 -1.44114e-05 -0.00027145 0.000140679 -1.44114e-05 0.00921113 -0.0181102 -9.91548e-06 -0.00027145 -0.0181102 0.0816634 
0.00953174 -0.0176009 0.000170131 -4.47613e-05 -0.0176009 0.0842802 -5.57571e-05 -0.00044186 0.000170131 -5.57571e-05 0.00911519 -0.0173713 -4.47613e-05 -0.00044186 -0.0173713 0.0846408 
0.00953998 -0.0173528 0.000177842 -0.000118375 -0.0173528 0.0844844 -0.000129181 -0.000205262 0.000177842 -0.000129181 0.00913364 -0.0170505 -0.000118375 -0.000205262 -0.0170505 0.0846485 
0.00974062 -0.0177059 0.000172491 -0.000155111 -0.0177059 0.0865439 -0.000162973 3.4073e-05 0.000172491 -0.000162973 0.00938993 -0.0173893 -0.000155111 3.4073e-05 -0.0173893 0.0864663 
0.00967009 -0.0175616 0.000166348 -0.00014862 -0.0175616 0.0860924 -0.000152748 0.00013701 0.000166348 -0.000152748 0.00935474 -0.0173118 -0.00014862 0.00013701 -0.0173118 0.0859748 
0.00969213 -0.0176025 0.000149366 -0.000136626 -0.0176025 0.0863874 -0.000134476 0.000140851 0.000149366 -0.000134476 0.00940555 -0.0173872 -0.000136626 0.000140851 -0.0173872 0.0863121 
0.00975288 -0.0177233 0.000131903 -0.00011566 -0.0177233 0.0870298 -0.000110619 0.000102046 0.000131903 -0.000110619 0.00950778 -0.0175538 -0.00011566 0.000102046 -0.0175538 0.0870582 
0.0096544 -0.0176076 0.000122605 -8.82338e-05 -0.0176076 0.0864966 -8.40493e-05 3.5996e-05 0.000122605 -8.40493e-05 0.00950795 -0.0174956 -8.82338e-05 3.5996e-05 -0.0174956 0.0866617 
0.00962703 -0.0175653 0.00013554 -8.089e-05 -0.0175653 0.0864293 -7.21233e-05 -8.45625e-06 0.00013554 -7.21233e-05 0.00953549 -0.017565 -8.089e-05 -8.45625e-06 -0.017565 0.0868152 
0.00962752 -0.0175542 0.00014484 -0.000100692 -0.0175542 0.086453 -8.56071e-05 1.56273e-06 0.00014484 -8.56071e-05 0.00955592 -0.0176271 -0.000100692 1.56273e-06 -0.0176271 0.0870643 
0.00962288 -0.0175501 0.000116127 -0.00011443 -0.0175501 0.0864556 -9.87119e-05 3.55766e-05 0.000116127 -9.87119e-05 0.0095767 -0.0176585 -0.00011443 3.55766e-05 -0.0176585 0.0872227 
0.00967393 -0.0175781 0.000110234 -8.3075e-05 -0.0175781 0.0866244 -7.2217e-05 1.38355e-05 0.000110234 -7.2217e-05 0.00957151 -0.0177207 -8.3075e-05 1.38355e-05 -0.0177207 0.0875036 
0.00971593 -0.0176477 9.99255e-05 -6.44037e-05 -0.0176477 0.086826 -5.83102e-05 -3.99171e-05 9.99255e-05 -5.83102e-05 0.00955958 -0.0177123 -6.44037e-05 -3.99171e-05 -0.0177123 0.0876211 
0.00973291 -0.0176813 9.17565e-05 -4.5667e-05 -0.0176813 0.0868805 -4.57395e-05 -8.71422e-05 9.17565e-05 -4.57395e-05 0.00951194 -0.0176408 -4.5667e-05 -8.71422e-05 -0.0176408 0.0874067 
0.00970038 -0.017613 9.99188e-05 -2.81632e-05 -0.017613 0.0864994 -3.41274e-05 -0.000133342 9.99188e-05 -3.41274e-05 0.00943044 -0.0174932 -2.81632e-05 -0.000133342 -0.0174932 0.0867826 
0.0096352 -0.017525 0.000103268 -4.68197e-05 -0.017525 0.0860346 -5.53008e-05 -0.000108817 0.000103268 -5.53008e-05 0.00938125 -0.0173575 -4.68197e-05 -0.000108817 -0.0173575 0.0861635 
0.00981787 -0.0178573 0.000123332 -6.11765e-05 -0.0178573 0.0877228 -6.95564e-05 -6.18754e-05 0.000123332 -6.95564e-05 0.00956467 -0.0177119 -6.11765e-05 -6.18754e-05 -0.0177119 0.0878427 
0.00978833 -0.0177935 0.000120742 -8.7716e-05 -0.0177935 0.0874317 -9.20703e-05 1.3608e-06 0.000120742 -9.20703e-05 0.00953274 -0.0176616 -8.7716e-05 1.3608e-06 -0.0176616 0.0875885 
0.00984737 -0.0178529 0.0001234 -8.74734e-05 -0.0178529 0.087688 -9.256e-05 3.40275e-05 0.0001234 -9.256e-05 0.00952423 -0.0176959 -8.74734e-05 3.40275e-05 -0.0176959 0.0877941 
0.00985916 -0.0178721 0.000117949 -8.4657e-05 -0.0178721 0.0876522 -9.38531e-05 3.8798e-05 0.000117949 -9.38531e-05 0.00949183 -0.0176281 -8.4657e-05 3.8798e-05 -0.0176281 0.0875894 
0.0099198 -0.0179754 0.000114683 -7.35688e-05 -0.0179754 0.0880996 -8.28213e-05 1.72346e-05 0.000114683 -8.28213e-05 0.00950069 -0.0176788 -7.35688e-05 1.72346e-05 -0.0176788 0.0878761 
0.00989484 -0.0179627 0.000118805 -6.43683e-05 -0.0179627 0.0879789 -7.27514e-05 -1.57219e-05 0.000118805 -7.27514e-05 0.00947505 -0.0175942 -6.43683e-05 -1.57219e-05 -0.0175942 0.087568 
0.00984158 -0.0179063 0.000128717 -7.16164e-05 -0.0179063 0.0877388 -8.40049e-05 -9.79165e-06 0.000128717 -8.40049e-05 0.00946661 -0.017528 -7.16164e-05 -9.79165e-06 -0.017528 0.0872169 
0.00977759 -0.0178055 0.000123182 -8.61564e-05 -0.0178055 0.0873401 -9.57405e-05 1.76048e-05 0.000123182 -9.57405e-05 0.00944971 -0.0174788 -8.61564e-05 1.76048e-05 -0.0174788 0.0868624 
0.00972467 -0.0177062 0.000127909 -8.90191e-05 -0.0177062 0.0869217 -9.18819e-05 3.8169e-05 0.000127909 -9.18819e-05 0.00943052 -0.0174358 -8.90191e-05 3.8169e-05 -0.0174358 0.0865603 
0.00969543 -0.0176368 0.000131943 -9.30564e-05 -0.0176368 0.0866059 -9.12288e-05 4.21064e-05 0.000131943 -9.12288e-05 0.00940176 -0.0174086 -9.30564e-05 4.21064e-05 -0.0174086 0.0863602 
0.00967329 -0.0175812 0.000119767 -0.000102942 -0.0175812 0.0863139 -9.85727e-05 6.28214e-05 0.000119767 -9.85727e-05 0.00936067 -0.0173609 -0.000102942 6.28214e-05 -0.0173609 0.0861355 
0.00968224 -0.0176377 0.000112288 -9.24043e-05 -0.0176377 0.0865457 -8.82114e-05 6.2641e-05 0.000112288 -8.82114e-05 0.00938384 -0.0173914 -9.24043e-05 6.2641e-05 -0.0173914 0.0863485 
0.00966309 -0.0176225 0.000102593 -8.24663e-05 -0.0176225 0.0865484 -7.81587e-05 4.23358e-05 0.000102593 -7.81587e-05 0.00941197 -0.0174045 -8.24663e-05 4.23358e-05 -0.0174045 0.0863949 
0.00967964 -0.0176568 0.000111826 -6.89494e-05 -0.0176568 0.0868038 -6.64272e-05 1.27985e-05 0.000111826 -6.64272e-05 0.00945464 -0.0175017 -6.89494e-05 1.27985e-05 -0.0175017 0.0867783 
0.00968208 -0.0176358 0.000116859 -7.58169e-05 -0.0176358 0.0867835 -7.47226e-05 7.15076e-06 0.000116859 -7.47226e-05 0.00945261 -0.0175407 -7.58169e-05 7.15076e-06 -0.0175407 0.0869452 
0.00966129 -0.0175983 0.000115926 -7.92859e-05 -0.0175983 0.0865713 -7.73093e-05 1.03391e-05 0.000115926 -7.73093e-05 0.00943648 -0.0174826 -7.92859e-05 1.03391e-05 -0.0174826 0.0867581 
0.00965284 -0.0176217 0.000101954 -8.3786e-05 -0.0176217 0.0866621 -8.023e-05 2.26567e-05 0.000101954 -8.023e-05 0.00944583 -0.0174858 -8.3786e-05 2.26567e-05 -0.0174858 0.0867828 
0.0096291 -0.0175899 0.000101096 -6.94144e-05 -0.0175899 0.0865672 -6.71924e-05 1.05303e-05 0.000101096 -6.71924e-05 0.00943824 -0.0174573 -6.94144e-05 1.05303e-05 -0.0174573 0.0866363 
0.0096096 -0.0175531 9.59068e-05 -6.94291e-05 -0.0175531 0.0864396 -6.57853e-05 1.75386e-06 9.59068e-05 -6.57853e-05 0.0094254 -0.0174361 -6.94291e-05 1.75386e-06 -0.0174361 0.0865077 
0.00960022 -0.0175695 7.94055e-05 -6.57668e-05 -0.0175695 0.0865342 -6.0477e-05 -3.58933e-06 7.94055e-05 -6.0477e-05 0.0094445 -0.017447 -6.57668e-05 -3.58933e-06 -0.017447 0.0865769 
0.00959416 -0.0175256 9.28757e-05 -5.3119e-05 -0.0175256 0.0864061 -4.905e-05 -1.20565e-05 9.28757e-05 -4.905e-05 0.00942432 -0.017437 -5.3119e-05 -1.20565e-05 -0.017437 0.0864809 
0.00956565 -0.0174454 9.55631e-05 -6.84232e-05 -0.0174454 0.0859957 -6.67774e-05 8.58857e-06 9.55631e-05 -6.67774e-05 0.00937026 -0.0173527 -6.84232e-05 8.58857e-06 -0.0173527 0.0860963 
0.00978415 -0.0177735 0.000102617 -7.26669e-05 -0.0177735 0.0875505 -7.61095e-05 3.54391e-05 0.000102617 -7.61095e-05 0.00950749 -0.0176539 -7.26669e-05 3.54391e-05 -0.0176539 0.0876315 
0.00978166 -0.0178179 0.00010405 -7.15229e-05 -0.0178179 0.0875687 -8.04242e-05 4.33616e-05 0.00010405 -8.04242e-05 0.00949781 -0.0175932 -7.15229e-05 4.33616e-05 -0.0175932 0.0874629 
0.00977755 -0.0178088 0.00011826 -7.53338e-05 -0.0178088 0.0875327 -8.60781e-05 5.52197e-05 0.00011826 -8.60781e-05 0.00946836 -0.0175696 -7.53338e-05 5.52197e-05 -0.0175696 0.0873051 
0.00978314 -0.0178473 0.000115255 -8.88672e-05 -0.0178473 0.0877183 -9.87939e-05 7.39285e-05 0.000115255 -9.87939e-05 0.00948898 -0.0175876 -8.88672e-05 7.39285e-05 -0.0175876 0.0874391 
0.00977663 -0.01784 0.000106589 -8.32628e-05 -0.01784 0.0877317 -9.32428e-05 7.37293e-05 0.000106589 -9.32428e-05 0.00950495 -0.017589 -8.32628e-05 7.37293e-05 -0.017589 0.0874313 
0.00977133 -0.0178412 0.000103386 -7.5566e-05 -0.0178412 0.0877731 -8.61198e-05 6.1949e-05 0.000103386 -8.61198e-05 0.00952016 -0.0176247 -7.5566e-05 6.1949e-05 -0.0176247 0.0875357 
0.00973203 -0.0178253 0.000110258 -7.6423e-05 -0.0178253 0.0877365 -8.65238e-05 6.25185e-05 0.000110258 -8.65238e-05 0.00954612 -0.0176339 -7.6423e-05 6.25185e-05 -0.0176339 0.0875672 
0.00972293 -0.0177787 0.000110085 -9.42396e-05 -0.0177787 0.08766 -9.75844e-05 9.44063e-05 0.000110085 -9.75844e-05 0.00955392 -0.017671 -9.42396e-05 9.44063e-05 -0.017671 0.0876496 
0.00968628 -0.0176727 0.000107058 -9.78614e-05 -0.0176727 0.0871442 -9.15988e-05 0.000111236 0.000107058 -9.15988e-05 0.00949989 -0.017589 -9.78614e-05 0.000111236 -0.017589 0.0872515 
0.00975502 -0.0177842 0.000115153 -9.59769e-05 -0.0177842 0.0875941 -8.72377e-05 0.000110812 0.000115153 -8.72377e-05 0.00950883 -0.0176536 -9.59769e-05 0.000110812 -0.0176536 0.0876354 
0.00979988 -0.0178867 0.000117849 -0.000102654 -0.0178867 0.0880164 -9.69968e-05 0.000121891 0.000117849 -9.69968e-05 0.00952223 -0.0176706 -0.000102654 0.000121891 -0.0176706 0.0878656 
0.00959577 -0.0175253 0.000118938 -0.000101954 -0.0175253 0.0862525 -9.9184e-05 0.000130504 0.000118938 -9.9184e-05 0.00931901 -0.017277 -0.000101954 0.000130504 -0.017277 0.0859617 
0.00959916 -0.0175479 0.000137331 -0.000105104 -0.0175479 0.0863964 -0.000103147 0.000138464 0.000137331 -0.000103147 0.00934719 -0.0172956 -0.000105104 0.000138464 -0.0172956 0.0860494 
0.00956027 -0.0174908 0.00012503 -0.000125767 -0.0174908 0.0861729 -0.000122074 0.000169258 0.00012503 -0.000122074 0.00936328 -0.017275 -0.000125767 0.000169258 -0.017275 0.085874 
0.00954693 -0.017482 8.97833e-05 -0.00011218 -0.017482 0.0861927 -0.000112275 0.00017089 8.97833e-05 -0.000112275 0.00941 -0.0173417 -0.00011218 0.00017089 -0.0173417 0.0860534 
0.00951247 -0.0174284 7.19837e-05 -6.44293e-05 -0.0174284 0.0860075 -6.61944e-05 8.89661e-05 7.19837e-05 -6.61944e-05 0.00943272 -0.0173804 -6.44293e-05 8.89661e-05 -0.0173804 0.0861117 
0.0097025 -0.0177612 6.59968e-05 -4.21606e-05 -0.0177612 0.0877089 -4.23451e-05 8.28934e-06 6.59968e-05 -4.23451e-05 0.0096424 -0.0177833 -4.21606e-05 8.28934e-06 -0.0177833 0.088032 
0.00970998 -0.0177357 6.06007e-05 -3.48423e-05 -0.0177357 0.0875718 -3.3014e-05 -3.50803e-05 6.06007e-05 -3.3014e-05 0.00962143 -0.0177823 -3.48423e-05 -3.50803e-05 -0.0177823 0.0880195 
0.0096826 -0.0176993 5.85532e-05 -3.17062e-05 -0.0176993 0.0872968 -2.98584e-05 -4.70818e-05 5.85532e-05 -2.98584e-05 0.00959481 -0.0177057 -3.17062e-05 -4.70818e-05 -0.0177057 0.0877171 
0.00970239 -0.0177235 6.65681e-05 -3.50958e-05 -0.0177235 0.0874034 -3.36699e-05 -3.67882e-05 6.65681e-05 -3.36699e-05 0.00960182 -0.0177308 -3.50958e-05 -3.67882e-05 -0.0177308 0.0877999 
0.00975312 -0.017765 0.000100324 -4.28618e-05 -0.017765 0.0875673 -4.49521e-05 -1.60161e-05 0.000100324 -4.49521e-05 0.00957989 -0.0177572 -4.28618e-05 -1.60161e-05 -0.0177572 0.0879379 
0.00981402 -0.0178586 0.000126251 -8.17915e-05 -0.0178586 0.087902 -8.81821e-05 5.74409e-05 0.000126251 -8.81821e-05 0.00957426 -0.0177735 -8.17915e-05 5.74409e-05 -0.0177735 0.0881574 
0.00959369 -0.0175272 0.000124284 -0.000108249 -0.0175272 0.0861656 -0.000118325 0.00013915 0.000124284 -0.000118325 0.00937682 -0.0173574 -0.000108249 0.00013915 -0.0173574 0.0862174 
0.00977845 -0.0178985 0.000115848 -0.000113319 -0.0178985 0.0881033 -0.000122918 0.000180101 0.000115848 -0.000122918 0.00959861 -0.0177455 -0.000113319 0.000180101 -0.0177455 0.0880985 
0.00974052 -0.0178336 9.19773e-05 -9.64197e-05 -0.0178336 0.0879044 -0.000104876 0.000157616 9.19773e-05 -0.000104876 0.00959969 -0.0177347 -9.64197e-05 0.000157616 -0.0177347 0.0879852 
0.00970272 -0.0177642 7.76805e-05 -6.95901e-05 -0.0177642 0.087641 -7.55026e-05 0.000104076 7.76805e-05 -7.55026e-05 0.0095944 -0.0177213 -6.95901e-05 0.000104076 -0.0177213 0.0878649 
0.0096802 -0.0177091 7.33545e-05 -4.80698e-05 -0.0177091 0.0874006 -5.2476e-05 3.80144e-05 7.33545e-05 -5.2476e-05 0.00957379 -0.0176955 -4.80698e-05 3.80144e-05 -0.0176955 0.0877161 
0.0096451 -0.0176441 6.01392e-05 -4.48308e-05 -0.0176441 0.0870708 -4.84986e-05 9.39854e-06 6.01392e-05 -4.84986e-05 0.00953518 -0.0176296 -4.48308e-05 9.39854e-06 -0.0176296 0.0874123 
0.00966617 -0.017643 7.0492e-05 -3.6822e-05 -0.017643 0.0870785 -3.91009e-05 -3.07139e-06 7.0492e-05 -3.91009e-05 0.00950865 -0.0176384 -3.6822e-05 -3.07139e-06 -0.0176384 0.087456 
0.00967528 -0.0176511 8.84145e-05 -5.58582e-05 -0.0176511 0.0870242 -5.41134e-05 2.42464e-05 8.84145e-05 -5.41134e-05 0.00947506 -0.0175742 -5.58582e-05 2.42464e-05 -0.0175742 0.0872848 
0.00967835 -0.0176737 8.14295e-05 -8.04076e-05 -0.0176737 0.0870472 -7.42196e-05 7.57188e-05 8.14295e-05 -7.42196e-05 0.00946378 -0.0175135 -8.04076e-05 7.57188e-05 -0.0175135 0.087077 
0.00967168 -0.0176481 8.16604e-05 -7.72853e-05 -0.0176481 0.0869241 -6.62287e-05 9.46129e-05 8.16604e-05 -6.62287e-05 0.00944613 -0.0174773 -7.72853e-05 9.46129e-05 -0.0174773 0.0868418 
0.00967919 -0.0176725 7.52657e-05 -6.93048e-05 -0.0176725 0.0869967 -6.32873e-05 8.09709e-05 7.52657e-05 -6.32873e-05 0.00945078 -0.017482 -6.93048e-05 8.09709e-05 -0.017482 0.0868401 
0.00968358 -0.0176955 7.78787e-05 -5.17937e-05 -0.0176955 0.0870959 -5.20025e-05 4.4619e-05 7.78787e-05 -5.20025e-05 0.00945486 -0.0174926 -5.17937e-05 4.4619e-05 -0.0174926 0.0868798 
0.00973893 -0.0178014 8.79694e-05 -4.95536e-05 -0.0178014 0.08764 -5.4469e-05 2.2503e-05 8.79694e-05 -5.4469e-05 0.00949523 -0.0175979 -4.95536e-05 2.2503e-05 -0.0175979 0.0874 
0.00972965 -0.0178041 9.90478e-05 -5.78482e-05 -0.0178041 0.0876845 -6.6868e-05 2.92956e-05 9.90478e-05 -6.6868e-05 0.00950929 -0.0175958 -5.78482e-05 2.92956e-05 -0.0175958 0.0874487 
0.00970361 -0.0177373 8.96594e-05 -7.65624e-05 -0.0177373 0.0874296 -8.30723e-05 6.69083e-05 8.96594e-05 -8.30723e-05 0.00949499 -0.0175675 -7.65624e-05 6.69083e-05 -0.0175675 0.0872656 
0.0096952 -0.0176939 6.79416e-05 -7.32057e-05 -0.0176939 0.0872126 -7.5488e-05 8.40183e-05 6.79416e-05 -7.5488e-05 0.00947602 -0.017542 -7.32057e-05 8.40183e-05 -0.017542 0.0871207 
0.00967751 -0.0176978 5.22813e-05 -4.51769e-05 -0.0176978 0.0871488 -4.78168e-05 4.40141e-05 5.22813e-05 -4.78168e-05 0.00948347 -0.0175145 -4.51769e-05 4.40141e-05 -0.0175145 0.0870144 
0.00965187 -0.0176495 5.21361e-05 -1.6879e-05 -0.0176495 0.0869456 -2.22391e-05 -2.88737e-05 5.21361e-05 -2.22391e-05 0.0094559 -0.0174853 -1.6879e-05 -2.88737e-05 -0.0174853 0.086798 
0.00966103 -0.017689 7.10537e-05 -2.09091e-05 -0.017689 0.0871543 -2.96679e-05 -4.31682e-05 7.10537e-05 -2.96679e-05 0.00948079 -0.0175309 -2.09091e-05 -4.31682e-05 -0.0175309 0.087032 
0.00965473 -0.0176882 6.44627e-05 -4.69891e-05 -0.0176882 0.0872063 -5.77075e-05 3.82529e-06 6.44627e-05 -5.77075e-05 0.00948212 -0.0175456 -4.69891e-05 3.82529e-06 -0.0175456 0.0871116 
0.00964875 -0.0176308 7.82595e-05 -4.6007e-05 -0.0176308 0.0869934 -5.82933e-05 4.21318e-05 7.82595e-05 -5.82933e-05 0.00945164 -0.0175154 -4.6007e-05 4.21318e-05 -0.0175154 0.0869774 
0.00961611 -0.0176192 9.61977e-05 -6.22971e-05 -0.0176192 0.0868728 -7.32694e-05 7.68488e-05 9.61977e-05 -7.32694e-05 0.00946328 -0.0174765 -6.22971e-05 7.68488e-05 -0.0174765 0.0868512 
0.00958229 -0.0175451 0.000101951 -9.0406e-05 -0.0175451 0.0865898 -9.54597e-05 0.000136471 0.000101951 -9.54597e-05 0.00945187 -0.0174522 -9.0406e-05 0.000136471 -0.0174522 0.0866268 
0.00970095 -0.0177886 8.22893e-05 -0.000105358 -0.0177886 0.087816 -0.000108507 0.000190605 8.22893e-05 -0.000108507 0.00962442 -0.0177404 -0.000105358 0.000190605 -0.0177404 0.0879873 
0.00967769 -0.0177459 5.09283e-05 -7.75575e-05 -0.0177459 0.0876603 -8.2848e-05 0.000167443 5.09283e-05 -8.2848e-05 0.00961571 -0.0177532 -7.75575e-05 0.000167443 -0.0177532 0.0879566 
0.00966975 -0.0176905 4.8643e-05 -4.03379e-05 -0.0176905 0.08741 -4.15674e-05 8.90573e-05 4.8643e-05 -4.15674e-05 0.00957141 -0.0177179 -4.03379e-05 8.90573e-05 -0.0177179 0.0877946 
0.00969674 -0.0177142 6.20497e-05 -3.66959e-05 -0.0177142 0.087443 -3.18208e-05 3.85766e-05 6.20497e-05 -3.18208e-05 0.00953763 -0.0176901 -3.66959e-05 3.85766e-05 -0.0176901 0.087763 
0.00973558 -0.0178221 7.73719e-05 -5.17711e-05 -0.0178221 0.0878535 -4.86216e-05 4.72272e-05 7.73719e-05 -4.86216e-05 0.00954817 -0.0176916 -5.17711e-05 4.72272e-05 -0.0176916 0.0879274 
0.00972727 -0.0178165 7.55287e-05 -7.07002e-05 -0.0178165 0.0878527 -7.16895e-05 9.18877e-05 7.55287e-05 -7.16895e-05 0.00953769 -0.0176483 -7.07002e-05 9.18877e-05 -0.0176483 0.0877452 
0.00973379 -0.0178339 8.17425e-05 -6.77982e-05 -0.0178339 0.0879752 -7.03971e-05 0.000107596 8.17425e-05 -7.03971e-05 0.0095378 -0.0176683 -6.77982e-05 0.000107596 -0.0176683 0.0878145 
0.00954567 -0.0174621 6.91114e-05 -7.48172e-05 -0.0174621 0.0861655 -7.75871e-05 0.000123312 6.91114e-05 -7.75871e-05 0.00931808 -0.0172904 -7.48172e-05 0.000123312 -0.0172904 0.0859776 
0.00955 -0.0174738 6.97162e-05 -6.48381e-05 -0.0174738 0.0861958 -6.80922e-05 0.000120573 6.97162e-05 -6.80922e-05 0.00931569 -0.0172763 -6.48381e-05 0.000120573 -0.0172763 0.0859774 
0.00954027 -0.0174659 5.48042e-05 -6.31243e-05 -0.0174659 0.0861533 -6.35946e-05 0.000106813 5.48042e-05 -6.35946e-05 0.00931953 -0.017253 -6.31243e-05 0.000106813 -0.017253 0.0858841 
0.00972884 -0.0177986 4.51451e-05 -4.54436e-05 -0.0177986 0.0878039 -4.32776e-05 7.19269e-05 4.51451e-05 -4.32776e-05 0.00951152 -0.0175884 -4.54436e-05 7.19269e-05 -0.0175884 0.0875074 
0.00966421 -0.017754 3.50725e-05 -3.4102e-05 -0.017754 0.0875433 -3.23236e-05 3.96782e-05 3.50725e-05 -3.23236e-05 0.009528 -0.0175401 -3.4102e-05 3.96782e-05 -0.0175401 0.0872194 
0.00962253 -0.0176734 4.00584e-05 -2.30809e-05 -0.0176734 0.0872961 -2.32319e-05 1.42832e-05 4.00584e-05 -2.32319e-05 0.00954705 -0.0175646 -2.30809e-05 1.42832e-05 -0.0175646 0.0871251 
0.00963352 -0.0176946 4.0829e-05 -2.49007e-05 -0.0176946 0.0874685 -2.20438e-05 -2.55702e-06 4.0829e-05 -2.20438e-05 0.00957573 -0.0176802 -2.49007e-05 -2.55702e-06 -0.0176802 0.0875536 
0.00965575 -0.01771 4.55415e-05 -2.89096e-05 -0.01771 0.0875747 -2.19883e-05 -1.82698e-06 4.55415e-05 -2.19883e-05 0.00956211 -0.0177148 -2.89096e-05 -1.82698e-06 -0.0177148 0.0877939 
0.00964552 -0.0177098 3.56975e-05 -3.57268e-05 -0.0177098 0.0875344 -3.00247e-05 1.31134e-05 3.56975e-05 -3.00247e-05 0.00954765 -0.0176632 -3.57268e-05 1.31134e-05 -0.0176632 0.0877078 
0.00963253 -0.0176794 3.37033e-05 -2.52462e-05 -0.0176794 0.0874167 -2.33025e-05 1.09177e-05 3.37033e-05 -2.33025e-05 0.00952429 -0.017622 -2.52462e-05 1.09177e-05 -0.017622 0.0875299 
0.00963391 -0.0176612 3.44435e-05 -2.22032e-05 -0.0176612 0.087325 -2.26225e-05 6.31929e-06 3.44435e-05 -2.26225e-05 0.00949947 -0.0175856 -2.22032e-05 6.31929e-06 -0.0175856 0.0873844 
0.00962138 -0.0176848 3.60976e-05 -2.3948e-05 -0.0176848 0.087394 -2.83079e-05 1.42772e-05 3.60976e-05 -2.83079e-05 0.00951628 -0.0175717 -2.3948e-05 1.42772e-05 -0.0175717 0.0873647 
0.00959968 -0.0176357 3.9416e-05 -2.79227e-05 -0.0176357 0.0872367 -3.44726e-05 3.08857e-05 3.9416e-05 -3.44726e-05 0.00950562 -0.0175557 -2.79227e-05 3.08857e-05 -0.0175557 0.0872134 
0.00961048 -0.0176266 3.24235e-05 -2.97717e-05 -0.0176266 0.0872028 -3.23431e-05 3.32161e-05 3.24235e-05 -3.23431e-05 0.00948986 -0.0175586 -2.97717e-05 3.32161e-05 -0.0175586 0.087211 
0.00963024 -0.0176315 3.3244e-05 -2.25487e-05 -0.0176315 0.087176 -2.19417e-05 2.15672e-05 3.3244e-05 -2.19417e-05 0.00946854 -0.0175375 -2.25487e-05 2.15672e-05 -0.0175375 0.087163 
0.00962461 -0.017598 3.92951e-05 -2.42103e-05 -0.017598 0.0869199 -1.87885e-05 1.16897e-05 3.92951e-05 -1.87885e-05 0.00942891 -0.0174565 -2.42103e-05 1.16897e-05 -0.0174565 0.0868191 
0.00966184 -0.0176974 4.7413e-05 -3.71066e-05 -0.0176974 0.0873098 -2.81879e-05 2.95185e-05 4.7413e-05 -2.81879e-05 0.00947418 -0.0175121 -3.71066e-05 2.95185e-05 -0.0175121 0.0870992 
0.00967933 -0.0177357 6.13458e-05 -4.45654e-05 -0.0177357 0.0875245 -3.90937e-05 5.30112e-05 6.13458e-05 -3.90937e-05 0.00949838 -0.0175687 -4.45654e-05 5.30112e-05 -0.0175687 0.0873051 
0.00968966 -0.0177432 5.05559e-05 -5.53109e-05 -0.0177432 0.0875624 -5.45313e-05 7.78934e-05 5.05559e-05 -5.45313e-05 0.00949261 -0.0175738 -5.53109e-05 7.78934e-05 -0.0175738 0.0873361 
0.00967011 -0.0177193 3.62187e-05 -4.60765e-05 -0.0177193 0.0874253 -4.83067e-05 8.43037e-05 3.62187e-05 -4.83067e-05 0.00947573 -0.0175378 -4.60765e-05 8.43037e-05 -0.0175378 0.0871878 
0.00969404 -0.0177651 4.12559e-05 -2.79033e-05 -0.0177651 0.0876646 -2.77791e-05 5.02046e-05 4.12559e-05 -2.77791e-05 0.0094927 -0.0175822 -2.79033e-05 5.02046e-05 -0.0175822 0.0874128 
0.00968572 -0.0177907 4.05577e-05 -3.13903e-05 -0.0177907 0.0878048 -2.86469e-05 3.10959e-05 4.05577e-05 -2.86469e-05 0.00952374 -0.0176006 -3.13903e-05 3.10959e-05 -0.0176006 0.0875383 
0.00948305 -0.0174513 3.47939e-05 -3.13919e-05 -0.0174513 0.0862255 -3.21949e-05 3.35285e-05 3.47939e-05 -3.21949e-05 0.00938227 -0.0173077 -3.13919e-05 3.35285e-05 -0.0173077 0.0860171 
0.00950445 -0.0174492 3.51451e-05 -2.3626e-05 -0.0174492 0.0863332 -2.99927e-05 2.84079e-05 3.51451e-05 -2.99927e-05 0.00940462 -0.0173723 -2.3626e-05 2.84079e-05 -0.0173723 0.086251 
0.00947818 -0.0173864 4.401e-05 -2.50011e-05 -0.0173864 0.0860027 -3.06197e-05 2.67123e-05 4.401e-05 -3.06197e-05 0.00939608 -0.0173268 -2.50011e-05 2.67123e-05 -0.0173268 0.0860268 
0.00950183 -0.0174115 5.52936e-05 -3.41199e-05 -0.0174115 0.0861123 -3.48109e-05 3.18575e-05 5.52936e-05 -3.48109e-05 0.00941376 -0.0173914 -3.41199e-05 3.18575e-05 -0.0173914 0.086255 
0.00951397 -0.0174362 5.86278e-05 -4.74286e-05 -0.0174362 0.0861603 -4.65978e-05 5.38262e-05 5.86278e-05 -4.65978e-05 0.00940937 -0.0173867 -4.74286e-05 5.38262e-05 -0.0173867 0.0862793 
0.0095231 -0.0174238 7.22358e-05 -5.66211e-05 -0.0174238 0.0860698 -5.43806e-05 8.13699e-05 7.22358e-05 -5.43806e-05 0.00938723 -0.0173542 -5.66211e-05 8.13699e-05 -0.0173542 0.0861394 
0.0095511 -0.0174662 8.46152e-05 -7.17485e-05 -0.0174662 0.0861964 -6.98493e-05 0.000113904 8.46152e-05 -6.98493e-05 0.00938671 -0.017362 -7.17485e-05 0.000113904 -0.017362 0.0861995 
0.0095482 -0.0175001 8.66665e-05 -8.31283e-05 -0.0175001 0.0863112 -8.47573e-05 0.000147149 8.66665e-05 -8.47573e-05 0.00941359 -0.017372 -8.31283e-05 0.000147149 -0.017372 0.0862634 
0.00952395 -0.0174811 8.99761e-05 -8.31517e-05 -0.0174811 0.0862899 -8.76418e-05 0.000161076 8.99761e-05 -8.76418e-05 0.00943618 -0.0174032 -8.31517e-05 0.000161076 -0.0174032 0.0863195 
0.0095748 -0.0175384 0.000101278 -7.99655e-05 -0.0175384 0.0866537 -8.65319e-05 0.000151555 0.000101278 -8.65319e-05 0.00947373 -0.017519 -7.99655e-05 0.000151555 -0.017519 0.0868258 
0.0096269 -0.0175567 8.66271e-05 -9.25728e-05 -0.0175567 0.0866991 -0.000102282 0.000170168 8.66271e-05 -0.000102282 0.00944158 -0.0175219 -9.25728e-05 0.000170168 -0.0175219 0.0869136 
0.00967472 -0.0176356 4.44694e-05 -7.16046e-05 -0.0176356 0.0868993 -8.48954e-05 0.000149651 4.44694e-05 -8.48954e-05 0.00942402 -0.0174969 -7.16046e-05 0.000149651 -0.0174969 0.0869616 
0.00965267 -0.0176485 1.12131e-05 -2.12188e-05 -0.0176485 0.0868484 -3.38228e-05 5.973e-05 1.12131e-05 -3.38228e-05 0.00941185 -0.0174181 -2.12188e-05 5.973e-05 -0.0174181 0.0866751 
0.00962514 -0.017603 2.08025e-05 1.9272e-05 -0.017603 0.0866818 1.5024e-05 -5.94526e-05 2.08025e-05 1.5024e-05 0.00939642 -0.0173785 1.9272e-05 -5.94526e-05 -0.0173785 0.0864096 
0.00959774 -0.0176007 4.97281e-05 4.32748e-06 -0.0176007 0.0867067 8.89536e-06 -9.35923e-05 4.97281e-05 8.89536e-06 0.00942911 -0.0174006 4.32748e-06 -9.35923e-05 -0.0174006 0.0864589 
0.009543 -0.0175479 7.0051e-05 -3.89598e-05 -0.0175479 0.0865826 -2.58128e-05 -3.29018e-05 7.0051e-05 -2.58128e-05 0.00947007 -0.0174365 -3.89598e-05 -3.29018e-05 -0.0174365 0.0865074 
0.00953894 -0.0174698 9.09499e-05 -7.47211e-05 -0.0174698 0.0863791 -5.45298e-05 5.68109e-05 9.09499e-05 -5.45298e-05 0.00946982 -0.0174884 -7.47211e-05 5.68109e-05 -0.0174884 0.0866015 
0.00957138 -0.0174766 0.000118311 -0.000103331 -0.0174766 0.0863527 -8.03327e-05 0.000137534 0.000118311 -8.03327e-05 0.00946216 -0.0175139 -0.000103331 0.000137534 -0.0175139 0.0867554 
0.00963793 -0.0176106 0.000114547 -0.000130154 -0.0176106 0.0868643 -0.00010892 0.00020429 0.000114547 -0.00010892 0.00949311 -0.0175859 -0.000130154 0.00020429 -0.0175859 0.0872115 
0.00966135 -0.0176922 0.000103442 -0.000124735 -0.0176922 0.0872329 -0.00010837 0.000228261 0.000103442 -0.00010837 0.0095242 -0.0176232 -0.000124735 0.000228261 -0.0176232 0.0874711 
0.00969323 -0.0177408 9.43439e-05 -0.000106503 -0.0177408 0.0875363 -9.60059e-05 0.000204735 9.43439e-05 -9.60059e-05 0.00954354 -0.017671 -0.000106503 0.000204735 -0.017671 0.0877158 
0.00963706 -0.017678 8.04314e-05 -8.88902e-05 -0.017678 0.0872454 -8.23777e-05 0.000162388 8.04314e-05 -8.23777e-05 0.0095315 -0.0176038 -8.88902e-05 0.000162388 -0.0176038 0.0874146 
0.00963062 -0.01766 6.49348e-05 -6.58205e-05 -0.01766 0.0872338 -6.32205e-05 0.000105382 6.49348e-05 -6.32205e-05 0.00953055 -0.0176114 -6.58205e-05 0.000105382 -0.0176114 0.0874017 
0.00959463 -0.0176173 6.80766e-05 -4.50206e-05 -0.0176173 0.0870508 -4.50612e-05 5.0481e-05 6.80766e-05 -4.50612e-05 0.0095373 -0.0175816 -4.50206e-05 5.0481e-05 -0.0175816 0.0872528 
0.00958483 -0.0175619 7.09784e-05 -5.07218e-05 -0.0175619 0.0868772 -5.13274e-05 3.8045e-05 7.09784e-05 -5.13274e-05 0.00953241 -0.0176025 -5.07218e-05 3.8045e-05 -0.0176025 0.0872345 
0.00956559 -0.0175554 7.05261e-05 -6.19113e-05 -0.0175554 0.0867986 -6.1832e-05 6.35631e-05 7.05261e-05 -6.1832e-05 0.00955142 -0.0175945 -6.19113e-05 6.35631e-05 -0.0175945 0.0872159 
0.00957141 -0.017593 7.98975e-05 -6.23902e-05 -0.017593 0.0870237 -6.23118e-05 7.78392e-05 7.98975e-05 -6.23118e-05 0.00959917 -0.0176709 -6.23902e-05 7.78392e-05 -0.0176709 0.0875057 
0.00961047 -0.0175898 6.99876e-05 -6.98254e-05 -0.0175898 0.08711 -6.89041e-05 8.7248e-05 6.99876e-05 -6.89041e-05 0.00959299 -0.0177417 -6.98254e-05 8.7248e-05 -0.0177417 0.0877648 
0.00964079 -0.0176253 4.82813e-05 -5.90935e-05 -0.0176253 0.0871477 -5.66947e-05 7.50924e-05 4.82813e-05 -5.66947e-05 0.00956814 -0.0177109 -5.90935e-05 7.50924e-05 -0.0177109 0.0877685 
0.00964631 -0.0176022 7.02198e-05 -2.80529e-05 -0.0176022 0.0869399 -2.8349e-05 1.73464e-05 7.02198e-05 -2.8349e-05 0.00950688 -0.0176235 -2.80529e-05 1.73464e-05 -0.0176235 0.087426 
0.00962076 -0.0175636 7.85244e-05 -5.04766e-05 -0.0175636 0.0866123 -5.22914e-05 1.99995e-05 7.85244e-05 -5.22914e-05 0.00944583 -0.0174849 -5.04766e-05 1.99995e-05 -0.0174849 0.0868586 
0.00961394 -0.0175396 8.54089e-05 -6.27418e-05 -0.0175396 0.0864271 -6.40838e-05 5.08816e-05 8.54089e-05 -6.40838e-05 0.00939292 -0.0174028 -6.27418e-05 5.08816e-05 -0.0174028 0.0864605 
0.00960872 -0.0175206 8.80101e-05 -7.12076e-05 -0.0175206 0.0862806 -7.48091e-05 7.91047e-05 8.80101e-05 -7.48091e-05 0.00934901 -0.0173434 -7.12076e-05 7.91047e-05 -0.0173434 0.0861913 
0.00960237 -0.0175794 4.68242e-05 -7.52514e-05 -0.0175794 0.0865055 -8.10944e-05 0.000100551 4.68242e-05 -8.10944e-05 0.00937716 -0.0173461 -7.52514e-05 0.000100551 -0.0173461 0.0862716 
0.00957626 -0.0175358 4.12761e-05 -2.25076e-05 -0.0175358 0.0864072 -3.00037e-05 2.7859e-05 4.12761e-05 -3.00037e-05 0.00938294 -0.0173378 -2.25076e-05 2.7859e-05 -0.0173378 0.0861574 
