0.00710686 0 0.000190726 0 0 0.0102955 0 0 0.000190726 0 0.00742895 0 0 0 0 0.0102955 
0.00979902 -0.0121707 0.000240951 -0.000291575 -0.0121707 0.0324778 -0.000291575 0.000558767 0.000240951 -0.000291575 0.0101278 -0.0125644 -0.000291575 0.000558767 -0.0125644 0.0332329 
0.00969456 -0.0181652 0.000149021 -0.000248055 -0.0181652 0.0670589 -0.000248055 0.000755025 0.000149021 -0.000248055 0.0098692 -0.0183454 -0.000248055 0.000755025 -0.0183454 0.0675433 
0.00917029 -0.0179665 9.18958e-05 -9.68675e-05 -0.0179665 0.0808965 -9.63654e-05 0.000259035 9.18958e-05 -9.63654e-05 0.00932296 -0.0178183 -9.68675e-05 0.000259035 -0.0178183 0.0797403 
0.00927793 -0.0176905 0.000102239 -5.72832e-05 -0.0176905 0.0860311 -4.47711e-05 2.12256e-05 0.000102239 -4.47711e-05 0.00954429 -0.0175451 -5.72832e-05 2.12256e-05 -0.0175451 0.0841698 
0.0094551 -0.0177047 0.000114088 -8.38635e-05 -0.0177047 0.087856 -6.45495e-05 2.30936e-05 0.000114088 -6.45495e-05 0.00983643 -0.0177883 -8.38635e-05 2.30936e-05 -0.0177883 0.08654 
0.00967013 -0.0179951 0.000121354 -9.93098e-05 -0.0179951 0.0895898 -8.66045e-05 8.60802e-05 0.000121354 -8.66045e-05 0.010103 -0.0182704 -9.93098e-05 8.60802e-05 -0.0182704 0.0890652 
0.00940186 -0.0174268 0.000105716 -9.89505e-05 -0.0174268 0.0868018 -9.83005e-05 0.000128851 0.000105716 -9.83005e-05 0.00982687 -0.0177819 -9.89505e-05 0.000128851 -0.0177819 0.0868558 
0.00964477 -0.017846 0.000104388 -8.59302e-05 -0.017846 0.0887754 -9.32136e-05 0.000137762 0.000104388 -9.32136e-05 0.0100358 -0.0181974 -8.59302e-05 0.000137762 -0.0181974 0.0890199 
0.00952313 -0.0175962 0.000120297 -8.46858e-05 -0.0175962 0.0874063 -9.22946e-05 0.000139208 0.000120297 -9.22946e-05 0.00985619 -0.0178823 -8.46858e-05 0.000139208 -0.0178823 0.087601 
0.00947096 -0.0174699 0.000112678 -0.000103209 -0.0174699 0.0866513 -0.000108409 0.000164157 0.000112678 -0.000108409 0.00975268 -0.0176874 -0.000103209 0.000164157 -0.0176874 0.0867059 
0.0094507 -0.0174451 9.55666e-05 -0.000100112 -0.0174451 0.0863771 -0.000101801 0.000176834 9.55666e-05 -0.000101801 0.00969421 -0.0175933 -0.000100112 0.000176834 -0.0175933 0.086252 
0.00944726 -0.0174473 7.75567e-05 -8.50807e-05 -0.0174473 0.0863191 -8.62105e-05 0.000161598 7.75567e-05 -8.62105e-05 0.00965501 -0.0175393 -8.50807e-05 0.000161598 -0.0175393 0.0860155 
0.00945115 -0.0174843 8.34111e-05 -5.89631e-05 -0.0174843 0.0864695 -6.2617e-05 0.000111124 8.34111e-05 -6.2617e-05 0.00964302 -0.0175304 -5.89631e-05 0.000111124 -0.0175304 0.0860182 
0.00944977 -0.0175045 8.90469e-05 -6.75338e-05 -0.0175045 0.0866194 -6.75831e-05 9.73148e-05 8.90469e-05 -6.75831e-05 0.00964152 -0.0175372 -6.75338e-05 9.73148e-05 -0.0175372 0.0860958 
0.00942381 -0.0174874 8.46155e-05 -7.57244e-05 -0.0174874 0.0866031 -6.88555e-05 0.000101722 8.46155e-05 -6.88555e-05 0.00964169 -0.0175187 -7.57244e-05 0.000101722 -0.0175187 0.0860545 
0.00940196 -0.0174548 8.42146e-05 -7.33754e-05 -0.0174548 0.0865566 -6.11283e-05 9.80278e-05 8.42146e-05 -6.11283e-05 0.00965847 -0.0175284 -7.33754e-05 9.80278e-05 -0.0175284 0.0860797 
0.00977611 -0.0181906 0.000106031 -8.64723e-05 -0.0181906 0.0902897 -7.54573e-05 0.00012841 0.000106031 -7.54573e-05 0.0101352 -0.0183254 -8.64723e-05 0.00012841 -0.0183254 0.0899343 
0.00978936 -0.0181146 0.000101123 -0.000106887 -0.0181146 0.0900522 -9.78897e-05 0.000173522 0.000101123 -9.78897e-05 0.0101058 -0.0183655 -0.000106887 0.000173522 -0.0183655 0.0899488 
0.00983232 -0.0181696 9.71832e-05 -9.53376e-05 -0.0181696 0.0901646 -8.9713e-05 0.00017486 9.71832e-05 -8.9713e-05 0.0100944 -0.0183756 -9.53376e-05 0.00017486 -0.0183756 0.090118 
0.00983267 -0.0182157 0.000107341 -9.29278e-05 -0.0182157 0.0902595 -8.96663e-05 0.000170314 0.000107341 -8.96663e-05 0.0100954 -0.0183376 -9.29278e-05 0.000170314 -0.0183376 0.0900567 
0.00982988 -0.0182052 9.42949e-05 -9.82588e-05 -0.0182052 0.0902521 -0.0001015 0.000174692 9.42949e-05 -0.0001015 0.0100802 -0.0183299 -9.82588e-05 0.000174692 -0.0183299 0.0899827 
0.00982495 -0.0181992 8.15712e-05 -7.22576e-05 -0.0181992 0.0902157 -8.82273e-05 0.000143329 8.15712e-05 -8.82273e-05 0.0100613 -0.0183018 -7.22576e-05 0.000143329 -0.0183018 0.0898873 
0.00974698 -0.0181215 7.34446e-05 -4.05609e-05 -0.0181215 0.089836 -6.91412e-05 7.52376e-05 7.34446e-05 -6.91412e-05 0.0100682 -0.0182099 -4.05609e-05 7.52376e-05 -0.0182099 0.0894674 
0.00974924 -0.0181156 8.53513e-05 -3.15983e-05 -0.0181156 0.089965 -6.29946e-05 3.44314e-05 8.53513e-05 -6.29946e-05 0.0101194 -0.018317 -3.15983e-05 3.44314e-05 -0.018317 0.0897647 
0.00976891 -0.0181212 9.20481e-05 -4.75514e-05 -0.0181212 0.0900485 -7.02982e-05 3.29389e-05 9.20481e-05 -7.02982e-05 0.0101454 -0.0183997 -4.75514e-05 3.29389e-05 -0.0183997 0.0900888 
0.0093435 -0.0173561 0.000105189 -5.46325e-05 -0.0173561 0.0862001 -6.30465e-05 3.1498e-05 0.000105189 -6.30465e-05 0.00971917 -0.0176221 -5.46325e-05 3.1498e-05 -0.0176221 0.0863214 
0.00936817 -0.0173853 0.00011455 -8.25097e-05 -0.0173853 0.0863866 -8.26054e-05 6.88705e-05 0.00011455 -8.26054e-05 0.00974891 -0.0176684 -8.25097e-05 6.88705e-05 -0.0176684 0.0865465 
0.00940186 -0.0174687 0.000112905 -9.61482e-05 -0.0174687 0.0867758 -9.65376e-05 0.000111193 0.000112905 -9.65376e-05 0.00979954 -0.0177505 -9.61482e-05 0.000111193 -0.0177505 0.0869395 
0.00943659 -0.0174798 0.000104106 -9.27644e-05 -0.0174798 0.0868758 -9.44539e-05 0.000122376 0.000104106 -9.44539e-05 0.00980405 -0.0177853 -9.27644e-05 0.000122376 -0.0177853 0.0870755 
0.00944889 -0.0175095 0.000121926 -7.89292e-05 -0.0175095 0.086929 -8.38507e-05 0.000105121 0.000121926 -8.38507e-05 0.00980362 -0.0177817 -7.89292e-05 0.000105121 -0.0177817 0.0870997 
0.00941568 -0.0175178 0.00013872 -0.000106752 -0.0175178 0.0869279 -0.000108601 0.000141591 0.00013872 -0.000108601 0.00982282 -0.0177564 -0.000106752 0.000141591 -0.0177564 0.0870034 
0.00936789 -0.0174544 0.000120802 -0.000129843 -0.0174544 0.0867359 -0.00012368 0.00018997 0.000120802 -0.00012368 0.00982185 -0.017741 -0.000129843 0.00018997 -0.017741 0.086824 
0.00932873 -0.0173441 9.4561e-05 -0.000116324 -0.0173441 0.0862981 -0.000104038 0.000193353 9.4561e-05 -0.000104038 0.00978071 -0.0176921 -0.000116324 0.000193353 -0.0176921 0.0865054 
0.00973853 -0.0181037 7.71056e-05 -8.04027e-05 -0.0181037 0.0900495 -6.6053e-05 0.000121029 7.71056e-05 -6.6053e-05 0.0102079 -0.0184734 -8.04027e-05 0.000121029 -0.0184734 0.090336 
0.00932986 -0.0173435 5.36264e-05 -4.10409e-05 -0.0173435 0.086258 -3.34197e-05 1.71171e-05 5.36264e-05 -3.34197e-05 0.009763 -0.0176955 -4.10409e-05 1.71171e-05 -0.0176955 0.0865479 
0.00935766 -0.0173779 5.95859e-05 -1.60507e-05 -0.0173779 0.086416 -1.57286e-05 -5.14157e-05 5.95859e-05 -1.57286e-05 0.00975907 -0.0177039 -1.60507e-05 -5.14157e-05 -0.0177039 0.0866609 
0.00940479 -0.0174848 7.14067e-05 -2.60146e-05 -0.0174848 0.0869007 -3.31954e-05 -5.19343e-05 7.14067e-05 -3.31954e-05 0.00980071 -0.0177674 -2.60146e-05 -5.19343e-05 -0.0177674 0.0870502 
0.00940703 -0.017492 8.09222e-05 -3.45807e-05 -0.017492 0.0869737 -4.76056e-05 -3.07726e-05 8.09222e-05 -4.76056e-05 0.0098239 -0.0177764 -3.45807e-05 -3.07726e-05 -0.0177764 0.0870969 
0.00937126 -0.0173741 9.40726e-05 -4.65497e-05 -0.0173741 0.0864149 -6.08791e-05 1.29902e-06 9.40726e-05 -6.08791e-05 0.0097609 -0.0176834 -4.65497e-05 1.29902e-06 -0.0176834 0.0865773 
0.00934177 -0.0173728 0.00010345 -6.88222e-05 -0.0173728 0.0862853 -8.28127e-05 5.40921e-05 0.00010345 -8.28127e-05 0.00974954 -0.0176374 -6.88222e-05 5.40921e-05 -0.0176374 0.0863876 
0.00972509 -0.0180824 9.67873e-05 -8.07885e-05 -0.0180824 0.0898738 -9.19438e-05 8.50289e-05 9.67873e-05 -9.19438e-05 0.0101558 -0.0183782 -8.07885e-05 8.50289e-05 -0.0183782 0.0899681 
0.00969794 -0.0180488 0.000103321 -6.96163e-05 -0.0180488 0.0897344 -7.66081e-05 7.36847e-05 0.000103321 -7.66081e-05 0.0101504 -0.0183663 -6.96163e-05 7.36847e-05 -0.0183663 0.089885 
0.00969043 -0.0179989 0.000107223 -7.58174e-05 -0.0179989 0.0895563 -8.078e-05 7.01692e-05 0.000107223 -8.078e-05 0.0101214 -0.0183621 -7.58174e-05 7.01692e-05 -0.0183621 0.0898293 
0.00974424 -0.0180531 0.000108516 -8.22963e-05 -0.0180531 0.0897868 -8.75579e-05 8.27954e-05 0.000108516 -8.75579e-05 0.0101229 -0.0184031 -8.22963e-05 8.27954e-05 -0.0184031 0.0901114 
0.00936424 -0.0173328 0.000101385 -8.82689e-05 -0.0173328 0.0860907 -8.8788e-05 0.000102862 0.000101385 -8.8788e-05 0.00967499 -0.0176038 -8.82689e-05 0.000102862 -0.0176038 0.0863127 
0.00937962 -0.017371 9.86084e-05 -9.11822e-05 -0.017371 0.0861834 -8.37662e-05 0.000113756 9.86084e-05 -8.37662e-05 0.00966773 -0.0175653 -9.11822e-05 0.000113756 -0.0175653 0.0862249 
0.00979998 -0.0181825 0.000114251 -9.60169e-05 -0.0181825 0.0901672 -8.23575e-05 0.000119903 0.000114251 -8.23575e-05 0.0101023 -0.0183376 -9.60169e-05 0.000119903 -0.0183376 0.0900305 
0.00977507 -0.0181436 0.000140788 -0.000108 -0.0181436 0.0900346 -9.82411e-05 0.000142032 0.000140788 -9.82411e-05 0.0100781 -0.0183113 -0.000108 0.000142032 -0.0183113 0.089867 
0.0097358 -0.0180168 0.000144874 -0.000135652 -0.0180168 0.0894657 -0.000134738 0.000204116 0.000144874 -0.000134738 0.0100121 -0.0182064 -0.000135652 0.000204116 -0.0182064 0.0893618 
0.00966141 -0.0179541 0.000132217 -0.000144129 -0.0179541 0.0890451 -0.000146203 0.000255507 0.000132217 -0.000146203 0.00999886 -0.0180979 -0.000144129 0.000255507 -0.0180979 0.0888848 
0.00962253 -0.0178594 0.000122971 -0.000124923 -0.0178594 0.0886999 -0.000125028 0.000237189 0.000122971 -0.000125028 0.00997842 -0.0180835 -0.000124923 0.000237189 -0.0180835 0.0886355 
0.00961694 -0.0178602 0.00010498 -0.000113525 -0.0178602 0.0887025 -0.00011048 0.000201613 0.00010498 -0.00011048 0.00998374 -0.0181132 -0.000113525 0.000201613 -0.0181132 0.0887443 
0.0096614 -0.0178959 8.6421e-05 -9.39932e-05 -0.0178959 0.0889147 -8.73949e-05 0.000155172 8.6421e-05 -8.73949e-05 0.00997563 -0.0181728 -9.39932e-05 0.000155172 -0.0181728 0.0890432 
0.00969164 -0.0179251 8.17765e-05 -6.80381e-05 -0.0179251 0.0889747 -6.12387e-05 9.02396e-05 8.17765e-05 -6.12387e-05 0.0099404 -0.0181388 -6.80381e-05 9.02396e-05 -0.0181388 0.0890416 
0.00965758 -0.0178943 7.34597e-05 -6.13692e-05 -0.0178943 0.0887275 -5.91141e-05 5.89253e-05 7.34597e-05 -5.91141e-05 0.00989125 -0.0180226 -6.13692e-05 5.89253e-05 -0.0180226 0.0886191 
0.00960275 -0.0178062 9.50781e-05 -5.24377e-05 -0.0178062 0.0883447 -5.33764e-05 4.30021e-05 9.50781e-05 -5.33764e-05 0.00986255 -0.0179347 -5.24377e-05 4.30021e-05 -0.0179347 0.0881851 
0.0095977 -0.0178046 0.000110655 -8.00035e-05 -0.0178046 0.088378 -7.98889e-05 7.83853e-05 0.000110655 -7.98889e-05 0.00988157 -0.0179631 -8.00035e-05 7.83853e-05 -0.0179631 0.0882566 
0.00959304 -0.0177739 0.000109941 -0.00010165 -0.0177739 0.0882631 -9.86332e-05 0.000132966 0.000109941 -9.86332e-05 0.00987784 -0.0179669 -0.00010165 0.000132966 -0.0179669 0.0882288 
0.00963199 -0.0178203 8.64411e-05 -9.84209e-05 -0.0178203 0.0884724 -9.46682e-05 0.000147234 8.64411e-05 -9.46682e-05 0.00988105 -0.0180259 -9.84209e-05 0.000147234 -0.0180259 0.0885087 
0.00967644 -0.0178925 6.55138e-05 -7.36961e-05 -0.0178925 0.0887597 -7.26615e-05 0.000120208 6.55138e-05 -7.26615e-05 0.00988449 -0.0180502 -7.36961e-05 0.000120208 -0.0180502 0.0887396 
0.00966097 -0.017953 5.45633e-05 -4.79369e-05 -0.017953 0.089002 -4.92297e-05 6.76929e-05 5.45633e-05 -4.92297e-05 0.00993592 -0.0180512 -4.79369e-05 6.76929e-05 -0.0180512 0.088843 
0.00962857 -0.0179395 6.35882e-05 -3.74014e-05 -0.0179395 0.0890953 -3.56932e-05 2.96415e-05 6.35882e-05 -3.56932e-05 0.00998535 -0.0181 -3.74014e-05 2.96415e-05 -0.0181 0.0889443 
0.00964011 -0.0179589 6.14643e-05 -4.2394e-05 -0.0179589 0.0893744 -3.94288e-05 1.59435e-05 6.14643e-05 -3.94288e-05 0.0100476 -0.0182314 -4.2394e-05 1.59435e-05 -0.0182314 0.0894352 
0.00965748 -0.0179628 5.45286e-05 -4.25198e-05 -0.0179628 0.0894858 -4.20755e-05 1.95629e-05 5.45286e-05 -4.20755e-05 0.0100774 -0.0183018 -4.25198e-05 1.95629e-05 -0.0183018 0.089752 
0.00964031 -0.0179086 7.07466e-05 -3.20778e-05 -0.0179086 0.0892112 -3.62263e-05 7.38627e-06 7.07466e-05 -3.62263e-05 0.0100579 -0.0182637 -3.20778e-05 7.38627e-06 -0.0182637 0.0895821 
0.00965476 -0.0179149 9.18784e-05 -4.23368e-05 -0.0179149 0.0892024 -5.1919e-05 1.08452e-05 9.18784e-05 -5.1919e-05 0.0100504 -0.0182696 -4.23368e-05 1.08452e-05 -0.0182696 0.0896097 
0.00966035 -0.0179099 0.000107595 -6.84415e-05 -0.0179099 0.0891263 -7.76837e-05 5.45438e-05 0.000107595 -7.76837e-05 0.0100337 -0.0182486 -6.84415e-05 5.45438e-05 -0.0182486 0.0895368 
0.00968145 -0.0179518 0.000113353 -9.33614e-05 -0.0179518 0.0892774 -0.000102382 0.000120174 0.000113353 -0.000102382 0.0100308 -0.0182611 -9.33614e-05 0.000120174 -0.0182611 0.0896366 
0.00968119 -0.0179613 9.8755e-05 -9.52358e-05 -0.0179613 0.0892959 -0.000107432 0.000146705 9.8755e-05 -0.000107432 0.0100216 -0.0182349 -9.52358e-05 0.000146705 -0.0182349 0.089572 
0.00964082 -0.0178869 9.21481e-05 -7.57398e-05 -0.0178869 0.0889343 -9.17912e-05 0.000126996 9.21481e-05 -9.17912e-05 0.0099951 -0.0181452 -7.57398e-05 0.000126996 -0.0181452 0.0891453 
0.00966633 -0.017881 9.17744e-05 -6.53088e-05 -0.017881 0.0889048 -8.05701e-05 9.35515e-05 9.17744e-05 -8.05701e-05 0.00998405 -0.0181599 -6.53088e-05 9.35515e-05 -0.0181599 0.0891283 
0.0097068 -0.0179566 7.43188e-05 -6.94317e-05 -0.0179566 0.0891479 -7.97055e-05 8.24432e-05 7.43188e-05 -7.97055e-05 0.00997985 -0.018188 -6.94317e-05 8.24432e-05 -0.018188 0.0893081 
0.00970864 -0.0179786 5.49421e-05 -5.11368e-05 -0.0179786 0.0891942 -5.3337e-05 4.51546e-05 5.49421e-05 -5.3337e-05 0.00997298 -0.0181535 -5.11368e-05 4.51546e-05 -0.0181535 0.0892284 
0.00970128 -0.0179524 5.40118e-05 -2.87254e-05 -0.0179524 0.0890677 -2.36209e-05 -1.60319e-05 5.40118e-05 -2.36209e-05 0.00994593 -0.0181093 -2.87254e-05 -1.60319e-05 -0.0181093 0.0890093 
0.00969532 -0.0179493 5.43266e-05 -3.01273e-05 -0.0179493 0.0890056 -2.03244e-05 -4.50937e-05 5.43266e-05 -2.03244e-05 0.0099238 -0.0180732 -3.01273e-05 -4.50937e-05 -0.0180732 0.0888556 
0.00973628 -0.0179857 5.4614e-05 -2.80278e-05 -0.0179857 0.0891789 -1.82566e-05 -5.88543e-05 5.4614e-05 -1.82566e-05 0.00990264 -0.0180884 -2.80278e-05 -5.88543e-05 -0.0180884 0.0889524 
0.00970041 -0.0179298 5.71757e-05 -3.42118e-05 -0.0179298 0.0888194 -2.60035e-05 -4.40717e-05 5.71757e-05 -2.60035e-05 0.00986162 -0.0179687 -3.42118e-05 -4.40717e-05 -0.0179687 0.0884832 
0.00974332 -0.0180315 5.58461e-05 -4.58569e-05 -0.0180315 0.0892968 -3.80234e-05 -7.80539e-06 5.58461e-05 -3.80234e-05 0.00990776 -0.0180511 -4.58569e-05 -7.80539e-06 -0.0180511 0.0888548 
0.00974634 -0.0180745 6.05892e-05 -3.79209e-05 -0.0180745 0.0895453 -3.35895e-05 -5.74255e-06 6.05892e-05 -3.35895e-05 0.0099541 -0.0181027 -3.79209e-05 -5.74255e-06 -0.0181027 0.0890866 
0.00970923 -0.0180858 7.63962e-05 -3.99057e-05 -0.0180858 0.0896941 -3.93943e-05 -3.98924e-06 7.63962e-05 -3.93943e-05 0.0100213 -0.0181602 -3.99057e-05 -3.98924e-06 -0.0181602 0.0892959 
0.00963243 -0.0179663 8.80504e-05 -5.48873e-05 -0.0179663 0.0893256 -5.62557e-05 1.88384e-05 8.80504e-05 -5.62557e-05 0.010033 -0.0181666 -5.48873e-05 1.88384e-05 -0.0181666 0.0891573 
0.00953498 -0.0178012 8.86149e-05 -6.11408e-05 -0.0178012 0.0886654 -6.85182e-05 4.08912e-05 8.86149e-05 -6.85182e-05 0.010027 -0.0181164 -6.11408e-05 4.08912e-05 -0.0181164 0.0887959 
0.00953172 -0.0177225 9.58172e-05 -6.18297e-05 -0.0177225 0.0883981 -7.40433e-05 5.60433e-05 9.58172e-05 -7.40433e-05 0.0100258 -0.0181609 -6.18297e-05 5.60433e-05 -0.0181609 0.0888531 
0.00957175 -0.0177267 0.000103982 -6.90437e-05 -0.0177267 0.0883298 -7.98398e-05 6.58838e-05 0.000103982 -7.98398e-05 0.0100077 -0.0181805 -6.90437e-05 6.58838e-05 -0.0181805 0.0889597 
0.00962748 -0.0178397 0.000110108 -8.44998e-05 -0.0178397 0.0887038 -9.10545e-05 9.38855e-05 0.000110108 -9.10545e-05 0.0100297 -0.0182266 -8.44998e-05 9.38855e-05 -0.0182266 0.0892845 
0.00969864 -0.0179723 9.6751e-05 -9.36222e-05 -0.0179723 0.0892904 -9.38688e-05 0.000113249 9.6751e-05 -9.38688e-05 0.0100692 -0.0183078 -9.36222e-05 0.000113249 -0.0183078 0.0897377 
0.00972366 -0.0179754 8.62103e-05 -8.25189e-05 -0.0179754 0.0892571 -7.32868e-05 9.71608e-05 8.62103e-05 -7.32868e-05 0.0100354 -0.0182598 -8.25189e-05 9.71608e-05 -0.0182598 0.0895599 
0.00971461 -0.0180088 8.43657e-05 -7.19588e-05 -0.0180088 0.0892801 -5.7742e-05 6.49111e-05 8.43657e-05 -5.7742e-05 0.010034 -0.0182062 -7.19588e-05 6.49111e-05 -0.0182062 0.0893703 
0.00976551 -0.0180894 8.0251e-05 -6.58613e-05 -0.0180894 0.0897282 -5.59332e-05 4.45147e-05 8.0251e-05 -5.59332e-05 0.0100626 -0.018302 -6.58613e-05 4.45147e-05 -0.018302 0.089753 
0.00979139 -0.0181342 7.39386e-05 -5.99643e-05 -0.0181342 0.0899243 -5.76467e-05 3.86901e-05 7.39386e-05 -5.76467e-05 0.0100767 -0.0183158 -5.99643e-05 3.86901e-05 -0.0183158 0.0898881 
0.00976846 -0.0181223 9.44189e-05 -5.34379e-05 -0.0181223 0.0898388 -5.5613e-05 3.51952e-05 9.44189e-05 -5.5613e-05 0.0100727 -0.0182756 -5.34379e-05 3.51952e-05 -0.0182756 0.0897097 
0.00975993 -0.0181113 9.58595e-05 -7.49539e-05 -0.0181113 0.089842 -8.08331e-05 6.68253e-05 9.58595e-05 -8.08331e-05 0.0100767 -0.0182885 -7.49539e-05 6.68253e-05 -0.0182885 0.0897099 
0.00974997 -0.0180706 9.15378e-05 -8.22207e-05 -0.0180706 0.0896621 -8.86979e-05 0.000104325 9.15378e-05 -8.86979e-05 0.0100539 -0.018253 -8.22207e-05 0.000104325 -0.018253 0.0895342 
0.00977548 -0.0180915 8.30595e-05 -7.55768e-05 -0.0180915 0.0897253 -7.86005e-05 9.91101e-05 8.30595e-05 -7.86005e-05 0.0100305 -0.0182566 -7.55768e-05 9.91101e-05 -0.0182566 0.0895663 
0.0097825 -0.0181142 7.41164e-05 -5.82645e-05 -0.0181142 0.0897645 -5.958e-05 5.63169e-05 7.41164e-05 -5.958e-05 0.0100068 -0.0182198 -5.82645e-05 5.63169e-05 -0.0182198 0.0894937 
0.00976211 -0.0181038 8.23414e-05 -4.5226e-05 -0.0181038 0.0897155 -4.87816e-05 1.65547e-05 8.23414e-05 -4.87816e-05 0.0100036 -0.0181809 -4.5226e-05 1.65547e-05 -0.0181809 0.0893566 
0.00971739 -0.0180781 0.000100283 -5.43812e-05 -0.0180781 0.0896603 -6.31992e-05 2.07946e-05 0.000100283 -6.31992e-05 0.0100356 -0.0181866 -5.43812e-05 2.07946e-05 -0.0181866 0.0893332 
0.0097336 -0.0180673 0.000103482 -7.3659e-05 -0.0180673 0.0897724 -8.85369e-05 6.13511e-05 0.000103482 -8.85369e-05 0.0100591 -0.0182769 -7.3659e-05 6.13511e-05 -0.0182769 0.0896368 
0.00976141 -0.0181231 9.73382e-05 -7.65011e-05 -0.0181231 0.090049 -9.39538e-05 8.77774e-05 9.73382e-05 -9.39538e-05 0.0101024 -0.018359 -7.65011e-05 8.77774e-05 -0.018359 0.0900717 
0.00934794 -0.0173828 9.90979e-05 -6.66442e-05 -0.0173828 0.0863758 -7.63446e-05 7.15481e-05 9.90979e-05 -7.63446e-05 0.0097056 -0.0176079 -6.66442e-05 7.15481e-05 -0.0176079 0.0864203 
0.00930618 -0.0173251 8.37316e-05 -7.78083e-05 -0.0173251 0.0861477 -7.51863e-05 6.77331e-05 8.37316e-05 -7.51863e-05 0.00970919 -0.0175735 -7.78083e-05 6.77331e-05 -0.0175735 0.0862161 
0.00971403 -0.0180446 7.74846e-05 -6.94042e-05 -0.0180446 0.0898056 -5.72262e-05 5.00808e-05 7.74846e-05 -5.72262e-05 0.0101437 -0.018364 -6.94042e-05 5.00808e-05 -0.018364 0.0899804 
0.00970527 -0.0179946 6.81328e-05 -6.09135e-05 -0.0179946 0.0895077 -4.76697e-05 2.79356e-05 6.81328e-05 -4.76697e-05 0.0101222 -0.0183332 -6.09135e-05 2.79356e-05 -0.0183332 0.089773 
0.0097105 -0.0180308 8.12799e-05 -4.58505e-05 -0.0180308 0.0895769 -3.53354e-05 -3.80769e-06 8.12799e-05 -3.53354e-05 0.0101302 -0.0183442 -4.58505e-05 -3.80769e-06 -0.0183442 0.0898215 
0.00971424 -0.0180254 9.59255e-05 -5.47752e-05 -0.0180254 0.0895454 -4.72228e-05 -1.04208e-05 9.59255e-05 -4.72228e-05 0.010123 -0.0183366 -5.47752e-05 -1.04208e-05 -0.0183366 0.0897652 
0.0097039 -0.0180054 9.77016e-05 -7.07397e-05 -0.0180054 0.089408 -6.74636e-05 1.8344e-05 9.77016e-05 -6.74636e-05 0.0101111 -0.018305 -7.07397e-05 1.8344e-05 -0.018305 0.0896035 
0.00971832 -0.0180612 0.000112966 -7.24971e-05 -0.0180612 0.0896494 -7.25892e-05 3.84493e-05 0.000112966 -7.25892e-05 0.0101363 -0.0183498 -7.24971e-05 3.84493e-05 -0.0183498 0.0898043 
0.00976122 -0.0181048 0.000113779 -8.76121e-05 -0.0181048 0.0898995 -9.27287e-05 6.95592e-05 0.000113779 -9.27287e-05 0.0101401 -0.0183978 -8.76121e-05 6.95592e-05 -0.0183978 0.0900313 
0.00976982 -0.0181626 0.0001165 -8.88169e-05 -0.0181626 0.0901162 -9.65078e-05 8.78379e-05 0.0001165 -9.65078e-05 0.010163 -0.0184058 -8.88169e-05 8.78379e-05 -0.0184058 0.0901632 
0.00939737 -0.0174063 0.000100711 -8.77058e-05 -0.0174063 0.0864127 -9.05441e-05 8.57521e-05 0.000100711 -9.05441e-05 0.00969086 -0.017638 -8.77058e-05 8.57521e-05 -0.017638 0.0863873 
0.00940988 -0.0174977 0.000100935 -7.95398e-05 -0.0174977 0.0867584 -8.38146e-05 7.98485e-05 0.000100935 -8.38146e-05 0.00971811 -0.0176417 -7.95398e-05 7.98485e-05 -0.0176417 0.086592 
0.0093724 -0.0174305 0.000115637 -7.43511e-05 -0.0174305 0.0865612 -8.02108e-05 6.5328e-05 0.000115637 -8.02108e-05 0.00971877 -0.0176061 -7.43511e-05 6.5328e-05 -0.0176061 0.0863883 
0.00935202 -0.0173815 0.000119991 -9.28936e-05 -0.0173815 0.0863853 -0.000100517 9.13027e-05 0.000119991 -0.000100517 0.00970879 -0.0176066 -9.28936e-05 9.13027e-05 -0.0176066 0.0863148 
0.00933224 -0.0173607 0.000108289 -0.000103804 -0.0173607 0.0862901 -0.000109276 0.000127524 0.000108289 -0.000109276 0.00971151 -0.0175987 -0.000103804 0.000127524 -0.0175987 0.0862889 
0.00933435 -0.0173216 9.46172e-05 -9.23281e-05 -0.0173216 0.0861416 -9.39141e-05 0.000122851 9.46172e-05 -9.39141e-05 0.00969715 -0.0175844 -9.23281e-05 0.000122851 -0.0175844 0.0861969 
0.0097136 -0.0180573 7.45521e-05 -7.38247e-05 -0.0180573 0.089738 -7.23281e-05 7.64588e-05 7.45521e-05 -7.23281e-05 0.010123 -0.0183225 -7.38247e-05 7.64588e-05 -0.0183225 0.0898234 
0.0097225 -0.0180101 6.80283e-05 -4.03223e-05 -0.0180101 0.0895512 -3.48748e-05 -9.44313e-06 6.80283e-05 -3.48748e-05 0.0100866 -0.0183156 -4.03223e-05 -9.44313e-06 -0.0183156 0.0897028 
0.00974439 -0.018006 4.9939e-05 -2.94413e-05 -0.018006 0.0894162 -2.38533e-05 -6.76078e-05 4.9939e-05 -2.38533e-05 0.0100308 -0.0182713 -2.94413e-05 -6.76078e-05 -0.0182713 0.0895634 
0.00976621 -0.0180669 4.69948e-05 -9.50577e-06 -0.0180669 0.0895636 -4.03279e-06 -0.000115313 4.69948e-05 -4.03279e-06 0.0100007 -0.018232 -9.50577e-06 -0.000115313 -0.018232 0.0895311 
0.00978578 -0.0181068 4.40373e-05 -8.40147e-06 -0.0181068 0.0897444 -4.12414e-06 -0.000131998 4.40373e-05 -4.12414e-06 0.00998947 -0.0182169 -8.40147e-06 -0.000131998 -0.0182169 0.0895524 
0.00975746 -0.0180891 3.96433e-05 -1.26636e-05 -0.0180891 0.0896428 -8.80946e-06 -0.000116856 3.96433e-05 -8.80946e-06 0.00998665 -0.0181526 -1.26636e-05 -0.000116856 -0.0181526 0.0893114 
0.0097198 -0.0180468 4.85352e-05 -1.49604e-05 -0.0180468 0.0895016 -8.17944e-06 -9.8679e-05 4.85352e-05 -8.17944e-06 0.00999634 -0.0181402 -1.49604e-05 -9.8679e-05 -0.0181402 0.0891609 
0.00968642 -0.0179718 5.78327e-05 -3.10341e-05 -0.0179718 0.0892036 -2.24641e-05 -6.25907e-05 5.78327e-05 -2.24641e-05 0.00997727 -0.0181111 -3.10341e-05 -6.25907e-05 -0.0181111 0.0889313 
0.00966025 -0.0179148 6.12825e-05 -4.39788e-05 -0.0179148 0.0889295 -3.34803e-05 -2.63544e-05 6.12825e-05 -3.34803e-05 0.00995745 -0.018082 -4.39788e-05 -2.63544e-05 -0.018082 0.0887497 
0.00962019 -0.0178227 6.20423e-05 -4.94559e-05 -0.0178227 0.0884743 -4.08075e-05 2.53872e-06 6.20423e-05 -4.08075e-05 0.00990468 -0.0180118 -4.94559e-05 2.53872e-06 -0.0180118 0.0883836 
0.00962523 -0.0178488 7.94709e-05 -4.08773e-05 -0.0178488 0.0885653 -3.9894e-05 -1.32824e-06 7.94709e-05 -3.9894e-05 0.0099205 -0.018028 -4.08773e-05 -1.32824e-06 -0.018028 0.0884996 
0.0096797 -0.0178995 7.08865e-05 -5.78343e-05 -0.0178995 0.088842 -6.5715e-05 2.78203e-05 7.08865e-05 -6.5715e-05 0.00992844 -0.0181009 -5.78343e-05 2.78203e-05 -0.0181009 0.0888292 
0.00967628 -0.0179105 5.49337e-05 -4.16878e-05 -0.0179105 0.0887805 -5.21619e-05 1.66481e-05 5.49337e-05 -5.21619e-05 0.00990594 -0.0180414 -4.16878e-05 1.66481e-05 -0.0180414 0.0886712 
0.00963673 -0.0179336 5.44746e-05 -1.92782e-05 -0.0179336 0.0888896 -2.55963e-05 -3.91598e-05 5.44746e-05 -2.55963e-05 0.00995663 -0.0180436 -1.92782e-05 -3.91598e-05 -0.0180436 0.0886941 
0.00961558 -0.0179171 4.24929e-05 -1.53446e-05 -0.0179171 0.0890302 -2.11252e-05 -7.59515e-05 4.24929e-05 -2.11252e-05 0.0100184 -0.0181475 -1.53446e-05 -7.59515e-05 -0.0181475 0.0890014 
0.00960582 -0.0178963 4.46644e-05 -1.19738e-06 -0.0178963 0.0890774 -3.49192e-06 -0.000112731 4.46644e-05 -3.49192e-06 0.0100545 -0.0182319 -1.19738e-06 -0.000112731 -0.0182319 0.0893118 
0.00962876 -0.0179129 4.65466e-05 -1.02047e-05 -0.0179129 0.0892427 -9.97917e-06 -0.00011111 4.65466e-05 -9.97917e-06 0.0100977 -0.0183181 -1.02047e-05 -0.00011111 -0.0183181 0.0897123 
0.00966246 -0.0179204 4.37763e-05 -1.47322e-05 -0.0179204 0.0892501 -1.49085e-05 -9.68516e-05 4.37763e-05 -1.49085e-05 0.0100805 -0.0183257 -1.47322e-05 -9.68516e-05 -0.0183257 0.0897757 
0.00970725 -0.0179436 3.86003e-05 -1.64e-05 -0.0179436 0.0892228 -1.81987e-05 -7.97121e-05 3.86003e-05 -1.81987e-05 0.0100285 -0.0182702 -1.64e-05 -7.97121e-05 -0.0182702 0.0896144 
0.00971288 -0.0179564 3.60033e-05 -1.38974e-05 -0.0179564 0.089091 -1.39467e-05 -7.62083e-05 3.60033e-05 -1.39467e-05 0.00997845 -0.0181625 -1.38974e-05 -7.62083e-05 -0.0181625 0.0892219 
0.00974463 -0.0180502 5.57578e-05 -1.04193e-05 -0.0180502 0.0894613 -9.24564e-06 -8.4269e-05 5.57578e-05 -9.24564e-06 0.00999344 -0.0181824 -1.04193e-05 -8.4269e-05 -0.0181824 0.0893518 
0.00972907 -0.0180735 6.82013e-05 -3.17315e-05 -0.0180735 0.0895883 -2.94143e-05 -6.09243e-05 6.82013e-05 -2.94143e-05 0.0100158 -0.0181749 -3.17315e-05 -6.09243e-05 -0.0181749 0.0893297 
0.00969965 -0.0180447 7.85849e-05 -3.86876e-05 -0.0180447 0.0895698 -3.72205e-05 -4.68125e-05 7.85849e-05 -3.72205e-05 0.0100368 -0.0182007 -3.86876e-05 -4.68125e-05 -0.0182007 0.0893558 
0.00970507 -0.0180598 7.69987e-05 -4.82118e-05 -0.0180598 0.0897762 -4.77083e-05 -3.1922e-05 7.69987e-05 -4.77083e-05 0.0100979 -0.0182995 -4.82118e-05 -3.1922e-05 -0.0182995 0.0897529 
0.00971755 -0.0180482 7.79321e-05 -5.49005e-05 -0.0180482 0.0897897 -5.49776e-05 -3.07628e-06 7.79321e-05 -5.49776e-05 0.0101293 -0.0183538 -5.49005e-05 -3.07628e-06 -0.0183538 0.0899523 
0.00977235 -0.0180945 7.13864e-05 -5.5953e-05 -0.0180945 0.0899877 -6.24435e-05 1.73802e-05 7.13864e-05 -6.24435e-05 0.0101491 -0.0184314 -5.5953e-05 1.73802e-05 -0.0184314 0.0902856 
0.00938158 -0.0173589 7.645e-05 -4.3203e-05 -0.0173589 0.0861917 -5.12108e-05 6.38732e-06 7.645e-05 -5.12108e-05 0.00970345 -0.0176321 -4.3203e-05 6.38732e-06 -0.0176321 0.0864397 
0.00939839 -0.0174278 9.0158e-05 -4.93732e-05 -0.0174278 0.0864392 -5.38207e-05 -1.0122e-06 9.0158e-05 -5.38207e-05 0.00972842 -0.017645 -4.93732e-05 -1.0122e-06 -0.017645 0.0865564 
0.00937462 -0.0174518 0.000111451 -7.10787e-05 -0.0174518 0.0865831 -7.12935e-05 3.20823e-05 0.000111451 -7.12935e-05 0.00975844 -0.0176646 -7.10787e-05 3.20823e-05 -0.0176646 0.0866195 
0.00937662 -0.0174335 0.000117761 -9.13873e-05 -0.0174335 0.0866678 -9.34418e-05 7.565e-05 0.000117761 -9.34418e-05 0.00978576 -0.0177259 -9.13873e-05 7.565e-05 -0.0177259 0.0868179 
0.00939774 -0.017435 0.000105691 -9.56237e-05 -0.017435 0.0867145 -0.000102363 0.000103549 0.000105691 -0.000102363 0.00979524 -0.0177714 -9.56237e-05 0.000103549 -0.0177714 0.0870137 
0.0093654 -0.0173951 9.14355e-05 -8.49368e-05 -0.0173951 0.0864539 -9.47839e-05 0.000104622 9.14355e-05 -9.47839e-05 0.0097755 -0.0177084 -8.49368e-05 0.000104622 -0.0177084 0.0867631 
0.00939481 -0.0174108 6.63592e-05 -6.72347e-05 -0.0174108 0.086548 -7.4795e-05 6.94953e-05 6.63592e-05 -7.4795e-05 0.00976659 -0.017734 -6.72347e-05 6.94953e-05 -0.017734 0.0868566 
0.00940895 -0.0174232 6.04622e-05 -3.57344e-05 -0.0174232 0.086531 -3.81999e-05 -3.77801e-06 6.04622e-05 -3.81999e-05 0.00974031 -0.0177003 -3.57344e-05 -3.77801e-06 -0.0177003 0.0867722 
