0.0068937 0 -3.16413e-05 0 0 0.00971297 0 0 -3.16413e-05 0 0.00692165 0 0 0 0 0.00971297 
0.0100846 -0.0125167 -4.5272e-05 5.27701e-05 -0.0125167 0.03316 5.27701e-05 -0.000101159 -4.5272e-05 5.27701e-05 0.0100307 -0.0124521 5.27701e-05 -0.000101159 -0.0124521 0.0330367 
0.00987666 -0.0184678 -5.81855e-05 2.34832e-05 -0.0184678 0.0679803 2.34832e-05 -5.8555e-05 -5.81855e-05 2.34832e-05 0.00979229 -0.0182536 2.34832e-05 -5.8555e-05 -0.0182536 0.0672835 
0.00931258 -0.0181554 -8.49927e-05 4.16967e-05 -0.0181554 0.0815171 4.74364e-05 -3.86493e-05 -8.49927e-05 4.74364e-05 0.00923634 -0.0177829 4.16967e-05 -3.86493e-05 -0.0177829 0.0797203 
0.00923673 -0.0174462 -9.60142e-05 9.08002e-05 -0.0174462 0.0845879 0.000104562 -0.000195358 -9.60142e-05 0.000104562 0.00919682 -0.0171039 9.08002e-05 -0.000195358 -0.0171039 0.0823003 
0.0094354 -0.0174858 -7.68971e-05 9.83148e-05 -0.0174858 0.0863829 0.000112926 -0.000256481 -7.68971e-05 0.000112926 0.00949163 -0.0172845 9.83148e-05 -0.000256481 -0.0172845 0.0845392 
0.00941394 -0.0173345 -5.8198e-05 7.22128e-05 -0.0173345 0.0858461 8.21423e-05 -0.000217891 -5.8198e-05 8.21423e-05 0.00953338 -0.0173079 7.22128e-05 -0.000217891 -0.0173079 0.0847512 
0.00963699 -0.0177209 -3.45915e-05 4.86825e-05 -0.0177209 0.0877563 5.51283e-05 -0.000147107 -3.45915e-05 5.51283e-05 0.00978608 -0.0178122 4.86825e-05 -0.000147107 -0.0178122 0.0872587 
0.00964652 -0.0176543 -2.03385e-05 2.70489e-05 -0.0176543 0.0873953 3.03174e-05 -8.8658e-05 -2.03385e-05 3.03174e-05 0.0097138 -0.0177677 2.70489e-05 -8.8658e-05 -0.0177677 0.0871809 
0.00976542 -0.0178593 6.65675e-07 1.58324e-05 -0.0178593 0.0881803 1.32869e-05 -4.71966e-05 6.65675e-07 1.32869e-05 0.00976923 -0.0178577 1.58324e-05 -4.71966e-05 -0.0178577 0.0878683 
0.00972476 -0.0178197 1.37276e-05 -1.05663e-05 -0.0178197 0.0878256 -1.76156e-05 1.30123e-05 1.37276e-05 -1.76156e-05 0.00971393 -0.0177166 -1.05663e-05 1.30123e-05 -0.0177166 0.087251 
0.00966568 -0.0177566 -6.91304e-06 -2.52428e-05 -0.0177566 0.087488 -3.20745e-05 5.95578e-05 -6.91304e-06 -3.20745e-05 0.00968587 -0.01762 -2.52428e-05 5.95578e-05 -0.01762 0.0867254 
0.00962575 -0.0177143 -2.98274e-05 -4.33369e-07 -0.0177143 0.087344 -4.75497e-06 3.4181e-05 -2.98274e-05 -4.75497e-06 0.00969871 -0.0176152 -4.33369e-07 3.4181e-05 -0.0176152 0.0865709 
0.00961536 -0.0176695 -3.30786e-05 3.31685e-05 -0.0176695 0.0872223 2.86591e-05 -4.40132e-05 -3.30786e-05 2.86591e-05 0.00969302 -0.0176519 3.31685e-05 -4.40132e-05 -0.0176519 0.086608 
0.00960602 -0.0176238 -3.84736e-05 3.77234e-05 -0.0176238 0.0869776 3.41243e-05 -8.67867e-05 -3.84736e-05 3.41243e-05 0.00965691 -0.017616 3.77234e-05 -8.67867e-05 -0.017616 0.0864621 
0.00961583 -0.0176681 -4.6903e-05 4.2817e-05 -0.0176681 0.0871268 4.32881e-05 -0.000111315 -4.6903e-05 4.32881e-05 0.0096589 -0.0176312 4.2817e-05 -0.000111315 -0.0176312 0.0866007 
0.00961129 -0.0176819 -4.2508e-05 5.4855e-05 -0.0176819 0.0872193 5.8876e-05 -0.000147798 -4.2508e-05 5.8876e-05 0.00966531 -0.0176315 5.4855e-05 -0.000147798 -0.0176315 0.0866537 
0.00956594 -0.0176011 -1.65812e-05 5.31206e-05 -0.0176011 0.0868911 5.23713e-05 -0.000159231 -1.65812e-05 5.23713e-05 0.00963125 -0.0175727 5.31206e-05 -0.000159231 -0.0175727 0.0863562 
0.00956967 -0.0175678 -1.17124e-05 3.12016e-05 -0.0175678 0.0867433 2.08174e-05 -0.000126199 -1.17124e-05 2.08174e-05 0.00959842 -0.0175388 3.12016e-05 -0.000126199 -0.0175388 0.0862098 
0.00957499 -0.0175832 -8.59711e-06 3.11054e-05 -0.0175832 0.0867359 1.41482e-05 -0.000104831 -8.59711e-06 1.41482e-05 0.00957975 -0.0175084 3.11054e-05 -0.000104831 -0.0175084 0.0861337 
0.00958037 -0.0176144 -1.53353e-05 2.64634e-05 -0.0176144 0.0868733 9.02738e-06 -9.26203e-05 -1.53353e-05 9.02738e-06 0.00958559 -0.0175155 2.64634e-05 -9.26203e-05 -0.0175155 0.0862037 
0.00959327 -0.0176115 -2.24808e-05 3.44754e-05 -0.0176115 0.0869048 2.1363e-05 -0.000106683 -2.24808e-05 2.1363e-05 0.00958356 -0.017519 3.44754e-05 -0.000106683 -0.017519 0.0862293 
0.0096367 -0.0176594 -6.01393e-06 4.04996e-05 -0.0176594 0.0871101 3.33793e-05 -0.000129856 -6.01393e-06 3.33793e-05 0.00958432 -0.0175553 4.04996e-05 -0.000129856 -0.0175553 0.0864299 
0.00962388 -0.0176162 -4.26413e-06 2.23006e-05 -0.0176162 0.0868318 1.94195e-05 -0.000119756 -4.26413e-06 1.94195e-05 0.00953016 -0.0174745 2.23006e-05 -0.000119756 -0.0174745 0.0861084 
0.00960885 -0.0176241 -7.18796e-06 1.12487e-05 -0.0176241 0.08678 1.15583e-05 -8.72169e-05 -7.18796e-06 1.15583e-05 0.00952455 -0.0174162 1.12487e-05 -8.72169e-05 -0.0174162 0.0859148 
0.00961132 -0.0176514 -2.86229e-05 8.84966e-06 -0.0176514 0.0869236 1.47132e-05 -7.10628e-05 -2.86229e-05 1.47132e-05 0.00955407 -0.0174312 8.84966e-06 -7.10628e-05 -0.0174312 0.0859455 
0.00962511 -0.0176761 -7.71379e-05 3.08479e-05 -0.0176761 0.0870908 4.61557e-05 -0.000108257 -7.71379e-05 4.61557e-05 0.0095753 -0.0174871 3.08479e-05 -0.000108257 -0.0174871 0.0861197 
0.00961488 -0.0176595 -8.79105e-05 8.44679e-05 -0.0176595 0.0870293 0.000103385 -0.000207405 -8.79105e-05 0.000103385 0.0095639 -0.0174841 8.44679e-05 -0.000207405 -0.0174841 0.0860973 
0.0095962 -0.0176571 -8.49556e-05 9.80633e-05 -0.0176571 0.0870497 0.000112371 -0.000268044 -8.49556e-05 0.000112371 0.00957663 -0.0174922 9.80633e-05 -0.000268044 -0.0174922 0.0861592 
0.0095591 -0.0175881 -7.50086e-05 9.75137e-05 -0.0175881 0.0868035 0.00010444 -0.000277387 -7.50086e-05 0.00010444 0.00956187 -0.0174625 9.75137e-05 -0.000277387 -0.0174625 0.0859868 
0.00973871 -0.0179058 -6.74588e-05 9.22051e-05 -0.0179058 0.0884181 8.98552e-05 -0.000264998 -6.74588e-05 8.98552e-05 0.00974816 -0.0178093 9.22051e-05 -0.000264998 -0.0178093 0.0876786 
0.00953375 -0.0175249 -6.07257e-05 8.50016e-05 -0.0175249 0.0865342 7.8408e-05 -0.000243156 -6.07257e-05 7.8408e-05 0.0095188 -0.0174385 8.50016e-05 -0.000243156 -0.0174385 0.0858611 
0.00973924 -0.0178795 -4.14356e-05 8.01809e-05 -0.0178795 0.0882902 7.20593e-05 -0.000228595 -4.14356e-05 7.20593e-05 0.00970246 -0.0177721 8.01809e-05 -0.000228595 -0.0177721 0.0876083 
0.00967908 -0.0177759 -3.6735e-05 5.47565e-05 -0.0177759 0.0877402 4.86731e-05 -0.000184622 -3.6735e-05 4.86731e-05 0.00965318 -0.0176456 5.47565e-05 -0.000184622 -0.0176456 0.0870254 
0.00966651 -0.0177403 -4.42451e-05 4.34633e-05 -0.0177403 0.0875612 3.88981e-05 -0.000141274 -4.42451e-05 3.88981e-05 0.00964697 -0.0176269 4.34633e-05 -0.000141274 -0.0176269 0.0868648 
0.00967875 -0.0178012 -6.62464e-05 5.21156e-05 -0.0178012 0.0878138 4.99844e-05 -0.000142321 -6.62464e-05 4.99844e-05 0.00968556 -0.0176899 5.21156e-05 -0.000142321 -0.0176899 0.0871312 
0.00972946 -0.017924 -8.44282e-05 7.52254e-05 -0.017924 0.0884672 7.56521e-05 -0.000180042 -8.44282e-05 7.56521e-05 0.00977165 -0.0178339 7.52254e-05 -0.000180042 -0.0178339 0.0878058 
0.00952411 -0.0175606 -9.69905e-05 9.58342e-05 -0.0175606 0.0867623 0.000101319 -0.000236932 -9.69905e-05 0.000101319 0.00961271 -0.0175182 9.58342e-05 -0.000236932 -0.0175182 0.0862009 
0.00950789 -0.0174991 -7.30923e-05 0.00010385 -0.0174991 0.0865475 0.000113952 -0.000269135 -7.30923e-05 0.000113952 0.00957927 -0.017518 0.00010385 -0.000269135 -0.017518 0.0861206 
0.00970792 -0.0178678 -3.47063e-05 7.60577e-05 -0.0178678 0.0883572 8.41986e-05 -0.000233746 -3.47063e-05 8.41986e-05 0.00977685 -0.0178801 7.60577e-05 -0.000233746 -0.0178801 0.0879913 
0.00949018 -0.0174696 -2.53124e-05 2.76124e-05 -0.0174696 0.0863885 3.20379e-05 -0.0001288 -2.53124e-05 3.20379e-05 0.00955943 -0.0174728 2.76124e-05 -0.0001288 -0.0174728 0.0860267 
0.00948487 -0.0174805 -2.4962e-05 1.64267e-05 -0.0174805 0.086444 1.95336e-05 -6.32565e-05 -2.4962e-05 1.95336e-05 0.00959281 -0.0174794 1.64267e-05 -6.32565e-05 -0.0174794 0.0860656 
0.00969069 -0.0178011 -2.58969e-05 2.04355e-05 -0.0178011 0.0880924 2.56202e-05 -5.85266e-05 -2.58969e-05 2.56202e-05 0.00978118 -0.0178589 2.04355e-05 -5.85266e-05 -0.0178589 0.0878053 
0.0096997 -0.0178281 -3.03591e-05 2.62963e-05 -0.0178281 0.0881203 3.22568e-05 -7.6766e-05 -3.03591e-05 3.22568e-05 0.00977863 -0.0178655 2.62963e-05 -7.6766e-05 -0.0178655 0.0878598 
0.00968314 -0.0177975 -2.6157e-05 2.95032e-05 -0.0177975 0.0879307 3.44566e-05 -8.62232e-05 -2.6157e-05 3.44566e-05 0.00974981 -0.0178053 2.95032e-05 -8.62232e-05 -0.0178053 0.0876039 
0.00963078 -0.0177214 -3.74206e-05 2.34141e-05 -0.0177214 0.0875247 2.51793e-05 -7.57422e-05 -3.74206e-05 2.51793e-05 0.00971145 -0.0177096 2.34141e-05 -7.57422e-05 -0.0177096 0.087132 
0.0096221 -0.0176832 -3.11334e-05 3.28957e-05 -0.0176832 0.0873597 3.42254e-05 -7.59961e-05 -3.11334e-05 3.42254e-05 0.00967991 -0.0176852 3.28957e-05 -7.59961e-05 -0.0176852 0.0869524 
0.0096081 -0.0176776 -2.81067e-05 2.77967e-05 -0.0176776 0.0872789 2.86878e-05 -7.29322e-05 -2.81067e-05 2.86878e-05 0.00965945 -0.0176491 2.77967e-05 -7.29322e-05 -0.0176491 0.0868232 
0.00960975 -0.0177141 -4.275e-05 2.49802e-05 -0.0177141 0.0874753 2.25306e-05 -6.12754e-05 -4.275e-05 2.25306e-05 0.0096748 -0.017677 2.49802e-05 -6.12754e-05 -0.017677 0.0869772 
0.00962116 -0.0177542 -5.27475e-05 4.4573e-05 -0.0177542 0.0877482 4.0145e-05 -8.7085e-05 -5.27475e-05 4.0145e-05 0.00969161 -0.0177291 4.4573e-05 -8.7085e-05 -0.0177291 0.0872491 
0.00964074 -0.0177997 -5.20862e-05 6.27479e-05 -0.0177997 0.0880621 5.98856e-05 -0.000139408 -5.20862e-05 5.98856e-05 0.00972723 -0.017789 6.27479e-05 -0.000139408 -0.017789 0.0876024 
0.00962719 -0.0177463 -4.31323e-05 6.09313e-05 -0.0177463 0.0878864 6.24534e-05 -0.000162915 -4.31323e-05 6.24534e-05 0.00971046 -0.0177687 6.09313e-05 -0.000162915 -0.0177687 0.0875133 
0.00960959 -0.0177405 -2.00443e-05 4.41045e-05 -0.0177405 0.0878406 4.60719e-05 -0.000135545 -2.00443e-05 4.60719e-05 0.00970659 -0.0177531 4.41045e-05 -0.000135545 -0.0177531 0.0874852 
0.00955623 -0.0176177 -1.34223e-05 1.73051e-05 -0.0176177 0.0872978 1.76396e-05 -7.80749e-05 -1.34223e-05 1.76396e-05 0.00964743 -0.0176487 1.73051e-05 -7.80749e-05 -0.0176487 0.0869762 
0.00951272 -0.0174825 -2.94831e-05 8.02127e-06 -0.0174825 0.0866057 9.74516e-06 -3.81127e-05 -2.94831e-05 9.74516e-06 0.00955699 -0.0175079 8.02127e-06 -3.81127e-05 -0.0175079 0.0863 
0.00967355 -0.0177777 -6.17959e-05 2.61697e-05 -0.0177777 0.0879207 3.09197e-05 -5.342e-05 -6.17959e-05 3.09197e-05 0.00970069 -0.0177376 2.61697e-05 -5.342e-05 -0.0177376 0.0875052 
0.00966047 -0.0177714 -8.48783e-05 6.1432e-05 -0.0177714 0.0878031 6.65994e-05 -0.000114391 -8.48783e-05 6.65994e-05 0.00969535 -0.0176987 6.1432e-05 -0.000114391 -0.0176987 0.0872713 
0.00968446 -0.0178332 -7.18987e-05 8.73493e-05 -0.0178332 0.0880913 9.19507e-05 -0.000179222 -7.18987e-05 9.19507e-05 0.00972576 -0.017771 8.73493e-05 -0.000179222 -0.017771 0.0875327 
0.00951152 -0.0175246 -5.87488e-05 7.43796e-05 -0.0175246 0.086602 8.01439e-05 -0.000189452 -5.87488e-05 8.01439e-05 0.00955521 -0.0174879 7.43796e-05 -0.000189452 -0.0174879 0.0861076 
0.00954828 -0.0175862 -6.56162e-05 5.46463e-05 -0.0175862 0.0869481 6.20173e-05 -0.000153045 -6.56162e-05 6.20173e-05 0.00958155 -0.0175622 5.46463e-05 -0.000153045 -0.0175622 0.0865092 
0.00956702 -0.017593 -7.69122e-05 5.88732e-05 -0.017593 0.0869794 6.79959e-05 -0.000139192 -7.69122e-05 6.79959e-05 0.0095705 -0.0175472 5.88732e-05 -0.000139192 -0.0175472 0.0865201 
0.00955081 -0.0175962 -9.32489e-05 7.07294e-05 -0.0175962 0.0869033 8.07131e-05 -0.000152418 -9.32489e-05 8.07131e-05 0.00956262 -0.0174834 7.07294e-05 -0.000152418 -0.0174834 0.0862894 
0.00957609 -0.0176805 -8.34019e-05 9.16541e-05 -0.0176805 0.0873392 9.99963e-05 -0.000190397 -8.34019e-05 9.99963e-05 0.00960449 -0.0175587 9.16541e-05 -0.000190397 -0.0175587 0.0866089 
0.00959017 -0.0177016 -6.06029e-05 7.4472e-05 -0.0177016 0.0875576 7.98863e-05 -0.000169665 -6.06029e-05 7.98863e-05 0.00964208 -0.0176207 7.4472e-05 -0.000169665 -0.0176207 0.0868734 
0.00955768 -0.0176544 -5.55749e-05 4.38256e-05 -0.0176544 0.0873528 4.65194e-05 -0.000100671 -5.55749e-05 4.65194e-05 0.00964241 -0.0175889 4.38256e-05 -0.000100671 -0.0175889 0.0867051 
0.00949765 -0.0175381 -5.17095e-05 3.55285e-05 -0.0175381 0.08684 3.8423e-05 -5.27048e-05 -5.17095e-05 3.8423e-05 0.00961594 -0.0175263 3.55285e-05 -5.27048e-05 -0.0175263 0.0863074 
0.00948048 -0.0174788 -4.6768e-05 3.09854e-05 -0.0174788 0.0865914 3.45802e-05 -3.04331e-05 -4.6768e-05 3.45802e-05 0.00959472 -0.0175346 3.09854e-05 -3.04331e-05 -0.0175346 0.0862483 
0.00951177 -0.0174745 -2.32212e-05 2.38016e-05 -0.0174745 0.0865398 2.91197e-05 -1.11955e-05 -2.32212e-05 2.91197e-05 0.00955131 -0.0175367 2.38016e-05 -1.11955e-05 -0.0175367 0.0863027 
0.00950886 -0.0174944 -2.62529e-05 1.66426e-07 -0.0174944 0.0864678 7.04219e-06 2.45452e-05 -2.62529e-05 7.04219e-06 0.00952474 -0.0174501 1.66426e-07 2.45452e-05 -0.0174501 0.0860869 
0.00954385 -0.0175763 -3.93989e-05 1.0327e-05 -0.0175763 0.0868486 1.71614e-05 1.85224e-05 -3.93989e-05 1.71614e-05 0.00954123 -0.0174921 1.0327e-05 1.85224e-05 -0.0174921 0.0863105 
0.00955455 -0.0176364 -6.07024e-05 2.47638e-05 -0.0176364 0.0871548 3.05626e-05 -8.3267e-06 -6.07024e-05 3.05626e-05 0.00956821 -0.0175172 2.47638e-05 -8.3267e-06 -0.0175172 0.0864918 
0.00956676 -0.0176607 -5.68432e-05 4.89365e-05 -0.0176607 0.0873694 5.02878e-05 -4.89038e-05 -5.68432e-05 5.02878e-05 0.00960116 -0.0175619 4.89365e-05 -4.89038e-05 -0.0175619 0.0866908 
0.00958515 -0.0176847 -6.46076e-05 4.93696e-05 -0.0176847 0.0875377 4.34336e-05 -6.411e-05 -6.46076e-05 4.34336e-05 0.00962831 -0.01761 4.93696e-05 -6.411e-05 -0.01761 0.0868955 
0.00959149 -0.0177059 -5.94971e-05 5.74517e-05 -0.0177059 0.0876714 4.91785e-05 -7.19363e-05 -5.94971e-05 4.91785e-05 0.00967248 -0.0176632 5.74517e-05 -7.19363e-05 -0.0176632 0.0871251 
0.00960682 -0.0177041 -7.17963e-05 5.2412e-05 -0.0177041 0.0876997 4.11906e-05 -6.77327e-05 -7.17963e-05 4.11906e-05 0.00968194 -0.0177038 5.2412e-05 -6.77327e-05 -0.0177038 0.0872502 
0.00960487 -0.017684 -7.0571e-05 6.50736e-05 -0.017684 0.0875527 5.05845e-05 -7.38717e-05 -7.0571e-05 5.05845e-05 0.00967966 -0.0176788 6.50736e-05 -7.38717e-05 -0.0176788 0.0871458 
0.00954648 -0.0175849 -8.6015e-05 6.52538e-05 -0.0175849 0.0870012 5.27834e-05 -8.60572e-05 -8.6015e-05 5.27834e-05 0.00961769 -0.0175709 6.52538e-05 -8.60572e-05 -0.0175709 0.0865771 
0.00951637 -0.0175073 -7.93123e-05 8.39654e-05 -0.0175073 0.0866093 7.78781e-05 -0.000127778 -7.93123e-05 7.78781e-05 0.00955863 -0.0174928 8.39654e-05 -0.000127778 -0.0174928 0.08618 
0.00951948 -0.017498 -7.01813e-05 7.6602e-05 -0.017498 0.0864998 7.72064e-05 -0.000148788 -7.01813e-05 7.72064e-05 0.00951684 -0.017448 7.6602e-05 -0.000148788 -0.017448 0.0860144 
0.00951896 -0.0175353 -7.10766e-05 6.49203e-05 -0.0175353 0.0866108 7.15346e-05 -0.000143766 -7.10766e-05 7.15346e-05 0.00950838 -0.0174231 6.49203e-05 -0.000143766 -0.0174231 0.0859895 
0.00970237 -0.0179 -6.76441e-05 6.34542e-05 -0.0179 0.0884682 7.09306e-05 -0.000133768 -6.76441e-05 7.09306e-05 0.00971526 -0.0177805 6.34542e-05 -0.000133768 -0.0177805 0.08777 
0.00965246 -0.0178114 -4.10197e-05 6.06178e-05 -0.0178114 0.0881153 6.26403e-05 -0.000122938 -4.10197e-05 6.26403e-05 0.00971402 -0.0177259 6.06178e-05 -0.000122938 -0.0177259 0.0874616 
0.0096536 -0.0178163 -3.01855e-05 2.75603e-05 -0.0178163 0.0881849 2.61461e-05 -6.09393e-05 -3.01855e-05 2.61461e-05 0.00974105 -0.0177934 2.75603e-05 -6.09393e-05 -0.0177934 0.0876573 
0.00964014 -0.0178351 -5.65e-05 1.40708e-05 -0.0178351 0.0883098 1.0346e-05 -3.34594e-06 -5.65e-05 1.0346e-05 0.0097855 -0.0178508 1.40708e-05 -3.34594e-06 -0.0178508 0.0879106 
0.00961535 -0.0177834 -5.26092e-05 4.86041e-05 -0.0177834 0.0881874 4.02665e-05 -3.39182e-05 -5.26092e-05 4.02665e-05 0.0097967 -0.0178854 4.86041e-05 -3.39182e-05 -0.0178854 0.0879906 
0.00939462 -0.0173777 -5.28946e-05 5.11055e-05 -0.0173777 0.0862153 4.14411e-05 -7.10279e-05 -5.28946e-05 4.14411e-05 0.00958988 -0.017514 5.11055e-05 -7.10279e-05 -0.017514 0.0861614 
0.00961172 -0.0177352 -4.41103e-05 5.32804e-05 -0.0177352 0.088031 4.91848e-05 -9.32998e-05 -4.41103e-05 4.91848e-05 0.00978474 -0.017905 5.32804e-05 -9.32998e-05 -0.017905 0.0880845 
0.00960191 -0.0177073 -3.1426e-05 4.13848e-05 -0.0177073 0.0878125 4.5552e-05 -9.48138e-05 -3.1426e-05 4.5552e-05 0.00974353 -0.017836 4.13848e-05 -9.48138e-05 -0.017836 0.0878351 
0.00942631 -0.0173831 -2.61379e-05 2.55645e-05 -0.0173831 0.0861612 3.28295e-05 -7.24474e-05 -2.61379e-05 3.28295e-05 0.00954966 -0.0174819 2.55645e-05 -7.24474e-05 -0.0174819 0.0861312 
0.00948839 -0.017492 -2.29176e-05 2.04293e-05 -0.017492 0.0866839 2.52724e-05 -5.43722e-05 -2.29176e-05 2.52724e-05 0.00958628 -0.0175739 2.04293e-05 -5.43722e-05 -0.0175739 0.0866087 
0.00951509 -0.0175455 -3.92996e-05 1.76768e-05 -0.0175455 0.0869311 1.74619e-05 -3.83224e-05 -3.92996e-05 1.74619e-05 0.00962307 -0.0175979 1.76768e-05 -3.83224e-05 -0.0175979 0.0867985 
0.00950429 -0.0175391 -3.41641e-05 4.08138e-05 -0.0175391 0.0869104 3.41291e-05 -6.33221e-05 -3.41641e-05 3.41291e-05 0.00965015 -0.0176081 4.08138e-05 -6.33221e-05 -0.0176081 0.0867828 
0.00950689 -0.0175268 -1.58256e-05 3.67629e-05 -0.0175268 0.0868961 2.78845e-05 -7.38586e-05 -1.58256e-05 2.78845e-05 0.00968138 -0.0176541 3.67629e-05 -7.38586e-05 -0.0176541 0.0868806 
0.00952256 -0.0175286 1.74534e-06 1.31185e-05 -0.0175286 0.0868729 5.21839e-06 -3.83741e-05 1.74534e-06 5.21839e-06 0.00968134 -0.0176821 1.31185e-05 -3.83741e-05 -0.0176821 0.0869395 
0.00954602 -0.0175892 -2.56537e-05 -1.03024e-05 -0.0175892 0.0870676 -1.9799e-05 2.18394e-05 -2.56537e-05 -1.9799e-05 0.00968778 -0.0176995 -1.03024e-05 2.18394e-05 -0.0176995 0.0870651 
0.0095606 -0.0175944 -4.04418e-05 2.49663e-05 -0.0175944 0.087088 1.27185e-05 -6.32321e-06 -4.04418e-05 1.27185e-05 0.00963965 -0.0176819 2.49663e-05 -6.32321e-06 -0.0176819 0.087004 
0.00953749 -0.0175984 -4.06462e-05 4.86528e-05 -0.0175984 0.0870537 3.78926e-05 -7.34695e-05 -4.06462e-05 3.78926e-05 0.00962096 -0.0176091 4.86528e-05 -7.34695e-05 -0.0176091 0.0868179 
0.0095104 -0.0175689 -3.11794e-05 5.19632e-05 -0.0175689 0.0869936 4.43106e-05 -0.000115171 -3.11794e-05 4.43106e-05 0.00961826 -0.0175832 5.19632e-05 -0.000115171 -0.0175832 0.0866842 
0.00950254 -0.017505 -2.44334e-05 3.8599e-05 -0.017505 0.0867863 3.52228e-05 -0.00011306 -2.44334e-05 3.52228e-05 0.00957852 -0.0175711 3.8599e-05 -0.00011306 -0.0175711 0.0865666 
0.00949746 -0.0174889 -3.54047e-05 3.10495e-05 -0.0174889 0.0866379 2.97276e-05 -9.97551e-05 -3.54047e-05 2.97276e-05 0.00953531 -0.0175105 3.10495e-05 -9.97551e-05 -0.0175105 0.0863968 
0.00948934 -0.0174203 -2.75824e-05 4.46752e-05 -0.0174203 0.0862439 4.35334e-05 -0.000116676 -2.75824e-05 4.35334e-05 0.00944371 -0.0173799 4.46752e-05 -0.000116676 -0.0173799 0.0858688 
0.00968317 -0.0177898 -1.06861e-05 3.19345e-05 -0.0177898 0.0879201 3.51624e-05 -0.000110595 -1.06861e-05 3.51624e-05 0.00959696 -0.0176391 3.19345e-05 -0.000110595 -0.0176391 0.0873029 
0.00965344 -0.0178178 -3.22599e-05 4.46453e-06 -0.0178178 0.0879952 1.35898e-05 -5.98087e-05 -3.22599e-05 1.35898e-05 0.00961504 -0.0175972 4.46453e-06 -5.98087e-05 -0.0175972 0.0871359 
0.00965057 -0.0178391 -3.82633e-05 2.86672e-05 -0.0178391 0.0882472 4.2292e-05 -7.53107e-05 -3.82633e-05 4.2292e-05 0.00967429 -0.0176757 2.86672e-05 -7.53107e-05 -0.0176757 0.0873802 
0.00957367 -0.0177319 -4.44791e-05 4.09339e-05 -0.0177319 0.087855 4.96781e-05 -0.000109657 -4.44791e-05 4.96781e-05 0.0096995 -0.0176681 4.09339e-05 -0.000109657 -0.0176681 0.0871971 
0.0095393 -0.0176618 -4.23671e-05 4.92964e-05 -0.0176618 0.0876587 4.78263e-05 -0.000121449 -4.23671e-05 4.78263e-05 0.00972592 -0.0177341 4.92964e-05 -0.000121449 -0.0177341 0.0873207 
0.00952553 -0.0176035 -2.51241e-05 4.81396e-05 -0.0176035 0.0874482 4.29517e-05 -0.000118199 -2.51241e-05 4.29517e-05 0.00972747 -0.017776 4.81396e-05 -0.000118199 -0.017776 0.087441 
0.00952973 -0.0175859 -5.98933e-06 2.34027e-05 -0.0175859 0.0873402 2.00587e-05 -7.47336e-05 -5.98933e-06 2.00587e-05 0.00971721 -0.0177875 2.34027e-05 -7.47336e-05 -0.0177875 0.0875215 
0.00951562 -0.0175326 7.81214e-06 -7.28427e-06 -0.0175326 0.0870209 -7.71498e-06 -4.42458e-07 7.81214e-06 -7.71498e-06 0.00966023 -0.0177168 -7.28427e-06 -4.42458e-07 -0.0177168 0.087243 
0.00952097 -0.0175906 1.3281e-05 -2.55547e-05 -0.0175906 0.0872069 -2.23215e-05 5.71969e-05 1.3281e-05 -2.23215e-05 0.00966928 -0.0177075 -2.55547e-05 5.71969e-05 -0.0177075 0.0873147 
0.00951683 -0.0175861 6.48836e-06 -3.51555e-05 -0.0175861 0.0872709 -2.81413e-05 9.1585e-05 6.48836e-06 -2.81413e-05 0.00966763 -0.0177232 -3.51555e-05 9.1585e-05 -0.0177232 0.0873693 
0.0094955 -0.0175135 -1.70864e-05 -1.93705e-05 -0.0175135 0.0869408 -1.23196e-05 6.99797e-05 -1.70864e-05 -1.23196e-05 0.00962274 -0.0176445 -1.93705e-05 6.99797e-05 -0.0176445 0.0870321 
0.00948844 -0.0174746 -1.04801e-05 1.27862e-05 -0.0174746 0.0866672 1.99158e-05 2.52873e-06 -1.04801e-05 1.99158e-05 0.00956 -0.0175547 1.27862e-05 2.52873e-06 -0.0175547 0.0866506 
0.00946218 -0.0174208 -2.57749e-05 1.33222e-05 -0.0174208 0.0863121 1.86836e-05 -3.96519e-05 -2.57749e-05 1.86836e-05 0.00949345 -0.0174353 1.33222e-05 -3.96519e-05 -0.0174353 0.086146 
0.00944253 -0.0174433 -5.45952e-05 3.15103e-05 -0.0174433 0.0863652 3.31802e-05 -7.24085e-05 -5.45952e-05 3.31802e-05 0.0095042 -0.0174086 3.15103e-05 -7.24085e-05 -0.0174086 0.0860589 
0.00944393 -0.0174682 -6.83356e-05 6.7875e-05 -0.0174682 0.0865938 6.71666e-05 -0.000141896 -6.83356e-05 6.71666e-05 0.00954478 -0.0174753 6.7875e-05 -0.000141896 -0.0174753 0.0863006 
0.00942898 -0.017433 -6.56803e-05 8.1589e-05 -0.017433 0.0865198 8.00935e-05 -0.000190812 -6.56803e-05 8.00935e-05 0.00955712 -0.0174986 8.1589e-05 -0.000190812 -0.0174986 0.0863565 
0.00942527 -0.0173807 -6.57244e-05 7.48813e-05 -0.0173807 0.0862851 7.1673e-05 -0.000190381 -6.57244e-05 7.1673e-05 0.00952297 -0.0174747 7.48813e-05 -0.000190381 -0.0174747 0.0862201 
0.00944292 -0.0173867 -4.38318e-05 7.19964e-05 -0.0173867 0.0862352 6.83774e-05 -0.000174989 -4.38318e-05 6.83774e-05 0.00949977 -0.0174508 7.19964e-05 -0.000174989 -0.0174508 0.0861709 
0.0096278 -0.0177097 -2.24071e-05 4.71924e-05 -0.0177097 0.0877469 4.60062e-05 -0.000136419 -2.24071e-05 4.60062e-05 0.00964973 -0.0177267 4.71924e-05 -0.000136419 -0.0177267 0.0875974 
0.00963342 -0.0177623 -2.69295e-05 2.06684e-05 -0.0177623 0.0879202 2.25106e-05 -7.96469e-05 -2.69295e-05 2.25106e-05 0.00966667 -0.0177335 2.06684e-05 -7.96469e-05 -0.0177335 0.0876587 
0.0096348 -0.0177787 -2.14015e-05 2.5305e-05 -0.0177787 0.0880555 2.69453e-05 -5.98831e-05 -2.14015e-05 2.69453e-05 0.0096922 -0.01777 2.5305e-05 -5.98831e-05 -0.01777 0.0877876 
0.00942937 -0.0174537 -1.93128e-05 1.64533e-05 -0.0174537 0.0864658 1.68848e-05 -4.10409e-05 -1.93128e-05 1.68848e-05 0.00952484 -0.0174501 1.64533e-05 -4.10409e-05 -0.0174501 0.0861894 
0.0094154 -0.0174089 -3.83861e-05 1.87914e-05 -0.0174089 0.086382 1.60732e-05 -3.7383e-05 -3.83861e-05 1.60732e-05 0.00952105 -0.0174601 1.87914e-05 -3.7383e-05 -0.0174601 0.0861952 
0.00943952 -0.0174062 -3.47649e-05 3.92002e-05 -0.0174062 0.0864052 3.43216e-05 -6.1072e-05 -3.47649e-05 3.43216e-05 0.00951615 -0.0174846 3.92002e-05 -6.1072e-05 -0.0174846 0.0863245 
0.00946812 -0.0174329 -2.0023e-05 3.93717e-05 -0.0174329 0.0864492 3.5155e-05 -8.14431e-05 -2.0023e-05 3.5155e-05 0.00950142 -0.0174675 3.93717e-05 -8.14431e-05 -0.0174675 0.0863293 
0.00947171 -0.017453 -3.06985e-07 1.98218e-05 -0.017453 0.0864334 2.39335e-05 -6.49212e-05 -3.06985e-07 2.39335e-05 0.00948917 -0.0174117 1.98218e-05 -6.49212e-05 -0.0174117 0.0861372 
0.00947814 -0.0175418 7.10637e-06 -7.03824e-06 -0.0175418 0.0868386 -4.67073e-07 -1.40453e-05 7.10637e-06 -4.67073e-07 0.00955925 -0.0174701 -7.03824e-06 -1.40453e-05 -0.0174701 0.0864002 
0.00947652 -0.0175339 7.4316e-06 -1.91565e-05 -0.0175339 0.0869719 -2.07311e-05 4.28145e-05 7.4316e-06 -2.07311e-05 0.00961569 -0.0175602 -1.91565e-05 4.28145e-05 -0.0175602 0.0866531 
0.00946068 -0.0174939 -8.46229e-06 -1.59853e-05 -0.0174939 0.0868513 -2.36097e-05 6.25905e-05 -8.46229e-06 -2.36097e-05 0.00963615 -0.0176089 -1.59853e-05 6.25905e-05 -0.0176089 0.086766 
0.00943528 -0.0174643 -3.39638e-05 -1.38471e-06 -0.0174643 0.0867306 -7.28688e-06 4.88595e-05 -3.39638e-05 -7.28688e-06 0.00964151 -0.0176344 -1.38471e-06 4.88595e-05 -0.0176344 0.0868453 
0.00946351 -0.0174505 -5.90047e-05 2.76649e-05 -0.0174505 0.0867236 3.01674e-05 -1.37026e-05 -5.90047e-05 3.01674e-05 0.00961465 -0.0176611 2.76649e-05 -1.37026e-05 -0.0176611 0.0869784 
0.00948821 -0.0174773 -7.20898e-05 5.57883e-05 -0.0174773 0.0867496 6.46027e-05 -9.15038e-05 -7.20898e-05 6.46027e-05 0.00957726 -0.0176267 5.57883e-05 -9.15038e-05 -0.0176267 0.0869746 
0.00948551 -0.0174767 -8.50065e-05 7.11754e-05 -0.0174767 0.0866579 8.0213e-05 -0.000145875 -8.50065e-05 8.0213e-05 0.00954099 -0.0175393 7.11754e-05 -0.000145875 -0.0175393 0.0867032 
0.00949018 -0.0174676 -5.82292e-05 8.90232e-05 -0.0174676 0.0865761 9.57207e-05 -0.000192088 -5.82292e-05 9.57207e-05 0.00950682 -0.0174787 8.90232e-05 -0.000192088 -0.0174787 0.0864479 
0.00948883 -0.0175046 -3.90086e-05 6.3155e-05 -0.0175046 0.0866612 6.58337e-05 -0.000173073 -3.90086e-05 6.58337e-05 0.00950752 -0.0174349 6.3155e-05 -0.000173073 -0.0174349 0.0862998 
0.0095091 -0.0175338 -6.02255e-06 3.72135e-05 -0.0175338 0.0868486 3.98277e-05 -0.000113443 -6.02255e-06 3.98277e-05 0.00951859 -0.0174694 3.72135e-05 -0.000113443 -0.0174694 0.0863976 
0.00953856 -0.0176261 7.81759e-07 -5.39892e-06 -0.0176261 0.0873103 -8.70741e-07 -2.32632e-05 7.81759e-07 -8.70741e-07 0.00957259 -0.0175604 -5.39892e-06 -2.32632e-05 -0.0175604 0.0868451 
0.00955451 -0.0175947 -8.29262e-07 -1.3475e-05 -0.0175947 0.0872567 -8.1363e-06 2.59349e-05 -8.29262e-07 -8.1363e-06 0.0095659 -0.0175732 -1.3475e-05 2.59349e-05 -0.0175732 0.0868745 
0.00954447 -0.0175687 -2.22223e-05 -3.41382e-07 -0.0175687 0.0870452 -1.25446e-06 1.36211e-05 -2.22223e-05 -1.25446e-06 0.00953971 -0.0175254 -3.41382e-07 1.36211e-05 -0.0175254 0.0866811 
0.00950981 -0.0175518 -4.46974e-05 2.50587e-05 -0.0175518 0.0869031 1.88601e-05 -2.61472e-05 -4.46974e-05 1.88601e-05 0.0095361 -0.0174801 2.50587e-05 -2.61472e-05 -0.0174801 0.0864816 
0.00945219 -0.017461 -4.54163e-05 5.18574e-05 -0.017461 0.086524 4.40868e-05 -8.50113e-05 -4.54163e-05 4.40868e-05 0.00952685 -0.0174218 5.18574e-05 -8.50113e-05 -0.0174218 0.0861201 
0.0094398 -0.0174344 -1.86765e-05 4.76834e-05 -0.0174344 0.0864474 4.43377e-05 -0.000102833 -1.86765e-05 4.43377e-05 0.00953143 -0.0174504 4.76834e-05 -0.000102833 -0.0174504 0.0861385 
0.00942948 -0.0174253 -1.73719e-05 1.36821e-05 -0.0174253 0.0864297 1.31123e-05 -5.49319e-05 -1.73719e-05 1.31123e-05 0.00954766 -0.0174788 1.36821e-05 -5.49319e-05 -0.0174788 0.0862438 
0.00939777 -0.0173932 -9.83736e-06 6.23451e-06 -0.0173932 0.0863059 5.59173e-06 -7.62773e-06 -9.83736e-06 5.59173e-06 0.00957637 -0.0174817 6.23451e-06 -7.62773e-06 -0.0174817 0.0862272 
0.00943491 -0.017446 -1.44785e-05 -1.7969e-06 -0.017446 0.086652 -4.18436e-06 2.14806e-05 -1.44785e-05 -4.18436e-06 0.00964442 -0.0176189 -1.7969e-06 2.14806e-05 -0.0176189 0.0867575 
0.00949013 -0.0175066 -9.12779e-06 8.39058e-06 -0.0175066 0.0869579 5.74817e-06 1.13614e-05 -9.12779e-06 5.74817e-06 0.0096639 -0.0177211 8.39058e-06 1.13614e-05 -0.0177211 0.087217 
0.00952913 -0.0175166 -1.32881e-05 -5.0881e-06 -0.0175166 0.0869211 -4.31147e-06 2.91389e-05 -1.32881e-05 -4.31147e-06 0.00960824 -0.0176872 -5.0881e-06 2.91389e-05 -0.0176872 0.0871703 
0.00954907 -0.0175724 -3.51495e-05 3.63757e-06 -0.0175724 0.0869956 5.69303e-06 2.10593e-05 -3.51495e-05 5.69303e-06 0.0095622 -0.0175968 3.63757e-06 2.10593e-05 -0.0175968 0.0869617 
0.00957402 -0.0176171 -4.51995e-05 3.36234e-05 -0.0176171 0.0871393 3.33133e-05 -3.33813e-05 -4.51995e-05 3.33133e-05 0.00952325 -0.0175291 3.36234e-05 -3.33813e-05 -0.0175291 0.0867542 
