0.00705031 0 8.7873e-05 0 0 0.00970013 0 0 8.7873e-05 0 0.00663892 0 0 0 0 0.00970013 
0.0102233 -0.0126793 0.000100923 -0.00012209 -0.0126793 0.0334737 -0.00012209 0.000233892 0.000100923 -0.00012209 0.00974038 -0.0121017 -0.00012209 0.000233892 -0.0121017 0.0323653 
0.00994147 -0.0183268 8.30174e-05 -8.89144e-05 -0.0183268 0.067429 -8.89144e-05 0.000262533 8.30174e-05 -8.89144e-05 0.00954561 -0.0180134 -8.89144e-05 0.000262533 -0.0180134 0.0665489 
0.00944079 -0.017833 9.8067e-05 -1.7993e-05 -0.017833 0.0795052 -1.83477e-05 -0.000111723 9.8067e-05 -1.83477e-05 0.00896776 -0.0178019 -1.7993e-05 -0.000111723 -0.0178019 0.0804056 
0.0094793 -0.0173581 0.000141191 -5.17392e-05 -0.0173581 0.0827256 -5.36117e-05 -0.00020961 0.000141191 -5.36117e-05 0.00891199 -0.01713 -5.17392e-05 -0.00020961 -0.01713 0.0838498 
0.00981574 -0.0176732 0.000161615 -0.00012868 -0.0176732 0.0855727 -0.0001277 -2.68063e-05 0.000161615 -0.0001277 0.00911841 -0.0171984 -0.00012868 -2.68063e-05 -0.0171984 0.0858778 
0.0098049 -0.0176613 0.000151637 -0.000151755 -0.0176613 0.0857241 -0.000147724 0.000132739 0.000151637 -0.000147724 0.00910276 -0.0170086 -0.000151755 0.000132739 -0.0170086 0.0851958 
0.00999594 -0.0180774 0.000118344 -0.000143151 -0.0180774 0.0879719 -0.000137973 0.000184718 0.000118344 -0.000137973 0.00935023 -0.0173821 -0.000143151 0.000184718 -0.0173821 0.0869754 
0.0099879 -0.0181003 8.0247e-05 -9.28663e-05 -0.0181003 0.0883567 -8.70747e-05 0.000113839 8.0247e-05 -8.70747e-05 0.00945092 -0.0174935 -9.28663e-05 0.000113839 -0.0174935 0.0873357 
0.00977426 -0.0177481 5.0749e-05 -4.01608e-05 -0.0177481 0.0868476 -3.29818e-05 -1.30228e-05 5.0749e-05 -3.29818e-05 0.00938744 -0.0173084 -4.01608e-05 -1.30228e-05 -0.0173084 0.0861335 
0.00989725 -0.0179701 5.31407e-05 -8.19122e-06 -0.0179701 0.0881126 3.33197e-07 -0.000119574 5.31407e-05 3.33197e-07 0.00959284 -0.0177136 -8.19122e-06 -0.000119574 -0.0177136 0.0878396 
0.00984902 -0.0178211 8.04236e-05 -1.34895e-05 -0.0178211 0.0874537 -4.23836e-06 -0.000148049 8.04236e-05 -4.23836e-06 0.00953043 -0.0176726 -1.34895e-05 -0.000148049 -0.0176726 0.0875377 
0.00980816 -0.0176919 8.07702e-05 -4.86779e-05 -0.0176919 0.0867089 -4.16589e-05 -9.2193e-05 8.07702e-05 -4.16589e-05 0.00942744 -0.0175139 -4.86779e-05 -9.2193e-05 -0.0175139 0.0868602 
0.00977346 -0.0176727 8.4058e-05 -5.33016e-05 -0.0176727 0.0864421 -5.28056e-05 -3.98502e-05 8.4058e-05 -5.28056e-05 0.00939486 -0.0174133 -5.33016e-05 -3.98502e-05 -0.0174133 0.086458 
0.00978458 -0.0177082 7.84945e-05 -5.48733e-05 -0.0177082 0.0866057 -5.17223e-05 -2.91106e-05 7.84945e-05 -5.17223e-05 0.00940378 -0.0174315 -5.48733e-05 -2.91106e-05 -0.0174315 0.086502 
0.00978492 -0.0176973 7.48806e-05 -4.90134e-05 -0.0176973 0.0865834 -4.15356e-05 -3.95813e-05 7.48806e-05 -4.15356e-05 0.00937748 -0.017437 -4.90134e-05 -3.95813e-05 -0.017437 0.0864908 
0.00975979 -0.0176871 6.90033e-05 -3.93653e-05 -0.0176871 0.0865162 -3.363e-05 -6.58161e-05 6.90033e-05 -3.363e-05 0.00937706 -0.0173992 -3.93653e-05 -6.58161e-05 -0.0173992 0.0863988 
0.00976621 -0.0176859 5.78113e-05 -2.72074e-05 -0.0176859 0.0865891 -2.75362e-05 -9.42381e-05 5.78113e-05 -2.75362e-05 0.00937894 -0.0174337 -2.72074e-05 -9.42381e-05 -0.0174337 0.0865206 
0.00975716 -0.0176508 5.38957e-05 -1.37122e-05 -0.0176508 0.0864141 -2.01837e-05 -0.000117614 5.38957e-05 -2.01837e-05 0.00934416 -0.0173866 -1.37122e-05 -0.000117614 -0.0173866 0.0863474 
0.00973223 -0.0176512 5.59805e-05 -1.10049e-05 -0.0176512 0.0863705 -1.9838e-05 -0.000125765 5.59805e-05 -1.9838e-05 0.00935502 -0.0173485 -1.10049e-05 -0.000125765 -0.0173485 0.0862294 
0.00972877 -0.0176548 5.52669e-05 -1.1766e-05 -0.0176548 0.086472 -1.87847e-05 -0.000130751 5.52669e-05 -1.87847e-05 0.00938015 -0.0173938 -1.1766e-05 -0.000130751 -0.0173938 0.0863568 
0.0097217 -0.0176425 5.85082e-05 -1.51152e-05 -0.0176425 0.0864535 -1.84945e-05 -0.000126385 5.85082e-05 -1.84945e-05 0.0093835 -0.0174036 -1.51152e-05 -0.000126385 -0.0174036 0.0863829 
0.00990015 -0.0179859 7.59459e-05 -2.51933e-05 -0.0179859 0.0881644 -2.56544e-05 -0.000106867 7.59459e-05 -2.56544e-05 0.00959056 -0.0177584 -2.51933e-05 -0.000106867 -0.0177584 0.0881368 
0.00987707 -0.0179598 8.7834e-05 -5.02844e-05 -0.0179598 0.0881027 -5.02199e-05 -5.19765e-05 8.7834e-05 -5.02199e-05 0.009608 -0.0177798 -5.02844e-05 -5.19765e-05 -0.0177798 0.0881649 
0.00983178 -0.0178697 7.68365e-05 -6.9146e-05 -0.0178697 0.0877367 -6.72807e-05 7.10671e-06 7.68365e-05 -6.72807e-05 0.00960015 -0.0177501 -6.9146e-05 7.10671e-06 -0.0177501 0.0879466 
0.00985733 -0.0178898 6.19414e-05 -5.40747e-05 -0.0178898 0.0878535 -5.25298e-05 5.54698e-06 6.19414e-05 -5.25298e-05 0.00960842 -0.0178129 -5.40747e-05 5.54698e-06 -0.0178129 0.088191 
0.00985797 -0.0179262 5.52236e-05 -2.50918e-05 -0.0179262 0.0879871 -2.80036e-05 -5.21319e-05 5.52236e-05 -2.80036e-05 0.00962036 -0.0178317 -2.50918e-05 -5.21319e-05 -0.0178317 0.0883525 
0.00986965 -0.0179154 7.42778e-05 -1.4453e-05 -0.0179154 0.0880068 -2.1264e-05 -9.37257e-05 7.42778e-05 -2.1264e-05 0.00959701 -0.01784 -1.4453e-05 -9.37257e-05 -0.01784 0.0884086 
0.00986708 -0.0178824 9.66796e-05 -4.28862e-05 -0.0178824 0.0878038 -4.74551e-05 -6.18891e-05 9.66796e-05 -4.74551e-05 0.0095276 -0.0177569 -4.28862e-05 -6.18891e-05 -0.0177569 0.0881378 
0.00982808 -0.0178027 0.000108041 -7.04119e-05 -0.0178027 0.0873217 -7.07225e-05 -2.85957e-06 0.000108041 -7.07225e-05 0.00943662 -0.0175754 -7.04119e-05 -2.85957e-06 -0.0175754 0.0874271 
0.00979635 -0.0178264 0.000101882 -9.67031e-05 -0.0178264 0.0873557 -9.08579e-05 7.03272e-05 0.000101882 -9.08579e-05 0.00945089 -0.0175091 -9.67031e-05 7.03272e-05 -0.0175091 0.0871857 
0.00980496 -0.0178111 8.78366e-05 -9.78271e-05 -0.0178111 0.0874071 -9.0532e-05 0.000110131 8.78366e-05 -9.0532e-05 0.0094526 -0.0175325 -9.78271e-05 0.000110131 -0.0175325 0.08716 
0.00977852 -0.0177454 5.62272e-05 -7.55586e-05 -0.0177454 0.0870636 -7.11584e-05 8.66115e-05 5.62272e-05 -7.11584e-05 0.00940891 -0.0174623 -7.55586e-05 8.66115e-05 -0.0174623 0.0868027 
0.00975596 -0.0177216 3.81314e-05 -3.21881e-05 -0.0177216 0.0869046 -3.06427e-05 6.25628e-06 3.81314e-05 -3.06427e-05 0.00939441 -0.0174221 -3.21881e-05 6.25628e-06 -0.0174221 0.0866111 
0.00975629 -0.0177136 3.99352e-05 -7.54259e-08 -0.0177136 0.0868746 -2.24336e-06 -8.85237e-05 3.99352e-05 -2.24336e-06 0.0093866 -0.0174189 -7.54259e-08 -8.85237e-05 -0.0174189 0.0865647 
0.00975944 -0.0177768 4.64509e-05 1.17369e-06 -0.0177768 0.0871451 -3.41046e-07 -0.000135021 4.64509e-05 -3.41046e-07 0.00942311 -0.0174536 1.17369e-06 -0.000135021 -0.0174536 0.0867682 
0.00974124 -0.0177299 4.39555e-05 -1.30537e-05 -0.0177299 0.0870434 -1.29104e-05 -0.00011979 4.39555e-05 -1.29104e-05 0.00941903 -0.0174662 -1.30537e-05 -0.00011979 -0.0174662 0.0867475 
0.00975973 -0.0177356 5.51965e-05 -1.54045e-05 -0.0177356 0.0871066 -1.39528e-05 -0.000101213 5.51965e-05 -1.39528e-05 0.00940688 -0.017499 -1.54045e-05 -0.000101213 -0.017499 0.0869132 
0.00971466 -0.0176578 5.8001e-05 -2.73321e-05 -0.0176578 0.086678 -2.69096e-05 -7.71914e-05 5.8001e-05 -2.69096e-05 0.00934384 -0.0173758 -2.73321e-05 -7.71914e-05 -0.0173758 0.086438 
0.00969742 -0.017644 5.61418e-05 -3.57027e-05 -0.017644 0.0865971 -3.29386e-05 -4.98612e-05 5.61418e-05 -3.29386e-05 0.00933468 -0.0173278 -3.57027e-05 -4.98612e-05 -0.0173278 0.0862577 
0.00967837 -0.0175746 5.85815e-05 -3.51602e-05 -0.0175746 0.0862976 -3.01209e-05 -4.07695e-05 5.85815e-05 -3.01209e-05 0.00928911 -0.0172718 -3.51602e-05 -4.07695e-05 -0.0172718 0.0859391 
0.00987763 -0.0178929 5.86429e-05 -3.74129e-05 -0.0178929 0.0877949 -3.07726e-05 -4.04271e-05 5.86429e-05 -3.07726e-05 0.00942899 -0.0175477 -3.74129e-05 -4.04271e-05 -0.0175477 0.0873654 
0.00990516 -0.0179391 4.76196e-05 -3.93189e-05 -0.0179391 0.0878911 -3.3541e-05 -3.19168e-05 4.76196e-05 -3.3541e-05 0.00941969 -0.0175299 -3.93189e-05 -3.19168e-05 -0.0175299 0.0873302 
0.00995431 -0.018072 4.27689e-05 -2.57314e-05 -0.018072 0.0884549 -2.3428e-05 -4.56748e-05 4.27689e-05 -2.3428e-05 0.00946566 -0.0176025 -2.57314e-05 -4.56748e-05 -0.0176025 0.0877223 
0.00992819 -0.0180612 6.38129e-05 -1.2883e-05 -0.0180612 0.088434 -1.51788e-05 -7.59282e-05 6.38129e-05 -1.51788e-05 0.00947883 -0.0175723 -1.2883e-05 -7.59282e-05 -0.0175723 0.0875737 
0.00987905 -0.0180786 7.90322e-05 -4.28962e-05 -0.0180786 0.0885921 -4.58229e-05 -3.64779e-05 7.90322e-05 -4.58229e-05 0.00956543 -0.0176202 -4.28962e-05 -3.64779e-05 -0.0176202 0.0877119 
0.00965036 -0.0176458 7.23365e-05 -5.62017e-05 -0.0176458 0.086735 -5.65479e-05 1.31607e-06 7.23365e-05 -5.65479e-05 0.00942301 -0.0173641 -5.62017e-05 1.31607e-06 -0.0173641 0.0861341 
0.00972569 -0.0177294 6.57015e-05 -5.28661e-05 -0.0177294 0.0872583 -5.40243e-05 1.35549e-05 6.57015e-05 -5.40243e-05 0.00948722 -0.017577 -5.28661e-05 1.35549e-05 -0.017577 0.0870351 
0.00976731 -0.0177644 5.37728e-05 -4.80557e-05 -0.0177644 0.0873912 -5.04119e-05 1.60966e-05 5.37728e-05 -5.04119e-05 0.00949561 -0.01762 -4.80557e-05 1.60966e-05 -0.01762 0.0873636 
0.00976901 -0.0177614 3.85612e-05 -3.31582e-05 -0.0177614 0.0872873 -3.84259e-05 -3.74889e-06 3.85612e-05 -3.84259e-05 0.00946829 -0.0175783 -3.31582e-05 -3.74889e-06 -0.0175783 0.0872612 
0.00973836 -0.0177064 2.84747e-05 -1.60419e-05 -0.0177064 0.0869896 -1.78978e-05 -4.16036e-05 2.84747e-05 -1.78978e-05 0.00942924 -0.0175052 -1.60419e-05 -4.16036e-05 -0.0175052 0.086951 
0.00970325 -0.0176791 4.53482e-05 -7.95223e-06 -0.0176791 0.0868385 -5.08357e-06 -7.23857e-05 4.53482e-05 -5.08357e-06 0.00943589 -0.0174594 -7.95223e-06 -7.23857e-05 -0.0174594 0.0867567 
0.0097434 -0.0177457 5.73358e-05 -2.39037e-05 -0.0177457 0.0872155 -2.21081e-05 -6.56352e-05 5.73358e-05 -2.21081e-05 0.00947702 -0.017552 -2.39037e-05 -6.56352e-05 -0.017552 0.0871278 
0.0097465 -0.0177671 6.21664e-05 -3.58847e-05 -0.0177671 0.0873451 -3.77213e-05 -3.71485e-05 6.21664e-05 -3.77213e-05 0.00950939 -0.0175954 -3.58847e-05 -3.71485e-05 -0.0175954 0.0873238 
0.00973698 -0.0177523 8.18056e-05 -3.88324e-05 -0.0177523 0.0873388 -4.04484e-05 -2.51847e-05 8.18056e-05 -4.04484e-05 0.00951371 -0.0176314 -3.88324e-05 -2.51847e-05 -0.0176314 0.0874421 
0.00971305 -0.0176726 0.000105266 -6.60946e-05 -0.0176726 0.0870111 -6.34284e-05 1.58617e-05 0.000105266 -6.34284e-05 0.00948546 -0.0175941 -6.60946e-05 1.58617e-05 -0.0175941 0.0872686 
0.00967482 -0.0176271 0.000107387 -9.52763e-05 -0.0176271 0.0867318 -9.17068e-05 7.99309e-05 0.000107387 -9.17068e-05 0.00947565 -0.0175307 -9.52763e-05 7.99309e-05 -0.0175307 0.0870059 
0.00962744 -0.0175412 8.48392e-05 -0.000101795 -0.0175412 0.0863337 -0.000100157 0.000124696 8.48392e-05 -0.000100157 0.00945843 -0.0174692 -0.000101795 0.000124696 -0.0174692 0.0866272 
0.00962922 -0.0174965 7.31874e-05 -7.10382e-05 -0.0174965 0.0861011 -6.98884e-05 8.82048e-05 7.31874e-05 -6.98884e-05 0.00941251 -0.0174419 -7.10382e-05 8.82048e-05 -0.0174419 0.0864131 
0.0096674 -0.0175632 6.87274e-05 -5.56712e-05 -0.0175632 0.0863111 -4.69233e-05 2.92338e-05 6.87274e-05 -4.69233e-05 0.00939474 -0.0174531 -5.56712e-05 2.92338e-05 -0.0174531 0.086549 
0.00972736 -0.0176969 6.18055e-05 -5.05679e-05 -0.0176969 0.0868806 -3.24372e-05 -1.59888e-05 6.18055e-05 -3.24372e-05 0.00942751 -0.0174923 -5.05679e-05 -1.59888e-05 -0.0174923 0.0868931 
0.00979567 -0.0177879 6.40204e-05 -4.12622e-05 -0.0177879 0.0873353 -2.1529e-05 -5.04182e-05 6.40204e-05 -2.1529e-05 0.00944152 -0.0175428 -4.12622e-05 -5.04182e-05 -0.0175428 0.0871704 
0.00984537 -0.0178695 6.20543e-05 -3.63917e-05 -0.0178695 0.0876738 -2.7745e-05 -6.65679e-05 6.20543e-05 -2.7745e-05 0.00945005 -0.0175719 -3.63917e-05 -6.65679e-05 -0.0175719 0.0873799 
0.00987933 -0.0179164 4.42317e-05 -2.94113e-05 -0.0179164 0.0878437 -3.46772e-05 -7.01183e-05 4.42317e-05 -3.46772e-05 0.00944171 -0.0175571 -2.94113e-05 -7.01183e-05 -0.0175571 0.0873854 
0.00991071 -0.0180073 3.46551e-05 -3.6863e-06 -0.0180073 0.0882294 -1.83399e-05 -0.000102371 3.46551e-05 -1.83399e-05 0.00947403 -0.0175992 -3.6863e-06 -0.000102371 -0.0175992 0.087638 
0.00987964 -0.0180027 4.09275e-05 7.46286e-06 -0.0180027 0.0882522 -8.13342e-06 -0.000134955 4.09275e-05 -8.13342e-06 0.00950257 -0.0175965 7.46286e-06 -0.000134955 -0.0175965 0.0876092 
0.00983595 -0.0179781 2.86913e-05 2.82376e-06 -0.0179781 0.0882672 -9.55242e-06 -0.00014738 2.86913e-05 -9.55242e-06 0.00956569 -0.0176437 2.82376e-06 -0.00014738 -0.0176437 0.0877231 
0.00978996 -0.0178615 1.19761e-05 1.02892e-05 -0.0178615 0.0878998 1.21407e-06 -0.000153514 1.19761e-05 1.21407e-06 0.00956352 -0.0176786 1.02892e-05 -0.000153514 -0.0176786 0.0876721 
0.00977261 -0.0177569 2.13125e-05 3.03235e-05 -0.0177569 0.0874276 2.2655e-05 -0.000189843 2.13125e-05 2.2655e-05 0.00951895 -0.0176489 3.03235e-05 -0.000189843 -0.0176489 0.0874933 
0.00980267 -0.0177827 3.68021e-05 1.76572e-05 -0.0177827 0.0874314 1.40978e-05 -0.00019206 3.68021e-05 1.40978e-05 0.00951266 -0.0176515 1.76572e-05 -0.00019206 -0.0176515 0.0875849 
0.00979199 -0.0177769 4.20454e-05 -2.62333e-06 -0.0177769 0.0872766 7.99444e-07 -0.000164801 4.20454e-05 7.99444e-07 0.00948357 -0.01759 -2.62333e-06 -0.000164801 -0.01759 0.0873453 
0.00973129 -0.0177098 4.29838e-05 -1.53758e-05 -0.0177098 0.0869089 -7.25126e-06 -0.000129823 4.29838e-05 -7.25126e-06 0.0094573 -0.0174915 -1.53758e-05 -0.000129823 -0.0174915 0.086875 
0.0096903 -0.0176631 4.16248e-05 -2.58763e-05 -0.0176631 0.0867497 -1.14336e-05 -9.76508e-05 4.16248e-05 -1.14336e-05 0.0094719 -0.0174869 -2.58763e-05 -9.76508e-05 -0.0174869 0.0867418 
0.00967444 -0.0176464 5.16776e-05 -1.95096e-05 -0.0176464 0.0867638 -4.69234e-06 -0.000100923 5.16776e-05 -4.69234e-06 0.00950239 -0.0175524 -1.95096e-05 -0.000100923 -0.0175524 0.0869267 
0.00969724 -0.0176979 5.57847e-05 -3.01198e-05 -0.0176979 0.0870785 -2.10659e-05 -8.41892e-05 5.57847e-05 -2.10659e-05 0.00954624 -0.0176556 -3.01198e-05 -8.41892e-05 -0.0176556 0.0873944 
0.00974721 -0.0177462 5.35022e-05 -3.00073e-05 -0.0177462 0.0873726 -2.80892e-05 -7.12602e-05 5.35022e-05 -2.80892e-05 0.0095557 -0.0177298 -3.00073e-05 -7.12602e-05 -0.0177298 0.0877876 
0.00974646 -0.0177629 5.73491e-05 -2.32756e-05 -0.0177629 0.0873935 -2.6029e-05 -7.2154e-05 5.73491e-05 -2.6029e-05 0.00956478 -0.0176975 -2.32756e-05 -7.2154e-05 -0.0176975 0.0877649 
0.009745 -0.017719 5.7244e-05 -3.03565e-05 -0.017719 0.087203 -3.16006e-05 -6.27898e-05 5.7244e-05 -3.16006e-05 0.00953812 -0.0176655 -3.03565e-05 -6.27898e-05 -0.0176655 0.087558 
0.00976242 -0.0177459 7.33383e-05 -2.94109e-05 -0.0177459 0.0872656 -3.11234e-05 -5.8788e-05 7.33383e-05 -3.11234e-05 0.00953444 -0.0176737 -2.94109e-05 -5.8788e-05 -0.0176737 0.0876095 
0.00977604 -0.0177147 7.59478e-05 -4.7384e-05 -0.0177147 0.0870837 -4.61146e-05 -3.76731e-05 7.59478e-05 -4.61146e-05 0.00947076 -0.0176265 -4.7384e-05 -3.76731e-05 -0.0176265 0.0874039 
0.00977627 -0.0177314 7.85037e-05 -5.94325e-05 -0.0177314 0.0870147 -5.31838e-05 -3.9303e-06 7.85037e-05 -5.31838e-05 0.00945106 -0.0175419 -5.94325e-05 -3.9303e-06 -0.0175419 0.0871627 
0.00982717 -0.0178155 6.85742e-05 -6.8104e-05 -0.0178155 0.0873763 -5.97049e-05 2.4087e-05 6.85742e-05 -5.97049e-05 0.00947803 -0.0175836 -6.8104e-05 2.4087e-05 -0.0175836 0.0873549 
0.00988548 -0.0179564 5.38604e-05 -5.10108e-05 -0.0179564 0.0880049 -4.75243e-05 7.65526e-06 5.38604e-05 -4.75243e-05 0.00953198 -0.0176844 -5.10108e-05 7.65526e-06 -0.0176844 0.0878461 
0.00988378 -0.0179319 4.81531e-05 -2.4043e-05 -0.0179319 0.0879117 -2.35446e-05 -5.09447e-05 4.81531e-05 -2.35446e-05 0.00950312 -0.0176373 -2.4043e-05 -5.09447e-05 -0.0176373 0.087634 
0.00993648 -0.0179991 7.46527e-05 -1.1234e-05 -0.0179991 0.0882025 -8.68019e-06 -0.000109429 7.46527e-05 -8.68019e-06 0.00950284 -0.017672 -1.1234e-05 -0.000109429 -0.017672 0.0878311 
0.00992813 -0.0179957 7.45049e-05 -4.53465e-05 -0.0179957 0.0881019 -4.13134e-05 -8.06922e-05 7.45049e-05 -4.13134e-05 0.00948104 -0.017603 -4.53465e-05 -8.06922e-05 -0.017603 0.0875816 
0.00989444 -0.0179744 5.35251e-05 -4.99292e-05 -0.0179744 0.0879899 -4.7535e-05 -4.52436e-05 5.35251e-05 -4.7535e-05 0.00948183 -0.0175693 -4.99292e-05 -4.52436e-05 -0.0175693 0.0873893 
0.00987695 -0.0179693 3.41977e-05 -2.32309e-05 -0.0179693 0.0880489 -1.93844e-05 -7.98106e-05 3.41977e-05 -1.93844e-05 0.00951341 -0.0176095 -2.32309e-05 -7.98106e-05 -0.0176095 0.0875015 
0.00984561 -0.0179297 2.55292e-05 6.08237e-07 -0.0179297 0.0879543 7.76148e-06 -0.00014347 2.55292e-05 7.76148e-06 0.00953542 -0.0176378 6.08237e-07 -0.00014347 -0.0176378 0.0875566 
0.00983036 -0.0178659 2.77518e-05 1.48571e-06 -0.0178659 0.0877357 1.21582e-05 -0.000164571 2.77518e-05 1.21582e-05 0.00952765 -0.0176457 1.48571e-06 -0.000164571 -0.0176457 0.0875218 
0.00979992 -0.0178059 2.8619e-05 3.38136e-06 -0.0178059 0.0874065 1.65274e-05 -0.000181548 2.8619e-05 1.65274e-05 0.00950561 -0.0175928 3.38136e-06 -0.000181548 -0.0175928 0.0872767 
0.00981903 -0.0178484 2.68517e-05 3.72102e-06 -0.0178484 0.0875883 1.71318e-05 -0.000190377 2.68517e-05 1.71318e-05 0.0095381 -0.0176402 3.72102e-06 -0.000190377 -0.0176402 0.0874829 
0.00985536 -0.0179125 3.27555e-05 3.08566e-06 -0.0179125 0.0879092 1.24498e-05 -0.000185584 3.27555e-05 1.24498e-05 0.0095693 -0.0177221 3.08566e-06 -0.000185584 -0.0177221 0.0878404 
0.00967166 -0.0175948 2.31465e-05 4.01201e-06 -0.0175948 0.0863455 3.33563e-06 -0.000178537 2.31465e-05 3.33563e-06 0.00939847 -0.0174024 4.01201e-06 -0.000178537 -0.0174024 0.0862841 
0.00970797 -0.0176421 4.15982e-06 1.98917e-05 -0.0176421 0.0866043 1.11193e-05 -0.000195721 4.15982e-06 1.11193e-05 0.00941218 -0.0174458 1.98917e-05 -0.000195721 -0.0174458 0.0865185 
0.0097475 -0.0177038 1.0474e-05 5.04091e-05 -0.0177038 0.0868781 3.74115e-05 -0.000254593 1.0474e-05 3.74115e-05 0.00943162 -0.0174793 5.04091e-05 -0.000254593 -0.0174793 0.0867414 
0.00971696 -0.017647 2.6592e-05 4.30303e-05 -0.017647 0.086586 3.01246e-05 -0.000270663 2.6592e-05 3.01246e-05 0.00940494 -0.0174152 4.30303e-05 -0.000270663 -0.0174152 0.0864298 
0.00988296 -0.0179715 5.38805e-05 1.59505e-05 -0.0179715 0.0881868 3.71663e-06 -0.000225691 5.38805e-05 3.71663e-06 0.00960478 -0.0177522 1.59505e-05 -0.000225691 -0.0177522 0.0880648 
0.00987598 -0.0179201 8.48266e-05 -1.74088e-05 -0.0179201 0.0879863 -2.46601e-05 -0.000156066 8.48266e-05 -2.46601e-05 0.00957736 -0.0177476 -1.74088e-05 -0.000156066 -0.0177476 0.0879541 
0.00990611 -0.0179592 7.80912e-05 -6.56347e-05 -0.0179592 0.0881194 -6.27102e-05 -5.29824e-05 7.80912e-05 -6.27102e-05 0.00955888 -0.0177724 -6.56347e-05 -5.29824e-05 -0.0177724 0.088131 
0.00986496 -0.0179035 5.80801e-05 -6.47354e-05 -0.0179035 0.0877825 -5.55851e-05 -6.28052e-06 5.80801e-05 -5.55851e-05 0.00951495 -0.0176516 -6.47354e-05 -6.28052e-06 -0.0176516 0.0876912 
0.00986243 -0.017872 4.17438e-05 -4.04976e-05 -0.017872 0.0876116 -2.94551e-05 -3.72436e-05 4.17438e-05 -2.94551e-05 0.00946981 -0.0175824 -4.04976e-05 -3.72436e-05 -0.0175824 0.0873644 
0.00981738 -0.0178469 4.05725e-05 -1.66094e-05 -0.0178469 0.0874091 -3.25414e-06 -9.94737e-05 4.05725e-05 -3.25414e-06 0.00945286 -0.0175007 -1.66094e-05 -9.94737e-05 -0.0175007 0.0870085 
0.0097937 -0.017819 4.5011e-05 -2.06909e-05 -0.017819 0.0873505 -9.71539e-06 -0.000109337 4.5011e-05 -9.71539e-06 0.00946208 -0.0174972 -2.06909e-05 -0.000109337 -0.0174972 0.0869054 
0.0097609 -0.017754 4.20745e-05 -2.09376e-05 -0.017754 0.0871144 -2.13509e-05 -9.75607e-05 4.20745e-05 -2.13509e-05 0.0094446 -0.0174961 -2.09376e-05 -9.75607e-05 -0.0174961 0.086793 
0.00979058 -0.0177478 3.28122e-05 -6.915e-06 -0.0177478 0.0871124 -1.83944e-05 -0.000109893 3.28122e-05 -1.83944e-05 0.00941016 -0.0175172 -6.915e-06 -0.000109893 -0.0175172 0.086908 
0.00976615 -0.0177903 2.26699e-05 1.20156e-05 -0.0177903 0.0872073 -7.27352e-06 -0.000143512 2.26699e-05 -7.27352e-06 0.00942683 -0.0174881 1.20156e-05 -0.000143512 -0.0174881 0.0869483 
0.0097208 -0.0177129 1.98062e-05 2.87502e-05 -0.0177129 0.0869783 9.86273e-06 -0.000189442 1.98062e-05 9.86273e-06 0.0094119 -0.0174553 2.87502e-05 -0.000189442 -0.0174553 0.0867389 
0.00970208 -0.0176517 1.91145e-05 2.30514e-05 -0.0176517 0.0867538 1.28975e-05 -0.000199998 1.91145e-05 1.28975e-05 0.00939326 -0.017429 2.30514e-05 -0.000199998 -0.017429 0.0865923 
0.00967257 -0.0175977 3.94385e-05 6.28512e-06 -0.0175977 0.0864688 9.28011e-06 -0.000170103 3.94385e-05 9.28011e-06 0.00938419 -0.0173737 6.28512e-06 -0.000170103 -0.0173737 0.0863355 
0.00969401 -0.0176214 5.58936e-05 -2.0022e-05 -0.0176214 0.0865653 -5.28185e-06 -0.000130658 5.58936e-05 -5.28185e-06 0.00938866 -0.0174056 -2.0022e-05 -0.000130658 -0.0174056 0.0864249 
0.00965396 -0.0175875 5.93561e-05 -4.95283e-05 -0.0175875 0.0863348 -3.09621e-05 -5.75686e-05 5.93561e-05 -3.09621e-05 0.00938959 -0.0173325 -4.95283e-05 -5.75686e-05 -0.0173325 0.0861015 
0.00963985 -0.0176509 5.68301e-05 -4.95581e-05 -0.0176509 0.08669 -3.71366e-05 -2.40604e-05 5.68301e-05 -3.71366e-05 0.00948487 -0.017433 -4.95581e-05 -2.40604e-05 -0.017433 0.086449 
0.00965905 -0.0176807 4.28464e-05 -3.6965e-05 -0.0176807 0.0870586 -3.32946e-05 -3.46075e-05 4.28464e-05 -3.32946e-05 0.00956075 -0.0176079 -3.6965e-05 -3.46075e-05 -0.0176079 0.0870618 
0.00974051 -0.0177375 2.62595e-05 -1.1091e-05 -0.0177375 0.0874421 -1.52509e-05 -8.27533e-05 2.62595e-05 -1.52509e-05 0.00957379 -0.017755 -1.1091e-05 -8.27533e-05 -0.017755 0.0877335 
0.00981863 -0.0178104 2.11019e-05 1.02227e-05 -0.0178104 0.087663 1.06729e-06 -0.000133316 2.11019e-05 1.06729e-06 0.0095441 -0.0177534 1.02227e-05 -0.000133316 -0.0177534 0.087965 
0.00987246 -0.0178974 2.53759e-05 1.7925e-05 -0.0178974 0.0878961 9.35273e-06 -0.000167267 2.53759e-05 9.35273e-06 0.0095217 -0.017712 1.7925e-05 -0.000167267 -0.017712 0.0879776 
0.00985952 -0.0179163 3.59103e-05 7.04941e-06 -0.0179163 0.0878722 2.72065e-06 -0.00016232 3.59103e-05 2.72065e-06 0.00951879 -0.0176304 7.04941e-06 -0.00016232 -0.0176304 0.0876852 
0.0098312 -0.017867 5.52138e-05 -4.04427e-06 -0.017867 0.0876704 -5.76108e-06 -0.000145719 5.52138e-05 -5.76108e-06 0.00949974 -0.0175961 -4.04427e-06 -0.000145719 -0.0175961 0.0874026 
0.00980218 -0.0178204 6.82217e-05 -2.97438e-05 -0.0178204 0.0874473 -3.05592e-05 -9.65718e-05 6.82217e-05 -3.05592e-05 0.009499 -0.0175598 -2.97438e-05 -9.65718e-05 -0.0175598 0.0871862 
0.00980852 -0.0177873 6.57058e-05 -4.24422e-05 -0.0177873 0.0873118 -4.60929e-05 -5.52333e-05 6.57058e-05 -4.60929e-05 0.00948302 -0.0175774 -4.24422e-05 -5.52333e-05 -0.0175774 0.087155 
0.00980734 -0.0178034 4.32385e-05 -3.57402e-05 -0.0178034 0.0873026 -4.1764e-05 -5.18012e-05 4.32385e-05 -4.1764e-05 0.00948024 -0.0175719 -3.57402e-05 -5.18012e-05 -0.0175719 0.0871716 
0.00981027 -0.0178403 2.75329e-05 -3.29799e-06 -0.0178403 0.0874688 -1.02269e-05 -0.00010965 2.75329e-05 -1.02269e-05 0.00950718 -0.0175937 -3.29799e-06 -0.00010965 -0.0175937 0.087301 
0.00985243 -0.0178798 4.26364e-05 1.25364e-05 -0.0178798 0.0877257 6.59733e-06 -0.000162757 4.26364e-05 6.59733e-06 0.00952266 -0.0176651 1.25364e-05 -0.000162757 -0.0176651 0.087593 
0.00987176 -0.0179024 5.75845e-05 -4.14942e-06 -0.0179024 0.0877736 -5.71799e-06 -0.000166734 5.75845e-05 -5.71799e-06 0.00951145 -0.0176518 -4.14942e-06 -0.000166734 -0.0176518 0.0876027 
0.00984284 -0.0179034 6.791e-05 -2.65608e-05 -0.0179034 0.0877274 -2.15574e-05 -0.000128965 6.791e-05 -2.15574e-05 0.00952648 -0.0176161 -2.65608e-05 -0.000128965 -0.0176161 0.0874719 
0.00983215 -0.0178912 6.62081e-05 -4.22232e-05 -0.0178912 0.0877653 -3.26967e-05 -9.08587e-05 6.62081e-05 -3.26967e-05 0.00956185 -0.0176608 -4.22232e-05 -9.08587e-05 -0.0176608 0.0875679 
0.00984775 -0.0179226 5.32459e-05 -4.64773e-05 -0.0179226 0.0879847 -3.57007e-05 -6.53618e-05 5.32459e-05 -3.57007e-05 0.00960437 -0.0177627 -4.64773e-05 -6.53618e-05 -0.0177627 0.0879614 
0.00989099 -0.0179572 4.42438e-05 -2.98161e-05 -0.0179572 0.0881923 -2.18687e-05 -7.84351e-05 4.42438e-05 -2.18687e-05 0.00963618 -0.017831 -2.98161e-05 -7.84351e-05 -0.017831 0.0882946 
0.00970133 -0.017583 3.48769e-05 -9.43868e-06 -0.017583 0.0862775 -6.75404e-06 -0.000119503 3.48769e-05 -6.75404e-06 0.00941132 -0.0174431 -9.43868e-06 -0.000119503 -0.0174431 0.0863906 
0.00974977 -0.017674 2.66865e-05 3.48457e-06 -0.017674 0.0866416 4.80622e-07 -0.000154843 2.66865e-05 4.80622e-07 0.00943592 -0.0174996 3.48457e-06 -0.000154843 -0.0174996 0.0867222 
0.00978591 -0.0177178 2.57941e-05 1.57809e-05 -0.0177178 0.0868339 8.43078e-06 -0.000184603 2.57941e-05 8.43078e-06 0.00944712 -0.0175223 1.57809e-05 -0.000184603 -0.0175223 0.0868739 
0.00984727 -0.0178087 3.82652e-05 2.14084e-05 -0.0178087 0.0872124 1.21066e-05 -0.000209234 3.82652e-05 1.21066e-05 0.00946377 -0.0175785 2.14084e-05 -0.000209234 -0.0175785 0.0871822 
0.00989588 -0.0178787 3.92583e-05 3.25542e-06 -0.0178787 0.0874722 -3.78796e-06 -0.000191116 3.92583e-05 -3.78796e-06 0.00945949 -0.0175871 3.25542e-06 -0.000191116 -0.0175871 0.0873101 
0.0099058 -0.0179316 4.52908e-05 -9.15636e-06 -0.0179316 0.0876635 -9.35113e-06 -0.000155713 4.52908e-05 -9.35113e-06 0.00947768 -0.017588 -9.15636e-06 -0.000155713 -0.017588 0.0873789 
0.00985436 -0.0178799 5.32872e-05 -1.19911e-05 -0.0178799 0.0874746 -4.34775e-06 -0.000154058 5.32872e-05 -4.34775e-06 0.00948298 -0.0175617 -1.19911e-05 -0.000154058 -0.0175617 0.0871942 
0.00982724 -0.0178252 7.11994e-05 -1.72969e-05 -0.0178252 0.0873145 -8.06112e-06 -0.000156397 7.11994e-05 -8.06112e-06 0.0094868 -0.0175661 -1.72969e-05 -0.000156397 -0.0175661 0.0871282 
0.00984149 -0.0178117 5.89839e-05 -3.3608e-05 -0.0178117 0.0872784 -2.35867e-05 -0.000142183 5.89839e-05 -2.35867e-05 0.00948087 -0.017588 -3.3608e-05 -0.000142183 -0.017588 0.0871967 
0.00982629 -0.017845 4.18157e-05 -2.8685e-05 -0.017845 0.0873735 -1.90042e-05 -0.000128919 4.18157e-05 -1.90042e-05 0.00952936 -0.0175987 -2.8685e-05 -0.000128919 -0.0175987 0.0873031 
0.00980888 -0.0177935 1.67145e-05 -2.23823e-06 -0.0177935 0.0872201 3.21399e-06 -0.000170385 1.67145e-05 3.21399e-06 0.00953257 -0.0176097 -2.23823e-06 -0.000170385 -0.0176097 0.0872141 
0.00984622 -0.0178254 -4.50624e-06 3.20182e-05 -0.0178254 0.0873643 3.20533e-05 -0.000241114 -4.50624e-06 3.20533e-05 0.00953083 -0.0176605 3.20182e-05 -0.000241114 -0.0176605 0.0874211 
0.00988506 -0.0178699 1.97478e-05 5.71688e-05 -0.0178699 0.0875002 5.7665e-05 -0.000311663 1.97478e-05 5.7665e-05 0.00951757 -0.0176577 5.71688e-05 -0.000311663 -0.0176577 0.0875031 
0.00994848 -0.0179499 2.74796e-05 2.14411e-05 -0.0179499 0.08779 3.0147e-05 -0.000290989 2.74796e-05 3.0147e-05 0.00949108 -0.0176625 2.14411e-05 -0.000290989 -0.0176625 0.0876222 
0.00995556 -0.0179577 3.65661e-05 3.92925e-06 -0.0179577 0.0877042 1.55699e-05 -0.000236326 3.65661e-05 1.55699e-05 0.00944463 -0.0175654 3.92925e-06 -0.000236326 -0.0175654 0.0872999 
0.0099077 -0.0179243 4.39873e-05 1.78554e-06 -0.0179243 0.0874785 7.01792e-06 -0.000213567 4.39873e-05 7.01792e-06 0.00943499 -0.0174742 1.78554e-06 -0.000213567 -0.0174742 0.0868886 
0.00985401 -0.0178532 4.69524e-05 -9.54507e-07 -0.0178532 0.0872086 -5.42106e-06 -0.000197214 4.69524e-05 -5.42106e-06 0.00944186 -0.0174488 -9.54507e-07 -0.000197214 -0.0174488 0.0866224 
0.00980931 -0.0178046 2.97382e-05 -4.14576e-06 -0.0178046 0.0870569 -1.41618e-05 -0.000178267 2.97382e-05 -1.41618e-05 0.00945986 -0.0174796 -4.14576e-06 -0.000178267 -0.0174796 0.0866274 
0.00979944 -0.0177712 1.61707e-05 1.42238e-05 -0.0177712 0.0870146 4.17312e-06 -0.000195684 1.61707e-05 4.17312e-06 0.00947402 -0.0175368 1.42238e-05 -0.000195684 -0.0175368 0.0868167 
0.00980145 -0.0177574 8.74172e-06 3.5854e-05 -0.0177574 0.086978 2.94098e-05 -0.000252202 8.74172e-06 2.94098e-05 0.0094738 -0.017561 3.5854e-05 -0.000252202 -0.017561 0.0869484 
0.00976172 -0.0177288 1.25922e-05 4.43371e-05 -0.0177288 0.0868155 4.02251e-05 -0.000293391 1.25922e-05 4.02251e-05 0.00948289 -0.0175213 4.43371e-05 -0.000293391 -0.0175213 0.0868162 
