0.00699204 0 -7.33274e-05 0 0 0.00980388 0 0 -7.33274e-05 0 0.00697822 0 0 0 0 0.00980388 
0.00994764 -0.0123471 -8.94514e-05 0.000106457 -0.0123471 0.0326697 0.000106457 -0.000204066 -8.94514e-05 0.000106457 0.00984449 -0.0122224 0.000106457 -0.000204066 -0.0122224 0.0324306 
0.0100178 -0.0187515 -8.037e-05 6.12349e-05 -0.0187515 0.0689948 6.12349e-05 -0.000171522 -8.037e-05 6.12349e-05 0.00993299 -0.0185013 6.12349e-05 -0.000171522 -0.0185013 0.0681865 
0.00922824 -0.0180161 -9.60433e-05 3.65584e-05 -0.0180161 0.0809011 3.05799e-05 4.99729e-05 -9.60433e-05 3.05799e-05 0.00916879 -0.0176686 3.65584e-05 4.99729e-05 -0.0176686 0.0791633 
0.00940522 -0.017819 -0.000140046 8.32171e-05 -0.017819 0.0864246 8.31823e-05 -4.77043e-06 -0.000140046 8.31823e-05 0.00942114 -0.0175103 8.32171e-05 -4.77043e-06 -0.0175103 0.0842542 
0.00940922 -0.0174794 -0.000146189 0.000137567 -0.0174794 0.0864378 0.00014223 -0.000164911 -0.000146189 0.00014223 0.00948703 -0.0173441 0.000137567 -0.000164911 -0.0173441 0.0848029 
0.00940076 -0.0173022 -0.000120857 0.000143381 -0.0173022 0.0858396 0.00014644 -0.000248324 -0.000120857 0.00014644 0.00950646 -0.0173481 0.000143381 -0.000248324 -0.0173481 0.0850348 
0.00960657 -0.0176291 -9.22777e-05 0.000110714 -0.0176291 0.0873762 0.000111535 -0.0002167 -9.22777e-05 0.000111535 0.00971136 -0.0177272 0.000110714 -0.0002167 -0.0177272 0.087059 
0.0096092 -0.0176471 -8.76208e-05 7.2474e-05 -0.0176471 0.0873461 7.47291e-05 -0.000135701 -8.76208e-05 7.47291e-05 0.00971131 -0.0177285 7.2474e-05 -0.000135701 -0.0177285 0.0871866 
0.00965684 -0.017778 -9.76288e-05 6.89191e-05 -0.017778 0.0879343 7.01995e-05 -9.65722e-05 -9.76288e-05 7.01995e-05 0.0097916 -0.0178219 6.89191e-05 -9.65722e-05 -0.0178219 0.0877167 
0.00956388 -0.0176036 -9.37319e-05 8.43852e-05 -0.0176036 0.0871065 7.81173e-05 -0.000106254 -9.37319e-05 7.81173e-05 0.00969483 -0.017663 8.43852e-05 -0.000106254 -0.017663 0.0868475 
0.00951674 -0.0174871 -8.39852e-05 8.64502e-05 -0.0174871 0.0865091 7.39961e-05 -0.000117799 -8.39852e-05 7.39961e-05 0.00960073 -0.0175307 8.64502e-05 -0.000117799 -0.0175307 0.0861997 
0.00949481 -0.0174493 -7.02615e-05 6.92525e-05 -0.0174493 0.0862497 6.20532e-05 -9.26397e-05 -7.02615e-05 6.20532e-05 0.00956268 -0.0174518 6.92525e-05 -9.26397e-05 -0.0174518 0.085871 
0.00968538 -0.0178041 -8.02327e-05 4.97597e-05 -0.0178041 0.0879889 5.27714e-05 -5.83887e-05 -8.02327e-05 5.27714e-05 0.00974781 -0.0178034 4.97597e-05 -5.83887e-05 -0.0178034 0.0875791 
0.00966162 -0.0177395 -9.13023e-05 5.76861e-05 -0.0177395 0.0876527 6.73043e-05 -6.20576e-05 -9.13023e-05 6.73043e-05 0.00969186 -0.0177255 5.76861e-05 -6.20576e-05 -0.0177255 0.0872174 
0.00968776 -0.0178051 -0.000110355 7.32941e-05 -0.0178051 0.0879002 8.36244e-05 -9.58492e-05 -0.000110355 8.36244e-05 0.00970886 -0.0177471 7.32941e-05 -9.58492e-05 -0.0177471 0.0873869 
0.0097026 -0.0178623 -0.000113057 0.000100499 -0.0178623 0.0881463 0.000106909 -0.000153551 -0.000113057 0.000106909 0.00973051 -0.017763 0.000100499 -0.000153551 -0.017763 0.0874972 
0.00971357 -0.0178778 -0.000117547 0.000103675 -0.0178778 0.0882647 0.000105865 -0.000177897 -0.000117547 0.000105865 0.00973908 -0.0177846 0.000103675 -0.000177897 -0.0177846 0.0875662 
0.00971191 -0.0179078 -0.000126414 0.000107057 -0.0179078 0.0884231 0.000104772 -0.000178829 -0.000126414 0.000104772 0.00978354 -0.017821 0.000107057 -0.000178829 -0.017821 0.0877348 
0.0096996 -0.0178898 -0.00011142 0.000115382 -0.0178898 0.088429 0.000114039 -0.00019034 -0.00011142 0.000114039 0.00982728 -0.0178714 0.000115382 -0.00019034 -0.0178714 0.0878627 
0.00949527 -0.0175073 -9.2328e-05 9.88015e-05 -0.0175073 0.0865987 0.000101216 -0.000180265 -9.2328e-05 0.000101216 0.00964025 -0.0175657 9.88015e-05 -0.000180265 -0.0175657 0.0862323 
0.00952206 -0.0175201 -5.78347e-05 7.26932e-05 -0.0175201 0.0866938 7.75211e-05 -0.000129817 -5.78347e-05 7.75211e-05 0.00965247 -0.0176183 7.26932e-05 -0.000129817 -0.0176183 0.0864896 
0.00952095 -0.0175091 -4.1565e-05 2.22722e-05 -0.0175091 0.0865672 3.24434e-05 -2.54238e-05 -4.1565e-05 3.24434e-05 0.00962819 -0.0175779 2.22722e-05 -2.54238e-05 -0.0175779 0.0863633 
0.00971711 -0.017876 -4.21176e-05 -3.33177e-06 -0.017876 0.0883304 1.07794e-05 6.6098e-05 -4.21176e-05 1.07794e-05 0.00981818 -0.0179117 -3.33177e-06 6.6098e-05 -0.0179117 0.0880471 
0.00952454 -0.0175116 -5.25405e-05 3.21776e-06 -0.0175116 0.086507 1.06209e-05 8.86193e-05 -5.25405e-05 1.06209e-05 0.00960399 -0.0175277 3.21776e-06 8.86193e-05 -0.0175277 0.0861564 
0.00953409 -0.0175377 -7.29117e-05 3.25025e-05 -0.0175377 0.0866059 2.80802e-05 4.27354e-05 -7.29117e-05 2.80802e-05 0.00960595 -0.0175347 3.25025e-05 4.27354e-05 -0.0175347 0.0862035 
0.0095463 -0.0175478 -8.15028e-05 6.83641e-05 -0.0175478 0.0866623 5.53022e-05 -3.79747e-05 -8.15028e-05 5.53022e-05 0.00958638 -0.0175368 6.83641e-05 -3.79747e-05 -0.0175368 0.0862283 
0.00957011 -0.0175419 -7.25306e-05 8.1359e-05 -0.0175419 0.0866175 6.75209e-05 -9.58137e-05 -7.25306e-05 6.75209e-05 0.00952872 -0.0174974 8.1359e-05 -9.58137e-05 -0.0174974 0.086127 
0.00958728 -0.0175893 -6.49919e-05 7.1037e-05 -0.0175893 0.0867202 6.06578e-05 -0.000107336 -6.49919e-05 6.06578e-05 0.00949976 -0.0174337 7.1037e-05 -0.000107336 -0.0174337 0.086021 
0.0095913 -0.0175915 -6.67487e-05 5.75487e-05 -0.0175915 0.08671 5.08752e-05 -8.71275e-05 -6.67487e-05 5.08752e-05 0.00948116 -0.0173748 5.75487e-05 -8.71275e-05 -0.0173748 0.0858076 
0.0097673 -0.0179397 -9.98529e-05 5.66709e-05 -0.0179397 0.0883808 5.0277e-05 -7.27404e-05 -9.98529e-05 5.0277e-05 0.00967498 -0.0176713 5.66709e-05 -7.27404e-05 -0.0176713 0.0872851 
0.00973529 -0.0179213 -0.00010626 9.65369e-05 -0.0179213 0.0883315 8.96499e-05 -0.000130751 -0.00010626 8.96499e-05 0.00970034 -0.0176864 9.65369e-05 -0.000130751 -0.0176864 0.08723 
0.00973256 -0.0179134 -9.01185e-05 0.000105548 -0.0179134 0.088398 9.89956e-05 -0.000176845 -9.01185e-05 9.89956e-05 0.00974143 -0.0177561 0.000105548 -0.000176845 -0.0177561 0.0874374 
0.00971283 -0.017899 -6.79804e-05 8.63885e-05 -0.017899 0.0883747 8.1807e-05 -0.000164774 -6.79804e-05 8.1807e-05 0.00976944 -0.0178052 8.63885e-05 -0.000164774 -0.0178052 0.0875923 
0.00968296 -0.0178491 -6.34102e-05 5.71651e-05 -0.0178491 0.0882169 5.61858e-05 -0.000111501 -6.34102e-05 5.61858e-05 0.00977038 -0.0178263 5.71651e-05 -0.000111501 -0.0178263 0.0876298 
0.00963957 -0.0177688 -5.80133e-05 4.83275e-05 -0.0177688 0.0878709 5.07893e-05 -7.42421e-05 -5.80133e-05 5.07893e-05 0.00975263 -0.0177816 4.83275e-05 -7.42421e-05 -0.0177816 0.0874224 
0.00965529 -0.0177731 -6.89914e-05 4.02084e-05 -0.0177731 0.0879542 4.27849e-05 -4.80545e-05 -6.89914e-05 4.27849e-05 0.00976475 -0.0178483 4.02084e-05 -4.80545e-05 -0.0178483 0.0876921 
0.00966714 -0.0178002 -4.96069e-05 5.35008e-05 -0.0178002 0.0880603 5.20838e-05 -5.26698e-05 -4.96069e-05 5.20838e-05 0.00978066 -0.0178692 5.35008e-05 -5.26698e-05 -0.0178692 0.0878693 
0.00967193 -0.0178518 -1.98228e-05 3.71053e-05 -0.0178518 0.0883107 3.02228e-05 -3.4775e-05 -1.98228e-05 3.02228e-05 0.00981064 -0.0179114 3.71053e-05 -3.4775e-05 -0.0179114 0.0881027 
0.00943984 -0.0174178 -2.36717e-05 -1.46961e-06 -0.0174178 0.0862601 -1.12338e-05 4.49528e-05 -2.36717e-05 -1.12338e-05 0.00958945 -0.0175059 -1.46961e-06 4.49528e-05 -0.0175059 0.0860949 
0.00944688 -0.0174051 -3.88917e-05 -7.01796e-06 -0.0174051 0.0862371 -1.3517e-05 0.000100361 -3.88917e-05 -1.3517e-05 0.00959766 -0.0175178 -7.01796e-06 0.000100361 -0.0175178 0.0861438 
0.00967238 -0.0177988 -6.24233e-05 1.09601e-05 -0.0177988 0.0881551 1.12549e-05 8.21826e-05 -6.24233e-05 1.12549e-05 0.00983156 -0.0179217 1.09601e-05 8.21826e-05 -0.0179217 0.0881121 
0.00967143 -0.017775 -6.24271e-05 4.2951e-05 -0.017775 0.087962 4.847e-05 6.75408e-06 -6.24271e-05 4.847e-05 0.00981881 -0.0178889 4.2951e-05 6.75408e-06 -0.0178889 0.087904 
0.00966361 -0.0177826 -4.78821e-05 4.849e-05 -0.0177826 0.0878922 5.5687e-05 -4.60804e-05 -4.78821e-05 5.5687e-05 0.00981359 -0.0178665 4.849e-05 -4.60804e-05 -0.0178665 0.0877586 
0.00967291 -0.0177919 -2.9566e-05 3.04641e-05 -0.0177919 0.0879423 3.48626e-05 -3.17994e-05 -2.9566e-05 3.48626e-05 0.00982246 -0.0178892 3.04641e-05 -3.17994e-05 -0.0178892 0.0878044 
0.00972398 -0.0178475 -1.66993e-05 1.06484e-05 -0.0178475 0.0881941 8.8669e-06 1.48527e-05 -1.66993e-05 8.8669e-06 0.00981596 -0.0179483 1.06484e-05 1.48527e-05 -0.0179483 0.0880675 
0.00976635 -0.0179228 -3.07719e-05 -5.62967e-06 -0.0179228 0.0884677 -1.18289e-05 6.72856e-05 -3.07719e-05 -1.18289e-05 0.0098102 -0.017957 -5.62967e-06 6.72856e-05 -0.017957 0.0882475 
0.00977102 -0.017913 -3.41084e-05 7.37808e-06 -0.017913 0.0883582 1.36879e-06 7.29889e-05 -3.41084e-05 1.36879e-06 0.00978412 -0.0178755 7.37808e-06 7.29889e-05 -0.0178755 0.0879589 
0.00980089 -0.0179852 -6.60077e-05 1.29649e-05 -0.0179852 0.0886231 1.06777e-05 5.39078e-05 -6.60077e-05 1.06777e-05 0.00981273 -0.0178959 1.29649e-05 5.39078e-05 -0.0178959 0.0880487 
0.00963614 -0.0177143 -8.11979e-05 5.06728e-05 -0.0177143 0.0872652 5.05622e-05 -1.63058e-05 -8.11979e-05 5.05622e-05 0.00965018 -0.0176117 5.06728e-05 -1.63058e-05 -0.0176117 0.086591 
0.0096601 -0.0177506 -9.93524e-05 7.17981e-05 -0.0177506 0.0874836 7.24621e-05 -8.52059e-05 -9.93524e-05 7.24621e-05 0.00964726 -0.0176375 7.17981e-05 -8.52059e-05 -0.0176375 0.0867357 
0.00966659 -0.0177661 -0.00010912 9.35202e-05 -0.0177661 0.0875632 9.3611e-05 -0.000143443 -0.00010912 9.3611e-05 0.00964438 -0.0176227 9.35202e-05 -0.000143443 -0.0176227 0.0867429 
0.00968257 -0.0177926 -0.000106814 9.96953e-05 -0.0177926 0.0876903 0.00010732 -0.000178573 -0.000106814 0.00010732 0.00964893 -0.0176173 9.96953e-05 -0.000178573 -0.0176173 0.0867586 
0.00967975 -0.0177879 -8.78109e-05 8.85426e-05 -0.0177879 0.0876751 0.000105233 -0.000174508 -8.78109e-05 0.000105233 0.00966582 -0.0176096 8.85426e-05 -0.000174508 -0.0176096 0.0867048 
0.00963962 -0.017713 -6.37252e-05 6.36118e-05 -0.017713 0.0873233 8.02282e-05 -0.000129158 -6.37252e-05 8.02282e-05 0.00964649 -0.017563 6.36118e-05 -0.000129158 -0.017563 0.0863898 
0.00958644 -0.0176041 -7.20475e-05 3.58374e-05 -0.0176041 0.0868186 4.42137e-05 -5.4081e-05 -7.20475e-05 4.42137e-05 0.00961128 -0.0175058 3.58374e-05 -5.4081e-05 -0.0175058 0.0860193 
0.00958904 -0.0176223 -8.73685e-05 4.96952e-05 -0.0176223 0.0869162 4.68488e-05 -3.17508e-05 -8.73685e-05 4.68488e-05 0.00961973 -0.0175677 4.96952e-05 -3.17508e-05 -0.0175677 0.0862718 
0.00955609 -0.0176049 -0.000108669 7.23555e-05 -0.0176049 0.0868624 6.39162e-05 -6.15625e-05 -0.000108669 6.39162e-05 0.0096359 -0.0175602 7.23555e-05 -6.15625e-05 -0.0175602 0.0863028 
0.00954527 -0.017578 -0.000102663 9.53673e-05 -0.017578 0.0868248 8.90241e-05 -0.000111279 -0.000102663 8.90241e-05 0.00964213 -0.0175756 9.53673e-05 -0.000111279 -0.0175756 0.0863369 
0.00953197 -0.0175666 -9.11204e-05 8.76718e-05 -0.0175666 0.0867798 8.44416e-05 -0.000123908 -9.11204e-05 8.44416e-05 0.00964307 -0.017571 8.76718e-05 -0.000123908 -0.017571 0.0863213 
0.00951261 -0.01757 -0.00010708 6.85418e-05 -0.01757 0.0868415 7.01696e-05 -9.42098e-05 -0.00010708 7.01696e-05 0.00965509 -0.0175933 6.85418e-05 -9.42098e-05 -0.0175933 0.0864206 
0.00950877 -0.0174936 -0.000113026 8.36831e-05 -0.0174936 0.0865977 8.92338e-05 -0.000101831 -0.000113026 8.92338e-05 0.00961723 -0.017575 8.36831e-05 -0.000101831 -0.017575 0.0863081 
0.00950722 -0.0174706 -9.41024e-05 9.27037e-05 -0.0174706 0.0863943 0.000100666 -0.000129353 -9.41024e-05 0.000100666 0.00959887 -0.0175173 9.27037e-05 -0.000129353 -0.0175173 0.0861286 
0.0096712 -0.0178161 -8.0916e-05 7.9437e-05 -0.0178161 0.0880125 8.48202e-05 -0.000126702 -8.0916e-05 8.48202e-05 0.00980444 -0.01783 7.9437e-05 -0.000126702 -0.01783 0.0876689 
0.00968068 -0.0178646 -7.58175e-05 5.44197e-05 -0.0178646 0.088307 5.68772e-05 -6.77209e-05 -7.58175e-05 5.68772e-05 0.0098268 -0.0179233 5.44197e-05 -6.77209e-05 -0.0179233 0.0879909 
0.00966368 -0.017793 -8.02794e-05 4.62724e-05 -0.017793 0.0880544 4.96568e-05 -2.84031e-05 -8.02794e-05 4.96568e-05 0.00977571 -0.0178841 4.62724e-05 -2.84031e-05 -0.0178841 0.0878381 
0.00960159 -0.0176953 -9.22511e-05 4.9966e-05 -0.0176953 0.0875224 5.78594e-05 -2.46766e-05 -9.22511e-05 5.78594e-05 0.0097217 -0.0177406 4.9966e-05 -2.46766e-05 -0.0177406 0.0872759 
0.00958165 -0.0176659 -0.000107432 6.63722e-05 -0.0176659 0.0873918 7.93441e-05 -5.98085e-05 -0.000107432 7.93441e-05 0.00970276 -0.0177143 6.63722e-05 -5.98085e-05 -0.0177143 0.0871164 
0.00955469 -0.0176288 -0.000116941 8.85336e-05 -0.0176288 0.0872173 9.85872e-05 -0.000112772 -0.000116941 9.85872e-05 0.0096908 -0.0176712 8.85336e-05 -0.000112772 -0.0176712 0.0869222 
0.00950785 -0.0175734 -0.00012986 0.000108888 -0.0175734 0.0869777 0.000106522 -0.000159877 -0.00012986 0.000106522 0.00969079 -0.017639 0.000108888 -0.000159877 -0.017639 0.0867208 
0.00949852 -0.0175605 -0.000116744 0.000129661 -0.0175605 0.0870095 0.000120257 -0.000205332 -0.000116744 0.000120257 0.00971689 -0.0176939 0.000129661 -0.000205332 -0.0176939 0.0868868 
0.0095422 -0.0176069 -0.000122283 0.000112124 -0.0176069 0.0872889 0.00010338 -0.000196927 -0.000122283 0.00010338 0.00972273 -0.017782 0.000112124 -0.000196927 -0.017782 0.0872934 
0.00959174 -0.017645 -0.00012906 0.000115095 -0.017645 0.0874368 0.000108791 -0.000189121 -0.00012906 0.000108791 0.00969584 -0.0177834 0.000115095 -0.000189121 -0.0177834 0.0874533 
0.00962702 -0.0176837 -0.000122086 0.000125142 -0.0176837 0.0875066 0.000119498 -0.000207791 -0.000122086 0.000119498 0.00965288 -0.0177289 0.000125142 -0.000207791 -0.0177289 0.0873707 
0.00965135 -0.0177414 -9.96818e-05 0.000118322 -0.0177414 0.0876808 0.000116432 -0.000213649 -9.96818e-05 0.000116432 0.0096298 -0.0176835 0.000118322 -0.000213649 -0.0176835 0.0872994 
0.00961962 -0.0177171 -9.08036e-05 9.47503e-05 -0.0177171 0.0875474 9.41062e-05 -0.000185498 -9.08036e-05 9.41062e-05 0.00961725 -0.0176055 9.47503e-05 -0.000185498 -0.0176055 0.0869844 
0.00959239 -0.01765 -0.000100759 8.23763e-05 -0.01765 0.0872728 8.35417e-05 -0.000153185 -0.000100759 8.35417e-05 0.00960624 -0.0175563 8.23763e-05 -0.000153185 -0.0175563 0.086664 
0.0095493 -0.0175914 -0.000111657 9.24508e-05 -0.0175914 0.0869538 9.37783e-05 -0.000155676 -0.000111657 9.37783e-05 0.00958513 -0.017508 9.24508e-05 -0.000155676 -0.017508 0.086344 
0.00953594 -0.0175772 -0.000100915 0.000103135 -0.0175772 0.0869102 0.000107428 -0.000179387 -0.000100915 0.000107428 0.00959755 -0.0175223 0.000103135 -0.000179387 -0.0175223 0.086347 
0.0095503 -0.0175896 -7.31331e-05 8.78527e-05 -0.0175896 0.0869924 9.57456e-05 -0.000167587 -7.31331e-05 9.57456e-05 0.00960265 -0.0175602 8.78527e-05 -0.000167587 -0.0175602 0.0864804 
0.00955718 -0.0176677 -7.14122e-05 5.31987e-05 -0.0176677 0.0873501 6.30805e-05 -0.000105656 -7.14122e-05 6.30805e-05 0.00965656 -0.0176241 5.31987e-05 -0.000105656 -0.0176241 0.0868337 
0.00959975 -0.0177384 -7.58608e-05 4.68886e-05 -0.0177384 0.0878398 5.33948e-05 -5.48275e-05 -7.58608e-05 5.33948e-05 0.00971805 -0.0177535 4.68886e-05 -5.48275e-05 -0.0177535 0.0874027 
0.00962734 -0.0177432 -8.24704e-05 5.56478e-05 -0.0177432 0.0879141 5.70778e-05 -4.89562e-05 -8.24704e-05 5.70778e-05 0.0097115 -0.0177827 5.56478e-05 -4.89562e-05 -0.0177827 0.0875656 
0.00962201 -0.0177222 -0.000101233 6.4662e-05 -0.0177222 0.0877573 6.34959e-05 -6.13411e-05 -0.000101233 6.34959e-05 0.00970695 -0.0177378 6.4662e-05 -6.13411e-05 -0.0177378 0.0874306 
0.00962878 -0.0177235 -0.000106023 8.47749e-05 -0.0177235 0.0877311 8.34203e-05 -9.46875e-05 -0.000106023 8.34203e-05 0.00971893 -0.0177454 8.47749e-05 -9.46875e-05 -0.0177454 0.0874176 
0.00967208 -0.0177991 -8.85641e-05 9.63477e-05 -0.0177991 0.0880521 9.30101e-05 -0.0001334 -8.85641e-05 9.30101e-05 0.00975262 -0.0178176 9.63477e-05 -0.0001334 -0.0178176 0.0877309 
0.00967483 -0.0177864 -9.13299e-05 7.60408e-05 -0.0177864 0.0879746 6.7279e-05 -0.000108856 -9.13299e-05 6.7279e-05 0.00975787 -0.0178123 7.60408e-05 -0.000108856 -0.0178123 0.0876868 
0.00969353 -0.0178044 -0.000122165 7.29309e-05 -0.0178044 0.0880175 5.95265e-05 -7.33438e-05 -0.000122165 5.95265e-05 0.00975049 -0.0178353 7.29309e-05 -7.33438e-05 -0.0178353 0.0877502 
0.00968669 -0.0177933 -0.000122735 0.000108183 -0.0177933 0.0878865 9.93955e-05 -0.000118728 -0.000122735 9.93955e-05 0.00972608 -0.0177804 0.000108183 -0.000118728 -0.0177804 0.0875432 
0.00971387 -0.0178515 -9.37833e-05 0.000112438 -0.0178515 0.0881229 0.000112793 -0.000169969 -9.37833e-05 0.000112793 0.0097287 -0.0178004 0.000112438 -0.000169969 -0.0178004 0.0876541 
0.00974187 -0.0179253 -7.03606e-05 7.58633e-05 -0.0179253 0.0884528 8.40818e-05 -0.000140241 -7.03606e-05 8.40818e-05 0.00975555 -0.0178234 7.58633e-05 -0.000140241 -0.0178234 0.0878263 
0.00956145 -0.0176049 -8.00671e-05 4.36814e-05 -0.0176049 0.0869111 5.56398e-05 -7.22033e-05 -8.00671e-05 5.56398e-05 0.00958323 -0.0175098 4.36814e-05 -7.22033e-05 -0.0175098 0.0862431 
0.00955974 -0.0176024 -0.000116369 5.55855e-05 -0.0176024 0.0869499 6.65505e-05 -5.91442e-05 -0.000116369 6.65505e-05 0.00961861 -0.0175272 5.55855e-05 -5.91442e-05 -0.0175272 0.086312 
0.00957714 -0.0176494 -0.000143259 9.99631e-05 -0.0176494 0.0871996 0.000104564 -0.000121792 -0.000143259 0.000104564 0.00966507 -0.0176111 9.99631e-05 -0.000121792 -0.0176111 0.0866234 
0.00960873 -0.0176543 -0.000118293 0.000132665 -0.0176543 0.087265 0.000133435 -0.000199872 -0.000118293 0.000133435 0.00967629 -0.0176534 0.000132665 -0.000199872 -0.0176534 0.0867803 
0.00965929 -0.0176948 -7.24101e-05 0.000102819 -0.0176948 0.0873749 0.000101063 -0.000180543 -7.24101e-05 0.000101063 0.00967179 -0.0176764 0.000102819 -0.000180543 -0.0176764 0.0869085 
0.00968191 -0.0177641 -5.77982e-05 4.14663e-05 -0.0177641 0.0875601 3.76164e-05 -5.40233e-05 -5.77982e-05 3.76164e-05 0.00966075 -0.0176717 4.14663e-05 -5.40233e-05 -0.0176717 0.0869627 
0.00965496 -0.01776 -5.98582e-05 2.00896e-05 -0.01776 0.0875224 1.58222e-05 4.48178e-05 -5.98582e-05 1.58222e-05 0.00965148 -0.0176181 2.00896e-05 4.48178e-05 -0.0176181 0.0867717 
0.00965419 -0.0177519 -7.20492e-05 2.75997e-05 -0.0177519 0.087582 2.30958e-05 5.99046e-05 -7.20492e-05 2.30958e-05 0.00964834 -0.0176385 2.75997e-05 5.99046e-05 -0.0176385 0.0868177 
0.00961601 -0.017681 -9.63273e-05 5.13969e-05 -0.017681 0.0872483 4.52097e-05 1.1309e-05 -9.63273e-05 4.52097e-05 0.0096158 -0.017559 5.13969e-05 1.1309e-05 -0.017559 0.0864771 
0.00958287 -0.0176514 -0.00010277 8.95815e-05 -0.0176514 0.0871029 7.81331e-05 -7.5663e-05 -0.00010277 7.81331e-05 0.00961552 -0.0175287 8.95815e-05 -7.5663e-05 -0.0175287 0.0863151 
0.0095208 -0.0175605 -9.42043e-05 9.96081e-05 -0.0175605 0.0867185 8.99037e-05 -0.000135894 -9.42043e-05 8.99037e-05 0.00959818 -0.0174702 9.96081e-05 -0.000135894 -0.0174702 0.0859626 
0.00952097 -0.0175541 -9.87974e-05 8.15239e-05 -0.0175541 0.0867714 8.02519e-05 -0.000130337 -9.87974e-05 8.02519e-05 0.00961545 -0.017525 8.15239e-05 -0.000130337 -0.017525 0.0861367 
0.00950752 -0.0174902 -0.000111181 7.39853e-05 -0.0174902 0.0864956 7.78835e-05 -0.000101155 -0.000111181 7.78835e-05 0.0095956 -0.0174998 7.39853e-05 -0.000101155 -0.0174998 0.0860013 
0.00975067 -0.0179084 -0.000108777 8.90012e-05 -0.0179084 0.0884759 9.4744e-05 -0.000111999 -0.000108777 9.4744e-05 0.00980332 -0.0178936 8.90012e-05 -0.000111999 -0.0178936 0.087971 
0.009796 -0.0179308 -8.65356e-05 8.40087e-05 -0.0179308 0.0884911 8.90962e-05 -0.000110947 -8.65356e-05 8.90962e-05 0.00975683 -0.0178776 8.40087e-05 -0.000110947 -0.0178776 0.0879263 
0.0098051 -0.0179629 -7.86472e-05 5.85324e-05 -0.0179629 0.0884719 6.18791e-05 -6.60563e-05 -7.86472e-05 6.18791e-05 0.00972214 -0.017803 5.85324e-05 -6.60563e-05 -0.017803 0.0877206 
0.00978528 -0.0179796 -6.16555e-05 5.05086e-05 -0.0179796 0.0885025 5.19973e-05 -3.10619e-05 -6.16555e-05 5.19973e-05 0.00973076 -0.0177636 5.05086e-05 -3.10619e-05 -0.0177636 0.0875713 
0.0097791 -0.0180015 -7.01951e-05 3.63045e-05 -0.0180015 0.0886909 3.75527e-05 -6.73028e-06 -7.01951e-05 3.75527e-05 0.00977283 -0.0178144 3.63045e-05 -6.73028e-06 -0.0178144 0.0877261 
0.00955349 -0.0175897 -8.15258e-05 4.72936e-05 -0.0175897 0.0867692 4.96849e-05 -1.8886e-05 -8.15258e-05 4.96849e-05 0.00957047 -0.0174703 4.72936e-05 -1.8886e-05 -0.0174703 0.0859335 
0.00957437 -0.0175942 -9.99691e-05 6.21703e-05 -0.0175942 0.0868562 6.16363e-05 -4.75543e-05 -9.99691e-05 6.16363e-05 0.00956047 -0.017513 6.21703e-05 -4.75543e-05 -0.017513 0.0861446 
0.00954975 -0.0175858 -0.000129449 8.47985e-05 -0.0175858 0.0867652 8.19088e-05 -9.12789e-05 -0.000129449 8.19088e-05 0.00955253 -0.0174588 8.47985e-05 -9.12789e-05 -0.0174588 0.0860233 
0.00973267 -0.0179278 -0.000128886 0.000126351 -0.0179278 0.0885025 0.000121239 -0.000175329 -0.000128886 0.000121239 0.0097463 -0.0177955 0.000126351 -0.000175329 -0.0177955 0.0876814 
0.0095239 -0.0175372 -0.00010001 0.000120926 -0.0175372 0.0866156 0.000119091 -0.000208903 -0.00010001 0.000119091 0.00954942 -0.0174293 0.000120926 -0.000208903 -0.0174293 0.0858362 
0.00951899 -0.0175507 -8.55992e-05 8.72014e-05 -0.0175507 0.0866957 8.95317e-05 -0.000168638 -8.55992e-05 8.95317e-05 0.00957636 -0.0174635 8.72014e-05 -0.000168638 -0.0174635 0.0859692 
0.00951913 -0.0175425 -8.43053e-05 6.23163e-05 -0.0175425 0.0867051 6.74319e-05 -0.000100815 -8.43053e-05 6.74319e-05 0.00957863 -0.0174845 6.23163e-05 -0.000100815 -0.0174845 0.0860348 
0.0095391 -0.0175291 -8.06304e-05 5.59403e-05 -0.0175291 0.0866669 6.56226e-05 -6.34141e-05 -8.06304e-05 6.56226e-05 0.00956881 -0.017497 5.59403e-05 -6.34141e-05 -0.017497 0.0860961 
0.00952032 -0.0175308 -0.000115646 5.18271e-05 -0.0175308 0.0865724 5.88128e-05 -4.17182e-05 -0.000115646 5.88128e-05 0.00958841 -0.0174574 5.18271e-05 -4.17182e-05 -0.0174574 0.0859747 
0.00954315 -0.0175398 -0.000106852 9.47889e-05 -0.0175398 0.0866471 9.23412e-05 -8.65514e-05 -0.000106852 9.23412e-05 0.00959445 -0.0175059 9.47889e-05 -8.65514e-05 -0.0175059 0.0860784 
0.00960339 -0.0175981 -0.000101866 8.88363e-05 -0.0175981 0.0868841 8.25718e-05 -0.00010431 -0.000101866 8.25718e-05 0.00957764 -0.0175607 8.88363e-05 -0.00010431 -0.0175607 0.0863561 
0.00960571 -0.0176123 -9.35169e-05 7.8053e-05 -0.0176123 0.0868009 7.34888e-05 -8.3452e-05 -9.35169e-05 7.34888e-05 0.00954045 -0.0174679 7.8053e-05 -8.3452e-05 -0.0174679 0.0861043 
0.00977043 -0.0179532 -9.48627e-05 6.20079e-05 -0.0179532 0.0884251 6.16325e-05 -4.31827e-05 -9.48627e-05 6.16325e-05 0.00970977 -0.0177424 6.20079e-05 -4.31827e-05 -0.0177424 0.0875053 
0.00975264 -0.0179686 -8.85811e-05 6.10871e-05 -0.0179686 0.0885575 6.51467e-05 -2.94163e-05 -8.85811e-05 6.51467e-05 0.00972824 -0.0177653 6.10871e-05 -2.94163e-05 -0.0177653 0.0875647 
0.00953735 -0.0175729 -8.64013e-05 5.97581e-05 -0.0175729 0.0867454 6.45523e-05 -3.65919e-05 -8.64013e-05 6.45523e-05 0.00954375 -0.0174307 5.97581e-05 -3.65919e-05 -0.0174307 0.0858625 
0.00973675 -0.0179203 -0.00010012 6.17449e-05 -0.0179203 0.0885517 6.5225e-05 -4.3431e-05 -0.00010012 6.5225e-05 0.00975947 -0.0178358 6.17449e-05 -4.3431e-05 -0.0178358 0.0878234 
0.00970247 -0.0178321 -8.86376e-05 7.98892e-05 -0.0178321 0.08812 7.79458e-05 -7.16688e-05 -8.86376e-05 7.79458e-05 0.00972493 -0.0177686 7.98892e-05 -7.16688e-05 -0.0177686 0.0875023 
0.00971128 -0.0178482 -7.64415e-05 7.51274e-05 -0.0178482 0.0881492 6.62625e-05 -7.96066e-05 -7.64415e-05 6.62625e-05 0.0097276 -0.0177824 7.51274e-05 -7.96066e-05 -0.0177824 0.0875628 
0.00972127 -0.0178588 -7.42341e-05 6.23001e-05 -0.0178588 0.0881606 4.92732e-05 -5.66599e-05 -7.42341e-05 4.92732e-05 0.00970801 -0.0177692 6.23001e-05 -5.66599e-05 -0.0177692 0.0875269 
0.00973829 -0.0178825 -8.70307e-05 5.64295e-05 -0.0178825 0.0882471 4.56982e-05 -3.56881e-05 -8.70307e-05 4.56982e-05 0.00968582 -0.0177618 5.64295e-05 -3.56881e-05 -0.0177618 0.0875486 
0.00970725 -0.0178473 -0.000101714 7.11996e-05 -0.0178473 0.0880409 6.26058e-05 -5.55165e-05 -0.000101714 6.26058e-05 0.00965463 -0.0176783 7.11996e-05 -5.55165e-05 -0.0176783 0.0872388 
0.00967346 -0.0177939 -0.000116319 9.65838e-05 -0.0177939 0.0878067 8.6394e-05 -0.000114721 -0.000116319 8.6394e-05 0.00963922 -0.0176184 9.65838e-05 -0.000114721 -0.0176184 0.0869385 
0.00968579 -0.0178415 -0.000109857 0.000112454 -0.0178415 0.0880564 0.000106732 -0.000168191 -0.000109857 0.000106732 0.00967334 -0.0176754 0.000112454 -0.000168191 -0.0176754 0.0871662 
0.0097072 -0.0178434 -9.93747e-05 0.000100056 -0.0178434 0.0881323 0.000105693 -0.000181218 -9.93747e-05 0.000105693 0.00967387 -0.0177108 0.000100056 -0.000181218 -0.0177108 0.0873001 
0.00969011 -0.0178436 -0.000100967 8.12336e-05 -0.0178436 0.0880956 9.21684e-05 -0.000151037 -0.000100967 9.21684e-05 0.0096874 -0.0177012 8.12336e-05 -0.000151037 -0.0177012 0.0872986 
0.00964759 -0.0178011 -8.29908e-05 8.63739e-05 -0.0178011 0.0879512 9.27385e-05 -0.000143656 -8.29908e-05 9.27385e-05 0.00971502 -0.0176992 8.63739e-05 -0.000143656 -0.0176992 0.0872286 
0.00960005 -0.0177135 -7.78444e-05 6.78942e-05 -0.0177135 0.087644 6.31838e-05 -0.00010412 -7.78444e-05 6.31838e-05 0.00973401 -0.0177151 6.78942e-05 -0.00010412 -0.0177151 0.0871422 
0.00957068 -0.0176601 -7.05239e-05 6.40487e-05 -0.0176601 0.0874495 5.6448e-05 -7.69779e-05 -7.05239e-05 5.6448e-05 0.00974832 -0.0177557 6.40487e-05 -7.69779e-05 -0.0177557 0.0872097 
0.00960792 -0.0176767 -5.448e-05 6.04011e-05 -0.0176767 0.087577 6.09738e-05 -8.13677e-05 -5.448e-05 6.09738e-05 0.00975073 -0.0178372 6.04011e-05 -8.13677e-05 -0.0178372 0.0875621 
0.00966611 -0.017763 -4.7532e-05 3.61517e-05 -0.017763 0.0879169 4.39754e-05 -5.15792e-05 -4.7532e-05 4.39754e-05 0.00976423 -0.0178867 3.61517e-05 -5.15792e-05 -0.0178867 0.0879408 
0.00967814 -0.0178314 -4.60424e-05 2.07342e-05 -0.0178314 0.0881719 3.05598e-05 -8.41165e-06 -4.60424e-05 3.05598e-05 0.00978242 -0.0178893 2.07342e-05 -8.41165e-06 -0.0178893 0.0880769 
0.00966309 -0.0177972 -4.00825e-05 2.42366e-05 -0.0177972 0.0880721 3.4023e-05 -5.75368e-06 -4.00825e-05 3.4023e-05 0.00977748 -0.0178599 2.42366e-05 -5.75368e-06 -0.0178599 0.0879207 
0.00965172 -0.0177737 -5.56445e-05 2.30637e-05 -0.0177737 0.0879589 2.93531e-05 -7.88319e-06 -5.56445e-05 2.93531e-05 0.00977771 -0.0178395 2.30637e-05 -7.88319e-06 -0.0178395 0.0877901 
0.00963361 -0.0177359 -6.72273e-05 4.93997e-05 -0.0177359 0.0877508 4.61248e-05 -4.45197e-05 -6.72273e-05 4.61248e-05 0.009761 -0.0178018 4.93997e-05 -4.45197e-05 -0.0178018 0.0875606 
0.00963719 -0.0177431 -6.71917e-05 7.11184e-05 -0.0177431 0.0877502 5.55257e-05 -9.1449e-05 -6.71917e-05 5.55257e-05 0.00974676 -0.017798 7.11184e-05 -9.1449e-05 -0.017798 0.0875159 
0.00963563 -0.0177242 -6.82533e-05 6.95545e-05 -0.0177242 0.0876629 5.11887e-05 -0.00010207 -6.82533e-05 5.11887e-05 0.00974266 -0.0177809 6.95545e-05 -0.00010207 -0.0177809 0.0874402 
0.00966877 -0.0178002 -5.94254e-05 6.57431e-05 -0.0178002 0.0880029 4.95e-05 -9.17298e-05 -5.94254e-05 4.95e-05 0.00978358 -0.0178541 6.57431e-05 -9.17298e-05 -0.0178541 0.0877794 
0.00967167 -0.0177895 -5.37079e-05 5.16084e-05 -0.0177895 0.0879663 3.99977e-05 -6.81017e-05 -5.37079e-05 3.99977e-05 0.00977019 -0.0178511 5.16084e-05 -6.81017e-05 -0.0178511 0.087751 
0.00968991 -0.0178333 -7.29612e-05 4.57801e-05 -0.0178333 0.088151 3.91297e-05 -5.58735e-05 -7.29612e-05 3.91297e-05 0.00977317 -0.0178743 4.57801e-05 -5.58735e-05 -0.0178743 0.0879091 
0.00973957 -0.0178792 -7.60538e-05 6.5309e-05 -0.0178792 0.0883753 6.42396e-05 -8.40576e-05 -7.60538e-05 6.42396e-05 0.00976167 -0.0178916 6.5309e-05 -8.40576e-05 -0.0178916 0.0880608 
0.00954053 -0.0175083 -8.25459e-05 6.71528e-05 -0.0175083 0.0864418 7.04097e-05 -0.000110461 -8.25459e-05 7.04097e-05 0.00953532 -0.0174493 6.71528e-05 -0.000110461 -0.0174493 0.0859979 
