0.00690765 0 5.38592e-05 0 0 0.00998241 0 0 5.38592e-05 0 0.00720715 0 0 0 0 0.00998241 
0.00981606 -0.0121943 5.21678e-05 -6.49392e-05 -0.0121943 0.032519 -6.49392e-05 0.00012433 5.21678e-05 -6.49392e-05 0.0101316 -0.0125667 -6.49392e-05 0.00012433 -0.0125667 0.0332332 
0.00985087 -0.0185911 1.22076e-05 -5.79868e-05 -0.0185911 0.0686064 -5.79868e-05 0.00018094 1.22076e-05 -5.79868e-05 0.0101292 -0.0186764 -5.79868e-05 0.00018094 -0.0186764 0.068761 
0.00900564 -0.017862 3.5611e-06 3.50776e-05 -0.017862 0.0806148 4.09292e-05 -0.000161279 3.5611e-06 4.09292e-05 0.00938424 -0.0177702 3.50776e-05 -0.000161279 -0.0177702 0.0792656 
0.00889367 -0.017091 3.67256e-05 4.63203e-05 -0.017091 0.0835855 5.48112e-05 -0.000388838 3.67256e-05 5.48112e-05 0.0094063 -0.017233 4.63203e-05 -0.000388838 -0.017233 0.0822524 
0.00918384 -0.0171814 5.96769e-05 -1.12632e-05 -0.0171814 0.0857361 -4.1869e-06 -0.000300641 5.96769e-05 -4.1869e-06 0.00969362 -0.0175951 -1.12632e-05 -0.000300641 -0.0175951 0.0852867 
0.00919078 -0.0171011 6.32344e-05 -5.48709e-05 -0.0171011 0.0853276 -4.6396e-05 -0.000112538 6.32344e-05 -4.6396e-05 0.0096983 -0.0175442 -5.48709e-05 -0.000112538 -0.0175442 0.0855119 
0.00940549 -0.0174574 3.47296e-05 -5.62969e-05 -0.0174574 0.0870286 -4.79243e-05 -2.34762e-05 3.47296e-05 -4.79243e-05 0.00989262 -0.0178968 -5.62969e-05 -2.34762e-05 -0.0178968 0.0874451 
0.00946395 -0.0175096 3.35704e-06 -1.56527e-05 -0.0175096 0.0871689 -5.60788e-06 -6.02754e-05 3.35704e-06 -5.60788e-06 0.00988896 -0.0178923 -1.56527e-05 -6.02754e-05 -0.0178923 0.0875589 
0.00934246 -0.0173027 -1.67417e-05 2.73712e-05 -0.0173027 0.0859452 3.78071e-05 -0.000157135 -1.67417e-05 3.78071e-05 0.00975806 -0.0175971 2.73712e-05 -0.000157135 -0.0175971 0.0861711 
0.00946145 -0.0175837 -5.54153e-06 5.8512e-05 -0.0175837 0.0872638 6.53327e-05 -0.000252004 -5.54153e-06 6.53327e-05 0.00992325 -0.0178686 5.8512e-05 -0.000252004 -0.0178686 0.0873813 
0.00939718 -0.0174766 3.60877e-07 5.01769e-05 -0.0174766 0.0868159 4.87705e-05 -0.00027263 3.60877e-07 4.87705e-05 0.00987358 -0.0178186 5.01769e-05 -0.00027263 -0.0178186 0.087002 
0.00932286 -0.0173533 7.77141e-06 4.26442e-05 -0.0173533 0.0862461 3.39643e-05 -0.000250019 7.77141e-06 3.39643e-05 0.00981889 -0.017713 4.26442e-05 -0.000250019 -0.017713 0.0865028 
0.00949996 -0.0176466 -1.20039e-05 3.91975e-05 -0.0176466 0.0877516 2.82869e-05 -0.000243279 -1.20039e-05 2.82869e-05 0.0099715 -0.0180404 3.91975e-05 -0.000243279 -0.0180404 0.0880812 
0.00949053 -0.0176181 -2.55475e-05 5.94417e-05 -0.0176181 0.0875621 5.70895e-05 -0.000277334 -2.55475e-05 5.70895e-05 0.00992389 -0.0179869 5.94417e-05 -0.000277334 -0.0179869 0.087901 
0.00946927 -0.017653 -2.59894e-05 7.25614e-05 -0.017653 0.0877113 7.35327e-05 -0.000316105 -2.59894e-05 7.35327e-05 0.00995895 -0.0179948 7.25614e-05 -0.000316105 -0.0179948 0.0880257 
0.00947399 -0.0176643 -1.216e-05 6.11695e-05 -0.0176643 0.0879139 6.40153e-05 -0.000301236 -1.216e-05 6.40153e-05 0.00999661 -0.0180678 6.11695e-05 -0.000301236 -0.0180678 0.0883073 
0.00927457 -0.0172789 6.44966e-06 5.15594e-05 -0.0172789 0.086067 5.09933e-05 -0.000276514 6.44966e-06 5.09933e-05 0.00978801 -0.0177194 5.15594e-05 -0.000276514 -0.0177194 0.0865852 
0.00928675 -0.017258 1.72587e-05 3.04789e-05 -0.017258 0.0859787 2.704e-05 -0.000232578 1.72587e-05 2.704e-05 0.00976678 -0.0177079 3.04789e-05 -0.000232578 -0.0177079 0.0865785 
0.00953252 -0.0176466 3.72323e-05 1.3466e-05 -0.0176466 0.0878273 1.02809e-05 -0.000184959 3.72323e-05 1.02809e-05 0.00992519 -0.0180581 1.3466e-05 -0.000184959 -0.0180581 0.0883854 
0.00958525 -0.0176902 5.58041e-05 -1.29394e-05 -0.0176902 0.0878524 -1.65079e-05 -0.000120729 5.58041e-05 -1.65079e-05 0.00985953 -0.0179756 -1.29394e-05 -0.000120729 -0.0179756 0.0881717 
0.00961517 -0.0177657 6.86069e-05 -3.73627e-05 -0.0177657 0.0880114 -4.76515e-05 -4.28406e-05 6.86069e-05 -4.76515e-05 0.00982008 -0.0178973 -3.73627e-05 -4.28406e-05 -0.0178973 0.0879665 
0.00962634 -0.0177972 7.81395e-05 -4.64894e-05 -0.0177972 0.0880948 -6.0128e-05 -4.10834e-07 7.81395e-05 -6.0128e-05 0.00979443 -0.0178283 -4.64894e-05 -4.10834e-07 -0.0178283 0.0877158 
0.00961391 -0.0178247 7.89004e-05 -5.9244e-05 -0.0178247 0.0882227 -6.92742e-05 2.84938e-05 7.89004e-05 -6.92742e-05 0.00981262 -0.0178218 -5.9244e-05 2.84938e-05 -0.0178218 0.0876761 
0.00957446 -0.0177283 6.08575e-05 -5.93188e-05 -0.0177283 0.0878591 -6.33043e-05 3.10815e-05 6.08575e-05 -6.33043e-05 0.0097782 -0.017776 -5.93188e-05 3.10815e-05 -0.017776 0.0873558 
0.00956511 -0.0176898 4.08754e-05 -4.36611e-05 -0.0176898 0.0876913 -3.92363e-05 2.05541e-06 4.08754e-05 -3.92363e-05 0.00975895 -0.017777 -4.36611e-05 2.05541e-06 -0.017777 0.0873293 
0.00949888 -0.0176357 3.46692e-05 -2.2956e-05 -0.0176357 0.0873949 -1.24508e-05 -4.87196e-05 3.46692e-05 -1.24508e-05 0.00975585 -0.0177162 -2.2956e-05 -4.87196e-05 -0.0177162 0.0870912 
0.0094158 -0.017549 1.50082e-05 -1.61722e-05 -0.017549 0.0871058 -6.29353e-06 -7.66293e-05 1.50082e-05 -6.29353e-06 0.00978299 -0.0177025 -1.61722e-05 -7.66293e-05 -0.0177025 0.0869261 
0.00936777 -0.0173844 -5.47756e-06 3.35846e-06 -0.0173844 0.0865114 1.2024e-05 -0.0001062 -5.47756e-06 1.2024e-05 0.00973402 -0.0176818 3.35846e-06 -0.0001062 -0.0176818 0.0866351 
0.00934827 -0.0173891 1.14278e-05 2.67394e-05 -0.0173891 0.0864842 3.37705e-05 -0.000150721 1.14278e-05 3.37705e-05 0.00976638 -0.0177083 2.67394e-05 -0.000150721 -0.0177083 0.0868094 
0.00939697 -0.0173865 2.90044e-05 1.07168e-05 -0.0173865 0.0865448 1.2894e-05 -0.000143949 2.90044e-05 1.2894e-05 0.0097431 -0.0177608 1.07168e-05 -0.000143949 -0.0177608 0.0870086 
0.00945635 -0.0175019 4.81453e-05 -9.59193e-06 -0.0175019 0.0869452 -1.28259e-05 -9.78494e-05 4.81453e-05 -1.28259e-05 0.00973958 -0.0177898 -9.59193e-06 -9.78494e-05 -0.0177898 0.087339 
0.00948861 -0.0175576 6.90779e-05 -3.55828e-05 -0.0175576 0.0871582 -4.11079e-05 -2.90897e-05 6.90779e-05 -4.11079e-05 0.00973004 -0.0177573 -3.55828e-05 -2.90897e-05 -0.0177573 0.0873459 
0.00947869 -0.0175725 7.16711e-05 -5.85243e-05 -0.0175725 0.0871816 -6.26322e-05 2.99427e-05 7.16711e-05 -6.26322e-05 0.00971683 -0.017705 -5.85243e-05 2.99427e-05 -0.017705 0.0871584 
0.00944893 -0.0175146 6.57003e-05 -6.02874e-05 -0.0175146 0.0869496 -6.28851e-05 5.37102e-05 6.57003e-05 -6.28851e-05 0.00968812 -0.017645 -6.02874e-05 5.37102e-05 -0.017645 0.0868418 
0.00941179 -0.0174324 6.62523e-05 -5.6601e-05 -0.0174324 0.0865623 -6.30377e-05 6.5578e-05 6.62523e-05 -6.30377e-05 0.00965519 -0.0175704 -5.6601e-05 6.5578e-05 -0.0175704 0.0864517 
0.00940289 -0.017442 7.07782e-05 -5.62422e-05 -0.017442 0.0865889 -6.0391e-05 6.29973e-05 7.07782e-05 -6.0391e-05 0.00968647 -0.0175905 -5.62422e-05 6.29973e-05 -0.0175905 0.0865006 
0.00940049 -0.0173922 4.79267e-05 -6.46446e-05 -0.0173922 0.086386 -6.32175e-05 7.15398e-05 4.79267e-05 -6.32175e-05 0.00966489 -0.0175912 -6.46446e-05 7.15398e-05 -0.0175912 0.0863926 
0.00955917 -0.0177517 2.65536e-05 -4.28787e-05 -0.0177517 0.0880697 -3.33485e-05 3.94224e-05 2.65536e-05 -3.33485e-05 0.00986649 -0.017919 -4.28787e-05 3.94224e-05 -0.017919 0.0880516 
0.00937249 -0.0174201 1.46021e-05 -1.50168e-05 -0.0174201 0.0865253 3.31513e-06 -3.54797e-05 1.46021e-05 3.31513e-06 0.00969205 -0.0176305 -1.50168e-05 -3.54797e-05 -0.0176305 0.0865518 
0.00937562 -0.01745 8.90612e-06 3.29454e-06 -0.01745 0.0867528 2.42235e-05 -0.00010429 8.90612e-06 2.42235e-05 0.00973013 -0.0176863 3.29454e-06 -0.00010429 -0.0176863 0.0868526 
0.0093676 -0.0173819 1.335e-05 1.50268e-05 -0.0173819 0.0865274 3.0859e-05 -0.000146768 1.335e-05 3.0859e-05 0.00970858 -0.0176719 1.50268e-05 -0.000146768 -0.0176719 0.0867523 
0.0093867 -0.0173772 3.67109e-05 5.75725e-06 -0.0173772 0.0864436 1.58981e-05 -0.00013435 3.67109e-05 1.58981e-05 0.00968265 -0.0176549 5.75725e-06 -0.00013435 -0.0176549 0.0867127 
0.00936563 -0.0173641 4.8886e-05 -1.92769e-05 -0.0173641 0.0862579 -1.6822e-05 -8.03503e-05 4.8886e-05 -1.6822e-05 0.00965634 -0.0175742 -1.92769e-05 -8.03503e-05 -0.0175742 0.0864153 
0.00933469 -0.0173494 4.51214e-05 -3.4362e-05 -0.0173494 0.0861845 -3.91591e-05 -2.0227e-05 4.51214e-05 -3.91591e-05 0.00965797 -0.0175453 -3.4362e-05 -2.0227e-05 -0.0175453 0.0862478 
0.00930102 -0.0173117 4.71611e-05 -3.11702e-05 -0.0173117 0.0860872 -3.92928e-05 5.44069e-06 4.71611e-05 -3.92928e-05 0.00966509 -0.0175496 -3.11702e-05 5.44069e-06 -0.0175496 0.0861901 
0.00952355 -0.0176546 4.22929e-05 -3.51507e-05 -0.0176546 0.0878961 -4.40284e-05 1.79932e-05 4.22929e-05 -4.40284e-05 0.00985816 -0.0179604 -3.51507e-05 1.79932e-05 -0.0179604 0.088143 
0.00937692 -0.0172967 2.72038e-05 -2.89482e-05 -0.0172967 0.0860092 -3.56046e-05 1.32265e-05 2.72038e-05 -3.56046e-05 0.0095988 -0.0175573 -2.89482e-05 1.32265e-05 -0.0175573 0.0862619 
0.0094291 -0.0174312 2.36806e-05 -1.38828e-05 -0.0174312 0.0864311 -1.8898e-05 -1.39747e-05 2.36806e-05 -1.8898e-05 0.00960279 -0.0175492 -1.38828e-05 -1.39747e-05 -0.0175492 0.0864315 
0.00942276 -0.0174641 1.49665e-05 -4.513e-06 -0.0174641 0.0865784 -1.34995e-05 -4.26111e-05 1.49665e-05 -1.34995e-05 0.00961976 -0.0175281 -4.513e-06 -4.26111e-05 -0.0175281 0.0863794 
0.00940943 -0.0174709 1.71836e-05 4.88292e-06 -0.0174709 0.0867108 -7.73391e-06 -6.1159e-05 1.71836e-05 -7.73391e-06 0.00966432 -0.0175778 4.88292e-06 -6.1159e-05 -0.0175778 0.0865292 
0.00936775 -0.01742 1.39692e-05 3.68986e-06 -0.01742 0.0865681 -5.32415e-06 -7.45938e-05 1.39692e-05 -5.32415e-06 0.00969666 -0.0176004 3.68986e-06 -7.45938e-05 -0.0176004 0.0865349 
0.00931391 -0.0173238 1.44319e-05 1.32278e-05 -0.0173238 0.0861969 5.80744e-06 -0.000102276 1.44319e-05 5.80744e-06 0.00970107 -0.0175924 1.32278e-05 -0.000102276 -0.0175924 0.0863694 
0.00929093 -0.0172755 8.43838e-06 1.26712e-05 -0.0172755 0.0860147 5.22044e-06 -0.000116963 8.43838e-06 5.22044e-06 0.00970363 -0.0176151 1.26712e-05 -0.000116963 -0.0176151 0.0863857 
0.0092957 -0.0172433 5.24408e-06 1.32508e-05 -0.0172433 0.0858767 9.92951e-06 -0.000120712 5.24408e-06 9.92951e-06 0.00968425 -0.0176203 1.32508e-05 -0.000120712 -0.0176203 0.0863923 
0.00932882 -0.0173001 8.58841e-06 1.71132e-05 -0.0173001 0.0860926 1.68087e-05 -0.000132638 8.58841e-06 1.68087e-05 0.00969771 -0.0176602 1.71132e-05 -0.000132638 -0.0176602 0.0866454 
0.00933701 -0.0173345 6.4351e-06 1.39536e-05 -0.0173345 0.0862178 1.49275e-05 -0.000137288 6.4351e-06 1.49275e-05 0.00969943 -0.0176591 1.39536e-05 -0.000137288 -0.0176591 0.086705 
0.00938996 -0.017387 3.83438e-06 1.73707e-05 -0.017387 0.0864929 1.73902e-05 -0.000142646 3.83438e-06 1.73902e-05 0.00969729 -0.0176931 1.73707e-05 -0.000142646 -0.0176931 0.0869067 
0.00935559 -0.0173782 2.66599e-06 2.49904e-05 -0.0173782 0.0863466 2.06553e-05 -0.000157019 2.66599e-06 2.06553e-05 0.0096922 -0.0176098 2.49904e-05 -0.000157019 -0.0176098 0.0866088 
0.00933734 -0.0173822 -9.78835e-06 2.96009e-05 -0.0173822 0.086452 2.5595e-05 -0.000176061 -9.78835e-06 2.5595e-05 0.00974326 -0.0176567 2.96009e-05 -0.000176061 -0.0176567 0.0867178 
0.00933376 -0.0173462 -5.40448e-06 4.19892e-05 -0.0173462 0.0864006 4.02364e-05 -0.000202933 -5.40448e-06 4.02364e-05 0.00975937 -0.0177166 4.19892e-05 -0.000202933 -0.0177166 0.0868511 
0.00934169 -0.0173656 1.83387e-07 3.58022e-05 -0.0173656 0.0864806 3.04052e-05 -0.000201004 1.83387e-07 3.04052e-05 0.00977864 -0.0177566 3.58022e-05 -0.000201004 -0.0177566 0.0870468 
0.00937422 -0.0174109 1.3428e-05 2.99377e-05 -0.0174109 0.0867079 2.15447e-05 -0.000184643 1.3428e-05 2.15447e-05 0.00980504 -0.0178101 2.99377e-05 -0.000184643 -0.0178101 0.0873136 
0.00939342 -0.0174327 2.3776e-05 1.48761e-05 -0.0174327 0.0867857 6.10678e-06 -0.000156248 2.3776e-05 6.10678e-06 0.00981272 -0.0178217 1.48761e-05 -0.000156248 -0.0178217 0.0873877 
0.00942093 -0.017428 1.86436e-05 -2.25426e-06 -0.017428 0.0867172 -8.33819e-06 -0.000114066 1.86436e-05 -8.33819e-06 0.00978463 -0.0178026 -2.25426e-06 -0.000114066 -0.0178026 0.0872946 
0.00945867 -0.01751 1.97106e-05 3.60513e-07 -0.01751 0.0869879 -1.45159e-06 -0.000102326 1.97106e-05 -1.45159e-06 0.00979993 -0.017828 3.60513e-07 -0.000102326 -0.017828 0.0874779 
0.00949689 -0.0175281 3.28035e-05 9.46799e-07 -0.0175281 0.0870459 4.06602e-06 -0.000113976 3.28035e-05 4.06602e-06 0.00977022 -0.0178209 9.46799e-07 -0.000113976 -0.0178209 0.0874597 
0.00950372 -0.0175698 3.66083e-05 -1.79748e-05 -0.0175698 0.08711 -1.1889e-05 -9.25875e-05 3.66083e-05 -1.1889e-05 0.00976559 -0.0177787 -1.79748e-05 -9.25875e-05 -0.0177787 0.087368 
0.00949438 -0.017526 4.24185e-05 -2.49197e-05 -0.017526 0.086872 -1.91858e-05 -6.48754e-05 4.24185e-05 -1.91858e-05 0.00971638 -0.0177032 -2.49197e-05 -6.48754e-05 -0.0177032 0.086987 
0.0094926 -0.0175643 3.91845e-05 -2.83128e-05 -0.0175643 0.0869775 -2.67312e-05 -4.97783e-05 3.91845e-05 -2.67312e-05 0.00972929 -0.0176895 -2.83128e-05 -4.97783e-05 -0.0176895 0.0869562 
0.00950207 -0.0175432 2.67168e-05 -1.94578e-05 -0.0175432 0.086924 -2.46257e-05 -5.46514e-05 2.67168e-05 -2.46257e-05 0.00970585 -0.017687 -1.94578e-05 -5.46514e-05 -0.017687 0.0868716 
0.00949315 -0.0175697 1.95348e-05 -2.45751e-06 -0.0175697 0.0869891 -8.49033e-06 -8.64692e-05 1.95348e-05 -8.49033e-06 0.0097161 -0.0176803 -2.45751e-06 -8.64692e-05 -0.0176803 0.0868921 
0.00948153 -0.0176119 1.25977e-05 1.2689e-05 -0.0176119 0.0872551 8.16895e-06 -0.000137937 1.25977e-05 8.16895e-06 0.00977509 -0.0177375 1.2689e-05 -0.000137937 -0.0177375 0.0871417 
0.00949988 -0.0176122 3.66299e-06 1.6516e-05 -0.0176122 0.087425 1.18527e-05 -0.000159432 3.66299e-06 1.18527e-05 0.00980223 -0.0178268 1.6516e-05 -0.000159432 -0.0178268 0.087452 
0.00952922 -0.0175984 1.3726e-05 3.02458e-05 -0.0175984 0.0873748 2.1181e-05 -0.000183246 1.3726e-05 2.1181e-05 0.00977887 -0.0178372 3.02458e-05 -0.000183246 -0.0178372 0.0875276 
0.00952654 -0.0176292 1.45003e-05 2.29266e-05 -0.0176292 0.0873852 1.14491e-05 -0.00018691 1.45003e-05 1.14491e-05 0.0097899 -0.0177987 2.29266e-05 -0.00018691 -0.0177987 0.0874697 
0.00954733 -0.0176552 5.31926e-06 1.29112e-05 -0.0176552 0.0875411 2.06064e-06 -0.000158244 5.31926e-06 2.06064e-06 0.00980971 -0.0178443 1.29112e-05 -0.000158244 -0.0178443 0.0876127 
0.00957639 -0.017705 3.2796e-06 2.70261e-05 -0.017705 0.0877743 2.01105e-05 -0.000178386 3.2796e-06 2.01105e-05 0.00984218 -0.0179014 2.70261e-05 -0.000178386 -0.0179014 0.0878752 
0.00957278 -0.0177375 1.98086e-06 2.9111e-05 -0.0177375 0.0879164 2.46848e-05 -0.000197773 1.98086e-06 2.46848e-05 0.00987438 -0.017935 2.9111e-05 -0.000197773 -0.017935 0.0880311 
0.00955476 -0.0177428 -5.81924e-07 3.05074e-05 -0.0177428 0.088037 3.22982e-05 -0.000215752 -5.81924e-07 3.22982e-05 0.00993493 -0.018 3.05074e-05 -0.000215752 -0.018 0.0882749 
0.00955154 -0.0177052 1.00861e-05 2.74856e-05 -0.0177052 0.0879641 3.65554e-05 -0.000221975 1.00861e-05 3.65554e-05 0.00993598 -0.0180427 2.74856e-05 -0.000221975 -0.0180427 0.0883667 
0.00934465 -0.0173164 1.19562e-05 1.74675e-05 -0.0173164 0.0860118 2.49815e-05 -0.000208378 1.19562e-05 2.49815e-05 0.00972049 -0.0176472 1.74675e-05 -0.000208378 -0.0176472 0.0864724 
0.0093974 -0.0173685 1.23196e-05 1.76836e-05 -0.0173685 0.0862578 2.02952e-05 -0.000197924 1.23196e-05 2.02952e-05 0.00972203 -0.0176968 1.76836e-05 -0.000197924 -0.0176968 0.0867193 
0.00942651 -0.017383 5.7887e-06 1.6961e-05 -0.017383 0.0862293 1.6442e-05 -0.000189869 5.7887e-06 1.6442e-05 0.00967974 -0.01765 1.6961e-05 -0.000189869 -0.01765 0.0865939 
0.00945377 -0.0174327 -4.51451e-06 2.36502e-05 -0.0174327 0.0863366 2.15454e-05 -0.000192741 -4.51451e-06 2.15454e-05 0.00965499 -0.0176037 2.36502e-05 -0.000192741 -0.0176037 0.0864905 
0.00945728 -0.0174778 -8.36749e-06 3.84399e-05 -0.0174778 0.0864808 3.7153e-05 -0.000222734 -8.36749e-06 3.7153e-05 0.00966609 -0.017574 3.84399e-05 -0.000222734 -0.017574 0.0864097 
0.00949408 -0.0175156 1.45724e-06 4.55676e-05 -0.0175156 0.0866957 4.79701e-05 -0.000255644 1.45724e-06 4.79701e-05 0.00968476 -0.0176087 4.55676e-05 -0.000255644 -0.0176087 0.0865126 
0.00946928 -0.0175434 2.01006e-05 3.43063e-05 -0.0175434 0.0867575 3.85769e-05 -0.000255343 2.01006e-05 3.85769e-05 0.00970963 -0.0176026 3.43063e-05 -0.000255343 -0.0176026 0.0864743 
0.0094212 -0.0175042 2.00531e-05 1.244e-05 -0.0175042 0.0866835 1.33957e-05 -0.000214052 2.00531e-05 1.33957e-05 0.00974774 -0.0176162 1.244e-05 -0.000214052 -0.0176162 0.0864251 
0.00937491 -0.0174302 4.71108e-06 1.21333e-05 -0.0174302 0.0864834 9.2343e-06 -0.000186459 4.71108e-06 9.2343e-06 0.00978491 -0.017656 1.21333e-05 -0.000186459 -0.017656 0.0864327 
0.00934598 -0.0173636 -1.42477e-06 2.76385e-05 -0.0173636 0.0862533 2.47272e-05 -0.000198698 -1.42477e-06 2.47272e-05 0.00980305 -0.0176915 2.76385e-05 -0.000198698 -0.0176915 0.0864561 
0.00939525 -0.0173787 -1.11493e-05 3.43135e-05 -0.0173787 0.0863634 3.2582e-05 -0.000221041 -1.11493e-05 3.2582e-05 0.00980178 -0.017783 3.43135e-05 -0.000221041 -0.017783 0.0868131 
0.00945085 -0.0174424 -1.59438e-05 4.5584e-05 -0.0174424 0.0865276 4.40426e-05 -0.000246048 -1.59438e-05 4.40426e-05 0.00978138 -0.0177833 4.5584e-05 -0.000246048 -0.0177833 0.0869737 
0.0094888 -0.0175746 -1.70604e-05 5.5701e-05 -0.0175746 0.0870188 5.40764e-05 -0.000278886 -1.70604e-05 5.40764e-05 0.0098212 -0.0178072 5.5701e-05 -0.000278886 -0.0178072 0.0872495 
0.00951654 -0.0176487 -2.20406e-05 5.82349e-05 -0.0176487 0.0874441 5.75077e-05 -0.000300869 -2.20406e-05 5.75077e-05 0.00985627 -0.0178709 5.82349e-05 -0.000300869 -0.0178709 0.087539 
0.00953631 -0.0176931 -1.54731e-05 6.3987e-05 -0.0176931 0.0877385 6.14849e-05 -0.000314104 -1.54731e-05 6.14849e-05 0.00989345 -0.0179259 6.3987e-05 -0.000314104 -0.0179259 0.087812 
0.00952249 -0.017672 3.87873e-07 5.52105e-05 -0.017672 0.0876991 5.08698e-05 -0.000303603 3.87873e-07 5.08698e-05 0.00991414 -0.0179351 5.52105e-05 -0.000303603 -0.0179351 0.0878302 
0.00951769 -0.0176481 1.28709e-05 3.11121e-05 -0.0176481 0.0876197 2.81809e-05 -0.000256165 1.28709e-05 2.81809e-05 0.00991133 -0.017947 3.11121e-05 -0.000256165 -0.017947 0.0878268 
0.00950646 -0.0175971 1.55136e-05 1.8682e-05 -0.0175971 0.0873565 2.22057e-05 -0.000226589 1.55136e-05 2.22057e-05 0.00986766 -0.017901 1.8682e-05 -0.000226589 -0.017901 0.0876112 
0.00950118 -0.0175832 1.22035e-05 1.52463e-05 -0.0175832 0.0872333 2.12503e-05 -0.000214499 1.22035e-05 2.12503e-05 0.00984651 -0.0178577 1.52463e-05 -0.000214499 -0.0178577 0.0874651 
0.00951728 -0.0176416 2.56145e-05 1.56312e-05 -0.0176416 0.0874847 2.3584e-05 -0.000210962 2.56145e-05 2.3584e-05 0.00987416 -0.017892 1.56312e-05 -0.000210962 -0.017892 0.0876558 
0.00952262 -0.0175965 1.98696e-05 2.2173e-06 -0.0175965 0.0873146 6.16746e-06 -0.000188637 1.98696e-05 6.16746e-06 0.00982418 -0.0178641 2.2173e-06 -0.000188637 -0.0178641 0.0874928 
0.00948888 -0.0175464 1.00795e-05 8.25181e-06 -0.0175464 0.0869656 7.84174e-06 -0.000176268 1.00795e-05 7.84174e-06 0.00976543 -0.0177462 8.25181e-06 -0.000176268 -0.0177462 0.0870504 
0.00949043 -0.0175017 1.01793e-06 2.43935e-05 -0.0175017 0.0867392 2.22533e-05 -0.000200059 1.01793e-06 2.22533e-05 0.00970106 -0.0176802 2.43935e-05 -0.000200059 -0.0176802 0.0867523 
0.00947589 -0.0174668 -7.98883e-06 3.57778e-05 -0.0174668 0.0864587 3.27433e-05 -0.000228284 -7.98883e-06 3.27433e-05 0.00963582 -0.0175715 3.57778e-05 -0.000228284 -0.0175715 0.0863443 
0.00960752 -0.0177672 -2.36399e-05 4.84089e-05 -0.0177672 0.0878804 4.4435e-05 -0.000261633 -2.36399e-05 4.4435e-05 0.00980863 -0.0178137 4.84089e-05 -0.000261633 -0.0178137 0.0876133 
0.00953596 -0.0176679 -2.2516e-05 6.13813e-05 -0.0176679 0.087472 6.02652e-05 -0.000287734 -2.2516e-05 6.02652e-05 0.00979005 -0.017752 6.13813e-05 -0.000287734 -0.017752 0.0871945 
0.00951832 -0.0176294 -1.07426e-05 5.78073e-05 -0.0176294 0.0873834 5.82929e-05 -0.000292637 -1.07426e-05 5.82929e-05 0.00979239 -0.0177862 5.78073e-05 -0.000292637 -0.0177862 0.0872427 
0.00952385 -0.0176511 -6.27969e-06 4.24714e-05 -0.0176511 0.0875215 4.39326e-05 -0.000268107 -6.27969e-06 4.39326e-05 0.00981665 -0.0178371 4.24714e-05 -0.000268107 -0.0178371 0.0874945 
0.00952947 -0.0176513 7.62174e-06 2.86376e-05 -0.0176513 0.0875638 3.55157e-05 -0.000230783 7.62174e-06 3.55157e-05 0.00981997 -0.0178552 2.86376e-05 -0.000230783 -0.0178552 0.0875976 
0.00956199 -0.0176634 3.06412e-05 1.11625e-05 -0.0176634 0.0876178 2.15053e-05 -0.000193635 3.06412e-05 2.15053e-05 0.00979557 -0.0178594 1.11625e-05 -0.000193635 -0.0178594 0.0876557 
0.00954632 -0.0176435 3.73355e-05 -1.86637e-05 -0.0176435 0.0874117 -7.45119e-06 -0.00012987 3.73355e-05 -7.45119e-06 0.00975585 -0.0177703 -1.86637e-05 -0.00012987 -0.0177703 0.0873421 
0.00950564 -0.0175671 3.05209e-05 -2.37676e-05 -0.0175671 0.0870087 -1.59266e-05 -9.13345e-05 3.05209e-05 -1.59266e-05 0.0096992 -0.0176634 -2.37676e-05 -9.13345e-05 -0.0176634 0.0868375 
0.00948359 -0.0175344 2.24278e-05 -9.24607e-06 -0.0175344 0.0868284 -7.00249e-06 -0.000100133 2.24278e-05 -7.00249e-06 0.00968059 -0.0176154 -9.24607e-06 -0.000100133 -0.0176154 0.086601 
0.00949178 -0.0175473 2.88025e-05 6.52376e-06 -0.0175473 0.0869061 2.51573e-06 -0.000130595 2.88025e-05 2.51573e-06 0.0096928 -0.0176449 6.52376e-06 -0.000130595 -0.0176449 0.0867007 
0.0094867 -0.0175842 2.42585e-05 2.12644e-06 -0.0175842 0.087091 -2.48129e-06 -0.000141618 2.42585e-05 -2.48129e-06 0.00974458 -0.0176937 2.12644e-06 -0.000141618 -0.0176937 0.0869271 
0.00946743 -0.0176058 9.21103e-06 4.95542e-06 -0.0176058 0.0872996 6.28042e-06 -0.000151384 9.21103e-06 6.28042e-06 0.00981682 -0.0177824 4.95542e-06 -0.000151384 -0.0177824 0.0872536 
0.00945523 -0.0175907 -9.51674e-07 1.23866e-05 -0.0175907 0.0873978 2.31067e-05 -0.000166794 -9.51674e-07 2.31067e-05 0.00985945 -0.0178787 1.23866e-05 -0.000166794 -0.0178787 0.0875832 
0.00944902 -0.0175151 -2.25073e-06 2.5056e-05 -0.0175151 0.0871297 3.51569e-05 -0.000192265 -2.25073e-06 3.51569e-05 0.00981349 -0.0178749 2.5056e-05 -0.000192265 -0.0178749 0.0875395 
0.00944995 -0.0175575 6.94675e-06 3.44644e-05 -0.0175575 0.0872515 3.27505e-05 -0.000210183 6.94675e-06 3.27505e-05 0.00982942 -0.0178665 3.44644e-05 -0.000210183 -0.0178665 0.0876639 
0.00943678 -0.0175299 2.14957e-05 3.04285e-05 -0.0175299 0.0871797 2.19652e-05 -0.00020801 2.14957e-05 2.19652e-05 0.00983502 -0.0178508 3.04285e-05 -0.00020801 -0.0178508 0.0875789 
0.00941537 -0.0175106 1.88331e-05 1.3451e-05 -0.0175106 0.0871105 6.14383e-06 -0.000180645 1.88331e-05 6.14383e-06 0.00984924 -0.0178556 1.3451e-05 -0.000180645 -0.0178556 0.0875512 
0.00943825 -0.0175354 1.71209e-06 9.18261e-06 -0.0175354 0.0873072 7.66049e-06 -0.000159222 1.71209e-06 7.66049e-06 0.00987379 -0.0179365 9.18261e-06 -0.000159222 -0.0179365 0.0878692 
0.00943486 -0.017479 -7.74791e-06 2.84743e-05 -0.017479 0.0870294 3.17816e-05 -0.00018536 -7.74791e-06 3.17816e-05 0.00984105 -0.0178874 2.84743e-05 -0.00018536 -0.0178874 0.0876677 
0.00945326 -0.0174843 -7.86349e-06 4.15647e-05 -0.0174843 0.0869421 4.97521e-05 -0.000229066 -7.86349e-06 4.97521e-05 0.00980666 -0.0178476 4.15647e-05 -0.000229066 -0.0178476 0.0875223 
0.00943128 -0.0175029 1.05322e-06 3.70134e-05 -0.0175029 0.0869015 4.3795e-05 -0.000232489 1.05322e-06 4.3795e-05 0.00979195 -0.0177825 3.70134e-05 -0.000232489 -0.0177825 0.0872912 
0.0094308 -0.0175157 2.07318e-05 1.98267e-05 -0.0175157 0.087021 1.87323e-05 -0.000183964 2.07318e-05 1.87323e-05 0.00977965 -0.0177898 1.98267e-05 -0.000183964 -0.0177898 0.0872957 
0.00941662 -0.0174885 2.76641e-05 -4.33464e-07 -0.0174885 0.086943 -5.68899e-06 -0.000128383 2.76641e-05 -5.68899e-06 0.00977086 -0.0177599 -4.33464e-07 -0.000128383 -0.0177599 0.0871959 
0.00939545 -0.0174439 2.79522e-05 -1.29942e-05 -0.0174439 0.0867602 -1.06315e-05 -9.01172e-05 2.79522e-05 -1.06315e-05 0.0097501 -0.0177295 -1.29942e-05 -9.01172e-05 -0.0177295 0.0870355 
0.0093519 -0.0173339 3.5457e-05 -1.91126e-05 -0.0173339 0.0862285 -1.21145e-05 -6.56432e-05 3.5457e-05 -1.21145e-05 0.00968578 -0.0176249 -1.91126e-05 -6.56432e-05 -0.0176249 0.0865317 
0.00952464 -0.0176319 1.62661e-05 -2.66525e-05 -0.0176319 0.0876597 -1.86879e-05 -5.11376e-05 1.62661e-05 -1.86879e-05 0.00982517 -0.0179114 -2.66525e-05 -5.11376e-05 -0.0179114 0.0879662 
0.00950823 -0.0176064 1.47679e-05 -5.02465e-06 -0.0176064 0.0874532 3.54739e-06 -7.31721e-05 1.47679e-05 3.54739e-06 0.00978494 -0.0178329 -5.02465e-06 -7.31721e-05 -0.0178329 0.0876676 
0.00952709 -0.0176322 1.22674e-05 1.09009e-06 -0.0176322 0.0875638 5.97675e-06 -9.88488e-05 1.22674e-05 5.97675e-06 0.00979068 -0.0178434 1.09009e-06 -9.88488e-05 -0.0178434 0.087728 
0.00956811 -0.0176778 1.35583e-05 7.20844e-06 -0.0176778 0.0877612 6.55504e-06 -0.000111852 1.35583e-05 6.55504e-06 0.00979872 -0.0178814 7.20844e-06 -0.000111852 -0.0178814 0.0879105 
0.00957575 -0.0177294 2.11969e-05 1.14749e-05 -0.0177294 0.0879252 4.97603e-06 -0.000122558 2.11969e-05 4.97603e-06 0.00981465 -0.0178893 1.14749e-05 -0.000122558 -0.0178893 0.0880027 
0.00939942 -0.0174033 1.88143e-05 1.21859e-05 -0.0174033 0.0863383 3.40122e-07 -0.000130743 1.88143e-05 3.40122e-07 0.0096285 -0.0175618 1.21859e-05 -0.000130743 -0.0175618 0.0863719 
0.00939375 -0.0174173 8.01309e-06 1.74717e-05 -0.0174173 0.086425 1.66198e-06 -0.000141276 8.01309e-06 1.66198e-06 0.00964963 -0.017575 1.74717e-05 -0.000141276 -0.017575 0.0864531 
0.00939971 -0.0174205 2.1283e-06 2.78038e-05 -0.0174205 0.0865061 9.98968e-06 -0.000155777 2.1283e-06 9.98968e-06 0.0096658 -0.017611 2.78038e-05 -0.000155777 -0.017611 0.0865823 
0.0094006 -0.0174061 8.55198e-06 3.21537e-05 -0.0174061 0.0864522 1.55345e-05 -0.000168438 8.55198e-06 1.55345e-05 0.00964588 -0.0176102 3.21537e-05 -0.000168438 -0.0176102 0.0865798 
0.00939823 -0.0173325 -3.43429e-06 1.60447e-05 -0.0173325 0.0860833 5.16649e-06 -0.000146054 -3.43429e-06 5.16649e-06 0.00957073 -0.0175285 1.60447e-05 -0.000146054 -0.0175285 0.0862447 
0.00957927 -0.0176487 -5.42101e-06 2.42874e-05 -0.0176487 0.0875167 2.12184e-05 -0.000150064 -5.42101e-06 2.12184e-05 0.00970593 -0.0177751 2.42874e-05 -0.000150064 -0.0177751 0.0875989 
0.00952571 -0.017637 1.62594e-06 3.17158e-05 -0.017637 0.0873467 3.07161e-05 -0.000176172 1.62594e-06 3.07161e-05 0.00970233 -0.0176894 3.17158e-05 -0.000176172 -0.0176894 0.0872525 
0.00952864 -0.0176331 1.27984e-05 2.543e-05 -0.0176331 0.0874584 2.10103e-05 -0.000175963 1.27984e-05 2.10103e-05 0.00972375 -0.0177441 2.543e-05 -0.000175963 -0.0177441 0.0873805 
0.00951064 -0.0176476 2.13556e-05 1.59204e-05 -0.0176476 0.0875587 5.83317e-06 -0.000155567 2.13556e-05 5.83317e-06 0.00975592 -0.0177826 1.59204e-05 -0.000155567 -0.0177826 0.0875525 
0.00951597 -0.0175937 1.04994e-05 6.79552e-06 -0.0175937 0.0874204 -3.34398e-06 -0.000133408 1.04994e-05 -3.34398e-06 0.00972987 -0.0177966 6.79552e-06 -0.000133408 -0.0177966 0.0875539 
0.00955625 -0.0176476 -2.48675e-06 1.6881e-05 -0.0176476 0.0876174 1.23837e-05 -0.000143193 -2.48675e-06 1.23837e-05 0.00973588 -0.0178239 1.6881e-05 -0.000143193 -0.0178239 0.0877904 
0.00954015 -0.0176393 4.00842e-07 2.49267e-05 -0.0176393 0.0875037 2.8184e-05 -0.000164222 4.00842e-07 2.8184e-05 0.0097247 -0.0177672 2.49267e-05 -0.000164222 -0.0177672 0.0875961 
0.00953582 -0.017641 4.56267e-06 1.53763e-05 -0.017641 0.0875302 2.17388e-05 -0.00015575 4.56267e-06 2.17388e-05 0.00973458 -0.017774 1.53763e-05 -0.00015575 -0.017774 0.0875907 
0.0095003 -0.0175962 9.07373e-06 6.01486e-06 -0.0175962 0.0873316 1.46306e-05 -0.000131566 9.07373e-06 1.46306e-05 0.00974075 -0.017748 6.01486e-06 -0.000131566 -0.017748 0.0874227 
0.00948142 -0.0175494 1.12183e-05 5.32926e-06 -0.0175494 0.0871485 1.54828e-05 -0.000126836 1.12183e-05 1.54828e-05 0.00974023 -0.0177499 5.32926e-06 -0.000126836 -0.0177499 0.0873298 
