0.00661131 0 -4.64677e-05 0 0 0.00972946 0 0 -4.64677e-05 0 0.00715423 0 0 0 0 0.00972946 
0.00942527 -0.0117064 -6.68524e-05 7.67205e-05 -0.0117064 0.0313807 7.67205e-05 -0.00014711 -6.68524e-05 7.67205e-05 0.0100918 -0.012519 7.67205e-05 -0.00014711 -0.012519 0.0329398 
0.00974757 -0.0181925 -6.44799e-05 1.78779e-05 -0.0181925 0.0672964 1.78779e-05 -2.55135e-05 -6.44799e-05 1.78779e-05 0.0102365 -0.0190217 1.78779e-05 -2.55135e-05 -0.0190217 0.0698716 
0.00907289 -0.0176032 -7.25709e-05 3.03737e-05 -0.0176032 0.0792431 2.78476e-05 5.88927e-05 -7.25709e-05 2.78476e-05 0.00932002 -0.017936 3.03737e-05 5.88927e-05 -0.017936 0.0800974 
0.00902651 -0.0171384 -9.63306e-05 8.51007e-05 -0.0171384 0.0830633 7.22654e-05 -0.000141627 -9.63306e-05 7.22654e-05 0.00928952 -0.0171785 8.51007e-05 -0.000141627 -0.0171785 0.0824821 
0.0091979 -0.0171935 -8.75414e-05 0.000119767 -0.0171935 0.0850997 0.000107495 -0.000290257 -8.75414e-05 0.000107495 0.0095451 -0.0173052 0.000119767 -0.000290257 -0.0173052 0.0843614 
0.00937222 -0.0174299 -7.54701e-05 9.59841e-05 -0.0174299 0.0866571 9.24127e-05 -0.000287102 -7.54701e-05 9.24127e-05 0.0098009 -0.0176926 9.59841e-05 -0.000287102 -0.0176926 0.0863676 
0.00934356 -0.0173504 -8.59025e-05 6.77611e-05 -0.0173504 0.086341 7.25396e-05 -0.000215069 -8.59025e-05 7.25396e-05 0.00979549 -0.0177062 6.77611e-05 -0.000215069 -0.0177062 0.0864686 
0.00935791 -0.01731 -9.4584e-05 7.87747e-05 -0.01731 0.0861591 8.54861e-05 -0.000194434 -9.4584e-05 8.54861e-05 0.00977064 -0.0177042 7.87747e-05 -0.000194434 -0.0177042 0.0865338 
0.00950864 -0.0175299 -9.22618e-05 9.40468e-05 -0.0175299 0.0871129 9.49903e-05 -0.000212439 -9.22618e-05 9.49903e-05 0.009849 -0.0178846 9.40468e-05 -0.000212439 -0.0178846 0.0875179 
0.00948843 -0.0174693 -9.23403e-05 9.68636e-05 -0.0174693 0.0866148 9.19199e-05 -0.000227249 -9.23403e-05 9.19199e-05 0.0097297 -0.0177281 9.68636e-05 -0.000227249 -0.0177281 0.0868581 
0.00941275 -0.0174153 -9.97713e-05 9.51881e-05 -0.0174153 0.0861829 8.86405e-05 -0.000222952 -9.97713e-05 8.86405e-05 0.00967447 -0.0175458 9.51881e-05 -0.000222952 -0.0175458 0.0861398 
0.00958031 -0.0177302 -0.00010005 0.000110743 -0.0177302 0.0878321 0.000107313 -0.000258656 -0.00010005 0.000107313 0.00984926 -0.0178741 0.000110743 -0.000258656 -0.0178741 0.0876553 
0.00958091 -0.0177141 -8.0553e-05 0.00010843 -0.0177141 0.0877957 0.000109672 -0.000275494 -8.0553e-05 0.000109672 0.00983726 -0.0178778 0.00010843 -0.000275494 -0.0178778 0.0876447 
0.0095461 -0.017669 -8.62993e-05 8.68806e-05 -0.017669 0.0875317 9.03338e-05 -0.000252931 -8.62993e-05 9.03338e-05 0.00981522 -0.0178067 8.68806e-05 -0.000252931 -0.0178067 0.0873476 
0.00954499 -0.0176806 -0.000104539 9.01727e-05 -0.0176806 0.0876187 9.13862e-05 -0.000235797 -0.000104539 9.13862e-05 0.00983379 -0.0178404 9.01727e-05 -0.000235797 -0.0178404 0.0874549 
0.00957527 -0.017714 -0.000113965 0.000119143 -0.017714 0.087834 0.000112671 -0.000274216 -0.000113965 0.000112671 0.00985149 -0.0179116 0.000119143 -0.000274216 -0.0179116 0.0877639 
0.00960409 -0.0177474 -0.000101697 0.000134216 -0.0177474 0.0879794 0.000120287 -0.00031333 -0.000101697 0.000120287 0.00986706 -0.0179394 0.000134216 -0.00031333 -0.0179394 0.0879557 
0.00944103 -0.017443 -8.94251e-05 0.000122793 -0.017443 0.0864106 0.000107734 -0.000313826 -8.94251e-05 0.000107734 0.00968439 -0.0176064 0.000122793 -0.000313826 -0.0176064 0.08635 
0.00950316 -0.0175212 -7.21515e-05 0.000107059 -0.0175212 0.0867568 9.91475e-05 -0.000294133 -7.21515e-05 9.91475e-05 0.00969623 -0.0176589 0.000107059 -0.000294133 -0.0176589 0.0866253 
0.00952663 -0.0176095 -8.78612e-05 8.23738e-05 -0.0176095 0.0870868 8.22365e-05 -0.000253313 -8.78612e-05 8.22365e-05 0.00972476 -0.0176797 8.23738e-05 -0.000253313 -0.0176797 0.0868133 
0.00953851 -0.0177214 -0.00011251 8.81506e-05 -0.0177214 0.0876951 9.72057e-05 -0.00023865 -0.00011251 9.72057e-05 0.00981467 -0.0177942 8.81506e-05 -0.00023865 -0.0177942 0.0873507 
0.00955916 -0.0177242 -0.000105824 0.000112116 -0.0177242 0.0879412 0.000130114 -0.000279943 -0.000105824 0.000130114 0.00985374 -0.017896 0.000112116 -0.000279943 -0.017896 0.0877361 
0.00954962 -0.0176793 -0.000110258 9.96145e-05 -0.0176793 0.0877478 0.000120907 -0.000281771 -0.000110258 0.000120907 0.009843 -0.0178723 9.96145e-05 -0.000281771 -0.0178723 0.087651 
0.0095378 -0.0176467 -0.000104699 0.000102409 -0.0176467 0.0875449 0.000115252 -0.000260602 -0.000104699 0.000115252 0.00982292 -0.0178288 0.000102409 -0.000260602 -0.0178288 0.0874522 
0.00950559 -0.0176075 -0.000111497 0.000101934 -0.0176075 0.0873069 0.000107448 -0.000249986 -0.000111497 0.000107448 0.00980283 -0.0177704 0.000101934 -0.000249986 -0.0177704 0.087165 
0.00938974 -0.0174394 -0.000112092 0.00010816 -0.0174394 0.0864795 0.000109482 -0.000243005 -0.000112092 0.000109482 0.00975392 -0.0175955 0.00010816 -0.000243005 -0.0175955 0.0862772 
0.00935696 -0.0173665 -9.73065e-05 0.00011357 -0.0173665 0.0862229 0.000109103 -0.000248905 -9.73065e-05 0.000109103 0.00974119 -0.0176126 0.00011357 -0.000248905 -0.0176126 0.0861445 
0.00939863 -0.0173686 -8.26654e-05 0.000101269 -0.0173686 0.0862576 9.04297e-05 -0.000230655 -8.26654e-05 9.04297e-05 0.0097131 -0.0176594 0.000101269 -0.000230655 -0.0176594 0.0863444 
0.0094615 -0.0174778 -8.25439e-05 8.21563e-05 -0.0174778 0.0866454 7.15609e-05 -0.00018705 -8.25439e-05 7.15609e-05 0.00970434 -0.0176879 8.21563e-05 -0.00018705 -0.0176879 0.0866716 
0.00949182 -0.0175763 -9.98054e-05 8.09125e-05 -0.0175763 0.0870584 7.77264e-05 -0.000174535 -9.98054e-05 7.77264e-05 0.00973616 -0.0177008 8.09125e-05 -0.000174535 -0.0177008 0.086906 
0.00952979 -0.0176068 -0.000105959 0.000100975 -0.0176068 0.0872735 0.000106311 -0.00021517 -0.000105959 0.000106311 0.00973319 -0.0177302 0.000100975 -0.00021517 -0.0177302 0.0870405 
0.00955051 -0.0176209 -0.000109319 0.000107052 -0.0176209 0.0872835 0.000120763 -0.000255724 -0.000109319 0.000120763 0.00971265 -0.0177007 0.000107052 -0.000255724 -0.0177007 0.08698 
0.00959601 -0.0177042 -9.43473e-05 0.000105036 -0.0177042 0.0876115 0.00012162 -0.000263671 -9.43473e-05 0.00012162 0.00972423 -0.0177263 0.000105036 -0.000263671 -0.0177263 0.0871744 
0.00959243 -0.0177364 -7.11637e-05 8.64002e-05 -0.0177364 0.0877104 0.000101705 -0.000233492 -7.11637e-05 0.000101705 0.00974181 -0.017696 8.64002e-05 -0.000233492 -0.017696 0.0870886 
0.00955643 -0.0177215 -7.51789e-05 5.51883e-05 -0.0177215 0.0876789 6.14236e-05 -0.000152878 -7.51789e-05 6.14236e-05 0.00976033 -0.0176893 5.51883e-05 -0.000152878 -0.0176893 0.0869689 
0.00953195 -0.0176934 -7.5728e-05 5.98141e-05 -0.0176934 0.0876642 5.65245e-05 -0.000109754 -7.5728e-05 5.65245e-05 0.00979091 -0.0177256 5.98141e-05 -0.000109754 -0.0177256 0.0870229 
0.00949116 -0.0176732 -9.49806e-05 7.42374e-05 -0.0176732 0.0876578 6.24206e-05 -0.000124568 -9.49806e-05 6.24206e-05 0.00985603 -0.0177763 7.42374e-05 -0.000124568 -0.0177763 0.0871687 
0.00945492 -0.0175761 -9.49171e-05 9.71808e-05 -0.0175761 0.0873438 8.3464e-05 -0.000165648 -9.49171e-05 8.3464e-05 0.0098695 -0.0178053 9.71808e-05 -0.000165648 -0.0178053 0.087109 
0.00943754 -0.0175019 -0.000104828 9.51706e-05 -0.0175019 0.086995 8.66265e-05 -0.000187747 -0.000104828 8.66265e-05 0.00983133 -0.0178018 9.51706e-05 -0.000187747 -0.0178018 0.0869975 
0.00946256 -0.0175066 -0.000119771 0.000105526 -0.0175066 0.0869527 0.000103427 -0.000214586 -0.000119771 0.000103427 0.00979609 -0.0177966 0.000105526 -0.000214586 -0.0177966 0.0870485 
0.00945101 -0.0174946 -0.000118174 0.000116887 -0.0174946 0.0867637 0.000122675 -0.000246558 -0.000118174 0.000122675 0.00973408 -0.0176981 0.000116887 -0.000246558 -0.0176981 0.0867333 
0.00941486 -0.0174452 -0.000124991 0.000112731 -0.0174452 0.0864749 0.000126493 -0.000263505 -0.000124991 0.000126493 0.00967438 -0.0175766 0.000112731 -0.000263505 -0.0175766 0.0862543 
0.00959862 -0.0177883 -0.000122534 0.00012126 -0.0177883 0.0881947 0.000137657 -0.000280002 -0.000122534 0.000137657 0.00986158 -0.0178967 0.00012126 -0.000280002 -0.0178967 0.0878548 
0.00957769 -0.0177661 -9.48788e-05 0.000114802 -0.0177661 0.0881128 0.000134219 -0.000279777 -9.48788e-05 0.000134219 0.00987693 -0.0178943 0.000114802 -0.000279777 -0.0178943 0.0877968 
0.00952968 -0.0177321 -8.95037e-05 8.37601e-05 -0.0177321 0.0879814 9.97518e-05 -0.000228287 -8.95037e-05 9.97518e-05 0.00990957 -0.0178992 8.37601e-05 -0.000228287 -0.0178992 0.0877393 
0.00947491 -0.0176984 -9.18121e-05 7.07335e-05 -0.0176984 0.0879537 7.97301e-05 -0.000162046 -9.18121e-05 7.97301e-05 0.0099688 -0.0179672 7.07335e-05 -0.000162046 -0.0179672 0.0879111 
0.00946478 -0.0176622 -8.44954e-05 7.3706e-05 -0.0176622 0.0879971 7.84482e-05 -0.000136693 -8.44954e-05 7.84482e-05 0.010014 -0.0180812 7.3706e-05 -0.000136693 -0.0180812 0.088291 
0.00927878 -0.0173104 -7.89375e-05 6.84134e-05 -0.0173104 0.086325 6.64703e-05 -0.000117049 -7.89375e-05 6.64703e-05 0.00985272 -0.017807 6.84134e-05 -0.000117049 -0.017807 0.0869202 
0.00931126 -0.0173221 -7.8563e-05 7.03787e-05 -0.0173221 0.0864145 6.28132e-05 -0.000112435 -7.8563e-05 6.28132e-05 0.00985834 -0.017851 7.03787e-05 -0.000112435 -0.017851 0.0871618 
0.00933444 -0.0173187 -6.78851e-05 7.2205e-05 -0.0173187 0.0863174 6.55555e-05 -0.000117056 -6.78851e-05 6.55555e-05 0.0098271 -0.0178151 7.2205e-05 -0.000117056 -0.0178151 0.0870693 
0.00936583 -0.0173622 -5.58449e-05 6.37533e-05 -0.0173622 0.0863939 5.80828e-05 -0.00011374 -5.58449e-05 5.80828e-05 0.00981891 -0.0177858 6.37533e-05 -0.00011374 -0.0177858 0.0870121 
0.00937985 -0.01742 -7.52114e-05 3.84726e-05 -0.01742 0.0865784 3.69244e-05 -6.53308e-05 -7.52114e-05 3.69244e-05 0.00983122 -0.0177887 3.84726e-05 -6.53308e-05 -0.0177887 0.0870389 
0.00939857 -0.0174513 -9.46819e-05 5.77288e-05 -0.0174513 0.0867446 6.07268e-05 -7.09207e-05 -9.46819e-05 6.07268e-05 0.00984883 -0.0178101 5.77288e-05 -7.09207e-05 -0.0178101 0.0871161 
0.00941902 -0.0174328 -0.00011404 9.00311e-05 -0.0174328 0.0866418 9.27961e-05 -0.000141291 -0.00011404 9.27961e-05 0.0098133 -0.0177912 9.00311e-05 -0.000141291 -0.0177912 0.0869874 
0.00944308 -0.0174577 -0.000115422 0.00011344 -0.0174577 0.0866241 0.000115969 -0.00020832 -0.000115422 0.000115969 0.00977337 -0.0177461 0.00011344 -0.00020832 -0.0177461 0.0868524 
0.00948547 -0.0175546 -0.00011566 0.000113648 -0.0175546 0.0869661 0.000117575 -0.000235625 -0.00011566 0.000117575 0.00975242 -0.0177375 0.000113648 -0.000235625 -0.0177375 0.0869329 
0.00949602 -0.0175701 -0.000103428 0.000110527 -0.0175701 0.0869936 0.000118569 -0.000238818 -0.000103428 0.000118569 0.00970325 -0.0176515 0.000110527 -0.000238818 -0.0176515 0.0866572 
0.00948664 -0.0175841 -0.000114917 8.87356e-05 -0.0175841 0.0870307 0.000102045 -0.000202733 -0.000114917 0.000102045 0.00969177 -0.0175928 8.87356e-05 -0.000202733 -0.0175928 0.0864533 
0.00947521 -0.0176089 -0.000108029 9.68722e-05 -0.0176089 0.0872304 0.000111986 -0.000191238 -0.000108029 0.000111986 0.00973787 -0.0176366 9.68722e-05 -0.000191238 -0.0176366 0.0866117 
0.00946902 -0.0175752 -9.02301e-05 8.74501e-05 -0.0175752 0.0872184 9.73911e-05 -0.000169183 -9.02301e-05 9.73911e-05 0.00975427 -0.0176909 8.74501e-05 -0.000169183 -0.0176909 0.086758 
0.00943388 -0.0174808 -8.84401e-05 6.82537e-05 -0.0174808 0.0867822 7.26537e-05 -0.000123077 -8.84401e-05 7.26537e-05 0.00972884 -0.0176372 6.82537e-05 -0.000123077 -0.0176372 0.0864902 
0.00939944 -0.0174258 -9.76515e-05 7.14597e-05 -0.0174258 0.0864627 7.3766e-05 -0.000109736 -9.76515e-05 7.3766e-05 0.00972464 -0.0175953 7.14597e-05 -0.000109736 -0.0175953 0.0862582 
0.00940048 -0.0174295 -7.96413e-05 9.06221e-05 -0.0174295 0.0864632 9.05405e-05 -0.000142754 -7.96413e-05 9.05405e-05 0.00972554 -0.0176214 9.06221e-05 -0.000142754 -0.0176214 0.0863043 
0.00939994 -0.0174293 -5.60899e-05 7.01092e-05 -0.0174293 0.0864464 6.73657e-05 -0.000127552 -5.60899e-05 6.73657e-05 0.00970798 -0.0176135 7.01092e-05 -0.000127552 -0.0176135 0.0862822 
0.00959127 -0.0177973 -6.49614e-05 4.13556e-05 -0.0177973 0.0882624 3.64641e-05 -6.66725e-05 -6.49614e-05 3.64641e-05 0.00990359 -0.0179599 4.13556e-05 -6.66725e-05 -0.0179599 0.0880399 
0.00954024 -0.0177019 -6.93953e-05 5.02226e-05 -0.0177019 0.087828 4.38193e-05 -4.81011e-05 -6.93953e-05 4.38193e-05 0.00986417 -0.0178748 5.02226e-05 -4.81011e-05 -0.0178748 0.0876169 
0.00949935 -0.0176351 -6.9243e-05 5.98501e-05 -0.0176351 0.0875134 5.23806e-05 -6.69423e-05 -6.9243e-05 5.23806e-05 0.00983945 -0.0178274 5.98501e-05 -6.69423e-05 -0.0178274 0.0873498 
0.0095003 -0.0176524 -4.94654e-05 5.31733e-05 -0.0176524 0.0876347 4.37479e-05 -5.41491e-05 -4.94654e-05 4.37479e-05 0.00986011 -0.0178771 5.31733e-05 -5.41491e-05 -0.0178771 0.0875596 
0.00949704 -0.017628 -3.50461e-05 3.58834e-05 -0.017628 0.0875674 2.82926e-05 -3.21494e-05 -3.50461e-05 2.82926e-05 0.00984975 -0.0178781 3.58834e-05 -3.21494e-05 -0.0178781 0.087573 
0.00949351 -0.0176416 -5.84931e-05 1.75607e-05 -0.0176416 0.0876385 1.35924e-05 3.08762e-06 -5.84931e-05 1.35924e-05 0.00988334 -0.0179022 1.75607e-05 3.08762e-06 -0.0179022 0.087721 
0.0094893 -0.017669 -9.85669e-05 4.4891e-05 -0.017669 0.0878221 4.21076e-05 -2.30035e-05 -9.85669e-05 4.21076e-05 0.00993703 -0.0179724 4.4891e-05 -2.30035e-05 -0.0179724 0.0879986 
0.0095296 -0.0176556 -0.000104635 8.89129e-05 -0.0176556 0.0878654 8.78431e-05 -0.000106997 -0.000104635 8.78431e-05 0.00994668 -0.018039 8.89129e-05 -0.000106997 -0.018039 0.088224 
0.00935826 -0.0173328 -0.000101319 0.000106971 -0.0173328 0.0860999 0.000103956 -0.000187711 -0.000101319 0.000103956 0.00974104 -0.0176592 0.000106971 -0.000187711 -0.0176592 0.0864407 
0.00940554 -0.0174276 -0.000108865 0.000106049 -0.0174276 0.0864858 0.000100238 -0.000212101 -0.000108865 0.000100238 0.00976585 -0.0177149 0.000106049 -0.000212101 -0.0177149 0.0867275 
0.00942507 -0.0174873 -0.000110727 0.000107558 -0.0174873 0.0867538 0.000104119 -0.000213341 -0.000110727 0.000104119 0.00978242 -0.0177422 0.000107558 -0.000213341 -0.0177422 0.0868961 
0.00944728 -0.0175323 -0.000116506 0.000110108 -0.0175323 0.0870107 0.000112732 -0.000227246 -0.000116506 0.000112732 0.00980887 -0.0177782 0.000110108 -0.000227246 -0.0177782 0.0870872 
0.00945015 -0.0175462 -0.000120426 0.000111653 -0.0175462 0.0870876 0.00011619 -0.000231027 -0.000120426 0.00011619 0.00983548 -0.0177832 0.000111653 -0.000231027 -0.0177832 0.0871092 
0.00946816 -0.0176154 -0.000123569 0.000115843 -0.0176154 0.0874378 0.00011559 -0.000231059 -0.000123569 0.00011559 0.00989854 -0.0178668 0.000115843 -0.000231059 -0.0178668 0.0874413 
0.00945761 -0.0176337 -0.000115709 0.000110018 -0.0176337 0.0875909 0.000112831 -0.000214913 -0.000115709 0.000112831 0.00993118 -0.0179181 0.000110018 -0.000214913 -0.0179181 0.0876098 
0.00943338 -0.0175595 -0.000103745 9.95141e-05 -0.0175595 0.0873368 0.000104034 -0.000191395 -0.000103745 0.000104034 0.00992362 -0.0178944 9.95141e-05 -0.000191395 -0.0178944 0.0874394 
0.00942447 -0.0174643 -0.000102129 8.63907e-05 -0.0174643 0.0868601 8.89347e-05 -0.000158076 -0.000102129 8.89347e-05 0.00984976 -0.0178232 8.63907e-05 -0.000158076 -0.0178232 0.0870374 
0.00941744 -0.0174721 -0.000110529 8.69146e-05 -0.0174721 0.08673 8.62921e-05 -0.000140359 -0.000110529 8.62921e-05 0.00982272 -0.0177603 8.69146e-05 -0.000140359 -0.0177603 0.0868319 
0.00938602 -0.0174807 -0.000103677 9.34623e-05 -0.0174807 0.0867509 9.31445e-05 -0.000141511 -0.000103677 9.31445e-05 0.00983968 -0.0177497 9.34623e-05 -0.000141511 -0.0177497 0.0867783 
0.0093924 -0.017477 -9.97146e-05 8.56854e-05 -0.017477 0.0868632 9.01942e-05 -0.000141709 -9.97146e-05 9.01942e-05 0.00985563 -0.0178066 8.56854e-05 -0.000141709 -0.0178066 0.0869661 
0.00940819 -0.017503 -7.54455e-05 7.30071e-05 -0.017503 0.0870184 8.45805e-05 -0.00011807 -7.54455e-05 8.45805e-05 0.00986559 -0.0178539 7.30071e-05 -0.00011807 -0.0178539 0.0872167 
0.00942806 -0.0175131 -5.7552e-05 4.54382e-05 -0.0175131 0.0870823 6.25141e-05 -7.56644e-05 -5.7552e-05 6.25141e-05 0.00985265 -0.0178581 4.54382e-05 -7.56644e-05 -0.0178581 0.0873085 
0.00947507 -0.0175653 -3.61881e-05 2.06822e-05 -0.0175653 0.0873048 3.69606e-05 -1.07227e-05 -3.61881e-05 3.69606e-05 0.00985073 -0.0178804 2.06822e-05 -1.07227e-05 -0.0178804 0.0875022 
0.00949157 -0.0176145 -4.49075e-05 1.51243e-06 -0.0176145 0.0874465 1.47168e-05 4.18596e-05 -4.49075e-05 1.47168e-05 0.00984351 -0.0178512 1.51243e-06 4.18596e-05 -0.0178512 0.087483 
0.00951847 -0.0176263 -4.93577e-05 1.35325e-05 -0.0176263 0.0875037 2.30156e-05 4.69891e-05 -4.93577e-05 2.30156e-05 0.00982649 -0.0178322 1.35325e-05 4.69891e-05 -0.0178322 0.0874133 
0.00947606 -0.0176436 -7.51228e-05 2.67174e-05 -0.0176436 0.0875026 3.05397e-05 2.09838e-05 -7.51228e-05 3.05397e-05 0.00985269 -0.0177972 2.67174e-05 2.09838e-05 -0.0177972 0.0872914 
0.0094348 -0.0175214 -8.61696e-05 6.45198e-05 -0.0175214 0.0870697 6.23202e-05 -4.85557e-05 -8.61696e-05 6.23202e-05 0.00981164 -0.0177566 6.45198e-05 -4.85557e-05 -0.0177566 0.0869329 
0.00940578 -0.0174766 -0.000113556 8.94762e-05 -0.0174766 0.0868335 8.04534e-05 -0.000124254 -0.000113556 8.04534e-05 0.00979559 -0.0177317 8.94762e-05 -0.000124254 -0.0177317 0.0868096 
0.00935359 -0.0174034 -9.74682e-05 0.000115152 -0.0174034 0.0864728 0.000106653 -0.000183713 -9.74682e-05 0.000106653 0.00977734 -0.0176616 0.000115152 -0.000183713 -0.0176616 0.0864771 
0.00933605 -0.0173972 -8.74567e-05 8.62597e-05 -0.0173972 0.0865091 8.13004e-05 -0.000157741 -8.74567e-05 8.13004e-05 0.00980368 -0.0177084 8.62597e-05 -0.000157741 -0.0177084 0.086615 
0.00953784 -0.0176826 -9.23364e-05 7.58301e-05 -0.0176826 0.0880185 7.42669e-05 -0.00012544 -9.23364e-05 7.42669e-05 0.00996702 -0.0180597 7.58301e-05 -0.00012544 -0.0180597 0.0882787 
0.00954184 -0.0176733 -0.000100918 7.34198e-05 -0.0176733 0.0878206 7.59382e-05 -0.000106008 -0.000100918 7.59382e-05 0.00992099 -0.0180015 7.34198e-05 -0.000106008 -0.0180015 0.088084 
0.0093944 -0.0173879 -8.32616e-05 8.5242e-05 -0.0173879 0.0862839 8.75666e-05 -0.0001214 -8.32616e-05 8.75666e-05 0.00969535 -0.0176346 8.5242e-05 -0.0001214 -0.0176346 0.0863877 
0.00941296 -0.017417 -7.17012e-05 7.35633e-05 -0.017417 0.0863356 7.20022e-05 -0.00011804 -7.17012e-05 7.20022e-05 0.00966632 -0.017568 7.35633e-05 -0.00011804 -0.017568 0.0862078 
0.00960698 -0.0178216 -6.18229e-05 5.61372e-05 -0.0178216 0.0882922 5.03998e-05 -7.38427e-05 -6.18229e-05 5.03998e-05 0.00988728 -0.0179251 5.61372e-05 -7.38427e-05 -0.0179251 0.0879933 
0.00958216 -0.0178114 -6.00883e-05 4.15425e-05 -0.0178114 0.0883061 3.00034e-05 -2.43345e-05 -6.00883e-05 3.00034e-05 0.00989924 -0.0179311 4.15425e-05 -2.43345e-05 -0.0179311 0.0879588 
0.0095208 -0.0176832 -5.707e-05 4.13531e-05 -0.0176832 0.087795 2.80356e-05 -4.48449e-06 -5.707e-05 2.80356e-05 0.00986781 -0.0178685 4.13531e-05 -4.48449e-06 -0.0178685 0.0875728 
0.00950524 -0.017655 -6.10552e-05 4.11254e-05 -0.017655 0.0876742 3.08662e-05 -7.19746e-06 -6.10552e-05 3.08662e-05 0.00986589 -0.0178766 4.11254e-05 -7.19746e-06 -0.0178766 0.0875651 
0.00950541 -0.0176826 -6.8796e-05 4.87322e-05 -0.0176826 0.0878225 4.48638e-05 -3.36557e-05 -6.8796e-05 4.48638e-05 0.0098965 -0.0179223 4.87322e-05 -3.36557e-05 -0.0179223 0.0877867 
0.00950664 -0.0176559 -8.72574e-05 6.26576e-05 -0.0176559 0.0877626 6.35873e-05 -8.02802e-05 -8.72574e-05 6.35873e-05 0.00989313 -0.0179349 6.26576e-05 -8.02802e-05 -0.0179349 0.0878171 
0.00948475 -0.0176087 -9.80835e-05 7.71969e-05 -0.0176087 0.087492 8.37464e-05 -0.000120899 -9.80835e-05 8.37464e-05 0.00986206 -0.0178768 7.71969e-05 -0.000120899 -0.0178768 0.0875667 
0.00943919 -0.017543 -0.00011113 8.62923e-05 -0.017543 0.0871541 9.71383e-05 -0.00015154 -0.00011113 9.71383e-05 0.00984513 -0.0178139 8.62923e-05 -0.00015154 -0.0178139 0.0872503 
0.0094361 -0.0175607 -0.000109506 0.000100667 -0.0175607 0.0872751 0.00010992 -0.000179631 -0.000109506 0.00010992 0.00988036 -0.0178687 0.000100667 -0.000179631 -0.0178687 0.0874401 
0.00943841 -0.0175663 -9.87072e-05 0.000102603 -0.0175663 0.0873584 0.000104509 -0.000188591 -9.87072e-05 0.000104509 0.00990558 -0.0179177 0.000102603 -0.000188591 -0.0179177 0.0876246 
0.00945485 -0.0176016 -8.55591e-05 8.75876e-05 -0.0176016 0.0875627 8.6167e-05 -0.00015916 -8.55591e-05 8.6167e-05 0.00993874 -0.0179821 8.75876e-05 -0.00015916 -0.0179821 0.0879204 
0.00927984 -0.0173014 -6.30996e-05 6.61234e-05 -0.0173014 0.0860939 6.85883e-05 -0.000110477 -6.30996e-05 6.85883e-05 0.00977537 -0.0176902 6.61234e-05 -0.000110477 -0.0176902 0.0864938 
0.00932039 -0.0173745 -4.83239e-05 4.46368e-05 -0.0173745 0.0865338 4.8637e-05 -6.30197e-05 -4.83239e-05 4.8637e-05 0.00983188 -0.0177905 4.46368e-05 -6.30197e-05 -0.0177905 0.0869932 
0.00932436 -0.0173383 -4.56573e-05 1.73309e-05 -0.0173383 0.0864025 1.96701e-05 1.12376e-05 -4.56573e-05 1.96701e-05 0.00982541 -0.0177812 1.73309e-05 1.12376e-05 -0.0177812 0.0869434 
0.0093509 -0.0173444 -5.75687e-05 1.27334e-05 -0.0173444 0.0863702 1.29905e-05 5.5232e-05 -5.75687e-05 1.29905e-05 0.00981011 -0.0177791 1.27334e-05 5.5232e-05 -0.0177791 0.0869384 
0.00933269 -0.0173265 -7.41471e-05 3.29158e-05 -0.0173265 0.086156 2.74713e-05 3.91323e-05 -7.41471e-05 2.74713e-05 0.00978652 -0.0177044 3.29158e-05 3.91323e-05 -0.0177044 0.0866338 
0.0093581 -0.0173129 -8.38622e-05 6.28469e-05 -0.0173129 0.0860592 5.31393e-05 -2.51789e-05 -8.38622e-05 5.31393e-05 0.00974047 -0.0176756 6.28469e-05 -2.51789e-05 -0.0176756 0.0864553 
0.00941316 -0.0173669 -7.48948e-05 7.70613e-05 -0.0173669 0.0861705 6.59599e-05 -7.74651e-05 -7.48948e-05 6.59599e-05 0.00968685 -0.0176468 7.70613e-05 -7.74651e-05 -0.0176468 0.086416 
0.0094632 -0.0174886 -7.3143e-05 6.28754e-05 -0.0174886 0.0865865 5.72371e-05 -8.06739e-05 -7.3143e-05 5.72371e-05 0.00968096 -0.0176313 6.28754e-05 -8.06739e-05 -0.0176313 0.0865364 
0.00944506 -0.0174725 -7.46194e-05 5.47287e-05 -0.0174725 0.0864772 5.76891e-05 -6.98916e-05 -7.46194e-05 5.76891e-05 0.0096346 -0.0175347 5.47287e-05 -6.98916e-05 -0.0175347 0.0861533 
0.00963485 -0.0178657 -8.08579e-05 6.12168e-05 -0.0178657 0.0884121 6.8018e-05 -8.7222e-05 -8.08579e-05 6.8018e-05 0.00983044 -0.0178674 6.12168e-05 -8.7222e-05 -0.0178674 0.0878452 
0.00956506 -0.0178001 -7.57466e-05 7.82327e-05 -0.0178001 0.0881737 8.4156e-05 -0.000134018 -7.57466e-05 8.4156e-05 0.00983444 -0.0178072 7.82327e-05 -0.000134018 -0.0178072 0.0875311 
0.00952252 -0.0177356 -6.20824e-05 6.92562e-05 -0.0177356 0.0880476 7.15763e-05 -0.000132048 -6.20824e-05 7.15763e-05 0.00985563 -0.0178458 6.92562e-05 -0.000132048 -0.0178458 0.0875606 
0.00945592 -0.0176106 -5.97323e-05 4.81938e-05 -0.0176106 0.0875861 4.54024e-05 -8.3027e-05 -5.97323e-05 4.54024e-05 0.00985038 -0.0178357 4.81938e-05 -8.3027e-05 -0.0178357 0.087412 
0.00940158 -0.0174882 -6.54109e-05 4.57715e-05 -0.0174882 0.0870758 4.08948e-05 -5.34051e-05 -6.54109e-05 4.08948e-05 0.00983632 -0.0178096 4.57715e-05 -5.34051e-05 -0.0178096 0.0872155 
0.0094035 -0.0174873 -7.77356e-05 5.05403e-05 -0.0174873 0.087085 4.55243e-05 -4.7196e-05 -7.77356e-05 4.55243e-05 0.00985366 -0.0178708 5.05403e-05 -4.7196e-05 -0.0178708 0.0874643 
0.0094522 -0.0174748 -6.57438e-05 6.57911e-05 -0.0174748 0.0870316 6.5345e-05 -7.82102e-05 -6.57438e-05 6.5345e-05 0.00980389 -0.0178801 6.57911e-05 -7.82102e-05 -0.0178801 0.0875396 
0.00949792 -0.0175297 -6.36802e-05 5.58436e-05 -0.0175297 0.0870864 5.85106e-05 -8.7735e-05 -6.36802e-05 5.85106e-05 0.00973973 -0.0178166 5.58436e-05 -8.7735e-05 -0.0178166 0.0874609 
0.00948457 -0.0175676 -5.23248e-05 5.43376e-05 -0.0175676 0.0871005 5.74541e-05 -8.70522e-05 -5.23248e-05 5.74541e-05 0.00971702 -0.017703 5.43376e-05 -8.70522e-05 -0.017703 0.0871409 
0.0094484 -0.017564 -5.92689e-05 4.86603e-05 -0.017564 0.0871256 4.77501e-05 -8.51772e-05 -5.92689e-05 4.77501e-05 0.00973744 -0.0176701 4.86603e-05 -8.51772e-05 -0.0176701 0.0869511 
0.00942831 -0.0175143 -6.9608e-05 6.0034e-05 -0.0175143 0.0870483 5.62142e-05 -0.000101267 -6.9608e-05 5.62142e-05 0.00975122 -0.0177073 6.0034e-05 -0.000101267 -0.0177073 0.0869605 
0.00943678 -0.0174711 -6.67979e-05 6.2387e-05 -0.0174711 0.0868836 5.62105e-05 -9.84763e-05 -6.67979e-05 5.62105e-05 0.00973625 -0.0177175 6.2387e-05 -9.84763e-05 -0.0177175 0.0869565 
0.00940451 -0.0174222 -6.59781e-05 6.15747e-05 -0.0174222 0.0865316 5.57144e-05 -9.91187e-05 -6.59781e-05 5.57144e-05 0.00972033 -0.0176394 6.15747e-05 -9.91187e-05 -0.0176394 0.0866255 
0.00940414 -0.0174058 -4.62543e-05 5.88112e-05 -0.0174058 0.0864269 5.63011e-05 -9.78937e-05 -4.62543e-05 5.63011e-05 0.00971245 -0.0176432 5.88112e-05 -9.78937e-05 -0.0176432 0.0865429 
0.00941085 -0.0174677 -5.76447e-05 3.53621e-05 -0.0174677 0.0866686 3.71729e-05 -6.87889e-05 -5.76447e-05 3.71729e-05 0.0097446 -0.0176892 3.53621e-05 -6.87889e-05 -0.0176892 0.0867651 
0.00943201 -0.017548 -6.76315e-05 4.31048e-05 -0.017548 0.0871471 4.61477e-05 -5.74586e-05 -6.76315e-05 4.61477e-05 0.00981865 -0.0178069 4.31048e-05 -5.74586e-05 -0.0178069 0.0872951 
0.00946609 -0.0175965 -6.51309e-05 5.52126e-05 -0.0175965 0.0875095 5.59303e-05 -7.54023e-05 -6.51309e-05 5.59303e-05 0.00987168 -0.0179152 5.52126e-05 -7.54023e-05 -0.0179152 0.0877714 
0.00949642 -0.0176262 -4.08593e-05 5.19035e-05 -0.0176262 0.0876823 4.79251e-05 -7.13872e-05 -4.08593e-05 4.79251e-05 0.0098945 -0.017966 5.19035e-05 -7.13872e-05 -0.017966 0.0880254 
0.00950434 -0.0176509 -2.92005e-05 2.53051e-05 -0.0176509 0.0877608 2.13575e-05 -3.14669e-05 -2.92005e-05 2.13575e-05 0.00990506 -0.0179723 2.53051e-05 -3.14669e-05 -0.0179723 0.0880875 
0.0094953 -0.0176369 -3.84571e-05 3.18598e-06 -0.0176369 0.0876941 8.04565e-08 3.20178e-05 -3.84571e-05 8.04565e-08 0.00990327 -0.0179549 3.18598e-06 3.20178e-05 -0.0179549 0.0879928 
0.00950026 -0.0176422 -5.56306e-05 1.71571e-05 -0.0176422 0.0877236 1.23769e-05 3.60937e-05 -5.56306e-05 1.23769e-05 0.00990201 -0.0179643 1.71571e-05 3.60937e-05 -0.0179643 0.0880114 
0.00951638 -0.0176149 -6.75212e-05 4.72629e-05 -0.0176149 0.0875734 3.92095e-05 -2.11804e-05 -6.75212e-05 3.92095e-05 0.00985748 -0.0179245 4.72629e-05 -2.11804e-05 -0.0179245 0.0878342 
0.00954291 -0.0176688 -7.55499e-05 6.37605e-05 -0.0176688 0.0876895 5.75162e-05 -7.94554e-05 -7.55499e-05 5.75162e-05 0.0098535 -0.0178908 6.37605e-05 -7.94554e-05 -0.0178908 0.08778 
0.00960334 -0.0177252 -7.03546e-05 7.27982e-05 -0.0177252 0.0879078 7.64993e-05 -0.000128787 -7.03546e-05 7.64993e-05 0.00983264 -0.0179042 7.27982e-05 -0.000128787 -0.0179042 0.0878374 
0.00958828 -0.0177378 -8.1114e-05 6.07547e-05 -0.0177378 0.0878052 7.03013e-05 -0.000129051 -8.1114e-05 7.03013e-05 0.00979948 -0.0178135 6.07547e-05 -0.000129051 -0.0178135 0.0875111 
0.00959858 -0.0177903 -8.86619e-05 6.70255e-05 -0.0177903 0.0880701 7.76361e-05 -0.00012658 -8.86619e-05 7.76361e-05 0.00981809 -0.0178392 6.70255e-05 -0.00012658 -0.0178392 0.0876245 
0.00958464 -0.0178336 -9.38599e-05 7.31266e-05 -0.0178336 0.0883528 8.62446e-05 -0.000135729 -9.38599e-05 8.62446e-05 0.00987845 -0.0178961 7.31266e-05 -0.000135729 -0.0178961 0.087885 
0.00936441 -0.0174446 -8.86498e-05 7.62312e-05 -0.0174446 0.0866099 8.8394e-05 -0.000139289 -8.86498e-05 8.8394e-05 0.00971565 -0.0175997 7.62312e-05 -0.000139289 -0.0175997 0.0863051 
0.00934434 -0.017433 -0.000102445 8.10442e-05 -0.017433 0.0866925 9.08761e-05 -0.00015575 -0.000102445 9.08761e-05 0.00976824 -0.0176718 8.10442e-05 -0.00015575 -0.0176718 0.0866026 
0.00930464 -0.0173485 -9.78889e-05 9.55614e-05 -0.0173485 0.0864204 0.000100787 -0.000173868 -9.78889e-05 0.000100787 0.00978798 -0.0176867 9.55614e-05 -0.000173868 -0.0176867 0.0865893 
0.00930681 -0.0173328 -8.57708e-05 9.50725e-05 -0.0173328 0.0863945 9.57629e-05 -0.000182786 -8.57708e-05 9.57629e-05 0.00981553 -0.0177433 9.50725e-05 -0.000182786 -0.0177433 0.0867841 
