0.00710626 0 -2.31828e-06 0 0 0.00969623 0 0 -2.31828e-06 0 0.00659661 0 0 0 0 0.00969623 
0.0102991 -0.0127736 -1.4478e-06 2.90047e-06 -0.0127736 0.0336485 2.90047e-06 -5.68345e-06 -1.4478e-06 2.90047e-06 0.00968002 -0.012027 2.90047e-06 -5.68345e-06 -0.012027 0.0322177 
0.00995459 -0.0184287 2.67443e-05 5.20639e-06 -0.0184287 0.0677427 5.20639e-06 -2.15156e-05 2.67443e-05 5.20639e-06 0.0095263 -0.0179123 5.20639e-06 -2.15156e-05 -0.0179123 0.0662166 
0.00937454 -0.0177963 4.59909e-05 -3.1561e-05 -0.0177963 0.0794278 -3.15288e-05 3.64939e-05 4.59909e-05 -3.15288e-05 0.00897356 -0.0177209 -3.1561e-05 3.64939e-05 -0.0177209 0.0799518 
0.00964253 -0.0176906 6.15563e-05 -6.88567e-05 -0.0176906 0.0844857 -6.83758e-05 0.00016335 6.15563e-05 -6.83758e-05 0.00915661 -0.0175309 -6.88567e-05 0.00016335 -0.0175309 0.0856144 
0.00966911 -0.0176156 6.52204e-05 -7.67689e-05 -0.0176156 0.0854156 -7.93719e-05 0.000210922 6.52204e-05 -7.93719e-05 0.00925603 -0.0172516 -7.67689e-05 0.000210922 -0.0172516 0.0859244 
0.00966855 -0.0175571 5.64862e-05 -7.76704e-05 -0.0175571 0.0857197 -7.9764e-05 0.000218524 5.64862e-05 -7.9764e-05 0.00930229 -0.0172406 -7.76704e-05 0.000218524 -0.0172406 0.0858036 
0.00984509 -0.0178482 6.15075e-05 -6.57021e-05 -0.0178482 0.0874462 -6.38348e-05 0.000190134 6.15075e-05 -6.38348e-05 0.00949603 -0.0176135 -6.57021e-05 0.000190134 -0.0176135 0.0875199 
0.00984617 -0.0178125 6.92288e-05 -6.20031e-05 -0.0178125 0.0873965 -6.26648e-05 0.000157025 6.92288e-05 -6.26648e-05 0.00950435 -0.0176281 -6.20031e-05 0.000157025 -0.0176281 0.0875715 
0.00972768 -0.0175316 6.57711e-05 -6.91469e-05 -0.0175316 0.0859959 -7.39924e-05 0.000161149 6.57711e-05 -7.39924e-05 0.00933681 -0.0173686 -6.91469e-05 0.000161149 -0.0173686 0.0862512 
0.00987761 -0.0177542 6.32357e-05 -7.76042e-05 -0.0177542 0.0869147 -8.30625e-05 0.000194965 6.32357e-05 -8.30625e-05 0.00941284 -0.0175261 -7.76042e-05 0.000194965 -0.0175261 0.0871138 
0.00984937 -0.0177344 5.33004e-05 -7.49951e-05 -0.0177344 0.0866174 -8.08821e-05 0.000206541 5.33004e-05 -8.08821e-05 0.00934458 -0.0174214 -7.49951e-05 0.000206541 -0.0174214 0.0866477 
0.0097736 -0.017694 3.95018e-05 -5.32288e-05 -0.017694 0.0863678 -6.1915e-05 0.000168313 3.95018e-05 -6.1915e-05 0.00933845 -0.0173198 -5.32288e-05 0.000168313 -0.0173198 0.0862141 
0.00975025 -0.0176672 1.06204e-05 -3.55867e-05 -0.0176672 0.0863871 -4.43089e-05 0.000121871 1.06204e-05 -4.43089e-05 0.00936042 -0.017352 -3.55867e-05 0.000121871 -0.017352 0.0862215 
0.00975239 -0.0176858 -2.16178e-05 -2.98916e-06 -0.0176858 0.0865656 -9.78357e-06 5.3958e-05 -2.16178e-05 -9.78357e-06 0.00939424 -0.0174274 -2.98916e-06 5.3958e-05 -0.0174274 0.0865089 
0.00977453 -0.0177161 -4.717e-05 4.29841e-05 -0.0177161 0.0867875 3.88352e-05 -5.86843e-05 -4.717e-05 3.88352e-05 0.0094088 -0.0174983 4.29841e-05 -5.86843e-05 -0.0174983 0.0868432 
0.00972777 -0.017616 -5.16891e-05 7.07482e-05 -0.017616 0.0863197 6.92324e-05 -0.000150436 -5.16891e-05 6.92324e-05 0.00935144 -0.0173943 7.07482e-05 -0.000150436 -0.0173943 0.0864125 
0.009927 -0.0179722 -5.04619e-05 8.26687e-05 -0.0179722 0.0880396 8.45744e-05 -0.000216696 -5.04619e-05 8.45744e-05 0.00953601 -0.0177202 8.26687e-05 -0.000216696 -0.0177202 0.0880845 
0.00992507 -0.0179444 -2.78971e-05 7.18489e-05 -0.0179444 0.0878952 7.70009e-05 -0.000215882 -2.78971e-05 7.70009e-05 0.00951239 -0.0176948 7.18489e-05 -0.000215882 -0.0176948 0.0879298 
0.00994258 -0.0180148 -1.23065e-05 3.36048e-05 -0.0180148 0.0881743 4.43931e-05 -0.000148302 -1.23065e-05 4.43931e-05 0.0095381 -0.0177327 3.36048e-05 -0.000148302 -0.0177327 0.0881506 
0.00970508 -0.0176379 -1.98776e-05 6.78992e-06 -0.0176379 0.0863826 2.27806e-05 -7.12918e-05 -1.98776e-05 2.27806e-05 0.00936847 -0.017372 6.78992e-06 -7.12918e-05 -0.017372 0.0863497 
0.00966998 -0.0175651 -3.05448e-05 1.73863e-05 -0.0175651 0.0861561 3.24391e-05 -5.83479e-05 -3.05448e-05 3.24391e-05 0.0093671 -0.0173602 1.73863e-05 -5.83479e-05 -0.0173602 0.0862036 
0.00966625 -0.0175501 -2.31111e-05 3.42636e-05 -0.0175501 0.0861173 4.52646e-05 -8.61095e-05 -2.31111e-05 4.52646e-05 0.00938292 -0.0173803 3.42636e-05 -8.61095e-05 -0.0173803 0.0862535 
0.00968844 -0.0175862 -2.57593e-05 3.06718e-05 -0.0175862 0.0862899 3.79456e-05 -9.79869e-05 -2.57593e-05 3.79456e-05 0.0094124 -0.0174325 3.06718e-05 -9.79869e-05 -0.0174325 0.0864716 
0.00975604 -0.0176438 -1.90893e-05 3.81149e-05 -0.0176438 0.0865698 3.69743e-05 -0.000105067 -1.90893e-05 3.69743e-05 0.00940389 -0.0175033 3.81149e-05 -0.000105067 -0.0175033 0.0867874 
0.00977321 -0.0176879 1.18039e-07 3.28844e-05 -0.0176879 0.0866409 2.53913e-05 -9.61959e-05 1.18039e-07 2.53913e-05 0.00939471 -0.0174569 3.28844e-05 -9.61959e-05 -0.0174569 0.0867303 
0.00975989 -0.0176918 2.65516e-05 8.17564e-06 -0.0176918 0.086622 -2.96362e-07 -4.97388e-05 2.65516e-05 -2.96362e-07 0.00940412 -0.0174253 8.17564e-06 -4.97388e-05 -0.0174253 0.0865823 
0.00972935 -0.0176586 3.25251e-05 -2.90654e-05 -0.0176586 0.0865277 -3.52205e-05 3.28357e-05 3.25251e-05 -3.52205e-05 0.00941674 -0.0174497 -2.90654e-05 3.28357e-05 -0.0174497 0.086572 
0.00974637 -0.0176355 3.33037e-05 -3.78906e-05 -0.0176355 0.0864944 -4.69169e-05 8.98763e-05 3.33037e-05 -4.69169e-05 0.00940678 -0.0174892 -3.78906e-05 8.98763e-05 -0.0174892 0.0867075 
0.00977106 -0.0176984 2.45144e-05 -3.66133e-05 -0.0176984 0.0867089 -4.70437e-05 0.000107576 2.45144e-05 -4.70437e-05 0.00942506 -0.0175134 -3.66133e-05 0.000107576 -0.0175134 0.0869347 
0.00977581 -0.0177119 1.22946e-05 -2.57528e-05 -0.0177119 0.0867714 -3.185e-05 8.93198e-05 1.22946e-05 -3.185e-05 0.00941946 -0.0175069 -2.57528e-05 8.93198e-05 -0.0175069 0.0869362 
0.00977865 -0.0177121 -1.43182e-05 -9.31853e-06 -0.0177121 0.08679 -8.488e-06 4.27744e-05 -1.43182e-05 -8.488e-06 0.00940629 -0.0174983 -9.31853e-06 4.27744e-05 -0.0174983 0.0869193 
0.00974728 -0.0176595 -2.12711e-05 1.98485e-05 -0.0176595 0.0865217 2.77604e-05 -2.8273e-05 -2.12711e-05 2.77604e-05 0.0093727 -0.0174206 1.98485e-05 -2.8273e-05 -0.0174206 0.0865925 
0.00975025 -0.0176526 -1.93335e-05 2.56999e-05 -0.0176526 0.086504 4.06709e-05 -7.67566e-05 -1.93335e-05 4.06709e-05 0.00936354 -0.017419 2.56999e-05 -7.67566e-05 -0.017419 0.0865712 
0.00972921 -0.0176415 -6.91442e-06 2.63339e-05 -0.0176415 0.0864272 4.06367e-05 -9.68983e-05 -6.91442e-06 4.06367e-05 0.00936138 -0.0173917 2.63339e-05 -9.68983e-05 -0.0173917 0.0864702 
0.00970257 -0.017585 6.53497e-06 1.19341e-05 -0.017585 0.0862037 1.77953e-05 -7.16393e-05 6.53497e-06 1.77953e-05 0.00935147 -0.0173559 1.19341e-05 -7.16393e-05 -0.0173559 0.0862598 
0.00971073 -0.017582 2.94766e-05 -8.41466e-06 -0.017582 0.0861844 -8.20597e-06 -1.42992e-05 2.94766e-05 -8.20597e-06 0.0093445 -0.0173646 -8.41466e-06 -1.42992e-05 -0.0173646 0.0862577 
0.00992252 -0.017969 6.55261e-05 -3.17697e-05 -0.017969 0.0880402 -3.38698e-05 4.34508e-05 6.55261e-05 -3.38698e-05 0.00953954 -0.0177319 -3.17697e-05 4.34508e-05 -0.0177319 0.0881033 
0.00992833 -0.0179888 6.86484e-05 -7.72403e-05 -0.0179888 0.0881131 -7.75861e-05 0.000136281 6.86484e-05 -7.75861e-05 0.00952433 -0.0177252 -7.72403e-05 0.000136281 -0.0177252 0.088104 
0.00988268 -0.0179593 4.72765e-05 -9.04407e-05 -0.0179593 0.0879736 -8.66714e-05 0.000207082 4.72765e-05 -8.66714e-05 0.00952194 -0.0176664 -9.04407e-05 0.000207082 -0.0176664 0.087879 
0.00984422 -0.0178688 2.34704e-05 -6.19835e-05 -0.0178688 0.0876422 -5.85213e-05 0.000183982 2.34704e-05 -5.85213e-05 0.00948333 -0.0176155 -6.19835e-05 0.000183982 -0.0176155 0.0875524 
0.00983275 -0.0178784 1.44203e-05 -2.63838e-05 -0.0178784 0.0877015 -2.69376e-05 0.000109391 1.44203e-05 -2.69376e-05 0.00950589 -0.0176338 -2.63838e-05 0.000109391 -0.0176338 0.0876536 
0.00979973 -0.0178461 2.01819e-05 -1.00876e-05 -0.0178461 0.087616 -1.61214e-05 5.04296e-05 2.01819e-05 -1.61214e-05 0.00952978 -0.0176404 -1.00876e-05 5.04296e-05 -0.0176404 0.0876385 
0.00979455 -0.0178154 2.84132e-05 -1.23372e-05 -0.0178154 0.0875803 -2.20354e-05 3.12175e-05 2.84132e-05 -2.20354e-05 0.00953481 -0.0176917 -1.23372e-05 3.12175e-05 -0.0176917 0.0877762 
0.00976525 -0.0177132 3.60054e-05 -2.42877e-05 -0.0177132 0.08708 -3.57834e-05 5.0337e-05 3.60054e-05 -3.57834e-05 0.00946644 -0.0175971 -2.42877e-05 5.0337e-05 -0.0175971 0.0873561 
0.0097454 -0.0176574 5.30807e-05 -4.12821e-05 -0.0176574 0.086693 -5.09927e-05 9.35931e-05 5.30807e-05 -5.09927e-05 0.00939888 -0.0174808 -4.12821e-05 9.35931e-05 -0.0174808 0.0868813 
0.00975117 -0.0176901 4.87441e-05 -6.1921e-05 -0.0176901 0.0867453 -6.6689e-05 0.000137028 4.87441e-05 -6.6689e-05 0.00937934 -0.0174367 -6.1921e-05 0.000137028 -0.0174367 0.0867387 
0.00971881 -0.0176543 4.06951e-05 -5.69104e-05 -0.0176543 0.0865507 -5.44247e-05 0.000139545 4.06951e-05 -5.44247e-05 0.00934817 -0.0173555 -5.69104e-05 0.000139545 -0.0173555 0.086367 
0.00972634 -0.0176549 3.70599e-05 -5.11094e-05 -0.0176549 0.0865904 -4.45887e-05 0.000125831 3.70599e-05 -4.45887e-05 0.00934556 -0.0173623 -5.11094e-05 0.000125831 -0.0173623 0.0863563 
0.00972296 -0.0177068 2.97537e-05 -4.53184e-05 -0.0177068 0.0868344 -3.36229e-05 0.000102171 2.97537e-05 -3.36229e-05 0.0093985 -0.0174119 -4.53184e-05 0.000102171 -0.0174119 0.0866006 
0.00972626 -0.0177037 2.29624e-05 -3.62229e-05 -0.0177037 0.0869506 -2.23232e-05 7.45275e-05 2.29624e-05 -2.23232e-05 0.00941928 -0.0174837 -3.62229e-05 7.45275e-05 -0.0174837 0.0868391 
0.00970033 -0.0175911 1.39192e-05 -1.90721e-05 -0.0175911 0.0864447 -1.30224e-05 3.67566e-05 1.39192e-05 -1.30224e-05 0.00934743 -0.0174024 -1.90721e-05 3.67566e-05 -0.0174024 0.0864553 
0.00968074 -0.017592 1.74057e-05 -8.04391e-06 -0.017592 0.0863351 -1.05846e-05 1.54733e-05 1.74057e-05 -1.05846e-05 0.00933005 -0.0173489 -8.04391e-06 1.54733e-05 -0.0173489 0.0863085 
0.00987313 -0.0179544 4.9727e-07 -1.15375e-05 -0.0179544 0.0881323 -1.55323e-05 1.31592e-05 4.9727e-07 -1.55323e-05 0.00952362 -0.0176898 -1.15375e-05 1.31592e-05 -0.0176898 0.0880232 
0.00980022 -0.017885 -3.45029e-05 9.96655e-06 -0.017885 0.0878194 3.30045e-06 -1.32265e-05 -3.45029e-05 3.30045e-06 0.00952487 -0.0176238 9.96655e-06 -1.32265e-05 -0.0176238 0.0876769 
0.00976493 -0.0177864 -4.26792e-05 5.21683e-05 -0.0177864 0.0874822 4.17402e-05 -8.71894e-05 -4.26792e-05 4.17402e-05 0.00950378 -0.0176079 5.21683e-05 -8.71894e-05 -0.0176079 0.0874447 
0.00976067 -0.0177678 -1.73831e-05 6.50951e-05 -0.0177678 0.0873653 5.77508e-05 -0.000150696 -1.73831e-05 5.77508e-05 0.00948609 -0.0175942 6.50951e-05 -0.000150696 -0.0175942 0.0873731 
0.00974548 -0.0177717 1.70857e-05 2.2993e-05 -0.0177717 0.0873422 2.57545e-05 -0.000108911 1.70857e-05 2.57545e-05 0.00948032 -0.0175695 2.2993e-05 -0.000108911 -0.0175695 0.087293 
0.00978031 -0.0178786 2.64544e-05 -2.72502e-05 -0.0178786 0.0879285 -1.60126e-05 -6.24097e-06 2.64544e-05 -1.60126e-05 0.00955556 -0.0176954 -2.72502e-05 -6.24097e-06 -0.0176954 0.0878882 
0.00958265 -0.017537 2.04026e-05 -3.46429e-05 -0.017537 0.0863671 -2.67154e-05 5.19524e-05 2.04026e-05 -2.67154e-05 0.00941571 -0.0174051 -3.46429e-05 5.19524e-05 -0.0174051 0.0864107 
0.00958731 -0.0175071 1.91383e-05 -2.2665e-05 -0.0175071 0.0863204 -2.09509e-05 5.32566e-05 1.91383e-05 -2.09509e-05 0.00942967 -0.0174387 -2.2665e-05 5.32566e-05 -0.0174387 0.0865013 
0.00961126 -0.0175504 5.37177e-06 -1.98645e-05 -0.0175504 0.0865133 -2.43106e-05 5.26136e-05 5.37177e-06 -2.43106e-05 0.00946464 -0.0175074 -1.98645e-05 5.26136e-05 -0.0175074 0.0868124 
0.0096084 -0.0175628 1.67166e-05 -5.44595e-06 -0.0175628 0.0865733 -1.57103e-05 4.29011e-05 1.67166e-05 -1.57103e-05 0.009497 -0.017532 -5.44595e-06 4.29011e-05 -0.017532 0.0869288 
0.00960206 -0.0175319 1.88004e-05 -1.75644e-05 -0.0175319 0.0864575 -2.76876e-05 5.27985e-05 1.88004e-05 -2.76876e-05 0.00950479 -0.0175401 -1.75644e-05 5.27985e-05 -0.0175401 0.086888 
0.00964845 -0.0175053 2.96171e-05 -1.33324e-05 -0.0175053 0.0863198 -2.27577e-05 4.63944e-05 2.96171e-05 -2.27577e-05 0.00944449 -0.0175521 -1.33324e-05 4.63944e-05 -0.0175521 0.0868711 
0.00967009 -0.0175257 2.29883e-05 -3.02996e-05 -0.0175257 0.0861758 -3.63623e-05 6.87957e-05 2.29883e-05 -3.63623e-05 0.00937154 -0.0174518 -3.02996e-05 6.87957e-05 -0.0174518 0.0866036 
0.00984424 -0.0178996 2.49061e-05 -2.60965e-05 -0.0178996 0.0878548 -3.3355e-05 8.12624e-05 2.49061e-05 -3.3355e-05 0.00953377 -0.0177001 -2.60965e-05 8.12624e-05 -0.0177001 0.0880143 
0.00986425 -0.0179119 2.23588e-05 -2.76042e-05 -0.0179119 0.0879582 -3.34276e-05 8.21916e-05 2.23588e-05 -3.34276e-05 0.0095219 -0.0176977 -2.76042e-05 8.21916e-05 -0.0176977 0.0879697 
0.00988071 -0.0179378 4.06029e-05 -2.90042e-05 -0.0179378 0.0880413 -3.23247e-05 8.86696e-05 4.06029e-05 -3.23247e-05 0.00950409 -0.0176915 -2.90042e-05 8.86696e-05 -0.0176915 0.0879756 
0.00987395 -0.0179561 5.51922e-05 -5.35357e-05 -0.0179561 0.0880935 -4.92972e-05 0.000120773 5.51922e-05 -4.92972e-05 0.00949855 -0.017661 -5.35357e-05 0.000120773 -0.017661 0.0879105 
0.0098266 -0.0179375 4.96397e-05 -7.06228e-05 -0.0179375 0.0880377 -5.95128e-05 0.000153508 4.96397e-05 -5.95128e-05 0.00952197 -0.0176296 -7.06228e-05 0.000153508 -0.0176296 0.0877657 
0.00983354 -0.0179076 6.36063e-05 -7.07799e-05 -0.0179076 0.0880623 -5.74482e-05 0.000173592 6.36063e-05 -5.74482e-05 0.00953417 -0.0176888 -7.07799e-05 0.000173592 -0.0176888 0.0878977 
0.00963079 -0.0175573 4.73331e-05 -7.72164e-05 -0.0175573 0.0863193 -6.67611e-05 0.000176703 4.73331e-05 -6.67611e-05 0.00935745 -0.0173485 -7.72164e-05 0.000176703 -0.0173485 0.0862265 
0.00981193 -0.0178938 1.22959e-05 -5.88657e-05 -0.0178938 0.0880189 -5.55515e-05 0.000164 1.22959e-05 -5.55515e-05 0.00955657 -0.0177048 -5.88657e-05 0.000164 -0.0177048 0.0879766 
0.00975734 -0.0178252 -1.63705e-05 -7.52069e-06 -0.0178252 0.0877207 -1.41405e-05 7.82943e-05 -1.63705e-05 -1.41405e-05 0.00956481 -0.0176705 -7.52069e-06 7.82943e-05 -0.0176705 0.0877608 
0.00969926 -0.0177099 -2.5048e-05 3.21454e-05 -0.0177099 0.0872398 2.05312e-05 -2.20154e-05 -2.5048e-05 2.05312e-05 0.00954445 -0.0176283 3.21454e-05 -2.20154e-05 -0.0176283 0.0874216 
0.0097249 -0.0176886 -3.34723e-05 4.8645e-05 -0.0176886 0.0871513 3.61515e-05 -9.33577e-05 -3.34723e-05 3.61515e-05 0.00950583 -0.0176547 4.8645e-05 -9.33577e-05 -0.0176547 0.0874769 
0.00981174 -0.0177887 -2.67308e-05 5.21482e-05 -0.0177887 0.0874949 4.20478e-05 -0.00011746 -2.67308e-05 4.20478e-05 0.0094699 -0.0176713 5.21482e-05 -0.00011746 -0.0176713 0.0877409 
0.00987101 -0.0178852 -1.59504e-05 4.07129e-05 -0.0178852 0.0877649 3.35308e-05 -0.000107431 -1.59504e-05 3.35308e-05 0.00942687 -0.0176023 4.07129e-05 -0.000107431 -0.0176023 0.0876736 
0.00983797 -0.017915 -3.07811e-06 1.97621e-05 -0.017915 0.0877829 1.3169e-05 -5.75643e-05 -3.07811e-06 1.3169e-05 0.00942817 -0.0174942 1.97621e-05 -5.75643e-05 -0.0174942 0.0872996 
0.00987613 -0.0179365 1.97491e-05 5.62485e-06 -0.0179365 0.0880199 -1.89325e-06 -1.3064e-05 1.97491e-05 -1.89325e-06 0.00942834 -0.0175522 5.62485e-06 -1.3064e-05 -0.0175522 0.0874286 
0.00984137 -0.0179226 2.66796e-05 -2.02761e-05 -0.0179226 0.0878868 -2.83226e-05 4.30386e-05 2.66796e-05 -2.83226e-05 0.00944071 -0.0174959 -2.02761e-05 4.30386e-05 -0.0174959 0.0872262 
0.00983318 -0.0179574 1.76271e-05 -2.74422e-05 -0.0179574 0.0881466 -3.38049e-05 7.56392e-05 1.76271e-05 -3.38049e-05 0.00950679 -0.0175913 -2.74422e-05 7.56392e-05 -0.0175913 0.087547 
0.00979539 -0.0178907 1.73475e-05 -2.11095e-05 -0.0178907 0.0879667 -2.40759e-05 7.80715e-05 1.73475e-05 -2.40759e-05 0.00952398 -0.0176189 -2.11095e-05 7.80715e-05 -0.0176189 0.0875576 
0.00979993 -0.0178584 2.88237e-05 -1.77319e-05 -0.0178584 0.0878815 -2.21586e-05 6.81624e-05 2.88237e-05 -2.21586e-05 0.00950392 -0.0176518 -1.77319e-05 6.81624e-05 -0.0176518 0.0876572 
0.00978855 -0.0178791 4.87453e-05 -3.03335e-05 -0.0178791 0.087934 -3.77421e-05 8.69408e-05 4.87453e-05 -3.77421e-05 0.00951423 -0.0176404 -3.03335e-05 8.69408e-05 -0.0176404 0.0877282 
0.00976543 -0.0178752 5.31841e-05 -6.39844e-05 -0.0178752 0.0880041 -6.53136e-05 0.000153526 5.31841e-05 -6.53136e-05 0.00954916 -0.0176659 -6.39844e-05 0.000153526 -0.0176659 0.0878358 
0.00976688 -0.0178194 4.24533e-05 -7.79165e-05 -0.0178194 0.087858 -7.36236e-05 0.000208172 4.24533e-05 -7.36236e-05 0.00953531 -0.01768 -7.79165e-05 0.000208172 -0.01768 0.0878192 
0.00976802 -0.0177879 2.64248e-05 -6.62337e-05 -0.0177879 0.0876513 -6.08018e-05 0.000212402 2.64248e-05 -6.08018e-05 0.00949789 -0.0176456 -6.62337e-05 0.000212402 -0.0176456 0.0876919 
0.00972538 -0.0176877 1.12212e-05 -4.10038e-05 -0.0176877 0.0870836 -3.6221e-05 0.000163409 1.12212e-05 -3.6221e-05 0.00942171 -0.0175133 -4.10038e-05 0.000163409 -0.0175133 0.0871119 
0.00968791 -0.0176589 3.41453e-06 -1.70111e-05 -0.0176589 0.0868348 -1.19912e-05 9.51588e-05 3.41453e-06 -1.19912e-05 0.00939445 -0.0174195 -1.70111e-05 9.51588e-05 -0.0174195 0.0867214 
0.00973184 -0.0177084 -1.19137e-05 -1.0244e-06 -0.0177084 0.0871107 7.04794e-06 2.94493e-05 -1.19137e-05 7.04794e-06 0.00939729 -0.017475 -1.0244e-06 2.94493e-05 -0.017475 0.0869351 
0.00971282 -0.0177163 -1.4065e-05 1.05624e-05 -0.0177163 0.0870766 2.01531e-05 -7.77982e-06 -1.4065e-05 2.01531e-05 0.00939925 -0.0174255 1.05624e-05 -7.77982e-06 -0.0174255 0.0867848 
0.00965722 -0.0176359 4.14668e-07 1.00603e-05 -0.0176359 0.0867254 1.7503e-05 -1.6458e-05 4.14668e-07 1.7503e-05 0.00937266 -0.0173508 1.00603e-05 -1.6458e-05 -0.0173508 0.0863575 
0.00963917 -0.0176292 4.4767e-06 -1.98369e-06 -0.0176292 0.0867589 3.47776e-06 -3.51662e-06 4.4767e-06 3.47776e-06 0.00939851 -0.0173866 -1.98369e-06 -3.51662e-06 -0.0173866 0.0864449 
0.00961556 -0.0175935 -1.79095e-05 -8.08865e-06 -0.0175935 0.0866734 -1.24237e-06 1.34262e-05 -1.79095e-05 -1.24237e-06 0.00940997 -0.0174081 -8.08865e-06 1.34262e-05 -0.0174081 0.0864785 
0.00961359 -0.0175895 -3.04481e-05 1.69025e-05 -0.0175895 0.086713 2.68517e-05 -2.01554e-05 -3.04481e-05 2.68517e-05 0.00942802 -0.0174478 1.69025e-05 -2.01554e-05 -0.0174478 0.0866398 
0.00963218 -0.0175551 -3.1736e-05 3.23518e-05 -0.0175551 0.0865812 4.57192e-05 -7.05626e-05 -3.1736e-05 4.57192e-05 0.00939099 -0.0174448 3.23518e-05 -7.05626e-05 -0.0174448 0.0866123 
0.00965865 -0.0175965 -2.49419e-05 3.42365e-05 -0.0175965 0.086648 4.5606e-05 -9.25039e-05 -2.49419e-05 4.5606e-05 0.00936267 -0.0174117 3.42365e-05 -9.25039e-05 -0.0174117 0.0865924 
0.00964167 -0.0175969 -2.14359e-05 3.24484e-05 -0.0175969 0.0865793 3.6648e-05 -9.38142e-05 -2.14359e-05 3.6648e-05 0.00934883 -0.0173437 3.24484e-05 -9.38142e-05 -0.0173437 0.0863599 
0.00963849 -0.0175816 -4.62361e-06 3.09679e-05 -0.0175816 0.0865379 3.23643e-05 -9.21367e-05 -4.62361e-06 3.23643e-05 0.0093362 -0.0173282 3.09679e-05 -9.21367e-05 -0.0173282 0.0862461 
0.00965399 -0.0176334 1.8954e-06 1.84926e-05 -0.0176334 0.08677 1.76131e-05 -7.85634e-05 1.8954e-06 1.76131e-05 0.00936544 -0.0173616 1.84926e-05 -7.85634e-05 -0.0173616 0.0864275 
0.00966826 -0.0176649 5.76393e-06 5.26038e-06 -0.0176649 0.0869694 4.07532e-06 -4.40319e-05 5.76393e-06 4.07532e-06 0.00939498 -0.0174132 5.26038e-06 -4.40319e-05 -0.0174132 0.0866411 
0.00970057 -0.0177156 4.77922e-06 -5.41456e-06 -0.0177156 0.0872668 -6.65555e-06 -6.72349e-06 4.77922e-06 -6.65555e-06 0.00942786 -0.0174974 -5.41456e-06 -6.72349e-06 -0.0174974 0.0870213 
0.00970319 -0.0177211 1.15424e-05 -1.19887e-05 -0.0177211 0.0872986 -1.42341e-05 3.00447e-05 1.15424e-05 -1.42341e-05 0.00943324 -0.0175023 -1.19887e-05 3.00447e-05 -0.0175023 0.0870862 
0.00965638 -0.0176602 -8.79356e-07 -1.41706e-05 -0.0176602 0.0870017 -1.56258e-05 3.93553e-05 -8.79356e-07 -1.56258e-05 0.0094241 -0.0174378 -1.41706e-05 3.93553e-05 -0.0174378 0.0867798 
0.00964308 -0.0176079 -1.10124e-05 -1.68522e-07 -0.0176079 0.0868023 4.00334e-08 2.08144e-05 -1.10124e-05 4.00334e-08 0.00941007 -0.0174295 -1.68522e-07 2.08144e-05 -0.0174295 0.0866433 
0.00965743 -0.0176352 -1.34976e-05 1.24748e-05 -0.0176352 0.0869126 1.37113e-05 -1.08838e-05 -1.34976e-05 1.37113e-05 0.00942556 -0.0174703 1.24748e-05 -1.08838e-05 -0.0174703 0.0868285 
0.00968468 -0.0176448 -5.20692e-07 1.19951e-05 -0.0176448 0.086956 1.18914e-05 -2.03452e-05 -5.20692e-07 1.18914e-05 0.00941275 -0.0174864 1.19951e-05 -2.03452e-05 -0.0174864 0.0869157 
0.00970709 -0.0176943 1.16457e-05 2.39643e-06 -0.0176943 0.0871111 -1.54643e-06 -9.39019e-06 1.16457e-05 -1.54643e-06 0.00941284 -0.01749 2.39643e-06 -9.39019e-06 -0.01749 0.0870217 
0.00968676 -0.0176424 3.41457e-05 -1.43105e-05 -0.0176424 0.0868334 -2.36204e-05 3.26277e-05 3.41457e-05 -2.36204e-05 0.00936815 -0.0174062 -1.43105e-05 3.26277e-05 -0.0174062 0.0866557 
0.00967481 -0.0176378 3.29235e-05 -4.08372e-05 -0.0176378 0.0867508 -5.00766e-05 8.98427e-05 3.29235e-05 -5.00766e-05 0.00934838 -0.0173583 -4.08372e-05 8.98427e-05 -0.0173583 0.0864553 
0.00969119 -0.0176753 2.14696e-05 -4.11653e-05 -0.0176753 0.0869286 -4.52814e-05 0.000110133 2.14696e-05 -4.52814e-05 0.00935825 -0.0173711 -4.11653e-05 0.000110133 -0.0173711 0.0865261 
0.00965239 -0.01766 -1.21799e-05 -2.59682e-05 -0.01766 0.0868575 -2.46991e-05 8.09909e-05 -1.21799e-05 -2.46991e-05 0.00938539 -0.0173423 -2.59682e-05 8.09909e-05 -0.0173423 0.0863799 
0.00962336 -0.0176235 -3.66805e-05 2.10145e-05 -0.0176235 0.0868129 2.30842e-05 -1.4771e-05 -3.66805e-05 2.30842e-05 0.00943037 -0.0173982 2.10145e-05 -1.4771e-05 -0.0173982 0.0864637 
0.00967199 -0.0176625 -1.72293e-05 5.1165e-05 -0.0176625 0.0871089 5.23336e-05 -0.000106429 -1.72293e-05 5.23336e-05 0.00946683 -0.0175422 5.1165e-05 -0.000106429 -0.0175422 0.0870157 
0.00968505 -0.0176848 -3.45176e-06 2.79888e-05 -0.0176848 0.0871639 2.78847e-05 -0.00010827 -3.45176e-06 2.78847e-05 0.00947611 -0.0175581 2.79888e-05 -0.00010827 -0.0175581 0.0871798 
0.00971844 -0.0177253 -3.10983e-06 4.80808e-06 -0.0177253 0.0873366 5.373e-06 -5.47936e-05 -3.10983e-06 5.373e-06 0.00947434 -0.0175853 4.80808e-06 -5.47936e-05 -0.0175853 0.0873503 
0.00971365 -0.0177181 -6.49822e-06 9.37976e-06 -0.0177181 0.0872411 1.15734e-05 -4.73679e-05 -6.49822e-06 1.15734e-05 0.00945438 -0.0175303 9.37976e-06 -4.73679e-05 -0.0175303 0.0871673 
0.00968703 -0.0176737 -4.35215e-06 1.72516e-05 -0.0176737 0.0870067 2.23267e-05 -6.98365e-05 -4.35215e-06 2.23267e-05 0.00943619 -0.0174742 1.72516e-05 -6.98365e-05 -0.0174742 0.0868796 
0.00970318 -0.0177095 7.83368e-06 1.0924e-05 -0.0177095 0.0871811 1.99225e-05 -7.26e-05 7.83368e-06 1.99225e-05 0.00946769 -0.0175237 1.0924e-05 -7.26e-05 -0.0175237 0.0870682 
0.00973431 -0.0177352 1.83443e-05 -1.01769e-05 -0.0177352 0.0873371 -1.13481e-06 -3.13262e-05 1.83443e-05 -1.13481e-06 0.00948323 -0.0175907 -1.01769e-05 -3.13262e-05 -0.0175907 0.0873303 
0.00975703 -0.0177584 1.64727e-05 -2.38526e-05 -0.0177584 0.0873891 -1.96948e-05 1.85465e-05 1.64727e-05 -1.96948e-05 0.00946675 -0.0175933 -2.38526e-05 1.85465e-05 -0.0175933 0.0874017 
0.00976016 -0.0177839 5.15264e-06 -1.42683e-05 -0.0177839 0.0874424 -1.69219e-05 2.63222e-05 5.15264e-06 -1.69219e-05 0.00945649 -0.0175631 -1.42683e-05 2.63222e-05 -0.0175631 0.087355 
0.00974361 -0.017756 1.26029e-05 -3.19829e-06 -0.017756 0.0873048 -7.35487e-06 1.50273e-05 1.26029e-05 -7.35487e-06 0.00942867 -0.0175034 -3.19829e-06 1.50273e-05 -0.0175034 0.0870963 
0.00974956 -0.0178432 1.93171e-05 -1.61851e-05 -0.0178432 0.0877287 -1.44879e-05 2.47074e-05 1.93171e-05 -1.44879e-05 0.00950315 -0.0175693 -1.61851e-05 2.47074e-05 -0.0175693 0.087435 
0.00974668 -0.0177987 3.14342e-05 -2.57981e-05 -0.0177987 0.0876879 -1.64839e-05 4.04386e-05 3.14342e-05 -1.64839e-05 0.00950952 -0.0176177 -2.57981e-05 4.04386e-05 -0.0176177 0.0875151 
0.00973919 -0.0177512 9.89573e-06 -4.3062e-05 -0.0177512 0.0874563 -3.17074e-05 7.22712e-05 9.89573e-06 -3.17074e-05 0.00949201 -0.0175953 -4.3062e-05 7.22712e-05 -0.0175953 0.0874091 
0.00974798 -0.0177378 -1.38716e-05 -1.15454e-05 -0.0177378 0.0873211 -5.10506e-06 4.13616e-05 -1.38716e-05 -5.10506e-06 0.00946413 -0.0175676 -1.15454e-05 4.13616e-05 -0.0175676 0.087291 
0.00977159 -0.0177822 -1.40542e-05 2.3173e-05 -0.0177822 0.0874417 2.44458e-05 -3.15321e-05 -1.40542e-05 2.44458e-05 0.00945879 -0.0175651 2.3173e-05 -3.15321e-05 -0.0175651 0.0873374 
0.00978688 -0.0178264 -4.07571e-06 2.98957e-05 -0.0178264 0.0876131 2.32382e-05 -7.21935e-05 -4.07571e-06 2.32382e-05 0.00946526 -0.0175715 2.98957e-05 -7.21935e-05 -0.0175715 0.0874112 
0.00980439 -0.0178315 1.2298e-06 2.52624e-05 -0.0178315 0.0876528 6.65711e-06 -6.82266e-05 1.2298e-06 6.65711e-06 0.00946332 -0.0175722 2.52624e-05 -6.82266e-05 -0.0175722 0.0874128 
0.00982269 -0.017871 3.25731e-05 1.01772e-05 -0.017871 0.0878047 -1.70597e-05 -1.51491e-05 3.25731e-05 -1.70597e-05 0.00946925 -0.0176041 1.01772e-05 -1.51491e-05 -0.0176041 0.0875704 
0.00979847 -0.0179133 5.02834e-05 -3.48876e-05 -0.0179133 0.0880054 -5.98535e-05 8.37144e-05 5.02834e-05 -5.98535e-05 0.00952645 -0.0176329 -3.48876e-05 8.37144e-05 -0.0176329 0.0877574 
0.00979333 -0.0178706 5.41793e-05 -6.26968e-05 -0.0178706 0.0879927 -8.12637e-05 0.000172131 5.41793e-05 -8.12637e-05 0.00954552 -0.0176921 -6.26968e-05 0.000172131 -0.0176921 0.0878981 
0.00979377 -0.0178672 5.40205e-05 -6.54668e-05 -0.0178672 0.0879787 -7.77413e-05 0.000199244 5.40205e-05 -7.77413e-05 0.00956273 -0.0177115 -6.54668e-05 0.000199244 -0.0177115 0.0879978 
0.00979729 -0.0178572 4.17862e-05 -6.05659e-05 -0.0178572 0.0879187 -6.5207e-05 0.000181719 4.17862e-05 -6.5207e-05 0.00955139 -0.0177074 -6.05659e-05 0.000181719 -0.0177074 0.0879602 
0.00974411 -0.017788 2.50009e-05 -4.73298e-05 -0.017788 0.0875262 -5.00395e-05 0.000152805 2.50009e-05 -5.00395e-05 0.00952968 -0.0176056 -4.73298e-05 0.000152805 -0.0176056 0.0874961 
0.00968704 -0.0177319 1.59875e-05 -3.01855e-05 -0.0177319 0.0873005 -2.98358e-05 0.000111615 1.59875e-05 -2.98358e-05 0.00954768 -0.0175989 -3.01855e-05 0.000111615 -0.0175989 0.0873234 
0.00974531 -0.0176962 4.20087e-05 -2.36085e-05 -0.0176962 0.0872583 -2.10706e-05 8.68783e-05 4.20087e-05 -2.10706e-05 0.00950346 -0.0176675 -2.36085e-05 8.68783e-05 -0.0176675 0.0874933 
0.00978843 -0.0177879 6.38955e-05 -5.83939e-05 -0.0177879 0.0874474 -5.756e-05 0.000137917 6.38955e-05 -5.756e-05 0.00950356 -0.0176404 -5.83939e-05 0.000137917 -0.0176404 0.0876095 
0.00985203 -0.0179071 8.06821e-05 -8.52763e-05 -0.0179071 0.0879574 -8.82223e-05 0.00021487 8.06821e-05 -8.82223e-05 0.00953538 -0.0177091 -8.52763e-05 0.00021487 -0.0177091 0.0879759 
0.00968924 -0.0176195 7.17233e-05 -9.89564e-05 -0.0176195 0.086518 -0.000103312 0.000261561 7.17233e-05 -0.000103312 0.00935449 -0.0173981 -9.89564e-05 0.000261561 -0.0173981 0.0864594 
0.00969669 -0.0177168 6.18162e-05 -9.49381e-05 -0.0177168 0.0869929 -0.000100218 0.000283163 6.18162e-05 -0.000100218 0.00944109 -0.0174618 -9.49381e-05 0.000283163 -0.0174618 0.0868555 
0.00969055 -0.0177019 4.67551e-05 -8.06212e-05 -0.0177019 0.0871138 -8.19639e-05 0.000256829 4.67551e-05 -8.19639e-05 0.0094836 -0.0175484 -8.06212e-05 0.000256829 -0.0175484 0.0871083 
0.00969812 -0.0176414 4.01735e-05 -6.36114e-05 -0.0176414 0.0868989 -5.76313e-05 0.000206392 4.01735e-05 -5.76313e-05 0.00945394 -0.0175513 -6.36114e-05 0.000206392 -0.0175513 0.0870731 
0.00970715 -0.017601 2.822e-05 -5.55015e-05 -0.017601 0.0865849 -4.17569e-05 0.000160246 2.822e-05 -4.17569e-05 0.00939394 -0.0174691 -5.55015e-05 0.000160246 -0.0174691 0.0867693 
0.00970095 -0.0175921 1.59126e-05 -3.72417e-05 -0.0175921 0.0863677 -1.87878e-05 0.000103868 1.59126e-05 -1.87878e-05 0.00934691 -0.0173713 -3.72417e-05 0.000103868 -0.0173713 0.0863927 
0.00985613 -0.0179181 -1.92012e-08 -1.5809e-05 -0.0179181 0.0878897 -3.60448e-07 4.28612e-05 -1.92012e-08 -3.60448e-07 0.00951866 -0.0176395 -1.5809e-05 4.28612e-05 -0.0176395 0.0877511 
0.00984711 -0.0179015 -1.52772e-05 9.62418e-06 -0.0179015 0.0878649 1.44124e-05 -1.53076e-05 -1.52772e-05 1.44124e-05 0.00952188 -0.0176595 9.62418e-06 -1.53076e-05 -0.0176595 0.087733 
