0.00740894 0 -0.000158331 0 0 0.0102463 0 0 -0.000158331 0 0.00709374 0 0 0 0 0.0102463 
0.010111 -0.0125441 -0.000187051 0.000224854 -0.0125441 0.0331535 0.000224854 -0.000430915 -0.000187051 0.000224854 0.00977883 -0.0121464 0.000224854 -0.000430915 -0.0121464 0.0323909 
0.0104075 -0.0192887 -0.000144777 0.000171486 -0.0192887 0.0709839 0.000171486 -0.000506328 -0.000144777 0.000171486 0.0101553 -0.0190664 0.000171486 -0.000506328 -0.0190664 0.0703694 
0.00935809 -0.0178435 -0.000130826 4.49775e-05 -0.0178435 0.0797283 4.38954e-05 6.7108e-05 -0.000130826 4.38954e-05 0.00908331 -0.0178956 4.49775e-05 6.7108e-05 -0.0178956 0.0806101 
0.00965407 -0.0178193 -0.000157854 7.42564e-05 -0.0178193 0.0853001 6.36686e-05 0.000202897 -0.000157854 6.36686e-05 0.00928326 -0.0177524 7.42564e-05 0.000202897 -0.0177524 0.0865437 
0.00999734 -0.0181111 -0.00017635 0.000140466 -0.0181111 0.0881362 0.000119091 3.33396e-05 -0.00017635 0.000119091 0.00950545 -0.0178486 0.000140466 3.33396e-05 -0.0178486 0.0887978 
0.0097034 -0.0175243 -0.000161457 0.000157235 -0.0175243 0.0854695 0.000138028 -0.000117126 -0.000161457 0.000138028 0.00917841 -0.017105 0.000157235 -0.000117126 -0.017105 0.0854054 
0.00988792 -0.0178836 -0.000153944 0.000145202 -0.0178836 0.08732 0.000136318 -0.000173074 -0.000153944 0.000136318 0.00936566 -0.0173844 0.000145202 -0.000173074 -0.0173844 0.0867934 
0.010133 -0.0183659 -0.000142235 0.000122734 -0.0183659 0.0897933 0.000126743 -0.000155135 -0.000142235 0.000126743 0.00967618 -0.0178718 0.000122734 -0.000155135 -0.0178718 0.0890989 
0.00993585 -0.018055 -0.000131582 9.58053e-05 -0.018055 0.088411 0.000103569 -9.97019e-05 -0.000131582 0.000103569 0.00959882 -0.017686 9.58053e-05 -9.97019e-05 -0.017686 0.0878992 
0.00983839 -0.0178626 -0.000124675 8.55257e-05 -0.0178626 0.0876113 8.66782e-05 -5.33193e-05 -0.000124675 8.66782e-05 0.00955825 -0.0176411 8.55257e-05 -5.33193e-05 -0.0176411 0.0874337 
0.00981329 -0.0177829 -0.000144001 8.8547e-05 -0.0177829 0.0872429 8.63965e-05 -5.0797e-05 -0.000144001 8.63965e-05 0.00952876 -0.0176346 8.8547e-05 -5.0797e-05 -0.0176346 0.0873333 
0.00981019 -0.0177579 -0.000162922 0.000112604 -0.0177579 0.0870656 0.00011409 -9.44541e-05 -0.000162922 0.00011409 0.00950667 -0.0176151 0.000112604 -9.44541e-05 -0.0176151 0.0872786 
0.00980214 -0.0177723 -0.000155071 0.00013451 -0.0177723 0.0870685 0.00014027 -0.000156642 -0.000155071 0.00014027 0.00950656 -0.0176045 0.00013451 -0.000156642 -0.0176045 0.0872763 
0.00979189 -0.0177841 -0.000147566 0.000131685 -0.0177841 0.0871578 0.000136066 -0.000186219 -0.000147566 0.000136066 0.00953131 -0.0176253 0.000131685 -0.000186219 -0.0176253 0.0873703 
0.00980082 -0.0178035 -0.000161262 0.000127895 -0.0178035 0.0873248 0.000132109 -0.000192216 -0.000161262 0.000132109 0.00956855 -0.0176829 0.000127895 -0.000192216 -0.0176829 0.0875959 
0.00977292 -0.0176975 -0.000176808 0.00014176 -0.0176975 0.0868465 0.00014485 -0.000211181 -0.000176808 0.00014485 0.00950793 -0.0176139 0.00014176 -0.000211181 -0.0176139 0.0872043 
0.00974486 -0.017646 -0.000169711 0.000151527 -0.017646 0.0864799 0.000158664 -0.000234388 -0.000169711 0.000158664 0.00945675 -0.017514 0.000151527 -0.000234388 -0.017514 0.0867854 
0.00972988 -0.0176712 -0.000154937 0.000138604 -0.0176712 0.0865451 0.000154367 -0.000230482 -0.000154937 0.000154367 0.0094551 -0.0175023 0.000138604 -0.000230482 -0.0175023 0.0867495 
0.009735 -0.0177043 -0.000155152 0.000118725 -0.0177043 0.0867836 0.000136223 -0.000194559 -0.000155152 0.000136223 0.00947789 -0.0175412 0.000118725 -0.000194559 -0.0175412 0.0869433 
0.00975715 -0.0177321 -0.000146259 0.000119969 -0.0177321 0.086999 0.000131927 -0.000171831 -0.000146259 0.000131927 0.0094985 -0.0175864 0.000119969 -0.000171831 -0.0175864 0.0871717 
0.00975116 -0.0176869 -0.000121193 0.000117389 -0.0176869 0.0867808 0.000123186 -0.000165425 -0.000121193 0.000123186 0.00946935 -0.0175323 0.000117389 -0.000165425 -0.0175323 0.0869365 
0.00975599 -0.0176611 -0.000116274 9.46574e-05 -0.0176611 0.0865894 9.47011e-05 -0.000130959 -0.000116274 9.47011e-05 0.00943374 -0.0174845 9.46574e-05 -0.000130959 -0.0174845 0.0867079 
0.00977481 -0.0176873 -0.000116118 8.97002e-05 -0.0176873 0.0866149 8.53048e-05 -0.000101337 -0.000116118 8.53048e-05 0.00941291 -0.0174655 8.97002e-05 -0.000101337 -0.0174655 0.0866502 
0.00976591 -0.0177045 -0.000142595 8.97914e-05 -0.0177045 0.0866157 8.31641e-05 -9.10705e-05 -0.000142595 8.31641e-05 0.00940061 -0.0174209 8.97914e-05 -9.10705e-05 -0.0174209 0.0864983 
0.00975228 -0.0177264 -0.000149098 0.000119436 -0.0177264 0.0867515 0.000110761 -0.000125817 -0.000149098 0.000110761 0.00943485 -0.0174345 0.000119436 -0.000125817 -0.0174345 0.0865495 
0.00970049 -0.0176906 -0.000136101 0.000130741 -0.0176906 0.0866878 0.000117839 -0.00016118 -0.000136101 0.000117839 0.00947702 -0.0174613 0.000130741 -0.00016118 -0.0174613 0.0865652 
0.00968568 -0.0176082 -0.000128135 0.000119521 -0.0176082 0.0864753 0.000104504 -0.00015789 -0.000128135 0.000104504 0.00947885 -0.0175084 0.000119521 -0.00015789 -0.0175084 0.086616 
0.0097185 -0.0176271 -0.00013763 0.000106102 -0.0176271 0.0865351 9.71006e-05 -0.000135279 -0.00013763 9.71006e-05 0.00946581 -0.0175519 0.000106102 -0.000135279 -0.0175519 0.0868426 
0.00974822 -0.0176377 -0.000151231 0.000108522 -0.0176377 0.086491 0.000112618 -0.000137275 -0.000151231 0.000112618 0.00942038 -0.0175051 0.000108522 -0.000137275 -0.0175051 0.0867581 
0.00977479 -0.0176843 -0.000142794 0.000121839 -0.0176843 0.0865627 0.000135721 -0.00017168 -0.000142794 0.000135721 0.00939254 -0.0174392 0.000121839 -0.00017168 -0.0174392 0.086597 
0.0098173 -0.0178041 -0.000143302 0.000115902 -0.0178041 0.0870712 0.000131293 -0.000187532 -0.000143302 0.000131293 0.00942548 -0.0174875 0.000115902 -0.000187532 -0.0174875 0.0868859 
0.00977854 -0.0177632 -0.00014225 0.000120149 -0.0177632 0.0869284 0.000133318 -0.000198731 -0.00014225 0.000133318 0.00942149 -0.0174413 0.000120149 -0.000198731 -0.0174413 0.0866553 
0.00973182 -0.0176966 -0.000139113 0.000122816 -0.0176966 0.0867071 0.000132055 -0.000207348 -0.000139113 0.000132055 0.00941811 -0.0174319 0.000122816 -0.000207348 -0.0174319 0.0865168 
0.00967539 -0.0175854 -0.000130462 0.000117444 -0.0175854 0.086254 0.000121433 -0.000194734 -0.000130462 0.000121433 0.00939373 -0.0173798 0.000117444 -0.000194734 -0.0173798 0.0862106 
0.0100755 -0.0183264 -0.000128612 0.000113879 -0.0183264 0.0899163 0.000113067 -0.000180728 -0.000128612 0.000113067 0.00983205 -0.0181522 0.000113879 -0.000180728 -0.0181522 0.0900033 
0.0101071 -0.0183534 -0.000145204 0.000103992 -0.0183534 0.0900921 0.000105893 -0.000157164 -0.000145204 0.000105893 0.00985417 -0.0182351 0.000103992 -0.000157164 -0.0182351 0.0903065 
0.00969776 -0.0176281 -0.000158852 0.00011942 -0.0176281 0.0864822 0.000124382 -0.000176236 -0.000158852 0.000124382 0.0094508 -0.0175006 0.00011942 -0.000176236 -0.0175006 0.086714 
0.00970119 -0.0176299 -0.000149927 0.000144922 -0.0176299 0.0865217 0.000150773 -0.000235471 -0.000149927 0.000150773 0.00945946 -0.0175023 0.000144922 -0.000235471 -0.0175023 0.0867568 
0.00967154 -0.0176094 -0.00013967 0.00013434 -0.0176094 0.0864158 0.000138149 -0.000243928 -0.00013967 0.000138149 0.00946552 -0.0174754 0.00013434 -0.000243928 -0.0174754 0.0866267 
0.00964099 -0.0175786 -0.000130512 0.000118684 -0.0175786 0.0863254 0.000118606 -0.000208011 -0.000130512 0.000118606 0.00947719 -0.0174715 0.000118684 -0.000208011 -0.0174715 0.0865452 
0.00964088 -0.017545 -0.000132379 0.000109859 -0.017545 0.0862374 0.000111202 -0.000182433 -0.000132379 0.000111202 0.00947103 -0.0174851 0.000109859 -0.000182433 -0.0174851 0.0865352 
0.0100887 -0.0183179 -0.000133016 0.000119645 -0.0183179 0.0899876 0.000125964 -0.00019966 -0.000133016 0.000125964 0.00987842 -0.018244 0.000119645 -0.00019966 -0.018244 0.0903138 
0.0100833 -0.018321 -0.000138489 0.000108944 -0.018321 0.0898966 0.000119742 -0.000192448 -0.000138489 0.000119742 0.00984872 -0.0182131 0.000108944 -0.000192448 -0.0182131 0.0901747 
0.0100663 -0.0183255 -0.000141083 0.000119088 -0.0183255 0.0898866 0.000134787 -0.00021554 -0.000141083 0.000134787 0.00984255 -0.0181776 0.000119088 -0.00021554 -0.0181776 0.0900621 
0.0100849 -0.0183531 -0.000139767 0.000129076 -0.0183531 0.0900965 0.000142344 -0.000248465 -0.000139767 0.000142344 0.00986605 -0.0182352 0.000129076 -0.000248465 -0.0182352 0.0902976 
0.00962663 -0.0175527 -0.000127601 0.000127059 -0.0175527 0.0861914 0.000131817 -0.000252314 -0.000127601 0.000131817 0.00946351 -0.0174575 0.000127059 -0.000252314 -0.0174575 0.0864494 
0.0100292 -0.0182945 -0.000121748 0.000127095 -0.0182945 0.0899313 0.000123735 -0.000250535 -0.000121748 0.000123735 0.00989653 -0.0182568 0.000127095 -0.000250535 -0.0182568 0.0903302 
0.00996589 -0.0181606 -0.000116073 0.000112799 -0.0181606 0.0893207 0.000107269 -0.000217354 -0.000116073 0.000107269 0.00983138 -0.0181519 0.000112799 -0.000217354 -0.0181519 0.0898005 
0.00994223 -0.0181043 -8.28259e-05 0.000104886 -0.0181043 0.0890291 0.000100381 -0.000191478 -8.28259e-05 0.000100381 0.00979475 -0.0180916 0.000104886 -0.000191478 -0.0180916 0.0895272 
0.00991792 -0.0180572 -6.87507e-05 6.24406e-05 -0.0180572 0.0887619 6.1265e-05 -0.000119005 -6.87507e-05 6.1265e-05 0.00975549 -0.0180262 6.24406e-05 -0.000119005 -0.0180262 0.0892255 
0.0099519 -0.0181173 -6.74815e-05 3.8299e-05 -0.0181173 0.0890256 3.99236e-05 -3.93225e-05 -6.74815e-05 3.99236e-05 0.00975083 -0.0180588 3.8299e-05 -3.93225e-05 -0.0180588 0.0894171 
0.00999395 -0.0181589 -8.60631e-05 4.66015e-05 -0.0181589 0.0892171 4.31008e-05 -2.76733e-05 -8.60631e-05 4.31008e-05 0.00973808 -0.018062 4.66015e-05 -2.76733e-05 -0.018062 0.0895274 
0.0100414 -0.0182479 -0.000111732 7.11372e-05 -0.0182479 0.0895693 6.12528e-05 -5.85962e-05 -0.000111732 6.12528e-05 0.00974707 -0.0180792 7.11372e-05 -5.85962e-05 -0.0180792 0.0897238 
0.0100477 -0.018296 -0.000121419 9.98775e-05 -0.018296 0.0897767 9.04937e-05 -0.000116687 -0.000121419 9.04937e-05 0.00976262 -0.0180804 9.98775e-05 -0.000116687 -0.0180804 0.0897881 
0.0100488 -0.0183214 -0.000129226 0.000109158 -0.0183214 0.0899737 0.000101936 -0.000155273 -0.000129226 0.000101936 0.00979448 -0.0181167 0.000109158 -0.000155273 -0.0181167 0.0899443 
0.0100414 -0.0182768 -0.000148633 0.000120033 -0.0182768 0.089826 0.000113728 -0.000186313 -0.000148633 0.000113728 0.00978571 -0.0181001 0.000120033 -0.000186313 -0.0181001 0.0898219 
0.0100264 -0.0182359 -0.000142696 0.000140611 -0.0182359 0.0895931 0.000135547 -0.00022851 -0.000142696 0.000135547 0.00977077 -0.0180614 0.000140611 -0.00022851 -0.0180614 0.0896131 
0.0100141 -0.0182474 -0.000117976 0.000131822 -0.0182474 0.0896059 0.000130579 -0.000237608 -0.000117976 0.000130579 0.00978936 -0.0180681 0.000131822 -0.000237608 -0.0180681 0.0896169 
0.00998563 -0.0181986 -0.000117628 0.000100682 -0.0181986 0.089416 0.000105473 -0.000195262 -0.000117628 0.000105473 0.00977829 -0.0180534 0.000100682 -0.000195262 -0.0180534 0.0894672 
0.00997892 -0.0181807 -0.000118962 9.73173e-05 -0.0181807 0.0893555 0.000103312 -0.00016676 -0.000118962 0.000103312 0.00977497 -0.0180602 9.73173e-05 -0.00016676 -0.0180602 0.0894727 
0.00994775 -0.0181789 -0.000113085 0.000103663 -0.0181789 0.089337 0.000109275 -0.000175851 -0.000113085 0.000109275 0.00980114 -0.0180548 0.000103663 -0.000175851 -0.0180548 0.0894654 
0.00993343 -0.0181781 -0.000113735 9.4498e-05 -0.0181781 0.0894478 9.88323e-05 -0.000163014 -0.000113735 9.88323e-05 0.00983422 -0.0181168 9.4498e-05 -0.000163014 -0.0181168 0.0896638 
0.0099431 -0.018164 -0.000119993 0.000100848 -0.018164 0.089495 0.0001011 -0.000165301 -0.000119993 0.0001011 0.00985983 -0.0181708 0.000100848 -0.000165301 -0.0181708 0.0898765 
0.0099673 -0.0181147 -0.000129427 0.000109183 -0.0181147 0.0892445 0.000113745 -0.000190377 -0.000129427 0.000113745 0.00982246 -0.0181505 0.000109183 -0.000190377 -0.0181505 0.0897512 
0.0100002 -0.0181451 -0.000126672 0.000121633 -0.0181451 0.0892012 0.000131213 -0.000230642 -0.000126672 0.000131213 0.0098026 -0.0181212 0.000121633 -0.000230642 -0.0181212 0.089682 
0.0100346 -0.0182487 -0.000104638 0.000113345 -0.0182487 0.0895351 0.000124766 -0.000232359 -0.000104638 0.000124766 0.00982521 -0.0181419 0.000113345 -0.000232359 -0.0181419 0.0898406 
0.0100462 -0.01834 -8.4514e-05 8.80168e-05 -0.01834 0.0899981 9.69467e-05 -0.000189761 -8.4514e-05 9.69467e-05 0.00988456 -0.0182312 8.80168e-05 -0.000189761 -0.0182312 0.0902421 
0.0100036 -0.0182601 -5.0838e-05 6.06296e-05 -0.0182601 0.0897534 6.05768e-05 -0.000108772 -5.0838e-05 6.05768e-05 0.00987433 -0.0182058 6.06296e-05 -0.000108772 -0.0182058 0.0900666 
0.00999909 -0.0181868 -5.96201e-05 2.66038e-05 -0.0181868 0.0894615 1.90672e-05 -2.10432e-05 -5.96201e-05 1.90672e-05 0.00983903 -0.0181845 2.66038e-05 -2.10432e-05 -0.0181845 0.0899159 
0.00998349 -0.0181858 -5.33154e-05 3.77196e-05 -0.0181858 0.089358 3.08175e-05 -2.2566e-06 -5.33154e-05 3.08175e-05 0.00983091 -0.018156 3.77196e-05 -2.2566e-06 -0.018156 0.0898406 
0.00998624 -0.0181842 -5.86286e-05 3.30465e-05 -0.0181842 0.0893628 2.74151e-05 -2.50709e-06 -5.86286e-05 2.74151e-05 0.00980601 -0.0181503 3.30465e-05 -2.50709e-06 -0.0181503 0.0898201 
0.0100159 -0.0181784 -7.5362e-05 3.88229e-05 -0.0181784 0.0893095 2.91217e-05 -3.66648e-06 -7.5362e-05 2.91217e-05 0.00974892 -0.0180991 3.88229e-05 -3.66648e-06 -0.0180991 0.0896759 
0.0100288 -0.0182466 -9.11499e-05 6.04802e-05 -0.0182466 0.0894957 5.07892e-05 -4.05052e-05 -9.11499e-05 5.07892e-05 0.00974115 -0.018052 6.04802e-05 -4.05052e-05 -0.018052 0.089626 
0.00998225 -0.0181808 -0.000100115 8.09962e-05 -0.0181808 0.0892146 7.79169e-05 -0.000102275 -0.000100115 7.79169e-05 0.00971548 -0.0179615 8.09962e-05 -0.000102275 -0.0179615 0.0891885 
0.00996823 -0.0181612 -0.000121165 8.83844e-05 -0.0181612 0.0891754 9.20273e-05 -0.000143757 -0.000121165 9.20273e-05 0.00971943 -0.0179697 8.83844e-05 -0.000143757 -0.0179697 0.0891468 
0.0099466 -0.0181688 -0.000124181 0.000112276 -0.0181688 0.0892509 0.000122089 -0.000200064 -0.000124181 0.000122089 0.00974657 -0.018 0.000112276 -0.000200064 -0.018 0.0892671 
0.00987772 -0.0180598 -0.00011097 0.000118445 -0.0180598 0.0888494 0.000131285 -0.000243501 -0.00011097 0.000131285 0.00973111 -0.0179569 0.000118445 -0.000243501 -0.0179569 0.0889933 
0.00982748 -0.0179525 -0.000109455 0.000103215 -0.0179525 0.0884153 0.000117973 -0.000238865 -0.000109455 0.000117973 0.00969775 -0.0179036 0.000103215 -0.000238865 -0.0179036 0.0886856 
0.00984869 -0.0180038 -0.000112108 0.000101614 -0.0180038 0.0886581 0.000114347 -0.000227454 -0.000112108 0.000114347 0.0097336 -0.0179526 0.000101614 -0.000227454 -0.0179526 0.0889463 
0.00985703 -0.0180078 -0.000105357 0.00010935 -0.0180078 0.088725 0.000115869 -0.000232917 -0.000105357 0.000115869 0.0097488 -0.0179889 0.00010935 -0.000232917 -0.0179889 0.0890732 
0.00987703 -0.0180262 -9.33659e-05 0.000107645 -0.0180262 0.0888033 0.00010771 -0.000234386 -9.33659e-05 0.00010771 0.00975543 -0.0180054 0.000107645 -0.000234386 -0.0180054 0.0891608 
0.00988266 -0.0180133 -8.90222e-05 8.48659e-05 -0.0180133 0.0886905 8.15846e-05 -0.000183606 -8.90222e-05 8.15846e-05 0.00973089 -0.0179736 8.48659e-05 -0.000183606 -0.0179736 0.0890184 
0.00988682 -0.0180135 -8.56643e-05 7.58337e-05 -0.0180135 0.0886241 6.80517e-05 -0.000135137 -8.56643e-05 6.80517e-05 0.00970397 -0.0179432 7.58337e-05 -0.000135137 -0.0179432 0.088898 
0.00990592 -0.0180042 -7.72e-05 7.74267e-05 -0.0180042 0.0885252 6.96329e-05 -0.000127422 -7.72e-05 6.96329e-05 0.00966497 -0.0178955 7.74267e-05 -0.000127422 -0.0178955 0.0887151 
0.00991505 -0.0180529 -5.49025e-05 6.55483e-05 -0.0180529 0.0886343 6.44411e-05 -0.000116127 -5.49025e-05 6.44411e-05 0.00966328 -0.0178727 6.55483e-05 -0.000116127 -0.0178727 0.088681 
0.00994288 -0.0181008 -3.18233e-05 3.75745e-05 -0.0181008 0.0888633 4.45661e-05 -7.74471e-05 -3.18233e-05 4.45661e-05 0.00968016 -0.0178964 3.75745e-05 -7.74471e-05 -0.0178964 0.0887926 
0.00997741 -0.0181467 -3.05505e-05 4.54165e-06 -0.0181467 0.0890644 1.59831e-05 -8.91606e-06 -3.05505e-05 1.59831e-05 0.00968375 -0.0179243 4.54165e-06 -8.91606e-06 -0.0179243 0.0889224 
0.00998228 -0.0181696 -2.29918e-05 3.22453e-07 -0.0181696 0.0891099 1.19362e-05 2.88047e-05 -2.29918e-05 1.19362e-05 0.00968017 -0.0178969 3.22453e-07 2.88047e-05 -0.0178969 0.088845 
0.00994423 -0.0181867 -3.25482e-05 1.86956e-06 -0.0181867 0.089197 8.32704e-06 2.88353e-05 -3.25482e-05 8.32704e-06 0.00972251 -0.0179043 1.86956e-06 2.88353e-05 -0.0179043 0.0888609 
0.00993808 -0.0181444 -6.37017e-05 1.28075e-05 -0.0181444 0.089193 1.27103e-05 2.28731e-05 -6.37017e-05 1.27103e-05 0.00974118 -0.0179725 1.28075e-05 2.28731e-05 -0.0179725 0.0890146 
0.00992341 -0.0181134 -8.91108e-05 5.44423e-05 -0.0181134 0.08907 4.80573e-05 -4.34007e-05 -8.91108e-05 4.80573e-05 0.0097425 -0.0179871 5.44423e-05 -4.34007e-05 -0.0179871 0.089074 
0.00991312 -0.0181175 -9.69822e-05 9.00023e-05 -0.0181175 0.0891039 8.09475e-05 -0.000131726 -9.69822e-05 8.09475e-05 0.00976766 -0.0180081 9.00023e-05 -0.000131726 -0.0180081 0.0891968 
0.00986796 -0.0180362 -0.000103449 9.57853e-05 -0.0180362 0.0887776 9.02323e-05 -0.000175998 -0.000103449 9.02323e-05 0.00976572 -0.0179814 9.57853e-05 -0.000175998 -0.0179814 0.0889994 
0.00985737 -0.0180122 -8.59291e-05 0.000109706 -0.0180122 0.0887175 0.000104114 -0.000216347 -8.59291e-05 0.000104114 0.00979918 -0.0180302 0.000109706 -0.000216347 -0.0180302 0.0891362 
0.00991179 -0.0180607 -9.83277e-05 8.42107e-05 -0.0180607 0.0889735 8.11461e-05 -0.00019219 -9.83277e-05 8.11461e-05 0.00982336 -0.0181336 8.42107e-05 -0.00019219 -0.0181336 0.0895667 
0.00998501 -0.0181719 -0.000111386 9.3572e-05 -0.0181719 0.0894199 9.50259e-05 -0.000189302 -0.000111386 9.50259e-05 0.00984393 -0.0182102 9.3572e-05 -0.000189302 -0.0182102 0.0900341 
0.0100216 -0.0182438 -9.96421e-05 0.000106145 -0.0182438 0.0896711 0.000114769 -0.000220047 -9.96421e-05 0.000114769 0.00984283 -0.0182053 0.000106145 -0.000220047 -0.0182053 0.090143 
0.0100764 -0.0183073 -0.000104158 9.30221e-05 -0.0183073 0.0899398 0.000104235 -0.00021813 -0.000104158 0.000104235 0.00984791 -0.0182124 9.30221e-05 -0.00021813 -0.0182124 0.0902425 
0.00968674 -0.017632 -0.000118086 8.7817e-05 -0.017632 0.0865077 9.38004e-05 -0.00018654 -0.000118086 9.38004e-05 0.00944667 -0.017466 8.7817e-05 -0.00018654 -0.017466 0.0865961 
0.00973686 -0.0176752 -0.000129474 0.000113838 -0.0176752 0.086744 0.000113921 -0.000215072 -0.000129474 0.000113921 0.00943866 -0.0174869 0.000113838 -0.000215072 -0.0174869 0.086716 
0.00969638 -0.017654 -0.000137524 0.000129089 -0.017654 0.0865352 0.000124662 -0.000252556 -0.000137524 0.000124662 0.00941129 -0.0173894 0.000129089 -0.000252556 -0.0173894 0.0863459 
0.0100833 -0.0183674 -0.000135502 0.000146341 -0.0183674 0.0901006 0.000136604 -0.000290341 -0.000135502 0.000136604 0.00980958 -0.0181007 0.000146341 -0.000290341 -0.0181007 0.0898304 
0.0100796 -0.0182833 -0.000126776 0.000138089 -0.0182833 0.0897491 0.000127854 -0.000287775 -0.000126776 0.000127854 0.00976472 -0.0180651 0.000138089 -0.000287775 -0.0180651 0.0895645 
0.0100345 -0.0182577 -0.000111053 0.000123148 -0.0182577 0.0894721 0.000120088 -0.000265544 -0.000111053 0.000120088 0.00974783 -0.0179919 0.000123148 -0.000265544 -0.0179919 0.0892654 
0.00997796 -0.0182243 -7.57321e-05 0.00010042 -0.0182243 0.0893608 0.000104361 -0.000226036 -7.57321e-05 0.000104361 0.0097663 -0.0179842 0.00010042 -0.000226036 -0.0179842 0.0891594 
0.0100117 -0.018276 -4.6053e-05 5.89331e-05 -0.018276 0.0897678 6.53464e-05 -0.000150314 -4.6053e-05 6.53464e-05 0.00982275 -0.0181131 5.89331e-05 -0.000150314 -0.0181131 0.0896804 
0.00962957 -0.0175864 -3.45775e-05 2.07029e-05 -0.0175864 0.0864342 2.95052e-05 -5.89342e-05 -3.45775e-05 2.95052e-05 0.00946259 -0.0174682 2.07029e-05 -5.89342e-05 -0.0174682 0.0864804 
0.00964582 -0.0175706 -5.37343e-05 9.26653e-06 -0.0175706 0.0864272 1.77272e-05 -6.77789e-06 -5.37343e-05 1.77272e-05 0.00945287 -0.0174876 9.26653e-06 -6.77789e-06 -0.0174876 0.0865941 
0.00964094 -0.0175325 -4.53484e-05 3.17019e-05 -0.0175325 0.0861883 3.46053e-05 -1.47975e-05 -4.53484e-05 3.46053e-05 0.00941344 -0.0174252 3.17019e-05 -1.47975e-05 -0.0174252 0.0863737 
0.00964069 -0.017526 -3.44147e-05 2.77168e-05 -0.017526 0.0860796 2.45e-05 -1.68523e-05 -3.44147e-05 2.45e-05 0.00939658 -0.0173826 2.77168e-05 -1.68523e-05 -0.0173826 0.0862178 
0.00969081 -0.0175695 -5.74558e-05 1.5069e-05 -0.0175695 0.0862508 1.10718e-05 8.06546e-06 -5.74558e-05 1.10718e-05 0.00938657 -0.0174108 1.5069e-05 8.06546e-06 -0.0174108 0.0863489 
0.00971601 -0.017631 -6.5872e-05 3.90361e-05 -0.017631 0.086412 3.27565e-05 -8.23037e-06 -6.5872e-05 3.27565e-05 0.00937081 -0.0173881 3.90361e-05 -8.23037e-06 -0.0173881 0.0863559 
0.00971168 -0.0176239 -7.5264e-05 5.13385e-05 -0.0176239 0.0863347 3.92787e-05 -3.53895e-05 -7.5264e-05 3.92787e-05 0.0093443 -0.0173179 5.13385e-05 -3.53895e-05 -0.0173179 0.0860876 
0.00971972 -0.0176659 -9.76078e-05 6.46733e-05 -0.0176659 0.086529 5.09508e-05 -6.40535e-05 -9.76078e-05 5.09508e-05 0.00935422 -0.0173409 6.46733e-05 -6.40535e-05 -0.0173409 0.086187 
0.010109 -0.0184029 -0.000107769 9.52403e-05 -0.0184029 0.0901835 7.93316e-05 -0.000117524 -0.000107769 7.93316e-05 0.00977503 -0.0180613 9.52403e-05 -0.000117524 -0.0180613 0.0897818 
0.0100533 -0.0183251 -0.000113346 0.000105789 -0.0183251 0.0898972 9.03955e-05 -0.000160306 -0.000113346 9.03955e-05 0.00977782 -0.0180487 0.000105789 -0.000160306 -0.0180487 0.0895901 
0.0100107 -0.0181791 -0.000135925 0.000109737 -0.0181791 0.0892837 0.000100589 -0.000185879 -0.000135925 0.000100589 0.00972771 -0.0179865 0.000109737 -0.000185879 -0.0179865 0.0891682 
0.0100431 -0.018224 -0.000135454 0.000133991 -0.018224 0.0893876 0.000130522 -0.000237644 -0.000135454 0.000130522 0.00973283 -0.0180122 0.000133991 -0.000237644 -0.0180122 0.0893145 
0.0100763 -0.0183065 -0.000124075 0.000130853 -0.0183065 0.0897092 0.000136789 -0.000268219 -0.000124075 0.000136789 0.00977466 -0.0180616 0.000130853 -0.000268219 -0.0180616 0.0895845 
0.0100704 -0.0183361 -0.000118944 0.000108961 -0.0183361 0.0898603 0.000125279 -0.000246176 -0.000118944 0.000125279 0.00980402 -0.0180999 0.000108961 -0.000246176 -0.0180999 0.0897217 
0.00963984 -0.0176163 -0.000120625 9.84726e-05 -0.0176163 0.0864185 0.000120603 -0.000223131 -0.000120625 0.000120603 0.00945081 -0.0174339 9.84726e-05 -0.000223131 -0.0174339 0.0863596 
0.00960005 -0.017594 -0.000122362 0.000107186 -0.017594 0.0865006 0.000130706 -0.000236223 -0.000122362 0.000130706 0.00951441 -0.0175006 0.000107186 -0.000236223 -0.0175006 0.0866277 
0.00959147 -0.0175045 -0.000129602 0.000110777 -0.0175045 0.086282 0.000127542 -0.000241555 -0.000129602 0.000127542 0.00951775 -0.0175496 0.000110777 -0.000241555 -0.0175496 0.0867233 
0.0100249 -0.0182265 -0.000132311 0.000132103 -0.0182265 0.0897887 0.000142218 -0.000280024 -0.000132311 0.000142218 0.00989371 -0.0182919 0.000132103 -0.000280024 -0.0182919 0.0904293 
0.0100205 -0.0182149 -0.000116242 0.000128376 -0.0182149 0.0895567 0.000130608 -0.000278843 -0.000116242 0.000130608 0.00984398 -0.0181989 0.000128376 -0.000278843 -0.0181989 0.0901034 
0.0100576 -0.0182867 -9.22391e-05 0.000109487 -0.0182867 0.0898094 0.000108414 -0.000242481 -9.22391e-05 0.000108414 0.0098395 -0.0181968 0.000109487 -0.000242481 -0.0181968 0.0901621 
0.0101173 -0.0183485 -8.65045e-05 8.12672e-05 -0.0183485 0.0900599 8.10061e-05 -0.00018202 -8.65045e-05 8.10061e-05 0.00981778 -0.0181988 8.12672e-05 -0.00018202 -0.0181988 0.0902271 
0.0101217 -0.0183756 -8.70342e-05 7.09152e-05 -0.0183756 0.0900431 7.02128e-05 -0.000136818 -8.70342e-05 7.02128e-05 0.00977848 -0.0181141 7.09152e-05 -0.000136818 -0.0181141 0.0899491 
0.0100531 -0.0183214 -9.46712e-05 7.52838e-05 -0.0183214 0.0897328 7.39469e-05 -0.000132427 -9.46712e-05 7.39469e-05 0.00975959 -0.0179911 7.52838e-05 -0.000132427 -0.0179911 0.0893908 
0.00999919 -0.0182758 -9.07907e-05 8.41505e-05 -0.0182758 0.089641 8.13849e-05 -0.000143719 -9.07907e-05 8.13849e-05 0.00978892 -0.0180096 8.41505e-05 -0.000143719 -0.0180096 0.0893057 
0.00993662 -0.0181489 -7.44637e-05 7.93262e-05 -0.0181489 0.0892003 8.09067e-05 -0.000148538 -7.44637e-05 8.09067e-05 0.00977989 -0.0180046 7.93262e-05 -0.000148538 -0.0180046 0.0891081 
0.00991127 -0.0181263 -5.50619e-05 5.83528e-05 -0.0181263 0.0891592 6.42152e-05 -0.00012041 -5.50619e-05 6.42152e-05 0.00980514 -0.0180671 5.83528e-05 -0.00012041 -0.0180671 0.089343 
0.00987722 -0.0180916 -5.31763e-05 4.32485e-05 -0.0180916 0.089091 4.61049e-05 -8.87913e-05 -5.31763e-05 4.61049e-05 0.00983265 -0.0181048 4.32485e-05 -8.87913e-05 -0.0181048 0.089508 
0.00986388 -0.0180935 -6.74348e-05 4.48977e-05 -0.0180935 0.0892189 4.03146e-05 -7.36096e-05 -6.74348e-05 4.03146e-05 0.0098751 -0.0181785 4.48977e-05 -7.36096e-05 -0.0181785 0.089834 
0.00984963 -0.0180565 -7.98548e-05 6.59889e-05 -0.0180565 0.0891568 5.78035e-05 -0.000102468 -7.98548e-05 5.78035e-05 0.00987941 -0.0182041 6.59889e-05 -0.000102468 -0.0182041 0.0899389 
0.00981308 -0.0179599 -8.63019e-05 9.01296e-05 -0.0179599 0.0887349 8.09579e-05 -0.000168189 -8.63019e-05 8.09579e-05 0.00984186 -0.0181384 9.01296e-05 -0.000168189 -0.0181384 0.0896398 
0.009795 -0.0178597 -8.92672e-05 9.64584e-05 -0.0178597 0.0882229 9.2403e-05 -0.000209937 -8.92672e-05 9.2403e-05 0.00977937 -0.0180455 9.64584e-05 -0.000209937 -0.0180455 0.0891893 
0.00980485 -0.0178439 -8.31906e-05 9.05889e-05 -0.0178439 0.0879781 9.68459e-05 -0.000220053 -8.31906e-05 9.68459e-05 0.00972448 -0.0179634 9.05889e-05 -0.000220053 -0.0179634 0.0888468 
0.0097765 -0.0178612 -6.99364e-05 7.71164e-05 -0.0178612 0.0878872 8.92684e-05 -0.000201901 -6.99364e-05 8.92684e-05 0.00970388 -0.0178784 7.71164e-05 -0.000201901 -0.0178784 0.0885166 
0.00975002 -0.0178106 -6.40856e-05 6.55311e-05 -0.0178106 0.0876825 7.97347e-05 -0.00018177 -6.40856e-05 7.97347e-05 0.00966452 -0.0178151 6.55311e-05 -0.00018177 -0.0178151 0.0881536 
0.0097316 -0.0177727 -5.89663e-05 6.03239e-05 -0.0177727 0.0874987 6.93839e-05 -0.000161396 -5.89663e-05 6.93839e-05 0.00963203 -0.017766 6.03239e-05 -0.000161396 -0.017766 0.0879059 
0.00973349 -0.0178065 -5.67367e-05 5.57036e-05 -0.0178065 0.0876457 5.84606e-05 -0.000139901 -5.67367e-05 5.84606e-05 0.00964158 -0.0177788 5.57036e-05 -0.000139901 -0.0177788 0.0879918 
0.0097826 -0.0178758 -4.60339e-05 5.29489e-05 -0.0178758 0.0880412 5.5036e-05 -0.000125289 -4.60339e-05 5.5036e-05 0.00967313 -0.0178559 5.29489e-05 -0.000125289 -0.0178559 0.0883671 
0.00979679 -0.0178817 -2.69027e-05 3.32565e-05 -0.0178817 0.0880379 3.91773e-05 -8.72707e-05 -2.69027e-05 3.91773e-05 0.00966622 -0.0178337 3.32565e-05 -8.72707e-05 -0.0178337 0.0883079 
0.00980951 -0.0179022 -1.04737e-05 9.40181e-06 -0.0179022 0.0880764 1.47594e-05 -3.27849e-05 -1.04737e-05 1.47594e-05 0.00966673 -0.0178254 9.40181e-06 -3.27849e-05 -0.0178254 0.0882715 
0.00979726 -0.0179211 -2.59118e-05 -2.8492e-06 -0.0179211 0.0881482 -2.61171e-06 6.1171e-06 -2.59118e-05 -2.61171e-06 0.00968081 -0.0178437 -2.8492e-06 6.1171e-06 -0.0178437 0.0883282 
0.00980143 -0.0179354 -4.51663e-05 2.26283e-05 -0.0179354 0.0882927 1.65871e-05 -1.854e-05 -4.51663e-05 1.65871e-05 0.0096947 -0.0178873 2.26283e-05 -1.854e-05 -0.0178873 0.0885132 
0.0097724 -0.0179116 -6.41519e-05 5.59277e-05 -0.0179116 0.0882425 4.65234e-05 -9.61348e-05 -6.41519e-05 4.65234e-05 0.00969456 -0.0178917 5.59277e-05 -9.61348e-05 -0.0178917 0.0885506 
0.00974103 -0.017874 -6.11522e-05 7.99288e-05 -0.017874 0.0881539 7.24844e-05 -0.000170604 -6.11522e-05 7.24844e-05 0.00971148 -0.0178815 7.99288e-05 -0.000170604 -0.0178815 0.0885283 
