0.00708107 0 -5.02351e-06 0 0 0.0102866 0 0 -5.02351e-06 0 0.00746433 0 0 0 0 0.0102866 
0.00976385 -0.0121297 1.61524e-06 -9.04774e-07 -0.0121297 0.0323891 -9.04774e-07 7.50087e-07 1.61524e-06 -9.04774e-07 0.0101714 -0.0126169 -9.04774e-07 7.50087e-07 -0.0126169 0.0333224 
0.0100899 -0.0189644 -2.8826e-05 1.79066e-05 -0.0189644 0.0700189 1.79066e-05 -6.6248e-05 -2.8826e-05 1.79066e-05 0.010397 -0.0192081 1.79066e-05 -6.6248e-05 -0.0192081 0.0706782 
0.0090408 -0.0178359 -2.86132e-05 2.77495e-05 -0.0178359 0.08038 3.34432e-05 -5.01604e-05 -2.86132e-05 3.34432e-05 0.00935496 -0.0177581 2.77495e-05 -5.01604e-05 -0.0177581 0.0792435 
0.00921997 -0.0177541 -2.54739e-05 2.03877e-05 -0.0177541 0.0865777 3.4801e-05 1.30613e-05 -2.54739e-05 3.4801e-05 0.0097261 -0.0177969 2.03877e-05 1.30613e-05 -0.0177969 0.085015 
0.00940226 -0.0177534 1.56574e-06 1.43256e-05 -0.0177534 0.0885261 3.62175e-05 2.21051e-05 1.56574e-06 3.62175e-05 0.0100599 -0.0181071 1.43256e-05 2.21051e-05 -0.0181071 0.0877458 
0.00912482 -0.0170511 3.41614e-05 -1.28773e-05 -0.0170511 0.0853667 6.93442e-06 3.95761e-05 3.41614e-05 6.93442e-06 0.00977979 -0.0176236 -1.28773e-05 3.95761e-05 -0.0176236 0.0855708 
0.0093741 -0.0174584 3.70137e-05 -4.85475e-05 -0.0174584 0.0873097 -3.43017e-05 0.000101283 3.70137e-05 -3.43017e-05 0.0100161 -0.0180816 -4.85475e-05 0.000101283 -0.0180816 0.0880399 
0.00921516 -0.0171306 2.88941e-05 -5.42708e-05 -0.0171306 0.0855309 -4.91086e-05 0.000152714 2.88941e-05 -4.91086e-05 0.00980309 -0.0176851 -5.42708e-05 0.000152714 -0.0176851 0.0863134 
0.00955738 -0.0177351 3.38668e-05 -4.68939e-05 -0.0177351 0.088394 -4.96449e-05 0.000173035 3.38668e-05 -4.96449e-05 0.0101074 -0.018234 -4.68939e-05 0.000173035 -0.018234 0.0890616 
0.00951009 -0.017617 4.19624e-05 -4.36853e-05 -0.017617 0.0876378 -5.20227e-05 0.000165147 4.19624e-05 -5.20227e-05 0.00996875 -0.0180261 -4.36853e-05 0.000165147 -0.0180261 0.0880763 
0.009473 -0.017588 2.37107e-05 -5.03579e-05 -0.017588 0.0873263 -6.11217e-05 0.000171588 2.37107e-05 -6.11217e-05 0.00989606 -0.0178851 -5.03579e-05 0.000171588 -0.0178851 0.0874863 
0.00944031 -0.0175411 2.30881e-05 -2.94801e-05 -0.0175411 0.0871014 -4.11341e-05 0.000146089 2.30881e-05 -4.11341e-05 0.0098504 -0.0178031 -2.94801e-05 0.000146089 -0.0178031 0.0870966 
0.00941435 -0.0174754 2.44904e-05 -2.23563e-05 -0.0174754 0.0868017 -3.68247e-05 0.000114304 2.44904e-05 -3.68247e-05 0.00980098 -0.0177336 -2.23563e-05 0.000114304 -0.0177336 0.0867559 
0.00937201 -0.0174446 2.8852e-05 -2.3784e-05 -0.0174446 0.0866172 -3.74228e-05 0.000103923 2.8852e-05 -3.74228e-05 0.00978953 -0.0176829 -2.3784e-05 0.000103923 -0.0176829 0.0865447 
0.0093857 -0.0173938 2.41485e-05 -3.7146e-05 -0.0173938 0.0864709 -4.13167e-05 0.000117716 2.41485e-05 -4.13167e-05 0.00974845 -0.0176869 -3.7146e-05 0.000117716 -0.0176869 0.0864957 
0.0093777 -0.0173698 4.24554e-06 -3.53982e-05 -0.0173698 0.0862306 -3.10657e-05 0.000116099 4.24554e-06 -3.10657e-05 0.00970273 -0.0176056 -3.53982e-05 0.000116099 -0.0176056 0.0862362 
0.00936472 -0.0173896 -1.40187e-05 -1.06147e-05 -0.0173896 0.0862462 -3.74673e-06 7.2277e-05 -1.40187e-05 -3.74673e-06 0.00970195 -0.0175701 -1.06147e-05 7.2277e-05 -0.0175701 0.0861284 
0.00977289 -0.0181589 -2.53322e-05 1.42989e-05 -0.0181589 0.0901105 1.87521e-05 1.51603e-05 -2.53322e-05 1.87521e-05 0.0101306 -0.0183523 1.42989e-05 1.51603e-05 -0.0183523 0.0899254 
0.00977478 -0.018139 -2.75311e-05 3.42812e-05 -0.018139 0.0900557 3.60247e-05 -4.58892e-05 -2.75311e-05 3.60247e-05 0.0100985 -0.0183433 3.42812e-05 -4.58892e-05 -0.0183433 0.0898772 
0.00977243 -0.0180909 -1.07169e-05 3.77678e-05 -0.0180909 0.0897873 3.95936e-05 -7.69521e-05 -1.07169e-05 3.95936e-05 0.0100255 -0.0182559 3.77678e-05 -7.69521e-05 -0.0182559 0.0895593 
0.00972457 -0.0180549 1.4785e-05 1.85962e-05 -0.0180549 0.089509 1.72691e-05 -5.48048e-05 1.4785e-05 1.72691e-05 0.0100051 -0.0181406 1.85962e-05 -5.48048e-05 -0.0181406 0.0891371 
0.00969542 -0.0180325 3.70906e-05 -1.73712e-05 -0.0180325 0.0894774 -2.36536e-05 2.68665e-05 3.70906e-05 -2.36536e-05 0.0100291 -0.0181582 -1.73712e-05 2.68665e-05 -0.0181582 0.0891098 
0.00964034 -0.01795 5.05801e-05 -5.30905e-05 -0.01795 0.0891855 -5.59243e-05 0.000124651 5.05801e-05 -5.59243e-05 0.0100395 -0.0181606 -5.30905e-05 0.000124651 -0.0181606 0.0890054 
0.00968012 -0.0179189 4.35454e-05 -7.36045e-05 -0.0179189 0.0891486 -6.7349e-05 0.000187897 4.35454e-05 -6.7349e-05 0.0100192 -0.0182359 -7.36045e-05 0.000187897 -0.0182359 0.0892556 
0.00973219 -0.0180034 4.3134e-05 -7.225e-05 -0.0180034 0.0893901 -5.99288e-05 0.000210351 4.3134e-05 -5.99288e-05 0.0100141 -0.01825 -7.225e-05 0.000210351 -0.01825 0.0895158 
0.00973609 -0.0180635 4.57472e-05 -6.55847e-05 -0.0180635 0.0895742 -5.30528e-05 0.000194991 4.57472e-05 -5.30528e-05 0.0100251 -0.0182195 -6.55847e-05 0.000194991 -0.0182195 0.0895112 
0.00975161 -0.0181204 3.62104e-05 -6.59644e-05 -0.0181204 0.0899133 -5.88904e-05 0.000190576 3.62104e-05 -5.88904e-05 0.01006 -0.0182723 -6.59644e-05 0.000190576 -0.0182723 0.0897414 
0.00974515 -0.0180919 2.53354e-05 -5.71076e-05 -0.0180919 0.0898639 -5.76061e-05 0.000190843 2.53354e-05 -5.76061e-05 0.0100671 -0.018275 -5.71076e-05 0.000190843 -0.018275 0.0897211 
0.00976685 -0.0181162 2.23297e-05 -3.23196e-05 -0.0181162 0.0899821 -4.00965e-05 0.000146637 2.23297e-05 -4.00965e-05 0.0100761 -0.018309 -3.23196e-05 0.000146637 -0.018309 0.0898629 
0.00977888 -0.0181613 1.97165e-05 -1.75571e-05 -0.0181613 0.0901824 -2.87551e-05 9.18158e-05 1.97165e-05 -2.87551e-05 0.0101029 -0.0183439 -1.75571e-05 9.18158e-05 -0.0183439 0.0900602 
0.00974165 -0.018113 3.22594e-06 -1.2419e-05 -0.018113 0.089985 -2.74274e-05 6.5239e-05 3.22594e-06 -2.74274e-05 0.0101003 -0.0183098 -1.2419e-05 6.5239e-05 -0.0183098 0.0898772 
0.00968017 -0.018022 -3.22452e-06 8.00209e-06 -0.018022 0.0896098 -7.16527e-06 2.29101e-05 -3.22452e-06 -7.16527e-06 0.0100938 -0.0182692 8.00209e-06 2.29101e-05 -0.0182692 0.0896022 
0.0096116 -0.0179426 6.56093e-06 1.0634e-05 -0.0179426 0.0893091 -1.97848e-06 2.29003e-06 6.56093e-06 -1.97848e-06 0.0101237 -0.0182666 1.0634e-05 2.29003e-06 -0.0182666 0.0894801 
0.0095778 -0.017928 2.56348e-05 -6.96263e-06 -0.017928 0.0893815 -1.50843e-05 2.18075e-05 2.56348e-05 -1.50843e-05 0.0102058 -0.0183717 -6.96263e-06 2.18075e-05 -0.0183717 0.0898142 
0.00962424 -0.0178734 2.98981e-05 -3.63111e-05 -0.0178734 0.0892777 -3.8903e-05 7.87649e-05 2.98981e-05 -3.8903e-05 0.0101849 -0.0184537 -3.63111e-05 7.87649e-05 -0.0184537 0.0900351 
0.00967332 -0.0179652 1.78069e-05 -4.27171e-05 -0.0179652 0.0895058 -4.17021e-05 0.000110933 1.78069e-05 -4.17021e-05 0.0101918 -0.0184743 -4.27171e-05 0.000110933 -0.0184743 0.0903042 
0.00931239 -0.01733 2.58343e-05 -2.22786e-05 -0.01733 0.0862547 -2.13926e-05 8.28649e-05 2.58343e-05 -2.13926e-05 0.00980251 -0.0177642 -2.22786e-05 8.28649e-05 -0.0177642 0.0869077 
0.00934155 -0.0174 4.79421e-05 -2.91478e-05 -0.0174 0.0866272 -2.95492e-05 7.38768e-05 4.79421e-05 -2.95492e-05 0.00983837 -0.0178092 -2.91478e-05 7.38768e-05 -0.0178092 0.0871703 
0.00937798 -0.0174068 6.49009e-05 -6.05231e-05 -0.0174068 0.0867079 -6.38234e-05 0.000131054 6.49009e-05 -6.38234e-05 0.00983857 -0.0178251 -6.05231e-05 0.000131054 -0.0178251 0.0872258 
0.00937272 -0.0174273 5.36888e-05 -8.06923e-05 -0.0174273 0.0866838 -8.41136e-05 0.000190418 5.36888e-05 -8.41136e-05 0.00984526 -0.0177886 -8.06923e-05 0.000190418 -0.0177886 0.0870921 
0.00939865 -0.017434 4.20974e-05 -7.19372e-05 -0.017434 0.0867151 -7.11334e-05 0.000203025 4.20974e-05 -7.11334e-05 0.00982556 -0.0177967 -7.19372e-05 0.000203025 -0.0177967 0.0870527 
0.00939057 -0.0174658 2.23275e-05 -5.90359e-05 -0.0174658 0.0867716 -5.17407e-05 0.000174163 2.23275e-05 -5.17407e-05 0.00983244 -0.0177736 -5.90359e-05 0.000174163 -0.0177736 0.0870015 
0.00936962 -0.0174722 1.39395e-07 -3.43336e-05 -0.0174722 0.0868578 -2.28403e-05 0.000116957 1.39395e-07 -2.28403e-05 0.00987412 -0.0177959 -3.43336e-05 0.000116957 -0.0177959 0.0870534 
0.00936535 -0.0174375 -1.27346e-05 -2.79621e-06 -0.0174375 0.0867931 9.43137e-06 3.75034e-05 -1.27346e-05 9.43137e-06 0.00988097 -0.0178282 -2.79621e-06 3.75034e-05 -0.0178282 0.0870759 
0.00940814 -0.0174464 -5.78799e-06 1.20716e-05 -0.0174464 0.0868222 2.14853e-05 -1.35892e-05 -5.78799e-06 2.14853e-05 0.00983725 -0.0178514 1.20716e-05 -1.35892e-05 -0.0178514 0.0871756 
0.00940818 -0.0174819 -3.75348e-07 4.53323e-08 -0.0174819 0.0868341 9.39392e-06 -1.0005e-05 -3.75348e-07 9.39392e-06 0.00980914 -0.0177753 4.53323e-08 -1.0005e-05 -0.0177753 0.0870266 
0.00938012 -0.0174361 9.422e-06 -1.0817e-05 -0.0174361 0.0866247 -1.84739e-06 2.09618e-05 9.422e-06 -1.84739e-06 0.00978039 -0.0176985 -1.0817e-05 2.09618e-05 -0.0176985 0.0866818 
0.00975908 -0.0181455 -1.63856e-06 -1.00869e-05 -0.0181455 0.090169 -5.80028e-06 2.37004e-05 -1.63856e-06 -5.80028e-06 0.0101923 -0.0184203 -1.00869e-05 2.37004e-05 -0.0184203 0.0901869 
0.00972494 -0.0181081 -8.8076e-06 9.17345e-06 -0.0181081 0.0900019 2.66096e-06 2.28566e-06 -8.8076e-06 2.66096e-06 0.0101998 -0.0184106 9.17345e-06 2.28566e-06 -0.0184106 0.0900698 
0.00968433 -0.0180876 -9.88441e-07 2.42257e-05 -0.0180876 0.0899603 8.10878e-06 -2.83757e-05 -9.88441e-07 8.10878e-06 0.0102462 -0.0184441 2.42257e-05 -2.83757e-05 -0.0184441 0.0901444 
0.00929214 -0.0173178 1.83007e-06 1.67997e-05 -0.0173178 0.0862746 -1.04766e-06 -3.07701e-05 1.83007e-06 -1.04766e-06 0.0098421 -0.0177654 1.67997e-05 -3.07701e-05 -0.0177654 0.0866705 
0.00931861 -0.0174024 2.55926e-06 8.18122e-06 -0.0174024 0.0866795 -8.69553e-06 -1.18085e-05 2.55926e-06 -8.69553e-06 0.00991006 -0.0178699 8.18122e-06 -1.18085e-05 -0.0178699 0.0872102 
0.00929276 -0.0173636 -1.72785e-06 -5.48156e-06 -0.0173636 0.0865538 -1.82488e-05 2.81256e-05 -1.72785e-06 -1.82488e-05 0.00990622 -0.0178597 -5.48156e-06 2.81256e-05 -0.0178597 0.0871444 
0.009283 -0.017334 -2.25776e-05 -3.29394e-06 -0.017334 0.0864678 -1.06842e-05 3.89116e-05 -2.25776e-05 -1.06842e-05 0.00989004 -0.0178598 -3.29394e-06 3.89116e-05 -0.0178598 0.0871286 
0.00929978 -0.017303 -3.22497e-05 2.54857e-05 -0.017303 0.0863319 2.10703e-05 -1.21396e-05 -3.22497e-05 2.10703e-05 0.00984703 -0.0178307 2.54857e-05 -1.21396e-05 -0.0178307 0.0870369 
0.00935488 -0.0173739 -1.83083e-05 4.85265e-05 -0.0173739 0.086573 4.52274e-05 -8.96014e-05 -1.83083e-05 4.52274e-05 0.00983912 -0.0178414 4.85265e-05 -8.96014e-05 -0.0178414 0.0872129 
0.0093837 -0.0173409 -5.03063e-06 3.40679e-05 -0.0173409 0.0862786 3.19278e-05 -0.000103339 -5.03063e-06 3.19278e-05 0.00974307 -0.0177123 3.40679e-05 -0.000103339 -0.0177123 0.0867092 
0.00979974 -0.0181159 -5.91376e-06 8.6959e-06 -0.0181159 0.0898537 1.38092e-05 -6.49397e-05 -5.91376e-06 1.38092e-05 0.0101016 -0.0183311 8.6959e-06 -6.49397e-05 -0.0183311 0.0899227 
0.00982726 -0.0182181 -7.11147e-06 -3.01356e-06 -0.0182181 0.0902398 9.22165e-06 -1.86718e-05 -7.11147e-06 9.22165e-06 0.0101244 -0.018346 -3.01356e-06 -1.86718e-05 -0.018346 0.0900032 
0.00985309 -0.0182429 -1.9879e-05 -3.45728e-06 -0.0182429 0.0904024 7.35454e-06 2.91342e-06 -1.9879e-05 7.35454e-06 0.0101039 -0.0183624 -3.45728e-06 2.91342e-06 -0.0183624 0.090037 
0.00981323 -0.0181609 -2.86585e-05 1.47168e-05 -0.0181609 0.0899744 2.15888e-05 -1.46076e-05 -2.86585e-05 2.15888e-05 0.0100354 -0.0182513 1.47168e-05 -1.46076e-05 -0.0182513 0.0895706 
0.00982106 -0.0181884 -1.89779e-05 3.04011e-05 -0.0181884 0.0900802 3.79629e-05 -5.63367e-05 -1.89779e-05 3.79629e-05 0.0100414 -0.0182484 3.04011e-05 -5.63367e-05 -0.0182484 0.0896186 
0.0098426 -0.0182099 -1.08596e-05 1.90337e-05 -0.0182099 0.0901885 2.64758e-05 -5.77564e-05 -1.08596e-05 2.64758e-05 0.0100343 -0.0182579 1.90337e-05 -5.77564e-05 -0.0182579 0.089675 
0.00977872 -0.0181766 -2.61003e-05 1.07303e-05 -0.0181766 0.0899663 1.88733e-05 -4.3894e-05 -2.61003e-05 1.88733e-05 0.0100319 -0.0181729 1.07303e-05 -4.3894e-05 -0.0181729 0.0893344 
0.00973915 -0.0181212 -2.07824e-05 2.41877e-05 -0.0181212 0.0898549 2.82073e-05 -4.57578e-05 -2.07824e-05 2.82073e-05 0.0100487 -0.0181889 2.41877e-05 -4.57578e-05 -0.0181889 0.0892697 
0.00969006 -0.0180929 -1.37135e-05 2.25848e-05 -0.0180929 0.0898331 2.04544e-05 -4.70923e-05 -1.37135e-05 2.04544e-05 0.0101094 -0.0182431 2.25848e-05 -4.70923e-05 -0.0182431 0.0894339 
0.00963522 -0.0180031 3.45361e-06 1.52063e-05 -0.0180031 0.0895932 1.0968e-05 -3.22692e-05 3.45361e-06 1.0968e-05 0.010142 -0.0182926 1.52063e-05 -3.22692e-05 -0.0182926 0.0894955 
0.00957586 -0.0178919 2.08501e-05 1.58655e-07 -0.0178919 0.0891754 -4.81666e-06 -8.24603e-06 2.08501e-05 -4.81666e-06 0.0101388 -0.0182983 1.58655e-07 -8.24603e-06 -0.0182983 0.0894088 
0.00964232 -0.0179161 2.05285e-05 -2.3674e-05 -0.0179161 0.0893877 -3.30688e-05 4.84328e-05 2.05285e-05 -3.30688e-05 0.0101439 -0.0184189 -2.3674e-05 4.84328e-05 -0.0184189 0.089935 
0.00970678 -0.0179777 1.01437e-05 -2.10891e-05 -0.0179777 0.0895212 -3.25676e-05 6.99975e-05 1.01437e-05 -3.25676e-05 0.0101201 -0.018402 -2.10891e-05 6.99975e-05 -0.018402 0.0900706 
0.0097761 -0.0180875 7.72997e-06 -9.68544e-06 -0.0180875 0.0898567 -2.03538e-05 5.619e-05 7.72997e-06 -2.03538e-05 0.0101021 -0.0183853 -9.68544e-06 5.619e-05 -0.0183853 0.0901539 
0.00978053 -0.0181687 -2.56494e-06 -5.74351e-06 -0.0181687 0.0901148 -1.48126e-05 3.56766e-05 -2.56494e-06 -1.48126e-05 0.0101195 -0.0183462 -5.74351e-06 3.56766e-05 -0.0183462 0.0900926 
0.00936007 -0.0173936 -1.59328e-05 1.63463e-06 -0.0173936 0.0863723 -4.79438e-06 1.91221e-05 -1.59328e-05 -4.79438e-06 0.00970051 -0.0175898 1.63463e-06 1.91221e-05 -0.0175898 0.0862785 
0.00977462 -0.0181126 -7.75094e-06 1.4755e-05 -0.0181126 0.0900152 1.27461e-05 -8.7729e-06 -7.75094e-06 1.27461e-05 0.010092 -0.0183579 1.4755e-05 -8.7729e-06 -0.0183579 0.0900057 
0.00970964 -0.0180184 -2.24665e-06 7.9851e-06 -0.0180184 0.0894876 1.5311e-05 -3.11371e-05 -2.24665e-06 1.5311e-05 0.0100447 -0.0182404 7.9851e-06 -3.11371e-05 -0.0182404 0.0895207 
0.00962315 -0.0179334 -4.07884e-06 -2.7167e-06 -0.0179334 0.0890798 1.063e-05 -2.31627e-05 -4.07884e-06 1.063e-05 0.0100395 -0.0181543 -2.7167e-06 -2.31627e-05 -0.0181543 0.0890907 
0.0096161 -0.0178544 -3.33511e-05 1.01653e-06 -0.0178544 0.0888512 1.10572e-05 -2.14498e-05 -3.33511e-05 1.10572e-05 0.0100057 -0.0181699 1.01653e-06 -2.14498e-05 -0.0181699 0.0889973 
0.00963883 -0.0178524 -5.77725e-05 4.53698e-05 -0.0178524 0.0887696 4.54446e-05 -8.68016e-05 -5.77725e-05 4.54446e-05 0.00995892 -0.0181421 4.53698e-05 -8.68016e-05 -0.0181421 0.0889535 
0.0096385 -0.0179129 -5.82468e-05 7.95708e-05 -0.0179129 0.0889354 7.19893e-05 -0.000167223 -5.82468e-05 7.19893e-05 0.00996568 -0.0181048 7.95708e-05 -0.000167223 -0.0181048 0.0889437 
0.00961992 -0.0178965 -6.81173e-05 7.65698e-05 -0.0178965 0.0889439 6.73594e-05 -0.000190964 -6.81173e-05 6.73594e-05 0.00997943 -0.018104 7.65698e-05 -0.000190964 -0.018104 0.0888969 
0.00963773 -0.01786 -7.05143e-05 9.05582e-05 -0.01786 0.0888549 8.11262e-05 -0.000217816 -7.05143e-05 8.11262e-05 0.00996453 -0.0181252 9.05582e-05 -0.000217816 -0.0181252 0.0889164 
0.00969502 -0.0179406 -5.10965e-05 9.55626e-05 -0.0179406 0.0891481 8.50882e-05 -0.000239074 -5.10965e-05 8.50882e-05 0.0099695 -0.0181786 9.55626e-05 -0.000239074 -0.0181786 0.0892414 
0.00970661 -0.0179703 -3.10597e-05 7.14699e-05 -0.0179703 0.089192 6.30712e-05 -0.000214182 -3.10597e-05 6.30712e-05 0.00995296 -0.018137 7.14699e-05 -0.000214182 -0.018137 0.0891668 
0.00969168 -0.0179758 -2.33709e-05 3.96783e-05 -0.0179758 0.0891701 3.61661e-05 -0.000148013 -2.33709e-05 3.61661e-05 0.00995258 -0.0180896 3.96783e-05 -0.000148013 -0.0180896 0.0889826 
0.00964752 -0.0179641 -1.88216e-05 1.97502e-05 -0.0179641 0.089131 2.22932e-05 -8.3253e-05 -1.88216e-05 2.22932e-05 0.00997229 -0.0180673 1.97502e-05 -8.3253e-05 -0.0180673 0.0888267 
0.00963419 -0.0179151 -1.11918e-05 1.47574e-05 -0.0179151 0.0890576 1.90419e-05 -5.36636e-05 -1.11918e-05 1.90419e-05 0.00997587 -0.0181045 1.47574e-05 -5.36636e-05 -0.0181045 0.0888526 
0.00961858 -0.0178925 -5.6331e-06 1.75853e-05 -0.0178925 0.0889785 1.44048e-05 -5.32603e-05 -5.6331e-06 1.44048e-05 0.00998034 -0.0181192 1.75853e-05 -5.32603e-05 -0.0181192 0.0889117 
0.00956824 -0.0178102 4.16369e-06 1.31887e-05 -0.0178102 0.0886077 1.93198e-06 -3.87847e-05 4.16369e-06 1.93198e-06 0.00994952 -0.0180577 1.31887e-05 -3.87847e-05 -0.0180577 0.0886183 
0.00951424 -0.0177291 3.75372e-06 6.66625e-06 -0.0177291 0.0882626 -6.90695e-06 -2.81332e-05 3.75372e-06 -6.90695e-06 0.00993874 -0.0180114 6.66625e-06 -2.81332e-05 -0.0180114 0.08837 
0.00947986 -0.0176661 -1.46644e-05 6.73916e-06 -0.0176661 0.0880311 -1.9084e-06 -2.96625e-05 -1.46644e-05 -1.9084e-06 0.00993835 -0.0180126 6.73916e-06 -2.96625e-05 -0.0180126 0.0882953 
0.00950189 -0.0176331 -2.50434e-05 2.27689e-05 -0.0176331 0.087924 1.99029e-05 -5.5294e-05 -2.50434e-05 1.99029e-05 0.00991468 -0.0180393 2.27689e-05 -5.5294e-05 -0.0180393 0.0883767 
0.00952524 -0.0176032 -2.4075e-05 3.60033e-05 -0.0176032 0.0876429 3.87203e-05 -9.88876e-05 -2.4075e-05 3.87203e-05 0.00983311 -0.0179569 3.60033e-05 -9.88876e-05 -0.0179569 0.088098 
0.00952094 -0.0176538 -2.4455e-05 3.36943e-05 -0.0176538 0.0876833 3.82316e-05 -0.000113266 -2.4455e-05 3.82316e-05 0.00982108 -0.0178865 3.36943e-05 -0.000113266 -0.0178865 0.0879421 
0.00956257 -0.0177236 -1.42738e-05 2.53376e-05 -0.0177236 0.0880618 3.41016e-05 -9.86455e-05 -1.42738e-05 3.41016e-05 0.00984604 -0.0179455 2.53376e-05 -9.86455e-05 -0.0179455 0.0882066 
0.00958384 -0.0177442 -2.25548e-05 1.26895e-05 -0.0177442 0.0881544 2.26836e-05 -7.33199e-05 -2.25548e-05 2.26836e-05 0.00984454 -0.0179505 1.26895e-05 -7.33199e-05 -0.0179505 0.0882595 
0.00958737 -0.0177781 -4.61482e-05 1.8955e-05 -0.0177781 0.0882866 2.97667e-05 -6.62469e-05 -4.61482e-05 2.97667e-05 0.00986506 -0.017968 1.8955e-05 -6.62469e-05 -0.017968 0.0883695 
0.00956194 -0.017772 -5.22155e-05 4.77995e-05 -0.017772 0.0882893 6.03173e-05 -0.000113167 -5.22155e-05 6.03173e-05 0.00987404 -0.0179689 4.77995e-05 -0.000113167 -0.0179689 0.088359 
0.00950906 -0.0177328 -6.4134e-05 6.36234e-05 -0.0177328 0.0882041 7.41628e-05 -0.000170427 -6.4134e-05 7.41628e-05 0.00992001 -0.017976 6.36234e-05 -0.000170427 -0.017976 0.0883508 
0.00943384 -0.0175789 -5.40014e-05 7.65048e-05 -0.0175789 0.0876208 8.0442e-05 -0.000201437 -5.40014e-05 8.0442e-05 0.00990519 -0.0179377 7.65048e-05 -0.000201437 -0.0179377 0.0879779 
0.00940921 -0.017498 -2.69978e-05 7.41358e-05 -0.017498 0.087277 6.48878e-05 -0.000203116 -2.69978e-05 6.48878e-05 0.00989111 -0.0179419 7.41358e-05 -0.000203116 -0.0179419 0.0878792 
0.00941714 -0.0174787 3.05329e-06 4.28102e-05 -0.0174787 0.0871327 2.61086e-05 -0.000145564 3.05329e-06 2.61086e-05 0.00985908 -0.0179377 4.28102e-05 -0.000145564 -0.0179377 0.0878549 
0.00948486 -0.0174763 1.09005e-05 -1.4737e-06 -0.0174763 0.0870277 -1.40605e-05 -4.45212e-05 1.09005e-05 -1.40605e-05 0.00976363 -0.0178879 -1.4737e-06 -4.45212e-05 -0.0178879 0.0877122 
0.00955005 -0.0176081 1.41855e-05 -1.46503e-05 -0.0176081 0.0873429 -2.33231e-05 1.76148e-05 1.41855e-05 -2.33231e-05 0.009721 -0.017811 -1.46503e-05 1.76148e-05 -0.017811 0.0876628 
0.00959064 -0.0177455 5.79999e-06 -1.24557e-05 -0.0177455 0.0878773 -2.59002e-05 3.39574e-05 5.79999e-06 -2.59002e-05 0.00974199 -0.0177975 -1.24557e-05 3.39574e-05 -0.0177975 0.0877578 
0.0096095 -0.0178315 6.34876e-06 -1.76496e-06 -0.0178315 0.0883483 -1.64917e-05 2.22912e-05 6.34876e-06 -1.64917e-05 0.00978856 -0.0178414 -1.76496e-06 2.22912e-05 -0.0178414 0.0879664 
0.00961561 -0.0178074 4.08584e-06 -1.96312e-06 -0.0178074 0.0883553 -9.27835e-06 1.36826e-06 4.08584e-06 -9.27835e-06 0.00977501 -0.0178547 -1.96312e-06 1.36826e-06 -0.0178547 0.087951 
0.00962886 -0.0177892 2.53884e-06 -3.26403e-06 -0.0177892 0.0882602 -2.49771e-06 -1.06571e-05 2.53884e-06 -2.49771e-06 0.00975548 -0.0178313 -3.26403e-06 -1.06571e-05 -0.0178313 0.0878782 
0.00961763 -0.0178117 -3.3597e-06 2.35192e-06 -0.0178117 0.0882678 3.9635e-06 -2.86595e-05 -3.3597e-06 3.9635e-06 0.00977397 -0.0178034 2.35192e-06 -2.86595e-05 -0.0178034 0.0877973 
0.00960121 -0.0178438 2.79955e-06 9.53252e-06 -0.0178438 0.0884795 5.94008e-06 -4.20065e-05 2.79955e-06 5.94008e-06 0.00984186 -0.0178717 9.53252e-06 -4.20065e-05 -0.0178717 0.0880196 
0.00959235 -0.0178284 -1.13608e-05 5.30314e-06 -0.0178284 0.088573 -6.79688e-06 -3.36623e-05 -1.13608e-05 -6.79688e-06 0.00989219 -0.0179728 5.30314e-06 -3.36623e-05 -0.0179728 0.0883319 
0.00958125 -0.0178415 -1.29096e-05 1.9098e-05 -0.0178415 0.0887271 5.25281e-06 -4.22467e-05 -1.29096e-05 5.25281e-06 0.00995557 -0.018071 1.9098e-05 -4.22467e-05 -0.018071 0.0887417 
0.00955433 -0.0177604 -1.59918e-05 1.66958e-05 -0.0177604 0.0884462 9.83355e-06 -5.14332e-05 -1.59918e-05 9.83355e-06 0.00995202 -0.0180767 1.66958e-05 -5.14332e-05 -0.0180767 0.0886933 
0.00954906 -0.0177523 -1.91935e-05 1.49025e-05 -0.0177523 0.0884024 1.74689e-05 -5.84892e-05 -1.91935e-05 1.74689e-05 0.00996509 -0.0180985 1.49025e-05 -5.84892e-05 -0.0180985 0.0887899 
0.00954354 -0.0177268 -7.30708e-06 2.19181e-05 -0.0177268 0.088286 2.93819e-05 -8.201e-05 -7.30708e-06 2.93819e-05 0.00995605 -0.0180938 2.19181e-05 -8.201e-05 -0.0180938 0.088749 
0.00959109 -0.0177969 -1.91923e-05 8.72218e-06 -0.0177969 0.0886044 1.35294e-05 -7.27686e-05 -1.91923e-05 1.35294e-05 0.00996894 -0.0181551 8.72218e-06 -7.27686e-05 -0.0181551 0.0890704 
0.00962339 -0.0178416 -2.89029e-05 2.77504e-05 -0.0178416 0.088771 2.65938e-05 -8.97585e-05 -2.89029e-05 2.65938e-05 0.00997102 -0.0181534 2.77504e-05 -8.97585e-05 -0.0181534 0.0891575 
0.00966553 -0.0178511 -4.53252e-05 4.28344e-05 -0.0178511 0.0887726 3.81139e-05 -0.00012555 -4.53252e-05 3.81139e-05 0.00993024 -0.0181321 4.28344e-05 -0.00012555 -0.0181321 0.0890789 
0.00964403 -0.0178249 -3.97542e-05 6.69071e-05 -0.0178249 0.0884661 5.90684e-05 -0.000178499 -3.97542e-05 5.90684e-05 0.00988493 -0.0180076 6.69071e-05 -0.000178499 -0.0180076 0.0885987 
0.00964416 -0.0178452 -4.39606e-05 6.37636e-05 -0.0178452 0.0885189 5.61514e-05 -0.000204692 -4.39606e-05 5.61514e-05 0.00988237 -0.0180019 6.37636e-05 -0.000204692 -0.0180019 0.0885325 
0.00959987 -0.0178034 -3.54248e-05 7.20473e-05 -0.0178034 0.0883238 6.38264e-05 -0.000225934 -3.54248e-05 6.38264e-05 0.00988837 -0.0179619 7.20473e-05 -0.000225934 -0.0179619 0.0883155 
0.00957433 -0.0177242 -2.95188e-05 6.24587e-05 -0.0177242 0.0880242 5.66216e-05 -0.000228683 -2.95188e-05 5.66216e-05 0.00986621 -0.0179506 6.24587e-05 -0.000228683 -0.0179506 0.0881284 
0.00960464 -0.0177924 -3.78365e-05 5.27361e-05 -0.0177924 0.0883062 5.06012e-05 -0.000213699 -3.78365e-05 5.06012e-05 0.00989999 -0.0180102 5.27361e-05 -0.000213699 -0.0180102 0.088437 
0.00959791 -0.0177753 -3.38526e-05 5.49246e-05 -0.0177753 0.088213 5.42752e-05 -0.000201261 -3.38526e-05 5.42752e-05 0.00988366 -0.0179843 5.49246e-05 -0.000201261 -0.0179843 0.0883124 
0.00963358 -0.0178135 -2.1597e-05 4.65445e-05 -0.0178135 0.0883893 4.79176e-05 -0.000186156 -2.1597e-05 4.79176e-05 0.00987734 -0.0180148 4.65445e-05 -0.000186156 -0.0180148 0.0884649 
0.00967106 -0.0178625 1.40979e-05 3.24641e-05 -0.0178625 0.0885592 3.28911e-05 -0.000155051 1.40979e-05 3.28911e-05 0.00985978 -0.0180095 3.24641e-05 -0.000155051 -0.0180095 0.088535 
0.0096988 -0.0179454 2.8539e-05 -1.24216e-05 -0.0179454 0.0888844 -8.7952e-06 -7.44355e-05 2.8539e-05 -8.7952e-06 0.00987388 -0.0180161 -1.24216e-05 -7.44355e-05 -0.0180161 0.0886772 
0.00969291 -0.01795 1.35922e-05 -3.2879e-05 -0.01795 0.0889383 -2.71945e-05 -2.18537e-06 1.35922e-05 -2.71945e-05 0.00986589 -0.0179993 -3.2879e-05 -2.18537e-06 -0.0179993 0.0886145 
0.00971286 -0.018056 -8.05963e-06 -2.06181e-05 -0.018056 0.0894936 -9.49553e-06 5.3192e-06 -8.05963e-06 -9.49553e-06 0.00994801 -0.018089 -2.06181e-05 5.3192e-06 -0.018089 0.089083 
0.00971964 -0.0181113 -1.73549e-05 2.86761e-06 -0.0181113 0.0899384 1.93236e-05 -3.66601e-05 -1.73549e-05 1.93236e-05 0.0100443 -0.0182134 2.86761e-06 -3.66601e-05 -0.0182134 0.0895883 
0.00966483 -0.0180602 -3.00547e-05 1.57081e-05 -0.0180602 0.0898573 3.25869e-05 -7.97423e-05 -3.00547e-05 3.25869e-05 0.0101047 -0.0182655 1.57081e-05 -7.97423e-05 -0.0182655 0.0896992 
0.00961937 -0.0179352 -1.88951e-05 2.9225e-05 -0.0179352 0.089449 4.1563e-05 -0.000106201 -1.88951e-05 4.1563e-05 0.0101059 -0.0182912 2.9225e-05 -0.000106201 -0.0182912 0.0896262 
0.00960188 -0.0177789 -1.1066e-05 1.84149e-05 -0.0177789 0.0887103 2.7727e-05 -9.85722e-05 -1.1066e-05 2.7727e-05 0.0100177 -0.0182146 1.84149e-05 -9.85722e-05 -0.0182146 0.089188 
0.00962742 -0.0178197 -2.94104e-05 1.68206e-05 -0.0178197 0.0886575 2.27799e-05 -9.15337e-05 -2.94104e-05 2.27799e-05 0.0099905 -0.0181698 1.68206e-05 -9.15337e-05 -0.0181698 0.0891112 
0.0096632 -0.0178878 -5.58322e-05 4.13521e-05 -0.0178878 0.0888702 4.69073e-05 -0.000128786 -5.58322e-05 4.69073e-05 0.00998011 -0.0181677 4.13521e-05 -0.000128786 -0.0181677 0.0891623 
0.00963709 -0.0178376 -4.91281e-05 7.68331e-05 -0.0178376 0.0885556 7.79893e-05 -0.000201035 -4.91281e-05 7.79893e-05 0.00991882 -0.0180578 7.68331e-05 -0.000201035 -0.0180578 0.088689 
0.00959843 -0.0178033 -3.10672e-05 7.23817e-05 -0.0178033 0.088349 6.84825e-05 -0.000224631 -3.10672e-05 6.84825e-05 0.00990805 -0.0179898 7.23817e-05 -0.000224631 -0.0179898 0.0883815 
0.00960253 -0.0178243 -1.87356e-05 4.96007e-05 -0.0178243 0.0885023 4.0477e-05 -0.000183843 -1.87356e-05 4.0477e-05 0.00993789 -0.0180404 4.96007e-05 -0.000183843 -0.0180404 0.0885379 
0.00957265 -0.0178364 -2.01881e-05 3.33543e-05 -0.0178364 0.0886123 2.19966e-05 -0.00013359 -2.01881e-05 2.19966e-05 0.00999672 -0.0180917 3.33543e-05 -0.00013359 -0.0180917 0.0887358 
0.00960993 -0.0178426 -1.76463e-05 2.9648e-05 -0.0178426 0.0888118 2.10361e-05 -0.000103542 -1.76463e-05 2.10361e-05 0.0100218 -0.0182029 2.9648e-05 -0.000103542 -0.0182029 0.0891315 
0.00966738 -0.0179161 -1.64789e-05 2.24071e-05 -0.0179161 0.0891262 1.8234e-05 -8.45318e-05 -1.64789e-05 1.8234e-05 0.0100402 -0.018277 2.24071e-05 -8.45318e-05 -0.018277 0.0895598 
0.00971495 -0.0179963 -2.80167e-05 2.11456e-05 -0.0179963 0.0894355 2.10819e-05 -8.15164e-05 -2.80167e-05 2.10819e-05 0.0100563 -0.0183047 2.11456e-05 -8.15164e-05 -0.0183047 0.0898105 
0.00976184 -0.0180467 -4.15082e-05 3.44027e-05 -0.0180467 0.0896206 3.88753e-05 -0.000106762 -4.15082e-05 3.88753e-05 0.0100463 -0.0183022 3.44027e-05 -0.000106762 -0.0183022 0.0898592 
0.00975531 -0.0181101 -3.92191e-05 4.67531e-05 -0.0181101 0.0897994 5.18107e-05 -0.000134213 -3.92191e-05 5.18107e-05 0.0100683 -0.0182714 4.67531e-05 -0.000134213 -0.0182714 0.0898012 
0.00974915 -0.0181195 -4.61514e-05 4.66093e-05 -0.0181195 0.0899418 5.04061e-05 -0.000149544 -4.61514e-05 5.04061e-05 0.0101078 -0.0183025 4.66093e-05 -0.000149544 -0.0183025 0.0898503 
0.00973042 -0.0180863 -6.10861e-05 6.08009e-05 -0.0180863 0.0898565 6.1983e-05 -0.000178432 -6.10861e-05 6.1983e-05 0.0101228 -0.0183255 6.08009e-05 -0.000178432 -0.0183255 0.0898351 
0.0097476 -0.0181054 -7.28202e-05 8.26611e-05 -0.0181054 0.0899943 7.97547e-05 -0.000225205 -7.28202e-05 7.97547e-05 0.0101583 -0.018393 8.26611e-05 -0.000225205 -0.018393 0.0900909 
0.00934295 -0.0173345 -5.37648e-05 9.06231e-05 -0.0173345 0.0861622 8.60976e-05 -0.00024964 -5.37648e-05 8.60976e-05 0.00973015 -0.0176368 9.06231e-05 -0.00024964 -0.0176368 0.0863477 
0.00933616 -0.0173643 -3.84338e-05 7.81702e-05 -0.0173643 0.0862627 7.07506e-05 -0.000249608 -3.84338e-05 7.07506e-05 0.00975559 -0.0176526 7.81702e-05 -0.000249608 -0.0176526 0.0864492 
0.00934331 -0.0173206 -4.16665e-05 6.37088e-05 -0.0173206 0.0861194 5.33662e-05 -0.000225345 -4.16665e-05 5.33662e-05 0.00971952 -0.0176432 6.37088e-05 -0.000225345 -0.0176432 0.0863478 
