0.00704937 0 -2.97333e-05 0 0 0.00999568 0 0 -2.97333e-05 0 0.00711047 0 0 0 0 0.00999568 
0.00995676 -0.0123613 -7.16208e-07 3.10191e-06 -0.0123613 0.0328493 3.10191e-06 -5.86706e-06 -7.16208e-07 3.10191e-06 0.0100488 -0.0124706 3.10191e-06 -5.86706e-06 -0.0124706 0.033059 
0.00998571 -0.0185402 8.47287e-06 -9.32464e-06 -0.0185402 0.06836 -9.32464e-06 2.64766e-05 8.47287e-06 -9.32464e-06 0.0100135 -0.0186459 -9.32464e-06 2.64766e-05 -0.0186459 0.0686798 
0.00919541 -0.0177251 1.68623e-05 -8.94448e-05 -0.0177251 0.0793852 -7.48231e-05 0.000414558 1.68623e-05 -7.48231e-05 0.00919694 -0.0177697 -8.94448e-05 0.000414558 -0.0177697 0.0796345 
0.00932424 -0.0174506 3.97549e-06 -0.000133147 -0.0174506 0.0840351 -0.000105567 0.00079882 3.97549e-06 -0.000105567 0.00934751 -0.0174605 -0.000133147 0.00079882 -0.0174605 0.0842269 
0.00934362 -0.0172185 -2.70498e-05 -8.67643e-05 -0.0172185 0.0844363 -6.24697e-05 0.000721236 -2.70498e-05 -6.24697e-05 0.00939186 -0.0172425 -8.67643e-05 0.000721236 -0.0172425 0.0845924 
0.00960298 -0.0175898 -3.59106e-05 -2.04163e-05 -0.0175898 0.0865881 -6.70003e-06 0.000477631 -3.59106e-05 -6.70003e-06 0.00962056 -0.0176374 -2.04163e-05 0.000477631 -0.0176374 0.086746 
0.00963579 -0.0176236 -2.10747e-05 2.27446e-07 -0.0176236 0.0867907 5.60317e-06 0.000299155 -2.10747e-05 5.60317e-06 0.0096053 -0.0176248 2.27446e-07 0.000299155 -0.0176248 0.0868579 
0.00969766 -0.0177506 -1.31352e-05 -1.84998e-05 -0.0177506 0.0874015 -1.70758e-05 0.000260251 -1.31352e-05 -1.70758e-05 0.00965624 -0.017682 -1.84998e-05 0.000260251 -0.017682 0.0872897 
0.00980822 -0.0178984 -1.60712e-05 -3.86932e-05 -0.0178984 0.0881582 -3.82778e-05 0.000301274 -1.60712e-05 -3.82778e-05 0.00972704 -0.0178236 -3.86932e-05 0.000301274 -0.0178236 0.0879648 
0.00969105 -0.0177381 -2.1333e-05 -3.67895e-05 -0.0177381 0.0872501 -3.8696e-05 0.000322743 -2.1333e-05 -3.8696e-05 0.00964099 -0.0176215 -3.67895e-05 0.000322743 -0.0176215 0.0869761 
0.00960517 -0.0176225 -1.68121e-05 -2.51081e-05 -0.0176225 0.0867263 -2.69659e-05 0.000307204 -1.68121e-05 -2.69659e-05 0.00961409 -0.0175344 -2.51081e-05 0.000307204 -0.0175344 0.0864463 
0.00958486 -0.0175761 -2.45366e-05 -2.64362e-05 -0.0175761 0.0866045 -2.47378e-05 0.000290671 -2.45366e-05 -2.47378e-05 0.00962362 -0.0175693 -2.64362e-05 0.000290671 -0.0175693 0.0864736 
0.00958247 -0.017571 -1.92455e-05 -1.86922e-05 -0.017571 0.0866183 -1.44221e-05 0.000272453 -1.92455e-05 -1.44221e-05 0.00963085 -0.0176199 -1.86922e-05 0.000272453 -0.0176199 0.0866696 
0.00956978 -0.0174996 -1.25081e-05 -2.43159e-05 -0.0174996 0.0862765 -1.67285e-05 0.000263333 -1.25081e-05 -1.67285e-05 0.00957539 -0.0175573 -2.43159e-05 0.000263333 -0.0175573 0.0864119 
0.00955686 -0.0175235 -8.38022e-06 -3.47648e-05 -0.0175235 0.0862904 -2.42054e-05 0.000276212 -8.38022e-06 -2.42054e-05 0.00958361 -0.0175268 -3.47648e-05 0.000276212 -0.0175268 0.0863655 
0.00978723 -0.0179004 -3.85585e-06 -4.04711e-05 -0.0179004 0.0882029 -3.20103e-05 0.000298821 -3.85585e-06 -3.20103e-05 0.00979006 -0.0179233 -4.04711e-05 0.000298821 -0.0179233 0.0882602 
0.0096091 -0.0175627 1.42376e-05 -4.47094e-05 -0.0175627 0.0864617 -3.99038e-05 0.000310492 1.42376e-05 -3.99038e-05 0.00957907 -0.0175655 -4.47094e-05 0.000310492 -0.0175655 0.0865081 
0.00960256 -0.0175534 1.46441e-05 -6.7322e-05 -0.0175534 0.0863573 -6.26661e-05 0.000351979 1.46441e-05 -6.26661e-05 0.00957358 -0.0175222 -6.7322e-05 0.000351979 -0.0175222 0.0863518 
0.00959559 -0.0175533 2.05519e-07 -6.49826e-05 -0.0175533 0.0863556 -6.03413e-05 0.000366406 2.05519e-07 -6.03413e-05 0.00958506 -0.0175436 -6.49826e-05 0.000366406 -0.0175436 0.086384 
0.00957722 -0.0175892 3.55643e-06 -5.00869e-05 -0.0175892 0.0865509 -4.40895e-05 0.000347399 3.55643e-06 -4.40895e-05 0.00963664 -0.017601 -5.00869e-05 0.000347399 -0.017601 0.0866374 
0.00957878 -0.0175968 8.63661e-06 -5.24204e-05 -0.0175968 0.0867585 -5.12818e-05 0.000345723 8.63661e-06 -5.12818e-05 0.0096797 -0.0177021 -5.24204e-05 0.000345723 -0.0177021 0.0870285 
0.00961564 -0.0175754 2.06125e-05 -5.70663e-05 -0.0175754 0.0867401 -6.42245e-05 0.000364884 2.06125e-05 -6.42245e-05 0.00965621 -0.0177325 -5.70663e-05 0.000364884 -0.0177325 0.0871862 
0.00962542 -0.0176369 1.14782e-05 -7.02296e-05 -0.0176369 0.0869022 -8.50506e-05 0.000403589 1.14782e-05 -8.50506e-05 0.009684 -0.0177298 -7.02296e-05 0.000403589 -0.0177298 0.0873274 
0.00962687 -0.0176801 1.2091e-05 -5.34766e-05 -0.0176801 0.0871421 -7.12076e-05 0.00039302 1.2091e-05 -7.12076e-05 0.00973729 -0.0177728 -5.34766e-05 0.00039302 -0.0177728 0.087509 
0.00961425 -0.0176601 1.39825e-05 -5.16309e-05 -0.0176601 0.0871435 -6.92532e-05 0.000376218 1.39825e-05 -6.92532e-05 0.00976643 -0.0178117 -5.16309e-05 0.000376218 -0.0178117 0.0875786 
0.0096416 -0.0176459 4.10567e-06 -6.40944e-05 -0.0176459 0.0871218 -7.80463e-05 0.000397311 4.10567e-06 -7.80463e-05 0.00976473 -0.0178471 -6.40944e-05 0.000397311 -0.0178471 0.0876695 
0.00967102 -0.0176695 -4.83858e-06 -5.51732e-05 -0.0176695 0.0871245 -6.15887e-05 0.000390448 -4.83858e-06 -6.15887e-05 0.00974271 -0.0178405 -5.51732e-05 0.000390448 -0.0178405 0.0876786 
0.00966882 -0.0176843 -5.19156e-06 -4.5549e-05 -0.0176843 0.0870835 -4.36309e-05 0.000358843 -5.19156e-06 -4.36309e-05 0.00972801 -0.0177908 -4.5549e-05 0.000358843 -0.0177908 0.0875211 
0.00970985 -0.0177622 -1.48549e-05 -4.85333e-05 -0.0177622 0.087454 -4.18452e-05 0.000348003 -1.48549e-05 -4.18452e-05 0.00977063 -0.0178542 -4.85333e-05 0.000348003 -0.0178542 0.0878148 
0.0097421 -0.0177637 -1.25391e-05 -3.57344e-05 -0.0177637 0.0874492 -2.82322e-05 0.000324674 -1.25391e-05 -2.82322e-05 0.0097267 -0.0178476 -3.57344e-05 0.000324674 -0.0178476 0.0877593 
0.00974 -0.0178165 -1.09965e-05 -3.44986e-05 -0.0178165 0.0875662 -2.47292e-05 0.000302843 -1.09965e-05 -2.47292e-05 0.00971865 -0.0178044 -3.44986e-05 0.000302843 -0.0178044 0.087711 
0.00972826 -0.0178246 -1.04727e-05 -3.96712e-05 -0.0178246 0.0876647 -3.29209e-05 0.000312344 -1.04727e-05 -3.29209e-05 0.00972153 -0.0177951 -3.96712e-05 0.000312344 -0.0177951 0.0876821 
0.00972027 -0.0177864 -1.01701e-05 -3.2677e-05 -0.0177864 0.0875624 -3.51046e-05 0.000310026 -1.01701e-05 -3.51046e-05 0.00969445 -0.0177733 -3.2677e-05 0.000310026 -0.0177733 0.0875635 
0.0096867 -0.0177474 -1.3774e-05 -2.62222e-05 -0.0177474 0.0873599 -3.77206e-05 0.000302434 -1.3774e-05 -3.77206e-05 0.00967797 -0.0177125 -2.62222e-05 0.000302434 -0.0177125 0.0873264 
0.00964203 -0.0176812 -1.32658e-05 -2.06585e-05 -0.0176812 0.0870775 -3.64455e-05 0.000293215 -1.32658e-05 -3.64455e-05 0.00966679 -0.0176599 -2.06585e-05 0.000293215 -0.0176599 0.0870343 
0.00961252 -0.0176358 -8.26875e-06 -2.28184e-05 -0.0176358 0.0868976 -3.43377e-05 0.000288312 -8.26875e-06 -3.43377e-05 0.00965617 -0.0176452 -2.28184e-05 0.000288312 -0.0176452 0.0868888 
0.00957382 -0.0175802 -1.26647e-05 -3.63839e-05 -0.0175802 0.0866563 -4.14477e-05 0.000306256 -1.26647e-05 -4.14477e-05 0.00965213 -0.0176097 -3.63839e-05 0.000306256 -0.0176097 0.0866904 
0.00951708 -0.0174922 -1.1909e-05 -4.03675e-05 -0.0174922 0.0862669 -4.16506e-05 0.00032606 -1.1909e-05 -4.16506e-05 0.00962951 -0.0175588 -4.03675e-05 0.00032606 -0.0175588 0.086364 
0.00952688 -0.0175479 -1.76266e-05 -4.03571e-05 -0.0175479 0.0865966 -3.90555e-05 0.000331151 -1.76266e-05 -3.90555e-05 0.00966905 -0.0176558 -4.03571e-05 0.000331151 -0.0176558 0.0867847 
0.00953977 -0.0175084 -1.90264e-05 -3.12369e-05 -0.0175084 0.0865164 -2.93284e-05 0.00031272 -1.90264e-05 -2.93284e-05 0.00964408 -0.0176573 -3.12369e-05 0.00031272 -0.0176573 0.0868121 
0.0095449 -0.0175237 -2.03025e-05 -2.86296e-05 -0.0175237 0.0865067 -2.67323e-05 0.000298506 -2.03025e-05 -2.67323e-05 0.00964427 -0.017625 -2.86296e-05 0.000298506 -0.017625 0.0867706 
0.00953415 -0.0174889 -8.82335e-06 -2.5233e-05 -0.0174889 0.0863059 -2.41366e-05 0.000285415 -8.82335e-06 -2.41366e-05 0.00961291 -0.0175703 -2.5233e-05 0.000285415 -0.0175703 0.0864889 
0.00972068 -0.0178751 -2.71681e-06 -3.78128e-05 -0.0178751 0.0881489 -4.01382e-05 0.000306766 -2.71681e-06 -4.01382e-05 0.00982238 -0.0179186 -3.78128e-05 0.000306766 -0.0179186 0.0882221 
0.00969658 -0.0178598 -1.58488e-05 -4.75819e-05 -0.0178598 0.0881441 -5.05224e-05 0.000334846 -1.58488e-05 -5.05224e-05 0.00984772 -0.0179374 -4.75819e-05 0.000334846 -0.0179374 0.0882361 
0.00949837 -0.0174483 -1.98311e-05 -3.50842e-05 -0.0174483 0.0861995 -3.95479e-05 0.000329042 -1.98311e-05 -3.95479e-05 0.00961328 -0.0175817 -3.50842e-05 0.000329042 -0.0175817 0.0863927 
0.00967953 -0.0178436 -2.3417e-05 -2.84349e-05 -0.0178436 0.0880981 -3.75665e-05 0.000325022 -2.3417e-05 -3.75665e-05 0.00983779 -0.0179526 -2.84349e-05 0.000325022 -0.0179526 0.0883245 
0.00966031 -0.0178036 -2.72269e-05 -2.4232e-05 -0.0178036 0.0880226 -3.51611e-05 0.000316274 -2.72269e-05 -3.51611e-05 0.00983304 -0.0179568 -2.4232e-05 0.000316274 -0.0179568 0.0883022 
0.00967597 -0.0177327 -1.75266e-05 -1.52619e-05 -0.0177327 0.0877284 -2.35528e-05 0.000289382 -1.75266e-05 -2.35528e-05 0.00974758 -0.0179132 -1.52619e-05 0.000289382 -0.0179132 0.0880968 
0.00969303 -0.0177662 -2.40689e-05 -2.81797e-05 -0.0177662 0.0876883 -2.8662e-05 0.000285219 -2.40689e-05 -2.8662e-05 0.0096995 -0.0178124 -2.81797e-05 0.000285219 -0.0178124 0.0878723 
0.00971436 -0.0178038 -2.17655e-05 -2.2095e-05 -0.0178038 0.0877852 -1.90567e-05 0.000274552 -2.17655e-05 -1.90567e-05 0.0096705 -0.0177563 -2.2095e-05 0.000274552 -0.0177563 0.0876982 
0.0096616 -0.0177401 -2.45995e-05 -2.24692e-05 -0.0177401 0.087415 -2.03056e-05 0.000264811 -2.45995e-05 -2.03056e-05 0.00962319 -0.0176199 -2.24692e-05 0.000264811 -0.0176199 0.0870873 
0.00959707 -0.0176637 -1.56139e-05 -1.37402e-05 -0.0176637 0.0870705 -1.40485e-05 0.000242816 -1.56139e-05 -1.40485e-05 0.00960701 -0.0175448 -1.37402e-05 0.000242816 -0.0175448 0.0866465 
0.00955499 -0.0175922 -1.18443e-05 -2.64895e-05 -0.0175922 0.0868235 -3.27074e-05 0.000261602 -1.18443e-05 -3.27074e-05 0.00959572 -0.0175409 -2.64895e-05 0.000261602 -0.0175409 0.0864888 
0.00955508 -0.0175922 -1.46803e-05 -3.31046e-05 -0.0175922 0.0868841 -4.71571e-05 0.000297721 -1.46803e-05 -4.71571e-05 0.00960786 -0.0175886 -3.31046e-05 0.000297721 -0.0175886 0.086684 
0.00957554 -0.0176052 -1.69802e-05 -2.86468e-05 -0.0176052 0.0869915 -4.31652e-05 0.000304577 -1.69802e-05 -4.31652e-05 0.00960902 -0.0176268 -2.86468e-05 0.000304577 -0.0176268 0.0868952 
0.00959814 -0.0176488 -2.86175e-05 -2.87862e-05 -0.0176488 0.0871714 -3.8222e-05 0.000301162 -2.86175e-05 -3.8222e-05 0.00961921 -0.0176425 -2.87862e-05 0.000301162 -0.0176425 0.087062 
0.00958719 -0.0176235 -3.40678e-05 -1.2463e-05 -0.0176235 0.0870397 -1.54343e-05 0.000260124 -3.40678e-05 -1.54343e-05 0.00960244 -0.0175956 -1.2463e-05 0.000260124 -0.0175956 0.0868736 
0.00956205 -0.0176096 -3.83318e-05 -4.98796e-06 -0.0176096 0.086953 -2.69069e-06 0.000220726 -3.83318e-05 -2.69069e-06 0.0096098 -0.0175684 -4.98796e-06 0.000220726 -0.0175684 0.086732 
0.00954771 -0.0176445 -4.22406e-05 4.08596e-06 -0.0176445 0.0871914 7.93238e-06 0.00018514 -4.22406e-05 7.93238e-06 0.00967991 -0.0176447 4.08596e-06 0.00018514 -0.0176447 0.0870137 
0.00954723 -0.0176567 -4.56586e-05 9.8758e-06 -0.0176567 0.087411 6.60486e-06 0.000169533 -4.56586e-05 6.60486e-06 0.00973263 -0.0177546 9.8758e-06 0.000169533 -0.0177546 0.0874039 
0.00957605 -0.0176528 -4.87445e-05 1.46416e-05 -0.0176528 0.087487 2.85988e-06 0.000169004 -4.87445e-05 2.85988e-06 0.00973237 -0.0178082 1.46416e-05 0.000169004 -0.0178082 0.0876391 
0.00957316 -0.017616 -4.924e-05 1.5749e-05 -0.017616 0.0872241 6.86887e-06 0.000165746 -4.924e-05 6.86887e-06 0.00968634 -0.0177272 1.5749e-05 0.000165746 -0.0177272 0.0873567 
0.00956034 -0.0175795 -5.02523e-05 1.92003e-05 -0.0175795 0.0869454 1.83255e-05 0.000144607 -5.02523e-05 1.83255e-05 0.00962824 -0.017634 1.92003e-05 0.000144607 -0.017634 0.0869546 
0.00954064 -0.0175784 -5.1538e-05 1.66743e-05 -0.0175784 0.0868969 2.10962e-05 0.000136109 -5.1538e-05 2.10962e-05 0.00963112 -0.0176103 1.66743e-05 0.000136109 -0.0176103 0.0868605 
0.00951544 -0.0175241 -4.97204e-05 1.80862e-05 -0.0175241 0.0866856 2.1865e-05 0.000130537 -4.97204e-05 2.1865e-05 0.0096239 -0.0175871 1.80862e-05 0.000130537 -0.0175871 0.0866902 
0.00952066 -0.0175351 -4.93976e-05 1.9987e-05 -0.0175351 0.086748 1.26753e-05 0.000137075 -4.93976e-05 1.26753e-05 0.00963885 -0.017627 1.9987e-05 0.000137075 -0.017627 0.0868331 
0.00957237 -0.0176075 -2.58606e-05 2.64773e-05 -0.0176075 0.087104 1.05006e-05 0.000134762 -2.58606e-05 1.05006e-05 0.00965737 -0.0177069 2.64773e-05 0.000134762 -0.0177069 0.0872315 
0.00954349 -0.0176193 -3.30783e-05 -3.24867e-06 -0.0176193 0.0871127 -1.43863e-05 0.000171563 -3.30783e-05 -1.43863e-05 0.00967795 -0.0176763 -3.24867e-06 0.000171563 -0.0176763 0.0871841 
0.0095496 -0.0175948 -3.49491e-05 -5.52194e-06 -0.0175948 0.0871087 -4.77225e-06 0.000193224 -3.49491e-05 -4.77225e-06 0.00967554 -0.0177006 -5.52194e-06 0.000193224 -0.0177006 0.0872057 
0.00959175 -0.0176115 -2.17663e-05 -1.18473e-05 -0.0176115 0.08716 -5.42822e-06 0.000209531 -2.17663e-05 -5.42822e-06 0.00964343 -0.0177063 -1.18473e-05 0.000209531 -0.0177063 0.0872664 
0.00955156 -0.017558 -2.45012e-05 -2.49439e-05 -0.017558 0.0867429 -1.49927e-05 0.000226479 -2.45012e-05 -1.49927e-05 0.00957865 -0.0175544 -2.49439e-05 0.000226479 -0.0175544 0.0866842 
0.00951508 -0.0175441 -3.62834e-05 -2.25094e-05 -0.0175441 0.0866722 -7.15475e-06 0.000226326 -3.62834e-05 -7.15475e-06 0.00958652 -0.0175263 -2.25094e-05 0.000226326 -0.0175263 0.0865266 
0.00944033 -0.0174553 -4.11165e-05 -2.3497e-06 -0.0174553 0.0863485 1.44912e-05 0.000183132 -4.11165e-05 1.44912e-05 0.00959333 -0.0174956 -2.3497e-06 0.000183132 -0.0174956 0.0862754 
0.0096001 -0.0177498 -4.12519e-05 4.7587e-06 -0.0177498 0.0879685 1.962e-05 0.000154152 -4.12519e-05 1.962e-05 0.00982756 -0.0179027 4.7587e-06 0.000154152 -0.0179027 0.0881297 
0.00959729 -0.0177 -3.3306e-05 7.0938e-06 -0.0177 0.0877861 1.56754e-05 0.000143099 -3.3306e-05 1.56754e-05 0.00982637 -0.0179385 7.0938e-06 0.000143099 -0.0179385 0.0881887 
0.00941999 -0.0173604 -2.47407e-05 -6.47275e-06 -0.0173604 0.0860335 -7.2874e-06 0.000177312 -2.47407e-05 -7.2874e-06 0.00963633 -0.017598 -6.47275e-06 0.000177312 -0.017598 0.0865319 
0.00950059 -0.0174767 -1.18108e-05 -2.10641e-05 -0.0174767 0.0865669 -2.68943e-05 0.000231865 -1.18108e-05 -2.68943e-05 0.00968037 -0.0177177 -2.10641e-05 0.000231865 -0.0177177 0.0871101 
0.00956694 -0.0175987 -5.60719e-06 -3.47118e-05 -0.0175987 0.087067 -4.36458e-05 0.000278981 -5.60719e-06 -4.36458e-05 0.00971457 -0.0177828 -3.47118e-05 0.000278981 -0.0177828 0.0875199 
0.00955921 -0.0175736 -8.25244e-06 -4.17765e-05 -0.0175736 0.0868675 -5.20129e-05 0.000309786 -8.25244e-06 -5.20129e-05 0.00967324 -0.0176861 -4.17765e-05 0.000309786 -0.0176861 0.0871219 
0.00957043 -0.0175546 -6.45661e-06 -4.20861e-05 -0.0175546 0.0867021 -5.17185e-05 0.000326142 -6.45661e-06 -5.17185e-05 0.0096156 -0.017618 -4.20861e-05 0.000326142 -0.017618 0.086785 
0.00962248 -0.0176702 -1.89343e-05 -4.59857e-05 -0.0176702 0.0871413 -5.22264e-05 0.000336542 -1.89343e-05 -5.22264e-05 0.0096184 -0.0176479 -4.59857e-05 0.000336542 -0.0176479 0.0870206 
0.00965448 -0.0177794 -3.94496e-05 -2.70647e-05 -0.0177794 0.0876686 -2.81607e-05 0.000302613 -3.94496e-05 -2.81607e-05 0.00966745 -0.0177003 -2.70647e-05 0.000302613 -0.0177003 0.0873696 
0.0096088 -0.0177755 -5.19505e-05 7.55421e-06 -0.0177755 0.0877531 1.12004e-05 0.000213475 -5.19505e-05 1.12004e-05 0.00972395 -0.0177142 7.55421e-06 0.000213475 -0.0177142 0.0874095 
0.00958078 -0.0176704 -6.17559e-05 2.02325e-05 -0.0176704 0.0874556 2.23724e-05 0.000155926 -6.17559e-05 2.23724e-05 0.00972042 -0.0177317 2.02325e-05 0.000155926 -0.0177317 0.0872978 
0.00956234 -0.0176447 -6.47756e-05 3.39861e-05 -0.0176447 0.0873246 3.42462e-05 0.000115772 -6.47756e-05 3.42462e-05 0.00974359 -0.0177539 3.39861e-05 0.000115772 -0.0177539 0.0873614 
0.00953749 -0.0176016 -6.06204e-05 3.2665e-05 -0.0176016 0.0871289 3.31904e-05 0.000107411 -6.06204e-05 3.31904e-05 0.00973263 -0.01775 3.2665e-05 0.000107411 -0.01775 0.0872762 
0.00955075 -0.0176083 -4.7536e-05 2.61055e-05 -0.0176083 0.0871841 2.45314e-05 0.00012279 -4.7536e-05 2.45314e-05 0.00972444 -0.017779 2.61055e-05 0.00012279 -0.017779 0.0874168 
0.00955192 -0.0176068 -4.52045e-05 1.06771e-05 -0.0176068 0.0871632 9.13106e-06 0.000153076 -4.52045e-05 9.13106e-06 0.00971251 -0.0177631 1.06771e-05 0.000153076 -0.0177631 0.0874211 
0.00953832 -0.0175716 -3.5313e-05 1.08506e-05 -0.0175716 0.0869894 1.4914e-05 0.000155223 -3.5313e-05 1.4914e-05 0.00967787 -0.0177179 1.08506e-05 0.000155223 -0.0177179 0.0872445 
0.0095475 -0.0175437 -1.97925e-05 -1.31774e-06 -0.0175437 0.0868515 1.13311e-05 0.000157801 -1.97925e-05 1.13311e-05 0.00964115 -0.0176861 -1.31774e-06 0.000157801 -0.0176861 0.0871323 
0.00959384 -0.017556 -7.33787e-06 -2.1856e-05 -0.017556 0.0868236 -6.78214e-06 0.000189813 -7.33787e-06 -6.78214e-06 0.00958378 -0.0176511 -2.1856e-05 0.000189813 -0.0176511 0.0870569 
0.00964377 -0.0176785 -1.06382e-05 -4.18163e-05 -0.0176785 0.0872189 -3.22533e-05 0.000248586 -1.06382e-05 -3.22533e-05 0.00959551 -0.0176429 -4.18163e-05 0.000248586 -0.0176429 0.0872242 
0.00960714 -0.0176418 -1.77328e-05 -3.77979e-05 -0.0176418 0.0870014 -3.94497e-05 0.000282754 -1.77328e-05 -3.94497e-05 0.00956419 -0.0175441 -3.77979e-05 0.000282754 -0.0175441 0.086779 
0.00957014 -0.0176562 -2.47843e-05 -1.73871e-05 -0.0176562 0.0870842 -2.74497e-05 0.000258233 -2.47843e-05 -2.74497e-05 0.00960169 -0.0175345 -1.73871e-05 0.000258233 -0.0175345 0.0866998 
0.0095211 -0.0176125 -4.49207e-05 -4.5687e-06 -0.0176125 0.0870574 -1.53371e-05 0.000219132 -4.49207e-05 -1.53371e-05 0.00965984 -0.0175889 -4.5687e-06 0.000219132 -0.0175889 0.0867756 
0.00949304 -0.0175448 -4.22306e-05 1.55882e-05 -0.0175448 0.0869113 1.22153e-05 0.000167413 -4.22306e-05 1.22153e-05 0.00969006 -0.0176562 1.55882e-05 0.000167413 -0.0176562 0.0869032 
0.0095137 -0.0175339 -3.85914e-05 9.34286e-06 -0.0175339 0.0869201 1.03301e-05 0.00015264 -3.85914e-05 1.03301e-05 0.00971352 -0.0177305 9.34286e-06 0.00015264 -0.0177305 0.0871813 
0.00957401 -0.017628 -2.6413e-05 8.85174e-08 -0.017628 0.0873016 1.34549e-06 0.000172499 -2.6413e-05 1.34549e-06 0.00973298 -0.0178186 8.85174e-08 0.000172499 -0.0178186 0.0876423 
0.00963525 -0.0177185 -1.38019e-05 -2.22956e-05 -0.0177185 0.0876559 -1.92421e-05 0.000224397 -1.38019e-05 -1.92421e-05 0.00972561 -0.0178345 -2.22956e-05 0.000224397 -0.0178345 0.0878647 
0.00966023 -0.0177597 -2.08798e-05 -4.2421e-05 -0.0177597 0.0877721 -3.8219e-05 0.000286115 -2.08798e-05 -3.8219e-05 0.00971121 -0.0177905 -4.2421e-05 0.000286115 -0.0177905 0.0877765 
0.00962206 -0.0177418 -3.96625e-05 -3.27161e-05 -0.0177418 0.0876401 -2.97313e-05 0.000297859 -3.96625e-05 -2.97313e-05 0.00971574 -0.0177279 -3.27161e-05 0.000297859 -0.0177279 0.0874919 
0.00954793 -0.0176494 -5.90897e-05 -3.65047e-06 -0.0176494 0.0872808 7.11224e-07 0.00024301 -5.90897e-05 7.11224e-07 0.00972055 -0.0176922 -3.65047e-06 0.00024301 -0.0176922 0.0871701 
0.00951788 -0.017571 -7.42085e-05 2.07807e-05 -0.017571 0.0870443 2.58648e-05 0.000175757 -7.42085e-05 2.58648e-05 0.00973113 -0.0177294 2.07807e-05 0.000175757 -0.0177294 0.0871747 
0.00954724 -0.0175571 -6.74863e-05 4.17746e-05 -0.0175571 0.0869872 4.5997e-05 0.000113821 -6.74863e-05 4.5997e-05 0.00972677 -0.0177671 4.17746e-05 0.000113821 -0.0177671 0.087312 
0.00954615 -0.0175169 -5.16427e-05 4.4088e-05 -0.0175169 0.0866476 4.44432e-05 7.80928e-05 -5.16427e-05 4.44432e-05 0.00967995 -0.0176879 4.4088e-05 7.80928e-05 -0.0176879 0.0869901 
0.00956147 -0.0175854 -2.96295e-05 2.43942e-05 -0.0175854 0.0868501 2.25117e-05 0.000101904 -2.96295e-05 2.25117e-05 0.0096892 -0.0177139 2.43942e-05 0.000101904 -0.0177139 0.0871343 
0.00959007 -0.0176588 -2.5939e-05 -6.52901e-06 -0.0176588 0.0872382 -9.5721e-06 0.000170974 -2.5939e-05 -9.5721e-06 0.00973287 -0.0177833 -6.52901e-06 0.000170974 -0.0177833 0.0874919 
0.00961994 -0.0177195 -2.50152e-05 -1.75354e-05 -0.0177195 0.0875959 -1.61836e-05 0.000221993 -2.50152e-05 -1.61836e-05 0.00977716 -0.0178691 -1.75354e-05 0.000221993 -0.0178691 0.0878937 
0.00962906 -0.0177359 -2.98928e-05 -2.0874e-05 -0.0177359 0.0877249 -1.54438e-05 0.00024184 -2.98928e-05 -1.54438e-05 0.00980186 -0.0179104 -2.0874e-05 0.00024184 -0.0179104 0.0880978 
0.00946381 -0.017394 -3.14593e-05 -1.17862e-05 -0.017394 0.0860559 -5.46174e-06 0.000225817 -3.14593e-05 -5.46174e-06 0.00960673 -0.0175807 -1.17862e-05 0.000225817 -0.0175807 0.0864723 
0.00949166 -0.0174363 -5.71296e-05 -9.90335e-06 -0.0174363 0.0861809 -5.06178e-06 0.000218792 -5.71296e-05 -5.06178e-06 0.00961731 -0.0175773 -9.90335e-06 0.000218792 -0.0175773 0.0865304 
0.00968884 -0.017838 -7.27871e-05 2.57381e-05 -0.017838 0.0880849 2.92998e-05 0.00016542 -7.27871e-05 2.92998e-05 0.00983276 -0.0179312 2.57381e-05 0.00016542 -0.0179312 0.0882883 
0.00945122 -0.0175022 -6.0647e-05 4.72171e-05 -0.0175022 0.0864788 4.80186e-05 9.76616e-05 -6.0647e-05 4.80186e-05 0.00969151 -0.0176132 4.72171e-05 9.76616e-05 -0.0176132 0.0866419 
0.00945594 -0.0174727 -4.79906e-05 3.2694e-05 -0.0174727 0.0865924 3.16652e-05 9.73059e-05 -4.79906e-05 3.16652e-05 0.00973966 -0.0177198 3.2694e-05 9.73059e-05 -0.0177198 0.0869785 
0.00948742 -0.0174339 -3.96289e-05 1.07578e-05 -0.0174339 0.0864474 9.5129e-06 0.000147522 -3.96289e-05 9.5129e-06 0.00973322 -0.0177534 1.07578e-05 0.000147522 -0.0177534 0.087087 
0.00953598 -0.0174929 -4.37279e-05 -8.3957e-06 -0.0174929 0.0865593 -8.37381e-06 0.000211104 -4.37279e-05 -8.37381e-06 0.00974398 -0.0177719 -8.3957e-06 0.000211104 -0.0177719 0.0872395 
0.00955755 -0.0175821 -4.50393e-05 1.87841e-07 -0.0175821 0.0868597 5.84517e-07 0.000221054 -4.50393e-05 5.84517e-07 0.00977041 -0.0178129 1.87841e-07 0.000221054 -0.0178129 0.087458 
0.00955537 -0.0175555 -4.81118e-05 -8.91927e-07 -0.0175555 0.0867628 5.19442e-07 0.000221481 -4.81118e-05 5.19442e-07 0.00974002 -0.0177847 -8.91927e-07 0.000221481 -0.0177847 0.0873151 
0.00957816 -0.0175397 -3.90773e-05 7.71042e-06 -0.0175397 0.0866319 8.30372e-06 0.000205282 -3.90773e-05 8.30372e-06 0.00968109 -0.0177262 7.71042e-06 0.000205282 -0.0177262 0.0870994 
0.00960403 -0.0176264 -2.17384e-05 -5.19657e-06 -0.0176264 0.0868896 -2.10825e-06 0.000218555 -2.17384e-05 -2.10825e-06 0.00968545 -0.0176975 -5.19657e-06 0.000218555 -0.0176975 0.0871174 
0.00959397 -0.0176695 -1.00251e-05 -2.77639e-05 -0.0176695 0.0870969 -2.61411e-05 0.000265418 -1.00251e-05 -2.61411e-05 0.00971242 -0.0176958 -2.77639e-05 0.000265418 -0.0176958 0.0871158 
0.00959125 -0.0176329 -6.90643e-06 -4.5677e-05 -0.0176329 0.087037 -5.03947e-05 0.000329305 -6.90643e-06 -5.03947e-05 0.00969333 -0.0176976 -4.5677e-05 0.000329305 -0.0176976 0.0870302 
0.00956919 -0.0176091 -3.83178e-05 -4.6406e-05 -0.0176091 0.0869294 -5.50442e-05 0.000358351 -3.83178e-05 -5.50442e-05 0.009701 -0.0176854 -4.6406e-05 0.000358351 -0.0176854 0.0869868 
0.0095196 -0.0175676 -5.71352e-05 -8.23872e-06 -0.0175676 0.0867786 -1.41585e-05 0.000306936 -5.71352e-05 -1.41585e-05 0.00972889 -0.0176862 -8.23872e-06 0.000306936 -0.0176862 0.0869319 
0.00953346 -0.0175414 -5.15165e-05 2.56412e-05 -0.0175414 0.0867796 2.67095e-05 0.000199407 -5.15165e-05 2.67095e-05 0.00975028 -0.01775 2.56412e-05 0.000199407 -0.01775 0.087112 
0.00958437 -0.0175982 -3.03731e-05 1.75921e-05 -0.0175982 0.0870262 2.45859e-05 0.000160541 -3.03731e-05 2.45859e-05 0.0097739 -0.0178406 1.75921e-05 0.000160541 -0.0178406 0.0875253 
0.00962391 -0.0176603 -2.44263e-05 -1.7207e-05 -0.0176603 0.0872384 -6.76878e-06 0.000211801 -2.44263e-05 -6.76878e-06 0.00977999 -0.0178652 -1.7207e-05 0.000211801 -0.0178652 0.0877338 
0.00963592 -0.0176711 -2.40827e-05 -2.43722e-05 -0.0176711 0.0872309 -1.39845e-05 0.000250437 -2.40827e-05 -1.39845e-05 0.00976406 -0.0178359 -2.43722e-05 0.000250437 -0.0178359 0.0876554 
0.00964314 -0.0177219 -1.67682e-05 -2.58127e-05 -0.0177219 0.0874243 -2.07223e-05 0.000274995 -1.67682e-05 -2.07223e-05 0.00978472 -0.0178498 -2.58127e-05 0.000274995 -0.0178498 0.0877586 
0.00963786 -0.0177384 -1.08978e-05 -3.32806e-05 -0.0177384 0.0875674 -3.31149e-05 0.000301525 -1.08978e-05 -3.31149e-05 0.00980938 -0.017887 -3.32806e-05 0.000301525 -0.017887 0.0879006 
0.00962818 -0.0176928 -1.85731e-05 -4.32002e-05 -0.0176928 0.0874472 -4.25358e-05 0.000330596 -1.85731e-05 -4.25358e-05 0.00981709 -0.0178997 -4.32002e-05 0.000330596 -0.0178997 0.0879107 
0.00961617 -0.0176668 -3.11378e-05 -3.27012e-05 -0.0176668 0.0873112 -3.0156e-05 0.000322957 -3.11378e-05 -3.0156e-05 0.00982507 -0.0178987 -3.27012e-05 0.000322957 -0.0178987 0.0878812 
0.0095904 -0.0176201 -3.25353e-05 -1.75279e-05 -0.0176201 0.087059 -1.25031e-05 0.000289425 -3.25353e-05 -1.25031e-05 0.00980655 -0.0178623 -1.75279e-05 0.000289425 -0.0178623 0.0876691 
0.00958117 -0.0175586 -2.06859e-05 -1.50332e-05 -0.0175586 0.0867405 -8.06263e-06 0.000264969 -2.06859e-05 -8.06263e-06 0.00974477 -0.0178015 -1.50332e-05 0.000264969 -0.0178015 0.0873522 
0.00959588 -0.0175442 -2.05372e-05 -2.92224e-05 -0.0175442 0.0865703 -2.05792e-05 0.000277611 -2.05372e-05 -2.05792e-05 0.0096905 -0.0177343 -2.92224e-05 0.000277611 -0.0177343 0.0871121 
0.00958015 -0.0175055 -2.00636e-05 -2.52634e-05 -0.0175055 0.0862301 -1.67233e-05 0.000274722 -2.00636e-05 -1.67233e-05 0.00962213 -0.0176002 -2.52634e-05 0.000274722 -0.0176002 0.0865725 
0.00960806 -0.0175798 -7.67266e-07 -3.02262e-05 -0.0175798 0.086512 -2.12975e-05 0.000285066 -7.67266e-07 -2.12975e-05 0.00960822 -0.0176226 -3.02262e-05 0.000285066 -0.0176226 0.0866992 
0.00965839 -0.0176315 8.25414e-06 -5.61568e-05 -0.0176315 0.0867719 -4.49508e-05 0.00032878 8.25414e-06 -4.49508e-05 0.00957112 -0.017626 -5.61568e-05 0.00032878 -0.017626 0.0868344 
0.00966009 -0.0176927 1.12441e-05 -6.67702e-05 -0.0176927 0.0870021 -5.26295e-05 0.000362067 1.12441e-05 -5.26295e-05 0.00958418 -0.0176039 -6.67702e-05 0.000362067 -0.0176039 0.0869234 
0.00965436 -0.0176831 1.60044e-05 -6.70592e-05 -0.0176831 0.0870376 -5.62083e-05 0.000372331 1.60044e-05 -5.62083e-05 0.00958383 -0.0175881 -6.70592e-05 0.000372331 -0.0175881 0.0868605 
0.00963279 -0.0176135 7.35467e-06 -6.61246e-05 -0.0176135 0.0867298 -6.32785e-05 0.000373362 7.35467e-06 -6.32785e-05 0.00954826 -0.0175207 -6.61246e-05 0.000373362 -0.0175207 0.086525 
0.00977392 -0.0179429 2.4407e-06 -4.81769e-05 -0.0179429 0.0883055 -5.5517e-05 0.000355711 2.4407e-06 -5.5517e-05 0.00976207 -0.0178331 -4.81769e-05 0.000355711 -0.0178331 0.0880668 
0.00970174 -0.0178583 -1.1113e-05 -4.21112e-05 -0.0178583 0.0880151 -5.41352e-05 0.000338433 -1.1113e-05 -5.41352e-05 0.00978517 -0.0178263 -4.21112e-05 0.000338433 -0.0178263 0.0878609 
0.00947058 -0.0174817 -2.44204e-05 -2.93459e-05 -0.0174817 0.0862942 -4.25959e-05 0.000314319 -2.44204e-05 -4.25959e-05 0.00964009 -0.0175493 -2.93459e-05 0.000314319 -0.0175493 0.0863277 
0.009485 -0.0174353 -2.72355e-05 -1.23022e-05 -0.0174353 0.0862397 -2.58127e-05 0.000279818 -2.72355e-05 -2.58127e-05 0.00964629 -0.0176175 -1.23022e-05 0.000279818 -0.0176175 0.0865422 
0.00954691 -0.0175473 -3.88677e-05 -4.99992e-06 -0.0175473 0.0867242 -2.02194e-05 0.000252582 -3.88677e-05 -2.02194e-05 0.00969774 -0.0177284 -4.99992e-06 0.000252582 -0.0177284 0.0871439 
0.00954614 -0.0175341 -3.94111e-05 1.2307e-05 -0.0175341 0.0866355 -5.28504e-06 0.000217391 -3.94111e-05 -5.28504e-06 0.00966965 -0.0176946 1.2307e-05 0.000217391 -0.0176946 0.0870395 
0.00951168 -0.0174477 -2.83617e-05 1.31348e-05 -0.0174477 0.0861667 -5.15635e-06 0.000197254 -2.83617e-05 -5.15635e-06 0.00959647 -0.0175636 1.31348e-05 0.000197254 -0.0175636 0.0864739 
0.00972937 -0.0178313 -1.60109e-05 -1.24326e-05 -0.0178313 0.0879926 -2.48422e-05 0.000242554 -1.60109e-05 -2.48422e-05 0.00977409 -0.0179038 -1.24326e-05 0.000242554 -0.0179038 0.0881879 
