0.00693507 0 -1.53849e-05 0 0 0.00989429 0 0 -1.53849e-05 0 0.00706448 0 0 0 0 0.00989429 
0.00981826 -0.0121868 1.41175e-05 -1.47914e-05 -0.0121868 0.0324223 -1.47914e-05 2.85914e-05 1.41175e-05 -1.47914e-05 0.00996161 -0.0123646 -1.47914e-05 2.85914e-05 -0.0123646 0.0327631 
0.00980349 -0.0182694 5.91325e-06 -2.82784e-05 -0.0182694 0.0673905 -2.82784e-05 8.35411e-05 5.91325e-06 -2.82784e-05 0.00990779 -0.018451 -2.82784e-05 8.35411e-05 -0.018451 0.0679656 
0.00925071 -0.0178081 -1.37037e-06 -7.34286e-05 -0.0178081 0.079951 -6.95358e-05 0.000400988 -1.37037e-06 -6.95358e-05 0.00922259 -0.0178713 -7.34286e-05 0.000400988 -0.0178713 0.080065 
0.00944542 -0.0176412 -4.38676e-07 -9.75077e-05 -0.0176412 0.0850959 -8.16553e-05 0.000718173 -4.38676e-07 -8.16553e-05 0.00936091 -0.0175305 -9.75077e-05 0.000718173 -0.0175305 0.0845892 
0.00941579 -0.0173447 -7.10239e-06 -7.38076e-05 -0.0173447 0.0851066 -4.97283e-05 0.00064035 -7.10239e-06 -4.97283e-05 0.00937296 -0.0171708 -7.38076e-05 0.00064035 -0.0171708 0.0843416 
0.00960652 -0.0175632 -2.34808e-05 -4.25859e-05 -0.0175632 0.0865209 -1.64092e-05 0.000449941 -2.34808e-05 -1.64092e-05 0.00954677 -0.0174749 -4.25859e-05 0.000449941 -0.0174749 0.0859263 
0.00960936 -0.0176014 -3.45715e-05 -1.55613e-05 -0.0176014 0.0866603 3.24533e-06 0.000297734 -3.45715e-05 3.24533e-06 0.00956927 -0.0174927 -1.55613e-05 0.000297734 -0.0174927 0.0861686 
0.00963995 -0.0176779 -4.7328e-05 4.8784e-06 -0.0176779 0.0870971 1.27891e-05 0.000202276 -4.7328e-05 1.27891e-05 0.00962861 -0.0175773 4.8784e-06 0.000202276 -0.0175773 0.0866299 
0.00973559 -0.0178398 -4.39218e-05 2.02329e-05 -0.0178398 0.0879663 2.21729e-05 0.000153344 -4.39218e-05 2.21729e-05 0.00973567 -0.0177835 2.02329e-05 0.000153344 -0.0177835 0.087589 
0.00966371 -0.0177105 -2.31992e-05 1.37718e-05 -0.0177105 0.0873231 1.57497e-05 0.000146492 -2.31992e-05 1.57497e-05 0.00966095 -0.0176739 1.37718e-05 0.000146492 -0.0176739 0.0870277 
0.00959718 -0.0176107 -8.63113e-06 -1.56734e-05 -0.0176107 0.0868181 -1.605e-05 0.000202193 -8.63113e-06 -1.605e-05 0.00960802 -0.0175616 -1.56734e-05 0.000202193 -0.0175616 0.0865169 
0.00956711 -0.0175746 1.70433e-06 -3.14404e-05 -0.0175746 0.0866781 -3.55607e-05 0.000257431 1.70433e-06 -3.55607e-05 0.00960475 -0.0175406 -3.14404e-05 0.000257431 -0.0175406 0.0863882 
0.00957474 -0.0175846 5.74197e-06 -4.32127e-05 -0.0175846 0.0867923 -4.95382e-05 0.000299502 5.74197e-06 -4.95382e-05 0.00961191 -0.0175916 -4.32127e-05 0.000299502 -0.0175916 0.0865858 
0.00953105 -0.017519 5.10899e-06 -4.7734e-05 -0.017519 0.0864964 -5.32381e-05 0.000319501 5.10899e-06 -5.32381e-05 0.00959489 -0.0175372 -4.7734e-05 0.000319501 -0.0175372 0.0863651 
0.00970807 -0.0178172 -2.37476e-06 -4.99666e-05 -0.0178172 0.0880197 -5.53436e-05 0.000335595 -2.37476e-06 -5.53436e-05 0.00976215 -0.0178671 -4.99666e-05 0.000335595 -0.0178671 0.0879588 
0.0096536 -0.0177369 -8.57829e-06 -3.61659e-05 -0.0177369 0.0875824 -4.23119e-05 0.000309718 -8.57829e-06 -4.23119e-05 0.00972144 -0.0177713 -3.61659e-05 0.000309718 -0.0177713 0.0875303 
0.00962718 -0.0176733 -1.01581e-06 -2.83717e-05 -0.0176733 0.0873176 -3.27753e-05 0.000281151 -1.01581e-06 -3.27753e-05 0.00969709 -0.0177442 -2.83717e-05 0.000281151 -0.0177442 0.0873411 
0.00964814 -0.0176761 -9.98083e-06 -3.32369e-05 -0.0176761 0.0873035 -3.41711e-05 0.000264782 -9.98083e-06 -3.41711e-05 0.00968342 -0.0177432 -3.32369e-05 0.000264782 -0.0177432 0.0873514 
0.00971931 -0.01782 -1.04836e-05 -2.32429e-05 -0.01782 0.087927 -2.02248e-05 0.000242768 -1.04836e-05 -2.02248e-05 0.00973906 -0.0178541 -2.32429e-05 0.000242768 -0.0178541 0.0879462 
0.00975874 -0.0178594 -2.50178e-06 -2.34239e-05 -0.0178594 0.0881252 -1.9095e-05 0.000230639 -2.50178e-06 -1.9095e-05 0.00973769 -0.0178864 -2.34239e-05 0.000230639 -0.0178864 0.0881329 
0.00978216 -0.0178879 -3.90607e-07 -3.13644e-05 -0.0178879 0.088176 -2.79069e-05 0.000237511 -3.90607e-07 -2.79069e-05 0.00971982 -0.0178515 -3.13644e-05 0.000237511 -0.0178515 0.0880688 
0.00976164 -0.017865 2.32633e-06 -3.60006e-05 -0.017865 0.0879607 -3.48455e-05 0.000254218 2.32633e-06 -3.48455e-05 0.00967316 -0.0177465 -3.60006e-05 0.000254218 -0.0177465 0.0876263 
0.00974633 -0.0178663 4.20168e-06 -3.70418e-05 -0.0178663 0.0879273 -3.92264e-05 0.000265501 4.20168e-06 -3.92264e-05 0.00965666 -0.0176954 -3.70418e-05 0.000265501 -0.0176954 0.0873884 
0.00971225 -0.0178901 6.76504e-06 -4.08354e-05 -0.0178901 0.0880771 -4.86187e-05 0.000285728 6.76504e-06 -4.86187e-05 0.00971902 -0.0177143 -4.08354e-05 0.000285728 -0.0177143 0.0874448 
0.00966017 -0.0178236 7.82936e-06 -4.6822e-05 -0.0178236 0.0879434 -5.71678e-05 0.000312435 7.82936e-06 -5.71678e-05 0.00976735 -0.0177581 -4.6822e-05 0.000312435 -0.0177581 0.087438 
0.00959601 -0.0177172 4.32422e-06 -4.64612e-05 -0.0177172 0.0875807 -5.54659e-05 0.000317418 4.32422e-06 -5.54659e-05 0.00978216 -0.0177885 -4.64612e-05 0.000317418 -0.0177885 0.0873762 
0.00957382 -0.0176603 3.11266e-06 -4.26733e-05 -0.0176603 0.087414 -4.804e-05 0.000307809 3.11266e-06 -4.804e-05 0.00980006 -0.0178415 -4.26733e-05 0.000307809 -0.0178415 0.0875234 
0.00954469 -0.0176219 1.78332e-05 -4.02347e-05 -0.0176219 0.0872664 -3.93707e-05 0.000287855 1.78332e-05 -3.93707e-05 0.00981686 -0.0178674 -4.02347e-05 0.000287855 -0.0178674 0.0876177 
0.00957861 -0.0176401 2.52226e-05 -5.64161e-05 -0.0176401 0.0874152 -5.32245e-05 0.000299455 2.52226e-05 -5.32245e-05 0.00983273 -0.0179395 -5.64161e-05 0.000299455 -0.0179395 0.0879395 
0.00961754 -0.017654 1.17774e-05 -6.18517e-05 -0.017654 0.087422 -6.1115e-05 0.000313273 1.17774e-05 -6.1115e-05 0.0097999 -0.0179355 -6.18517e-05 0.000313273 -0.0179355 0.0879956 
0.00965492 -0.0177362 -2.34636e-06 -4.43859e-05 -0.0177362 0.0876773 -4.44377e-05 0.000292734 -2.34636e-06 -4.44377e-05 0.00978837 -0.0179282 -4.43859e-05 0.000292734 -0.0179282 0.0881172 
0.00965703 -0.0177255 -8.11862e-06 -2.81746e-05 -0.0177255 0.0875834 -2.67289e-05 0.000252295 -8.11862e-06 -2.67289e-05 0.0097399 -0.0178471 -2.81746e-05 0.000252295 -0.0178471 0.087829 
0.00967922 -0.0177217 -2.15717e-05 -2.15455e-05 -0.0177217 0.0875085 -1.9085e-05 0.000222818 -2.15717e-05 -1.9085e-05 0.00967959 -0.0177782 -2.15455e-05 0.000222818 -0.0177782 0.0875691 
0.00971569 -0.0178026 -2.23251e-05 -8.63375e-06 -0.0178026 0.0877694 -4.81389e-06 0.00019609 -2.23251e-05 -4.81389e-06 0.0096877 -0.0177556 -8.63375e-06 0.00019609 -0.0177556 0.087596 
0.00977246 -0.017904 -2.56093e-05 -1.19584e-05 -0.017904 0.0882364 -4.34804e-06 0.000190939 -2.56093e-05 -4.34804e-06 0.00970912 -0.0178208 -1.19584e-05 0.000190939 -0.0178208 0.087901 
0.009755 -0.017888 -1.77675e-05 -1.01748e-05 -0.017888 0.0881389 2.56398e-06 0.000183678 -1.77675e-05 2.56398e-06 0.00968403 -0.0177719 -1.01748e-05 0.000183678 -0.0177719 0.0877135 
0.00968987 -0.0177821 -7.12995e-06 -2.42592e-05 -0.0177821 0.0876448 -1.08996e-05 0.000207704 -7.12995e-06 -1.08996e-05 0.00965171 -0.0176613 -2.42592e-05 0.000207704 -0.0176613 0.0871867 
0.00967318 -0.0177608 6.04643e-06 -3.93421e-05 -0.0177608 0.0875704 -2.85763e-05 0.000250235 6.04643e-06 -2.85763e-05 0.00965149 -0.0176709 -3.93421e-05 0.000250235 -0.0176709 0.0871405 
0.00967735 -0.0178132 -1.37336e-07 -5.5713e-05 -0.0178132 0.0878393 -4.54355e-05 0.00029397 -1.37336e-07 -4.54355e-05 0.00970296 -0.0177272 -5.5713e-05 0.00029397 -0.0177272 0.0874136 
0.00966733 -0.0177789 -3.52717e-06 -5.36391e-05 -0.0177789 0.0878059 -4.64899e-05 0.000321327 -3.52717e-06 -4.64899e-05 0.00971273 -0.0177762 -5.36391e-05 0.000321327 -0.0177762 0.0875403 
0.00966647 -0.0177629 -1.34177e-05 -3.77101e-05 -0.0177629 0.0877625 -3.47253e-05 0.000296358 -1.34177e-05 -3.47253e-05 0.00971935 -0.017793 -3.77101e-05 0.000296358 -0.017793 0.0876356 
0.00967266 -0.0177286 -4.80507e-06 -2.30334e-05 -0.0177286 0.0875976 -1.79645e-05 0.000253461 -4.80507e-06 -1.79645e-05 0.00970194 -0.017782 -2.30334e-05 0.000253461 -0.017782 0.0875782 
0.00967447 -0.0177063 -6.23915e-06 -3.04695e-05 -0.0177063 0.0873929 -2.61339e-05 0.000242632 -6.23915e-06 -2.61339e-05 0.00965654 -0.0177296 -3.04695e-05 0.000242632 -0.0177296 0.0873657 
0.00965321 -0.0177147 3.71194e-06 -3.69202e-05 -0.0177147 0.0873374 -3.80666e-05 0.000271058 3.71194e-06 -3.80666e-05 0.00965632 -0.0176854 -3.69202e-05 0.000271058 -0.0176854 0.0872268 
0.00962078 -0.0176815 8.44168e-06 -5.21473e-05 -0.0176815 0.0872268 -5.5429e-05 0.000312802 8.44168e-06 -5.5429e-05 0.00967667 -0.017673 -5.21473e-05 0.000312802 -0.017673 0.087102 
0.00963342 -0.0176701 2.81086e-06 -5.36165e-05 -0.0176701 0.0872628 -5.69304e-05 0.000330419 2.81086e-06 -5.69304e-05 0.00968087 -0.0177409 -5.36165e-05 0.000330419 -0.0177409 0.0872868 
0.00959409 -0.0176502 9.31686e-06 -4.8188e-05 -0.0176502 0.0871269 -4.97034e-05 0.000327365 9.31686e-06 -4.97034e-05 0.00968374 -0.0177141 -4.8188e-05 0.000327365 -0.0177141 0.0872209 
0.00957927 -0.0176385 8.498e-06 -5.58715e-05 -0.0176385 0.0871569 -5.50389e-05 0.000330368 8.498e-06 -5.50389e-05 0.00970218 -0.0177332 -5.58715e-05 0.000330368 -0.0177332 0.0872827 
0.00955152 -0.017583 7.01389e-06 -5.35939e-05 -0.017583 0.0869643 -5.17372e-05 0.000327336 7.01389e-06 -5.17372e-05 0.00969292 -0.0177259 -5.35939e-05 0.000327336 -0.0177259 0.0871954 
0.00953308 -0.0175629 1.9474e-05 -4.82145e-05 -0.0175629 0.0868892 -4.70107e-05 0.000311705 1.9474e-05 -4.70107e-05 0.0097023 -0.0177237 -4.82145e-05 0.000311705 -0.0177237 0.0871881 
0.00954115 -0.0175777 4.74874e-05 -6.20057e-05 -0.0175777 0.0870175 -6.12879e-05 0.00032456 4.74874e-05 -6.12879e-05 0.00971687 -0.017777 -6.20057e-05 0.00032456 -0.017777 0.0874035 
0.00956797 -0.0175835 4.43614e-05 -9.38239e-05 -0.0175835 0.0870576 -9.92743e-05 0.000385387 4.43614e-05 -9.92743e-05 0.00969673 -0.0177768 -9.38239e-05 0.000385387 -0.0177768 0.0874561 
0.0096215 -0.0176255 3.23246e-05 -9.39062e-05 -0.0176255 0.0871942 -0.000105248 0.000427956 3.23246e-05 -0.000105248 0.00967907 -0.0177762 -9.39062e-05 0.000427956 -0.0177762 0.0875414 
0.00965975 -0.0177568 2.45904e-05 -7.63212e-05 -0.0177568 0.0876679 -8.63514e-05 0.000408597 2.45904e-05 -8.63514e-05 0.00972697 -0.0177979 -7.63212e-05 0.000408597 -0.0177979 0.0877853 
0.00970545 -0.0178254 4.94148e-06 -6.76223e-05 -0.0178254 0.088062 -7.11683e-05 0.000375682 4.94148e-06 -7.11683e-05 0.00976528 -0.0178728 -6.76223e-05 0.000375682 -0.0178728 0.0880763 
0.00971522 -0.0178163 -2.01537e-05 -4.42117e-05 -0.0178163 0.0880055 -3.99267e-05 0.000316676 -2.01537e-05 -3.99267e-05 0.00974819 -0.0178612 -4.42117e-05 0.000316676 -0.0178612 0.0880014 
0.00971274 -0.0178162 -3.97223e-05 -1.35938e-05 -0.0178162 0.0879409 -7.22276e-06 0.000239069 -3.97223e-05 -7.22276e-06 0.0097348 -0.0178325 -1.35938e-05 0.000239069 -0.0178325 0.0878937 
0.00966062 -0.0177676 -3.55751e-05 1.71471e-05 -0.0177676 0.0876775 2.03728e-05 0.000155457 -3.55751e-05 2.03728e-05 0.00971797 -0.0177648 1.71471e-05 0.000155457 -0.0177648 0.0875704 
0.00962876 -0.0176984 -3.34506e-05 1.40586e-05 -0.0176984 0.0874284 1.47007e-05 0.000127263 -3.34506e-05 1.47007e-05 0.00969231 -0.01774 1.40586e-05 0.000127263 -0.01774 0.0873698 
0.00960785 -0.0176407 -3.8022e-05 1.01771e-05 -0.0176407 0.0871731 7.86451e-06 0.000133947 -3.8022e-05 7.86451e-06 0.00967005 -0.0177092 1.01771e-05 0.000133947 -0.0177092 0.0872143 
0.00961086 -0.0176648 -2.32464e-05 1.45017e-05 -0.0176648 0.0872652 4.68643e-06 0.00014404 -2.32464e-05 4.68643e-06 0.00967867 -0.0177335 1.45017e-05 0.00014404 -0.0177335 0.0873493 
0.00955648 -0.0176167 -3.35079e-06 -2.89645e-06 -0.0176167 0.0870417 -1.472e-05 0.000173201 -3.35079e-06 -1.472e-05 0.00967821 -0.0176744 -2.89645e-06 0.000173201 -0.0176744 0.0870973 
0.00959444 -0.0176125 -1.2153e-05 -2.78963e-05 -0.0176125 0.0871129 -3.50448e-05 0.000221357 -1.2153e-05 -3.50448e-05 0.00966059 -0.017705 -2.78963e-05 0.000221357 -0.017705 0.0871653 
0.00964853 -0.0176822 -2.81312e-05 -1.40699e-05 -0.0176822 0.087332 -1.75672e-05 0.00021154 -2.81312e-05 -1.75672e-05 0.00965426 -0.017709 -1.40699e-05 0.00021154 -0.017709 0.0872891 
0.00968653 -0.0177842 -3.76259e-05 7.23272e-07 -0.0177842 0.087722 4.02891e-06 0.000174537 -3.76259e-05 4.02891e-06 0.00969583 -0.0177421 7.23272e-07 0.000174537 -0.0177421 0.0875194 
0.00974365 -0.0178661 -4.87738e-05 8.63031e-06 -0.0178661 0.0881456 1.65107e-05 0.000143582 -4.87738e-05 1.65107e-05 0.00972705 -0.0178281 8.63031e-06 0.000143582 -0.0178281 0.0878782 
0.00954894 -0.0175273 -4.45961e-05 2.80572e-05 -0.0175273 0.0864264 2.93364e-05 0.000101275 -4.45961e-05 2.93364e-05 0.00952415 -0.0174614 2.80572e-05 0.000101275 -0.0174614 0.0861137 
0.00956862 -0.017562 -2.57499e-05 2.66972e-05 -0.017562 0.0866418 1.68533e-05 9.89023e-05 -2.57499e-05 1.68533e-05 0.0095478 -0.0175063 2.66972e-05 9.89023e-05 -0.0175063 0.0863473 
0.00956445 -0.0175882 5.50925e-06 3.98424e-06 -0.0175882 0.0867987 -9.80011e-06 0.00014238 5.50925e-06 -9.80011e-06 0.00959295 -0.017545 3.98424e-06 0.00014238 -0.017545 0.0865425 
0.00960213 -0.0175691 1.25492e-05 -3.63628e-05 -0.0175691 0.086789 -4.66285e-05 0.000225335 1.25492e-05 -4.66285e-05 0.0095663 -0.0175766 -3.63628e-05 0.000225335 -0.0175766 0.0866175 
0.00962676 -0.0175784 -3.40485e-06 -5.39972e-05 -0.0175784 0.0866789 -5.55086e-05 0.000289763 -3.40485e-06 -5.55086e-05 0.00953682 -0.0175135 -5.39972e-05 0.000289763 -0.0175135 0.0864492 
0.00963603 -0.0175827 -2.69213e-05 -4.37425e-05 -0.0175827 0.0865439 -3.45938e-05 0.000292992 -2.69213e-05 -3.45938e-05 0.0095081 -0.0174391 -4.37425e-05 0.000292992 -0.0174391 0.0861297 
0.00966402 -0.0176569 -3.72266e-05 -1.65756e-05 -0.0176569 0.0867988 -2.89562e-06 0.000244855 -3.72266e-05 -2.89562e-06 0.0095063 -0.0174605 -1.65756e-05 0.000244855 -0.0174605 0.0862125 
0.00963358 -0.017687 -1.90999e-05 -3.22086e-06 -0.017687 0.0869265 1.06822e-05 0.000199606 -1.90999e-05 1.06822e-05 0.0095327 -0.0174461 -3.22086e-06 0.000199606 -0.0174461 0.0861934 
0.00962409 -0.0176672 -6.95679e-06 -2.00438e-05 -0.0176672 0.0870005 -9.08341e-06 0.000206578 -6.95679e-06 -9.08341e-06 0.00956379 -0.017491 -2.00438e-05 0.000206578 -0.017491 0.0863022 
0.00961187 -0.0177229 9.84408e-06 -4.32025e-05 -0.0177229 0.0873514 -3.64882e-05 0.000268496 9.84408e-06 -3.64882e-05 0.0096586 -0.0176072 -4.32025e-05 0.000268496 -0.0176072 0.0867963 
0.00957079 -0.017676 6.94224e-06 -5.74689e-05 -0.017676 0.0873338 -5.71075e-05 0.000320217 6.94224e-06 -5.71075e-05 0.00973367 -0.0176894 -5.74689e-05 0.000320217 -0.0176894 0.0870376 
0.00954834 -0.0175793 -1.5775e-08 -4.93691e-05 -0.0175793 0.0870375 -5.24514e-05 0.000327757 -1.5775e-08 -5.24514e-05 0.00975524 -0.0177495 -4.93691e-05 0.000327757 -0.0177495 0.0871226 
0.00956665 -0.0175412 -7.78136e-06 -3.4177e-05 -0.0175412 0.0868321 -4.0946e-05 0.000299654 -7.78136e-06 -4.0946e-05 0.00973255 -0.0177787 -3.4177e-05 0.000299654 -0.0177787 0.0871989 
0.00958572 -0.0175279 -6.98541e-06 -2.05136e-05 -0.0175279 0.0866103 -2.72898e-05 0.00025798 -6.98541e-06 -2.72898e-05 0.00967304 -0.0177157 -2.05136e-05 0.00025798 -0.0177157 0.0870018 
0.00958522 -0.0175052 -9.63253e-07 -2.08832e-05 -0.0175052 0.0863125 -2.28824e-05 0.000234078 -9.63253e-07 -2.28824e-05 0.00958905 -0.0175844 -2.08832e-05 0.000234078 -0.0175844 0.0865093 
0.00959736 -0.0175467 -6.26171e-06 -3.18299e-05 -0.0175467 0.0863542 -3.09857e-05 0.00024386 -6.26171e-06 -3.09857e-05 0.00955252 -0.0175041 -3.18299e-05 0.00024386 -0.0175041 0.0862441 
0.00981873 -0.0179654 -1.2242e-05 -3.36599e-05 -0.0179654 0.0883749 -3.63718e-05 0.000275036 -1.2242e-05 -3.63718e-05 0.00975021 -0.0178605 -3.36599e-05 0.000275036 -0.0178605 0.08803 
0.00981835 -0.0179702 -2.01231e-05 -2.56848e-05 -0.0179702 0.0883768 -3.19203e-05 0.000275785 -2.01231e-05 -3.19203e-05 0.00971512 -0.0178199 -2.56848e-05 0.000275785 -0.0178199 0.0878538 
0.00960598 -0.0176522 -2.33873e-05 -1.83383e-05 -0.0176522 0.08679 -2.41825e-05 0.000261426 -2.33873e-05 -2.41825e-05 0.00953642 -0.017451 -1.83383e-05 0.000261426 -0.017451 0.0861121 
0.00960413 -0.0176256 -3.25961e-05 -7.67169e-06 -0.0176256 0.0868169 -1.48824e-05 0.000234978 -3.25961e-05 -1.48824e-05 0.00953805 -0.01747 -7.67169e-06 0.000234978 -0.01747 0.0861461 
0.00953973 -0.0175996 -2.88207e-05 4.20756e-06 -0.0175996 0.0867023 -4.10333e-06 0.000205663 -2.88207e-05 -4.10333e-06 0.00958099 -0.0174461 4.20756e-06 0.000205663 -0.0174461 0.0860526 
0.00969473 -0.0178958 -2.16217e-05 -5.1942e-06 -0.0178958 0.0884006 -9.90463e-06 0.000210756 -2.16217e-05 -9.90463e-06 0.00983266 -0.0178845 -5.1942e-06 0.000210756 -0.0178845 0.0879785 
0.00961413 -0.0178086 4.26957e-06 -1.6455e-05 -0.0178086 0.0881206 -1.96117e-05 0.000230655 4.26957e-06 -1.96117e-05 0.00988992 -0.0179355 -1.6455e-05 0.000230655 -0.0179355 0.0880637 
0.0095921 -0.0176823 9.2667e-06 -4.13869e-05 -0.0176823 0.0876999 -4.45782e-05 0.000268245 9.2667e-06 -4.45782e-05 0.00985842 -0.0179663 -4.13869e-05 0.000268245 -0.0179663 0.0880229 
0.00962196 -0.0176437 3.78131e-06 -4.19611e-05 -0.0176437 0.087429 -4.34638e-05 0.000278758 3.78131e-06 -4.34638e-05 0.00979339 -0.0179291 -4.19611e-05 0.000278758 -0.0179291 0.0879308 
0.00966076 -0.0177526 -3.52454e-06 -3.94851e-05 -0.0177526 0.0877476 -3.95313e-05 0.00027749 -3.52454e-06 -3.95313e-05 0.00978987 -0.0179318 -3.94851e-05 0.00027749 -0.0179318 0.0881422 
0.00964921 -0.0177692 -1.08155e-05 -2.56416e-05 -0.0177692 0.0877997 -2.68649e-05 0.000247469 -1.08155e-05 -2.68649e-05 0.00978495 -0.0178719 -2.56416e-05 0.000247469 -0.0178719 0.087974 
0.00961244 -0.017694 -9.26797e-06 -1.55627e-05 -0.017694 0.0874967 -1.73152e-05 0.000216397 -9.26797e-06 -1.73152e-05 0.00974295 -0.0178039 -1.55627e-05 0.000216397 -0.0178039 0.0875945 
0.00957488 -0.0176079 4.86971e-06 -1.81938e-05 -0.0176079 0.0871004 -2.33652e-05 0.000212174 4.86971e-06 -2.33652e-05 0.00969831 -0.0177346 -1.81938e-05 0.000212174 -0.0177346 0.0872411 
0.00953039 -0.0175578 1.99784e-05 -3.56567e-05 -0.0175578 0.086813 -4.20446e-05 0.000239827 1.99784e-05 -4.20446e-05 0.00966834 -0.0176629 -3.56567e-05 0.000239827 -0.0176629 0.0869256 
0.0095219 -0.0175524 1.54595e-05 -5.63206e-05 -0.0175524 0.0868166 -6.02629e-05 0.000286192 1.54595e-05 -6.02629e-05 0.00965314 -0.0176531 -5.63206e-05 0.000286192 -0.0176531 0.0868761 
0.00954106 -0.0175597 8.49985e-06 -5.81809e-05 -0.0175597 0.0868822 -5.51278e-05 0.000307523 8.49985e-06 -5.51278e-05 0.00963499 -0.0176485 -5.81809e-05 0.000307523 -0.0176485 0.086896 
0.00958717 -0.0176307 3.35444e-05 -5.1206e-05 -0.0176307 0.0872106 -3.75705e-05 0.000288808 3.35444e-05 -3.75705e-05 0.00965196 -0.0176981 -5.1206e-05 0.000288808 -0.0176981 0.0872019 
0.00964856 -0.0177124 4.44251e-05 -8.64376e-05 -0.0177124 0.0875748 -7.04974e-05 0.000331036 4.44251e-05 -7.04974e-05 0.00965376 -0.0177388 -8.64376e-05 0.000331036 -0.0177388 0.0874832 
0.00968365 -0.0177523 2.57001e-05 -9.72879e-05 -0.0177523 0.0876868 -8.45707e-05 0.000376335 2.57001e-05 -8.45707e-05 0.00962508 -0.0177039 -9.72879e-05 0.000376335 -0.0177039 0.087444 
0.00965789 -0.0177278 -6.96538e-06 -6.4769e-05 -0.0177278 0.0874732 -5.87328e-05 0.000339829 -6.96538e-06 -5.87328e-05 0.00958705 -0.0176006 -6.4769e-05 0.000339829 -0.0176006 0.0870437 
0.00960417 -0.0176707 -1.93356e-05 -1.31449e-05 -0.0176707 0.0871828 -2.16468e-05 0.000243027 -1.93356e-05 -2.16468e-05 0.00957192 -0.0175116 -1.31449e-05 0.000243027 -0.0175116 0.0866053 
0.00956226 -0.0175777 -1.48319e-05 1.24635e-05 -0.0175777 0.0868086 -7.48725e-06 0.000159846 -1.48319e-05 -7.48725e-06 0.00955808 -0.0174704 1.24635e-05 0.000159846 -0.0174704 0.0862636 
0.00958308 -0.0176214 -1.05692e-05 3.28207e-06 -0.0176214 0.0870156 -1.44711e-05 0.000145591 -1.05692e-05 -1.44711e-05 0.00958739 -0.0175504 3.28207e-06 0.000145591 -0.0175504 0.0865571 
0.00960807 -0.0176512 -1.36161e-05 -1.32133e-05 -0.0176512 0.0871745 -2.04123e-05 0.000172262 -1.36161e-05 -2.04123e-05 0.00959876 -0.0175976 -1.32133e-05 0.000172262 -0.0175976 0.0867853 
0.00957056 -0.0176125 -1.5561e-05 -1.9846e-05 -0.0176125 0.0869374 -1.40417e-05 0.000188833 -1.5561e-05 -1.40417e-05 0.00957494 -0.0175254 -1.9846e-05 0.000188833 -0.0175254 0.0864985 
0.00951992 -0.0175329 -1.50258e-05 -1.78318e-05 -0.0175329 0.0865972 -8.23747e-06 0.000186119 -1.50258e-05 -8.23747e-06 0.00955792 -0.0174676 -1.78318e-05 0.000186119 -0.0174676 0.0861713 
0.00952963 -0.0175302 -7.12569e-06 -1.79907e-05 -0.0175302 0.0866467 -1.28224e-05 0.000189598 -7.12569e-06 -1.28224e-05 0.00957057 -0.0175201 -1.79907e-05 0.000189598 -0.0175201 0.0863352 
0.00952638 -0.0175681 2.85046e-06 -2.69266e-05 -0.0175681 0.0868235 -2.77614e-05 0.000215035 2.85046e-06 -2.77614e-05 0.00960856 -0.017572 -2.69266e-05 0.000215035 -0.017572 0.0866012 
0.00949815 -0.0175007 7.62991e-06 -4.22701e-05 -0.0175007 0.0866008 -4.43094e-05 0.000255894 7.62991e-06 -4.43094e-05 0.00959715 -0.0175649 -4.22701e-05 0.000255894 -0.0175649 0.0865174 
0.00946588 -0.0174726 4.66784e-06 -4.99994e-05 -0.0174726 0.0864732 -5.14586e-05 0.000285211 4.66784e-06 -5.14586e-05 0.00961622 -0.0175533 -4.99994e-05 0.000285211 -0.0175533 0.0864744 
0.00942408 -0.0174165 -6.53261e-06 -3.28304e-05 -0.0174165 0.0862602 -3.687e-05 0.000256545 -6.53261e-06 -3.687e-05 0.0096324 -0.0175431 -3.28304e-05 0.000256545 -0.0175431 0.0863423 
0.00946144 -0.0174114 -1.84763e-05 -1.23611e-05 -0.0174114 0.0863006 -1.89335e-05 0.000202936 -1.84763e-05 -1.89335e-05 0.00961411 -0.0175999 -1.23611e-05 0.000202936 -0.0175999 0.0865021 
0.00953494 -0.0175349 -9.79321e-06 5.47444e-06 -0.0175349 0.0867706 -6.12506e-07 0.000146953 -9.79321e-06 -6.12506e-07 0.00963591 -0.0176536 5.47444e-06 0.000146953 -0.0176536 0.0869104 
0.00952495 -0.0175831 -6.58346e-07 -8.18767e-06 -0.0175831 0.086914 -1.41567e-05 0.000146299 -6.58346e-07 -1.41567e-05 0.00964603 -0.0176197 -8.18767e-06 0.000146299 -0.0176197 0.0868512 
0.00950141 -0.017554 -2.94729e-06 -1.79181e-05 -0.017554 0.0868815 -2.63394e-05 0.000168302 -2.94729e-06 -2.63394e-05 0.00964772 -0.0176173 -1.79181e-05 0.000168302 -0.0176173 0.086771 
0.0094598 -0.0175075 -1.0419e-05 -2.06969e-05 -0.0175075 0.0867441 -2.57744e-05 0.000184414 -1.0419e-05 -2.57744e-05 0.00967738 -0.0176208 -2.06969e-05 0.000184414 -0.0176208 0.0867366 
0.00939429 -0.0174216 -7.71766e-06 -9.33088e-06 -0.0174216 0.086433 -8.97701e-06 0.000162121 -7.71766e-06 -8.97701e-06 0.00970223 -0.0176211 -9.33088e-06 0.000162121 -0.0176211 0.0866053 
0.00938203 -0.0173281 -1.81549e-05 -1.0753e-05 -0.0173281 0.0861116 -8.48945e-06 0.000145828 -1.81549e-05 -8.48945e-06 0.00968438 -0.017649 -1.0753e-05 0.000145828 -0.017649 0.0865693 
0.00942609 -0.017332 -1.20699e-05 5.20378e-06 -0.017332 0.0860662 4.32198e-06 0.000117988 -1.20699e-05 4.32198e-06 0.0096423 -0.0176739 5.20378e-06 0.000117988 -0.0176739 0.0867182 
0.00944326 -0.0174026 -4.77746e-07 -6.11303e-06 -0.0174026 0.0862025 -7.9442e-06 0.000127182 -4.77746e-07 -7.9442e-06 0.00962749 -0.0176228 -6.11303e-06 0.000127182 -0.0176228 0.0867086 
0.00947166 -0.0174395 -3.60888e-06 -2.44803e-05 -0.0174395 0.0863641 -2.49221e-05 0.000166828 -3.60888e-06 -2.49221e-05 0.00961034 -0.0176014 -2.44803e-05 0.000166828 -0.0176014 0.0866672 
0.00949562 -0.01747 -4.36364e-06 -2.62543e-05 -0.01747 0.0864584 -2.43195e-05 0.000190754 -4.36364e-06 -2.43195e-05 0.0095927 -0.0175714 -2.62543e-05 0.000190754 -0.0175714 0.086586 
0.00954483 -0.0175189 -1.41309e-05 -2.13092e-05 -0.0175189 0.0866452 -1.69321e-05 0.00018173 -1.41309e-05 -1.69321e-05 0.00957882 -0.0175729 -2.13092e-05 0.00018173 -0.0175729 0.0866322 
0.00958736 -0.0176084 -2.47964e-05 -9.38831e-06 -0.0176084 0.086962 -3.57322e-06 0.000158153 -2.47964e-05 -3.57322e-06 0.00959142 -0.0175856 -9.38831e-06 0.000158153 -0.0175856 0.0867767 
0.00960207 -0.0176778 -3.06255e-05 1.6495e-06 -0.0176778 0.0872612 4.04606e-06 0.000138201 -3.06255e-05 4.04606e-06 0.00962541 -0.0176114 1.6495e-06 0.000138201 -0.0176114 0.0869251 
0.00964475 -0.017765 -2.3443e-05 1.21743e-05 -0.017765 0.0877659 9.36719e-06 0.00011838 -2.3443e-05 9.36719e-06 0.00968043 -0.0177225 1.21743e-05 0.00011838 -0.0177225 0.0874089 
0.00960395 -0.017671 -3.42646e-06 5.36778e-06 -0.017671 0.0873502 1.58397e-06 0.000117426 -3.42646e-06 1.58397e-06 0.00965666 -0.0176447 5.36778e-06 0.000117426 -0.0176447 0.0870223 
0.00958003 -0.0176475 2.66615e-05 -2.37475e-05 -0.0176475 0.0872266 -2.6215e-05 0.000169193 2.66615e-05 -2.6215e-05 0.00968034 -0.0176535 -2.37475e-05 0.000169193 -0.0176535 0.086976 
0.00958938 -0.017629 2.261e-05 -6.53505e-05 -0.017629 0.0871567 -6.98012e-05 0.000269314 2.261e-05 -6.98012e-05 0.00969707 -0.017677 -6.53505e-05 0.000269314 -0.017677 0.0869851 
0.00962475 -0.0177236 1.17277e-05 -5.69638e-05 -0.0177236 0.0875379 -6.39024e-05 0.000303291 1.17277e-05 -6.39024e-05 0.00974473 -0.0177691 -5.69638e-05 0.000303291 -0.0177691 0.0873793 
0.00966576 -0.0177597 1.62868e-05 -3.73947e-05 -0.0177597 0.0877344 -4.6312e-05 0.000274919 1.62868e-05 -4.6312e-05 0.00973 -0.0178093 -3.73947e-05 0.000274919 -0.0178093 0.0875598 
0.00969677 -0.017799 1.66149e-05 -4.15596e-05 -0.017799 0.0878456 -4.80332e-05 0.000260555 1.66149e-05 -4.80332e-05 0.009709 -0.0177816 -4.15596e-05 0.000260555 -0.0177816 0.0875614 
0.00971412 -0.0178183 1.76982e-05 -4.65323e-05 -0.0178183 0.0878623 -4.51707e-05 0.00026007 1.76982e-05 -4.51707e-05 0.00969548 -0.017733 -4.65323e-05 0.00026007 -0.017733 0.087406 
0.0097487 -0.0178282 6.68875e-06 -6.08979e-05 -0.0178282 0.0878424 -5.4541e-05 0.000293497 6.68875e-06 -5.4541e-05 0.0096556 -0.0177049 -6.08979e-05 0.000293497 -0.0177049 0.0872549 
0.00975971 -0.0179694 2.69486e-08 -5.45749e-05 -0.0179694 0.0883845 -4.57836e-05 0.000306803 2.69486e-08 -4.57836e-05 0.00975145 -0.0177629 -5.45749e-05 0.000306803 -0.0177629 0.0876299 
0.0095664 -0.0175999 6.50285e-06 -4.3977e-05 -0.0175999 0.0867675 -3.44282e-05 0.000287272 6.50285e-06 -3.44282e-05 0.00958692 -0.017501 -4.3977e-05 0.000287272 -0.017501 0.086114 
0.00958203 -0.0176433 1.58175e-05 -4.48842e-05 -0.0176433 0.0870417 -3.56382e-05 0.000274722 1.58175e-05 -3.56382e-05 0.0096417 -0.0175933 -4.48842e-05 0.000274722 -0.0175933 0.0865569 
0.00957721 -0.017666 2.37316e-05 -4.96185e-05 -0.017666 0.0872161 -4.63437e-05 0.000278928 2.37316e-05 -4.63437e-05 0.00970853 -0.0176543 -4.96185e-05 0.000278928 -0.0176543 0.08684 
0.00953087 -0.0176199 2.54336e-05 -5.67978e-05 -0.0176199 0.0870933 -6.044e-05 0.000299795 2.54336e-05 -6.044e-05 0.00976133 -0.0176929 -5.67978e-05 0.000299795 -0.0176929 0.0868863 
0.00955983 -0.0176015 1.78019e-05 -6.23075e-05 -0.0176015 0.0871558 -6.64032e-05 0.000323238 1.78019e-05 -6.64032e-05 0.0097714 -0.0178078 -6.23075e-05 0.000323238 -0.0178078 0.0872447 
0.00953549 -0.0175742 9.43775e-06 -5.63332e-05 -0.0175742 0.0869436 -5.92691e-05 0.000325472 9.43775e-06 -5.92691e-05 0.00976279 -0.0177628 -5.63332e-05 0.000325472 -0.0177628 0.0871397 
0.00955014 -0.0175889 2.34019e-06 -4.68649e-05 -0.0175889 0.0870435 -4.74949e-05 0.000308061 2.34019e-06 -4.74949e-05 0.0097782 -0.0178034 -4.68649e-05 0.000308061 -0.0178034 0.0873043 
0.00955341 -0.0175807 1.19053e-05 -3.83902e-05 -0.0175807 0.0869931 -3.09616e-05 0.000277083 1.19053e-05 -3.09616e-05 0.00975124 -0.0177992 -3.83902e-05 0.000277083 -0.0177992 0.0872984 
0.00953931 -0.0175249 2.46521e-05 -5.53011e-05 -0.0175249 0.08669 -4.02984e-05 0.000284265 2.46521e-05 -4.02984e-05 0.00968992 -0.017715 -5.53011e-05 0.000284265 -0.017715 0.0869826 
0.00953253 -0.0175671 2.5262e-05 -7.94225e-05 -0.0175671 0.0868211 -6.15091e-05 0.000335927 2.5262e-05 -6.15091e-05 0.0097145 -0.0176966 -7.94225e-05 0.000335927 -0.0176966 0.0870062 
0.00954138 -0.0175208 -3.0863e-06 -7.41601e-05 -0.0175208 0.0866686 -6.11455e-05 0.000351573 -3.0863e-06 -6.11455e-05 0.00967472 -0.0176746 -7.41601e-05 0.000351573 -0.0176746 0.0868246 
0.00953654 -0.0175345 -1.91814e-05 -3.7351e-05 -0.0175345 0.0866392 -2.93066e-05 0.000302869 -1.91814e-05 -2.93066e-05 0.00965737 -0.0176442 -3.7351e-05 0.000302869 -0.0176442 0.0867509 
