0.00704774 0 2.22345e-05 0 0 0.00996605 0 0 2.22345e-05 0 0.00710715 0 0 0 0 0.00996605 
0.00995116 -0.0123524 -9.18863e-06 8.39983e-06 -0.0123524 0.0328051 8.39983e-06 -1.66445e-05 -9.18863e-06 8.39983e-06 0.0100489 -0.0124735 8.39983e-06 -1.66445e-05 -0.0124735 0.0330383 
0.00996895 -0.0185871 -3.19891e-05 2.3582e-05 -0.0185871 0.0685228 2.3582e-05 -7.15762e-05 -3.19891e-05 2.3582e-05 0.0100692 -0.0187905 2.3582e-05 -7.15762e-05 -0.0187905 0.0691826 
0.00919706 -0.0176902 -3.75683e-05 0.000113895 -0.0176902 0.0793826 0.000120836 -0.000508794 -3.75683e-05 0.000120836 0.00919684 -0.0178873 0.000113895 -0.000508794 -0.0178873 0.0801912 
0.00944354 -0.0175543 -1.63747e-05 0.00014418 -0.0175543 0.0845872 0.000152501 -0.00090095 -1.63747e-05 0.000152501 0.00935613 -0.0176352 0.00014418 -0.00090095 -0.0176352 0.0852555 
0.00944675 -0.0173119 1.32805e-05 8.42437e-05 -0.0173119 0.0847489 8.57421e-05 -0.000770035 1.32805e-05 8.57421e-05 0.00936537 -0.0172612 8.42437e-05 -0.000770035 -0.0172612 0.0850363 
0.00962354 -0.017598 1.98021e-05 2.00961e-05 -0.017598 0.0864265 1.61228e-05 -0.000480995 1.98021e-05 1.61228e-05 0.00958558 -0.0175243 2.00961e-05 -0.000480995 -0.0175243 0.0864579 
0.00961157 -0.0175672 -8.29589e-06 6.67454e-06 -0.0175672 0.0864218 3.09497e-06 -0.000294499 -8.29589e-06 3.09497e-06 0.00958765 -0.0175442 6.67454e-06 -0.000294499 -0.0175442 0.0864356 
0.00971989 -0.0177023 -3.59568e-05 5.47604e-05 -0.0177023 0.0871655 5.01703e-05 -0.000311229 -3.59568e-05 5.01703e-05 0.00964728 -0.0177185 5.47604e-05 -0.000311229 -0.0177185 0.0872788 
0.00967909 -0.0175352 -3.25746e-05 0.000106126 -0.0175352 0.0862409 9.82247e-05 -0.000427801 -3.25746e-05 9.82247e-05 0.00949698 -0.0175063 0.000106126 -0.000427801 -0.0175063 0.0863409 
0.00983628 -0.017843 -1.60618e-05 0.000111758 -0.017843 0.0874725 0.000102147 -0.000506124 -1.60618e-05 0.000102147 0.00960938 -0.0176648 0.000111758 -0.000506124 -0.0176648 0.0873102 
0.00986868 -0.0178888 -4.94742e-06 8.69034e-05 -0.0178888 0.0875928 8.21574e-05 -0.000495658 -4.94742e-06 8.21574e-05 0.00958898 -0.0176431 8.69034e-05 -0.000495658 -0.0176431 0.0871804 
0.00987864 -0.0179919 1.1104e-05 5.7816e-05 -0.0179919 0.0879973 6.15528e-05 -0.000435626 1.1104e-05 6.15528e-05 0.00962993 -0.0176835 5.7816e-05 -0.000435626 -0.0176835 0.0874031 
0.00984531 -0.0179955 1.65342e-05 3.74468e-05 -0.0179955 0.0881615 4.83711e-05 -0.000386941 1.65342e-05 4.83711e-05 0.00966725 -0.0177357 3.74468e-05 -0.000386941 -0.0177357 0.0875785 
0.00977873 -0.0179013 2.61474e-05 2.51028e-05 -0.0179013 0.0879127 3.44723e-05 -0.000338628 2.61474e-05 3.44723e-05 0.00968242 -0.0177422 2.51028e-05 -0.000338628 -0.0177422 0.08753 
0.00975629 -0.0178025 1.96133e-05 1.32067e-05 -0.0178025 0.0875842 1.52089e-05 -0.000288687 1.96133e-05 1.52089e-05 0.00964748 -0.0177373 1.32067e-05 -0.000288687 -0.0177373 0.0874346 
0.00975071 -0.0177511 1.16789e-05 1.95334e-05 -0.0177511 0.0872883 1.89436e-05 -0.000269393 1.16789e-05 1.89436e-05 0.00959126 -0.017677 1.95334e-05 -0.000269393 -0.017677 0.0872304 
0.00972742 -0.0177345 4.22896e-06 3.05951e-05 -0.0177345 0.0870808 3.34511e-05 -0.000286731 4.22896e-06 3.34511e-05 0.00954914 -0.0175678 3.05951e-05 -0.000286731 -0.0175678 0.086852 
0.00972288 -0.0177164 -7.57708e-06 4.07504e-05 -0.0177164 0.0870053 4.51869e-05 -0.000314676 -7.57708e-06 4.51869e-05 0.00951888 -0.0175335 4.07504e-05 -0.000314676 -0.0175335 0.0866748 
0.00970726 -0.0177158 -8.57543e-07 6.04128e-05 -0.0177158 0.0869906 5.98274e-05 -0.000355217 -8.57543e-07 5.98274e-05 0.0095297 -0.0175135 6.04128e-05 -0.000355217 -0.0175135 0.0866154 
0.00971424 -0.0177366 7.76279e-06 5.42592e-05 -0.0177366 0.0871412 5.18318e-05 -0.000364107 7.76279e-06 5.18318e-05 0.00956116 -0.0175588 5.42592e-05 -0.000364107 -0.0175588 0.0867754 
0.00972922 -0.0177215 2.34421e-05 3.70372e-05 -0.0177215 0.0871058 3.55432e-05 -0.000328635 2.34421e-05 3.55432e-05 0.00955259 -0.0175779 3.70372e-05 -0.000328635 -0.0175779 0.086816 
0.0097382 -0.0177559 2.68469e-05 1.33426e-05 -0.0177559 0.0871947 1.05996e-05 -0.000268153 2.68469e-05 1.05996e-05 0.0095549 -0.01758 1.33426e-05 -0.000268153 -0.01758 0.0868817 
0.00971263 -0.0177251 1.83292e-05 1.20483e-05 -0.0177251 0.087055 9.64787e-06 -0.00024155 1.83292e-05 9.64787e-06 0.00953516 -0.0175447 1.20483e-05 -0.00024155 -0.0175447 0.0867191 
0.00968241 -0.0177384 6.8803e-06 2.66564e-05 -0.0177384 0.0871636 2.30867e-05 -0.000260665 6.8803e-06 2.30867e-05 0.00957691 -0.0175716 2.66564e-05 -0.000260665 -0.0175716 0.0868527 
0.00963273 -0.0176236 1.07624e-05 4.09605e-05 -0.0176236 0.0868022 3.73673e-05 -0.000292957 1.07624e-05 3.73673e-05 0.00956239 -0.0175725 4.09605e-05 -0.000292957 -0.0175725 0.0867196 
0.00957874 -0.0175025 2.59544e-05 3.22689e-05 -0.0175025 0.0862512 2.99023e-05 -0.000289191 2.59544e-05 2.99023e-05 0.00952917 -0.0175023 3.22689e-05 -0.000289191 -0.0175023 0.086373 
0.00957305 -0.0174804 1.76764e-05 1.10413e-05 -0.0174804 0.0861094 9.82945e-06 -0.000249871 1.76764e-05 9.82945e-06 0.00951172 -0.0174906 1.10413e-05 -0.000249871 -0.0174906 0.086303 
0.00960693 -0.0175015 8.01174e-06 2.47956e-05 -0.0175015 0.0861672 2.01871e-05 -0.00024983 8.01174e-06 2.01871e-05 0.00949393 -0.0174894 2.47956e-05 -0.00024983 -0.0174894 0.0863378 
0.00965905 -0.0176094 7.05888e-06 3.54892e-05 -0.0176094 0.0865792 2.56378e-05 -0.000263601 7.05888e-06 2.56378e-05 0.00951077 -0.0175247 3.54892e-05 -0.000263601 -0.0175247 0.0866058 
0.00965797 -0.017638 1.0832e-05 4.02373e-05 -0.017638 0.086678 2.71928e-05 -0.000276617 1.0832e-05 2.71928e-05 0.00951534 -0.0174956 4.02373e-05 -0.000276617 -0.0174956 0.0865257 
0.00961918 -0.0175945 1.27576e-05 3.84497e-05 -0.0175945 0.0865144 2.83855e-05 -0.000284777 1.27576e-05 2.83855e-05 0.00952421 -0.0174651 3.84497e-05 -0.000284777 -0.0174651 0.0863179 
0.00963034 -0.017582 1.48265e-05 3.31775e-05 -0.017582 0.086538 2.71874e-05 -0.00028152 1.48265e-05 2.71874e-05 0.00952269 -0.0175187 3.31775e-05 -0.00028152 -0.0175187 0.0864525 
0.00964297 -0.017579 6.52433e-06 3.01533e-05 -0.017579 0.0864892 2.70755e-05 -0.000278479 6.52433e-06 2.70755e-05 0.00949015 -0.0175058 3.01533e-05 -0.000278479 -0.0175058 0.0864542 
0.00962 -0.017604 4.32657e-06 3.56421e-05 -0.017604 0.0865479 3.5901e-05 -0.000283705 4.32657e-06 3.5901e-05 0.00951296 -0.0174779 3.56421e-05 -0.000283705 -0.0174779 0.0864432 
0.00958716 -0.0175364 7.7446e-06 3.46077e-05 -0.0175364 0.0863402 4.03223e-05 -0.000290056 7.7446e-06 4.03223e-05 0.0095141 -0.0174632 3.46077e-05 -0.000290056 -0.0174632 0.0862693 
0.00979582 -0.0178773 1.43053e-06 2.77956e-05 -0.0178773 0.088053 3.74006e-05 -0.000287052 1.43053e-06 3.74006e-05 0.00970761 -0.0178472 2.77956e-05 -0.000287052 -0.0178472 0.0880889 
0.00981248 -0.017875 6.88203e-06 3.93418e-05 -0.017875 0.0879717 4.90959e-05 -0.000302642 6.88203e-06 4.90959e-05 0.00967953 -0.0178352 3.93418e-05 -0.000302642 -0.0178352 0.0880498 
0.00985377 -0.0179336 1.9368e-05 3.73568e-05 -0.0179336 0.088185 4.45602e-05 -0.00031247 1.9368e-05 4.45602e-05 0.0096746 -0.017868 3.73568e-05 -0.00031247 -0.017868 0.0882698 
0.00965585 -0.0175861 1.98008e-05 2.39433e-05 -0.0175861 0.0864061 2.36253e-05 -0.000281163 1.98008e-05 2.36253e-05 0.00945804 -0.0174677 2.39433e-05 -0.000281163 -0.0174677 0.0864047 
0.00973359 -0.0176979 1.97901e-05 2.57001e-05 -0.0176979 0.0869462 1.34475e-05 -0.000258316 1.97901e-05 1.34475e-05 0.00947009 -0.0175478 2.57001e-05 -0.000258316 -0.0175478 0.0868562 
0.00975012 -0.0176932 2.3272e-05 3.19585e-05 -0.0176932 0.0868452 1.18243e-05 -0.00025552 2.3272e-05 1.18243e-05 0.00940789 -0.0174568 3.19585e-05 -0.00025552 -0.0174568 0.0865814 
0.00976238 -0.0177502 3.69704e-05 3.03099e-05 -0.0177502 0.0870023 1.09854e-05 -0.000256343 3.69704e-05 1.09854e-05 0.00940025 -0.0174022 3.03099e-05 -0.000256343 -0.0174022 0.0864683 
0.00977804 -0.0177935 4.85399e-05 9.00412e-06 -0.0177935 0.0872478 -7.12419e-06 -0.000222629 4.85399e-05 -7.12419e-06 0.00942642 -0.0174316 9.00412e-06 -0.000222629 -0.0174316 0.08659 
0.00973006 -0.0177568 5.31636e-05 -1.47518e-05 -0.0177568 0.0871291 -2.797e-05 -0.00015979 5.31636e-05 -2.797e-05 0.00945568 -0.0174241 -1.47518e-05 -0.00015979 -0.0174241 0.0865013 
0.00962642 -0.0176045 5.08001e-05 -2.49446e-05 -0.0176045 0.086529 -3.61242e-05 -0.000111992 5.08001e-05 -3.61242e-05 0.0094612 -0.0173722 -2.49446e-05 -0.000111992 -0.0173722 0.0860841 
0.00974787 -0.017796 4.83575e-05 -2.46002e-05 -0.017796 0.0876319 -3.38195e-05 -9.74331e-05 4.83575e-05 -3.38195e-05 0.00963554 -0.0177082 -2.46002e-05 -9.74331e-05 -0.0177082 0.0875218 
0.00971265 -0.0177311 3.21906e-05 -1.83541e-05 -0.0177311 0.0873179 -2.66713e-05 -0.000108472 3.21906e-05 -2.66713e-05 0.00962003 -0.0177139 -1.83541e-05 -0.000108472 -0.0177139 0.0874708 
0.00974901 -0.0177881 2.13242e-05 1.20417e-05 -0.0177881 0.0875914 4.84335e-06 -0.000174941 2.13242e-05 4.84335e-06 0.00963419 -0.0177834 1.20417e-05 -0.000174941 -0.0177834 0.0878443 
0.00975539 -0.0178233 1.816e-05 2.91067e-05 -0.0178233 0.087731 2.41121e-05 -0.000239532 1.816e-05 2.41121e-05 0.0096433 -0.0177785 2.91067e-05 -0.000239532 -0.0177785 0.0879328 
0.0097375 -0.0177852 3.25105e-05 2.81999e-05 -0.0177852 0.0875787 2.72569e-05 -0.000263571 3.25105e-05 2.72569e-05 0.00962121 -0.0177354 2.81999e-05 -0.000263571 -0.0177354 0.087728 
0.00977234 -0.017769 4.87342e-05 2.37504e-06 -0.017769 0.0875162 6.37702e-06 -0.00022595 4.87342e-05 6.37702e-06 0.00957484 -0.0177284 2.37504e-06 -0.00022595 -0.0177284 0.0876812 
0.00979676 -0.017786 4.55722e-05 -1.61483e-05 -0.017786 0.0874304 -1.14792e-05 -0.000177266 4.55722e-05 -1.14792e-05 0.00951779 -0.0176525 -1.61483e-05 -0.000177266 -0.0176525 0.0874725 
0.00981551 -0.017841 4.00813e-05 -1.19897e-05 -0.017841 0.0875617 -1.30551e-05 -0.000155185 4.00813e-05 -1.30551e-05 0.00949664 -0.017604 -1.19897e-05 -0.000155185 -0.017604 0.087375 
0.00982731 -0.017845 2.82051e-05 5.00382e-06 -0.017845 0.0875553 -7.84811e-07 -0.000181486 2.82051e-05 -7.84811e-07 0.0094688 -0.0175566 5.00382e-06 -0.000181486 -0.0175566 0.0871869 
0.00983859 -0.0178709 2.45812e-05 2.50288e-05 -0.0178709 0.0876372 1.6035e-05 -0.000228312 2.45812e-05 1.6035e-05 0.0094584 -0.0175502 2.50288e-05 -0.000228312 -0.0175502 0.0871802 
0.00980284 -0.0178717 3.49461e-05 2.33232e-05 -0.0178717 0.087624 1.78965e-05 -0.000241008 3.49461e-05 1.78965e-05 0.00948354 -0.0175231 2.33232e-05 -0.000241008 -0.0175231 0.0870933 
0.00976153 -0.0178108 5.20308e-05 4.90189e-06 -0.0178108 0.0874698 1.10918e-06 -0.000210686 5.20308e-05 1.10918e-06 0.00950922 -0.0175412 4.90189e-06 -0.000210686 -0.0175412 0.0870371 
0.00970248 -0.01774 5.41916e-05 -1.75368e-05 -0.01774 0.0872074 -2.20789e-05 -0.0001566 5.41916e-05 -2.20789e-05 0.00951948 -0.0175452 -1.75368e-05 -0.0001566 -0.0175452 0.0869401 
0.00967118 -0.0176535 5.47597e-05 -2.41453e-05 -0.0176535 0.0869211 -3.26794e-05 -0.000111625 5.47597e-05 -3.26794e-05 0.00950206 -0.0175574 -2.41453e-05 -0.000111625 -0.0175574 0.0868978 
0.00965186 -0.0176042 3.96723e-05 -2.58748e-05 -0.0176042 0.0866843 -3.49189e-05 -8.82553e-05 3.96723e-05 -3.49189e-05 0.00947278 -0.017529 -2.58748e-05 -8.82553e-05 -0.017529 0.0868004 
0.00967093 -0.0175793 5.09868e-05 -1.02642e-05 -0.0175793 0.0865431 -1.41543e-05 -0.000106959 5.09868e-05 -1.41543e-05 0.0094296 -0.0174912 -1.02642e-05 -0.000106959 -0.0174912 0.0866808 
0.00969336 -0.0176284 5.83612e-05 -1.84322e-05 -0.0176284 0.0866352 -1.90588e-05 -0.000117011 5.83612e-05 -1.90588e-05 0.0094271 -0.0174513 -1.84322e-05 -0.000117011 -0.0174513 0.0866177 
0.00964966 -0.0176408 5.18015e-05 -2.09103e-05 -0.0176408 0.0866438 -2.43773e-05 -0.000116807 5.18015e-05 -2.43773e-05 0.0094626 -0.0174314 -2.09103e-05 -0.000116807 -0.0174314 0.0864986 
0.00957657 -0.017548 2.91044e-05 -1.65447e-05 -0.017548 0.0863593 -1.64324e-05 -0.000123703 2.91044e-05 -1.64324e-05 0.00948016 -0.0174342 -1.65447e-05 -0.000123703 -0.0174342 0.0863173 
0.00976067 -0.0178463 3.19868e-05 9.14933e-06 -0.0178463 0.08799 1.20278e-05 -0.000171357 3.19868e-05 1.20278e-05 0.00967708 -0.0178462 9.14933e-06 -0.000171357 -0.0178462 0.0882012 
0.00958111 -0.0174792 4.10191e-05 3.98959e-06 -0.0174792 0.0861718 8.98426e-06 -0.000182139 4.10191e-05 8.98426e-06 0.00945012 -0.0174982 3.98959e-06 -0.000182139 -0.0174982 0.086518 
0.00965843 -0.0175764 3.90065e-05 -1.08955e-05 -0.0175764 0.0865619 -8.81244e-06 -0.0001521 3.90065e-05 -8.81244e-06 0.00943657 -0.0175245 -1.08955e-05 -0.0001521 -0.0175245 0.0868212 
0.00968432 -0.0176616 2.92853e-05 -1.339e-05 -0.0176616 0.0868485 -1.87221e-05 -0.000115463 2.92853e-05 -1.87221e-05 0.0094367 -0.0174948 -1.339e-05 -0.000115463 -0.0174948 0.0868716 
0.00963291 -0.0176392 3.00591e-05 1.64139e-06 -0.0176392 0.086769 -6.10759e-06 -0.000122659 3.00591e-05 -6.10759e-06 0.00945185 -0.0174387 1.64139e-06 -0.000122659 -0.0174387 0.0866284 
0.00961128 -0.0176045 3.72293e-05 -7.19302e-07 -0.0176045 0.0867772 -3.24583e-06 -0.000131025 3.72293e-05 -3.24583e-06 0.00949246 -0.0174927 -7.19302e-07 -0.000131025 -0.0174927 0.0867288 
0.00964377 -0.0176097 4.55217e-05 -1.38005e-05 -0.0176097 0.086893 -1.43231e-05 -0.000111046 4.55217e-05 -1.43231e-05 0.00951606 -0.0175761 -1.38005e-05 -0.000111046 -0.0175761 0.0870308 
0.00964093 -0.0175736 5.41314e-05 -2.70622e-05 -0.0175736 0.0866529 -2.93283e-05 -7.26734e-05 5.41314e-05 -2.93283e-05 0.00948362 -0.0175441 -2.70622e-05 -7.26734e-05 -0.0175441 0.0868959 
0.00966898 -0.0175535 4.41701e-05 -3.59028e-05 -0.0175535 0.0864663 -3.50615e-05 -4.87716e-05 4.41701e-05 -3.50615e-05 0.00941797 -0.017489 -3.59028e-05 -4.87716e-05 -0.017489 0.0866864 
0.00967175 -0.0175755 3.49175e-05 -2.03028e-05 -0.0175755 0.0863695 -1.4215e-05 -7.58045e-05 3.49175e-05 -1.4215e-05 0.00937501 -0.0173929 -2.03028e-05 -7.58045e-05 -0.0173929 0.0863851 
0.0097181 -0.0176717 4.21166e-05 -4.00992e-06 -0.0176717 0.0867598 1.80573e-06 -0.000124565 4.21166e-05 1.80573e-06 0.00939291 -0.0174107 -4.00992e-06 -0.000124565 -0.0174107 0.086528 
0.00974544 -0.0177295 4.7431e-05 -6.17078e-06 -0.0177295 0.0870106 -3.97076e-06 -0.000147055 4.7431e-05 -3.97076e-06 0.00940923 -0.0174226 -6.17078e-06 -0.000147055 -0.0174226 0.0865951 
0.00977688 -0.017785 4.89302e-05 -1.95298e-05 -0.017785 0.0872998 -1.91062e-05 -0.000121531 4.89302e-05 -1.91062e-05 0.00944285 -0.0174887 -1.95298e-05 -0.000121531 -0.0174887 0.0868643 
0.0098733 -0.0179138 6.13573e-05 -1.60236e-05 -0.0179138 0.0879173 -1.66432e-05 -0.000120457 6.13573e-05 -1.66432e-05 0.0094742 -0.0176104 -1.60236e-05 -0.000120457 -0.0176104 0.0874604 
0.00992257 -0.0179703 7.29726e-05 -3.34656e-05 -0.0179703 0.0881041 -3.28215e-05 -9.45423e-05 7.29726e-05 -3.28215e-05 0.00946027 -0.0176128 -3.34656e-05 -9.45423e-05 -0.0176128 0.0875886 
0.00990889 -0.0180083 7.90883e-05 -4.49303e-05 -0.0180083 0.0881642 -4.41867e-05 -6.64282e-05 7.90883e-05 -4.41867e-05 0.00946844 -0.0175585 -4.49303e-05 -6.64282e-05 -0.0175585 0.0874517 
0.00984333 -0.0179571 5.99224e-05 -5.21708e-05 -0.0179571 0.0879991 -5.84884e-05 -3.49646e-05 5.99224e-05 -5.84884e-05 0.0094905 -0.0175356 -5.21708e-05 -3.49646e-05 -0.0175356 0.087246 
0.00976605 -0.0178264 4.7302e-05 -2.87152e-05 -0.0178264 0.0875578 -4.09243e-05 -4.93431e-05 4.7302e-05 -4.09243e-05 0.00949401 -0.0175315 -2.87152e-05 -4.93431e-05 -0.0175315 0.0870316 
0.00969764 -0.0176964 3.96759e-05 -9.82444e-06 -0.0176964 0.0870384 -2.09904e-05 -9.40789e-05 3.96759e-05 -2.09904e-05 0.00948836 -0.0175094 -9.82444e-06 -9.40789e-05 -0.0175094 0.0868058 
0.00968439 -0.0176112 4.5315e-05 1.25625e-06 -0.0176112 0.0866752 -4.78608e-06 -0.000138945 4.5315e-05 -4.78608e-06 0.00946273 -0.0175086 1.25625e-06 -0.000138945 -0.0175086 0.0867063 
0.00970632 -0.0176055 4.68613e-05 -9.1483e-06 -0.0176055 0.086542 -1.31453e-05 -0.000139967 4.68613e-05 -1.31453e-05 0.0094256 -0.0174901 -9.1483e-06 -0.000139967 -0.0174901 0.0866613 
0.00972766 -0.0176851 4.39708e-05 -1.3575e-05 -0.0176851 0.0867794 -1.9068e-05 -0.000124067 4.39708e-05 -1.9068e-05 0.00943206 -0.0174885 -1.3575e-05 -0.000124067 -0.0174885 0.0867791 
0.00972197 -0.0177167 3.33663e-05 -7.27247e-06 -0.0177167 0.0869372 -1.39836e-05 -0.000128783 3.33663e-05 -1.39836e-05 0.00944373 -0.0174809 -7.27247e-06 -0.000128783 -0.0174809 0.0867829 
0.00965286 -0.0176073 3.11485e-05 8.44307e-06 -0.0176073 0.08649 4.49427e-06 -0.000163455 3.11485e-05 4.49427e-06 0.00940969 -0.0173949 8.44307e-06 -0.000163455 -0.0173949 0.086313 
0.0098177 -0.0178981 3.17323e-05 1.07373e-05 -0.0178981 0.0879998 7.79468e-06 -0.00018773 3.17323e-05 7.79468e-06 0.00958858 -0.0177301 1.07373e-05 -0.00018773 -0.0177301 0.0879061 
0.00981002 -0.0178983 4.20743e-05 5.83021e-06 -0.0178983 0.08802 6.18339e-06 -0.00018496 4.20743e-05 6.18339e-06 0.00960243 -0.0177597 5.83021e-06 -0.00018496 -0.0177597 0.0880224 
0.00979843 -0.0178862 4.10302e-05 -1.50009e-05 -0.0178862 0.0879988 -9.86381e-06 -0.000146588 4.10302e-05 -9.86381e-06 0.00959819 -0.0177645 -1.50009e-05 -0.000146588 -0.0177645 0.088047 
0.00978247 -0.0178606 3.71358e-05 -1.84962e-05 -0.0178606 0.0879053 -7.87579e-06 -0.000122179 3.71358e-05 -7.87579e-06 0.00958514 -0.0177387 -1.84962e-05 -0.000122179 -0.0177387 0.0879586 
0.00981298 -0.0178767 3.86966e-05 -1.16066e-05 -0.0178767 0.0879961 2.52801e-06 -0.000131852 3.86966e-05 2.52801e-06 0.00957595 -0.017743 -1.16066e-05 -0.000131852 -0.017743 0.0880089 
0.00961113 -0.0175349 5.27261e-05 -1.52206e-05 -0.0175349 0.0862296 -8.01811e-07 -0.000127475 5.27261e-05 -8.01811e-07 0.00936915 -0.0173497 -1.52206e-05 -0.000127475 -0.0173497 0.0861296 
0.00961754 -0.0175631 5.2861e-05 -2.54163e-05 -0.0175631 0.0863926 -1.44162e-05 -0.000115196 5.2861e-05 -1.44162e-05 0.00938379 -0.0173624 -2.54163e-05 -0.000115196 -0.0173624 0.0862047 
0.00961614 -0.0175642 3.71989e-05 -2.8616e-05 -0.0175642 0.0864425 -2.27578e-05 -9.19716e-05 3.71989e-05 -2.27578e-05 0.00938917 -0.0173735 -2.8616e-05 -9.19716e-05 -0.0173735 0.0862419 
0.00978911 -0.0178595 3.95284e-05 -1.35042e-05 -0.0178595 0.0879285 -1.31381e-05 -9.53691e-05 3.95284e-05 -1.31381e-05 0.0095576 -0.0176789 -1.35042e-05 -9.53691e-05 -0.0176789 0.087754 
0.00981149 -0.017864 3.29411e-05 -5.72999e-06 -0.017864 0.0879276 -1.22221e-05 -0.000114694 3.29411e-05 -1.22221e-05 0.00953463 -0.017688 -5.72999e-06 -0.000114694 -0.017688 0.0877784 
0.00981455 -0.017833 2.99448e-05 4.5544e-06 -0.017833 0.0876819 -6.34792e-06 -0.000130155 2.99448e-05 -6.34792e-06 0.00947148 -0.017603 4.5544e-06 -0.000130155 -0.017603 0.0874617 
0.00987961 -0.0179223 3.57269e-05 9.45146e-06 -0.0179223 0.0879783 -3.23639e-06 -0.000143435 3.57269e-05 -3.23639e-06 0.00944293 -0.0175934 9.45146e-06 -0.000143435 -0.0175934 0.0875455 
0.00990538 -0.0180002 5.4547e-05 -1.36594e-06 -0.0180002 0.0882305 -1.01702e-05 -0.000131365 5.4547e-05 -1.01702e-05 0.00943586 -0.0175577 -1.36594e-06 -0.000131365 -0.0175577 0.0875259 
0.0098801 -0.0180358 4.85616e-05 -2.99907e-05 -0.0180358 0.0884127 -2.97227e-05 -8.57146e-05 4.85616e-05 -2.97227e-05 0.00947671 -0.0175524 -2.99907e-05 -8.57146e-05 -0.0175524 0.0875262 
0.00982883 -0.0179979 2.72741e-05 -2.6673e-05 -0.0179979 0.0884079 -2.28142e-05 -6.73425e-05 2.72741e-05 -2.28142e-05 0.00953145 -0.0175976 -2.6673e-05 -6.73425e-05 -0.0175976 0.0875908 
0.00977786 -0.0178973 2.30872e-05 -1.39481e-06 -0.0178973 0.0881273 -3.44447e-06 -9.3995e-05 2.30872e-05 -3.44447e-06 0.00955386 -0.0176404 -1.39481e-06 -9.3995e-05 -0.0176404 0.0876066 
0.00976281 -0.017815 4.79717e-05 9.04061e-06 -0.017815 0.0878391 -8.53634e-08 -0.000121714 4.79717e-05 -8.53634e-08 0.00953689 -0.0176788 9.04061e-06 -0.000121714 -0.0176788 0.0876816 
0.00980733 -0.0178415 8.56138e-05 -1.62621e-05 -0.0178415 0.087913 -3.11781e-05 -8.95486e-05 8.56138e-05 -3.11781e-05 0.00953055 -0.0177042 -1.62621e-05 -8.95486e-05 -0.0177042 0.0879 
0.00959083 -0.0175343 9.91991e-05 -6.03788e-05 -0.0175343 0.0862521 -7.83109e-05 5.09952e-06 9.91991e-05 -7.83109e-05 0.00937059 -0.0173242 -6.03788e-05 5.09952e-06 -0.0173242 0.0861405 
0.00962285 -0.0175612 0.000105783 -8.0789e-05 -0.0175612 0.0865078 -9.94121e-05 8.25463e-05 0.000105783 -9.94121e-05 0.00937897 -0.0173987 -8.0789e-05 8.25463e-05 -0.0173987 0.0863923 
0.00961775 -0.0175604 8.73978e-05 -0.000100145 -0.0175604 0.0864806 -0.000109359 0.000142538 8.73978e-05 -0.000109359 0.00937184 -0.0173693 -0.000100145 0.000142538 -0.0173693 0.0863425 
0.00958646 -0.0175156 7.3511e-05 -8.17282e-05 -0.0175156 0.0862672 -8.36742e-05 0.000133189 7.3511e-05 -8.36742e-05 0.00936126 -0.0173122 -8.17282e-05 0.000133189 -0.0173122 0.086078 
0.00957705 -0.0174732 7.73563e-05 -5.76139e-05 -0.0174732 0.0860959 -5.83473e-05 7.34839e-05 7.73563e-05 -5.83473e-05 0.00933671 -0.0172981 -5.76139e-05 7.34839e-05 -0.0172981 0.0859322 
0.00981851 -0.0178536 7.81691e-05 -5.89996e-05 -0.0178536 0.0879365 -6.19451e-05 4.54284e-05 7.81691e-05 -6.19451e-05 0.00950819 -0.0176643 -5.89996e-05 4.54284e-05 -0.0176643 0.087783 
0.00979494 -0.017892 5.81224e-05 -5.82755e-05 -0.017892 0.0879635 -6.34569e-05 4.27811e-05 5.81224e-05 -6.34569e-05 0.00953226 -0.0176143 -5.82755e-05 4.27811e-05 -0.0176143 0.0876653 
0.00973387 -0.0178198 5.76133e-05 -4.1683e-05 -0.0178198 0.0877109 -4.66138e-05 2.63824e-05 5.76133e-05 -4.66138e-05 0.00955147 -0.0175943 -4.1683e-05 2.63824e-05 -0.0175943 0.0874105 
0.00974925 -0.0177921 6.07605e-05 -3.65998e-05 -0.0177921 0.0877154 -3.71537e-05 -4.01311e-06 6.07605e-05 -3.71537e-05 0.00956577 -0.0176865 -3.65998e-05 -4.01311e-06 -0.0176865 0.0876491 
0.00974816 -0.0177519 6.30795e-05 -4.00833e-05 -0.0177519 0.0874635 -3.80509e-05 -1.24381e-05 6.30795e-05 -3.80509e-05 0.00952467 -0.0176631 -4.00833e-05 -1.24381e-05 -0.0176631 0.0875619 
0.00976923 -0.0177851 8.47547e-05 -5.07528e-05 -0.0177851 0.0875265 -4.77885e-05 1.23138e-05 8.47547e-05 -4.77885e-05 0.00951671 -0.0176507 -5.07528e-05 1.23138e-05 -0.0176507 0.087612 
0.0097782 -0.0178159 9.60252e-05 -7.85366e-05 -0.0178159 0.0876181 -7.27634e-05 6.35938e-05 9.60252e-05 -7.27634e-05 0.00951345 -0.0176415 -7.85366e-05 6.35938e-05 -0.0176415 0.0876159 
0.00976603 -0.0178085 0.000110779 -9.3296e-05 -0.0178085 0.0875749 -8.68494e-05 0.000111938 0.000110779 -8.68494e-05 0.00950499 -0.0176108 -9.3296e-05 0.000111938 -0.0176108 0.0874898 
0.00976278 -0.017879 0.000124925 -0.000111841 -0.017879 0.0879448 -0.000107543 0.00016074 0.000124925 -0.000107543 0.00957482 -0.0176829 -0.000111841 0.00016074 -0.0176829 0.0878284 
0.00955535 -0.0175153 0.000108872 -0.000119978 -0.0175153 0.0863391 -0.00011746 0.000187993 0.000108872 -0.00011746 0.00942625 -0.0174158 -0.000119978 0.000187993 -0.0174158 0.0863665 
0.00953395 -0.0174349 9.79052e-05 -0.000104058 -0.0174349 0.0860773 -0.000101894 0.000177521 9.79052e-05 -0.000101894 0.00941469 -0.0174164 -0.000104058 0.000177521 -0.0174164 0.0863237 
0.0097623 -0.0177796 9.02253e-05 -9.05976e-05 -0.0177796 0.0877551 -9.23806e-05 0.000148067 9.02253e-05 -9.23806e-05 0.00956964 -0.0177681 -9.05976e-05 0.000148067 -0.0177681 0.0881061 
0.00976729 -0.0177734 7.20693e-05 -7.45118e-05 -0.0177734 0.0875576 -8.34271e-05 0.00011533 7.20693e-05 -8.34271e-05 0.00951745 -0.0176735 -7.45118e-05 0.00011533 -0.0176735 0.0877964 
0.0097772 -0.0177961 6.65607e-05 -5.20284e-05 -0.0177961 0.0875553 -6.64502e-05 7.49299e-05 6.65607e-05 -6.64502e-05 0.00949353 -0.0176121 -5.20284e-05 7.49299e-05 -0.0176121 0.087577 
0.00978334 -0.0178794 5.69789e-05 -4.6272e-05 -0.0178794 0.0879123 -5.79287e-05 4.38952e-05 5.69789e-05 -5.79287e-05 0.00954449 -0.0176485 -4.6272e-05 4.38952e-05 -0.0176485 0.0877654 
0.00958704 -0.017516 5.25281e-05 -3.38648e-05 -0.017516 0.0862499 -3.6586e-05 2.29531e-06 5.25281e-05 -3.6586e-05 0.00937086 -0.0173431 -3.38648e-05 2.29531e-06 -0.0173431 0.086127 
0.00960949 -0.0175515 3.88765e-05 -3.10625e-05 -0.0175515 0.0864629 -2.46071e-05 -3.15536e-05 3.88765e-05 -2.46071e-05 0.00939047 -0.0174007 -3.10625e-05 -3.15536e-05 -0.0174007 0.0864037 
0.00956337 -0.0174959 2.39806e-05 -2.14558e-05 -0.0174959 0.0861802 -7.51497e-06 -6.00998e-05 2.39806e-05 -7.51497e-06 0.00936653 -0.0173206 -2.14558e-05 -6.00998e-05 -0.0173206 0.0860746 
0.00974975 -0.0177975 1.79001e-05 5.19997e-09 -0.0177975 0.0877364 1.91965e-05 -0.000118979 1.79001e-05 1.91965e-05 0.00953071 -0.0176465 5.19997e-09 -0.000118979 -0.0176465 0.087643 
0.00973186 -0.0177135 1.96194e-05 6.89566e-06 -0.0177135 0.0872849 2.30698e-05 -0.000149638 1.96194e-05 2.30698e-05 0.00945947 -0.0175595 6.89566e-06 -0.000149638 -0.0175595 0.0872219 
0.00972205 -0.0176995 3.91026e-05 1.78273e-06 -0.0176995 0.0870961 1.01613e-05 -0.000136687 3.91026e-05 1.01613e-05 0.00942065 -0.0174895 1.78273e-06 -0.000136687 -0.0174895 0.0869643 
0.00969798 -0.0176858 4.84659e-05 -1.26354e-05 -0.0176858 0.0869718 -1.0208e-05 -0.000110661 4.84659e-05 -1.0208e-05 0.00940414 -0.01743 -1.26354e-05 -0.000110661 -0.01743 0.0867151 
0.00967673 -0.0176975 5.80376e-05 -2.99214e-05 -0.0176975 0.0870429 -2.81954e-05 -6.28415e-05 5.80376e-05 -2.81954e-05 0.0094267 -0.017432 -2.99214e-05 -6.28415e-05 -0.017432 0.0866988 
0.00964322 -0.0176368 7.17488e-05 -4.93602e-05 -0.0176368 0.0868568 -4.01295e-05 -1.4522e-05 7.17488e-05 -4.01295e-05 0.00944073 -0.0174239 -4.93602e-05 -1.4522e-05 -0.0174239 0.0865598 
0.00965912 -0.017642 7.14833e-05 -6.34323e-05 -0.017642 0.0869397 -4.89316e-05 1.44892e-05 7.14833e-05 -4.89316e-05 0.00945954 -0.0174971 -6.34323e-05 1.44892e-05 -0.0174971 0.0867891 
0.00970758 -0.017713 8.35098e-05 -6.35969e-05 -0.017713 0.0872689 -5.08731e-05 2.871e-05 8.35098e-05 -5.08731e-05 0.00948134 -0.0175819 -6.35969e-05 2.871e-05 -0.0175819 0.0872184 
0.00967365 -0.0177533 6.44738e-05 -7.94448e-05 -0.0177533 0.0874048 -7.19063e-05 6.31271e-05 6.44738e-05 -7.19063e-05 0.00952199 -0.017569 -7.94448e-05 6.31271e-05 -0.017569 0.0872727 
0.00963252 -0.0176756 4.01123e-05 -4.75904e-05 -0.0176756 0.0872207 -4.8679e-05 3.36359e-05 4.01123e-05 -4.8679e-05 0.00953223 -0.0175719 -4.75904e-05 3.36359e-05 -0.0175719 0.0871506 
0.00962075 -0.0176541 2.26892e-05 -1.34846e-05 -0.0176541 0.0872049 -2.08505e-05 -3.56689e-05 2.26892e-05 -2.08505e-05 0.00956529 -0.0176223 -1.34846e-05 -3.56689e-05 -0.0176223 0.0873038 
0.0096576 -0.0176689 3.65241e-05 8.79714e-06 -0.0176689 0.0873418 -7.47957e-07 -9.9621e-05 3.65241e-05 -7.47957e-07 0.00958268 -0.0177098 8.79714e-06 -9.9621e-05 -0.0177098 0.0876483 
0.00971818 -0.0177309 4.95089e-05 -2.32308e-06 -0.0177309 0.0875756 -1.44331e-05 -0.000111104 4.95089e-05 -1.44331e-05 0.00956428 -0.0177564 -2.32308e-06 -0.000111104 -0.0177564 0.0879553 
0.00973256 -0.017786 5.7919e-05 -1.99739e-05 -0.017786 0.0877013 -3.18044e-05 -7.93411e-05 5.7919e-05 -3.18044e-05 0.00954661 -0.0177016 -1.99739e-05 -7.93411e-05 -0.0177016 0.0879112 
0.00973262 -0.0177438 7.47255e-05 -4.19111e-05 -0.0177438 0.0874901 -5.17156e-05 -1.79423e-05 7.47255e-05 -5.17156e-05 0.00949108 -0.0176068 -4.19111e-05 -1.79423e-05 -0.0176068 0.0875093 
0.00972255 -0.0177431 8.33322e-05 -6.56801e-05 -0.0177431 0.087368 -7.02581e-05 4.08422e-05 8.33322e-05 -7.02581e-05 0.00946928 -0.0175205 -6.56801e-05 4.08422e-05 -0.0175205 0.087161 
0.00970721 -0.0177339 7.91653e-05 -8.07103e-05 -0.0177339 0.0872959 -7.92741e-05 8.71891e-05 7.91653e-05 -7.92741e-05 0.00946878 -0.0174892 -8.07103e-05 8.71891e-05 -0.0174892 0.0869472 
0.00968574 -0.0177016 5.87752e-05 -7.78168e-05 -0.0177016 0.087163 -6.84772e-05 9.2014e-05 5.87752e-05 -6.84772e-05 0.00947194 -0.0174843 -7.78168e-05 9.2014e-05 -0.0174843 0.0868223 
0.00971623 -0.0177632 4.14049e-05 -5.40604e-05 -0.0177632 0.0875022 -3.90242e-05 4.54538e-05 4.14049e-05 -3.90242e-05 0.00951267 -0.017597 -5.40604e-05 4.54538e-05 -0.017597 0.0872822 
0.0097079 -0.0177704 2.72465e-05 -2.56113e-05 -0.0177704 0.0875626 -9.29996e-06 -3.3487e-05 2.72465e-05 -9.29996e-06 0.00954809 -0.01762 -2.56113e-05 -3.3487e-05 -0.01762 0.0874273 
