0.00689381 0 -0.000205975 0 0 0.00998824 0 0 -0.000205975 0 0.00723339 0 0 0 0 0.00998824 
0.0097778 -0.0121445 -0.000240895 0.000289457 -0.0121445 0.0324267 0.000289457 -0.000555716 -0.000240895 0.000289457 0.0101827 -0.0126334 0.000289457 -0.000555716 -0.0126334 0.0333638 
0.00986 -0.0184478 -0.000179709 0.00019834 -0.0184478 0.0681311 0.00019834 -0.000578534 -0.000179709 0.00019834 0.0101451 -0.0188539 0.00019834 -0.000578534 -0.0188539 0.0693529 
0.00909924 -0.0177495 -0.000143921 3.61241e-05 -0.0177495 0.0798575 2.6865e-05 0.000241469 -0.000143921 2.6865e-05 0.00926972 -0.0178341 3.61241e-05 0.000241469 -0.0178341 0.0797689 
0.00907299 -0.0171568 -0.00014329 4.37121e-05 -0.0171568 0.0832442 3.60517e-05 0.000484246 -0.00014329 3.60517e-05 0.0092266 -0.0171702 4.37121e-05 0.000484246 -0.0171702 0.0825485 
0.00928603 -0.0172384 -0.00016402 7.82131e-05 -0.0172384 0.0851769 8.38117e-05 0.000323918 -0.00016402 8.38117e-05 0.00945747 -0.0172782 7.82131e-05 0.000323918 -0.0172782 0.0845271 
0.00949016 -0.0175565 -0.000171484 0.000112922 -0.0175565 0.0869242 0.000128137 0.000112898 -0.000171484 0.000128137 0.00967997 -0.0176129 0.000112922 0.000112898 -0.0176129 0.0864329 
0.00943016 -0.0174378 -0.000173298 0.000122987 -0.0174378 0.0864117 0.000137955 -2.14354e-05 -0.000173298 0.000137955 0.00965152 -0.0175247 0.000122987 -2.14354e-05 -0.0175247 0.0860933 
0.00947292 -0.0175352 -0.00018281 0.000127466 -0.0175352 0.0869297 0.000138183 -7.46081e-05 -0.00018281 0.000138183 0.00974651 -0.0176562 0.000127466 -7.46081e-05 -0.0176562 0.086727 
0.00936884 -0.01736 -0.000189511 0.000129696 -0.01736 0.0861007 0.000137719 -8.45292e-05 -0.000189511 0.000137719 0.00967894 -0.0175347 0.000129696 -8.45292e-05 -0.0175347 0.0860241 
0.00949574 -0.017585 -0.000177508 0.000137323 -0.017585 0.0872702 0.000147603 -9.35715e-05 -0.000177508 0.000147603 0.00983194 -0.0178151 0.000137323 -9.35715e-05 -0.0178151 0.0873314 
0.00939901 -0.0174096 -0.000150552 0.000113833 -0.0174096 0.0863977 0.000123094 -5.41268e-05 -0.000150552 0.000123094 0.00974331 -0.0176666 0.000113833 -5.41268e-05 -0.0176666 0.0865625 
0.00958649 -0.0176973 -0.000147036 8.64249e-05 -0.0176973 0.0878492 9.25204e-05 1.63608e-05 -0.000147036 9.25204e-05 0.00989641 -0.0179939 8.64249e-05 1.63608e-05 -0.0179939 0.0881371 
0.00958432 -0.0177017 -0.00014353 8.07533e-05 -0.0177017 0.0877408 8.88044e-05 5.13806e-05 -0.00014353 8.88044e-05 0.00987159 -0.0179512 8.07533e-05 5.13806e-05 -0.0179512 0.0880132 
0.00959282 -0.0177236 -0.000148177 7.79172e-05 -0.0177236 0.0877983 8.66325e-05 6.40779e-05 -0.000148177 8.66325e-05 0.00985759 -0.0179389 7.79172e-05 6.40779e-05 -0.0179389 0.0879911 
0.00956361 -0.0177301 -0.000152141 8.43834e-05 -0.0177301 0.0878047 9.35452e-05 5.53499e-05 -0.000152141 9.35452e-05 0.00985993 -0.0179085 8.43834e-05 5.53499e-05 -0.0179085 0.0878993 
0.00955629 -0.0177184 -0.000152148 9.12258e-05 -0.0177184 0.0878781 9.67268e-05 4.1791e-05 -0.000152148 9.67268e-05 0.00986943 -0.0179467 9.12258e-05 4.1791e-05 -0.0179467 0.0880258 
0.00936099 -0.0173404 -0.000162038 9.41785e-05 -0.0173404 0.0860836 9.55798e-05 2.78592e-05 -0.000162038 9.55798e-05 0.00967821 -0.0176094 9.41785e-05 2.78592e-05 -0.0176094 0.0863716 
0.00939226 -0.0173243 -0.0001504 0.000108324 -0.0173243 0.0860203 0.000109915 2.45451e-06 -0.0001504 0.000109915 0.00965084 -0.0176134 0.000108324 2.45451e-06 -0.0176134 0.0864124 
0.00961532 -0.0177149 -0.000159241 9.80627e-05 -0.0177149 0.0878204 0.000100033 4.87898e-06 -0.000159241 0.000100033 0.00982754 -0.01795 9.80627e-05 4.87898e-06 -0.01795 0.088186 
0.0096041 -0.0177428 -0.000173536 0.000106223 -0.0177428 0.0878285 0.000106076 -8.99189e-07 -0.000173536 0.000106076 0.00980554 -0.0178884 0.000106223 -8.99189e-07 -0.0178884 0.087997 
0.00955286 -0.0176734 -0.000172325 0.000132376 -0.0176734 0.087521 0.000124913 -4.72456e-05 -0.000172325 0.000124913 0.00975944 -0.0177905 0.000132376 -4.72456e-05 -0.0177905 0.087538 
0.00956127 -0.01764 -0.000152911 0.000137824 -0.01764 0.0874329 0.000129063 -8.62175e-05 -0.000152911 0.000129063 0.00973026 -0.0177741 0.000137824 -8.62175e-05 -0.0177741 0.0874336 
0.00957558 -0.0176443 -0.000136422 0.000114352 -0.0176443 0.0873931 0.000109148 -6.98411e-05 -0.000136422 0.000109148 0.00971536 -0.0177506 0.000114352 -6.98411e-05 -0.0177506 0.0873772 
0.00960655 -0.0176773 -0.000123541 9.84445e-05 -0.0176773 0.0874845 9.51691e-05 -4.25251e-05 -0.000123541 9.51691e-05 0.00971051 -0.0177482 9.84445e-05 -4.25251e-05 -0.0177482 0.0873976 
0.00961731 -0.0177356 -0.000125903 8.10359e-05 -0.0177356 0.0876675 7.50748e-05 1.21864e-06 -0.000125903 7.50748e-05 0.00972436 -0.0177497 8.10359e-05 1.21864e-06 -0.0177497 0.087445 
0.00958735 -0.0176986 -0.000137134 8.129e-05 -0.0176986 0.0875115 7.29156e-05 2.51938e-05 -0.000137134 7.29156e-05 0.00970923 -0.0177078 8.129e-05 2.51938e-05 -0.0177078 0.087209 
0.00956524 -0.0176674 -0.000155309 9.06828e-05 -0.0176674 0.0873974 8.38896e-05 1.91682e-05 -0.000155309 8.38896e-05 0.00970144 -0.0176914 9.06828e-05 1.91682e-05 -0.0176914 0.0870848 
0.00951223 -0.0175727 -0.000165744 0.000114249 -0.0175727 0.0869635 0.000111136 -3.08521e-05 -0.000165744 0.000111136 0.00965036 -0.0176105 0.000114249 -3.08521e-05 -0.0176105 0.0866677 
0.00952211 -0.0175741 -0.000152852 0.00012857 -0.0175741 0.0869955 0.000131351 -8.65419e-05 -0.000152852 0.000131351 0.00963571 -0.017619 0.00012857 -8.65419e-05 -0.017619 0.0867234 
0.00947188 -0.017523 -0.000142322 0.000117655 -0.017523 0.086718 0.000121439 -9.85237e-05 -0.000142322 0.000121439 0.0096136 -0.0175372 0.000117655 -9.85237e-05 -0.0175372 0.0864066 
0.0094513 -0.0174317 -0.000123661 0.000111017 -0.0174317 0.0863555 0.000108317 -8.7687e-05 -0.000123661 0.000108317 0.0095597 -0.017482 0.000111017 -8.7687e-05 -0.017482 0.0860792 
0.00965107 -0.0178235 -0.000124668 9.42365e-05 -0.0178235 0.0882274 8.5069e-05 -5.19347e-05 -0.000124668 8.5069e-05 0.00977526 -0.0178519 9.42365e-05 -5.19347e-05 -0.0178519 0.0879636 
0.00944486 -0.0174808 -0.000124093 9.11584e-05 -0.0174808 0.0865462 7.71593e-05 -2.50011e-05 -0.000124093 7.71593e-05 0.00960737 -0.0175171 9.11584e-05 -2.50011e-05 -0.0175171 0.0862907 
0.00947125 -0.0175376 -0.000126323 9.47116e-05 -0.0175376 0.0869212 8.02406e-05 -2.30889e-05 -0.000126323 8.02406e-05 0.00967412 -0.0176259 9.47116e-05 -2.30889e-05 -0.0176259 0.086749 
0.00949542 -0.0175491 -0.000133362 9.24282e-05 -0.0175491 0.0870444 8.49697e-05 -2.70525e-05 -0.000133362 8.49697e-05 0.00969997 -0.0176924 9.24282e-05 -2.70525e-05 -0.0176924 0.0870086 
0.0094992 -0.0175414 -0.000142468 9.67492e-05 -0.0175414 0.0869763 9.96333e-05 -4.49711e-05 -0.000142468 9.96333e-05 0.00968834 -0.0176959 9.67492e-05 -4.49711e-05 -0.0176959 0.0870312 
0.00949318 -0.0175073 -0.000144254 0.000105451 -0.0175073 0.0867683 0.000114867 -7.45992e-05 -0.000144254 0.000114867 0.00965748 -0.0176453 0.000105451 -7.45992e-05 -0.0176453 0.0868311 
0.00953191 -0.017591 -0.000135136 0.000104886 -0.017591 0.0871081 0.000114155 -8.17499e-05 -0.000135136 0.000114155 0.00969018 -0.0176925 0.000104886 -8.17499e-05 -0.0176925 0.0871007 
0.00953121 -0.0176065 -0.000118051 9.15942e-05 -0.0176065 0.0871808 9.55644e-05 -5.32094e-05 -0.000118051 9.55644e-05 0.00970371 -0.0176995 9.15942e-05 -5.32094e-05 -0.0176995 0.087125 
0.00951974 -0.0176082 -0.000144252 7.21941e-05 -0.0176082 0.087199 7.3187e-05 -4.572e-06 -0.000144252 7.3187e-05 0.00971811 -0.0176978 7.21941e-05 -4.572e-06 -0.0176978 0.0870912 
0.00952492 -0.0176211 -0.00016384 0.000101273 -0.0176211 0.0873196 0.000104569 -2.66428e-05 -0.00016384 0.000104569 0.00973738 -0.0177444 0.000101273 -2.66428e-05 -0.0177444 0.0872468 
0.00957489 -0.0176781 -0.000145325 0.000125633 -0.0176781 0.0876431 0.000132073 -8.67497e-05 -0.000145325 0.000132073 0.00976351 -0.0178279 0.000125633 -8.67497e-05 -0.0178279 0.0876407 
0.00958287 -0.0176808 -0.000121757 0.000102592 -0.0176808 0.0876037 0.000110261 -7.89113e-05 -0.000121757 0.000110261 0.0097505 -0.0178045 0.000102592 -7.89113e-05 -0.0178045 0.0875934 
0.00954726 -0.0176125 -0.000118384 7.61039e-05 -0.0176125 0.0872308 7.79782e-05 -2.14469e-05 -0.000118384 7.79782e-05 0.00971147 -0.0177175 7.61039e-05 -2.14469e-05 -0.0177175 0.0871897 
0.0095038 -0.0175714 -0.000159452 7.01004e-05 -0.0175714 0.0870093 6.95174e-05 2.00201e-05 -0.000159452 6.95174e-05 0.00971974 -0.0176804 7.01004e-05 2.00201e-05 -0.0176804 0.0869749 
0.00948591 -0.0175421 -0.000176045 0.00011679 -0.0175421 0.0869317 0.000115553 -3.44176e-05 -0.000176045 0.000115553 0.00973511 -0.0177108 0.00011679 -3.44176e-05 -0.0177108 0.0869923 
0.00952114 -0.0176222 -0.000199693 0.000139192 -0.0176222 0.087356 0.000134849 -9.86041e-05 -0.000199693 0.000134849 0.00978599 -0.0178295 0.000139192 -9.86041e-05 -0.0178295 0.0875217 
0.00957029 -0.0177016 -0.000192978 0.000168037 -0.0177016 0.0877894 0.00016086 -0.000160582 -0.000192978 0.00016086 0.00982696 -0.0179203 0.000168037 -0.000160582 -0.0179203 0.088 
0.00962186 -0.0177599 -0.00017667 0.000159325 -0.0177599 0.088069 0.000154953 -0.000174943 -0.00017667 0.000154953 0.00982318 -0.0179563 0.000159325 -0.000174943 -0.0179563 0.0882374 
0.00941399 -0.017416 -0.000180372 0.000136488 -0.017416 0.0862732 0.000135724 -0.00014557 -0.000180372 0.000135724 0.00960536 -0.0175276 0.000136488 -0.00014557 -0.0175276 0.0862697 
0.00943547 -0.0174838 -0.000166489 0.000149327 -0.0174838 0.0866535 0.000147077 -0.000151878 -0.000166489 0.000147077 0.00963395 -0.0175733 0.000149327 -0.000151878 -0.0175733 0.0865128 
0.00939235 -0.0174277 -0.000181472 0.00014151 -0.0174277 0.086474 0.000135899 -0.000156419 -0.000181472 0.000135899 0.00964988 -0.0175376 0.00014151 -0.000156419 -0.0175376 0.0863346 
0.00953437 -0.0176847 -0.000195447 0.000162724 -0.0176847 0.0878647 0.000158417 -0.000189558 -0.000195447 0.000158417 0.00984921 -0.0178811 0.000162724 -0.000189558 -0.0178811 0.0878757 
0.00949552 -0.0175636 -0.000168809 0.000171126 -0.0175636 0.0873121 0.000170679 -0.000223014 -0.000168809 0.000170679 0.00981081 -0.0178358 0.000171126 -0.000223014 -0.0178358 0.0875353 
0.009467 -0.0175202 -0.000150521 0.000136854 -0.0175202 0.0870038 0.000138473 -0.000183044 -0.000150521 0.000138473 0.00978886 -0.0177917 0.000136854 -0.000183044 -0.0177917 0.0873143 
0.00946344 -0.0175137 -0.000140172 0.000106536 -0.0175137 0.0869417 0.000110565 -0.000103504 -0.000140172 0.000110565 0.0097518 -0.0177802 0.000106536 -0.000103504 -0.0177802 0.0872466 
0.00948756 -0.0175213 -0.000124285 9.56064e-05 -0.0175213 0.0869771 9.97546e-05 -5.43513e-05 -0.000124285 9.97546e-05 0.00972056 -0.0177667 9.56064e-05 -5.43513e-05 -0.0177667 0.0872744 
0.0094982 -0.0175619 -0.000132511 7.64392e-05 -0.0175619 0.0870919 7.91905e-05 -6.98472e-06 -0.000132511 7.91905e-05 0.00973001 -0.0177387 7.64392e-05 -6.98472e-06 -0.0177387 0.087277 
0.00949794 -0.0175565 -0.000139454 8.64278e-05 -0.0175565 0.0870835 8.1656e-05 9.73297e-06 -0.000139454 8.1656e-05 0.0097376 -0.0177401 8.64278e-05 9.73297e-06 -0.0177401 0.0872392 
0.00953782 -0.0175882 -0.000137004 9.68077e-05 -0.0175882 0.087237 8.65495e-05 5.74764e-07 -0.000137004 8.65495e-05 0.0097481 -0.0177876 9.68077e-05 5.74764e-07 -0.0177876 0.0874228 
0.00960627 -0.0177158 -0.000152738 9.2771e-05 -0.0177158 0.087752 8.50851e-05 1.28619e-06 -0.000152738 8.50851e-05 0.0097943 -0.0178687 9.2771e-05 1.28619e-06 -0.0178687 0.0878733 
0.00963029 -0.0177675 -0.000161189 0.000107 -0.0177675 0.0879432 0.000106802 -2.33239e-05 -0.000161189 0.000106802 0.00979067 -0.0178748 0.000107 -2.33239e-05 -0.0178748 0.0879326 
0.00963593 -0.0177648 -0.000155629 0.000113189 -0.0177648 0.0879078 0.000121667 -5.3946e-05 -0.000155629 0.000121667 0.00976683 -0.0178343 0.000113189 -5.3946e-05 -0.0178343 0.0877775 
0.00965091 -0.0178017 -0.000159412 0.000104014 -0.0178017 0.0880472 0.000112029 -4.69717e-05 -0.000159412 0.000112029 0.00977166 -0.0178339 0.000104014 -4.69717e-05 -0.0178339 0.0878071 
0.00944903 -0.0174662 -0.000165831 0.00010631 -0.0174662 0.0863779 0.000110176 -3.99998e-05 -0.000165831 0.000110176 0.00959224 -0.0174774 0.00010631 -3.99998e-05 -0.0174774 0.0860552 
0.00946 -0.0175247 -0.000185831 0.00012066 -0.0175247 0.0867444 0.00012226 -5.7896e-05 -0.000185831 0.00012226 0.00965762 -0.017568 0.00012066 -5.7896e-05 -0.017568 0.0864379 
0.00946402 -0.017491 -0.000183205 0.000145126 -0.017491 0.0867172 0.000144527 -0.000103923 -0.000183205 0.000144527 0.00967298 -0.0176155 0.000145126 -0.000103923 -0.0176155 0.0865671 
0.00945826 -0.0174809 -0.000189304 0.000145143 -0.0174809 0.0866383 0.000144898 -0.000130955 -0.000189304 0.000144898 0.00969815 -0.0176198 0.000145143 -0.000130955 -0.0176198 0.0865874 
0.00946347 -0.0175227 -0.000189077 0.000154443 -0.0175227 0.0868161 0.000154643 -0.000154281 -0.000189077 0.000154643 0.00973521 -0.0176743 0.000154443 -0.000154281 -0.0176743 0.0867786 
0.00945981 -0.0175015 -0.000179189 0.000151395 -0.0175015 0.0867727 0.000154734 -0.000160903 -0.000179189 0.000154734 0.00974059 -0.0176952 0.000151395 -0.000160903 -0.0176952 0.0868071 
0.00948035 -0.0175141 -0.000171573 0.000137553 -0.0175141 0.0868201 0.000141169 -0.000138315 -0.000171573 0.000141169 0.00973685 -0.0177131 0.000137553 -0.000138315 -0.0177131 0.0868899 
0.00952373 -0.0175302 -0.000146344 0.000124453 -0.0175302 0.0868404 0.000128528 -0.000102548 -0.000146344 0.000128528 0.00970086 -0.0177028 0.000124453 -0.000102548 -0.0177028 0.086885 
0.00954088 -0.0175814 -0.000144972 9.20357e-05 -0.0175814 0.0869291 9.65035e-05 -3.38147e-05 -0.000144972 9.65035e-05 0.00969017 -0.0176635 9.20357e-05 -3.38147e-05 -0.0176635 0.0868256 
0.0094805 -0.0175613 -0.000172988 8.94412e-05 -0.0175613 0.0867765 9.76558e-05 -3.51669e-07 -0.000172988 9.76558e-05 0.00968471 -0.0175857 8.94412e-05 -3.51669e-07 -0.0175857 0.0864811 
0.00945977 -0.0174847 -0.000171871 0.000117834 -0.0174847 0.0865656 0.000128866 -3.22612e-05 -0.000171871 0.000128866 0.00965412 -0.0175718 0.000117834 -3.22612e-05 -0.0175718 0.0862902 
0.00943651 -0.0174662 -0.000166165 0.000122545 -0.0174662 0.0864593 0.000131651 -6.35452e-05 -0.000166165 0.000131651 0.00965815 -0.0175517 0.000122545 -6.35452e-05 -0.0175517 0.0862315 
0.00960184 -0.0177767 -0.000168523 0.000122797 -0.0177767 0.0880704 0.000129322 -7.25132e-05 -0.000168523 0.000129322 0.00985625 -0.0179123 0.000122797 -7.25132e-05 -0.0179123 0.0879418 
0.00958634 -0.0177148 -0.000161194 0.000121657 -0.0177148 0.0878032 0.000125696 -6.94769e-05 -0.000161194 0.000125696 0.00982703 -0.017884 0.000121657 -6.94769e-05 -0.017884 0.0877771 
0.00955483 -0.0176959 -0.000165709 0.000107011 -0.0176959 0.0876553 0.000109718 -3.59408e-05 -0.000165709 0.000109718 0.00982441 -0.0178503 0.000107011 -3.59408e-05 -0.0178503 0.0876508 
0.00953768 -0.0176363 -0.000144262 0.000112654 -0.0176363 0.0874312 0.00011351 -2.64793e-05 -0.000144262 0.00011351 0.00980305 -0.0178276 0.000112654 -2.64793e-05 -0.0178276 0.0874811 
0.00950265 -0.0175979 -0.000145953 9.33809e-05 -0.0175979 0.087223 9.30523e-05 -2.11145e-06 -0.000145953 9.30523e-05 0.00980736 -0.0178036 9.33809e-05 -2.11145e-06 -0.0178036 0.0873549 
0.0094955 -0.0176255 -0.000147701 9.78627e-05 -0.0176255 0.0874353 9.19477e-05 9.34168e-06 -0.000147701 9.19477e-05 0.00985341 -0.017903 9.78627e-05 9.34168e-06 -0.017903 0.0877386 
0.00950655 -0.017631 -0.000165108 9.7959e-05 -0.017631 0.0875972 8.66019e-05 2.03823e-05 -0.000165108 8.66019e-05 0.00987788 -0.0179825 9.7959e-05 2.03823e-05 -0.0179825 0.0881056 
0.00950602 -0.0175986 -0.000159851 0.000122175 -0.0175986 0.0874641 0.000112273 -2.05256e-05 -0.000159851 0.000112273 0.00983486 -0.0179568 0.000122175 -2.05256e-05 -0.0179568 0.088063 
0.00950919 -0.017562 -0.00015547 0.000122321 -0.017562 0.0872448 0.000118483 -6.06702e-05 -0.00015547 0.000118483 0.00978956 -0.0178739 0.000122321 -6.06702e-05 -0.0178739 0.0878077 
0.00956335 -0.0176408 -0.000152594 0.000113034 -0.0176408 0.0875317 0.000114431 -6.08666e-05 -0.000152594 0.000114431 0.00979652 -0.0178913 0.000113034 -6.08666e-05 -0.0178913 0.0879668 
0.00959171 -0.0176856 -0.000166174 0.000109191 -0.0176856 0.087652 0.000111084 -5.4828e-05 -0.000166174 0.000111084 0.00979149 -0.0178676 0.000109191 -5.4828e-05 -0.0178676 0.0879098 
0.00959109 -0.0177454 -0.000171424 0.000124628 -0.0177454 0.0878667 0.000122471 -6.97229e-05 -0.000171424 0.000122471 0.00981514 -0.0178708 0.000124628 -6.97229e-05 -0.0178708 0.0879404 
0.00956935 -0.0176953 -0.000149944 0.000129514 -0.0176953 0.0877001 0.00012297 -7.85836e-05 -0.000149944 0.00012297 0.0097824 -0.0178358 0.000129514 -7.85836e-05 -0.0178358 0.0877 
0.00952163 -0.0176181 -0.000148391 0.000110442 -0.0176181 0.0873415 0.000100576 -5.84177e-05 -0.000148391 0.000100576 0.00974714 -0.0177605 0.000110442 -5.84177e-05 -0.0177605 0.0873449 
0.00950639 -0.0175544 -0.000148098 0.000105518 -0.0175544 0.0870639 9.68642e-05 -3.37289e-05 -0.000148098 9.68642e-05 0.00970915 -0.0177124 0.000105518 -3.37289e-05 -0.0177124 0.087087 
0.00953778 -0.0175932 -0.000150802 0.000104597 -0.0175932 0.0871819 0.000102717 -3.44523e-05 -0.000150802 0.000102717 0.00970658 -0.0177178 0.000104597 -3.44523e-05 -0.0177178 0.0871567 
0.00957418 -0.0176701 -0.000164619 0.000108329 -0.0176701 0.0874911 0.000113938 -5.1168e-05 -0.000164619 0.000113938 0.0097355 -0.0177587 0.000108329 -5.1168e-05 -0.0177587 0.0873887 
0.00957742 -0.0177521 -0.000184689 0.000124878 -0.0177521 0.0878653 0.00013652 -9.24947e-05 -0.000184689 0.00013652 0.00979586 -0.0178143 0.000124878 -9.24947e-05 -0.0178143 0.0876658 
0.00960089 -0.0178013 -0.000169172 0.000146918 -0.0178013 0.0882467 0.000158748 -0.000142811 -0.000169172 0.000158748 0.00984289 -0.0179184 0.000146918 -0.000142811 -0.0179184 0.0880756 
0.0093962 -0.0173884 -0.000143392 0.000124421 -0.0173884 0.086295 0.000133069 -0.000127366 -0.000143392 0.000133069 0.00961334 -0.0175526 0.000124421 -0.000127366 -0.0175526 0.0862613 
0.00956324 -0.0176977 -0.000134434 0.00010126 -0.0176977 0.0878179 0.000110462 -7.99438e-05 -0.000134434 0.000110462 0.00978807 -0.0178506 0.00010126 -7.99438e-05 -0.0178506 0.0878366 
0.00954135 -0.017644 -0.000149153 7.94274e-05 -0.017644 0.0875542 8.99204e-05 -1.56216e-05 -0.000149153 8.99204e-05 0.00976235 -0.0177952 7.94274e-05 -1.56216e-05 -0.0177952 0.0875725 
0.00953144 -0.0176047 -0.000146733 0.000102086 -0.0176047 0.0873374 0.000108833 -2.53144e-05 -0.000146733 0.000108833 0.00973023 -0.0177568 0.000102086 -2.53144e-05 -0.0177568 0.0873707 
0.00953642 -0.01759 -0.00013054 0.000103663 -0.01759 0.0872266 0.000109275 -4.30254e-05 -0.00013054 0.000109275 0.00970228 -0.0177341 0.000103663 -4.30254e-05 -0.0177341 0.0872824 
0.00952991 -0.0176092 -0.000107187 8.73509e-05 -0.0176092 0.0872448 9.39499e-05 -2.79222e-05 -0.000107187 9.39499e-05 0.0096941 -0.0177072 8.73509e-05 -2.79222e-05 -0.0177072 0.0872296 
0.00952244 -0.0175996 -9.61733e-05 5.91978e-05 -0.0175996 0.0872424 6.25179e-05 2.91332e-05 -9.61733e-05 6.25179e-05 0.00969783 -0.0177061 5.91978e-05 2.91332e-05 -0.0177061 0.0872216 
0.00948865 -0.0175458 -0.000119386 4.45879e-05 -0.0175458 0.0869987 4.12688e-05 8.80301e-05 -0.000119386 4.12688e-05 0.00969134 -0.0176636 4.45879e-05 8.80301e-05 -0.0176636 0.0870024 
0.00945104 -0.0174657 -0.000150938 7.22564e-05 -0.0174657 0.0866308 6.44806e-05 7.4185e-05 -0.000150938 6.44806e-05 0.00967072 -0.0176192 7.22564e-05 7.4185e-05 -0.0176192 0.0867088 
0.00943477 -0.0174367 -0.000173835 0.000116062 -0.0174367 0.0864883 0.000107681 -1.2474e-05 -0.000173835 0.000107681 0.00966513 -0.0176269 0.000116062 -1.2474e-05 -0.0176269 0.086678 
0.00938443 -0.0174056 -0.000188176 0.000143354 -0.0174056 0.086325 0.000141907 -0.000102336 -0.000188176 0.000141907 0.00969243 -0.0176006 0.000143354 -0.000102336 -0.0176006 0.0865521 
0.00939277 -0.0173657 -0.00015175 0.000161413 -0.0173657 0.086253 0.000166046 -0.000174437 -0.00015175 0.000166046 0.00969731 -0.0176508 0.000161413 -0.000174437 -0.0176508 0.0866196 
0.00945074 -0.017455 -0.000120291 0.000118823 -0.017455 0.0866099 0.00012713 -0.000143056 -0.000120291 0.00012713 0.00971392 -0.0177291 0.000118823 -0.000143056 -0.0177291 0.0870235 
0.00947451 -0.0175458 -0.000120022 7.36591e-05 -0.0175458 0.0869751 8.35963e-05 -4.13825e-05 -0.000120022 8.35963e-05 0.00974564 -0.0177602 7.36591e-05 -4.13825e-05 -0.0177602 0.0872882 
0.00945102 -0.0175115 -0.000119084 7.07828e-05 -0.0175115 0.0868733 7.74129e-05 1.42707e-05 -0.000119084 7.74129e-05 0.00973095 -0.0177307 7.07828e-05 1.42707e-05 -0.0177307 0.0871379 
0.00941783 -0.0174827 -0.000143009 7.65697e-05 -0.0174827 0.0868039 7.8622e-05 1.75697e-05 -0.000143009 7.8622e-05 0.00974933 -0.0177374 7.65697e-05 1.75697e-05 -0.0177374 0.0871479 
0.00942771 -0.0174736 -0.000156933 0.00010752 -0.0174736 0.0868802 0.000105989 -2.77043e-05 -0.000156933 0.000105989 0.00977719 -0.017804 0.00010752 -2.77043e-05 -0.017804 0.0873969 
0.00943393 -0.0174545 -0.00016449 0.000124021 -0.0174545 0.086784 0.000120234 -7.23108e-05 -0.00016449 0.000120234 0.00976301 -0.0178071 0.000124021 -7.23108e-05 -0.0178071 0.0874157 
0.00946585 -0.017469 -0.000159454 0.000131862 -0.017469 0.0867779 0.000132299 -0.000105046 -0.000159454 0.000132299 0.00973076 -0.0177813 0.000131862 -0.000105046 -0.0177813 0.0873685 
0.00949264 -0.0174866 -0.000138093 0.000123031 -0.0174866 0.086716 0.000124475 -0.000102791 -0.000138093 0.000124475 0.00966708 -0.0177021 0.000123031 -0.000102791 -0.0177021 0.0871059 
0.00951641 -0.0175436 -0.000113567 9.86799e-05 -0.0175436 0.0868543 9.71687e-05 -5.74155e-05 -0.000113567 9.71687e-05 0.0096304 -0.01764 9.86799e-05 -5.74155e-05 -0.01764 0.0869525 
0.00949822 -0.0175577 -0.000106609 6.94295e-05 -0.0175577 0.086876 6.80575e-05 8.78248e-06 -0.000106609 6.80575e-05 0.00962595 -0.0175702 6.94295e-05 8.78248e-06 -0.0175702 0.086703 
0.00944661 -0.0174888 -0.000122347 6.56034e-05 -0.0174888 0.0866302 6.88478e-05 3.02132e-05 -0.000122347 6.88478e-05 0.00963021 -0.017533 6.56034e-05 3.02132e-05 -0.017533 0.0864188 
0.00941864 -0.0174106 -0.000110226 8.41027e-05 -0.0174106 0.0863524 8.67968e-05 6.04317e-06 -0.000110226 8.67968e-05 0.00961493 -0.0175434 8.41027e-05 6.04317e-06 -0.0175434 0.0863131 
0.00957465 -0.0177401 -0.000115701 7.46531e-05 -0.0177401 0.0879835 7.38873e-05 6.70216e-06 -0.000115701 7.38873e-05 0.00983648 -0.0179041 7.46531e-05 6.70216e-06 -0.0179041 0.0880919 
0.00954945 -0.0176746 -0.000117453 7.47983e-05 -0.0176746 0.0877666 7.44965e-05 1.52169e-05 -0.000117453 7.44965e-05 0.00983144 -0.0179248 7.47983e-05 1.52169e-05 -0.0179248 0.0880752 
0.00954253 -0.0176655 -0.000128373 8.01252e-05 -0.0176655 0.0877525 7.9223e-05 4.74265e-06 -0.000128373 7.9223e-05 0.00985021 -0.0179695 8.01252e-05 4.74265e-06 -0.0179695 0.0882772 
0.00934153 -0.0172926 -0.000138748 9.37542e-05 -0.0172926 0.085911 8.67745e-05 -1.80384e-05 -0.000138748 8.67745e-05 0.00963811 -0.0176024 9.37542e-05 -1.80384e-05 -0.0176024 0.0865002 
0.00936857 -0.01732 -0.00013489 0.000109681 -0.01732 0.0860459 9.88935e-05 -4.75692e-05 -0.00013489 9.88935e-05 0.00963427 -0.017616 0.000109681 -4.75692e-05 -0.017616 0.0866285 
0.00941646 -0.0173545 -0.00011526 0.000105917 -0.0173545 0.0861562 9.53e-05 -5.69682e-05 -0.00011526 9.53e-05 0.00960627 -0.0175963 0.000105917 -5.69682e-05 -0.0175963 0.0866226 
0.00948557 -0.0174793 -0.000106653 8.17473e-05 -0.0174793 0.0866214 7.63711e-05 -2.54608e-05 -0.000106653 7.63711e-05 0.00961774 -0.0176211 8.17473e-05 -2.54608e-05 -0.0176211 0.0868652 
0.00953766 -0.0175663 -9.47043e-05 6.19271e-05 -0.0175663 0.0869578 6.57614e-05 2.17095e-05 -9.47043e-05 6.57614e-05 0.00962107 -0.0176169 6.19271e-05 2.17095e-05 -0.0176169 0.0869298 
0.00954247 -0.0175811 -0.000106172 4.10986e-05 -0.0175811 0.0869569 5.23156e-05 6.85605e-05 -0.000106172 5.23156e-05 0.0096079 -0.0175671 4.10986e-05 6.85605e-05 -0.0175671 0.0867121 
0.00954286 -0.0176201 -0.000127641 5.69986e-05 -0.0176201 0.0871281 6.83023e-05 6.15222e-05 -0.000127641 6.83023e-05 0.00963112 -0.0175915 5.69986e-05 6.15222e-05 -0.0175915 0.0867862 
0.00953128 -0.0176238 -0.000153102 8.64407e-05 -0.0176238 0.0872244 9.68047e-05 5.24851e-06 -0.000153102 9.68047e-05 0.0096684 -0.0176341 8.64407e-05 5.24851e-06 -0.0176341 0.0869275 
0.00951351 -0.0176036 -0.000161732 0.000120991 -0.0176036 0.0872024 0.00012757 -7.37843e-05 -0.000161732 0.00012757 0.00970329 -0.0176667 0.000120991 -7.37843e-05 -0.0176667 0.0870077 
0.00952682 -0.0176274 -0.000152388 0.000131782 -0.0176274 0.0873864 0.000135189 -0.000119064 -0.000152388 0.000135189 0.00975987 -0.0177589 0.000131782 -0.000119064 -0.0177589 0.0873461 
0.00952546 -0.0176003 -0.000131168 0.000115689 -0.0176003 0.0872714 0.000112692 -9.27376e-05 -0.000131168 0.000112692 0.00976452 -0.0177739 0.000115689 -9.27376e-05 -0.0177739 0.0873477 
0.009564 -0.0176702 -0.000111044 9.10927e-05 -0.0176702 0.0875573 8.55604e-05 -3.39971e-05 -0.000111044 8.55604e-05 0.00978811 -0.0178392 9.10927e-05 -3.39971e-05 -0.0178392 0.0876526 
0.00955267 -0.0176663 -9.12859e-05 6.02765e-05 -0.0176663 0.0875057 5.85282e-05 4.21602e-05 -9.12859e-05 5.85282e-05 0.00978068 -0.0178129 6.02765e-05 4.21602e-05 -0.0178129 0.0875623 
0.0095248 -0.0176868 -0.00010709 3.6092e-05 -0.0176868 0.0876346 4.13721e-05 0.000103361 -0.00010709 4.13721e-05 0.00982572 -0.0178407 3.6092e-05 0.000103361 -0.0178407 0.0876832 
0.00950764 -0.0176131 -0.000114175 4.4774e-05 -0.0176131 0.0874605 5.56629e-05 0.000119326 -0.000114175 5.56629e-05 0.00981705 -0.017873 4.4774e-05 0.000119326 -0.017873 0.0876991 
0.00946534 -0.0175463 -0.000123277 5.45379e-05 -0.0175463 0.0871493 6.30249e-05 0.000106198 -0.000123277 6.30249e-05 0.00979767 -0.0178442 5.45379e-05 0.000106198 -0.0178442 0.0875858 
0.00944446 -0.017494 -0.000128358 7.17037e-05 -0.017494 0.086939 7.59112e-05 7.39134e-05 -0.000128358 7.59112e-05 0.00978405 -0.0178237 7.17037e-05 7.39134e-05 -0.0178237 0.087504 
0.00945526 -0.0174484 -0.000119868 8.07331e-05 -0.0174484 0.0867228 8.44784e-05 4.27538e-05 -0.000119868 8.44784e-05 0.00973274 -0.0177961 8.07331e-05 4.27538e-05 -0.0177961 0.087381 
0.00948934 -0.0174486 -0.000100141 7.59857e-05 -0.0174486 0.0865797 7.98529e-05 3.03524e-05 -0.000100141 7.98529e-05 0.00966616 -0.0177144 7.59857e-05 3.03524e-05 -0.0177144 0.0871388 
0.00954519 -0.0175153 -9.17463e-05 5.68686e-05 -0.0175153 0.0866905 5.79849e-05 5.64969e-05 -9.17463e-05 5.79849e-05 0.00962125 -0.0176418 5.68686e-05 5.64969e-05 -0.0176418 0.0869537 
0.00956933 -0.0175673 -8.67655e-05 4.67149e-05 -0.0175673 0.0867368 4.59527e-05 8.71607e-05 -8.67655e-05 4.59527e-05 0.00957117 -0.017545 4.67149e-05 8.71607e-05 -0.017545 0.0866039 
0.0095745 -0.0176549 -0.000110104 4.79795e-05 -0.0176549 0.0870802 4.93836e-05 8.35889e-05 -0.000110104 4.93836e-05 0.00960418 -0.0175452 4.79795e-05 8.35889e-05 -0.0175452 0.0866522 
0.00951242 -0.0175918 -0.000116388 7.41794e-05 -0.0175918 0.0868883 7.74723e-05 3.77868e-05 -0.000116388 7.74723e-05 0.00960482 -0.0175156 7.41794e-05 3.77868e-05 -0.0175156 0.0864017 
0.00945512 -0.0175265 -0.00011431 8.10203e-05 -0.0175265 0.0867309 8.39738e-05 2.95203e-06 -0.00011431 8.39738e-05 0.00962166 -0.017536 8.10203e-05 2.95203e-06 -0.017536 0.0863866 
0.00941122 -0.0174129 -0.000103077 7.57005e-05 -0.0174129 0.0863587 7.29647e-05 1.07191e-05 -0.000103077 7.29647e-05 0.00961541 -0.0175395 7.57005e-05 1.07191e-05 -0.0175395 0.0863013 
0.0094216 -0.0173868 -0.000104529 6.21086e-05 -0.0173868 0.0862481 5.37584e-05 4.54907e-05 -0.000104529 5.37584e-05 0.00960221 -0.0175598 6.21086e-05 4.54907e-05 -0.0175598 0.0863852 
0.00944533 -0.0174216 -8.13323e-05 5.96939e-05 -0.0174216 0.0863295 5.66654e-05 6.45995e-05 -8.13323e-05 5.66654e-05 0.00959369 -0.0175562 5.96939e-05 6.45995e-05 -0.0175562 0.0864635 
