0.00686649 0 -4.87128e-06 0 0 0.00997491 0 0 -4.87128e-06 0 0.00723814 0 0 0 0 0.00997491 
0.00976385 -0.0121297 1.61524e-06 -9.04774e-07 -0.0121297 0.0323891 -9.04774e-07 7.50087e-07 1.61524e-06 -9.04774e-07 0.0101714 -0.0126169 -9.04774e-07 7.50087e-07 -0.0126169 0.0333224 
0.00981724 -0.0184519 -2.80469e-05 1.74227e-05 -0.0184519 0.0681265 1.74227e-05 -6.44575e-05 -2.80469e-05 1.74227e-05 0.010116 -0.018689 1.74227e-05 -6.44575e-05 -0.018689 0.068768 
0.0090408 -0.0178359 -2.86132e-05 2.77495e-05 -0.0178359 0.08038 3.34432e-05 -5.01604e-05 -2.86132e-05 3.34432e-05 0.00935496 -0.0177581 2.77495e-05 -5.01604e-05 -0.0177581 0.0792435 
0.00897078 -0.0172743 -2.47854e-05 1.98367e-05 -0.0172743 0.0842378 3.38604e-05 1.27083e-05 -2.47854e-05 3.38604e-05 0.00946323 -0.0173159 1.98367e-05 1.27083e-05 -0.0173159 0.0827173 
0.00916117 -0.0172982 1.5256e-06 1.39583e-05 -0.0172982 0.0862562 3.52888e-05 2.15383e-05 1.5256e-06 3.52888e-05 0.00980194 -0.0176429 1.39583e-05 2.15383e-05 -0.0176429 0.0854959 
0.00912482 -0.0170511 3.41614e-05 -1.28773e-05 -0.0170511 0.0853667 6.93442e-06 3.95761e-05 3.41614e-05 6.93442e-06 0.00977979 -0.0176236 -1.28773e-05 3.95761e-05 -0.0176236 0.0855708 
0.0093741 -0.0174584 3.70137e-05 -4.85475e-05 -0.0174584 0.0873097 -3.43017e-05 0.000101283 3.70137e-05 -3.43017e-05 0.0100161 -0.0180816 -4.85475e-05 0.000101283 -0.0180816 0.0880399 
0.00921516 -0.0171306 2.88941e-05 -5.42708e-05 -0.0171306 0.0855309 -4.91086e-05 0.000152714 2.88941e-05 -4.91086e-05 0.00980309 -0.0176851 -5.42708e-05 0.000152714 -0.0176851 0.0863134 
0.00933512 -0.0173227 3.30792e-05 -4.58034e-05 -0.0173227 0.0863383 -4.84904e-05 0.000169011 3.30792e-05 -4.84904e-05 0.00987235 -0.0178099 -4.58034e-05 0.000169011 -0.0178099 0.0869904 
0.00951009 -0.017617 4.19624e-05 -4.36853e-05 -0.017617 0.0876378 -5.20227e-05 0.000165147 4.19624e-05 -5.20227e-05 0.00996875 -0.0180261 -4.36853e-05 0.000165147 -0.0180261 0.0880763 
0.009473 -0.017588 2.37107e-05 -5.03579e-05 -0.017588 0.0873263 -6.11217e-05 0.000171588 2.37107e-05 -6.11217e-05 0.00989606 -0.0178851 -5.03579e-05 0.000171588 -0.0178851 0.0874863 
0.00944031 -0.0175411 2.30881e-05 -2.94801e-05 -0.0175411 0.0871014 -4.11341e-05 0.000146089 2.30881e-05 -4.11341e-05 0.0098504 -0.0178031 -2.94801e-05 0.000146089 -0.0178031 0.0870966 
0.00941435 -0.0174754 2.44904e-05 -2.23563e-05 -0.0174754 0.0868017 -3.68247e-05 0.000114304 2.44904e-05 -3.68247e-05 0.00980098 -0.0177336 -2.23563e-05 0.000114304 -0.0177336 0.0867559 
0.00937201 -0.0174446 2.8852e-05 -2.3784e-05 -0.0174446 0.0866172 -3.74228e-05 0.000103923 2.8852e-05 -3.74228e-05 0.00978953 -0.0176829 -2.3784e-05 0.000103923 -0.0176829 0.0865447 
0.0093857 -0.0173938 2.41485e-05 -3.7146e-05 -0.0173938 0.0864709 -4.13167e-05 0.000117716 2.41485e-05 -4.13167e-05 0.00974845 -0.0176869 -3.7146e-05 0.000117716 -0.0176869 0.0864957 
0.0093777 -0.0173698 4.24554e-06 -3.53982e-05 -0.0173698 0.0862306 -3.10657e-05 0.000116099 4.24554e-06 -3.10657e-05 0.00970273 -0.0176056 -3.53982e-05 0.000116099 -0.0176056 0.0862362 
0.00936472 -0.0173896 -1.40187e-05 -1.06147e-05 -0.0173896 0.0862462 -3.74673e-06 7.2277e-05 -1.40187e-05 -3.74673e-06 0.00970195 -0.0175701 -1.06147e-05 7.2277e-05 -0.0175701 0.0861284 
0.00955571 -0.0177554 -2.47693e-05 1.39811e-05 -0.0177554 0.088108 1.83354e-05 1.48234e-05 -2.47693e-05 1.83354e-05 0.00990548 -0.0179445 1.39811e-05 1.48234e-05 -0.0179445 0.087927 
0.00955756 -0.017736 -2.69193e-05 3.35194e-05 -0.017736 0.0880544 3.52241e-05 -4.48695e-05 -2.69193e-05 3.52241e-05 0.00987404 -0.0179357 3.35194e-05 -4.48695e-05 -0.0179357 0.08788 
0.00955527 -0.0176889 -1.04787e-05 3.69286e-05 -0.0176889 0.0877921 3.87138e-05 -7.52421e-05 -1.04787e-05 3.87138e-05 0.00980274 -0.0178502 3.69286e-05 -7.52421e-05 -0.0178502 0.0875691 
0.00950847 -0.0176537 1.44565e-05 1.8183e-05 -0.0176537 0.0875199 1.68853e-05 -5.35869e-05 1.44565e-05 1.68853e-05 0.00978277 -0.0177375 1.8183e-05 -5.35869e-05 -0.0177375 0.0871563 
0.00947997 -0.0176318 3.62663e-05 -1.69852e-05 -0.0176318 0.087489 -2.3128e-05 2.62695e-05 3.62663e-05 -2.3128e-05 0.00980626 -0.0177547 -1.69852e-05 2.62695e-05 -0.0177547 0.0871296 
0.00942611 -0.0175512 4.94561e-05 -5.19107e-05 -0.0175512 0.0872036 -5.46816e-05 0.000121881 4.94561e-05 -5.46816e-05 0.00981638 -0.0177571 -5.19107e-05 0.000121881 -0.0177571 0.0870275 
0.009465 -0.0175207 4.25777e-05 -7.19688e-05 -0.0175207 0.0871675 -6.58524e-05 0.000183722 4.25777e-05 -6.58524e-05 0.00979655 -0.0178306 -7.19688e-05 0.000183722 -0.0178306 0.0872721 
0.00951592 -0.0176033 4.21754e-05 -7.06444e-05 -0.0176033 0.0874037 -5.8597e-05 0.000205677 4.21754e-05 -5.8597e-05 0.00979153 -0.0178444 -7.06444e-05 0.000205677 -0.0178444 0.0875265 
0.00951973 -0.0176621 4.47306e-05 -6.41273e-05 -0.0176621 0.0875836 -5.18738e-05 0.000190658 4.47306e-05 -5.18738e-05 0.00980234 -0.0178146 -6.41273e-05 0.000190658 -0.0178146 0.0875221 
0.0095349 -0.0177177 3.54057e-05 -6.44985e-05 -0.0177177 0.0879152 -5.75817e-05 0.000186341 3.54057e-05 -5.75817e-05 0.00983643 -0.0178663 -6.44985e-05 0.000186341 -0.0178663 0.0877472 
0.00952859 -0.0176899 2.47724e-05 -5.58385e-05 -0.0176899 0.0878669 -5.6326e-05 0.000186602 2.47724e-05 -5.6326e-05 0.00984339 -0.0178689 -5.58385e-05 0.000186602 -0.0178689 0.0877273 
0.0095498 -0.0177136 2.18335e-05 -3.16014e-05 -0.0177136 0.0879825 -3.92054e-05 0.000143378 2.18335e-05 -3.92054e-05 0.00985217 -0.0179021 -3.16014e-05 0.000143378 -0.0179021 0.087866 
0.00956157 -0.0177578 1.92784e-05 -1.71669e-05 -0.0177578 0.0881784 -2.81161e-05 8.97754e-05 1.92784e-05 -2.81161e-05 0.00987843 -0.0179363 -1.71669e-05 8.97754e-05 -0.0179363 0.0880589 
0.00952517 -0.0177105 3.15425e-06 -1.2143e-05 -0.0177105 0.0879854 -2.68179e-05 6.37893e-05 3.15425e-06 -2.68179e-05 0.00987585 -0.0179029 -1.2143e-05 6.37893e-05 -0.0179029 0.0878799 
0.00946506 -0.0176215 -3.15287e-06 7.82427e-06 -0.0176215 0.0876185 -7.00604e-06 2.2401e-05 -3.15287e-06 -7.00604e-06 0.00986953 -0.0178632 7.82427e-06 2.2401e-05 -0.0178632 0.087611 
0.00939801 -0.0175438 6.41514e-06 1.03977e-05 -0.0175438 0.0873245 -1.93451e-06 2.23914e-06 6.41514e-06 -1.93451e-06 0.0098987 -0.0178607 1.03977e-05 2.23914e-06 -0.0178607 0.0874916 
0.00936496 -0.0175296 2.50652e-05 -6.80791e-06 -0.0175296 0.0873952 -1.47491e-05 2.13229e-05 2.50652e-05 -1.47491e-05 0.009979 -0.0179634 -6.80791e-06 2.13229e-05 -0.0179634 0.0878183 
0.00941037 -0.0174763 2.92337e-05 -3.55042e-05 -0.0174763 0.0872937 -3.80385e-05 7.70146e-05 2.92337e-05 -3.80385e-05 0.00995854 -0.0180436 -3.55042e-05 7.70146e-05 -0.0180436 0.0880343 
0.00945836 -0.017566 1.74112e-05 -4.17679e-05 -0.017566 0.0875168 -4.07754e-05 0.000108468 1.74112e-05 -4.07754e-05 0.00996527 -0.0180638 -4.17679e-05 0.000108468 -0.0180638 0.0882974 
0.00931239 -0.01733 2.58343e-05 -2.22786e-05 -0.01733 0.0862547 -2.13926e-05 8.28649e-05 2.58343e-05 -2.13926e-05 0.00980251 -0.0177642 -2.22786e-05 8.28649e-05 -0.0177642 0.0869077 
0.00934155 -0.0174 4.79421e-05 -2.91478e-05 -0.0174 0.0866272 -2.95492e-05 7.38768e-05 4.79421e-05 -2.95492e-05 0.00983837 -0.0178092 -2.91478e-05 7.38768e-05 -0.0178092 0.0871703 
0.00937798 -0.0174068 6.49009e-05 -6.05231e-05 -0.0174068 0.0867079 -6.38234e-05 0.000131054 6.49009e-05 -6.38234e-05 0.00983857 -0.0178251 -6.05231e-05 0.000131054 -0.0178251 0.0872258 
0.00937272 -0.0174273 5.36888e-05 -8.06923e-05 -0.0174273 0.0866838 -8.41136e-05 0.000190418 5.36888e-05 -8.41136e-05 0.00984526 -0.0177886 -8.06923e-05 0.000190418 -0.0177886 0.0870921 
0.00939865 -0.017434 4.20974e-05 -7.19372e-05 -0.017434 0.0867151 -7.11334e-05 0.000203025 4.20974e-05 -7.11334e-05 0.00982556 -0.0177967 -7.19372e-05 0.000203025 -0.0177967 0.0870527 
0.00939057 -0.0174658 2.23275e-05 -5.90359e-05 -0.0174658 0.0867716 -5.17407e-05 0.000174163 2.23275e-05 -5.17407e-05 0.00983244 -0.0177736 -5.90359e-05 0.000174163 -0.0177736 0.0870015 
0.00936962 -0.0174722 1.39395e-07 -3.43336e-05 -0.0174722 0.0868578 -2.28403e-05 0.000116957 1.39395e-07 -2.28403e-05 0.00987412 -0.0177959 -3.43336e-05 0.000116957 -0.0177959 0.0870534 
0.00936535 -0.0174375 -1.27346e-05 -2.79621e-06 -0.0174375 0.0867931 9.43137e-06 3.75034e-05 -1.27346e-05 9.43137e-06 0.00988097 -0.0178282 -2.79621e-06 3.75034e-05 -0.0178282 0.0870759 
0.00940814 -0.0174464 -5.78799e-06 1.20716e-05 -0.0174464 0.0868222 2.14853e-05 -1.35892e-05 -5.78799e-06 2.14853e-05 0.00983725 -0.0178514 1.20716e-05 -1.35892e-05 -0.0178514 0.0871756 
0.00940818 -0.0174819 -3.75348e-07 4.53323e-08 -0.0174819 0.0868341 9.39392e-06 -1.0005e-05 -3.75348e-07 9.39392e-06 0.00980914 -0.0177753 4.53323e-08 -1.0005e-05 -0.0177753 0.0870266 
0.00938012 -0.0174361 9.422e-06 -1.0817e-05 -0.0174361 0.0866247 -1.84739e-06 2.09618e-05 9.422e-06 -1.84739e-06 0.00978039 -0.0176985 -1.0817e-05 2.09618e-05 -0.0176985 0.0866818 
0.00954221 -0.0177423 -1.60215e-06 -9.8627e-06 -0.0177423 0.0881652 -5.67139e-06 2.31737e-05 -1.60215e-06 -5.67139e-06 0.00996582 -0.018011 -9.8627e-06 2.31737e-05 -0.018011 0.0881828 
0.00950883 -0.0177057 -8.61187e-06 8.9696e-06 -0.0177057 0.0880019 2.60183e-06 2.23487e-06 -8.61187e-06 2.60183e-06 0.00997312 -0.0180014 8.9696e-06 2.23487e-06 -0.0180014 0.0880683 
0.00946913 -0.0176857 -9.66475e-07 2.36874e-05 -0.0176857 0.0879612 7.92859e-06 -2.77451e-05 -9.66475e-07 7.92859e-06 0.0100185 -0.0180342 2.36874e-05 -2.77451e-05 -0.0180342 0.0881412 
0.00929214 -0.0173178 1.83007e-06 1.67997e-05 -0.0173178 0.0862746 -1.04766e-06 -3.07701e-05 1.83007e-06 -1.04766e-06 0.0098421 -0.0177654 1.67997e-05 -3.07701e-05 -0.0177654 0.0866705 
0.00931861 -0.0174024 2.55926e-06 8.18122e-06 -0.0174024 0.0866795 -8.69553e-06 -1.18085e-05 2.55926e-06 -8.69553e-06 0.00991006 -0.0178699 8.18122e-06 -1.18085e-05 -0.0178699 0.0872102 
0.00929276 -0.0173636 -1.72785e-06 -5.48156e-06 -0.0173636 0.0865538 -1.82488e-05 2.81256e-05 -1.72785e-06 -1.82488e-05 0.00990622 -0.0178597 -5.48156e-06 2.81256e-05 -0.0178597 0.0871444 
0.009283 -0.017334 -2.25776e-05 -3.29394e-06 -0.017334 0.0864678 -1.06842e-05 3.89116e-05 -2.25776e-05 -1.06842e-05 0.00989004 -0.0178598 -3.29394e-06 3.89116e-05 -0.0178598 0.0871286 
0.00929978 -0.017303 -3.22497e-05 2.54857e-05 -0.017303 0.0863319 2.10703e-05 -1.21396e-05 -3.22497e-05 2.10703e-05 0.00984703 -0.0178307 2.54857e-05 -1.21396e-05 -0.0178307 0.0870369 
0.00935488 -0.0173739 -1.83083e-05 4.85265e-05 -0.0173739 0.086573 4.52274e-05 -8.96014e-05 -1.83083e-05 4.52274e-05 0.00983912 -0.0178414 4.85265e-05 -8.96014e-05 -0.0178414 0.0872129 
0.0093837 -0.0173409 -5.03063e-06 3.40679e-05 -0.0173409 0.0862786 3.19278e-05 -0.000103339 -5.03063e-06 3.19278e-05 0.00974307 -0.0177123 3.40679e-05 -0.000103339 -0.0177123 0.0867092 
0.00958197 -0.0177133 -5.78235e-06 8.50265e-06 -0.0177133 0.0878569 1.35023e-05 -6.34966e-05 -5.78235e-06 1.35023e-05 0.00987709 -0.0179237 8.50265e-06 -6.34966e-05 -0.0179237 0.0879244 
0.00960888 -0.0178133 -6.95343e-06 -2.94659e-06 -0.0178133 0.0882345 9.01673e-06 -1.82569e-05 -6.95343e-06 9.01673e-06 0.00989943 -0.0179383 -2.94659e-06 -1.82569e-05 -0.0179383 0.0880031 
0.00963413 -0.0178375 -1.94372e-05 -3.38045e-06 -0.0178375 0.0883935 7.1911e-06 2.84867e-06 -1.94372e-05 7.1911e-06 0.0098794 -0.0179544 -3.38045e-06 2.84867e-06 -0.0179544 0.0880362 
0.00959516 -0.0177573 -2.80216e-05 1.43898e-05 -0.0177573 0.087975 2.11091e-05 -1.4283e-05 -2.80216e-05 2.11091e-05 0.00981237 -0.0178457 1.43898e-05 -1.4283e-05 -0.0178457 0.0875801 
0.00960282 -0.0177843 -1.85562e-05 2.97255e-05 -0.0177843 0.0880784 3.71193e-05 -5.50848e-05 -1.85562e-05 3.71193e-05 0.00981831 -0.0178429 2.97255e-05 -5.50848e-05 -0.0178429 0.0876271 
0.00962388 -0.0178053 -1.06182e-05 1.86107e-05 -0.0178053 0.0881843 2.58874e-05 -5.64729e-05 -1.06182e-05 2.58874e-05 0.00981127 -0.0178522 1.86107e-05 -5.64729e-05 -0.0178522 0.0876822 
0.00956141 -0.0177726 -2.55203e-05 1.04919e-05 -0.0177726 0.0879671 1.84539e-05 -4.29185e-05 -2.55203e-05 1.84539e-05 0.00980894 -0.0177691 1.04919e-05 -4.29185e-05 -0.0177691 0.0873492 
0.00952273 -0.0177185 -2.03206e-05 2.36502e-05 -0.0177185 0.0878581 2.75805e-05 -4.4741e-05 -2.03206e-05 2.75805e-05 0.00982538 -0.0177847 2.36502e-05 -4.4741e-05 -0.0177847 0.087286 
0.00947472 -0.0176909 -1.34087e-05 2.20829e-05 -0.0176909 0.0878368 1.99999e-05 -4.60458e-05 -1.34087e-05 1.99999e-05 0.00988479 -0.0178377 2.20829e-05 -4.60458e-05 -0.0178377 0.0874464 
0.00942111 -0.0176031 3.37686e-06 1.48684e-05 -0.0176031 0.0876022 1.07242e-05 -3.15521e-05 3.37686e-06 1.07242e-05 0.0099166 -0.0178861 1.48684e-05 -3.15521e-05 -0.0178861 0.0875067 
0.00936307 -0.0174943 2.03868e-05 1.5513e-07 -0.0174943 0.0871937 -4.70962e-06 -8.06278e-06 2.03868e-05 -4.70962e-06 0.00991348 -0.0178916 1.5513e-07 -8.06278e-06 -0.0178916 0.0874219 
0.00942805 -0.0175179 2.00723e-05 -2.31479e-05 -0.0175179 0.0874013 -3.23339e-05 4.73565e-05 2.00723e-05 -3.23339e-05 0.00991847 -0.0180095 -2.31479e-05 4.73565e-05 -0.0180095 0.0879365 
0.00949108 -0.0175782 9.91827e-06 -2.06204e-05 -0.0175782 0.0875319 -3.18439e-05 6.8442e-05 9.91827e-06 -3.18439e-05 0.0098952 -0.0179931 -2.06204e-05 6.8442e-05 -0.0179931 0.088069 
0.00955885 -0.0176856 7.55819e-06 -9.47021e-06 -0.0176856 0.0878599 -1.99015e-05 5.49414e-05 7.55819e-06 -1.99015e-05 0.00987764 -0.0179767 -9.47021e-06 5.49414e-05 -0.0179767 0.0881505 
0.00956319 -0.0177649 -2.50795e-06 -5.61588e-06 -0.0177649 0.0881123 -1.44834e-05 3.48838e-05 -2.50795e-06 -1.44834e-05 0.0098946 -0.0179385 -5.61588e-06 3.48838e-05 -0.0179385 0.0880905 
0.00936007 -0.0173936 -1.59328e-05 1.63463e-06 -0.0173936 0.0863723 -4.79438e-06 1.91221e-05 -1.59328e-05 -4.79438e-06 0.00970051 -0.0175898 1.63463e-06 1.91221e-05 -0.0175898 0.0862785 
0.00955741 -0.0177101 -7.57869e-06 1.44271e-05 -0.0177101 0.0880149 1.24629e-05 -8.57794e-06 -7.57869e-06 1.24629e-05 0.00986769 -0.01795 1.44271e-05 -8.57794e-06 -0.01795 0.0880056 
0.00949387 -0.0176179 -2.19673e-06 7.80765e-06 -0.0176179 0.087499 1.49707e-05 -3.04452e-05 -2.19673e-06 1.49707e-05 0.00982144 -0.017835 7.80765e-06 -3.04452e-05 -0.017835 0.0875313 
0.0094093 -0.0175349 -3.9882e-06 -2.65632e-06 -0.0175349 0.0871002 1.03938e-05 -2.26479e-05 -3.9882e-06 1.03938e-05 0.0098164 -0.0177508 -2.65632e-06 -2.26479e-05 -0.0177508 0.0871109 
0.00940241 -0.0174576 -3.261e-05 9.93938e-07 -0.0174576 0.0868767 1.08115e-05 -2.09732e-05 -3.261e-05 1.08115e-05 0.00978336 -0.0177661 9.93938e-07 -2.09732e-05 -0.0177661 0.0870196 
0.00942464 -0.0174557 -5.64887e-05 4.43615e-05 -0.0174557 0.086797 4.44347e-05 -8.48727e-05 -5.64887e-05 4.44347e-05 0.00973761 -0.017739 4.43615e-05 -8.48727e-05 -0.017739 0.0869767 
0.00942431 -0.0175148 -5.69524e-05 7.78026e-05 -0.0175148 0.086959 7.03895e-05 -0.000163507 -5.69524e-05 7.03895e-05 0.00974422 -0.0177025 7.78026e-05 -0.000163507 -0.0177025 0.0869672 
0.00940614 -0.0174988 -6.66036e-05 7.48682e-05 -0.0174988 0.0869674 6.58625e-05 -0.00018672 -6.66036e-05 6.58625e-05 0.00975766 -0.0177017 7.48682e-05 -0.00018672 -0.0177017 0.0869214 
0.00942356 -0.0174631 -6.89473e-05 8.85458e-05 -0.0174631 0.0868804 7.93234e-05 -0.000212975 -6.89473e-05 7.93234e-05 0.0097431 -0.0177224 8.85458e-05 -0.000212975 -0.0177224 0.0869405 
0.00947957 -0.017542 -4.9961e-05 9.3439e-05 -0.017542 0.087167 8.31974e-05 -0.000233761 -4.9961e-05 8.31974e-05 0.00974796 -0.0177746 9.3439e-05 -0.000233761 -0.0177746 0.0872583 
0.00949091 -0.017571 -3.03695e-05 6.98817e-05 -0.017571 0.0872099 6.16696e-05 -0.000209422 -3.03695e-05 6.16696e-05 0.00973179 -0.017734 6.98817e-05 -0.000209422 -0.017734 0.0871853 
0.00947631 -0.0175764 -2.28516e-05 3.87966e-05 -0.0175764 0.0871885 3.53624e-05 -0.000144724 -2.28516e-05 3.53624e-05 0.00973141 -0.0176876 3.87966e-05 -0.000144724 -0.0176876 0.0870052 
0.00943313 -0.0175649 -1.84033e-05 1.93113e-05 -0.0175649 0.0871503 2.17978e-05 -8.1403e-05 -1.84033e-05 2.17978e-05 0.00975069 -0.0176658 1.93113e-05 -8.1403e-05 -0.0176658 0.0868527 
0.0094201 -0.017517 -1.09431e-05 1.44294e-05 -0.017517 0.0870786 1.86188e-05 -5.24711e-05 -1.09431e-05 1.86188e-05 0.00975418 -0.0177022 1.44294e-05 -5.24711e-05 -0.0177022 0.0868781 
0.00940483 -0.0174948 -5.50792e-06 1.71945e-05 -0.0174948 0.0870012 1.40847e-05 -5.20768e-05 -5.50792e-06 1.40847e-05 0.00975856 -0.0177165 1.71945e-05 -5.20768e-05 -0.0177165 0.0869359 
0.00935561 -0.0174144 4.07116e-06 1.28956e-05 -0.0174144 0.0866387 1.88905e-06 -3.79228e-05 4.07116e-06 1.88905e-06 0.00972842 -0.0176564 1.28956e-05 -3.79228e-05 -0.0176564 0.086649 
0.00930281 -0.0173352 3.6703e-06 6.51811e-06 -0.0173352 0.0863012 -6.75346e-06 -2.7508e-05 3.6703e-06 -6.75346e-06 0.00971788 -0.0176112 6.51811e-06 -2.7508e-05 -0.0176112 0.0864062 
0.00926919 -0.0172735 -1.43385e-05 6.5894e-06 -0.0172735 0.0860749 -1.86599e-06 -2.90033e-05 -1.43385e-05 -1.86599e-06 0.00971749 -0.0176123 6.5894e-06 -2.90033e-05 -0.0176123 0.0863332 
0.00929074 -0.0172412 -2.44868e-05 2.22629e-05 -0.0172412 0.0859701 1.94607e-05 -5.40652e-05 -2.44868e-05 1.94607e-05 0.00969435 -0.0176384 2.22629e-05 -5.40652e-05 -0.0176384 0.0864128 
0.00952524 -0.0176032 -2.4075e-05 3.60033e-05 -0.0176032 0.0876429 3.87203e-05 -9.88876e-05 -2.4075e-05 3.87203e-05 0.00983311 -0.0179569 3.60033e-05 -9.88876e-05 -0.0179569 0.088098 
0.00952094 -0.0176538 -2.4455e-05 3.36943e-05 -0.0176538 0.0876833 3.82316e-05 -0.000113266 -2.4455e-05 3.82316e-05 0.00982108 -0.0178865 3.36943e-05 -0.000113266 -0.0178865 0.0879421 
0.00935007 -0.0173297 -1.39566e-05 2.47745e-05 -0.0173297 0.0861049 3.33438e-05 -9.64534e-05 -1.39566e-05 3.33438e-05 0.00962724 -0.0175467 2.47745e-05 -9.64534e-05 -0.0175467 0.0862465 
0.00937086 -0.0173499 -2.20536e-05 1.24075e-05 -0.0173499 0.0861954 2.21795e-05 -7.16906e-05 -2.20536e-05 2.21795e-05 0.00962577 -0.0175516 1.24075e-05 -7.16906e-05 -0.0175516 0.0862981 
0.00937432 -0.017383 -4.51227e-05 1.85337e-05 -0.017383 0.0863247 2.91052e-05 -6.47747e-05 -4.51227e-05 2.91052e-05 0.00964583 -0.0175687 1.85337e-05 -6.47747e-05 -0.0175687 0.0864057 
0.00934946 -0.017377 -5.10551e-05 4.67373e-05 -0.017377 0.0863273 5.89769e-05 -0.000110652 -5.10551e-05 5.89769e-05 0.00965462 -0.0175696 4.67373e-05 -0.000110652 -0.0175696 0.0863955 
0.00929775 -0.0173387 -6.27088e-05 6.22095e-05 -0.0173387 0.086244 7.25147e-05 -0.00016664 -6.27088e-05 7.25147e-05 0.00969957 -0.0175765 6.22095e-05 -0.00016664 -0.0175765 0.0863875 
0.00943384 -0.0175789 -5.40014e-05 7.65048e-05 -0.0175789 0.0876208 8.0442e-05 -0.000201437 -5.40014e-05 8.0442e-05 0.00990519 -0.0179377 7.65048e-05 -0.000201437 -0.0179377 0.0879779 
0.00940921 -0.017498 -2.69978e-05 7.41358e-05 -0.017498 0.087277 6.48878e-05 -0.000203116 -2.69978e-05 6.48878e-05 0.00989111 -0.0179419 7.41358e-05 -0.000203116 -0.0179419 0.0878792 
0.00941714 -0.0174787 3.05329e-06 4.28102e-05 -0.0174787 0.0871327 2.61086e-05 -0.000145564 3.05329e-06 2.61086e-05 0.00985908 -0.0179377 4.28102e-05 -0.000145564 -0.0179377 0.0878549 
0.00948486 -0.0174763 1.09005e-05 -1.4737e-06 -0.0174763 0.0870277 -1.40605e-05 -4.45212e-05 1.09005e-05 -1.40605e-05 0.00976363 -0.0178879 -1.4737e-06 -4.45212e-05 -0.0178879 0.0877122 
0.00955005 -0.0176081 1.41855e-05 -1.46503e-05 -0.0176081 0.0873429 -2.33231e-05 1.76148e-05 1.41855e-05 -2.33231e-05 0.009721 -0.017811 -1.46503e-05 1.76148e-05 -0.017811 0.0876628 
0.00959064 -0.0177455 5.79999e-06 -1.24557e-05 -0.0177455 0.0878773 -2.59002e-05 3.39574e-05 5.79999e-06 -2.59002e-05 0.00974199 -0.0177975 -1.24557e-05 3.39574e-05 -0.0177975 0.0877578 
0.00939595 -0.0174352 6.20767e-06 -1.72574e-06 -0.0174352 0.086385 -1.61252e-05 2.17959e-05 6.20767e-06 -1.61252e-05 0.00957104 -0.017445 -1.72574e-06 2.17959e-05 -0.017445 0.0860116 
0.00940193 -0.0174117 3.99504e-06 -1.91949e-06 -0.0174117 0.0863919 -9.07217e-06 1.33785e-06 3.99504e-06 -9.07217e-06 0.00955778 -0.0174579 -1.91949e-06 1.33785e-06 -0.0174579 0.0859965 
0.00962886 -0.0177892 2.53884e-06 -3.26403e-06 -0.0177892 0.0882602 -2.49771e-06 -1.06571e-05 2.53884e-06 -2.49771e-06 0.00975548 -0.0178313 -3.26403e-06 -1.06571e-05 -0.0178313 0.0878782 
0.00961763 -0.0178117 -3.3597e-06 2.35192e-06 -0.0178117 0.0882678 3.9635e-06 -2.86595e-05 -3.3597e-06 3.9635e-06 0.00977397 -0.0178034 2.35192e-06 -2.86595e-05 -0.0178034 0.0877973 
0.00938785 -0.0174473 2.73733e-06 9.32068e-06 -0.0174473 0.0865133 5.80808e-06 -4.1073e-05 2.73733e-06 5.80808e-06 0.00962315 -0.0174745 9.32068e-06 -4.1073e-05 -0.0174745 0.0860637 
0.00937919 -0.0174322 -1.11083e-05 5.18529e-06 -0.0174322 0.0866047 -6.64584e-06 -3.29142e-05 -1.11083e-05 -6.64584e-06 0.00967236 -0.0175734 5.18529e-06 -3.29142e-05 -0.0175734 0.086369 
0.00936834 -0.0174451 -1.26227e-05 1.86736e-05 -0.0174451 0.0867554 5.13608e-06 -4.13079e-05 -1.26227e-05 5.13608e-06 0.00973433 -0.0176694 1.86736e-05 -4.13079e-05 -0.0176694 0.0867696 
0.00934201 -0.0173658 -1.56364e-05 1.63248e-05 -0.0173658 0.0864807 9.61503e-06 -5.02903e-05 -1.56364e-05 9.61503e-06 0.00973086 -0.017675 1.63248e-05 -5.02903e-05 -0.017675 0.0867224 
0.00933686 -0.0173578 -1.8767e-05 1.45713e-05 -0.0173578 0.0864379 1.70807e-05 -5.71895e-05 -1.8767e-05 1.70807e-05 0.00974364 -0.0176963 1.45713e-05 -5.71895e-05 -0.0176963 0.0868168 
0.00933146 -0.0173328 -7.1447e-06 2.14311e-05 -0.0173328 0.0863241 2.87289e-05 -8.01875e-05 -7.1447e-06 2.87289e-05 0.0097348 -0.0176917 2.14311e-05 -8.01875e-05 -0.0176917 0.0867768 
0.00937795 -0.0174015 -1.87658e-05 8.52835e-06 -0.0174015 0.0866354 1.32288e-05 -7.11516e-05 -1.87658e-05 1.32288e-05 0.00974741 -0.0177517 8.52835e-06 -7.11516e-05 -0.0177517 0.0870911 
0.00940953 -0.0174451 -2.82606e-05 2.71337e-05 -0.0174451 0.0867983 2.60029e-05 -8.77638e-05 -2.82606e-05 2.60029e-05 0.00974944 -0.01775 2.71337e-05 -8.77638e-05 -0.01775 0.0871762 
0.00945074 -0.0174544 -4.4318e-05 4.18825e-05 -0.0174544 0.0867999 3.72669e-05 -0.00012276 -4.4318e-05 3.72669e-05 0.00970957 -0.0177291 4.18825e-05 -0.00012276 -0.0177291 0.0870994 
0.00942972 -0.0174288 -3.88708e-05 6.54203e-05 -0.0174288 0.0865001 5.77557e-05 -0.000174532 -3.88708e-05 5.77557e-05 0.00966526 -0.0176074 6.54203e-05 -0.000174532 -0.0176074 0.0866299 
0.00942985 -0.0174487 -4.29837e-05 6.23466e-05 -0.0174487 0.0865518 5.49035e-05 -0.000200143 -4.29837e-05 5.49035e-05 0.00966276 -0.0176019 6.23466e-05 -0.000200143 -0.0176019 0.0865651 
0.00938654 -0.0174078 -3.46376e-05 7.04463e-05 -0.0174078 0.086361 6.2408e-05 -0.000220913 -3.46376e-05 6.2408e-05 0.00966862 -0.0175628 7.04463e-05 -0.000220913 -0.0175628 0.0863529 
0.00957433 -0.0177242 -2.95188e-05 6.24587e-05 -0.0177242 0.0880242 5.66216e-05 -0.000228683 -2.95188e-05 5.66216e-05 0.00986621 -0.0179506 6.24587e-05 -0.000228683 -0.0179506 0.0881284 
0.0093912 -0.0173971 -3.69957e-05 5.15642e-05 -0.0173971 0.0863439 4.94767e-05 -0.00020895 -3.69957e-05 4.94767e-05 0.00967999 -0.01761 5.15642e-05 -0.00020895 -0.01761 0.0864717 
0.00938463 -0.0173803 -3.31003e-05 5.3704e-05 -0.0173803 0.0862527 5.30691e-05 -0.000196789 -3.31003e-05 5.30691e-05 0.00966402 -0.0175847 5.3704e-05 -0.000196789 -0.0175847 0.0863499 
0.0094195 -0.0174176 -2.1117e-05 4.55102e-05 -0.0174176 0.0864251 4.68528e-05 -0.000182019 -2.1117e-05 4.68528e-05 0.00965785 -0.0176145 4.55102e-05 -0.000182019 -0.0176145 0.086499 
0.00945615 -0.0174655 1.37846e-05 3.17426e-05 -0.0174655 0.0865912 3.21602e-05 -0.000151605 1.37846e-05 3.21602e-05 0.00964067 -0.0176093 3.17426e-05 -0.000151605 -0.0176093 0.0865676 
0.00948327 -0.0175467 2.79048e-05 -1.21456e-05 -0.0175467 0.0869092 -8.59975e-06 -7.27813e-05 2.79048e-05 -8.59975e-06 0.00965446 -0.0176157 -1.21456e-05 -7.27813e-05 -0.0176157 0.0867066 
0.00947751 -0.0175512 1.32902e-05 -3.21484e-05 -0.0175512 0.0869619 -2.65902e-05 -2.1368e-06 1.32902e-05 -2.65902e-05 0.00964665 -0.0175993 -3.21484e-05 -2.1368e-06 -0.0175993 0.0866453 
0.00949702 -0.0176548 -7.88053e-06 -2.01599e-05 -0.0176548 0.0875048 -9.28452e-06 5.201e-06 -7.88053e-06 -9.28452e-06 0.00972695 -0.0176871 -2.01599e-05 5.201e-06 -0.0176871 0.0871034 
0.00950365 -0.0177089 -1.69692e-05 2.80388e-06 -0.0177089 0.0879397 1.88942e-05 -3.58455e-05 -1.69692e-05 1.88942e-05 0.00982107 -0.0178086 2.80388e-06 -3.58455e-05 -0.0178086 0.0875975 
0.00945006 -0.0176589 -2.93868e-05 1.5359e-05 -0.0176589 0.0878605 3.18627e-05 -7.79702e-05 -2.93868e-05 3.18627e-05 0.00988018 -0.0178596 1.5359e-05 -7.79702e-05 -0.0178596 0.0877059 
0.00940561 -0.0175367 -1.84753e-05 2.85755e-05 -0.0175367 0.0874612 4.06394e-05 -0.00010384 -1.84753e-05 4.06394e-05 0.00988133 -0.0178847 2.85755e-05 -0.00010384 -0.0178847 0.0876345 
0.00938851 -0.0173838 -1.08201e-05 1.80057e-05 -0.0173838 0.086739 2.71109e-05 -9.63817e-05 -1.08201e-05 2.71109e-05 0.0097951 -0.0178099 1.80057e-05 -9.63817e-05 -0.0178099 0.0872061 
0.00941347 -0.0174237 -2.87568e-05 1.64468e-05 -0.0174237 0.0866874 2.22737e-05 -8.94996e-05 -2.87568e-05 2.22737e-05 0.00976849 -0.017766 1.64468e-05 -8.94996e-05 -0.017766 0.087131 
0.00944846 -0.0174903 -5.45915e-05 4.04332e-05 -0.0174903 0.0868953 4.58649e-05 -0.000125924 -5.45915e-05 4.58649e-05 0.00975833 -0.017764 4.04332e-05 -0.000125924 -0.017764 0.0871809 
0.00942293 -0.0174412 -4.80364e-05 7.51257e-05 -0.0174412 0.0865877 7.62562e-05 -0.000196568 -4.80364e-05 7.62562e-05 0.0096984 -0.0176565 7.51257e-05 -0.000196568 -0.0176565 0.0867182 
0.00938513 -0.0174077 -3.03768e-05 7.07732e-05 -0.0174077 0.0863856 6.69606e-05 -0.00021964 -3.03768e-05 6.69606e-05 0.00968787 -0.01759 7.07732e-05 -0.00021964 -0.01759 0.0864175 
0.00938914 -0.0174282 -1.83193e-05 4.84985e-05 -0.0174282 0.0865356 3.95775e-05 -0.000179757 -1.83193e-05 3.95775e-05 0.00971705 -0.0176395 4.84985e-05 -0.000179757 -0.0176395 0.0865704 
0.00935993 -0.0174401 -1.97395e-05 3.26131e-05 -0.0174401 0.0866432 2.15078e-05 -0.000130621 -1.97395e-05 2.15078e-05 0.00977458 -0.0176897 3.26131e-05 -0.000130621 -0.0176897 0.0867638 
0.00939638 -0.0174461 -1.72542e-05 2.89892e-05 -0.0174461 0.0868382 2.05686e-05 -0.000101242 -1.72542e-05 2.05686e-05 0.00979914 -0.0177984 2.89892e-05 -0.000101242 -0.0177984 0.0871508 
0.00945255 -0.017518 -1.61127e-05 2.19092e-05 -0.017518 0.0871456 1.78288e-05 -8.26533e-05 -1.61127e-05 1.78288e-05 0.00981713 -0.0178708 2.19092e-05 -8.26533e-05 -0.0178708 0.0875696 
0.00949906 -0.0175964 -2.73941e-05 2.06757e-05 -0.0175964 0.0874481 2.06134e-05 -7.97049e-05 -2.73941e-05 2.06134e-05 0.00983286 -0.017898 2.06757e-05 -7.97049e-05 -0.017898 0.0878147 
0.00954491 -0.0176456 -4.05858e-05 3.36382e-05 -0.0176456 0.087629 3.80114e-05 -0.00010439 -4.05858e-05 3.80114e-05 0.00982302 -0.0178955 3.36382e-05 -0.00010439 -0.0178955 0.0878623 
0.00953853 -0.0177077 -3.83476e-05 4.57141e-05 -0.0177077 0.0878039 5.06593e-05 -0.00013123 -3.83476e-05 5.06593e-05 0.00984458 -0.0178654 4.57141e-05 -0.00013123 -0.0178654 0.0878057 
0.0095325 -0.0177169 -4.51259e-05 4.55735e-05 -0.0177169 0.0879431 4.9286e-05 -0.000146221 -4.51259e-05 4.9286e-05 0.0098832 -0.0178958 4.55735e-05 -0.000146221 -0.0178958 0.0878536 
0.00951419 -0.0176844 -5.97287e-05 5.94498e-05 -0.0176844 0.0878597 6.06056e-05 -0.000174467 -5.97287e-05 6.06056e-05 0.00989786 -0.0179182 5.94498e-05 -0.000174467 -0.0179182 0.0878387 
0.00953098 -0.0177031 -7.1202e-05 8.08242e-05 -0.0177031 0.0879945 7.79824e-05 -0.0002202 -7.1202e-05 7.79824e-05 0.00993253 -0.0179843 8.08242e-05 -0.0002202 -0.0179843 0.0880889 
0.00934295 -0.0173345 -5.37648e-05 9.06231e-05 -0.0173345 0.0861622 8.60976e-05 -0.00024964 -5.37648e-05 8.60976e-05 0.00973015 -0.0176368 9.06231e-05 -0.00024964 -0.0176368 0.0863477 
0.00933616 -0.0173643 -3.84338e-05 7.81702e-05 -0.0173643 0.0862627 7.07506e-05 -0.000249608 -3.84338e-05 7.07506e-05 0.00975559 -0.0176526 7.81702e-05 -0.000249608 -0.0176526 0.0864492 
0.00934331 -0.0173206 -4.16665e-05 6.37088e-05 -0.0173206 0.0861194 5.33662e-05 -0.000225345 -4.16665e-05 5.33662e-05 0.00971952 -0.0176432 6.37088e-05 -0.000225345 -0.0176432 0.0863478 
