0.0070898 0 -3.99487e-05 0 0 0.00977716 0 0 -3.99487e-05 0 0.00675383 0 0 0 0 0.00977716 
0.0100015 -0.0124071 -2.02837e-05 2.62777e-05 -0.0124071 0.0327562 2.62777e-05 -5.05228e-05 -2.02837e-05 2.62777e-05 0.00960053 -0.0119247 2.62777e-05 -5.05228e-05 -0.0119247 0.0318316 
0.00993767 -0.0184603 4.79184e-06 1.54449e-06 -0.0184603 0.0679133 1.54449e-06 -3.88367e-06 4.79184e-06 1.54449e-06 0.00967045 -0.0181262 1.54449e-06 -3.88367e-06 -0.0181262 0.0669283 
0.00940294 -0.0179873 1.17492e-05 -8.29685e-05 -0.0179873 0.0804472 -8.88328e-05 0.000417618 1.17492e-05 -8.88328e-05 0.00916028 -0.0179282 -8.29685e-05 0.000417618 -0.0179282 0.0807178 
0.00936235 -0.0172796 -1.88607e-05 -8.90166e-05 -0.0172796 0.0828988 -0.000108276 0.000706453 -1.88607e-05 -0.000108276 0.00905826 -0.0171919 -8.90166e-05 0.000706453 -0.0171919 0.0835598 
0.00958469 -0.017419 -4.35842e-05 -2.13314e-05 -0.017419 0.0848625 -4.54221e-05 0.000580143 -4.35842e-05 -4.54221e-05 0.00924865 -0.0171941 -2.13314e-05 0.000580143 -0.0171941 0.0851695 
0.00977442 -0.0177506 -4.64312e-05 2.55616e-05 -0.0177506 0.0867234 4.17876e-06 0.000345253 -4.64312e-05 4.17876e-06 0.00944111 -0.0174489 2.55616e-05 0.000345253 -0.0174489 0.0865983 
0.00969202 -0.0176494 -3.26024e-05 2.86361e-05 -0.0176494 0.0864245 1.38013e-05 0.000200936 -3.26024e-05 1.38013e-05 0.00943016 -0.0173555 2.86361e-05 0.000200936 -0.0173555 0.0861073 
0.00972462 -0.0176718 -1.13561e-05 5.01867e-06 -0.0176718 0.0867475 -2.97761e-06 0.000178933 -1.13561e-05 -2.97761e-06 0.00946793 -0.0174653 5.01867e-06 0.000178933 -0.0174653 0.0865017 
0.00986414 -0.0178998 1.32009e-06 -3.13011e-05 -0.0178998 0.0878775 -3.54093e-05 0.00024149 1.32009e-06 -3.54093e-05 0.00959263 -0.0177148 -3.13011e-05 0.00024149 -0.0177148 0.0877334 
0.00976306 -0.017736 -5.41571e-06 -5.21843e-05 -0.017736 0.0870252 -5.4031e-05 0.000307769 -5.41571e-06 -5.4031e-05 0.00953205 -0.0175515 -5.21843e-05 0.000307769 -0.0175515 0.0869323 
0.00973715 -0.017725 -9.49552e-06 -4.4018e-05 -0.017725 0.0869877 -4.19501e-05 0.000319759 -9.49552e-06 -4.19501e-05 0.00955104 -0.0175896 -4.4018e-05 0.000319759 -0.0175896 0.08699 
0.00966541 -0.0176043 -2.91058e-06 -3.38409e-05 -0.0176043 0.0864857 -3.01026e-05 0.000292393 -2.91058e-06 -3.01026e-05 0.00952596 -0.0175406 -3.38409e-05 0.000292393 -0.0175406 0.0866718 
0.00962435 -0.0175226 -1.12264e-05 -3.58994e-05 -0.0175226 0.0861234 -3.27821e-05 0.00027582 -1.12264e-05 -3.27821e-05 0.0095168 -0.0174993 -3.58994e-05 0.00027582 -0.0174993 0.0864332 
0.00964469 -0.0175401 -2.34175e-05 -2.8835e-05 -0.0175401 0.0862004 -3.28186e-05 0.000275065 -2.34175e-05 -3.28186e-05 0.00950875 -0.017545 -2.8835e-05 0.000275065 -0.017545 0.086585 
0.00965195 -0.0175759 -2.3891e-05 -1.19594e-05 -0.0175759 0.0863255 -2.26266e-05 0.000253937 -2.3891e-05 -2.26266e-05 0.009498 -0.0175465 -1.19594e-05 0.000253937 -0.0175465 0.0866866 
0.00966213 -0.0175862 -1.21901e-05 -1.02496e-05 -0.0175862 0.0864143 -2.14974e-05 0.000238606 -1.21901e-05 -2.14974e-05 0.00948127 -0.0175398 -1.02496e-05 0.000238606 -0.0175398 0.0867301 
0.00967953 -0.0175652 -1.03023e-05 -1.92191e-05 -0.0175652 0.0863187 -2.69436e-05 0.00023527 -1.03023e-05 -2.69436e-05 0.0094411 -0.0174942 -1.92191e-05 0.00023527 -0.0174942 0.0865885 
0.00988053 -0.0179406 -2.89896e-06 -2.37952e-05 -0.0179406 0.0880449 -2.28144e-05 0.000237902 -2.89896e-06 -2.28144e-05 0.00961107 -0.0177916 -2.37952e-05 0.000237902 -0.0177916 0.0881767 
0.00983339 -0.0179279 -7.06958e-06 -4.56632e-05 -0.0179279 0.0879367 -3.90388e-05 0.000273381 -7.06958e-06 -3.90388e-05 0.00961115 -0.0177271 -4.56632e-05 0.000273381 -0.0177271 0.0878916 
0.00979153 -0.0178684 -1.09769e-05 -4.34854e-05 -0.0178684 0.0877727 -3.34773e-05 0.000285457 -1.09769e-05 -3.34773e-05 0.00961825 -0.0177164 -4.34854e-05 0.000285457 -0.0177164 0.0877203 
0.00980545 -0.0178495 -8.7322e-06 -3.49644e-05 -0.0178495 0.0877674 -2.36573e-05 0.000268021 -8.7322e-06 -2.36573e-05 0.00960347 -0.017757 -3.49644e-05 0.000268021 -0.017757 0.0878256 
0.00984454 -0.0179228 -1.41802e-05 -3.67814e-05 -0.0179228 0.0880708 -2.26177e-05 0.000255035 -1.41802e-05 -2.26177e-05 0.00963071 -0.0177985 -3.67814e-05 0.000255035 -0.0177985 0.0881307 
0.0098745 -0.0178961 -2.92759e-05 -3.0093e-05 -0.0178961 0.0879281 -1.46068e-05 0.000239046 -2.92759e-05 -1.46068e-05 0.00958321 -0.0177584 -3.0093e-05 0.000239046 -0.0177584 0.0879491 
0.00985917 -0.0178895 -3.56415e-05 -8.2515e-06 -0.0178895 0.0877429 4.47098e-06 0.000196139 -3.56415e-05 4.47098e-06 0.00955414 -0.0176899 -8.2515e-06 0.000196139 -0.0176899 0.0876973 
0.00988783 -0.0179756 -4.13734e-05 2.24972e-06 -0.0179756 0.0881407 1.03689e-05 0.000163084 -4.13734e-05 1.03689e-05 0.00959584 -0.0177589 2.24972e-06 0.000163084 -0.0177589 0.088038 
0.00986593 -0.0179584 -4.2221e-05 1.54133e-05 -0.0179584 0.0881114 1.80358e-05 0.00013147 -4.2221e-05 1.80358e-05 0.00959825 -0.0177567 1.54133e-05 0.00013147 -0.0177567 0.0880159 
0.00985717 -0.0179672 -4.31672e-05 1.24361e-05 -0.0179672 0.0882204 1.40676e-05 0.000130199 -4.31672e-05 1.40676e-05 0.00962305 -0.0177851 1.24361e-05 0.000130199 -0.0177851 0.088152 
0.00979987 -0.0179227 -4.20991e-05 8.18962e-06 -0.0179227 0.0880783 1.30608e-05 0.000139915 -4.20991e-05 1.30608e-05 0.00965907 -0.0177719 8.18962e-06 0.000139915 -0.0177719 0.088058 
0.0097409 -0.0178179 -3.92173e-05 8.40512e-06 -0.0178179 0.0877419 1.60803e-05 0.000138285 -3.92173e-05 1.60803e-05 0.00966694 -0.0177854 8.40512e-06 0.000138285 -0.0177854 0.0879338 
0.00976778 -0.0177873 -3.42687e-05 -1.70767e-07 -0.0177873 0.0876973 9.75892e-06 0.000152821 -3.42687e-05 9.75892e-06 0.00965395 -0.0178554 -1.70767e-07 0.000152821 -0.0178554 0.0881729 
0.0097421 -0.0177719 -3.7377e-05 -3.5225e-06 -0.0177719 0.087506 4.40683e-06 0.000162948 -3.7377e-05 4.40683e-06 0.00965669 -0.0178035 -3.5225e-06 0.000162948 -0.0178035 0.0880594 
0.00973566 -0.0177679 -3.67691e-05 6.86402e-06 -0.0177679 0.0875112 3.70644e-06 0.000158648 -3.67691e-05 3.70644e-06 0.00968068 -0.0178235 6.86402e-06 0.000158648 -0.0178235 0.0880927 
0.00972266 -0.017671 -4.55557e-05 1.31475e-05 -0.017671 0.0870679 9.40242e-09 0.000149519 -4.55557e-05 9.40242e-09 0.0096169 -0.0177728 1.31475e-05 0.000149519 -0.0177728 0.0877528 
0.00971635 -0.0176693 -5.79632e-05 3.29254e-05 -0.0176693 0.0869007 1.43695e-05 0.000113375 -5.79632e-05 1.43695e-05 0.00957409 -0.0177035 3.29254e-05 0.000113375 -0.0177035 0.0875221 
0.00971273 -0.0176387 -5.05936e-05 4.46181e-05 -0.0176387 0.0866772 2.53786e-05 8.21645e-05 -5.05936e-05 2.53786e-05 0.00950314 -0.0175997 4.46181e-05 8.21645e-05 -0.0175997 0.0870965 
0.00972317 -0.0177111 -5.11731e-05 3.11666e-05 -0.0177111 0.086933 1.40149e-05 9.37323e-05 -5.11731e-05 1.40149e-05 0.00951146 -0.0175841 3.11666e-05 9.37323e-05 -0.0175841 0.087123 
0.00971999 -0.0177195 -5.03229e-05 2.70868e-05 -0.0177195 0.0870247 1.68442e-05 0.000105609 -5.03229e-05 1.68442e-05 0.00949767 -0.0175701 2.70868e-05 0.000105609 -0.0175701 0.0870535 
0.00970141 -0.0176776 -4.88068e-05 2.5658e-05 -0.0176776 0.0868552 2.27659e-05 0.000102616 -4.88068e-05 2.27659e-05 0.00945678 -0.0175015 2.5658e-05 0.000102616 -0.0175015 0.0867644 
0.00970489 -0.0176698 -4.18146e-05 2.18705e-05 -0.0176698 0.0868092 2.6524e-05 9.71674e-05 -4.18146e-05 2.6524e-05 0.00942151 -0.0174589 2.18705e-05 9.71674e-05 -0.0174589 0.0866051 
0.00971588 -0.0177006 -2.86628e-05 1.31271e-05 -0.0177006 0.0869171 1.95197e-05 0.000105377 -2.86628e-05 1.95197e-05 0.00940837 -0.0174312 1.31271e-05 0.000105377 -0.0174312 0.0865607 
0.00969132 -0.0176509 -2.57395e-05 2.69082e-06 -0.0176509 0.0866686 7.80472e-06 0.000116712 -2.57395e-05 7.80472e-06 0.00936997 -0.0173408 2.69082e-06 0.000116712 -0.0173408 0.0861621 
0.009674 -0.0176572 -1.22775e-05 -4.31689e-06 -0.0176572 0.0866838 4.6459e-06 0.000132808 -1.22775e-05 4.6459e-06 0.00937463 -0.0173269 -4.31689e-06 0.000132808 -0.0173269 0.0860824 
0.00964435 -0.017604 9.15288e-06 -1.91643e-05 -0.017604 0.0865015 -8.921e-06 0.000156205 9.15288e-06 -8.921e-06 0.00936391 -0.0173055 -1.91643e-05 0.000156205 -0.0173055 0.0859215 
0.00964874 -0.017614 8.47127e-06 -4.48401e-05 -0.017614 0.0865924 -4.27005e-05 0.000216664 8.47127e-06 -4.27005e-05 0.00938425 -0.0173459 -4.48401e-05 0.000216664 -0.0173459 0.0860888 
0.00966515 -0.0176098 8.06724e-06 -4.28223e-05 -0.0176098 0.0865931 -4.94701e-05 0.000252845 8.06724e-06 -4.94701e-05 0.00937435 -0.0173562 -4.28223e-05 0.000252845 -0.0173562 0.0861354 
0.00968393 -0.0176667 1.0184e-05 -4.06843e-05 -0.0176667 0.0868173 -4.61173e-05 0.000255859 1.0184e-05 -4.61173e-05 0.00940822 -0.0173894 -4.06843e-05 0.000255859 -0.0173894 0.0863518 
0.00969555 -0.0176664 2.70243e-06 -4.20002e-05 -0.0176664 0.0868588 -4.19732e-05 0.000249218 2.70243e-06 -4.19732e-05 0.00940405 -0.0174202 -4.20002e-05 0.000249218 -0.0174202 0.0864479 
0.00971968 -0.017701 -6.54842e-06 -2.7801e-05 -0.017701 0.0869985 -3.30029e-05 0.000226092 -6.54842e-06 -3.30029e-05 0.00941445 -0.0174376 -2.7801e-05 0.000226092 -0.0174376 0.0865952 
0.00973514 -0.0177519 -1.49385e-05 -2.13397e-05 -0.0177519 0.0871981 -3.59269e-05 0.000224119 -1.49385e-05 -3.59269e-05 0.00943761 -0.0174522 -2.13397e-05 0.000224119 -0.0174522 0.086709 
0.00969686 -0.0177306 -1.82617e-05 -1.30207e-05 -0.0177306 0.0871258 -2.61163e-05 0.000212796 -1.82617e-05 -2.61163e-05 0.00946647 -0.0174445 -1.30207e-05 0.000212796 -0.0174445 0.0866223 
0.00971116 -0.017677 -1.39572e-05 -1.34112e-05 -0.017677 0.0869915 -1.84509e-05 0.000203563 -1.39572e-05 -1.84509e-05 0.0094439 -0.0174816 -1.34112e-05 0.000203563 -0.0174816 0.0866424 
0.0096796 -0.017668 -8.6243e-06 -1.97478e-05 -0.017668 0.086827 -1.9474e-05 0.000204006 -8.6243e-06 -1.9474e-05 0.00945528 -0.0174355 -1.97478e-05 0.000204006 -0.0174355 0.0865103 
0.00964647 -0.0176546 6.65426e-06 -2.1758e-05 -0.0176546 0.0868191 -2.2442e-05 0.000205946 6.65426e-06 -2.2442e-05 0.00948273 -0.0174645 -2.1758e-05 0.000205946 -0.0174645 0.0865445 
0.00963361 -0.0175671 1.00687e-05 -4.96418e-05 -0.0175671 0.0865149 -4.73596e-05 0.000255113 1.00687e-05 -4.73596e-05 0.00944763 -0.0174546 -4.96418e-05 0.000255113 -0.0174546 0.0863946 
0.00966284 -0.0175859 -3.74419e-06 -5.98861e-05 -0.0175859 0.0865315 -4.94796e-05 0.000291173 -3.74419e-06 -4.94796e-05 0.00942644 -0.0174614 -5.98861e-05 0.000291173 -0.0174614 0.0864872 
0.00967269 -0.0175992 -1.72022e-05 -4.33573e-05 -0.0175992 0.0864935 -2.61106e-05 0.000268699 -1.72022e-05 -2.61106e-05 0.00939832 -0.0174146 -4.33573e-05 0.000268699 -0.0174146 0.0863739 
0.00967965 -0.0176292 -3.29798e-05 -1.34705e-05 -0.0176292 0.0865858 1.57959e-06 0.000194343 -3.29798e-05 1.57959e-06 0.00938895 -0.0173962 -1.34705e-05 0.000194343 -0.0173962 0.0863482 
0.00967272 -0.0176184 -3.60294e-05 1.09396e-05 -0.0176184 0.0865431 2.05771e-05 0.000123527 -3.60294e-05 2.05771e-05 0.0093756 -0.0173655 1.09396e-05 0.000123527 -0.0173655 0.0862283 
0.0096435 -0.017585 -2.40061e-05 1.54454e-05 -0.017585 0.0863776 2.63075e-05 8.48722e-05 -2.40061e-05 2.63075e-05 0.00936476 -0.0173174 1.54454e-05 8.48722e-05 -0.0173174 0.0860058 
0.00963404 -0.0176151 -2.85402e-05 -2.27663e-06 -0.0176151 0.0865739 9.39715e-06 0.000100657 -2.85402e-05 9.39715e-06 0.00941782 -0.0173757 -2.27663e-06 0.000100657 -0.0173757 0.0862339 
0.00963744 -0.0176189 -4.22339e-05 1.90873e-06 -0.0176189 0.086715 6.32771e-06 0.000118214 -4.22339e-05 6.32771e-06 0.00945665 -0.0174532 1.90873e-06 0.000118214 -0.0174532 0.086506 
0.00962019 -0.0176149 -3.82739e-05 2.04545e-05 -0.0176149 0.0867625 1.17962e-05 0.000110965 -3.82739e-05 1.17962e-05 0.00950181 -0.0175094 2.04545e-05 0.000110965 -0.0175094 0.0867323 
0.00962542 -0.0175707 -3.28843e-05 2.60502e-05 -0.0175707 0.0866423 8.1375e-06 9.62659e-05 -3.28843e-05 8.1375e-06 0.00949878 -0.0175401 2.60502e-05 9.62659e-05 -0.0175401 0.086796 
0.0097104 -0.0176837 -2.69396e-05 1.70181e-05 -0.0176837 0.0871295 -1.84817e-06 0.000111155 -2.69396e-05 -1.84817e-06 0.00952574 -0.0176462 1.70181e-05 0.000111155 -0.0176462 0.0873573 
0.00975913 -0.0177522 -1.93357e-05 7.80729e-06 -0.0177522 0.0873487 -8.2374e-06 0.000132201 -1.93357e-05 -8.2374e-06 0.0094991 -0.0176396 7.80729e-06 0.000132201 -0.0176396 0.0874699 
0.00972689 -0.0177534 -3.61154e-06 -8.10379e-06 -0.0177534 0.0872513 -1.82422e-05 0.000165205 -3.61154e-06 -1.82422e-05 0.0094852 -0.0175387 -8.10379e-06 0.000165205 -0.0175387 0.0871386 
0.0097233 -0.0176891 -1.7775e-06 -3.79562e-05 -0.0176891 0.0870173 -4.01781e-05 0.0002276 -1.7775e-06 -4.01781e-05 0.00943745 -0.0174886 -3.79562e-05 0.0002276 -0.0174886 0.0868146 
0.00974773 -0.0177136 -5.7111e-06 -4.86425e-05 -0.0177136 0.0870377 -4.16264e-05 0.000270595 -5.7111e-06 -4.16264e-05 0.00940965 -0.0174634 -4.86425e-05 0.000270595 -0.0174634 0.08675 
0.0097595 -0.0177182 -2.22595e-05 -4.45046e-05 -0.0177182 0.0869794 -2.87938e-05 0.000265895 -2.22595e-05 -2.87938e-05 0.00936701 -0.0174111 -4.45046e-05 0.000265895 -0.0174111 0.0865668 
0.00968714 -0.0176321 -3.22345e-05 -1.61543e-05 -0.0176321 0.0864796 1.14467e-06 0.000202885 -3.22345e-05 1.14467e-06 0.00932645 -0.0172618 -1.61543e-05 0.000202885 -0.0172618 0.0859175 
0.0098584 -0.0179976 -5.06774e-05 -3.90733e-06 -0.0179976 0.0883436 1.00768e-05 0.000162426 -5.06774e-05 1.00768e-05 0.00957462 -0.0176636 -3.90733e-06 0.000162426 -0.0176636 0.0877811 
0.00979356 -0.0179499 -7.79051e-05 2.52889e-05 -0.0179499 0.0882665 3.69808e-05 9.64202e-05 -7.79051e-05 3.69808e-05 0.00963843 -0.0177391 2.52889e-05 9.64202e-05 -0.0177391 0.0879504 
0.00974714 -0.0178691 -9.4736e-05 6.65612e-05 -0.0178691 0.0880874 7.82247e-05 -7.54592e-06 -9.4736e-05 7.82247e-05 0.00966054 -0.0178091 6.65612e-05 -7.54592e-06 -0.0178091 0.0881152 
0.00970607 -0.017778 -9.20487e-05 8.79933e-05 -0.017778 0.0877491 9.78925e-05 -8.75931e-05 -9.20487e-05 9.78925e-05 0.00965631 -0.0178009 8.79933e-05 -8.75931e-05 -0.0178009 0.0880535 
0.00969957 -0.0177609 -8.09806e-05 8.16533e-05 -0.0177609 0.0876865 8.91948e-05 -0.00010161 -8.09806e-05 8.91948e-05 0.00966253 -0.0178209 8.16533e-05 -0.00010161 -0.0178209 0.0881387 
0.00967725 -0.0177472 -6.97736e-05 7.15498e-05 -0.0177472 0.0876391 7.39077e-05 -8.24617e-05 -6.97736e-05 7.39077e-05 0.00967424 -0.0178303 7.15498e-05 -8.24617e-05 -0.0178303 0.0881853 
0.00967732 -0.0177019 -4.4594e-05 5.54368e-05 -0.0177019 0.0874969 5.41712e-05 -4.06624e-05 -4.4594e-05 5.41712e-05 0.00964465 -0.0178293 5.54368e-05 -4.06624e-05 -0.0178293 0.0881453 
0.0096966 -0.0176716 -1.78834e-05 2.45589e-05 -0.0176716 0.0872736 2.0091e-05 2.9114e-05 -1.78834e-05 2.0091e-05 0.00957691 -0.0177541 2.45589e-05 2.9114e-05 -0.0177541 0.0878918 
0.00969262 -0.017665 -3.20665e-05 -7.25565e-06 -0.017665 0.0870716 -1.25089e-05 0.000109527 -3.20665e-05 -1.25089e-05 0.00952694 -0.0176436 -7.25565e-06 0.000109527 -0.0176436 0.0875052 
0.0096458 -0.0175916 -2.96658e-05 2.423e-06 -0.0175916 0.0866074 -6.12773e-06 0.000142423 -2.96658e-05 -6.12773e-06 0.00946308 -0.0174877 2.423e-06 0.000142423 -0.0174877 0.0867855 
0.00964349 -0.0176376 -2.33454e-05 9.96882e-06 -0.0176376 0.0868077 -1.77575e-06 0.000128186 -2.33454e-05 -1.77575e-06 0.00948619 -0.0175175 9.96882e-06 0.000128186 -0.0175175 0.0868687 
0.00963914 -0.0176533 -2.26282e-05 4.26382e-06 -0.0176533 0.0869681 -8.49219e-06 0.000129334 -2.26282e-05 -8.49219e-06 0.00949433 -0.0175558 4.26382e-06 0.000129334 -0.0175558 0.0870126 
0.00963553 -0.0177038 -3.07085e-05 6.28057e-06 -0.0177038 0.0872921 -7.63019e-06 0.000128231 -3.07085e-05 -7.63019e-06 0.00955094 -0.0176124 6.28057e-06 0.000128231 -0.0176124 0.0873352 
0.00965561 -0.0176904 -3.48053e-05 1.46564e-05 -0.0176904 0.0873703 2.09085e-06 0.000113156 -3.48053e-05 2.09085e-06 0.00954733 -0.0176479 1.46564e-05 0.000113156 -0.0176479 0.0874536 
0.00966873 -0.0176182 -3.32604e-05 1.76116e-05 -0.0176182 0.0869735 1.3552e-05 8.86988e-05 -3.32604e-05 1.3552e-05 0.00946432 -0.0175495 1.76116e-05 8.86988e-05 -0.0175495 0.087041 
0.00968554 -0.0176293 -2.9593e-05 1.34542e-05 -0.0176293 0.0868305 1.90644e-05 7.38912e-05 -2.9593e-05 1.90644e-05 0.00940572 -0.0174647 1.34542e-05 7.38912e-05 -0.0174647 0.0867551 
0.00971997 -0.0177018 -2.11424e-05 6.42997e-06 -0.0177018 0.0870545 2.02283e-05 7.17729e-05 -2.11424e-05 2.02283e-05 0.00938011 -0.0174421 6.42997e-06 7.17729e-05 -0.0174421 0.0867538 
0.00975593 -0.0178288 -1.21057e-05 -9.98547e-06 -0.0178288 0.0876205 6.24595e-06 0.000100645 -1.21057e-05 6.24595e-06 0.00942446 -0.0174821 -9.98547e-06 0.000100645 -0.0174821 0.0870763 
0.00974344 -0.017839 -1.35326e-05 -2.37959e-05 -0.017839 0.0877673 -6.90877e-06 0.000137984 -1.35326e-05 -6.90877e-06 0.00945007 -0.0174905 -2.37959e-05 0.000137984 -0.0174905 0.0871054 
0.00966079 -0.0177108 -1.44626e-05 -1.60437e-05 -0.0177108 0.0872445 -5.78793e-06 0.000141281 -1.44626e-05 -5.78793e-06 0.00944888 -0.0174082 -1.60437e-05 0.000141281 -0.0174082 0.0866203 
0.00966824 -0.0177071 -2.87407e-05 -8.60513e-06 -0.0177071 0.0873441 -5.91222e-06 0.000131668 -2.87407e-05 -5.91222e-06 0.00950368 -0.017518 -8.60513e-06 0.000131668 -0.017518 0.08694 
0.0096228 -0.0176558 -2.93766e-05 1.4931e-05 -0.0176558 0.0871251 1.12486e-05 9.30106e-05 -2.93766e-05 1.12486e-05 0.00952825 -0.0175462 1.4931e-05 9.30106e-05 -0.0175462 0.0869746 
0.009628 -0.0176352 -2.39585e-05 2.03397e-05 -0.0176352 0.0871122 1.11585e-05 6.66854e-05 -2.39585e-05 1.11585e-05 0.00954508 -0.0176092 2.03397e-05 6.66854e-05 -0.0176092 0.0871876 
0.00965683 -0.0176768 -2.22413e-05 9.44791e-06 -0.0176768 0.087291 -2.35638e-06 8.57708e-05 -2.22413e-05 -2.35638e-06 0.00956479 -0.0176656 9.44791e-06 8.57708e-05 -0.0176656 0.087485 
0.00969454 -0.0177258 -3.93068e-05 7.46277e-07 -0.0177258 0.0875066 -8.03173e-06 0.000114551 -3.93068e-05 -8.03173e-06 0.00957768 -0.0177077 7.46277e-07 0.000114551 -0.0177077 0.0877311 
0.00966864 -0.0177271 -3.29492e-05 2.09069e-05 -0.0177271 0.0874671 1.69514e-05 9.10987e-05 -3.29492e-05 1.69514e-05 0.00959007 -0.0176857 2.09069e-05 9.10987e-05 -0.0176857 0.0876706 
0.00967259 -0.017689 -3.34562e-05 1.70222e-05 -0.017689 0.0873621 1.58326e-05 7.20704e-05 -3.34562e-05 1.58326e-05 0.00957103 -0.017687 1.70222e-05 7.20704e-05 -0.017687 0.0876079 
0.00968424 -0.0176765 -1.75901e-05 1.83171e-05 -0.0176765 0.0872274 1.53582e-05 6.82104e-05 -1.75901e-05 1.53582e-05 0.00952798 -0.0176433 1.83171e-05 6.82104e-05 -0.0176433 0.0874535 
0.00968802 -0.0176832 1.10799e-05 -1.27711e-06 -0.0176832 0.0871335 -8.75133e-06 0.000103382 1.10799e-05 -8.75133e-06 0.00948459 -0.0175624 -1.27711e-06 0.000103382 -0.0175624 0.0871778 
0.0096919 -0.0176884 1.06946e-05 -3.48155e-05 -0.0176884 0.087103 -4.84792e-05 0.000180406 1.06946e-05 -4.84792e-05 0.0094602 -0.0175089 -3.48155e-05 0.000180406 -0.0175089 0.0869642 
0.00970638 -0.0177713 -9.17964e-06 -3.45004e-05 -0.0177713 0.0874837 -4.84365e-05 0.000218138 -9.17964e-06 -4.84365e-05 0.00952096 -0.0175644 -3.45004e-05 0.000218138 -0.0175644 0.0872377 
0.00969443 -0.0178138 -1.51477e-05 -1.25485e-05 -0.0178138 0.0877827 -2.00456e-05 0.000189517 -1.51477e-05 -2.00456e-05 0.00958954 -0.0176438 -1.25485e-05 0.000189517 -0.0176438 0.087525 
0.00967841 -0.0177888 -2.64492e-05 -8.2862e-06 -0.0177888 0.0878359 -1.01631e-05 0.000159466 -2.64492e-05 -1.01631e-05 0.00962679 -0.0177135 -8.2862e-06 0.000159466 -0.0177135 0.0877269 
0.00968639 -0.0177605 -2.35287e-05 5.99253e-06 -0.0177605 0.0877874 2.64622e-06 0.000130228 -2.35287e-05 2.64622e-06 0.00963554 -0.0177522 5.99253e-06 0.000130228 -0.0177522 0.0878554 
0.00969517 -0.0177509 -2.48174e-05 5.21598e-06 -0.0177509 0.0877079 -3.17432e-06 0.000121729 -2.48174e-05 -3.17432e-06 0.00962618 -0.0177565 5.21598e-06 0.000121729 -0.0177565 0.0878835 
0.00973947 -0.0177821 -3.33625e-05 9.59979e-06 -0.0177821 0.0878086 1.90229e-06 0.000111518 -3.33625e-05 1.90229e-06 0.00959251 -0.0177731 9.59979e-06 0.000111518 -0.0177731 0.0880026 
0.00974361 -0.0178031 -4.56075e-05 1.39274e-05 -0.0178031 0.0877633 1.41516e-05 9.58728e-05 -4.56075e-05 1.41516e-05 0.00955964 -0.0176841 1.39274e-05 9.58728e-05 -0.0176841 0.0877684 
0.00974568 -0.0178526 -5.05208e-05 2.25315e-05 -0.0178526 0.0879587 3.24164e-05 7.0562e-05 -5.05208e-05 3.24164e-05 0.00958188 -0.0176729 2.25315e-05 7.0562e-05 -0.0176729 0.0877565 
0.00969466 -0.0177757 -3.5894e-05 3.08753e-05 -0.0177757 0.0876567 3.75938e-05 4.6742e-05 -3.5894e-05 3.75938e-05 0.00956486 -0.0176225 3.08753e-05 4.6742e-05 -0.0176225 0.0874185 
0.00966346 -0.0177043 -2.01467e-05 1.7589e-05 -0.0177043 0.08738 1.80991e-05 6.06924e-05 -2.01467e-05 1.80991e-05 0.00955216 -0.0176058 1.7589e-05 6.06924e-05 -0.0176058 0.0872487 
0.00959946 -0.0176488 -2.33275e-05 -2.01356e-06 -0.0176488 0.0871185 -3.73533e-06 0.000104698 -2.33275e-05 -3.73533e-06 0.00956772 -0.0175826 -2.01356e-06 0.000104698 -0.0175826 0.0871004 
0.00956576 -0.0175447 -2.82129e-05 1.31349e-06 -0.0175447 0.086752 4.50982e-06 0.000115873 -2.82129e-05 4.50982e-06 0.00953901 -0.017576 1.31349e-06 0.000115873 -0.017576 0.0869272 
0.0095529 -0.0175119 -3.26134e-05 7.88823e-06 -0.0175119 0.0865556 1.34083e-05 9.99408e-05 -3.26134e-05 1.34083e-05 0.00952357 -0.0175479 7.88823e-06 9.99408e-05 -0.0175479 0.0868264 
0.00952763 -0.0174863 -4.07728e-05 1.3038e-05 -0.0174863 0.0863829 1.66883e-05 8.86265e-05 -4.07728e-05 1.66883e-05 0.0095084 -0.0175035 1.3038e-05 8.86265e-05 -0.0175035 0.0866275 
0.00951424 -0.0175376 -2.7256e-05 2.01835e-05 -0.0175376 0.0866536 1.91058e-05 8.38012e-05 -2.7256e-05 1.91058e-05 0.00955314 -0.0175569 2.01835e-05 8.38012e-05 -0.0175569 0.0868693 
0.00951563 -0.0174657 -1.62112e-05 3.98594e-06 -0.0174657 0.0864858 -2.56046e-06 0.000111947 -1.62112e-05 -2.56046e-06 0.00952348 -0.0175676 3.98594e-06 0.000111947 -0.0175676 0.086835 
0.00957003 -0.0175295 -2.00631e-05 -8.25119e-06 -0.0175295 0.0867244 -1.7222e-05 0.000149131 -2.00631e-05 -1.7222e-05 0.00951794 -0.0175979 -8.25119e-06 0.000149131 -0.0175979 0.0870933 
0.00956179 -0.0175037 -3.23e-05 -2.86809e-06 -0.0175037 0.0864808 -9.36067e-06 0.000150668 -3.23e-05 -9.36067e-06 0.00946735 -0.017486 -2.86809e-06 0.000150668 -0.017486 0.0866857 
0.0095874 -0.0176194 -2.97586e-05 1.2105e-05 -0.0176194 0.0869683 1.17357e-05 0.000116744 -2.97586e-05 1.17357e-05 0.00952198 -0.0175377 1.2105e-05 0.000116744 -0.0175377 0.0869806 
0.00958011 -0.0175658 -2.80792e-05 1.31816e-05 -0.0175658 0.0868208 1.56726e-05 8.65253e-05 -2.80792e-05 1.56726e-05 0.00950759 -0.0175251 1.31816e-05 8.65253e-05 -0.0175251 0.0868251 
0.00959567 -0.0175154 -1.63657e-05 1.37058e-05 -0.0175154 0.0865317 1.69247e-05 7.02457e-05 -1.63657e-05 1.69247e-05 0.00943885 -0.0174726 1.37058e-05 7.02457e-05 -0.0174726 0.0865582 
0.00959302 -0.0174856 -2.26855e-05 -2.37976e-06 -0.0174856 0.0861953 3.0087e-06 8.81048e-05 -2.26855e-05 3.0087e-06 0.00936508 -0.0173479 -2.37976e-06 8.81048e-05 -0.0173479 0.0860931 
0.0098051 -0.0179263 -3.06687e-05 -3.68086e-07 -0.0179263 0.0882105 5.09227e-06 0.000105849 -3.06687e-05 5.09227e-06 0.00956158 -0.0176865 -3.68086e-07 0.000105849 -0.0176865 0.0878708 
0.00955944 -0.0176191 -2.70389e-05 7.19312e-06 -0.0176191 0.0867258 8.19932e-06 0.000104207 -2.70389e-05 8.19932e-06 0.00943928 -0.0173588 7.19312e-06 0.000104207 -0.0173588 0.0862407 
0.00953175 -0.0175464 -2.94372e-05 9.7211e-06 -0.0175464 0.0866832 5.63784e-06 9.86458e-05 -2.94372e-05 5.63784e-06 0.00946671 -0.0174226 9.7211e-06 9.86458e-05 -0.0174226 0.0863447 
0.00951921 -0.0175251 -9.58596e-06 1.08966e-05 -0.0175251 0.0866721 7.54448e-06 9.74281e-05 -9.58596e-06 7.54448e-06 0.0094939 -0.0174736 1.08966e-05 9.74281e-05 -0.0174736 0.0865422 
0.00951356 -0.0175033 -1.40227e-05 -1.73023e-05 -0.0175033 0.0866396 -1.70986e-05 0.000139565 -1.40227e-05 -1.70986e-05 0.00951653 -0.0175151 -1.73023e-05 0.000139565 -0.0175151 0.0867032 
0.00950653 -0.0175133 -2.13336e-05 -1.73279e-05 -0.0175133 0.0867169 -1.31671e-05 0.000163643 -2.13336e-05 -1.31671e-05 0.00955594 -0.0175663 -1.73279e-05 0.000163643 -0.0175663 0.0869284 
0.00954112 -0.0174968 -1.61019e-05 2.08412e-06 -0.0174968 0.0867173 4.98089e-06 0.000127345 -1.61019e-05 4.98089e-06 0.0095402 -0.0176142 2.08412e-06 0.000127345 -0.0176142 0.0870933 
0.00958023 -0.017576 -1.69459e-05 2.00984e-07 -0.017576 0.0869785 -4.40653e-06 0.000115091 -1.69459e-05 -4.40653e-06 0.00955721 -0.0176423 2.00984e-07 0.000115091 -0.0176423 0.0873628 
0.00960045 -0.0176197 -2.22893e-05 2.18533e-06 -0.0176197 0.0871633 -1.14355e-05 0.000122183 -2.22893e-05 -1.14355e-05 0.00956869 -0.0176541 2.18533e-06 0.000122183 -0.0176541 0.087472 
0.00959898 -0.0175889 -3.72392e-05 3.29231e-06 -0.0175889 0.0870028 -1.29106e-05 0.000133926 -3.72392e-05 -1.29106e-05 0.00953764 -0.0176045 3.29231e-06 0.000133926 -0.0176045 0.0872426 
0.00961712 -0.01765 -3.31873e-05 1.93956e-05 -0.01765 0.087223 9.17759e-06 0.000108156 -3.31873e-05 9.17759e-06 0.00955416 -0.0176176 1.93956e-05 0.000108156 -0.0176176 0.08735 
0.00962701 -0.0176481 -2.39516e-05 2.01087e-05 -0.0176481 0.0872364 1.6088e-05 7.70606e-05 -2.39516e-05 1.6088e-05 0.00953176 -0.017609 2.01087e-05 7.70606e-05 -0.017609 0.0872968 
0.00961148 -0.0176314 -1.54745e-05 1.9982e-06 -0.0176314 0.0871379 2.59963e-06 9.58804e-05 -1.54745e-05 2.59963e-06 0.00951774 -0.0175753 1.9982e-06 9.58804e-05 -0.0175753 0.0871804 
0.00960923 -0.0175817 -9.92628e-06 -1.87081e-05 -0.0175817 0.0869103 -9.92419e-06 0.000141563 -9.92628e-06 -9.92419e-06 0.00947646 -0.0175257 -1.87081e-05 0.000141563 -0.0175257 0.0869419 
0.0095865 -0.017555 -2.9866e-05 -2.42719e-05 -0.017555 0.0866888 -1.08706e-05 0.000160323 -2.9866e-05 -1.08706e-05 0.00944697 -0.017456 -2.42719e-05 0.000160323 -0.017456 0.0866609 
0.00950857 -0.0175084 -4.7097e-05 1.37422e-06 -0.0175084 0.0864381 1.339e-05 0.000127049 -4.7097e-05 1.339e-05 0.00946016 -0.0173872 1.37422e-06 0.000127049 -0.0173872 0.0863239 
0.00951131 -0.0174617 -4.64056e-05 2.55141e-05 -0.0174617 0.0864014 3.17176e-05 7.38754e-05 -4.64056e-05 3.17176e-05 0.00946467 -0.0174453 2.55141e-05 7.38754e-05 -0.0174453 0.0864098 
0.00949154 -0.0173994 -4.7609e-05 3.01779e-05 -0.0173994 0.0860647 3.61496e-05 3.61598e-05 -4.7609e-05 3.61496e-05 0.00943697 -0.0173982 3.01779e-05 3.61598e-05 -0.0173982 0.0861902 
0.00947138 -0.0173939 -3.89981e-05 2.60874e-05 -0.0173939 0.0859733 3.30954e-05 3.68629e-05 -3.89981e-05 3.30954e-05 0.00943806 -0.0173842 2.60874e-05 3.68629e-05 -0.0173842 0.0861211 
0.00965255 -0.01777 -3.81161e-05 1.99877e-05 -0.01777 0.0878689 2.55615e-05 4.69699e-05 -3.81161e-05 2.55615e-05 0.00966105 -0.0177803 1.99877e-05 4.69699e-05 -0.0177803 0.0880448 
0.00966347 -0.0177249 -3.22385e-05 1.95109e-05 -0.0177249 0.0877684 2.43105e-05 5.15022e-05 -3.22385e-05 2.43105e-05 0.00962687 -0.0177986 1.95109e-05 5.15022e-05 -0.0177986 0.0880738 
0.00946982 -0.0173728 -1.78011e-05 1.514e-05 -0.0173728 0.0859473 1.66081e-05 5.80293e-05 -1.78011e-05 1.66081e-05 0.00941132 -0.0174038 1.514e-05 5.80293e-05 -0.0174038 0.0862589 
0.00952095 -0.0174268 -3.00357e-06 -5.80474e-06 -0.0174268 0.0861733 -5.19717e-06 9.99035e-05 -3.00357e-06 -5.19717e-06 0.00939235 -0.0174066 -5.80474e-06 9.99035e-05 -0.0174066 0.0863633 
0.0095463 -0.0174852 5.30155e-06 -2.59532e-05 -0.0174852 0.0863569 -2.59575e-05 0.000152571 5.30155e-06 -2.59575e-05 0.00938437 -0.0173782 -2.59532e-05 0.000152571 -0.0173782 0.0863578 
0.00957399 -0.0175092 1.86562e-06 -3.25653e-05 -0.0175092 0.0864508 -3.60634e-05 0.000185646 1.86562e-06 -3.60634e-05 0.00935302 -0.0173516 -3.25653e-05 0.000185646 -0.0173516 0.0862746 
0.00953219 -0.0174851 -6.70981e-06 -2.52237e-05 -0.0174851 0.0862712 -2.98121e-05 0.000182699 -6.70981e-06 -2.98121e-05 0.00934304 -0.0172689 -2.52237e-05 0.000182699 -0.0172689 0.0859553 
0.00967319 -0.0177514 -7.16113e-06 -1.58389e-05 -0.0177514 0.0876606 -2.18149e-05 0.000168482 -7.16113e-06 -2.18149e-05 0.0095161 -0.0175554 -1.58389e-05 0.000168482 -0.0175554 0.0872962 
