0.00686649 0 -4.87147e-06 0 0 0.00997491 0 0 -4.87147e-06 0 0.00723813 0 0 0 0 0.00997491 
0.00976383 -0.0121297 1.61449e-06 -9.0386e-07 -0.0121297 0.0323891 -9.0386e-07 7.48335e-07 1.61449e-06 -9.0386e-07 0.0101714 -0.0126169 -9.0386e-07 7.48335e-07 -0.0126169 0.0333224 
0.00981722 -0.0184518 -2.80466e-05 1.74223e-05 -0.0184518 0.0681264 1.74223e-05 -6.44564e-05 -2.80466e-05 1.74223e-05 0.010116 -0.0186889 1.74223e-05 -6.44564e-05 -0.0186889 0.0687678 
0.00904078 -0.0178359 -2.86127e-05 2.77489e-05 -0.0178359 0.0803799 3.34425e-05 -5.01583e-05 -2.86127e-05 3.34425e-05 0.00935494 -0.0177581 2.77489e-05 -5.01583e-05 -0.0177581 0.0792433 
0.00897076 -0.0172742 -2.47851e-05 1.98363e-05 -0.0172742 0.0842376 3.386e-05 1.27094e-05 -2.47851e-05 3.386e-05 0.00946322 -0.0173159 1.98363e-05 1.27094e-05 -0.0173159 0.0827172 
0.00916115 -0.0172981 1.52569e-06 1.39581e-05 -0.0172981 0.086256 3.52886e-05 2.15386e-05 1.52569e-06 3.52886e-05 0.00980192 -0.0176428 1.39581e-05 2.15386e-05 -0.0176428 0.0854957 
0.00912479 -0.017051 3.41611e-05 -1.2877e-05 -0.017051 0.0853664 6.93472e-06 3.95749e-05 3.41611e-05 6.93472e-06 0.00977977 -0.0176235 -1.2877e-05 3.95749e-05 -0.0176235 0.0855706 
0.00937408 -0.0174583 3.70139e-05 -4.85478e-05 -0.0174583 0.0873095 -3.43021e-05 0.000101284 3.70139e-05 -3.43021e-05 0.0100161 -0.0180816 -4.85478e-05 0.000101284 -0.0180816 0.0880397 
0.00921514 -0.0171305 2.8894e-05 -5.42707e-05 -0.0171305 0.0855307 -4.91085e-05 0.000152713 2.8894e-05 -4.91085e-05 0.00980307 -0.017685 -5.42707e-05 0.000152713 -0.017685 0.0863132 
0.0093351 -0.0173226 3.3079e-05 -4.5803e-05 -0.0173226 0.0863381 -4.84901e-05 0.00016901 3.3079e-05 -4.84901e-05 0.00987232 -0.0178099 -4.5803e-05 0.00016901 -0.0178099 0.0869902 
0.00951006 -0.017617 4.19622e-05 -4.3685e-05 -0.017617 0.0876375 -5.20224e-05 0.000165146 4.19622e-05 -5.20224e-05 0.00996873 -0.018026 -4.3685e-05 0.000165146 -0.018026 0.0880761 
0.00947298 -0.017588 2.37108e-05 -5.03579e-05 -0.017588 0.0873261 -6.11218e-05 0.000171588 2.37108e-05 -6.11218e-05 0.00989603 -0.017885 -5.03579e-05 0.000171588 -0.017885 0.0874861 
0.00944028 -0.0175411 2.30881e-05 -2.948e-05 -0.0175411 0.0871011 -4.1134e-05 0.000146089 2.30881e-05 -4.1134e-05 0.00985037 -0.0178031 -2.948e-05 0.000146089 -0.0178031 0.0870964 
0.00941433 -0.0174754 2.44905e-05 -2.23564e-05 -0.0174754 0.0868016 -3.68247e-05 0.000114304 2.44905e-05 -3.68247e-05 0.00980096 -0.0177336 -2.23564e-05 0.000114304 -0.0177336 0.0867557 
0.00937198 -0.0174445 2.88524e-05 -2.37845e-05 -0.0174445 0.086617 -3.74233e-05 0.000103925 2.88524e-05 -3.74233e-05 0.0097895 -0.0176828 -2.37845e-05 0.000103925 -0.0176828 0.0865445 
0.00938568 -0.0173938 2.41479e-05 -3.71452e-05 -0.0173938 0.0864707 -4.13159e-05 0.000117713 2.41479e-05 -4.13159e-05 0.00974843 -0.0176868 -3.71452e-05 0.000117713 -0.0176868 0.0864955 
0.00937767 -0.0173698 4.24572e-06 -3.53983e-05 -0.0173698 0.0862304 -3.10658e-05 0.000116099 4.24572e-06 -3.10658e-05 0.0097027 -0.0176056 -3.53983e-05 0.000116099 -0.0176056 0.086236 
0.00936469 -0.0173896 -1.40185e-05 -1.06149e-05 -0.0173896 0.086246 -3.74693e-06 7.22774e-05 -1.40185e-05 -3.74693e-06 0.00970193 -0.01757 -1.06149e-05 7.22774e-05 -0.01757 0.0861282 
0.00955569 -0.0177553 -2.47692e-05 1.39811e-05 -0.0177553 0.0881078 1.83353e-05 1.48234e-05 -2.47692e-05 1.83353e-05 0.00990545 -0.0179444 1.39811e-05 1.48234e-05 -0.0179444 0.0879268 
0.00955754 -0.0177359 -2.69195e-05 3.35196e-05 -0.0177359 0.0880542 3.52243e-05 -4.48701e-05 -2.69195e-05 3.52243e-05 0.00987402 -0.0179356 3.35196e-05 -4.48701e-05 -0.0179356 0.0878798 
0.00955524 -0.0176889 -1.04789e-05 3.69287e-05 -0.0176889 0.0877919 3.87139e-05 -7.52427e-05 -1.04789e-05 3.87139e-05 0.00980272 -0.0178502 3.69287e-05 -7.52427e-05 -0.0178502 0.0875689 
0.00950844 -0.0176537 1.44561e-05 1.81833e-05 -0.0176537 0.0875197 1.68857e-05 -5.3588e-05 1.44561e-05 1.68857e-05 0.00978274 -0.0177374 1.81833e-05 -5.3588e-05 -0.0177374 0.087156 
0.00947994 -0.0176317 3.6266e-05 -1.69848e-05 -0.0176317 0.0874888 -2.31276e-05 2.62685e-05 3.6266e-05 -2.31276e-05 0.00980623 -0.0177547 -1.69848e-05 2.62685e-05 -0.0177547 0.0871293 
0.00942609 -0.0175511 4.94557e-05 -5.19102e-05 -0.0175511 0.0872034 -5.4681e-05 0.00012188 4.94557e-05 -5.4681e-05 0.00981636 -0.017757 -5.19102e-05 0.00012188 -0.017757 0.0870273 
0.00946498 -0.0175207 4.25774e-05 -7.19683e-05 -0.0175207 0.0871673 -6.58519e-05 0.00018372 4.25774e-05 -6.58519e-05 0.00979653 -0.0178306 -7.19683e-05 0.00018372 -0.0178306 0.0872719 
0.00951589 -0.0176033 4.21749e-05 -7.06436e-05 -0.0176033 0.0874034 -5.85963e-05 0.000205675 4.21749e-05 -5.85963e-05 0.0097915 -0.0178444 -7.06436e-05 0.000205675 -0.0178444 0.0875263 
0.00951971 -0.017662 4.47312e-05 -6.41281e-05 -0.017662 0.0875834 -5.18746e-05 0.00019066 4.47312e-05 -5.18746e-05 0.00980232 -0.0178145 -6.41281e-05 0.00019066 -0.0178145 0.0875219 
0.00953488 -0.0177176 3.54055e-05 -6.44982e-05 -0.0177176 0.087915 -5.75814e-05 0.00018634 3.54055e-05 -5.75814e-05 0.00983641 -0.0178662 -6.44982e-05 0.00018634 -0.0178662 0.087747 
0.00952856 -0.0176898 2.47725e-05 -5.58385e-05 -0.0176898 0.0878667 -5.6326e-05 0.000186602 2.47725e-05 -5.6326e-05 0.00984337 -0.0178689 -5.58385e-05 0.000186602 -0.0178689 0.0877271 
0.00954978 -0.0177135 2.18334e-05 -3.16013e-05 -0.0177135 0.0879823 -3.92053e-05 0.000143378 2.18334e-05 -3.92053e-05 0.00985214 -0.0179021 -3.16013e-05 0.000143378 -0.0179021 0.0878658 
0.00956155 -0.0177577 1.92775e-05 -1.71658e-05 -0.0177577 0.0881782 -2.8115e-05 8.97725e-05 1.92775e-05 -2.8115e-05 0.0098784 -0.0179362 -1.71658e-05 8.97725e-05 -0.0179362 0.0880587 
0.00952514 -0.0177104 3.15412e-06 -1.21428e-05 -0.0177104 0.0879851 -2.68177e-05 6.37887e-05 3.15412e-06 -2.68177e-05 0.00987582 -0.0179029 -1.21428e-05 6.37887e-05 -0.0179029 0.0878797 
0.00946503 -0.0176215 -3.15254e-06 7.82382e-06 -0.0176215 0.0876183 -7.00645e-06 2.24022e-05 -3.15254e-06 -7.00645e-06 0.00986951 -0.0178632 7.82382e-06 2.24022e-05 -0.0178632 0.0876108 
0.00939798 -0.0175438 6.41525e-06 1.03975e-05 -0.0175438 0.0873242 -1.93463e-06 2.23939e-06 6.41525e-06 -1.93463e-06 0.00989867 -0.0178606 1.03975e-05 2.23939e-06 -0.0178606 0.0874914 
0.00936494 -0.0175296 2.5065e-05 -6.80771e-06 -0.0175296 0.087395 -1.47489e-05 2.13223e-05 2.5065e-05 -1.47489e-05 0.00997898 -0.0179634 -6.80771e-06 2.13223e-05 -0.0179634 0.0878181 
0.00941035 -0.0174762 2.92339e-05 -3.55045e-05 -0.0174762 0.0872936 -3.80387e-05 7.70153e-05 2.92339e-05 -3.80387e-05 0.00995852 -0.0180436 -3.55045e-05 7.70153e-05 -0.0180436 0.0880342 
0.00945834 -0.017566 1.7411e-05 -4.17677e-05 -0.017566 0.0875166 -4.07752e-05 0.000108467 1.7411e-05 -4.07752e-05 0.00996525 -0.0180637 -4.17677e-05 0.000108467 -0.0180637 0.0882972 
0.00931237 -0.01733 2.58341e-05 -2.22784e-05 -0.01733 0.0862545 -2.13925e-05 8.28643e-05 2.58341e-05 -2.13925e-05 0.00980249 -0.0177642 -2.22784e-05 8.28643e-05 -0.0177642 0.0869075 
0.00934152 -0.0174 4.79416e-05 -2.91471e-05 -0.0174 0.086627 -2.95485e-05 7.38747e-05 4.79416e-05 -2.95485e-05 0.00983835 -0.0178092 -2.91471e-05 7.38747e-05 -0.0178092 0.0871701 
0.00937796 -0.0174068 6.49009e-05 -6.05232e-05 -0.0174068 0.0867077 -6.38235e-05 0.000131054 6.49009e-05 -6.38235e-05 0.00983854 -0.017825 -6.05232e-05 0.000131054 -0.017825 0.0872256 
0.0093727 -0.0174273 5.36883e-05 -8.06917e-05 -0.0174273 0.0866836 -8.41129e-05 0.000190416 5.36883e-05 -8.41129e-05 0.00984523 -0.0177885 -8.06917e-05 0.000190416 -0.0177885 0.0870919 
0.00939863 -0.017434 4.20974e-05 -7.19372e-05 -0.017434 0.0867148 -7.11333e-05 0.000203024 4.20974e-05 -7.11333e-05 0.00982554 -0.0177966 -7.19372e-05 0.000203024 -0.0177966 0.0870524 
0.00939055 -0.0174658 2.23278e-05 -5.90363e-05 -0.0174658 0.0867715 -5.1741e-05 0.000174163 2.23278e-05 -5.1741e-05 0.00983242 -0.0177736 -5.90363e-05 0.000174163 -0.0177736 0.0870013 
0.00936959 -0.0174721 1.39392e-07 -3.43335e-05 -0.0174721 0.0868575 -2.28403e-05 0.000116957 1.39392e-07 -2.28403e-05 0.00987409 -0.0177959 -3.43335e-05 0.000116957 -0.0177959 0.0870531 
0.00936533 -0.0174375 -1.27347e-05 -2.79602e-06 -0.0174375 0.0867929 9.43153e-06 3.75028e-05 -1.27347e-05 9.43153e-06 0.00988094 -0.0178281 -2.79602e-06 3.75028e-05 -0.0178281 0.0870757 
0.00940812 -0.0174464 -5.78786e-06 1.20714e-05 -0.0174464 0.086822 2.14851e-05 -1.35888e-05 -5.78786e-06 2.14851e-05 0.00983723 -0.0178514 1.20714e-05 -1.35888e-05 -0.0178514 0.0871754 
0.00940815 -0.0174818 -3.75474e-07 4.54833e-08 -0.0174818 0.0868339 9.39404e-06 -1.00054e-05 -3.75474e-07 9.39404e-06 0.00980911 -0.0177752 4.54833e-08 -1.00054e-05 -0.0177752 0.0870264 
0.0093801 -0.0174361 9.42216e-06 -1.08172e-05 -0.0174361 0.0866245 -1.84761e-06 2.09623e-05 9.42216e-06 -1.84761e-06 0.00978036 -0.0176985 -1.08172e-05 2.09623e-05 -0.0176985 0.0866816 
0.00954218 -0.0177423 -1.60249e-06 -9.8622e-06 -0.0177423 0.0881649 -5.67091e-06 2.31723e-05 -1.60249e-06 -5.67091e-06 0.00996579 -0.0180109 -9.8622e-06 2.31723e-05 -0.0180109 0.0881825 
0.00950881 -0.0177057 -8.61216e-06 8.96999e-06 -0.0177057 0.0880017 2.60223e-06 2.23369e-06 -8.61216e-06 2.60223e-06 0.0099731 -0.0180014 8.96999e-06 2.23369e-06 -0.0180014 0.0880681 
0.0094691 -0.0176856 -9.66281e-07 2.36871e-05 -0.0176856 0.087961 7.92833e-06 -2.77444e-05 -9.66281e-07 7.92833e-06 0.0100185 -0.0180342 2.36871e-05 -2.77444e-05 -0.0180342 0.088141 
0.00929211 -0.0173177 1.82989e-06 1.67999e-05 -0.0173177 0.0862744 -1.0474e-06 -3.07707e-05 1.82989e-06 -1.0474e-06 0.00984207 -0.0177654 1.67999e-05 -3.07707e-05 -0.0177654 0.0866703 
0.00931859 -0.0174024 2.5595e-06 8.18088e-06 -0.0174024 0.0866793 -8.69582e-06 -1.18077e-05 2.5595e-06 -8.69582e-06 0.00991004 -0.0178698 8.18088e-06 -1.18077e-05 -0.0178698 0.08721 
0.00929273 -0.0173636 -1.72805e-06 -5.48128e-06 -0.0173636 0.0865536 -1.82484e-05 2.81248e-05 -1.72805e-06 -1.82484e-05 0.00990619 -0.0178597 -5.48128e-06 2.81248e-05 -0.0178597 0.0871441 
0.00928298 -0.0173339 -2.25773e-05 -3.2943e-06 -0.0173339 0.0864677 -1.06845e-05 3.89125e-05 -2.25773e-05 -1.06845e-05 0.00989002 -0.0178598 -3.2943e-06 3.89125e-05 -0.0178598 0.0871285 
0.00929976 -0.0173029 -3.22495e-05 2.54854e-05 -0.0173029 0.0863317 2.10701e-05 -1.21391e-05 -3.22495e-05 2.10701e-05 0.009847 -0.0178307 2.54854e-05 -1.21391e-05 -0.0178307 0.0870367 
0.00935486 -0.0173739 -1.83085e-05 4.85266e-05 -0.0173739 0.0865728 4.52276e-05 -8.96018e-05 -1.83085e-05 4.52276e-05 0.00983909 -0.0178413 4.85266e-05 -8.96018e-05 -0.0178413 0.0872127 
0.00938368 -0.0173408 -5.03039e-06 3.40676e-05 -0.0173408 0.0862785 3.19274e-05 -0.000103338 -5.03039e-06 3.19274e-05 0.00974306 -0.0177123 3.40676e-05 -0.000103338 -0.0177123 0.086709 
0.00958195 -0.0177133 -5.78258e-06 8.50298e-06 -0.0177133 0.0878567 1.35026e-05 -6.34974e-05 -5.78258e-06 1.35026e-05 0.00987707 -0.0179237 8.50298e-06 -6.34974e-05 -0.0179237 0.0879242 
0.00960885 -0.0178132 -6.95339e-06 -2.94664e-06 -0.0178132 0.0882343 9.01665e-06 -1.82566e-05 -6.95339e-06 9.01665e-06 0.00989941 -0.0179382 -2.94664e-06 -1.82566e-05 -0.0179382 0.0880029 
0.00963412 -0.0178375 -1.94366e-05 -3.38117e-06 -0.0178375 0.0883933 7.19037e-06 2.85063e-06 -1.94366e-05 7.19037e-06 0.00987939 -0.0179543 -3.38117e-06 2.85063e-06 -0.0179543 0.088036 
0.00959514 -0.0177572 -2.80216e-05 1.43897e-05 -0.0177572 0.0879748 2.1109e-05 -1.42829e-05 -2.80216e-05 2.1109e-05 0.00981235 -0.0178456 1.43897e-05 -1.42829e-05 -0.0178456 0.0875799 
0.00960279 -0.0177842 -1.85559e-05 2.97251e-05 -0.0177842 0.0880782 3.71189e-05 -5.50836e-05 -1.85559e-05 3.71189e-05 0.00981828 -0.0178429 2.97251e-05 -5.50836e-05 -0.0178429 0.0876269 
0.00962385 -0.0178052 -1.0619e-05 1.86116e-05 -0.0178052 0.0881841 2.58883e-05 -5.64755e-05 -1.0619e-05 2.58883e-05 0.00981125 -0.0178521 1.86116e-05 -5.64755e-05 -0.0178521 0.087682 
0.00956139 -0.0177726 -2.55205e-05 1.04922e-05 -0.0177726 0.0879668 1.84543e-05 -4.29194e-05 -2.55205e-05 1.84543e-05 0.00980892 -0.017769 1.04922e-05 -4.29194e-05 -0.017769 0.0873489 
0.00952271 -0.0177184 -2.03209e-05 2.36507e-05 -0.0177184 0.0878579 2.7581e-05 -4.47423e-05 -2.03209e-05 2.7581e-05 0.00982536 -0.0177846 2.36507e-05 -4.47423e-05 -0.0177846 0.0872858 
0.0094747 -0.0176908 -1.34091e-05 2.20834e-05 -0.0176908 0.0878366 2.00003e-05 -4.60471e-05 -1.34091e-05 2.00003e-05 0.00988477 -0.0178376 2.20834e-05 -4.60471e-05 -0.0178376 0.0874462 
0.00942108 -0.017603 3.3768e-06 1.48684e-05 -0.017603 0.087602 1.07243e-05 -3.15521e-05 3.3768e-06 1.07243e-05 0.00991658 -0.017886 1.48684e-05 -3.15521e-05 -0.017886 0.0875065 
0.00936304 -0.0174943 2.03864e-05 1.55478e-07 -0.0174943 0.0871935 -4.70927e-06 -8.06373e-06 2.03864e-05 -4.70927e-06 0.00991346 -0.0178916 1.55478e-07 -8.06373e-06 -0.0178916 0.0874217 
0.00942803 -0.0175179 2.00725e-05 -2.31481e-05 -0.0175179 0.0874011 -3.23341e-05 4.7357e-05 2.00725e-05 -3.23341e-05 0.00991845 -0.0180095 -2.31481e-05 4.7357e-05 -0.0180095 0.0879363 
0.00949105 -0.0175782 9.91848e-06 -2.06206e-05 -0.0175782 0.0875316 -3.1844e-05 6.84425e-05 9.91848e-06 -3.1844e-05 0.00989517 -0.017993 -2.06206e-05 6.84425e-05 -0.017993 0.0880688 
0.00955883 -0.0176855 7.55782e-06 -9.46974e-06 -0.0176855 0.0878597 -1.9901e-05 5.494e-05 7.55782e-06 -1.9901e-05 0.00987762 -0.0179767 -9.46974e-06 5.494e-05 -0.0179767 0.0881503 
0.00956316 -0.0177649 -2.50768e-06 -5.61621e-06 -0.0177649 0.088112 -1.44837e-05 3.48847e-05 -2.50768e-06 -1.44837e-05 0.00989457 -0.0179384 -5.61621e-06 3.48847e-05 -0.0179384 0.0880903 
0.00936005 -0.0173935 -1.59327e-05 1.63463e-06 -0.0173935 0.0863721 -4.79436e-06 1.91221e-05 -1.59327e-05 -4.79436e-06 0.00970048 -0.0175898 1.63463e-06 1.91221e-05 -0.0175898 0.0862783 
0.00955739 -0.01771 -7.57882e-06 1.44272e-05 -0.01771 0.0880146 1.2463e-05 -8.57832e-06 -7.57882e-06 1.2463e-05 0.00986766 -0.0179499 1.44272e-05 -8.57832e-06 -0.0179499 0.0880054 
0.00949384 -0.0176179 -2.19627e-06 7.80709e-06 -0.0176179 0.0874988 1.49702e-05 -3.04437e-05 -2.19627e-06 1.49702e-05 0.00982142 -0.017835 7.80709e-06 -3.04437e-05 -0.017835 0.0875311 
0.00940928 -0.0175348 -3.98817e-06 -2.65637e-06 -0.0175348 0.0871 1.03937e-05 -2.26477e-05 -3.98817e-06 1.03937e-05 0.00981638 -0.0177508 -2.65637e-06 -2.26477e-05 -0.0177508 0.0871107 
0.00940239 -0.0174576 -3.26096e-05 9.93553e-07 -0.0174576 0.0868765 1.08111e-05 -2.09721e-05 -3.26096e-05 1.08111e-05 0.00978334 -0.0177661 9.93553e-07 -2.09721e-05 -0.0177661 0.0870194 
0.00942461 -0.0174556 -5.64889e-05 4.43619e-05 -0.0174556 0.0867967 4.4435e-05 -8.48738e-05 -5.64889e-05 4.4435e-05 0.00973758 -0.0177389 4.43619e-05 -8.48738e-05 -0.0177389 0.0869765 
0.00942429 -0.0175148 -5.69523e-05 7.78024e-05 -0.0175148 0.0869589 7.03894e-05 -0.000163506 -5.69523e-05 7.03894e-05 0.0097442 -0.0177025 7.78024e-05 -0.000163506 -0.0177025 0.086967 
0.00940612 -0.0174987 -6.66031e-05 7.48676e-05 -0.0174987 0.0869671 6.58619e-05 -0.000186718 -6.66031e-05 6.58619e-05 0.00975764 -0.0177016 7.48676e-05 -0.000186718 -0.0177016 0.0869212 
0.00942353 -0.0174631 -6.89475e-05 8.85461e-05 -0.0174631 0.0868801 7.93237e-05 -0.000212976 -6.89475e-05 7.93237e-05 0.00974307 -0.0177224 8.85461e-05 -0.000212976 -0.0177224 0.0869403 
0.00947955 -0.0175419 -4.99609e-05 9.34388e-05 -0.0175419 0.0871668 8.31971e-05 -0.000233761 -4.99609e-05 8.31971e-05 0.00974793 -0.0177746 9.34388e-05 -0.000233761 -0.0177746 0.0872581 
0.00949088 -0.0175709 -3.03691e-05 6.98812e-05 -0.0175709 0.0872097 6.16691e-05 -0.00020942 -3.03691e-05 6.16691e-05 0.00973176 -0.0177339 6.98812e-05 -0.00020942 -0.0177339 0.087185 
0.00947628 -0.0175763 -2.28514e-05 3.87963e-05 -0.0175763 0.0871883 3.53622e-05 -0.000144723 -2.28514e-05 3.53622e-05 0.00973139 -0.0176876 3.87963e-05 -0.000144723 -0.0176876 0.087005 
0.0094331 -0.0175649 -1.84033e-05 1.93113e-05 -0.0175649 0.08715 2.17977e-05 -8.14027e-05 -1.84033e-05 2.17977e-05 0.00975066 -0.0176658 1.93113e-05 -8.14027e-05 -0.0176658 0.0868525 
0.00942007 -0.017517 -1.09432e-05 1.44297e-05 -0.017517 0.0870783 1.8619e-05 -5.24716e-05 -1.09432e-05 1.8619e-05 0.00975416 -0.0177021 1.44297e-05 -5.24716e-05 -0.0177021 0.0868778 
0.0094048 -0.0174948 -5.5082e-06 1.71949e-05 -0.0174948 0.0870009 1.40851e-05 -5.20777e-05 -5.5082e-06 1.40851e-05 0.00975853 -0.0177165 1.71949e-05 -5.20777e-05 -0.0177165 0.0869356 
0.00935559 -0.0174143 4.07104e-06 1.28957e-05 -0.0174143 0.0866384 1.88918e-06 -3.79231e-05 4.07104e-06 1.88918e-06 0.0097284 -0.0176563 1.28957e-05 -3.79231e-05 -0.0176563 0.0866488 
0.00930279 -0.0173351 3.66972e-06 6.51883e-06 -0.0173351 0.086301 -6.75271e-06 -2.75099e-05 3.66972e-06 -6.75271e-06 0.00971785 -0.0176111 6.51883e-06 -2.75099e-05 -0.0176111 0.0864059 
0.00926917 -0.0172735 -1.43384e-05 6.58931e-06 -0.0172735 0.0860747 -1.86606e-06 -2.90031e-05 -1.43384e-05 -1.86606e-06 0.00971747 -0.0176123 6.58931e-06 -2.90031e-05 -0.0176123 0.086333 
0.00929072 -0.0172412 -2.44871e-05 2.22632e-05 -0.0172412 0.0859699 1.9461e-05 -5.40662e-05 -2.44871e-05 1.9461e-05 0.00969433 -0.0176383 2.22632e-05 -5.40662e-05 -0.0176383 0.0864126 
0.00952522 -0.0176032 -2.40744e-05 3.60026e-05 -0.0176032 0.0876427 3.87195e-05 -9.88854e-05 -2.40744e-05 3.87195e-05 0.00983309 -0.0179568 3.60026e-05 -9.88854e-05 -0.0179568 0.0880977 
0.00952092 -0.0176538 -2.44547e-05 3.3694e-05 -0.0176538 0.0876832 3.82313e-05 -0.000113266 -2.44547e-05 3.82313e-05 0.00982106 -0.0178865 3.3694e-05 -0.000113266 -0.0178865 0.0879419 
0.00935005 -0.0173297 -1.3957e-05 2.4775e-05 -0.0173297 0.0861047 3.33443e-05 -9.64546e-05 -1.3957e-05 3.33443e-05 0.00962722 -0.0175466 2.4775e-05 -9.64546e-05 -0.0175466 0.0862463 
0.00937084 -0.0173499 -2.20536e-05 1.24075e-05 -0.0173499 0.0861952 2.21795e-05 -7.16906e-05 -2.20536e-05 2.21795e-05 0.00962575 -0.0175516 1.24075e-05 -7.16906e-05 -0.0175516 0.0862979 
0.00937429 -0.017383 -4.51225e-05 1.85336e-05 -0.017383 0.0863245 2.9105e-05 -6.47742e-05 -4.51225e-05 2.9105e-05 0.00964581 -0.0175687 1.85336e-05 -6.47742e-05 -0.0175687 0.0864055 
0.00934944 -0.017377 -5.10555e-05 4.67378e-05 -0.017377 0.0863271 5.89773e-05 -0.000110654 -5.10555e-05 5.89773e-05 0.0096546 -0.0175695 4.67378e-05 -0.000110654 -0.0175695 0.0863953 
0.00929772 -0.0173387 -6.27087e-05 6.22094e-05 -0.0173387 0.0862438 7.25146e-05 -0.00016664 -6.27087e-05 7.25146e-05 0.00969954 -0.0175765 6.22094e-05 -0.00016664 -0.0175765 0.0863872 
0.00943381 -0.0175789 -5.40013e-05 7.65046e-05 -0.0175789 0.0876205 8.04418e-05 -0.000201437 -5.40013e-05 8.04418e-05 0.00990516 -0.0179377 7.65046e-05 -0.000201437 -0.0179377 0.0879777 
0.00940919 -0.017498 -2.69979e-05 7.41359e-05 -0.017498 0.0872768 6.48879e-05 -0.000203116 -2.69979e-05 6.48879e-05 0.00989108 -0.0179419 7.41359e-05 -0.000203116 -0.0179419 0.087879 
0.00941712 -0.0174787 3.05299e-06 4.28105e-05 -0.0174787 0.0871324 2.61089e-05 -0.000145565 3.05299e-06 2.61089e-05 0.00985906 -0.0179376 4.28105e-05 -0.000145565 -0.0179376 0.0878547 
0.00948483 -0.0174763 1.0901e-05 -1.47437e-06 -0.0174763 0.0870275 -1.40611e-05 -4.45192e-05 1.0901e-05 -1.40611e-05 0.0097636 -0.0178878 -1.47437e-06 -4.45192e-05 -0.0178878 0.087712 
0.00955003 -0.0176081 1.41857e-05 -1.46507e-05 -0.0176081 0.0873428 -2.33234e-05 1.76158e-05 1.41857e-05 -2.33234e-05 0.00972098 -0.017811 -1.46507e-05 1.76158e-05 -0.017811 0.0876627 
0.00959062 -0.0177454 5.80031e-06 -1.24561e-05 -0.0177454 0.0878771 -2.59006e-05 3.39585e-05 5.80031e-06 -2.59006e-05 0.00974197 -0.0177974 -1.24561e-05 3.39585e-05 -0.0177974 0.0877576 
0.00939593 -0.0174352 6.20824e-06 -1.72651e-06 -0.0174352 0.0863848 -1.6126e-05 2.1798e-05 6.20824e-06 -1.6126e-05 0.00957101 -0.0174449 -1.72651e-06 2.1798e-05 -0.0174449 0.0860114 
0.0094019 -0.0174116 3.99521e-06 -1.91972e-06 -0.0174116 0.0863916 -9.07237e-06 1.33846e-06 3.99521e-06 -9.07237e-06 0.00955776 -0.0174579 -1.91972e-06 1.33846e-06 -0.0174579 0.0859963 
0.00962883 -0.0177892 2.53872e-06 -3.26387e-06 -0.0177892 0.08826 -2.49756e-06 -1.06574e-05 2.53872e-06 -2.49756e-06 0.00975545 -0.0178312 -3.26387e-06 -1.06574e-05 -0.0178312 0.087878 
0.0096176 -0.0178117 -3.35944e-06 2.35157e-06 -0.0178117 0.0882676 3.96315e-06 -2.86584e-05 -3.35944e-06 3.96315e-06 0.00977394 -0.0178033 2.35157e-06 -2.86584e-05 -0.0178033 0.0877971 
0.00938784 -0.0174473 2.73731e-06 9.32067e-06 -0.0174473 0.0865132 5.80807e-06 -4.10729e-05 2.73731e-06 5.80807e-06 0.00962313 -0.0174745 9.32067e-06 -4.10729e-05 -0.0174745 0.0860635 
0.00937917 -0.0174321 -1.11082e-05 5.18516e-06 -0.0174321 0.0866045 -6.64595e-06 -3.29138e-05 -1.11082e-05 -6.64595e-06 0.00967234 -0.0175733 5.18516e-06 -3.29138e-05 -0.0175733 0.0863688 
0.00936831 -0.017445 -1.26232e-05 1.86742e-05 -0.017445 0.0867551 5.13667e-06 -4.13094e-05 -1.26232e-05 5.13667e-06 0.0097343 -0.0176694 1.86742e-05 -4.13094e-05 -0.0176694 0.0867694 
0.00934199 -0.0173657 -1.56364e-05 1.63247e-05 -0.0173657 0.0864805 9.61496e-06 -5.029e-05 -1.56364e-05 9.61496e-06 0.00973084 -0.017675 1.63247e-05 -5.029e-05 -0.017675 0.0867222 
0.00933684 -0.0173577 -1.87666e-05 1.45708e-05 -0.0173577 0.0864377 1.70802e-05 -5.7188e-05 -1.87666e-05 1.70802e-05 0.00974362 -0.0176963 1.45708e-05 -5.7188e-05 -0.0176963 0.0868166 
0.00933144 -0.0173328 -7.14445e-06 2.14307e-05 -0.0173328 0.0863239 2.87285e-05 -8.01863e-05 -7.14445e-06 2.87285e-05 0.00973477 -0.0176917 2.14307e-05 -8.01863e-05 -0.0176917 0.0867765 
0.00937793 -0.0174014 -1.87655e-05 8.52807e-06 -0.0174014 0.0866353 1.32285e-05 -7.11507e-05 -1.87655e-05 1.32285e-05 0.00974739 -0.0177516 8.52807e-06 -7.11507e-05 -0.0177516 0.0870909 
0.00940951 -0.017445 -2.82599e-05 2.71329e-05 -0.017445 0.0867981 2.6002e-05 -8.77615e-05 -2.82599e-05 2.6002e-05 0.00974941 -0.0177499 2.71329e-05 -8.77615e-05 -0.0177499 0.0871759 
0.00945072 -0.0174543 -4.43181e-05 4.18827e-05 -0.0174543 0.0867997 3.72671e-05 -0.000122761 -4.43181e-05 3.72671e-05 0.00970955 -0.0177291 4.18827e-05 -0.000122761 -0.0177291 0.0870992 
0.00942969 -0.0174288 -3.88705e-05 6.54198e-05 -0.0174288 0.0864999 5.77553e-05 -0.000174531 -3.88705e-05 5.77553e-05 0.00966523 -0.0176074 6.54198e-05 -0.000174531 -0.0176074 0.0866296 
0.00942983 -0.0174486 -4.29839e-05 6.23468e-05 -0.0174486 0.0865516 5.49037e-05 -0.000200143 -4.29839e-05 5.49037e-05 0.00966273 -0.0176018 6.23468e-05 -0.000200143 -0.0176018 0.0865649 
0.00938651 -0.0174077 -3.46376e-05 7.04462e-05 -0.0174077 0.0863608 6.2408e-05 -0.000220913 -3.46376e-05 6.2408e-05 0.0096686 -0.0175627 7.04462e-05 -0.000220913 -0.0175627 0.0863527 
0.0095743 -0.0177241 -2.95186e-05 6.24583e-05 -0.0177241 0.088024 5.66213e-05 -0.000228682 -2.95186e-05 5.66213e-05 0.00986618 -0.0179505 6.24583e-05 -0.000228682 -0.0179505 0.0881282 
0.00939118 -0.017397 -3.69952e-05 5.15636e-05 -0.017397 0.0863437 4.94762e-05 -0.000208948 -3.69952e-05 4.94762e-05 0.00967997 -0.01761 5.15636e-05 -0.000208948 -0.01761 0.0864715 
0.0093846 -0.0173802 -3.31004e-05 5.3704e-05 -0.0173802 0.0862525 5.30691e-05 -0.000196789 -3.31004e-05 5.30691e-05 0.009664 -0.0175846 5.3704e-05 -0.000196789 -0.0175846 0.0863497 
0.00941947 -0.0174176 -2.1117e-05 4.55102e-05 -0.0174176 0.0864249 4.68528e-05 -0.000182019 -2.1117e-05 4.68528e-05 0.00965783 -0.0176145 4.55102e-05 -0.000182019 -0.0176145 0.0864988 
0.00945612 -0.0174655 1.37847e-05 3.17423e-05 -0.0174655 0.086591 3.21598e-05 -0.000151604 1.37847e-05 3.21598e-05 0.00964065 -0.0176093 3.17423e-05 -0.000151604 -0.0176093 0.0865674 
0.00948324 -0.0175466 2.79049e-05 -1.21457e-05 -0.0175466 0.086909 -8.5999e-06 -7.27806e-05 2.79049e-05 -8.5999e-06 0.00965444 -0.0176157 -1.21457e-05 -7.27806e-05 -0.0176157 0.0867064 
0.00947749 -0.0175511 1.32906e-05 -3.2149e-05 -0.0175511 0.0869617 -2.65908e-05 -2.13483e-06 1.32906e-05 -2.65908e-05 0.00964662 -0.0175993 -3.2149e-05 -2.13483e-06 -0.0175993 0.086645 
0.009497 -0.0176547 -7.88042e-06 -2.016e-05 -0.0176547 0.0875046 -9.28469e-06 5.20166e-06 -7.88042e-06 -9.28469e-06 0.00972692 -0.017687 -2.016e-05 5.20166e-06 -0.017687 0.0871031 
0.00950362 -0.0177088 -1.69689e-05 2.80355e-06 -0.0177088 0.0879395 1.88938e-05 -3.58444e-05 -1.69689e-05 1.88938e-05 0.00982104 -0.0178086 2.80355e-06 -3.58444e-05 -0.0178086 0.0875972 
0.00945003 -0.0176589 -2.93864e-05 1.53585e-05 -0.0176589 0.0878602 3.18622e-05 -7.79686e-05 -2.93864e-05 3.18622e-05 0.00988015 -0.0178596 1.53585e-05 -7.79686e-05 -0.0178596 0.0877056 
0.00940559 -0.0175366 -1.84749e-05 2.8575e-05 -0.0175366 0.087461 4.06388e-05 -0.000103839 -1.84749e-05 4.06388e-05 0.00988131 -0.0178846 2.8575e-05 -0.000103839 -0.0178846 0.0876343 
0.00938849 -0.0173838 -1.08202e-05 1.80058e-05 -0.0173838 0.0867387 2.7111e-05 -9.6382e-05 -1.08202e-05 2.7111e-05 0.00979508 -0.0178098 1.80058e-05 -9.6382e-05 -0.0178098 0.0872058 
0.00941345 -0.0174236 -2.87566e-05 1.64465e-05 -0.0174236 0.0866872 2.22733e-05 -8.94987e-05 -2.87566e-05 2.22733e-05 0.00976847 -0.0177659 1.64465e-05 -8.94987e-05 -0.0177659 0.0871308 
0.00944844 -0.0174902 -5.45915e-05 4.04333e-05 -0.0174902 0.086895 4.5865e-05 -0.000125925 -5.45915e-05 4.5865e-05 0.00975831 -0.0177639 4.04333e-05 -0.000125925 -0.0177639 0.0871807 
0.00942291 -0.0174411 -4.80366e-05 7.51261e-05 -0.0174411 0.0865875 7.62565e-05 -0.000196568 -4.80366e-05 7.62565e-05 0.00969837 -0.0176565 7.51261e-05 -0.000196568 -0.0176565 0.0867179 
0.00938511 -0.0174077 -3.03768e-05 7.07731e-05 -0.0174077 0.0863854 6.69605e-05 -0.000219639 -3.03768e-05 6.69605e-05 0.00968784 -0.01759 7.07731e-05 -0.000219639 -0.01759 0.0864172 
0.00938912 -0.0174282 -1.83192e-05 4.84982e-05 -0.0174282 0.0865354 3.95772e-05 -0.000179756 -1.83192e-05 3.95772e-05 0.00971703 -0.0176394 4.84982e-05 -0.000179756 -0.0176394 0.0865702 
0.0093599 -0.01744 -1.97396e-05 3.26133e-05 -0.01744 0.086643 2.1508e-05 -0.000130621 -1.97396e-05 2.1508e-05 0.00977455 -0.0176896 3.26133e-05 -0.000130621 -0.0176896 0.0867637 
0.00939636 -0.017446 -1.7254e-05 2.89889e-05 -0.017446 0.086838 2.05684e-05 -0.000101241 -1.7254e-05 2.05684e-05 0.00979912 -0.0177983 2.89889e-05 -0.000101241 -0.0177983 0.0871506 
0.00945252 -0.0175179 -1.61124e-05 2.19088e-05 -0.0175179 0.0871454 1.78283e-05 -8.2652e-05 -1.61124e-05 1.78283e-05 0.0098171 -0.0178708 2.19088e-05 -8.2652e-05 -0.0178708 0.0875694 
0.00949904 -0.0175964 -2.73947e-05 2.06764e-05 -0.0175964 0.0874479 2.06141e-05 -7.97069e-05 -2.73947e-05 2.06141e-05 0.00983283 -0.0178979 2.06764e-05 -7.97069e-05 -0.0178979 0.0878145 
0.00954488 -0.0176456 -4.05858e-05 3.36383e-05 -0.0176456 0.0876288 3.80115e-05 -0.00010439 -4.05858e-05 3.80115e-05 0.00982299 -0.0178955 3.36383e-05 -0.00010439 -0.0178955 0.0878621 
0.0095385 -0.0177076 -3.83472e-05 4.57137e-05 -0.0177076 0.0878037 5.06589e-05 -0.000131229 -3.83472e-05 5.06589e-05 0.00984455 -0.0178654 4.57137e-05 -0.000131229 -0.0178654 0.0878054 
0.00953248 -0.0177168 -4.51252e-05 4.55726e-05 -0.0177168 0.0879429 4.92851e-05 -0.000146218 -4.51252e-05 4.92851e-05 0.00988317 -0.0178957 4.55726e-05 -0.000146218 -0.0178957 0.0878534 
0.00951417 -0.0176844 -5.97285e-05 5.94497e-05 -0.0176844 0.0878595 6.06055e-05 -0.000174467 -5.97285e-05 6.06055e-05 0.00989783 -0.0179182 5.94497e-05 -0.000174467 -0.0179182 0.0878385 
0.00953096 -0.017703 -7.12018e-05 8.08239e-05 -0.017703 0.0879943 7.79821e-05 -0.000220199 -7.12018e-05 7.79821e-05 0.00993251 -0.0179843 8.08239e-05 -0.000220199 -0.0179843 0.0880887 
0.00934293 -0.0173344 -5.37647e-05 9.06229e-05 -0.0173344 0.0861619 8.60974e-05 -0.00024964 -5.37647e-05 8.60974e-05 0.00973013 -0.0176368 9.06229e-05 -0.00024964 -0.0176368 0.0863475 
0.00933614 -0.0173642 -3.84342e-05 7.81707e-05 -0.0173642 0.0862625 7.07511e-05 -0.000249609 -3.84342e-05 7.07511e-05 0.00975556 -0.0176525 7.81707e-05 -0.000249609 -0.0176525 0.086449 
0.00934329 -0.0173205 -4.16666e-05 6.3709e-05 -0.0173205 0.0861192 5.33664e-05 -0.000225346 -4.16666e-05 5.33664e-05 0.00971949 -0.0176432 6.3709e-05 -0.000225346 -0.0176432 0.0863475 
