0.00718433 0 -1.22788e-06 0 0 0.00975554 0 0 -1.22788e-06 0 0.00659573 0 0 0 0 0.00975554 
0.0101252 -0.0125579 7.95802e-06 -7.637e-06 -0.0125579 0.033033 -7.637e-06 1.49662e-05 7.95802e-06 -7.637e-06 0.00940275 -0.0116829 -7.637e-06 1.49662e-05 -0.0116829 0.0313545 
0.010099 -0.0186413 2.39044e-05 -7.00564e-06 -0.0186413 0.0684722 -7.00564e-06 1.47942e-05 2.39044e-05 -7.00564e-06 0.00948398 -0.0178619 -7.00564e-06 1.47942e-05 -0.0178619 0.0660948 
0.00943749 -0.0179922 2.3967e-05 -4.13434e-05 -0.0179922 0.0801395 -3.43937e-05 0.000109095 2.3967e-05 -3.43937e-05 0.00896332 -0.0175973 -4.13434e-05 0.000109095 -0.0175973 0.0795203 
0.00933703 -0.0173183 2.32854e-05 -4.84232e-05 -0.0173183 0.0827533 -5.16902e-05 0.000233483 2.32854e-05 -5.16902e-05 0.0089934 -0.0170226 -4.84232e-05 0.000233483 -0.0170226 0.0830227 
0.00956821 -0.0174086 3.48573e-05 -3.42712e-05 -0.0174086 0.0848238 -5.36476e-05 0.000237132 3.48573e-05 -5.36476e-05 0.00924251 -0.0172012 -3.42712e-05 0.000237132 -0.0172012 0.0852256 
0.0098007 -0.0177494 3.82443e-05 -3.84606e-05 -0.0177494 0.0868103 -5.83503e-05 0.000205309 3.82443e-05 -5.83503e-05 0.00947455 -0.0175738 -3.84606e-05 0.000205309 -0.0175738 0.0871895 
0.0098153 -0.0176897 4.91383e-05 -4.2012e-05 -0.0176897 0.0866458 -5.47809e-05 0.000179892 4.91383e-05 -5.47809e-05 0.00941626 -0.0175294 -4.2012e-05 0.000179892 -0.0175294 0.086981 
0.00990374 -0.0178193 4.53062e-05 -5.65009e-05 -0.0178193 0.0871767 -6.33631e-05 0.000181979 4.53062e-05 -6.33631e-05 0.00942337 -0.0175701 -5.65009e-05 0.000181979 -0.0175701 0.0873465 
0.0097795 -0.017686 3.41273e-05 -6.06743e-05 -0.017686 0.0863891 -6.18027e-05 0.000195925 3.41273e-05 -6.18027e-05 0.00933596 -0.0173313 -6.06743e-05 0.000195925 -0.0173313 0.0862915 
0.00988587 -0.017904 2.25087e-05 -5.69136e-05 -0.017904 0.0875725 -5.10291e-05 0.000198964 2.25087e-05 -5.10291e-05 0.00948406 -0.0175761 -5.69136e-05 0.000198964 -0.0175761 0.0873982 
0.0098316 -0.0177684 1.16543e-05 -3.87266e-05 -0.0177684 0.0870077 -2.84101e-05 0.000159754 1.16543e-05 -2.84101e-05 0.00943705 -0.0175148 -3.87266e-05 0.000159754 -0.0175148 0.086966 
0.00978712 -0.0176981 1.55227e-05 -2.49603e-05 -0.0176981 0.086614 -1.55811e-05 0.000120053 1.55227e-05 -1.55811e-05 0.00940817 -0.0174509 -2.49603e-05 0.000120053 -0.0174509 0.086647 
0.00975188 -0.0176198 1.40746e-05 -2.48066e-05 -0.0176198 0.0862146 -2.00077e-05 0.000103046 1.40746e-05 -2.00077e-05 0.00936771 -0.0173752 -2.48066e-05 0.000103046 -0.0173752 0.0862449 
0.00996586 -0.0180322 3.07404e-05 -2.48778e-05 -0.0180322 0.088179 -2.52014e-05 0.00011047 3.07404e-05 -2.52014e-05 0.00958002 -0.0177685 -2.48778e-05 0.00011047 -0.0177685 0.0881797 
0.00975201 -0.0176417 4.66457e-05 -4.48454e-05 -0.0176417 0.0862991 -4.42468e-05 0.000142559 4.66457e-05 -4.42468e-05 0.00935816 -0.0173963 -4.48454e-05 0.000142559 -0.0173963 0.0863078 
0.00975792 -0.0176796 5.55631e-05 -6.57929e-05 -0.0176796 0.0864847 -6.59663e-05 0.000192399 5.55631e-05 -6.59663e-05 0.00937123 -0.0174144 -6.57929e-05 0.000192399 -0.0174144 0.0864693 
0.00974998 -0.0176861 5.1802e-05 -7.86074e-05 -0.0176861 0.0865746 -8.06885e-05 0.000239946 5.1802e-05 -8.06885e-05 0.00939418 -0.0174248 -7.86074e-05 0.000239946 -0.0174248 0.086542 
0.00973784 -0.0176957 3.94106e-05 -6.98823e-05 -0.0176957 0.0866953 -7.06019e-05 0.000238045 3.94106e-05 -7.06019e-05 0.00943541 -0.0174691 -6.98823e-05 0.000238045 -0.0174691 0.0867087 
0.00972529 -0.0176106 3.17535e-05 -4.98297e-05 -0.0176106 0.0863866 -5.15972e-05 0.000196035 3.17535e-05 -5.15972e-05 0.0094059 -0.0174514 -4.98297e-05 0.000196035 -0.0174514 0.0865298 
0.00974107 -0.0176167 1.48236e-05 -3.53689e-05 -0.0176167 0.0863462 -3.5823e-05 0.000144558 1.48236e-05 -3.5823e-05 0.00939249 -0.0174576 -3.53689e-05 0.000144558 -0.0174576 0.0865811 
0.00974776 -0.0176591 2.0441e-05 -2.27796e-05 -0.0176591 0.0864703 -2.00246e-05 0.000112405 2.0441e-05 -2.00246e-05 0.00939713 -0.0174579 -2.27796e-05 0.000112405 -0.0174579 0.0866589 
0.00977005 -0.0176938 2.18191e-05 -2.85221e-05 -0.0176938 0.0866727 -2.36956e-05 0.000101325 2.18191e-05 -2.36956e-05 0.00939323 -0.0174876 -2.85221e-05 0.000101325 -0.0174876 0.0868244 
0.00979655 -0.017697 8.19692e-06 -2.45635e-05 -0.017697 0.0866734 -2.02801e-05 8.85638e-05 8.19692e-06 -2.02801e-05 0.00935486 -0.0174431 -2.45635e-05 8.85638e-05 -0.0174431 0.0867181 
0.00976612 -0.017666 8.44467e-06 -1.50255e-05 -0.017666 0.0864167 -1.21772e-05 7.83468e-05 8.44467e-06 -1.21772e-05 0.0093139 -0.0173274 -1.50255e-05 7.83468e-05 -0.0173274 0.0862686 
0.0099231 -0.0179972 9.56122e-06 -1.27342e-05 -0.0179972 0.0880402 -1.20122e-05 6.91213e-05 9.56122e-06 -1.20122e-05 0.00949889 -0.017632 -1.27342e-05 6.91213e-05 -0.017632 0.0877604 
0.00990385 -0.0179225 2.87045e-05 -2.14568e-05 -0.0179225 0.0877783 -2.45245e-05 9.28922e-05 2.87045e-05 -2.45245e-05 0.00945506 -0.0176053 -2.14568e-05 9.28922e-05 -0.0176053 0.0875337 
0.00989916 -0.0179072 3.9404e-05 -4.45572e-05 -0.0179072 0.0876602 -4.43627e-05 0.00013367 3.9404e-05 -4.43627e-05 0.00943115 -0.0175675 -4.45572e-05 0.00013367 -0.0175675 0.0874202 
0.00991476 -0.01796 5.05872e-05 -6.32489e-05 -0.01796 0.0878815 -5.56233e-05 0.000178175 5.05872e-05 -5.56233e-05 0.00944079 -0.0175868 -6.32489e-05 0.000178175 -0.0175868 0.0875688 
0.00986784 -0.0178659 3.80037e-05 -7.033e-05 -0.0178659 0.0874581 -5.98578e-05 0.000193662 3.80037e-05 -5.98578e-05 0.00938483 -0.017485 -7.033e-05 0.000193662 -0.017485 0.087096 
0.00979614 -0.0177889 2.65057e-05 -5.03374e-05 -0.0177889 0.0870566 -4.12499e-05 0.000162902 2.65057e-05 -4.12499e-05 0.00937234 -0.0173768 -5.03374e-05 0.000162902 -0.0173768 0.0866013 
0.00975159 -0.0177197 4.65488e-05 -3.72449e-05 -0.0177197 0.0868193 -3.00901e-05 0.000128407 4.65488e-05 -3.00901e-05 0.0093669 -0.0173719 -3.72449e-05 0.000128407 -0.0173719 0.0864105 
0.0097447 -0.0176807 4.68601e-05 -6.29771e-05 -0.0176807 0.0866969 -5.45762e-05 0.0001519 4.68601e-05 -5.45762e-05 0.00934947 -0.0173845 -6.29771e-05 0.0001519 -0.0173845 0.0864076 
0.00973324 -0.0176918 3.57987e-05 -5.87305e-05 -0.0176918 0.0867215 -5.58056e-05 0.000164804 3.57987e-05 -5.58056e-05 0.00936975 -0.0173798 -5.87305e-05 0.000164804 -0.0173798 0.0864491 
0.00973032 -0.0176614 1.68769e-05 -3.9587e-05 -0.0176614 0.0866402 -4.70757e-05 0.000143815 1.68769e-05 -4.70757e-05 0.00936077 -0.0173903 -3.9587e-05 0.000143815 -0.0173903 0.0864248 
0.0097527 -0.017693 -9.27971e-06 -9.83187e-06 -0.017693 0.0867669 -1.93106e-05 8.24071e-05 -9.27971e-06 -1.93106e-05 0.00937081 -0.0174145 -9.83187e-06 8.24071e-05 -0.0174145 0.0865733 
0.00978723 -0.0177339 -2.0393e-05 2.06025e-05 -0.0177339 0.0869399 1.41363e-05 6.74614e-06 -2.0393e-05 1.41363e-05 0.00937007 -0.0174441 2.06025e-05 6.74614e-06 -0.0174441 0.0867372 
0.00983387 -0.0177975 -3.63115e-06 2.81251e-05 -0.0177975 0.0871812 2.18365e-05 -2.9433e-05 -3.63115e-06 2.18365e-05 0.00936969 -0.0174571 2.81251e-05 -2.9433e-05 -0.0174571 0.0868863 
0.00985109 -0.0178302 8.33019e-06 6.09664e-06 -0.0178302 0.0872741 -3.58115e-06 -5.49579e-07 8.33019e-06 -3.58115e-06 0.0093562 -0.0174436 6.09664e-06 -5.49579e-07 -0.0174436 0.0868765 
0.00984296 -0.0178766 5.21996e-06 -1.17598e-05 -0.0178766 0.0874684 -2.32646e-05 5.40328e-05 5.21996e-06 -2.32646e-05 0.00938747 -0.017446 -1.17598e-05 5.40328e-05 -0.017446 0.0869483 
0.00978434 -0.0178199 6.85411e-06 -1.30365e-05 -0.0178199 0.0872919 -2.25439e-05 8.31592e-05 6.85411e-06 -2.25439e-05 0.00940545 -0.0174195 -1.30365e-05 8.31592e-05 -0.0174195 0.0867471 
0.00973701 -0.017702 1.25932e-05 -1.28349e-05 -0.017702 0.0868778 -1.80533e-05 8.29608e-05 1.25932e-05 -1.80533e-05 0.00938105 -0.0174052 -1.28349e-05 8.29608e-05 -0.0174052 0.0865105 
0.00972745 -0.0176708 1.48722e-05 -1.65174e-05 -0.0176708 0.0867263 -1.90291e-05 7.94432e-05 1.48722e-05 -1.90291e-05 0.00938063 -0.0174008 -1.65174e-05 7.94432e-05 -0.0174008 0.0864862 
0.00970507 -0.017667 1.09256e-05 -1.71817e-05 -0.017667 0.0866892 -1.65417e-05 7.25834e-05 1.09256e-05 -1.65417e-05 0.00940434 -0.0174117 -1.71817e-05 7.25834e-05 -0.0174117 0.0865166 
0.0097166 -0.0176841 5.62049e-06 -1.48496e-05 -0.0176841 0.0868428 -1.56485e-05 7.17384e-05 5.62049e-06 -1.56485e-05 0.00943344 -0.0174774 -1.48496e-05 7.17384e-05 -0.0174774 0.0867584 
0.00975713 -0.0177306 9.45907e-08 -1.20904e-05 -0.0177306 0.0870982 -1.78227e-05 7.88328e-05 9.45907e-08 -1.78227e-05 0.00946116 -0.0175535 -1.20904e-05 7.88328e-05 -0.0175535 0.0871151 
0.00980904 -0.0177646 -4.36726e-06 -3.99785e-06 -0.0177646 0.0872167 -9.85715e-06 6.91911e-05 -4.36726e-06 -9.85715e-06 0.00944502 -0.0175685 -3.99785e-06 6.91911e-05 -0.0175685 0.0872364 
0.00980022 -0.0178035 -8.8423e-06 7.76679e-06 -0.0178035 0.0872414 7.43069e-06 3.28731e-05 -8.8423e-06 7.43069e-06 0.00944059 -0.0175092 7.76679e-06 3.28731e-05 -0.0175092 0.0870793 
0.00980086 -0.017788 -2.21396e-06 9.9789e-06 -0.017788 0.0872133 1.04916e-05 1.49945e-05 -2.21396e-06 1.04916e-05 0.00941958 -0.0174946 9.9789e-06 1.49945e-05 -0.0174946 0.0869554 
0.00979607 -0.0177908 8.99771e-06 5.33445e-06 -0.0177908 0.0872047 4.01783e-06 1.39777e-05 8.99771e-06 4.01783e-06 0.00940702 -0.0174734 5.33445e-06 1.39777e-05 -0.0174734 0.0868881 
0.00979905 -0.0177915 2.04093e-05 -3.14741e-06 -0.0177915 0.0872177 -8.08104e-06 2.83229e-05 2.04093e-05 -8.08104e-06 0.00940172 -0.0174591 -3.14741e-06 2.83229e-05 -0.0174591 0.0868432 
0.00979429 -0.0178328 3.43888e-05 -2.49243e-05 -0.0178328 0.0874052 -3.52785e-05 8.75772e-05 3.43888e-05 -3.52785e-05 0.00943104 -0.0174799 -2.49243e-05 8.75772e-05 -0.0174799 0.0869625 
0.00977903 -0.0178178 3.19375e-05 -4.4594e-05 -0.0178178 0.0874514 -5.78452e-05 0.000151193 3.19375e-05 -5.78452e-05 0.00944716 -0.0175152 -4.4594e-05 0.000151193 -0.0175152 0.0870665 
0.009794 -0.017821 1.16745e-05 -4.13104e-05 -0.017821 0.0875494 -5.54613e-05 0.000174462 1.16745e-05 -5.54613e-05 0.00947171 -0.0175599 -4.13104e-05 0.000174462 -0.0175599 0.0872718 
0.00976036 -0.0177485 -4.78243e-06 -1.8909e-05 -0.0177485 0.0871929 -3.01802e-05 0.000146361 -4.78243e-06 -3.01802e-05 0.00944706 -0.0175082 -1.8909e-05 0.000146361 -0.0175082 0.0870021 
0.00974343 -0.0177168 -2.18864e-07 -4.41728e-07 -0.0177168 0.0870132 -4.14512e-06 9.29862e-05 -2.18864e-07 -4.14512e-06 0.00943202 -0.017481 -4.41728e-07 9.29862e-05 -0.017481 0.0868512 
0.00972285 -0.0176746 -3.38904e-06 -2.42773e-06 -0.0176746 0.0867837 3.86553e-06 5.56869e-05 -3.38904e-06 3.86553e-06 0.00940442 -0.0174315 -2.42773e-06 5.56869e-05 -0.0174315 0.0866079 
0.00971165 -0.0176752 -7.4524e-06 -2.9059e-06 -0.0176752 0.0867778 9.00293e-06 4.33169e-05 -7.4524e-06 9.00293e-06 0.00940331 -0.0174361 -2.9059e-06 4.33169e-05 -0.0174361 0.0866171 
0.0096754 -0.0176629 -2.26821e-05 2.38726e-06 -0.0176629 0.0867473 1.34145e-05 3.11809e-05 -2.26821e-05 1.34145e-05 0.00942236 -0.0174262 2.38726e-06 3.11809e-05 -0.0174262 0.0865848 
0.00964242 -0.0176426 -1.48718e-05 1.5326e-05 -0.0176426 0.0867737 2.07968e-05 2.02158e-05 -1.48718e-05 2.07968e-05 0.00945855 -0.0174675 1.5326e-05 2.02158e-05 -0.0174675 0.0867005 
0.00963689 -0.0175507 4.14786e-06 4.98461e-06 -0.0175507 0.0864784 6.75326e-06 3.43593e-05 4.14786e-06 6.75326e-06 0.00942499 -0.0174672 4.98461e-06 3.43593e-05 -0.0174672 0.0865992 
0.00959723 -0.0174777 2.6843e-05 -1.72385e-05 -0.0174777 0.0860223 -1.59389e-05 8.01939e-05 2.6843e-05 -1.59389e-05 0.00938171 -0.0173694 -1.72385e-05 8.01939e-05 -0.0173694 0.0861997 
0.00977373 -0.0178217 2.96122e-05 -5.35041e-05 -0.0178217 0.0876716 -4.87565e-05 0.000161601 2.96122e-05 -4.87565e-05 0.00958208 -0.0176997 -5.35041e-05 0.000161601 -0.0176997 0.0878306 
0.00978207 -0.017795 3.83048e-05 -5.42068e-05 -0.017795 0.087572 -4.71274e-05 0.000191629 3.83048e-05 -4.71274e-05 0.00956042 -0.0177131 -5.42068e-05 0.000191629 -0.0177131 0.0877905 
0.00978687 -0.0177857 3.38313e-05 -5.61866e-05 -0.0177857 0.0874315 -5.22391e-05 0.000193513 3.38313e-05 -5.22391e-05 0.00951879 -0.0176631 -5.61866e-05 0.000193513 -0.0176631 0.0876141 
0.00980582 -0.0178433 2.85598e-05 -4.61011e-05 -0.0178433 0.0876189 -4.68538e-05 0.000178404 2.85598e-05 -4.68538e-05 0.00950974 -0.0176523 -4.61011e-05 0.000178404 -0.0176523 0.0876541 
0.00979073 -0.0178539 2.11978e-05 -3.65959e-05 -0.0178539 0.0876672 -4.08342e-05 0.000156124 2.11978e-05 -4.08342e-05 0.00950756 -0.0176165 -3.65959e-05 0.000156124 -0.0176165 0.0875436 
0.00982236 -0.017891 2.42657e-05 -3.20131e-05 -0.017891 0.0879161 -3.36986e-05 0.000141724 2.42657e-05 -3.36986e-05 0.00952269 -0.017656 -3.20131e-05 0.000141724 -0.017656 0.0877137 
0.00982889 -0.0179412 3.29447e-05 -3.95316e-05 -0.0179412 0.0881431 -3.89093e-05 0.000149291 3.29447e-05 -3.89093e-05 0.00955658 -0.0176867 -3.95316e-05 0.000149291 -0.0176867 0.0878894 
0.00960402 -0.0175513 2.96545e-05 -4.69237e-05 -0.0175513 0.0863132 -4.71022e-05 0.000160741 2.96545e-05 -4.71022e-05 0.00939105 -0.0173426 -4.69237e-05 0.000160741 -0.0173426 0.0861138 
0.00979884 -0.0178926 1.23283e-05 -4.10235e-05 -0.0178926 0.0880873 -4.18412e-05 0.00015852 1.23283e-05 -4.18412e-05 0.00962096 -0.0177561 -4.10235e-05 0.00015852 -0.0177561 0.0880456 
0.00958878 -0.017506 4.84806e-08 -1.38943e-05 -0.017506 0.0862052 -2.09564e-05 0.000114256 4.84806e-08 -2.09564e-05 0.00944022 -0.0174314 -1.38943e-05 0.000114256 -0.0174314 0.0863458 
0.00959791 -0.0175234 -3.33681e-07 4.16475e-06 -0.0175234 0.086294 -8.87147e-06 7.11871e-05 -3.33681e-07 -8.87147e-06 0.00946429 -0.0174789 4.16475e-06 7.11871e-05 -0.0174789 0.0865525 
0.0095799 -0.0174743 -1.44844e-06 8.79413e-06 -0.0174743 0.086073 -5.36477e-06 4.3187e-05 -1.44844e-06 -5.36477e-06 0.00945446 -0.0174615 8.79413e-06 4.3187e-05 -0.0174615 0.0864423 
0.00961453 -0.0175023 4.06607e-06 4.61998e-06 -0.0175023 0.0861812 -9.49343e-06 4.80231e-05 4.06607e-06 -9.49343e-06 0.00945137 -0.0174975 4.61998e-06 4.80231e-05 -0.0174975 0.0866055 
0.00965753 -0.0175792 1.60463e-05 -9.98729e-06 -0.0175792 0.0864628 -2.01408e-05 7.99227e-05 1.60463e-05 -2.01408e-05 0.00945444 -0.0175237 -9.98729e-06 7.99227e-05 -0.0175237 0.0868217 
0.00969959 -0.0176679 3.69362e-05 -3.89479e-05 -0.0176679 0.0868493 -4.10477e-05 0.000146969 3.69362e-05 -4.10477e-05 0.00947874 -0.0175588 -3.89479e-05 0.000146969 -0.0175588 0.0870803 
0.0097578 -0.0177479 3.60593e-05 -6.37514e-05 -0.0177479 0.0872497 -5.89065e-05 0.000204473 3.60593e-05 -5.89065e-05 0.00949887 -0.0176208 -6.37514e-05 0.000204473 -0.0176208 0.0874056 
0.00977662 -0.0178409 9.48044e-06 -5.85411e-05 -0.0178409 0.0876484 -5.14684e-05 0.000213034 9.48044e-06 -5.14684e-05 0.00955949 -0.0176661 -5.85411e-05 0.000213034 -0.0176661 0.0877061 
0.00974228 -0.0177738 -2.36458e-05 -1.79189e-05 -0.0177738 0.0874366 -1.47257e-05 0.000145167 -2.36458e-05 -1.47257e-05 0.00957732 -0.0176582 -1.79189e-05 0.000145167 -0.0176582 0.0875503 
0.00972094 -0.0176709 -2.36364e-05 2.66652e-05 -0.0176709 0.0869728 2.70875e-05 3.93823e-05 -2.36364e-05 2.70875e-05 0.00953914 -0.0176248 2.66652e-05 3.93823e-05 -0.0176248 0.0872447 
0.00974281 -0.0176667 6.95523e-06 2.40253e-05 -0.0176667 0.086824 2.46905e-05 6.89973e-07 6.95523e-06 2.46905e-05 0.00948898 -0.0175987 2.40253e-05 6.89973e-07 -0.0175987 0.087132 
0.00978658 -0.0177619 2.9865e-05 -1.78398e-05 -0.0177619 0.0871331 -1.12541e-05 5.54381e-05 2.9865e-05 -1.12541e-05 0.00949917 -0.0176058 -1.78398e-05 5.54381e-05 -0.0176058 0.0873044 
0.00983547 -0.0178564 3.20743e-05 -4.88153e-05 -0.0178564 0.0875615 -3.59507e-05 0.000129606 3.20743e-05 -3.59507e-05 0.0095341 -0.017662 -4.88153e-05 0.000129606 -0.017662 0.0876054 
0.00983949 -0.0178951 4.76524e-05 -6.02923e-05 -0.0178951 0.0877473 -4.67007e-05 0.000188954 4.76524e-05 -4.67007e-05 0.00956288 -0.0176931 -6.02923e-05 0.000188954 -0.0176931 0.0877478 
0.00983705 -0.0179112 6.2571e-05 -7.47791e-05 -0.0179112 0.0878993 -6.85046e-05 0.000235369 6.2571e-05 -6.85046e-05 0.00960021 -0.0177501 -7.47791e-05 0.000235369 -0.0177501 0.0879714 
0.00982829 -0.0179079 5.16489e-05 -8.49202e-05 -0.0179079 0.0879562 -8.8436e-05 0.000274162 5.16489e-05 -8.8436e-05 0.00963303 -0.0177957 -8.49202e-05 0.000274162 -0.0177957 0.0881497 
0.00982041 -0.0178558 3.84191e-05 -6.91211e-05 -0.0178558 0.0877573 -7.98625e-05 0.000274429 3.84191e-05 -7.98625e-05 0.00960756 -0.0177827 -6.91211e-05 0.000274429 -0.0177827 0.0880444 
0.00980133 -0.0178004 3.59092e-05 -5.44037e-05 -0.0178004 0.0874327 -6.7131e-05 0.000253059 3.59092e-05 -6.7131e-05 0.00955131 -0.0177049 -5.44037e-05 0.000253059 -0.0177049 0.0877177 
0.00979104 -0.0178198 2.95908e-05 -4.89331e-05 -0.0178198 0.0874705 -6.02125e-05 0.000229857 2.95908e-05 -6.02125e-05 0.0095405 -0.0176819 -4.89331e-05 0.000229857 -0.0176819 0.0876821 
0.00982398 -0.0178739 2.04568e-05 -4.73948e-05 -0.0178739 0.0877807 -5.58035e-05 0.000223507 2.04568e-05 -5.58035e-05 0.00955677 -0.0177212 -4.73948e-05 0.000223507 -0.0177212 0.0879192 
0.00980344 -0.0178324 1.24193e-05 -3.32379e-05 -0.0178324 0.0875852 -3.93102e-05 0.000190811 1.24193e-05 -3.93102e-05 0.0095458 -0.0176617 -3.32379e-05 0.000190811 -0.0176617 0.0876722 
0.00981908 -0.0177971 2.13048e-06 -1.72609e-05 -0.0177971 0.087421 -1.94262e-05 0.000138141 2.13048e-06 -1.94262e-05 0.00950779 -0.0176464 -1.72609e-05 0.000138141 -0.0176464 0.0875282 
0.00984493 -0.0178578 2.17049e-06 -1.18315e-05 -0.0178578 0.0875773 -7.63834e-06 0.000107575 2.17049e-06 -7.63834e-06 0.00949562 -0.0176412 -1.18315e-05 0.000107575 -0.0176412 0.0875988 
0.00982933 -0.01784 4.10608e-06 -1.40436e-05 -0.01784 0.087439 -8.20457e-06 9.91174e-05 4.10608e-06 -8.20457e-06 0.00947297 -0.0175591 -1.40436e-05 9.91174e-05 -0.0175591 0.0872843 
0.00978698 -0.0177932 1.66254e-05 -9.20875e-06 -0.0177932 0.0872072 -8.5267e-06 8.74194e-05 1.66254e-05 -8.5267e-06 0.00945363 -0.0175009 -9.20875e-06 8.74194e-05 -0.0175009 0.0869546 
0.00978765 -0.017815 3.15557e-05 -2.18191e-05 -0.017815 0.0873642 -2.44875e-05 0.000102461 3.15557e-05 -2.44875e-05 0.00946783 -0.017541 -2.18191e-05 0.000102461 -0.017541 0.0870971 
0.009749 -0.0177799 5.3998e-05 -4.13553e-05 -0.0177799 0.0872567 -4.47005e-05 0.000145075 5.3998e-05 -4.47005e-05 0.00947052 -0.0175218 -4.13553e-05 0.000145075 -0.0175218 0.0870109 
0.00975331 -0.0178028 4.12426e-05 -7.84014e-05 -0.0178028 0.0874734 -8.02446e-05 0.00023036 4.12426e-05 -8.02446e-05 0.00952057 -0.0175873 -7.84014e-05 0.00023036 -0.0175873 0.0872909 
0.00972263 -0.0177096 3.35236e-05 -7.04446e-05 -0.0177096 0.0870995 -6.89788e-05 0.000263372 3.35236e-05 -6.89788e-05 0.00949871 -0.0175544 -7.04446e-05 0.000263372 -0.0175544 0.0870468 
0.00975537 -0.0176957 3.19717e-05 -6.39016e-05 -0.0176957 0.0870227 -5.76639e-05 0.000255248 3.19717e-05 -5.76639e-05 0.00946333 -0.0175798 -6.39016e-05 0.000255248 -0.0175798 0.0871233 
0.00972538 -0.0176803 2.65519e-05 -5.82363e-05 -0.0176803 0.0867857 -4.65812e-05 0.000229292 2.65519e-05 -4.65812e-05 0.00943321 -0.0174862 -5.82363e-05 0.000229292 -0.0174862 0.0868312 
0.00972164 -0.0176805 2.30507e-05 -4.94956e-05 -0.0176805 0.086797 -3.45406e-05 0.000198117 2.30507e-05 -3.45406e-05 0.00943516 -0.0174757 -4.94956e-05 0.000198117 -0.0174757 0.0867704 
0.00976748 -0.0176967 4.78413e-05 -4.66114e-05 -0.0176967 0.086886 -3.47915e-05 0.000184853 4.78413e-05 -3.47915e-05 0.00939304 -0.0174963 -4.66114e-05 0.000184853 -0.0174963 0.0868457 
0.00978125 -0.0177867 4.18757e-05 -6.7929e-05 -0.0177867 0.0871672 -6.12485e-05 0.000208164 4.18757e-05 -6.12485e-05 0.00941589 -0.0174669 -6.7929e-05 0.000208164 -0.0174669 0.086927 
0.00976841 -0.0177565 3.52844e-05 -5.8798e-05 -0.0177565 0.0870887 -5.65021e-05 0.000213048 3.52844e-05 -5.65021e-05 0.00940395 -0.0174367 -5.8798e-05 0.000213048 -0.0174367 0.086723 
0.00978878 -0.0177929 3.76571e-05 -5.04457e-05 -0.0177929 0.0872801 -5.1686e-05 0.000200339 3.76571e-05 -5.1686e-05 0.00943329 -0.0174823 -5.04457e-05 0.000200339 -0.0174823 0.0869081 
0.00980342 -0.0177899 5.51175e-05 -4.72205e-05 -0.0177899 0.0872929 -5.42759e-05 0.000188868 5.51175e-05 -5.42759e-05 0.00943665 -0.0175159 -4.72205e-05 0.000188868 -0.0175159 0.0870157 
0.00980779 -0.0178432 5.41064e-05 -6.54171e-05 -0.0178432 0.0874943 -7.54187e-05 0.000213216 5.41064e-05 -7.54187e-05 0.00948061 -0.0175503 -6.54171e-05 0.000213216 -0.0175503 0.0872256 
0.00977868 -0.0178404 2.35569e-05 -6.72438e-05 -0.0178404 0.0875309 -8.06009e-05 0.000241211 2.35569e-05 -8.06009e-05 0.00950953 -0.017568 -6.72438e-05 0.000241211 -0.017568 0.0872506 
0.00974014 -0.0177586 -1.59517e-05 -2.52471e-05 -0.0177586 0.0872496 -4.40765e-05 0.000188875 -1.59517e-05 -4.40765e-05 0.00950552 -0.0175431 -2.52471e-05 0.000188875 -0.0175431 0.087036 
0.00975939 -0.0177437 -2.80021e-05 2.04957e-05 -0.0177437 0.0872029 -1.3295e-06 9.7434e-05 -2.80021e-05 -1.3295e-06 0.00949698 -0.0175696 2.04957e-05 9.7434e-05 -0.0175696 0.0870843 
0.00978124 -0.0177746 -1.68103e-05 3.13534e-05 -0.0177746 0.0872564 1.59016e-05 3.7461e-05 -1.68103e-05 1.59016e-05 0.00950086 -0.0175688 3.13534e-05 3.7461e-05 -0.0175688 0.0871269 
0.00977541 -0.0178031 -4.98533e-07 1.0567e-05 -0.0178031 0.087353 7.13756e-06 4.28499e-05 -4.98533e-07 7.13756e-06 0.00952574 -0.0175938 1.0567e-05 4.28499e-05 -0.0175938 0.0872223 
0.00978255 -0.0178092 9.94468e-06 -1.02007e-05 -0.0178092 0.0874586 -2.32992e-06 7.14086e-05 9.94468e-06 -2.32992e-06 0.00953417 -0.0176492 -1.02007e-05 7.14086e-05 -0.0176492 0.0874244 
0.00977461 -0.0178337 1.57817e-05 -2.7524e-05 -0.0178337 0.0875897 -1.64683e-05 0.000112585 1.57817e-05 -1.64683e-05 0.00956211 -0.0176734 -2.7524e-05 0.000112585 -0.0176734 0.0876075 
0.0097665 -0.0177702 2.22795e-05 -3.87805e-05 -0.0177702 0.0873895 -3.04563e-05 0.000154937 2.22795e-05 -3.04563e-05 0.00952713 -0.0176635 -3.87805e-05 0.000154937 -0.0176635 0.087516 
0.00972925 -0.0177232 1.12914e-05 -4.32625e-05 -0.0177232 0.0871002 -3.77692e-05 0.000178154 1.12914e-05 -3.77692e-05 0.00949592 -0.0175825 -4.32625e-05 0.000178154 -0.0175825 0.087227 
0.00970677 -0.0176479 -6.91937e-06 -2.76871e-05 -0.0176479 0.0867523 -2.58349e-05 0.000164486 -6.91937e-06 -2.58349e-05 0.00945243 -0.0175065 -2.76871e-05 0.000164486 -0.0175065 0.086855 
0.0096865 -0.0176423 -2.71554e-05 3.94627e-06 -0.0176423 0.0866503 4.9065e-07 0.000101422 -2.71554e-05 4.9065e-07 0.00945217 -0.0174668 3.94627e-06 0.000101422 -0.0174668 0.086682 
0.00969166 -0.017656 -2.16584e-05 2.95368e-05 -0.017656 0.0867402 2.43344e-05 3.47015e-05 -2.16584e-05 2.43344e-05 0.00944336 -0.0174888 2.95368e-05 3.47015e-05 -0.0174888 0.0867263 
0.00969109 -0.0176666 -1.79485e-06 1.40121e-05 -0.0176666 0.0867899 1.11282e-05 3.78761e-05 -1.79485e-06 1.11282e-05 0.00943711 -0.0174656 1.40121e-05 3.78761e-05 -0.0174656 0.0866873 
0.00971877 -0.0176736 1.71087e-05 -1.80749e-05 -0.0176736 0.0868449 -1.91318e-05 0.000102776 1.71087e-05 -1.91318e-05 0.00940904 -0.0174574 -1.80749e-05 0.000102776 -0.0174574 0.0866619 
0.00967533 -0.0176612 2.09259e-05 -3.60368e-05 -0.0176612 0.0867021 -4.06109e-05 0.00015887 2.09259e-05 -4.06109e-05 0.00941517 -0.0173861 -3.60368e-05 0.00015887 -0.0173861 0.0864073 
0.00965877 -0.017647 1.7471e-05 -4.29719e-05 -0.017647 0.0867461 -5.18516e-05 0.00020049 1.7471e-05 -5.18516e-05 0.00943424 -0.0174257 -4.29719e-05 0.00020049 -0.0174257 0.08647 
0.0096283 -0.0176087 2.58501e-05 -2.67065e-05 -0.0176087 0.08664 -3.89355e-05 0.000179982 2.58501e-05 -3.89355e-05 0.0094467 -0.0174316 -2.67065e-05 0.000179982 -0.0174316 0.0864618 
0.00959672 -0.0175242 2.79198e-05 -3.84429e-05 -0.0175242 0.0863226 -4.42178e-05 0.000177024 2.79198e-05 -4.42178e-05 0.00942637 -0.0174166 -3.84429e-05 0.000177024 -0.0174166 0.0863124 
0.00959772 -0.017504 8.62822e-06 -4.38107e-05 -0.017504 0.0862171 -3.91107e-05 0.00017621 8.62822e-06 -3.91107e-05 0.00941179 -0.0174156 -4.38107e-05 0.00017621 -0.0174156 0.0863151 
0.0096129 -0.0174915 9.43008e-08 -2.77063e-05 -0.0174915 0.0861057 -1.57316e-05 0.000149516 9.43008e-08 -1.57316e-05 0.00937895 -0.0173807 -2.77063e-05 0.000149516 -0.0173807 0.0862038 
0.00962442 -0.0175599 -1.52713e-05 -9.58099e-06 -0.0175599 0.0863095 2.22449e-06 9.67487e-05 -1.52713e-05 2.22449e-06 0.00939858 -0.017369 -9.58099e-06 9.67487e-05 -0.017369 0.0862497 
0.00966232 -0.0176311 -2.42853e-05 7.73261e-06 -0.0176311 0.0866928 1.3326e-05 6.07365e-05 -2.42853e-05 1.3326e-05 0.00943312 -0.0174375 7.73261e-06 6.07365e-05 -0.0174375 0.0865351 
0.00969959 -0.0176837 -6.09497e-06 1.75935e-05 -0.0176837 0.0869703 1.88513e-05 3.81192e-05 -6.09497e-06 1.88513e-05 0.00945236 -0.0174928 1.75935e-05 3.81192e-05 -0.0174928 0.0867943 
0.00970556 -0.0177088 1.927e-05 -1.3949e-06 -0.0177088 0.0870774 -2.12714e-06 5.82915e-05 1.927e-05 -2.12714e-06 0.00946571 -0.0175053 -1.3949e-06 5.82915e-05 -0.0175053 0.0868876 
0.00970908 -0.0177072 3.17538e-05 -3.69746e-05 -0.0177072 0.087117 -3.99897e-05 0.000135169 3.17538e-05 -3.99897e-05 0.00947988 -0.0175352 -3.69746e-05 0.000135169 -0.0175352 0.0870001 
0.00972713 -0.017713 2.70475e-05 -4.94044e-05 -0.017713 0.0871521 -5.2004e-05 0.000184536 2.70475e-05 -5.2004e-05 0.00949183 -0.0175592 -4.94044e-05 0.000184536 -0.0175592 0.0871125 
0.00975298 -0.0177221 9.2293e-06 -3.86193e-05 -0.0177221 0.0871335 -4.24884e-05 0.000182405 9.2293e-06 -4.24884e-05 0.00947881 -0.017554 -3.86193e-05 0.000182405 -0.017554 0.0870944 
0.00977677 -0.0178142 1.65717e-05 -1.85646e-05 -0.0178142 0.0874837 -2.05383e-05 0.000146514 1.65717e-05 -2.05383e-05 0.00952156 -0.0176096 -1.85646e-05 0.000146514 -0.0176096 0.0874018 
0.00976401 -0.0178327 3.08557e-05 -3.08737e-05 -0.0178327 0.0876341 -3.38239e-05 0.000151223 3.08557e-05 -3.38239e-05 0.00956093 -0.0176471 -3.08737e-05 0.000151223 -0.0176471 0.087552 
0.00974225 -0.0177416 3.52741e-05 -4.79239e-05 -0.0177416 0.0872869 -5.35788e-05 0.00018837 3.52741e-05 -5.35788e-05 0.00953585 -0.0176077 -4.79239e-05 0.00018837 -0.0176077 0.0872784 
0.00978085 -0.017771 4.29334e-05 -5.98457e-05 -0.017771 0.0873479 -6.71429e-05 0.000236773 4.29334e-05 -6.71429e-05 0.00951678 -0.0176192 -5.98457e-05 0.000236773 -0.0176192 0.087331 
0.00983039 -0.0178464 4.92401e-05 -6.47711e-05 -0.0178464 0.0876007 -7.3845e-05 0.000260371 4.92401e-05 -7.3845e-05 0.00950969 -0.0176347 -6.47711e-05 0.000260371 -0.0176347 0.0874891 
0.00980623 -0.0178295 3.77122e-05 -6.66996e-05 -0.0178295 0.0874452 -7.47528e-05 0.000262795 3.77122e-05 -7.47528e-05 0.00948471 -0.0175632 -6.66996e-05 0.000262795 -0.0175632 0.0872161 
0.00975389 -0.0177546 1.77087e-05 -5.23624e-05 -0.0177546 0.0870915 -5.67758e-05 0.000236779 1.77087e-05 -5.67758e-05 0.0094532 -0.0174787 -5.23624e-05 0.000236779 -0.0174787 0.0867894 
0.00977924 -0.0177743 2.37516e-05 -3.52656e-05 -0.0177743 0.0872344 -3.43901e-05 0.000199182 2.37516e-05 -3.43901e-05 0.00945721 -0.0175239 -3.52656e-05 0.000199182 -0.0175239 0.0869532 
0.00980735 -0.0179081 3.44233e-05 -4.47973e-05 -0.0179081 0.0878354 -3.92126e-05 0.000192367 3.44233e-05 -3.92126e-05 0.00954494 -0.0176185 -4.47973e-05 0.000192367 -0.0176185 0.0874924 
0.00982206 -0.0179035 3.80792e-05 -5.76993e-05 -0.0179035 0.0879803 -5.48926e-05 0.000217081 3.80792e-05 -5.48926e-05 0.0095797 -0.017692 -5.76993e-05 0.000217081 -0.017692 0.0877298 
0.0098018 -0.0178517 2.23461e-05 -5.55159e-05 -0.0178517 0.0877446 -5.98704e-05 0.000228676 2.23461e-05 -5.98704e-05 0.00958036 -0.0176832 -5.55159e-05 0.000228676 -0.0176832 0.087643 
0.00980006 -0.0178237 2.67378e-05 -3.31118e-05 -0.0178237 0.0875914 -4.23004e-05 0.00020116 2.67378e-05 -4.23004e-05 0.00957171 -0.0176818 -3.31118e-05 0.00020116 -0.0176818 0.0875891 
0.00978918 -0.0178548 2.33169e-05 -3.52895e-05 -0.0178548 0.0876929 -4.26387e-05 0.00018312 2.33169e-05 -4.26387e-05 0.00960278 -0.0177158 -3.52895e-05 0.00018312 -0.0177158 0.0877489 
0.00976322 -0.017849 1.67724e-05 -3.96548e-05 -0.017849 0.087741 -4.4695e-05 0.000194249 1.67724e-05 -4.4695e-05 0.00963933 -0.0177473 -3.96548e-05 0.000194249 -0.0177473 0.0878572 
