0.00726282 0 -0.000221148 0 0 0.0099928 0 0 -0.000221148 0 0.00686474 0 0 0 0 0.0099928 
0.0102168 -0.0126763 -0.00026693 0.000321172 -0.0126763 0.0334503 0.000321172 -0.000615858 -0.00026693 0.000321172 0.00974398 -0.0121017 0.000321172 -0.000615858 -0.0121017 0.0323485 
0.00990868 -0.0184153 -0.00020849 0.000221449 -0.0184153 0.0677242 0.000221449 -0.000652981 -0.00020849 0.000221449 0.00956106 -0.0179198 0.000221449 -0.000652981 -0.0179198 0.0662077 
0.00929598 -0.0178544 -0.000174261 7.90315e-05 -0.0178544 0.0798329 8.04988e-05 9.28082e-05 -0.000174261 8.04988e-05 0.00906192 -0.0176931 7.90315e-05 9.28082e-05 -0.0176931 0.0797069 
0.00930311 -0.017237 -0.000179441 8.94025e-05 -0.017237 0.0827713 9.37558e-05 0.000286894 -0.000179441 9.37558e-05 0.00904783 -0.0171717 8.94025e-05 0.000286894 -0.0171717 0.0834358 
0.00960866 -0.0175039 -0.000191206 0.000134908 -0.0175039 0.0854206 0.000136521 0.000129211 -0.000191206 0.000136521 0.00931924 -0.0173631 0.000134908 0.000129211 -0.0173631 0.0860003 
0.00958534 -0.0174175 -0.000194295 0.000161681 -0.0174175 0.0852484 0.000158892 -5.99599e-05 -0.000194295 0.000158892 0.00930722 -0.0172085 0.000161681 -5.99599e-05 -0.0172085 0.0854665 
0.00974115 -0.0177328 -0.000173868 0.000165114 -0.0177328 0.0869541 0.000158933 -0.000144186 -0.000173868 0.000158933 0.00952434 -0.0175318 0.000165114 -0.000144186 -0.0175318 0.0869976 
0.0097522 -0.0177346 -0.000162537 0.000133121 -0.0177346 0.0871195 0.000129807 -0.000126636 -0.000162537 0.000129807 0.00955361 -0.0176046 0.000133121 -0.000126636 -0.0176046 0.0871893 
0.00984501 -0.017859 -0.000185606 0.000115358 -0.017859 0.0877613 0.00011277 -7.92705e-05 -0.000185606 0.00011277 0.00962081 -0.0177756 0.000115358 -7.92705e-05 -0.0177756 0.0879719 
0.00974466 -0.0176817 -0.000199321 0.000138614 -0.0176817 0.0868011 0.000133221 -9.02245e-05 -0.000199321 0.000133221 0.00951245 -0.0175813 0.000138614 -9.02245e-05 -0.0175813 0.0870547 
0.00976752 -0.0177387 -0.000219199 0.0001619 -0.0177387 0.0870218 0.000158597 -0.000144865 -0.000219199 0.000158597 0.00950745 -0.0176053 0.0001619 -0.000144865 -0.0176053 0.0872059 
0.00976247 -0.0177526 -0.000207995 0.000183896 -0.0177526 0.0870865 0.000186341 -0.00020686 -0.000207995 0.000186341 0.00950791 -0.0175871 0.000183896 -0.00020686 -0.0175871 0.0871975 
0.00974394 -0.0177359 -0.000182218 0.000170043 -0.0177359 0.0870515 0.000178143 -0.000219644 -0.000182218 0.000178143 0.00951798 -0.0175787 0.000170043 -0.000219644 -0.0175787 0.0871439 
0.00972228 -0.0177181 -0.000158154 0.000137085 -0.0177181 0.0870132 0.000147293 -0.000166967 -0.000158154 0.000147293 0.00953214 -0.0175859 0.000137085 -0.000166967 -0.0175859 0.087129 
0.00968497 -0.0176596 -0.000145739 0.000108576 -0.0176596 0.0868053 0.000114714 -9.54469e-05 -0.000145739 0.000114714 0.00953503 -0.0175832 0.000108576 -9.54469e-05 -0.0175832 0.0870382 
0.00966499 -0.0176373 -0.000135512 9.54039e-05 -0.0176373 0.0867723 9.44994e-05 -3.64234e-05 -0.000135512 9.44994e-05 0.00955788 -0.0176249 9.54039e-05 -3.64234e-05 -0.0176249 0.0871734 
0.00963177 -0.0175435 -0.000139137 8.78861e-05 -0.0175435 0.0863837 8.16059e-05 -3.65933e-06 -0.000139137 8.16059e-05 0.00951645 -0.0175848 8.78861e-05 -3.65933e-06 -0.0175848 0.0869371 
0.00962494 -0.0174725 -0.000165154 0.000101118 -0.0174725 0.0859952 9.27172e-05 -2.05261e-05 -0.000165154 9.27172e-05 0.00943493 -0.0174994 0.000101118 -2.05261e-05 -0.0174994 0.0865806 
0.00975589 -0.0177654 -0.000170793 0.000136229 -0.0177654 0.087282 0.000126302 -8.46478e-05 -0.000170793 0.000126302 0.00957475 -0.0176877 0.000136229 -8.46478e-05 -0.0176877 0.0876981 
0.00973529 -0.0177093 -0.000168081 0.000142954 -0.0177093 0.0870439 0.000129792 -0.000124406 -0.000168081 0.000129792 0.00953646 -0.017628 0.000142954 -0.000124406 -0.017628 0.0873326 
0.0097949 -0.0178245 -0.000158606 0.000135761 -0.0178245 0.0875611 0.000122269 -0.000117323 -0.000158606 0.000122269 0.00956607 -0.0177115 0.000135761 -0.000117323 -0.0177115 0.0877534 
0.00981999 -0.0178932 -0.00014086 0.000119273 -0.0178932 0.0878787 0.000106781 -8.23744e-05 -0.00014086 0.000106781 0.00959027 -0.0177372 0.000119273 -8.23744e-05 -0.0177372 0.0879552 
0.00981715 -0.0178779 -0.000125577 0.000103084 -0.0178779 0.0878352 8.93096e-05 -4.69786e-05 -0.000125577 8.93096e-05 0.0095825 -0.0177116 0.000103084 -4.69786e-05 -0.0177116 0.0878302 
0.00982101 -0.0178878 -0.00012506 8.2386e-05 -0.0178878 0.0878981 7.51297e-05 -3.65613e-06 -0.00012506 7.51297e-05 0.00958605 -0.0177371 8.2386e-05 -3.65613e-06 -0.0177371 0.0879148 
0.00979238 -0.0178579 -0.000132095 7.18723e-05 -0.0178579 0.0877674 7.78364e-05 2.26838e-05 -0.000132095 7.78364e-05 0.00957713 -0.0177092 7.18723e-05 2.26838e-05 -0.0177092 0.0877994 
0.00978226 -0.0178719 -0.0001479 7.92861e-05 -0.0178719 0.0878821 9.22931e-05 1.09235e-05 -0.0001479 9.22931e-05 0.0096022 -0.0177325 7.92861e-05 1.09235e-05 -0.0177325 0.087916 
0.00977793 -0.0178382 -0.000180575 0.000101847 -0.0178382 0.0878035 0.000113567 -3.53199e-05 -0.000180575 0.000113567 0.00959001 -0.0177305 0.000101847 -3.53199e-05 -0.0177305 0.0878724 
0.00976257 -0.0177636 -0.00018262 0.000153116 -0.0177636 0.0874359 0.000156771 -0.000139175 -0.00018262 0.000156771 0.00953994 -0.0176625 0.000153116 -0.000139175 -0.0176625 0.0875563 
0.00975896 -0.017734 -0.000170342 0.000160521 -0.017734 0.0871951 0.000162288 -0.000203475 -0.000170342 0.000162288 0.00949892 -0.0175922 0.000160521 -0.000203475 -0.0175922 0.087268 
0.00973279 -0.0177517 -0.000145074 0.000137775 -0.0177517 0.0871782 0.000142902 -0.000183124 -0.000145074 0.000142902 0.00950884 -0.0175577 0.000137775 -0.000183124 -0.0175577 0.0871395 
0.00971259 -0.0177279 -0.000143316 9.99166e-05 -0.0177279 0.0871557 0.000106324 -0.00010177 -0.000143316 0.000106324 0.00951787 -0.0175756 9.99166e-05 -0.00010177 -0.0175756 0.0871256 
0.00972175 -0.0177507 -0.000139788 9.90301e-05 -0.0177507 0.0873162 0.00010152 -5.83595e-05 -0.000139788 0.00010152 0.00953697 -0.0176205 9.90301e-05 -5.83595e-05 -0.0176205 0.087323 
0.00973538 -0.0177409 -0.000129719 0.000107982 -0.0177409 0.0873027 0.000103766 -6.76853e-05 -0.000129719 0.000103766 0.00952116 -0.0176212 0.000107982 -6.76853e-05 -0.0176212 0.0873393 
0.0097255 -0.0176907 -0.000114327 9.51675e-05 -0.0176907 0.0870055 8.73895e-05 -4.8319e-05 -0.000114327 8.73895e-05 0.00947974 -0.0175485 9.51675e-05 -4.8319e-05 -0.0175485 0.087034 
0.00974636 -0.0177062 -0.000115755 7.65575e-05 -0.0177062 0.086986 6.86848e-05 -1.01877e-05 -0.000115755 6.86848e-05 0.00946227 -0.0175195 7.65575e-05 -1.01877e-05 -0.0175195 0.0869226 
0.00974939 -0.0177743 -0.000118999 7.28922e-05 -0.0177743 0.087215 6.95942e-05 1.28623e-05 -0.000118999 6.95942e-05 0.00949503 -0.017532 7.28922e-05 1.28623e-05 -0.017532 0.0870091 
0.00976805 -0.0177879 -0.000133476 7.2366e-05 -0.0177879 0.0873748 7.18776e-05 2.51742e-05 -0.000133476 7.18776e-05 0.00949316 -0.0175879 7.2366e-05 2.51742e-05 -0.0175879 0.0871783 
0.00971179 -0.0177123 -0.000146779 8.7394e-05 -0.0177123 0.0869898 8.36201e-05 1.29481e-05 -0.000146779 8.36201e-05 0.0094696 -0.0174915 8.7394e-05 1.29481e-05 -0.0174915 0.0867892 
0.00965228 -0.0176235 -0.00014889 0.000108885 -0.0176235 0.0866233 0.000101428 -2.97422e-05 -0.00014889 0.000101428 0.00947023 -0.0174508 0.000108885 -2.97422e-05 -0.0174508 0.0864949 
0.00964866 -0.0175901 -0.000160015 0.000120656 -0.0175901 0.0865456 0.00011629 -8.13497e-05 -0.000160015 0.00011629 0.00946328 -0.0175014 0.000120656 -8.13497e-05 -0.0175014 0.0865981 
0.0096213 -0.0175479 -0.000154492 0.000128737 -0.0175479 0.0863207 0.000130159 -0.000115157 -0.000154492 0.000130159 0.00943827 -0.0174612 0.000128737 -0.000115157 -0.0174612 0.0864665 
0.00979778 -0.0179065 -0.000135012 0.000122736 -0.0179065 0.0880858 0.000127243 -0.00012203 -0.000135012 0.000127243 0.00964728 -0.0178033 0.000122736 -0.00012203 -0.0178033 0.0882153 
0.00975553 -0.0178798 -0.000115898 9.12819e-05 -0.0178798 0.0880278 9.90902e-05 -7.17397e-05 -0.000115898 9.90902e-05 0.0096663 -0.0178075 9.12819e-05 -7.17397e-05 -0.0178075 0.0881748 
0.00951804 -0.017459 -0.000124466 6.62117e-05 -0.017459 0.086091 7.55276e-05 -1.17012e-05 -0.000124466 7.55276e-05 0.00947805 -0.017455 6.62117e-05 -1.17012e-05 -0.017455 0.0863456 
0.00953529 -0.0174712 -0.000137492 8.18556e-05 -0.0174712 0.086255 9.01996e-05 -1.19993e-05 -0.000137492 9.01996e-05 0.00949915 -0.0175299 8.18556e-05 -1.19993e-05 -0.0175299 0.0866669 
0.00958122 -0.0175196 -0.000142136 0.000104656 -0.0175196 0.0865294 0.000111047 -6.24723e-05 -0.000142136 0.000111047 0.00952137 -0.0176053 0.000104656 -6.24723e-05 -0.0176053 0.087078 
0.00962742 -0.0175681 -0.00013798 0.000110786 -0.0175681 0.0867201 0.000114292 -9.32061e-05 -0.00013798 0.000114292 0.00951242 -0.0176286 0.000110786 -9.32061e-05 -0.0176286 0.0872854 
0.00964718 -0.0175737 -0.000131166 0.000109908 -0.0175737 0.0866437 0.000109478 -0.000102995 -0.000131166 0.000109478 0.00947024 -0.0175564 0.000109908 -0.000102995 -0.0175564 0.0870757 
0.00963137 -0.0175401 -0.000129258 0.000104002 -0.0175401 0.086367 9.85757e-05 -9.11814e-05 -0.000129258 9.85757e-05 0.00941467 -0.0174414 0.000104002 -9.11814e-05 -0.0174414 0.0865974 
0.00963929 -0.0175365 -0.000141239 9.78948e-05 -0.0175365 0.0862648 8.89332e-05 -6.67615e-05 -0.000141239 8.89332e-05 0.00936455 -0.0173725 9.78948e-05 -6.67615e-05 -0.0173725 0.0862888 
0.00963691 -0.0175862 -0.000132434 0.000117905 -0.0175862 0.0864228 0.000103952 -8.61915e-05 -0.000132434 0.000103952 0.00936359 -0.0173476 0.000117905 -8.61915e-05 -0.0173476 0.0862444 
0.00981787 -0.0179224 -0.000108963 0.000109312 -0.0179224 0.0881339 9.65109e-05 -8.55943e-05 -0.000108963 9.65109e-05 0.00954408 -0.0176613 0.000109312 -8.55943e-05 -0.0176613 0.0878071 
0.00976949 -0.0178366 -9.93801e-05 7.39263e-05 -0.0178366 0.0877379 7.07701e-05 -3.59588e-05 -9.93801e-05 7.07701e-05 0.00951503 -0.0175767 7.39263e-05 -3.59588e-05 -0.0175767 0.0873559 
0.00979466 -0.0178399 -0.000116858 5.78871e-05 -0.0178399 0.0877669 6.28367e-05 9.40302e-06 -0.000116858 6.28367e-05 0.00950153 -0.0176031 5.78871e-05 9.40302e-06 -0.0176031 0.0874007 
0.00980762 -0.017925 -0.000131568 8.0172e-05 -0.017925 0.0880972 9.17535e-05 -1.89351e-05 -0.000131568 9.17535e-05 0.00954166 -0.0176462 8.0172e-05 -1.89351e-05 -0.0176462 0.0876829 
0.00979921 -0.0179164 -0.000140654 0.000105737 -0.0179164 0.0881519 0.000118097 -8.86017e-05 -0.000140654 0.000118097 0.00955379 -0.0176695 0.000105737 -8.86017e-05 -0.0176695 0.0877514 
0.00976941 -0.0178379 -0.000147185 0.000124619 -0.0178379 0.0878324 0.000130562 -0.000150245 -0.000147185 0.000130562 0.00952819 -0.0176273 0.000124619 -0.000150245 -0.0176273 0.0875166 
0.00976984 -0.0178347 -0.000131858 0.000135487 -0.0178347 0.0877927 0.000133784 -0.000184533 -0.000131858 0.000133784 0.00953367 -0.0176286 0.000135487 -0.000184533 -0.0176286 0.0875229 
0.00981559 -0.0178761 -0.000119721 0.000119065 -0.0178761 0.0879974 0.000115375 -0.000171751 -0.000119721 0.000115375 0.00952537 -0.0176906 0.000119065 -0.000171751 -0.0176906 0.0877916 
0.00984646 -0.0179295 -0.000140124 9.4617e-05 -0.0179295 0.0881557 9.3707e-05 -0.000115769 -0.000140124 9.3707e-05 0.00950598 -0.0176694 9.4617e-05 -0.000115769 -0.0176694 0.0878534 
0.00985622 -0.0179519 -0.00015089 0.000112732 -0.0179519 0.0882176 0.000107352 -0.000103078 -0.00015089 0.000107352 0.00948766 -0.0176276 0.000112732 -0.000103078 -0.0176276 0.0877563 
0.00984357 -0.0179582 -0.000155686 0.000129064 -0.0179582 0.0882248 0.000114834 -0.000121316 -0.000155686 0.000114834 0.0094795 -0.0175875 0.000129064 -0.000121316 -0.0175875 0.0876113 
0.00979824 -0.0178824 -0.000134756 0.000138067 -0.0178824 0.0879082 0.000121613 -0.000143328 -0.000134756 0.000121613 0.00945911 -0.0175189 0.000138067 -0.000143328 -0.0175189 0.0872476 
0.00977291 -0.0178267 -0.000117176 0.000117668 -0.0178267 0.0876457 0.000106821 -0.000135066 -0.000117176 0.000106821 0.00944564 -0.0174672 0.000117668 -0.000135066 -0.0174672 0.0869445 
0.00979894 -0.0178834 -0.000104964 9.36863e-05 -0.0178834 0.0879022 9.10904e-05 -9.68019e-05 -0.000104964 9.10904e-05 0.00947773 -0.0175349 9.36863e-05 -9.68019e-05 -0.0175349 0.0871991 
0.00982291 -0.0179565 -0.000103517 7.48787e-05 -0.0179565 0.0882743 7.47215e-05 -4.98447e-05 -0.000103517 7.47215e-05 0.00952179 -0.0176231 7.48787e-05 -4.98447e-05 -0.0176231 0.0876063 
0.00978788 -0.0179331 -0.000107862 7.26466e-05 -0.0179331 0.0882319 7.09882e-05 -2.65531e-05 -0.000107862 7.09882e-05 0.00954654 -0.0176238 7.26466e-05 -2.65531e-05 -0.0176238 0.0876096 
0.00955913 -0.0175148 -9.93416e-05 7.51421e-05 -0.0175148 0.0863093 7.05637e-05 -2.15498e-05 -9.93416e-05 7.05637e-05 0.00936238 -0.017294 7.51421e-05 -2.15498e-05 -0.017294 0.0858585 
0.00953541 -0.0175207 -8.7764e-05 6.99353e-05 -0.0175207 0.0864081 6.43591e-05 -1.40954e-05 -8.7764e-05 6.43591e-05 0.0094187 -0.0173506 6.99353e-05 -1.40954e-05 -0.0173506 0.0861161 
0.00950035 -0.0174341 -9.3826e-05 5.78872e-05 -0.0174341 0.0861566 5.48034e-05 4.37702e-06 -9.3826e-05 5.48034e-05 0.00943376 -0.0173823 5.78872e-05 4.37702e-06 -0.0173823 0.0861334 
0.0096816 -0.017755 -9.282e-05 6.25339e-05 -0.017755 0.0877924 6.40223e-05 6.15939e-06 -9.282e-05 6.40223e-05 0.00965273 -0.0177769 6.25339e-05 6.15939e-06 -0.0177769 0.0880226 
0.00963717 -0.0176329 -8.74777e-05 5.69091e-05 -0.0176329 0.0872011 6.83093e-05 1.24008e-06 -8.74777e-05 6.83093e-05 0.00961879 -0.0177101 5.69091e-05 1.24008e-06 -0.0177101 0.0876243 
0.00964682 -0.0175827 -8.1865e-05 4.79653e-05 -0.0175827 0.086879 6.75063e-05 7.02873e-06 -8.1865e-05 6.75063e-05 0.00957458 -0.0176842 4.79653e-05 7.02873e-06 -0.0176842 0.087432 
0.00970864 -0.0176586 -8.28175e-05 3.58649e-05 -0.0176586 0.0870592 5.51582e-05 3.71061e-05 -8.28175e-05 5.51582e-05 0.0095468 -0.0176934 3.58649e-05 3.71061e-05 -0.0176934 0.0875568 
0.00974135 -0.0177566 -9.71436e-05 4.08622e-05 -0.0177566 0.0873355 5.00356e-05 5.23617e-05 -9.71436e-05 5.00356e-05 0.0095394 -0.0176571 4.08622e-05 5.23617e-05 -0.0176571 0.0875567 
0.00972604 -0.0177701 -0.000102476 6.71266e-05 -0.0177701 0.087361 6.36372e-05 2.33289e-05 -0.000102476 6.36372e-05 0.00952375 -0.017597 6.71266e-05 2.33289e-05 -0.017597 0.0873063 
0.00973729 -0.0177588 -0.000120315 7.71482e-05 -0.0177588 0.0873657 6.57165e-05 -7.97265e-07 -0.000120315 6.57165e-05 0.00950119 -0.0175865 7.71482e-05 -7.97265e-07 -0.0175865 0.0872079 
0.00976678 -0.0178146 -0.000126813 9.87987e-05 -0.0178146 0.087609 8.68079e-05 -3.95767e-05 -0.000126813 8.68079e-05 0.00951953 -0.0176249 9.87987e-05 -3.95767e-05 -0.0176249 0.0874268 
0.00982152 -0.0179137 -0.00014113 0.000108836 -0.0179137 0.0880752 9.71239e-05 -7.56594e-05 -0.00014113 9.71239e-05 0.00955043 -0.0177009 0.000108836 -7.56594e-05 -0.0177009 0.0878342 
0.00963888 -0.0175916 -0.000137115 0.000118865 -0.0175916 0.086487 0.000107932 -0.000100577 -0.000137115 0.000107932 0.00936408 -0.0173591 0.000118865 -0.000100577 -0.0173591 0.0861942 
0.00960885 -0.0176147 -0.000113752 0.000116355 -0.0176147 0.0866254 0.000104572 -0.000104136 -0.000113752 0.000104572 0.00940876 -0.0173671 0.000116355 -0.000104136 -0.0173671 0.0862809 
0.00956567 -0.0175185 -8.65093e-05 8.89205e-05 -0.0175185 0.0863519 7.9152e-05 -6.38598e-05 -8.65093e-05 7.9152e-05 0.00941074 -0.0173682 8.89205e-05 -6.38598e-05 -0.0173682 0.086141 
0.00959677 -0.0175349 -8.9751e-05 5.43414e-05 -0.0175349 0.0865033 4.80911e-05 8.59432e-06 -8.9751e-05 4.80911e-05 0.00943235 -0.0174535 5.43414e-05 8.59432e-06 -0.0174535 0.0864926 
0.00963428 -0.0175385 -0.000124309 5.14144e-05 -0.0175385 0.0864718 5.09809e-05 4.48163e-05 -0.000124309 5.09809e-05 0.009402 -0.017445 5.14144e-05 4.48163e-05 -0.017445 0.0865172 
0.00963294 -0.0175919 -0.00013455 8.6651e-05 -0.0175919 0.0865792 9.04766e-05 2.31567e-06 -0.00013455 9.04766e-05 0.00941628 -0.017415 8.6651e-05 2.31567e-06 -0.017415 0.0865041 
0.0096459 -0.0175312 -0.000158307 0.000108437 -0.0175312 0.0863193 0.000112791 -7.03629e-05 -0.000158307 0.000112791 0.00934371 -0.017351 0.000108437 -7.03629e-05 -0.017351 0.0861421 
0.00964468 -0.0175929 -0.000144629 0.000134019 -0.0175929 0.0864529 0.000135054 -0.000127291 -0.000144629 0.000135054 0.00935046 -0.017321 0.000134019 -0.000127291 -0.017321 0.0861259 
0.00961207 -0.0175795 -0.000120655 0.000120146 -0.0175795 0.0864386 0.00011523 -0.000125674 -0.000120655 0.00011523 0.00937816 -0.0173007 0.000120146 -0.000125674 -0.0173007 0.0859997 
0.00960459 -0.0175604 -0.000103066 8.82573e-05 -0.0175604 0.0864717 8.2165e-05 -6.09457e-05 -0.000103066 8.2165e-05 0.00940403 -0.017362 8.82573e-05 -6.09457e-05 -0.017362 0.0861322 
0.00978156 -0.0178848 -8.88499e-05 6.55947e-05 -0.0178848 0.0881029 5.96999e-05 9.92468e-06 -8.88499e-05 5.96999e-05 0.00961076 -0.0177225 6.55947e-05 9.92468e-06 -0.0177225 0.0878785 
0.00975434 -0.0178696 -7.4384e-05 3.85411e-05 -0.0178696 0.0880587 3.78089e-05 8.09147e-05 -7.4384e-05 3.78089e-05 0.0096489 -0.0177594 3.85411e-05 8.09147e-05 -0.0177594 0.087974 
0.00975851 -0.0178473 -7.36607e-05 1.7019e-05 -0.0178473 0.0880448 2.18967e-05 0.000140957 -7.36607e-05 2.18967e-05 0.00967153 -0.0178227 1.7019e-05 0.000140957 -0.0178227 0.0881567 
0.00976677 -0.0178211 -7.82514e-05 1.67328e-05 -0.0178211 0.0879026 2.18095e-05 0.000164359 -7.82514e-05 2.18095e-05 0.0096727 -0.017835 1.67328e-05 0.000164359 -0.017835 0.0881834 
0.00965316 -0.017575 -0.000104671 3.17174e-05 -0.017575 0.0865863 3.45463e-05 0.000135747 -0.000104671 3.45463e-05 0.00949792 -0.0175753 3.17174e-05 0.000135747 -0.0175753 0.0868976 
0.00972613 -0.0177131 -0.000123174 6.01762e-05 -0.0177131 0.0871352 6.24799e-05 8.69057e-05 -0.000123174 6.24799e-05 0.00952215 -0.0176397 6.01762e-05 8.69057e-05 -0.0176397 0.0873442 
0.00981283 -0.0178665 -0.000124026 8.54165e-05 -0.0178665 0.0878338 8.68077e-05 2.36174e-05 -0.000124026 8.68077e-05 0.00954727 -0.0177243 8.54165e-05 2.36174e-05 -0.0177243 0.0878717 
0.0098253 -0.0179062 -0.000117352 8.58246e-05 -0.0179062 0.0880025 8.33492e-05 1.66762e-06 -0.000117352 8.33492e-05 0.00953965 -0.017697 8.58246e-05 1.66762e-06 -0.017697 0.0878779 
0.00982076 -0.0178805 -0.000112329 8.0435e-05 -0.0178805 0.0878934 7.51264e-05 7.63929e-06 -0.000112329 7.51264e-05 0.00950029 -0.0176312 8.0435e-05 7.63929e-06 -0.0176312 0.0876166 
0.00977854 -0.0177862 -0.00012719 7.37811e-05 -0.0177862 0.0873872 6.45621e-05 2.6358e-05 -0.00012719 6.45621e-05 0.00943065 -0.0174816 7.37811e-05 2.6358e-05 -0.0174816 0.0869504 
0.00977135 -0.0177555 -0.000141024 9.05583e-05 -0.0177555 0.087175 8.33115e-05 7.54942e-06 -0.000141024 8.33115e-05 0.00939607 -0.0174121 9.05583e-05 7.54942e-06 -0.0174121 0.0866035 
0.00978033 -0.0177447 -0.000158319 0.000100401 -0.0177447 0.0870558 0.000100094 -1.97334e-05 -0.000158319 0.000100094 0.0093656 -0.0173764 0.000100401 -1.97334e-05 -0.0173764 0.0864059 
0.00978057 -0.0177845 -0.000152493 0.000120586 -0.0177845 0.0871402 0.000123187 -6.5848e-05 -0.000152493 0.000123187 0.00936401 -0.0173557 0.000120586 -6.5848e-05 -0.0173557 0.0863506 
0.00970587 -0.01776 -0.000121443 0.000114543 -0.01776 0.0870327 0.000116738 -7.78899e-05 -0.000121443 0.000116738 0.00939812 -0.0173126 0.000114543 -7.78899e-05 -0.0173126 0.0861303 
0.00963822 -0.0176979 -9.76947e-05 8.01582e-05 -0.0176979 0.0869738 8.3564e-05 -3.11851e-05 -9.76947e-05 8.3564e-05 0.0094474 -0.017381 8.01582e-05 -3.11851e-05 -0.017381 0.0862292 
0.0095975 -0.0175904 -9.12445e-05 5.15098e-05 -0.0175904 0.0867064 5.85485e-05 3.236e-05 -9.12445e-05 5.85485e-05 0.00946176 -0.0174358 5.15098e-05 3.236e-05 -0.0174358 0.0863303 
0.00955263 -0.0174856 -0.000109359 3.62717e-05 -0.0174856 0.0862587 4.8022e-05 8.18911e-05 -0.000109359 4.8022e-05 0.00944856 -0.0174171 3.62717e-05 8.18911e-05 -0.0174171 0.0862049 
0.00974642 -0.0178257 -0.000120182 6.94773e-05 -0.0178257 0.0879564 8.33693e-05 3.7207e-05 -0.000120182 8.33693e-05 0.00965133 -0.0178164 6.94773e-05 3.7207e-05 -0.0178164 0.0881427 
0.00974406 -0.0178007 -0.000108745 8.69791e-05 -0.0178007 0.0878368 9.8694e-05 -2.45544e-05 -0.000108745 9.8694e-05 0.00962416 -0.0178178 8.69791e-05 -2.45544e-05 -0.0178178 0.0881734 
0.00975462 -0.0177925 -0.00010551 8.04577e-05 -0.0177925 0.0877409 8.87273e-05 -4.48274e-05 -0.00010551 8.87273e-05 0.00957785 -0.017764 8.04577e-05 -4.48274e-05 -0.017764 0.088044 
0.00972779 -0.0177791 -8.19456e-05 7.65416e-05 -0.0177791 0.0875836 7.93642e-05 -3.54625e-05 -8.19456e-05 7.93642e-05 0.00955765 -0.0176694 7.65416e-05 -3.54625e-05 -0.0176694 0.0877197 
0.00971421 -0.0177756 -6.11984e-05 4.92575e-05 -0.0177756 0.0876037 4.88304e-05 1.34405e-05 -6.11984e-05 4.88304e-05 0.00957143 -0.0176691 4.92575e-05 1.34405e-05 -0.0176691 0.0876599 
0.00974582 -0.0178154 -7.79402e-05 1.60733e-05 -0.0178154 0.0878296 1.10063e-05 0.000105735 -7.79402e-05 1.10063e-05 0.00958382 -0.0177158 1.60733e-05 0.000105735 -0.0177158 0.0878427 
0.00975835 -0.0178291 -0.000105358 4.32317e-05 -0.0178291 0.0878695 3.44202e-05 0.000100362 -0.000105358 3.44202e-05 0.00957227 -0.0177067 4.32317e-05 0.000100362 -0.0177067 0.087831 
0.00974672 -0.0177999 -0.000118094 8.13226e-05 -0.0177999 0.087707 6.89053e-05 2.65219e-05 -0.000118094 6.89053e-05 0.00954349 -0.0176582 8.13226e-05 2.65219e-05 -0.0176582 0.0876198 
0.00975542 -0.0177924 -0.000134878 9.94367e-05 -0.0177924 0.0876655 9.08643e-05 -4.32233e-05 -0.000134878 9.08643e-05 0.00951948 -0.0176492 9.94367e-05 -4.32233e-05 -0.0176492 0.0875792 
0.00978282 -0.0178812 -0.000143048 0.000115333 -0.0178812 0.0880455 0.000118617 -0.000102656 -0.000143048 0.000118617 0.00956584 -0.0176971 0.000115333 -0.000102656 -0.0176971 0.0878988 
0.00973602 -0.0178301 -0.000119609 0.000122243 -0.0178301 0.0878399 0.000132948 -0.000145068 -0.000119609 0.000132948 0.00957048 -0.0176544 0.000122243 -0.000145068 -0.0176544 0.0876568 
0.0096791 -0.0177548 -8.83167e-05 9.24139e-05 -0.0177548 0.0875685 9.97832e-05 -0.000109012 -8.83167e-05 9.97832e-05 0.00957318 -0.0176468 9.24139e-05 -0.000109012 -0.0176468 0.0874941 
0.00967572 -0.0176664 -8.7523e-05 5.58376e-05 -0.0176664 0.0872387 5.11036e-05 -1.52889e-05 -8.7523e-05 5.11036e-05 0.00952822 -0.0176308 5.58376e-05 -1.52889e-05 -0.0176308 0.0873309 
0.00967613 -0.017696 -8.53504e-05 5.51424e-05 -0.017696 0.0872452 4.11111e-05 4.04948e-05 -8.53504e-05 4.11111e-05 0.00953222 -0.0176056 5.51424e-05 4.04948e-05 -0.0176056 0.0873186 
0.00965569 -0.0176397 -8.51444e-05 5.93544e-05 -0.0176397 0.0869582 4.25017e-05 4.51159e-05 -8.51444e-05 4.25017e-05 0.00949223 -0.0175328 5.93544e-05 4.51159e-05 -0.0175328 0.0869415 
0.00971173 -0.0176963 -0.000105675 5.93987e-05 -0.0176963 0.0871781 4.29793e-05 4.38874e-05 -0.000105675 4.29793e-05 0.00947252 -0.0175617 5.93987e-05 4.38874e-05 -0.0175617 0.0870824 
0.0097463 -0.0177519 -0.000133244 8.4581e-05 -0.0177519 0.0873095 6.93757e-05 2.62883e-06 -0.000133244 6.93757e-05 0.00944368 -0.0175191 8.4581e-05 2.62883e-06 -0.0175191 0.0870195 
0.0097841 -0.0178568 -0.000136827 0.000112521 -0.0178568 0.0877518 0.000101882 -5.89525e-05 -0.000136827 0.000101882 0.00948267 -0.017557 0.000112521 -5.89525e-05 -0.017557 0.0872791 
0.0097971 -0.0178788 -0.000127303 0.000117102 -0.0178788 0.0879151 0.000112575 -9.98566e-05 -0.000127303 0.000112575 0.00950965 -0.0175958 0.000117102 -9.98566e-05 -0.0175958 0.0874137 
0.00981496 -0.0179431 -0.000114508 0.000103745 -0.0179431 0.0882461 0.000106269 -0.000100482 -0.000114508 0.000106269 0.00956121 -0.0176762 0.000103745 -0.000100482 -0.0176762 0.0877732 
0.0096129 -0.0176096 -9.61208e-05 8.1061e-05 -0.0176096 0.0866753 8.61818e-05 -5.92791e-05 -9.61208e-05 8.61818e-05 0.00940444 -0.0173814 8.1061e-05 -5.92791e-05 -0.0173814 0.0862685 
0.00957511 -0.017552 -8.85452e-05 5.47472e-05 -0.017552 0.0865101 5.84145e-05 9.00359e-06 -8.85452e-05 5.84145e-05 0.00942238 -0.0173787 5.47472e-05 9.00359e-06 -0.0173787 0.0862274 
0.00957183 -0.0175224 -9.74594e-05 4.88558e-05 -0.0175224 0.0864602 5.39311e-05 4.03893e-05 -9.74594e-05 5.39311e-05 0.00943459 -0.0174228 4.88558e-05 4.03893e-05 -0.0174228 0.0863495 
0.00956863 -0.0174748 -0.000110089 5.45733e-05 -0.0174748 0.0862415 6.32645e-05 4.23185e-05 -0.000110089 6.32645e-05 0.00941567 -0.017411 5.45733e-05 4.23185e-05 -0.017411 0.0862837 
0.00959636 -0.0175071 -9.64312e-05 6.89114e-05 -0.0175071 0.0863297 8.06812e-05 1.36304e-05 -9.64312e-05 8.06812e-05 0.00941572 -0.017431 6.89114e-05 1.36304e-05 -0.017431 0.086419 
0.00962585 -0.0175275 -0.000111732 5.66962e-05 -0.0175275 0.0863465 6.64348e-05 1.67355e-05 -0.000111732 6.64348e-05 0.00939459 -0.0174048 5.66962e-05 1.67355e-05 -0.0174048 0.0863622 
0.00964781 -0.0176182 -0.000121084 6.90169e-05 -0.0176182 0.0866618 7.66304e-05 1.57541e-05 -0.000121084 7.66304e-05 0.00942441 -0.0174178 6.90169e-05 1.57541e-05 -0.0174178 0.0865021 
0.00963366 -0.0176519 -0.000115559 8.49283e-05 -0.0176519 0.0868665 8.99719e-05 -1.51536e-05 -0.000115559 8.99719e-05 0.00946955 -0.017448 8.49283e-05 -1.51536e-05 -0.017448 0.086605 
0.00962378 -0.0176243 -0.000105658 8.33682e-05 -0.0176243 0.0868811 8.69529e-05 -3.09263e-05 -0.000105658 8.69529e-05 0.00950219 -0.0175025 8.33682e-05 -3.09263e-05 -0.0175025 0.0867308 
0.00963254 -0.0175916 -0.000116379 7.58662e-05 -0.0175916 0.0867806 8.17737e-05 -3.2134e-05 -0.000116379 8.17737e-05 0.0095047 -0.0175384 7.58662e-05 -3.2134e-05 -0.0175384 0.0868165 
0.00963915 -0.0175507 -0.00013648 8.60936e-05 -0.0175507 0.0865259 9.30672e-05 -4.40297e-05 -0.00013648 9.30672e-05 0.00946354 -0.0175166 8.60936e-05 -4.40297e-05 -0.0175166 0.0867023 
0.00966695 -0.0176047 -0.000142613 0.000105582 -0.0176047 0.0866574 0.000112631 -7.55687e-05 -0.000142613 0.000112631 0.00945923 -0.0175174 0.000105582 -7.55687e-05 -0.0175174 0.0868108 
0.00969911 -0.0176661 -0.000147382 0.000112378 -0.0176661 0.0869038 0.000115272 -9.36074e-05 -0.000147382 0.000115272 0.00946179 -0.0175354 0.000112378 -9.36074e-05 -0.0175354 0.0869621 
0.00971076 -0.0176982 -0.000135746 0.000119539 -0.0176982 0.0870389 0.000121048 -0.0001091 -0.000135746 0.000121048 0.00946385 -0.0175316 0.000119539 -0.0001091 -0.0175316 0.0870029 
0.0097285 -0.0176993 -0.000135354 0.000103821 -0.0176993 0.0870495 0.000105794 -8.91736e-05 -0.000135354 0.000105794 0.00943793 -0.0175134 0.000103821 -8.91736e-05 -0.0175134 0.0869377 
0.00975002 -0.0177614 -0.000137631 9.63018e-05 -0.0177614 0.0872611 0.000100018 -5.79029e-05 -0.000137631 0.000100018 0.00944523 -0.0175012 9.63018e-05 -5.79029e-05 -0.0175012 0.0869827 
0.00977486 -0.0178168 -0.000135921 9.61269e-05 -0.0178168 0.0875384 0.000101976 -4.45757e-05 -0.000135921 0.000101976 0.00945826 -0.0175312 9.61269e-05 -4.45757e-05 -0.0175312 0.0871322 
0.00973345 -0.0178036 -0.000144769 9.67943e-05 -0.0178036 0.0874935 9.99219e-05 -4.40243e-05 -0.000144769 9.99219e-05 0.00947541 -0.0175006 9.67943e-05 -4.40243e-05 -0.0175006 0.0870098 
0.00966514 -0.0176901 -0.000126613 0.000114654 -0.0176901 0.0870922 0.000109583 -6.72654e-05 -0.000126613 0.000109583 0.00948133 -0.0174633 0.000114654 -6.72654e-05 -0.0174633 0.0866954 
0.00961295 -0.0176263 -0.000107688 9.40103e-05 -0.0176263 0.0868799 8.69765e-05 -4.66436e-05 -0.000107688 8.69765e-05 0.00952141 -0.0174984 9.40103e-05 -4.66436e-05 -0.0174984 0.0867019 
0.00958646 -0.0175259 -9.24287e-05 6.53447e-05 -0.0175259 0.0865287 5.94677e-05 1.77441e-05 -9.24287e-05 5.94677e-05 0.00951202 -0.0175384 6.53447e-05 1.77441e-05 -0.0175384 0.0867047 
0.00956256 -0.0174561 -8.58043e-05 4.6214e-05 -0.0174561 0.0861271 4.00942e-05 7.58124e-05 -8.58043e-05 4.00942e-05 0.00948362 -0.0174862 4.6214e-05 7.58124e-05 -0.0174862 0.086481 
0.00958061 -0.0174549 -0.000109536 4.33955e-05 -0.0174549 0.08606 3.40208e-05 0.000100653 -0.000109536 3.40208e-05 0.00946199 -0.0174951 4.33955e-05 0.000100653 -0.0174951 0.0865054 
