0.00683869 0 -1.12907e-05 0 0 0.00971126 0 0 -1.12907e-05 0 0.00695968 0 0 0 0 0.00971126 
0.0100013 -0.0124132 -3.51351e-05 3.99458e-05 -0.0124132 0.0329641 3.99458e-05 -7.71014e-05 -3.51351e-05 3.99458e-05 0.010099 -0.0125369 3.99458e-05 -7.71014e-05 -0.0125369 0.0332013 
0.00974758 -0.0181962 -3.02907e-05 1.76826e-05 -0.0181962 0.0670632 1.76826e-05 -4.44491e-05 -3.02907e-05 1.76826e-05 0.00982071 -0.0183011 1.76826e-05 -4.44491e-05 -0.0183011 0.0673957 
0.00925533 -0.0179751 -2.45145e-05 6.93521e-05 -0.0179751 0.0807273 5.8412e-05 -0.000229875 -2.45145e-05 5.8412e-05 0.00930769 -0.0179137 6.93521e-05 -0.000229875 -0.0179137 0.0802297 
0.00926002 -0.0174653 -3.15971e-05 8.83019e-05 -0.0174653 0.084597 6.50852e-05 -0.000441281 -3.15971e-05 6.50852e-05 0.00932745 -0.0173525 8.83019e-05 -0.000441281 -0.0173525 0.0834157 
0.00948254 -0.0175371 -3.23743e-05 7.30208e-05 -0.0175371 0.0865951 4.95464e-05 -0.00040869 -3.23743e-05 4.95464e-05 0.00957603 -0.0175086 7.30208e-05 -0.00040869 -0.0175086 0.08557 
0.00943978 -0.0173889 -4.52469e-05 5.6769e-05 -0.0173889 0.0860421 4.21366e-05 -0.000305544 -4.52469e-05 4.21366e-05 0.00957292 -0.0174203 5.6769e-05 -0.000305544 -0.0174203 0.0854009 
0.00966733 -0.0177615 -6.23805e-05 6.63725e-05 -0.0177615 0.0879151 6.08337e-05 -0.000268503 -6.23805e-05 6.08337e-05 0.00978889 -0.0178372 6.63725e-05 -0.000268503 -0.0178372 0.0875365 
0.00973221 -0.0178124 -6.55951e-05 8.73414e-05 -0.0178124 0.0881069 8.88779e-05 -0.000292452 -6.55951e-05 8.88779e-05 0.00977151 -0.017871 8.73414e-05 -0.000292452 -0.017871 0.0878275 
0.00961813 -0.0175919 -5.54566e-05 8.78457e-05 -0.0175919 0.0868198 9.37268e-05 -0.000306677 -5.54566e-05 9.37268e-05 0.00959436 -0.0175344 8.78457e-05 -0.000306677 -0.0175344 0.0863734 
0.00978498 -0.0179052 -4.38819e-05 7.80391e-05 -0.0179052 0.0882314 8.59931e-05 -0.000303413 -4.38819e-05 8.59931e-05 0.0097362 -0.0177587 7.80391e-05 -0.000303413 -0.0177587 0.0875268 
0.0097873 -0.0179267 -2.10648e-05 6.94117e-05 -0.0179267 0.08827 7.24237e-05 -0.000286943 -2.10648e-05 7.24237e-05 0.00972079 -0.0177448 6.94117e-05 -0.000286943 -0.0177448 0.087397 
0.00975818 -0.0178906 -1.58168e-06 4.16054e-05 -0.0178906 0.0880927 3.65286e-05 -0.000226186 -1.58168e-06 3.65286e-05 0.00971325 -0.0177014 4.16054e-05 -0.000226186 -0.0177014 0.0871674 
0.00971726 -0.0178615 -3.60788e-05 2.82065e-05 -0.0178615 0.0879697 1.50117e-05 -0.00017988 -3.60788e-05 1.50117e-05 0.00973448 -0.0176961 2.82065e-05 -0.00017988 -0.0176961 0.0870616 
0.00969616 -0.0178555 -5.90644e-05 5.94362e-05 -0.0178555 0.0880353 5.05034e-05 -0.000201909 -5.90644e-05 5.05034e-05 0.00977288 -0.0177627 5.94362e-05 -0.000201909 -0.0177627 0.0872507 
0.0096745 -0.0178408 -7.1896e-05 8.03379e-05 -0.0178408 0.0880748 8.08276e-05 -0.000258285 -7.1896e-05 8.08276e-05 0.00981088 -0.0178243 8.03379e-05 -0.000258285 -0.0178243 0.0874767 
0.00968221 -0.0178379 -4.66555e-05 8.34735e-05 -0.0178379 0.0881732 9.05562e-05 -0.000279344 -4.66555e-05 9.05562e-05 0.00983652 -0.0179 8.34735e-05 -0.000279344 -0.0179 0.0877804 
0.00970141 -0.0178246 -1.18631e-05 4.96852e-05 -0.0178246 0.0881295 6.07185e-05 -0.00023366 -1.18631e-05 6.07185e-05 0.0098172 -0.0179101 4.96852e-05 -0.00023366 -0.0179101 0.087859 
0.00970651 -0.017835 -8.44914e-06 6.88309e-06 -0.017835 0.0880715 1.77698e-05 -0.000136909 -8.44914e-06 1.77698e-05 0.00977914 -0.0178547 6.88309e-06 -0.000136909 -0.0178547 0.0877153 
0.00964312 -0.0177537 -6.67356e-06 -4.0827e-06 -0.0177537 0.0876189 5.40239e-06 -6.41015e-05 -6.67356e-06 5.40239e-06 0.00972055 -0.0177077 -4.0827e-06 -6.41015e-05 -0.0177077 0.0870913 
0.0096265 -0.0177621 -3.27943e-05 -2.44846e-06 -0.0177621 0.0877046 5.05698e-06 -4.47349e-05 -3.27943e-05 5.05698e-06 0.00973719 -0.0177134 -2.44846e-06 -4.47349e-05 -0.0177134 0.0870882 
0.009618 -0.0177414 -7.17495e-05 3.34699e-05 -0.0177414 0.0877165 4.06323e-05 -9.96259e-05 -7.17495e-05 4.06323e-05 0.00976546 -0.0177484 3.34699e-05 -9.96259e-05 -0.0177484 0.0871796 
0.00962043 -0.0177303 -8.84846e-05 8.67662e-05 -0.0177303 0.0877008 8.9962e-05 -0.000212045 -8.84846e-05 8.9962e-05 0.00978976 -0.0177871 8.67662e-05 -0.000212045 -0.0177871 0.0872969 
0.0096052 -0.0176543 -7.63203e-05 0.000115251 -0.0176543 0.0873069 0.000109683 -0.000303384 -7.63203e-05 0.000109683 0.0097291 -0.0177318 0.000115251 -0.000303384 -0.0177318 0.0869837 
0.00955557 -0.0175958 -8.22045e-05 0.000101182 -0.0175958 0.0868949 9.29172e-05 -0.00031149 -8.22045e-05 9.29172e-05 0.00969874 -0.0176126 0.000101182 -0.00031149 -0.0176126 0.0864998 
0.00954114 -0.0176054 -7.41284e-05 0.000102781 -0.0176054 0.0869533 0.000101278 -0.000311757 -7.41284e-05 0.000101278 0.00971472 -0.0176381 0.000102781 -0.000311757 -0.0176381 0.0865258 
0.00954348 -0.0176251 -8.55149e-05 8.80888e-05 -0.0176251 0.0871305 9.45289e-05 -0.000297024 -8.55149e-05 9.45289e-05 0.00973956 -0.0177025 8.80888e-05 -0.000297024 -0.0177025 0.0867804 
0.00957869 -0.0176708 -8.63165e-05 9.17199e-05 -0.0176708 0.0874375 0.000105105 -0.000289487 -8.63165e-05 0.000105105 0.00976573 -0.0177857 9.17199e-05 -0.000289487 -0.0177857 0.0871928 
0.00958874 -0.0176752 -8.75227e-05 8.90833e-05 -0.0176752 0.0874619 0.00010447 -0.000283013 -8.75227e-05 0.00010447 0.00975227 -0.0177829 8.90833e-05 -0.000283013 -0.0177829 0.0872578 
0.00962501 -0.0177325 -8.91415e-05 8.96985e-05 -0.0177325 0.0877157 9.96641e-05 -0.000269213 -8.91415e-05 9.96641e-05 0.00975487 -0.0178034 8.96985e-05 -0.000269213 -0.0178034 0.0874549 
0.00963901 -0.0177539 -0.000113608 9.002e-05 -0.0177539 0.0877787 9.64207e-05 -0.000255032 -0.000113608 9.64207e-05 0.00974558 -0.0177685 9.002e-05 -0.000255032 -0.0177685 0.0873802 
0.0096282 -0.0177443 -0.000118209 0.00012156 -0.0177443 0.0876922 0.000127106 -0.000296802 -0.000118209 0.000127106 0.00974551 -0.017717 0.00012156 -0.000296802 -0.017717 0.0871503 
0.00959247 -0.0176523 -0.000110374 0.00013223 -0.0176523 0.0872127 0.000138808 -0.000345126 -0.000110374 0.000138808 0.00967853 -0.0176099 0.00013223 -0.000345126 -0.0176099 0.0865535 
0.00956319 -0.0176066 -9.58119e-05 0.00012369 -0.0176066 0.0869155 0.000130029 -0.000347463 -9.58119e-05 0.000130029 0.00963799 -0.0175346 0.00012369 -0.000347463 -0.0175346 0.0861785 
0.00954588 -0.0175751 -6.31491e-05 9.95471e-05 -0.0175751 0.0867493 0.000103786 -0.000295586 -6.31491e-05 0.000103786 0.00959134 -0.0174979 9.95471e-05 -0.000295586 -0.0174979 0.0859763 
0.00971186 -0.0179559 -7.36281e-05 5.81707e-05 -0.0179559 0.088617 6.10608e-05 -0.000204058 -7.36281e-05 6.10608e-05 0.00980821 -0.017844 5.81707e-05 -0.000204058 -0.017844 0.0877703 
0.00968549 -0.0179271 -9.03173e-05 6.55984e-05 -0.0179271 0.0886311 6.94807e-05 -0.000166174 -9.03173e-05 6.94807e-05 0.00983195 -0.0178728 6.55984e-05 -0.000166174 -0.0178728 0.0878433 
0.00965223 -0.0178757 -0.00010969 9.22232e-05 -0.0178757 0.0884912 9.78295e-05 -0.000211213 -0.00010969 9.78295e-05 0.00984852 -0.0178863 9.22232e-05 -0.000211213 -0.0178863 0.0878555 
0.00964652 -0.0178393 -9.08851e-05 0.000115079 -0.0178393 0.0883975 0.00012362 -0.00027265 -9.08851e-05 0.00012362 0.00985506 -0.0179188 0.000115079 -0.00027265 -0.0179188 0.0879487 
0.00964046 -0.0178056 -9.09437e-05 9.41145e-05 -0.0178056 0.0882323 0.000106191 -0.000271897 -9.09437e-05 0.000106191 0.00983251 -0.0179106 9.41145e-05 -0.000271897 -0.0179106 0.0879116 
0.00962616 -0.0177494 -9.30913e-05 8.82313e-05 -0.0177494 0.087916 0.000101192 -0.000246593 -9.30913e-05 0.000101192 0.00978467 -0.0178381 8.82313e-05 -0.000246593 -0.0178381 0.0876235 
0.00960025 -0.0177122 -9.05215e-05 9.15378e-05 -0.0177122 0.0876625 9.89579e-05 -0.000235726 -9.05215e-05 9.89579e-05 0.00977268 -0.0177722 9.15378e-05 -0.000235726 -0.0177722 0.0873493 
0.00960035 -0.0177013 -8.58429e-05 9.4107e-05 -0.0177013 0.0876085 9.2491e-05 -0.000231551 -8.58429e-05 9.2491e-05 0.00978099 -0.0177873 9.4107e-05 -0.000231551 -0.0177873 0.0873347 
0.0095913 -0.0176912 -7.03413e-05 8.68767e-05 -0.0176912 0.087527 7.83484e-05 -0.000206961 -7.03413e-05 7.83484e-05 0.0097878 -0.0177916 8.68767e-05 -0.000206961 -0.0177916 0.0873113 
0.00963341 -0.0177705 -6.36844e-05 6.70949e-05 -0.0177705 0.0879201 5.34738e-05 -0.000156569 -6.36844e-05 5.34738e-05 0.00981874 -0.0178949 6.70949e-05 -0.000156569 -0.0178949 0.0877646 
0.00967019 -0.0178184 -6.48482e-05 6.68054e-05 -0.0178184 0.0881431 5.00587e-05 -0.0001395 -6.48482e-05 5.00587e-05 0.00980496 -0.0179157 6.68054e-05 -0.0001395 -0.0179157 0.0879575 
0.00971052 -0.0178702 -5.01584e-05 6.8476e-05 -0.0178702 0.088348 5.75292e-05 -0.000146213 -5.01584e-05 5.75292e-05 0.00980649 -0.0179054 6.8476e-05 -0.000146213 -0.0179054 0.0880456 
0.00951921 -0.0175203 -1.90759e-05 4.47896e-05 -0.0175203 0.0865464 4.37515e-05 -0.000122949 -1.90759e-05 4.37515e-05 0.00960027 -0.0175038 4.47896e-05 -0.000122949 -0.0175038 0.0861087 
0.00954645 -0.0175878 -9.48186e-06 9.49963e-06 -0.0175878 0.0868377 1.14043e-05 -6.36402e-05 -9.48186e-06 1.14043e-05 0.00961037 -0.0175393 9.49963e-06 -6.36402e-05 -0.0175393 0.086268 
0.00952727 -0.0175874 -1.38809e-05 -3.41854e-06 -0.0175874 0.0868564 -2.26129e-06 -1.33849e-05 -1.38809e-05 -2.26129e-06 0.00962507 -0.0175221 -3.41854e-06 -1.33849e-05 -0.0175221 0.0862155 
0.009541 -0.017617 -4.20257e-05 3.35762e-06 -0.017617 0.0870867 -9.87017e-07 -6.71365e-07 -4.20257e-05 -9.87017e-07 0.0096616 -0.0175892 3.35762e-06 -6.71365e-07 -0.0175892 0.0864713 
0.00953624 -0.017595 -6.38759e-05 3.94641e-05 -0.017595 0.0870303 3.2458e-05 -5.18666e-05 -6.38759e-05 3.2458e-05 0.00967321 -0.0175993 3.94641e-05 -5.18666e-05 -0.0175993 0.0864902 
0.00952426 -0.0175532 -9.76595e-05 6.76144e-05 -0.0175532 0.0868301 6.60323e-05 -0.000134789 -9.76595e-05 6.60323e-05 0.00965093 -0.0175802 6.76144e-05 -0.000134789 -0.0175802 0.0863594 
0.00952837 -0.0175846 -0.000102242 0.000103053 -0.0175846 0.0869564 0.000110037 -0.00022714 -0.000102242 0.000110037 0.00966203 -0.0176064 0.000103053 -0.00022714 -0.0176064 0.0865133 
0.00953049 -0.0175931 -5.61572e-05 0.000108153 -0.0175931 0.0870492 0.000115124 -0.000274868 -5.61572e-05 0.000115124 0.00968995 -0.0176298 0.000108153 -0.000274868 -0.0176298 0.0866399 
0.00953616 -0.0175865 -4.0251e-05 5.88241e-05 -0.0175865 0.0870608 5.73593e-05 -0.000211047 -4.0251e-05 5.73593e-05 0.00971186 -0.0176634 5.88241e-05 -0.000211047 -0.0176634 0.0867414 
0.00952146 -0.0175566 -4.78603e-05 3.85278e-05 -0.0175566 0.0868985 2.52093e-05 -0.000121469 -4.78603e-05 2.52093e-05 0.00970823 -0.0176569 3.85278e-05 -0.000121469 -0.0176569 0.086664 
0.00951377 -0.0175523 -7.11429e-05 5.54667e-05 -0.0175523 0.0868622 3.66095e-05 -0.000116272 -7.11429e-05 3.66095e-05 0.00969862 -0.017662 5.54667e-05 -0.000116272 -0.017662 0.0866688 
0.00946383 -0.017452 -7.8266e-05 8.33229e-05 -0.017452 0.0863683 7.05918e-05 -0.00017608 -7.8266e-05 7.05918e-05 0.00965122 -0.0175494 8.33229e-05 -0.00017608 -0.0175494 0.0861645 
0.00964695 -0.0178128 -5.65682e-05 8.90109e-05 -0.0178128 0.088141 8.66768e-05 -0.000224399 -5.65682e-05 8.66768e-05 0.00987736 -0.0179195 8.90109e-05 -0.000224399 -0.0179195 0.087937 
0.00962254 -0.0178127 -3.68357e-05 6.15754e-05 -0.0178127 0.0881865 6.34726e-05 -0.000206442 -3.68357e-05 6.34726e-05 0.00991857 -0.0179724 6.15754e-05 -0.000206442 -0.0179724 0.0880721 
0.00960292 -0.0177505 -3.3543e-05 3.08913e-05 -0.0177505 0.0880057 3.41518e-05 -0.000140322 -3.3543e-05 3.41518e-05 0.00989746 -0.0179987 3.08913e-05 -0.000140322 -0.0179987 0.0880845 
0.00964452 -0.0177798 -3.26693e-05 3.02449e-05 -0.0177798 0.0881557 3.14382e-05 -0.000109818 -3.26693e-05 3.14382e-05 0.00987278 -0.0180378 3.02449e-05 -0.000109818 -0.0180378 0.0883556 
0.00964773 -0.0177962 -4.83805e-05 3.69855e-05 -0.0177962 0.0881389 3.51378e-05 -0.000116915 -4.83805e-05 3.51378e-05 0.00984298 -0.0179686 3.69855e-05 -0.000116915 -0.0179686 0.08824 
0.00960386 -0.0177382 -7.93407e-05 6.17687e-05 -0.0177382 0.0878441 5.69401e-05 -0.000162543 -7.93407e-05 5.69401e-05 0.00981436 -0.0178681 6.17687e-05 -0.000162543 -0.0178681 0.0878181 
0.00960313 -0.0176782 -7.29267e-05 0.000101127 -0.0176782 0.0876035 9.60579e-05 -0.000247716 -7.29267e-05 9.60579e-05 0.0097716 -0.0178376 0.000101127 -0.000247716 -0.0178376 0.087594 
0.00961618 -0.0176404 -5.05316e-05 9.08614e-05 -0.0176404 0.0873242 9.2968e-05 -0.000278109 -5.05316e-05 9.2968e-05 0.00970427 -0.0177647 9.08614e-05 -0.000278109 -0.0177647 0.0873042 
0.009652 -0.0177434 -2.98455e-05 5.89075e-05 -0.0177434 0.087647 6.3384e-05 -0.000229196 -2.98455e-05 6.3384e-05 0.00971895 -0.0177666 5.89075e-05 -0.000229196 -0.0177666 0.0874522 
0.00966204 -0.017731 1.47641e-05 3.29016e-05 -0.017731 0.0875697 3.18471e-05 -0.000156015 1.47641e-05 3.18471e-05 0.00966501 -0.0177122 3.29016e-05 -0.000156015 -0.0177122 0.0872038 
0.00966995 -0.0177467 1.73361e-05 -1.57572e-05 -0.0177467 0.0875708 -2.0084e-05 -5.31061e-05 1.73361e-05 -2.0084e-05 0.0096455 -0.0176631 -1.57572e-05 -5.31061e-05 -0.0176631 0.0870622 
0.00970332 -0.0178083 1.44538e-05 -2.13976e-05 -0.0178083 0.0878248 -2.69456e-05 6.00294e-06 1.44538e-05 -2.69456e-05 0.00963965 -0.0176794 -2.13976e-05 6.00294e-06 -0.0176794 0.0871694 
0.00970441 -0.0178648 4.05411e-06 -1.47055e-05 -0.0178648 0.0880532 -2.15187e-05 9.25105e-06 4.05411e-06 -2.15187e-05 0.00967316 -0.0176699 -1.47055e-05 9.25105e-06 -0.0176699 0.0872196 
0.0097449 -0.0179396 2.65335e-06 5.41365e-06 -0.0179396 0.0885211 -2.71145e-06 -3.34746e-05 2.65335e-06 -2.71145e-06 0.00972111 -0.0177823 5.41365e-06 -3.34746e-05 -0.0177823 0.0876618 
0.00952674 -0.0175788 -2.31953e-05 1.73776e-05 -0.0175788 0.0867777 6.93357e-06 -7.91317e-05 -2.31953e-05 6.93357e-06 0.00955357 -0.0174331 1.73776e-05 -7.91317e-05 -0.0174331 0.0859558 
0.00951113 -0.0175233 -3.77045e-05 4.84992e-05 -0.0175233 0.086643 3.82397e-05 -0.000147752 -3.77045e-05 3.82397e-05 0.0095823 -0.0174596 4.84992e-05 -0.000147752 -0.0174596 0.0859787 
0.00971178 -0.0178823 -4.52277e-05 6.60635e-05 -0.0178823 0.088425 5.51617e-05 -0.000208045 -4.52277e-05 5.51617e-05 0.00980641 -0.017874 6.60635e-05 -0.000208045 -0.017874 0.0879153 
0.00967783 -0.0178384 -5.41077e-05 7.48245e-05 -0.0178384 0.0881944 6.31002e-05 -0.000240535 -5.41077e-05 6.31002e-05 0.00981259 -0.0178589 7.48245e-05 -0.000240535 -0.0178589 0.0878016 
0.00967941 -0.0178358 -7.15767e-05 8.24123e-05 -0.0178358 0.0882289 7.15853e-05 -0.000262344 -7.15767e-05 7.15853e-05 0.00984214 -0.0179156 8.24123e-05 -0.000262344 -0.0179156 0.0879805 
0.00970037 -0.0178511 -8.14349e-05 0.000108634 -0.0178511 0.0883026 9.93027e-05 -0.000319707 -8.14349e-05 9.93027e-05 0.00984714 -0.0179581 0.000108634 -0.000319707 -0.0179581 0.0881522 
0.00968798 -0.0178441 -8.09149e-05 0.000114958 -0.0178441 0.0882171 0.000110743 -0.000356473 -8.09149e-05 0.000110743 0.00984297 -0.0179311 0.000114958 -0.000356473 -0.0179311 0.0880712 
0.00971043 -0.0178569 -8.77707e-05 0.000113636 -0.0178569 0.088292 0.000116055 -0.000376242 -8.77707e-05 0.000116055 0.00983904 -0.0179499 0.000113636 -0.000376242 -0.0179499 0.0881396 
0.00951367 -0.0175087 -8.00834e-05 0.000107285 -0.0175087 0.0865115 0.000117625 -0.0003626 -8.00834e-05 0.000117625 0.00963169 -0.0175695 0.000107285 -0.0003626 -0.0175695 0.0863182 
0.00952486 -0.0175582 -7.47059e-05 0.000100292 -0.0175582 0.0867788 0.000118171 -0.000360641 -7.47059e-05 0.000118171 0.00968042 -0.0176243 0.000100292 -0.000360641 -0.0176243 0.0865879 
0.00954657 -0.017557 -5.50996e-05 9.09069e-05 -0.017557 0.086856 0.000107527 -0.000338933 -5.50996e-05 0.000107527 0.00968447 -0.0176755 9.09069e-05 -0.000338933 -0.0176755 0.0867571 
0.00951914 -0.0175047 -3.57571e-05 6.33384e-05 -0.0175047 0.08654 7.69616e-05 -0.000278013 -3.57571e-05 7.69616e-05 0.00964716 -0.0175992 6.33384e-05 -0.000278013 -0.0175992 0.0864522 
0.00969713 -0.0178497 -4.07688e-05 3.86452e-05 -0.0178497 0.0881805 4.94993e-05 -0.0002072 -4.07688e-05 4.94993e-05 0.00982599 -0.0178981 3.86452e-05 -0.0002072 -0.0178981 0.087962 
0.00970072 -0.0178687 -4.8308e-05 4.54249e-05 -0.0178687 0.0882625 5.49284e-05 -0.00018438 -4.8308e-05 5.49284e-05 0.00983875 -0.0178973 4.54249e-05 -0.00018438 -0.0178973 0.0879318 
0.00969574 -0.0178843 -5.32074e-05 5.72465e-05 -0.0178843 0.0883725 6.2095e-05 -0.000194998 -5.32074e-05 6.2095e-05 0.00987378 -0.0179425 5.72465e-05 -0.000194998 -0.0179425 0.0880676 
0.00947963 -0.0174888 -4.98177e-05 6.17473e-05 -0.0174888 0.0864891 6.11022e-05 -0.000198944 -4.98177e-05 6.11022e-05 0.00966953 -0.0175979 6.17473e-05 -0.000198944 -0.0175979 0.0862911 
0.0094919 -0.0175289 -5.32606e-05 5.78966e-05 -0.0175289 0.0867197 5.64961e-05 -0.000192505 -5.32606e-05 5.64961e-05 0.00967457 -0.0176499 5.78966e-05 -0.000192505 -0.0176499 0.0865779 
0.00948117 -0.0174952 -4.84171e-05 5.17112e-05 -0.0174952 0.0866133 5.3855e-05 -0.00016904 -4.84171e-05 5.3855e-05 0.00962771 -0.017604 5.17112e-05 -0.00016904 -0.017604 0.0864642 
0.00950021 -0.0175056 -3.92391e-05 4.3707e-05 -0.0175056 0.0866632 5.08748e-05 -0.000148658 -3.92391e-05 5.08748e-05 0.00960877 -0.0175682 4.3707e-05 -0.000148658 -0.0175682 0.0864343 
0.00949881 -0.0174835 -4.38964e-05 3.34652e-05 -0.0174835 0.0865192 4.31349e-05 -0.000127648 -4.38964e-05 4.31349e-05 0.00958164 -0.0175055 3.34652e-05 -0.000127648 -0.0175055 0.0861941 
0.00968919 -0.0178424 -3.54764e-05 4.19249e-05 -0.0178424 0.0882377 4.8529e-05 -0.000129506 -3.54764e-05 4.8529e-05 0.00978407 -0.0178331 4.19249e-05 -0.000129506 -0.0178331 0.0878175 
0.00948921 -0.0174691 -2.68466e-05 3.73818e-05 -0.0174691 0.0863754 4.18455e-05 -0.000130861 -2.68466e-05 4.18455e-05 0.00958596 -0.0174679 3.73818e-05 -0.000130861 -0.0174679 0.0859384 
0.00951941 -0.0174921 -2.89616e-05 2.74439e-05 -0.0174921 0.086462 3.42973e-05 -0.000119302 -2.89616e-05 3.42973e-05 0.00958403 -0.0174966 2.74439e-05 -0.000119302 -0.0174966 0.0860313 
0.00956005 -0.0175489 -3.9094e-05 3.38913e-05 -0.0175489 0.0866508 4.09389e-05 -0.000129495 -3.9094e-05 4.09389e-05 0.00955409 -0.0175104 3.38913e-05 -0.000129495 -0.0175104 0.0861529 
0.00974146 -0.0179296 -2.7867e-05 5.32867e-05 -0.0179296 0.0884421 5.4611e-05 -0.000166654 -2.7867e-05 5.4611e-05 0.00973684 -0.0177989 5.32867e-05 -0.000166654 -0.0177989 0.0877525 
0.00967729 -0.0178519 -2.36952e-05 4.06266e-05 -0.0178519 0.0881186 3.47463e-05 -0.000158367 -2.36952e-05 3.47463e-05 0.009731 -0.0177168 4.06266e-05 -0.000158367 -0.0177168 0.0873288 
0.00964817 -0.0177857 -2.62623e-05 4.18863e-05 -0.0177857 0.0879128 2.93276e-05 -0.000151326 -2.62623e-05 2.93276e-05 0.00972706 -0.0177316 4.18863e-05 -0.000151326 -0.0177316 0.0872331 
0.00966652 -0.017793 -1.75022e-05 4.07751e-05 -0.017793 0.087999 2.49736e-05 -0.000138048 -1.75022e-05 2.49736e-05 0.00972757 -0.0177991 4.07751e-05 -0.000138048 -0.0177991 0.0875128 
0.00964587 -0.0177689 -1.07047e-07 3.14042e-05 -0.0177689 0.0878406 1.6068e-05 -0.000121241 -1.07047e-07 1.6068e-05 0.00970284 -0.0177479 3.14042e-05 -0.000121241 -0.0177479 0.0873883 
0.00960442 -0.0176802 9.10727e-06 1.54967e-05 -0.0176802 0.0874277 2.17217e-06 -9.7801e-05 9.10727e-06 2.17217e-06 0.0096551 -0.0176555 1.54967e-05 -9.7801e-05 -0.0176555 0.0869714 
0.00956397 -0.0176187 1.18908e-05 2.71061e-06 -0.0176187 0.0871064 -9.03252e-06 -6.83102e-05 1.18908e-05 -9.03252e-06 0.00963842 -0.0175892 2.71061e-06 -6.83102e-05 -0.0175892 0.0866515 
0.0095417 -0.0176221 -6.04296e-06 3.29857e-06 -0.0176221 0.0871349 -8.28648e-06 -6.36443e-05 -6.04296e-06 -8.28648e-06 0.0096591 -0.0176139 3.29857e-06 -6.36443e-05 -0.0176139 0.0867042 
0.00955145 -0.0176452 -6.62049e-06 1.83191e-05 -0.0176452 0.0873469 1.38618e-05 -8.72664e-05 -6.62049e-06 1.38618e-05 0.00968328 -0.0176865 1.83191e-05 -8.72664e-05 -0.0176865 0.0870054 
0.00946941 -0.0174902 -9.24687e-06 1.32509e-05 -0.0174902 0.0866563 1.6142e-05 -9.5507e-05 -9.24687e-06 1.6142e-05 0.00962798 -0.0175656 1.32509e-05 -9.5507e-05 -0.0175656 0.0864356 
0.00941854 -0.0173974 -8.15903e-06 1.19839e-05 -0.0173974 0.0862404 2.08937e-05 -9.53607e-05 -8.15903e-06 2.08937e-05 0.00960686 -0.017519 1.19839e-05 -9.53607e-05 -0.017519 0.0861569 
0.00964985 -0.0177338 -2.63408e-06 8.25018e-06 -0.0177338 0.0879392 1.46397e-05 -8.33666e-05 -2.63408e-06 1.46397e-05 0.009766 -0.0179037 8.25018e-06 -8.33666e-05 -0.0179037 0.0879976 
0.00967282 -0.0177817 -8.07042e-06 7.74773e-06 -0.0177817 0.0879699 9.35742e-06 -7.51138e-05 -8.07042e-06 9.35742e-06 0.00972735 -0.0178452 7.74773e-06 -7.51138e-05 -0.0178452 0.0879114 
0.00967264 -0.0178064 -2.01294e-05 1.71249e-05 -0.0178064 0.0879965 1.58106e-05 -8.49555e-05 -2.01294e-05 1.58106e-05 0.00971115 -0.017775 1.71249e-05 -8.49555e-05 -0.017775 0.0876908 
0.00967744 -0.0178225 -3.0553e-05 2.43395e-05 -0.0178225 0.0880895 2.55175e-05 -9.63756e-05 -3.0553e-05 2.55175e-05 0.00971685 -0.0177777 2.43395e-05 -9.63756e-05 -0.0177777 0.0876691 
0.00970174 -0.0178768 -3.93272e-05 3.72564e-05 -0.0178768 0.0883721 4.71893e-05 -0.000134692 -3.93272e-05 4.71893e-05 0.00974797 -0.0178367 3.72564e-05 -0.000134692 -0.0178367 0.0879287 
0.00950246 -0.0175109 -3.44837e-05 4.28171e-05 -0.0175109 0.0866003 5.81628e-05 -0.000160827 -3.44837e-05 5.81628e-05 0.00955226 -0.0174924 4.28171e-05 -0.000160827 -0.0174924 0.0862126 
0.00956512 -0.017593 -3.08227e-05 4.42796e-05 -0.017593 0.0870101 5.73643e-05 -0.000178095 -3.08227e-05 5.73643e-05 0.00957154 -0.017567 4.42796e-05 -0.000178095 -0.017567 0.0866147 
0.00958467 -0.0176453 -4.22141e-05 3.49527e-05 -0.0176453 0.0871936 4.19891e-05 -0.000152445 -4.22141e-05 4.19891e-05 0.00958847 -0.017557 3.49527e-05 -0.000152445 -0.017557 0.0866821 
0.00960504 -0.0177184 -3.15681e-05 4.41607e-05 -0.0177184 0.0875549 4.74454e-05 -0.000143173 -3.15681e-05 4.74454e-05 0.00963155 -0.0176138 4.41607e-05 -0.000143173 -0.0176138 0.0869373 
0.00962571 -0.0177533 2.00162e-06 3.27586e-05 -0.0177533 0.0877926 3.51734e-05 -0.000125819 2.00162e-06 3.51734e-05 0.00966571 -0.0176659 3.27586e-05 -0.000125819 -0.0176659 0.087147 
0.00963577 -0.0177846 6.79476e-06 -5.55161e-06 -0.0177846 0.0879681 -4.19509e-06 -5.78388e-05 6.79476e-06 -4.19509e-06 0.00970654 -0.0177116 -5.55161e-06 -5.78388e-05 -0.0177116 0.087334 
0.00963886 -0.0177751 -7.8168e-07 -1.15123e-05 -0.0177751 0.087969 -9.60804e-06 -1.48364e-05 -7.8168e-07 -9.60804e-06 0.00972326 -0.0177452 -1.15123e-05 -1.48364e-05 -0.0177452 0.0874141 
0.00962823 -0.0177751 -1.16638e-05 -3.5401e-06 -0.0177751 0.0879575 -2.98806e-06 -1.20661e-05 -1.16638e-05 -2.98806e-06 0.00973783 -0.0177608 -3.5401e-06 -1.20661e-05 -0.0177608 0.087462 
0.00961391 -0.0177536 -3.1058e-05 1.02618e-05 -0.0177536 0.0878921 8.13821e-06 -3.15103e-05 -3.1058e-05 8.13821e-06 0.00974727 -0.0177714 1.02618e-05 -3.15103e-05 -0.0177714 0.0874697 
0.00960397 -0.0177592 -4.99732e-05 2.12929e-05 -0.0177592 0.0879478 2.01333e-05 -4.40264e-05 -4.99732e-05 2.01333e-05 0.00977242 -0.0178028 2.12929e-05 -4.40264e-05 -0.0178028 0.0875904 
0.00961824 -0.0177803 -5.40349e-05 4.7603e-05 -0.0177803 0.0881105 5.23439e-05 -0.000101555 -5.40349e-05 5.23439e-05 0.0097964 -0.0178543 4.7603e-05 -0.000101555 -0.0178543 0.0878037 
0.00960309 -0.0177516 -6.10908e-05 6.10774e-05 -0.0177516 0.0879714 6.77445e-05 -0.00016097 -6.10908e-05 6.77445e-05 0.00977346 -0.0178247 6.10774e-05 -0.00016097 -0.0178247 0.0876727 
0.00952592 -0.017615 -6.63165e-05 6.37508e-05 -0.017615 0.0873045 6.97405e-05 -0.000177199 -6.63165e-05 6.97405e-05 0.00971569 -0.0176814 6.37508e-05 -0.000177199 -0.0176814 0.0870008 
0.00952266 -0.0175623 -6.44227e-05 6.59843e-05 -0.0175623 0.0870791 6.92036e-05 -0.000175218 -6.44227e-05 6.92036e-05 0.00969176 -0.0176684 6.59843e-05 -0.000175218 -0.0176684 0.0868492 
0.00953305 -0.0176188 -0.000103088 6.68914e-05 -0.0176188 0.0872669 6.89103e-05 -0.000175783 -0.000103088 6.89103e-05 0.00971005 -0.0177015 6.68914e-05 -0.000175783 -0.0177015 0.0870405 
0.00952819 -0.017594 -0.000127146 0.000110531 -0.017594 0.0871897 0.000116302 -0.000243096 -0.000127146 0.000116302 0.00969364 -0.0176874 0.000110531 -0.000243096 -0.0176874 0.0869757 
0.00954573 -0.0175729 -0.000128473 0.000141237 -0.0175729 0.0870815 0.000149291 -0.000331359 -0.000128473 0.000149291 0.00965344 -0.017665 0.000141237 -0.000331359 -0.017665 0.0868927 
0.00954562 -0.0175455 -0.000125712 0.000141606 -0.0175455 0.0868321 0.000147103 -0.000361277 -0.000125712 0.000147103 0.00958999 -0.0175717 0.000141606 -0.000361277 -0.0175717 0.086559 
0.00957807 -0.0175891 -0.000126087 0.000145429 -0.0175891 0.0869272 0.000148585 -0.00037924 -0.000126087 0.000148585 0.00955483 -0.0175301 0.000145429 -0.00037924 -0.0175301 0.0864634 
0.00955556 -0.0176191 -0.000138683 0.000148794 -0.0176191 0.0869638 0.000147127 -0.000387061 -0.000138683 0.000147127 0.00954702 -0.0174625 0.000148794 -0.000387061 -0.0174625 0.0862483 
0.00948947 -0.017544 -0.000118853 0.000166388 -0.017544 0.0866939 0.000159252 -0.000414223 -0.000118853 0.000159252 0.00954816 -0.0174016 0.000166388 -0.000414223 -0.0174016 0.0858914 
0.00945346 -0.0174981 -0.000106277 0.000149895 -0.0174981 0.0866048 0.000138332 -0.000407348 -0.000106277 0.000138332 0.00957727 -0.0174379 0.000149895 -0.000407348 -0.0174379 0.085912 
0.00961879 -0.0177869 -8.3035e-05 0.000137214 -0.0177869 0.0881559 0.000127332 -0.000385948 -8.3035e-05 0.000127332 0.0097855 -0.0178254 0.000137214 -0.000385948 -0.0178254 0.0876912 
0.00941639 -0.0174113 -5.78177e-05 0.000104271 -0.0174113 0.0863358 9.21994e-05 -0.000316195 -5.78177e-05 9.21994e-05 0.00959383 -0.017519 0.000104271 -0.000316195 -0.017519 0.0861183 
0.0096141 -0.0177718 -5.08188e-05 7.03895e-05 -0.0177718 0.0881544 6.06122e-05 -0.00023392 -5.08188e-05 6.06122e-05 0.00980019 -0.0179084 7.03895e-05 -0.00023392 -0.0179084 0.088082 
0.00960624 -0.017749 -5.05817e-05 6.06729e-05 -0.017749 0.0880565 5.60142e-05 -0.000189253 -5.05817e-05 5.60142e-05 0.0097912 -0.017894 6.06729e-05 -0.000189253 -0.017894 0.0880578 
0.00959895 -0.0177197 -4.49306e-05 5.72521e-05 -0.0177197 0.0879094 5.45483e-05 -0.000169741 -4.49306e-05 5.45483e-05 0.00977228 -0.0178671 5.72521e-05 -0.000169741 -0.0178671 0.0879472 
0.00958865 -0.0177254 -3.10171e-05 4.68092e-05 -0.0177254 0.0878982 4.28599e-05 -0.000140033 -3.10171e-05 4.28599e-05 0.00977992 -0.0178545 4.68092e-05 -0.000140033 -0.0178545 0.0879173 
0.009569 -0.017702 -2.05936e-05 2.59326e-05 -0.017702 0.0878058 2.23616e-05 -8.95964e-05 -2.05936e-05 2.23616e-05 0.00978255 -0.0178375 2.59326e-05 -8.95964e-05 -0.0178375 0.087804 
0.00956763 -0.0176891 -2.75844e-05 1.03127e-05 -0.0176891 0.0877917 1.07865e-05 -4.44908e-05 -2.75844e-05 1.07865e-05 0.00977632 -0.0178613 1.03127e-05 -4.44908e-05 -0.0178613 0.0878518 
0.00955731 -0.017662 -2.53275e-05 1.9114e-05 -0.017662 0.0876605 2.17754e-05 -4.18899e-05 -2.53275e-05 2.17754e-05 0.00976604 -0.0178376 1.9114e-05 -4.18899e-05 -0.0178376 0.0877726 
0.00958748 -0.0176434 -2.17381e-05 2.46254e-05 -0.0176434 0.0875623 2.65248e-05 -6.49699e-05 -2.17381e-05 2.65248e-05 0.00972387 -0.0178244 2.46254e-05 -6.49699e-05 -0.0178244 0.0877057 
0.00961747 -0.0176851 -2.6653e-05 2.64699e-05 -0.0176851 0.0876061 2.26146e-05 -7.61472e-05 -2.6653e-05 2.26146e-05 0.00969745 -0.0177875 2.64699e-05 -7.61472e-05 -0.0177875 0.0876551 
0.00964589 -0.0177306 -4.01642e-05 3.72031e-05 -0.0177306 0.0877144 2.90738e-05 -9.75664e-05 -4.01642e-05 2.90738e-05 0.0096656 -0.0177497 3.72031e-05 -9.75664e-05 -0.0177497 0.0875628 
0.009663 -0.017799 -5.33429e-05 6.40476e-05 -0.017799 0.0879598 6.00199e-05 -0.000168909 -5.33429e-05 6.00199e-05 0.00966608 -0.0177287 6.40476e-05 -0.000168909 -0.0177287 0.0875676 
0.00967866 -0.0178385 -4.84108e-05 7.50075e-05 -0.0178385 0.0881782 7.66861e-05 -0.000219989 -4.84108e-05 7.66861e-05 0.00966744 -0.0177326 7.50075e-05 -0.000219989 -0.0177326 0.0876082 
0.00966052 -0.0178238 -4.88331e-05 6.76815e-05 -0.0178238 0.0881361 7.15731e-05 -0.000231115 -4.88331e-05 7.15731e-05 0.00966257 -0.0177026 6.76815e-05 -0.000231115 -0.0177026 0.087481 
