0.00707904 0 -0.000200407 0 0 0.0102687 0 0 -0.000200407 0 0.00743261 0 0 0 0 0.0102687 
0.00975278 -0.0121134 -0.000238099 0.000287073 -0.0121134 0.0323473 0.000287073 -0.000549701 -0.000238099 0.000287073 0.0101472 -0.0125892 0.000287073 -0.000549701 -0.0125892 0.0332588 
0.00957071 -0.0179696 -0.000184415 0.000230063 -0.0179696 0.0663615 0.000230063 -0.000689844 -0.000184415 0.000230063 0.00986197 -0.0182957 0.000230063 -0.000689844 -0.0182957 0.0673203 
0.00905261 -0.0177377 -0.000160853 9.26092e-05 -0.0177377 0.0799338 9.03981e-05 -5.75457e-05 -0.000160853 9.03981e-05 0.00928521 -0.0177786 9.26092e-05 -5.75457e-05 -0.0177786 0.0794714 
0.00922546 -0.017506 -0.00017093 0.000104895 -0.017506 0.0851824 9.19513e-05 0.000155336 -0.00017093 9.19513e-05 0.00948871 -0.0175608 0.000104895 0.000155336 -0.0175608 0.0842316 
0.00945115 -0.017616 -0.000169526 0.000148763 -0.017616 0.0873161 0.000123672 4.08424e-05 -0.000169526 0.000123672 0.00979875 -0.0177971 0.000148763 4.08424e-05 -0.0177971 0.0867541 
0.00965097 -0.0179297 -0.000154004 0.000150974 -0.0179297 0.0890813 0.000126457 -6.66868e-05 -0.000154004 0.000126457 0.0100538 -0.0182122 0.000150974 -6.66868e-05 -0.0182122 0.0889708 
0.00935507 -0.0173894 -0.000144146 0.000116176 -0.0173894 0.086494 0.000102093 -7.13867e-05 -0.000144146 0.000102093 0.00980807 -0.0177369 0.000116176 -7.13867e-05 -0.0177369 0.0867467 
0.00966149 -0.0179363 -0.000170927 9.91056e-05 -0.0179363 0.0892928 9.71091e-05 -4.01411e-05 -0.000170927 9.71091e-05 0.010134 -0.0183534 9.91056e-05 -4.01411e-05 -0.0183534 0.089773 
0.00956592 -0.0177411 -0.000187311 0.000111017 -0.0177411 0.0882931 0.000118983 -4.24087e-05 -0.000187311 0.000118983 0.0100235 -0.0181469 0.000111017 -4.24087e-05 -0.0181469 0.0888257 
0.00943141 -0.0174957 -0.00018168 0.000130244 -0.0174957 0.0869993 0.000141747 -8.03644e-05 -0.00018168 0.000141747 0.0098922 -0.017862 0.000130244 -8.03644e-05 -0.017862 0.0874485 
0.0097807 -0.0180695 -0.000175973 0.000134475 -0.0180695 0.0898175 0.000142088 -9.918e-05 -0.000175973 0.000142088 0.0101888 -0.0184561 0.000134475 -9.918e-05 -0.0184561 0.0902433 
0.00978038 -0.0180407 -0.000160443 0.000127917 -0.0180407 0.0894869 0.000128183 -8.8529e-05 -0.000160443 0.000128183 0.0101125 -0.0183618 0.000127917 -8.8529e-05 -0.0183618 0.0898301 
0.00984376 -0.0181764 -0.00013431 0.000113585 -0.0181764 0.0899978 0.000111728 -6.09467e-05 -0.00013431 0.000111728 0.0101115 -0.0184109 0.000113585 -6.09467e-05 -0.0184109 0.0901643 
0.00943617 -0.0174639 -0.000116799 7.86689e-05 -0.0174639 0.0864204 7.99707e-05 -6.65733e-06 -0.000116799 7.99707e-05 0.00967452 -0.0176047 7.86689e-05 -6.65733e-06 -0.0176047 0.0863675 
0.00947245 -0.0175256 -0.000104256 6.3748e-05 -0.0175256 0.086785 6.41909e-05 4.14953e-05 -0.000104256 6.41909e-05 0.0096713 -0.0176409 6.3748e-05 4.14953e-05 -0.0176409 0.086603 
0.0094763 -0.0175583 -0.000102962 5.17073e-05 -0.0175583 0.0869691 5.16925e-05 7.22355e-05 -0.000102962 5.16925e-05 0.00967104 -0.0176345 5.17073e-05 7.22355e-05 -0.0176345 0.0867005 
0.00943311 -0.0174727 -0.000109808 5.17593e-05 -0.0174727 0.0866373 5.33815e-05 7.81084e-05 -0.000109808 5.33815e-05 0.0096404 -0.017556 5.17593e-05 7.81084e-05 -0.017556 0.0863598 
0.00980819 -0.0181721 -0.000130764 6.94047e-05 -0.0181721 0.0901546 6.95137e-05 5.17308e-05 -0.000130764 6.95137e-05 0.0100658 -0.0182866 6.94047e-05 5.17308e-05 -0.0182866 0.0899286 
0.00973717 -0.0180766 -0.000161874 9.24814e-05 -0.0180766 0.0897299 9.25823e-05 -6.5452e-06 -0.000161874 9.25823e-05 0.0100732 -0.0182538 9.24814e-05 -6.5452e-06 -0.0182538 0.0896515 
0.00970859 -0.018044 -0.000192907 0.000127702 -0.018044 0.0896541 0.000130129 -8.65056e-05 -0.000192907 0.000130129 0.0101082 -0.0183049 0.000127702 -8.65056e-05 -0.0183049 0.0897564 
0.00965767 -0.0179499 -0.000203729 0.000170647 -0.0179499 0.0892648 0.000173424 -0.000197047 -0.000203729 0.000173424 0.0101013 -0.0182844 0.000170647 -0.000197047 -0.0182844 0.0895586 
0.00968356 -0.0179089 -0.000171918 0.000180701 -0.0179089 0.0891235 0.000181903 -0.000252157 -0.000171918 0.000181903 0.0100641 -0.0183217 0.000180701 -0.000252157 -0.0183217 0.0896405 
0.00970574 -0.0179292 -0.000150993 0.000135511 -0.0179292 0.0890631 0.000139116 -0.000193615 -0.000150993 0.000139116 0.0100161 -0.0182759 0.000135511 -0.000193615 -0.0182759 0.0895845 
0.00975274 -0.0180088 -0.000143028 0.000103178 -0.0180088 0.0893293 0.000111745 -0.000105895 -0.000143028 0.000111745 0.0100055 -0.0182553 0.000103178 -0.000105895 -0.0182553 0.0896521 
0.00982517 -0.0181114 -0.000126057 8.83412e-05 -0.0181114 0.0897435 9.95542e-05 -4.45249e-05 -0.000126057 9.95542e-05 0.0100145 -0.0182715 8.83412e-05 -4.45249e-05 -0.0182715 0.0898217 
0.00985841 -0.0182009 -0.000124049 7.29402e-05 -0.0182009 0.0900534 7.84144e-05 2.49865e-06 -0.000124049 7.84144e-05 0.010031 -0.0182698 7.29402e-05 2.49865e-06 -0.0182698 0.0898743 
0.0094566 -0.0174987 -0.000122344 6.99976e-05 -0.0174987 0.0865693 6.95562e-05 2.7756e-05 -0.000122344 6.95562e-05 0.00964423 -0.0175415 6.99976e-05 2.7756e-05 -0.0175415 0.0862568 
0.0094762 -0.0175401 -0.000128265 8.07366e-05 -0.0175401 0.0868438 7.61175e-05 1.53976e-05 -0.000128265 7.61175e-05 0.00967041 -0.0176015 8.07366e-05 1.53976e-05 -0.0176015 0.0864996 
0.00943331 -0.0174434 -0.000125154 9.26995e-05 -0.0174434 0.0864078 8.55001e-05 -1.57094e-05 -0.000125154 8.55001e-05 0.00962506 -0.0175143 9.26995e-05 -1.57094e-05 -0.0175143 0.0860786 
0.00940998 -0.01747 -0.000144444 9.52739e-05 -0.01747 0.0865123 8.37361e-05 -3.39495e-05 -0.000144444 8.37361e-05 0.00965356 -0.0175289 9.52739e-05 -3.39495e-05 -0.0175289 0.0861566 
0.00939378 -0.0174794 -0.000164224 0.000116828 -0.0174794 0.086726 0.000104453 -6.92448e-05 -0.000164224 0.000104453 0.0097024 -0.0176153 0.000116828 -6.92448e-05 -0.0176153 0.0864897 
0.00939042 -0.0174002 -0.000157448 0.000137364 -0.0174002 0.0865289 0.000127264 -0.000120047 -0.000157448 0.000127264 0.00968765 -0.0176401 0.000137364 -0.000120047 -0.0176401 0.0865472 
0.00942233 -0.017367 -0.000149646 0.000126403 -0.017367 0.0863161 0.00012302 -0.000130701 -0.000149646 0.00012302 0.0096372 -0.0176098 0.000126403 -0.000130701 -0.0176098 0.0864747 
0.00944651 -0.0173911 -0.000137572 0.000117996 -0.0173911 0.0862126 0.000119002 -0.000122291 -0.000137572 0.000119002 0.00957837 -0.0175235 0.000117996 -0.000122291 -0.0175235 0.0862312 
0.00944663 -0.0174623 -0.00012845 0.000105458 -0.0174623 0.0864051 0.000108978 -0.000104742 -0.00012845 0.000108978 0.00957807 -0.0174745 0.000105458 -0.000104742 -0.0174745 0.0861351 
0.00942383 -0.0174253 -0.000119375 9.57349e-05 -0.0174253 0.0863021 0.0001006 -8.52125e-05 -0.000119375 0.0001006 0.00956932 -0.017433 9.57349e-05 -8.52125e-05 -0.017433 0.0858955 
0.00982222 -0.0181111 -0.00011662 8.22953e-05 -0.0181111 0.0897265 8.90815e-05 -5.0391e-05 -0.00011662 8.90815e-05 0.00993157 -0.0181284 8.22953e-05 -5.0391e-05 -0.0181284 0.0892696 
0.00976797 -0.0179892 -0.000114966 7.47942e-05 -0.0179892 0.0890306 8.10081e-05 -2.56907e-05 -0.000114966 8.10081e-05 0.00985376 -0.0179731 7.47942e-05 -2.56907e-05 -0.0179731 0.0885477 
0.00973166 -0.0179922 -0.000131871 7.43372e-05 -0.0179922 0.0889355 7.78675e-05 -1.15311e-05 -0.000131871 7.78675e-05 0.00985262 -0.0179364 7.43372e-05 -1.15311e-05 -0.0179364 0.0883576 
0.00974593 -0.0180326 -0.000143462 9.19753e-05 -0.0180326 0.0892403 9.16073e-05 -2.43584e-05 -0.000143462 9.16073e-05 0.00988147 -0.0180278 9.19753e-05 -2.43584e-05 -0.0180278 0.0887061 
0.00973185 -0.0180421 -0.000151514 0.000109483 -0.0180421 0.0893597 0.000107577 -6.22009e-05 -0.000151514 0.000107577 0.00990565 -0.0180549 0.000109483 -6.22009e-05 -0.0180549 0.0888845 
0.00965971 -0.017892 -0.000146021 0.000121738 -0.017892 0.0887386 0.000117948 -0.000100458 -0.000146021 0.000117948 0.00985721 -0.0179557 0.000121738 -0.000100458 -0.0179557 0.0883746 
0.00963906 -0.0177891 -0.000131376 0.00013088 -0.0177891 0.0882775 0.00012285 -0.000144484 -0.000131376 0.00012285 0.00981944 -0.0179112 0.00013088 -0.000144484 -0.0179112 0.0880969 
0.00957961 -0.0176894 -0.000118243 0.000114184 -0.0176894 0.0876635 0.000102559 -0.000133243 -0.000118243 0.000102559 0.00976776 -0.0177915 0.000114184 -0.000133243 -0.0177915 0.087532 
0.0096194 -0.0178038 -0.000116292 9.92977e-05 -0.0178038 0.0881963 8.6942e-05 -0.00010064 -0.000116292 8.6942e-05 0.00983008 -0.0179169 9.92977e-05 -0.00010064 -0.0179169 0.0880873 
0.00961578 -0.0177325 -0.000111785 8.83511e-05 -0.0177325 0.0879108 7.98645e-05 -6.78641e-05 -0.000111785 7.98645e-05 0.00977861 -0.0178711 8.83511e-05 -6.78641e-05 -0.0178711 0.0878555 
0.00965157 -0.0177994 -0.000136204 8.33616e-05 -0.0177994 0.088124 8.08315e-05 -5.67511e-05 -0.000136204 8.08315e-05 0.00978342 -0.0178845 8.33616e-05 -5.67511e-05 -0.0178845 0.0880195 
0.00969619 -0.0179271 -0.000157777 0.000111213 -0.0179271 0.0887049 0.000115257 -0.000100584 -0.000157777 0.000115257 0.00983988 -0.0179714 0.000111213 -0.000100584 -0.0179714 0.0884984 
0.00972955 -0.0179643 -0.000139875 0.000138853 -0.0179643 0.0889515 0.00014504 -0.000173479 -0.000139875 0.00014504 0.00984554 -0.0180058 0.000138853 -0.000173479 -0.0180058 0.0886753 
0.00972504 -0.0179992 -0.000123869 0.000116202 -0.0179992 0.0890929 0.000120138 -0.000163649 -0.000123869 0.000120138 0.00987458 -0.0180032 0.000116202 -0.000163649 -0.0180032 0.0887318 
0.0097426 -0.0180225 -9.74128e-05 9.11687e-05 -0.0180225 0.0893005 9.04949e-05 -9.88485e-05 -9.74128e-05 9.04949e-05 0.00991906 -0.0180709 9.11687e-05 -9.88485e-05 -0.0180709 0.088968 
0.00977316 -0.0180791 -9.81166e-05 5.72322e-05 -0.0180791 0.0895954 5.45371e-05 -1.24157e-05 -9.81166e-05 5.45371e-05 0.00996218 -0.0181546 5.72322e-05 -1.24157e-05 -0.0181546 0.0893183 
0.00976625 -0.0180571 -0.000107055 5.6181e-05 -0.0180571 0.0895102 4.97957e-05 3.42791e-05 -0.000107055 4.97957e-05 0.00996576 -0.0181592 5.6181e-05 3.42791e-05 -0.0181592 0.0893118 
0.00973723 -0.0180137 -0.000114856 7.16871e-05 -0.0180137 0.089286 6.52792e-05 1.77583e-05 -0.000114856 6.52792e-05 0.00995019 -0.0181254 7.16871e-05 1.77583e-05 -0.0181254 0.0891306 
0.00973583 -0.0180284 -0.000115535 7.77048e-05 -0.0180284 0.089379 7.56916e-05 -3.50115e-06 -0.000115535 7.56916e-05 0.00996344 -0.0181548 7.77048e-05 -3.50115e-06 -0.0181548 0.0892558 
0.00970963 -0.0180317 -0.000137286 7.4886e-05 -0.0180317 0.0894467 7.85348e-05 -1.21035e-05 -0.000137286 7.85348e-05 0.0100029 -0.0181771 7.4886e-05 -1.21035e-05 -0.0181771 0.0893667 
0.00970769 -0.0179747 -0.000155797 9.76575e-05 -0.0179747 0.0893246 0.000109265 -5.56668e-05 -0.000155797 0.000109265 0.00999232 -0.0182129 9.76575e-05 -5.56668e-05 -0.0182129 0.08942 
0.00969348 -0.0179159 -0.000147594 0.000125158 -0.0179159 0.0889794 0.00013919 -0.000130391 -0.000147594 0.00013919 0.00993456 -0.0181373 0.000125158 -0.000130391 -0.0181373 0.0891326 
0.00968692 -0.0179292 -0.000127972 0.000117883 -0.0179292 0.0889593 0.000124575 -0.000142262 -0.000127972 0.000124575 0.00994049 -0.0180997 0.000117883 -0.000142262 -0.0180997 0.0890441 
0.00970974 -0.0179604 -0.000124538 9.69682e-05 -0.0179604 0.0891295 9.08807e-05 -9.43775e-05 -0.000124538 9.08807e-05 0.00996539 -0.0181403 9.69682e-05 -9.43775e-05 -0.0181403 0.0891811 
0.00971847 -0.0179733 -0.000113524 9.01077e-05 -0.0179733 0.0891705 7.58294e-05 -4.46013e-05 -0.000113524 7.58294e-05 0.00998304 -0.0181595 9.01077e-05 -4.46013e-05 -0.0181595 0.0892334 
0.00969954 -0.0179352 -0.000129921 8.45072e-05 -0.0179352 0.0889636 6.92433e-05 -2.85642e-05 -0.000129921 6.92433e-05 0.00997593 -0.0181339 8.45072e-05 -2.85642e-05 -0.0181339 0.0890547 
0.0097105 -0.0179227 -0.000140146 0.000101229 -0.0179227 0.0888712 9.43322e-05 -5.5667e-05 -0.000140146 9.43322e-05 0.009945 -0.0181291 0.000101229 -5.5667e-05 -0.0181291 0.0889796 
0.00974762 -0.0179528 -0.000136365 0.000108204 -0.0179528 0.0889269 0.000108045 -8.56323e-05 -0.000136365 0.000108045 0.00990437 -0.0181111 0.000108204 -8.56323e-05 -0.0181111 0.0889712 
0.00975825 -0.0180272 -0.000128335 0.000100844 -0.0180272 0.0891482 0.000108762 -9.21941e-05 -0.000128335 0.000108762 0.00989386 -0.0180728 0.000100844 -9.21941e-05 -0.0180728 0.0889594 
0.00972305 -0.0180262 -0.000118868 9.06704e-05 -0.0180262 0.089187 0.000104948 -8.39236e-05 -0.000118868 0.000104948 0.00990325 -0.0180324 9.06704e-05 -8.39236e-05 -0.0180324 0.0888102 
0.00971504 -0.0179652 -0.000122064 7.5899e-05 -0.0179652 0.0890534 9.51876e-05 -5.99111e-05 -0.000122064 9.51876e-05 0.00988619 -0.018036 7.5899e-05 -5.99111e-05 -0.018036 0.0887234 
0.00970286 -0.017997 -0.000144105 7.88895e-05 -0.017997 0.0891992 9.64267e-05 -4.76609e-05 -0.000144105 9.64267e-05 0.00993656 -0.0180779 7.88895e-05 -4.76609e-05 -0.0180779 0.0889543 
0.0097028 -0.017979 -0.000149018 0.00010891 -0.017979 0.0892285 0.000120142 -8.67623e-05 -0.000149018 0.000120142 0.00996602 -0.0181311 0.00010891 -8.67623e-05 -0.0181311 0.0891154 
0.00970048 -0.0179938 -0.000157752 0.000115746 -0.0179938 0.0893284 0.000119106 -0.000108188 -0.000157752 0.000119106 0.00999537 -0.0181906 0.000115746 -0.000108188 -0.0181906 0.0893616 
0.00968338 -0.0179418 -0.000148246 0.000126408 -0.0179418 0.0891401 0.000122331 -0.000117606 -0.000148246 0.000122331 0.00997055 -0.0181805 0.000126408 -0.000117606 -0.0181805 0.0892999 
0.00963738 -0.0178359 -0.000115297 0.000129106 -0.0178359 0.0886092 0.000121042 -0.000139595 -0.000115297 0.000121042 0.00991428 -0.018068 0.000129106 -0.000139595 -0.018068 0.0888155 
0.00964355 -0.0178382 -0.000107083 8.72849e-05 -0.0178382 0.0885755 8.09933e-05 -8.38615e-05 -0.000107083 8.09933e-05 0.00991547 -0.0180565 8.72849e-05 -8.38615e-05 -0.0180565 0.0887659 
0.00960997 -0.0177654 -0.000100433 7.65648e-05 -0.0177654 0.0881858 7.09403e-05 -3.89791e-05 -0.000100433 7.09403e-05 0.00987426 -0.0179871 7.65648e-05 -3.89791e-05 -0.0179871 0.0883853 
0.00958037 -0.0177363 -7.66531e-05 7.14967e-05 -0.0177363 0.087968 6.62848e-05 -2.17047e-05 -7.66531e-05 6.62848e-05 0.00984106 -0.0179204 7.14967e-05 -2.17047e-05 -0.0179204 0.0880792 
0.00959503 -0.0177729 -6.84208e-05 3.98953e-05 -0.0177729 0.0881719 3.43399e-05 3.52247e-05 -6.84208e-05 3.43399e-05 0.00985684 -0.01796 3.98953e-05 3.52247e-05 -0.01796 0.0882527 
0.00960983 -0.0177991 -7.65485e-05 2.16009e-05 -0.0177991 0.0883285 1.85124e-05 9.96024e-05 -7.65485e-05 1.85124e-05 0.00986834 -0.0179876 2.16009e-05 9.96024e-05 -0.0179876 0.0884049 
0.00961432 -0.0178073 -8.74639e-05 2.46584e-05 -0.0178073 0.088389 3.10115e-05 0.000114176 -8.74639e-05 3.10115e-05 0.00988185 -0.0180037 2.46584e-05 0.000114176 -0.0180037 0.0884923 
0.00964842 -0.0178004 -9.09764e-05 3.56667e-05 -0.0178004 0.0883654 5.10654e-05 8.90225e-05 -9.09764e-05 5.10654e-05 0.00985105 -0.0180081 3.56667e-05 8.90225e-05 -0.0180081 0.0885003 
0.00969762 -0.0179029 -0.000103972 4.0331e-05 -0.0179029 0.0887249 5.64528e-05 7.05167e-05 -0.000103972 5.64528e-05 0.0098692 -0.0180376 4.0331e-05 7.05167e-05 -0.0180376 0.0887731 
0.00971109 -0.0179214 -0.000120115 6.43891e-05 -0.0179214 0.0887653 7.39476e-05 2.76235e-05 -0.000120115 7.39476e-05 0.00984901 -0.018002 6.43891e-05 2.76235e-05 -0.018002 0.0886615 
0.00973624 -0.0179717 -0.00012008 8.89853e-05 -0.0179717 0.0889717 9.14967e-05 -2.47956e-05 -0.00012008 9.14967e-05 0.00986174 -0.0180122 8.89853e-05 -2.47956e-05 -0.0180122 0.0887485 
0.00970963 -0.0179248 -0.00011065 8.99816e-05 -0.0179248 0.0887196 8.89269e-05 -4.78149e-05 -0.00011065 8.89269e-05 0.00982415 -0.0179417 8.99816e-05 -4.78149e-05 -0.0179417 0.0884035 
0.00971408 -0.0179499 -0.000112319 8.47702e-05 -0.0179499 0.0888346 8.12642e-05 -4.96274e-05 -0.000112319 8.12642e-05 0.00983013 -0.0179545 8.47702e-05 -4.96274e-05 -0.0179545 0.088468 
0.00969986 -0.0179343 -0.000118387 8.42607e-05 -0.0179343 0.0887845 8.04132e-05 -4.35905e-05 -0.000118387 8.04132e-05 0.00982668 -0.0179355 8.42607e-05 -4.35905e-05 -0.0179355 0.0883875 
0.00969099 -0.0179193 -0.00011674 9.04355e-05 -0.0179193 0.0887479 8.34718e-05 -4.51685e-05 -0.00011674 8.34718e-05 0.00982013 -0.0179337 9.04355e-05 -4.51685e-05 -0.0179337 0.0883591 
0.00968282 -0.017921 -0.000113241 8.92778e-05 -0.017921 0.0888146 8.58563e-05 -5.30135e-05 -0.000113241 8.58563e-05 0.00984344 -0.0179719 8.92778e-05 -5.30135e-05 -0.0179719 0.0885291 
0.00962918 -0.0178269 -0.000110037 8.20761e-05 -0.0178269 0.0884184 8.59203e-05 -5.16947e-05 -0.000110037 8.59203e-05 0.00984207 -0.0179187 8.20761e-05 -5.16947e-05 -0.0179187 0.0882442 
0.00961547 -0.017881 -0.000126087 7.58427e-05 -0.017881 0.0887303 8.12019e-05 -3.86024e-05 -0.000126087 8.12019e-05 0.00992937 -0.0180322 7.58427e-05 -3.86024e-05 -0.0180322 0.0886864 
0.00966029 -0.0179019 -0.000145241 9.82917e-05 -0.0179019 0.0890356 9.95397e-05 -6.62613e-05 -0.000145241 9.95397e-05 0.00996303 -0.0181791 9.82917e-05 -6.62613e-05 -0.0181791 0.0892452 
0.00968332 -0.0179004 -0.000153572 0.000119908 -0.0179004 0.0889833 0.000116819 -0.000108814 -0.000153572 0.000116819 0.00994249 -0.0181657 0.000119908 -0.000108814 -0.0181657 0.0893 
0.00970165 -0.0178886 -0.000145227 0.000128529 -0.0178886 0.0888205 0.000122901 -0.000134823 -0.000145227 0.000122901 0.00988652 -0.0180947 0.000128529 -0.000134823 -0.0180947 0.0890554 
0.0096873 -0.0179193 -0.000121439 0.000115082 -0.0179193 0.0888051 0.000109884 -0.00011782 -0.000121439 0.000109884 0.00985888 -0.0180067 0.000115082 -0.00011782 -0.0180067 0.088772 
0.00967312 -0.0178853 -0.000128195 9.22545e-05 -0.0178853 0.0887064 8.98103e-05 -8.38555e-05 -0.000128195 8.98103e-05 0.009841 -0.0179722 9.22545e-05 -8.38555e-05 -0.0179722 0.0885671 
0.00965912 -0.0178407 -0.000115999 9.6481e-05 -0.0178407 0.0884918 9.98267e-05 -7.73656e-05 -0.000115999 9.98267e-05 0.00981066 -0.0179241 9.6481e-05 -7.73656e-05 -0.0179241 0.0883236 
0.00959514 -0.0177603 -0.000111972 8.28626e-05 -0.0177603 0.0880471 8.9798e-05 -6.59872e-05 -0.000111972 8.9798e-05 0.00978179 -0.0178202 8.28626e-05 -6.59872e-05 -0.0178202 0.0878311 
0.00956133 -0.0177171 -0.000124563 8.15628e-05 -0.0177171 0.0878881 8.68548e-05 -5.96672e-05 -0.000124563 8.68548e-05 0.00978896 -0.0178171 8.15628e-05 -5.96672e-05 -0.0178171 0.0877059 
0.00955181 -0.0176794 -0.000129718 9.5712e-05 -0.0176794 0.0877585 9.66345e-05 -7.3579e-05 -0.000129718 9.66345e-05 0.00977274 -0.0178293 9.5712e-05 -7.3579e-05 -0.0178293 0.0876818 
0.00951867 -0.0176252 -0.000119068 0.000104413 -0.0176252 0.0874766 0.000102923 -9.43339e-05 -0.000119068 0.000102923 0.00975098 -0.017779 0.000104413 -9.43339e-05 -0.017779 0.087473 
0.00956992 -0.0176982 -9.89024e-05 9.40363e-05 -0.0176982 0.0878536 9.28015e-05 -8.81282e-05 -9.89024e-05 9.28015e-05 0.00976896 -0.0178687 9.40363e-05 -8.81282e-05 -0.0178687 0.0878961 
0.00959815 -0.0178088 -0.00011036 6.27743e-05 -0.0178088 0.0883724 6.92272e-05 -3.71069e-05 -0.00011036 6.92272e-05 0.00984049 -0.0179527 6.27743e-05 -3.71069e-05 -0.0179527 0.0884157 
0.00959408 -0.0178225 -0.000119669 7.36109e-05 -0.0178225 0.0885757 8.40342e-05 -2.85861e-05 -0.000119669 8.40342e-05 0.00989416 -0.0180244 7.36109e-05 -2.85861e-05 -0.0180244 0.0887081 
0.0095335 -0.0177233 -0.000139212 9.08457e-05 -0.0177233 0.0881931 9.96939e-05 -6.56739e-05 -0.000139212 9.96939e-05 0.00990822 -0.0179943 9.08457e-05 -6.56739e-05 -0.0179943 0.0884873 
0.00953759 -0.0176975 -0.000126504 0.000115594 -0.0176975 0.0881445 0.000120314 -0.000115762 -0.000126504 0.000120314 0.0099131 -0.0180571 0.000115594 -0.000115762 -0.0180571 0.0886459 
0.00953899 -0.0176745 -0.000111285 0.000107202 -0.0176745 0.0880042 0.000108018 -0.000129827 -0.000111285 0.000108018 0.00989558 -0.0180449 0.000107202 -0.000129827 -0.0180449 0.0886257 
0.0095382 -0.0176535 -7.92164e-05 9.34868e-05 -0.0176535 0.0878377 8.92094e-05 -0.00010412 -7.92164e-05 8.92094e-05 0.0098646 -0.0179949 9.34868e-05 -0.00010412 -0.0179949 0.0884414 
0.00952469 -0.017651 -7.74139e-05 4.97421e-05 -0.017651 0.0877703 4.21532e-05 -1.47516e-05 -7.74139e-05 4.21532e-05 0.00986283 -0.0179707 4.97421e-05 -1.47516e-05 -0.0179707 0.0883463 
0.00950639 -0.0176003 -8.40912e-05 4.01126e-05 -0.0176003 0.0875365 3.37243e-05 5.07246e-05 -8.40912e-05 3.37243e-05 0.00983447 -0.0179299 4.01126e-05 5.07246e-05 -0.0179299 0.0881109 
0.00952547 -0.0176165 -9.37737e-05 4.38189e-05 -0.0176165 0.0875698 4.29428e-05 6.40672e-05 -9.37737e-05 4.29428e-05 0.00980629 -0.0179249 4.38189e-05 6.40672e-05 -0.0179249 0.0881075 
0.00953007 -0.0175815 -0.000106129 5.66159e-05 -0.0175815 0.087328 6.04826e-05 3.82145e-05 -0.000106129 6.04826e-05 0.00973674 -0.0178295 5.66159e-05 3.82145e-05 -0.0178295 0.0877509 
0.00957037 -0.0176439 -0.000123715 7.81229e-05 -0.0176439 0.0875091 8.33407e-05 -1.6763e-05 -0.000123715 8.33407e-05 0.00971735 -0.0178035 7.81229e-05 -1.6763e-05 -0.0178035 0.0877426 
0.00959513 -0.0176672 -0.000109583 9.91203e-05 -0.0176672 0.0875268 0.000102244 -7.13308e-05 -0.000109583 0.000102244 0.00966792 -0.0177415 9.91203e-05 -7.13308e-05 -0.0177415 0.0875289 
0.00960336 -0.0177371 -0.000102338 8.89573e-05 -0.0177371 0.0877679 8.75925e-05 -8.14803e-05 -0.000102338 8.75925e-05 0.00967176 -0.0177178 8.89573e-05 -8.14803e-05 -0.0177178 0.0875275 
0.00960849 -0.0177377 -0.000100906 8.45175e-05 -0.0177377 0.0878376 8.22149e-05 -7.84609e-05 -0.000100906 8.22149e-05 0.00966443 -0.0177091 8.45175e-05 -7.84609e-05 -0.0177091 0.0874755 
0.00957473 -0.0177421 -0.000106658 7.87307e-05 -0.0177421 0.0878663 7.89437e-05 -6.50946e-05 -0.000106658 7.89437e-05 0.00970127 -0.0177017 7.87307e-05 -6.50946e-05 -0.0177017 0.087456 
0.00952816 -0.0176439 -9.62701e-05 8.21055e-05 -0.0176439 0.0875587 8.48341e-05 -6.54568e-05 -9.62701e-05 8.48341e-05 0.00970963 -0.0177109 8.21055e-05 -6.54568e-05 -0.0177109 0.087321 
0.00951162 -0.0176042 -9.44835e-05 6.80811e-05 -0.0176042 0.0874177 7.11936e-05 -4.50061e-05 -9.44835e-05 7.11936e-05 0.00972998 -0.0177498 6.80811e-05 -4.50061e-05 -0.0177498 0.0874093 
0.00953083 -0.0176114 -9.27363e-05 6.58184e-05 -0.0176114 0.0874476 7.00786e-05 -2.98499e-05 -9.27363e-05 7.00786e-05 0.00974049 -0.0177912 6.58184e-05 -2.98499e-05 -0.0177912 0.0875724 
0.00954326 -0.0176838 -0.000103985 6.66748e-05 -0.0176838 0.0877429 6.99463e-05 -2.78221e-05 -0.000103985 6.99463e-05 0.00979212 -0.0178527 6.66748e-05 -2.78221e-05 -0.0178527 0.0878957 
0.00953063 -0.017709 -0.000121448 7.81099e-05 -0.017709 0.0879379 8.05506e-05 -4.02312e-05 -0.000121448 8.05506e-05 0.0098555 -0.0179123 7.81099e-05 -4.02312e-05 -0.0179123 0.0881253 
0.00947667 -0.0176143 -0.000124049 9.80846e-05 -0.0176143 0.0875957 9.82346e-05 -7.49735e-05 -0.000124049 9.82346e-05 0.0098514 -0.0178976 9.80846e-05 -7.49735e-05 -0.0178976 0.0879118 
0.00951541 -0.0176493 -0.000118111 9.99787e-05 -0.0176493 0.087841 9.80509e-05 -8.70391e-05 -0.000118111 9.80509e-05 0.00986935 -0.0180011 9.99787e-05 -8.70391e-05 -0.0180011 0.0883314 
0.00951518 -0.0176508 -0.000110315 9.35687e-05 -0.0176508 0.0878047 9.1097e-05 -7.91524e-05 -0.000110315 9.1097e-05 0.0098578 -0.0179783 9.35687e-05 -7.91524e-05 -0.0179783 0.0883316 
0.00947537 -0.0175905 -9.73023e-05 8.45731e-05 -0.0175905 0.0875112 8.2413e-05 -6.04826e-05 -9.73023e-05 8.2413e-05 0.00984208 -0.0179096 8.45731e-05 -6.04826e-05 -0.0179096 0.0880294 
0.00944243 -0.0175347 -0.000105282 6.99465e-05 -0.0175347 0.0872605 6.72223e-05 -2.9369e-05 -0.000105282 6.72223e-05 0.0098279 -0.0178734 6.99465e-05 -2.9369e-05 -0.0178734 0.0877892 
0.00947597 -0.0175058 -9.17851e-05 8.19757e-05 -0.0175058 0.0871368 8.00352e-05 -3.74636e-05 -9.17851e-05 8.00352e-05 0.00976751 -0.0178707 8.19757e-05 -3.74636e-05 -0.0178707 0.0877263 
0.00952342 -0.01762 -7.04584e-05 6.30222e-05 -0.01762 0.087523 6.90635e-05 -2.36544e-05 -7.04584e-05 6.90635e-05 0.00977942 -0.0178894 6.30222e-05 -2.36544e-05 -0.0178894 0.0880221 
0.00954112 -0.017656 -4.891e-05 2.2524e-05 -0.017656 0.0876923 3.40069e-05 5.9274e-05 -4.891e-05 3.40069e-05 0.00976641 -0.017882 2.2524e-05 5.9274e-05 -0.017882 0.0880619 
0.00953717 -0.0176829 -6.08732e-05 -4.87305e-06 -0.0176829 0.0878254 4.37505e-06 0.000144827 -6.08732e-05 4.37505e-06 0.00977921 -0.0178664 -4.87305e-06 0.000144827 -0.0178664 0.0880778 
0.00955308 -0.0176851 -7.49203e-05 1.12417e-05 -0.0176851 0.0878989 1.92345e-05 0.000155072 -7.49203e-05 1.92345e-05 0.00978051 -0.0178747 1.12417e-05 0.000155072 -0.0178747 0.0880989 
0.00956094 -0.0176533 -7.79775e-05 4.08349e-05 -0.0176533 0.0877171 4.85012e-05 8.97192e-05 -7.79775e-05 4.85012e-05 0.00974631 -0.0178326 4.08349e-05 8.97192e-05 -0.0178326 0.0879026 
0.00955762 -0.0176727 -7.98318e-05 5.23625e-05 -0.0176727 0.0877127 5.82873e-05 3.33254e-05 -7.98318e-05 5.82873e-05 0.00974916 -0.0178115 5.23625e-05 3.33254e-05 -0.0178115 0.0878409 
0.00951664 -0.0176196 -9.71555e-05 5.74296e-05 -0.0176196 0.0874685 5.99794e-05 4.50203e-06 -9.71555e-05 5.99794e-05 0.00974551 -0.0177731 5.74296e-05 4.50203e-06 -0.0177731 0.0876018 
0.00948334 -0.0175429 -0.000114221 7.54078e-05 -0.0175429 0.0871348 7.20134e-05 -2.19866e-05 -0.000114221 7.20134e-05 0.00970459 -0.0177357 7.54078e-05 -2.19866e-05 -0.0177357 0.0873315 
0.00944019 -0.0174663 -0.000120482 9.9482e-05 -0.0174663 0.0867308 9.2499e-05 -7.10346e-05 -0.000120482 9.2499e-05 0.00966225 -0.0176486 9.9482e-05 -7.10346e-05 -0.0176486 0.0869481 
0.00941543 -0.0174416 -0.00012366 0.000108502 -0.0174416 0.0866047 0.000101006 -0.000108312 -0.00012366 0.000101006 0.0096611 -0.0176232 0.000108502 -0.000108312 -0.0176232 0.086816 
0.00940127 -0.0173797 -0.000109454 0.000115065 -0.0173797 0.0863463 0.000109483 -0.000139107 -0.000109454 0.000109483 0.00962955 -0.0175987 0.000115065 -0.000139107 -0.0175987 0.0866247 
0.00941233 -0.0173877 -9.08256e-05 9.60366e-05 -0.0173877 0.086333 9.28787e-05 -0.000122519 -9.08256e-05 9.28787e-05 0.00960685 -0.0175966 9.60366e-05 -0.000122519 -0.0175966 0.0866455 
0.00941456 -0.0174363 -8.96256e-05 6.73511e-05 -0.0174363 0.0865145 6.87465e-05 -6.59459e-05 -8.96256e-05 6.87465e-05 0.0096311 -0.0175984 6.73511e-05 -6.59459e-05 -0.0175984 0.086754 
0.00943088 -0.0174826 -0.000100815 6.1406e-05 -0.0174826 0.0868223 6.55096e-05 -3.00849e-05 -0.000100815 6.55096e-05 0.00966756 -0.0176711 6.1406e-05 -3.00849e-05 -0.0176711 0.0870616 
0.00946151 -0.0174837 -0.000100339 7.51594e-05 -0.0174837 0.0869085 7.59544e-05 -3.47174e-05 -0.000100339 7.59544e-05 0.00966739 -0.0177084 7.51594e-05 -3.47174e-05 -0.0177084 0.0872303 
0.00944568 -0.0174813 -0.000105587 7.45782e-05 -0.0174813 0.0868005 7.10211e-05 -3.39891e-05 -0.000105587 7.10211e-05 0.00964534 -0.0176543 7.45782e-05 -3.39891e-05 -0.0176543 0.0870602 
0.00941198 -0.0174035 -0.000100542 7.94761e-05 -0.0174035 0.0864444 7.33692e-05 -3.43585e-05 -0.000100542 7.33692e-05 0.00960191 -0.0175726 7.94761e-05 -3.43585e-05 -0.0175726 0.08666 
0.00940566 -0.0173363 -7.80926e-05 8.01681e-05 -0.0173363 0.086088 6.99305e-05 -3.98247e-05 -7.80926e-05 6.99305e-05 0.00953499 -0.0174926 8.01681e-05 -3.98247e-05 -0.0174926 0.0862703 
0.00944611 -0.0174012 -6.06485e-05 6.47874e-05 -0.0174012 0.0862593 5.28331e-05 -3.01679e-05 -6.06485e-05 5.28331e-05 0.00951404 -0.0174745 6.47874e-05 -3.01679e-05 -0.0174745 0.0862883 
0.00947778 -0.0174854 -6.19166e-05 4.36221e-05 -0.0174854 0.0865786 3.40912e-05 5.53257e-06 -6.19166e-05 3.40912e-05 0.00952037 -0.0174767 4.36221e-05 5.53257e-06 -0.0174767 0.0863974 
0.00947393 -0.0174684 -6.22894e-05 4.35667e-05 -0.0174684 0.0865094 4.07513e-05 1.23953e-05 -6.22894e-05 4.07513e-05 0.00951269 -0.0174349 4.35667e-05 1.23953e-05 -0.0174349 0.0862111 
0.00948732 -0.0175531 -5.46801e-05 4.55598e-05 -0.0175531 0.0869058 4.69261e-05 9.33536e-07 -5.46801e-05 4.69261e-05 0.00957342 -0.0175147 4.55598e-05 9.33536e-07 -0.0175147 0.0865592 
0.00949757 -0.0176328 -5.82696e-05 3.22824e-05 -0.0176328 0.0874239 3.57777e-05 1.71194e-05 -5.82696e-05 3.57777e-05 0.00967137 -0.0176562 3.22824e-05 1.71194e-05 -0.0176562 0.0871605 
