0.00693563 0 -6.31528e-05 0 0 0.00973198 0 0 -6.31528e-05 0 0.00682081 0 0 0 0 0.00973198 
0.00983263 -0.0121997 -4.51454e-05 5.58806e-05 -0.0121997 0.0323307 5.58806e-05 -0.000106891 -4.51454e-05 5.58806e-05 0.00967441 -0.0120139 5.58806e-05 -0.000106891 -0.0120139 0.0319742 
0.00978881 -0.0181867 -7.09082e-06 1.51158e-05 -0.0181867 0.0669977 1.51158e-05 -3.64802e-05 -7.09082e-06 1.51158e-05 0.00970769 -0.0181137 1.51158e-05 -3.64802e-05 -0.0181137 0.0668154 
0.00926771 -0.0177853 -1.62296e-05 -9.33911e-05 -0.0177853 0.0796639 -0.000101667 0.000502541 -1.62296e-05 -0.000101667 0.00917786 -0.0177907 -9.33911e-05 0.000502541 -0.0177907 0.0798514 
0.00931882 -0.0173048 -5.93383e-05 -8.33381e-05 -0.0173048 0.0832601 -0.000101054 0.000818365 -5.93383e-05 -0.000101054 0.0091682 -0.0172275 -8.33381e-05 0.000818365 -0.0172275 0.0832148 
0.00961104 -0.0176416 -6.49054e-05 5.33433e-06 -0.0176416 0.0862482 -1.65708e-05 0.00063688 -6.49054e-05 -1.65708e-05 0.00948684 -0.0174465 5.33433e-06 0.00063688 -0.0174465 0.0858241 
0.0095745 -0.017506 -6.11549e-05 3.87178e-05 -0.017506 0.0859625 1.77234e-05 0.000359057 -6.11549e-05 1.77234e-05 0.0094757 -0.0173502 3.87178e-05 0.000359057 -0.0173502 0.0854719 
0.00979722 -0.0178534 -6.26414e-05 4.29824e-05 -0.0178534 0.0878144 2.75272e-05 0.000205767 -6.26414e-05 2.75272e-05 0.00968233 -0.0177452 4.29824e-05 0.000205767 -0.0177452 0.0874275 
0.0096192 -0.0175443 -4.42196e-05 2.64954e-05 -0.0175443 0.0862648 1.9537e-05 0.00017244 -4.42196e-05 1.9537e-05 0.00950262 -0.0174338 2.64954e-05 0.00017244 -0.0174338 0.0859491 
0.00971336 -0.0177096 -3.76811e-05 -9.76637e-06 -0.0177096 0.0870788 -1.02498e-05 0.00023267 -3.76811e-05 -1.02498e-05 0.00958092 -0.0175776 -9.76637e-06 0.00023267 -0.0175776 0.0867232 
0.00985605 -0.0179686 -3.67418e-05 -2.19519e-05 -0.0179686 0.0883188 -2.01904e-05 0.000288427 -3.67418e-05 -2.01904e-05 0.00971717 -0.0178048 -2.19519e-05 0.000288427 -0.0178048 0.087871 
0.00980625 -0.0178816 -4.39072e-05 -2.25283e-05 -0.0178816 0.0878568 -2.02788e-05 0.000307415 -4.39072e-05 -2.02788e-05 0.00967331 -0.0177073 -2.25283e-05 0.000307415 -0.0177073 0.0873446 
0.00973875 -0.0178108 -2.9045e-05 -1.15674e-05 -0.0178108 0.087495 -1.18473e-05 0.000296918 -2.9045e-05 -1.18473e-05 0.0096591 -0.0176493 -1.15674e-05 0.000296918 -0.0176493 0.0869901 
0.00968671 -0.0177597 -7.96752e-06 -2.17695e-05 -0.0177597 0.0873352 -2.84148e-05 0.000304754 -7.96752e-06 -2.84148e-05 0.00967534 -0.0176555 -2.17695e-05 0.000304754 -0.0176555 0.0869151 
0.00965441 -0.0176902 1.17741e-05 -4.28117e-05 -0.0176902 0.0871307 -5.28339e-05 0.000342049 1.17741e-05 -5.28339e-05 0.00966494 -0.0176733 -4.28117e-05 0.000342049 -0.0176733 0.0868943 
0.00959441 -0.0176 1.0249e-05 -6.8857e-05 -0.0176 0.0867208 -7.657e-05 0.000397708 1.0249e-05 -7.657e-05 0.00965311 -0.0176132 -6.8857e-05 0.000397708 -0.0176132 0.0866244 
0.00958795 -0.0175693 1.69575e-05 -7.40826e-05 -0.0175693 0.0866554 -7.74667e-05 0.000433224 1.69575e-05 -7.74667e-05 0.00964698 -0.0176562 -7.40826e-05 0.000433224 -0.0176562 0.0867377 
0.00960621 -0.0176137 2.23032e-05 -7.56303e-05 -0.0176137 0.086886 -7.45205e-05 0.000429607 2.23032e-05 -7.45205e-05 0.00968496 -0.0177162 -7.56303e-05 0.000429607 -0.0177162 0.0870888 
0.00966432 -0.0177094 2.37428e-05 -7.66397e-05 -0.0177094 0.0873857 -7.24899e-05 0.00041694 2.37428e-05 -7.24899e-05 0.00972965 -0.0178267 -7.66397e-05 0.00041694 -0.0178267 0.0876392 
0.00970487 -0.0177304 1.29491e-05 -7.60049e-05 -0.0177304 0.0874834 -7.88782e-05 0.000415749 1.29491e-05 -7.88782e-05 0.00971908 -0.0178325 -7.60049e-05 0.000415749 -0.0178325 0.0877391 
0.00974958 -0.0178031 -1.10172e-05 -6.67428e-05 -0.0178031 0.0877171 -7.28228e-05 0.000410771 -1.10172e-05 -7.28228e-05 0.00970964 -0.0178326 -6.67428e-05 0.000410771 -0.0178326 0.0878404 
0.00978262 -0.0178324 -3.71474e-05 -4.17536e-05 -0.0178324 0.087776 -4.2121e-05 0.000365453 -3.71474e-05 -4.2121e-05 0.00966047 -0.0177807 -4.17536e-05 0.000365453 -0.0177807 0.0876874 
0.0097559 -0.0177987 -6.7228e-05 -1.46123e-05 -0.0177987 0.0875029 -9.18158e-06 0.000297523 -6.7228e-05 -9.18158e-06 0.00960622 -0.0176506 -1.46123e-05 0.000297523 -0.0176506 0.0871816 
0.00976352 -0.0177406 -0.000104703 3.12094e-05 -0.0177406 0.0872054 3.41704e-05 0.000190337 -0.000104703 3.41704e-05 0.00953385 -0.0175638 3.12094e-05 0.000190337 -0.0175638 0.0867459 
0.00978807 -0.0177594 -0.000116392 7.75907e-05 -0.0177594 0.0871293 8.11658e-05 7.12641e-05 -0.000116392 8.11658e-05 0.00948293 -0.0174972 7.75907e-05 7.12641e-05 -0.0174972 0.0865116 
0.00979658 -0.0178251 -9.62762e-05 8.66498e-05 -0.0178251 0.0873187 9.11414e-05 1.31249e-05 -9.62762e-05 9.11414e-05 0.0094848 -0.0174798 8.66498e-05 1.31249e-05 -0.0174798 0.086516 
0.0097758 -0.0178464 -6.62675e-05 5.57563e-05 -0.0178464 0.0874624 5.98089e-05 5.31114e-05 -6.62675e-05 5.98089e-05 0.00952197 -0.0174911 5.57563e-05 5.31114e-05 -0.0174911 0.0865663 
0.00978347 -0.0178622 -5.7698e-05 1.59493e-05 -0.0178622 0.0876602 1.8393e-05 0.000147382 -5.7698e-05 1.8393e-05 0.00957367 -0.0175627 1.59493e-05 0.000147382 -0.0175627 0.0868096 
0.00979576 -0.0178755 -6.50176e-05 2.05964e-06 -0.0178755 0.0877885 6.55623e-06 0.000213255 -6.50176e-05 6.55623e-06 0.0096128 -0.0176377 2.05964e-06 0.000213255 -0.0176377 0.0870751 
0.00978288 -0.0178276 -9.13822e-05 1.45349e-06 -0.0178276 0.087573 1.26692e-05 0.000238275 -9.13822e-05 1.26692e-05 0.00957825 -0.0176322 1.45349e-06 0.000238275 -0.0176322 0.0869978 
0.0097799 -0.0177981 -9.92802e-05 3.20437e-05 -0.0177981 0.0873957 4.61013e-05 0.000194733 -9.92802e-05 4.61013e-05 0.00954701 -0.0175847 3.20437e-05 0.000194733 -0.0175847 0.0868562 
0.00975936 -0.0177527 -0.000102896 4.88603e-05 -0.0177527 0.0871234 5.91891e-05 0.000140288 -0.000102896 5.91891e-05 0.00949727 -0.0175183 4.88603e-05 0.000140288 -0.0175183 0.0865754 
0.00970138 -0.0177033 -8.42279e-05 5.51661e-05 -0.0177033 0.0868464 6.21352e-05 0.000112996 -8.42279e-05 6.21352e-05 0.00947857 -0.0174392 5.51661e-05 0.000112996 -0.0174392 0.0862544 
0.00964821 -0.0176575 -5.67052e-05 2.65829e-05 -0.0176575 0.0867348 3.3828e-05 0.000155978 -5.67052e-05 3.3828e-05 0.00950226 -0.0174458 2.65829e-05 0.000155978 -0.0174458 0.0862139 
0.00981464 -0.0179579 -4.18844e-05 -1.05033e-05 -0.0179579 0.0883799 -3.00063e-06 0.000246446 -4.18844e-05 -3.00063e-06 0.00973833 -0.0178483 -1.05033e-05 0.000246446 -0.0178483 0.0880797 
0.009821 -0.0179146 -4.52804e-05 -2.58099e-05 -0.0179146 0.0882435 -1.76887e-05 0.00030189 -4.52804e-05 -1.76887e-05 0.00974354 -0.0179007 -2.58099e-05 0.00030189 -0.0179007 0.088207 
0.00964535 -0.0175714 -5.69578e-05 -1.92695e-05 -0.0175714 0.086468 -1.12207e-05 0.000300296 -5.69578e-05 -1.12207e-05 0.00954047 -0.0175554 -1.92695e-05 0.000300296 -0.0175554 0.086532 
0.00968313 -0.0175987 -6.70177e-05 -5.48431e-06 -0.0175987 0.0865059 -1.79202e-07 0.000280809 -6.70177e-05 -1.79202e-07 0.00951096 -0.0175346 -5.48431e-06 0.000280809 -0.0175346 0.086503 
0.00972906 -0.0176535 -7.81819e-05 1.02223e-05 -0.0176535 0.0866436 1.37133e-05 0.000245938 -7.81819e-05 1.37133e-05 0.00947406 -0.0175109 1.02223e-05 0.000245938 -0.0175109 0.0864862 
0.00977882 -0.0177942 -6.78632e-05 1.91181e-05 -0.0177942 0.0871936 2.19087e-05 0.000226251 -6.78632e-05 2.19087e-05 0.00949793 -0.0175394 1.91181e-05 0.000226251 -0.0175394 0.0867805 
0.00980575 -0.0178716 -8.42885e-05 9.30466e-06 -0.0178716 0.0876046 1.15389e-05 0.000231382 -8.42885e-05 1.15389e-05 0.00952111 -0.0175677 9.30466e-06 0.000231382 -0.0175677 0.0869777 
0.00978084 -0.0178171 -9.87502e-05 2.63347e-05 -0.0178171 0.0874112 3.0518e-05 0.000211315 -9.87502e-05 3.0518e-05 0.00948959 -0.0175109 2.63347e-05 0.000211315 -0.0175109 0.0867076 
0.00978173 -0.0178098 -0.000133328 4.37043e-05 -0.0178098 0.087383 4.81453e-05 0.000171857 -0.000133328 4.81453e-05 0.00948809 -0.0174923 4.37043e-05 0.000171857 -0.0174923 0.0866371 
0.00975924 -0.0178057 -0.000130227 9.1549e-05 -0.0178057 0.0873681 9.52979e-05 7.5123e-05 -0.000130227 9.52979e-05 0.00951978 -0.0175019 9.1549e-05 7.5123e-05 -0.0175019 0.0866482 
0.009757 -0.017759 -0.000119933 9.30909e-05 -0.017759 0.0872434 9.45404e-05 2.23415e-05 -0.000119933 9.45404e-05 0.0095224 -0.0175406 9.30909e-05 2.23415e-05 -0.0175406 0.0866941 
0.00975478 -0.0178212 -8.23621e-05 7.53587e-05 -0.0178212 0.087489 7.6396e-05 4.41659e-05 -8.23621e-05 7.6396e-05 0.00959957 -0.0176032 7.53587e-05 4.41659e-05 -0.0176032 0.0870205 
0.00972411 -0.0177366 -6.78967e-05 2.6683e-05 -0.0177366 0.0872087 3.01904e-05 0.000132865 -6.78967e-05 3.01904e-05 0.00960302 -0.0176242 2.6683e-05 0.000132865 -0.0176242 0.0869392 
0.00968563 -0.0176841 -5.4999e-05 -1.32566e-06 -0.0176841 0.0869548 1.14402e-06 0.000234668 -5.4999e-05 1.14402e-06 0.00961515 -0.017626 -1.32566e-06 0.000234668 -0.017626 0.0868856 
0.00969564 -0.0177279 -4.47692e-05 -1.04319e-05 -0.0177279 0.0872132 -1.28053e-05 0.000288814 -4.47692e-05 -1.28053e-05 0.00965765 -0.0177236 -1.04319e-05 0.000288814 -0.0177236 0.0872873 
0.00972012 -0.0177823 -4.46335e-05 -1.48893e-05 -0.0177823 0.0875492 -2.51786e-05 0.000315385 -4.46335e-05 -2.51786e-05 0.00970178 -0.0178066 -1.48893e-05 0.000315385 -0.0178066 0.0877095 
0.00969278 -0.0177534 -3.44328e-05 -1.45156e-05 -0.0177534 0.0874723 -2.63962e-05 0.000325321 -3.44328e-05 -2.63962e-05 0.00972178 -0.0178031 -1.45156e-05 0.000325321 -0.0178031 0.0877006 
0.00963785 -0.01759 -4.45559e-05 -2.09108e-05 -0.01759 0.0867577 -2.75908e-05 0.00031943 -4.45559e-05 -2.75908e-05 0.00964864 -0.0176986 -2.09108e-05 0.00031943 -0.0176986 0.0871004 
0.00962248 -0.0175206 -5.97269e-05 -1.33305e-05 -0.0175206 0.086327 -1.3533e-05 0.000303981 -5.97269e-05 -1.3533e-05 0.00957933 -0.017617 -1.33305e-05 0.000303981 -0.017617 0.0867179 
0.00963829 -0.017537 -7.34874e-05 3.84471e-06 -0.017537 0.0862795 6.52274e-06 0.00026468 -7.34874e-05 6.52274e-06 0.0095369 -0.0175694 3.84471e-06 0.00026468 -0.0175694 0.0865806 
0.00967807 -0.0176187 -6.87282e-05 2.16162e-05 -0.0176187 0.0865822 2.5479e-05 0.000216878 -6.87282e-05 2.5479e-05 0.00953805 -0.0175702 2.16162e-05 0.000216878 -0.0175702 0.0866983 
0.00973485 -0.0176941 -7.0461e-05 1.69866e-05 -0.0176941 0.0869161 2.2358e-05 0.000200679 -7.0461e-05 2.2358e-05 0.00953576 -0.0175965 1.69866e-05 0.000200679 -0.0175965 0.086877 
0.0097622 -0.0177696 -7.25774e-05 1.25715e-05 -0.0177696 0.087187 2.09228e-05 0.000208656 -7.25774e-05 2.09228e-05 0.00955451 -0.0175884 1.25715e-05 0.000208656 -0.0175884 0.0869454 
0.00978914 -0.0178355 -8.70916e-05 5.62029e-06 -0.0178355 0.0875104 1.88339e-05 0.000229057 -8.70916e-05 1.88339e-05 0.00958456 -0.0176332 5.62029e-06 0.000229057 -0.0176332 0.0871341 
0.00976707 -0.0177866 -0.000109492 2.175e-05 -0.0177866 0.0873078 3.62998e-05 0.00021236 -0.000109492 3.62998e-05 0.00956682 -0.0175982 2.175e-05 0.00021236 -0.0175982 0.0869218 
0.0097826 -0.0178287 -0.000108885 5.30308e-05 -0.0178287 0.0875231 6.37744e-05 0.000155585 -0.000108885 6.37744e-05 0.00958391 -0.017658 5.30308e-05 0.000155585 -0.017658 0.0871848 
0.00973237 -0.0177616 -7.75086e-05 5.38046e-05 -0.0177616 0.0872371 5.85599e-05 0.000132895 -7.75086e-05 5.85599e-05 0.00955924 -0.0176027 5.38046e-05 0.000132895 -0.0176027 0.0869533 
0.00968828 -0.0176828 -5.28551e-05 1.19205e-05 -0.0176828 0.0869332 1.12548e-05 0.000204905 -5.28551e-05 1.12548e-05 0.00953028 -0.0175589 1.19205e-05 0.000204905 -0.0175589 0.0867312 
0.00966255 -0.0176286 -4.94398e-05 -1.68884e-05 -0.0176286 0.0866998 -2.23952e-05 0.000294767 -4.94398e-05 -2.23952e-05 0.00951232 -0.0175124 -1.68884e-05 0.000294767 -0.0175124 0.0865357 
0.00965869 -0.0176429 -4.9826e-05 -1.82274e-05 -0.0176429 0.0867682 -2.38658e-05 0.000328362 -4.9826e-05 -2.38658e-05 0.00954346 -0.0175275 -1.82274e-05 0.000328362 -0.0175275 0.0866066 
0.00967617 -0.0176483 -6.36976e-05 -1.00028e-05 -0.0176483 0.0868449 -1.23438e-05 0.00030976 -6.36976e-05 -1.23438e-05 0.00953956 -0.0175723 -1.00028e-05 0.00030976 -0.0175723 0.0867357 
0.0097329 -0.0177361 -7.69264e-05 1.32749e-05 -0.0177361 0.0872473 1.01098e-05 0.000256237 -7.69264e-05 1.01098e-05 0.00954517 -0.0176393 1.32749e-05 0.000256237 -0.0176393 0.0871413 
0.00974244 -0.0176933 -0.000104751 3.70698e-05 -0.0176933 0.0869763 2.84361e-05 0.000187483 -0.000104751 2.84361e-05 0.00945669 -0.0175171 3.70698e-05 0.000187483 -0.0175171 0.086715 
0.00970925 -0.0176765 -0.000104237 6.68684e-05 -0.0176765 0.0867258 5.68818e-05 0.000118938 -0.000104237 5.68818e-05 0.00941222 -0.0173703 6.68684e-05 0.000118938 -0.0173703 0.0861751 
0.0098692 -0.0180358 -8.96769e-05 5.64096e-05 -0.0180358 0.0885041 5.35863e-05 0.000113325 -8.96769e-05 5.35863e-05 0.00962562 -0.0177005 5.64096e-05 0.000113325 -0.0177005 0.0877613 
0.00982816 -0.0179681 -8.13104e-05 2.75979e-05 -0.0179681 0.0883188 3.49844e-05 0.000157779 -8.13104e-05 3.49844e-05 0.00962432 -0.017708 2.75979e-05 0.000157779 -0.017708 0.0876412 
0.00980532 -0.0178503 -7.82653e-05 1.84346e-05 -0.0178503 0.0878454 3.30198e-05 0.00018181 -7.82653e-05 3.30198e-05 0.00957612 -0.0176718 1.84346e-05 0.00018181 -0.0176718 0.0873861 
0.00979825 -0.0178623 -8.39542e-05 1.64567e-05 -0.0178623 0.0877863 3.12913e-05 0.000189927 -8.39542e-05 3.12913e-05 0.0095755 -0.0176577 1.64567e-05 0.000189927 -0.0176577 0.0873904 
0.00977659 -0.0178695 -7.04433e-05 2.87293e-05 -0.0178695 0.0878198 3.78317e-05 0.000174227 -7.04433e-05 3.78317e-05 0.00960586 -0.0176648 2.87293e-05 0.000174227 -0.0176648 0.087426 
0.00976685 -0.0178385 -6.08994e-05 1.97355e-05 -0.0178385 0.0877707 1.93983e-05 0.000183284 -6.08994e-05 1.93983e-05 0.00959759 -0.0176989 1.97355e-05 0.000183284 -0.0176989 0.087483 
0.00974782 -0.0178116 -4.95724e-05 7.23117e-06 -0.0178116 0.0876405 2.58679e-06 0.000215539 -4.95724e-05 2.58679e-06 0.00957076 -0.0176645 7.23117e-06 0.000215539 -0.0176645 0.0873848 
0.00973621 -0.0177856 -5.46906e-05 -9.65542e-06 -0.0177856 0.0875473 -1.45758e-05 0.000258627 -5.46906e-05 -1.45758e-05 0.00954472 -0.0176356 -9.65542e-06 0.000258627 -0.0176356 0.0872978 
0.00973561 -0.0177487 -7.92871e-05 -1.0213e-06 -0.0177487 0.0873765 -9.07688e-06 0.000263476 -7.92871e-05 -9.07688e-06 0.00950821 -0.0175807 -1.0213e-06 0.000263476 -0.0175807 0.0870963 
0.00971782 -0.0177186 -9.84488e-05 2.90152e-05 -0.0177186 0.0871605 1.75305e-05 0.000220355 -9.84488e-05 1.75305e-05 0.00946867 -0.0175083 2.90152e-05 0.000220355 -0.0175083 0.0868049 
0.00969053 -0.0177289 -9.53119e-05 5.87316e-05 -0.0177289 0.0871727 5.04381e-05 0.000139003 -9.53119e-05 5.04381e-05 0.00949094 -0.0174775 5.87316e-05 0.000139003 -0.0174775 0.0866985 
0.00964572 -0.017683 -6.80177e-05 5.50755e-05 -0.017683 0.0870659 5.21656e-05 0.00010255 -6.80177e-05 5.21656e-05 0.00952566 -0.0174947 5.50755e-05 0.00010255 -0.0174947 0.0866436 
0.00958319 -0.0175746 -5.10584e-05 2.76619e-05 -0.0175746 0.0866646 2.35407e-05 0.000128033 -5.10584e-05 2.35407e-05 0.00953907 -0.0174894 2.76619e-05 0.000128033 -0.0174894 0.086447 
0.00956735 -0.0175332 -3.68686e-05 1.06502e-05 -0.0175332 0.0865249 -1.76203e-06 0.000176538 -3.68686e-05 -1.76203e-06 0.00956111 -0.0175321 1.06502e-05 0.000176538 -0.0175321 0.0865164 
0.00957495 -0.017529 -2.21748e-05 -2.71e-06 -0.017529 0.0865056 -1.67926e-05 0.000215304 -2.21748e-05 -1.67926e-05 0.0095682 -0.0175731 -2.71e-06 0.000215304 -0.0175731 0.0866471 
0.00963223 -0.017589 -3.03603e-05 -2.6092e-05 -0.017589 0.0867556 -3.32581e-05 0.000262772 -3.03603e-05 -3.32581e-05 0.00957119 -0.0176277 -2.6092e-05 0.000262772 -0.0176277 0.0869345 
0.00966165 -0.0176754 -2.24162e-05 -1.76046e-05 -0.0176754 0.0870548 -2.23214e-05 0.000269663 -2.24162e-05 -2.23214e-05 0.00958039 -0.0176383 -1.76046e-05 0.000269663 -0.0176383 0.0871065 
0.0096603 -0.0176622 -2.79634e-05 -2.42218e-05 -0.0176622 0.0869849 -2.94011e-05 0.000272093 -2.79634e-05 -2.94011e-05 0.00954785 -0.017578 -2.42218e-05 0.000272093 -0.017578 0.0868647 
0.0096501 -0.0176295 -4.25217e-05 -1.59142e-05 -0.0176295 0.0868051 -1.9431e-05 0.000260194 -4.25217e-05 -1.9431e-05 0.0095165 -0.0175192 -1.59142e-05 0.000260194 -0.0175192 0.0865945 
0.00966716 -0.0176777 -6.40807e-05 5.22811e-06 -0.0176777 0.0869931 4.54476e-06 0.000211744 -6.40807e-05 4.54476e-06 0.00953381 -0.0175353 5.22811e-06 0.000211744 -0.0175353 0.0866885 
0.00970209 -0.0177642 -7.54424e-05 3.2812e-05 -0.0177642 0.0874355 3.04124e-05 0.000147662 -7.54424e-05 3.04124e-05 0.00959425 -0.0176273 3.2812e-05 0.000147662 -0.0176273 0.0871056 
0.00974139 -0.0178429 -8.33629e-05 4.36349e-05 -0.0178429 0.0878909 3.82229e-05 0.000112893 -8.33629e-05 3.82229e-05 0.00964497 -0.0177489 4.36349e-05 0.000112893 -0.0177489 0.0876384 
0.00977016 -0.0178456 -8.85143e-05 5.31689e-05 -0.0178456 0.0879666 4.27584e-05 9.18595e-05 -8.85143e-05 4.27584e-05 0.00963372 -0.0177794 5.31689e-05 9.18595e-05 -0.0177794 0.0878138 
0.00977462 -0.0178207 -0.000100745 6.08677e-05 -0.0178207 0.0877788 5.53256e-05 6.49419e-05 -0.000100745 5.53256e-05 0.00958318 -0.0177136 6.08677e-05 6.49419e-05 -0.0177136 0.0876124 
0.00979537 -0.0179217 -9.1686e-05 6.25978e-05 -0.0179217 0.0881594 6.73474e-05 5.6329e-05 -9.1686e-05 6.73474e-05 0.00964005 -0.017731 6.25978e-05 5.6329e-05 -0.017731 0.0878329 
0.00979353 -0.0179375 -8.8759e-05 4.89544e-05 -0.0179375 0.0883211 6.10738e-05 6.67171e-05 -8.8759e-05 6.10738e-05 0.00968768 -0.0177813 4.89544e-05 6.67171e-05 -0.0177813 0.0879595 
0.00979512 -0.0178969 -9.63659e-05 4.39996e-05 -0.0178969 0.088199 5.70021e-05 8.29453e-05 -9.63659e-05 5.70021e-05 0.00968004 -0.0178034 4.39996e-05 8.29453e-05 -0.0178034 0.087942 
0.00974591 -0.0177938 -8.70956e-05 5.9569e-05 -0.0177938 0.0876343 7.0531e-05 5.69829e-05 -8.70956e-05 7.0531e-05 0.0096291 -0.0176958 5.9569e-05 5.69829e-05 -0.0176958 0.0874286 
0.00973045 -0.0177433 -7.57649e-05 5.24125e-05 -0.0177433 0.0873412 5.93131e-05 5.47563e-05 -7.57649e-05 5.93131e-05 0.00958877 -0.01765 5.24125e-05 5.47563e-05 -0.01765 0.0871628 
0.00971332 -0.0176891 -5.80349e-05 4.12007e-05 -0.0176891 0.0869956 4.34372e-05 7.93272e-05 -5.80349e-05 4.34372e-05 0.00952379 -0.017564 4.12007e-05 7.93272e-05 -0.017564 0.086776 
0.00970656 -0.0177594 -3.8877e-05 1.14453e-05 -0.0177594 0.0872461 1.20294e-05 0.000149958 -3.8877e-05 1.20294e-05 0.00955695 -0.0175728 1.14453e-05 0.000149958 -0.0175728 0.0869055 
0.00973022 -0.0177859 -4.61727e-05 -1.27778e-05 -0.0177859 0.0875099 -1.21285e-05 0.00022052 -4.61727e-05 -1.21285e-05 0.00959401 -0.0176438 -1.27778e-05 0.00022052 -0.0176438 0.0871722 
0.00977005 -0.0178038 -7.42848e-05 -1.71618e-06 -0.0178038 0.0876138 -3.40823e-06 0.000232514 -7.42848e-05 -3.40823e-06 0.0096087 -0.0176832 -1.71618e-06 0.000232514 -0.0176832 0.0873366 
0.00980446 -0.0179375 -7.36028e-05 3.14045e-05 -0.0179375 0.0881493 2.79446e-05 0.000187722 -7.36028e-05 2.79446e-05 0.00968915 -0.0177804 3.14045e-05 0.000187722 -0.0177804 0.0878308 
0.00958527 -0.0175866 -6.41782e-05 2.71917e-05 -0.0175866 0.0865236 2.28468e-05 0.000170401 -6.41782e-05 2.28468e-05 0.00953104 -0.0174795 2.71917e-05 0.000170401 -0.0174795 0.0862433 
0.00959943 -0.0175606 -5.29395e-05 1.7443e-05 -0.0175606 0.0865638 1.4344e-05 0.000185092 -5.29395e-05 1.4344e-05 0.00953442 -0.0175387 1.7443e-05 0.000185092 -0.0175387 0.0864601 
0.00957971 -0.0175268 -3.62595e-05 1.82378e-06 -0.0175268 0.0863676 4.95706e-07 0.000215679 -3.62595e-05 4.95706e-07 0.00952492 -0.0174965 1.82378e-06 0.000215679 -0.0174965 0.086337 
0.0096121 -0.0175247 -3.17516e-05 -1.77137e-05 -0.0175247 0.0863694 -1.67281e-05 0.000255127 -3.17516e-05 -1.67281e-05 0.00950503 -0.017512 -1.77137e-05 0.000255127 -0.017512 0.0863852 
0.00963398 -0.0175443 -3.13557e-05 -2.08479e-05 -0.0175443 0.0863323 -1.84889e-05 0.000272877 -3.13557e-05 -1.84889e-05 0.00947002 -0.0174638 -2.08479e-05 0.000272877 -0.0174638 0.0862604 
0.00986089 -0.0179517 -3.88543e-05 -2.46606e-05 -0.0179517 0.0882142 -1.80135e-05 0.000285902 -3.88543e-05 -1.80135e-05 0.00964337 -0.0177796 -2.46606e-05 0.000285902 -0.0177796 0.0879259 
0.00985878 -0.0179595 -6.03641e-05 -2.27068e-05 -0.0179595 0.0881654 -1.77021e-05 0.000293872 -6.03641e-05 -1.77021e-05 0.00961724 -0.0177145 -2.27068e-05 0.000293872 -0.0177145 0.0876558 
0.00986585 -0.0179923 -7.9473e-05 5.41375e-06 -0.0179923 0.0882968 3.34008e-06 0.000263305 -7.9473e-05 3.34008e-06 0.00962422 -0.017711 5.41375e-06 0.000263305 -0.017711 0.0876321 
0.0098503 -0.0180182 -8.30912e-05 3.20776e-05 -0.0180182 0.0884453 2.68936e-05 0.00020557 -8.30912e-05 2.68936e-05 0.00965016 -0.0177371 3.20776e-05 0.00020557 -0.0177371 0.0877254 
0.00983468 -0.0179951 -8.65006e-05 3.88513e-05 -0.0179951 0.0884694 3.79868e-05 0.000161403 -8.65006e-05 3.79868e-05 0.00967364 -0.0177755 3.88513e-05 0.000161403 -0.0177755 0.0878434 
0.00980902 -0.0179203 -7.0469e-05 4.35306e-05 -0.0179203 0.0882021 4.83452e-05 0.000129482 -7.0469e-05 4.83452e-05 0.00965746 -0.0177754 4.35306e-05 0.000129482 -0.0177754 0.0877788 
0.00980621 -0.017893 -6.40725e-05 2.47986e-05 -0.017893 0.0880624 2.99292e-05 0.000143347 -6.40725e-05 2.99292e-05 0.00964308 -0.0177681 2.47986e-05 0.000143347 -0.0177681 0.0877709 
0.00976639 -0.0178242 -6.63371e-05 9.66508e-06 -0.0178242 0.0876728 1.46679e-05 0.000186313 -6.63371e-05 1.46679e-05 0.00961259 -0.0176795 9.66508e-06 0.000186313 -0.0176795 0.0873889 
0.00975915 -0.0178168 -5.32613e-05 1.38111e-05 -0.0178168 0.0876225 1.8892e-05 0.000195944 -5.32613e-05 1.8892e-05 0.00961407 -0.0176808 1.38111e-05 0.000195944 -0.0176808 0.0873459 
0.00977053 -0.0178672 -4.82761e-05 -2.9035e-06 -0.0178672 0.087871 3.91812e-08 0.00022767 -4.82761e-05 3.91812e-08 0.00965398 -0.0177418 -2.9035e-06 0.00022767 -0.0177418 0.0876193 
0.00979951 -0.0178679 -7.68318e-05 -1.01687e-05 -0.0178679 0.0879315 -1.1184e-05 0.000262291 -7.68318e-05 -1.1184e-05 0.0096283 -0.0177705 -1.01687e-05 0.000262291 -0.0177705 0.0877255 
0.00982044 -0.0179008 -9.8509e-05 2.69343e-05 -0.0179008 0.0879974 2.46298e-05 0.000214942 -9.8509e-05 2.46298e-05 0.00959768 -0.017734 2.69343e-05 0.000214942 -0.017734 0.0877046 
0.00983505 -0.0179555 -9.95607e-05 4.97961e-05 -0.0179555 0.0882279 4.77743e-05 0.000157464 -9.95607e-05 4.77743e-05 0.00960976 -0.0177341 4.97961e-05 0.000157464 -0.0177341 0.0878114 
0.00965203 -0.0176028 -9.94218e-05 5.39555e-05 -0.0176028 0.0865501 5.75348e-05 0.000110469 -9.94218e-05 5.75348e-05 0.0094062 -0.0173901 5.39555e-05 0.000110469 -0.0173901 0.0861052 
0.00971271 -0.0176569 -0.000120087 5.44367e-05 -0.0176569 0.0868105 6.33942e-05 9.00655e-05 -0.000120087 6.33942e-05 0.00939787 -0.017423 5.44367e-05 9.00655e-05 -0.017423 0.0863449 
0.00973404 -0.0177083 -0.000129586 8.20493e-05 -0.0177083 0.0869327 9.25196e-05 3.48431e-05 -0.000129586 9.25196e-05 0.00938641 -0.0173814 8.20493e-05 3.48431e-05 -0.0173814 0.0863017 
0.00973738 -0.0177287 -0.000127758 9.65361e-05 -0.0177287 0.0869975 0.000102192 -1.25513e-05 -0.000127758 0.000102192 0.00938268 -0.0173499 9.65361e-05 -1.25513e-05 -0.0173499 0.0861925 
0.00971338 -0.0177013 -0.000124644 8.83741e-05 -0.0177013 0.0868739 9.15622e-05 -6.23781e-06 -0.000124644 9.15622e-05 0.00937713 -0.0173145 8.83741e-05 -6.23781e-06 -0.0173145 0.0859901 
0.00965812 -0.0176373 -0.000133132 7.90662e-05 -0.0176373 0.0865996 8.37645e-05 1.98728e-05 -0.000133132 8.37645e-05 0.009381 -0.017276 7.90662e-05 1.98728e-05 -0.017276 0.0857344 
0.00980573 -0.0179158 -0.000113401 8.57072e-05 -0.0179158 0.0880733 9.32008e-05 2.72166e-05 -0.000113401 9.32008e-05 0.00958543 -0.0176292 8.57072e-05 2.72166e-05 -0.0176292 0.0873459 
0.00975036 -0.017832 -8.54217e-05 6.11896e-05 -0.017832 0.0877312 6.87798e-05 5.94349e-05 -8.54217e-05 6.87798e-05 0.00959995 -0.0176307 6.11896e-05 5.94349e-05 -0.0176307 0.0872241 
0.00971956 -0.017804 -6.95219e-05 2.72166e-05 -0.017804 0.0876762 3.30797e-05 0.000135201 -6.95219e-05 3.30797e-05 0.00964797 -0.0177011 2.72166e-05 0.000135201 -0.0177011 0.0874339 
0.00973608 -0.0178338 -6.3765e-05 1.20386e-05 -0.0178338 0.0879277 1.63166e-05 0.000189743 -6.3765e-05 1.63166e-05 0.00971396 -0.0178316 1.20386e-05 0.000189743 -0.0178316 0.0879599 
0.00971954 -0.0177414 -7.4782e-05 8.73105e-06 -0.0177414 0.0875344 1.0453e-05 0.000211944 -7.4782e-05 1.0453e-05 0.00969112 -0.0178124 8.73105e-06 0.000211944 -0.0178124 0.0878096 
0.0097283 -0.0177339 -9.06837e-05 2.83623e-05 -0.0177339 0.08739 2.44746e-05 0.000186102 -9.06837e-05 2.44746e-05 0.00966407 -0.0177927 2.83623e-05 0.000186102 -0.0177927 0.0877324 
0.00974213 -0.0177725 -8.96514e-05 5.33581e-05 -0.0177725 0.0874816 4.50239e-05 0.000132955 -8.96514e-05 4.50239e-05 0.00965709 -0.0177848 5.33581e-05 0.000132955 -0.0177848 0.0877581 
0.0097459 -0.0177601 -9.01043e-05 5.24225e-05 -0.0177601 0.0873948 4.34315e-05 0.000112776 -9.01043e-05 4.34315e-05 0.00961864 -0.0177404 5.24225e-05 0.000112776 -0.0177404 0.0875802 
0.00971541 -0.0177116 -8.20535e-05 4.45739e-05 -0.0177116 0.0870946 3.78412e-05 0.00012866 -8.20535e-05 3.78412e-05 0.00956001 -0.017639 4.45739e-05 0.00012866 -0.017639 0.0871593 
0.00968738 -0.0177427 -6.53531e-05 3.70442e-05 -0.0177427 0.0872108 3.19518e-05 0.000144691 -6.53531e-05 3.19518e-05 0.00956887 -0.0176123 3.70442e-05 0.000144691 -0.0176123 0.0871015 
0.00966802 -0.0177013 -7.67676e-05 2.3127e-05 -0.0177013 0.0871733 1.68435e-05 0.000164329 -7.67676e-05 1.68435e-05 0.00956557 -0.0176134 2.3127e-05 0.000164329 -0.0176134 0.0870496 
0.00968282 -0.0176924 -8.96967e-05 3.81856e-05 -0.0176924 0.087193 3.1638e-05 0.00014972 -8.96967e-05 3.1638e-05 0.00954833 -0.0176273 3.81856e-05 0.00014972 -0.0176273 0.0871183 
0.00971156 -0.0177311 -9.85334e-05 5.44654e-05 -0.0177311 0.0873458 5.22587e-05 0.000104209 -9.85334e-05 5.22587e-05 0.00954867 -0.0176342 5.44654e-05 0.000104209 -0.0176342 0.0872516 
0.00970796 -0.0177781 -8.39638e-05 5.99849e-05 -0.0177781 0.0875214 6.31626e-05 7.34388e-05 -8.39638e-05 6.31626e-05 0.00957421 -0.01763 5.99849e-05 7.34388e-05 -0.01763 0.08731 
0.00967454 -0.0177089 -8.63557e-05 4.35148e-05 -0.0177089 0.0872745 4.37536e-05 8.89095e-05 -8.63557e-05 4.37536e-05 0.00956402 -0.0175916 4.35148e-05 8.89095e-05 -0.0175916 0.0870504 
0.00968123 -0.0177235 -9.12069e-05 4.34314e-05 -0.0177235 0.0873708 4.21901e-05 0.000107553 -9.12069e-05 4.21901e-05 0.009596 -0.0176392 4.34314e-05 0.000107553 -0.0176392 0.0872125 
0.00968761 -0.0177315 -6.75562e-05 4.10218e-05 -0.0177315 0.0874586 4.41813e-05 0.000120384 -6.75562e-05 4.41813e-05 0.00962045 -0.0177088 4.10218e-05 0.000120384 -0.0177088 0.0874648 
0.0096716 -0.0176526 -7.4739e-05 5.50357e-06 -0.0176526 0.0870921 1.43282e-05 0.000177624 -7.4739e-05 1.43282e-05 0.00958526 -0.0176608 5.50357e-06 0.000177624 -0.0176608 0.0872314 
0.0096603 -0.0175802 -9.03737e-05 1.29162e-05 -0.0175802 0.0866441 2.51953e-05 0.000192452 -9.03737e-05 2.51953e-05 0.00951548 -0.0175727 1.29162e-05 0.000192452 -0.0175727 0.0868217 
0.00965324 -0.017618 -7.85438e-05 3.08042e-05 -0.017618 0.0866605 4.41949e-05 0.000166229 -7.85438e-05 4.41949e-05 0.00950703 -0.01753 3.08042e-05 0.000166229 -0.01753 0.086714 
0.00967121 -0.0176727 -7.06595e-05 2.5557e-05 -0.0176727 0.0869569 3.44638e-05 0.000156727 -7.06595e-05 3.44638e-05 0.00954237 -0.0175786 2.5557e-05 0.000156727 -0.0175786 0.0869371 
0.00968808 -0.0176987 -8.17962e-05 2.12792e-05 -0.0176987 0.087128 2.1053e-05 0.000171401 -8.17962e-05 2.1053e-05 0.00956548 -0.0176176 2.12792e-05 0.000171401 -0.0176176 0.0870979 
0.00971405 -0.0177114 -0.000105526 4.28233e-05 -0.0177114 0.0871945 3.54753e-05 0.000143882 -0.000105526 3.54753e-05 0.00956584 -0.0176328 4.28233e-05 0.000143882 -0.0176328 0.087158 
0.00978355 -0.0178892 -0.000106717 7.63869e-05 -0.0178892 0.0879781 6.68077e-05 7.47419e-05 -0.000106717 6.68077e-05 0.00964727 -0.0177679 7.63869e-05 7.47419e-05 -0.0177679 0.0878581 
