0.00680811 0 5.3437e-05 0 0 0.00974884 0 0 5.3437e-05 0 0.00695339 0 0 0 0 0.00974884 
0.00969316 -0.0120302 8.55604e-05 -0.0001031 -0.0120302 0.0320209 -0.0001031 0.000196897 8.55604e-05 -0.0001031 0.00982157 -0.0121914 -0.0001031 0.000196897 -0.0121914 0.032331 
0.00994648 -0.0184702 5.16243e-05 -0.000104365 -0.0184702 0.0681467 -0.000104365 0.000319314 5.16243e-05 -0.000104365 0.0100389 -0.0186634 -0.000104365 0.000319314 -0.0186634 0.0687633 
0.00941095 -0.0181855 3.734e-05 -6.86368e-05 -0.0181855 0.0815514 -5.78717e-05 0.000273611 3.734e-05 -5.78717e-05 0.00946937 -0.018158 -6.86368e-05 0.000273611 -0.018158 0.0812779 
0.00917755 -0.0172459 3.95144e-05 -8.21209e-05 -0.0172459 0.0833197 -4.83134e-05 0.000332124 3.95144e-05 -4.83134e-05 0.0092382 -0.017135 -8.21209e-05 0.000332124 -0.017135 0.0822336 
0.00949019 -0.0175565 3.90098e-05 -8.02082e-05 -0.0175565 0.0864214 -4.10182e-05 0.000319103 3.90098e-05 -4.10182e-05 0.0095808 -0.0174887 -8.02082e-05 0.000319103 -0.0174887 0.0853095 
0.00947486 -0.017418 5.5061e-05 -6.45826e-05 -0.017418 0.0860308 -4.05211e-05 0.000257113 5.5061e-05 -4.05211e-05 0.00956072 -0.0174239 -6.45826e-05 0.000257113 -0.0174239 0.0852696 
0.00972572 -0.0178828 8.28858e-05 -7.23205e-05 -0.0178828 0.0883014 -6.62105e-05 0.000240385 8.28858e-05 -6.62105e-05 0.00981307 -0.0178782 -7.23205e-05 0.000240385 -0.0178782 0.0877151 
0.00955145 -0.0174804 8.58796e-05 -9.28893e-05 -0.0174804 0.0863437 -9.92311e-05 0.000266572 8.58796e-05 -9.92311e-05 0.00956478 -0.0174732 -9.28893e-05 0.000266572 -0.0174732 0.0858416 
0.00966459 -0.0176834 5.79198e-05 -9.4975e-05 -0.0176834 0.0871464 -0.000105966 0.000285976 5.79198e-05 -0.000105966 0.00962812 -0.0175608 -9.4975e-05 0.000285976 -0.0175608 0.0864503 
0.00979795 -0.0179759 5.27332e-05 -6.35344e-05 -0.0179759 0.0884537 -7.35449e-05 0.000245227 5.27332e-05 -7.35449e-05 0.00975384 -0.0177589 -6.35344e-05 0.000245227 -0.0177589 0.0874545 
0.00972627 -0.0178848 7.84907e-05 -5.74726e-05 -0.0178848 0.0880442 -6.05349e-05 0.000201519 7.84907e-05 -6.05349e-05 0.00969689 -0.0176644 -5.74726e-05 0.000201519 -0.0176644 0.0869197 
0.00966329 -0.0177534 8.01029e-05 -9.23337e-05 -0.0177534 0.087502 -8.939e-05 0.000237123 8.01029e-05 -8.939e-05 0.00964504 -0.0175713 -9.23337e-05 0.000237123 -0.0175713 0.0864292 
0.00966378 -0.0177203 4.82154e-05 -9.90889e-05 -0.0177203 0.087356 -9.27217e-05 0.000271944 4.82154e-05 -9.27217e-05 0.0096219 -0.0175676 -9.90889e-05 0.000271944 -0.0175676 0.0863796 
0.00965206 -0.0177169 2.3907e-05 -6.1917e-05 -0.0177169 0.0872572 -5.53408e-05 0.000226291 2.3907e-05 -5.53408e-05 0.00960597 -0.0175277 -6.1917e-05 0.000226291 -0.0175277 0.0862581 
0.00963709 -0.0177479 4.41756e-05 -2.91508e-05 -0.0177479 0.0874075 -2.51175e-05 0.00014846 4.41756e-05 -2.51175e-05 0.00964409 -0.0175511 -2.91508e-05 0.00014846 -0.0175511 0.0863758 
0.00960289 -0.0176722 5.03073e-05 -4.5383e-05 -0.0176722 0.0871695 -4.7452e-05 0.000138637 5.03073e-05 -4.7452e-05 0.00964039 -0.0175506 -4.5383e-05 0.000138637 -0.0175506 0.0862605 
0.00958712 -0.0176576 4.18012e-05 -4.70866e-05 -0.0176576 0.0871378 -5.48039e-05 0.0001484 4.18012e-05 -5.48039e-05 0.00964393 -0.0175866 -4.70866e-05 0.0001484 -0.0175866 0.0863915 
0.00956472 -0.0175791 1.31385e-05 -3.72728e-05 -0.0175791 0.0868105 -4.795e-05 0.000141678 1.31385e-05 -4.795e-05 0.00959452 -0.0175366 -3.72728e-05 0.000141678 -0.0175366 0.08618 
0.00958354 -0.0175901 -2.60295e-05 -1.2682e-05 -0.0175901 0.0868129 -2.51168e-05 0.000112558 -2.60295e-05 -2.51168e-05 0.00955857 -0.0175157 -1.2682e-05 0.000112558 -0.0175157 0.0861771 
0.00977329 -0.0179707 -2.7011e-05 3.27533e-05 -0.0179707 0.0886082 2.20105e-05 2.78008e-05 -2.7011e-05 2.20105e-05 0.00973366 -0.017813 3.27533e-05 2.78008e-05 -0.017813 0.0878022 
0.00972525 -0.0178927 -6.97059e-06 2.5421e-05 -0.0178927 0.0882487 2.36742e-05 -4.02926e-06 -6.97059e-06 2.36742e-05 0.00969506 -0.0177088 2.5421e-05 -4.02926e-06 -0.0177088 0.0873242 
0.0096413 -0.0177627 1.16204e-06 -4.24091e-06 -0.0177627 0.0876346 3.8195e-07 3.66322e-05 1.16204e-06 3.8195e-07 0.00966675 -0.0175898 -4.24091e-06 3.66322e-05 -0.0175898 0.0866922 
0.00963552 -0.0177828 1.94229e-05 -1.16646e-05 -0.0177828 0.0878279 -6.63418e-06 6.91149e-05 1.94229e-05 -6.63418e-06 0.00973496 -0.0177084 -1.16646e-05 6.91149e-05 -0.0177084 0.0870744 
0.00967079 -0.0178169 3.12647e-05 -3.1376e-05 -0.0178169 0.0881187 -2.61797e-05 0.00010562 3.12647e-05 -2.61797e-05 0.00976898 -0.0178458 -3.1376e-05 0.00010562 -0.0178458 0.0876352 
0.00966005 -0.0177958 5.43222e-05 -4.02193e-05 -0.0177958 0.0880105 -3.59292e-05 0.000128989 5.43222e-05 -3.59292e-05 0.00975539 -0.01783 -4.02193e-05 0.000128989 -0.01783 0.0876651 
0.00964939 -0.0177746 4.99863e-05 -6.37492e-05 -0.0177746 0.0879129 -6.11807e-05 0.000166985 4.99863e-05 -6.11807e-05 0.00975827 -0.0178028 -6.37492e-05 0.000166985 -0.0178028 0.0875962 
0.00964954 -0.017804 5.70983e-05 -6.47873e-05 -0.017804 0.0880721 -6.32346e-05 0.000196407 5.70983e-05 -6.32346e-05 0.00980544 -0.0178554 -6.47873e-05 0.000196407 -0.0178554 0.0878059 
0.00945479 -0.0174223 6.05359e-05 -6.54798e-05 -0.0174223 0.0862697 -6.35233e-05 0.000195165 6.05359e-05 -6.35233e-05 0.00961433 -0.0175417 -6.54798e-05 0.000195165 -0.0175417 0.086156 
0.00947457 -0.0174284 6.63893e-05 -7.57824e-05 -0.0174284 0.0862937 -7.28901e-05 0.000216748 6.63893e-05 -7.28901e-05 0.00960687 -0.0175591 -7.57824e-05 0.000216748 -0.0175591 0.0862732 
0.00950912 -0.0174667 4.57566e-05 -7.92849e-05 -0.0174667 0.0864024 -7.61712e-05 0.000225353 4.57566e-05 -7.61712e-05 0.00959061 -0.0175507 -7.92849e-05 0.000225353 -0.0175507 0.0863231 
0.00951885 -0.0175165 4.4263e-05 -5.31483e-05 -0.0175165 0.0865665 -4.80116e-05 0.000184537 4.4263e-05 -4.80116e-05 0.00959591 -0.0175397 -5.31483e-05 0.000184537 -0.0175397 0.0863564 
0.00971452 -0.0178527 4.34078e-05 -4.80947e-05 -0.0178527 0.0882497 -4.57922e-05 0.000153972 4.34078e-05 -4.57922e-05 0.00978573 -0.0178581 -4.80947e-05 0.000153972 -0.0178581 0.0879292 
0.00969416 -0.0177816 4.82345e-05 -5.18833e-05 -0.0177816 0.08784 -5.15327e-05 0.000159581 4.82345e-05 -5.15327e-05 0.00973741 -0.017772 -5.18833e-05 0.000159581 -0.017772 0.0874552 
0.00966583 -0.0177566 4.43599e-05 -6.23038e-05 -0.0177566 0.0875992 -6.03152e-05 0.000182914 4.43599e-05 -6.03152e-05 0.00970867 -0.017707 -6.23038e-05 0.000182914 -0.017707 0.0871195 
0.00967424 -0.0178069 4.44688e-05 -6.32429e-05 -0.0178069 0.0878256 -5.81801e-05 0.000201336 4.44688e-05 -5.81801e-05 0.00972072 -0.0177391 -6.32429e-05 0.000201336 -0.0177391 0.0872484 
0.00963927 -0.0177576 5.04951e-05 -6.66938e-05 -0.0177576 0.0876462 -6.15087e-05 0.000217773 5.04951e-05 -6.15087e-05 0.00970175 -0.0176989 -6.66938e-05 0.000217773 -0.0176989 0.087052 
0.00965275 -0.017762 3.67291e-05 -7.36177e-05 -0.017762 0.0877516 -6.80864e-05 0.000234129 3.67291e-05 -6.80864e-05 0.00971876 -0.0177489 -7.36177e-05 0.000234129 -0.0177489 0.087259 
0.00965814 -0.0177669 2.62123e-05 -5.3177e-05 -0.0177669 0.0877727 -4.82198e-05 0.000208052 2.62123e-05 -4.82198e-05 0.00972456 -0.0177628 -5.3177e-05 0.000208052 -0.0177628 0.0873506 
0.00965708 -0.0177752 2.59161e-05 -3.58475e-05 -0.0177752 0.0878122 -3.41418e-05 0.000163667 2.59161e-05 -3.41418e-05 0.00973597 -0.0177777 -3.58475e-05 0.000163667 -0.0177777 0.087432 
0.00971096 -0.0178617 1.44507e-05 -3.14738e-05 -0.0178617 0.08826 -3.31375e-05 0.000138395 1.44507e-05 -3.31375e-05 0.00975664 -0.0178737 -3.14738e-05 0.000138395 -0.0178737 0.0879023 
0.00953694 -0.0175451 1.32028e-05 -1.39621e-05 -0.0175451 0.086679 -2.01617e-05 0.000102933 1.32028e-05 -2.01617e-05 0.00956162 -0.0175187 -1.39621e-05 0.000102933 -0.0175187 0.0862844 
0.00953882 -0.0175611 1.63607e-05 -9.31543e-06 -0.0175611 0.0867613 -2.10501e-05 8.41465e-05 1.63607e-05 -2.10501e-05 0.00958654 -0.017504 -9.31543e-06 8.41465e-05 -0.017504 0.0862865 
0.00953128 -0.0175719 2.76604e-05 -2.13991e-05 -0.0175719 0.0868385 -3.33618e-05 0.000108905 2.76604e-05 -3.33618e-05 0.00962384 -0.0175294 -2.13991e-05 0.000108905 -0.0175294 0.0863334 
0.00949211 -0.0174884 3.05253e-05 -3.95606e-05 -0.0174884 0.0864897 -4.53904e-05 0.000146144 3.05253e-05 -4.53904e-05 0.00963124 -0.017501 -3.95606e-05 0.000146144 -0.017501 0.0860682 
0.00969947 -0.0178443 6.22909e-06 -4.63894e-05 -0.0178443 0.0882752 -4.58477e-05 0.000170642 6.22909e-06 -4.58477e-05 0.00986676 -0.0179396 -4.63894e-05 0.000170642 -0.0179396 0.0880437 
0.00974238 -0.0178521 -8.87967e-06 -1.77051e-05 -0.0178521 0.0882737 -1.44698e-05 0.000132904 -8.87967e-06 -1.44698e-05 0.00984731 -0.0179888 -1.77051e-05 0.000132904 -0.0179888 0.0882023 
0.00977541 -0.0178969 -2.06333e-05 3.17531e-06 -0.0178969 0.0883071 1.19368e-05 6.78613e-05 -2.06333e-05 1.19368e-05 0.00981264 -0.0179518 3.17531e-06 6.78613e-05 -0.0179518 0.0881633 
0.00981378 -0.0179798 -6.58057e-06 3.47352e-06 -0.0179798 0.0885619 2.09986e-05 4.68915e-05 -6.58057e-06 2.09986e-05 0.00979976 -0.0179215 3.47352e-06 4.68915e-05 -0.0179215 0.0881492 
0.00962909 -0.0176906 2.05154e-05 -1.63516e-05 -0.0176906 0.0870706 3.70257e-06 7.11451e-05 2.05154e-05 3.70257e-06 0.00961442 -0.0175569 -1.63516e-05 7.11451e-05 -0.0175569 0.0864134 
0.00963133 -0.0177295 3.34221e-05 -4.49877e-05 -0.0177295 0.087325 -3.20118e-05 0.000138203 3.34221e-05 -3.20118e-05 0.00963911 -0.0175829 -4.49877e-05 0.000138203 -0.0175829 0.0865317 
0.00961107 -0.0176978 3.95737e-05 -5.55583e-05 -0.0176978 0.0872731 -5.14274e-05 0.000190264 3.95737e-05 -5.14274e-05 0.00962781 -0.0175762 -5.55583e-05 0.000190264 -0.0175762 0.0864674 
0.00954878 -0.0175758 4.25435e-05 -5.95051e-05 -0.0175758 0.0867487 -5.97805e-05 0.0002159 4.25435e-05 -5.97805e-05 0.00958678 -0.0174805 -5.95051e-05 0.0002159 -0.0174805 0.0860072 
0.00972942 -0.0179135 5.19625e-05 -6.97795e-05 -0.0179135 0.0884532 -6.6706e-05 0.000244765 5.19625e-05 -6.6706e-05 0.0097823 -0.0178518 -6.97795e-05 0.000244765 -0.0178518 0.0877887 
0.0096972 -0.0178753 6.56883e-05 -7.73848e-05 -0.0178753 0.0883058 -6.79597e-05 0.00025195 6.56883e-05 -6.79597e-05 0.00978557 -0.0178422 -7.73848e-05 0.00025195 -0.0178422 0.0877448 
0.00949187 -0.0174914 7.5991e-05 -8.96869e-05 -0.0174914 0.0864871 -8.34826e-05 0.000272309 7.5991e-05 -8.34826e-05 0.00959191 -0.0175092 -8.96869e-05 0.000272309 -0.0175092 0.0860678 
0.00952979 -0.0175226 6.05307e-05 -0.000101769 -0.0175226 0.0866868 -0.000104469 0.000312152 6.05307e-05 -0.000104469 0.00959421 -0.0175741 -0.000101769 0.000312152 -0.0175741 0.0863989 
0.00957922 -0.0175711 1.40647e-05 -7.89925e-05 -0.0175711 0.086874 -9.36091e-05 0.000304146 1.40647e-05 -9.36091e-05 0.00957509 -0.0175804 -7.89925e-05 0.000304146 -0.0175804 0.086575 
0.00955093 -0.0175349 -2.6007e-05 -1.89409e-05 -0.0175349 0.0865794 -3.93307e-05 0.000204643 -2.6007e-05 -3.93307e-05 0.00953658 -0.0174537 -1.89409e-05 0.000204643 -0.0174537 0.086119 
0.00975119 -0.0178942 -2.67702e-05 3.12629e-05 -0.0178942 0.0883385 1.19268e-05 7.86023e-05 -2.67702e-05 1.19268e-05 0.00971479 -0.0177908 3.12629e-05 7.86023e-05 -0.0177908 0.0877448 
0.00952566 -0.0175191 1.0295e-05 3.66443e-05 -0.0175191 0.086452 2.30805e-05 6.18859e-07 1.0295e-05 2.30805e-05 0.00950119 -0.0173931 3.66443e-05 6.18859e-07 -0.0173931 0.0858007 
0.0096691 -0.0178362 5.15986e-05 -9.59053e-06 -0.0178362 0.0880709 -1.79529e-05 4.41471e-05 5.15986e-05 -1.79529e-05 0.00969676 -0.0177043 -9.59053e-06 4.41471e-05 -0.0177043 0.0873495 
0.00960812 -0.0177135 4.60861e-05 -7.18639e-05 -0.0177135 0.0876042 -7.51841e-05 0.000176691 4.60861e-05 -7.51841e-05 0.00967157 -0.017647 -7.18639e-05 0.000176691 -0.017647 0.0869688 
0.00956872 -0.0176378 2.59684e-05 -7.04804e-05 -0.0176378 0.0872677 -6.51856e-05 0.000226854 2.59684e-05 -6.51856e-05 0.0096552 -0.0176181 -7.04804e-05 0.000226854 -0.0176181 0.0867553 
0.00955587 -0.0175934 -4.31217e-06 -4.80931e-05 -0.0175934 0.0870839 -3.44329e-05 0.000192034 -4.31217e-06 -3.44329e-05 0.00965719 -0.0176275 -4.80931e-05 0.000192034 -0.0176275 0.0867364 
0.00955883 -0.0176139 -1.27344e-05 -1.34648e-05 -0.0176139 0.0871473 1.19574e-06 0.00012115 -1.27344e-05 1.19574e-06 0.00968144 -0.0176629 -1.34648e-05 0.00012115 -0.0176629 0.086891 
0.00953994 -0.0175952 -3.80152e-05 5.36747e-06 -0.0175952 0.0870759 1.53897e-05 5.75822e-05 -3.80152e-05 1.53897e-05 0.00970099 -0.0176775 5.36747e-06 5.75822e-05 -0.0176775 0.0869156 
0.00952954 -0.0175553 -3.75261e-05 3.94502e-05 -0.0175553 0.086931 4.46922e-05 -1.44115e-05 -3.75261e-05 4.46922e-05 0.00967764 -0.0176896 3.94502e-05 -1.44115e-05 -0.0176896 0.0868968 
0.00955946 -0.017555 -4.01442e-05 4.1363e-05 -0.017555 0.0869113 4.15256e-05 -4.81067e-05 -4.01442e-05 4.15256e-05 0.00964652 -0.0176846 4.1363e-05 -4.81067e-05 -0.0176846 0.0869422 
0.00957499 -0.0175718 -2.50974e-05 4.34258e-05 -0.0175718 0.0868561 3.91721e-05 -5.18695e-05 -2.50974e-05 3.91721e-05 0.00960651 -0.0176195 4.34258e-05 -5.18695e-05 -0.0176195 0.0867719 
0.00954985 -0.0175736 1.5111e-05 2.34278e-05 -0.0175736 0.0867631 1.63667e-05 -1.47902e-05 1.5111e-05 1.63667e-05 0.00959127 -0.0175388 2.34278e-05 -1.47902e-05 -0.0175388 0.0864695 
0.00950384 -0.0175338 2.7084e-05 -2.84793e-05 -0.0175338 0.0865863 -3.63204e-05 8.87372e-05 2.7084e-05 -3.63204e-05 0.00957737 -0.0174749 -2.84793e-05 8.87372e-05 -0.0174749 0.0861204 
0.00968393 -0.0178261 9.94446e-06 -4.54091e-05 -0.0178261 0.0881436 -5.36521e-05 0.00016849 9.94446e-06 -5.36521e-05 0.00974808 -0.0178202 -4.54091e-05 0.00016849 -0.0178202 0.0877091 
0.00966679 -0.0177893 1.14799e-05 -1.5785e-05 -0.0177893 0.0879195 -2.46337e-05 0.000137445 1.14799e-05 -2.46337e-05 0.00970981 -0.0177737 -1.5785e-05 0.000137445 -0.0177737 0.0875055 
0.00969498 -0.0178423 3.78955e-05 -2.07294e-05 -0.0178423 0.0881476 -2.68285e-05 0.000122518 3.78955e-05 -2.68285e-05 0.00970725 -0.0177979 -2.07294e-05 0.000122518 -0.0177979 0.087686 
0.00968254 -0.0178692 6.68806e-05 -5.09298e-05 -0.0178692 0.0882759 -5.23865e-05 0.000157045 6.68806e-05 -5.23865e-05 0.00972829 -0.0177924 -5.09298e-05 0.000157045 -0.0177924 0.0877456 
0.00966241 -0.0178366 6.91311e-05 -8.67166e-05 -0.0178366 0.0882321 -8.53814e-05 0.000227845 6.91311e-05 -8.53814e-05 0.00974293 -0.0178033 -8.67166e-05 0.000227845 -0.0178033 0.0877413 
0.00963268 -0.0177778 5.28662e-05 -9.23704e-05 -0.0177778 0.088017 -8.89686e-05 0.00026961 5.28662e-05 -8.89686e-05 0.00972751 -0.0177994 -9.23704e-05 0.00026961 -0.0177994 0.087659 
0.009631 -0.0177535 2.16563e-05 -7.59061e-05 -0.0177535 0.0879243 -7.09929e-05 0.000257972 2.16563e-05 -7.09929e-05 0.00969144 -0.0177886 -7.59061e-05 0.000257972 -0.0177886 0.0876428 
0.00963813 -0.0177357 -4.76795e-06 -3.32704e-05 -0.0177357 0.0878072 -3.10748e-05 0.000177366 -4.76795e-06 -3.10748e-05 0.00965756 -0.0177308 -3.32704e-05 0.000177366 -0.0177308 0.0874949 
0.00963804 -0.0177967 -2.20638e-05 -1.42246e-07 -0.0177967 0.0880258 3.48173e-06 8.4052e-05 -2.20638e-05 3.48173e-06 0.00970697 -0.0177351 -1.42246e-07 8.4052e-05 -0.0177351 0.087595 
0.00964944 -0.0178106 -1.43832e-05 1.87939e-05 -0.0178106 0.0881922 2.14198e-05 2.3288e-05 -1.43832e-05 2.14198e-05 0.00977446 -0.017807 1.87939e-05 2.3288e-05 -0.017807 0.0877935 
0.00948484 -0.0174538 -1.32342e-05 8.34833e-06 -0.0174538 0.0864718 1.48991e-05 1.34275e-05 -1.32342e-05 1.48991e-05 0.00959242 -0.0175423 8.34833e-06 1.34275e-05 -0.0175423 0.0862908 
0.00949199 -0.0174698 -2.05091e-05 1.41816e-05 -0.0174698 0.0864545 2.30897e-05 -7.67551e-06 -2.05091e-05 2.30897e-05 0.00958156 -0.0175453 1.41816e-05 -7.67551e-06 -0.0175453 0.0863577 
0.00952069 -0.0175234 -1.09014e-05 2.59488e-05 -0.0175234 0.0866681 3.04944e-05 -3.23954e-05 -1.09014e-05 3.04944e-05 0.00957152 -0.0175553 2.59488e-05 -3.23954e-05 -0.0175553 0.086491 
0.00950384 -0.0174968 1.114e-05 1.9923e-05 -0.0174968 0.0865231 1.7977e-05 -3.30087e-05 1.114e-05 1.7977e-05 0.00953671 -0.0174855 1.9923e-05 -3.30087e-05 -0.0174855 0.0862403 
0.00954272 -0.0175184 -1.32666e-05 -1.08811e-05 -0.0175184 0.0866327 -1.84243e-05 2.9305e-05 -1.32666e-05 -1.84243e-05 0.00952104 -0.0174862 -1.08811e-05 2.9305e-05 -0.0174862 0.0862744 
0.00954337 -0.0175331 -2.15311e-05 8.7352e-06 -0.0175331 0.086577 1.71766e-06 4.3459e-05 -2.15311e-05 1.71766e-06 0.00950134 -0.0174189 8.7352e-06 4.3459e-05 -0.0174189 0.0860453 
0.00954497 -0.0175292 -2.33508e-05 1.57089e-05 -0.0175292 0.0865318 1.49648e-05 2.35239e-05 -2.33508e-05 1.49648e-05 0.00949693 -0.01739 1.57089e-05 2.35239e-05 -0.01739 0.0858777 
0.00956123 -0.0175725 -2.88663e-06 1.32003e-05 -0.0175725 0.0866978 1.70187e-05 1.96557e-05 -2.88663e-06 1.70187e-05 0.00953846 -0.0174211 1.32003e-05 1.96557e-05 -0.0174211 0.0859798 
0.00958529 -0.0176695 5.41629e-06 -8.32681e-06 -0.0176695 0.0871729 -3.54083e-06 5.00172e-05 5.41629e-06 -3.54083e-06 0.00961105 -0.0175447 -8.32681e-06 5.00172e-05 -0.0175447 0.0864642 
0.00959171 -0.017722 1.15939e-05 -1.99528e-05 -0.017722 0.0875472 -1.50118e-05 8.79655e-05 1.15939e-05 -1.50118e-05 0.00966605 -0.0176572 -1.99528e-05 8.79655e-05 -0.0176572 0.0869414 
0.00960464 -0.0177271 9.83446e-06 -2.58784e-05 -0.0177271 0.0877304 -2.1617e-05 0.000111052 9.83446e-06 -2.1617e-05 0.00969759 -0.0177321 -2.58784e-05 0.000111052 -0.0177321 0.0872915 
0.009593 -0.017645 2.7886e-05 -2.02724e-05 -0.017645 0.0873887 -1.64991e-05 0.000106129 2.7886e-05 -1.64991e-05 0.00967548 -0.0176948 -2.02724e-05 0.000106129 -0.0176948 0.0871197 
0.00959671 -0.0176226 5.10963e-05 -4.27536e-05 -0.0176226 0.087208 -3.9505e-05 0.000137153 5.10963e-05 -3.9505e-05 0.00965952 -0.017682 -4.27536e-05 0.000137153 -0.017682 0.087048 
0.00966481 -0.0176727 3.01394e-05 -7.49874e-05 -0.0176727 0.0873507 -7.25386e-05 0.000211507 3.01394e-05 -7.25386e-05 0.00961605 -0.0176952 -7.49874e-05 0.000211507 -0.0176952 0.0871552 
0.0097281 -0.017803 1.82382e-05 -5.20053e-05 -0.017803 0.0877626 -4.90287e-05 0.000211538 1.82382e-05 -4.90287e-05 0.00960698 -0.0176764 -5.20053e-05 0.000211538 -0.0176764 0.0872973 
0.00971578 -0.0178218 1.34102e-06 -4.24669e-05 -0.0178218 0.0877421 -3.71531e-05 0.00018935 1.34102e-06 -3.71531e-05 0.00959748 -0.0175686 -4.24669e-05 0.00018935 -0.0175686 0.0868998 
0.00972211 -0.01786 1.20319e-05 -2.04847e-05 -0.01786 0.087955 -1.89743e-05 0.000152331 1.20319e-05 -1.89743e-05 0.00962481 -0.0176012 -2.04847e-05 0.000152331 -0.0176012 0.0869332 
0.00974633 -0.0179292 2.91418e-05 -2.82597e-05 -0.0179292 0.0883526 -3.53634e-05 0.000156073 2.91418e-05 -3.53634e-05 0.00968756 -0.0177014 -2.82597e-05 0.000156073 -0.0177014 0.0873332 
0.00976533 -0.0179474 2.59856e-05 -4.38072e-05 -0.0179474 0.088524 -5.19147e-05 0.000181624 2.59856e-05 -5.19147e-05 0.00971432 -0.0177716 -4.38072e-05 0.000181624 -0.0177716 0.0876005 
0.00958061 -0.0175817 1.71695e-06 -4.31045e-05 -0.0175817 0.086733 -4.26305e-05 0.000183269 1.71695e-06 -4.26305e-05 0.00949995 -0.0174279 -4.31045e-05 0.000183269 -0.0174279 0.0859097 
0.00979896 -0.0179735 -6.31435e-07 -1.86278e-05 -0.0179735 0.0886092 -1.20473e-05 0.000141891 -6.31435e-07 -1.20473e-05 0.0097064 -0.0177703 -1.86278e-05 0.000141891 -0.0177703 0.0877131 
0.00977405 -0.0179978 1.74437e-05 -1.03263e-05 -0.0179978 0.088674 -6.53047e-06 0.000101377 1.74437e-05 -6.53047e-06 0.00976 -0.0177681 -1.03263e-05 0.000101377 -0.0177681 0.0876856 
0.00974107 -0.017966 4.79906e-05 -3.25727e-05 -0.017966 0.0886544 -3.50443e-05 0.000133247 4.79906e-05 -3.50443e-05 0.00980333 -0.0178357 -3.25727e-05 0.000133247 -0.0178357 0.0877842 
0.00969659 -0.0178675 3.81149e-05 -6.14937e-05 -0.0178675 0.0882993 -6.84649e-05 0.000193943 3.81149e-05 -6.84649e-05 0.0098086 -0.0178447 -6.14937e-05 0.000193943 -0.0178447 0.087687 
0.00964859 -0.0177503 3.30101e-05 -5.36863e-05 -0.0177503 0.0877473 -6.23398e-05 0.000216996 3.30101e-05 -6.23398e-05 0.00977058 -0.0177893 -5.36863e-05 0.000216996 -0.0177893 0.0873399 
0.00964166 -0.0176996 3.12964e-05 -4.73551e-05 -0.0176996 0.0874652 -5.72208e-05 0.000208291 3.12964e-05 -5.72208e-05 0.00973586 -0.0177702 -4.73551e-05 0.000208291 -0.0177702 0.0872069 
0.00965907 -0.0176885 1.0593e-05 -4.4633e-05 -0.0176885 0.0873283 -5.10854e-05 0.000194725 1.0593e-05 -5.10854e-05 0.00969675 -0.0177436 -4.4633e-05 0.000194725 -0.0177436 0.0871268 
0.00966913 -0.0177439 1.42607e-05 -2.27861e-05 -0.0177439 0.0874516 -2.13951e-05 0.000150381 1.42607e-05 -2.13951e-05 0.00968293 -0.0177148 -2.27861e-05 0.000150381 -0.0177148 0.087114 
0.00968872 -0.01782 2.97234e-05 -2.56559e-05 -0.01782 0.087827 -2.13053e-05 0.000126305 2.97234e-05 -2.13053e-05 0.00970445 -0.0177501 -2.56559e-05 0.000126305 -0.0177501 0.0873414 
0.00968713 -0.0178202 3.23219e-05 -4.2877e-05 -0.0178202 0.0879072 -4.06185e-05 0.000149101 3.23219e-05 -4.06185e-05 0.009694 -0.0177476 -4.2877e-05 0.000149101 -0.0177476 0.0873553 
0.00968382 -0.0178049 1.43521e-05 -4.66289e-05 -0.0178049 0.0878673 -4.95011e-05 0.000175716 1.43521e-05 -4.95011e-05 0.00966361 -0.017715 -4.66289e-05 0.000175716 -0.017715 0.0872613 
0.00970501 -0.0178809 2.2408e-05 -2.51591e-05 -0.0178809 0.0882346 -3.0835e-05 0.000155344 2.2408e-05 -3.0835e-05 0.00969492 -0.0177489 -2.51591e-05 0.000155344 -0.0177489 0.0875283 
0.00969624 -0.0178731 2.762e-05 -3.52786e-05 -0.0178731 0.0882614 -3.78452e-05 0.000151021 2.762e-05 -3.78452e-05 0.00970862 -0.017734 -3.52786e-05 0.000151021 -0.017734 0.0874749 
0.00966823 -0.0178218 1.8599e-05 -4.24129e-05 -0.0178218 0.0880721 -3.8636e-05 0.000156365 1.8599e-05 -3.8636e-05 0.00971772 -0.0177201 -4.24129e-05 0.000156365 -0.0177201 0.0873295 
0.00966236 -0.0177916 -7.98016e-07 -3.25114e-05 -0.0177916 0.087983 -2.32519e-05 0.000137259 -7.98016e-07 -2.32519e-05 0.00974237 -0.0177619 -3.25114e-05 0.000137259 -0.0177619 0.0874105 
0.00967546 -0.0178037 -1.82047e-05 -9.43127e-06 -0.0178037 0.0880351 2.16053e-06 8.82186e-05 -1.82047e-05 2.16053e-06 0.00976413 -0.0178182 -9.43127e-06 8.82186e-05 -0.0178182 0.0876172 
0.00969596 -0.0178514 -3.78219e-05 1.44497e-05 -0.0178514 0.0882372 2.58895e-05 2.61274e-05 -3.78219e-05 2.58895e-05 0.00980108 -0.0178748 1.44497e-05 2.61274e-05 -0.0178748 0.0878936 
0.0095217 -0.0175293 -1.30285e-05 3.61432e-05 -0.0175293 0.0866679 4.34007e-05 -2.45188e-05 -1.30285e-05 4.34007e-05 0.00962966 -0.0175832 3.61432e-05 -2.45188e-05 -0.0175832 0.0864165 
0.00953008 -0.0175302 3.29577e-06 1.52638e-05 -0.0175302 0.0866861 1.72456e-05 -1.65752e-05 3.29577e-06 1.72456e-05 0.00962267 -0.0175946 1.52638e-05 -1.65752e-05 -0.0175946 0.0864932 
0.00955033 -0.017557 1.24137e-05 -4.60944e-06 -0.017557 0.0867863 -7.11329e-06 3.29505e-05 1.24137e-05 -7.11329e-06 0.00961387 -0.0175926 -4.60944e-06 3.29505e-05 -0.0175926 0.0865555 
0.00956102 -0.0175962 2.29045e-05 -1.76645e-05 -0.0175962 0.0869112 -2.83158e-05 8.76165e-05 2.29045e-05 -2.83158e-05 0.00961038 -0.0175621 -1.76645e-05 8.76165e-05 -0.0175621 0.0865057 
0.00952052 -0.017515 4.33428e-05 -2.75405e-05 -0.017515 0.0865103 -4.12788e-05 0.000125451 4.33428e-05 -4.12788e-05 0.00954946 -0.017446 -2.75405e-05 0.000125451 -0.017446 0.0859496 
0.00954487 -0.0175316 3.80567e-05 -4.98243e-05 -0.0175316 0.0865779 -6.18924e-05 0.000167262 3.80567e-05 -6.18924e-05 0.00954391 -0.0174403 -4.98243e-05 0.000167262 -0.0174403 0.0859226 
0.00953784 -0.0175426 4.42354e-05 -4.93276e-05 -0.0175426 0.0865704 -5.96993e-05 0.000189641 4.42354e-05 -5.96993e-05 0.0095602 -0.017425 -4.93276e-05 0.000189641 -0.017425 0.0858502 
0.0096999 -0.017874 6.35142e-05 -5.72356e-05 -0.017874 0.0882448 -6.71612e-05 0.000207832 6.35142e-05 -6.71612e-05 0.00979352 -0.0177964 -5.72356e-05 0.000207832 -0.0177964 0.0875652 
0.00967862 -0.0178395 8.88062e-05 -7.65015e-05 -0.0178395 0.0881702 -8.77193e-05 0.000243418 8.88062e-05 -8.77193e-05 0.00981877 -0.0178595 -7.65015e-05 0.000243418 -0.0178595 0.0876908 
0.0096769 -0.0178088 7.67492e-05 -0.000104637 -0.0178088 0.088064 -0.000115713 0.000299791 7.67492e-05 -0.000115713 0.00981628 -0.0178875 -0.000104637 0.000299791 -0.0178875 0.087775 
0.00968587 -0.0178427 7.43879e-05 -8.90497e-05 -0.0178427 0.0881793 -9.61816e-05 0.000293283 7.43879e-05 -9.61816e-05 0.00984148 -0.0179129 -8.90497e-05 0.000293283 -0.0179129 0.0879401 
0.00967655 -0.0178362 7.43774e-05 -7.78821e-05 -0.0178362 0.0881742 -8.30814e-05 0.000250683 7.43774e-05 -8.30814e-05 0.00983864 -0.0179269 -7.78821e-05 0.000250683 -0.0179269 0.0879703 
0.00968171 -0.0178373 6.21655e-05 -7.72117e-05 -0.0178373 0.088218 -8.08371e-05 0.00022754 6.21655e-05 -8.08371e-05 0.00983305 -0.0179398 -7.72117e-05 0.00022754 -0.0179398 0.0880541 
0.00951164 -0.0175145 6.15383e-05 -6.83046e-05 -0.0175145 0.0866142 -7.09472e-05 0.000211333 6.15383e-05 -7.09472e-05 0.00961767 -0.017595 -6.83046e-05 0.000211333 -0.017595 0.0864278 
0.00955047 -0.0175631 4.15801e-05 -6.53391e-05 -0.0175631 0.0868352 -6.46394e-05 0.000189697 4.15801e-05 -6.46394e-05 0.00959327 -0.0175904 -6.53391e-05 0.000189697 -0.0175904 0.0865505 
0.00955587 -0.0175654 3.48776e-05 -4.80939e-05 -0.0175654 0.0867819 -4.52389e-05 0.000160391 3.48776e-05 -4.52389e-05 0.00955066 -0.0175027 -4.80939e-05 0.000160391 -0.0175027 0.0862979 
0.0095315 -0.0175273 4.6526e-05 -3.40954e-05 -0.0175273 0.0865656 -3.36212e-05 0.000118958 4.6526e-05 -3.36212e-05 0.00951049 -0.0174139 -3.40954e-05 0.000118958 -0.0174139 0.0859251 
0.00949144 -0.0175122 5.84761e-05 -4.38772e-05 -0.0175122 0.0864848 -4.62919e-05 0.000116476 5.84761e-05 -4.62919e-05 0.00953313 -0.0173726 -4.38772e-05 0.000116476 -0.0173726 0.0857367 
0.00967246 -0.0178833 7.81627e-05 -6.16727e-05 -0.0178833 0.0884409 -6.40831e-05 0.000151321 7.81627e-05 -6.40831e-05 0.00980286 -0.017812 -6.16727e-05 0.000151321 -0.017812 0.0877358 
0.00961246 -0.0177523 8.60727e-05 -8.66203e-05 -0.0177523 0.0879394 -8.7649e-05 0.000205949 8.60727e-05 -8.7649e-05 0.00979653 -0.0178042 -8.66203e-05 0.000205949 -0.0178042 0.0874914 
0.00956467 -0.0176124 8.02803e-05 -9.5167e-05 -0.0176124 0.0872743 -9.48568e-05 0.000240243 8.02803e-05 -9.48568e-05 0.00973106 -0.0177393 -9.5167e-05 0.000240243 -0.0177393 0.0870755 
0.00958094 -0.0176499 8.90274e-05 -8.38147e-05 -0.0176499 0.0873466 -8.456e-05 0.000227797 8.90274e-05 -8.456e-05 0.00973635 -0.0177514 -8.38147e-05 0.000227797 -0.0177514 0.0871966 
0.00958177 -0.0176735 7.72826e-05 -8.88122e-05 -0.0176735 0.0874006 -9.22378e-05 0.000222875 7.72826e-05 -9.22378e-05 0.0097509 -0.0177339 -8.88122e-05 0.000222875 -0.0177339 0.0871528 
0.00962104 -0.0177308 8.01418e-05 -7.83116e-05 -0.0177308 0.087701 -8.14482e-05 0.000212618 8.01418e-05 -8.14482e-05 0.00976584 -0.0178079 -7.83116e-05 0.000212618 -0.0178079 0.0874263 
0.00967157 -0.0178199 8.16579e-05 -8.77482e-05 -0.0178199 0.0881209 -8.60119e-05 0.000219208 8.16579e-05 -8.60119e-05 0.00978996 -0.0178799 -8.77482e-05 0.000219208 -0.0178799 0.0878345 
0.00971548 -0.0178866 7.45923e-05 -0.000100414 -0.0178866 0.088441 -9.62408e-05 0.000255133 7.45923e-05 -9.62408e-05 0.0098024 -0.0179194 -0.000100414 0.000255133 -0.0179194 0.0881085 
0.00971289 -0.0178822 4.08807e-05 -9.30538e-05 -0.0178822 0.0883909 -8.94278e-05 0.000263348 4.08807e-05 -8.94278e-05 0.00979346 -0.0178798 -9.30538e-05 0.000263348 -0.0178798 0.0879891 
0.00966265 -0.0178152 1.84674e-05 -4.67887e-05 -0.0178152 0.0880719 -4.37982e-05 0.000188345 1.84674e-05 -4.37982e-05 0.00979833 -0.0178237 -4.67887e-05 0.000188345 -0.0178237 0.0876811 
0.00967898 -0.0178209 5.56032e-06 -1.64921e-05 -0.0178209 0.0881595 -1.1257e-05 9.69321e-05 5.56032e-06 -1.1257e-05 0.009802 -0.0178955 -1.64921e-05 9.69321e-05 -0.0178955 0.0878802 
0.0096762 -0.0178077 1.0539e-06 7.95565e-06 -0.0178077 0.0880488 1.02293e-05 1.71102e-05 1.0539e-06 1.02293e-05 0.00976826 -0.0178607 7.95565e-06 1.71102e-05 -0.0178607 0.08779 
0.00963495 -0.0177323 1.20304e-06 1.13188e-05 -0.0177323 0.0876263 9.91162e-06 -1.20802e-05 1.20304e-06 9.91162e-06 0.00970711 -0.0177295 1.13188e-05 -1.20802e-05 -0.0177295 0.0872541 
