0.00965495 0 0.00372017 0 0 0.01 0 0 0.00372017 0 0.00639843 0 0 0 0 0.01 
0.0134732 -0.0166984 0.00528014 -0.00647028 -0.0166984 0.0411922 -0.00647028 0.0124066 0.00528014 -0.00647028 0.00914342 -0.0114129 -0.00647028 0.0124066 -0.0114129 0.0310572 
0.0132617 -0.0243773 0.00469786 -0.00761654 -0.0243773 0.0870483 -0.00761654 0.0240792 0.00469786 -0.00761654 0.00949992 -0.0184647 -0.00761654 0.0240792 -0.0184647 0.068501 
0.012396 -0.0228848 0.00413629 -0.00552146 -0.0228848 0.0992187 -0.00551689 0.0191689 0.00413629 -0.00551689 0.00900277 -0.0187314 -0.00552146 0.0191689 -0.0187314 0.0855292 
0.0123757 -0.0216389 0.00425309 -0.00496871 -0.0216389 0.0989952 -0.00495843 0.0150837 0.00425309 -0.00495843 0.00881189 -0.0178077 -0.00496871 0.0150837 -0.0178077 0.0885183 
0.0126566 -0.0215695 0.00443459 -0.0052522 -0.0215695 0.0986087 -0.00523834 0.0142479 0.00443459 -0.00523834 0.00883523 -0.0174078 -0.0052522 0.0142479 -0.0174078 0.0883472 
0.0128453 -0.0218243 0.00453883 -0.00554669 -0.0218243 0.0989964 -0.00553778 0.0146469 0.00453883 -0.00553778 0.00883002 -0.0173452 -0.00554669 0.0146469 -0.0173452 0.0880923 
0.0128835 -0.0220062 0.00458933 -0.00567385 -0.0220062 0.099487 -0.00567831 0.0150288 0.00458933 -0.00567831 0.00883199 -0.0172952 -0.00567385 0.0150288 -0.0172952 0.0879414 
0.0129187 -0.0220547 0.00455569 -0.00571152 -0.0220547 0.0997648 -0.00572336 0.0151807 0.00455569 -0.00572336 0.0088725 -0.0172753 -0.00571152 0.0151807 -0.0172753 0.0878463 
0.0129666 -0.0220786 0.0045135 -0.00567929 -0.0220786 0.0998507 -0.00569168 0.0151937 0.0045135 -0.00569168 0.00884625 -0.0173119 -0.00567929 0.0151937 -0.0173119 0.0878427 
0.0129724 -0.0221536 0.00449474 -0.00560924 -0.0221536 0.100018 -0.0056226 0.0150482 0.00449474 -0.0056226 0.00888897 -0.0172971 -0.00560924 0.0150482 -0.0172971 0.0878554 
0.0129954 -0.022175 0.00447494 -0.00557505 -0.022175 0.100144 -0.00558481 0.0149098 0.00447494 -0.00558481 0.00892941 -0.0173572 -0.00557505 0.0149098 -0.0173572 0.0879565 
0.0129613 -0.0221976 0.00448267 -0.00555373 -0.0221976 0.100207 -0.00556067 0.0148307 0.00448267 -0.00556067 0.00898689 -0.017414 -0.00555373 0.0148307 -0.017414 0.0881033 
0.0129032 -0.0221524 0.00452294 -0.0055692 -0.0221524 0.100159 -0.00557052 0.0148276 0.00452294 -0.00557052 0.00898863 -0.0174845 -0.0055692 0.0148276 -0.0174845 0.0882677 
0.0127855 -0.0220789 0.00460423 -0.0056206 -0.0220789 0.100016 -0.0056142 0.0149011 0.00460423 -0.0056142 0.00903219 -0.0174905 -0.0056206 0.0149011 -0.0174905 0.0883566 
0.0126885 -0.0219561 0.00465578 -0.00570868 -0.0219561 0.0997893 -0.00569299 0.0150375 0.00465578 -0.00569299 0.00914081 -0.0175426 -0.00570868 0.0150375 -0.0175426 0.0884758 
0.0126304 -0.0218197 0.00469988 -0.00578976 -0.0218197 0.0994424 -0.00576771 0.0152517 0.00469988 -0.00576771 0.0091767 -0.0176617 -0.00578976 0.0152517 -0.0176617 0.088689 
0.0126384 -0.021756 0.00469572 -0.00583622 -0.021756 0.0992141 -0.00581793 0.0154004 0.00469572 -0.00581793 0.00916743 -0.0177065 -0.00583622 0.0154004 -0.0177065 0.0888639 
0.0126297 -0.0217821 0.00468823 -0.00581591 -0.0217821 0.0992012 -0.00580656 0.0154103 0.00468823 -0.00580656 0.0092309 -0.0176966 -0.00581591 0.0154103 -0.0176966 0.0889148 
0.0126658 -0.0218116 0.00460892 -0.00577201 -0.0218116 0.099317 -0.00576752 0.0152879 0.00460892 -0.00576752 0.00942752 -0.0177862 -0.00577201 0.0152879 -0.0177862 0.0890908 
0.0127027 -0.0218228 0.0045792 -0.00569896 -0.0218228 0.0993224 -0.00569515 0.0151738 0.0045792 -0.00569515 0.00947051 -0.0180186 -0.00569896 0.0151738 -0.0180186 0.0894997 
0.0126666 -0.0218691 0.00461118 -0.00565515 -0.0218691 0.0993975 -0.00565718 0.0150498 0.00461118 -0.00565718 0.00947499 -0.0180844 -0.00565515 0.0150498 -0.0180844 0.0898138 
0.0127392 -0.021844 0.00459438 -0.00568144 -0.021844 0.0994282 -0.00568806 0.0150288 0.00459438 -0.00568806 0.00936355 -0.0180859 -0.00568144 0.0150288 -0.0180859 0.0899137 
0.0127701 -0.0219184 0.00460251 -0.00567135 -0.0219184 0.0995242 -0.00568471 0.0150467 0.00460251 -0.00568471 0.0092419 -0.0179413 -0.00567135 0.0150467 -0.0179413 0.0896906 
0.0127053 -0.0219553 0.00464867 -0.00568454 -0.0219553 0.0996418 -0.00570039 0.0150745 0.00464867 -0.00570039 0.00923996 -0.0177827 -0.00568454 0.0150745 -0.0177827 0.0893104 
0.0126064 -0.0218629 0.00472083 -0.0057599 -0.0218629 0.0995218 -0.00576466 0.015218 0.00472083 -0.00576466 0.00925707 -0.0177633 -0.0057599 0.015218 -0.0177633 0.0890945 
0.0125225 -0.0217407 0.00478372 -0.00585408 -0.0217407 0.0992563 -0.00584791 0.0154221 0.00478372 -0.00584791 0.00926742 -0.0177828 -0.00585408 0.0154221 -0.0177828 0.0890704 
0.0125045 -0.0216425 0.00480308 -0.00593184 -0.0216425 0.0989934 -0.00592112 0.0156227 0.00480308 -0.00592112 0.00923249 -0.01779 -0.00593184 0.0156227 -0.01779 0.0890846 
0.0125212 -0.0216251 0.00478216 -0.00595224 -0.0216251 0.0988746 -0.00594259 0.0157258 0.00478216 -0.00594259 0.00922494 -0.0177481 -0.00595224 0.0157258 -0.0177481 0.0890297 
0.0125187 -0.0216239 0.00478923 -0.00594276 -0.0216239 0.0988091 -0.00593481 0.015772 0.00478923 -0.00593481 0.00918159 -0.0177285 -0.00594276 0.015772 -0.0177285 0.0889415 
0.0125215 -0.0216105 0.00480112 -0.00595559 -0.0216105 0.0987551 -0.0059474 0.0158065 0.00480112 -0.0059474 0.00913504 -0.0176788 -0.00595559 0.0158065 -0.0176788 0.0888389 
0.0125553 -0.0216208 0.00478506 -0.00596297 -0.0216208 0.0987576 -0.00595847 0.0158251 0.00478506 -0.00595847 0.00911707 -0.0176234 -0.00596297 0.0158251 -0.0176234 0.08872 
0.0125707 -0.0216417 0.00480861 -0.0059609 -0.0216417 0.0987575 -0.00596219 0.0158706 0.00480861 -0.00596219 0.00903324 -0.0175863 -0.0059609 0.0158706 -0.0175863 0.0885825 
0.0125553 -0.0216793 0.00484411 -0.00597353 -0.0216793 0.0988511 -0.00598251 0.0158867 0.00484411 -0.00598251 0.00899725 -0.0174861 -0.00597353 0.0158867 -0.0174861 0.0883901 
0.0125378 -0.0216662 0.00487174 -0.00601863 -0.0216662 0.0988771 -0.00603136 0.0159749 0.00487174 -0.00603136 0.00897633 -0.0174243 -0.00601863 0.0159749 -0.0174243 0.0881836 
0.0125276 -0.0216519 0.00489286 -0.00605334 -0.0216519 0.0988699 -0.00606532 0.0160681 0.00489286 -0.00606532 0.00896282 -0.0173883 -0.00605334 0.0160681 -0.0173883 0.0880401 
0.0125233 -0.0216457 0.00489872 -0.00607753 -0.0216457 0.098864 -0.00608847 0.0161376 0.00489872 -0.00608847 0.00897262 -0.0173665 -0.00607753 0.0161376 -0.0173665 0.0879461 
0.012494 -0.0216484 0.0049015 -0.00608172 -0.0216484 0.0988819 -0.00609133 0.0161603 0.0049015 -0.00609133 0.00903543 -0.0173759 -0.00608172 0.0161603 -0.0173759 0.0879252 
0.0124505 -0.0215922 0.00493745 -0.00610768 -0.0215922 0.098771 -0.00611149 0.016238 0.00493745 -0.00611149 0.00899988 -0.0174356 -0.00610768 0.016238 -0.0174356 0.0879757 
0.0124366 -0.021547 0.00494853 -0.00614308 -0.021547 0.0986699 -0.00614059 0.0162946 0.00494853 -0.00614059 0.00898882 -0.0174074 -0.00614308 0.0162946 -0.0174074 0.0879934 
0.0124225 -0.0215198 0.00495564 -0.00616632 -0.0215198 0.0985709 -0.00616003 0.0163656 0.00495564 -0.00616003 0.0089941 -0.0173863 -0.00616632 0.0163656 -0.0173863 0.0879434 
0.0124071 -0.0215066 0.00494169 -0.00617239 -0.0215066 0.098517 -0.0061651 0.0163954 0.00494169 -0.0061651 0.00905298 -0.0173946 -0.00617239 0.0163954 -0.0173946 0.0879405 
0.0123384 -0.0214675 0.00497548 -0.00617319 -0.0214675 0.0984039 -0.00616454 0.0164368 0.00497548 -0.00616454 0.00908393 -0.0174574 -0.00617319 0.0164368 -0.0174574 0.0880157 
0.0123274 -0.0213772 0.00498285 -0.00621756 -0.0213772 0.0982103 -0.00620322 0.0165145 0.00498285 -0.00620322 0.0090401 -0.0175007 -0.00621756 0.0165145 -0.0175007 0.0881308 
0.0122838 -0.0213525 0.00501817 -0.00623214 -0.0213525 0.0980724 -0.00621692 0.0165793 0.00501817 -0.00621692 0.00898841 -0.0174518 -0.00623214 0.0165793 -0.0174518 0.088109 
0.0122584 -0.0213039 0.00504517 -0.00627016 -0.0213039 0.0979623 -0.00625544 0.0166469 0.00504517 -0.00625544 0.00895903 -0.017389 -0.00627016 0.0166469 -0.017389 0.0879981 
0.0122537 -0.0212595 0.00505668 -0.00631452 -0.0212595 0.0978213 -0.0063011 0.0167656 0.00505668 -0.0063011 0.00890443 -0.0173414 -0.00631452 0.0167656 -0.0173414 0.0878632 
0.0123267 -0.021244 0.00503213 -0.00633628 -0.021244 0.0977295 -0.00632767 0.0168654 0.00503213 -0.00632767 0.00878564 -0.0172679 -0.00633628 0.0168654 -0.0172679 0.0876865 
0.0123331 -0.0213097 0.00505327 -0.00632063 -0.0213097 0.0977663 -0.00632175 0.0169131 0.00505327 -0.00632175 0.00869593 -0.0171137 -0.00632063 0.0169131 -0.0171137 0.0873548 
0.0122794 -0.0213218 0.00510522 -0.00634516 -0.0213218 0.0978246 -0.00635297 0.016967 0.00510522 -0.00635297 0.00867784 -0.0169885 -0.00634516 0.016967 -0.0169885 0.0869991 
0.0122704 -0.0212767 0.00512328 -0.00640136 -0.0212767 0.0978001 -0.006406 0.0170609 0.00512328 -0.006406 0.00868228 -0.0169552 -0.00640136 0.0170609 -0.0169552 0.0868066 
0.012261 -0.0212613 0.00514091 -0.00643197 -0.0212613 0.0977399 -0.00643524 0.0171665 0.00514091 -0.00643524 0.00868084 -0.0169522 -0.00643197 0.0171665 -0.0169522 0.0867302 
0.0123505 -0.0212488 0.00511067 -0.00645652 -0.0212488 0.0977009 -0.00646128 0.0172491 0.00511067 -0.00646128 0.0085647 -0.0169445 -0.00645652 0.0172491 -0.0169445 0.086686 
0.0123728 -0.0213538 0.00511962 -0.00641979 -0.0213538 0.0978467 -0.00643434 0.0172382 0.00511962 -0.00643434 0.00850497 -0.0168003 -0.00641979 0.0172382 -0.0168003 0.0864422 
0.0123718 -0.0213868 0.00513462 -0.00643005 -0.0213868 0.0979888 -0.00644939 0.0172434 0.00513462 -0.00644939 0.00844976 -0.0167103 -0.00643005 0.0172434 -0.0167103 0.0861551 
0.0123745 -0.0213869 0.00513481 -0.00645424 -0.0213869 0.098041 -0.00646928 0.0172875 0.00513481 -0.00646928 0.00842713 -0.0166354 -0.00645424 0.0172875 -0.0166354 0.0859213 
0.0123522 -0.021389 0.00514144 -0.00646001 -0.021389 0.0980568 -0.00646895 0.0173135 0.00514144 -0.00646895 0.00845911 -0.0166031 -0.00646001 0.0173135 -0.0166031 0.085776 
0.0122712 -0.0213645 0.00517355 -0.00646768 -0.0213645 0.0980258 -0.0064693 0.0173238 0.00517355 -0.0064693 0.00857522 -0.016643 -0.00646768 0.0173238 -0.016643 0.0857921 
0.012174 -0.0212649 0.00521352 -0.00651068 -0.0212649 0.097849 -0.00650178 0.0173878 0.00521352 -0.00650178 0.00870606 -0.0167888 -0.00651068 0.0173878 -0.0167888 0.0860405 
0.012126 -0.0211453 0.00523133 -0.00656246 -0.0211453 0.0975763 -0.00654465 0.0174928 0.00523133 -0.00654465 0.00877655 -0.0169555 -0.00656246 0.0174928 -0.0169555 0.0864299 
0.0120997 -0.0210957 0.00522966 -0.0065755 -0.0210957 0.0973987 -0.00655833 0.0175432 0.00522966 -0.00655833 0.00884145 -0.0170503 -0.0065755 0.0175432 -0.0170503 0.0867565 
0.0121317 -0.0210676 0.00521073 -0.00656679 -0.0210676 0.0973039 -0.00655286 0.0175411 0.00521073 -0.00655286 0.00880819 -0.0171321 -0.00656679 0.0175411 -0.0171321 0.0870013 
0.0121232 -0.0210965 0.00522504 -0.00654619 -0.0210965 0.0973018 -0.00653891 0.0175155 0.00522504 -0.00653891 0.00877203 -0.0170956 -0.00654619 0.0175155 -0.0170956 0.0870402 
0.012112 -0.0210882 0.00525262 -0.00656047 -0.0210882 0.097307 -0.00655745 0.0175239 0.00525262 -0.00655745 0.00873914 -0.0170472 -0.00656047 0.0175239 -0.0170472 0.0869557 
0.0120246 -0.0210798 0.00528573 -0.00659048 -0.0210798 0.0972968 -0.00659092 0.0175776 0.00528573 -0.00659092 0.00882981 -0.016999 -0.00659048 0.0175776 -0.016999 0.0868411 
0.011937 -0.0209644 0.00533377 -0.00664798 -0.0209644 0.0970953 -0.0066419 0.0177124 0.00533377 -0.0066419 0.0088793 -0.0170914 -0.00664798 0.0177124 -0.0170914 0.0869018 
0.0118902 -0.0208677 0.00534521 -0.00670092 -0.0208677 0.0968628 -0.00668867 0.017829 0.00534521 -0.00668867 0.00895432 -0.0171602 -0.00670092 0.017829 -0.0171602 0.0870797 
0.0119361 -0.0207961 0.0053478 -0.00672793 -0.0207961 0.0966324 -0.00671369 0.0179413 0.0053478 -0.00671369 0.00887107 -0.0172415 -0.00672793 0.0179413 -0.0172415 0.0872543 
0.012028 -0.0208446 0.00533093 -0.00673154 -0.0208446 0.0966112 -0.00672966 0.0180043 0.00533093 -0.00672966 0.00869691 -0.0171379 -0.00673154 0.0180043 -0.0171379 0.0871636 
0.0120311 -0.0209454 0.00535203 -0.00671801 -0.0209454 0.096774 -0.00673233 0.0180369 0.00535203 -0.00673233 0.00858574 -0.0169089 -0.00671801 0.0180369 -0.0169089 0.0867062 
0.0120277 -0.0209532 0.00536529 -0.00674639 -0.0209532 0.0968779 -0.00676073 0.0180858 0.00536529 -0.00676073 0.00851558 -0.0167566 -0.00674639 0.0180858 -0.0167566 0.0862443 
0.0120298 -0.0209377 0.00536482 -0.00677585 -0.0209377 0.0968624 -0.00678164 0.0181616 0.00536482 -0.00678164 0.00849436 -0.0166624 -0.00677585 0.0181616 -0.0166624 0.0859177 
0.0119817 -0.0209318 0.00538199 -0.00678259 -0.0209318 0.0968259 -0.00678307 0.0182085 0.00538199 -0.00678307 0.00851827 -0.0166321 -0.00678259 0.0182085 -0.0166321 0.085748 
0.011992 -0.0208852 0.00537004 -0.00679894 -0.0208852 0.0967573 -0.00679174 0.0182259 0.00537004 -0.00679174 0.00854258 -0.0166647 -0.00679894 0.0182259 -0.0166647 0.0857579 
0.0120103 -0.0208868 0.00536217 -0.00678879 -0.0208868 0.0967043 -0.00677976 0.0182268 0.00536217 -0.00677976 0.00856354 -0.0167001 -0.00678879 0.0182268 -0.0167001 0.0858371 
0.0120433 -0.0209118 0.00535078 -0.00677432 -0.0209118 0.096728 -0.00677161 0.0182045 0.00535078 -0.00677161 0.00855508 -0.0167288 -0.00677432 0.0182045 -0.0167288 0.085919 
0.0120541 -0.0209757 0.00532838 -0.00674064 -0.0209757 0.0968811 -0.00674571 0.0181206 0.00532838 -0.00674571 0.0086076 -0.0167252 -0.00674064 0.0181206 -0.0167252 0.0859617 
0.0120214 -0.0209796 0.00533928 -0.00672141 -0.0209796 0.0969383 -0.00672798 0.0180753 0.00533928 -0.00672798 0.00863168 -0.0167858 -0.00672141 0.0180753 -0.0167858 0.0860466 
0.011966 -0.0209264 0.00539297 -0.00674299 -0.0209264 0.0968554 -0.00674398 0.0180961 0.00539297 -0.00674398 0.00860983 -0.0168197 -0.00674299 0.0180961 -0.0168197 0.0861458 
0.0119592 -0.0208558 0.00541795 -0.00681329 -0.0208558 0.0966983 -0.00681044 0.0182163 0.00541795 -0.00681044 0.00853959 -0.0167882 -0.00681329 0.0182163 -0.0167882 0.0861344 
0.0119814 -0.0208314 0.00542582 -0.0068614 -0.0208314 0.0965719 -0.0068608 0.0183775 0.00542582 -0.0068608 0.00842672 -0.0166838 -0.0068614 0.0183775 -0.0166838 0.0859261 
0.0120443 -0.0208674 0.00541652 -0.00686775 -0.0208674 0.0966017 -0.00687263 0.0184464 0.00541652 -0.00687263 0.00832548 -0.0165326 -0.00686775 0.0184464 -0.0165326 0.0855854 
0.0120321 -0.0209367 0.00542995 -0.00686182 -0.0209367 0.0967184 -0.00687369 0.0184789 0.00542995 -0.00687369 0.00830613 -0.0163927 -0.00686182 0.0184789 -0.0163927 0.0851972 
0.0119991 -0.020954 0.00541388 -0.00686211 -0.020954 0.0968502 -0.00687314 0.0184557 0.00541388 -0.00687314 0.00841369 -0.0163598 -0.00686211 0.0184557 -0.0163598 0.0849941 
0.0120275 -0.0208853 0.00538768 -0.00686727 -0.0208853 0.0967382 -0.00686481 0.0184831 0.00538768 -0.00686481 0.00840552 -0.0164929 -0.00686727 0.0184831 -0.0164929 0.0851183 
0.0120369 -0.0209193 0.00537594 -0.00682704 -0.0209193 0.0967337 -0.00682102 0.0184107 0.00537594 -0.00682102 0.0084218 -0.0165103 -0.00682704 0.0184107 -0.0165103 0.0852711 
0.0120803 -0.0209207 0.00536649 -0.00681741 -0.0209207 0.0967324 -0.00681351 0.0183713 0.00536649 -0.00681351 0.00834876 -0.016531 -0.00681741 0.0183713 -0.016531 0.0853452 
0.0121334 -0.0209698 0.00536735 -0.00680431 -0.0209698 0.0968012 -0.00680868 0.0183482 0.00536735 -0.00680868 0.0082352 -0.0164436 -0.00680431 0.0183482 -0.0164436 0.0852416 
0.0121375 -0.0210339 0.00538125 -0.00680754 -0.0210339 0.0969355 -0.00682238 0.0183611 0.00538125 -0.00682238 0.00815778 -0.0162888 -0.00680754 0.0183611 -0.0162888 0.0849213 
0.0120831 -0.0210543 0.00540532 -0.00682121 -0.0210543 0.0970531 -0.00683812 0.0183832 0.00540532 -0.00683812 0.00819312 -0.0161738 -0.00682121 0.0183832 -0.0161738 0.0845795 
0.0119981 -0.0209803 0.00544959 -0.00686563 -0.0209803 0.0969637 -0.00686957 0.0184682 0.00544959 -0.00686957 0.00826363 -0.0162032 -0.00686563 0.0184682 -0.0162032 0.0844699 
0.0119768 -0.0208704 0.00544451 -0.00692863 -0.0208704 0.0967296 -0.00691796 0.0185962 0.00544451 -0.00691796 0.00829452 -0.016293 -0.00692863 0.0185962 -0.016293 0.0845988 
0.0119947 -0.0208389 0.00542198 -0.00692663 -0.0208389 0.0965712 -0.00691062 0.0186453 0.00542198 -0.00691062 0.0082923 -0.0163395 -0.00692663 0.0186453 -0.0163395 0.0847505 
0.012022 -0.0208612 0.00539007 -0.0068918 -0.0208612 0.0965543 -0.00687926 0.0185972 0.00539007 -0.00687926 0.00829098 -0.0163451 -0.0068918 0.0185972 -0.0163451 0.0848256 
0.0120551 -0.0208812 0.00535408 -0.00685704 -0.0208812 0.0965691 -0.00684969 0.0185327 0.00535408 -0.00684969 0.00825556 -0.0163496 -0.00685704 0.0185327 -0.0163496 0.0848532 
0.0121006 -0.0209166 0.00534238 -0.00681026 -0.0209166 0.0966278 -0.00680821 0.0184348 0.00534238 -0.00680821 0.00818256 -0.0163135 -0.00681026 0.0184348 -0.0163135 0.084818 
0.0121557 -0.0209877 0.00532725 -0.00678074 -0.0209877 0.0967854 -0.00678604 0.018334 0.00532725 -0.00678604 0.00813776 -0.0162227 -0.00678074 0.018334 -0.0162227 0.0846681 
0.0122027 -0.0210732 0.00530801 -0.00675082 -0.0210732 0.0970092 -0.00676409 0.0182447 0.00530801 -0.00676409 0.00812831 -0.0161581 -0.00675082 0.0182447 -0.0161581 0.084491 
0.0121859 -0.0211345 0.00531377 -0.00672566 -0.0211345 0.0972007 -0.00674248 0.0181767 0.00531377 -0.00674248 0.00820607 -0.0161466 -0.00672566 0.0181767 -0.0161466 0.0843996 
0.0121189 -0.0211031 0.00535843 -0.00674325 -0.0211031 0.0972069 -0.0067541 0.0181891 0.00535843 -0.0067541 0.00826431 -0.0162444 -0.00674325 0.0181891 -0.0162444 0.0845161 
0.0120775 -0.0210096 0.00538801 -0.00680959 -0.0210096 0.0970349 -0.00681072 0.018306 0.00538801 -0.00681072 0.00824154 -0.0163222 -0.00680959 0.018306 -0.0163222 0.0847097 
0.0120908 -0.0209631 0.0053808 -0.00684687 -0.0209631 0.0968952 -0.00684277 0.0184056 0.0053808 -0.00684277 0.00818564 -0.0162935 -0.00684687 0.0184056 -0.0162935 0.0847478 
0.0121124 -0.0209747 0.00536664 -0.00684207 -0.0209747 0.0968586 -0.00683928 0.0184406 0.00536664 -0.00683928 0.00813488 -0.0162154 -0.00684207 0.0184406 -0.0162154 0.0846109 
0.0120356 -0.0209914 0.00540228 -0.00683018 -0.0209914 0.0968667 -0.00682966 0.0184428 0.00540228 -0.00682966 0.00818444 -0.0161453 -0.00683018 0.0184428 -0.0161453 0.0844196 
0.0119618 -0.0208777 0.00544924 -0.00689116 -0.0208777 0.0966666 -0.00688388 0.018555 0.00544924 -0.00688388 0.00818184 -0.0161968 -0.00689116 0.018555 -0.0161968 0.0844013 
0.0119875 -0.0207741 0.00544308 -0.00696211 -0.0207741 0.0963888 -0.00694599 0.0187225 0.00544308 -0.00694599 0.0080986 -0.0161929 -0.00696211 0.0187225 -0.0161929 0.0844137 
0.0120146 -0.0208025 0.00542134 -0.00695791 -0.0208025 0.0963117 -0.00694938 0.0188002 0.00542134 -0.00694938 0.00804339 -0.0160777 -0.00695791 0.0188002 -0.0160777 0.0842252 
0.0120662 -0.0208645 0.00538397 -0.00691348 -0.0208645 0.0964409 -0.00691513 0.0187376 0.00538397 -0.00691513 0.00802188 -0.0159915 -0.00691348 0.0187376 -0.0159915 0.0839794 
0.012094 -0.0209191 0.00537505 -0.00686979 -0.0209191 0.0965674 -0.00687538 0.0186505 0.00537505 -0.00687538 0.00800464 -0.0159666 -0.00686979 0.0186505 -0.0159666 0.0838386 
0.0121332 -0.0209615 0.00536498 -0.0068495 -0.0209615 0.0966987 -0.00685814 0.0185708 0.00536498 -0.00685814 0.00798253 -0.0159509 -0.0068495 0.0185708 -0.0159509 0.0837821 
0.0120839 -0.021008 0.00540164 -0.00683832 -0.021008 0.0968173 -0.00684914 0.0185303 0.00540164 -0.00684914 0.00802343 -0.0159273 -0.00683832 0.0185303 -0.0159273 0.0837309 
0.0120243 -0.0209571 0.00543023 -0.0068828 -0.0209571 0.0968019 -0.00688797 0.0185743 0.00543023 -0.00688797 0.00807846 -0.0159724 -0.0068828 0.0185743 -0.0159724 0.083774 
0.0119709 -0.0208799 0.00546159 -0.00692628 -0.0208799 0.0966555 -0.00692022 0.0186641 0.00546159 -0.00692022 0.00812134 -0.0160408 -0.00692628 0.0186641 -0.0160408 0.0839116 
0.0119641 -0.0208161 0.00545852 -0.00696616 -0.0208161 0.0964928 -0.0069529 0.0187517 0.00545852 -0.0069529 0.0081595 -0.0160952 -0.00696616 0.0187517 -0.0160952 0.0840643 
0.0119077 -0.0208071 0.00547559 -0.00696014 -0.0208071 0.0964116 -0.00694728 0.0187799 0.00547559 -0.00694728 0.00824643 -0.0161455 -0.00696014 0.0187799 -0.0161455 0.0842031 
0.0118988 -0.0207371 0.00547132 -0.00698103 -0.0207371 0.0962768 -0.00696554 0.0188129 0.00547132 -0.00696554 0.00827718 -0.0162585 -0.00698103 0.0188129 -0.0162585 0.0844348 
0.0119316 -0.0207074 0.00547695 -0.00698218 -0.0207074 0.096142 -0.00696781 0.0188452 0.00547695 -0.00696781 0.0082169 -0.0163087 -0.00698218 0.0188452 -0.0163087 0.0846305 
0.0119405 -0.0207824 0.005474 -0.00696123 -0.0207824 0.0962619 -0.00695897 0.0187915 0.005474 -0.00695897 0.00823886 -0.0162333 -0.00696123 0.0187915 -0.0162333 0.0845999 
0.0119332 -0.0207981 0.00547561 -0.00695627 -0.0207981 0.0963551 -0.00695994 0.0187713 0.00547561 -0.00695994 0.0082953 -0.01625 -0.00695627 0.0187713 -0.01625 0.0845684 
0.0119591 -0.0207896 0.0054518 -0.00695758 -0.0207896 0.0963698 -0.00695983 0.0187672 0.0054518 -0.00695983 0.00831199 -0.0163246 -0.00695758 0.0187672 -0.0163246 0.0846865 
0.0119615 -0.0208214 0.00543566 -0.0069245 -0.0208214 0.0964222 -0.00692686 0.0187114 0.00543566 -0.00692686 0.00832957 -0.0163585 -0.0069245 0.0187114 -0.0163585 0.0848149 
0.0119472 -0.0208348 0.00544181 -0.00689503 -0.0208348 0.0964904 -0.00689508 0.0186158 0.00544181 -0.00689508 0.0083581 -0.0163896 -0.00689503 0.0186158 -0.0163896 0.0849241 
0.0120347 -0.0208104 0.00540084 -0.00690433 -0.0208104 0.0964659 -0.00690133 0.0185913 0.00540084 -0.00690133 0.00827734 -0.0164303 -0.00690433 0.0185913 -0.0164303 0.0850361 
0.012092 -0.0209205 0.00535546 -0.0068479 -0.0209205 0.0966226 -0.0068535 0.0185031 0.00535546 -0.0068535 0.00823985 -0.0163374 -0.0068479 0.0185031 -0.0163374 0.0849519 
0.0121147 -0.0209977 0.00532795 -0.00678611 -0.0209977 0.0968389 -0.00679829 0.0183636 0.00532795 -0.00679829 0.00824834 -0.0162878 -0.00678611 0.0183636 -0.0162878 0.0848055 
0.0120778 -0.0210138 0.00532866 -0.00675742 -0.0210138 0.0969332 -0.00676508 0.0182648 0.00532866 -0.00676508 0.00829371 -0.0163039 -0.00675742 0.0182648 -0.0163039 0.084777 
0.0120382 -0.0209718 0.00534181 -0.00675699 -0.0209718 0.0968981 -0.00675536 0.0182123 0.00534181 -0.00675536 0.00834164 -0.0163685 -0.00675699 0.0182123 -0.0163685 0.0848951 
0.0120024 -0.020927 0.00536043 -0.0067708 -0.020927 0.0968058 -0.00675946 0.0181996 0.00536043 -0.00675946 0.00841672 -0.0164368 -0.0067708 0.0181996 -0.0164368 0.0850787 
0.0119266 -0.0208552 0.00541334 -0.0068114 -0.0208552 0.0966087 -0.0067973 0.018291 0.00541334 -0.0067973 0.00846736 -0.016533 -0.0068114 0.018291 -0.016533 0.0852956 
0.0119411 -0.0207742 0.00542166 -0.00687156 -0.0207742 0.0964193 -0.00685772 0.0184153 0.00542166 -0.00685772 0.00843903 -0.0165919 -0.00687156 0.0184153 -0.0165919 0.0854836 
0.0119866 -0.0207941 0.0054154 -0.00687896 -0.0207941 0.0963742 -0.00687439 0.0184913 0.0054154 -0.00687439 0.00836909 -0.0165523 -0.00687896 0.0184913 -0.0165523 0.0854851 
0.0119739 -0.0208464 0.00544271 -0.00687238 -0.0208464 0.0964502 -0.0068806 0.018525 0.00544271 -0.0068806 0.00834488 -0.0164551 -0.00687238 0.018525 -0.0164551 0.0852957 
0.0119489 -0.0208621 0.00544315 -0.00688841 -0.0208621 0.0965641 -0.00689943 0.0185309 0.00544315 -0.00689943 0.00841162 -0.0164115 -0.00688841 0.0185309 -0.0164115 0.0851329 
0.0118981 -0.0208182 0.00545052 -0.00690319 -0.0208182 0.0965111 -0.00690771 0.0185797 0.00545052 -0.00690771 0.00849768 -0.0164887 -0.00690319 0.0185797 -0.0164887 0.0851747 
0.0118411 -0.0207516 0.00548159 -0.00691501 -0.0207516 0.0963716 -0.0069094 0.0186058 0.00548159 -0.0069094 0.00855839 -0.0166063 -0.00691501 0.0186058 -0.0166063 0.0854101 
0.0117714 -0.0206747 0.0055232 -0.00695693 -0.0206747 0.0961767 -0.00694562 0.0186789 0.0055232 -0.00694562 0.00858206 -0.0166887 -0.00695693 0.0186789 -0.0166887 0.0856539 
0.0117015 -0.0205893 0.00556474 -0.00701041 -0.0205893 0.0959698 -0.00699786 0.0187948 0.00556474 -0.00699786 0.00860433 -0.0167138 -0.00701041 0.0187948 -0.0167138 0.0857851 
0.0117149 -0.0205001 0.00557109 -0.0070684 -0.0205001 0.0957428 -0.00705409 0.0189391 0.00557109 -0.00705409 0.00855087 -0.0167302 -0.0070684 0.0189391 -0.0167302 0.0858374 
0.0117834 -0.0205168 0.00555551 -0.00707469 -0.0205168 0.0956774 -0.00706663 0.0190134 0.00555551 -0.00706663 0.00844497 -0.0166597 -0.00707469 0.0190134 -0.0166597 0.0857445 
0.0118034 -0.0205957 0.00554829 -0.00705622 -0.0205957 0.0957854 -0.00706171 0.0190256 0.00554829 -0.00706171 0.00840094 -0.016519 -0.00705622 0.0190256 -0.016519 0.0854563 
0.011834 -0.0206305 0.00553881 -0.00704332 -0.0206305 0.0959135 -0.00705368 0.0190054 0.00553881 -0.00705368 0.00837752 -0.0164518 -0.00704332 0.0190054 -0.0164518 0.0852056 
0.0118524 -0.0206668 0.00555438 -0.0070324 -0.0206668 0.0960091 -0.00704295 0.0189828 0.00555438 -0.00704295 0.00835325 -0.016422 -0.0070324 0.0189828 -0.016422 0.0850686 
0.0118888 -0.0206939 0.00555983 -0.00704923 -0.0206939 0.096092 -0.00706187 0.019001 0.00555983 -0.00706187 0.00831411 -0.0163894 -0.00704923 0.019001 -0.0163894 0.0849709 
0.0118897 -0.0207401 0.00557054 -0.00705834 -0.0207401 0.096199 -0.00707722 0.0190413 0.00557054 -0.00707722 0.00830307 -0.0163308 -0.00705834 0.0190413 -0.0163308 0.0848256 
0.0118575 -0.0207566 0.00557833 -0.00706717 -0.0207566 0.0962981 -0.00708588 0.0190591 0.00557833 -0.00708588 0.00834352 -0.0163081 -0.00706717 0.0190591 -0.0163081 0.0847154 
0.0117763 -0.0207333 0.00558681 -0.00706924 -0.0207333 0.0963236 -0.00707795 0.0190412 0.00558681 -0.00707795 0.00848816 -0.0163607 -0.00706924 0.0190412 -0.0163607 0.0847666 
0.0117283 -0.0206212 0.00560435 -0.00709252 -0.0206212 0.0961289 -0.00708316 0.0190683 0.00560435 -0.00708316 0.0085402 -0.0165452 -0.00709252 0.0190683 -0.0165452 0.0850853 
0.0116519 -0.020555 0.00563624 -0.00711577 -0.020555 0.0959217 -0.0070987 0.0191064 0.00563624 -0.0070987 0.00861597 -0.0166292 -0.00711577 0.0191064 -0.0166292 0.0854005 
0.0116897 -0.0204591 0.00563535 -0.00715813 -0.0204591 0.0956935 -0.00713987 0.0191914 0.00563535 -0.00713987 0.00856321 -0.0167162 -0.00715813 0.0191914 -0.0167162 0.0856394 
0.0117077 -0.0204962 0.00564297 -0.00716052 -0.0204962 0.0956384 -0.00715437 0.019258 0.00564297 -0.00715437 0.00852079 -0.0166467 -0.00716052 0.019258 -0.0166467 0.0856173 
