0.0119948 0 -0.00104678 0 0 0.01 0 0 -0.00104678 0 0.00435073 0 0 0 0 0.01 
0.0169143 -0.0209243 -0.00137588 0.00167682 -0.0209243 0.0492948 0.00167682 -0.00321454 -0.00137588 0.00167682 0.00610214 -0.0076855 0.00167682 -0.00321454 -0.0076855 0.0239102 
0.0163644 -0.0294872 -0.00117894 0.0018118 -0.0294872 0.103267 0.0018118 -0.00566547 -0.00117894 0.0018118 0.00657762 -0.0139539 0.0018118 -0.00566547 -0.0139539 0.0542117 
0.0151121 -0.0266452 -0.00104804 0.00125295 -0.0266452 0.11259 0.00125782 -0.00403518 -0.00104804 0.00125782 0.00608839 -0.0150813 0.00125295 -0.00403518 -0.0150813 0.0728926 
0.0151362 -0.0249964 -0.00113238 0.00116661 -0.0249964 0.109657 0.00117993 -0.00310894 -0.00113238 0.00117993 0.00586646 -0.0141703 0.00116661 -0.00310894 -0.0141703 0.077525 
0.0155055 -0.0250694 -0.00117087 0.00131502 -0.0250694 0.10854 0.00132499 -0.00315964 -0.00117087 0.00132499 0.00591531 -0.0136178 0.00131502 -0.00315964 -0.0136178 0.077624 
0.0157134 -0.0255028 -0.00122669 0.00138036 -0.0255028 0.109081 0.00138492 -0.00337736 -0.00122669 0.00138492 0.00607281 -0.0135945 0.00138036 -0.00337736 -0.0135945 0.0776064 
0.0157988 -0.0257196 -0.00118341 0.00142526 -0.0257196 0.109699 0.00142326 -0.00349813 -0.00118341 0.00142326 0.00604517 -0.0137197 0.00142526 -0.00349813 -0.0137197 0.0778035 
0.015817 -0.0257954 -0.00115072 0.00136923 -0.0257954 0.109995 0.00136853 -0.0034501 -0.00115072 0.00136853 0.00599116 -0.0136895 0.00136923 -0.0034501 -0.0136895 0.0779116 
0.0157993 -0.0258075 -0.00119006 0.00133215 -0.0258075 0.110088 0.00133448 -0.00335827 -0.00119006 0.00133448 0.00601106 -0.0136413 0.00133215 -0.00335827 -0.0136413 0.0778931 
0.0158 -0.0257856 -0.00118665 0.00137929 -0.0257856 0.110075 0.00137709 -0.00338908 -0.00118665 0.00137709 0.00595495 -0.0136486 0.00137929 -0.00338908 -0.0136486 0.0778506 
0.0158181 -0.0257836 -0.0011296 0.00138714 -0.0257836 0.110055 0.00138518 -0.00344082 -0.0011296 0.00138518 0.0059587 -0.0136114 0.00138714 -0.00344082 -0.0136114 0.0778402 
0.0158289 -0.0258051 -0.00109185 0.00131543 -0.0258051 0.110084 0.00131843 -0.00335024 -0.00109185 0.00131843 0.00597292 -0.0136062 0.00131543 -0.00335024 -0.0136062 0.0777942 
0.0158285 -0.0258195 -0.00109835 0.0012559 -0.0258195 0.110125 0.00126336 -0.00319677 -0.00109835 0.00126336 0.0058403 -0.0135833 0.0012559 -0.00319677 -0.0135833 0.077672 
0.0158191 -0.025819 -0.00112888 0.00126442 -0.025819 0.110138 0.00127115 -0.00314875 -0.00112888 0.00127115 0.00575395 -0.0134249 0.00126442 -0.00314875 -0.0134249 0.0773968 
0.0158117 -0.0258059 -0.00115167 0.00131118 -0.0258059 0.110119 0.00131342 -0.00321833 -0.00115167 0.00131342 0.00568813 -0.0133069 0.00131118 -0.00321833 -0.0133069 0.0770716 
0.0158047 -0.0257968 -0.00115803 0.00134336 -0.0257968 0.110093 0.00134287 -0.00330573 -0.00115803 0.00134287 0.00564392 -0.0132043 0.00134336 -0.00330573 -0.0132043 0.0767514 
0.0157965 -0.025787 -0.00117312 0.00135807 -0.025787 0.110068 0.00135855 -0.00337082 -0.00117312 0.00135855 0.00567664 -0.0131691 0.00135807 -0.00337082 -0.0131691 0.0766161 
0.0157686 -0.0257765 -0.00124263 0.00137656 -0.0257765 0.110041 0.00137769 -0.00342137 -0.00124263 0.00137769 0.00579772 -0.0132288 0.00137656 -0.00342137 -0.0132288 0.0766975 
0.015743 -0.0257449 -0.00130837 0.00145411 -0.0257449 0.109983 0.00144969 -0.0035449 -0.00130837 0.00144969 0.00590162 -0.013378 0.00145411 -0.0035449 -0.013378 0.0769706 
0.0157421 -0.0257154 -0.00130648 0.00153112 -0.0257154 0.109912 0.00152126 -0.00371518 -0.00130648 0.00152126 0.00596371 -0.0135136 0.00153112 -0.00371518 -0.0135136 0.0773197 
0.0157582 -0.0257132 -0.00126682 0.00153106 -0.0257132 0.10988 0.00152147 -0.00378721 -0.00126682 0.00152147 0.00601071 -0.0136142 0.00153106 -0.00378721 -0.0136142 0.0776565 
0.0157901 -0.0257345 -0.00118778 0.00147348 -0.0257345 0.109907 0.00147 -0.00370983 -0.00118778 0.00147 0.00597733 -0.0136687 0.00147348 -0.00370983 -0.0136687 0.0778557 
0.0158267 -0.0257737 -0.00111138 0.001374 -0.0257737 0.109984 0.00137812 -0.00351705 -0.00111138 0.00137812 0.00587597 -0.013628 0.001374 -0.00351705 -0.013628 0.0778618 
0.0158563 -0.0258159 -0.00102825 0.00128572 -0.0258159 0.110084 0.00129326 -0.00330376 -0.00102825 0.00129326 0.00577516 -0.0135055 0.00128572 -0.00330376 -0.0135055 0.0776637 
0.0158637 -0.0258513 -0.0010057 0.00119493 -0.0258513 0.110176 0.00120456 -0.00309538 -0.0010057 0.00120456 0.00575991 -0.0133757 0.00119493 -0.00309538 -0.0133757 0.0773596 
0.0158624 -0.0258585 -0.000996313 0.00117258 -0.0258585 0.110222 0.00118169 -0.0029833 -0.000996313 0.00118169 0.00586766 -0.0133626 0.00117258 -0.0029833 -0.0133626 0.0772265 
0.0158553 -0.0258568 -0.00101602 0.00115933 -0.0258568 0.110231 0.00116567 -0.00292799 -0.00101602 0.00116567 0.0059446 -0.0134869 0.00115933 -0.00292799 -0.0134869 0.0773559 
0.0158615 -0.0258495 -0.00101365 0.00117687 -0.0258495 0.110221 0.00117906 -0.00292331 -0.00101365 0.00117906 0.00594303 -0.0135807 0.00117687 -0.00292331 -0.0135807 0.0775734 
0.0158636 -0.0258555 -0.00102118 0.00118055 -0.0258555 0.110224 0.00117839 -0.00293216 -0.00102118 0.00117839 0.00595816 -0.0135938 0.00118055 -0.00293216 -0.0135938 0.0777093 
0.0158587 -0.0258582 -0.00103011 0.00119545 -0.0258582 0.110234 0.00118947 -0.00295954 -0.00103011 0.00118947 0.00596698 -0.0136151 0.00119545 -0.00295954 -0.0136151 0.0777824 
0.0158407 -0.0258531 -0.00107911 0.00120727 -0.0258531 0.110228 0.00120198 -0.0029959 -0.00107911 0.00120198 0.00599972 -0.0136311 0.00120727 -0.0029959 -0.0136311 0.0778447 
0.0158257 -0.0258331 -0.00110926 0.00125659 -0.0258331 0.110195 0.00125059 -0.00307724 -0.00110926 0.00125059 0.0059856 -0.0136375 0.00125659 -0.00307724 -0.0136375 0.0778191 
0.0158307 -0.0258139 -0.00110479 0.00129704 -0.0258139 0.110148 0.00129191 -0.00318376 -0.00110479 0.00129191 0.00596646 -0.0136594 0.00129704 -0.00318376 -0.0136594 0.0779187 
0.0158511 -0.0258197 -0.00105416 0.0012818 -0.0258197 0.11014 0.00128052 -0.00319275 -0.00105416 0.00128052 0.00582439 -0.0135873 0.0012818 -0.00319275 -0.0135873 0.0777566 
0.0158569 -0.025844 -0.00105997 0.00122499 -0.025844 0.110178 0.00122722 -0.00310718 -0.00105997 0.00122722 0.00566374 -0.0134059 0.00122499 -0.00310718 -0.0134059 0.0773958 
0.015849 -0.0258506 -0.0010929 0.00124003 -0.0258506 0.110208 0.00124169 -0.00309418 -0.0010929 0.00124169 0.00556877 -0.0131992 0.00124003 -0.00309418 -0.0131992 0.0769107 
0.0158315 -0.0258395 -0.00112983 0.00129407 -0.0258395 0.110198 0.00129154 -0.00319676 -0.00112983 0.00129154 0.00559146 -0.0130881 0.00129407 -0.00319676 -0.0130881 0.0765614 
0.0158339 -0.0258178 -0.00110408 0.00134226 -0.0258178 0.110155 0.001339 -0.00332433 -0.00110408 0.001339 0.00570306 -0.0131172 0.00134226 -0.00332433 -0.0131172 0.0764777 
0.0158535 -0.025821 -0.00103217 0.00130025 -0.025821 0.11014 0.00130143 -0.00330613 -0.00103217 0.00130143 0.00574303 -0.013238 0.00130025 -0.00330613 -0.013238 0.0766175 
0.0158491 -0.0258444 -0.00103973 0.00120975 -0.0258444 0.110174 0.00121786 -0.00314515 -0.00103973 0.00121786 0.00589494 -0.0133467 0.00120975 -0.00314515 -0.0133467 0.0769648 
0.0158701 -0.0258407 -0.000979305 0.00120968 -0.0258407 0.11019 0.00121605 -0.00305459 -0.000979305 0.00121605 0.00601489 -0.0135442 0.00120968 -0.00305459 -0.0135442 0.0774153 
0.0158662 -0.025866 -0.000999307 0.00113854 -0.025866 0.11023 0.00114189 -0.0029226 -0.000999307 0.00114189 0.00606322 -0.0137016 0.00113854 -0.0029226 -0.0137016 0.0778598 
0.015867 -0.025863 -0.000995164 0.00116147 -0.025863 0.110247 0.00116069 -0.00288742 -0.000995164 0.00116069 0.0060526 -0.0137803 0.00116147 -0.00288742 -0.0137803 0.0781869 
0.0158657 -0.0258624 -0.00100883 0.00116059 -0.0258624 0.110249 0.00115797 -0.00289141 -0.00100883 0.00115797 0.00599679 -0.0137583 0.00116059 -0.00289141 -0.0137583 0.0782534 
0.0158667 -0.0258612 -0.00101126 0.00117613 -0.0258612 0.110247 0.0011737 -0.00291475 -0.00101126 0.0011737 0.0059592 -0.0136768 0.00117613 -0.00291475 -0.0136768 0.0781161 
0.0158778 -0.0258614 -0.000968803 0.00118542 -0.0258614 0.110245 0.001183 -0.00294854 -0.000968803 0.001183 0.00597171 -0.0136398 0.00118542 -0.00294854 -0.0136398 0.0780113 
0.0158788 -0.0258747 -0.00095947 0.00113723 -0.0258747 0.110264 0.00113885 -0.00289607 -0.00095947 0.00113885 0.00606435 -0.0136734 0.00113723 -0.00289607 -0.0136734 0.0780513 
0.0158681 -0.0258767 -0.000979011 0.00111763 -0.0258767 0.110278 0.00112068 -0.0028276 -0.000979011 0.00112068 0.00615466 -0.0137822 0.00111763 -0.0028276 -0.0137822 0.0782321 
0.0158482 -0.0258655 -0.0010414 0.00113153 -0.0258655 0.110267 0.00113318 -0.00281496 -0.0010414 0.00113318 0.00606248 -0.0138651 0.00113153 -0.00281496 -0.0138651 0.0783952 
0.0158264 -0.0258416 -0.00111116 0.00120739 -0.0258416 0.110222 0.00120618 -0.00292827 -0.00111116 0.00120618 0.0060155 -0.013779 0.00120739 -0.00292827 -0.013779 0.0783856 
0.0158142 -0.0258141 -0.00115311 0.00130084 -0.0258141 0.110159 0.00129579 -0.0031311 -0.00115311 0.00129579 0.00604538 -0.0137343 0.00130084 -0.0031311 -0.0137343 0.0783101 
0.0158209 -0.0258009 -0.00113442 0.00134483 -0.0258009 0.110113 0.00133744 -0.00327584 -0.00113442 0.00133744 0.00596692 -0.0137095 0.00134483 -0.00327584 -0.0137095 0.0781307 
0.0158226 -0.025808 -0.00113136 0.00132522 -0.025808 0.110108 0.00132167 -0.00330442 -0.00113136 0.00132167 0.00593243 -0.013626 0.00132522 -0.00330442 -0.013626 0.0779655 
0.0158281 -0.0258098 -0.00111165 0.00132307 -0.0258098 0.110113 0.00132379 -0.00330448 -0.00111165 0.00132379 0.00599398 -0.0136001 0.00132307 -0.00330448 -0.0136001 0.077881 
0.0158025 -0.0258162 -0.00117512 0.00129661 -0.0258162 0.110125 0.00129808 -0.00326515 -0.00117512 0.00129808 0.0060793 -0.0136688 0.00129661 -0.00326515 -0.0136688 0.0779405 
0.0157781 -0.0257888 -0.0012178 0.00136623 -0.0257888 0.11009 0.0013639 -0.00333807 -0.0012178 0.0013639 0.00615518 -0.0137738 0.00136623 -0.00333807 -0.0137738 0.0781407 
0.0157606 -0.0257598 -0.00124568 0.00141573 -0.0257598 0.110026 0.00141045 -0.00345757 -0.00124568 0.00141045 0.00616158 -0.0138693 0.00141573 -0.00345757 -0.0138693 0.0783819 
0.0157706 -0.0257394 -0.00121746 0.0014377 -0.0257394 0.109969 0.0014348 -0.00352703 -0.00121746 0.0014348 0.00607854 -0.0138643 0.0014377 -0.00352703 -0.0138643 0.0784496 
0.0157681 -0.0257511 -0.00123437 0.00139704 -0.0257511 0.109966 0.00140032 -0.00348589 -0.00123437 0.00140032 0.00596856 -0.0137432 0.00139704 -0.00348589 -0.0137432 0.0782443 
0.0157692 -0.0257483 -0.00122827 0.00142022 -0.0257483 0.109967 0.00142363 -0.0034931 -0.00122827 0.00142363 0.00590577 -0.0136025 0.00142022 -0.0034931 -0.0136025 0.0779199 
0.0157648 -0.0257481 -0.00124479 0.00142176 -0.0257481 0.109964 0.00142472 -0.00351872 -0.00124479 0.00142472 0.0058889 -0.0135197 0.00142176 -0.00351872 -0.0135197 0.0776508 
0.0157438 -0.0257427 -0.00130884 0.00144479 -0.0257427 0.109953 0.00144627 -0.00356084 -0.00130884 0.00144627 0.00587654 -0.0134983 0.00144479 -0.00356084 -0.0134983 0.0775195 
0.0157316 -0.0257166 -0.00132376 0.00152756 -0.0257166 0.109909 0.0015228 -0.00370643 -0.00132376 0.0015228 0.00596621 -0.0134947 0.00152756 -0.00370643 -0.0134947 0.0774982 
0.0157289 -0.0257048 -0.00132782 0.00153514 -0.0257048 0.109871 0.00152864 -0.00377743 -0.00132782 0.00152864 0.00588184 -0.0135456 0.00153514 -0.00377743 -0.0135456 0.0774647 
0.0157444 -0.0257011 -0.00129054 0.00153584 -0.0257011 0.109852 0.00153337 -0.00379582 -0.00129054 0.00153337 0.00575307 -0.0134555 0.00153584 -0.00379582 -0.0134555 0.0773541 
0.0157654 -0.0257188 -0.00124524 0.00148947 -0.0257188 0.109873 0.00149253 -0.00373188 -0.00124524 0.00149253 0.00556046 -0.0132651 0.00148947 -0.00373188 -0.0132651 0.0769446 
0.0157744 -0.0257425 -0.00123977 0.00144162 -0.0257425 0.109921 0.00144988 -0.00363729 -0.00123977 0.00144988 0.00541812 -0.0130187 0.00144162 -0.00363729 -0.0130187 0.0763784 
0.0157743 -0.0257515 -0.00124521 0.00144658 -0.0257515 0.109953 0.00145524 -0.00361774 -0.00124521 0.00145524 0.00538309 -0.0128317 0.00144658 -0.00361774 -0.0128317 0.0758425 
0.0157886 -0.0257493 -0.00119828 0.00146992 -0.0257493 0.109958 0.00147436 -0.00366922 -0.00119828 0.00147436 0.00545247 -0.0127981 0.00146992 -0.00366922 -0.0127981 0.0756073 
0.0157955 -0.0257674 -0.0011773 0.00140622 -0.0257674 0.109984 0.00141142 -0.00359094 -0.0011773 0.00141142 0.00550236 -0.0128542 0.00140622 -0.00359094 -0.0128542 0.0755591 
0.0157991 -0.0257751 -0.00116755 0.00137918 -0.0257751 0.110011 0.00138416 -0.00349853 -0.00116755 0.00138416 0.00559798 -0.0129504 0.00137918 -0.00349853 -0.0129504 0.0757701 
0.0158221 -0.0257812 -0.00110659 0.00135848 -0.0257812 0.110032 0.00136042 -0.00342042 -0.00110659 0.00136042 0.00556724 -0.0130543 0.00135848 -0.00342042 -0.0130543 0.0759915 
0.0158275 -0.0258092 -0.00110295 0.00128587 -0.0258092 0.110082 0.00128866 -0.00328307 -0.00110295 0.00128866 0.00549964 -0.0130246 0.00128587 -0.00328307 -0.0130246 0.0760537 
0.0158416 -0.0258149 -0.00106487 0.00128816 -0.0258149 0.110115 0.00128962 -0.00322692 -0.00106487 0.00128962 0.00543276 -0.0129575 0.00128816 -0.00322692 -0.0129575 0.0759875 
0.0158346 -0.0258307 -0.00109521 0.00124711 -0.0258307 0.110147 0.00125053 -0.00316383 -0.00109521 0.00125053 0.00537985 -0.0128584 0.00124711 -0.00316383 -0.0128584 0.0757701 
0.0158148 -0.0258228 -0.00115104 0.001286 -0.0258228 0.110149 0.00128626 -0.00319057 -0.00115104 0.00128626 0.00533592 -0.0127856 0.001286 -0.00319057 -0.0127856 0.075557 
0.0157997 -0.0257981 -0.0011859 0.001362 -0.0257981 0.110107 0.00135748 -0.00333687 -0.0011859 0.00135748 0.00531351 -0.0127312 0.001362 -0.00333687 -0.0127312 0.0753997 
0.0157974 -0.025778 -0.00118483 0.00140737 -0.025778 0.110054 0.00140305 -0.00347804 -0.00118483 0.00140305 0.00533476 -0.0126991 0.00140737 -0.00347804 -0.0126991 0.0752884 
0.0157928 -0.0257759 -0.00119759 0.00140112 -0.0257759 0.110029 0.00139961 -0.00351844 -0.00119759 0.00139961 0.00535452 -0.0127108 0.00140112 -0.00351844 -0.0127108 0.0752385 
0.0157702 -0.0257701 -0.00126761 0.00141342 -0.0257701 0.110015 0.00141357 -0.0035394 -0.00126761 0.00141357 0.00537498 -0.0127477 0.00141342 -0.0035394 -0.0127477 0.0753033 
0.0157559 -0.0257433 -0.0013113 0.00150035 -0.0257433 0.109969 0.00149466 -0.00367833 -0.0013113 0.00149466 0.00545608 -0.0127849 0.00150035 -0.00367833 -0.0127849 0.0754144 
0.0157589 -0.0257252 -0.00129837 0.00156344 -0.0257252 0.109917 0.00155219 -0.0038483 -0.00129837 0.00155219 0.00557953 -0.0129011 0.00156344 -0.0038483 -0.0129011 0.0756611 
0.0157582 -0.0257314 -0.00128916 0.001536 -0.0257314 0.109908 0.001528 -0.00386445 -0.00128916 0.001528 0.00568032 -0.0130404 0.001536 -0.00386445 -0.0130404 0.0759504 
0.0157572 -0.0257328 -0.0012757 0.00151133 -0.0257328 0.109916 0.00150682 -0.00380626 -0.0012757 0.00150682 0.00574276 -0.0131721 0.00151133 -0.00380626 -0.0131721 0.0762846 
0.0157522 -0.0257339 -0.00127658 0.00148429 -0.0257339 0.109921 0.00148208 -0.00373251 -0.00127658 0.00148208 0.00572165 -0.0132489 0.00148429 -0.00373251 -0.0132489 0.0765318 
0.0157832 -0.0257274 -0.00120423 0.00148506 -0.0257274 0.109913 0.00148565 -0.00370552 -0.00120423 0.00148565 0.00564809 -0.0132498 0.00148506 -0.00370552 -0.0132498 0.076671 
0.0158015 -0.0257614 -0.00117391 0.00140444 -0.0257614 0.109958 0.00141069 -0.0035884 -0.00117391 0.00141069 0.0056247 -0.0131766 0.00140444 -0.0035884 -0.0131766 0.0766299 
0.0158195 -0.0257844 -0.00113361 0.00137231 -0.0257844 0.11002 0.00137851 -0.00347939 -0.00113361 0.00137851 0.00560774 -0.0131545 0.00137231 -0.00347939 -0.0131545 0.0765764 
0.015832 -0.0258045 -0.00108835 0.00133109 -0.0258045 0.110074 0.00133662 -0.00338868 -0.00108835 0.00133662 0.00565858 -0.0131488 0.00133109 -0.00338868 -0.0131488 0.0765782 
0.0158304 -0.0258199 -0.00108602 0.00126958 -0.0258199 0.110118 0.00127736 -0.00325522 -0.00108602 0.00127736 0.00568912 -0.0131899 0.00126958 -0.00325522 -0.0131899 0.0766008 
0.0158021 -0.0258188 -0.00115156 0.00126562 -0.0258188 0.110133 0.00127138 -0.00318622 -0.00115156 0.00127138 0.00574329 -0.0132419 0.00126562 -0.00318622 -0.0132419 0.0767251 
0.0157257 -0.0257857 -0.00131617 0.00134506 -0.0257857 0.110085 0.00134474 -0.00328463 -0.00131617 0.00134474 0.00589404 -0.0133245 0.00134506 -0.00328463 -0.0133245 0.0769333 
0.0156821 -0.0256965 -0.00140991 0.00153836 -0.0256965 0.109926 0.00152611 -0.00361777 -0.00140991 0.00152611 0.00595891 -0.013502 0.00153836 -0.00361777 -0.013502 0.0772776 
0.0156887 -0.0256395 -0.00140583 0.00166609 -0.0256395 0.10976 0.00164942 -0.00397802 -0.00140583 0.00164942 0.00608353 -0.0136447 0.00166609 -0.00397802 -0.0136447 0.0777657 
0.0157033 -0.0256499 -0.00138358 0.00164698 -0.0256499 0.109715 0.00163476 -0.00407118 -0.00138358 0.00163476 0.00615259 -0.0137787 0.00164698 -0.00407118 -0.0137787 0.0781129 
0.0157083 -0.025671 -0.00137922 0.00160433 -0.025671 0.10975 0.00159733 -0.00400395 -0.00137922 0.00159733 0.0061421 -0.0138546 0.00160433 -0.00400395 -0.0138546 0.078346 
0.0157141 -0.0256786 -0.00135956 0.00159872 -0.0256786 0.109779 0.00159495 -0.00396428 -0.00135956 0.00159495 0.00616627 -0.0138584 0.00159872 -0.00396428 -0.0138584 0.0784659 
0.0157428 -0.0256869 -0.00129317 0.00156678 -0.0256869 0.109802 0.00156492 -0.00390187 -0.00129317 0.00156492 0.00610561 -0.0138451 0.00156678 -0.00390187 -0.0138451 0.0783969 
0.015772 -0.0257195 -0.00121927 0.0014868 -0.0257195 0.10986 0.0014909 -0.00375664 -0.00121927 0.0014909 0.00601792 -0.0137667 0.0014868 -0.00375664 -0.0137667 0.07824 
0.0157562 -0.025753 -0.00127064 0.0014024 -0.025753 0.109938 0.00141149 -0.00357149 -0.00127064 0.00141149 0.00596822 -0.0136753 0.0014024 -0.00357149 -0.0136753 0.0780542 
0.0157419 -0.0257341 -0.0013141 0.00147035 -0.0257341 0.10994 0.00147495 -0.00359761 -0.0013141 0.00147495 0.00601189 -0.0136302 0.00147035 -0.00359761 -0.0136302 0.0779362 
0.0157131 -0.0257162 -0.00138688 0.00152823 -0.0257162 0.109903 0.00152431 -0.00372439 -0.00138688 0.00152431 0.00600351 -0.0136592 0.00152823 -0.00372439 -0.0136592 0.0778962 
0.0157114 -0.0256818 -0.00138923 0.00161963 -0.0256818 0.109835 0.00161043 -0.0039143 -0.00138923 0.00161043 0.00600236 -0.0136591 0.00161963 -0.0039143 -0.0136591 0.0779186 
0.0157402 -0.0256784 -0.00130785 0.00162984 -0.0256784 0.109796 0.00162184 -0.00402223 -0.00130785 0.00162184 0.00605122 -0.0136707 0.00162984 -0.00402223 -0.0136707 0.0779674 
0.0157946 -0.0257144 -0.0011611 0.00151876 -0.0257144 0.109843 0.00152076 -0.00387927 -0.0011611 0.00152076 0.0060041 -0.0137055 0.00151876 -0.00387927 -0.0137055 0.0779871 
0.015829 -0.0257785 -0.00106683 0.00133503 -0.0257785 0.109969 0.00134935 -0.00352233 -0.00106683 0.00134935 0.00594194 -0.0136648 0.00133503 -0.00352233 -0.0136648 0.0779646 
0.0158216 -0.0258214 -0.00109191 0.00121561 -0.0258214 0.110093 0.00123524 -0.00317825 -0.00109191 0.00123524 0.00588274 -0.0135827 0.00121561 -0.00317825 -0.0135827 0.0778069 
0.0158069 -0.0258114 -0.00113411 0.00125196 -0.0258114 0.110122 0.00126476 -0.00310513 -0.00113411 0.00126476 0.00588749 -0.013513 0.00125196 -0.00310513 -0.013513 0.077638 
0.0157867 -0.0257916 -0.00119041 0.00131107 -0.0257916 0.110091 0.00131451 -0.00319567 -0.00119041 0.00131451 0.00593452 -0.0135011 0.00131107 -0.00319567 -0.0135011 0.0775218 
0.0157453 -0.0257686 -0.00129614 0.00138185 -0.0257686 0.110039 0.00137779 -0.00334338 -0.00129614 0.00137779 0.00597659 -0.0135521 0.00138185 -0.00334338 -0.0135521 0.0775525 
0.0157314 -0.0257191 -0.00132945 0.00151307 -0.0257191 0.109943 0.00150048 -0.0035992 -0.00132945 0.00150048 0.0060169 -0.0136204 0.00151307 -0.0035992 -0.0136204 0.0777156 
0.0157216 -0.0257028 -0.00134046 0.00154947 -0.0257028 0.109876 0.00153591 -0.00376577 -0.00134046 0.00153591 0.00597674 -0.0136424 0.00154947 -0.00376577 -0.0136424 0.0777679 
0.0157037 -0.0256911 -0.0013619 0.00156223 -0.0256911 0.109835 0.00155513 -0.00384274 -0.0013619 0.00155513 0.00601077 -0.0136183 0.00156223 -0.00384274 -0.0136183 0.0777967 
0.0157137 -0.0256738 -0.00132727 0.00156808 -0.0256738 0.109798 0.00156652 -0.00386213 -0.00132727 0.00156652 0.00598829 -0.0136094 0.00156808 -0.00386213 -0.0136094 0.0776922 
0.015735 -0.0256831 -0.00127065 0.00152402 -0.0256831 0.109795 0.00152757 -0.00380432 -0.00127065 0.00152757 0.0059298 -0.0135877 0.00152402 -0.00380432 -0.0135877 0.0776336 
0.0157326 -0.0257076 -0.00127235 0.00146051 -0.0257076 0.109836 0.00146854 -0.00368199 -0.00127235 0.00146854 0.00593809 -0.0135462 0.00146051 -0.00368199 -0.0135462 0.0776002 
0.0157299 -0.0257055 -0.00128915 0.00146043 -0.0257055 0.109854 0.00146795 -0.00362192 -0.00128915 0.00146795 0.00584249 -0.013555 0.00146043 -0.00362192 -0.013555 0.0775912 
0.015698 -0.0257018 -0.00137541 0.00148603 -0.0257018 0.109849 0.00149004 -0.00364902 -0.00137541 0.00149004 0.00579858 -0.0134426 0.00148603 -0.00364902 -0.0134426 0.0774407 
0.0157038 -0.0256621 -0.00135886 0.00160614 -0.0256621 0.109784 0.00160238 -0.00385565 -0.00135886 0.00160238 0.00584525 -0.0133992 0.00160614 -0.00385565 -0.0133992 0.0773275 
0.0157196 -0.0256663 -0.00132157 0.00159583 -0.0256663 0.109755 0.00159132 -0.00395292 -0.00132157 0.00159132 0.00593111 -0.0134547 0.00159583 -0.00395292 -0.0134547 0.0773665 
0.0157338 -0.0256878 -0.00129225 0.00153519 -0.0256878 0.109787 0.0015357 -0.00386617 -0.00129225 0.0015357 0.00595011 -0.0135523 0.00153519 -0.00386617 -0.0135523 0.0775259 
0.0157517 -0.0257053 -0.00125377 0.00150201 -0.0257053 0.10983 0.00150462 -0.00377174 -0.00125377 0.00150462 0.00603949 -0.0136204 0.00150201 -0.00377174 -0.0136204 0.077782 
0.0157611 -0.0257279 -0.00123039 0.00144401 -0.0257279 0.109884 0.00144717 -0.00363716 -0.00123039 0.00144717 0.00606202 -0.0136984 0.00144401 -0.00363716 -0.0136984 0.077933 
0.0157521 -0.0257395 -0.00125398 0.00141719 -0.0257395 0.109925 0.00141963 -0.00354097 -0.00125398 0.00141963 0.00610473 -0.0137475 0.00141719 -0.00354097 -0.0137475 0.078108 
0.0157482 -0.02573 -0.00127538 0.00144413 -0.02573 0.109925 0.00144275 -0.00354179 -0.00127538 0.00144275 0.00611596 -0.0137905 0.00144413 -0.00354179 -0.0137905 0.0782186 
0.0157647 -0.0257243 -0.00124336 0.00147689 -0.0257243 0.10991 0.00147155 -0.00360672 -0.00124336 0.00147155 0.00611161 -0.0138198 0.00147689 -0.00360672 -0.0138198 0.0783333 
0.0157825 -0.0257445 -0.00121324 0.00143591 -0.0257445 0.109936 0.00143181 -0.00357147 -0.00121324 0.00143181 0.00599916 -0.013783 0.00143591 -0.00357147 -0.013783 0.0782571 
0.0157923 -0.0257651 -0.00120051 0.00140344 -0.0257651 0.109984 0.00140232 -0.00350373 -0.00120051 0.00140232 0.00589215 -0.0136515 0.00140344 -0.00350373 -0.0136515 0.0780342 
0.0158131 -0.025778 -0.00115596 0.00138202 -0.025778 0.110025 0.00138267 -0.00344159 -0.00115596 0.00138267 0.00565245 -0.0134504 0.00138202 -0.00344159 -0.0134504 0.0774969 
0.0158268 -0.0257994 -0.00112111 0.00134225 -0.0257994 0.110068 0.00134579 -0.00337803 -0.00112111 0.00134579 0.00552358 -0.0131538 0.00134225 -0.00337803 -0.0131538 0.0768255 
0.0158178 -0.0258138 -0.00113534 0.00130994 -0.0258138 0.110107 0.00131675 -0.003316 -0.00113534 0.00131675 0.00548479 -0.0129805 0.00130994 -0.003316 -0.0129805 0.0762568 
0.0158065 -0.0258029 -0.00115423 0.00133016 -0.0258029 0.110104 0.0013359 -0.00332557 -0.00115423 0.0013359 0.00549222 -0.0129306 0.00133016 -0.00332557 -0.0129306 0.0759684 
0.0158157 -0.0257877 -0.00111756 0.00135899 -0.0257877 0.110072 0.00136258 -0.00338642 -0.00111756 0.00136258 0.00555867 -0.0129633 0.00135899 -0.00338642 -0.0129633 0.0759739 
0.0158276 -0.0257983 -0.00109698 0.00130857 -0.0257983 0.110073 0.00131413 -0.00333076 -0.00109698 0.00131413 0.00558823 -0.0130412 0.00130857 -0.00333076 -0.0130412 0.0760983 
0.0158353 -0.0258144 -0.0010955 0.00127666 -0.0258144 0.110105 0.00128193 -0.00323359 -0.0010955 0.00128193 0.00556952 -0.0130783 0.00127666 -0.00323359 -0.0130783 0.0762155 
0.0158484 -0.025823 -0.00107573 0.00128457 -0.025823 0.110133 0.00128478 -0.00321271 -0.00107573 0.00128478 0.00556853 -0.0130784 0.00128457 -0.00321271 -0.0130784 0.0763036 
0.015866 -0.0258386 -0.00102397 0.00126858 -0.0258386 0.110166 0.00126578 -0.00319184 -0.00102397 0.00126578 0.00556408 -0.0130686 0.00126858 -0.00319184 -0.0130686 0.0762954 
0.0158761 -0.0258604 -0.000991627 0.00120701 -0.0258604 0.110214 0.00120561 -0.00309169 -0.000991627 0.00120561 0.00550932 -0.0130425 0.00120701 -0.00309169 -0.0130425 0.076212 
0.0158931 -0.0258723 -0.000930754 0.00116916 -0.0258723 0.110253 0.00117131 -0.00299267 -0.000930754 0.00117131 0.00547275 -0.0129921 0.00116916 -0.00299267 -0.0129921 0.0761325 
0.0158828 -0.0258918 -0.000969321 0.00109575 -0.0258918 0.110295 0.0011014 -0.00284945 -0.000969321 0.0011014 0.0054895 -0.0129299 0.00109575 -0.00284945 -0.0129299 0.0759668 
0.0158833 -0.0258799 -0.000976637 0.00114132 -0.0258799 0.110297 0.00114401 -0.00285089 -0.000976637 0.00114401 0.00550393 -0.0129512 0.00114132 -0.00285089 -0.0129512 0.0759329 
0.0158886 -0.0258787 -0.000954952 0.00115832 -0.0258787 0.110288 0.00115654 -0.00290284 -0.000954952 0.00115654 0.005549 -0.0129818 0.00115832 -0.00290284 -0.0129818 0.0759993 
0.0158976 -0.0258854 -0.000916065 0.00113195 -0.0258854 0.110295 0.00113043 -0.00288168 -0.000916065 0.00113043 0.00556997 -0.0130376 0.00113195 -0.00288168 -0.0130376 0.0761113 
0.0158896 -0.0258955 -0.000937503 0.00108436 -0.0258955 0.110315 0.00108687 -0.00279536 -0.000937503 0.00108687 0.0056385 -0.0131032 0.00108436 -0.00279536 -0.0131032 0.0763327 
0.0158872 -0.0258879 -0.000948701 0.00110249 -0.0258879 0.110315 0.00110448 -0.00277335 -0.000948701 0.00110448 0.00566543 -0.0131782 0.00110249 -0.00277335 -0.0131782 0.0765142 
0.0158745 -0.0258845 -0.000997974 0.00111981 -0.0258845 0.110304 0.00111904 -0.00280404 -0.000997974 0.00111904 0.00574343 -0.0132347 0.00111981 -0.00280404 -0.0132347 0.0767214 
0.0158585 -0.0258695 -0.00104306 0.00117997 -0.0258695 0.110278 0.00117446 -0.00290347 -0.00104306 0.00117446 0.00583652 -0.0133377 0.00117997 -0.00290347 -0.0133377 0.0769647 
0.0158498 -0.0258509 -0.00106088 0.00123294 -0.0258509 0.110238 0.00122539 -0.0030315 -0.00106088 0.00122539 0.0059063 -0.0134649 0.00123294 -0.0030315 -0.0134649 0.0772829 
0.0158558 -0.0258409 -0.00103617 0.00124975 -0.0258409 0.110205 0.00124335 -0.00310374 -0.00103617 0.00124335 0.00593172 -0.0135609 0.00124975 -0.00310374 -0.0135609 0.0775748 
