0.00999869 0 -0.0032156 0 0 0.01 0 0 -0.0032156 0 0.00512297 0 0 0 0 0.01 
0.0138136 -0.0171014 -0.00464147 0.00570315 -0.0171014 0.041964 0.00570315 -0.0109356 -0.00464147 0.00570315 0.00751775 -0.0094042 0.00570315 -0.0109356 -0.0094042 0.0272058 
0.0135052 -0.0245033 -0.00424283 0.00705057 -0.0245033 0.0873422 0.00705057 -0.0223977 -0.00424283 0.00705057 0.00791107 -0.0157806 0.00705057 -0.0223977 -0.0157806 0.0599212 
0.0126595 -0.0229265 -0.00375488 0.00523978 -0.0229265 0.0986595 0.00524542 -0.0187279 -0.00375488 0.00524542 0.00756399 -0.0165742 0.00523978 -0.0187279 -0.0165742 0.0778122 
0.0126972 -0.0218257 -0.00383247 0.00464041 -0.0218257 0.0986866 0.00464337 -0.0147252 -0.00383247 0.00464337 0.00748724 -0.0159828 0.00464041 -0.0147252 -0.0159828 0.082806 
0.0129975 -0.0218505 -0.00395023 0.0048492 -0.0218505 0.0987359 0.00483933 -0.0136253 -0.00395023 0.00483933 0.00755766 -0.0157055 0.0048492 -0.0136253 -0.0157055 0.0835256 
0.0130977 -0.022138 -0.00409355 0.00505324 -0.022138 0.0994116 0.0050392 -0.0137114 -0.00409355 0.0050392 0.00775418 -0.0157087 0.00505324 -0.0137114 -0.0157087 0.0836387 
0.0130674 -0.0221509 -0.00419291 0.00525909 -0.0221509 0.0996635 0.00524083 -0.0141184 -0.00419291 0.00524083 0.00782546 -0.0159318 0.00525909 -0.0141184 -0.0159318 0.0840169 
0.0130313 -0.0220589 -0.00423542 0.00539189 -0.0220589 0.0995119 0.00537574 -0.014502 -0.00423542 0.00537574 0.00776831 -0.0160206 0.00539189 -0.014502 -0.0160206 0.0843501 
0.0130119 -0.0220376 -0.00422767 0.00542574 -0.0220376 0.0994187 0.00542111 -0.014682 -0.00422767 0.00542111 0.0077341 -0.01592 0.00542574 -0.014682 -0.01592 0.0842858 
0.013011 -0.0220336 -0.00422983 0.00540631 -0.0220336 0.0994025 0.00541075 -0.0147117 -0.00422983 0.00541075 0.00772645 -0.0158436 0.00540631 -0.0147117 -0.0158436 0.0840633 
0.0130297 -0.0220447 -0.00419351 0.00540148 -0.0220447 0.0994251 0.0054073 -0.0147001 -0.00419351 0.0054073 0.00769714 -0.0158211 0.00540148 -0.0147001 -0.0158211 0.0839235 
0.013037 -0.0220497 -0.00418094 0.00536935 -0.0220497 0.0994211 0.00537571 -0.014666 -0.00418094 0.00537571 0.0076452 -0.0157926 0.00536935 -0.014666 -0.0157926 0.083835 
0.0129864 -0.0220758 -0.00421977 0.00534187 -0.0220758 0.0994868 0.0053493 -0.0145843 -0.00421977 0.0053493 0.0076885 -0.0157205 0.00534187 -0.0145843 -0.0157205 0.083689 
0.0129898 -0.0220332 -0.00419964 0.00538232 -0.0220332 0.099475 0.00538122 -0.014592 -0.00419964 0.00538122 0.00772657 -0.0157592 0.00538232 -0.014592 -0.0157592 0.0836711 
0.0129597 -0.0219999 -0.00423668 0.00538212 -0.0219999 0.0993512 0.0053746 -0.014637 -0.00423668 0.0053746 0.00772117 -0.0158265 0.00538212 -0.014637 -0.0158265 0.0837995 
0.0129127 -0.0219808 -0.00429848 0.00541297 -0.0219808 0.0993027 0.00540538 -0.01467 -0.00429848 0.00540538 0.00776097 -0.01582 0.00541297 -0.01467 -0.01582 0.0838621 
0.0128861 -0.0219356 -0.00432278 0.0054847 -0.0219356 0.0992283 0.0054748 -0.0147904 -0.00432278 0.0054748 0.00781973 -0.0158572 0.0054847 -0.0147904 -0.0158572 0.0839219 
0.0128545 -0.0218924 -0.00435116 0.00552222 -0.0218924 0.0991113 0.00551053 -0.0149187 -0.00435116 0.00551053 0.00786566 -0.015933 0.00552222 -0.0149187 -0.015933 0.0840697 
0.0128596 -0.0218403 -0.0043561 0.00556232 -0.0218403 0.0989674 0.00555011 -0.0150315 -0.0043561 0.00555011 0.00782732 -0.0160002 0.00556232 -0.0150315 -0.0160002 0.0842504 
0.012888 -0.0218325 -0.00432399 0.00557276 -0.0218325 0.0988805 0.00556758 -0.015108 -0.00432399 0.00556758 0.00772591 -0.0159585 0.00557276 -0.015108 -0.0159585 0.0842633 
0.0129306 -0.0218988 -0.00431591 0.00551529 -0.0218988 0.0990035 0.00552213 -0.01503 -0.00431591 0.00552213 0.00767006 -0.015811 0.00551529 -0.01503 -0.015811 0.0840028 
0.0129186 -0.0219373 -0.00435142 0.0055127 -0.0219373 0.0991016 0.00552794 -0.0150092 -0.00435142 0.00552794 0.00764081 -0.0157272 0.0055127 -0.0150092 -0.0157272 0.0837203 
0.0128868 -0.0219376 -0.00439615 0.00555441 -0.0219376 0.0991617 0.0055682 -0.015066 -0.00439615 0.0055682 0.00765233 -0.0156758 0.00555441 -0.015066 -0.0156758 0.0835188 
0.0128613 -0.0218866 -0.00442321 0.00562488 -0.0218866 0.0990813 0.00563116 -0.0152201 -0.00442321 0.00563116 0.00765351 -0.0156844 0.00562488 -0.0152201 -0.0156844 0.0834445 
0.0128644 -0.0218538 -0.00441623 0.00566303 -0.0218538 0.0989899 0.00566308 -0.0153453 -0.00441623 0.00566308 0.0076268 -0.0156812 0.00566303 -0.0153453 -0.0156812 0.0834157 
0.0128403 -0.0218254 -0.00443975 0.00567556 -0.0218254 0.0988653 0.00567606 -0.0154419 -0.00443975 0.00567606 0.00756847 -0.0156532 0.00567556 -0.0154419 -0.0156532 0.0833531 
0.0128158 -0.0218183 -0.00445405 0.00569184 -0.0218183 0.0988412 0.00569473 -0.0154798 -0.00445405 0.00569473 0.00754248 -0.0155603 0.00569184 -0.0154798 -0.0155603 0.0831661 
0.0127768 -0.0218367 -0.00447153 0.00568723 -0.0218367 0.0989294 0.00568849 -0.01545 -0.00447153 0.00568849 0.00762101 -0.0154938 0.00568723 -0.01545 -0.0154938 0.0829496 
0.0127077 -0.0217572 -0.00453736 0.00572942 -0.0217572 0.098795 0.00571962 -0.0155247 -0.00453736 0.00571962 0.00769032 -0.0155983 0.00572942 -0.0155247 -0.0155983 0.0830213 
0.0126679 -0.0216678 -0.0045677 0.00581333 -0.0216678 0.0985803 0.00579269 -0.0156755 -0.0045677 0.00579269 0.00776292 -0.0156978 0.00581333 -0.0156755 -0.0156978 0.0832584 
0.0126893 -0.0216048 -0.00454388 0.00585772 -0.0216048 0.098373 0.00583468 -0.0158248 -0.00454388 0.00583468 0.00774486 -0.0157965 0.00585772 -0.0158248 -0.0157965 0.0835206 
0.0126858 -0.0216446 -0.00455721 0.00581571 -0.0216446 0.098375 0.00580325 -0.0158063 -0.00455721 0.00580325 0.00774806 -0.0157793 0.00581571 -0.0158063 -0.0157793 0.0836111 
0.0126444 -0.0216413 -0.00461737 0.00582496 -0.0216413 0.0983919 0.00582083 -0.0157996 -0.00461737 0.00582083 0.00778041 -0.0157792 0.00582496 -0.0157996 -0.0157792 0.0836229 
0.0126521 -0.021586 -0.00463952 0.00590353 -0.021586 0.0983 0.00589868 -0.0159327 -0.00463952 0.00589868 0.00775239 -0.0158171 0.00590353 -0.0159327 -0.0158171 0.0836803 
0.0126517 -0.0215885 -0.0046303 0.00593777 -0.0215885 0.0982479 0.00593726 -0.0160684 -0.0046303 0.00593726 0.00771666 -0.0157797 0.00593777 -0.0160684 -0.0157797 0.0836486 
0.0126493 -0.0215751 -0.00461343 0.00593594 -0.0215751 0.0982037 0.00594039 -0.0161354 -0.00461343 0.00594039 0.0076675 -0.0157286 0.00593594 -0.0161354 -0.0157286 0.0835254 
0.0126242 -0.0215872 -0.00462994 0.00590759 -0.0215872 0.0982268 0.00591369 -0.0160969 -0.00462994 0.00591369 0.00767419 -0.0156524 0.00590759 -0.0160969 -0.0156524 0.0833376 
0.0125566 -0.0215621 -0.00469823 0.00592579 -0.0215621 0.0982037 0.005927 -0.0160967 -0.00469823 0.005927 0.00774052 -0.0156473 0.00592579 -0.0160967 -0.0156473 0.0832351 
0.0125005 -0.0214595 -0.00476803 0.00602524 -0.0214595 0.0979996 0.00601633 -0.0162684 -0.00476803 0.00601633 0.0077524 -0.0157329 0.00602524 -0.0162684 -0.0157329 0.0833378 
0.0125288 -0.0214131 -0.00477717 0.00610455 -0.0214131 0.0978639 0.00609067 -0.0164541 -0.00477717 0.00609067 0.007719 -0.0157381 0.00610455 -0.0164541 -0.0157381 0.0834087 
0.0125556 -0.0214374 -0.00478776 0.00612238 -0.0214374 0.097837 0.00611695 -0.0165801 -0.00478776 0.00611695 0.00767892 -0.0156918 0.00612238 -0.0165801 -0.0156918 0.0833428 
0.0125156 -0.0214747 -0.00483121 0.00613123 -0.0214747 0.0979073 0.00613807 -0.0166451 -0.00483121 0.00613807 0.00770472 -0.0156317 0.00613123 -0.0166451 -0.0156317 0.0831935 
0.0124104 -0.0214356 -0.00487935 0.00618365 -0.0214356 0.097895 0.00618915 -0.016747 -0.00487935 0.00618915 0.0078052 -0.0156508 0.00618365 -0.016747 -0.0156508 0.0831405 
0.0123298 -0.0212863 -0.00491281 0.00626115 -0.0212863 0.0976193 0.00624998 -0.0169196 -0.00491281 0.00624998 0.00785453 -0.0157788 0.00626115 -0.0169196 -0.0157788 0.0833291 
0.0123565 -0.0211769 -0.00490849 0.00630883 -0.0211769 0.0973061 0.00628435 -0.017053 -0.00490849 0.00628435 0.00780888 -0.0158484 0.00630883 -0.017053 -0.0158484 0.0835506 
0.0123296 -0.0211998 -0.00495275 0.00630352 -0.0211998 0.0971997 0.00628868 -0.0171063 -0.00495275 0.00628868 0.0078195 -0.0157918 0.00630352 -0.0171063 -0.0157918 0.0835483 
0.0123316 -0.0211762 -0.00494205 0.00635104 -0.0211762 0.0971588 0.00634655 -0.0172002 -0.00494205 0.00634655 0.00778665 -0.0157878 0.00635104 -0.0172002 -0.0157878 0.0834939 
0.0124003 -0.021204 -0.00487784 0.00632892 -0.021204 0.0972179 0.00633005 -0.0172043 -0.00487784 0.00633005 0.00773291 -0.0157338 0.00632892 -0.0172043 -0.0157338 0.0833858 
0.0124528 -0.0212623 -0.00482404 0.00625945 -0.0212623 0.0973029 0.00626925 -0.0171146 -0.00482404 0.00626925 0.0076616 -0.0156755 0.00625945 -0.0171146 -0.0156755 0.0832413 
0.0124798 -0.0213662 -0.00480904 0.00616704 -0.0213662 0.0975642 0.00618446 -0.0168924 -0.00480904 0.00618446 0.00763994 -0.0155733 0.00616704 -0.0168924 -0.0155733 0.0830201 
0.0124762 -0.0214 -0.00482221 0.00614773 -0.0214 0.0977262 0.00616343 -0.0167656 -0.00482221 0.00616343 0.00764725 -0.0155461 0.00614773 -0.0167656 -0.0155461 0.082878 
0.0124707 -0.0213996 -0.00484339 0.00616498 -0.0213996 0.0977871 0.00617374 -0.0167448 -0.00484339 0.00617374 0.00766775 -0.0155548 0.00616498 -0.0167448 -0.0155548 0.0828499 
0.0124752 -0.0213809 -0.0048131 0.00620216 -0.0213809 0.0977572 0.0062035 -0.0168084 -0.0048131 0.0062035 0.00765887 -0.0155869 0.00620216 -0.0168084 -0.0155869 0.0829026 
0.0124691 -0.0213605 -0.00478711 0.00618211 -0.0213605 0.0976766 0.0061818 -0.0168308 -0.00478711 0.0061818 0.00763002 -0.0155887 0.00618211 -0.0168308 -0.0155887 0.0829379 
0.0124887 -0.0213502 -0.00478848 0.00614935 -0.0213502 0.0976271 0.00614931 -0.0167742 -0.00478848 0.00614931 0.00757873 -0.0155498 0.00614935 -0.0167742 -0.0155498 0.082884 
0.0125079 -0.021364 -0.00476456 0.00615447 -0.021364 0.0976123 0.00615794 -0.0167665 -0.00476456 0.00615794 0.00752314 -0.0154792 0.00615447 -0.0167665 -0.0154792 0.0827351 
0.0124819 -0.0213969 -0.00476643 0.00612546 -0.0213969 0.0976749 0.00613475 -0.016734 -0.00476643 0.00613475 0.00752279 -0.015393 0.00612546 -0.016734 -0.015393 0.0825124 
0.0124811 -0.0213665 -0.00475595 0.00612963 -0.0213665 0.0976599 0.00613501 -0.0167213 -0.00475595 0.00613501 0.00751306 -0.0153799 0.00612963 -0.0167213 -0.0153799 0.0823809 
0.0124806 -0.0213458 -0.00473511 0.00613058 -0.0213458 0.097582 0.00613063 -0.0167338 -0.00473511 0.00613063 0.007479 -0.015372 0.00613058 -0.0167338 -0.015372 0.0823292 
0.0125561 -0.0213746 -0.00468047 0.00608977 -0.0213746 0.0976372 0.00609028 -0.0166515 -0.00468047 0.00609028 0.00740788 -0.0153142 0.00608977 -0.0166515 -0.0153142 0.0822138 
0.0125956 -0.0214858 -0.00464673 0.00600877 -0.0214858 0.0978596 0.0060186 -0.0164802 -0.00464673 0.0060186 0.00741546 -0.0152152 0.00600877 -0.0164802 -0.0152152 0.0819983 
0.0125361 -0.0215052 -0.00467785 0.00598095 -0.0215052 0.0979528 0.00599317 -0.0163901 -0.00467785 0.00599317 0.00748138 -0.0152392 0.00598095 -0.0163901 -0.0152392 0.0819421 
0.012406 -0.0214079 -0.00476958 0.00603475 -0.0214079 0.0978006 0.00603525 -0.016449 -0.00476958 0.00603525 0.00757371 -0.0153407 0.00603475 -0.016449 -0.0153407 0.082114 
0.0122904 -0.0212314 -0.00483465 0.00616331 -0.0212314 0.0974242 0.00614347 -0.0166775 -0.00483465 0.00614347 0.00763932 -0.0154614 0.00616331 -0.0166775 -0.0154614 0.0823996 
0.0122204 -0.0210921 -0.00488538 0.00625101 -0.0210921 0.0970395 0.00621757 -0.0169089 -0.00488538 0.00621757 0.00766757 -0.0155321 0.00625101 -0.0169089 -0.0155321 0.0826254 
0.0122398 -0.0210079 -0.00488936 0.00631306 -0.0210079 0.0967569 0.00627862 -0.0170916 -0.00488936 0.00627862 0.00762421 -0.0155534 0.00631306 -0.0170916 -0.0155534 0.0827293 
0.0122666 -0.0210104 -0.00490056 0.0063254 -0.0210104 0.0966224 0.00630648 -0.0172136 -0.00490056 0.00630648 0.00757485 -0.0154975 0.0063254 -0.0172136 -0.0154975 0.082666 
0.0123275 -0.0210753 -0.00488463 0.0063195 -0.0210753 0.0967331 0.00632009 -0.0172437 -0.00488463 0.00632009 0.00751866 -0.0154074 0.0063195 -0.0172437 -0.0154074 0.0824533 
0.012323 -0.0211668 -0.00488984 0.00629061 -0.0211668 0.0969514 0.00630607 -0.0172174 -0.00488984 0.00630607 0.00754496 -0.015324 0.00629061 -0.0172174 -0.015324 0.0822116 
0.0123009 -0.0211821 -0.00491399 0.00628842 -0.0211821 0.0971009 0.00630315 -0.0171841 -0.00491399 0.00630315 0.00759324 -0.0153479 0.00628842 -0.0171841 -0.0153479 0.0821401 
0.0122924 -0.0211136 -0.00491104 0.00633978 -0.0211136 0.0969857 0.00634232 -0.0172713 -0.00491104 0.00634232 0.00756448 -0.0154381 0.00633978 -0.0172713 -0.0154381 0.0822993 
0.0122738 -0.0211181 -0.00488096 0.0063302 -0.0211181 0.096958 0.00633049 -0.0172816 -0.00488096 0.00633049 0.00754648 -0.0154009 0.0063302 -0.0172816 -0.0154009 0.0823298 
0.0122673 -0.0211015 -0.00487268 0.00629264 -0.0211015 0.0969416 0.00629108 -0.0172113 -0.00487268 0.00629108 0.00753469 -0.0153657 0.00629264 -0.0172113 -0.0153657 0.0822502 
0.0122824 -0.0210872 -0.00487541 0.00628215 -0.0210872 0.0968991 0.00627803 -0.0171596 -0.00487541 0.00627803 0.00752826 -0.0153432 0.00628215 -0.0171596 -0.0153432 0.0821726 
0.0123068 -0.0210605 -0.00489376 0.00630895 -0.0210605 0.0967732 0.00630564 -0.0172232 -0.00489376 0.00630564 0.00748347 -0.0153509 0.00630895 -0.0172232 -0.0153509 0.0821616 
0.0123664 -0.0211126 -0.00484101 0.00632126 -0.0211126 0.0968335 0.00632827 -0.0172719 -0.00484101 0.00632827 0.00741604 -0.0152805 0.00632126 -0.0172719 -0.0152805 0.0820396 
0.0124014 -0.0212395 -0.00477974 0.0062315 -0.0212395 0.0971416 0.00625144 -0.0171344 -0.00477974 0.00625144 0.00741854 -0.015167 0.0062315 -0.0171344 -0.015167 0.0817716 
0.0123538 -0.0212537 -0.0047882 0.00616804 -0.0212537 0.0972605 0.00618638 -0.0169825 -0.0047882 0.00618638 0.00746987 -0.0151873 0.00616804 -0.0169825 -0.0151873 0.0816928 
0.012263 -0.0211822 -0.00484215 0.00618356 -0.0211822 0.0971687 0.00618656 -0.0169284 -0.00484215 0.00618656 0.00752954 -0.0152679 0.00618356 -0.0169284 -0.0152679 0.0818294 
0.012217 -0.0210531 -0.00483838 0.00626408 -0.0210531 0.096893 0.00624932 -0.0170358 -0.00483838 0.00624932 0.00753375 -0.0153517 0.00626408 -0.0170358 -0.0153517 0.0820469 
0.0121455 -0.0209485 -0.00483334 0.00628896 -0.0209485 0.0965424 0.00626721 -0.0171647 -0.00483334 0.00626721 0.00753763 -0.0153729 0.00628896 -0.0171647 -0.0153729 0.0821795 
0.0121392 -0.0208907 -0.00482171 0.00626915 -0.0208907 0.0963599 0.00624879 -0.0171535 -0.00482171 0.00624879 0.00752768 -0.0153416 0.00626915 -0.0171535 -0.0153416 0.0821377 
0.012161 -0.0208859 -0.00484351 0.00625012 -0.0208859 0.0962792 0.00623507 -0.0171156 -0.00484351 0.00623507 0.00749982 -0.0153109 0.00625012 -0.0171156 -0.0153109 0.0820437 
0.0121262 -0.0209117 -0.00485718 0.00627322 -0.0209117 0.09629 0.00626823 -0.0171486 -0.00485718 0.00626823 0.00751567 -0.0152714 0.00627322 -0.0171486 -0.0152714 0.0819373 
0.0121207 -0.0208927 -0.00490056 0.00628701 -0.0208927 0.096308 0.00628395 -0.0171864 -0.00490056 0.00628395 0.00752232 -0.0152732 0.00628701 -0.0171864 -0.0152732 0.0818758 
0.0121259 -0.0208724 -0.00495854 0.00634549 -0.0208724 0.0962555 0.00634065 -0.0172976 -0.00495854 0.00634065 0.00752084 -0.0152869 0.00634549 -0.0172976 -0.0152869 0.0818851 
0.0120978 -0.0209038 -0.0049988 0.00640899 -0.0209038 0.0963157 0.00640748 -0.0174395 -0.0049988 0.00640748 0.00758422 -0.01527 0.00640899 -0.0174395 -0.01527 0.0818531 
0.0120377 -0.0208737 -0.0050601 0.00646249 -0.0208737 0.0963069 0.00645871 -0.0175877 -0.0050601 0.00645871 0.007671 -0.0153504 0.00646249 -0.0175877 -0.0153504 0.0819562 
0.0119869 -0.0207721 -0.00510649 0.00655089 -0.0207721 0.0960997 0.00653723 -0.0177898 -0.00510649 0.00653723 0.00771876 -0.015485 0.00655089 -0.0177898 -0.015485 0.0822533 
0.0119723 -0.0207069 -0.00514076 0.00660892 -0.0207069 0.0959044 0.00659159 -0.017959 -0.00514076 0.00659159 0.00772333 -0.015553 0.00660892 -0.017959 -0.015553 0.0825052 
0.0119885 -0.020712 -0.00516176 0.00663846 -0.020712 0.0958692 0.00662703 -0.018055 -0.00516176 0.00662703 0.00771689 -0.0155463 0.00663846 -0.018055 -0.0155463 0.0825773 
0.0120525 -0.0207289 -0.00513303 0.00666356 -0.0207289 0.0958866 0.00666058 -0.0181428 -0.00513303 0.00666058 0.00764562 -0.0155364 0.00666356 -0.0181428 -0.0155364 0.0825727 
0.0120882 -0.0208027 -0.00511899 0.0066273 -0.0208027 0.0960095 0.00663863 -0.0181393 -0.00511899 0.00663863 0.0075757 -0.0154509 0.0066273 -0.0181393 -0.0154509 0.0824334 
0.0120557 -0.0208584 -0.00511927 0.00660261 -0.0208584 0.0961771 0.00662277 -0.018088 -0.00511927 0.00662277 0.00756608 -0.0153492 0.00660261 -0.018088 -0.0153492 0.082186 
0.0119551 -0.0208018 -0.00515019 0.00661767 -0.0208018 0.0961361 0.00663102 -0.0181025 -0.00515019 0.00663102 0.00762574 -0.0153294 0.00661767 -0.0181025 -0.0153294 0.0820332 
0.0118659 -0.0206672 -0.00514193 0.00667036 -0.0206672 0.0958777 0.00666403 -0.0181884 -0.00514193 0.00666403 0.00768031 -0.0153932 0.00667036 -0.0181884 -0.0153932 0.0820685 
0.0118567 -0.020575 -0.00511666 0.00666184 -0.020575 0.095633 0.00663749 -0.0181896 -0.00511666 0.00663749 0.00770261 -0.0154423 0.00666184 -0.0181896 -0.0154423 0.0821654 
0.0118339 -0.0205064 -0.00516662 0.00664993 -0.0205064 0.0953484 0.00662239 -0.0181916 -0.00516662 0.00662239 0.00771644 -0.0154999 0.00664993 -0.0181916 -0.0154999 0.0823189 
0.0117911 -0.0204798 -0.0052115 0.00670404 -0.0204798 0.0951975 0.00668535 -0.0182761 -0.0052115 0.00668535 0.00774731 -0.0155161 0.00670404 -0.0182761 -0.0155161 0.0824077 
0.0117591 -0.0204608 -0.00524704 0.0067502 -0.0204608 0.0951629 0.0067387 -0.0183896 -0.00524704 0.0067387 0.00779149 -0.0155305 0.0067502 -0.0183896 -0.0155305 0.0824358 
0.0117234 -0.0204189 -0.00531114 0.00679734 -0.0204189 0.0950801 0.00678639 -0.0185166 -0.00531114 0.00678639 0.00782664 -0.0155863 0.00679734 -0.0185166 -0.0155863 0.0825323 
0.0117612 -0.0203986 -0.00534242 0.0068666 -0.0203986 0.0950442 0.0068552 -0.0186579 -0.00534242 0.0068552 0.00780882 -0.0156209 0.0068666 -0.0186579 -0.0156209 0.082631 
0.0118064 -0.0203963 -0.00532414 0.00692505 -0.0203963 0.0949576 0.00692308 -0.0188576 -0.00532414 0.00692308 0.00771911 -0.0156284 0.00692505 -0.0188576 -0.0156284 0.0827068 
0.0118615 -0.0204647 -0.00527964 0.00689695 -0.0204647 0.095065 0.00691228 -0.0189037 -0.00527964 0.00691228 0.00762089 -0.0155053 0.00689695 -0.0189037 -0.0155053 0.0825218 
0.0118926 -0.0205289 -0.00526609 0.0068413 -0.0205289 0.0952203 0.00686997 -0.0188385 -0.00526609 0.00686997 0.00753189 -0.0153659 0.0068413 -0.0188385 -0.0153659 0.0821773 
0.0118401 -0.0205948 -0.00528268 0.00681297 -0.0205948 0.0954261 0.00684497 -0.0187471 -0.00528268 0.00684497 0.00755477 -0.0152179 0.00681297 -0.0187471 -0.0152179 0.08176 
0.0117775 -0.0205271 -0.00532621 0.00684818 -0.0205271 0.0953976 0.00686493 -0.0187686 -0.00532621 0.00686493 0.00759362 -0.0152266 0.00684818 -0.0187686 -0.0152266 0.0815713 
0.0117684 -0.0204394 -0.00531464 0.00691719 -0.0204394 0.0952085 0.0069143 -0.0188889 -0.00531464 0.0069143 0.0075994 -0.0152724 0.00691719 -0.0188889 -0.0152724 0.0815907 
0.0117655 -0.0204187 -0.00530915 0.00691402 -0.0204187 0.0950768 0.00690497 -0.018948 -0.00530915 0.00690497 0.00759544 -0.0152811 0.00691402 -0.018948 -0.0152811 0.0816244 
0.0118229 -0.0204755 -0.00527101 0.00687778 -0.0204755 0.0952039 0.00687234 -0.0188639 -0.00527101 0.00687234 0.00758352 -0.0152395 0.00687778 -0.0188639 -0.0152395 0.0815378 
0.0118359 -0.0205507 -0.00525695 0.0068228 -0.0205507 0.0953843 0.00682293 -0.0187396 -0.00525695 0.00682293 0.00761246 -0.0152313 0.0068228 -0.0187396 -0.0152313 0.0814901 
0.0118393 -0.0205917 -0.0052587 0.0067883 -0.0205917 0.0955646 0.0067867 -0.0186031 -0.0052587 0.0067867 0.00767825 -0.0152722 0.0067883 -0.0186031 -0.0152722 0.08155 
0.0118503 -0.0205852 -0.00525458 0.00679083 -0.0205852 0.0956042 0.00678189 -0.0185461 -0.00525458 0.00678189 0.007738 -0.0153868 0.00679083 -0.0185461 -0.0153868 0.0818035 
0.0118544 -0.0205632 -0.00524784 0.00679557 -0.0205632 0.0955317 0.00678223 -0.0185458 -0.00524784 0.00678223 0.0077702 -0.0155107 0.00679557 -0.0185458 -0.0155107 0.0821715 
0.0118431 -0.02055 -0.00524975 0.00678796 -0.02055 0.0954599 0.00677801 -0.0185384 -0.00524975 0.00677801 0.00777471 -0.0155815 0.00678796 -0.0185384 -0.0155815 0.0824721 
0.0118834 -0.0205749 -0.00523058 0.00676801 -0.0205749 0.0955264 0.00676284 -0.0184729 -0.00523058 0.00676284 0.00775034 -0.0155741 0.00676801 -0.0184729 -0.0155741 0.0825698 
0.0119256 -0.0206115 -0.00519626 0.00674601 -0.0206115 0.0955953 0.00674677 -0.0184243 -0.00519626 0.00674677 0.00770085 -0.0155517 0.00674601 -0.0184243 -0.0155517 0.0825656 
0.0120074 -0.0206688 -0.00513475 0.00669871 -0.0206688 0.0957217 0.00670631 -0.0183338 -0.00513475 0.00670631 0.00761613 -0.0154879 0.00669871 -0.0183338 -0.0154879 0.082457 
0.0120119 -0.0207452 -0.00512449 0.00662961 -0.0207452 0.095863 0.00664698 -0.0182118 -0.00512449 0.00664698 0.00758232 -0.0153919 0.00662961 -0.0182118 -0.0153919 0.0822592 
0.0119579 -0.0207441 -0.00512302 0.00662093 -0.0207441 0.0959178 0.00663914 -0.0181491 -0.00512302 0.00663914 0.0076056 -0.015343 0.00662093 -0.0181491 -0.015343 0.0820797 
0.0120028 -0.0206815 -0.00505286 0.00662727 -0.0206815 0.0958356 0.00663251 -0.0181363 -0.00505286 0.00663251 0.0075385 -0.0153566 0.00662727 -0.0181363 -0.0153566 0.0820172 
0.0120809 -0.0207468 -0.00494159 0.00653717 -0.0207468 0.0958974 0.00654202 -0.0179886 -0.00494159 0.00654202 0.00746844 -0.015263 0.00653717 -0.0179886 -0.015263 0.0818533 
0.0121402 -0.0208568 -0.00487195 0.00638603 -0.0208568 0.096126 0.00640004 -0.0176767 -0.00487195 0.00640004 0.00743265 -0.0151648 0.00638603 -0.0176767 -0.0151648 0.0816045 
0.012121 -0.0209322 -0.00485614 0.00629037 -0.0209322 0.0963473 0.00630762 -0.0173807 -0.00485614 0.00630762 0.00747678 -0.0151235 0.00629037 -0.0173807 -0.0151235 0.0814394 
0.0121 -0.0209111 -0.00488039 0.0062704 -0.0209111 0.0964061 0.00627636 -0.0172205 -0.00488039 0.00627636 0.00752979 -0.0151857 0.0062704 -0.0172205 -0.0151857 0.0814891 
0.0120623 -0.0208361 -0.00489093 0.00632519 -0.0208361 0.0962251 0.00631705 -0.0172724 -0.00489093 0.00631705 0.00757203 -0.0152937 0.00632519 -0.0172724 -0.0152937 0.0817427 
0.0120537 -0.0207731 -0.00492099 0.00635065 -0.0207731 0.0960263 0.00633666 -0.0173535 -0.00492099 0.00633666 0.00756465 -0.0153633 0.00635065 -0.0173535 -0.0153633 0.0819836 
0.0120615 -0.0207887 -0.004958 0.00637259 -0.0207887 0.0960039 0.0063629 -0.0174003 -0.004958 0.0063629 0.00754784 -0.0153388 0.00637259 -0.0174003 -0.0153388 0.0820282 
0.0120492 -0.0208236 -0.00499383 0.00640823 -0.0208236 0.0960947 0.00640622 -0.0174712 -0.00499383 0.00640622 0.00757553 -0.0152967 0.00640823 -0.0174712 -0.0152967 0.081943 
0.0120726 -0.0208138 -0.0049865 0.00645429 -0.0208138 0.0961252 0.00645204 -0.0175803 -0.0049865 0.00645204 0.0075773 -0.015325 0.00645429 -0.0175803 -0.015325 0.0819375 
0.0121532 -0.0208507 -0.00492944 0.00644217 -0.0208507 0.0961988 0.00644074 -0.0176032 -0.00492944 0.00644074 0.00752613 -0.0153318 0.00644217 -0.0176032 -0.0153318 0.0819632 
0.0122275 -0.0209465 -0.00490524 0.00636484 -0.0209465 0.0963789 0.00637359 -0.0174887 -0.00490524 0.00637359 0.00748689 -0.0152822 0.00636484 -0.0174887 -0.0152822 0.0819108 
0.0122246 -0.0210211 -0.00490368 0.00633314 -0.0210211 0.0965572 0.00635159 -0.0173931 -0.00490368 0.00635159 0.00750063 -0.0152501 0.00633314 -0.0173931 -0.0152501 0.0818441 
0.0122148 -0.0210503 -0.00488084 0.00631694 -0.0210503 0.0967245 0.00633366 -0.0173103 -0.00488084 0.00633366 0.00753384 -0.0152566 0.00631694 -0.0173103 -0.0152566 0.0818193 
0.0122306 -0.0210302 -0.00488911 0.00629583 -0.0210302 0.0967393 0.00630117 -0.0172426 -0.00488911 0.00630117 0.00753741 -0.0153115 0.00629583 -0.0172426 -0.0153115 0.0819169 
0.0122502 -0.0210115 -0.0048925 0.00632022 -0.0210115 0.0966529 0.00631922 -0.0172644 -0.0048925 0.00631922 0.00749899 -0.0153445 0.00632022 -0.0172644 -0.0153445 0.0820493 
0.0122372 -0.0210688 -0.00492334 0.00630906 -0.0210688 0.0967545 0.00631441 -0.0172468 -0.00492334 0.00631441 0.0075357 -0.015281 0.00630906 -0.0172468 -0.015281 0.0819902 
0.0122389 -0.021045 -0.00494859 0.00635378 -0.021045 0.0967565 0.00635747 -0.0173169 -0.00494859 0.00635747 0.00753852 -0.0153242 0.00635378 -0.0173169 -0.0153242 0.0820063 
0.0122471 -0.0210524 -0.00498214 0.00638442 -0.0210524 0.096765 0.00638645 -0.0173973 -0.00498214 0.00638645 0.00754064 -0.0153312 0.00638442 -0.0173973 -0.0153312 0.0820469 
0.0122634 -0.0210992 -0.00500998 0.00640787 -0.0210992 0.0968965 0.00641101 -0.017439 -0.00500998 0.00641101 0.00757463 -0.015319 0.00640787 -0.017439 -0.015319 0.0820299 
0.0122544 -0.0211131 -0.00502771 0.00644618 -0.0211131 0.0969671 0.00644844 -0.0175229 -0.00502771 0.00644844 0.00761289 -0.0153712 0.00644618 -0.0175229 -0.0153712 0.0821085 
0.0122646 -0.0210899 -0.00499808 0.00647483 -0.0210899 0.0969399 0.00647446 -0.0176106 -0.00499808 0.00647446 0.0076058 -0.0154375 0.00647483 -0.0176106 -0.0154375 0.0822738 
0.0122363 -0.0211066 -0.00499209 0.00643433 -0.0211066 0.0969588 0.00643348 -0.0175715 -0.00499209 0.00643348 0.00763749 -0.0154363 0.00643433 -0.0175715 -0.0154363 0.0823532 
0.0122003 -0.0210455 -0.0049914 0.00643585 -0.0210455 0.0968443 0.00643156 -0.017554 -0.0049914 0.00643156 0.00764569 -0.015487 0.00643585 -0.017554 -0.015487 0.0824595 
0.0121604 -0.0210068 -0.00497519 0.00643216 -0.0210068 0.0967371 0.0064223 -0.0175307 -0.00497519 0.0064223 0.00766683 -0.0154942 0.00643216 -0.0175307 -0.0154942 0.082521 
0.0121366 -0.0209514 -0.0049347 0.00641617 -0.0209514 0.0965976 0.00640106 -0.0174982 -0.0049347 0.00640106 0.00769605 -0.0155178 0.00641617 -0.0174982 -0.0155178 0.0825722 
0.0121012 -0.0208886 -0.00492662 0.00638047 -0.0208886 0.0963928 0.00636221 -0.0174456 -0.00492662 0.00636221 0.00770099 -0.0155682 0.00638047 -0.0174456 -0.0155682 0.0826828 
0.0121553 -0.0208475 -0.00488028 0.00636326 -0.0208475 0.09625 0.00634555 -0.0173817 -0.00488028 0.00634555 0.00763454 -0.015573 0.00636326 -0.0173817 -0.015573 0.0827455 
0.0121018 -0.0209091 -0.00493262 0.00630476 -0.0209091 0.0962797 0.00629997 -0.0172842 -0.00493262 0.00629997 0.00766502 -0.0154874 0.00630476 -0.0172842 -0.0154874 0.0826281 
