0.00587641 0 -0.00349519 0 0 0.01 0 0 -0.00349519 0 0.00789861 0 0 0 0 0.01 
0.00860168 -0.0106961 -0.00490756 0.0060429 -0.0106961 0.0296823 0.0060429 -0.0115873 -0.00490756 0.0060429 0.0108892 -0.013492 0.0060429 -0.0115873 -0.013492 0.0350441 
0.00871746 -0.0165642 -0.00448698 0.00774684 -0.0165642 0.0621395 0.00774684 -0.0246893 -0.00448698 0.00774684 0.0107211 -0.0196767 0.00774684 -0.0246893 -0.0196767 0.0719063 
0.00816795 -0.0167233 -0.00392758 0.00592185 -0.0167233 0.0767838 0.00592151 -0.0217988 -0.00392758 0.00592151 0.010155 -0.0189532 0.00592185 -0.0217988 -0.0189532 0.083829 
0.00802531 -0.0161762 -0.00390661 0.00502108 -0.0161762 0.0816288 0.00502095 -0.0167694 -0.00390661 0.00502095 0.0103171 -0.0185403 0.00502108 -0.0167694 -0.0185403 0.087241 
0.00813387 -0.0160023 -0.00409061 0.00504105 -0.0160023 0.083178 0.00504765 -0.0147409 -0.00409061 0.00504765 0.0105231 -0.0186717 0.00504105 -0.0147409 -0.0186717 0.0889557 
0.00825434 -0.0159977 -0.0042179 0.00531623 -0.0159977 0.0835488 0.00533279 -0.0146131 -0.0042179 0.00533279 0.0106243 -0.0188581 0.00531623 -0.0146131 -0.0188581 0.090082 
0.00836779 -0.0161317 -0.00428648 0.00551209 -0.0161317 0.0838358 0.00553685 -0.0150341 -0.00428648 0.00553685 0.0106004 -0.0188097 0.00551209 -0.0150341 -0.0188097 0.0902599 
0.00842219 -0.0162608 -0.00432873 0.00561185 -0.0162608 0.0841213 0.0056373 -0.0153906 -0.00432873 0.0056373 0.0105804 -0.0187056 0.00561185 -0.0153906 -0.0187056 0.0900179 
0.00846073 -0.0163093 -0.00434259 0.00567138 -0.0163093 0.0842834 0.00568376 -0.0156047 -0.00434259 0.00568376 0.010575 -0.0186933 0.00567138 -0.0156047 -0.0186933 0.0898796 
0.00850942 -0.0163476 -0.00434753 0.00569097 -0.0163476 0.0843918 0.00569136 -0.0156998 -0.00434753 0.00569136 0.0105637 -0.0187181 0.00569097 -0.0156998 -0.0187181 0.0899037 
0.00851979 -0.0164171 -0.0043382 0.00568859 -0.0164171 0.0845602 0.00568898 -0.0157148 -0.0043382 0.00568898 0.0105926 -0.0187225 0.00568859 -0.0157148 -0.0187225 0.0899492 
0.00856929 -0.0164543 -0.00440672 0.00566903 -0.0164543 0.084728 0.00566762 -0.015672 -0.00440672 0.00566762 0.0105962 -0.0187602 0.00566903 -0.015672 -0.0187602 0.0900259 
0.00861914 -0.0165112 -0.00446888 0.00574105 -0.0165112 0.0848803 0.00573865 -0.0157385 -0.00446888 0.00573865 0.0105875 -0.018802 0.00574105 -0.0157385 -0.018802 0.0901811 
0.00863992 -0.0166254 -0.00449136 0.00581956 -0.0166254 0.0851925 0.00582141 -0.0159146 -0.00449136 0.00582141 0.0105659 -0.0187592 0.00581956 -0.0159146 -0.0187592 0.0901401 
0.008634 -0.0166502 -0.00449156 0.00584627 -0.0166502 0.0853724 0.0058497 -0.0160273 -0.00449156 0.0058497 0.0105582 -0.0187537 0.00584627 -0.0160273 -0.0187537 0.0901442 
0.00861745 -0.016649 -0.00446859 0.00584635 -0.016649 0.0854385 0.00584816 -0.0160592 -0.00446859 0.00584816 0.010546 -0.018736 0.00584635 -0.0160592 -0.018736 0.0901144 
0.00860934 -0.0166476 -0.00448472 0.00582217 -0.0166476 0.085473 0.00582329 -0.0160348 -0.00448472 0.00582329 0.0105294 -0.0186818 0.00582217 -0.0160348 -0.0186818 0.0899691 
0.00858587 -0.016607 -0.00447157 0.00584295 -0.016607 0.0853827 0.00583971 -0.0160445 -0.00447157 0.00583971 0.0105369 -0.0186784 0.00584295 -0.0160445 -0.0186784 0.0899224 
0.00857139 -0.016554 -0.00447267 0.00583489 -0.016554 0.0852252 0.00582665 -0.0160482 -0.00447267 0.00582665 0.010543 -0.0187044 0.00583489 -0.0160482 -0.0187044 0.0899676 
0.00858868 -0.0165421 -0.00450914 0.00584015 -0.0165421 0.0851439 0.00583015 -0.0160595 -0.00450914 0.00583015 0.0105165 -0.0186946 0.00584015 -0.0160595 -0.0186946 0.0899519 
0.00862891 -0.0165371 -0.00455125 0.0058827 -0.0165371 0.0850782 0.00587574 -0.0161309 -0.00455125 0.00587574 0.0104555 -0.0186888 0.0058827 -0.0161309 -0.0186888 0.0899701 
0.0087 -0.0165773 -0.00458159 0.00593288 -0.0165773 0.0851077 0.00593926 -0.0162623 -0.00458159 0.00593926 0.0103644 -0.0186202 0.00593288 -0.0162623 -0.0186202 0.0898787 
0.00876291 -0.016644 -0.00460543 0.00596307 -0.016644 0.0852076 0.00598829 -0.0163823 -0.00460543 0.00598829 0.0103062 -0.0185263 0.00596307 -0.0163823 -0.0185263 0.0897085 
0.00877666 -0.016762 -0.00458924 0.00598865 -0.016762 0.0854849 0.00602841 -0.0164897 -0.00458924 0.00602841 0.0102986 -0.0183951 0.00598865 -0.0164897 -0.0183951 0.0893446 
0.00877191 -0.0168049 -0.00453272 0.0059737 -0.0168049 0.0856979 0.00600605 -0.0165064 -0.00453272 0.00600605 0.0102848 -0.0183528 0.0059737 -0.0165064 -0.0183528 0.0890836 
0.00875067 -0.0168206 -0.0044899 0.00591184 -0.0168206 0.0858174 0.00592878 -0.0163959 -0.0044899 0.00592878 0.010276 -0.0183055 0.00591184 -0.0163959 -0.0183055 0.0888839 
0.00874406 -0.0167871 -0.00451192 0.00586255 -0.0167871 0.085795 0.00586493 -0.0162458 -0.00451192 0.00586493 0.010268 -0.0182893 0.00586255 -0.0162458 -0.0182893 0.0887748 
0.00876989 -0.0167377 -0.00455164 0.00589515 -0.0167377 0.0856495 0.0058852 -0.0162236 -0.00455164 0.0058852 0.0102467 -0.0183133 0.00589515 -0.0162236 -0.0183133 0.088814 
0.00877843 -0.0167245 -0.00458659 0.00594993 -0.0167245 0.0855129 0.0059386 -0.0163195 -0.00458659 0.0059386 0.0102501 -0.0183387 0.00594993 -0.0163195 -0.0183387 0.0889414 
0.00876375 -0.016729 -0.00459695 0.00599358 -0.016729 0.0854701 0.00598683 -0.0164421 -0.00459695 0.00598683 0.0102792 -0.0183602 0.00599358 -0.0164421 -0.0183602 0.0890451 
0.00874464 -0.0167098 -0.0046187 0.00600619 -0.0167098 0.0854284 0.00599955 -0.016509 -0.0046187 0.00599955 0.0103055 -0.0184107 0.00600619 -0.016509 -0.0184107 0.0891885 
0.0087381 -0.0166764 -0.00464514 0.00602915 -0.0166764 0.0853476 0.00602139 -0.0165557 -0.00464514 0.00602139 0.010324 -0.0184662 0.00602915 -0.0165557 -0.0184662 0.089372 
0.00874036 -0.0166793 -0.00461899 0.00606125 -0.0166793 0.0853314 0.0060558 -0.0166277 -0.00461899 0.0060558 0.0103263 -0.0184817 0.00606125 -0.0166277 -0.0184817 0.089464 
0.0087639 -0.0166967 -0.00461822 0.00602857 -0.0166967 0.0853745 0.00602902 -0.0166171 -0.00461822 0.00602902 0.0103019 -0.0184717 0.00602857 -0.0166171 -0.0184717 0.0894643 
0.00880513 -0.0167333 -0.00464672 0.00601716 -0.0167333 0.0854619 0.0060257 -0.0165812 -0.00464672 0.0060257 0.0102781 -0.0184326 0.00601716 -0.0165812 -0.0184326 0.0893879 
0.00879987 -0.0167923 -0.0046795 0.00604658 -0.0167923 0.0856012 0.00606158 -0.0166181 -0.0046795 0.00606158 0.0102936 -0.0183954 0.00604658 -0.0166181 -0.0183954 0.0892786 
0.00880973 -0.0167859 -0.00475187 0.00609122 -0.0167859 0.0856574 0.00610058 -0.0167063 -0.00475187 0.00610058 0.0102918 -0.0184242 0.00609122 -0.0167063 -0.0184242 0.0892882 
0.00882906 -0.0168232 -0.00480736 0.00618871 -0.0168232 0.0857567 0.0061918 -0.0168988 -0.00480736 0.0061918 0.0102826 -0.0183963 0.00618871 -0.0168988 -0.0183963 0.0892266 
0.00881854 -0.0168382 -0.0048013 0.00626514 -0.0168382 0.0858127 0.00626442 -0.0171115 -0.0048013 0.00626442 0.0102979 -0.0183997 0.00626514 -0.0171115 -0.0183997 0.0892234 
0.00878504 -0.0168539 -0.00477843 0.00626714 -0.0168539 0.0858888 0.006262 -0.0172084 -0.00477843 0.006262 0.0103208 -0.0183866 0.00626714 -0.0172084 -0.0183866 0.0891639 
0.00880357 -0.016769 -0.00478388 0.00623375 -0.016769 0.0857365 0.00622161 -0.017161 -0.00478388 0.00622161 0.0103194 -0.0184712 0.00623375 -0.017161 -0.0184712 0.0893491 
0.00879882 -0.0167516 -0.00478644 0.00622823 -0.0167516 0.0855871 0.00621968 -0.0171119 -0.00478644 0.00621968 0.0103521 -0.0185219 0.00622823 -0.0171119 -0.0185219 0.0895837 
0.00881375 -0.016802 -0.00479466 0.0062293 -0.016802 0.0856834 0.00622851 -0.017111 -0.00479466 0.00622851 0.0103549 -0.0185064 0.0062293 -0.017111 -0.0185064 0.0895704 
0.00884106 -0.0168314 -0.00481643 0.00623493 -0.0168314 0.0857917 0.00623702 -0.017118 -0.00481643 0.00623702 0.0103391 -0.0185103 0.00623493 -0.017118 -0.0185103 0.0895684 
0.00884746 -0.0169015 -0.00485699 0.0062614 -0.0169015 0.0859852 0.00626593 -0.0171686 -0.00485699 0.00626593 0.0103179 -0.0184524 0.0062614 -0.0171686 -0.0184524 0.0894319 
0.00883081 -0.0169063 -0.00487109 0.00631531 -0.0169063 0.0860742 0.00631682 -0.0172732 -0.00487109 0.00631682 0.0103235 -0.018433 0.00631531 -0.0172732 -0.018433 0.0893485 
0.00884164 -0.0168501 -0.00488341 0.0063398 -0.0168501 0.0859736 0.00633467 -0.0173568 -0.00488341 0.00633467 0.0103134 -0.0184773 0.0063398 -0.0173568 -0.0184773 0.0894375 
0.00889557 -0.016861 -0.00492266 0.00635572 -0.016861 0.0859333 0.00635165 -0.0174155 -0.00492266 0.00635165 0.0102673 -0.0184623 0.00635572 -0.0174155 -0.0184623 0.0894563 
0.00895461 -0.0169553 -0.00494764 0.00640049 -0.0169553 0.0861007 0.00640635 -0.0175202 -0.00494764 0.00640635 0.0101994 -0.01837 0.00640049 -0.0175202 -0.01837 0.0892663 
0.00899796 -0.0170279 -0.00497674 0.00642832 -0.0170279 0.0862981 0.00644368 -0.0176215 -0.00497674 0.00644368 0.0101527 -0.0182888 0.00642832 -0.0176215 -0.0182888 0.0890568 
0.00902522 -0.0170837 -0.00500058 0.00646364 -0.0170837 0.0864665 0.00648173 -0.0177167 -0.00500058 0.00648173 0.0101321 -0.0182271 0.00646364 -0.0177167 -0.0182271 0.0888683 
0.00903076 -0.017122 -0.00504031 0.00649656 -0.017122 0.086596 0.00651042 -0.0178068 -0.00504031 0.00651042 0.0101324 -0.0181954 0.00649656 -0.0178068 -0.0181954 0.0887377 
0.00900659 -0.0171475 -0.00504839 0.00655338 -0.0171475 0.0867037 0.00655682 -0.0179261 -0.00504839 0.00655682 0.0101366 -0.0181758 0.00655338 -0.0179261 -0.0181758 0.0886347 
0.00896366 -0.0170831 -0.00501641 0.00657228 -0.0170831 0.0866047 0.00656327 -0.0179971 -0.00501641 0.00656327 0.0101667 -0.0182259 0.00657228 -0.0179971 -0.0182259 0.0887421 
0.00892363 -0.0170425 -0.004979 0.00654104 -0.0170425 0.0864984 0.00652485 -0.0179736 -0.004979 0.00652485 0.010174 -0.0182392 0.00654104 -0.0179736 -0.0182392 0.088786 
0.00890747 -0.0169313 -0.00493291 0.00648902 -0.0169313 0.0862133 0.00647058 -0.0178571 -0.00493291 0.00647058 0.0101683 -0.0183151 0.00648902 -0.0178571 -0.0183151 0.0890116 
0.00890051 -0.0169076 -0.00492889 0.00642765 -0.0169076 0.0860452 0.0064179 -0.0177186 -0.00492889 0.0064179 0.010176 -0.0182959 0.00642765 -0.0177186 -0.0182959 0.0890626 
0.00892403 -0.0168741 -0.00493055 0.00641417 -0.0168741 0.0859097 0.00641226 -0.0176386 -0.00493055 0.00641226 0.0101531 -0.0183257 0.00641417 -0.0176386 -0.0183257 0.0891356 
0.00896594 -0.0169184 -0.00491223 0.00641383 -0.0169184 0.0859407 0.00642276 -0.0176297 -0.00491223 0.00642276 0.0101116 -0.0182783 0.00641383 -0.0176297 -0.0182783 0.0890692 
0.0089239 -0.0169825 -0.00485159 0.00638774 -0.0169825 0.086081 0.00640764 -0.0176018 -0.00485159 0.00640764 0.0101585 -0.0182125 0.00638774 -0.0176018 -0.0182125 0.0889094 
0.00886501 -0.0169939 -0.00480085 0.00631858 -0.0169939 0.0862319 0.00633253 -0.0174815 -0.00480085 0.00633253 0.0101951 -0.0181916 0.00631858 -0.0174815 -0.0181916 0.0887019 
0.00884865 -0.0168741 -0.00479651 0.00625831 -0.0168741 0.0860407 0.00625242 -0.0172987 -0.00479651 0.00625242 0.0102067 -0.0182903 0.00625831 -0.0172987 -0.0182903 0.0888559 
0.00886956 -0.0168065 -0.00481747 0.00625218 -0.0168065 0.0857818 0.00623823 -0.0171997 -0.00481747 0.00623823 0.0102037 -0.0183533 0.00625218 -0.0171997 -0.0183533 0.089094 
0.00888004 -0.0168608 -0.00482979 0.00627797 -0.0168608 0.0857995 0.00627384 -0.0172279 -0.00482979 0.00627384 0.0102013 -0.0183138 0.00627797 -0.0172279 -0.0183138 0.0890703 
0.00887905 -0.0168723 -0.00485218 0.00629188 -0.0168723 0.0858456 0.00629371 -0.0172757 -0.00485218 0.00629371 0.0102228 -0.018323 0.00629188 -0.0172757 -0.018323 0.0890754 
0.00891295 -0.0168697 -0.00490624 0.00631799 -0.0168697 0.0858578 0.00631884 -0.0173298 -0.00490624 0.00631884 0.0102161 -0.0183614 0.00631799 -0.0173298 -0.0183614 0.0891572 
0.00893557 -0.0169212 -0.00495696 0.00638207 -0.0169212 0.0859526 0.00638431 -0.017451 -0.00495696 0.00638431 0.010213 -0.018356 0.00638207 -0.017451 -0.018356 0.0891927 
0.00889829 -0.0169855 -0.00492425 0.00644793 -0.0169855 0.0861456 0.00645177 -0.017617 -0.00492425 0.00645177 0.0102456 -0.0183223 0.00644793 -0.017617 -0.0183223 0.0891116 
0.00884649 -0.0169381 -0.00487267 0.00641314 -0.0169381 0.0861513 0.00640989 -0.01763 -0.00487267 0.00640989 0.010299 -0.0183742 0.00641314 -0.01763 -0.0183742 0.0891747 
0.00884196 -0.016848 -0.00488062 0.00634676 -0.016848 0.0859663 0.00633299 -0.017491 -0.00488062 0.00633299 0.0103162 -0.018471 0.00634676 -0.017491 -0.018471 0.0894053 
0.00884222 -0.0168491 -0.00492422 0.00634784 -0.0168491 0.0858899 0.00633553 -0.0174196 -0.00492422 0.00633553 0.0103233 -0.0184839 0.00634784 -0.0174196 -0.0184839 0.0895161 
0.00888004 -0.016836 -0.0049585 0.00639932 -0.016836 0.0858393 0.00639147 -0.0174826 -0.0049585 0.00639147 0.0103058 -0.0185171 0.00639932 -0.0174826 -0.0185171 0.0896321 
0.00890361 -0.0168991 -0.00496923 0.00644199 -0.0168991 0.0859373 0.00644334 -0.0176024 -0.00496923 0.00644334 0.0102894 -0.0184834 0.00644199 -0.0176024 -0.0184834 0.0896081 
0.00889137 -0.0169668 -0.00497975 0.00645534 -0.0169668 0.0861382 0.00646417 -0.0176859 -0.00497975 0.00646417 0.0102977 -0.0184234 0.00645534 -0.0176859 -0.0184234 0.0894442 
0.008901 -0.0169802 -0.00499957 0.00647316 -0.0169802 0.0862748 0.00647794 -0.0177425 -0.00499957 0.00647794 0.0102806 -0.0183945 0.00647316 -0.0177425 -0.0183945 0.0892795 
0.00887206 -0.0169354 -0.0049914 0.00649702 -0.0169354 0.0861843 0.00649407 -0.0177858 -0.0049914 0.00649407 0.0103235 -0.0184411 0.00649702 -0.0177858 -0.0184411 0.0893838 
0.00884964 -0.0168798 -0.00494771 0.00648874 -0.0168798 0.0860339 0.00648001 -0.0177856 -0.00494771 0.00648001 0.0103824 -0.0185223 0.00648874 -0.0177856 -0.0185223 0.0895935 
0.00876705 -0.0168702 -0.00485701 0.00643187 -0.0168702 0.0859748 0.00642198 -0.0176892 -0.00485701 0.00642198 0.0104738 -0.0185851 0.00643187 -0.0176892 -0.0185851 0.0897692 
0.00872112 -0.0167851 -0.00477811 0.00631549 -0.0167851 0.0858478 0.00629777 -0.0174412 -0.00477811 0.00629777 0.0105009 -0.0186984 0.00631549 -0.0174412 -0.0186984 0.0900196 
0.00868333 -0.0167456 -0.00470257 0.00621012 -0.0167456 0.085742 0.00619375 -0.0171546 -0.00470257 0.00619375 0.0105097 -0.0187092 0.00621012 -0.0171546 -0.0187092 0.0901243 
0.00869144 -0.0166802 -0.00466516 0.00611023 -0.0166802 0.085583 0.00609956 -0.0168814 -0.00466516 0.00609956 0.0104936 -0.0187301 0.00611023 -0.0168814 -0.0187301 0.0901946 
0.00867785 -0.0167015 -0.00463919 0.00605974 -0.0167015 0.0855586 0.00605991 -0.0167072 -0.00463919 0.00605991 0.0104966 -0.0186745 0.00605974 -0.0167072 -0.0186745 0.090084 
0.00864112 -0.0166252 -0.0045926 0.0060202 -0.0166252 0.085379 0.00602344 -0.0165746 -0.0045926 0.00602344 0.0105621 -0.0187488 0.0060202 -0.0165746 -0.0187488 0.0902286 
0.00860093 -0.0166351 -0.00452383 0.0059711 -0.0166351 0.0853704 0.00597142 -0.0164631 -0.00452383 0.00597142 0.0106045 -0.0187596 0.0059711 -0.0164631 -0.0187596 0.09022 
0.00859406 -0.0165974 -0.0045198 0.0058881 -0.0165974 0.0853298 0.00588098 -0.0162767 -0.0045198 0.00588098 0.0106013 -0.018806 0.0058881 -0.0162767 -0.018806 0.090282 
0.0086475 -0.0165839 -0.00453932 0.00587829 -0.0165839 0.0852803 0.00586908 -0.0161663 -0.00453932 0.00586908 0.0105384 -0.018808 0.00587829 -0.0161663 -0.018808 0.0903238 
0.00863776 -0.0166631 -0.00450957 0.00590061 -0.0166631 0.0854005 0.00590475 -0.0161897 -0.00450957 0.00590475 0.0105179 -0.0187053 0.00590061 -0.0161897 -0.0187053 0.0901405 
0.0086163 -0.0166717 -0.00450831 0.00587098 -0.0166717 0.0855029 0.0058811 -0.016181 -0.00450831 0.0058811 0.0105139 -0.0186433 0.00587098 -0.016181 -0.0186433 0.0899021 
0.00857727 -0.0165681 -0.00456326 0.00586566 -0.0165681 0.085284 0.00586744 -0.0161369 -0.00456326 0.00586744 0.0105564 -0.0187194 0.00586566 -0.0161369 -0.0187194 0.0900348 
0.00856341 -0.0165249 -0.00459167 0.00594396 -0.0165249 0.0851156 0.00593545 -0.016244 -0.00459167 0.00593545 0.0105674 -0.0187544 0.00594396 -0.016244 -0.0187544 0.0901304 
0.00858682 -0.0164516 -0.0046295 0.00598318 -0.0164516 0.0848733 0.00597276 -0.016363 -0.0046295 0.00597276 0.0105755 -0.0188399 0.00598318 -0.016363 -0.0188399 0.0903995 
0.00861189 -0.0165155 -0.00467387 0.00602933 -0.0165155 0.0849149 0.00602843 -0.0164977 -0.00467387 0.00602843 0.0105845 -0.0188105 0.00602933 -0.0164977 -0.0188105 0.0904113 
0.00860631 -0.0165777 -0.00467468 0.00608072 -0.0165777 0.0850856 0.00608693 -0.0166405 -0.00467468 0.00608693 0.0106154 -0.0188011 0.00608072 -0.0166405 -0.0188011 0.0903588 
0.00857464 -0.0165879 -0.00466165 0.00608387 -0.0165879 0.0851956 0.00608521 -0.0167011 -0.00466165 0.00608521 0.0106643 -0.0188367 0.00608387 -0.0167011 -0.0188367 0.0903934 
0.00857552 -0.0165587 -0.00466709 0.00606879 -0.0165587 0.0851982 0.00605927 -0.016677 -0.00466709 0.00605927 0.0106644 -0.0188992 0.00606879 -0.016677 -0.0188992 0.090517 
0.00862877 -0.0165589 -0.00470148 0.0060719 -0.0165589 0.0851917 0.00606141 -0.0166587 -0.00470148 0.00606141 0.0106407 -0.0189075 0.0060719 -0.0166587 -0.0189075 0.0905999 
0.00867356 -0.0166193 -0.00476071 0.00610553 -0.0166193 0.0852801 0.00610434 -0.0167093 -0.00476071 0.00610434 0.0106466 -0.0188907 0.00610553 -0.0167093 -0.0188907 0.0906148 
0.00870202 -0.0167088 -0.00482226 0.00617613 -0.0167088 0.0855079 0.00617981 -0.0168538 -0.00482226 0.00617981 0.0106288 -0.0188763 0.00617613 -0.0168538 -0.0188763 0.0905588 
0.00869848 -0.0167324 -0.00482558 0.00624854 -0.0167324 0.085636 0.00625162 -0.0170207 -0.00482558 0.00625162 0.0106469 -0.0188982 0.00624854 -0.0170207 -0.0188982 0.0906374 
0.00869084 -0.0167412 -0.0047958 0.0062571 -0.0167412 0.0857099 0.00625659 -0.0171042 -0.0047958 0.00625659 0.0106509 -0.018915 0.0062571 -0.0171042 -0.018915 0.0906952 
0.00870638 -0.0167539 -0.00479246 0.00621928 -0.0167539 0.08578 0.00621956 -0.0170691 -0.00479246 0.00621956 0.0106176 -0.018892 0.00621928 -0.0170691 -0.018892 0.0906512 
0.00878894 -0.0167699 -0.0048267 0.00620772 -0.0167699 0.0858259 0.00621263 -0.017021 -0.0048267 0.00621263 0.0105109 -0.0188484 0.00620772 -0.017021 -0.0188484 0.0905603 
0.00882365 -0.0169013 -0.00483882 0.00624856 -0.0169013 0.0860777 0.0062682 -0.0170942 -0.00483882 0.0062682 0.010441 -0.0186604 0.00624856 -0.0170942 -0.0186604 0.0901523 
0.00880721 -0.0169383 -0.00483092 0.00626776 -0.0169383 0.0862483 0.00629321 -0.0171776 -0.00483092 0.00629321 0.0104264 -0.0185653 0.00626776 -0.0171776 -0.0185653 0.0898023 
0.00874751 -0.0168756 -0.00479502 0.00626455 -0.0168756 0.0861597 0.00627902 -0.0171941 -0.00479502 0.00627902 0.0104758 -0.018582 0.00626455 -0.0171941 -0.018582 0.0897414 
0.00867856 -0.0168001 -0.00476752 0.00623481 -0.0168001 0.0859827 0.00623144 -0.0171438 -0.00476752 0.00623144 0.0105295 -0.0186306 0.00623481 -0.0171438 -0.0186306 0.0897897 
0.00870318 -0.0167038 -0.00480285 0.00620952 -0.0167038 0.0857386 0.00619006 -0.0170654 -0.00480285 0.00619006 0.0104895 -0.018703 0.00620952 -0.0170654 -0.018703 0.0899416 
0.00875934 -0.0166859 -0.00484042 0.00624596 -0.0166859 0.0855499 0.00622972 -0.0170823 -0.00484042 0.00622972 0.0104526 -0.0187076 0.00624596 -0.0170823 -0.0187076 0.0900918 
0.00876075 -0.0167717 -0.00486469 0.00629001 -0.0167717 0.0856409 0.00629063 -0.0171967 -0.00486469 0.00629063 0.0104654 -0.0186415 0.00629001 -0.0171967 -0.0186415 0.0900031 
0.00875947 -0.0167699 -0.00487224 0.00631657 -0.0167699 0.0856952 0.00632161 -0.0172878 -0.00487224 0.00632161 0.0104922 -0.0186778 0.00631657 -0.0172878 -0.0186778 0.090037 
0.00880449 -0.0167678 -0.00489949 0.00632526 -0.0167678 0.0857039 0.00632525 -0.0173251 -0.00489949 0.00632525 0.0104712 -0.0187263 0.00632526 -0.0173251 -0.0187263 0.0901617 
0.00883528 -0.016869 -0.00489471 0.0063572 -0.016869 0.0859143 0.00636149 -0.0173924 -0.00489471 0.00636149 0.0104362 -0.0186533 0.0063572 -0.0173924 -0.0186533 0.0900454 
0.00887591 -0.0169132 -0.00494163 0.00634826 -0.0169132 0.0860931 0.00635713 -0.0174104 -0.00494163 0.00635713 0.0103741 -0.0186124 0.00634826 -0.0174104 -0.0186124 0.0899262 
0.00891739 -0.0169547 -0.00498012 0.00639906 -0.0169547 0.086215 0.00641242 -0.0174851 -0.00498012 0.00641242 0.0103151 -0.0185442 0.00639906 -0.0174851 -0.0185442 0.0897856 
0.00893981 -0.0169772 -0.00497233 0.00644866 -0.0169772 0.0862677 0.00646682 -0.0176078 -0.00497233 0.00646682 0.0103153 -0.0184967 0.00644866 -0.0176078 -0.0184967 0.0896831 
0.00887444 -0.0170174 -0.00492126 0.00644323 -0.0170174 0.0863598 0.00646113 -0.0176622 -0.00492126 0.00646113 0.0103905 -0.0184775 0.00644323 -0.0176622 -0.0184775 0.0895797 
0.00884079 -0.0170118 -0.00491946 0.00639386 -0.0170118 0.0864716 0.0063969 -0.017599 -0.00491946 0.0063969 0.0103856 -0.0184775 0.00639386 -0.017599 -0.0184775 0.089423 
0.00878018 -0.0169592 -0.00490305 0.00639819 -0.0169592 0.0864054 0.00638344 -0.0175474 -0.00490305 0.00638344 0.0103863 -0.0184787 0.00639819 -0.0175474 -0.0184787 0.0893895 
0.00875291 -0.016856 -0.00492772 0.00639274 -0.016856 0.0861745 0.00636783 -0.0175292 -0.00492772 0.00636783 0.0103767 -0.0184907 0.00639274 -0.0175292 -0.0184907 0.0894111 
0.00874467 -0.0167562 -0.00498038 0.00642614 -0.0167562 0.0858381 0.00639974 -0.0175745 -0.00498038 0.00639974 0.0103711 -0.0185287 0.00642614 -0.0175745 -0.0185287 0.0895438 
0.00875375 -0.0166968 -0.0049959 0.00649218 -0.0166968 0.0855528 0.00647084 -0.0177128 -0.0049959 0.00647084 0.0103865 -0.0185671 0.00649218 -0.0177128 -0.0185671 0.0897143 
0.00877776 -0.0167154 -0.00501089 0.0065144 -0.0167154 0.0854782 0.00650263 -0.0178332 -0.00501089 0.00650263 0.0103791 -0.0185783 0.0065144 -0.0178332 -0.0185783 0.0897865 
0.00879794 -0.0167336 -0.00501551 0.00652038 -0.0167336 0.0854793 0.00651769 -0.0178792 -0.00501551 0.00651769 0.0103726 -0.0186025 0.00652038 -0.0178792 -0.0186025 0.0898966 
0.00878152 -0.0167726 -0.00497938 0.00651743 -0.0167726 0.0855654 0.00652383 -0.0178883 -0.00497938 0.00652383 0.0103955 -0.0185925 0.00651743 -0.0178883 -0.0185925 0.089927 
0.00875041 -0.0167496 -0.00489758 0.0064657 -0.0167496 0.0855726 0.00647422 -0.0178021 -0.00489758 0.00647422 0.0104357 -0.0186351 0.0064657 -0.0178021 -0.0186351 0.0900195 
0.00876823 -0.0167429 -0.00487752 0.00636376 -0.0167429 0.0855912 0.00637015 -0.0175962 -0.00487752 0.00637015 0.0104168 -0.0186481 0.00636376 -0.0175962 -0.0186481 0.0900356 
0.00882896 -0.0167606 -0.00488986 0.00632604 -0.0167606 0.0856227 0.00633573 -0.0174277 -0.00488986 0.00633573 0.0103607 -0.0186289 0.00632604 -0.0174277 -0.0186289 0.0900175 
0.00887598 -0.0168342 -0.00491524 0.00633422 -0.0168342 0.0857546 0.00635488 -0.0173905 -0.00491524 0.00635488 0.010331 -0.0185604 0.00633422 -0.0173905 -0.0185604 0.0898948 
0.00892867 -0.0168913 -0.00493937 0.00636272 -0.0168913 0.0859097 0.00639032 -0.0174343 -0.00493937 0.00639032 0.0103154 -0.0185319 0.00636272 -0.0174343 -0.0185319 0.0897938 
0.00897156 -0.0170156 -0.00498524 0.00639577 -0.0170156 0.0862319 0.00642414 -0.0175229 -0.00498524 0.00642414 0.0102838 -0.0184477 0.00639577 -0.0175229 -0.0184477 0.0895353 
0.00891691 -0.0171021 -0.00499547 0.00645742 -0.0171021 0.0865447 0.00648007 -0.0176526 -0.00499547 0.00648007 0.0103404 -0.0183771 0.00645742 -0.0176526 -0.0183771 0.0892776 
0.00888234 -0.0169992 -0.00501549 0.00648196 -0.0169992 0.0864686 0.0064808 -0.0177248 -0.00501549 0.0064808 0.0103967 -0.0185017 0.00648196 -0.0177248 -0.0185017 0.0894436 
0.00882355 -0.0169327 -0.00497464 0.00651225 -0.0169327 0.0862739 0.00649237 -0.0177736 -0.00497464 0.00649237 0.0104643 -0.0186085 0.00651225 -0.0177736 -0.0186085 0.0897568 
0.00880972 -0.0168423 -0.00493978 0.00646087 -0.0168423 0.0860402 0.00643557 -0.0177045 -0.00493978 0.00643557 0.0104895 -0.0187297 0.00646087 -0.0177045 -0.0187297 0.0901264 
0.00883256 -0.0168543 -0.00495442 0.00640905 -0.0168543 0.0859954 0.00639369 -0.0175857 -0.00495442 0.00639369 0.0104826 -0.0187268 0.00640905 -0.0175857 -0.0187268 0.0902285 
0.00882803 -0.0169082 -0.00497003 0.00641834 -0.0169082 0.0861039 0.00641391 -0.0175559 -0.00497003 0.00641391 0.0105118 -0.0186888 0.00641834 -0.0175559 -0.0186888 0.0901538 
0.00877117 -0.0168927 -0.00495432 0.00643596 -0.0168927 0.0861238 0.00643185 -0.0175787 -0.00495432 0.00643185 0.0105845 -0.0187493 0.00643596 -0.0175787 -0.0187493 0.0902409 
0.00873822 -0.016844 -0.00498173 0.00642567 -0.016844 0.0860721 0.00641017 -0.0175728 -0.00498173 0.00641017 0.0106206 -0.0188247 0.00642567 -0.0175728 -0.0188247 0.0903867 
0.00871982 -0.0167798 -0.00497699 0.00645619 -0.0167798 0.0859165 0.00643329 -0.0175931 -0.00497699 0.00643329 0.0106555 -0.0189077 0.00645619 -0.0175931 -0.0189077 0.0906373 
0.00873476 -0.0167823 -0.00496549 0.00645835 -0.0167823 0.0858801 0.00643702 -0.0176292 -0.00496549 0.00643702 0.0106358 -0.0189196 0.00645835 -0.0176292 -0.0189196 0.0907139 
0.00877606 -0.0168099 -0.00496096 0.00643978 -0.0168099 0.085926 0.00642744 -0.0176193 -0.00496096 0.00642744 0.0105573 -0.0188841 0.00643978 -0.0176193 -0.0188841 0.0906722 
0.00882224 -0.0168309 -0.0049952 0.00641807 -0.0168309 0.0859558 0.00642282 -0.0175769 -0.0049952 0.00642282 0.0105135 -0.0188216 0.00641807 -0.0175769 -0.0188216 0.090599 
0.00890441 -0.0168645 -0.00508416 0.00644862 -0.0168645 0.0859986 0.00646577 -0.0176064 -0.00508416 0.00646577 0.0104784 -0.0187898 0.00644862 -0.0176064 -0.0187898 0.0905319 
0.00894897 -0.0170011 -0.00515208 0.00655943 -0.0170011 0.0862668 0.00658387 -0.0178181 -0.00515208 0.00658387 0.0104595 -0.0187075 0.00655943 -0.0178181 -0.0187075 0.0903207 
0.00894023 -0.0170826 -0.00515607 0.00665329 -0.0170826 0.086551 0.00667206 -0.0180716 -0.00515607 0.00667206 0.0104806 -0.0186729 0.00665329 -0.0180716 -0.0186729 0.0901635 
0.00893754 -0.0170651 -0.00514551 0.00666566 -0.0170651 0.0866267 0.00667019 -0.018177 -0.00514551 0.00667019 0.0105023 -0.018722 0.00666566 -0.018177 -0.018722 0.0902202 
0.00889794 -0.0170351 -0.00513603 0.00664391 -0.0170351 0.0865643 0.00664039 -0.0181438 -0.00513603 0.00664039 0.0105728 -0.0187969 0.00664391 -0.0181438 -0.0187969 0.0904421 
0.00891338 -0.0170067 -0.00512708 0.00662918 -0.0170067 0.0865177 0.0066198 -0.0180882 -0.00512708 0.0066198 0.0105749 -0.0188709 0.00662918 -0.0180882 -0.0188709 0.0906308 
0.00891596 -0.0170291 -0.00510807 0.00661189 -0.0170291 0.0865343 0.00660524 -0.0180343 -0.00510807 0.00660524 0.0105753 -0.0188827 0.00661189 -0.0180343 -0.0188827 0.0907461 
