0.00434143 0 -0.00179869 0 0 0.01 0 0 -0.00179869 0 0.0117826 0 0 0 0 0.01 
0.00611498 -0.00769636 -0.0025298 0.00309829 -0.00769636 0.0239316 0.00309829 -0.00594074 -0.0025298 0.00309829 0.0165983 -0.0205357 0.00309829 -0.00594074 -0.0205357 0.0485494 
0.00705119 -0.014102 -0.00235783 0.00359442 -0.014102 0.0546778 0.00359442 -0.0113465 -0.00235783 0.00359442 0.0159897 -0.0290111 0.00359442 -0.0113465 -0.0290111 0.101752 
0.00703383 -0.0157957 -0.00222084 0.00272884 -0.0157957 0.0746128 0.00274534 -0.00914572 -0.00222084 0.00274534 0.0146865 -0.02619 0.00272884 -0.00914572 -0.02619 0.111166 
0.00675596 -0.0153755 -0.00228673 0.00261577 -0.0153755 0.0803173 0.00264045 -0.0075509 -0.00228673 0.00264045 0.0147134 -0.0244839 0.00261577 -0.0075509 -0.0244839 0.108271 
0.00668636 -0.0148113 -0.00239792 0.00277277 -0.0148113 0.0808761 0.00278667 -0.00734447 -0.00239792 0.00278667 0.0150592 -0.0245497 0.00277277 -0.00734447 -0.0245497 0.107144 
0.00659497 -0.0145657 -0.00239468 0.00293489 -0.0145657 0.0804519 0.00293732 -0.0076001 -0.00239468 0.00293732 0.0153131 -0.0249564 0.00293489 -0.0076001 -0.0249564 0.107651 
0.0066539 -0.014464 -0.00236718 0.00292912 -0.014464 0.0802575 0.00292349 -0.0076713 -0.00236718 0.00292349 0.0154003 -0.0252225 0.00292912 -0.0076713 -0.0252225 0.108328 
0.00667965 -0.0145093 -0.0023555 0.00289064 -0.0145093 0.0802331 0.00288242 -0.0076019 -0.0023555 0.00288242 0.0154108 -0.0253035 0.00289064 -0.0076019 -0.0253035 0.108676 
0.00658464 -0.0145012 -0.0023819 0.00287831 -0.0145012 0.080172 0.00287065 -0.00755357 -0.0023819 0.00287065 0.0153993 -0.0253073 0.00287831 -0.00755357 -0.0253073 0.108768 
0.00655516 -0.014405 -0.00237581 0.00290567 -0.014405 0.0800347 0.00290037 -0.00757343 -0.00237581 0.00290037 0.0154027 -0.0252914 0.00290567 -0.00757343 -0.0252914 0.10876 
0.00645366 -0.0143282 -0.00236668 0.00290666 -0.0143282 0.0797633 0.00290149 -0.00760754 -0.00236668 0.00290149 0.0154162 -0.0252939 0.00290666 -0.00760754 -0.0252939 0.108753 
0.00643292 -0.0142149 -0.0023868 0.00289829 -0.0142149 0.0795022 0.00289382 -0.00760215 -0.0023868 0.00289382 0.0154107 -0.0253089 0.00289829 -0.00760215 -0.0253089 0.108775 
0.00650028 -0.0142093 -0.00236087 0.00292012 -0.0142093 0.0794196 0.00292126 -0.0076332 -0.00236087 0.00292126 0.0154215 -0.0253009 0.00292012 -0.0076332 -0.0253009 0.108775 
0.00647476 -0.0142483 -0.00236027 0.00290253 -0.0142483 0.0793758 0.00290764 -0.00765612 -0.00236027 0.00290764 0.0154245 -0.0253082 0.00290253 -0.00765612 -0.0253082 0.108773 
0.00645156 -0.014265 -0.00233056 0.00289451 -0.014265 0.0794902 0.00290085 -0.00763362 -0.00233056 0.00290085 0.0154405 -0.0253125 0.00289451 -0.00763362 -0.0253125 0.108782 
0.00646476 -0.0142642 -0.00230437 0.00285832 -0.0142642 0.0795807 0.00286121 -0.00756203 -0.00230437 0.00286121 0.0154526 -0.0253318 0.00285832 -0.00756203 -0.0253318 0.108815 
0.00639145 -0.0142745 -0.00223136 0.00282696 -0.0142745 0.0796157 0.00282553 -0.0074761 -0.00223136 0.00282553 0.0154917 -0.025348 0.00282696 -0.0074761 -0.025348 0.108856 
0.00631464 -0.0141831 -0.00220476 0.00274626 -0.0141831 0.0794883 0.00273794 -0.00731472 -0.00220476 0.00273794 0.0155083 -0.0253926 0.00274626 -0.00731472 -0.0253926 0.10894 
0.00628801 -0.0140856 -0.00219222 0.00271444 -0.0140856 0.0792697 0.00270454 -0.00718733 -0.00219222 0.00270454 0.0155156 -0.0254134 0.00271444 -0.00718733 -0.0254134 0.109013 
0.00626594 -0.0140386 -0.00221461 0.00270533 -0.0140386 0.0790825 0.00270009 -0.00714636 -0.00221461 0.00270009 0.0155073 -0.0254191 0.00270533 -0.00714636 -0.0254191 0.109044 
0.00625406 -0.0139977 -0.00222744 0.00273473 -0.0139977 0.0789307 0.00273404 -0.0071934 -0.00222744 0.00273404 0.0155019 -0.0254076 0.00273473 -0.0071934 -0.0254076 0.10903 
0.00621206 -0.0139669 -0.00224065 0.00275433 -0.0139669 0.0787996 0.00275622 -0.00726359 -0.00224065 0.00275622 0.0154978 -0.0253991 0.00275433 -0.00726359 -0.0253991 0.109005 
0.00630306 -0.0139505 -0.00223781 0.00276393 -0.0139505 0.0787906 0.0027665 -0.00729082 -0.00223781 0.0027665 0.0154941 -0.0253958 0.00276393 -0.00729082 -0.0253958 0.108993 
0.0063927 -0.0140412 -0.00223924 0.0027649 -0.0140412 0.0788788 0.00276876 -0.00731461 -0.00223924 0.00276876 0.0154885 -0.0253904 0.0027649 -0.00731461 -0.0253904 0.108978 
0.00645825 -0.0141623 -0.00231075 0.00276197 -0.0141623 0.0791383 0.00276573 -0.00731322 -0.00231075 0.00276573 0.015448 -0.025385 0.00276197 -0.00731322 -0.025385 0.108965 
0.00640189 -0.0142336 -0.00234991 0.00284043 -0.0142336 0.0793476 0.00284489 -0.0074276 -0.00234991 0.00284489 0.0154319 -0.0253402 0.00284043 -0.0074276 -0.0253402 0.108893 
0.00648215 -0.0142151 -0.00235418 0.00287716 -0.0142151 0.0794945 0.00287989 -0.00751873 -0.00235418 0.00287989 0.0154253 -0.0253235 0.00287716 -0.00751873 -0.0253235 0.108838 
0.00664692 -0.014312 -0.00236153 0.00287852 -0.014312 0.0796721 0.00287934 -0.00754392 -0.00236153 0.00287934 0.0154104 -0.0253163 0.00287852 -0.00754392 -0.0253163 0.108812 
0.00668594 -0.014511 -0.00235475 0.00288271 -0.014511 0.0800512 0.00288579 -0.00755321 -0.00235475 0.00288579 0.0154118 -0.025301 0.00288271 -0.00755321 -0.025301 0.108782 
0.00660861 -0.0145519 -0.00232964 0.0028762 -0.0145519 0.0802744 0.00288149 -0.00755302 -0.00232964 0.00288149 0.0154301 -0.0253012 0.0028762 -0.00755302 -0.0253012 0.108769 
0.0064686 -0.0144535 -0.00236747 0.00285138 -0.0144535 0.0801854 0.00285229 -0.0075118 -0.00236747 0.00285229 0.015419 -0.0253224 0.00285138 -0.0075118 -0.0253224 0.108798 
0.00637763 -0.014278 -0.00237292 0.00289674 -0.014278 0.0798542 0.00289426 -0.00755391 -0.00237292 0.00289426 0.0154199 -0.0253106 0.00289674 -0.00755391 -0.0253106 0.108797 
0.00634757 -0.0141502 -0.00237026 0.00290813 -0.0141502 0.0794866 0.00290192 -0.00760276 -0.00237026 0.00290192 0.0154224 -0.025311 0.00290813 -0.00760276 -0.025311 0.10879 
0.00641433 -0.0141019 -0.00235088 0.00290532 -0.0141019 0.0792508 0.00289629 -0.00760817 -0.00235088 0.00289629 0.0154288 -0.0253152 0.00290532 -0.00760817 -0.0253152 0.108797 
0.00653955 -0.0141896 -0.00235812 0.00287787 -0.0141896 0.0793096 0.00287079 -0.00756256 -0.00235812 0.00287079 0.0154166 -0.0253231 0.00287787 -0.00756256 -0.0253231 0.108815 
0.00659078 -0.0143337 -0.00239444 0.00288259 -0.0143337 0.079556 0.00288174 -0.00755385 -0.00239444 0.00288174 0.0153951 -0.0253097 0.00288259 -0.00755385 -0.0253097 0.108803 
0.00661497 -0.0144451 -0.00238406 0.00291663 -0.0144451 0.0799294 0.00292346 -0.00760098 -0.00238406 0.00292346 0.015401 -0.0252846 0.00291663 -0.00760098 -0.0252846 0.108757 
0.00669421 -0.0144965 -0.00242057 0.00290427 -0.0144965 0.080185 0.00291426 -0.00761178 -0.00242057 0.00291426 0.0153758 -0.0252885 0.00290427 -0.00761178 -0.0252885 0.108741 
0.0066759 -0.0145774 -0.002421 0.00294691 -0.0145774 0.0803687 0.00295765 -0.00767765 -0.002421 0.00295765 0.0153768 -0.0252597 0.00294691 -0.00767765 -0.0252597 0.108695 
0.00674904 -0.0145594 -0.00239404 0.00295148 -0.0145594 0.0804281 0.00295982 -0.0077222 -0.00239404 0.00295982 0.0153885 -0.0252601 0.00295148 -0.0077222 -0.0252601 0.108669 
0.00677368 -0.0146401 -0.00231744 0.00292207 -0.0146401 0.0805397 0.0029285 -0.00769067 -0.00231744 0.0029285 0.0154272 -0.0252733 0.00292207 -0.00769067 -0.0252733 0.108683 
0.00672251 -0.0146947 -0.00222601 0.00283231 -0.0146947 0.0807184 0.00283389 -0.00752965 -0.00222601 0.00283389 0.0154757 -0.0253181 0.00283231 -0.00752965 -0.0253181 0.108758 
0.00671344 -0.0146518 -0.00218451 0.00272465 -0.0146518 0.0807517 0.00271695 -0.00727501 -0.00218451 0.00271695 0.0154968 -0.0253763 0.00272465 -0.00727501 -0.0253763 0.108885 
0.00662541 -0.0146173 -0.002173 0.00267705 -0.0146173 0.0806522 0.00266574 -0.00709579 -0.002173 0.00266574 0.0155069 -0.0254027 0.00267705 -0.00709579 -0.0254027 0.10898 
0.00653829 -0.0145023 -0.0021513 0.00266573 -0.0145023 0.0804271 0.002654 -0.00702028 -0.0021513 0.002654 0.0155213 -0.0254143 0.00266573 -0.00702028 -0.0254143 0.109029 
0.00645098 -0.014359 -0.00221443 0.00264884 -0.014359 0.0800392 0.00263759 -0.0069863 -0.00221443 0.00263759 0.0154967 -0.0254296 0.00264884 -0.0069863 -0.0254296 0.109066 
0.00639553 -0.0142439 -0.00224292 0.00272273 -0.0142439 0.0796953 0.00271897 -0.00709113 -0.00224292 0.00271897 0.0154872 -0.0254 0.00272273 -0.00709113 -0.0254 0.109036 
0.00632454 -0.0141481 -0.0022491 0.00276842 -0.0141481 0.079366 0.00277371 -0.00725146 -0.0022491 0.00277371 0.0154873 -0.0253824 0.00276842 -0.00725146 -0.0253824 0.10898 
0.0063433 -0.0140782 -0.00224381 0.00277838 -0.0140782 0.0791699 0.00278652 -0.00733056 -0.00224381 0.00278652 0.015489 -0.0253807 0.00277838 -0.00733056 -0.0253807 0.108954 
0.0062891 -0.014105 -0.00218489 0.00277258 -0.014105 0.0791401 0.00277949 -0.00734783 -0.00218489 0.00277949 0.0155185 -0.0253822 0.00277258 -0.00734783 -0.0253822 0.108946 
0.00625755 -0.0140506 -0.00215853 0.0027044 -0.0140506 0.0790848 0.0027023 -0.00723771 -0.00215853 0.0027023 0.0155324 -0.0254173 0.0027044 -0.00723771 -0.0254173 0.108999 
0.00629328 -0.0140083 -0.00222894 0.00266897 -0.0140083 0.0789857 0.00265936 -0.00710891 -0.00222894 0.00265936 0.0154976 -0.0254378 0.00266897 -0.00710891 -0.0254378 0.109063 
0.00645938 -0.0140579 -0.0023612 0.0027431 -0.0140579 0.0790359 0.0027387 -0.00716652 -0.0023612 0.0027387 0.0154197 -0.0253994 0.0027431 -0.00716652 -0.0253994 0.109034 
0.00657288 -0.0142604 -0.0024267 0.00289094 -0.0142604 0.0793806 0.00290069 -0.00744911 -0.0024267 0.00290069 0.0153796 -0.0253093 0.00289094 -0.00744911 -0.0253093 0.108873 
0.00654792 -0.0144001 -0.00238255 0.00296856 -0.0144001 0.0797603 0.00298429 -0.00770879 -0.00238255 0.00298429 0.0154055 -0.0252589 0.00296856 -0.00770879 -0.0252589 0.108718 
0.00649304 -0.0143581 -0.00240469 0.00292124 -0.0143581 0.0798189 0.00292799 -0.00772207 -0.00240469 0.00292799 0.015397 -0.0252898 0.00292124 -0.00772207 -0.0252898 0.10871 
0.00641324 -0.0142794 -0.00246765 0.00294434 -0.0142794 0.0796733 0.00294472 -0.00772018 -0.00246765 0.00294472 0.0153665 -0.0252842 0.00294434 -0.00772018 -0.0252842 0.10872 
0.00633234 -0.0141629 -0.0025447 0.00302138 -0.0141629 0.079401 0.00302102 -0.00784923 -0.0025447 0.00302102 0.0153279 -0.0252482 0.00302138 -0.00784923 -0.0252482 0.108665 
0.00626487 -0.0140489 -0.00257646 0.00311366 -0.0140489 0.079094 0.00311506 -0.00805558 -0.00257646 0.00311506 0.0153149 -0.0252016 0.00311366 -0.00805558 -0.0252016 0.108566 
0.00625404 -0.0139537 -0.00257475 0.00315726 -0.0139537 0.0788088 0.0031579 -0.00821228 -0.00257475 0.0031579 0.0153166 -0.0251842 0.00315726 -0.00821228 -0.0251842 0.108496 
0.00619475 -0.0139235 -0.00253959 0.0031583 -0.0139235 0.0786196 0.00315737 -0.00826996 -0.00253959 0.00315737 0.0153397 -0.0251865 0.0031583 -0.00826996 -0.0251865 0.108476 
0.00617376 -0.0138418 -0.00256581 0.00311957 -0.0138418 0.0784185 0.0031136 -0.00822249 -0.00256581 0.0031136 0.0153251 -0.0252135 0.00311957 -0.00822249 -0.0252135 0.108514 
0.00608439 -0.0137734 -0.00260805 0.00315106 -0.0137734 0.0781558 0.00314548 -0.00824596 -0.00260805 0.00314548 0.0153081 -0.0251984 0.00315106 -0.00824596 -0.0251984 0.108514 
0.00610462 -0.0137028 -0.00263295 0.00320006 -0.0137028 0.0780237 0.00319877 -0.00833688 -0.00263295 0.00319877 0.0152924 -0.0251762 0.00320006 -0.00833688 -0.0251762 0.108472 
0.00610199 -0.0136939 -0.0025889 0.00323437 -0.0136939 0.0778926 0.00323759 -0.00844865 -0.0025889 0.00323759 0.0153185 -0.0251564 0.00323437 -0.00844865 -0.0251564 0.10842 
0.00605957 -0.0137007 -0.0025665 0.00318604 -0.0137007 0.0778777 0.00318631 -0.00841795 -0.0025665 0.00318631 0.0153346 -0.0251852 0.00318604 -0.00841795 -0.0251852 0.108442 
0.00593166 -0.0136267 -0.00255828 0.00315946 -0.0136267 0.0777237 0.00315627 -0.00834702 -0.00255828 0.00315627 0.0153483 -0.0252067 0.00315946 -0.00834702 -0.0252067 0.108494 
0.00589685 -0.0134863 -0.00256314 0.00315201 -0.0134863 0.0774748 0.00314527 -0.00830117 -0.00256314 0.00314527 0.015347 -0.025222 0.00315201 -0.00830117 -0.025222 0.108538 
0.00593215 -0.0134348 -0.0025799 0.00315992 -0.0134348 0.0772723 0.00315363 -0.00830013 -0.0025799 0.00315363 0.0153331 -0.0252204 0.00315992 -0.00830013 -0.0252204 0.108551 
0.0060321 -0.0134644 -0.00268773 0.00317867 -0.0134644 0.0772221 0.00317526 -0.00833925 -0.00268773 0.00317526 0.015261 -0.0252037 0.00317867 -0.00833925 -0.0252037 0.108527 
0.00598999 -0.0135555 -0.00274932 0.00329973 -0.0135555 0.0773039 0.00330845 -0.008553 -0.00274932 0.00330845 0.0152304 -0.0251208 0.00329973 -0.008553 -0.0251208 0.10839 
0.00589475 -0.0135137 -0.00278694 0.00337933 -0.0135137 0.0773137 0.00339472 -0.00879315 -0.00278694 0.00339472 0.0152174 -0.0250787 0.00337933 -0.00879315 -0.0250787 0.108252 
0.00581772 -0.0134016 -0.00275378 0.00343048 -0.0134016 0.0771463 0.00344355 -0.00896315 -0.00275378 0.00344355 0.0152432 -0.0250602 0.00343048 -0.00896315 -0.0250602 0.108173 
0.00575868 -0.0132938 -0.00268347 0.00340137 -0.0132938 0.076876 0.00340444 -0.00897804 -0.00268347 0.00340444 0.0152901 -0.0250891 0.00340137 -0.00897804 -0.0250891 0.108189 
0.0057268 -0.0132157 -0.00261943 0.00332184 -0.0132157 0.0766352 0.00331432 -0.00883641 -0.00261943 0.00331432 0.0153318 -0.0251467 0.00332184 -0.00883641 -0.0251467 0.108295 
0.00571492 -0.0131863 -0.00254246 0.00324562 -0.0131863 0.0765135 0.00323407 -0.00864428 -0.00254246 0.00323407 0.0153754 -0.0251969 0.00324562 -0.00864428 -0.0251969 0.108423 
0.00573102 -0.0131677 -0.00252095 0.0031567 -0.0131677 0.0764313 0.00314409 -0.00843629 -0.00252095 0.00314409 0.0153874 -0.0252483 0.0031567 -0.00843629 -0.0252483 0.10855 
0.0058372 -0.0132286 -0.00251965 0.00312194 -0.0132286 0.0765697 0.00311371 -0.00828849 -0.00251965 0.00311371 0.0153811 -0.0252637 0.00312194 -0.00828849 -0.0252637 0.108626 
0.00584079 -0.013329 -0.00255293 0.00312239 -0.013329 0.076729 0.00312128 -0.00826249 -0.00255293 0.00312128 0.0153635 -0.0252547 0.00312239 -0.00826249 -0.0252547 0.108631 
0.00588621 -0.0133775 -0.0025778 0.00315389 -0.0133775 0.0769614 0.00315731 -0.00829825 -0.0025778 0.00315731 0.0153463 -0.0252341 0.00315389 -0.00829825 -0.0252341 0.108598 
0.00580678 -0.013399 -0.00257133 0.00318672 -0.013399 0.077014 0.00319219 -0.00838452 -0.00257133 0.00319219 0.015355 -0.0252124 0.00318672 -0.00838452 -0.0252124 0.108547 
0.00573932 -0.0133201 -0.00250648 0.00318095 -0.0133201 0.0769484 0.00318262 -0.00840063 -0.00250648 0.00318262 0.0153934 -0.0252227 0.00318095 -0.00840063 -0.0252227 0.108541 
0.00568873 -0.0132238 -0.00242805 0.0031106 -0.0132238 0.0767297 0.00310599 -0.00829252 -0.00242805 0.00310599 0.0154367 -0.0252682 0.0031106 -0.00829252 -0.0252682 0.108614 
0.00566191 -0.013161 -0.00237387 0.00302062 -0.013161 0.0765374 0.00301005 -0.00809271 -0.00237387 0.00301005 0.0154651 -0.0253198 0.00302062 -0.00809271 -0.0253198 0.10873 
0.00554709 -0.0130819 -0.00241914 0.00296578 -0.0130819 0.0762543 0.00295345 -0.00794159 -0.00241914 0.00295345 0.0154504 -0.0253519 0.00296578 -0.00794159 -0.0253519 0.108823 
0.00540363 -0.0129183 -0.00247117 0.00302207 -0.0129183 0.0758636 0.00301646 -0.00798599 -0.00247117 0.00301646 0.0154342 -0.0253326 0.00302207 -0.00798599 -0.0253326 0.108826 
0.00539506 -0.0127519 -0.00250925 0.00308639 -0.0127519 0.0754782 0.0030871 -0.00812986 -0.00250925 0.0030871 0.0154161 -0.0253104 0.00308639 -0.00812986 -0.0253104 0.108781 
0.00539203 -0.0127121 -0.00248818 0.0031387 -0.0127121 0.0752063 0.00314447 -0.00829073 -0.00248818 0.00314447 0.0154271 -0.0252866 0.0031387 -0.00829073 -0.0252866 0.10872 
0.00544814 -0.0127375 -0.00241511 0.00311157 -0.0127375 0.0752105 0.00311612 -0.00830538 -0.00241511 0.00311612 0.0154576 -0.0252985 0.00311157 -0.00830538 -0.0252985 0.108713 
0.00548684 -0.0128179 -0.00230859 0.00302359 -0.0128179 0.0753561 0.00302064 -0.00815299 -0.00230859 0.00302064 0.0155023 -0.0253372 0.00302359 -0.00815299 -0.0253372 0.108777 
0.00549297 -0.0128588 -0.0022833 0.00289922 -0.0128588 0.0754666 0.00288767 -0.00788217 -0.0022833 0.00288767 0.0155128 -0.0253912 0.00289922 -0.00788217 -0.0253912 0.108892 
0.00545137 -0.0128805 -0.00230196 0.00286294 -0.0128805 0.0755668 0.00285327 -0.00770043 -0.00230196 0.00285327 0.0155069 -0.0254054 0.00286294 -0.00770043 -0.0254054 0.108967 
0.00543588 -0.0128496 -0.00223542 0.00288231 -0.0128496 0.0755989 0.00287987 -0.007679 -0.00223542 0.00287987 0.0155329 -0.0253966 0.00288231 -0.007679 -0.0253966 0.108973 
0.00542657 -0.0128121 -0.00228051 0.00281541 -0.0128121 0.0755059 0.00281257 -0.00760035 -0.00228051 0.00281257 0.0155138 -0.0254232 0.00281541 -0.00760035 -0.0254232 0.109005 
0.00546707 -0.0128153 -0.00237443 0.00285762 -0.0128153 0.0755039 0.00285971 -0.0076081 -0.00237443 0.00285971 0.0154704 -0.0254035 0.00285762 -0.0076081 -0.0254035 0.108998 
0.00546703 -0.0128545 -0.0023736 0.00297403 -0.0128545 0.0755502 0.00298884 -0.00783198 -0.0023736 0.00298884 0.0154712 -0.0253474 0.00297403 -0.00783198 -0.0253474 0.108896 
0.00539769 -0.0128359 -0.0022781 0.00298948 -0.0128359 0.0755125 0.00300446 -0.00798954 -0.0022781 0.00300446 0.0155117 -0.0253423 0.00298948 -0.00798954 -0.0253423 0.108829 
0.00536514 -0.0127459 -0.00223744 0.00288277 -0.0127459 0.0753428 0.00288355 -0.00786144 -0.00223744 0.00288355 0.0155279 -0.0253909 0.00288277 -0.00786144 -0.0253909 0.108885 
0.00538109 -0.012728 -0.00224432 0.00282114 -0.012728 0.0752786 0.00281296 -0.00765502 -0.00224432 0.00281296 0.0155254 -0.025417 0.00282114 -0.00765502 -0.025417 0.108968 
0.00543943 -0.0127423 -0.00228411 0.00283053 -0.0127423 0.0752702 0.00282667 -0.0076028 -0.00228411 0.00282667 0.0155065 -0.0254125 0.00283053 -0.0076028 -0.0254125 0.108989 
0.0054777 -0.0128224 -0.00219055 0.00287591 -0.0128224 0.0754098 0.00287984 -0.0076748 -0.00219055 0.00287984 0.0155346 -0.0253886 0.00287591 -0.0076748 -0.0253886 0.108953 
0.00544304 -0.0128851 -0.00211032 0.0027725 -0.0128851 0.0755934 0.0027738 -0.00756313 -0.00211032 0.0027738 0.0155595 -0.0254183 0.0027725 -0.00756313 -0.0254183 0.108975 
0.00538306 -0.0128523 -0.0020841 0.00267866 -0.0128523 0.0756301 0.00267429 -0.00733971 -0.0020841 0.00267429 0.0155687 -0.0254474 0.00267866 -0.00733971 -0.0254474 0.109038 
0.00537888 -0.0127882 -0.0020894 0.00264187 -0.0127882 0.0755587 0.00263666 -0.00718201 -0.0020894 0.00263666 0.015571 -0.0254598 0.00264187 -0.00718201 -0.0254598 0.109083 
0.00538424 -0.0127693 -0.0020188 0.00265024 -0.0127693 0.0754686 0.00264755 -0.00715315 -0.0020188 0.00264755 0.0155938 -0.0254615 0.00265024 -0.00715315 -0.0254615 0.109099 
0.00535996 -0.0127599 -0.0019128 0.00257781 -0.0127599 0.0753895 0.00257071 -0.00705448 -0.0019128 0.00257071 0.015621 -0.0254865 0.00257781 -0.00705448 -0.0254865 0.109137 
0.00531476 -0.0127354 -0.00185628 0.00245173 -0.0127354 0.0753306 0.00243737 -0.00679659 -0.00185628 0.00243737 0.0156345 -0.0255207 0.00245173 -0.00679659 -0.0255207 0.109211 
0.00524659 -0.0126738 -0.00185077 0.00238728 -0.0126738 0.0751962 0.00237178 -0.00658281 -0.00185077 0.00237178 0.0156389 -0.0255357 0.00238728 -0.00658281 -0.0255357 0.109265 
0.0051899 -0.0125847 -0.00181724 0.00237758 -0.0125847 0.0750012 0.00236717 -0.00649689 -0.00181724 0.00236717 0.015647 -0.0255405 0.00237758 -0.00649689 -0.0255405 0.109289 
0.0052029 -0.0125107 -0.00178523 0.00233604 -0.0125107 0.0748006 0.00232741 -0.00641231 -0.00178523 0.00232741 0.015654 -0.025551 0.00233604 -0.00641231 -0.025551 0.109314 
0.00529337 -0.0125346 -0.00180234 0.0022874 -0.0125346 0.0747729 0.00228016 -0.00628943 -0.00180234 0.00228016 0.0156502 -0.0255625 0.0022874 -0.00628943 -0.0255625 0.109346 
0.00537102 -0.0126555 -0.0017878 0.00230453 -0.0126555 0.0749706 0.00230213 -0.00626884 -0.0017878 0.00230213 0.0156524 -0.0255578 0.00230453 -0.00626884 -0.0255578 0.109351 
0.00536072 -0.0127287 -0.00180329 0.00231317 -0.0127287 0.0751265 0.00231425 -0.00632984 -0.00180329 0.00231425 0.0156362 -0.0255507 0.00231317 -0.00632984 -0.0255507 0.109326 
0.00527825 -0.012713 -0.00183987 0.00233964 -0.012713 0.0751539 0.00234438 -0.0064045 -0.00183987 0.00234438 0.0156233 -0.0255269 0.00233964 -0.0064045 -0.0255269 0.109276 
0.00532435 -0.0126494 -0.00184052 0.00235847 -0.0126494 0.0751397 0.00236716 -0.00643546 -0.00184052 0.00236716 0.0156208 -0.0255176 0.00235847 -0.00643546 -0.0255176 0.109246 
0.00527706 -0.0126662 -0.00183372 0.00238015 -0.0126662 0.0750601 0.00238957 -0.00651955 -0.00183372 0.00238957 0.0156246 -0.025508 0.00238015 -0.00651955 -0.025508 0.109208 
0.00522145 -0.0126126 -0.00186031 0.00237458 -0.0126126 0.0749728 0.00237862 -0.00653806 -0.00186031 0.00237862 0.015616 -0.0255122 0.00237458 -0.00653806 -0.0255122 0.109201 
0.00523515 -0.0125634 -0.00181339 0.00238585 -0.0125634 0.0749069 0.00238762 -0.00652058 -0.00181339 0.00238762 0.015624 -0.0255108 0.00238585 -0.00652058 -0.0255108 0.109211 
0.00521024 -0.012553 -0.00176201 0.00234885 -0.012553 0.0748037 0.00234831 -0.00648726 -0.00176201 0.00234831 0.0156311 -0.0255139 0.00234885 -0.00648726 -0.0255139 0.109209 
0.00517436 -0.0125155 -0.00174552 0.00229602 -0.0125155 0.0746996 0.00229233 -0.00638844 -0.00174552 0.00229233 0.0156254 -0.0255192 0.00229602 -0.00638844 -0.0255192 0.109215 
0.00512261 -0.0124557 -0.00174814 0.00228362 -0.0124557 0.0745378 0.00228074 -0.00633556 -0.00174814 0.00228074 0.0156151 -0.0255087 0.00228362 -0.00633556 -0.0255087 0.109197 
0.0051273 -0.0124093 -0.00173022 0.0022688 -0.0124093 0.0744466 0.00226985 -0.00627925 -0.00173022 0.00226985 0.0156145 -0.0255013 0.0022688 -0.00627925 -0.0255013 0.109183 
0.00515368 -0.0124121 -0.00168999 0.00224891 -0.0124121 0.0744047 0.00225161 -0.00623712 -0.00168999 0.00225161 0.015618 -0.025499 0.00224891 -0.00623712 -0.025499 0.109168 
0.00517073 -0.012448 -0.00169144 0.0022058 -0.012448 0.0744545 0.00220606 -0.00615708 -0.00169144 0.00220606 0.0156209 -0.0255022 0.0022058 -0.00615708 -0.0255022 0.109167 
0.00516723 -0.0124628 -0.001762 0.00221602 -0.0124628 0.0744901 0.00221626 -0.00614813 -0.001762 0.00221626 0.0156052 -0.0255014 0.00221602 -0.00614813 -0.0255014 0.109161 
0.00512036 -0.0124672 -0.00169948 0.00228963 -0.0124672 0.0745326 0.00229477 -0.00625654 -0.00169948 0.00229477 0.015625 -0.025487 0.00228963 -0.00625654 -0.025487 0.109141 
0.00507851 -0.0124077 -0.00170054 0.00222311 -0.0124077 0.0744549 0.00222228 -0.00621677 -0.00170054 0.00222228 0.0156347 -0.025511 0.00222311 -0.00621677 -0.025511 0.109165 
0.00507215 -0.0123533 -0.00169782 0.00220994 -0.0123533 0.0743287 0.00220235 -0.00612648 -0.00169782 0.00220235 0.0156415 -0.0255287 0.00220994 -0.00612648 -0.0255287 0.109218 
0.00504749 -0.0123327 -0.00166491 0.00220807 -0.0123327 0.0742227 0.00220026 -0.00609627 -0.00166491 0.00220026 0.0156513 -0.0255378 0.00220807 -0.00609627 -0.0255378 0.109255 
0.00504714 -0.0122979 -0.0016444 0.00217179 -0.0122979 0.0741249 0.00216297 -0.00603416 -0.0016444 0.00216297 0.0156594 -0.0255486 0.00217179 -0.00603416 -0.0255486 0.109285 
0.00515498 -0.0123145 -0.00170313 0.00212893 -0.0123145 0.0741455 0.00211962 -0.0059093 -0.00170313 0.00211962 0.0156523 -0.0255646 0.00212893 -0.0059093 -0.0255646 0.10933 
0.00525254 -0.0124495 -0.00174929 0.0021966 -0.0124495 0.0743576 0.00219473 -0.00597224 -0.00174929 0.00219473 0.015646 -0.0255557 0.0021966 -0.00597224 -0.0255557 0.109334 
0.00530318 -0.0125833 -0.0017612 0.00225961 -0.0125833 0.0746809 0.00226639 -0.00613893 -0.0017612 0.00226639 0.0156421 -0.0255446 0.00225961 -0.00613893 -0.0255446 0.109309 
0.00535854 -0.0126718 -0.00178518 0.00226967 -0.0126718 0.0749946 0.00227646 -0.00621398 -0.00178518 0.00227646 0.0156394 -0.0255411 0.00226967 -0.00621398 -0.0255411 0.109296 
0.00533776 -0.0127191 -0.00185981 0.00231442 -0.0127191 0.0751348 0.00232021 -0.00632643 -0.00185981 0.00232021 0.0156163 -0.0255311 0.00231442 -0.00632643 -0.0255311 0.109267 
0.00530246 -0.0127148 -0.00188437 0.00239002 -0.0127148 0.075223 0.002399 -0.00647012 -0.00188437 0.002399 0.0156111 -0.0255078 0.00239002 -0.00647012 -0.0255078 0.109227 
0.00531378 -0.0126813 -0.00186716 0.00241272 -0.0126813 0.0752223 0.00242263 -0.00656178 -0.00186716 0.00242263 0.0156198 -0.0255036 0.00241272 -0.00656178 -0.0255036 0.109204 
0.00539568 -0.0127092 -0.00182266 0.00238244 -0.0127092 0.0752821 0.00238657 -0.00652243 -0.00182266 0.00238657 0.0156354 -0.0255182 0.00238244 -0.00652243 -0.0255182 0.109225 
0.00540249 -0.0127965 -0.00179667 0.00234118 -0.0127965 0.0754099 0.00233865 -0.00644338 -0.00179667 0.00233865 0.0156453 -0.0255348 0.00234118 -0.00644338 -0.0255348 0.109257 
0.00540924 -0.0128243 -0.0017776 0.00230423 -0.0128243 0.0755528 0.00229766 -0.00633509 -0.0017776 0.00229766 0.0156483 -0.0255486 0.00230423 -0.00633509 -0.0255486 0.109297 
0.00540775 -0.0128392 -0.00170419 0.00227826 -0.0128392 0.0756341 0.00227136 -0.00624746 -0.00170419 0.00227136 0.0156634 -0.0255537 0.00227826 -0.00624746 -0.0255537 0.109323 
0.00545895 -0.0128406 -0.00169527 0.0021948 -0.0128406 0.0756656 0.00218559 -0.00608859 -0.00169527 0.00218559 0.015663 -0.0255713 0.0021948 -0.00608859 -0.0255713 0.109357 
0.00551787 -0.0128917 -0.00170401 0.00218692 -0.0128917 0.0757254 0.00218133 -0.00601287 -0.00170401 0.00218133 0.0156533 -0.0255676 0.00218692 -0.00601287 -0.0255676 0.109364 
0.00554048 -0.0129706 -0.00170145 0.00220144 -0.0129706 0.0758831 0.00220229 -0.00603309 -0.00170145 0.00220229 0.0156485 -0.0255528 0.00220144 -0.00603309 -0.0255528 0.109337 
0.00548146 -0.0130095 -0.00162566 0.00220232 -0.0130095 0.0760296 0.00220706 -0.00605829 -0.00162566 0.00220706 0.015662 -0.0255443 0.00220232 -0.00605829 -0.0255443 0.109305 
0.00546929 -0.0129512 -0.00159364 0.0021116 -0.0129512 0.0760214 0.00211059 -0.00591976 -0.00159364 0.00211059 0.0156661 -0.0255611 0.0021116 -0.00591976 -0.0255611 0.10932 
0.00545081 -0.0129257 -0.00155799 0.00207138 -0.0129257 0.0759426 0.00206604 -0.00577701 -0.00155799 0.00206604 0.0156741 -0.0255669 0.00207138 -0.00577701 -0.0255669 0.109342 
0.00540209 -0.012884 -0.00161237 0.00204127 -0.012884 0.0758153 0.00203533 -0.00569841 -0.00161237 0.00203533 0.0156659 -0.0255735 0.00204127 -0.00569841 -0.0255735 0.109352 
0.00537591 -0.0128287 -0.00167339 0.00209337 -0.0128287 0.0756968 0.00209064 -0.00573552 -0.00167339 0.00209064 0.0156627 -0.0255678 0.00209337 -0.00573552 -0.0255678 0.109354 
