0.00803821 0 0.00408943 0 0 0.01 0 0 0.00408943 0 0.00800701 0 0 0 0 0.01 
0.011443 -0.0142291 0.00574809 -0.00703962 -0.0142291 0.0364568 -0.00703962 0.0134985 0.00574809 -0.00703962 0.0111605 -0.0138661 -0.00703962 0.0134985 -0.0138661 0.0357622 
0.0114997 -0.021747 0.00509506 -0.00822885 -0.021747 0.0788654 -0.00822885 0.025988 0.00509506 -0.00822885 0.011268 -0.0210703 -0.00822885 0.025988 -0.0210703 0.0766074 
0.0106428 -0.0210483 0.0045386 -0.00595299 -0.0210483 0.0935751 -0.00594537 0.0205401 0.0045386 -0.00594537 0.0107074 -0.020544 -0.00595299 0.0205401 -0.020544 0.0910151 
0.0105168 -0.0197463 0.0046348 -0.00540563 -0.0197463 0.0945483 -0.00538111 0.0161127 0.0046348 -0.00538111 0.0107531 -0.0196653 -0.00540563 0.0161127 -0.0196653 0.0929175 
0.0107117 -0.0194601 0.00480248 -0.00569809 -0.0194601 0.0938582 -0.00566095 0.0152774 0.00480248 -0.00566095 0.0109928 -0.019619 -0.00569809 0.0152774 -0.019619 0.0932214 
0.0108194 -0.0196275 0.00491408 -0.00596207 -0.0196275 0.0938893 -0.00592398 0.0156187 0.00491408 -0.00592398 0.0111184 -0.0198386 -0.00596207 0.0156187 -0.0198386 0.0937776 
0.0108931 -0.019733 0.00494508 -0.00608248 -0.019733 0.0941426 -0.00605275 0.0159395 0.00494508 -0.00605275 0.0111115 -0.0199547 -0.00608248 0.0159395 -0.0199547 0.0942433 
0.010966 -0.0198093 0.00494599 -0.00610413 -0.0198093 0.0943428 -0.00609115 0.016072 0.00494599 -0.00609115 0.0110483 -0.019919 -0.00610413 0.016072 -0.019919 0.0943371 
0.0109274 -0.0198931 0.00494933 -0.00610144 -0.0198931 0.0945359 -0.00610513 0.0161273 0.00494933 -0.00610513 0.0110566 -0.0198106 -0.00610144 0.0161273 -0.0198106 0.0941256 
0.010933 -0.0198588 0.00493062 -0.00609296 -0.0198588 0.0945854 -0.00609942 0.0161102 0.00493062 -0.00609942 0.0110799 -0.0198288 -0.00609296 0.0161102 -0.0198288 0.0940607 
0.0108551 -0.0198629 0.00493027 -0.00607376 -0.0198629 0.09458 -0.00607799 0.0160796 0.00493027 -0.00607799 0.0111366 -0.0198531 -0.00607376 0.0160796 -0.0198531 0.0940812 
0.0107746 -0.0197755 0.0049487 -0.00607544 -0.0197755 0.0944546 -0.00607457 0.0160636 0.0049487 -0.00607457 0.0111565 -0.0199171 -0.00607544 0.0160636 -0.0199171 0.0941842 
0.010793 -0.0196773 0.00497657 -0.00609739 -0.0196773 0.0942406 -0.00609356 0.0160844 0.00497657 -0.00609356 0.0110969 -0.019946 -0.00609739 0.0160844 -0.019946 0.0942912 
0.0109496 -0.0196903 0.00502558 -0.00613528 -0.0196903 0.094162 -0.00613437 0.0161652 0.00502558 -0.00613437 0.0108724 -0.0198693 -0.00613528 0.0161652 -0.0198693 0.0942013 
0.0109403 -0.019872 0.00504014 -0.00618437 -0.019872 0.0944289 -0.00619833 0.0162808 0.00504014 -0.00619833 0.0108562 -0.019612 -0.00618437 0.0162808 -0.019612 0.0937699 
0.010886 -0.0198675 0.00504942 -0.00620732 -0.0198675 0.0945721 -0.00622352 0.0163764 0.00504942 -0.00622352 0.0108866 -0.0195725 -0.00620732 0.0163764 -0.0195725 0.0934721 
0.0108355 -0.0197982 0.00503022 -0.00621876 -0.0197982 0.0944897 -0.00622492 0.0164084 0.00503022 -0.00622492 0.0109392 -0.0196217 -0.00621876 0.0164084 -0.0196217 0.0934861 
0.010814 -0.0197321 0.00506254 -0.00621329 -0.0197321 0.0943201 -0.00621431 0.0164325 0.00506254 -0.00621431 0.0108939 -0.0196587 -0.00621329 0.0164325 -0.0196587 0.0935312 
0.0107618 -0.0197055 0.00509628 -0.00624944 -0.0197055 0.0942167 -0.00625348 0.0164894 0.00509628 -0.00625348 0.0108838 -0.0196024 -0.00624944 0.0164894 -0.0196024 0.0934651 
0.0108491 -0.0196394 0.00511498 -0.00629399 -0.0196394 0.0940851 -0.00629465 0.0165826 0.00511498 -0.00629465 0.0107887 -0.0195918 -0.00629399 0.0165826 -0.0195918 0.0934058 
0.0109425 -0.0197257 0.00515602 -0.00633091 -0.0197257 0.0941266 -0.00633344 0.0167105 0.00515602 -0.00633344 0.0106421 -0.0194651 -0.00633091 0.0167105 -0.0194651 0.0931661 
0.0110099 -0.0198289 0.00521917 -0.00638699 -0.0198289 0.094319 -0.00639543 0.016865 0.00521917 -0.00639543 0.0104737 -0.0192814 -0.00638699 0.016865 -0.0192814 0.0927564 
0.0109507 -0.0198985 0.00525639 -0.00646423 -0.0198985 0.0944996 -0.00647525 0.0170481 0.00525639 -0.00647525 0.0104696 -0.019086 -0.00646423 0.0170481 -0.019086 0.0922971 
0.0108664 -0.0198186 0.00524983 -0.00651556 -0.0198186 0.0944373 -0.00651758 0.0171962 0.00524983 -0.00651758 0.0105749 -0.019088 -0.00651556 0.0171962 -0.019088 0.092127 
0.0108979 -0.0197069 0.00523441 -0.00651506 -0.0197069 0.0941962 -0.00650215 0.0172378 0.00523441 -0.00650215 0.0105761 -0.0192284 -0.00651506 0.0172378 -0.0192284 0.0923277 
0.0109366 -0.0197362 0.00523687 -0.00649859 -0.0197362 0.0941157 -0.00648518 0.0172245 0.00523687 -0.00648518 0.0105353 -0.0192349 -0.00649859 0.0172245 -0.0192349 0.0924569 
0.0108921 -0.0197889 0.00526205 -0.00649549 -0.0197889 0.0941991 -0.00649136 0.0172145 0.00526205 -0.00649136 0.0105241 -0.0191803 -0.00649549 0.0172145 -0.0191803 0.0924002 
0.0108246 -0.0197412 0.00527888 -0.00652311 -0.0197412 0.0941777 -0.00652257 0.0172539 0.00527888 -0.00652257 0.0105459 -0.0191624 -0.00652311 0.0172539 -0.0191624 0.0923355 
0.0108185 -0.0196559 0.00527191 -0.00654796 -0.0196559 0.0940171 -0.00654605 0.0173149 0.00527191 -0.00654605 0.0105589 -0.0191841 -0.00654796 0.0173149 -0.0191841 0.0923444 
0.010744 -0.0196451 0.00527169 -0.006543 -0.0196451 0.0939183 -0.00654215 0.0173404 0.00527169 -0.00654215 0.010615 -0.0191951 -0.006543 0.0173404 -0.0191951 0.0923633 
0.0106843 -0.019564 0.00526169 -0.00653833 -0.019564 0.0937831 -0.00653573 0.0173266 0.00526169 -0.00653573 0.0106829 -0.0192642 -0.00653833 0.0173266 -0.0192642 0.0924801 
0.0107371 -0.0194905 0.00526582 -0.00653253 -0.0194905 0.0935993 -0.00652718 0.0173185 0.00526582 -0.00652718 0.0106325 -0.0193362 -0.00653253 0.0173185 -0.0193362 0.0926314 
0.0108369 -0.0195505 0.00526331 -0.0065336 -0.0195505 0.0936171 -0.00653141 0.0173131 0.00526331 -0.00653141 0.0105481 -0.0192843 -0.0065336 0.0173131 -0.0192843 0.0926283 
0.0108091 -0.0196722 0.00526215 -0.0065289 -0.0196722 0.093835 -0.00653666 0.0173218 0.00526215 -0.00653666 0.0105581 -0.0191742 -0.0065289 0.0173218 -0.0191742 0.092418 
0.0107508 -0.0196474 0.00527828 -0.00653064 -0.0196474 0.0939085 -0.00654003 0.017335 0.00527828 -0.00654003 0.0105852 -0.0191691 -0.00653064 0.017335 -0.0191691 0.0922908 
0.010639 -0.0195703 0.00528897 -0.0065622 -0.0195703 0.0937839 -0.00656492 0.0173973 0.00528897 -0.00656492 0.0106606 -0.0191885 -0.0065622 0.0173973 -0.0191885 0.0922658 
0.0105513 -0.01943 0.00529346 -0.0065827 -0.01943 0.0935 -0.0065738 0.0174472 0.00529346 -0.0065738 0.0107122 -0.0192852 -0.0065827 0.0174472 -0.0192852 0.0924241 
0.0103983 -0.019319 0.00527483 -0.00658948 -0.019319 0.093196 -0.0065764 0.017471 0.00527483 -0.0065764 0.0108271 -0.019354 -0.00658948 0.017471 -0.019354 0.0926209 
0.0103304 -0.0191413 0.00527504 -0.00657372 -0.0191413 0.0928098 -0.00655961 0.0174615 0.00527504 -0.00655961 0.0108469 -0.0194753 -0.00657372 0.0174615 -0.0194753 0.0928628 
0.0104351 -0.0190583 0.00530425 -0.0065656 -0.0190583 0.092522 -0.00655787 0.0174342 0.00530425 -0.00655787 0.0107005 -0.0195039 -0.0065656 0.0174342 -0.0195039 0.0930227 
0.0105212 -0.0191823 0.00531936 -0.00659324 -0.0191823 0.0926164 -0.00660493 0.0174848 0.00531936 -0.00660493 0.0106027 -0.0193188 -0.00659324 0.0174848 -0.0193188 0.0927714 
0.010585 -0.0192942 0.00536259 -0.006621 -0.0192942 0.0928726 -0.00664587 0.0175934 0.00536259 -0.00664587 0.0104888 -0.0191602 -0.006621 0.0175934 -0.0191602 0.0923201 
0.0106749 -0.0193647 0.00538434 -0.0066693 -0.0193647 0.0930898 -0.00669358 0.0176976 0.00538434 -0.00669358 0.0103847 -0.0190371 -0.0066693 0.0176976 -0.0190371 0.0919734 
0.0107198 -0.0194625 0.00538225 -0.00670215 -0.0194625 0.0933055 -0.00672319 0.0177981 0.00538225 -0.00672319 0.0103724 -0.0189159 -0.00670215 0.0177981 -0.0189159 0.0916548 
0.0107246 -0.0195116 0.00538878 -0.00671259 -0.0195116 0.0934586 -0.00672443 0.017862 0.00538878 -0.00672443 0.0103671 -0.0188892 -0.00671259 0.017862 -0.0188892 0.0914648 
0.010771 -0.0195128 0.00539736 -0.00672189 -0.0195128 0.0935079 -0.006724 0.0178836 0.00539736 -0.006724 0.0103142 -0.0188966 -0.00672189 0.0178836 -0.0188966 0.0914411 
0.0107909 -0.0195615 0.00540883 -0.00673349 -0.0195615 0.0935825 -0.00673359 0.0179078 0.00540883 -0.00673359 0.0102663 -0.0188399 -0.00673349 0.0179078 -0.0188399 0.091365 
0.010714 -0.0195836 0.00544698 -0.0067576 -0.0195836 0.0936429 -0.00676078 0.017977 0.00544698 -0.00676078 0.0102703 -0.0187599 -0.0067576 0.017977 -0.0187599 0.0911699 
0.0106072 -0.0194904 0.00545258 -0.00679876 -0.0194904 0.0935312 -0.00679821 0.0180482 0.00545258 -0.00679821 0.0103489 -0.0187761 -0.00679876 0.0180482 -0.0187761 0.091139 
0.0105064 -0.0193527 0.00545006 -0.006816 -0.0193527 0.0932393 -0.00680645 0.0181084 0.00545006 -0.00680645 0.0104398 -0.0188716 -0.006816 0.0181084 -0.0188716 0.0912888 
0.0104124 -0.019226 0.00543915 -0.00681721 -0.019226 0.0929104 -0.00679958 0.0181222 0.00543915 -0.00679958 0.0105298 -0.018987 -0.00681721 0.0181222 -0.018987 0.0915522 
0.0103643 -0.019112 0.00544218 -0.00680643 -0.019112 0.0926018 -0.0067867 0.0181087 0.00544218 -0.0067867 0.0105611 -0.0190939 -0.00680643 0.0181087 -0.0190939 0.0918275 
0.0103725 -0.0190524 0.00544652 -0.0068103 -0.0190524 0.0923877 -0.00679366 0.0181116 0.00544652 -0.00679366 0.0105454 -0.0191274 -0.0068103 0.0181116 -0.0191274 0.0919828 
0.0103694 -0.0190608 0.00544149 -0.00681155 -0.0190608 0.0923268 -0.00680309 0.0181221 0.00544149 -0.00680309 0.0105548 -0.019109 -0.00681155 0.0181221 -0.019109 0.0920056 
0.0104443 -0.0190622 0.00543518 -0.00680179 -0.0190622 0.0923259 -0.00679923 0.0181153 0.00543518 -0.00679923 0.0105016 -0.019119 -0.00680179 0.0181153 -0.019119 0.0920148 
0.0104372 -0.019152 0.00545005 -0.00679826 -0.019152 0.0924544 -0.00680345 0.0181292 0.00545005 -0.00680345 0.0104786 -0.0190365 -0.00679826 0.0181292 -0.0190365 0.0918645 
0.0103822 -0.019151 0.00543712 -0.0068095 -0.019151 0.0925372 -0.00681669 0.0181403 0.00543712 -0.00681669 0.0105284 -0.0190138 -0.0068095 0.0181403 -0.0190138 0.0917655 
0.0103543 -0.0190834 0.0054331 -0.00680076 -0.0190834 0.0924476 -0.00680279 0.0181389 0.0054331 -0.00680279 0.0105496 -0.0190654 -0.00680076 0.0181389 -0.0190654 0.0918017 
0.0103613 -0.0190471 0.00544431 -0.00679763 -0.0190471 0.0923375 -0.00679687 0.0181248 0.00544431 -0.00679687 0.010544 -0.0190929 -0.00679763 0.0181248 -0.0190929 0.091876 
0.0103718 -0.0190504 0.00549904 -0.00682213 -0.0190504 0.0922949 -0.00681924 0.018175 0.00549904 -0.00681924 0.0104619 -0.0190679 -0.00682213 0.018175 -0.0190679 0.0918309 
0.0103782 -0.0190538 0.00553923 -0.00688795 -0.0190538 0.0922852 -0.00688505 0.0182946 0.00553923 -0.00688505 0.0104019 -0.0189837 -0.00688795 0.0182946 -0.0189837 0.0917008 
0.0103605 -0.0190443 0.00557086 -0.00695304 -0.0190443 0.0922442 -0.00694898 0.0184743 0.00557086 -0.00694898 0.0103582 -0.0189004 -0.00695304 0.0184743 -0.0189004 0.091491 
0.0103211 -0.0190113 0.00558017 -0.0070004 -0.0190113 0.0921549 -0.00699733 0.0186328 0.00558017 -0.00699733 0.0103816 -0.0188421 -0.0070004 0.0186328 -0.0188421 0.0913137 
0.0103196 -0.0189556 0.00558296 -0.00701752 -0.0189556 0.0920175 -0.00701193 0.0187253 0.00558296 -0.00701193 0.0103671 -0.0188662 -0.00701752 0.0187253 -0.0188662 0.0912783 
0.0103795 -0.0189524 0.0055604 -0.00700648 -0.0189524 0.091957 -0.0070025 0.0187152 0.0055604 -0.0070025 0.0103427 -0.0188793 -0.00700648 0.0187152 -0.0188793 0.0913494 
0.0105084 -0.0190327 0.00552799 -0.00696394 -0.0190327 0.0920801 -0.00696886 0.0186282 0.00552799 -0.00696886 0.010282 -0.0188638 -0.00696394 0.0186282 -0.0188638 0.0913725 
0.0106165 -0.0192057 0.00549784 -0.0069071 -0.0192057 0.0924333 -0.00692493 0.0184983 0.00549784 -0.00692493 0.0102461 -0.0187918 -0.0069071 0.0184983 -0.0187918 0.0912652 
0.0107403 -0.0193553 0.00547035 -0.00686099 -0.0193553 0.0928494 -0.00688439 0.0183679 0.00547035 -0.00688439 0.0101828 -0.01874 -0.00686099 0.0183679 -0.01874 0.0911179 
0.0107271 -0.0195122 0.00548638 -0.00682741 -0.0195122 0.093262 -0.00685254 0.018272 0.00548638 -0.00685254 0.0101783 -0.0186541 -0.00682741 0.018272 -0.0186541 0.0909111 
0.0106774 -0.0195018 0.00550286 -0.00684972 -0.0195018 0.0934224 -0.00686434 0.0182558 0.00550286 -0.00686434 0.0102091 -0.0186467 -0.00684972 0.0182558 -0.0186467 0.0908112 
0.0106063 -0.0194249 0.00552935 -0.00689061 -0.0194249 0.0933121 -0.00688949 0.0183311 0.00552935 -0.00688949 0.010221 -0.0186758 -0.00689061 0.0183311 -0.0186758 0.0908137 
0.0105482 -0.0193254 0.00557494 -0.0069371 -0.0193254 0.0930749 -0.0069266 0.0184436 0.00557494 -0.0069266 0.0101928 -0.0186894 -0.0069371 0.0184436 -0.0186894 0.0908446 
0.0104542 -0.0192415 0.00559263 -0.00699869 -0.0192415 0.0928309 -0.00698756 0.0185893 0.00559263 -0.00698756 0.0102484 -0.0186556 -0.00699869 0.0185893 -0.0186556 0.0908094 
0.010426 -0.0191169 0.0056179 -0.00703625 -0.0191169 0.092527 -0.00702064 0.0187273 0.0056179 -0.00702064 0.010232 -0.0187078 -0.00703625 0.0187273 -0.0187078 0.0908434 
0.0104787 -0.0190718 0.00561267 -0.00706075 -0.0190718 0.0923211 -0.00704587 0.018803 0.00561267 -0.00704587 0.0101927 -0.0187105 -0.00706075 0.018803 -0.0187105 0.0909139 
0.0104815 -0.0191303 0.00564268 -0.00706524 -0.0191303 0.092323 -0.00706045 0.0188775 0.00564268 -0.00706045 0.0101374 -0.0186363 -0.00706524 0.0188775 -0.0186363 0.0907747 
0.0105691 -0.0191385 0.00566796 -0.00709424 -0.0191385 0.0923721 -0.00709588 0.0189409 0.00566796 -0.00709588 0.0100153 -0.0185709 -0.00709424 0.0189409 -0.0185709 0.090614 
0.0106157 -0.0192344 0.00568139 -0.00712532 -0.0192344 0.0925213 -0.00713341 0.0190235 0.00568139 -0.00713341 0.00996364 -0.0184308 -0.00712532 0.0190235 -0.0184308 0.0903414 
0.0106211 -0.0192879 0.00567322 -0.00714318 -0.0192879 0.0926797 -0.00715056 0.0190861 0.00567322 -0.00715056 0.00997927 -0.0183703 -0.00714318 0.0190861 -0.0183703 0.0901295 
0.0105617 -0.0192905 0.00567912 -0.00713891 -0.0192905 0.0927283 -0.0071407 0.0191068 0.00567912 -0.0071407 0.0100248 -0.0183881 -0.00713891 0.0191068 -0.0183881 0.0900816 
0.0104826 -0.0192226 0.00566815 -0.00713756 -0.0192226 0.0926453 -0.00713259 0.0190772 0.00566815 -0.00713259 0.0101262 -0.0184635 -0.00713756 0.0190772 -0.0184635 0.0902338 
0.0105044 -0.0191286 0.00564058 -0.00712037 -0.0191286 0.0924581 -0.00710623 0.0190189 0.00564058 -0.00710623 0.01016 -0.018601 -0.00712037 0.0190189 -0.018601 0.0905406 
0.0105037 -0.0191474 0.0056412 -0.00709935 -0.0191474 0.0923805 -0.00708663 0.0189896 0.0056412 -0.00708663 0.0101466 -0.0186244 -0.00709935 0.0189896 -0.0186244 0.0906771 
0.0105868 -0.0191569 0.00564135 -0.00708974 -0.0191569 0.0924007 -0.0070859 0.0189573 0.00564135 -0.0070859 0.0100662 -0.0186087 -0.00708974 0.0189573 -0.0186087 0.0906989 
0.0106802 -0.0192608 0.00562313 -0.00707604 -0.0192608 0.0925813 -0.00708361 0.0189203 0.00562313 -0.00708361 0.00999575 -0.0185211 -0.00707604 0.0189203 -0.0185211 0.0905789 
0.0107446 -0.0193834 0.00561881 -0.00705096 -0.0193834 0.0928658 -0.00706937 0.0188815 0.00561881 -0.00706937 0.0099271 -0.0184247 -0.00705096 0.0188815 -0.0184247 0.0903446 
0.0107761 -0.0194707 0.00561342 -0.00703776 -0.0194707 0.0931359 -0.00706255 0.018843 0.00561342 -0.00706255 0.00989082 -0.0183347 -0.00703776 0.018843 -0.0183347 0.0901023 
0.0107124 -0.0195153 0.005602 -0.00702976 -0.0195153 0.0933162 -0.00705475 0.0188124 0.005602 -0.00705475 0.00998266 -0.0182856 -0.00702976 0.0188124 -0.0182856 0.0899228 
0.0106265 -0.0194419 0.00557939 -0.00701885 -0.0194419 0.093277 -0.0070295 0.018767 0.00557939 -0.0070295 0.0101185 -0.0183998 -0.00701885 0.018767 -0.0183998 0.0900337 
0.0106245 -0.0193356 0.00555673 -0.00699685 -0.0193356 0.0930695 -0.00698776 0.0186933 0.00555673 -0.00698776 0.0101779 -0.0185805 -0.00699685 0.0186933 -0.0185805 0.0904056 
0.0105412 -0.0193255 0.00557069 -0.00698113 -0.0193255 0.0929401 -0.00696419 0.0186513 0.00557069 -0.00696419 0.0102402 -0.0186448 -0.00698113 0.0186513 -0.0186448 0.0906523 
0.0106255 -0.0192315 0.0055636 -0.00698597 -0.0192315 0.0927819 -0.00696516 0.0186105 0.0055636 -0.00696516 0.010178 -0.0187453 -0.00698597 0.0186105 -0.0187453 0.0909317 
0.0106565 -0.0193223 0.00556499 -0.00697706 -0.0193223 0.0928246 -0.00696502 0.0186013 0.00556499 -0.00696502 0.010151 -0.0186743 -0.00697706 0.0186013 -0.0186743 0.0909416 
0.0107239 -0.0193715 0.00556428 -0.00696879 -0.0193715 0.092966 -0.00696674 0.0185845 0.00556428 -0.00696674 0.0100914 -0.0186398 -0.00696879 0.0185845 -0.0186398 0.0908614 
0.0107501 -0.0194548 0.00554411 -0.00695804 -0.0194548 0.0931521 -0.00696319 0.0185545 0.00554411 -0.00696319 0.0101011 -0.0185795 -0.00695804 0.0185545 -0.0185795 0.0907575 
0.0108174 -0.0194995 0.00548759 -0.00691714 -0.0194995 0.093323 -0.00692435 0.0184554 0.00548759 -0.00692435 0.0101485 -0.0186101 -0.00691714 0.0184554 -0.0186101 0.0907887 
0.0108889 -0.0195855 0.00545406 -0.00684721 -0.0195855 0.093514 -0.00685374 0.0183095 0.00545406 -0.00685374 0.0101423 -0.0186627 -0.00684721 0.0183095 -0.0186627 0.0908815 
0.0108523 -0.0196797 0.00545953 -0.00680316 -0.0196797 0.093749 -0.0068115 0.0181793 0.00545953 -0.0068115 0.0101694 -0.0186514 -0.00680316 0.0181793 -0.0186514 0.0908984 
0.0107443 -0.0196416 0.0054883 -0.00681323 -0.0196416 0.0937941 -0.00681677 0.0181431 0.0054883 -0.00681677 0.0102293 -0.0186766 -0.00681323 0.0181431 -0.0186766 0.0909235 
0.010649 -0.0195006 0.00551448 -0.00686123 -0.0195006 0.0935608 -0.00685169 0.0182086 0.00551448 -0.00685169 0.0102822 -0.0187467 -0.00686123 0.0182086 -0.0187467 0.0910456 
0.0106891 -0.0193698 0.00551723 -0.00690294 -0.0193698 0.0932216 -0.00688258 0.0183066 0.00551723 -0.00688258 0.010244 -0.0188199 -0.00690294 0.0183066 -0.0188199 0.0912292 
0.0108548 -0.0194107 0.00547415 -0.00689614 -0.0194107 0.0931429 -0.00687943 0.0183216 0.00547415 -0.00687943 0.0101628 -0.0188005 -0.00689614 0.0183216 -0.0188005 0.0913174 
0.0109521 -0.0196127 0.0054502 -0.00683921 -0.0196127 0.093445 -0.00683953 0.0182609 0.0054502 -0.00683953 0.0101096 -0.0186942 -0.00683921 0.0182609 -0.0186942 0.0911488 
0.0110278 -0.0197461 0.00545332 -0.00679819 -0.0197461 0.0938245 -0.00681039 0.0181676 0.00545332 -0.00681039 0.0100171 -0.0186234 -0.00679819 0.0181676 -0.0186234 0.0909455 
0.011075 -0.0198352 0.00548309 -0.0068051 -0.0198352 0.0941001 -0.00682401 0.0181573 0.00548309 -0.00682401 0.00989703 -0.0184984 -0.0068051 0.0181573 -0.0184984 0.0906573 
0.0110439 -0.0199003 0.00549141 -0.00682808 -0.0199003 0.0943257 -0.0068487 0.018166 0.00549141 -0.0068487 0.00990708 -0.0183707 -0.00682808 0.018166 -0.0183707 0.0903773 
0.0109864 -0.0198653 0.00546562 -0.00684025 -0.0198653 0.0943616 -0.00685594 0.0181878 0.00546562 -0.00685594 0.0100236 -0.0183805 -0.00684025 0.0181878 -0.0183805 0.0902727 
0.0109897 -0.0197969 0.00543725 -0.00681576 -0.0197969 0.0942445 -0.00681931 0.0181541 0.00543725 -0.00681931 0.0100861 -0.0185192 -0.00681576 0.0181541 -0.0185192 0.0904588 
0.0110464 -0.019797 0.00542195 -0.00678459 -0.019797 0.0941818 -0.00677983 0.0180825 0.00542195 -0.00677983 0.0100631 -0.0186005 -0.00678459 0.0180825 -0.0186005 0.0906861 
0.0111639 -0.019872 0.00538787 -0.00675153 -0.019872 0.0942978 -0.00674754 0.0179769 0.00538787 -0.00674754 0.0100057 -0.0185962 -0.00675153 0.0179769 -0.0185962 0.0908023 
0.0112242 -0.0200145 0.00536827 -0.00670463 -0.0200145 0.0945787 -0.00670687 0.0178681 0.00536827 -0.00670687 0.00997722 -0.0185333 -0.00670463 0.0178681 -0.0185333 0.090738 
0.0112146 -0.0200956 0.00534498 -0.00667399 -0.0200956 0.0948388 -0.0066801 0.0177709 0.00534498 -0.0066801 0.0100376 -0.0185018 -0.00667399 0.0177709 -0.0185018 0.0906561 
0.0112125 -0.020093 0.00531211 -0.00663829 -0.020093 0.0949411 -0.0066427 0.0176666 0.00531211 -0.0066427 0.0101142 -0.0185804 -0.00663829 0.0176666 -0.0185804 0.0907592 
0.011177 -0.0200937 0.00530446 -0.00659506 -0.0200937 0.0949683 -0.00659306 0.0175478 0.00530446 -0.00659306 0.0101746 -0.0186818 -0.00659506 0.0175478 -0.0186818 0.0909855 
0.0111917 -0.0200599 0.00527999 -0.00657638 -0.0200599 0.0949413 -0.00656807 0.017443 0.00527999 -0.00656807 0.010215 -0.0187733 -0.00657638 0.017443 -0.0187733 0.0912531 
0.0111591 -0.0200689 0.00526946 -0.00655334 -0.0200689 0.0949217 -0.00654194 0.0173796 0.00526946 -0.00654194 0.0102739 -0.0188229 -0.00655334 0.0173796 -0.0188229 0.091429 
0.0111426 -0.0200295 0.00527258 -0.00654339 -0.0200295 0.0948534 -0.00653047 0.0173432 0.00527258 -0.00653047 0.0102818 -0.0188915 -0.00654339 0.0173432 -0.0188915 0.0915935 
0.0112803 -0.0200187 0.0052427 -0.00653285 -0.0200187 0.0948175 -0.00652533 0.0172971 0.0052427 -0.00652533 0.0101839 -0.0189152 -0.00653285 0.0172971 -0.0189152 0.0917273 
0.0113699 -0.0201872 0.00520108 -0.00648463 -0.0201872 0.0950724 -0.00648963 0.0172074 0.00520108 -0.00648963 0.0101742 -0.0188063 -0.00648463 0.0172074 -0.0188063 0.0916144 
0.0113984 -0.0202965 0.00520074 -0.00643847 -0.0202965 0.0953729 -0.00644871 0.0171176 0.00520074 -0.00644871 0.0101423 -0.018778 -0.00643847 0.0171176 -0.018778 0.0914624 
0.0114902 -0.0203378 0.00518359 -0.00642667 -0.0203378 0.0955639 -0.00643493 0.0170372 0.00518359 -0.00643493 0.0100629 -0.0187589 -0.00642667 0.0170372 -0.0187589 0.0914202 
0.0115245 -0.0204416 0.00518433 -0.00640786 -0.0204416 0.0957713 -0.00641887 0.0169916 0.00518433 -0.00641887 0.0100149 -0.0186645 -0.00640786 0.0169916 -0.0186645 0.0912626 
0.0115175 -0.0204837 0.005198 -0.006412 -0.0204837 0.095928 -0.0064265 0.0169905 0.005198 -0.0064265 0.009994 -0.0185935 -0.006412 0.0169905 -0.0185935 0.0910583 
0.0115025 -0.0204839 0.00518173 -0.00642176 -0.0204839 0.095997 -0.00643521 0.0169946 0.00518173 -0.00643521 0.0100517 -0.0185725 -0.00642176 0.0169946 -0.0185725 0.0909558 
0.0114624 -0.0204727 0.00514487 -0.00639795 -0.0204727 0.0960111 -0.00640189 0.0169389 0.00514487 -0.00640189 0.0101859 -0.0186541 -0.00639795 0.0169389 -0.0186541 0.0910659 
0.0113994 -0.0204333 0.00507586 -0.00634414 -0.0204333 0.0959649 -0.00633579 0.0167973 0.00507586 -0.00633579 0.0104114 -0.0188411 -0.00634414 0.0167973 -0.0188411 0.0914496 
0.0113897 -0.0203519 0.00504951 -0.00627338 -0.0203519 0.0957918 -0.00625455 0.016642 0.00504951 -0.00625455 0.0104816 -0.0191037 -0.00627338 0.016642 -0.0191037 0.092005 
0.0113618 -0.0203417 0.00505835 -0.00623627 -0.0203417 0.0956999 -0.00621834 0.0165125 0.00505835 -0.00621834 0.0104984 -0.0191972 -0.00623627 0.0165125 -0.0191972 0.092403 
0.0114129 -0.0203125 0.00508111 -0.00624295 -0.0203125 0.0956415 -0.00622906 0.0164752 0.00508111 -0.00622906 0.0103891 -0.0192158 -0.00624295 0.0164752 -0.0192158 0.09256 
0.0114859 -0.0203578 0.00511483 -0.00627813 -0.0203578 0.0956634 -0.00627128 0.0165474 0.00511483 -0.00627128 0.0102235 -0.0190795 -0.00627813 0.0165474 -0.0190795 0.092382 
0.0115983 -0.020442 0.00512127 -0.00631337 -0.020442 0.0958162 -0.00631561 0.0166366 0.00512127 -0.00631561 0.0100591 -0.0188867 -0.00631337 0.0166366 -0.0188867 0.0919999 
0.011651 -0.0205745 0.00510579 -0.00631799 -0.0205745 0.0960838 -0.00633097 0.0166891 0.00510579 -0.00633097 0.0100273 -0.0186894 -0.00631799 0.0166891 -0.0186894 0.0915361 
0.011671 -0.0206428 0.0050939 -0.00629798 -0.0206428 0.0963091 -0.00631647 0.0166845 0.0050939 -0.00631647 0.0100295 -0.0186396 -0.00629798 0.0166845 -0.0186396 0.0912539 
0.0117672 -0.0206768 0.00505759 -0.00627629 -0.0206768 0.0964552 -0.00629277 0.0166287 0.00505759 -0.00629277 0.00997899 -0.0186486 -0.00627629 0.0166287 -0.0186486 0.0911923 
0.0118609 -0.0207911 0.00501795 -0.00622966 -0.0207911 0.096681 -0.0062459 0.0165299 0.00501795 -0.0062459 0.00993261 -0.0185956 -0.00622966 0.0165299 -0.0185956 0.0911076 
0.0117735 -0.0208969 0.00503038 -0.00618805 -0.0208969 0.0969387 -0.00620209 0.0164314 0.00503038 -0.00620209 0.0100256 -0.0185382 -0.00618805 0.0164314 -0.0185382 0.0909636 
0.0118023 -0.020809 0.00498471 -0.00619349 -0.020809 0.0969349 -0.00619307 0.0163567 0.00498471 -0.00619307 0.0100942 -0.018668 -0.00619349 0.0163567 -0.018668 0.0911391 
0.0118683 -0.0208278 0.00494295 -0.00614612 -0.0208278 0.096896 -0.00613619 0.0162675 0.00494295 -0.00613619 0.0101005 -0.0187644 -0.00614612 0.0162675 -0.0187644 0.0914029 
0.0118062 -0.0209118 0.00493802 -0.0060846 -0.0209118 0.0970296 -0.00607889 0.0161202 0.00493802 -0.00607889 0.0101999 -0.0187861 -0.0060846 0.0161202 -0.0187861 0.0915604 
0.0118381 -0.0208421 0.00494463 -0.00608092 -0.0208421 0.0969937 -0.00607296 0.0160552 0.00494463 -0.00607296 0.0101344 -0.0188969 -0.00608092 0.0160552 -0.0188969 0.0917647 
0.0119325 -0.0208779 0.00491453 -0.00608181 -0.0208779 0.097009 -0.0060771 0.0160307 0.00491453 -0.0060771 0.0100632 -0.0188351 -0.00608181 0.0160307 -0.0188351 0.0917938 
0.0120154 -0.0209861 0.0048841 -0.0060465 -0.0209861 0.0971899 -0.00604893 0.0159856 0.0048841 -0.00604893 0.0100106 -0.0187453 -0.0060465 0.0159856 -0.0187453 0.091626 
0.0120477 -0.0210701 0.00490786 -0.00602114 -0.0210701 0.0973801 -0.00602873 0.0159531 0.00490786 -0.00602873 0.00988893 -0.0186693 -0.00602114 0.0159531 -0.0186693 0.0914054 
0.0120067 -0.02112 0.00491959 -0.00603651 -0.02112 0.0975534 -0.00604564 0.0159366 0.00491959 -0.00604564 0.00992089 -0.018539 -0.00603651 0.0159366 -0.018539 0.0911558 
0.0121058 -0.0210855 0.00484254 -0.00604221 -0.0210855 0.097586 -0.00604446 0.0159183 0.00484254 -0.00604446 0.00994109 -0.0185846 -0.00604221 0.0159183 -0.0185846 0.0911356 
0.0121151 -0.0211807 0.00481889 -0.00596387 -0.0211807 0.0976844 -0.00596359 0.0158192 0.00481889 -0.00596359 0.00998819 -0.0186144 -0.00596387 0.0158192 -0.0186144 0.0911927 
0.0120949 -0.021202 0.00481455 -0.00592406 -0.021202 0.0977925 -0.0059215 0.0156826 0.00481455 -0.0059215 0.0100405 -0.0186836 -0.00592406 0.0156826 -0.0186836 0.0913444 
0.0120541 -0.0211689 0.00483321 -0.00592517 -0.0211689 0.0977589 -0.00592121 0.0156464 0.00483321 -0.00592121 0.0100617 -0.0187439 -0.00592517 0.0156464 -0.0187439 0.0914992 
0.0119594 -0.0211267 0.00485781 -0.00594388 -0.0211267 0.09768 -0.00593918 0.0156574 0.00485781 -0.00593918 0.0101507 -0.0187711 -0.00594388 0.0156574 -0.0187711 0.0916113 
