0.0117536 0 -0.000216945 0 0 0.01 0 0 -0.000216945 0 0.00340959 0 0 0 0 0.01 
0.0164941 -0.020403 -0.00055662 0.000697677 -0.020403 0.0482954 0.000697677 -0.00133763 -0.00055662 0.000697677 0.00489485 -0.00617484 0.000697677 -0.00133763 -0.00617484 0.0210137 
0.0159187 -0.0287759 -0.000366241 0.00101668 -0.0287759 0.100973 0.00101668 -0.0033234 -0.000366241 0.00101668 0.0057078 -0.0117306 0.00101668 -0.0033234 -0.0117306 0.0470169 
0.0146987 -0.0260351 -4.16515e-05 0.000605871 -0.0260351 0.110351 0.000623488 -0.00312043 -4.16515e-05 0.000623488 0.00576025 -0.0138373 0.000605871 -0.00312043 -0.0138373 0.0673158 
0.0147597 -0.0244266 2.15077e-05 0.000241145 -0.0244266 0.107688 0.00027161 -0.00221382 2.15077e-05 0.00027161 0.00556061 -0.0137077 0.000241145 -0.00221382 -0.0137077 0.074857 
0.0151296 -0.0245331 -7.53617e-05 0.000182359 -0.0245331 0.106771 0.000202613 -0.00157063 -7.53617e-05 0.000202613 0.00545244 -0.0131934 0.000182359 -0.00157063 -0.0131934 0.0761354 
0.0153651 -0.0249741 -0.000169916 0.000285334 -0.0249741 0.107442 0.000285144 -0.00137639 -0.000169916 0.000285144 0.00548416 -0.0129309 0.000285334 -0.00137639 -0.0129309 0.0759775 
0.0154199 -0.0252054 -0.000223716 0.000455841 -0.0252054 0.108111 0.000441592 -0.00163454 -0.000223716 0.000441592 0.00553646 -0.0128929 0.000455841 -0.00163454 -0.0128929 0.0757524 
0.0154178 -0.0252401 -0.000266317 0.000543024 -0.0252401 0.108361 0.000529237 -0.00191136 -0.000266317 0.000529237 0.00556154 -0.0129458 0.000543024 -0.00191136 -0.0129458 0.0757687 
0.0154253 -0.0252337 -0.00025593 0.000564741 -0.0252337 0.108404 0.000555431 -0.00201583 -0.00025593 0.000555431 0.00558914 -0.0129997 0.000564741 -0.00201583 -0.0129997 0.0759283 
0.0154449 -0.0252459 -0.000234126 0.000534054 -0.0252459 0.108426 0.000533849 -0.00199701 -0.000234126 0.000533849 0.00559955 -0.0130484 0.000534054 -0.00199701 -0.0130484 0.0760913 
0.0154496 -0.0252788 -0.000203382 0.000483296 -0.0252788 0.108497 0.000491945 -0.0018877 -0.000203382 0.000491945 0.00566866 -0.0130795 0.000483296 -0.0018877 -0.0130795 0.0762295 
0.0154415 -0.025281 -0.000228905 0.000471726 -0.025281 0.108529 0.000483978 -0.00185923 -0.000228905 0.000483978 0.00564919 -0.0131493 0.000471726 -0.00185923 -0.0131493 0.0763476 
0.0154317 -0.0252742 -0.000226056 0.000490452 -0.0252742 0.108535 0.000497574 -0.00185194 -0.000226056 0.000497574 0.00565077 -0.0131471 0.000490452 -0.00185194 -0.0131471 0.0764414 
0.0154116 -0.0252591 -0.000240487 0.00049431 -0.0252591 0.108508 0.000494542 -0.00186276 -0.000240487 0.000494542 0.00570302 -0.0131456 0.00049431 -0.00186276 -0.0131456 0.0764593 
0.0154184 -0.0252347 -0.000217019 0.00050927 -0.0252347 0.108457 0.000503629 -0.00187606 -0.000217019 0.000503629 0.00575382 -0.0132172 0.00050927 -0.00187606 -0.0132172 0.0765855 
0.0154165 -0.0252429 -0.000180485 0.00047823 -0.0252429 0.108444 0.000474656 -0.00183717 -0.000180485 0.000474656 0.0058334 -0.0132991 0.00047823 -0.00183717 -0.0132991 0.0768058 
0.015413 -0.025239 -0.000169531 0.000447416 -0.025239 0.108436 0.000449125 -0.00179102 -0.000169531 0.000449125 0.00587145 -0.0133996 0.000447416 -0.00179102 -0.0133996 0.0770487 
0.0154174 -0.0252321 -0.000177215 0.000448782 -0.0252321 0.108417 0.000453016 -0.00179326 -0.000177215 0.000453016 0.00583901 -0.013449 0.000448782 -0.00179326 -0.013449 0.0772245 
0.0154583 -0.0252436 -0.000259256 0.00043308 -0.0252436 0.108437 0.000437608 -0.00174239 -0.000259256 0.000437608 0.00581026 -0.0134284 0.00043308 -0.00174239 -0.0134284 0.0772999 
0.0154985 -0.0252986 -0.000325975 0.000512289 -0.0252986 0.108541 0.000512358 -0.00181496 -0.000325975 0.000512358 0.00580751 -0.0134019 0.000512289 -0.00181496 -0.0134019 0.0772888 
0.0155265 -0.025344 -0.000412428 0.000619735 -0.025344 0.108656 0.000615397 -0.00205539 -0.000412428 0.000615397 0.00574989 -0.0133832 0.000619735 -0.00205539 -0.0133832 0.077214 
0.0155544 -0.02538 -0.000512441 0.000721623 -0.02538 0.108762 0.000714353 -0.00230362 -0.000512441 0.000714353 0.00569889 -0.013314 0.000721623 -0.00230362 -0.013314 0.0770845 
0.0155744 -0.0254158 -0.000584321 0.000833225 -0.0254158 0.108859 0.000823464 -0.00255979 -0.000584321 0.000823464 0.00566809 -0.0132456 0.000833225 -0.00255979 -0.0132456 0.0769137 
0.0155671 -0.0254336 -0.000578106 0.000937499 -0.0254336 0.108919 0.000927152 -0.00284736 -0.000578106 0.000927152 0.00562007 -0.0131845 0.000937499 -0.00284736 -0.0131845 0.0767003 
0.015553 -0.0254316 -0.000561296 0.000908289 -0.0254316 0.108946 0.000903283 -0.0028893 -0.000561296 0.000903283 0.00564015 -0.0131352 0.000908289 -0.0028893 -0.0131352 0.0765693 
0.0155524 -0.0254165 -0.000533379 0.000869555 -0.0254165 0.108932 0.000867571 -0.00280541 -0.000533379 0.000867571 0.00567146 -0.0131651 0.000869555 -0.00280541 -0.0131651 0.0765751 
0.0155581 -0.0254128 -0.000526408 0.000839196 -0.0254128 0.108912 0.000838165 -0.00272728 -0.000526408 0.000838165 0.00571875 -0.0132104 0.000839196 -0.00272728 -0.0132104 0.0766695 
0.0155698 -0.025421 -0.000575477 0.000826158 -0.025421 0.108919 0.000827153 -0.00267305 -0.000575477 0.000827153 0.00579497 -0.0132816 0.000826158 -0.00267305 -0.0132816 0.0768417 
0.0155812 -0.0254372 -0.000573595 0.000880444 -0.0254372 0.108953 0.00087794 -0.00272642 -0.000573595 0.00087794 0.00586945 -0.013396 0.000880444 -0.00272642 -0.013396 0.0771216 
0.0155915 -0.0254513 -0.000523459 0.000886657 -0.0254513 0.108991 0.000883612 -0.00278138 -0.000523459 0.000883612 0.00594564 -0.013506 0.000886657 -0.00278138 -0.013506 0.0774353 
0.0155926 -0.0254588 -0.000497431 0.000845383 -0.0254588 0.10901 0.000849838 -0.00276798 -0.000497431 0.000849838 0.00591895 -0.0135946 0.000845383 -0.00276798 -0.0135946 0.0776758 
0.0155997 -0.0254664 -0.000507189 0.000792037 -0.0254664 0.109039 0.000802717 -0.00264535 -0.000507189 0.000802717 0.00587678 -0.0135825 0.000792037 -0.00264535 -0.0135825 0.0777954 
0.0156144 -0.0254746 -0.000587202 0.000803797 -0.0254746 0.109064 0.000811473 -0.00260847 -0.000587202 0.000811473 0.00582373 -0.01352 0.000803797 -0.00260847 -0.01352 0.0777087 
0.0156061 -0.0254881 -0.000617846 0.000915023 -0.0254881 0.109089 0.000914495 -0.00278478 -0.000617846 0.000914495 0.00577192 -0.0134305 0.000915023 -0.00278478 -0.0134305 0.0774797 
0.0155982 -0.0254838 -0.000575724 0.000942371 -0.0254838 0.109101 0.000936843 -0.00289306 -0.000575724 0.000936843 0.00580769 -0.0133713 0.000942371 -0.00289306 -0.0133713 0.0773083 
0.0155958 -0.0254676 -0.000543899 0.000906065 -0.0254676 0.109069 0.000902322 -0.00289162 -0.000543899 0.000902322 0.00582364 -0.0133962 0.000906065 -0.00289162 -0.0133962 0.0772412 
0.0156045 -0.0254634 -0.000584878 0.000864676 -0.0254634 0.109044 0.000866176 -0.002817 -0.000584878 0.000866176 0.00581541 -0.0134213 0.000864676 -0.002817 -0.0134213 0.0772779 
0.0156031 -0.0254765 -0.000567699 0.00090369 -0.0254765 0.10906 0.000904441 -0.0028312 -0.000567699 0.000904441 0.00579752 -0.0134208 0.00090369 -0.0028312 -0.0134208 0.0773112 
0.0155895 -0.0254765 -0.000550378 0.000889219 -0.0254765 0.109071 0.000890225 -0.00283803 -0.000550378 0.000890225 0.00578851 -0.0133949 0.000889219 -0.00283803 -0.0133949 0.0772764 
0.0155876 -0.025456 -0.000599395 0.000877599 -0.025456 0.109039 0.000879084 -0.00282578 -0.000599395 0.000879084 0.00573655 -0.0133698 0.000877599 -0.00282578 -0.0133698 0.0771919 
0.0155921 -0.0254556 -0.000611621 0.000922268 -0.0254556 0.109024 0.000918738 -0.00286182 -0.000611621 0.000918738 0.00577954 -0.0133147 0.000922268 -0.00286182 -0.0133147 0.0770983 
0.0155892 -0.0254568 -0.000624837 0.00095501 -0.0254568 0.109015 0.000949234 -0.00296092 -0.000624837 0.000949234 0.00580032 -0.0133494 0.00095501 -0.00296092 -0.0133494 0.0770678 
0.0155972 -0.0254516 -0.00069792 0.00097628 -0.0254516 0.109004 0.000972742 -0.00304086 -0.00069792 0.000972742 0.00574825 -0.0133769 0.00097628 -0.00304086 -0.0133769 0.0771162 
0.015609 -0.0254634 -0.000760187 0.00105417 -0.0254634 0.109019 0.00104846 -0.00317342 -0.000760187 0.00104846 0.00568345 -0.0133235 0.00105417 -0.00317342 -0.0133235 0.0770783 
0.0156048 -0.0254762 -0.000749425 0.00113697 -0.0254762 0.109045 0.0011297 -0.00337423 -0.000749425 0.0011297 0.00562182 -0.0132251 0.00113697 -0.00337423 -0.0132251 0.0768676 
0.0155859 -0.0254772 -0.000734045 0.0011081 -0.0254772 0.109067 0.00110457 -0.00339373 -0.000734045 0.00110457 0.00563606 -0.0131471 0.0011081 -0.00339373 -0.0131471 0.0766604 
0.0155795 -0.025452 -0.000751421 0.0010928 -0.025452 0.109031 0.00109123 -0.00336316 -0.000751421 0.00109123 0.0056028 -0.0131482 0.0010928 -0.00336316 -0.0131482 0.0765525 
0.0155894 -0.0254415 -0.000829844 0.00111168 -0.0254415 0.108991 0.00110791 -0.00337514 -0.000829844 0.00110791 0.00555575 -0.0131144 0.00111168 -0.00337514 -0.0131144 0.0764871 
0.0155947 -0.0254487 -0.000883018 0.00121983 -0.0254487 0.10898 0.00121071 -0.00356686 -0.000883018 0.00121071 0.00546963 -0.0130376 0.00121983 -0.00356686 -0.0130376 0.0763071 
0.0155942 -0.0254539 -0.000861829 0.00129214 -0.0254539 0.108988 0.00128282 -0.00378076 -0.000861829 0.00128282 0.00540552 -0.0129109 0.00129214 -0.00378076 -0.0129109 0.0760034 
0.0156085 -0.0254645 -0.000829906 0.001231 -0.0254645 0.109023 0.001229 -0.00373074 -0.000829906 0.001229 0.00540923 -0.0128368 0.001231 -0.00373074 -0.0128368 0.0757849 
0.0156252 -0.0254826 -0.00085337 0.0011865 -0.0254826 0.109064 0.00119213 -0.00362399 -0.00085337 0.00119213 0.00541675 -0.0128306 0.0011865 -0.00362399 -0.0128306 0.0756694 
0.0156411 -0.0255038 -0.000864007 0.0012116 -0.0255038 0.109118 0.00121794 -0.00361665 -0.000864007 0.00121794 0.00540104 -0.012842 0.0012116 -0.00361665 -0.012842 0.0756542 
0.015645 -0.0255267 -0.000825326 0.00121965 -0.0255267 0.109181 0.00122585 -0.00362996 -0.000825326 0.00122585 0.00543843 -0.0128316 0.00121965 -0.00362996 -0.0128316 0.0756565 
0.0156481 -0.0255269 -0.000905965 0.00119432 -0.0255269 0.109201 0.00120354 -0.00362763 -0.000905965 0.00120354 0.0053871 -0.0128543 0.00119432 -0.00362763 -0.0128543 0.0756393 
0.0156423 -0.0255295 -0.000958262 0.00129099 -0.0255295 0.109208 0.00129399 -0.00375433 -0.000958262 0.00129399 0.0053307 -0.0127908 0.00129099 -0.00375433 -0.0127908 0.0755429 
0.0156398 -0.0255282 -0.00104283 0.00134369 -0.0255282 0.109218 0.00133944 -0.00388204 -0.00104283 0.00133944 0.00533471 -0.0127257 0.00134369 -0.00388204 -0.0127257 0.0754082 
0.0156437 -0.0255252 -0.00111302 0.00144234 -0.0255252 0.109215 0.00143083 -0.00406609 -0.00111302 0.00143083 0.00533301 -0.0127284 0.00144234 -0.00406609 -0.0127284 0.0753511 
0.0156491 -0.0255271 -0.00116383 0.00153627 -0.0255271 0.109213 0.00152077 -0.00430235 -0.00116383 0.00152077 0.00532727 -0.0127246 0.00153627 -0.00430235 -0.0127246 0.0753282 
0.0156614 -0.0255339 -0.00118353 0.00159745 -0.0255339 0.109223 0.00158411 -0.00449331 -0.00118353 0.00158411 0.00529478 -0.0127161 0.00159745 -0.00449331 -0.0127161 0.075304 
0.0156731 -0.0255514 -0.00121206 0.00160961 -0.0255514 0.109259 0.00160302 -0.00457556 -0.00121206 0.00160302 0.00525482 -0.0126786 0.00160961 -0.00457556 -0.0126786 0.0752458 
0.015674 -0.0255648 -0.00120777 0.00164635 -0.0255648 0.109294 0.00164562 -0.00466975 -0.00120777 0.00164562 0.00522809 -0.0126065 0.00164635 -0.00466975 -0.0126065 0.0750667 
0.0156777 -0.025567 -0.00120107 0.0016424 -0.025567 0.109314 0.00164514 -0.00470757 -0.00120107 0.00164514 0.0051814 -0.0125564 0.0016424 -0.00470757 -0.0125564 0.0748832 
0.0156752 -0.0255718 -0.00119183 0.00162926 -0.0255718 0.109328 0.00163505 -0.00469121 -0.00119183 0.00163505 0.00514478 -0.0124914 0.00162926 -0.00469121 -0.0124914 0.0747028 
0.0156716 -0.0255725 -0.00121333 0.00160536 -0.0255725 0.109341 0.00161102 -0.00462796 -0.00121333 0.00161102 0.00515554 -0.0124485 0.00160536 -0.00462796 -0.0124485 0.0745726 
0.0156747 -0.0255693 -0.00119339 0.00162764 -0.0255693 0.109342 0.00162873 -0.00462276 -0.00119339 0.00162873 0.00517215 -0.0124641 0.00162764 -0.00462276 -0.0124641 0.0745526 
0.0156668 -0.0255712 -0.00121795 0.00160998 -0.0255712 0.109342 0.00161071 -0.00461209 -0.00121795 0.00161071 0.0052023 -0.0124889 0.00160998 -0.00461209 -0.0124889 0.0745953 
0.0156612 -0.0255616 -0.00122853 0.0016358 -0.0255616 0.10933 0.00163237 -0.00462878 -0.00122853 0.00163237 0.00524611 -0.0125361 0.0016358 -0.00462878 -0.0125361 0.0747073 
0.0156464 -0.0255451 -0.00123289 0.00168153 -0.0255451 0.109284 0.0016746 -0.0047523 -0.00123289 0.0016746 0.00523316 -0.0125706 0.00168153 -0.0047523 -0.0125706 0.0747633 
0.0156399 -0.0255282 -0.00118631 0.00168284 -0.0255282 0.10924 0.00167584 -0.00479802 -0.00118631 0.00167584 0.00523149 -0.0125665 0.00168284 -0.00479802 -0.0125665 0.0748069 
0.0156392 -0.0255157 -0.00120119 0.0016375 -0.0255157 0.109195 0.00163462 -0.00476064 -0.00120119 0.00163462 0.00517707 -0.0125509 0.0016375 -0.00476064 -0.0125509 0.0747671 
0.0156399 -0.025516 -0.00121665 0.00164132 -0.025516 0.109181 0.00164102 -0.00472973 -0.00121665 0.00164102 0.00513202 -0.0124863 0.00164132 -0.00472973 -0.0124863 0.0746606 
0.01564 -0.0255172 -0.00121327 0.00166455 -0.0255172 0.109179 0.00166456 -0.00476839 -0.00121327 0.00166456 0.00504321 -0.0124134 0.00166455 -0.00476839 -0.0124134 0.0744688 
0.0156521 -0.0255246 -0.00121557 0.00164183 -0.0255246 0.109199 0.00164368 -0.00473046 -0.00121557 0.00164368 0.00500698 -0.012305 0.00164183 -0.00473046 -0.012305 0.0742428 
0.0156564 -0.0255429 -0.00122865 0.00163363 -0.0255429 0.109241 0.00163695 -0.00468454 -0.00122865 0.00163695 0.00503193 -0.0122479 0.00163363 -0.00468454 -0.0122479 0.0740414 
0.0156425 -0.0255398 -0.00129141 0.00168068 -0.0255398 0.109244 0.00168307 -0.00478209 -0.00129141 0.00168307 0.00499304 -0.0122418 0.00168068 -0.00478209 -0.0122418 0.0738798 
0.0156399 -0.0255282 -0.00131693 0.00174329 -0.0255282 0.109232 0.00174027 -0.00489501 -0.00131693 0.00174027 0.00502001 -0.0122101 0.00174329 -0.00489501 -0.0122101 0.0738179 
0.0156323 -0.0255181 -0.00132199 0.0017915 -0.0255181 0.1092 0.00178465 -0.0050409 -0.00132199 0.00178465 0.00502209 -0.0122268 0.0017915 -0.0050409 -0.0122268 0.0737795 
0.0156175 -0.025508 -0.00134554 0.00180112 -0.025508 0.109171 0.00179538 -0.00511579 -0.00134554 0.00179538 0.00500652 -0.012232 0.00180112 -0.00511579 -0.012232 0.0737847 
0.0155973 -0.0254853 -0.0014449 0.00183838 -0.0254853 0.10912 0.00183177 -0.00520474 -0.0014449 0.00183177 0.00493795 -0.0122058 0.00183838 -0.00520474 -0.0122058 0.0737323 
0.0155874 -0.0254675 -0.00148428 0.00193797 -0.0254675 0.109077 0.00192447 -0.00536019 -0.00148428 0.00192447 0.00490808 -0.0121315 0.00193797 -0.00536019 -0.0121315 0.0736324 
0.0156014 -0.0254598 -0.00142391 0.00197656 -0.0254598 0.109053 0.00196014 -0.00547983 -0.00142391 0.00196014 0.00491627 -0.0120938 0.00197656 -0.00547983 -0.0120938 0.0735345 
0.015614 -0.0254698 -0.00139584 0.00192 -0.0254698 0.109049 0.0019129 -0.00547125 -0.00139584 0.0019129 0.00488851 -0.0120838 0.00192 -0.00547125 -0.0120838 0.0734385 
0.0156248 -0.0254862 -0.00140399 0.00187659 -0.0254862 0.109079 0.00188006 -0.00538235 -0.00140399 0.00188006 0.00482172 -0.0120451 0.00187659 -0.00538235 -0.0120451 0.0733425 
0.0156148 -0.0254974 -0.00138368 0.00189467 -0.0254974 0.109107 0.00190272 -0.0053924 -0.00138368 0.00190272 0.00475227 -0.0119375 0.00189467 -0.0053924 -0.0119375 0.0730931 
0.0156135 -0.0254979 -0.0013481 0.00183963 -0.0254979 0.109137 0.00184865 -0.00527996 -0.0013481 0.00184865 0.00476755 -0.0118543 0.00183963 -0.00527996 -0.0118543 0.0728811 
0.0156079 -0.0254892 -0.0013498 0.0018127 -0.0254892 0.109124 0.00181963 -0.00520315 -0.0013498 0.00181963 0.00478916 -0.0118495 0.0018127 -0.00520315 -0.0118495 0.0727341 
0.0156143 -0.025482 -0.00136516 0.00181417 -0.025482 0.109104 0.00181656 -0.00516946 -0.00136516 0.00181656 0.00483075 -0.0118844 0.00181417 -0.00516946 -0.0118844 0.0727549 
0.0156061 -0.0254845 -0.0014685 0.00184861 -0.0254845 0.109092 0.00184783 -0.00523328 -0.0014685 0.00184783 0.00482999 -0.0119352 0.00184861 -0.00523328 -0.0119352 0.0728413 
0.0156152 -0.0254795 -0.00147109 0.00196462 -0.0254795 0.10909 0.00195679 -0.00542091 -0.00147109 0.00195679 0.00482417 -0.011952 0.00196462 -0.00542091 -0.011952 0.0729424 
0.0156325 -0.0254938 -0.00144076 0.00196648 -0.0254938 0.109112 0.00195948 -0.00551394 -0.00144076 0.00195948 0.00480324 -0.0119521 0.00196648 -0.00551394 -0.0119521 0.0729945 
0.0156617 -0.0255233 -0.00140631 0.00189816 -0.0255233 0.109184 0.00189994 -0.00539859 -0.00140631 0.00189994 0.00481541 -0.011946 0.00189816 -0.00539859 -0.011946 0.0730456 
0.0156725 -0.0255643 -0.00141085 0.00184139 -0.0255643 0.109283 0.00185169 -0.00524384 -0.00141085 0.00185169 0.00489196 -0.0119677 0.00184139 -0.00524384 -0.0119677 0.0731032 
0.0156753 -0.0255712 -0.00138102 0.00186797 -0.0255712 0.109331 0.00187805 -0.00525158 -0.00138102 0.00187805 0.00487759 -0.0120444 0.00186797 -0.00525158 -0.0120444 0.0732001 
0.0156764 -0.0255738 -0.00140819 0.00183869 -0.0255738 0.109349 0.00184809 -0.0052256 -0.00140819 0.00184809 0.00483866 -0.0120369 0.00183869 -0.0052256 -0.0120369 0.0732579 
0.0156764 -0.0255781 -0.00144218 0.00185885 -0.0255781 0.109365 0.00186475 -0.00521554 -0.00144218 0.00186475 0.00485135 -0.0119927 0.00185885 -0.00521554 -0.0119927 0.0732128 
0.0156734 -0.0255757 -0.00141843 0.0019132 -0.0255757 0.109364 0.00191398 -0.00531651 -0.00141843 0.00191398 0.0048572 -0.0119873 0.0019132 -0.00531651 -0.0119873 0.0731342 
0.0156788 -0.0255734 -0.00136825 0.00188274 -0.0255734 0.109361 0.0018829 -0.00531191 -0.00136825 0.0018829 0.00487088 -0.0120035 0.00188274 -0.00531191 -0.0120035 0.073148 
0.0156761 -0.02558 -0.00135158 0.00181429 -0.02558 0.109372 0.00181786 -0.00518507 -0.00135158 0.00181786 0.00491446 -0.0120318 0.00181429 -0.00518507 -0.0120318 0.0732189 
0.0156659 -0.0255764 -0.00135188 0.00179286 -0.0255764 0.109371 0.00179631 -0.0050904 -0.00135188 0.00179631 0.004989 -0.0120935 0.00179286 -0.0050904 -0.0120935 0.0733527 
0.0156584 -0.0255579 -0.00134245 0.00181254 -0.0255579 0.109333 0.00181124 -0.00510748 -0.00134245 0.00181124 0.00498924 -0.0121855 0.00181254 -0.00510748 -0.0121855 0.0735445 
0.01565 -0.0255496 -0.00134135 0.00179695 -0.0255496 0.109302 0.00179266 -0.00508933 -0.00134135 0.00179266 0.0049948 -0.0122117 0.00179695 -0.00508933 -0.0122117 0.0737177 
0.0156412 -0.0255346 -0.00134864 0.00180766 -0.0255346 0.109262 0.00180272 -0.00510925 -0.00134864 0.00180272 0.00498108 -0.0122093 0.00180766 -0.00510925 -0.0122093 0.0737519 
0.0156343 -0.0255311 -0.00136107 0.00179338 -0.0255311 0.109249 0.00178786 -0.00506643 -0.00136107 0.00178786 0.0050635 -0.0122134 0.00179338 -0.00506643 -0.0122134 0.0738198 
0.0156291 -0.0255181 -0.00142949 0.00182192 -0.0255181 0.109217 0.00181399 -0.00510794 -0.00142949 0.00181399 0.00510506 -0.0123097 0.00182192 -0.00510794 -0.0123097 0.0739681 
0.0156414 -0.0255106 -0.00142097 0.00190513 -0.0255106 0.109191 0.00189248 -0.00525417 -0.00142097 0.00189248 0.00510775 -0.0123827 0.00190513 -0.00525417 -0.0123827 0.0741926 
0.0156641 -0.0255282 -0.00137293 0.00189122 -0.0255282 0.10921 0.00188334 -0.00530438 -0.00137293 0.00188334 0.00511076 -0.0124018 0.00189122 -0.00530438 -0.0124018 0.074339 
0.0156782 -0.0255575 -0.00134541 0.00182532 -0.0255575 0.10927 0.00182929 -0.00521595 -0.00134541 0.00182929 0.00510937 -0.0124014 0.00182532 -0.00521595 -0.0124014 0.0743771 
0.0156784 -0.0255777 -0.00133721 0.00178468 -0.0255777 0.109333 0.0017966 -0.00510628 -0.00133721 0.0017966 0.00507005 -0.0123937 0.00178468 -0.00510628 -0.0123937 0.0743628 
0.0156831 -0.0255849 -0.00128162 0.00175745 -0.0255849 0.109377 0.00176874 -0.00499491 -0.00128162 0.00176874 0.00510246 -0.0123589 0.00175745 -0.00499491 -0.0123589 0.074336 
0.0156805 -0.0255897 -0.00127914 0.00169246 -0.0255897 0.109399 0.00170231 -0.00485617 -0.00127914 0.00170231 0.00514993 -0.0123971 0.00169246 -0.00485617 -0.0123971 0.0743692 
0.015664 -0.0255842 -0.00133452 0.00169416 -0.0255842 0.109396 0.00169934 -0.0047938 -0.00133452 0.00169934 0.00523371 -0.0124642 0.00169416 -0.0047938 -0.0124642 0.0745049 
0.0156509 -0.0255565 -0.00135225 0.00178594 -0.0255565 0.109342 0.00177919 -0.00493816 -0.00135225 0.00177919 0.00526928 -0.0125632 0.00178594 -0.00493816 -0.0125632 0.0746982 
0.0156431 -0.0255329 -0.00132917 0.0018309 -0.0255329 0.109269 0.00181791 -0.00510328 -0.00132917 0.00181791 0.00524898 -0.0126117 0.0018309 -0.00510328 -0.0126117 0.0748585 
0.0156446 -0.0255214 -0.00129806 0.00180418 -0.0255214 0.109218 0.00179514 -0.00513064 -0.00129806 0.00179514 0.00517897 -0.0125882 0.00180418 -0.00513064 -0.0125882 0.0748859 
0.0156578 -0.0255304 -0.00124793 0.00173855 -0.0255304 0.109223 0.00173736 -0.00500135 -0.00124793 0.00173736 0.00515983 -0.012516 0.00173855 -0.00500135 -0.012516 0.074811 
0.0156668 -0.0255446 -0.00125243 0.00168428 -0.0255446 0.109246 0.00169149 -0.004883 -0.00125243 0.00169149 0.00509163 -0.0124634 0.00168428 -0.004883 -0.0124634 0.074634 
0.0156788 -0.0255631 -0.00124864 0.00166935 -0.0255631 0.109296 0.0016788 -0.00478708 -0.00124864 0.0016788 0.00506411 -0.012385 0.00166935 -0.00478708 -0.012385 0.0744661 
0.0156732 -0.0255726 -0.00127969 0.00168519 -0.0255726 0.109325 0.00169445 -0.00481044 -0.00127969 0.00169445 0.00500468 -0.0123142 0.00168519 -0.00481044 -0.0123142 0.0742155 
0.0156709 -0.0255701 -0.00125295 0.00171646 -0.0255701 0.109338 0.0017219 -0.00485553 -0.00125295 0.0017219 0.0049715 -0.0122355 0.00171646 -0.00485553 -0.0122355 0.073995 
0.0156556 -0.0255604 -0.0012777 0.00170734 -0.0255604 0.109316 0.00171048 -0.00489176 -0.0012777 0.00171048 0.00490683 -0.0121599 0.00170734 -0.00489176 -0.0121599 0.0737257 
0.0156525 -0.0255402 -0.00129296 0.0017384 -0.0255402 0.109274 0.00173794 -0.00493971 -0.00129296 0.00173794 0.00481991 -0.0120661 0.0017384 -0.00493971 -0.0120661 0.0734565 
0.0156498 -0.0255391 -0.00133713 0.00174291 -0.0255391 0.109258 0.00174101 -0.00495413 -0.00133713 0.00174101 0.00485746 -0.0119556 0.00174291 -0.00495413 -0.0119556 0.0731868 
0.0156457 -0.0255376 -0.00133424 0.00179409 -0.0255376 0.109252 0.00178837 -0.00503146 -0.00133424 0.00178837 0.00493706 -0.0119885 0.00179409 -0.00503146 -0.0119885 0.0730968 
0.0156342 -0.025529 -0.00134623 0.00180659 -0.025529 0.109231 0.00180028 -0.00511011 -0.00134623 0.00180028 0.00496634 -0.0120937 0.00180659 -0.00511011 -0.0120937 0.0732435 
0.0156229 -0.0255073 -0.00135888 0.00183935 -0.0255073 0.109181 0.00183205 -0.00520517 -0.00135888 0.00183205 0.00493402 -0.0121364 0.00183935 -0.00520517 -0.0121364 0.0733895 
0.0156108 -0.0254949 -0.00141047 0.00184619 -0.0254949 0.109141 0.00183986 -0.005243 -0.00141047 0.00183986 0.00490901 -0.0121086 0.00184619 -0.005243 -0.0121086 0.0734328 
0.0156028 -0.0254812 -0.00151231 0.0019047 -0.0254812 0.109106 0.00189581 -0.0053361 -0.00151231 0.00189581 0.00485925 -0.0120713 0.0019047 -0.0053361 -0.0120713 0.0733747 
0.0155968 -0.0254725 -0.00160973 0.00202734 -0.0254725 0.109078 0.00201314 -0.0055654 -0.00160973 0.00201314 0.00481622 -0.0120025 0.00202734 -0.0055654 -0.0120025 0.0732365 
0.0156095 -0.0254736 -0.00156804 0.00213027 -0.0254736 0.10908 0.00211255 -0.0058026 -0.00156804 0.00211255 0.00482367 -0.0119496 0.00213027 -0.0058026 -0.0119496 0.0731115 
0.0156287 -0.0254938 -0.00142698 0.00206586 -0.0254938 0.10912 0.00205721 -0.00579432 -0.00142698 0.00205721 0.00486581 -0.0119644 0.00206586 -0.00579432 -0.0119644 0.0730964 
0.015633 -0.0255144 -0.00133543 0.00189346 -0.0255144 0.109168 0.00190238 -0.00551907 -0.00133543 0.00190238 0.00488675 -0.0120159 0.00189346 -0.00551907 -0.0120159 0.0731695 
0.0156355 -0.0255235 -0.0013721 0.00176188 -0.0255235 0.109208 0.00178041 -0.00516523 -0.0013721 0.00178041 0.00493281 -0.0120635 0.00176188 -0.00516523 -0.0120635 0.0733185 
0.0156403 -0.0255212 -0.00143481 0.00181785 -0.0255212 0.109211 0.00182826 -0.00511728 -0.00143481 0.00182826 0.00492796 -0.0121202 0.00181785 -0.00511728 -0.0121202 0.0734578 
0.0156523 -0.0255237 -0.00146222 0.00191536 -0.0255237 0.109209 0.00191429 -0.00529604 -0.00146222 0.00191429 0.00489585 -0.0121121 0.00191536 -0.00529604 -0.0121121 0.0734957 
0.0156527 -0.025541 -0.00148539 0.00194843 -0.025541 0.109239 0.00194721 -0.00543071 -0.00148539 0.00194721 0.00489354 -0.0120653 0.00194843 -0.00543071 -0.0120653 0.0734193 
0.0156547 -0.0255485 -0.00145385 0.00196081 -0.0255485 0.109275 0.0019611 -0.0054742 -0.00145385 0.0019611 0.0049581 -0.0120633 0.00196081 -0.0054742 -0.0120633 0.073381 
0.0156389 -0.0255444 -0.00155465 0.00193957 -0.0255444 0.109273 0.00194186 -0.00548067 -0.00155465 0.00194186 0.00497555 -0.0121306 0.00193957 -0.00548067 -0.0121306 0.0734357 
0.0156413 -0.0255249 -0.00155543 0.00205779 -0.0255249 0.109242 0.00205249 -0.00563939 -0.00155543 0.00205249 0.00493183 -0.0121688 0.00205779 -0.00563939 -0.0121688 0.0735579 
0.0156419 -0.0255265 -0.00159485 0.0020679 -0.0255265 0.109226 0.00206133 -0.00575343 -0.00159485 0.00206133 0.00487403 -0.0121155 0.0020679 -0.00575343 -0.0121155 0.0735307 
0.0156598 -0.0255332 -0.00157227 0.00209548 -0.0255332 0.109242 0.00209166 -0.00580056 -0.00157227 0.00209166 0.00481251 -0.0120438 0.00209548 -0.00580056 -0.0120438 0.0734045 
0.0156731 -0.0255616 -0.00157955 0.00204843 -0.0255616 0.109302 0.00205186 -0.00573361 -0.00157955 0.00205186 0.00484525 -0.0119696 0.00204843 -0.00573361 -0.0119696 0.0732491 
0.0156858 -0.025582 -0.00159385 0.00204653 -0.025582 0.109367 0.00205292 -0.00568211 -0.00159385 0.00205292 0.00489803 -0.0120041 0.00204653 -0.00568211 -0.0120041 0.0732201 
0.0156885 -0.0255954 -0.00161353 0.00207452 -0.0255954 0.109409 0.00208043 -0.00572743 -0.00161353 0.00208043 0.00494948 -0.0120642 0.00207452 -0.00572743 -0.0120642 0.0732979 
0.0156732 -0.0255919 -0.00164963 0.00212021 -0.0255919 0.109413 0.00212494 -0.00584838 -0.00164963 0.00212494 0.00490885 -0.0121052 0.00212021 -0.00584838 -0.0121052 0.0733484 
0.0156476 -0.0255728 -0.00171191 0.00216853 -0.0255728 0.109384 0.00216917 -0.00596786 -0.00171191 0.00216917 0.00485916 -0.0120559 0.00216853 -0.00596786 -0.0120559 0.0732956 
0.0156208 -0.0255411 -0.00180847 0.00224642 -0.0255411 0.109319 0.00223763 -0.00612333 -0.00180847 0.00223763 0.0048378 -0.0119905 0.00224642 -0.00612333 -0.0119905 0.0731588 
0.0156201 -0.0255092 -0.00180791 0.00236236 -0.0255092 0.10924 0.00234391 -0.00635556 -0.00180791 0.00234391 0.00484932 -0.0119643 0.00236236 -0.00635556 -0.0119643 0.0730685 
0.0156344 -0.0255097 -0.00176271 0.002356 -0.0255097 0.109209 0.00233893 -0.00644459 -0.00176271 0.00233893 0.00487375 -0.0119917 0.002356 -0.00644459 -0.0119917 0.073107 
