0.00537718 0 -0.00340994 0 0 0.01 0 0 -0.00340994 0 0.00879257 0 0 0 0 0.01 
0.00796483 -0.00992607 -0.00484134 0.00595775 -0.00992607 0.0282067 0.00595775 -0.0114238 -0.00484134 0.00595775 0.0120606 -0.0149364 0.00595775 -0.0114238 -0.0149364 0.0378139 
0.00819745 -0.0157927 -0.00441048 0.0075119 -0.0157927 0.0597878 0.0075119 -0.0239147 -0.00441048 0.0075119 0.0119425 -0.0217394 0.0075119 -0.0239147 -0.0217394 0.0784921 
0.00778723 -0.0163743 -0.0038995 0.00566566 -0.0163743 0.0760104 0.00565806 -0.0206189 -0.0038995 0.00565806 0.0113169 -0.020759 0.00566566 -0.0206189 -0.020759 0.0904448 
0.00767585 -0.0160431 -0.00397453 0.00492543 -0.0160431 0.0818666 0.00492079 -0.0160547 -0.00397453 0.00492079 0.011404 -0.0199857 0.00492543 -0.0160547 -0.0199857 0.0921188 
0.00775712 -0.0157949 -0.00417698 0.00508007 -0.0157949 0.0833007 0.00508483 -0.0145191 -0.00417698 0.00508483 0.0116441 -0.0200966 0.00508007 -0.0145191 -0.0200966 0.0931627 
0.0078435 -0.0158044 -0.0042845 0.00539958 -0.0158044 0.0836121 0.00540964 -0.0146805 -0.0042845 0.00540964 0.0117555 -0.0202626 0.00539958 -0.0146805 -0.0202626 0.0939607 
0.00791145 -0.0158505 -0.00432465 0.00556311 -0.0158505 0.083705 0.00557075 -0.0150983 -0.00432465 0.00557075 0.0117702 -0.0203056 0.00556311 -0.0150983 -0.0203056 0.0942981 
0.00793615 -0.015931 -0.0043352 0.0056348 -0.015931 0.0838401 0.00563304 -0.0153822 -0.0043352 0.00563304 0.0117225 -0.0202377 0.0056348 -0.0153822 -0.0202377 0.0941855 
0.0079556 -0.0159379 -0.00434935 0.00565012 -0.0159379 0.0838796 0.00563974 -0.0154925 -0.00434935 0.00563974 0.0116735 -0.0201889 0.00565012 -0.0154925 -0.0201889 0.0940455 
0.00796685 -0.0159113 -0.00435374 0.00565228 -0.0159113 0.0837931 0.00564047 -0.0155057 -0.00435374 0.00564047 0.0116755 -0.0201898 0.00565228 -0.0155057 -0.0201898 0.0940619 
0.0080079 -0.0158926 -0.00438497 0.00564277 -0.0158926 0.083695 0.00563298 -0.0154781 -0.00438497 0.00563298 0.0116653 -0.0202424 0.00564277 -0.0154781 -0.0202424 0.0942134 
0.00803265 -0.0159577 -0.00436657 0.00567492 -0.0159577 0.0837792 0.00567383 -0.0155216 -0.00436657 0.00567383 0.0116608 -0.0202259 0.00567492 -0.0155216 -0.0202259 0.0942468 
0.00807426 -0.016003 -0.00435063 0.00564645 -0.016003 0.0839199 0.00565289 -0.0155053 -0.00435063 0.00565289 0.0116336 -0.0202209 0.00564645 -0.0155053 -0.0202209 0.094249 
0.00810726 -0.0160833 -0.00438259 0.00562347 -0.0160833 0.0841305 0.00563724 -0.0154578 -0.00438259 0.00563724 0.0116113 -0.0201581 0.00562347 -0.0154578 -0.0201581 0.0941167 
0.00814313 -0.0161458 -0.00443224 0.00566245 -0.0161458 0.0843434 0.0056773 -0.015499 -0.00443224 0.0056773 0.0115801 -0.020103 0.00566245 -0.015499 -0.020103 0.0939329 
0.0081767 -0.0161723 -0.00451631 0.00572135 -0.0161723 0.0844503 0.00573177 -0.0156046 -0.00451631 0.00573177 0.0115592 -0.0200945 0.00572135 -0.0156046 -0.0200945 0.0938885 
0.00816779 -0.0162181 -0.00455409 0.00583106 -0.0162181 0.084565 0.00583675 -0.0158252 -0.00455409 0.00583675 0.0115525 -0.0200675 0.00583106 -0.0158252 -0.0200675 0.0938297 
0.00820075 -0.0162013 -0.00458415 0.00588596 -0.0162013 0.084583 0.00588602 -0.0160112 -0.00458415 0.00588602 0.011517 -0.0200699 0.00588596 -0.0160112 -0.0200699 0.0938279 
0.00816436 -0.0162474 -0.00457256 0.00592913 -0.0162474 0.0846491 0.0059303 -0.0161575 -0.00457256 0.0059303 0.0115085 -0.0200082 0.00592913 -0.0161575 -0.0200082 0.0937136 
0.00813842 -0.0161896 -0.00457045 0.00591414 -0.0161896 0.084584 0.00591352 -0.0161818 -0.00457045 0.00591352 0.0114924 -0.0200105 0.00591414 -0.0161818 -0.0200105 0.0936843 
0.00812755 -0.0161147 -0.00456984 0.0059004 -0.0161147 0.0843808 0.00589906 -0.0161397 -0.00456984 0.00589906 0.0115077 -0.0200319 0.0059004 -0.0161397 -0.0200319 0.0937703 
0.00812773 -0.0161066 -0.004586 0.00590568 -0.0161066 0.0842806 0.00590564 -0.0161459 -0.004586 0.00590564 0.0114962 -0.0200263 0.00590568 -0.0161459 -0.0200263 0.09376 
0.00813346 -0.0161173 -0.0046019 0.00593186 -0.0161173 0.0842757 0.00593418 -0.0162042 -0.0046019 0.00593418 0.0114773 -0.0199918 0.00593186 -0.0162042 -0.0199918 0.0936729 
0.00818121 -0.0161306 -0.00465204 0.00595903 -0.0161306 0.0843024 0.00596236 -0.0162874 -0.00465204 0.00596236 0.0114133 -0.0199495 0.00595903 -0.0162874 -0.0199495 0.0935413 
0.00821801 -0.0161653 -0.00468118 0.0060117 -0.0161653 0.0843401 0.00602071 -0.0163995 -0.00468118 0.00602071 0.0113778 -0.0198965 0.0060117 -0.0163995 -0.0198965 0.0934419 
0.00825033 -0.0162044 -0.00469278 0.00604698 -0.0162044 0.084417 0.00606068 -0.0165102 -0.00469278 0.00606068 0.0113774 -0.0198599 0.00604698 -0.0165102 -0.0198599 0.0933458 
0.00826724 -0.0162539 -0.00469988 0.00606165 -0.0162539 0.0845371 0.00607469 -0.0165769 -0.00469988 0.00607469 0.0114095 -0.0198522 0.00606165 -0.0165769 -0.0198522 0.0932845 
0.00827053 -0.0163021 -0.00469308 0.00607671 -0.0163021 0.0846913 0.00608039 -0.0166194 -0.00469308 0.00608039 0.0114307 -0.0198728 0.00607671 -0.0166194 -0.0198728 0.0932711 
0.00829178 -0.0163075 -0.00471648 0.00606524 -0.0163075 0.0847643 0.00605823 -0.0165934 -0.00471648 0.00605823 0.011406 -0.0199248 0.00606524 -0.0165934 -0.0199248 0.0933954 
0.00827772 -0.0163363 -0.00471852 0.00608731 -0.0163363 0.0848405 0.00608162 -0.0166036 -0.00471852 0.00608162 0.0113997 -0.0199036 0.00608731 -0.0166036 -0.0199036 0.0934345 
0.00827473 -0.016335 -0.00472006 0.00609738 -0.016335 0.0848898 0.00609498 -0.0166447 -0.00472006 0.00609498 0.0113592 -0.019868 0.00609738 -0.0166447 -0.019868 0.0933489 
0.0082684 -0.016315 -0.00471494 0.00609879 -0.016315 0.0848527 0.00609981 -0.0166628 -0.00471494 0.00609981 0.0113278 -0.0198231 0.00609879 -0.0166628 -0.0198231 0.0932539 
0.00825356 -0.0162806 -0.0046868 0.00608816 -0.0162806 0.0847514 0.00609295 -0.0166509 -0.0046868 0.00609295 0.0113209 -0.0198009 0.00608816 -0.0166509 -0.0198009 0.0931993 
0.00820997 -0.0162608 -0.00467587 0.00605751 -0.0162608 0.0846716 0.00606443 -0.0166086 -0.00467587 0.00606443 0.0113456 -0.0197756 0.00605751 -0.0166086 -0.0197756 0.0931131 
0.00818832 -0.0161641 -0.00468615 0.00603419 -0.0161641 0.0844482 0.00603393 -0.0165222 -0.00468615 0.00603393 0.0114064 -0.0198587 0.00603419 -0.0165222 -0.0198587 0.0932762 
0.00817778 -0.0161347 -0.0046923 0.00605019 -0.0161347 0.0842965 0.00604319 -0.0165098 -0.0046923 0.00604319 0.0114571 -0.0199379 0.00605019 -0.0165098 -0.0199379 0.0934808 
0.00823449 -0.0161491 -0.00474188 0.0060676 -0.0161491 0.0842964 0.00605601 -0.0165486 -0.00474188 0.00605601 0.0114303 -0.0199814 0.0060676 -0.0165486 -0.0199814 0.0936062 
0.00836093 -0.0162341 -0.00482248 0.0061233 -0.0162341 0.0844527 0.00611842 -0.0166556 -0.00482248 0.00611842 0.0113302 -0.0199456 0.0061233 -0.0166556 -0.0199456 0.093599 
0.00845919 -0.016394 -0.00484732 0.00620825 -0.016394 0.0847852 0.00622179 -0.0168445 -0.00484732 0.00622179 0.0112751 -0.0198366 0.00620825 -0.0168445 -0.0198366 0.0934343 
0.00848923 -0.0165544 -0.00484481 0.00623846 -0.0165544 0.0852308 0.00626523 -0.0169989 -0.00484481 0.00626523 0.0112553 -0.0197309 0.00623846 -0.0169989 -0.0197309 0.0931364 
0.0085204 -0.0165986 -0.00487675 0.00622611 -0.0165986 0.0854944 0.00625048 -0.0170121 -0.00487675 0.00625048 0.0112126 -0.0197187 0.00622611 -0.0170121 -0.0197187 0.0930152 
0.0085587 -0.0166459 -0.00493169 0.00626574 -0.0166459 0.0856656 0.00628508 -0.0170608 -0.00493169 0.00628508 0.0111513 -0.0196526 0.00626574 -0.0170608 -0.0196526 0.0928634 
0.00856842 -0.0166971 -0.00496817 0.00634154 -0.0166971 0.0858133 0.00635917 -0.0172147 -0.00496817 0.00635917 0.0111097 -0.0195566 0.00634154 -0.0172147 -0.0195566 0.0926205 
0.00853628 -0.0166964 -0.00499219 0.00639534 -0.0166964 0.0858536 0.00640856 -0.017374 -0.00499219 0.00640856 0.0111125 -0.0195078 0.00639534 -0.017374 -0.0195078 0.0924455 
0.00847378 -0.0166349 -0.0049687 0.00643344 -0.0166349 0.0857407 0.00643627 -0.017488 -0.0049687 0.00643627 0.0111612 -0.0195264 0.00643344 -0.017488 -0.0195264 0.0924278 
0.00845055 -0.0165484 -0.00496763 0.0064186 -0.0165484 0.0855323 0.00640774 -0.0175089 -0.00496763 0.00640774 0.0111541 -0.0195856 0.0064186 -0.0175089 -0.0195856 0.0925215 
0.00841508 -0.0164866 -0.00493395 0.00640972 -0.0164866 0.0853101 0.00639633 -0.0174751 -0.00493395 0.00639633 0.0111866 -0.0196151 0.00640972 -0.0174751 -0.0196151 0.0926718 
0.00839259 -0.0164318 -0.00491148 0.00636589 -0.0164318 0.085131 0.00635558 -0.0173972 -0.00491148 0.00635558 0.0112205 -0.0196625 0.00636589 -0.0173972 -0.0196625 0.0928087 
0.00834963 -0.0164127 -0.00485318 0.00633597 -0.0164127 0.085037 0.00632834 -0.0173163 -0.00485318 0.00632834 0.0112853 -0.0196935 0.00633597 -0.0173163 -0.0196935 0.0928967 
0.00836597 -0.0163682 -0.00482296 0.00626592 -0.0163682 0.084945 0.00625495 -0.017174 -0.00482296 0.00625495 0.0113019 -0.0197701 0.00626592 -0.017174 -0.0197701 0.0930451 
0.00836474 -0.0164014 -0.00479132 0.0062228 -0.0164014 0.0849672 0.00621349 -0.0170376 -0.00479132 0.00621349 0.0112995 -0.0197843 0.0062228 -0.0170376 -0.0197843 0.093128 
0.00838763 -0.0164061 -0.00480293 0.00617467 -0.0164061 0.0850124 0.006171 -0.0169072 -0.00480293 0.006171 0.0112786 -0.0197883 0.00617467 -0.0169072 -0.0197883 0.0931697 
0.00842997 -0.0164425 -0.00483763 0.00618385 -0.0164425 0.0850943 0.00618851 -0.0168725 -0.00483763 0.00618851 0.0112583 -0.019751 0.00618385 -0.0168725 -0.019751 0.0931072 
0.00843622 -0.016492 -0.00485729 0.00622351 -0.016492 0.0852081 0.00623217 -0.0169334 -0.00485729 0.00623217 0.0112741 -0.0197328 0.00622351 -0.0169334 -0.0197328 0.0930522 
0.00842436 -0.0164953 -0.00487284 0.00624659 -0.0164953 0.0852614 0.00625168 -0.0169919 -0.00487284 0.00625168 0.0113165 -0.019775 0.00624659 -0.0169919 -0.019775 0.0931257 
0.00845628 -0.016497 -0.00489394 0.00627202 -0.016497 0.0852969 0.00626855 -0.0170507 -0.00489394 0.00626855 0.0112925 -0.0198164 0.00627202 -0.0170507 -0.0198164 0.0932154 
0.00840429 -0.0165431 -0.00485633 0.00629745 -0.0165431 0.0853861 0.00629597 -0.0171155 -0.00485633 0.00629597 0.0113148 -0.019785 0.00629745 -0.0171155 -0.019785 0.0932074 
0.00833296 -0.0164828 -0.0047857 0.00625447 -0.0164828 0.0853439 0.00625185 -0.017076 -0.0047857 0.00625185 0.0113609 -0.0198071 0.00625447 -0.017076 -0.0198071 0.0932234 
0.008291 -0.016376 -0.00472231 0.00616629 -0.016376 0.0851201 0.00615742 -0.0168984 -0.00472231 0.00615742 0.0114022 -0.0198772 0.00616629 -0.0168984 -0.0198772 0.0933645 
0.00831303 -0.0162972 -0.00473395 0.00607778 -0.0162972 0.0848684 0.00606782 -0.0166627 -0.00473395 0.00606782 0.0114139 -0.0199566 0.00607778 -0.0166627 -0.0199566 0.093588 
0.00829475 -0.0163572 -0.00473515 0.00609398 -0.0163572 0.0848934 0.00609185 -0.0166118 -0.00473515 0.00609185 0.011454 -0.0199237 0.00609398 -0.0166118 -0.0199237 0.0935568 
0.00825953 -0.0163485 -0.00472297 0.00610105 -0.0163485 0.0849318 0.00609699 -0.0166276 -0.00472297 0.00609699 0.0115061 -0.0199667 0.00610105 -0.0166276 -0.0199667 0.0935855 
0.00823724 -0.0163081 -0.00472893 0.00609327 -0.0163081 0.0848791 0.0060795 -0.0166176 -0.00472893 0.0060795 0.0115398 -0.0200357 0.00609327 -0.0166176 -0.0200357 0.0937225 
0.00826217 -0.0162674 -0.00477452 0.00609661 -0.0162674 0.0847738 0.00607741 -0.0165999 -0.00477452 0.00607741 0.0115512 -0.0201057 0.00609661 -0.0165999 -0.0201057 0.0939319 
0.00829846 -0.0162864 -0.00479349 0.00614063 -0.0162864 0.0847485 0.00612494 -0.016652 -0.00479349 0.00612494 0.0115731 -0.0201519 0.00614063 -0.016652 -0.0201519 0.0941316 
0.00832352 -0.0163612 -0.00477644 0.00616797 -0.0163612 0.0848973 0.00615917 -0.0167437 -0.00477644 0.00615917 0.0115713 -0.0201575 0.00616797 -0.0167437 -0.0201575 0.0941844 
0.00833836 -0.0163939 -0.00475182 0.00613229 -0.0163939 0.0850302 0.00612885 -0.0167083 -0.00475182 0.00612885 0.0115968 -0.020182 0.00613229 -0.0167083 -0.020182 0.094281 
0.00835508 -0.0164286 -0.00473243 0.00609186 -0.0164286 0.0851533 0.0060925 -0.0166113 -0.00473243 0.0060925 0.0116028 -0.0202084 0.00609186 -0.0166113 -0.0202084 0.0943557 
0.00833921 -0.0164541 -0.00470558 0.00605559 -0.0164541 0.0852514 0.00605936 -0.016499 -0.00470558 0.00605936 0.0116568 -0.0202298 0.00605559 -0.016499 -0.0202298 0.0944413 
0.00838829 -0.0164473 -0.00472493 0.00601977 -0.0164473 0.0852959 0.00602043 -0.0163899 -0.00472493 0.00602043 0.0116811 -0.0202948 0.00601977 -0.0163899 -0.0202948 0.0945702 
0.00846802 -0.0165577 -0.00479665 0.00606229 -0.0165577 0.0855226 0.00606104 -0.0164438 -0.00479665 0.00606104 0.0115735 -0.0202519 0.00606229 -0.0164438 -0.0202519 0.0944606 
0.00851422 -0.0166587 -0.00484914 0.00614385 -0.0166587 0.0857936 0.00615093 -0.016606 -0.00484914 0.00615093 0.0114952 -0.0201291 0.00614385 -0.016606 -0.0201291 0.0942362 
0.00838422 -0.0167222 -0.00482103 0.00621661 -0.0167222 0.0860077 0.00623112 -0.0168196 -0.00482103 0.00623112 0.0115469 -0.0200054 0.00621661 -0.0168196 -0.0200054 0.0938975 
0.00826502 -0.0165385 -0.00478274 0.00619368 -0.0165385 0.0857798 0.00619191 -0.0168548 -0.00478274 0.00619191 0.0116188 -0.0200882 0.00619368 -0.0168548 -0.0200882 0.0939147 
0.00818299 -0.0163294 -0.004724 0.0061438 -0.0163294 0.0852504 0.00612259 -0.016735 -0.004724 0.00612259 0.0117193 -0.0202401 0.0061438 -0.016735 -0.0202401 0.0942785 
0.00820037 -0.0162376 -0.00472058 0.00609211 -0.0162376 0.0848815 0.00606216 -0.0166229 -0.00472058 0.00606216 0.0117139 -0.0203246 0.00609211 -0.0166229 -0.0203246 0.0945121 
0.00828443 -0.0162425 -0.00476212 0.00607202 -0.0162425 0.084738 0.00604907 -0.0165307 -0.00476212 0.00604907 0.0116607 -0.0203521 0.00607202 -0.0165307 -0.0203521 0.0946935 
0.00836614 -0.016347 -0.00478893 0.00610103 -0.016347 0.0848729 0.00609853 -0.0165481 -0.00478893 0.00609853 0.0116146 -0.0203068 0.00610103 -0.0165481 -0.0203068 0.094707 
0.00846928 -0.0164668 -0.00483052 0.00612118 -0.0164668 0.0851645 0.00613664 -0.0166065 -0.00483052 0.00613664 0.0115438 -0.0202501 0.00612118 -0.0166065 -0.0202501 0.0946086 
0.00847583 -0.0166134 -0.00480367 0.0061612 -0.0166134 0.0855417 0.0061899 -0.0166949 -0.00480367 0.0061899 0.0115742 -0.0201547 0.0061612 -0.0166949 -0.0201547 0.0944074 
0.00847918 -0.0166415 -0.00477216 0.00612969 -0.0166415 0.0857689 0.00615381 -0.0166798 -0.00477216 0.00615381 0.0116094 -0.0201827 0.00612969 -0.0166798 -0.0201827 0.0943482 
0.00850787 -0.0166537 -0.0047756 0.00609078 -0.0166537 0.0858669 0.00610201 -0.0165792 -0.0047756 0.00610201 0.0116147 -0.0202281 0.00609078 -0.0165792 -0.0202281 0.0944173 
0.00852615 -0.0166973 -0.00476932 0.00609163 -0.0166973 0.0859773 0.00609674 -0.0165228 -0.00476932 0.00609674 0.0116188 -0.0202355 0.00609163 -0.0165228 -0.0202355 0.0944666 
0.00858042 -0.0167275 -0.00479052 0.00608235 -0.0167275 0.0860853 0.00608635 -0.0164898 -0.00479052 0.00608635 0.0115877 -0.0202443 0.00608235 -0.0164898 -0.0202443 0.0944987 
0.00857227 -0.0168085 -0.00477461 0.00610742 -0.0168085 0.0862664 0.00611553 -0.0165233 -0.00477461 0.00611553 0.0116039 -0.0201892 0.00610742 -0.0165233 -0.0201892 0.0944022 
0.00854471 -0.0167995 -0.00471684 0.00608523 -0.0167995 0.0863393 0.00609123 -0.0164992 -0.00471684 0.00609123 0.0116271 -0.0202212 0.00608523 -0.0164992 -0.0202212 0.0944199 
0.00849907 -0.016772 -0.00465182 0.00601681 -0.016772 0.0863164 0.00601914 -0.0163756 -0.00465182 0.00601914 0.0116737 -0.0202418 0.00601681 -0.0163756 -0.0202418 0.0944621 
0.00848784 -0.0167163 -0.00459818 0.00593363 -0.0167163 0.0862164 0.00593262 -0.0161751 -0.00459818 0.00593262 0.0117015 -0.0202992 0.00593363 -0.0161751 -0.0202992 0.0945671 
0.00844243 -0.0167394 -0.00460617 0.00588512 -0.0167394 0.0862342 0.00588368 -0.0160469 -0.00460617 0.00588368 0.0117028 -0.0202618 0.00588512 -0.0160469 -0.0202618 0.0944577 
0.00834692 -0.016691 -0.00464486 0.00590514 -0.016691 0.0861863 0.00589903 -0.0160355 -0.00464486 0.00589903 0.0117188 -0.0202401 0.00590514 -0.0160355 -0.0202401 0.0943371 
0.008335 -0.0165263 -0.00469045 0.00595741 -0.0165263 0.0858545 0.00593871 -0.0161051 -0.00469045 0.00593871 0.011698 -0.0203103 0.00595741 -0.0161051 -0.0203103 0.0944675 
0.00833951 -0.0164596 -0.00466936 0.00601274 -0.0164596 0.0855365 0.00599264 -0.0162237 -0.00466936 0.00599264 0.0117116 -0.0203356 0.00601274 -0.0162237 -0.0203356 0.0946405 
0.00831339 -0.0164749 -0.00462316 0.00599444 -0.0164749 0.08545 0.00598301 -0.0162773 -0.00462316 0.00598301 0.0117426 -0.0203291 0.00599444 -0.0162773 -0.0203291 0.0946575 
0.00828356 -0.0164518 -0.00457732 0.0059316 -0.0164518 0.0854078 0.00592398 -0.0161829 -0.00457732 0.00592398 0.0117692 -0.0203659 0.0059316 -0.0161829 -0.0203659 0.0947178 
0.00827012 -0.0164256 -0.00458365 0.00587357 -0.0164256 0.0853571 0.00586596 -0.0160416 -0.00458365 0.00586596 0.0117437 -0.0203858 0.00587357 -0.0160416 -0.0203858 0.0947668 
0.00823096 -0.0164078 -0.00459769 0.0058784 -0.0164078 0.0853078 0.0058756 -0.0159928 -0.00459769 0.0058756 0.0117441 -0.0203482 0.0058784 -0.0159928 -0.0203482 0.0947186 
0.00820041 -0.0163384 -0.00457867 0.00589674 -0.0163384 0.0851621 0.0058943 -0.0160123 -0.00457867 0.0058943 0.0117711 -0.0203629 0.00589674 -0.0160123 -0.0203629 0.0947299 
0.00822814 -0.0162621 -0.00453651 0.00586692 -0.0162621 0.0849378 0.00586105 -0.0159608 -0.00453651 0.00586105 0.011806 -0.0204446 0.00586692 -0.0159608 -0.0204446 0.0949306 
0.00825533 -0.0163143 -0.00449555 0.00581572 -0.0163143 0.0849385 0.00581264 -0.0158651 -0.00449555 0.00581264 0.0118153 -0.0204694 0.00581572 -0.0158651 -0.0204694 0.0950326 
0.00827972 -0.016378 -0.00450155 0.00575775 -0.016378 0.0850963 0.00576107 -0.0157316 -0.00450155 0.00576107 0.0118326 -0.0204669 0.00575775 -0.0157316 -0.0204669 0.0950443 
0.00828841 -0.0164484 -0.0045444 0.00577169 -0.0164484 0.0853194 0.00577646 -0.0157099 -0.0045444 0.00577646 0.0118036 -0.0204386 0.00577169 -0.0157099 -0.0204386 0.09493 
0.00831834 -0.0164512 -0.00456643 0.00582281 -0.0164512 0.0854109 0.00582346 -0.0157791 -0.00456643 0.00582346 0.0117593 -0.0204238 0.00582281 -0.0157791 -0.0204238 0.0948921 
0.00833755 -0.0164812 -0.00458559 0.00585399 -0.0164812 0.0854711 0.0058574 -0.0158766 -0.00458559 0.0058574 0.0117365 -0.0203678 0.00585399 -0.0158766 -0.0203678 0.0947907 
0.00831685 -0.0165126 -0.00462471 0.00588255 -0.0165126 0.0855504 0.00588884 -0.0159714 -0.00462471 0.00588884 0.0117128 -0.0203188 0.00588255 -0.0159714 -0.0203188 0.0946349 
0.00830262 -0.016489 -0.00468687 0.00593931 -0.016489 0.0855483 0.00594237 -0.016104 -0.00468687 0.00594237 0.0116658 -0.0202736 0.00593931 -0.016104 -0.0202736 0.0944812 
0.00825167 -0.0164467 -0.00467858 0.00602235 -0.0164467 0.0854416 0.00602192 -0.0162927 -0.00467858 0.00602192 0.0116463 -0.0202255 0.00602235 -0.0162927 -0.0202255 0.0943623 
0.00819939 -0.0163583 -0.00461864 0.00602368 -0.0163583 0.0852241 0.00602027 -0.0163851 -0.00461864 0.00602027 0.0116561 -0.0202092 0.00602368 -0.0163851 -0.0202092 0.0943018 
0.00813746 -0.0162481 -0.00453917 0.0059403 -0.0162481 0.0849093 0.0059355 -0.01626 -0.00453917 0.0059355 0.0117175 -0.0202657 0.0059403 -0.01626 -0.0202657 0.0944294 
0.00810053 -0.016183 -0.00453421 0.0058486 -0.016183 0.0846845 0.00584089 -0.016058 -0.00453421 0.00584089 0.0117468 -0.0203113 0.0058486 -0.016058 -0.0203113 0.0945155 
0.00808252 -0.016149 -0.00455953 0.00584599 -0.016149 0.0845561 0.00583595 -0.0159712 -0.00455953 0.00583595 0.0117388 -0.0203228 0.00584599 -0.0159712 -0.0203228 0.094538 
0.00813796 -0.0161062 -0.00457279 0.00587753 -0.0161062 0.0844244 0.00586739 -0.0159971 -0.00457279 0.00586739 0.0116754 -0.020336 0.00587753 -0.0159971 -0.020336 0.0945948 
0.00814668 -0.0161519 -0.00458479 0.00588524 -0.0161519 0.0844182 0.00588776 -0.0160366 -0.00458479 0.00588776 0.0116816 -0.020284 0.00588524 -0.0160366 -0.020284 0.09457 
0.00815349 -0.016199 -0.00461095 0.00590892 -0.016199 0.084544 0.00591877 -0.0161149 -0.00461095 0.00591877 0.0116775 -0.0202365 0.00590892 -0.0161149 -0.0202365 0.0943912 
0.00818935 -0.0162286 -0.00465665 0.00595481 -0.0162286 0.0846589 0.00595991 -0.0162332 -0.00465665 0.00595991 0.0116202 -0.0201962 0.00595481 -0.0162332 -0.0201962 0.0942106 
0.00822572 -0.0162276 -0.00467751 0.00599602 -0.0162276 0.0846541 0.00599937 -0.016317 -0.00467751 0.00599937 0.0116027 -0.0201941 0.00599602 -0.016317 -0.0201941 0.0942381 
0.00829985 -0.0162656 -0.00470656 0.00601609 -0.0162656 0.0847014 0.00602217 -0.0163819 -0.00470656 0.00602217 0.0115683 -0.0201888 0.00601609 -0.0163819 -0.0201888 0.0942603 
0.00837006 -0.0163654 -0.0047374 0.00604147 -0.0163654 0.0848927 0.00605418 -0.0164413 -0.0047374 0.00605418 0.0115179 -0.0201521 0.00604147 -0.0164413 -0.0201521 0.0942201 
0.0083847 -0.0164748 -0.00474091 0.00607371 -0.0164748 0.0851832 0.0060946 -0.0165184 -0.00474091 0.0060946 0.0115032 -0.020078 0.00607371 -0.0165184 -0.020078 0.0940698 
0.00835488 -0.0165076 -0.00471685 0.00607846 -0.0165076 0.0853749 0.00609882 -0.0165563 -0.00471685 0.00609882 0.011532 -0.0200482 0.00607846 -0.0165563 -0.0200482 0.0939429 
0.0083223 -0.0164786 -0.00471347 0.00605852 -0.0164786 0.0854005 0.00606738 -0.0165309 -0.00471347 0.00606738 0.0115525 -0.0200664 0.00605852 -0.0165309 -0.0200664 0.0939042 
0.00834037 -0.0164187 -0.00473884 0.00605458 -0.0164187 0.0852823 0.00605153 -0.0164869 -0.00473884 0.00605153 0.0115441 -0.0201152 0.00605458 -0.0164869 -0.0201152 0.0940088 
0.00831744 -0.0164549 -0.00476809 0.0060975 -0.0164549 0.0852907 0.00609235 -0.0165583 -0.00476809 0.00609235 0.0115329 -0.0200729 0.0060975 -0.0165583 -0.0200729 0.0939448 
0.00825538 -0.0164166 -0.00472229 0.00613553 -0.0164166 0.0852431 0.00613022 -0.0166549 -0.00472229 0.00613022 0.0115648 -0.0200715 0.00613553 -0.0166549 -0.0200715 0.0939212 
0.00822263 -0.0163237 -0.00469908 0.00608702 -0.0163237 0.0850484 0.00607581 -0.0166201 -0.00469908 0.00607581 0.0115702 -0.0201214 0.00608702 -0.0166201 -0.0201214 0.0940084 
0.00824202 -0.0162757 -0.00469478 0.00605707 -0.0162757 0.0848709 0.0060469 -0.0165446 -0.00469478 0.0060469 0.0115463 -0.0201217 0.00605707 -0.0165446 -0.0201217 0.0940452 
0.00823842 -0.0162937 -0.00462572 0.00604797 -0.0162937 0.0848231 0.006046 -0.0165101 -0.00462572 0.006046 0.0115367 -0.0200867 0.00604797 -0.0165101 -0.0200867 0.0939924 
0.00821604 -0.0163061 -0.00457589 0.00596753 -0.0163061 0.0848534 0.00597236 -0.0163958 -0.00457589 0.00597236 0.0115357 -0.0200481 0.00596753 -0.0163958 -0.0200481 0.0938667 
0.0082098 -0.0162804 -0.00457228 0.00590142 -0.0162804 0.0848304 0.00590656 -0.0162244 -0.00457228 0.00590656 0.0115207 -0.0200386 0.00590142 -0.0162244 -0.0200386 0.0937899 
0.00817404 -0.0162598 -0.00458635 0.00589496 -0.0162598 0.0847704 0.00589794 -0.0161377 -0.00458635 0.00589794 0.0115281 -0.0200262 0.00589496 -0.0161377 -0.0200262 0.0937505 
0.00819845 -0.0162101 -0.00464779 0.00592098 -0.0162101 0.0846634 0.0059202 -0.0161604 -0.00464779 0.0059202 0.0114817 -0.0200302 0.00592098 -0.0161604 -0.0200302 0.0937302 
0.00822066 -0.01622 -0.00466604 0.00599993 -0.01622 0.0846049 0.00600062 -0.0163049 -0.00466604 0.00600062 0.0114601 -0.0199844 0.00599993 -0.0163049 -0.0199844 0.093669 
0.00825482 -0.016227 -0.00467902 0.00602148 -0.016227 0.0845782 0.0060249 -0.0164105 -0.00467902 0.0060249 0.0114442 -0.0199849 0.00602148 -0.0164105 -0.0199849 0.0936717 
0.00828728 -0.0162936 -0.00471684 0.00604144 -0.0162936 0.0846972 0.00604882 -0.0164917 -0.00471684 0.00604882 0.0114025 -0.0199324 0.00604144 -0.0164917 -0.0199324 0.0935506 
0.00825372 -0.0163522 -0.00469594 0.00609058 -0.0163522 0.0848678 0.0061009 -0.0166057 -0.00469594 0.0061009 0.0114065 -0.0198565 0.00609058 -0.0166057 -0.0198565 0.0933482 
0.0082028 -0.0163026 -0.00465741 0.00607149 -0.0163026 0.0848497 0.00607447 -0.0166221 -0.00465741 0.00607447 0.0114272 -0.0198683 0.00607149 -0.0166221 -0.0198683 0.0932929 
0.00819427 -0.0162263 -0.00462777 0.00603063 -0.0162263 0.0846867 0.0060227 -0.0165448 -0.00462777 0.0060227 0.0114024 -0.0198964 0.00603063 -0.0165448 -0.0198964 0.093332 
0.00823078 -0.0161844 -0.004655 0.00598578 -0.0161844 0.0845131 0.0059793 -0.0164263 -0.004655 0.0059793 0.0113416 -0.0198948 0.00598578 -0.0164263 -0.0198948 0.0933903 
0.00826834 -0.0162362 -0.0046826 0.00601523 -0.0162362 0.0845357 0.00602286 -0.0164433 -0.0046826 0.00602286 0.0112696 -0.0197936 0.00601523 -0.0164433 -0.0197936 0.0932124 
0.00830046 -0.0162633 -0.00471697 0.0060446 -0.0162633 0.0845869 0.00606419 -0.0165173 -0.00471697 0.00606419 0.0112265 -0.0197178 0.0060446 -0.0165173 -0.0197178 0.0930246 
0.00831033 -0.0162941 -0.00472516 0.00608676 -0.0162941 0.0846431 0.00611024 -0.0166208 -0.00472516 0.00611024 0.0112279 -0.0196659 0.00608676 -0.0166208 -0.0196659 0.0928649 
0.00827797 -0.016322 -0.00471194 0.00610854 -0.016322 0.0847239 0.00612695 -0.0167093 -0.00471194 0.00612695 0.0112604 -0.0196393 0.00610854 -0.0167093 -0.0196393 0.0927226 
0.00825 -0.0162722 -0.00471019 0.00609649 -0.0162722 0.0846677 0.00610047 -0.0167053 -0.00471019 0.00610047 0.0112952 -0.0196979 0.00609649 -0.0167053 -0.0196979 0.092788 
0.00825264 -0.0162464 -0.00476405 0.00610362 -0.0162464 0.0845989 0.00609483 -0.0167026 -0.00476405 0.00609483 0.0112916 -0.0197269 0.00610362 -0.0167026 -0.0197269 0.0928554 
0.00824667 -0.0162292 -0.00479022 0.00616612 -0.0162292 0.0845226 0.00615413 -0.0167869 -0.00479022 0.00615413 0.0113037 -0.0197541 0.00616612 -0.0167869 -0.0197541 0.0929675 
0.0082345 -0.016222 -0.00477107 0.00620465 -0.016222 0.0844851 0.00619321 -0.0169043 -0.00477107 0.00619321 0.0113316 -0.0197716 0.00620465 -0.0169043 -0.0197716 0.0930396 
0.00817769 -0.0162201 -0.00472719 0.00618748 -0.0162201 0.0844794 0.00617542 -0.0169314 -0.00472719 0.00617542 0.0113982 -0.0197907 0.00618748 -0.0169314 -0.0197907 0.093079 
0.00815654 -0.0161431 -0.0047004 0.00612798 -0.0161431 0.0843524 0.00610877 -0.0168209 -0.0047004 0.00610877 0.0114416 -0.0198923 0.00612798 -0.0168209 -0.0198923 0.0932826 
0.00814346 -0.0161103 -0.00468461 0.00608796 -0.0161103 0.0842294 0.00606485 -0.016688 -0.00468461 0.00606485 0.0114796 -0.0199651 0.00608796 -0.016688 -0.0199651 0.0935195 
0.00812817 -0.0160982 -0.00467013 0.0060609 -0.0160982 0.0841735 0.00604049 -0.0165872 -0.00467013 0.00604049 0.011507 -0.0200248 0.0060609 -0.0165872 -0.0200248 0.0937213 
