0.0110338 0 0.000486265 0 0 0.01 0 0 0.000486265 0 0.00320491 0 0 0 0 0.01 
0.0154946 -0.0191725 0.000338386 -0.000402215 -0.0191725 0.0459357 -0.000402215 0.000771132 0.000338386 -0.000402215 0.00462338 -0.00580695 -0.000402215 0.000771132 -0.00580695 0.0203076 
0.015076 -0.027184 0.000218102 -0.000199881 -0.027184 0.0959045 -0.000199881 0.000526895 0.000218102 -0.000199881 0.00511632 -0.0105048 -0.000199881 0.000526895 -0.0105048 0.0428888 
0.0139688 -0.0249286 0.000342781 -9.08251e-05 -0.0249286 0.106092 -9.02966e-05 -0.000348939 0.000342781 -9.02966e-05 0.00520122 -0.0123197 -9.08251e-05 -0.000348939 -0.0123197 0.0609261 
0.0139775 -0.0235227 0.000534639 -0.000243583 -0.0235227 0.104619 -0.00024256 -0.000497754 0.000534639 -0.00024256 0.00523804 -0.0126305 -0.000243583 -0.000497754 -0.0126305 0.0698825 
0.014298 -0.0235517 0.000551195 -0.000469245 -0.0235517 0.104031 -0.000467289 5.59316e-05 0.000551195 -0.000467289 0.00528648 -0.0125415 -0.000469245 5.59316e-05 -0.0125415 0.0729782 
0.0145505 -0.0238943 0.000437793 -0.000446837 -0.0238943 0.104565 -0.00045499 0.000364471 0.000437793 -0.00045499 0.0052676 -0.012464 -0.000446837 0.000364471 -0.012464 0.0737713 
0.0146387 -0.0241549 0.000434699 -0.000309448 -0.0241549 0.105223 -0.000330557 0.000298486 0.000434699 -0.000330557 0.00530673 -0.0123817 -0.000309448 0.000298486 -0.0123817 0.0738596 
0.0146419 -0.0242313 0.000431997 -0.000246795 -0.0242313 0.105552 -0.0002603 6.0287e-05 0.000431997 -0.0002603 0.00532704 -0.0123924 -0.000246795 6.0287e-05 -0.0123924 0.0738232 
0.0146395 -0.0242327 0.00036749 -0.000254398 -0.0242327 0.105645 -0.000249617 -2.68416e-05 0.00036749 -0.000249617 0.00536072 -0.0124153 -0.000254398 -2.68416e-05 -0.0124153 0.0738544 
0.0146689 -0.0242351 0.000312102 -0.000207023 -0.0242351 0.105675 -0.000200423 -8.98344e-05 0.000312102 -0.000200423 0.00534045 -0.0124692 -0.000207023 -8.98344e-05 -0.0124692 0.0739679 
0.014726 -0.024277 0.000299937 -0.000161858 -0.024277 0.105757 -0.000163209 -0.000161181 0.000299937 -0.000163209 0.00530105 -0.012468 -0.000161858 -0.000161181 -0.012468 0.0740592 
0.0147707 -0.0243464 0.000285748 -0.00012759 -0.0243464 0.105903 -0.000131201 -0.000272478 0.000285748 -0.000131201 0.00525907 -0.0124203 -0.00012759 -0.000272478 -0.0124203 0.0740114 
0.0147925 -0.0244056 0.000275365 -0.000109102 -0.0244056 0.106066 -0.000107241 -0.000349742 0.000275365 -0.000107241 0.00524021 -0.0123643 -0.000109102 -0.000349742 -0.0123643 0.0738878 
0.0147982 -0.0244308 0.00021926 -7.33302e-05 -0.0244308 0.106168 -6.86718e-05 -0.000463053 0.00021926 -6.86718e-05 0.00520715 -0.0123271 -7.33302e-05 -0.000463053 -0.0123271 0.0737478 
0.0148134 -0.0244373 0.000185409 -6.76011e-06 -0.0244373 0.106214 -6.17518e-06 -0.000599167 0.000185409 -6.17518e-06 0.00514354 -0.0122834 -6.76011e-06 -0.000599167 -0.0122834 0.0736222 
0.0148378 -0.0244521 0.000145764 3.74448e-05 -0.0244521 0.106248 3.41065e-05 -0.000729164 0.000145764 3.41065e-05 0.00505828 -0.0121955 3.74448e-05 -0.000729164 -0.0121955 0.0734243 
0.014871 -0.0244929 0.000136797 3.10946e-05 -0.0244929 0.10634 2.76236e-05 -0.000698391 0.000136797 2.76236e-05 0.00501765 -0.0120858 3.10946e-05 -0.000698391 -0.0120858 0.0731796 
0.0148686 -0.0245383 0.000169623 2.57988e-05 -0.0245383 0.106458 2.20657e-05 -0.000653246 0.000169623 2.20657e-05 0.00505091 -0.0120223 2.57988e-05 -0.000653246 -0.0120223 0.072959 
0.0148628 -0.0245407 0.000229049 -2.41872e-05 -0.0245407 0.106518 -2.43989e-05 -0.000549428 0.000229049 -2.43989e-05 0.00512166 -0.0120658 -2.41872e-05 -0.000549428 -0.0120658 0.0729439 
0.0148533 -0.0245169 0.000187881 -2.91539e-05 -0.0245169 0.106474 -2.31721e-05 -0.000584992 0.000187881 -2.31721e-05 0.00513262 -0.0121506 -2.91539e-05 -0.000584992 -0.0121506 0.0730588 
0.0148361 -0.0245072 0.000143469 5.01413e-06 -0.0245072 0.106442 9.0139e-06 -0.000626254 0.000143469 9.0139e-06 0.00515891 -0.012185 5.01413e-06 -0.000626254 -0.012185 0.0732081 
0.0148262 -0.0244864 0.000129873 6.06147e-05 -0.0244864 0.1064 5.57585e-05 -0.000727886 0.000129873 5.57585e-05 0.00518125 -0.012225 6.06147e-05 -0.000727886 -0.012225 0.0733392 
0.0148317 -0.0244657 3.93454e-05 0.000108508 -0.0244657 0.106336 9.78009e-05 -0.000880918 3.93454e-05 9.78009e-05 0.00515207 -0.0122538 0.000108508 -0.000880918 -0.0122538 0.0734303 
0.0148109 -0.0244678 -7.88081e-06 0.000225279 -0.0244678 0.106308 0.000207799 -0.00111849 -7.88081e-06 0.000207799 0.00513099 -0.0122212 0.000225279 -0.00111849 -0.0122212 0.0734196 
0.0148126 -0.0244467 6.32234e-06 0.000267781 -0.0244467 0.106275 0.000246389 -0.00126852 6.32234e-06 0.000246389 0.00509693 -0.0121922 0.000267781 -0.00126852 -0.0121922 0.0733673 
0.0148177 -0.0244445 3.16188e-05 0.000249866 -0.0244445 0.106245 0.000235908 -0.0013028 3.16188e-05 0.000235908 0.00507019 -0.0121391 0.000249866 -0.0013028 -0.0121391 0.0732497 
0.0148455 -0.02445 1.41036e-05 0.000215654 -0.02445 0.106243 0.000215017 -0.00126416 1.41036e-05 0.000215017 0.00500968 -0.0120884 0.000215654 -0.00126416 -0.0120884 0.0730927 
0.0148669 -0.0244929 9.15506e-06 0.000198828 -0.0244929 0.106324 0.000204461 -0.00117691 9.15506e-06 0.000204461 0.00498497 -0.012009 0.000198828 -0.00117691 -0.012009 0.0729067 
0.0148834 -0.0245231 -3.45364e-05 0.00020757 -0.0245231 0.106413 0.000213986 -0.0011671 -3.45364e-05 0.000213986 0.00497314 -0.0119643 0.00020757 -0.0011671 -0.0119643 0.0727336 
0.0148661 -0.0245387 -8.93128e-06 0.00028585 -0.0245387 0.106467 0.000286762 -0.00130844 -8.93128e-06 0.000286762 0.00496234 -0.0119425 0.00028585 -0.00130844 -0.0119425 0.0726156 
0.0148276 -0.0245259 1.53982e-05 0.000226912 -0.0245259 0.10648 0.000229997 -0.0012534 1.53982e-05 0.000229997 0.00500586 -0.0119348 0.000226912 -0.0012534 -0.0119348 0.0725841 
0.0148033 -0.0244735 5.32176e-05 0.000203441 -0.0244735 0.10639 0.000206913 -0.00118189 5.32176e-05 0.000206913 0.00503471 -0.0119843 0.000203441 -0.00118189 -0.0119843 0.0726377 
0.0148163 -0.0244395 3.84342e-05 0.000153187 -0.0244395 0.106288 0.000158564 -0.0010757 3.84342e-05 0.000158564 0.00502871 -0.0120274 0.000153187 -0.0010757 -0.0120274 0.0727498 
0.014841 -0.0244396 -3.36484e-05 0.000229459 -0.0244396 0.106226 0.00023258 -0.00121627 -3.36484e-05 0.00023258 0.00492802 -0.0120082 0.000229459 -0.00121627 -0.0120082 0.0727339 
0.0148543 -0.0244784 -0.000109231 0.000294122 -0.0244784 0.106281 0.000293419 -0.00135316 -0.000109231 0.000293419 0.00484571 -0.0118784 0.000294122 -0.00135316 -0.0118784 0.0725231 
0.0148137 -0.0245047 -0.000103601 0.00035154 -0.0245047 0.106368 0.000342785 -0.00144824 -0.000103601 0.000342785 0.00486025 -0.0117549 0.00035154 -0.00144824 -0.0117549 0.0722064 
0.0147933 -0.024448 -0.000129617 0.000374382 -0.024448 0.106304 0.000361394 -0.00155376 -0.000129617 0.000361394 0.0048491 -0.0117451 0.000374382 -0.00155376 -0.0117451 0.0720067 
0.0147833 -0.0244162 -0.000144443 0.00039183 -0.0244162 0.106203 0.000377868 -0.00159617 -0.000144443 0.000377868 0.00484931 -0.011728 0.00039183 -0.00159617 -0.011728 0.0719214 
0.0148148 -0.0244069 -0.000141584 0.000385083 -0.0244069 0.106153 0.00037185 -0.00157359 -0.000141584 0.00037185 0.0048323 -0.0117272 0.000385083 -0.00157359 -0.0117272 0.0718915 
0.0148674 -0.0244566 -0.000146531 0.000336258 -0.0244566 0.106227 0.000328335 -0.00143903 -0.000146531 0.000328335 0.00486537 -0.0117168 0.000336258 -0.00143903 -0.0117168 0.0718912 
0.0148599 -0.0245094 -0.000171786 0.000408807 -0.0245094 0.106331 0.000404313 -0.00158358 -0.000171786 0.000404313 0.00488461 -0.0117568 0.000408807 -0.00158358 -0.0117568 0.0719231 
0.014874 -0.0245207 -0.000169484 0.000394295 -0.0245207 0.106426 0.000390039 -0.00157219 -0.000169484 0.000390039 0.00492052 -0.0118097 0.000394295 -0.00157219 -0.0118097 0.0720892 
0.0148861 -0.0245291 -0.000184616 0.000417822 -0.0245291 0.106455 0.000412682 -0.00163014 -0.000184616 0.000412682 0.00492846 -0.0118673 0.000417822 -0.00163014 -0.0118673 0.0722611 
0.014901 -0.0245445 -0.000179852 0.000435631 -0.0245445 0.106492 0.000430193 -0.00168046 -0.000179852 0.000430193 0.00493613 -0.0118938 0.000435631 -0.00168046 -0.0118938 0.0723992 
0.0149329 -0.0245606 -0.000178244 0.000442503 -0.0245606 0.10653 0.000439665 -0.00173198 -0.000178244 0.000439665 0.00489335 -0.0119072 0.000442503 -0.00173198 -0.0119072 0.0724735 
0.0149841 -0.0246175 -0.000114673 0.000380411 -0.0246175 0.106658 0.000382525 -0.001584 -0.000114673 0.000382525 0.00489213 -0.0118709 0.000380411 -0.001584 -0.0118709 0.0724877 
0.0149995 -0.0246702 -6.92579e-05 0.000354794 -0.0246702 0.10678 0.000366109 -0.00155999 -6.92579e-05 0.000366109 0.00487704 -0.0118531 0.000354794 -0.00155999 -0.0118531 0.0724099 
0.0150046 -0.0247033 2.23614e-05 0.00026232 -0.0247033 0.106907 0.000283929 -0.0013692 2.23614e-05 0.000283929 0.00489957 -0.0118437 0.00026232 -0.0013692 -0.0118437 0.0723879 
0.0150042 -0.0247106 5.82062e-05 0.000152575 -0.0247106 0.106966 0.000181531 -0.00112682 5.82062e-05 0.000181531 0.00493264 -0.0118704 0.000152575 -0.00112682 -0.0118704 0.0724133 
0.0150056 -0.0247074 4.45036e-05 0.000117848 -0.0247074 0.106979 0.000145204 -0.00097599 4.45036e-05 0.000145204 0.00493608 -0.0119145 0.000117848 -0.00097599 -0.0119145 0.0724954 
0.015005 -0.0247064 1.22436e-05 0.000151664 -0.0247064 0.106977 0.000167825 -0.000982835 1.22436e-05 0.000167825 0.00491852 -0.0119253 0.000151664 -0.000982835 -0.0119253 0.0725547 
0.0149691 -0.0247018 -3.61828e-06 0.000208611 -0.0247018 0.106966 0.000211112 -0.00109062 -3.61828e-06 0.000211112 0.00493931 -0.0119002 0.000208611 -0.00109062 -0.0119002 0.0725313 
0.0149364 -0.0246597 -9.37222e-07 0.00022371 -0.0246597 0.106898 0.000217152 -0.00114421 -9.37222e-07 0.000217152 0.00499081 -0.0119238 0.00022371 -0.00114421 -0.0119238 0.0725507 
0.0149238 -0.0246116 -4.97445e-05 0.000234351 -0.0246116 0.106776 0.000223644 -0.00118993 -4.97445e-05 0.000223644 0.00503617 -0.0119894 0.000234351 -0.00118993 -0.0119894 0.0726618 
0.0149472 -0.0245937 -9.58445e-05 0.000288653 -0.0245937 0.106692 0.000273146 -0.00127782 -9.58445e-05 0.000273146 0.00502749 -0.0120622 0.000288653 -0.00127782 -0.0120622 0.0728532 
0.0150111 -0.0246221 -0.000187523 0.000346543 -0.0246221 0.106707 0.000328625 -0.00141221 -0.000187523 0.000328625 0.00498652 -0.0120687 0.000346543 -0.00141221 -0.0120687 0.0729744 
0.0150683 -0.0247124 -0.00019297 0.000424715 -0.0247124 0.106879 0.000405102 -0.00154485 -0.00019297 0.000405102 0.0049854 -0.0120358 0.000424715 -0.00154485 -0.0120358 0.0729965 
0.0150844 -0.0247917 -0.00011065 0.000434081 -0.0247917 0.107094 0.00042191 -0.00163464 -0.00011065 0.00042191 0.00502805 -0.0120419 0.000434081 -0.00163464 -0.0120419 0.0730149 
0.0150931 -0.0248079 -0.000107935 0.000361878 -0.0248079 0.107201 0.000367802 -0.00160932 -0.000107935 0.000367802 0.00501081 -0.0120955 0.000361878 -0.00160932 -0.0120955 0.0730994 
0.0151161 -0.0248225 -9.94425e-05 0.000334396 -0.0248225 0.107264 0.000347541 -0.00150878 -9.94425e-05 0.000347541 0.00501025 -0.0120887 0.000334396 -0.00150878 -0.0120887 0.0731637 
0.0151335 -0.0248435 -0.000137144 0.000354889 -0.0248435 0.107309 0.000367949 -0.00154578 -0.000137144 0.000367949 0.00495267 -0.0120748 0.000354889 -0.00154578 -0.0120748 0.0731251 
0.0151534 -0.0248672 -0.00022484 0.000396993 -0.0248672 0.107371 0.000405541 -0.00162141 -0.00022484 0.000405541 0.00490117 -0.0120006 0.000396993 -0.00162141 -0.0120006 0.0729909 
0.0151736 -0.0248903 -0.000323553 0.00051199 -0.0248903 0.107432 0.000509785 -0.00182686 -0.000323553 0.000509785 0.0048355 -0.0119219 0.00051199 -0.00182686 -0.0119219 0.0727774 
0.015168 -0.024916 -0.000351344 0.000629724 -0.024916 0.107498 0.000614687 -0.00208513 -0.000351344 0.000614687 0.00480865 -0.011832 0.000629724 -0.00208513 -0.011832 0.072542 
0.0151808 -0.0249097 -0.000398739 0.000662548 -0.0249097 0.107516 0.000645568 -0.0022402 -0.000398739 0.000645568 0.00477633 -0.0117874 0.000662548 -0.0022402 -0.0117874 0.0723604 
0.015186 -0.0249207 -0.000386059 0.000720621 -0.0249207 0.107526 0.000704455 -0.00237938 -0.000386059 0.000704455 0.00475734 -0.0117389 0.000720621 -0.00237938 -0.0117389 0.0722055 
0.0152073 -0.0249259 -0.000393086 0.000710011 -0.0249259 0.10754 0.000701811 -0.00243836 -0.000393086 0.000701811 0.00470986 -0.0117048 0.000710011 -0.00243836 -0.0117048 0.0720736 
0.0152273 -0.0249563 -0.000415366 0.000696015 -0.0249563 0.107597 0.000696944 -0.00241261 -0.000415366 0.000696944 0.00468299 -0.0116435 0.000696015 -0.00241261 -0.0116435 0.0719287 
0.015231 -0.0249908 -0.000381014 0.000694781 -0.0249908 0.107692 0.000698071 -0.00236466 -0.000381014 0.000698071 0.00470772 -0.0116079 0.000694781 -0.00236466 -0.0116079 0.0718146 
0.015216 -0.0249986 -0.000349491 0.000648678 -0.0249986 0.107749 0.000653999 -0.00227665 -0.000349491 0.000653999 0.00478068 -0.0116419 0.000648678 -0.00227665 -0.0116419 0.071827 
0.0151954 -0.0249654 -0.000415083 0.000665361 -0.0249654 0.107696 0.000670896 -0.00232649 -0.000415083 0.000670896 0.00479957 -0.0117272 0.000665361 -0.00232649 -0.0117272 0.071947 
0.0152121 -0.0249453 -0.000465363 0.000716628 -0.0249453 0.107644 0.00071424 -0.00238068 -0.000465363 0.00071424 0.00479465 -0.0117804 0.000716628 -0.00238068 -0.0117804 0.0721488 
0.0152446 -0.0249664 -0.000485393 0.000771711 -0.0249664 0.107657 0.000760298 -0.0024807 -0.000485393 0.000760298 0.00477346 -0.0117906 0.000771711 -0.0024807 -0.0117906 0.072272 
0.0152744 -0.0250088 -0.000529063 0.000800301 -0.0250088 0.107737 0.00079007 -0.00257727 -0.000529063 0.00079007 0.00476322 -0.0117675 0.000800301 -0.00257727 -0.0117675 0.0722827 
0.0152872 -0.0250433 -0.000583167 0.000869454 -0.0250433 0.107826 0.000861495 -0.00274112 -0.000583167 0.000861495 0.00471494 -0.0117478 0.000869454 -0.00274112 -0.0117478 0.072231 
0.0153001 -0.0250606 -0.000633134 0.000937145 -0.0250606 0.107892 0.000928822 -0.00291503 -0.000633134 0.000928822 0.00466947 -0.0116854 0.000937145 -0.00291503 -0.0116854 0.072113 
0.0153075 -0.0250743 -0.000674235 0.00100098 -0.0250743 0.107934 0.000991771 -0.00308707 -0.000674235 0.000991771 0.00464425 -0.0116131 0.00100098 -0.00308707 -0.0116131 0.071924 
0.015314 -0.0250851 -0.000660278 0.00104528 -0.0250851 0.107969 0.00103618 -0.00321639 -0.000660278 0.00103618 0.00461388 -0.0115704 0.00104528 -0.00321639 -0.0115704 0.0717623 
0.0153173 -0.0250955 -0.000654895 0.00101905 -0.0250955 0.108 0.00101604 -0.00322151 -0.000654895 0.00101604 0.00460977 -0.0115285 0.00101905 -0.00322151 -0.0115285 0.071632 
0.0152928 -0.0251044 -0.000584619 0.000990377 -0.0251044 0.108033 0.000991739 -0.00314428 -0.000584619 0.000991739 0.00464858 -0.0115225 0.000990377 -0.00314428 -0.0115225 0.0715727 
0.0152845 -0.0250788 -0.000536265 0.000889248 -0.0250788 0.108014 0.000896304 -0.00294593 -0.000536265 0.000896304 0.00469454 -0.0115784 0.000889248 -0.00294593 -0.0115784 0.071656 
0.0152898 -0.025068 -0.000499803 0.000818513 -0.025068 0.107981 0.000826984 -0.00272986 -0.000499803 0.000826984 0.004741 -0.0116524 0.000818513 -0.00272986 -0.0116524 0.0718426 
0.0152985 -0.0250712 -0.000470442 0.000784514 -0.0250712 0.10797 0.000791658 -0.00260768 -0.000470442 0.000791658 0.00478128 -0.0117247 0.000784514 -0.00260768 -0.0117247 0.0720515 
0.015307 -0.0250771 -0.000482943 0.000774711 -0.0250771 0.107971 0.00078186 -0.00258186 -0.000482943 0.00078186 0.00476075 -0.0117818 0.000774711 -0.00258186 -0.0117818 0.0722273 
0.0152883 -0.0250901 -0.000456787 0.000788153 -0.0250901 0.107996 0.000793309 -0.00258902 -0.000456787 0.000793309 0.00477044 -0.0117657 0.000788153 -0.00258902 -0.0117657 0.0722889 
0.0152695 -0.0250671 -0.000432401 0.00076429 -0.0250671 0.107973 0.000768366 -0.00256956 -0.000432401 0.000768366 0.00478184 -0.0117687 0.00076429 -0.00256956 -0.0117687 0.0722888 
0.0152713 -0.0250426 -0.000414831 0.000729625 -0.0250426 0.107918 0.000732783 -0.0024934 -0.000414831 0.000732783 0.00480137 -0.0117812 0.000729625 -0.0024934 -0.0117812 0.0723084 
0.0152825 -0.0250316 -0.000451563 0.000746611 -0.0250316 0.107858 0.000749694 -0.00253678 -0.000451563 0.000749694 0.00475507 -0.0117903 0.000746611 -0.00253678 -0.0117903 0.0722921 
0.0152963 -0.0250502 -0.00049805 0.000777956 -0.0250502 0.107872 0.000780583 -0.00259081 -0.00049805 0.000780583 0.00470964 -0.0117361 0.000777956 -0.00259081 -0.0117361 0.0722121 
0.0153096 -0.0250821 -0.000538742 0.000789614 -0.0250821 0.107953 0.000788822 -0.00257333 -0.000538742 0.000788822 0.00475573 -0.0116849 0.000789614 -0.00257333 -0.0116849 0.0721157 
0.0153224 -0.0251002 -0.00053848 0.000841762 -0.0251002 0.108018 0.000834217 -0.00264287 -0.00053848 0.000834217 0.00480345 -0.0117426 0.000841762 -0.00264287 -0.0117426 0.0721571 
0.0153218 -0.0251196 -0.000504801 0.000834004 -0.0251196 0.108078 0.000825547 -0.00265539 -0.000504801 0.000825547 0.00490842 -0.0118329 0.000834004 -0.00265539 -0.0118329 0.0723808 
0.015325 -0.025112 -0.000490407 0.000821149 -0.025112 0.108079 0.000817056 -0.002672 -0.000490407 0.000817056 0.00494774 -0.0119812 0.000821149 -0.002672 -0.0119812 0.072722 
0.0153371 -0.0251085 -0.000520293 0.000820782 -0.0251085 0.108063 0.000821478 -0.00270091 -0.000520293 0.000821478 0.00491954 -0.0120524 0.000820782 -0.00270091 -0.0120524 0.0730124 
0.0153432 -0.0251244 -0.000538898 0.000855601 -0.0251244 0.108084 0.00085666 -0.00276374 -0.000538898 0.00085666 0.00487507 -0.0120227 0.000855601 -0.00276374 -0.0120227 0.0730873 
0.0153466 -0.0251348 -0.000578034 0.000875704 -0.0251348 0.108116 0.000876539 -0.00282193 -0.000578034 0.000876539 0.00486146 -0.0119572 0.000875704 -0.00282193 -0.0119572 0.072984 
0.0153544 -0.0251434 -0.000550302 0.000908825 -0.0251434 0.108146 0.000906344 -0.00287296 -0.000550302 0.000906344 0.00486154 -0.011933 0.000908825 -0.00287296 -0.011933 0.0728856 
0.0153639 -0.0251496 -0.000549154 0.000886304 -0.0251496 0.108163 0.000887225 -0.00288173 -0.000549154 0.000887225 0.004819 -0.011928 0.000886304 -0.00288173 -0.011928 0.0728295 
0.0153624 -0.025166 -0.000529368 0.000864171 -0.025166 0.108202 0.000868611 -0.00281839 -0.000529368 0.000868611 0.00480756 -0.01188 0.000864171 -0.00281839 -0.01188 0.0727533 
0.015366 -0.0251663 -0.00053882 0.000835907 -0.0251663 0.108224 0.000841797 -0.00274511 -0.00053882 0.000841797 0.00480924 -0.011856 0.000835907 -0.00274511 -0.011856 0.0726662 
0.0153778 -0.0251726 -0.000566836 0.000839624 -0.0251726 0.10824 0.000842356 -0.0027046 -0.000566836 0.000842356 0.00485209 -0.0118601 0.000839624 -0.0027046 -0.0118601 0.0726419 
0.0153844 -0.0251833 -0.000610925 0.000888908 -0.0251833 0.108259 0.000886636 -0.00278391 -0.000610925 0.000886636 0.00488728 -0.0119151 0.000888908 -0.00278391 -0.0119151 0.0727152 
0.0153903 -0.0251891 -0.000643327 0.000955959 -0.0251891 0.108276 0.000948386 -0.00293591 -0.000643327 0.000948386 0.00491023 -0.0119731 0.000955959 -0.00293591 -0.0119731 0.0728626 
0.0154181 -0.0252013 -0.000617711 0.000982011 -0.0252013 0.108307 0.000972424 -0.00302194 -0.000617711 0.000972424 0.00488678 -0.0120252 0.000982011 -0.00302194 -0.0120252 0.0730463 
0.0154471 -0.0252355 -0.000626444 0.000950961 -0.0252355 0.108372 0.000949472 -0.00301565 -0.000626444 0.000949472 0.00484266 -0.0120047 0.000950961 -0.00301565 -0.0120047 0.0731013 
0.0154658 -0.0252771 -0.000632869 0.000945464 -0.0252771 0.108474 0.000950102 -0.0029799 -0.000632869 0.000950102 0.00481245 -0.0119463 0.000945464 -0.0029799 -0.0119463 0.07302 
0.0154742 -0.0252972 -0.000630025 0.000968227 -0.0252972 0.108548 0.000974301 -0.00302444 -0.000630025 0.000974301 0.00477511 -0.0118877 0.000968227 -0.00302444 -0.0118877 0.0728482 
0.0154773 -0.0253134 -0.000621095 0.000947495 -0.0253134 0.108607 0.000954092 -0.00299128 -0.000621095 0.000954092 0.00480953 -0.0118399 0.000947495 -0.00299128 -0.0118399 0.0727076 
0.0154821 -0.0253159 -0.000621879 0.000942089 -0.0253159 0.10863 0.0009476 -0.00297016 -0.000621879 0.0009476 0.00485751 -0.0118743 0.000942089 -0.00297016 -0.0118743 0.0726812 
0.0154834 -0.0253116 -0.000678112 0.000974228 -0.0253116 0.108619 0.000977939 -0.00304866 -0.000678112 0.000977939 0.00483734 -0.0119308 0.000974228 -0.00304866 -0.0119308 0.0727512 
0.0154768 -0.025309 -0.000767259 0.00106143 -0.025309 0.108604 0.00106071 -0.00323622 -0.000767259 0.00106071 0.00476361 -0.0119063 0.00106143 -0.00323622 -0.0119063 0.0727457 
0.0154615 -0.025297 -0.000820433 0.00118476 -0.025297 0.108576 0.00117558 -0.00351668 -0.000820433 0.00117558 0.00464172 -0.0117983 0.00118476 -0.00351668 -0.0117983 0.0725413 
0.0154402 -0.0252827 -0.000806542 0.00123176 -0.0252827 0.108546 0.00121876 -0.00368185 -0.000806542 0.00121876 0.00458315 -0.0116283 0.00123176 -0.00368185 -0.0116283 0.0721713 
0.0154306 -0.0252568 -0.000834115 0.00120655 -0.0252568 0.108492 0.00119715 -0.00369446 -0.000834115 0.00119715 0.00452408 -0.0115186 0.00120655 -0.00369446 -0.0115186 0.0717873 
0.0154216 -0.0252468 -0.000822965 0.00121486 -0.0252468 0.108456 0.00120693 -0.00367016 -0.000822965 0.00120693 0.00452403 -0.0114288 0.00121486 -0.00367016 -0.0114288 0.0714878 
0.015434 -0.0252397 -0.000820689 0.00119011 -0.0252397 0.108436 0.00118325 -0.00361637 -0.000820689 0.00118325 0.00454111 -0.0114197 0.00119011 -0.00361637 -0.0114197 0.071344 
0.0153918 -0.0252432 -0.000824006 0.00122207 -0.0252432 0.108416 0.00121794 -0.00369028 -0.000824006 0.00121794 0.00457427 -0.0114287 0.00122207 -0.00369028 -0.0114287 0.0712762 
0.0153643 -0.0251965 -0.000800089 0.00122083 -0.0251965 0.108346 0.00121557 -0.00371116 -0.000800089 0.00121557 0.0045991 -0.0114779 0.00122083 -0.00371116 -0.0114779 0.0713509 
0.0153342 -0.0251591 -0.000721701 0.00118536 -0.0251591 0.108247 0.00118045 -0.00365464 -0.000721701 0.00118045 0.0046365 -0.0115196 0.00118536 -0.00365464 -0.0115196 0.071477 
0.0153092 -0.025119 -0.000657881 0.00109106 -0.025119 0.10814 0.00109229 -0.00349218 -0.000657881 0.00109229 0.00467511 -0.0115693 0.00109106 -0.00349218 -0.0115693 0.0716099 
0.0153031 -0.0250872 -0.000662425 0.00100397 -0.0250872 0.108045 0.00101187 -0.0032798 -0.000662425 0.00101187 0.00467551 -0.0116234 0.00100397 -0.0032798 -0.0116234 0.0717593 
0.0153155 -0.0250842 -0.000697056 0.000990988 -0.0250842 0.108009 0.0009961 -0.00314581 -0.000697056 0.0009961 0.00468627 -0.0116366 0.000990988 -0.00314581 -0.0116366 0.0718695 
0.0153307 -0.0250973 -0.000701684 0.00104576 -0.0250973 0.108018 0.00104316 -0.00319672 -0.000701684 0.00104316 0.0046867 -0.0116494 0.00104576 -0.00319672 -0.0116494 0.0719242 
0.0153445 -0.0251259 -0.000693977 0.00103492 -0.0251259 0.10808 0.00103123 -0.00319331 -0.000693977 0.00103123 0.0047112 -0.0116652 0.00103492 -0.00319331 -0.0116652 0.0719978 
0.0153514 -0.0251424 -0.000611854 0.00103049 -0.0251424 0.108135 0.00102753 -0.00318421 -0.000611854 0.00102753 0.00472015 -0.0117013 0.00103049 -0.00318421 -0.0117013 0.0720884 
0.0153503 -0.0251464 -0.000554419 0.000950407 -0.0251464 0.108154 0.000957373 -0.0030949 -0.000554419 0.000957373 0.00471068 -0.0117111 0.000950407 -0.0030949 -0.0117111 0.0721379 
0.015327 -0.0251345 -0.000582287 0.000909263 -0.0251345 0.108129 0.000925997 -0.00302948 -0.000582287 0.000925997 0.00468819 -0.0116792 0.000909263 -0.00302948 -0.0116792 0.0720604 
0.0153084 -0.0251149 -0.000581031 0.000909103 -0.0251149 0.108101 0.000921419 -0.00295082 -0.000581031 0.000921419 0.00469142 -0.0116505 0.000909103 -0.00295082 -0.0116505 0.0719892 
0.0153139 -0.025085 -0.000618176 0.000933402 -0.025085 0.108028 0.000936664 -0.0029903 -0.000618176 0.000936664 0.00464992 -0.0116394 0.000933402 -0.0029903 -0.0116394 0.0719083 
0.01533 -0.0250924 -0.000675233 0.000966309 -0.0250924 0.108009 0.000963838 -0.00303896 -0.000675233 0.000963838 0.00462445 -0.0115886 0.000966309 -0.00303896 -0.0115886 0.0718085 
0.0153334 -0.0251181 -0.000703746 0.00102309 -0.0251181 0.108055 0.00101568 -0.00312832 -0.000703746 0.00101568 0.00464911 -0.0115531 0.00102309 -0.00312832 -0.0115531 0.071705 
0.0153442 -0.0251231 -0.000665653 0.0010677 -0.0251231 0.108086 0.0010572 -0.00324746 -0.000665653 0.0010572 0.00466133 -0.011583 0.0010677 -0.00324746 -0.011583 0.0717026 
0.0153377 -0.0251286 -0.000717631 0.00104285 -0.0251286 0.108094 0.00104001 -0.00329316 -0.000717631 0.00104001 0.0046835 -0.0116001 0.00104285 -0.00329316 -0.0116001 0.071737 
0.0153272 -0.0251233 -0.000715075 0.00109517 -0.0251233 0.108095 0.00109376 -0.00336213 -0.000715075 0.00109376 0.0046655 -0.0116343 0.00109517 -0.00336213 -0.0116343 0.0718156 
0.0153294 -0.0251139 -0.000746504 0.00108156 -0.0251139 0.108084 0.00107924 -0.00336698 -0.000746504 0.00107924 0.00464881 -0.0116239 0.00108156 -0.00336698 -0.0116239 0.0718637 
0.015354 -0.0251153 -0.000755862 0.0011163 -0.0251153 0.108078 0.00111201 -0.00340579 -0.000755862 0.00111201 0.00459049 -0.0115994 0.0011163 -0.00340579 -0.0115994 0.0718334 
0.0153729 -0.0251505 -0.000760481 0.00111438 -0.0251505 0.108137 0.00111152 -0.00341135 -0.000760481 0.00111152 0.00455191 -0.0115241 0.00111438 -0.00341135 -0.0115241 0.0717072 
0.0153843 -0.0251766 -0.000794375 0.00111949 -0.0251766 0.10821 0.00111906 -0.00342016 -0.000794375 0.00111906 0.00451721 -0.0114591 0.00111949 -0.00342016 -0.0114591 0.0715193 
0.0153969 -0.0251914 -0.000773835 0.00115906 -0.0251914 0.108265 0.00115724 -0.00348021 -0.000773835 0.00115724 0.0044933 -0.0114045 0.00115906 -0.00348021 -0.0114045 0.0713406 
0.0154015 -0.0252051 -0.000737336 0.0011424 -0.0252051 0.108303 0.00114293 -0.00349979 -0.000737336 0.00114293 0.00448888 -0.0113623 0.0011424 -0.00349979 -0.0113623 0.0711823 
0.015401 -0.0252153 -0.000748298 0.00107989 -0.0252153 0.108341 0.00108646 -0.00338642 -0.000748298 0.00108646 0.00454762 -0.0113547 0.00107989 -0.00338642 -0.0113547 0.0711069 
0.0154113 -0.02522 -0.000759663 0.00107109 -0.02522 0.10837 0.00107579 -0.00328783 -0.000759663 0.00107579 0.00462303 -0.0114417 0.00107109 -0.00328783 -0.0114417 0.0712372 
0.0154377 -0.0252325 -0.000757668 0.00109193 -0.0252325 0.108397 0.00108979 -0.00329039 -0.000757668 0.00108979 0.00468849 -0.0115667 0.00109193 -0.00329039 -0.0115667 0.071541 
0.0154526 -0.025253 -0.000813795 0.0011321 -0.025253 0.108427 0.00112937 -0.0034151 -0.000813795 0.00112937 0.00468775 -0.0116667 0.0011321 -0.0034151 -0.0116667 0.0718392 
0.0154579 -0.0252678 -0.000896906 0.00122307 -0.0252678 0.10846 0.00121913 -0.00363164 -0.000896906 0.00121913 0.00464742 -0.0116734 0.00122307 -0.00363164 -0.0116734 0.071977 
0.0154645 -0.0252771 -0.000925528 0.00131965 -0.0252771 0.108494 0.00131241 -0.00386314 -0.000925528 0.00131241 0.00458104 -0.0116224 0.00131965 -0.00386314 -0.0116224 0.0719408 
0.0154686 -0.0252916 -0.000902071 0.00133409 -0.0252916 0.108538 0.00132754 -0.00395588 -0.000902071 0.00132754 0.00455121 -0.0115342 0.00133409 -0.00395588 -0.0115342 0.0717816 
0.0154808 -0.0253001 -0.000908894 0.00129187 -0.0253001 0.108572 0.00129175 -0.00390788 -0.000908894 0.00129175 0.00453423 -0.0114826 0.00129187 -0.00390788 -0.0114826 0.0716065 
0.0154898 -0.0253171 -0.000982108 0.00128966 -0.0253171 0.108612 0.0012922 -0.00386297 -0.000982108 0.0012922 0.00455145 -0.0114563 0.00128966 -0.00386297 -0.0114563 0.0714911 
