0.00998334 0 0.000834636 0 0 0.01 0 0 0.000834636 0 0.00354098 0 0 0 0 0.01 
0.0140045 -0.017333 0.00133549 -0.00165082 -0.017333 0.0424097 -0.00165082 0.00316571 0.00133549 -0.00165082 0.005139 -0.00641515 -0.00165082 0.00316571 -0.00641515 0.0214748 
0.0136426 -0.0246755 0.00133571 -0.00233688 -0.0246755 0.0878743 -0.00233688 0.00749783 0.00133571 -0.00233688 0.00538985 -0.0107092 -0.00233688 0.00749783 -0.0107092 0.0433539 
0.0126865 -0.0228355 0.00121669 -0.00197807 -0.0228355 0.0981977 -0.00197576 0.00753666 0.00121669 -0.00197576 0.00526759 -0.0118956 -0.00197807 0.00753666 -0.0118956 0.0583693 
0.012761 -0.021759 0.00120533 -0.00170011 -0.021759 0.0982966 -0.00169149 0.0062334 0.00120533 -0.00169149 0.00524258 -0.0121888 -0.00170011 0.0062334 -0.0121888 0.0668876 
0.0131062 -0.0218981 0.00124001 -0.00167902 -0.0218981 0.0987299 -0.00166305 0.00544908 0.00124001 -0.00166305 0.00522952 -0.0121562 -0.00167902 0.00544908 -0.0121562 0.0706243 
0.0133308 -0.0222775 0.00123888 -0.00173055 -0.0222775 0.0997245 -0.00171789 0.00520074 0.00123888 -0.00171789 0.00520972 -0.0120019 -0.00173055 0.00520074 -0.0120019 0.0716479 
0.0133946 -0.0225011 0.00122614 -0.00172071 -0.0225011 0.100482 -0.00172379 0.00510156 0.00122614 -0.00172379 0.00523375 -0.0118525 -0.00172071 0.00510156 -0.0118525 0.0715679 
0.0134145 -0.0225653 0.00120262 -0.0016659 -0.0225653 0.100835 -0.00168055 0.00493837 0.00120262 -0.00168055 0.00526667 -0.0118103 -0.0016659 0.00493837 -0.0118103 0.0713173 
0.0133918 -0.0225569 0.00120101 -0.00168213 -0.0225569 0.100876 -0.00169605 0.00495222 0.00120101 -0.00169605 0.00531786 -0.0118678 -0.00168213 0.00495222 -0.0118678 0.0713127 
0.0133976 -0.022519 0.00121465 -0.00170474 -0.022519 0.100806 -0.00171317 0.00502415 0.00121465 -0.00171317 0.0053267 -0.011963 -0.00170474 0.00502415 -0.011963 0.0715134 
0.0133998 -0.022509 0.00128007 -0.00175695 -0.022509 0.100733 -0.00176308 0.00517835 0.00128007 -0.00176308 0.00532741 -0.0120096 -0.00175695 0.00517835 -0.0120096 0.0717309 
0.0133918 -0.0225277 0.00132116 -0.00181485 -0.0225277 0.100761 -0.00181581 0.00529649 0.00132116 -0.00181581 0.00533315 -0.0120083 -0.00181485 0.00529649 -0.0120083 0.0718181 
0.0133886 -0.0225116 0.00136963 -0.00189262 -0.0225116 0.100747 -0.00188694 0.00549348 0.00136963 -0.00188694 0.00532878 -0.0120229 -0.00189262 0.00549348 -0.0120229 0.0718774 
0.0133826 -0.0225232 0.00137317 -0.00191968 -0.0225232 0.100776 -0.00191091 0.00557027 0.00137317 -0.00191091 0.00532514 -0.0120045 -0.00191968 0.00557027 -0.0120045 0.0718618 
0.0133668 -0.0225048 0.00140821 -0.00194969 -0.0225048 0.100747 -0.00194418 0.00567914 0.00140821 -0.00194418 0.00532511 -0.0120038 -0.00194969 0.00567914 -0.0120038 0.0718538 
0.0133865 -0.0225092 0.00143105 -0.00193557 -0.0225092 0.10077 -0.00193181 0.00562662 0.00143105 -0.00193181 0.00530614 -0.0119779 -0.00193557 0.00562662 -0.0119779 0.071783 
0.0133706 -0.0225221 0.00146352 -0.00198493 -0.0225221 0.100785 -0.00197888 0.00570283 0.00146352 -0.00197888 0.00531272 -0.011957 -0.00198493 0.00570283 -0.011957 0.0717187 
0.0133034 -0.0224904 0.00151151 -0.00205889 -0.0224904 0.100732 -0.00204843 0.00589163 0.00151151 -0.00204843 0.00536743 -0.0119716 -0.00205889 0.00589163 -0.0119716 0.071717 
0.0132802 -0.022411 0.00155869 -0.00210856 -0.022411 0.100589 -0.00209054 0.00602178 0.00155869 -0.00209054 0.00537683 -0.0120309 -0.00210856 0.00602178 -0.0120309 0.0718013 
0.0132491 -0.0223631 0.00161122 -0.00218722 -0.0223631 0.100418 -0.00216501 0.00621535 0.00161122 -0.00216501 0.00539713 -0.0120526 -0.00218722 0.00621535 -0.0120526 0.0718903 
0.0132054 -0.0223276 0.00165597 -0.00224588 -0.0223276 0.100301 -0.00222254 0.00637836 0.00165597 -0.00222254 0.00543687 -0.0120667 -0.00224588 0.00637836 -0.0120667 0.0719277 
0.0131695 -0.0223025 0.00161939 -0.00224181 -0.0223025 0.100254 -0.00221757 0.00636168 0.00161939 -0.00221757 0.00547738 -0.0120855 -0.00224181 0.00636168 -0.0120855 0.0719327 
0.0131569 -0.0222653 0.00157482 -0.00217542 -0.0222653 0.100183 -0.00215636 0.00622971 0.00157482 -0.00215636 0.00549998 -0.0121293 -0.00217542 0.00622971 -0.0121293 0.0720005 
0.0131858 -0.0222443 0.00158251 -0.00211201 -0.0222443 0.100111 -0.0021023 0.00606815 0.00158251 -0.0021023 0.00548441 -0.0121675 -0.00211201 0.00606815 -0.0121675 0.0721063 
0.0132341 -0.0222649 0.00162088 -0.00214567 -0.0222649 0.100096 -0.00213772 0.00608393 0.00162088 -0.00213772 0.00543629 -0.0121701 -0.00214567 0.00608393 -0.0121701 0.0721805 
0.0133058 -0.0223457 0.00160301 -0.00217114 -0.0223457 0.100252 -0.00216294 0.00611362 0.00160301 -0.00216294 0.00537063 -0.0120994 -0.00217114 0.00611362 -0.0120994 0.0720858 
0.0133802 -0.0224302 0.00160767 -0.00217624 -0.0224302 0.100451 -0.00217709 0.00618799 0.00160767 -0.00217709 0.00530566 -0.0120235 -0.00217624 0.00618799 -0.0120235 0.071924 
0.013419 -0.0225161 0.00160928 -0.00220383 -0.0225161 0.100663 -0.00221531 0.0062982 0.00160928 -0.00221531 0.00528168 -0.0119501 -0.00220383 0.0062982 -0.0119501 0.0717459 
0.0134188 -0.0225757 0.00164885 -0.00219743 -0.0225757 0.100862 -0.00221638 0.00633336 0.00164885 -0.00221638 0.00528624 -0.0119152 -0.00219743 0.00633336 -0.0119152 0.071608 
0.0133929 -0.0225875 0.00166906 -0.00223138 -0.0225875 0.100975 -0.00224203 0.00636232 0.00166906 -0.00224203 0.00532539 -0.0119187 -0.00223138 0.00636232 -0.0119187 0.0715657 
0.0134182 -0.0225553 0.00164399 -0.00226291 -0.0225553 0.100961 -0.0022584 0.00641795 0.00164399 -0.0022584 0.00530377 -0.0119752 -0.00226291 0.00641795 -0.0119752 0.0716549 
0.0134234 -0.0225739 0.00161897 -0.00224643 -0.0225739 0.100958 -0.00224446 0.00643727 0.00161897 -0.00224446 0.00529413 -0.0119679 -0.00224643 0.00643727 -0.0119679 0.0717213 
0.0134214 -0.0225867 0.00161539 -0.00220187 -0.0225867 0.100995 -0.00221108 0.00636384 0.00161539 -0.00221108 0.00528979 -0.0119526 -0.00220187 0.00636384 -0.0119526 0.0717109 
0.0134675 -0.0226142 0.00156979 -0.00213296 -0.0226142 0.101093 -0.00214577 0.00614643 0.00156979 -0.00214577 0.00524151 -0.0119187 -0.00213296 0.00614643 -0.0119187 0.0716203 
0.0135042 -0.0226646 0.00154621 -0.00208873 -0.0226646 0.101199 -0.00210269 0.00600657 0.00154621 -0.00210269 0.00519908 -0.0118612 -0.00208873 0.00600657 -0.0118612 0.0714968 
0.0134781 -0.0226817 0.00158592 -0.00212359 -0.0226817 0.10124 -0.00213756 0.00608617 0.00158592 -0.00213756 0.00521492 -0.0118276 -0.00212359 0.00608617 -0.0118276 0.0714048 
0.0134134 -0.0226304 0.00166543 -0.00221994 -0.0226304 0.101154 -0.00222575 0.0063205 0.00166543 -0.00222575 0.0052592 -0.0118548 -0.00221994 0.0063205 -0.0118548 0.0714103 
0.0133762 -0.022574 0.00167675 -0.00227046 -0.022574 0.101048 -0.00226108 0.00642156 0.00167675 -0.00226108 0.00529437 -0.0118814 -0.00227046 0.00642156 -0.0118814 0.0714311 
0.0132967 -0.0225177 0.00164081 -0.00229574 -0.0225177 0.100897 -0.00227661 0.00650637 0.00164081 -0.00227661 0.00536991 -0.0119254 -0.00229574 0.00650637 -0.0119254 0.0715103 
0.0132647 -0.0224396 0.00159508 -0.00220074 -0.0224396 0.100738 -0.00218497 0.00633178 0.00159508 -0.00218497 0.00541122 -0.0119993 -0.00220074 0.00633178 -0.0119993 0.0716385 
0.0132504 -0.0223879 0.00155994 -0.00213831 -0.0223879 0.100569 -0.00212795 0.00614602 0.00155994 -0.00212795 0.00544462 -0.0120638 -0.00213831 0.00614602 -0.0120638 0.0718145 
0.0132596 -0.0223775 0.00149719 -0.00207067 -0.0223775 0.100497 -0.00206385 0.00594215 0.00149719 -0.00206385 0.00546606 -0.0121067 -0.00207067 0.00594215 -0.0121067 0.071956 
0.0132577 -0.0223588 0.00148236 -0.00205225 -0.0223588 0.100405 -0.00205258 0.00591686 0.00148236 -0.00205258 0.00547477 -0.0121743 -0.00205225 0.00591686 -0.0121743 0.0721652 
0.0133025 -0.0223586 0.00147663 -0.00203168 -0.0223586 0.100376 -0.0020402 0.00588275 0.00147663 -0.0020402 0.0054298 -0.0121997 -0.00203168 0.00588275 -0.0121997 0.0723161 
0.0133302 -0.022402 0.00147205 -0.00204998 -0.022402 0.100419 -0.00206652 0.00593985 0.00147205 -0.00206652 0.00538467 -0.0121589 -0.00204998 0.00593985 -0.0121589 0.0723318 
0.0133001 -0.0224484 0.00148439 -0.00203332 -0.0224484 0.100537 -0.00205934 0.00593922 0.00148439 -0.00205934 0.00538672 -0.0120872 -0.00203332 0.00593922 -0.0120872 0.0721955 
0.013275 -0.0224324 0.00151287 -0.00201264 -0.0224324 0.10059 -0.00203582 0.00585483 0.00151287 -0.00203582 0.00539833 -0.0120587 -0.00201264 0.00585483 -0.0120587 0.0720485 
0.0131724 -0.022389 0.0015169 -0.00206442 -0.022389 0.100514 -0.00207034 0.00589811 0.0015169 -0.00207034 0.00549631 -0.0120671 -0.00206442 0.00589811 -0.0120671 0.0719959 
0.0131173 -0.0222534 0.00153549 -0.00208766 -0.0222534 0.100258 -0.00207513 0.00595873 0.00153549 -0.00207513 0.00554708 -0.0121869 -0.00208766 0.00595873 -0.0121869 0.0721562 
0.0131005 -0.0221636 0.0015412 -0.00212347 -0.0221636 0.0999656 -0.00210074 0.00603635 0.0015412 -0.00210074 0.00556119 -0.0122661 -0.00212347 0.00603635 -0.0122661 0.0723873 
0.013115 -0.0221347 0.00158486 -0.00213601 -0.0221347 0.099794 -0.00211878 0.00610311 0.00158486 -0.00211878 0.00554268 -0.0122888 -0.00213601 0.00610311 -0.0122888 0.0725188 
0.0131402 -0.0221795 0.00161028 -0.002137 -0.0221795 0.0998395 -0.00212624 0.00606928 0.00161028 -0.00212624 0.00552643 -0.0122404 -0.002137 0.00606928 -0.0122404 0.0724573 
0.0131328 -0.0222161 0.00163964 -0.00217565 -0.0222161 0.0999341 -0.00216429 0.00612876 0.00163964 -0.00216429 0.00553817 -0.0122167 -0.00217565 0.00612876 -0.0122167 0.072375 
0.0131549 -0.0222205 0.00169334 -0.00220094 -0.0222205 0.0999995 -0.00218387 0.00617488 0.00169334 -0.00218387 0.00550947 -0.0122245 -0.00220094 0.00617488 -0.0122245 0.0723483 
0.0131787 -0.0222425 0.00169885 -0.00228008 -0.0222425 0.100047 -0.00225376 0.0063191 0.00169885 -0.00225376 0.0054824 -0.0121961 -0.00228008 0.0063191 -0.0121961 0.0723139 
0.0132104 -0.0222646 0.00168415 -0.0023107 -0.0222646 0.100093 -0.00228714 0.00646883 0.00168415 -0.00228714 0.00545377 -0.0121649 -0.0023107 0.00646883 -0.0121649 0.0722488 
0.0132144 -0.0223104 0.00168162 -0.00227573 -0.0223104 0.10019 -0.00226751 0.00647027 0.00168162 -0.00226751 0.00545623 -0.0121211 -0.00227573 0.00647027 -0.0121211 0.0721401 
0.0132232 -0.0223103 0.00165368 -0.00228063 -0.0223103 0.100229 -0.00228021 0.00648807 0.00165368 -0.00228021 0.00545806 -0.0121289 -0.00228063 0.00648807 -0.0121289 0.0721087 
0.0132617 -0.0223056 0.00164134 -0.00227001 -0.0223056 0.100211 -0.00227656 0.00652315 0.00164134 -0.00227656 0.0054207 -0.0121493 -0.00227001 0.00652315 -0.0121493 0.0721572 
0.01327 -0.0223676 0.00163638 -0.00222084 -0.0223676 0.100318 -0.00224017 0.00642878 0.00163638 -0.00224017 0.00541348 -0.0120971 -0.00222084 0.00642878 -0.0120971 0.0720944 
0.0133257 -0.022391 0.00167023 -0.0021995 -0.022391 0.100428 -0.00222075 0.00633695 0.00167023 -0.00222075 0.00535107 -0.0120786 -0.0021995 0.00633695 -0.0120786 0.0720168 
0.0133397 -0.0224449 0.00170471 -0.00227478 -0.0224449 0.100531 -0.00228844 0.00645024 0.00170471 -0.00228844 0.00533287 -0.0120145 -0.00227478 0.00645024 -0.0120145 0.0719076 
0.0133623 -0.0224705 0.00173786 -0.00232368 -0.0224705 0.100632 -0.00232915 0.00658278 0.00173786 -0.00232915 0.00531372 -0.0119795 -0.00232368 0.00658278 -0.0119795 0.0717811 
0.0133607 -0.0224786 0.00179381 -0.00240859 -0.0224786 0.100656 -0.00241031 0.00681492 0.00179381 -0.00241031 0.00530828 -0.0119705 -0.00240859 0.00681492 -0.0119705 0.0717315 
0.0133359 -0.0225024 0.00180684 -0.00243256 -0.0225024 0.100737 -0.0024325 0.00688917 0.00180684 -0.0024325 0.00532681 -0.0119404 -0.00243256 0.00688917 -0.0119404 0.0716414 
0.0133487 -0.0224945 0.00176474 -0.0024078 -0.0224945 0.100788 -0.00240417 0.00682067 0.00176474 -0.00240417 0.00531316 -0.01194 -0.0024078 0.00682067 -0.01194 0.0715776 
0.0133176 -0.0224968 0.00176892 -0.00237252 -0.0224968 0.100783 -0.00237288 0.00675844 0.00176892 -0.00237288 0.0053413 -0.0119352 -0.00237252 0.00675844 -0.0119352 0.071563 
0.0133172 -0.0224522 0.00179747 -0.00238514 -0.0224522 0.100709 -0.00238542 0.00675371 0.00179747 -0.00238542 0.00535117 -0.0119735 -0.00238514 0.00675371 -0.0119735 0.071617 
0.0133032 -0.0224347 0.0018398 -0.00244778 -0.0224347 0.100622 -0.00244102 0.00687845 0.0018398 -0.00244102 0.0053681 -0.0120013 -0.00244778 0.00687845 -0.0120013 0.0717065 
0.0133016 -0.0224228 0.00189597 -0.00249617 -0.0224228 0.100583 -0.00248574 0.00700203 0.00189597 -0.00248574 0.00536909 -0.0120205 -0.00249617 0.00700203 -0.0120205 0.0717713 
0.0132976 -0.0224185 0.0019468 -0.0025745 -0.0224185 0.100559 -0.00255882 0.0071769 0.0019468 -0.00255882 0.00536723 -0.0120278 -0.0025745 0.0071769 -0.0120278 0.0718141 
0.0133212 -0.0224371 0.00194516 -0.00260335 -0.0224371 0.100608 -0.00258502 0.00725198 0.00194516 -0.00258502 0.0053487 -0.012004 -0.00260335 0.00725198 -0.012004 0.0717698 
0.013286 -0.0224533 0.00197245 -0.00262607 -0.0224533 0.10064 -0.00261316 0.00735315 0.00197245 -0.00261316 0.00538427 -0.0119909 -0.00262607 0.00735315 -0.0119909 0.071738 
0.0132234 -0.0224203 0.00194078 -0.00264501 -0.0224203 0.100618 -0.00263334 0.00740015 0.00194078 -0.00263334 0.00544354 -0.0120272 -0.00264501 0.00740015 -0.0120272 0.0717698 
0.0131358 -0.0223287 0.00193405 -0.00262111 -0.0223287 0.100442 -0.00261152 0.00740475 0.00193405 -0.00261152 0.00552991 -0.0121139 -0.00262111 0.00740475 -0.0121139 0.0719451 
0.0130721 -0.0221879 0.00197529 -0.00264977 -0.0221879 0.100099 -0.00263896 0.00748215 0.00197529 -0.00263896 0.00558931 -0.0122512 -0.00264977 0.00748215 -0.0122512 0.0722747 
0.0130314 -0.0220928 0.00203797 -0.00270797 -0.0220928 0.0997819 -0.00269483 0.00761236 0.00203797 -0.00269483 0.00561865 -0.0123396 -0.00270797 0.00761236 -0.0123396 0.0725733 
0.0130355 -0.0220622 0.002073 -0.00274535 -0.0220622 0.0996384 -0.00273047 0.00767329 0.002073 -0.00273047 0.00561719 -0.0123524 -0.00274535 0.00767329 -0.0123524 0.0726799 
0.0130985 -0.022116 0.00206664 -0.0027071 -0.022116 0.0997318 -0.00269373 0.00754375 0.00206664 -0.00269373 0.00555899 -0.0122975 -0.0027071 0.00754375 -0.0122975 0.0725632 
0.0131413 -0.0222029 0.00202317 -0.00269303 -0.0222029 0.0999256 -0.00268388 0.00746438 0.00202317 -0.00268388 0.00551922 -0.0122191 -0.00269303 0.00746438 -0.0122191 0.0723744 
0.0131916 -0.0222442 0.00198476 -0.00267466 -0.0222442 0.100064 -0.00267435 0.0074615 0.00198476 -0.00267435 0.00547123 -0.0121853 -0.00267466 0.0074615 -0.0121853 0.0722557 
0.0131725 -0.0222951 0.0019932 -0.00264157 -0.0222951 0.100183 -0.00265677 0.00744124 0.0019932 -0.00265677 0.00549518 -0.0121396 -0.00264157 0.00744124 -0.0121396 0.0721581 
0.0131452 -0.0222684 0.00204771 -0.00266223 -0.0222684 0.100191 -0.0026781 0.00747291 0.00204771 -0.0026781 0.00552006 -0.0121743 -0.00266223 0.00747291 -0.0121743 0.0721745 
0.0131049 -0.022222 0.00210167 -0.00275032 -0.022222 0.100096 -0.00275179 0.00763285 0.00210167 -0.00275179 0.00556041 -0.0122188 -0.00275032 0.00763285 -0.0122188 0.0722813 
0.0130766 -0.0221733 0.00215229 -0.0028211 -0.0221733 0.0999767 -0.0028076 0.00780455 0.00215229 -0.0028076 0.00558694 -0.0122674 -0.0028211 0.00780455 -0.0122674 0.0724016 
0.0130703 -0.0221536 0.00219158 -0.0028578 -0.0221536 0.0999125 -0.0028363 0.00788819 0.00219158 -0.0028363 0.00559419 -0.012285 -0.0028578 0.00788819 -0.012285 0.0724636 
0.0130096 -0.022129 0.0022447 -0.00293815 -0.022129 0.0998307 -0.00291215 0.0080776 0.0022447 -0.00291215 0.00564688 -0.0123099 -0.00293815 0.0080776 -0.0123099 0.0725443 
0.0131113 -0.022095 0.00223319 -0.00294142 -0.022095 0.0997989 -0.00291043 0.0080792 0.00223319 -0.00291043 0.0055487 -0.0123336 -0.00294142 0.0080792 -0.0123336 0.07256 
0.0131825 -0.0221967 0.00221318 -0.00295299 -0.0221967 0.0999015 -0.00293393 0.008143 0.00221318 -0.00293393 0.00548856 -0.0122344 -0.00295299 0.008143 -0.0122344 0.0724457 
0.0132178 -0.0222881 0.0021833 -0.00293832 -0.0222881 0.100119 -0.00294175 0.0081885 0.0021833 -0.00294175 0.00545868 -0.0121595 -0.00293832 0.0081885 -0.0121595 0.0722549 
0.0132385 -0.0223694 0.00213501 -0.00283986 -0.0223694 0.10039 -0.00286115 0.00799532 0.00213501 -0.00286115 0.00546068 -0.0120923 -0.00283986 0.00799532 -0.0120923 0.0720318 
0.0132603 -0.0223925 0.00211574 -0.00278149 -0.0223925 0.100527 -0.00280582 0.00782147 0.00211574 -0.00280582 0.00545362 -0.0121039 -0.00278149 0.00782147 -0.0121039 0.0719781 
0.0133367 -0.0224253 0.00207337 -0.00274379 -0.0224253 0.100631 -0.00276166 0.00766709 0.00207337 -0.00276166 0.00538671 -0.0121037 -0.00274379 0.00766709 -0.0121037 0.0719837 
0.0133762 -0.0225255 0.00204559 -0.00268327 -0.0225255 0.100835 -0.00270344 0.00750889 0.00204559 -0.00270344 0.00535413 -0.0120277 -0.00268327 0.00750889 -0.0120277 0.0718842 
0.0134348 -0.0225747 0.00204892 -0.00266493 -0.0225747 0.101009 -0.00268391 0.00743115 0.00204892 -0.00268391 0.00529888 -0.0119946 -0.00266493 0.00743115 -0.0119946 0.0717923 
0.0134833 -0.0226367 0.00208561 -0.00269455 -0.0226367 0.101158 -0.00270836 0.00747529 0.00208561 -0.00270836 0.00525732 -0.0119416 -0.00269455 0.00747529 -0.0119416 0.0716979 
0.0134672 -0.0226979 0.0021313 -0.00275455 -0.0226979 0.101317 -0.00276059 0.00760197 0.0021313 -0.00276059 0.00528613 -0.0118918 -0.00275455 0.00760197 -0.0118918 0.0715799 
0.0134593 -0.0226699 0.00215783 -0.0028473 -0.0226699 0.101333 -0.00283908 0.0078294 0.00215783 -0.00283908 0.0053001 -0.0119391 -0.0028473 0.0078294 -0.0119391 0.0716197 
0.0134275 -0.0226346 0.00215997 -0.00292316 -0.0226346 0.101238 -0.00290886 0.00808913 0.00215997 -0.00290886 0.00532457 -0.0119884 -0.00292316 0.00808913 -0.0119884 0.0717687 
0.0134192 -0.0226104 0.002171 -0.00289191 -0.0226104 0.101179 -0.00288586 0.00811069 0.002171 -0.00288586 0.00531879 -0.0120067 -0.00289191 0.00811069 -0.0120067 0.0718493 
0.0133542 -0.0226064 0.0022046 -0.00288171 -0.0226064 0.101155 -0.00288225 0.00806587 0.0022046 -0.00288225 0.00536244 -0.011989 -0.00288171 0.00806587 -0.011989 0.0718413 
0.0133479 -0.0225402 0.0022072 -0.00290082 -0.0225402 0.101066 -0.00289247 0.00803904 0.0022072 -0.00289247 0.00535191 -0.0120175 -0.00290082 0.00803904 -0.0120175 0.0718429 
0.0133283 -0.0225285 0.00215327 -0.00289815 -0.0225285 0.10099 -0.00288487 0.00802015 0.00215327 -0.00288487 0.00536934 -0.0119935 -0.00289815 0.00802015 -0.0119935 0.0717981 
0.0133267 -0.0225029 0.00208933 -0.0028312 -0.0225029 0.100926 -0.00282457 0.00791774 0.00208933 -0.00282457 0.00537996 -0.0120053 -0.0028312 0.00791774 -0.0120053 0.0717707 
0.0133435 -0.0224852 0.00205307 -0.00276249 -0.0224852 0.100848 -0.00276845 0.00778823 0.00205307 -0.00276845 0.00536884 -0.0120325 -0.00276249 0.00778823 -0.0120325 0.07182 
0.0133844 -0.0225155 0.00203012 -0.00268809 -0.0225155 0.100878 -0.00270552 0.00759393 0.00203012 -0.00270552 0.00534052 -0.0120156 -0.00268809 0.00759393 -0.0120156 0.0718126 
0.013348 -0.022572 0.00203548 -0.00265258 -0.022572 0.100993 -0.00267219 0.00745367 0.00203548 -0.00267219 0.00537514 -0.0119807 -0.00265258 0.00745367 -0.0119807 0.0717513 
0.0133226 -0.0225183 0.0020433 -0.00269543 -0.0225183 0.100954 -0.00270204 0.0074954 0.0020433 -0.00270204 0.00538748 -0.0120385 -0.00269543 0.0074954 -0.0120385 0.0718312 
0.013341 -0.0224928 0.00204387 -0.00268847 -0.0224928 0.100889 -0.00268428 0.0074772 0.00204387 -0.00268428 0.00535377 -0.0120461 -0.00268847 0.0074772 -0.0120461 0.0718869 
0.0132816 -0.0224965 0.00204839 -0.00271828 -0.0224965 0.100841 -0.00271194 0.00754722 0.00204839 -0.00271194 0.00540026 -0.0120134 -0.00271828 0.00754722 -0.0120134 0.0718657 
0.0132819 -0.0224252 0.00205829 -0.00272706 -0.0224252 0.100724 -0.00271739 0.00759304 0.00205829 -0.00271739 0.00539311 -0.0120556 -0.00272706 0.00759304 -0.0120556 0.0718879 
0.0133166 -0.022427 0.00201277 -0.00272095 -0.022427 0.100661 -0.00270983 0.00757582 0.00201277 -0.00270983 0.00536069 -0.0120369 -0.00272095 0.00757582 -0.0120369 0.0718676 
0.0133687 -0.0224814 0.00193217 -0.00264067 -0.0224814 0.100743 -0.00264134 0.0074345 0.00193217 -0.00264134 0.00532173 -0.0119827 -0.00264067 0.0074345 -0.0119827 0.0717449 
0.0134147 -0.0225577 0.00185478 -0.00251444 -0.0225577 0.100921 -0.00253332 0.00716503 0.00185478 -0.00253332 0.00529129 -0.0119266 -0.00251444 0.00716503 -0.0119266 0.0715884 
0.0134035 -0.0226076 0.00180113 -0.00243121 -0.0226076 0.101067 -0.00246143 0.00694768 0.00180113 -0.00246143 0.0053144 -0.0119047 -0.00243121 0.00694768 -0.0119047 0.071511 
0.0133951 -0.0226027 0.00172441 -0.00235258 -0.0226027 0.101129 -0.00238125 0.00672225 0.00172441 -0.00238125 0.00533104 -0.011936 -0.00235258 0.00672225 -0.011936 0.0715384 
0.0133831 -0.0225782 0.00172747 -0.00227598 -0.0225782 0.101087 -0.00230184 0.00653228 0.00172747 -0.00230184 0.00535448 -0.0119788 -0.00227598 0.00653228 -0.0119788 0.0716593 
0.0133214 -0.0225481 0.00175566 -0.00230441 -0.0225481 0.100999 -0.00231796 0.00650879 0.00175566 -0.00231796 0.0054183 -0.0120281 -0.00230441 0.00650879 -0.0120281 0.0718155 
0.0132701 -0.0224607 0.00178605 -0.00237306 -0.0224607 0.100814 -0.00236532 0.00663586 0.00178605 -0.00236532 0.00545646 -0.012123 -0.00237306 0.00663586 -0.012123 0.0720476 
0.0132646 -0.0223878 0.00180959 -0.00242422 -0.0223878 0.100602 -0.00240272 0.00677302 0.00180959 -0.00240272 0.00544111 -0.0121782 -0.00242422 0.00677302 -0.0121782 0.0722525 
0.0133079 -0.0223756 0.00178785 -0.00245366 -0.0223756 0.100489 -0.0024322 0.00687364 0.00178785 -0.0024322 0.00537875 -0.0121538 -0.00245366 0.00687364 -0.0121538 0.0722872 
0.0133064 -0.0224312 0.00177449 -0.00241839 -0.0224312 0.10054 -0.00241492 0.00687503 0.00177449 -0.00241492 0.00535902 -0.0120585 -0.00241839 0.00687503 -0.0120585 0.072114 
0.0133153 -0.0224739 0.00167634 -0.0023203 -0.0224739 0.100699 -0.00233045 0.00663127 0.00167634 -0.00233045 0.00535067 -0.0119785 -0.0023203 0.00663127 -0.0119785 0.0718304 
0.0133273 -0.0224665 0.00161503 -0.00222471 -0.0224665 0.100722 -0.00224288 0.00642417 0.00161503 -0.00224288 0.00534455 -0.0119732 -0.00222471 0.00642417 -0.0119732 0.0717075 
0.0133275 -0.022472 0.00158714 -0.00214916 -0.022472 0.10072 -0.00217375 0.0062265 0.00158714 -0.00217375 0.00535082 -0.0119718 -0.00214916 0.0062265 -0.0119718 0.0716719 
0.0133662 -0.0224661 0.00158731 -0.00212689 -0.0224661 0.100703 -0.00214804 0.00612165 0.00158731 -0.00214804 0.00531526 -0.0119889 -0.00212689 0.00612165 -0.0119889 0.0716959 
0.0134166 -0.0225181 0.00158805 -0.00212125 -0.0225181 0.10078 -0.00213716 0.00606397 0.00158805 -0.00213716 0.00526714 -0.0119457 -0.00212125 0.00606397 -0.0119457 0.0716446 
0.0134565 -0.0225922 0.00155161 -0.00211671 -0.0225922 0.10095 -0.00212837 0.00602886 0.00155161 -0.00212837 0.00524558 -0.0118787 -0.00211671 0.00602886 -0.0118787 0.0715021 
0.0134476 -0.0226241 0.00154651 -0.00212326 -0.0226241 0.101053 -0.00213605 0.00609471 0.00154651 -0.00213605 0.00526131 -0.0118698 -0.00212326 0.00609471 -0.0118698 0.071442 
0.0133975 -0.0226175 0.00152952 -0.00211291 -0.0226175 0.101087 -0.00212682 0.00609609 0.00152952 -0.00212682 0.00531407 -0.0118934 -0.00211291 0.00609609 -0.0118934 0.071468 
0.0133057 -0.0225428 0.0015366 -0.00211234 -0.0225428 0.100965 -0.00212214 0.00611361 0.0015366 -0.00212214 0.00540438 -0.0119749 -0.00211234 0.00611361 -0.0119749 0.0716329 
0.0132036 -0.022428 0.00156759 -0.00211086 -0.022428 0.100722 -0.00210982 0.00608687 0.00156759 -0.00210982 0.00550939 -0.0120919 -0.00211086 0.00608687 -0.0120919 0.0719019 
0.013218 -0.0222738 0.00163047 -0.00218508 -0.0222738 0.10034 -0.00216604 0.00621026 0.00163047 -0.00216604 0.00547643 -0.0122477 -0.00218508 0.00621026 -0.0122477 0.0722934 
0.0132983 -0.0222986 0.00166083 -0.00223145 -0.0222986 0.100218 -0.0022074 0.00629675 0.00166083 -0.0022074 0.00538237 -0.012202 -0.00223145 0.00629675 -0.012202 0.0723952 
0.0133892 -0.0224302 0.00163272 -0.00222312 -0.0224302 0.100443 -0.00221119 0.00628114 0.00163272 -0.00221119 0.00529784 -0.0120478 -0.00222312 0.00628114 -0.0120478 0.0721166 
0.0134281 -0.0225699 0.00157597 -0.00215929 -0.0225699 0.100808 -0.00216527 0.00616221 0.00157597 -0.00216527 0.00528996 -0.0119112 -0.00215929 0.00616221 -0.0119112 0.0717237 
0.0133948 -0.022616 0.00155883 -0.00210649 -0.022616 0.101032 -0.00212337 0.0060603 0.00155883 -0.00212337 0.00533791 -0.0119076 -0.00210649 0.0060603 -0.0119076 0.0715575 
0.0133462 -0.0225595 0.00156322 -0.00211671 -0.0225595 0.101003 -0.00212829 0.00606053 0.00156322 -0.00212829 0.00538221 -0.0119974 -0.00211671 0.00606053 -0.0119974 0.07169 
0.0133298 -0.0225087 0.00155494 -0.0020918 -0.0225087 0.100906 -0.00209253 0.00597464 0.00155494 -0.00209253 0.00540532 -0.0120551 -0.0020918 0.00597464 -0.0120551 0.0718686 
0.0132999 -0.0225009 0.00148188 -0.00204602 -0.0225009 0.100863 -0.00203866 0.00581438 0.00148188 -0.00203866 0.00545906 -0.0120752 -0.00204602 0.00581438 -0.0120752 0.0719688 
0.0133162 -0.0224443 0.00147166 -0.00199373 -0.0224443 0.100739 -0.00198621 0.00571841 0.00147166 -0.00198621 0.00544359 -0.0121651 -0.00199373 0.00571841 -0.0121651 0.0721681 
0.0133632 -0.0224375 0.00151865 -0.00201959 -0.0224375 0.100635 -0.00201405 0.00576344 0.00151865 -0.00201405 0.00539901 -0.0121795 -0.00201959 0.00576344 -0.0121795 0.0723283 
0.0134284 -0.022487 0.00160396 -0.00210277 -0.022487 0.10067 -0.00209812 0.00595281 0.00160396 -0.00209812 0.00533062 -0.0121312 -0.00210277 0.00595281 -0.0121312 0.0723137 
0.0135047 -0.0225931 0.00160567 -0.0021844 -0.0225931 0.100893 -0.00217787 0.00613332 0.00160567 -0.00217787 0.00525385 -0.0120244 -0.0021844 0.00613332 -0.0120244 0.0721014 
0.0135157 -0.0226962 0.00159176 -0.00219498 -0.0226962 0.101165 -0.00219642 0.00625535 0.00159176 -0.00219642 0.00524025 -0.0119197 -0.00219498 0.00625535 -0.0119197 0.0718279 
0.0134865 -0.0227066 0.00159568 -0.00219278 -0.0227066 0.101293 -0.00220297 0.00631978 0.00159568 -0.00220297 0.00525137 -0.0119012 -0.00219278 0.00631978 -0.0119012 0.0716792 
0.0134603 -0.0226783 0.00153787 -0.00217088 -0.0226783 0.101298 -0.00218136 0.00626964 0.00153787 -0.00218136 0.00527437 -0.0119033 -0.00217088 0.00626964 -0.0119033 0.0716245 
0.013435 -0.0226323 0.0015433 -0.00211002 -0.0226323 0.101199 -0.0021243 0.00617159 0.0015433 -0.0021243 0.00528878 -0.0119367 -0.00211002 0.00617159 -0.0119367 0.0716609 
0.0134406 -0.0225847 0.00158074 -0.00213294 -0.0225847 0.10106 -0.00214542 0.00617269 0.00158074 -0.00214542 0.00526438 -0.0119638 -0.00213294 0.00617269 -0.0119638 0.0717314 
