0.00352464 0 0.000514273 0 0 0.01 0 0 0.000514273 0 0.0114318 0 0 0 0 0.01 
0.00503891 -0.00634285 0.000399684 -0.000474108 -0.00634285 0.021336 -0.000474108 0.000908773 0.000399684 -0.000474108 0.0160658 -0.0198778 -0.000474108 0.000908773 -0.0198778 0.0472883 
0.00567391 -0.0117361 0.000345308 -0.000305908 -0.0117361 0.0469744 -0.000305908 0.000844841 0.000345308 -0.000305908 0.0155751 -0.0281371 -0.000305908 0.000844841 -0.0281371 0.0989532 
0.00556947 -0.0135922 0.000368233 -0.000174641 -0.0135922 0.0663784 -0.000179433 -0.000215799 0.000368233 -0.000179433 0.0144794 -0.0256176 -0.000174641 -0.000215799 -0.0256176 0.108796 
0.00544032 -0.0133756 0.000458053 -0.000237232 -0.0133756 0.0737782 -0.000237534 -0.000455471 0.000458053 -0.000237534 0.0145318 -0.02418 -0.000237232 -0.000455471 -0.02418 0.106774 
0.00539162 -0.0129614 0.000454873 -0.000347509 -0.0129614 0.0752451 -0.00034154 -0.000126286 0.000454873 -0.00034154 0.0148896 -0.0242725 -0.000347509 -0.000126286 -0.0242725 0.106072 
0.00538789 -0.0127588 0.000386747 -0.000344481 -0.0127588 0.0752384 -0.000332526 0.00012625 0.000386747 -0.000332526 0.0151223 -0.0246769 -0.000344481 0.00012625 -0.0246769 0.106698 
0.00531958 -0.0126777 0.000269365 -0.000216311 -0.0126777 0.0750124 -0.000201094 -2.10163e-05 0.000269365 -0.000201094 0.0152318 -0.0249036 -0.000216311 -2.10163e-05 -0.0249036 0.10733 
0.00525169 -0.0125677 0.000168979 -6.20742e-05 -0.0125677 0.0747427 -4.77694e-05 -0.000354924 0.000168979 -4.77694e-05 0.0152742 -0.025008 -6.20742e-05 -0.000354924 -0.025008 0.107679 
0.0051706 -0.0124497 0.000176969 8.02819e-05 -0.0124497 0.0743886 9.06585e-05 -0.000744356 0.000176969 9.06585e-05 0.015261 -0.0250499 8.02819e-05 -0.000744356 -0.0250499 0.107841 
0.00512711 -0.0123266 0.000162937 6.98975e-05 -0.0123266 0.0740208 6.82209e-05 -0.000868879 0.000162937 6.82209e-05 0.0152369 -0.0250378 6.98975e-05 -0.000868879 -0.0250378 0.107875 
0.00522062 -0.0122853 0.000186006 8.81624e-06 -0.0122853 0.0738484 9.79549e-07 -0.000688941 0.000186006 9.79549e-07 0.0152155 -0.0250205 8.81624e-06 -0.000688941 -0.0250205 0.107872 
0.00531967 -0.0124109 0.000143477 -3.54416e-05 -0.0124109 0.0739924 -4.08856e-05 -0.00052697 0.000143477 -4.08856e-05 0.0152282 -0.0249952 -3.54416e-05 -0.00052697 -0.0249952 0.107828 
0.00531076 -0.0125416 4.23944e-05 6.95761e-05 -0.0125416 0.0742698 7.34891e-05 -0.000707892 4.23944e-05 7.34891e-05 0.0152508 -0.0249953 6.95761e-05 -0.000707892 -0.0249953 0.107788 
0.00527046 -0.0125665 -4.22778e-05 0.000183583 -0.0125665 0.0744942 0.000197271 -0.000980966 -4.22778e-05 0.000197271 0.0152788 -0.0250255 0.000183583 -0.000980966 -0.0250255 0.107827 
0.00527532 -0.0125428 -5.63844e-05 0.000251006 -0.0125428 0.074589 0.000268879 -0.0011616 -5.63844e-05 0.000268879 0.015296 -0.0250694 0.000251006 -0.0011616 -0.0250694 0.107931 
0.00519884 -0.0125403 -5.61828e-05 0.000286408 -0.0125403 0.0745898 0.00030046 -0.00130387 -5.61828e-05 0.00030046 0.0153239 -0.0250882 0.000286408 -0.00130387 -0.0250882 0.108001 
0.00517031 -0.0124536 -6.42164e-05 0.00027063 -0.0124536 0.0744869 0.000275378 -0.00129095 -6.42164e-05 0.000275378 0.0153643 -0.0251266 0.00027063 -0.00129095 -0.0251266 0.108091 
0.00514049 -0.0123913 -0.000102277 0.000299218 -0.0123913 0.0742797 0.000295595 -0.0013331 -0.000102277 0.000295595 0.0153813 -0.0251746 0.000299218 -0.0013331 -0.0251746 0.1082 
0.00516253 -0.0123491 -0.000115287 0.00033876 -0.0123491 0.0741272 0.000334239 -0.00140194 -0.000115287 0.000334239 0.0153613 -0.0251993 0.00033876 -0.00140194 -0.0251993 0.108293 
0.00519302 -0.0123775 -0.000128395 0.000349308 -0.0123775 0.0741142 0.000349675 -0.00144856 -0.000128395 0.000349675 0.0153467 -0.0251757 0.000349308 -0.00144856 -0.0251757 0.108294 
0.00528043 -0.0124411 -8.17386e-05 0.000336993 -0.0124411 0.0742694 0.000342786 -0.00141519 -8.17386e-05 0.000342786 0.0153479 -0.0251601 0.000336993 -0.00141519 -0.0251601 0.108261 
0.00531201 -0.0125404 -8.2089e-05 0.000329186 -0.0125404 0.0744583 0.000331532 -0.00144768 -8.2089e-05 0.000331532 0.015326 -0.0251496 0.000329186 -0.00144768 -0.0251496 0.108213 
0.00533304 -0.0126087 -6.27311e-06 0.000310622 -0.0126087 0.0747039 0.000310362 -0.00139653 -6.27311e-06 0.000310362 0.0152948 -0.0251288 0.000310622 -0.00139653 -0.0251288 0.108174 
0.00534044 -0.0126486 3.2399e-05 0.000209607 -0.0126486 0.0748918 0.000205522 -0.00120535 3.2399e-05 0.000205522 0.0152928 -0.0250937 0.000209607 -0.00120535 -0.0250937 0.108106 
0.00526357 -0.012634 -3.96973e-05 0.000200931 -0.012634 0.074887 0.000193963 -0.00114495 -3.96973e-05 0.000193963 0.0153123 -0.0250807 0.000200931 -0.00114495 -0.0250807 0.108039 
0.00516252 -0.0125256 -9.22103e-05 0.000287212 -0.0125256 0.0746889 0.000287065 -0.00127369 -9.22103e-05 0.000287065 0.0153267 -0.0251021 0.000287212 -0.00127369 -0.0251021 0.108049 
0.00508598 -0.0123748 -0.000152329 0.000355666 -0.0123748 0.0743197 0.000360921 -0.00146432 -0.000152329 0.000360921 0.0153324 -0.0251198 0.000355666 -0.00146432 -0.0251198 0.108087 
0.00509657 -0.0122677 -0.000124582 0.000393764 -0.0122677 0.0739897 0.000402871 -0.00156188 -0.000124582 0.000402871 0.0153223 -0.0251334 0.000393764 -0.00156188 -0.0251334 0.108132 
0.00508785 -0.0122601 -0.000106617 0.000375901 -0.0122601 0.0738088 0.000381455 -0.0015868 -0.000106617 0.000381455 0.0153045 -0.0251179 0.000375901 -0.0015868 -0.0251179 0.10812 
0.00504702 -0.0122459 -8.5837e-05 0.000360305 -0.0122459 0.0737295 0.000360927 -0.00155826 -8.5837e-05 0.000360927 0.0152899 -0.0250928 0.000360305 -0.00155826 -0.0250928 0.108067 
0.00503278 -0.0121942 -2.77342e-05 0.000323268 -0.0121942 0.0736282 0.000320647 -0.00146866 -2.77342e-05 0.000320647 0.0152743 -0.0250762 0.000323268 -0.00146866 -0.0250762 0.108019 
0.00504916 -0.012164 -3.03931e-05 0.000248151 -0.012164 0.0735178 0.000239945 -0.00130297 -3.03931e-05 0.000239945 0.015276 -0.0250585 0.000248151 -0.00130297 -0.0250585 0.107973 
0.00508386 -0.0121857 -0.000101229 0.000232369 -0.0121857 0.0735127 0.000224692 -0.00117996 -0.000101229 0.000224692 0.0152986 -0.0250626 0.000232369 -0.00117996 -0.0250626 0.107966 
0.00508993 -0.0122289 -0.000135349 0.000340838 -0.0122289 0.0735696 0.000343254 -0.0013517 -0.000135349 0.000343254 0.0153127 -0.0250853 0.000340838 -0.0013517 -0.0250853 0.107995 
0.00503648 -0.0122509 -0.000128764 0.000388125 -0.0122509 0.0736582 0.000395602 -0.0015321 -0.000128764 0.000395602 0.0153262 -0.0251044 0.000388125 -0.0015321 -0.0251044 0.108043 
0.00499663 -0.0121775 -0.000152304 0.000398753 -0.0121775 0.0735685 0.000399916 -0.00162815 -0.000152304 0.000399916 0.0153043 -0.0251184 0.000398753 -0.00162815 -0.0251184 0.108079 
0.00495534 -0.0121144 -0.000190533 0.000410435 -0.0121144 0.0734052 0.000411141 -0.00164826 -0.000190533 0.000411141 0.015288 -0.0250953 0.000410435 -0.00164826 -0.0250953 0.108065 
0.00495405 -0.0120401 -0.000196116 0.000469525 -0.0120401 0.0731829 0.000476771 -0.00177158 -0.000196116 0.000476771 0.0152352 -0.0250662 0.000469525 -0.00177158 -0.0250662 0.107996 
0.00492271 -0.0120198 -0.000148478 0.000484198 -0.0120198 0.073032 0.000495949 -0.00186674 -0.000148478 0.000495949 0.0151859 -0.0249961 0.000484198 -0.00186674 -0.0249961 0.107852 
0.00485867 -0.0119722 -0.000164647 0.000418168 -0.0119722 0.072908 0.000425155 -0.0017815 -0.000164647 0.000425155 0.0151792 -0.0249326 0.000418168 -0.0017815 -0.0249326 0.107681 
0.0048646 -0.0118808 -0.000176223 0.000409186 -0.0118808 0.0727051 0.000413839 -0.00168198 -0.000176223 0.000413839 0.0151684 -0.0249249 0.000409186 -0.00168198 -0.0249249 0.107599 
0.00489269 -0.0118733 -0.000216532 0.000408159 -0.0118733 0.0725847 0.000414483 -0.00163487 -0.000216532 0.000414483 0.0151791 -0.0249168 0.000408159 -0.00163487 -0.0249168 0.10757 
0.00490229 -0.0119145 -0.000187473 0.000458525 -0.0119145 0.0726164 0.000469505 -0.00170668 -0.000187473 0.000469505 0.0151898 -0.0249283 0.000458525 -0.00170668 -0.0249283 0.107574 
0.00493261 -0.0119504 -0.00017872 0.000409261 -0.0119504 0.0727405 0.000414687 -0.00164557 -0.00017872 0.000414687 0.0152067 -0.0249497 0.000409261 -0.00164557 -0.0249497 0.107622 
0.00496547 -0.0119983 -0.000154251 0.000400653 -0.0119983 0.0728789 0.000400948 -0.00158905 -0.000154251 0.000400948 0.0152302 -0.0249712 0.000400653 -0.00158905 -0.0249712 0.107678 
0.00505207 -0.0120639 -0.000108473 0.000354111 -0.0120639 0.0730802 0.000350021 -0.00146858 -0.000108473 0.000350021 0.0152366 -0.0250078 0.000354111 -0.00146858 -0.0250078 0.107769 
0.0050804 -0.0121647 -3.08248e-05 0.000361141 -0.0121647 0.0732879 0.000352704 -0.00150142 -3.08248e-05 0.000352704 0.0151907 -0.0250054 0.000361141 -0.00150142 -0.0250054 0.10779 
0.00511361 -0.0122268 4.53563e-05 0.00024847 -0.0122268 0.0735307 0.000234174 -0.00130788 4.53563e-05 0.000234174 0.0151673 -0.0249567 0.00024847 -0.00130788 -0.0249567 0.10773 
0.00512033 -0.0122631 4.33609e-05 0.000165888 -0.0122631 0.0736678 0.000147926 -0.00109187 4.33609e-05 0.000147926 0.0151609 -0.0249217 0.000165888 -0.00109187 -0.0249217 0.107632 
0.00507493 -0.012273 -2.91291e-05 0.000157671 -0.012273 0.0737339 0.000144996 -0.000989653 -2.91291e-05 0.000144996 0.0151944 -0.024914 0.000157671 -0.000989653 -0.024914 0.107582 
0.00504236 -0.0122136 -3.29314e-05 0.000247719 -0.0122136 0.073653 0.000249015 -0.0011262 -3.29314e-05 0.000249015 0.015197 -0.0249523 0.000247719 -0.0011262 -0.0249523 0.107623 
0.00507279 -0.0121574 2.22341e-05 0.000267424 -0.0121574 0.0734948 0.000273043 -0.00125935 2.22341e-05 0.000273043 0.0151414 -0.0249564 0.000267424 -0.00125935 -0.0249564 0.107657 
0.00511245 -0.0121887 5.56128e-05 0.000187141 -0.0121887 0.0734757 0.000187786 -0.00115106 5.56128e-05 0.000187786 0.0151091 -0.024892 0.000187141 -0.00115106 -0.024892 0.107571 
0.00509093 -0.0122282 5.02183e-05 0.000172023 -0.0122282 0.0735167 0.000170499 -0.00109267 5.02183e-05 0.000170499 0.0150975 -0.0248392 0.000172023 -0.00109267 -0.0248392 0.107421 
0.00508731 -0.0122192 3.86012e-05 0.000135435 -0.0122192 0.0735705 0.00013521 -0.000969302 3.86012e-05 0.00013521 0.0151212 -0.0248314 0.000135435 -0.000969302 -0.0248314 0.107359 
0.00509468 -0.012208 4.91205e-05 0.000157211 -0.012208 0.0735483 0.000159538 -0.000972478 4.91205e-05 0.000159538 0.0151327 -0.0248594 0.000157211 -0.000972478 -0.0248594 0.107381 
0.00511172 -0.0122234 0.000135784 0.000138066 -0.0122234 0.0735741 0.000138891 -0.000942878 0.000135784 0.000138891 0.0151258 -0.0248794 0.000138066 -0.000942878 -0.0248794 0.107438 
0.00518766 -0.012255 0.000243306 2.64331e-05 -0.012255 0.0736575 1.63662e-05 -0.000730305 0.000243306 1.63662e-05 0.0150927 -0.0248774 2.64331e-05 -0.000730305 -0.0248774 0.107465 
0.00522665 -0.0123483 0.000246635 -9.2336e-05 -0.0123483 0.0738332 -0.000113067 -0.000441465 0.000246635 -0.000113067 0.0151008 -0.0248371 -9.2336e-05 -0.000441465 -0.0248371 0.107409 
0.00521899 -0.0124043 0.000221654 -8.42764e-05 -0.0124043 0.0740049 -0.000101565 -0.000351249 0.000221654 -0.000101565 0.0150987 -0.0248403 -8.42764e-05 -0.000351249 -0.0248403 0.107377 
0.00519546 -0.0123863 0.000160864 -1.83262e-05 -0.0123863 0.0740192 -2.3159e-05 -0.000500644 0.000160864 -2.3159e-05 0.015077 -0.0248312 -1.83262e-05 -0.000500644 -0.0248312 0.10735 
0.00516804 -0.0123451 0.000116342 6.08217e-05 -0.0123451 0.073928 6.8918e-05 -0.000718709 0.000116342 6.8918e-05 0.0150612 -0.0248003 6.08217e-05 -0.000718709 -0.0248003 0.107285 
0.00516012 -0.012303 0.000187682 0.000104679 -0.012303 0.0738125 0.000119009 -0.00087663 0.000187682 0.000119009 0.0150062 -0.0247768 0.000104679 -0.00087663 -0.0247768 0.107213 
0.00519775 -0.0122995 0.000260405 -2.77378e-05 -0.0122995 0.0737906 -2.21615e-05 -0.000665501 0.000260405 -2.21615e-05 0.0149895 -0.0247215 -2.77378e-05 -0.000665501 -0.0247215 0.107112 
0.0052115 -0.0123275 0.000291545 -8.70362e-05 -0.0123275 0.0737869 -9.26129e-05 -0.000479878 0.000291545 -9.26129e-05 0.0149694 -0.0246896 -8.70362e-05 -0.000479878 -0.0246896 0.106998 
0.00520287 -0.0123533 0.000285491 -0.000145844 -0.0123533 0.0738557 -0.000155015 -0.000287764 0.000285491 -0.000155015 0.0149878 -0.0246717 -0.000145844 -0.000287764 -0.0246717 0.106937 
0.00521792 -0.0123469 0.00028929 -0.000142811 -0.0123469 0.0738794 -0.000148884 -0.000217315 0.00028929 -0.000148884 0.0149989 -0.0246939 -0.000142811 -0.000217315 -0.0246939 0.10695 
0.00530135 -0.0123681 0.000324879 -0.000149201 -0.0123681 0.073922 -0.000152364 -0.000194855 0.000324879 -0.000152364 0.0149725 -0.0247125 -0.000149201 -0.000194855 -0.0247125 0.106998 
0.0053678 -0.0124819 0.000348656 -0.000188181 -0.0124819 0.0741292 -0.000191736 -0.000130547 0.000348656 -0.000191736 0.0149568 -0.0246832 -0.000188181 -0.000130547 -0.0246832 0.106977 
0.00542607 -0.01258 0.00036765 -0.000197307 -0.01258 0.0743986 -0.000200527 -0.000108545 0.00036765 -0.000200527 0.0149187 -0.0246573 -0.000197307 -0.000108545 -0.0246573 0.10691 
0.0054746 -0.0126696 0.000385398 -0.00022512 -0.0126696 0.0746783 -0.000227177 -5.43683e-05 0.000385398 -0.000227177 0.0148939 -0.0246126 -0.00022512 -5.43683e-05 -0.0246126 0.106816 
0.0054744 -0.0127273 0.000376401 -0.000215307 -0.0127273 0.074866 -0.000214388 -9.00733e-05 0.000376401 -0.000214388 0.0148754 -0.0245718 -0.000215307 -9.00733e-05 -0.0245718 0.106699 
0.00543247 -0.0127348 0.000344443 -0.000216511 -0.0127348 0.0749672 -0.000213442 -9.41782e-05 0.000344443 -0.000213442 0.0149026 -0.0245508 -0.000216511 -9.41782e-05 -0.0245508 0.106621 
0.00537233 -0.0126836 0.000315128 -0.000189217 -0.0126836 0.0749212 -0.000184417 -0.000129023 0.000315128 -0.000184417 0.0149437 -0.0245843 -0.000189217 -0.000129023 -0.0245843 0.106644 
0.00535848 -0.0126066 0.000294332 -0.00017071 -0.0126066 0.0747742 -0.000165033 -0.000159761 0.000294332 -0.000165033 0.0149908 -0.0246415 -0.00017071 -0.000159761 -0.0246415 0.106762 
0.00530281 -0.0125785 0.000265423 -0.000133876 -0.0125785 0.0746394 -0.000130539 -0.000239356 0.000265423 -0.000130539 0.015041 -0.0247016 -0.000133876 -0.000239356 -0.0247016 0.106909 
0.00529384 -0.0125189 0.000264282 -0.000109359 -0.0125189 0.0745173 -0.000109688 -0.000291279 0.000264282 -0.000109688 0.0150692 -0.0247688 -0.000109359 -0.000291279 -0.0247688 0.107083 
0.00527777 -0.0125043 0.00024345 -0.000107201 -0.0125043 0.0744338 -0.000110878 -0.000309845 0.00024345 -0.000110878 0.0151046 -0.0248071 -0.000107201 -0.000309845 -0.0248071 0.107221 
0.00531464 -0.0124922 0.000267817 -8.98014e-05 -0.0124922 0.0743987 -9.39455e-05 -0.000328345 0.000267817 -9.39455e-05 0.0151124 -0.024852 -8.98014e-05 -0.000328345 -0.024852 0.107343 
0.00531955 -0.0125433 0.000227778 -0.000116651 -0.0125433 0.0744714 -0.000122305 -0.000296903 0.000227778 -0.000122305 0.0151487 -0.0248646 -0.000116651 -0.000296903 -0.0248646 0.107418 
0.00536846 -0.012564 0.000218057 -6.90411e-05 -0.012564 0.0745612 -7.19484e-05 -0.000350624 0.000218057 -7.19484e-05 0.0151337 -0.0249078 -6.90411e-05 -0.000350624 -0.0249078 0.107506 
0.00532273 -0.0126205 0.000203794 -2.59196e-05 -0.0126205 0.0746644 -2.40011e-05 -0.000495379 0.000203794 -2.40011e-05 0.0151317 -0.0248861 -2.59196e-05 -0.000495379 -0.0248861 0.107511 
0.00525263 -0.0125738 0.000227723 -1.3952e-05 -0.0125738 0.0746625 -8.66872e-06 -0.000569219 0.000227723 -8.66872e-06 0.0151446 -0.0248796 -1.3952e-05 -0.000569219 -0.0248796 0.107486 
0.00515069 -0.0124614 0.000200071 -2.71882e-05 -0.0124614 0.0744301 -2.80455e-05 -0.000588559 0.000200071 -2.80455e-05 0.0151831 -0.024891 -2.71882e-05 -0.000588559 -0.024891 0.107488 
0.00508226 -0.0123125 0.000155231 -8.73504e-06 -0.0123125 0.074061 -1.48029e-05 -0.000589539 0.000155231 -1.48029e-05 0.0152142 -0.0249418 -8.73504e-06 -0.000589539 -0.0249418 0.107576 
0.00509766 -0.0122124 0.000118614 2.03234e-05 -0.0122124 0.0737292 1.65351e-05 -0.000611306 0.000118614 1.65351e-05 0.0152266 -0.024989 2.03234e-05 -0.000611306 -0.024989 0.107703 
0.00513579 -0.0122215 0.00011092 6.93303e-05 -0.0122215 0.0735908 7.05406e-05 -0.000711019 0.00011092 7.05406e-05 0.0152232 -0.0250039 6.93303e-05 -0.000711019 -0.0250039 0.107779 
0.00513173 -0.0122851 6.45172e-05 7.6907e-05 -0.0122851 0.0736786 7.95918e-05 -0.000765623 6.45172e-05 7.95918e-05 0.0152423 -0.0249992 7.6907e-05 -0.000765623 -0.0249992 0.107796 
0.0051424 -0.0123105 3.02497e-05 0.000106922 -0.0123105 0.0738215 0.000112511 -0.000798695 3.02497e-05 0.000112511 0.0152824 -0.0250253 0.000106922 -0.000798695 -0.0250253 0.107843 
0.00511826 -0.0123266 -4.51822e-05 0.000166395 -0.0123266 0.0738942 0.000174019 -0.000935094 -4.51822e-05 0.000174019 0.0153229 -0.0250724 0.000166395 -0.000935094 -0.0250724 0.107935 
0.0050938 -0.0123011 -0.000122477 0.000266787 -0.0123011 0.073885 0.000276557 -0.00116162 -0.000122477 0.000276557 0.0153478 -0.0251221 0.000266787 -0.00116162 -0.0251221 0.108056 
0.00514691 -0.0122812 -0.000125329 0.000342996 -0.0122812 0.0738659 0.00035554 -0.00135744 -0.000125329 0.00035554 0.0153361 -0.025158 0.000342996 -0.00135744 -0.025158 0.108171 
0.00517164 -0.0123353 -0.000133217 0.000377869 -0.0123353 0.0739095 0.000389737 -0.00152617 -0.000133217 0.000389737 0.015326 -0.0251376 0.000377869 -0.00152617 -0.0251376 0.108175 
0.00524888 -0.0123941 -0.000103974 0.000360955 -0.0123941 0.0740859 0.000368939 -0.00151581 -0.000103974 0.000368939 0.0153175 -0.0251269 0.000360955 -0.00151581 -0.0251269 0.108153 
0.00521809 -0.0124787 -9.32825e-05 0.00037327 -0.0124787 0.0742505 0.000376868 -0.00157728 -9.32825e-05 0.000376868 0.0153026 -0.0251058 0.00037327 -0.00157728 -0.0251058 0.108095 
0.00522517 -0.0124716 -9.96677e-05 0.000324737 -0.0124716 0.0743837 0.000322608 -0.00147215 -9.96677e-05 0.000322608 0.0153038 -0.0250964 0.000324737 -0.00147215 -0.0250964 0.108069 
0.00517557 -0.0124717 -0.000122786 0.000333554 -0.0124717 0.0744058 0.000331991 -0.00144038 -0.000122786 0.000331991 0.0153269 -0.0250966 0.000333554 -0.00144038 -0.0250966 0.10806 
0.00512815 -0.0124074 -0.000143118 0.000364519 -0.0124074 0.0743102 0.000365797 -0.00149242 -0.000143118 0.000365797 0.0153487 -0.0251237 0.000364519 -0.00149242 -0.0251237 0.108098 
0.0051362 -0.012353 -0.000135999 0.000359644 -0.012353 0.074195 0.000360696 -0.00147265 -0.000135999 0.000360696 0.0153802 -0.0251607 0.000359644 -0.00147265 -0.0251607 0.108189 
0.00518798 -0.0123693 -0.000124598 0.000335755 -0.0123693 0.074181 0.000332905 -0.00140038 -0.000124598 0.000332905 0.0154119 -0.0252046 0.000335755 -0.00140038 -0.0252046 0.108303 
0.00522294 -0.0124419 -0.000120509 0.000332103 -0.0124419 0.0743007 0.000326066 -0.00137069 -0.000120509 0.000326066 0.0154342 -0.025245 0.000332103 -0.00137069 -0.025245 0.108413 
0.00524099 -0.0125036 -0.000118664 0.000332649 -0.0125036 0.0744838 0.000325463 -0.00136381 -0.000118664 0.000325463 0.01546 -0.0252735 0.000332649 -0.00136381 -0.0252735 0.108506 
0.00518457 -0.0125217 -0.000158496 0.000358137 -0.0125217 0.0745655 0.000349867 -0.00143318 -0.000158496 0.000349867 0.0154895 -0.0253007 0.000358137 -0.00143318 -0.0253007 0.108577 
0.00509575 -0.0124416 -0.000227104 0.000415398 -0.0124416 0.0744495 0.000407992 -0.00156451 -0.000227104 0.000407992 0.0155036 -0.0253351 0.000415398 -0.00156451 -0.0253351 0.108657 
0.00504805 -0.0123195 -0.000266195 0.000484598 -0.0123195 0.0741821 0.000482763 -0.0017162 -0.000266195 0.000482763 0.0155042 -0.0253552 0.000484598 -0.0017162 -0.0253552 0.108729 
0.005012 -0.012225 -0.000315426 0.00054753 -0.012225 0.0738537 0.000551997 -0.00190843 -0.000315426 0.000551997 0.0154979 -0.0253503 0.00054753 -0.00190843 -0.0253503 0.108741 
0.0050149 -0.012175 -0.000337886 0.000592879 -0.012175 0.0736447 0.000601151 -0.00203878 -0.000337886 0.000601151 0.0154795 -0.025343 0.000592879 -0.00203878 -0.025343 0.108729 
0.00502369 -0.0121867 -0.000364247 0.000602121 -0.0121867 0.0736049 0.000612415 -0.00208328 -0.000364247 0.000612415 0.015478 -0.025323 0.000602121 -0.00208328 -0.025323 0.108695 
0.00501183 -0.0121926 -0.000369868 0.000650962 -0.0121926 0.073593 0.00066317 -0.00219667 -0.000369868 0.00066317 0.0154545 -0.0253127 0.000650962 -0.00219667 -0.0253127 0.108652 
0.00500581 -0.0121757 -0.000320877 0.000666371 -0.0121757 0.0735652 0.00067784 -0.00227876 -0.000320877 0.00067784 0.0154183 -0.0252825 0.000666371 -0.00227876 -0.0252825 0.108588 
0.00500943 -0.0121613 -0.000303973 0.000610589 -0.0121613 0.0735237 0.00061623 -0.002216 -0.000303973 0.00061623 0.0153849 -0.0252366 0.000610589 -0.002216 -0.0252366 0.108484 
0.00501402 -0.012164 -0.000262713 0.000574498 -0.012164 0.0735183 0.000577955 -0.00209846 -0.000262713 0.000577955 0.0153646 -0.0251956 0.000574498 -0.00209846 -0.0251956 0.108376 
0.00502007 -0.0121781 -0.000208251 0.00050587 -0.0121781 0.073564 0.000506588 -0.00192551 -0.000208251 0.000506588 0.0153636 -0.0251747 0.00050587 -0.00192551 -0.0251747 0.108302 
0.00504138 -0.0121861 -0.000150444 0.00044109 -0.0121861 0.0735974 0.000437326 -0.00174865 -0.000150444 0.000437326 0.0153722 -0.0251733 0.00044109 -0.00174865 -0.0251733 0.108274 
0.00514524 -0.0122248 -7.10681e-05 0.000353492 -0.0122248 0.0736941 0.000343045 -0.00151206 -7.10681e-05 0.000343045 0.0153627 -0.0251907 0.000353492 -0.00151206 -0.0251907 0.108303 
0.00516827 -0.0123448 -7.15267e-05 0.00029618 -0.0123448 0.0738901 0.000279897 -0.00136623 -7.15267e-05 0.000279897 0.0153682 -0.0251752 0.00029618 -0.00136623 -0.0251752 0.108288 
0.00518945 -0.0123951 -0.000128013 0.000294981 -0.0123951 0.0740992 0.000280992 -0.00130498 -0.000128013 0.000280992 0.0153717 -0.0251822 0.000294981 -0.00130498 -0.0251822 0.108289 
0.00522075 -0.0124314 -0.000140376 0.000356968 -0.0124314 0.0742426 0.000355117 -0.00139718 -0.000140376 0.000355117 0.0153622 -0.0251876 0.000356968 -0.00139718 -0.0251876 0.108305 
0.0052132 -0.0124825 -0.000188047 0.000368544 -0.0124825 0.074397 0.000373652 -0.00147282 -0.000188047 0.000373652 0.0153806 -0.025177 0.000368544 -0.00147282 -0.025177 0.108295 
0.00514354 -0.0124669 -0.000235473 0.000449806 -0.0124669 0.074415 0.000460082 -0.00166022 -0.000235473 0.000460082 0.0154101 -0.0251902 0.000449806 -0.00166022 -0.0251902 0.108295 
0.0051407 -0.0124031 -0.000243207 0.000463471 -0.0124031 0.0743694 0.000472415 -0.00170718 -0.000243207 0.000472415 0.0154458 -0.0252378 0.000463471 -0.00170718 -0.0252378 0.10839 
0.0051301 -0.0123765 -0.000252847 0.000496147 -0.0123765 0.0742471 0.000499793 -0.00179456 -0.000252847 0.000499793 0.0154628 -0.02528 0.000496147 -0.00179456 -0.02528 0.108495 
0.00516374 -0.012371 -0.000214009 0.000496159 -0.012371 0.0742126 0.000494365 -0.00180238 -0.000214009 0.000494365 0.0154649 -0.0253069 0.000496159 -0.00180238 -0.0253069 0.108589 
0.00514172 -0.0124067 -0.000191476 0.000466467 -0.0124067 0.074238 0.000459723 -0.00176913 -0.000191476 0.000459723 0.0154613 -0.0253067 0.000466467 -0.00176913 -0.0253067 0.10862 
0.00510195 -0.0123798 -0.000229828 0.000444814 -0.0123798 0.0742153 0.000435509 -0.00171639 -0.000229828 0.000435509 0.0154691 -0.0253001 0.000444814 -0.00171639 -0.0253001 0.108616 
0.00511432 -0.0123422 -0.000316144 0.000454923 -0.0123422 0.0741694 0.000451639 -0.00167301 -0.000316144 0.000451639 0.0155076 -0.0253154 0.000454923 -0.00167301 -0.0253154 0.108645 
0.00518872 -0.0123631 -0.00029652 0.0005459 -0.0123631 0.0741835 0.000551398 -0.00180141 -0.00029652 0.000551398 0.015519 -0.025364 0.0005459 -0.00180141 -0.025364 0.108737 
0.00527465 -0.0124717 -0.000174485 0.000531906 -0.0124717 0.0743823 0.000536967 -0.00186237 -0.000174485 0.000536967 0.0154955 -0.0253817 0.000531906 -0.00186237 -0.0253817 0.108813 
0.0053687 -0.0125965 -0.000144078 0.000400795 -0.0125965 0.0746965 0.0003933 -0.00166686 -0.000144078 0.0003933 0.0154821 -0.0253528 0.000400795 -0.00166686 -0.0253528 0.108793 
0.0054711 -0.012745 -0.000139764 0.000342547 -0.012745 0.0751114 0.000331724 -0.00143748 -0.000139764 0.000331724 0.0154919 -0.0253383 0.000342547 -0.00143748 -0.0253383 0.108756 
0.00544232 -0.0128628 -0.000300121 0.000386313 -0.0128628 0.0754277 0.000380783 -0.00149607 -0.000300121 0.000380783 0.0155214 -0.0253387 0.000386313 -0.00149607 -0.0253387 0.108726 
0.00542611 -0.0128508 -0.000348172 0.000564831 -0.0128508 0.075572 0.00057449 -0.00181345 -0.000348172 0.00057449 0.0155319 -0.025375 0.000564831 -0.00181345 -0.025375 0.108777 
0.00550435 -0.0128584 -0.00032412 0.000593128 -0.0128584 0.0756742 0.000607434 -0.00198268 -0.00032412 0.000607434 0.015546 -0.0253995 0.000593128 -0.00198268 -0.0253995 0.108858 
0.00550031 -0.0129306 -0.000334419 0.000602953 -0.0129306 0.0757623 0.000610971 -0.00208636 -0.000334419 0.000610971 0.0155499 -0.0254064 0.000602953 -0.00208636 -0.0254064 0.108885 
0.00542838 -0.0129275 -0.00035979 0.000626455 -0.0129275 0.0758095 0.000627889 -0.00215438 -0.00035979 0.000627889 0.0155475 -0.0254086 0.000626455 -0.00215438 -0.0254086 0.108893 
0.00533487 -0.0128264 -0.000321663 0.000662206 -0.0128264 0.0756445 0.000662664 -0.0022414 -0.000321663 0.000662664 0.0155357 -0.0254047 0.000662206 -0.0022414 -0.0254047 0.108888 
0.00529832 -0.012705 -0.000301824 0.000596905 -0.012705 0.0753769 0.000593721 -0.00214871 -0.000301824 0.000593721 0.0155287 -0.0253954 0.000596905 -0.00214871 -0.0253954 0.108878 
0.00528546 -0.0126269 -0.000327801 0.00057879 -0.0126269 0.0750869 0.000573515 -0.00207271 -0.000327801 0.000573515 0.0155108 -0.0253835 0.00057879 -0.00207271 -0.0253835 0.108849 
0.00532443 -0.0126066 -0.000351038 0.000599721 -0.0126066 0.0749439 0.000599407 -0.0020708 -0.000351038 0.000599407 0.0154907 -0.0253627 0.000599721 -0.0020708 -0.0253627 0.108807 
0.00530363 -0.0126539 -0.00041954 0.000633539 -0.0126539 0.0749629 0.000642063 -0.00215264 -0.00041954 0.000642063 0.0155032 -0.0253337 0.000633539 -0.00215264 -0.0253337 0.108738 
0.00537972 -0.0126675 -0.000391853 0.000677587 -0.0126675 0.0750863 0.000691051 -0.00221605 -0.000391853 0.000691051 0.0155219 -0.025355 0.000677587 -0.00221605 -0.025355 0.108749 
0.0053594 -0.0127491 -0.000380182 0.000679268 -0.0127491 0.0752197 0.000687362 -0.00229074 -0.000380182 0.000687362 0.0155337 -0.0253731 0.000679268 -0.00229074 -0.0253731 0.108781 
0.0053033 -0.012731 -0.000391568 0.000674734 -0.012731 0.07527 0.0006725 -0.0022981 -0.000391568 0.0006725 0.0155327 -0.0253886 0.000674734 -0.0022981 -0.0253886 0.10882 
0.00528246 -0.0126704 -0.000402372 0.000660466 -0.0126704 0.0752138 0.00065617 -0.00223301 -0.000402372 0.00065617 0.0155523 -0.0253954 0.000660466 -0.00223301 -0.0253954 0.10886 
0.00527503 -0.0126294 -0.000403408 0.000677153 -0.0126294 0.0750849 0.000673508 -0.00224074 -0.000403408 0.000673508 0.0155667 -0.0254167 0.000677153 -0.00224074 -0.0254167 0.108903 
0.00521443 -0.0125997 -0.000417241 0.000698377 -0.0125997 0.0749479 0.000694468 -0.0023065 -0.000417241 0.000694468 0.0155758 -0.025432 0.000698377 -0.0023065 -0.025432 0.108942 
0.00516542 -0.0125241 -0.000454486 0.000705645 -0.0125241 0.0747855 0.000700594 -0.00232919 -0.000454486 0.000700594 0.0155838 -0.0254454 0.000705645 -0.00232919 -0.0254454 0.108983 
0.00509284 -0.0124507 -0.000527595 0.000743565 -0.0124507 0.0745808 0.000740872 -0.00238912 -0.000527595 0.000740872 0.0155996 -0.0254571 0.000743565 -0.00238912 -0.0254571 0.109018 
0.00502051 -0.0123381 -0.000514121 0.000839682 -0.0123381 0.0742825 0.00084362 -0.00258686 -0.000514121 0.00084362 0.0155937 -0.0254724 0.000839682 -0.00258686 -0.0254724 0.109051 
