0.00385117 0 -0.000154682 0 0 0.01 0 0 -0.000154682 0 0.0120541 0 0 0 0 0.01 
0.00544427 -0.00686909 -6.61441e-05 7.06705e-05 -0.00686909 0.0223451 7.06705e-05 -0.000134809 -6.61441e-05 7.06705e-05 0.0169676 -0.0209873 7.06705e-05 -0.000134809 -0.0209873 0.0494156 
0.00612524 -0.0129211 6.85857e-05 -8.44765e-05 -0.0129211 0.0509043 -8.44765e-05 0.000343037 6.85857e-05 -8.44765e-05 0.0164124 -0.0295176 -8.44765e-05 0.000343037 -0.0295176 0.103346 
0.00598662 -0.0145926 3.19574e-05 -0.000220855 -0.0145926 0.0708414 -0.00023323 0.00100127 3.19574e-05 -0.00023323 0.0151555 -0.0266665 -0.000220855 0.00100127 -0.0266665 0.112544 
0.00586497 -0.0141138 -5.76211e-05 -0.000137177 -0.0141138 0.0769628 -0.000152959 0.000983801 -5.76211e-05 -0.000152959 0.0151954 -0.0250268 -0.000137177 0.000983801 -0.0250268 0.109619 
0.0058831 -0.0136638 -0.00013825 -3.9469e-05 -0.0136638 0.0776782 -4.72521e-05 0.000688326 -0.00013825 -4.72521e-05 0.015552 -0.0251203 -3.9469e-05 0.000688326 -0.0251203 0.10856 
0.00593745 -0.0135639 -0.000190189 4.12223e-05 -0.0135639 0.0776314 4.25577e-05 0.000389463 -0.000190189 4.25577e-05 0.0157543 -0.0255388 4.12223e-05 0.000389463 -0.0255388 0.109114 
0.00610116 -0.0136371 -0.000221756 0.000109077 -0.0136371 0.0778413 0.000114183 0.000139077 -0.000221756 0.000114183 0.0158158 -0.025744 0.000109077 0.000139077 -0.025744 0.109711 
0.0061886 -0.0138282 -0.000219944 0.000131147 -0.0138282 0.0782378 0.000137309 3.04342e-05 -0.000219944 0.000137309 0.0158337 -0.0257897 0.000131147 3.04342e-05 -0.0257897 0.109951 
0.00614247 -0.0139264 -0.000192543 0.0001112 -0.0139264 0.0785486 0.000120117 5.13253e-05 -0.000192543 0.000120117 0.0158415 -0.0258016 0.0001112 5.13253e-05 -0.0258016 0.110016 
0.00608208 -0.0138817 -0.000111893 8.76736e-05 -0.0138817 0.0786098 9.67863e-05 9.29127e-05 -0.000111893 9.67863e-05 0.0158591 -0.0258123 8.76736e-05 9.29127e-05 -0.0258123 0.110051 
0.0060605 -0.0137923 -0.000104755 8.23993e-07 -0.0137923 0.0784354 4.06966e-06 0.000243425 -0.000104755 4.06966e-06 0.0158524 -0.0258346 8.23993e-07 0.000243425 -0.0258346 0.110098 
0.00597822 -0.0137344 -7.93218e-05 -1.91951e-05 -0.0137344 0.0782044 -1.99883e-05 0.000362933 -7.93218e-05 -1.99883e-05 0.0158421 -0.0258255 -1.91951e-05 0.000362933 -0.0258255 0.110107 
0.00598135 -0.0136543 -5.56648e-05 -3.49965e-05 -0.0136543 0.0780385 -4.11137e-05 0.000411375 -5.56648e-05 -4.11137e-05 0.0158375 -0.025812 -3.49965e-05 0.000411375 -0.025812 0.110082 
0.00588711 -0.0136154 -7.46472e-05 -8.24233e-05 -0.0136154 0.0778273 -9.24812e-05 0.000534444 -7.46472e-05 -9.24812e-05 0.0158212 -0.025802 -8.24233e-05 0.000534444 -0.025802 0.110047 
0.0058542 -0.01354 -8.60134e-05 -4.38316e-05 -0.01354 0.0777246 -5.23183e-05 0.000505737 -8.60134e-05 -5.23183e-05 0.0158164 -0.0257833 -4.38316e-05 0.000505737 -0.0257833 0.110008 
0.00582781 -0.0134858 -0.000154754 -3.04191e-05 -0.0134858 0.0775711 -3.66902e-05 0.000459936 -0.000154754 -3.66902e-05 0.0158005 -0.0257765 -3.04191e-05 0.000459936 -0.0257765 0.109978 
0.00580679 -0.0134475 -0.000206159 4.67247e-05 -0.0134475 0.0774484 4.68942e-05 0.00032485 -0.000206159 4.68942e-05 0.0157928 -0.025759 4.67247e-05 0.00032485 -0.025759 0.109941 
0.0058192 -0.0134162 -0.000326235 0.000110117 -0.0134162 0.0773541 0.000115716 0.00015049 -0.000326235 0.000115716 0.0157703 -0.0257495 0.000110117 0.00015049 -0.0257495 0.109911 
0.00584295 -0.0134384 -0.000360086 0.00025582 -0.0134384 0.0773675 0.000270606 -0.000154771 -0.000360086 0.000270606 0.0157679 -0.0257253 0.00025582 -0.000154771 -0.0257253 0.109867 
0.0058045 -0.0134454 -0.000277598 0.000289224 -0.0134454 0.0773502 0.000305932 -0.000337276 -0.000277598 0.000305932 0.0157816 -0.0257216 0.000289224 -0.000337276 -0.0257216 0.10984 
0.00578065 -0.0134029 -0.000210842 0.000198534 -0.0134029 0.0772873 0.000203001 -0.000247668 -0.000210842 0.000203001 0.0157938 -0.0257382 0.000198534 -0.000247668 -0.0257382 0.10986 
0.00579146 -0.0133836 -0.000128299 0.000126324 -0.0133836 0.077241 0.000118811 -6.38758e-05 -0.000128299 0.000118811 0.0158146 -0.025754 0.000126324 -6.38758e-05 -0.025754 0.109896 
0.00584638 -0.0134141 -0.000139845 3.86973e-05 -0.0134141 0.0773004 2.59e-05 0.000138945 -0.000139845 2.59e-05 0.0158235 -0.0257784 3.86973e-05 0.000138945 -0.0257784 0.109948 
0.00581145 -0.0134471 -7.92986e-05 2.26642e-05 -0.0134471 0.0773108 1.55577e-05 0.000278918 -7.92986e-05 1.55577e-05 0.0158341 -0.0257878 2.26642e-05 0.000278918 -0.0257878 0.109981 
0.00566107 -0.0133655 -3.40734e-05 -6.45422e-05 -0.0133655 0.0771262 -6.90248e-05 0.000464271 -3.40734e-05 -6.90248e-05 0.0158345 -0.0257971 -6.45422e-05 0.000464271 -0.0257971 0.110004 
0.0055236 -0.01319 -3.45779e-05 -0.000104886 -0.01319 0.0767953 -0.000110069 0.000590571 -3.45779e-05 -0.000110069 0.0158293 -0.0257992 -0.000104886 0.000590571 -0.0257992 0.110018 
0.00548252 -0.0130136 -7.48644e-05 -9.19684e-05 -0.0130136 0.0763697 -9.64577e-05 0.0005992 -7.48644e-05 -9.64577e-05 0.0158272 -0.0257932 -9.19684e-05 0.0005992 -0.0257932 0.110013 
0.00552303 -0.0129642 -8.13542e-05 -2.76005e-05 -0.0129642 0.0761316 -2.68419e-05 0.00046929 -8.13542e-05 -2.68419e-05 0.0158313 -0.0257921 -2.76005e-05 0.00046929 -0.0257921 0.110009 
0.00553082 -0.013 -1.83963e-05 -2.56308e-05 -0.013 0.0760759 -2.16075e-05 0.000406996 -1.83963e-05 -2.16075e-05 0.0158478 -0.0257959 -2.56308e-05 0.000406996 -0.0257959 0.110013 
0.0054589 -0.0130115 1.71665e-05 -0.000102109 -0.0130115 0.0760955 -0.000102517 0.000516141 1.71665e-05 -0.000102517 0.0158571 -0.025816 -0.000102109 0.000516141 -0.025816 0.110046 
0.005422 -0.0129355 6.81756e-05 -0.000138818 -0.0129355 0.0760154 -0.000141452 0.000628224 6.81756e-05 -0.000141452 0.0158648 -0.0258293 -0.000138818 0.000628224 -0.0258293 0.110086 
0.00537072 -0.0128644 0.000128935 -0.000202488 -0.0128644 0.0758126 -0.000207846 0.000770457 0.000128935 -0.000207846 0.0158743 -0.0258373 -0.000202488 0.000770457 -0.0258373 0.110113 
0.00530089 -0.0127814 0.000183198 -0.000277327 -0.0127814 0.0755703 -0.000285393 0.000953324 0.000183198 -0.000285393 0.0158829 -0.0258472 -0.000277327 0.000953324 -0.0258472 0.110136 
0.00527778 -0.012693 0.000177507 -0.000335117 -0.012693 0.0753374 -0.000344124 0.00110956 0.000177507 -0.000344124 0.015883 -0.0258585 -0.000335117 0.00110956 -0.0258585 0.110164 
0.00530211 -0.0126525 0.00012972 -0.000330891 -0.0126525 0.075159 -0.00033543 0.00115786 0.00012972 -0.00033543 0.0158711 -0.0258582 -0.000330891 0.00115786 -0.0258582 0.110176 
0.00536888 -0.0126891 9.79352e-05 -0.000270382 -0.0126891 0.0751668 -0.000269642 0.0010593 9.79352e-05 -0.000269642 0.0158579 -0.0258446 -0.000270382 0.0010593 -0.0258446 0.110158 
0.00540102 -0.0127812 0.000103889 -0.000234525 -0.0127812 0.075338 -0.000232018 0.000952665 0.000103889 -0.000232018 0.0158555 -0.0258284 -0.000234525 0.000952665 -0.0258284 0.110121 
0.00541796 -0.012849 0.000116821 -0.000236664 -0.012849 0.0755694 -0.000236933 0.000916065 0.000116821 -0.000236933 0.0158587 -0.0258242 -0.000236664 0.000916065 -0.0258242 0.110098 
0.00538872 -0.0128615 0.000136142 -0.000263182 -0.0128615 0.0756636 -0.000266632 0.000970353 0.000136142 -0.000266632 0.0158682 -0.0258268 -0.000263182 0.000970353 -0.0258268 0.110092 
0.00530725 -0.0128121 0.000185581 -0.000291797 -0.0128121 0.075597 -0.000294011 0.00104728 0.000185581 -0.000294011 0.0158814 -0.0258379 -0.000291797 0.00104728 -0.0258379 0.110109 
0.00528045 -0.0127141 0.000244089 -0.000339574 -0.0127141 0.0754178 -0.000340691 0.00113327 0.000244089 -0.000340691 0.0158977 -0.0258571 -0.000339574 0.00113327 -0.0258571 0.11015 
0.00522364 -0.012658 0.000255892 -0.000407117 -0.012658 0.0752081 -0.000408102 0.0012735 0.000255892 -0.000408102 0.015903 -0.0258767 -0.000407117 0.0012735 -0.0258767 0.110201 
0.00522365 -0.0125988 0.000281342 -0.000411782 -0.0125988 0.0750655 -0.00041154 0.00132407 0.000281342 -0.00041154 0.0159044 -0.0258858 -0.000411782 0.00132407 -0.0258858 0.110239 
0.00527123 -0.0125932 0.00024856 -0.000437077 -0.0125932 0.0749878 -0.000437345 0.00136552 0.00024856 -0.000437345 0.0158978 -0.025887 -0.000437077 0.00136552 -0.025887 0.110254 
0.00534484 -0.0126686 0.000248236 -0.000396632 -0.0126686 0.0751112 -0.000396286 0.00131922 0.000248236 -0.000396286 0.0158939 -0.0258792 -0.000396632 0.00131922 -0.0258792 0.110247 
0.00545218 -0.0127895 0.000300056 -0.000389241 -0.0127895 0.0754073 -0.000389581 0.00126892 0.000300056 -0.000389581 0.0158989 -0.0258748 -0.000389241 0.00126892 -0.0258748 0.110234 
0.00543021 -0.0129063 0.000408216 -0.000468623 -0.0129063 0.075674 -0.000474728 0.00140761 0.000408216 -0.000474728 0.0159078 -0.0258781 -0.000468623 0.00140761 -0.0258781 0.110229 
0.00540484 -0.0129058 0.000385955 -0.000591049 -0.0129058 0.0758351 -0.000602718 0.00166486 0.000385955 -0.000602718 0.0159111 -0.025889 -0.000591049 0.00166486 -0.025889 0.110248 
0.00542417 -0.012871 0.000346418 -0.000569136 -0.012871 0.0758209 -0.00057522 0.00174425 0.000346418 -0.00057522 0.0159092 -0.0258945 -0.000569136 0.00174425 -0.0258945 0.110267 
0.00551791 -0.012921 0.000313855 -0.000504454 -0.012921 0.0759312 -0.000502894 0.00161565 0.000313855 -0.000502894 0.0159092 -0.025895 -0.000504454 0.00161565 -0.025895 0.110278 
0.00561487 -0.0130496 0.000323614 -0.000465594 -0.0130496 0.0761962 -0.000460843 0.00148713 0.000323614 -0.000460843 0.0159142 -0.0258941 -0.000465594 0.00148713 -0.0258941 0.11028 
0.00573352 -0.0132029 0.000316793 -0.000471706 -0.0132029 0.0766057 -0.000469234 0.00144626 0.000316793 -0.000469234 0.0159195 -0.0259009 -0.000471706 0.00144626 -0.0259009 0.11029 
0.00575897 -0.0133351 0.00034684 -0.000480555 -0.0133351 0.0769436 -0.000478119 0.00147681 0.00034684 -0.000478119 0.0159272 -0.0259058 -0.000480555 0.00147681 -0.0259058 0.110302 
0.00571128 -0.0133682 0.000400895 -0.000517002 -0.0133682 0.0771308 -0.000514597 0.00154538 0.000400895 -0.000514597 0.0159349 -0.0259154 -0.000517002 0.00154538 -0.0259154 0.110321 
0.00560271 -0.0132882 0.000453818 -0.000582811 -0.0132882 0.0770269 -0.000581548 0.00168239 0.000453818 -0.000581548 0.0159372 -0.0259244 -0.000582811 0.00168239 -0.0259244 0.110344 
0.00545668 -0.013136 0.000487227 -0.000643101 -0.013136 0.076701 -0.000643446 0.00183058 0.000487227 -0.000643446 0.0159348 -0.0259274 -0.000643101 0.00183058 -0.0259274 0.110359 
0.00530345 -0.0129172 0.000507141 -0.000685723 -0.0129172 0.076156 -0.000688994 0.00196115 0.000507141 -0.000688994 0.0159361 -0.0259244 -0.000685723 0.00196115 -0.0259244 0.110359 
0.00524422 -0.0127175 0.000478658 -0.000701002 -0.0127175 0.0756159 -0.000703576 0.00202022 0.000478658 -0.000703576 0.0159395 -0.0259269 -0.000701002 0.00202022 -0.0259269 0.110362 
0.00519574 -0.0126101 0.000468554 -0.000669634 -0.0126101 0.0751757 -0.000667176 0.00199018 0.000468554 -0.000667176 0.0159424 -0.0259313 -0.000669634 0.00199018 -0.0259313 0.110371 
0.00516987 -0.0125358 0.000495481 -0.000655404 -0.0125358 0.0748789 -0.00064912 0.00193778 0.000495481 -0.00064912 0.0159404 -0.0259355 -0.000655404 0.00193778 -0.0259355 0.110382 
0.00520687 -0.0125146 0.000496726 -0.000678547 -0.0125146 0.0747609 -0.000675843 0.00194396 0.000496726 -0.000675843 0.01594 -0.0259342 -0.000678547 0.00194396 -0.0259342 0.110387 
0.00529282 -0.0125747 0.000520008 -0.000677766 -0.0125747 0.0748403 -0.000677211 0.00195496 0.000520008 -0.000677211 0.0159403 -0.0259338 -0.000677766 0.00195496 -0.0259338 0.110387 
0.00537031 -0.0127091 0.000599348 -0.000699436 -0.0127091 0.0751378 -0.000702668 0.00198534 0.000599348 -0.000702668 0.0159402 -0.0259345 -0.000699436 0.00198534 -0.0259345 0.110388 
0.00533419 -0.0127775 0.0006648 -0.00080657 -0.0127775 0.0753178 -0.000814408 0.00219151 0.0006648 -0.000814408 0.01594 -0.0259319 -0.00080657 0.00219151 -0.0259319 0.110383 
0.00531878 -0.0127569 0.000739836 -0.000878885 -0.0127569 0.0754053 -0.000887831 0.00239128 0.000739836 -0.000887831 0.0159369 -0.0259327 -0.000878885 0.00239128 -0.0259327 0.110383 
0.00533642 -0.012755 0.000758563 -0.000957151 -0.012755 0.0754549 -0.000967086 0.00257091 0.000758563 -0.000967086 0.0159386 -0.0259306 -0.000957151 0.00257091 -0.0259306 0.110383 
0.00535762 -0.0127678 0.000711766 -0.0009826 -0.0127678 0.0754716 -0.00098879 0.00268284 0.000711766 -0.00098879 0.0159428 -0.0259328 -0.0009826 0.00268284 -0.0259328 0.110385 
0.00532 -0.0127707 0.000708462 -0.000934712 -0.0127707 0.0754412 -0.000933671 0.00264267 0.000708462 -0.000933671 0.0159411 -0.0259366 -0.000934712 0.00264267 -0.0259366 0.110393 
0.00525056 -0.0127217 0.000703543 -0.000928463 -0.0127217 0.0753539 -0.00092583 0.00259309 0.000703543 -0.00092583 0.0159413 -0.0259359 -0.000928463 0.00259309 -0.0259359 0.110395 
0.00516504 -0.0126399 0.000678816 -0.000921202 -0.0126399 0.0751967 -0.000919466 0.00256765 0.000678816 -0.000919466 0.0159447 -0.0259357 -0.000921202 0.00256765 -0.0259357 0.110396 
0.00513307 -0.0125336 0.000627322 -0.00088937 -0.0125336 0.0749705 -0.00088537 0.00250618 0.000627322 -0.00088537 0.0159494 -0.0259403 -0.00088937 0.00250618 -0.0259403 0.110403 
0.00514865 -0.0124783 0.000568686 -0.000829088 -0.0124783 0.0747624 -0.000821045 0.00238 0.000568686 -0.000821045 0.0159514 -0.0259461 -0.000829088 0.00238 -0.0259461 0.110417 
0.00519617 -0.0124951 0.000595279 -0.00075772 -0.0124951 0.0747075 -0.00074672 0.00220787 0.000595279 -0.00074672 0.0159453 -0.0259493 -0.00075772 0.00220787 -0.0259493 0.110428 
0.00517599 -0.012548 0.000601435 -0.000788914 -0.012548 0.0747632 -0.000785321 0.00219256 0.000601435 -0.000785321 0.0159447 -0.0259415 -0.000788914 0.00219256 -0.0259415 0.110418 
0.0051533 -0.0125233 0.00058487 -0.000804726 -0.0125233 0.0747556 -0.000806976 0.00225098 0.00058487 -0.000806976 0.0159442 -0.0259382 -0.000804726 0.00225098 -0.0259382 0.110406 
0.00511574 -0.0124694 0.000587402 -0.000792747 -0.0124694 0.0746145 -0.000794547 0.00226613 0.000587402 -0.000794547 0.0159418 -0.0259366 -0.000792747 0.00226613 -0.0259366 0.110396 
0.00509646 -0.0124246 0.000584089 -0.000791635 -0.0124246 0.0744908 -0.000793403 0.00225822 0.000584089 -0.000793403 0.0159428 -0.0259343 -0.000791635 0.00225822 -0.0259343 0.110391 
0.00513212 -0.0123993 0.000611856 -0.000786635 -0.0123993 0.0743995 -0.000787288 0.0022482 0.000611856 -0.000787288 0.015943 -0.0259354 -0.000786635 0.0022482 -0.0259354 0.110391 
0.00518106 -0.0124503 0.000597781 -0.000814386 -0.0124503 0.0744528 -0.00081612 0.00228197 0.000597781 -0.00081612 0.0159441 -0.0259367 -0.000814386 0.00228197 -0.0259367 0.110393 
0.00517779 -0.0125059 0.000606158 -0.000805655 -0.0125059 0.0745611 -0.000805784 0.00229626 0.000606158 -0.000805784 0.0159436 -0.0259378 -0.000805655 0.00229626 -0.0259378 0.110395 
0.00511543 -0.0125016 0.00061599 -0.000816526 -0.0125016 0.0746021 -0.00081563 0.00231017 0.00061599 -0.00081563 0.0159424 -0.0259369 -0.000816526 0.00231017 -0.0259369 0.110395 
0.00503847 -0.0124236 0.000639669 -0.000827587 -0.0124236 0.0744937 -0.000827039 0.0023348 0.000639669 -0.000827039 0.0159421 -0.0259353 -0.000827587 0.0023348 -0.0259353 0.110392 
0.00498671 -0.0123201 0.000629867 -0.00085285 -0.0123201 0.0742714 -0.000853473 0.0023812 0.000629867 -0.000853473 0.0159417 -0.0259347 -0.00085285 0.0023812 -0.0259347 0.11039 
0.00502794 -0.0122645 0.000607674 -0.000835066 -0.0122645 0.0741155 -0.000834971 0.00236457 0.000607674 -0.000834971 0.0159395 -0.0259363 -0.000835066 0.00236457 -0.0259363 0.110394 
0.00507002 -0.0122949 0.000609435 -0.000814163 -0.0122949 0.0740623 -0.000813906 0.00232519 0.000609435 -0.000813906 0.0159352 -0.0259324 -0.000814163 0.00232519 -0.0259324 0.110389 
0.00511254 -0.012355 0.000640338 -0.000817823 -0.012355 0.0741641 -0.000818984 0.00231781 0.000640338 -0.000818984 0.0159291 -0.0259266 -0.000817823 0.00231781 -0.0259266 0.110375 
0.00511386 -0.0124242 0.000677619 -0.000854888 -0.0124242 0.0743459 -0.000861554 0.00238417 0.000677619 -0.000861554 0.0159272 -0.0259179 -0.000854888 0.00238417 -0.0259179 0.110355 
0.00510126 -0.0124386 0.000710038 -0.000900405 -0.0124386 0.0744659 -0.000910324 0.00249551 0.000710038 -0.000910324 0.0159269 -0.0259151 -0.000900405 0.00249551 -0.0259151 0.110341 
0.00506454 -0.0124343 0.000693034 -0.000935374 -0.0124343 0.0745244 -0.000944304 0.00258952 0.000693034 -0.000944304 0.015927 -0.025916 -0.000935374 0.00258952 -0.025916 0.110338 
0.00503062 -0.0123741 0.000624366 -0.000921014 -0.0123741 0.0744238 -0.000925843 0.00260561 0.000624366 -0.000925843 0.0159226 -0.0259151 -0.000921014 0.00260561 -0.0259151 0.110336 
0.00506028 -0.0123415 0.000535398 -0.000835401 -0.0123415 0.0743525 -0.000833692 0.00245551 0.000535398 -0.000833692 0.0159231 -0.0259121 -0.000835401 0.00245551 -0.0259121 0.110332 
0.00507611 -0.0123706 0.000437141 -0.000734118 -0.0123706 0.0743483 -0.000725627 0.00222442 0.000437141 -0.000725627 0.0159215 -0.0259105 -0.000734118 0.00222442 -0.0259105 0.110327 
0.005098 -0.0124003 0.000336514 -0.000616638 -0.0124003 0.0744214 -0.000603335 0.00194218 0.000336514 -0.000603335 0.015916 -0.025909 -0.000616638 0.00194218 -0.025909 0.110321 
0.00513525 -0.0124247 0.000292323 -0.000500993 -0.0124247 0.0744833 -0.000484106 0.00165029 0.000292323 -0.000484106 0.0159085 -0.0259026 -0.000500993 0.00165029 -0.0259026 0.110309 
0.00516047 -0.0124653 0.000303029 -0.000450376 -0.0124653 0.0745558 -0.000436553 0.00146314 0.000303029 -0.000436553 0.0159021 -0.0258927 -0.000450376 0.00146314 -0.0258927 0.110287 
0.00520688 -0.012498 0.000346969 -0.000465253 -0.012498 0.0746363 -0.000461247 0.00144003 0.000346969 -0.000461247 0.0159036 -0.025883 -0.000465253 0.00144003 -0.025883 0.110261 
0.00524194 -0.0125703 0.000449121 -0.00051356 -0.0125703 0.0748042 -0.000518104 0.00152903 0.000449121 -0.000518104 0.0159103 -0.0258838 -0.00051356 0.00152903 -0.0258838 0.110251 
0.00528849 -0.0126354 0.00045252 -0.000629912 -0.0126354 0.0750102 -0.000641237 0.00175405 0.00045252 -0.000641237 0.0159174 -0.0258937 -0.000629912 0.00175405 -0.0258937 0.110264 
0.00531853 -0.0127047 0.000497897 -0.000638955 -0.0127047 0.0752139 -0.000648214 0.00187569 0.000497897 -0.000648214 0.0159208 -0.0259028 -0.000638955 0.00187569 -0.0259028 0.110287 
0.00537676 -0.0127631 0.000481151 -0.000682227 -0.0127631 0.0754243 -0.000688716 0.0019512 0.000481151 -0.000688716 0.0159233 -0.025908 -0.000682227 0.0019512 -0.025908 0.110307 
0.00542509 -0.0128241 0.00046393 -0.000672964 -0.0128241 0.0755739 -0.000676237 0.00198089 0.00046393 -0.000676237 0.0159244 -0.0259099 -0.000672964 0.00198089 -0.0259099 0.110316 
0.00537574 -0.0128727 0.000462155 -0.000659392 -0.0128727 0.0756842 -0.000657712 0.00196474 0.000462155 -0.000657712 0.0159273 -0.0259103 -0.000659392 0.00196474 -0.0259103 0.110318 
0.00535827 -0.0128423 0.00052915 -0.000645357 -0.0128423 0.0757425 -0.000641912 0.00191391 0.00052915 -0.000641912 0.0159326 -0.0259156 -0.000645357 0.00191391 -0.0259156 0.110329 
0.00538088 -0.0128191 0.000626956 -0.000717432 -0.0128191 0.075709 -0.000717127 0.00199738 0.000626956 -0.000717127 0.0159344 -0.0259232 -0.000717432 0.00199738 -0.0259232 0.110347 
0.00538064 -0.0128258 0.000665983 -0.000835322 -0.0128258 0.0756629 -0.00084058 0.00224023 0.000665983 -0.00084058 0.0159363 -0.025926 -0.000835322 0.00224023 -0.025926 0.11036 
0.00539501 -0.0128334 0.000617043 -0.000879875 -0.0128334 0.0756797 -0.000886893 0.00241413 0.000617043 -0.000886893 0.0159387 -0.0259288 -0.000879875 0.00241413 -0.0259288 0.11037 
0.00540732 -0.0128622 0.000579355 -0.000820988 -0.0128622 0.0757461 -0.000820985 0.00236868 0.000579355 -0.000820985 0.0159385 -0.0259323 -0.000820988 0.00236868 -0.0259323 0.110379 
0.0053731 -0.012867 0.000495653 -0.000779098 -0.012867 0.0757615 -0.000774804 0.00226193 0.000495653 -0.000774804 0.0159389 -0.025931 -0.000779098 0.00226193 -0.025931 0.11038 
0.00534722 -0.0128272 0.000422659 -0.000684126 -0.0128272 0.0757126 -0.000674713 0.00207169 0.000422659 -0.000674713 0.0159371 -0.0259317 -0.000684126 0.00207169 -0.0259317 0.110381 
0.0052922 -0.0127756 0.000375303 -0.000601422 -0.0127756 0.0755699 -0.000589364 0.00186224 0.000375303 -0.000589364 0.0159332 -0.0259285 -0.000601422 0.00186224 -0.0259285 0.110376 
0.00520788 -0.0126934 0.000415681 -0.000546812 -0.0126934 0.0753634 -0.000536353 0.00170044 0.000415681 -0.000536353 0.0159319 -0.0259233 -0.000546812 0.00170044 -0.0259233 0.110364 
0.00513537 -0.0125729 0.000495419 -0.000592203 -0.0125729 0.0750666 -0.000588464 0.00171782 0.000495419 -0.000588464 0.0159327 -0.0259211 -0.000592203 0.00171782 -0.0259211 0.110355 
0.00511688 -0.0124633 0.000579508 -0.000684841 -0.0124633 0.0747433 -0.000691161 0.0018995 0.000579508 -0.000691161 0.0159327 -0.0259217 -0.000684841 0.0018995 -0.0259217 0.110352 
0.00510884 -0.0124259 0.000592409 -0.000783858 -0.0124259 0.0745332 -0.000796475 0.00214378 0.000592409 -0.000796475 0.0159357 -0.0259219 -0.000783858 0.00214378 -0.0259219 0.110352 
0.0050948 -0.0124242 0.000592638 -0.000798731 -0.0124242 0.0744737 -0.000808448 0.00226244 0.000592638 -0.000808448 0.0159393 -0.0259268 -0.000798731 0.00226244 -0.0259268 0.11036 
0.00510512 -0.0124083 0.000564925 -0.0007973 -0.0124083 0.074435 -0.000799706 0.0022782 0.000564925 -0.000799706 0.0159438 -0.0259313 -0.0007973 0.0022782 -0.0259313 0.110372 
0.00516284 -0.0124147 0.000539296 -0.000764981 -0.0124147 0.0744175 -0.000760589 0.00222091 0.000539296 -0.000760589 0.0159429 -0.0259372 -0.000764981 0.00222091 -0.0259372 0.110387 
0.00519925 -0.0124753 0.000562807 -0.000738234 -0.0124753 0.0744831 -0.000731707 0.00214948 0.000562807 -0.000731707 0.01594 -0.0259361 -0.000738234 0.00214948 -0.0259361 0.110392 
0.00518838 -0.0125339 0.000591855 -0.00076359 -0.0125339 0.0746299 -0.000761784 0.00216273 0.000591855 -0.000761784 0.0159408 -0.0259318 -0.00076359 0.00216273 -0.0259318 0.110385 
0.00507954 -0.0125146 0.00063166 -0.000803801 -0.0125146 0.0746487 -0.000804983 0.00225348 0.00063166 -0.000804983 0.0159398 -0.0259318 -0.000803801 0.00225348 -0.0259318 0.11038 
0.0049933 -0.0123829 0.000631043 -0.000845876 -0.0123829 0.0744601 -0.000848849 0.00235219 0.000631043 -0.000848849 0.0159384 -0.0259312 -0.000845876 0.00235219 -0.0259312 0.110379 
0.00492685 -0.0122566 0.000620601 -0.000845129 -0.0122566 0.0741435 -0.00084747 0.00238991 0.000620601 -0.00084747 0.0159341 -0.0259304 -0.000845129 0.00238991 -0.0259304 0.110378 
0.00487636 -0.0121499 0.000597909 -0.000835662 -0.0121499 0.0738129 -0.000836999 0.00238291 0.000597909 -0.000836999 0.0159319 -0.0259244 -0.000835662 0.00238291 -0.0259244 0.110368 
0.00492223 -0.0121062 0.0005536 -0.000798966 -0.0121062 0.0736605 -0.000799834 0.00230782 0.0005536 -0.000799834 0.0159353 -0.0259225 -0.000798966 0.00230782 -0.0259225 0.110361 
0.00495502 -0.0121549 0.000545676 -0.000749983 -0.0121549 0.0736616 -0.000746891 0.0022017 0.000545676 -0.000746891 0.0159386 -0.0259268 -0.000749983 0.0022017 -0.0259268 0.110364 
0.0050433 -0.0122186 0.000548666 -0.00073394 -0.0122186 0.0738173 -0.00072921 0.00212041 0.000548666 -0.00072921 0.0159378 -0.0259322 -0.00073394 0.00212041 -0.0259322 0.110376 
0.0051881 -0.0123438 0.000573478 -0.000735612 -0.0123438 0.0740985 -0.000733546 0.0020961 0.000573478 -0.000733546 0.0159341 -0.0259317 -0.000735612 0.0020961 -0.0259317 0.110382 
0.00526582 -0.0125416 0.000607885 -0.000768238 -0.0125416 0.0745503 -0.000771091 0.00214974 0.000607885 -0.000771091 0.0159295 -0.0259256 -0.000768238 0.00214974 -0.0259256 0.110373 
0.00533173 -0.012684 0.00070793 -0.000806117 -0.012684 0.0750399 -0.000814349 0.00223992 0.00070793 -0.000814349 0.0159254 -0.0259197 -0.000806117 0.00223992 -0.0259197 0.110358 
0.0053766 -0.0127984 0.000687416 -0.000917073 -0.0127984 0.0754579 -0.000932128 0.00244772 0.000687416 -0.000932128 0.0159337 -0.025915 -0.000917073 0.00244772 -0.025915 0.110346 
0.00541577 -0.0128511 0.00063135 -0.000903676 -0.0128511 0.0756896 -0.000912096 0.00253285 0.00063135 -0.000912096 0.0159434 -0.0259251 -0.000903676 0.00253285 -0.0259251 0.110355 
0.00538435 -0.0128802 0.00064477 -0.000841203 -0.0128802 0.0757766 -0.000836511 0.00243509 0.00064477 -0.000836511 0.0159451 -0.0259371 -0.000841203 0.00243509 -0.0259371 0.110381 
0.00536525 -0.012844 0.000624331 -0.00084936 -0.012844 0.0757567 -0.000840901 0.00237526 0.000624331 -0.000840901 0.0159471 -0.0259406 -0.00084936 0.00237526 -0.0259406 0.110401 
0.00541226 -0.0128273 0.000570248 -0.000821911 -0.0128273 0.0757221 -0.000814072 0.00231854 0.000570248 -0.000814072 0.0159534 -0.0259444 -0.000821911 0.00231854 -0.0259444 0.110413 
0.00540233 -0.012863 0.000571675 -0.000762713 -0.012863 0.0757172 -0.000752617 0.00220719 0.000571675 -0.000752617 0.0159553 -0.0259513 -0.000762713 0.00220719 -0.0259513 0.110428 
0.00536389 -0.0128536 0.000546407 -0.00075992 -0.0128536 0.0757152 -0.000750545 0.00214511 0.000546407 -0.000750545 0.0159564 -0.025954 -0.00075992 0.00214511 -0.025954 0.110439 
0.00531581 -0.0127896 0.000580121 -0.000735842 -0.0127896 0.0755796 -0.000726966 0.00210051 0.000580121 -0.000726966 0.0159536 -0.0259546 -0.000735842 0.00210051 -0.0259546 0.110444 
0.00531107 -0.0127287 0.00062749 -0.00076817 -0.0127287 0.0754246 -0.000765339 0.00212702 0.00062749 -0.000765339 0.0159487 -0.0259519 -0.00076817 0.00212702 -0.0259519 0.110443 
0.00531661 -0.012725 0.000653829 -0.000822096 -0.012725 0.075359 -0.000826353 0.00223755 0.000653829 -0.000826353 0.0159486 -0.0259463 -0.000822096 0.00223755 -0.0259463 0.110432 
0.00530691 -0.0127329 0.000758597 -0.000855825 -0.0127329 0.0753554 -0.000862825 0.00234681 0.000758597 -0.000862825 0.01594 -0.0259452 -0.000855825 0.00234681 -0.0259452 0.110424 
0.00533171 -0.0127297 0.000862291 -0.000972582 -0.0127297 0.075372 -0.000983521 0.00255981 0.000862291 -0.000983521 0.0159299 -0.0259356 -0.000972582 0.00255981 -0.0259356 0.110408 
0.00533997 -0.0127489 0.000874962 -0.00109665 -0.0127489 0.0753858 -0.00111302 0.00285941 0.000874962 -0.00111302 0.0159312 -0.0259235 -0.00109665 0.00285941 -0.0259235 0.110382 
0.00538962 -0.0127752 0.000780865 -0.00111198 -0.0127752 0.0754672 -0.00112313 0.00299822 0.000780865 -0.00112313 0.0159423 -0.0259256 -0.00111198 0.00299822 -0.0259256 0.110374 
0.00545432 -0.0128469 0.000667554 -0.00100162 -0.0128469 0.0756197 -0.000998598 0.00284487 0.000667554 -0.000998598 0.0159526 -0.0259396 -0.00100162 0.00284487 -0.0259396 0.110397 
0.0055052 -0.0129272 0.00065367 -0.000867998 -0.0129272 0.075806 -0.000853992 0.00253735 0.00065367 -0.000853992 0.0159536 -0.0259526 -0.000867998 0.00253735 -0.0259526 0.11043 
0.00560399 -0.013028 0.000687917 -0.000840982 -0.013028 0.076105 -0.000829468 0.00235358 0.000687917 -0.000829468 0.0159487 -0.0259543 -0.000840982 0.00235358 -0.0259543 0.110447 
0.00569533 -0.0131504 0.000776006 -0.000885703 -0.0131504 0.0764055 -0.000884148 0.00238896 0.000776006 -0.000884148 0.0159374 -0.0259468 -0.000885703 0.00238896 -0.0259468 0.110438 
0.00573793 -0.0132725 0.000812334 -0.000990508 -0.0132725 0.0767311 -0.0010017 0.00259901 0.000812334 -0.0010017 0.0159326 -0.0259325 -0.000990508 0.00259901 -0.0259325 0.110409 
0.00569625 -0.013317 0.0008255 -0.001042 -0.013317 0.0769145 -0.00105675 0.00279325 0.0008255 -0.00105675 0.0159302 -0.025925 -0.001042 0.00279325 -0.025925 0.110381 
