0.0104626 0 0.00248508 0 0 0.01 0 0 0.00248508 0 0.00434231 0 0 0 0 0.01 
0.0144703 -0.0179059 0.00368684 -0.00453805 -0.0179059 0.043508 -0.00453805 0.0087011 0.00368684 -0.00453805 0.00642729 -0.00805465 -0.00453805 0.0087011 -0.00805465 0.0246186 
0.0140497 -0.0254531 0.00345021 -0.00577176 -0.0254531 0.090344 -0.00577176 0.0183905 0.00345021 -0.00577176 0.00691235 -0.0139375 -0.00577176 0.0183905 -0.0139375 0.054012 
0.0130548 -0.0234978 0.00311186 -0.00444585 -0.0234978 0.100704 -0.00443625 0.0161131 0.00311186 -0.00443625 0.00664032 -0.0151723 -0.00444585 0.0161131 -0.0151723 0.0724184 
0.0131298 -0.0222746 0.00313589 -0.00396233 -0.0222746 0.100098 -0.00392855 0.0128864 0.00313589 -0.00392855 0.00646135 -0.0147513 -0.00396233 0.0128864 -0.0147513 0.0786428 
0.0134478 -0.0223494 0.00326535 -0.00408078 -0.0223494 0.100017 -0.00403716 0.0118098 0.00326535 -0.00403716 0.00646715 -0.014331 -0.00408078 0.0118098 -0.014331 0.0796487 
0.0135927 -0.0226588 0.00337275 -0.0042984 -0.0226588 0.100706 -0.00426299 0.0118742 0.00337275 -0.00426299 0.00657243 -0.0142111 -0.0042984 0.0118742 -0.0142111 0.0795428 
0.013597 -0.0227715 0.00339155 -0.00444342 -0.0227715 0.101185 -0.00441829 0.0121769 0.00339155 -0.00441829 0.0066712 -0.0142869 -0.00444342 0.0121769 -0.0142869 0.0795515 
0.0135974 -0.0227489 0.00337787 -0.00445936 -0.0227489 0.101279 -0.00444079 0.0123145 0.00337787 -0.00444079 0.0067338 -0.0144008 -0.00445936 0.0123145 -0.0144008 0.0797566 
0.0135725 -0.0227294 0.00341729 -0.00443829 -0.0227294 0.101215 -0.00442847 0.0123259 0.00341729 -0.00442847 0.00680016 -0.0144931 -0.00443829 0.0123259 -0.0144931 0.0800145 
0.0135657 -0.022695 0.00344813 -0.0044832 -0.022695 0.101119 -0.0044775 0.012397 0.00344813 -0.0044775 0.00684504 -0.0145887 -0.0044832 0.012397 -0.0145887 0.0802813 
0.0135928 -0.0226865 0.00346596 -0.00452157 -0.0226865 0.101059 -0.00451927 0.012506 0.00346596 -0.00451927 0.006823 -0.0146551 -0.00452157 0.012506 -0.0146551 0.0805062 
0.0136112 -0.0227263 0.00346314 -0.00453803 -0.0227263 0.101107 -0.00454613 0.012583 0.00346314 -0.00454613 0.00679713 -0.0146316 -0.00453803 0.012583 -0.0146316 0.0805631 
0.0135922 -0.0227767 0.00351998 -0.00451676 -0.0227767 0.101254 -0.00453397 0.0125647 0.00351998 -0.00453397 0.00682281 -0.0145849 -0.00451676 0.0125647 -0.0145849 0.0804831 
0.0135838 -0.0227743 0.00354669 -0.00457243 -0.0227743 0.101344 -0.00458405 0.0126088 0.00354669 -0.00458405 0.00683636 -0.0146069 -0.00457243 0.0126088 -0.0146069 0.0804695 
0.0135588 -0.0227585 0.00359916 -0.00461444 -0.0227585 0.101341 -0.00461675 0.0127038 0.00359916 -0.00461675 0.0068349 -0.0146324 -0.00461444 0.0127038 -0.0146324 0.0805254 
0.0135398 -0.0227296 0.00363648 -0.00467887 -0.0227296 0.101297 -0.00467485 0.012826 0.00363648 -0.00467485 0.00683025 -0.0146304 -0.00467887 0.012826 -0.0146304 0.0805519 
0.0134981 -0.0226952 0.00367595 -0.00473453 -0.0226952 0.10121 -0.00472735 0.012976 0.00367595 -0.00472735 0.00685286 -0.0146205 -0.00473453 0.012976 -0.0146205 0.0805344 
0.0134491 -0.0226467 0.00375064 -0.0047829 -0.0226467 0.101103 -0.00477135 0.0131036 0.00375064 -0.00477135 0.00688089 -0.0146389 -0.0047829 0.0131036 -0.0146389 0.0805415 
0.0134539 -0.0226013 0.00377925 -0.00486378 -0.0226013 0.101007 -0.00484649 0.0132534 0.00377925 -0.00484649 0.00688246 -0.0146651 -0.00486378 0.0132534 -0.0146651 0.0805871 
0.0134971 -0.022601 0.00376637 -0.00490318 -0.022601 0.100955 -0.00488779 0.0133926 0.00376637 -0.00488779 0.00684144 -0.0146681 -0.00490318 0.0133926 -0.0146681 0.0806133 
0.013532 -0.0226177 0.00373268 -0.0049108 -0.0226177 0.100918 -0.0049093 0.0135087 0.00373268 -0.0049093 0.00675653 -0.0146279 -0.0049108 0.0135087 -0.0146279 0.0805553 
0.0135111 -0.0226954 0.00379468 -0.0048425 -0.0226954 0.101083 -0.00485824 0.0134242 0.00379468 -0.00485824 0.00676363 -0.0144998 -0.0048425 0.0134242 -0.0144998 0.0803048 
0.0135032 -0.0226792 0.00380942 -0.00491343 -0.0226792 0.101145 -0.00492623 0.0134795 0.00380942 -0.00492623 0.00677877 -0.0144877 -0.00491343 0.0134795 -0.0144877 0.0801383 
0.0135033 -0.0226796 0.00380369 -0.00493324 -0.0226796 0.101168 -0.00493835 0.0135458 0.00380369 -0.00493835 0.00681285 -0.0145027 -0.00493324 0.0135458 -0.0145027 0.0801103 
0.0135086 -0.0226519 0.00379355 -0.00494624 -0.0226519 0.101099 -0.00494554 0.0136082 0.00379355 -0.00494554 0.00679771 -0.0145615 -0.00494624 0.0136082 -0.0145615 0.0802067 
0.0134809 -0.0226544 0.00382533 -0.00493359 -0.0226544 0.101067 -0.00493366 0.0136084 0.00382533 -0.00493366 0.00679069 -0.0145523 -0.00493359 0.0136084 -0.0145523 0.0802539 
0.0134933 -0.0226234 0.00381165 -0.00497016 -0.0226234 0.101017 -0.00496976 0.0136559 0.00381165 -0.00496976 0.00673929 -0.0145362 -0.00497016 0.0136559 -0.0145362 0.0802302 
0.0134737 -0.0226369 0.00386232 -0.00495694 -0.0226369 0.101009 -0.00495984 0.0136717 0.00386232 -0.00495984 0.00672315 -0.0144628 -0.00495694 0.0136717 -0.0144628 0.0800934 
0.0134886 -0.0226554 0.00388478 -0.00498997 -0.0226554 0.101099 -0.00499212 0.0136772 0.00388478 -0.00499212 0.00673432 -0.014413 -0.00498997 0.0136772 -0.014413 0.0799266 
0.0134678 -0.0226646 0.00392612 -0.00502969 -0.0226646 0.101132 -0.00502955 0.0137679 0.00392612 -0.00502955 0.00677141 -0.0144262 -0.00502969 0.0137679 -0.0144262 0.0798754 
0.0134519 -0.0226347 0.00396049 -0.00508549 -0.0226347 0.101096 -0.00508023 0.0138938 0.00396049 -0.00508023 0.00680641 -0.0144791 -0.00508549 0.0138938 -0.0144791 0.0799536 
0.0134696 -0.022621 0.00397649 -0.00512294 -0.022621 0.101062 -0.00511486 0.0139923 0.00397649 -0.00511486 0.00682924 -0.0145281 -0.00512294 0.0139923 -0.0145281 0.0800806 
0.0134777 -0.0226182 0.00397031 -0.00515765 -0.0226182 0.10101 -0.00515199 0.014113 0.00397031 -0.00515199 0.00680889 -0.0145715 -0.00515765 0.014113 -0.0145715 0.0802093 
0.0134987 -0.0226474 0.00395081 -0.00513468 -0.0226474 0.101069 -0.00513601 0.0141077 0.00395081 -0.00513601 0.00681303 -0.0145447 -0.00513468 0.0141077 -0.0145447 0.080223 
0.0135011 -0.0226773 0.00396097 -0.00510528 -0.0226773 0.10115 -0.00511224 0.0140504 0.00396097 -0.00511224 0.00682453 -0.0145476 -0.00510528 0.0140504 -0.0145476 0.0802142 
0.0134914 -0.0226955 0.003975 -0.00510443 -0.0226955 0.101231 -0.00511047 0.014005 0.003975 -0.00511047 0.00684915 -0.0145626 -0.00510443 0.014005 -0.0145626 0.0802448 
0.013518 -0.0226973 0.00400681 -0.00511314 -0.0226973 0.101285 -0.00511408 0.0139845 0.00400681 -0.00511408 0.00688284 -0.014597 -0.00511314 0.0139845 -0.014597 0.0803232 
0.0135346 -0.0227206 0.00398898 -0.00515705 -0.0227206 0.101321 -0.00515633 0.0140552 0.00398898 -0.00515633 0.0069013 -0.0146505 -0.00515705 0.0140552 -0.0146505 0.0804537 
0.0135186 -0.0227114 0.0039821 -0.00516076 -0.0227114 0.101289 -0.00516262 0.0141362 0.0039821 -0.00516262 0.00687212 -0.0146908 -0.00516076 0.0141362 -0.0146908 0.0805802 
0.0135275 -0.0226993 0.00393677 -0.00514317 -0.0226993 0.101274 -0.00514717 0.0141184 0.00393677 -0.00514717 0.00681796 -0.0146552 -0.00514317 0.0141184 -0.0146552 0.080577 
0.0134933 -0.0226895 0.00396045 -0.00510418 -0.0226895 0.101221 -0.00510942 0.01407 0.00396045 -0.00510942 0.00679409 -0.0145822 -0.00510418 0.01407 -0.0145822 0.080433 
0.0134305 -0.0226591 0.00400042 -0.00512415 -0.0226591 0.101169 -0.00512619 0.0140589 0.00400042 -0.00512619 0.00682841 -0.0145313 -0.00512415 0.0140589 -0.0145313 0.0802671 
0.0133675 -0.02259 0.00406602 -0.00517476 -0.02259 0.101045 -0.00516512 0.0141295 0.00406602 -0.00516512 0.00687261 -0.0145592 -0.00517476 0.0141295 -0.0145592 0.0802307 
0.0133273 -0.0224771 0.00408173 -0.00528309 -0.0224771 0.100762 -0.00526073 0.0143582 0.00408173 -0.00526073 0.00686802 -0.0146221 -0.00528309 0.0143582 -0.0146221 0.0803303 
0.0133086 -0.0224451 0.00408353 -0.00529295 -0.0224451 0.100613 -0.00527068 0.0144574 0.00408353 -0.00527068 0.00690728 -0.0146069 -0.00529295 0.0144574 -0.0146069 0.0803552 
0.0132874 -0.0224071 0.00409222 -0.00530093 -0.0224071 0.100485 -0.0052822 0.0145121 0.00409222 -0.0052822 0.00693175 -0.0146538 -0.00530093 0.0145121 -0.0146538 0.080415 
0.0132369 -0.022381 0.00415569 -0.00530699 -0.022381 0.100394 -0.00529233 0.0145395 0.00415569 -0.00529233 0.00695623 -0.0146893 -0.00530699 0.0145395 -0.0146893 0.0805137 
0.0132596 -0.0223509 0.00415432 -0.00536187 -0.0223509 0.100354 -0.00534681 0.0145983 0.00415432 -0.00534681 0.00694172 -0.0147091 -0.00536187 0.0145983 -0.0147091 0.0805893 
0.013246 -0.0223712 0.00421424 -0.00536552 -0.0223712 0.100354 -0.00535552 0.0146535 0.00421424 -0.00535552 0.00696096 -0.0146938 -0.00536552 0.0146535 -0.0146938 0.0805954 
0.0132263 -0.0223466 0.00428772 -0.00544418 -0.0223466 0.100315 -0.00543765 0.0148021 0.00428772 -0.00543765 0.00698239 -0.0147172 -0.00544418 0.0148021 -0.0147172 0.0806196 
0.0132353 -0.0223293 0.00432567 -0.00553233 -0.0223293 0.100277 -0.00552722 0.0150116 0.00432567 -0.00552722 0.00696903 -0.0147375 -0.00553233 0.0150116 -0.0147375 0.080661 
0.0132167 -0.0223517 0.0043688 -0.00557405 -0.0223517 0.100311 -0.00557437 0.0151647 0.0043688 -0.00557437 0.00700207 -0.014715 -0.00557405 0.0151647 -0.014715 0.0806377 
0.0132085 -0.0223125 0.00440201 -0.00564059 -0.0223125 0.100251 -0.00564182 0.0153451 0.00440201 -0.00564182 0.00697616 -0.0147544 -0.00564059 0.0153451 -0.0147544 0.0806673 
0.0132242 -0.0223107 0.0043759 -0.00567663 -0.0223107 0.100229 -0.00567928 0.0154666 0.0043759 -0.00567928 0.00693603 -0.0147197 -0.00567663 0.0154666 -0.0147197 0.0806346 
0.013241 -0.0223364 0.0043339 -0.00564092 -0.0223364 0.100276 -0.00564769 0.0154558 0.0043339 -0.00564769 0.00692119 -0.0146583 -0.00564092 0.0154558 -0.0146583 0.0805 
0.01321 -0.0223433 0.00434335 -0.00559722 -0.0223433 0.100293 -0.00560584 0.0153845 0.00434335 -0.00560584 0.00693161 -0.0146386 -0.00559722 0.0153845 -0.0146386 0.0803968 
0.0132025 -0.0223265 0.00434151 -0.00559207 -0.0223265 0.100302 -0.00559527 0.01531 0.00434151 -0.00559527 0.00694688 -0.0146445 -0.00559207 0.01531 -0.0146445 0.0803745 
0.0132301 -0.022312 0.00431841 -0.0055946 -0.022312 0.100269 -0.00559127 0.0152907 0.00431841 -0.00559127 0.00690715 -0.0146688 -0.0055946 0.0152907 -0.0146688 0.0804156 
0.0132332 -0.022326 0.00434823 -0.00557964 -0.022326 0.100248 -0.00557943 0.0152836 0.00434823 -0.00557943 0.00686476 -0.0146295 -0.00557964 0.0152836 -0.0146295 0.0803838 
0.0132737 -0.0223291 0.00433375 -0.00561687 -0.0223291 0.100252 -0.00562206 0.0153422 0.00433375 -0.00562206 0.00678416 -0.0145646 -0.00561687 0.0153422 -0.0145646 0.0802448 
0.0133061 -0.02241 0.00432488 -0.00558124 -0.02241 0.10042 -0.00559525 0.0153068 0.00432488 -0.00559525 0.00675452 -0.0144389 -0.00558124 0.0153068 -0.0144389 0.0799645 
0.0132979 -0.0224675 0.00434036 -0.00556003 -0.0224675 0.100612 -0.00557734 0.0152426 0.00434036 -0.00557734 0.00679643 -0.014384 -0.00556003 0.0152426 -0.014384 0.0797305 
0.0132899 -0.0224533 0.00435177 -0.00558663 -0.0224533 0.100657 -0.00559565 0.0152604 0.00435177 -0.00559565 0.00684204 -0.01444 -0.00558663 0.0152604 -0.01444 0.0797321 
0.0132769 -0.0224281 0.00437597 -0.0056133 -0.0224281 0.100605 -0.00561195 0.0153188 0.00437597 -0.00561195 0.00687877 -0.0145152 -0.0056133 0.0153188 -0.0145152 0.07989 
0.0132506 -0.0224043 0.00438559 -0.0056476 -0.0224043 0.100534 -0.00564235 0.0153962 0.00438559 -0.00564235 0.00691538 -0.0145739 -0.0056476 0.0153962 -0.0145739 0.0800681 
0.01325 -0.0223816 0.0043598 -0.00565281 -0.0223816 0.100485 -0.00564487 0.0154225 0.0043598 -0.00564487 0.00692442 -0.0146233 -0.00565281 0.0154225 -0.0146233 0.0802226 
0.0132147 -0.0223779 0.00438229 -0.0056196 -0.0223779 0.100456 -0.00561201 0.0153746 0.00438229 -0.00561201 0.00695972 -0.0146437 -0.0056196 0.0153746 -0.0146437 0.0803257 
0.0131696 -0.0223193 0.00442155 -0.00565443 -0.0223193 0.100337 -0.00564383 0.0154081 0.00442155 -0.00564383 0.00698015 -0.0146924 -0.00565443 0.0154081 -0.0146924 0.0804411 
0.0131996 -0.0222735 0.00441406 -0.00569791 -0.0222735 0.100221 -0.00568263 0.0154845 0.00441406 -0.00568263 0.00694509 -0.0147146 -0.00569791 0.0154845 -0.0147146 0.0805306 
0.0132507 -0.0223249 0.00439156 -0.0056763 -0.0223249 0.10027 -0.00566856 0.015479 0.00439156 -0.00566856 0.00695917 -0.0146636 -0.0056763 0.015479 -0.0146636 0.0804827 
0.0133005 -0.0223915 0.00436417 -0.00564257 -0.0223915 0.100413 -0.00564582 0.0154261 0.00436417 -0.00564582 0.00696949 -0.0146791 -0.00564257 0.0154261 -0.0146791 0.0804645 
0.0133588 -0.0224712 0.00433788 -0.00559086 -0.0224712 0.100625 -0.00560332 0.0153092 0.00433788 -0.00560332 0.00696038 -0.0147049 -0.00559086 0.0153092 -0.0147049 0.0805257 
0.0133855 -0.0225374 0.00433521 -0.00555789 -0.0225374 0.100811 -0.00557509 0.0152137 0.00433521 -0.00557509 0.0069462 -0.014712 -0.00555789 0.0152137 -0.014712 0.0805841 
0.0133879 -0.0225621 0.00435835 -0.00556058 -0.0225621 0.100916 -0.00557946 0.0151909 0.00435835 -0.00557946 0.00692377 -0.0147014 -0.00556058 0.0151909 -0.0147014 0.080592 
0.0133958 -0.0225719 0.00434891 -0.00558764 -0.0225719 0.100979 -0.00560296 0.0152203 0.00434891 -0.00560296 0.00689613 -0.0146682 -0.00558764 0.0152203 -0.0146682 0.0805341 
0.0133703 -0.0225995 0.00436343 -0.00556787 -0.0225995 0.101069 -0.00557938 0.0151891 0.00436343 -0.00557938 0.00694538 -0.0146237 -0.00556787 0.0151891 -0.0146237 0.0804298 
0.0133261 -0.0225819 0.00438106 -0.00557762 -0.0225819 0.101096 -0.00557974 0.0151608 0.00438106 -0.00557974 0.00704944 -0.0146811 -0.00557762 0.0151608 -0.0146811 0.0804702 
0.0132527 -0.0224999 0.00444946 -0.00562146 -0.0224999 0.100933 -0.00560793 0.0152348 0.00444946 -0.00560793 0.00715364 -0.0148299 -0.00562146 0.0152348 -0.0148299 0.0807494 
0.0131849 -0.0223971 0.00450842 -0.00571286 -0.0223971 0.100679 -0.00568786 0.0154049 0.00450842 -0.00568786 0.00720341 -0.0149792 -0.00571286 0.0154049 -0.0149792 0.0811399 
0.0132317 -0.0223298 0.00445899 -0.00577305 -0.0223298 0.10049 -0.00574409 0.0155495 0.00445899 -0.00574409 0.00717471 -0.0150466 -0.00577305 0.0155495 -0.0150466 0.081427 
0.0132631 -0.022392 0.00442938 -0.00570397 -0.022392 0.100517 -0.00568706 0.015503 0.00442938 -0.00568706 0.00720208 -0.0150126 -0.00570397 0.015503 -0.0150126 0.0814818 
0.0132786 -0.0224372 0.00442544 -0.00565325 -0.0224372 0.100629 -0.00564939 0.015385 0.00442544 -0.00564939 0.00726041 -0.0150465 -0.00565325 0.015385 -0.0150465 0.0815302 
0.0132632 -0.0224283 0.00445698 -0.00566313 -0.0224283 0.100622 -0.00566301 0.015386 0.00445698 -0.00566301 0.0072764 -0.0151357 -0.00566313 0.015386 -0.0151357 0.0817044 
0.0132826 -0.0224287 0.0044661 -0.00568669 -0.0224287 0.100641 -0.00568761 0.0154072 0.0044661 -0.00568761 0.00726348 -0.0151634 -0.00568669 0.0154072 -0.0151634 0.081849 
0.0133203 -0.0224691 0.00444279 -0.0056859 -0.0224691 0.100733 -0.00569032 0.0154057 0.00444279 -0.00569032 0.0072628 -0.0151464 -0.0056859 0.0154057 -0.0151464 0.0818753 
0.0133778 -0.0225059 0.00440313 -0.00566455 -0.0225059 0.10082 -0.00567441 0.0153918 0.00440313 -0.00567441 0.00721288 -0.0151446 -0.00566455 0.0153918 -0.0151446 0.0818608 
0.0134395 -0.0225872 0.00432386 -0.0056034 -0.0225872 0.101002 -0.00562007 0.0152763 0.00432386 -0.00562007 0.00716769 -0.015086 -0.0056034 0.0152763 -0.015086 0.0817737 
0.0134316 -0.0226837 0.00431014 -0.00548928 -0.0226837 0.101261 -0.00551104 0.0150268 0.00431014 -0.00551104 0.0072338 -0.0150319 -0.00548928 0.0150268 -0.0150319 0.0816507 
0.0134238 -0.0226569 0.00427948 -0.00548511 -0.0226569 0.101305 -0.00549598 0.0149158 0.00427948 -0.00549598 0.0072652 -0.0151215 -0.00548511 0.0149158 -0.0151215 0.0817363 
0.013399 -0.0226091 0.00430823 -0.00547904 -0.0226091 0.101177 -0.00547834 0.0149067 0.00430823 -0.00547834 0.0072219 -0.0151831 -0.00547904 0.0149067 -0.0151831 0.0819079 
0.0133829 -0.0225953 0.00431494 -0.00549819 -0.0225953 0.101123 -0.00549377 0.0148986 0.00431494 -0.00549377 0.00720104 -0.0151301 -0.00549819 0.0148986 -0.0151301 0.0819155 
0.0133822 -0.0226056 0.00430438 -0.00548785 -0.0226056 0.10116 -0.005483 0.014858 0.00430438 -0.005483 0.00725941 -0.0150873 -0.00548785 0.014858 -0.0150873 0.0818251 
0.0134198 -0.0225989 0.0042568 -0.00548055 -0.0225989 0.101155 -0.00547193 0.0148348 0.0042568 -0.00547193 0.00729226 -0.0151596 -0.00548055 0.0148348 -0.0151596 0.0818905 
0.0134159 -0.0226126 0.0042375 -0.00544141 -0.0226126 0.101125 -0.00543626 0.0148014 0.0042375 -0.00543626 0.00730988 -0.0152224 -0.00544141 0.0148014 -0.0152224 0.0820473 
0.0134202 -0.0225886 0.00419685 -0.00542831 -0.0225886 0.101059 -0.00542551 0.0147782 0.00419685 -0.00542551 0.00724505 -0.0152567 -0.00542831 0.0147782 -0.0152567 0.0821731 
0.0134378 -0.022602 0.00415193 -0.00537006 -0.022602 0.101065 -0.0053708 0.0146688 0.00415193 -0.0053708 0.00716346 -0.0151775 -0.00537006 0.0146688 -0.0151775 0.0821077 
0.0134569 -0.0226238 0.0041284 -0.00531444 -0.0226238 0.101103 -0.00531887 0.0145359 0.0041284 -0.00531887 0.00708662 -0.0150652 -0.00531444 0.0145359 -0.0150652 0.0818733 
0.013469 -0.0226385 0.00414831 -0.00529312 -0.0226385 0.10113 -0.0053002 0.014463 0.00414831 -0.0053002 0.00702423 -0.0149548 -0.00529312 0.014463 -0.0149548 0.0815785 
0.0134795 -0.0226619 0.00415853 -0.00531527 -0.0226619 0.101185 -0.00532339 0.0144727 0.00415853 -0.00532339 0.00700086 -0.0148576 -0.00531527 0.0144727 -0.0148576 0.0812865 
0.013437 -0.0226723 0.00422798 -0.00533679 -0.0226723 0.101219 -0.00534682 0.0145387 0.00422798 -0.00534682 0.00704719 -0.0148144 -0.00533679 0.0145387 -0.0148144 0.0810799 
0.0133894 -0.0226174 0.00427452 -0.00543078 -0.0226174 0.101139 -0.00543292 0.0147158 0.00427452 -0.00543292 0.00707706 -0.0148648 -0.00543078 0.0147158 -0.0148648 0.0810705 
0.0134035 -0.0225828 0.00425282 -0.00547571 -0.0225828 0.101078 -0.00546935 0.0148348 0.00425282 -0.00546935 0.00709294 -0.0149005 -0.00547571 0.0148348 -0.0149005 0.0811521 
0.0133689 -0.0225771 0.00428457 -0.00546435 -0.0225771 0.101012 -0.00545753 0.0148824 0.00428457 -0.00545753 0.00712309 -0.0149289 -0.00546435 0.0148824 -0.0149289 0.0812316 
0.0133022 -0.022521 0.00433895 -0.00550997 -0.022521 0.100887 -0.00550268 0.0149688 0.00433895 -0.00550268 0.00715358 -0.014972 -0.00550997 0.0149688 -0.014972 0.0813276 
0.0132758 -0.0224544 0.00436099 -0.00556766 -0.0224544 0.100752 -0.00555374 0.0150752 0.00436099 -0.00555374 0.00716618 -0.0150039 -0.00556766 0.0150752 -0.0150039 0.0814242 
0.0132594 -0.0224355 0.00438535 -0.00558523 -0.0224355 0.100678 -0.00557029 0.0151331 0.00438535 -0.00557029 0.00720229 -0.015015 -0.00558523 0.0151331 -0.015015 0.0814824 
0.0132561 -0.0223949 0.00441525 -0.00562769 -0.0223949 0.100562 -0.00561306 0.0152396 0.00441525 -0.00561306 0.00720122 -0.0150622 -0.00562769 0.0152396 -0.0150622 0.0815684 
0.0132067 -0.022391 0.00445325 -0.00566283 -0.022391 0.100508 -0.00565452 0.0153446 0.00445325 -0.00565452 0.00726055 -0.0150619 -0.00566283 0.0153446 -0.0150619 0.0816111 
0.0132008 -0.0223409 0.00444668 -0.00570441 -0.0223409 0.100431 -0.00569599 0.0154439 0.00444668 -0.00569599 0.00726073 -0.0151282 -0.00570441 0.0154439 -0.0151282 0.0817132 
0.0131824 -0.0223469 0.00446328 -0.00568433 -0.0223469 0.100422 -0.00567591 0.015433 0.00446328 -0.00567591 0.00729736 -0.0151341 -0.00568433 0.015433 -0.0151341 0.0817928 
0.0131513 -0.0223295 0.00450106 -0.00569602 -0.0223295 0.100405 -0.00568728 0.0154264 0.00450106 -0.00568728 0.00735219 -0.0151806 -0.00569602 0.0154264 -0.0151806 0.0818917 
0.01312 -0.022261 0.00454585 -0.0057643 -0.022261 0.100244 -0.0057526 0.0155647 0.00454585 -0.0057526 0.0073552 -0.0152571 -0.0057643 0.0155647 -0.0152571 0.0820578 
0.0131719 -0.0222161 0.00451572 -0.00582434 -0.0222161 0.100097 -0.00581377 0.0157287 0.00451572 -0.00581377 0.00725466 -0.0152612 -0.00582434 0.0157287 -0.0152612 0.0821381 
0.0132152 -0.0222913 0.00451236 -0.00577957 -0.0222913 0.100173 -0.00578269 0.0157289 0.00451236 -0.00578269 0.00717876 -0.0151264 -0.00577957 0.0157289 -0.0151264 0.0819394 
0.0131747 -0.0223627 0.00457703 -0.00575998 -0.0223627 0.100361 -0.00577683 0.0156808 0.00457703 -0.00577683 0.00721668 -0.0150089 -0.00575998 0.0156808 -0.0150089 0.0816215 
0.0131443 -0.0223114 0.00463006 -0.00584825 -0.0223114 0.100356 -0.00585951 0.0158099 0.00463006 -0.00585951 0.00722068 -0.0150394 -0.00584825 0.0158099 -0.0150394 0.0815108 
0.0131327 -0.0222738 0.00464865 -0.00592129 -0.0222738 0.100275 -0.00592409 0.0159904 0.00464865 -0.00592409 0.00721919 -0.0150436 -0.00592129 0.0159904 -0.0150436 0.0815012 
0.013051 -0.0222526 0.0047013 -0.00595379 -0.0222526 0.100199 -0.00595451 0.0161238 0.0047013 -0.00595451 0.00727648 -0.0150356 -0.00595379 0.0161238 -0.0150356 0.0814714 
0.0130458 -0.0221886 0.00469979 -0.00599464 -0.0221886 0.100129 -0.00598539 0.0161796 0.00469979 -0.00598539 0.00733236 -0.0150975 -0.00599464 0.0161796 -0.0150975 0.0815569 
0.0130918 -0.0221828 0.00465087 -0.00599015 -0.0221828 0.100076 -0.00597498 0.016186 0.00465087 -0.00597498 0.0073706 -0.0151785 -0.00599015 0.016186 -0.0151785 0.0817478 
0.0131472 -0.0222188 0.00458716 -0.00593665 -0.0222188 0.100091 -0.00592719 0.0161212 0.00458716 -0.00592719 0.00735805 -0.0152472 -0.00593665 0.0161212 -0.0152472 0.0819529 
0.0131814 -0.0222982 0.00456042 -0.00584025 -0.0222982 0.100249 -0.00584235 0.0159225 0.00456042 -0.00584235 0.00735788 -0.0152487 -0.00584025 0.0159225 -0.0152487 0.0820635 
0.0132049 -0.0223613 0.00455519 -0.00578451 -0.0223613 0.10045 -0.00579265 0.0157215 0.00455519 -0.00579265 0.00739501 -0.0152563 -0.00578451 0.0157215 -0.0152563 0.0821251 
0.0132713 -0.0223902 0.00449435 -0.00577619 -0.0223902 0.10057 -0.00578385 0.0156352 0.00449435 -0.00578385 0.0073793 -0.0153099 -0.00577619 0.0156352 -0.0153099 0.0822406 
0.0133131 -0.0224538 0.00445644 -0.00571446 -0.0224538 0.100686 -0.00572639 0.0155404 0.00445644 -0.00572639 0.00734324 -0.0153055 -0.00571446 0.0155404 -0.0153055 0.0822959 
0.0133058 -0.0224722 0.00446592 -0.00569096 -0.0224722 0.100728 -0.00570702 0.0154962 0.00446592 -0.00570702 0.00726105 -0.0152639 -0.00569096 0.0154962 -0.0152639 0.0822282 
0.0133366 -0.0224768 0.00444369 -0.00569561 -0.0224768 0.10077 -0.00571065 0.0154712 0.00444369 -0.00571065 0.00716137 -0.0151517 -0.00569561 0.0154712 -0.0151517 0.0820143 
0.0133528 -0.022514 0.00442324 -0.00567424 -0.022514 0.100836 -0.00569036 0.0154469 0.00442324 -0.00569036 0.00708791 -0.0150097 -0.00567424 0.0154469 -0.0150097 0.0816697 
0.0133793 -0.02253 0.00436619 -0.00565828 -0.02253 0.100885 -0.00567345 0.0154209 0.00436619 -0.00567345 0.00699706 -0.0148997 -0.00565828 0.0154209 -0.0148997 0.0813239 
0.0133577 -0.0225555 0.0043554 -0.00559757 -0.0225555 0.100935 -0.00561131 0.0153271 0.0043554 -0.00561131 0.00696961 -0.0147772 -0.00559757 0.0153271 -0.0147772 0.0809844 
0.0133516 -0.0225484 0.00432713 -0.00557318 -0.0225484 0.10097 -0.00557964 0.0152129 0.00432713 -0.00557964 0.00700712 -0.0147266 -0.00557318 0.0152129 -0.0147266 0.0807592 
0.0133018 -0.0225387 0.00435433 -0.00554127 -0.0225387 0.100955 -0.00553798 0.0151182 0.00435433 -0.00553798 0.00710523 -0.0147746 -0.00554127 0.0151182 -0.0147746 0.0807576 
0.0132916 -0.0224743 0.00435904 -0.0055762 -0.0224743 0.100841 -0.00556039 0.0151194 0.00435904 -0.00556039 0.00715582 -0.0149136 -0.0055762 0.0151194 -0.0149136 0.081015 
0.0133186 -0.022462 0.0043391 -0.00557915 -0.022462 0.100766 -0.00555968 0.0151238 0.0043391 -0.00555968 0.00717752 -0.0149982 -0.00557915 0.0151238 -0.0149982 0.0813073 
0.0133481 -0.0224767 0.00430198 -0.00556212 -0.0224767 0.100739 -0.00554981 0.0151202 0.00430198 -0.00554981 0.00714767 -0.0150402 -0.00556212 0.0151202 -0.0150402 0.081496 
0.0133846 -0.0225017 0.00424264 -0.00552053 -0.0225017 0.10076 -0.00551964 0.0150709 0.00424264 -0.00551964 0.00708077 -0.0150087 -0.00552053 0.0150709 -0.0150087 0.081516 
0.0134242 -0.022547 0.00421114 -0.00544478 -0.022547 0.100848 -0.00545356 0.014936 0.00421114 -0.00545356 0.00700261 -0.0149205 -0.00544478 0.014936 -0.0149205 0.0813637 
0.0134213 -0.0226137 0.00420113 -0.00539014 -0.0226137 0.101011 -0.00540638 0.0147781 0.00420113 -0.00540638 0.00701805 -0.0148102 -0.00539014 0.0147781 -0.0148102 0.0811085 
0.0133962 -0.022611 0.00422972 -0.0053822 -0.022611 0.101077 -0.00539402 0.0147081 0.00422972 -0.00539402 0.0070554 -0.0148187 -0.0053822 0.0147081 -0.0148187 0.080994 
0.013388 -0.0225825 0.00423121 -0.00541833 -0.0225825 0.10105 -0.00541903 0.0147293 0.00423121 -0.00541903 0.00708472 -0.0148711 -0.00541833 0.0147293 -0.0148711 0.0810618 
0.0133654 -0.0225751 0.00425517 -0.00542126 -0.0225751 0.101022 -0.00541597 0.0147442 0.00425517 -0.00541597 0.00715024 -0.0149165 -0.00542126 0.0147442 -0.0149165 0.0811853 
0.0134136 -0.0225577 0.00419994 -0.00544066 -0.0225577 0.101001 -0.00543024 0.0147545 0.00419994 -0.00543024 0.00717332 -0.0150046 -0.00544066 0.0147545 -0.0150046 0.0813844 
0.0134468 -0.0226005 0.00416937 -0.00537974 -0.0226005 0.101034 -0.00537518 0.0146885 0.00416937 -0.00537518 0.00718404 -0.0150537 -0.00537974 0.0146885 -0.0150537 0.08157 
0.0134551 -0.0226374 0.00417139 -0.00533755 -0.0226374 0.101111 -0.00534052 0.0145851 0.00417139 -0.00534052 0.00717242 -0.0150804 -0.00533755 0.0145851 -0.0150804 0.0816929 
0.0134177 -0.0226392 0.00421579 -0.00534596 -0.0226392 0.101136 -0.00535281 0.0145718 0.00421579 -0.00535281 0.00718018 -0.0150711 -0.00534596 0.0145718 -0.0150711 0.0817259 
0.0134237 -0.0225919 0.00418965 -0.00540503 -0.0225919 0.101067 -0.0054075 0.0146665 0.00418965 -0.0054075 0.00712625 -0.0150724 -0.00540503 0.0146665 -0.0150724 0.0817213 
0.0134168 -0.0225633 0.00417301 -0.00540489 -0.0225633 0.100939 -0.00540689 0.0147589 0.00417301 -0.00540689 0.00702562 -0.0150046 -0.00540489 0.0147589 -0.0150046 0.0815978 
0.0133914 -0.0225626 0.0042072 -0.00537887 -0.0225626 0.100904 -0.00538542 0.0147387 0.0042072 -0.00538542 0.00695221 -0.0148618 -0.00537887 0.0147387 -0.0148618 0.0812964 
0.0133912 -0.0225524 0.0041756 -0.00540931 -0.0225524 0.100903 -0.00541454 0.0147534 0.0041756 -0.00541454 0.00689798 -0.0147374 -0.00540931 0.0147534 -0.0147374 0.0809378 
