0.0101869 0 0.000471569 0 0 0.01 0 0 0.000471569 0 0.00329908 0 0 0 0 0.01 
0.014326 -0.0177301 0.000805002 -0.000996347 -0.0177301 0.0431697 -0.000996347 0.00191101 0.000805002 -0.000996347 0.00476496 -0.00595222 -0.000996347 0.00191101 -0.00595222 0.0205873 
0.0138923 -0.0252584 0.000666342 -0.00134615 -0.0252584 0.0897397 -0.00134615 0.00433058 0.000666342 -0.00134615 0.00510927 -0.0100088 -0.00134615 0.00433058 -0.0100088 0.0411009 
0.0128945 -0.0232348 0.000483009 -0.000952108 -0.0232348 0.099943 -0.000979313 0.0040323 0.000483009 -0.000979313 0.00505433 -0.0114219 -0.000952108 0.0040323 -0.0114219 0.0562035 
0.0129634 -0.0220852 0.00024743 -0.000534068 -0.0220852 0.0996673 -0.000582969 0.00259053 0.00024743 -0.000582969 0.00508334 -0.0118685 -0.000534068 0.00259053 -0.0118685 0.065394 
0.0132886 -0.0221903 0.000159912 -0.000337859 -0.0221903 0.0998042 -0.000393783 0.00177088 0.000159912 -0.000393783 0.00510839 -0.0119421 -0.000337859 0.00177088 -0.0119421 0.0696843 
0.0134773 -0.0225306 0.000187155 -0.000314301 -0.0225306 0.100596 -0.000366968 0.0014617 0.000187155 -0.000366968 0.00513157 -0.0118559 -0.000314301 0.0014617 -0.0118559 0.0710602 
0.0135695 -0.0226946 0.000270983 -0.00041306 -0.0226946 0.101158 -0.000450444 0.00155129 0.000270983 -0.000450444 0.00510151 -0.0117749 -0.00041306 0.00155129 -0.0117749 0.0712345 
0.0135912 -0.0227786 0.000351437 -0.000513603 -0.0227786 0.101439 -0.000532988 0.00173697 0.000351437 -0.000532988 0.00510095 -0.0116755 -0.000513603 0.00173697 -0.0116755 0.0710159 
0.013618 -0.0228058 0.00041421 -0.000605165 -0.0228058 0.101566 -0.000607616 0.00193547 0.00041421 -0.000607616 0.00508471 -0.0116485 -0.000605165 0.00193547 -0.0116485 0.0708193 
0.0136125 -0.0228342 0.00051033 -0.00071417 -0.0228342 0.101638 -0.00070261 0.00221259 0.00051033 -0.00070261 0.00509809 -0.0116366 -0.00071417 0.00221259 -0.0116366 0.0707329 
0.0135768 -0.0228313 0.000573671 -0.000837512 -0.0228313 0.101672 -0.000811835 0.0025037 0.000573671 -0.000811835 0.00513742 -0.0116614 -0.000837512 0.0025037 -0.0116614 0.0707511 
0.0135231 -0.0227957 0.000593274 -0.000888161 -0.0227957 0.101636 -0.000854596 0.00265906 0.000593274 -0.000854596 0.00519974 -0.0117158 -0.000888161 0.00265906 -0.0117158 0.0708685 
0.0135391 -0.0227219 0.000605201 -0.000917946 -0.0227219 0.10149 -0.00088299 0.00276646 0.000605201 -0.00088299 0.00518966 -0.0118066 -0.000917946 0.00276646 -0.0118066 0.0710864 
0.0135607 -0.0227387 0.000614542 -0.000910502 -0.0227387 0.101443 -0.000884871 0.00277667 0.000614542 -0.000884871 0.00517862 -0.0118056 -0.000910502 0.00277667 -0.0118056 0.0712033 
0.0135693 -0.0227571 0.000625614 -0.000967239 -0.0227571 0.101456 -0.000951726 0.00293546 0.000625614 -0.000951726 0.00516718 -0.0118007 -0.000967239 0.00293546 -0.0118007 0.0712362 
0.0135724 -0.0227746 0.000649053 -0.000969927 -0.0227746 0.101504 -0.000966463 0.00300946 0.000649053 -0.000966463 0.00516148 -0.0117843 -0.000969927 0.00300946 -0.0117843 0.0712197 
0.0135315 -0.0227891 0.00064517 -0.000963277 -0.0227891 0.101562 -0.000966477 0.00298333 0.00064517 -0.000966477 0.00521649 -0.0117683 -0.000963277 0.00298333 -0.0117683 0.071179 
0.0135161 -0.0227466 0.000633657 -0.000936581 -0.0227466 0.10153 -0.000938811 0.00290442 0.000633657 -0.000938811 0.0052392 -0.0118338 -0.000936581 0.00290442 -0.0118338 0.0712614 
0.013508 -0.0227091 0.000681097 -0.00096698 -0.0227091 0.101421 -0.000967519 0.00296882 0.000681097 -0.000967519 0.00522847 -0.0118862 -0.00096698 0.00296882 -0.0118862 0.07142 
0.013515 -0.0227059 0.000699152 -0.000994301 -0.0227059 0.101384 -0.000989723 0.00299186 0.000699152 -0.000989723 0.00521842 -0.0118693 -0.000994301 0.00299186 -0.0118693 0.0714642 
0.0135345 -0.0226999 0.000756087 -0.00107482 -0.0226999 0.101344 -0.00106657 0.00319863 0.000756087 -0.00106657 0.00517977 -0.0118592 -0.00107482 0.00319863 -0.0118592 0.0714508 
0.0135394 -0.0227344 0.000777701 -0.00111268 -0.0227344 0.101397 -0.0011041 0.00330329 0.000777701 -0.0011041 0.00516476 -0.0117969 -0.00111268 0.00330329 -0.0117969 0.0713319 
0.0135341 -0.0227581 0.000747629 -0.00109192 -0.0227581 0.101485 -0.00108593 0.00325576 0.000747629 -0.00108593 0.00516523 -0.0117549 -0.00109192 0.00325576 -0.0117549 0.0711805 
0.013526 -0.0227447 0.000780961 -0.00107246 -0.0227447 0.101489 -0.00107142 0.0032306 0.000780961 -0.00107142 0.0051713 -0.0117536 -0.00107246 0.0032306 -0.0117536 0.0711124 
0.0134851 -0.0227243 0.000809857 -0.00113566 -0.0227243 0.101441 -0.00113056 0.00333269 0.000809857 -0.00113056 0.00520701 -0.0117663 -0.00113566 0.00333269 -0.0117663 0.0711128 
0.0134867 -0.0226839 0.000805637 -0.00113631 -0.0226839 0.10137 -0.00112443 0.00333293 0.000805637 -0.00112443 0.00520681 -0.0118013 -0.00113631 0.00333293 -0.0118013 0.071161 
0.0135112 -0.0226777 0.000799481 -0.0011404 -0.0226777 0.101314 -0.00112827 0.00334706 0.000799481 -0.00112827 0.0051746 -0.0118078 -0.0011404 0.00334706 -0.0118078 0.0712046 
0.0135408 -0.022723 0.000743844 -0.00108151 -0.022723 0.101387 -0.00107617 0.00320812 0.000743844 -0.00107617 0.00516364 -0.0117563 -0.00108151 0.00320812 -0.0117563 0.0711281 
0.0135918 -0.0227617 0.000686678 -0.00101988 -0.0227617 0.101486 -0.00102478 0.00307423 0.000686678 -0.00102478 0.00513704 -0.0117403 -0.00101988 0.00307423 -0.0117403 0.0710552 
0.0136267 -0.0228176 0.000688903 -0.000983175 -0.0228176 0.101603 -0.000999305 0.00301659 0.000688903 -0.000999305 0.00511825 -0.0117234 -0.000983175 0.00301659 -0.0117234 0.0710217 
0.0136537 -0.0228524 0.000735473 -0.00103493 -0.0228524 0.101702 -0.00105457 0.00313628 0.000735473 -0.00105457 0.00508254 -0.0117176 -0.00103493 0.00313628 -0.0117176 0.0710177 
0.0136768 -0.0229007 0.000750902 -0.00106154 -0.0229007 0.101839 -0.00107538 0.003189 0.000750902 -0.00107538 0.00505616 -0.0116682 -0.00106154 0.003189 -0.0116682 0.0709446 
0.0136598 -0.0229455 0.000765013 -0.00104093 -0.0229455 0.101985 -0.00104969 0.00312443 0.000765013 -0.00104969 0.0050792 -0.011623 -0.00104093 0.00312443 -0.011623 0.0708243 
0.0136623 -0.0229217 0.000786933 -0.00107945 -0.0229217 0.102003 -0.00107676 0.00316445 0.000786933 -0.00107676 0.00507966 -0.0116521 -0.00107945 0.00316445 -0.0116521 0.0708197 
0.0136814 -0.0229056 0.000873826 -0.00115979 -0.0229056 0.101948 -0.00114795 0.00336557 0.000873826 -0.00114795 0.00504649 -0.0116708 -0.00115979 0.00336557 -0.0116708 0.0708785 
0.0136734 -0.0229222 0.000962954 -0.00128827 -0.0229222 0.101945 -0.0012681 0.0036632 0.000962954 -0.0012681 0.00504595 -0.0116332 -0.00128827 0.0036632 -0.0116332 0.0708494 
0.0136457 -0.0229076 0.00103077 -0.00143008 -0.0229076 0.101924 -0.00140137 0.00404094 0.00103077 -0.00140137 0.0050683 -0.0116284 -0.00143008 0.00404094 -0.0116284 0.0708071 
0.0136458 -0.0228823 0.00109235 -0.00148344 -0.0228823 0.101883 -0.00145462 0.00424241 0.00109235 -0.00145462 0.0050566 -0.0116432 -0.00148344 0.00424241 -0.0116432 0.0708036 
0.0136701 -0.0228945 0.00111542 -0.00151108 -0.0228945 0.101894 -0.00148386 0.00429708 0.00111542 -0.00148386 0.00502946 -0.0116177 -0.00151108 0.00429708 -0.0116177 0.0707586 
0.0136767 -0.0229257 0.00111447 -0.00153631 -0.0229257 0.101954 -0.00151325 0.00435918 0.00111447 -0.00151325 0.00503048 -0.0115776 -0.00153631 0.00435918 -0.0115776 0.0706643 
0.0137105 -0.0229582 0.00105935 -0.00147393 -0.0229582 0.102064 -0.00145816 0.00421915 0.00105935 -0.00145816 0.00500361 -0.0115602 -0.00147393 0.00421915 -0.0115602 0.07057 
0.0137383 -0.0229981 0.00096603 -0.00140167 -0.0229981 0.102169 -0.00139692 0.00405331 0.00096603 -0.00139692 0.00497867 -0.0115333 -0.00140167 0.00405331 -0.0115333 0.0705048 
0.0137229 -0.0230304 0.000910178 -0.00129421 -0.0230304 0.102259 -0.00130686 0.00384903 0.000910178 -0.00130686 0.00501296 -0.0115091 -0.00129421 0.00384903 -0.0115091 0.0704488 
0.0137229 -0.0230094 0.000874451 -0.00122414 -0.0230094 0.102263 -0.00124559 0.00365903 0.000874451 -0.00124559 0.00502784 -0.0115569 -0.00122414 0.00365903 -0.0115569 0.0705036 
0.0137246 -0.0230048 0.000823882 -0.00118531 -0.0230048 0.10224 -0.0012044 0.00352817 0.000823882 -0.0012044 0.00504127 -0.0115914 -0.00118531 0.00352817 -0.0115914 0.0706137 
0.0137396 -0.0230096 0.000744139 -0.00111568 -0.0230096 0.102244 -0.00113436 0.00336525 0.000744139 -0.00113436 0.00503325 -0.0116157 -0.00111568 0.00336525 -0.0116157 0.0707109 
0.0137679 -0.0230226 0.000702185 -0.00103426 -0.0230226 0.10226 -0.00105972 0.00320232 0.000702185 -0.00105972 0.00500035 -0.0116182 -0.00103426 0.00320232 -0.0116182 0.0707711 
0.0137924 -0.0230665 0.000666797 -0.000952132 -0.0230665 0.10235 -0.000982203 0.00297191 0.000666797 -0.000982203 0.00498645 -0.0115733 -0.000952132 0.00297191 -0.0115733 0.0707215 
0.0137958 -0.0230852 0.000694878 -0.000970577 -0.0230852 0.102404 -0.000996508 0.00298057 0.000694878 -0.000996508 0.00497602 -0.0115612 -0.000970577 0.00298057 -0.0115612 0.0706722 
0.0137868 -0.0230955 0.000698251 -0.000995774 -0.0230955 0.10245 -0.00101015 0.00300374 0.000698251 -0.00101015 0.00496772 -0.0115439 -0.000995774 0.00300374 -0.0115439 0.0706246 
0.0137945 -0.0230827 0.00068258 -0.00100646 -0.0230827 0.102446 -0.00101187 0.0030324 0.00068258 -0.00101187 0.00494111 -0.0115284 -0.00100646 0.0030324 -0.0115284 0.0705758 
0.0137513 -0.023088 0.000669627 -0.000989326 -0.023088 0.102441 -0.000994412 0.00301962 0.000669627 -0.000994412 0.00496831 -0.0114863 -0.000989326 0.00301962 -0.0114863 0.0704788 
0.0137393 -0.0230496 0.000594426 -0.000917352 -0.0230496 0.102401 -0.000921422 0.00282803 0.000594426 -0.000921422 0.0049924 -0.0114984 -0.000917352 0.00282803 -0.0114984 0.0704227 
0.0137149 -0.0230188 0.000600568 -0.000849252 -0.0230188 0.102305 -0.000857818 0.00267737 0.000600568 -0.000857818 0.00502549 -0.0115336 -0.000849252 0.00267737 -0.0115336 0.0704632 
0.013687 -0.02298 0.000609484 -0.0008828 -0.02298 0.102195 -0.000885881 0.00268713 0.000609484 -0.000885881 0.00505793 -0.0115857 -0.0008828 0.00268713 -0.0115857 0.0705755 
0.0136035 -0.0229324 0.000591402 -0.000939425 -0.0229324 0.102058 -0.000934668 0.00283998 0.000591402 -0.000934668 0.00514743 -0.01164 -0.000939425 0.00283998 -0.01164 0.0707244 
0.013556 -0.0228514 0.00050328 -0.000832911 -0.0228514 0.101905 -0.000830193 0.00264062 0.00050328 -0.000830193 0.00521003 -0.0117424 -0.000832911 0.00264062 -0.0117424 0.0709424 
0.0134948 -0.0227853 0.000421854 -0.000706326 -0.0227853 0.101722 -0.00071341 0.00233951 0.000421854 -0.00071341 0.00529021 -0.0118362 -0.000706326 0.00233951 -0.0118362 0.0712127 
0.0135052 -0.0227145 0.000357742 -0.000568855 -0.0227145 0.101543 -0.000582156 0.00196084 0.000357742 -0.000582156 0.00530691 -0.0119457 -0.000568855 0.00196084 -0.0119457 0.0715111 
0.013525 -0.0227022 0.000352201 -0.000564908 -0.0227022 0.101415 -0.000577434 0.00189189 0.000352201 -0.000577434 0.00531134 -0.0119964 -0.000564908 0.00189189 -0.0119964 0.071753 
0.0135753 -0.0227214 0.000423128 -0.0006075 -0.0227214 0.101397 -0.000617748 0.00200027 0.000423128 -0.000617748 0.00526265 -0.0120158 -0.0006075 0.00200027 -0.0120158 0.0718865 
0.0136655 -0.0227867 0.000516785 -0.000713173 -0.0227867 0.101505 -0.000713882 0.00222448 0.000516785 -0.000713882 0.00516733 -0.0119612 -0.000713173 0.00222448 -0.0119612 0.071859 
0.0137035 -0.0229165 0.000530033 -0.000804152 -0.0229165 0.101786 -0.000794568 0.00242514 0.000530033 -0.000794568 0.00512175 -0.0118316 -0.000804152 0.00242514 -0.0118316 0.0716248 
0.0137288 -0.0229951 0.000479671 -0.000759041 -0.0229951 0.102077 -0.000748533 0.00236579 0.000479671 -0.000748533 0.00511923 -0.0117518 -0.000759041 0.00236579 -0.0117518 0.0713661 
0.0137171 -0.023011 0.000496718 -0.000752787 -0.023011 0.10219 -0.000749669 0.00239614 0.000496718 -0.000749669 0.00514203 -0.0117563 -0.000752787 0.00239614 -0.0117563 0.0712754 
0.0137055 -0.0229818 0.000565975 -0.000814779 -0.0229818 0.102164 -0.000812315 0.0025497 0.000565975 -0.000812315 0.00514503 -0.0118006 -0.000814779 0.0025497 -0.0118006 0.0713381 
0.013734 -0.0229805 0.000541932 -0.000845664 -0.0229805 0.102159 -0.000834645 0.00258596 0.000541932 -0.000834645 0.00511935 -0.0118048 -0.000845664 0.00258596 -0.0118048 0.0713902 
0.0137955 -0.0230123 0.000513008 -0.000826873 -0.0230123 0.102202 -0.000819124 0.00259697 0.000513008 -0.000819124 0.0050485 -0.011776 -0.000826873 0.00259697 -0.011776 0.0713666 
0.0138833 -0.0230855 0.000534286 -0.000807409 -0.0230855 0.102337 -0.000813342 0.0026 0.000534286 -0.000813342 0.00494307 -0.0116859 -0.000807409 0.0026 -0.0116859 0.0712072 
0.0139392 -0.0232032 0.000596365 -0.000821666 -0.0232032 0.102596 -0.000836909 0.00261508 0.000596365 -0.000836909 0.00486851 -0.0115386 -0.000821666 0.00261508 -0.0115386 0.070878 
0.0139708 -0.0232742 0.000673842 -0.000931141 -0.0232742 0.102827 -0.000938992 0.00282633 0.000673842 -0.000938992 0.00481529 -0.0114265 -0.000931141 0.00282633 -0.0114265 0.0705241 
0.0139847 -0.0233319 0.000679723 -0.000980144 -0.0233319 0.103028 -0.000975304 0.0029249 0.000679723 -0.000975304 0.00480177 -0.0113369 -0.000980144 0.0029249 -0.0113369 0.0702154 
0.0139733 -0.0233502 0.000668716 -0.000985769 -0.0233502 0.103135 -0.000975499 0.0029651 0.000668716 -0.000975499 0.0048223 -0.0113099 -0.000985769 0.0029651 -0.0113099 0.0700344 
0.0139608 -0.023325 0.000669418 -0.00100388 -0.023325 0.103115 -0.000994492 0.00304214 0.000669418 -0.000994492 0.00483316 -0.0113429 -0.00100388 0.00304214 -0.0113429 0.070026 
0.0139502 -0.0233005 0.000698406 -0.00101314 -0.0233005 0.103052 -0.00100844 0.00310162 0.000698406 -0.00100844 0.00484862 -0.0113667 -0.00101314 0.00310162 -0.0113667 0.0700837 
0.0139636 -0.0232985 0.000661855 -0.0010023 -0.0232985 0.103036 -0.000997714 0.00304724 0.000661855 -0.000997714 0.00484955 -0.011382 -0.0010023 0.00304724 -0.011382 0.0701322 
0.0139991 -0.0233166 0.00065176 -0.000954348 -0.0233166 0.103061 -0.000955062 0.0029577 0.00065176 -0.000955062 0.00482886 -0.0113896 -0.000954348 0.0029577 -0.0113896 0.0701724 
0.0140089 -0.0233652 0.000663256 -0.000931277 -0.0233652 0.103157 -0.000935968 0.00287099 0.000663256 -0.000935968 0.00483731 -0.011371 -0.000931277 0.00287099 -0.011371 0.070169 
0.0140056 -0.0233723 0.000698583 -0.000986763 -0.0233723 0.10321 -0.000987033 0.00296924 0.000698583 -0.000987033 0.00484663 -0.0113911 -0.000986763 0.00296924 -0.0113911 0.0702044 
0.0140152 -0.0233713 0.00065809 -0.00102859 -0.0233713 0.103229 -0.0010213 0.00307142 0.00065809 -0.0010213 0.00484002 -0.0114108 -0.00102859 0.00307142 -0.0114108 0.07027 
0.0140448 -0.0233834 0.000609193 -0.000975659 -0.0233834 0.103252 -0.000976082 0.00304038 0.000609193 -0.000976082 0.00481618 -0.0114075 -0.000975659 0.00304038 -0.0114075 0.0703034 
0.0141058 -0.0234304 0.000569125 -0.00087313 -0.0234304 0.10335 -0.000889365 0.00282068 0.000569125 -0.000889365 0.00476468 -0.0113745 -0.00087313 0.00282068 -0.0113745 0.0702629 
0.0141124 -0.0235037 0.000610844 -0.000844652 -0.0235037 0.103506 -0.000869123 0.00271722 0.000610844 -0.000869123 0.00476832 -0.0113144 -0.000844652 0.00271722 -0.0113144 0.070148 
0.0141452 -0.0235167 0.000679655 -0.000911586 -0.0235167 0.103607 -0.000925546 0.00278699 0.000679655 -0.000925546 0.00474844 -0.0113165 -0.000911586 0.00278699 -0.0113165 0.0700909 
0.0141868 -0.023559 0.000713017 -0.000997358 -0.023559 0.103705 -0.000993471 0.00294297 0.000713017 -0.000993471 0.00471033 -0.0113 -0.000997358 0.00294297 -0.0113 0.0700652 
0.0141873 -0.0236157 0.000695129 -0.00104165 -0.0236157 0.103844 -0.00103031 0.00307581 0.000695129 -0.00103031 0.00470472 -0.0112565 -0.00104165 0.00307581 -0.0112565 0.0699953 
0.0141771 -0.0236193 0.000685891 -0.00102322 -0.0236193 0.103915 -0.00101661 0.0031084 0.000685891 -0.00101661 0.00470919 -0.0112469 -0.00102322 0.0031084 -0.0112469 0.0699471 
0.0141537 -0.0235936 0.000741261 -0.00104335 -0.0235936 0.103879 -0.00104281 0.00318588 0.000741261 -0.00104281 0.00471616 -0.0112555 -0.00104335 0.00318588 -0.0112555 0.0699458 
0.0141306 -0.0235623 0.000794707 -0.00110569 -0.0235623 0.103809 -0.00110025 0.00329748 0.000794707 -0.00110025 0.00474076 -0.011261 -0.00110569 0.00329748 -0.011261 0.0699501 
0.0141255 -0.0235532 0.000711902 -0.0010939 -0.0235532 0.103789 -0.00108033 0.00322729 0.000711902 -0.00108033 0.00477944 -0.0112774 -0.0010939 0.00322729 -0.0112774 0.0699686 
0.0141345 -0.023525 0.000725188 -0.0010658 -0.023525 0.103708 -0.00105876 0.00325894 0.000725188 -0.00105876 0.00478445 -0.0113448 -0.0010658 0.00325894 -0.0113448 0.0700964 
0.0141587 -0.0235365 0.000794279 -0.00106972 -0.0235365 0.103693 -0.00107166 0.00325805 0.000794279 -0.00107166 0.00477034 -0.0113669 -0.00106972 0.00325805 -0.0113669 0.0702154 
0.0142511 -0.0235736 0.000845835 -0.00114975 -0.0235736 0.103762 -0.00114522 0.00336899 0.000845835 -0.00114522 0.00466213 -0.0113557 -0.00114975 0.00336899 -0.0113557 0.070254 
0.0143141 -0.0236953 0.000879243 -0.00121343 -0.0236953 0.103992 -0.00120444 0.0035221 0.000879243 -0.00120444 0.00457751 -0.0112215 -0.00121343 0.0035221 -0.0112215 0.0700639 
0.0143012 -0.0237793 0.000923839 -0.00127626 -0.0237793 0.104243 -0.00127037 0.00371343 0.000923839 -0.00127037 0.00457036 -0.0110972 -0.00127626 0.00371343 -0.0110972 0.0697452 
0.0142693 -0.0237748 0.00095857 -0.0013078 -0.0237748 0.104352 -0.00130063 0.00380528 0.00095857 -0.00130063 0.00458894 -0.0110636 -0.0013078 0.00380528 -0.0110636 0.0695271 
0.0142735 -0.0237329 0.00098666 -0.0013375 -0.0237329 0.10431 -0.00132296 0.00385734 0.00098666 -0.00132296 0.00457297 -0.011079 -0.0013375 0.00385734 -0.011079 0.0694642 
0.0142681 -0.0237393 0.0009065 -0.00134351 -0.0237393 0.104292 -0.0013238 0.00384892 0.0009065 -0.0013238 0.00458618 -0.0110536 -0.00134351 0.00384892 -0.0110536 0.0694071 
0.0142911 -0.0237362 0.000792526 -0.00123082 -0.0237362 0.104291 -0.00122241 0.00367242 0.000792526 -0.00122241 0.0045784 -0.011064 -0.00123082 0.00367242 -0.011064 0.069383 
0.0143302 -0.0237718 0.000679416 -0.0010455 -0.0237718 0.104352 -0.00105915 0.00327014 0.000679416 -0.00105915 0.00456378 -0.0110585 -0.0010455 0.00327014 -0.0110585 0.0693753 
0.0143352 -0.0238179 0.000585423 -0.000908962 -0.0238179 0.104453 -0.00093844 0.00290663 0.000585423 -0.00093844 0.0045818 -0.0110514 -0.000908962 0.00290663 -0.0110514 0.0693726 
0.0143125 -0.0238154 0.000508248 -0.000838998 -0.0238154 0.104482 -0.000873293 0.00272089 0.000508248 -0.000873293 0.00462564 -0.0110867 -0.000838998 0.00272089 -0.0110867 0.0694374 
0.0143333 -0.0237853 0.000456842 -0.000750391 -0.0237853 0.104439 -0.000785926 0.00252306 0.000456842 -0.000785926 0.00461205 -0.0111531 -0.000750391 0.00252306 -0.0111531 0.0695877 
0.0143607 -0.0238028 0.000505965 -0.000707149 -0.0238028 0.10443 -0.000742149 0.00239834 0.000505965 -0.000742149 0.00457459 -0.0111488 -0.000707149 0.00239834 -0.0111488 0.0696689 
0.014355 -0.0238378 0.00053063 -0.000780778 -0.0238378 0.104493 -0.000801214 0.00246253 0.00053063 -0.000801214 0.00455033 -0.0110993 -0.000780778 0.00246253 -0.0110993 0.0696089 
0.0143441 -0.0238442 0.000488097 -0.000785221 -0.0238442 0.104552 -0.000790023 0.00246391 0.000488097 -0.000790023 0.0045537 -0.0110536 -0.000785221 0.00246391 -0.0110536 0.0694893 
0.0143489 -0.0238362 0.000443704 -0.000704882 -0.0238362 0.104563 -0.00070691 0.00230043 0.000443704 -0.00070691 0.004588 -0.0110445 -0.000704882 0.00230043 -0.0110445 0.0694085 
0.0143636 -0.0238362 0.000437259 -0.000656208 -0.0238362 0.104553 -0.000659799 0.00215602 0.000437259 -0.000659799 0.00461737 -0.0110916 -0.000656208 0.00215602 -0.0110916 0.0694501 
0.014392 -0.0238513 0.000423875 -0.000668977 -0.0238513 0.104569 -0.000668981 0.00213902 0.000423875 -0.000668981 0.00462932 -0.011151 -0.000668977 0.00213902 -0.011151 0.0695961 
0.0143977 -0.023887 0.000443785 -0.000670543 -0.023887 0.104636 -0.000669326 0.00216525 0.000443785 -0.000669326 0.0046649 -0.0111905 -0.000670543 0.00216525 -0.0111905 0.0697572 
0.0144009 -0.0238806 0.000493193 -0.000770505 -0.0238806 0.104643 -0.000766125 0.00241883 0.000493193 -0.000766125 0.004667 -0.0112568 -0.000770505 0.00241883 -0.0112568 0.0699437 
0.014394 -0.0238788 0.000563763 -0.000858769 -0.0238788 0.104631 -0.000852856 0.00269952 0.000563763 -0.000852856 0.00464884 -0.0112759 -0.000858769 0.00269952 -0.0112759 0.0700799 
0.0143711 -0.0238939 0.000565461 -0.000861756 -0.0238939 0.104681 -0.00085383 0.00270782 0.000565461 -0.00085383 0.00467882 -0.0112503 -0.000861756 0.00270782 -0.0112503 0.0701055 
0.0143313 -0.023856 0.00058359 -0.000900254 -0.023856 0.104632 -0.000889206 0.00280674 0.00058359 -0.000889206 0.00471339 -0.0112855 -0.000900254 0.00280674 -0.0112855 0.0701506 
0.0143536 -0.023801 0.000625218 -0.000929494 -0.023801 0.104511 -0.000917367 0.00289615 0.000625218 -0.000917367 0.00466733 -0.0113338 -0.000929494 0.00289615 -0.0113338 0.0702599 
0.0143897 -0.0238255 0.000669708 -0.000966241 -0.0238255 0.10449 -0.000955035 0.00297162 0.000669708 -0.000955035 0.0046113 -0.0112772 -0.000966241 0.00297162 -0.0112772 0.0702299 
0.0144427 -0.0238815 0.000727356 -0.000995803 -0.0238815 0.104597 -0.000986003 0.00302091 0.000727356 -0.000986003 0.00454884 -0.0111892 -0.000995803 0.00302091 -0.0111892 0.0700421 
0.0144894 -0.0239564 0.000721823 -0.0010541 -0.0239564 0.104776 -0.00104103 0.00311259 0.000721823 -0.00104103 0.00450852 -0.0110963 -0.0010541 0.00311259 -0.0110963 0.0697917 
0.0144911 -0.0240158 0.000707865 -0.00106172 -0.0240158 0.104949 -0.0010528 0.00319303 0.000707865 -0.0010528 0.00451864 -0.0110379 -0.00106172 0.00319303 -0.0110379 0.0695805 
0.0144768 -0.0240172 0.000713092 -0.00105854 -0.0240172 0.105018 -0.00105751 0.00323834 0.000713092 -0.00105751 0.00453341 -0.0110515 -0.00105854 0.00323834 -0.0110515 0.0695147 
0.0144757 -0.0239986 0.000705667 -0.00105589 -0.0239986 0.105006 -0.00105715 0.00323818 0.000705667 -0.00105715 0.00452711 -0.0110764 -0.00105589 0.00323818 -0.0110764 0.0695523 
0.0144681 -0.0239942 0.000729519 -0.00104194 -0.0239942 0.104986 -0.00104501 0.00321408 0.000729519 -0.00104501 0.00452848 -0.0110726 -0.00104194 0.00321408 -0.0110726 0.069574 
0.0144443 -0.0239849 0.000767038 -0.00106911 -0.0239849 0.104966 -0.00106828 0.00323486 0.000767038 -0.00106828 0.00455144 -0.0110703 -0.00106911 0.00323486 -0.0110703 0.0695712 
0.0144562 -0.0239616 0.00073818 -0.00109657 -0.0239616 0.10493 -0.00108663 0.00325615 0.00073818 -0.00108663 0.0045461 -0.0110955 -0.00109657 0.00325615 -0.0110955 0.0696062 
0.0145139 -0.0239737 0.000718041 -0.00106318 -0.0239737 0.104924 -0.00105427 0.00322423 0.000718041 -0.00105427 0.00449729 -0.0110941 -0.00106318 0.00322423 -0.0110941 0.0696311 
0.0145452 -0.0240403 0.000726995 -0.00105296 -0.0240403 0.105023 -0.00105292 0.00321741 0.000726995 -0.00105292 0.00447796 -0.0110368 -0.00105296 0.00321741 -0.0110368 0.0695502 
0.0145537 -0.0240926 0.000728883 -0.0010457 -0.0240926 0.105177 -0.00105084 0.00318649 0.000728883 -0.00105084 0.00448899 -0.0110077 -0.0010457 0.00318649 -0.0110077 0.0694544 
0.014582 -0.0240996 0.000746677 -0.00107893 -0.0240996 0.105244 -0.00108166 0.00326228 0.000746677 -0.00108166 0.00446371 -0.0110287 -0.00107893 0.00326228 -0.0110287 0.0694543 
0.0146248 -0.0241367 0.000800349 -0.00108984 -0.0241367 0.105324 -0.00109116 0.00329795 0.000800349 -0.00109116 0.00442468 -0.0110052 -0.00108984 0.00329795 -0.0110052 0.069446 
0.0146399 -0.0241944 0.000809528 -0.00114931 -0.0241944 0.105458 -0.0011455 0.00338641 0.000809528 -0.0011455 0.00442176 -0.0109584 -0.00114931 0.00338641 -0.0109584 0.0693665 
0.014645 -0.0242194 0.000739118 -0.00116374 -0.0242194 0.105564 -0.00115705 0.0034551 0.000739118 -0.00115705 0.00442592 -0.0109533 -0.00116374 0.0034551 -0.0109533 0.0693197 
0.0146626 -0.0242314 0.000639733 -0.00105424 -0.0242314 0.105628 -0.00105896 0.00329552 0.000639733 -0.00105896 0.00442944 -0.0109646 -0.00105424 0.00329552 -0.0109646 0.0693365 
0.0146777 -0.0242436 0.00064786 -0.000949174 -0.0242436 0.105657 -0.000971268 0.00309198 0.00064786 -0.000971268 0.00441773 -0.0109774 -0.000949174 0.00309198 -0.0109774 0.0693745 
0.0146882 -0.0242645 0.000692438 -0.000950005 -0.0242645 0.105707 -0.000972921 0.00299106 0.000692438 -0.000972921 0.0044097 -0.0109676 -0.000950005 0.00299106 -0.0109676 0.0693833 
0.0146934 -0.0242692 0.000748675 -0.00105185 -0.0242692 0.105727 -0.00106086 0.00316424 0.000748675 -0.00106086 0.00437051 -0.0109587 -0.00105185 0.00316424 -0.0109587 0.0693628 
0.0146822 -0.0242787 0.000795423 -0.00112261 -0.0242787 0.105751 -0.00111909 0.0033453 0.000795423 -0.00111909 0.00434637 -0.0109046 -0.00112261 0.0033453 -0.0109046 0.0692691 
0.0146393 -0.0242596 0.000872903 -0.00119847 -0.0242596 0.105726 -0.00118871 0.00354716 0.000872903 -0.00118871 0.00437121 -0.0108575 -0.00119847 0.00354716 -0.0108575 0.0691236 
0.0146071 -0.0242138 0.000886933 -0.0012595 -0.0242138 0.10565 -0.00124075 0.00366856 0.000886933 -0.00124075 0.0043995 -0.0108706 -0.0012595 0.00366856 -0.0108706 0.0690615 
0.0146036 -0.024172 0.00084669 -0.00126647 -0.024172 0.105543 -0.0012442 0.00371436 0.00084669 -0.0012442 0.00440859 -0.0109047 -0.00126647 0.00371436 -0.0109047 0.0690979 
0.0145945 -0.0241554 0.000831583 -0.00124061 -0.0241554 0.105454 -0.00122846 0.00372976 0.000831583 -0.00122846 0.00439772 -0.0109232 -0.00124061 0.00372976 -0.0109232 0.0691494 
0.0145966 -0.0241485 0.000817078 -0.00120186 -0.0241485 0.105419 -0.00120144 0.00365608 0.000817078 -0.00120144 0.00438747 -0.0109062 -0.00120186 0.00365608 -0.0109062 0.0691435 
0.0146082 -0.0241671 0.00076599 -0.00112301 -0.0241671 0.105457 -0.00112906 0.00343494 0.00076599 -0.00112906 0.00440149 -0.0108807 -0.00112301 0.00343494 -0.0108807 0.0690862 
0.0146297 -0.0241773 0.000725756 -0.00107755 -0.0241773 0.105485 -0.0010865 0.00329922 0.000725756 -0.0010865 0.00439213 -0.0108988 -0.00107755 0.00329922 -0.0108988 0.0690807 
0.0146654 -0.0242035 0.000670282 -0.0010323 -0.0242035 0.105536 -0.00104416 0.00318615 0.000670282 -0.00104416 0.0043585 -0.0108969 -0.0010323 0.00318615 -0.0108969 0.0690972 
0.0147154 -0.0242635 0.000595241 -0.000911487 -0.0242635 0.105676 -0.000930131 0.00289721 0.000595241 -0.000930131 0.00433569 -0.0108568 -0.000911487 0.00289721 -0.0108568 0.0690522 
0.0147453 -0.024307 0.000641976 -0.00090662 -0.024307 0.105778 -0.000931028 0.00288341 0.000641976 -0.000931028 0.00430703 -0.0108324 -0.00090662 0.00288341 -0.0108324 0.0689775 
0.0147376 -0.024351 0.000720368 -0.000953997 -0.024351 0.105902 -0.000972348 0.00293331 0.000720368 -0.000972348 0.00430997 -0.0107964 -0.000953997 0.00293331 -0.0107964 0.0688938 
0.0147459 -0.0243465 0.000786191 -0.00105532 -0.0243465 0.105953 -0.00105459 0.00310199 0.000786191 -0.00105459 0.00429679 -0.0107985 -0.00105532 0.00310199 -0.0107985 0.0688595 
0.014748 -0.0243455 0.000842396 -0.00117282 -0.0243455 0.105948 -0.00115605 0.00339085 0.000842396 -0.00115605 0.00429938 -0.0107861 -0.00117282 0.00339085 -0.0107861 0.0688345 
