0.00341337 0 -0.000459415 0 0 0.01 0 0 -0.000459415 0 0.0100275 0 0 0 0 0.01 
0.00488251 -0.00609363 -0.000569575 0.000699565 -0.00609363 0.0208584 0.000699565 -0.00134099 -0.000569575 0.000699565 0.0141492 -0.0175127 0.000699565 -0.00134099 -0.0175127 0.0427538 
0.00520639 -0.0101359 -0.000517936 0.000909195 -0.0101359 0.0414826 0.000909195 -0.00288511 -0.000517936 0.000909195 0.0137286 -0.0249817 0.000909195 -0.00288511 -0.0249817 0.0888646 
0.00513593 -0.0114722 -0.000456373 0.000662114 -0.0114722 0.0562331 0.00065205 -0.00237925 -0.000456373 0.00065205 0.0127408 -0.0230192 0.000662114 -0.00237925 -0.0230192 0.0991919 
0.00502885 -0.0119274 -0.000424061 0.000510758 -0.0119274 0.0653024 0.000489071 -0.00151553 -0.000424061 0.000489071 0.0128753 -0.0218619 0.000510758 -0.00151553 -0.0218619 0.0989982 
0.00499112 -0.0118163 -0.000382094 0.000454361 -0.0118163 0.0693259 0.00042763 -0.00109763 -0.000382094 0.00042763 0.0132332 -0.0220768 0.000454361 -0.00109763 -0.0220768 0.0993858 
0.00500402 -0.0116031 -0.000347105 0.000420683 -0.0116031 0.0703302 0.000395021 -0.000966506 -0.000347105 0.000395021 0.0134235 -0.0224855 0.000420683 -0.000966506 -0.0224855 0.100427 
0.00508495 -0.0114826 -0.000274362 0.000381211 -0.0114826 0.0702658 0.000361294 -0.00088478 -0.000274362 0.000361294 0.0134266 -0.0226614 0.000381211 -0.00088478 -0.0226614 0.101103 
0.00513976 -0.0115259 -0.000198358 0.000296832 -0.0115259 0.0701783 0.000275197 -0.000731464 -0.000198358 0.000275197 0.0134056 -0.0226231 0.000296832 -0.000731464 -0.0226231 0.101212 
0.00512156 -0.0116 -0.00012734 0.000214966 -0.0116 0.0702687 0.000186812 -0.000538479 -0.00012734 0.000186812 0.0134511 -0.0225747 0.000214966 -0.000538479 -0.0225747 0.101094 
0.00507378 -0.0115999 -0.00013818 0.000164025 -0.0115999 0.070344 0.000129724 -0.000412529 -0.00013818 0.000129724 0.0135209 -0.0226268 0.000164025 -0.000412529 -0.0226268 0.10111 
0.0050531 -0.0115536 -0.000148202 0.000178409 -0.0115536 0.0703144 0.000152582 -0.000395953 -0.000148202 0.000152582 0.0135703 -0.0227282 0.000178409 -0.000395953 -0.0227282 0.101313 
0.00506907 -0.0115348 -0.000174903 0.000177181 -0.0115348 0.0702789 0.000164499 -0.000401821 -0.000174903 0.000164499 0.0135678 -0.0228045 0.000177181 -0.000401821 -0.0228045 0.101549 
0.00510014 -0.0115659 -0.00017941 0.00018541 -0.0115659 0.0703382 0.000186412 -0.000407235 -0.00017941 0.000186412 0.0135424 -0.0228099 0.00018541 -0.000407235 -0.0228099 0.101664 
0.00506443 -0.0116202 -0.000266451 0.000275209 -0.0116202 0.0704852 0.000284516 -0.000669275 -0.000266451 0.000284516 0.0135769 -0.0227746 0.000275209 -0.000669275 -0.0227746 0.101642 
0.00504077 -0.0115837 -0.00032855 0.000341102 -0.0115837 0.0705101 0.000359392 -0.000841304 -0.00032855 0.000359392 0.0136053 -0.0228119 0.000341102 -0.000841304 -0.0228119 0.101674 
0.00500002 -0.0115483 -0.000393565 0.000415434 -0.0115483 0.0704408 0.000441897 -0.001039 -0.000393565 0.000441897 0.0136493 -0.0228538 0.000415434 -0.001039 -0.0228538 0.101772 
0.00495095 -0.0114947 -0.000415592 0.000496392 -0.0114947 0.0703237 0.000529461 -0.00125797 -0.000415592 0.000529461 0.0137037 -0.0229126 0.000496392 -0.00125797 -0.0229126 0.101913 
0.00491984 -0.011423 -0.000309386 0.000443814 -0.011423 0.0701459 0.000471851 -0.00115937 -0.000309386 0.000471851 0.0137481 -0.0229897 0.000443814 -0.00115937 -0.0229897 0.102105 
0.00492467 -0.0113841 -0.000242703 0.000335981 -0.0113841 0.0700052 0.000340729 -0.000938832 -0.000242703 0.000340729 0.0137465 -0.0230494 0.000335981 -0.000938832 -0.0230494 0.10229 
0.0049524 -0.011398 -0.000194516 0.000295789 -0.011398 0.0699881 0.000280789 -0.000791633 -0.000194516 0.000280789 0.0137306 -0.0230507 0.000295789 -0.000791633 -0.0230507 0.102369 
0.00497813 -0.0114438 -0.000209718 0.000272051 -0.0114438 0.0700801 0.000246409 -0.000727984 -0.000209718 0.000246409 0.0137099 -0.0230266 0.000272051 -0.000727984 -0.0230266 0.102349 
0.00496359 -0.0114857 -0.000268236 0.000276988 -0.0114857 0.0702061 0.000254195 -0.000696339 -0.000268236 0.000254195 0.0137168 -0.0229978 0.000276988 -0.000696339 -0.0229978 0.102286 
0.00498809 -0.0114721 -0.000335642 0.000328773 -0.0114721 0.0702473 0.000325431 -0.000774625 -0.000335642 0.000325431 0.0137001 -0.0230039 0.000328773 -0.000774625 -0.0230039 0.102263 
0.00499495 -0.0114969 -0.000341172 0.000387344 -0.0114969 0.0702822 0.000406443 -0.00091196 -0.000341172 0.000406443 0.0137049 -0.0229864 0.000387344 -0.00091196 -0.0229864 0.102239 
0.00499496 -0.0115098 -0.000313386 0.000384959 -0.0115098 0.070327 0.000410016 -0.000969978 -0.000313386 0.000410016 0.0137072 -0.0229921 0.000384959 -0.000969978 -0.0229921 0.102233 
0.0049809 -0.0115168 -0.000288766 0.000379166 -0.0115168 0.0703653 0.00039468 -0.00099666 -0.000288766 0.00039468 0.0137256 -0.0229956 0.000379166 -0.00099666 -0.0229956 0.102241 
0.00493285 -0.011503 -0.00031074 0.000372055 -0.011503 0.070367 0.000373996 -0.000998549 -0.00031074 0.000373996 0.0137779 -0.023019 0.000372055 -0.000998549 -0.023019 0.102281 
0.00483526 -0.0114443 -0.00033341 0.000408975 -0.0114443 0.0702764 0.000407538 -0.00105843 -0.00033341 0.000407538 0.0138581 -0.0230859 0.000408975 -0.00105843 -0.0230859 0.102409 
0.00475787 -0.0113128 -0.000297962 0.000394172 -0.0113128 0.0700153 0.00039429 -0.00101696 -0.000297962 0.00039429 0.0139215 -0.0231936 0.000394172 -0.00101696 -0.0231936 0.102649 
0.00471614 -0.0111982 -0.000263306 0.000369737 -0.0111982 0.0696898 0.000366566 -0.000982268 -0.000263306 0.000366566 0.0139566 -0.0232811 0.000369737 -0.000982268 -0.0232811 0.102904 
0.0047483 -0.0111298 -0.000219489 0.000281619 -0.0111298 0.0694216 0.000271325 -0.000760321 -0.000219489 0.000271325 0.0139185 -0.0233294 0.000281619 -0.000760321 -0.0233294 0.103088 
0.00482675 -0.0111628 -0.000168398 0.000228477 -0.0111628 0.0693594 0.000215225 -0.000577801 -0.000168398 0.000215225 0.0138382 -0.0232814 0.000228477 -0.000577801 -0.0232814 0.103081 
0.0049041 -0.0112682 -9.15474e-05 0.000180576 -0.0112682 0.0695238 0.000166219 -0.000452314 -9.15474e-05 0.000166219 0.0137644 -0.0231714 0.000180576 -0.000452314 -0.0231714 0.102874 
0.00496958 -0.0113777 -9.43896e-06 7.13965e-05 -0.0113777 0.0697941 4.80388e-05 -0.000203054 -9.43896e-06 4.80388e-05 0.0137015 -0.0230667 7.13965e-05 -0.000203054 -0.0230667 0.102595 
0.00503557 -0.0114713 4.02677e-05 -3.45386e-05 -0.0114713 0.0700701 -6.71794e-05 9.13822e-05 4.02677e-05 -6.71794e-05 0.0136514 -0.0229794 -3.45386e-05 9.13822e-05 -0.0229794 0.102333 
0.00506501 -0.0115625 -8.18356e-06 -2.26763e-05 -0.0115625 0.0703371 -5.26474e-05 0.000100126 -8.18356e-06 -5.26474e-05 0.0136235 -0.022913 -2.26763e-05 0.000100126 -0.022913 0.102118 
0.00501355 -0.0116091 -0.00011043 9.10382e-05 -0.0116091 0.0705351 7.74633e-05 -0.000172205 -0.00011043 7.74633e-05 0.0136568 -0.0228765 9.10382e-05 -0.000172205 -0.0228765 0.101976 
0.00500191 -0.0115442 -9.56435e-05 0.000128342 -0.0115442 0.0705132 0.000135505 -0.000277186 -9.56435e-05 0.000135505 0.0136529 -0.0229182 0.000128342 -0.000277186 -0.0229182 0.101986 
0.00494819 -0.0115111 -8.12201e-05 0.000104643 -0.0115111 0.0704049 0.000115661 -0.000287457 -8.12201e-05 0.000115661 0.0136941 -0.0229209 0.000104643 -0.000287457 -0.0229209 0.102021 
0.00495754 -0.0114351 -0.000141666 0.000155182 -0.0114351 0.0702302 0.00016104 -0.000432331 -0.000141666 0.00016104 0.0136802 -0.0229684 0.000155182 -0.000432331 -0.0229684 0.102099 
0.00498599 -0.0114323 -0.000212837 0.000223442 -0.0114323 0.0701212 0.000230241 -0.000589674 -0.000212837 0.000230241 0.0136441 -0.0229567 0.000223442 -0.000589674 -0.0229567 0.102126 
0.00499545 -0.0114666 -0.000239341 0.000286048 -0.0114666 0.070138 0.000301621 -0.000736572 -0.000239341 0.000301621 0.0136318 -0.0229072 0.000286048 -0.000736572 -0.0229072 0.102045 
0.00503664 -0.0114801 -0.000232653 0.000305267 -0.0114801 0.0701758 0.000321998 -0.000815603 -0.000232653 0.000321998 0.0135995 -0.0228859 0.000305267 -0.000815603 -0.0228859 0.10196 
0.00509742 -0.0115302 -0.000208991 0.000276195 -0.0115302 0.0702606 0.000285548 -0.00076009 -0.000208991 0.000285548 0.0135492 -0.0228452 0.000276195 -0.00076009 -0.0228452 0.101865 
0.00516917 -0.0116147 -0.000199718 0.000255219 -0.0116147 0.0704439 0.00025481 -0.000690798 -0.000199718 0.00025481 0.0134935 -0.0227801 0.000255219 -0.000690798 -0.0227801 0.101719 
0.00523254 -0.0117155 -0.000163383 0.000183535 -0.0117155 0.070699 0.000178642 -0.000470157 -0.000163383 0.000178642 0.0134486 -0.0227069 0.000183535 -0.000470157 -0.0227069 0.101535 
0.00532302 -0.0118115 -0.000121416 0.000146856 -0.0118115 0.0709835 0.000141825 -0.000330648 -0.000121416 0.000141825 0.0133744 -0.0226475 0.000146856 -0.000330648 -0.0226475 0.101359 
0.00537421 -0.0119409 -9.60592e-05 0.000113498 -0.0119409 0.0713262 0.000107388 -0.000248042 -9.60592e-05 0.000107388 0.0133248 -0.022554 0.000113498 -0.000248042 -0.022554 0.101144 
0.005354 -0.0120217 -9.53448e-05 0.000102315 -0.0120217 0.0716307 9.56533e-05 -0.000221331 -9.53448e-05 9.56533e-05 0.0133388 -0.0224858 0.000102315 -0.000221331 -0.0224858 0.100937 
0.00532702 -0.012002 -0.000153488 0.000136015 -0.012002 0.0717302 0.000131805 -0.000310971 -0.000153488 0.000131805 0.0133619 -0.0224999 0.000136015 -0.000310971 -0.0224999 0.100872 
0.00526444 -0.0119585 -0.000243057 0.000221936 -0.0119585 0.0716717 0.000229041 -0.000517878 -0.000243057 0.000229041 0.0134124 -0.0225342 0.000221936 -0.000517878 -0.0225342 0.100922 
0.00525085 -0.0118715 -0.00028539 0.000322071 -0.0118715 0.0714932 0.000346835 -0.000780963 -0.00028539 0.000346835 0.0134174 -0.0226013 0.000322071 -0.000780963 -0.0226013 0.101058 
0.00522582 -0.0118372 -0.000276542 0.000340694 -0.0118372 0.0713322 0.000370382 -0.000889742 -0.000276542 0.000370382 0.0134398 -0.0226158 0.000340694 -0.000889742 -0.0226158 0.101153 
0.00524553 -0.0117989 -0.000188483 0.000287343 -0.0117989 0.0712024 0.000308679 -0.000779591 -0.000188483 0.000308679 0.013429 -0.0226429 0.000287343 -0.000779591 -0.0226429 0.101223 
0.00522685 -0.0118235 -0.000112649 0.000202182 -0.0118235 0.0711812 0.000202638 -0.000593744 -0.000112649 0.000202638 0.0134498 -0.0226296 0.000202182 -0.000593744 -0.0226296 0.101233 
0.00517006 -0.0118092 -4.55848e-05 0.0001126 -0.0118092 0.0711757 9.25967e-05 -0.00034145 -4.55848e-05 9.25967e-05 0.0135084 -0.0226524 0.0001126 -0.00034145 -0.0226524 0.10126 
0.0051132 -0.0117409 -5.46104e-05 8.22274e-05 -0.0117409 0.0710683 5.11844e-05 -0.000238304 -5.46104e-05 5.11844e-05 0.0135513 -0.0227263 8.22274e-05 -0.000238304 -0.0227263 0.101393 
0.00506221 -0.0116605 -0.00010935 9.49531e-05 -0.0116605 0.0708791 6.88151e-05 -0.000228526 -0.00010935 6.88151e-05 0.0135879 -0.0227882 9.49531e-05 -0.000228526 -0.0227882 0.101566 
0.00500055 -0.011586 -0.000201142 0.000209997 -0.011586 0.0706653 0.000203573 -0.000498652 -0.000201142 0.000203573 0.0136406 -0.022835 0.000209997 -0.000498652 -0.022835 0.101713 
0.00494512 -0.0114977 -0.000218255 0.00028277 -0.0114977 0.0704218 0.000295148 -0.00071409 -0.000218255 0.000295148 0.0136825 -0.022901 0.00028277 -0.00071409 -0.022901 0.101874 
0.00488607 -0.011414 -0.000197883 0.000263746 -0.011414 0.0701676 0.000278648 -0.000727817 -0.000197883 0.000278648 0.013734 -0.0229588 0.000263746 -0.000727817 -0.0229588 0.102037 
0.00488761 -0.0113286 -0.000144081 0.000218009 -0.0113286 0.0699112 0.000224527 -0.000612103 -0.000144081 0.000224527 0.0137331 -0.0230245 0.000218009 -0.000612103 -0.0230245 0.102208 
0.0049207 -0.0113223 -0.000132135 0.00016589 -0.0113223 0.0697781 0.000160599 -0.00047754 -0.000132135 0.000160599 0.0137039 -0.0230275 0.00016589 -0.00047754 -0.0230275 0.10229 
0.0049374 -0.0113675 -8.90939e-05 0.000142882 -0.0113675 0.0698111 0.000134318 -0.000365557 -8.90939e-05 0.000134318 0.0137035 -0.0229869 0.000142882 -0.000365557 -0.0229869 0.102245 
0.00497563 -0.0113996 -2.30901e-05 7.69575e-05 -0.0113996 0.0698994 6.44679e-05 -0.000204159 -2.30901e-05 6.44679e-05 0.0136855 -0.0229802 7.69575e-05 -0.000204159 -0.0229802 0.102197 
0.00495 -0.0114595 -1.27897e-06 2.7068e-06 -0.0114595 0.0700435 -1.72932e-05 -1.86851e-05 -1.27897e-06 -1.72932e-05 0.013715 -0.02296 2.7068e-06 -1.86851e-05 -0.02296 0.102154 
0.00489852 -0.0114409 2.07699e-05 -2.58173e-05 -0.0114409 0.0701072 -4.38253e-05 0.000105845 2.07699e-05 -4.38253e-05 0.013763 -0.0229955 -2.58173e-05 0.000105845 -0.0229955 0.102189 
0.00489815 -0.0113755 4.1138e-05 -5.97464e-05 -0.0113755 0.0700193 -7.16465e-05 0.000200035 4.1138e-05 -7.16465e-05 0.0137615 -0.0230619 -5.97464e-05 0.000200035 -0.0230619 0.102325 
0.00490374 -0.0113657 -8.46079e-06 -4.85954e-05 -0.0113657 0.0699462 -5.5481e-05 0.000166433 -8.46079e-06 -5.5481e-05 0.0137585 -0.0230675 -4.85954e-05 0.000166433 -0.0230675 0.102408 
0.00489634 -0.0113731 3.0821e-06 -4.31214e-05 -0.0113731 0.0699375 -3.74967e-05 0.000191367 3.0821e-06 -3.74967e-05 0.0137603 -0.0230611 -4.31214e-05 0.000191367 -0.0230611 0.102418 
0.00490089 -0.0113667 5.85801e-05 -2.37005e-05 -0.0113667 0.0699305 -9.64107e-06 0.000106986 5.85801e-05 -9.64107e-06 0.0137576 -0.0230612 -2.37005e-05 0.000106986 -0.0230612 0.102416 
0.00489489 -0.0113698 9.8311e-05 -4.82154e-05 -0.0113698 0.0699272 -4.51976e-05 7.08838e-05 9.8311e-05 -4.51976e-05 0.0137721 -0.0230565 -4.82154e-05 7.08838e-05 -0.0230565 0.102408 
0.00486845 -0.0113639 7.49479e-05 -8.60509e-05 -0.0113639 0.0699189 -0.000100514 0.000140269 7.49479e-05 -0.000100514 0.0137983 -0.0230747 -8.60509e-05 0.000140269 -0.0230747 0.102431 
0.00485536 -0.0113337 7.17572e-05 -7.66823e-05 -0.0113337 0.0698706 -9.10777e-05 0.000185328 7.17572e-05 -9.10777e-05 0.0138213 -0.0231097 -7.66823e-05 0.000185328 -0.0231097 0.102504 
0.00489226 -0.0113161 9.18024e-05 -0.00010954 -0.0113161 0.069819 -0.000117317 0.00027736 9.18024e-05 -0.000117317 0.0138092 -0.0231422 -0.00010954 0.00027736 -0.0231422 0.102593 
0.0048934 -0.0113674 7.44657e-05 -0.000121769 -0.0113674 0.0698834 -0.000125134 0.000312148 7.44657e-05 -0.000125134 0.0138158 -0.0231307 -0.000121769 0.000312148 -0.0231307 0.102618 
0.00486535 -0.0113854 4.6426e-05 -8.64542e-05 -0.0113854 0.0699771 -8.2903e-05 0.000245695 4.6426e-05 -8.2903e-05 0.0138369 -0.0231375 -8.64542e-05 0.000245695 -0.0231375 0.102628 
0.004851 -0.0113547 2.79355e-05 -4.92019e-05 -0.0113547 0.069976 -3.81012e-05 0.000139201 2.79355e-05 -3.81012e-05 0.0138512 -0.0231648 -4.92019e-05 0.000139201 -0.0231648 0.102679 
0.00482647 -0.0113312 2.46238e-05 -2.38973e-05 -0.0113312 0.0699225 -1.07385e-05 4.75477e-05 2.46238e-05 -1.07385e-05 0.0138693 -0.0231848 -2.38973e-05 4.75477e-05 -0.0231848 0.10274 
0.00479824 -0.0112977 3.8619e-05 -2.23341e-05 -0.0112977 0.0698445 -1.26399e-05 1.8087e-05 3.8619e-05 -1.26399e-05 0.0138916 -0.0232089 -2.23341e-05 1.8087e-05 -0.0232089 0.102802 
0.00480349 -0.0112564 2.09998e-05 -2.27696e-05 -0.0112564 0.0697381 -2.00544e-05 -4.26367e-07 2.09998e-05 -2.00544e-05 0.0139001 -0.0232374 -2.27696e-05 -4.26367e-07 -0.0232374 0.102874 
0.00483609 -0.0112592 2.58752e-05 -1.1075e-05 -0.0112592 0.0696875 -9.873e-06 -6.52239e-06 2.58752e-05 -9.873e-06 0.013885 -0.0232506 -1.1075e-05 -6.52239e-06 -0.0232506 0.102927 
0.00484972 -0.0113086 2.54927e-05 7.51673e-06 -0.0113086 0.0697595 8.0665e-06 -7.28359e-05 2.54927e-05 8.0665e-06 0.013881 -0.0232316 7.51673e-06 -7.28359e-05 -0.0232316 0.102919 
0.00482915 -0.01134 8.41469e-05 -4.36104e-05 -0.01134 0.0698722 -4.71383e-05 5.03537e-05 8.41469e-05 -4.71383e-05 0.0138999 -0.0232255 -4.36104e-05 5.03537e-05 -0.0232255 0.102898 
0.00478867 -0.0113213 0.000160519 -0.000136518 -0.0113213 0.0699023 -0.000147979 0.000286641 0.000160519 -0.000147979 0.0139301 -0.02325 -0.000136518 0.000286641 -0.02325 0.102929 
0.0046793 -0.0112662 0.000221394 -0.000208222 -0.0112662 0.0698164 -0.000229442 0.000487077 0.000221394 -0.000229442 0.0140251 -0.0232901 -0.000208222 0.000487077 -0.0232901 0.103015 
0.00459148 -0.0111219 0.000335878 -0.00033221 -0.0111219 0.0695397 -0.00035855 0.000831274 0.000335878 -0.00035855 0.0141054 -0.0234095 -0.00033221 0.000831274 -0.0234095 0.103242 
0.00459278 -0.0109912 0.000359083 -0.000445375 -0.0109912 0.069171 -0.000479197 0.00112287 0.000359083 -0.000479197 0.0141139 -0.0235212 -0.000445375 0.00112287 -0.0235212 0.10354 
0.00462209 -0.0109782 0.000367615 -0.000449474 -0.0109782 0.0689727 -0.000477051 0.00121375 0.000367615 -0.000477051 0.0140959 -0.0235413 -0.000449474 0.00121375 -0.0235413 0.103707 
0.00464294 -0.0110212 0.000340024 -0.000439195 -0.0110212 0.0689864 -0.000455771 0.00117684 0.000340024 -0.000455771 0.0140796 -0.0235166 -0.000439195 0.00117684 -0.0235166 0.103716 
0.00463568 -0.0110577 0.000323812 -0.000375852 -0.0110577 0.0690764 -0.000380769 0.00100629 0.000323812 -0.000380769 0.014079 -0.0234915 -0.000375852 0.00100629 -0.0234915 0.103664 
0.00456694 -0.011054 0.000301971 -0.000367666 -0.011054 0.0691212 -0.000368261 0.000924426 0.000301971 -0.000368261 0.0141314 -0.0234868 -0.000367666 0.000924426 -0.0234868 0.103629 
0.00457169 -0.0109597 0.000185716 -0.000287459 -0.0109597 0.0689733 -0.00028677 0.000705009 0.000185716 -0.00028677 0.0141368 -0.0235529 -0.000287459 0.000705009 -0.0235529 0.103721 
0.00461131 -0.0109555 0.000164191 -0.000224556 -0.0109555 0.0688721 -0.000210283 0.000598237 0.000164191 -0.000210283 0.0141144 -0.0235654 -0.000224556 0.000598237 -0.0235654 0.103801 
0.00467155 -0.011013 0.000144555 -0.000189359 -0.011013 0.0689398 -0.000168824 0.000469272 0.000144555 -0.000168824 0.0140778 -0.0235373 -0.000189359 0.000469272 -0.0235373 0.103782 
0.00472633 -0.0111065 0.000153926 -0.000186597 -0.0111065 0.0691533 -0.000168385 0.000449758 0.000153926 -0.000168385 0.0140462 -0.0234881 -0.000186597 0.000449758 -0.0234881 0.103685 
0.00477797 -0.0111961 0.000151504 -0.000204253 -0.0111961 0.069423 -0.000192787 0.000492291 0.000151504 -0.000192787 0.014018 -0.0234459 -0.000204253 0.000492291 -0.0234459 0.10357 
0.00474878 -0.0112776 0.000150294 -0.000162507 -0.0112776 0.0696889 -0.000154539 0.000408248 0.000150294 -0.000154539 0.0140313 -0.0234105 -0.000162507 0.000408248 -0.0234105 0.103469 
0.00472867 -0.0112552 0.000140273 -0.000199289 -0.0112552 0.0697912 -0.000195659 0.000476559 0.000140273 -0.000195659 0.0140378 -0.0234254 -0.000199289 0.000476559 -0.0234254 0.103452 
0.00466092 -0.0112161 7.43467e-05 -0.000154324 -0.0112161 0.0697387 -0.000149429 0.000400567 7.43467e-05 -0.000149429 0.0140828 -0.0234373 -0.000154324 0.000400567 -0.0234373 0.103478 
0.00461347 -0.0111196 5.59486e-05 -7.87721e-05 -0.0111196 0.069544 -6.30637e-05 0.000236261 5.59486e-05 -6.30637e-05 0.014113 -0.0234926 -7.87721e-05 0.000236261 -0.0234926 0.103574 
0.004571 -0.0110395 8.07591e-05 -6.84455e-05 -0.0110395 0.0692968 -5.04883e-05 0.000154523 8.07591e-05 -5.04883e-05 0.0141421 -0.0235352 -6.84455e-05 0.000154523 -0.0235352 0.103693 
0.00455796 -0.0109744 0.000179538 -0.00017884 -0.0109744 0.0690733 -0.000169534 0.000410012 0.000179538 -0.000169534 0.0141635 -0.0235723 -0.00017884 0.000410012 -0.0235723 0.1038 
0.00452016 -0.0109506 0.000237954 -0.000271278 -0.0109506 0.068929 -0.000276301 0.00065374 0.000237954 -0.000276301 0.014216 -0.0236004 -0.000271278 0.00065374 -0.0236004 0.103886 
0.00452091 -0.0109087 0.000313052 -0.000340472 -0.0109087 0.0688168 -0.000352534 0.000871828 0.000313052 -0.000352534 0.014229 -0.0236657 -0.000340472 0.000871828 -0.0236657 0.104022 
0.00450739 -0.0109107 0.00035769 -0.000383955 -0.0109107 0.0687738 -0.000402023 0.000969469 0.00035769 -0.000402023 0.0142456 -0.0236899 -0.000383955 0.000969469 -0.0236899 0.104133 
0.0045023 -0.0109035 0.000432109 -0.000459353 -0.0109035 0.0687691 -0.000481555 0.00115529 0.000432109 -0.000481555 0.0142448 -0.0237108 -0.000459353 0.00115529 -0.0237108 0.104206 
0.0045849 -0.0108965 0.000461657 -0.000533179 -0.0108965 0.0687582 -0.000559682 0.00132883 0.000461657 -0.000559682 0.0141656 -0.0237111 -0.000533179 0.00132883 -0.0237111 0.104236 
0.00471291 -0.0109959 0.000495942 -0.000563461 -0.0109959 0.0688996 -0.000587455 0.00143785 0.000495942 -0.000587455 0.0140646 -0.0236131 -0.000563461 0.00143785 -0.0236131 0.104094 
0.00477307 -0.0111688 0.000515867 -0.000579296 -0.0111688 0.0692577 -0.000600214 0.00146342 0.000515867 -0.000600214 0.0140137 -0.023477 -0.000579296 0.00146342 -0.023477 0.103793 
0.0047418 -0.0112656 0.000487552 -0.000585287 -0.0112656 0.0696067 -0.000604234 0.00145701 0.000487552 -0.000604234 0.0140394 -0.0234034 -0.000585287 0.00145701 -0.0234034 0.103529 
0.00469071 -0.0112402 0.000484916 -0.00061561 -0.0112402 0.0697273 -0.000627581 0.00157014 0.000484916 -0.000627581 0.0140919 -0.0234303 -0.00061561 0.00157014 -0.0234303 0.103466 
0.00466364 -0.0111653 0.000470944 -0.0005929 -0.0111653 0.069619 -0.000591977 0.0015342 0.000470944 -0.000591977 0.0141147 -0.0235054 -0.0005929 0.0015342 -0.0235054 0.10359 
0.00468745 -0.011128 0.000550382 -0.000632549 -0.011128 0.0695005 -0.000624489 0.0016331 0.000550382 -0.000624489 0.0140975 -0.0235411 -0.000632549 0.0016331 -0.0235411 0.10372 
0.00472942 -0.0111508 0.000591158 -0.000688461 -0.0111508 0.0694791 -0.00068717 0.00171936 0.000591158 -0.00068717 0.0140645 -0.0235233 -0.000688461 0.00171936 -0.0235233 0.103744 
0.00479029 -0.0112077 0.000625344 -0.000730195 -0.0112077 0.069577 -0.000738388 0.00183265 0.000625344 -0.000738388 0.0140126 -0.0234788 -0.000730195 0.00183265 -0.0234788 0.103669 
0.00480813 -0.0112818 0.000571439 -0.000687983 -0.0112818 0.069733 -0.000700743 0.0017171 0.000571439 -0.000700743 0.0139854 -0.0234139 -0.000687983 0.0017171 -0.0234139 0.10353 
0.00482352 -0.0113151 0.000558744 -0.000654151 -0.0113151 0.0698736 -0.000661893 0.00164502 0.000558744 -0.000661893 0.0139674 -0.0233721 -0.000654151 0.00164502 -0.0233721 0.103393 
0.00479968 -0.0113366 0.000530507 -0.000666623 -0.0113366 0.0699626 -0.000669212 0.00165338 0.000530507 -0.000669212 0.0139861 -0.0233462 -0.000666623 0.00165338 -0.0233462 0.103296 
0.00479364 -0.0113069 0.000526036 -0.00064123 -0.0113069 0.0699484 -0.000636077 0.00162332 0.000526036 -0.000636077 0.0139852 -0.0233683 -0.00064123 0.00162332 -0.0233683 0.103291 
0.00477704 -0.0112928 0.000550818 -0.000639703 -0.0112928 0.0699015 -0.000630049 0.00160018 0.000550818 -0.000630049 0.0139905 -0.0233714 -0.000639703 0.00160018 -0.0233714 0.10331 
0.00476986 -0.0112616 0.000517542 -0.000623956 -0.0112616 0.0698199 -0.000619956 0.00152103 0.000517542 -0.000619956 0.0139839 -0.0233784 -0.000623956 0.00152103 -0.0233784 0.103326 
0.00477549 -0.0112448 0.000505746 -0.000600815 -0.0112448 0.0697475 -0.000598814 0.00148458 0.000505746 -0.000598814 0.0139765 -0.0233697 -0.000600815 0.00148458 -0.0233697 0.103318 
0.0047727 -0.0112473 0.000509199 -0.000583654 -0.0112473 0.0697117 -0.000580805 0.00143415 0.000509199 -0.000580805 0.0139723 -0.0233581 -0.000583654 0.00143415 -0.0233581 0.10329 
0.00479899 -0.0112463 0.000525405 -0.000624881 -0.0112463 0.0697047 -0.000625118 0.00152717 0.000525405 -0.000625118 0.013952 -0.0233498 -0.000624881 0.00152717 -0.0233498 0.103261 
0.00480353 -0.011275 0.000503845 -0.000623992 -0.011275 0.0697376 -0.000626919 0.00154863 0.000503845 -0.000626919 0.0139486 -0.023325 -0.000623992 0.00154863 -0.023325 0.103212 
0.00479515 -0.0112822 0.000453521 -0.000566476 -0.0112822 0.0697674 -0.000565443 0.0014236 0.000453521 -0.000565443 0.0139446 -0.0233191 -0.000566476 0.0014236 -0.0233191 0.103177 
0.00477838 -0.0112728 0.000410758 -0.000516367 -0.0112728 0.0697664 -0.000508308 0.00129323 0.000410758 -0.000508308 0.0139531 -0.0233133 -0.000516367 0.00129323 -0.0233133 0.103156 
0.00481191 -0.0112446 0.000358949 -0.000446614 -0.0112446 0.069709 -0.000432858 0.00110027 0.000358949 -0.000432858 0.0139185 -0.0233239 -0.000446614 0.00110027 -0.0233239 0.103162 
0.00481423 -0.0112853 0.000377131 -0.000430673 -0.0112853 0.0697428 -0.000414168 0.0010517 0.000377131 -0.000414168 0.0139211 -0.0232802 -0.000430673 0.0010517 -0.0232802 0.1031 
0.00479703 -0.0112953 0.000405437 -0.000453943 -0.0112953 0.069793 -0.00044398 0.00107942 0.000405437 -0.00044398 0.0139375 -0.0232776 -0.000453943 0.00107942 -0.0232776 0.103052 
0.00476952 -0.0112757 0.000423206 -0.000493926 -0.0112757 0.0697834 -0.000494524 0.00118465 0.000423206 -0.000494524 0.0139616 -0.0232996 -0.000493926 0.00118465 -0.0232996 0.103076 
0.0046817 -0.0112309 0.00032186 -0.000441387 -0.0112309 0.0696885 -0.000447476 0.00106701 0.00032186 -0.000447476 0.0140393 -0.0233355 -0.000441387 0.00106701 -0.0233355 0.103153 
0.00464837 -0.0111223 0.000276038 -0.000390485 -0.0111223 0.0694791 -0.000385313 0.00101282 0.000276038 -0.000385313 0.0140701 -0.0234327 -0.000390485 0.00101282 -0.0234327 0.103339 
0.00470572 -0.0110688 0.000303937 -0.000362384 -0.0110688 0.0692813 -0.000341796 0.000945939 0.000303937 -0.000341796 0.0140212 -0.0234799 -0.000362384 0.000945939 -0.0234799 0.103515 
0.00474755 -0.0111347 0.000319268 -0.000346251 -0.0111347 0.0692979 -0.000328249 0.000832524 0.000319268 -0.000328249 0.0139693 -0.0234207 -0.000346251 0.000832524 -0.0234207 0.103491 
0.0048056 -0.0111988 0.000362087 -0.000368893 -0.0111988 0.0694477 -0.000363537 0.000854187 0.000362087 -0.000363537 0.0139106 -0.0233458 -0.000368893 0.000854187 -0.0233458 0.103329 
0.00482553 -0.011272 0.000345789 -0.000379576 -0.011272 0.0696243 -0.000388815 0.00085702 0.000345789 -0.000388815 0.0138757 -0.0232671 -0.000379576 0.00085702 -0.0232671 0.103124 
0.0047957 -0.0113045 0.000373849 -0.000426926 -0.0113045 0.0697619 -0.000441355 0.00102598 0.000373849 -0.000441355 0.0138896 -0.0232147 -0.000426926 0.00102598 -0.0232147 0.102948 
0.00480979 -0.011263 0.000404813 -0.000493875 -0.011263 0.0697425 -0.000505814 0.00123254 0.000404813 -0.000505814 0.0138777 -0.0232275 -0.000493875 0.00123254 -0.0232275 0.102894 
0.0048406 -0.0112633 0.00038622 -0.000499814 -0.0112633 0.0696898 -0.000506797 0.00127888 0.00038622 -0.000506797 0.0138462 -0.0232184 -0.000499814 0.00127888 -0.0232184 0.102877 
0.00486761 -0.0113039 0.00039878 -0.000507881 -0.0113039 0.0697371 -0.000506588 0.00133157 0.00039878 -0.000506588 0.01383 -0.0231773 -0.000507881 0.00133157 -0.0231773 0.102802 
0.00488533 -0.0113395 0.000406637 -0.000477581 -0.0113395 0.0698216 -0.000471033 0.00123496 0.000406637 -0.000471033 0.0138222 -0.0231543 -0.000477581 0.00123496 -0.0231543 0.102724 
0.00491508 -0.0113691 0.000415891 -0.000493937 -0.0113691 0.0699135 -0.00049027 0.0012314 0.000415891 -0.00049027 0.0137949 -0.0231443 -0.000493937 0.0012314 -0.0231443 0.102677 
0.00494365 -0.011409 0.000399673 -0.000474967 -0.011409 0.070017 -0.000474805 0.00117398 0.000399673 -0.000474805 0.0137566 -0.0231129 -0.000474967 0.00117398 -0.0231129 0.102615 
0.00498769 -0.0114498 0.000429875 -0.000486027 -0.0114498 0.0701363 -0.000485717 0.00120237 0.000429875 -0.000485717 0.0137063 -0.023062 -0.000486027 0.00120237 -0.023062 0.102504 
0.0050668 -0.0115049 0.000438506 -0.000522206 -0.0115049 0.07027 -0.000525311 0.00127232 0.000438506 -0.000525311 0.0136337 -0.0229943 -0.000522206 0.00127232 -0.0229943 0.102342 
0.00514543 -0.0116052 0.000485508 -0.000538484 -0.0116052 0.0704842 -0.000541889 0.00134017 0.000485508 -0.000541889 0.0135805 -0.0228985 -0.000538484 0.00134017 -0.0228985 0.102117 
0.00518634 -0.0117201 0.000523126 -0.000618503 -0.0117201 0.0707784 -0.000627922 0.00152158 0.000523126 -0.000627922 0.0135501 -0.0228248 -0.000618503 0.00152158 -0.0228248 0.101892 
