0.00799131 0 -0.00412286 0 0 0.01 0 0 -0.00412286 0 0.00814313 0 0 0 0 0.01 
0.0112285 -0.0139569 -0.00580523 0.00710895 -0.0139569 0.0359357 0.00710895 -0.013631 -0.00580523 0.00710895 0.0114988 -0.0142923 0.00710895 -0.013631 -0.0142923 0.0365788 
0.0114409 -0.0213126 -0.00510283 0.0082832 -0.0213126 0.0774272 0.0082832 -0.0261554 -0.00510283 0.0082832 0.0115007 -0.0217598 0.0082832 -0.0261554 -0.0217598 0.078868 
0.0108618 -0.020885 -0.00446502 0.00591685 -0.020885 0.0923214 0.00592644 -0.0204892 -0.00446502 0.00592644 0.0107795 -0.0210027 0.00591685 -0.0204892 -0.0210027 0.0933114 
0.0108299 -0.0199058 -0.00461046 0.00530117 -0.0199058 0.0939827 0.00531412 -0.015992 -0.00461046 0.00531412 0.0105848 -0.0198568 0.00530117 -0.015992 -0.0198568 0.0943883 
0.0109417 -0.0197623 -0.00486316 0.00563066 -0.0197623 0.0939704 0.0056414 -0.0151393 -0.00486316 0.0056414 0.0107171 -0.0195261 0.00563066 -0.0151393 -0.0195261 0.0938448 
0.0111086 -0.0198314 -0.00496275 0.00599432 -0.0198314 0.0941622 0.00599989 -0.0156162 -0.00496275 0.00599989 0.0108015 -0.0196192 0.00599432 -0.0156162 -0.0196192 0.0938375 
0.011252 -0.0199844 -0.00494352 0.00611692 -0.0199844 0.0944841 0.00612127 -0.0160198 -0.00494352 0.00612127 0.0108257 -0.0196875 0.00611692 -0.0160198 -0.0196875 0.0940034 
0.0113217 -0.0201394 -0.00487951 0.00607911 -0.0201394 0.0948524 0.00608559 -0.016065 -0.00487951 0.00608559 0.0108977 -0.019707 0.00607911 -0.016065 -0.019707 0.0940908 
0.0113667 -0.0202198 -0.00483662 0.0059961 -0.0202198 0.0951105 0.00600156 -0.0159175 -0.00483662 0.00600156 0.0109276 -0.0197913 0.0059961 -0.0159175 -0.0197913 0.0942365 
0.0113058 -0.0202734 -0.00482978 0.0059392 -0.0202734 0.0952765 0.00594242 -0.0157521 -0.00482978 0.00594242 0.0110089 -0.0198379 0.0059392 -0.0157521 -0.0198379 0.0943869 
0.0112486 -0.0202081 -0.00482912 0.00592879 -0.0202081 0.095242 0.00592555 -0.0156631 -0.00482912 0.00592555 0.0110796 -0.0199385 0.00592879 -0.0156631 -0.0199385 0.0945994 
0.0112205 -0.0201366 -0.00484393 0.00593164 -0.0201366 0.0950862 0.00592342 -0.015642 -0.00484393 0.00592342 0.0110881 -0.0200247 0.00593164 -0.015642 -0.0200247 0.0948263 
0.0113214 -0.0201123 -0.00483738 0.00594235 -0.0201123 0.0949953 0.00593776 -0.0156466 -0.00483738 0.00593776 0.0109908 -0.0200356 0.00594235 -0.0156466 -0.0200356 0.0949371 
0.0113662 -0.0202261 -0.00486964 0.00593766 -0.0202261 0.0951302 0.00594493 -0.0156694 -0.00486964 0.00594493 0.0108773 -0.0199103 0.00593766 -0.0156694 -0.0199103 0.094757 
0.0113069 -0.0202955 -0.00489849 0.00596514 -0.0202955 0.0953492 0.00598323 -0.0157124 -0.00489849 0.00598323 0.0108885 -0.0197684 0.00596514 -0.0157124 -0.0197684 0.0944393 
0.0111296 -0.0202145 -0.00497425 0.00601844 -0.0202145 0.0952884 0.00603332 -0.0158424 -0.00497425 0.00603332 0.0109259 -0.0197577 0.00601844 -0.0158424 -0.0197577 0.0942514 
0.0110564 -0.0200122 -0.00500057 0.00610939 -0.0200122 0.0949535 0.00611048 -0.016007 -0.00500057 0.00611048 0.0109492 -0.0198055 0.00610939 -0.016007 -0.0198055 0.0942893 
0.0110715 -0.0199028 -0.00501658 0.00616029 -0.0199028 0.0945929 0.00615312 -0.0161738 -0.00501658 0.00615312 0.0108928 -0.0198259 0.00616029 -0.0161738 -0.0198259 0.0943351 
0.0110586 -0.0199123 -0.00501571 0.00618177 -0.0199123 0.0944711 0.00617381 -0.0162671 -0.00501571 0.00617381 0.0109014 -0.0197628 0.00618177 -0.0162671 -0.0197628 0.0942582 
0.0110943 -0.0198985 -0.00499923 0.00617933 -0.0198985 0.0944283 0.00616953 -0.0162894 -0.00499923 0.00616953 0.0108928 -0.0197748 0.00617933 -0.0162894 -0.0197748 0.0942336 
0.0110695 -0.0199303 -0.00500117 0.00615972 -0.0199303 0.094441 0.00615099 -0.0162676 -0.00500117 0.00615099 0.0109109 -0.0197717 0.00615972 -0.0162676 -0.0197717 0.0942402 
0.0111665 -0.0198993 -0.00501201 0.00616162 -0.0198993 0.0944048 0.00615278 -0.0162552 -0.00501201 0.00615278 0.0107644 -0.019795 0.00616162 -0.0162552 -0.019795 0.0942827 
0.0112289 -0.0199933 -0.00504717 0.00618232 -0.0199933 0.0944907 0.00618149 -0.0163086 -0.00504717 0.00618149 0.0106001 -0.0196213 0.00618232 -0.0163086 -0.0196213 0.0940382 
0.0112284 -0.0200703 -0.00507338 0.00622155 -0.0200703 0.0946769 0.00623063 -0.0163984 -0.00507338 0.00623063 0.0105416 -0.0194177 0.00622155 -0.0163984 -0.0194177 0.0935897 
0.0111735 -0.02005 -0.00511475 0.00627011 -0.02005 0.0946881 0.00627927 -0.0165419 -0.00511475 0.00627927 0.0105134 -0.0193316 0.00627011 -0.0165419 -0.0193316 0.0932404 
0.0111111 -0.0199877 -0.00514 0.0063213 -0.0199877 0.0945872 0.00632416 -0.0166656 -0.00514 0.00632416 0.0105382 -0.0192971 0.0063213 -0.0166656 -0.0192971 0.0930787 
0.0110327 -0.0199229 -0.00513273 0.00634826 -0.0199229 0.0944528 0.0063451 -0.016738 -0.00513273 0.0063451 0.0106571 -0.0193298 0.00634826 -0.016738 -0.0193298 0.0930877 
0.0109646 -0.0198295 -0.00511854 0.00634367 -0.0198295 0.0942485 0.00633436 -0.0167567 -0.00511854 0.00633436 0.0107735 -0.0194697 0.00634367 -0.0167567 -0.0194697 0.0933142 
0.0109775 -0.0197405 -0.00513112 0.00633361 -0.0197405 0.0940094 0.00631996 -0.0167497 -0.00513112 0.00631996 0.0107231 -0.0196075 0.00633361 -0.0167497 -0.0196075 0.0936322 
0.0110622 -0.0197496 -0.00514717 0.00634698 -0.0197496 0.0939271 0.00633896 -0.0167681 -0.00514717 0.00633896 0.0105765 -0.0195527 0.00634698 -0.0167681 -0.0195527 0.0936829 
0.0111242 -0.0198475 -0.00513808 0.00636301 -0.0198475 0.0940635 0.00636585 -0.0168137 -0.00513808 0.00636585 0.0104913 -0.0193733 0.00636301 -0.0168137 -0.0193733 0.0933906 
0.0111603 -0.0199416 -0.00508753 0.00633918 -0.0199416 0.0943162 0.00634411 -0.0167743 -0.00508753 0.00634411 0.0105455 -0.0192742 0.00633918 -0.0167743 -0.0192742 0.0931074 
0.0111593 -0.0199703 -0.00505626 0.00628466 -0.0199703 0.0944293 0.00628284 -0.0166768 -0.00505626 0.00628284 0.010591 -0.0193463 0.00628466 -0.0166768 -0.0193463 0.0931142 
0.0111603 -0.0199483 -0.00505827 0.00625336 -0.0199483 0.0943987 0.00624179 -0.0165794 -0.00505827 0.00624179 0.0105608 -0.0194183 0.00625336 -0.0165794 -0.0194183 0.09328 
0.0112008 -0.0199437 -0.00506181 0.00625154 -0.0199437 0.0943647 0.0062377 -0.0165278 -0.00506181 0.0062377 0.0104956 -0.0193949 0.00625154 -0.0165278 -0.0193949 0.0933405 
0.0112448 -0.0199798 -0.00507351 0.00626055 -0.0199798 0.0943844 0.0062542 -0.0165449 -0.00507351 0.0062542 0.0104268 -0.0193134 0.00626055 -0.0165449 -0.0193134 0.0932181 
0.0111972 -0.0200382 -0.00509854 0.00627198 -0.0200382 0.0944947 0.00627682 -0.0165839 -0.00509854 0.00627682 0.0104501 -0.0192219 0.00627198 -0.0165839 -0.0192219 0.0930067 
0.0111504 -0.0200011 -0.00509948 0.00629673 -0.0200011 0.0945173 0.00630459 -0.0166336 -0.00509948 0.00630459 0.0105276 -0.019239 0.00629673 -0.0166336 -0.019239 0.0929349 
0.0112599 -0.0199451 -0.00506362 0.0063029 -0.0199451 0.0944186 0.00630586 -0.016669 -0.00506362 0.00630586 0.0104585 -0.0193282 0.0063029 -0.016669 -0.0193282 0.0930551 
0.0112933 -0.0200606 -0.00506785 0.00626357 -0.0200606 0.0945299 0.00627115 -0.0166344 -0.00506785 0.00627115 0.0103856 -0.0192525 0.00626357 -0.0166344 -0.0192525 0.093004 
0.011322 -0.0201088 -0.00506754 0.00626292 -0.0201088 0.0946979 0.00627315 -0.0166035 -0.00506754 0.00627315 0.0103218 -0.0191633 0.00626292 -0.0166035 -0.0191633 0.092818 
0.0113033 -0.0201326 -0.00509115 0.00626924 -0.0201326 0.0947807 0.0062758 -0.016609 -0.00509115 0.0062758 0.0102911 -0.0190879 0.00626924 -0.016609 -0.0190879 0.0926211 
0.0111902 -0.0201055 -0.00512614 0.00630098 -0.0201055 0.0947607 0.00630304 -0.016658 -0.00512614 0.00630304 0.0103723 -0.0190487 0.00630098 -0.016658 -0.0190487 0.0924869 
0.0112151 -0.0199679 -0.00513612 0.00635327 -0.0199679 0.0945236 0.00634678 -0.0167644 -0.00513612 0.00634678 0.0102984 -0.0191381 0.00635327 -0.0167644 -0.0191381 0.0925671 
0.0112671 -0.0199793 -0.00514345 0.00637354 -0.0199793 0.0944012 0.00636853 -0.0168554 -0.00514345 0.00636853 0.01018 -0.0190542 0.00637354 -0.0168554 -0.0190542 0.0925002 
0.0113718 -0.0200395 -0.0051176 0.00638255 -0.0200395 0.0944729 0.00638501 -0.0169084 -0.0051176 0.00638501 0.0100389 -0.0189035 0.00638255 -0.0169084 -0.0189035 0.0922057 
0.0114166 -0.0201502 -0.00511261 0.00635792 -0.0201502 0.0946614 0.00636653 -0.016909 -0.00511261 0.00636653 0.00997038 -0.0187301 0.00635792 -0.016909 -0.0187301 0.0917953 
0.0114159 -0.0201948 -0.00513329 0.00635608 -0.0201948 0.0948 0.00636658 -0.0169098 -0.00513329 0.00636658 0.00993673 -0.018642 0.00635608 -0.0169098 -0.018642 0.0914831 
0.011486 -0.0202201 -0.00510642 0.00637012 -0.0202201 0.094922 0.00637906 -0.016909 -0.00510642 0.00637906 0.00990814 -0.0185995 0.00637012 -0.016909 -0.0185995 0.0913208 
0.0115209 -0.0202743 -0.00510286 0.0063566 -0.0202743 0.0949949 0.00636841 -0.0169316 -0.00510286 0.00636841 0.00985152 -0.0185631 0.0063566 -0.0169316 -0.0185631 0.0911936 
0.0115238 -0.0203167 -0.00512583 0.00635134 -0.0203167 0.095104 0.00636547 -0.0169285 -0.00512583 0.00636547 0.00979415 -0.0184946 0.00635134 -0.0169285 -0.0184946 0.0910392 
0.0115704 -0.0203253 -0.00513772 0.00637942 -0.0203253 0.095169 0.0063931 -0.0169668 -0.00513772 0.0063931 0.00969146 -0.0184197 0.00637942 -0.0169668 -0.0184197 0.0908523 
0.0115874 -0.020371 -0.00515334 0.00640393 -0.020371 0.0952419 0.00642023 -0.0170448 -0.00515334 0.00642023 0.00958637 -0.0182856 0.00640393 -0.0170448 -0.0182856 0.0905575 
0.0116214 -0.0204017 -0.00514846 0.00642316 -0.0204017 0.095349 0.00643906 -0.0170993 -0.00514846 0.00643906 0.00951207 -0.0181471 0.00642316 -0.0170993 -0.0181471 0.0902043 
0.0116127 -0.0204439 -0.00514251 0.00642069 -0.0204439 0.0954578 0.00643329 -0.0171133 -0.00514251 0.00643329 0.00952841 -0.01805 0.00642069 -0.0171133 -0.01805 0.0899048 
0.011494 -0.0204311 -0.00517535 0.00641774 -0.0204311 0.0954777 0.00642247 -0.0171074 -0.00517535 0.00642247 0.00966342 -0.0180684 0.00641774 -0.0171074 -0.0180684 0.089818 
0.0115156 -0.0202881 -0.00516289 0.00646184 -0.0202881 0.0952531 0.00645141 -0.0171563 -0.00516289 0.00645141 0.00966757 -0.0182368 0.00646184 -0.0171563 -0.0182368 0.0900706 
0.0114902 -0.0202923 -0.00516967 0.00645491 -0.0202923 0.0951103 0.00644434 -0.0171858 -0.00516967 0.00644434 0.00968946 -0.0182563 0.00645491 -0.0171858 -0.0182563 0.0902504 
0.0114627 -0.0202383 -0.0051867 0.0064748 -0.0202383 0.0949613 0.0064672 -0.0172475 -0.0051867 0.0064672 0.00962021 -0.0182766 0.0064748 -0.0172475 -0.0182766 0.0903112 
0.011505 -0.0202281 -0.00516626 0.00648327 -0.0202281 0.0949243 0.00647647 -0.0172616 -0.00516626 0.00647647 0.00954896 -0.0181919 0.00648327 -0.0172616 -0.0181919 0.0902133 
0.0114996 -0.0202614 -0.00516119 0.0064668 -0.0202614 0.0949377 0.00646274 -0.0172587 -0.00516119 0.00646274 0.00952526 -0.0181001 0.0064668 -0.0172587 -0.0181001 0.0900031 
0.0113811 -0.0202532 -0.00520297 0.00646101 -0.0202532 0.094936 0.00645598 -0.0172417 -0.00520297 0.00645598 0.00961163 -0.0180673 0.00646101 -0.0172417 -0.0180673 0.0898625 
0.011287 -0.02009 -0.00524737 0.00652563 -0.02009 0.094647 0.0065094 -0.0173427 -0.00524737 0.0065094 0.00964428 -0.0181694 0.00652563 -0.0173427 -0.0181694 0.0899695 
0.0112557 -0.0199608 -0.00527646 0.00659102 -0.0199608 0.0942829 0.00656901 -0.0175 -0.00527646 0.00656901 0.00962296 -0.0182107 0.00659102 -0.0175 -0.0182107 0.0901078 
0.0112797 -0.0199122 -0.00528014 0.00663302 -0.0199122 0.0940473 0.00661658 -0.0176464 -0.00528014 0.00661658 0.00955212 -0.0181757 0.00663302 -0.0176464 -0.0181757 0.0900918 
0.0113527 -0.0199475 -0.00527261 0.00663492 -0.0199475 0.0940324 0.00662994 -0.0177154 -0.00527261 0.00662994 0.00945154 -0.0180771 0.00663492 -0.0177154 -0.0180771 0.0899034 
0.0114277 -0.0200413 -0.00525641 0.00662162 -0.0200413 0.0941934 0.00663023 -0.0177278 -0.00525641 0.00663023 0.00935671 -0.0179435 0.00662162 -0.0177278 -0.0179435 0.0895958 
0.0113694 -0.0201206 -0.00529225 0.00660752 -0.0201206 0.0943762 0.0066272 -0.0177352 -0.00529225 0.0066272 0.00936754 -0.0178209 0.00660752 -0.0177352 -0.0178209 0.0892603 
0.0113072 -0.0200901 -0.00530786 0.00664004 -0.0200901 0.0944662 0.00665266 -0.0177513 -0.00530786 0.00665266 0.0094656 -0.0178176 0.00664004 -0.0177513 -0.0178176 0.0891122 
0.0112676 -0.0200207 -0.00531156 0.00666187 -0.0200207 0.0943769 0.00666083 -0.017787 -0.00531156 0.00666083 0.00956384 -0.0179372 0.00666187 -0.017787 -0.0179372 0.0892634 
0.0113083 -0.0199856 -0.00526427 0.00665951 -0.0199856 0.0942943 0.00664884 -0.0177703 -0.00526427 0.00664884 0.00961724 -0.018072 0.00665951 -0.0177703 -0.018072 0.0895797 
0.0114042 -0.0200131 -0.00522862 0.00660482 -0.0200131 0.0942749 0.00659516 -0.0176882 -0.00522862 0.00659516 0.00954461 -0.0181568 0.00660482 -0.0176882 -0.0181568 0.0898591 
0.0114574 -0.0201338 -0.00521312 0.00654715 -0.0201338 0.0944777 0.00654959 -0.01755 -0.00521312 0.00654959 0.00950441 -0.0180823 0.00654715 -0.01755 -0.0180823 0.0898676 
0.0113945 -0.0202212 -0.00523679 0.00651415 -0.0202212 0.0947475 0.00652639 -0.0174335 -0.00523679 0.00652639 0.00959376 -0.0180259 0.00651415 -0.0174335 -0.0180259 0.0897487 
0.0113746 -0.0201527 -0.00524975 0.00654418 -0.0201527 0.0947509 0.0065495 -0.0174327 -0.00524975 0.0065495 0.00963276 -0.0181303 0.00654418 -0.0174327 -0.0181303 0.0898526 
0.0113426 -0.0201285 -0.00525116 0.00656193 -0.0201285 0.0946867 0.00656165 -0.0174647 -0.00525116 0.00656165 0.00968551 -0.0181851 0.00656193 -0.0174647 -0.0181851 0.0900214 
0.011448 -0.0200702 -0.00521465 0.00657512 -0.0200702 0.0945467 0.00657069 -0.0175146 -0.00521465 0.00657069 0.00954849 -0.0182503 0.00657512 -0.0175146 -0.0182503 0.0901743 
0.011553 -0.0201957 -0.00516564 0.0065253 -0.0201957 0.0946812 0.00653003 -0.0174569 -0.00516564 0.00653003 0.00944642 -0.0180926 0.0065253 -0.0174569 -0.0180926 0.0900064 
0.011572 -0.0203101 -0.00516889 0.00646989 -0.0203101 0.0949252 0.0064836 -0.0173609 -0.00516889 0.0064836 0.00939991 -0.017962 0.00646989 -0.0173609 -0.017962 0.0896769 
0.0115933 -0.0203494 -0.00516155 0.00646472 -0.0203494 0.0951107 0.00647943 -0.0172967 -0.00516155 0.00647943 0.0093836 -0.0178992 0.00646472 -0.0172967 -0.0178992 0.0894484 
0.0116722 -0.0203728 -0.00512357 0.00646116 -0.0203728 0.0952016 0.00647138 -0.0172756 -0.00512357 0.00647138 0.00929603 -0.0178789 0.00646116 -0.0172756 -0.0178789 0.089339 
0.0115862 -0.0204682 -0.00516337 0.0064144 -0.0204682 0.09538 0.00642636 -0.0171978 -0.00516337 0.00642636 0.00937629 -0.0177782 0.0064144 -0.0171978 -0.0177782 0.0891583 
0.0115226 -0.020364 -0.00517555 0.00646728 -0.020364 0.095302 0.00646993 -0.0172352 -0.00517555 0.00646993 0.00945566 -0.017868 0.00646728 -0.0172352 -0.017868 0.0891961 
0.0115517 -0.020269 -0.00514929 0.00649639 -0.020269 0.0950639 0.00648631 -0.0173153 -0.00514929 0.00648631 0.00940926 -0.0179725 0.00649639 -0.0173153 -0.0179725 0.0894138 
0.0116084 -0.0203005 -0.00511331 0.00646179 -0.0203005 0.0950144 0.00645239 -0.017285 -0.00511331 0.00645239 0.00931804 -0.0179267 0.00646179 -0.017285 -0.0179267 0.0894535 
0.0115854 -0.0203633 -0.00511499 0.00641625 -0.0203633 0.0951064 0.00641367 -0.0171975 -0.00511499 0.00641367 0.00929878 -0.0178154 0.00641625 -0.0171975 -0.0178154 0.0892704 
0.011495 -0.0203182 -0.00516217 0.00642585 -0.0203182 0.0950578 0.00642159 -0.0171856 -0.00516217 0.00642159 0.00933354 -0.0177866 0.00642585 -0.0171856 -0.0177866 0.089126 
0.0113875 -0.0201756 -0.00524397 0.0065035 -0.0201756 0.0947509 0.00649081 -0.0173273 -0.00524397 0.00649081 0.00934178 -0.0178254 0.0065035 -0.0173273 -0.0178254 0.0891334 
0.0113342 -0.0200615 -0.00529286 0.00660437 -0.0200615 0.0944553 0.00658922 -0.0175433 -0.00529286 0.00658922 0.00935244 -0.0178174 0.00660437 -0.0175433 -0.0178174 0.0891313 
0.0113079 -0.0200077 -0.005313 0.00666828 -0.0200077 0.0942672 0.00665674 -0.0177454 -0.005313 0.00665674 0.00940368 -0.0178095 0.00666828 -0.0177454 -0.0178095 0.0890884 
0.0112827 -0.0199627 -0.00532641 0.00670153 -0.0199627 0.0941072 0.00669487 -0.0178997 -0.00532641 0.00669487 0.00943628 -0.017864 0.00670153 -0.0178997 -0.017864 0.0891335 
0.0112972 -0.0199241 -0.00534593 0.00672014 -0.0199241 0.0939796 0.00671734 -0.0179949 -0.00534593 0.00671734 0.00937464 -0.0179052 0.00672014 -0.0179949 -0.0179052 0.0892244 
0.0112923 -0.0199738 -0.00535245 0.00672672 -0.0199738 0.09406 0.00673148 -0.0180154 -0.00535245 0.00673148 0.00936972 -0.0178252 0.00672672 -0.0180154 -0.0178252 0.0891424 
0.0112923 -0.0199829 -0.00534099 0.00673147 -0.0199829 0.0941431 0.00673806 -0.0180261 -0.00534099 0.00673806 0.00940094 -0.0178055 0.00673147 -0.0180261 -0.0178055 0.0890419 
0.0113416 -0.0199687 -0.00532809 0.00672451 -0.0199687 0.0941274 0.0067266 -0.0180272 -0.00532809 0.0067266 0.00935092 -0.0178481 0.00672451 -0.0180272 -0.0178481 0.0890732 
0.0113687 -0.0200246 -0.0053078 0.00670643 -0.0200246 0.0941979 0.00671126 -0.0179956 -0.0053078 0.00671126 0.00930421 -0.0177963 0.00670643 -0.0179956 -0.0177963 0.0890318 
0.0112681 -0.0200399 -0.00533437 0.00669003 -0.0200399 0.0942411 0.00669717 -0.0179734 -0.00533437 0.00669717 0.00935044 -0.0177401 0.00669003 -0.0179734 -0.0177401 0.0889042 
0.0111714 -0.0199159 -0.00537207 0.00672865 -0.0199159 0.0940652 0.00672312 -0.0180118 -0.00537207 0.00672312 0.00939391 -0.0177887 0.00672865 -0.0180118 -0.0177887 0.088918 
0.0111596 -0.0197965 -0.00538081 0.00678062 -0.0197965 0.0937812 0.00676163 -0.0181006 -0.00538081 0.00676163 0.00939328 -0.017839 0.00678062 -0.0181006 -0.017839 0.0890264 
0.011188 -0.0197669 -0.00536739 0.00679955 -0.0197669 0.0935883 0.00678199 -0.0181832 -0.00536739 0.00678199 0.00935492 -0.0178367 0.00679955 -0.0181832 -0.0178367 0.0890697 
0.0112208 -0.0198031 -0.00534831 0.00678008 -0.0198031 0.0935862 0.0067714 -0.0181914 -0.00534831 0.0067714 0.00930604 -0.0177868 0.00678008 -0.0181914 -0.0177868 0.0889943 
0.0112456 -0.0198394 -0.00532304 0.00675436 -0.0198394 0.0936525 0.00675407 -0.0181571 -0.00532304 0.00675407 0.00923718 -0.017725 0.00675436 -0.0181571 -0.017725 0.0888531 
0.0112603 -0.0198582 -0.00530538 0.006728 -0.0198582 0.0936981 0.00672993 -0.0181089 -0.00530538 0.00672993 0.00918441 -0.017642 0.006728 -0.0181089 -0.017642 0.0886636 
0.0112036 -0.019854 -0.00534804 0.00671628 -0.019854 0.0936751 0.00671762 -0.0180827 -0.00534804 0.00671762 0.00920358 -0.0175751 0.00671628 -0.0180827 -0.0175751 0.088475 
0.0111639 -0.0197748 -0.00538017 0.00677659 -0.0197748 0.0935204 0.00677406 -0.0181746 -0.00538017 0.00677406 0.00919335 -0.0175887 0.00677659 -0.0181746 -0.0175887 0.0884122 
0.0112088 -0.0197351 -0.00535565 0.00682084 -0.0197351 0.0933955 0.00681654 -0.0182949 -0.00535565 0.00681654 0.00913139 -0.0175634 0.00682084 -0.0182949 -0.0175634 0.0883547 
0.0112108 -0.0198047 -0.00535883 0.0067878 -0.0198047 0.0934795 0.00679051 -0.0182937 -0.00535883 0.00679051 0.00914322 -0.0174775 0.0067878 -0.0182937 -0.0174775 0.0881818 
0.011181 -0.0198061 -0.00538303 0.00678895 -0.0198061 0.0935287 0.00679315 -0.0182847 -0.00538303 0.00679315 0.00917127 -0.0174876 0.00678895 -0.0182847 -0.0174876 0.0881098 
0.0111911 -0.0197849 -0.00538818 0.006814 -0.0197849 0.0935291 0.00681529 -0.0183086 -0.00538818 0.00681529 0.00915815 -0.0175214 0.006814 -0.0183086 -0.0175214 0.0881531 
0.0112706 -0.0197806 -0.00536903 0.00682785 -0.0197806 0.0934948 0.00682914 -0.0183574 -0.00536903 0.00682914 0.00905458 -0.0175128 0.00682785 -0.0183574 -0.0175128 0.08817 
0.0113328 -0.0198826 -0.00533429 0.00680147 -0.0198826 0.0936511 0.00681317 -0.0183415 -0.00533429 0.00681317 0.00898078 -0.0173813 0.00680147 -0.0183415 -0.0173813 0.087963 
0.0113449 -0.0199536 -0.00532271 0.00676114 -0.0199536 0.0938391 0.00677984 -0.0182811 -0.00532271 0.00677984 0.00894064 -0.0172825 0.00676114 -0.0182811 -0.0172825 0.0876849 
0.0113625 -0.0199799 -0.00530516 0.00674462 -0.0199799 0.0939697 0.00675931 -0.0182158 -0.00530516 0.00675931 0.00893001 -0.0172243 0.00674462 -0.0182158 -0.0172243 0.0874789 
0.0113812 -0.0200002 -0.0052676 0.00672597 -0.0200002 0.0940419 0.0067343 -0.0181588 -0.0052676 0.0067343 0.00892787 -0.0172096 0.00672597 -0.0181588 -0.0172096 0.0873811 
0.0113683 -0.0200205 -0.00525328 0.00668208 -0.0200205 0.094095 0.00668358 -0.0180618 -0.00525328 0.00668358 0.00894821 -0.017215 0.00668208 -0.0180618 -0.017215 0.0873677 
0.011334 -0.0199945 -0.00524162 0.00666567 -0.0199945 0.0940611 0.0066605 -0.0179852 -0.00524162 0.0066605 0.00899989 -0.0172508 0.00666567 -0.0179852 -0.0172508 0.0874367 
0.0112932 -0.0199442 -0.00525552 0.00665429 -0.0199442 0.0939487 0.00664163 -0.0179358 -0.00525552 0.00664163 0.00904465 -0.0173227 0.00665429 -0.0179358 -0.0173227 0.0875915 
0.0113027 -0.0198648 -0.00526705 0.00667984 -0.0198648 0.093733 0.00666363 -0.0179663 -0.00526705 0.00666363 0.00898308 -0.0173929 0.00667984 -0.0179663 -0.0173929 0.0877858 
0.0113145 -0.019881 -0.00526637 0.00669188 -0.019881 0.0936729 0.00668394 -0.0180079 -0.00526637 0.00668394 0.00893763 -0.0173127 0.00669188 -0.0180079 -0.0173127 0.0877414 
0.0113147 -0.019923 -0.00526436 0.00668452 -0.019923 0.0937682 0.00668621 -0.0180139 -0.00526436 0.00668621 0.00894624 -0.0172302 0.00668452 -0.0180139 -0.0172302 0.0875399 
0.0112895 -0.0199229 -0.00529201 0.00668349 -0.0199229 0.0938091 0.0066861 -0.0180183 -0.00529201 0.0066861 0.00899504 -0.0172331 0.00668349 -0.0180183 -0.0172331 0.087446 
0.0112605 -0.0198802 -0.00532524 0.00672172 -0.0198802 0.0937319 0.00672022 -0.0180825 -0.00532524 0.00672022 0.00903536 -0.0173012 0.00672172 -0.0180825 -0.0173012 0.0875356 
0.0112358 -0.0198275 -0.00536847 0.00677073 -0.0198275 0.0935865 0.00676846 -0.0182047 -0.00536847 0.00676846 0.00902785 -0.0173605 0.00677073 -0.0182047 -0.0173605 0.0876862 
0.0112221 -0.0198327 -0.00540339 0.00681269 -0.0198327 0.0935894 0.00681413 -0.0183034 -0.00540339 0.00681413 0.00904784 -0.0173366 0.00681269 -0.0183034 -0.0173366 0.0877012 
0.0112401 -0.0198468 -0.00539919 0.00684708 -0.0198468 0.093664 0.00685179 -0.0183868 -0.00539919 0.00685179 0.00909598 -0.0173424 0.00684708 -0.0183868 -0.0173424 0.0876836 
0.0112428 -0.0198599 -0.00539207 0.00684465 -0.0198599 0.0936998 0.00684987 -0.0184278 -0.00539207 0.00684987 0.00912993 -0.0174093 0.00684465 -0.0184278 -0.0174093 0.0877844 
0.0111425 -0.0198516 -0.00543567 0.006837 -0.0198516 0.0936887 0.00684024 -0.018425 -0.00543567 0.00684024 0.00922718 -0.0174684 0.006837 -0.018425 -0.0174684 0.0879427 
0.011068 -0.019757 -0.00546254 0.00687859 -0.019757 0.093582 0.00687258 -0.0184503 -0.00546254 0.00687258 0.00932215 -0.017584 0.00687859 -0.0184503 -0.017584 0.0881886 
0.0110234 -0.0196484 -0.00548585 0.00692222 -0.0196484 0.093324 0.00690614 -0.0185417 -0.00548585 0.00690614 0.00937063 -0.0177102 0.00692222 -0.0185417 -0.0177102 0.0885034 
0.0110306 -0.0196011 -0.00549453 0.00694581 -0.0196011 0.0931552 0.00693011 -0.0186074 -0.00549453 0.00693011 0.00936851 -0.0177713 0.00694581 -0.0186074 -0.0177713 0.0887323 
0.011083 -0.0196047 -0.00547456 0.00695579 -0.0196047 0.0930958 0.0069478 -0.0186573 -0.00547456 0.0069478 0.00930265 -0.0177684 0.00695579 -0.0186573 -0.0177684 0.0888061 
0.0111251 -0.0196789 -0.00546028 0.00692421 -0.0196789 0.0932148 0.00692715 -0.0186308 -0.00546028 0.00692715 0.00926653 -0.017683 0.00692421 -0.0186308 -0.017683 0.0886854 
0.0111649 -0.0197455 -0.00542722 0.00689716 -0.0197455 0.0933997 0.00690634 -0.018566 -0.00542722 0.00690634 0.00926583 -0.0176303 0.00689716 -0.018566 -0.0176303 0.0885295 
0.011174 -0.0197879 -0.00543762 0.00685813 -0.0197879 0.09353 0.00686578 -0.0184826 -0.00543762 0.00686578 0.0092708 -0.0176362 0.00685813 -0.0184826 -0.0176362 0.0884809 
0.0111756 -0.0197945 -0.00545725 0.00686909 -0.0197945 0.0935808 0.00687544 -0.0184588 -0.00545725 0.00687544 0.00926301 -0.0176504 0.00686909 -0.0184588 -0.0176504 0.0885065 
0.0111262 -0.0198091 -0.00546619 0.00689055 -0.0198091 0.0936366 0.00689781 -0.0184854 -0.00546619 0.00689781 0.00932151 -0.0176372 0.00689055 -0.0184854 -0.0176372 0.0884998 
0.0110966 -0.0197387 -0.00547286 0.00691232 -0.0197387 0.0935355 0.00691302 -0.0185441 -0.00547286 0.00691302 0.00934437 -0.0177058 0.00691232 -0.0185441 -0.0177058 0.0885867 
0.0111035 -0.0197105 -0.00545919 0.00691737 -0.0197105 0.0934515 0.00691088 -0.0185569 -0.00545919 0.00691088 0.00936829 -0.0177372 0.00691737 -0.0185569 -0.0177372 0.0886934 
0.0111201 -0.0196941 -0.00544321 0.00690885 -0.0196941 0.0933567 0.00690226 -0.0185633 -0.00544321 0.00690226 0.00933961 -0.0177742 0.00690885 -0.0185633 -0.0177742 0.0887893 
0.0110786 -0.0197149 -0.00545058 0.00688523 -0.0197149 0.0933603 0.00688191 -0.018524 -0.00545058 0.00688191 0.00937301 -0.0177445 0.00688523 -0.018524 -0.0177445 0.0887892 
0.0110678 -0.01969 -0.00545544 0.00688315 -0.01969 0.0933682 0.00687791 -0.0184792 -0.00545544 0.00687791 0.00941751 -0.0177764 0.00688315 -0.0184792 -0.0177764 0.088823 
0.0110978 -0.019666 -0.0054498 0.00689313 -0.019666 0.0933023 0.00688578 -0.0184862 -0.0054498 0.00688578 0.00940403 -0.0178379 0.00689313 -0.0184862 -0.0178379 0.0889487 
0.0110625 -0.0197159 -0.00545957 0.00687696 -0.0197159 0.0933733 0.00687534 -0.0184598 -0.00545957 0.00687534 0.00946502 -0.0178257 0.00687696 -0.0184598 -0.0178257 0.0889982 
0.0110139 -0.0196795 -0.0054813 0.00688685 -0.0196795 0.0933661 0.00688545 -0.0184592 -0.0054813 0.00688545 0.00951198 -0.017897 0.00688685 -0.0184592 -0.017897 0.0891105 
0.010987 -0.0196224 -0.00548346 0.00691248 -0.0196224 0.0932674 0.00690781 -0.0184944 -0.00548346 0.00690781 0.00954185 -0.0179597 0.00691248 -0.0184944 -0.0179597 0.0892734 
0.0109957 -0.0195898 -0.00548113 0.00691632 -0.0195898 0.0931754 0.00690855 -0.0185142 -0.00548113 0.00690855 0.0095345 -0.0179974 0.00691632 -0.0185142 -0.0179974 0.0893991 
0.0109951 -0.019602 -0.00548639 0.00690981 -0.019602 0.0931615 0.00690297 -0.0185053 -0.00548639 0.00690297 0.00954869 -0.0179894 0.00690981 -0.0185053 -0.0179894 0.0894356 
0.0110678 -0.0196059 -0.00546203 0.00691215 -0.0196059 0.0931755 0.00690902 -0.0185033 -0.00546203 0.00690902 0.00950839 -0.0180037 0.00691215 -0.0185033 -0.0180037 0.08946 
0.0111138 -0.0197039 -0.00542933 0.00687413 -0.0197039 0.0933454 0.00687954 -0.0184468 -0.00542933 0.00687954 0.00952359 -0.0179576 0.00687413 -0.0184468 -0.0179576 0.0894057 
