0.00412493 0 -0.0021906 0 0 0.01 0 0 -0.0021906 0 0.00947783 0 0 0 0 0.01 
0.00606196 -0.00755923 -0.00321385 0.003963 -0.00755923 0.023668 0.003963 -0.00759944 -0.00321385 0.003963 0.0131888 -0.016325 0.003963 -0.00759944 -0.016325 0.0404767 
0.0063233 -0.0123138 -0.00301631 0.00522852 -0.0123138 0.0485222 0.00522852 -0.0167118 -0.00301631 0.00522852 0.0128718 -0.0233413 0.00522852 -0.0167118 -0.0233413 0.0835974 
0.00606167 -0.0132754 -0.00265017 0.00410177 -0.0132754 0.0636476 0.00409914 -0.0153249 -0.00265017 0.00409914 0.0120812 -0.021828 0.00410177 -0.0153249 -0.021828 0.094381 
0.00597736 -0.0133534 -0.00262032 0.00349231 -0.0133534 0.0713692 0.00348617 -0.0121288 -0.00262032 0.00348617 0.0122348 -0.0209698 0.00349231 -0.0121288 -0.0209698 0.0953516 
0.00596398 -0.0132641 -0.00271696 0.00350014 -0.0132641 0.0745084 0.00349238 -0.0106996 -0.00271696 0.00349238 0.0125719 -0.0211625 0.00350014 -0.0106996 -0.0211625 0.0962319 
0.00596956 -0.013111 -0.00276603 0.00365203 -0.013111 0.0752557 0.00364077 -0.010443 -0.00276603 0.00364077 0.0127614 -0.021531 0.00365203 -0.010443 -0.021531 0.0974132 
0.00599268 -0.0129868 -0.00274205 0.00371673 -0.0129868 0.0751029 0.0037013 -0.0104796 -0.00274205 0.0037013 0.0128316 -0.0217245 0.00371673 -0.0104796 -0.0217245 0.098212 
0.00604554 -0.0129782 -0.00276039 0.00371176 -0.0129782 0.0749282 0.0036943 -0.0105184 -0.00276039 0.0036943 0.0128238 -0.0217529 0.00371176 -0.0105184 -0.0217529 0.0984573 
0.00611468 -0.0130465 -0.00278812 0.0037282 -0.0130465 0.0749621 0.00371935 -0.0105566 -0.00278812 0.00371935 0.0127936 -0.0217263 0.0037282 -0.0105566 -0.0217263 0.098449 
0.00615632 -0.0131746 -0.00285204 0.00377322 -0.0131746 0.0752402 0.00378122 -0.0106883 -0.00285204 0.00378122 0.0127814 -0.0216627 0.00377322 -0.0106883 -0.0216627 0.0982917 
0.00614433 -0.0132636 -0.00288796 0.00385657 -0.0132636 0.0755606 0.003875 -0.0108981 -0.00288796 0.003875 0.0128058 -0.0216328 0.00385657 -0.0108981 -0.0216328 0.0981518 
0.00613403 -0.013257 -0.00290054 0.0038998 -0.013257 0.0756966 0.00391152 -0.011046 -0.00290054 0.00391152 0.0128235 -0.0216759 0.0038998 -0.011046 -0.0216759 0.0981851 
0.00612079 -0.0132231 -0.00290728 0.00389843 -0.0132231 0.0756632 0.00389743 -0.0110553 -0.00290728 0.00389743 0.0128469 -0.0217364 0.00389843 -0.0110553 -0.0217364 0.0983578 
0.00610105 -0.0132007 -0.00289773 0.00389792 -0.0132007 0.0756064 0.0038926 -0.011032 -0.00289773 0.0038926 0.0128727 -0.0217809 0.00389792 -0.011032 -0.0217809 0.0985214 
0.00610985 -0.0131793 -0.00285442 0.0038859 -0.0131793 0.0755582 0.00387977 -0.0110014 -0.00285442 0.00387977 0.0128773 -0.0218154 0.0038859 -0.0110014 -0.0218154 0.0986441 
0.00609377 -0.0131994 -0.00284248 0.00383786 -0.0131994 0.0755789 0.00383056 -0.0109184 -0.00284248 0.00383056 0.0129101 -0.0218156 0.00383786 -0.0109184 -0.0218156 0.0986862 
0.00611119 -0.013214 -0.00286164 0.00384738 -0.013214 0.0756572 0.00383702 -0.0109178 -0.00286164 0.00383702 0.0128867 -0.0218196 0.00384738 -0.0109178 -0.0218196 0.0986566 
0.00610545 -0.0132415 -0.00286086 0.00387561 -0.0132415 0.0757345 0.00386824 -0.0109766 -0.00286086 0.00386824 0.0128712 -0.0217875 0.00387561 -0.0109766 -0.0217875 0.0985978 
0.0060941 -0.0132283 -0.00289137 0.00387308 -0.0132283 0.075742 0.00386728 -0.0109999 -0.00289137 0.00386728 0.0128627 -0.0217708 0.00387308 -0.0109999 -0.0217708 0.0985464 
0.00606425 -0.0131891 -0.00292147 0.00389263 -0.0131891 0.0756483 0.00388824 -0.0110138 -0.00292147 0.00388824 0.0128929 -0.0217788 0.00389263 -0.0110138 -0.0217788 0.0985619 
0.00607669 -0.0131204 -0.00296696 0.00390828 -0.0131204 0.0754628 0.00390378 -0.011022 -0.00296696 0.00390378 0.0129112 -0.0218458 0.00390828 -0.011022 -0.0218458 0.0987133 
0.00609104 -0.0131617 -0.00302115 0.00399119 -0.0131617 0.0754668 0.00399369 -0.0112034 -0.00302115 0.00399369 0.0129002 -0.0218406 0.00399119 -0.0112034 -0.0218406 0.0987387 
0.0061482 -0.0132007 -0.00307667 0.00406789 -0.0132007 0.0755717 0.0040779 -0.0114268 -0.00307667 0.0040779 0.0128293 -0.0218162 0.00406789 -0.0114268 -0.0218162 0.0986931 
0.00618738 -0.0132793 -0.00314541 0.00413614 -0.0132793 0.0757494 0.0041579 -0.0116389 -0.00314541 0.0041579 0.0127612 -0.0217213 0.00413614 -0.0116389 -0.0217213 0.0985185 
0.00621546 -0.0133288 -0.00316899 0.00421601 -0.0133288 0.0759111 0.00424903 -0.0118546 -0.00316899 0.00424903 0.0127145 -0.021627 0.00421601 -0.0118546 -0.021627 0.0982746 
0.00625547 -0.013364 -0.00317963 0.0042571 -0.013364 0.0760236 0.00428964 -0.0120251 -0.00317963 0.00428964 0.0126538 -0.0215519 0.0042571 -0.0120251 -0.0215519 0.0980317 
0.00626572 -0.0133906 -0.00317578 0.00426009 -0.0133906 0.0760779 0.00428641 -0.0120679 -0.00317578 0.00428641 0.01263 -0.0214893 0.00426009 -0.0120679 -0.0214893 0.0978562 
0.00621886 -0.0133969 -0.00316218 0.00425698 -0.0133969 0.0761 0.00427502 -0.0120637 -0.00316218 0.00427502 0.0126716 -0.0214563 0.00425698 -0.0120637 -0.0214563 0.0977272 
0.00616747 -0.0132987 -0.00312457 0.00421658 -0.0132987 0.0759085 0.00421452 -0.0119384 -0.00312457 0.00421452 0.012734 -0.0215509 0.00421658 -0.0119384 -0.0215509 0.0978798 
0.00616599 -0.0132705 -0.00312333 0.00422346 -0.0132705 0.0758036 0.00420306 -0.011935 -0.00312333 0.00420306 0.0127133 -0.0215826 0.00422346 -0.011935 -0.0215826 0.0979538 
0.0061923 -0.013227 -0.00309946 0.00418954 -0.013227 0.075651 0.00416432 -0.0118318 -0.00309946 0.00416432 0.0126806 -0.0216071 0.00418954 -0.0118318 -0.0216071 0.0980908 
0.00620221 -0.0132598 -0.00307811 0.00415898 -0.0132598 0.0756411 0.00414531 -0.011757 -0.00307811 0.00414531 0.0126614 -0.0215571 0.00415898 -0.011757 -0.0215571 0.0980498 
0.00619095 -0.0132525 -0.00308638 0.00410329 -0.0132525 0.0756174 0.00409904 -0.0116169 -0.00308638 0.00409904 0.0126754 -0.0215538 0.00410329 -0.0116169 -0.0215538 0.0980393 
0.00618008 -0.0132265 -0.00311638 0.00409678 -0.0132265 0.0755512 0.00409739 -0.0115333 -0.00311638 0.00409739 0.0127058 -0.0215836 0.00409678 -0.0115333 -0.0215836 0.0980991 
0.00619095 -0.0132321 -0.00318694 0.00415013 -0.0132321 0.0755503 0.0041575 -0.0116228 -0.00318694 0.0041575 0.0127187 -0.021602 0.00415013 -0.0116228 -0.021602 0.0981309 
0.00624829 -0.0132484 -0.00317473 0.00423252 -0.0132484 0.0755817 0.00424751 -0.0117996 -0.00317473 0.00424751 0.0126859 -0.0216294 0.00423252 -0.0117996 -0.0216294 0.098204 
0.00626514 -0.0133396 -0.00318074 0.00422672 -0.0133396 0.0757654 0.00424824 -0.0118946 -0.00318074 0.00424824 0.0126812 -0.0215832 0.00422672 -0.0118946 -0.0215832 0.0981587 
0.00627424 -0.0134021 -0.00318929 0.00424782 -0.0134021 0.0760082 0.00426985 -0.0119666 -0.00318929 0.00426985 0.0126669 -0.0215431 0.00424782 -0.0119666 -0.0215431 0.0980199 
0.00628435 -0.0134564 -0.00323091 0.00429723 -0.0134564 0.0762372 0.00431335 -0.0121128 -0.00323091 0.00431335 0.0126232 -0.0214745 0.00429723 -0.0121128 -0.0214745 0.0977944 
0.0062649 -0.0134321 -0.00324721 0.00432555 -0.0134321 0.0762453 0.00433561 -0.0121767 -0.00324721 0.00433561 0.0126278 -0.021456 0.00432555 -0.0121767 -0.021456 0.0977203 
0.00621646 -0.0133559 -0.00325515 0.00431845 -0.0133559 0.0760606 0.00432098 -0.0121471 -0.00325515 0.00432098 0.0126796 -0.0215064 0.00431845 -0.0121471 -0.0215064 0.0978275 
0.00621412 -0.0133135 -0.0032869 0.00435705 -0.0133135 0.0759234 0.00435317 -0.0122232 -0.0032869 0.00435317 0.0126884 -0.0215412 0.00435705 -0.0122232 -0.0215412 0.0978918 
0.00622178 -0.0133082 -0.00334596 0.00440276 -0.0133082 0.0758533 0.00439746 -0.0123359 -0.00334596 0.00439746 0.0126914 -0.021553 0.00440276 -0.0123359 -0.021553 0.0979446 
0.00622716 -0.0133341 -0.00338311 0.00448748 -0.0133341 0.0758879 0.0044869 -0.0125363 -0.00338311 0.0044869 0.0126823 -0.0215431 0.00448748 -0.0125363 -0.0215431 0.0979292 
0.00621577 -0.0133244 -0.00339166 0.00451676 -0.0133244 0.075877 0.00451857 -0.0126521 -0.00339166 0.00451857 0.0126932 -0.0215587 0.00451676 -0.0126521 -0.0215587 0.0979816 
0.00622119 -0.0133158 -0.00340126 0.00453354 -0.0133158 0.0758635 0.00453305 -0.012721 -0.00340126 0.00453305 0.0126721 -0.0215674 0.00453354 -0.012721 -0.0215674 0.0980128 
0.00626862 -0.0133386 -0.00342178 0.00456372 -0.0133386 0.0759099 0.00456326 -0.0128138 -0.00342178 0.00456326 0.0125969 -0.0215164 0.00456372 -0.0128138 -0.0215164 0.0979184 
0.00632027 -0.0133776 -0.00339935 0.00457302 -0.0133776 0.0759666 0.00458057 -0.0128555 -0.00339935 0.00458057 0.0125343 -0.0214354 0.00457302 -0.0128555 -0.0214354 0.0977645 
0.00633533 -0.0134247 -0.00335957 0.00453078 -0.0134247 0.0760465 0.00454481 -0.0127972 -0.00335957 0.00454481 0.0125135 -0.0213642 0.00453078 -0.0127972 -0.0213642 0.0975881 
0.00631582 -0.0134111 -0.00336211 0.00444961 -0.0134111 0.0760278 0.00445929 -0.012593 -0.00336211 0.00445929 0.0125595 -0.0213723 0.00444961 -0.012593 -0.0213723 0.0975668 
0.00633308 -0.0134228 -0.0034073 0.00447829 -0.0134228 0.0760676 0.00448286 -0.0125734 -0.0034073 0.00448286 0.0125469 -0.0213889 0.00447829 -0.0125734 -0.0213889 0.0975415 
0.0063321 -0.0134573 -0.00344027 0.00454615 -0.0134573 0.0761513 0.00455157 -0.0126999 -0.00344027 0.00455157 0.0125368 -0.0213705 0.00454615 -0.0126999 -0.0213705 0.09751 
0.00633064 -0.0134317 -0.00347118 0.00456837 -0.0134317 0.0761287 0.00457514 -0.0127716 -0.00347118 0.00457514 0.0125227 -0.0213902 0.00456837 -0.0127716 -0.0213902 0.0975667 
0.00632015 -0.0134188 -0.00347635 0.00460124 -0.0134188 0.0760807 0.00461161 -0.0128471 -0.00347635 0.00461161 0.0125293 -0.0213799 0.00460124 -0.0128471 -0.0213799 0.0975846 
0.00626665 -0.0133954 -0.00347368 0.00460595 -0.0133954 0.0760117 0.00461662 -0.0128868 -0.00347368 0.00461662 0.0125847 -0.0213907 0.00460595 -0.0128868 -0.0213907 0.0976066 
0.0062361 -0.0133283 -0.00347164 0.00461031 -0.0133283 0.0758758 0.00461164 -0.0129006 -0.00347164 0.00461164 0.0126248 -0.0214565 0.00461031 -0.0129006 -0.0214565 0.0977139 
0.00621325 -0.013304 -0.00345909 0.00463007 -0.013304 0.0757841 0.00462219 -0.0129523 -0.00345909 0.00462219 0.0126463 -0.02149 0.00463007 -0.0129523 -0.02149 0.0977994 
0.00621669 -0.0132511 -0.00345542 0.00459595 -0.0132511 0.0756419 0.00458199 -0.0128897 -0.00345542 0.00458199 0.0126668 -0.021549 0.00459595 -0.0128897 -0.021549 0.0979674 
0.00621703 -0.0132751 -0.00346197 0.00460208 -0.0132751 0.0756399 0.00459105 -0.0128861 -0.00346197 0.00459105 0.0126839 -0.0215552 0.00460208 -0.0128861 -0.0215552 0.0980212 
0.0062556 -0.0132754 -0.00348002 0.00459526 -0.0132754 0.0756541 0.00458911 -0.0128659 -0.00348002 0.00458911 0.0126684 -0.0215938 0.00459526 -0.0128659 -0.0215938 0.0981171 
0.00627261 -0.0133197 -0.00348958 0.00459805 -0.0133197 0.0757293 0.00460228 -0.0128506 -0.00348958 0.00460228 0.0126897 -0.0215953 0.00459805 -0.0128506 -0.0215953 0.0981908 
0.00623663 -0.0133883 -0.00349076 0.0046287 -0.0133883 0.0759357 0.00464176 -0.012933 -0.00349076 0.00464176 0.0127442 -0.0215861 0.0046287 -0.012933 -0.0215861 0.0981515 
0.00621244 -0.0133522 -0.00345145 0.0046249 -0.0133522 0.0759848 0.00462783 -0.012941 -0.00345145 0.00462783 0.0127869 -0.0216678 0.0046249 -0.012941 -0.0216678 0.0982824 
0.00618401 -0.0132931 -0.00342552 0.00455032 -0.0132931 0.075869 0.00453978 -0.0127679 -0.00342552 0.00453978 0.0128525 -0.0217726 0.00455032 -0.0127679 -0.0217726 0.0985836 
0.00617897 -0.0133156 -0.00346137 0.0045606 -0.0133156 0.0759198 0.00454544 -0.0127503 -0.00346137 0.00454544 0.0128493 -0.0217961 0.0045606 -0.0127503 -0.0217961 0.0986703 
0.00617626 -0.0133216 -0.00349151 0.00460693 -0.0133216 0.0759769 0.00459692 -0.0128304 -0.00349151 0.00459692 0.0128347 -0.0217889 0.00460693 -0.0128304 -0.0217889 0.0986878 
0.00619533 -0.0133312 -0.00352896 0.00466188 -0.0133312 0.0760274 0.00465941 -0.0129917 -0.00352896 0.00465941 0.0127916 -0.0217468 0.00466188 -0.0129917 -0.0217468 0.0985928 
0.0061815 -0.0133257 -0.00352877 0.00468992 -0.0133257 0.0760037 0.00469495 -0.0130898 -0.00352877 0.00469495 0.0128013 -0.0217136 0.00468992 -0.0130898 -0.0217136 0.0985233 
0.00612937 -0.0133053 -0.00349038 0.00469609 -0.0133053 0.0759534 0.00470039 -0.0131472 -0.00349038 0.00470039 0.0128411 -0.0217168 0.00469609 -0.0131472 -0.0217168 0.0984824 
0.0061037 -0.0132423 -0.0034867 0.00466501 -0.0132423 0.0758295 0.00465488 -0.013117 -0.0034867 0.00465488 0.0128363 -0.021757 0.00466501 -0.013117 -0.021757 0.0985226 
0.00609775 -0.0131573 -0.00346441 0.00462361 -0.0131573 0.0755783 0.00460592 -0.0129716 -0.00346441 0.00460592 0.012842 -0.0218052 0.00462361 -0.0129716 -0.0218052 0.0986957 
0.00608169 -0.013133 -0.00346027 0.00458727 -0.013133 0.0754121 0.00457509 -0.0128565 -0.00346027 0.00457509 0.0128686 -0.0218193 0.00458727 -0.0128565 -0.0218193 0.0987938 
0.0060722 -0.0131457 -0.00346393 0.00460694 -0.0131457 0.0754055 0.00460194 -0.012887 -0.00346393 0.00460194 0.0128893 -0.0218114 0.00460694 -0.012887 -0.0218114 0.0987604 
0.00608011 -0.0131238 -0.00348447 0.00460043 -0.0131238 0.0753628 0.00459596 -0.0128825 -0.00348447 0.00459596 0.0128968 -0.0218556 0.00460043 -0.0128825 -0.0218556 0.0988371 
0.00608823 -0.0131456 -0.0035408 0.00463105 -0.0131456 0.0753899 0.00462933 -0.0129369 -0.0035408 0.00462933 0.0129007 -0.021859 0.00463105 -0.0129369 -0.021859 0.0988744 
0.00609751 -0.0131625 -0.00364745 0.00469552 -0.0131625 0.0754464 0.00470154 -0.0130696 -0.00364745 0.00470154 0.0129045 -0.0218671 0.00469552 -0.0130696 -0.0218671 0.0989005 
0.00611352 -0.0131656 -0.00369525 0.00480933 -0.0131656 0.0754674 0.00482558 -0.0132963 -0.00369525 0.00482558 0.0129198 -0.0218952 0.00480933 -0.0132963 -0.0218952 0.098986 
0.00608644 -0.0132067 -0.00371717 0.00488613 -0.0132067 0.0755654 0.00490743 -0.0135516 -0.00371717 0.00490743 0.0129629 -0.0219017 0.00488613 -0.0135516 -0.0219017 0.0990148 
0.00604649 -0.0131896 -0.00371884 0.00492099 -0.0131896 0.0756097 0.00493333 -0.0136998 -0.00371884 0.00493333 0.0130208 -0.0219508 0.00492099 -0.0136998 -0.0219508 0.0990964 
0.00603371 -0.0131332 -0.00368178 0.00491716 -0.0131332 0.075525 0.00491385 -0.0137116 -0.00368178 0.00491385 0.0130603 -0.0220444 0.00491716 -0.0137116 -0.0220444 0.0993132 
0.0060511 -0.0131471 -0.00367451 0.00490138 -0.0131471 0.0755346 0.00488734 -0.0137081 -0.00367451 0.00488734 0.013034 -0.0220651 0.00490138 -0.0137081 -0.0220651 0.0994077 
0.00606846 -0.0131553 -0.00360875 0.00486433 -0.0131553 0.0755508 0.00485213 -0.0136063 -0.00360875 0.00485213 0.0130114 -0.0220616 0.00486433 -0.0136063 -0.0220616 0.0994761 
0.00605669 -0.0131931 -0.00357718 0.00479259 -0.0131931 0.0756383 0.0047858 -0.0134747 -0.00357718 0.0047858 0.0130105 -0.0220107 0.00479259 -0.0134747 -0.0220107 0.0993859 
0.00605679 -0.0132043 -0.00360663 0.00477611 -0.0132043 0.0757225 0.00477011 -0.0134152 -0.00360663 0.00477011 0.012987 -0.0219672 0.00477611 -0.0134152 -0.0219672 0.0992174 
0.00606699 -0.0131694 -0.00360315 0.00478697 -0.0131694 0.0756563 0.00478192 -0.0133828 -0.00360315 0.00478192 0.0129694 -0.0219693 0.00478697 -0.0133828 -0.0219693 0.0991966 
0.00608415 -0.0131554 -0.00358029 0.00476927 -0.0131554 0.0755685 0.00476694 -0.0133398 -0.00358029 0.00476694 0.0129614 -0.0219707 0.00476927 -0.0133398 -0.0219707 0.0992234 
0.00611079 -0.0132033 -0.00359674 0.00476472 -0.0132033 0.0756335 0.00476706 -0.0133526 -0.00359674 0.00476706 0.0129208 -0.0219248 0.00476472 -0.0133526 -0.0219248 0.0991152 
0.00613337 -0.0132395 -0.00360302 0.0047804 -0.0132395 0.0757307 0.00478783 -0.0133809 -0.00360302 0.00478783 0.0128821 -0.0218724 0.0047804 -0.0133809 -0.0218724 0.0989831 
0.00613336 -0.0132629 -0.0036352 0.00478703 -0.0132629 0.075803 0.00479715 -0.013408 -0.0036352 0.00479715 0.0128696 -0.0218219 0.00478703 -0.013408 -0.0218219 0.0988458 
0.00614312 -0.0132736 -0.00366707 0.00484353 -0.0132736 0.0758563 0.00485439 -0.0135275 -0.00366707 0.00485439 0.0128329 -0.0217818 0.00484353 -0.0135275 -0.0217818 0.0986933 
0.0061636 -0.0132766 -0.0036546 0.00489003 -0.0132766 0.0758625 0.00489896 -0.0136624 -0.0036546 0.00489896 0.0127847 -0.021736 0.00489003 -0.0136624 -0.021736 0.0985631 
0.00616159 -0.0132587 -0.00359459 0.00485063 -0.0132587 0.0757863 0.00485756 -0.0136205 -0.00359459 0.00485756 0.0127777 -0.0217127 0.00485063 -0.0136205 -0.0217127 0.0985224 
0.00614852 -0.0132495 -0.00361819 0.00477689 -0.0132495 0.0757292 0.00477702 -0.0134704 -0.00361819 0.00477702 0.0127882 -0.0216997 0.00477689 -0.0134704 -0.0216997 0.0984759 
0.00614727 -0.0132286 -0.00363842 0.00479937 -0.0132286 0.0756669 0.00479766 -0.0134221 -0.00363842 0.00479766 0.0127854 -0.0217123 0.00479937 -0.0134221 -0.0217123 0.0984769 
0.00613344 -0.0132319 -0.00364848 0.00483702 -0.0132319 0.0756465 0.0048377 -0.0134987 -0.00364848 0.0048377 0.0127836 -0.0217005 0.00483702 -0.0134987 -0.0217005 0.0984548 
0.00615046 -0.0132136 -0.00367416 0.00485796 -0.0132136 0.0756127 0.00485801 -0.0135757 -0.00367416 0.00485801 0.0127599 -0.0216942 0.00485796 -0.0135757 -0.0216942 0.0984287 
0.00615751 -0.0132266 -0.00369205 0.0048895 -0.0132266 0.0756023 0.00489211 -0.0136562 -0.00369205 0.00489211 0.0127414 -0.0216638 0.0048895 -0.0136562 -0.0216638 0.0983726 
0.00614075 -0.0132356 -0.00369792 0.00491662 -0.0132356 0.0756161 0.00492107 -0.0137416 -0.00369792 0.00492107 0.0127476 -0.0216341 0.00491662 -0.0137416 -0.0216341 0.0982898 
0.0061407 -0.0132031 -0.00367814 0.00492066 -0.0132031 0.075556 0.00492067 -0.013772 -0.00367814 0.00492067 0.0127441 -0.0216492 0.00492066 -0.013772 -0.0216492 0.0982878 
0.00615425 -0.0131725 -0.00365866 0.00487793 -0.0131725 0.0754401 0.00487208 -0.0136827 -0.00365866 0.00487208 0.0127338 -0.0216774 0.00487793 -0.0136827 -0.0216774 0.0983794 
0.00620308 -0.013181 -0.00361569 0.00484023 -0.013181 0.0753977 0.00483632 -0.0135672 -0.00361569 0.00483632 0.0127023 -0.0216757 0.00484023 -0.0135672 -0.0216757 0.098429 
0.00626848 -0.0132376 -0.00358405 0.00476972 -0.0132376 0.075473 0.00477427 -0.0134014 -0.00358405 0.00477427 0.0126612 -0.0216492 0.00476972 -0.0134014 -0.0216492 0.0984178 
0.00630454 -0.0133452 -0.00357687 0.00472576 -0.0133452 0.0757166 0.00474183 -0.0132705 -0.00357687 0.00474183 0.0126439 -0.021583 0.00472576 -0.0132705 -0.021583 0.0982842 
0.00635604 -0.0134641 -0.00362435 0.0047563 -0.0134641 0.0760983 0.00477959 -0.0133268 -0.00362435 0.00477959 0.0125881 -0.0214893 0.0047563 -0.0133268 -0.0214893 0.0979864 
0.00633856 -0.0135596 -0.00365631 0.00483511 -0.0135596 0.0764394 0.00486007 -0.0135088 -0.00365631 0.00486007 0.0125729 -0.0213872 0.00483511 -0.0135088 -0.0213872 0.0976668 
0.00633787 -0.0135301 -0.00368922 0.00488575 -0.0135301 0.0765243 0.00489881 -0.013663 -0.00368922 0.00489881 0.0125417 -0.0213698 0.00488575 -0.013663 -0.0213698 0.0975092 
0.0063386 -0.013445 -0.00371692 0.00488214 -0.013445 0.0763058 0.00488442 -0.0136447 -0.00371692 0.00488442 0.0125323 -0.0214098 0.00488214 -0.0136447 -0.0214098 0.0976235 
0.00635846 -0.0134284 -0.00373197 0.00491545 -0.0134284 0.0761583 0.00492014 -0.0136886 -0.00373197 0.00492014 0.0125195 -0.0214014 0.00491545 -0.0136886 -0.0214014 0.0976613 
0.00630075 -0.0134339 -0.00377723 0.00491851 -0.0134339 0.0760893 0.00493052 -0.0137086 -0.00377723 0.00493052 0.0126058 -0.0214053 0.00491851 -0.0137086 -0.0214053 0.0977012 
0.00626841 -0.0133906 -0.00383117 0.00499077 -0.0133906 0.076035 0.00499772 -0.0138409 -0.00383117 0.00499772 0.012662 -0.0214899 0.00499077 -0.0138409 -0.0214899 0.097816 
0.00621885 -0.0133696 -0.00384287 0.00507759 -0.0133696 0.0759921 0.00507741 -0.0140533 -0.00384287 0.00507741 0.0127144 -0.0215553 0.00507759 -0.0140533 -0.0215553 0.0979789 
0.00620892 -0.0133249 -0.00386691 0.00511286 -0.0133249 0.0759306 0.00510118 -0.014207 -0.00386691 0.00510118 0.0127169 -0.0216125 0.00511286 -0.014207 -0.0216125 0.0981303 
0.00617967 -0.0133066 -0.00391542 0.00514249 -0.0133066 0.075864 0.00512693 -0.0142963 -0.00391542 0.00512693 0.0127385 -0.0216218 0.00514249 -0.0142963 -0.0216218 0.0982198 
0.00616262 -0.0132468 -0.00395199 0.00518294 -0.0132468 0.075722 0.00516955 -0.0143715 -0.00395199 0.00516955 0.0127549 -0.0216726 0.00518294 -0.0143715 -0.0216726 0.098356 
0.00618339 -0.0132191 -0.00397609 0.00522891 -0.0132191 0.0756054 0.00522051 -0.0144873 -0.00397609 0.00522051 0.0127311 -0.0216975 0.00522891 -0.0144873 -0.0216975 0.0984592 
0.00621272 -0.0132433 -0.00398361 0.00525668 -0.0132433 0.0755946 0.00525792 -0.0145902 -0.00398361 0.00525792 0.0127059 -0.0216684 0.00525668 -0.0145902 -0.0216684 0.098456 
0.00623385 -0.0132826 -0.00399124 0.00526094 -0.0132826 0.0756653 0.00526973 -0.0146409 -0.00399124 0.00526973 0.0126828 -0.0216342 0.00526094 -0.0146409 -0.0216342 0.0983866 
0.00624737 -0.0133055 -0.0040158 0.00525948 -0.0133055 0.0757344 0.00527191 -0.0146448 -0.0040158 0.00527191 0.0126772 -0.0216124 0.00525948 -0.0146448 -0.0216124 0.0983305 
0.00623569 -0.0133118 -0.00400061 0.0052753 -0.0133118 0.0757618 0.00528973 -0.0146544 -0.00400061 0.00528973 0.0126998 -0.0216196 0.0052753 -0.0146544 -0.0216196 0.0983372 
0.00624527 -0.0133284 -0.00398716 0.00528263 -0.0133284 0.0758307 0.00529335 -0.0147038 -0.00398716 0.00529335 0.0126966 -0.0216168 0.00528263 -0.0147038 -0.0216168 0.0982995 
0.00625305 -0.0133452 -0.00399998 0.00526983 -0.0133452 0.0758904 0.00527368 -0.014693 -0.00399998 0.00527368 0.0126847 -0.0216119 0.00526983 -0.014693 -0.0216119 0.098279 
0.00623832 -0.0133493 -0.00400548 0.00527625 -0.0133493 0.0759165 0.00527896 -0.0146789 -0.00400548 0.00527896 0.0127008 -0.0216069 0.00527625 -0.0146789 -0.0216069 0.0982762 
0.006223 -0.0133301 -0.00402991 0.00528452 -0.0133301 0.075897 0.00528581 -0.0146916 -0.00402991 0.00528581 0.0127255 -0.0216267 0.00528452 -0.0146916 -0.0216267 0.0983028 
0.00616583 -0.0133132 -0.00403015 0.00531852 -0.0133132 0.0758577 0.00531769 -0.014753 -0.00403015 0.00531769 0.0127879 -0.0216572 0.00531852 -0.014753 -0.0216572 0.0983634 
0.00612694 -0.013226 -0.00400587 0.00531161 -0.013226 0.0756911 0.00530191 -0.0147494 -0.00400587 0.00530191 0.0128426 -0.0217594 0.00531161 -0.0147494 -0.0217594 0.098582 
0.00611044 -0.013188 -0.00399062 0.00529619 -0.013188 0.0755625 0.00527839 -0.0147265 -0.00399062 0.00527839 0.0128618 -0.0218186 0.00529619 -0.0147265 -0.0218186 0.0987666 
0.0061164 -0.0131861 -0.00397842 0.00528971 -0.0131861 0.0755325 0.00527078 -0.0147155 -0.00397842 0.00527078 0.0128435 -0.021826 0.00528971 -0.0147155 -0.021826 0.0988303 
0.00608859 -0.013162 -0.00396607 0.00524131 -0.013162 0.0754573 0.00522807 -0.0146007 -0.00396607 0.00522807 0.012875 -0.0218428 0.00524131 -0.0146007 -0.0218428 0.0989254 
0.00609855 -0.0131509 -0.00399545 0.00524312 -0.0131509 0.0754348 0.00523327 -0.0145816 -0.00399545 0.00523327 0.0128679 -0.0218497 0.00524312 -0.0145816 -0.0218497 0.0989276 
0.00613436 -0.0131704 -0.00405749 0.00528654 -0.0131704 0.0754593 0.00528285 -0.0146645 -0.00405749 0.00528285 0.0128449 -0.0218297 0.00528654 -0.0146645 -0.0218297 0.0988862 
0.00617161 -0.0132169 -0.00411782 0.00536009 -0.0132169 0.075547 0.0053664 -0.0148315 -0.00411782 0.0053664 0.0128055 -0.0218021 0.00536009 -0.0148315 -0.0218021 0.0988231 
0.00616713 -0.0132699 -0.00413789 0.00543315 -0.0132699 0.0756806 0.00544985 -0.0150324 -0.00413789 0.00544985 0.0128066 -0.0217528 0.00543315 -0.0150324 -0.0217528 0.0987209 
0.00619708 -0.0132787 -0.00415585 0.00547369 -0.0132787 0.0757718 0.00548815 -0.015195 -0.00415585 0.00548815 0.0127702 -0.0217367 0.00547369 -0.015195 -0.0217367 0.0986252 
0.00623333 -0.013327 -0.00411905 0.00551125 -0.013327 0.0758823 0.00552168 -0.0153245 -0.00411905 0.00552168 0.0126996 -0.0216734 0.00551125 -0.0153245 -0.0216734 0.0984761 
0.00625007 -0.0133328 -0.00408528 0.00543814 -0.0133328 0.0758995 0.00544497 -0.0152162 -0.00408528 0.00544497 0.012673 -0.0216273 0.00543814 -0.0152162 -0.0216273 0.0983915 
0.0062635 -0.013344 -0.00407494 0.00538593 -0.013344 0.0759085 0.00539136 -0.0150614 -0.00407494 0.00539136 0.0126555 -0.0215923 0.00538593 -0.0150614 -0.0215923 0.0982944 
0.00625895 -0.0133581 -0.00409846 0.00537116 -0.0133581 0.0759274 0.00537717 -0.0149749 -0.00409846 0.00537717 0.0126499 -0.0215659 0.00537116 -0.0149749 -0.0215659 0.0982097 
0.00624306 -0.0133772 -0.00414079 0.00542679 -0.0133772 0.0759927 0.00543252 -0.0150654 -0.00414079 0.00543252 0.0126487 -0.0215235 0.00542679 -0.0150654 -0.0215235 0.0980657 
0.00627361 -0.0133308 -0.00417868 0.0054716 -0.0133308 0.0759134 0.00547426 -0.015169 -0.00417868 0.00547426 0.0126168 -0.0215443 0.0054716 -0.015169 -0.0215443 0.0980686 
0.0062857 -0.0133281 -0.00421644 0.00549664 -0.0133281 0.0758151 0.00550223 -0.0152288 -0.00421644 0.00550223 0.0126325 -0.021545 0.00549664 -0.0152288 -0.021545 0.0981313 
0.00623794 -0.0133596 -0.00422548 0.00554955 -0.0133596 0.0758514 0.0055604 -0.0153519 -0.00422548 0.0055604 0.0126962 -0.0215508 0.00554955 -0.0153519 -0.0215508 0.0981395 
0.00621767 -0.0132968 -0.00422271 0.00555134 -0.0132968 0.0757752 0.00555393 -0.0153843 -0.00422271 0.00555393 0.012746 -0.021654 0.00555134 -0.0153843 -0.021654 0.0983372 
0.00620528 -0.0132921 -0.00422474 0.00556179 -0.0132921 0.0757475 0.00555487 -0.0154093 -0.00422474 0.00555487 0.0127719 -0.0217078 0.00556179 -0.0154093 -0.0217078 0.0985102 
0.0062566 -0.0132903 -0.00426004 0.00556503 -0.0132903 0.0757606 0.00555517 -0.0154153 -0.00426004 0.00555517 0.0127192 -0.0217415 0.00556503 -0.0154153 -0.0217415 0.0986336 
0.00626622 -0.0133391 -0.00425103 0.00558322 -0.0133391 0.0758334 0.00558511 -0.0154271 -0.00425103 0.00558511 0.0127184 -0.0217009 0.00558322 -0.0154271 -0.0217009 0.0986538 
0.00623371 -0.0133839 -0.00424734 0.00558869 -0.0133839 0.075984 0.00559875 -0.0154807 -0.00424734 0.00559875 0.0127401 -0.0216654 0.00558869 -0.0154807 -0.0216654 0.0985434 
0.00620885 -0.0133477 -0.00421427 0.00558764 -0.0133477 0.0759941 0.00559132 -0.0154909 -0.00421427 0.00559132 0.012748 -0.0216875 0.00558764 -0.0154909 -0.0216875 0.0985287 
0.00622727 -0.0133052 -0.00418072 0.00555436 -0.0133052 0.0759033 0.00554811 -0.0154364 -0.00418072 0.00554811 0.0127159 -0.0216999 0.00555436 -0.0154364 -0.0216999 0.0985559 
0.00624448 -0.0133051 -0.00413428 0.00550104 -0.0133051 0.0758312 0.00549417 -0.0153094 -0.00413428 0.00549417 0.012702 -0.0216744 0.00550104 -0.0153094 -0.0216744 0.0985465 
