0.00931025 0 -0.00359727 0 0 0.01 0 0 -0.00359727 0 0.00575233 0 0 0 0 0.01 
0.0128197 -0.0158788 -0.00512188 0.00629085 -0.0158788 0.0396207 0.00629085 -0.0120615 -0.00512188 0.00629085 0.0084309 -0.010524 0.00629085 -0.0120615 -0.010524 0.029354 
0.0125135 -0.02297 -0.00469397 0.00772244 -0.02297 0.0824668 0.00772244 -0.0245102 -0.00469397 0.00772244 0.00879034 -0.017142 0.00772244 -0.0245102 -0.017142 0.064236 
0.0118116 -0.0216665 -0.00413425 0.00578148 -0.0216665 0.0943075 0.00576922 -0.0204349 -0.00413425 0.00576922 0.00826819 -0.0176335 0.00578148 -0.0204349 -0.0176335 0.0814354 
0.0118705 -0.0207543 -0.00422303 0.00508897 -0.0207543 0.0952157 0.0050732 -0.0159702 -0.00422303 0.0050732 0.00815348 -0.016843 0.00508897 -0.0159702 -0.016843 0.0856014 
0.0121854 -0.0207772 -0.00435595 0.00531755 -0.0207772 0.0955966 0.00530105 -0.0147818 -0.00435595 0.00530105 0.00816913 -0.0165356 0.00531755 -0.0147818 -0.0165356 0.0859552 
0.0123598 -0.021065 -0.00438912 0.00554602 -0.021065 0.0963569 0.00553854 -0.0149367 -0.00438912 0.00553854 0.00822501 -0.0164753 0.00554602 -0.0149367 -0.0164753 0.0858446 
0.0123428 -0.0211881 -0.00445208 0.00560208 -0.0211881 0.0968515 0.00560522 -0.0151433 -0.00445208 0.00560522 0.00829974 -0.0165132 0.00560208 -0.0151433 -0.0165132 0.085829 
0.0122861 -0.0211313 -0.00449582 0.00567283 -0.0211313 0.0968933 0.00567563 -0.015295 -0.00449582 0.00567563 0.00834931 -0.0165872 0.00567283 -0.015295 -0.0165872 0.0859366 
0.0122784 -0.0210791 -0.00451985 0.00572009 -0.0210791 0.0968052 0.00571971 -0.0154137 -0.00451985 0.00571971 0.00839395 -0.0166274 0.00572009 -0.0154137 -0.0166274 0.086037 
0.0122416 -0.0210983 -0.00455465 0.00573795 -0.0210983 0.0968153 0.00574063 -0.0154805 -0.00455465 0.00574063 0.00850562 -0.0166696 0.00573795 -0.0154805 -0.0166696 0.0861279 
0.0121998 -0.021051 -0.00458304 0.0057823 -0.021051 0.0967469 0.00578316 -0.0155772 -0.00458304 0.00578316 0.0085693 -0.0168177 0.0057823 -0.0155772 -0.0168177 0.0864018 
0.0121356 -0.020992 -0.00464022 0.00581796 -0.020992 0.0966113 0.00581359 -0.0156711 -0.00464022 0.00581359 0.00860811 -0.0169158 0.00581796 -0.0156711 -0.0169158 0.0867076 
0.0120816 -0.0209494 -0.00468255 0.00587124 -0.0209494 0.0965438 0.0058633 -0.0157527 -0.00468255 0.0058633 0.00867781 -0.0169529 0.00587124 -0.0157527 -0.0169529 0.0868811 
0.0120167 -0.0208373 -0.00474637 0.00594467 -0.0208373 0.0962743 0.00593194 -0.0159354 -0.00474637 0.00593194 0.00868431 -0.0170487 0.00594467 -0.0159354 -0.0170487 0.087088 
0.0119527 -0.0207862 -0.0048182 0.00601187 -0.0207862 0.096123 0.00599989 -0.0160925 -0.0048182 0.00599989 0.00872676 -0.0170428 0.00601187 -0.0160925 -0.0170428 0.0871648 
0.0118817 -0.0207139 -0.00487634 0.0061012 -0.0207139 0.0959633 0.00609039 -0.0162995 -0.00487634 0.00609039 0.00878704 -0.0170785 0.0061012 -0.0162995 -0.0170785 0.0872128 
0.0119049 -0.0206174 -0.00486258 0.00618048 -0.0206174 0.0957351 0.00616916 -0.0165229 -0.00486258 0.00616916 0.00874413 -0.0171481 0.00618048 -0.0165229 -0.0171481 0.0873352 
0.011932 -0.0206302 -0.00484937 0.00616883 -0.0206302 0.0956424 0.00616513 -0.0166105 -0.00484937 0.00616513 0.00866072 -0.0170998 0.00616883 -0.0166105 -0.0170998 0.0873157 
0.0119626 -0.0206958 -0.00480148 0.00613563 -0.0206958 0.095776 0.00614173 -0.0165615 -0.00480148 0.00614173 0.00861991 -0.0169786 0.00613563 -0.0165615 -0.0169786 0.0870843 
0.0119505 -0.0207498 -0.00478757 0.00607163 -0.0207498 0.0959447 0.00607976 -0.0164321 -0.00478757 0.00607976 0.0086588 -0.016913 0.00607163 -0.0164321 -0.016913 0.0868585 
0.0118368 -0.0207186 -0.00484127 0.00605926 -0.0207186 0.0959392 0.00605881 -0.0163514 -0.00484127 0.00605881 0.00878176 -0.0169699 0.00605926 -0.0163514 -0.0169699 0.0868705 
0.0118313 -0.0205756 -0.00485488 0.00612935 -0.0205756 0.0956956 0.00611146 -0.0164151 -0.00485488 0.00611146 0.00878852 -0.0171306 0.00612935 -0.0164151 -0.0171306 0.0871632 
0.0119068 -0.0205311 -0.00482328 0.00616014 -0.0205311 0.0954496 0.00614094 -0.0165247 -0.00482328 0.00614094 0.00866998 -0.0171609 0.00616014 -0.0165247 -0.0171609 0.0873764 
0.0119457 -0.0206365 -0.00479338 0.00611288 -0.0206365 0.0955529 0.00611374 -0.0165021 -0.00479338 0.00611374 0.0085779 -0.0170053 0.00611288 -0.0165021 -0.0170053 0.0871905 
0.0120089 -0.0206821 -0.00474788 0.00607761 -0.0206821 0.0956939 0.00609134 -0.0164464 -0.00474788 0.00609134 0.00848022 -0.0168748 0.00607761 -0.0164464 -0.0168748 0.0868476 
0.0120126 -0.0207747 -0.00474753 0.00601722 -0.0207747 0.0959066 0.0060371 -0.0163306 -0.00474753 0.0060371 0.00848614 -0.0167354 0.00601722 -0.0163306 -0.0167354 0.0864741 
0.0119518 -0.0207765 -0.00478993 0.00602074 -0.0207765 0.095994 0.00603561 -0.016287 -0.00478993 0.00603561 0.00854977 -0.0167359 0.00602074 -0.016287 -0.0167359 0.0863106 
0.0119449 -0.0207041 -0.00479805 0.00607795 -0.0207041 0.095905 0.00607895 -0.0163554 -0.00479805 0.00607895 0.00855244 -0.0168171 0.00607795 -0.0163554 -0.0168171 0.0864024 
0.0119085 -0.0206964 -0.0048125 0.00609151 -0.0206964 0.0958432 0.00608665 -0.0164082 -0.0048125 0.00608665 0.00860457 -0.0168265 0.00609151 -0.0164082 -0.0168265 0.0864843 
0.0119051 -0.0206249 -0.00482428 0.00611945 -0.0206249 0.0956778 0.00611145 -0.0164822 -0.00482428 0.00611145 0.00858469 -0.0168994 0.00611945 -0.0164822 -0.0168994 0.0866214 
0.0119057 -0.020652 -0.004838 0.00611976 -0.020652 0.0956922 0.00611432 -0.0164905 -0.004838 0.00611432 0.00862096 -0.0168659 0.00611976 -0.0164905 -0.0168659 0.0866344 
0.0119067 -0.0206589 -0.00482613 0.00613332 -0.0206589 0.0957274 0.00613142 -0.0165136 -0.00482613 0.00613142 0.00863141 -0.0169045 0.00613332 -0.0165136 -0.0169045 0.0866732 
0.0119312 -0.0206817 -0.00480285 0.00610941 -0.0206817 0.0958064 0.00610777 -0.0164745 -0.00480285 0.00610777 0.00865077 -0.0169194 0.00610941 -0.0164745 -0.0169194 0.0867295 
0.0119443 -0.0206913 -0.00480839 0.00608412 -0.0206913 0.095825 0.0060824 -0.0164192 -0.00480839 0.0060824 0.00862963 -0.0169589 0.00608412 -0.0164192 -0.0169589 0.086825 
0.0118787 -0.0206897 -0.00485354 0.00609286 -0.0206897 0.0958089 0.00609342 -0.0164151 -0.00485354 0.00609342 0.00865696 -0.0169447 0.00609286 -0.0164151 -0.0169447 0.0868587 
0.0118213 -0.0206196 -0.00487659 0.00614976 -0.0206196 0.0957104 0.00614573 -0.0165006 -0.00487659 0.00614573 0.0087039 -0.0169648 0.00614976 -0.0165006 -0.0169648 0.0868799 
0.0117314 -0.0205432 -0.00492765 0.00618711 -0.0205432 0.0955277 0.00617598 -0.0166067 -0.00492765 0.00617598 0.00878594 -0.0170177 0.00618711 -0.0166067 -0.0170177 0.0869666 
0.0117236 -0.0204431 -0.00491675 0.00624693 -0.0204431 0.0953075 0.00622668 -0.0167224 -0.00491675 0.00622668 0.00883044 -0.0171125 0.00624693 -0.0167224 -0.0171125 0.0871522 
0.0117552 -0.0204246 -0.00490059 0.00623561 -0.0204246 0.0951693 0.00621498 -0.0167602 -0.00490059 0.00621498 0.00883439 -0.0171766 0.00623561 -0.0167602 -0.0171766 0.0873453 
0.0116849 -0.020457 -0.00494666 0.00620753 -0.020457 0.0951684 0.0061973 -0.0167252 -0.00494666 0.0061973 0.00891831 -0.0171933 0.00620753 -0.0167252 -0.0171933 0.0874578 
0.0116655 -0.0203734 -0.00498434 0.00626068 -0.0203734 0.0950519 0.00625177 -0.0167872 -0.00498434 0.00625177 0.00892515 -0.0172968 0.00626068 -0.0167872 -0.0172968 0.0876541 
0.0117043 -0.0203164 -0.00498228 0.0063206 -0.0203164 0.0948509 0.0063143 -0.0169435 -0.00498228 0.0063143 0.00881373 -0.0173183 0.0063206 -0.0169435 -0.0173183 0.0877926 
0.0117044 -0.0203661 -0.00500965 0.0063203 -0.0203661 0.0948616 0.00632769 -0.0170263 -0.00500965 0.00632769 0.00874969 -0.0171703 0.0063203 -0.0170263 -0.0171703 0.087589 
0.0116749 -0.0203754 -0.00505935 0.00635378 -0.0203754 0.0949114 0.00636928 -0.0171144 -0.00505935 0.00636928 0.0087199 -0.0170624 0.00635378 -0.0171144 -0.0170624 0.0872679 
0.0116662 -0.0203558 -0.00509148 0.00641743 -0.0203558 0.0949188 0.00643201 -0.0172533 -0.00509148 0.00643201 0.00871425 -0.0169991 0.00641743 -0.0172533 -0.0169991 0.0870156 
0.0116561 -0.020368 -0.00511215 0.00645618 -0.020368 0.0949644 0.00646792 -0.0173688 -0.00511215 0.00646792 0.00874303 -0.0169734 0.00645618 -0.0173688 -0.0169734 0.0868615 
0.011693 -0.0203544 -0.00509855 0.00648618 -0.0203544 0.0949628 0.00649348 -0.0174606 -0.00509855 0.00649348 0.00873787 -0.017008 0.00648618 -0.0174606 -0.017008 0.0868594 
0.0117284 -0.020402 -0.00504764 0.00646715 -0.020402 0.0950372 0.00647497 -0.017463 -0.00504764 0.00647497 0.00872393 -0.0170099 0.00646715 -0.017463 -0.0170099 0.0868828 
0.0116952 -0.0204333 -0.00502816 0.00640686 -0.0204333 0.0951153 0.00641525 -0.0173654 -0.00502816 0.00641525 0.00874778 -0.017006 0.00640686 -0.0173654 -0.017006 0.0868913 
0.0116844 -0.0204003 -0.00501788 0.00637658 -0.0204003 0.0951122 0.00637551 -0.0172441 -0.00501788 0.00637551 0.00873927 -0.0170385 0.00637658 -0.0172441 -0.0170385 0.086952 
0.0116893 -0.0203722 -0.00499084 0.00636813 -0.0203722 0.0950333 0.0063603 -0.017181 -0.00499084 0.0063603 0.00869324 -0.0170381 0.00636813 -0.017181 -0.0170381 0.0869957 
0.0116971 -0.0203892 -0.00496864 0.00633183 -0.0203892 0.0950444 0.00632428 -0.0170954 -0.00496864 0.00632428 0.00866653 -0.0169715 0.00633183 -0.0170954 -0.0169715 0.0869043 
0.0117354 -0.0204228 -0.00495104 0.00629502 -0.0204228 0.0951364 0.00628858 -0.0169864 -0.00495104 0.00628858 0.0086911 -0.016922 0.00629502 -0.0169864 -0.016922 0.086765 
0.0117715 -0.0204597 -0.00494267 0.00627355 -0.0204597 0.0952128 0.00626902 -0.0169172 -0.00494267 0.00626902 0.00871284 -0.0169581 0.00627355 -0.0169172 -0.0169581 0.0867694 
0.0117911 -0.0204687 -0.00495026 0.00627198 -0.0204687 0.0952061 0.00627183 -0.0169152 -0.00495026 0.00627183 0.00869883 -0.017014 0.00627198 -0.0169152 -0.017014 0.0868994 
0.0118491 -0.0205035 -0.0049078 0.00627538 -0.0205035 0.0952749 0.00628213 -0.0169193 -0.0049078 0.00628213 0.00862606 -0.0170007 0.00627538 -0.0169193 -0.0170007 0.086943 
0.011892 -0.0206082 -0.00486471 0.00621003 -0.0206082 0.09552 0.0062243 -0.0168106 -0.00486471 0.0062243 0.00861618 -0.0168985 0.00621003 -0.0168106 -0.0168985 0.0867824 
0.0119304 -0.0206895 -0.00481437 0.00614298 -0.0206895 0.0957923 0.00615642 -0.0166308 -0.00481437 0.00615642 0.00866197 -0.0168749 0.00614298 -0.0166308 -0.0168749 0.0866535 
0.0119409 -0.0207206 -0.00476569 0.00608344 -0.0207206 0.0959208 0.00608862 -0.0164614 -0.00476569 0.00608862 0.00871543 -0.0169545 0.00608344 -0.0164614 -0.0169545 0.0867573 
0.0119371 -0.0207015 -0.00475078 0.00603124 -0.0207015 0.0958926 0.0060276 -0.016312 -0.00475078 0.0060276 0.00871225 -0.0170555 0.00603124 -0.016312 -0.0170555 0.0870162 
0.0119359 -0.0206755 -0.00475055 0.0060152 -0.0206755 0.0958052 0.00600742 -0.0162239 -0.00475055 0.00600742 0.00864865 -0.0170739 0.0060152 -0.0162239 -0.0170739 0.0871824 
0.0119399 -0.0206611 -0.00476404 0.0060213 -0.0206611 0.09573 0.00601638 -0.0162148 -0.00476404 0.00601638 0.00859487 -0.0169931 0.0060213 -0.0162148 -0.0169931 0.0871076 
0.0119599 -0.020668 -0.00476554 0.00604176 -0.020668 0.0957101 0.00604342 -0.0162636 -0.00476554 0.00604342 0.00855855 -0.0169043 0.00604176 -0.0162636 -0.0169043 0.0868918 
0.0119776 -0.0207241 -0.0047642 0.00603628 -0.0207241 0.095834 0.00604428 -0.0162756 -0.0047642 0.00604428 0.0086022 -0.0168327 0.00603628 -0.0162756 -0.0168327 0.0866613 
0.0119732 -0.0207115 -0.00478271 0.00604858 -0.0207115 0.0958173 0.00605651 -0.0163264 -0.00478271 0.00605651 0.00860162 -0.0168998 0.00604858 -0.0163264 -0.0168998 0.0866765 
0.0119232 -0.0207094 -0.0048484 0.00606911 -0.0207094 0.0958063 0.00607736 -0.0163749 -0.0048484 0.00607736 0.00860004 -0.0169094 0.00606911 -0.0163749 -0.0169094 0.0867362 
0.0118978 -0.0206549 -0.00487912 0.00615136 -0.0206549 0.0957302 0.0061567 -0.0165183 -0.00487912 0.0061567 0.00856994 -0.0168983 0.00615136 -0.0165183 -0.0168983 0.0867303 
0.0118384 -0.0206255 -0.00491071 0.00619836 -0.0206255 0.0956513 0.00620203 -0.0166683 -0.00491071 0.00620203 0.00859761 -0.0168455 0.00619836 -0.0166683 -0.0168455 0.0866212 
0.0118098 -0.020532 -0.00493444 0.00625112 -0.020532 0.0954471 0.00624824 -0.0168214 -0.00493444 0.00624824 0.00858346 -0.0168704 0.00625112 -0.0168214 -0.0168704 0.0865884 
0.0117777 -0.0205095 -0.00494894 0.00627804 -0.0205095 0.0953402 0.00627308 -0.0169137 -0.00494894 0.00627308 0.0085985 -0.0168416 0.00627804 -0.0169137 -0.0168416 0.086534 
0.0117929 -0.0204593 -0.00493128 0.00630283 -0.0204593 0.0952115 0.00629654 -0.016995 -0.00493128 0.00629654 0.00855013 -0.0168564 0.00630283 -0.016995 -0.0168564 0.0865175 
0.0118033 -0.0204653 -0.00492617 0.00628505 -0.0204653 0.0951513 0.0062829 -0.0170107 -0.00492617 0.0062829 0.0084986 -0.0167984 0.00628505 -0.0170107 -0.0167984 0.0864299 
0.0118075 -0.0205106 -0.00490364 0.00626574 -0.0205106 0.0952541 0.00626971 -0.0169625 -0.00490364 0.00626971 0.00850109 -0.0167116 0.00626574 -0.0169625 -0.0167116 0.0862296 
0.011746 -0.020482 -0.00492637 0.00625364 -0.020482 0.0952076 0.00625647 -0.0169514 -0.00492637 0.00625647 0.00852988 -0.0167218 0.00625364 -0.0169514 -0.0167218 0.0861546 
0.0117041 -0.0204134 -0.00495651 0.00628012 -0.0204134 0.0950874 0.00627512 -0.0169708 -0.00495651 0.00627512 0.00855325 -0.0167538 0.00628012 -0.0169708 -0.0167538 0.0861894 
0.0116845 -0.0203554 -0.00496767 0.00632313 -0.0203554 0.0949256 0.00631279 -0.0170519 -0.00496767 0.00631279 0.00853042 -0.0167812 0.00632313 -0.0170519 -0.0167812 0.0862543 
0.0116757 -0.0203618 -0.00494923 0.00632914 -0.0203618 0.0949166 0.00632064 -0.0170831 -0.00494923 0.00632064 0.0085423 -0.0167344 0.00632914 -0.0170831 -0.0167344 0.0861961 
0.0116889 -0.0203547 -0.00495991 0.00630599 -0.0203547 0.0949151 0.00629694 -0.0170549 -0.00495991 0.00629694 0.00855549 -0.0167408 0.00630599 -0.0170549 -0.0167408 0.0861582 
0.0116387 -0.020345 -0.00499946 0.00632243 -0.020345 0.0948584 0.00631524 -0.0170743 -0.00499946 0.00631524 0.00859007 -0.0167731 0.00632243 -0.0170743 -0.0167731 0.0862148 
0.0116442 -0.0202605 -0.00498695 0.00638171 -0.0202605 0.0946753 0.00637452 -0.0171955 -0.00498695 0.00637452 0.0085347 -0.016826 0.00638171 -0.0171955 -0.016826 0.0863331 
0.0115624 -0.0202538 -0.00501704 0.0063755 -0.0202538 0.0945647 0.00637281 -0.0172599 -0.00501704 0.00637281 0.00856288 -0.0167565 0.0063755 -0.0172599 -0.0167565 0.0862747 
0.0114696 -0.0201727 -0.00505251 0.00640816 -0.0201727 0.0944371 0.00640234 -0.0173147 -0.00505251 0.00640234 0.00862966 -0.0167629 0.00640816 -0.0173147 -0.0167629 0.0862054 
0.0113563 -0.0200408 -0.00514037 0.00646531 -0.0200408 0.0941385 0.00644645 -0.0174327 -0.00514037 0.00644645 0.0087401 -0.0168413 0.00646531 -0.0174327 -0.0168413 0.0863055 
0.0113286 -0.0198908 -0.00519883 0.00657956 -0.0198908 0.0937528 0.00655163 -0.0176604 -0.00519883 0.00655163 0.00877584 -0.0169777 0.00657956 -0.0176604 -0.0169777 0.0865727 
0.0113382 -0.0198403 -0.00522962 0.00665912 -0.0198403 0.0934868 0.00663959 -0.0179118 -0.00522962 0.00663959 0.00872423 -0.0170306 0.00665912 -0.0179118 -0.0170306 0.0867847 
0.0113892 -0.0198766 -0.00520464 0.00668761 -0.0198766 0.0934964 0.00668783 -0.018063 -0.00520464 0.00668783 0.00862703 -0.01695 0.00668761 -0.018063 -0.01695 0.086714 
0.0114812 -0.0199587 -0.00513066 0.00665106 -0.0199587 0.0936774 0.00666736 -0.0180694 -0.00513066 0.00666736 0.0084984 -0.0168079 0.00665106 -0.0180694 -0.0168079 0.0864101 
0.0115426 -0.0200806 -0.00508054 0.00655547 -0.0200806 0.0939628 0.00658215 -0.0179179 -0.00508054 0.00658215 0.00841514 -0.016634 0.00655547 -0.0179179 -0.016634 0.085982 
0.0115818 -0.0201504 -0.00504153 0.00649256 -0.0201504 0.0941896 0.00651969 -0.0177454 -0.00504153 0.00651969 0.00836725 -0.0165217 0.00649256 -0.0177454 -0.0165217 0.0856154 
0.0115266 -0.0201809 -0.00504979 0.00645462 -0.0201809 0.0942954 0.00647678 -0.017628 -0.00504979 0.00647678 0.00839623 -0.0164658 0.00645462 -0.017628 -0.0164658 0.0853905 
0.0114458 -0.0201026 -0.00505799 0.00647486 -0.0201026 0.0941972 0.00648226 -0.0176104 -0.00505799 0.00648226 0.00842265 -0.0165015 0.00647486 -0.0176104 -0.0165015 0.0853641 
0.011389 -0.020003 -0.00507272 0.00649545 -0.020003 0.0939834 0.00648522 -0.0176313 -0.00507272 0.00648522 0.0084477 -0.0165283 0.00649545 -0.0176313 -0.0165283 0.0854122 
0.0113798 -0.0199305 -0.00508977 0.00651905 -0.0199305 0.0937703 0.00649918 -0.0176707 -0.00508977 0.00649918 0.00843576 -0.0165481 0.00651905 -0.0176707 -0.0165481 0.0854541 
0.0113293 -0.0199334 -0.00513163 0.00653705 -0.0199334 0.093705 0.00652009 -0.0177133 -0.00513163 0.00652009 0.00849527 -0.0165179 0.00653705 -0.0177133 -0.0165179 0.0854096 
0.0113313 -0.0198828 -0.00514901 0.00658742 -0.0198828 0.0936277 0.0065712 -0.0178098 -0.00514901 0.0065712 0.00851403 -0.0165783 0.00658742 -0.0178098 -0.0165783 0.0854608 
0.0113468 -0.0198668 -0.00515228 0.00661442 -0.0198668 0.093536 0.00660092 -0.0179106 -0.00515228 0.00660092 0.00850835 -0.0166182 0.00661442 -0.0179106 -0.0166182 0.0855772 
0.0113729 -0.0198695 -0.00513325 0.00661979 -0.0198695 0.0934872 0.00661453 -0.0179713 -0.00513325 0.00661453 0.00847974 -0.0166245 0.00661979 -0.0179713 -0.0166245 0.0856433 
0.0113666 -0.0199266 -0.00511482 0.00658466 -0.0199266 0.0935994 0.00658881 -0.0179318 -0.00511482 0.00658881 0.00850095 -0.0165758 0.00658466 -0.0179318 -0.0165758 0.085574 
0.0113885 -0.0199116 -0.00510642 0.00656234 -0.0199116 0.0936183 0.00656538 -0.0178752 -0.00510642 0.00656538 0.00849265 -0.0166062 0.00656234 -0.0178752 -0.0166062 0.0855838 
0.0114104 -0.0199422 -0.00509004 0.00654652 -0.0199422 0.0936687 0.00654827 -0.0178181 -0.00509004 0.00654827 0.00848748 -0.0166 0.00654652 -0.0178181 -0.0166 0.0856009 
0.0114361 -0.0199405 -0.00508781 0.00653453 -0.0199405 0.0936518 0.00653824 -0.0177952 -0.00508781 0.00653824 0.00844194 -0.0166144 0.00653453 -0.0177952 -0.0166144 0.0856427 
0.0115169 -0.0199995 -0.00503291 0.00652103 -0.0199995 0.0937758 0.00653065 -0.0177526 -0.00503291 0.00653065 0.0083503 -0.0165441 0.00652103 -0.0177526 -0.0165441 0.0855446 
0.011533 -0.0201272 -0.00501604 0.00644464 -0.0201272 0.0940692 0.00646464 -0.0176175 -0.00501604 0.00646464 0.00835406 -0.0164124 0.00644464 -0.0176175 -0.0164124 0.0852688 
0.0114978 -0.0201694 -0.00506732 0.0064141 -0.0201694 0.0942956 0.00643056 -0.0174889 -0.00506732 0.00643056 0.00844433 -0.0164037 0.0064141 -0.0174889 -0.0164037 0.0851134 
0.0114329 -0.0201388 -0.00511803 0.00647446 -0.0201388 0.094341 0.00647548 -0.0175105 -0.00511803 0.00647548 0.0085934 -0.0165205 0.00647446 -0.0175105 -0.0165205 0.085263 
0.0114093 -0.0200348 -0.00515209 0.00655026 -0.0200348 0.0941458 0.00653332 -0.0176512 -0.00515209 0.00653332 0.00865967 -0.016742 0.00655026 -0.0176512 -0.016742 0.0857359 
0.0114436 -0.0199994 -0.00514437 0.00658923 -0.0199994 0.0939924 0.0065693 -0.0177637 -0.00514437 0.0065693 0.00865504 -0.0168539 0.00658923 -0.0177637 -0.0168539 0.0861627 
0.011469 -0.0200464 -0.00513237 0.00657017 -0.0200464 0.0940242 0.00656265 -0.0177764 -0.00513237 0.00656265 0.00864141 -0.0168558 0.00657017 -0.0177764 -0.0168558 0.0863321 
0.0114907 -0.0200831 -0.00510761 0.00654623 -0.0200831 0.0941197 0.00654842 -0.0177359 -0.00510761 0.00654842 0.00862141 -0.0168392 0.00654623 -0.0177359 -0.0168392 0.08635 
0.0114283 -0.0200771 -0.00514761 0.00652388 -0.0200771 0.0941091 0.00652933 -0.0177022 -0.00514761 0.00652933 0.00864414 -0.0168291 0.00652388 -0.0177022 -0.0168291 0.0863422 
0.0113632 -0.019986 -0.00520801 0.00658019 -0.019986 0.0939381 0.00658014 -0.0177772 -0.00520801 0.00658014 0.00864041 -0.0168562 0.00658019 -0.0177772 -0.0168562 0.0863761 
0.0113397 -0.0199249 -0.00525582 0.00665709 -0.0199249 0.0937857 0.00665223 -0.0179322 -0.00525582 0.00665223 0.00863282 -0.0168275 0.00665709 -0.0179322 -0.0168275 0.0863303 
0.0112705 -0.0199061 -0.00531528 0.006721 -0.0199061 0.0937051 0.0067182 -0.0181114 -0.00531528 0.0067182 0.00871613 -0.0167944 0.006721 -0.0181114 -0.0167944 0.0862252 
0.0112374 -0.0198609 -0.00534121 0.00678781 -0.0198609 0.0936627 0.00678144 -0.0182705 -0.00534121 0.00678144 0.00882864 -0.0168711 0.00678781 -0.0182705 -0.0168711 0.0862683 
0.0112574 -0.0197839 -0.00531516 0.00683233 -0.0197839 0.0934652 0.00681945 -0.0184221 -0.00531516 0.00681945 0.00883186 -0.0170386 0.00683233 -0.0184221 -0.0170386 0.0865929 
0.0112861 -0.0198037 -0.00526837 0.0067935 -0.0198037 0.093413 0.00678512 -0.0184143 -0.00526837 0.00678512 0.00878169 -0.017068 0.0067935 -0.0184143 -0.017068 0.0868194 
0.011325 -0.0198211 -0.00523254 0.00673344 -0.0198211 0.0934211 0.00673318 -0.018307 -0.00523254 0.00673318 0.00867644 -0.0170196 0.00673344 -0.018307 -0.0170196 0.0868233 
0.0113602 -0.0198744 -0.0052234 0.00668235 -0.0198744 0.0935209 0.0066898 -0.0181758 -0.0052234 0.0066898 0.00859635 -0.0168773 0.00668235 -0.0181758 -0.0168773 0.0865773 
0.0113814 -0.0199276 -0.00522199 0.0066701 -0.0199276 0.0936602 0.00668384 -0.0181106 -0.00522199 0.00668384 0.00854884 -0.0167523 0.0066701 -0.0181106 -0.0167523 0.0862357 
0.0113616 -0.019948 -0.0052392 0.00667736 -0.019948 0.0937361 0.00669189 -0.018119 -0.0052392 0.00669189 0.0085216 -0.0166804 0.00667736 -0.018119 -0.0166804 0.0859681 
0.0113921 -0.0199381 -0.00521954 0.00670249 -0.0199381 0.0937658 0.00671226 -0.0181613 -0.00521954 0.00671226 0.00846546 -0.0166293 0.00670249 -0.0181613 -0.0166293 0.0857717 
0.0113809 -0.0199557 -0.00522514 0.00669091 -0.0199557 0.0937704 0.00669902 -0.0181814 -0.00522514 0.00669902 0.00846992 -0.0165593 0.00669091 -0.0181814 -0.0165593 0.0855835 
0.0113851 -0.0199217 -0.00523022 0.00670846 -0.0199217 0.0936946 0.00671287 -0.0182223 -0.00523022 0.00671287 0.00846304 -0.0165638 0.00670846 -0.0182223 -0.0165638 0.0855029 
0.0113391 -0.0199424 -0.00525121 0.00671067 -0.0199424 0.0937106 0.00671501 -0.0182407 -0.00525121 0.00671501 0.00849861 -0.0165457 0.00671067 -0.0182407 -0.0165457 0.0854462 
0.0113325 -0.0199118 -0.0052289 0.006732 -0.0199118 0.093713 0.00673099 -0.0182611 -0.0052289 0.00673099 0.00851798 -0.0165766 0.006732 -0.0182611 -0.0165766 0.0854592 
0.011324 -0.0198774 -0.00521365 0.00671421 -0.0198774 0.0936136 0.00670662 -0.0182548 -0.00521365 0.00670662 0.0085107 -0.0166168 0.00671421 -0.0182548 -0.0166168 0.0855545 
0.0113079 -0.0198823 -0.00520736 0.00668737 -0.0198823 0.0936048 0.00667861 -0.0181838 -0.00520736 0.00667861 0.00853286 -0.0166036 0.00668737 -0.0181838 -0.0166036 0.0855754 
0.0112574 -0.0198402 -0.00522718 0.00668515 -0.0198402 0.0935087 0.00667442 -0.018158 -0.00522718 0.00667442 0.0085982 -0.0166411 0.00668515 -0.018158 -0.0166411 0.0856399 
0.0112496 -0.0197682 -0.00520978 0.00671288 -0.0197682 0.093336 0.00669803 -0.0181951 -0.00520978 0.00669803 0.00861397 -0.0167279 0.00671288 -0.0181951 -0.0167279 0.0858131 
0.0112044 -0.0197899 -0.00522176 0.00668042 -0.0197899 0.0933371 0.00666692 -0.018148 -0.00522176 0.00666692 0.00868903 -0.0167392 0.00668042 -0.018148 -0.0167392 0.0859103 
0.0112444 -0.019716 -0.00520429 0.00669675 -0.019716 0.0932076 0.0066799 -0.0181456 -0.00520429 0.0066799 0.00864233 -0.0168476 0.00669675 -0.0181456 -0.0168476 0.0861222 
0.0112942 -0.0197339 -0.00517513 0.00667913 -0.0197339 0.0931288 0.00667052 -0.0181411 -0.00517513 0.00667052 0.00856104 -0.0168164 0.00667913 -0.0181411 -0.0168164 0.0862056 
0.011324 -0.0197998 -0.00516203 0.00663732 -0.0197998 0.0932267 0.00664535 -0.0180839 -0.00516203 0.00664535 0.00848276 -0.0167044 0.00663732 -0.0180839 -0.0167044 0.0860267 
0.0112535 -0.0198524 -0.00518862 0.00661753 -0.0198524 0.0933817 0.00663454 -0.0180298 -0.00518862 0.00663454 0.00850565 -0.0165837 0.00661753 -0.0180298 -0.0165837 0.0857203 
0.0111894 -0.0197918 -0.00521542 0.0066522 -0.0197918 0.0933841 0.00665891 -0.0180513 -0.00521542 0.00665891 0.00856854 -0.0165772 0.0066522 -0.0180513 -0.0165772 0.0855469 
0.0111596 -0.0196759 -0.00523445 0.00670724 -0.0196759 0.0931245 0.00669559 -0.0181643 -0.00523445 0.00669559 0.00860169 -0.0166675 0.00670724 -0.0181643 -0.0166675 0.0856451 
0.011208 -0.0196275 -0.0052015 0.00673586 -0.0196275 0.0929165 0.00671887 -0.0182603 -0.0052015 0.00671887 0.00855902 -0.0167155 0.00673586 -0.0182603 -0.0167155 0.0857879 
0.0112097 -0.0196844 -0.0051777 0.00669248 -0.0196844 0.0929276 0.0066868 -0.0182396 -0.0051777 0.0066868 0.00855855 -0.0166674 0.00669248 -0.0182396 -0.0166674 0.0857716 
0.0112195 -0.0196598 -0.00516399 0.00666521 -0.0196598 0.0928818 0.00666711 -0.0181939 -0.00516399 0.00666711 0.00850813 -0.0166808 0.00666521 -0.0181939 -0.0166808 0.0857728 
0.0112587 -0.0196715 -0.00515798 0.00664628 -0.0196715 0.092874 0.00665305 -0.0181463 -0.00515798 0.00665305 0.00841932 -0.0166156 0.00664628 -0.0181463 -0.0166156 0.0856794 
0.0112613 -0.0197368 -0.00517653 0.00663562 -0.0197368 0.0929996 0.00665279 -0.0181176 -0.00517653 0.00665279 0.00838008 -0.0164814 0.00663562 -0.0181176 -0.0164814 0.0853951 
0.011211 -0.0197469 -0.00523136 0.00666358 -0.0197469 0.093082 0.00668297 -0.0181633 -0.00523136 0.00668297 0.00840245 -0.0164083 0.00666358 -0.0181633 -0.0164083 0.0851223 
0.0111773 -0.0197126 -0.0052527 0.00673448 -0.0197126 0.0930919 0.00674414 -0.0182872 -0.0052527 0.00674414 0.00842844 -0.0164057 0.00673448 -0.0182872 -0.0164057 0.0849814 
0.0112162 -0.0196944 -0.00521977 0.00676576 -0.0196944 0.0930873 0.00676402 -0.0183825 -0.00521977 0.00676402 0.00841901 -0.0164195 0.00676576 -0.0183825 -0.0164195 0.0849453 
0.0111468 -0.0197265 -0.00524976 0.0067281 -0.0197265 0.0931116 0.00672416 -0.0183622 -0.00524976 0.00672416 0.00852086 -0.0164236 0.0067281 -0.0183622 -0.0164236 0.0849575 
0.0111028 -0.0196192 -0.00523975 0.00676694 -0.0196192 0.0929382 0.00675363 -0.0183927 -0.00523975 0.00675363 0.00855919 -0.0165722 0.00676694 -0.0183927 -0.0165722 0.0852117 
0.011083 -0.0195308 -0.00521915 0.00676502 -0.0195308 0.0926658 0.0067445 -0.0184179 -0.00521915 0.0067445 0.00854137 -0.0166511 0.00676502 -0.0184179 -0.0166511 0.0855015 
0.0110977 -0.0195283 -0.00518573 0.00672978 -0.0195283 0.0925855 0.00671397 -0.018353 -0.00518573 0.00671397 0.0085137 -0.0166125 0.00672978 -0.018353 -0.0166125 0.0855367 
0.0111444 -0.0195663 -0.00513588 0.00667964 -0.0195663 0.0926485 0.00667111 -0.0182411 -0.00513588 0.00667111 0.00847144 -0.0165546 0.00667964 -0.0182411 -0.0165546 0.0854157 
