0.00830467 0 -0.0039274 0 0 0.01 0 0 -0.0039274 0 0.00669086 0 0 0 0 0.01 
0.0113903 -0.0141232 -0.00550272 0.00675456 -0.0141232 0.0362546 0.00675456 -0.0129515 -0.00550272 0.00675456 0.00976596 -0.0121631 0.00675456 -0.0129515 -0.0121631 0.0324958 
0.0112285 -0.0208451 -0.00499229 0.0082061 -0.0208451 0.075722 0.0082061 -0.026017 -0.00499229 0.0082061 0.0100668 -0.019099 0.0082061 -0.026017 -0.019099 0.0704362 
0.0106202 -0.0200784 -0.00445823 0.00608907 -0.0200784 0.0886651 0.00607477 -0.0214013 -0.00445823 0.00607477 0.00950843 -0.0191833 0.00608907 -0.0214013 -0.0191833 0.0866742 
0.0106575 -0.0192572 -0.00456116 0.00543751 -0.0192572 0.0905799 0.00541561 -0.0167124 -0.00456116 0.00541561 0.00937975 -0.0183812 0.00543751 -0.0167124 -0.0183812 0.0900843 
0.0108811 -0.0192298 -0.00477731 0.00569043 -0.0192298 0.0912447 0.00567277 -0.0155656 -0.00477731 0.00567277 0.00946369 -0.0180947 0.00569043 -0.0155656 -0.0180947 0.0902601 
0.0110219 -0.0194232 -0.00485443 0.0060075 -0.0194232 0.0919728 0.00600228 -0.0158849 -0.00485443 0.00600228 0.0095513 -0.0181067 0.0060075 -0.0158849 -0.0181067 0.0901975 
0.0110964 -0.0194917 -0.00484527 0.00611639 -0.0194917 0.0923326 0.00612139 -0.0162655 -0.00484527 0.00612139 0.00951575 -0.0181859 0.00611639 -0.0162655 -0.0181859 0.0902777 
0.0110964 -0.0195297 -0.00483197 0.00610187 -0.0195297 0.092458 0.0061166 -0.0163679 -0.00483197 0.0061166 0.00946322 -0.0181351 0.00610187 -0.0163679 -0.0181351 0.0902296 
0.0110692 -0.0195014 -0.00484889 0.00608993 -0.0195014 0.0924094 0.00610996 -0.0163785 -0.00484889 0.00610996 0.00939016 -0.0180597 0.00608993 -0.0163785 -0.0180597 0.0900554 
0.0110539 -0.0195328 -0.00482737 0.00610556 -0.0195328 0.0925075 0.00612687 -0.0163897 -0.00482737 0.00612687 0.00939452 -0.0179184 0.00610556 -0.0163897 -0.0179184 0.0897157 
0.0110099 -0.0195336 -0.00481815 0.00608813 -0.0195336 0.0925689 0.00610062 -0.0163754 -0.00481815 0.00610062 0.00946388 -0.0178979 0.00608813 -0.0163754 -0.0178979 0.0895064 
0.0108985 -0.0194506 -0.00486577 0.0060841 -0.0194506 0.0924125 0.00607947 -0.0163509 -0.00486577 0.00607947 0.00958058 -0.0180024 0.0060841 -0.0163509 -0.0180024 0.0896226 
0.0107676 -0.0193209 -0.00490905 0.00614026 -0.0193209 0.0921434 0.00612115 -0.0164013 -0.00490905 0.00612115 0.00970836 -0.0181508 0.00614026 -0.0164013 -0.0181508 0.0899398 
0.010725 -0.0191777 -0.00492006 0.00619546 -0.0191777 0.0918292 0.00616448 -0.0164987 -0.00492006 0.00616448 0.00977086 -0.0183053 0.00619546 -0.0164987 -0.0183053 0.0903217 
0.010687 -0.0190771 -0.00494036 0.00621338 -0.0190771 0.0914724 0.00618322 -0.0165816 -0.00494036 0.00618322 0.00976698 -0.0184089 0.00621338 -0.0165816 -0.0184089 0.0906668 
0.0106577 -0.0190636 -0.0049582 0.00622675 -0.0190636 0.0913716 0.00620773 -0.0166206 -0.0049582 0.00620773 0.00975176 -0.0183861 0.00622675 -0.0166206 -0.0183861 0.0907464 
0.0106648 -0.0190627 -0.00496494 0.00624393 -0.0190627 0.0913944 0.00623293 -0.0166598 -0.00496494 0.00623293 0.00976656 -0.0183396 0.00624393 -0.0166598 -0.0183396 0.0906562 
0.0106989 -0.0190425 -0.0049433 0.00625628 -0.0190425 0.091328 0.00624928 -0.0167142 -0.0049433 0.00624928 0.00970943 -0.018364 0.00625628 -0.0167142 -0.018364 0.0906508 
0.0107638 -0.0190749 -0.00489689 0.00623041 -0.0190749 0.0913419 0.00622997 -0.0167043 -0.00489689 0.00622997 0.00961823 -0.0183013 0.00623041 -0.0167043 -0.0183013 0.0905706 
0.0108267 -0.0191218 -0.00485955 0.00617636 -0.0191218 0.0913885 0.00618423 -0.0166282 -0.00485955 0.00618423 0.00950728 -0.0181984 0.00617636 -0.0166282 -0.0181984 0.0903677 
0.0109006 -0.0192489 -0.00482002 0.00612158 -0.0192489 0.0916798 0.00613802 -0.0164972 -0.00482002 0.00613802 0.0094358 -0.0180275 0.00612158 -0.0164972 -0.0180275 0.0899794 
0.0109624 -0.0193673 -0.00480908 0.00606932 -0.0193673 0.0920246 0.00608819 -0.01636 -0.00480908 0.00608819 0.00941612 -0.0179182 0.00606932 -0.01636 -0.0179182 0.0896198 
0.0110064 -0.0194495 -0.00478558 0.00605264 -0.0194495 0.0922948 0.00606957 -0.0162739 -0.00478558 0.00606957 0.00943024 -0.0178965 0.00605264 -0.0162739 -0.0178965 0.0894542 
0.011015 -0.0194955 -0.00476413 0.00602609 -0.0194955 0.0924564 0.00603709 -0.0162017 -0.00476413 0.00603709 0.00948914 -0.0179323 0.00602609 -0.0162017 -0.0179323 0.0894819 
0.0109824 -0.0195008 -0.00477954 0.00599735 -0.0195008 0.0925175 0.00600035 -0.0161133 -0.00477954 0.00600035 0.00958136 -0.0180253 0.00599735 -0.0161133 -0.0180253 0.0896731 
0.0109808 -0.0194464 -0.00476172 0.00601283 -0.0194464 0.0924268 0.00600705 -0.0160874 -0.00476172 0.00600705 0.00959602 -0.018164 0.00601283 -0.0160874 -0.018164 0.0900061 
0.0109746 -0.0194347 -0.00475832 0.00599168 -0.0194347 0.0923524 0.00598324 -0.0160482 -0.00475832 0.00598324 0.00959706 -0.0182004 0.00599168 -0.0160482 -0.0182004 0.0902297 
0.0109105 -0.0194209 -0.00480395 0.00598358 -0.0194209 0.0922991 0.00597779 -0.0160129 -0.00480395 0.00597779 0.00965723 -0.0182044 0.00598358 -0.0160129 -0.0182044 0.09031 
0.0108852 -0.01933 -0.00482664 0.00604235 -0.01933 0.0921166 0.00603504 -0.0160956 -0.00482664 0.00603504 0.00965156 -0.0182779 0.00604235 -0.0160956 -0.0182779 0.0904435 
0.0108823 -0.0192996 -0.00484002 0.00607519 -0.0192996 0.0919861 0.00607057 -0.0162014 -0.00484002 0.00607057 0.00962349 -0.0182673 0.00607519 -0.0162014 -0.0182673 0.0904896 
0.0108975 -0.0193219 -0.00484941 0.00608891 -0.0193219 0.0920137 0.00608957 -0.0162641 -0.00484941 0.00608957 0.00960165 -0.0182113 0.00608891 -0.0162641 -0.0182113 0.0903857 
0.0108979 -0.0193724 -0.0048379 0.00609511 -0.0193724 0.0921587 0.0061 -0.0162907 -0.0048379 0.0061 0.00961024 -0.0181634 0.00609511 -0.0162907 -0.0181634 0.0902378 
0.0108158 -0.0193296 -0.0048588 0.00609102 -0.0193296 0.0920927 0.00609227 -0.0163084 -0.0048588 0.00609227 0.00965293 -0.0181951 0.00609102 -0.0163084 -0.0181951 0.0902443 
0.0107543 -0.0192467 -0.00488343 0.00611615 -0.0192467 0.0919543 0.00610594 -0.0163289 -0.00488343 0.00610594 0.00971295 -0.0182373 0.00611615 -0.0163289 -0.0182373 0.0903188 
0.0107098 -0.0191356 -0.00488954 0.00615543 -0.0191356 0.0916616 0.00613679 -0.0164073 -0.00488954 0.00613679 0.00975997 -0.0183221 0.00615543 -0.0164073 -0.0183221 0.0904949 
0.0106459 -0.0190479 -0.00492734 0.00616908 -0.0190479 0.0913545 0.00614994 -0.0164758 -0.00492734 0.00614994 0.00978704 -0.0183937 0.00616908 -0.0164758 -0.0183937 0.090694 
0.0106387 -0.0190086 -0.00492496 0.00620811 -0.0190086 0.0912313 0.00619325 -0.0165483 -0.00492496 0.00619325 0.00979068 -0.0184045 0.00620811 -0.0165483 -0.0184045 0.0907706 
0.0106605 -0.018979 -0.00491084 0.00620962 -0.018979 0.0911098 0.00620062 -0.0166039 -0.00491084 0.00620062 0.00974423 -0.018413 0.00620962 -0.0166039 -0.018413 0.0908059 
0.0106381 -0.0189843 -0.00494402 0.00619346 -0.0189843 0.091046 0.00619242 -0.016608 -0.00494402 0.00619242 0.00972951 -0.018363 0.00619346 -0.016608 -0.018363 0.0907443 
0.0106649 -0.0189729 -0.00495314 0.00623079 -0.0189729 0.0910353 0.00623556 -0.0166646 -0.00495314 0.00623556 0.00968854 -0.0183269 0.00623079 -0.0166646 -0.0183269 0.0906317 
0.0106486 -0.0190161 -0.00497761 0.00624627 -0.0190161 0.0911082 0.00625864 -0.0167354 -0.00497761 0.00625864 0.00967714 -0.0182629 0.00624627 -0.0167354 -0.0182629 0.090475 
0.0106236 -0.0190002 -0.00499027 0.00627943 -0.0190002 0.0911284 0.00629251 -0.016819 -0.00499027 0.00629251 0.00966215 -0.018242 0.00627943 -0.016819 -0.018242 0.0903634 
0.0106569 -0.0189954 -0.00497183 0.00629916 -0.0189954 0.0911612 0.00630626 -0.0168768 -0.00497183 0.00630626 0.00961057 -0.018204 0.00629916 -0.0168768 -0.018204 0.0902482 
0.0106648 -0.0190338 -0.00496783 0.0062795 -0.0190338 0.0912294 0.0062855 -0.0168691 -0.00496783 0.0062855 0.00959846 -0.0181355 0.0062795 -0.0168691 -0.0181355 0.0900908 
0.0106601 -0.01904 -0.00497528 0.00627508 -0.01904 0.0912682 0.00627856 -0.0168496 -0.00497528 0.00627856 0.00962429 -0.0181183 0.00627508 -0.0168496 -0.0181183 0.0899887 
0.010647 -0.0190549 -0.00497949 0.00628136 -0.0190549 0.0913328 0.00628119 -0.0168419 -0.00497949 0.00628119 0.0096779 -0.0181398 0.00628136 -0.0168419 -0.0181398 0.0899811 
0.010604 -0.0190367 -0.00498997 0.0062864 -0.0190367 0.0913223 0.00628142 -0.0168448 -0.00498997 0.00628142 0.00974698 -0.0182169 0.0062864 -0.0168448 -0.0182169 0.0901195 
0.0105444 -0.0189281 -0.00499309 0.00630576 -0.0189281 0.0910656 0.0062941 -0.0168834 -0.00499309 0.0062941 0.00977041 -0.0183395 0.00630576 -0.0168834 -0.0183395 0.0904149 
0.0104936 -0.0188957 -0.00502005 0.00630416 -0.0188957 0.0909655 0.00628954 -0.0168776 -0.00502005 0.00628954 0.00983406 -0.0183511 0.00630416 -0.0168776 -0.0183511 0.090546 
0.0104726 -0.0188274 -0.00504335 0.00633657 -0.0188274 0.0908104 0.00631953 -0.0169203 -0.00504335 0.00631953 0.00987302 -0.0184256 0.00633657 -0.0169203 -0.0184256 0.0906928 
0.01043 -0.0187785 -0.00508268 0.00636785 -0.0187785 0.090632 0.00635394 -0.017003 -0.00508268 0.00635394 0.00988893 -0.0184871 0.00636785 -0.017003 -0.0184871 0.0908699 
0.0104444 -0.0187532 -0.00510241 0.00641214 -0.0187532 0.0905674 0.00640477 -0.0171058 -0.00510241 0.00640477 0.00989677 -0.0184935 0.00641214 -0.0171058 -0.0184935 0.0909364 
0.0104267 -0.0187431 -0.00511323 0.00644138 -0.0187431 0.0904845 0.00644209 -0.0172192 -0.00511323 0.00644209 0.00989609 -0.0185109 0.00644138 -0.0172192 -0.0185109 0.0909833 
0.0104484 -0.0187537 -0.00509559 0.00644979 -0.0187537 0.0905253 0.00645501 -0.0172723 -0.00509559 0.00645501 0.00988191 -0.018494 0.00644979 -0.0172723 -0.018494 0.0909583 
0.0105011 -0.0187447 -0.00506445 0.00643406 -0.0187447 0.0904771 0.00643888 -0.0172784 -0.00506445 0.00643888 0.00978161 -0.0184927 0.00643406 -0.0172784 -0.0184927 0.0909523 
0.0104831 -0.0188066 -0.00506344 0.00639363 -0.0188066 0.0905569 0.00640434 -0.0172147 -0.00506344 0.00640434 0.00975626 -0.0183701 0.00639363 -0.0172147 -0.0183701 0.0907621 
0.0103922 -0.0187891 -0.00507816 0.00639431 -0.0187891 0.0905828 0.00640259 -0.0171833 -0.00507816 0.00640259 0.00980437 -0.0183206 0.00639431 -0.0171833 -0.0183206 0.0905661 
0.0103173 -0.0186934 -0.00511051 0.00642082 -0.0186934 0.0904511 0.0064147 -0.0172066 -0.00511051 0.0064147 0.00985851 -0.0183612 0.00642082 -0.0172066 -0.0183612 0.0905418 
0.0102815 -0.0185913 -0.00514359 0.0064684 -0.0185913 0.090205 0.00645039 -0.0172873 -0.00514359 0.00645039 0.00989917 -0.0184267 0.0064684 -0.0172873 -0.0184267 0.0906545 
0.0102858 -0.018532 -0.00515346 0.00651437 -0.018532 0.0899856 0.00649707 -0.0174048 -0.00515346 0.00649707 0.00989546 -0.0184809 0.00651437 -0.0174048 -0.0184809 0.0907954 
0.0102854 -0.0185145 -0.00515653 0.00652802 -0.0185145 0.0898463 0.0065208 -0.017496 -0.00515653 0.0065208 0.00988727 -0.0184868 0.00652802 -0.017496 -0.0184868 0.0908686 
0.0102808 -0.0185047 -0.00515614 0.00653187 -0.0185047 0.0897751 0.00653396 -0.0175474 -0.00515614 0.00653396 0.00984868 -0.0184779 0.00653187 -0.0175474 -0.0184779 0.0908684 
0.0102551 -0.0185234 -0.00514141 0.0065287 -0.0185234 0.0898184 0.00653611 -0.0175598 -0.00514141 0.00653611 0.00982787 -0.0184132 0.0065287 -0.0175598 -0.0184132 0.0907451 
0.0102012 -0.0184955 -0.00515397 0.0065154 -0.0184955 0.0898016 0.0065185 -0.0175412 -0.00515397 0.0065185 0.00984685 -0.0183756 0.0065154 -0.0175412 -0.0183756 0.0906147 
0.0101001 -0.0184292 -0.00518959 0.00653545 -0.0184292 0.089683 0.00652887 -0.0175524 -0.00518959 0.00652887 0.0099201 -0.0183875 0.00653545 -0.0175524 -0.0183875 0.0905736 
0.0100264 -0.0182941 -0.00521952 0.00658879 -0.0182941 0.0894003 0.00657099 -0.017642 -0.00521952 0.00657099 0.00996933 -0.0184741 0.00658879 -0.017642 -0.0184741 0.090698 
0.0100736 -0.018228 -0.00522514 0.0066301 -0.018228 0.0892052 0.00660731 -0.0177426 -0.00522514 0.00660731 0.00993751 -0.0185165 0.0066301 -0.0177426 -0.0185165 0.0908127 
0.0101015 -0.0182496 -0.005225 0.00663826 -0.0182496 0.0891117 0.00662674 -0.0178182 -0.005225 0.00662674 0.00989529 -0.0184953 0.00663826 -0.0178182 -0.0184953 0.090838 
0.0102546 -0.0183176 -0.00514626 0.0066301 -0.0183176 0.0892519 0.00663243 -0.0178359 -0.00514626 0.00663243 0.00975296 -0.0184227 0.0066301 -0.0178359 -0.0184227 0.0906995 
0.0103319 -0.0185081 -0.00510777 0.0065278 -0.0185081 0.0896144 0.00654649 -0.0176983 -0.00510777 0.00654649 0.00971404 -0.0182478 0.0065278 -0.0176983 -0.0182478 0.0903619 
0.0104147 -0.0186147 -0.00504782 0.00646761 -0.0186147 0.0899657 0.00649043 -0.0175218 -0.00504782 0.00649043 0.00966298 -0.0181953 0.00646761 -0.0175218 -0.0181953 0.0901147 
0.0104198 -0.0186885 -0.00503144 0.00639376 -0.0186885 0.0901711 0.00641349 -0.01734 -0.00503144 0.00641349 0.00965387 -0.0181605 0.00639376 -0.01734 -0.0181605 0.0900128 
0.0104508 -0.0186619 -0.00502366 0.00637551 -0.0186619 0.0901641 0.00638749 -0.0172282 -0.00502366 0.00638749 0.00958917 -0.0181727 0.00637551 -0.0172282 -0.0181727 0.0900196 
0.010552 -0.0187492 -0.00498732 0.00636377 -0.0187492 0.0903493 0.00637652 -0.0171629 -0.00498732 0.00637652 0.00949629 -0.0180634 0.00636377 -0.0171629 -0.0180634 0.0898373 
0.0105752 -0.0188652 -0.00500072 0.00632166 -0.0188652 0.0905999 0.00634143 -0.017092 -0.00500072 0.00634143 0.00947377 -0.0179481 0.00632166 -0.017092 -0.0179481 0.0895635 
0.010528 -0.0188933 -0.00502555 0.00633731 -0.0188933 0.0907523 0.00635824 -0.0170847 -0.00502555 0.00635824 0.00953852 -0.0179184 0.00633731 -0.0170847 -0.0179184 0.0893971 
0.010514 -0.018847 -0.0050174 0.00637481 -0.018847 0.0907437 0.00638395 -0.0171418 -0.0050174 0.00638395 0.0095783 -0.0179922 0.00637481 -0.0171418 -0.0179922 0.0894516 
0.0105283 -0.0188149 -0.00501122 0.00637118 -0.0188149 0.0906531 0.0063691 -0.0171592 -0.00501122 0.0063691 0.00955829 -0.0180602 0.00637118 -0.0171592 -0.0180602 0.0896219 
0.0104974 -0.0188687 -0.00499439 0.00635415 -0.0188687 0.0907561 0.00635167 -0.0171114 -0.00499439 0.00635167 0.00961746 -0.0180245 0.00635415 -0.0171114 -0.0180245 0.0896316 
0.0104227 -0.0188339 -0.00499795 0.00633274 -0.0188339 0.0907606 0.00632321 -0.0170471 -0.00499795 0.00632321 0.00969475 -0.0180969 0.00633274 -0.0170471 -0.0180969 0.0897281 
0.0104223 -0.018704 -0.00497649 0.00633962 -0.018704 0.090495 0.00631634 -0.0170187 -0.00497649 0.00631634 0.00967893 -0.0182216 0.00633962 -0.0170187 -0.0182216 0.090011 
0.0104315 -0.0186877 -0.00495722 0.00631365 -0.0186877 0.0903238 0.0062905 -0.0169688 -0.00495722 0.0062905 0.00965092 -0.018212 0.00631365 -0.0169688 -0.018212 0.0901368 
0.0104553 -0.0186878 -0.00493991 0.00628731 -0.0186878 0.090256 0.00627321 -0.0169129 -0.00493991 0.00627321 0.00961042 -0.0181754 0.00628731 -0.0169129 -0.0181754 0.0901011 
0.0104958 -0.0187438 -0.00491913 0.00626035 -0.0187438 0.0903561 0.00625644 -0.0168536 -0.00491913 0.00625644 0.00958576 -0.018102 0.00626035 -0.0168536 -0.018102 0.0899418 
0.0105095 -0.0187512 -0.00493487 0.00623766 -0.0187512 0.0903522 0.00624061 -0.0168144 -0.00493487 0.00624061 0.00954307 -0.0180918 0.00623766 -0.0168144 -0.0180918 0.0898704 
0.0104618 -0.0187502 -0.00497983 0.00625785 -0.0187502 0.0903225 0.00626639 -0.0168396 -0.00497983 0.00626639 0.00955582 -0.0180474 0.00625785 -0.0168396 -0.0180474 0.0897896 
0.0104186 -0.0186959 -0.00501432 0.00632147 -0.0186959 0.0902293 0.006331 -0.016968 -0.00501432 0.006331 0.00957133 -0.0180477 0.00632147 -0.016968 -0.0180477 0.0897314 
0.0103795 -0.0186351 -0.0050412 0.00637524 -0.0186351 0.0900755 0.00638149 -0.0171258 -0.0050412 0.00638149 0.00959147 -0.0180587 0.00637524 -0.0171258 -0.0180587 0.0897221 
0.0102999 -0.0186085 -0.00507202 0.00641277 -0.0186085 0.0900025 0.00641671 -0.017248 -0.00507202 0.00641671 0.00965143 -0.0180635 0.00641277 -0.017248 -0.0180635 0.0897051 
0.0102031 -0.0184932 -0.00512169 0.00645824 -0.0184932 0.089774 0.00645344 -0.0173648 -0.00512169 0.00645344 0.00971117 -0.0181434 0.00645824 -0.0173648 -0.0181434 0.0898252 
0.0101046 -0.0183956 -0.00518415 0.00652273 -0.0183956 0.0895483 0.00650999 -0.0174998 -0.00518415 0.00650999 0.00978731 -0.0181996 0.00652273 -0.0174998 -0.0181996 0.0899586 
0.010106 -0.0182688 -0.00519408 0.00660701 -0.0182688 0.08925 0.00658884 -0.017691 -0.00519408 0.00658884 0.00977081 -0.018288 0.00660701 -0.017691 -0.018288 0.0901421 
0.0101118 -0.0182839 -0.00518316 0.00662274 -0.0182839 0.0891702 0.00661091 -0.0178073 -0.00518316 0.00661091 0.00976425 -0.018255 0.00662274 -0.0178073 -0.018255 0.0901585 
0.0100912 -0.0182955 -0.00517507 0.00660486 -0.0182955 0.089189 0.0066003 -0.0178218 -0.00517507 0.0066003 0.00977771 -0.0182393 0.00660486 -0.0178218 -0.0182393 0.0901085 
0.0101144 -0.0182408 -0.00516947 0.00659452 -0.0182408 0.0890749 0.00658859 -0.0178054 -0.00516947 0.00658859 0.0097538 -0.0182716 0.00659452 -0.0178054 -0.0182716 0.0901525 
0.0101088 -0.0182686 -0.00519485 0.00658535 -0.0182686 0.089062 0.00658411 -0.0177848 -0.00519485 0.00658411 0.00976592 -0.0182417 0.00658535 -0.0177848 -0.0182417 0.0901302 
0.0101296 -0.018261 -0.00520129 0.00661444 -0.018261 0.0890548 0.00661901 -0.0178294 -0.00520129 0.00661901 0.00973063 -0.0182542 0.00661444 -0.0178294 -0.0182542 0.0901282 
0.0101221 -0.0183066 -0.00521229 0.00662303 -0.0183066 0.0891477 0.00663419 -0.0178758 -0.00521229 0.00663419 0.00972668 -0.0182018 0.00662303 -0.0178758 -0.0182018 0.0900435 
0.0101309 -0.0183112 -0.005214 0.00663784 -0.0183112 0.0892229 0.00664867 -0.0179143 -0.005214 0.00664867 0.00969771 -0.0181836 0.00663784 -0.0179143 -0.0181836 0.0899563 
0.0100815 -0.0183275 -0.00523876 0.00664192 -0.0183275 0.0892805 0.00665082 -0.0179354 -0.00523876 0.00665082 0.00973851 -0.0181421 0.00664192 -0.0179354 -0.0181421 0.0898568 
0.0100211 -0.0182877 -0.00526279 0.00667513 -0.0182877 0.0892723 0.00667535 -0.0179811 -0.00526279 0.00667535 0.00981703 -0.0181735 0.00667513 -0.0179811 -0.0181735 0.0898415 
0.00995922 -0.0182138 -0.0052983 0.00671089 -0.0182138 0.0891411 0.00669836 -0.0180518 -0.0052983 0.00669836 0.00991053 -0.0182723 0.00671089 -0.0180518 -0.0182723 0.0900043 
0.00994703 -0.0181357 -0.0053 0.00675465 -0.0181357 0.0889533 0.0067352 -0.0181394 -0.0053 0.0067352 0.00996295 -0.0183985 0.00675465 -0.0181394 -0.0183985 0.0902953 
0.00997479 -0.0180875 -0.00529635 0.00675671 -0.0180875 0.0887549 0.00673824 -0.0181864 -0.00529635 0.00673824 0.00993835 -0.0184936 0.00675671 -0.0181864 -0.0184936 0.0905995 
0.0100026 -0.0181293 -0.00528329 0.00674193 -0.0181293 0.0887623 0.00673459 -0.0181759 -0.00528329 0.00673459 0.00990871 -0.0184679 0.00674193 -0.0181759 -0.0184679 0.0906816 
0.0100304 -0.0182036 -0.00526101 0.00671579 -0.0182036 0.0889552 0.00671929 -0.018125 -0.00526101 0.00671929 0.00988447 -0.0184079 0.00671579 -0.018125 -0.0184079 0.0905768 
0.0100706 -0.018239 -0.00525352 0.00668562 -0.018239 0.0890937 0.00668983 -0.0180538 -0.00525352 0.00668983 0.00986857 -0.0183785 0.00668562 -0.0180538 -0.0183785 0.09048 
0.0100776 -0.0182855 -0.0052594 0.00667314 -0.0182855 0.0892091 0.00667707 -0.0179994 -0.0052594 0.00667707 0.00990041 -0.0183638 0.00667314 -0.0179994 -0.0183638 0.0904275 
0.010065 -0.0182851 -0.00527368 0.00667979 -0.0182851 0.0892422 0.00668136 -0.017989 -0.00527368 0.00668136 0.00995136 -0.0184143 0.00667979 -0.017989 -0.0184143 0.0904998 
0.010026 -0.0182433 -0.0053001 0.00669823 -0.0182433 0.0891446 0.00669804 -0.0180208 -0.0053001 0.00669804 0.0100001 -0.0185016 0.00669823 -0.0180208 -0.0185016 0.090701 
0.0100291 -0.0182139 -0.00528467 0.00672805 -0.0182139 0.0890821 0.00672686 -0.0180758 -0.00528467 0.00672686 0.00999827 -0.0185598 0.00672805 -0.0180758 -0.0185598 0.0908805 
0.0100792 -0.0182311 -0.00525224 0.00670828 -0.0182311 0.0891029 0.00670772 -0.0180677 -0.00525224 0.00670772 0.00995774 -0.0185555 0.00670828 -0.0180677 -0.0185555 0.0909421 
0.0100856 -0.0182515 -0.00525282 0.00666775 -0.0182515 0.0890946 0.00667012 -0.018002 -0.00525282 0.00667012 0.00992363 -0.0185283 0.00666775 -0.018002 -0.0185283 0.0909334 
0.0100553 -0.0182788 -0.00527915 0.00666265 -0.0182788 0.0891696 0.00666886 -0.017955 -0.00527915 0.00666886 0.00993847 -0.0184729 0.00666265 -0.017955 -0.0184729 0.0908233 
0.0100201 -0.0182259 -0.00529709 0.00670032 -0.0182259 0.0890926 0.00670532 -0.0180095 -0.00529709 0.00670532 0.00993004 -0.0184906 0.00670032 -0.0180095 -0.0184906 0.0907986 
0.0100622 -0.0182131 -0.00526678 0.00672868 -0.0182131 0.0890745 0.00673057 -0.0180813 -0.00526678 0.00673057 0.00986675 -0.0184582 0.00672868 -0.0180813 -0.0184582 0.0907291 
0.0101236 -0.0182545 -0.00522345 0.00669625 -0.0182545 0.0891197 0.00670006 -0.0180704 -0.00522345 0.00670006 0.00977912 -0.0183782 0.00669625 -0.0180704 -0.0183782 0.090566 
0.0101208 -0.0183344 -0.00519923 0.00664057 -0.0183344 0.0892805 0.00664813 -0.0179686 -0.00519923 0.00664813 0.00976101 -0.0182605 0.00664057 -0.0179686 -0.0182605 0.0902971 
0.0101017 -0.0183054 -0.00518424 0.00661323 -0.0183054 0.0892737 0.00661661 -0.0178812 -0.00518424 0.00661661 0.00974931 -0.0182427 0.00661323 -0.0178812 -0.0182427 0.0901528 
0.01009 -0.0182911 -0.00518441 0.00659962 -0.0182911 0.0892438 0.00659576 -0.0178207 -0.00518441 0.00659576 0.00974506 -0.0182157 0.00659962 -0.0178207 -0.0182157 0.0900594 
0.0100568 -0.0182537 -0.00518645 0.00660584 -0.0182537 0.0891359 0.00659814 -0.0178127 -0.00518645 0.00659814 0.00975591 -0.0182161 0.00660584 -0.0178127 -0.0182161 0.0900285 
0.0100247 -0.0182336 -0.00516521 0.00661164 -0.0182336 0.0890848 0.00660219 -0.0178212 -0.00516521 0.00660219 0.00980219 -0.0182099 0.00661164 -0.0178212 -0.0182099 0.0899914 
0.0100357 -0.0181656 -0.00515454 0.0065914 -0.0181656 0.0889157 0.00657494 -0.0177988 -0.00515454 0.00657494 0.00978839 -0.0182808 0.0065914 -0.0177988 -0.0182808 0.0900993 
0.0100223 -0.0181646 -0.0051728 0.00657361 -0.0181646 0.0888174 0.00656075 -0.0177543 -0.0051728 0.00656075 0.00979597 -0.0182778 0.00657361 -0.0177543 -0.0182778 0.0901666 
0.00997469 -0.0181436 -0.00521792 0.00659348 -0.0181436 0.0887479 0.00658699 -0.0177734 -0.00521792 0.00658699 0.00983086 -0.0182858 0.00659348 -0.0177734 -0.0182858 0.0901943 
0.00997076 -0.0181156 -0.0052473 0.00664972 -0.0181156 0.0887201 0.00664652 -0.0178779 -0.0052473 0.00664652 0.0098611 -0.0183057 0.00664972 -0.0178779 -0.0183057 0.0902129 
0.00991975 -0.0181008 -0.00527579 0.00669051 -0.0181008 0.0886617 0.00669 -0.0180051 -0.00527579 0.00669 0.00992315 -0.0183491 0.00669051 -0.0180051 -0.0183491 0.0902972 
0.00988571 -0.0180279 -0.00531716 0.00672772 -0.0180279 0.0885147 0.0067252 -0.0181147 -0.00531716 0.0067252 0.00995806 -0.0184377 0.00672772 -0.0181147 -0.0184377 0.0904818 
0.00983476 -0.0179671 -0.00537641 0.00677919 -0.0179671 0.0883287 0.00677853 -0.018242 -0.00537641 0.00677853 0.00999706 -0.0184936 0.00677919 -0.018242 -0.0184936 0.0906665 
0.00981993 -0.0179371 -0.00539437 0.00685291 -0.0179371 0.088257 0.00685593 -0.0184116 -0.00539437 0.00685593 0.0100169 -0.0185198 0.00685291 -0.0184116 -0.0185198 0.0907523 
0.00981655 -0.0179035 -0.00541364 0.00688093 -0.0179035 0.0881594 0.00688725 -0.0185467 -0.00541364 0.00688725 0.00999398 -0.0185513 0.00688093 -0.0185467 -0.0185513 0.0908326 
0.00983024 -0.0179378 -0.00542128 0.00689949 -0.0179378 0.0882359 0.00690882 -0.0186136 -0.00542128 0.00690882 0.00997153 -0.0185011 0.00689949 -0.0186136 -0.0185011 0.0907651 
0.00982369 -0.0179495 -0.00544489 0.00691071 -0.0179495 0.0882891 0.00692074 -0.0186598 -0.00544489 0.00692074 0.00997753 -0.0184704 0.00691071 -0.0186598 -0.0184704 0.0906712 
0.00975061 -0.0179304 -0.0054916 0.00694237 -0.0179304 0.0882647 0.00695181 -0.0187299 -0.0054916 0.00695181 0.0100431 -0.0184794 0.00694237 -0.0187299 -0.0184794 0.0906481 
0.00965679 -0.0178447 -0.00553382 0.00700599 -0.0178447 0.0881243 0.00700962 -0.0188582 -0.00553382 0.00700962 0.0101237 -0.0185557 0.00700599 -0.0188582 -0.0185557 0.0907572 
0.00963741 -0.0177674 -0.00552853 0.00706294 -0.0177674 0.0879921 0.00705717 -0.0189927 -0.00552853 0.00705717 0.0101583 -0.0186331 0.00706294 -0.0189927 -0.0186331 0.0909152 
0.0095974 -0.0177153 -0.00551315 0.00706249 -0.0177153 0.0878125 0.00705169 -0.0190522 -0.00551315 0.00705169 0.0101775 -0.0186944 0.00706249 -0.0190522 -0.0186944 0.0910959 
0.00957973 -0.0176572 -0.0054995 0.00704193 -0.0176572 0.0876519 0.00702729 -0.0190255 -0.0054995 0.00702729 0.0101752 -0.0187243 0.00704193 -0.0190255 -0.0187243 0.0912164 
0.00958026 -0.0176463 -0.00548798 0.00702095 -0.0176463 0.0875865 0.00700744 -0.01897 -0.00548798 0.00700744 0.0101726 -0.0187104 0.00702095 -0.01897 -0.0187104 0.0912287 
0.00958481 -0.0176418 -0.00548663 0.00700568 -0.0176418 0.0875497 0.00699447 -0.0189257 -0.00548663 0.00699447 0.010166 -0.0187054 0.00700568 -0.0189257 -0.0187054 0.0912154 
0.00953701 -0.0176343 -0.00548977 0.0070025 -0.0176343 0.0875067 0.0069953 -0.0189101 -0.00548977 0.0069953 0.0101958 -0.0187034 0.0070025 -0.0189101 -0.0187034 0.0912127 
0.00955719 -0.017602 -0.00548907 0.00700757 -0.017602 0.0874792 0.00699913 -0.0189084 -0.00548907 0.00699913 0.0101836 -0.0187215 0.00700757 -0.0189084 -0.0187215 0.0912222 
0.00962229 -0.0176271 -0.0054861 0.00700612 -0.0176271 0.0874964 0.00699975 -0.0189098 -0.0054861 0.00699975 0.0101408 -0.0187068 0.00700612 -0.0189098 -0.0187068 0.0912104 
0.00965119 -0.0177084 -0.0055016 0.0069967 -0.0177084 0.0876359 0.00700003 -0.0189017 -0.0055016 0.00700003 0.0101309 -0.018657 0.0069967 -0.0189017 -0.018657 0.0911272 
0.00961837 -0.0177736 -0.00551815 0.00700826 -0.0177736 0.0878505 0.00701888 -0.0189122 -0.00551815 0.00701888 0.0101925 -0.0186335 0.00700826 -0.0189122 -0.0186335 0.0910367 
0.00962159 -0.017692 -0.0055452 0.00703488 -0.017692 0.0877464 0.00703887 -0.018968 -0.0055452 0.00703887 0.0101827 -0.0187373 0.00703488 -0.018968 -0.0187373 0.0911931 
0.00962357 -0.0177122 -0.00555961 0.0070671 -0.0177122 0.0877407 0.0070707 -0.0190359 -0.00555961 0.0070707 0.010195 -0.0187221 0.0070671 -0.0190359 -0.0187221 0.0912554 
0.00956117 -0.0177039 -0.00558129 0.00708753 -0.0177039 0.0877213 0.00709419 -0.0191097 -0.00558129 0.00709419 0.0102528 -0.0187397 0.00708753 -0.0191097 -0.0187397 0.0912879 
0.00956828 -0.0176659 -0.00557848 0.00711356 -0.0176659 0.0877081 0.00711409 -0.019164 -0.00557848 0.00711409 0.01028 -0.018792 0.00711356 -0.019164 -0.018792 0.0913652 
