0.00438244 0 -0.00255946 0 0 0.01 0 0 -0.00255946 0 0.00971048 0 0 0 0 0.01 
0.00653183 -0.00815935 -0.00375751 0.00462988 -0.00815935 0.0248196 0.00462988 -0.0088767 -0.00375751 0.00462988 0.0133887 -0.0165713 0.00462988 -0.0088767 -0.0165713 0.0409483 
0.00688661 -0.0136619 -0.00348876 0.00606843 -0.0136619 0.0529744 0.00606843 -0.0193665 -0.00348876 0.00606843 0.0130032 -0.0235402 0.00606843 -0.0193665 -0.0235402 0.0842254 
0.00652877 -0.0146289 -0.00303636 0.00466402 -0.0146289 0.0697147 0.00465202 -0.0173388 -0.00303636 0.00465202 0.0122062 -0.0219826 0.00466402 -0.0173388 -0.0219826 0.0948734 
0.00630025 -0.0143323 -0.00303275 0.00397251 -0.0143323 0.0763411 0.00395182 -0.0136113 -0.00303275 0.00395182 0.0123695 -0.0210763 0.00397251 -0.0136113 -0.0210763 0.0955577 
0.00627522 -0.013891 -0.00314059 0.00399368 -0.013891 0.077809 0.00396699 -0.0119863 -0.00314059 0.00396699 0.012691 -0.0213345 0.00399368 -0.0119863 -0.0213345 0.096534 
0.0063092 -0.0136744 -0.00321419 0.00415644 -0.0136744 0.0776536 0.0041362 -0.0117186 -0.00321419 0.0041362 0.012894 -0.0217037 0.00415644 -0.0117186 -0.0217037 0.0978205 
0.00637171 -0.0136249 -0.00329009 0.00426188 -0.0136249 0.0773544 0.00425041 -0.0118502 -0.00329009 0.00425041 0.0129909 -0.0218911 0.00426188 -0.0118502 -0.0218911 0.0986188 
0.00644856 -0.0137135 -0.00334391 0.00437834 -0.0137135 0.0773702 0.00437287 -0.0121287 -0.00334391 0.00437287 0.0130142 -0.0219396 0.00437834 -0.0121287 -0.0219396 0.0988823 
0.00650274 -0.0138359 -0.00337655 0.0044431 -0.0138359 0.0776235 0.00443936 -0.0123487 -0.00337655 0.00443936 0.0130205 -0.021967 0.0044431 -0.0123487 -0.021967 0.0989948 
0.00656158 -0.0139649 -0.00342888 0.00450597 -0.0139649 0.0780187 0.00450397 -0.0125629 -0.00342888 0.00450397 0.0129627 -0.0219385 0.00450597 -0.0125629 -0.0219385 0.0989336 
0.00656805 -0.0140664 -0.00341805 0.00457084 -0.0140664 0.0783763 0.00457663 -0.0127579 -0.00341805 0.00457663 0.0129154 -0.0218536 0.00457084 -0.0127579 -0.0218536 0.0987573 
0.00653105 -0.0140653 -0.00336444 0.00454624 -0.0140653 0.0785146 0.00455486 -0.0127868 -0.00336444 0.00455486 0.0129244 -0.0218065 0.00454624 -0.0127868 -0.0218065 0.0986167 
0.00653887 -0.0139886 -0.00334828 0.00446574 -0.0139886 0.0784032 0.00446386 -0.0126227 -0.00334828 0.00446386 0.0129141 -0.0218418 0.00446574 -0.0126227 -0.0218418 0.0986457 
0.00656037 -0.0139882 -0.00334786 0.00444374 -0.0139882 0.0783217 0.00444024 -0.0125069 -0.00334786 0.00444024 0.0128953 -0.0218276 0.00444374 -0.0125069 -0.0218276 0.0986461 
0.00656511 -0.0140072 -0.00339795 0.00443092 -0.0140072 0.0783215 0.00443372 -0.0124426 -0.00339795 0.00443372 0.0129121 -0.0218167 0.00443092 -0.0124426 -0.0218167 0.0986384 
0.00659597 -0.0140176 -0.00345345 0.00448574 -0.0140176 0.0783526 0.00449308 -0.0125021 -0.00345345 0.00449308 0.0129075 -0.0218407 0.00448574 -0.0125021 -0.0218407 0.0986745 
0.00665194 -0.0140728 -0.00349144 0.00456396 -0.0140728 0.0784664 0.00457556 -0.0126822 -0.00349144 0.00457556 0.0128738 -0.0218267 0.00456396 -0.0126822 -0.0218267 0.0986613 
0.00671903 -0.014158 -0.00354105 0.00461482 -0.014158 0.0786734 0.00463275 -0.0128521 -0.00354105 0.00463275 0.0128176 -0.0217763 0.00461482 -0.0128521 -0.0217763 0.0985651 
0.00671493 -0.0142669 -0.00360307 0.00467931 -0.0142669 0.0789607 0.00470531 -0.0130326 -0.00360307 0.00470531 0.0128072 -0.0216828 0.00467931 -0.0130326 -0.0216828 0.0983461 
0.00667274 -0.0142725 -0.00363604 0.00476211 -0.0142725 0.0791093 0.00478437 -0.0132346 -0.00363604 0.00478437 0.0128101 -0.0216577 0.00476211 -0.0132346 -0.0216577 0.0981925 
0.00662676 -0.0141803 -0.0036136 0.00479129 -0.0141803 0.0789702 0.00479903 -0.0133251 -0.0036136 0.00479903 0.0128359 -0.0217072 0.00479129 -0.0133251 -0.0217072 0.0982813 
0.00662517 -0.0140805 -0.00360313 0.00474915 -0.0140805 0.0786938 0.00474433 -0.0132513 -0.00360313 0.00474433 0.0128674 -0.0217836 0.00474915 -0.0132513 -0.0217836 0.0985053 
0.00662311 -0.0140798 -0.00356511 0.00473876 -0.0140798 0.078571 0.00473272 -0.0131976 -0.00356511 0.00473272 0.0129135 -0.021815 0.00473876 -0.0131976 -0.021815 0.0986369 
0.00666405 -0.0140775 -0.00355317 0.00467663 -0.0140775 0.0785384 0.00466869 -0.0130611 -0.00355317 0.00466869 0.0129275 -0.0218964 0.00467663 -0.0130611 -0.0218964 0.0988425 
0.0066719 -0.0141684 -0.0035642 0.00467066 -0.0141684 0.078713 0.00466836 -0.0130088 -0.0035642 0.00466836 0.0129724 -0.0218868 0.00467066 -0.0130088 -0.0218868 0.0988833 
0.00665486 -0.0142175 -0.00354441 0.00469574 -0.0142175 0.078925 0.0046945 -0.0130501 -0.00354441 0.0046945 0.0130001 -0.0219159 0.00469574 -0.0130501 -0.0219159 0.0988983 
0.00665627 -0.0142061 -0.00356254 0.00467492 -0.0142061 0.0790035 0.00466674 -0.0130332 -0.00356254 0.00466674 0.0129958 -0.0219588 0.00467492 -0.0130332 -0.0219588 0.0989907 
0.00667192 -0.014192 -0.0035831 0.0046791 -0.014192 0.0789896 0.00467096 -0.0129976 -0.0035831 0.00467096 0.0130185 -0.0219819 0.0046791 -0.0129976 -0.0219819 0.0991075 
0.0066886 -0.0142201 -0.00363007 0.00470586 -0.0142201 0.0790321 0.0047028 -0.0130436 -0.00363007 0.0047028 0.013039 -0.0220018 0.00470586 -0.0130436 -0.0220018 0.0991675 
0.0067115 -0.0142702 -0.00367998 0.00478114 -0.0142702 0.0791622 0.00478114 -0.0132139 -0.00367998 0.00478114 0.0130169 -0.0219973 0.00478114 -0.0132139 -0.0219973 0.0991446 
0.0067473 -0.0143214 -0.0037497 0.0048635 -0.0143214 0.0793195 0.00486596 -0.013449 -0.0037497 0.00486596 0.0129441 -0.021942 0.0048635 -0.013449 -0.021942 0.099015 
0.0067295 -0.0143511 -0.00375457 0.00493406 -0.0143511 0.0794158 0.00494506 -0.0136435 -0.00375457 0.00494506 0.0129277 -0.021869 0.00493406 -0.0136435 -0.021869 0.0988692 
0.00669707 -0.0143087 -0.00373673 0.00492908 -0.0143087 0.0793682 0.00493908 -0.0136976 -0.00373673 0.00493908 0.0129519 -0.0218679 0.00492908 -0.0136976 -0.0218679 0.0988246 
0.00670546 -0.0142719 -0.00374508 0.0049274 -0.0142719 0.0792744 0.00492772 -0.0137185 -0.00374508 0.00492772 0.0129185 -0.0218722 0.0049274 -0.0137185 -0.0218722 0.0987878 
0.00668815 -0.0142734 -0.00378773 0.0049398 -0.0142734 0.0792196 0.00493848 -0.0137415 -0.00378773 0.00493848 0.0129004 -0.021832 0.0049398 -0.0137415 -0.021832 0.0987199 
0.00664736 -0.0142345 -0.00379425 0.0049821 -0.0142345 0.0791307 0.00498208 -0.0138071 -0.00379425 0.00498208 0.0129177 -0.0218224 0.0049821 -0.0138071 -0.0218224 0.0986868 
0.00663983 -0.0141402 -0.00379917 0.00496509 -0.0141402 0.0788999 0.00496104 -0.0137714 -0.00379917 0.00496104 0.0129575 -0.0218997 0.00496509 -0.0137714 -0.0218997 0.09887 
0.00664757 -0.0141464 -0.00380213 0.00499409 -0.0141464 0.0788148 0.00498766 -0.0138273 -0.00380213 0.00498766 0.0129546 -0.0219162 0.00499409 -0.0138273 -0.0219162 0.0989349 
0.0066949 -0.01415 -0.00383117 0.00498488 -0.01415 0.0787983 0.00497985 -0.0138222 -0.00383117 0.00497985 0.0129152 -0.0219368 0.00498488 -0.0138222 -0.0219368 0.0990239 
0.00672558 -0.0142127 -0.00382344 0.00500685 -0.0142127 0.0788985 0.00501452 -0.0138494 -0.00382344 0.00501452 0.0128979 -0.0218929 0.00500685 -0.0138494 -0.0218929 0.098998 
0.00671243 -0.0142748 -0.00377102 0.00500595 -0.0142748 0.0790748 0.00502292 -0.0138917 -0.00377102 0.00502292 0.012916 -0.0218439 0.00500595 -0.0138917 -0.0218439 0.0988606 
0.00670078 -0.0142726 -0.00374864 0.00495152 -0.0142726 0.0791604 0.00496148 -0.0138219 -0.00374864 0.00496148 0.0129351 -0.0218491 0.00495152 -0.0138219 -0.0218491 0.0987895 
0.00672535 -0.0142229 -0.00374625 0.00488874 -0.0142229 0.0790765 0.00488724 -0.0136181 -0.00374625 0.00488724 0.0129686 -0.0219336 0.00488874 -0.0136181 -0.0219336 0.0989819 
0.00672404 -0.0142941 -0.00376635 0.00491682 -0.0142941 0.0791781 0.00491478 -0.0136257 -0.00376635 0.00491478 0.012979 -0.0219223 0.00491682 -0.0136257 -0.0219223 0.0989794 
0.0067354 -0.0142893 -0.00377704 0.00492319 -0.0142893 0.0792376 0.00492199 -0.0136248 -0.00377704 0.00492199 0.0130067 -0.0219678 0.00492319 -0.0136248 -0.0219678 0.0990853 
0.00676587 -0.014311 -0.00379735 0.0049385 -0.014311 0.0792968 0.00493582 -0.0136507 -0.00379735 0.00493582 0.013012 -0.022002 0.0049385 -0.0136507 -0.022002 0.0991864 
0.00681573 -0.014368 -0.00380329 0.00496776 -0.014368 0.0794307 0.00496778 -0.0137187 -0.00380329 0.00496778 0.0129815 -0.0219991 0.00496776 -0.0137187 -0.0219991 0.0992111 
0.00684121 -0.0144648 -0.00387021 0.00499716 -0.0144648 0.0796747 0.00500459 -0.0138342 -0.00387021 0.00500459 0.012928 -0.021918 0.00499716 -0.0138342 -0.021918 0.0990345 
0.0068385 -0.0145083 -0.00394162 0.00508095 -0.0145083 0.0798621 0.00509462 -0.0140188 -0.00394162 0.00509462 0.0128813 -0.021833 0.00508095 -0.0140188 -0.021833 0.0987973 
0.00679874 -0.0145006 -0.00398192 0.00518314 -0.0145006 0.0799078 0.00519744 -0.0142823 -0.00398192 0.00519744 0.0128531 -0.0217573 0.00518314 -0.0142823 -0.0217573 0.0985544 
0.00673347 -0.0144236 -0.00401164 0.00524141 -0.0144236 0.0797619 0.00524824 -0.0144833 -0.00401164 0.00524824 0.0128453 -0.0217278 0.00524141 -0.0144833 -0.0217278 0.0984206 
0.00665164 -0.0143052 -0.00398118 0.00528345 -0.0143052 0.0794583 0.00527878 -0.0146114 -0.00398118 0.00527878 0.0128762 -0.021731 0.00528345 -0.0146114 -0.021731 0.0983961 
0.00660235 -0.0141583 -0.00390181 0.00524561 -0.0141583 0.0790439 0.00522721 -0.014579 -0.00390181 0.00522721 0.0129029 -0.0217982 0.00524561 -0.014579 -0.0217982 0.0985353 
0.00658837 -0.0140541 -0.00388109 0.00512896 -0.0140541 0.0786584 0.0051022 -0.0143352 -0.00388109 0.0051022 0.0129136 -0.0218744 0.00512896 -0.0143352 -0.0218744 0.0987775 
0.00656611 -0.0140289 -0.00386169 0.00508842 -0.0140289 0.0784608 0.00506818 -0.014148 -0.00386169 0.00506818 0.012946 -0.021896 0.00508842 -0.014148 -0.021896 0.0989201 
0.00655434 -0.0140443 -0.00388233 0.00510336 -0.0140443 0.0784593 0.00509081 -0.0141756 -0.00388233 0.00509081 0.0129287 -0.0218671 0.00510336 -0.0141756 -0.0218671 0.0988315 
0.00657691 -0.0140214 -0.00393017 0.00512584 -0.0140214 0.0784203 0.00511714 -0.0142286 -0.00393017 0.00511714 0.0129013 -0.0218511 0.00512584 -0.0142286 -0.0218511 0.098778 
0.00661827 -0.0140102 -0.00391354 0.00515358 -0.0140102 0.078342 0.00515073 -0.0142622 -0.00391354 0.00515073 0.0128963 -0.0218682 0.00515358 -0.0142622 -0.0218682 0.0988481 
0.00666429 -0.0140818 -0.0039333 0.00514548 -0.0140818 0.0784424 0.00514974 -0.0142996 -0.0039333 0.00514974 0.0128578 -0.0218395 0.00514548 -0.0142996 -0.0218395 0.0988025 
0.00669812 -0.0141384 -0.00396996 0.00514149 -0.0141384 0.0785964 0.00515396 -0.0142716 -0.00396996 0.00515396 0.0128478 -0.0218182 0.00514149 -0.0142716 -0.0218182 0.0987821 
0.00671643 -0.0142041 -0.00400475 0.00519167 -0.0142041 0.0787914 0.0052101 -0.0143544 -0.00400475 0.0052101 0.0128321 -0.021785 0.00519167 -0.0143544 -0.021785 0.0986905 
0.00674067 -0.0142287 -0.00404452 0.0052304 -0.0142287 0.0789169 0.00524872 -0.0144489 -0.00404452 0.00524872 0.0128286 -0.0217742 0.0052304 -0.0144489 -0.0217742 0.0986514 
0.00674348 -0.0142743 -0.00402983 0.00529331 -0.0142743 0.0790453 0.00530982 -0.0146003 -0.00402983 0.00530982 0.0128319 -0.0217501 0.00529331 -0.0146003 -0.0217501 0.0985709 
0.00673154 -0.0142759 -0.00401798 0.00527589 -0.0142759 0.0791027 0.0052841 -0.0146254 -0.00401798 0.0052841 0.0128581 -0.0217647 0.00527589 -0.0146254 -0.0217647 0.0985772 
0.00676002 -0.0142787 -0.0040643 0.00527783 -0.0142787 0.0791383 0.00527634 -0.0146335 -0.0040643 0.00527634 0.0128162 -0.0217721 0.00527783 -0.0146335 -0.0217721 0.098564 
0.00677659 -0.0143152 -0.00409813 0.00533624 -0.0143152 0.0792068 0.00533702 -0.0147308 -0.00409813 0.00533702 0.0127706 -0.0217166 0.00533624 -0.0147308 -0.0217166 0.0984731 
0.00677076 -0.0143276 -0.00412388 0.00537479 -0.0143276 0.0792528 0.00538234 -0.0148457 -0.00412388 0.00538234 0.0127451 -0.0216631 0.00537479 -0.0148457 -0.0216631 0.0983479 
0.00674461 -0.0142928 -0.00411696 0.00539002 -0.0142928 0.0791888 0.00539867 -0.0148919 -0.00411696 0.00539867 0.0127782 -0.0216607 0.00539002 -0.0148919 -0.0216607 0.0983275 
0.00677846 -0.0142419 -0.00413435 0.00537367 -0.0142419 0.0790562 0.0053759 -0.0148647 -0.00413435 0.0053759 0.0127728 -0.0217219 0.00537367 -0.0148647 -0.0217219 0.0984439 
0.00681498 -0.0143088 -0.00418637 0.00541547 -0.0143088 0.0791186 0.00541859 -0.0149428 -0.00418637 0.00541859 0.0127299 -0.0216814 0.00541547 -0.0149428 -0.0216814 0.0983942 
0.00685677 -0.0143355 -0.00422178 0.00544742 -0.0143355 0.0791973 0.00545859 -0.0149963 -0.00422178 0.00545859 0.0127311 -0.0216728 0.00544742 -0.0149963 -0.0216728 0.0984129 
0.00687033 -0.0144311 -0.00425454 0.00552263 -0.0144311 0.0794163 0.00553768 -0.0151916 -0.00425454 0.00553768 0.0126989 -0.0216128 0.00552263 -0.0151916 -0.0216128 0.0982412 
0.00682904 -0.0144585 -0.00426814 0.00556785 -0.0144585 0.07957 0.00558149 -0.0153476 -0.00426814 0.00558149 0.0127097 -0.0215682 0.00556785 -0.0153476 -0.0215682 0.0980961 
0.00682158 -0.0143823 -0.00431434 0.00557719 -0.0143823 0.0794833 0.00557977 -0.0153898 -0.00431434 0.00557977 0.0127144 -0.0216077 0.00557719 -0.0153898 -0.0216077 0.0981353 
0.00683433 -0.0143465 -0.00437566 0.00562585 -0.0143465 0.0793407 0.00562252 -0.0154568 -0.00437566 0.00562252 0.0127018 -0.0216394 0.00562585 -0.0154568 -0.0216394 0.0982461 
0.00682977 -0.0143756 -0.00442143 0.00571954 -0.0143756 0.0793404 0.00572085 -0.0156705 -0.00442143 0.00572085 0.0126735 -0.0215973 0.00571954 -0.0156705 -0.0215973 0.0981888 
0.00683259 -0.0143623 -0.00441106 0.00577563 -0.0143623 0.0793221 0.005781 -0.0158557 -0.00441106 0.005781 0.0126642 -0.0215674 0.00577563 -0.0158557 -0.0215674 0.0981202 
0.00682861 -0.0143464 -0.00437438 0.00575562 -0.0143464 0.0792616 0.00576018 -0.0158847 -0.00437438 0.00576018 0.0126876 -0.0215717 0.00575562 -0.0158847 -0.0215717 0.0981201 
0.00683911 -0.0143472 -0.00440928 0.00571419 -0.0143472 0.079241 0.00571419 -0.0158178 -0.00440928 0.00571419 0.0126912 -0.0215919 0.00571419 -0.0158178 -0.0215919 0.0981412 
0.00681747 -0.0143762 -0.00444373 0.00576078 -0.0143762 0.0792956 0.00575924 -0.0158588 -0.00444373 0.00575924 0.0126906 -0.0215825 0.00576078 -0.0158588 -0.0215825 0.0981197 
0.00680776 -0.0143377 -0.00448923 0.00579653 -0.0143377 0.0792583 0.00579359 -0.0159318 -0.00448923 0.00579359 0.0126828 -0.0216045 0.00579653 -0.0159318 -0.0216045 0.0981754 
0.00680112 -0.014302 -0.0045249 0.00584146 -0.014302 0.0791537 0.00584005 -0.0160176 -0.0045249 0.00584005 0.0127014 -0.0216207 0.00584146 -0.0160176 -0.0216207 0.0982627 
0.00682077 -0.0142812 -0.00453347 0.00587864 -0.0142812 0.0790645 0.00587962 -0.0161091 -0.00453347 0.00587962 0.0127369 -0.0216585 0.00587864 -0.0161091 -0.0216585 0.0983718 
0.00683383 -0.0143131 -0.00452602 0.0058885 -0.0143131 0.0790857 0.00588865 -0.0161626 -0.00452602 0.00588865 0.0127749 -0.0217061 0.0058885 -0.0161626 -0.0217061 0.0984948 
0.0068099 -0.0143871 -0.00448563 0.00591939 -0.0143871 0.0792731 0.0059173 -0.0162815 -0.00448563 0.0059173 0.0127892 -0.0216838 0.00591939 -0.0162815 -0.0216838 0.0984209 
0.00679844 -0.0143496 -0.00448885 0.00585261 -0.0143496 0.0792959 0.00584217 -0.0161823 -0.00448885 0.00584217 0.0128071 -0.0217364 0.00585261 -0.0161823 -0.0217364 0.0985219 
0.00679863 -0.0143347 -0.00448975 0.00585281 -0.0143347 0.0792643 0.00583951 -0.0161182 -0.00448975 0.00583951 0.012813 -0.0217569 0.00585281 -0.0161182 -0.0217569 0.098601 
0.00683132 -0.0143305 -0.00448781 0.00584791 -0.0143305 0.0792405 0.00583662 -0.0160899 -0.00448781 0.00583662 0.0128135 -0.0217771 0.00584791 -0.0160899 -0.0217771 0.0986782 
0.00686654 -0.0143866 -0.00451985 0.0058542 -0.0143866 0.0793336 0.00584826 -0.016112 -0.00451985 0.00584826 0.0127742 -0.0217576 0.0058542 -0.016112 -0.0217576 0.0986497 
0.00688165 -0.014443 -0.00454057 0.00588797 -0.014443 0.0794845 0.0058898 -0.0161766 -0.00454057 0.0058898 0.0127397 -0.0217067 0.00588797 -0.0161766 -0.0217067 0.0985534 
0.0068972 -0.0144662 -0.00456773 0.00591633 -0.0144662 0.0795905 0.00592298 -0.0162605 -0.00456773 0.00592298 0.0126824 -0.0216558 0.00591633 -0.0162605 -0.0216558 0.0984206 
0.00686631 -0.0144586 -0.00455128 0.00592856 -0.0144586 0.0795978 0.00593988 -0.016286 -0.00455128 0.00593988 0.0126895 -0.021617 0.00592856 -0.016286 -0.021617 0.0983518 
0.00681879 -0.0144114 -0.00448359 0.00591132 -0.0144114 0.0795123 0.00592082 -0.0162697 -0.00448359 0.00592082 0.0127078 -0.0216229 0.00591132 -0.0162697 -0.0216229 0.098326 
0.00681949 -0.0143389 -0.00446479 0.00583234 -0.0143389 0.0793406 0.00583319 -0.0161279 -0.00446479 0.00583319 0.0127106 -0.0216499 0.00583234 -0.0161279 -0.0216499 0.0983705 
0.00685303 -0.0143361 -0.00446588 0.00581218 -0.0143361 0.07925 0.00581076 -0.0160293 -0.00446588 0.00581076 0.0126899 -0.0216412 0.00581218 -0.0160293 -0.0216412 0.0983609 
0.00688924 -0.0143752 -0.00445239 0.00580571 -0.0143752 0.0792812 0.00581005 -0.0159881 -0.00445239 0.00581005 0.0126839 -0.0216223 0.00580571 -0.0159881 -0.0216223 0.0983323 
0.00687649 -0.0144495 -0.00443742 0.00580605 -0.0144495 0.0794494 0.00581436 -0.0160088 -0.00443742 0.00581436 0.0126858 -0.02158 0.00580605 -0.0160088 -0.02158 0.0982023 
0.00686183 -0.0144423 -0.0044249 0.00578639 -0.0144423 0.0795274 0.00579128 -0.0159779 -0.0044249 0.00579128 0.0126865 -0.0215826 0.00578639 -0.0159779 -0.0215826 0.0981535 
0.00687466 -0.0144081 -0.00444492 0.00576397 -0.0144081 0.0794782 0.00576308 -0.0159071 -0.00444492 0.00576308 0.0126623 -0.0216023 0.00576397 -0.0159071 -0.0216023 0.0981961 
0.0069209 -0.0144204 -0.00448982 0.00578961 -0.0144204 0.0794662 0.0057916 -0.0159248 -0.00448982 0.0057916 0.0126167 -0.0215689 0.00578961 -0.0159248 -0.0215689 0.0981563 
0.00687846 -0.0144918 -0.00446322 0.00585782 -0.0144918 0.0795859 0.00586867 -0.0160795 -0.00446322 0.00586867 0.012631 -0.0214818 0.00585782 -0.0160795 -0.0214818 0.0979576 
0.00683506 -0.0144377 -0.0044252 0.0058334 -0.0144377 0.0795644 0.00583926 -0.0161145 -0.0044252 0.00583926 0.0126548 -0.0214976 0.0058334 -0.0161145 -0.0214976 0.0978895 
0.0068258 -0.0143587 -0.00441086 0.00578186 -0.0143587 0.0793833 0.00577351 -0.0160042 -0.00441086 0.00577351 0.0126494 -0.0215501 0.00578186 -0.0160042 -0.0215501 0.0979888 
0.00680463 -0.0143328 -0.00438155 0.00575904 -0.0143328 0.0792441 0.00574983 -0.0159081 -0.00438155 0.00574983 0.0126603 -0.0215529 0.00575904 -0.0159081 -0.0215529 0.0980547 
0.00678469 -0.0143229 -0.00430427 0.00574181 -0.0143229 0.0791924 0.00573482 -0.0158786 -0.00430427 0.00573482 0.0126435 -0.0215314 0.00574181 -0.0158786 -0.0215314 0.0979937 
0.00677179 -0.0142899 -0.00421558 0.00564901 -0.0142899 0.079113 0.00564124 -0.0157242 -0.00421558 0.00564124 0.0126208 -0.0215102 0.00564901 -0.0157242 -0.0215102 0.0979353 
0.00676149 -0.0142409 -0.00419157 0.00551489 -0.0142409 0.0789708 0.00550745 -0.0154066 -0.00419157 0.00550745 0.0126298 -0.0215153 0.00551489 -0.0154066 -0.0215153 0.0979584 
0.00678299 -0.0142101 -0.00427478 0.00546553 -0.0142101 0.0788454 0.00546132 -0.015173 -0.00427478 0.00546132 0.0126327 -0.021541 0.00546553 -0.015173 -0.021541 0.0980244 
0.00682978 -0.0142485 -0.00431636 0.00557168 -0.0142485 0.0788673 0.00557791 -0.0152807 -0.00431636 0.00557791 0.0126039 -0.02153 0.00557168 -0.0152807 -0.02153 0.098012 
0.00687852 -0.0143087 -0.00431385 0.00562398 -0.0143087 0.0789867 0.00563976 -0.0154505 -0.00431385 0.00563976 0.0125886 -0.0215077 0.00562398 -0.0154505 -0.0215077 0.0979872 
0.00685658 -0.0143862 -0.00422933 0.00562068 -0.0143862 0.0791861 0.00564159 -0.0155186 -0.00422933 0.00564159 0.01264 -0.0214803 0.00562068 -0.0155186 -0.0214803 0.0979181 
0.00681259 -0.0143936 -0.00419263 0.005533 -0.0143936 0.0793204 0.00554164 -0.0154017 -0.00419263 0.00554164 0.0126936 -0.0215148 0.005533 -0.0154017 -0.0215148 0.0979034 
0.0067774 -0.014345 -0.00416952 0.00548708 -0.014345 0.0792954 0.00547832 -0.0152358 -0.00416952 0.00547832 0.0127135 -0.0215828 0.00548708 -0.0152358 -0.0215828 0.0980194 
0.0067559 -0.0142886 -0.00412048 0.00545877 -0.0142886 0.0791748 0.00544186 -0.0151157 -0.00412048 0.00544186 0.0127311 -0.0216217 0.00545877 -0.0151157 -0.0216217 0.0981567 
0.00673643 -0.0142622 -0.00409173 0.00540705 -0.0142622 0.0790774 0.00539124 -0.0150069 -0.00409173 0.00539124 0.0127561 -0.0216323 0.00540705 -0.0150069 -0.0216323 0.098207 
0.00674301 -0.0142258 -0.0040511 0.00535858 -0.0142258 0.0789723 0.00534345 -0.0148697 -0.0040511 0.00534345 0.0127583 -0.021679 0.00535858 -0.0148697 -0.021679 0.0983143 
0.00673929 -0.0142312 -0.00404093 0.00530086 -0.0142312 0.0789355 0.00528981 -0.0147223 -0.00404093 0.00528981 0.0127882 -0.0216918 0.00530086 -0.0147223 -0.0216918 0.0983964 
0.00676366 -0.014215 -0.00406016 0.00526085 -0.014215 0.0789 0.00525429 -0.0145674 -0.00406016 0.00525429 0.0128191 -0.0217623 0.00526085 -0.0145674 -0.0217623 0.0985753 
0.00680555 -0.0142921 -0.00410566 0.00530937 -0.0142921 0.0790477 0.00530931 -0.0146318 -0.00410566 0.00530931 0.0127886 -0.0217508 0.00530937 -0.0146318 -0.0217508 0.0985683 
0.00680552 -0.0143536 -0.00410577 0.00535881 -0.0143536 0.0792338 0.00536636 -0.0147467 -0.00410577 0.00536636 0.0128112 -0.0217234 0.00535881 -0.0147467 -0.0217234 0.0985317 
0.00680553 -0.0143722 -0.00409808 0.00536989 -0.0143722 0.0793609 0.00537575 -0.0148278 -0.00409808 0.00537575 0.0128104 -0.0217328 0.00536989 -0.0148278 -0.0217328 0.0984994 
0.00675831 -0.0143759 -0.00400985 0.00536337 -0.0143759 0.0794121 0.00536427 -0.0148384 -0.00400985 0.00536427 0.0128477 -0.0217302 0.00536337 -0.0148384 -0.0217302 0.0984904 
0.00673775 -0.0143209 -0.00399048 0.00526701 -0.0143209 0.0793466 0.00525674 -0.0146876 -0.00399048 0.00525674 0.0128632 -0.021767 0.00526701 -0.0146876 -0.021767 0.0985328 
0.00671359 -0.0142967 -0.00400647 0.00524837 -0.0142967 0.0792653 0.00523154 -0.0145785 -0.00400647 0.00523154 0.0128607 -0.0217733 0.00524837 -0.0145785 -0.0217733 0.0985478 
0.00672142 -0.0142523 -0.00403103 0.00526262 -0.0142523 0.0791502 0.00524762 -0.0145613 -0.00403103 0.00524762 0.0128268 -0.021784 0.00526262 -0.0145613 -0.021784 0.0985859 
0.00675234 -0.0142309 -0.00406148 0.0052735 -0.0142309 0.0790396 0.00526712 -0.0145671 -0.00406148 0.00526712 0.0127929 -0.0217755 0.0052735 -0.0145671 -0.0217755 0.0986333 
0.0067634 -0.0142668 -0.00406353 0.00530502 -0.0142668 0.0790508 0.00531274 -0.0146351 -0.00406353 0.00531274 0.0128111 -0.0217295 0.00530502 -0.0146351 -0.0217295 0.0985678 
0.00677367 -0.0143032 -0.00410127 0.0053233 -0.0143032 0.0791424 0.00533264 -0.0147213 -0.00410127 0.00533264 0.0127987 -0.0217224 0.0053233 -0.0147213 -0.0217224 0.0984812 
0.00675921 -0.0143237 -0.00409442 0.00537147 -0.0143237 0.0792214 0.00537863 -0.0148251 -0.00409442 0.00537863 0.0127945 -0.0217046 0.00537147 -0.0148251 -0.0217046 0.0984259 
0.00672186 -0.0143073 -0.00411693 0.00537447 -0.0143073 0.0792275 0.00537695 -0.0148816 -0.00411693 0.00537695 0.0127916 -0.0216929 0.00537447 -0.0148816 -0.0216929 0.0983793 
0.00669178 -0.014242 -0.00414633 0.00539782 -0.014242 0.0791018 0.00539393 -0.0149153 -0.00414633 0.00539393 0.0127827 -0.0217021 0.00539782 -0.0149153 -0.0217021 0.0983916 
0.00668857 -0.0141729 -0.00418795 0.00542639 -0.0141729 0.0788987 0.00542242 -0.0149677 -0.00418795 0.00542242 0.0127828 -0.0217126 0.00542639 -0.0149677 -0.0217126 0.0984434 
0.00669484 -0.0141602 -0.00421469 0.00548511 -0.0141602 0.0787767 0.00548531 -0.0151011 -0.00421469 0.00548531 0.0127936 -0.021704 0.00548511 -0.0151011 -0.021704 0.0984361 
0.00670655 -0.0141531 -0.00425976 0.00550709 -0.0141531 0.0787079 0.00550726 -0.0151803 -0.00425976 0.00550726 0.0128279 -0.0217425 0.00550709 -0.0151803 -0.0217425 0.098523 
0.00671571 -0.0141834 -0.00427547 0.00556545 -0.0141834 0.0787473 0.00556474 -0.0153038 -0.00427547 0.00556474 0.0128536 -0.021779 0.00556545 -0.0153038 -0.021779 0.0986117 
0.0067396 -0.0142016 -0.00427522 0.00557746 -0.0142016 0.0788121 0.00557414 -0.0153619 -0.00427522 0.00557414 0.012855 -0.021831 0.00557746 -0.0153619 -0.021831 0.0987612 
0.00675902 -0.0142337 -0.00425935 0.00555808 -0.0142337 0.0788974 0.00555652 -0.0153217 -0.00425935 0.00555652 0.0128728 -0.0218596 0.00555808 -0.0153217 -0.0218596 0.0989064 
0.00676343 -0.0142874 -0.00426788 0.00554565 -0.0142874 0.0790529 0.00554859 -0.015298 -0.00426788 0.00554859 0.012888 -0.021854 0.00554565 -0.015298 -0.021854 0.0989163 
0.00674207 -0.0143063 -0.00425304 0.00555338 -0.0143063 0.0791671 0.00555636 -0.0152947 -0.00425304 0.00555636 0.0129294 -0.0218697 0.00555338 -0.0152947 -0.0218697 0.0989357 
0.00672425 -0.0142885 -0.0042658 0.00554456 -0.0142885 0.0791908 0.00554055 -0.0152866 -0.0042658 0.00554055 0.0129586 -0.021913 0.00554456 -0.0152866 -0.021913 0.0990031 
0.00676791 -0.0142602 -0.00428611 0.00555319 -0.0142602 0.079141 0.0055429 -0.015274 -0.00428611 0.0055429 0.0129512 -0.0219676 0.00555319 -0.015274 -0.0219676 0.0991464 
0.00684352 -0.0143267 -0.00434266 0.00558853 -0.0143267 0.0792276 0.00558356 -0.0153503 -0.00434266 0.00558356 0.0128903 -0.0219425 0.00558853 -0.0153503 -0.0219425 0.0991465 
0.00686929 -0.0144368 -0.0043547 0.00565358 -0.0144368 0.0794672 0.00566256 -0.0155033 -0.0043547 0.00566256 0.0128655 -0.0218574 0.00565358 -0.0155033 -0.0218574 0.0989917 
0.00687419 -0.014482 -0.00435622 0.00566773 -0.014482 0.0796644 0.00568205 -0.0155996 -0.00435622 0.00568205 0.0128626 -0.021819 0.00566773 -0.0155996 -0.021819 0.0988472 
0.00688365 -0.0144951 -0.00438371 0.00567666 -0.0144951 0.0797594 0.00568666 -0.0156469 -0.00438371 0.00568666 0.0128369 -0.0218026 0.00567666 -0.0156469 -0.0218026 0.0987519 
0.00688792 -0.0145079 -0.00442204 0.00571811 -0.0145079 0.0798084 0.00572443 -0.0157308 -0.00442204 0.00572443 0.0127918 -0.0217614 0.00571811 -0.0157308 -0.0217614 0.0986445 
0.00685371 -0.0145018 -0.00442219 0.00576535 -0.0145018 0.0798057 0.00577266 -0.0158429 -0.00442219 0.00577266 0.0127822 -0.02171 0.00576535 -0.0158429 -0.02171 0.0985249 
0.00683307 -0.0144405 -0.00443437 0.00576562 -0.0144405 0.0796862 0.00576867 -0.0158825 -0.00443437 0.00576867 0.0127685 -0.0217086 0.00576562 -0.0158825 -0.0217086 0.0984861 
0.00679648 -0.0144072 -0.00444033 0.00579435 -0.0144072 0.0795589 0.0057941 -0.0159503 -0.00444033 0.0057941 0.0127534 -0.0216739 0.00579435 -0.0159503 -0.0216739 0.098402 
