0.00649609 0 -0.00346079 0 0 0.01 0 0 -0.00346079 0 0.0071257 0 0 0 0 0.01 
0.00900155 -0.0111672 -0.00478807 0.00589558 -0.0111672 0.0305866 0.00589558 -0.011304 -0.00478807 0.00589558 0.0102814 -0.0127578 0.00589558 -0.011304 -0.0127578 0.0336361 
0.00895154 -0.0166483 -0.00438019 0.00754387 -0.0166483 0.0622498 0.00754387 -0.0240417 -0.00438019 0.00754387 0.0102377 -0.0190894 0.00754387 -0.0240417 -0.0190894 0.0701404 
0.00859389 -0.0165754 -0.00388518 0.00580304 -0.0165754 0.0751193 0.00580024 -0.0213041 -0.00388518 0.00580024 0.00950763 -0.0185538 0.00580304 -0.0213041 -0.0185538 0.083205 
0.00866504 -0.0163946 -0.00390792 0.00497298 -0.0163946 0.0800573 0.00497748 -0.0164754 -0.00390792 0.00497748 0.00943045 -0.0178678 0.00497298 -0.0164754 -0.0178678 0.0867073 
0.00888036 -0.0165954 -0.00411807 0.00505544 -0.0165954 0.082903 0.00506324 -0.0146228 -0.00411807 0.00506324 0.0095256 -0.0176664 0.00505544 -0.0146228 -0.0176664 0.0876194 
0.0089404 -0.0166822 -0.00426781 0.00536119 -0.0166822 0.0840807 0.00536666 -0.0146188 -0.00426781 0.00536666 0.00966708 -0.0177335 0.00536119 -0.0146188 -0.0177335 0.0880498 
0.00890768 -0.0165975 -0.00431369 0.0055793 -0.0165975 0.0841965 0.00558059 -0.0151029 -0.00431369 0.00558059 0.00978489 -0.0178674 0.0055793 -0.0151029 -0.0178674 0.0883571 
0.00883247 -0.0165086 -0.00433263 0.00566098 -0.0165086 0.0839771 0.00565639 -0.0154672 -0.00433263 0.00565639 0.00990464 -0.0179687 0.00566098 -0.0154672 -0.0179687 0.0885557 
0.00877037 -0.0163258 -0.00433132 0.00567134 -0.0163258 0.0834508 0.00565597 -0.0155873 -0.00433132 0.00565597 0.00999277 -0.0181817 0.00567134 -0.0155873 -0.0181817 0.0890296 
0.00877915 -0.0163085 -0.00429738 0.00567668 -0.0163085 0.0832701 0.00566133 -0.0156331 -0.00429738 0.00566133 0.0100056 -0.0182596 0.00567668 -0.0156331 -0.0182596 0.0893234 
0.00876269 -0.0163304 -0.00430944 0.00562143 -0.0163304 0.0832644 0.00561547 -0.0155569 -0.00430944 0.00561547 0.0100318 -0.0182917 0.00562143 -0.0155569 -0.0182917 0.0895064 
0.00872933 -0.0163068 -0.00432897 0.0056171 -0.0163068 0.0832425 0.00561796 -0.0154899 -0.00432897 0.00561796 0.0100681 -0.0183431 0.0056171 -0.0154899 -0.0183431 0.0896762 
0.00875307 -0.0163507 -0.0043155 0.00565712 -0.0163507 0.0834165 0.00566196 -0.0155523 -0.0043155 0.00566196 0.0100481 -0.0183225 0.00565712 -0.0155523 -0.0183225 0.0896395 
0.00869027 -0.0163189 -0.0042634 0.00562925 -0.0163189 0.0833652 0.00563473 -0.01553 -0.0042634 0.00563473 0.010108 -0.0183568 0.00562925 -0.01553 -0.0183568 0.0897426 
0.00865893 -0.0162802 -0.00422745 0.0055727 -0.0162802 0.0833383 0.00556794 -0.01542 -0.00422745 0.00556794 0.0101263 -0.0183976 0.0055727 -0.01542 -0.0183976 0.0898075 
0.00866294 -0.0162422 -0.00416954 0.00552646 -0.0162422 0.0832653 0.00551113 -0.0152753 -0.00416954 0.00551113 0.0101022 -0.0184187 0.00552646 -0.0152753 -0.0184187 0.0898729 
0.00861587 -0.0162685 -0.00418196 0.00545976 -0.0162685 0.0833037 0.00544579 -0.0151183 -0.00418196 0.00544579 0.0101447 -0.0183619 0.00545976 -0.0151183 -0.0183619 0.0897767 
0.00861186 -0.0162166 -0.00421362 0.00547418 -0.0162166 0.0832548 0.00545615 -0.0150643 -0.00421362 0.00545615 0.0101547 -0.0183984 0.00547418 -0.0150643 -0.0183984 0.0897596 
0.00860707 -0.0161778 -0.00425997 0.00551156 -0.0161778 0.083112 0.00549423 -0.0151162 -0.00425997 0.00549423 0.0101658 -0.0184396 0.00551156 -0.0151162 -0.0184396 0.0898652 
0.00860232 -0.0161365 -0.00430497 0.00556094 -0.0161365 0.0829482 0.00555498 -0.0152276 -0.00430497 0.00555498 0.0101611 -0.0184872 0.00556094 -0.0152276 -0.0184872 0.0900203 
0.00862931 -0.0161947 -0.0043162 0.00563225 -0.0161947 0.0830619 0.00564114 -0.0154278 -0.0043162 0.00564114 0.0101322 -0.0184253 0.00563225 -0.0154278 -0.0184253 0.0899216 
0.00861028 -0.0162123 -0.00432609 0.00564512 -0.0162123 0.083124 0.00566185 -0.015544 -0.00432609 0.00566185 0.010151 -0.0184016 0.00564512 -0.015544 -0.0184016 0.0898438 
0.00857961 -0.0161772 -0.00432556 0.00565578 -0.0161772 0.0830813 0.00566633 -0.0155903 -0.00432556 0.00566633 0.010186 -0.0184318 0.00565578 -0.0155903 -0.0184318 0.0898668 
0.00856052 -0.0161825 -0.00436259 0.00566991 -0.0161825 0.0831172 0.00567061 -0.0156319 -0.00436259 0.00567061 0.0102239 -0.0184364 0.00566991 -0.0156319 -0.0184364 0.0898482 
0.00852421 -0.0161544 -0.00438608 0.00571603 -0.0161544 0.083082 0.00570687 -0.015704 -0.00438608 0.00570687 0.010274 -0.0184955 0.00571603 -0.015704 -0.0184955 0.0899476 
0.00851496 -0.0161146 -0.00439241 0.00575077 -0.0161146 0.0830106 0.00573288 -0.0157887 -0.00439241 0.00573288 0.0102999 -0.0185649 0.00575077 -0.0157887 -0.0185649 0.0901167 
0.00852296 -0.0160642 -0.00442451 0.00574785 -0.0160642 0.0828506 0.00572726 -0.0157996 -0.00442451 0.00572726 0.0102904 -0.0186429 0.00574785 -0.0157996 -0.0186429 0.0903679 
0.0085632 -0.016093 -0.00441629 0.00578264 -0.016093 0.0828591 0.00577405 -0.0158596 -0.00441629 0.00577405 0.010242 -0.0186208 0.00578264 -0.0158596 -0.0186208 0.0904267 
0.00861875 -0.016164 -0.00444887 0.00577402 -0.016164 0.0830145 0.00578021 -0.0159012 -0.00444887 0.00578021 0.0101922 -0.018541 0.00577402 -0.0159012 -0.018541 0.090288 
0.00862512 -0.0162193 -0.00449883 0.00580208 -0.0162193 0.0831526 0.00582141 -0.0159573 -0.00449883 0.00582141 0.0101857 -0.0184877 0.00580208 -0.0159573 -0.0184877 0.090145 
0.00862338 -0.0162311 -0.0045399 0.00586627 -0.0162311 0.0832315 0.00588878 -0.0160946 -0.0045399 0.00588878 0.010202 -0.0184768 0.00586627 -0.0160946 -0.0184768 0.0900665 
0.00859049 -0.0162054 -0.00457038 0.00591999 -0.0162054 0.0831852 0.00593849 -0.0162422 -0.00457038 0.00593849 0.010258 -0.0185197 0.00591999 -0.0162422 -0.0185197 0.0901346 
0.00856401 -0.0161828 -0.0045473 0.00596712 -0.0161828 0.0831497 0.00597612 -0.016374 -0.0045473 0.00597612 0.0102937 -0.0185831 0.00596712 -0.016374 -0.0185831 0.0902606 
0.00852203 -0.0161832 -0.00455971 0.00594946 -0.0161832 0.0831815 0.00594629 -0.0163929 -0.00455971 0.00594629 0.0103473 -0.0186122 0.00594946 -0.0163929 -0.0186122 0.0903511 
0.00846828 -0.016088 -0.00459349 0.00594895 -0.016088 0.0829928 0.00593293 -0.0163479 -0.00459349 0.00593293 0.0104007 -0.0187268 0.00594895 -0.0163479 -0.0187268 0.090622 
0.00849034 -0.0160682 -0.00462229 0.00600224 -0.0160682 0.0829405 0.00598233 -0.0164194 -0.00462229 0.00598233 0.0103845 -0.0187568 0.00600224 -0.0164194 -0.0187568 0.0907501 
0.00846427 -0.0160938 -0.00467341 0.00603751 -0.0160938 0.0829609 0.006026 -0.0165249 -0.00467341 0.006026 0.0104168 -0.0187413 0.00603751 -0.0165249 -0.0187413 0.0907783 
0.00843756 -0.0161033 -0.00471548 0.00610814 -0.0161033 0.0830508 0.00610058 -0.0166898 -0.00471548 0.00610058 0.0104576 -0.0187479 0.00610814 -0.0166898 -0.0187479 0.0907487 
0.00841577 -0.0160429 -0.00472754 0.00615971 -0.0160429 0.0829509 0.00614628 -0.016835 -0.00472754 0.00614628 0.0104985 -0.018828 0.00615971 -0.016835 -0.018828 0.0909051 
0.00838422 -0.0159676 -0.00472792 0.00616538 -0.0159676 0.0827199 0.00614706 -0.0168845 -0.00472792 0.00614706 0.0105342 -0.0189281 0.00616538 -0.0168845 -0.0189281 0.0911958 
0.00837869 -0.0159207 -0.00473937 0.00615884 -0.0159207 0.0825453 0.0061412 -0.016879 -0.00473937 0.0061412 0.0105349 -0.0189861 0.00615884 -0.016879 -0.0189861 0.0914232 
0.00840595 -0.0159175 -0.00475837 0.00616749 -0.0159175 0.0824803 0.00615876 -0.0168904 -0.00475837 0.00615876 0.0104874 -0.0189855 0.00616749 -0.0168904 -0.0189855 0.0915075 
0.00841489 -0.015944 -0.00476829 0.00618548 -0.015944 0.0824938 0.00619165 -0.0169392 -0.00476829 0.00619165 0.0104647 -0.0189284 0.00618548 -0.0169392 -0.0189284 0.091444 
0.00842537 -0.016013 -0.00477859 0.00621378 -0.016013 0.0826886 0.00622961 -0.0170387 -0.00477859 0.00622961 0.0104445 -0.0188374 0.00621378 -0.0170387 -0.0188374 0.0911901 
0.00841048 -0.0159866 -0.00478464 0.00622372 -0.0159866 0.0826771 0.00623543 -0.0170897 -0.00478464 0.00623543 0.0104471 -0.0188385 0.00622372 -0.0170897 -0.0188385 0.091111 
0.00841317 -0.0159694 -0.00475612 0.0062388 -0.0159694 0.0826338 0.0062448 -0.0171323 -0.00475612 0.0062448 0.0104395 -0.0188327 0.0062388 -0.0171323 -0.0188327 0.0910689 
0.00841041 -0.0159774 -0.00475348 0.00621122 -0.0159774 0.0826302 0.00621237 -0.0171123 -0.00475348 0.00621237 0.0104595 -0.0188123 0.00621122 -0.0171123 -0.0188123 0.0910093 
0.00834263 -0.0159421 -0.00478519 0.00619687 -0.0159421 0.0825322 0.00619273 -0.0170548 -0.00478519 0.00619273 0.0105479 -0.018865 0.00619687 -0.0170548 -0.018865 0.0910947 
0.00831533 -0.0158543 -0.00476292 0.00623324 -0.0158543 0.0823458 0.00622185 -0.0170775 -0.00476292 0.00622185 0.0105844 -0.0189881 0.00623324 -0.0170775 -0.0189881 0.0913457 
0.00825557 -0.0158304 -0.00477016 0.006212 -0.0158304 0.0822384 0.00619736 -0.0170663 -0.00477016 0.00619736 0.0106415 -0.0190395 0.006212 -0.0170663 -0.0190395 0.0915533 
0.00821625 -0.0157467 -0.00480607 0.00621181 -0.0157467 0.0820663 0.00619435 -0.0170337 -0.00480607 0.00619435 0.0106803 -0.0191248 0.00621181 -0.0170337 -0.0191248 0.0917801 
0.00821308 -0.0156945 -0.00482099 0.0062545 -0.0156945 0.0819057 0.00624078 -0.0170907 -0.00482099 0.00624078 0.0106771 -0.0191757 0.0062545 -0.0170907 -0.0191757 0.0919602 
0.00816275 -0.0156805 -0.00484219 0.00627201 -0.0156805 0.0818109 0.00626951 -0.0171659 -0.00484219 0.00626951 0.0107163 -0.0191796 0.00627201 -0.0171659 -0.0191796 0.0920425 
0.00812546 -0.0156437 -0.00486185 0.0063052 -0.0156437 0.0817615 0.00630666 -0.0172602 -0.00486185 0.00630666 0.0107431 -0.0192013 0.0063052 -0.0172602 -0.0192013 0.0920645 
0.00808359 -0.0155937 -0.00489487 0.00633495 -0.0155937 0.0816547 0.00633551 -0.0173515 -0.00489487 0.00633551 0.0107859 -0.019233 0.00633495 -0.0173515 -0.019233 0.0921233 
0.00806596 -0.0155597 -0.0048881 0.00638539 -0.0155597 0.081579 0.00638312 -0.0174751 -0.0048881 0.00638312 0.0107986 -0.0192669 0.00638539 -0.0174751 -0.0192669 0.092178 
0.00796704 -0.015534 -0.00488384 0.00638193 -0.015534 0.0815037 0.00637722 -0.0175275 -0.00488384 0.00637722 0.0108894 -0.0192875 0.00638193 -0.0175275 -0.0192875 0.0922397 
0.00790846 -0.0153908 -0.00485591 0.00637303 -0.0153908 0.0812297 0.006356 -0.0175065 -0.00485591 0.006356 0.0109339 -0.0194163 0.00637303 -0.0175065 -0.0194163 0.092479 
0.00792423 -0.015344 -0.00482584 0.00635376 -0.015344 0.0810614 0.00632948 -0.0174721 -0.00482584 0.00632948 0.0109086 -0.0194439 0.00635376 -0.0174721 -0.0194439 0.0926053 
0.00793501 -0.0153839 -0.0048297 0.00632141 -0.0153839 0.0810894 0.00630285 -0.017416 -0.0048297 0.00630285 0.0108989 -0.0193865 0.00632141 -0.017416 -0.0193865 0.0925281 
0.00796329 -0.0153985 -0.00483793 0.00631814 -0.0153985 0.0811375 0.00630737 -0.0173884 -0.00483793 0.00630737 0.0108753 -0.0193692 0.00631814 -0.0173884 -0.0193692 0.092444 
0.00798226 -0.015387 -0.00486227 0.0063121 -0.015387 0.0810771 0.00630878 -0.0173659 -0.00486227 0.00630878 0.0108566 -0.0193811 0.0063121 -0.0173659 -0.0193811 0.0924809 
0.00796446 -0.0154196 -0.00486728 0.00634091 -0.0154196 0.0811154 0.00634872 -0.0174157 -0.00486728 0.00634872 0.0108694 -0.0193513 0.00634091 -0.0174157 -0.0193513 0.0924415 
0.00790806 -0.0154281 -0.00485894 0.00635897 -0.0154281 0.0811902 0.00636784 -0.0174875 -0.00485894 0.00636784 0.010928 -0.0193401 0.00635897 -0.0174875 -0.0193401 0.0923699 
0.00783074 -0.0153531 -0.00484324 0.00635475 -0.0153531 0.0810924 0.00635007 -0.0174967 -0.00484324 0.00635007 0.0110199 -0.0194161 0.00635475 -0.0174967 -0.0194161 0.0924668 
0.00780021 -0.015194 -0.00479997 0.00632234 -0.015194 0.0807058 0.00629781 -0.0174044 -0.00479997 0.00629781 0.011049 -0.0195908 0.00632234 -0.0174044 -0.0195908 0.0928669 
0.00782971 -0.0152008 -0.00478536 0.00628215 -0.0152008 0.0806064 0.00625533 -0.0173093 -0.00478536 0.00625533 0.0110279 -0.0195943 0.00628215 -0.0173093 -0.0195943 0.0930149 
0.00787227 -0.0152614 -0.00473143 0.00625772 -0.0152614 0.0807131 0.0062431 -0.0172363 -0.00473143 0.0062431 0.0109654 -0.0195494 0.00625772 -0.0172363 -0.0195494 0.0929618 
0.00790495 -0.0153407 -0.00470399 0.00619221 -0.0153407 0.0809287 0.00618858 -0.0171224 -0.00470399 0.00618858 0.0109081 -0.0194489 0.00619221 -0.0171224 -0.0194489 0.0927479 
0.00788062 -0.0153148 -0.00468763 0.00613135 -0.0153148 0.0808986 0.00613101 -0.0169464 -0.00468763 0.00613101 0.0109089 -0.0194247 0.00613135 -0.0169464 -0.0194247 0.0926665 
0.00790541 -0.0152437 -0.00466493 0.00610474 -0.0152437 0.0807098 0.00610384 -0.0168281 -0.00466493 0.00610384 0.0108686 -0.0194425 0.00610474 -0.0168281 -0.0194425 0.0926817 
0.00789161 -0.015276 -0.00468394 0.0060846 -0.015276 0.0806701 0.00609303 -0.0167803 -0.00468394 0.00609303 0.0108777 -0.0193748 0.0060846 -0.0167803 -0.0193748 0.0925654 
0.00787105 -0.0152508 -0.00470313 0.00610487 -0.0152508 0.080615 0.00611971 -0.0168033 -0.00470313 0.00611971 0.0109044 -0.019384 0.00610487 -0.0168033 -0.019384 0.0925119 
0.00784852 -0.0152514 -0.00471228 0.00614444 -0.0152514 0.0806174 0.00615825 -0.0169006 -0.00471228 0.00615825 0.0109352 -0.0193932 0.00614444 -0.0169006 -0.0193932 0.0924836 
0.00777575 -0.0152358 -0.0047499 0.00616396 -0.0152358 0.0806137 0.00617228 -0.0169783 -0.0047499 0.00617228 0.0110092 -0.0194261 0.00616396 -0.0169783 -0.0194261 0.0925194 
0.00771876 -0.0151435 -0.00476715 0.00621289 -0.0151435 0.0804676 0.00620916 -0.0170671 -0.00476715 0.00620916 0.0110683 -0.0195268 0.00621289 -0.0170671 -0.0195268 0.0927077 
0.00774213 -0.0150974 -0.00476346 0.00625249 -0.0150974 0.0803571 0.00624095 -0.0171798 -0.00476346 0.00624095 0.0110526 -0.0195817 0.00625249 -0.0171798 -0.0195817 0.0928609 
0.00777608 -0.0151139 -0.00471358 0.00624255 -0.0151139 0.0803251 0.00623404 -0.0172078 -0.00471358 0.00623404 0.0110344 -0.0195773 0.00624255 -0.0172078 -0.0195773 0.0929325 
0.00778492 -0.0151482 -0.0046561 0.00616726 -0.0151482 0.0803727 0.00616678 -0.01709 -0.0046561 0.00616678 0.0110254 -0.0195678 0.00616726 -0.01709 -0.0195678 0.0929466 
0.00773668 -0.0151764 -0.00465184 0.00608722 -0.0151764 0.0804705 0.0060896 -0.0168949 -0.00465184 0.0060896 0.0110623 -0.019548 0.00608722 -0.0168949 -0.019548 0.0929082 
0.00769783 -0.0151381 -0.00465641 0.00608359 -0.0151381 0.0804812 0.00608042 -0.016797 -0.00465641 0.00608042 0.0110981 -0.0195733 0.00608359 -0.016797 -0.0195733 0.0929061 
0.00769192 -0.0150694 -0.00464448 0.00609136 -0.0150694 0.0803359 0.00608116 -0.0167772 -0.00464448 0.00608116 0.0110975 -0.0196324 0.00609136 -0.0167772 -0.0196324 0.0930249 
0.00767119 -0.0150743 -0.00464587 0.00608753 -0.0150743 0.0802928 0.00607917 -0.0167825 -0.00464587 0.00607917 0.011114 -0.0196167 0.00608753 -0.0167825 -0.0196167 0.0930364 
0.00768396 -0.01508 -0.00463957 0.00610027 -0.01508 0.0803354 0.00609336 -0.0168192 -0.00463957 0.00609336 0.0111017 -0.0196022 0.00610027 -0.0168192 -0.0196022 0.0929643 
0.00770579 -0.0150854 -0.00464329 0.00609208 -0.0150854 0.080344 0.0060847 -0.016822 -0.00464329 0.0060847 0.0110746 -0.019595 0.00609208 -0.016822 -0.019595 0.0929349 
0.00774049 -0.0151066 -0.0046275 0.00609118 -0.0151066 0.0803748 0.00608839 -0.0168178 -0.0046275 0.00608839 0.0110337 -0.0195656 0.00609118 -0.0168178 -0.0195656 0.0928828 
0.00772818 -0.0151491 -0.00461619 0.00607024 -0.0151491 0.0804549 0.00607371 -0.0167913 -0.00461619 0.00607371 0.0110354 -0.0195122 0.00607024 -0.0167913 -0.0195122 0.0927703 
0.00772849 -0.0151221 -0.00459204 0.0060512 -0.0151221 0.0804369 0.00605231 -0.0167403 -0.00459204 0.00605231 0.0110429 -0.0195188 0.0060512 -0.0167403 -0.0195188 0.0927345 
0.007741 -0.0150865 -0.00456773 0.00601226 -0.0150865 0.0803124 0.00600837 -0.0166429 -0.00456773 0.00600837 0.0110344 -0.0195582 0.00601226 -0.0166429 -0.0195582 0.0928244 
0.00779259 -0.0151155 -0.00458723 0.00598324 -0.0151155 0.0803225 0.0059819 -0.0165588 -0.00458723 0.0059819 0.0109904 -0.0195379 0.00598324 -0.0165588 -0.0195379 0.0928228 
0.00784385 -0.0151877 -0.00459825 0.00599869 -0.0151877 0.0804561 0.00601011 -0.0165546 -0.00459825 0.00601011 0.0109426 -0.0194808 0.00599869 -0.0165546 -0.0194808 0.0927224 
0.00783824 -0.015252 -0.00459851 0.00600635 -0.015252 0.0806251 0.00603004 -0.0165847 -0.00459851 0.00603004 0.0109494 -0.0194256 0.00600635 -0.0165847 -0.0194256 0.0925923 
0.00782725 -0.0153174 -0.00459405 0.00603164 -0.0153174 0.0808903 0.00605369 -0.0166627 -0.00459405 0.00605369 0.0109645 -0.0193677 0.00603164 -0.0166627 -0.0193677 0.0923672 
0.00784665 -0.0152846 -0.00460127 0.00602698 -0.0152846 0.0809176 0.00603198 -0.0166647 -0.00460127 0.00603198 0.0109423 -0.0194072 0.00602698 -0.0166647 -0.0194072 0.0923683 
0.00789009 -0.0152779 -0.00464279 0.00602967 -0.0152779 0.0808639 0.00602667 -0.0166428 -0.00464279 0.00602667 0.0108852 -0.0194101 0.00602967 -0.0166428 -0.0194101 0.0924284 
0.00786712 -0.0153074 -0.00466667 0.00606802 -0.0153074 0.0808628 0.00607734 -0.0166973 -0.00466667 0.00607734 0.0109034 -0.0193582 0.00606802 -0.0166973 -0.0193582 0.0923893 
0.00784876 -0.0153136 -0.00465363 0.00611524 -0.0153136 0.0809251 0.0061287 -0.0168311 -0.00465363 0.0061287 0.0109188 -0.0193402 0.00611524 -0.0168311 -0.0193402 0.0922782 
0.00785005 -0.0152624 -0.00463718 0.0061011 -0.0152624 0.0808262 0.00610516 -0.0168568 -0.00463718 0.00610516 0.0109332 -0.0193805 0.0061011 -0.0168568 -0.0193805 0.0923306 
0.00787647 -0.0152857 -0.00463324 0.00608827 -0.0152857 0.0808362 0.00608516 -0.016835 -0.00463324 0.00608516 0.010911 -0.0193791 0.00608827 -0.016835 -0.0193791 0.0923345 
0.0078442 -0.0153322 -0.00463986 0.0060801 -0.0153322 0.0809401 0.00607881 -0.0168086 -0.00463986 0.00607881 0.010935 -0.019346 0.0060801 -0.0168086 -0.019346 0.0922771 
0.00777718 -0.0152591 -0.00466177 0.00607678 -0.0152591 0.0808355 0.00607037 -0.0167715 -0.00466177 0.00607037 0.0109935 -0.0194101 0.00607678 -0.0167715 -0.0194101 0.0923886 
0.0077019 -0.0151536 -0.0046948 0.00610509 -0.0151536 0.0805863 0.00609019 -0.0167921 -0.0046948 0.00609019 0.0110631 -0.0194982 0.00610509 -0.0167921 -0.0194982 0.0926029 
0.00764067 -0.0150573 -0.00471838 0.0061563 -0.0150573 0.0803204 0.00613584 -0.016892 -0.00471838 0.00613584 0.0111204 -0.0195825 0.0061563 -0.016892 -0.0195825 0.0928237 
0.00761847 -0.0149579 -0.00475125 0.00618552 -0.0149579 0.0800234 0.00616439 -0.016986 -0.00475125 0.00616439 0.0111565 -0.0196715 0.00618552 -0.016986 -0.0196715 0.0930763 
0.00761999 -0.014939 -0.00477404 0.00622966 -0.014939 0.0798824 0.006216 -0.017105 -0.00477404 0.006216 0.0111654 -0.0197091 0.00622966 -0.017105 -0.0197091 0.0932259 
0.0076261 -0.0149578 -0.00477351 0.00625732 -0.0149578 0.0798898 0.00625479 -0.0172157 -0.00477351 0.00625479 0.0111745 -0.0197125 0.00625732 -0.0172157 -0.0197125 0.0932748 
0.00765148 -0.0150149 -0.00478635 0.00626706 -0.0150149 0.0800555 0.00627021 -0.0172939 -0.00478635 0.00627021 0.0111608 -0.0196865 0.00626706 -0.0172939 -0.0196865 0.0932026 
0.00766564 -0.0150798 -0.00480275 0.00628604 -0.0150798 0.0802733 0.0062904 -0.0173516 -0.00480275 0.0062904 0.0111455 -0.0196487 0.00628604 -0.0173516 -0.0196487 0.0930891 
0.00761096 -0.0150566 -0.00484553 0.00628875 -0.0150566 0.0802801 0.00629032 -0.0173513 -0.00484553 0.00629032 0.0112034 -0.0196749 0.00628875 -0.0173513 -0.0196749 0.0931402 
0.00756656 -0.0150013 -0.00489573 0.00634927 -0.0150013 0.0802038 0.00634383 -0.0174427 -0.00489573 0.00634383 0.0112421 -0.0197363 0.00634927 -0.0174427 -0.0197363 0.0932478 
0.00759603 -0.0149393 -0.0049363 0.00642059 -0.0149393 0.0800584 0.00640892 -0.0176025 -0.0049363 0.00640892 0.0112076 -0.019791 0.00642059 -0.0176025 -0.019791 0.0933984 
0.00763707 -0.0149486 -0.00494745 0.00646532 -0.0149486 0.0799723 0.00646215 -0.0177477 -0.00494745 0.00646215 0.011166 -0.0197705 0.00646532 -0.0177477 -0.0197705 0.093459 
0.00763665 -0.0149826 -0.00495292 0.00646993 -0.0149826 0.0799831 0.00648044 -0.0178214 -0.00495292 0.00648044 0.0111924 -0.0197303 0.00646993 -0.0178214 -0.0197303 0.0934153 
0.00764967 -0.0150076 -0.00492928 0.00647963 -0.0150076 0.0800662 0.00649244 -0.0178677 -0.00492928 0.00649244 0.0112046 -0.0197416 0.00647963 -0.0178677 -0.0197416 0.093378 
0.00768876 -0.015046 -0.0048925 0.00645168 -0.015046 0.0801849 0.00645934 -0.0178373 -0.0048925 0.00645934 0.0111812 -0.0197524 0.00645168 -0.0178373 -0.0197524 0.0933866 
0.00770146 -0.0151455 -0.00487924 0.00641168 -0.0151455 0.0804554 0.00641602 -0.0177523 -0.00487924 0.00641602 0.011176 -0.0196941 0.00641168 -0.0177523 -0.0196941 0.0932721 
0.00767312 -0.0151741 -0.00490539 0.0063889 -0.0151741 0.0806389 0.00638776 -0.0176558 -0.00490539 0.00638776 0.0111934 -0.0196879 0.0063889 -0.0176558 -0.0196879 0.0932111 
0.00767407 -0.0150764 -0.00491328 0.00640066 -0.0150764 0.0804787 0.00639045 -0.0175981 -0.00491328 0.00639045 0.0111691 -0.0197697 0.00640066 -0.0175981 -0.0197697 0.0933961 
0.00769868 -0.0150347 -0.00493453 0.00640579 -0.0150347 0.0802753 0.00639927 -0.0175929 -0.00493453 0.00639927 0.0111283 -0.0197697 0.00640579 -0.0175929 -0.0197697 0.0935201 
0.00770901 -0.0150706 -0.00493711 0.0064362 -0.0150706 0.0802615 0.00644562 -0.0176676 -0.00493711 0.00644562 0.0111074 -0.0196973 0.0064362 -0.0176676 -0.0196973 0.0934139 
0.00770558 -0.0151299 -0.00494868 0.00645909 -0.0151299 0.0804159 0.00647751 -0.0177782 -0.00494868 0.00647751 0.0111192 -0.0196163 0.00645909 -0.0177782 -0.0196163 0.0931615 
0.00764199 -0.0151038 -0.00495218 0.00647121 -0.0151038 0.0804091 0.00648252 -0.0178293 -0.00495218 0.00648252 0.0111871 -0.0196458 0.00647121 -0.0178293 -0.0196458 0.0931191 
0.0075678 -0.0150039 -0.00496148 0.00647586 -0.0150039 0.0802127 0.0064704 -0.0178344 -0.00496148 0.0064704 0.0112615 -0.019754 0.00647586 -0.0178344 -0.019754 0.093316 
0.00749878 -0.0148715 -0.0049439 0.00647994 -0.0148715 0.0798619 0.0064623 -0.017814 -0.0049439 0.0064623 0.0113392 -0.0198884 0.00647994 -0.017814 -0.0198884 0.0936717 
0.0074336 -0.0147952 -0.00495469 0.00646506 -0.0147952 0.0796095 0.00644353 -0.0177885 -0.00495469 0.00644353 0.0114223 -0.0199786 0.00646506 -0.0177885 -0.0199786 0.0939527 
0.0073902 -0.014749 -0.00494754 0.00648569 -0.014749 0.0794874 0.00646359 -0.0178123 -0.00494754 0.00646359 0.011476 -0.0200565 0.00648569 -0.0178123 -0.0200565 0.094154 
0.00736384 -0.0147063 -0.00494108 0.00647821 -0.0147063 0.0793911 0.00645616 -0.0178169 -0.00494108 0.00645616 0.0115047 -0.0201267 0.00647821 -0.0178169 -0.0201267 0.0943509 
0.00738748 -0.0146588 -0.00493231 0.00645785 -0.0146588 0.0792659 0.00643854 -0.0177697 -0.00493231 0.00643854 0.0114666 -0.0201837 0.00645785 -0.0177697 -0.0201837 0.0945449 
0.00740423 -0.0147169 -0.0049042 0.00645148 -0.0147169 0.0793473 0.00644542 -0.0177602 -0.0049042 0.00644542 0.0114372 -0.0201084 0.00645148 -0.0177602 -0.0201084 0.0944709 
0.00739504 -0.0147193 -0.00488152 0.00640503 -0.0147193 0.0793802 0.0064087 -0.0176873 -0.00488152 0.0064087 0.0114432 -0.0200802 0.00640503 -0.0176873 -0.0200802 0.0943832 
0.00734351 -0.0146916 -0.00486797 0.00636981 -0.0146916 0.0793228 0.0063734 -0.0175894 -0.00486797 0.0063734 0.0114982 -0.0200965 0.00636981 -0.0175894 -0.0200965 0.094381 
0.00736105 -0.0146441 -0.00487865 0.00636186 -0.0146441 0.0792397 0.00635986 -0.0175433 -0.00487865 0.00635986 0.0114895 -0.020146 0.00636186 -0.0175433 -0.020146 0.0944394 
0.00738355 -0.0147164 -0.00489221 0.00639609 -0.0147164 0.0793711 0.0063966 -0.0176102 -0.00489221 0.0063966 0.0114631 -0.0200893 0.00639609 -0.0176102 -0.0200893 0.094329 
0.00743951 -0.0147298 -0.00488156 0.00640514 -0.0147298 0.079447 0.00640913 -0.0176523 -0.00488156 0.00640913 0.0114006 -0.0200739 0.00640514 -0.0176523 -0.0200739 0.094271 
0.00748184 -0.0147671 -0.00485883 0.00637694 -0.0147671 0.079494 0.00638844 -0.0176152 -0.00485883 0.00638844 0.0113507 -0.0200269 0.00637694 -0.0176152 -0.0200269 0.094213 
0.00749496 -0.0148248 -0.00483392 0.00634401 -0.0148248 0.0796185 0.00636492 -0.0175518 -0.00483392 0.00636492 0.0113306 -0.0199556 0.00634401 -0.0175518 -0.0199556 0.0940545 
0.00745717 -0.0148631 -0.00480327 0.00631929 -0.0148631 0.0797615 0.00634112 -0.0174962 -0.00480327 0.00634112 0.0113595 -0.0199025 0.00631929 -0.0174962 -0.0199025 0.0938657 
0.00743075 -0.0148384 -0.00478226 0.00629714 -0.0148384 0.0798017 0.00630604 -0.0174405 -0.00478226 0.00630604 0.0113883 -0.0199102 0.00629714 -0.0174405 -0.0199102 0.09377 
0.00737207 -0.0147501 -0.00474192 0.0062591 -0.0147501 0.0795954 0.00625191 -0.0173209 -0.00474192 0.00625191 0.0114508 -0.0199973 0.0062591 -0.0173209 -0.0199973 0.0939417 
0.00732995 -0.0146866 -0.0047058 0.0062184 -0.0146866 0.0794167 0.0062002 -0.0172054 -0.0047058 0.0062002 0.0114923 -0.0200668 0.0062184 -0.0172054 -0.0200668 0.0941172 
0.00732826 -0.0146354 -0.00469728 0.00617359 -0.0146354 0.0792657 0.00615137 -0.0170812 -0.00469728 0.00615137 0.0114924 -0.0201187 0.00617359 -0.0170812 -0.0201187 0.0942737 
0.00732479 -0.0146425 -0.00470215 0.00616286 -0.0146425 0.0792283 0.00614716 -0.0170196 -0.00470215 0.00614716 0.0115116 -0.0201098 0.00616286 -0.0170196 -0.0201098 0.0943098 
0.00730507 -0.0146379 -0.00471115 0.00616268 -0.0146379 0.0792167 0.00615461 -0.017006 -0.00471115 0.00615461 0.0115518 -0.0201362 0.00616268 -0.017006 -0.0201362 0.0943549 
0.00725954 -0.0146391 -0.00470737 0.00618075 -0.0146391 0.0792461 0.00617391 -0.0170425 -0.00470737 0.00617391 0.0116068 -0.0201708 0.00618075 -0.0170425 -0.0201708 0.0944126 
0.00723817 -0.0145988 -0.00472083 0.00618332 -0.0145988 0.07922 0.00617009 -0.0170612 -0.00472083 0.00617009 0.0116119 -0.0202345 0.00618332 -0.0170612 -0.0202345 0.0945368 
0.00724414 -0.0145781 -0.00472518 0.0062039 -0.0145781 0.0791781 0.00618812 -0.0170953 -0.00472518 0.00618812 0.011579 -0.0202389 0.0062039 -0.0170953 -0.0202389 0.0946032 
0.00727545 -0.0145505 -0.00470147 0.00619845 -0.0145505 0.0790773 0.00618856 -0.0170967 -0.00470147 0.00618856 0.0115262 -0.0202219 0.00619845 -0.0170967 -0.0202219 0.0946268 
0.00733749 -0.0145976 -0.00468702 0.00617528 -0.0145976 0.0791154 0.00617663 -0.0170874 -0.00468702 0.00617663 0.0114609 -0.0201304 0.00617528 -0.0170874 -0.0201304 0.0944498 
0.00738323 -0.0146665 -0.00467015 0.00615029 -0.0146665 0.0792346 0.00616298 -0.0170482 -0.00467015 0.00616298 0.0114115 -0.0200427 0.00615029 -0.0170482 -0.0200427 0.0942185 
