0.0106122 0 0.0019802 0 0 0.01 0 0 0.0019802 0 0.00394958 0 0 0 0 0.01 
0.0150424 -0.0186245 0.00242771 -0.00296808 -0.0186245 0.0448852 -0.00296808 0.0056908 0.00242771 -0.00296808 0.00551905 -0.00691262 -0.00296808 0.0056908 -0.00691262 0.0224288 
0.0147734 -0.0266858 0.00201142 -0.00325826 -0.0266858 0.094381 -0.00325826 0.0102254 0.00201142 -0.00325826 0.00577422 -0.0119389 -0.00325826 0.0102254 -0.0119389 0.047472 
0.0137754 -0.0246836 0.00178507 -0.00216933 -0.0246836 0.105441 -0.00219575 0.00716599 0.00178507 -0.00219575 0.0055397 -0.0132064 -0.00216933 0.00716599 -0.0132064 0.0645816 
0.0138208 -0.0233805 0.00183118 -0.00188036 -0.0233805 0.104492 -0.00193057 0.00481921 0.00183118 -0.00193057 0.00534367 -0.0129542 -0.00188036 0.00481921 -0.0129542 0.0713833 
0.014056 -0.0234265 0.00201451 -0.00209666 -0.0234265 0.103983 -0.00214912 0.00479402 0.00201451 -0.00214912 0.00541447 -0.0125928 -0.00209666 0.00479402 -0.0125928 0.0733475 
0.0141948 -0.023671 0.002103 -0.0023608 -0.023671 0.104342 -0.00239225 0.00543481 0.002103 -0.00239225 0.00555409 -0.0125189 -0.0023608 0.00543481 -0.0125189 0.0737706 
0.0142298 -0.0237931 0.00207372 -0.00242598 -0.0237931 0.104668 -0.00243134 0.00577707 0.00207372 -0.00243134 0.00563997 -0.0125852 -0.00242598 0.00577707 -0.0125852 0.0739157 
0.0141907 -0.0238081 0.0020797 -0.00239192 -0.0238081 0.104765 -0.00238573 0.00582787 0.0020797 -0.00238573 0.00573181 -0.0126867 -0.00239192 0.00582787 -0.0126867 0.0741554 
0.0142653 -0.0237537 0.00204397 -0.00241958 -0.0237537 0.104687 -0.00240459 0.00587032 0.00204397 -0.00240459 0.0057161 -0.0128308 -0.00241958 0.00587032 -0.0128308 0.0745281 
0.0143569 -0.0238494 0.00197771 -0.00233869 -0.0238494 0.104792 -0.00232485 0.00571528 0.00197771 -0.00232485 0.00563856 -0.01281 -0.00233869 0.00571528 -0.01281 0.0746363 
0.0144644 -0.0239708 0.00189584 -0.00227099 -0.0239708 0.105065 -0.00226556 0.00555779 0.00189584 -0.00226556 0.0055212 -0.0127346 -0.00227099 0.00555779 -0.0127346 0.0745703 
0.0145595 -0.0241077 0.00181031 -0.00216717 -0.0241077 0.105405 -0.00217486 0.00534402 0.00181031 -0.00217486 0.00541419 -0.0125943 -0.00216717 0.00534402 -0.0125943 0.0743153 
0.0145886 -0.0242241 0.00179498 -0.00207541 -0.0242241 0.105727 -0.00209483 0.00514179 0.00179498 -0.00209483 0.00540058 -0.0124697 -0.00207541 0.00514179 -0.0124697 0.0740222 
0.0145885 -0.0242643 0.00178115 -0.00202411 -0.0242643 0.105924 -0.00204196 0.00494124 0.00178115 -0.00204196 0.00538783 -0.0124274 -0.00202411 0.00494124 -0.0124274 0.0737923 
0.0145742 -0.0242563 0.00181445 -0.00205521 -0.0242563 0.105966 -0.0020656 0.00496901 0.00181445 -0.0020656 0.00540895 -0.0124458 -0.00205521 0.00496901 -0.0124458 0.0738088 
0.0145699 -0.0242359 0.00184228 -0.00211186 -0.0242359 0.105937 -0.00211325 0.00508298 0.00184228 -0.00211325 0.00544506 -0.0124826 -0.00211186 0.00508298 -0.0124826 0.0739035 
0.0145974 -0.0242314 0.00182591 -0.00214007 -0.0242314 0.105914 -0.0021357 0.00516556 0.00182591 -0.0021357 0.00543187 -0.0125276 -0.00214007 0.00516556 -0.0125276 0.0740116 
0.0146114 -0.0242659 0.00181807 -0.00211089 -0.0242659 0.105963 -0.00210931 0.00514418 0.00181807 -0.00210931 0.00543011 -0.0125158 -0.00211089 0.00514418 -0.0125158 0.0740437 
0.0146085 -0.0242895 0.00183168 -0.00207491 -0.0242895 0.106034 -0.002076 0.00504342 0.00183168 -0.002076 0.00540634 -0.0124993 -0.00207491 0.00504342 -0.0124993 0.0739958 
0.0146017 -0.0242871 0.00184397 -0.00208285 -0.0242871 0.10606 -0.0020809 0.00499845 0.00184397 -0.0020809 0.00534621 -0.0124585 -0.00208285 0.00499845 -0.0124585 0.0738961 
0.01462 -0.0242759 0.00181745 -0.00211432 -0.0242759 0.106044 -0.00210935 0.00505328 0.00181745 -0.00210935 0.00530174 -0.0123743 -0.00211432 0.00505328 -0.0123743 0.0737148 
0.0146458 -0.0242947 0.00177076 -0.00208262 -0.0242947 0.106059 -0.00208155 0.0050394 0.00177076 -0.00208155 0.00527343 -0.0122958 -0.00208262 0.0050394 -0.0122958 0.0734689 
0.0146622 -0.024324 0.00174805 -0.00203485 -0.024324 0.106113 -0.00204072 0.00497275 0.00174805 -0.00204072 0.00527253 -0.0122618 -0.00203485 0.00497275 -0.0122618 0.0733159 
0.0147498 -0.0243447 0.00167285 -0.00200842 -0.0243447 0.10617 -0.00201654 0.00490206 0.00167285 -0.00201654 0.00521878 -0.012269 -0.00200842 0.00490206 -0.012269 0.0732832 
0.0148165 -0.0244541 0.00160237 -0.0018866 -0.0244541 0.106362 -0.00189935 0.00465771 0.00160237 -0.00189935 0.00512815 -0.012197 -0.0018866 0.00465771 -0.012197 0.0731491 
0.0148767 -0.0245389 0.00156108 -0.0018244 -0.0245389 0.106594 -0.00184081 0.0044827 0.00156108 -0.00184081 0.00506075 -0.0121086 -0.0018244 0.0044827 -0.0121086 0.0729949 
0.0148972 -0.0246118 0.0015625 -0.00180476 -0.0246118 0.106799 -0.00182086 0.00442403 0.0015625 -0.00182086 0.00507293 -0.0120417 -0.00180476 0.00442403 -0.0120417 0.0728577 
0.0148583 -0.0246417 0.00158854 -0.00178379 -0.0246417 0.106931 -0.00179407 0.00433959 0.00158854 -0.00179407 0.0051302 -0.0120391 -0.00178379 0.00433959 -0.0120391 0.0727623 
0.0147743 -0.0245969 0.00162749 -0.00179843 -0.0245969 0.106909 -0.00180041 0.00430477 0.00162749 -0.00180041 0.00522501 -0.0121037 -0.00179843 0.00430477 -0.0121037 0.0728261 
0.0147198 -0.0244869 0.00168507 -0.00188242 -0.0244869 0.106709 -0.00187493 0.00445975 0.00168507 -0.00187493 0.0052848 -0.0122538 -0.00188242 0.00445975 -0.0122538 0.0731591 
0.0146814 -0.0244121 0.00176333 -0.00197565 -0.0244121 0.106488 -0.00196322 0.00469296 0.00176333 -0.00196322 0.00533234 -0.0123575 -0.00197565 0.00469296 -0.0123575 0.0735223 
0.0146656 -0.0243669 0.0018317 -0.00205898 -0.0243669 0.106334 -0.00204243 0.0048945 0.0018317 -0.00204243 0.00533816 -0.0124099 -0.00205898 0.0048945 -0.0124099 0.0737315 
0.0146512 -0.0243509 0.00185086 -0.002134 -0.0243509 0.106257 -0.00211347 0.0050771 0.00185086 -0.00211347 0.00534259 -0.0124018 -0.002134 0.0050771 -0.0124018 0.0737714 
0.0146325 -0.024335 0.00185712 -0.00216951 -0.024335 0.106212 -0.00215136 0.00522492 0.00185712 -0.00215136 0.00536502 -0.0124018 -0.00216951 0.00522492 -0.0124018 0.0737675 
0.0146263 -0.0243136 0.0018523 -0.00215782 -0.0243136 0.106163 -0.00214743 0.00524797 0.0018523 -0.00214743 0.00537799 -0.0124154 -0.00215782 0.00524797 -0.0124154 0.0737569 
0.014633 -0.024307 0.00182716 -0.00212106 -0.024307 0.106132 -0.00211778 0.00516494 0.00182716 -0.00211778 0.00535843 -0.0124122 -0.00212106 0.00516494 -0.0124122 0.0737166 
0.0146094 -0.0243143 0.00182675 -0.00209124 -0.0243143 0.10613 -0.0020923 0.00508772 0.00182675 -0.0020923 0.00540045 -0.01239 -0.00209124 0.00508772 -0.01239 0.0736678 
0.014612 -0.0242914 0.00177519 -0.00205427 -0.0242914 0.106103 -0.00205435 0.00495628 0.00177519 -0.00205435 0.00538375 -0.0124135 -0.00205427 0.00495628 -0.0124135 0.0736253 
0.0146186 -0.0242887 0.00173263 -0.00201029 -0.0242887 0.106077 -0.00201303 0.0048631 0.00173263 -0.00201303 0.00533753 -0.0124137 -0.00201029 0.0048631 -0.0124137 0.0736546 
0.0146443 -0.0242924 0.00172013 -0.0019833 -0.0242924 0.106069 -0.001992 0.00481713 0.00172013 -0.001992 0.00529514 -0.0123783 -0.0019833 0.00481713 -0.0123783 0.0736514 
0.0147334 -0.0243208 0.00166054 -0.0019791 -0.0243208 0.106109 -0.00198962 0.00480494 0.00166054 -0.00198962 0.00518867 -0.0123283 -0.0019791 0.00480494 -0.0123283 0.0735726 
0.0147401 -0.0244277 0.00167989 -0.00191831 -0.0244277 0.106294 -0.00193398 0.00473203 0.00167989 -0.00193398 0.00519236 -0.0122002 -0.00191831 0.00473203 -0.0122002 0.0733468 
0.0147342 -0.024446 0.0016921 -0.00193271 -0.024446 0.106427 -0.00194259 0.00469554 0.0016921 -0.00194259 0.00518252 -0.012186 -0.00193271 0.00469554 -0.012186 0.0731896 
0.0147404 -0.024438 0.00168233 -0.00194369 -0.024438 0.106451 -0.00194641 0.00469849 0.00168233 -0.00194641 0.00515225 -0.0121676 -0.00194369 0.00469849 -0.0121676 0.0731073 
0.0147016 -0.0244452 0.00167421 -0.00190646 -0.0244452 0.106462 -0.00190762 0.00461207 0.00167421 -0.00190762 0.00514978 -0.0121023 -0.00190646 0.00461207 -0.0121023 0.0729295 
0.0146434 -0.0243928 0.00172712 -0.00193154 -0.0243928 0.106382 -0.00193344 0.00465591 0.00172712 -0.00193344 0.00516433 -0.0121085 -0.00193154 0.00465591 -0.0121085 0.0728843 
0.0146623 -0.0243203 0.00166319 -0.0019632 -0.0243203 0.106224 -0.00196033 0.00468196 0.00166319 -0.00196033 0.00508145 -0.0120919 -0.0019632 0.00468196 -0.0120919 0.0727909 
0.0146844 -0.0243339 0.00160927 -0.0018869 -0.0243339 0.106162 -0.00189081 0.00459375 0.00160927 -0.00189081 0.00500957 -0.011972 -0.0018869 0.00459375 -0.011972 0.0725416 
0.0146718 -0.0243592 0.00156849 -0.00182507 -0.0243592 0.106191 -0.00183841 0.00445976 0.00156849 -0.00183841 0.00500897 -0.0118641 -0.00182507 0.00445976 -0.0118641 0.0722271 
0.0146547 -0.02434 0.00158435 -0.00180546 -0.02434 0.106173 -0.00182245 0.00441639 0.00158435 -0.00182245 0.00504791 -0.0118671 -0.00180546 0.00441639 -0.0118671 0.072113 
0.0145929 -0.0243152 0.00165992 -0.00184485 -0.0243152 0.106114 -0.00185576 0.00447549 0.00165992 -0.00185576 0.00512044 -0.0119329 -0.00184485 0.00447549 -0.0119329 0.0722141 
0.0145095 -0.0242409 0.00174808 -0.00194193 -0.0242409 0.105976 -0.00193878 0.00464391 0.00174808 -0.00193878 0.00520852 -0.0120344 -0.00194193 0.00464391 -0.0120344 0.072444 
0.0144449 -0.024137 0.00180021 -0.00206324 -0.024137 0.105747 -0.00204598 0.00490889 0.00180021 -0.00204598 0.00527412 -0.0121526 -0.00206324 0.00490889 -0.0121526 0.0727489 
0.0144381 -0.0240515 0.00180965 -0.00214739 -0.0240515 0.105509 -0.00212589 0.0051719 0.00180965 -0.00212589 0.00531236 -0.0122474 -0.00214739 0.0051719 -0.0122474 0.0730508 
0.014422 -0.0240468 0.00177994 -0.00209452 -0.0240468 0.10541 -0.00208318 0.00512645 0.00177994 -0.00208318 0.00530922 -0.012264 -0.00209452 0.00512645 -0.012264 0.0731334 
0.0144036 -0.0240302 0.0017672 -0.00205359 -0.0240302 0.105362 -0.00205231 0.0050331 0.0017672 -0.00205231 0.0053343 -0.0122619 -0.00205359 0.0050331 -0.0122619 0.0731573 
0.014414 -0.0240039 0.00176072 -0.00204497 -0.0240039 0.105299 -0.00204868 0.00499389 0.00176072 -0.00204868 0.00532427 -0.0122979 -0.00204497 0.00499389 -0.0122979 0.0732238 
0.0144749 -0.0240139 0.00175208 -0.00204507 -0.0240139 0.105283 -0.00205016 0.0049905 0.00175208 -0.00205016 0.00527715 -0.0122965 -0.00204507 0.0049905 -0.0122965 0.0732689 
0.0144925 -0.0240918 0.00178416 -0.00203009 -0.0240918 0.105405 -0.00203485 0.00496061 0.00178416 -0.00203485 0.00525311 -0.0122368 -0.00203009 0.00496061 -0.0122368 0.0731848 
0.0144998 -0.0241286 0.00176743 -0.00201997 -0.0241286 0.105544 -0.00201747 0.00485981 0.00176743 -0.00201747 0.00520027 -0.0121655 -0.00201997 0.00485981 -0.0121655 0.072961 
0.0145528 -0.0241398 0.00166634 -0.00198816 -0.0241398 0.105613 -0.00198071 0.00476245 0.00166634 -0.00198071 0.00506776 -0.0120733 -0.00198816 0.00476245 -0.0120733 0.0726861 
0.0146015 -0.0241896 0.00162166 -0.00194209 -0.0241896 0.105696 -0.00194569 0.00476009 0.00162166 -0.00194569 0.00500141 -0.0119371 -0.00194209 0.00476009 -0.0119371 0.0724199 
0.0145799 -0.0242489 0.00162634 -0.00186687 -0.0242489 0.105829 -0.00188345 0.00462298 0.00162634 -0.00188345 0.00502196 -0.0118284 -0.00186687 0.00462298 -0.0118284 0.0720814 
0.0145748 -0.0242258 0.00163332 -0.00186807 -0.0242258 0.105852 -0.00188203 0.0045577 0.00163332 -0.00188203 0.00503167 -0.0118415 -0.00186807 0.0045577 -0.0118415 0.0719502 
0.0146218 -0.0242146 0.00160595 -0.00188324 -0.0242146 0.10582 -0.00188792 0.00456435 0.00160595 -0.00188792 0.00498521 -0.0118608 -0.00188324 0.00456435 -0.0118608 0.0719597 
0.0146422 -0.0242696 0.00160032 -0.00186416 -0.0242696 0.10589 -0.00186608 0.00455486 0.00160032 -0.00186608 0.0049562 -0.0118142 -0.00186416 0.00455486 -0.0118142 0.0719162 
0.0146398 -0.0243008 0.00160748 -0.00185611 -0.0243008 0.105988 -0.00185826 0.00453051 0.00160748 -0.00185826 0.00496338 -0.0117749 -0.00185611 0.00453051 -0.0117749 0.071821 
0.014646 -0.0243019 0.00158975 -0.00184891 -0.0243019 0.106031 -0.00184734 0.0044881 0.00158975 -0.00184734 0.0049445 -0.0117683 -0.00184891 0.0044881 -0.0117683 0.0717476 
0.0146719 -0.024303 0.00156472 -0.001862 -0.024303 0.106038 -0.00186019 0.00453748 0.00156472 -0.00186019 0.00492292 -0.0117659 -0.001862 0.00453748 -0.0117659 0.0717599 
0.014709 -0.0243328 0.00154467 -0.00184112 -0.0243328 0.106084 -0.00184402 0.00454366 0.00154467 -0.00184402 0.00489084 -0.0117475 -0.00184112 0.00454366 -0.0117475 0.0717509 
0.0147111 -0.024378 0.00157529 -0.00183124 -0.024378 0.106178 -0.00183952 0.00454922 0.00157529 -0.00183952 0.0049254 -0.0117225 -0.00183124 0.00454922 -0.0117225 0.0717304 
0.0146826 -0.0243852 0.00163423 -0.00186571 -0.0243852 0.106239 -0.00187073 0.00459466 0.00163423 -0.00187073 0.00499573 -0.011768 -0.00186571 0.00459466 -0.011768 0.0717923 
0.0146833 -0.0243589 0.00159817 -0.00187922 -0.0243589 0.106223 -0.00187386 0.00455732 0.00159817 -0.00187386 0.00499316 -0.0118313 -0.00187922 0.00455732 -0.0118313 0.0718796 
0.0146549 -0.0243557 0.0015729 -0.00184908 -0.0243557 0.1062 -0.00184308 0.00451921 0.0015729 -0.00184308 0.00502679 -0.0118452 -0.00184908 0.00451921 -0.0118452 0.0719759 
0.0146267 -0.0243208 0.00158351 -0.00181056 -0.0243208 0.106142 -0.00181199 0.00443499 0.00158351 -0.00181199 0.00505334 -0.0118891 -0.00181056 0.00443499 -0.0118891 0.0720749 
0.0145536 -0.0242776 0.00169864 -0.0018779 -0.0242776 0.106036 -0.00187922 0.00456416 0.00169864 -0.00187922 0.00515658 -0.0119629 -0.0018779 0.00456416 -0.0119629 0.0723073 
0.0145144 -0.0241885 0.00172556 -0.00201814 -0.0241885 0.105856 -0.00200665 0.00482322 0.00172556 -0.00200665 0.00525258 -0.0120947 -0.00201814 0.00482322 -0.0120947 0.072612 
0.0145221 -0.0241393 0.00170603 -0.00205686 -0.0241393 0.105695 -0.00204153 0.00500882 0.00170603 -0.00204153 0.00528348 -0.0122299 -0.00205686 0.00500882 -0.0122299 0.0729787 
0.0145569 -0.024146 0.00172204 -0.00204849 -0.024146 0.105644 -0.00204426 0.0050869 0.00172204 -0.00204426 0.00529254 -0.0123091 -0.00204849 0.0050869 -0.0123091 0.0733169 
0.0145343 -0.0241985 0.00177538 -0.00199667 -0.0241985 0.105729 -0.00200142 0.00494856 0.00177538 -0.00200142 0.0053079 -0.012302 -0.00199667 0.00494856 -0.012302 0.0733934 
0.014509 -0.0241813 0.00181475 -0.00204023 -0.0241813 0.105758 -0.00203828 0.00491936 0.00181475 -0.00203828 0.00531787 -0.0123035 -0.00204023 0.00491936 -0.0123035 0.0733892 
0.014496 -0.0241453 0.00184479 -0.00213043 -0.0241453 0.105696 -0.00211796 0.00510213 0.00184479 -0.00211796 0.00534754 -0.0123261 -0.00213043 0.00510213 -0.0123261 0.0734424 
0.0145033 -0.0241335 0.0018285 -0.00212724 -0.0241335 0.105649 -0.00211306 0.00512985 0.0018285 -0.00211306 0.00531961 -0.0123281 -0.00212724 0.00512985 -0.0123281 0.0734023 
0.0145112 -0.0241433 0.00179947 -0.00208515 -0.0241433 0.105651 -0.00207625 0.00504639 0.00179947 -0.00207625 0.00526093 -0.0122777 -0.00208515 0.00504639 -0.0122777 0.0732762 
0.0145064 -0.0241505 0.00177387 -0.00206096 -0.0241505 0.105665 -0.00205869 0.00499168 0.00177387 -0.00205869 0.00523741 -0.0122006 -0.00206096 0.00499168 -0.0122006 0.073096 
0.0145117 -0.0241409 0.00173789 -0.00204242 -0.0241409 0.105652 -0.00204572 0.0049629 0.00173789 -0.00204572 0.00523197 -0.0121641 -0.00204242 0.0049629 -0.0121641 0.0729484 
0.0144984 -0.0241417 0.00173241 -0.00201875 -0.0241417 0.105637 -0.00202761 0.00494788 0.00173241 -0.00202761 0.00526469 -0.0121689 -0.00201875 0.00494788 -0.0121689 0.0729199 
0.0144821 -0.0241228 0.00178478 -0.00203532 -0.0241228 0.105601 -0.00204534 0.0049914 0.00178478 -0.00204534 0.00528638 -0.0122337 -0.00203532 0.0049914 -0.0122337 0.0730575 
0.0144042 -0.0241045 0.00185442 -0.002078 -0.0241045 0.105558 -0.00208207 0.00504287 0.00185442 -0.00208207 0.00536924 -0.0122592 -0.002078 0.00504287 -0.0122592 0.073161 
0.0143362 -0.024014 0.00190079 -0.00214941 -0.024014 0.105405 -0.00214041 0.00514839 0.00190079 -0.00214041 0.0054284 -0.0123449 -0.00214941 0.00514839 -0.0123449 0.0733053 
0.0143081 -0.023924 0.00190931 -0.00222848 -0.023924 0.105182 -0.00221096 0.00533873 0.00190931 -0.00221096 0.00545736 -0.0124284 -0.00222848 0.00533873 -0.0124284 0.0735251 
0.0143124 -0.0238841 0.00190634 -0.0022499 -0.0238841 0.10502 -0.00223658 0.00546812 0.00190634 -0.00223658 0.00547382 -0.0124738 -0.0022499 0.00546812 -0.0124738 0.0736969 
0.0143344 -0.0238915 0.00189964 -0.00221855 -0.0238915 0.104978 -0.00221469 0.00543876 0.00189964 -0.00221469 0.0054699 -0.0124837 -0.00221855 0.00543876 -0.0124837 0.0737514 
0.0143916 -0.0239249 0.00185796 -0.00218357 -0.0239249 0.105029 -0.00218307 0.00533476 0.00185796 -0.00218307 0.00539949 -0.0124678 -0.00218357 0.00533476 -0.0124678 0.0737209 
0.0144389 -0.0239997 0.00181772 -0.00210846 -0.0239997 0.105178 -0.0021123 0.00515327 0.00181772 -0.0021123 0.0053091 -0.0123663 -0.00210846 0.00515327 -0.0123663 0.0735224 
0.0144676 -0.0240566 0.0018062 -0.00209196 -0.0240566 0.105336 -0.00209831 0.00509298 0.0018062 -0.00209831 0.00525841 -0.0122623 -0.00209196 0.00509298 -0.0122623 0.0732871 
0.0144599 -0.0240908 0.00182174 -0.00210248 -0.0240908 0.105448 -0.00210826 0.00512012 0.00182174 -0.00210826 0.00527871 -0.0121983 -0.00210248 0.00512012 -0.0121983 0.0730887 
0.0144916 -0.02408 0.00180041 -0.00213711 -0.02408 0.105472 -0.00213882 0.0052017 0.00180041 -0.00213882 0.00528803 -0.0122251 -0.00213711 0.0052017 -0.0122251 0.0730583 
0.0145249 -0.0241163 0.00180217 -0.00210893 -0.0241163 0.105525 -0.00211224 0.00519849 0.00180217 -0.00211224 0.00528412 -0.0122503 -0.00210893 0.00519849 -0.0122503 0.0731162 
0.0145569 -0.0241664 0.00176435 -0.00206784 -0.0241664 0.105641 -0.00207086 0.005069 0.00176435 -0.00207086 0.00524812 -0.0122353 -0.00206784 0.005069 -0.0122353 0.0730981 
0.0145616 -0.0242085 0.00173033 -0.00202179 -0.0242085 0.105761 -0.00202578 0.0049493 0.00173033 -0.00202578 0.00523422 -0.0121954 -0.00202179 0.0049493 -0.0121954 0.0730346 
0.0145534 -0.0242128 0.00172981 -0.00199405 -0.0242128 0.105816 -0.00200056 0.00487668 0.00172981 -0.00200056 0.0052458 -0.0121864 -0.00199405 0.00487668 -0.0121864 0.0730044 
0.014549 -0.0242002 0.00173161 -0.00199362 -0.0242002 0.105808 -0.00199962 0.00484707 0.00173161 -0.00199962 0.00526857 -0.0122017 -0.00199362 0.00484707 -0.0122017 0.0730246 
0.014568 -0.0241944 0.00171534 -0.00198976 -0.0241944 0.10579 -0.0019927 0.00482343 0.00171534 -0.0019927 0.00523824 -0.0122305 -0.00198976 0.00482343 -0.0122305 0.0730776 
0.0145683 -0.0242156 0.00172738 -0.00198283 -0.0242156 0.105814 -0.00198551 0.00481819 0.00172738 -0.00198551 0.00522444 -0.0122062 -0.00198283 0.00481819 -0.0122062 0.0730919 
0.0145658 -0.0242213 0.00172733 -0.0019725 -0.0242213 0.105844 -0.00197422 0.00476774 0.00172733 -0.00197422 0.00518581 -0.0121673 -0.0019725 0.00476774 -0.0121673 0.0729929 
0.0145825 -0.0242182 0.00169047 -0.00196793 -0.0242182 0.105848 -0.00196697 0.00473426 0.00169047 -0.00196697 0.00511587 -0.0121031 -0.00196793 0.00473426 -0.0121031 0.0728257 
0.0145668 -0.0242315 0.00170837 -0.00194758 -0.0242315 0.105861 -0.00194993 0.00472785 0.00170837 -0.00194993 0.00510508 -0.0120127 -0.00194758 0.00472785 -0.0120127 0.0726147 
0.0145424 -0.0242114 0.0017217 -0.00198215 -0.0242114 0.105836 -0.00198349 0.00478556 0.0017217 -0.00198349 0.00512201 -0.0119868 -0.00198215 0.00478556 -0.0119868 0.0724639 
0.0144668 -0.02418 0.00176265 -0.00199378 -0.02418 0.105769 -0.0019921 0.00482779 0.00176265 -0.0019921 0.00517515 -0.0119949 -0.00199378 0.00482779 -0.0119949 0.0724019 
0.0144452 -0.0240845 0.00174184 -0.00206017 -0.0240845 0.105589 -0.00205344 0.00495734 0.00174184 -0.00205344 0.00521922 -0.0120645 -0.00206017 0.00495734 -0.0120645 0.0725046 
0.0143962 -0.0240495 0.00173487 -0.00203368 -0.0240495 0.105438 -0.00203058 0.00498235 0.00173487 -0.00203058 0.00530382 -0.0121245 -0.00203368 0.00498235 -0.0121245 0.072653 
0.0143723 -0.0239922 0.0017511 -0.00200295 -0.0239922 0.1053 -0.00200554 0.00491013 0.0017511 -0.00200554 0.00532487 -0.0122335 -0.00200295 0.00491013 -0.0122335 0.0728855 
0.0143967 -0.0239622 0.00172561 -0.00200599 -0.0239622 0.105194 -0.00200736 0.00485794 0.00172561 -0.00200736 0.00527786 -0.0122685 -0.00200599 0.00485794 -0.0122685 0.07306 
0.0144221 -0.0239893 0.00170323 -0.00199327 -0.0239893 0.105194 -0.00199497 0.00484652 0.00170323 -0.00199497 0.00523836 -0.0122176 -0.00199327 0.00484652 -0.0122176 0.0730586 
0.0144235 -0.0240211 0.00171467 -0.00198609 -0.0240211 0.105257 -0.00199209 0.00485736 0.00171467 -0.00199209 0.00524901 -0.0121695 -0.00198609 0.00485736 -0.0121695 0.0729724 
0.0144027 -0.0240255 0.0017583 -0.0019992 -0.0240255 0.105296 -0.00200454 0.00487843 0.0017583 -0.00200454 0.00531007 -0.0121776 -0.0019992 0.00487843 -0.0121776 0.072936 
0.0143836 -0.0240027 0.00179189 -0.00205156 -0.0240027 0.105273 -0.00204658 0.00495678 0.00179189 -0.00204658 0.00534924 -0.0122568 -0.00205156 0.00495678 -0.0122568 0.0730553 
0.0143915 -0.0239826 0.00178645 -0.00207784 -0.0239826 0.105231 -0.00206485 0.00500763 0.00178645 -0.00206485 0.00533304 -0.0123084 -0.00207784 0.00500763 -0.0123084 0.0731996 
0.0143932 -0.0239849 0.00182062 -0.00212536 -0.0239849 0.105211 -0.00211441 0.00516994 0.00182062 -0.00211441 0.00535694 -0.0123266 -0.00212536 0.00516994 -0.0123266 0.0733571 
0.014431 -0.0239922 0.00180364 -0.00214629 -0.0239922 0.105225 -0.00213806 0.00524301 0.00180364 -0.00213806 0.005327 -0.0123486 -0.00214629 0.00524301 -0.0123486 0.0734257 
0.0144971 -0.0240391 0.00176411 -0.00212556 -0.0240391 0.105306 -0.00212442 0.00524712 0.00176411 -0.00212442 0.00527506 -0.0123179 -0.00212556 0.00524712 -0.0123179 0.0734193 
0.014496 -0.0241235 0.00176358 -0.00206231 -0.0241235 0.105481 -0.00207137 0.00513979 0.00176358 -0.00207137 0.00529683 -0.0122511 -0.00206231 0.00513979 -0.0122511 0.0732964 
0.0144959 -0.0241312 0.00174065 -0.0020252 -0.0241312 0.105584 -0.00203579 0.00498861 0.00174065 -0.00203579 0.00529979 -0.012258 -0.0020252 0.00498861 -0.012258 0.0732108 
0.0144458 -0.0241257 0.00178276 -0.00201504 -0.0241257 0.105596 -0.00202444 0.00493902 0.00178276 -0.00202444 0.00535395 -0.0122789 -0.00201504 0.00493902 -0.0122789 0.0732517 
0.0144108 -0.0240692 0.00178223 -0.00202775 -0.0240692 0.105512 -0.00202961 0.00488298 0.00178223 -0.00202961 0.00535272 -0.012323 -0.00202775 0.00488298 -0.012323 0.0732976 
0.0143908 -0.0240184 0.00179164 -0.00204846 -0.0240184 0.10538 -0.00204588 0.00492138 0.00179164 -0.00204588 0.00533137 -0.0123293 -0.00204846 0.00492138 -0.0123293 0.0733507 
0.0143618 -0.0239859 0.0018533 -0.00209073 -0.0239859 0.105268 -0.00208841 0.00503713 0.0018533 -0.00208841 0.00534373 -0.0123089 -0.00209073 0.00503713 -0.0123089 0.0733483 
0.0143627 -0.0239521 0.00187695 -0.00215928 -0.0239521 0.105174 -0.00215209 0.00517537 0.00187695 -0.00215209 0.00532739 -0.012302 -0.00215928 0.00517537 -0.012302 0.0732933 
0.0143484 -0.023953 0.00187751 -0.00218924 -0.023953 0.105135 -0.00217792 0.00528078 0.00187751 -0.00217792 0.00532068 -0.012267 -0.00218924 0.00528078 -0.012267 0.0731935 
0.0143158 -0.0239366 0.00191062 -0.0021935 -0.0239366 0.105103 -0.00218553 0.00533504 0.00191062 -0.00218553 0.00534207 -0.012249 -0.0021935 0.00533504 -0.012249 0.0731078 
0.0143101 -0.0239009 0.00184225 -0.00218636 -0.0239009 0.105036 -0.00217801 0.00528328 0.00184225 -0.00217801 0.00531612 -0.0122383 -0.00218636 0.00528328 -0.0122383 0.0729922 
0.0142872 -0.0238806 0.00184237 -0.00216149 -0.0238806 0.10496 -0.00216136 0.0053109 0.00184237 -0.00216136 0.00534877 -0.012236 -0.00216149 0.0053109 -0.012236 0.0730014 
0.0142557 -0.0238547 0.00184051 -0.00212365 -0.0238547 0.104892 -0.00213048 0.00521471 0.00184051 -0.00213048 0.00534984 -0.0122597 -0.00212365 0.00521471 -0.0122597 0.0730036 
0.0142047 -0.0238126 0.00185548 -0.00212809 -0.0238126 0.104794 -0.00213525 0.00519059 0.00185548 -0.00213525 0.00540903 -0.0122668 -0.00212809 0.00519059 -0.0122668 0.0730385 
0.0141408 -0.0237454 0.0018998 -0.00216234 -0.0237454 0.104641 -0.00216446 0.0052515 0.0018998 -0.00216446 0.00549114 -0.0123417 -0.00216234 0.0052515 -0.0123417 0.0731703 
0.0141342 -0.0236706 0.00189226 -0.00218493 -0.0236706 0.10446 -0.00217786 0.00526571 0.00189226 -0.00217786 0.0054722 -0.0124303 -0.00218493 0.00526571 -0.0124303 0.0733458 
0.0141722 -0.0236571 0.00184705 -0.00218577 -0.0236571 0.104358 -0.0021768 0.00528363 0.00184705 -0.0021768 0.00539392 -0.0124162 -0.00218577 0.00528363 -0.0124162 0.0734203 
0.0142382 -0.0236992 0.00180955 -0.00216254 -0.0236992 0.104388 -0.00216287 0.00530099 0.00180955 -0.00216287 0.00530218 -0.0123272 -0.00216254 0.00530099 -0.0123272 0.0733172 
0.0142928 -0.0237842 0.0017723 -0.00208818 -0.0237842 0.104549 -0.00210116 0.00516852 0.0017723 -0.00210116 0.00521991 -0.0121855 -0.00208818 0.00516852 -0.0121855 0.0729905 
0.0143355 -0.0238558 0.00168454 -0.00202205 -0.0238558 0.104741 -0.00203922 0.00498686 0.00168454 -0.00203922 0.00517252 -0.0120545 -0.00202205 0.00498686 -0.0120545 0.0725989 
0.0143576 -0.0239058 0.00166698 -0.00193602 -0.0239058 0.10489 -0.0019582 0.00481859 0.00166698 -0.0019582 0.00517293 -0.011997 -0.00193602 0.00481859 -0.011997 0.07235 
0.0143635 -0.0239323 0.00168509 -0.00192076 -0.0239323 0.104986 -0.00193864 0.00471979 0.00168509 -0.00193864 0.0052049 -0.0120059 -0.00192076 0.00471979 -0.0120059 0.0722893 
0.01439 -0.0239426 0.00168378 -0.00193998 -0.0239426 0.10504 -0.00194516 0.00469931 0.00168378 -0.00194516 0.00517966 -0.0120551 -0.00193998 0.00469931 -0.0120551 0.0723664 
0.0143776 -0.0239738 0.00172297 -0.00198188 -0.0239738 0.105104 -0.00197771 0.00480456 0.00172297 -0.00197771 0.00520897 -0.0120586 -0.00198188 0.00480456 -0.0120586 0.0724763 
0.0142988 -0.0239664 0.00176294 -0.00200616 -0.0239664 0.105135 -0.0019963 0.00485008 0.00176294 -0.0019963 0.00527522 -0.0120837 -0.00200616 0.00485008 -0.0120837 0.0725307 
0.0142282 -0.0238705 0.00176197 -0.00205583 -0.0238705 0.104994 -0.00204051 0.00494272 0.00176197 -0.00204051 0.00533079 -0.0121648 -0.00205583 0.00494272 -0.0121648 0.0726875 
0.0141776 -0.0237754 0.00174762 -0.00205054 -0.0237754 0.104761 -0.00203961 0.00498117 0.00174762 -0.00203961 0.00536842 -0.0122342 -0.00205054 0.00498117 -0.0122342 0.0728721 
0.0142018 -0.0237059 0.00169082 -0.00201828 -0.0237059 0.104546 -0.00201668 0.00493219 0.00169082 -0.00201668 0.00534144 -0.0122776 -0.00201828 0.00493219 -0.0122776 0.0730069 
