0.00975953 0 -0.00371228 0 0 0.01 0 0 -0.00371228 0 0.00645696 0 0 0 0 0.01 
0.0138043 -0.0171182 -0.00520007 0.00636538 -0.0171182 0.0419974 0.00636538 -0.0122049 -0.00520007 0.00636538 0.00903499 -0.0112703 0.00636538 -0.0122049 -0.0112703 0.0307846 
0.0136914 -0.0250922 -0.0045484 0.00737933 -0.0250922 0.0894102 0.00737933 -0.0232827 -0.0045484 0.00737933 0.00933917 -0.0181549 0.00737933 -0.0232827 -0.0181549 0.0674495 
0.0128083 -0.0235742 -0.00398882 0.00525227 -0.0235742 0.101946 0.00525953 -0.0181394 -0.00398882 0.00525953 0.00884822 -0.0184033 0.00525227 -0.0181394 -0.0184033 0.0840314 
0.0128292 -0.0222957 -0.004043 0.0046991 -0.0222957 0.101564 0.00470813 -0.0140525 -0.004043 0.00470813 0.00877825 -0.0175271 0.0046991 -0.0140525 -0.0175271 0.0871285 
0.0131604 -0.0222717 -0.00417136 0.00491925 -0.0222717 0.101019 0.00491945 -0.0132133 -0.00417136 0.00491945 0.00885882 -0.0172711 0.00491925 -0.0132133 -0.0172711 0.0873222 
0.0133405 -0.0226294 -0.00423574 0.00511701 -0.0226294 0.101528 0.00511201 -0.0133943 -0.00423574 0.00511201 0.0090099 -0.0173142 0.00511701 -0.0133943 -0.0173142 0.0875338 
0.013372 -0.0228077 -0.00426574 0.00519808 -0.0228077 0.102057 0.00519047 -0.0136092 -0.00426574 0.00519047 0.00908417 -0.0174485 0.00519808 -0.0136092 -0.0174485 0.0878444 
0.0134048 -0.0228187 -0.00427949 0.00523507 -0.0228187 0.102225 0.00522509 -0.013729 -0.00427949 0.00522509 0.00898081 -0.0175114 0.00523507 -0.013729 -0.0175114 0.0880618 
0.013445 -0.0228469 -0.00426723 0.00524443 -0.0228469 0.102289 0.00523977 -0.0137717 -0.00426723 0.00523977 0.00890097 -0.0173965 0.00524443 -0.0137717 -0.0173965 0.087982 
0.013443 -0.0228897 -0.00428319 0.00523478 -0.0228897 0.102369 0.00523512 -0.0137866 -0.00428319 0.00523512 0.00885834 -0.01729 0.00523478 -0.0137866 -0.01729 0.0877231 
0.013479 -0.0228866 -0.0042673 0.00525074 -0.0228866 0.102397 0.00525216 -0.0138131 -0.0042673 0.00525216 0.00881124 -0.0172418 0.00525074 -0.0138131 -0.0172418 0.0875481 
0.0134819 -0.022926 -0.00427058 0.00523428 -0.022926 0.102454 0.00523536 -0.0138047 -0.00427058 0.00523536 0.00879417 -0.0171921 0.00523428 -0.0138047 -0.0171921 0.0874202 
0.0135397 -0.0229253 -0.00425874 0.00524392 -0.0229253 0.102478 0.00524334 -0.0138181 -0.00425874 0.00524334 0.0086576 -0.0171676 0.00524392 -0.0138181 -0.0171676 0.0873225 
0.0136328 -0.0229865 -0.00421378 0.0052324 -0.0229865 0.102566 0.00523324 -0.0138098 -0.00421378 0.00523324 0.00851971 -0.0170152 0.0052324 -0.0138098 -0.0170152 0.0870788 
0.0136652 -0.0230849 -0.00421755 0.00519298 -0.0230849 0.102743 0.00520184 -0.0137793 -0.00421755 0.00520184 0.00840195 -0.0168262 0.00519298 -0.0137793 -0.0168262 0.0866282 
0.0136621 -0.0231247 -0.00423494 0.00519602 -0.0231247 0.102888 0.00520758 -0.0137625 -0.00423494 0.00520758 0.0083488 -0.0166811 0.00519602 -0.0137625 -0.0166811 0.0862214 
0.0136084 -0.0231209 -0.00427571 0.00521785 -0.0231209 0.102931 0.00522606 -0.0137894 -0.00427571 0.00522606 0.00837626 -0.016619 0.00521785 -0.0137894 -0.016619 0.0859796 
0.0135811 -0.0230522 -0.00430594 0.00527773 -0.0230522 0.102824 0.00527811 -0.0139017 -0.00430594 0.00527811 0.00836228 -0.0166427 0.00527773 -0.0139017 -0.0166427 0.085921 
0.013563 -0.0230167 -0.00432624 0.00531726 -0.0230167 0.102711 0.0053133 -0.0140099 -0.00432624 0.0053133 0.00834574 -0.0166293 0.00531726 -0.0140099 -0.0166293 0.0859073 
0.0135598 -0.0229901 -0.00435518 0.00535204 -0.0229901 0.102621 0.00534804 -0.0141193 -0.00435518 0.00534804 0.00825259 -0.0165918 0.00535204 -0.0141193 -0.0165918 0.085811 
0.0135492 -0.0229907 -0.00436716 0.00537845 -0.0229907 0.1026 0.00537818 -0.0141898 -0.00436716 0.00537818 0.00825035 -0.0164868 0.00537845 -0.0141898 -0.0164868 0.0856313 
0.0135672 -0.0229797 -0.00435765 0.00539426 -0.0229797 0.102579 0.00539708 -0.0142496 -0.00435765 0.00539708 0.0082294 -0.0164684 0.00539426 -0.0142496 -0.0164684 0.0854934 
0.0135554 -0.0230015 -0.00436489 0.00538193 -0.0230015 0.102605 0.00538818 -0.0142559 -0.00436489 0.00538818 0.0082419 -0.0164391 0.00538193 -0.0142559 -0.0164391 0.0854018 
0.0135443 -0.0229931 -0.0043728 0.00538618 -0.0229931 0.102617 0.0053917 -0.01425 -0.0043728 0.0053917 0.00825578 -0.0164557 0.00538618 -0.01425 -0.0164557 0.0853939 
0.0135622 -0.0229856 -0.00434389 0.00538529 -0.0229856 0.102617 0.00538869 -0.014228 -0.00434389 0.00538869 0.00830095 -0.0164889 0.00538529 -0.014228 -0.0164889 0.0854799 
0.0135819 -0.0230073 -0.00432942 0.00535337 -0.0230073 0.102646 0.0053577 -0.0141798 -0.00432942 0.0053577 0.00828953 -0.0165352 0.00535337 -0.0141798 -0.0165352 0.0855679 
0.01352 -0.0230472 -0.00430887 0.00530836 -0.0230472 0.102755 0.00531315 -0.0140359 -0.00430887 0.00531315 0.00854311 -0.0165661 0.00530836 -0.0140359 -0.0165661 0.0857352 
0.0134125 -0.0229712 -0.00434767 0.00529746 -0.0229712 0.102675 0.00529216 -0.0139795 -0.00434767 0.00529216 0.0087164 -0.0168466 0.00529746 -0.0139795 -0.0168466 0.0861662 
0.0133785 -0.0228423 -0.00438091 0.00534878 -0.0228423 0.102419 0.00533375 -0.0140375 -0.00438091 0.00533375 0.00871163 -0.017057 0.00534878 -0.0140375 -0.017057 0.0867106 
0.0133403 -0.0228013 -0.00440756 0.00538402 -0.0228013 0.102245 0.00536919 -0.014114 -0.00440756 0.00536919 0.00873154 -0.0170647 0.00538402 -0.014114 -0.0170647 0.0869599 
0.0133516 -0.022754 -0.00440768 0.00541955 -0.022754 0.102118 0.00540581 -0.0142049 -0.00440768 0.00540581 0.00869922 -0.0170777 0.00541955 -0.0142049 -0.0170777 0.0870227 
0.0134088 -0.0227665 -0.0043707 0.00541675 -0.0227665 0.102084 0.00540793 -0.0142395 -0.0043707 0.00540793 0.00866438 -0.0170472 0.00541675 -0.0142395 -0.0170472 0.0870082 
0.0134414 -0.0228359 -0.00434688 0.00536718 -0.0228359 0.102187 0.00536716 -0.0141796 -0.00434688 0.00536716 0.00865169 -0.0170044 0.00536718 -0.0141796 -0.0170044 0.0869257 
0.0134168 -0.0228855 -0.00433922 0.00532353 -0.0228855 0.102331 0.00533052 -0.0140666 -0.00433922 0.00533052 0.00874151 -0.016999 0.00532353 -0.0140666 -0.016999 0.0868993 
0.013401 -0.0228604 -0.00434244 0.00531472 -0.0228604 0.102352 0.0053203 -0.0140101 -0.00434244 0.0053203 0.00876881 -0.0170945 0.00531472 -0.0140101 -0.0170945 0.0870192 
0.0135099 -0.0228472 -0.00427433 0.00530922 -0.0228472 0.102335 0.00531339 -0.0139667 -0.00427433 0.00531339 0.00868832 -0.0171432 0.00530922 -0.0139667 -0.0171432 0.0871902 
0.013577 -0.0229683 -0.00425714 0.00523793 -0.0229683 0.102502 0.00525013 -0.0138745 -0.00425714 0.00525013 0.00855194 -0.017023 0.00523793 -0.0138745 -0.017023 0.087018 
0.0136171 -0.0230564 -0.00423045 0.00520526 -0.0230564 0.102745 0.00522308 -0.0137576 -0.00423045 0.00522308 0.00853027 -0.0168715 0.00520526 -0.0137576 -0.0168715 0.0867126 
0.0136191 -0.0230958 -0.00424405 0.00518853 -0.0230958 0.102885 0.00520222 -0.0137119 -0.00424405 0.00520222 0.00847766 -0.0168252 0.00518853 -0.0137119 -0.0168252 0.0864682 
0.0136526 -0.0230967 -0.00423159 0.00520482 -0.0230967 0.102932 0.00521359 -0.0137109 -0.00423159 0.00521359 0.00841277 -0.0167747 0.00520482 -0.0137109 -0.0167747 0.0863354 
0.0136685 -0.023133 -0.00422032 0.00519439 -0.023133 0.102994 0.00520055 -0.0137008 -0.00422032 0.00520055 0.00840308 -0.0166986 0.00519439 -0.0137008 -0.0166986 0.0861725 
0.0136878 -0.0231474 -0.00420521 0.0051882 -0.0231474 0.103038 0.00519159 -0.013694 -0.00420521 0.00519159 0.00839395 -0.0166781 0.0051882 -0.013694 -0.0166781 0.0860528 
0.0136758 -0.0231602 -0.00422684 0.0051844 -0.0231602 0.103056 0.00518626 -0.0137061 -0.00422684 0.00518626 0.00835219 -0.0166528 0.0051844 -0.0137061 -0.0166528 0.0859497 
0.0135655 -0.023139 -0.00432959 0.00522112 -0.023139 0.103022 0.0052197 -0.0137775 -0.00432959 0.0052197 0.00833662 -0.0165919 0.00522112 -0.0137775 -0.0165919 0.0857983 
0.0135083 -0.0230062 -0.0043901 0.00534907 -0.0230062 0.102799 0.00533937 -0.0139998 -0.0043901 0.00533937 0.00830135 -0.0165699 0.00534907 -0.0139998 -0.0165699 0.085706 
0.0135017 -0.0229318 -0.00440057 0.00542898 -0.0229318 0.102567 0.00541504 -0.0142284 -0.00440057 0.00541504 0.00828166 -0.0165318 0.00542898 -0.0142284 -0.0165318 0.0856311 
0.0134992 -0.0229201 -0.0043942 0.00544365 -0.0229201 0.10246 0.00543011 -0.01434 -0.0043942 0.00543011 0.00830883 -0.0165086 0.00544365 -0.01434 -0.0165086 0.0855646 
0.0135242 -0.0229182 -0.00435961 0.00543111 -0.0229182 0.102429 0.00541949 -0.0143483 -0.00435961 0.00541949 0.00834274 -0.0165503 0.00543111 -0.0143483 -0.0165503 0.0856189 
0.0136151 -0.0229439 -0.00428896 0.00539188 -0.0229439 0.10245 0.00538185 -0.0142924 -0.00428896 0.00538185 0.00828294 -0.0165965 0.00539188 -0.0142924 -0.0165965 0.0857256 
0.0136116 -0.0230385 -0.00429232 0.0053157 -0.0230385 0.102591 0.00531324 -0.014174 -0.00429232 0.00531324 0.00827278 -0.0165204 0.0053157 -0.014174 -0.0165204 0.0856418 
0.013596 -0.0230362 -0.00431591 0.00531903 -0.0230362 0.102659 0.00531737 -0.0141232 -0.00431591 0.00531737 0.00823572 -0.0165045 0.00531903 -0.0141232 -0.0165045 0.0855612 
0.0136174 -0.0230212 -0.00431513 0.00534002 -0.0230212 0.102653 0.00533606 -0.0141297 -0.00431513 0.00533606 0.00817864 -0.016479 0.00534002 -0.0141297 -0.016479 0.0855372 
0.013686 -0.0230476 -0.00427366 0.00533575 -0.0230476 0.102684 0.00533708 -0.0141349 -0.00427366 0.00533708 0.00808708 -0.01641 0.00533575 -0.0141349 -0.01641 0.0854254 
0.0137205 -0.0231381 -0.00424122 0.0052743 -0.0231381 0.102857 0.00528518 -0.0140318 -0.00424122 0.00528518 0.0080857 -0.0163046 0.0052743 -0.0140318 -0.0163046 0.0852233 
0.0136932 -0.0231616 -0.00428479 0.0052628 -0.0231616 0.102944 0.00527498 -0.0140164 -0.00428479 0.00527498 0.00800277 -0.0162565 0.0052628 -0.0140164 -0.0162565 0.0849698 
0.0136621 -0.0231331 -0.00430874 0.0053105 -0.0231331 0.10294 0.00531703 -0.0140608 -0.00430874 0.00531703 0.00801174 -0.016172 0.0053105 -0.0140608 -0.016172 0.0847886 
0.0136657 -0.0230898 -0.00430362 0.00534996 -0.0230898 0.10285 0.00534709 -0.0141536 -0.00430362 0.00534709 0.00801981 -0.0161785 0.00534996 -0.0141536 -0.0161785 0.0847137 
0.0136538 -0.0230916 -0.00431152 0.00534263 -0.0230916 0.102809 0.0053373 -0.0141759 -0.00431152 0.0053373 0.00804748 -0.0161991 0.00534263 -0.0141759 -0.0161991 0.0847493 
0.0136889 -0.0230925 -0.00426967 0.00533303 -0.0230925 0.102823 0.00533031 -0.0141351 -0.00426967 0.00533031 0.00809493 -0.0162518 0.00533303 -0.0141351 -0.0162518 0.0848865 
0.0137855 -0.0231413 -0.00417037 0.00527317 -0.0231413 0.102909 0.00527633 -0.0140249 -0.00417037 0.00527633 0.00810966 -0.0163159 0.00527317 -0.0140249 -0.0163159 0.0850518 
0.0138785 -0.0232481 -0.00409908 0.00516131 -0.0232481 0.103104 0.0051725 -0.0138288 -0.00409908 0.0051725 0.00800635 -0.0163218 0.00516131 -0.0138288 -0.0163218 0.0850954 
0.013916 -0.0233694 -0.00406329 0.0050591 -0.0233694 0.1034 0.00507642 -0.0135593 -0.00406329 0.00507642 0.0079928 -0.0162198 0.0050591 -0.0135593 -0.0162198 0.0849854 
0.0138711 -0.0234058 -0.00410705 0.00502936 -0.0234058 0.103563 0.0050456 -0.0134294 -0.00410705 0.0050456 0.00798689 -0.0161833 0.00502936 -0.0134294 -0.0161833 0.0848233 
0.0137964 -0.0233565 -0.00415737 0.00507909 -0.0233565 0.103546 0.00508328 -0.0134387 -0.00415737 0.00508328 0.00807967 -0.0161917 0.00507909 -0.0134387 -0.0161917 0.0848152 
0.0137161 -0.0232603 -0.00420287 0.00515322 -0.0232603 0.103361 0.00514329 -0.013575 -0.00420287 0.00514329 0.00821602 -0.0163011 0.00515322 -0.013575 -0.0163011 0.084982 
0.0136901 -0.0231524 -0.0042306 0.0052235 -0.0231524 0.10309 0.00520452 -0.0137611 -0.0042306 0.00520452 0.00820873 -0.0164582 0.0052235 -0.0137611 -0.0164582 0.0852872 
0.0137501 -0.0231212 -0.00419531 0.0052531 -0.0231212 0.102932 0.00523601 -0.0138733 -0.00419531 0.00523601 0.00809643 -0.0164601 0.0052531 -0.0138733 -0.0164601 0.0854465 
0.013782 -0.0231836 -0.00419841 0.00521775 -0.0231836 0.102967 0.00521387 -0.0138875 -0.00419841 0.00521387 0.00794282 -0.0163081 0.00521775 -0.0138875 -0.0163081 0.0852199 
0.0138589 -0.0232352 -0.00414079 0.00520316 -0.0232352 0.103104 0.00520881 -0.0138368 -0.00414079 0.00520881 0.00783884 -0.0161277 0.00520316 -0.0138368 -0.0161277 0.0848465 
0.0139135 -0.0233104 -0.00411648 0.00515522 -0.0233104 0.103245 0.00516707 -0.0137924 -0.00411648 0.00516707 0.00770255 -0.0159735 0.00515522 -0.0137924 -0.0159735 0.0843938 
0.0138857 -0.0233714 -0.00415365 0.00513133 -0.0233714 0.103394 0.00514835 -0.0137447 -0.00415365 0.00514835 0.00765629 -0.0157941 0.00513133 -0.0137447 -0.0157941 0.0839255 
0.0138724 -0.0233486 -0.00416558 0.00517095 -0.0233486 0.103434 0.0051822 -0.0137678 -0.00416558 0.0051822 0.00766777 -0.0157348 0.00517095 -0.0137678 -0.0157348 0.0836501 
0.013817 -0.023329 -0.00420997 0.00519136 -0.023329 0.103397 0.00519412 -0.0138197 -0.00420997 0.00519412 0.0077489 -0.0157501 0.00519136 -0.0138197 -0.0157501 0.0835881 
0.0138412 -0.0232653 -0.00418348 0.00524575 -0.0232653 0.103284 0.00524097 -0.0139126 -0.00418348 0.00524097 0.00776257 -0.015851 0.00524575 -0.0139126 -0.015851 0.0837397 
0.0137986 -0.0232827 -0.00422356 0.00522604 -0.0232827 0.103241 0.00522326 -0.013949 -0.00422356 0.00522326 0.00777088 -0.0158631 0.00522604 -0.013949 -0.0158631 0.0838194 
0.0137915 -0.0232423 -0.00423318 0.00526231 -0.0232423 0.103195 0.0052593 -0.0139839 -0.00423318 0.0052593 0.00774699 -0.0158773 0.00526231 -0.0139839 -0.0158773 0.0838758 
0.0137878 -0.023219 -0.00425257 0.00529238 -0.023219 0.10311 0.00528737 -0.0140789 -0.00425257 0.00528737 0.00765965 -0.015835 0.00529238 -0.0140789 -0.015835 0.083802 
0.0137847 -0.0232123 -0.00425981 0.00531632 -0.0232123 0.103069 0.00531298 -0.0141511 -0.00425981 0.00531298 0.00762926 -0.0157266 0.00531632 -0.0141511 -0.0157266 0.0836 
0.0137497 -0.0231984 -0.00427671 0.00534019 -0.0231984 0.103016 0.005337 -0.0142406 -0.00427671 0.005337 0.00764251 -0.0156681 0.00534019 -0.0142406 -0.0156681 0.0833779 
0.0137533 -0.0231503 -0.00427929 0.00536875 -0.0231503 0.102916 0.00535976 -0.0143218 -0.00427929 0.00535976 0.00757627 -0.0156812 0.00536875 -0.0143218 -0.0156812 0.0833116 
0.0137636 -0.0231463 -0.00428794 0.00537625 -0.0231463 0.102851 0.00536649 -0.0143681 -0.00428794 0.00536649 0.00748623 -0.0156104 0.00537625 -0.0143681 -0.0156104 0.0832119 
0.0138143 -0.0231646 -0.00425924 0.0053791 -0.0231646 0.102868 0.00537453 -0.0143811 -0.00425924 0.00537453 0.00738773 -0.0154996 0.0053791 -0.0143811 -0.0154996 0.0830001 
0.0138649 -0.0232253 -0.00422226 0.0053439 -0.0232253 0.102971 0.00535018 -0.0143481 -0.00422226 0.00535018 0.00728946 -0.0153656 0.0053439 -0.0143481 -0.0153656 0.0826819 
0.0138797 -0.0232782 -0.00423033 0.00531131 -0.0232782 0.103091 0.00532552 -0.0143074 -0.00423033 0.00532552 0.00719647 -0.015222 0.00531131 -0.0143074 -0.015222 0.0822875 
0.0138591 -0.0233022 -0.0042613 0.00531704 -0.0233022 0.103187 0.0053329 -0.0142907 -0.0042613 0.0053329 0.00718288 -0.0150981 0.00531704 -0.0142907 -0.0150981 0.0819315 
0.0138312 -0.0232724 -0.00429077 0.0053682 -0.0232724 0.103164 0.00537855 -0.0143841 -0.00429077 0.00537855 0.00717367 -0.0150599 0.0053682 -0.0143841 -0.0150599 0.0816979 
0.0138271 -0.0232483 -0.00428839 0.00539818 -0.0232483 0.103124 0.0054009 -0.0144514 -0.00428839 0.0054009 0.00723495 -0.0150552 0.00539818 -0.0144514 -0.0150552 0.0816347 
0.0138082 -0.023232 -0.00429548 0.00540846 -0.023232 0.103062 0.00540693 -0.0145126 -0.00429548 0.00540693 0.00728197 -0.0151231 0.00540846 -0.0145126 -0.0151231 0.0816964 
0.0137669 -0.0232016 -0.00433636 0.00542536 -0.0232016 0.102982 0.00542099 -0.0145675 -0.00433636 0.00542099 0.007268 -0.0151816 0.00542536 -0.0145675 -0.0151816 0.0818208 
0.0137166 -0.0231468 -0.00439371 0.00547961 -0.0231468 0.102862 0.00547158 -0.01467 -0.00439371 0.00547158 0.00722679 -0.0151671 0.00547961 -0.01467 -0.0151671 0.0818548 
0.0136988 -0.0230972 -0.00441363 0.00553824 -0.0230972 0.10275 0.00552691 -0.0147798 -0.00441363 0.00552691 0.00721528 -0.01512 0.00553824 -0.0147798 -0.01512 0.0818114 
0.0137101 -0.0230647 -0.00440883 0.00557698 -0.0230647 0.102636 0.00556535 -0.0149105 -0.00440883 0.00556535 0.00718017 -0.0150893 0.00557698 -0.0149105 -0.0150893 0.0817069 
0.0137225 -0.0230731 -0.00440598 0.00557582 -0.0230731 0.1026 0.00557037 -0.0149725 -0.00440598 0.00557037 0.00712806 -0.0150374 0.00557582 -0.0149725 -0.0150374 0.0815735 
0.013755 -0.0231022 -0.0043978 0.00555452 -0.0231022 0.10266 0.00555575 -0.0149374 -0.0043978 0.00555575 0.00707272 -0.0149765 0.00555452 -0.0149374 -0.0149765 0.081441 
0.0137345 -0.0231351 -0.00443177 0.00555305 -0.0231351 0.102725 0.00556134 -0.0149439 -0.00443177 0.00556134 0.00705227 -0.0148919 0.00555305 -0.0149439 -0.0148919 0.0812261 
0.0136776 -0.0231086 -0.0044905 0.00560186 -0.0231086 0.102713 0.0056111 -0.0150371 -0.0044905 0.0056111 0.00704552 -0.0148441 0.00560186 -0.0150371 -0.0148441 0.0810248 
0.0136713 -0.02305 -0.0044819 0.00566868 -0.02305 0.102625 0.00567024 -0.0151604 -0.0044819 0.00567024 0.00706365 -0.0148346 0.00566868 -0.0151604 -0.0148346 0.0809463 
0.0136852 -0.0230274 -0.00446584 0.00567663 -0.0230274 0.102527 0.00567038 -0.0152442 -0.00446584 0.00567038 0.00704718 -0.0148518 0.00567663 -0.0152442 -0.0148518 0.0809298 
0.0136935 -0.0230328 -0.0044571 0.00566563 -0.0230328 0.102483 0.0056597 -0.0152664 -0.0044571 0.0056597 0.00701582 -0.0148321 0.00566563 -0.0152664 -0.0148321 0.0808935 
0.0136744 -0.0230412 -0.00447243 0.00565576 -0.0230412 0.102482 0.00565319 -0.0152593 -0.00447243 0.00565319 0.00699607 -0.0147907 0.00565576 -0.0152593 -0.0147907 0.0808075 
0.0136479 -0.023018 -0.00448834 0.0056741 -0.023018 0.10245 0.00567174 -0.015284 -0.00448834 0.00567174 0.00699365 -0.0147624 0.0056741 -0.015284 -0.0147624 0.0807224 
0.0136161 -0.0229745 -0.00451479 0.0057091 -0.0229745 0.102347 0.00570158 -0.0153668 -0.00451479 0.00570158 0.00696774 -0.0147521 0.0057091 -0.0153668 -0.0147521 0.0806585 
0.0135834 -0.0229371 -0.00454494 0.00573916 -0.0229371 0.102247 0.00572867 -0.0154392 -0.00454494 0.00572867 0.00698136 -0.0147218 0.00573916 -0.0154392 -0.0147218 0.0806035 
0.0135207 -0.0228905 -0.00461085 0.00578468 -0.0228905 0.102123 0.00577203 -0.0155484 -0.00461085 0.00577203 0.00702761 -0.0147285 0.00578468 -0.0155484 -0.0147285 0.080577 
0.013537 -0.0228047 -0.00462568 0.00587769 -0.0228047 0.101922 0.00586281 -0.0157577 -0.00462568 0.00586281 0.00692993 -0.0147729 0.00587769 -0.0157577 -0.0147729 0.0806187 
0.0135922 -0.0228361 -0.00460492 0.00588225 -0.0228361 0.101903 0.00587763 -0.015846 -0.00460492 0.00587763 0.00683112 -0.0146545 0.00588225 -0.015846 -0.0146545 0.080482 
0.0135761 -0.0229172 -0.00461892 0.00584389 -0.0229172 0.102058 0.00585498 -0.0158113 -0.00461892 0.00585498 0.00685444 -0.0145116 0.00584389 -0.0158113 -0.0145116 0.0801545 
0.0135911 -0.0229166 -0.00460232 0.00584545 -0.0229166 0.102163 0.00585737 -0.0157698 -0.00460232 0.00585737 0.00689567 -0.0145306 0.00584545 -0.0157698 -0.0145306 0.0800305 
0.0136074 -0.0229093 -0.00459172 0.00585233 -0.0229093 0.102138 0.00585931 -0.0158087 -0.00459172 0.00585931 0.0068479 -0.0145769 0.00585233 -0.0158087 -0.0145769 0.080052 
0.0135585 -0.0229303 -0.00462796 0.00583725 -0.0229303 0.102164 0.00584452 -0.0157929 -0.00462796 0.00584452 0.00688321 -0.0145262 0.00583725 -0.0157929 -0.0145262 0.0800098 
0.0135438 -0.0228858 -0.00462956 0.00586982 -0.0228858 0.102136 0.00586912 -0.0158 -0.00462956 0.00586912 0.00692244 -0.0145701 0.00586982 -0.0158 -0.0145701 0.0800554 
0.0134923 -0.0228576 -0.00466624 0.00588273 -0.0228576 0.102051 0.00587469 -0.0158402 -0.00466624 0.00587469 0.00700136 -0.0146249 0.00588273 -0.0158402 -0.0146249 0.0801758 
0.0134625 -0.0228001 -0.0046962 0.00592075 -0.0228001 0.101937 0.00590675 -0.0158937 -0.0046962 0.00590675 0.00704677 -0.0147331 0.00592075 -0.0158937 -0.0147331 0.0804157 
0.0134592 -0.0227707 -0.00469886 0.00594833 -0.0227707 0.10185 0.00593308 -0.0159456 -0.00469886 0.00593308 0.0071134 -0.0148047 0.00594833 -0.0159456 -0.0148047 0.0806629 
0.013509 -0.0227676 -0.00466305 0.0059485 -0.0227676 0.101812 0.0059392 -0.015975 -0.00466305 0.0059392 0.00710891 -0.0148859 0.0059485 -0.015975 -0.0148859 0.0808768 
0.0135275 -0.0228356 -0.00465659 0.00589083 -0.0228356 0.101919 0.00589494 -0.0158936 -0.00465659 0.00589494 0.00710605 -0.0148882 0.00589083 -0.0158936 -0.0148882 0.0809788 
0.0135216 -0.0228721 -0.004667 0.00586851 -0.0228721 0.10205 0.00588112 -0.0158062 -0.004667 0.00588112 0.00712234 -0.0148825 0.00586851 -0.0158062 -0.0148825 0.0809935 
0.0135003 -0.0228687 -0.00468183 0.00587906 -0.0228687 0.102102 0.00589118 -0.0157896 -0.00468183 0.00589118 0.00715905 -0.0148964 0.00587906 -0.0157896 -0.0148964 0.0810057 
0.0134661 -0.0228388 -0.00470308 0.0059056 -0.0228388 0.102063 0.00591163 -0.0158349 -0.00470308 0.00591163 0.00718998 -0.0149344 0.0059056 -0.0158349 -0.0149344 0.0810526 
0.0134774 -0.0227969 -0.00469101 0.00593476 -0.0227969 0.101979 0.00593248 -0.0158908 -0.00469101 0.00593248 0.0071947 -0.0149782 0.00593476 -0.0158908 -0.0149782 0.0811524 
0.0134714 -0.0228011 -0.00469124 0.00592706 -0.0228011 0.101936 0.00592363 -0.0159133 -0.00469124 0.00592363 0.00720686 -0.0149852 0.00592706 -0.0159133 -0.0149852 0.0812009 
0.0134949 -0.0227986 -0.00467144 0.00592103 -0.0227986 0.10193 0.00591716 -0.0158973 -0.00467144 0.00591716 0.0071789 -0.0150052 0.00592103 -0.0158973 -0.0150052 0.081255 
0.0135833 -0.0228239 -0.00460977 0.00589863 -0.0228239 0.101961 0.00589745 -0.0158603 -0.00460977 0.00589745 0.00706305 -0.0149754 0.00589863 -0.0158603 -0.0149754 0.0812359 
0.0136449 -0.0229368 -0.00456158 0.00581181 -0.0229368 0.102161 0.0058221 -0.0157065 -0.00456158 0.0058221 0.00699647 -0.0148406 0.00581181 -0.0157065 -0.0148406 0.0810303 
0.0135795 -0.0230091 -0.00461219 0.00575698 -0.0230091 0.102365 0.00577597 -0.0155695 -0.00461219 0.00577597 0.00704628 -0.014738 0.00575698 -0.0155695 -0.014738 0.0807307 
0.0134998 -0.0229335 -0.00467385 0.00582312 -0.0229335 0.102333 0.00582954 -0.015606 -0.00467385 0.00582954 0.00712022 -0.0147913 0.00582312 -0.015606 -0.0147913 0.0806855 
0.0134626 -0.0228371 -0.00469739 0.00590098 -0.0228371 0.102145 0.00589 -0.015738 -0.00469739 0.00589 0.00719319 -0.0148987 0.00590098 -0.015738 -0.0148987 0.0808982 
0.0133986 -0.0227735 -0.00475369 0.00595129 -0.0227735 0.10193 0.00593386 -0.0159044 -0.00475369 0.00593386 0.0072416 -0.0149819 0.00595129 -0.0159044 -0.0149819 0.0811021 
0.0133355 -0.0227012 -0.00480581 0.00601432 -0.0227012 0.101746 0.00599691 -0.0160536 -0.00480581 0.00599691 0.0072955 -0.0150407 0.00601432 -0.0160536 -0.0150407 0.0812801 
0.0132759 -0.0226402 -0.00482176 0.00606059 -0.0226402 0.101603 0.00604551 -0.0161619 -0.00482176 0.00604551 0.00745037 -0.0151161 0.00606059 -0.0161619 -0.0151161 0.0814872 
0.0133293 -0.0225607 -0.0047805 0.00609108 -0.0225607 0.101408 0.00607465 -0.0162761 -0.0047805 0.00607465 0.00740378 -0.0152899 0.00609108 -0.0162761 -0.0152899 0.0817956 
0.0134113 -0.0226255 -0.00472826 0.00602967 -0.0226255 0.10143 0.00602154 -0.0162148 -0.00472826 0.00602154 0.00730618 -0.0152595 0.00602967 -0.0162148 -0.0152595 0.0819349 
0.0134472 -0.0227285 -0.00471639 0.00595541 -0.0227285 0.101633 0.00596284 -0.0160632 -0.00471639 0.00596284 0.00722622 -0.0151381 0.00595541 -0.0160632 -0.0151381 0.0817683 
0.013492 -0.0227764 -0.0047008 0.00593681 -0.0227764 0.101806 0.00595095 -0.0159717 -0.0047008 0.00595095 0.00711976 -0.0150282 0.00593681 -0.0159717 -0.0150282 0.0814966 
0.0135356 -0.0228301 -0.00467644 0.00591961 -0.0228301 0.101948 0.00593747 -0.0159241 -0.00467644 0.00593747 0.00704317 -0.0148891 0.00591961 -0.0159241 -0.0148891 0.0811638 
0.0135204 -0.0228861 -0.00468116 0.00589084 -0.0228861 0.102096 0.00590984 -0.0158622 -0.00468116 0.00590984 0.00709378 -0.0147851 0.00589084 -0.0158622 -0.0147851 0.0808519 
0.0134947 -0.0228708 -0.00469388 0.00589832 -0.0228708 0.102134 0.00590973 -0.0158427 -0.00469388 0.00590973 0.00717081 -0.014841 0.00589832 -0.0158427 -0.014841 0.080803 
0.0134635 -0.0228507 -0.00468531 0.00590125 -0.0228507 0.102121 0.00590374 -0.0158123 -0.00468531 0.00590374 0.00733448 -0.0149623 0.00590125 -0.0158123 -0.0149623 0.0810474 
0.0134387 -0.0228141 -0.00468092 0.00589074 -0.0228141 0.102055 0.00588646 -0.0157809 -0.00468092 0.00588646 0.00745049 -0.015173 0.00589074 -0.0157809 -0.015173 0.0814885 
0.0133789 -0.0227911 -0.00470194 0.00587158 -0.0227911 0.102002 0.00586254 -0.0157089 -0.00470194 0.00586254 0.00757975 -0.0153464 0.00587158 -0.0157089 -0.0153464 0.0819976 
0.0133499 -0.0227266 -0.00469994 0.00588625 -0.0227266 0.101896 0.00587203 -0.0156776 -0.00469994 0.00587203 0.00768271 -0.0155239 0.00588625 -0.0156776 -0.0155239 0.0825009 
0.0133452 -0.0226909 -0.00469186 0.00588253 -0.0226909 0.101788 0.00586603 -0.0156612 -0.00469186 0.00586603 0.00773367 -0.015662 0.00588253 -0.0156612 -0.015662 0.0829295 
0.0133527 -0.0226809 -0.00469394 0.00587359 -0.0226809 0.101727 0.00586148 -0.0156504 -0.00469394 0.00586148 0.00769697 -0.0157214 0.00587359 -0.0156504 -0.0157214 0.0831741 
0.0133501 -0.0226959 -0.00469266 0.0058662 -0.0226959 0.101742 0.00586074 -0.015624 -0.00469266 0.00586074 0.00770864 -0.0156854 0.0058662 -0.015624 -0.0156854 0.0832217 
0.0133524 -0.0226859 -0.00470359 0.00587474 -0.0226859 0.101726 0.00587184 -0.0156502 -0.00470359 0.00587184 0.00765212 -0.0156781 0.00587474 -0.0156502 -0.0156781 0.0831677 
0.0133051 -0.0226862 -0.00474395 0.00588875 -0.0226862 0.101716 0.0058863 -0.0156835 -0.00474395 0.0058863 0.00766081 -0.0156137 0.00588875 -0.0156835 -0.0156137 0.0830608 
0.0133018 -0.0226276 -0.00475086 0.0059437 -0.0226276 0.101617 0.00593805 -0.0157888 -0.00475086 0.00593805 0.00764656 -0.015612 0.0059437 -0.0157888 -0.015612 0.0829887 
0.013364 -0.0226322 -0.00469073 0.00593824 -0.0226322 0.101589 0.00593302 -0.0158027 -0.00469073 0.00593302 0.00767187 -0.0156179 0.00593824 -0.0158027 -0.0156179 0.0830281 
0.0133629 -0.0227023 -0.00468678 0.00586874 -0.0227023 0.101681 0.00587088 -0.0157212 -0.00468678 0.00587088 0.00769549 -0.0156374 0.00586874 -0.0157212 -0.0156374 0.0830411 
