0.0092148 0 -0.00225011 0 0 0.01 0 0 -0.00225011 0 0.00426137 0 0 0 0 0.01 
0.0128693 -0.0159321 -0.00325686 0.00401633 -0.0159321 0.0397237 0.00401633 -0.00770033 -0.00325686 0.00401633 0.00620534 -0.00772919 0.00401633 -0.00770033 -0.00772919 0.0239944 
0.0125364 -0.0227745 -0.00311626 0.00534214 -0.0227745 0.0817893 0.00534214 -0.0170742 -0.00311626 0.00534214 0.00643837 -0.0124358 0.00534214 -0.0170742 -0.0124358 0.0488629 
0.0117397 -0.0212933 -0.00281561 0.00430314 -0.0212933 0.0924261 0.00429612 -0.0159642 -0.00281561 0.00429612 0.00619014 -0.0132804 0.00430314 -0.0159642 -0.0132804 0.0633608 
0.011838 -0.0205069 -0.00278266 0.00372665 -0.0205069 0.0937811 0.0037163 -0.0127943 -0.00278266 0.0037163 0.0061709 -0.0133719 0.00372665 -0.0127943 -0.0133719 0.0708431 
0.0121206 -0.0206217 -0.00290132 0.00373965 -0.0206217 0.0947172 0.00373014 -0.0113878 -0.00290132 0.00373014 0.00621092 -0.0134279 0.00373965 -0.0113878 -0.0134279 0.0743651 
0.0123223 -0.0209612 -0.00299762 0.00386998 -0.0209612 0.0959014 0.00386521 -0.0110468 -0.00299762 0.00386521 0.0062226 -0.0133203 0.00386998 -0.0110468 -0.0133203 0.0753918 
0.0123951 -0.0211465 -0.00302448 0.00400471 -0.0211465 0.0966461 0.00400451 -0.011187 -0.00302448 0.00400451 0.00624447 -0.0132182 0.00400471 -0.011187 -0.0132182 0.0754022 
0.0124193 -0.0211667 -0.0030579 0.0040778 -0.0211667 0.0968506 0.00407899 -0.01143 -0.0030579 0.00407899 0.00624971 -0.0132224 0.0040778 -0.01143 -0.0132224 0.0753172 
0.0124022 -0.0211981 -0.00305728 0.00410949 -0.0211981 0.096942 0.00411385 -0.0115621 -0.00305728 0.00411385 0.00628925 -0.0132143 0.00410949 -0.0115621 -0.0132143 0.0752457 
0.0123959 -0.0212424 -0.00299303 0.00406019 -0.0212424 0.097124 0.00406342 -0.0114741 -0.00299303 0.00406342 0.00633422 -0.01322 0.00406019 -0.0114741 -0.01322 0.0751771 
0.0123653 -0.0211809 -0.00299444 0.00402146 -0.0211809 0.0970274 0.00401787 -0.0114124 -0.00299444 0.00401787 0.00638011 -0.0133486 0.00402146 -0.0114124 -0.0133486 0.0754485 
0.012338 -0.021122 -0.00299519 0.00402879 -0.021122 0.0968612 0.00401723 -0.0113844 -0.00299519 0.00401723 0.00640525 -0.0134457 0.00402879 -0.0113844 -0.0134457 0.0757893 
0.0123296 -0.0210598 -0.00301416 0.00404971 -0.0210598 0.096662 0.0040373 -0.0114332 -0.00301416 0.0040373 0.00640629 -0.01351 0.00404971 -0.0114332 -0.01351 0.0760721 
0.0123081 -0.0210355 -0.00302753 0.00407944 -0.0210355 0.0965262 0.0040745 -0.0115197 -0.00302753 0.0040745 0.00640675 -0.013521 0.00407944 -0.0115197 -0.013521 0.0762089 
0.0122917 -0.0210308 -0.00308062 0.00407956 -0.0210308 0.0965007 0.00408423 -0.0115492 -0.00308062 0.00408423 0.00641392 -0.0134942 0.00407956 -0.0115492 -0.0134942 0.0761779 
0.0123054 -0.0210592 -0.00314494 0.00410848 -0.0210592 0.0965991 0.00411191 -0.0115532 -0.00314494 0.00411191 0.00641451 -0.0134498 0.00410848 -0.0115532 -0.0134498 0.0760246 
0.0123888 -0.0210871 -0.0031884 0.00419107 -0.0210871 0.0966971 0.00418233 -0.0116785 -0.0031884 0.00418233 0.00634931 -0.0134399 0.00419107 -0.0116785 -0.0134399 0.0759298 
0.0124827 -0.0212051 -0.00318208 0.00424228 -0.0212051 0.0969373 0.00423654 -0.01182 -0.00318208 0.00423654 0.00627025 -0.0133584 0.00424228 -0.01182 -0.0133584 0.075771 
0.0124801 -0.0212967 -0.0031956 0.00425907 -0.0212967 0.0971645 0.00427025 -0.0119573 -0.0031956 0.00427025 0.00627306 -0.0132936 0.00425907 -0.0119573 -0.0132936 0.0756361 
0.0124582 -0.021337 -0.00319425 0.00424491 -0.021337 0.097385 0.0042618 -0.0119467 -0.00319425 0.0042618 0.00630453 -0.0132651 0.00424491 -0.0119467 -0.0132651 0.0754966 
0.0124356 -0.0213062 -0.00320432 0.0042463 -0.0213062 0.0974113 0.00425088 -0.0119274 -0.00320432 0.00425088 0.00633226 -0.0133104 0.0042463 -0.0119274 -0.0133104 0.07553 
0.0124721 -0.0212887 -0.00318769 0.00425087 -0.0212887 0.0973921 0.00424017 -0.0118954 -0.00318769 0.00424017 0.00631861 -0.0133418 0.00425087 -0.0118954 -0.0133418 0.0756081 
0.0124767 -0.0213052 -0.00316496 0.00424998 -0.0213052 0.0973692 0.00423811 -0.011908 -0.00316496 0.00423811 0.0063229 -0.0133574 0.00424998 -0.011908 -0.0133574 0.0757067 
0.012518 -0.0213059 -0.00314526 0.00422509 -0.0213059 0.0973652 0.00422035 -0.0118849 -0.00314526 0.00422035 0.00629007 -0.0133778 0.00422509 -0.0118849 -0.0133778 0.0757923 
0.0125678 -0.0213711 -0.00314441 0.00418045 -0.0213711 0.0974807 0.00418831 -0.0117939 -0.00314441 0.00418831 0.00625586 -0.0133316 0.00418045 -0.0117939 -0.0133316 0.0757539 
0.0125964 -0.0214336 -0.00311614 0.00417766 -0.0214336 0.0976383 0.00419372 -0.0117581 -0.00311614 0.00419372 0.00622365 -0.0132941 0.00417766 -0.0117581 -0.0132941 0.0756743 
0.012593 -0.02149 -0.00306453 0.00413015 -0.02149 0.0978206 0.00415002 -0.011668 -0.00306453 0.00415002 0.00621835 -0.0132417 0.00413015 -0.011668 -0.0132417 0.0755493 
0.0126103 -0.0215008 -0.00304077 0.00405468 -0.0215008 0.0979292 0.0040721 -0.0114886 -0.00304077 0.0040721 0.0062006 -0.0132203 0.00405468 -0.0114886 -0.0132203 0.0754487 
0.0126295 -0.0215328 -0.00301826 0.00400991 -0.0215328 0.0980242 0.00402087 -0.0113133 -0.00301826 0.00402087 0.00618188 -0.0131854 0.00400991 -0.0113133 -0.0131854 0.0753464 
0.0126458 -0.0215396 -0.00302586 0.00400071 -0.0215396 0.0980491 0.00400288 -0.0112456 -0.00302586 0.00400288 0.00618209 -0.0131754 0.00400071 -0.0112456 -0.0131754 0.0753032 
0.0126191 -0.0215065 -0.00301147 0.00405675 -0.0215065 0.0979371 0.00405042 -0.0113595 -0.00301147 0.00405042 0.00620389 -0.0132204 0.00405675 -0.0113595 -0.0132204 0.075404 
0.0125763 -0.0214522 -0.00300344 0.00406056 -0.0214522 0.0977778 0.00405211 -0.0114464 -0.00300344 0.00405211 0.00622926 -0.0132675 0.00406056 -0.0114464 -0.0132675 0.0755467 
0.0125809 -0.0214002 -0.00301153 0.00404382 -0.0214002 0.0976283 0.00403631 -0.0114401 -0.00301153 0.00403631 0.00621998 -0.0132932 0.00404382 -0.0114401 -0.0132932 0.0756415 
0.0125487 -0.0214107 -0.00302198 0.00404164 -0.0214107 0.0975847 0.00403923 -0.0114226 -0.00302198 0.00403923 0.00624212 -0.0132685 0.00404164 -0.0114226 -0.0132685 0.0756237 
0.0125674 -0.0214059 -0.00296517 0.00403146 -0.0214059 0.0976149 0.00402577 -0.0113718 -0.00296517 0.00402577 0.00623531 -0.0132618 0.00403146 -0.0113718 -0.0132618 0.0755559 
0.0125657 -0.021416 -0.00287427 0.00396977 -0.021416 0.0976176 0.00396661 -0.0112723 -0.00287427 0.00396661 0.0062432 -0.013264 0.00396977 -0.0112723 -0.013264 0.0755473 
0.0125629 -0.0213887 -0.00284119 0.00386834 -0.0213887 0.0975482 0.00387565 -0.0110922 -0.00284119 0.00387565 0.00625368 -0.0133 0.00386834 -0.0110922 -0.0133 0.0756292 
0.0125828 -0.0213688 -0.00285717 0.00382606 -0.0213688 0.0974644 0.00383961 -0.0109485 -0.00285717 0.00383961 0.00623533 -0.0133301 0.00382606 -0.0109485 -0.0133301 0.0757351 
0.0126111 -0.0214095 -0.00286402 0.00383208 -0.0214095 0.0975143 0.00384853 -0.0108921 -0.00286402 0.00384853 0.0062065 -0.0132985 0.00383208 -0.0108921 -0.0132985 0.0757186 
0.0126019 -0.0214395 -0.00286181 0.00385404 -0.0214395 0.0975854 0.00387211 -0.0109347 -0.00286181 0.00387211 0.00621271 -0.0132676 0.00385404 -0.0109347 -0.0132676 0.0756601 
0.0126022 -0.0214648 -0.0028641 0.00382861 -0.0214648 0.097704 0.00384476 -0.0108827 -0.0028641 0.00384476 0.00621597 -0.013244 0.00382861 -0.0108827 -0.013244 0.0755601 
0.0125762 -0.0214658 -0.00287049 0.00383212 -0.0214658 0.097751 0.0038399 -0.0108498 -0.00287049 0.0038399 0.00625369 -0.0132485 0.00383212 -0.0108498 -0.0132485 0.0755314 
0.0126024 -0.0214145 -0.00291718 0.00386167 -0.0214145 0.0976619 0.00385557 -0.0108941 -0.00291718 0.00385557 0.00623602 -0.0133148 0.00386167 -0.0108941 -0.0133148 0.0756498 
0.0126115 -0.0214372 -0.0029473 0.00392353 -0.0214372 0.0976405 0.00391391 -0.0110116 -0.0029473 0.00391391 0.00623301 -0.0133079 0.00392353 -0.0110116 -0.0133079 0.0757198 
0.0125597 -0.0214285 -0.00295159 0.00398626 -0.0214285 0.0976073 0.00398031 -0.0112003 -0.00295159 0.00398031 0.00626255 -0.013325 0.00398626 -0.0112003 -0.013325 0.0757848 
0.012487 -0.0213693 -0.00294983 0.003991 -0.0213693 0.0975113 0.00398657 -0.0112845 -0.00294983 0.00398657 0.00630696 -0.0133569 0.003991 -0.0112845 -0.0133569 0.0758555 
0.012429 -0.0212693 -0.00296903 0.00399052 -0.0212693 0.0972961 0.00398146 -0.0113015 -0.00296903 0.00398146 0.00633553 -0.0134068 0.00399052 -0.0113015 -0.0134068 0.07596 
0.0123764 -0.0211834 -0.00300446 0.0040171 -0.0211834 0.0970449 0.00400299 -0.011343 -0.00300446 0.00400299 0.00636013 -0.0134379 0.0040171 -0.011343 -0.0134379 0.0760451 
0.0123707 -0.0211377 -0.00302251 0.00404341 -0.0211377 0.096896 0.00402657 -0.0113796 -0.00302251 0.00402657 0.00634869 -0.0134322 0.00404341 -0.0113796 -0.0134322 0.0760228 
0.0124284 -0.0211266 -0.00308537 0.00406878 -0.0211266 0.0968154 0.00405489 -0.0114457 -0.00308537 0.00405489 0.0062921 -0.0134049 0.00406878 -0.0114457 -0.0134049 0.0759459 
0.0124579 -0.0212138 -0.00310494 0.00413282 -0.0212138 0.096942 0.00412922 -0.01157 -0.00310494 0.00412922 0.00626866 -0.0133131 0.00413282 -0.01157 -0.0133131 0.075734 
0.012493 -0.0212469 -0.00314642 0.00417483 -0.0212469 0.0970592 0.00418031 -0.0117319 -0.00314642 0.00418031 0.00622542 -0.0132878 0.00417483 -0.0117319 -0.0132878 0.0755951 
0.0124985 -0.0213369 -0.00311685 0.00418811 -0.0213369 0.097306 0.00419977 -0.0117722 -0.00311685 0.00419977 0.00621997 -0.013196 0.00418811 -0.0117722 -0.013196 0.0753619 
0.0125252 -0.0213971 -0.00308536 0.00411555 -0.0213971 0.097574 0.00412718 -0.0116303 -0.00308536 0.00412718 0.0062215 -0.0131415 0.00411555 -0.0116303 -0.0131415 0.0751199 
0.0125366 -0.0214333 -0.00302832 0.00406962 -0.0214333 0.0977323 0.0040726 -0.0114677 -0.00302832 0.0040726 0.00623818 -0.013147 0.00406962 -0.0114677 -0.013147 0.075044 
0.0125365 -0.0214488 -0.00297665 0.00399915 -0.0214488 0.0978162 0.00399368 -0.0112816 -0.00297665 0.00399368 0.00626821 -0.0131873 0.00399915 -0.0112816 -0.0131873 0.0751134 
0.012574 -0.0214178 -0.00297148 0.00395451 -0.0214178 0.0977596 0.0039421 -0.0111471 -0.00297148 0.0039421 0.00627172 -0.0132708 0.00395451 -0.0111471 -0.0132708 0.0753425 
0.0125749 -0.0213905 -0.00298039 0.00399916 -0.0213905 0.0975923 0.00398603 -0.0112264 -0.00298039 0.00398603 0.00627447 -0.0133571 0.00399916 -0.0112264 -0.0133571 0.075679 
0.0126033 -0.0214163 -0.00299045 0.00399322 -0.0214163 0.0976033 0.00398829 -0.0112501 -0.00299045 0.00398829 0.00624494 -0.0133558 0.00399322 -0.0112501 -0.0133558 0.0758144 
0.0126366 -0.0214278 -0.00299784 0.00402416 -0.0214278 0.0976024 0.00402763 -0.0113385 -0.00299784 0.00402763 0.00619978 -0.0133412 0.00402416 -0.0113385 -0.0133412 0.0758624 
0.0127021 -0.0215184 -0.00301413 0.00399333 -0.0215184 0.0978075 0.00400873 -0.0112977 -0.00301413 0.00400873 0.00614467 -0.0132402 0.00399333 -0.0112977 -0.0132402 0.0756684 
0.0126888 -0.0215579 -0.00306147 0.00405049 -0.0215579 0.0979061 0.00407141 -0.01142 -0.00306147 0.00407141 0.0061559 -0.0132012 0.00405049 -0.01142 -0.0132012 0.0755437 
0.0126456 -0.0215466 -0.00307952 0.00411758 -0.0215466 0.0979381 0.00413193 -0.0115838 -0.00307952 0.00413193 0.00618261 -0.0132111 0.00411758 -0.0115838 -0.0132111 0.0755007 
0.0126023 -0.0214686 -0.00307515 0.00416571 -0.0214686 0.0977929 0.00416859 -0.0117462 -0.00307515 0.00416859 0.00619407 -0.0132611 0.00416571 -0.0117462 -0.0132611 0.0755885 
0.0125198 -0.021409 -0.00303794 0.00416054 -0.021409 0.0976226 0.00416154 -0.0117939 -0.00303794 0.00416154 0.00624373 -0.0132691 0.00416054 -0.0117939 -0.0132691 0.0756375 
0.0124818 -0.0213462 -0.00298819 0.00407585 -0.0213462 0.0975073 0.0040769 -0.011625 -0.00298819 0.0040769 0.00626671 -0.0132799 0.00407585 -0.011625 -0.0132799 0.0756059 
0.0124872 -0.0213096 -0.00295935 0.00399225 -0.0213096 0.0974075 0.00399308 -0.0113855 -0.00295935 0.00399308 0.0062624 -0.0132848 0.00399225 -0.0113855 -0.0132848 0.0755734 
0.0125388 -0.0213249 -0.00293921 0.00394105 -0.0213249 0.0974009 0.0039426 -0.0111895 -0.00293921 0.0039426 0.00621906 -0.0132642 0.00394105 -0.0111895 -0.0132642 0.0755076 
0.0125669 -0.0214057 -0.00295669 0.00390083 -0.0214057 0.0975532 0.00390927 -0.0110446 -0.00295669 0.00390927 0.00620967 -0.0131986 0.00390083 -0.0110446 -0.0131986 0.0753587 
0.0125668 -0.0214309 -0.00297387 0.0039394 -0.0214309 0.0976561 0.00394468 -0.011067 -0.00297387 0.00394468 0.00622986 -0.0132015 0.0039394 -0.011067 -0.0132015 0.0753105 
0.0125556 -0.0214237 -0.00297953 0.00397868 -0.0214237 0.0976728 0.00397422 -0.0111576 -0.00297953 0.00397422 0.0062407 -0.013245 0.00397868 -0.0111576 -0.013245 0.075391 
0.0125422 -0.0213862 -0.00296856 0.00400783 -0.0213862 0.0975861 0.00399682 -0.0112593 -0.00296856 0.00399682 0.0062463 -0.0132884 0.00400783 -0.0112593 -0.0132884 0.0755408 
0.0125556 -0.0213897 -0.00291645 0.00397343 -0.0213897 0.0975772 0.0039663 -0.0112226 -0.00291645 0.0039663 0.00623735 -0.013277 0.00397343 -0.0112226 -0.013277 0.0755678 
0.0125438 -0.0213614 -0.00289248 0.00393631 -0.0213614 0.0974754 0.00393988 -0.0111939 -0.00289248 0.00393988 0.0062359 -0.0133005 0.00393631 -0.0111939 -0.0133005 0.0756438 
0.0125384 -0.0213875 -0.00289906 0.00386531 -0.0213875 0.0975271 0.00387876 -0.011024 -0.00289906 0.00387876 0.00623861 -0.0132613 0.00386531 -0.011024 -0.0132613 0.0755742 
0.012537 -0.0213719 -0.00291199 0.00388052 -0.0213719 0.0975144 0.00388968 -0.0109793 -0.00291199 0.00388968 0.00624232 -0.0132678 0.00388052 -0.0109793 -0.0132678 0.0755491 
0.0125105 -0.0213534 -0.00293126 0.00391694 -0.0213534 0.0974536 0.00391737 -0.0110451 -0.00293126 0.00391737 0.00625992 -0.0132852 0.00391694 -0.0110451 -0.0132852 0.0755835 
0.0125397 -0.0213558 -0.00293926 0.00391622 -0.0213558 0.0974797 0.00391151 -0.0110362 -0.00293926 0.00391151 0.00624501 -0.0132759 0.00391622 -0.0110362 -0.0132759 0.07555 
0.0125444 -0.0213619 -0.00300645 0.00394966 -0.0213619 0.097459 0.0039438 -0.0111119 -0.00300645 0.0039438 0.00623532 -0.0132827 0.00394966 -0.0111119 -0.0132827 0.0755739 
0.0125819 -0.0214208 -0.00300402 0.00399533 -0.0214208 0.0976145 0.00398594 -0.011162 -0.00300402 0.00398594 0.00619999 -0.0132306 0.00399533 -0.011162 -0.0132306 0.0754601 
0.012614 -0.0214535 -0.00301277 0.00401304 -0.0214535 0.0977149 0.0040044 -0.0112469 -0.00301277 0.0040044 0.00616925 -0.013199 0.00401304 -0.0112469 -0.013199 0.0753743 
0.0126158 -0.0214628 -0.00298635 0.00404687 -0.0214628 0.097731 0.0040431 -0.0113642 -0.00298635 0.0040431 0.00616295 -0.0131845 0.00404687 -0.0113642 -0.0131845 0.0753434 
0.012631 -0.0214755 -0.00295774 0.00400536 -0.0214755 0.0977688 0.00400923 -0.0113486 -0.00295774 0.00400923 0.00614873 -0.0131661 0.00400536 -0.0113486 -0.0131661 0.0752881 
0.0126278 -0.0214949 -0.00293288 0.0039595 -0.0214949 0.097813 0.00397146 -0.0112577 -0.00293288 0.00397146 0.00615341 -0.0131458 0.0039595 -0.0112577 -0.0131458 0.07523 
0.0126883 -0.021511 -0.00289536 0.0039103 -0.021511 0.0978841 0.0039222 -0.0111175 -0.00289536 0.0039222 0.00610233 -0.0131347 0.0039103 -0.0111175 -0.0131347 0.0751687 
0.0127438 -0.021609 -0.0028491 0.00383807 -0.021609 0.098088 0.00385548 -0.0109262 -0.0028491 0.00385548 0.006065 -0.0130569 0.00383807 -0.0109262 -0.0130569 0.0750115 
0.0127527 -0.021661 -0.00283996 0.00379878 -0.021661 0.0982432 0.00382074 -0.0108138 -0.00283996 0.00382074 0.00607266 -0.013031 0.00379878 -0.0108138 -0.013031 0.0749207 
0.012739 -0.0216657 -0.00284563 0.00379715 -0.0216657 0.0983047 0.00381227 -0.0107712 -0.00284563 0.00381227 0.00610371 -0.0130551 0.00379715 -0.0107712 -0.0130551 0.0749423 
0.012681 -0.0216078 -0.00283813 0.00384458 -0.0216078 0.09818 0.00384658 -0.010866 -0.00283813 0.00384658 0.00616672 -0.0131361 0.00384458 -0.010866 -0.0131361 0.0751372 
0.0126767 -0.0215337 -0.00286403 0.00384027 -0.0215337 0.098004 0.00383211 -0.0108951 -0.00286403 0.00383211 0.00616672 -0.0132241 0.00384027 -0.0108951 -0.0132241 0.0753779 
0.0126896 -0.0215185 -0.00287321 0.00387096 -0.0215185 0.0978871 0.00386159 -0.0109428 -0.00287321 0.00386159 0.00614622 -0.0132363 0.00387096 -0.0109428 -0.0132363 0.0755185 
0.0126694 -0.0215385 -0.00288899 0.00388124 -0.0215385 0.0978868 0.00388024 -0.010994 -0.00288899 0.00388024 0.00615439 -0.0132052 0.00388124 -0.010994 -0.0132052 0.0755069 
0.0126539 -0.0215112 -0.00292673 0.00390601 -0.0215112 0.0978522 0.00390855 -0.0110625 -0.00292673 0.00390855 0.006153 -0.01321 0.00390601 -0.0110625 -0.01321 0.0754906 
0.0126035 -0.0214819 -0.0029887 0.00396047 -0.0214819 0.0977741 0.00396074 -0.0111825 -0.0029887 0.00396074 0.00618357 -0.0132088 0.00396047 -0.0111825 -0.0132088 0.0754829 
0.0125836 -0.0214692 -0.00299978 0.00400281 -0.0214692 0.0977868 0.00399307 -0.011241 -0.00299978 0.00399307 0.00620806 -0.0131954 0.00400281 -0.011241 -0.0131954 0.0753981 
0.0125692 -0.0214664 -0.00294257 0.00400262 -0.0214664 0.0978103 0.00398404 -0.0112409 -0.00294257 0.00398404 0.00624545 -0.0132019 0.00400262 -0.0112409 -0.0132019 0.0753475 
0.0125302 -0.021404 -0.00289679 0.00396682 -0.021404 0.097665 0.00394723 -0.011224 -0.00289679 0.00394723 0.00629157 -0.0132925 0.00396682 -0.011224 -0.0132925 0.0755198 
0.0124826 -0.0213309 -0.002863 0.00391528 -0.0213309 0.0974567 0.00390156 -0.0111374 -0.002863 0.00390156 0.00633457 -0.0133817 0.00391528 -0.0111374 -0.0133817 0.0757804 
0.0124872 -0.0213112 -0.00287357 0.00382931 -0.0213112 0.0973903 0.00382214 -0.0109143 -0.00287357 0.00382214 0.00634061 -0.0134074 0.00382931 -0.0109143 -0.0134074 0.0759044 
0.0124398 -0.0212737 -0.00293278 0.00387001 -0.0212737 0.0972531 0.00386252 -0.0109179 -0.00293278 0.00386252 0.00637266 -0.0134531 0.00387001 -0.0109179 -0.0134531 0.076063 
0.0124205 -0.0212617 -0.00299242 0.00391642 -0.0212617 0.0972416 0.00390022 -0.0109618 -0.00299242 0.00390022 0.00638626 -0.013454 0.00391642 -0.0109618 -0.013454 0.0760885 
0.0124355 -0.0212147 -0.00302495 0.00401837 -0.0212147 0.0971322 0.00398924 -0.0111633 -0.00302495 0.00398924 0.00636722 -0.0134854 0.00401837 -0.0111633 -0.0134854 0.0761591 
0.0124497 -0.0212287 -0.0030515 0.00406526 -0.0212287 0.0970986 0.00403879 -0.0113417 -0.0030515 0.00403879 0.00635912 -0.0134613 0.00406526 -0.0113417 -0.0134613 0.0761518 
0.0124916 -0.0212414 -0.00302944 0.00410194 -0.0212414 0.0971063 0.00408659 -0.0114836 -0.00302944 0.00408659 0.00631744 -0.0134524 0.00410194 -0.0114836 -0.0134524 0.0761241 
0.0125488 -0.0213155 -0.00301101 0.00405198 -0.0213155 0.0972557 0.00405574 -0.0114603 -0.00301101 0.00405574 0.0062639 -0.0133841 0.00405198 -0.0114603 -0.0133841 0.0759885 
0.0125704 -0.0213984 -0.0029741 0.00401152 -0.0213984 0.0974703 0.0040328 -0.0113757 -0.0029741 0.0040328 0.00625515 -0.0133091 0.00401152 -0.0113757 -0.0133091 0.0757976 
0.0125471 -0.0214164 -0.00302435 0.00397441 -0.0214164 0.0975809 0.00400046 -0.0113015 -0.00302435 0.00400046 0.00628576 -0.0133069 0.00397441 -0.0113015 -0.0133069 0.0757211 
0.0125547 -0.0213973 -0.00309256 0.00403203 -0.0213973 0.0976009 0.00404167 -0.0113276 -0.00309256 0.00404167 0.00628973 -0.0133446 0.00403203 -0.0113276 -0.0133446 0.0757586 
0.0125866 -0.0213808 -0.00315817 0.00414911 -0.0213808 0.0975395 0.00414004 -0.011551 -0.00315817 0.00414004 0.00625499 -0.013379 0.00414911 -0.011551 -0.013379 0.0758761 
0.0126264 -0.0214582 -0.00314799 0.00420875 -0.0214582 0.0976859 0.00419839 -0.0117167 -0.00314799 0.00419839 0.00623059 -0.0133089 0.00420875 -0.0117167 -0.0133089 0.0757888 
0.0126657 -0.0215271 -0.00316079 0.00418804 -0.0215271 0.0978911 0.00418564 -0.0117511 -0.00316079 0.00418564 0.00621186 -0.0132649 0.00418804 -0.0117511 -0.0132649 0.075652 
0.0126917 -0.0215063 -0.00324469 0.00425419 -0.0215063 0.0978539 0.00425648 -0.0119246 -0.00324469 0.00425648 0.00616842 -0.0133076 0.00425419 -0.0119246 -0.0133076 0.0757389 
0.0126949 -0.0215416 -0.0032801 0.00435671 -0.0215416 0.0978928 0.00436265 -0.0121608 -0.0032801 0.00436265 0.00614476 -0.0132556 0.00435671 -0.0121608 -0.0132556 0.0757072 
0.0126677 -0.0215665 -0.00332792 0.00439572 -0.0215665 0.0979853 0.00440642 -0.012327 -0.00332792 0.00440642 0.00614611 -0.0131987 0.00439572 -0.012327 -0.0131987 0.0755575 
0.0126324 -0.0215781 -0.00330833 0.00442208 -0.0215781 0.0980986 0.00442778 -0.0123783 -0.00330833 0.00442778 0.00617683 -0.0131489 0.00442208 -0.0123783 -0.0131489 0.0753562 
0.0125775 -0.0215337 -0.00323839 0.00440365 -0.0215337 0.0980662 0.00439752 -0.0123632 -0.00323839 0.00439752 0.0062413 -0.0131766 0.00440365 -0.0123632 -0.0131766 0.075304 
0.0125543 -0.0214591 -0.00317628 0.00431532 -0.0214591 0.0979167 0.00430138 -0.0121997 -0.00317628 0.00430138 0.006288 -0.013262 0.00431532 -0.0121997 -0.013262 0.0754319 
0.0124922 -0.0213871 -0.00317607 0.00425421 -0.0213871 0.0976791 0.00424108 -0.0120445 -0.00317607 0.00424108 0.00636086 -0.0133654 0.00425421 -0.0120445 -0.0133654 0.0757124 
0.012504 -0.0213568 -0.00309842 0.00421093 -0.0213568 0.0975979 0.00419336 -0.0118514 -0.00309842 0.00419336 0.00635931 -0.0134298 0.00421093 -0.0118514 -0.0134298 0.075906 
0.0125044 -0.0213218 -0.00306833 0.00414825 -0.0213218 0.0974481 0.00413616 -0.011734 -0.00306833 0.00413616 0.00635262 -0.0134804 0.00414825 -0.011734 -0.0134804 0.0761298 
0.0125226 -0.0213319 -0.00305935 0.00409192 -0.0213319 0.0974211 0.00409307 -0.0115846 -0.00305935 0.00409307 0.00632483 -0.0134664 0.00409192 -0.0115846 -0.0134664 0.076189 
0.0125387 -0.0213734 -0.00303568 0.00406447 -0.0213734 0.0975047 0.00407473 -0.0114742 -0.00303568 0.00407473 0.00630365 -0.0134117 0.00406447 -0.0114742 -0.0134117 0.0760953 
0.0125272 -0.0213728 -0.00299744 0.00405479 -0.0213728 0.0975159 0.00406726 -0.0114507 -0.00299744 0.00406726 0.00629987 -0.0133954 0.00405479 -0.0114507 -0.0133954 0.0760314 
0.0125178 -0.0213714 -0.00296521 0.00399745 -0.0213714 0.0975318 0.00401108 -0.0113437 -0.00296521 0.00401108 0.00629648 -0.0133722 0.00399745 -0.0113437 -0.0133722 0.0759497 
0.0124821 -0.0212934 -0.00297337 0.00400607 -0.0212934 0.0973278 0.0040179 -0.0113647 -0.00297337 0.0040179 0.00630018 -0.0134136 0.00400607 -0.0113647 -0.0134136 0.0760279 
0.0124267 -0.0212553 -0.00301508 0.004009 -0.0212553 0.0971858 0.00402017 -0.0113708 -0.00301508 0.00402017 0.006325 -0.0133992 0.004009 -0.0113708 -0.0133992 0.0760181 
0.0124126 -0.0211797 -0.00304112 0.0040702 -0.0211797 0.0970049 0.00407146 -0.01147 -0.00304112 0.00407146 0.00630627 -0.0134159 0.0040702 -0.01147 -0.0134159 0.0760091 
0.0124214 -0.0211868 -0.00304212 0.00408468 -0.0211868 0.096964 0.00408417 -0.0115196 -0.00304212 0.00408417 0.00627963 -0.0133511 0.00408468 -0.0115196 -0.0133511 0.0758592 
0.0124197 -0.021223 -0.00302349 0.00406751 -0.021223 0.0970444 0.00407226 -0.0114955 -0.00302349 0.00407226 0.00628204 -0.0132787 0.00406751 -0.0114955 -0.0132787 0.0756187 
0.0124403 -0.0212293 -0.00300073 0.00403889 -0.0212293 0.0971024 0.00404533 -0.0114342 -0.00300073 0.00404533 0.00627026 -0.0132643 0.00403889 -0.0114342 -0.0132643 0.075469 
0.0124578 -0.0212516 -0.00298466 0.00400918 -0.0212516 0.0971503 0.00401588 -0.0113596 -0.00298466 0.00401588 0.00626167 -0.0132552 0.00400918 -0.0113596 -0.0132552 0.0754064 
0.0124042 -0.0212331 -0.00299031 0.00402067 -0.0212331 0.0970943 0.00402936 -0.0113864 -0.00299031 0.00402936 0.00631851 -0.0132838 0.00402067 -0.0113864 -0.0132838 0.075474 
0.0123782 -0.021226 -0.00298498 0.00398303 -0.021226 0.0971381 0.00398536 -0.0112754 -0.00298498 0.00398536 0.00635087 -0.0133079 0.00398303 -0.0112754 -0.0133079 0.0754908 
0.0123828 -0.0211921 -0.00299696 0.00397767 -0.0211921 0.0970932 0.00396683 -0.0112022 -0.00299696 0.00396683 0.00635881 -0.0133566 0.00397767 -0.0112022 -0.0133566 0.0755935 
0.0124095 -0.0211844 -0.00299384 0.00400452 -0.0211844 0.0970379 0.00398502 -0.0112212 -0.00299384 0.00398502 0.00636254 -0.013386 0.00400452 -0.0112212 -0.013386 0.0757128 
0.0124054 -0.0211681 -0.00302944 0.0040405 -0.0211681 0.0969319 0.00402489 -0.0113467 -0.00302944 0.00402489 0.00637535 -0.0134431 0.0040405 -0.0113467 -0.0134431 0.0759068 
0.0123844 -0.0211987 -0.00306486 0.00405679 -0.0211987 0.0969883 0.00404857 -0.0113945 -0.00306486 0.00404857 0.00640193 -0.0134433 0.00405679 -0.0113945 -0.0134433 0.0759723 
0.012354 -0.0211553 -0.00309648 0.00411927 -0.0211553 0.0969297 0.00410782 -0.0115299 -0.00309648 0.00410782 0.00642631 -0.0134996 0.00411927 -0.0115299 -0.0134996 0.0761104 
0.0122284 -0.0210587 -0.00313228 0.00420516 -0.0210587 0.0966732 0.00418915 -0.0117769 -0.00313228 0.00418915 0.00651669 -0.0135823 0.00420516 -0.0117769 -0.0135823 0.0763646 
0.0121923 -0.0209359 -0.00315267 0.00422626 -0.0209359 0.0964202 0.00420266 -0.0118678 -0.00315267 0.00420266 0.00653306 -0.0136566 0.00422626 -0.0118678 -0.0136566 0.0765417 
0.0121595 -0.0208719 -0.00319375 0.00425471 -0.0208719 0.0961754 0.00423153 -0.0119456 -0.00319375 0.00423153 0.00654128 -0.0136782 0.00425471 -0.0119456 -0.0136782 0.0766521 
0.0121339 -0.0208363 -0.00326124 0.00429871 -0.0208363 0.0960365 0.00428144 -0.0120454 -0.00326124 0.00428144 0.00655026 -0.0136672 0.00429871 -0.0120454 -0.0136672 0.0766403 
0.0121242 -0.0208213 -0.00329063 0.00437213 -0.0208213 0.0959849 0.00435733 -0.0121948 -0.00329063 0.00435733 0.00654204 -0.0136482 0.00437213 -0.0121948 -0.0136482 0.0765567 
0.0122113 -0.0208566 -0.00329271 0.00438096 -0.0208566 0.0960817 0.00437006 -0.0122475 -0.00329271 0.00437006 0.00646226 -0.0135842 0.00438096 -0.0122475 -0.0135842 0.076355 
0.0123128 -0.0210023 -0.0032597 0.00435035 -0.0210023 0.0963958 0.00435447 -0.0121954 -0.0032597 0.00435447 0.00637942 -0.0134465 0.00435035 -0.0121954 -0.0134465 0.076004 
0.012393 -0.0211463 -0.00323008 0.00429574 -0.0211463 0.09679 0.00431737 -0.0120931 -0.00323008 0.00431737 0.00632945 -0.0133337 0.00429574 -0.0120931 -0.0133337 0.075658 
0.0124143 -0.0211977 -0.00319426 0.0042963 -0.0211977 0.0969744 0.00432495 -0.0121032 -0.00319426 0.00432495 0.00630232 -0.013328 0.0042963 -0.0121032 -0.013328 0.0755783 
0.0124111 -0.0212406 -0.00312806 0.00424075 -0.0212406 0.097131 0.00427179 -0.0120106 -0.00312806 0.00427179 0.00630274 -0.0132941 0.00424075 -0.0120106 -0.0132941 0.0755114 
0.012449 -0.0212606 -0.00309259 0.00413407 -0.0212606 0.0972539 0.00416452 -0.0117683 -0.00309259 0.00416452 0.00627775 -0.0132726 0.00413407 -0.0117683 -0.0132726 0.0754276 
