0.0106513 0 -0.00210515 0 0 0.01 0 0 -0.00210515 0 0.0039134 0 0 0 0 0.01 
0.0151058 -0.0187031 -0.00261235 0.00319502 -0.0187031 0.0450359 0.00319502 -0.00612636 -0.00261235 0.00319502 0.00545574 -0.00683527 0.00319502 -0.00612636 -0.00683527 0.0222802 
0.0147671 -0.0267715 -0.00229346 0.00365141 -0.0267715 0.094655 0.00365141 -0.0114806 -0.00229346 0.00365141 0.00591359 -0.0119098 0.00365141 -0.0114806 -0.0119098 0.0473837 
0.0137346 -0.0246916 -0.00204768 0.00254069 -0.0246916 0.10562 0.00254056 -0.0083592 -0.00204768 0.00254056 0.00579182 -0.0133985 0.00254069 -0.0083592 -0.0133985 0.0648694 
0.0136598 -0.0233333 -0.00224646 0.00231537 -0.0233333 0.104499 0.0023262 -0.00611901 -0.00224646 0.0023262 0.00585005 -0.0133911 0.00231537 -0.00611901 -0.0133911 0.0725102 
0.0138918 -0.023251 -0.00240949 0.00264348 -0.023251 0.103744 0.0026489 -0.00615088 -0.00240949 0.0026489 0.00603584 -0.0133134 0.00264348 -0.00615088 -0.0133134 0.0750864 
0.0141109 -0.0235075 -0.0023801 0.0028024 -0.0235075 0.104013 0.00279943 -0.00660144 -0.0023801 0.00279943 0.00605634 -0.0133623 0.0028024 -0.00660144 -0.0133623 0.0758964 
0.0142416 -0.0237267 -0.0022942 0.00274563 -0.0237267 0.104482 0.00274882 -0.00671454 -0.0022942 0.00274882 0.00599182 -0.0133382 0.00274563 -0.00671454 -0.0133382 0.0761573 
0.0143089 -0.0238643 -0.00222588 0.00261143 -0.0238643 0.104853 0.0026257 -0.00649132 -0.00222588 0.0026257 0.00590551 -0.0132307 0.00261143 -0.00649132 -0.0132307 0.0760429 
0.014316 -0.0239457 -0.0022062 0.00249306 -0.0239457 0.105109 0.00251123 -0.00615432 -0.0022062 0.00251123 0.00583334 -0.0130837 0.00249306 -0.00615432 -0.0130837 0.0756808 
0.0143233 -0.0239462 -0.00221617 0.00252029 -0.0239462 0.105193 0.00252827 -0.00610353 -0.00221617 0.00252827 0.00580686 -0.0130057 0.00252029 -0.00610353 -0.0130057 0.0754297 
0.0143364 -0.0239481 -0.0022249 0.00256737 -0.0239481 0.105206 0.00256449 -0.00620215 -0.0022249 0.00256449 0.00580288 -0.0129751 0.00256737 -0.00620215 -0.0129751 0.0752875 
0.0142856 -0.0239632 -0.00225182 0.00259178 -0.0239632 0.105232 0.00258384 -0.00629356 -0.00225182 0.00258384 0.00586777 -0.0129727 0.00259178 -0.00629356 -0.0129727 0.0752336 
0.0142598 -0.0239091 -0.00223182 0.00261056 -0.0239091 0.10517 0.00259921 -0.00633883 -0.00223182 0.00259921 0.00588111 -0.0130427 0.00261056 -0.00633883 -0.0130427 0.0753091 
0.0142089 -0.0238681 -0.0022644 0.00259691 -0.0238681 0.105061 0.00259107 -0.0063561 -0.0022644 0.00259107 0.00591499 -0.0130807 0.00259691 -0.0063561 -0.0130807 0.0754518 
0.0142277 -0.0238035 -0.0022634 0.00263399 -0.0238035 0.104916 0.00263021 -0.00641168 -0.0022634 0.00263021 0.0058993 -0.0131254 0.00263399 -0.00641168 -0.0131254 0.0755824 
0.0142995 -0.0238255 -0.00222421 0.00262398 -0.0238255 0.104882 0.00262165 -0.00641729 -0.00222421 0.00262165 0.0058315 -0.0130965 0.00262398 -0.00641729 -0.0130965 0.0755722 
0.0143903 -0.0239195 -0.00215575 0.00255504 -0.0239195 0.105036 0.00255712 -0.00628861 -0.00215575 0.00255712 0.00570321 -0.0129926 0.00255504 -0.00628861 -0.0129926 0.0753598 
0.0144913 -0.0240276 -0.00206772 0.00250183 -0.0240276 0.105281 0.00251146 -0.00619084 -0.00206772 0.00251146 0.00559786 -0.0128538 0.00250183 -0.00619084 -0.0128538 0.075086 
0.0145605 -0.0241586 -0.00198909 0.00235673 -0.0241586 0.105596 0.00237815 -0.00589768 -0.00198909 0.00237815 0.00550205 -0.0126882 0.00235673 -0.00589768 -0.0126882 0.074642 
0.0145516 -0.0242453 -0.00197535 0.00224772 -0.0242453 0.105863 0.00227376 -0.00559102 -0.00197535 0.00227376 0.00546206 -0.0125564 0.00224772 -0.00559102 -0.0125564 0.0742342 
0.0145206 -0.0242256 -0.00200501 0.00227932 -0.0242256 0.105924 0.00229788 -0.00556819 -0.00200501 0.00229788 0.00546744 -0.012531 0.00227932 -0.00556819 -0.012531 0.0740896 
0.014469 -0.0241791 -0.00205902 0.00234568 -0.0241791 0.105845 0.00235307 -0.00570236 -0.00205902 0.00235307 0.00553518 -0.0125488 0.00234568 -0.00570236 -0.0125488 0.0740959 
0.0144246 -0.0241096 -0.00211834 0.00243942 -0.0241096 0.105691 0.00243567 -0.00592679 -0.00211834 0.00243567 0.0056372 -0.0126471 0.00243942 -0.00592679 -0.0126471 0.0742846 
0.0144465 -0.0240582 -0.00212085 0.00249876 -0.0240582 0.105545 0.00248588 -0.00608765 -0.00212085 0.00248588 0.00566546 -0.0127734 0.00249876 -0.00608765 -0.0127734 0.0745637 
0.0144804 -0.0240926 -0.00207996 0.00246425 -0.0240926 0.10555 0.00245186 -0.00605149 -0.00207996 0.00245186 0.00565255 -0.0127984 0.00246425 -0.00605149 -0.0127984 0.0747032 
0.0144994 -0.0241369 -0.00206457 0.00242638 -0.0241369 0.105641 0.00242114 -0.0059887 -0.00206457 0.00242114 0.00565845 -0.0128074 0.00242638 -0.0059887 -0.0128074 0.0747998 
0.014541 -0.0241576 -0.00207048 0.00243218 -0.0241576 0.105716 0.0024324 -0.00600454 -0.00207048 0.0024324 0.00565855 -0.0128497 0.00243218 -0.00600454 -0.0128497 0.0749578 
0.014571 -0.0242122 -0.00207196 0.00242129 -0.0242122 0.105831 0.00242359 -0.00597729 -0.00207196 0.00242359 0.00566477 -0.0128519 0.00242129 -0.00597729 -0.0128519 0.0750234 
0.0146007 -0.0242608 -0.00204318 0.00238746 -0.0242608 0.10597 0.00238815 -0.00587066 -0.00204318 0.00238815 0.00560893 -0.0128366 0.00238746 -0.00587066 -0.0128366 0.07498 
0.014577 -0.024294 -0.00207305 0.00237098 -0.024294 0.106076 0.00237229 -0.00582462 -0.00207305 0.00237229 0.00562001 -0.0127849 0.00237098 -0.00582462 -0.0127849 0.0749144 
0.0146147 -0.0242658 -0.00205613 0.00240818 -0.0242658 0.106074 0.00240766 -0.00586362 -0.00205613 0.00240766 0.00558054 -0.0127894 0.00240818 -0.00586362 -0.0127894 0.074872 
0.0146155 -0.0243019 -0.00208931 0.0024172 -0.0243019 0.106105 0.00241776 -0.00593931 -0.00208931 0.00241776 0.00560457 -0.0127626 0.0024172 -0.00593931 -0.0127626 0.0748574 
0.0145802 -0.0243117 -0.00213557 0.00244016 -0.0243117 0.106152 0.00243829 -0.00597503 -0.00213557 0.00243829 0.00564463 -0.0127768 0.00244016 -0.00597503 -0.0127768 0.0748353 
0.0145783 -0.0242777 -0.00212919 0.00246024 -0.0242777 0.106125 0.00245134 -0.00597275 -0.00212919 0.00245134 0.00561122 -0.0127907 0.00246024 -0.00597275 -0.0127907 0.0747962 
0.0146235 -0.0242737 -0.00206621 0.00243909 -0.0242737 0.106096 0.00242979 -0.00592919 -0.00206621 0.00242979 0.00548709 -0.0127274 0.00243909 -0.00592919 -0.0127274 0.074651 
0.0146453 -0.0243249 -0.00201497 0.00236474 -0.0243249 0.106162 0.00236508 -0.00580856 -0.00201497 0.00236508 0.00538026 -0.0125604 0.00236474 -0.00580856 -0.0125604 0.0743018 
0.0146234 -0.0243482 -0.00199642 0.00230808 -0.0243482 0.106233 0.00231954 -0.00568344 -0.00199642 0.00231954 0.00534103 -0.0124079 0.00230808 -0.00568344 -0.0124079 0.073876 
0.014622 -0.0243091 -0.0020063 0.00233591 -0.0243091 0.106184 0.00235013 -0.00573876 -0.0020063 0.00235013 0.00534848 -0.0123754 0.00233591 -0.00573876 -0.0123754 0.0736897 
0.0146324 -0.0243036 -0.00198826 0.00233704 -0.0243036 0.106136 0.0023481 -0.0057554 -0.00198826 0.0023481 0.00534462 -0.0123685 0.00233704 -0.0057554 -0.0123685 0.0735879 
0.0145686 -0.0243175 -0.00203627 0.00230269 -0.0243175 0.106145 0.00231124 -0.00569101 -0.00203627 0.00231124 0.00539629 -0.0123551 0.00230269 -0.00569101 -0.0123551 0.0735192 
0.0145912 -0.024244 -0.00202173 0.00236645 -0.024244 0.106044 0.00236495 -0.00574961 -0.00202173 0.00236495 0.00536674 -0.0124189 0.00236645 -0.00574961 -0.0124189 0.0735996 
0.0146084 -0.0242608 -0.00201869 0.00237648 -0.0242608 0.106 0.00237257 -0.00583516 -0.00201869 0.00237257 0.00536209 -0.0124041 0.00237648 -0.00583516 -0.0124041 0.0736588 
0.0146794 -0.0242846 -0.00196051 0.00237902 -0.0242846 0.106038 0.00237749 -0.00587511 -0.00196051 0.00237749 0.005315 -0.0124033 0.00237902 -0.00587511 -0.0124033 0.073676 
0.0147296 -0.0243738 -0.00192085 0.00229492 -0.0243738 0.106198 0.00230218 -0.00575522 -0.00192085 0.00230218 0.0052823 -0.0123459 0.00229492 -0.00575522 -0.0123459 0.0735915 
0.0147083 -0.0244403 -0.00193146 0.00223911 -0.0244403 0.106387 0.00225233 -0.00560342 -0.00193146 0.00225233 0.00533044 -0.01231 0.00223911 -0.00560342 -0.01231 0.0734998 
0.0146453 -0.0244226 -0.0019458 0.00222377 -0.0244226 0.106441 0.00223154 -0.00548184 -0.0019458 0.00223154 0.00539171 -0.012352 0.00222377 -0.00548184 -0.012352 0.0734958 
0.0146104 -0.0243413 -0.00195266 0.00225202 -0.0243413 0.106316 0.0022522 -0.00549042 -0.00195266 0.0022522 0.00542359 -0.0124416 0.00225202 -0.00549042 -0.0124416 0.0736766 
0.0146239 -0.0242959 -0.00192002 0.00223269 -0.0242959 0.106177 0.00223185 -0.00543794 -0.00192002 0.00223185 0.00536465 -0.012465 0.00223269 -0.00543794 -0.012465 0.0737689 
0.0146399 -0.0243056 -0.00190362 0.00221545 -0.0243056 0.106131 0.00221814 -0.00541482 -0.00190362 0.00221814 0.00531696 -0.0124074 0.00221545 -0.00541482 -0.0124074 0.0737386 
0.014637 -0.0243256 -0.00190393 0.00219676 -0.0243256 0.106156 0.00220282 -0.00537815 -0.00190393 0.00220282 0.0053214 -0.0123342 0.00219676 -0.00537815 -0.0123342 0.0735759 
0.0146575 -0.0243272 -0.00185525 0.00217669 -0.0243272 0.106177 0.00217998 -0.00530577 -0.00185525 0.00217998 0.00528544 -0.0123103 0.00217669 -0.00530577 -0.0123103 0.0734147 
0.0146703 -0.0243463 -0.00184011 0.00214111 -0.0243463 0.106206 0.00214543 -0.00525592 -0.00184011 0.00214543 0.00526375 -0.012283 0.00214111 -0.00525592 -0.012283 0.0733495 
0.01469 -0.0243665 -0.00180802 0.00209968 -0.0243665 0.106255 0.0021047 -0.00513875 -0.00180802 0.0021047 0.00520362 -0.0122394 0.00209968 -0.00513875 -0.0122394 0.0732264 
0.0147323 -0.024389 -0.00176018 0.00206516 -0.024389 0.106309 0.00207084 -0.00504604 -0.00176018 0.00207084 0.00510797 -0.0121615 0.00206516 -0.00504604 -0.0121615 0.0730562 
0.0147365 -0.0244338 -0.00178213 0.00204201 -0.0244338 0.106394 0.00205005 -0.0050197 -0.00178213 0.00205005 0.00505966 -0.0120541 0.00204201 -0.0050197 -0.0120541 0.0728429 
0.014808 -0.0244373 -0.0017652 0.00209528 -0.0244373 0.106437 0.00210039 -0.00511709 -0.0017652 0.00210039 0.00494396 -0.0119923 0.00209528 -0.00511709 -0.0119923 0.0726583 
0.0148556 -0.0245198 -0.00175296 0.00209001 -0.0245198 0.106568 0.00209465 -0.00517794 -0.00175296 0.00209465 0.0048678 -0.0118399 0.00209001 -0.00517794 -0.0118399 0.0723427 
0.0148614 -0.0245846 -0.00172459 0.00206398 -0.0245846 0.106744 0.00207107 -0.00514523 -0.00172459 0.00207107 0.00485532 -0.0117122 0.00206398 -0.00514523 -0.0117122 0.0719481 
0.0149001 -0.0245953 -0.00164783 0.00201012 -0.0245953 0.106834 0.00201897 -0.00502979 -0.00164783 0.00201897 0.00478117 -0.0116667 0.00201012 -0.00502979 -0.0116667 0.0716663 
0.0148727 -0.0246333 -0.00165942 0.00193421 -0.0246333 0.106907 0.0019513 -0.00489479 -0.00165942 0.0019513 0.00481203 -0.0115878 0.00193421 -0.00489479 -0.0115878 0.0714706 
0.0148522 -0.0246006 -0.0016818 0.00195225 -0.0246006 0.10689 0.00196754 -0.00486 -0.0016818 0.00196754 0.0048518 -0.0116232 0.00195225 -0.00486 -0.0116232 0.0714337 
0.0147751 -0.024573 -0.00174546 0.00196603 -0.024573 0.106824 0.00197353 -0.00485619 -0.00174546 0.00197353 0.00493613 -0.0116673 0.00196603 -0.00485619 -0.0116673 0.0714931 
0.0147399 -0.0244799 -0.00178366 0.00204703 -0.0244799 0.106653 0.00204177 -0.00496786 -0.00178366 0.00204177 0.00498196 -0.0117753 0.00204703 -0.00496786 -0.0117753 0.0716966 
0.0147408 -0.0244339 -0.00176702 0.00208347 -0.0244339 0.106495 0.00207029 -0.00505935 -0.00176702 0.00207029 0.0049545 -0.0118287 0.00208347 -0.00505935 -0.0118287 0.0718653 
0.0147765 -0.0244335 -0.00174875 0.00206299 -0.0244335 0.106437 0.00205326 -0.00506486 -0.00174875 0.00205326 0.0048924 -0.0117938 0.00206299 -0.00506486 -0.0117938 0.071873 
0.0148376 -0.0244813 -0.00167678 0.00201668 -0.0244813 0.1065 0.00201368 -0.00496331 -0.00167678 0.00201368 0.00478344 -0.0116894 0.00201668 -0.00496331 -0.0116894 0.0716528 
0.014899 -0.0245569 -0.00157577 0.00193421 -0.0245569 0.106655 0.00194034 -0.00481168 -0.00157577 0.00194034 0.00470057 -0.0115395 0.00193421 -0.00481168 -0.0115395 0.0712965 
0.0149213 -0.0246309 -0.00153908 0.0018272 -0.0246309 0.106838 0.00184454 -0.00461435 -0.00153908 0.00184454 0.00467941 -0.0114333 0.0018272 -0.00461435 -0.0114333 0.0709745 
0.0148905 -0.0246581 -0.00155468 0.0017894 -0.0246581 0.106956 0.00180881 -0.00448034 -0.00155468 0.00180881 0.00472205 -0.011412 0.0017894 -0.00448034 -0.011412 0.070824 
0.0148882 -0.0246215 -0.00158023 0.00180917 -0.0246215 0.106938 0.00182079 -0.00445723 -0.00158023 0.00182079 0.00473316 -0.0114707 0.00180917 -0.00445723 -0.0114707 0.0708783 
0.0149096 -0.0246145 -0.00156594 0.00184226 -0.0246145 0.106901 0.00184195 -0.00449684 -0.00156594 0.00184195 0.00471745 -0.0114939 0.00184226 -0.00449684 -0.0114939 0.0709691 
0.0149406 -0.0246395 -0.00156119 0.00184612 -0.0246395 0.106928 0.00184232 -0.00454545 -0.00156119 0.00184232 0.00468818 -0.0114886 0.00184612 -0.00454545 -0.0114886 0.0710224 
0.0149544 -0.0246807 -0.00153913 0.00183688 -0.0246807 0.107015 0.00183351 -0.00454186 -0.00153913 0.00183351 0.00466251 -0.0114518 0.00183688 -0.00454186 -0.0114518 0.0709837 
0.0149607 -0.0247048 -0.00152054 0.00177816 -0.0247048 0.107099 0.00177801 -0.0044164 -0.00152054 0.00177801 0.00461867 -0.011396 0.00177816 -0.0044164 -0.011396 0.070834 
0.01497 -0.0247073 -0.00149838 0.00178848 -0.0247073 0.107129 0.00179012 -0.00441746 -0.00149838 0.00179012 0.0046018 -0.011354 0.00178848 -0.00441746 -0.011354 0.0707376 
0.014956 -0.0247164 -0.00149291 0.00176437 -0.0247164 0.107148 0.00176851 -0.00439594 -0.00149291 0.00176851 0.00460545 -0.0113262 0.00176437 -0.00439594 -0.0113262 0.0706404 
0.0149352 -0.024699 -0.00152603 0.00175529 -0.024699 0.107129 0.00176069 -0.00436887 -0.00152603 0.00176069 0.00461122 -0.0113274 0.00175529 -0.00436887 -0.0113274 0.0706021 
0.0149684 -0.0246681 -0.0015113 0.00182114 -0.0246681 0.107062 0.00182232 -0.00448359 -0.0015113 0.00182232 0.0046025 -0.011347 0.00182114 -0.00448359 -0.011347 0.0706484 
0.0149555 -0.0247059 -0.00155508 0.00180894 -0.0247059 0.107086 0.00180959 -0.00452974 -0.00155508 0.00180959 0.00464578 -0.0113393 0.00180894 -0.00452974 -0.0113393 0.070658 
0.0149441 -0.0246972 -0.00159057 0.00186126 -0.0246972 0.107105 0.00185815 -0.00460939 -0.00159057 0.00185815 0.00469048 -0.0113992 0.00186126 -0.00460939 -0.0113992 0.0707587 
0.0149556 -0.0246895 -0.00156439 0.00186525 -0.0246895 0.107099 0.00185645 -0.00460331 -0.00156439 0.00185645 0.00466562 -0.0114397 0.00186525 -0.00460331 -0.0114397 0.0708436 
0.0149574 -0.0247018 -0.001529 0.00183562 -0.0247018 0.107114 0.0018295 -0.00456058 -0.001529 0.0018295 0.0046427 -0.011417 0.00183562 -0.00456058 -0.011417 0.0708596 
0.0149791 -0.0247103 -0.00144496 0.0017372 -0.0247103 0.107144 0.00173855 -0.00432972 -0.00144496 0.00173855 0.00456251 -0.0113492 0.0017372 -0.00432972 -0.0113492 0.0706789 
0.0150297 -0.0247263 -0.00138503 0.0016887 -0.0247263 0.107167 0.00169919 -0.00422997 -0.00138503 0.00169919 0.00448888 -0.0112732 0.0016887 -0.00422997 -0.0112732 0.0705324 
0.0150587 -0.0247897 -0.00131311 0.00158808 -0.0247897 0.107276 0.00160692 -0.00401076 -0.00131311 0.00160692 0.00442409 -0.0111535 0.00158808 -0.00401076 -0.0111535 0.070229 
0.01504 -0.024824 -0.00129929 0.00152495 -0.024824 0.107383 0.00154827 -0.00385843 -0.00129929 0.00154827 0.00441932 -0.0110743 0.00152495 -0.00385843 -0.0110743 0.0699884 
0.0149972 -0.0248024 -0.00131589 0.0014915 -0.0248024 0.107391 0.00151231 -0.00372292 -0.00131589 0.00151231 0.00444633 -0.0110485 0.0014915 -0.00372292 -0.0110485 0.0698206 
0.0149342 -0.0247444 -0.00133985 0.00152235 -0.0247444 0.107285 0.001533 -0.0037224 -0.00133985 0.001533 0.00452089 -0.0110778 0.00152235 -0.0037224 -0.0110778 0.069807 
0.0148687 -0.0246621 -0.0013626 0.0015612 -0.0246621 0.107099 0.0015624 -0.00379456 -0.0013626 0.0015624 0.00460102 -0.0111732 0.0015612 -0.00379456 -0.0111732 0.0699631 
0.0148461 -0.0245755 -0.0013971 0.00160492 -0.0245755 0.106878 0.0016007 -0.00390398 -0.0013971 0.0016007 0.00462336 -0.0112926 0.00160492 -0.00390398 -0.0112926 0.0702585 
0.0148282 -0.0245443 -0.00143726 0.00164754 -0.0245443 0.106732 0.00163931 -0.00400755 -0.00143726 0.00163931 0.00462917 -0.0113343 0.00164754 -0.00400755 -0.0113343 0.0704728 
0.0147899 -0.0245251 -0.00145763 0.00169446 -0.0245251 0.106657 0.00168265 -0.00411293 -0.00145763 0.00168265 0.00465361 -0.0113352 0.00169446 -0.00411293 -0.0113352 0.0705437 
0.0147776 -0.02448 -0.00146786 0.00172783 -0.02448 0.106562 0.0017151 -0.00421873 -0.00146786 0.0017151 0.00465632 -0.011358 0.00172783 -0.00421873 -0.011358 0.0705918 
0.0147795 -0.0244661 -0.00142796 0.00169759 -0.0244661 0.106498 0.00168789 -0.00416701 -0.00142796 0.00168789 0.00462011 -0.0113362 0.00169759 -0.00416701 -0.0113362 0.0705325 
0.0147844 -0.0244622 -0.00140183 0.00169077 -0.0244622 0.106464 0.00168785 -0.00418888 -0.00140183 0.00168785 0.00461083 -0.0113042 0.00169077 -0.00418888 -0.0113042 0.0704833 
0.0147793 -0.0244669 -0.00140786 0.00165447 -0.0244669 0.10646 0.00165943 -0.0041445 -0.00140786 0.00165943 0.00461366 -0.0112847 0.00165447 -0.0041445 -0.0112847 0.0704122 
0.0147881 -0.0244627 -0.00140219 0.00165115 -0.0244627 0.106455 0.00165663 -0.00410293 -0.00140219 0.00165663 0.00457788 -0.011281 0.00165115 -0.00410293 -0.011281 0.0703697 
0.0148072 -0.0244706 -0.00138658 0.00166024 -0.0244706 0.106461 0.00166336 -0.00412105 -0.00138658 0.00166336 0.00452831 -0.0112408 0.00166024 -0.00412105 -0.0112408 0.070304 
0.0148041 -0.0244945 -0.00137988 0.00164059 -0.0244945 0.106501 0.0016456 -0.00410329 -0.00137988 0.0016456 0.00451873 -0.0111651 0.00164059 -0.00410329 -0.0111651 0.0701347 
0.0147892 -0.024492 -0.00137066 0.00162249 -0.024492 0.106519 0.00162824 -0.00405417 -0.00137066 0.00162824 0.00453165 -0.011133 0.00162249 -0.00405417 -0.011133 0.0699739 
0.0147568 -0.0244732 -0.00133734 0.00159697 -0.0244732 0.106492 0.00160124 -0.00397914 -0.00133734 0.00160124 0.00455064 -0.0111356 0.00159697 -0.00397914 -0.0111356 0.0698953 
0.0147152 -0.0244297 -0.00132869 0.00156078 -0.0244297 0.106405 0.00156742 -0.00390169 -0.00132869 0.00156742 0.00459127 -0.0111621 0.00156078 -0.00390169 -0.0111621 0.0699172 
0.0146771 -0.0243731 -0.00136354 0.00156191 -0.0243731 0.106269 0.00156893 -0.00388151 -0.00136354 0.00156893 0.00461621 -0.0112214 0.00156191 -0.00388151 -0.0112214 0.0700378 
0.0146712 -0.0243185 -0.00138294 0.0016361 -0.0243185 0.106118 0.00163612 -0.00401853 -0.00138294 0.00163612 0.00461853 -0.0112697 0.0016361 -0.00401853 -0.0112697 0.0702008 
0.0146855 -0.0243117 -0.00134672 0.00164278 -0.0243117 0.106046 0.00164038 -0.00407134 -0.00134672 0.00164038 0.00458143 -0.0112618 0.00164278 -0.00407134 -0.0112618 0.0702345 
0.0146693 -0.0243258 -0.00140668 0.00164167 -0.0243258 0.106043 0.00164513 -0.00414416 -0.00140668 0.00164513 0.0045922 -0.0112282 0.00164167 -0.00414416 -0.0112282 0.0702142 
0.0146525 -0.0243075 -0.00147587 0.00171415 -0.0243075 0.106022 0.00171647 -0.0042723 -0.00147587 0.00171647 0.00463336 -0.0112328 0.00171415 -0.0042723 -0.0112328 0.0701901 
0.0146231 -0.0242927 -0.00148789 0.00175165 -0.0242927 0.105989 0.00174402 -0.00432461 -0.00148789 0.00174402 0.00466611 -0.0112551 0.00175165 -0.00432461 -0.0112551 0.0701677 
0.0146112 -0.0242585 -0.00144554 0.00175413 -0.0242585 0.105924 0.0017411 -0.00433188 -0.00144554 0.0017411 0.004696 -0.0112893 0.00175413 -0.00433188 -0.0112893 0.0702036 
0.0145709 -0.0242369 -0.00144273 0.00173146 -0.0242369 0.105853 0.00172525 -0.00433942 -0.00144273 0.00172525 0.00476922 -0.0113484 0.00173146 -0.00433942 -0.0113484 0.0703447 
0.0145434 -0.0241885 -0.00148041 0.00171731 -0.0241885 0.105752 0.00171811 -0.00430467 -0.00148041 0.00171811 0.00480617 -0.0114541 0.00171731 -0.00430467 -0.0114541 0.0705876 
0.0145457 -0.0241518 -0.00152636 0.00176255 -0.0241518 0.105647 0.00176039 -0.00435358 -0.00152636 0.00176039 0.00479873 -0.0115201 0.00176255 -0.00435358 -0.0115201 0.0708334 
0.0145575 -0.0241529 -0.00155903 0.00183872 -0.0241529 0.105607 0.00182993 -0.00451428 -0.00155903 0.00182993 0.00478508 -0.0115212 0.00183872 -0.00451428 -0.0115212 0.0709536 
0.0145759 -0.0241678 -0.00159174 0.00191146 -0.0241678 0.105623 0.00189985 -0.00473257 -0.00159174 0.00189985 0.00477834 -0.0115114 0.00191146 -0.00473257 -0.0115114 0.0709887 
0.0145737 -0.0242002 -0.00159385 0.00189893 -0.0242002 0.105693 0.00188991 -0.0047411 -0.00159385 0.00188991 0.00477832 -0.0114742 0.00189893 -0.0047411 -0.0114742 0.0708861 
0.0145709 -0.0242011 -0.001625 0.00188472 -0.0242011 0.105732 0.00187839 -0.00469836 -0.001625 0.00187839 0.00476908 -0.0114598 0.00188472 -0.00469836 -0.0114598 0.0707967 
0.0145562 -0.0242003 -0.00159167 0.00190251 -0.0242003 0.105741 0.00189183 -0.00467598 -0.00159167 0.00189183 0.00477525 -0.0114321 0.00190251 -0.00467598 -0.0114321 0.0706927 
0.0145288 -0.0241832 -0.00153707 0.00185199 -0.0241832 0.105718 0.00184377 -0.00459246 -0.00153707 0.00184377 0.00479029 -0.0114251 0.00185199 -0.00459246 -0.0114251 0.0706105 
0.0145652 -0.0241415 -0.00148387 0.00180823 -0.0241415 0.105632 0.00180979 -0.00452347 -0.00148387 0.00180979 0.00474946 -0.0114593 0.00180823 -0.00452347 -0.0114593 0.0706597 
0.0146192 -0.0241792 -0.00141725 0.00173727 -0.0241792 0.105642 0.00174923 -0.00438563 -0.00141725 0.00174923 0.00468912 -0.0114163 0.00173727 -0.00438563 -0.0114163 0.0706317 
0.0145854 -0.0242504 -0.00141122 0.00163944 -0.0242504 0.105776 0.00166019 -0.00416531 -0.00141122 0.00166019 0.00471225 -0.0113352 0.00163944 -0.00416531 -0.0113352 0.0704711 
0.014522 -0.0242175 -0.00141161 0.00161027 -0.0242175 0.105798 0.00162755 -0.00399702 -0.00141161 0.00162755 0.0047515 -0.0113462 0.00161027 -0.00399702 -0.0113462 0.0703902 
0.0145404 -0.0241311 -0.00136809 0.00163075 -0.0241311 0.105645 0.00163716 -0.00398479 -0.00136809 0.00163716 0.00470153 -0.0114006 0.00163075 -0.00398479 -0.0114006 0.0704712 
0.0145278 -0.0241394 -0.00136588 0.00161099 -0.0241394 0.105564 0.00161742 -0.00399918 -0.00136588 0.00161742 0.00471457 -0.0113512 0.00161099 -0.00399918 -0.0113512 0.0704637 
0.0145407 -0.0241277 -0.00133131 0.00160125 -0.0241277 0.105535 0.00160826 -0.00397185 -0.00133131 0.00160826 0.00470801 -0.0113517 0.00160125 -0.00397185 -0.0113517 0.0704165 
0.0145618 -0.0241429 -0.00132658 0.00156106 -0.0241429 0.105541 0.00156962 -0.00390782 -0.00132658 0.00156962 0.00467265 -0.0113471 0.00156106 -0.00390782 -0.0113471 0.0704004 
0.0146178 -0.0241707 -0.00130638 0.00155269 -0.0241707 0.105593 0.00156069 -0.00385883 -0.00130638 0.00156069 0.00458206 -0.0113045 0.00155269 -0.00385883 -0.0113045 0.0703341 
0.0146368 -0.0242415 -0.00125478 0.00152293 -0.0242415 0.10573 0.00152864 -0.00378787 -0.00125478 0.00152864 0.00453124 -0.0111777 0.00152293 -0.00378787 -0.0111777 0.070088 
0.0146192 -0.024263 -0.00128044 0.00152422 -0.024263 0.105827 0.00153513 -0.00384766 -0.00128044 0.00153513 0.00455327 -0.0111167 0.00152422 -0.00384766 -0.0111167 0.0698908 
0.0145836 -0.0242449 -0.00127003 0.00149456 -0.0242449 0.105835 0.00150492 -0.00374814 -0.00127003 0.00150492 0.00457283 -0.0111106 0.00149456 -0.00374814 -0.0111106 0.0697444 
0.0145792 -0.0241952 -0.00127324 0.00148945 -0.0241952 0.105745 0.00149566 -0.00370681 -0.00127324 0.00149566 0.00456439 -0.0111352 0.00148945 -0.00370681 -0.0111352 0.0697378 
0.0145483 -0.0241835 -0.0013148 0.00150474 -0.0241835 0.105673 0.00150729 -0.00372329 -0.0013148 0.00150729 0.00458589 -0.011127 0.00150474 -0.00372329 -0.011127 0.0697319 
0.0145018 -0.024146 -0.00132984 0.00156958 -0.024146 0.105593 0.00156296 -0.00383755 -0.00132984 0.00156296 0.00463492 -0.0111486 0.00156958 -0.00383755 -0.0111486 0.0697509 
0.0144248 -0.0240838 -0.00140177 0.00161782 -0.0240838 0.105455 0.00160801 -0.00399892 -0.00140177 0.00160801 0.00472512 -0.0112173 0.00161782 -0.00399892 -0.0112173 0.0698802 
0.0143621 -0.0239921 -0.00143468 0.00164844 -0.0239921 0.105254 0.00163351 -0.00403153 -0.00143468 0.00163351 0.00477927 -0.0113127 0.00164844 -0.00403153 -0.0113127 0.0700576 
0.014379 -0.0239103 -0.00140979 0.00169167 -0.0239103 0.105031 0.00167043 -0.00411023 -0.00140979 0.00167043 0.00474548 -0.0113849 0.00169167 -0.00411023 -0.0113849 0.0702593 
0.0143529 -0.0239198 -0.00141827 0.00170803 -0.0239198 0.104942 0.00169152 -0.004233 -0.00141827 0.00169152 0.00477223 -0.0113608 0.00170803 -0.004233 -0.0113608 0.0703341 
0.0143253 -0.0238956 -0.00141877 0.0016979 -0.0238956 0.104899 0.00168971 -0.00424499 -0.00141877 0.00168971 0.00479658 -0.0113792 0.0016979 -0.00424499 -0.0113792 0.070347 
0.0143271 -0.0238601 -0.00140728 0.00168918 -0.0238601 0.104819 0.00168558 -0.00422792 -0.00140728 0.00168558 0.0047764 -0.0114078 0.00168918 -0.00422792 -0.0114078 0.0704005 
0.0143536 -0.0238577 -0.00135945 0.00167918 -0.0238577 0.104774 0.00167924 -0.00421478 -0.00135945 0.00167924 0.00474221 -0.0113851 0.00167918 -0.00421478 -0.0113851 0.0703971 
0.0143616 -0.0238907 -0.00133047 0.00161283 -0.0238907 0.104811 0.00162117 -0.00410969 -0.00133047 0.00162117 0.00473596 -0.0113332 0.00161283 -0.00410969 -0.0113332 0.07029 
0.014335 -0.0238986 -0.00135418 0.00160687 -0.0238986 0.104846 0.00162083 -0.0040909 -0.00135418 0.00162083 0.00478673 -0.0113321 0.00160687 -0.0040909 -0.0113321 0.0702527 
0.0143124 -0.0238656 -0.00139102 0.00165456 -0.0238656 0.104806 0.00166361 -0.00417642 -0.00139102 0.00166361 0.00483285 -0.0114084 0.00165456 -0.00417642 -0.0114084 0.0703785 
0.0143208 -0.0238373 -0.00143627 0.00169053 -0.0238373 0.104736 0.00169262 -0.00425262 -0.00143627 0.00169262 0.00481878 -0.0114782 0.00169053 -0.00425262 -0.0114782 0.0705701 
0.0142985 -0.0238495 -0.00144708 0.00172649 -0.0238495 0.104728 0.00172118 -0.00430397 -0.00144708 0.00172118 0.00482027 -0.0114609 0.00172649 -0.00430397 -0.0114609 0.0706286 
0.0142655 -0.0238255 -0.00144248 0.00174015 -0.0238255 0.104701 0.00173331 -0.00434901 -0.00144248 0.00173331 0.00483664 -0.0114501 0.00174015 -0.00434901 -0.0114501 0.0706051 
0.0142242 -0.0237832 -0.00143329 0.001713 -0.0237832 0.104614 0.00171132 -0.00430334 -0.00143329 0.00171132 0.00486842 -0.0114523 0.001713 -0.00430334 -0.0114523 0.0705669 
0.0142022 -0.0237299 -0.0014101 0.0016637 -0.0237299 0.104488 0.00166548 -0.00416081 -0.0014101 0.00166548 0.00487843 -0.011471 0.0016637 -0.00416081 -0.011471 0.070543 
0.0141656 -0.0236974 -0.00140134 0.00163199 -0.0236974 0.104373 0.00163388 -0.0040494 -0.00140134 0.00163388 0.00490932 -0.011479 0.00163199 -0.0040494 -0.011479 0.0705397 
