0.00889109 0 0.00403516 0 0 0.01 0 0 0.00403516 0 0.00684681 0 0 0 0 0.01 
0.0123644 -0.0153342 0.00569918 -0.0069869 -0.0153342 0.0385761 -0.0069869 0.0133973 0.00569918 -0.0069869 0.00981656 -0.0122331 -0.0069869 0.0133973 -0.0122331 0.0326309 
0.0124537 -0.0227081 0.0049656 -0.00826654 -0.0227081 0.081743 -0.00826654 0.0261481 0.0049656 -0.00826654 0.00996364 -0.0193447 -0.00826654 0.0261481 -0.0193447 0.0712607 
0.0118171 -0.0218765 0.00429705 -0.00585425 -0.0218765 0.0951356 -0.00587243 0.0206752 0.00429705 -0.00587243 0.00936359 -0.019226 -0.00585425 0.0206752 -0.019226 0.0874128 
0.0118703 -0.0209211 0.00436849 -0.00513905 -0.0209211 0.0962952 -0.00515831 0.0158658 0.00436849 -0.00515831 0.00918313 -0.0182417 -0.00513905 0.0158658 -0.0182417 0.0899609 
0.0120356 -0.0209129 0.00460618 -0.00537783 -0.0209129 0.0964886 -0.00538858 0.0147188 0.00460618 -0.00538858 0.00934245 -0.0178815 -0.00537783 0.0147188 -0.0178815 0.0897245 
0.0120504 -0.0210343 0.00476642 -0.00573574 -0.0210343 0.0968745 -0.00573663 0.0150916 0.00476642 -0.00573663 0.00955241 -0.017996 -0.00573574 0.0150916 -0.017996 0.0897472 
0.012002 -0.0210035 0.00481976 -0.00593906 -0.0210035 0.096997 -0.00592946 0.0155872 0.00481976 -0.00592946 0.00969818 -0.0182151 -0.00593906 0.0155872 -0.0182151 0.0901505 
0.0119652 -0.020924 0.00481413 -0.00599529 -0.020924 0.0968778 -0.00597936 0.0158241 0.00481413 -0.00597936 0.00978863 -0.0183823 -0.00599529 0.0158241 -0.0183823 0.0905905 
0.012 -0.0208763 0.00477017 -0.00597835 -0.0208763 0.0967308 -0.00596173 0.0158521 0.00477017 -0.00596173 0.00981638 -0.0184929 -0.00597835 0.0158521 -0.0184929 0.0909325 
0.011997 -0.0209274 0.00474205 -0.00591197 -0.0209274 0.0967595 -0.00590201 0.0157362 0.00474205 -0.00590201 0.00989767 -0.0185343 -0.00591197 0.0157362 -0.0185343 0.0911327 
0.0119987 -0.0209281 0.00473045 -0.00587072 -0.0209281 0.0967902 -0.00586422 0.0156167 0.00473045 -0.00586422 0.00993524 -0.0186372 -0.00587072 0.0156167 -0.0186372 0.0913581 
0.0120092 -0.0209386 0.00472502 -0.00584573 -0.0209386 0.096823 -0.00584086 0.0155233 0.00472502 -0.00584086 0.00994809 -0.0186935 -0.00584573 0.0155233 -0.0186935 0.0915611 
0.0120059 -0.0209547 0.00473576 -0.00583508 -0.0209547 0.0968658 -0.00583325 0.0154702 0.00473576 -0.00583325 0.00996326 -0.0187106 -0.00583508 0.0154702 -0.0187106 0.0916656 
0.0119573 -0.020959 0.00476096 -0.00584366 -0.020959 0.0968996 -0.00584621 0.0154672 0.00476096 -0.00584621 0.0100005 -0.0187262 -0.00584366 0.0154672 -0.0187262 0.0917195 
0.0118964 -0.0209195 0.00476654 -0.0058665 -0.0209195 0.0968821 -0.00586787 0.0154893 0.00476654 -0.00586787 0.0101002 -0.0187678 -0.0058665 0.0154893 -0.0187678 0.0918028 
0.011817 -0.0208421 0.0047808 -0.00587984 -0.0208421 0.096738 -0.00587418 0.0155228 0.0047808 -0.00587418 0.0102105 -0.0188859 -0.00587984 0.0155228 -0.0188859 0.0920158 
0.0116884 -0.020723 0.00484631 -0.00591012 -0.020723 0.096454 -0.00589747 0.0155956 0.00484631 -0.00589747 0.010288 -0.0190207 -0.00591012 0.0155956 -0.0190207 0.0923158 
0.0116674 -0.0205733 0.00489537 -0.00598795 -0.0205733 0.0961111 -0.00597293 0.015738 0.00489537 -0.00597293 0.0102309 -0.0191082 -0.00598795 0.015738 -0.0191082 0.0925765 
0.0116787 -0.0205617 0.00491952 -0.00604071 -0.0205617 0.0959708 -0.00603562 0.0158847 0.00491952 -0.00603562 0.010168 -0.0190312 -0.00604071 0.0158847 -0.0190312 0.0925497 
0.0116731 -0.0205743 0.00492906 -0.00607533 -0.0205743 0.0959565 -0.00608091 0.0160205 0.00492906 -0.00608091 0.0101246 -0.0189345 -0.00607533 0.0160205 -0.0189345 0.092325 
0.0116538 -0.0205733 0.00493989 -0.00608648 -0.0205733 0.0959729 -0.00609267 0.0160855 0.00493989 -0.00609267 0.0101285 -0.0188752 -0.00608648 0.0160855 -0.0188752 0.0921248 
0.0117084 -0.020567 0.00489704 -0.00608915 -0.020567 0.0959945 -0.00609015 0.0160831 0.00489704 -0.00609015 0.0101697 -0.0188833 -0.00608915 0.0160831 -0.0188833 0.0920789 
0.0117136 -0.0206047 0.00488975 -0.00605274 -0.0206047 0.0960071 -0.00605416 0.0160564 0.00488975 -0.00605416 0.0101964 -0.0189338 -0.00605274 0.0160564 -0.0189338 0.0921403 
0.011831 -0.020615 0.00485226 -0.00603916 -0.020615 0.0960437 -0.00604315 0.0160149 0.00485226 -0.00604315 0.0100584 -0.018969 -0.00603916 0.0160149 -0.018969 0.0922324 
0.0118648 -0.0207346 0.00486824 -0.00600282 -0.0207346 0.0962138 -0.00601448 0.0159691 0.00486824 -0.00601448 0.00993125 -0.0188082 -0.00600282 0.0159691 -0.0188082 0.0920176 
0.0118018 -0.0207739 0.00494023 -0.0060237 -0.0207739 0.0963681 -0.00603849 0.0159832 0.00494023 -0.00603849 0.00986903 -0.0186454 -0.0060237 0.0159832 -0.0186454 0.0916348 
0.0117488 -0.0207024 0.00499083 -0.00611699 -0.0207024 0.0963088 -0.00612775 0.0161403 0.00499083 -0.00612775 0.00984218 -0.0185553 -0.00611699 0.0161403 -0.0185553 0.0913277 
0.0117013 -0.0206296 0.00502552 -0.00619339 -0.0206296 0.0961383 -0.00619837 0.0163486 0.00502552 -0.00619837 0.00983102 -0.0185072 -0.00619339 0.0163486 -0.0185072 0.0911253 
0.0116311 -0.0205913 0.00504101 -0.00623056 -0.0205913 0.0960404 -0.00623127 0.0164671 0.00504101 -0.00623127 0.00990633 -0.0184882 -0.00623056 0.0164671 -0.0184882 0.0910255 
0.0116466 -0.020504 0.00502706 -0.00625436 -0.020504 0.0958676 -0.00624661 0.0165422 0.00502706 -0.00624661 0.00992304 -0.0185749 -0.00625436 0.0165422 -0.0185749 0.0911192 
0.0117048 -0.0205052 0.00501113 -0.00624406 -0.0205052 0.0957642 -0.00623607 0.0165636 0.00501113 -0.00623607 0.00987154 -0.0186032 -0.00624406 0.0165636 -0.0186032 0.091226 
0.0118154 -0.0206051 0.00494741 -0.00620174 -0.0206051 0.09594 -0.00620272 0.0164732 0.00494741 -0.00620272 0.00984838 -0.018549 -0.00620174 0.0164732 -0.018549 0.0911967 
0.0117773 -0.0207352 0.00494237 -0.00612247 -0.0207352 0.0962214 -0.00613265 0.0163264 0.00494237 -0.00613265 0.00993932 -0.0185211 -0.00612247 0.0163264 -0.0185211 0.0911187 
0.0117424 -0.0207034 0.0049445 -0.00610766 -0.0207034 0.096313 -0.00611381 0.0162194 0.0049445 -0.00611381 0.0100092 -0.0186347 -0.00610766 0.0162194 -0.0186347 0.0912711 
0.0117678 -0.0206681 0.00491967 -0.00610635 -0.0206681 0.0962765 -0.00610467 0.0161656 0.00491967 -0.00610467 0.0100281 -0.018732 -0.00610635 0.0161656 -0.018732 0.0915297 
0.0118134 -0.0207019 0.00488712 -0.00607211 -0.0207019 0.0963132 -0.00606926 0.0160872 0.00488712 -0.00606926 0.0100311 -0.0187628 -0.00607211 0.0160872 -0.0187628 0.0916914 
0.0118129 -0.0207373 0.00489229 -0.00604049 -0.0207373 0.0963656 -0.00603954 0.0160229 0.00489229 -0.00603954 0.0100113 -0.018767 -0.00604049 0.0160229 -0.018767 0.0917393 
0.0118507 -0.020744 0.00488008 -0.00604027 -0.020744 0.0964126 -0.00604064 0.0159859 0.00488008 -0.00604064 0.00995344 -0.018747 -0.00604027 0.0159859 -0.018747 0.0917286 
0.0118576 -0.0207875 0.00486768 -0.00602676 -0.0207875 0.0964923 -0.00602823 0.0159577 0.00486768 -0.00602823 0.00993082 -0.0186776 -0.00602676 0.0159577 -0.0186776 0.091616 
0.0118358 -0.0207803 0.00489116 -0.00602167 -0.0207803 0.0964962 -0.00602063 0.01595 0.00489116 -0.00602063 0.00991867 -0.0186491 -0.00602167 0.01595 -0.0186491 0.0915068 
0.0118665 -0.0207312 0.0049071 -0.00606221 -0.0207312 0.0963773 -0.00605875 0.0160285 0.0049071 -0.00605875 0.00981892 -0.0186318 -0.00606221 0.0160285 -0.0186318 0.0914377 
0.0118282 -0.0207723 0.00492983 -0.00608089 -0.0207723 0.0963929 -0.00608322 0.0160985 0.00492983 -0.00608322 0.0098184 -0.0185063 -0.00608089 0.0160985 -0.0185063 0.0912219 
0.0117584 -0.0207326 0.00494692 -0.00611118 -0.0207326 0.096361 -0.0061137 0.0161762 0.00494692 -0.0061137 0.00988976 -0.0184905 -0.00611118 0.0161762 -0.0184905 0.0910708 
0.0117315 -0.0206539 0.00494603 -0.00613305 -0.0206539 0.0962202 -0.0061271 0.0162311 0.00494603 -0.0061271 0.00994112 -0.0185773 -0.00613305 0.0162311 -0.0185773 0.091163 
0.0117162 -0.0206163 0.00493687 -0.00613256 -0.0206163 0.0960884 -0.00612141 0.0162449 0.00493687 -0.00612141 0.00999109 -0.0186472 -0.00613256 0.0162449 -0.0186472 0.0913409 
0.0117225 -0.0205947 0.00493713 -0.00611988 -0.0205947 0.096004 -0.00610948 0.016228 0.00493713 -0.00610948 0.00998164 -0.018712 -0.00611988 0.016228 -0.018712 0.091516 
0.0117731 -0.0205918 0.00494323 -0.00612223 -0.0205918 0.0959537 -0.00611627 0.0162329 0.00494323 -0.00611627 0.00990721 -0.0187033 -0.00612223 0.0162329 -0.0187033 0.0915716 
0.011691 -0.0206455 0.00501258 -0.00613336 -0.0206455 0.0960086 -0.00613908 0.0162748 0.00501258 -0.00613908 0.0099 -0.0186046 -0.00613336 0.0162748 -0.0186046 0.0914183 
0.0115519 -0.0205849 0.00505878 -0.00620204 -0.0205849 0.0960083 -0.00621168 0.0163769 0.00505878 -0.00621168 0.0100125 -0.0185787 -0.00620204 0.0163769 -0.0185787 0.0912884 
0.0114886 -0.02042 0.00507179 -0.00626925 -0.02042 0.095739 -0.00626661 0.0165303 0.00507179 -0.00626661 0.0100665 -0.0187024 -0.00626925 0.0165303 -0.0187024 0.0914195 
0.011497 -0.0203233 0.00506973 -0.00629735 -0.0203233 0.0954317 -0.00628357 0.0166396 0.00506973 -0.00628357 0.010034 -0.0187737 -0.00629735 0.0166396 -0.0187737 0.0916138 
0.0114794 -0.0203375 0.00505189 -0.0062872 -0.0203375 0.0953516 -0.00627431 0.0166448 0.00505189 -0.00627431 0.0101014 -0.0187419 -0.0062872 0.0166448 -0.0187419 0.091652 
0.0113945 -0.0202954 0.00508536 -0.00627648 -0.0202954 0.0952392 -0.00626431 0.0166481 0.00508536 -0.00626431 0.0101456 -0.0188165 -0.00627648 0.0166481 -0.0188165 0.0917438 
0.0114209 -0.0201882 0.00510069 -0.00631858 -0.0201882 0.0950168 -0.00630407 0.0167108 0.00510069 -0.00630407 0.0100563 -0.0188734 -0.00631858 0.0167108 -0.0188734 0.0918915 
0.0114237 -0.0201938 0.00513662 -0.00634993 -0.0201938 0.0948869 -0.00634258 0.0168221 0.00513662 -0.00634258 0.00994161 -0.0187614 -0.00634993 0.0168221 -0.0187614 0.0917702 
0.0114912 -0.0202341 0.00511966 -0.00637542 -0.0202341 0.0949788 -0.00637736 0.0168793 0.00511966 -0.00637736 0.00987932 -0.0186111 -0.00637542 0.0168793 -0.0186111 0.0914606 
0.0115501 -0.0202779 0.00512173 -0.00637748 -0.0202779 0.0950257 -0.00638641 0.0169603 0.00512173 -0.00638641 0.0097806 -0.0185224 -0.00637748 0.0169603 -0.0185224 0.0911531 
0.0115011 -0.0203723 0.00514124 -0.00636626 -0.0203723 0.0952328 -0.00638154 0.0169505 0.00514124 -0.00638154 0.00984228 -0.0184016 -0.00636626 0.0169505 -0.0184016 0.0908657 
0.0114237 -0.0203049 0.00519354 -0.00640188 -0.0203049 0.0952011 -0.00641337 0.0170183 0.00519354 -0.00641337 0.00987751 -0.018463 -0.00640188 0.0170183 -0.018463 0.0908147 
0.0113516 -0.0202339 0.0052189 -0.00645755 -0.0202339 0.0950887 -0.00646247 0.0171085 0.0052189 -0.00646247 0.00994525 -0.0185066 -0.00645755 0.0171085 -0.0185066 0.0909096 
0.0113651 -0.0201391 0.0052283 -0.00650044 -0.0201391 0.0948818 -0.00649844 0.0172271 0.0052283 -0.00649844 0.00991824 -0.0185787 -0.00650044 0.0172271 -0.0185787 0.0910432 
0.01134 -0.020149 0.00525682 -0.00651569 -0.020149 0.0948008 -0.0065167 0.0173042 0.00525682 -0.0065167 0.00990864 -0.0185451 -0.00651569 0.0173042 -0.0185451 0.0910464 
0.0113053 -0.0201318 0.00527404 -0.00654455 -0.0201318 0.094783 -0.00655011 0.0173722 0.00527404 -0.00655011 0.00992183 -0.018523 -0.00654455 0.0173722 -0.018523 0.0909821 
0.0113157 -0.0200895 0.0052673 -0.00657104 -0.0200895 0.0947098 -0.00657476 0.017447 0.0052673 -0.00657476 0.0099001 -0.0185306 -0.00657104 0.017447 -0.0185306 0.0909537 
0.011311 -0.0200938 0.00526202 -0.00656792 -0.0200938 0.0946731 -0.00656853 0.0174741 0.00526202 -0.00656853 0.00990556 -0.0185064 -0.00656792 0.0174741 -0.0185064 0.0909096 
0.0113214 -0.020109 0.00523919 -0.00654776 -0.020109 0.0947226 -0.00654485 0.0174169 0.00523919 -0.00654485 0.00995418 -0.0185195 -0.00654776 0.0174169 -0.0185195 0.0909266 
0.0113259 -0.0201036 0.0052353 -0.00652754 -0.0201036 0.0947026 -0.00652237 0.0173751 0.0052353 -0.00652237 0.00996855 -0.0185822 -0.00652754 0.0173751 -0.0185822 0.0910327 
0.0112681 -0.020114 0.00524829 -0.00651729 -0.020114 0.0947156 -0.00651429 0.0173355 0.00524829 -0.00651429 0.0100281 -0.0186064 -0.00651729 0.0173355 -0.0186064 0.0911343 
0.0112848 -0.0200598 0.00523085 -0.00652663 -0.0200598 0.0946649 -0.00652198 0.0173217 0.00523085 -0.00652198 0.0100411 -0.0186765 -0.00652663 0.0173217 -0.0186765 0.0912789 
0.0111572 -0.020074 0.00525138 -0.00650612 -0.020074 0.094645 -0.0065024 0.0172932 0.00525138 -0.0065024 0.010181 -0.0186973 -0.00650612 0.0172932 -0.0186973 0.0913813 
0.0111187 -0.0199179 0.00526742 -0.00653775 -0.0199179 0.0943985 -0.00652634 0.0173285 0.00526742 -0.00652634 0.0101879 -0.0188591 -0.00653775 0.0173285 -0.0188591 0.0916478 
0.0111548 -0.0198605 0.00526775 -0.00656089 -0.0198605 0.0941734 -0.00654689 0.0173845 0.00526775 -0.00654689 0.0101252 -0.0188756 -0.00656089 0.0173845 -0.0188756 0.0918189 
0.0112029 -0.019889 0.00528599 -0.0065679 -0.019889 0.0941191 -0.00656091 0.0174384 0.00528599 -0.00656091 0.0100061 -0.0187943 -0.0065679 0.0174384 -0.0187943 0.0917259 
0.011266 -0.0199545 0.00528139 -0.00658249 -0.0199545 0.0942323 -0.00658543 0.0174793 0.00528139 -0.00658543 0.00990852 -0.0186457 -0.00658249 0.0174793 -0.0186457 0.091438 
0.0113822 -0.020023 0.00524852 -0.00658345 -0.020023 0.0943793 -0.00659337 0.0175193 0.00524852 -0.00659337 0.00976909 -0.0185164 -0.00658345 0.0175193 -0.0185164 0.0910909 
0.0114271 -0.0201532 0.00524631 -0.00654721 -0.0201532 0.0946257 -0.00656311 0.0174895 0.00524631 -0.00656311 0.00968409 -0.0183482 -0.00654721 0.0174895 -0.0183482 0.090693 
0.0113987 -0.0202245 0.00525421 -0.00653443 -0.0202245 0.0948743 -0.00655059 0.017432 0.00525421 -0.00655059 0.00971068 -0.0182434 -0.00653443 0.017432 -0.0182434 0.0903735 
0.0113345 -0.0201882 0.00526917 -0.00655052 -0.0201882 0.0949017 -0.00655662 0.017433 0.00526917 -0.00655662 0.00978946 -0.0182728 -0.00655052 0.017433 -0.0182728 0.0903002 
0.0112626 -0.0201151 0.00527788 -0.00656957 -0.0201151 0.0947842 -0.00656444 0.0174503 0.00527788 -0.00656444 0.00990678 -0.0183741 -0.00656957 0.0174503 -0.0183741 0.0904635 
0.0112251 -0.02002 0.00527725 -0.00658723 -0.02002 0.0945627 -0.00657562 0.0174911 0.00527725 -0.00657562 0.0099899 -0.0185196 -0.00658723 0.0174911 -0.0185196 0.090772 
0.0112263 -0.019969 0.00528401 -0.00658887 -0.019969 0.0943807 -0.0065765 0.0175147 0.00528401 -0.0065765 0.00997718 -0.0186235 -0.00658887 0.0175147 -0.0186235 0.0910658 
0.0112463 -0.019974 0.0052918 -0.00659154 -0.019974 0.0943333 -0.00658621 0.0175274 0.0052918 -0.00658621 0.00993729 -0.018609 -0.00659154 0.0175274 -0.018609 0.091156 
0.0112555 -0.0200271 0.00527647 -0.00658203 -0.0200271 0.0944545 -0.00658483 0.0174959 0.00527647 -0.00658483 0.0099764 -0.0185581 -0.00658203 0.0174959 -0.0185581 0.0910973 
0.011186 -0.0200408 0.00525986 -0.00656377 -0.0200408 0.0945316 -0.00656877 0.0174623 0.00525986 -0.00656877 0.0101268 -0.0185998 -0.00656377 0.0174623 -0.0185998 0.0911148 
0.0111774 -0.0199416 0.00527983 -0.00655732 -0.0199416 0.0943727 -0.00655369 0.0174541 0.00527983 -0.00655369 0.0101038 -0.0187795 -0.00655732 0.0174541 -0.0187795 0.0913992 
0.0111392 -0.0199254 0.00531797 -0.00657915 -0.0199254 0.0942604 -0.00657663 0.0174792 0.00531797 -0.00657663 0.0100683 -0.0187643 -0.00657915 0.0174792 -0.0187643 0.0915353 
0.011209 -0.0199021 0.00531246 -0.00661495 -0.0199021 0.0942341 -0.00661503 0.0175298 0.00531246 -0.00661503 0.00998871 -0.0187126 -0.00661495 0.0175298 -0.0187126 0.0914782 
0.0112365 -0.0199891 0.00529494 -0.00660637 -0.0199891 0.0943592 -0.00661309 0.0175478 0.00529494 -0.00661309 0.0100156 -0.0186121 -0.00660637 0.0175478 -0.0186121 0.0912838 
0.0111648 -0.0200268 0.00529448 -0.0065852 -0.0200268 0.0944865 -0.00659656 0.0175292 0.00529448 -0.00659656 0.0101389 -0.0186345 -0.0065852 0.0175292 -0.0186345 0.0912099 
0.0110276 -0.0199418 0.00533184 -0.00659084 -0.0199418 0.094398 -0.00659608 0.0175295 0.00533184 -0.00659608 0.0102412 -0.0187781 -0.00659084 0.0175295 -0.0187781 0.0914116 
0.0109755 -0.0197897 0.00534215 -0.00663155 -0.0197897 0.0941358 -0.00662625 0.0175667 0.00534215 -0.00662625 0.0102823 -0.0189081 -0.00663155 0.0175667 -0.0189081 0.0917322 
0.0110375 -0.0197136 0.00533552 -0.00665309 -0.0197136 0.0938801 -0.00664143 0.0176275 0.00533552 -0.00664143 0.0102058 -0.0189569 -0.00665309 0.0176275 -0.0189569 0.0919315 
0.0111161 -0.0197949 0.00530854 -0.00663371 -0.0197949 0.0939291 -0.0066279 0.017607 0.00530854 -0.0066279 0.0101592 -0.0188747 -0.00663371 0.017607 -0.0188747 0.0918865 
0.0112223 -0.0198838 0.00528068 -0.00660276 -0.0198838 0.0941025 -0.00660457 0.0175636 0.00528068 -0.00660457 0.0100711 -0.0188125 -0.00660276 0.0175636 -0.0188125 0.0917311 
0.0112649 -0.0200186 0.00526115 -0.00655832 -0.0200186 0.0943952 -0.00656814 0.0174697 0.00526115 -0.00656814 0.0100717 -0.0187141 -0.00655832 0.0174697 -0.0187141 0.0915314 
0.011212 -0.020081 0.00524726 -0.00652671 -0.020081 0.0946307 -0.00653918 0.0173747 0.00524726 -0.00653918 0.0101853 -0.0187151 -0.00652671 0.0173747 -0.0187151 0.091447 
0.011214 -0.0200103 0.0052541 -0.00652141 -0.0200103 0.0945859 -0.00652554 0.0173405 0.0052541 -0.00652554 0.0101541 -0.0188471 -0.00652141 0.0173405 -0.0188471 0.0916224 
0.0112269 -0.0200069 0.00526941 -0.00652929 -0.0200069 0.0945383 -0.00652909 0.0173314 0.00526941 -0.00652909 0.0100784 -0.018824 -0.00652929 0.0173314 -0.018824 0.091704 
0.0112656 -0.0200226 0.0052651 -0.00654643 -0.0200226 0.0945579 -0.00654525 0.0173513 0.0052651 -0.00654525 0.0100204 -0.0187333 -0.00654643 0.0173513 -0.0187333 0.091576 
0.0113136 -0.0200561 0.00525389 -0.00654951 -0.0200561 0.0946013 -0.00654921 0.0173796 0.00525389 -0.00654921 0.0099664 -0.0186576 -0.00654951 0.0173796 -0.0186576 0.0913833 
0.0113341 -0.0201093 0.0052469 -0.00653691 -0.0201093 0.0946953 -0.00653888 0.0173755 0.0052469 -0.00653888 0.00996515 -0.0185936 -0.00653691 0.0173755 -0.0185936 0.0912079 
0.0112815 -0.0201357 0.00524431 -0.00652607 -0.0201357 0.0947772 -0.00652994 0.0173561 0.00524431 -0.00652994 0.0100421 -0.0185899 -0.00652607 0.0173561 -0.0185899 0.0911334 
0.0112907 -0.020084 0.00522323 -0.00651992 -0.020084 0.0947419 -0.00651788 0.0173253 0.00522323 -0.00651788 0.0100838 -0.0186859 -0.00651992 0.0173253 -0.0186859 0.0912682 
0.0113707 -0.0201016 0.0051795 -0.0064859 -0.0201016 0.0947475 -0.00648064 0.0172429 0.0051795 -0.00648064 0.0100744 -0.0187517 -0.0064859 0.0172429 -0.0187517 0.0914653 
0.0113613 -0.0201975 0.00516431 -0.00642738 -0.0201975 0.0949028 -0.00642713 0.0171181 0.00516431 -0.00642713 0.010137 -0.0187492 -0.00642738 0.0171181 -0.0187492 0.0915452 
0.0112431 -0.0201952 0.00517797 -0.00640354 -0.0201952 0.0949879 -0.0064053 0.0170236 0.00517797 -0.0064053 0.0102748 -0.0188236 -0.00640354 0.0170236 -0.0188236 0.0916761 
0.0111686 -0.0200457 0.00521363 -0.00643006 -0.0200457 0.094766 -0.00642263 0.0170354 0.00521363 -0.00642263 0.0103014 -0.018986 -0.00643006 0.0170354 -0.018986 0.0919813 
0.0111269 -0.0199661 0.00522844 -0.00646496 -0.0199661 0.0945466 -0.00645326 0.0170781 0.00522844 -0.00645326 0.0103201 -0.0190279 -0.00646496 0.0170781 -0.0190279 0.0922095 
0.0111483 -0.0199148 0.00520994 -0.00648628 -0.0199148 0.0943878 -0.00647504 0.0171365 0.00520994 -0.00647504 0.0103216 -0.0190427 -0.00648628 0.0171365 -0.0190427 0.0922921 
0.0111886 -0.0199269 0.00519582 -0.00647156 -0.0199269 0.0943251 -0.00646303 0.0171557 0.00519582 -0.00646303 0.0102789 -0.0190419 -0.00647156 0.0171557 -0.0190419 0.0923024 
0.0112229 -0.0199897 0.00515339 -0.00643763 -0.0199897 0.0944379 -0.00643238 0.0170807 0.00515339 -0.00643238 0.0103191 -0.0190025 -0.00643763 0.0170807 -0.0190025 0.092267 
0.0112645 -0.0200322 0.00511547 -0.00638238 -0.0200322 0.094555 -0.00637723 0.0169592 0.00511547 -0.00637723 0.0103462 -0.0190566 -0.00638238 0.0169592 -0.0190566 0.0923337 
0.0113005 -0.0200673 0.00512483 -0.00633949 -0.0200673 0.094625 -0.00633378 0.0168483 0.00512483 -0.00633378 0.0102712 -0.0191004 -0.00633949 0.0168483 -0.0191004 0.0924517 
0.0113791 -0.0201301 0.00510622 -0.00633195 -0.0201301 0.0947838 -0.00633254 0.0167675 0.00510622 -0.00633254 0.0102004 -0.0190227 -0.00633195 0.0167675 -0.0190227 0.0924101 
0.0114253 -0.0202232 0.00509223 -0.00631049 -0.0202232 0.0949901 -0.0063178 0.0167236 0.00509223 -0.0063178 0.0101637 -0.0189304 -0.00631049 0.0167236 -0.0189304 0.0922195 
0.0114437 -0.0202666 0.00510807 -0.00630148 -0.0202666 0.0951271 -0.00631126 0.0167087 0.00510807 -0.00631126 0.0101099 -0.0188818 -0.00630148 0.0167087 -0.0188818 0.092048 
0.0114491 -0.0202909 0.00510445 -0.00631997 -0.0202909 0.0952141 -0.00633069 0.0167301 0.00510445 -0.00633069 0.0101142 -0.0188159 -0.00631997 0.0167301 -0.0188159 0.0918888 
0.0115158 -0.0202905 0.00507973 -0.0063252 -0.0202905 0.0952309 -0.00633315 0.0167664 0.00507973 -0.00633315 0.0100669 -0.0188117 -0.0063252 0.0167664 -0.0188117 0.0917993 
0.0115169 -0.0203528 0.00509572 -0.0063056 -0.0203528 0.0952992 -0.0063156 0.0167699 0.00509572 -0.0063156 0.0100207 -0.0187558 -0.0063056 0.0167699 -0.0187558 0.091681 
0.01148 -0.0203699 0.00510049 -0.0063148 -0.0203699 0.0953939 -0.0063238 0.0167602 0.00510049 -0.0063238 0.0100455 -0.0187019 -0.0063148 0.0167602 -0.0187019 0.0915518 
0.0115143 -0.0203101 0.00510158 -0.00633455 -0.0203101 0.0953087 -0.00633502 0.0168029 0.00510158 -0.00633502 0.00994737 -0.0187271 -0.00633455 0.0168029 -0.0187271 0.0915239 
0.0115355 -0.0203505 0.00509869 -0.00633237 -0.0203505 0.0953279 -0.00633054 0.0168027 0.00509869 -0.00633054 0.00990137 -0.0186209 -0.00633237 0.0168027 -0.0186209 0.0913893 
0.0115438 -0.0203766 0.00509142 -0.00632861 -0.0203766 0.0953915 -0.0063273 0.0167937 0.00509142 -0.0063273 0.00989339 -0.0185601 -0.00632861 0.0167937 -0.0185601 0.0912174 
0.0114725 -0.0203731 0.00511686 -0.00632762 -0.0203731 0.095387 -0.00632529 0.016801 0.00511686 -0.00632529 0.00994543 -0.0185498 -0.00632762 0.016801 -0.0185498 0.0911318 
0.0114558 -0.0202874 0.00513831 -0.00636138 -0.0202874 0.0952491 -0.00635331 0.0168486 0.00513831 -0.00635331 0.00995189 -0.0186109 -0.00636138 0.0168486 -0.0186109 0.0912055 
0.0114286 -0.0202597 0.00516078 -0.00639135 -0.0202597 0.09512 -0.00638636 0.0169313 0.00516078 -0.00638636 0.00995509 -0.0186169 -0.00639135 0.0169313 -0.0186169 0.0912589 
0.0113494 -0.020234 0.00519827 -0.00641937 -0.020234 0.0950482 -0.006419 0.0170144 0.00519827 -0.006419 0.0100049 -0.0186112 -0.00641937 0.0170144 -0.0186112 0.0912495 
0.0112732 -0.0201355 0.00523478 -0.00647084 -0.0201355 0.094866 -0.00646985 0.0171382 0.00523478 -0.00646985 0.0100477 -0.0186581 -0.00647084 0.0171382 -0.0186581 0.0912947 
0.0112505 -0.0200465 0.0052423 -0.00651866 -0.0200465 0.0946495 -0.00651426 0.0172629 0.0052423 -0.00651426 0.010073 -0.0187038 -0.00651866 0.0172629 -0.0187038 0.0913854 
0.0112725 -0.0200172 0.00524738 -0.00653146 -0.0200172 0.0945123 -0.0065281 0.0173403 0.00524738 -0.0065281 0.0100442 -0.0187281 -0.00653146 0.0173403 -0.0187281 0.0914499 
0.0113037 -0.020056 0.00524823 -0.00652771 -0.020056 0.0945479 -0.00653084 0.0173519 0.00524823 -0.00653084 0.010008 -0.0186939 -0.00652771 0.0173519 -0.0186939 0.0914232 
0.0113414 -0.0201018 0.0052545 -0.00652344 -0.0201018 0.0946603 -0.00653257 0.0173479 0.0052545 -0.00653257 0.00995364 -0.0186454 -0.00652344 0.0173479 -0.0186454 0.0913209 
0.0113092 -0.0201692 0.00525103 -0.00651743 -0.0201692 0.0948494 -0.00653146 0.0173165 0.00525103 -0.00653146 0.0100154 -0.0185805 -0.00651743 0.0173165 -0.0185805 0.0911857 
0.0112447 -0.0201501 0.00521146 -0.00650654 -0.0201501 0.0949297 -0.00651485 0.0172676 0.00521146 -0.00651485 0.0102073 -0.0186536 -0.00650654 0.0172676 -0.0186536 0.0912401 
0.0111562 -0.0200637 0.00518772 -0.00646753 -0.0200637 0.0947909 -0.00646228 0.0171887 0.00518772 -0.00646228 0.0103906 -0.018891 -0.00646753 0.0171887 -0.018891 0.0916475 
0.011092 -0.0199448 0.00521782 -0.00644601 -0.0199448 0.0945143 -0.00642959 0.0171193 0.00521782 -0.00642959 0.010416 -0.019122 -0.00644601 0.0171193 -0.019122 0.092207 
0.0110583 -0.0198628 0.00526848 -0.00648281 -0.0198628 0.0942692 -0.00646749 0.0171485 0.00526848 -0.00646749 0.0103365 -0.0191546 -0.00648281 0.0171485 -0.0191546 0.0924899 
0.0111097 -0.0198269 0.00528928 -0.00654125 -0.0198269 0.0941384 -0.00653358 0.0172627 0.00528928 -0.00653358 0.0102178 -0.0190508 -0.00654125 0.0172627 -0.0190508 0.0923994 
0.0111307 -0.0198852 0.00528953 -0.00656807 -0.0198852 0.0941806 -0.00657105 0.0173717 0.00528953 -0.00657105 0.0101783 -0.0188965 -0.00656807 0.0173717 -0.0188965 0.0920828 
0.0111361 -0.0198989 0.00528476 -0.0065798 -0.0198989 0.0942172 -0.00658467 0.0174539 0.00528476 -0.00658467 0.010158 -0.0188348 -0.0065798 0.0174539 -0.0188348 0.0918205 
0.011183 -0.0198859 0.00528118 -0.00658502 -0.0198859 0.0941797 -0.00658386 0.0175 0.00528118 -0.00658386 0.0100803 -0.0188126 -0.00658502 0.0175 -0.0188126 0.0916934 
0.0112638 -0.0199328 0.00527154 -0.00658069 -0.0199328 0.0942202 -0.00658028 0.0175065 0.00527154 -0.00658028 0.00998243 -0.0187288 -0.00658069 0.0175065 -0.0187288 0.0915395 
0.0112947 -0.0200327 0.00527194 -0.00656509 -0.0200327 0.0943994 -0.00657155 0.017487 0.00527194 -0.00657155 0.00993414 -0.0186094 -0.00656509 0.017487 -0.0186094 0.0912898 
0.0112382 -0.0200645 0.00530443 -0.00657061 -0.0200645 0.0945218 -0.0065805 0.0175004 0.00530443 -0.0065805 0.00993939 -0.0185426 -0.00657061 0.0175004 -0.0185426 0.0910653 
0.0111513 -0.0200169 0.00532586 -0.00660258 -0.0200169 0.0945224 -0.00660696 0.0175294 0.00532586 -0.00660696 0.0100293 -0.0185482 -0.00660258 0.0175294 -0.0185482 0.091005 
0.0111236 -0.0199188 0.00532453 -0.00663036 -0.0199188 0.0943632 -0.00662573 0.0175775 0.00532453 -0.00662573 0.0100955 -0.0186558 -0.00663036 0.0175775 -0.0186558 0.0911625 
0.0112167 -0.0198999 0.00526863 -0.00661946 -0.0198999 0.0942766 -0.00661291 0.0175624 0.00526863 -0.00661291 0.0101018 -0.0187439 -0.00661946 0.0175624 -0.0187439 0.0913983 
0.0113231 -0.0200063 0.00522275 -0.00654978 -0.0200063 0.0944059 -0.00655017 0.0174572 0.00522275 -0.00655017 0.0100658 -0.0187571 -0.00654978 0.0174572 -0.0187571 0.0915076 
0.0112688 -0.0201205 0.0052641 -0.00649705 -0.0201205 0.0946373 -0.00650724 0.0173482 0.0052641 -0.00650724 0.0100576 -0.0187126 -0.00649705 0.0173482 -0.0187126 0.0914548 
