0.00381386 0 0.00147484 0 0 0.01 0 0 0.00147484 0 0.00961706 0 0 0 0 0.01 
0.00544014 -0.00678031 0.00204649 -0.00252209 -0.00678031 0.022175 -0.00252209 0.00483541 0.00204649 -0.00252209 0.0135784 -0.0168098 -0.00252209 0.00483541 -0.0168098 0.0414062 
0.00570172 -0.0109992 0.00193582 -0.00323972 -0.0109992 0.0442334 -0.00323972 0.0103348 0.00193582 -0.00323972 0.0132072 -0.0240843 -0.00323972 0.0103348 -0.0240843 0.0860014 
0.00551472 -0.0121042 0.00177056 -0.00254966 -0.0121042 0.0585743 -0.00257718 0.00931003 0.00177056 -0.00257718 0.0123399 -0.0223334 -0.00254966 0.00931003 -0.0223334 0.0966587 
0.00550019 -0.0124216 0.00181942 -0.0022987 -0.0124216 0.0670506 -0.00234559 0.00758518 0.00181942 -0.00234559 0.012413 -0.0213265 -0.0022987 0.00758518 -0.0213265 0.097076 
0.00553936 -0.012447 0.00192313 -0.00241173 -0.012447 0.0710524 -0.00244925 0.00704455 0.00192313 -0.00244925 0.0127021 -0.0214559 -0.00241173 0.00704455 -0.0214559 0.0976082 
0.00555848 -0.0123199 0.00192818 -0.00249726 -0.0123199 0.0722219 -0.00251693 0.00693995 0.00192818 -0.00251693 0.0128818 -0.0218032 -0.00249726 0.00693995 -0.0218032 0.0986013 
0.00555679 -0.0122044 0.00186599 -0.00248949 -0.0122044 0.0722403 -0.00249597 0.00688292 0.00186599 -0.00249597 0.0129542 -0.0219732 -0.00248949 0.00688292 -0.0219732 0.0992475 
0.00557942 -0.0121394 0.00176799 -0.00241528 -0.0121394 0.0720047 -0.00240932 0.00672987 0.00176799 -0.00240932 0.0129701 -0.0220228 -0.00241528 0.00672987 -0.0220228 0.0994843 
0.00562277 -0.0121775 0.0017457 -0.00233922 -0.0121775 0.0719548 -0.00232115 0.00657734 0.0017457 -0.00232115 0.012958 -0.022007 -0.00233922 0.00657734 -0.022007 0.0994737 
0.00561307 -0.0122485 0.0017405 -0.00229636 -0.0122485 0.0720756 -0.00227866 0.00642116 0.0017405 -0.00227866 0.0129959 -0.021994 -0.00229636 0.00642116 -0.021994 0.0994363 
0.00560615 -0.0122846 0.00174501 -0.0023302 -0.0122846 0.0722609 -0.00231963 0.00647721 0.00174501 -0.00231963 0.0130182 -0.0220221 -0.0023302 0.00647721 -0.0220221 0.0994387 
0.00561711 -0.0123075 0.00179636 -0.00237568 -0.0123075 0.0724158 -0.00236669 0.00663261 0.00179636 -0.00236669 0.0130179 -0.0220412 -0.00237568 0.00663261 -0.0220412 0.0994732 
0.005572 -0.0123128 0.00182717 -0.00240439 -0.0123128 0.0724787 -0.00239838 0.00669825 0.00182717 -0.00239838 0.013061 -0.0220626 -0.00240439 0.00669825 -0.0220626 0.0995531 
0.00557466 -0.012257 0.00180809 -0.00243579 -0.012257 0.0724243 -0.00243272 0.00677142 0.00180809 -0.00243272 0.0130473 -0.0221215 -0.00243579 0.00677142 -0.0221215 0.0996831 
0.0055924 -0.0122513 0.00179831 -0.00241649 -0.0122513 0.0723699 -0.00240891 0.00677148 0.00179831 -0.00240891 0.0130297 -0.0221117 -0.00241649 0.00677148 -0.0221117 0.0997391 
0.00560001 -0.0122574 0.00180496 -0.00237186 -0.0122574 0.072343 -0.00236135 0.00664633 0.00180496 -0.00236135 0.0130256 -0.0220982 -0.00237186 0.00664633 -0.0220982 0.099741 
0.00568834 -0.0122935 0.00186544 -0.00242427 -0.0122935 0.0724223 -0.00241931 0.00673474 0.00186544 -0.00241931 0.012954 -0.0220659 -0.00242427 0.00673474 -0.0220659 0.0996525 
0.00571013 -0.0124018 0.00191681 -0.00248143 -0.0124018 0.0726215 -0.00249408 0.00687102 0.00191681 -0.00249408 0.0129356 -0.0219831 -0.00248143 0.00687102 -0.0219831 0.0994959 
0.00571323 -0.0124671 0.00199858 -0.00258383 -0.0124671 0.0728717 -0.00260858 0.00715548 0.00199858 -0.00260858 0.0129303 -0.0219323 -0.00258383 0.00715548 -0.0219323 0.0993082 
0.00566063 -0.0124364 0.0020095 -0.00261707 -0.0124364 0.0728791 -0.00264253 0.00724114 0.0020095 -0.00264253 0.0129743 -0.0219623 -0.00261707 0.00724114 -0.0219623 0.0993318 
0.00562042 -0.0123662 0.00204111 -0.00264374 -0.0123662 0.0727544 -0.00265885 0.00731712 0.00204111 -0.00265885 0.0130064 -0.0220188 -0.00264374 0.00731712 -0.0220188 0.0994438 
0.00560556 -0.0122835 0.00200617 -0.00265031 -0.0122835 0.0725203 -0.00265772 0.00729969 0.00200617 -0.00265772 0.0130274 -0.0220839 -0.00265031 0.00729969 -0.0220839 0.0996296 
0.00560875 -0.0122817 0.00201185 -0.00265927 -0.0122817 0.0724352 -0.00265872 0.00736248 0.00201185 -0.00265872 0.0130223 -0.0220901 -0.00265927 0.00736248 -0.0220901 0.0996921 
0.00562413 -0.0122926 0.00202183 -0.00267182 -0.0122926 0.0724355 -0.00266548 0.00739885 0.00202183 -0.00266548 0.0130144 -0.0220795 -0.00267182 0.00739885 -0.0220795 0.099689 
0.00560999 -0.0122869 0.00202142 -0.00263046 -0.0122869 0.0723976 -0.00262236 0.00728012 0.00202142 -0.00262236 0.0130326 -0.0220938 -0.00263046 0.00728012 -0.0220938 0.0997375 
0.00558738 -0.012277 0.00206852 -0.00263511 -0.012277 0.0723799 -0.00263101 0.00724714 0.00206852 -0.00263101 0.0130516 -0.0221125 -0.00263511 0.00724714 -0.0221125 0.0997802 
0.00558961 -0.0122458 0.00209067 -0.00268314 -0.0122458 0.0723205 -0.0026908 0.00731632 0.00209067 -0.0026908 0.0130374 -0.0221421 -0.00268314 0.00731632 -0.0221421 0.0998532 
0.00561309 -0.0122485 0.00205637 -0.0027244 -0.0122485 0.072297 -0.00274204 0.0074515 0.00205637 -0.00274204 0.0129977 -0.0221215 -0.0027244 0.0074515 -0.0221215 0.0998517 
0.00561852 -0.0122759 0.00204396 -0.00269337 -0.0122759 0.0723318 -0.00270592 0.00746741 0.00204396 -0.00270592 0.0129862 -0.0220653 -0.00269337 0.00746741 -0.0220653 0.0997458 
0.00562415 -0.0122808 0.00205105 -0.00267653 -0.0122808 0.0723527 -0.00267982 0.00741749 0.00205105 -0.00267982 0.0129775 -0.0220417 -0.00267653 0.00741749 -0.0220417 0.0996449 
0.00563191 -0.0123017 0.00205592 -0.00271771 -0.0123017 0.0724047 -0.00271954 0.00749917 0.00205592 -0.00271954 0.0129734 -0.0220116 -0.00271771 0.00749917 -0.0220116 0.0995369 
0.00562683 -0.0122809 0.00203331 -0.00267342 -0.0122809 0.0723515 -0.00267211 0.00740569 0.00203331 -0.00267211 0.0130035 -0.0220345 -0.00267342 0.00740569 -0.0220345 0.0995625 
0.00560159 -0.0122824 0.00199672 -0.00265404 -0.0122824 0.0723365 -0.00264907 0.00733669 0.00199672 -0.00264907 0.0130575 -0.0220696 -0.00265404 0.00733669 -0.0220696 0.0996309 
0.00565599 -0.0122724 0.00200868 -0.00262718 -0.0122724 0.0723479 -0.00261401 0.00727837 0.00200868 -0.00261401 0.0130182 -0.022135 -0.00262718 0.00727837 -0.022135 0.0997624 
0.00566282 -0.0123526 0.00204262 -0.00263726 -0.0123526 0.0724954 -0.00262971 0.00726565 0.00204262 -0.00262971 0.013013 -0.0220955 -0.00263726 0.00726565 -0.0220955 0.0997786 
0.00567134 -0.0123742 0.0020829 -0.00266655 -0.0123742 0.0726327 -0.00267155 0.00731146 0.0020829 -0.00267155 0.01301 -0.0220875 -0.00266655 0.00731146 -0.0220875 0.0997532 
0.00565512 -0.0124161 0.00214976 -0.00276749 -0.0124161 0.07279 -0.00278385 0.00757312 0.00214976 -0.00278385 0.0130292 -0.0220558 -0.00276749 0.00757312 -0.0220558 0.0996651 
0.00561498 -0.0123809 0.00217108 -0.00282204 -0.0123809 0.0727815 -0.00284001 0.00773935 0.00217108 -0.00284001 0.0130612 -0.0220971 -0.00282204 0.00773935 -0.0220971 0.0997125 
0.0055857 -0.0123302 0.00218381 -0.00286517 -0.0123302 0.0726865 -0.00287521 0.00788083 0.00218381 -0.00287521 0.0130722 -0.0221386 -0.00286517 0.00788083 -0.0221386 0.0998099 
0.00557684 -0.0122787 0.00217869 -0.00288055 -0.0122787 0.0725434 -0.00287956 0.00794087 0.00217869 -0.00287956 0.0130729 -0.022158 -0.00288055 0.00794087 -0.022158 0.0998933 
0.00553106 -0.0122316 0.00214601 -0.00283416 -0.0122316 0.0723593 -0.00282509 0.00782742 0.00214601 -0.00282509 0.0131053 -0.0221803 -0.00283416 0.00782742 -0.0221803 0.0999835 
0.00549545 -0.0121573 0.00212017 -0.00277429 -0.0121573 0.0721456 -0.00275846 0.00764761 0.00212017 -0.00275846 0.0131292 -0.0222274 -0.00277429 0.00764761 -0.0222274 0.100097 
0.00549635 -0.0121283 0.00213944 -0.00278898 -0.0121283 0.0720254 -0.00277217 0.00765145 0.00213944 -0.00277217 0.0131243 -0.0222334 -0.00278898 0.00765145 -0.0222334 0.100129 
0.00551737 -0.012129 0.00216665 -0.0028205 -0.012129 0.0719733 -0.00281072 0.00772676 0.00216665 -0.00281072 0.0131103 -0.0222223 -0.0028205 0.00772676 -0.0222223 0.100113 
0.00557082 -0.01216 0.00221298 -0.00286148 -0.01216 0.0720084 -0.00285978 0.00784788 0.00221298 -0.00285978 0.0130704 -0.0221984 -0.00286148 0.00784788 -0.0221984 0.100059 
0.0056297 -0.0122138 0.00224005 -0.00288079 -0.0122138 0.0720951 -0.00289079 0.00789802 0.00224005 -0.00289079 0.0130389 -0.0221654 -0.00288079 0.00789802 -0.0221654 0.100003 
0.00563066 -0.0122706 0.00223266 -0.00285722 -0.0122706 0.0722058 -0.00287893 0.00782983 0.00223266 -0.00287893 0.0130649 -0.0221531 -0.00285722 0.00782983 -0.0221531 0.0999866 
0.00559213 -0.0123081 0.00222146 -0.00287563 -0.0123081 0.0723672 -0.00290115 0.00786706 0.00222146 -0.00290115 0.0131105 -0.0221705 -0.00287563 0.00786706 -0.0221705 0.0999905 
0.00553309 -0.012254 0.00217506 -0.00283407 -0.012254 0.0723433 -0.00284878 0.007771 0.00217506 -0.00284878 0.0131709 -0.0222499 -0.00283407 0.007771 -0.0222499 0.100156 
0.00550978 -0.0122109 0.00217468 -0.00283512 -0.0122109 0.0722978 -0.00283462 0.00777628 0.00217468 -0.00283462 0.0131884 -0.0223052 -0.00283512 0.00777628 -0.0223052 0.100295 
0.00548199 -0.0121921 0.00217981 -0.00286091 -0.0121921 0.0722624 -0.00285236 0.00783693 0.00217981 -0.00285236 0.0132092 -0.0223195 -0.00286091 0.00783693 -0.0223195 0.100368 
0.00542591 -0.0121651 0.00221218 -0.00289003 -0.0121651 0.0722204 -0.00287743 0.0079335 0.00221218 -0.00287743 0.0132626 -0.0223339 -0.00289003 0.0079335 -0.0223339 0.100399 
0.00538382 -0.0120606 0.00219957 -0.00287747 -0.0120606 0.0719903 -0.00286261 0.0078854 0.00219957 -0.00286261 0.0132968 -0.0224285 -0.00287747 0.0078854 -0.0224285 0.100594 
0.00538007 -0.0120101 0.00219736 -0.00289129 -0.0120101 0.0718101 -0.00287724 0.00792565 0.00219736 -0.00287724 0.0133032 -0.0224649 -0.00289129 0.00792565 -0.0224649 0.100733 
0.00537134 -0.0119816 0.00218061 -0.00285181 -0.0119816 0.0716622 -0.00283962 0.00783989 0.00218061 -0.00283962 0.0133147 -0.0224908 -0.00285181 0.00783989 -0.0224908 0.100847 
0.00536161 -0.0119833 0.00220118 -0.00284594 -0.0119833 0.0716251 -0.00283704 0.00781311 0.00220118 -0.00283704 0.0133143 -0.0224939 -0.00284594 0.00781311 -0.0224939 0.100879 
0.00533782 -0.0120014 0.00225883 -0.00292023 -0.0120014 0.0716837 -0.0029184 0.00798831 0.00225883 -0.0029184 0.0133204 -0.0224659 -0.00292023 0.00798831 -0.0224659 0.100813 
0.00538061 -0.0119708 0.00230631 -0.0030011 -0.0119708 0.0716607 -0.00300397 0.00821167 0.00230631 -0.00300397 0.0132733 -0.0224676 -0.0030011 0.00821167 -0.0224676 0.100778 
0.00544716 -0.0120054 0.00234256 -0.00305196 -0.0120054 0.0716659 -0.00305995 0.00838146 0.00234256 -0.00305995 0.0132 -0.0224167 -0.00305196 0.00838146 -0.0224167 0.1007 
0.00544375 -0.0120267 0.00226211 -0.00298926 -0.0120267 0.0716312 -0.00300308 0.00822859 0.00226211 -0.00300308 0.0131964 -0.0223751 -0.00298926 0.00822859 -0.0223751 0.100651 
0.00544634 -0.0120337 0.00219375 -0.0029063 -0.0120337 0.0716457 -0.00291416 0.0080445 0.00219375 -0.00291416 0.0131955 -0.0223527 -0.0029063 0.0080445 -0.0223527 0.100567 
0.00552995 -0.012049 0.0021673 -0.00284423 -0.012049 0.0716826 -0.00283828 0.00786975 0.0021673 -0.00283828 0.013124 -0.0223365 -0.00284423 0.00786975 -0.0223365 0.100495 
0.00559571 -0.0121673 0.00216705 -0.00282654 -0.0121673 0.0718956 -0.00282152 0.00778636 0.00216705 -0.00282152 0.0130657 -0.0222384 -0.00282654 0.00778636 -0.0222384 0.100306 
0.00559504 -0.0122492 0.00213771 -0.00278947 -0.0122492 0.0721324 -0.002793 0.00766774 0.00213771 -0.002793 0.0130726 -0.0221744 -0.00278947 0.00766774 -0.0221744 0.100122 
0.00557295 -0.0122759 0.00213044 -0.0027834 -0.0122759 0.0723111 -0.00278759 0.00765142 0.00213044 -0.00278759 0.0130961 -0.0221624 -0.0027834 0.00765142 -0.0221624 0.100004 
0.00552084 -0.0122401 0.00209634 -0.00276036 -0.0122401 0.0723068 -0.00275737 0.00758322 0.00209634 -0.00275737 0.0131596 -0.0222045 -0.00276036 0.00758322 -0.0222045 0.100048 
0.00550222 -0.0121715 0.0020758 -0.00272242 -0.0121715 0.0721837 -0.00270883 0.00748541 0.0020758 -0.00270883 0.0131755 -0.0222892 -0.00272242 0.00748541 -0.0222892 0.100218 
0.00556723 -0.0121578 0.00210288 -0.00271943 -0.0121578 0.0721195 -0.00270312 0.00746126 0.00210288 -0.00270312 0.0131085 -0.0223067 -0.00271943 0.00746126 -0.0223067 0.100322 
0.00566047 -0.0122545 0.00215464 -0.00277314 -0.0122545 0.0722691 -0.00277123 0.00758183 0.00215464 -0.00277123 0.0130058 -0.0222105 -0.00277314 0.00758183 -0.0222105 0.100191 
0.00569839 -0.0123832 0.00218416 -0.00283766 -0.0123832 0.0725701 -0.00285753 0.00777182 0.00218416 -0.00285753 0.0129529 -0.0220664 -0.00283766 0.00777182 -0.0220664 0.0998742 
0.00569466 -0.0124224 0.00218155 -0.00285271 -0.0124224 0.0727558 -0.00287893 0.00786026 0.00218155 -0.00287893 0.0129479 -0.0219995 -0.00285271 0.00786026 -0.0219995 0.0996222 
0.00572242 -0.0124077 0.00220017 -0.00285163 -0.0124077 0.0727781 -0.00286709 0.0078766 0.00220017 -0.00286709 0.0129114 -0.021991 -0.00285163 0.0078766 -0.021991 0.0995128 
0.0058046 -0.0124354 0.00221382 -0.00288219 -0.0124354 0.0728041 -0.00289348 0.00792729 0.00221382 -0.00289348 0.0128314 -0.0219448 -0.00288219 0.00792729 -0.0219448 0.0994078 
0.00587983 -0.0125188 0.00219068 -0.00286949 -0.0125188 0.0729192 -0.00288558 0.00790289 0.00219068 -0.00288558 0.0127635 -0.0218587 -0.00286949 0.00790289 -0.0218587 0.0992418 
0.00594463 -0.0126362 0.00219539 -0.00286241 -0.0126362 0.0731916 -0.00288116 0.00790939 0.00219539 -0.00288116 0.0127006 -0.0217533 -0.00286241 0.00790939 -0.0217533 0.098972 
0.00588825 -0.012709 0.00215153 -0.00283466 -0.012709 0.0734163 -0.00285258 0.00782159 0.00215153 -0.00285258 0.0127581 -0.0216855 -0.00283466 0.00782159 -0.0216855 0.0987644 
0.00578769 -0.0126342 0.00210251 -0.00276878 -0.0126342 0.0733838 -0.0027689 0.00764476 0.00210251 -0.0027689 0.0128593 -0.0217626 -0.00276878 0.00764476 -0.0217626 0.0988079 
0.0057612 -0.0125324 0.0021202 -0.00277126 -0.0125324 0.0732166 -0.00274867 0.00761406 0.0021202 -0.00274867 0.0128834 -0.0218699 -0.00277126 0.00761406 -0.0218699 0.0989973 
0.0057671 -0.0124911 0.00217462 -0.00280448 -0.0124911 0.0730589 -0.00277558 0.00765891 0.00217462 -0.00277558 0.0128817 -0.0219083 -0.00280448 0.00765891 -0.0219083 0.0991637 
0.0057991 -0.0124949 0.00224713 -0.00286425 -0.0124949 0.0730035 -0.00284961 0.00778694 0.00224713 -0.00284961 0.0128598 -0.0219092 -0.00286425 0.00778694 -0.0219092 0.099226 
0.0058583 -0.0125319 0.00229874 -0.00293591 -0.0125319 0.0730433 -0.00294375 0.00796825 0.00229874 -0.00294375 0.0128042 -0.0218874 -0.00293591 0.00796825 -0.0218874 0.0992154 
0.00584537 -0.012588 0.00230349 -0.00295629 -0.012588 0.0731337 -0.00298373 0.00805437 0.00230349 -0.00298373 0.0128165 -0.0218391 -0.00295629 0.00805437 -0.0218391 0.0991545 
0.0057419 -0.0125827 0.00229766 -0.00296794 -0.0125827 0.0731864 -0.00299606 0.00811232 0.00229766 -0.00299606 0.0129128 -0.0218451 -0.00296794 0.00811232 -0.0218451 0.099119 
0.00569462 -0.0124392 0.00224541 -0.00294997 -0.0124392 0.0729549 -0.00295937 0.00806408 0.00224541 -0.00295937 0.0129614 -0.0219771 -0.00294997 0.00806408 -0.0219771 0.0993343 
0.00568022 -0.0123667 0.00221685 -0.00290044 -0.0123667 0.0726998 -0.00288873 0.00795218 0.00221685 -0.00288873 0.0129808 -0.0220479 -0.00290044 0.00795218 -0.0220479 0.0995717 
0.00571633 -0.0123542 0.00223737 -0.00287189 -0.0123542 0.0725894 -0.0028541 0.00785356 0.00223737 -0.0028541 0.0129477 -0.0220688 -0.00287189 0.00785356 -0.0220688 0.0996904 
0.00574094 -0.012397 0.00221678 -0.00287903 -0.012397 0.0726217 -0.0028753 0.00782357 0.00221678 -0.0028753 0.0129372 -0.0220321 -0.00287903 0.00782357 -0.0220321 0.0996771 
0.00571176 -0.0124542 0.00221985 -0.00287811 -0.0124542 0.0727723 -0.00288478 0.00786758 0.00221985 -0.00288478 0.0129675 -0.0219991 -0.00287811 0.00786758 -0.0219991 0.0995817 
0.00569233 -0.0124694 0.00227988 -0.0029498 -0.0124694 0.0729326 -0.00295387 0.00807322 0.00227988 -0.00295387 0.0129877 -0.0219976 -0.0029498 0.00807322 -0.0219976 0.0994931 
0.00565453 -0.0124336 0.00232276 -0.00301114 -0.0124336 0.0729165 -0.00301091 0.00823222 0.00232276 -0.00301091 0.0130262 -0.0220378 -0.00301114 0.00823222 -0.0220378 0.0995496 
0.00566996 -0.0123434 0.00231778 -0.00300885 -0.0123434 0.072707 -0.00300537 0.0082222 0.00231778 -0.00300537 0.0130206 -0.0221244 -0.00300885 0.0082222 -0.0221244 0.0997633 
0.00568904 -0.0123688 0.00233394 -0.00302407 -0.0123688 0.0726596 -0.00302336 0.0082706 0.00233394 -0.00302336 0.0130115 -0.0221122 -0.00302407 0.0082706 -0.0221122 0.0998329 
0.00566744 -0.0124026 0.00234432 -0.00303931 -0.0124026 0.0727208 -0.00304414 0.00831247 0.00234432 -0.00304414 0.0130325 -0.0220978 -0.00303931 0.00831247 -0.0220978 0.0998207 
0.00561592 -0.0123613 0.00233527 -0.0030168 -0.0123613 0.07267 -0.00302026 0.0082489 0.00233527 -0.00302026 0.0130818 -0.0221424 -0.0030168 0.0082489 -0.0221424 0.0999038 
0.00557122 -0.0122919 0.0023214 -0.00300507 -0.0122919 0.0725252 -0.00300325 0.00819371 0.0023214 -0.00300325 0.0131201 -0.0222082 -0.00300507 0.00819371 -0.0222082 0.100055 
0.00553199 -0.0122277 0.0022758 -0.002989 -0.0122277 0.0723487 -0.00298354 0.00814468 0.0022758 -0.00298354 0.0131532 -0.0222611 -0.002989 0.00814468 -0.0222611 0.100212 
0.00552216 -0.01219 0.00223599 -0.0029649 -0.01219 0.0722321 -0.00295161 0.00811704 0.00223599 -0.00295161 0.0131627 -0.022289 -0.0029649 0.00811704 -0.022289 0.100301 
0.00549751 -0.0121504 0.00216979 -0.00287188 -0.0121504 0.0720844 -0.00285062 0.00789137 0.00216979 -0.00285062 0.0131897 -0.0223225 -0.00287188 0.00789137 -0.0223225 0.100415 
0.00551327 -0.0121237 0.00213324 -0.00279208 -0.0121237 0.0719919 -0.00276564 0.00766374 0.00213324 -0.00276564 0.0131815 -0.0223525 -0.00279208 0.00766374 -0.0223525 0.100499 
0.00555725 -0.0121645 0.0021263 -0.00277314 -0.0121645 0.0720489 -0.00275297 0.00758271 0.0021263 -0.00275297 0.0131465 -0.0223258 -0.00277314 0.00758271 -0.0223258 0.100471 
0.00555809 -0.0122372 0.00214324 -0.00277428 -0.0122372 0.0722201 -0.00276591 0.00758728 0.00214324 -0.00276591 0.0131432 -0.022272 -0.00277428 0.00758728 -0.022272 0.100356 
0.0056328 -0.0122523 0.00215401 -0.00279788 -0.0122523 0.0723433 -0.00279839 0.00764492 0.00215401 -0.00279839 0.0130643 -0.0222594 -0.00279788 0.00764492 -0.0222594 0.100273 
0.00564924 -0.0123438 0.00216581 -0.00281181 -0.0123438 0.0725242 -0.00282158 0.00770895 0.00216581 -0.00282158 0.0130373 -0.0221629 -0.00281181 0.00770895 -0.0221629 0.1001 
0.00562041 -0.0123552 0.00214404 -0.00279842 -0.0123552 0.0726213 -0.00281077 0.00768397 0.00214404 -0.00281077 0.0130616 -0.0221331 -0.00279842 0.00768397 -0.0221331 0.0999688 
0.0055806 -0.0122943 0.00211239 -0.00274216 -0.0122943 0.0725223 -0.00274706 0.00753859 0.00211239 -0.00274706 0.0130927 -0.0221785 -0.00274216 0.00753859 -0.0221785 0.100011 
0.0055176 -0.0122281 0.0020954 -0.00269268 -0.0122281 0.0723423 -0.00269074 0.00737548 0.0020954 -0.00269074 0.0131427 -0.0222272 -0.00269268 0.00737548 -0.0222272 0.10013 
0.00551664 -0.0121711 0.00211058 -0.0027257 -0.0121711 0.0722036 -0.00272249 0.00742534 0.00211058 -0.00272249 0.0131492 -0.0222647 -0.0027257 0.00742534 -0.0222647 0.100207 
0.00555143 -0.0121574 0.0021031 -0.00274041 -0.0121574 0.0721036 -0.00274213 0.00748191 0.0021031 -0.00274213 0.0131194 -0.0222785 -0.00274041 0.00748191 -0.0222785 0.10027 
0.00554406 -0.0122022 0.00207693 -0.00272924 -0.0122022 0.072142 -0.00273668 0.00749604 0.00207693 -0.00273668 0.0131297 -0.022243 -0.00272924 0.00749604 -0.022243 0.100235 
0.00550507 -0.012209 0.00203077 -0.00270578 -0.012209 0.0722041 -0.00271032 0.00747016 0.00203077 -0.00271032 0.0131704 -0.0222448 -0.00270578 0.00747016 -0.0222448 0.100199 
0.00546714 -0.0121731 0.0020144 -0.00267219 -0.0121731 0.0721871 -0.00266321 0.00741365 0.0020144 -0.00266321 0.0132017 -0.0222869 -0.00267219 0.00741365 -0.0222869 0.100243 
0.00542446 -0.01211 0.00199139 -0.0026303 -0.01211 0.0720529 -0.00261074 0.00727741 0.00199139 -0.00261074 0.0132361 -0.0223419 -0.0026303 0.00727741 -0.0223419 0.100379 
0.00544495 -0.012064 0.00200618 -0.00263091 -0.012064 0.0719312 -0.00260978 0.00725806 0.00200618 -0.00260978 0.0132032 -0.0223739 -0.00263091 0.00725806 -0.0223739 0.100471 
0.00549481 -0.0120871 0.00199979 -0.00265803 -0.0120871 0.0719123 -0.00264696 0.00732144 0.00199979 -0.00264696 0.0131426 -0.0223275 -0.00265803 0.00732144 -0.0223275 0.100431 
0.00552506 -0.0121427 0.00200388 -0.00263979 -0.0121427 0.0719933 -0.00263798 0.00732606 0.00200388 -0.00263798 0.013112 -0.0222491 -0.00263979 0.00732606 -0.0222491 0.100273 
0.00553002 -0.0121802 0.00198027 -0.00263548 -0.0121802 0.0720904 -0.00263832 0.00730973 0.00198027 -0.00263832 0.0131101 -0.0222033 -0.00263548 0.00730973 -0.0222033 0.100117 
0.00546297 -0.0121678 0.00193889 -0.00256878 -0.0121678 0.072083 -0.00256749 0.00715202 0.00193889 -0.00256749 0.0131817 -0.0222188 -0.00256878 0.00715202 -0.0222188 0.1001 
0.00539611 -0.0120754 0.00187322 -0.00249814 -0.0120754 0.0719173 -0.00248665 0.00693271 0.00187322 -0.00248665 0.0132515 -0.0223186 -0.00249814 0.00693271 -0.0223186 0.100272 
0.00534172 -0.0120007 0.00184086 -0.00245025 -0.0120007 0.0717292 -0.00242674 0.00679252 0.00184086 -0.00242674 0.0133068 -0.0224019 -0.00245025 0.00679252 -0.0224019 0.100485 
0.00535084 -0.011913 0.00176646 -0.00237554 -0.011913 0.0714909 -0.00234668 0.00656682 0.00176646 -0.00234668 0.0133062 -0.0224936 -0.00237554 0.00656682 -0.0224936 0.100745 
0.00538282 -0.0119391 0.00171358 -0.00231754 -0.0119391 0.0714525 -0.00229065 0.00643349 0.00171358 -0.00229065 0.0132795 -0.0224805 -0.00231754 0.00643349 -0.0224805 0.100817 
0.00546271 -0.0120025 0.00172235 -0.00227309 -0.0120025 0.0715852 -0.00225049 0.00634025 0.00172235 -0.00225049 0.0132107 -0.022429 -0.00227309 0.00634025 -0.022429 0.100726 
0.00553144 -0.0121183 0.00177655 -0.00228395 -0.0121183 0.07185 -0.0022762 0.00633825 0.00177655 -0.0022762 0.0131415 -0.0223334 -0.00228395 0.00633825 -0.0223334 0.100519 
0.00559084 -0.012225 0.00183063 -0.00235421 -0.012225 0.0721665 -0.00237097 0.00649652 0.00183063 -0.00237097 0.0130804 -0.0222332 -0.00235421 0.00649652 -0.0222332 0.100251 
0.00565094 -0.0123305 0.00189424 -0.00247018 -0.0123305 0.072501 -0.00250573 0.00684039 0.00189424 -0.00250573 0.013006 -0.0221244 -0.00247018 0.00684039 -0.0221244 0.0999316 
0.00564263 -0.0124046 0.00193493 -0.00255051 -0.0124046 0.0727523 -0.00258979 0.00711571 0.00193493 -0.00258979 0.0129935 -0.0220275 -0.00255051 0.00711571 -0.0220275 0.0996449 
0.00564646 -0.0123784 0.00197256 -0.00258675 -0.0123784 0.072789 -0.00261353 0.00724339 0.00197256 -0.00261353 0.0129812 -0.0220173 -0.00258675 0.00724339 -0.0220173 0.0995161 
0.00560373 -0.0123413 0.00198873 -0.00259183 -0.0123413 0.0726719 -0.00260742 0.00722919 0.00198873 -0.00260742 0.0130141 -0.0220287 -0.00259183 0.00722919 -0.0220287 0.0995291 
0.00559341 -0.0122604 0.00195506 -0.0025808 -0.0122604 0.0724569 -0.00258973 0.00715522 0.00195506 -0.00258973 0.0130171 -0.0220892 -0.0025808 0.00715522 -0.0220892 0.0996539 
0.00559767 -0.0122398 0.00191387 -0.00255109 -0.0122398 0.0723149 -0.00255403 0.00708794 0.00191387 -0.00255403 0.0130231 -0.0220939 -0.00255109 0.00708794 -0.0220939 0.0997222 
0.00561594 -0.0122648 0.00190411 -0.00253729 -0.0122648 0.0723239 -0.00253329 0.00707024 0.00190411 -0.00253329 0.0130169 -0.0220801 -0.00253729 0.00707024 -0.0220801 0.0996929 
0.00560885 -0.0123009 0.00191603 -0.00253617 -0.0123009 0.0724083 -0.00252724 0.00706389 0.00191603 -0.00252724 0.0130343 -0.0220647 -0.00253617 0.00706389 -0.0220647 0.0996469 
0.00556719 -0.0123021 0.00191612 -0.00255173 -0.0123021 0.0724625 -0.00254126 0.00708335 0.00191612 -0.00254126 0.0130763 -0.0220864 -0.00255173 0.00708335 -0.0220864 0.0996611 
0.0055452 -0.0122361 0.00191098 -0.00252168 -0.0122361 0.0723614 -0.00250602 0.00700434 0.00191098 -0.00250602 0.0131028 -0.0221602 -0.00252168 0.00700434 -0.0221602 0.0998155 
0.00556446 -0.0122221 0.00195855 -0.00255007 -0.0122221 0.0723051 -0.00253376 0.00705443 0.00195855 -0.00253376 0.0130766 -0.0221824 -0.00255007 0.00705443 -0.0221824 0.0999121 
0.0056043 -0.0122458 0.00201275 -0.00260617 -0.0122458 0.0723246 -0.00260087 0.00717521 0.00201275 -0.00260087 0.0130306 -0.0221509 -0.00260617 0.00717521 -0.0221509 0.0999008 
0.00567543 -0.0123001 0.00205596 -0.00267743 -0.0123001 0.0724301 -0.00268832 0.00736996 0.00205596 -0.00268832 0.0129591 -0.0220849 -0.00267743 0.00736996 -0.0220849 0.0997721 
0.00573221 -0.0123854 0.00208863 -0.00271788 -0.0123854 0.0726051 -0.00274069 0.00751612 0.00208863 -0.00274069 0.0129036 -0.021995 -0.00271788 0.00751612 -0.021995 0.0995712 
0.00575608 -0.0124271 0.00206838 -0.00269377 -0.0124271 0.0727127 -0.00272033 0.00745895 0.00206838 -0.00272033 0.0128831 -0.0219516 -0.00269377 0.00745895 -0.0219516 0.0994438 
0.00573801 -0.0124578 0.0020424 -0.00266525 -0.0124578 0.0728028 -0.0026888 0.00737975 0.0020424 -0.0026888 0.0129055 -0.0219253 -0.00266525 0.00737975 -0.0219253 0.0993518 
0.00575258 -0.0124676 0.00201467 -0.00268648 -0.0124676 0.0728916 -0.00269891 0.00742534 0.00201467 -0.00269891 0.0129029 -0.0219255 -0.00268648 0.00742534 -0.0219255 0.0992843 
0.00571997 -0.0124936 0.00200609 -0.00267477 -0.0124936 0.0729706 -0.00267063 0.00743029 0.00200609 -0.00267063 0.0129407 -0.0219199 -0.00267477 0.00743029 -0.0219199 0.0992562 
0.00569266 -0.012455 0.00202133 -0.00265728 -0.012455 0.0729491 -0.00263738 0.00736519 0.00202133 -0.00263738 0.0129741 -0.0219737 -0.00265728 0.00736519 -0.0219737 0.0993382 
0.00567929 -0.0124058 0.00206239 -0.00265212 -0.0124058 0.0728358 -0.00262874 0.0072939 0.00206239 -0.00262874 0.012981 -0.0220344 -0.00265212 0.0072939 -0.0220344 0.0995007 
0.00567953 -0.0123823 0.00211372 -0.00269173 -0.0123823 0.0727427 -0.00268157 0.00733515 0.00211372 -0.00268157 0.0129781 -0.0220509 -0.00269173 0.00733515 -0.0220509 0.0996068 
0.00568903 -0.0123564 0.00209506 -0.00271116 -0.0123564 0.072637 -0.00272 0.00736562 0.00209506 -0.00272 0.0129759 -0.0220666 -0.00271116 0.00736562 -0.0220666 0.0996909 
0.00568571 -0.0123631 0.00206318 -0.00268224 -0.0123631 0.0725962 -0.00269837 0.00734265 0.00206318 -0.00269837 0.0129931 -0.0220679 -0.00268224 0.00734265 -0.0220679 0.0997261 
0.00573008 -0.0123855 0.0020911 -0.00267628 -0.0123855 0.0726538 -0.00268814 0.00734961 0.0020911 -0.00268814 0.0129602 -0.0220697 -0.00267628 0.00734961 -0.0220697 0.0997157 
0.00574994 -0.0124797 0.00213657 -0.00276044 -0.0124797 0.0728765 -0.00277648 0.00754555 0.00213657 -0.00277648 0.0129565 -0.0220029 -0.00276044 0.00754555 -0.0220029 0.0995811 
