0.0039309 0 -0.0020144 0 0 0.01 0 0 -0.0020144 0 0.0101081 0 0 0 0 0.01 
0.00550048 -0.00687242 -0.00250376 0.00306861 -0.00687242 0.0223515 0.00306861 -0.00588354 -0.00250376 0.00306861 0.0143502 -0.0177701 0.00306861 -0.00588354 -0.0177701 0.043247 
0.00589808 -0.011586 -0.00228353 0.00363863 -0.011586 0.0462354 0.00363863 -0.0114843 -0.00228353 0.00363863 0.0139486 -0.0255134 0.00363863 -0.0114843 -0.0255134 0.0906278 
0.00587811 -0.0130444 -0.00216775 0.00276133 -0.0130444 0.0628762 0.00277392 -0.00929323 -0.00216775 0.00277392 0.012888 -0.0235354 0.00276133 -0.00929323 -0.0235354 0.101573 
0.00586807 -0.0132458 -0.00230536 0.00251322 -0.0132458 0.0709891 0.00252734 -0.00692649 -0.00230536 0.00252734 0.0128597 -0.0222239 0.00251322 -0.00692649 -0.0222239 0.101035 
0.00577058 -0.013136 -0.00240427 0.00275825 -0.013136 0.0740174 0.00276478 -0.00670148 -0.00240427 0.00276478 0.0132411 -0.0221894 0.00275825 -0.00670148 -0.0221894 0.100619 
0.00574918 -0.0128308 -0.00243835 0.00288307 -0.0128308 0.0744432 0.0028747 -0.00702096 -0.00243835 0.0028747 0.0134497 -0.0226127 0.00288307 -0.00702096 -0.0226127 0.101257 
0.00571622 -0.0126525 -0.00239163 0.00289342 -0.0126525 0.074054 0.00288183 -0.00717107 -0.00239163 0.00288183 0.0135362 -0.0228345 0.00289342 -0.00717107 -0.0228345 0.101909 
0.0057159 -0.0125643 -0.00235179 0.00284937 -0.0125643 0.0736849 0.00284293 -0.00717978 -0.00235179 0.00284293 0.0135518 -0.0229048 0.00284937 -0.00717978 -0.0229048 0.102198 
0.00566793 -0.0125506 -0.00226676 0.00279921 -0.0125506 0.0734896 0.0027981 -0.00709245 -0.00226676 0.0027981 0.0136094 -0.0229121 0.00279921 -0.00709245 -0.0229121 0.102275 
0.00562088 -0.0124755 -0.00213142 0.00265854 -0.0124755 0.0732687 0.00264975 -0.00677534 -0.00213142 0.00264975 0.0136572 -0.0229876 0.00265854 -0.00677534 -0.0229876 0.102412 
0.00563603 -0.012447 -0.00209515 0.00253224 -0.012447 0.0731719 0.00250576 -0.00646013 -0.00209515 0.00250576 0.0136385 -0.0230404 0.00253224 -0.00646013 -0.0230404 0.102555 
0.00568866 -0.0125009 -0.00213724 0.00252585 -0.0125009 0.0732829 0.00249657 -0.00634951 -0.00213724 0.00249657 0.0135961 -0.0230077 0.00252585 -0.00634951 -0.0230077 0.102554 
0.00572396 -0.0125725 -0.00218512 0.00256122 -0.0125725 0.0734645 0.0025482 -0.00637756 -0.00218512 0.0025482 0.0135709 -0.0229533 0.00256122 -0.00637756 -0.0229533 0.102449 
0.0056762 -0.012605 -0.00216588 0.00258481 -0.012605 0.0735802 0.00259172 -0.00642499 -0.00216588 0.00259172 0.0136129 -0.0229276 0.00258481 -0.00642499 -0.0229276 0.102363 
0.00566842 -0.0125535 -0.00214515 0.00257828 -0.0125535 0.07356 0.00258849 -0.00646777 -0.00214515 0.00258849 0.0136209 -0.022977 0.00257828 -0.00646777 -0.022977 0.102406 
0.00563981 -0.0125451 -0.00212307 0.0025663 -0.0125451 0.0735218 0.00257165 -0.00646914 -0.00212307 0.00257165 0.0136531 -0.0229908 0.0025663 -0.00646914 -0.0229908 0.102468 
0.00561735 -0.0125308 -0.00212398 0.00257225 -0.0125308 0.073526 0.00257022 -0.00650374 -0.00212398 0.00257022 0.0136897 -0.0230226 0.00257225 -0.00650374 -0.0230226 0.10253 
0.00563343 -0.0125073 -0.00214801 0.00257364 -0.0125073 0.0734962 0.0025667 -0.00651266 -0.00214801 0.0025667 0.0136933 -0.0230703 0.00257364 -0.00651266 -0.0230703 0.102635 
0.00568226 -0.0125093 -0.00217004 0.00256379 -0.0125093 0.0734576 0.00256058 -0.00645784 -0.00217004 0.00256058 0.0136411 -0.0230878 0.00256379 -0.00645784 -0.0230878 0.102725 
0.00572141 -0.0125926 -0.00220468 0.00261971 -0.0125926 0.0736171 0.00262718 -0.0065767 -0.00220468 0.00262718 0.0136161 -0.0230179 0.00261971 -0.0065767 -0.0230179 0.102642 
0.00574867 -0.0126446 -0.00221772 0.00265202 -0.0126446 0.0737785 0.00266597 -0.00667959 -0.00221772 0.00266597 0.013602 -0.0229837 0.00265202 -0.00667959 -0.0229837 0.102534 
0.00574971 -0.0126931 -0.002194 0.00268503 -0.0126931 0.0739389 0.00269763 -0.0067899 -0.002194 0.00269763 0.0136354 -0.0229628 0.00268503 -0.0067899 -0.0229628 0.102458 
0.00577401 -0.0127088 -0.00221349 0.0026673 -0.0127088 0.074047 0.00266927 -0.006804 -0.00221349 0.00266927 0.013644 -0.0230025 0.0026673 -0.006804 -0.0230025 0.102492 
0.00585427 -0.0127466 -0.00225414 0.00267814 -0.0127466 0.0741509 0.00267517 -0.00678785 -0.00225414 0.00267517 0.0136047 -0.023023 0.00267814 -0.00678785 -0.023023 0.102563 
0.00594203 -0.0128573 -0.00230529 0.00272021 -0.0128573 0.0743865 0.00272489 -0.0068523 -0.00230529 0.00272489 0.0135557 -0.0229808 0.00272021 -0.0068523 -0.0229808 0.102533 
0.00598341 -0.01297 -0.00231035 0.00275216 -0.01297 0.0746744 0.0027688 -0.00691376 -0.00231035 0.0027688 0.0135295 -0.0229283 0.00275216 -0.00691376 -0.0229283 0.102434 
0.00594998 -0.0130258 -0.00229427 0.00274395 -0.0130258 0.0748897 0.00276055 -0.00691245 -0.00229427 0.00276055 0.0135561 -0.0228992 0.00274395 -0.00691245 -0.0228992 0.10235 
0.00593928 -0.0129961 -0.00228216 0.00273719 -0.0129961 0.0749411 0.00274416 -0.00689563 -0.00228216 0.00274416 0.0135803 -0.0229275 0.00273719 -0.00689563 -0.0229275 0.102359 
0.00592354 -0.0129859 -0.00228539 0.00273749 -0.0129859 0.074931 0.00273517 -0.0068894 -0.00228539 0.00273517 0.0136164 -0.0229575 0.00273749 -0.0068894 -0.0229575 0.102424 
0.00584911 -0.0129683 -0.00228325 0.00273742 -0.0129683 0.074901 0.00273178 -0.00687622 -0.00228325 0.00273178 0.0136996 -0.0230063 0.00273742 -0.00687622 -0.0230063 0.102531 
0.00576777 -0.0128729 -0.0022858 0.00272126 -0.0128729 0.0747339 0.00271465 -0.00682882 -0.0022858 0.00271465 0.0137824 -0.0231152 0.00272126 -0.00682882 -0.0231152 0.102755 
0.00570433 -0.0127555 -0.00228205 0.00270923 -0.0127555 0.0744442 0.00270376 -0.00677286 -0.00228205 0.00270376 0.0138373 -0.0232289 0.00270923 -0.00677286 -0.0232289 0.103049 
0.00562939 -0.012667 -0.00226556 0.00270562 -0.012667 0.0741711 0.00270429 -0.00675636 -0.00226556 0.00270429 0.0139012 -0.0233029 0.00270562 -0.00675636 -0.0233029 0.103291 
0.00562993 -0.0125762 -0.0022567 0.00270059 -0.0125762 0.073927 0.00269961 -0.00676423 -0.0022567 0.00269961 0.0139002 -0.0233782 0.00270059 -0.00676423 -0.0233782 0.103498 
0.00570117 -0.0125882 -0.002279 0.00271666 -0.0125882 0.0738631 0.00271478 -0.00682471 -0.002279 0.00271478 0.0138529 -0.0233732 0.00271666 -0.00682471 -0.0233732 0.103571 
0.00579549 -0.0126848 -0.00228456 0.00273964 -0.0126848 0.0740135 0.00274097 -0.00688534 -0.00228456 0.00274097 0.0138022 -0.0233127 0.00273964 -0.00688534 -0.0233127 0.10349 
0.00588536 -0.0128242 -0.00231546 0.00274806 -0.0128242 0.0743408 0.00275112 -0.00692959 -0.00231546 0.00275112 0.013745 -0.0232451 0.00274806 -0.00692959 -0.0232451 0.103333 
0.00602373 -0.0129688 -0.00237403 0.00279434 -0.0129688 0.0747616 0.0028013 -0.00702739 -0.00237403 0.0028013 0.0136803 -0.02317 0.00279434 -0.00702739 -0.02317 0.103145 
0.00605779 -0.0131523 -0.00239981 0.00284499 -0.0131523 0.0752308 0.00285974 -0.00713485 -0.00239981 0.00285974 0.0136932 -0.023097 0.00284499 -0.00713485 -0.023097 0.102962 
0.00592275 -0.0131787 -0.00234132 0.00281314 -0.0131787 0.0754411 0.00282994 -0.00705809 -0.00234132 0.00282994 0.013802 -0.0231309 0.00281314 -0.00705809 -0.0231309 0.102959 
0.00576232 -0.0130106 -0.00228151 0.00274137 -0.0130106 0.0752457 0.00274391 -0.00688761 -0.00228151 0.00274391 0.0139016 -0.0232712 0.00274137 -0.00688761 -0.0232712 0.103204 
0.00565757 -0.0127964 -0.00228264 0.00268915 -0.0127964 0.0747775 0.00267364 -0.00672563 -0.00228264 0.00267364 0.0139611 -0.0233957 0.00268915 -0.00672563 -0.0233957 0.103526 
0.00562152 -0.0126442 -0.00232723 0.0027033 -0.0126442 0.0743027 0.00268676 -0.00669623 -0.00232723 0.00268676 0.0139632 -0.0234675 0.0027033 -0.00669623 -0.0234675 0.103765 
0.00565621 -0.0125935 -0.00237245 0.00278488 -0.0125935 0.0740335 0.00278292 -0.00687687 -0.00237245 0.00278292 0.0139143 -0.0234634 0.00278488 -0.00687687 -0.0234634 0.103836 
0.005683 -0.0126354 -0.00237245 0.00285632 -0.0126354 0.0740037 0.0028667 -0.00711518 -0.00237245 0.0028667 0.0138889 -0.0233963 0.00285632 -0.00711518 -0.0233963 0.103738 
0.00568808 -0.0126579 -0.0023543 0.00284202 -0.0126579 0.0740239 0.00284897 -0.00716989 -0.0023543 0.00284897 0.0138878 -0.0233621 0.00284202 -0.00716989 -0.0233621 0.103628 
0.00575438 -0.0126647 -0.00236256 0.00281615 -0.0126647 0.0740416 0.0028143 -0.00711881 -0.00236256 0.0028143 0.0138506 -0.0233577 0.00281615 -0.00711881 -0.0233577 0.103575 
0.00573447 -0.0127494 -0.00233951 0.00282116 -0.0127494 0.0741774 0.00281906 -0.00709298 -0.00233951 0.00281906 0.01388 -0.0233147 0.00282116 -0.00709298 -0.0233147 0.103496 
0.00571479 -0.0127289 -0.00230997 0.00277531 -0.0127289 0.0742157 0.00277115 -0.00699248 -0.00230997 0.00277115 0.0139013 -0.0233517 0.00277531 -0.00699248 -0.0233517 0.103515 
0.00577509 -0.012706 -0.00232545 0.00274214 -0.012706 0.0741848 0.00273255 -0.00688781 -0.00232545 0.00273255 0.0138444 -0.023381 0.00274214 -0.00688781 -0.023381 0.103587 
0.00579033 -0.0127813 -0.00232488 0.00275855 -0.0127813 0.0742876 0.0027547 -0.00687584 -0.00232488 0.0027547 0.0138275 -0.0233139 0.00275855 -0.00687584 -0.0233139 0.103518 
0.00583147 -0.0127908 -0.00234468 0.00273388 -0.0127908 0.0743464 0.00273335 -0.00681761 -0.00234468 0.00273335 0.0137771 -0.0232922 0.00273388 -0.00681761 -0.0232922 0.103433 
0.00584674 -0.0128502 -0.00236478 0.00277181 -0.0128502 0.0744694 0.0027786 -0.00687597 -0.00236478 0.0027786 0.013745 -0.0232267 0.00277181 -0.00687597 -0.0232267 0.103299 
0.00581786 -0.0128675 -0.00235619 0.00279679 -0.0128675 0.0745525 0.0028072 -0.00695237 -0.00235619 0.0028072 0.0137677 -0.0231844 0.00279679 -0.00695237 -0.0231844 0.103169 
0.00577934 -0.0128318 -0.00234018 0.00279711 -0.0128318 0.0745242 0.00280447 -0.00699084 -0.00234018 0.00280447 0.0138048 -0.0232086 0.00279711 -0.00699084 -0.0232086 0.103151 
0.00582209 -0.0127973 -0.00233803 0.00280727 -0.0127973 0.0744712 0.00280755 -0.00704351 -0.00233803 0.00280755 0.0138085 -0.0232512 0.00280727 -0.00704351 -0.0232512 0.103221 
0.00587697 -0.0128703 -0.00236715 0.00282729 -0.0128703 0.0745881 0.00282486 -0.00711794 -0.00236715 0.00282486 0.013821 -0.023255 0.00282729 -0.00711794 -0.023255 0.103263 
0.00590791 -0.0129551 -0.00238385 0.00284237 -0.0129551 0.0748044 0.00284386 -0.00715116 -0.00238385 0.00284386 0.0138532 -0.0232765 0.00284237 -0.00715116 -0.0232765 0.103315 
0.00597394 -0.0130044 -0.00243166 0.00283744 -0.0130044 0.0749906 0.00284304 -0.00713229 -0.00243166 0.00284304 0.0138176 -0.0233285 0.00283744 -0.00713229 -0.0233285 0.103433 
0.00598165 -0.0130878 -0.00244104 0.00287254 -0.0130878 0.0751986 0.0028881 -0.00716227 -0.00244104 0.0028881 0.0138091 -0.0232992 0.00287254 -0.00716227 -0.0232992 0.10346 
0.0059178 -0.013092 -0.00240323 0.00286632 -0.013092 0.0752885 0.00288337 -0.00715652 -0.00240323 0.00288337 0.0138427 -0.023292 0.00286632 -0.00715652 -0.023292 0.10345 
0.00575989 -0.0129978 -0.00232231 0.00281149 -0.0129978 0.075142 0.00281669 -0.00704104 -0.00232231 0.00281669 0.0139479 -0.0233336 0.00281149 -0.00704104 -0.0233336 0.103513 
0.00568888 -0.0128084 -0.0023085 0.00275034 -0.0128084 0.0747833 0.00273551 -0.00690564 -0.0023085 0.00273551 0.0139911 -0.0234523 0.00275034 -0.00690564 -0.0234523 0.103718 
0.0056023 -0.0126748 -0.00226192 0.00270445 -0.0126748 0.0743322 0.00268401 -0.00673082 -0.00226192 0.00268401 0.0140413 -0.0235163 0.00270445 -0.00673082 -0.0235163 0.103931 
0.00551548 -0.0125901 -0.00222302 0.00270466 -0.0125901 0.0740711 0.00268551 -0.00673938 -0.00222302 0.00268551 0.0141239 -0.0235613 0.00270466 -0.00673938 -0.0235613 0.104057 
0.00550426 -0.0124683 -0.00222012 0.0026473 -0.0124683 0.0737546 0.00262579 -0.00664276 -0.00222012 0.00262579 0.0141307 -0.0236643 0.0026473 -0.00664276 -0.0236643 0.104263 
0.00546519 -0.0124602 -0.00221573 0.00265799 -0.0124602 0.0736219 0.00264145 -0.00663687 -0.00221573 0.00264145 0.0141671 -0.0236736 0.00265799 -0.00663687 -0.0236736 0.104375 
0.00546677 -0.0124123 -0.00223604 0.00264537 -0.0124123 0.0735121 0.00263451 -0.00662449 -0.00223604 0.00263451 0.0141628 -0.0237151 0.00264537 -0.00662449 -0.0237151 0.104465 
0.00554631 -0.0124396 -0.00228153 0.00270757 -0.0124396 0.0735508 0.00270393 -0.00676924 -0.00228153 0.00270393 0.0141304 -0.0237046 0.00270757 -0.00676924 -0.0237046 0.104483 
0.00562241 -0.0125102 -0.00232034 0.00271248 -0.0125102 0.0736329 0.00271666 -0.00679457 -0.00232034 0.00271666 0.0140834 -0.0236753 0.00271248 -0.00679457 -0.0236753 0.104447 
0.00565137 -0.0125988 -0.00231313 0.00272746 -0.0125988 0.0738038 0.00274246 -0.00680266 -0.00231313 0.00274246 0.0140717 -0.0236241 0.00272746 -0.00680266 -0.0236241 0.104354 
0.00559016 -0.012655 -0.00228225 0.00273041 -0.012655 0.0739982 0.00274743 -0.00683108 -0.00228225 0.00274743 0.0141407 -0.023606 0.00273041 -0.00683108 -0.023606 0.104279 
0.00550356 -0.0125661 -0.00221808 0.00266612 -0.0125661 0.0739069 0.00267372 -0.00669193 -0.00221808 0.00267372 0.0141958 -0.0236984 0.00266612 -0.00669193 -0.0236984 0.104404 
0.00538079 -0.012462 -0.00215891 0.00260804 -0.012462 0.0736932 0.00260367 -0.00654482 -0.00215891 0.00260367 0.0142754 -0.0237682 0.00260804 -0.00654482 -0.0237682 0.104592 
0.00529319 -0.0122964 -0.00207453 0.00253731 -0.0122964 0.0733247 0.00252139 -0.00635952 -0.00207453 0.00252139 0.0143368 -0.0238655 0.00253731 -0.00635952 -0.0238655 0.104817 
0.00527502 -0.0122055 -0.00207797 0.00248994 -0.0122055 0.0730601 0.00246429 -0.00626469 -0.00207797 0.00246429 0.0143622 -0.0239303 0.00248994 -0.00626469 -0.0239303 0.105002 
0.00527955 -0.0121518 -0.00208373 0.00244869 -0.0121518 0.0728207 0.00242677 -0.00611094 -0.00208373 0.00242677 0.0143463 -0.0239694 0.00244869 -0.00611094 -0.0239694 0.10514 
0.00532968 -0.0121763 -0.00210548 0.00248149 -0.0121763 0.0728099 0.00247252 -0.00615789 -0.00210548 0.00247252 0.014319 -0.023944 0.00248149 -0.00615789 -0.023944 0.105143 
0.00538404 -0.0122307 -0.00211901 0.00248769 -0.0122307 0.072888 0.00248937 -0.00618977 -0.00211901 0.00248937 0.0142738 -0.0239116 0.00248769 -0.00618977 -0.0239116 0.105083 
0.00542784 -0.0123103 -0.0021328 0.00250367 -0.0123103 0.0730707 0.00251259 -0.00623668 -0.0021328 0.00251259 0.0142141 -0.0238548 0.00250367 -0.00623668 -0.0238548 0.104966 
0.00536901 -0.0123454 -0.00208144 0.00248418 -0.0123454 0.0731784 0.00249315 -0.00618472 -0.00208144 0.00249315 0.0142163 -0.0237868 0.00248418 -0.00618472 -0.0237868 0.104814 
0.00530099 -0.0122918 -0.00203717 0.00246258 -0.0122918 0.0731713 0.00246245 -0.00616216 -0.00203717 0.00246245 0.014247 -0.023774 0.00246258 -0.00616216 -0.023774 0.104711 
0.00531206 -0.0121947 -0.00204518 0.00242223 -0.0121947 0.0729821 0.00240953 -0.00608331 -0.00204518 0.00240953 0.0142167 -0.023807 0.00242223 -0.00608331 -0.023807 0.104725 
0.00530559 -0.0121879 -0.00202938 0.00242766 -0.0121879 0.072852 0.00241463 -0.00604804 -0.00202938 0.00241463 0.0142135 -0.0237736 0.00242766 -0.00604804 -0.0237736 0.104692 
0.0052944 -0.0121747 -0.0020263 0.00240614 -0.0121747 0.072784 0.00239642 -0.00601396 -0.0020263 0.00239642 0.0142094 -0.023763 0.00240614 -0.00601396 -0.023763 0.104644 
0.00534105 -0.0121697 -0.00207685 0.00242168 -0.0121697 0.0727668 0.00241575 -0.00604804 -0.00207685 0.00241575 0.0141589 -0.0237535 0.00242168 -0.00604804 -0.0237535 0.104606 
0.00534804 -0.0122168 -0.00210312 0.00247136 -0.0122168 0.0728179 0.00247547 -0.00614012 -0.00210312 0.00247547 0.0141446 -0.0236947 0.00247136 -0.00614012 -0.0236947 0.104505 
0.00538265 -0.0122207 -0.00214113 0.00249611 -0.0122207 0.0728464 0.00250763 -0.00622722 -0.00214113 0.00250763 0.0140932 -0.0236757 0.00249611 -0.00622722 -0.0236757 0.104419 
0.00535588 -0.0122568 -0.00214138 0.00254384 -0.0122568 0.0728992 0.0025607 -0.00634386 -0.00214138 0.0025607 0.0140922 -0.0236137 0.00254384 -0.00634386 -0.0236137 0.104298 
0.00535975 -0.0122456 -0.00215899 0.00259188 -0.0122456 0.0729469 0.00260546 -0.00652098 -0.00215899 0.00260546 0.0140938 -0.0235968 0.00259188 -0.00652098 -0.0235968 0.104199 
0.00542769 -0.0122477 -0.00219643 0.0026258 -0.0122477 0.0729537 0.00263246 -0.00664404 -0.00219643 0.00263246 0.0140543 -0.023598 0.0026258 -0.00664404 -0.023598 0.104168 
0.00542067 -0.0123069 -0.00217207 0.00262936 -0.0123069 0.0730025 0.00263562 -0.00664478 -0.00217207 0.00263562 0.014066 -0.0235623 0.00262936 -0.00664478 -0.0235623 0.104119 
0.0054005 -0.0123136 -0.00215417 0.0026077 -0.0123136 0.0730718 0.00260993 -0.00661723 -0.00215417 0.00260993 0.0140842 -0.0235715 0.0026077 -0.00661723 -0.0235715 0.104099 
0.00544566 -0.0122807 -0.00217637 0.00257071 -0.0122807 0.0730257 0.00256531 -0.00651128 -0.00217637 0.00256531 0.0140329 -0.0235983 0.00257071 -0.00651128 -0.0235983 0.104147 
0.00546968 -0.0123212 -0.00217866 0.00258006 -0.0123212 0.0730374 0.00257889 -0.00646274 -0.00217866 0.00257889 0.0140028 -0.0235419 0.00258006 -0.00646274 -0.0235419 0.10409 
0.00550416 -0.0123529 -0.00219319 0.00258461 -0.0123529 0.0731074 0.00258929 -0.00647295 -0.00219319 0.00258929 0.013961 -0.0234983 0.00258461 -0.00647295 -0.0234983 0.103974 
0.005492 -0.0124075 -0.00217847 0.00262256 -0.0124075 0.0732405 0.00263121 -0.00656525 -0.00217847 0.00263121 0.0139651 -0.0234401 0.00262256 -0.00656525 -0.0234401 0.10383 
0.00545325 -0.0123989 -0.00215554 0.00261519 -0.0123989 0.0732948 0.0026189 -0.006601 -0.00215554 0.0026189 0.0139861 -0.0234401 0.00261519 -0.006601 -0.0234401 0.103763 
0.00548666 -0.0123388 -0.00218378 0.00257734 -0.0123388 0.0731935 0.0025698 -0.00652024 -0.00218378 0.0025698 0.013941 -0.0234696 0.00257734 -0.00652024 -0.0234696 0.103797 
0.00554599 -0.0123824 -0.00223012 0.00263352 -0.0123824 0.0732191 0.00262967 -0.00659624 -0.00223012 0.00262967 0.0138819 -0.0234105 0.00263352 -0.00659624 -0.0234105 0.103724 
0.00558273 -0.0124313 -0.00221606 0.00264974 -0.0124313 0.0732794 0.00265709 -0.00663533 -0.00221606 0.00265709 0.0138385 -0.0233434 0.00264974 -0.00663533 -0.0233434 0.103577 
0.00557637 -0.012475 -0.0021785 0.00263194 -0.012475 0.0733729 0.00264007 -0.00662775 -0.0021785 0.00264007 0.0138487 -0.0232848 0.00263194 -0.00662775 -0.0232848 0.103415 
0.00564249 -0.0125136 -0.00222068 0.0026568 -0.0125136 0.0735453 0.00265676 -0.00672794 -0.00222068 0.00265676 0.0138427 -0.0232761 0.0026568 -0.00672794 -0.0232761 0.103314 
0.00562735 -0.0126005 -0.0022199 0.00269366 -0.0126005 0.0737444 0.00269453 -0.00680294 -0.0022199 0.00269453 0.0138927 -0.0232778 0.00269366 -0.00680294 -0.0232778 0.103297 
0.00558603 -0.0125994 -0.00217767 0.00268214 -0.0125994 0.0738582 0.0026815 -0.00680398 -0.00217767 0.0026815 0.0139688 -0.0233462 0.00268214 -0.00680398 -0.0233462 0.103408 
0.00560133 -0.0125407 -0.00217045 0.002602 -0.0125407 0.0737866 0.00259109 -0.00662588 -0.00217045 0.00259109 0.0139718 -0.0234552 0.002602 -0.00662588 -0.0234552 0.103654 
0.00565399 -0.0125591 -0.00222093 0.00257953 -0.0125591 0.0737768 0.00256829 -0.00648919 -0.00222093 0.00256829 0.0139103 -0.0234686 0.00257953 -0.00648919 -0.0234686 0.103797 
0.00569642 -0.012626 -0.00225867 0.00263093 -0.012626 0.0738962 0.00263395 -0.00652847 -0.00225867 0.00263395 0.0138458 -0.023393 0.00263093 -0.00652847 -0.023393 0.103721 
0.00565459 -0.0126714 -0.00225929 0.00267082 -0.0126714 0.0740183 0.00268476 -0.00663252 -0.00225929 0.00268476 0.0138581 -0.0233087 0.00267082 -0.00663252 -0.0233087 0.103533 
0.00554692 -0.0126089 -0.00224037 0.00267064 -0.0126089 0.0739502 0.00268258 -0.00667191 -0.00224037 0.00268258 0.0139428 -0.0233173 0.00267064 -0.00667191 -0.0233173 0.103456 
0.0055051 -0.01249 -0.00226413 0.00270062 -0.01249 0.0737426 0.00270408 -0.00677827 -0.00226413 0.00270408 0.0140056 -0.023411 0.00270062 -0.00677827 -0.023411 0.103574 
0.00548098 -0.012425 -0.00226436 0.00273138 -0.012425 0.0735152 0.00273354 -0.00686735 -0.00226436 0.00273354 0.0140619 -0.023499 0.00273138 -0.00686735 -0.023499 0.103792 
0.00552225 -0.0124046 -0.00227136 0.00273965 -0.0124046 0.0734103 0.00274098 -0.0069303 -0.00227136 0.00274098 0.0140461 -0.023573 0.00273965 -0.0069303 -0.023573 0.104005 
0.00552385 -0.0124591 -0.00222301 0.00273495 -0.0124591 0.0734651 0.00273619 -0.00692737 -0.00222301 0.00273619 0.0140927 -0.0235619 0.00273495 -0.00692737 -0.0235619 0.104083 
0.00550781 -0.0124803 -0.00219451 0.0026733 -0.0124803 0.0735624 0.00266589 -0.00681713 -0.00219451 0.00266589 0.0141496 -0.0236144 0.0026733 -0.00681713 -0.0236144 0.104173 
0.00553046 -0.0124713 -0.00219717 0.00261925 -0.0124713 0.0735955 0.00260616 -0.00664295 -0.00219717 0.00260616 0.0141529 -0.0236928 0.00261925 -0.00664295 -0.0236928 0.10435 
0.00552848 -0.0125026 -0.00220763 0.00260635 -0.0125026 0.073659 0.00259761 -0.0065388 -0.00220763 0.00259761 0.0141651 -0.0237055 0.00260635 -0.0065388 -0.0237055 0.104461 
0.0055032 -0.0124915 -0.0021914 0.00259214 -0.0124915 0.0736632 0.00259212 -0.00646218 -0.0021914 0.00259212 0.014175 -0.0237256 0.00259214 -0.00646218 -0.0237256 0.104529 
0.00563023 -0.0124863 -0.00226276 0.0026103 -0.0124863 0.0736958 0.00261291 -0.0065164 -0.00226276 0.00261291 0.0140599 -0.0237297 0.0026103 -0.0065164 -0.0237297 0.104555 
0.00564535 -0.0126349 -0.00227762 0.00268655 -0.0126349 0.0739233 0.0026989 -0.00665599 -0.00227762 0.0026989 0.0140452 -0.0235937 0.00268655 -0.00665599 -0.0235937 0.10436 
0.00557079 -0.0126669 -0.00225294 0.00270527 -0.0126669 0.0741134 0.00272034 -0.00675994 -0.00225294 0.00272034 0.0141132 -0.0235648 0.00270527 -0.00675994 -0.0235648 0.104194 
0.00548521 -0.0125908 -0.00224787 0.00270191 -0.0125908 0.0740821 0.00270657 -0.00680497 -0.00224787 0.00270657 0.0141828 -0.0236423 0.00270191 -0.00680497 -0.0236423 0.104258 
0.00544253 -0.0124848 -0.00224376 0.00271374 -0.0124848 0.0738855 0.00270806 -0.00683706 -0.00224376 0.00270806 0.0142457 -0.0237327 0.00271374 -0.00683706 -0.0237327 0.104455 
0.00542372 -0.0123935 -0.00225414 0.00267247 -0.0123935 0.0735878 0.0026623 -0.00673878 -0.00225414 0.0026623 0.014243 -0.0238242 0.00267247 -0.00673878 -0.0238242 0.104697 
0.00546018 -0.0123771 -0.00229889 0.00270025 -0.0123771 0.0734587 0.0026944 -0.00676185 -0.00229889 0.0026944 0.0142084 -0.0238206 0.00270025 -0.00676185 -0.0238206 0.104792 
0.00549736 -0.012417 -0.00231248 0.00275271 -0.012417 0.0734724 0.00275706 -0.00687379 -0.00231248 0.00275706 0.0141871 -0.023775 0.00275271 -0.00687379 -0.023775 0.104736 
0.00552509 -0.0124644 -0.00233134 0.00276636 -0.0124644 0.0735595 0.00277428 -0.00695153 -0.00233134 0.00277428 0.0141744 -0.0237458 0.00276636 -0.00695153 -0.0237458 0.104653 
0.00553173 -0.0124829 -0.00234851 0.00275757 -0.0124829 0.0735957 0.00276625 -0.00692505 -0.00234851 0.00276625 0.0141609 -0.0237359 0.00275757 -0.00692505 -0.0237359 0.104613 
0.00559083 -0.012487 -0.00237777 0.00277272 -0.012487 0.0736079 0.00278337 -0.00693081 -0.00237777 0.00278337 0.0140953 -0.0237218 0.00277272 -0.00693081 -0.0237218 0.104581 
0.00564072 -0.0125419 -0.0023738 0.002792 -0.0125419 0.0736651 0.00280838 -0.00695744 -0.0023738 0.00280838 0.0140289 -0.0236478 0.002792 -0.00695744 -0.0236478 0.104458 
0.00564268 -0.0126236 -0.00236476 0.00281496 -0.0126236 0.073859 0.00283113 -0.00704171 -0.00236476 0.00283113 0.0140084 -0.0235546 0.00281496 -0.00704171 -0.0235546 0.104241 
0.00564541 -0.0126243 -0.00232544 0.00280102 -0.0126243 0.0739403 0.00280816 -0.00703344 -0.00232544 0.00280816 0.0140011 -0.0235238 0.00280102 -0.00703344 -0.0235238 0.104094 
0.00559265 -0.0126041 -0.00223321 0.00273158 -0.0126041 0.0738906 0.00272755 -0.00687658 -0.00223321 0.00272755 0.0140548 -0.0235195 0.00273158 -0.00687658 -0.0235195 0.104044 
0.00555994 -0.0125525 -0.00215562 0.00263619 -0.0125525 0.0738066 0.00261806 -0.00665926 -0.00215562 0.00261806 0.014102 -0.0235793 0.00263619 -0.00665926 -0.0235793 0.104113 
0.00548641 -0.0125309 -0.00212019 0.00256025 -0.0125309 0.0737643 0.00253314 -0.00645365 -0.00212019 0.00253314 0.014171 -0.0236356 0.00256025 -0.00645365 -0.0236356 0.104241 
0.00532799 -0.0124286 -0.00205255 0.0024829 -0.0124286 0.0735729 0.00245453 -0.00620463 -0.00205255 0.00245453 0.0142901 -0.023729 0.0024829 -0.00620463 -0.023729 0.104448 
0.0052172 -0.0122537 -0.00203229 0.00244341 -0.0122537 0.0732595 0.00241736 -0.00610331 -0.00203229 0.00241736 0.0143724 -0.0238685 0.00244341 -0.00610331 -0.0238685 0.104747 
0.00514206 -0.0121038 -0.00203514 0.00243195 -0.0121038 0.0728699 0.00241005 -0.00606956 -0.00203514 0.00241005 0.014424 -0.0239741 0.00243195 -0.00606956 -0.0239741 0.10505 
0.00514653 -0.0120225 -0.00208701 0.00247719 -0.0120225 0.0726116 0.00246228 -0.00619201 -0.00208701 0.00246228 0.0144414 -0.0240318 0.00247719 -0.00619201 -0.0240318 0.10525 
0.00516089 -0.0120201 -0.00211163 0.00253459 -0.0120201 0.0724968 0.00253169 -0.00634917 -0.00211163 0.00253169 0.0144541 -0.0240544 0.00253459 -0.00634917 -0.0240544 0.105358 
0.00525671 -0.0120298 -0.00217008 0.00254013 -0.0120298 0.0724608 0.00254351 -0.00640827 -0.00217008 0.00254351 0.0143796 -0.0240746 0.00254013 -0.00640827 -0.0240746 0.105432 
0.00536717 -0.0121415 -0.00223127 0.00258724 -0.0121415 0.0726123 0.00260012 -0.00648326 -0.00223127 0.00260012 0.0142903 -0.023991 0.00258724 -0.00648326 -0.023991 0.105339 
0.00536236 -0.012286 -0.00223628 0.00265085 -0.012286 0.0729268 0.00267424 -0.0066209 -0.00223628 0.00267424 0.0142844 -0.0238778 0.00265085 -0.0066209 -0.0238778 0.1051 
0.00537505 -0.0123015 -0.00222968 0.00267469 -0.0123015 0.0731217 0.00269448 -0.00673279 -0.00222968 0.00269448 0.014287 -0.0238589 0.00267469 -0.00673279 -0.0238589 0.104954 
0.00536487 -0.0123033 -0.00222957 0.00265674 -0.0123033 0.0731541 0.00266649 -0.00671424 -0.00222957 0.00266649 0.014279 -0.0238688 0.00265674 -0.00671424 -0.0238688 0.104935 
0.0053425 -0.0122874 -0.00220717 0.00265378 -0.0122874 0.073133 0.00265518 -0.00667937 -0.00220717 0.00265518 0.0142901 -0.0238619 0.00265378 -0.00667937 -0.0238619 0.104928 
0.00537479 -0.0122588 -0.00220484 0.00263768 -0.0122588 0.0730768 0.00263341 -0.00664758 -0.00220484 0.00263341 0.014276 -0.0238712 0.00263768 -0.00664758 -0.0238712 0.104932 
0.00541863 -0.0122885 -0.00219874 0.00262472 -0.0122885 0.0730772 0.00261947 -0.0065982 -0.00219874 0.00261947 0.0142378 -0.0238571 0.00262472 -0.0065982 -0.0238571 0.104918 
0.00547725 -0.0123402 -0.00222366 0.00259889 -0.0123402 0.0731596 0.00259532 -0.00652226 -0.00222366 0.00259532 0.0141524 -0.0238129 0.00259889 -0.00652226 -0.0238129 0.104841 
