0.00391292 0 0.00196191 0 0 0.01 0 0 0.00196191 0 0.0109991 0 0 0 0 0.01 
0.00546328 -0.00685576 0.00245005 -0.0029928 -0.00685576 0.0223199 -0.0029928 0.00573785 0.00245005 -0.0029928 0.0155795 -0.0192868 -0.0029928 0.00573785 -0.0192868 0.0461561 
0.00608419 -0.0122314 0.00218889 -0.00339768 -0.0122314 0.0484883 -0.00339768 0.0106593 0.00218889 -0.00339768 0.0151309 -0.0275145 -0.00339768 0.0106593 -0.0275145 0.0970266 
0.00601013 -0.013943 0.00204768 -0.00242023 -0.013943 0.0671304 -0.00242636 0.00781613 0.00204768 -0.00242636 0.0140181 -0.0251681 -0.00242023 0.00781613 -0.0251681 0.107539 
0.00603546 -0.0138496 0.00224116 -0.0023105 -0.0138496 0.0745768 -0.00231955 0.00594761 0.00224116 -0.00231955 0.0139818 -0.0236926 -0.0023105 0.00594761 -0.0236926 0.105802 
0.00604801 -0.0136459 0.00236491 -0.00259907 -0.0136459 0.0765412 -0.00261251 0.00604017 0.00236491 -0.00261251 0.0143028 -0.0236708 -0.00259907 0.00604017 -0.0236708 0.104915 
0.00601907 -0.0134826 0.00233672 -0.00272973 -0.0134826 0.0767741 -0.00274092 0.00646378 0.00233672 -0.00274092 0.0145541 -0.0240425 -0.00272973 0.00646378 -0.0240425 0.10536 
0.00589457 -0.0133576 0.00221812 -0.00266993 -0.0133576 0.0765662 -0.00267232 0.00652218 0.00221812 -0.00267232 0.0147184 -0.0243098 -0.00266993 0.00652218 -0.0243098 0.106005 
0.00584529 -0.013236 0.00210424 -0.00257229 -0.013236 0.0763649 -0.00256124 0.00639232 0.00210424 -0.00256124 0.0148363 -0.0244727 -0.00257229 0.00639232 -0.0244727 0.10646 
0.00591168 -0.013176 0.00211984 -0.00243646 -0.013176 0.0761701 -0.00241714 0.00609586 0.00211984 -0.00241714 0.0148209 -0.0246093 -0.00243646 0.00609586 -0.0246093 0.106824 
0.0059224 -0.0132471 0.00213989 -0.00242508 -0.0132471 0.0761835 -0.00241606 0.00592385 0.00213989 -0.00241606 0.0148088 -0.024601 -0.00242508 0.00592385 -0.024601 0.106963 
0.00584865 -0.0132576 0.0021077 -0.00243585 -0.0132576 0.0762249 -0.00243981 0.00589856 0.0021077 -0.00243981 0.014836 -0.0245855 -0.00243585 0.00589856 -0.0245855 0.106964 
0.00577907 -0.0131714 0.00206624 -0.00240987 -0.0131714 0.0761101 -0.00241428 0.0058751 0.00206624 -0.00241428 0.0148669 -0.0246126 -0.00240987 0.0058751 -0.0246126 0.106997 
0.00576464 -0.0130904 0.00204598 -0.00238024 -0.0130904 0.0759305 -0.00237673 0.00582547 0.00204598 -0.00237673 0.0148823 -0.0246463 -0.00238024 0.00582547 -0.0246463 0.107065 
0.00575264 -0.0130848 0.0020118 -0.00237147 -0.0130848 0.0758663 -0.00236448 0.00580194 0.0020118 -0.00236448 0.0149319 -0.0246621 -0.00237147 0.00580194 -0.0246621 0.107117 
0.00577271 -0.0130693 0.00199865 -0.0023224 -0.0130693 0.0758192 -0.00231487 0.00570805 0.00199865 -0.00231487 0.014957 -0.0247231 -0.0023224 0.00570805 -0.0247231 0.107227 
0.00577896 -0.0130967 0.00195428 -0.00229692 -0.0130967 0.075849 -0.00229298 0.00562147 0.00195428 -0.00229298 0.0150005 -0.0247591 -0.00229692 0.00562147 -0.0247591 0.107341 
0.00579627 -0.0131295 0.00195774 -0.00225169 -0.0131295 0.0759597 -0.00224966 0.00553569 0.00195774 -0.00224966 0.015012 -0.0248114 -0.00225169 0.00553569 -0.0248114 0.107464 
0.00580059 -0.0131634 0.00196414 -0.0022488 -0.0131634 0.0760756 -0.00225077 0.00548976 0.00196414 -0.00225077 0.0150056 -0.0248283 -0.0022488 0.00548976 -0.0248283 0.107548 
0.0058361 -0.0131922 0.00199746 -0.0022687 -0.0131922 0.076211 -0.00227232 0.00552826 0.00199746 -0.00227232 0.0149798 -0.0248183 -0.0022687 0.00552826 -0.0248183 0.107559 
0.00583074 -0.0132401 0.00201006 -0.00230993 -0.0132401 0.0763476 -0.00231536 0.00561516 0.00201006 -0.00231536 0.0149794 -0.0247857 -0.00230993 0.00561516 -0.0247857 0.107507 
0.00581723 -0.0132011 0.00202428 -0.00230095 -0.0132011 0.07629 -0.00230477 0.00561012 0.00202428 -0.00230477 0.0149483 -0.0247886 -0.00230095 0.00561012 -0.0247886 0.107487 
0.00580024 -0.0131675 0.00201727 -0.00231457 -0.0131675 0.0761798 -0.0023171 0.00561894 0.00201727 -0.0023171 0.014929 -0.0247537 -0.00231457 0.00561894 -0.0247537 0.107432 
0.00581084 -0.0131537 0.002053 -0.00232437 -0.0131537 0.0761275 -0.00232296 0.00565629 0.002053 -0.00232296 0.0148867 -0.024722 -0.00232437 0.00565629 -0.024722 0.107348 
0.00585204 -0.0131799 0.00211358 -0.00238145 -0.0131799 0.0761724 -0.00238112 0.00577141 0.00211358 -0.00238112 0.0148295 -0.0246667 -0.00238145 0.00577141 -0.0246667 0.107225 
0.00582816 -0.0132101 0.00213083 -0.00244188 -0.0132101 0.0762115 -0.00244549 0.00590615 0.00213083 -0.00244549 0.0148205 -0.0245996 -0.00244188 0.00590615 -0.0245996 0.107067 
0.00586674 -0.0131767 0.00217952 -0.00246781 -0.0131767 0.0761743 -0.00247116 0.00600897 0.00217952 -0.00247116 0.0147797 -0.0245841 -0.00246781 0.00600897 -0.0245841 0.106973 
0.00593866 -0.0132171 0.00220321 -0.00253029 -0.0132171 0.0762013 -0.00253691 0.00614802 0.00220321 -0.00253691 0.0147495 -0.0245366 -0.00253029 0.00614802 -0.0245366 0.106873 
0.00603085 -0.0132969 0.00220992 -0.00254953 -0.0132969 0.0763267 -0.0025587 0.00623294 0.00220992 -0.0025587 0.0147031 -0.0245014 -0.00254953 0.00623294 -0.0245014 0.106776 
0.00603612 -0.0134043 0.00222317 -0.00253857 -0.0134043 0.0765359 -0.00254594 0.0062213 0.00222317 -0.00254594 0.0146868 -0.0244506 -0.00253857 0.0062213 -0.0244506 0.106665 
0.00600798 -0.0134056 0.00222893 -0.00253702 -0.0134056 0.0766217 -0.00254229 0.00618109 0.00222893 -0.00254229 0.0146745 -0.0244326 -0.00253702 0.00618109 -0.0244326 0.106591 
0.00609199 -0.013422 0.0022514 -0.00259616 -0.013422 0.0767592 -0.00260078 0.0063153 0.0022514 -0.00260078 0.0146506 -0.0244074 -0.00259616 0.0063153 -0.0244074 0.106518 
0.0062214 -0.0135344 0.00223573 -0.00263055 -0.0135344 0.0769892 -0.00263506 0.00643623 0.00223573 -0.00263506 0.0146534 -0.0243778 -0.00263055 0.00643623 -0.0243778 0.106446 
0.0062271 -0.0136907 0.00216845 -0.00258237 -0.0136907 0.0773221 -0.00258463 0.00637292 0.00216845 -0.00258463 0.0147159 -0.0243891 -0.00258237 0.00637292 -0.0243891 0.106439 
0.00619566 -0.0137234 0.00212518 -0.00248803 -0.0137234 0.0775576 -0.00248219 0.00616133 0.00212518 -0.00248219 0.0147595 -0.0244701 -0.00248803 0.00616133 -0.0244701 0.106574 
0.00622186 -0.0136829 0.00216216 -0.00242007 -0.0136829 0.0775652 -0.0024096 0.00593381 0.00216216 -0.0024096 0.0147105 -0.0245293 -0.00242007 0.00593381 -0.0245293 0.106745 
0.00621551 -0.0136765 0.00222288 -0.002435 -0.0136765 0.077483 -0.00242992 0.00584373 0.00222288 -0.00242992 0.0146352 -0.0244793 -0.002435 0.00584373 -0.0244793 0.106741 
0.00622544 -0.013684 0.00225469 -0.00253334 -0.013684 0.0775067 -0.00253924 0.00602294 0.00225469 -0.00253924 0.0146026 -0.0243772 -0.00253334 0.00602294 -0.0243772 0.106549 
0.00610844 -0.0136817 0.00219761 -0.00257802 -0.0136817 0.0774876 -0.00258764 0.0061921 0.00219761 -0.00258764 0.0146905 -0.0243318 -0.00257802 0.0061921 -0.0243318 0.106382 
0.00612667 -0.0135826 0.0021834 -0.00255726 -0.0135826 0.0774 -0.00255792 0.00626268 0.0021834 -0.00255792 0.0147375 -0.0244265 -0.00255726 0.00626268 -0.0244265 0.106456 
0.00615257 -0.0135695 0.00220477 -0.00251152 -0.0135695 0.0772534 -0.00250706 0.00616098 0.00220477 -0.00250706 0.014736 -0.0244989 -0.00251152 0.00616098 -0.0244989 0.106645 
0.00614341 -0.013616 0.00220957 -0.00253476 -0.013616 0.0773079 -0.00253686 0.0061602 0.00220957 -0.00253686 0.0147533 -0.0245011 -0.00253476 0.0061602 -0.0245011 0.106727 
0.00607894 -0.0135939 0.00216918 -0.00252853 -0.0135939 0.0772898 -0.00253423 0.00615588 0.00216918 -0.00253423 0.0147965 -0.0245224 -0.00252853 0.00615588 -0.0245224 0.106781 
0.00598388 -0.0134947 0.00211093 -0.00247181 -0.0134947 0.0770853 -0.0024733 0.0060514 0.00211093 -0.0024733 0.0148344 -0.0245766 -0.00247181 0.0060514 -0.0245766 0.106889 
0.00592496 -0.0133839 0.00209983 -0.0024198 -0.0133839 0.0768344 -0.00241229 0.00593219 0.00209983 -0.00241229 0.0148567 -0.0246178 -0.0024198 0.00593219 -0.0246178 0.106999 
0.00586339 -0.0133138 0.00207627 -0.00241842 -0.0133138 0.0766254 -0.00240947 0.00588832 0.00207627 -0.00240947 0.0149045 -0.0246409 -0.00241842 0.00588832 -0.0246409 0.107072 
0.00588439 -0.0132479 0.00209424 -0.00240593 -0.0132479 0.0764614 -0.00239818 0.00588122 0.00209424 -0.00239818 0.014898 -0.0246931 -0.00240593 0.00588122 -0.0246931 0.107172 
0.00593167 -0.0132617 0.0021361 -0.00241982 -0.0132617 0.0763964 -0.00241732 0.0058967 0.0021361 -0.00241732 0.0148483 -0.0246907 -0.00241982 0.0058967 -0.0246907 0.107219 
0.00592307 -0.01328 0.00215119 -0.00243333 -0.01328 0.0763458 -0.00243724 0.00589993 0.00215119 -0.00243724 0.0148095 -0.0246371 -0.00243333 0.00589993 -0.0246371 0.107152 
0.00590946 -0.0132797 0.00214675 -0.00246448 -0.0132797 0.0763563 -0.00247082 0.0059725 0.00214675 -0.00247082 0.0147954 -0.0245831 -0.00246448 0.0059725 -0.0245831 0.107023 
0.00586787 -0.013252 0.0021246 -0.00246132 -0.013252 0.0762954 -0.00246413 0.00599413 0.0021246 -0.00246413 0.0148011 -0.0245633 -0.00246132 0.00599413 -0.0245633 0.106934 
0.0057602 -0.0131927 0.00203501 -0.00243527 -0.0131927 0.076162 -0.00243274 0.0059494 0.00203501 -0.00243274 0.0148638 -0.0245693 -0.00243527 0.0059494 -0.0245693 0.106914 
0.00569295 -0.0130717 0.00196926 -0.00234862 -0.0130717 0.0759361 -0.00233431 0.00580155 0.00196926 -0.00233431 0.0149164 -0.0246394 -0.00234862 0.00580155 -0.0246394 0.107013 
0.00568034 -0.0129679 0.00198016 -0.00225885 -0.0129679 0.0756341 -0.00223604 0.00556449 0.00198016 -0.00223604 0.0148982 -0.0247053 -0.00225885 0.00556449 -0.0247053 0.107171 
0.00570693 -0.0129589 0.00203163 -0.00228039 -0.0129589 0.0755218 -0.00226429 0.00551859 0.00203163 -0.00226429 0.014851 -0.0246833 -0.00228039 0.00551859 -0.0246833 0.1072 
0.00576295 -0.012991 0.00207542 -0.00234225 -0.012991 0.0755457 -0.00233946 0.00563556 0.00207542 -0.00233946 0.0148014 -0.0246222 -0.00234225 0.00563556 -0.0246222 0.107096 
0.00581507 -0.0130687 0.00209576 -0.00240445 -0.0130687 0.0757028 -0.002411 0.00581294 0.00209576 -0.002411 0.0147632 -0.024558 -0.00240445 0.00581294 -0.024558 0.10694 
0.00575373 -0.0130959 0.00204818 -0.00239001 -0.0130959 0.0757501 -0.00239734 0.00581872 0.00204818 -0.00239734 0.0147881 -0.0245178 -0.00239001 0.00581872 -0.0245178 0.10682 
0.00572625 -0.0130556 0.00202114 -0.00236691 -0.0130556 0.0757675 -0.00236697 0.00580293 0.00202114 -0.00236697 0.0148189 -0.024539 -0.00236691 0.00580293 -0.024539 0.106798 
0.00570295 -0.0130149 0.00198787 -0.00233459 -0.0130149 0.0756818 -0.00232791 0.00572606 0.00198787 -0.00232791 0.0148692 -0.0245784 -0.00233459 0.00572606 -0.0245784 0.106866 
0.00566427 -0.0129624 0.00195042 -0.00227138 -0.0129624 0.0755187 -0.00226382 0.00556854 0.00195042 -0.00226382 0.014906 -0.0246447 -0.00227138 0.00556854 -0.0246447 0.107006 
0.00562693 -0.0129486 0.00193287 -0.00225442 -0.0129486 0.0754937 -0.00224841 0.00551312 0.00193287 -0.00224841 0.0149471 -0.0246873 -0.00225442 0.00551312 -0.0246873 0.107132 
0.00560383 -0.0128936 0.0019504 -0.00222101 -0.0128936 0.0753831 -0.00221647 0.00543162 0.0019504 -0.00221647 0.0149306 -0.0247398 -0.00222101 0.00543162 -0.0247398 0.107264 
0.00550115 -0.0128403 0.00194451 -0.00222638 -0.0128403 0.075216 -0.00222507 0.00539528 0.00194451 -0.00222507 0.014935 -0.0247251 -0.00222638 0.00539528 -0.0247251 0.107301 
0.00547726 -0.0127181 0.0019661 -0.00224309 -0.0127181 0.07498 -0.00224245 0.00544477 0.0019661 -0.00224245 0.0149102 -0.0247204 -0.00224309 0.00544477 -0.0247204 0.107285 
0.00552079 -0.0126854 0.00198672 -0.00229607 -0.0126854 0.0748209 -0.00229578 0.00557846 0.00198672 -0.00229578 0.0148923 -0.0246848 -0.00229607 0.00557846 -0.0246848 0.107218 
0.00558944 -0.0127508 0.00201222 -0.00233852 -0.0127508 0.0748865 -0.00233967 0.00572547 0.00201222 -0.00233967 0.0148869 -0.0246572 -0.00233852 0.00572547 -0.0246572 0.107135 
0.00565915 -0.0128481 0.00202374 -0.00236236 -0.0128481 0.0750956 -0.00236611 0.00581355 0.00202374 -0.00236611 0.0148954 -0.0246519 -0.00236236 0.00581355 -0.0246519 0.107097 
0.00569961 -0.0129511 0.00200988 -0.00236526 -0.0129511 0.0753677 -0.0023712 0.00583941 0.00200988 -0.0023712 0.0149343 -0.0246672 -0.00236526 0.00583941 -0.0246672 0.107115 
0.00568159 -0.0129962 0.00197158 -0.00232102 -0.0129962 0.0755338 -0.00232708 0.0057463 0.00197158 -0.00232708 0.0149793 -0.0247225 -0.00232102 0.0057463 -0.0247225 0.107222 
0.00560085 -0.0129767 0.00189733 -0.00226599 -0.0129767 0.0755653 -0.00226828 0.00560153 0.00189733 -0.00226828 0.0150465 -0.0247833 -0.00226599 0.00560153 -0.0247833 0.107374 
0.00551094 -0.0128699 0.00186431 -0.00217329 -0.0128699 0.0753851 -0.00216839 0.00538523 0.00186431 -0.00216839 0.0150883 -0.0248667 -0.00217329 0.00538523 -0.0248667 0.107568 
0.00537588 -0.012741 0.00178957 -0.00213016 -0.012741 0.0750678 -0.00212243 0.00521745 0.00178957 -0.00212243 0.0151506 -0.0249191 -0.00213016 0.00521745 -0.0249191 0.107733 
0.00531439 -0.0125903 0.00175644 -0.00207607 -0.0125903 0.0747366 -0.00206431 0.00511583 0.00175644 -0.00206431 0.0151843 -0.024986 -0.00207607 0.00511583 -0.024986 0.107887 
0.00530376 -0.0124818 0.00178415 -0.0020262 -0.0124818 0.0743703 -0.00201224 0.00498036 0.00178415 -0.00201224 0.0151515 -0.0250283 -0.0020262 0.00498036 -0.0250283 0.10802 
0.0053312 -0.0124515 0.00185882 -0.00205278 -0.0124515 0.0741597 -0.00204582 0.0049736 0.00185882 -0.00204582 0.0150746 -0.0249894 -0.00205278 0.0049736 -0.0249894 0.108008 
0.00536713 -0.0124831 0.00191292 -0.00214939 -0.0124831 0.0741451 -0.00215331 0.00515707 0.00191292 -0.00215331 0.0150186 -0.0248913 -0.00214939 0.00515707 -0.0248913 0.10783 
0.00537645 -0.0125329 0.001902 -0.00222653 -0.0125329 0.0742412 -0.0022371 0.00538876 0.001902 -0.0022371 0.0150222 -0.024815 -0.00222653 0.00538876 -0.024815 0.107618 
0.00534505 -0.0125323 0.00187797 -0.00220599 -0.0125323 0.0742589 -0.00221196 0.00543108 0.00187797 -0.00221196 0.0150444 -0.0248184 -0.00220599 0.00543108 -0.0248184 0.107537 
0.00535172 -0.0124973 0.00187533 -0.00217894 -0.0124973 0.0742105 -0.00217829 0.00537875 0.00187533 -0.00217829 0.0150356 -0.0248476 -0.00217894 0.00537875 -0.0248476 0.107568 
0.00536127 -0.0125035 0.00186887 -0.00217663 -0.0125035 0.0741933 -0.00217472 0.00534927 0.00186887 -0.00217472 0.01503 -0.0248399 -0.00217663 0.00534927 -0.0248399 0.107581 
0.005346 -0.0124988 0.0018574 -0.00215241 -0.0124988 0.0741542 -0.00214929 0.00528433 0.0018574 -0.00214929 0.0150213 -0.0248347 -0.00215241 0.00528433 -0.0248347 0.107572 
0.00532994 -0.0124882 0.00185019 -0.00214541 -0.0124882 0.0741405 -0.0021418 0.00525437 0.00185019 -0.0021418 0.0150181 -0.0248215 -0.00214541 0.00525437 -0.0248215 0.107545 
0.00531155 -0.0124534 0.00182508 -0.00212773 -0.0124534 0.0740533 -0.00212377 0.00520422 0.00182508 -0.00212377 0.0150317 -0.0248179 -0.00212773 0.00520422 -0.0248179 0.107526 
0.00530896 -0.0124349 0.00180999 -0.00210897 -0.0124349 0.0739979 -0.00210438 0.00516664 0.00180999 -0.00210438 0.0150377 -0.0248313 -0.00210897 0.00516664 -0.0248313 0.107538 
0.00531455 -0.0124455 0.00180445 -0.00210072 -0.0124455 0.0740152 -0.00209722 0.00515024 0.00180445 -0.00209722 0.0150369 -0.0248382 -0.00210072 0.00515024 -0.0248382 0.107557 
0.00533989 -0.0124731 0.00180627 -0.00210743 -0.0124731 0.0741076 -0.00210424 0.00517022 0.00180627 -0.00210424 0.0150498 -0.0248356 -0.00210743 0.00517022 -0.0248356 0.107558 
0.00531895 -0.0124995 0.00179655 -0.00209508 -0.0124995 0.0741784 -0.00209338 0.00514671 0.00179655 -0.00209338 0.0150806 -0.0248532 -0.00209508 0.00514671 -0.0248532 0.107585 
0.00530939 -0.0125011 0.00180337 -0.00209943 -0.0125011 0.0742603 -0.00209921 0.00516353 0.00180337 -0.00209921 0.015112 -0.0248896 -0.00209943 0.00516353 -0.0248896 0.107655 
0.005305 -0.0124903 0.00178313 -0.00210398 -0.0124903 0.0742685 -0.00210717 0.00517777 0.00178313 -0.00210717 0.0151443 -0.0249311 -0.00210398 0.00517777 -0.0249311 0.107757 
0.0053001 -0.0124959 0.00175677 -0.00208794 -0.0124959 0.0742943 -0.00209034 0.00517142 0.00175677 -0.00209034 0.0151747 -0.0249718 -0.00208794 0.00517142 -0.0249718 0.107865 
0.00522555 -0.0124581 0.00170998 -0.00202292 -0.0124581 0.0741881 -0.00202171 0.00502219 0.00170998 -0.00202171 0.0152085 -0.0250154 -0.00202292 0.00502219 -0.0250154 0.107983 
0.00510086 -0.0123481 0.00166416 -0.00195615 -0.0123481 0.0739433 -0.00195118 0.00483661 0.00166416 -0.00195118 0.0152439 -0.0250574 -0.00195615 0.00483661 -0.0250574 0.108096 
0.00498837 -0.0121851 0.00162892 -0.00191511 -0.0121851 0.0735724 -0.00190634 0.00470969 0.00162892 -0.00190634 0.015285 -0.0250967 -0.00191511 0.00470969 -0.0250967 0.108198 
0.00494159 -0.012027 0.0016164 -0.00188757 -0.012027 0.0731375 -0.00187829 0.00463716 0.0016164 -0.00187829 0.0152961 -0.0251433 -0.00188757 0.00463716 -0.0251433 0.108306 
0.00491894 -0.0119383 0.00161315 -0.00187009 -0.0119383 0.0727736 -0.00186372 0.00458837 0.00161315 -0.00186372 0.0152958 -0.0251582 -0.00187009 0.00458837 -0.0251582 0.108375 
0.00498878 -0.0119438 0.00165329 -0.00190446 -0.0119438 0.0727115 -0.00190173 0.00467586 0.00165329 -0.00190173 0.0152739 -0.0251512 -0.00190446 0.00467586 -0.0251512 0.108378 
0.00497873 -0.0120179 0.00160798 -0.00193266 -0.0120179 0.0727856 -0.00193538 0.00474513 0.00160798 -0.00193538 0.015295 -0.0251269 -0.00193266 0.00474513 -0.0251269 0.108339 
0.00499712 -0.0120398 0.00157206 -0.00189518 -0.0120398 0.0729258 -0.00189478 0.00473406 0.00157206 -0.00189478 0.0153243 -0.0251474 -0.00189518 0.00473406 -0.0251474 0.108347 
0.00500569 -0.0120751 0.00153163 -0.00184916 -0.0120751 0.0730457 -0.00184255 0.00463066 0.00153163 -0.00184255 0.0153639 -0.0251862 -0.00184916 0.00463066 -0.0251862 0.10842 
0.00503093 -0.0121074 0.00150011 -0.00180191 -0.0121074 0.07318 -0.00179341 0.00451197 0.00150011 -0.00179341 0.0153932 -0.0252358 -0.00180191 0.00451197 -0.0252358 0.108533 
0.00510541 -0.0121697 0.00153948 -0.00177259 -0.0121697 0.0733788 -0.00176389 0.00442798 0.00153948 -0.00176389 0.0153785 -0.0252732 -0.00177259 0.00442798 -0.0252732 0.108642 
0.00512099 -0.0122442 0.00156975 -0.00178343 -0.0122442 0.0735388 -0.00178141 0.00437966 0.00156975 -0.00178141 0.0153715 -0.025262 -0.00178343 0.00437966 -0.025262 0.108674 
0.0051124 -0.0122795 0.00158115 -0.00182326 -0.0122795 0.0736924 -0.00182877 0.00444735 0.00158115 -0.00182877 0.0153811 -0.0252508 -0.00182326 0.00444735 -0.0252508 0.108658 
0.00516684 -0.0122705 0.00160163 -0.0018416 -0.0122705 0.0737382 -0.0018501 0.00452017 0.00160163 -0.0018501 0.0153647 -0.0252617 -0.0018416 0.00452017 -0.0252617 0.108666 
0.00518661 -0.0123283 0.00164901 -0.0018605 -0.0123283 0.0738138 -0.00186869 0.00456863 0.00164901 -0.00186869 0.0153414 -0.0252446 -0.0018605 0.00456863 -0.0252446 0.108651 
0.00520923 -0.0123676 0.00165941 -0.00192022 -0.0123676 0.0739401 -0.00193051 0.00468473 0.00165941 -0.00193051 0.0153365 -0.0252157 -0.00192022 0.00468473 -0.0252157 0.108594 
0.00514132 -0.0123818 0.00161293 -0.00192463 -0.0123818 0.073985 -0.0019345 0.00473625 0.00161293 -0.0019345 0.0153724 -0.0252113 -0.00192463 0.00473625 -0.0252113 0.108562 
0.00503011 -0.0122767 0.00154755 -0.00185785 -0.0122767 0.0737992 -0.00185935 0.00462227 0.00154755 -0.00185935 0.0154185 -0.0252562 -0.00185785 0.00462227 -0.0252562 0.108624 
0.00494366 -0.0121252 0.00151518 -0.00178668 -0.0121252 0.0734505 -0.00177993 0.00445203 0.00151518 -0.00177993 0.0154468 -0.0253118 -0.00178668 0.00445203 -0.0253118 0.108746 
0.00492312 -0.0120121 0.00152131 -0.00176499 -0.0120121 0.0731198 -0.00175591 0.00436311 0.00152131 -0.00175591 0.0154504 -0.0253452 -0.00176499 0.00436311 -0.0253452 0.108848 
0.00495012 -0.0119669 0.00154542 -0.00177011 -0.0119669 0.0728852 -0.00176591 0.00434936 0.00154542 -0.00176591 0.01542 -0.0253501 -0.00177011 0.00434936 -0.0253501 0.108893 
0.00494876 -0.0120106 0.00154108 -0.00180944 -0.0120106 0.0728938 -0.00181052 0.00443381 0.00154108 -0.00181052 0.0154115 -0.0253108 -0.00180944 0.00443381 -0.0253108 0.108842 
0.0049376 -0.0120215 0.00152 -0.00180895 -0.0120215 0.0729541 -0.00180864 0.0044772 0.00152 -0.00180864 0.0154213 -0.0252957 -0.00180895 0.0044772 -0.0252957 0.108783 
0.00493616 -0.0120024 0.00153033 -0.00177793 -0.0120024 0.072934 -0.00177273 0.00442282 0.00153033 -0.00177273 0.0154089 -0.0253074 -0.00177793 0.00442282 -0.0253074 0.108782 
0.00493822 -0.0120035 0.00153353 -0.00179199 -0.0120035 0.0729323 -0.00178641 0.00441747 0.00153353 -0.00178641 0.0153998 -0.0252939 -0.00179199 0.00441747 -0.0252939 0.108767 
0.00496423 -0.0120069 0.00156884 -0.00179951 -0.0120069 0.0729423 -0.00179508 0.00443979 0.00156884 -0.00179508 0.0153704 -0.0252814 -0.00179951 0.00443979 -0.0252814 0.108735 
0.00494368 -0.0120033 0.00160143 -0.00181236 -0.0120033 0.0728754 -0.0018105 0.00443768 0.00160143 -0.0018105 0.0153329 -0.0252485 -0.00181236 0.00443768 -0.0252485 0.108675 
0.00494123 -0.0119596 0.00161793 -0.00184516 -0.0119596 0.0727587 -0.0018469 0.00448778 0.00161793 -0.0018469 0.0153028 -0.0252021 -0.00184516 0.00448778 -0.0252021 0.108574 
0.00497893 -0.0119453 0.00164801 -0.00187397 -0.0119453 0.0726683 -0.0018771 0.00456877 0.00164801 -0.0018771 0.0152631 -0.0251615 -0.00187397 0.00456877 -0.0251615 0.108462 
0.00502874 -0.0120062 0.00165383 -0.00192722 -0.0120062 0.0727525 -0.00193188 0.00470117 0.00165383 -0.00193188 0.0152507 -0.0251099 -0.00192722 0.00470117 -0.0251099 0.108334 
0.00505262 -0.0120757 0.00167517 -0.00193087 -0.0120757 0.072913 -0.00193434 0.00475735 0.00167517 -0.00193434 0.0152519 -0.0250937 -0.00193087 0.00475735 -0.0250937 0.108255 
0.00507708 -0.0121284 0.0017158 -0.00195995 -0.0121284 0.0731044 -0.00196567 0.00481903 0.0017158 -0.00196567 0.015234 -0.0250961 -0.00195995 0.00481903 -0.0250961 0.108234 
0.00502622 -0.0121432 0.00172871 -0.001989 -0.0121432 0.0731768 -0.001998 0.00487292 0.00172871 -0.001998 0.0152318 -0.0250816 -0.001989 0.00487292 -0.0250816 0.108215 
0.00494993 -0.0120661 0.00170359 -0.00200186 -0.0120661 0.0730648 -0.00201129 0.00491535 0.00170359 -0.00201129 0.0152437 -0.0250793 -0.00200186 0.00491535 -0.0250793 0.108201 
0.00485737 -0.0119402 0.00163584 -0.00197146 -0.0119402 0.0727615 -0.00197493 0.00487705 0.00163584 -0.00197493 0.0152702 -0.0250925 -0.00197146 0.00487705 -0.0250925 0.108218 
0.00483202 -0.0118182 0.00162187 -0.00191116 -0.0118182 0.0724311 -0.00190378 0.00477388 0.00162187 -0.00190378 0.0152645 -0.0251194 -0.00191116 0.00477388 -0.0251194 0.108265 
0.00488906 -0.0118136 0.00166875 -0.00193595 -0.0118136 0.0723435 -0.00192389 0.00480031 0.00166875 -0.00192389 0.0152447 -0.025107 -0.00193595 0.00480031 -0.025107 0.108262 
0.00498842 -0.0118974 0.00172548 -0.00199634 -0.0118974 0.0724719 -0.00199085 0.00492714 0.00172548 -0.00199085 0.0152207 -0.0250803 -0.00199634 0.00492714 -0.0250803 0.108208 
0.00504363 -0.0120221 0.00176974 -0.0020424 -0.0120221 0.0727273 -0.00204783 0.00504645 0.00176974 -0.00204783 0.0152019 -0.0250543 -0.0020424 0.00504645 -0.0250543 0.108147 
0.0049954 -0.0120713 0.00175707 -0.0020563 -0.0120713 0.0728832 -0.0020681 0.0050799 0.00175707 -0.0020681 0.0152044 -0.0250383 -0.0020563 0.0050799 -0.0250383 0.108104 
0.00496498 -0.0120217 0.00173101 -0.00205505 -0.0120217 0.0728865 -0.00206335 0.00510017 0.00173101 -0.00206335 0.015204 -0.0250396 -0.00205505 0.00510017 -0.0250396 0.108089 
0.00501922 -0.0120018 0.001754 -0.00205728 -0.0120018 0.0728705 -0.00205691 0.00513317 0.001754 -0.00205691 0.0151945 -0.025034 -0.00205728 0.00513317 -0.025034 0.108073 
0.00513044 -0.0120674 0.00183029 -0.00208179 -0.0120674 0.0729527 -0.00207969 0.0051722 0.00183029 -0.00207969 0.0151615 -0.0250225 -0.00208179 0.0051722 -0.0250225 0.108048 
0.00517621 -0.0122052 0.00183267 -0.00215064 -0.0122052 0.0732037 -0.00215918 0.0052849 0.00183267 -0.00215918 0.0151618 -0.0249877 -0.00215064 0.0052849 -0.0249877 0.107988 
0.00523555 -0.0122769 0.00182898 -0.0021471 -0.0122769 0.0734544 -0.00215926 0.00533674 0.00182898 -0.00215926 0.0151413 -0.0249891 -0.0021471 0.00533674 -0.0249891 0.107963 
0.00523916 -0.0123631 0.00181237 -0.00213968 -0.0123631 0.0736996 -0.00214707 0.00532406 0.00181237 -0.00214707 0.0151415 -0.0249677 -0.00213968 0.00532406 -0.0249677 0.10793 
0.0052353 -0.0123769 0.00183392 -0.00211475 -0.0123769 0.0738355 -0.00211465 0.00525989 0.00183392 -0.00211465 0.0151287 -0.0249668 -0.00211475 0.00525989 -0.0249668 0.107911 
0.00526257 -0.0123645 0.00188366 -0.00213427 -0.0123645 0.0738487 -0.00213317 0.00524829 0.00188366 -0.00213317 0.0150981 -0.0249528 -0.00213427 0.00524829 -0.0249528 0.107886 
0.00524255 -0.0123587 0.001882 -0.00216811 -0.0123587 0.0737697 -0.00217328 0.00528353 0.001882 -0.00217328 0.0150836 -0.0249204 -0.00216811 0.00528353 -0.0249204 0.107828 
0.0052134 -0.0123341 0.00186595 -0.00217847 -0.0123341 0.0737072 -0.0021859 0.00534082 0.00186595 -0.0021859 0.0150849 -0.0248989 -0.00217847 0.00534082 -0.0248989 0.107764 
0.00520242 -0.0123013 0.00183479 -0.00217223 -0.0123013 0.0736357 -0.00217564 0.00535894 0.00183479 -0.00217564 0.0150923 -0.0248976 -0.00217223 0.00535894 -0.0248976 0.107734 
0.00525787 -0.0122968 0.0018527 -0.00214778 -0.0122968 0.0736115 -0.00214431 0.0053283 0.0018527 -0.00214431 0.0150754 -0.0249043 -0.00214778 0.0053283 -0.0249043 0.107735 
0.00526809 -0.0123806 0.00184163 -0.00217207 -0.0123806 0.0737586 -0.00217003 0.00535287 0.00184163 -0.00217003 0.0150908 -0.0248838 -0.00217207 0.00535287 -0.0248838 0.107705 
0.00524041 -0.0123955 0.00181339 -0.00214452 -0.0123955 0.0738566 -0.00214344 0.00531233 0.00181339 -0.00214344 0.0151204 -0.0249037 -0.00214452 0.00531233 -0.0249037 0.107721 
0.00519585 -0.0123553 0.00178366 -0.0020994 -0.0123553 0.0738164 -0.00209709 0.0052051 0.00178366 -0.00209709 0.015145 -0.0249437 -0.0020994 0.0052051 -0.0249437 0.1078 
0.00512697 -0.0123192 0.00171483 -0.00208582 -0.0123192 0.0737743 -0.00208149 0.00516162 0.00171483 -0.00208149 0.0152159 -0.0249716 -0.00208582 0.00516162 -0.0249716 0.107878 
0.00509696 -0.0122311 0.0016866 -0.00200586 -0.0122311 0.0736079 -0.00199621 0.00502008 0.0016866 -0.00199621 0.015254 -0.025057 -0.00200586 0.00502008 -0.025057 0.108039 
0.00503559 -0.0121803 0.00165331 -0.00196094 -0.0121803 0.0734299 -0.00195192 0.00487189 0.00165331 -0.00195192 0.0152965 -0.025109 -0.00196094 0.00487189 -0.025109 0.108202 
0.0050291 -0.012114 0.00165905 -0.00193232 -0.012114 0.0732802 -0.0019257 0.00479273 0.00165905 -0.0019257 0.0152993 -0.0251593 -0.00193232 0.00479273 -0.0251593 0.108338 
