0.00551582 0 0.0034824 0 0 0.01 0 0 0.0034824 0 0.00831241 0 0 0 0 0.01 
0.00810531 -0.0100866 0.00491859 -0.0060564 -0.0100866 0.0285142 -0.0060564 0.0116134 0.00491859 -0.0060564 0.011457 -0.0141914 -0.0060564 0.0116134 -0.0141914 0.0363854 
0.00828996 -0.0158022 0.00451419 -0.00776369 -0.0158022 0.0597254 -0.00776369 0.0247474 0.00451419 -0.00776369 0.011247 -0.0206137 -0.00776369 0.0247474 -0.0206137 0.074894 
0.0077802 -0.0160586 0.00388061 -0.00589908 -0.0160586 0.0743725 -0.00590499 0.0216801 0.00388061 -0.00590499 0.0107449 -0.0198893 -0.00589908 0.0216801 -0.0198893 0.0873406 
0.00769621 -0.0157802 0.00385935 -0.00494811 -0.0157802 0.0802262 -0.0049641 0.0166371 0.00385935 -0.0049641 0.0108589 -0.0192699 -0.00494811 0.0166371 -0.0192699 0.089776 
0.00778997 -0.0155993 0.00407802 -0.00494027 -0.0155993 0.0820647 -0.00496443 0.0144932 0.00407802 -0.00496443 0.0111431 -0.019461 -0.00494027 0.0144932 -0.019461 0.0913554 
0.00789074 -0.0156904 0.00419912 -0.00527966 -0.0156904 0.0827803 -0.00530815 0.0144553 0.00419912 -0.00530815 0.0112655 -0.0196151 -0.00527966 0.0144553 -0.0196151 0.0922099 
0.00798155 -0.0158059 0.00424197 -0.00548756 -0.0158059 0.083188 -0.00550778 0.0149377 0.00424197 -0.00550778 0.0112457 -0.0196061 -0.00548756 0.0149377 -0.0196061 0.0923744 
0.00805575 -0.0158936 0.00423193 -0.00556281 -0.0158936 0.0834249 -0.00556926 0.0152583 0.00423193 -0.00556926 0.0111536 -0.0195234 -0.00556281 0.0152583 -0.0195234 0.0922001 
0.00811583 -0.0159556 0.00421129 -0.00554925 -0.0159556 0.0835688 -0.00555303 0.0153416 0.00421129 -0.00555303 0.0110741 -0.0194177 -0.00554925 0.0153416 -0.0194177 0.0919424 
0.0081042 -0.0159807 0.00417302 -0.00550545 -0.0159807 0.083613 -0.0055144 0.0152726 0.00417302 -0.0055144 0.0110835 -0.0193719 -0.00550545 0.0152726 -0.0193719 0.0918128 
0.00808519 -0.0159299 0.00417305 -0.0054442 -0.0159299 0.0835175 -0.00545175 0.0151217 0.00417305 -0.00545175 0.011131 -0.0194337 -0.0054442 0.0151217 -0.0194337 0.091915 
0.00806503 -0.0159004 0.0041775 -0.00544017 -0.0159004 0.0834179 -0.00544131 0.0150325 0.0041775 -0.00544131 0.0111873 -0.0195082 -0.00544017 0.0150325 -0.0195082 0.0921064 
0.00803909 -0.0158944 0.00413949 -0.0054502 -0.0158944 0.0833938 -0.00544415 0.0150186 0.00413949 -0.00544415 0.0112494 -0.0195732 -0.0054502 0.0150186 -0.0195732 0.0922844 
0.00803028 -0.0159047 0.00415666 -0.00541433 -0.0159047 0.083451 -0.00540178 0.0149675 0.00415666 -0.00540178 0.0112819 -0.0196166 -0.00541433 0.0149675 -0.0196166 0.0923829 
0.00804577 -0.0158717 0.00420798 -0.00542246 -0.0158717 0.0834041 -0.00540373 0.0149204 0.00420798 -0.00540373 0.0113132 -0.0197065 -0.00542246 0.0149204 -0.0197065 0.0926342 
0.00803637 -0.015925 0.0042271 -0.00549088 -0.015925 0.0835043 -0.00547442 0.0150266 0.0042271 -0.00547442 0.0113465 -0.0197204 -0.00549088 0.0150266 -0.0197204 0.0927255 
0.00800252 -0.0158878 0.00416045 -0.00550527 -0.0158878 0.0834755 -0.00548857 0.0150874 0.00416045 -0.00548857 0.0114172 -0.0198244 -0.00550527 0.0150874 -0.0198244 0.0930048 
0.00800729 -0.0159007 0.00414122 -0.00543546 -0.0159007 0.0835364 -0.00541701 0.015016 0.00414122 -0.00541701 0.0113965 -0.0198557 -0.00543546 0.015016 -0.0198557 0.0931021 
0.00800921 -0.0159303 0.00414586 -0.00540321 -0.0159303 0.0836355 -0.00539151 0.0149155 0.00414586 -0.00539151 0.0113697 -0.0198058 -0.00540321 0.0149155 -0.0198058 0.0930352 
0.00803345 -0.0159212 0.00414826 -0.00540249 -0.0159212 0.0836538 -0.00539901 0.0148796 0.00414826 -0.00539901 0.0113386 -0.0197746 -0.00540249 0.0148796 -0.0197746 0.0929486 
0.00804791 -0.0159507 0.00417571 -0.00540768 -0.0159507 0.083695 -0.00541063 0.0148972 0.00417571 -0.00541063 0.0113133 -0.019722 -0.00540768 0.0148972 -0.019722 0.0928098 
0.0080777 -0.0159217 0.00426722 -0.00542698 -0.0159217 0.0836239 -0.00543241 0.0149164 0.00426722 -0.00543241 0.011304 -0.0197503 -0.00542698 0.0149164 -0.0197503 0.0928734 
0.00807008 -0.0159655 0.00430864 -0.00554065 -0.0159655 0.0836645 -0.00554991 0.0151103 0.00430864 -0.00554991 0.0113328 -0.0197343 -0.00554065 0.0151103 -0.0197343 0.0928708 
0.00808103 -0.0159667 0.00431051 -0.00560321 -0.0159667 0.0837067 -0.00560714 0.0153134 0.00431051 -0.00560714 0.0113344 -0.0197701 -0.00560321 0.0153134 -0.0197701 0.0929221 
0.00808156 -0.0159514 0.00429599 -0.00559761 -0.0159514 0.0836641 -0.00559888 0.0153597 0.00429599 -0.00559888 0.01137 -0.0198245 -0.00559761 0.0153597 -0.0198245 0.0931116 
0.00803925 -0.015966 0.00426166 -0.00557192 -0.015966 0.0836874 -0.00557448 0.015319 0.00426166 -0.00557448 0.011441 -0.019865 -0.00557192 0.015319 -0.019865 0.093246 
0.00801452 -0.0159465 0.00425324 -0.00553299 -0.0159465 0.0837114 -0.00552896 0.0152324 0.00425324 -0.00552896 0.0114866 -0.0199276 -0.00553299 0.0152324 -0.0199276 0.0933627 
0.00802428 -0.0159084 0.00425704 -0.00551573 -0.0159084 0.0836477 -0.00550442 0.0151457 0.00425704 -0.00550442 0.0115013 -0.0200084 -0.00551573 0.0151457 -0.0200084 0.0935766 
0.00806734 -0.0159293 0.00430416 -0.00551876 -0.0159293 0.083663 -0.0055115 0.0151219 0.00430416 -0.0055115 0.0115068 -0.0200247 -0.00551876 0.0151219 -0.0200247 0.0936879 
0.0081334 -0.0160233 0.00438204 -0.00557932 -0.0160233 0.0838679 -0.00558043 0.0152328 0.00438204 -0.00558043 0.0114801 -0.0199888 -0.00557932 0.0152328 -0.0199888 0.0936073 
0.00812469 -0.0161348 0.00438487 -0.00567812 -0.0161348 0.0841711 -0.00568456 0.015456 0.00438487 -0.00568456 0.0114891 -0.0199346 -0.00567812 0.015456 -0.0199346 0.093455 
0.00813031 -0.0161191 0.00437166 -0.00568417 -0.0161191 0.0842724 -0.00568427 0.0155537 0.00437166 -0.00568427 0.0114856 -0.0199725 -0.00568417 0.0155537 -0.0199725 0.0934892 
0.00814868 -0.0161412 0.00439659 -0.0056717 -0.0161412 0.0843399 -0.00566835 0.0155621 0.00439659 -0.00566835 0.0114432 -0.0199456 -0.0056717 0.0155621 -0.0199456 0.093447 
0.00818699 -0.0161189 0.00443436 -0.00568093 -0.0161189 0.0842912 -0.00568196 0.0155422 0.00443436 -0.00568196 0.0114193 -0.0199572 -0.00568093 0.0155422 -0.0199572 0.0935295 
0.00817533 -0.0161935 0.00445077 -0.00573264 -0.0161935 0.0844102 -0.00574365 0.0156475 0.00445077 -0.00574365 0.0114225 -0.0198811 -0.00573264 0.0156475 -0.0198811 0.0933794 
0.00815224 -0.0161866 0.00447782 -0.00575953 -0.0161866 0.0844707 -0.0057682 0.0157431 0.00447782 -0.0057682 0.0114337 -0.019877 -0.00575953 0.0157431 -0.019877 0.0932902 
0.00815274 -0.0161333 0.00449234 -0.00579348 -0.0161333 0.0843726 -0.00579185 0.015814 0.00449234 -0.00579185 0.0114481 -0.0199218 -0.00579348 0.015814 -0.0199218 0.0933768 
0.00818162 -0.016134 0.00452782 -0.00581881 -0.016134 0.084321 -0.0058132 0.0158883 0.00452782 -0.0058132 0.0114451 -0.0199342 -0.00581881 0.0158883 -0.0199342 0.0934319 
0.0082113 -0.0161557 0.00457581 -0.00585335 -0.0161557 0.0843273 -0.00584885 0.0159602 0.00457581 -0.00584885 0.0114346 -0.0199617 -0.00585335 0.0159602 -0.0199617 0.0935344 
0.00820049 -0.0162286 0.00457386 -0.00591777 -0.0162286 0.0844885 -0.00591822 0.0161097 0.00457386 -0.00591822 0.0114463 -0.0199128 -0.00591777 0.0161097 -0.0199128 0.0934511 
0.00817842 -0.0161986 0.00452617 -0.00591062 -0.0161986 0.0845021 -0.00590881 0.0161493 0.00452617 -0.00590881 0.0114925 -0.019962 -0.00591062 0.0161493 -0.019962 0.0935373 
0.00817746 -0.0161799 0.00450953 -0.00585359 -0.0161799 0.0844708 -0.00584668 0.0160622 0.00450953 -0.00584668 0.011507 -0.020011 -0.00585359 0.0160622 -0.020011 0.0936493 
0.00817444 -0.0161992 0.00449624 -0.00583177 -0.0161992 0.0845083 -0.00582477 0.0159803 0.00449624 -0.00582477 0.0114985 -0.0200074 -0.00583177 0.0159803 -0.0200074 0.093664 
0.00818225 -0.0162044 0.0044967 -0.00581503 -0.0162044 0.084547 -0.00581068 0.0159304 0.0044967 -0.00581068 0.0114758 -0.0199867 -0.00581503 0.0159304 -0.0199867 0.0936212 
0.00817305 -0.0162394 0.00452583 -0.00582679 -0.0162394 0.0846376 -0.00582618 0.0159547 0.00452583 -0.00582618 0.0114139 -0.0199088 -0.00582679 0.0159547 -0.0199088 0.0934112 
0.00817799 -0.0161729 0.0045072 -0.00584942 -0.0161729 0.0845199 -0.00585113 0.0159814 0.0045072 -0.00585113 0.011385 -0.0198964 -0.00584942 0.0159814 -0.0198964 0.0933881 
0.00816441 -0.0161501 0.00446214 -0.0058258 -0.0161501 0.0843895 -0.0058335 0.0159693 0.00446214 -0.0058335 0.0113922 -0.0198734 -0.0058258 0.0159693 -0.0198734 0.0933612 
0.00813316 -0.0161779 0.00441472 -0.00578523 -0.0161779 0.0844252 -0.00579649 0.0159268 0.00441472 -0.00579649 0.0113996 -0.0198046 -0.00578523 0.0159268 -0.0198046 0.0931343 
0.00805799 -0.0161533 0.00436269 -0.00573686 -0.0161533 0.0844179 -0.00573981 0.0158296 0.00436269 -0.00573981 0.0114311 -0.0197815 -0.00573686 0.0158296 -0.0197815 0.0929636 
0.00803534 -0.0160469 0.00437776 -0.00568566 -0.0160469 0.0842239 -0.00567106 0.0156965 0.00437776 -0.00567106 0.0114112 -0.0198219 -0.00568566 0.0156965 -0.0198219 0.0929667 
0.00806098 -0.0159384 0.00440111 -0.0056913 -0.0159384 0.0838742 -0.00566861 0.0156144 0.00440111 -0.00566861 0.0113876 -0.0198865 -0.0056913 0.0156144 -0.0198865 0.0931993 
0.0080882 -0.0159581 0.00440602 -0.00571795 -0.0159581 0.0837484 -0.00570799 0.0156545 0.00440602 -0.00570799 0.0113612 -0.019862 -0.00571795 0.0156545 -0.019862 0.0932567 
0.00808225 -0.015998 0.0043994 -0.00571799 -0.015998 0.0837915 -0.00572341 0.0156936 0.0043994 -0.00572341 0.0113726 -0.0198255 -0.00571799 0.0156936 -0.0198255 0.0932035 
0.0080608 -0.016013 0.00439662 -0.00571224 -0.016013 0.0838646 -0.00572071 0.0157038 0.00439662 -0.00572071 0.0113796 -0.0198123 -0.00571224 0.0157038 -0.0198123 0.0931227 
0.00809803 -0.0159668 0.00441436 -0.00570571 -0.0159668 0.0838004 -0.00570747 0.0156766 0.00441436 -0.00570747 0.0113486 -0.0198473 -0.00570571 0.0156766 -0.0198473 0.0931872 
0.00816209 -0.0160112 0.00446124 -0.005726 -0.0160112 0.0838263 -0.00573207 0.0157009 0.00446124 -0.00573207 0.011287 -0.0198079 -0.005726 0.0157009 -0.0198079 0.0931566 
0.00824284 -0.0160898 0.00450455 -0.0057744 -0.0160898 0.0839745 -0.00579309 0.0157972 0.00450455 -0.00579309 0.0112073 -0.019738 -0.0057744 0.0157972 -0.019738 0.0930308 
0.00828343 -0.0162189 0.00455327 -0.00582869 -0.0162189 0.0842782 -0.00586209 0.0159528 0.00455327 -0.00586209 0.0111545 -0.019601 -0.00582869 0.0159528 -0.019601 0.092706 
0.00828559 -0.0162895 0.0045595 -0.00589364 -0.0162895 0.0845439 -0.00592898 0.0161269 0.0045595 -0.00592898 0.0111338 -0.0195031 -0.00589364 0.0161269 -0.0195031 0.0923683 
0.00825425 -0.016291 0.00452589 -0.0059144 -0.016291 0.0846392 -0.00593705 0.0162306 0.00452589 -0.00593705 0.0111531 -0.0194659 -0.0059144 0.0162306 -0.0194659 0.0921655 
0.00821202 -0.0162288 0.00447178 -0.00588098 -0.0162288 0.0845373 -0.00588508 0.0161944 0.00447178 -0.00588508 0.011198 -0.0195109 -0.00588098 0.0161944 -0.0195109 0.0921912 
0.00820473 -0.0161687 0.0044927 -0.00581936 -0.0161687 0.0843787 -0.00580798 0.0160584 0.0044927 -0.00580798 0.0112105 -0.0195727 -0.00581936 0.0160584 -0.0195727 0.0923195 
0.00820215 -0.0161504 0.0044937 -0.00583941 -0.0161504 0.0842737 -0.00582341 0.0160118 0.0044937 -0.00582341 0.0111993 -0.0196043 -0.00583941 0.0160118 -0.0196043 0.0924473 
0.00823037 -0.0161421 0.00446819 -0.00584246 -0.0161421 0.0842238 -0.00583129 0.0160212 0.00446819 -0.00583129 0.0111576 -0.0196001 -0.00584246 0.0160212 -0.0196001 0.092504 
0.00825447 -0.0161866 0.00445746 -0.00580853 -0.0161866 0.0842846 -0.00581054 0.0159894 0.00445746 -0.00581054 0.0111105 -0.0195296 -0.00580853 0.0159894 -0.0195296 0.0923885 
0.00825471 -0.0162263 0.00445875 -0.00578814 -0.0162263 0.0843902 -0.00580108 0.0159456 0.00445875 -0.00580108 0.0110836 -0.0194491 -0.00578814 0.0159456 -0.0194491 0.0921756 
0.00824774 -0.0162218 0.0044741 -0.00579113 -0.0162218 0.0844205 -0.00580517 0.0159344 0.0044741 -0.00580517 0.0110567 -0.0194079 -0.00579113 0.0159344 -0.0194079 0.0920092 
0.00825955 -0.0162196 0.00449579 -0.00582299 -0.0162196 0.0844245 -0.00583177 0.0159948 0.00449579 -0.00583177 0.0110181 -0.0193442 -0.00582299 0.0159948 -0.0193442 0.0918069 
0.00832297 -0.0161827 0.00454382 -0.00584987 -0.0161827 0.0843076 -0.00585413 0.0160575 0.00454382 -0.00585413 0.0109397 -0.0193445 -0.00584987 0.0160575 -0.0193445 0.0917873 
0.00832281 -0.0162666 0.00455006 -0.00591081 -0.0162666 0.0843885 -0.00592481 0.0161973 0.00455006 -0.00592481 0.0109229 -0.0192265 -0.00591081 0.0161973 -0.0192265 0.0915728 
0.00829713 -0.0162944 0.00453967 -0.00593115 -0.0162944 0.0845139 -0.00594641 0.0163133 0.00453967 -0.00594641 0.0109367 -0.0191622 -0.00593115 0.0163133 -0.0191622 0.0913075 
0.00826565 -0.0162195 0.00449449 -0.00591989 -0.0162195 0.0843901 -0.00592004 0.0163115 0.00449449 -0.00592004 0.0109634 -0.019226 -0.00591989 0.0163115 -0.019226 0.0913727 
0.00822058 -0.0161733 0.00447578 -0.00586983 -0.0161733 0.0842386 -0.00585743 0.016217 0.00447578 -0.00585743 0.0109878 -0.0192658 -0.00586983 0.016217 -0.0192658 0.0914916 
0.00820655 -0.0160961 0.00448712 -0.00584102 -0.0160961 0.0840374 -0.00582384 0.0161084 0.00448712 -0.00582384 0.010998 -0.0193199 -0.00584102 0.0161084 -0.0193199 0.0916579 
0.00816629 -0.0160688 0.00444059 -0.00585608 -0.0160688 0.0838981 -0.00584119 0.0160936 0.00444059 -0.00584119 0.0110281 -0.0193362 -0.00585608 0.0160936 -0.0193362 0.0917543 
0.00815455 -0.0160215 0.00444245 -0.00580442 -0.0160215 0.0837794 -0.00579075 0.0160288 0.00444245 -0.00579075 0.0110282 -0.0193663 -0.00580442 0.0160288 -0.0193663 0.0918242 
0.00813978 -0.0159829 0.0044287 -0.00579631 -0.0159829 0.0836397 -0.00578573 0.0159678 0.0044287 -0.00578573 0.0110402 -0.0193917 -0.00579631 0.0159678 -0.0193917 0.0919284 
0.00814437 -0.0159452 0.00440938 -0.00577522 -0.0159452 0.0835065 -0.00576996 0.015919 0.00440938 -0.00576996 0.0110436 -0.0194259 -0.00577522 0.015919 -0.0194259 0.0920456 
0.00813721 -0.015952 0.00434735 -0.00574618 -0.015952 0.0834652 -0.00574949 0.015859 0.00434735 -0.00574949 0.0110598 -0.0194296 -0.00574618 0.015859 -0.0194296 0.0920958 
0.00813295 -0.0159535 0.00431073 -0.00566422 -0.0159535 0.0834737 -0.00567303 0.0157089 0.00431073 -0.00567303 0.0110946 -0.019442 -0.00566422 0.0157089 -0.019442 0.0921176 
0.00812659 -0.0159773 0.00426236 -0.00561471 -0.0159773 0.0835453 -0.00562359 0.0155564 0.00426236 -0.00562359 0.011125 -0.0194554 -0.00561471 0.0155564 -0.0194554 0.0921066 
0.00812561 -0.0159931 0.00426086 -0.00555732 -0.0159931 0.0836303 -0.00556075 0.0154047 0.00426086 -0.00556075 0.0111457 -0.0194769 -0.00555732 0.0154047 -0.0194769 0.0921155 
0.0081131 -0.0159961 0.00425639 -0.00555115 -0.0159961 0.0836763 -0.0055488 0.0153165 0.00425639 -0.0055488 0.0111697 -0.0195089 -0.00555115 0.0153165 -0.0195089 0.0921811 
0.00811698 -0.0159815 0.00426803 -0.00554758 -0.0159815 0.0836746 -0.00554105 0.0152805 0.00426803 -0.00554105 0.0111848 -0.0195494 -0.00554758 0.0152805 -0.0195494 0.0922847 
0.00810808 -0.0159785 0.00428973 -0.00555823 -0.0159785 0.0836588 -0.00555172 0.015278 0.00428973 -0.00555172 0.0112299 -0.0195881 -0.00555823 0.015278 -0.0195881 0.0924143 
0.00809644 -0.0159613 0.00434656 -0.00557925 -0.0159613 0.0836253 -0.00557182 0.0153047 0.00434656 -0.00557182 0.0112793 -0.0196689 -0.00557925 0.0153047 -0.0196689 0.092623 
0.00810946 -0.0159662 0.0043696 -0.00565074 -0.0159662 0.0836435 -0.00564101 0.0154265 0.0043696 -0.00564101 0.0113026 -0.0197281 -0.00565074 0.0154265 -0.0197281 0.0928027 
0.00820651 -0.01603 0.00441302 -0.00569306 -0.01603 0.0838045 -0.00568516 0.0155746 0.00441302 -0.00568516 0.01121 -0.0197122 -0.00569306 0.0155746 -0.0197122 0.092794 
0.00828634 -0.01616 0.00447004 -0.00573378 -0.01616 0.0840908 -0.00574247 0.0157018 0.00447004 -0.00574247 0.0111242 -0.0195976 -0.00573378 0.0157018 -0.0195976 0.0926081 
0.00833257 -0.0162441 0.00451247 -0.00578424 -0.0162441 0.0843421 -0.00581096 0.0158267 0.00451247 -0.00581096 0.0110853 -0.0195199 -0.00578424 0.0158267 -0.0195199 0.0924305 
0.00833231 -0.0163143 0.00450635 -0.00583574 -0.0163143 0.0845678 -0.00586823 0.0159693 0.00450635 -0.00586823 0.0110884 -0.0194536 -0.00583574 0.0159693 -0.0194536 0.0922285 
0.00828479 -0.0163494 0.00449491 -0.00584269 -0.0163494 0.0847472 -0.0058673 0.0160482 0.00449491 -0.0058673 0.0111274 -0.0194068 -0.00584269 0.0160482 -0.0194068 0.0920091 
0.0082304 -0.0162997 0.00448556 -0.0058429 -0.0162997 0.0847384 -0.00584574 0.0160572 0.00448556 -0.00584574 0.011169 -0.0194372 -0.0058429 0.0160572 -0.0194372 0.0919518 
0.00822967 -0.0162229 0.00454146 -0.00584832 -0.0162229 0.0845817 -0.00582816 0.0160542 0.00454146 -0.00582816 0.0111621 -0.0194907 -0.00584832 0.0160542 -0.0194907 0.0920308 
0.00822092 -0.0161976 0.00456279 -0.00592095 -0.0161976 0.0844401 -0.00589267 0.0161601 0.00456279 -0.00589267 0.0111451 -0.0195059 -0.00592095 0.0161601 -0.0195059 0.092126 
0.00820018 -0.0161655 0.00453425 -0.00595016 -0.0161655 0.0843175 -0.00592664 0.0162724 0.00453425 -0.00592664 0.0111422 -0.0195108 -0.00595016 0.0162724 -0.0195108 0.0922034 
0.00822225 -0.0161241 0.00451187 -0.00591189 -0.0161241 0.0841868 -0.00589515 0.0162593 0.00451187 -0.00589515 0.0110925 -0.019519 -0.00591189 0.0162593 -0.019519 0.0922621 
0.00824633 -0.0161572 0.00452725 -0.00587688 -0.0161572 0.0841866 -0.00587506 0.0161988 0.00452725 -0.00587506 0.0110505 -0.0194362 -0.00587688 0.0161988 -0.0194362 0.0921313 
0.00824909 -0.0161613 0.0045518 -0.00588165 -0.0161613 0.0841789 -0.0058909 0.0161754 0.0045518 -0.0058909 0.0110357 -0.019405 -0.00588165 0.0161754 -0.019405 0.0920425 
0.00830915 -0.0161412 0.00461971 -0.00590845 -0.0161412 0.084119 -0.00591958 0.0162118 0.00461971 -0.00591958 0.0109895 -0.0194114 -0.00590845 0.0162118 -0.0194114 0.0920508 
0.00836932 -0.0162381 0.0046732 -0.00599737 -0.0162381 0.0842625 -0.0060154 0.0163896 0.0046732 -0.0060154 0.0109334 -0.019322 -0.00599737 0.0163896 -0.019322 0.0918745 
0.00843594 -0.0163243 0.00473647 -0.00606631 -0.0163243 0.0844872 -0.00609081 0.0165949 0.00473647 -0.00609081 0.0108756 -0.0192437 -0.00606631 0.0165949 -0.0192437 0.0916568 
0.00848791 -0.0164075 0.00479642 -0.00614338 -0.0164075 0.0847095 -0.00616888 0.0167948 0.00479642 -0.00616888 0.0108381 -0.0191753 -0.00614338 0.0167948 -0.0191753 0.0914685 
0.0085661 -0.0164528 0.0048551 -0.00621373 -0.0164528 0.0848533 -0.00623663 0.0169736 0.0048551 -0.00623663 0.0108063 -0.0191645 -0.00621373 0.0169736 -0.0191645 0.0914233 
0.00854036 -0.0165966 0.00486623 -0.00629355 -0.0165966 0.0851808 -0.00631531 0.0171843 0.00486623 -0.00631531 0.0108428 -0.019076 -0.00629355 0.0171843 -0.019076 0.0912055 
0.00848201 -0.0165752 0.00484613 -0.00631426 -0.0165752 0.0853105 -0.00632081 0.0172847 0.00484613 -0.00632081 0.0108979 -0.0191303 -0.00631426 0.0172847 -0.0191303 0.0912131 
0.00840858 -0.0165051 0.00479709 -0.00630101 -0.0165051 0.0852293 -0.00628551 0.0172749 0.00479709 -0.00628551 0.0109341 -0.0191997 -0.00630101 0.0172749 -0.0191997 0.0913541 
0.00834813 -0.0164037 0.00474212 -0.00624696 -0.0164037 0.0850116 -0.00621966 0.0171686 0.00474212 -0.00621966 0.0109504 -0.0192489 -0.00624696 0.0171686 -0.0192489 0.091509 
0.00833139 -0.0162586 0.00470977 -0.00616599 -0.0162586 0.0846139 -0.00613771 0.0169676 0.00470977 -0.00613771 0.0109644 -0.0193432 -0.00616599 0.0169676 -0.0193432 0.091813 
0.00832145 -0.0162509 0.00471605 -0.00612391 -0.0162509 0.0844438 -0.00610808 0.0168383 0.00471605 -0.00610808 0.010953 -0.0193218 -0.00612391 0.0168383 -0.0193218 0.0918496 
0.00833956 -0.0162216 0.00473819 -0.00612262 -0.0162216 0.0843328 -0.0061185 0.0167947 0.00473819 -0.0061185 0.0109328 -0.0193226 -0.00612262 0.0167947 -0.0193226 0.0918689 
0.00835231 -0.0162302 0.0047543 -0.00614721 -0.0162302 0.084285 -0.00615282 0.0168333 0.0047543 -0.00615282 0.0109389 -0.0193077 -0.00614721 0.0168333 -0.0193077 0.0918641 
0.00838492 -0.0162451 0.00476874 -0.00616548 -0.0162451 0.0842973 -0.00617655 0.0168914 0.00476874 -0.00617655 0.0109408 -0.0193197 -0.00616548 0.0168914 -0.0193197 0.0918768 
0.00845541 -0.0162916 0.00480227 -0.00617978 -0.0162916 0.0843832 -0.0061926 0.0169344 0.00480227 -0.0061926 0.0109161 -0.0193296 -0.00617978 0.0169344 -0.0193296 0.0919103 
0.00851689 -0.0164077 0.00482859 -0.00621452 -0.0164077 0.0846398 -0.00623484 0.0170071 0.00482859 -0.00623484 0.0108971 -0.0192846 -0.00621452 0.0170071 -0.0192846 0.0918327 
0.00852564 -0.0165303 0.00484795 -0.00624569 -0.0165303 0.085004 -0.00626991 0.0170966 0.00484795 -0.00626991 0.0109097 -0.0192257 -0.00624569 0.0170966 -0.0192257 0.0916534 
0.00846994 -0.0165636 0.00483792 -0.0062725 -0.0165636 0.0852344 -0.00628788 0.017162 0.00483792 -0.00628788 0.0109756 -0.0192317 -0.0062725 0.017162 -0.0192317 0.0915773 
0.00840442 -0.0164546 0.00477696 -0.00625847 -0.0164546 0.0851031 -0.00625257 0.0171267 0.00477696 -0.00625257 0.0110916 -0.019383 -0.00625847 0.0171267 -0.019383 0.091889 
0.00832147 -0.0164168 0.00474527 -0.00620071 -0.0164168 0.0850091 -0.00617824 0.0170195 0.00474527 -0.00617824 0.0111692 -0.0194743 -0.00620071 0.0170195 -0.0194743 0.092108 
0.00828406 -0.0162947 0.00474261 -0.00615324 -0.0162947 0.0847707 -0.00611826 0.016859 0.00474261 -0.00611826 0.0112341 -0.0196134 -0.00615324 0.016859 -0.0196134 0.092476 
0.00825267 -0.0162559 0.0047173 -0.00615222 -0.0162559 0.0846056 -0.00611612 0.0167975 0.0047173 -0.00611612 0.0112571 -0.0196857 -0.00615222 0.0167975 -0.0196857 0.0927301 
0.00824082 -0.0161976 0.00469302 -0.00611126 -0.0161976 0.0844428 -0.00608335 0.0167151 0.00469302 -0.00608335 0.0112622 -0.0197514 -0.00611126 0.0167151 -0.0197514 0.0929796 
0.00832792 -0.0161913 0.00469122 -0.00607423 -0.0161913 0.0843767 -0.00606094 0.0166323 0.00469122 -0.00606094 0.0111799 -0.019744 -0.00607423 0.0166323 -0.019744 0.0930465 
0.00840792 -0.0163129 0.00468663 -0.00605879 -0.0163129 0.0845581 -0.00607173 0.0166002 0.00468663 -0.00607173 0.0111096 -0.0196195 -0.00605879 0.0166002 -0.0196195 0.0928355 
0.00842696 -0.0164265 0.00464591 -0.00604078 -0.0164265 0.0848543 -0.00607349 0.016576 0.00464591 -0.00607349 0.0110983 -0.0195163 -0.00604078 0.016576 -0.0195163 0.0925436 
0.00846819 -0.0164658 0.00466597 -0.00598768 -0.0164658 0.0850587 -0.00602173 0.0164809 0.00466597 -0.00602173 0.0110563 -0.0194869 -0.00598768 0.0164809 -0.0194869 0.092356 
0.00845454 -0.0165467 0.0046656 -0.00601585 -0.0165467 0.0852842 -0.00604566 0.0164789 0.0046656 -0.00604566 0.0110494 -0.0193912 -0.00601585 0.0164789 -0.0193912 0.0920847 
0.00840447 -0.0165466 0.00468846 -0.00603266 -0.0165466 0.0853958 -0.00605076 0.0165242 0.00468846 -0.00605076 0.0110583 -0.0193502 -0.00603266 0.0165242 -0.0193502 0.0918596 
0.00839763 -0.0164626 0.00477491 -0.00607699 -0.0164626 0.0852693 -0.00607504 0.016599 0.00477491 -0.00607504 0.0110593 -0.0193709 -0.00607699 0.016599 -0.0193709 0.0918233 
0.00837839 -0.016414 0.00481953 -0.00619422 -0.016414 0.0850762 -0.00617757 0.0168091 0.00481953 -0.00617757 0.0110823 -0.0194057 -0.00619422 0.0168091 -0.0194057 0.0919137 
0.00837492 -0.0163934 0.00487905 -0.00626973 -0.0163934 0.0849683 -0.00624543 0.0170463 0.00487905 -0.00624543 0.0110813 -0.0194283 -0.00626973 0.0170463 -0.0194283 0.0919797 
0.00835179 -0.0163738 0.00487862 -0.00634244 -0.0163738 0.0848806 -0.00631729 0.0172478 0.00487862 -0.00631729 0.011092 -0.0194503 -0.00634244 0.0172478 -0.0194503 0.0920771 
0.0083446 -0.0163381 0.00486781 -0.00634479 -0.0163381 0.084783 -0.00632132 0.0173374 0.00486781 -0.00632132 0.0110804 -0.0194731 -0.00634479 0.0173374 -0.0194731 0.0921693 
0.00837123 -0.016287 0.00486193 -0.00631233 -0.016287 0.0846171 -0.0062961 0.017289 0.00486193 -0.0062961 0.0110616 -0.0195161 -0.00631233 0.017289 -0.0195161 0.0923563 
0.00841965 -0.0163607 0.00491336 -0.00630569 -0.0163607 0.0847044 -0.00630426 0.0172826 0.00491336 -0.00630426 0.0109854 -0.0194313 -0.00630569 0.0172826 -0.0194313 0.092216 
0.00840383 -0.0164164 0.00492171 -0.00635941 -0.0164164 0.0848421 -0.00637113 0.0173668 0.00492171 -0.00637113 0.0109828 -0.0193411 -0.00635941 0.0173668 -0.0193411 0.0920118 
0.00843717 -0.0163754 0.00492553 -0.00637266 -0.0163754 0.0848148 -0.00638358 0.0174355 0.00492553 -0.00638358 0.0109589 -0.0193567 -0.00637266 0.0174355 -0.0193567 0.0919709 
0.00848658 -0.0164096 0.00493418 -0.00637865 -0.0164096 0.0848281 -0.00638829 0.0174691 0.00493418 -0.00638829 0.0109086 -0.0193285 -0.00637865 0.0174691 -0.0193285 0.0919266 
0.00851119 -0.0164865 0.00495418 -0.00638694 -0.0164865 0.0849799 -0.00640316 0.0174993 0.00495418 -0.00640316 0.0108884 -0.0192503 -0.00638694 0.0174993 -0.0192503 0.0917597 
0.00852586 -0.0164991 0.00496379 -0.00640288 -0.0164991 0.0850568 -0.00642002 0.0175227 0.00496379 -0.00642002 0.0108896 -0.0192531 -0.00640288 0.0175227 -0.0192531 0.0917253 
0.00857739 -0.0165494 0.004995 -0.00642463 -0.0165494 0.0851906 -0.00643791 0.0175794 0.004995 -0.00643791 0.0108349 -0.019215 -0.00642463 0.0175794 -0.019215 0.0916065 
0.00860195 -0.0166296 0.0050277 -0.00646557 -0.0166296 0.0853893 -0.00647996 0.0176725 0.0050277 -0.00647996 0.0108009 -0.0191245 -0.00646557 0.0176725 -0.0191245 0.0913903 
0.008601 -0.0166573 0.00506006 -0.00651013 -0.0166573 0.0855147 -0.00652122 0.0177818 0.00506006 -0.00652122 0.0107697 -0.0190842 -0.00651013 0.0177818 -0.0190842 0.091233 
0.00861795 -0.0166351 0.00507024 -0.00655283 -0.0166351 0.0855021 -0.00655898 0.0178884 0.00507024 -0.00655898 0.0107343 -0.0190663 -0.00655283 0.0178884 -0.0190663 0.091177 
0.00852358 -0.0166595 0.00502878 -0.00657495 -0.0166595 0.0855245 -0.0065807 0.0179821 0.00502878 -0.0065807 0.0107963 -0.0189988 -0.00657495 0.0179821 -0.0189988 0.0910208 
0.00846335 -0.0165269 0.00499527 -0.00653359 -0.0165269 0.0853147 -0.00652533 0.0179411 0.00499527 -0.00652533 0.0108376 -0.0190864 -0.00653359 0.0179411 -0.0190864 0.0911022 
0.00841821 -0.0164311 0.00495425 -0.00649747 -0.0164311 0.0850238 -0.00647704 0.017846 0.00495425 -0.00647704 0.0108797 -0.0191466 -0.00649747 0.017846 -0.0191466 0.0912674 
0.00844751 -0.0163556 0.0049801 -0.00644768 -0.0163556 0.084768 -0.00642357 0.0177241 0.0049801 -0.00642357 0.01086 -0.0192146 -0.00644768 0.0177241 -0.0192146 0.0914592 
0.00851135 -0.0163981 0.0050059 -0.00647321 -0.0163981 0.0847384 -0.00645855 0.0177193 0.0050059 -0.00645855 0.0108011 -0.0191816 -0.00647321 0.0177193 -0.0191816 0.0914731 
