0.00397612 0 -0.00177895 0 0 0.01 0 0 -0.00177895 0 0.00961003 0 0 0 0 0.01 
0.00581966 -0.00725885 -0.00264492 0.00326275 -0.00725885 0.0230928 0.00326275 -0.0062566 -0.00264492 0.00326275 0.0134099 -0.0165993 0.00326275 -0.0062566 -0.0165993 0.0410024 
0.00610364 -0.0119342 -0.00252317 0.00439012 -0.0119342 0.0472977 0.00439012 -0.0140431 -0.00252317 0.00439012 0.0130455 -0.0236649 0.00439012 -0.0140431 -0.0236649 0.0846361 
0.0058525 -0.0130067 -0.00225958 0.00353859 -0.0130067 0.0625987 0.00353834 -0.013287 -0.00225958 0.00353834 0.012218 -0.0219871 0.00353859 -0.013287 -0.0219871 0.0950346 
0.00574198 -0.0130703 -0.00229888 0.0030392 -0.0130703 0.0704021 0.00302632 -0.0106698 -0.00229888 0.00302632 0.0123458 -0.0211147 0.0030392 -0.0106698 -0.0211147 0.095828 
0.00571789 -0.0128823 -0.0024137 0.00307192 -0.0128823 0.0733692 0.00305803 -0.0094024 -0.0024137 0.00305803 0.012673 -0.0213487 0.00307192 -0.0094024 -0.0213487 0.0968237 
0.00572664 -0.0127103 -0.00248043 0.00326033 -0.0127103 0.074007 0.00325823 -0.00930407 -0.00248043 0.00325823 0.0128497 -0.0216832 0.00326033 -0.00930407 -0.0216832 0.0979527 
0.00572719 -0.0125949 -0.00246807 0.00336413 -0.0125949 0.0738325 0.00336558 -0.00949543 -0.00246807 0.00336558 0.0129115 -0.0218311 0.00336413 -0.00949543 -0.0218311 0.0986019 
0.0057653 -0.0125144 -0.00245311 0.00333941 -0.0125144 0.0734885 0.00333096 -0.00950879 -0.00245311 0.00333096 0.0128976 -0.0218853 0.00333941 -0.00950879 -0.0218853 0.0988717 
0.0057942 -0.0125589 -0.00243309 0.00333503 -0.0125589 0.073389 0.00332742 -0.00951086 -0.00243309 0.00332742 0.0128971 -0.0218389 0.00333503 -0.00951086 -0.0218389 0.0988324 
0.00583444 -0.0126286 -0.00246209 0.00333062 -0.0126286 0.0735106 0.00332457 -0.00953981 -0.00246209 0.00332457 0.0128811 -0.021809 0.00333062 -0.00953981 -0.021809 0.0987054 
0.00585035 -0.0126683 -0.00246608 0.00332204 -0.0126683 0.0736249 0.00332098 -0.00948674 -0.00246608 0.00332098 0.0129016 -0.0218284 0.00332204 -0.00948674 -0.0218284 0.0987357 
0.00588501 -0.0127021 -0.00245233 0.00331492 -0.0127021 0.073751 0.00331892 -0.00945215 -0.00245233 0.00331892 0.0129008 -0.021866 0.00331492 -0.00945215 -0.021866 0.0988277 
0.00592554 -0.0127796 -0.00245429 0.00331327 -0.0127796 0.0739723 0.00332152 -0.00946209 -0.00245429 0.00332152 0.0128844 -0.0218536 0.00331327 -0.00946209 -0.0218536 0.0988367 
0.00594906 -0.0128365 -0.00244678 0.00329016 -0.0128365 0.0741777 0.00330354 -0.00940066 -0.00244678 0.00330354 0.0128857 -0.0218525 0.00329016 -0.00940066 -0.0218525 0.0988592 
0.00593771 -0.0128899 -0.00244409 0.00328408 -0.0128899 0.0743814 0.00329991 -0.00937118 -0.00244409 0.00329991 0.0129174 -0.0218462 0.00328408 -0.00937118 -0.0218462 0.0988494 
0.0059121 -0.012939 -0.0024832 0.0033446 -0.012939 0.0746156 0.0033561 -0.00952846 -0.0024832 0.0033561 0.012932 -0.021824 0.0033446 -0.00952846 -0.021824 0.0987315 
0.00585891 -0.0128966 -0.0025237 0.00338754 -0.0128966 0.0746335 0.00338717 -0.00963646 -0.0025237 0.00338717 0.0129747 -0.0218609 0.00338754 -0.00963646 -0.0218609 0.0987697 
0.0058273 -0.0128105 -0.00255596 0.00343449 -0.0128105 0.0744678 0.00342232 -0.00973345 -0.00255596 0.00342232 0.0130048 -0.0219321 0.00343449 -0.00973345 -0.0219321 0.0989286 
0.00583111 -0.0127307 -0.0025806 0.00344304 -0.0127307 0.0742164 0.00342768 -0.00974269 -0.0025806 0.00342768 0.0130046 -0.0220116 0.00344304 -0.00974269 -0.0220116 0.0991818 
0.00582729 -0.0127353 -0.00261574 0.00347181 -0.0127353 0.0741193 0.00346753 -0.00980396 -0.00261574 0.00346753 0.0130151 -0.0220122 0.00347181 -0.00980396 -0.0220122 0.0992875 
0.0057874 -0.0127576 -0.00263314 0.00353681 -0.0127576 0.0741606 0.0035449 -0.00997755 -0.00263314 0.0035449 0.0130489 -0.0219957 0.00353681 -0.00997755 -0.0219957 0.0992526 
0.00577698 -0.0126617 -0.00260585 0.00350045 -0.0126617 0.0739868 0.00350451 -0.00991622 -0.00260585 0.00350451 0.0130882 -0.0220979 0.00350045 -0.00991622 -0.0220979 0.0994735 
0.00575348 -0.0126576 -0.00259064 0.00348152 -0.0126576 0.0739007 0.00348117 -0.00986484 -0.00259064 0.00348117 0.0131512 -0.0221403 0.00348152 -0.00986484 -0.0221403 0.0996336 
0.00572092 -0.0126891 -0.0025913 0.00352238 -0.0126891 0.0739935 0.00351653 -0.00997473 -0.0025913 0.00351653 0.0131816 -0.0221634 0.00352238 -0.00997473 -0.0221634 0.0996571 
0.00570078 -0.0126712 -0.00262538 0.00354786 -0.0126712 0.0740384 0.00353193 -0.0100775 -0.00262538 0.00353193 0.0131877 -0.0221888 0.00354786 -0.0100775 -0.0221888 0.0996975 
0.00569891 -0.0126201 -0.00265011 0.00356316 -0.0126201 0.0739392 0.00354307 -0.0100972 -0.00265011 0.00354307 0.0131872 -0.0222288 0.00356316 -0.0100972 -0.0222288 0.099822 
0.00569835 -0.012609 -0.00271889 0.00359122 -0.012609 0.0738642 0.00357658 -0.010156 -0.00271889 0.00357658 0.0131774 -0.0222312 0.00359122 -0.010156 -0.0222312 0.0998813 
0.00571813 -0.0126119 -0.00278879 0.00367569 -0.0126119 0.0738461 0.00367606 -0.0103339 -0.00278879 0.00367606 0.0131463 -0.0222111 0.00367569 -0.0103339 -0.0222111 0.0998586 
0.00573763 -0.0126134 -0.00280608 0.0037354 -0.0126134 0.0738197 0.00375074 -0.0104963 -0.00280608 0.00375074 0.0131204 -0.0221944 0.0037354 -0.0104963 -0.0221944 0.0998495 
0.00578855 -0.0126389 -0.00281461 0.00376005 -0.0126389 0.0738505 0.00378199 -0.0106152 -0.00281461 0.00378199 0.0130628 -0.0221569 0.00376005 -0.0106152 -0.0221569 0.0997767 
0.00580965 -0.012678 -0.00275293 0.00373544 -0.012678 0.0739026 0.00376197 -0.0105794 -0.00275293 0.00376197 0.0130511 -0.0221116 0.00373544 -0.0105794 -0.0221116 0.099706 
0.0058082 -0.0127507 -0.00268464 0.0037105 -0.0127507 0.0740921 0.00373143 -0.0105776 -0.00268464 0.00373143 0.0130516 -0.0220401 0.0037105 -0.0105776 -0.0220401 0.099486 
0.00580271 -0.0127763 -0.00262326 0.00366265 -0.0127763 0.0742426 0.00366293 -0.0105085 -0.00262326 0.00366293 0.0130369 -0.0220074 0.00366265 -0.0105085 -0.0220074 0.0993029 
0.0058329 -0.0127397 -0.00261361 0.00356422 -0.0127397 0.0742053 0.00354089 -0.0102561 -0.00261361 0.00354089 0.0130004 -0.0220209 0.00356422 -0.0102561 -0.0220209 0.0992998 
0.00589713 -0.0127738 -0.00264737 0.00355431 -0.0127738 0.0742224 0.00353083 -0.0101328 -0.00264737 0.00353083 0.0129275 -0.0219699 0.00355431 -0.0101328 -0.0219699 0.0992184 
0.00592898 -0.0128442 -0.00267505 0.00357409 -0.0128442 0.0743349 0.00357099 -0.0101301 -0.00267505 0.00357099 0.0128771 -0.0218866 0.00357409 -0.0101301 -0.0218866 0.0990573 
0.00594493 -0.0128833 -0.00271139 0.00359913 -0.0128833 0.0744564 0.00361453 -0.0101927 -0.00271139 0.00361453 0.0128399 -0.0218196 0.00359913 -0.0101927 -0.0218196 0.0988705 
0.0059827 -0.0128929 -0.00269262 0.00363784 -0.0128929 0.0745048 0.0036605 -0.0102827 -0.00269262 0.0036605 0.0127905 -0.0217729 0.00363784 -0.0102827 -0.0217729 0.0987227 
0.00598284 -0.0129178 -0.00268598 0.00360476 -0.0129178 0.0745277 0.00362614 -0.0102573 -0.00268598 0.00362614 0.0127907 -0.021723 0.00360476 -0.0102573 -0.021723 0.0986023 
0.0059695 -0.0129123 -0.00270581 0.00359067 -0.0129123 0.0745238 0.00360514 -0.0101947 -0.00270581 0.00360514 0.0128011 -0.0217239 0.00359067 -0.0101947 -0.0217239 0.0985501 
0.00592301 -0.0129041 -0.00271973 0.00362936 -0.0129041 0.0745121 0.00363987 -0.0102427 -0.00271973 0.00363987 0.012837 -0.0217253 0.00362936 -0.0102427 -0.0217253 0.0985252 
0.00593992 -0.0128652 -0.00273481 0.00368485 -0.0128652 0.0744659 0.0036866 -0.0103945 -0.00273481 0.0036866 0.0128087 -0.0217429 0.00368485 -0.0103945 -0.0217429 0.0985099 
0.00595861 -0.0128732 -0.00275193 0.00371056 -0.0128732 0.0744298 0.00370751 -0.0104979 -0.00275193 0.00370751 0.0127825 -0.0217117 0.00371056 -0.0104979 -0.0217117 0.0984693 
0.00595815 -0.0128865 -0.0027983 0.00372294 -0.0128865 0.0744281 0.00372029 -0.0105441 -0.0027983 0.00372029 0.0127786 -0.0216839 0.00372294 -0.0105441 -0.0216839 0.0984069 
0.00598756 -0.0128451 -0.00276183 0.00372996 -0.0128451 0.0743196 0.00373156 -0.0105147 -0.00276183 0.00373156 0.012757 -0.0217235 0.00372996 -0.0105147 -0.0217235 0.0984968 
0.00601709 -0.0128859 -0.00272427 0.00369185 -0.0128859 0.0743353 0.0036976 -0.0104659 -0.00272427 0.0036976 0.012736 -0.0216938 0.00369185 -0.0104659 -0.0216938 0.0984915 
0.00602709 -0.0129391 -0.00272589 0.00364741 -0.0129391 0.0744595 0.00365415 -0.0103699 -0.00272589 0.00365415 0.0127318 -0.0216549 0.00364741 -0.0103699 -0.0216549 0.0984026 
0.00598889 -0.0129169 -0.00270956 0.00359451 -0.0129169 0.0744453 0.00360095 -0.0101726 -0.00270956 0.00360095 0.0127971 -0.0216976 0.00359451 -0.0101726 -0.0216976 0.0984893 
0.00595886 -0.0129007 -0.00271801 0.00360256 -0.0129007 0.0744439 0.00360658 -0.0101411 -0.00271801 0.00360658 0.0128478 -0.0217542 0.00360256 -0.0101411 -0.0217542 0.0985877 
0.00594786 -0.0129061 -0.00269334 0.00365879 -0.0129061 0.0744994 0.00365828 -0.0102752 -0.00269334 0.00365828 0.0128512 -0.0217826 0.00365879 -0.0102752 -0.0217826 0.0986385 
0.00593838 -0.0128643 -0.00266069 0.00360013 -0.0128643 0.0744306 0.00359124 -0.0101955 -0.00266069 0.00359124 0.012868 -0.0218292 0.00360013 -0.0101955 -0.0218292 0.0987898 
0.0059525 -0.0128675 -0.00265145 0.0035745 -0.0128675 0.0744212 0.00356221 -0.0101218 -0.00265145 0.00356221 0.0128516 -0.0218317 0.0035745 -0.0101218 -0.0218317 0.0988304 
0.00594841 -0.0128455 -0.00262964 0.00350891 -0.0128455 0.0743483 0.00350145 -0.00993035 -0.00262964 0.00350145 0.0128763 -0.0218586 0.00350891 -0.00993035 -0.0218586 0.0989427 
0.00590803 -0.0128607 -0.0026001 0.0034917 -0.0128607 0.0743655 0.0034939 -0.00985378 -0.0026001 0.0034939 0.0129392 -0.0218715 0.0034917 -0.00985378 -0.0218715 0.0989792 
0.00588035 -0.0128516 -0.00263457 0.00349549 -0.0128516 0.074413 0.00349382 -0.00988199 -0.00263457 0.00349382 0.0129744 -0.0219126 0.00349549 -0.00988199 -0.0219126 0.099009 
0.00587147 -0.0128228 -0.00265155 0.00354105 -0.0128228 0.0743877 0.00353591 -0.00995974 -0.00265155 0.00353591 0.012988 -0.0219617 0.00354105 -0.00995974 -0.0219617 0.0991161 
0.00589408 -0.0128259 -0.00263376 0.00358564 -0.0128259 0.0743945 0.00358209 -0.0101025 -0.00263376 0.00358209 0.012963 -0.0219654 0.00358564 -0.0101025 -0.0219654 0.0991505 
0.00588698 -0.0128647 -0.002602 0.00357825 -0.0128647 0.0744718 0.00357506 -0.0101692 -0.002602 0.00357506 0.0129489 -0.021921 0.00357825 -0.0101692 -0.021921 0.0990746 
0.00592514 -0.012832 -0.002536 0.00350793 -0.012832 0.0744368 0.00349846 -0.0100278 -0.002536 0.00349846 0.0129019 -0.0219284 0.00350793 -0.0100278 -0.0219284 0.099077 
0.00595063 -0.0128929 -0.00251578 0.00345135 -0.0128929 0.0745156 0.00344048 -0.00990231 -0.00251578 0.00344048 0.0128682 -0.0218404 0.00345135 -0.00990231 -0.0218404 0.098911 
0.00596919 -0.0129083 -0.00249589 0.00339777 -0.0129083 0.0745672 0.00339027 -0.00973272 -0.00249589 0.00339027 0.0128536 -0.0218108 0.00339777 -0.00973272 -0.0218108 0.0987963 
0.00598996 -0.012946 -0.00254266 0.00338909 -0.012946 0.0746555 0.00338457 -0.00968101 -0.00254266 0.00338457 0.0128255 -0.0217707 0.00338909 -0.00968101 -0.0217707 0.0986647 
0.00597351 -0.0129514 -0.00257025 0.00341617 -0.0129514 0.0746794 0.00341996 -0.00967755 -0.00257025 0.00341996 0.012836 -0.0217622 0.00341617 -0.00967755 -0.0217622 0.0986316 
0.00594485 -0.0129456 -0.00259661 0.00347221 -0.0129456 0.0746932 0.0034832 -0.00981296 -0.00259661 0.0034832 0.0128477 -0.021755 0.00347221 -0.00981296 -0.021755 0.0985833 
0.00592801 -0.0128979 -0.00258045 0.00350669 -0.0128979 0.0746072 0.00351369 -0.00992173 -0.00258045 0.00351369 0.0128493 -0.0217759 0.00350669 -0.00992173 -0.0217759 0.0986088 
0.00594294 -0.0128538 -0.00254001 0.00348177 -0.0128538 0.0744656 0.00347934 -0.0099058 -0.00254001 0.00347934 0.0128243 -0.0217927 0.00348177 -0.0099058 -0.0217927 0.0986679 
0.00592635 -0.0128759 -0.0025724 0.00344745 -0.0128759 0.0744394 0.00344003 -0.00984763 -0.0025724 0.00344003 0.0128294 -0.021746 0.00344745 -0.00984763 -0.021746 0.098599 
0.00592746 -0.0128432 -0.00260956 0.00346832 -0.0128432 0.074374 0.00346247 -0.00982844 -0.00260956 0.00346247 0.0128307 -0.0217583 0.00346832 -0.00982844 -0.0217583 0.098586 
0.00596044 -0.0128254 -0.00261111 0.00350055 -0.0128254 0.0742872 0.00350311 -0.00987868 -0.00261111 0.00350311 0.0128162 -0.0217757 0.00350055 -0.00987868 -0.0217757 0.0986357 
0.00597348 -0.0128947 -0.0026578 0.00353372 -0.0128947 0.07439 0.00354414 -0.0100088 -0.0026578 0.00354414 0.0128093 -0.021729 0.00353372 -0.0100088 -0.021729 0.0985477 
0.00600474 -0.0129155 -0.00264069 0.00357749 -0.0129155 0.0744873 0.0035919 -0.0101129 -0.00264069 0.0035919 0.0127838 -0.0217282 0.00357749 -0.0101129 -0.0217282 0.0985102 
0.0060222 -0.012943 -0.00260305 0.00354231 -0.012943 0.0745557 0.00355347 -0.0100816 -0.00260305 0.00355347 0.0127665 -0.0217168 0.00354231 -0.0100816 -0.0217168 0.0985134 
0.00601732 -0.0129948 -0.00262147 0.00352057 -0.0129948 0.0747036 0.00352653 -0.010045 -0.00262147 0.00352653 0.0127415 -0.0216654 0.00352057 -0.010045 -0.0216654 0.0983929 
0.00601023 -0.0130113 -0.00266781 0.00356794 -0.0130113 0.0748188 0.00357245 -0.0101266 -0.00266781 0.00357245 0.0127096 -0.0216023 0.00356794 -0.0101266 -0.0216023 0.0982023 
0.00602446 -0.012955 -0.00266905 0.00359459 -0.012955 0.074714 0.00359886 -0.0101722 -0.00266905 0.00359886 0.0126754 -0.021593 0.00359459 -0.0101722 -0.021593 0.0981495 
0.00606404 -0.0129627 -0.00267798 0.00361549 -0.0129627 0.0746505 0.00362122 -0.0102544 -0.00267798 0.00362122 0.01262 -0.0215345 0.00361549 -0.0102544 -0.0215345 0.0980189 
0.0060904 -0.0129811 -0.00265095 0.0035988 -0.0129811 0.0746186 0.00360983 -0.010234 -0.00265095 0.00360983 0.0125842 -0.0214846 0.0035988 -0.010234 -0.0214846 0.097904 
0.00608954 -0.0130016 -0.00259214 0.00355493 -0.0130016 0.0746262 0.00356598 -0.0101415 -0.00259214 0.00356598 0.0125827 -0.0214442 0.00355493 -0.0101415 -0.0214442 0.0977933 
0.00611276 -0.0129861 -0.00252662 0.00346708 -0.0129861 0.0745881 0.00346866 -0.00993066 -0.00252662 0.00346866 0.0125787 -0.0214553 0.00346708 -0.00993066 -0.0214553 0.0977797 
0.00609994 -0.0130151 -0.00251093 0.00338299 -0.0130151 0.07461 0.00337677 -0.00969086 -0.00251093 0.00337677 0.012606 -0.0214519 0.00338299 -0.00969086 -0.0214519 0.0977787 
0.00607514 -0.0130038 -0.00249379 0.00334878 -0.0130038 0.0746184 0.00334078 -0.00951706 -0.00249379 0.00334078 0.0126576 -0.021495 0.00334878 -0.00951706 -0.021495 0.0978552 
0.00605475 -0.0129892 -0.00247639 0.003338 -0.0129892 0.0746149 0.00333001 -0.00945193 -0.00247639 0.00333001 0.0126977 -0.0215571 0.003338 -0.00945193 -0.0215571 0.0979868 
0.00604537 -0.0130011 -0.00251443 0.00335361 -0.0130011 0.0746801 0.00334301 -0.00949822 -0.00251443 0.00334301 0.0127033 -0.0215795 0.00335361 -0.00949822 -0.0215795 0.0980482 
0.00604528 -0.0129759 -0.00255 0.00337459 -0.0129759 0.0746586 0.00336829 -0.00952334 -0.00255 0.00336829 0.0127137 -0.0216136 0.00337459 -0.00952334 -0.0216136 0.0981609 
0.0060295 -0.0129819 -0.00256474 0.00342431 -0.0129819 0.0746641 0.00342833 -0.00963742 -0.00256474 0.00342833 0.0127359 -0.0216208 0.00342431 -0.00963742 -0.0216208 0.0982081 
0.00599974 -0.0129603 -0.0025587 0.0034372 -0.0129603 0.0746385 0.00344542 -0.00970978 -0.0025587 0.00344542 0.0127785 -0.0216559 0.0034372 -0.00970978 -0.0216559 0.0982865 
0.00595998 -0.0129552 -0.00258985 0.00346654 -0.0129552 0.0746511 0.00346843 -0.00981821 -0.00258985 0.00346843 0.0128204 -0.0216773 0.00346654 -0.00981821 -0.0216773 0.0983144 
0.00595103 -0.0128807 -0.00258758 0.00347877 -0.0128807 0.074514 0.00347118 -0.00983066 -0.00258758 0.00347118 0.0128357 -0.0217642 0.00347877 -0.00983066 -0.0217642 0.0985089 
0.00597592 -0.0128791 -0.0025636 0.00349473 -0.0128791 0.0744555 0.00348641 -0.00988441 -0.0025636 0.00348641 0.0128166 -0.0217749 0.00349473 -0.00988441 -0.0217749 0.098604 
0.00603398 -0.0129302 -0.00255251 0.00348306 -0.0129302 0.0745431 0.00347778 -0.00991403 -0.00255251 0.00347778 0.0127594 -0.0217301 0.00348306 -0.00991403 -0.0217301 0.0985392 
0.00605812 -0.0130205 -0.00258966 0.00347364 -0.0130205 0.0747489 0.00347483 -0.00991881 -0.00258966 0.00347483 0.0127288 -0.0216412 0.00347364 -0.00991881 -0.0216412 0.0983434 
0.00608242 -0.0130419 -0.00261155 0.00349253 -0.0130419 0.0748686 0.0035002 -0.00992176 -0.00261155 0.0035002 0.0127012 -0.0216148 0.00349253 -0.00992176 -0.0216148 0.098228 
0.0060931 -0.0130338 -0.00260236 0.00347761 -0.0130338 0.0748563 0.00349106 -0.00986285 -0.00260236 0.00349106 0.0126962 -0.0216242 0.00347761 -0.00986285 -0.0216242 0.0982567 
0.00604157 -0.0130658 -0.00258378 0.0034848 -0.0130658 0.0749192 0.00350237 -0.0098806 -0.00258378 0.00350237 0.0127449 -0.0215965 0.0034848 -0.0098806 -0.0215965 0.0982015 
0.00600384 -0.0130076 -0.00254046 0.00347027 -0.0130076 0.074867 0.00347555 -0.00985741 -0.00254046 0.00347555 0.0127815 -0.0216542 0.00347027 -0.00985741 -0.0216542 0.0982596 
0.00595926 -0.0129637 -0.00252071 0.00344189 -0.0129637 0.0747622 0.00342718 -0.00980136 -0.00252071 0.00342718 0.0128206 -0.0216924 0.00344189 -0.00980136 -0.0216924 0.0983495 
0.00590025 -0.0128666 -0.00248909 0.00337749 -0.0128666 0.0745203 0.00334956 -0.00960451 -0.00248909 0.00334956 0.0128822 -0.0217865 0.00337749 -0.00960451 -0.0217865 0.0985928 
0.00586571 -0.012808 -0.00250071 0.00336515 -0.012808 0.074338 0.00333356 -0.00953405 -0.00250071 0.00333356 0.0129223 -0.0218422 0.00336515 -0.00953405 -0.0218422 0.0987565 
0.0058503 -0.0127607 -0.00251787 0.00337821 -0.0127607 0.0741846 0.0033514 -0.00953566 -0.00251787 0.0033514 0.0129425 -0.0218958 0.00337821 -0.00953566 -0.0218958 0.0989115 
0.00584274 -0.0127418 -0.00253722 0.00339928 -0.0127418 0.0740947 0.00338265 -0.00959113 -0.00253722 0.00338265 0.0129462 -0.021923 0.00339928 -0.00959113 -0.021923 0.0990186 
0.00583561 -0.01273 -0.00254673 0.00341479 -0.01273 0.0740447 0.00341001 -0.00964708 -0.00254673 0.00341001 0.0129457 -0.0219327 0.00341479 -0.00964708 -0.0219327 0.0990784 
0.00587736 -0.0127073 -0.00248443 0.00340489 -0.0127073 0.0739759 0.0034081 -0.00964046 -0.00248443 0.0034081 0.012915 -0.0219479 0.00340489 -0.00964046 -0.0219479 0.0991419 
0.00590979 -0.0127966 -0.00248618 0.00337531 -0.0127966 0.0741217 0.00338235 -0.00965611 -0.00248618 0.00338235 0.0128851 -0.0218616 0.00337531 -0.00965611 -0.0218616 0.0989705 
0.00592187 -0.012856 -0.00252454 0.00337945 -0.012856 0.0743136 0.00338725 -0.00966094 -0.00252454 0.00338725 0.0128791 -0.0218058 0.00337945 -0.00966094 -0.0218058 0.098776 
0.00590954 -0.0128689 -0.00254629 0.00341786 -0.0128689 0.0744087 0.00342619 -0.00971512 -0.00254629 0.00342619 0.0129076 -0.0218043 0.00341786 -0.00971512 -0.0218043 0.0987028 
0.00593699 -0.0128628 -0.0025863 0.00346111 -0.0128628 0.074441 0.00346413 -0.00982735 -0.0025863 0.00346413 0.0128723 -0.0218344 0.00346111 -0.00982735 -0.0218344 0.0987213 
0.00589978 -0.0128814 -0.00263637 0.00349168 -0.0128814 0.074464 0.00349712 -0.00989911 -0.00263637 0.00349712 0.0128887 -0.021816 0.00349168 -0.00989911 -0.021816 0.0987469 
0.0058617 -0.0128206 -0.00266648 0.00353341 -0.0128206 0.0743738 0.00354261 -0.00997134 -0.00266648 0.00354261 0.0129192 -0.0218522 0.00353341 -0.00997134 -0.0218522 0.0988231 
0.00581448 -0.0127684 -0.00266871 0.00358701 -0.0127684 0.0742356 0.00359525 -0.0101083 -0.00266871 0.00359525 0.0129613 -0.0218812 0.00358701 -0.0101083 -0.0218812 0.0988954 
0.00579388 -0.0126893 -0.00264791 0.00358434 -0.0126893 0.0740248 0.00358324 -0.0101408 -0.00264791 0.00358324 0.0129898 -0.0219506 0.00358434 -0.0101408 -0.0219506 0.0990556 
0.00582075 -0.0126698 -0.00262337 0.0035786 -0.0126698 0.0739054 0.00356861 -0.0101507 -0.00262337 0.00356861 0.0129797 -0.0219744 0.0035786 -0.0101507 -0.0219744 0.0991493 
0.00587874 -0.0126789 -0.00257152 0.00350973 -0.0126789 0.0738505 0.00349814 -0.00999252 -0.00257152 0.00349814 0.0129561 -0.0219992 0.00350973 -0.00999252 -0.0219992 0.099268 
0.00591154 -0.012784 -0.00259362 0.00345549 -0.012784 0.07404 0.00345147 -0.00986022 -0.00259362 0.00345147 0.0129488 -0.0219493 0.00345549 -0.00986022 -0.0219493 0.0992102 
0.00596579 -0.0128998 -0.0026737 0.00353133 -0.0128998 0.0744066 0.00353965 -0.0100011 -0.0026737 0.00353965 0.0128804 -0.0218744 0.00353133 -0.0100011 -0.0218744 0.0989752 
0.00598768 -0.0129705 -0.00272822 0.00361708 -0.0129705 0.0746778 0.00363951 -0.010209 -0.00272822 0.00363951 0.0128341 -0.0217987 0.00361708 -0.010209 -0.0217987 0.0987765 
0.00596058 -0.0129971 -0.00275282 0.00369017 -0.0129971 0.0748287 0.00371865 -0.0104283 -0.00275282 0.00371865 0.0128323 -0.0217333 0.00369017 -0.0104283 -0.0217333 0.0985807 
0.00593852 -0.0129566 -0.00275377 0.0037377 -0.0129566 0.0748081 0.00375514 -0.0105961 -0.00275377 0.00375514 0.0128169 -0.0217192 0.0037377 -0.0105961 -0.0217192 0.0984638 
0.00593594 -0.0128935 -0.00276477 0.00373611 -0.0128935 0.0746385 0.00373591 -0.0106255 -0.00276477 0.00373591 0.0127926 -0.021717 0.00373611 -0.0106255 -0.021717 0.0984459 
0.00595028 -0.0128686 -0.00273856 0.00375384 -0.0128686 0.0744908 0.00374639 -0.0106505 -0.00273856 0.00374639 0.0127423 -0.0216846 0.00375384 -0.0106505 -0.0216846 0.0983869 
0.00599174 -0.0128624 -0.00272577 0.00371573 -0.0128624 0.074391 0.00370621 -0.0105945 -0.00272577 0.00370621 0.0126886 -0.0216267 0.00371573 -0.0105945 -0.0216267 0.0982758 
0.00604228 -0.0128851 -0.00271566 0.00367407 -0.0128851 0.0743486 0.00366852 -0.0104723 -0.00271566 0.00366852 0.0126362 -0.0215724 0.00367407 -0.0104723 -0.0215724 0.0981521 
0.00610681 -0.0129414 -0.00270014 0.00364688 -0.0129414 0.074412 0.00365106 -0.010377 -0.00270014 0.00365106 0.0125667 -0.0215086 0.00364688 -0.010377 -0.0215086 0.0980004 
0.00611371 -0.0130019 -0.00265992 0.00359327 -0.0130019 0.0745189 0.00360811 -0.0102303 -0.00265992 0.00360811 0.0125592 -0.0214449 0.00359327 -0.0102303 -0.0214449 0.0978653 
0.00612329 -0.0130092 -0.00259623 0.00353259 -0.0130092 0.0745821 0.00354778 -0.0100606 -0.00259623 0.00354778 0.0125573 -0.0214369 0.00353259 -0.0100606 -0.0214369 0.0977943 
0.00612944 -0.0130339 -0.00257476 0.00346869 -0.0130339 0.0746511 0.00347557 -0.00989892 -0.00257476 0.00347557 0.0125598 -0.0214217 0.00346869 -0.00989892 -0.0214217 0.097733 
0.00614692 -0.0130267 -0.00252325 0.00341692 -0.0130267 0.0746522 0.00341844 -0.00970789 -0.00252325 0.00341844 0.0125707 -0.021448 0.00341692 -0.00970789 -0.021448 0.0977783 
0.00613918 -0.0130952 -0.00255982 0.00339932 -0.0130952 0.0748116 0.00340037 -0.00966623 -0.00255982 0.00340037 0.0125917 -0.0214167 0.00339932 -0.00966623 -0.0214167 0.0976959 
0.00609735 -0.0131146 -0.0026224 0.00345858 -0.0131146 0.0749567 0.00345972 -0.0097586 -0.0026224 0.00345972 0.0126429 -0.0214256 0.00345858 -0.0097586 -0.0214256 0.0976484 
0.00609502 -0.0130999 -0.00272004 0.00358169 -0.0130999 0.0750306 0.00357991 -0.0100532 -0.00272004 0.00357991 0.0126355 -0.0214571 0.00358169 -0.0100532 -0.0214571 0.0976441 
0.00607599 -0.013044 -0.00275345 0.00365605 -0.013044 0.0749019 0.00365547 -0.0102397 -0.00275345 0.00365547 0.0126504 -0.021513 0.00365605 -0.0102397 -0.021513 0.0978276 
0.00605935 -0.0130314 -0.00280077 0.00371946 -0.0130314 0.0748397 0.00372284 -0.0104497 -0.00280077 0.00372284 0.0126531 -0.0215148 0.00371946 -0.0104497 -0.0215148 0.0978834 
0.00605787 -0.0129764 -0.00280598 0.00374419 -0.0129764 0.0746936 0.00374855 -0.0105262 -0.00280598 0.00374855 0.01265 -0.0215521 0.00374419 -0.0105262 -0.0215521 0.0980022 
0.00606025 -0.0129933 -0.00281626 0.00378059 -0.0129933 0.074673 0.0037869 -0.0106516 -0.00281626 0.0037869 0.0126431 -0.0215192 0.00378059 -0.0106516 -0.0215192 0.0979629 
0.00609376 -0.0129869 -0.00281028 0.00378612 -0.0129869 0.0746517 0.00378958 -0.0106945 -0.00281028 0.00378958 0.0126084 -0.0215152 0.00378612 -0.0106945 -0.0215152 0.0979398 
0.00609747 -0.0130016 -0.00278482 0.00374957 -0.0130016 0.0746299 0.00375301 -0.0106147 -0.00278482 0.00375301 0.0126165 -0.0215003 0.00374957 -0.0106147 -0.0215003 0.097947 
0.00611448 -0.0130419 -0.00279258 0.00374726 -0.0130419 0.0747301 0.00374956 -0.0106077 -0.00279258 0.00374956 0.0126011 -0.021473 0.00374726 -0.0106077 -0.021473 0.0978542 
0.00610899 -0.013044 -0.0028153 0.00372929 -0.013044 0.0747572 0.00373003 -0.0105394 -0.0028153 0.00373003 0.0126152 -0.021482 0.00372929 -0.0105394 -0.021482 0.0978684 
0.0061111 -0.0130192 -0.00281946 0.00373222 -0.0130192 0.0747087 0.00373522 -0.0104875 -0.00281946 0.00373522 0.0126233 -0.0215256 0.00373222 -0.0104875 -0.0215256 0.097978 
0.00614653 -0.0130826 -0.00283777 0.00379948 -0.0130826 0.0748545 0.00380833 -0.0106657 -0.00283777 0.00380833 0.0125679 -0.0214744 0.00379948 -0.0106657 -0.0214744 0.0978698 
0.00620898 -0.0131201 -0.00283041 0.00381286 -0.0131201 0.074976 0.00382522 -0.0107552 -0.00283041 0.00382522 0.0124865 -0.0214126 0.00381286 -0.0107552 -0.0214126 0.0977359 
0.00623588 -0.0131745 -0.0028268 0.00378212 -0.0131745 0.0750827 0.00379904 -0.0107159 -0.0028268 0.00379904 0.0124524 -0.021326 0.00378212 -0.0107159 -0.021326 0.0975575 
0.00627189 -0.0132026 -0.00281395 0.00376754 -0.0132026 0.0751675 0.00378632 -0.0106621 -0.00281395 0.00378632 0.0124256 -0.0212785 0.00376754 -0.0106621 -0.0212785 0.0973918 
0.00625525 -0.0132617 -0.00283532 0.00376858 -0.0132617 0.0753013 0.00378643 -0.010664 -0.00283532 0.00378643 0.0124435 -0.0212238 0.00376858 -0.010664 -0.0212238 0.0972173 
0.00621429 -0.0132656 -0.00288142 0.00381669 -0.0132656 0.0753952 0.00382773 -0.010757 -0.00288142 0.00382773 0.0124833 -0.0212242 0.00381669 -0.010757 -0.0212242 0.0971162 
0.00618092 -0.0132179 -0.00290088 0.00389291 -0.0132179 0.0753521 0.00388969 -0.0109226 -0.00290088 0.00388969 0.0125055 -0.0212714 0.00389291 -0.0109226 -0.0212714 0.0971585 
0.00616252 -0.0131288 -0.0028886 0.00389142 -0.0131288 0.0751265 0.00387457 -0.0109403 -0.0028886 0.00387457 0.0125177 -0.0213503 0.00389142 -0.0109403 -0.0213503 0.0973798 
0.00618194 -0.0131109 -0.00289765 0.00389447 -0.0131109 0.0750044 0.00387275 -0.01096 -0.00289765 0.00387275 0.0125 -0.0213523 0.00389447 -0.01096 -0.0213523 0.0974623 
0.00620161 -0.0130987 -0.00288141 0.0038652 -0.0130987 0.0748986 0.0038484 -0.0108739 -0.00288141 0.0038484 0.0124801 -0.0213669 0.0038652 -0.0108739 -0.0213669 0.0975551 
0.00626396 -0.013121 -0.00287084 0.00383202 -0.013121 0.0748938 0.00382641 -0.0107856 -0.00287084 0.00382641 0.0124186 -0.021347 0.00383202 -0.0107856 -0.021347 0.0975633 
