0.00930019 0 -0.00358846 0 0 0.00999553 0 0 -0.00358846 0 0.00574898 0 0 0 0 0.00999553 
0.0128136 -0.0158584 -0.00512081 0.00627415 -0.0158584 0.0396056 0.00627415 -0.0120524 -0.00512081 0.00627415 0.00843089 -0.0105184 0.00627415 -0.0120524 -0.0105184 0.0293409 
0.0124972 -0.0229605 -0.00467911 0.00770054 -0.0229605 0.0824604 0.00770054 -0.0245006 -0.00467911 0.00770054 0.00877038 -0.0171293 0.00770054 -0.0245006 -0.0171293 0.064226 
0.0118065 -0.0216545 -0.00411724 0.00577527 -0.0216545 0.094296 0.00576414 -0.0204193 -0.00411724 0.00576414 0.00825674 -0.0176262 0.00577527 -0.0204193 -0.0176262 0.0814212 
0.0118636 -0.0207456 -0.00421167 0.00508736 -0.0207456 0.0952004 0.00506651 -0.0159606 -0.00421167 0.00506651 0.00814186 -0.0168362 0.00508736 -0.0159606 -0.0168362 0.085599 
0.0121739 -0.0207626 -0.00434427 0.00531299 -0.0207626 0.0955838 0.00528303 -0.0147705 -0.00434427 0.00528303 0.00815923 -0.0165182 0.00531299 -0.0147705 -0.0165182 0.0859466 
0.0123481 -0.0210541 -0.00438221 0.00553132 -0.0210541 0.0963501 0.00553132 -0.0149287 -0.00438221 0.00553132 0.00821907 -0.0164674 0.00553132 -0.0149287 -0.0164674 0.0858328 
0.0123331 -0.0211782 -0.00444183 0.00558842 -0.0211782 0.0968435 0.00559806 -0.0151369 -0.00444183 0.00559806 0.00828628 -0.0165051 0.00558842 -0.0151369 -0.0165051 0.0858208 
0.0122758 -0.0211194 -0.00449348 0.00565987 -0.0211194 0.0968871 0.00566943 -0.0152778 -0.00449348 0.00566943 0.00833684 -0.0165781 0.00565987 -0.0152778 -0.0165781 0.0859306 
0.0122673 -0.0210701 -0.00450964 0.00571472 -0.0210701 0.0967924 0.00571472 -0.0154024 -0.00450964 0.00571472 0.00838849 -0.0166169 0.00571472 -0.0154024 -0.0166169 0.086022 
0.0122293 -0.0210812 -0.00454655 0.00573422 -0.0210812 0.0968044 0.00572494 -0.0154676 -0.00454655 0.00572494 0.00848999 -0.0166645 0.00573422 -0.0154676 -0.0166645 0.0861247 
0.0121907 -0.0210508 -0.00457384 0.00577064 -0.0210508 0.0967371 0.00577064 -0.0155677 -0.00457384 0.00577064 0.00855391 -0.0168109 0.00577064 -0.0155677 -0.0168109 0.0863926 
0.0121294 -0.0209864 -0.0046336 0.00580832 -0.0209864 0.0965971 0.00580832 -0.0156629 -0.0046336 0.00580832 0.00859594 -0.0169029 0.00580832 -0.0156629 -0.0169029 0.0866959 
0.0120783 -0.0209351 -0.00466977 0.00585811 -0.0209351 0.0965334 0.00585811 -0.0157454 -0.00466977 0.00585811 0.00867111 -0.016943 0.00585811 -0.0157454 -0.016943 0.0868782 
0.0120009 -0.0208285 -0.00473672 0.00593494 -0.0208285 0.0962696 0.00592558 -0.0159232 -0.00473672 0.00592558 0.00867774 -0.0170466 0.00593494 -0.0159232 -0.0170466 0.087077 
0.0119388 -0.0207713 -0.00480922 0.00599749 -0.0207713 0.0961096 0.00599749 -0.0160838 -0.00480922 0.00599749 0.00872022 -0.0170381 0.00599749 -0.0160838 -0.0170381 0.0871648 
0.0118729 -0.0207075 -0.00486136 0.00609539 -0.0207075 0.0959557 0.0060767 -0.0162855 -0.00486136 0.0060767 0.00877849 -0.0170708 0.00609539 -0.0162855 -0.0170708 0.0872053 
0.0118921 -0.0206123 -0.00484665 0.00617527 -0.0206123 0.095726 0.00615655 -0.0165142 -0.00484665 0.00615655 0.00872958 -0.017141 0.00617527 -0.0165142 -0.017141 0.0873239 
0.0119244 -0.0206224 -0.00483958 0.00616032 -0.0206224 0.0956312 0.00616032 -0.0166036 -0.00483958 0.00616032 0.00865086 -0.0170847 0.00616032 -0.0166036 -0.0170847 0.0873011 
0.0119476 -0.0206822 -0.004796 0.00612456 -0.0206822 0.0957599 0.00612456 -0.0165552 -0.004796 0.00612456 0.00861208 -0.0169698 0.00612456 -0.0165552 -0.0169698 0.0870725 
0.0119433 -0.0207367 -0.00478106 0.00606538 -0.0207367 0.0959399 0.00606538 -0.016415 -0.00478106 0.00606538 0.0086434 -0.0169024 0.00606538 -0.016415 -0.0169024 0.0868465 
0.0118351 -0.0207067 -0.00483907 0.00604884 -0.0207067 0.0959281 0.00604884 -0.0163366 -0.00483907 0.00604884 0.00877785 -0.0169555 0.00604884 -0.0163366 -0.0169555 0.0868595 
0.0118237 -0.0205577 -0.00483654 0.00612316 -0.0205577 0.0956884 0.00610438 -0.0164067 -0.00483654 0.00610438 0.00878091 -0.0171204 0.00612316 -0.0164067 -0.0171204 0.0871611 
0.0119 -0.0205202 -0.00481106 0.00614378 -0.0205202 0.095446 0.00612488 -0.0165221 -0.00481106 0.00612488 0.00866746 -0.0171459 0.00614378 -0.0165221 -0.0171459 0.0873646 
0.0119343 -0.020625 -0.00478898 0.00610547 -0.020625 0.0955411 0.00610547 -0.0164943 -0.00478898 0.00610547 0.00856674 -0.0169904 0.00610547 -0.0164943 -0.0169904 0.0871842 
0.0120037 -0.0206773 -0.00474232 0.00606864 -0.0206773 0.0956861 0.00607819 -0.0164407 -0.00474232 0.00607819 0.0084732 -0.0168605 0.00606864 -0.0164407 -0.0168605 0.0868408 
0.0120073 -0.0207683 -0.00474595 0.00600837 -0.0207683 0.0958967 0.00602736 -0.0163261 -0.00474595 0.00602736 0.00847627 -0.0167247 0.00600837 -0.0163261 -0.0167247 0.0864617 
0.0119398 -0.0207665 -0.00478351 0.00600786 -0.0207665 0.0959834 0.00602684 -0.0162772 -0.00478351 0.00602684 0.00854198 -0.0167233 0.00600786 -0.0162772 -0.0167233 0.0863025 
0.0119358 -0.020695 -0.00478382 0.00606775 -0.020695 0.0959047 0.00607726 -0.0163392 -0.00478382 0.00607726 0.00854051 -0.0168052 0.00606775 -0.0163392 -0.0168052 0.0863942 
0.0118947 -0.0206902 -0.00480528 0.00608479 -0.0206902 0.0958402 0.00607531 -0.0164062 -0.00480528 0.00607531 0.00859642 -0.0168137 0.00608479 -0.0164062 -0.0168137 0.086476 
0.0118984 -0.0206201 -0.00481263 0.00611566 -0.0206201 0.0956724 0.00609663 -0.0164733 -0.00481263 0.00609663 0.00856953 -0.0168918 0.00611566 -0.0164733 -0.0168918 0.0866178 
0.0119033 -0.0206399 -0.00482541 0.00610716 -0.0206399 0.0956788 0.00610716 -0.0164837 -0.00482541 0.00610716 0.00861411 -0.0168512 0.00610716 -0.0164837 -0.0168512 0.0866217 
0.011891 -0.0206464 -0.00481686 0.0061297 -0.0206464 0.0957234 0.00612025 -0.0165001 -0.00481686 0.00612025 0.00862313 -0.0168968 0.0061297 -0.0165001 -0.0168968 0.0866658 
0.0119212 -0.0206766 -0.00479103 0.00609682 -0.0206766 0.0958017 0.00610621 -0.016468 -0.00479103 0.00610621 0.00864264 -0.0169095 0.00609682 -0.016468 -0.0169095 0.0867176 
0.0119292 -0.0206798 -0.00479628 0.00607339 -0.0206798 0.095812 0.00607339 -0.0164133 -0.00479628 0.00607339 0.00861816 -0.0169525 0.00607339 -0.0164133 -0.0169525 0.0868154 
0.0118703 -0.0206825 -0.00483957 0.00608757 -0.0206825 0.0958006 0.00608757 -0.016405 -0.00483957 0.00608757 0.00865026 -0.0169385 0.00608757 -0.016405 -0.0169385 0.0868455 
0.0118145 -0.020604 -0.00487039 0.00613555 -0.020604 0.0956956 0.00613555 -0.0164946 -0.00487039 0.00613555 0.00869441 -0.0169608 0.00613555 -0.0164946 -0.0169608 0.0868775 
0.0117173 -0.0205315 -0.00492109 0.00617754 -0.0205315 0.0955187 0.00616802 -0.0166004 -0.00492109 0.00616802 0.0087761 -0.0170097 0.00617754 -0.0166004 -0.0170097 0.0869615 
0.0117161 -0.0204299 -0.00489979 0.00624038 -0.0204299 0.0953051 0.00621206 -0.0167197 -0.00489979 0.00621206 0.00882717 -0.0170973 0.00624038 -0.0167197 -0.0170973 0.0871388 
0.0117475 -0.0204124 -0.00488694 0.00623085 -0.0204124 0.0951638 0.00620266 -0.0167472 -0.00488694 0.00620266 0.00882469 -0.0171701 0.00623085 -0.0167472 -0.0171701 0.0873353 
0.0116767 -0.0204507 -0.00493185 0.00619064 -0.0204507 0.0951612 0.00619064 -0.0167213 -0.00493185 0.00619064 0.00890551 -0.017191 0.00619064 -0.0167213 -0.017191 0.0874487 
0.0116535 -0.0203678 -0.00498361 0.00625542 -0.0203678 0.0950465 0.006246 -0.016769 -0.00498361 0.006246 0.00891209 -0.0172872 0.00625542 -0.016769 -0.0172872 0.0876418 
0.0116987 -0.0203134 -0.00496887 0.00631104 -0.0203134 0.0948369 0.00630152 -0.0169341 -0.00496887 0.00630152 0.008805 -0.0173054 0.00631104 -0.0169341 -0.0173054 0.0877834 
0.0116973 -0.0203531 -0.0050022 0.00631253 -0.0203531 0.0948505 0.00632209 -0.0170151 -0.0050022 0.00632209 0.00874189 -0.0171682 0.00631253 -0.0170151 -0.0171682 0.0875815 
0.0116623 -0.0203634 -0.00504759 0.00633593 -0.0203634 0.0949043 0.00636477 -0.0171041 -0.00504759 0.00636477 0.0087107 -0.0170561 0.00633593 -0.0171041 -0.0170561 0.0872608 
0.0116632 -0.0203484 -0.0050847 0.00640614 -0.0203484 0.0949143 0.0064253 -0.0172363 -0.0050847 0.0064253 0.00870431 -0.0169873 0.00640614 -0.0172363 -0.0169873 0.0870144 
0.0116396 -0.0203597 -0.00510423 0.00644946 -0.0203597 0.0949482 0.006459 -0.0173544 -0.00510423 0.006459 0.00872967 -0.0169632 0.00644946 -0.0173544 -0.0169632 0.0868483 
0.0116875 -0.0203418 -0.00509019 0.0064836 -0.0203418 0.0949506 0.0064836 -0.0174507 -0.00509019 0.0064836 0.00873011 -0.0170052 0.0064836 -0.0174507 -0.0170052 0.0868461 
0.0117167 -0.0203954 -0.00503497 0.0064546 -0.0203954 0.0950303 0.00646407 -0.017452 -0.00503497 0.00646407 0.00870709 -0.0169978 0.0064546 -0.017452 -0.0169978 0.0868816 
0.0116887 -0.0204268 -0.00501893 0.00639463 -0.0204268 0.0951035 0.00640411 -0.0173623 -0.00501893 0.00640411 0.00873806 -0.0170017 0.00639463 -0.0173623 -0.0170017 0.0868777 
0.011684 -0.020385 -0.00501287 0.00636615 -0.020385 0.0951015 0.00636615 -0.0172305 -0.00501287 0.00636615 0.00872963 -0.0170304 0.00636615 -0.0172305 -0.0170304 0.0869437 
0.0116763 -0.0203638 -0.00498765 0.00635229 -0.0203638 0.0950248 0.00635229 -0.0171733 -0.00498765 0.00635229 0.00868755 -0.0170291 0.00635229 -0.0171733 -0.0170291 0.0869812 
0.0116843 -0.02038 -0.00495522 0.00632417 -0.02038 0.0950361 0.00631453 -0.017083 -0.00495522 0.00631453 0.00865717 -0.0169576 0.00632417 -0.017083 -0.0169576 0.0868899 
0.011725 -0.020414 -0.00494885 0.00628123 -0.020414 0.0951225 0.00628123 -0.0169783 -0.00494885 0.00628123 0.00867951 -0.0169117 0.00628123 -0.0169783 -0.0169117 0.0867571 
0.0117692 -0.0204516 -0.00493301 0.00626805 -0.0204516 0.0952043 0.00625858 -0.016901 -0.00493301 0.00625858 0.00870142 -0.0169484 0.00626805 -0.016901 -0.0169484 0.0867585 
0.0117759 -0.0204608 -0.00493979 0.00626718 -0.0204608 0.0952024 0.00626718 -0.0169053 -0.00493979 0.00626718 0.00868493 -0.0170096 0.00626718 -0.0169053 -0.0170096 0.0868967 
0.0118432 -0.0204971 -0.00490294 0.00627386 -0.0204971 0.0952599 0.00627386 -0.016908 -0.00490294 0.00627386 0.00861585 -0.0169937 0.00627386 -0.016908 -0.0169937 0.0869296 
0.0118792 -0.0205969 -0.00485579 0.00619989 -0.0205969 0.0955162 0.00621882 -0.0168012 -0.00485579 0.00621882 0.00861359 -0.0168864 0.00619989 -0.0168012 -0.0168864 0.0867796 
0.0119224 -0.0206817 -0.00480076 0.00612963 -0.0206817 0.0957813 0.00614835 -0.0166202 -0.00480076 0.00614835 0.00865635 -0.0168729 0.00612963 -0.0166202 -0.0168729 0.0866383 
0.0119313 -0.020712 -0.00475387 0.00606818 -0.020712 0.095907 0.0060775 -0.0164521 -0.00475387 0.0060775 0.00870611 -0.0169462 0.00606818 -0.0164521 -0.0169462 0.0867442 
0.0119237 -0.0206927 -0.00474129 0.00601816 -0.0206927 0.0958868 0.00601816 -0.0162988 -0.00474129 0.00601816 0.00870333 -0.0170405 0.00601816 -0.0162988 -0.0170405 0.0870051 
0.0119248 -0.0206614 -0.00473947 0.00600523 -0.0206614 0.0957982 0.00600523 -0.016217 -0.00473947 0.00600523 0.00864145 -0.017064 0.00600523 -0.016217 -0.017064 0.0871758 
0.0119315 -0.0206558 -0.0047535 0.00601346 -0.0206558 0.095719 0.00601346 -0.0162077 -0.0047535 0.00601346 0.00858111 -0.0169809 0.00601346 -0.0162077 -0.0169809 0.0870902 
0.0119495 -0.0206547 -0.00475697 0.00603183 -0.0206547 0.0957007 0.00603183 -0.0162498 -0.00475697 0.00603183 0.00854351 -0.0168967 0.00603183 -0.0162498 -0.0168967 0.0868812 
0.0119647 -0.0207132 -0.004754 0.00602924 -0.0207132 0.0958208 0.00602924 -0.0162686 -0.004754 0.00602924 0.00858908 -0.0168219 0.00602924 -0.0162686 -0.0168219 0.0866504 
0.0119638 -0.0207015 -0.00477798 0.00603832 -0.0207015 0.0958042 0.00603832 -0.0163185 -0.00477798 0.00603832 0.0085872 -0.0168922 0.00603832 -0.0163185 -0.0168922 0.0866715 
0.0119127 -0.0206975 -0.00483923 0.00605617 -0.0206975 0.0958054 0.00606568 -0.0163621 -0.00483923 0.00606568 0.00859463 -0.0168945 0.00605617 -0.0163621 -0.0168945 0.0867354 
0.0118882 -0.0206465 -0.00487207 0.00613556 -0.0206465 0.0957185 0.0061547 -0.0165019 -0.00487207 0.0061547 0.00856681 -0.0168943 0.00613556 -0.0165019 -0.0168943 0.086721 
0.0118279 -0.0206198 -0.00490356 0.00618691 -0.0206198 0.0956481 0.00619649 -0.0166644 -0.00490356 0.00619649 0.0085908 -0.0168368 0.00618691 -0.0166644 -0.0168368 0.0866072 
0.0118014 -0.0205205 -0.00492606 0.0062416 -0.0205205 0.0954292 0.0062416 -0.0168139 -0.00492606 0.0062416 0.008575 -0.0168523 0.0062416 -0.0168139 -0.0168523 0.0865758 
0.0117688 -0.0204946 -0.00494365 0.00626836 -0.0204946 0.0953309 0.00625876 -0.0169044 -0.00494365 0.00625876 0.0085914 -0.0168372 0.00626836 -0.0169044 -0.0168372 0.0865187 
0.0117809 -0.0204479 -0.00491675 0.00628573 -0.0204479 0.0952018 0.00628573 -0.0169869 -0.00491675 0.00628573 0.00854165 -0.0168519 0.00628573 -0.0169869 -0.0168519 0.0865059 
0.0117938 -0.0204503 -0.00491891 0.00627451 -0.0204503 0.095144 0.00627451 -0.0170031 -0.00491891 0.00627451 0.00849189 -0.0167901 0.00627451 -0.0170031 -0.0167901 0.0864198 
0.0118001 -0.0205056 -0.00489742 0.00625675 -0.0205056 0.0952491 0.00625675 -0.0169482 -0.00489742 0.00625675 0.00849337 -0.0167072 0.00625675 -0.0169482 -0.0167072 0.0862255 
0.011732 -0.0204704 -0.00492143 0.00624867 -0.0204704 0.0952026 0.00624867 -0.0169344 -0.00492143 0.00624867 0.00851563 -0.0167116 0.00624867 -0.0169344 -0.0167116 0.0861541 
0.0116948 -0.0204054 -0.00495117 0.00626889 -0.0204054 0.0950798 0.00626889 -0.0169657 -0.00495117 0.00626889 0.00854585 -0.0167429 0.00626889 -0.0169657 -0.0167429 0.0861755 
0.0116737 -0.0203484 -0.00496254 0.0063204 -0.0203484 0.0949134 0.00630086 -0.0170465 -0.00496254 0.00630086 0.00852814 -0.016773 0.0063204 -0.0170465 -0.016773 0.0862387 
0.0116679 -0.0203531 -0.00494205 0.00631647 -0.0203531 0.094903 0.00631647 -0.0170681 -0.00494205 0.00631647 0.00852918 -0.0167269 0.00631647 -0.0170681 -0.0167269 0.0861886 
0.0116719 -0.0203361 -0.00494819 0.00628711 -0.0203361 0.0949082 0.00628711 -0.017047 -0.00494819 0.00628711 0.00854775 -0.0167365 0.00628711 -0.017047 -0.0167365 0.086147 
0.0116289 -0.0203384 -0.00498941 0.00631731 -0.0203384 0.0948475 0.00630755 -0.0170675 -0.00498941 0.00630755 0.00858256 -0.016755 0.00631731 -0.0170675 -0.016755 0.0862064 
0.0116328 -0.0202443 -0.00497987 0.00637739 -0.0202443 0.0946668 0.00636755 -0.0171934 -0.00497987 0.00636755 0.00852287 -0.0168194 0.00637739 -0.0171934 -0.0168194 0.0863211 
0.0115584 -0.020247 -0.00500732 0.00636306 -0.020247 0.0945553 0.00636306 -0.0172485 -0.00500732 0.00636306 0.00855005 -0.0167439 0.00636306 -0.0172485 -0.0167439 0.0862625 
0.0114578 -0.0201626 -0.00504065 0.00639737 -0.0201626 0.0944256 0.00639737 -0.0173006 -0.00504065 0.00639737 0.00861565 -0.016756 0.00639737 -0.0173006 -0.016756 0.0861961 
0.0113489 -0.0200303 -0.005138 0.00645695 -0.0200303 0.0941277 0.00643726 -0.0174219 -0.005138 0.00643726 0.00873066 -0.0168314 0.00645695 -0.0174219 -0.0168314 0.0862928 
0.011314 -0.0198801 -0.00519249 0.00657129 -0.0198801 0.0937485 0.00654196 -0.0176506 -0.00519249 0.00654196 0.00876172 -0.0169661 0.00657129 -0.0176506 -0.0169661 0.0865611 
0.0113273 -0.0198352 -0.00521511 0.00665444 -0.0198352 0.0934777 0.00662487 -0.0178931 -0.00521511 0.00662487 0.00871485 -0.0170255 0.00665444 -0.0178931 -0.0170255 0.0867739 
0.0113793 -0.0198716 -0.00519857 0.00667679 -0.0198716 0.0934849 0.00667679 -0.0180561 -0.00519857 0.00667679 0.00861137 -0.0169449 0.00667679 -0.0180561 -0.0169449 0.086699 
0.0114687 -0.0199482 -0.00512156 0.00663611 -0.0199482 0.0936728 0.00665604 -0.018055 -0.00512156 0.00665604 0.00848944 -0.0167995 0.00663611 -0.018055 -0.0167995 0.086399 
0.0115407 -0.0200737 -0.00507589 0.0065447 -0.0200737 0.0939539 0.00657467 -0.0179055 -0.00507589 0.00657467 0.00841319 -0.0166265 0.0065447 -0.0179055 -0.0166265 0.0859704 
0.0115732 -0.0201433 -0.00502833 0.00648495 -0.0201433 0.0941815 0.00650491 -0.0177388 -0.00502833 0.00650491 0.0083606 -0.0165117 0.00648495 -0.0177388 -0.0165117 0.0856014 
0.0115154 -0.0201746 -0.00504114 0.00644424 -0.0201746 0.0942884 0.00646429 -0.0176189 -0.00504114 0.00646429 0.00838854 -0.0164463 0.00644424 -0.0176189 -0.0164463 0.0853787 
0.0114307 -0.0200949 -0.00504651 0.00646521 -0.0200949 0.0941914 0.00646521 -0.017602 -0.00504651 0.00646521 0.00841086 -0.0164873 0.00646521 -0.017602 -0.0164873 0.085355 
0.0113811 -0.019988 -0.00506051 0.00648315 -0.019988 0.0939751 0.00648315 -0.0176203 -0.00506051 0.00648315 0.00843419 -0.0165127 0.00648315 -0.0176203 -0.0165127 0.0853987 
0.0113786 -0.019915 -0.00508317 0.00650932 -0.019915 0.0937586 0.00648894 -0.0176536 -0.00508317 0.00648894 0.00843461 -0.0165331 0.00650932 -0.0176536 -0.0165331 0.0854462 
0.0113155 -0.0199189 -0.0051194 0.00652114 -0.0199189 0.0936932 0.00651099 -0.0177046 -0.0051194 0.00651099 0.00849171 -0.016506 0.00652114 -0.0177046 -0.016506 0.0853945 
0.0113184 -0.0198806 -0.00513735 0.00657621 -0.0198806 0.0936173 0.00655595 -0.0178034 -0.00513735 0.00655595 0.00850145 -0.0165672 0.00657621 -0.0178034 -0.0165672 0.0854503 
0.0113375 -0.0198584 -0.00513683 0.00660594 -0.0198584 0.0935268 0.00658568 -0.0179029 -0.00513683 0.00658568 0.00850059 -0.016606 0.00660594 -0.0179029 -0.016606 0.0855733 
0.0113587 -0.01986 -0.00511698 0.00660648 -0.01986 0.0934837 0.00659635 -0.0179652 -0.00511698 0.00659635 0.00847088 -0.0166175 0.00660648 -0.0179652 -0.0166175 0.0856309 
0.0113494 -0.019922 -0.00510925 0.00657337 -0.019922 0.0935922 0.00658346 -0.0179127 -0.00510925 0.00658346 0.00849186 -0.0165697 0.00657337 -0.0179127 -0.0165697 0.0855648 
0.011372 -0.019906 -0.0051023 0.00655147 -0.019906 0.0936126 0.00656153 -0.0178631 -0.0051023 0.00656153 0.0084837 -0.016595 0.00655147 -0.0178631 -0.016595 0.0855817 
0.0113975 -0.0199256 -0.0050767 0.00653149 -0.0199256 0.0936581 0.00653149 -0.0178086 -0.0050767 0.00653149 0.00847789 -0.0165946 0.00653149 -0.0178086 -0.0165946 0.0855916 
0.0114262 -0.0199303 -0.00507829 0.00652923 -0.0199303 0.0936461 0.00652923 -0.0177942 -0.00507829 0.00652923 0.00843359 -0.0166052 0.00652923 -0.0177942 -0.0166052 0.0856357 
0.0114991 -0.0199897 -0.00501762 0.0065118 -0.0199897 0.0937699 0.00652189 -0.0177383 -0.00501762 0.00652189 0.00833914 -0.0165268 0.0065118 -0.0177383 -0.0165268 0.0855418 
0.0115201 -0.020115 -0.00500613 0.00643358 -0.020115 0.0940509 0.00645369 -0.0176019 -0.00500613 0.00645369 0.00834355 -0.0163956 0.00643358 -0.0176019 -0.0163956 0.085255 
0.0114816 -0.0201673 -0.00505427 0.00640739 -0.0201673 0.0942901 0.00641734 -0.0174711 -0.00505427 0.00641734 0.00843706 -0.0163965 0.00640739 -0.0174711 -0.0163965 0.0851068 
0.0114303 -0.0201306 -0.0051063 0.00646143 -0.0201306 0.0943291 0.00647125 -0.0175087 -0.0051063 0.00647125 0.00858251 -0.0165071 0.00646143 -0.0175087 -0.0165071 0.0852556 
0.011404 -0.0200329 -0.00513816 0.00654037 -0.0200329 0.0941441 0.00652076 -0.0176502 -0.00513816 0.00652076 0.00864859 -0.0167284 0.00654037 -0.0176502 -0.0167284 0.0857308 
0.0114325 -0.0199898 -0.00513437 0.00658178 -0.0199898 0.0939835 0.00656222 -0.0177503 -0.00513437 0.00656222 0.00864531 -0.0168505 0.00658178 -0.0177503 -0.0168505 0.0861597 
0.0114589 -0.0200409 -0.00512765 0.00655635 -0.0200409 0.0940102 0.00655635 -0.0177609 -0.00512765 0.00655635 0.0086309 -0.016841 0.00655635 -0.0177609 -0.016841 0.0863285 
0.0114807 -0.0200815 -0.00509384 0.00653383 -0.0200815 0.0941088 0.00654363 -0.0177207 -0.00509384 0.00654363 0.00862035 -0.0168293 0.00653383 -0.0177207 -0.0168293 0.0863407 
0.0114206 -0.02006 -0.00513827 0.00651899 -0.02006 0.0941063 0.00651899 -0.017693 -0.00513827 0.00651899 0.00863939 -0.0168251 0.00651899 -0.017693 -0.0168251 0.0863348 
0.0113479 -0.0199735 -0.0051953 0.0065714 -0.0199735 0.0939342 0.0065714 -0.0177697 -0.0051953 0.0065714 0.00862559 -0.0168423 0.0065714 -0.0177697 -0.0168423 0.0863656 
0.0113211 -0.0199192 -0.00524662 0.00665303 -0.0199192 0.0937809 0.00664306 -0.0179243 -0.00524662 0.00664306 0.008628 -0.0168171 0.00665303 -0.0179243 -0.0168171 0.0863199 
0.0112561 -0.0199009 -0.00530163 0.00671606 -0.0199009 0.0936984 0.00670617 -0.0181007 -0.00530163 0.00670617 0.00870417 -0.0167753 0.00671606 -0.0181007 -0.0167753 0.0862108 
0.0112245 -0.019852 -0.0053399 0.00677943 -0.019852 0.0936573 0.00677943 -0.0182665 -0.0053399 0.00677943 0.00881229 -0.0168562 0.00677943 -0.0182665 -0.0168562 0.0862651 
0.011247 -0.0197721 -0.00530757 0.00682401 -0.0197721 0.0934559 0.00680457 -0.0184112 -0.00530757 0.00680457 0.00881678 -0.0170309 0.00682401 -0.0184112 -0.0170309 0.0865833 
0.0112759 -0.0197892 -0.00526079 0.00677926 -0.0197892 0.093401 0.00677926 -0.0184079 -0.00526079 0.00677926 0.00877777 -0.0170559 0.00677926 -0.0184079 -0.0170559 0.0868079 
0.0113227 -0.0198073 -0.00522968 0.00672813 -0.0198073 0.0934197 0.00672813 -0.0182989 -0.00522968 0.00672813 0.00866321 -0.0170089 0.00672813 -0.0182989 -0.0170089 0.0868107 
0.0113571 -0.0198575 -0.00521569 0.00666892 -0.0198575 0.0935142 0.00668883 -0.0181653 -0.00521569 0.00668883 0.00858997 -0.0168614 0.00666892 -0.0181653 -0.0168614 0.0865666 
0.0113683 -0.0199244 -0.00520548 0.00666141 -0.0199244 0.0936487 0.00667139 -0.0180995 -0.00520548 0.00667139 0.00853618 -0.0167433 0.00666141 -0.0180995 -0.0167433 0.0862194 
0.0113545 -0.0199383 -0.0052289 0.00666962 -0.0199383 0.0937273 0.00668977 -0.0181148 -0.0052289 0.00668977 0.00851334 -0.016664 0.00666962 -0.0181148 -0.016664 0.0859595 
0.0113912 -0.0199296 -0.00521002 0.00668703 -0.0199296 0.0937601 0.00669715 -0.0181491 -0.00521002 0.00669715 0.00845743 -0.0166215 0.00668703 -0.0181491 -0.0166215 0.0857579 
0.0113636 -0.0199419 -0.00520749 0.00668093 -0.0199419 0.0937651 0.00669102 -0.0181657 -0.00520749 0.00669102 0.00845713 -0.0165509 0.00668093 -0.0181657 -0.0165509 0.0855704 
0.0113748 -0.019916 -0.00521514 0.00670231 -0.019916 0.0936815 0.00670231 -0.0182078 -0.00521514 0.00670231 0.00845073 -0.0165498 0.00670231 -0.0182078 -0.0165498 0.0855021 
0.0113255 -0.0199381 -0.00524421 0.00669645 -0.0199381 0.0936999 0.00669645 -0.0182337 -0.00524421 0.00669645 0.00849158 -0.0165394 0.00669645 -0.0182337 -0.0165394 0.0854403 
0.0113233 -0.0198987 -0.00521373 0.0067235 -0.0198987 0.0936962 0.0067235 -0.0182481 -0.00521373 0.0067235 0.00850503 -0.0165672 0.0067235 -0.0182481 -0.0165672 0.0854529 
0.011314 -0.0198652 -0.00520159 0.00670944 -0.0198652 0.0936083 0.00669932 -0.018246 -0.00520159 0.00669932 0.00850065 -0.0166066 0.00670944 -0.018246 -0.0166066 0.0855428 
0.0112997 -0.0198704 -0.00520512 0.00668075 -0.0198704 0.0935911 0.00667064 -0.0181724 -0.00520512 0.00667064 0.00852023 -0.0165957 0.00668075 -0.0181724 -0.0165957 0.0855661 
0.0112423 -0.0198322 -0.00522429 0.00667102 -0.0198322 0.0934948 0.00666097 -0.0181544 -0.00522429 0.00666097 0.00858994 -0.0166374 0.00667102 -0.0181544 -0.0166374 0.0856282 
0.0112481 -0.0197518 -0.00519837 0.0067108 -0.0197518 0.0933202 0.00668076 -0.0181893 -0.00519837 0.00668076 0.00860385 -0.0167169 0.0067108 -0.0181893 -0.0167169 0.0857981 
0.011189 -0.0197852 -0.00520558 0.00667152 -0.0197852 0.0933215 0.00666155 -0.0181398 -0.00520558 0.00666155 0.00867597 -0.0167237 0.00667152 -0.0181398 -0.0167237 0.0859021 
0.0112382 -0.0197119 -0.00519842 0.00669084 -0.0197119 0.093201 0.00667081 -0.0181394 -0.00519842 0.00667081 0.00863399 -0.0168373 0.00669084 -0.0181394 -0.0168373 0.0861095 
0.0112815 -0.0197224 -0.00516731 0.00666814 -0.0197224 0.0931123 0.00665807 -0.0181309 -0.00516731 0.00665807 0.00855174 -0.0168114 0.00666814 -0.0181309 -0.0168114 0.0862024 
0.0113193 -0.0197935 -0.0051516 0.00662494 -0.0197935 0.0932166 0.0066351 -0.0180662 -0.0051516 0.0066351 0.00847423 -0.0166944 0.00662494 -0.0180662 -0.0166944 0.0860124 
0.0112483 -0.0198409 -0.00517811 0.00661362 -0.0198409 0.09337 0.00662387 -0.018026 -0.00517811 0.00662387 0.00849004 -0.0165699 0.00661362 -0.018026 -0.0165699 0.0857105 
0.0111746 -0.0197853 -0.00520934 0.00663936 -0.0197853 0.0933698 0.00664957 -0.0180488 -0.00520934 0.00664957 0.00855967 -0.0165678 0.00663936 -0.0180488 -0.0165678 0.0855456 
0.0111569 -0.0196671 -0.00522217 0.00669822 -0.0196671 0.0931135 0.00668804 -0.0181504 -0.00522217 0.00668804 0.00859164 -0.0166539 0.00669822 -0.0181504 -0.0166539 0.0856416 
0.0112052 -0.0196192 -0.00518645 0.00671904 -0.0196192 0.0929095 0.00670889 -0.018249 -0.00518645 0.00670889 0.00854597 -0.0167063 0.00671904 -0.018249 -0.0167063 0.0857845 
0.011196 -0.0196741 -0.00516191 0.0066831 -0.0196741 0.0929143 0.00667295 -0.018234 -0.00516191 0.00667295 0.00854909 -0.0166621 0.0066831 -0.018234 -0.0166621 0.0857647 
0.0112081 -0.0196473 -0.00515959 0.00665127 -0.0196473 0.0928726 0.00665127 -0.0181863 -0.00515959 0.00665127 0.00850055 -0.0166742 0.00665127 -0.0181863 -0.0166742 0.0857616 
0.0112479 -0.0196658 -0.00514541 0.00663758 -0.0196658 0.0928643 0.00663758 -0.0181324 -0.00514541 0.00663758 0.0084076 -0.0166094 0.00663758 -0.0181324 -0.0166094 0.0856711 
0.0112528 -0.019726 -0.00516657 0.00663388 -0.019726 0.0929879 0.00664421 -0.0181037 -0.00516657 0.00664421 0.00836984 -0.016471 0.00663388 -0.0181037 -0.016471 0.0853827 
0.0111933 -0.0197358 -0.00521869 0.00664761 -0.0197358 0.093077 0.00666832 -0.0181515 -0.00521869 0.00666832 0.00839753 -0.0164016 0.00664761 -0.0181515 -0.0164016 0.0851143 
0.0111691 -0.0197066 -0.00524265 0.00672427 -0.0197066 0.093083 0.00673463 -0.0182768 -0.00524265 0.00673463 0.00842347 -0.0163911 0.00672427 -0.0182768 -0.0163911 0.0849704 
0.0112055 -0.0196843 -0.00520662 0.00676037 -0.0196843 0.0930812 0.00675008 -0.0183672 -0.00520662 0.00675008 0.00840673 -0.0164019 0.00676037 -0.0183672 -0.0164019 0.0849317 
0.0111427 -0.0197172 -0.00523882 0.00671223 -0.0197172 0.0931118 0.00671223 -0.0183563 -0.00523882 0.00671223 0.00851308 -0.0164122 0.00671223 -0.0183563 -0.0164122 0.0849466 
0.0111004 -0.0196185 -0.00522612 0.00675898 -0.0196185 0.0929283 0.00674869 -0.0183737 -0.00522612 0.00674869 0.00854903 -0.0165631 0.00675898 -0.0183737 -0.0165631 0.0852023 
0.0110711 -0.0195171 -0.00520871 0.00675472 -0.0195171 0.092657 0.00673397 -0.0184069 -0.00520871 0.00673397 0.00852901 -0.016643 0.00675472 -0.0184069 -0.016643 0.0854976 
0.0110839 -0.019511 -0.00516833 0.00671468 -0.019511 0.0925838 0.0067043 -0.0183486 -0.00516833 0.0067043 0.00849973 -0.0166051 0.00671468 -0.0183486 -0.0166051 0.0855266 
0.011127 -0.0195475 -0.00513315 0.00667828 -0.0195475 0.0926352 0.00665754 -0.0182305 -0.00513315 0.00665754 0.00846192 -0.0165505 0.00667828 -0.0182305 -0.0165505 0.0854073 
