0.00649132 0 -0.00344469 0 0 0.00999724 0 0 -0.00344469 0 0.00711902 0 0 0 0 0.00999724 
0.00898651 -0.0111449 -0.00477832 0.00587788 -0.0111449 0.0305704 0.00587788 -0.0112942 -0.00477832 0.00587788 0.0102625 -0.0127467 0.00587788 -0.0112942 -0.0127467 0.0336247 
0.00894465 -0.016626 -0.00437068 0.00753616 -0.016626 0.062235 0.00753616 -0.0240315 -0.00437068 0.00753616 0.0102225 -0.01908 0.00753616 -0.0240315 -0.01908 0.0701342 
0.00858645 -0.0165596 -0.00386974 0.00578271 -0.0165596 0.0751168 0.00578271 -0.0212909 -0.00386974 0.00578271 0.00949182 -0.0185456 0.00578271 -0.0212909 -0.0185456 0.0831922 
0.00864721 -0.016373 -0.00389833 0.00496151 -0.016373 0.0800363 0.00496151 -0.0164722 -0.00389833 0.00496151 0.00942687 -0.0178473 0.00496151 -0.0164722 -0.0178473 0.0866847 
0.00887216 -0.0165748 -0.00410001 0.005041 -0.0165748 0.0828875 0.005041 -0.0146122 -0.00410001 0.005041 0.00951741 -0.0176502 0.005041 -0.0146122 -0.0176502 0.0876059 
0.0089343 -0.0166748 -0.00426176 0.00534004 -0.0166748 0.0840672 0.00535288 -0.0146081 -0.00426176 0.00535288 0.00965315 -0.0177146 0.00534004 -0.0146081 -0.0177146 0.0880337 
0.00889499 -0.01659 -0.00429285 0.0055671 -0.01659 0.084187 0.0055671 -0.015093 -0.00429285 0.0055671 0.00977336 -0.0178642 0.0055671 -0.015093 -0.0178642 0.0883437 
0.00882222 -0.0164979 -0.00432059 0.00564815 -0.0164979 0.0839619 0.00564815 -0.01546 -0.00432059 0.00564815 0.00989633 -0.0179582 0.00564815 -0.01546 -0.0179582 0.088548 
0.00876317 -0.0163135 -0.00431619 0.00565979 -0.0163135 0.0834344 0.0056479 -0.0155763 -0.00431619 0.0056479 0.00998787 -0.0181684 0.00565979 -0.0155763 -0.0181684 0.0890229 
0.00877587 -0.016298 -0.00428149 0.00566529 -0.016298 0.0832643 0.00565346 -0.0156121 -0.00428149 0.00565346 0.00999409 -0.0182496 0.00566529 -0.0156121 -0.0182496 0.0893081 
0.00874746 -0.0163246 -0.00429098 0.00561492 -0.0163246 0.0832545 0.0056031 -0.0155445 -0.00429098 0.0056031 0.0100123 -0.0182751 0.00561492 -0.0155445 -0.0182751 0.089496 
0.00871699 -0.0163016 -0.00431721 0.00561473 -0.0163016 0.0832301 0.00560293 -0.0154759 -0.00431721 0.00560293 0.0100617 -0.0183304 0.00561473 -0.0154759 -0.0183304 0.0896588 
0.00874574 -0.0163348 -0.00429615 0.00564165 -0.0163348 0.0833973 0.00565345 -0.0155322 -0.00429615 0.00565345 0.0100322 -0.0183177 0.00564165 -0.0155322 -0.0183177 0.089629 
0.00867117 -0.0163056 -0.00425311 0.00561976 -0.0163056 0.083354 0.00563155 -0.0155162 -0.00425311 0.00563155 0.0100967 -0.0183438 0.00561976 -0.0155162 -0.0183438 0.0897277 
0.00865349 -0.0162638 -0.00422006 0.00555957 -0.0162638 0.0833225 0.00555957 -0.0154103 -0.00422006 0.00555957 0.0101115 -0.0183857 0.00555957 -0.0154103 -0.0183857 0.0898067 
0.00865868 -0.0162305 -0.00415617 0.00550573 -0.0162305 0.0832547 0.00549378 -0.0152632 -0.00415617 0.00549378 0.0100918 -0.0184161 0.00550573 -0.0152632 -0.0184161 0.0898592 
0.00860836 -0.0162629 -0.0041611 0.00544878 -0.0162629 0.0832936 0.00543686 -0.0151064 -0.0041611 0.00543686 0.0101345 -0.0183494 0.00544878 -0.0151064 -0.0183494 0.0897677 
0.00859939 -0.0162011 -0.00420468 0.0054637 -0.0162011 0.0832383 0.00543995 -0.0150489 -0.00420468 0.00543995 0.0101435 -0.0183865 0.0054637 -0.0150489 -0.0183865 0.0897472 
0.0085965 -0.0161628 -0.00425089 0.00550602 -0.0161628 0.0830995 0.00548234 -0.015109 -0.00425089 0.00548234 0.0101595 -0.0184244 0.00550602 -0.015109 -0.0184244 0.0898488 
0.00858645 -0.0161145 -0.00429322 0.00554195 -0.0161145 0.082927 0.00554195 -0.0152106 -0.00429322 0.00554195 0.0101563 -0.0184811 0.00554195 -0.0152106 -0.0184811 0.090015 
0.00861864 -0.0161897 -0.00430932 0.00561878 -0.0161897 0.0830437 0.00561878 -0.0154159 -0.00430932 0.00561878 0.0101186 -0.0184158 0.00561878 -0.0154159 -0.0184158 0.0899124 
0.00859834 -0.0161977 -0.00430512 0.00562519 -0.0161977 0.0831054 0.00564898 -0.0155317 -0.00430512 0.00564898 0.0101325 -0.0183859 0.00562519 -0.0155317 -0.0183859 0.0898366 
0.00855917 -0.0161581 -0.00431515 0.00565474 -0.0161581 0.0830785 0.00565474 -0.0155772 -0.00431515 0.00565474 0.0101714 -0.0184224 0.00565474 -0.0155772 -0.0184224 0.0898594 
0.00855153 -0.0161738 -0.00435222 0.00565789 -0.0161738 0.083104 0.00566965 -0.015621 -0.00435222 0.00566965 0.0102101 -0.0184205 0.00565789 -0.015621 -0.0184205 0.089844 
0.00850819 -0.016148 -0.00437732 0.00570342 -0.016148 0.0830752 0.00569169 -0.0156903 -0.00437732 0.00569169 0.0102568 -0.0184833 0.00570342 -0.0156903 -0.0184833 0.0899286 
0.00850835 -0.0161051 -0.00438274 0.00573846 -0.0161051 0.0830032 0.00571509 -0.0157778 -0.00438274 0.00571509 0.0102848 -0.0185477 0.00573846 -0.0157778 -0.0185477 0.0900974 
0.00851303 -0.0160528 -0.00440895 0.00573399 -0.0160528 0.082832 0.00571053 -0.0157831 -0.00440895 0.00571053 0.0102837 -0.0186325 0.00573399 -0.0157831 -0.0186325 0.0903601 
0.00855275 -0.0160924 -0.00440596 0.00577252 -0.0160924 0.0828533 0.00576074 -0.0158567 -0.00440596 0.00576074 0.0102256 -0.0186016 0.00577252 -0.0158567 -0.0186016 0.0904164 
0.0086045 -0.0161525 -0.00443724 0.00575198 -0.0161525 0.0830046 0.00576372 -0.0158943 -0.00443724 0.00576372 0.0101775 -0.0185355 0.00575198 -0.0158943 -0.0185355 0.0902709 
0.00861775 -0.0162141 -0.00448499 0.00578822 -0.0162141 0.0831367 0.0058117 -0.015944 -0.00448499 0.0058117 0.0101675 -0.01848 0.00578822 -0.015944 -0.01848 0.0901342 
0.008603 -0.0162151 -0.00453465 0.00586356 -0.0162151 0.0832206 0.00587522 -0.0160869 -0.00453465 0.00587522 0.0101884 -0.018465 0.00586356 -0.0160869 -0.018465 0.0900634 
0.0085823 -0.0161841 -0.00455647 0.00591764 -0.0161841 0.0831815 0.00591764 -0.0162302 -0.00455647 0.00591764 0.0102434 -0.0185142 0.00591764 -0.0162302 -0.0185142 0.0901257 
0.00854721 -0.0161716 -0.00453313 0.0059519 -0.0161716 0.083142 0.00596344 -0.0163677 -0.00453313 0.00596344 0.0102774 -0.0185709 0.0059519 -0.0163677 -0.0185709 0.0902474 
0.00851622 -0.0161693 -0.00454582 0.00593834 -0.0161693 0.0831597 0.00593834 -0.0163765 -0.00454582 0.00593834 0.0103345 -0.0185976 0.00593834 -0.0163765 -0.0185976 0.0903295 
0.00845651 -0.0160835 -0.00458541 0.00594491 -0.0160835 0.0829752 0.00592186 -0.016337 -0.00458541 0.00592186 0.0103921 -0.0187103 0.00594491 -0.016337 -0.0187103 0.0906137 
0.00848179 -0.0160544 -0.00461492 0.00598444 -0.0160544 0.0829305 0.00597293 -0.0164112 -0.00461492 0.00597293 0.0103692 -0.0187474 0.00598444 -0.0164112 -0.0187474 0.0907333 
0.00844663 -0.0160773 -0.00465426 0.00602181 -0.0160773 0.0829493 0.00602181 -0.016514 -0.00465426 0.00602181 0.0104003 -0.018732 0.00602181 -0.016514 -0.018732 0.0907639 
0.00842996 -0.0160915 -0.00470243 0.00610169 -0.0160915 0.0830495 0.00607875 -0.0166764 -0.00470243 0.00607875 0.0104486 -0.0187294 0.00610169 -0.0166764 -0.0187294 0.0907339 
0.00840451 -0.0160336 -0.00472112 0.00614658 -0.0160336 0.082939 0.00613518 -0.0168318 -0.00472112 0.00613518 0.0104914 -0.0188161 0.00614658 -0.0168318 -0.0188161 0.0908873 
0.00837269 -0.0159583 -0.00472247 0.00615974 -0.0159583 0.0827117 0.00613693 -0.0168709 -0.00472247 0.00613693 0.0105286 -0.0189127 0.00615974 -0.0168709 -0.0189127 0.091187 
0.00836744 -0.0159118 -0.0047324 0.00614984 -0.0159118 0.0825427 0.00612697 -0.0168606 -0.0047324 0.00612697 0.0105164 -0.0189753 0.00614984 -0.0168606 -0.0189753 0.0914131 
0.00839 -0.0159041 -0.00474818 0.00616573 -0.0159041 0.0824709 0.0061542 -0.0168837 -0.00474818 0.0061542 0.010476 -0.0189812 0.00616573 -0.0168837 -0.0189812 0.0914948 
0.00840792 -0.0159381 -0.00475833 0.0061789 -0.0159381 0.0824739 0.0061789 -0.0169198 -0.00475833 0.0061789 0.0104522 -0.0189178 0.0061789 -0.0169198 -0.0189178 0.0914362 
0.00841622 -0.0160094 -0.00477615 0.00620204 -0.0160094 0.0826668 0.00622522 -0.0170295 -0.00477615 0.00622522 0.0104333 -0.0188264 0.00620204 -0.0170295 -0.0188264 0.0911757 
0.00840756 -0.0159779 -0.0047794 0.00622136 -0.0159779 0.0826686 0.00622136 -0.0170826 -0.0047794 0.00622136 0.010431 -0.0188269 0.00622136 -0.0170826 -0.0188269 0.0910994 
0.0083975 -0.0159576 -0.0047454 0.00623415 -0.0159576 0.0826258 0.00623415 -0.0171207 -0.0047454 0.00623415 0.0104329 -0.0188188 0.00623415 -0.0171207 -0.0188188 0.0910582 
0.00840017 -0.0159592 -0.00474742 0.0061993 -0.0159592 0.0826189 0.0061993 -0.0170999 -0.00474742 0.0061993 0.0104397 -0.0187938 0.0061993 -0.0170999 -0.0187938 0.0910076 
0.00832591 -0.0159209 -0.00477398 0.00617876 -0.0159209 0.0825167 0.00617876 -0.0170401 -0.00477398 0.00617876 0.0105302 -0.0188561 0.00617876 -0.0170401 -0.0188561 0.0910825 
0.0082979 -0.0158435 -0.00475306 0.00621203 -0.0158435 0.0823293 0.00621203 -0.0170631 -0.00475306 0.00621203 0.0105661 -0.018978 0.00621203 -0.0170631 -0.018978 0.0913339 
0.00824377 -0.0158244 -0.00475646 0.00620855 -0.0158244 0.0822204 0.00618568 -0.0170592 -0.00475646 0.00618568 0.0106334 -0.0190258 0.00620855 -0.0170592 -0.0190258 0.0915504 
0.00820664 -0.0157284 -0.00479386 0.0062092 -0.0157284 0.082055 0.00617495 -0.0170182 -0.00479386 0.00617495 0.0106606 -0.019107 0.0062092 -0.0170182 -0.019107 0.0917683 
0.00820412 -0.015677 -0.00481049 0.00623879 -0.015677 0.0819041 0.00622736 -0.0170824 -0.00481049 0.00622736 0.0106722 -0.019162 0.00623879 -0.0170824 -0.019162 0.0919479 
0.00815214 -0.0156746 -0.00483175 0.0062515 -0.0156746 0.0818077 0.0062515 -0.0171516 -0.00483175 0.0062515 0.0107054 -0.0191667 0.0062515 -0.0171516 -0.0191667 0.0920322 
0.0081105 -0.0156359 -0.00485253 0.00628649 -0.0156359 0.0817474 0.00628649 -0.0172534 -0.00485253 0.00628649 0.010726 -0.0191807 0.00628649 -0.0172534 -0.0191807 0.092049 
0.00807695 -0.0155827 -0.00487816 0.00631762 -0.0155827 0.0816378 0.00632904 -0.017342 -0.00487816 0.00632904 0.0107731 -0.0192156 0.00631762 -0.017342 -0.0192156 0.0921138 
0.00804845 -0.0155474 -0.00487716 0.00636549 -0.0155474 0.0815721 0.00636549 -0.0174593 -0.00487716 0.00636549 0.0107961 -0.0192567 0.00636549 -0.0174593 -0.0192567 0.0921737 
0.00795382 -0.0155174 -0.00487788 0.00636994 -0.0155174 0.0814893 0.00635846 -0.0175145 -0.00487788 0.00635846 0.0108805 -0.0192705 0.00636994 -0.0175145 -0.0192705 0.0922321 
0.00790614 -0.0153743 -0.00485202 0.00636179 -0.0153743 0.0812166 0.00635027 -0.0174949 -0.00485202 0.00635027 0.0109257 -0.0193966 0.00636179 -0.0174949 -0.0193966 0.092465 
0.00791633 -0.0153242 -0.00480758 0.00634462 -0.0153242 0.081047 0.00630995 -0.0174506 -0.00480758 0.00630995 0.010898 -0.0194268 0.00634462 -0.0174506 -0.0194268 0.0925922 
0.00792644 -0.0153798 -0.00482278 0.00631115 -0.0153798 0.0810873 0.00629961 -0.0174105 -0.00482278 0.00629961 0.0108801 -0.0193834 0.00631115 -0.0174105 -0.0193834 0.0925097 
0.00794931 -0.0153917 -0.00482719 0.00631336 -0.0153917 0.081129 0.00630184 -0.0173733 -0.00482719 0.00630184 0.0108641 -0.0193548 0.00631336 -0.0173733 -0.0193548 0.0924309 
0.00797679 -0.0153781 -0.00485744 0.00629626 -0.0153781 0.0810686 0.00629626 -0.0173579 -0.00485744 0.00629626 0.0108429 -0.0193607 0.00629626 -0.0173579 -0.0193607 0.0924641 
0.00794951 -0.0154144 -0.00485739 0.00632269 -0.0154144 0.0811104 0.00634576 -0.0173989 -0.00485739 0.00634576 0.010857 -0.0193488 0.00632269 -0.0173989 -0.0193488 0.0924289 
0.00789398 -0.0154192 -0.00485163 0.00634976 -0.0154192 0.081187 0.00634976 -0.0174705 -0.00485163 0.00634976 0.0109133 -0.0193258 0.00634976 -0.0174705 -0.0193258 0.0923538 
0.00781393 -0.0153418 -0.00482793 0.00633809 -0.0153418 0.0810795 0.00633809 -0.0174927 -0.00482793 0.00633809 0.0110059 -0.0194033 0.00633809 -0.0174927 -0.0194033 0.0924515 
0.00779667 -0.0151812 -0.00478562 0.00630832 -0.0151812 0.0806915 0.00628542 -0.0173908 -0.00478562 0.00628542 0.0110481 -0.0195775 0.00630832 -0.0173908 -0.0195775 0.0928616 
0.00782026 -0.0151953 -0.00477207 0.00626762 -0.0151953 0.0806 0.00624479 -0.0172959 -0.00477207 0.00624479 0.0110169 -0.0195792 0.00626762 -0.0172959 -0.0195792 0.0930097 
0.00785809 -0.0152539 -0.00471486 0.00624025 -0.0152539 0.0806957 0.00622869 -0.0172185 -0.00471486 0.00622869 0.0109551 -0.0195412 0.00624025 -0.0172185 -0.0195412 0.0929566 
0.00789021 -0.0153362 -0.00469906 0.00618359 -0.0153362 0.0809127 0.00618359 -0.017113 -0.00469906 0.00618359 0.0108943 -0.0194392 0.00618359 -0.017113 -0.0194392 0.0927422 
0.00787244 -0.0153101 -0.00467647 0.00612171 -0.0153101 0.0808864 0.00612171 -0.0169316 -0.00467647 0.00612171 0.0108922 -0.0194109 0.00612171 -0.0169316 -0.0194109 0.0926598 
0.00789464 -0.0152371 -0.0046522 0.0060972 -0.0152371 0.0806969 0.0060972 -0.0168231 -0.0046522 0.0060972 0.0108551 -0.0194312 0.0060972 -0.0168231 -0.0194312 0.0926681 
0.00787623 -0.0152602 -0.00467651 0.00607126 -0.0152602 0.080661 0.00608298 -0.0167604 -0.00467651 0.00608298 0.0108767 -0.0193624 0.00607126 -0.0167604 -0.0193624 0.0925574 
0.00785182 -0.0152377 -0.00469478 0.00609273 -0.0152377 0.0806034 0.00610438 -0.016787 -0.00469478 0.00610438 0.0108924 -0.0193733 0.00609273 -0.016787 -0.0193733 0.0924977 
0.00783826 -0.0152353 -0.00470296 0.00613126 -0.0152353 0.0806122 0.00614288 -0.0168842 -0.00470296 0.00614288 0.0109155 -0.0193924 0.00613126 -0.0168842 -0.0193924 0.0924683 
0.00777301 -0.0152207 -0.00474049 0.00615799 -0.0152207 0.0806 0.00616961 -0.0169635 -0.00474049 0.00616961 0.0110031 -0.0194151 0.00615799 -0.0169635 -0.0194151 0.0925093 
0.00770749 -0.0151248 -0.00475914 0.00619849 -0.0151248 0.0804527 0.00619849 -0.0170633 -0.00475914 0.00619849 0.0110505 -0.0195125 0.00619849 -0.0170633 -0.0195125 0.0926988 
0.00773032 -0.0150787 -0.00475623 0.00623749 -0.0150787 0.0803467 0.00622592 -0.0171618 -0.00475623 0.00622592 0.01104 -0.0195688 0.00623749 -0.0171618 -0.0195688 0.0928564 
0.00776753 -0.0150984 -0.00469958 0.00622781 -0.0150984 0.0803066 0.00622781 -0.0171897 -0.00469958 0.00622781 0.0110193 -0.0195682 0.00622781 -0.0171897 -0.0195682 0.0929116 
0.0077748 -0.0151349 -0.00465336 0.00616225 -0.0151349 0.0803626 0.00616225 -0.0170815 -0.00465336 0.00616225 0.0110229 -0.0195579 0.00616225 -0.0170815 -0.0195579 0.0929405 
0.00772885 -0.0151564 -0.00464658 0.00608343 -0.0151564 0.0804519 0.00608343 -0.016883 -0.00464658 0.00608343 0.0110429 -0.0195365 0.00608343 -0.016883 -0.0195365 0.0928969 
0.00768972 -0.0151247 -0.00464394 0.0060684 -0.0151247 0.0804642 0.0060684 -0.0167923 -0.00464394 0.0060684 0.0110945 -0.0195602 0.0060684 -0.0167923 -0.0195602 0.0929021 
0.00767866 -0.0150557 -0.00462807 0.00608957 -0.0150557 0.0803243 0.00606637 -0.0167724 -0.00462807 0.00606637 0.0110772 -0.0196142 0.00608957 -0.0167724 -0.0196142 0.0930138 
0.00766462 -0.0150621 -0.00463361 0.00607363 -0.0150621 0.080281 0.00606201 -0.0167692 -0.00463361 0.00606201 0.0111021 -0.0196028 0.00607363 -0.0167692 -0.0196028 0.0930322 
0.00767133 -0.0150641 -0.00463065 0.00608136 -0.0150641 0.0803226 0.00608136 -0.016805 -0.00463065 0.00608136 0.011095 -0.0195903 0.00608136 -0.016805 -0.0195903 0.0929612 
0.00769437 -0.0150744 -0.00463292 0.00607634 -0.0150744 0.0803427 0.00607634 -0.0168089 -0.00463292 0.00607634 0.0110701 -0.019591 0.00607634 -0.0168089 -0.019591 0.0929261 
0.00773656 -0.0150997 -0.00460926 0.00607956 -0.0150997 0.0803645 0.00607956 -0.0168034 -0.00460926 0.00607956 0.0110272 -0.0195456 0.00607956 -0.0168034 -0.0195456 0.0928737 
0.00771748 -0.01513 -0.00460938 0.00606373 -0.01513 0.0804471 0.00606373 -0.0167838 -0.00460938 0.00606373 0.011025 -0.0195048 0.00606373 -0.0167838 -0.0195048 0.0927505 
0.00771175 -0.015109 -0.00458977 0.00604592 -0.015109 0.0804259 0.00604592 -0.0167399 -0.00458977 0.00604592 0.0110318 -0.0195124 0.00604592 -0.0167399 -0.0195124 0.0927158 
0.00773427 -0.0150731 -0.00455915 0.00600133 -0.0150731 0.0802968 0.00600133 -0.0166316 -0.00455915 0.00600133 0.0110257 -0.0195508 0.00600133 -0.0166316 -0.0195508 0.0928112 
0.00777917 -0.0151062 -0.00457939 0.0059706 -0.0151062 0.0803075 0.0059706 -0.0165438 -0.00457939 0.0059706 0.0109789 -0.0195233 0.0059706 -0.0165438 -0.0195233 0.0928167 
0.00783668 -0.0151749 -0.00457913 0.00598185 -0.0151749 0.0804419 0.00599344 -0.0165428 -0.00457913 0.00599344 0.0109319 -0.0194758 0.00598185 -0.0165428 -0.0194758 0.092707 
0.00782536 -0.0152334 -0.00459088 0.00599365 -0.0152334 0.080607 0.00601683 -0.0165782 -0.00459088 0.00601683 0.0109323 -0.0194069 0.00599365 -0.0165782 -0.0194069 0.0925827 
0.0078172 -0.0153101 -0.00458609 0.00602214 -0.0153101 0.080882 0.00604531 -0.0166535 -0.00458609 0.00604531 0.0109557 -0.0193635 0.00602214 -0.0166535 -0.0193635 0.0923472 
0.00784245 -0.0152783 -0.00458929 0.00601836 -0.0152783 0.0808993 0.00601836 -0.0166492 -0.00458929 0.00601836 0.010933 -0.0193912 0.00601836 -0.0166492 -0.0193912 0.0923667 
0.0078684 -0.0152691 -0.00462985 0.00600945 -0.0152691 0.0808586 0.00600945 -0.016637 -0.00462985 0.00600945 0.0108848 -0.0193962 0.00600945 -0.016637 -0.0193962 0.0924099 
0.00786132 -0.0152904 -0.00464904 0.00605077 -0.0152904 0.080856 0.00607413 -0.0166922 -0.00464904 0.00607413 0.0108867 -0.0193554 0.00605077 -0.0166922 -0.0193554 0.0923851 
0.00783442 -0.0153064 -0.00464219 0.00610384 -0.0153064 0.0809051 0.00611553 -0.0168148 -0.00464219 0.00611553 0.0109097 -0.0193288 0.00610384 -0.0168148 -0.0193288 0.0922708 
0.00784127 -0.0152424 -0.00463295 0.00608075 -0.0152424 0.0808103 0.00609233 -0.0168524 -0.00463295 0.00609233 0.0109222 -0.0193657 0.00608075 -0.0168524 -0.0193657 0.0923116 
0.00786443 -0.0152765 -0.00461658 0.00607811 -0.0152765 0.080825 0.00606651 -0.0168192 -0.00461658 0.00606651 0.0109035 -0.0193595 0.00607811 -0.0168192 -0.0193595 0.09232 
0.00783028 -0.0153221 -0.00463282 0.00606817 -0.0153221 0.0809284 0.00606817 -0.0168042 -0.00463282 0.00606817 0.0109227 -0.0193365 0.00606817 -0.0168042 -0.0193365 0.0922712 
0.00775929 -0.0152494 -0.00465791 0.00606231 -0.0152494 0.0808347 0.00606231 -0.0167591 -0.00465791 0.00606231 0.0109894 -0.0193924 0.00606231 -0.0167591 -0.0193924 0.0923858 
0.00770059 -0.0151437 -0.00468121 0.00609728 -0.0151437 0.0805753 0.00608557 -0.0167821 -0.00468121 0.00608557 0.0110477 -0.0194855 0.00609728 -0.0167821 -0.0194855 0.0925943 
0.00762242 -0.0150458 -0.00470693 0.00614711 -0.0150458 0.0803105 0.00612369 -0.0168724 -0.00470693 0.00612369 0.0111116 -0.0195771 0.00614711 -0.0168724 -0.0195771 0.0928155 
0.00759834 -0.0149415 -0.00473301 0.00617148 -0.0149415 0.0800204 0.00614828 -0.0169832 -0.00473301 0.00614828 0.0111365 -0.0196629 0.00617148 -0.0169832 -0.0196629 0.0930594 
0.00761151 -0.0149223 -0.0047543 0.00622339 -0.0149223 0.0798746 0.00620026 -0.0170854 -0.0047543 0.00620026 0.0111628 -0.0196997 0.00622339 -0.0170854 -0.0196997 0.0932121 
0.00761331 -0.0149391 -0.00476119 0.00624475 -0.0149391 0.0798707 0.00624475 -0.0172047 -0.00476119 0.00624475 0.011167 -0.0197003 0.00624475 -0.0172047 -0.0197003 0.0932688 
0.00764472 -0.0150025 -0.00477508 0.00625581 -0.0150025 0.0800399 0.00625581 -0.0172867 -0.00477508 0.00625581 0.0111457 -0.0196742 0.00625581 -0.0172867 -0.0196742 0.0931944 
0.00765541 -0.0150687 -0.00479616 0.00628343 -0.0150687 0.0802666 0.00627191 -0.0173515 -0.00479616 0.00627191 0.0111372 -0.0196343 0.00628343 -0.0173515 -0.0196343 0.0930755 
0.00760399 -0.0150469 -0.00483158 0.00628106 -0.0150469 0.0802733 0.00628106 -0.0173362 -0.00483158 0.00628106 0.0111932 -0.0196715 0.00628106 -0.0173362 -0.0196715 0.093123 
0.0075524 -0.0149893 -0.00488481 0.00633986 -0.0149893 0.0801894 0.00633986 -0.0174259 -0.00488481 0.00633986 0.0112247 -0.019724 0.00633986 -0.0174259 -0.019724 0.0932271 
0.00757944 -0.0149274 -0.00492953 0.0064107 -0.0149274 0.0800528 0.00638756 -0.0175889 -0.00492953 0.00638756 0.0111898 -0.019776 0.0064107 -0.0175889 -0.019776 0.0933949 
0.00762627 -0.014929 -0.00493396 0.00644766 -0.014929 0.0799603 0.00644766 -0.0177368 -0.00493396 0.00644766 0.0111621 -0.019759 0.00644766 -0.0177368 -0.019759 0.0934564 
0.00762046 -0.0149675 -0.00494362 0.00645859 -0.0149675 0.0799749 0.00646999 -0.0178152 -0.00494362 0.00646999 0.0111858 -0.0197175 0.00645859 -0.0178152 -0.0197175 0.0934047 
0.00763954 -0.0149966 -0.00491598 0.00646423 -0.0149966 0.080057 0.00647553 -0.0178557 -0.00491598 0.00647553 0.0111881 -0.0197317 0.00646423 -0.0178557 -0.0197317 0.0933696 
0.00767748 -0.0150393 -0.00488157 0.00644863 -0.0150393 0.0801795 0.00644863 -0.0178239 -0.00488157 0.00644863 0.0111724 -0.0197405 0.00644863 -0.0178239 -0.0197405 0.0933811 
0.00768771 -0.0151383 -0.00486549 0.00640078 -0.0151383 0.0804443 0.00641207 -0.0177461 -0.00486549 0.00641207 0.0111647 -0.0196878 0.00640078 -0.0177461 -0.0196878 0.0932685 
0.0076562 -0.0151643 -0.00489906 0.00638017 -0.0151643 0.080618 0.00636877 -0.0176366 -0.00489906 0.00636877 0.0111881 -0.019676 0.00638017 -0.0176366 -0.019676 0.0932074 
0.00766728 -0.0150702 -0.00489695 0.00639132 -0.0150702 0.0804662 0.00637982 -0.0175876 -0.00489695 0.00637982 0.0111503 -0.0197602 0.00639132 -0.0175876 -0.0197602 0.0933868 
0.00768168 -0.0150294 -0.00491766 0.0063918 -0.0150294 0.0802603 0.00638028 -0.0175861 -0.00491766 0.00638028 0.0111137 -0.0197512 0.0063918 -0.0175861 -0.0197512 0.0935045 
0.00770162 -0.0150574 -0.00492304 0.00642186 -0.0150574 0.0802444 0.00644492 -0.0176515 -0.00492304 0.00644492 0.0110913 -0.0196922 0.00642186 -0.0176515 -0.0196922 0.093411 
0.00769019 -0.0151168 -0.0049396 0.00645243 -0.0151168 0.0804089 0.00647535 -0.0177642 -0.0049396 0.00647535 0.0111055 -0.019598 0.00645243 -0.0177642 -0.019598 0.0931533 
0.00762345 -0.0150981 -0.0049335 0.0064559 -0.0150981 0.0804011 0.00646734 -0.0178224 -0.0049335 0.00646734 0.0111834 -0.019631 0.0064559 -0.0178224 -0.019631 0.0931068 
0.00755953 -0.0149931 -0.00495951 0.00645996 -0.0149931 0.0801998 0.00645996 -0.0178222 -0.00495951 0.00645996 0.0112477 -0.019735 0.00645996 -0.0178222 -0.019735 0.0933029 
0.00749559 -0.0148545 -0.00493251 0.00647035 -0.0148545 0.0798542 0.00644757 -0.0178049 -0.00493251 0.00644757 0.0113345 -0.0198781 0.00647035 -0.0178049 -0.0198781 0.0936606 
0.00742264 -0.0147888 -0.00494843 0.00646233 -0.0147888 0.0795928 0.00642843 -0.0177714 -0.00494843 0.00642843 0.0114108 -0.0199745 0.00646233 -0.0177714 -0.0199745 0.093941 
0.00737458 -0.0147379 -0.00492766 0.00647249 -0.0147379 0.0794741 0.00644994 -0.017805 -0.00492766 0.00644994 0.0114678 -0.0200489 0.00647249 -0.017805 -0.0200489 0.0941443 
0.00735493 -0.0146873 -0.00493718 0.0064624 -0.0146873 0.0793791 0.0064398 -0.0178055 -0.00493718 0.0064398 0.01149 -0.0201103 0.0064624 -0.0178055 -0.0201103 0.0943488 
0.00738499 -0.0146448 -0.00492712 0.00645191 -0.0146448 0.0792549 0.00642915 -0.0177513 -0.00492712 0.00642915 0.0114587 -0.020175 0.00645191 -0.0177513 -0.020175 0.0945369 
0.0073821 -0.0147071 -0.00489093 0.00643362 -0.0147071 0.079329 0.00643362 -0.0177467 -0.00489093 0.00643362 0.0114274 -0.0200894 0.00643362 -0.0177467 -0.0200894 0.0944589 
0.00738958 -0.0147107 -0.00486937 0.00638606 -0.0147107 0.0793696 0.00639746 -0.0176757 -0.00486937 0.00639746 0.0114265 -0.0200705 0.00638606 -0.0176757 -0.0200705 0.0943654 
0.00733371 -0.0146902 -0.00485503 0.00635588 -0.0146902 0.0793064 0.00635588 -0.0175782 -0.00485503 0.00635588 0.0114838 -0.020091 0.00635588 -0.0175782 -0.020091 0.0943718 
0.00734911 -0.0146416 -0.00486921 0.00635262 -0.0146416 0.0792209 0.00635262 -0.0175292 -0.00486921 0.00635262 0.011471 -0.0201336 0.00635262 -0.0175292 -0.0201336 0.0944287 
0.0073705 -0.0147069 -0.00487955 0.00639232 -0.0147069 0.0793694 0.00639232 -0.0175959 -0.00487955 0.00639232 0.0114539 -0.0200755 0.00639232 -0.0175959 -0.0200755 0.0943152 
0.00742295 -0.0147091 -0.00486882 0.00639673 -0.0147091 0.0794404 0.00639673 -0.0176395 -0.00486882 0.00639673 0.011391 -0.0200682 0.00639673 -0.0176395 -0.0200682 0.0942635 
0.00746584 -0.0147602 -0.00484765 0.00636826 -0.0147602 0.0794832 0.00637969 -0.0175956 -0.00484765 0.00637969 0.0113417 -0.020008 0.00636826 -0.0175956 -0.020008 0.0941977 
0.0074927 -0.0148135 -0.00482328 0.00633557 -0.0148135 0.0796128 0.00635848 -0.0175402 -0.00482328 0.00635848 0.0113192 -0.0199462 0.00633557 -0.0175402 -0.0199462 0.0940482 
0.00744554 -0.0148566 -0.00479134 0.00630802 -0.0148566 0.0797408 0.00631951 -0.0174878 -0.00479134 0.00631951 0.0113521 -0.0198892 0.00630802 -0.0174878 -0.0198892 0.093862 
0.00742209 -0.0148327 -0.0047648 0.00628816 -0.0148327 0.0797989 0.00628816 -0.0174327 -0.0047648 0.00628816 0.0113737 -0.0199068 0.00628816 -0.0174327 -0.0199068 0.0937611 
0.00736589 -0.0147432 -0.00472378 0.006245 -0.0147432 0.0795837 0.00623356 -0.0173167 -0.00472378 0.00623356 0.0114377 -0.0199817 0.006245 -0.0173167 -0.0199817 0.093938 
0.00731841 -0.0146826 -0.0046957 0.00619603 -0.0146826 0.0794031 0.00618458 -0.0171908 -0.0046957 0.00618458 0.0114873 -0.0200655 0.00619603 -0.0171908 -0.0200655 0.0940972 
0.00731425 -0.0146285 -0.00467745 0.00616782 -0.0146285 0.0792644 0.00613342 -0.0170704 -0.00467745 0.00613342 0.0114873 -0.0201085 0.00616782 -0.0170704 -0.0201085 0.0942598 
0.00731022 -0.0146318 -0.004684 0.00615059 -0.0146318 0.0792187 0.00613922 -0.0170079 -0.004684 0.00613922 0.0115054 -0.0201003 0.00615059 -0.0170079 -0.0201003 0.0942939 
0.00730191 -0.0146264 -0.00469489 0.00615076 -0.0146264 0.0792037 0.00613947 -0.0169964 -0.00469489 0.00613947 0.0115454 -0.0201226 0.00615076 -0.0169964 -0.0201226 0.0943492 
0.00724302 -0.0146327 -0.0046933 0.00615996 -0.0146327 0.0792333 0.00615996 -0.0170245 -0.0046933 0.00615996 0.0115979 -0.0201609 0.00615996 -0.0170245 -0.0201609 0.0944075 
0.00722721 -0.0145912 -0.00470795 0.00617847 -0.0145912 0.079203 0.00615567 -0.0170535 -0.00470795 0.00615567 0.0115932 -0.0202225 0.00617847 -0.0170535 -0.0202225 0.0945237 
0.007227 -0.0145693 -0.00471426 0.00618963 -0.0145693 0.0791627 0.0061781 -0.017082 -0.00471426 0.0061781 0.0115609 -0.0202287 0.00618963 -0.017082 -0.0202287 0.0945849 
0.00726308 -0.0145377 -0.00469146 0.00618578 -0.0145377 0.0790599 0.0061742 -0.0170862 -0.00469146 0.0061742 0.0115144 -0.0202138 0.00618578 -0.0170862 -0.0202138 0.094617 
0.00732102 -0.0145843 -0.00467667 0.00616628 -0.0145843 0.0790993 0.00616628 -0.0170785 -0.00467667 0.00616628 0.011455 -0.0201155 0.00616628 -0.0170785 -0.0201155 0.0944457 
0.00738148 -0.014659 -0.0046553 0.00614546 -0.014659 0.079221 0.00614546 -0.0170386 -0.0046553 0.00614546 0.0114014 -0.0200305 0.00614546 -0.0170386 -0.0200305 0.0942034 
