0.00968554 0 0.00316793 0 0 0.00998416 0 0 0.00316793 0 0.00498559 0 0 0 0 0.00998416 
0.0133404 -0.0165138 0.00457452 -0.00564031 -0.0165138 0.0408354 -0.00564031 0.0108136 0.00457452 -0.00564031 0.00736474 -0.00920892 -0.00564031 0.0108136 -0.00920892 0.0268603 
0.0129915 -0.023681 0.0042611 -0.0070651 -0.023681 0.08472 -0.0070651 0.0224932 0.0042611 -0.0070651 0.00778753 -0.0153302 -0.0070651 0.0224932 -0.0153302 0.0584432 
0.0121444 -0.0221869 0.00381849 -0.00538325 -0.0221869 0.0959993 -0.00538325 0.0192793 0.00381849 -0.00538325 0.00748517 -0.0162081 -0.00538325 0.0192793 -0.0162081 0.0760078 
0.0122458 -0.0211398 0.00382752 -0.00478993 -0.0211398 0.096407 -0.00475674 0.0152658 0.00382752 -0.00475674 0.0073453 -0.0157857 -0.00478993 0.0152658 -0.0157857 0.0817275 
0.0125144 -0.02121 0.00396695 -0.00490844 -0.02121 0.096709 -0.00486613 0.0139637 0.00396695 -0.00486613 0.00738382 -0.0154764 -0.00490844 0.0139637 -0.0154764 0.0827771 
0.0126324 -0.0214556 0.00406667 -0.0051271 -0.0214556 0.0973942 -0.00510651 0.0140017 0.00406667 -0.00510651 0.00748474 -0.0154225 -0.0051271 0.0140017 -0.0154225 0.0828469 
0.0126625 -0.0215283 0.00409729 -0.00526938 -0.0215283 0.0978141 -0.00523933 0.0142654 0.00409729 -0.00523933 0.00759352 -0.0154876 -0.00526938 0.0142654 -0.0154876 0.0829076 
0.0126188 -0.0215031 0.00413747 -0.00530697 -0.0215031 0.0978251 -0.00529714 0.0144467 0.00413747 -0.00529714 0.0076951 -0.0156064 -0.00530697 0.0144467 -0.0156064 0.0831327 
0.0126103 -0.0214161 0.00414506 -0.00536133 -0.0214161 0.0976229 -0.0053516 0.0146147 0.00414506 -0.0053516 0.00773549 -0.0157629 -0.00536133 0.0146147 -0.0157629 0.083485 
0.0126172 -0.021419 0.00411792 -0.0053572 -0.021419 0.0975322 -0.0053572 0.0146859 0.00411792 -0.0053572 0.00768938 -0.0158179 -0.0053572 0.0146859 -0.0158179 0.0837245 
0.0126559 -0.0214722 0.00409227 -0.00529759 -0.0214722 0.0976312 -0.00530731 0.0146097 0.00409227 -0.00530731 0.00764991 -0.015747 -0.00529759 0.0146097 -0.015747 0.0836922 
0.0126302 -0.0214714 0.00410483 -0.00530865 -0.0214714 0.0976476 -0.00531852 0.0146037 0.00410483 -0.00531852 0.00759788 -0.0157089 -0.00530865 0.0146037 -0.0157089 0.0835965 
0.0126391 -0.0214864 0.00407038 -0.00528453 -0.0214864 0.0977389 -0.00530443 0.0145698 0.00407038 -0.00530443 0.00752374 -0.0156147 -0.00528453 0.0145698 -0.0156147 0.0833781 
0.0126468 -0.0215214 0.00402037 -0.00524137 -0.0215214 0.0978389 -0.00526122 0.0144634 0.00402037 -0.00526122 0.00749476 -0.0154958 -0.00524137 0.0144634 -0.0154958 0.0830678 
0.012654 -0.0215776 0.00399548 -0.0051637 -0.0215776 0.0980317 -0.00517351 0.0142542 0.00399548 -0.00517351 0.00753939 -0.0154322 -0.0051637 0.0142542 -0.0154322 0.0827959 
0.0126461 -0.0215653 0.00400831 -0.00515354 -0.0215653 0.0980725 -0.00515354 0.0141407 0.00400831 -0.00515354 0.0076284 -0.0154994 -0.00515354 0.0141407 -0.0154994 0.0828254 
0.0126091 -0.0214987 0.00404074 -0.00517993 -0.0214987 0.0978832 -0.0051702 0.0141961 0.00404074 -0.0051702 0.00767253 -0.0156566 -0.00517993 0.0141961 -0.0156566 0.0831613 
0.0125986 -0.0214147 0.0040682 -0.0052404 -0.0214147 0.0976369 -0.00523055 0.0143224 0.0040682 -0.00523055 0.00761434 -0.0157409 -0.0052404 0.0143224 -0.0157409 0.0834721 
0.0125829 -0.0214028 0.00409142 -0.00526609 -0.0214028 0.0975173 -0.00526609 0.0144146 0.00409142 -0.00526609 0.0075557 -0.0156589 -0.00526609 0.0144146 -0.0156589 0.083471 
0.0125537 -0.0214116 0.00410758 -0.00529265 -0.0214116 0.0975174 -0.00529265 0.0145021 0.00410758 -0.00529265 0.00752219 -0.0155465 -0.00529265 0.0145021 -0.0155465 0.0832162 
0.0124945 -0.0213991 0.00415146 -0.00531467 -0.0213991 0.0975793 -0.00531467 0.0145401 0.00415146 -0.00531467 0.00754081 -0.0154526 -0.00531467 0.0145401 -0.0154526 0.0829088 
0.0123882 -0.021302 0.00423407 -0.00538882 -0.021302 0.0973532 -0.00537869 0.0147179 0.00423407 -0.00537869 0.00758688 -0.0154979 -0.00538882 0.0147179 -0.0154979 0.0828378 
0.0123811 -0.0212076 0.00421742 -0.00548264 -0.0212076 0.0971613 -0.00545252 0.0148815 0.00421742 -0.00545252 0.00761144 -0.0155342 -0.00548264 0.0148815 -0.0155342 0.0828622 
0.0124221 -0.0211895 0.00418398 -0.00546213 -0.0211895 0.0970403 -0.00544216 0.0149385 0.00418398 -0.00544216 0.00760904 -0.0155576 -0.00546213 0.0149385 -0.0155576 0.0829306 
0.0124856 -0.0212404 0.00411875 -0.00541207 -0.0212404 0.0970791 -0.00540213 0.0148633 0.00411875 -0.00540213 0.00757093 -0.0155498 -0.00541207 0.0148633 -0.0155498 0.082952 
0.0125514 -0.0213175 0.00404435 -0.00531941 -0.0213175 0.0972437 -0.00531941 0.0146931 0.00404435 -0.00531941 0.00752089 -0.01551 -0.00531941 0.0146931 -0.01551 0.0829191 
0.0125525 -0.0213972 0.00401759 -0.00522686 -0.0213972 0.0974515 -0.00523686 0.0144713 0.00401759 -0.00523686 0.00751549 -0.0154607 -0.00522686 0.0144713 -0.0154607 0.0828103 
0.0125378 -0.0214209 0.00410293 -0.00517846 -0.0214209 0.097604 -0.00519837 0.0143005 0.00410293 -0.00519837 0.0075486 -0.0154457 -0.00517846 0.0143005 -0.0154457 0.0827358 
0.0125392 -0.0213388 0.00412261 -0.00530194 -0.0213388 0.0974105 -0.00531202 0.0144745 0.00412261 -0.00531202 0.00748924 -0.0155127 -0.00530194 0.0144745 -0.0155127 0.0828554 
0.0125246 -0.0213273 0.00409711 -0.0053445 -0.0213273 0.0973065 -0.00535464 0.0146441 0.00409711 -0.00535464 0.00744377 -0.0154453 -0.0053445 0.0146441 -0.0154453 0.0828043 
0.0125054 -0.0213424 0.00408403 -0.00531025 -0.0213424 0.0973479 -0.00532039 0.0146539 0.00408403 -0.00532039 0.00743841 -0.0153531 -0.00531025 0.0146539 -0.0153531 0.0825623 
0.0125055 -0.0213531 0.00408118 -0.00529042 -0.0213531 0.0974142 -0.0053005 0.0145814 0.00408118 -0.0053005 0.00745697 -0.0153069 -0.00529042 0.0145814 -0.0153069 0.0823693 
0.0125108 -0.0213702 0.00407052 -0.00526773 -0.0213702 0.0974829 -0.00526773 0.0144962 0.00407052 -0.00526773 0.0075125 -0.0153243 -0.00526773 0.0144962 -0.0153243 0.0822982 
0.0125011 -0.0213726 0.00403517 -0.00525165 -0.0213726 0.0975166 -0.00523187 0.0144198 0.00403517 -0.00523187 0.00758572 -0.0154088 -0.00525165 0.0144198 -0.0154088 0.0824342 
0.0124187 -0.0212664 0.00405264 -0.0052564 -0.0212664 0.0972434 -0.00523634 0.0144551 0.00405264 -0.00523634 0.00761375 -0.0155686 -0.0052564 0.0144551 -0.0155686 0.0828284 
0.0123547 -0.0211606 0.00408773 -0.00526728 -0.0211606 0.0969566 -0.00524694 0.0144799 0.00408773 -0.00524694 0.00760603 -0.0156188 -0.00526728 0.0144799 -0.0156188 0.0831071 
0.0122798 -0.0210864 0.00413096 -0.00529215 -0.0210864 0.0967281 -0.00528187 0.01452 0.00413096 -0.00528187 0.00760425 -0.0155784 -0.00529215 0.01452 -0.0155784 0.0831227 
0.0122028 -0.0209838 0.0041741 -0.00536964 -0.0209838 0.0964886 -0.00533872 0.0146557 0.0041741 -0.00533872 0.00763705 -0.0155627 -0.00536964 0.0146557 -0.0155627 0.0830387 
0.0121979 -0.0209048 0.00420368 -0.00543276 -0.0209048 0.0962508 -0.00540178 0.0148213 0.00420368 -0.00540178 0.00760174 -0.0155546 -0.00543276 0.0148213 -0.0155546 0.0829684 
0.0122536 -0.0209273 0.0042141 -0.00545174 -0.0209273 0.0962083 -0.00544151 0.0149335 0.0042141 -0.00544151 0.00756902 -0.015496 -0.00545174 0.0149335 -0.015496 0.0828194 
0.0123141 -0.0209757 0.0041625 -0.00546838 -0.0209757 0.0962782 -0.00545818 0.0149972 0.0041625 -0.00545818 0.00752923 -0.0154665 -0.00546838 0.0149972 -0.0154665 0.0826889 
0.0123358 -0.0210579 0.00410512 -0.00540524 -0.0210579 0.0964344 -0.00541548 0.0149463 0.00410512 -0.00541548 0.00747315 -0.015407 -0.00540524 0.0149463 -0.015407 0.0825527 
0.0123472 -0.0211051 0.00408155 -0.00531217 -0.0211051 0.0966035 -0.00533268 0.0147777 0.00408155 -0.00533268 0.00746575 -0.015352 -0.00531217 0.0147777 -0.015352 0.0824001 
0.0123342 -0.0211238 0.00411822 -0.00528607 -0.0211238 0.0967372 -0.00530656 0.0146391 0.00411822 -0.00530656 0.0074886 -0.0153153 -0.00528607 0.0146391 -0.0153153 0.0822927 
0.0122725 -0.0210756 0.00414263 -0.00534399 -0.0210756 0.0966683 -0.00535435 0.0146856 0.00414263 -0.00535435 0.00750852 -0.0153588 -0.00534399 0.0146856 -0.0153588 0.0823141 
0.0122283 -0.0209866 0.0042077 -0.00538171 -0.0209866 0.0964655 -0.00538171 0.0147841 0.0042077 -0.00538171 0.00752192 -0.0153867 -0.00538171 0.0147841 -0.0153867 0.0823879 
0.0121632 -0.020884 0.00430823 -0.00549743 -0.020884 0.0961581 -0.005487 0.0150214 0.00430823 -0.005487 0.00753158 -0.0154074 -0.00549743 0.0150214 -0.0154074 0.0824614 
0.0121721 -0.0208502 0.00437532 -0.00561949 -0.0208502 0.0960187 -0.00560912 0.0153136 0.00437532 -0.00560912 0.00751685 -0.0153862 -0.00561949 0.0153136 -0.0153862 0.082395 
0.0121642 -0.0209089 0.00442897 -0.00569586 -0.0209089 0.0961602 -0.00568556 0.015522 0.00442897 -0.00568556 0.00754985 -0.015316 -0.00569586 0.015522 -0.015316 0.0822244 
0.0121524 -0.0209319 0.00445621 -0.00575423 -0.0209319 0.0962787 -0.00574401 0.0156989 0.00445621 -0.00574401 0.00761439 -0.0153514 -0.00575423 0.0156989 -0.0153514 0.0821741 
0.0121551 -0.0209026 0.00444499 -0.00577747 -0.0209026 0.0962843 -0.00576729 0.0157965 0.00444499 -0.00576729 0.00764904 -0.0154405 -0.00577747 0.0157965 -0.0154405 0.0823492 
0.0121923 -0.0209097 0.00440954 -0.00576085 -0.0209097 0.0962885 -0.00575069 0.0157992 0.00440954 -0.00575069 0.00763033 -0.0155147 -0.00576085 0.0157992 -0.0155147 0.082562 
0.0122352 -0.020931 0.00438351 -0.00571585 -0.020931 0.096305 -0.00570568 0.0157033 0.00438351 -0.00570568 0.00760758 -0.0155304 -0.00571585 0.0157033 -0.0155304 0.0827172 
0.0122562 -0.0209903 0.00436703 -0.00565984 -0.0209903 0.096431 -0.00567002 0.0155849 0.00436703 -0.00567002 0.00758378 -0.0154933 -0.00565984 0.0155849 -0.0154933 0.082709 
0.0122647 -0.0210267 0.00436575 -0.00564501 -0.0210267 0.0965236 -0.00565517 0.0155136 0.00436575 -0.00565517 0.00758422 -0.015473 -0.00564501 0.0155136 -0.015473 0.0826649 
0.0122282 -0.0210223 0.00441233 -0.00564534 -0.0210223 0.0965313 -0.00565553 0.0155196 0.00441233 -0.00565553 0.00760185 -0.0154788 -0.00564534 0.0155196 -0.0154788 0.0826625 
0.0121767 -0.0209925 0.0044641 -0.00570016 -0.0209925 0.0964941 -0.00570016 0.0155784 0.0044641 -0.00570016 0.00765129 -0.0154967 -0.00570016 0.0155784 -0.0154967 0.082683 
0.0121578 -0.0209077 0.00447219 -0.00577189 -0.0209077 0.0963414 -0.00576165 0.0157397 0.00447219 -0.00576165 0.00766515 -0.0155554 -0.00577189 0.0157397 -0.0155554 0.0827816 
0.0121328 -0.0208286 0.00441003 -0.00580757 -0.0208286 0.0960786 -0.00579722 0.0158802 0.00441003 -0.00579722 0.00761921 -0.0155904 -0.00580757 0.0158802 -0.0155904 0.0829106 
0.0120962 -0.0207812 0.0043425 -0.00574466 -0.0207812 0.0958699 -0.0057342 0.0158528 0.0043425 -0.0057342 0.00757584 -0.0155388 -0.00574466 0.0158528 -0.0155388 0.0828738 
0.0121163 -0.020808 0.00429899 -0.00563137 -0.020808 0.095931 -0.00563137 0.0156034 0.00429899 -0.00563137 0.00755707 -0.0154264 -0.00563137 0.0156034 -0.0154264 0.0826073 
0.0121151 -0.0208176 0.00433569 -0.00557002 -0.0208176 0.0959661 -0.00557002 0.0154135 0.00433569 -0.00557002 0.00757191 -0.0153928 -0.00557002 0.0154135 -0.0153928 0.0824197 
0.0121183 -0.0208228 0.00435227 -0.00562082 -0.0208228 0.0959767 -0.00562082 0.0153979 0.00435227 -0.00562082 0.00758037 -0.0154083 -0.00562082 0.0153979 -0.0154083 0.082363 
0.0121366 -0.0208264 0.0043397 -0.00564784 -0.0208264 0.095951 -0.00563746 0.01549 0.0043397 -0.00563746 0.00755814 -0.0154381 -0.00564784 0.01549 -0.0154381 0.0824232 
0.0121704 -0.0208531 0.00429971 -0.00563231 -0.0208531 0.0960095 -0.00564272 0.0155123 0.00429971 -0.00564272 0.00751668 -0.0154082 -0.00563231 0.0155123 -0.0154082 0.0824128 
0.0121718 -0.0209001 0.00427573 -0.00557613 -0.0209001 0.0961258 -0.00559694 0.015428 0.00427573 -0.00559694 0.00752153 -0.0153448 -0.00557613 0.015428 -0.0153448 0.0822895 
0.0121405 -0.0208763 0.00425855 -0.00554966 -0.0208763 0.0960934 -0.00556007 0.0153475 0.00425855 -0.00556007 0.00753837 -0.0153579 -0.00554966 0.0153475 -0.0153579 0.0822661 
0.012147 -0.0209031 0.00425919 -0.00551007 -0.0209031 0.0961936 -0.00549973 0.0151863 0.00425919 -0.00549973 0.00755696 -0.0153414 -0.00551007 0.0151863 -0.0153414 0.0822065 
0.0121452 -0.0208454 0.00428288 -0.00554498 -0.0208454 0.0960544 -0.00553464 0.0152177 0.00428288 -0.00553464 0.00757262 -0.0154142 -0.00554498 0.0152177 -0.0154142 0.0823471 
0.0121608 -0.0208413 0.00433507 -0.00557072 -0.0208413 0.0959893 -0.00556042 0.0152809 0.00433507 -0.00556042 0.00756835 -0.0154353 -0.00557072 0.0152809 -0.0154353 0.0824589 
0.0121306 -0.0208366 0.00440456 -0.00563206 -0.0208366 0.0959513 -0.00563206 0.0154211 0.00440456 -0.00563206 0.00758162 -0.0154417 -0.00563206 0.0154211 -0.0154417 0.0825004 
0.0121394 -0.0208267 0.00443121 -0.00571935 -0.0208267 0.0959511 -0.00572966 0.0156226 0.00443121 -0.00572966 0.00756397 -0.0154474 -0.00571935 0.0156226 -0.0154474 0.0825029 
0.0121677 -0.0208793 0.00444785 -0.00574642 -0.0208793 0.0960736 -0.00575665 0.0157464 0.00444785 -0.00575665 0.00756646 -0.0153988 -0.00574642 0.0157464 -0.0153988 0.0824131 
0.012178 -0.0209332 0.00443853 -0.00574876 -0.0209332 0.0962359 -0.00575892 0.0157939 0.00443853 -0.00575892 0.00758715 -0.0153876 -0.00574876 0.0157939 -0.0153876 0.0823515 
0.0121218 -0.0209386 0.0044745 -0.00575583 -0.0209386 0.0962831 -0.005766 0.0158031 0.0044745 -0.005766 0.0076575 -0.015437 -0.00575583 0.0158031 -0.015437 0.0824223 
0.0120633 -0.020871 0.00451099 -0.00579692 -0.020871 0.0962208 -0.00579692 0.0158599 0.00451099 -0.00579692 0.00771562 -0.0155333 -0.00579692 0.0158599 -0.0155333 0.0826164 
0.0120225 -0.0207624 0.00451356 -0.00583686 -0.0207624 0.0959952 -0.0058266 0.0159411 0.00451356 -0.0058266 0.0077346 -0.0156231 -0.00583686 0.0159411 -0.0156231 0.0828751 
0.0119582 -0.0206579 0.00452053 -0.00587566 -0.0206579 0.0956657 -0.00585497 0.0160546 0.00452053 -0.00585497 0.00773766 -0.0156822 -0.00587566 0.0160546 -0.0156822 0.0830868 
0.0118664 -0.0206105 0.00457436 -0.00587094 -0.0206105 0.095491 -0.0058502 0.0160777 0.00457436 -0.0058502 0.00780026 -0.0156524 -0.00587094 0.0160777 -0.0156524 0.083106 
0.011839 -0.0204616 0.00458893 -0.00595095 -0.0204616 0.0951523 -0.00592999 0.0162289 0.00458893 -0.00592999 0.00776347 -0.015726 -0.00595095 0.0162289 -0.015726 0.083198 
0.0118407 -0.0204052 0.00460354 -0.00598355 -0.0204052 0.0948624 -0.00597301 0.016381 0.00460354 -0.00597301 0.00771119 -0.0156963 -0.00598355 0.016381 -0.0156963 0.0832008 
0.0118967 -0.0204916 0.00459095 -0.00597453 -0.0204916 0.095016 -0.00596405 0.0163933 0.00459095 -0.00596405 0.00766207 -0.0155443 -0.00597453 0.0163933 -0.0155443 0.0828678 
0.0119109 -0.0205168 0.00454051 -0.00597658 -0.0205168 0.0950551 -0.00597658 0.0164303 0.00454051 -0.00597658 0.00761328 -0.0154905 -0.00597658 0.0164303 -0.0154905 0.0826479 
0.0119238 -0.0205349 0.00451259 -0.00590353 -0.0205349 0.0951147 -0.00592476 0.0163621 0.00451259 -0.00592476 0.00757053 -0.0154277 -0.00590353 0.0163621 -0.0154277 0.0824476 
0.0119074 -0.0205857 0.00450379 -0.0058528 -0.0205857 0.09527 -0.00588466 0.0162306 0.00450379 -0.00588466 0.00757358 -0.0153384 -0.0058528 0.0162306 -0.0153384 0.0821941 
0.0119492 -0.0206069 0.00449816 -0.00583174 -0.0206069 0.0954034 -0.0058529 0.0161087 0.00449816 -0.0058529 0.00754633 -0.0153149 -0.00583174 0.0161087 -0.0153149 0.0820148 
0.0119837 -0.0205903 0.00448858 -0.00585421 -0.0205903 0.0953188 -0.00585421 0.0161335 0.00448858 -0.00585421 0.00752684 -0.0153395 -0.00585421 0.0161335 -0.0153395 0.082033 
0.0120264 -0.0206467 0.00447837 -0.00583449 -0.0206467 0.0954228 -0.005845 0.0161053 0.00447837 -0.005845 0.00749548 -0.0152748 -0.00583449 0.0161053 -0.0152748 0.0819457 
0.0120009 -0.0207049 0.00448327 -0.0058272 -0.0207049 0.0955556 -0.0058482 0.0160852 0.00448327 -0.0058482 0.00752811 -0.0152557 -0.0058272 0.0160852 -0.0152557 0.0818538 
0.0119985 -0.0206969 0.00443882 -0.00583057 -0.0206969 0.0956508 -0.00584111 0.0160683 0.00443882 -0.00584111 0.00753862 -0.0152776 -0.00583057 0.0160683 -0.0152776 0.0818493 
0.0119749 -0.0207136 0.00442734 -0.00577663 -0.0207136 0.095736 -0.00577663 0.0159384 0.00442734 -0.00577663 0.00755811 -0.0152743 -0.00577663 0.0159384 -0.0152743 0.0818637 
0.0119894 -0.020707 0.00442154 -0.00572814 -0.020707 0.0957792 -0.00571769 0.0157942 0.00442154 -0.00571769 0.00760965 -0.0153134 -0.00572814 0.0157942 -0.0153134 0.0819292 
0.0120046 -0.0206659 0.00442991 -0.00574635 -0.0206659 0.0956505 -0.00572545 0.0157659 0.00442991 -0.00572545 0.00761652 -0.0154211 -0.00574635 0.0157659 -0.0154211 0.0821518 
0.0120377 -0.0206553 0.00438679 -0.00576935 -0.0206553 0.0955321 -0.00574856 0.0158111 0.00438679 -0.00574856 0.00759891 -0.0154577 -0.00576935 0.0158111 -0.0154577 0.0823822 
0.0120422 -0.0207121 0.00436099 -0.00570364 -0.0207121 0.0955984 -0.00570364 0.0157475 0.00436099 -0.00570364 0.00758751 -0.0154248 -0.00570364 0.0157475 -0.0154248 0.0824009 
0.0120628 -0.0207313 0.00433425 -0.00567108 -0.0207313 0.0956668 -0.00567108 0.0156451 0.00433425 -0.00567108 0.00756144 -0.0154257 -0.00567108 0.0156451 -0.0154257 0.0823925 
0.0120689 -0.0207136 0.00431709 -0.00565108 -0.0207136 0.0956377 -0.00565108 0.0156088 0.00431709 -0.00565108 0.00752077 -0.0154092 -0.00565108 0.0156088 -0.0154092 0.0823714 
0.012094 -0.020782 0.0042654 -0.00559637 -0.020782 0.0957881 -0.00561733 0.0154791 0.0042654 -0.00561733 0.00749327 -0.0153219 -0.00559637 0.0154791 -0.0153219 0.0821954 
0.0121196 -0.0208035 0.00420496 -0.00554338 -0.0208035 0.0958709 -0.00555392 0.0153549 0.00420496 -0.00555392 0.00746143 -0.0152812 -0.00554338 0.0153549 -0.0152812 0.0820546 
0.0120982 -0.0208241 0.00420487 -0.00546949 -0.0208241 0.0959427 -0.00546949 0.0151649 0.00420487 -0.00546949 0.00748235 -0.0152387 -0.00546949 0.0151649 -0.0152387 0.081937 
0.0121072 -0.0208004 0.00422541 -0.0054688 -0.0208004 0.09592 -0.0054688 0.0150998 0.00422541 -0.0054688 0.0074814 -0.0152578 -0.0054688 0.0150998 -0.0152578 0.0819055 
0.0120917 -0.0207393 0.00423899 -0.00552129 -0.0207393 0.0957377 -0.00551069 0.0151862 0.00423899 -0.00551069 0.00746063 -0.0152922 -0.00552129 0.0151862 -0.0152922 0.0820033 
0.0120655 -0.0207231 0.00428644 -0.00552474 -0.0207231 0.0956564 -0.00553533 0.0152618 0.00428644 -0.00553533 0.00747216 -0.0152618 -0.00552474 0.0152618 -0.0152618 0.0819716 
0.0120089 -0.0207214 0.00429266 -0.00558576 -0.0207214 0.0956257 -0.00559636 0.0153688 0.00429266 -0.00559636 0.00751481 -0.0152522 -0.00558576 0.0153688 -0.0152522 0.0818998 
0.0119534 -0.0206584 0.00427818 -0.00559454 -0.0206584 0.0955636 -0.00559454 0.0154248 0.00427818 -0.00559454 0.00755847 -0.0152868 -0.00559454 0.0154248 -0.0152868 0.0819011 
0.0119575 -0.0206307 0.00426219 -0.00558018 -0.0206307 0.0955008 -0.00555892 0.0153694 0.00426219 -0.00555892 0.00754653 -0.0153163 -0.00558018 0.0153694 -0.0153163 0.0819595 
0.011948 -0.0206171 0.00426561 -0.00554954 -0.0206171 0.0954245 -0.00553893 0.0153116 0.00426561 -0.00553893 0.00756563 -0.0153329 -0.00554954 0.0153116 -0.0153329 0.0820335 
0.0119894 -0.0206361 0.00424953 -0.00555708 -0.0206361 0.0955037 -0.00553599 0.0152582 0.00424953 -0.00553599 0.00758167 -0.0153321 -0.00555708 0.0152582 -0.0153321 0.0820381 
0.0120183 -0.0206626 0.00426455 -0.00553239 -0.0206626 0.0955489 -0.00551143 0.0152141 0.00426455 -0.00551143 0.00759655 -0.0153712 -0.00553239 0.0152141 -0.0153712 0.0821161 
0.0120504 -0.0206981 0.00428738 -0.00553613 -0.0206981 0.0955919 -0.00553613 0.0152244 0.00428738 -0.00553613 0.00759657 -0.0154013 -0.00553613 0.0152244 -0.0154013 0.0822303 
0.0121107 -0.0207283 0.00430881 -0.00557426 -0.0207283 0.0956305 -0.00557426 0.01529 0.00430881 -0.00557426 0.00754042 -0.015426 -0.00557426 0.01529 -0.015426 0.082359 
0.0121447 -0.020794 0.00432464 -0.00558425 -0.020794 0.0957824 -0.00560524 0.0153672 0.00432464 -0.00560524 0.00749465 -0.0153672 -0.00558425 0.0153672 -0.0153672 0.0823256 
0.012222 -0.0208863 0.00429027 -0.00558782 -0.0208863 0.0960393 -0.00561921 0.0153927 0.00429027 -0.00561921 0.00743996 -0.0152776 -0.00558782 0.0153927 -0.0152776 0.0821117 
0.0122503 -0.021005 0.00426905 -0.00554771 -0.021005 0.0963734 -0.00557864 0.0153232 0.00426905 -0.00557864 0.007476 -0.0151892 -0.00554771 0.0153232 -0.0151892 0.0818545 
0.0122081 -0.021 0.00426772 -0.00553983 -0.021 0.096434 -0.0055706 0.0153063 0.00426772 -0.0055706 0.00754032 -0.0152653 -0.00553983 0.0153063 -0.0152653 0.0819176 
0.0121564 -0.0209394 0.00429895 -0.00555367 -0.0209394 0.0963253 -0.00555367 0.0153034 0.00429895 -0.00555367 0.0076003 -0.015396 -0.00555367 0.0153034 -0.015396 0.082184 
0.0121278 -0.020832 0.00430543 -0.00558149 -0.020832 0.0960681 -0.00558149 0.0153543 0.00430543 -0.00558149 0.00758377 -0.0154892 -0.00558149 0.0153543 -0.0154892 0.0825086 
0.0121418 -0.0208189 0.00430195 -0.00559987 -0.0208189 0.0959618 -0.0055894 0.0153865 0.00430195 -0.0055894 0.00753627 -0.0154598 -0.00559987 0.0153865 -0.0154598 0.0825849 
0.0121456 -0.0208375 0.00427247 -0.00559515 -0.0208375 0.0959784 -0.00559515 0.0153893 0.00427247 -0.00559515 0.0074952 -0.0153683 -0.00559515 0.0153893 -0.0153683 0.0824262 
0.0121398 -0.0208619 0.00422481 -0.00554571 -0.0208619 0.0960069 -0.0055562 0.0153267 0.00422481 -0.0055562 0.00750611 -0.0153162 -0.00554571 0.0153267 -0.0153162 0.0822212 
0.0120913 -0.0208123 0.00422354 -0.00550851 -0.0208123 0.0959092 -0.00551904 0.0152511 0.00422354 -0.00551904 0.00750969 -0.0153248 -0.00550851 0.0152511 -0.0153248 0.0821642 
0.0120616 -0.020764 0.00421999 -0.00550068 -0.020764 0.0958105 -0.00549018 0.0151898 0.00421999 -0.00549018 0.00754768 -0.0153368 -0.00550068 0.0151898 -0.0153368 0.0821637 
0.0120537 -0.0207383 0.00423764 -0.0055037 -0.0207383 0.0957289 -0.00548278 0.0151509 0.00423764 -0.00548278 0.00756498 -0.0153601 -0.0055037 0.0151509 -0.0153601 0.0821893 
0.0120285 -0.0207205 0.00425705 -0.00552267 -0.0207205 0.0956739 -0.00550175 0.0151769 0.00425705 -0.00550175 0.00759367 -0.0153861 -0.00552267 0.0151769 -0.0153861 0.0822543 
0.0120151 -0.0206734 0.00426644 -0.00555265 -0.0206734 0.0955767 -0.00554219 0.0152463 0.00426644 -0.00554219 0.00760222 -0.0154345 -0.00555265 0.0152463 -0.0154345 0.0823695 
0.0120584 -0.0206685 0.00425283 -0.00554853 -0.0206685 0.0955476 -0.00553808 0.0152663 0.00425283 -0.00553808 0.00756523 -0.0154439 -0.00554853 0.0152663 -0.0154439 0.0824234 
0.0120946 -0.0207232 0.00425144 -0.00552897 -0.0207232 0.0955842 -0.00552897 0.015257 0.00425144 -0.00552897 0.00752903 -0.0154036 -0.00552897 0.015257 -0.0154036 0.0824005 
0.0120936 -0.0207469 0.00426336 -0.0055297 -0.0207469 0.0956512 -0.00555081 0.0152594 0.00426336 -0.00555081 0.00749253 -0.0153544 -0.0055297 0.0152594 -0.0153544 0.0823018 
0.0120377 -0.0207393 0.0043136 -0.00554605 -0.0207393 0.0956428 -0.00557793 0.0153313 0.0043136 -0.00557793 0.00749036 -0.0153101 -0.00554605 0.0153313 -0.0153101 0.0821708 
0.0119606 -0.0206466 0.00439129 -0.00564747 -0.0206466 0.095438 -0.00565821 0.0155144 0.00439129 -0.00565821 0.00750491 -0.0153212 -0.00564747 0.0155144 -0.0153212 0.0821353 
0.0119333 -0.0205809 0.00443084 -0.00574725 -0.0205809 0.0953059 -0.00573655 0.0157327 0.00443084 -0.00573655 0.00751316 -0.0152939 -0.00574725 0.0157327 -0.0152939 0.0820241 
0.0119589 -0.0205906 0.00441151 -0.0057828 -0.0205906 0.0952993 -0.0057828 0.0158815 0.00441151 -0.0057828 0.00749426 -0.0152436 -0.0057828 0.0158815 -0.0152436 0.0818522 
0.0119335 -0.0205609 0.00443639 -0.0057801 -0.0205609 0.095201 -0.0057801 0.0159646 0.00443639 -0.0057801 0.00749707 -0.0152607 -0.0057801 0.0159646 -0.0152607 0.0818279 
0.0118973 -0.0205245 0.00446419 -0.00579807 -0.0205245 0.0951249 -0.00579807 0.0160173 0.00446419 -0.00579807 0.00749769 -0.0152643 -0.00579807 0.0160173 -0.0152643 0.0818399 
0.0118819 -0.020537 0.00448943 -0.00583842 -0.020537 0.0951415 -0.00582763 0.0160692 0.00448943 -0.00582763 0.00748959 -0.0152274 -0.00583842 0.0160692 -0.0152274 0.0817487 
0.0118641 -0.0205373 0.00449722 -0.00584639 -0.0205373 0.0951912 -0.00584639 0.0161043 0.00449722 -0.00584639 0.00752749 -0.0151942 -0.00584639 0.0161043 -0.0151942 0.0816246 
0.011854 -0.0204973 0.00450771 -0.00586853 -0.0204973 0.0951298 -0.00586853 0.0161597 0.00450771 -0.00586853 0.00756956 -0.0152348 -0.00586853 0.0161597 -0.0152348 0.0816598 
0.0118212 -0.020432 0.00453927 -0.00589999 -0.020432 0.0949313 -0.00588936 0.0162542 0.00453927 -0.00588936 0.00759025 -0.0153293 -0.00589999 0.0162542 -0.0153293 0.0818557 
0.0118312 -0.0204376 0.00451677 -0.00591558 -0.0204376 0.0948949 -0.00591558 0.0162945 0.00451677 -0.00591558 0.00757066 -0.0153442 -0.00591558 0.0162945 -0.0153442 0.0819639 
0.0118405 -0.0204537 0.00454171 -0.00589889 -0.0204537 0.0949379 -0.00589889 0.0162861 0.00454171 -0.00589889 0.00754459 -0.0153243 -0.00589889 0.0162861 -0.0153243 0.0819539 
0.0118502 -0.0205071 0.00453002 -0.0059198 -0.0205071 0.0950987 -0.0059198 0.0162741 0.00453002 -0.0059198 0.0075854 -0.0152663 -0.0059198 0.0162741 -0.0152663 0.0818269 
0.0118571 -0.0204872 0.00450082 -0.00590202 -0.0204872 0.0951223 -0.00591264 0.0162624 0.00450082 -0.00591264 0.00758983 -0.0153177 -0.00590202 0.0162624 -0.0153177 0.0818428 
0.0118221 -0.020449 0.00449453 -0.0058791 -0.020449 0.0949815 -0.00586844 0.0162421 0.00449453 -0.00586844 0.00760448 -0.0153687 -0.0058791 0.0162421 -0.0153687 0.0820091 
0.0118004 -0.0204349 0.00450911 -0.00585225 -0.0204349 0.0949366 -0.00585225 0.016171 0.00450911 -0.00585225 0.00762179 -0.0153715 -0.00585225 0.016171 -0.0153715 0.0820701 
0.0117229 -0.0203709 0.0045589 -0.00589347 -0.0203709 0.0947973 -0.00588279 0.016207 0.0045589 -0.00588279 0.00766578 -0.0153956 -0.00589347 0.016207 -0.0153956 0.0821456 
0.011676 -0.0203205 0.0045847 -0.00595582 -0.0203205 0.0946826 -0.0059344 0.0163035 0.0045847 -0.0059344 0.00770187 -0.0154359 -0.00595582 0.0163035 -0.0154359 0.0822247 
0.0117241 -0.0202925 0.00455698 -0.0059797 -0.0202925 0.0946054 -0.0059583 0.0163773 0.00455698 -0.0059583 0.00766984 -0.0154574 -0.0059797 0.0163773 -0.0154574 0.0822609 
0.011747 -0.0202864 0.0045379 -0.00595398 -0.0202864 0.0945127 -0.00594325 0.0164029 0.0045379 -0.00594325 0.00763826 -0.0154589 -0.00595398 0.0164029 -0.0154589 0.0823044 
0.0117822 -0.020317 0.00452914 -0.00591779 -0.020317 0.0945458 -0.00591779 0.016354 0.00452914 -0.00591779 0.00759486 -0.0154033 -0.00591779 0.016354 -0.0154033 0.0822295 
