0.00437285 0 -0.00253907 0 0 0.00998702 0 0 -0.00253907 0 0.0096908 0 0 0 0 0.00998702 
0.00652032 -0.00814401 -0.00374599 0.00461536 -0.00814401 0.0248156 0.00461536 -0.00887275 -0.00374599 0.00461536 0.0133858 -0.0165565 0.00461536 -0.00887275 -0.0165565 0.0409246 
0.00687795 -0.0136491 -0.00347236 0.00606328 -0.0136491 0.0529535 0.00606328 -0.0193517 -0.00347236 0.00606328 0.0129813 -0.0235186 0.00606328 -0.0193517 -0.0235186 0.0842181 
0.00650891 -0.0146086 -0.00302247 0.00465301 -0.0146086 0.0697024 0.00463976 -0.0173262 -0.00302247 0.00463976 0.0121959 -0.0219659 0.00465301 -0.0173262 -0.0219659 0.0948631 
0.00628707 -0.0143269 -0.00302287 0.00396276 -0.0143269 0.0763339 0.00393736 -0.0135902 -0.00302287 0.00393736 0.0123455 -0.0210585 0.00396276 -0.0135902 -0.0210585 0.0955508 
0.00626365 -0.013879 -0.00312579 0.00398267 -0.013879 0.0777948 0.00395853 -0.0119721 -0.00312579 0.00395853 0.0126721 -0.0213133 0.00398267 -0.0119721 -0.0213133 0.0965254 
0.00629714 -0.0136669 -0.00320624 0.00414043 -0.0136669 0.0776532 0.00411736 -0.0117062 -0.00320624 0.00411736 0.0128826 -0.021694 0.00414043 -0.0117062 -0.021694 0.0978018 
0.0063633 -0.0136104 -0.00328108 0.00425325 -0.0136104 0.0773429 0.00423116 -0.0118318 -0.00328108 0.00423116 0.0129807 -0.0218739 0.00425325 -0.0118318 -0.0218739 0.0986091 
0.00644308 -0.0137036 -0.00333448 0.00436709 -0.0137036 0.07736 0.00436709 -0.0121225 -0.00333448 0.00436709 0.0130045 -0.0219215 0.00436709 -0.0121225 -0.0219215 0.0988727 
0.00649718 -0.0138265 -0.00337128 0.00443814 -0.0138265 0.0776141 0.00442747 -0.0123436 -0.00337128 0.00442747 0.0130157 -0.021956 0.00443814 -0.0123436 -0.021956 0.0989833 
0.00654771 -0.0139527 -0.00341853 0.00450088 -0.0139527 0.0780153 0.00449017 -0.0125489 -0.00341853 0.00449017 0.0129454 -0.0219257 0.00450088 -0.0125489 -0.0219257 0.098923 
0.00655578 -0.0140543 -0.0034025 0.00456195 -0.0140543 0.0783659 0.00456195 -0.012754 -0.0034025 0.00456195 0.0129057 -0.0218454 0.00456195 -0.012754 -0.0218454 0.0987484 
0.00652665 -0.0140632 -0.00335563 0.00453933 -0.0140632 0.0785044 0.00455019 -0.0127709 -0.00335563 0.00455019 0.0129121 -0.0217953 0.00453933 -0.0127709 -0.0217953 0.0986056 
0.00652774 -0.0139865 -0.00334506 0.00446008 -0.0139865 0.0783978 0.00444926 -0.0126225 -0.00334506 0.00444926 0.0129039 -0.0218241 0.00446008 -0.0126225 -0.0218241 0.0986414 
0.00654739 -0.0139807 -0.00333852 0.00444055 -0.0139807 0.0783093 0.00442975 -0.0125005 -0.00333852 0.00442975 0.0128895 -0.0218246 0.00444055 -0.0125005 -0.0218246 0.0986322 
0.00655012 -0.0139915 -0.00339318 0.00442402 -0.0139915 0.0783116 0.00442402 -0.0124345 -0.00339318 0.00442402 0.0128962 -0.0218087 0.00442402 -0.0124345 -0.0218087 0.0986277 
0.0065831 -0.0139998 -0.00344116 0.0044671 -0.0139998 0.0783452 0.00448847 -0.0124929 -0.00344116 0.00448847 0.012899 -0.0218225 0.0044671 -0.0124929 -0.0218225 0.0986716 
0.00664013 -0.0140571 -0.00347969 0.00455445 -0.0140571 0.0784579 0.00456509 -0.0126737 -0.00347969 0.00456509 0.0128653 -0.0218145 0.00455445 -0.0126737 -0.0218145 0.0986549 
0.00671241 -0.014147 -0.00352614 0.00459885 -0.014147 0.0786584 0.00462009 -0.0128407 -0.00352614 0.00462009 0.0128088 -0.0217622 0.00459885 -0.0128407 -0.0217622 0.0985513 
0.00670397 -0.0142606 -0.00359179 0.00466827 -0.0142606 0.0789448 0.00468958 -0.0130242 -0.00359179 0.00468958 0.0128004 -0.0216787 0.00466827 -0.0130242 -0.0216787 0.098332 
0.00666903 -0.0142631 -0.00362494 0.00475438 -0.0142631 0.0790926 0.00477589 -0.0132197 -0.00362494 0.00477589 0.0128002 -0.0216528 0.00475438 -0.0132197 -0.0216528 0.0981854 
0.00660907 -0.0141685 -0.00360691 0.00477322 -0.0141685 0.0789633 0.00479482 -0.0133153 -0.00360691 0.00479482 0.0128186 -0.0216955 0.00477322 -0.0133153 -0.0216955 0.0982721 
0.00661408 -0.014063 -0.0035853 0.00473046 -0.014063 0.078684 0.00473046 -0.0132389 -0.0035853 0.00473046 0.0128536 -0.0217687 0.00473046 -0.0132389 -0.0217687 0.0984942 
0.00661676 -0.0140712 -0.00355227 0.00472929 -0.0140712 0.0785634 0.00471868 -0.0131805 -0.00355227 0.00471868 0.0128942 -0.021812 0.00472929 -0.0131805 -0.021812 0.0986258 
0.00665838 -0.0140753 -0.0035399 0.00466719 -0.0140753 0.0785204 0.00465665 -0.0130534 -0.0035399 0.00465665 0.0129269 -0.021882 0.00466719 -0.0130534 -0.021882 0.0988327 
0.00666131 -0.0141579 -0.00354991 0.00465665 -0.0141579 0.0787037 0.00465665 -0.0129989 -0.00354991 0.00465665 0.0129676 -0.0218737 0.00465665 -0.0129989 -0.0218737 0.0988651 
0.0066497 -0.0142105 -0.00352905 0.00469144 -0.0142105 0.0789168 0.00468097 -0.0130376 -0.00352905 0.00468097 0.0129852 -0.0219074 0.00469144 -0.0130376 -0.0219074 0.0988868 
0.00663928 -0.014203 -0.00355076 0.00466431 -0.014203 0.0789991 0.0046538 -0.0130264 -0.00355076 0.0046538 0.0129844 -0.0219559 0.00466431 -0.0130264 -0.0219559 0.0989799 
0.00666092 -0.0141739 -0.00357466 0.00466576 -0.0141739 0.0789854 0.00465537 -0.0129893 -0.00357466 0.00465537 0.0130101 -0.0219779 0.00466576 -0.0129893 -0.0219779 0.0991032 
0.00667954 -0.014216 -0.00362367 0.00469736 -0.014216 0.0790188 0.00468703 -0.0130287 -0.00362367 0.00468703 0.0130287 -0.0219898 0.00469736 -0.0130287 -0.0219898 0.0991607 
0.00670287 -0.0142643 -0.0036721 0.00476855 -0.0142643 0.0791518 0.00476855 -0.0131989 -0.0036721 0.00476855 0.0130023 -0.0219809 0.00476855 -0.0131989 -0.0219809 0.0991363 
0.00673502 -0.0143132 -0.00374746 0.00485088 -0.0143132 0.0793109 0.00485088 -0.0134388 -0.00374746 0.00485088 0.0129392 -0.0219331 0.00485088 -0.0134388 -0.0219331 0.0990059 
0.00671064 -0.0143411 -0.00374207 0.00492322 -0.0143411 0.0793988 0.00493368 -0.0136303 -0.00374207 0.00493368 0.0129195 -0.0218566 0.00492322 -0.0136303 -0.0218566 0.0988617 
0.00669067 -0.0142999 -0.00372632 0.00491624 -0.0142999 0.0793591 0.00492667 -0.013684 -0.00372632 0.00492667 0.012943 -0.0218569 0.00491624 -0.013684 -0.0218569 0.0988153 
0.00670024 -0.0142589 -0.00372701 0.00492049 -0.0142589 0.0792722 0.00491002 -0.0137145 -0.00372701 0.00491002 0.0129084 -0.0218595 0.00492049 -0.0137145 -0.0218595 0.0987762 
0.00667727 -0.0142603 -0.00377045 0.00492896 -0.0142603 0.0792109 0.00492896 -0.0137232 -0.00377045 0.00492896 0.0128911 -0.0218222 0.00492896 -0.0137232 -0.0218222 0.0987056 
0.00664217 -0.0142242 -0.003791 0.00497371 -0.0142242 0.0791252 0.00497371 -0.0137912 -0.003791 0.00497371 0.0129042 -0.0218062 0.00497371 -0.0137912 -0.0218062 0.0986716 
0.00662453 -0.0141281 -0.00378843 0.00496055 -0.0141281 0.0788873 0.00495008 -0.0137514 -0.00378843 0.00495008 0.0129456 -0.0218829 0.00496055 -0.0137514 -0.0218829 0.0988551 
0.00664299 -0.0141347 -0.00378252 0.004977 -0.0141347 0.0788043 0.004977 -0.0138203 -0.00378252 0.004977 0.0129402 -0.0219093 0.004977 -0.0138203 -0.0219093 0.0989218 
0.00668437 -0.0141348 -0.00381964 0.00497392 -0.0141348 0.0787958 0.00496343 -0.0138095 -0.00381964 0.00496343 0.012907 -0.0219314 0.00497392 -0.0138095 -0.0219314 0.0990168 
0.00671493 -0.0141958 -0.00381912 0.00499423 -0.0141958 0.0788899 0.00500472 -0.0138391 -0.00381912 0.00500472 0.0128843 -0.0218865 0.00499423 -0.0138391 -0.0218865 0.0989928 
0.00670388 -0.0142575 -0.00375585 0.00499381 -0.0142575 0.0790722 0.00501479 -0.0138799 -0.00375585 0.00501479 0.0129042 -0.0218322 0.00499381 -0.0138799 -0.0218322 0.0988481 
0.0066862 -0.0142618 -0.00373548 0.00493879 -0.0142618 0.0791462 0.00494925 -0.0138119 -0.00373548 0.00494925 0.0129225 -0.0218374 0.00493879 -0.0138119 -0.0218374 0.0987758 
0.00671356 -0.0142133 -0.0037447 0.00487225 -0.0142133 0.0790628 0.00487225 -0.0136133 -0.0037447 0.00487225 0.0129616 -0.0219199 0.00487225 -0.0136133 -0.0219199 0.0989759 
0.00670654 -0.0142838 -0.00375235 0.00490293 -0.0142838 0.079162 0.00490293 -0.0136204 -0.00375235 0.00490293 0.0129674 -0.0219129 0.00490293 -0.0136204 -0.0219129 0.0989603 
0.00671914 -0.014282 -0.00376601 0.00491845 -0.014282 0.07922 0.00490816 -0.0136132 -0.00376601 0.00490816 0.0129958 -0.0219581 0.00491845 -0.0136132 -0.0219581 0.0990791 
0.00675766 -0.0143037 -0.00378838 0.0049249 -0.0143037 0.0792898 0.0049249 -0.0136382 -0.00378838 0.0049249 0.0130034 -0.0219931 0.0049249 -0.0136382 -0.0219931 0.0991737 
0.00679751 -0.0143616 -0.00379229 0.00495758 -0.0143616 0.0794235 0.00495758 -0.0137075 -0.00379229 0.00495758 0.0129715 -0.0219871 0.00495758 -0.0137075 -0.0219871 0.0992027 
0.00683092 -0.014454 -0.00386811 0.00498946 -0.014454 0.0796667 0.00499974 -0.0138162 -0.00386811 0.00499974 0.0129211 -0.0219022 0.00498946 -0.0138162 -0.0219022 0.0990278 
0.00682788 -0.0145054 -0.00392681 0.00506652 -0.0145054 0.0798624 0.00508724 -0.014008 -0.00392681 0.00508724 0.0128683 -0.0218202 0.00506652 -0.014008 -0.0218202 0.0987815 
0.00678672 -0.0144937 -0.00397373 0.00517631 -0.0144937 0.0799034 0.00518677 -0.0142741 -0.00397373 0.00518677 0.0128414 -0.021751 0.00517631 -0.0142741 -0.021751 0.0985485 
0.00672475 -0.0144117 -0.00400736 0.00523389 -0.0144117 0.079756 0.00524446 -0.0144751 -0.00400736 0.00524446 0.0128362 -0.0217074 0.00523389 -0.0144751 -0.0217074 0.0984076 
0.00664078 -0.0142894 -0.0039675 0.00527231 -0.0142894 0.079456 0.00527231 -0.014597 -0.0039675 0.00527231 0.0128678 -0.0217151 0.00527231 -0.014597 -0.0217151 0.0983918 
0.00658858 -0.0141532 -0.00388312 0.00523055 -0.0141532 0.0790417 0.00521994 -0.014567 -0.00388312 0.00521994 0.0128907 -0.0217922 0.00523055 -0.014567 -0.0217922 0.0985316 
0.00657909 -0.0140403 -0.00387943 0.00511234 -0.0140403 0.0786408 0.00509109 -0.0143167 -0.00387943 0.00509109 0.0129031 -0.021863 0.00511234 -0.0143167 -0.021863 0.0987607 
0.00655602 -0.0140152 -0.00384648 0.00507905 -0.0140152 0.0784491 0.0050578 -0.0141427 -0.00384648 0.0050578 0.0129314 -0.0218782 0.00507905 -0.0141427 -0.0218782 0.0989034 
0.00654329 -0.0140381 -0.00387037 0.00508922 -0.0140381 0.0784446 0.00507853 -0.0141664 -0.00387037 0.00507853 0.0129262 -0.0218537 0.00508922 -0.0141664 -0.0218537 0.0988229 
0.0065595 -0.014012 -0.00391231 0.00512428 -0.014012 0.0784164 0.00510302 -0.014214 -0.00391231 0.00510302 0.0128957 -0.0218367 0.00512428 -0.014214 -0.0218367 0.0987646 
0.00660406 -0.0139968 -0.00390144 0.00514233 -0.0139968 0.0783338 0.00513182 -0.0142597 -0.00390144 0.00513182 0.0128821 -0.0218628 0.00514233 -0.0142597 -0.0218628 0.0988401 
0.00665571 -0.0140697 -0.0039176 0.00513922 -0.0140697 0.0784363 0.00513922 -0.0142908 -0.0039176 0.00513922 0.0128481 -0.0218206 0.00513922 -0.0142908 -0.0218206 0.0987931 
0.00668738 -0.0141306 -0.00395784 0.00513364 -0.0141306 0.0785794 0.00514414 -0.0142671 -0.00395784 0.00514414 0.0128394 -0.0218049 0.00513364 -0.0142671 -0.0218049 0.098778 
0.00670512 -0.0141892 -0.00398939 0.00518936 -0.0141892 0.0787773 0.00518936 -0.0143365 -0.00398939 0.00518936 0.0128208 -0.021768 0.00518936 -0.0143365 -0.021768 0.0986821 
0.006732 -0.0142178 -0.00404129 0.0052139 -0.0142178 0.0789099 0.0052453 -0.0144377 -0.00404129 0.0052453 0.0128149 -0.021756 0.0052139 -0.0144377 -0.021756 0.0986452 
0.00672453 -0.0142648 -0.00402635 0.00528132 -0.0142648 0.079042 0.00530224 -0.014589 -0.00402635 0.00530224 0.0128216 -0.0217423 0.00528132 -0.014589 -0.0217423 0.0985568 
0.00672064 -0.0142644 -0.00400113 0.00527232 -0.0142644 0.0790952 0.00527232 -0.0146187 -0.00400113 0.00527232 0.0128474 -0.0217561 0.00527232 -0.0146187 -0.0217561 0.0985694 
0.00675076 -0.0142644 -0.00405463 0.00526684 -0.0142644 0.079128 0.00526684 -0.0146197 -0.00405463 0.00526684 0.0128014 -0.0217571 0.00526684 -0.0146197 -0.0217571 0.0985548 
0.00676599 -0.0143094 -0.00409741 0.00532664 -0.0143094 0.0791956 0.00532664 -0.0147192 -0.00409741 0.00532664 0.012765 -0.0217058 0.00532664 -0.0147192 -0.0217058 0.098464 
0.00675569 -0.0143136 -0.00411675 0.00536233 -0.0143136 0.0792421 0.00537288 -0.0148308 -0.00411675 0.00537288 0.0127302 -0.0216499 0.00536233 -0.0148308 -0.0216499 0.0983375 
0.00672916 -0.0142772 -0.00410469 0.00537493 -0.0142772 0.0791858 0.00539593 -0.014886 -0.00410469 0.00539593 0.0127655 -0.0216467 0.00537493 -0.014886 -0.0216467 0.0983235 
0.00676155 -0.0142326 -0.00412162 0.00536333 -0.0142326 0.0790517 0.00536333 -0.0148587 -0.00412162 0.00536333 0.0127614 -0.0217142 0.00536333 -0.0148587 -0.0217142 0.098439 
0.00679802 -0.0142978 -0.00417937 0.0054049 -0.0142978 0.0791042 0.0054049 -0.0149368 -0.00417937 0.0054049 0.0127162 -0.021672 0.0054049 -0.0149368 -0.021672 0.098388 
0.00683909 -0.014331 -0.00420708 0.00544019 -0.014331 0.0791884 0.00545055 -0.0149838 -0.00420708 0.00545055 0.0127249 -0.0216571 0.00544019 -0.0149838 -0.0216571 0.0984001 
0.00686812 -0.0144251 -0.00424821 0.00551119 -0.0144251 0.0794113 0.00553207 -0.0151871 -0.00424821 0.00553207 0.012682 -0.021596 0.00551119 -0.0151871 -0.021596 0.0982308 
0.00681215 -0.014443 -0.00426153 0.00556308 -0.014443 0.0795625 0.00557357 -0.0153352 -0.00426153 0.00557357 0.0127006 -0.0215596 0.00556308 -0.0153352 -0.0215596 0.0980781 
0.00680777 -0.0143685 -0.00430845 0.0055738 -0.0143685 0.0794763 0.00556334 -0.0153828 -0.00430845 0.00556334 0.0127057 -0.0215945 0.0055738 -0.0153828 -0.0215945 0.0981323 
0.00682866 -0.0143381 -0.00436741 0.00561374 -0.0143381 0.079336 0.00560327 -0.0154483 -0.00436741 0.00560327 0.0126938 -0.0216276 0.00561374 -0.0154483 -0.0216276 0.0982405 
0.0068189 -0.0143673 -0.0044085 0.00570885 -0.0143673 0.0793319 0.00571942 -0.015657 -0.0044085 0.00571942 0.0126652 -0.0215879 0.00570885 -0.015657 -0.0215879 0.0981816 
0.00682896 -0.0143535 -0.0044051 0.00576457 -0.0143535 0.0793129 0.00577511 -0.0158394 -0.0044051 0.00577511 0.0126462 -0.0215618 0.00576457 -0.0158394 -0.0215618 0.0981031 
0.00681426 -0.0143403 -0.00436489 0.00574659 -0.0143403 0.0792589 0.00574659 -0.015879 -0.00436489 0.00574659 0.012676 -0.0215628 0.00574659 -0.015879 -0.0215628 0.0981106 
0.00682359 -0.0143462 -0.00440299 0.00570719 -0.0143462 0.0792225 0.00570719 -0.0158174 -0.00440299 0.00570719 0.0126768 -0.0215767 0.00570719 -0.0158174 -0.0215767 0.0981282 
0.00680945 -0.0143662 -0.0044414 0.00574646 -0.0143662 0.0792822 0.00575699 -0.0158501 -0.0044414 0.00575699 0.0126822 -0.0215755 0.00574646 -0.0158501 -0.0215755 0.0981108 
0.00680128 -0.0143324 -0.00448483 0.00578585 -0.0143324 0.079246 0.00578585 -0.015919 -0.00448483 0.00578585 0.0126718 -0.0215991 0.00578585 -0.015919 -0.0215991 0.098169 
0.00679921 -0.0142941 -0.00451172 0.0058294 -0.0142941 0.0791449 0.0058294 -0.0160019 -0.00451172 0.0058294 0.0126919 -0.0216099 0.0058294 -0.0160019 -0.0216099 0.0982565 
0.00681015 -0.0142753 -0.00452277 0.005864 -0.0142753 0.0790497 0.0058744 -0.0160948 -0.00452277 0.0058744 0.0127261 -0.0216469 0.005864 -0.0160948 -0.0216469 0.0983676 
0.00682347 -0.0143086 -0.00450762 0.00588266 -0.0143086 0.0790799 0.00587232 -0.0161592 -0.00450762 0.00587232 0.0127682 -0.0217007 0.00588266 -0.0161592 -0.0217007 0.0984854 
0.00679242 -0.014373 -0.00447989 0.00590059 -0.014373 0.0792587 0.00590059 -0.0162707 -0.00447989 0.00590059 0.012776 -0.0216735 0.00590059 -0.0162707 -0.0216735 0.098402 
0.00678857 -0.0143326 -0.00447052 0.00583652 -0.0143326 0.0792897 0.00582617 -0.0161746 -0.00447052 0.00582617 0.0127907 -0.0217214 0.00583652 -0.0161746 -0.0217214 0.0985171 
0.00679402 -0.01432 -0.00448467 0.00584554 -0.01432 0.0792499 0.00582492 -0.0161139 -0.00448467 0.00582492 0.0128045 -0.0217429 0.00584554 -0.0161139 -0.0217429 0.0985907 
0.00681542 -0.0143246 -0.004479 0.00583596 -0.0143246 0.0792242 0.00582576 -0.0160795 -0.004479 0.00582576 0.0128044 -0.0217624 0.00583596 -0.0160795 -0.0217624 0.0986604 
0.00685877 -0.0143717 -0.004518 0.00584682 -0.0143717 0.0793205 0.0058366 -0.0160992 -0.004518 0.0058366 0.0127669 -0.0217518 0.00584682 -0.0160992 -0.0217518 0.0986395 
0.00687391 -0.0144352 -0.00452447 0.00587873 -0.0144352 0.0794706 0.00587873 -0.0161691 -0.00452447 0.00587873 0.0127321 -0.0216887 0.00587873 -0.0161691 -0.0216887 0.0985431 
0.00689277 -0.0144583 -0.00455378 0.00590957 -0.0144583 0.0795773 0.00591992 -0.0162591 -0.00455378 0.00591992 0.0126678 -0.0216512 0.00590957 -0.0162591 -0.0216512 0.0984134 
0.00685444 -0.0144474 -0.00453496 0.00591833 -0.0144474 0.0795906 0.00592873 -0.016278 -0.00453496 0.00592873 0.0126792 -0.0216035 0.00591833 -0.016278 -0.0216035 0.0983441 
0.00680786 -0.0144025 -0.00447913 0.00590574 -0.0144025 0.0795124 0.00590574 -0.0162591 -0.00447913 0.00590574 0.0127031 -0.0216089 0.00590574 -0.0162591 -0.0216089 0.0983101 
0.00681716 -0.0143244 -0.00445416 0.00582386 -0.0143244 0.0793279 0.00582386 -0.0161123 -0.00445416 0.00582386 0.0126933 -0.0216434 0.00582386 -0.0161123 -0.0216434 0.0983679 
0.00683919 -0.0143342 -0.00445536 0.00579822 -0.0143342 0.0792493 0.00579822 -0.0160102 -0.00445536 0.00579822 0.012679 -0.0216314 0.00579822 -0.0160102 -0.0216314 0.0983511 
0.00688429 -0.0143578 -0.00444481 0.00579893 -0.0143578 0.0792727 0.00579893 -0.0159806 -0.00444481 0.00579893 0.0126729 -0.0216142 0.00579893 -0.0159806 -0.0216142 0.0983234 
0.00687189 -0.0144403 -0.00442878 0.00579068 -0.0144403 0.0794374 0.00580108 -0.0159998 -0.00442878 0.00580108 0.012673 -0.0215721 0.00579068 -0.0159998 -0.0215721 0.0982025 
0.00684953 -0.0144288 -0.00440997 0.00577571 -0.0144288 0.079515 0.00578613 -0.0159718 -0.00440997 0.00578613 0.0126774 -0.0215703 0.00577571 -0.0159718 -0.0215703 0.0981453 
0.00686901 -0.0143967 -0.00443297 0.00575031 -0.0143967 0.0794693 0.00575031 -0.0159022 -0.00443297 0.00575031 0.0126507 -0.0215898 0.00575031 -0.0159022 -0.0215898 0.0981944 
0.0069136 -0.0144111 -0.00448393 0.00577697 -0.0144111 0.0794594 0.0057874 -0.0159232 -0.00448393 0.0057874 0.0126071 -0.0215542 0.00577697 -0.0159232 -0.0215542 0.0981459 
0.00686254 -0.0144806 -0.00444911 0.00585519 -0.0144806 0.0795803 0.00585519 -0.0160756 -0.00444911 0.00585519 0.0126128 -0.021469 0.00585519 -0.0160756 -0.021469 0.0979538 
0.00682766 -0.0144326 -0.00441172 0.00581927 -0.0144326 0.0795475 0.00582977 -0.0161028 -0.00441172 0.00582977 0.0126469 -0.0214914 0.00581927 -0.0161028 -0.0214914 0.0978771 
0.00681842 -0.0143429 -0.00439456 0.00577511 -0.0143429 0.0793761 0.00576457 -0.0159869 -0.00439456 0.00576457 0.0126462 -0.0215407 0.00577511 -0.0159869 -0.0215407 0.0979766 
0.00680128 -0.0143207 -0.00437225 0.00574518 -0.0143207 0.0792286 0.00573462 -0.0158943 -0.00437225 0.00573462 0.0126521 -0.0215444 0.00574518 -0.0158943 -0.0215444 0.0980483 
0.00677324 -0.0143133 -0.00429185 0.00572956 -0.0143133 0.0791808 0.00571891 -0.0158681 -0.00429185 0.00571891 0.0126412 -0.0215231 0.00572956 -0.0158681 -0.0215231 0.0979776 
0.00676139 -0.0142836 -0.00420042 0.00563628 -0.0142836 0.0791008 0.00563628 -0.0157194 -0.00420042 0.00563628 0.0126013 -0.0215057 0.00563628 -0.0157194 -0.0215057 0.0979276 
0.00675068 -0.0142289 -0.00418307 0.00549897 -0.0142289 0.0789648 0.00549897 -0.015395 -0.00418307 0.00549897 0.0126134 -0.0215038 0.00549897 -0.015395 -0.0215038 0.0979438 
0.00676596 -0.0142021 -0.00426596 0.00545745 -0.0142021 0.0788404 0.00544681 -0.0151596 -0.00426596 0.00544681 0.012617 -0.0215319 0.00545745 -0.0151596 -0.0215319 0.0980213 
0.00682115 -0.0142373 -0.00431369 0.00556742 -0.0142373 0.0788576 0.00556742 -0.0152679 -0.00431369 0.00556742 0.0125904 -0.0215259 0.00556742 -0.0152679 -0.0215259 0.0980036 
0.00687096 -0.0143022 -0.00430228 0.00561305 -0.0143022 0.0789738 0.00562362 -0.0154438 -0.00430228 0.00562362 0.0125791 -0.0215008 0.00561305 -0.0154438 -0.0215008 0.0979799 
0.00684528 -0.0143751 -0.00422301 0.00560259 -0.0143751 0.0791735 0.00563419 -0.0155019 -0.00422301 0.00563419 0.0126374 -0.0214626 0.00560259 -0.0155019 -0.0214626 0.0979085 
0.00680731 -0.0143839 -0.00418344 0.00552172 -0.0143839 0.0793062 0.00553226 -0.0153955 -0.00418344 0.00553226 0.0126873 -0.0214968 0.00552172 -0.0153955 -0.0214968 0.0978946 
0.00677477 -0.0143353 -0.00416255 0.00547928 -0.0143353 0.0792902 0.00546866 -0.0152167 -0.00416255 0.00546866 0.0127106 -0.0215667 0.00547928 -0.0152167 -0.0215667 0.0980111 
0.00674262 -0.0142816 -0.00410928 0.00544719 -0.0142816 0.0791595 0.00542595 -0.0150992 -0.00410928 0.00542595 0.0127207 -0.0216082 0.00544719 -0.0150992 -0.0216082 0.098145 
0.00671602 -0.014257 -0.0040825 0.00539397 -0.014257 0.0790693 0.0053834 -0.0149974 -0.0040825 0.0053834 0.0127446 -0.0216182 0.00539397 -0.0149974 -0.0216182 0.098202 
0.00673426 -0.0142085 -0.00403844 0.00534935 -0.0142085 0.078961 0.00533877 -0.0148534 -0.00403844 0.00533877 0.0127391 -0.0216723 0.00534935 -0.0148534 -0.0216723 0.0983074 
0.0067304 -0.014218 -0.00402772 0.00528967 -0.014218 0.0789244 0.00527915 -0.0147122 -0.00402772 0.00527915 0.0127772 -0.021674 0.00528967 -0.0147122 -0.021674 0.09839 
0.00675591 -0.0141999 -0.00404521 0.0052546 -0.0141999 0.0788919 0.00524417 -0.0145648 -0.00404521 0.00524417 0.0128029 -0.0217586 0.0052546 -0.0145648 -0.0217586 0.0985654 
0.00679341 -0.0142871 -0.0040865 0.00529886 -0.0142871 0.0790439 0.00529886 -0.0146215 -0.0040865 0.00529886 0.0127821 -0.0217494 0.00529886 -0.0146215 -0.0217494 0.0985567 
0.00679423 -0.014348 -0.00409943 0.00534798 -0.014348 0.0792209 0.00534798 -0.014733 -0.00409943 0.00534798 0.0127977 -0.0217145 0.00534798 -0.014733 -0.0217145 0.0985215 
0.00679939 -0.0143601 -0.00408797 0.00536025 -0.0143601 0.0793609 0.00537068 -0.0148189 -0.00408797 0.00537068 0.0127958 -0.0217226 0.00536025 -0.0148189 -0.0217226 0.0984868 
0.00675097 -0.0143589 -0.00400251 0.00535061 -0.0143589 0.0794022 0.00536106 -0.0148291 -0.00400251 0.00536106 0.0128331 -0.0217264 0.00535061 -0.0148291 -0.0217264 0.0984742 
0.00672835 -0.0143121 -0.00397442 0.0052575 -0.0143121 0.0793424 0.00524707 -0.0146772 -0.00397442 0.00524707 0.0128517 -0.0217602 0.0052575 -0.0146772 -0.0217602 0.098526 
0.00670747 -0.0142848 -0.00399304 0.00524021 -0.0142848 0.079253 0.00521925 -0.0145678 -0.00399304 0.00521925 0.012849 -0.0217574 0.00524021 -0.0145678 -0.0217574 0.0985369 
0.00670491 -0.0142519 -0.00402084 0.00525236 -0.0142519 0.0791432 0.0052313 -0.0145466 -0.00402084 0.0052313 0.0128204 -0.0217778 0.00525236 -0.0145466 -0.0217778 0.0985738 
0.00673734 -0.0142116 -0.00405293 0.00526355 -0.0142116 0.0790374 0.00525302 -0.014559 -0.00405293 0.00525302 0.0127799 -0.02177 0.00526355 -0.014559 -0.02177 0.0986283 
0.00675197 -0.0142646 -0.00405327 0.00529321 -0.0142646 0.0790335 0.00530363 -0.0146293 -0.00405327 0.00530363 0.0127954 -0.0217147 0.00529321 -0.0146293 -0.0217147 0.09856 
0.00676227 -0.014298 -0.00409708 0.00531993 -0.014298 0.07913 0.00531993 -0.014716 -0.00409708 0.00531993 0.0127825 -0.0217187 0.00531993 -0.014716 -0.0217187 0.0984761 
0.00674313 -0.0143055 -0.00408579 0.00535669 -0.0143055 0.079216 0.0053672 -0.0148202 -0.00408579 0.0053672 0.0127825 -0.0216894 0.00535669 -0.0148202 -0.0216894 0.0984161 
0.0067134 -0.0142965 -0.0041044 0.00535587 -0.0142965 0.0792139 0.00536648 -0.0148692 -0.0041044 0.00536648 0.0127799 -0.021678 0.00535587 -0.0148692 -0.021678 0.0983678 
0.00668135 -0.0142286 -0.00413709 0.00538784 -0.0142286 0.0790858 0.00538784 -0.0149021 -0.00413709 0.00538784 0.0127747 -0.0216903 0.00538784 -0.0149021 -0.0216903 0.0983815 
0.00668023 -0.0141595 -0.00417648 0.00541237 -0.0141595 0.0788843 0.00541237 -0.0149586 -0.00417648 0.00541237 0.0127745 -0.0217028 0.00541237 -0.0149586 -0.0217028 0.0984349 
0.00668154 -0.0141454 -0.00420768 0.00547632 -0.0141454 0.0787618 0.00547632 -0.0150969 -0.00420768 0.00547632 0.0127816 -0.0216939 0.00547632 -0.0150969 -0.0216939 0.0984258 
0.00669211 -0.0141475 -0.00425576 0.00550008 -0.0141475 0.078695 0.00548962 -0.0151723 -0.00425576 0.00548962 0.0128196 -0.0217284 0.00550008 -0.0151723 -0.0217284 0.09851 
0.00670352 -0.0141773 -0.00425736 0.0055481 -0.0141773 0.0787351 0.0055585 -0.0152911 -0.00425736 0.0055585 0.0128449 -0.0217656 0.0055481 -0.0152911 -0.0217656 0.0986062 
0.0067214 -0.0141919 -0.0042659 0.00556648 -0.0141919 0.0788047 0.00556648 -0.0153572 -0.0042659 0.00556648 0.0128393 -0.0218185 0.00556648 -0.0153572 -0.0218185 0.0987504 
0.00675472 -0.0142254 -0.00425413 0.00555112 -0.0142254 0.0788881 0.00555112 -0.0153149 -0.00425413 0.00555112 0.0128558 -0.0218517 0.00555112 -0.0153149 -0.0218517 0.0988929 
0.0067604 -0.0142777 -0.00426154 0.00553689 -0.0142777 0.0790407 0.00553689 -0.0152938 -0.00426154 0.00553689 0.0128779 -0.0218469 0.00553689 -0.0152938 -0.0218469 0.0989071 
0.00672425 -0.0142968 -0.00424145 0.00554492 -0.0142968 0.07916 0.00554492 -0.0152796 -0.00424145 0.00554492 0.0129209 -0.021859 0.00554492 -0.0152796 -0.021859 0.0989293 
0.00671467 -0.0142764 -0.00425607 0.00552669 -0.0142764 0.0791814 0.00553702 -0.0152785 -0.00425607 0.00553702 0.0129438 -0.0219105 0.00552669 -0.0152785 -0.0219105 0.0989949 
0.00676084 -0.014249 -0.00428187 0.00554184 -0.014249 0.0791223 0.0055316 -0.0152631 -0.00428187 0.0055316 0.0129378 -0.0219625 0.00554184 -0.0152631 -0.0219625 0.0991283 
0.00682768 -0.0143197 -0.00433374 0.00557049 -0.0143197 0.0792236 0.00557049 -0.0153418 -0.00433374 0.00557049 0.0128786 -0.0219344 0.00557049 -0.0153418 -0.0219344 0.0991445 
0.00685666 -0.0144184 -0.00434289 0.00564065 -0.0144184 0.0794596 0.00565087 -0.0154914 -0.00434289 0.00565087 0.012855 -0.0218473 0.00564065 -0.0154914 -0.0218473 0.0989771 
0.00686238 -0.0144691 -0.00435399 0.00565917 -0.0144691 0.0796566 0.00567956 -0.0155907 -0.00435399 0.00567956 0.012858 -0.0218107 0.00565917 -0.0155907 -0.0218107 0.0988366 
0.0068745 -0.0144845 -0.0043719 0.00566917 -0.0144845 0.0797463 0.00567938 -0.0156387 -0.0043719 0.00567938 0.0128297 -0.0217982 0.00566917 -0.0156387 -0.0217982 0.0987456 
0.00686988 -0.0145008 -0.00441195 0.00570776 -0.0145008 0.0798058 0.00571805 -0.0157246 -0.00441195 0.00571805 0.0127833 -0.0217512 0.00570776 -0.0157246 -0.0217512 0.0986363 
0.00684832 -0.0144829 -0.00440693 0.00576211 -0.0144829 0.0798006 0.00576211 -0.015838 -0.00440693 0.00576211 0.012776 -0.0217036 0.00576211 -0.015838 -0.0217036 0.0985145 
0.00681863 -0.0144272 -0.00441756 0.00574802 -0.0144272 0.079672 0.00575842 -0.015872 -0.00441756 0.00575842 0.0127641 -0.0216928 0.00574802 -0.015872 -0.0216928 0.0984752 
0.00679466 -0.0143967 -0.0044354 0.00578804 -0.0143967 0.0795437 0.00578804 -0.0159381 -0.0044354 0.00578804 0.0127505 -0.0216632 0.00578804 -0.0159381 -0.0216632 0.0983863 
