0.0101648 0 0.000467162 0 0 0.00997149 0 0 0.000467162 0 0.00328624 0 0 0 0 0.00997149 
0.0143128 -0.0177179 0.000805358 -0.00100316 -0.0177179 0.0431643 -0.00100316 0.00192156 0.000805358 -0.00100316 0.00474737 -0.00593421 -0.00100316 0.00192156 -0.00593421 0.0205719 
0.0138829 -0.0252362 0.000669593 -0.00133919 -0.0252362 0.0897255 -0.00133919 0.00433003 0.000669593 -0.00133919 0.00510379 -0.00999926 -0.00133919 0.00433003 -0.00999926 0.0410981 
0.0128834 -0.0232231 0.000478827 -0.000957654 -0.0232231 0.0999252 -0.000972617 0.00402514 0.000478827 -0.000972617 0.00502768 -0.0114021 -0.000957654 0.00402514 -0.0114021 0.0561873 
0.0129567 -0.0220728 0.000239157 -0.000534586 -0.0220728 0.0996581 -0.000590859 0.00258852 0.000239157 -0.000590859 0.0050645 -0.0118453 -0.000534586 0.00258852 -0.0118453 0.0653883 
0.0132786 -0.0221755 0.000159823 -0.000346283 -0.0221755 0.0997962 -0.000399558 0.00177137 0.000159823 -0.000399558 0.0050877 -0.0119201 -0.000346283 0.00177137 -0.0119201 0.0696829 
0.0134576 -0.0225227 0.000190978 -0.000318297 -0.0225227 0.100582 -0.000369225 0.00146417 0.000190978 -0.000369225 0.00511822 -0.0118406 -0.000318297 0.00146417 -0.0118406 0.0710566 
0.0135642 -0.0226815 0.000273272 -0.000409907 -0.0226815 0.101148 -0.000447172 0.00155268 0.000273272 -0.000447172 0.00508037 -0.0117631 -0.000409907 0.00155268 -0.0117631 0.0712245 
0.0135741 -0.0227738 0.000353366 -0.000511771 -0.0227738 0.101428 -0.000536141 0.00174246 0.000353366 -0.000536141 0.00509334 -0.0116611 -0.000511771 0.00174246 -0.0116611 0.0710021 
0.0136106 -0.0227933 0.000423442 -0.000604917 -0.0227933 0.101566 -0.000604917 0.00193573 0.000423442 -0.000604917 0.0050813 -0.0116386 -0.000604917 0.00193573 -0.0116386 0.0708116 
0.0135958 -0.0228284 0.000506225 -0.000723179 -0.0228284 0.101619 -0.000699073 0.00221775 0.000506225 -0.000699073 0.00508636 -0.0116191 -0.000723179 0.00221775 -0.0116191 0.0707269 
0.0135663 -0.0228193 0.000566265 -0.000831325 -0.0228193 0.101651 -0.000819277 0.00250602 0.000566265 -0.000819277 0.00513253 -0.0116506 -0.000831325 0.00250602 -0.0116506 0.0707349 
0.0135169 -0.0227805 0.000600752 -0.000889113 -0.0227805 0.101623 -0.000853068 0.00265532 0.000600752 -0.000853068 0.00517848 -0.0117027 -0.000889113 0.00265532 -0.0117027 0.0708527 
0.0135279 -0.0227145 0.000611635 -0.00092345 -0.0227145 0.101472 -0.000887471 0.00275836 0.000611635 -0.000887471 0.00518091 -0.011801 -0.00092345 0.00275836 -0.011801 0.0710816 
0.0135482 -0.0227237 0.000609312 -0.000919941 -0.0227237 0.101432 -0.000884099 0.00277177 0.000609312 -0.000884099 0.00516123 -0.011792 -0.000919941 0.00277177 -0.011792 0.0711939 
0.0135615 -0.022746 0.000633827 -0.000968679 -0.022746 0.101448 -0.00095672 0.00294192 0.000633827 -0.00095672 0.00515433 -0.0117916 -0.000968679 0.00294192 -0.0117916 0.0712159 
0.0135626 -0.0227719 0.0006578 -0.00098072 -0.0227719 0.101493 -0.00096876 0.00300196 0.0006578 -0.00096876 0.0051428 -0.0117686 -0.00098072 0.00300196 -0.0117686 0.0712099 
0.0135258 -0.0227723 0.000651991 -0.000972059 -0.0227723 0.101556 -0.000960205 0.0029873 0.000651991 -0.000960205 0.00520407 -0.0117595 -0.000972059 0.0029873 -0.0117595 0.0711737 
0.013514 -0.0227405 0.000639576 -0.000935675 -0.0227405 0.101527 -0.000935675 0.00290178 0.000639576 -0.000935675 0.00523504 -0.0118203 -0.000935675 0.00290178 -0.0118203 0.0712534 
0.0135011 -0.0227052 0.000670265 -0.000957522 -0.0227052 0.101414 -0.000969491 0.00296832 0.000670265 -0.000969491 0.00521849 -0.0118733 -0.000957522 0.00296832 -0.0118733 0.0714072 
0.0134972 -0.0226944 0.000692777 -0.000991388 -0.0226944 0.101384 -0.000979444 0.00298611 0.000692777 -0.000979444 0.00520777 -0.0118489 -0.000991388 0.00298611 -0.0118489 0.0714636 
0.0135202 -0.0226899 0.00075713 -0.0010696 -0.0226899 0.101335 -0.0010696 0.00319677 0.00075713 -0.0010696 0.00516771 -0.0118497 -0.0010696 0.00319677 -0.0118497 0.0714346 
0.0135234 -0.0227275 0.000782049 -0.0011069 -0.0227275 0.10139 -0.0011069 0.00330867 0.000782049 -0.0011069 0.00514949 -0.0117909 -0.0011069 0.00330867 -0.0117909 0.0713229 
0.013519 -0.0227486 0.000747042 -0.00109646 -0.0227486 0.101477 -0.00108442 0.00325325 0.000747042 -0.00108442 0.005157 -0.0117358 -0.00109646 0.00325325 -0.0117358 0.0711738 
0.0135164 -0.022736 0.000782341 -0.00107121 -0.022736 0.101476 -0.00107121 0.00322565 0.000782341 -0.00107121 0.00515141 -0.0117351 -0.00107121 0.00322565 -0.0117351 0.0711088 
0.0134672 -0.0227147 0.000807793 -0.00114538 -0.0227147 0.101432 -0.00112127 0.00332763 0.000807793 -0.00112127 0.0051964 -0.0117552 -0.00114538 0.00332763 -0.0117552 0.0711099 
0.0134772 -0.0226668 0.000806947 -0.00114418 -0.0226668 0.101362 -0.00112009 0.00333618 0.000806947 -0.00112009 0.00519096 -0.0117911 -0.00114418 0.00333618 -0.0117911 0.0711559 
0.0135003 -0.0226698 0.000798403 -0.00114922 -0.0226698 0.1013 -0.00113712 0.00333878 0.000798403 -0.00113712 0.00516543 -0.0117946 -0.00114922 0.00333878 -0.0117946 0.071191 
0.0135223 -0.0227049 0.000743245 -0.00109089 -0.0227049 0.101369 -0.00106692 0.00320075 0.000743245 -0.00106692 0.00515476 -0.0117481 -0.00109089 0.00320075 -0.0117481 0.0711237 
0.0135741 -0.0227502 0.000689401 -0.00102222 -0.0227502 0.101473 -0.00102222 0.00307853 0.000689401 -0.00102222 0.00512296 -0.0117317 -0.00102222 0.00307853 -0.0117317 0.071044 
0.0136211 -0.0228123 0.000686976 -0.000983086 -0.0228123 0.101601 -0.000994931 0.00302033 0.000686976 -0.000994931 0.00510494 -0.0117141 -0.000983086 0.00302033 -0.0117141 0.0710072 
0.0136335 -0.0228456 0.000738878 -0.0010249 -0.0228456 0.101691 -0.00106065 0.00313427 0.000738878 -0.00106065 0.00507681 -0.0117029 -0.0010249 0.00313427 -0.0117029 0.0710157 
0.0136671 -0.0228898 0.000750679 -0.00106048 -0.0228898 0.10183 -0.0010724 0.00319337 0.000750679 -0.0010724 0.00504027 -0.0116534 -0.00106048 0.00319337 -0.0116534 0.0709451 
0.0136516 -0.0229309 0.000760402 -0.00103367 -0.0229309 0.101977 -0.00104555 0.00312478 0.000760402 -0.00104555 0.00506143 -0.011608 -0.00103367 0.00312478 -0.011608 0.0708124 
0.0136549 -0.0229164 0.000783671 -0.00108052 -0.0229164 0.101984 -0.00106864 0.00317031 0.000783671 -0.00106864 0.00507011 -0.0116482 -0.00108052 0.00317031 -0.0116482 0.0708035 
0.0136711 -0.0228967 0.000872371 -0.00115918 -0.0228967 0.101936 -0.00114723 0.00335803 0.000872371 -0.00114723 0.00504302 -0.0116635 -0.00115918 0.00335803 -0.0116635 0.0708652 
0.013659 -0.0229084 0.000956012 -0.00129062 -0.0229084 0.101947 -0.00126672 0.00366869 0.000956012 -0.00126672 0.00503101 -0.0116155 -0.00129062 0.00366869 -0.0116155 0.0708405 
0.013638 -0.022897 0.00102613 -0.00143181 -0.022897 0.101921 -0.00139601 0.00404486 0.00102613 -0.00139601 0.00504713 -0.0116096 -0.00143181 0.00404486 -0.0116096 0.0707911 
0.0136335 -0.0228702 0.0010902 -0.00148555 -0.0228702 0.101868 -0.00144961 0.00424099 0.0010902 -0.00144961 0.00504367 -0.0116328 -0.00148555 0.00424099 -0.0116328 0.0707911 
0.0136492 -0.0228765 0.00111447 -0.00150992 -0.0228765 0.101884 -0.00148596 0.00430208 0.00111447 -0.00148596 0.00502109 -0.0116 -0.00150992 0.00430208 -0.0116 0.0707387 
0.0136622 -0.0229134 0.00110871 -0.00153789 -0.0229134 0.101942 -0.00151405 0.0043514 0.00110871 -0.00151405 0.00501902 -0.011564 -0.00153789 0.0043514 -0.011564 0.0706477 
0.0137022 -0.0229563 0.00106136 -0.00146682 -0.0229563 0.102045 -0.00145489 0.00422157 0.00106136 -0.00145489 0.00499672 -0.0115557 -0.00146682 0.00422157 -0.0115557 0.0705623 
0.0137152 -0.022986 0.000967707 -0.00140975 -0.022986 0.102159 -0.0013978 0.00405003 0.000967707 -0.0013978 0.00496995 -0.0115169 -0.00140975 0.00405003 -0.0115169 0.0704993 
0.0137142 -0.023019 0.000912701 -0.001292 -0.023019 0.102246 -0.00130386 0.00385231 0.000912701 -0.00130386 0.00500207 -0.0114977 -0.001292 0.00385231 -0.0114977 0.0704321 
0.0137064 -0.0230055 0.000874374 -0.00122885 -0.0230055 0.102243 -0.00125248 0.0036511 0.000874374 -0.00125248 0.00502174 -0.0115441 -0.00122885 0.0036511 -0.0115441 0.0704934 
0.0137183 -0.0229973 0.000824276 -0.00118931 -0.0229973 0.102234 -0.00121286 0.00352084 0.000824276 -0.00121286 0.00502808 -0.0115752 -0.00118931 0.00352084 -0.0115752 0.0705934 
0.0137243 -0.0230035 0.000742811 -0.00110832 -0.0230035 0.102225 -0.0011319 0.00337212 0.000742811 -0.0011319 0.00502281 -0.0116138 -0.00110832 0.00337212 -0.0116138 0.0706967 
0.0137634 -0.023014 0.000698829 -0.00104232 -0.023014 0.102254 -0.00105417 0.00319803 0.000698829 -0.00105417 0.0049984 -0.0116077 -0.00104232 0.00319803 -0.0116077 0.0707594 
0.0137813 -0.0230592 0.000660183 -0.000954907 -0.0230592 0.10234 -0.000978485 0.00297082 0.000660183 -0.000978485 0.00497495 -0.0115532 -0.000954907 0.00297082 -0.0115532 0.0707103 
0.0137854 -0.0230742 0.000686309 -0.000970299 -0.0230742 0.10239 -0.0010058 0.00297006 0.000686309 -0.0010058 0.00495799 -0.0115489 -0.000970299 0.00297006 -0.0115489 0.0706662 
0.0137715 -0.0230799 0.000692157 -0.000990501 -0.0230799 0.102439 -0.00101437 0.0030073 0.000692157 -0.00101437 0.0049525 -0.011528 -0.000990501 0.0030073 -0.011528 0.070612 
0.0137745 -0.0230695 0.00068452 -0.000996758 -0.0230695 0.102438 -0.00100877 0.0030263 0.00068452 -0.00100877 0.00492374 -0.0115168 -0.000996758 0.0030263 -0.0115168 0.0705656 
0.013734 -0.0230668 0.000675244 -0.00098875 -0.0230668 0.102432 -0.00098875 0.00302654 0.000675244 -0.00098875 0.00495581 -0.0114671 -0.00098875 0.00302654 -0.0114671 0.0704665 
0.0137241 -0.0230411 0.000598781 -0.000922123 -0.0230411 0.102392 -0.000922123 0.00282625 0.000598781 -0.000922123 0.00498186 -0.0114966 -0.000922123 0.00282625 -0.0114966 0.0704047 
0.0136985 -0.023002 0.000597143 -0.000847943 -0.023002 0.102303 -0.000859886 0.0026752 0.000597143 -0.000859886 0.005016 -0.0115129 -0.000847943 0.0026752 -0.0115129 0.070451 
0.0136713 -0.0229606 0.000608941 -0.000883561 -0.0229606 0.102183 -0.000883561 0.0026865 0.000608941 -0.000883561 0.00503869 -0.0115699 -0.000883561 0.0026865 -0.0115699 0.0705655 
0.0135934 -0.0229173 0.000594636 -0.000939525 -0.0229173 0.102051 -0.000927633 0.00284236 0.000594636 -0.000927633 0.00513766 -0.0116311 -0.000939525 0.00284236 -0.0116311 0.0707142 
0.0135432 -0.0228407 0.000498085 -0.000830141 -0.0228407 0.101894 -0.000830141 0.00264459 0.000498085 -0.000830141 0.00520617 -0.0117287 -0.000830141 0.00264459 -0.0117287 0.0709296 
0.013488 -0.0227713 0.00042519 -0.00070865 -0.0227713 0.101715 -0.000720461 0.00233855 0.00042519 -0.000720461 0.00527944 -0.0118345 -0.00070865 0.00233855 -0.0118345 0.0711957 
0.0134948 -0.0227027 0.000352344 -0.000575496 -0.0227027 0.101534 -0.00058724 0.00196138 0.000352344 -0.00058724 0.00529691 -0.0119327 -0.000575496 0.00196138 -0.0119327 0.0715024 
0.0135171 -0.0226841 0.000349883 -0.000559812 -0.0226841 0.101408 -0.000571475 0.00188937 0.000349883 -0.000571475 0.00530656 -0.0119893 -0.000559812 0.00188937 -0.0119893 0.0717376 
0.0135666 -0.0227044 0.000420669 -0.000607633 -0.0227044 0.101393 -0.000619318 0.00199818 0.000420669 -0.000619318 0.00525836 -0.0120007 -0.000607633 0.00199818 -0.0120007 0.0718759 
0.0136624 -0.0227746 0.000526377 -0.000713534 -0.0227746 0.101486 -0.000713534 0.00222248 0.000526377 -0.000713534 0.0051585 -0.0119546 -0.000713534 0.00222248 -0.0119546 0.0718564 
0.0136846 -0.0229095 0.000528138 -0.000798075 -0.0229095 0.101778 -0.000798075 0.00242943 0.000528138 -0.000798075 0.00511707 -0.0118186 -0.000798075 0.00242943 -0.0118186 0.0716155 
0.0137128 -0.0229826 0.000476866 -0.000756007 -0.0229826 0.102073 -0.000744376 0.00236107 0.000476866 -0.000744376 0.00510596 -0.0117356 -0.000756007 0.00236107 -0.0117356 0.0713555 
0.0136972 -0.0229988 0.000487115 -0.000753868 -0.0229988 0.102178 -0.00074227 0.00240078 0.000487115 -0.00074227 0.0051263 -0.0117371 -0.000753868 0.00240078 -0.0117371 0.0712695 
0.013693 -0.0229615 0.0005589 -0.000815062 -0.0229615 0.102151 -0.000815062 0.00254998 0.0005589 -0.000815062 0.00513489 -0.0117835 -0.000815062 0.00254998 -0.0117835 0.0713296 
0.0137233 -0.0229691 0.000546607 -0.000848985 -0.0229691 0.102146 -0.000825725 0.00259348 0.000546607 -0.000825725 0.00510554 -0.0117928 -0.000848985 0.00259348 -0.0117928 0.0713845 
0.013777 -0.0230045 0.00051459 -0.000830361 -0.0230045 0.102193 -0.000818666 0.00259634 0.00051459 -0.000818666 0.00504064 -0.0117654 -0.000830361 0.00259634 -0.0117654 0.0713526 
0.0138722 -0.0230733 0.000529474 -0.00081186 -0.0230733 0.102318 -0.00081186 0.00260031 0.000529474 -0.00081186 0.00492999 -0.011672 -0.00081186 0.00260031 -0.011672 0.0711966 
0.0139201 -0.0231923 0.000591338 -0.000827873 -0.0231923 0.102585 -0.0008397 0.00261371 0.000591338 -0.0008397 0.00484897 -0.0115311 -0.000827873 0.00261371 -0.0115311 0.070866 
0.0139631 -0.02326 0.000676783 -0.000937997 -0.02326 0.102812 -0.000937997 0.00282586 0.000676783 -0.000937997 0.00480872 -0.0114222 -0.000937997 0.00282586 -0.0114222 0.0705041 
0.0139688 -0.0233208 0.000686602 -0.000982551 -0.0233208 0.103026 -0.000970713 0.00292398 0.000686602 -0.000970713 0.00479437 -0.0113289 -0.000982551 0.00292398 -0.0113289 0.070211 
0.0139585 -0.0233427 0.000660198 -0.000978508 -0.0233427 0.103121 -0.000978508 0.0029591 0.000660198 -0.000978508 0.00481002 -0.0112941 -0.000978508 0.0029591 -0.0112941 0.0700282 
0.0139463 -0.0233107 0.000673106 -0.00100376 -0.0233107 0.103103 -0.000991946 0.00303488 0.000673106 -0.000991946 0.00482983 -0.0113247 -0.00100376 0.00303488 -0.0113247 0.0700149 
0.0139311 -0.0232969 0.000694199 -0.00101188 -0.0232969 0.103047 -0.00100012 0.00309448 0.000694199 -0.00100012 0.00483586 -0.0113543 -0.00101188 0.00309448 -0.0113543 0.0700788 
0.0139533 -0.0232945 0.000655523 -0.00099499 -0.0232945 0.103034 -0.00099499 0.0030435 0.000655523 -0.00099499 0.00483448 -0.0113663 -0.00099499 0.0030435 -0.0113663 0.0701292 
0.0139872 -0.0233082 0.000653282 -0.000956592 -0.0233082 0.103044 -0.000956592 0.00295144 0.000653282 -0.000956592 0.00481796 -0.0113858 -0.000956592 0.00295144 -0.0113858 0.0701578 
0.0139947 -0.0233439 0.00066199 -0.000929109 -0.0233439 0.103143 -0.000929109 0.00286862 0.00066199 -0.000929109 0.00483137 -0.0113584 -0.000929109 0.00286862 -0.0113584 0.0701593 
0.0139851 -0.0233627 0.000696355 -0.000986502 -0.0233627 0.1032 -0.000986502 0.00297111 0.000696355 -0.000986502 0.00483966 -0.0113854 -0.000986502 0.00297111 -0.0113854 0.0701925 
0.0140103 -0.0233543 0.000650021 -0.00102146 -0.0233543 0.103226 -0.00102146 0.00307599 0.000650021 -0.00102146 0.00482873 -0.0113986 -0.00102146 0.00307599 -0.0113986 0.0702604 
0.0140346 -0.0233794 0.000613724 -0.000972695 -0.0233794 0.103245 -0.000972695 0.00304546 0.000613724 -0.000972695 0.004794 -0.0113944 -0.000972695 0.00304546 -0.0113944 0.0703004 
0.0140887 -0.0234157 0.000566323 -0.000878379 -0.0234157 0.103337 -0.000889937 0.00283162 0.000566323 -0.000889937 0.00475018 -0.0113611 -0.000878379 0.00283162 -0.0113611 0.0702588 
0.0141004 -0.023493 0.000610058 -0.000840268 -0.023493 0.103503 -0.000863289 0.00271648 0.000610058 -0.000863289 0.00476536 -0.0113033 -0.000840268 0.00271648 -0.0113033 0.0701451 
0.0141351 -0.0234975 0.000686727 -0.00090419 -0.0234975 0.103593 -0.000927081 0.00279269 0.000686727 -0.000927081 0.00473841 -0.0112967 -0.00090419 0.00279269 -0.0112967 0.0700805 
0.0141754 -0.0235492 0.000721947 -0.000996975 -0.0235492 0.103697 -0.000996975 0.00294509 0.000721947 -0.000996975 0.00469839 -0.0112876 -0.000996975 0.00294509 -0.0112876 0.0700518 
0.0141757 -0.0235994 0.000690377 -0.00104707 -0.0235994 0.103833 -0.00102406 0.00307218 0.000690377 -0.00102406 0.00469457 -0.0112531 -0.00104707 0.00307218 -0.0112531 0.0699812 
0.014166 -0.0236062 0.00068006 -0.00102585 -0.0236062 0.103899 -0.00101433 0.00311214 0.00068006 -0.00101433 0.00469126 -0.0112383 -0.00102585 0.00311214 -0.0112383 0.069931 
0.0141517 -0.0235822 0.000740561 -0.00104141 -0.0235822 0.103864 -0.00104141 0.0031821 0.000740561 -0.00104141 0.00469793 -0.0112473 -0.00104141 0.0031821 -0.0112473 0.0699367 
0.0141197 -0.0235443 0.000794016 -0.00110472 -0.0235443 0.103809 -0.00110472 0.00329114 0.000794016 -0.00110472 0.00472957 -0.0112543 -0.00110472 0.00329114 -0.0112543 0.069931 
0.0141117 -0.0235422 0.000715811 -0.00109076 -0.0235422 0.103781 -0.0010794 0.00322683 0.000715811 -0.0010794 0.00477208 -0.0112712 -0.00109076 0.00322683 -0.0112712 0.0699564 
0.0141276 -0.0235082 0.000725073 -0.00106495 -0.0235082 0.103697 -0.00106495 0.0032515 0.000725073 -0.00106495 0.00476962 -0.0113293 -0.00106495 0.0032515 -0.0113293 0.0700941 
0.0141467 -0.0235252 0.000790952 -0.00107343 -0.0235252 0.103682 -0.00107343 0.0032655 0.000790952 -0.00107343 0.00476831 -0.0113558 -0.00107343 0.0032655 -0.0113558 0.0702026 
0.0142424 -0.0235701 0.000855227 -0.0011403 -0.0235701 0.103745 -0.0011403 0.00336389 0.000855227 -0.0011403 0.00465244 -0.011346 -0.0011403 0.00336389 -0.011346 0.0702427 
0.0142972 -0.023683 0.000874166 -0.00121923 -0.023683 0.10398 -0.00120773 0.00351967 0.000874166 -0.00120773 0.00456637 -0.0112146 -0.00121923 0.00351967 -0.0112146 0.0700598 
0.0142912 -0.0237686 0.0009235 -0.00126981 -0.0237686 0.10424 -0.00126981 0.00371709 0.0009235 -0.00126981 0.00455978 -0.011082 -0.00126981 0.00371709 -0.011082 0.0697358 
0.0142512 -0.0237597 0.000960104 -0.00130713 -0.0237597 0.104339 -0.00129556 0.00380571 0.000960104 -0.00129556 0.00456917 -0.011047 -0.00130713 0.00380571 -0.011047 0.0695208 
0.0142635 -0.0237183 0.000987293 -0.00133575 -0.0237183 0.104293 -0.00132413 0.00385625 0.000987293 -0.00132413 0.00456478 -0.0110693 -0.00133575 0.00385625 -0.0110693 0.0694473 
0.0142634 -0.0237337 0.000903039 -0.00134298 -0.0237337 0.104278 -0.0013314 0.0038437 0.000903039 -0.0013314 0.00457308 -0.0110449 -0.00134298 0.0038437 -0.0110449 0.0693951 
0.0142902 -0.0237208 0.000796463 -0.0012351 -0.0237208 0.104279 -0.00122355 0.0036822 0.000796463 -0.00122355 0.00455946 -0.0110581 -0.0012351 0.0036822 -0.0110581 0.0693731 
0.0143179 -0.0237673 0.000679066 -0.00104737 -0.0237673 0.104335 -0.00105888 0.00326873 0.000679066 -0.00105888 0.00454629 -0.0110492 -0.00104737 0.00326873 -0.0110492 0.0693568 
0.0143244 -0.0238128 0.000585843 -0.000907483 -0.0238128 0.104441 -0.000930457 0.00290624 0.000585843 -0.000930457 0.00457187 -0.0110391 -0.000907483 0.00290624 -0.0110391 0.0693592 
0.0142978 -0.0237992 0.000502478 -0.000833657 -0.0237992 0.10447 -0.000879337 0.00271795 0.000502478 -0.000879337 0.00461366 -0.0110774 -0.000833657 0.00271795 -0.0110774 0.0694333 
0.0143202 -0.0237793 0.000457514 -0.000754898 -0.0237793 0.104428 -0.000789212 0.00252777 0.000457514 -0.000789212 0.00459802 -0.0111405 -0.000754898 0.00252777 -0.0111405 0.0695765 
0.0143529 -0.023795 0.000506032 -0.000713045 -0.023795 0.104427 -0.000747547 0.00239215 0.000506032 -0.000747547 0.00456579 -0.0111327 -0.000713045 0.00239215 -0.0111327 0.0696599 
0.0143469 -0.02383 0.000535245 -0.000779596 -0.02383 0.104477 -0.000791231 0.00246678 0.000535245 -0.000791231 0.00453794 -0.0110889 -0.000779596 0.00246678 -0.0110889 0.0696051 
0.0143299 -0.0238289 0.000488918 -0.000791581 -0.0238289 0.104547 -0.00077994 0.00246787 0.000488918 -0.00077994 0.00453995 -0.0110472 -0.000791581 0.00246787 -0.0110472 0.0694845 
0.0143456 -0.0238253 0.00044651 -0.000709837 -0.0238253 0.104552 -0.000709837 0.0022898 0.00044651 -0.000709837 0.00457959 -0.0110368 -0.000709837 0.0022898 -0.0110368 0.0694037 
0.0143523 -0.0238149 0.000430117 -0.000656495 -0.0238149 0.104552 -0.000667814 0.00216191 0.000430117 -0.000667814 0.00460678 -0.0110812 -0.000656495 0.00216191 -0.0110812 0.0694413 
0.0143849 -0.02384 0.000426717 -0.000673764 -0.02384 0.104557 -0.000673764 0.00213358 0.000426717 -0.000673764 0.00462651 -0.0111396 -0.000673764 0.00213358 -0.0111396 0.0695886 
0.0143842 -0.0238736 0.000433864 -0.000667482 -0.0238736 0.104628 -0.000667482 0.00215819 0.000433864 -0.000667482 0.00465013 -0.0111803 -0.000667482 0.00215819 -0.0111803 0.0697408 
0.0143901 -0.0238649 0.000489308 -0.000778444 -0.0238649 0.104634 -0.000767323 0.00241318 0.000489308 -0.000767323 0.00464842 -0.011243 -0.000778444 0.00241318 -0.011243 0.0699265 
0.014382 -0.0238693 0.000560048 -0.000851274 -0.0238693 0.104617 -0.000851274 0.00269943 0.000560048 -0.000851274 0.0046372 -0.0112682 -0.000851274 0.00269943 -0.0112682 0.0700733 
0.0143613 -0.0238872 0.000568213 -0.000869032 -0.0238872 0.104674 -0.000857891 0.00270737 0.000568213 -0.000857891 0.00466826 -0.0112306 -0.000869032 0.00270737 -0.0112306 0.0700908 
0.014322 -0.0238403 0.000579568 -0.000902789 -0.0238403 0.104623 -0.000891643 0.00280868 0.000579568 -0.000891643 0.00470342 -0.0112681 -0.000902789 0.00280868 -0.0112681 0.0701389 
0.0143498 -0.0238002 0.00061804 -0.000921441 -0.0238002 0.104494 -0.000910204 0.00289917 0.00061804 -0.000910204 0.00466339 -0.011327 -0.000921441 0.00289917 -0.011327 0.0702431 
0.0143789 -0.0238144 0.000665899 -0.000959346 -0.0238144 0.104478 -0.00094806 0.00297962 0.000665899 -0.00094806 0.00459358 -0.0112639 -0.000959346 0.00297962 -0.0112639 0.0702241 
0.0144381 -0.0238714 0.000734331 -0.000994171 -0.0238714 0.104591 -0.000994171 0.0030277 0.000734331 -0.000994171 0.00453025 -0.0111731 -0.000994171 0.0030277 -0.0111731 0.0700325 
0.0144802 -0.0239385 0.000720631 -0.00105843 -0.0239385 0.104773 -0.00103591 0.00310772 0.000720631 -0.00103591 0.00449269 -0.011091 -0.00105843 0.00310772 -0.011091 0.0697887 
0.0144788 -0.0240043 0.000706009 -0.00106462 -0.0240043 0.104938 -0.00105341 0.00319385 0.000706009 -0.00105341 0.00450501 -0.0110272 -0.00106462 0.00319385 -0.0110272 0.0695699 
0.0144596 -0.0240058 0.000717931 -0.00105446 -0.0240058 0.105009 -0.00105446 0.00323069 0.000717931 -0.00105446 0.00452072 -0.0110382 -0.00105446 0.00323069 -0.0110382 0.0695047 
0.0144649 -0.023988 0.000697915 -0.00105813 -0.023988 0.104991 -0.00105813 0.00324193 0.000697915 -0.00105813 0.00451394 -0.0110653 -0.00105813 0.00324193 -0.0110653 0.0695439 
0.0144624 -0.0239762 0.0007327 -0.00103705 -0.0239762 0.104979 -0.00104832 0.00321261 0.0007327 -0.00104832 0.00450892 -0.0110581 -0.00103705 0.00321261 -0.0110581 0.0695614 
0.0144342 -0.0239819 0.000765619 -0.00106962 -0.0239819 0.104957 -0.00106962 0.00323136 0.000765619 -0.00106962 0.00453742 -0.0110564 -0.00106962 0.00323136 -0.0110564 0.06957 
0.0144518 -0.0239552 0.000742274 -0.00109092 -0.0239552 0.104919 -0.00109092 0.00325026 0.000742274 -0.00109092 0.00454361 -0.0110891 -0.00109092 0.00325026 -0.0110891 0.0695938 
0.0145046 -0.0239534 0.000719053 -0.00106734 -0.0239534 0.104914 -0.00105611 0.0032245 0.000719053 -0.00105611 0.00448284 -0.0110779 -0.00106734 0.0032245 -0.0110779 0.0696245 
0.0145273 -0.0240332 0.000726923 -0.00105124 -0.0240332 0.105012 -0.00106243 0.00320964 0.000726923 -0.00106243 0.00446219 -0.0110269 -0.00105124 0.00320964 -0.0110269 0.0695386 
0.0145389 -0.0240831 0.00072305 -0.00104564 -0.0240831 0.105165 -0.00104564 0.00318142 0.00072305 -0.00104564 0.00447178 -0.0109904 -0.00104564 0.00318142 -0.0109904 0.0694461 
0.014572 -0.0240899 0.000745853 -0.00107982 -0.0240899 0.105232 -0.00107982 0.00326172 0.000745853 -0.00107982 0.00445286 -0.0110097 -0.00107982 0.00326172 -0.0110097 0.0694423 
0.0146187 -0.0241308 0.000789898 -0.00109028 -0.0241308 0.105312 -0.00109028 0.00330422 0.000789898 -0.00109028 0.00441675 -0.0109918 -0.00109028 0.00330422 -0.0109918 0.0694332 
0.0146277 -0.02418 0.000808954 -0.00115248 -0.02418 0.105452 -0.0011414 0.00339096 0.000808954 -0.0011414 0.00441046 -0.0109486 -0.00115248 0.00339096 -0.0109486 0.0693595 
0.0146304 -0.0242032 0.000741479 -0.00116202 -0.0242032 0.105544 -0.00116202 0.00345286 0.000741479 -0.00116202 0.00441567 -0.0109451 -0.00116202 0.00345286 -0.0109451 0.0693006 
0.0146534 -0.0242277 0.00063902 -0.00105769 -0.0242277 0.105626 -0.00105769 0.00329426 0.00063902 -0.00105769 0.00441805 -0.0109515 -0.00105769 0.00329426 -0.0109515 0.0693226 
0.0146624 -0.0242316 0.000650439 -0.000948097 -0.0242316 0.105647 -0.00098117 0.00308683 0.000650439 -0.00098117 0.00440975 -0.0109582 -0.000948097 0.00308683 -0.0109582 0.0693654 
0.0146769 -0.0242521 0.000694177 -0.000958625 -0.0242521 0.105691 -0.000969644 0.00299708 0.000694177 -0.000969644 0.00439645 -0.0109526 -0.000958625 0.00299708 -0.0109526 0.0693736 
0.0146798 -0.0242546 0.000746809 -0.00105891 -0.0242546 0.105713 -0.00107006 0.00316558 0.000746809 -0.00107006 0.00436939 -0.0109458 -0.00105891 0.00316558 -0.0109458 0.069353 
0.0146748 -0.0242668 0.000798399 -0.00111326 -0.0242668 0.105748 -0.00112451 0.00335103 0.000798399 -0.00112451 0.00432935 -0.0108965 -0.00111326 0.00335103 -0.0108965 0.0692583 
0.0146316 -0.0242589 0.000875205 -0.0012006 -0.0242589 0.10572 -0.00118938 0.00355692 0.000875205 -0.00118938 0.0043648 -0.0108503 -0.0012006 0.00355692 -0.0108503 0.0691187 
0.0145882 -0.0242017 0.000885154 -0.0012549 -0.0242017 0.105647 -0.0012437 0.00367507 0.000885154 -0.0012437 0.00439216 -0.0108571 -0.0012549 0.00367507 -0.0108571 0.0690532 
0.0145929 -0.024165 0.000849855 -0.0012636 -0.024165 0.105539 -0.00125242 0.00371253 0.000849855 -0.00125242 0.00439465 -0.0108916 -0.0012636 0.00371253 -0.0108916 0.0690843 
0.0145866 -0.0241418 0.000823528 -0.00124093 -0.0241418 0.105445 -0.00122965 0.00373408 0.000823528 -0.00122965 0.00438839 -0.0109089 -0.00124093 0.00373408 -0.0109089 0.0691425 
0.0145821 -0.0241304 0.000812623 -0.00120765 -0.0241304 0.105404 -0.00119636 0.0036568 0.000812623 -0.00119636 0.00437913 -0.0108914 -0.00120765 0.0036568 -0.0108914 0.0691407 
0.0145989 -0.0241526 0.000760711 -0.00111869 -0.0241526 0.105448 -0.00112988 0.00343439 0.000760711 -0.00112988 0.00438528 -0.0108625 -0.00111869 0.00343439 -0.0108625 0.0690793 
0.0146174 -0.0241685 0.000726956 -0.00107366 -0.0241685 0.105476 -0.00108484 0.00329926 0.000726956 -0.00108484 0.0043841 -0.0108931 -0.00107366 0.00329926 -0.0108931 0.0690608 
0.0146521 -0.0241883 0.000673144 -0.00103215 -0.0241883 0.105527 -0.00104337 0.00318621 0.000673144 -0.00104337 0.004353 -0.0108825 -0.00103215 0.00318621 -0.0108825 0.069087 
0.0147095 -0.0242517 0.000591505 -0.000915158 -0.0242517 0.105667 -0.000926319 0.00289056 0.000591505 -0.000926319 0.00433026 -0.010848 -0.000915158 0.00289056 -0.010848 0.0690386 
0.0147316 -0.0242999 0.000635657 -0.000903302 -0.0242999 0.105764 -0.000925606 0.00288834 0.000635657 -0.000925606 0.00429347 -0.0108173 -0.000903302 0.00288834 -0.0108173 0.0689744 
0.0147249 -0.0243442 0.00071502 -0.000960808 -0.0243442 0.10589 -0.00097198 0.00292711 0.00071502 -0.00097198 0.00430129 -0.0107812 -0.000960808 0.00292711 -0.0107812 0.0688877 
0.0147307 -0.0243387 0.000782954 -0.0010514 -0.0243387 0.105945 -0.0010514 0.00309826 0.000782954 -0.0010514 0.00428388 -0.0107824 -0.0010514 0.00309826 -0.0107824 0.0688552 
0.0147407 -0.0243305 0.000845506 -0.00116813 -0.0243305 0.105933 -0.00114588 0.00339315 0.000845506 -0.00114588 0.00428316 -0.0107802 -0.00116813 0.00339315 -0.0107802 0.0688309 
