0.010171 0 -0.00181677 0 0 0.00997736 0 0 -0.00181677 0 0.00364844 0 0 0 0 0.00997736 
0.0141397 -0.0175013 -0.00277459 0.00341488 -0.0175013 0.0427394 0.00341488 -0.00654964 -0.00277459 0.00341488 0.00541579 -0.00677641 0.00341488 -0.00654964 -0.00677641 0.0221834 
0.013734 -0.024846 -0.00256645 0.00456412 -0.024846 0.0884524 0.00456412 -0.014608 -0.00256645 0.00456412 0.00579879 -0.011556 0.00456412 -0.014608 -0.011556 0.0462377 
0.0128816 -0.0230492 -0.00222795 0.00347021 -0.0230492 0.0989616 0.00348371 -0.0132327 -0.00222795 0.00348371 0.00561714 -0.0128681 0.00347021 -0.0132327 -0.0128681 0.0626663 
0.0130247 -0.022032 -0.00223903 0.00292992 -0.022032 0.0989649 0.00292992 -0.0104147 -0.00223903 0.00292992 0.00552719 -0.0129863 0.00292992 -0.0104147 -0.0129863 0.0709067 
0.0133449 -0.0222456 -0.0022946 0.00298298 -0.0222456 0.0994891 0.00298298 -0.00916633 -0.0022946 0.00298298 0.00556743 -0.0128135 0.00298298 -0.00916633 -0.0128135 0.0738017 
0.0135302 -0.0225427 -0.00238021 0.00313125 -0.0225427 0.100396 0.00311969 -0.00905866 -0.00238021 0.00311969 0.005627 -0.0127561 0.00313125 -0.00905866 -0.0127561 0.0745606 
0.0136105 -0.0226916 -0.00245946 0.00327187 -0.0226916 0.100949 0.00326074 -0.00927029 -0.00245946 0.00326074 0.00567568 -0.0127536 0.00327187 -0.00927029 -0.0127536 0.0747187 
0.0136004 -0.0227402 -0.00247081 0.00337823 -0.0227402 0.10115 0.00335637 -0.00956619 -0.00247081 0.00335637 0.00573971 -0.0127914 0.00337823 -0.00956619 -0.0127914 0.0747912 
0.0135556 -0.0226914 -0.00254442 0.00343277 -0.0226914 0.101075 0.0034218 -0.00980478 -0.00254442 0.0034218 0.00575784 -0.0128976 0.00343277 -0.00980478 -0.0128976 0.0750055 
0.0135357 -0.0226765 -0.00260851 0.00348531 -0.0226765 0.101041 0.00348531 -0.00994082 -0.00260851 0.00348531 0.00578694 -0.012922 0.00348531 -0.00994082 -0.012922 0.0751425 
0.0135397 -0.0226966 -0.00263181 0.0035127 -0.0226966 0.101096 0.0035127 -0.00999434 -0.00263181 0.0035127 0.0057965 -0.0129089 0.0035127 -0.00999434 -0.0129089 0.0751588 
0.0135441 -0.0226812 -0.00268296 0.00357728 -0.0226812 0.101112 0.00355573 -0.0101177 -0.00268296 0.00355573 0.00582924 -0.0129515 0.00357728 -0.0101177 -0.0129515 0.0752414 
0.0135153 -0.0226557 -0.00271391 0.00365835 -0.0226557 0.101012 0.0036475 -0.0103454 -0.00271391 0.0036475 0.00584034 -0.0130159 0.00365835 -0.0103454 -0.0130159 0.0754141 
0.0135187 -0.0226399 -0.00272115 0.00366811 -0.0226399 0.101009 0.00365722 -0.0104274 -0.00272115 0.00365722 0.00582326 -0.0130289 0.00366811 -0.0104274 -0.0130289 0.0755064 
0.0134693 -0.0226171 -0.00272019 0.00370736 -0.0226171 0.100954 0.00369639 -0.0105188 -0.00272019 0.00369639 0.00584622 -0.0130306 0.00370736 -0.0105188 -0.0130306 0.0755402 
0.0134567 -0.0225884 -0.00272638 0.00368992 -0.0225884 0.100865 0.00367897 -0.0105223 -0.00272638 0.00367897 0.00585788 -0.0130297 0.00368992 -0.0105223 -0.0130297 0.0755174 
0.0134182 -0.0225321 -0.00277808 0.00371143 -0.0225321 0.100714 0.00370045 -0.0105853 -0.00277808 0.00370045 0.00585264 -0.0130339 0.00371143 -0.0105853 -0.0130339 0.0755353 
0.0134449 -0.0225144 -0.00280331 0.00377072 -0.0225144 0.100633 0.00374874 -0.0106636 -0.00280331 0.00374874 0.00582648 -0.0130271 0.00377072 -0.0106636 -0.0130271 0.0755024 
0.0134967 -0.0225709 -0.00278451 0.00374544 -0.0225709 0.100777 0.00373452 -0.0106248 -0.00278451 0.00373452 0.00579834 -0.0129507 0.00374544 -0.0106248 -0.0129507 0.0753456 
0.013521 -0.0226471 -0.00276714 0.00372207 -0.0226471 0.100941 0.00373292 -0.0105911 -0.00276714 0.00373292 0.00579471 -0.0129133 0.00372207 -0.0105911 -0.0129133 0.075201 
0.0135172 -0.022641 -0.00281653 0.00375175 -0.022641 0.100982 0.00375175 -0.0106572 -0.00281653 0.00375175 0.00579619 -0.0129517 0.00375175 -0.0106572 -0.0129517 0.0752308 
0.0135843 -0.0226871 -0.0028332 0.00375964 -0.0226871 0.101133 0.00375964 -0.0106433 -0.0028332 0.00375964 0.00577412 -0.0129164 0.00375964 -0.0106433 -0.0129164 0.0752036 
0.013604 -0.0227596 -0.00282206 0.00380224 -0.0227596 0.101271 0.00380224 -0.0107174 -0.00282206 0.00380224 0.00577337 -0.0129039 0.00380224 -0.0107174 -0.0129039 0.0751831 
0.0135666 -0.0227482 -0.00282593 0.00381121 -0.0227482 0.1013 0.00381121 -0.0108057 -0.00282593 0.00381121 0.00578179 -0.0129386 0.00381121 -0.0108057 -0.0129386 0.0752498 
0.013571 -0.0227238 -0.00280366 0.00379639 -0.0227238 0.10127 0.00379639 -0.0107892 -0.00280366 0.00379639 0.00576004 -0.0129492 0.00379639 -0.0107892 -0.0129492 0.075306 
0.0135839 -0.0227414 -0.00280596 0.00376304 -0.0227414 0.101308 0.00376304 -0.0107018 -0.00280596 0.00376304 0.00574244 -0.0129096 0.00376304 -0.0107018 -0.0129096 0.075239 
0.0135997 -0.0227567 -0.0028568 0.00375838 -0.0227567 0.101335 0.00376924 -0.0106777 -0.0028568 0.00376924 0.00573533 -0.0128936 0.00375838 -0.0106777 -0.0128936 0.0751676 
0.0136051 -0.0227584 -0.00285565 0.00384373 -0.0227584 0.101316 0.00383287 -0.0108037 -0.00285565 0.00383287 0.00573302 -0.0128884 0.00384373 -0.0108037 -0.0128884 0.0751374 
0.0135739 -0.0227537 -0.00291491 0.00386117 -0.0227537 0.101315 0.0038503 -0.01092 -0.00291491 0.0038503 0.00576457 -0.0128778 0.00386117 -0.01092 -0.0128778 0.0751134 
0.0135368 -0.0227484 -0.00297703 0.00390465 -0.0227484 0.101348 0.00389386 -0.0109805 -0.00297703 0.00389386 0.00581383 -0.0128897 0.00390465 -0.0109805 -0.0128897 0.0751052 
0.0135395 -0.0227117 -0.00294708 0.00396147 -0.0227117 0.101311 0.0039508 -0.0110943 -0.00294708 0.0039508 0.00585145 -0.0129522 0.00396147 -0.0110943 -0.0129522 0.0752039 
0.0135378 -0.0226835 -0.00294577 0.00397733 -0.0226835 0.101188 0.00395606 -0.0111876 -0.00294577 0.00395606 0.00588091 -0.0130486 0.00397733 -0.0111876 -0.0130486 0.0754522 
0.013508 -0.0226489 -0.00290069 0.00397106 -0.0226489 0.101075 0.00396035 -0.0112388 -0.00290069 0.00396035 0.00589772 -0.0131227 0.00397106 -0.0112388 -0.0131227 0.0756963 
0.0134715 -0.0225834 -0.00289921 0.00396735 -0.0225834 0.100862 0.00395645 -0.0113026 -0.00289921 0.00395645 0.00586382 -0.0131664 0.00396735 -0.0113026 -0.0131664 0.0758918 
0.0134825 -0.0225911 -0.00289769 0.00388182 -0.0225911 0.100862 0.00389275 -0.0111206 -0.00289769 0.00389275 0.00580632 -0.0130779 0.00388182 -0.0111206 -0.0130779 0.0757884 
0.0134923 -0.0226143 -0.00288809 0.00387986 -0.0226143 0.10092 0.00389075 -0.0110293 -0.00288809 0.00389075 0.00579799 -0.0129801 0.00387986 -0.0110293 -0.0129801 0.0755373 
0.0134727 -0.0225998 -0.0029298 0.00389915 -0.0225998 0.100877 0.00391004 -0.0110766 -0.0029298 0.00391004 0.00580515 -0.0129608 0.00389915 -0.0110766 -0.0129608 0.0753907 
0.0134666 -0.0226108 -0.00294309 0.0039205 -0.0226108 0.100934 0.0039205 -0.0110556 -0.00294309 0.0039205 0.00583189 -0.0129453 0.0039205 -0.0110556 -0.0129453 0.0752715 
0.0134525 -0.0225833 -0.00294611 0.00395343 -0.0225833 0.100904 0.00394259 -0.0111346 -0.00294611 0.00394259 0.0058489 -0.0129759 0.00395343 -0.0111346 -0.0129759 0.0752884 
0.0134602 -0.022585 -0.00292989 0.00395697 -0.022585 0.100881 0.00394616 -0.0111682 -0.00292989 0.00394616 0.00584896 -0.0129953 0.00395697 -0.0111682 -0.0129953 0.0753554 
0.0134361 -0.0225499 -0.00297973 0.00396206 -0.0225499 0.100776 0.00395115 -0.0112204 -0.00297973 0.00395115 0.00585031 -0.0130431 0.00396206 -0.0112204 -0.0130431 0.0754756 
0.0134401 -0.0225562 -0.00298426 0.00398628 -0.0225562 0.10079 0.00398628 -0.01124 -0.00298426 0.00398628 0.00583783 -0.0130044 0.00398628 -0.01124 -0.0130044 0.0754452 
0.0134509 -0.022549 -0.00296726 0.00400362 -0.022549 0.100767 0.00401453 -0.0113127 -0.00296726 0.00401453 0.00582543 -0.0129927 0.00400362 -0.0113127 -0.0129927 0.0754034 
0.0134428 -0.0225467 -0.00297271 0.00398911 -0.0225467 0.100755 0.00398911 -0.0113116 -0.00297271 0.00398911 0.00580334 -0.0129619 0.00398911 -0.0113116 -0.0129619 0.0753451 
0.0133856 -0.0225662 -0.00297213 0.00398485 -0.0225662 0.100788 0.00398485 -0.0112941 -0.00297213 0.00398485 0.00583418 -0.0129343 0.00398485 -0.0112941 -0.0129343 0.0752609 
0.0133634 -0.0225295 -0.00297455 0.00396607 -0.0225295 0.100771 0.00396607 -0.0112372 -0.00297455 0.00396607 0.00586097 -0.0129558 0.00396607 -0.0112372 -0.0129558 0.0752231 
0.013312 -0.0224481 -0.00293858 0.00399912 -0.0224481 0.100586 0.00398807 -0.0112903 -0.00293858 0.00398807 0.00589925 -0.0130027 0.00399912 -0.0112903 -0.0130027 0.0753093 
0.0132874 -0.0223606 -0.00296881 0.00399177 -0.0223606 0.100328 0.00396953 -0.0113193 -0.00296881 0.00396953 0.00590426 -0.013065 0.00399177 -0.0113193 -0.013065 0.0754434 
0.0132807 -0.0223204 -0.00301326 0.00399536 -0.0223204 0.100185 0.0039842 -0.0113053 -0.00301326 0.0039842 0.00587027 -0.0130575 0.00399536 -0.0113053 -0.0130575 0.0754877 
0.0132891 -0.0223383 -0.00302381 0.00405034 -0.0223383 0.100143 0.00403919 -0.0113923 -0.00302381 0.00403919 0.00586909 -0.012999 0.00405034 -0.0113923 -0.012999 0.0753833 
0.0132905 -0.0223553 -0.00302159 0.00405851 -0.0223553 0.100192 0.00405851 -0.0114508 -0.00302159 0.00405851 0.00585363 -0.0129672 0.00405851 -0.0114508 -0.0129672 0.0752498 
0.0133313 -0.0223814 -0.00301673 0.00403709 -0.0223814 0.100273 0.00403709 -0.0114347 -0.00301673 0.00403709 0.00582272 -0.012932 0.00403709 -0.0114347 -0.012932 0.0751409 
0.0133668 -0.0224571 -0.00300452 0.0039914 -0.0224571 0.100487 0.00400237 -0.0113163 -0.00300452 0.00400237 0.00583359 -0.0128953 0.0039914 -0.0113163 -0.0128953 0.0750033 
0.0133937 -0.022508 -0.00297276 0.00398545 -0.022508 0.100649 0.00399634 -0.0112594 -0.00297276 0.00399634 0.0058584 -0.0129255 0.00398545 -0.0112594 -0.0129255 0.0750049 
0.0134489 -0.0225413 -0.00296938 0.00395557 -0.0225413 0.100764 0.00395557 -0.0111731 -0.00296938 0.00395557 0.00584124 -0.0129721 0.00395557 -0.0111731 -0.0129721 0.0751341 
0.0135227 -0.0225951 -0.00294532 0.00395576 -0.0225951 0.100861 0.00395576 -0.0111471 -0.00294532 0.00395576 0.00582614 -0.0129959 0.00395576 -0.0111471 -0.0129959 0.0752776 
0.0135754 -0.0226687 -0.00295211 0.00394333 -0.0226687 0.101018 0.00396488 -0.011162 -0.00295211 0.00396488 0.00577493 -0.0129828 0.00394333 -0.011162 -0.0129828 0.0753434 
0.0136008 -0.0227398 -0.00294216 0.00394443 -0.0227398 0.101187 0.00396599 -0.0111759 -0.00294216 0.00396599 0.00575499 -0.0129433 0.00394443 -0.0111759 -0.0129433 0.0752999 
0.0135979 -0.0227857 -0.00290767 0.00390211 -0.0227857 0.101368 0.00392373 -0.0111118 -0.00290767 0.00392373 0.00576129 -0.0129062 0.00390211 -0.0111118 -0.0129062 0.075221 
0.0135951 -0.0227696 -0.00287174 0.00389352 -0.0227696 0.101404 0.00391503 -0.0110675 -0.00287174 0.00391503 0.00576499 -0.0129175 0.00389352 -0.0110675 -0.0129175 0.075203 
0.0136334 -0.0227722 -0.00288255 0.0038434 -0.0227722 0.101412 0.00385408 -0.010943 -0.00288255 0.00385408 0.00575443 -0.0129181 0.0038434 -0.010943 -0.0129181 0.0752133 
0.0136406 -0.0228019 -0.00295423 0.00387142 -0.0228019 0.101436 0.00388209 -0.0109637 -0.00295423 0.00388209 0.00574847 -0.0129154 0.00387142 -0.0109637 -0.0129154 0.0752314 
0.0136131 -0.0228213 -0.00304786 0.0039633 -0.0228213 0.101495 0.00397407 -0.0111145 -0.00304786 0.00397407 0.00575109 -0.012913 0.0039633 -0.0111145 -0.012913 0.075238 
0.0135942 -0.0227797 -0.00305463 0.00410533 -0.0227797 0.101431 0.0040945 -0.0114169 -0.00305463 0.0040945 0.00573013 -0.0129226 0.00410533 -0.0114169 -0.0129226 0.0752608 
0.0135975 -0.0227882 -0.00301688 0.00408357 -0.0227882 0.101486 0.00406202 -0.0114642 -0.00301688 0.00406202 0.00574285 -0.0128756 0.00408357 -0.0114642 -0.0128756 0.0751635 
0.0136169 -0.0227952 -0.00302001 0.00403026 -0.0227952 0.101498 0.00403026 -0.0113922 -0.00302001 0.00403026 0.00576059 -0.0128754 0.00403026 -0.0113922 -0.0128754 0.0751026 
0.0135916 -0.0228057 -0.00302154 0.00401448 -0.0228057 0.101515 0.00401448 -0.0113281 -0.00302154 0.00401448 0.00578683 -0.0128869 0.00401448 -0.0113281 -0.0128869 0.0751113 
0.013547 -0.0227671 -0.00306624 0.00403846 -0.0227671 0.101442 0.00402778 -0.0113568 -0.00306624 0.00402778 0.0058547 -0.0129594 0.00403846 -0.0113568 -0.0129594 0.0752457 
0.01353 -0.0227203 -0.00308468 0.00409518 -0.0227203 0.101348 0.0040739 -0.0114452 -0.00308468 0.0040739 0.00588217 -0.0130407 0.00409518 -0.0114452 -0.0130407 0.075447 
0.0135524 -0.0226555 -0.00310599 0.00415923 -0.0226555 0.101133 0.00412699 -0.0116287 -0.00310599 0.00412699 0.00583582 -0.0131118 0.00415923 -0.0116287 -0.0131118 0.0756937 
0.0136086 -0.0227309 -0.00312644 0.0041329 -0.0227309 0.101213 0.00412219 -0.0116171 -0.00312644 0.00412219 0.00579248 -0.0130304 0.0041329 -0.0116171 -0.0130304 0.0756555 
0.0136333 -0.0227967 -0.00316089 0.00415066 -0.0227967 0.101393 0.00415066 -0.0116325 -0.00316089 0.00415066 0.00578964 -0.0129628 0.00415066 -0.0116325 -0.0129628 0.0754675 
0.01366 -0.0228373 -0.00318981 0.00420716 -0.0228373 0.101544 0.00420716 -0.0117313 -0.00318981 0.00420716 0.00578617 -0.01295 0.00420716 -0.0117313 -0.01295 0.0753791 
0.0136547 -0.0228531 -0.00322844 0.0042446 -0.0228531 0.101606 0.0042446 -0.0118764 -0.00322844 0.0042446 0.00579001 -0.0129667 0.0042446 -0.0118764 -0.0129667 0.0753972 
0.0136818 -0.0228419 -0.00322673 0.00429877 -0.0228419 0.101578 0.00429877 -0.0120366 -0.00322673 0.00429877 0.00576354 -0.0129918 0.00429877 -0.0120366 -0.0129918 0.0754567 
0.0136735 -0.0228499 -0.00327651 0.00432585 -0.0228499 0.101572 0.00433656 -0.0121638 -0.00327651 0.00433656 0.00571783 -0.0129561 0.00432585 -0.0121638 -0.0129561 0.0754454 
0.0136511 -0.0228531 -0.00334223 0.00437311 -0.0228531 0.101591 0.00437311 -0.0122729 -0.00334223 0.00437311 0.00568613 -0.0129023 0.00437311 -0.0122729 -0.0129023 0.0753087 
0.0136616 -0.0228526 -0.00334216 0.00443813 -0.0228526 0.101643 0.00443813 -0.0123703 -0.00334216 0.00443813 0.00566431 -0.0128152 0.00443813 -0.0123703 -0.0128152 0.0750901 
0.0136928 -0.0228963 -0.00328926 0.00441425 -0.0228963 0.101742 0.00441425 -0.0123642 -0.00328926 0.00441425 0.00564639 -0.0127392 0.00441425 -0.0123642 -0.0127392 0.074828 
0.0137148 -0.0229292 -0.00328474 0.00437254 -0.0229292 0.101838 0.00438321 -0.0123071 -0.00328474 0.00438321 0.00566297 -0.0127337 0.00437254 -0.0123071 -0.0127337 0.0747171 
0.0137247 -0.0229699 -0.0033041 0.00432075 -0.0229699 0.101961 0.00433134 -0.0121786 -0.0033041 0.00433134 0.00570805 -0.012761 0.00432075 -0.0121786 -0.012761 0.0747236 
0.0136674 -0.022948 -0.00332963 0.00437609 -0.022948 0.101929 0.00437609 -0.0122298 -0.00332963 0.00437609 0.00577137 -0.0128429 0.00437609 -0.0122298 -0.0128429 0.0749009 
0.0136044 -0.0228651 -0.00341967 0.00443921 -0.0228651 0.101794 0.00443921 -0.0123724 -0.00341967 0.00443921 0.00581982 -0.0129459 0.00443921 -0.0123724 -0.0129459 0.0751797 
0.0136082 -0.0228075 -0.00347623 0.00453606 -0.0228075 0.101637 0.00451486 -0.0125378 -0.00347623 0.00451486 0.00582905 -0.0130253 0.00453606 -0.0125378 -0.0130253 0.0754279 
0.0135857 -0.0227772 -0.00348133 0.00462761 -0.0227772 0.101479 0.00459577 -0.0127896 -0.00348133 0.00459577 0.0058482 -0.013055 0.00462761 -0.0127896 -0.013055 0.0755808 
0.0135693 -0.0227323 -0.00344011 0.00465052 -0.0227323 0.101356 0.00462929 -0.0129535 -0.00344011 0.00462929 0.0058397 -0.0130597 0.00465052 -0.0129535 -0.0130597 0.0756506 
0.0136098 -0.0227432 -0.00345815 0.00458258 -0.0227432 0.101315 0.00458258 -0.0128991 -0.00345815 0.00458258 0.00579187 -0.0130476 0.00458258 -0.0128991 -0.0130476 0.0756444 
0.0136375 -0.0227928 -0.0034862 0.00457763 -0.0227928 0.101407 0.00457763 -0.0128428 -0.0034862 0.00457763 0.00576442 -0.0129805 0.00457763 -0.0128428 -0.0129805 0.0755097 
0.0136241 -0.0228404 -0.00349038 0.00458706 -0.0228404 0.101559 0.00460815 -0.0128332 -0.00349038 0.00460815 0.00578919 -0.0129281 0.00458706 -0.0128332 -0.0129281 0.0753332 
0.0136171 -0.0228148 -0.00345966 0.00463046 -0.0228148 0.101564 0.00463046 -0.012921 -0.00345966 0.00463046 0.00579071 -0.0129632 0.00463046 -0.012921 -0.0129632 0.0753531 
0.0136184 -0.0228066 -0.00348918 0.00458881 -0.0228066 0.101556 0.00458881 -0.0128888 -0.00348918 0.00458881 0.00579416 -0.0129734 0.00458881 -0.0128888 -0.0129734 0.0753875 
0.0135421 -0.0228045 -0.00356652 0.00462051 -0.0228045 0.101513 0.00462051 -0.012914 -0.00356652 0.00462051 0.00583419 -0.0129779 0.00462051 -0.012914 -0.0129779 0.075408 
0.0135176 -0.0227142 -0.00359543 0.00473701 -0.0227142 0.101376 0.00472634 -0.0131015 -0.00359543 0.00472634 0.00583591 -0.0130161 0.00473701 -0.0131015 -0.0130161 0.0754721 
0.0135674 -0.0227043 -0.00355917 0.00473848 -0.0227043 0.101335 0.00471723 -0.0131424 -0.00355917 0.00471723 0.00581154 -0.0130043 0.00473848 -0.0131424 -0.0130043 0.0754651 
0.0136005 -0.0227494 -0.00353357 0.00470787 -0.0227494 0.101385 0.00469719 -0.0131308 -0.00353357 0.00469719 0.00577541 -0.0129707 0.00470787 -0.0131308 -0.0129707 0.0753899 
0.0136482 -0.0228177 -0.00348103 0.00464845 -0.0228177 0.101544 0.00464845 -0.0130114 -0.00348103 0.00464845 0.00574158 -0.0129159 0.00464845 -0.0130114 -0.0129159 0.075256 
0.0136618 -0.0228579 -0.00347101 0.00459274 -0.0228579 0.101665 0.00460332 -0.0129105 -0.00347101 0.00460332 0.0057568 -0.0128893 0.00459274 -0.0129105 -0.0128893 0.075177 
0.0136459 -0.0228489 -0.00351196 0.00460152 -0.0228489 0.101667 0.00462268 -0.0128948 -0.00351196 0.00462268 0.00576512 -0.012916 0.00460152 -0.0128948 -0.012916 0.0751899 
0.0136197 -0.0228202 -0.00356732 0.00467479 -0.0228202 0.101589 0.00468544 -0.013034 -0.00356732 0.00468544 0.00575031 -0.0129382 0.00467479 -0.013034 -0.0129382 0.0752545 
0.0135964 -0.022811 -0.00364074 0.0047147 -0.022811 0.101576 0.00472544 -0.0131561 -0.00364074 0.00472544 0.00574571 -0.012909 0.0047147 -0.0131561 -0.012909 0.0752419 
0.0135867 -0.0228261 -0.00363166 0.00479593 -0.0228261 0.101612 0.00478525 -0.0132663 -0.00363166 0.00478525 0.00574657 -0.012871 0.00479593 -0.0132663 -0.012871 0.0751327 
0.0135807 -0.0228079 -0.00358895 0.0047888 -0.0228079 0.101605 0.0047888 -0.0133364 -0.00358895 0.0047888 0.0057763 -0.0128799 0.0047888 -0.0133364 -0.0128799 0.0750706 
0.0135184 -0.0227739 -0.00359644 0.00474941 -0.0227739 0.101515 0.00474941 -0.0133068 -0.00359644 0.00474941 0.00586008 -0.0129366 0.00474941 -0.0133068 -0.0129366 0.0751655 
0.0135116 -0.0226822 -0.00357693 0.00475508 -0.0226822 0.101332 0.00474447 -0.0132781 -0.00357693 0.00474447 0.00586955 -0.0130446 0.00475508 -0.0132781 -0.0130446 0.0754126 
0.0135111 -0.0226747 -0.00355891 0.004731 -0.0226747 0.101226 0.00472035 -0.0132234 -0.00355891 0.00472035 0.00586048 -0.0130635 0.004731 -0.0132234 -0.0130635 0.0755575 
0.0135541 -0.0227002 -0.00351363 0.00468484 -0.0227002 0.101299 0.00466354 -0.013075 -0.00351363 0.00466354 0.00583475 -0.0130324 0.00468484 -0.013075 -0.0130324 0.0755537 
0.0135433 -0.0227253 -0.00349538 0.00463913 -0.0227253 0.101302 0.00464982 -0.0130195 -0.00349538 0.00464982 0.00582564 -0.0130195 0.00463913 -0.0130195 -0.0130195 0.0755302 
0.0135239 -0.0227282 -0.00350896 0.00461817 -0.0227282 0.101323 0.00461817 -0.012948 -0.00350896 0.00461817 0.00585538 -0.0130013 0.00461817 -0.012948 -0.0130013 0.0754906 
0.0135702 -0.0227227 -0.00350881 0.00461852 -0.0227227 0.101333 0.00461852 -0.0128938 -0.00350881 0.00461852 0.00584449 -0.0130206 0.00461852 -0.0128938 -0.0130206 0.0754922 
0.0135965 -0.0227383 -0.0035047 0.00464478 -0.0227383 0.101309 0.00464478 -0.0129632 -0.0035047 0.00464478 0.00582709 -0.0130265 0.00464478 -0.0129632 -0.0130265 0.075541 
0.0135938 -0.0227727 -0.00354666 0.00463713 -0.0227727 0.101392 0.00464772 -0.0129797 -0.00354666 0.00464772 0.00581229 -0.0130221 0.00463713 -0.0129797 -0.0130221 0.0755386 
0.0135924 -0.022785 -0.00360267 0.00468665 -0.022785 0.101438 0.00469728 -0.0130504 -0.00360267 0.00469728 0.00580252 -0.0130079 0.00468665 -0.0130504 -0.0130079 0.0755178 
0.0136254 -0.0227695 -0.00361708 0.00476942 -0.0227695 0.101449 0.00476942 -0.0132199 -0.00361708 0.00476942 0.00575105 -0.0129852 0.00476942 -0.0132199 -0.0129852 0.0754679 
0.0136435 -0.0228347 -0.00365526 0.00478159 -0.0228347 0.101572 0.00479221 -0.0132928 -0.00365526 0.00479221 0.00573791 -0.0128997 0.00478159 -0.0132928 -0.0128997 0.0753047 
0.0136017 -0.0228572 -0.00366608 0.00483497 -0.0228572 0.101662 0.00483497 -0.0134104 -0.00366608 0.00483497 0.00578072 -0.0128791 0.00483497 -0.0134104 -0.0128791 0.0751599 
0.0135953 -0.022821 -0.00366068 0.00482448 -0.022821 0.101674 0.00482448 -0.013426 -0.00366068 0.00482448 0.00580842 -0.0129288 0.00482448 -0.013426 -0.0129288 0.0751709 
0.0136214 -0.0228069 -0.00367212 0.00481247 -0.0228069 0.101627 0.00480201 -0.0134017 -0.00367212 0.00480201 0.00582727 -0.0129727 0.00481247 -0.0134017 -0.0129727 0.0752733 
0.0136635 -0.0228214 -0.00364849 0.00482981 -0.0228214 0.101635 0.00481935 -0.0134126 -0.00364849 0.00481935 0.00580204 -0.0130049 0.00482981 -0.0134126 -0.0130049 0.0754161 
0.0137094 -0.0228771 -0.00364814 0.00482564 -0.0228771 0.101717 0.00481512 -0.0134256 -0.00364814 0.00481512 0.00575081 -0.0129945 0.00482564 -0.0134256 -0.0129945 0.0754755 
0.0137316 -0.0229489 -0.00360086 0.00478715 -0.0229489 0.101884 0.00479765 -0.0133746 -0.00360086 0.00479765 0.00573198 -0.0129337 0.00478715 -0.0133746 -0.0129337 0.0753871 
0.0137339 -0.0229776 -0.00357312 0.00473254 -0.0229776 0.101997 0.00475362 -0.0132806 -0.00357312 0.00475362 0.00572332 -0.0129117 0.00473254 -0.0132806 -0.0129117 0.0752885 
0.0137133 -0.0229918 -0.00354365 0.00468642 -0.0229918 0.102105 0.00470739 -0.0131262 -0.00354365 0.00470739 0.00574532 -0.0128745 0.00468642 -0.0131262 -0.0128745 0.0752029 
0.013713 -0.0229901 -0.00354253 0.00464372 -0.0229901 0.10211 0.00465411 -0.0129962 -0.00354253 0.00465411 0.00579686 -0.0129131 0.00464372 -0.0129962 -0.0129131 0.0752241 
0.0136856 -0.0229541 -0.00356881 0.00467565 -0.0229541 0.102037 0.00466531 -0.0129822 -0.00356881 0.00466531 0.00585491 -0.0130029 0.00467565 -0.0129822 -0.0130029 0.0754001 
0.0136625 -0.0229294 -0.00357852 0.00469552 -0.0229294 0.101957 0.00468517 -0.0130213 -0.00357852 0.00468517 0.00589525 -0.0130937 0.00469552 -0.0130213 -0.0130937 0.0756454 
0.0136865 -0.0229136 -0.00358603 0.00470603 -0.0229136 0.101919 0.00468548 -0.0130289 -0.00358603 0.00468548 0.00590822 -0.0131419 0.00470603 -0.0130289 -0.0131419 0.0758616 
0.0137016 -0.0229218 -0.00359538 0.00471829 -0.0229218 0.101897 0.00470799 -0.0130629 -0.00359538 0.00470799 0.00590302 -0.0131865 0.00471829 -0.0130629 -0.0131865 0.0760387 
0.0137295 -0.0229377 -0.00361086 0.0047386 -0.0229377 0.101911 0.00472825 -0.0131398 -0.00361086 0.00472825 0.00586635 -0.0131812 0.0047386 -0.0131398 -0.0131812 0.0761073 
0.0137438 -0.0229756 -0.00364907 0.00475106 -0.0229756 0.101987 0.00475106 -0.0131824 -0.00364907 0.00475106 0.00584266 -0.0131304 0.00475106 -0.0131824 -0.0131304 0.0760482 
0.013753 -0.0229771 -0.00364386 0.00478907 -0.0229771 0.102018 0.00479948 -0.0132845 -0.00364386 0.00479948 0.00580935 -0.0130971 0.00478907 -0.0132845 -0.0130971 0.075938 
0.0137737 -0.0230046 -0.00366951 0.0047922 -0.0230046 0.102071 0.00480259 -0.0133475 -0.00366951 0.00480259 0.00579014 -0.013046 0.0047922 -0.0133475 -0.013046 0.075802 
0.0137442 -0.0230281 -0.00370317 0.00482345 -0.0230281 0.102122 0.0048442 -0.0134227 -0.00370317 0.0048442 0.00581926 -0.0130078 0.00482345 -0.0134227 -0.0130078 0.0756608 
0.013723 -0.0230156 -0.00373142 0.00487243 -0.0230156 0.102157 0.00487243 -0.0134866 -0.00373142 0.00487243 0.00585925 -0.013024 0.00487243 -0.0134866 -0.013024 0.0756152 
0.0137024 -0.0229903 -0.00379263 0.00489371 -0.0229903 0.102126 0.00488352 -0.0135495 -0.00379263 0.00488352 0.00593363 -0.0130907 0.00489371 -0.0135495 -0.0130907 0.07572 
0.0136787 -0.0229277 -0.00383495 0.00498339 -0.0229277 0.102006 0.00497313 -0.0137094 -0.00383495 0.00497313 0.00594725 -0.013207 0.00498339 -0.0137094 -0.013207 0.075971 
0.0137 -0.0229088 -0.0038541 0.0050463 -0.0229088 0.101913 0.00502575 -0.0138748 -0.0038541 0.00502575 0.0059199 -0.0132375 0.0050463 -0.0138748 -0.0132375 0.0761673 
0.0137281 -0.0229485 -0.00385206 0.00505071 -0.0229485 0.101957 0.00503022 -0.0139228 -0.00385206 0.00503022 0.00591128 -0.0132056 0.00505071 -0.0139228 -0.0132056 0.0761807 
0.0137182 -0.0229894 -0.00385537 0.0050385 -0.0229894 0.102065 0.0050385 -0.0139222 -0.00385537 0.0050385 0.00592585 -0.0131674 0.0050385 -0.0139222 -0.0131674 0.0761181 
0.013702 -0.0229859 -0.00387849 0.00503899 -0.0229859 0.102113 0.00503899 -0.0139158 -0.00387849 0.00503899 0.00596535 -0.0132032 0.00503899 -0.0139158 -0.0132032 0.0761447 
0.0136953 -0.0229477 -0.00392313 0.00508478 -0.0229477 0.102062 0.00508478 -0.0140112 -0.00392313 0.00508478 0.00597131 -0.0132571 0.00508478 -0.0140112 -0.0132571 0.0762615 
0.0137224 -0.0229488 -0.00392505 0.00513824 -0.0229488 0.102031 0.00512805 -0.0141098 -0.00392505 0.00512805 0.00594364 -0.0132738 0.00513824 -0.0141098 -0.0132738 0.0763498 
0.0137744 -0.0230015 -0.00389632 0.00510692 -0.0230015 0.102118 0.00510692 -0.0141 -0.00389632 0.00510692 0.00592077 -0.0132353 0.00510692 -0.0141 -0.0132353 0.0763189 
0.0137928 -0.0230458 -0.00388688 0.00508049 -0.0230458 0.102232 0.00509069 -0.0140785 -0.00388688 0.00509069 0.00589664 -0.0132113 0.00508049 -0.0140785 -0.0132113 0.0762482 
0.0138534 -0.0231094 -0.00381427 0.00505518 -0.0231094 0.102416 0.00506535 -0.0139857 -0.00381427 0.00506535 0.00586889 -0.0131618 0.00505518 -0.0139857 -0.0131618 0.0761532 
0.013911 -0.0231715 -0.00370423 0.00496245 -0.0231715 0.102591 0.00497252 -0.0138003 -0.00370423 0.00497252 0.00586838 -0.0131258 0.00496245 -0.0138003 -0.0131258 0.0760574 
0.0139175 -0.0232423 -0.00365408 0.00482219 -0.0232423 0.102764 0.00485214 -0.0135081 -0.00365408 0.00485214 0.00591043 -0.0131487 0.00482219 -0.0135081 -0.0131487 0.0760568 
0.0139391 -0.0232551 -0.00365452 0.00476286 -0.0232551 0.102836 0.00478283 -0.0132801 -0.00365452 0.00478283 0.00590115 -0.0132202 0.00476286 -0.0132801 -0.0132202 0.0761957 
0.0139384 -0.0232607 -0.00369281 0.00477657 -0.0232607 0.102847 0.00478661 -0.013246 -0.00369281 0.00478661 0.00590047 -0.013246 0.00477657 -0.013246 -0.013246 0.076355 
0.013929 -0.0232388 -0.00369338 0.00483293 -0.0232388 0.102804 0.00484311 -0.0133592 -0.00369338 0.00484311 0.00584022 -0.0132473 0.00483293 -0.0133592 -0.0132473 0.076401 
