0.00974861 0 -0.00370086 0 0 0.00999684 0 0 -0.00370086 0 0.00645394 0 0 0 0 0.00999684 
0.0137972 -0.0171144 -0.00518715 0.0063598 -0.0171144 0.0419832 0.0063598 -0.0121914 -0.00518715 0.0063598 0.00902205 -0.0112617 0.0063598 -0.0121914 -0.0112617 0.0307743 
0.0136845 -0.0250797 -0.00453765 0.00736857 -0.0250797 0.0893938 0.00736857 -0.0232708 -0.00453765 0.00736857 0.0093308 -0.0181506 0.00736857 -0.0232708 -0.0181506 0.0674413 
0.0127938 -0.0235695 -0.00397902 0.00524507 -0.0235695 0.101941 0.00525459 -0.018134 -0.00397902 0.00525459 0.0088338 -0.0184006 0.00524507 -0.018134 -0.0184006 0.0840259 
0.0128193 -0.0222828 -0.00403043 0.00469625 -0.0222828 0.101551 0.00469625 -0.0140444 -0.00403043 0.00469625 0.00877107 -0.0175244 0.00469625 -0.0140444 -0.0175244 0.0871248 
0.0131535 -0.0222637 -0.00416272 0.00491338 -0.0222637 0.101006 0.00490485 -0.0132047 -0.00416272 0.00490485 0.00885431 -0.0172651 0.00491338 -0.0132047 -0.0172651 0.0873148 
0.0133319 -0.02262 -0.00422718 0.00511097 -0.02262 0.101519 0.00510264 -0.0133903 -0.00422718 0.00510264 0.00900465 -0.0173089 0.00511097 -0.0133903 -0.0173089 0.0875202 
0.0133613 -0.0228025 -0.00425844 0.00519101 -0.0228025 0.102046 0.00518276 -0.0136006 -0.00425844 0.00518276 0.00907808 -0.0174464 0.00519101 -0.0136006 -0.0174464 0.0878428 
0.0133998 -0.0228128 -0.0042681 0.00522759 -0.0228128 0.102211 0.00521105 -0.0137224 -0.0042681 0.00521105 0.00896631 -0.0175025 0.00522759 -0.0137224 -0.0175025 0.0880502 
0.0134355 -0.022842 -0.00425924 0.00523771 -0.022842 0.102279 0.00522949 -0.0137562 -0.00425924 0.00522949 0.00888849 -0.0173905 0.00523771 -0.0137562 -0.0173905 0.0879722 
0.0134384 -0.0228823 -0.004274 0.00522743 -0.0228823 0.102362 0.00522743 -0.0137754 -0.004274 0.00522743 0.0088521 -0.017285 0.00522743 -0.0137754 -0.017285 0.0877155 
0.0134757 -0.0228799 -0.00425978 0.00524281 -0.0228799 0.10239 0.00524281 -0.0138033 -0.00425978 0.00524281 0.00880628 -0.0172357 0.00524281 -0.0138033 -0.0172357 0.0875385 
0.0134693 -0.0229216 -0.00426296 0.00522212 -0.0229216 0.10245 0.00523032 -0.0137972 -0.00426296 0.00523032 0.00878825 -0.017183 0.00522212 -0.0137972 -0.017183 0.0874153 
0.013531 -0.0229157 -0.00425377 0.00523859 -0.0229157 0.102471 0.00523032 -0.0138123 -0.00425377 0.00523032 0.00864823 -0.0171558 0.00523859 -0.0138123 -0.0171558 0.0873099 
0.0136187 -0.0229796 -0.00420822 0.00522714 -0.0229796 0.102563 0.00522714 -0.013801 -0.00420822 0.00522714 0.00850757 -0.0170069 0.00522714 -0.013801 -0.0170069 0.0870721 
0.0136551 -0.0230779 -0.00420735 0.00518212 -0.0230779 0.102734 0.00519879 -0.0137718 -0.00420735 0.00519879 0.00839804 -0.0168211 0.00518212 -0.0137718 -0.0168211 0.0866215 
0.0136475 -0.0231241 -0.00422941 0.00518874 -0.0231241 0.102882 0.00519708 -0.0137477 -0.00422941 0.00519708 0.00834202 -0.0166757 0.00518874 -0.0137477 -0.0166757 0.0862148 
0.0135975 -0.0231133 -0.00426541 0.00521698 -0.0231133 0.102929 0.00521698 -0.0137812 -0.00426541 0.00521698 0.00837222 -0.0166109 0.00521698 -0.0137812 -0.0166109 0.0859759 
0.0135723 -0.0230477 -0.00429789 0.00526973 -0.0230477 0.102814 0.00526973 -0.0138906 -0.00429789 0.00526973 0.00835281 -0.0166386 0.00526973 -0.0138906 -0.0166386 0.0859075 
0.0135562 -0.0230052 -0.00431715 0.00530825 -0.0230052 0.102705 0.00530825 -0.0140013 -0.00431715 0.00530825 0.00833193 -0.0166219 0.00530825 -0.0140013 -0.0166219 0.0858979 
0.0135484 -0.0229856 -0.00434059 0.00534291 -0.0229856 0.102611 0.00534291 -0.0141175 -0.00434059 0.00534291 0.00824797 -0.0165809 0.00534291 -0.0141175 -0.0165809 0.0858009 
0.0135423 -0.0229797 -0.00435894 0.00536615 -0.0229797 0.102592 0.00536615 -0.0141856 -0.00435894 0.00536615 0.0082439 -0.0164793 0.00536615 -0.0141856 -0.0164793 0.0856214 
0.0135563 -0.0229746 -0.00434952 0.00538189 -0.0229746 0.102578 0.00539036 -0.0142417 -0.00434952 0.00539036 0.00822516 -0.0164588 0.00538189 -0.0142417 -0.0164588 0.0854841 
0.0135481 -0.0229946 -0.00435536 0.00537021 -0.0229946 0.102592 0.00537866 -0.0142501 -0.00435536 0.00537866 0.00823713 -0.016432 0.00537021 -0.0142501 -0.016432 0.0853905 
0.0135398 -0.0229838 -0.00436659 0.00538208 -0.0229838 0.102606 0.00538208 -0.0142422 -0.00436659 0.00538208 0.00825083 -0.0164509 0.00538208 -0.0142422 -0.0164509 0.0853855 
0.0135558 -0.0229767 -0.00432809 0.0053702 -0.0229767 0.102605 0.0053786 -0.0142197 -0.00432809 0.0053786 0.00829481 -0.0164804 0.0053702 -0.0142197 -0.0164804 0.0854778 
0.0135732 -0.0229961 -0.00431914 0.00534832 -0.0229961 0.102639 0.00534832 -0.0141722 -0.00431914 0.00534832 0.00828398 -0.0165258 0.00534832 -0.0141722 -0.0165258 0.0855562 
0.0135134 -0.0230363 -0.0042956 0.00530148 -0.0230363 0.102748 0.00530148 -0.0140246 -0.0042956 0.00530148 0.00853348 -0.0165558 0.00530148 -0.0140246 -0.0165558 0.0857223 
0.0134093 -0.0229626 -0.00434316 0.00528445 -0.0229626 0.102667 0.00528445 -0.0139708 -0.00434316 0.00528445 0.00871109 -0.0168359 0.00528445 -0.0139708 -0.0168359 0.0861531 
0.0133709 -0.0228313 -0.00437655 0.00534172 -0.0228313 0.102416 0.00532508 -0.0140283 -0.00437655 0.00532508 0.00870318 -0.0170486 0.00534172 -0.0140283 -0.0170486 0.0867073 
0.0133324 -0.0227974 -0.00439979 0.00538122 -0.0227974 0.102235 0.00535627 -0.0141059 -0.00439979 0.00535627 0.00872473 -0.0170502 0.00538122 -0.0141059 -0.0170502 0.0869562 
0.013341 -0.022743 -0.00439703 0.00541301 -0.022743 0.102114 0.00539636 -0.0141987 -0.00439703 0.00539636 0.0086858 -0.0170718 0.00541301 -0.0141987 -0.0170718 0.0870163 
0.0134064 -0.0227644 -0.00436373 0.00540904 -0.0227644 0.102075 0.00540074 -0.0142361 -0.00436373 0.00540074 0.0086528 -0.0170401 0.00540904 -0.0142361 -0.0170401 0.0870009 
0.0134306 -0.022832 -0.00433593 0.00535566 -0.022832 0.10218 0.00535566 -0.0141685 -0.00433593 0.00535566 0.0086387 -0.0169955 0.00535566 -0.0141685 -0.0169955 0.0869176 
0.0134085 -0.0228777 -0.00433489 0.0053156 -0.0228777 0.102323 0.00532384 -0.0140596 -0.00433489 0.00532384 0.00873571 -0.0169934 0.0053156 -0.0140596 -0.0169934 0.0868956 
0.0133937 -0.0228544 -0.00433788 0.0053046 -0.0228544 0.102349 0.00531286 -0.0139969 -0.00433788 0.00531286 0.00876664 -0.0170871 0.0053046 -0.0139969 -0.0170871 0.0870054 
0.0135025 -0.022837 -0.00426698 0.00529865 -0.022837 0.102325 0.0053069 -0.0139564 -0.00426698 0.0053069 0.00867427 -0.0171339 0.00529865 -0.0139564 -0.0171339 0.0871883 
0.01357 -0.0229582 -0.00424844 0.00523142 -0.0229582 0.102496 0.00523975 -0.0138699 -0.00424844 0.00523975 0.00854687 -0.0170104 0.00523142 -0.0138699 -0.0170104 0.0870098 
0.0136025 -0.0230488 -0.00422231 0.00519924 -0.0230488 0.102735 0.00521579 -0.0137515 -0.00422231 0.00521579 0.00851913 -0.0168644 0.00519924 -0.0137515 -0.0168644 0.0867064 
0.0136157 -0.0230875 -0.00423563 0.0051778 -0.0230875 0.102872 0.00519448 -0.0137074 -0.00423563 0.00519448 0.00846292 -0.0168174 0.0051778 -0.0137074 -0.0168174 0.0864635 
0.0136455 -0.0230936 -0.00422241 0.00520067 -0.0230936 0.102926 0.00520903 -0.013704 -0.00422241 0.00520903 0.00840301 -0.0167642 0.00520067 -0.013704 -0.0167642 0.0863294 
0.0136591 -0.0231295 -0.00421371 0.00518995 -0.0231295 0.10299 0.00518995 -0.0136925 -0.00421371 0.00518995 0.00839404 -0.0166879 0.00518995 -0.0136925 -0.0166879 0.0861599 
0.0136843 -0.0231401 -0.00419518 0.00517738 -0.0231401 0.103032 0.0051857 -0.0136843 -0.00419518 0.0051857 0.00839035 -0.0166642 0.00517738 -0.0136843 -0.0166642 0.0860427 
0.0136669 -0.0231601 -0.00421549 0.005169 -0.0231601 0.103045 0.00517736 -0.0137003 -0.00421549 0.00517736 0.00834734 -0.0166445 0.005169 -0.0137003 -0.0166445 0.0859492 
0.0135576 -0.0231351 -0.00431878 0.0052164 -0.0231351 0.103016 0.00520794 -0.0137693 -0.00431878 0.00520794 0.0083327 -0.0165807 0.0052164 -0.0137693 -0.0165807 0.0857912 
0.0135029 -0.0229984 -0.00438186 0.00534332 -0.0229984 0.102791 0.00533481 -0.0139879 -0.00438186 0.00533481 0.00829575 -0.0165575 0.00534332 -0.0139879 -0.0165575 0.0856973 
0.0134951 -0.0229281 -0.00439357 0.00542185 -0.0229281 0.102556 0.00540485 -0.0142175 -0.00439357 0.00540485 0.00827725 -0.0165205 0.00542185 -0.0142175 -0.0165205 0.0856193 
0.0134894 -0.0229108 -0.00438088 0.00543805 -0.0229108 0.102452 0.00542113 -0.0143267 -0.00438088 0.00542113 0.00829661 -0.0165002 0.00543805 -0.0143267 -0.0165002 0.0855625 
0.0135174 -0.0229072 -0.00434607 0.00542208 -0.0229072 0.102423 0.00541368 -0.0143412 -0.00434607 0.00541368 0.00833067 -0.0165352 0.00542208 -0.0143412 -0.0165352 0.08561 
0.0136072 -0.0229417 -0.00428111 0.00538077 -0.0229417 0.102444 0.00538077 -0.0142788 -0.00428111 0.00538077 0.00826842 -0.0165872 0.00538077 -0.0142788 -0.0165872 0.0857145 
0.0135984 -0.0230384 -0.00428407 0.00530689 -0.0230384 0.102583 0.00530689 -0.0141601 -0.00428407 0.00530689 0.00826633 -0.0165159 0.00530689 -0.0141601 -0.0165159 0.0856396 
0.0135855 -0.0230297 -0.00430966 0.00531131 -0.0230297 0.102657 0.00531131 -0.0141158 -0.00430966 0.00531131 0.0082237 -0.0164979 0.00531131 -0.0141158 -0.0164979 0.0855534 
0.0136027 -0.0230122 -0.00431162 0.00533457 -0.0230122 0.10265 0.00532612 -0.0141184 -0.00431162 0.00532612 0.00817517 -0.0164687 0.00533457 -0.0141184 -0.0164687 0.0855307 
0.0136762 -0.023034 -0.00426745 0.00532795 -0.023034 0.102682 0.00532795 -0.0141259 -0.00426745 0.00532795 0.00807676 -0.0163996 0.00532795 -0.0141259 -0.0163996 0.0854169 
0.0137138 -0.0231299 -0.00423005 0.00527064 -0.0231299 0.102849 0.00527064 -0.0140184 -0.00423005 0.00527064 0.00807093 -0.0162941 0.00527064 -0.0140184 -0.0162941 0.0852101 
0.0136876 -0.023153 -0.00427361 0.00525191 -0.023153 0.102936 0.00526907 -0.0140051 -0.00427361 0.00526907 0.00799801 -0.0162449 0.00525191 -0.0140051 -0.0162449 0.0849574 
0.0136588 -0.0231235 -0.00430523 0.00530465 -0.0231235 0.102933 0.00530465 -0.0140518 -0.00430523 0.00530465 0.00800396 -0.0161617 0.00530465 -0.0140518 -0.0161617 0.0847805 
0.0136581 -0.0230868 -0.00428889 0.00534409 -0.0230868 0.10284 0.00533558 -0.0141431 -0.00428889 0.00533558 0.00801613 -0.0161769 0.00534409 -0.0141431 -0.0161769 0.0847055 
0.0136444 -0.0230755 -0.00429846 0.0053369 -0.0230755 0.102797 0.00532839 -0.0141721 -0.00429846 0.00532839 0.00804365 -0.0161894 0.0053369 -0.0141721 -0.0161894 0.0847435 
0.0136837 -0.0230823 -0.00425978 0.00532472 -0.0230823 0.102809 0.00532472 -0.0141232 -0.00425978 0.00532472 0.00808851 -0.0162446 0.00532472 -0.0141232 -0.0162446 0.0848829 
0.013777 -0.0231403 -0.00416241 0.00525954 -0.0231403 0.102904 0.00526792 -0.0140199 -0.00416241 0.00526792 0.00809869 -0.0163146 0.00525954 -0.0140199 -0.0163146 0.0850488 
0.0138686 -0.0232437 -0.00408893 0.00515964 -0.0232437 0.103092 0.00515964 -0.013818 -0.00408893 0.00515964 0.00800081 -0.0163136 0.00515964 -0.013818 -0.0163136 0.0850919 
0.0139031 -0.0233596 -0.00405158 0.00505186 -0.0233596 0.103391 0.00506868 -0.0135501 -0.00405158 0.00506868 0.00798547 -0.0162147 0.00505186 -0.0135501 -0.0162147 0.0849739 
0.0138564 -0.023396 -0.00409683 0.00501947 -0.023396 0.103555 0.0050364 -0.0134163 -0.00409683 0.0050364 0.00797359 -0.0161757 0.00501947 -0.0134163 -0.0161757 0.0848231 
0.0137893 -0.02335 -0.00414438 0.00507097 -0.02335 0.103542 0.00507939 -0.0134271 -0.00414438 0.00507939 0.00806975 -0.0161816 0.00507097 -0.0134271 -0.0161816 0.0848082 
0.0137056 -0.0232519 -0.0041927 0.00514482 -0.0232519 0.103347 0.00513647 -0.013572 -0.0041927 0.00513647 0.00821 -0.0162947 0.00514482 -0.013572 -0.0162947 0.0849731 
0.0136819 -0.023145 -0.00422728 0.00521897 -0.023145 0.103085 0.00520216 -0.0137492 -0.00422728 0.00520216 0.00820244 -0.0164469 0.00521897 -0.0137492 -0.0164469 0.0852852 
0.0137409 -0.0231127 -0.00419156 0.0052479 -0.0231127 0.10293 0.005231 -0.0138676 -0.00419156 0.005231 0.00808735 -0.0164536 0.0052479 -0.0138676 -0.0164536 0.0854369 
0.0137701 -0.0231787 -0.00419016 0.00520985 -0.0231787 0.102955 0.00520985 -0.0138815 -0.00419016 0.00520985 0.00793474 -0.0163065 0.00520985 -0.0138815 -0.0163065 0.0852085 
0.0138553 -0.0232262 -0.00413347 0.00519465 -0.0232262 0.103097 0.00519465 -0.0138296 -0.00413347 0.00519465 0.00783048 -0.0161145 0.00519465 -0.0138296 -0.0161145 0.0848345 
0.0139003 -0.0232996 -0.00410357 0.00514026 -0.0232996 0.103237 0.00515753 -0.0137793 -0.00410357 0.00515753 0.00768879 -0.015965 0.00514026 -0.0137793 -0.015965 0.0843866 
0.0138776 -0.0233577 -0.00414592 0.00512603 -0.0233577 0.103388 0.0051347 -0.0137388 -0.00414592 0.0051347 0.00765001 -0.0157857 0.00512603 -0.0137388 -0.0157857 0.0839159 
0.0138649 -0.0233414 -0.00416379 0.00515722 -0.0233414 0.103421 0.00516586 -0.0137612 -0.00416379 0.00516586 0.0076624 -0.0157222 0.00515722 -0.0137612 -0.0157222 0.0836386 
0.0138077 -0.0233199 -0.00420085 0.00518219 -0.0233199 0.103394 0.00518219 -0.0138163 -0.00420085 0.00518219 0.00773886 -0.015736 0.00518219 -0.0138163 -0.015736 0.083578 
0.0138314 -0.0232552 -0.00417599 0.00523928 -0.0232552 0.103276 0.00523071 -0.0139 -0.00417599 0.00523071 0.00775174 -0.0158379 0.00523928 -0.0139 -0.0158379 0.0837342 
0.0137882 -0.0232735 -0.00421664 0.00521691 -0.0232735 0.103234 0.00520829 -0.0139434 -0.00421664 0.00520829 0.00776069 -0.0158577 0.00521691 -0.0139434 -0.0158577 0.0838069 
0.0137837 -0.0232325 -0.00422251 0.00525218 -0.0232325 0.103183 0.00525218 -0.0139741 -0.00422251 0.00525218 0.0077355 -0.015869 0.00525218 -0.0139741 -0.015869 0.0838705 
0.0137802 -0.023206 -0.00424073 0.00528999 -0.023206 0.103098 0.0052725 -0.0140687 -0.00424073 0.0052725 0.00765081 -0.0158262 0.00528999 -0.0140687 -0.0158262 0.0837917 
0.0137782 -0.0232049 -0.00424682 0.00531071 -0.0232049 0.103057 0.00530199 -0.0141357 -0.00424682 0.00530199 0.00762161 -0.0157141 0.00531071 -0.0141357 -0.0157141 0.0835848 
0.0137388 -0.0231875 -0.00427276 0.00533227 -0.0231875 0.103007 0.00533227 -0.0142339 -0.00427276 0.00533227 0.00763365 -0.0156668 0.00533227 -0.0142339 -0.0156668 0.083371 
0.0137454 -0.0231423 -0.00426973 0.00535466 -0.0231423 0.102911 0.00535466 -0.0143141 -0.00426973 0.00535466 0.00756827 -0.0156703 0.00535466 -0.0143141 -0.0156703 0.0833034 
0.0137485 -0.0231349 -0.0042826 0.0053687 -0.0231349 0.102844 0.00535104 -0.0143666 -0.0042826 0.00535104 0.00747026 -0.0156028 0.0053687 -0.0143666 -0.0156028 0.0831972 
0.0138129 -0.0231545 -0.00424943 0.00536723 -0.0231545 0.102856 0.00536723 -0.0143718 -0.00424943 0.00536723 0.00738106 -0.0154896 0.00536723 -0.0143718 -0.0154896 0.0829925 
0.0138581 -0.0232159 -0.00421459 0.00533967 -0.0232159 0.102963 0.00533967 -0.0143403 -0.00421459 0.00533967 0.00728623 -0.0153582 0.00533967 -0.0143403 -0.0153582 0.0826755 
0.0138727 -0.0232774 -0.00421587 0.00529687 -0.0232774 0.103082 0.00532389 -0.0142961 -0.00421587 0.00532389 0.0071796 -0.015215 0.00529687 -0.0142961 -0.015215 0.0822816 
0.0138475 -0.0232893 -0.00425244 0.00530655 -0.0232893 0.103176 0.00532456 -0.0142889 -0.00425244 0.00532456 0.00717149 -0.0150908 0.00530655 -0.0142889 -0.0150908 0.0819226 
0.0138194 -0.0232611 -0.00427852 0.00536169 -0.0232611 0.103154 0.00537071 -0.01437 -0.00427852 0.00537071 0.00716697 -0.015047 0.00536169 -0.01437 -0.015047 0.081689 
0.0138204 -0.023239 -0.00427712 0.00538204 -0.023239 0.103114 0.00539096 -0.0144442 -0.00427712 0.00539096 0.00722655 -0.0150412 0.00538204 -0.0144442 -0.0150412 0.0816217 
0.0137945 -0.0232245 -0.00428473 0.00539361 -0.0232245 0.103055 0.00540248 -0.0145042 -0.00428473 0.00540248 0.00727428 -0.0151163 0.00539361 -0.0145042 -0.0151163 0.0816848 
0.0137596 -0.0231952 -0.00433288 0.0054161 -0.0231952 0.102969 0.0054161 -0.0145563 -0.00433288 0.0054161 0.00726026 -0.0151651 0.0054161 -0.0145563 -0.0151651 0.0818144 
0.0137032 -0.0231372 -0.00438684 0.0054632 -0.0231372 0.102851 0.0054632 -0.014662 -0.00438684 0.0054632 0.00721793 -0.0151595 0.0054632 -0.014662 -0.0151595 0.0818484 
0.0136892 -0.0230898 -0.00440624 0.00552816 -0.0230898 0.102746 0.00551911 -0.0147659 -0.00440624 0.00551911 0.00720199 -0.0151097 0.00552816 -0.0147659 -0.0151097 0.0818005 
0.0137019 -0.0230506 -0.0044074 0.00556581 -0.0230506 0.102628 0.00555676 -0.0149055 -0.0044074 0.00555676 0.00717673 -0.0150775 0.00556581 -0.0149055 -0.0150775 0.0816953 
0.0137116 -0.0230587 -0.0044008 0.00556465 -0.0230587 0.102591 0.00556465 -0.0149664 -0.0044008 0.00556465 0.00711948 -0.01503 0.00556465 -0.0149664 -0.01503 0.0815694 
0.0137506 -0.0230944 -0.00438849 0.00554961 -0.0230944 0.102654 0.00554047 -0.01493 -0.00438849 0.00554047 0.0070673 -0.0149666 0.00554961 -0.01493 -0.0149666 0.0814339 
0.0137218 -0.0231239 -0.00442994 0.00554202 -0.0231239 0.102716 0.00556041 -0.014935 -0.00442994 0.00556041 0.00704931 -0.014889 0.00554202 -0.014935 -0.014889 0.0812187 
0.0136688 -0.0230991 -0.00447916 0.00559895 -0.0230991 0.102706 0.00559895 -0.0150292 -0.00447916 0.00559895 0.00703339 -0.0148349 0.00559895 -0.0150292 -0.0148349 0.0810135 
0.013661 -0.0230472 -0.00447705 0.00566296 -0.0230472 0.102623 0.00566296 -0.0151595 -0.00447705 0.00566296 0.00705112 -0.0148285 0.00566296 -0.0151595 -0.0148285 0.0809454 
0.0136721 -0.0230227 -0.00445008 0.00567294 -0.0230227 0.102517 0.00566374 -0.0152351 -0.00445008 0.00566374 0.00703371 -0.0148489 0.00567294 -0.0152351 -0.0148489 0.0809198 
0.0136839 -0.0230213 -0.00444772 0.00565404 -0.0230213 0.102472 0.00565404 -0.0152585 -0.00444772 0.00565404 0.00700769 -0.0148257 0.00565404 -0.0152585 -0.0148257 0.0808877 
0.0136693 -0.0230316 -0.004464 0.005647 -0.0230316 0.102478 0.00563776 -0.0152497 -0.004464 0.00563776 0.00698713 -0.0147783 0.005647 -0.0152497 -0.0147783 0.0808048 
0.0136315 -0.0230089 -0.00447601 0.005669 -0.0230089 0.102449 0.005669 -0.0152776 -0.00447601 0.005669 0.00698221 -0.0147505 0.005669 -0.0152776 -0.0147505 0.0807162 
0.0136035 -0.0229611 -0.00450656 0.00569838 -0.0229611 0.102338 0.00568907 -0.015354 -0.00450656 0.00568907 0.00695537 -0.0147487 0.00569838 -0.015354 -0.0147487 0.0806525 
0.0135795 -0.0229299 -0.00453578 0.00572549 -0.0229299 0.102241 0.00572549 -0.0154291 -0.00453578 0.00572549 0.00698027 -0.0147134 0.00572549 -0.0154291 -0.0147134 0.0805937 
0.013517 -0.0228814 -0.00459858 0.00577841 -0.0228814 0.102116 0.00576912 -0.0155423 -0.00459858 0.00576912 0.00701399 -0.0147247 0.00577841 -0.0155423 -0.0147247 0.0805633 
0.0135211 -0.0227958 -0.00461376 0.00586607 -0.0227958 0.101917 0.00584724 -0.0157433 -0.00461376 0.00584724 0.00692064 -0.014764 0.00586607 -0.0157433 -0.014764 0.080609 
0.0135837 -0.0228255 -0.00459727 0.00587428 -0.0228255 0.101887 0.00586483 -0.015835 -0.00459727 0.00586483 0.00682022 -0.0146431 0.00587428 -0.015835 -0.0146431 0.0804711 
0.0135711 -0.0229072 -0.00461155 0.00583502 -0.0229072 0.102047 0.00584443 -0.0158016 -0.00461155 0.00584443 0.00684203 -0.0145028 0.00583502 -0.0158016 -0.0145028 0.0801468 
0.0135756 -0.0229123 -0.00458433 0.00583545 -0.0229123 0.102153 0.00585412 -0.0157697 -0.00458433 0.00585412 0.0068905 -0.0145186 0.00583545 -0.0157697 -0.0145186 0.080025 
0.0135967 -0.0228998 -0.0045856 0.00583793 -0.0228998 0.102126 0.00584735 -0.0158001 -0.0045856 0.00584735 0.00683603 -0.0145666 0.00583793 -0.0158001 -0.0145666 0.0800362 
0.0135494 -0.0229175 -0.00461358 0.0058257 -0.0229175 0.102147 0.0058351 -0.0157764 -0.00461358 0.0058351 0.00686869 -0.0145173 0.0058257 -0.0157764 -0.0145173 0.08 
0.0135342 -0.0228782 -0.00462054 0.00586453 -0.0228782 0.102129 0.00585517 -0.0157977 -0.00462054 0.00585517 0.00692145 -0.0145631 0.00586453 -0.0157977 -0.0145631 0.080055 
0.0134826 -0.0228496 -0.00466489 0.00587534 -0.0228496 0.102041 0.00586603 -0.015829 -0.00466489 0.00586603 0.00699268 -0.0146185 0.00587534 -0.015829 -0.0146185 0.0801691 
0.0134501 -0.0227932 -0.00468559 0.00590832 -0.0227932 0.101926 0.00589899 -0.0158862 -0.00468559 0.00589899 0.00703772 -0.0147288 0.00590832 -0.0158862 -0.0147288 0.0804017 
0.0134468 -0.0227689 -0.0046888 0.0059373 -0.0227689 0.10184 0.0059188 -0.0159345 -0.0046888 0.0059188 0.00710256 -0.014797 0.0059373 -0.0159345 -0.014797 0.0806529 
0.0134948 -0.0227587 -0.00465498 0.00593625 -0.0227587 0.10181 0.00592703 -0.0159652 -0.00465498 0.00592703 0.00709769 -0.0148775 0.00593625 -0.0159652 -0.0148775 0.0808676 
0.013516 -0.0228348 -0.00465017 0.00587974 -0.0228348 0.101906 0.00588899 -0.0158827 -0.00465017 0.00588899 0.00710007 -0.014875 0.00587974 -0.0158827 -0.014875 0.0809666 
0.0135101 -0.0228562 -0.00466377 0.00585748 -0.0228562 0.102039 0.00586673 -0.0157958 -0.00466377 0.00586673 0.0071067 -0.0148797 0.00585748 -0.0157958 -0.0148797 0.0809868 
0.0134899 -0.0228526 -0.00467208 0.00587241 -0.0228526 0.102093 0.00588165 -0.0157798 -0.00467208 0.00588165 0.00715585 -0.0148842 0.00587241 -0.0157798 -0.0148842 0.0810042 
0.0134552 -0.0228286 -0.00469132 0.00590109 -0.0228286 0.102055 0.00590109 -0.0158194 -0.00469132 0.00590109 0.00717551 -0.0149236 0.00590109 -0.0158194 -0.0149236 0.0810454 
0.0134689 -0.0227885 -0.00467363 0.00592484 -0.0227885 0.101973 0.00592484 -0.0158793 -0.00467363 0.00592484 0.00718524 -0.0149685 0.00592484 -0.0158793 -0.0149685 0.0811445 
0.0134576 -0.0227934 -0.00468169 0.00592096 -0.0227934 0.101932 0.00592096 -0.0159086 -0.00468169 0.00592096 0.00719695 -0.0149722 0.00592096 -0.0159086 -0.0149722 0.081186 
0.0134874 -0.0227887 -0.00466447 0.00591569 -0.0227887 0.101919 0.00590649 -0.0158886 -0.00466447 0.00590649 0.00716691 -0.0149962 0.00591569 -0.0158886 -0.0149962 0.0812464 
0.0135683 -0.0228144 -0.00459989 0.00589564 -0.0228144 0.101947 0.00588638 -0.0158544 -0.00459989 0.00588638 0.00705255 -0.0149658 0.00589564 -0.0158544 -0.0149658 0.0812247 
0.0136328 -0.0229347 -0.00455355 0.00579627 -0.0229347 0.102153 0.00581482 -0.0156917 -0.00455355 0.00581482 0.00698334 -0.0148384 0.00579627 -0.0156917 -0.0148384 0.0810179 
0.0135753 -0.0230029 -0.00460244 0.00574377 -0.0230029 0.102358 0.0057716 -0.0155611 -0.00460244 0.0057716 0.00704284 -0.0147259 0.00574377 -0.0155611 -0.0147259 0.0807189 
0.0134871 -0.0229206 -0.00466575 0.00581595 -0.0229206 0.102322 0.00582522 -0.015602 -0.00466575 0.00582522 0.00710529 -0.0147764 0.00581595 -0.015602 -0.0147764 0.0806719 
0.013456 -0.0228207 -0.00468235 0.00589219 -0.0228207 0.102134 0.00588295 -0.0157279 -0.00468235 0.00588295 0.00718514 -0.0148875 0.00589219 -0.0157279 -0.0148875 0.0808929 
0.0133943 -0.0227656 -0.00474593 0.00594168 -0.0227656 0.101926 0.00592314 -0.015897 -0.00474593 0.00592314 0.00723012 -0.0149701 0.00594168 -0.015897 -0.0149701 0.0810979 
0.0133212 -0.0226961 -0.00479861 0.00600289 -0.0226961 0.101734 0.00599363 -0.0160448 -0.00479861 0.00599363 0.00729055 -0.015035 0.00600289 -0.0160448 -0.015035 0.0812706 
0.0132672 -0.0226269 -0.00481617 0.00605201 -0.0226269 0.101594 0.00604293 -0.0161569 -0.00481617 0.00604293 0.00744234 -0.0151028 0.00605201 -0.0161569 -0.0151028 0.081475 
0.0133166 -0.0225497 -0.00476698 0.0060795 -0.0225497 0.101401 0.00606127 -0.0162697 -0.00476698 0.00606127 0.00740113 -0.0152762 0.0060795 -0.0162697 -0.0152762 0.0817861 
0.0134082 -0.0226217 -0.00471668 0.00602636 -0.0226217 0.101422 0.0060172 -0.0162016 -0.00471668 0.0060172 0.0072994 -0.0152491 0.00602636 -0.0162016 -0.0152491 0.0819237 
0.0134369 -0.022718 -0.00470984 0.00594732 -0.022718 0.101622 0.00595656 -0.0160504 -0.00470984 0.00595656 0.00721252 -0.0151269 0.00594732 -0.0160504 -0.0151269 0.0817665 
0.013483 -0.0227671 -0.00469339 0.00593439 -0.0227671 0.10179 0.00594372 -0.015965 -0.00469339 0.00594372 0.00711007 -0.0150132 0.00593439 -0.015965 -0.0150132 0.0814858 
0.0135222 -0.022824 -0.00466962 0.00591423 -0.022824 0.101936 0.00593294 -0.0159179 -0.00466962 0.00593294 0.00703718 -0.0148885 0.00591423 -0.0159179 -0.0148885 0.0811522 
0.0135106 -0.0228791 -0.00467034 0.00588426 -0.0228791 0.10209 0.00590279 -0.0158551 -0.00467034 0.00590279 0.00707965 -0.0147802 0.00588426 -0.0158551 -0.0147802 0.0808414 
0.0134814 -0.0228586 -0.00468399 0.0058895 -0.0228586 0.102128 0.0058987 -0.015828 -0.00468399 0.0058987 0.00716862 -0.0148342 0.0058895 -0.015828 -0.0148342 0.0807966 
0.0134602 -0.0228371 -0.00467944 0.00588995 -0.0228371 0.102117 0.00588995 -0.0157999 -0.00467944 0.00588995 0.00732631 -0.0149507 0.00588995 -0.0157999 -0.0149507 0.081041 
0.0134273 -0.0228066 -0.00466724 0.00587892 -0.0228066 0.102051 0.00587892 -0.0157788 -0.00466724 0.00587892 0.00744065 -0.0151685 0.00587892 -0.0157788 -0.0151685 0.0814792 
0.0133725 -0.0227824 -0.00469601 0.00585883 -0.0227824 0.101997 0.00585883 -0.0156981 -0.00469601 0.00585883 0.00757623 -0.0153403 0.00585883 -0.0156981 -0.0153403 0.0819879 
0.0133428 -0.0227236 -0.00469041 0.0058719 -0.0227236 0.101892 0.00586302 -0.0156702 -0.00469041 0.00586302 0.00767522 -0.0155192 0.0058719 -0.0156702 -0.0155192 0.0824909 
0.0133364 -0.0226825 -0.00468193 0.00587015 -0.0226825 0.101779 0.00586128 -0.0156508 -0.00468193 0.00586128 0.00772341 -0.0156508 0.00587015 -0.0156508 -0.0156508 0.082918 
0.0133523 -0.0226739 -0.00468313 0.00586285 -0.0226739 0.101715 0.00585391 -0.0156402 -0.00468313 0.00585391 0.00769499 -0.0157117 0.00586285 -0.0156402 -0.0157117 0.0831613 
0.0133439 -0.0226793 -0.00468551 0.00586134 -0.0226793 0.101727 0.00585243 -0.0156154 -0.00468551 0.00585243 0.00770526 -0.0156778 0.00586134 -0.0156154 -0.0156778 0.0832168 
0.0133463 -0.0226752 -0.00469142 0.00586877 -0.0226752 0.101719 0.00585978 -0.0156381 -0.00469142 0.00585978 0.00764827 -0.015665 0.00586877 -0.0156381 -0.015665 0.0831603 
0.0132915 -0.0226785 -0.00473408 0.00587928 -0.0226785 0.101715 0.00587928 -0.0156721 -0.00473408 0.00587928 0.00765568 -0.0156089 0.00587928 -0.0156721 -0.0156089 0.0830493 
0.0132942 -0.0226226 -0.00474083 0.00593956 -0.0226226 0.101612 0.00593055 -0.0157727 -0.00474083 0.00593055 0.00764301 -0.0156015 0.00593956 -0.0157727 -0.0156015 0.0829826 
0.0133621 -0.0226202 -0.00468251 0.0059288 -0.0226202 0.101582 0.0059199 -0.0157923 -0.00468251 0.0059199 0.00766471 -0.0156054 0.0059288 -0.0157923 -0.0156054 0.083021 
0.013352 -0.022694 -0.00467991 0.00585882 -0.022694 0.101672 0.00585882 -0.0157098 -0.00467991 0.00585882 0.0076897 -0.0156205 0.00585882 -0.0157098 -0.0156205 0.0830327 
