0.00515087 0 -0.00313149 0 0 0.00997981 0 0 -0.00313149 0 0.00873599 0 0 0 0 0.00997981 
0.00764494 -0.00953972 -0.00446064 0.0055133 -0.00953972 0.0274612 0.0055133 -0.0105661 -0.00446064 0.0055133 0.0120135 -0.014882 0.0055133 -0.0105661 -0.014882 0.0377115 
0.00791506 -0.0152677 -0.00422502 0.00710572 -0.0152677 0.0580941 0.00710572 -0.0226478 -0.00422502 0.00710572 0.0117148 -0.0213858 0.00710572 -0.0226478 -0.0213858 0.0773399 
0.00745694 -0.0157785 -0.00379601 0.00555218 -0.0157785 0.0736373 0.00555218 -0.0201959 -0.00379601 0.00555218 0.0110908 -0.0203445 0.00555218 -0.0201959 -0.0203445 0.0888619 
0.00729244 -0.0154051 -0.00378079 0.00487017 -0.0154051 0.0794735 0.00487017 -0.0160203 -0.00378079 0.00487017 0.0112911 -0.0197114 0.00487017 -0.0160203 -0.0197114 0.0910081 
0.00727676 -0.0151386 -0.00385169 0.00489993 -0.0151386 0.0810682 0.00488774 -0.0143707 -0.00385169 0.00488774 0.0116282 -0.0199288 0.00489993 -0.0143707 -0.0199288 0.0924526 
0.00733891 -0.0149822 -0.0038977 0.00505648 -0.0149822 0.0811611 0.00503307 -0.0140926 -0.0038977 0.00503307 0.0117867 -0.0202844 0.00505648 -0.0140926 -0.0202844 0.0938374 
0.00743279 -0.0149904 -0.00393768 0.00514054 -0.0149904 0.0810685 0.00511785 -0.0141734 -0.00393768 0.00511785 0.0118017 -0.020392 0.00514054 -0.0141734 -0.020392 0.0945156 
0.0075509 -0.0151241 -0.00397006 0.00517109 -0.0151241 0.0812473 0.00517109 -0.0143011 -0.00397006 0.00517109 0.0117545 -0.0203285 0.00517109 -0.0143011 -0.0203285 0.0945253 
0.00764526 -0.0152578 -0.0040083 0.00519878 -0.0152578 0.0815422 0.00522062 -0.0143949 -0.0040083 0.00522062 0.0117082 -0.0202818 0.00519878 -0.0143949 -0.0202818 0.0943971 
0.00772878 -0.0154576 -0.00408088 0.00526077 -0.0154576 0.0820506 0.00527159 -0.0145591 -0.00408088 0.00527159 0.0116689 -0.0201663 0.00526077 -0.0145591 -0.0201663 0.0940551 
0.00773146 -0.0155492 -0.00408678 0.00532683 -0.0155492 0.0824365 0.0053484 -0.0147081 -0.00408678 0.0053484 0.0116888 -0.0201536 0.00532683 -0.0147081 -0.0201536 0.0939313 
0.00771356 -0.0155896 -0.00408429 0.00536266 -0.0155896 0.0826824 0.00536266 -0.0148096 -0.00408429 0.00536266 0.0116895 -0.0201398 0.00536266 -0.0148096 -0.0201398 0.0938627 
0.00771877 -0.0155573 -0.00411523 0.00535633 -0.0155573 0.0826965 0.00535633 -0.0148279 -0.00411523 0.00535633 0.0116489 -0.0201624 0.00535633 -0.0148279 -0.0201624 0.0939208 
0.00773675 -0.0155611 -0.00413648 0.00538399 -0.0155611 0.0826749 0.00537305 -0.0148826 -0.00413648 0.00537305 0.0115997 -0.0201243 0.00538399 -0.0148826 -0.0201243 0.0938806 
0.00773255 -0.0155532 -0.00411962 0.0054194 -0.0155532 0.0826458 0.0054194 -0.0149474 -0.00411962 0.0054194 0.0115658 -0.0200804 0.0054194 -0.0149474 -0.0200804 0.0938151 
0.00773673 -0.0155502 -0.00415329 0.00540256 -0.0155502 0.0826055 0.00540256 -0.0149694 -0.00415329 0.00540256 0.0115503 -0.0200213 0.00540256 -0.0149694 -0.0200213 0.0936627 
0.00774642 -0.0155257 -0.00419051 0.00542687 -0.0155257 0.0825301 0.00542687 -0.0150005 -0.00419051 0.00542687 0.011543 -0.0200225 0.00542687 -0.0150005 -0.0200225 0.0936355 
0.00768308 -0.0155533 -0.00420478 0.00549263 -0.0155533 0.0825436 0.00549263 -0.015146 -0.00420478 0.00549263 0.0115686 -0.0199892 0.00549263 -0.015146 -0.0199892 0.0935508 
0.00769021 -0.015446 -0.00423835 0.00550549 -0.015446 0.0823529 0.00549457 -0.0152056 -0.00423835 0.00549457 0.0115899 -0.0200666 0.00550549 -0.0152056 -0.0200666 0.0937135 
0.00769947 -0.0154427 -0.00424949 0.00555282 -0.0154427 0.0822627 0.00554187 -0.0152785 -0.00424949 0.00554187 0.0115766 -0.0200865 0.00555282 -0.0152785 -0.0200865 0.0937846 
0.00773608 -0.0154503 -0.00424554 0.00556954 -0.0154503 0.08223 0.00554765 -0.0153518 -0.00424554 0.00554765 0.0115439 -0.0200897 0.00556954 -0.0153518 -0.0200897 0.0938286 
0.0077383 -0.0154986 -0.00423189 0.00556191 -0.0154986 0.0823074 0.0055729 -0.0153777 -0.00423189 0.0055729 0.0115195 -0.0200273 0.00556191 -0.0153777 -0.0200273 0.093739 
0.00775117 -0.0155023 -0.00425598 0.005546 -0.0155023 0.0823631 0.00555703 -0.01537 -0.00425598 0.00555703 0.0114889 -0.0199899 0.005546 -0.01537 -0.0199899 0.0936425 
0.00779952 -0.015522 -0.00432329 0.00556637 -0.015522 0.0824065 0.00557737 -0.01539 -0.00432329 0.00557737 0.0114408 -0.0199663 0.00556637 -0.01539 -0.0199663 0.0935613 
0.00781703 -0.0155684 -0.00437929 0.00564928 -0.0155684 0.0824949 0.00567118 -0.0155355 -0.00437929 0.00567118 0.0114299 -0.0199039 0.00564928 -0.0155355 -0.0199039 0.0934322 
0.00780594 -0.0155683 -0.00439357 0.00571273 -0.0155683 0.0824748 0.00571273 -0.0156773 -0.00439357 0.00571273 0.0114582 -0.01994 0.00571273 -0.0156773 -0.01994 0.093486 
0.00780488 -0.0155772 -0.00440108 0.00572358 -0.0155772 0.0824932 0.00574526 -0.015794 -0.00440108 0.00574526 0.0114905 -0.0199675 0.00572358 -0.015794 -0.0199675 0.093561 
0.00782236 -0.0155692 -0.00439131 0.00574 -0.0155692 0.0825286 0.00574 -0.0158281 -0.00439131 0.00574 0.0115231 -0.0200037 0.00574 -0.0158281 -0.0200037 0.0936633 
0.00782959 -0.0155942 -0.00440753 0.0057287 -0.0155942 0.0825843 0.00573953 -0.0158108 -0.00440753 0.00573953 0.0115007 -0.020045 0.0057287 -0.0158108 -0.020045 0.0937602 
0.00788791 -0.015656 -0.00442333 0.00575251 -0.015656 0.082725 0.00575251 -0.0158412 -0.00442333 0.00575251 0.0114397 -0.0200031 0.00575251 -0.0158412 -0.0200031 0.0937071 
0.00791721 -0.0157145 -0.00439481 0.00575797 -0.0157145 0.0829126 0.00577978 -0.015878 -0.00439481 0.00577978 0.011396 -0.019913 0.00575797 -0.015878 -0.019913 0.0935234 
0.00789993 -0.0157779 -0.00437788 0.00572745 -0.0157779 0.0831249 0.0057494 -0.0158767 -0.00437788 0.0057494 0.0113781 -0.0198047 0.00572745 -0.0158767 -0.0198047 0.0932083 
0.00787845 -0.0157348 -0.00436956 0.0057047 -0.0157348 0.0831099 0.00571574 -0.015801 -0.00436956 0.00571574 0.0113763 -0.0198065 0.0057047 -0.015801 -0.0198065 0.0931179 
0.00786387 -0.0156617 -0.00435046 0.00570516 -0.0156617 0.0829341 0.00569415 -0.0157388 -0.00435046 0.00569415 0.0113773 -0.0198469 0.00570516 -0.0157388 -0.0198469 0.093188 
0.00782815 -0.0156453 -0.00430493 0.00568119 -0.0156453 0.0827957 0.0056922 -0.0157004 -0.00430493 0.0056922 0.0114174 -0.0198622 0.00568119 -0.0157004 -0.0198622 0.0932442 
0.0077888 -0.0156328 -0.00429156 0.00564853 -0.0156328 0.0827422 0.00564853 -0.0156438 -0.00429156 0.00564853 0.0114626 -0.0198692 0.00564853 -0.0156438 -0.0198692 0.0932229 
0.0077331 -0.0155772 -0.00426042 0.00561399 -0.0155772 0.0826676 0.00560289 -0.0155661 -0.00426042 0.00560289 0.0114943 -0.0199041 0.00561399 -0.0155661 -0.0199041 0.0932632 
0.00769511 -0.0154897 -0.00420136 0.00558338 -0.0154897 0.0824571 0.00556127 -0.0154676 -0.00420136 0.00556127 0.0115206 -0.0199564 0.00558338 -0.0154676 -0.0199564 0.0934138 
0.00770536 -0.0154551 -0.00423517 0.00553233 -0.0154551 0.0822866 0.00551016 -0.0153553 -0.00423517 0.00551016 0.0114971 -0.0199896 0.00553233 -0.0153553 -0.0199896 0.0934953 
0.00774018 -0.0154254 -0.00426589 0.00555226 -0.0154254 0.0821734 0.00553027 -0.0153264 -0.00426589 0.00553027 0.0115003 -0.0199991 0.00555226 -0.0153264 -0.0199991 0.0935968 
0.00773965 -0.0154793 -0.00429369 0.00560381 -0.0154793 0.0822296 0.0055928 -0.0154463 -0.00429369 0.0055928 0.0114939 -0.0199601 0.00560381 -0.0154463 -0.0199601 0.0935143 
0.00773113 -0.0154954 -0.00426317 0.00563268 -0.0154954 0.0823034 0.00562164 -0.0155506 -0.00426317 0.00562164 0.0114642 -0.0199463 0.00563268 -0.0155506 -0.0199463 0.0934584 
0.00771489 -0.0154739 -0.00422719 0.00558474 -0.0154739 0.0822591 0.00557371 -0.015496 -0.00422719 0.00557371 0.0114896 -0.019966 0.00558474 -0.015496 -0.019966 0.0935279 
0.0077104 -0.0154541 -0.00419357 0.00554705 -0.0154541 0.0822406 0.00553596 -0.0153986 -0.00419357 0.00553596 0.0114935 -0.0199694 0.00554705 -0.0153986 -0.0199694 0.0935122 
0.00769925 -0.0153985 -0.00417832 0.0054931 -0.0153985 0.0820956 0.00548196 -0.0152425 -0.00417832 0.00548196 0.0114987 -0.0200225 0.0054931 -0.0152425 -0.0200225 0.0936724 
0.00771538 -0.0153973 -0.00416987 0.0054632 -0.0153973 0.0820484 0.0054632 -0.0151409 -0.00416987 0.0054632 0.0114839 -0.0200132 0.0054632 -0.0151409 -0.0200132 0.0936995 
0.00774295 -0.0153865 -0.00417523 0.00544547 -0.0153865 0.0819913 0.00545651 -0.0150883 -0.00417523 0.00545651 0.0114764 -0.0200256 0.00544547 -0.0150883 -0.0200256 0.0937659 
0.0078107 -0.0155006 -0.00416351 0.00544881 -0.0155006 0.0821826 0.00547078 -0.0150941 -0.00416351 0.00547078 0.0114579 -0.0199607 0.00544881 -0.0150941 -0.0199607 0.0936075 
0.00782983 -0.0156157 -0.00419494 0.00544684 -0.0156157 0.0825152 0.00547978 -0.0151325 -0.00419494 0.00547978 0.0114318 -0.0198656 0.00544684 -0.0151325 -0.0198656 0.093321 
0.00786641 -0.0156451 -0.00425686 0.00548564 -0.0156451 0.0827235 0.00549662 -0.0151733 -0.00425686 0.00549662 0.0113992 -0.0198471 0.00548564 -0.0151733 -0.0198471 0.0932011 
0.00781824 -0.0156694 -0.00422163 0.00555939 -0.0156694 0.0827878 0.00557036 -0.0152966 -0.00422163 0.00557036 0.0114368 -0.0198362 0.00555939 -0.0152966 -0.0198362 0.0931939 
0.00780951 -0.01563 -0.00426073 0.00554223 -0.01563 0.0827829 0.00553128 -0.0153233 -0.00426073 0.00553128 0.0114459 -0.0198797 0.00554223 -0.0153233 -0.0198797 0.0932102 
0.00785002 -0.0156233 -0.0043197 0.00558053 -0.0156233 0.0827431 0.00556956 -0.015393 -0.0043197 0.00556956 0.0114023 -0.0198772 0.00558053 -0.015393 -0.0198772 0.0932135 
0.00786252 -0.0156591 -0.00439247 0.0056553 -0.0156591 0.082776 0.0056553 -0.0155493 -0.00439247 0.0056553 0.0113655 -0.019821 0.0056553 -0.0155493 -0.019821 0.0931423 
0.00785343 -0.0156738 -0.00440101 0.00573565 -0.0156738 0.0828361 0.00573565 -0.015762 -0.00440101 0.00573565 0.01135 -0.019777 0.00573565 -0.015762 -0.019777 0.0930279 
0.00784865 -0.0156309 -0.00438373 0.00576749 -0.0156309 0.0827706 0.00576749 -0.0158855 -0.00438373 0.00576749 0.0113357 -0.0197932 0.00576749 -0.0158855 -0.0197932 0.0930325 
0.00785137 -0.0156028 -0.00435323 0.00573028 -0.0156028 0.0826226 0.00573028 -0.0158693 -0.00435323 0.00573028 0.0113162 -0.0198006 0.00573028 -0.0158693 -0.0198006 0.093117 
0.00788351 -0.0156012 -0.00435638 0.00567214 -0.0156012 0.0825612 0.0056832 -0.015756 -0.00435638 0.0056832 0.0113111 -0.0197806 0.00567214 -0.015756 -0.0197806 0.0931205 
0.007914 -0.0156192 -0.00437468 0.00568269 -0.0156192 0.0825584 0.00569368 -0.0156961 -0.00437468 0.00569368 0.0113104 -0.019785 0.00568269 -0.0156961 -0.019785 0.0931214 
0.00793494 -0.0157055 -0.00441683 0.00571009 -0.0157055 0.0827579 0.00573201 -0.0157712 -0.00441683 0.00573201 0.0112996 -0.0197278 0.00571009 -0.0157712 -0.0197278 0.0929616 
0.00792837 -0.0157906 -0.00446591 0.00578914 -0.0157906 0.0830328 0.0058112 -0.015945 -0.00446591 0.0058112 0.0112695 -0.01965 0.00578914 -0.015945 -0.01965 0.0927035 
0.00791844 -0.0157813 -0.00454227 0.00584165 -0.0157813 0.0831047 0.00585276 -0.0160923 -0.00454227 0.00585276 0.0112502 -0.0196351 0.00584165 -0.0160923 -0.0196351 0.0925891 
0.00790045 -0.0157114 -0.00455451 0.00594212 -0.0157114 0.0829771 0.00593093 -0.0162821 -0.00455451 0.00593093 0.0112352 -0.0196504 0.00594212 -0.0162821 -0.0196504 0.0926456 
0.00787455 -0.0156588 -0.00454648 0.00596796 -0.0156588 0.0828069 0.00595668 -0.016426 -0.00454648 0.00595668 0.0112365 -0.0196525 0.00596796 -0.016426 -0.0196525 0.092667 
0.00785523 -0.0155754 -0.00447906 0.00594206 -0.0155754 0.0825474 0.00593081 -0.0164195 -0.00447906 0.00593081 0.0112539 -0.0196943 0.00594206 -0.0164195 -0.0196943 0.0927997 
0.00784644 -0.0155694 -0.00444519 0.0058708 -0.0155694 0.0824269 0.00585957 -0.016299 -0.00444519 0.00585957 0.0112701 -0.0196891 0.0058708 -0.016299 -0.0196891 0.0928102 
0.00785314 -0.0155497 -0.00448591 0.00581714 -0.0155497 0.0823349 0.00581714 -0.0161538 -0.00448591 0.00581714 0.0112875 -0.0197112 0.00581714 -0.0161538 -0.0197112 0.0928841 
0.00787586 -0.0155958 -0.00451163 0.00587069 -0.0155958 0.0824236 0.00588183 -0.0161973 -0.00451163 0.00588183 0.0112624 -0.0196841 0.00587069 -0.0161973 -0.0196841 0.0927948 
0.0079012 -0.0156143 -0.00454817 0.0059093 -0.0156143 0.0824978 0.0059093 -0.0162893 -0.00454817 0.0059093 0.0112542 -0.0196866 0.0059093 -0.0162893 -0.0196866 0.0927893 
0.00792332 -0.0156706 -0.00458892 0.00595349 -0.0156706 0.0826226 0.00595349 -0.0164189 -0.00458892 0.00595349 0.0112577 -0.0196762 0.00595349 -0.0164189 -0.0196762 0.0927469 
0.00794866 -0.0157005 -0.00463581 0.00600249 -0.0157005 0.0827557 0.00602436 -0.0165424 -0.00463581 0.00602436 0.0112615 -0.0196803 0.00600249 -0.0165424 -0.0196803 0.092738 
0.00796478 -0.0157226 -0.00463069 0.00605803 -0.0157226 0.0828403 0.00606893 -0.0166705 -0.00463069 0.00606893 0.0112553 -0.0196995 0.00605803 -0.0166705 -0.0196995 0.0927881 
0.0079897 -0.0157611 -0.00460608 0.00604685 -0.0157611 0.0829313 0.00604685 -0.0167107 -0.00460608 0.00604685 0.0112423 -0.0197014 0.00604685 -0.0167107 -0.0197014 0.0928202 
0.0080243 -0.0158175 -0.00462306 0.00602098 -0.0158175 0.0830719 0.00600997 -0.016654 -0.00462306 0.00600997 0.0111834 -0.019648 0.00602098 -0.016654 -0.019648 0.0927473 
0.00801829 -0.0158488 -0.00464972 0.00603028 -0.0158488 0.0832091 0.00604133 -0.016633 -0.00464972 0.00604133 0.011177 -0.0195819 0.00603028 -0.016633 -0.0195819 0.0926079 
0.00797969 -0.0158055 -0.00464932 0.00604522 -0.0158055 0.0831602 0.0060672 -0.0166628 -0.00464932 0.0060672 0.0112111 -0.0195975 0.00604522 -0.0166628 -0.0195975 0.0926018 
0.00805137 -0.0157333 -0.00474825 0.00605211 -0.0157333 0.0829693 0.00605211 -0.0166678 -0.00474825 0.00605211 0.0111807 -0.0196884 0.00605211 -0.0166678 -0.0196884 0.0927918 
0.00812991 -0.0158479 -0.00479122 0.00616789 -0.0158479 0.0830768 0.00618957 -0.0168668 -0.00479122 0.00618957 0.0111217 -0.019631 0.00616789 -0.0168668 -0.019631 0.0927568 
0.00814553 -0.015987 -0.0048113 0.00624491 -0.015987 0.0834211 0.00626663 -0.0171165 -0.0048113 0.00626663 0.0111105 -0.0195276 0.00624491 -0.0171165 -0.0195276 0.0925441 
0.00810834 -0.016021 -0.0047824 0.00624973 -0.016021 0.0836268 0.00627147 -0.0172058 -0.0047824 0.00627147 0.0111517 -0.01951 0.00624973 -0.0172058 -0.01951 0.0924308 
0.00802203 -0.0160003 -0.00476513 0.00624057 -0.0160003 0.0837286 0.0062515 -0.0172244 -0.00476513 0.0062515 0.0112134 -0.0195086 0.00624057 -0.0172244 -0.0195086 0.0923299 
0.00799642 -0.0158617 -0.00474104 0.00622672 -0.0158617 0.0834817 0.00621579 -0.0171617 -0.00474104 0.00621579 0.0112409 -0.0196305 0.00622672 -0.0171617 -0.0196305 0.0925378 
0.00796665 -0.015802 -0.00470557 0.00621573 -0.015802 0.0832558 0.0061829 -0.0171042 -0.00470557 0.0061829 0.0112387 -0.0196649 0.00621573 -0.0171042 -0.0196649 0.0926889 
0.00798241 -0.0157779 -0.00465091 0.00616822 -0.0157779 0.0831226 0.00614623 -0.0170313 -0.00465091 0.00614623 0.0112259 -0.0196701 0.00616822 -0.0170313 -0.0196701 0.0927433 
0.00796203 -0.0157688 -0.0046131 0.00609905 -0.0157688 0.0830358 0.00607687 -0.0168888 -0.0046131 0.00607687 0.0112001 -0.01965 0.00609905 -0.0168888 -0.01965 0.0927388 
0.0079657 -0.015732 -0.00458665 0.0060269 -0.015732 0.0829474 0.00601582 -0.0167069 -0.00458665 0.00601582 0.0111896 -0.0196428 0.0060269 -0.0167069 -0.0196428 0.0927411 
0.00799903 -0.015755 -0.00460717 0.00598822 -0.015755 0.0829291 0.00599927 -0.0165947 -0.00460717 0.00599927 0.0111699 -0.0195998 0.00598822 -0.0165947 -0.0195998 0.0926517 
0.00795718 -0.015793 -0.00460214 0.00601479 -0.015793 0.0830041 0.00602582 -0.0165986 -0.00460214 0.00602582 0.0112019 -0.0195563 0.00601479 -0.0165986 -0.0195563 0.0925174 
0.00792941 -0.0157263 -0.0045942 0.0060078 -0.0157263 0.0829275 0.0060078 -0.0165877 -0.0045942 0.0060078 0.0112315 -0.0196358 0.0060078 -0.0165877 -0.0196358 0.0925908 
0.00795083 -0.0156913 -0.00457339 0.00600188 -0.0156913 0.0827972 0.00599081 -0.016555 -0.00457339 0.00599081 0.0112175 -0.0196667 0.00600188 -0.016555 -0.0196667 0.0927413 
0.00791563 -0.0157091 -0.00450735 0.0059728 -0.0157091 0.0827866 0.0059728 -0.0165085 -0.00450735 0.0059728 0.0112351 -0.0196503 0.0059728 -0.0165085 -0.0196503 0.0927671 
0.00790343 -0.0156738 -0.00448933 0.005886 -0.0156738 0.0827588 0.005886 -0.0163722 -0.00448933 0.005886 0.0112621 -0.0196754 0.005886 -0.0163722 -0.0196754 0.0927905 
0.00790488 -0.0156765 -0.00446315 0.00586204 -0.0156765 0.0827458 0.00586204 -0.0162427 -0.00446315 0.00586204 0.0112467 -0.0196734 0.00586204 -0.0162427 -0.0196734 0.0927713 
0.0079227 -0.015657 -0.00445444 0.00583953 -0.015657 0.0827064 0.00583953 -0.0161557 -0.00445444 0.00583953 0.0112469 -0.0196904 0.00583953 -0.0161557 -0.0196904 0.092823 
0.00791759 -0.0157016 -0.00437639 0.00582405 -0.0157016 0.0827617 0.00582405 -0.0161136 -0.00437639 0.00582405 0.0112361 -0.0196548 0.00582405 -0.0161136 -0.0196548 0.0927394 
0.00788875 -0.0156991 -0.00434778 0.00573727 -0.0156991 0.0827871 0.00573727 -0.0159568 -0.00434778 0.00573727 0.0112392 -0.0196434 0.00573727 -0.0159568 -0.0196434 0.0926928 
0.0078923 -0.0156395 -0.00432011 0.00568201 -0.0156395 0.0827073 0.00568201 -0.0157846 -0.00432011 0.00568201 0.0112524 -0.0196693 0.00568201 -0.0157846 -0.0196693 0.0927317 
0.00791958 -0.0156281 -0.0043541 0.00565367 -0.0156281 0.0826391 0.00565367 -0.0156726 -0.0043541 0.00565367 0.0112518 -0.0196823 0.00565367 -0.0156726 -0.0196823 0.0927802 
0.0079018 -0.01567 -0.00434042 0.00568707 -0.01567 0.0827017 0.00568707 -0.0156923 -0.00434042 0.00568707 0.0112628 -0.0196655 0.00568707 -0.0156923 -0.0196655 0.0927404 
0.00786627 -0.0156879 -0.00433539 0.00568741 -0.0156879 0.0827635 0.00569858 -0.0157214 -0.00433539 0.00569858 0.0112854 -0.0196545 0.00568741 -0.0157214 -0.0196545 0.0926969 
0.00782144 -0.0156204 -0.00429787 0.00567812 -0.0156204 0.0826694 0.0056669 -0.0157102 -0.00429787 0.0056669 0.0113226 -0.0197163 0.00567812 -0.0157102 -0.0197163 0.0928025 
0.00779033 -0.0155361 -0.00429581 0.00563129 -0.0155361 0.0824662 0.00562017 -0.015614 -0.00429581 0.00562017 0.011385 -0.0197986 0.00563129 -0.015614 -0.0197986 0.0930054 
0.00776137 -0.0155117 -0.00432293 0.00562754 -0.0155117 0.0823235 0.00561649 -0.0155559 -0.00432293 0.00561649 0.011432 -0.0198567 0.00562754 -0.0155559 -0.0198567 0.0931474 
0.00771225 -0.0155017 -0.00428091 0.00566007 -0.0155017 0.0822971 0.00564903 -0.0156121 -0.00428091 0.00564903 0.0115077 -0.019893 0.00566007 -0.0156121 -0.019893 0.0932752 
0.00769705 -0.0154602 -0.00423943 0.00562689 -0.0154602 0.082234 0.00561587 -0.0156033 -0.00423943 0.00561587 0.011518 -0.0199639 0.00562689 -0.0156033 -0.0199639 0.0934107 
0.00774375 -0.0154545 -0.00419087 0.00556582 -0.0154545 0.0822224 0.00554382 -0.0154765 -0.00419087 0.00554382 0.0114616 -0.0199754 0.00556582 -0.0154765 -0.0199754 0.093486 
0.00775649 -0.0155241 -0.00415526 0.00550711 -0.0155241 0.0823296 0.00549603 -0.0153468 -0.00415526 0.00549603 0.0114242 -0.0199009 0.00550711 -0.0153468 -0.0199009 0.0933881 
0.0077793 -0.0155143 -0.00422716 0.00545547 -0.0155143 0.0823854 0.00545547 -0.0151934 -0.00422716 0.00545547 0.0114089 -0.0198854 0.00545547 -0.0151934 -0.0198854 0.0933074 
0.00780129 -0.0155143 -0.00432547 0.00551718 -0.0155143 0.0823494 0.00551718 -0.0152053 -0.00432547 0.00551718 0.0113985 -0.0198839 0.00551718 -0.0152053 -0.0198839 0.0933286 
0.00784258 -0.0155532 -0.00439976 0.00565369 -0.0155532 0.0823856 0.00566469 -0.0154762 -0.00439976 0.00566469 0.0113624 -0.0198539 0.00565369 -0.0154762 -0.0198539 0.093264 
0.0078694 -0.0155838 -0.00446043 0.00574433 -0.0155838 0.0824571 0.0057554 -0.0157388 -0.00446043 0.0057554 0.0113337 -0.019834 0.00574433 -0.0157388 -0.019834 0.0932485 
0.00789828 -0.0156297 -0.00447198 0.00581803 -0.0156297 0.082576 0.00582915 -0.0159745 -0.00447198 0.00582915 0.0112912 -0.0197902 0.00581803 -0.0159745 -0.0197902 0.0931552 
0.00790055 -0.0156895 -0.00443011 0.0058473 -0.0156895 0.0827326 0.00586962 -0.0161247 -0.00443011 0.00586962 0.0112706 -0.0196956 0.0058473 -0.0161247 -0.0196956 0.0929431 
0.00783678 -0.0156625 -0.0043624 0.00579433 -0.0156625 0.0827302 0.00580543 -0.0160621 -0.0043624 0.00580543 0.0113445 -0.019703 0.00579433 -0.0160621 -0.019703 0.0928981 
0.00785532 -0.0155684 -0.00439811 0.00571097 -0.0155684 0.0825465 0.00570003 -0.0158748 -0.00439811 0.00570003 0.0113672 -0.0198243 0.00571097 -0.0158748 -0.0198243 0.0930823 
0.00790841 -0.0156207 -0.00438993 0.00575157 -0.0156207 0.082559 0.00574068 -0.0158386 -0.00438993 0.00574068 0.0113397 -0.0198364 0.00575157 -0.0158386 -0.0198364 0.0931689 
0.0079392 -0.0157362 -0.00436328 0.00574116 -0.0157362 0.0828476 0.00574116 -0.0158675 -0.00436328 0.00574116 0.0113183 -0.0197605 0.00574116 -0.0158675 -0.0197605 0.0930067 
0.00795598 -0.0157909 -0.00437964 0.00571114 -0.0157909 0.0830922 0.00572215 -0.0158349 -0.00437964 0.00572215 0.0112682 -0.0196974 0.00571114 -0.0158349 -0.0196974 0.0928308 
0.00793181 -0.0157868 -0.0043773 0.00571573 -0.0157868 0.0831468 0.0057267 -0.0158088 -0.0043773 0.0057267 0.0112998 -0.0196704 0.00571573 -0.0158088 -0.0196704 0.0927572 
0.00787591 -0.0156862 -0.00433175 0.00571004 -0.0156862 0.0829158 0.00571004 -0.0157409 -0.00433175 0.00571004 0.0113763 -0.0197882 0.00571004 -0.0157409 -0.0197882 0.0930123 
0.00785283 -0.0156288 -0.00426139 0.00564525 -0.0156288 0.0827238 0.00564525 -0.0156398 -0.00426139 0.00564525 0.0114003 -0.0198682 0.00564525 -0.0156398 -0.0198682 0.0932674 
0.0078343 -0.0156137 -0.00426327 0.00557082 -0.0156137 0.0826612 0.00555983 -0.0154598 -0.00426327 0.00555983 0.0114163 -0.0198879 0.00557082 -0.0154598 -0.0198879 0.0933744 
0.00781729 -0.0156017 -0.00426995 0.00556188 -0.0156017 0.082629 0.00555093 -0.0153609 -0.00426995 0.00555093 0.0114632 -0.0199264 0.00556188 -0.0153609 -0.0199264 0.093479 
0.00783398 -0.015581 -0.00428098 0.0055631 -0.015581 0.0825881 0.0055631 -0.015342 -0.00428098 0.0055631 0.0114956 -0.0199815 0.0055631 -0.015342 -0.0199815 0.0935948 
0.00780367 -0.0156073 -0.00427137 0.00558647 -0.0156073 0.082645 0.0055756 -0.0153791 -0.00427137 0.0055756 0.0115425 -0.0199983 0.00558647 -0.0153791 -0.0199983 0.0936549 
0.00777999 -0.0155817 -0.00425841 0.00558036 -0.0155817 0.0826218 0.00556952 -0.0153649 -0.00425841 0.00556952 0.0115725 -0.0200676 0.00558036 -0.0153649 -0.0200676 0.0938042 
0.00781073 -0.0155998 -0.00426727 0.00556366 -0.0155998 0.082677 0.00555285 -0.0153514 -0.00426727 0.00555285 0.0115702 -0.0200724 0.00556366 -0.0153514 -0.0200724 0.0938368 
0.00780386 -0.0156402 -0.00428129 0.00557109 -0.0156402 0.082786 0.00557109 -0.0153693 -0.00428129 0.00557109 0.0115649 -0.0200624 0.00557109 -0.0153693 -0.0200624 0.0937981 
0.00777301 -0.0156439 -0.00427244 0.00559874 -0.0156439 0.0828505 0.00559874 -0.0154264 -0.00427244 0.00559874 0.011578 -0.0200467 0.00559874 -0.0154264 -0.0200467 0.0937218 
0.00776773 -0.0155896 -0.00430096 0.005601 -0.0155896 0.0827799 0.00559016 -0.0154488 -0.00430096 0.00559016 0.0115812 -0.0200639 0.005601 -0.0154488 -0.0200639 0.0937544 
0.00773778 -0.015562 -0.00432278 0.00563042 -0.015562 0.0826732 0.00561962 -0.0154972 -0.00432278 0.00561962 0.0115959 -0.0200793 0.00563042 -0.0154972 -0.0200793 0.0938152 
0.00773507 -0.0155354 -0.0043299 0.00565715 -0.0155354 0.0825836 0.00564628 -0.0155681 -0.0043299 0.00564628 0.0115972 -0.0201264 0.00565715 -0.0155681 -0.0201264 0.0938979 
0.00773261 -0.015509 -0.00438582 0.00566547 -0.015509 0.0824884 0.00565454 -0.0156074 -0.00438582 0.00565454 0.0115716 -0.0201354 0.00566547 -0.0156074 -0.0201354 0.0939944 
0.00774024 -0.0155022 -0.00440749 0.00572105 -0.0155022 0.0824178 0.00571019 -0.0157085 -0.00440749 0.00571019 0.0115941 -0.0201159 0.00572105 -0.0157085 -0.0201159 0.094001 
0.00775085 -0.0155017 -0.00442906 0.00574058 -0.0155017 0.0823891 0.00574058 -0.015792 -0.00442906 0.00574058 0.0116102 -0.020135 0.00574058 -0.015792 -0.020135 0.0940315 
0.00778489 -0.0155162 -0.00447605 0.00577174 -0.0155162 0.0824106 0.00577174 -0.0158589 -0.00447605 0.00577174 0.0116184 -0.0201743 0.00577174 -0.0158589 -0.0201743 0.0941362 
0.00780865 -0.0155851 -0.00447281 0.00582431 -0.0155851 0.08257 0.00582431 -0.015982 -0.00447281 0.00582431 0.011595 -0.0201545 0.00582431 -0.015982 -0.0201545 0.0941113 
0.00781451 -0.015629 -0.00447617 0.00583942 -0.015629 0.0827394 0.00585015 -0.0160691 -0.00447617 0.00585015 0.011593 -0.0201374 0.00583942 -0.0160691 -0.0201374 0.0940532 
0.00781233 -0.0156462 -0.00443809 0.00583507 -0.0156462 0.0828086 0.00582432 -0.0160652 -0.00443809 0.00582432 0.0115949 -0.0201272 0.00583507 -0.0160652 -0.0201272 0.0940381 
0.00782155 -0.0156109 -0.00439895 0.00577228 -0.0156109 0.0827754 0.00577228 -0.0159543 -0.00439895 0.00577228 0.0115875 -0.0201601 0.00577228 -0.0159543 -0.0201601 0.0941054 
0.00781368 -0.0156488 -0.00436362 0.0057286 -0.0156488 0.0828228 0.00573934 -0.0158423 -0.00436362 0.00573934 0.0115969 -0.0201307 0.0057286 -0.0158423 -0.0201307 0.0940865 
0.00781546 -0.0156634 -0.0042866 0.00569381 -0.0156634 0.0829067 0.00569381 -0.0157392 -0.0042866 0.00569381 0.0115716 -0.0201124 0.00569381 -0.0157392 -0.0201124 0.0939804 
0.00782466 -0.0156384 -0.00426602 0.00559371 -0.0156384 0.0828826 0.00559371 -0.0155405 -0.00426602 0.00559371 0.0115574 -0.0201003 0.00559371 -0.0155405 -0.0201003 0.0939721 
0.0078209 -0.0156527 -0.00425805 0.00555067 -0.0156527 0.0828798 0.00556153 -0.015392 -0.00425805 0.00556153 0.0115467 -0.0200628 0.00555067 -0.015392 -0.0200628 0.0938834 
0.00779221 -0.0156826 -0.00425625 0.00555495 -0.0156826 0.082975 0.00556586 -0.0153661 -0.00425625 0.00556586 0.0115574 -0.0199935 0.00555495 -0.0153661 -0.0199935 0.0936593 
0.00774022 -0.0156109 -0.00429409 0.005566 -0.0156109 0.0828595 0.005566 -0.01535 -0.00429409 0.005566 0.0115995 -0.0200463 0.005566 -0.01535 -0.0200463 0.0936763 
0.0077103 -0.0155397 -0.0043208 0.00560946 -0.0155397 0.0826475 0.0055878 -0.0154098 -0.0043208 0.0055878 0.0116413 -0.0201096 0.00560946 -0.0154098 -0.0201096 0.0938231 
0.00774729 -0.0154624 -0.00437191 0.00564705 -0.0154624 0.0824127 0.00562562 -0.0154946 -0.00437191 0.00562562 0.0116477 -0.0202094 0.00564705 -0.0154946 -0.0202094 0.0941033 
0.00782725 -0.0155372 -0.00445748 0.00570515 -0.0155372 0.082442 0.00569448 -0.0156438 -0.00445748 0.00569448 0.0115916 -0.0201973 0.00570515 -0.0156438 -0.0201973 0.0941829 
