0.00858825 0 -0.00401099 0 0 0.0099921 0 0 -0.00401099 0 0.00694846 0 0 0 0 0.0099921 
0.0123187 -0.0152938 -0.00557539 0.0068315 -0.0152938 0.0385209 0.0068315 -0.0131121 -0.00557539 0.0068315 0.00958614 -0.0119331 0.0068315 -0.0131121 -0.0119331 0.032053 
0.0123667 -0.0229574 -0.004938 0.00805674 -0.0229574 0.0827224 0.00805674 -0.0254697 -0.004938 0.00805674 0.00973523 -0.0185608 0.00805674 -0.0254697 -0.0185608 0.0686123 
0.0116054 -0.0220412 -0.00431827 0.00577769 -0.0220412 0.0968513 0.00578768 -0.020022 -0.00431827 0.00578768 0.00938625 -0.0186525 0.00577769 -0.020022 -0.0186525 0.0842663 
0.0115726 -0.0209378 -0.00440549 0.0051006 -0.0209378 0.097879 0.00511939 -0.0153488 -0.00440549 0.00511939 0.00938398 -0.0179789 0.0051006 -0.0153488 -0.0179789 0.0874711 
0.0116917 -0.0208235 -0.00460223 0.00534657 -0.0208235 0.0975636 0.00535565 -0.0143059 -0.00460223 0.00535565 0.00960386 -0.017837 0.00534657 -0.0143059 -0.017837 0.0881504 
0.0117594 -0.0209252 -0.00467554 0.00562829 -0.0209252 0.0976481 0.00563711 -0.0146177 -0.00467554 0.00563711 0.00981862 -0.0180052 0.00562829 -0.0146177 -0.0180052 0.0887028 
0.0119006 -0.0209909 -0.00467525 0.00573347 -0.0209909 0.0977899 0.00572479 -0.0149365 -0.00467525 0.00572479 0.00979287 -0.0181979 0.00573347 -0.0149365 -0.0181979 0.08922 
0.0120794 -0.0211368 -0.00466646 0.00572545 -0.0211368 0.0980387 0.00570823 -0.0149981 -0.00466646 0.00570823 0.00964287 -0.0181579 0.00572545 -0.0149981 -0.0181579 0.0893515 
0.0121332 -0.0213503 -0.00469532 0.00570209 -0.0213503 0.0984803 0.00571076 -0.0149712 -0.00469532 0.00571076 0.0094948 -0.0179394 0.00570209 -0.0149712 -0.0179394 0.0889942 
0.0121094 -0.0214122 -0.0047301 0.00573557 -0.0214122 0.0987724 0.00575306 -0.0150209 -0.0047301 0.00575306 0.00942522 -0.017775 0.00573557 -0.0150209 -0.017775 0.0885603 
0.0121525 -0.0213654 -0.00475078 0.00579193 -0.0213654 0.098769 0.00580068 -0.015136 -0.00475078 0.00580068 0.00932658 -0.0176995 0.00579193 -0.015136 -0.0176995 0.0882963 
0.0122253 -0.0214053 -0.00475672 0.00581865 -0.0214053 0.0987854 0.0058362 -0.0152531 -0.00475672 0.0058362 0.00921505 -0.0175788 0.00581865 -0.0152531 -0.0175788 0.0879994 
0.0122709 -0.0214894 -0.0047676 0.00584075 -0.0214894 0.0989321 0.00584955 -0.0153144 -0.0047676 0.00584955 0.00913937 -0.0174343 0.00584075 -0.0153144 -0.0174343 0.0876465 
0.0121572 -0.0215386 -0.00476977 0.00584143 -0.0215386 0.0990671 0.005859 -0.0153546 -0.00476977 0.005859 0.00923209 -0.017331 0.00584143 -0.0153546 -0.017331 0.0873491 
0.0120283 -0.0214128 -0.00477979 0.00586531 -0.0214128 0.0989311 0.00586531 -0.0153899 -0.00477979 0.00586531 0.00935823 -0.0174296 0.00586531 -0.0153899 -0.0174296 0.0873756 
0.0119067 -0.0212564 -0.00479785 0.00588747 -0.0212564 0.0985844 0.0058699 -0.0154304 -0.00479785 0.0058699 0.00943753 -0.0175921 0.00588747 -0.0154304 -0.0175921 0.0876354 
0.01184 -0.0211007 -0.00481523 0.00590679 -0.0211007 0.0982148 0.00588919 -0.0154756 -0.00481523 0.00588919 0.0094808 -0.0177028 0.00590679 -0.0154756 -0.0177028 0.0879769 
0.0118874 -0.0210235 -0.00480612 0.00591726 -0.0210235 0.0979303 0.00589963 -0.0155119 -0.00480612 0.00589963 0.00942706 -0.0177694 0.00591726 -0.0155119 -0.0177694 0.088221 
0.0119204 -0.0210776 -0.00481774 0.00590705 -0.0210776 0.0979312 0.00589819 -0.0155248 -0.00481774 0.00589819 0.00936094 -0.0176857 0.00590705 -0.0155248 -0.0176857 0.0881275 
0.0118378 -0.0211293 -0.00486018 0.00592334 -0.0211293 0.0980434 0.00593228 -0.0155722 -0.00486018 0.00593228 0.00935406 -0.0175467 0.00592334 -0.0155722 -0.0175467 0.087787 
0.0117423 -0.0210268 -0.00487993 0.00599227 -0.0210268 0.0979215 0.00599227 -0.0156893 -0.00487993 0.00599227 0.0093831 -0.0175283 0.00599227 -0.0156893 -0.0175283 0.0876414 
0.01172 -0.0208774 -0.0048923 0.00603025 -0.0208774 0.0975951 0.00602129 -0.0158238 -0.0048923 0.00602129 0.00937242 -0.017589 0.00603025 -0.0158238 -0.017589 0.0877119 
0.0116998 -0.0208384 -0.00485485 0.00603286 -0.0208384 0.0973736 0.00603286 -0.0158586 -0.00485485 0.00603286 0.00942411 -0.0176077 0.00603286 -0.0158586 -0.0176077 0.0878156 
0.0117078 -0.0208339 -0.00486546 0.00598478 -0.0208339 0.0973272 0.00598478 -0.015833 -0.00486546 0.00598478 0.00935178 -0.0176023 0.00598478 -0.015833 -0.0176023 0.0877768 
0.0116275 -0.0208409 -0.00488246 0.00599458 -0.0208409 0.0973237 0.00600362 -0.0158047 -0.00488246 0.00600362 0.00939421 -0.0175407 0.00599458 -0.0158047 -0.0175407 0.0876944 
0.0115325 -0.0207371 -0.00487089 0.00602593 -0.0207371 0.097176 0.00603488 -0.0158393 -0.00487089 0.00603488 0.00954479 -0.0176122 0.00602593 -0.0158393 -0.0176122 0.0877744 
0.0115117 -0.0206233 -0.00482692 0.0060181 -0.0206233 0.0968941 0.00600032 -0.0158408 -0.00482692 0.00600032 0.00962718 -0.0177965 0.0060181 -0.0158408 -0.0177965 0.088138 
0.0115956 -0.0206095 -0.00479972 0.00596194 -0.0206095 0.0967573 0.0059442 -0.0157388 -0.00479972 0.0059442 0.00959056 -0.0179036 0.00596194 -0.0157388 -0.0179036 0.0884709 
0.0116405 -0.020718 -0.00479682 0.00590926 -0.020718 0.0969154 0.00590926 -0.0156097 -0.00479682 0.00590926 0.00955805 -0.0178702 0.00590926 -0.0156097 -0.0178702 0.0885232 
0.0116872 -0.0207891 -0.00479612 0.00589263 -0.0207891 0.0971259 0.00590155 -0.0155205 -0.00479612 0.00590155 0.00952092 -0.0178205 0.00589263 -0.0155205 -0.0178205 0.0884608 
0.0117271 -0.0208452 -0.00479947 0.00588581 -0.0208452 0.0972895 0.00590362 -0.0154937 -0.00479947 0.00590362 0.00949209 -0.0177732 0.00588581 -0.0154937 -0.0177732 0.0883406 
0.0117428 -0.020881 -0.00478541 0.00588905 -0.020881 0.0974122 0.00589788 -0.0154864 -0.00478541 0.00589788 0.0095355 -0.0177378 0.00588905 -0.0154864 -0.0177378 0.0882475 
0.0117044 -0.0208988 -0.00478216 0.00588303 -0.0208988 0.0974927 0.00588303 -0.015465 -0.00478216 0.00588303 0.00958194 -0.0177812 0.00588303 -0.015465 -0.0177812 0.0882366 
0.0116922 -0.020877 -0.00478595 0.00587687 -0.020877 0.0974874 0.00587687 -0.0154576 -0.00478595 0.00587687 0.0095895 -0.0178242 0.00587687 -0.0154576 -0.0178242 0.0882938 
0.0116499 -0.0208527 -0.00478762 0.00588699 -0.0208527 0.097428 0.00586926 -0.0154445 -0.00478762 0.00586926 0.00960183 -0.0178649 0.00588699 -0.0154445 -0.0178649 0.0884556 
0.0115695 -0.0208 -0.00479383 0.00588293 -0.0208 0.0973228 0.00588293 -0.0154617 -0.00479383 0.00588293 0.00964122 -0.0178809 0.00588293 -0.0154617 -0.0178809 0.0885207 
0.0115629 -0.0207046 -0.00481565 0.00590162 -0.0207046 0.097132 0.00590162 -0.0154973 -0.00481565 0.00590162 0.0096313 -0.0178829 0.00590162 -0.0154973 -0.0178829 0.0885243 
0.0115683 -0.0206909 -0.00482906 0.00592698 -0.0206909 0.0970097 0.00592698 -0.0155494 -0.00482906 0.00592698 0.00958672 -0.0178791 0.00592698 -0.0155494 -0.0178791 0.0885031 
0.0116061 -0.0206876 -0.00484406 0.00595918 -0.0206876 0.0969705 0.00595026 -0.0156295 -0.00484406 0.00595026 0.00954539 -0.0178418 0.00595918 -0.0156295 -0.0178418 0.088442 
0.0115891 -0.0207281 -0.0048288 0.00597341 -0.0207281 0.0970142 0.00597341 -0.0156847 -0.0048288 0.00597341 0.00954135 -0.017795 0.00597341 -0.0156847 -0.017795 0.0883402 
0.0115827 -0.0207129 -0.00479779 0.00595249 -0.0207129 0.0970211 0.00595249 -0.0156823 -0.00479779 0.00595249 0.00955978 -0.0177948 0.00595249 -0.0156823 -0.0177948 0.0883206 
0.0115927 -0.0206968 -0.00477137 0.00589931 -0.0206968 0.0970029 0.00591721 -0.0156032 -0.00477137 0.00591721 0.00956959 -0.0178143 0.00589931 -0.0156032 -0.0178143 0.0883375 
0.0116464 -0.0207155 -0.00476199 0.00585885 -0.0207155 0.0970233 0.00587669 -0.0154898 -0.00476199 0.00587669 0.00952398 -0.0178084 0.00585885 -0.0154898 -0.0178084 0.0883376 
0.0116461 -0.0207934 -0.00477444 0.00585427 -0.0207934 0.0971576 0.00586319 -0.015421 -0.00477444 0.00586319 0.00953996 -0.0177591 0.00585427 -0.015421 -0.0177591 0.0882602 
0.0115546 -0.0207965 -0.00479507 0.0058666 -0.0207965 0.0972587 0.0058666 -0.015421 -0.00479507 0.0058666 0.00959907 -0.0177427 0.0058666 -0.015421 -0.0177427 0.0881329 
0.0115346 -0.0207032 -0.00482178 0.00590624 -0.0207032 0.0971258 0.00589727 -0.0154871 -0.00482178 0.00589727 0.00958083 -0.0178083 0.00590624 -0.0154871 -0.0178083 0.0881813 
0.0115687 -0.020652 -0.00486249 0.00595609 -0.020652 0.0969605 0.00593802 -0.0155907 -0.00486249 0.00593802 0.00948094 -0.017796 0.00595609 -0.0155907 -0.017796 0.0882116 
0.0115013 -0.0206843 -0.00489939 0.00600424 -0.0206843 0.0969191 0.00600424 -0.0157487 -0.00489939 0.00600424 0.00950897 -0.0176776 0.00600424 -0.0157487 -0.0176776 0.088044 
0.0113867 -0.0206054 -0.00490995 0.00605774 -0.0206054 0.0968053 0.00603952 -0.0158959 -0.00490995 0.00603952 0.00954663 -0.0176631 0.00605774 -0.0158959 -0.0176631 0.087869 
0.0113275 -0.0204404 -0.00489226 0.00608129 -0.0204404 0.0964747 0.00607221 -0.016002 -0.00489226 0.00607221 0.00959392 -0.0177447 0.00608129 -0.016002 -0.0177447 0.0879972 
0.0113462 -0.0203706 -0.00491579 0.00606764 -0.0203706 0.0962025 0.00605857 -0.0160262 -0.00491579 0.00605857 0.00956855 -0.0177948 0.00606764 -0.0160262 -0.0177948 0.0881123 
0.0115144 -0.0203849 -0.00493213 0.00608083 -0.0203849 0.0961263 0.00608083 -0.0160454 -0.00493213 0.00608083 0.00937195 -0.0177684 0.00608083 -0.0160454 -0.0177684 0.0881401 
0.0115663 -0.0205766 -0.00492962 0.00610725 -0.0205766 0.0964014 0.00611638 -0.0161125 -0.00492962 0.00611638 0.00932063 -0.017564 0.00610725 -0.0161125 -0.017564 0.0878658 
0.0115402 -0.0206547 -0.00491561 0.00609168 -0.0206547 0.0967042 0.00611005 -0.016125 -0.00491561 0.00611005 0.00931668 -0.0174573 0.00609168 -0.016125 -0.0174573 0.087507 
0.0115294 -0.0206296 -0.00491355 0.00607293 -0.0206296 0.0967528 0.00610053 -0.0160841 -0.00491355 0.00610053 0.00931183 -0.0174551 0.00607293 -0.0160841 -0.0174551 0.0873674 
0.011562 -0.0206182 -0.00491962 0.00608043 -0.0206182 0.0967249 0.00608964 -0.0160671 -0.00491962 0.00608964 0.00924041 -0.0174213 0.00608043 -0.0160671 -0.0174213 0.0872449 
0.0117068 -0.0206413 -0.00493695 0.00608829 -0.0206413 0.0967403 0.0060975 -0.0160819 -0.00493695 0.0060975 0.0091002 -0.0173714 0.00608829 -0.0160819 -0.0173714 0.0871519 
0.0117696 -0.0208111 -0.00494931 0.00610138 -0.0208111 0.0970323 0.00611982 -0.016129 -0.00494931 0.00611982 0.00903226 -0.0171705 0.00610138 -0.016129 -0.0171705 0.0867834 
0.0117069 -0.0209012 -0.00497869 0.00611402 -0.0209012 0.0973031 0.00614193 -0.0161645 -0.00497869 0.00614193 0.00903609 -0.0170764 0.00611402 -0.0161645 -0.0170764 0.0864245 
0.0116803 -0.0208102 -0.00499002 0.00617284 -0.0208102 0.0972499 0.00618208 -0.0162638 -0.00499002 0.00618208 0.00907444 -0.0171139 0.00617284 -0.0162638 -0.0171139 0.0864198 
0.0117175 -0.020787 -0.00500069 0.00620012 -0.020787 0.0971537 0.00619089 -0.0163676 -0.00500069 0.00619089 0.00903262 -0.0171241 0.00620012 -0.0163676 -0.0171241 0.0863773 
0.011755 -0.0208166 -0.00501671 0.00621998 -0.0208166 0.0971594 0.00620146 -0.0164293 -0.00501671 0.00620146 0.00895973 -0.0170679 0.00621998 -0.0164293 -0.0170679 0.0862744 
0.0117565 -0.0208473 -0.00502799 0.00624133 -0.0208473 0.0972047 0.00624133 -0.0164903 -0.00502799 0.00624133 0.00897133 -0.0170143 0.00624133 -0.0164903 -0.0170143 0.0861836 
0.0117214 -0.0208391 -0.00503266 0.00625633 -0.0208391 0.0972307 0.00624712 -0.0165425 -0.00503266 0.00624712 0.00900727 -0.0170301 0.00625633 -0.0165425 -0.0170301 0.0861901 
0.0116366 -0.0208054 -0.00502805 0.00624809 -0.0208054 0.0971782 0.00624809 -0.0165538 -0.00502805 0.00624809 0.00906713 -0.0170713 0.00624809 -0.0165538 -0.0170713 0.0862718 
0.0115454 -0.0207111 -0.00502905 0.0062561 -0.0207111 0.0970021 0.0062468 -0.0165466 -0.00502905 0.0062468 0.0091564 -0.0171601 0.0062561 -0.0165466 -0.0171601 0.0864606 
0.0115131 -0.0205902 -0.00501093 0.00626135 -0.0205902 0.0967267 0.00625208 -0.0165611 -0.00501093 0.00625208 0.00917899 -0.0172558 0.00626135 -0.0165611 -0.0172558 0.086677 
0.0115057 -0.0205498 -0.00499687 0.00624147 -0.0205498 0.0965354 0.00623225 -0.0165302 -0.00499687 0.00623225 0.00921009 -0.0172954 0.00624147 -0.0165302 -0.0172954 0.0868367 
0.0114787 -0.020551 -0.00498792 0.00621416 -0.020551 0.0964946 0.00620494 -0.0164758 -0.00498792 0.00620494 0.00924748 -0.017324 0.00621416 -0.0164758 -0.017324 0.0869152 
0.0115072 -0.0205165 -0.00497759 0.00618985 -0.0205165 0.0964294 0.00618985 -0.0164114 -0.00497759 0.00618985 0.0092664 -0.017394 0.00618985 -0.0164114 -0.017394 0.0870987 
0.011539 -0.0205663 -0.00497706 0.00617267 -0.0205663 0.0964827 0.00617267 -0.0163585 -0.00497706 0.00617267 0.00919412 -0.017378 0.00617267 -0.0163585 -0.017378 0.0870939 
0.0116702 -0.0206151 -0.0049962 0.00618268 -0.0206151 0.0966241 0.00618268 -0.0163512 -0.0049962 0.00618268 0.00904692 -0.0172781 0.00618268 -0.0163512 -0.0172781 0.086919 
0.0117319 -0.0207508 -0.00500944 0.00619467 -0.0207508 0.0968647 0.00620393 -0.0163895 -0.00500944 0.00620393 0.00897255 -0.0171117 0.00619467 -0.0163895 -0.0171117 0.0865865 
0.0117552 -0.020832 -0.00502199 0.00621239 -0.020832 0.0971198 0.00623099 -0.0164331 -0.00502199 0.00623099 0.00890009 -0.0169818 0.00621239 -0.0164331 -0.0169818 0.086183 
0.0118078 -0.0208481 -0.00500909 0.00623599 -0.0208481 0.0972113 0.00625444 -0.016494 -0.00500909 0.00625444 0.00888352 -0.0169553 0.00623599 -0.016494 -0.0169553 0.0860585 
0.0119018 -0.0209086 -0.00500887 0.00623122 -0.0209086 0.0973191 0.00624041 -0.0165155 -0.00500887 0.00624041 0.00883215 -0.0169291 0.00623122 -0.0165155 -0.0169291 0.0859963 
0.0119023 -0.0210191 -0.00500279 0.00621226 -0.0210191 0.0975545 0.00622142 -0.0164836 -0.00500279 0.00622142 0.00886026 -0.0168592 0.00621226 -0.0164836 -0.0168592 0.0858447 
0.0118735 -0.0210245 -0.0049807 0.00620994 -0.0210245 0.0976654 0.00620994 -0.0164445 -0.0049807 0.00620994 0.00893247 -0.016918 0.00620994 -0.0164445 -0.016918 0.0859011 
0.0118304 -0.0209945 -0.00497789 0.00617913 -0.0209945 0.0976558 0.00618823 -0.0163897 -0.00497789 0.00618823 0.00900024 -0.0170085 0.00617913 -0.0163897 -0.0170085 0.0860983 
0.0117912 -0.0209389 -0.00496902 0.00617721 -0.0209389 0.0975546 0.00615905 -0.0163151 -0.00496902 0.00615905 0.00908414 -0.0171327 0.00617721 -0.0163151 -0.0171327 0.0864174 
0.0118101 -0.0209017 -0.00496404 0.00615505 -0.0209017 0.0974534 0.00614596 -0.0162741 -0.00496404 0.00614596 0.00909165 -0.0172287 0.00615505 -0.0162741 -0.0172287 0.0867071 
0.0119228 -0.0209239 -0.00493608 0.00614287 -0.0209239 0.0974603 0.00614287 -0.0162237 -0.00493608 0.00614287 0.00901015 -0.017249 0.00614287 -0.0162237 -0.017249 0.086835 
0.0120052 -0.0210633 -0.00492682 0.00610203 -0.0210633 0.0976867 0.00611107 -0.0161726 -0.00492682 0.00611107 0.00895868 -0.0171218 0.00610203 -0.0161726 -0.0171218 0.0866759 
0.0119861 -0.0211811 -0.00494075 0.00608787 -0.0211811 0.098002 0.0060969 -0.0161139 -0.00494075 0.0060969 0.00896018 -0.0170352 0.00608787 -0.0161139 -0.0170352 0.0863953 
0.0119066 -0.0211663 -0.00496861 0.00610687 -0.0211663 0.0980984 0.0061159 -0.0161073 -0.00496861 0.0061159 0.0090519 -0.0170559 0.00610687 -0.0161073 -0.0170559 0.0863634 
0.0119226 -0.0210624 -0.00499277 0.00614775 -0.0210624 0.0979547 0.00613865 -0.0161788 -0.00499277 0.00613865 0.00898517 -0.0171518 0.00614775 -0.0161788 -0.0171518 0.0864777 
0.0119779 -0.0210573 -0.00499232 0.00618097 -0.0210573 0.0978531 0.00617182 -0.016257 -0.00499232 0.00617182 0.00891486 -0.0171165 0.00618097 -0.016257 -0.0171165 0.0865701 
0.012028 -0.0211147 -0.00497458 0.00618192 -0.0211147 0.0979031 0.00619099 -0.0163126 -0.00497458 0.00619099 0.00889615 -0.0170298 0.00618192 -0.0163126 -0.0170298 0.0864288 
0.0121307 -0.0211902 -0.00495556 0.00616048 -0.0211902 0.0980604 0.00616954 -0.0163072 -0.00495556 0.00616954 0.0087968 -0.0169776 0.00616048 -0.0163072 -0.0169776 0.0862377 
0.0122226 -0.0213219 -0.00495586 0.0061384 -0.0213219 0.0983408 0.00614743 -0.0162668 -0.00495586 0.00614743 0.00871112 -0.0168445 0.0061384 -0.0162668 -0.0168445 0.0859557 
0.0121918 -0.0214392 -0.00498838 0.00614094 -0.0214392 0.0986331 0.00614994 -0.0162438 -0.00498838 0.00614994 0.00875218 -0.016748 0.00614094 -0.0162438 -0.016748 0.085685 
0.0121559 -0.0213919 -0.00499533 0.00618127 -0.0213919 0.0986667 0.00618127 -0.0162887 -0.00499533 0.00618127 0.00879573 -0.0168188 0.00618127 -0.0162887 -0.0168188 0.0857202 
0.0121597 -0.0213355 -0.00497321 0.00619187 -0.0213355 0.0985591 0.00617395 -0.0163175 -0.00497321 0.00617395 0.00884424 -0.0169268 0.00619187 -0.0163175 -0.0169268 0.0859872 
0.0122459 -0.0213414 -0.0049393 0.00615856 -0.0213414 0.0985102 0.00614966 -0.0162775 -0.0049393 0.00614966 0.00882845 -0.0169805 0.00615856 -0.0162775 -0.0169805 0.0862376 
0.0123527 -0.0214524 -0.00490187 0.00610506 -0.0214524 0.0986881 0.00609615 -0.0161762 -0.00490187 0.00609615 0.00874316 -0.0169516 0.00610506 -0.0161762 -0.0169516 0.0862462 
0.0124027 -0.0215839 -0.00489485 0.00604922 -0.0215839 0.0990067 0.00605817 -0.0160447 -0.00489485 0.00605817 0.00868009 -0.0168591 0.00604922 -0.0160447 -0.0168591 0.0860761 
0.0123355 -0.0216543 -0.00490556 0.00603348 -0.0216543 0.099257 0.00605138 -0.015961 -0.00490556 0.00605138 0.00876376 -0.0167845 0.00603348 -0.015961 -0.0167845 0.085901 
0.0122645 -0.0215776 -0.00492199 0.00606475 -0.0215776 0.0992226 0.00606475 -0.0159717 -0.00492199 0.00606475 0.00880019 -0.0168535 0.00606475 -0.0159717 -0.0168535 0.0858873 
0.0122178 -0.021478 -0.00491416 0.00608634 -0.021478 0.0990226 0.00607733 -0.0160229 -0.00491416 0.00607733 0.00882745 -0.0169155 0.00608634 -0.0160229 -0.0169155 0.0860474 
0.0121839 -0.0214275 -0.00490954 0.00607848 -0.0214275 0.0988472 0.00607848 -0.0160324 -0.00490954 0.00607848 0.00887494 -0.0169406 0.00607848 -0.0160324 -0.0169406 0.0861238 
0.0121683 -0.0214 -0.00493018 0.00606169 -0.0214 0.0987383 0.00607067 -0.0160208 -0.00493018 0.00607067 0.00888151 -0.0169638 0.00606169 -0.0160208 -0.0169638 0.0861659 
0.0122077 -0.0213679 -0.00494978 0.00609481 -0.0213679 0.098671 0.0060858 -0.0160485 -0.00494978 0.0060858 0.00882666 -0.0169771 0.00609481 -0.0160485 -0.0169771 0.0861929 
0.0122368 -0.0214076 -0.00494506 0.00612289 -0.0214076 0.0986765 0.0061139 -0.0161209 -0.00494506 0.0061139 0.00880222 -0.0169391 0.00612289 -0.0161209 -0.0169391 0.086179 
0.0122351 -0.0214449 -0.00491372 0.00610411 -0.0214449 0.0987487 0.00611306 -0.0161285 -0.00491372 0.00611306 0.00883395 -0.0169161 0.00610411 -0.0161285 -0.0169161 0.0861288 
0.0121446 -0.0214563 -0.00492395 0.00607675 -0.0214563 0.0988097 0.00607675 -0.0160855 -0.00492395 0.00607675 0.00893639 -0.0169345 0.00607675 -0.0160855 -0.0169345 0.0861111 
0.0119952 -0.0213467 -0.00493029 0.00608248 -0.0213467 0.0986683 0.00608248 -0.0160592 -0.00493029 0.00608248 0.00909245 -0.0170684 0.00608248 -0.0160592 -0.0170684 0.0863247 
0.0118756 -0.0211797 -0.00495562 0.00610747 -0.0211797 0.0983356 0.00608961 -0.0160812 -0.00495562 0.00608961 0.00918799 -0.0172331 0.00610747 -0.0160812 -0.0172331 0.0866475 
0.0118915 -0.0210279 -0.00496814 0.00613241 -0.0210279 0.0979408 0.00610574 -0.016122 -0.00496814 0.00610574 0.00918972 -0.0173752 0.00613241 -0.016122 -0.0173752 0.0870357 
0.0120457 -0.0210227 -0.00492941 0.00614633 -0.0210227 0.0977769 0.00611988 -0.0161462 -0.00492941 0.00611988 0.00909163 -0.0174073 0.00614633 -0.0161462 -0.0174073 0.0873185 
0.012208 -0.0212103 -0.00488319 0.00607764 -0.0212103 0.0980239 0.00608642 -0.0160812 -0.00488319 0.00608642 0.00901107 -0.0173195 0.00607764 -0.0160812 -0.0173195 0.0873002 
0.0122945 -0.021438 -0.00486825 0.00601007 -0.021438 0.0985422 0.00602778 -0.0159501 -0.00486825 0.00602778 0.00890447 -0.0171716 0.00601007 -0.0159501 -0.0171716 0.0869646 
0.0122985 -0.021551 -0.00487348 0.00599474 -0.021551 0.0989352 0.0060124 -0.0158477 -0.00487348 0.0060124 0.00889058 -0.0170395 0.00599474 -0.0158477 -0.0170395 0.0866279 
0.0123757 -0.0215484 -0.00487553 0.00599655 -0.0215484 0.0990765 0.00601434 -0.0158277 -0.00487553 0.00601434 0.0087724 -0.0170288 0.00599655 -0.0158277 -0.0170288 0.0864606 
0.0123675 -0.0216342 -0.00491646 0.006013 -0.0216342 0.0992279 0.00603097 -0.0158639 -0.00491646 0.00603097 0.00867346 -0.0168436 0.006013 -0.0158639 -0.0168436 0.0860784 
0.0123654 -0.021619 -0.00495341 0.00606929 -0.021619 0.0992679 0.00607837 -0.015967 -0.00495341 0.00607837 0.00858229 -0.0167382 0.00606929 -0.015967 -0.0167382 0.0857412 
0.0123612 -0.0216002 -0.00498466 0.00612584 -0.0216002 0.0992277 0.00613497 -0.0161226 -0.00498466 0.00613497 0.00852688 -0.0166155 0.00612584 -0.0161226 -0.0166155 0.0854422 
0.0123306 -0.0215786 -0.00498318 0.00617441 -0.0215786 0.0991452 0.0061835 -0.016259 -0.00498318 0.0061835 0.0085296 -0.0165409 0.00617441 -0.016259 -0.0165409 0.0852051 
0.0122877 -0.0215467 -0.00500241 0.0061848 -0.0215467 0.099075 0.00619389 -0.0163533 -0.00500241 0.00619389 0.00856776 -0.0165352 0.0061848 -0.0163533 -0.0165352 0.0850683 
0.0122888 -0.0214963 -0.00500823 0.00620802 -0.0214963 0.0989465 0.00619893 -0.0163972 -0.00500823 0.00619893 0.00857125 -0.016588 0.00620802 -0.0163972 -0.016588 0.0851217 
0.0122378 -0.0214792 -0.00498511 0.00620889 -0.0214792 0.0988653 0.00620889 -0.0164041 -0.00498511 0.00620889 0.00869244 -0.01662 0.00620889 -0.0164041 -0.01662 0.0852507 
0.0121133 -0.0214215 -0.00498782 0.00618743 -0.0214215 0.0987733 0.00617841 -0.0163795 -0.00498782 0.00617841 0.00882114 -0.0167493 0.00618743 -0.0163795 -0.0167493 0.0854785 
0.0119619 -0.0213041 -0.00502129 0.00618564 -0.0213041 0.0985427 0.00617655 -0.0163556 -0.00502129 0.00617655 0.00893279 -0.0168923 0.00618564 -0.0163556 -0.0168923 0.0857894 
0.0118686 -0.021113 -0.00501993 0.00623606 -0.021113 0.0981402 0.00619948 -0.0163948 -0.00501993 0.00619948 0.00897919 -0.017044 0.00623606 -0.0163948 -0.017044 0.0861892 
0.0118293 -0.0210013 -0.00502126 0.00623992 -0.0210013 0.0977954 0.0062216 -0.0164565 -0.00502126 0.0062216 0.00898878 -0.0170888 0.00623992 -0.0164565 -0.0170888 0.0863693 
0.0118661 -0.0209482 -0.00502939 0.00625251 -0.0209482 0.0975848 0.00623425 -0.0164938 -0.00502939 0.00623425 0.00895432 -0.017078 0.00625251 -0.0164938 -0.017078 0.0864033 
0.0119277 -0.0209795 -0.00499468 0.00623884 -0.0209795 0.0975586 0.00623884 -0.0164987 -0.00499468 0.00623884 0.00895256 -0.0170486 0.00623884 -0.0164987 -0.0170486 0.0863701 
0.0119608 -0.021064 -0.00496945 0.00620058 -0.021064 0.0977085 0.00620956 -0.016454 -0.00496945 0.00620956 0.00894141 -0.0170291 0.00620058 -0.016454 -0.0170291 0.0863048 
0.0119886 -0.0211207 -0.00496957 0.00615756 -0.0211207 0.097877 0.00616663 -0.0163506 -0.00496957 0.00616663 0.0088872 -0.0170217 0.00615756 -0.0163506 -0.0170217 0.0862693 
0.0120372 -0.0211588 -0.00498122 0.00615112 -0.0211588 0.0980066 0.0061694 -0.0162964 -0.00498122 0.0061694 0.00880167 -0.0169636 0.00615112 -0.0162964 -0.0169636 0.0861705 
0.0119759 -0.0211981 -0.00498997 0.00616354 -0.0211981 0.0981084 0.00618202 -0.0163006 -0.00498997 0.00618202 0.00880638 -0.016855 0.00616354 -0.0163006 -0.016855 0.0859754 
0.0119426 -0.0211212 -0.00501419 0.00618137 -0.0211212 0.0980335 0.00619071 -0.0163311 -0.00501419 0.00619071 0.00877717 -0.016854 0.00618137 -0.0163311 -0.016854 0.0858669 
0.0119599 -0.0210718 -0.00500735 0.00621731 -0.0210718 0.0978947 0.00622662 -0.0163995 -0.00500735 0.00622662 0.00874891 -0.0168091 0.00621731 -0.0163995 -0.0168091 0.0857486 
0.012037 -0.0210952 -0.00503026 0.00622927 -0.0210952 0.0978792 0.00623864 -0.0164678 -0.00503026 0.00623864 0.00861794 -0.0167301 0.00622927 -0.0164678 -0.0167301 0.085505 
0.0120616 -0.0211798 -0.00501407 0.00623973 -0.0211798 0.0979972 0.0062583 -0.0165186 -0.00501407 0.0062583 0.0085982 -0.0165836 0.00623973 -0.0165186 -0.0165836 0.085202 
0.0120044 -0.0212108 -0.00500489 0.00623303 -0.0212108 0.0981125 0.00624227 -0.0165383 -0.00500489 0.00624227 0.00867084 -0.0165568 0.00623303 -0.0165383 -0.0165568 0.0850001 
0.0119631 -0.0211521 -0.00500461 0.00623041 -0.0211521 0.0980737 0.00623041 -0.0165253 -0.00500461 0.00623041 0.00873733 -0.0166452 0.00623041 -0.0165253 -0.0166452 0.0850507 
0.0119643 -0.0210998 -0.00502685 0.00623255 -0.0210998 0.0979494 0.00622328 -0.0165088 -0.00502685 0.00622328 0.00868105 -0.0167129 0.00623255 -0.0165088 -0.0167129 0.0852153 
0.0119495 -0.0210989 -0.00504762 0.00624631 -0.0210989 0.0978995 0.00623695 -0.0165382 -0.00504762 0.00623695 0.00865306 -0.01666 0.00624631 -0.0165382 -0.01666 0.0852102 
0.0119181 -0.0210692 -0.0050619 0.00627072 -0.0210692 0.0978289 0.00627072 -0.0165834 -0.0050619 0.00627072 0.00862224 -0.0166306 0.00627072 -0.0165834 -0.0166306 0.0851741 
0.0118868 -0.0210291 -0.00509166 0.00631252 -0.0210291 0.0977353 0.00630306 -0.0166851 -0.00509166 0.00630306 0.00861229 -0.0165716 0.00631252 -0.0166851 -0.0165716 0.085025 
0.0118837 -0.0210019 -0.00509708 0.00635247 -0.0210019 0.0976374 0.00634303 -0.016792 -0.00509708 0.00634303 0.00859896 -0.0165372 0.00635247 -0.016792 -0.0165372 0.0848853 
0.0118559 -0.0209932 -0.00511615 0.00637159 -0.0209932 0.0975845 0.00637159 -0.0168871 -0.00511615 0.00637159 0.00860873 -0.0165001 0.00637159 -0.0168871 -0.0165001 0.0847374 
0.0118635 -0.0209434 -0.0051317 0.00640042 -0.0209434 0.0974834 0.00640042 -0.0169763 -0.0051317 0.00640042 0.00855915 -0.0165123 0.00640042 -0.0169763 -0.0165123 0.0847204 
0.0119667 -0.0209369 -0.00511371 0.00641813 -0.0209369 0.0973968 0.00640868 -0.0170426 -0.00511371 0.00640868 0.00847874 -0.0165132 0.00641813 -0.0170426 -0.0165132 0.0847969 
0.011922 -0.0210651 -0.00513112 0.00640205 -0.0210651 0.0975672 0.00641153 -0.0170437 -0.00513112 0.00641153 0.00849813 -0.0163798 0.00640205 -0.0170437 -0.0163798 0.0845639 
0.0119539 -0.0210064 -0.00511502 0.00641497 -0.0210064 0.0975904 0.00642439 -0.0170501 -0.00511502 0.00642439 0.00850619 -0.0164283 0.00641497 -0.0170501 -0.0164283 0.0845721 
0.0120455 -0.0210491 -0.00508858 0.00639359 -0.0210491 0.0976219 0.00639359 -0.0170214 -0.00508858 0.00639359 0.00845906 -0.0164487 0.00639359 -0.0170214 -0.0164487 0.0846376 
0.0121347 -0.0211557 -0.00506081 0.00634013 -0.0211557 0.0978299 0.00634953 -0.0169227 -0.00506081 0.00634953 0.00839079 -0.0163865 0.00634013 -0.0169227 -0.0163865 0.0845664 
0.0121609 -0.0212792 -0.00506469 0.0063098 -0.0212792 0.0981389 0.00633788 -0.0168324 -0.00506469 0.00633788 0.00837874 -0.0162894 0.0063098 -0.0168324 -0.0162894 0.0843678 
