0.00963642 0 0.00371853 0 0 0.00998787 0 0 0.00371853 0 0.00639405 0 0 0 0 0.00998787 
0.0134582 -0.0166847 0.005275 -0.00645312 -0.0166847 0.0411811 -0.00645312 0.0123968 0.005275 -0.00645312 0.00912777 -0.0114097 -0.00645312 0.0123968 -0.0114097 0.031045 
0.0132507 -0.0243729 0.0046847 -0.00760611 -0.0243729 0.0870373 -0.00760611 0.0240704 0.0046847 -0.00760611 0.0094946 -0.0184571 -0.00760611 0.0240704 -0.0184571 0.0684967 
0.0123806 -0.0228797 0.00412361 -0.0055079 -0.0228797 0.0992006 -0.0055079 0.0191558 0.00412361 -0.0055079 0.00899786 -0.0187171 -0.0055079 0.0191558 -0.0187171 0.0855235 
0.0123674 -0.0216267 0.00424344 -0.00495999 -0.0216267 0.0989857 -0.00495068 0.0150754 0.00424344 -0.00495068 0.00880328 -0.017802 -0.00495999 0.0150754 -0.017802 0.0885074 
0.0126473 -0.0215606 0.00442522 -0.00524204 -0.0215606 0.0986024 -0.00522409 0.0142361 0.00442522 -0.00522409 0.0088235 -0.0173957 -0.00524204 0.0142361 -0.0173957 0.0883427 
0.0128325 -0.0218144 0.00453068 -0.0055375 -0.0218144 0.0989949 -0.00552867 0.014643 0.00453068 -0.00552867 0.00882291 -0.0173367 -0.0055375 0.014643 -0.0173367 0.0880878 
0.0128741 -0.0219962 0.00457416 -0.00566741 -0.0219962 0.099477 -0.00566741 0.0150256 0.00457416 -0.00566741 0.00882471 -0.0172821 -0.00566741 0.0150256 -0.0172821 0.0879323 
0.0129093 -0.0220444 0.00454612 -0.00570409 -0.0220444 0.0997573 -0.00572125 0.0151737 0.00454612 -0.00572125 0.00886064 -0.0172667 -0.00570409 0.0151737 -0.0172667 0.087843 
0.0129598 -0.0220708 0.00450443 -0.00567098 -0.0220708 0.0998467 -0.0056795 0.0151822 0.00450443 -0.0056795 0.00883856 -0.0173025 -0.00567098 0.0151822 -0.0173025 0.0878321 
0.0129616 -0.0221462 0.00448669 -0.00560203 -0.0221462 0.100008 -0.00561893 0.0150401 0.00448669 -0.00561893 0.00888044 -0.0172877 -0.00560203 0.0150401 -0.0172877 0.0878496 
0.0129842 -0.0221747 0.00446515 -0.00557304 -0.0221747 0.100138 -0.00557304 0.0149062 0.00446515 -0.00557304 0.0089219 -0.0173486 -0.00557304 0.0149062 -0.0173486 0.0879433 
0.01295 -0.0221868 0.00447592 -0.00554042 -0.0221868 0.100197 -0.00555719 0.0148192 0.00447592 -0.00555719 0.00897699 -0.0174092 -0.00554042 0.0148192 -0.0174092 0.0880935 
0.0129007 -0.0221409 0.00451441 -0.00556269 -0.0221409 0.100154 -0.00556269 0.0148113 0.00451441 -0.00556269 0.00897809 -0.0174743 -0.00556269 0.0148113 -0.0174743 0.0882592 
0.01277 -0.022075 0.00459719 -0.00561028 -0.022075 0.100006 -0.00560176 0.0148983 0.00459719 -0.00560176 0.00902412 -0.0174864 -0.00561028 0.0148983 -0.0174864 0.0883512 
0.0126803 -0.021951 0.00464805 -0.00569979 -0.021951 0.0997803 -0.00568283 0.0150298 0.00464805 -0.00568283 0.00913494 -0.017532 -0.00569979 0.0150298 -0.017532 0.0884656 
0.0126243 -0.0218118 0.00468733 -0.00578472 -0.0218118 0.0994377 -0.0057592 0.0152444 0.00468733 -0.0057592 0.00917049 -0.0176519 -0.00578472 0.0152444 -0.0176519 0.0886849 
0.0126346 -0.0217491 0.00468482 -0.00583264 -0.0217491 0.0992059 -0.00580713 0.0153893 0.00468482 -0.00580713 0.00915707 -0.0176935 -0.00583264 0.0153893 -0.0176935 0.08885 
0.0126189 -0.0217724 0.00467396 -0.00580653 -0.0217724 0.0991928 -0.00579808 0.015408 0.00467396 -0.00579808 0.00922115 -0.0176901 -0.00580653 0.015408 -0.0176901 0.0889067 
0.0126542 -0.0217965 0.00460001 -0.00576238 -0.0217965 0.0993125 -0.00576238 0.0152757 0.00460001 -0.00576238 0.00941436 -0.0177818 -0.00576238 0.0152757 -0.0177818 0.089082 
0.0126918 -0.0218174 0.00457102 -0.00569113 -0.0218174 0.0993189 -0.00569113 0.0151626 0.00457102 -0.00569113 0.00946325 -0.0180123 -0.00569113 0.0151626 -0.0180123 0.0894932 
0.0126577 -0.0218648 0.00460356 -0.00564869 -0.0218648 0.099387 -0.00564869 0.0150466 0.00460356 -0.00564869 0.00947254 -0.0180741 -0.00564869 0.0150466 -0.0180741 0.0898067 
0.0127333 -0.0218321 0.00459097 -0.00567218 -0.0218321 0.0994211 -0.0056805 0.0150205 0.00459097 -0.0056805 0.00934828 -0.0180728 -0.00567218 0.0150205 -0.0180728 0.0899065 
0.0127593 -0.021909 0.00459166 -0.00566613 -0.021909 0.0995224 -0.00567452 0.0150425 0.00459166 -0.00567452 0.00923369 -0.0179301 -0.00566613 0.0150425 -0.0179301 0.0896843 
0.0126918 -0.0219497 0.00463738 -0.00567259 -0.0219497 0.0996406 -0.00569784 0.0150736 0.00463738 -0.00569784 0.00923269 -0.0177752 -0.00567259 0.0150736 -0.0177752 0.0893054 
0.0125949 -0.0218487 0.00471148 -0.00575189 -0.0218487 0.0995162 -0.00575189 0.0152087 0.00471148 -0.00575189 0.00924532 -0.0177547 -0.00575189 0.0152087 -0.0177547 0.0890866 
0.0125106 -0.0217277 0.00477447 -0.00584681 -0.0217277 0.0992426 -0.0058383 0.0154128 0.00477447 -0.0058383 0.00925957 -0.0177787 -0.00584681 0.0154128 -0.0177787 0.0890638 
0.0124999 -0.0216397 0.00479647 -0.00592505 -0.0216397 0.0989903 -0.00590795 0.0156206 0.00479647 -0.00590795 0.0092253 -0.0177837 -0.00592505 0.0156206 -0.0177837 0.0890724 
0.0125165 -0.021614 0.00477469 -0.00594279 -0.021614 0.0988703 -0.00593426 0.0157139 0.00477469 -0.00593426 0.00921686 -0.0177431 -0.00594279 0.0157139 -0.0177431 0.0890225 
0.0125047 -0.0216131 0.00478576 -0.00593502 -0.0216131 0.0988027 -0.00592645 0.0157638 0.00478576 -0.00592645 0.00917699 -0.0177193 -0.00593502 0.0157638 -0.0177193 0.088931 
0.0125145 -0.0216019 0.00479279 -0.00594374 -0.0216019 0.0987417 -0.00594374 0.0157956 0.00479279 -0.00594374 0.00913034 -0.017668 -0.00594374 0.0157956 -0.017668 0.0888383 
0.0125442 -0.0216129 0.00477345 -0.00595187 -0.0216129 0.0987481 -0.00595187 0.0158147 0.00477345 -0.00595187 0.00910286 -0.0176165 -0.00595187 0.0158147 -0.0176165 0.0887145 
0.0125591 -0.0216319 0.00480326 -0.00594813 -0.0216319 0.0987424 -0.00595674 0.0158559 0.00480326 -0.00595674 0.00902979 -0.0175775 -0.00594813 0.0158559 -0.0175775 0.0885763 
0.0125456 -0.021665 0.00483656 -0.00596134 -0.021665 0.0988423 -0.00596999 0.0158767 0.00483656 -0.00596999 0.0089896 -0.0174774 -0.00596134 0.0158767 -0.0174774 0.0883819 
0.0125285 -0.0216583 0.00486401 -0.00600848 -0.0216583 0.0988668 -0.00601715 0.0159706 0.00486401 -0.00601715 0.00896503 -0.0174185 -0.00600848 0.0159706 -0.0174185 0.0881764 
0.0125266 -0.0216392 0.00488207 -0.00604613 -0.0216392 0.0988664 -0.00605481 0.0160622 0.00488207 -0.00605481 0.00895626 -0.0173826 -0.00604613 0.0160622 -0.0173826 0.0880337 
0.0125129 -0.0216353 0.0048907 -0.00607001 -0.0216353 0.0988545 -0.00607868 0.0161289 0.0048907 -0.00607868 0.00896628 -0.0173516 -0.00607001 0.0161289 -0.0173516 0.0879371 
0.0124925 -0.0216417 0.00489853 -0.00607349 -0.0216417 0.0988777 -0.00608213 0.016147 0.00489853 -0.00608213 0.00902816 -0.0173738 -0.00607349 0.016147 -0.0173738 0.0879144 
0.0124408 -0.0215856 0.00493085 -0.00609362 -0.0215856 0.0987655 -0.00610236 0.0162351 0.00493085 -0.00610236 0.00898743 -0.0174241 -0.00609362 0.0162351 -0.0174241 0.0879684 
0.0124278 -0.0215345 0.0049379 -0.00613524 -0.0215345 0.098662 -0.00613524 0.0162907 0.0049379 -0.00613524 0.00898436 -0.0174007 -0.00613524 0.0162907 -0.0174007 0.0879821 
0.012414 -0.0215129 0.00494639 -0.00615028 -0.0215129 0.0985614 -0.00615028 0.0163571 0.00494639 -0.00615028 0.00898551 -0.0173778 -0.00615028 0.0163571 -0.0173778 0.0879359 
0.0123975 -0.0214988 0.00493131 -0.00615981 -0.0214988 0.0985137 -0.00615116 0.0163858 0.00493131 -0.00615116 0.00904938 -0.0173893 -0.00615981 0.0163858 -0.0173893 0.087933 
0.0123281 -0.0214655 0.00496427 -0.00616404 -0.0214655 0.0983986 -0.00615534 0.0164316 0.00496427 -0.00615534 0.00907652 -0.0174488 -0.00616404 0.0164316 -0.0174488 0.0880093 
0.0123257 -0.0213738 0.00497734 -0.00620642 -0.0213738 0.0982043 -0.0061977 0.0165098 0.00497734 -0.0061977 0.00903068 -0.0174861 -0.00620642 0.0165098 -0.0174861 0.0881189 
0.0122733 -0.021346 0.00500807 -0.00622482 -0.021346 0.0980717 -0.00620718 0.016576 0.00500807 -0.00620718 0.00897573 -0.0174489 -0.00622482 0.016576 -0.0174489 0.0880997 
0.0122496 -0.0212952 0.00503616 -0.00625758 -0.0212952 0.0979616 -0.00624873 0.0166397 0.00503616 -0.00624873 0.00894825 -0.0173743 -0.00625758 0.0166397 -0.0173743 0.0879867 
0.0122477 -0.0212465 0.00504682 -0.00630185 -0.0212465 0.0978211 -0.00629295 0.0167515 0.00504682 -0.00629295 0.00889201 -0.017339 -0.00630185 0.0167515 -0.017339 0.0878609 
0.0123205 -0.0212329 0.00503167 -0.00632527 -0.0212329 0.097725 -0.00631635 0.0168615 0.00503167 -0.00631635 0.00876974 -0.017254 -0.00632527 0.0168615 -0.017254 0.0876795 
0.0123234 -0.0213005 0.00504628 -0.0063146 -0.0213005 0.0977593 -0.0063146 0.0169019 0.00504628 -0.0063146 0.00868932 -0.0171088 -0.0063146 0.0169019 -0.0171088 0.0873429 
0.0122651 -0.0213126 0.00509766 -0.00633592 -0.0213126 0.0978136 -0.00634496 0.016956 0.00509766 -0.00634496 0.00866783 -0.0169832 -0.00633592 0.016956 -0.0169832 0.0869946 
0.0122603 -0.0212685 0.0051167 -0.00639588 -0.0212685 0.0977939 -0.00639588 0.0170527 0.0051167 -0.00639588 0.00867497 -0.0169446 -0.00639588 0.0170527 -0.0169446 0.0868038 
0.0122525 -0.0212545 0.00512853 -0.00642872 -0.0212545 0.097731 -0.00642872 0.0171553 0.00512853 -0.00642872 0.00866794 -0.0169476 -0.00642872 0.0171553 -0.0169476 0.0867155 
0.0123408 -0.0212384 0.00510121 -0.0064422 -0.0212384 0.0976931 -0.00645126 0.0172426 0.00510121 -0.00645126 0.00855336 -0.0169346 -0.0064422 0.0172426 -0.0169346 0.0866843 
0.0123621 -0.0213469 0.00510687 -0.00640862 -0.0213469 0.0978407 -0.00642683 0.0172323 0.00510687 -0.00642683 0.00849325 -0.0167862 -0.00640862 0.0172323 -0.0167862 0.0864345 
0.0123633 -0.021379 0.00512694 -0.00642013 -0.021379 0.0979804 -0.00643848 0.0172335 0.00512694 -0.00643848 0.00843789 -0.0167015 -0.00642013 0.0172335 -0.0167015 0.086149 
0.0123642 -0.0213764 0.00512886 -0.00643855 -0.0213764 0.0980345 -0.00646603 0.0172824 0.00512886 -0.00646603 0.00841683 -0.0166322 -0.00643855 0.0172824 -0.0166322 0.0859176 
0.0123469 -0.0213812 0.00512858 -0.00645179 -0.0213812 0.0980453 -0.00646092 0.0173112 0.00512858 -0.00646092 0.00845029 -0.0165903 -0.00645179 0.0173112 -0.0165903 0.0857623 
0.0122649 -0.0213548 0.00516179 -0.00645905 -0.0213548 0.0980106 -0.00645905 0.0173088 0.00516179 -0.00645905 0.00856368 -0.0166375 -0.00645905 0.0173088 -0.0166375 0.0857819 
0.0121642 -0.0212489 0.00520161 -0.00650201 -0.0212489 0.0978462 -0.00649298 0.0173838 0.00520161 -0.00649298 0.00869644 -0.0167788 -0.00650201 0.0173838 -0.0167788 0.0860252 
0.012115 -0.0211427 0.00522943 -0.00655254 -0.0211427 0.097568 -0.00653454 0.0174884 0.00522943 -0.00653454 0.00877572 -0.0169484 -0.00655254 0.0174884 -0.0169484 0.0864251 
0.0120904 -0.0210932 0.00521738 -0.00655975 -0.0210932 0.097385 -0.0065508 0.0175404 0.00521738 -0.0065508 0.00883285 -0.0170393 -0.00655975 0.0175404 -0.0170393 0.0867534 
0.012121 -0.0210613 0.00520244 -0.0065592 -0.0210613 0.0973008 -0.00654123 0.0175301 0.00520244 -0.00654123 0.00879652 -0.0171258 -0.0065592 0.0175301 -0.0171258 0.0869858 
0.0121183 -0.0210871 0.00521295 -0.00653429 -0.0210871 0.0972904 -0.00653429 0.0175032 0.00521295 -0.00653429 0.00876066 -0.0170869 -0.00653429 0.0175032 -0.0170869 0.0870364 
0.0121031 -0.0210781 0.00524679 -0.00654712 -0.0210781 0.0972975 -0.00655621 0.0175135 0.00524679 -0.00655621 0.00872949 -0.0170407 -0.00654712 0.0175135 -0.0170407 0.0869494 
0.0120175 -0.0210737 0.00527974 -0.00658383 -0.0210737 0.0972904 -0.00658383 0.017569 0.00527974 -0.00658383 0.00882071 -0.0169894 -0.00658383 0.017569 -0.0169894 0.0868305 
0.0119367 -0.0209508 0.00532646 -0.00663759 -0.0209508 0.0970873 -0.00663759 0.0177002 0.00532646 -0.00663759 0.00886833 -0.0170902 -0.00663759 0.0177002 -0.0170902 0.0868896 
0.0118811 -0.0208619 0.00533972 -0.00669498 -0.0208619 0.0968558 -0.00667691 0.0178262 0.00533972 -0.00667691 0.00894471 -0.0171485 -0.00669498 0.0178262 -0.0171485 0.0870708 
0.0119273 -0.0207863 0.00533542 -0.00671935 -0.0207863 0.0966294 -0.00671025 0.0179365 0.00533542 -0.00671025 0.00885898 -0.0172354 -0.00671935 0.0179365 -0.0172354 0.0872514 
0.0120169 -0.0208293 0.00532243 -0.0067221 -0.0208293 0.0966049 -0.0067221 0.0179931 0.00532243 -0.0067221 0.00868348 -0.0171275 -0.0067221 0.0179931 -0.0171275 0.0871571 
0.0120269 -0.0209329 0.00533803 -0.00670747 -0.0209329 0.0967646 -0.0067261 0.0180263 0.00533803 -0.0067261 0.00857997 -0.0168991 -0.00670747 0.0180263 -0.0168991 0.0866941 
0.01202 -0.0209389 0.00535887 -0.00674543 -0.0209389 0.0968718 -0.00674543 0.0180815 0.00535887 -0.00674543 0.00850673 -0.0167511 -0.00674543 0.0180815 -0.0167511 0.086229 
0.0120213 -0.0209253 0.00535733 -0.00676666 -0.0209253 0.0968612 -0.00676666 0.0181533 0.00535733 -0.00676666 0.00849332 -0.0166506 -0.00676666 0.0181533 -0.0166506 0.0859132 
0.0119723 -0.0209257 0.00537206 -0.00676898 -0.0209257 0.096819 -0.00677836 0.0181975 0.00537206 -0.00677836 0.00851279 -0.0166224 -0.00676898 0.0181975 -0.0166224 0.0857373 
0.0119777 -0.0208725 0.00536483 -0.00678986 -0.0208725 0.0967532 -0.00678055 0.0182181 0.00536483 -0.00678055 0.00853156 -0.0166533 -0.00678986 0.0182181 -0.0166533 0.0857534 
0.0119941 -0.0208762 0.00535334 -0.00677966 -0.0208762 0.0967028 -0.0067704 0.018218 0.00535334 -0.0067704 0.00855793 -0.0166898 -0.00677966 0.018218 -0.0166898 0.0858294 
0.0120305 -0.0209009 0.00534073 -0.00676369 -0.0209009 0.0967152 -0.00676369 0.0181936 0.00534073 -0.00676369 0.00854701 -0.0167244 -0.00676369 0.0181936 -0.0167244 0.0859136 
0.012044 -0.020974 0.00532134 -0.00673182 -0.020974 0.0968741 -0.00674098 0.0181164 0.00532134 -0.00674098 0.00860024 -0.0167242 -0.00673182 0.0181164 -0.0167242 0.0859474 
0.0120114 -0.020967 0.00532919 -0.0067098 -0.020967 0.0969378 -0.00671901 0.0180677 0.00532919 -0.00671901 0.00862426 -0.0167791 -0.0067098 0.0180677 -0.0167791 0.0860401 
0.0119595 -0.0209174 0.00538782 -0.00673944 -0.0209174 0.0968503 -0.00673011 0.0180837 0.00538782 -0.00673011 0.00860373 -0.016816 -0.00673944 0.0180837 -0.016816 0.0861399 
0.011942 -0.0208398 0.00541196 -0.00680253 -0.0208398 0.0966918 -0.00680253 0.018209 0.00541196 -0.00680253 0.00853135 -0.0167808 -0.00680253 0.018209 -0.0167808 0.0861309 
0.0119726 -0.020824 0.0054171 -0.00684964 -0.020824 0.0965591 -0.00684964 0.0183669 0.0054171 -0.00684964 0.008415 -0.0166687 -0.00684964 0.0183669 -0.0166687 0.0859146 
0.0120307 -0.0208589 0.00540715 -0.0068611 -0.0208589 0.096597 -0.0068706 0.0184356 0.00540715 -0.0068706 0.00831504 -0.0165255 -0.0068611 0.0184356 -0.0165255 0.0855736 
0.012016 -0.0209231 0.00541675 -0.00685676 -0.0209231 0.0967099 -0.0068663 0.0184722 0.00541675 -0.0068663 0.00829678 -0.0163837 -0.00685676 0.0184722 -0.0163837 0.0851898 
0.0119854 -0.0209462 0.00540094 -0.00685684 -0.0209462 0.0968505 -0.00686624 0.0184477 0.00540094 -0.00686624 0.00840668 -0.0163531 -0.00685684 0.0184477 -0.0163531 0.0849873 
0.0120152 -0.0208764 0.00537867 -0.0068524 -0.0208764 0.0967315 -0.00686179 0.0184827 0.00537867 -0.00686179 0.00839184 -0.0164833 -0.0068524 0.0184827 -0.0164833 0.0851106 
0.01202 -0.0209133 0.00536406 -0.00682444 -0.0209133 0.096731 -0.00681508 0.0184044 0.00536406 -0.00681508 0.00841587 -0.0165041 -0.00682444 0.0184044 -0.0165041 0.0852633 
0.0120642 -0.0209169 0.00535872 -0.00679965 -0.0209169 0.0967207 -0.00680906 0.0183647 0.00535872 -0.00680906 0.00834416 -0.0165188 -0.00679965 0.0183647 -0.0165188 0.0853346 
0.0121255 -0.0209605 0.00535426 -0.00679981 -0.0209605 0.0967951 -0.00679981 0.0183357 0.00535426 -0.00679981 0.00822634 -0.0164337 -0.00679981 0.0183357 -0.0164337 0.0852306 
0.0121236 -0.0210219 0.00537547 -0.00679613 -0.0210219 0.0969216 -0.00681532 0.0183534 0.00537547 -0.00681532 0.00814959 -0.01628 -0.00679613 0.0183534 -0.01628 0.0849132 
0.0120749 -0.0210448 0.00539536 -0.00681367 -0.0210448 0.0970397 -0.00682326 0.018371 0.00539536 -0.00682326 0.00818407 -0.0161669 -0.00681367 0.018371 -0.0161669 0.084572 
0.0119916 -0.0209708 0.00543937 -0.00685917 -0.0209708 0.0969589 -0.00685917 0.0184574 0.00543937 -0.00685917 0.00825979 -0.0161934 -0.00685917 0.0184574 -0.0161934 0.0844589 
0.0119592 -0.0208592 0.00543946 -0.00691165 -0.0208592 0.0967153 -0.00691165 0.018584 0.00543946 -0.00691165 0.00828824 -0.0162801 -0.00691165 0.018584 -0.0162801 0.0845936 
0.0119862 -0.0208327 0.00542052 -0.0069188 -0.0208327 0.0965673 -0.00689971 0.0186378 0.00542052 -0.00689971 0.00828347 -0.0163379 -0.0069188 0.0186378 -0.0163379 0.0847433 
0.0120156 -0.0208561 0.00538038 -0.00688233 -0.0208561 0.0965522 -0.00686331 0.0185842 0.00538038 -0.00686331 0.0082797 -0.0163408 -0.00688233 0.0185842 -0.0163408 0.0848218 
0.0120475 -0.0208716 0.00534388 -0.00684625 -0.0208716 0.0965607 -0.00683675 0.0185229 0.00534388 -0.00683675 0.00824403 -0.0163359 -0.00684625 0.0185229 -0.0163359 0.084846 
0.0120905 -0.0209026 0.00533318 -0.00680506 -0.0209026 0.0966185 -0.0067955 0.0184272 0.00533318 -0.0067955 0.00817181 -0.0163054 -0.00680506 0.0184272 -0.0163054 0.0848052 
0.0121441 -0.0209736 0.00532437 -0.00677214 -0.0209736 0.0967816 -0.00677214 0.0183257 0.00532437 -0.00677214 0.00812466 -0.0162207 -0.00677214 0.0183257 -0.0162207 0.0846565 
0.0121987 -0.021061 0.00529843 -0.00674862 -0.021061 0.097002 -0.0067581 0.0182364 0.00529843 -0.0067581 0.00812299 -0.0161512 -0.00674862 0.0182364 -0.0161512 0.0844905 
0.0121762 -0.0211255 0.00530014 -0.00671663 -0.0211255 0.0971942 -0.00672602 0.0181706 0.00530014 -0.00672602 0.0081988 -0.0161349 -0.00671663 0.0181706 -0.0161349 0.0843988 
0.0121082 -0.021095 0.00534684 -0.00673305 -0.021095 0.0971955 -0.00675191 0.0181811 0.00534684 -0.00675191 0.00825129 -0.0162385 -0.00673305 0.0181811 -0.0162385 0.0845027 
0.0120651 -0.0209947 0.00537496 -0.00679494 -0.0209947 0.0970257 -0.00680447 0.0182977 0.00537496 -0.00680447 0.00822445 -0.0163155 -0.00679494 0.0182977 -0.0163155 0.0847033 
0.0120817 -0.0209614 0.00537177 -0.00684375 -0.0209614 0.096883 -0.00683419 0.0183902 0.00537177 -0.00683419 0.00818191 -0.0162778 -0.00684375 0.0183902 -0.0162778 0.0847344 
0.0121026 -0.0209663 0.00535656 -0.00683225 -0.0209663 0.0968493 -0.00683225 0.018427 0.00535656 -0.00683225 0.00812587 -0.0162038 -0.00683225 0.018427 -0.0162038 0.084603 
0.0120216 -0.0209802 0.00539627 -0.00681735 -0.0209802 0.096864 -0.00681735 0.0184357 0.00539627 -0.00681735 0.00817122 -0.0161408 -0.00681735 0.0184357 -0.0161408 0.0844103 
0.011951 -0.020868 0.00543579 -0.00688468 -0.020868 0.0966578 -0.00687496 0.0185439 0.00543579 -0.00687496 0.00817799 -0.0161907 -0.00688468 0.0185439 -0.0161907 0.0843957 
0.0119712 -0.0207618 0.00543436 -0.00695637 -0.0207618 0.0963745 -0.00693686 0.0187129 0.00543436 -0.00693686 0.00808812 -0.0161762 -0.00695637 0.0187129 -0.0161762 0.0844033 
0.012009 -0.0208012 0.00540988 -0.00695 -0.0208012 0.0963057 -0.0069305 0.0187933 0.00540988 -0.0069305 0.00804172 -0.0160639 -0.00695 0.0187933 -0.0160639 0.0842187 
0.012052 -0.0208541 0.00536828 -0.00690622 -0.0208541 0.0964357 -0.00690622 0.0187261 0.00536828 -0.00690622 0.00801857 -0.0159791 -0.00690622 0.0187261 -0.0159791 0.0839677 
0.012079 -0.0209156 0.00537166 -0.00686218 -0.0209156 0.0965544 -0.00686218 0.0186411 0.00537166 -0.00686218 0.00799458 -0.0159504 -0.00686218 0.0186411 -0.0159504 0.0838366 
0.0121262 -0.0209479 0.00535292 -0.00684091 -0.0209479 0.0966907 -0.00685057 0.0185613 0.00535292 -0.00685057 0.00798106 -0.0159428 -0.00684091 0.0185613 -0.0159428 0.0837722 
0.0120731 -0.0210018 0.00539602 -0.00682266 -0.0210018 0.096808 -0.00684207 0.018527 0.00539602 -0.00684207 0.00801638 -0.015926 -0.00682266 0.018527 -0.015926 0.0837256 
0.0120151 -0.0209511 0.0054199 -0.00687686 -0.0209511 0.0968005 -0.00687686 0.0185617 0.0054199 -0.00687686 0.00807157 -0.0159586 -0.00687686 0.0185617 -0.0159586 0.0837656 
0.0119644 -0.0208695 0.00544633 -0.00691752 -0.0208695 0.0966504 -0.00690777 0.0186578 0.00544633 -0.00690777 0.0081159 -0.0160369 -0.00691752 0.0186578 -0.0160369 0.0838968 
0.0119527 -0.0208037 0.00544975 -0.00695713 -0.0208037 0.0964915 -0.0069378 0.0187456 0.00544975 -0.0069378 0.00814564 -0.0160787 -0.00695713 0.0187456 -0.0160787 0.0840556 
0.0118981 -0.0208 0.00547217 -0.00694618 -0.0208 0.0963988 -0.00693655 0.0187672 0.00547217 -0.00693655 0.00823715 -0.0161371 -0.00694618 0.0187672 -0.0161371 0.0841924 
0.0118921 -0.020727 0.00546054 -0.00696988 -0.020727 0.0962709 -0.00696027 0.0188043 0.00546054 -0.00696027 0.00826772 -0.016247 -0.00696988 0.0188043 -0.016247 0.0844269 
0.0119197 -0.0206925 0.0054612 -0.00697175 -0.0206925 0.0961326 -0.00695238 0.0188334 0.0054612 -0.00695238 0.00820148 -0.0162965 -0.00697175 0.0188334 -0.0162965 0.0846292 
0.0119348 -0.0207775 0.00546169 -0.00694511 -0.0207775 0.0962587 -0.00694511 0.018774 0.00546169 -0.00694511 0.00823588 -0.0162213 -0.00694511 0.018774 -0.0162213 0.0845936 
0.0119193 -0.0207919 0.00546302 -0.00694338 -0.0207919 0.0963382 -0.00695293 0.0187576 0.00546302 -0.00695293 0.00828049 -0.0162362 -0.00694338 0.0187576 -0.0162362 0.0845622 
0.0119525 -0.0207791 0.00544418 -0.00695487 -0.0207791 0.096361 -0.00695487 0.0187553 0.00544418 -0.00695487 0.00830404 -0.0163135 -0.00695487 0.0187553 -0.0163135 0.0846841 
0.0119576 -0.020807 0.0054275 -0.00691982 -0.020807 0.0964118 -0.00691982 0.0186968 0.0054275 -0.00691982 0.0083171 -0.016349 -0.00691982 0.0186968 -0.016349 0.0848059 
0.0119392 -0.0208222 0.00542692 -0.00688362 -0.0208222 0.0964849 -0.00688362 0.0186134 0.00542692 -0.00688362 0.00834032 -0.0163855 -0.00688362 0.0186134 -0.0163855 0.084917 
0.0120298 -0.0208048 0.0053963 -0.00690003 -0.0208048 0.0964577 -0.00689051 0.0185777 0.0053963 -0.00689051 0.00827052 -0.0164173 -0.00690003 0.0185777 -0.0164173 0.0850274 
0.0120747 -0.0209099 0.00534861 -0.00684014 -0.0209099 0.096617 -0.00684964 0.0184874 0.00534861 -0.00684964 0.00823667 -0.0163308 -0.00684014 0.0184874 -0.0163308 0.0849507 
0.0120974 -0.0209884 0.00531568 -0.00678175 -0.0209884 0.0968267 -0.0067912 0.018359 0.00531568 -0.0067912 0.00823835 -0.0162781 -0.00678175 0.018359 -0.0162781 0.0847955 
0.0120676 -0.0210047 0.00531502 -0.00675254 -0.0210047 0.0969283 -0.00675254 0.0182621 0.00531502 -0.00675254 0.00828463 -0.0162855 -0.00675254 0.0182621 -0.0162855 0.0847661 
0.0120328 -0.0209628 0.0053353 -0.0067448 -0.0209628 0.0968868 -0.0067448 0.0182006 0.0053353 -0.0067448 0.00832458 -0.0163654 -0.0067448 0.0182006 -0.0163654 0.0848918 
0.0119933 -0.020913 0.0053481 -0.00675796 -0.020913 0.0967921 -0.00674856 0.0181873 0.0053481 -0.00674856 0.00840281 -0.0164297 -0.00675796 0.0181873 -0.0164297 0.0850714 
0.0119197 -0.020843 0.00540689 -0.00680587 -0.020843 0.0965961 -0.00678697 0.0182813 0.00540689 -0.00678697 0.00846008 -0.0165231 -0.00680587 0.0182813 -0.0165231 0.0852908 
0.0119259 -0.0207617 0.00541486 -0.00686071 -0.0207617 0.0964184 -0.00685126 0.0184086 0.00541486 -0.00685126 0.00842941 -0.0165848 -0.00686071 0.0184086 -0.0165848 0.0854753 
0.0119762 -0.0207827 0.00539971 -0.00687063 -0.0207827 0.0963692 -0.00686114 0.0184862 0.00539971 -0.00686114 0.00836054 -0.0165408 -0.00687063 0.0184862 -0.0165408 0.0854749 
0.0119604 -0.0208329 0.00543219 -0.00686172 -0.0208329 0.0964452 -0.00687125 0.0185171 0.00543219 -0.00687125 0.00833889 -0.0164395 -0.00686172 0.0185171 -0.0164395 0.0852854 
0.0119451 -0.0208543 0.00543043 -0.00687288 -0.0208543 0.0965598 -0.00689174 0.0185162 0.00543043 -0.00689174 0.00840019 -0.0164044 -0.00687288 0.0185162 -0.0164044 0.0851238 
0.0118863 -0.020815 0.00543773 -0.00689778 -0.020815 0.0965034 -0.00689778 0.0185688 0.00543773 -0.00689778 0.00848885 -0.0164817 -0.00689778 0.0185688 -0.0164817 0.0851693 
0.011835 -0.0207371 0.00547242 -0.00690612 -0.0207371 0.096367 -0.00689675 0.0186006 0.00547242 -0.00689675 0.00854597 -0.0165953 -0.00690612 0.0186006 -0.0165953 0.0854035 
0.0117629 -0.0206608 0.00551269 -0.00694996 -0.0206608 0.0961648 -0.00693105 0.0186656 0.00551269 -0.00693105 0.00856689 -0.0166799 -0.00694996 0.0186656 -0.0166799 0.0856405 
0.0116927 -0.0205834 0.00555666 -0.00700045 -0.0205834 0.0959546 -0.00699095 0.0187882 0.00555666 -0.00699095 0.00858671 -0.016708 -0.00700045 0.0187882 -0.016708 0.0857721 
0.0117121 -0.0204913 0.00556085 -0.00706532 -0.0204913 0.0957341 -0.00703675 0.0189297 0.00556085 -0.00703675 0.00854123 -0.0167206 -0.00706532 0.0189297 -0.0167206 0.0858217 
0.0117723 -0.0205056 0.00554102 -0.00706527 -0.0205056 0.0956736 -0.00705569 0.0190101 0.00554102 -0.00705569 0.00843615 -0.0166518 -0.00706527 0.0190101 -0.0166518 0.0857324 
0.0117988 -0.0205855 0.00553488 -0.0070409 -0.0205855 0.0957716 -0.00705049 0.0190124 0.00553488 -0.00705049 0.00839345 -0.0165183 -0.0070409 0.0190124 -0.0165183 0.0854501 
0.0118198 -0.0206201 0.00553246 -0.00703263 -0.0206201 0.0959056 -0.00704219 0.0190053 0.00553246 -0.00704219 0.00837036 -0.016435 -0.00703263 0.0190053 -0.016435 0.0851942 
0.0118482 -0.0206576 0.00554064 -0.00701687 -0.0206576 0.0960027 -0.00703604 0.0189801 0.00554064 -0.00703604 0.00833972 -0.016411 -0.00701687 0.0189801 -0.016411 0.0850556 
0.0118801 -0.0206894 0.0055466 -0.00704361 -0.0206894 0.0960867 -0.0070532 0.0189909 0.0055466 -0.0070532 0.00830071 -0.0163807 -0.00704361 0.0189909 -0.0163807 0.0849647 
0.0118853 -0.0207273 0.00556825 -0.00705632 -0.0207273 0.0961867 -0.00706592 0.0190281 0.00556825 -0.00706592 0.00828517 -0.0163207 -0.00705632 0.0190281 -0.0163207 0.0848198 
0.0118419 -0.0207521 0.00556647 -0.00706108 -0.0207521 0.0962874 -0.00708024 0.0190467 0.00556647 -0.00708024 0.00833533 -0.016297 -0.00706108 0.0190467 -0.016297 0.0847138 
0.0117704 -0.0207261 0.00558193 -0.00706034 -0.0207261 0.0963144 -0.00706034 0.0190297 0.00558193 -0.00706034 0.00848188 -0.0163478 -0.00706034 0.0190297 -0.0163478 0.084762 
0.0117182 -0.020614 0.00559687 -0.00708429 -0.020614 0.0961194 -0.00707475 0.0190599 0.00559687 -0.00707475 0.00853356 -0.0165332 -0.00708429 0.0190599 -0.0165332 0.0850782 
0.0116418 -0.0205426 0.00562511 -0.00710541 -0.0205426 0.0959134 -0.00708631 0.0191006 0.00562511 -0.00708631 0.0086048 -0.0166175 -0.00710541 0.0191006 -0.0166175 0.085389 
0.0116833 -0.0204578 0.00562636 -0.00714778 -0.0204578 0.0956865 -0.00712864 0.0191756 0.00562636 -0.00712864 0.00855437 -0.0167069 -0.00714778 0.0191756 -0.0167069 0.0856298 
0.0116918 -0.0204893 0.00563504 -0.00714922 -0.0204893 0.0956328 -0.00713964 0.0192531 0.00563504 -0.00713964 0.00851007 -0.0166368 -0.00714922 0.0192531 -0.0166368 0.085599 
