0.010266 0 -0.000170842 0 0 0.00998649 0 0 -0.000170842 0 0.00333918 0 0 0 0 0.00998649 
0.0144327 -0.0178724 2.75171e-05 -4.12757e-05 -0.0178724 0.0434495 -4.12757e-05 5.50343e-05 2.75171e-05 -4.12757e-05 0.00482926 -0.00604001 -4.12757e-05 5.50343e-05 -0.00604001 0.0207892 
0.0140526 -0.0254361 0.000115422 -0.000346265 -0.0254361 0.090332 -0.000346265 0.00115422 0.000115422 -0.000346265 0.0051507 -0.0103014 -0.000346265 0.00115422 -0.0103014 0.0421145 
0.0131322 -0.0234801 1.43521e-05 -0.000315747 -0.0234801 0.100738 -0.000315747 0.0016505 1.43521e-05 -0.000315747 0.00502325 -0.0116826 -0.000315747 0.0016505 -0.0116826 0.05771 
0.0132353 -0.0224045 -0.000191025 -0.000122802 -0.0224045 0.100534 -0.000122802 0.00135082 -0.000191025 -0.000122802 0.00496664 -0.0119527 -0.000122802 0.00135082 -0.0119527 0.0664766 
0.0135845 -0.0225581 -0.000182868 7.8372e-05 -0.0225581 0.100799 3.9186e-05 0.000849029 -0.000182868 3.9186e-05 0.00492437 -0.0118734 7.8372e-05 0.000849029 -0.0118734 0.0700776 
0.0137949 -0.0229625 -0.000211464 0.000149269 -0.0229625 0.101764 0.000111951 0.000335854 -0.000211464 0.000111951 0.0049383 -0.0116678 0.000149269 0.000335854 -0.0116678 0.0709523 
0.0138346 -0.0231533 -0.000226993 0.000167258 -0.0231533 0.102481 0.000155311 4.7788e-05 -0.000226993 0.000155311 0.00499385 -0.0115528 0.000167258 4.7788e-05 -0.0115528 0.0708696 
0.0138929 -0.0231744 -0.00022182 0.000151772 -0.0231744 0.102703 0.000140097 0 -0.00022182 0.000140097 0.00502014 -0.011593 0.000151772 0 -0.011593 0.070819 
0.0139699 -0.0231981 -0.000127526 9.27461e-05 -0.0231981 0.102751 8.11528e-05 0.000185492 -0.000127526 8.11528e-05 0.00496192 -0.011628 9.27461e-05 0.000185492 -0.011628 0.070858 
0.014025 -0.0233133 -1.15527e-05 -6.93161e-05 -0.0233133 0.102934 -6.93161e-05 0.000519871 -1.15527e-05 -6.93161e-05 0.00493299 -0.0115758 -6.93161e-05 0.000519871 -0.0115758 0.0708179 
0.0140551 -0.0233905 4.61579e-05 -0.000196171 -0.0233905 0.103175 -0.000184632 0.000865461 4.61579e-05 -0.000184632 0.00489274 -0.0115279 -0.000196171 0.000865461 -0.0115279 0.0707255 
0.0140685 -0.023436 6.94742e-05 -0.000277897 -0.023436 0.103343 -0.00024316 0.00108843 6.94742e-05 -0.00024316 0.00487477 -0.011498 -0.000277897 0.00108843 -0.011498 0.0706553 
0.0140669 -0.023468 4.61968e-05 -0.000242533 -0.023468 0.103469 -0.000242533 0.00110872 4.61968e-05 -0.000242533 0.00487377 -0.0114799 -0.000242533 0.00110872 -0.0114799 0.0706003 
0.0140972 -0.0234645 4.62583e-05 -0.000219727 -0.0234645 0.103526 -0.000208162 0.00105238 4.62583e-05 -0.000208162 0.00484556 -0.0114721 -0.000219727 0.00105238 -0.0114721 0.0705901 
0.0140739 -0.0234873 0.000103824 -0.000265328 -0.0234873 0.103536 -0.000265328 0.00116514 0.000103824 -0.000265328 0.00485666 -0.0114668 -0.000265328 0.00116514 -0.0114668 0.0705543 
0.0140057 -0.0234777 0.000104088 -0.0003007 -0.0234777 0.103556 -0.0003007 0.00126063 0.000104088 -0.0003007 0.00492685 -0.0114613 -0.0003007 0.00126063 -0.0114613 0.0705372 
0.0138979 -0.0233899 0.000103801 -0.000288337 -0.0233899 0.103409 -0.000288337 0.00123408 0.000103801 -0.000288337 0.00504014 -0.011545 -0.000288337 0.00123408 -0.011545 0.0706657 
0.01381 -0.0232322 6.92809e-05 -0.00028867 -0.0232322 0.103101 -0.000277123 0.00120087 6.92809e-05 -0.000277123 0.00512678 -0.0116969 -0.00028867 0.00120087 -0.0116969 0.0709782 
0.0138099 -0.0231205 6.93963e-05 -0.000231321 -0.0231205 0.102764 -0.000219755 0.00107564 6.93963e-05 -0.000219755 0.00512376 -0.0118205 -0.000231321 0.00107564 -0.0118205 0.0713625 
0.0138523 -0.0230988 9.28128e-05 -0.000266837 -0.0230988 0.10257 -0.000255235 0.00112536 9.28128e-05 -0.000255235 0.0050699 -0.0118336 -0.000266837 0.00112536 -0.0118336 0.0715355 
0.0139193 -0.0231718 5.79005e-05 -0.000254762 -0.0231718 0.102634 -0.000243182 0.00110011 5.79005e-05 -0.000243182 0.00500261 -0.0117654 -0.000254762 0.00110011 -0.0117654 0.0714724 
0.0139497 -0.0232572 3.47295e-05 -0.00023153 -0.0232572 0.102822 -0.00023153 0.00108819 3.47295e-05 -0.00023153 0.00497789 -0.0116691 -0.00023153 0.00108819 -0.0116691 0.0712764 
0.013923 -0.023298 1.16316e-05 -0.000232631 -0.023298 0.102974 -0.000244263 0.00115152 1.16316e-05 -0.000244263 0.00498994 -0.0116199 -0.000232631 0.00115152 -0.0116199 0.0710921 
0.0138389 -0.0232814 -3.48004e-05 -0.000150802 -0.0232814 0.103009 -0.000185602 0.00100921 -3.48004e-05 -0.000185602 0.00506925 -0.0116233 -0.000150802 0.00100921 -0.0116233 0.0710159 
0.0137682 -0.0231752 -9.27934e-05 -5.79959e-05 -0.0231752 0.102873 -9.27934e-05 0.000742347 -9.27934e-05 -9.27934e-05 0.00513844 -0.0117268 -5.79959e-05 0.000742347 -0.0117268 0.071161 
0.0137459 -0.0230866 -0.000138381 3.45953e-05 -0.0230866 0.102644 1.15318e-05 0.000438207 -0.000138381 1.15318e-05 0.00520083 -0.0118431 3.45953e-05 0.000438207 -0.0118431 0.0714277 
0.0137627 -0.0230343 -0.000127325 1.1575e-05 -0.0230343 0.102439 0 0.0004167 -0.000127325 0 0.00518561 -0.0119223 1.1575e-05 0.0004167 -0.0119223 0.0716725 
0.0137832 -0.0230492 -0.000127408 -1.15825e-05 -0.0230492 0.102389 -1.15825e-05 0.000486466 -0.000127408 -1.15825e-05 0.0051658 -0.0119068 -1.15825e-05 0.000486466 -0.0119068 0.0717653 
0.0138017 -0.0230802 -9.27848e-05 -2.31962e-05 -0.0230802 0.102411 -2.31962e-05 0.000556709 -9.27848e-05 -2.31962e-05 0.00513796 -0.0118765 -2.31962e-05 0.000556709 -0.0118765 0.0717227 
0.0138078 -0.0231245 -0.000126994 -1.15449e-05 -0.0231245 0.102508 -2.30899e-05 0.000531067 -0.000126994 -2.30899e-05 0.0051375 -0.011822 -1.15449e-05 0.000531067 -0.011822 0.0716133 
0.0138062 -0.0231334 -0.000161611 1.15436e-05 -0.0231334 0.102588 1.15436e-05 0.000461744 -0.000161611 1.15436e-05 0.00514845 -0.0118207 1.15436e-05 0.000461744 -0.0118207 0.0715588 
0.0138332 -0.0231247 -0.000138679 3.46697e-05 -0.0231247 0.102599 3.46697e-05 0.000404479 -0.000138679 3.46697e-05 0.00511955 -0.0118339 3.46697e-05 0.000404479 -0.0118339 0.0715813 
0.0138531 -0.0231617 -0.000161889 2.3127e-05 -0.0231617 0.102649 2.3127e-05 0.000381596 -0.000161889 2.3127e-05 0.0050995 -0.0118063 2.3127e-05 0.000381596 -0.0118063 0.0715434 
0.0138831 -0.0231887 -0.000150651 4.63542e-05 -0.0231887 0.102733 4.63542e-05 0.000347657 -0.000150651 4.63542e-05 0.00507579 -0.0117856 4.63542e-05 0.000347657 -0.0117856 0.0714898 
0.0139322 -0.0232203 -0.000115812 2.31624e-05 -0.0232203 0.102806 2.31624e-05 0.000382179 -0.000115812 2.31624e-05 0.00502623 -0.0117433 2.31624e-05 0.000382179 -0.0117433 0.0713864 
0.0139601 -0.0232823 -0.000104613 -1.16237e-05 -0.0232823 0.102928 0 0.000430078 -0.000104613 0 0.00498657 -0.0116818 -1.16237e-05 0.000430078 -0.0116818 0.0712534 
0.0139716 -0.0233325 -9.2912e-05 -3.4842e-05 -0.0233325 0.103074 -3.4842e-05 0.000499402 -9.2912e-05 -3.4842e-05 0.00497079 -0.0116256 -3.4842e-05 0.000499402 -0.0116256 0.0711009 
0.013964 -0.0233314 -9.28613e-05 -5.80383e-05 -0.0233314 0.103146 -4.64306e-05 0.000591991 -9.28613e-05 -4.64306e-05 0.00497969 -0.0116077 -5.80383e-05 0.000591991 -0.0116077 0.0709925 
0.0139469 -0.0233371 -0.000126895 -2.30718e-05 -0.0233371 0.103177 -2.30718e-05 0.000530651 -0.000126895 -2.30718e-05 0.00502965 -0.0116166 -2.30718e-05 0.000530651 -0.0116166 0.0709688 
0.0139379 -0.0233131 -0.000192952 6.81006e-05 -0.0233131 0.103161 6.81006e-05 0.000272402 -0.000192952 6.81006e-05 0.00508484 -0.0116792 6.81006e-05 0.000272402 -0.0116792 0.0710743 
0.0138817 -0.023305 -0.000247686 0.000123843 -0.023305 0.103116 0.000135102 0.000112585 -0.000247686 0.000135102 0.00519016 -0.0117764 0.000123843 0.000112585 -0.0117764 0.0713112 
0.0138795 -0.0232299 -0.000269724 0.000168577 -0.0232299 0.102989 0.000168577 3.37154e-05 -0.000269724 0.000168577 0.00522589 -0.0119353 0.000168577 3.37154e-05 -0.0119353 0.0716903 
0.0138734 -0.0232228 -0.000290425 0.000201063 -0.0232228 0.102922 0.000201063 -5.58509e-05 -0.000290425 0.000201063 0.00526116 -0.012008 0.000201063 -5.58509e-05 -0.012008 0.0720254 
0.0138909 -0.0232039 -0.00024685 0.000157086 -0.0232039 0.102847 0.000145866 0.000100984 -0.00024685 0.000145866 0.00522873 -0.012062 0.000157086 0.000100984 -0.012062 0.0722485 
0.0139201 -0.0232264 -0.000214328 0.000112804 -0.0232264 0.102878 0.000112804 0.000180487 -0.000214328 0.000112804 0.00517772 -0.0120475 0.000112804 0.000180487 -0.0120475 0.0723189 
0.0139866 -0.0232846 -0.000170292 5.6764e-05 -0.0232846 0.102981 6.81168e-05 0.000306526 -0.000170292 6.81168e-05 0.00509741 -0.0119659 5.6764e-05 0.000306526 -0.0119659 0.0722152 
0.0140655 -0.0233622 -0.000114633 -1.14633e-05 -0.0233622 0.103124 -1.14633e-05 0.000527311 -0.000114633 -1.14633e-05 0.00498653 -0.011853 -1.14633e-05 0.000527311 -0.011853 0.0719436 
0.0140785 -0.023437 -6.95805e-05 -9.27741e-05 -0.023437 0.103339 -9.27741e-05 0.000753789 -6.95805e-05 -9.27741e-05 0.00490543 -0.0116779 -9.27741e-05 0.000753789 -0.0116779 0.0715288 
0.0140791 -0.0234768 -3.49357e-05 -0.000139743 -0.0234768 0.103503 -0.000128098 0.000873393 -3.49357e-05 -0.000128098 0.00487936 -0.0115637 -0.000139743 0.000873393 -0.0115637 0.0711175 
0.0140495 -0.0234775 -4.62155e-05 -0.000127093 -0.0234775 0.103557 -0.000127093 0.000843433 -4.62155e-05 -0.000127093 0.00492195 -0.0115077 -0.000127093 0.000843433 -0.0115077 0.0708484 
0.0140296 -0.0234513 -9.14725e-05 -0.000102907 -0.0234513 0.103513 -9.14725e-05 0.000766082 -9.14725e-05 -9.14725e-05 0.00495095 -0.011537 -0.000102907 0.000766082 -0.011537 0.0707654 
0.0140241 -0.0234188 -9.0551e-05 -6.79133e-05 -0.0234188 0.103421 -6.79133e-05 0.00070177 -9.0551e-05 -6.79133e-05 0.00499162 -0.0116018 -6.79133e-05 0.00070177 -0.0116018 0.0708675 
0.0140191 -0.0234067 -6.7944e-05 -6.7944e-05 -0.0234067 0.103377 -6.7944e-05 0.000690764 -6.7944e-05 -6.7944e-05 0.00501653 -0.0116637 -6.7944e-05 0.000690764 -0.0116637 0.0710355 
0.014017 -0.0233994 -5.66572e-05 -9.06516e-05 -0.0233994 0.103354 -9.06516e-05 0.000725212 -5.66572e-05 -9.06516e-05 0.0050085 -0.0117054 -9.06516e-05 0.000725212 -0.0117054 0.0711841 
0.0141023 -0.0234091 0 -0.000102273 -0.0234091 0.103375 -9.09091e-05 0.000727273 0 -9.09091e-05 0.00493182 -0.0117045 -0.000102273 0.000727273 -0.0117045 0.0712841 
0.0141759 -0.0235091 1.1368e-05 -0.000159152 -0.0235091 0.10354 -0.000147784 0.00080713 1.1368e-05 -0.000147784 0.00484278 -0.0116068 -0.000159152 0.00080713 -0.0116068 0.0711639 
0.0141765 -0.02362 3.39693e-05 -0.000192493 -0.02362 0.103799 -0.000203816 0.000951141 3.39693e-05 -0.000203816 0.00486894 -0.011493 -0.000192493 0.000951141 -0.011493 0.070894 
0.0141896 -0.0236115 4.55161e-05 -0.000216201 -0.0236115 0.103925 -0.000216201 0.00102411 4.55161e-05 -0.000216201 0.00483609 -0.0115042 -0.000216201 0.00102411 -0.0115042 0.0707661 
0.0142129 -0.0236276 0 -0.000193296 -0.0236276 0.103982 -0.000193296 0.000977851 0 -0.000193296 0.00480966 -0.0114841 -0.000193296 0.000977851 -0.0114841 0.0707236 
0.0142175 -0.0236579 0 -0.000159236 -0.0236579 0.104038 -0.000159236 0.000932666 0 -0.000159236 0.00481119 -0.0114422 -0.000159236 0.000932666 -0.0114422 0.0706551 
0.0142144 -0.0236718 -2.25984e-05 -0.000124291 -0.0236718 0.104111 -0.00013559 0.00082484 -2.25984e-05 -0.00013559 0.00482475 -0.0114348 -0.000124291 0.00082484 -0.0114348 0.0705973 
0.0142586 -0.023674 0 -0.000124184 -0.023674 0.104112 -0.000135474 0.000801553 0 -0.000135474 0.00479803 -0.0114701 -0.000124184 0.000801553 -0.0114701 0.070627 
0.0142731 -0.0237246 1.1292e-05 -0.000158088 -0.0237246 0.10418 -0.000158088 0.000846903 1.1292e-05 -0.000158088 0.00478782 -0.0114388 -0.000158088 0.000846903 -0.0114388 0.0706204 
0.0142552 -0.0237245 6.82066e-05 -0.000250091 -0.0237245 0.10422 -0.000238723 0.00109131 6.82066e-05 -0.000238723 0.00478583 -0.011436 -0.000250091 0.00109131 -0.011436 0.0705711 
0.0142396 -0.0236945 0.000171699 -0.000331952 -0.0236945 0.104187 -0.000320505 0.0013507 0.000171699 -0.000320505 0.0047618 -0.0114123 -0.000331952 0.0013507 -0.0114123 0.0705227 
0.0142214 -0.0236909 0.000172172 -0.000401735 -0.0236909 0.104153 -0.000390257 0.0014692 0.000172172 -0.000390257 0.00475196 -0.0113749 -0.000401735 0.0014692 -0.0113749 0.0704414 
0.0141913 -0.0236788 0.000125587 -0.00037676 -0.0236788 0.104145 -0.000353926 0.00143854 0.000125587 -0.000353926 0.00480654 -0.0113485 -0.00037676 0.00143854 -0.0113485 0.0703513 
0.0142053 -0.023622 0.000137804 -0.000321543 -0.023622 0.104042 -0.00031006 0.00136656 0.000137804 -0.00031006 0.00477722 -0.0114033 -0.000321543 0.00136656 -0.0114033 0.070395 
0.0142072 -0.0236484 0.000113749 -0.000295747 -0.0236484 0.104035 -0.000284372 0.00121711 0.000113749 -0.000284372 0.00478883 -0.0113863 -0.000295747 0.00121711 -0.0113863 0.0704105 
0.0142176 -0.0236546 9.01988e-05 -0.000281871 -0.0236546 0.104056 -0.000270596 0.00116131 9.01988e-05 -0.000270596 0.00481436 -0.0113989 -0.000281871 0.00116131 -0.0113989 0.0704227 
0.0142162 -0.0236712 6.75356e-05 -0.000292654 -0.0236712 0.104072 -0.000292654 0.00120439 6.75356e-05 -0.000292654 0.00484005 -0.011436 -0.000292654 0.00120439 -0.011436 0.0705184 
0.0141723 -0.0236506 3.37705e-05 -0.000270164 -0.0236506 0.104069 -0.000270164 0.00121574 3.37705e-05 -0.000270164 0.00488546 -0.011482 -0.000270164 0.00121574 -0.011482 0.0706366 
0.0141794 -0.0235986 5.61337e-05 -0.000213308 -0.0235986 0.103982 -0.000224535 0.00112267 5.61337e-05 -0.000224535 0.00489486 -0.0115411 -0.000213308 0.00112267 -0.0115411 0.0707959 
0.0141947 -0.0235979 0.000123432 -0.000269306 -0.0235979 0.103918 -0.000269306 0.00118943 0.000123432 -0.000269306 0.00486995 -0.0115577 -0.000269306 0.00118943 -0.0115577 0.0708948 
0.0141963 -0.0236155 0.000202322 -0.000348444 -0.0236155 0.103937 -0.000348444 0.00134881 0.000202322 -0.000348444 0.00485573 -0.0115436 -0.000348444 0.00134881 -0.0115436 0.0709027 
0.0142094 -0.0236185 0.000326783 -0.000473271 -0.0236185 0.103951 -0.000462003 0.00162264 0.000326783 -0.000462003 0.00482286 -0.0115163 -0.000473271 0.00162264 -0.0115163 0.0708668 
0.0142352 -0.0236504 0.00033706 -0.000595472 -0.0236504 0.104017 -0.000561766 0.00184259 0.00033706 -0.000561766 0.00478625 -0.0114713 -0.000595472 0.00184259 -0.0114713 0.0707825 
0.0142432 -0.0236938 0.000324726 -0.00061586 -0.0236938 0.104103 -0.000582268 0.00199315 0.000324726 -0.000582268 0.00480371 -0.0114438 -0.00061586 0.00199315 -0.0114438 0.0706895 
0.0142521 -0.0237089 0.000256493 -0.000568746 -0.0237089 0.104181 -0.000546442 0.00196273 0.000256493 -0.000546442 0.00480646 -0.0114307 -0.000568746 0.00196273 -0.0114307 0.070636 
0.014297 -0.023713 0.000223391 -0.000480291 -0.023713 0.104212 -0.000491461 0.00182064 0.000223391 -0.000491461 0.00478057 -0.0114488 -0.000480291 0.00182064 -0.0114488 0.0706698 
0.0143329 -0.0237703 0.000232067 -0.000419931 -0.0237703 0.104309 -0.000430982 0.00162447 0.000232067 -0.000430982 0.0047629 -0.0114266 -0.000419931 0.00162447 -0.0114266 0.070659 
0.0143489 -0.0238268 0.000230901 -0.000428816 -0.0238268 0.104444 -0.000450807 0.00159432 0.000230901 -0.000450807 0.00476096 -0.0114131 -0.000428816 0.00159432 -0.0114131 0.0706228 
0.014371 -0.0238492 0.000208434 -0.000438808 -0.0238492 0.104579 -0.000449778 0.00161262 0.000208434 -0.000449778 0.00476107 -0.011431 -0.000438808 0.00161262 -0.011431 0.0706371 
0.0143892 -0.0238832 0.000208539 -0.000406103 -0.0238832 0.104654 -0.000417078 0.00156953 0.000208539 -0.000417078 0.00477445 -0.0114477 -0.000406103 0.00156953 -0.0114477 0.0706948 
0.0144129 -0.0238846 0.000222079 -0.00042195 -0.0238846 0.104699 -0.000433054 0.00159897 0.000222079 -0.000433054 0.00470808 -0.0114482 -0.00042195 0.00159897 -0.0114482 0.0707322 
0.0144718 -0.0239216 0.000269034 -0.00044839 -0.0239216 0.104766 -0.00044839 0.00162541 0.000269034 -0.00044839 0.00461842 -0.0113779 -0.00044839 0.00162541 -0.0113779 0.0706439 
0.0145182 -0.0240022 0.000325872 -0.0005169 -0.0240022 0.10492 -0.0005169 0.0017642 0.000325872 -0.0005169 0.00455097 -0.0112482 -0.0005169 0.0017642 -0.0112482 0.0703659 
0.0145356 -0.0240655 0.000414343 -0.000604717 -0.0240655 0.105086 -0.000593518 0.00195973 0.000414343 -0.000593518 0.00452418 -0.0111425 -0.000604717 0.00195973 -0.0111425 0.0700352 
0.0145787 -0.0240919 0.000482962 -0.000718827 -0.0240919 0.105207 -0.000707595 0.00222387 0.000482962 -0.000707595 0.0044702 -0.0110857 -0.000718827 0.00222387 -0.0110857 0.0697936 
0.0145801 -0.024129 0.000490836 -0.000803186 -0.024129 0.105318 -0.00076972 0.00245418 0.000490836 -0.00076972 0.0044733 -0.0110215 -0.000803186 0.00245418 -0.0110215 0.0695983 
0.0145595 -0.0241528 0.000492244 -0.000776652 -0.0241528 0.105406 -0.000754775 0.00247216 0.000492244 -0.000754775 0.00456146 -0.0110153 -0.000776652 0.00247216 -0.0110153 0.0695049 
0.0145629 -0.024113 0.000475347 -0.00074543 -0.024113 0.105387 -0.000734627 0.00239834 0.000475347 -0.000734627 0.00459142 -0.0111274 -0.00074543 0.00239834 -0.0111274 0.0696815 
0.0146016 -0.0241343 0.000475552 -0.00075656 -0.0241343 0.105389 -0.000734944 0.00238857 0.000475552 -0.000734944 0.00460421 -0.0112295 -0.00075656 0.00238857 -0.0112295 0.0699818 
0.0146025 -0.0241678 0.000454974 -0.00075829 -0.0241678 0.105446 -0.000747457 0.00241569 0.000454974 -0.000747457 0.0046039 -0.0112552 -0.00075829 0.00241569 -0.0112552 0.0701851 
0.014606 -0.0241735 0.000390071 -0.000747635 -0.0241735 0.105482 -0.000747635 0.00244878 0.000390071 -0.000747635 0.00459416 -0.0112687 -0.000747635 0.00244878 -0.0112687 0.0702885 
0.0146537 -0.0241906 0.000359266 -0.000674984 -0.0241906 0.105504 -0.000685871 0.00236244 0.000359266 -0.000685871 0.00453981 -0.011257 -0.000674984 0.00236244 -0.011257 0.0703181 
0.0147149 -0.0242414 0.000414196 -0.000610394 -0.0242414 0.10562 -0.000632194 0.00219088 0.000414196 -0.000632194 0.00446896 -0.0111833 -0.000610394 0.00219088 -0.0111833 0.0702171 
0.0147536 -0.0243181 0.000450743 -0.000659623 -0.0243181 0.105804 -0.000670617 0.00215477 0.000450743 -0.000670617 0.00440848 -0.0110927 -0.000659623 0.00215477 -0.0110927 0.069986 
0.0147305 -0.0243615 0.000513218 -0.000742528 -0.0243615 0.105952 -0.000742528 0.00233678 0.000513218 -0.000742528 0.00443333 -0.010996 -0.000742528 0.00233678 -0.010996 0.0697212 
0.0147239 -0.0243482 0.000499116 -0.000802925 -0.0243482 0.105986 -0.000802925 0.00250643 0.000499116 -0.000802925 0.00444864 -0.0110239 -0.000802925 0.00250643 -0.0110239 0.0696158 
0.0146676 -0.024328 0.00050393 -0.000814865 -0.024328 0.105932 -0.000804143 0.0025947 0.00050393 -0.000804143 0.00452464 -0.0110436 -0.000814865 0.0025947 -0.0110436 0.0696495 
0.0146723 -0.0242745 0.000527472 -0.000785825 -0.0242745 0.10585 -0.000785825 0.00255124 0.000527472 -0.000785825 0.00453195 -0.0111415 -0.000785825 0.00255124 -0.0111415 0.0698415 
0.0147065 -0.0242679 0.000511247 -0.00081582 -0.0242679 0.105785 -0.00081582 0.00257799 0.000511247 -0.00081582 0.0044707 -0.0111822 -0.00081582 0.00257799 -0.0111822 0.0700191 
0.0147714 -0.0243035 0.000583373 -0.000869556 -0.0243035 0.1058 -0.000858549 0.00274075 0.000583373 -0.000858549 0.00435879 -0.0111061 -0.000869556 0.00274075 -0.0111061 0.0699497 
0.0148296 -0.0243913 0.00063081 -0.000929615 -0.0243913 0.105976 -0.000929615 0.00285525 0.00063081 -0.000929615 0.0042718 -0.010934 -0.000929615 0.00285525 -0.010934 0.0696326 
0.0148581 -0.024467 0.000645039 -0.000956438 -0.024467 0.106209 -0.000967559 0.00296941 0.000645039 -0.000967559 0.004215 -0.0107988 -0.000956438 0.00296941 -0.0107988 0.0692305 
0.0148574 -0.024513 0.000714405 -0.00099347 -0.024513 0.106346 -0.00100463 0.00304739 0.000714405 -0.00100463 0.00418597 -0.0106938 -0.00099347 0.00304739 -0.0106938 0.068862 
0.0148536 -0.024499 0.000692946 -0.00102824 -0.024499 0.106412 -0.00101707 0.00308473 0.000692946 -0.00101707 0.00418003 -0.0106513 -0.00102824 0.00308473 -0.0106513 0.0686352 
0.0148333 -0.0244883 0.000712711 -0.00103566 -0.0244883 0.106394 -0.00102452 0.00312925 0.000712711 -0.00102452 0.00419831 -0.0106461 -0.00103566 0.00312925 -0.0106461 0.0685205 
0.0148297 -0.0244712 0.00072367 -0.00105767 -0.0244712 0.106357 -0.00105767 0.00318415 0.00072367 -0.00105767 0.00419728 -0.0106546 -0.00105767 0.00318415 -0.0106546 0.0684925 
0.0148462 -0.0244684 0.000759056 -0.00107161 -0.0244684 0.106324 -0.00106045 0.00322599 0.000759056 -0.00106045 0.00417481 -0.0106714 -0.00107161 0.00322599 -0.0106714 0.0685048 
0.0148711 -0.0244962 0.000778011 -0.00111144 -0.0244962 0.106354 -0.00110033 0.00328988 0.000778011 -0.00110033 0.00416792 -0.0106365 -0.00111144 0.00328988 -0.0106365 0.068465 
0.0148757 -0.0245084 0.000787018 -0.00114173 -0.0245084 0.106403 -0.00113064 0.00339193 0.000787018 -0.00113064 0.00416787 -0.0106192 -0.00114173 0.00339193 -0.0106192 0.0684151 
0.0148431 -0.0245292 0.000771358 -0.00111296 -0.0245292 0.106469 -0.00111296 0.0033499 0.000771358 -0.00111296 0.00420941 -0.0106227 -0.00111296 0.0033499 -0.0106227 0.0683974 
0.0147993 -0.0244893 0.000737764 -0.00111215 -0.0244893 0.106425 -0.00111215 0.00334746 0.000737764 -0.00111215 0.00427242 -0.0106921 -0.00111215 0.00334746 -0.0106921 0.0685129 
0.0148011 -0.024434 0.000747754 -0.00106665 -0.024434 0.106313 -0.00107765 0.00327692 0.000747754 -0.00107765 0.00427759 -0.0107875 -0.00106665 0.00327692 -0.0107875 0.0687274 
0.0148472 -0.0244257 0.000727481 -0.00110224 -0.0244257 0.106223 -0.00109122 0.00328469 0.000727481 -0.00109122 0.00424364 -0.010791 -0.00110224 0.00328469 -0.010791 0.0688792 
0.0148473 -0.0244642 0.000732926 -0.00109939 -0.0244642 0.106263 -0.00111049 0.0033759 0.000732926 -0.00111049 0.00418656 -0.0107385 -0.00109939 0.0033759 -0.0107385 0.0688395 
0.0148388 -0.024499 0.000730323 -0.00109548 -0.024499 0.106339 -0.00110655 0.00338604 0.000730323 -0.00110655 0.00419382 -0.0106782 -0.00109548 0.00338604 -0.0106782 0.0686946 
0.014801 -0.0244791 0.000746177 -0.00106915 -0.0244791 0.106358 -0.00108029 0.00332996 0.000746177 -0.00108029 0.00420978 -0.0106692 -0.00106915 0.00332996 -0.0106692 0.0685926 
0.0147453 -0.0244278 0.000764407 -0.00108568 -0.0244278 0.106275 -0.00108568 0.00330135 0.000764407 -0.00108568 0.00426517 -0.0106795 -0.00108568 0.00330135 -0.0106795 0.068564 
0.0146949 -0.024343 0.000813289 -0.00113638 -0.024343 0.106095 -0.00113638 0.00340913 0.000813289 -0.00113638 0.0043004 -0.010751 -0.00113638 0.00340913 -0.010751 0.0686728 
0.0146827 -0.0242851 0.000870915 -0.00117239 -0.0242851 0.105928 -0.00116122 0.00346133 0.000870915 -0.00116122 0.00430991 -0.0107971 -0.00117239 0.00346133 -0.0107971 0.0688023 
0.0146393 -0.0242616 0.000901051 -0.0012459 -0.0242616 0.105812 -0.00122365 0.00358196 0.000901051 -0.00122365 0.00434952 -0.0107904 -0.0012459 0.00358196 -0.0107904 0.068847 
0.0146145 -0.0242123 0.000893855 -0.00129609 -0.0242123 0.105698 -0.00127374 0.00372067 0.000893855 -0.00127374 0.00435754 -0.0108603 -0.00129609 0.00372067 -0.0108603 0.0689385 
0.0145898 -0.0241857 0.000884569 -0.00132126 -0.0241857 0.105566 -0.00129886 0.00387419 0.000884569 -0.00129886 0.00437806 -0.0108724 -0.00132126 0.00387419 -0.0108724 0.0690188 
0.0145586 -0.0241438 0.000859048 -0.00128857 -0.0241438 0.105448 -0.00127727 0.00385441 0.000859048 -0.00127727 0.00437436 -0.010885 -0.00128857 0.00385441 -0.010885 0.0690743 
0.0145558 -0.0241154 0.000853543 -0.00121772 -0.0241154 0.105373 -0.0012291 0.00372145 0.000853543 -0.0012291 0.00435876 -0.0108571 -0.00121772 0.00372145 -0.0108571 0.069046 
0.0145698 -0.0240997 0.000881976 -0.00120269 -0.0240997 0.105333 -0.00121415 0.00364244 0.000881976 -0.00121415 0.00430679 -0.0108357 -0.00120269 0.00364244 -0.0108357 0.0689659 
0.0145681 -0.0241195 0.00092988 -0.0012628 -0.0241195 0.105329 -0.00127428 0.003731 0.00092988 -0.00127428 0.00429352 -0.0107568 -0.0012628 0.003731 -0.0107568 0.0687882 
0.0145545 -0.0241439 0.000943032 -0.00129525 -0.0241439 0.105381 -0.00128389 0.0037494 0.000943032 -0.00128389 0.00431749 -0.0107028 -0.00129525 0.0037494 -0.0107028 0.0685914 
0.0145186 -0.0241031 0.000941438 -0.00131574 -0.0241031 0.105362 -0.00131574 0.00382247 0.000941438 -0.00131574 0.00436691 -0.0107415 -0.00131574 0.00382247 -0.0107415 0.0685548 
0.0144906 -0.024064 0.000931215 -0.00131733 -0.024064 0.105273 -0.00130597 0.00383842 0.000931215 -0.00130597 0.00439488 -0.0108112 -0.00131733 0.00383842 -0.0108112 0.0686714 
0.0144658 -0.0240234 0.000889339 -0.00129461 -0.0240234 0.105145 -0.00128335 0.00380502 0.000889339 -0.00128335 0.00445795 -0.0108634 -0.00129461 0.00380502 -0.0108634 0.0688394 
0.0144307 -0.0239837 0.000865392 -0.00124751 -0.0239837 0.10505 -0.00124751 0.00369758 0.000865392 -0.00124751 0.00449554 -0.0109466 -0.00124751 0.00369758 -0.0109466 0.0690291 
0.0144267 -0.0239357 0.000855249 -0.00121535 -0.0239357 0.104914 -0.00121535 0.00362356 0.000855249 -0.00121535 0.00451256 -0.011017 -0.00121535 0.00362356 -0.011017 0.0692414 
0.0144584 -0.0239393 0.000823937 -0.00117383 -0.0239393 0.104877 -0.00118511 0.0035102 0.000823937 -0.00118511 0.00448086 -0.0110159 -0.00117383 0.0035102 -0.0110159 0.0693687 
0.014481 -0.0239682 0.000853165 -0.0011603 -0.0239682 0.104905 -0.0011603 0.00348091 0.000853165 -0.0011603 0.00443646 -0.0109888 -0.0011603 0.00348091 -0.0109888 0.0693566 
0.014479 -0.0239984 0.00087994 -0.00124563 -0.0239984 0.104964 -0.00124563 0.00364546 0.00087994 -0.00124563 0.0043997 -0.0109364 -0.00124563 0.00364546 -0.0109364 0.069241 
0.0144413 -0.0239884 0.000919097 -0.00129822 -0.0239884 0.104972 -0.00130971 0.00383723 0.000919097 -0.00130971 0.00442315 -0.0108913 -0.00129822 0.00383723 -0.0108913 0.0690931 
0.0144125 -0.0239554 0.000900059 -0.00130393 -0.0239554 0.104949 -0.00129239 0.00380794 0.000900059 -0.00129239 0.00443106 -0.0108699 -0.00130393 0.00380794 -0.0108699 0.0690045 
0.0144107 -0.0239336 0.000828072 -0.00121911 -0.0239336 0.104889 -0.00121911 0.00363431 0.000828072 -0.00121911 0.00443938 -0.0108684 -0.00121911 0.00363431 -0.0108684 0.0689485 
0.0143849 -0.0239137 0.000790251 -0.00115674 -0.0239137 0.104817 -0.0011682 0.00351605 0.000790251 -0.0011682 0.00446664 -0.0108917 -0.00115674 0.00351605 -0.0108917 0.0689466 
0.0143229 -0.0238867 0.000747875 -0.00111048 -0.0238867 0.104748 -0.00112181 0.00335411 0.000747875 -0.00112181 0.00455524 -0.0109348 -0.00111048 0.00335411 -0.0109348 0.0690198 
0.0143079 -0.0238125 0.000738108 -0.00106742 -0.0238125 0.104607 -0.00107877 0.00325903 0.000738108 -0.00107877 0.00456491 -0.0110489 -0.00106742 0.00325903 -0.0110489 0.0692232 
0.0143096 -0.0237811 0.00080826 -0.00109286 -0.0237811 0.10447 -0.00109286 0.00327858 0.00080826 -0.00109286 0.00457635 -0.011088 -0.00109286 0.00327858 -0.011088 0.0694307 
0.0143184 -0.0237682 0.000838204 -0.00114822 -0.0237682 0.104408 -0.00115971 0.0033643 0.000838204 -0.00115971 0.00453549 -0.0111148 -0.00114822 0.0033643 -0.0111148 0.0695365 
0.0143005 -0.0237882 0.000872961 -0.00122904 -0.0237882 0.104411 -0.00122904 0.00358374 0.000872961 -0.00122904 0.00454859 -0.0110499 -0.00122904 0.00358374 -0.0110499 0.0694923 
0.0142783 -0.023747 0.000913348 -0.00128331 -0.023747 0.104364 -0.00127175 0.00375744 0.000913348 -0.00127175 0.00454362 -0.0110527 -0.00128331 0.00375744 -0.0110527 0.0694375 
