0.0107963 0 -0.00228336 0 0 0.0099897 0 0 -0.00228336 0 0.00423166 0 0 0 0 0.0099897 
0.0149729 -0.018523 -0.00341183 0.00420715 -0.018523 0.0446996 0.00420715 -0.00806851 -0.00341183 0.00420715 0.00624733 -0.00783798 0.00420715 -0.00806851 -0.00783798 0.0242286 
0.0145334 -0.0263546 -0.00315844 0.00526406 -0.0263546 0.0932197 0.00526406 -0.0168107 -0.00315844 0.00526406 0.00686617 -0.0137896 0.00526406 -0.0168107 -0.0137896 0.0536362 
0.0135606 -0.0241833 -0.0028064 0.0040342 -0.0241833 0.103365 0.00401228 -0.0145911 -0.0028064 0.00401228 0.00662135 -0.0152708 0.0040342 -0.0145911 -0.0152708 0.0727691 
0.0136569 -0.022907 -0.00279582 0.00357533 -0.022907 0.102198 0.00356493 -0.0117341 -0.00279582 0.00356493 0.00641272 -0.0148418 0.00357533 -0.0117341 -0.0148418 0.0790729 
0.013982 -0.0230215 -0.00285881 0.00367418 -0.0230215 0.101931 0.00365404 -0.0108011 -0.00285881 0.00365404 0.00633166 -0.0143545 0.00367418 -0.0108011 -0.0143545 0.0798655 
0.0141287 -0.0233757 -0.00293292 0.0037709 -0.0233757 0.10273 0.0037709 -0.0106501 -0.00293292 0.0037709 0.00639202 -0.0141092 0.0037709 -0.0106501 -0.0141092 0.0795007 
0.0141188 -0.0234864 -0.00301652 0.00389353 -0.0234864 0.103198 0.00389353 -0.0108325 -0.00301652 0.00389353 0.00645708 -0.0141285 0.00389353 -0.0108325 -0.0141285 0.0793258 
0.0141185 -0.0234287 -0.00303634 0.0039846 -0.0234287 0.103236 0.00397502 -0.0110343 -0.00303634 0.00397502 0.00645582 -0.0141951 0.0039846 -0.0110343 -0.0141951 0.079395 
0.0140887 -0.0234112 -0.00305032 0.00401308 -0.0234112 0.103139 0.00401308 -0.0111813 -0.00305032 0.00401308 0.00645333 -0.014184 0.00401308 -0.0111813 -0.014184 0.0794132 
0.0140658 -0.023389 -0.00308227 0.00403653 -0.023389 0.10307 0.00403653 -0.0112698 -0.00308227 0.00403653 0.00644127 -0.0141708 0.00403653 -0.0112698 -0.0141708 0.079366 
0.0140506 -0.0233924 -0.00311709 0.00404559 -0.0233924 0.103092 0.00405507 -0.0112841 -0.00311709 0.00405507 0.00647105 -0.0141454 0.00404559 -0.0112841 -0.0141454 0.0793012 
0.0140529 -0.023368 -0.0031586 0.00409483 -0.023368 0.10308 0.00408538 -0.0113483 -0.0031586 0.00408538 0.00648743 -0.0141853 0.00409483 -0.0113483 -0.0141853 0.0793244 
0.0140818 -0.0233691 -0.00318069 0.00414339 -0.0233691 0.103066 0.00413395 -0.0114675 -0.00318069 0.00413395 0.00645575 -0.0142045 0.00414339 -0.0114675 -0.0142045 0.079385 
0.0141157 -0.0234058 -0.00313471 0.00417011 -0.0234058 0.103113 0.00417961 -0.0115889 -0.00313471 0.00417961 0.0063929 -0.0141822 0.00417011 -0.0115889 -0.0141822 0.0793746 
0.0141033 -0.0234575 -0.00313086 0.00411704 -0.0234575 0.103232 0.00412661 -0.0115277 -0.00313086 0.00412661 0.00636705 -0.0140841 0.00411704 -0.0115277 -0.0140841 0.0792099 
0.0140449 -0.0234372 -0.00316615 0.00410247 -0.0234372 0.103247 0.00412178 -0.0114869 -0.00316615 0.00412178 0.0063516 -0.0140353 0.00410247 -0.0114869 -0.0140353 0.0790281 
0.0140113 -0.0233906 -0.00325777 0.00415149 -0.0233906 0.103172 0.00415149 -0.0115127 -0.00325777 0.00415149 0.006381 -0.0140017 0.00415149 -0.0115127 -0.0140017 0.0788879 
0.0140235 -0.0233214 -0.00326194 0.00427592 -0.0233214 0.103014 0.00425678 -0.0117181 -0.00326194 0.00425678 0.00637083 -0.014033 0.00427592 -0.0117181 -0.014033 0.0788797 
0.0140113 -0.0233136 -0.00331263 0.00430449 -0.0233136 0.102913 0.00428523 -0.0119024 -0.00331263 0.00428523 0.006346 -0.0140305 0.00430449 -0.0119024 -0.0140305 0.0788772 
0.0140003 -0.0233242 -0.00332652 0.00433894 -0.0233242 0.102929 0.0043293 -0.0120044 -0.00332652 0.0043293 0.00633485 -0.013981 0.00433894 -0.0120044 -0.013981 0.0787951 
0.0139915 -0.0233061 -0.00334197 0.00436503 -0.0233061 0.10289 0.00437477 -0.012111 -0.00334197 0.00437477 0.00627472 -0.0139525 0.00436503 -0.012111 -0.0139525 0.0786874 
0.0139764 -0.023307 -0.0033156 0.00437189 -0.023307 0.102901 0.00437189 -0.0121376 -0.0033156 0.00437189 0.00625954 -0.0138786 0.00437189 -0.0121376 -0.0138786 0.0785181 
0.0139398 -0.0232914 -0.00330229 0.00433487 -0.0232914 0.102917 0.00433487 -0.0120694 -0.00330229 0.00433487 0.00629286 -0.0138326 0.00433487 -0.0120694 -0.0138326 0.078349 
0.0139203 -0.0232653 -0.00328337 0.00432278 -0.0232653 0.102863 0.00431307 -0.0119969 -0.00328337 0.00431307 0.0063336 -0.0138718 0.00432278 -0.0119969 -0.0138718 0.0783443 
0.0139083 -0.0232128 -0.00327596 0.00430333 -0.0232128 0.102747 0.00428394 -0.0119408 -0.00327596 0.00428394 0.00636776 -0.0139373 0.00430333 -0.0119408 -0.0139373 0.0784872 
0.0139346 -0.0231986 -0.0032617 0.00429425 -0.0231986 0.102676 0.00427495 -0.0119081 -0.0032617 0.00427495 0.00637865 -0.0139925 0.00429425 -0.0119081 -0.0139925 0.0786571 
0.0139477 -0.0232269 -0.00323425 0.00427383 -0.0232269 0.102659 0.00426421 -0.0118878 -0.00323425 0.00426421 0.00638187 -0.0140247 0.00427383 -0.0118878 -0.0140247 0.0787771 
0.0138929 -0.023229 -0.00324104 0.00425688 -0.023229 0.102649 0.00425688 -0.0118806 -0.00324104 0.00425688 0.00640467 -0.014038 0.00425688 -0.0118806 -0.014038 0.0788491 
0.0138458 -0.0231576 -0.00319819 0.0042805 -0.0231576 0.102527 0.00427075 -0.0118957 -0.00319819 0.00427075 0.00641588 -0.0140701 0.0042805 -0.0118957 -0.0140701 0.0789212 
0.0138386 -0.0231067 -0.00314158 0.00419856 -0.0231067 0.10241 0.00419856 -0.0117736 -0.00314158 0.00419856 0.00639081 -0.0140539 0.00419856 -0.0117736 -0.0140539 0.0789407 
0.0138794 -0.0231094 -0.00309301 0.00413053 -0.0231094 0.102373 0.00412074 -0.0115792 -0.00309301 0.00412074 0.00634262 -0.0140164 0.00413053 -0.0115792 -0.0140164 0.0788814 
0.0139279 -0.0231444 -0.00312126 0.00407334 -0.0231444 0.102393 0.00407334 -0.011425 -0.00312126 0.00407334 0.00629159 -0.0139671 0.00407334 -0.011425 -0.0139671 0.0787774 
0.013999 -0.0232179 -0.00310223 0.00406801 -0.0232179 0.102569 0.00407777 -0.0113456 -0.00310223 0.00407777 0.00625323 -0.0138917 0.00406801 -0.0113456 -0.0138917 0.0785898 
0.0140708 -0.0233261 -0.00306264 0.00406426 -0.0233261 0.10282 0.00408352 -0.011326 -0.00306264 0.00408352 0.00626011 -0.01383 0.00406426 -0.011326 -0.01383 0.0784055 
0.0140611 -0.0233839 -0.00308517 0.00403668 -0.0233839 0.102993 0.00406551 -0.0113315 -0.00308517 0.00406551 0.00628568 -0.0138496 0.00403668 -0.0113315 -0.0138496 0.0783692 
0.0140188 -0.0233901 -0.00309828 0.00404498 -0.0233901 0.103104 0.00406411 -0.0113126 -0.00309828 0.00406411 0.00634957 -0.0138945 0.00404498 -0.0113126 -0.0138945 0.0784421 
0.0139904 -0.0233524 -0.00315882 0.00406543 -0.0233524 0.103058 0.00407497 -0.0113374 -0.00315882 0.00407497 0.00641307 -0.0139904 0.00406543 -0.0113374 -0.0139904 0.0786365 
0.0139759 -0.0232964 -0.003209 0.00414775 -0.0232964 0.102937 0.00413817 -0.011447 -0.003209 0.00413817 0.00640841 -0.0140717 0.00414775 -0.011447 -0.0140717 0.0788838 
0.0139872 -0.0233057 -0.00326813 0.00419235 -0.0233057 0.102913 0.00418282 -0.011548 -0.00326813 0.00418282 0.00643145 -0.014073 0.00419235 -0.011548 -0.014073 0.0790068 
0.0139845 -0.0233106 -0.0033328 0.00426068 -0.0233106 0.102938 0.00424174 -0.0116932 -0.0033328 0.00424174 0.0064857 -0.0140981 0.00426068 -0.0116932 -0.0140981 0.0790782 
0.0139612 -0.0232877 -0.00337847 0.00434919 -0.0232877 0.102877 0.00434919 -0.0119341 -0.00337847 0.00434919 0.00648096 -0.0141801 0.00434919 -0.0119341 -0.0141801 0.0792276 
0.013976 -0.0232838 -0.00336828 0.00440249 -0.0232838 0.102851 0.004393 -0.0120973 -0.00336828 0.004393 0.00648038 -0.0141847 0.00440249 -0.0120973 -0.0141847 0.0793207 
0.0139682 -0.0232772 -0.00334586 0.00441002 -0.0232772 0.10282 0.00440043 -0.0121851 -0.00334586 0.00440043 0.00644246 -0.0141887 0.00441002 -0.0121851 -0.0141887 0.0793324 
0.0139795 -0.0232768 -0.00329099 0.004356 -0.0232768 0.102846 0.004356 -0.0121085 -0.00329099 0.004356 0.00641887 -0.0141234 0.004356 -0.0121085 -0.0141234 0.0792332 
0.0139383 -0.0232628 -0.0033413 0.00434174 -0.0232628 0.102774 0.00434174 -0.0120831 -0.0033413 0.00434174 0.00638149 -0.014084 0.00434174 -0.0120831 -0.014084 0.0791033 
0.0138994 -0.0232017 -0.00334961 0.00439083 -0.0232017 0.102649 0.00439083 -0.0121706 -0.00334961 0.00439083 0.00631612 -0.0140271 0.00439083 -0.0121706 -0.0140271 0.0789368 
0.0139271 -0.0231824 -0.00330474 0.00437682 -0.0231824 0.102604 0.00438666 -0.0121666 -0.00330474 0.00438666 0.00626525 -0.0139271 0.00437682 -0.0121666 -0.0139271 0.0787041 
0.0139106 -0.0232102 -0.00333385 0.00433791 -0.0232102 0.102638 0.00432816 -0.0120877 -0.00333385 0.00432816 0.00629728 -0.0138423 0.00433791 -0.0120877 -0.0138423 0.0784333 
0.0138826 -0.0232086 -0.0033086 0.00436309 -0.0232086 0.102634 0.00436309 -0.0120928 -0.0033086 0.00436309 0.00635599 -0.0138729 0.00436309 -0.0120928 -0.0138729 0.0783616 
0.0138739 -0.0231778 -0.00330422 0.004338 -0.0231778 0.102585 0.00432834 -0.0120768 -0.00330422 0.00432834 0.00639589 -0.0139608 0.004338 -0.0120768 -0.0139608 0.078509 
0.0138468 -0.0231425 -0.00331161 0.00432833 -0.0231425 0.102486 0.00431865 -0.0120457 -0.00331161 0.00431865 0.00641988 -0.0140211 0.00432833 -0.0120457 -0.0140211 0.0787137 
0.0138481 -0.023103 -0.0033396 0.00435813 -0.023103 0.102362 0.00433854 -0.0120852 -0.0033396 0.00433854 0.0063756 -0.0140635 0.00435813 -0.0120852 -0.0140635 0.0788773 
0.0138518 -0.0230897 -0.00329006 0.00438674 -0.0230897 0.102298 0.00437686 -0.0121623 -0.00329006 0.00437686 0.00631336 -0.0140198 0.00438674 -0.0121623 -0.0140198 0.0788527 
0.0138444 -0.0230839 -0.0032763 0.00434509 -0.0230839 0.102244 0.00435508 -0.0121563 -0.0032763 0.00435508 0.00625293 -0.0139143 0.00434509 -0.0121563 -0.0139143 0.0786311 
0.0138708 -0.0230914 -0.0032602 0.00430026 -0.0230914 0.102266 0.00431026 -0.0120607 -0.0032602 0.00431026 0.00618037 -0.0138008 0.00430026 -0.0120607 -0.0138008 0.0783347 
0.0138783 -0.0231238 -0.00328908 0.00429185 -0.0231238 0.102312 0.00430187 -0.0120232 -0.00328908 0.00430187 0.00614697 -0.0136978 0.00429185 -0.0120232 -0.0136978 0.0780153 
0.0138846 -0.0231543 -0.00330918 0.00430592 -0.0231543 0.102415 0.00431589 -0.0120008 -0.00330918 0.00431589 0.00614989 -0.0136354 0.00430592 -0.0120008 -0.0136354 0.0777757 
0.0138573 -0.0231779 -0.00331113 0.00432918 -0.0231779 0.102516 0.00433906 -0.0120288 -0.00331113 0.00433906 0.0062269 -0.01363 0.00432918 -0.0120288 -0.01363 0.0776583 
0.0138521 -0.023123 -0.00328492 0.0043634 -0.023123 0.102446 0.0043634 -0.0121107 -0.00328492 0.0043634 0.00625322 -0.0137333 0.0043634 -0.0121107 -0.0137333 0.0777991 
0.0138324 -0.0231002 -0.00329719 0.00433685 -0.0231002 0.102362 0.00433685 -0.0120996 -0.00329719 0.00433685 0.00627754 -0.0137829 0.00433685 -0.0120996 -0.0137829 0.0780039 
0.013866 -0.0231197 -0.00326373 0.00427998 -0.0231197 0.102417 0.00427998 -0.0119507 -0.00326373 0.00427998 0.00631248 -0.0138073 0.00427998 -0.0119507 -0.0138073 0.0781242 
0.0139092 -0.0231659 -0.00320833 0.00425515 -0.0231659 0.102492 0.00424546 -0.011835 -0.00320833 0.00424546 0.00633911 -0.0138801 0.00425515 -0.011835 -0.0138801 0.0782793 
0.0139621 -0.0232058 -0.00310697 0.0041973 -0.0232058 0.102598 0.0041973 -0.0117331 -0.00310697 0.0041973 0.00634902 -0.0139428 0.0041973 -0.0117331 -0.0139428 0.0784751 
0.0140051 -0.0232776 -0.00309404 0.00406755 -0.0232776 0.102749 0.00407719 -0.0114894 -0.00309404 0.00407719 0.00633265 -0.0139665 0.00406755 -0.0114894 -0.0139665 0.0786136 
0.0140333 -0.0233179 -0.00303684 0.00406201 -0.0233179 0.102856 0.00407168 -0.0113736 -0.00303684 0.00407168 0.00631546 -0.0139753 0.00406201 -0.0113736 -0.0139753 0.0786967 
0.0140387 -0.0233526 -0.00304978 0.00397924 -0.0233526 0.102986 0.00399861 -0.0112116 -0.00304978 0.00399861 0.00629321 -0.0139322 0.00397924 -0.0112116 -0.0139322 0.0786651 
0.0139912 -0.0233639 -0.00314365 0.00400718 -0.0233639 0.103022 0.00402659 -0.0112065 -0.00314365 0.00402659 0.0063261 -0.0139233 0.00400718 -0.0112065 -0.0139233 0.0786203 
0.0139629 -0.0233229 -0.00324224 0.0041107 -0.0233229 0.102989 0.0041107 -0.0113285 -0.00324224 0.0041107 0.00638799 -0.0139436 0.0041107 -0.0113285 -0.0139436 0.0786437 
0.0139796 -0.0232929 -0.00327019 0.00422639 -0.0232929 0.102935 0.00421683 -0.0115604 -0.00327019 0.00421683 0.00642564 -0.0140178 0.00422639 -0.0115604 -0.0140178 0.0787715 
0.0139726 -0.0233067 -0.0033417 0.00427888 -0.0233067 0.10293 0.00425995 -0.011748 -0.0033417 0.00425995 0.00650353 -0.0140862 0.00427888 -0.011748 -0.0140862 0.0789511 
0.0139395 -0.0232703 -0.0034068 0.00437206 -0.0232703 0.102857 0.00435313 -0.0119806 -0.0034068 0.00435313 0.00655809 -0.0142139 0.00437206 -0.0119806 -0.0142139 0.079227 
0.0139684 -0.0232428 -0.00337594 0.00444752 -0.0232428 0.102786 0.00442856 -0.0121762 -0.00337594 0.00442856 0.00653378 -0.0142909 0.00444752 -0.0121762 -0.0142909 0.0794959 
0.0140255 -0.0233103 -0.00328855 0.00436599 -0.0233103 0.10291 0.00436599 -0.0121049 -0.00328855 0.00436599 0.00655836 -0.0142597 0.00436599 -0.0121049 -0.0142597 0.0795716 
0.0140683 -0.0233436 -0.00325813 0.00429395 -0.0233436 0.10297 0.00430336 -0.0119873 -0.00325813 0.00430336 0.00650684 -0.0142849 0.00429395 -0.0119873 -0.0142849 0.0796075 
0.0140804 -0.0234009 -0.00329016 0.00424781 -0.0234009 0.103085 0.00426678 -0.0118616 -0.00329016 0.00426678 0.00645706 -0.0142321 0.00424781 -0.0118616 -0.0142321 0.0795612 
0.0140648 -0.0234287 -0.00334967 0.00427273 -0.0234287 0.103212 0.00429176 -0.011838 -0.00334967 0.00429176 0.0064424 -0.01416 0.00427273 -0.011838 -0.01416 0.0794024 
0.0140556 -0.0234068 -0.00339437 0.00436965 -0.0234068 0.103208 0.00437921 -0.0120094 -0.00339437 0.00437921 0.00640627 -0.0141225 0.00436965 -0.0120094 -0.0141225 0.0792465 
0.0140241 -0.0234052 -0.00347272 0.00442415 -0.0234052 0.103221 0.00442415 -0.0121498 -0.00347272 0.00442415 0.00644118 -0.0140716 0.00442415 -0.0121498 -0.0140716 0.0790923 
0.0140007 -0.0233567 -0.00349063 0.00452066 -0.0233567 0.103145 0.00452066 -0.0123698 -0.00349063 0.00452066 0.00644718 -0.0141056 0.00452066 -0.0123698 -0.0141056 0.0790638 
0.013953 -0.0233249 -0.00351445 0.0045526 -0.0233249 0.103053 0.0045526 -0.0125244 -0.00351445 0.0045526 0.00649555 -0.014115 0.0045526 -0.0125244 -0.014115 0.0790895 
0.0138597 -0.0232337 -0.00357516 0.00461033 -0.0232337 0.102827 0.00459116 -0.0126712 -0.00357516 0.00459116 0.00653689 -0.014176 0.00461033 -0.0126712 -0.014176 0.0791807 
0.0138288 -0.0231092 -0.00358274 0.00467398 -0.0231092 0.102538 0.00465467 -0.0128341 -0.00358274 0.00465467 0.00648949 -0.0142247 0.00467398 -0.0128341 -0.0142247 0.0793032 
0.0138313 -0.0230779 -0.00361741 0.00469102 -0.0230779 0.102361 0.00467168 -0.0129124 -0.00361741 0.00467168 0.00645136 -0.0141795 0.00469102 -0.0129124 -0.0141795 0.0792831 
0.0138784 -0.0231049 -0.00358808 0.00470996 -0.0231049 0.102362 0.00470028 -0.01295 -0.00358808 0.00470028 0.00639277 -0.0141009 0.00470996 -0.01295 -0.0141009 0.0791215 
0.0139206 -0.0231882 -0.00352591 0.00464341 -0.0231882 0.102521 0.00466268 -0.0128802 -0.00352591 0.00466268 0.00636783 -0.0140073 0.00464341 -0.0128802 -0.0140073 0.0788898 
0.0139354 -0.0232321 -0.00349355 0.00459014 -0.0232321 0.102652 0.00460955 -0.0127806 -0.00349355 0.00460955 0.00633691 -0.0139742 0.00459014 -0.0127806 -0.0139742 0.0787505 
0.0139289 -0.0232343 -0.00348221 0.00455516 -0.0232343 0.102691 0.00457467 -0.0126998 -0.00348221 0.00457467 0.00630115 -0.0139386 0.00455516 -0.0126998 -0.0139386 0.0786278 
0.0139094 -0.0232563 -0.00350146 0.00452393 -0.0232563 0.102787 0.00454322 -0.012559 -0.00350146 0.00454322 0.00636629 -0.0138708 0.00452393 -0.012559 -0.0138708 0.078479 
0.0138722 -0.0232254 -0.00356358 0.00455718 -0.0232254 0.102771 0.00455718 -0.0125537 -0.00356358 0.00455718 0.00644884 -0.0139582 0.00455718 -0.0125537 -0.0139582 0.078523 
0.0138905 -0.0231826 -0.00359664 0.00463652 -0.0231826 0.102671 0.00462698 -0.0126884 -0.00359664 0.00462698 0.00646823 -0.0140717 0.00463652 -0.0126884 -0.0140717 0.0787827 
0.0139167 -0.0231752 -0.00358985 0.00468702 -0.0231752 0.102614 0.00467739 -0.012858 -0.00358985 0.00467739 0.00641939 -0.0141284 0.00468702 -0.012858 -0.0141284 0.0790056 
0.0139243 -0.0232137 -0.00358332 0.00468364 -0.0232137 0.102621 0.00468364 -0.0129311 -0.00358332 0.00468364 0.00634871 -0.0140606 0.00468364 -0.0129311 -0.0140606 0.0789791 
0.0139379 -0.0232524 -0.00357655 0.00463304 -0.0232524 0.10276 0.00464273 -0.0128329 -0.00357655 0.00464273 0.00633893 -0.0139476 0.00463304 -0.0128329 -0.0139476 0.0787714 
0.0139362 -0.0232654 -0.00354164 0.00463581 -0.0232654 0.102832 0.0046454 -0.0128037 -0.00354164 0.0046454 0.00638263 -0.0139266 0.00463581 -0.0128037 -0.0139266 0.0785975 
0.0139408 -0.0232726 -0.00353736 0.00459003 -0.0232726 0.102896 0.00459003 -0.0126984 -0.00353736 0.00459003 0.00645828 -0.0139882 0.00459003 -0.0126984 -0.0139882 0.0786374 
0.0139284 -0.0232799 -0.0035714 0.00456763 -0.0232799 0.102922 0.00456763 -0.0126033 -0.0035714 0.00456763 0.00655069 -0.0140976 0.00456763 -0.0126033 -0.0140976 0.0788714 
0.013945 -0.0232195 -0.00358614 0.00465152 -0.0232195 0.10278 0.00463249 -0.0127275 -0.00358614 0.00463249 0.00650642 -0.0142589 0.00465152 -0.0127275 -0.0142589 0.0792565 
0.0139807 -0.0232823 -0.00360579 0.00463198 -0.0232823 0.102855 0.00463198 -0.0127285 -0.00360579 0.00463198 0.0065149 -0.014216 0.00463198 -0.0127285 -0.014216 0.0793933 
0.0139283 -0.0233053 -0.00369971 0.00467431 -0.0233053 0.102901 0.00468377 -0.0128496 -0.00369971 0.00468377 0.00653836 -0.0142122 0.00467431 -0.0128496 -0.0142122 0.0793781 
0.0138671 -0.02326 -0.00379311 0.00479578 -0.02326 0.102877 0.00479578 -0.0130631 -0.00379311 0.00479578 0.00659301 -0.0142265 0.00479578 -0.0130631 -0.0142265 0.0793999 
0.0138324 -0.0231683 -0.00383916 0.00492517 -0.0231683 0.102695 0.00490612 -0.0133561 -0.00383916 0.00490612 0.00658277 -0.0142897 0.00492517 -0.0133561 -0.0142897 0.0794791 
0.0138166 -0.0231327 -0.00383156 0.00496861 -0.0231327 0.102573 0.0049495 -0.0135299 -0.00383156 0.0049495 0.00655475 -0.0142752 0.00496861 -0.0135299 -0.0142752 0.0795073 
0.0138073 -0.0231111 -0.00381519 0.00496261 -0.0231111 0.102484 0.00496261 -0.0136065 -0.00381519 0.00496261 0.00654032 -0.0142376 0.00496261 -0.0136065 -0.0142376 0.0794305 
0.0137634 -0.0230926 -0.00383918 0.00494294 -0.0230926 0.102429 0.00493334 -0.0135907 -0.00383918 0.00493334 0.00656499 -0.0142146 0.00494294 -0.0135907 -0.0142146 0.0793558 
0.0137488 -0.0230242 -0.00383575 0.00496618 -0.0230242 0.1023 0.00496618 -0.0136232 -0.00383575 0.00496618 0.00654106 -0.0142415 0.00496618 -0.0136232 -0.0142415 0.079372 
0.0137711 -0.0230005 -0.00380261 0.00498911 -0.0230005 0.102175 0.00497938 -0.0136836 -0.00380261 0.00497938 0.00646736 -0.014199 0.00498911 -0.0136836 -0.014199 0.07932 
0.0138183 -0.0230338 -0.00375625 0.00493373 -0.0230338 0.102188 0.004924 -0.0136043 -0.00375625 0.004924 0.00640315 -0.0141005 0.00493373 -0.0136043 -0.0141005 0.0791343 
0.0138457 -0.0231274 -0.00377785 0.00484217 -0.0231274 0.102395 0.00485176 -0.0134047 -0.00377785 0.00485176 0.00644345 -0.0139992 0.00484217 -0.0134047 -0.0139992 0.0788747 
0.013856 -0.0231254 -0.00381569 0.00490451 -0.0231254 0.102446 0.00491415 -0.0134513 -0.00381569 0.00491415 0.00642693 -0.0140583 0.00490451 -0.0134513 -0.0140583 0.0788191 
0.013876 -0.0231557 -0.00380283 0.00493497 -0.0231557 0.102522 0.00494465 -0.0135567 -0.00380283 0.00494465 0.00637676 -0.0140405 0.00493497 -0.0135567 -0.0140405 0.0788241 
0.0138808 -0.023196 -0.00383053 0.00493326 -0.023196 0.102612 0.00494293 -0.0135906 -0.00383053 0.00494293 0.00638421 -0.0139872 0.00493326 -0.0135906 -0.0139872 0.0787193 
0.0138569 -0.0231972 -0.00385501 0.00493863 -0.0231972 0.102685 0.00495781 -0.0135884 -0.00385501 0.00495781 0.0064346 -0.0139624 0.00493863 -0.0135884 -0.0139624 0.0786249 
0.013807 -0.0231993 -0.00391899 0.00496787 -0.0231993 0.102733 0.00496787 -0.0136068 -0.00391899 0.00496787 0.00653165 -0.0140264 0.00496787 -0.0136068 -0.0140264 0.0786849 
0.0138518 -0.0231305 -0.00387245 0.00504649 -0.0231305 0.102634 0.00503702 -0.0137193 -0.00387245 0.00503702 0.00655191 -0.0141643 0.00504649 -0.0137193 -0.0141643 0.0789638 
0.013891 -0.0231674 -0.00382026 0.00500227 -0.0231674 0.102617 0.00499281 -0.0137208 -0.00382026 0.00499281 0.00654361 -0.0142125 0.00500227 -0.0137208 -0.0142125 0.0792042 
0.0138339 -0.0231869 -0.0038613 0.00493865 -0.0231869 0.102634 0.00493865 -0.0136337 -0.0038613 0.00493865 0.00655944 -0.0142248 0.00493865 -0.0136337 -0.0142248 0.0793139 
0.0137847 -0.0231461 -0.00392759 0.00498575 -0.0231461 0.102603 0.00497622 -0.0136226 -0.00392759 0.00497622 0.00658729 -0.0142327 0.00498575 -0.0136226 -0.0142327 0.0793621 
0.0137644 -0.0230774 -0.00397491 0.00507111 -0.0230774 0.102461 0.00506158 -0.013774 -0.00397491 0.00506158 0.00660579 -0.0142696 0.00507111 -0.013774 -0.0142696 0.079441 
0.0137748 -0.0230536 -0.00398894 0.00513684 -0.0230536 0.102364 0.00512727 -0.0139469 -0.00398894 0.00512727 0.00658128 -0.0142818 0.00513684 -0.0139469 -0.0142818 0.0794823 
0.0137806 -0.0230788 -0.00398763 0.00512967 -0.0230788 0.102413 0.00512967 -0.0139995 -0.00398763 0.00512967 0.00660481 -0.014247 0.00512967 -0.0139995 -0.014247 0.079448 
0.0137759 -0.023083 -0.00398603 0.00515059 -0.023083 0.102396 0.00515059 -0.0140694 -0.00398603 0.00515059 0.0066276 -0.0142777 0.00515059 -0.0140694 -0.0142777 0.0794459 
0.0137896 -0.0230526 -0.00400252 0.00514609 -0.0230526 0.10235 0.00514609 -0.0141041 -0.00400252 0.00514609 0.00659462 -0.0143138 0.00514609 -0.0141041 -0.0143138 0.0795071 
0.0137874 -0.0230589 -0.00402692 0.00516788 -0.0230589 0.102341 0.00516788 -0.0141422 -0.00402692 0.00516788 0.00653896 -0.0142668 0.00516788 -0.0141422 -0.0142668 0.0794838 
0.0138225 -0.0230953 -0.00401951 0.00518584 -0.0230953 0.102396 0.00519548 -0.0141888 -0.00401951 0.00519548 0.00647748 -0.0141888 0.00518584 -0.0141888 -0.0141888 0.0793202 
0.0138136 -0.023156 -0.00403253 0.00515744 -0.023156 0.102558 0.00516697 -0.0141472 -0.00403253 0.00516697 0.00652068 -0.0140805 0.00515744 -0.0141472 -0.0140805 0.079068 
0.0137296 -0.0231121 -0.00411794 0.00520714 -0.0231121 0.102547 0.00521669 -0.0142169 -0.00411794 0.00521669 0.00658297 -0.0141405 0.00520714 -0.0142169 -0.0141405 0.0790052 
0.0136693 -0.0230234 -0.00418175 0.00529625 -0.0230234 0.102391 0.00529625 -0.0143837 -0.00418175 0.00529625 0.00665841 -0.0142313 0.00529625 -0.0143837 -0.0142313 0.0791675 
0.0136279 -0.0229617 -0.00419974 0.00537944 -0.0229617 0.102228 0.00535113 -0.0145339 -0.00419974 0.00535113 0.00674789 -0.0143263 0.00537944 -0.0145339 -0.0143263 0.0794269 
0.0136023 -0.0229046 -0.00422494 0.00539594 -0.0229046 0.102064 0.0053772 -0.0146327 -0.00422494 0.0053772 0.0068386 -0.0144547 0.00539594 -0.0146327 -0.0144547 0.0797493 
0.0136742 -0.0228438 -0.00414656 0.00543765 -0.0228438 0.101883 0.00540938 -0.0147486 -0.00414656 0.00540938 0.00675701 -0.0145789 0.00543765 -0.0147486 -0.0145789 0.0800946 
0.0137465 -0.0229267 -0.00408426 0.00534168 -0.0229267 0.101946 0.00532277 -0.0146447 -0.00408426 0.00532277 0.00665583 -0.0144934 0.00534168 -0.0146447 -0.0144934 0.0801157 
0.0137901 -0.0230281 -0.0040739 0.00525974 -0.0230281 0.102134 0.00527886 -0.0144977 -0.0040739 0.00527886 0.0065412 -0.0143447 0.00525974 -0.0144977 -0.0143447 0.0798428 
0.0138072 -0.0230797 -0.00407062 0.00524056 -0.0230797 0.102317 0.00526957 -0.0144067 -0.00407062 0.00526957 0.00644918 -0.014194 0.00524056 -0.0144067 -0.014194 0.07944 
0.0137794 -0.0231301 -0.00414833 0.00523135 -0.0231301 0.1025 0.00525069 -0.0143403 -0.00414833 0.00525069 0.00644974 -0.0140405 0.00523135 -0.0143403 -0.0140405 0.0790214 
0.013705 -0.0231175 -0.00425393 0.0053126 -0.0231175 0.102566 0.00532222 -0.0144172 -0.00425393 0.00532222 0.0065445 -0.0140226 0.0053126 -0.0144172 -0.0140226 0.0787843 
0.0136377 -0.0230243 -0.00432715 0.00543985 -0.0230243 0.102454 0.00543985 -0.0146648 -0.00432715 0.00543985 0.00668569 -0.0141417 0.00543985 -0.0146648 -0.0141417 0.0788968 
0.0136692 -0.0229271 -0.00428819 0.00555666 -0.0229271 0.102207 0.00552826 -0.0149471 -0.00428819 0.00552826 0.00670207 -0.0143318 0.00555666 -0.0149471 -0.0143318 0.0792794 
0.0137102 -0.0229487 -0.00422439 0.00550883 -0.0229487 0.102127 0.0054898 -0.0149947 -0.00422439 0.0054898 0.00666007 -0.0143858 0.00550883 -0.0149947 -0.0143858 0.0795783 
0.0137192 -0.0230199 -0.00421985 0.00542146 -0.0230199 0.102251 0.005412 -0.0148357 -0.00421985 0.005412 0.00668931 -0.0143342 0.00542146 -0.0148357 -0.0143342 0.0796094 
0.0137151 -0.0230194 -0.00421202 0.0054141 -0.0230194 0.102291 0.00542357 -0.0147752 -0.00421202 0.00542357 0.00669191 -0.0143682 0.0054141 -0.0147752 -0.0143682 0.0796309 
0.0136855 -0.0229992 -0.0042482 0.00542667 -0.0229992 0.102242 0.00542667 -0.0148069 -0.0042482 0.00542667 0.00668118 -0.0143698 0.00542667 -0.0148069 -0.0143698 0.0796419 
0.013717 -0.0229575 -0.00421767 0.0054638 -0.0229575 0.102173 0.0054638 -0.0148577 -0.00421767 0.0054638 0.0065949 -0.0143592 0.0054638 -0.0148577 -0.0143592 0.0796373 
0.0136943 -0.0229913 -0.00422328 0.00543132 -0.0229913 0.102171 0.00543132 -0.0148636 -0.00422328 0.00543132 0.00654271 -0.0142451 0.00543132 -0.0148636 -0.0142451 0.0794402 
0.0136897 -0.0229684 -0.0042167 0.00544091 -0.0229684 0.102153 0.00544091 -0.0148751 -0.0042167 0.00544091 0.00649023 -0.0141561 0.00544091 -0.0148751 -0.0141561 0.0791846 
0.0136439 -0.0229546 -0.00424543 0.00544587 -0.0229546 0.102105 0.00544587 -0.0148932 -0.00424543 0.00544587 0.00649015 -0.0140734 0.00544587 -0.0148932 -0.0140734 0.0789261 
0.0135922 -0.0229143 -0.00430925 0.00548183 -0.0229143 0.102034 0.00548183 -0.0149505 -0.00430925 0.00548183 0.00652739 -0.0140515 0.00548183 -0.0149505 -0.0140515 0.0787879 
0.0135033 -0.0228322 -0.00436065 0.00555615 -0.0228322 0.101853 0.00554636 -0.0150908 -0.00436065 0.00554636 0.00657527 -0.0141011 0.00555615 -0.0150908 -0.0141011 0.0787955 
0.0134915 -0.0227308 -0.00435021 0.00563372 -0.0227308 0.101603 0.00561412 -0.0152845 -0.00435021 0.00561412 0.0065841 -0.0141774 0.00563372 -0.0152845 -0.0141774 0.0789309 
0.0135229 -0.0227044 -0.00431207 0.0056321 -0.0227044 0.101446 0.00560276 -0.0153611 -0.00431207 0.00560276 0.006561 -0.014178 0.0056321 -0.0153611 -0.014178 0.0790058 
