0.00663276 0 0.00349254 0 0 0.00998744 0 0 0.00349254 0 0.00707699 0 0 0 0 0.00998744 
0.00971019 -0.0120696 0.00482782 -0.00594613 -0.0120696 0.0323219 -0.00594613 0.0114149 0.00482782 -0.00594613 0.00969656 -0.0120286 -0.00594613 0.0114149 -0.0120286 0.03224 
0.00980504 -0.0184238 0.00447373 -0.00756103 -0.0184238 0.0681065 -0.00756103 0.0240981 0.00447373 -0.00756103 0.00951918 -0.0176233 -0.00756103 0.0240981 -0.0176233 0.0653622 
0.00916421 -0.0181731 0.00406671 -0.00588825 -0.0181731 0.0820966 -0.00588825 0.0213361 0.00406671 -0.00588825 0.00910773 -0.0172694 -0.00588825 0.0213361 -0.0172694 0.0776204 
0.00905996 -0.0174766 0.00414131 -0.0052001 -0.0174766 0.0858686 -0.00518669 0.0168333 0.00414131 -0.00518669 0.009261 -0.0171013 -0.0052001 0.0168333 -0.0171013 0.0821562 
0.00922279 -0.0173132 0.00434088 -0.00534746 -0.0173132 0.0869308 -0.00533488 0.0152497 0.00434088 -0.00533488 0.00944927 -0.0173132 -0.00534746 0.0152497 -0.0173132 0.0847038 
0.00938501 -0.0173832 0.00447133 -0.00564296 -0.0173832 0.0872986 -0.00563101 0.0153388 0.00447133 -0.00563101 0.00954043 -0.0174908 -0.00564296 0.0153388 -0.0174908 0.0862106 
0.00953614 -0.0175696 0.00451955 -0.0058026 -0.0175696 0.0877209 -0.00581416 0.0157317 0.00451955 -0.00581416 0.00952458 -0.0174656 -0.0058026 0.0157317 -0.0174656 0.0865766 
0.00958546 -0.017774 0.00452016 -0.00586031 -0.017774 0.0881999 -0.00589438 0.0159909 0.00452016 -0.00589438 0.00952868 -0.0173765 -0.00586031 0.0159909 -0.0173765 0.0864168 
0.00958165 -0.0178925 0.00447593 -0.00584795 -0.0178925 0.0886302 -0.00587045 0.0160369 0.00447593 -0.00587045 0.00954791 -0.0173077 -0.00584795 0.0160369 -0.0173077 0.0861561 
0.00956117 -0.0178782 0.00443872 -0.00578378 -0.0178782 0.0887743 -0.00579499 0.0159166 0.00443872 -0.00579499 0.00957238 -0.0173626 -0.00578378 0.0159166 -0.0173626 0.0861738 
0.00957303 -0.0178569 0.00445022 -0.00573933 -0.0178569 0.0887579 -0.00572812 0.0157607 0.00445022 -0.00572812 0.00957303 -0.0174422 -0.00573933 0.0157607 -0.0174422 0.0863814 
0.00960204 -0.0178499 0.00446528 -0.00575227 -0.0178499 0.0887238 -0.00574108 0.0157236 0.00446528 -0.00574108 0.00954609 -0.0174583 -0.00575227 0.0157236 -0.0174583 0.0865303 
0.00957693 -0.0179032 0.00445045 -0.00576869 -0.0179032 0.0888513 -0.00576869 0.01574 0.00445045 -0.00576869 0.00956566 -0.0174075 -0.00576869 0.01574 -0.0174075 0.086474 
0.00958398 -0.0178682 0.00444163 -0.00575265 -0.0178682 0.0888439 -0.00574135 0.0157209 0.00444163 -0.00574135 0.00953877 -0.0174388 -0.00575265 0.0157209 -0.0174388 0.0864818 
0.0096595 -0.0178571 0.00450927 -0.00574622 -0.0178571 0.0887572 -0.00574622 0.0157093 0.00450927 -0.00574622 0.00949082 -0.0174298 -0.00574622 0.0157093 -0.0174298 0.0865532 
0.00976534 -0.01797 0.00458168 -0.00580793 -0.01797 0.088936 -0.00581907 0.0157962 0.00458168 -0.00581907 0.00939747 -0.0173234 -0.00580793 0.0157962 -0.0173234 0.0863386 
0.00982823 -0.018104 0.00462374 -0.00589694 -0.018104 0.089247 -0.00591927 0.0160044 0.00462374 -0.00591927 0.00932565 -0.0172106 -0.00589694 0.0160044 -0.0172106 0.0860528 
0.00984425 -0.018228 0.00460439 -0.00595338 -0.018228 0.089624 -0.00598682 0.016199 0.00460439 -0.00598682 0.00932027 -0.017102 -0.00595338 0.016199 -0.017102 0.0857108 
0.0098129 -0.0182303 0.00456596 -0.00595025 -0.0182303 0.0897339 -0.00595025 0.0162544 0.00456596 -0.00595025 0.00933286 -0.0170916 -0.00595025 0.0162544 -0.0170916 0.0856033 
0.00980116 -0.0181828 0.00455134 -0.00589196 -0.0181828 0.089675 -0.00590323 0.0161663 0.00455134 -0.00590323 0.009328 -0.0171351 -0.00589196 0.0161663 -0.0171351 0.0856757 
0.00979392 -0.0181822 0.00452289 -0.00586048 -0.0181822 0.0896756 -0.00587182 0.0160625 0.00452289 -0.00587182 0.00930649 -0.0170827 -0.00586048 0.0160625 -0.0170827 0.0855948 
0.0098477 -0.0181542 0.00454422 -0.00584742 -0.0181542 0.0896265 -0.00584742 0.0159784 0.00454422 -0.00584742 0.00923576 -0.017055 -0.00584742 0.0159784 -0.017055 0.0854902 
0.00983774 -0.0182004 0.0045501 -0.00586633 -0.0182004 0.089629 -0.00586633 0.0160104 0.0045501 -0.00586633 0.00921366 -0.0169749 -0.00586633 0.0160104 -0.0169749 0.0853285 
0.0097682 -0.018149 0.00453443 -0.00588799 -0.018149 0.0895155 -0.00588799 0.0160735 0.00453443 -0.00588799 0.00929446 -0.0170098 -0.00588799 0.0160735 -0.0170098 0.0853646 
0.0097898 -0.0180717 0.00454607 -0.00586263 -0.0180717 0.0893572 -0.00586263 0.0160688 0.00454607 -0.00586263 0.00928343 -0.0170928 -0.00586263 0.0160688 -0.0170928 0.0854976 
0.00983632 -0.0180764 0.00459778 -0.00587931 -0.0180764 0.0892576 -0.00587931 0.0160754 0.00459778 -0.00587931 0.00924052 -0.0171096 -0.00587931 0.0160754 -0.0171096 0.0856491 
0.00983853 -0.0181531 0.0045943 -0.00593897 -0.0181531 0.089376 -0.00593897 0.0161697 0.0045943 -0.00593897 0.00926704 -0.0170549 -0.00593897 0.0161697 -0.0170549 0.0855997 
0.00984732 -0.0181521 0.00463863 -0.00595757 -0.0181521 0.0894865 -0.00594639 0.0162408 0.00463863 -0.00594639 0.00926609 -0.0170679 -0.00595757 0.0162408 -0.0170679 0.0855521 
0.0098587 -0.0181672 0.00465054 -0.00598883 -0.0181672 0.0895201 -0.00598883 0.0163271 0.00465054 -0.00598883 0.00926762 -0.0170743 -0.00598883 0.0163271 -0.0170743 0.0855833 
0.0098462 -0.0181914 0.00462626 -0.00602646 -0.0181914 0.0895904 -0.00602646 0.0164103 0.00462626 -0.00602646 0.00926372 -0.0170712 -0.00602646 0.0164103 -0.0170712 0.0855802 
0.00984199 -0.018169 0.00461238 -0.00599273 -0.018169 0.0895879 -0.00598151 0.0163958 0.00461238 -0.00598151 0.00925843 -0.0170916 -0.00599273 0.0163958 -0.0170916 0.0856377 
0.00986374 -0.0181824 0.00460159 -0.00595631 -0.0181824 0.0895798 -0.00595631 0.0163239 0.00460159 -0.00595631 0.00924796 -0.017074 -0.00595631 0.0163239 -0.017074 0.0856164 
0.00988904 -0.0182361 0.00460371 -0.00593342 -0.0182361 0.0896942 -0.0059446 0.0162471 0.00460371 -0.0059446 0.00920742 -0.0170181 -0.00593342 0.0162471 -0.0170181 0.0854704 
0.009899 -0.0182562 0.00462549 -0.00595504 -0.0182562 0.0897837 -0.00595504 0.0162451 0.00462549 -0.00595504 0.00919512 -0.0169937 -0.00595504 0.0162451 -0.0169937 0.0853481 
0.00988499 -0.0182328 0.00465638 -0.00598036 -0.0182328 0.0897504 -0.00598036 0.0163142 0.00465638 -0.00598036 0.00921178 -0.0170098 -0.00598036 0.0163142 -0.0170098 0.0854081 
0.00987787 -0.0182179 0.00465832 -0.00602775 -0.0182179 0.0896866 -0.00602775 0.0163995 0.00465832 -0.00602775 0.00923806 -0.0170393 -0.00602775 0.0163995 -0.0170393 0.0854885 
0.00984568 -0.0181526 0.00463851 -0.00603229 -0.0181526 0.0895366 -0.00603229 0.0164578 0.00463851 -0.00603229 0.00928817 -0.0170933 -0.00603229 0.0164578 -0.0170933 0.0856675 
0.00984507 -0.0181832 0.00464348 -0.00600527 -0.0181832 0.0895432 -0.00600527 0.0164419 0.00464348 -0.00600527 0.00928696 -0.0171005 -0.00600527 0.0164419 -0.0171005 0.0856811 
0.00988125 -0.0182164 0.00468295 -0.00600493 -0.0182164 0.0896706 -0.00600493 0.0164015 0.00468295 -0.00600493 0.00924266 -0.0170737 -0.00600493 0.0164015 -0.0170737 0.0855927 
0.00989051 -0.0182265 0.00471996 -0.00606047 -0.0182265 0.0897017 -0.0060492 0.0164692 0.00471996 -0.0060492 0.00921462 -0.0170549 -0.00606047 0.0164692 -0.0170549 0.0855563 
0.00995427 -0.0182345 0.00472997 -0.00610064 -0.0182345 0.0897233 -0.00610064 0.0165942 0.00472997 -0.00610064 0.00915658 -0.0170211 -0.00610064 0.0165942 -0.0170211 0.0854877 
0.0100186 -0.0183432 0.00474566 -0.00611439 -0.0183432 0.0899432 -0.00612561 0.0166715 0.00474566 -0.00612561 0.00908744 -0.0168847 -0.00611439 0.0166715 -0.0168847 0.0851863 
0.0100898 -0.0184123 0.00476526 -0.00612996 -0.0184123 0.0901373 -0.00614115 0.0167455 0.00476526 -0.00614115 0.00900478 -0.0168126 -0.00612996 0.0167455 -0.0168126 0.0849357 
0.0101156 -0.0184952 0.00475178 -0.00615395 -0.0184952 0.0903061 -0.00617621 0.0168037 0.00475178 -0.00617621 0.00898054 -0.016737 -0.00615395 0.0168037 -0.016737 0.0847642 
0.0101763 -0.0185397 0.00477117 -0.00613913 -0.0185397 0.0904743 -0.00615025 0.0168048 0.00477117 -0.00615025 0.00894178 -0.0167047 -0.00613913 0.0168048 -0.0167047 0.0846244 
0.0101957 -0.0186366 0.00478687 -0.00615296 -0.0186366 0.0907173 -0.00616406 0.016804 0.00478687 -0.00616406 0.00890735 -0.0166041 -0.00615296 0.016804 -0.0166041 0.0843866 
0.0102 -0.0186648 0.00478299 -0.00617339 -0.0186648 0.0908545 -0.00618451 0.0168517 0.00478299 -0.00618451 0.00888746 -0.0165736 -0.00617339 0.0168517 -0.0165736 0.0842473 
0.0102001 -0.0186761 0.00479416 -0.00617346 -0.0186761 0.0909334 -0.00618458 0.0168741 0.00479416 -0.00618458 0.00887643 -0.0165515 -0.00617346 0.0168741 -0.0165515 0.084137 
0.0102184 -0.0186374 0.00483151 -0.00620877 -0.0186374 0.0908435 -0.00619766 0.0169158 0.00483151 -0.00619766 0.00886332 -0.0165715 -0.00620877 0.0169158 -0.0165715 0.0842015 
0.0102344 -0.0186202 0.00483323 -0.00624756 -0.0186202 0.0907623 -0.00623643 0.0170054 0.00483323 -0.00623643 0.00884236 -0.0165711 -0.00624756 0.0170054 -0.0165711 0.084292 
0.010225 -0.0186122 0.00483404 -0.00625975 -0.0186122 0.0906772 -0.00625975 0.0170862 0.00483404 -0.00625975 0.00885498 -0.0165961 -0.00625975 0.0170862 -0.0165961 0.084384 
0.0102309 -0.0186138 0.00483156 -0.00626767 -0.0186138 0.090653 -0.00626767 0.017122 0.00483156 -0.00626767 0.00886158 -0.0165988 -0.00626767 0.017122 -0.0165988 0.084441 
0.0101963 -0.0186616 0.00482455 -0.00625405 -0.0186616 0.0908065 -0.00625405 0.017087 0.00482455 -0.00625405 0.00887852 -0.0165509 -0.00625405 0.017087 -0.0165509 0.0842733 
0.0100995 -0.0186245 0.00475735 -0.00623067 -0.0186245 0.0907833 -0.00623067 0.0170387 0.00475735 -0.00623067 0.00894112 -0.0165776 -0.00623067 0.0170387 -0.0165776 0.0842602 
0.0100466 -0.0184903 0.00468466 -0.00617472 -0.0184903 0.0905325 -0.00616343 0.0169325 0.00468466 -0.00616343 0.00899681 -0.0166729 -0.00617472 0.0169325 -0.0166729 0.0844593 
0.0100801 -0.0184026 0.00470554 -0.00608885 -0.0184026 0.0902669 -0.00607751 0.0167472 0.00470554 -0.00607751 0.00893485 -0.0167245 -0.00608885 0.0167472 -0.0167245 0.0846089 
0.010197 -0.018434 0.00474728 -0.00608423 -0.018434 0.0902097 -0.0060729 0.0166551 0.00474728 -0.0060729 0.00881477 -0.0166665 -0.00608423 0.0166551 -0.0166665 0.0845674 
0.0103008 -0.0186341 0.00479421 -0.00612845 -0.0186341 0.0905586 -0.00615106 0.0167232 0.00479421 -0.00615106 0.00869516 -0.0164405 -0.00612845 0.0167232 -0.0164405 0.0840909 
0.0103996 -0.0187509 0.00484333 -0.00618995 -0.0187509 0.0908803 -0.00623522 0.0168951 0.00484333 -0.00623522 0.00858898 -0.0163066 -0.00618995 0.0168951 -0.0163066 0.0836945 
0.0104444 -0.0188384 0.00487103 -0.00626437 -0.0188384 0.0910996 -0.00629836 0.0171052 0.00487103 -0.00629836 0.0085413 -0.0162217 -0.00626437 0.0171052 -0.0162217 0.0834532 
0.0104165 -0.0189054 0.00488135 -0.00630179 -0.0189054 0.0913026 -0.00633561 0.0172482 0.00488135 -0.00633561 0.008579 -0.0161547 -0.00630179 0.0172482 -0.0161547 0.0832309 
0.0104316 -0.0188485 0.00488001 -0.00633506 -0.0188485 0.0912764 -0.00633506 0.0173263 0.00488001 -0.00633506 0.00859599 -0.0162294 -0.00633506 0.0173263 -0.0162294 0.0833072 
0.0104252 -0.0189131 0.00484866 -0.00632678 -0.0189131 0.0913855 -0.00633797 0.017323 0.00484866 -0.00633797 0.00859994 -0.0162033 -0.00632678 0.017323 -0.0162033 0.0832335 
0.0104738 -0.0189222 0.00482286 -0.00627756 -0.0189222 0.0915001 -0.00627756 0.0172325 0.00482286 -0.00627756 0.00854911 -0.0161918 -0.00627756 0.0172325 -0.0161918 0.083186 
0.0105088 -0.0189586 0.00481559 -0.00623326 -0.0189586 0.0915412 -0.00624451 0.0171358 0.00481559 -0.00624451 0.00850604 -0.016157 -0.00623326 0.0171358 -0.016157 0.0831702 
0.0104631 -0.0190126 0.00482392 -0.00622806 -0.0190126 0.0916884 -0.00623938 0.0170649 0.00482392 -0.00623938 0.00852678 -0.0160684 -0.00622806 0.0170649 -0.0160684 0.0829804 
0.0103922 -0.0189747 0.00481481 -0.006249 -0.0189747 0.0917317 -0.00626039 0.0170624 0.00481481 -0.00626039 0.00857104 -0.0160607 -0.006249 0.0170624 -0.0160607 0.082842 
0.0103154 -0.0188755 0.00479865 -0.00624622 -0.0188755 0.0915391 -0.00623483 0.0170745 0.00479865 -0.00623483 0.00861705 -0.0161057 -0.00624622 0.0170745 -0.0161057 0.0828765 
0.0103365 -0.0187689 0.00477157 -0.00623364 -0.0187689 0.0912718 -0.00619964 0.0170575 0.00477157 -0.00619964 0.00859108 -0.0161621 -0.00623364 0.0170575 -0.0161621 0.0829754 
0.010377 -0.0187441 0.00478766 -0.00623299 -0.0187441 0.0910446 -0.00619912 0.0170504 0.00478766 -0.00619912 0.00855907 -0.0161809 -0.00623299 0.0170504 -0.0161809 0.0830953 
0.0103979 -0.0187525 0.00481299 -0.00625461 -0.0187525 0.0909132 -0.00623191 0.0171065 0.00481299 -0.00623191 0.00851354 -0.0161984 -0.00625461 0.0171065 -0.0161984 0.0832397 
0.0104465 -0.0187809 0.00479175 -0.00625653 -0.0187809 0.0909524 -0.00625653 0.0171686 0.00479175 -0.00625653 0.00845937 -0.0161466 -0.00625653 0.0171686 -0.0161466 0.0831971 
0.0104679 -0.01884 0.00477264 -0.00624203 -0.01884 0.0910447 -0.00625342 0.017177 0.00477264 -0.00625342 0.0084518 -0.0160949 -0.00624203 0.017177 -0.0160949 0.0831169 
0.0104924 -0.0188772 0.00475062 -0.00619745 -0.0188772 0.0911618 -0.00622024 0.0171 0.00475062 -0.00622024 0.00843036 -0.0160519 -0.00619745 0.0171 -0.0160519 0.0830049 
0.0104585 -0.0189124 0.00471952 -0.00617432 -0.0189124 0.0912861 -0.00619723 0.0170223 0.00471952 -0.00619723 0.00843099 -0.0160143 -0.00617432 0.0170223 -0.0160143 0.082878 
0.0104547 -0.018853 0.00472186 -0.00613497 -0.018853 0.0911974 -0.00616944 0.0169458 0.00472186 -0.00616944 0.0084442 -0.0160612 -0.00613497 0.0169458 -0.0160612 0.0829485 
0.0104776 -0.0188966 0.00472702 -0.00611867 -0.0188966 0.091297 -0.00613017 0.0168378 0.00472702 -0.00613017 0.00839592 -0.0159868 -0.00611867 0.0168378 -0.0159868 0.0827516 
0.0105131 -0.018919 0.00472111 -0.00614896 -0.018919 0.0913592 -0.00614896 0.0168578 0.00472111 -0.00614896 0.00835982 -0.0159481 -0.00614896 0.0168578 -0.0159481 0.0826309 
0.0105465 -0.0189375 0.00474879 -0.00615498 -0.0189375 0.0913796 -0.00615498 0.0168974 0.00474879 -0.00615498 0.0083219 -0.0159177 -0.00615498 0.0168974 -0.0159177 0.0825505 
0.0105701 -0.018987 0.00476689 -0.00617163 -0.018987 0.0914806 -0.00619466 0.016949 0.00476689 -0.00619466 0.00830177 -0.0158551 -0.00617163 0.016949 -0.0158551 0.0823959 
0.0105478 -0.0190363 0.00475907 -0.00620052 -0.0190363 0.091635 -0.00621196 0.0170114 0.00475907 -0.00621196 0.00833982 -0.0157987 -0.00620052 0.0170114 -0.0157987 0.082197 
0.0105206 -0.0190472 0.00473314 -0.00618862 -0.0190472 0.0917405 -0.00618862 0.0170072 0.00473314 -0.00618862 0.00835463 -0.0158039 -0.00618862 0.0170072 -0.0158039 0.0820679 
0.0105771 -0.0189843 0.00477164 -0.00616905 -0.0189843 0.091661 -0.00615769 0.0169621 0.00477164 -0.00615769 0.00829357 -0.0158487 -0.00616905 0.0169621 -0.0158487 0.0821404 
0.0106041 -0.0190601 0.00477354 -0.0062056 -0.0190601 0.0917315 -0.00618287 0.0169688 0.00477354 -0.00618287 0.00827414 -0.0157868 -0.0062056 0.0169688 -0.0157868 0.0820935 
0.010596 -0.0190659 0.00480911 -0.00624162 -0.0190659 0.0917597 -0.00623025 0.017065 0.00480911 -0.00623025 0.00828805 -0.0157916 -0.00624162 0.017065 -0.0157916 0.0821187 
0.0105368 -0.0190526 0.00478018 -0.00625624 -0.0190526 0.0917318 -0.00624489 0.0171451 0.00478018 -0.00624489 0.00834544 -0.0158053 -0.00625624 0.0171451 -0.0158053 0.0821714 
0.0104977 -0.0189459 0.00472509 -0.0062394 -0.0189459 0.0915074 -0.00621663 0.0171583 0.00472509 -0.00621663 0.00836853 -0.0159287 -0.0062394 0.0171583 -0.0159287 0.0824215 
0.0104835 -0.0189117 0.00465042 -0.00616611 -0.0189117 0.0913778 -0.00615462 0.01704 0.00465042 -0.00615462 0.00838223 -0.0159377 -0.00616611 0.01704 -0.0159377 0.0825707 
0.010446 -0.0188468 0.00462214 -0.00608967 -0.0188468 0.0911833 -0.00607811 0.0168477 0.00462214 -0.00607811 0.00838918 -0.0159926 -0.00608967 0.0168477 -0.0159926 0.0827479 
0.0104457 -0.0188507 0.00457721 -0.00602993 -0.0188507 0.0911407 -0.00602993 0.0166601 0.00457721 -0.00602993 0.00838195 -0.0159568 -0.00602993 0.0166601 -0.0159568 0.0826665 
0.0104541 -0.0188358 0.00453624 -0.00597541 -0.0188358 0.0910703 -0.00597541 0.0165101 0.00453624 -0.00597541 0.00837018 -0.0159574 -0.00597541 0.0165101 -0.0159574 0.082654 
0.0104357 -0.0188167 0.00450393 -0.00592011 -0.0188167 0.0910188 -0.00592011 0.0163674 0.00450393 -0.00592011 0.00838102 -0.0159611 -0.00592011 0.0163674 -0.0159611 0.0826726 
0.0104389 -0.0187946 0.00451726 -0.00587478 -0.0187946 0.0909655 -0.00588648 0.0162668 0.00451726 -0.00588648 0.00836747 -0.0159743 -0.00587478 0.0162668 -0.0159743 0.0826799 
0.0104508 -0.0188396 0.00453416 -0.00588153 -0.0188396 0.0910348 -0.00590496 0.0162035 0.00453416 -0.00590496 0.00834193 -0.0158871 -0.00588153 0.0162035 -0.0158871 0.0824937 
0.0104781 -0.0188582 0.00457097 -0.00591882 -0.0188582 0.091103 -0.00591882 0.0162445 0.00457097 -0.00591882 0.00829807 -0.0158343 -0.00591882 0.0162445 -0.0158343 0.082301 
0.0105002 -0.0188582 0.00461212 -0.00598172 -0.0188582 0.0910719 -0.00598172 0.0164 0.00461212 -0.00598172 0.00828778 -0.0158264 -0.00598172 0.0164 -0.0158264 0.082234 
0.0104911 -0.0188582 0.00460013 -0.0060318 -0.0188582 0.0910872 -0.0060318 0.0165699 0.00460013 -0.0060318 0.00827319 -0.0158071 -0.0060318 0.0165699 -0.0158071 0.0821921 
0.0105302 -0.0188391 0.00455993 -0.00601723 -0.0188391 0.0910106 -0.00602898 0.0166296 0.00455993 -0.00602898 0.00823843 -0.0158187 -0.00601723 0.0166296 -0.0158187 0.0822433 
0.0106099 -0.0189287 0.00455886 -0.00595707 -0.0189287 0.0911772 -0.00598057 0.0165317 0.00455886 -0.00598057 0.008166 -0.015721 -0.00595707 0.0165317 -0.015721 0.0820477 
0.0105819 -0.0190169 0.00454012 -0.00593618 -0.0190169 0.0913773 -0.00597137 0.0164594 0.00454012 -0.00597137 0.00818864 -0.0156382 -0.00593618 0.0164594 -0.0156382 0.0818278 
0.0106053 -0.0190496 0.00455688 -0.00591924 -0.0190496 0.0915839 -0.00594273 0.0163719 0.00455688 -0.00594273 0.00816245 -0.0156085 -0.00591924 0.0163719 -0.0156085 0.0815893 
0.0106605 -0.0190316 0.00457886 -0.00595252 -0.0190316 0.091589 -0.00596426 0.01639 0.00457886 -0.00596426 0.0081128 -0.0156151 -0.00595252 0.01639 -0.0156151 0.0815859 
0.0106976 -0.0191161 0.0046046 -0.00596505 -0.0191161 0.0917431 -0.00596505 0.01643 0.0046046 -0.00596505 0.0080813 -0.0155231 -0.00596505 0.01643 -0.0155231 0.0813828 
0.0106983 -0.0190819 0.00466396 -0.0060574 -0.0190819 0.0916555 -0.00604588 0.0165945 0.00466396 -0.00604588 0.00810724 -0.0155811 -0.0060574 0.0165945 -0.0155811 0.0815445 
0.0107422 -0.0191266 0.00468101 -0.00610717 -0.0191266 0.091711 -0.00610717 0.0167573 0.00468101 -0.00610717 0.00807388 -0.0155957 -0.00610717 0.0167573 -0.0155957 0.0816014 
0.0107638 -0.0192343 0.0046674 -0.00610796 -0.0192343 0.0919767 -0.00611949 0.0168142 0.0046674 -0.00611949 0.00805559 -0.0155119 -0.00610796 0.0168142 -0.0155119 0.0814548 
0.0107863 -0.0192728 0.00465721 -0.00609462 -0.0192728 0.0921897 -0.00610612 0.0167889 0.00465721 -0.00610612 0.00802649 -0.015478 -0.00609462 0.0167889 -0.015478 0.0812999 
0.0108023 -0.0192708 0.0046675 -0.00606544 -0.0192708 0.0922524 -0.00607699 0.0167406 0.0046675 -0.00607699 0.00801793 -0.0154813 -0.00606544 0.0167406 -0.0154813 0.0813115 
0.0108007 -0.0192836 0.00468183 -0.00608406 -0.0192836 0.0922692 -0.00608406 0.0167341 0.00468183 -0.00608406 0.0079962 -0.0154593 -0.00608406 0.0167341 -0.0154593 0.0812715 
0.0107777 -0.019255 0.00469407 -0.00613031 -0.019255 0.0922116 -0.00611864 0.0168262 0.00469407 -0.00611864 0.00801028 -0.0154601 -0.00613031 0.0168262 -0.0154601 0.0813055 
0.0108069 -0.0192578 0.00467673 -0.00613015 -0.0192578 0.0922219 -0.00613015 0.016855 0.00467673 -0.00613015 0.00797037 -0.015425 -0.00613015 0.016855 -0.015425 0.0812157 
0.0108243 -0.0192781 0.00468234 -0.00611856 -0.0192781 0.0922105 -0.00611856 0.0168611 0.00468234 -0.00611856 0.00794012 -0.0153781 -0.00611856 0.0168611 -0.0153781 0.081106 
0.0108984 -0.0192987 0.00470558 -0.00611145 -0.0192987 0.0922178 -0.00612307 0.016882 0.00470558 -0.00612307 0.00787749 -0.0153599 -0.00611145 0.016882 -0.0153599 0.0810173 
0.0110097 -0.0194316 0.00470194 -0.00613447 -0.0194316 0.0924792 -0.00614603 0.01689 0.00470194 -0.00614603 0.00778651 -0.015238 -0.00613447 0.01689 -0.015238 0.0807301 
0.0109963 -0.0195386 0.00469945 -0.00614633 -0.0195386 0.0927621 -0.00616948 0.0169574 0.00469945 -0.00616948 0.00778998 -0.0151401 -0.00614633 0.0169574 -0.0151401 0.0804811 
0.0109881 -0.01951 0.00470092 -0.00614825 -0.01951 0.0928375 -0.00615983 0.0169743 0.00470092 -0.00615983 0.007804 -0.0151796 -0.00614825 0.0169743 -0.0151796 0.0804599 
0.0110339 -0.0195153 0.00472218 -0.00614928 -0.0195153 0.0928541 -0.00614928 0.0169627 0.00472218 -0.00614928 0.00773881 -0.015176 -0.00614928 0.0169627 -0.015176 0.0804627 
0.0110382 -0.0195795 0.00471401 -0.00616088 -0.0195795 0.09295 -0.00616088 0.0169891 0.00471401 -0.00616088 0.00772444 -0.0150988 -0.00616088 0.0169891 -0.0150988 0.0803715 
0.0110626 -0.0195545 0.00473448 -0.00618857 -0.0195545 0.0929332 -0.00617693 0.0170302 0.00473448 -0.00617693 0.00771244 -0.0151108 -0.00618857 0.0170302 -0.0151108 0.0803467 
0.0110849 -0.0195867 0.00471425 -0.00619686 -0.0195867 0.092953 -0.00620845 0.0170848 0.00471425 -0.00620845 0.00767948 -0.0150694 -0.00619686 0.0170848 -0.0150694 0.0802928 
0.011045 -0.0196215 0.00468227 -0.00616576 -0.0196215 0.0930311 -0.00617735 0.0170601 0.00468227 -0.00617735 0.00773038 -0.0150435 -0.00616576 0.0170601 -0.0150435 0.0802012 
0.0110074 -0.0195918 0.00468449 -0.00611522 -0.0195918 0.0930667 -0.00612676 0.0169611 0.00468449 -0.00612676 0.00776518 -0.0150804 -0.00611522 0.0169611 -0.0150804 0.0801901 
0.0110194 -0.0195502 0.00465315 -0.00612318 -0.0195502 0.0930052 -0.00611161 0.0168879 0.00465315 -0.00611161 0.00775526 -0.0151285 -0.00612318 0.0168879 -0.0151285 0.0802727 
0.0110075 -0.0195264 0.00465299 -0.00609982 -0.0195264 0.0929094 -0.00608824 0.0168411 0.00465299 -0.00608824 0.00776656 -0.0151512 -0.00609982 0.0168411 -0.0151512 0.0803857 
0.0109972 -0.0194778 0.00466549 -0.00610191 -0.0194778 0.0927467 -0.00609041 0.0168463 0.00466549 -0.00609041 0.00777964 -0.0151916 -0.00610191 0.0168463 -0.0151916 0.0805543 
0.0110131 -0.019461 0.00473129 -0.00613357 -0.019461 0.0926192 -0.00612217 0.0169072 0.00473129 -0.00612217 0.00779807 -0.0152313 -0.00613357 0.0169072 -0.0152313 0.0807169 
0.0110827 -0.0195174 0.00477093 -0.00619764 -0.0195174 0.0927021 -0.00619764 0.0170178 0.00477093 -0.00619764 0.00772708 -0.0152259 -0.00619764 0.0170178 -0.0152259 0.0807291 
0.0111453 -0.0195932 0.00478639 -0.0062556 -0.0195932 0.0928468 -0.00626707 0.0171828 0.00478639 -0.00626707 0.00765593 -0.0151626 -0.0062556 0.0171828 -0.0151626 0.0806685 
0.011159 -0.0196917 0.0047595 -0.0062619 -0.0196917 0.0930913 -0.0062963 0.0172948 0.0047595 -0.0062963 0.00764961 -0.0150698 -0.0062619 0.0172948 -0.0150698 0.0804757 
0.0111477 -0.0197238 0.00473003 -0.00622252 -0.0197238 0.0932918 -0.00624548 0.017244 0.00473003 -0.00624548 0.0076576 -0.0150167 -0.00622252 0.017244 -0.0150167 0.0802613 
0.0111239 -0.0196736 0.00474604 -0.00619398 -0.0196736 0.0932544 -0.00620547 0.0171685 0.00474604 -0.00620547 0.0076764 -0.0150655 -0.00619398 0.0171685 -0.0150655 0.0802919 
0.0110957 -0.0196732 0.00476021 -0.00620897 -0.0196732 0.093215 -0.00620897 0.0171206 0.00476021 -0.00620897 0.00769222 -0.0150625 -0.00620897 0.0171206 -0.0150625 0.0803026 
0.011115 -0.0196303 0.00476025 -0.00622761 -0.0196303 0.0931369 -0.00621606 0.0171462 0.00476025 -0.00621606 0.00767187 -0.0151011 -0.00622761 0.0171462 -0.0151011 0.0803697 
0.0111453 -0.019643 0.0047749 -0.00623165 -0.019643 0.0931163 -0.00622008 0.0171688 0.0047749 -0.00622008 0.00763059 -0.0150646 -0.00623165 0.0171688 -0.0150646 0.0803408 
0.0111877 -0.0196881 0.00477498 -0.0062513 -0.0196881 0.0932043 -0.0062513 0.0172199 0.00477498 -0.0062513 0.00760075 -0.0150054 -0.0062513 0.0172199 -0.0150054 0.0802058 
0.0111887 -0.0197353 0.00476727 -0.00623765 -0.0197353 0.093335 -0.00624914 0.0172311 0.00476727 -0.00624914 0.00760465 -0.0149566 -0.00623765 0.0172311 -0.0149566 0.0800556 
0.0111535 -0.0197349 0.00474054 -0.00623998 -0.0197349 0.0933921 -0.00625151 0.0172436 0.00474054 -0.00625151 0.00764715 -0.0149598 -0.00623998 0.0172436 -0.0149598 0.0800125 
0.0110959 -0.0196705 0.00476368 -0.00623925 -0.0196705 0.0932518 -0.00622763 0.0172306 0.00476368 -0.00622763 0.00766836 -0.0150346 -0.00623925 0.0172306 -0.0150346 0.0801575 
0.011112 -0.0196463 0.00476063 -0.00623527 -0.0196463 0.0932155 -0.00622366 0.0171847 0.00476063 -0.00622366 0.00765185 -0.0150366 -0.00623527 0.0171847 -0.0150366 0.0801644 
0.0111263 -0.0196517 0.00474674 -0.00623958 -0.0196517 0.0931505 -0.00622791 0.0172142 0.00474674 -0.00622791 0.00762744 -0.01501 -0.00623958 0.0172142 -0.01501 0.0801698 
0.0111305 -0.0196298 0.00472698 -0.0062289 -0.0196298 0.0930842 -0.0062289 0.0172197 0.00472698 -0.0062289 0.00762603 -0.0150076 -0.0062289 0.0172197 -0.0150076 0.0801607 
0.0111572 -0.019653 0.00474182 -0.0062062 -0.019653 0.0931162 -0.00619458 0.0171775 0.00474182 -0.00619458 0.00757761 -0.0149693 -0.0062062 0.0171775 -0.0149693 0.0800762 
0.0112298 -0.019687 0.00476804 -0.00620657 -0.019687 0.0931681 -0.00621817 0.0171696 0.00476804 -0.00621817 0.00752909 -0.0149422 -0.00620657 0.0171696 -0.0149422 0.0800009 
0.0112775 -0.0197731 0.00480187 -0.00625628 -0.0197731 0.0933363 -0.00626782 0.0172452 0.00480187 -0.00626782 0.00749137 -0.0148789 -0.00625628 0.0172452 -0.0148789 0.0798426 
0.0113018 -0.0198299 0.00483375 -0.00628388 -0.0198299 0.0935101 -0.0063069 0.017367 0.00483375 -0.0063069 0.0074693 -0.0148235 -0.00628388 0.017367 -0.0148235 0.0797109 
0.0113427 -0.019864 0.00487424 -0.00634225 -0.019864 0.0936199 -0.00635372 0.0174899 0.00487424 -0.00635372 0.00745473 -0.0148177 -0.00634225 0.0174899 -0.0148177 0.0796624 
0.0113336 -0.0199359 0.00489613 -0.0063695 -0.0199359 0.0938311 -0.00638083 0.0175671 0.00489613 -0.00638083 0.00746886 -0.0147677 -0.0063695 0.0175671 -0.0147677 0.0795394 
0.0113621 -0.0199653 0.00490969 -0.00639611 -0.0199653 0.093971 -0.00640737 0.0176231 0.00490969 -0.00640737 0.00747714 -0.0147854 -0.00639611 0.0176231 -0.0147854 0.0795122 
0.0113959 -0.0199987 0.00493822 -0.00642415 -0.0199987 0.0940496 -0.00641298 0.017686 0.00493822 -0.00641298 0.00748553 -0.0148035 -0.00642415 0.017686 -0.0148035 0.0795813 
