0.00962846 0 -0.00309391 0 0 0.00998853 0 0 -0.00309391 0 0.00473422 0 0 0 0 0.00998853 
0.0137865 -0.0170987 -0.00404552 0.00497439 -0.0170987 0.0419585 0.00497439 -0.00953324 -0.00404552 0.00497439 0.00653882 -0.00815214 0.00497439 -0.00953324 -0.00815214 0.0248109 
0.0134548 -0.0248583 -0.00366949 0.0059247 -0.0248583 0.0886666 0.0059247 -0.0187297 -0.00366949 0.0059247 0.00686755 -0.0133019 0.0059247 -0.0187297 -0.0133019 0.0517551 
0.0122938 -0.0230633 -0.00343285 0.00447386 -0.0230633 0.100383 0.00444907 -0.0152681 -0.00343285 0.00444907 0.00689048 -0.0145122 0.00447386 -0.0152681 -0.0145122 0.0684091 
0.0120874 -0.0215585 -0.00363451 0.00415542 -0.0215585 0.0998248 0.00410806 -0.0119335 -0.00363451 0.00410806 0.00704409 -0.014692 0.00415542 -0.0119335 -0.014692 0.0757683 
0.0123564 -0.02131 -0.00382111 0.0044768 -0.02131 0.0989079 0.00443158 -0.0114407 -0.00382111 0.00443158 0.00707696 -0.0146966 0.0044768 -0.0114407 -0.0146966 0.0784006 
0.01264 -0.0216015 -0.00385312 0.00472635 -0.0216015 0.0990569 0.00469361 -0.0119523 -0.00385312 0.00469361 0.00701858 -0.0145502 0.00472635 -0.0119523 -0.0145502 0.0790163 
0.0127656 -0.0219082 -0.00382542 0.00475247 -0.0219082 0.099642 0.00474181 -0.0122861 -0.00382542 0.00474181 0.00699018 -0.014364 0.00475247 -0.0122861 -0.014364 0.0787993 
0.0128931 -0.022044 -0.00377358 0.00468553 -0.022044 0.100115 0.00469602 -0.0122432 -0.00377358 0.00469602 0.00690776 -0.0142662 0.00468553 -0.0122432 -0.0142662 0.0784277 
0.01295 -0.0222269 -0.00371491 0.00458103 -0.0222269 0.100553 0.0046019 -0.0120213 -0.00371491 0.0046019 0.00683502 -0.0141188 0.00458103 -0.0120213 -0.0141188 0.0779923 
0.0129523 -0.0222755 -0.0036813 0.00453645 -0.0222755 0.100803 0.00454688 -0.0118573 -0.0036813 0.00454688 0.00682031 -0.0140786 0.00453645 -0.0118573 -0.0140786 0.0777766 
0.0130073 -0.0222863 -0.00363455 0.00447809 -0.0222863 0.100913 0.00448851 -0.0117055 -0.00363455 0.00448851 0.0067588 -0.0140487 0.00447809 -0.0117055 -0.0140487 0.0776585 
0.0130461 -0.022335 -0.00362217 0.00444209 -0.022335 0.100985 0.00445247 -0.011593 -0.00362217 0.00445247 0.00670465 -0.0140009 0.00444209 -0.011593 -0.0140009 0.0775705 
0.0130287 -0.0224002 -0.00360523 0.00439485 -0.0224002 0.101134 0.00441563 -0.0114702 -0.00360523 0.00441563 0.00671176 -0.0139118 0.00439485 -0.0114702 -0.0139118 0.0773515 
0.0129866 -0.0223612 -0.00360159 0.00440542 -0.0223612 0.101137 0.0044263 -0.011452 -0.00360159 0.0044263 0.00673341 -0.0139262 0.00440542 -0.011452 -0.0139262 0.0773559 
0.0129462 -0.0223049 -0.00360831 0.004409 -0.0223049 0.101033 0.004409 -0.0114384 -0.00360831 0.004409 0.00673828 -0.0139445 0.004409 -0.0114384 -0.0139445 0.0773654 
0.0129668 -0.0222811 -0.0035792 0.00439551 -0.0222811 0.10094 0.00439551 -0.0113969 -0.0035792 0.00439551 0.00668746 -0.0139505 0.00439551 -0.0113969 -0.0139505 0.0773401 
0.0129049 -0.022278 -0.00358412 0.00438871 -0.022278 0.100878 0.00439916 -0.0114107 -0.00358412 0.00439916 0.00673981 -0.0138976 0.00438871 -0.0114107 -0.0138976 0.0773041 
0.012855 -0.0221861 -0.0035969 0.00441011 -0.0221861 0.100724 0.00439968 -0.0114475 -0.0035969 0.00439968 0.00678719 -0.0139601 0.00441011 -0.0114475 -0.0139601 0.0773906 
0.0129211 -0.0221371 -0.00356949 0.00440446 -0.0221371 0.100572 0.00439402 -0.0114391 -0.00356949 0.00439402 0.00670062 -0.0139962 0.00440446 -0.0114391 -0.0139962 0.0774433 
0.0130361 -0.0222062 -0.003543 0.00437664 -0.0222062 0.100611 0.00437664 -0.0114001 -0.003543 0.00437664 0.00656496 -0.013901 0.00437664 -0.0114001 -0.013901 0.0773519 
0.0131984 -0.0223559 -0.00352933 0.00434379 -0.0223559 0.100878 0.00435423 -0.0113607 -0.00352933 0.00435423 0.00639038 -0.0137414 0.00434379 -0.0113607 -0.0137414 0.0769978 
0.0133184 -0.0225349 -0.00350705 0.0043525 -0.0225349 0.101287 0.00437338 -0.011377 -0.00350705 0.00437338 0.00626259 -0.0135481 0.0043525 -0.011377 -0.0135481 0.0765915 
0.0133256 -0.0226712 -0.00352153 0.00435503 -0.0226712 0.101656 0.00437587 -0.0114293 -0.00352153 0.00437587 0.00628249 -0.0134089 0.00435503 -0.0114293 -0.0134089 0.0762443 
0.0132921 -0.0226935 -0.00355005 0.00438596 -0.0226935 0.101827 0.00439628 -0.0114964 -0.00355005 0.00439628 0.00635707 -0.0134262 0.00438596 -0.0114964 -0.0134262 0.076161 
0.0132981 -0.0226491 -0.00355442 0.00440169 -0.0226491 0.101828 0.00441202 -0.0115312 -0.00355442 0.00441202 0.00637522 -0.013515 0.00440169 -0.0115312 -0.013515 0.0762753 
0.0133346 -0.0226626 -0.00357176 0.00441035 -0.0226626 0.101821 0.0044 -0.0115435 -0.00357176 0.0044 0.00634635 -0.013552 0.00441035 -0.0115435 -0.013552 0.0764253 
0.0132945 -0.0227162 -0.00359169 0.00441414 -0.0227162 0.101921 0.00440373 -0.0115246 -0.00359169 0.00440373 0.00637135 -0.0135131 0.00441414 -0.0115246 -0.0135131 0.0764041 
0.0132657 -0.0226867 -0.00359731 0.00444252 -0.0226867 0.101941 0.00443221 -0.0115547 -0.00359731 0.00443221 0.00641125 -0.0135131 0.00444252 -0.0115547 -0.0135131 0.0763474 
0.0132711 -0.0226474 -0.00356506 0.00442027 -0.0226474 0.101882 0.00440996 -0.0115401 -0.00356506 0.00440996 0.00638826 -0.0135596 0.00442027 -0.0115401 -0.0135596 0.0763706 
0.013341 -0.0226448 -0.00353505 0.00441626 -0.0226448 0.10183 0.00440601 -0.0115171 -0.00353505 0.00440601 0.00635285 -0.0135664 0.00441626 -0.0115171 -0.0135664 0.0764494 
0.0133987 -0.0227266 -0.00349797 0.00434689 -0.0227266 0.101963 0.00434689 -0.0114042 -0.00349797 0.00434689 0.00629021 -0.0134907 0.00434689 -0.0114042 -0.0134907 0.0763417 
0.0134823 -0.022784 -0.00349579 0.00432374 -0.022784 0.102093 0.00434418 -0.0113562 -0.00349579 0.00434418 0.00621474 -0.0134619 0.00432374 -0.0113562 -0.0134619 0.0763043 
0.0135714 -0.022903 -0.00349037 0.00431163 -0.022903 0.102329 0.00433216 -0.0113129 -0.00349037 0.00433216 0.00612867 -0.0133763 0.00431163 -0.0113129 -0.0133763 0.0761516 
0.0135932 -0.023015 -0.00351389 0.00430503 -0.023015 0.102622 0.00433585 -0.0112917 -0.00351389 0.00433585 0.00610307 -0.0132644 0.00430503 -0.0112917 -0.0132644 0.0758877 
0.0136099 -0.0230614 -0.00350823 0.00430274 -0.0230614 0.102853 0.00431306 -0.011247 -0.00350823 0.00431306 0.00605685 -0.0131765 0.00430274 -0.011247 -0.0131765 0.0756023 
0.0136262 -0.0230899 -0.00351008 0.00430735 -0.0230899 0.102962 0.00431771 -0.0112447 -0.00351008 0.00431771 0.0060158 -0.0131291 0.00430735 -0.0112447 -0.0131291 0.0753994 
0.0136168 -0.0230943 -0.0035241 0.00432693 -0.0230943 0.103002 0.00432693 -0.0112813 -0.0035241 0.00432693 0.00597429 -0.0130538 0.00432693 -0.0112813 -0.0130538 0.0752051 
0.0136202 -0.0230792 -0.00351455 0.0043593 -0.0230792 0.102965 0.0043593 -0.011378 -0.00351455 0.0043593 0.00595493 -0.0130153 0.0043593 -0.011378 -0.0130153 0.0750571 
0.0135698 -0.0230646 -0.00353726 0.00438538 -0.0230646 0.102912 0.00437503 -0.0114806 -0.00353726 0.00437503 0.00601955 -0.013001 0.00438538 -0.0114806 -0.013001 0.0750065 
0.0135288 -0.0230041 -0.00351852 0.004393 -0.0230041 0.102798 0.004393 -0.0115123 -0.00351852 0.004393 0.00608025 -0.0130761 0.004393 -0.0115123 -0.0130761 0.075072 
0.0134594 -0.0229366 -0.00351921 0.00438357 -0.0229366 0.102633 0.00438357 -0.0115352 -0.00351921 0.00438357 0.00617405 -0.0131816 0.00438357 -0.0115352 -0.0131816 0.0753337 
0.0134478 -0.0228509 -0.00350678 0.00436537 -0.0228509 0.102452 0.00435502 -0.011472 -0.00350678 0.00435502 0.0061653 -0.0132926 0.00436537 -0.011472 -0.0132926 0.0756181 
0.0134855 -0.0228438 -0.00349777 0.00434383 -0.0228438 0.102354 0.00434383 -0.0114116 -0.00349777 0.00434383 0.00613915 -0.0132998 0.00434383 -0.0114116 -0.0132998 0.0757643 
0.0134452 -0.0228775 -0.00352677 0.00436451 -0.0228775 0.102359 0.00435417 -0.0114284 -0.00352677 0.00435417 0.00619512 -0.01329 0.00436451 -0.0114284 -0.01329 0.0758204 
0.0134167 -0.0228291 -0.00355027 0.00438624 -0.0228291 0.102318 0.00438624 -0.0114868 -0.00355027 0.00438624 0.00624394 -0.0133445 0.00438624 -0.0114868 -0.0133445 0.0759283 
0.0134405 -0.0227945 -0.00355265 0.00443568 -0.0227945 0.102216 0.00443568 -0.0115821 -0.00355265 0.00443568 0.00626335 -0.0134303 0.00443568 -0.0115821 -0.0134303 0.0761356 
0.0134963 -0.022847 -0.00352837 0.00438218 -0.022847 0.102292 0.00438218 -0.0115109 -0.00352837 0.00438218 0.00620294 -0.0133934 0.00438218 -0.0115109 -0.0133934 0.0760914 
0.013507 -0.0229362 -0.00352312 0.00435511 -0.0229362 0.102468 0.00435511 -0.0114116 -0.00352312 0.00435511 0.0061937 -0.0133221 0.00435511 -0.0114116 -0.0133221 0.0759473 
0.0136071 -0.0229594 -0.00346344 0.00431646 -0.0229594 0.102619 0.00431646 -0.0112947 -0.00346344 0.00431646 0.0060636 -0.013268 0.00431646 -0.0112947 -0.013268 0.0757333 
0.01366 -0.023041 -0.00346644 0.00427904 -0.023041 0.102759 0.00428933 -0.0112428 -0.00346644 0.00428933 0.0060174 -0.0131766 0.00427904 -0.0112428 -0.0131766 0.075593 
0.0136497 -0.0231027 -0.00348701 0.00428933 -0.0231027 0.102913 0.0043099 -0.0112531 -0.00348701 0.0043099 0.00603798 -0.0131149 0.00428933 -0.0112531 -0.0131149 0.0754387 
0.0136926 -0.0231017 -0.00348221 0.00431424 -0.0231017 0.102987 0.00433479 -0.0112992 -0.00348221 0.00433479 0.00598858 -0.0131276 0.00431424 -0.0112992 -0.0131276 0.0753862 
0.0136796 -0.0231635 -0.00348432 0.00430901 -0.0231635 0.103086 0.00431932 -0.0112983 -0.00348432 0.00431932 0.00599963 -0.0130714 0.00430901 -0.0112983 -0.0130714 0.0753046 
0.0136593 -0.0231623 -0.00348792 0.00430247 -0.0231623 0.103155 0.00430247 -0.0112679 -0.00348792 0.00430247 0.00597333 -0.013064 0.00430247 -0.0112679 -0.013064 0.0752096 
0.013624 -0.0231291 -0.00350633 0.00431954 -0.0231291 0.10312 0.00431954 -0.0112899 -0.00350633 0.00431954 0.00595653 -0.0130431 0.00431954 -0.0112899 -0.0130431 0.0751642 
0.0136689 -0.0230873 -0.00351214 0.00434535 -0.0230873 0.103012 0.0043348 -0.0113274 -0.00351214 0.0043348 0.00589575 -0.0129939 0.00434535 -0.0113274 -0.0129939 0.0750206 
0.0136864 -0.0231365 -0.00350044 0.00433087 -0.0231365 0.103047 0.00433087 -0.0113317 -0.00350044 0.00433087 0.00585508 -0.0128875 0.00433087 -0.0113317 -0.0128875 0.0747496 
0.0136936 -0.0231534 -0.00349466 0.00434985 -0.0231534 0.103098 0.00434985 -0.0113814 -0.00349466 0.00434985 0.00582795 -0.0128384 0.00434985 -0.0113814 -0.0128384 0.0745492 
0.0136927 -0.0231421 -0.00348137 0.00435965 -0.0231421 0.103076 0.00437023 -0.01146 -0.00348137 0.00437023 0.0058305 -0.0128462 0.00435965 -0.01146 -0.0128462 0.0745267 
0.0137136 -0.0231542 -0.00345209 0.00431511 -0.0231542 0.1031 0.00432563 -0.0114087 -0.00345209 0.00432563 0.00582013 -0.0128085 0.00431511 -0.0114087 -0.0128085 0.0744409 
0.0136323 -0.0231748 -0.00345001 0.00426795 -0.0231748 0.103144 0.00427843 -0.0112833 -0.00345001 0.00427843 0.00591431 -0.0127934 0.00426795 -0.0112833 -0.0127934 0.0743588 
0.0135985 -0.0230807 -0.00345476 0.00427382 -0.0230807 0.103044 0.00427382 -0.0112043 -0.00345476 0.00427382 0.00593294 -0.012895 0.00427382 -0.0112043 -0.012895 0.074461 
0.0136109 -0.0230225 -0.0034502 0.00429429 -0.0230225 0.102863 0.00428374 -0.0112369 -0.0034502 0.00428374 0.00590861 -0.0129567 0.00429429 -0.0112369 -0.0129567 0.07467 
0.0135927 -0.0230217 -0.0034716 0.00432115 -0.0230217 0.102764 0.00432115 -0.0113273 -0.0034716 0.00432115 0.00594682 -0.0129425 0.00432115 -0.0113273 -0.0129425 0.0747811 
0.0135913 -0.0230119 -0.00346855 0.00430687 -0.0230119 0.102747 0.00431735 -0.0113278 -0.00346855 0.00431735 0.00595207 -0.012973 0.00430687 -0.0113278 -0.012973 0.0748095 
0.0136225 -0.0230188 -0.00346068 0.00429963 -0.0230188 0.102761 0.00429963 -0.0113049 -0.00346068 0.00429963 0.00591462 -0.0129723 0.00429963 -0.0113049 -0.0129723 0.0748346 
0.0136517 -0.0230609 -0.00346544 0.00429505 -0.0230609 0.10284 0.00429505 -0.0112889 -0.00346544 0.00429505 0.00589125 -0.0129376 0.00429505 -0.0112889 -0.0129376 0.0747905 
0.0137002 -0.0231046 -0.00344089 0.00427472 -0.0231046 0.102952 0.00428528 -0.0112304 -0.00344089 0.00428528 0.00581573 -0.0128769 0.00427472 -0.0112304 -0.0128769 0.0746229 
0.013729 -0.0231459 -0.0034349 0.00428041 -0.0231459 0.103047 0.00428041 -0.0112348 -0.0034349 0.00428041 0.00577063 -0.012799 0.00428041 -0.0112348 -0.012799 0.0744792 
0.0137183 -0.0231766 -0.00345857 0.00428103 -0.0231766 0.103124 0.00428103 -0.0112614 -0.00345857 0.00428103 0.00578888 -0.0127482 0.00428103 -0.0112614 -0.0127482 0.074317 
0.0137017 -0.0231696 -0.00347544 0.00429691 -0.0231696 0.103157 0.00430744 -0.0112899 -0.00347544 0.00430744 0.0057924 -0.0127433 0.00429691 -0.0112899 -0.0127433 0.074227 
0.0136687 -0.0231787 -0.00348314 0.00430643 -0.0231787 0.103175 0.00429588 -0.0113044 -0.00348314 0.00429588 0.00581579 -0.0127399 0.00430643 -0.0113044 -0.0127399 0.0741593 
0.0136697 -0.0231261 -0.00346733 0.00432891 -0.0231261 0.103095 0.00431841 -0.0113581 -0.00346733 0.00431841 0.00582092 -0.0127766 0.00432891 -0.0113581 -0.0127766 0.0742114 
0.013708 -0.0231165 -0.003427 0.00431003 -0.0231165 0.103031 0.004289 -0.0113322 -0.003427 0.004289 0.00576072 -0.0127619 0.00431003 -0.0113322 -0.0127619 0.0742061 
0.0136701 -0.023134 -0.00342533 0.00428948 -0.023134 0.10301 0.00428948 -0.011338 -0.00342533 0.00428948 0.00584077 -0.0127539 0.00428948 -0.011338 -0.0127539 0.0742746 
0.0136001 -0.0230963 -0.003439 0.00428056 -0.0230963 0.102962 0.00428056 -0.011304 -0.003439 0.00428056 0.00592214 -0.0128417 0.00428056 -0.011304 -0.0128417 0.0744216 
0.0135575 -0.023029 -0.00347255 0.0042835 -0.023029 0.102835 0.0042835 -0.0112806 -0.00347255 0.0042835 0.00598858 -0.0129545 0.0042835 -0.0112806 -0.0129545 0.0747014 
0.0135582 -0.0229598 -0.00348284 0.00434318 -0.0229598 0.102661 0.00432245 -0.0113607 -0.00348284 0.00432245 0.00601204 -0.0130606 0.00434318 -0.0113607 -0.0130606 0.0750158 
0.0135813 -0.022975 -0.00346028 0.00432275 -0.022975 0.102634 0.00431236 -0.011368 -0.00346028 0.00431236 0.00598535 -0.0130722 0.00432275 -0.011368 -0.0130722 0.0751286 
0.0136254 -0.0230066 -0.00344574 0.00429667 -0.0230066 0.10271 0.00429667 -0.0113142 -0.00344574 0.00429667 0.00590398 -0.0130371 0.00429667 -0.0113142 -0.0130371 0.0751024 
0.0136413 -0.0230772 -0.00343125 0.00426814 -0.0230772 0.102833 0.0042786 -0.0112352 -0.00343125 0.0042786 0.00588961 -0.0129404 0.00426814 -0.0112352 -0.0129404 0.0749226 
0.0136262 -0.0231131 -0.00342495 0.0042339 -0.0231131 0.102948 0.00424441 -0.0111363 -0.00342495 0.00424441 0.00588334 -0.0128698 0.0042339 -0.0111363 -0.0128698 0.0746869 
0.0135355 -0.0230636 -0.00345432 0.00425789 -0.0230636 0.102899 0.00425789 -0.0111874 -0.00345432 0.00425789 0.00600071 -0.0128989 0.00425789 -0.0111874 -0.0128989 0.0746801 
0.0135066 -0.0229466 -0.00344983 0.0042966 -0.0229466 0.10269 0.00428615 -0.0112276 -0.00344983 0.00428615 0.00603197 -0.0130362 0.0042966 -0.0112276 -0.0130362 0.0748717 
0.0134913 -0.0229068 -0.00345445 0.004297 -0.0229068 0.102517 0.00428647 -0.0112691 -0.00345445 0.00428647 0.00602422 -0.0130806 0.004297 -0.0112691 -0.0130806 0.0750606 
0.013487 -0.022889 -0.00347442 0.00430617 -0.022889 0.102411 0.00429564 -0.0112866 -0.00347442 0.00429564 0.00602232 -0.013087 0.00430617 -0.0112866 -0.013087 0.0751527 
0.013542 -0.0228773 -0.00344378 0.00430208 -0.0228773 0.102392 0.00431267 -0.0113062 -0.00344378 0.00431267 0.0059445 -0.0130652 0.00430208 -0.0113062 -0.0130652 0.075138 
0.0135727 -0.0229585 -0.00341981 0.00426144 -0.0229585 0.102509 0.00427209 -0.0112395 -0.00341981 0.00427209 0.00589144 -0.0129548 0.00426144 -0.0112395 -0.0129548 0.0749161 
0.0135659 -0.023002 -0.00340216 0.00423665 -0.023002 0.102664 0.00424735 -0.011148 -0.00340216 0.00424735 0.00586284 -0.0128597 0.00423665 -0.011148 -0.0128597 0.0746122 
0.0136078 -0.0230021 -0.00337507 0.00419197 -0.0230021 0.102714 0.00421347 -0.0110604 -0.00337507 0.00421347 0.00579352 -0.0128016 0.00419197 -0.0110604 -0.0128016 0.0743591 
0.0136068 -0.0229963 -0.00338023 0.00422797 -0.0229963 0.102684 0.00422797 -0.0111172 -0.00338023 0.00422797 0.00579468 -0.012759 0.00422797 -0.0111172 -0.012759 0.0742684 
0.0135218 -0.0229967 -0.00339905 0.00422757 -0.0229967 0.102673 0.00423819 -0.0111531 -0.00339905 0.00423819 0.00590585 -0.0127464 0.00422757 -0.0111531 -0.0127464 0.0742055 
0.013453 -0.0229254 -0.00339517 0.00421469 -0.0229254 0.102568 0.00422534 -0.0111221 -0.00339517 0.00422534 0.00597082 -0.0128569 0.00421469 -0.0111221 -0.0128569 0.0743106 
0.0134311 -0.0228211 -0.00340869 0.0042555 -0.0228211 0.102325 0.00423406 -0.0111586 -0.00340869 0.00423406 0.005992 -0.0129809 0.0042555 -0.0111586 -0.0129809 0.0746374 
0.0133864 -0.0227815 -0.00343488 0.00428023 -0.0227815 0.102148 0.00426953 -0.0112463 -0.00343488 0.00426953 0.00604582 -0.0130226 0.00428023 -0.0112463 -0.0130226 0.074904 
0.0134083 -0.0227387 -0.00344817 0.00429152 -0.0227387 0.102036 0.00429152 -0.0112839 -0.00344817 0.00429152 0.0060423 -0.0130881 0.00429152 -0.0112839 -0.0130881 0.075027 
0.0133664 -0.0227719 -0.00345903 0.00428108 -0.0227719 0.102063 0.0042704 -0.0112418 -0.00345903 0.0042704 0.00608532 -0.0130568 0.00428108 -0.0112418 -0.0130568 0.0750096 
0.0132956 -0.0227333 -0.00344347 0.00427246 -0.0227333 0.10204 0.00426183 -0.0111807 -0.00344347 0.00426183 0.00615362 -0.0130937 0.00427246 -0.0111807 -0.0130937 0.0750019 
0.0132043 -0.0226481 -0.00346307 0.00427042 -0.0226481 0.101885 0.00425979 -0.0111753 -0.00346307 0.00425979 0.00624628 -0.0131724 0.00427042 -0.0111753 -0.0131724 0.0751572 
0.0131383 -0.0225258 -0.0034737 0.00431549 -0.0225258 0.101579 0.00429418 -0.0112522 -0.0034737 0.00429418 0.00629742 -0.0133088 0.00431549 -0.0112522 -0.0133088 0.0754838 
0.0131254 -0.022403 -0.00348443 0.00437157 -0.022403 0.10123 0.0043502 -0.0114366 -0.00348443 0.0043502 0.00632756 -0.0134461 0.00437157 -0.0114366 -0.0134461 0.07592 
0.0131355 -0.0223988 -0.00350851 0.00438564 -0.0223988 0.101084 0.00437494 -0.011531 -0.00350851 0.00437494 0.00634313 -0.0134778 0.00438564 -0.011531 -0.0134778 0.0761389 
0.0131266 -0.0224126 -0.003509 0.00438625 -0.0224126 0.101098 0.00438625 -0.0115433 -0.003509 0.00438625 0.00636541 -0.013469 0.00438625 -0.0115433 -0.013469 0.0761923 
0.013083 -0.0224372 -0.00351452 0.0043503 -0.0224372 0.10116 0.0043503 -0.0114436 -0.00351452 0.0043503 0.00639686 -0.0134688 0.0043503 -0.0114436 -0.0134688 0.0761302 
0.0130751 -0.0224099 -0.00351528 0.00432979 -0.0224099 0.101171 0.00432979 -0.0113282 -0.00351528 0.00432979 0.00639823 -0.0134717 0.00432979 -0.0113282 -0.0134717 0.07605 
0.0130725 -0.0223793 -0.00350753 0.00433599 -0.0223793 0.101126 0.00432523 -0.0112865 -0.00350753 0.00432523 0.00635874 -0.0134599 0.00433599 -0.0112865 -0.0134599 0.0759928 
0.0130886 -0.0223777 -0.0034982 0.004327 -0.0223777 0.101103 0.00431624 -0.0112911 -0.0034982 0.00431624 0.00631828 -0.0134115 0.004327 -0.0112911 -0.0134115 0.075884 
0.0131042 -0.0223663 -0.00348802 0.00435735 -0.0223663 0.101024 0.00435735 -0.0113978 -0.00348802 0.00435735 0.00631064 -0.0134047 0.00435735 -0.0113978 -0.0134047 0.0758994 
0.0131144 -0.0223918 -0.00347367 0.00433941 -0.0223918 0.101036 0.00433941 -0.0114043 -0.00347367 0.00433941 0.00631673 -0.0133923 0.00433941 -0.0114043 -0.0133923 0.0758329 
0.0131432 -0.0223977 -0.00345315 0.00431378 -0.0223977 0.101066 0.0043244 -0.0113795 -0.00345315 0.0043244 0.00631129 -0.0133982 0.00431378 -0.0113795 -0.0133982 0.0758418 
0.0131522 -0.0224448 -0.00344487 0.00429545 -0.0224448 0.101145 0.00430608 -0.0113128 -0.00344487 0.00430608 0.00630496 -0.0133967 0.00429545 -0.0113128 -0.0133967 0.0758615 
0.0131415 -0.0224483 -0.00346496 0.00429951 -0.0224483 0.101192 0.00431007 -0.0113139 -0.00346496 0.00431007 0.0063489 -0.0134162 0.00429951 -0.0113139 -0.0134162 0.0759439 
0.0131138 -0.0224626 -0.00345823 0.00427256 -0.0224626 0.101251 0.00427256 -0.0112207 -0.00345823 0.00427256 0.00637711 -0.0134311 0.00427256 -0.0112207 -0.0134311 0.0759436 
0.0131943 -0.0224272 -0.00343968 0.00428097 -0.0224272 0.10122 0.00428097 -0.0111923 -0.00343968 0.00428097 0.00627236 -0.0134712 0.00428097 -0.0111923 -0.0134712 0.0760351 
0.0132006 -0.022501 -0.00343945 0.0042752 -0.022501 0.101276 0.00428591 -0.0112398 -0.00343945 0.00428591 0.00625743 -0.0133828 0.0042752 -0.0112398 -0.0133828 0.0760107 
0.0131728 -0.0225192 -0.00344059 0.00425518 -0.0225192 0.101396 0.0042659 -0.0111792 -0.00344059 0.0042659 0.00625951 -0.0133122 0.00425518 -0.0111792 -0.0133122 0.0758001 
0.0131312 -0.022509 -0.00347368 0.00426951 -0.022509 0.101403 0.00426951 -0.0111631 -0.00347368 0.00426951 0.00629134 -0.0133032 0.00426951 -0.0111631 -0.0133032 0.0756789 
0.0131098 -0.0224371 -0.00348162 0.00430905 -0.0224371 0.101268 0.0042983 -0.0112401 -0.00348162 0.0042983 0.00629701 -0.013357 0.00430905 -0.0112401 -0.013357 0.0757038 
0.0131016 -0.0223898 -0.00349375 0.00435653 -0.0223898 0.101116 0.00434588 -0.0113866 -0.00349375 0.00434588 0.00633774 -0.0133785 0.00435653 -0.0113866 -0.0133785 0.0758292 
0.0130992 -0.0223593 -0.00349101 0.00437694 -0.0223593 0.101018 0.00435585 -0.011475 -0.00349101 0.00435585 0.00638085 -0.0134472 0.00437694 -0.011475 -0.0134472 0.075969 
0.0131274 -0.0223956 -0.00349009 0.00434416 -0.0223956 0.101044 0.00433361 -0.0114192 -0.00349009 0.00433361 0.00637916 -0.0134859 0.00434416 -0.0114192 -0.0134859 0.076065 
0.013133 -0.0224271 -0.00348795 0.0043174 -0.0224271 0.10114 0.0043174 -0.0113465 -0.00348795 0.0043174 0.0063485 -0.0134945 0.0043174 -0.0113465 -0.0134945 0.0761182 
0.0130875 -0.0224496 -0.00350003 0.00430525 -0.0224496 0.1012 0.00430525 -0.0113053 -0.00350003 0.00430525 0.00636662 -0.0134633 0.00430525 -0.0113053 -0.0134633 0.0760989 
0.0130765 -0.022389 -0.00349355 0.00432638 -0.022389 0.101151 0.00432638 -0.0113135 -0.00349355 0.00432638 0.00634897 -0.013455 0.00432638 -0.0113135 -0.013455 0.0760686 
0.0130644 -0.0223624 -0.0034652 0.00433688 -0.0223624 0.101029 0.00434764 -0.0113749 -0.0034652 0.00434764 0.00634927 -0.0134303 0.00433688 -0.0113749 -0.0134303 0.0760299 
0.0130956 -0.0223617 -0.0034411 0.00430407 -0.0223617 0.100989 0.00431485 -0.0113265 -0.0034411 0.00431485 0.00631048 -0.0134084 0.00430407 -0.0113265 -0.0134084 0.0759199 
0.0131478 -0.0223685 -0.00342145 0.00426068 -0.0223685 0.100987 0.00427144 -0.0112542 -0.00342145 0.00427144 0.0062619 -0.0133738 0.00426068 -0.0112542 -0.0133738 0.0758529 
0.0131547 -0.0224315 -0.00342792 0.00425277 -0.0224315 0.101092 0.00426348 -0.0112157 -0.00342792 0.00426348 0.00626667 -0.013326 0.00425277 -0.0112157 -0.013326 0.0757464 
0.0130977 -0.0224761 -0.00341911 0.00421226 -0.0224761 0.101234 0.0042337 -0.0111041 -0.00341911 0.0042337 0.00632375 -0.0132906 0.00421226 -0.0111041 -0.0132906 0.0756064 
0.0130391 -0.0224005 -0.00341886 0.00422774 -0.0224005 0.101174 0.00422774 -0.0110655 -0.00341886 0.00422774 0.00635239 -0.0133735 0.00422774 -0.0110655 -0.0133735 0.0756571 
0.0129696 -0.0223233 -0.00343185 0.0042438 -0.0223233 0.100974 0.00423298 -0.0110859 -0.00343185 0.00423298 0.00640901 -0.0134243 0.0042438 -0.0110859 -0.0134243 0.0758255 
0.012901 -0.0222409 -0.00341916 0.00422752 -0.0222409 0.100794 0.00422752 -0.0110549 -0.00341916 0.00422752 0.00642321 -0.0134472 0.00422752 -0.0110549 -0.0134472 0.0758551 
0.0128637 -0.0221286 -0.00342376 0.00426602 -0.0221286 0.100503 0.00425509 -0.0111573 -0.00342376 0.00425509 0.00644279 -0.01352 0.00426602 -0.0111573 -0.01352 0.0760337 
0.012868 -0.0220532 -0.00343074 0.00428568 -0.0220532 0.100226 0.00428568 -0.0112677 -0.00343074 0.00428568 0.00644497 -0.0135476 0.00428568 -0.0112677 -0.0135476 0.0762106 
0.012815 -0.0220691 -0.00341807 0.00428633 -0.0220691 0.100157 0.00427534 -0.0112763 -0.00341807 0.00427534 0.00647345 -0.0135294 0.00428633 -0.0112763 -0.0135294 0.0761977 
0.0127867 -0.0220362 -0.00339441 0.00422928 -0.0220362 0.10013 0.00422928 -0.0111499 -0.00339441 0.00422928 0.00650321 -0.0135337 0.00422928 -0.0111499 -0.0135337 0.0761271 
0.0127258 -0.0219758 -0.00342066 0.00422359 -0.0219758 0.0999802 0.00422359 -0.0111089 -0.00342066 0.00422359 0.00655536 -0.0135837 0.00422359 -0.0111089 -0.0135837 0.0762115 
0.012701 -0.0219021 -0.00341188 0.00424834 -0.0219021 0.099825 0.00423733 -0.0111271 -0.00341188 0.00423733 0.00657062 -0.0136365 0.00424834 -0.0111271 -0.0136365 0.0763271 
0.0126441 -0.0218776 -0.0033776 0.00424393 -0.0218776 0.099694 0.00423297 -0.0111307 -0.0033776 0.00423297 0.00663457 -0.0136639 0.00424393 -0.0111307 -0.0136639 0.0764018 
0.0126256 -0.0217959 -0.00335659 0.00420122 -0.0217959 0.0995349 0.00419025 -0.011068 -0.00335659 0.00419025 0.00664736 -0.0137335 0.00420122 -0.011068 -0.0137335 0.0765214 
0.0126273 -0.0217599 -0.0033629 0.00418714 -0.0217599 0.0994033 0.00417615 -0.0110008 -0.0033629 0.00417615 0.00663787 -0.0137593 0.00418714 -0.0110008 -0.0137593 0.0766542 
0.0126359 -0.0217403 -0.00336589 0.0042046 -0.0217403 0.0992882 0.0042046 -0.0110467 -0.00336589 0.0042046 0.00662142 -0.0137946 0.0042046 -0.0110467 -0.0137946 0.0768085 
0.0127435 -0.021772 -0.00337328 0.00421108 -0.021772 0.0993022 0.00422211 -0.0111009 -0.00337328 0.00422211 0.00652608 -0.0137577 0.00421108 -0.0111009 -0.0137577 0.0767916 
0.0128338 -0.0219253 -0.00334603 0.00416052 -0.0219253 0.0995994 0.00418253 -0.0109957 -0.00334603 0.00418253 0.0064389 -0.0136042 0.00416052 -0.0109957 -0.0136042 0.0764523 
0.0128531 -0.0220245 -0.0033749 0.00416384 -0.0220245 0.0998773 0.00418575 -0.0109794 -0.0033749 0.00418575 0.00643203 -0.0134996 0.00416384 -0.0109794 -0.0134996 0.0761763 
0.0128614 -0.0220543 -0.00340641 0.00420342 -0.0220543 0.100041 0.00421434 -0.0110381 -0.00340641 0.00421434 0.00643069 -0.0134837 0.00420342 -0.0110381 -0.0134837 0.0760438 
0.012901 -0.0220847 -0.00340017 0.00422015 -0.0220847 0.100157 0.00422015 -0.0110752 -0.00340017 0.00422015 0.00638489 -0.0134695 0.00422015 -0.0110752 -0.0134695 0.0759517 
0.0129611 -0.0221505 -0.00337926 0.00421863 -0.0221505 0.100299 0.00420773 -0.0110426 -0.00337926 0.00420773 0.00633339 -0.013408 0.00421863 -0.0110426 -0.013408 0.0758045 
0.0130042 -0.0221861 -0.00337827 0.00423366 -0.0221861 0.100395 0.00423366 -0.0111201 -0.00337827 0.00423366 0.00630177 -0.0133723 0.00423366 -0.0111201 -0.0133723 0.0757728 
