0.00883693 0 0.00297601 0 0 0.00999089 0 0 0.00297601 0 0.00485879 0 0 0 0 0.00999089 
0.012225 -0.015146 0.00428685 -0.00528757 -0.015146 0.0382166 -0.00528757 0.0101424 0.00428685 -0.00528757 0.0071673 -0.00892531 -0.00528757 0.0101424 -0.00892531 0.0263161 
0.0119514 -0.0217888 0.00394622 -0.00684951 -0.0217888 0.0786707 -0.00684951 0.0219156 0.00394622 -0.00684951 0.00741325 -0.0142487 -0.00684951 0.0219156 -0.0142487 0.0547961 
0.0112555 -0.020635 0.00354339 -0.00528034 -0.020635 0.090016 -0.00528034 0.0195929 0.00354339 -0.00528034 0.00707288 -0.0148822 -0.00528034 0.0195929 -0.0148822 0.0699229 
0.0113418 -0.0198614 0.00359069 -0.00459767 -0.0198614 0.0916752 -0.00458442 0.0154492 0.00359069 -0.00458442 0.00700913 -0.0148132 -0.00459767 0.0154492 -0.0148132 0.0766897 
0.0116058 -0.0200108 0.00370478 -0.00470028 -0.0200108 0.0928589 -0.00466247 0.013811 0.00370478 -0.00466247 0.00705672 -0.0147057 -0.00470028 0.013811 -0.0147057 0.0791739 
0.011745 -0.0201859 0.00384666 -0.00491987 -0.0201859 0.0937067 -0.0048837 0.0137226 0.00384666 -0.0048837 0.00713864 -0.0147114 -0.00491987 0.0137226 -0.0147114 0.079972 
0.0117713 -0.020278 0.00394327 -0.00512508 -0.020278 0.0941705 -0.00510168 0.0140881 0.00394327 -0.00510168 0.00718448 -0.0146966 -0.00512508 0.0140881 -0.0146966 0.080059 
0.0117481 -0.0203016 0.0039006 -0.00523166 -0.0203016 0.0943667 -0.00523166 0.0144449 0.0039006 -0.00523166 0.00723405 -0.014688 -0.00523166 0.0144449 -0.014688 0.0799681 
0.0117201 -0.0202491 0.00389141 -0.00518854 -0.0202491 0.0942662 -0.00520002 0.014544 0.00389141 -0.00520002 0.00727774 -0.0147621 -0.00518854 0.014544 -0.0147621 0.0800321 
0.011647 -0.0201912 0.00392416 -0.00516758 -0.0201912 0.0940773 -0.00516758 0.0145217 0.00392416 -0.00516758 0.00735781 -0.0148297 -0.00516758 0.0145217 -0.0148297 0.0802058 
0.0116167 -0.0201303 0.00395558 -0.00520591 -0.0201303 0.0939336 -0.00519454 0.0145379 0.00395558 -0.00519454 0.00741103 -0.014913 -0.00520591 0.0145379 -0.014913 0.0804074 
0.0115858 -0.0200897 0.0039837 -0.00525072 -0.0200897 0.0938281 -0.00522789 0.0145879 0.0039837 -0.00522789 0.0074195 -0.0149874 -0.00525072 0.0145879 -0.0149874 0.0805986 
0.0115403 -0.020039 0.00397589 -0.005286 -0.020039 0.093724 -0.00526322 0.0146732 0.00397589 -0.00526322 0.00746192 -0.0150264 -0.005286 0.0146732 -0.0150264 0.0807596 
0.0115453 -0.0200011 0.00395904 -0.0052749 -0.0200011 0.0935866 -0.00525202 0.0146919 0.00395904 -0.00525202 0.00744894 -0.0150581 -0.0052749 0.0146919 -0.0150581 0.0808856 
0.0115676 -0.0200244 0.00394036 -0.00523078 -0.0200244 0.0936355 -0.00523078 0.0146093 0.00394036 -0.00523078 0.00740835 -0.0150126 -0.00523078 0.0146093 -0.0150126 0.0808351 
0.0116014 -0.0201006 0.0039094 -0.00517794 -0.0201006 0.0938257 -0.00518947 0.0144959 0.0039094 -0.00518947 0.00736905 -0.0149342 -0.00517794 0.0144959 -0.0149342 0.0806214 
0.011617 -0.0201582 0.00388758 -0.00513389 -0.0201582 0.0940337 -0.00514533 0.0143497 0.00388758 -0.00514533 0.00737497 -0.0148643 -0.00513389 0.0143497 -0.0148643 0.0803814 
0.0116437 -0.0201854 0.00386602 -0.00512049 -0.0201854 0.0941417 -0.00512049 0.0142895 0.00386602 -0.00512049 0.00736711 -0.0148597 -0.00512049 0.0142895 -0.0148597 0.0803084 
0.0116922 -0.0201821 0.00381762 -0.00509396 -0.0201821 0.09413 -0.00509396 0.0142335 0.00381762 -0.00509396 0.00733895 -0.0149058 -0.00509396 0.0142335 -0.0149058 0.0803979 
0.0117085 -0.0202362 0.00376223 -0.0050277 -0.0202362 0.0942153 -0.0050391 0.0141141 0.00376223 -0.0050391 0.00734204 -0.0148779 -0.0050277 0.0141141 -0.0148779 0.0804205 
0.011722 -0.0202553 0.00375603 -0.00495887 -0.0202553 0.0942865 -0.00498156 0.0139574 0.00375603 -0.00498156 0.0073305 -0.0148766 -0.00495887 0.0139574 -0.0148766 0.0803972 
0.011764 -0.0202785 0.00375906 -0.00493659 -0.0202785 0.0943727 -0.00494792 0.0138247 0.00375906 -0.00494792 0.00731431 -0.0148664 -0.00493659 0.0138247 -0.0148664 0.0803895 
0.0117763 -0.0202977 0.00378604 -0.00496141 -0.0202977 0.094391 -0.00496141 0.0138332 0.00378604 -0.00496141 0.00731214 -0.0148729 -0.00496141 0.0138332 -0.0148729 0.0804448 
0.0118152 -0.0203434 0.00379532 -0.00500395 -0.0203434 0.0944764 -0.00500395 0.0138936 0.00379532 -0.00500395 0.00727437 -0.0148537 -0.00500395 0.0138936 -0.0148537 0.0804247 
0.0118192 -0.0204026 0.00376943 -0.00499563 -0.0204026 0.0946445 -0.00500698 0.013931 0.00376943 -0.00500698 0.00727772 -0.0148052 -0.00499563 0.013931 -0.0148052 0.0803388 
0.0117919 -0.0204091 0.00378702 -0.00497755 -0.0204091 0.0947549 -0.00497755 0.0139009 0.00378702 -0.00497755 0.00730192 -0.0147966 -0.00497755 0.0139009 -0.0147966 0.0802757 
0.0117622 -0.0203444 0.00377255 -0.00499208 -0.0203444 0.0946443 -0.00499208 0.0139049 0.00377255 -0.00499208 0.00730576 -0.0148623 -0.00499208 0.0139049 -0.0148623 0.0803747 
0.0117154 -0.0202679 0.00376811 -0.00501273 -0.0202679 0.0943969 -0.00500131 0.0139763 0.00376811 -0.00500131 0.00734211 -0.014924 -0.00501273 0.0139763 -0.014924 0.0805577 
0.0116769 -0.0201849 0.00377748 -0.00500603 -0.0201849 0.0941271 -0.00499455 0.0139962 0.00377748 -0.00499455 0.00735978 -0.0149722 -0.00500603 0.0139962 -0.0149722 0.080705 
0.011693 -0.0201646 0.00378302 -0.00500963 -0.0201646 0.0940251 -0.00499817 0.0139742 0.00378302 -0.00499817 0.00732529 -0.0149486 -0.00500963 0.0139742 -0.0149486 0.0807043 
0.0117397 -0.0202487 0.00378809 -0.00498254 -0.0202487 0.0941791 -0.00498254 0.0139238 0.00378809 -0.00498254 0.00730317 -0.0148566 -0.00498254 0.0139238 -0.0148566 0.0804942 
0.0117603 -0.0202791 0.00379878 -0.00500438 -0.0202791 0.0942757 -0.00501575 0.0139668 0.00379878 -0.00501575 0.00729047 -0.0148425 -0.00500438 0.0139668 -0.0148425 0.0803885 
0.0117647 -0.0202753 0.00385709 -0.00504039 -0.0202753 0.0942997 -0.00505177 0.0140517 0.00385709 -0.00505177 0.00728183 -0.0148481 -0.00504039 0.0140517 -0.0148481 0.0803959 
0.0117839 -0.020321 0.00391663 -0.00508594 -0.020321 0.0944077 -0.00509729 0.0141566 0.00391663 -0.00509729 0.00727698 -0.0148151 -0.00508594 0.0141566 -0.0148151 0.0803192 
0.01179 -0.0203522 0.00393001 -0.00516451 -0.0203522 0.0945354 -0.00517583 0.0143043 0.00393001 -0.00517583 0.00729373 -0.0148027 -0.00516451 0.0143043 -0.0148027 0.0802424 
0.0117574 -0.0203484 0.00396073 -0.00519775 -0.0203484 0.0945356 -0.00519775 0.0144357 0.00396073 -0.00519775 0.00730863 -0.0148215 -0.00519775 0.0144357 -0.0148215 0.0802815 
0.0117564 -0.0203115 0.00401271 -0.00523005 -0.0203115 0.0944904 -0.00523005 0.0145292 0.00401271 -0.00523005 0.00732659 -0.0148561 -0.00523005 0.0145292 -0.0148561 0.0803557 
0.0117601 -0.0202803 0.00404709 -0.00529148 -0.0202803 0.0944058 -0.00528027 0.0146637 0.00404709 -0.00528027 0.00733184 -0.0148879 -0.00529148 0.0146637 -0.0148879 0.0804596 
0.0117353 -0.0202905 0.00408721 -0.00534137 -0.0202905 0.0943641 -0.00534137 0.0148259 0.00408721 -0.00534137 0.00735698 -0.0149155 -0.00534137 0.0148259 -0.0149155 0.080546 
0.0117535 -0.0203452 0.00410033 -0.005374 -0.0203452 0.0945422 -0.005374 0.0148819 0.00410033 -0.005374 0.00736272 -0.014893 -0.005374 0.0148819 -0.014893 0.0804983 
0.011743 -0.0203687 0.00410056 -0.00538547 -0.0203687 0.094648 -0.0053743 0.0149162 0.00410056 -0.0053743 0.00738547 -0.014905 -0.00538547 0.0149162 -0.014905 0.0804916 
0.0117199 -0.0203369 0.00410756 -0.00540233 -0.0203369 0.09463 -0.00538 0.0149457 0.00410756 -0.00538 0.00742262 -0.0149569 -0.00540233 0.0149457 -0.0149569 0.0806108 
0.0117325 -0.0202783 0.00410023 -0.00540384 -0.0202783 0.0944836 -0.00538156 0.0149859 0.00410023 -0.00538156 0.00740939 -0.0150305 -0.00540384 0.0149859 -0.0150305 0.0808125 
0.0117371 -0.0202954 0.00412355 -0.00540174 -0.0202954 0.0944527 -0.00537951 0.0149826 0.00412355 -0.00537951 0.0074135 -0.0150271 -0.00540174 0.0149826 -0.0150271 0.0809038 
0.0117379 -0.020322 0.00413104 -0.00540811 -0.020322 0.0945142 -0.00540811 0.0149917 0.00413104 -0.00540811 0.00742921 -0.015025 -0.00540811 0.0149917 -0.015025 0.0808995 
0.0117656 -0.0202643 0.00410899 -0.00544497 -0.0202643 0.0943945 -0.00544497 0.0150775 0.00410899 -0.00544497 0.00737597 -0.0150663 -0.00544497 0.0150775 -0.0150663 0.0810347 
0.0118262 -0.020358 0.0040649 -0.00539382 -0.020358 0.0945537 -0.00540498 0.01502 0.0040649 -0.00540498 0.00732576 -0.014953 -0.00539382 0.01502 -0.014953 0.0808626 
0.01184 -0.0204348 0.00405374 -0.00532746 -0.0204348 0.0947866 -0.00534961 0.0148969 0.00405374 -0.00534961 0.00733217 -0.0148859 -0.00532746 0.0148969 -0.0148859 0.0806428 
0.011808 -0.0203946 0.00403226 -0.00533191 -0.0203946 0.0947414 -0.00535413 0.0148627 0.00403226 -0.00535413 0.00735359 -0.0149405 -0.00533191 0.0148627 -0.0149405 0.0806896 
0.0118091 -0.0203552 0.00405105 -0.00531632 -0.0203552 0.0946504 -0.00531632 0.0148391 0.00405105 -0.00531632 0.00734739 -0.0149834 -0.00531632 0.0148391 -0.0149834 0.0807991 
0.011803 -0.0203991 0.0040865 -0.00532247 -0.0203991 0.0947132 -0.00532247 0.0147982 0.0040865 -0.00532247 0.00734901 -0.0149541 -0.00532247 0.0147982 -0.0149541 0.0807723 
0.0118115 -0.0203573 0.00416224 -0.00537991 -0.0203573 0.0946356 -0.00537991 0.014911 0.00416224 -0.00537991 0.00735034 -0.0149663 -0.00537991 0.014911 -0.0149663 0.0808094 
0.0117984 -0.0203689 0.00416282 -0.00547622 -0.0203689 0.0946206 -0.00548735 0.0151041 0.00416282 -0.00548735 0.00734615 -0.0149594 -0.00547622 0.0151041 -0.0149594 0.0808076 
0.0118137 -0.0204125 0.00411587 -0.00547299 -0.0204125 0.0947651 -0.00547299 0.0151731 0.00411587 -0.00547299 0.00733069 -0.0149172 -0.00547299 0.0151731 -0.0149172 0.0806821 
0.011827 -0.0204476 0.00408286 -0.00539203 -0.0204476 0.0949042 -0.00539203 0.0150555 0.00408286 -0.00539203 0.00733361 -0.0148891 -0.00539203 0.0150555 -0.0148891 0.0805809 
0.0118303 -0.0204933 0.00406114 -0.00534128 -0.0204933 0.0950284 -0.00534128 0.0148872 0.00406114 -0.00534128 0.00737185 -0.0148872 -0.00534128 0.0148872 -0.0148872 0.0805275 
0.0118091 -0.0204287 0.00405041 -0.00535273 -0.0204287 0.0949254 -0.00534169 0.0148331 0.00405041 -0.00534169 0.00740553 -0.0149766 -0.00535273 0.0148331 -0.0149766 0.0807103 
0.0117634 -0.0203358 0.00400267 -0.00534801 -0.0203358 0.094652 -0.00532577 0.0148543 0.00400267 -0.00532577 0.00742717 -0.0150767 -0.00534801 0.0148543 -0.0150767 0.0810096 
0.0117062 -0.0202555 0.00397695 -0.00529136 -0.0202555 0.0943795 -0.00526889 0.0147731 0.00397695 -0.00526889 0.00743712 -0.0151214 -0.00529136 0.0147731 -0.0151214 0.0812353 
0.0116699 -0.0202052 0.00401398 -0.00525426 -0.0202052 0.0942045 -0.00524298 0.0146578 0.00401398 -0.00524298 0.00744165 -0.0150975 -0.00525426 0.0146578 -0.0150975 0.0812493 
0.0116269 -0.0201456 0.00406089 -0.00529731 -0.0201456 0.0940357 -0.00528596 0.0146895 0.00406089 -0.00528596 0.00744119 -0.0151092 -0.00529731 0.0146895 -0.0151092 0.0812178 
0.011599 -0.020145 0.0040971 -0.00534553 -0.020145 0.0939837 -0.00533418 0.0147995 0.0040971 -0.00533418 0.00744515 -0.0150492 -0.00534553 0.0147995 -0.0150492 0.0810795 
0.0116132 -0.0201739 0.00410011 -0.00538422 -0.0201739 0.0941112 -0.00537295 0.0148685 0.00410011 -0.00537295 0.00747933 -0.0150037 -0.00538422 0.0148685 -0.0150037 0.0808759 
0.0115921 -0.0201147 0.00416011 -0.00540814 -0.0201147 0.0940184 -0.0053969 0.0149764 0.00416011 -0.0053969 0.00749944 -0.0150663 -0.00540814 0.0149764 -0.0150663 0.0809197 
0.011596 -0.0200726 0.00418178 -0.00548153 -0.0200726 0.0938528 -0.00547022 0.0151335 0.00418178 -0.00547022 0.0074933 -0.0151335 -0.00548153 0.0151335 -0.0151335 0.081104 
0.0116113 -0.0200991 0.00418732 -0.00552274 -0.0200991 0.0938412 -0.00551142 0.0152781 0.00418732 -0.00551142 0.00745796 -0.0151083 -0.00552274 0.0152781 -0.0151083 0.0811322 
0.0115893 -0.0200737 0.00420808 -0.00553875 -0.0200737 0.093772 -0.00553875 0.0153766 0.00420808 -0.00553875 0.00744945 -0.0150922 -0.00553875 0.0153766 -0.0150922 0.0811364 
0.0116351 -0.0201165 0.00423504 -0.0055416 -0.0201165 0.0939031 -0.00555286 0.0153971 0.00423504 -0.00555286 0.00743386 -0.0150254 -0.0055416 0.0153971 -0.0150254 0.0809614 
0.011675 -0.0202494 0.00420883 -0.00552969 -0.0202494 0.0942509 -0.00554088 0.0153578 0.00420883 -0.00554088 0.00742142 -0.0149324 -0.00552969 0.0153578 -0.0149324 0.0806618 
0.0116633 -0.0202402 0.00420459 -0.00552412 -0.0202402 0.0943238 -0.0055353 0.0153535 0.00420459 -0.0055353 0.00745868 -0.0149845 -0.00552412 0.0153535 -0.0149845 0.0806924 
0.0116632 -0.0201984 0.00421173 -0.00552998 -0.0201984 0.0942667 -0.00551881 0.0153499 0.00421173 -0.00551881 0.00746269 -0.0150594 -0.00552998 0.0153499 -0.0150594 0.0808718 
0.0116745 -0.0202639 0.00423922 -0.00552652 -0.0202639 0.0943947 -0.00552652 0.0153033 0.00423922 -0.00552652 0.00749076 -0.0150481 -0.00552652 0.0153033 -0.0150481 0.0809002 
0.0116986 -0.0202318 0.00421679 -0.00555599 -0.0202318 0.0943411 -0.00555599 0.015362 0.00421679 -0.00555599 0.00749283 -0.0151185 -0.00555599 0.015362 -0.0151185 0.081082 
0.011737 -0.0202358 0.00419968 -0.005548 -0.0202358 0.0942829 -0.005548 0.0153841 0.00419968 -0.005548 0.00745996 -0.015152 -0.005548 0.0153841 -0.015152 0.0812418 
0.0118175 -0.0203537 0.00419719 -0.00549451 -0.0203537 0.0945295 -0.00550541 0.0152734 0.00419719 -0.00550541 0.00742412 -0.0150663 -0.00549451 0.0152734 -0.0150663 0.0811312 
0.0118763 -0.0204385 0.00418333 -0.00547636 -0.0204385 0.0947605 -0.00549809 0.0152121 0.00418333 -0.00549809 0.00741047 -0.01506 -0.00547636 0.0152121 -0.01506 0.0810588 
0.0119246 -0.0205011 0.00413066 -0.00547856 -0.0205011 0.0949508 -0.00548943 0.0151965 0.00413066 -0.00548943 0.00736997 -0.0150443 -0.00547856 0.0151965 -0.0150443 0.0810588 
0.0119462 -0.0205705 0.00411193 -0.00541044 -0.0205705 0.0951696 -0.00543208 0.0150843 0.00411193 -0.00543208 0.00737983 -0.0150085 -0.00541044 0.0150843 -0.0150085 0.0810159 
0.011936 -0.0205991 0.00411549 -0.0053685 -0.0205991 0.0952936 -0.00539011 0.0149389 0.00411549 -0.00539011 0.00738844 -0.0150253 -0.0053685 0.0149389 -0.0150253 0.0810136 
0.0119439 -0.0205784 0.00411784 -0.00537907 -0.0205784 0.0952925 -0.00538985 0.0149191 0.00411784 -0.00538985 0.00741643 -0.01507 -0.00537907 0.0149191 -0.01507 0.081128 
0.0119273 -0.020586 0.0040804 -0.00539002 -0.020586 0.0952994 -0.00539002 0.0149037 0.0040804 -0.00539002 0.00741398 -0.0150769 -0.00539002 0.0149037 -0.0150769 0.0811966 
0.0118949 -0.0205299 0.00403402 -0.00536415 -0.0205299 0.0951701 -0.00535325 0.0148823 0.00403402 -0.00535325 0.00743567 -0.015133 -0.00536415 0.0148823 -0.015133 0.0813454 
0.0118824 -0.0204751 0.00397179 -0.00529205 -0.0204751 0.0950149 -0.00529205 0.0147649 0.00397179 -0.00529205 0.00739347 -0.015139 -0.00529205 0.0147649 -0.015139 0.0814162 
0.0119034 -0.0204739 0.00387554 -0.0052043 -0.0204739 0.0949286 -0.0052043 0.014561 0.00387554 -0.0052043 0.00735245 -0.0150814 -0.0052043 0.014561 -0.0150814 0.0813531 
0.011876 -0.0204182 0.00382772 -0.00511859 -0.0204182 0.0947613 -0.00512982 0.0143792 0.00382772 -0.00512982 0.00731869 -0.0150639 -0.00511859 0.0143792 -0.0150639 0.0812801 
0.0118673 -0.0204274 0.00384702 -0.00503937 -0.0204274 0.0947357 -0.00505062 0.014162 0.00384702 -0.00505062 0.00728909 -0.0149606 -0.00503937 0.014162 -0.0149606 0.0810574 
0.0118671 -0.0204465 0.00388439 -0.00504408 -0.0204465 0.0947792 -0.0050666 0.0140964 0.00388439 -0.0050666 0.00727338 -0.0148845 -0.00504408 0.0140964 -0.0148845 0.0807728 
0.0119363 -0.0205116 0.00388571 -0.00509162 -0.0205116 0.0949988 -0.00510278 0.0141136 0.00388571 -0.00510278 0.00723545 -0.0147947 -0.00509162 0.0141136 -0.0147947 0.0804498 
0.0119905 -0.0205694 0.00385607 -0.00510068 -0.0205694 0.0951682 -0.00510068 0.0141686 0.00385607 -0.00510068 0.00721207 -0.0147686 -0.00510068 0.0141686 -0.0147686 0.0802885 
0.0120247 -0.0206515 0.00389423 -0.00507463 -0.0206515 0.0953369 -0.00508566 0.0141428 0.00389423 -0.00508566 0.00720377 -0.0147495 -0.00507463 0.0141428 -0.0147495 0.0802123 
0.0119908 -0.020649 0.00394158 -0.00512627 -0.020649 0.0953399 -0.00513735 0.0142384 0.00394158 -0.00513735 0.00725207 -0.0148031 -0.00512627 0.0142384 -0.0148031 0.0803375 
0.0119347 -0.0206005 0.00401479 -0.00519948 -0.0206005 0.0952799 -0.00519948 0.0144028 0.00401479 -0.00519948 0.0073056 -0.0148525 -0.00519948 0.0144028 -0.0148525 0.0804822 
0.0118971 -0.0204918 0.00406775 -0.00531432 -0.0204918 0.0950236 -0.00530339 0.0146636 0.00406775 -0.00530339 0.0073482 -0.0149807 -0.00531432 0.0146636 -0.0149807 0.0807755 
0.0119076 -0.0205003 0.00405644 -0.00535407 -0.0205003 0.0949774 -0.00533226 0.0147973 0.00405644 -0.00533226 0.00734957 -0.0150045 -0.00535407 0.0147973 -0.0150045 0.0808998 
0.0119453 -0.0204996 0.00398542 -0.00533959 -0.0204996 0.0949896 -0.00533959 0.0148297 0.00398542 -0.00533959 0.00728826 -0.0150059 -0.00533959 0.0148297 -0.0150059 0.0809525 
0.0119608 -0.0205899 0.00392031 -0.00523078 -0.0205899 0.0951646 -0.00524188 0.0146706 0.00392031 -0.00524188 0.00725201 -0.0149149 -0.00523078 0.0146706 -0.0149149 0.080816 
0.0119255 -0.0205496 0.00393024 -0.00517669 -0.0205496 0.0951007 -0.00518792 0.0145194 0.00393024 -0.00518792 0.00724288 -0.01489 -0.00517669 0.0145194 -0.01489 0.0807384 
0.0119246 -0.0205449 0.00395612 -0.00516993 -0.0205449 0.0951268 -0.00516993 0.0144084 0.00395612 -0.00516993 0.00721543 -0.014813 -0.00516993 0.0144084 -0.014813 0.0805498 
0.0118993 -0.0205513 0.00400013 -0.00520242 -0.0205513 0.0951268 -0.00520242 0.0144387 0.00400013 -0.00520242 0.0072362 -0.0147758 -0.00520242 0.0144387 -0.0147758 0.0803735 
0.0118965 -0.0204983 0.00400297 -0.00526233 -0.0204983 0.095048 -0.00526233 0.0145726 0.00400297 -0.00526233 0.00724133 -0.0147975 -0.00526233 0.0145726 -0.0147975 0.0803292 
0.0119143 -0.0205204 0.0039789 -0.00526422 -0.0205204 0.0950912 -0.00525304 0.0146191 0.0039789 -0.00525304 0.00724249 -0.0147756 -0.00526422 0.0146191 -0.0147756 0.0802597 
0.0119016 -0.0204836 0.00401901 -0.00525135 -0.0204836 0.0949796 -0.00525135 0.0146438 0.00401901 -0.00525135 0.00726086 -0.0148215 -0.00525135 0.0146438 -0.0148215 0.0803468 
0.0119878 -0.0205599 0.00396308 -0.00527681 -0.0205599 0.0951469 -0.00527681 0.0146371 0.00396308 -0.00527681 0.00723646 -0.0148014 -0.00527681 0.0146371 -0.0148014 0.0803017 
0.0120281 -0.0206635 0.00390723 -0.0051987 -0.0206635 0.0953934 -0.0051987 0.0145126 0.00390723 -0.0051987 0.0072344 -0.0147862 -0.0051987 0.0145126 -0.0147862 0.0802789 
0.0120445 -0.0207117 0.00392375 -0.00512602 -0.0207117 0.0955582 -0.00512602 0.0143397 0.00392375 -0.00512602 0.00724638 -0.0148097 -0.00512602 0.0143397 -0.0148097 0.0803441 
0.0120172 -0.0207151 0.00391079 -0.00512674 -0.0207151 0.0955897 -0.0051377 0.0142738 0.00391079 -0.0051377 0.00727384 -0.0148544 -0.00512674 0.0142738 -0.0148544 0.0804833 
0.0120185 -0.02066 0.00390685 -0.00515396 -0.02066 0.0954861 -0.00515396 0.0143141 0.00390685 -0.00515396 0.00726189 -0.0149101 -0.00515396 0.0143141 -0.0149101 0.0806754 
0.0120008 -0.0206157 0.00385226 -0.00514005 -0.0206157 0.095374 -0.00514005 0.0143211 0.00385226 -0.00514005 0.00724935 -0.0149095 -0.00514005 0.0143211 -0.0149095 0.0807531 
0.0119625 -0.0206076 0.00386463 -0.0050821 -0.0206076 0.0952977 -0.0050821 0.0142187 0.00386463 -0.0050821 0.00726014 -0.0148777 -0.0050821 0.0142187 -0.0148777 0.0807104 
0.0119524 -0.020586 0.00386828 -0.00507922 -0.020586 0.0952269 -0.00507922 0.01415 0.00386828 -0.00507922 0.007232 -0.0148676 -0.00507922 0.01415 -0.0148676 0.0806396 
0.0119687 -0.0205593 0.0038255 -0.00510067 -0.0205593 0.0952013 -0.00508949 0.0141499 0.0038255 -0.00508949 0.00722595 -0.0148322 -0.00510067 0.0141499 -0.0148322 0.0805369 
0.0120048 -0.0206004 0.00382023 -0.00504181 -0.0206004 0.0952503 -0.00504181 0.0140704 0.00382023 -0.00504181 0.00720735 -0.0147923 -0.00504181 0.0140704 -0.0147923 0.0804136 
0.0120048 -0.0206287 0.00384641 -0.00503248 -0.0206287 0.0952845 -0.00504356 0.0140444 0.00384641 -0.00504356 0.00722726 -0.0147871 -0.00503248 0.0140444 -0.0147871 0.0803866 
0.0120186 -0.0206507 0.00384019 -0.00505755 -0.0206507 0.0953851 -0.00506861 0.014066 0.00384019 -0.00506861 0.00722665 -0.0147964 -0.00505755 0.014066 -0.0147964 0.0803785 
0.0120737 -0.0207056 0.00383519 -0.00504802 -0.0207056 0.09553 -0.0050371 0.0140405 0.00383519 -0.0050371 0.00722239 -0.0147944 -0.00504802 0.0140405 -0.0147944 0.0803531 
0.0120813 -0.0207403 0.00386776 -0.00503026 -0.0207403 0.0955966 -0.00504112 0.0140261 0.00386776 -0.00504112 0.00724661 -0.01483 -0.00503026 0.0140261 -0.01483 0.0804407 
0.012096 -0.0207515 0.00392742 -0.00507427 -0.0207515 0.0956755 -0.00507427 0.0140652 0.00392742 -0.00507427 0.00725978 -0.0148658 -0.00507427 0.0140652 -0.0148658 0.0805717 
0.0121457 -0.0207781 0.00395517 -0.00515142 -0.0207781 0.0957431 -0.00515142 0.0141933 0.00395517 -0.00515142 0.00725294 -0.0149046 -0.00515142 0.0141933 -0.0149046 0.0807091 
0.0121493 -0.0208041 0.00394091 -0.00519285 -0.0208041 0.0957684 -0.00519285 0.0143593 0.00394091 -0.00519285 0.00721774 -0.0149145 -0.00519285 0.0143593 -0.0149145 0.0808104 
0.0121713 -0.0208213 0.00391492 -0.00517251 -0.0208213 0.095839 -0.00519438 0.014413 0.00391492 -0.00519438 0.00718465 -0.0148723 -0.00517251 0.014413 -0.0148723 0.0807808 
0.0121949 -0.0208899 0.00392366 -0.00511923 -0.0208899 0.0960372 -0.00514097 0.0142925 0.00392366 -0.00514097 0.00716258 -0.0147925 -0.00511923 0.0142925 -0.0147925 0.0805708 
0.0121559 -0.0208963 0.00391738 -0.00513951 -0.0208963 0.0961121 -0.00515042 0.0142728 0.00391738 -0.00515042 0.00720186 -0.0147747 -0.00513951 0.0142728 -0.0147747 0.0804753 
0.0121358 -0.0208697 0.00391443 -0.00513564 -0.0208697 0.0960834 -0.00513564 0.0142729 0.00391443 -0.00513564 0.00722915 -0.0148181 -0.00513564 0.0142729 -0.0148181 0.080502 
0.0121805 -0.0208561 0.00392674 -0.00512748 -0.0208561 0.09607 -0.00512748 0.0142358 0.00392674 -0.00512748 0.00722607 -0.0148416 -0.00512748 0.0142358 -0.0148416 0.0805577 
0.0122257 -0.0208765 0.00388802 -0.00515163 -0.0208765 0.096045 -0.00513003 0.0142453 0.00388802 -0.00513003 0.00719285 -0.0148609 -0.00515163 0.0142453 -0.0148609 0.0806441 
0.0122573 -0.020917 0.00383443 -0.00510539 -0.020917 0.0961085 -0.00510539 0.0142068 0.00383443 -0.00510539 0.00718417 -0.014853 -0.00510539 0.0142068 -0.014853 0.0806846 
0.0122302 -0.0209321 0.00386389 -0.00505444 -0.0209321 0.096121 -0.00506526 0.0141351 0.00386389 -0.00506526 0.00719744 -0.0148603 -0.00505444 0.0141351 -0.0148603 0.0807195 
0.0121978 -0.0209413 0.00386442 -0.00506261 -0.0209413 0.0961896 -0.0050734 0.014076 0.00386442 -0.0050734 0.0072215 -0.0148532 -0.00506261 0.014076 -0.0148532 0.0806995 
0.0121427 -0.0208764 0.00389606 -0.00508653 -0.0208764 0.0960487 -0.00508653 0.014134 0.00389606 -0.00508653 0.00726183 -0.0149024 -0.00508653 0.014134 -0.0149024 0.0808108 
0.0121244 -0.0208124 0.00392259 -0.00512205 -0.0208124 0.0959142 -0.00512205 0.0141991 0.00392259 -0.00512205 0.00728326 -0.0149447 -0.00512205 0.0141991 -0.0149447 0.0809155 
0.0121246 -0.0207712 0.00394104 -0.00516857 -0.0207712 0.0957693 -0.0051578 0.0142997 0.00394104 -0.0051578 0.00727907 -0.0149781 -0.00516857 0.0142997 -0.0149781 0.0810173 
0.0120977 -0.0207761 0.00398208 -0.00519402 -0.0207761 0.0957214 -0.0051832 0.0143701 0.00398208 -0.0051832 0.00730409 -0.0149761 -0.00519402 0.0143701 -0.0149761 0.0810591 
0.0120299 -0.0207296 0.00406782 -0.00523935 -0.0207296 0.0956426 -0.0052285 0.0144814 0.00406782 -0.0052285 0.00733292 -0.0149913 -0.00523935 0.0144814 -0.0149913 0.0810852 
0.011944 -0.0206175 0.00411257 -0.00535947 -0.0206175 0.0953876 -0.00534853 0.0147331 0.00411257 -0.00534853 0.007372 -0.0150612 -0.00535947 0.0147331 -0.0150612 0.0812233 
0.0119601 -0.02055 0.00409249 -0.00541653 -0.02055 0.0951995 -0.00539464 0.0149255 0.00409249 -0.00539464 0.00735334 -0.0150787 -0.00541653 0.0149255 -0.0150787 0.0812807 
0.012 -0.0205824 0.00402913 -0.00537218 -0.0205824 0.095236 -0.00536126 0.0149154 0.00402913 -0.00536126 0.00730485 -0.0150137 -0.00537218 0.0149154 -0.0150137 0.0811504 
0.0120079 -0.0206318 0.00400629 -0.00529441 -0.0206318 0.0953104 -0.00529441 0.0147807 0.00400629 -0.00529441 0.00730302 -0.0149663 -0.00529441 0.0147807 -0.0149663 0.0809991 
0.0119847 -0.0206111 0.00402783 -0.00525703 -0.0206111 0.0952742 -0.00526801 0.0146846 0.00402783 -0.00526801 0.00730936 -0.0149699 -0.00525703 0.0146846 -0.0149699 0.0809737 
0.0119688 -0.0205806 0.00403712 -0.00528775 -0.0205806 0.0952125 -0.00528775 0.0146894 0.00403712 -0.00528775 0.00729535 -0.0149747 -0.00528775 0.0146894 -0.0149747 0.0809619 
0.0119906 -0.0205664 0.00401884 -0.00531453 -0.0205664 0.0951565 -0.00531453 0.0147467 0.00401884 -0.00531453 0.00726905 -0.0149444 -0.00531453 0.0147467 -0.0149444 0.0809259 
0.0119984 -0.0206222 0.00401416 -0.00528237 -0.0206222 0.0952481 -0.0052934 0.0147223 0.00401416 -0.0052934 0.00724534 -0.0148877 -0.00528237 0.0147223 -0.0148877 0.0807684 
0.0119851 -0.0206183 0.00405751 -0.00529241 -0.0206183 0.0952853 -0.00529241 0.0147195 0.00405751 -0.00529241 0.00724398 -0.0148518 -0.00529241 0.0147195 -0.0148518 0.080643 
0.0119552 -0.020626 0.00410549 -0.00532072 -0.020626 0.095346 -0.00533167 0.0147579 0.00410549 -0.00533167 0.00728041 -0.0148455 -0.00532072 0.0147579 -0.0148455 0.0805443 
0.0119651 -0.0205895 0.0041048 -0.00539301 -0.0205895 0.0952948 -0.00539301 0.0149017 0.0041048 -0.00539301 0.00729258 -0.0148799 -0.00539301 0.0149017 -0.0148799 0.0805895 
0.011993 -0.0205937 0.0040706 -0.00541653 -0.0205937 0.0952871 -0.00540558 0.0149912 0.0040706 -0.00540558 0.00725486 -0.0149037 -0.00541653 0.0149912 -0.0149037 0.080646 
0.0120206 -0.0206631 0.00402514 -0.00535223 -0.0206631 0.0954407 -0.00534126 0.0148941 0.00402514 -0.00534126 0.00724964 -0.0148502 -0.00535223 0.0148941 -0.0148502 0.0805795 
0.0119854 -0.0206679 0.00399881 -0.00528019 -0.0206679 0.0954853 -0.00529124 0.014747 0.00399881 -0.00529124 0.0072575 -0.0148354 -0.00528019 0.014747 -0.0148354 0.0805395 
0.011926 -0.0205974 0.00400134 -0.00527196 -0.0205974 0.0953634 -0.00526081 0.014679 0.00400134 -0.00526081 0.0072782 -0.0148908 -0.00527196 0.014679 -0.0148908 0.0806063 
0.0119049 -0.0205518 0.0039497 -0.00526627 -0.0205518 0.095228 -0.00525511 0.0146273 0.0039497 -0.00525511 0.00728575 -0.0148839 -0.00526627 0.0146273 -0.0148839 0.0806342 
