0.00326978 0 -0.000341619 0 0 0.00997202 0 0 -0.000341619 0 0.0101672 0 0 0 0 0.00997202 
0.0047286 -0.00591075 -0.000626682 0.000783353 -0.00591075 0.0205096 0.000783353 -0.00149549 -0.000626682 0.000783353 0.0142998 -0.017718 0.000783353 -0.00149549 -0.017718 0.0431556 
0.00503526 -0.00993605 -0.000597657 0.00112061 -0.00993605 0.0409246 0.00112061 -0.00364571 -0.000597657 0.00112061 0.0139105 -0.0252211 0.00112061 -0.00364571 -0.0252211 0.0896486 
0.00498073 -0.0113104 -0.000489179 0.000889416 -0.0113104 0.0558553 0.000874592 -0.00355766 -0.000489179 0.000874592 0.0129558 -0.0232434 0.000889416 -0.00355766 -0.0232434 0.0999259 
0.00496394 -0.0117664 -0.000424268 0.000735398 -0.0117664 0.065012 0.000735398 -0.00295573 -0.000424268 0.000735398 0.0130109 -0.0221044 0.000735398 -0.00295573 -0.0221044 0.0996464 
0.00504362 -0.0117817 -0.00037066 0.000595703 -0.0117817 0.0692472 0.000595703 -0.00230338 -0.00037066 0.000595703 0.013304 -0.0222793 0.000595703 -0.00230338 -0.0222793 0.0999722 
0.00505461 -0.0117729 -0.000444501 0.000647701 -0.0117729 0.0707137 0.000635001 -0.0021971 -0.000444501 0.000635001 0.0135001 -0.0225552 0.000647701 -0.0021971 -0.0225552 0.100749 
0.00506799 -0.0116687 -0.000543881 0.000729295 -0.0116687 0.0709518 0.000716934 -0.00228677 -0.000543881 0.000716934 0.01356 -0.0227441 0.000729295 -0.00228677 -0.0227441 0.10131 
0.00507472 -0.0116341 -0.00060848 0.000827532 -0.0116341 0.0708514 0.000851872 -0.0024826 -0.00060848 0.000851872 0.0135691 -0.0227815 0.000827532 -0.0024826 -0.0227815 0.101543 
0.00502305 -0.0116394 -0.000583792 0.000912176 -0.0116394 0.0707605 0.0009365 -0.00273653 -0.000583792 0.0009365 0.013634 -0.0227801 0.000912176 -0.00273653 -0.0227801 0.10158 
0.00496801 -0.0115597 -0.000569504 0.000896665 -0.0115597 0.0706063 0.000896665 -0.00278693 -0.000569504 0.000896665 0.0136923 -0.022865 0.000896665 -0.00278693 -0.022865 0.101699 
0.00494733 -0.0114875 -0.000530933 0.000844666 -0.0114875 0.070421 0.000832599 -0.00266673 -0.000530933 0.000832599 0.0137319 -0.0229508 0.000844666 -0.00266673 -0.0229508 0.101915 
0.00494913 -0.0114561 -0.000515285 0.000790902 -0.0114561 0.0702944 0.000766935 -0.00248056 -0.000515285 0.000766935 0.0137449 -0.0229961 0.000790902 -0.00248056 -0.0229961 0.10211 
0.00497886 -0.0114704 -0.000512179 0.000762313 -0.0114704 0.0702638 0.000750402 -0.00237032 -0.000512179 0.000750402 0.0137455 -0.0230242 0.000762313 -0.00237032 -0.0230242 0.102233 
0.00504222 -0.0115115 -0.000558925 0.000796765 -0.0115115 0.0703532 0.000796765 -0.00246165 -0.000558925 0.000796765 0.0136877 -0.023023 0.000796765 -0.00246165 -0.023023 0.102271 
0.00510374 -0.0115994 -0.000594842 0.000832778 -0.0115994 0.070572 0.000844675 -0.00255782 -0.000594842 0.000844675 0.0136219 -0.022949 0.000832778 -0.00255782 -0.022949 0.10217 
0.00511978 -0.0116921 -0.000583417 0.000833452 -0.0116921 0.0708196 0.000857265 -0.0025718 -0.000583417 0.000857265 0.0136091 -0.0228723 0.000833452 -0.0025718 -0.0228723 0.102003 
0.00512784 -0.0117123 -0.000485546 0.000817139 -0.0117123 0.0709963 0.000828981 -0.00249879 -0.000485546 0.000828981 0.0136071 -0.0228562 0.000817139 -0.00249879 -0.0228562 0.101894 
0.0051591 -0.0117533 -0.00042696 0.00074718 -0.0117533 0.0711126 0.00074718 -0.0024313 -0.00042696 0.00074718 0.0135916 -0.0228424 0.00074718 -0.0024313 -0.0228424 0.101818 
0.00513395 -0.0117807 -0.000440733 0.000714703 -0.0117807 0.0712201 0.000690879 -0.0023347 -0.000440733 0.000690879 0.0136151 -0.0228228 0.000714703 -0.0023347 -0.0228228 0.101762 
0.00508973 -0.0117566 -0.0005257 0.000752706 -0.0117566 0.0712084 0.000728811 -0.00236565 -0.0005257 0.000728811 0.0136443 -0.0228321 0.000752706 -0.00236565 -0.0228321 0.101735 
0.00508863 -0.0116824 -0.000573367 0.000824215 -0.0116824 0.0710736 0.00081227 -0.00248459 -0.000573367 0.00081227 0.0136294 -0.0228869 0.000824215 -0.00248459 -0.0228869 0.101832 
0.00513298 -0.0116745 -0.000584921 0.000871413 -0.0116745 0.0709664 0.00088335 -0.00263811 -0.000584921 0.00088335 0.0135845 -0.0228716 0.000871413 -0.00263811 -0.0228716 0.101872 
0.0051504 -0.0117315 -0.000584189 0.000882244 -0.0117315 0.0710326 0.000894166 -0.00273019 -0.000584189 0.000894166 0.0135556 -0.0228072 0.000882244 -0.00273019 -0.0228072 0.101756 
0.00514553 -0.0117818 -0.000673247 0.000937737 -0.0117818 0.0711478 0.000949759 -0.00289737 -0.000673247 0.000949759 0.0135371 -0.0227581 0.000937737 -0.00289737 -0.0227581 0.1016 
0.00513188 -0.0117681 -0.000740058 0.00100696 -0.0117681 0.0711669 0.00103123 -0.00305729 -0.000740058 0.00103123 0.0135273 -0.0227477 0.00100696 -0.00305729 -0.0227477 0.101509 
0.00513173 -0.0117124 -0.00074863 0.00102635 -0.0117124 0.0710715 0.00103842 -0.00304282 -0.00074863 0.00103842 0.0135357 -0.0227487 0.00102635 -0.00304282 -0.0227487 0.101524 
0.00517489 -0.0117034 -0.000730714 0.00103019 -0.0117034 0.0709751 0.00105414 -0.00309056 -0.000730714 0.00105414 0.0135122 -0.022748 0.00103019 -0.00309056 -0.022748 0.101545 
0.00519865 -0.0117566 -0.00071541 0.00102542 -0.0117566 0.0710283 0.00103734 -0.00308819 -0.00071541 0.00103734 0.0134855 -0.0227143 0.00102542 -0.00308819 -0.0227143 0.101481 
0.00521299 -0.0118098 -0.000715743 0.00103783 -0.0118098 0.0711806 0.00104976 -0.00313734 -0.000715743 0.00104976 0.0134918 -0.022689 0.00103783 -0.00313734 -0.022689 0.101373 
0.00522131 -0.0118192 -0.000688264 0.00100866 -0.0118192 0.0712828 0.00100866 -0.00303785 -0.000688264 0.00100866 0.0134805 -0.0226771 0.00100866 -0.00303785 -0.0226771 0.101353 
0.00525591 -0.0118525 -0.000688133 0.000996607 -0.0118525 0.0713642 0.000984742 -0.00302541 -0.000688133 0.000984742 0.0134542 -0.0226847 0.000996607 -0.00302541 -0.0226847 0.101334 
0.00525234 -0.0119069 -0.000736753 0.00102195 -0.0119069 0.0714888 0.00101007 -0.00305396 -0.000736753 0.00101007 0.0134517 -0.0226373 0.00102195 -0.00305396 -0.0226373 0.101268 
0.0052244 -0.0119193 -0.000765129 0.00105205 -0.0119193 0.0715635 0.00105205 -0.00313225 -0.000765129 0.00105205 0.0134615 -0.0226311 0.00105205 -0.00313225 -0.0226311 0.101224 
0.00515582 -0.0118693 -0.000796919 0.00109878 -0.0118693 0.0715174 0.00111086 -0.00324805 -0.000796919 0.00111086 0.0135235 -0.0226518 0.00109878 -0.00324805 -0.0226518 0.101233 
0.00507614 -0.011763 -0.000841956 0.00114701 -0.011763 0.07131 0.00115922 -0.00338003 -0.000841956 0.00115922 0.0135689 -0.0227206 0.00114701 -0.00338003 -0.0227206 0.101352 
0.00501689 -0.0116367 -0.000807596 0.00116245 -0.0116367 0.0709583 0.00117469 -0.00338946 -0.000807596 0.00117469 0.0136068 -0.0227962 0.00116245 -0.00338946 -0.0227962 0.101549 
0.00505192 -0.0115316 -0.000756568 0.00113485 -0.0115316 0.0706415 0.00112265 -0.00336795 -0.000756568 0.00112265 0.0135816 -0.0228435 0.00113485 -0.00336795 -0.0228435 0.101722 
0.00511614 -0.0115659 -0.000727414 0.001079 -0.0115659 0.0705228 0.00106687 -0.00324911 -0.000727414 0.00106687 0.0135178 -0.0228044 0.001079 -0.00324911 -0.0228044 0.101729 
0.00510949 -0.0116545 -0.000766423 0.00107056 -0.0116545 0.0706448 0.00103406 -0.00318735 -0.000766423 0.00103406 0.0135158 -0.0227372 0.00107056 -0.00318735 -0.0227372 0.101569 
0.00513226 -0.0116631 -0.000839161 0.00109456 -0.0116631 0.0707571 0.00109456 -0.00323503 -0.000839161 0.00109456 0.0134995 -0.0227182 0.00109456 -0.00323503 -0.0227182 0.101453 
0.00516131 -0.0116764 -0.000906553 0.00118456 -0.0116764 0.0708078 0.00119665 -0.00340864 -0.000906553 0.00119665 0.0134774 -0.022688 0.00118456 -0.00340864 -0.022688 0.101377 
0.00518104 -0.0117173 -0.000899485 0.00123529 -0.0117173 0.0708795 0.00125928 -0.00352598 -0.000899485 0.00125928 0.0134803 -0.022679 0.00123529 -0.00352598 -0.022679 0.101342 
0.00519058 -0.0117565 -0.00090895 0.00125579 -0.0117565 0.0709937 0.00129167 -0.00365972 -0.00090895 0.00129167 0.0134788 -0.0226639 0.00125579 -0.00365972 -0.0226639 0.1013 
0.00515904 -0.0117972 -0.000962059 0.00128675 -0.0117972 0.0711202 0.00131081 -0.00377608 -0.000962059 0.00131081 0.0135049 -0.0226565 0.00128675 -0.00377608 -0.0226565 0.101281 
0.00514609 -0.011747 -0.000973909 0.00133462 -0.011747 0.0711074 0.00134664 -0.00385956 -0.000973909 0.00134664 0.0135145 -0.0227125 0.00133462 -0.00385956 -0.0227125 0.101335 
0.00510302 -0.0117189 -0.000936554 0.00130877 -0.0117189 0.07101 0.00130877 -0.00379425 -0.000936554 0.00130877 0.013556 -0.0227415 0.00130877 -0.00379425 -0.0227415 0.101448 
0.00511555 -0.0116739 -0.000882402 0.00127591 -0.0116739 0.0709141 0.00127591 -0.0037204 -0.000882402 0.00127591 0.013558 -0.0227874 0.00127591 -0.0037204 -0.0227874 0.101572 
0.00514445 -0.0116703 -0.000809774 0.00119084 -0.0116703 0.0708672 0.00117894 -0.00351299 -0.000809774 0.00117894 0.0135518 -0.0228047 0.00119084 -0.00351299 -0.0228047 0.101662 
0.00516645 -0.0117225 -0.000724491 0.00111643 -0.0117225 0.0709408 0.00109268 -0.00331366 -0.000724491 0.00109268 0.0135397 -0.0227799 0.00111643 -0.00331366 -0.0227799 0.101654 
0.00516613 -0.0117706 -0.000779115 0.00109076 -0.0117706 0.0710912 0.0010548 -0.0032603 -0.000779115 0.0010548 0.0135087 -0.0227502 0.00109076 -0.0032603 -0.0227502 0.101561 
0.00513434 -0.0117788 -0.000857737 0.00109935 -0.0117788 0.0711559 0.00107519 -0.00321349 -0.000857737 0.00107519 0.0135184 -0.022724 0.00109935 -0.00321349 -0.022724 0.101491 
0.00511311 -0.0117286 -0.000896611 0.0011874 -0.0117286 0.0711109 0.0011874 -0.00338047 -0.000896611 0.0011874 0.013534 -0.0227303 0.0011874 -0.00338047 -0.0227303 0.101487 
0.0050871 -0.0116869 -0.000914947 0.00126873 -0.0116869 0.0709877 0.00128093 -0.00359879 -0.000914947 0.00128093 0.0135412 -0.0227395 0.00126873 -0.00359879 -0.0227395 0.101486 
0.00505888 -0.011628 -0.000933191 0.001277 -0.011628 0.0708243 0.00130156 -0.00373276 -0.000933191 0.00130156 0.0135435 -0.0227649 0.001277 -0.00373276 -0.0227649 0.101521 
0.00508746 -0.0115915 -0.000997783 0.0013427 -0.0115915 0.0706701 0.0013427 -0.00385563 -0.000997783 0.0013427 0.0135009 -0.0227642 0.0013427 -0.00385563 -0.0227642 0.101527 
0.00513861 -0.0116172 -0.00100805 0.00137685 -0.0116172 0.0706251 0.00140144 -0.00398304 -0.00100805 0.00140144 0.0134366 -0.0227058 0.00137685 -0.00398304 -0.0227058 0.101457 
0.00514243 -0.0116717 -0.000981848 0.00135004 -0.0116717 0.0706808 0.00136231 -0.00392739 -0.000981848 0.00136231 0.013439 -0.0226439 0.00135004 -0.00392739 -0.0226439 0.101302 
0.0051781 -0.0116937 -0.00105525 0.00137428 -0.0116937 0.0707756 0.00137428 -0.00397561 -0.00105525 0.00137428 0.0134115 -0.0226021 0.00137428 -0.00397561 -0.0226021 0.101157 
0.00518586 -0.0117325 -0.00109111 0.00143439 -0.0117325 0.0708734 0.00144665 -0.00409474 -0.00109111 0.00144665 0.0133999 -0.0225701 0.00143439 -0.00409474 -0.0225701 0.101045 
0.00513646 -0.011737 -0.00103705 0.00145187 -0.011737 0.07091 0.00147628 -0.00412381 -0.00103705 0.00147628 0.0134573 -0.0225712 0.00145187 -0.00412381 -0.0225712 0.101033 
0.00513852 -0.0116707 -0.000981652 0.00140582 -0.0116707 0.0708243 0.00140582 -0.00407204 -0.000981652 0.00140582 0.0134765 -0.0226507 0.00140582 -0.00407204 -0.0226507 0.101146 
0.00515483 -0.0116706 -0.000927387 0.00132484 -0.0116706 0.0707464 0.00131279 -0.00386612 -0.000927387 0.00131279 0.0134772 -0.0226909 0.00132484 -0.00386612 -0.0226909 0.101302 
0.00519596 -0.011718 -0.000952392 0.00128995 -0.011718 0.0708267 0.00126584 -0.00374929 -0.000952392 0.00126584 0.013442 -0.0226766 0.00128995 -0.00374929 -0.0226766 0.101315 
0.00523359 -0.0117665 -0.000962499 0.00128734 -0.0117665 0.0709602 0.00127531 -0.00366953 -0.000962499 0.00127531 0.0134148 -0.0226428 0.00128734 -0.00366953 -0.0226428 0.101279 
0.00526769 -0.0118284 -0.00100565 0.0013289 -0.0118284 0.0711498 0.0013289 -0.00375922 -0.00100565 0.0013289 0.0133847 -0.0225912 0.0013289 -0.00375922 -0.0225912 0.101176 
0.00527828 -0.0118912 -0.00104604 0.00137067 -0.0118912 0.071335 0.00139472 -0.00390761 -0.00104604 0.00139472 0.0133821 -0.0225559 0.00137067 -0.00390761 -0.0225559 0.101057 
0.00523459 -0.0118924 -0.00108551 0.00144735 -0.0118924 0.0714389 0.00147148 -0.00410083 -0.00108551 0.00147148 0.0134001 -0.0225425 0.00144735 -0.00410083 -0.0225425 0.100989 
0.00519165 -0.0118529 -0.00110819 0.00148161 -0.0118529 0.0714062 0.0015057 -0.00420391 -0.00110819 0.0015057 0.0134429 -0.0225855 0.00148161 -0.00420391 -0.0225855 0.101014 
0.0051322 -0.0117873 -0.00104323 0.00145093 -0.0117873 0.0712393 0.00146292 -0.00414893 -0.00104323 0.00146292 0.013514 -0.0226392 0.00145093 -0.00414893 -0.0226392 0.101169 
0.00507926 -0.0116991 -0.00101104 0.00139619 -0.0116991 0.0710254 0.00139619 -0.00403211 -0.00101104 0.00139619 0.0135768 -0.0227363 0.00139619 -0.00403211 -0.0227363 0.101405 
0.00510546 -0.0116098 -0.000968482 0.00133914 -0.0116098 0.0707829 0.00132718 -0.00383806 -0.000968482 0.00132718 0.0135468 -0.0228371 0.00133914 -0.00383806 -0.0228371 0.101643 
0.00513985 -0.0116663 -0.000932345 0.00131485 -0.0116663 0.0707626 0.00129094 -0.00375329 -0.000932345 0.00129094 0.013531 -0.0227946 0.00131485 -0.00375329 -0.0227946 0.101697 
0.00521799 -0.0117285 -0.00095743 0.00132843 -0.0117285 0.0709216 0.0013045 -0.00381775 -0.00095743 0.0013045 0.0134519 -0.022739 0.00132843 -0.00381775 -0.022739 0.101583 
0.00535098 -0.0118247 -0.00097942 0.00136163 -0.0118247 0.0711632 0.00134969 -0.00390574 -0.00097942 0.00134969 0.0133177 -0.0226461 0.00136163 -0.00390574 -0.0226461 0.101358 
0.00543335 -0.0119941 -0.000995514 0.00135534 -0.0119941 0.0715451 0.00135534 -0.00393408 -0.000995514 0.00135534 0.0132415 -0.022477 0.00135534 -0.00393408 -0.022477 0.101003 
0.00543182 -0.0121097 -0.000967808 0.00133074 -0.0121097 0.071884 0.00135493 -0.00387123 -0.000967808 0.00135493 0.0132106 -0.0223564 0.00133074 -0.00387123 -0.0223564 0.100652 
0.00536898 -0.0121075 -0.000921089 0.0012968 -0.0121075 0.0720146 0.0012968 -0.00374496 -0.000921089 0.0012968 0.013271 -0.0223364 0.0012968 -0.00374496 -0.0223364 0.100484 
0.00529313 -0.0120067 -0.000886234 0.0012383 -0.0120067 0.0718942 0.0012383 -0.0035935 -0.000886234 0.0012383 0.0133421 -0.0223987 0.0012383 -0.0035935 -0.0223987 0.100533 
0.0052556 -0.0118981 -0.000875934 0.00121657 -0.0118981 0.0716441 0.00120441 -0.00352807 -0.000875934 0.00120441 0.013358 -0.0224823 0.00121657 -0.00352807 -0.0224823 0.100708 
0.00522877 -0.0118592 -0.000877556 0.00121883 -0.0118592 0.0714233 0.00120664 -0.00351023 -0.000877556 0.00120664 0.0133949 -0.0225361 0.00121883 -0.00351023 -0.0225361 0.100846 
0.00522746 -0.0118261 -0.000942657 0.00128544 -0.0118261 0.0713114 0.00126096 -0.00366045 -0.000942657 0.00126096 0.0133686 -0.0225503 0.00128544 -0.00366045 -0.0225503 0.100901 
0.00528231 -0.0118304 -0.00099804 0.00135101 -0.0118304 0.0712503 0.00133883 -0.00384611 -0.00099804 0.00133883 0.0133275 -0.0225168 0.00135101 -0.00384611 -0.0225168 0.100887 
0.00531146 -0.0118748 -0.00104527 0.0013856 -0.0118748 0.0712853 0.0013856 -0.00396232 -0.00104527 0.0013856 0.013309 -0.0224734 0.0013856 -0.00396232 -0.0224734 0.100808 
0.00527903 -0.0119082 -0.00104608 0.00141099 -0.0119082 0.0713764 0.00142315 -0.00403834 -0.00104608 0.00142315 0.0133314 -0.022442 0.00141099 -0.00403834 -0.022442 0.100715 
0.00523649 -0.0118734 -0.00108383 0.00143699 -0.0118734 0.0713868 0.00144917 -0.00411613 -0.00108383 0.00144917 0.0133713 -0.0224682 0.00143699 -0.00411613 -0.0224682 0.100711 
0.00523826 -0.0118163 -0.00111041 0.00146044 -0.0118163 0.0712717 0.00146044 -0.00413991 -0.00111041 0.00146044 0.0133853 -0.0225342 0.00146044 -0.00413991 -0.0225342 0.100842 
0.00525692 -0.0118191 -0.00111365 0.00150882 -0.0118191 0.0712019 0.00152079 -0.00423906 -0.00111365 0.00152079 0.0133878 -0.0225485 0.00150882 -0.00423906 -0.0225485 0.100935 
0.00525948 -0.0118429 -0.00108319 0.00149239 -0.0118429 0.0712257 0.00150443 -0.00423647 -0.00108319 0.00150443 0.0133834 -0.0225664 0.00149239 -0.00423647 -0.0225664 0.101001 
0.00529581 -0.0118641 -0.00111491 0.00146635 -0.0118641 0.0713178 0.00146635 -0.00419302 -0.00111491 0.00146635 0.0133304 -0.0225527 0.00146635 -0.00419302 -0.0225527 0.101008 
0.00528141 -0.0119136 -0.00113173 0.00148464 -0.0119136 0.0714086 0.00148464 -0.00418619 -0.00113173 0.00148464 0.0133374 -0.0225129 0.00148464 -0.00418619 -0.0225129 0.100931 
0.00526022 -0.0119053 -0.00114194 0.00154283 -0.0119053 0.0714563 0.00156713 -0.00436124 -0.00114194 0.00156713 0.013351 -0.0224865 0.00154283 -0.00436124 -0.0224865 0.100831 
0.00525804 -0.0118761 -0.00112933 0.00157863 -0.0118761 0.0714026 0.00159077 -0.00448087 -0.00112933 0.00159077 0.0133576 -0.0225015 0.00157863 -0.00448087 -0.0225015 0.100826 
0.00526463 -0.0118393 -0.00107961 0.00151631 -0.0118393 0.0713151 0.00151631 -0.00436697 -0.00107961 0.00151631 0.0133557 -0.0225263 0.00151631 -0.00436697 -0.0225263 0.100877 
0.00529113 -0.0118478 -0.00110885 0.00147043 -0.0118478 0.0712796 0.00145838 -0.00424255 -0.00110885 0.00145838 0.0133303 -0.0225144 0.00147043 -0.00424255 -0.0225144 0.100905 
0.00529972 -0.0118853 -0.00109359 0.00145412 -0.0118853 0.0713118 0.0014421 -0.00409797 -0.00109359 0.0014421 0.0133514 -0.0224968 0.00145412 -0.00409797 -0.0224968 0.100887 
0.00527761 -0.0119106 -0.0011035 0.00145134 -0.0119106 0.0713917 0.00145134 -0.00409015 -0.0011035 0.00145134 0.013374 -0.0225138 0.00145134 -0.00409015 -0.0225138 0.100874 
0.00527448 -0.0118826 -0.00110536 0.00148983 -0.0118826 0.0714157 0.00148983 -0.0041571 -0.00110536 0.00148983 0.0133604 -0.0225397 0.00148983 -0.0041571 -0.0225397 0.100936 
0.00527125 -0.0118753 -0.00105665 0.00144089 -0.0118753 0.071396 0.00144089 -0.00408251 -0.00105665 0.00144089 0.0133762 -0.0225619 0.00144089 -0.00408251 -0.0225619 0.101006 
0.00529043 -0.0118885 -0.00103169 0.00142758 -0.0118885 0.0714149 0.00142758 -0.0040668 -0.00103169 0.00142758 0.013376 -0.0225533 0.00142758 -0.0040668 -0.0225533 0.10101 
0.00523397 -0.0119085 -0.00104439 0.00141653 -0.0119085 0.0714629 0.00140453 -0.00404552 -0.00104439 0.00140453 0.013421 -0.0225325 0.00141653 -0.00404552 -0.0225325 0.10097 
0.00516399 -0.0118518 -0.00108843 0.00143914 -0.0118518 0.0714009 0.00142705 -0.00408765 -0.00108843 0.00142705 0.0134723 -0.022603 0.00143914 -0.00408765 -0.022603 0.101055 
0.00511379 -0.0117544 -0.00112697 0.00146628 -0.0117544 0.0712053 0.00146628 -0.00414435 -0.00112697 0.00146628 0.0135237 -0.0226606 0.00146628 -0.00414435 -0.0226606 0.101221 
0.0051248 -0.0116725 -0.00114554 0.00153141 -0.0116725 0.0709635 0.00151935 -0.00426866 -0.00114554 0.00151935 0.0135054 -0.02273 0.00153141 -0.00426866 -0.02273 0.101387 
0.00515062 -0.0116819 -0.00116459 0.00156079 -0.0116819 0.07086 0.0015728 -0.00444226 -0.00116459 0.0015728 0.0135069 -0.0227275 0.00156079 -0.00444226 -0.0227275 0.101452 
0.00516202 -0.0117198 -0.0012153 0.00164848 -0.0117198 0.0709327 0.00164848 -0.00466868 -0.0012153 0.00164848 0.0134766 -0.0226936 0.00164848 -0.00466868 -0.0226936 0.101399 
0.0051595 -0.0117327 -0.00119623 0.00164331 -0.0117327 0.0709763 0.00164331 -0.00466409 -0.00119623 0.00164331 0.0134848 -0.02268 0.00164331 -0.00466409 -0.02268 0.101365 
0.00514571 -0.0117201 -0.00121076 0.0015982 -0.0117201 0.0709624 0.0015982 -0.00457666 -0.00121076 0.0015982 0.0134878 -0.0226896 0.0015982 -0.00457666 -0.0226896 0.101377 
0.00511639 -0.0116929 -0.00120669 0.00159284 -0.0116929 0.0708933 0.00158077 -0.00447684 -0.00120669 0.00158077 0.013515 -0.02271 0.00159284 -0.00447684 -0.02271 0.101423 
0.0051349 -0.0116713 -0.00120821 0.00160692 -0.0116713 0.0708253 0.001619 -0.00451871 -0.00120821 0.001619 0.0134957 -0.0227264 0.00160692 -0.00451871 -0.0227264 0.101466 
0.00513014 -0.011686 -0.00123075 0.00163287 -0.011686 0.070835 0.00163287 -0.00458179 -0.00123075 0.00163287 0.0134895 -0.0227018 0.00163287 -0.00458179 -0.0227018 0.101445 
0.00513878 -0.0116935 -0.00125723 0.00167224 -0.0116935 0.0708566 0.00167224 -0.00468716 -0.00125723 0.00167224 0.0134756 -0.022679 0.00167224 -0.00468716 -0.022679 0.101384 
0.00510423 -0.0116895 -0.00124852 0.00168917 -0.0116895 0.0708349 0.00170141 -0.00474926 -0.00124852 0.00170141 0.0134889 -0.0226691 0.00168917 -0.00474926 -0.0226691 0.101338 
0.00513097 -0.0116457 -0.00118784 0.00167767 -0.0116457 0.0707682 0.00167767 -0.00475135 -0.00118784 0.00167767 0.0134458 -0.0226914 0.00167767 -0.00475135 -0.0226914 0.101334 
0.00510435 -0.0116776 -0.00113838 0.00159128 -0.0116776 0.0707387 0.00157904 -0.00459024 -0.00113838 0.00157904 0.0134892 -0.0226574 0.00159128 -0.00459024 -0.0226574 0.101304 
0.00507645 -0.0116173 -0.00109827 0.00150097 -0.0116173 0.0706554 0.00147656 -0.00431987 -0.00109827 0.00147656 0.0135087 -0.0226854 0.00150097 -0.00431987 -0.0226854 0.101346 
0.00511235 -0.0116002 -0.00111985 0.00146067 -0.0116002 0.0705626 0.00141198 -0.00411422 -0.00111985 0.00141198 0.0135112 -0.0227256 0.00146067 -0.00411422 -0.0227256 0.101444 
0.00510705 -0.011597 -0.0011039 0.0014193 -0.011597 0.0705162 0.00140717 -0.0039425 -0.0011039 0.00140717 0.0135137 -0.0227331 0.0014193 -0.0039425 -0.0227331 0.10151 
0.00506985 -0.0116351 -0.00109421 0.00143463 -0.0116351 0.0705888 0.00145895 -0.00401211 -0.00109421 0.00145895 0.0135439 -0.0227231 0.00143463 -0.00401211 -0.0227231 0.101482 
0.00500984 -0.011577 -0.00105026 0.00141241 -0.011577 0.0705361 0.00141241 -0.00397166 -0.00105026 0.00141241 0.0136171 -0.0227917 0.00141241 -0.00397166 -0.0227917 0.101597 
0.00500359 -0.0115394 -0.00107733 0.00147235 -0.0115394 0.0704812 0.00146038 -0.0041537 -0.00107733 0.00146038 0.0136462 -0.0228513 0.00147235 -0.0041537 -0.0228513 0.1017 
0.00503106 -0.0115285 -0.00112066 0.00151409 -0.0115285 0.0704348 0.00151409 -0.00430382 -0.00112066 0.00151409 0.0136268 -0.0228901 0.00151409 -0.00430382 -0.0228901 0.101837 
0.00504385 -0.0115593 -0.00109185 0.00149535 -0.0115593 0.0704478 0.00148349 -0.0042487 -0.00109185 0.00148349 0.0136243 -0.0228932 0.00149535 -0.0042487 -0.0228932 0.101933 
0.0050574 -0.0115988 -0.0011397 0.00147211 -0.0115988 0.0705543 0.00146024 -0.00419076 -0.0011397 0.00146024 0.013617 -0.0228889 0.00147211 -0.00419076 -0.0228889 0.101943 
0.00508698 -0.0116206 -0.0011502 0.00150593 -0.0116206 0.0706604 0.00150593 -0.00422136 -0.0011502 0.00150593 0.0136008 -0.0228736 0.00150593 -0.00422136 -0.0228736 0.101917 
0.00507181 -0.0116723 -0.00114945 0.00152865 -0.0116723 0.0707802 0.00155235 -0.00430156 -0.00114945 0.00155235 0.0136157 -0.0228469 0.00152865 -0.00430156 -0.0228469 0.101875 
0.00502316 -0.0116494 -0.00117563 0.00153188 -0.0116494 0.0707992 0.00155563 -0.00432253 -0.00117563 0.00155563 0.0136682 -0.0228833 0.00153188 -0.00432253 -0.0228833 0.1019 
0.00497736 -0.0115744 -0.00117045 0.0015606 -0.0115744 0.0706998 0.00157242 -0.00435076 -0.00117045 0.00157242 0.0137262 -0.0229479 0.0015606 -0.00435076 -0.0229479 0.10203 
0.00495236 -0.0114928 -0.0010587 0.00150571 -0.0114928 0.0705094 0.00150571 -0.0042348 -0.0010587 0.00150571 0.0137749 -0.0230443 0.00150571 -0.0042348 -0.0230443 0.102259 
0.00493129 -0.0114827 -0.00106431 0.00147821 -0.0114827 0.0704335 0.00146638 -0.00423358 -0.00106431 0.00146638 0.0137887 -0.0230718 0.00147821 -0.00423358 -0.0230718 0.102386 
0.00490313 -0.0114724 -0.00109487 0.0014876 -0.0114724 0.070417 0.0014638 -0.00424858 -0.00109487 0.0014638 0.013793 -0.0230756 0.0014876 -0.00424858 -0.0230756 0.10243 
0.00487521 -0.011427 -0.00110584 0.00148634 -0.011427 0.0703219 0.00147445 -0.00423311 -0.00110584 0.00147445 0.013817 -0.0231037 0.00148634 -0.00423311 -0.0231037 0.10251 
0.00492342 -0.0113773 -0.00106773 0.00148296 -0.0113773 0.0701736 0.00147109 -0.0042116 -0.00106773 0.00147109 0.0137737 -0.023146 0.00148296 -0.0042116 -0.023146 0.102597 
0.00492146 -0.0114316 -0.00107508 0.00145733 -0.0114316 0.0702025 0.00144538 -0.00418085 -0.00107508 0.00144538 0.013761 -0.0230902 0.00145733 -0.00418085 -0.0230902 0.10255 
0.00489734 -0.011443 -0.00107502 0.00144531 -0.011443 0.0702469 0.00144531 -0.00412093 -0.00107502 0.00144531 0.0137842 -0.0230653 0.00144531 -0.00412093 -0.0230653 0.102474 
0.00493036 -0.0114202 -0.00107964 0.00148751 -0.0114202 0.0702367 0.00147551 -0.00419861 -0.00107964 0.00147551 0.0137474 -0.0230683 0.00148751 -0.00419861 -0.0230683 0.102422 
0.00499826 -0.0114469 -0.00109075 0.00147431 -0.0114469 0.0702514 0.00148629 -0.00423114 -0.00109075 0.00148629 0.0136643 -0.0230256 0.00147431 -0.00423114 -0.0230256 0.102362 
0.00504942 -0.0115432 -0.00106241 0.00146827 -0.0115432 0.0703815 0.00148021 -0.00423769 -0.00106241 0.00148021 0.0136084 -0.0229313 0.00146827 -0.00423769 -0.0229313 0.102182 
0.00506209 -0.0115976 -0.000950627 0.00140217 -0.0115976 0.0705603 0.00141406 -0.0040877 -0.000950627 0.00141406 0.0136296 -0.0228745 0.00140217 -0.0040877 -0.0228745 0.10199 
0.0051044 -0.0116333 -0.000890303 0.00129391 -0.0116333 0.0707019 0.00129391 -0.00384611 -0.000890303 0.00129391 0.013592 -0.0228748 0.00129391 -0.00384611 -0.0228748 0.101898 
0.00511621 -0.0116688 -0.000854681 0.0012108 -0.0116688 0.0708079 0.00118706 -0.0035493 -0.000854681 0.00118706 0.0135799 -0.022839 0.0012108 -0.0035493 -0.022839 0.101849 
0.00512875 -0.0117331 -0.000880575 0.00121377 -0.0117331 0.0709577 0.00118997 -0.0035461 -0.000880575 0.00118997 0.0135656 -0.0227998 0.00121377 -0.0035461 -0.0227998 0.10173 
0.00507803 -0.0117527 -0.000972389 0.00129652 -0.0117527 0.0710924 0.00128451 -0.00372149 -0.000972389 0.00128451 0.0136014 -0.0227731 0.00129652 -0.00372149 -0.0227731 0.101621 
0.00504357 -0.0116761 -0.00104723 0.0013602 -0.0116761 0.0709952 0.00134816 -0.00385189 -0.00104723 0.00134816 0.013614 -0.0228225 0.0013602 -0.00385189 -0.0228225 0.101666 
0.00501818 -0.0116 -0.00115152 0.00147879 -0.0116 0.0708 0.00149091 -0.0041697 -0.00115152 0.00149091 0.0136121 -0.0228485 0.00147879 -0.0041697 -0.0228485 0.101758 
0.00504181 -0.0115622 -0.00113926 0.00155133 -0.0115622 0.0706339 0.00157557 -0.00437523 -0.00113926 0.00157557 0.0135984 -0.0228578 0.00155133 -0.00437523 -0.0228578 0.101818 
0.00504665 -0.0115577 -0.00117392 0.0015612 -0.0115577 0.0705684 0.0015854 -0.00450205 -0.00117392 0.0015854 0.0135909 -0.022837 0.0015612 -0.00450205 -0.022837 0.10178 
0.00506127 -0.0115755 -0.00121083 0.0016104 -0.0115755 0.070555 0.00163462 -0.00460115 -0.00121083 0.00163462 0.0135613 -0.0227999 0.0016104 -0.00460115 -0.0227999 0.101722 
0.00511444 -0.0115951 -0.00118491 0.00163227 -0.0115951 0.0705865 0.00164436 -0.0046429 -0.00118491 0.00164436 0.0135176 -0.0227792 0.00163227 -0.0046429 -0.0227792 0.10166 
0.00515563 -0.0116301 -0.00111505 0.00154669 -0.0116301 0.0706201 0.00154669 -0.00442425 -0.00111505 0.00154669 0.0134886 -0.0227567 0.00154669 -0.00442425 -0.0227567 0.101614 
