0.00586245 0 -0.00348779 0 0 0.00997358 0 0 -0.00348779 0 0.00788091 0 0 0 0 0.00997358 
0.0085858 -0.0106825 -0.00489669 0.00602466 -0.0106825 0.0296721 0.00602466 -0.0115716 -0.00489669 0.00602466 0.0108815 -0.0134825 0.00602466 -0.0115716 -0.0134825 0.0350332 
0.00869858 -0.0165554 -0.00447556 0.00773051 -0.0165554 0.0621247 0.00773051 -0.0246647 -0.00447556 0.00773051 0.0107049 -0.01967 0.00773051 -0.0246647 -0.01967 0.0718896 
0.00815025 -0.0167116 -0.00391212 0.0059107 -0.0167116 0.0767682 0.0059107 -0.021786 -0.00391212 0.0059107 0.0101488 -0.0189369 0.0059107 -0.021786 -0.0189369 0.0838129 
0.00801185 -0.0161718 -0.00390494 0.00500909 -0.0161718 0.0816131 0.00500909 -0.0167508 -0.00390494 0.00500909 0.0103009 -0.0185282 0.00500909 -0.0167508 -0.0185282 0.0872282 
0.00813164 -0.0159824 -0.00408497 0.00502962 -0.0159824 0.0831674 0.00502962 -0.0147314 -0.00408497 0.00502962 0.010506 -0.0186632 0.00502962 -0.0147314 -0.0186632 0.0889502 
0.00823991 -0.0159786 -0.00420553 0.00530582 -0.0159786 0.0835361 0.00531804 -0.0145971 -0.00420553 0.00531804 0.0106116 -0.0188515 0.00530582 -0.0145971 -0.0188515 0.0900644 
0.00835704 -0.0161214 -0.00427928 0.00550024 -0.0161214 0.0838193 0.0055358 -0.015019 -0.00427928 0.0055358 0.0105856 -0.0188004 0.00550024 -0.015019 -0.0188004 0.0902442 
0.00840522 -0.0162408 -0.00431305 0.00560348 -0.0162408 0.0841103 0.00562673 -0.0153805 -0.00431305 0.00562673 0.0105676 -0.0187054 0.00560348 -0.0153805 -0.0187054 0.0900044 
0.00844424 -0.0163034 -0.00433685 0.00565626 -0.0163034 0.0842818 0.00566774 -0.015592 -0.00433685 0.00566774 0.0105668 -0.0186898 0.00565626 -0.015592 -0.0186898 0.0898692 
0.00849942 -0.0163398 -0.00434061 0.00568143 -0.0163398 0.0843806 0.00568143 -0.0156921 -0.00434061 0.00568143 0.0105561 -0.0187146 0.00568143 -0.0156921 -0.0187146 0.089903 
0.00850987 -0.0164119 -0.00432247 0.00567325 -0.0164119 0.0845472 0.0056845 -0.0157027 -0.00432247 0.0056845 0.0105811 -0.0187082 0.00567325 -0.0157027 -0.0187082 0.089939 
0.00856159 -0.0164476 -0.00439709 0.00565973 -0.0164476 0.0847187 0.00564865 -0.0156612 -0.00439709 0.00564865 0.0105774 -0.0187513 0.00565973 -0.0156612 -0.0187513 0.090013 
0.00860959 -0.0164925 -0.00445893 0.00573605 -0.0164925 0.0848738 0.00572504 -0.0157219 -0.00445893 0.00572504 0.0105803 -0.0187936 0.00573605 -0.0157219 -0.0187936 0.0901694 
0.00862155 -0.0166233 -0.00448232 0.00581041 -0.0166233 0.0851862 0.00581041 -0.0159039 -0.00448232 0.00581041 0.0105584 -0.0187483 0.00581041 -0.0159039 -0.0187483 0.0901223 
0.00861887 -0.0166476 -0.00447647 0.00583499 -0.0166476 0.0853646 0.00583499 -0.016024 -0.00447647 0.00583499 0.0105564 -0.018741 0.00583499 -0.016024 -0.018741 0.0901306 
0.00861314 -0.0166423 -0.00445817 0.00583942 -0.0166423 0.0854351 0.00583942 -0.0160472 -0.00445817 0.00583942 0.0105334 -0.018731 0.00583942 -0.0160472 -0.018731 0.0901067 
0.00860024 -0.0166384 -0.00447437 0.00581219 -0.0166384 0.0854628 0.00581219 -0.0160201 -0.00447437 0.00581219 0.0105226 -0.0186732 0.00581219 -0.0160201 -0.0186732 0.0899596 
0.0085695 -0.0165992 -0.00446469 0.00583671 -0.0165992 0.0853689 0.00583671 -0.0160369 -0.00446469 0.00583671 0.0105263 -0.0186572 0.00583671 -0.0160369 -0.0186572 0.0899123 
0.0085523 -0.0165419 -0.00446745 0.00582907 -0.0165419 0.0852079 0.00580656 -0.0160356 -0.00446745 0.00580656 0.0105328 -0.0186913 0.00582907 -0.0160356 -0.0186913 0.0899567 
0.00857616 -0.0165333 -0.00449066 0.00581873 -0.0165333 0.0851313 0.00581873 -0.0160493 -0.00449066 0.00581873 0.0105007 -0.018683 0.00581873 -0.0160493 -0.018683 0.0899483 
0.00861453 -0.0165254 -0.00453993 0.00587922 -0.0165254 0.085067 0.00585652 -0.0161168 -0.00453993 0.00585652 0.0104532 -0.0186818 0.00587922 -0.0161168 -0.0186818 0.0899588 
0.00868771 -0.0165649 -0.00456647 0.005925 -0.0165649 0.0850962 0.005925 -0.0162452 -0.00456647 0.005925 0.0103545 -0.0186084 0.005925 -0.0162452 -0.0186084 0.0898681 
0.00874745 -0.0166407 -0.00459013 0.00594553 -0.0166407 0.0851965 0.0059797 -0.0163673 -0.00459013 0.0059797 0.0102965 -0.01852 0.00594553 -0.0163673 -0.01852 0.0896955 
0.00876288 -0.0167549 -0.00457982 0.00597418 -0.0167549 0.0854749 0.00601952 -0.0164715 -0.00457982 0.00601952 0.0102933 -0.0183873 0.00597418 -0.0164715 -0.0183873 0.0893292 
0.00875041 -0.0167935 -0.00452922 0.0059553 -0.0167935 0.0856902 0.00600094 -0.0164969 -0.00452922 0.00600094 0.0102792 -0.0183451 0.0059553 -0.0164969 -0.0183451 0.0890785 
0.00873498 -0.0168157 -0.00447653 0.00589984 -0.0168157 0.0858117 0.00591132 -0.016391 -0.00447653 0.00591132 0.0102616 -0.0182964 0.00589984 -0.016391 -0.0182964 0.0888764 
0.00873572 -0.016774 -0.00450507 0.00584287 -0.016774 0.0857793 0.00585431 -0.0162366 -0.00450507 0.00585431 0.0102565 -0.0182833 0.00584287 -0.0162366 -0.0182833 0.0887636 
0.00876466 -0.0167232 -0.00454127 0.00588095 -0.0167232 0.0856371 0.00588095 -0.0162237 -0.00454127 0.00588095 0.0102406 -0.0183013 0.00588095 -0.0162237 -0.0183013 0.0888046 
0.00876687 -0.0167193 -0.0045814 0.00593885 -0.0167193 0.0855081 0.00592753 -0.016312 -0.0045814 0.00592753 0.0102374 -0.0183256 0.00593885 -0.016312 -0.0183256 0.0889356 
0.00875244 -0.0167154 -0.00457924 0.0059891 -0.0167154 0.0854603 0.00597783 -0.0164334 -0.00457924 0.00597783 0.0102751 -0.0183508 0.0059891 -0.0164334 -0.0183508 0.0890358 
0.00873338 -0.0166985 -0.0046096 0.00599925 -0.0166985 0.0854131 0.00598796 -0.0164951 -0.0046096 0.00598796 0.0102925 -0.0183932 0.00599925 -0.0164951 -0.0183932 0.0891754 
0.00872835 -0.0166663 -0.00464082 0.00601838 -0.0166663 0.0853301 0.00600709 -0.0165421 -0.00464082 0.00600709 0.0103092 -0.0184616 0.00601838 -0.0165421 -0.0184616 0.0893611 
0.00873175 -0.0166718 -0.00461471 0.00605115 -0.0166718 0.0853155 0.00603984 -0.0166152 -0.00461471 0.00603984 0.0103152 -0.0184701 0.00605115 -0.0166152 -0.0184701 0.0894552 
0.00875244 -0.0166886 -0.0046143 0.00602014 -0.0166886 0.0853589 0.00602014 -0.0165979 -0.0046143 0.00602014 0.0102943 -0.0184572 0.00602014 -0.0165979 -0.0184572 0.0894517 
0.00878901 -0.0167227 -0.00463645 0.00600939 -0.0167227 0.0854481 0.00600939 -0.0165765 -0.00463645 0.00600939 0.0102745 -0.018422 0.00600939 -0.0165765 -0.018422 0.0893755 
0.0087878 -0.016789 -0.0046636 0.00603459 -0.016789 0.0855855 0.00604583 -0.0165979 -0.0046636 0.00604583 0.0102824 -0.0183847 0.00603459 -0.0165979 -0.0183847 0.0892715 
0.00879904 -0.0167777 -0.00474227 0.00607954 -0.0167777 0.0856417 0.00609078 -0.0166991 -0.00474227 0.00609078 0.0102824 -0.0184072 0.00607954 -0.0166991 -0.0184072 0.0892827 
0.00881649 -0.016805 -0.00478865 0.00617602 -0.016805 0.0857482 0.0061872 -0.0168833 -0.00478865 0.0061872 0.010271 -0.0183826 0.00617602 -0.0168833 -0.0183826 0.0892166 
0.00881432 -0.0168345 -0.00479866 0.0062528 -0.0168345 0.0858054 0.0062528 -0.0170917 -0.00479866 0.0062528 0.0102796 -0.0183893 0.0062528 -0.0170917 -0.0183893 0.089217 
0.00877773 -0.0168492 -0.00476441 0.00625539 -0.0168492 0.0858828 0.00625539 -0.0171967 -0.00476441 0.00625539 0.0103023 -0.0183738 0.00625539 -0.0171967 -0.0183738 0.0891562 
0.00879811 -0.016761 -0.00476657 0.00621436 -0.016761 0.0857315 0.00620323 -0.0171396 -0.00476657 0.00620323 0.0103016 -0.0184649 0.00621436 -0.0171396 -0.0184649 0.0893398 
0.00878516 -0.0167384 -0.00478081 0.00621173 -0.0167384 0.0855777 0.00621173 -0.0170934 -0.00478081 0.00621173 0.0103492 -0.0185132 0.00621173 -0.0170934 -0.0185132 0.0895709 
0.00879976 -0.0167815 -0.0047868 0.00622395 -0.0167815 0.0856761 0.00622395 -0.017091 -0.0047868 0.00622395 0.0103475 -0.018495 0.00622395 -0.017091 -0.018495 0.0895564 
0.00883568 -0.0168209 -0.0048044 0.00621811 -0.0168209 0.0857834 0.00622915 -0.0171081 -0.0048044 0.00622915 0.0103267 -0.0184997 0.00621811 -0.0171081 -0.0184997 0.0895606 
0.0088417 -0.0168847 -0.00484796 0.00624577 -0.0168847 0.0859764 0.00625686 -0.017162 -0.00484796 0.00625686 0.0103061 -0.0184378 0.00624577 -0.017162 -0.0184378 0.0894155 
0.00881625 -0.0168997 -0.00486337 0.00630684 -0.0168997 0.0860639 0.00630684 -0.0172661 -0.00486337 0.00630684 0.0103152 -0.0184208 0.00630684 -0.0172661 -0.0184208 0.0893283 
0.0088312 -0.0168414 -0.00488157 0.00633494 -0.0168414 0.085971 0.00632385 -0.0173407 -0.00488157 0.00632385 0.0102957 -0.0184612 0.00633494 -0.0173407 -0.0184612 0.0894325 
0.00888673 -0.016856 -0.0049076 0.0063445 -0.016856 0.0859271 0.00633345 -0.0174087 -0.0049076 0.00633345 0.0102573 -0.0184587 0.0063445 -0.0174087 -0.0184587 0.089442 
0.00893985 -0.0169381 -0.00494073 0.00639194 -0.0169381 0.0860862 0.00639194 -0.017503 -0.00494073 0.00639194 0.0101916 -0.018356 0.00639194 -0.017503 -0.018356 0.0892545 
0.00899396 -0.0170144 -0.00496714 0.00641636 -0.0170144 0.0862889 0.00643848 -0.0176118 -0.00496714 0.00643848 0.0101334 -0.0182755 0.00641636 -0.0176118 -0.0182755 0.0890546 
0.00901198 -0.0170777 -0.00498465 0.00645914 -0.0170777 0.0864556 0.00647014 -0.0177049 -0.00498465 0.00647014 0.0101123 -0.018222 0.00645914 -0.0177049 -0.018222 0.0888544 
0.00901908 -0.0171067 -0.00503008 0.0064876 -0.0171067 0.0865854 0.00649856 -0.0177971 -0.00503008 0.00649856 0.0101259 -0.0181916 0.0064876 -0.0177971 -0.0181916 0.0887333 
0.00899094 -0.0171335 -0.00503537 0.00653386 -0.0171335 0.0866921 0.0065559 -0.0179158 -0.00503537 0.0065559 0.0101258 -0.0181582 0.00653386 -0.0179158 -0.0181582 0.0886313 
0.00895361 -0.0170682 -0.00501225 0.00656892 -0.0170682 0.0865994 0.00654684 -0.0179845 -0.00501225 0.00654684 0.010157 -0.0182163 0.00656892 -0.0179845 -0.0182163 0.0887302 
0.00891913 -0.0170254 -0.00496621 0.0065251 -0.0170254 0.0864966 0.00651397 -0.0179607 -0.00496621 0.00651397 0.0101662 -0.018228 0.0065251 -0.0179607 -0.018228 0.0887793 
0.00889512 -0.0169153 -0.00492428 0.00648345 -0.0169153 0.086203 0.00646102 -0.0178463 -0.00492428 0.00646102 0.0101626 -0.0183062 0.00648345 -0.0178463 -0.0183062 0.0889961 
0.00888 -0.0168888 -0.00491472 0.00641147 -0.0168888 0.0860299 0.00641147 -0.0177042 -0.00491472 0.00641147 0.0101645 -0.018285 0.00641147 -0.0177042 -0.018285 0.0890569 
0.00891697 -0.0168593 -0.00491778 0.00640767 -0.0168593 0.0858986 0.00640767 -0.0176211 -0.00491778 0.00640767 0.0101492 -0.0183156 0.00640767 -0.0176211 -0.0183156 0.0891249 
0.00896182 -0.016903 -0.00490152 0.0064045 -0.016903 0.085928 0.00641572 -0.0176208 -0.00490152 0.00641572 0.0100947 -0.0182713 0.0064045 -0.0176208 -0.0182713 0.0890574 
0.00891897 -0.0169752 -0.00484044 0.00637549 -0.0169752 0.0860748 0.0063979 -0.0175914 -0.00484044 0.0063979 0.0101403 -0.0182077 0.00637549 -0.0175914 -0.0182077 0.0888984 
0.00885654 -0.0169919 -0.00478884 0.00629873 -0.0169919 0.0862217 0.00632127 -0.0174652 -0.00478884 0.00632127 0.0101861 -0.0181863 0.00629873 -0.0174652 -0.0181863 0.0886893 
0.00884507 -0.0168676 -0.00477746 0.00624225 -0.0168676 0.0860282 0.00624225 -0.0172958 -0.00477746 0.00624225 0.0101972 -0.0182761 0.00624225 -0.0172958 -0.0182761 0.0888451 
0.00886344 -0.0167856 -0.0048071 0.00624139 -0.0167856 0.0857658 0.00623018 -0.017189 -0.0048071 0.00623018 0.0101857 -0.0183432 0.00624139 -0.017189 -0.0183432 0.0890826 
0.00887044 -0.0168572 -0.00480995 0.00627531 -0.0168572 0.0857849 0.00626412 -0.0172152 -0.00480995 0.00626412 0.0101904 -0.0183002 0.00627531 -0.0172152 -0.0183002 0.0890624 
0.00886619 -0.0168536 -0.00483914 0.00628532 -0.0168536 0.0858363 0.00628532 -0.0172652 -0.00483914 0.00628532 0.0102123 -0.0183109 0.00628532 -0.0172652 -0.0183109 0.0890624 
0.00889778 -0.016856 -0.00489654 0.00631134 -0.016856 0.0858387 0.00631134 -0.0173203 -0.00489654 0.00631134 0.0102021 -0.0183482 0.00631134 -0.0173203 -0.0183482 0.0891547 
0.00892532 -0.0169129 -0.00495361 0.00636577 -0.0169129 0.0859434 0.00637681 -0.0174424 -0.00495361 0.00637681 0.0102051 -0.0183471 0.00636577 -0.0174424 -0.0183471 0.089187 
0.0088817 -0.0169771 -0.00490598 0.00643425 -0.0169771 0.086137 0.00643425 -0.0175973 -0.00490598 0.00643425 0.0102439 -0.0183061 0.00643425 -0.0175973 -0.0183061 0.089105 
0.00884554 -0.0169272 -0.00486007 0.00640997 -0.0169272 0.0861416 0.0063989 -0.0176136 -0.00486007 0.0063989 0.0102847 -0.0183553 0.00640997 -0.0176136 -0.0183553 0.0891639 
0.00882895 -0.0168302 -0.00486696 0.00633477 -0.0168302 0.0859609 0.00632374 -0.0174813 -0.00486696 0.00632374 0.0103078 -0.0184635 0.00633477 -0.0174813 -0.0184635 0.0893931 
0.00882428 -0.0168323 -0.00491953 0.00633142 -0.0168323 0.0858712 0.00632039 -0.0174059 -0.00491953 0.00632039 0.0103134 -0.0184648 0.00633142 -0.0174059 -0.0184648 0.0895002 
0.00886414 -0.0168276 -0.00494283 0.00638174 -0.0168276 0.0858295 0.00638174 -0.0174756 -0.00494283 0.00638174 0.0103031 -0.0185081 0.00638174 -0.0174756 -0.0185081 0.0896299 
0.00889241 -0.0168824 -0.00496346 0.00642719 -0.0168824 0.0859306 0.00643819 -0.0175977 -0.00496346 0.00643819 0.0102791 -0.0184782 0.00642719 -0.0175977 -0.0184782 0.0895954 
0.0088716 -0.0169607 -0.00495928 0.00643604 -0.0169607 0.0861261 0.00645808 -0.0176771 -0.00495928 0.00645808 0.0102822 -0.0184155 0.00643604 -0.0176771 -0.0184155 0.0894323 
0.0088948 -0.016976 -0.00499164 0.00646495 -0.016976 0.0862653 0.00647594 -0.0177346 -0.00499164 0.00647594 0.0102692 -0.0183833 0.00646495 -0.0177346 -0.0183833 0.0892669 
0.00885721 -0.0169261 -0.0049815 0.00649237 -0.0169261 0.0861744 0.00648142 -0.0177692 -0.0049815 0.00648142 0.0103024 -0.018437 0.00649237 -0.0177692 -0.018437 0.0893713 
0.00883488 -0.0168676 -0.00493236 0.00648253 -0.0168676 0.0860181 0.00647169 -0.0177673 -0.00493236 0.00647169 0.0103742 -0.0185153 0.00648253 -0.0177673 -0.0185153 0.0895846 
0.00875685 -0.016861 -0.00485162 0.00641807 -0.016861 0.0859586 0.00641807 -0.0176769 -0.00485162 0.00641807 0.0104647 -0.0185798 0.00641807 -0.0176769 -0.0185798 0.089755 
0.00871203 -0.0167742 -0.00475802 0.00631099 -0.0167742 0.0858317 0.00628896 -0.0174351 -0.00475802 0.00628896 0.0104963 -0.0186907 0.00631099 -0.0174351 -0.0186907 0.0900059 
0.00866978 -0.016729 -0.00469567 0.00619429 -0.016729 0.085732 0.00618319 -0.0171508 -0.00469567 0.00618319 0.0105014 -0.0186939 0.00619429 -0.0171508 -0.0186939 0.0901169 
0.00868271 -0.0166659 -0.00465225 0.00609567 -0.0166659 0.0855725 0.00609567 -0.0168658 -0.00465225 0.00609567 0.0104814 -0.0187089 0.00609567 -0.0168658 -0.0187089 0.0901803 
0.00867373 -0.0166922 -0.00463117 0.00604163 -0.0166922 0.085549 0.00604163 -0.0166922 -0.00463117 0.00604163 0.010484 -0.018658 0.00604163 -0.0166922 -0.018658 0.0900691 
0.00863638 -0.016611 -0.00458842 0.00601127 -0.016611 0.0853711 0.00601127 -0.0165558 -0.00458842 0.00601127 0.0105556 -0.0187397 0.00601127 -0.0165558 -0.0187397 0.0902132 
0.00858526 -0.0166181 -0.00451914 0.00595554 -0.0166181 0.0853553 0.00595554 -0.0164523 -0.00451914 0.00595554 0.0105852 -0.0187506 0.00595554 -0.0164523 -0.0187506 0.090206 
0.00857936 -0.0165816 -0.0045061 0.00588235 -0.0165816 0.0853163 0.00587125 -0.0162597 -0.0045061 0.00587125 0.0105882 -0.0188013 0.00588235 -0.0162597 -0.0188013 0.0902775 
0.00863133 -0.016573 -0.00453812 0.00587287 -0.016573 0.0852678 0.00585062 -0.0161615 -0.00453812 0.00585062 0.0105333 -0.0187976 0.00587287 -0.0161615 -0.0187976 0.0903064 
0.0086173 -0.0166511 -0.0044994 0.00589074 -0.0166511 0.0853876 0.00590196 -0.0161799 -0.0044994 0.00590196 0.0105136 -0.0186933 0.00589074 -0.0161799 -0.0186933 0.0901339 
0.00860955 -0.0166684 -0.00449585 0.00586708 -0.0166684 0.0854885 0.00587832 -0.0161738 -0.00449585 0.00587832 0.0104978 -0.0186353 0.00586708 -0.0161738 -0.0186353 0.0898945 
0.00856091 -0.0165496 -0.00455535 0.00584566 -0.0165496 0.0852725 0.00585688 -0.0161232 -0.00455535 0.00585688 0.0105469 -0.0187151 0.00584566 -0.0161232 -0.0187151 0.0900186 
0.0085546 -0.0165134 -0.00458643 0.00592414 -0.0165134 0.0851076 0.00592414 -0.0162324 -0.00458643 0.00592414 0.0105555 -0.0187504 0.00592414 -0.0162324 -0.0187504 0.0901212 
0.00857765 -0.0164405 -0.00462389 0.00597532 -0.0164405 0.0848607 0.00596415 -0.0163511 -0.00462389 0.00596415 0.0105657 -0.0188306 0.00597532 -0.0163511 -0.0188306 0.0903892 
0.00860951 -0.0165099 -0.00466487 0.00601669 -0.0165099 0.0849095 0.00601669 -0.0164877 -0.00466487 0.00601669 0.0105818 -0.0187925 0.00601669 -0.0164877 -0.0187925 0.0904054 
0.0086008 -0.0165723 -0.00465923 0.00606141 -0.0165723 0.0850695 0.00607245 -0.0166275 -0.00465923 0.00607245 0.0105992 -0.0187804 0.00606141 -0.0166275 -0.0187804 0.090347 
0.00855831 -0.0165769 -0.00464814 0.00606902 -0.0165769 0.0851865 0.00606902 -0.016687 -0.00464814 0.00606902 0.0106511 -0.0188239 0.00606902 -0.016687 -0.0188239 0.0903854 
0.00855994 -0.0165566 -0.00464998 0.00605271 -0.0165566 0.0851907 0.00604166 -0.016667 -0.00464998 0.00604166 0.0106475 -0.0188871 0.00605271 -0.016667 -0.0188871 0.0905034 
0.00862511 -0.0165515 -0.00468376 0.00605942 -0.0165515 0.0851812 0.0060485 -0.0166497 -0.00468376 0.0060485 0.010634 -0.0188988 0.00605942 -0.0166497 -0.0188988 0.0905855 
0.00866564 -0.0166109 -0.00475213 0.0060853 -0.0166109 0.0852695 0.00609605 -0.0166969 -0.00475213 0.00609605 0.0106332 -0.0188902 0.0060853 -0.0166969 -0.0188902 0.0906022 
0.00868928 -0.0166994 -0.00480821 0.00616658 -0.0166994 0.0854913 0.00616658 -0.0168503 -0.00480821 0.00616658 0.010619 -0.0188663 0.00616658 -0.0168503 -0.0188663 0.0905474 
0.00868684 -0.016727 -0.00480686 0.0062403 -0.016727 0.085629 0.0062403 -0.0170072 -0.00480686 0.0062403 0.0106376 -0.0188826 0.0062403 -0.0170072 -0.0188826 0.0906298 
0.00868548 -0.016732 -0.00478676 0.00624878 -0.016732 0.085696 0.00623795 -0.0170894 -0.00478676 0.00623795 0.0106457 -0.018898 0.00624878 -0.0170894 -0.018898 0.0906777 
0.00870161 -0.0167506 -0.00477501 0.00621077 -0.0167506 0.0857761 0.00621077 -0.017066 -0.00477501 0.00621077 0.0106051 -0.0188825 0.00621077 -0.017066 -0.0188825 0.0906382 
0.00877347 -0.0167593 -0.00481337 0.00620269 -0.0167593 0.0858202 0.00620269 -0.017 -0.00481337 0.00620269 0.010491 -0.0188378 0.00620269 -0.017 -0.0188378 0.090557 
0.00880777 -0.0168907 -0.00483219 0.00623792 -0.0168907 0.0860679 0.00625988 -0.0170774 -0.00483219 0.00625988 0.0104331 -0.0186588 0.00623792 -0.0170774 -0.0186588 0.0901423 
0.00879319 -0.0169252 -0.00481532 0.0062478 -0.0169252 0.086235 0.00628085 -0.0171677 -0.00481532 0.00628085 0.010413 -0.018545 0.0062478 -0.0171677 -0.018545 0.0897942 
0.0087391 -0.0168618 -0.0047878 0.00625165 -0.0168618 0.0861473 0.00627366 -0.017181 -0.0047878 0.00627366 0.0104561 -0.0185678 0.00625165 -0.017181 -0.0185678 0.0897244 
0.00866727 -0.0167832 -0.00475266 0.00623029 -0.0167832 0.085967 0.00621926 -0.0171361 -0.00475266 0.00621926 0.0105198 -0.0186247 0.00623029 -0.0171361 -0.0186247 0.0897823 
0.0086993 -0.0166912 -0.00479733 0.00620116 -0.0166912 0.0857219 0.00617905 -0.0170559 -0.00479733 0.00617905 0.010479 -0.0186919 0.00620116 -0.0170559 -0.0186919 0.0899333 
0.00875019 -0.016667 -0.00482467 0.00623917 -0.016667 0.0855392 0.00621724 -0.0170727 -0.00482467 0.00621724 0.0104498 -0.0186956 0.00623917 -0.0170727 -0.0186956 0.0900897 
0.00874951 -0.0167562 -0.00484991 0.00628086 -0.0167562 0.0856272 0.00628086 -0.0171822 -0.00484991 0.00628086 0.0104535 -0.018635 0.00628086 -0.0171822 -0.018635 0.0899965 
0.00875801 -0.0167554 -0.00485711 0.00630229 -0.0167554 0.0856786 0.00630229 -0.017277 -0.00485711 0.00630229 0.0104857 -0.0186678 0.00630229 -0.017277 -0.0186678 0.0900359 
0.0087878 -0.0167629 -0.00489776 0.00630641 -0.0167629 0.0856892 0.00631725 -0.0173155 -0.00489776 0.00631725 0.0104565 -0.0187134 0.00630641 -0.0173155 -0.0187134 0.0901535 
0.00882947 -0.0168553 -0.00488716 0.00634245 -0.0168553 0.0859054 0.00635331 -0.0173874 -0.00488716 0.00635331 0.0104259 -0.0186364 0.00634245 -0.0173874 -0.0186364 0.0900324 
0.00885972 -0.0168991 -0.00493301 0.006344 -0.0168991 0.0860815 0.00635494 -0.0173913 -0.00493301 0.00635494 0.0103582 -0.0185945 0.006344 -0.0173913 -0.0185945 0.0899207 
0.0089068 -0.016935 -0.00497507 0.00639181 -0.016935 0.0862016 0.00640279 -0.0174731 -0.00497507 0.00640279 0.0103016 -0.0185275 0.00639181 -0.0174731 -0.0185275 0.0897819 
0.00893168 -0.0169615 -0.00496566 0.00644341 -0.0169615 0.0862526 0.00645428 -0.0175917 -0.00496566 0.00645428 0.0103008 -0.0184827 0.00644341 -0.0175917 -0.0184827 0.0896753 
0.00886022 -0.0170147 -0.00490787 0.00642801 -0.0170147 0.0863437 0.00644972 -0.0176444 -0.00490787 0.00644972 0.0103804 -0.0184697 0.00642801 -0.0176444 -0.0184697 0.0895686 
0.00882211 -0.0169976 -0.0049097 0.00637822 -0.0169976 0.0864676 0.00637822 -0.0175894 -0.0049097 0.00637822 0.0103783 -0.0184662 0.00637822 -0.0175894 -0.0184662 0.0894157 
0.00876462 -0.0169405 -0.00488775 0.0063874 -0.0169405 0.086391 0.00637629 -0.0175404 -0.00488775 0.00637629 0.0103754 -0.0184735 0.0063874 -0.0175404 -0.0184735 0.0893791 
0.00874101 -0.0168481 -0.00491543 0.00638338 -0.0168481 0.0861645 0.00636114 -0.0175154 -0.00491543 0.00636114 0.0103647 -0.0184829 0.00638338 -0.0175154 -0.0184829 0.0894007 
0.00872848 -0.0167463 -0.00496391 0.00640755 -0.0167463 0.0858301 0.00639645 -0.017568 -0.00496391 0.00639645 0.0103609 -0.018523 0.00640755 -0.017568 -0.018523 0.0895391 
0.00874408 -0.0166863 -0.0049872 0.00648117 -0.0166863 0.0855404 0.0064592 -0.0176969 -0.0049872 0.0064592 0.0103699 -0.0185537 0.00648117 -0.0176969 -0.0185537 0.0897037 
0.00876559 -0.0167094 -0.00500734 0.00649749 -0.0167094 0.0854754 0.00649749 -0.017827 -0.00500734 0.00649749 0.0103763 -0.0185721 0.00649749 -0.017827 -0.0185721 0.0897706 
0.00878204 -0.0167298 -0.00500576 0.00650969 -0.0167298 0.0854602 0.00649871 -0.0178605 -0.00500576 0.00649871 0.0103628 -0.018585 0.00650969 -0.0178605 -0.018585 0.0898842 
0.0087729 -0.0167643 -0.00496434 0.00650537 -0.0167643 0.0855495 0.00651638 -0.017876 -0.00496434 0.00651638 0.01038 -0.0185915 0.00650537 -0.017876 -0.0185915 0.0899194 
0.00874784 -0.0167455 -0.00488687 0.00645332 -0.0167455 0.0855589 0.00646435 -0.0177935 -0.00488687 0.00646435 0.0104246 -0.0186209 0.00645332 -0.0177935 -0.0186209 0.0900156 
0.00876048 -0.0167356 -0.00486693 0.0063602 -0.0167356 0.0855806 0.0063602 -0.0175873 -0.00486693 0.0063602 0.0103975 -0.0186381 0.0063602 -0.0175873 -0.0186381 0.0900272 
0.00881744 -0.0167498 -0.00487891 0.00631714 -0.0167498 0.0856188 0.0063282 -0.0174136 -0.00487891 0.0063282 0.0103552 -0.0186195 0.00631714 -0.0174136 -0.0186195 0.0899999 
0.00887219 -0.0168296 -0.0049045 0.00632625 -0.0168296 0.0857461 0.00633728 -0.0173807 -0.0049045 0.00633728 0.010316 -0.0185489 0.00632625 -0.0173807 -0.0185489 0.0898901 
0.00891911 -0.0168873 -0.00492955 0.00636142 -0.0168873 0.0858901 0.00638328 -0.0174229 -0.00492955 0.00638328 0.0103073 -0.0185159 0.00636142 -0.0174229 -0.0185159 0.0897813 
0.00896024 -0.0170037 -0.0049767 0.00638458 -0.0170037 0.08623 0.00641732 -0.0175058 -0.0049767 0.00641732 0.0102699 -0.0184443 0.00638458 -0.0175058 -0.0184443 0.089526 
0.00890924 -0.0170896 -0.00498221 0.00643989 -0.0170896 0.0865361 0.00647253 -0.0176336 -0.00498221 0.00647253 0.0103234 -0.0183733 0.00643989 -0.0176336 -0.0183733 0.0892665 
0.00887347 -0.0169904 -0.00500416 0.00647407 -0.0169904 0.086465 0.00647407 -0.0177145 -0.00500416 0.00647407 0.0103866 -0.0184927 0.00647407 -0.0177145 -0.0184927 0.0894264 
0.00880814 -0.0169229 -0.00496203 0.00650047 -0.0169229 0.0862721 0.0064788 -0.017768 -0.00496203 0.0064788 0.0104549 -0.0186022 0.00650047 -0.017768 -0.0186022 0.0897498 
0.0088033 -0.0168241 -0.00492332 0.00644488 -0.0168241 0.0860332 0.00643401 -0.0176935 -0.00492332 0.00643401 0.010477 -0.0187152 0.00644488 -0.0176935 -0.0187152 0.0901197 
0.00881291 -0.0168473 -0.00494172 0.00639071 -0.0168473 0.085988 0.0063799 -0.0175717 -0.00494172 0.0063799 0.0104674 -0.018718 0.00639071 -0.0175717 -0.018718 0.0902161 
0.00881817 -0.0169077 -0.00496089 0.00640737 -0.0169077 0.0860924 0.00639666 -0.0175399 -0.00496089 0.00639666 0.0105004 -0.0186864 0.00640737 -0.0175399 -0.0186864 0.0901425 
0.00876056 -0.0168785 -0.0049479 0.00642584 -0.0168785 0.0861063 0.00642584 -0.0175747 -0.0049479 0.00642584 0.0105812 -0.0187313 0.00642584 -0.0175747 -0.0187313 0.0902295 
0.00873395 -0.0168356 -0.00497246 0.00640847 -0.0168356 0.0860643 0.00639775 -0.0175644 -0.00497246 0.00639775 0.0106093 -0.0188182 0.00640847 -0.0175644 -0.0188182 0.090383 
0.00871553 -0.0167688 -0.00496657 0.0064512 -0.0167688 0.0859056 0.00641916 -0.0175806 -0.00496657 0.00641916 0.0106488 -0.0188943 0.0064512 -0.0175806 -0.0188943 0.0906265 
0.00872199 -0.0167698 -0.00495495 0.0064425 -0.0167698 0.0858714 0.0064318 -0.0176152 -0.00495495 0.0064318 0.0106269 -0.0189101 0.0064425 -0.0176152 -0.0189101 0.090698 
0.00877269 -0.0167981 -0.00494953 0.00642248 -0.0167981 0.0859074 0.00641164 -0.0176104 -0.00494953 0.00641164 0.0105381 -0.0188775 0.00642248 -0.0176104 -0.0188775 0.0906728 
0.00881148 -0.0168141 -0.00499353 0.00640638 -0.0168141 0.0859469 0.00640638 -0.017569 -0.00499353 0.00640638 0.0105047 -0.0188093 0.00640638 -0.017569 -0.0188093 0.0905846 
0.00889583 -0.0168458 -0.0050803 0.00644071 -0.0168458 0.0859824 0.00646197 -0.0176004 -0.0050803 0.00646197 0.0104688 -0.0187801 0.00644071 -0.0176004 -0.0187801 0.0905207 
0.00894077 -0.0169917 -0.00513777 0.00654668 -0.0169917 0.0862509 0.00657846 -0.0178074 -0.00513777 0.00657846 0.0104556 -0.0186972 0.00654668 -0.0178074 -0.0186972 0.0903188 
0.00893122 -0.0170688 -0.00514286 0.0066455 -0.0170688 0.0865397 0.00666667 -0.0180635 -0.00514286 0.00666667 0.0104656 -0.0186667 0.0066455 -0.0180635 -0.0186667 0.0901587 
0.00892387 -0.0170575 -0.00513096 0.00664812 -0.0170575 0.0866153 0.00665866 -0.0181638 -0.00513096 0.00665866 0.0104937 -0.0187117 0.00664812 -0.0181638 -0.0187117 0.090208 
0.00889295 -0.0170299 -0.00512368 0.00662509 -0.0170299 0.0865461 0.00662509 -0.0181324 -0.00512368 0.00662509 0.0105623 -0.0187833 0.00662509 -0.0181324 -0.0187833 0.0904309 
0.00890317 -0.0169979 -0.00511302 0.00661438 -0.0169979 0.0865014 0.00660388 -0.0180793 -0.00511302 0.00660388 0.010562 -0.0188667 0.00661438 -0.0180793 -0.0188667 0.090617 
0.00890117 -0.0170219 -0.00509392 0.00660205 -0.0170219 0.0865227 0.00659151 -0.0180238 -0.00509392 0.00659151 0.0105675 -0.0188675 0.00660205 -0.0180238 -0.0188675 0.0907308 
