0.011984 0 -0.00102944 0 0 0.00998109 0 0 -0.00102944 0 0.00434155 0 0 0 0 0.00998109 
0.016911 -0.0209134 -0.0013621 0.00166595 -0.0209134 0.049287 0.00166595 -0.00320617 -0.0013621 0.00166595 0.00609801 -0.00766966 0.00166595 -0.00320617 -0.00766966 0.0238996 
0.0163605 -0.029474 -0.00117309 0.00180154 -0.029474 0.103253 0.00180154 -0.00565599 -0.00117309 0.00180154 0.00656723 -0.0139514 0.00180154 -0.00565599 -0.0139514 0.0542032 
0.0151035 -0.026633 -0.00104997 0.0012418 -0.026633 0.11258 0.0012418 -0.00402827 -0.00104997 0.0012418 0.00607774 -0.0150732 0.0012418 -0.00402827 -0.0150732 0.0728824 
0.0151234 -0.0249869 -0.00112511 0.00117199 -0.0249869 0.109652 0.00118137 -0.00310344 -0.00112511 0.00118137 0.00585996 -0.014167 0.00117199 -0.00310344 -0.014167 0.0775109 
0.0154965 -0.0250621 -0.00116135 0.00131206 -0.0250621 0.108528 0.00131206 -0.00315603 -0.00116135 0.00131206 0.00591312 -0.0136082 0.00131206 -0.00315603 -0.0136082 0.0776152 
0.0157059 -0.0254919 -0.00121678 0.00137211 -0.0254919 0.10907 0.00138074 -0.00336555 -0.00121678 0.00138074 0.00606662 -0.013583 0.00137211 -0.00336555 -0.013583 0.0775975 
0.0157914 -0.0257106 -0.00117101 0.0014121 -0.0257106 0.109688 0.0014121 -0.0034872 -0.00117101 0.0014121 0.00603587 -0.0137077 0.0014121 -0.0034872 -0.0137077 0.0777947 
0.0158113 -0.0257865 -0.00114835 0.0013626 -0.0257865 0.109985 0.0013626 -0.00344505 -0.00114835 0.0013626 0.00599028 -0.0136774 0.0013626 -0.00344505 -0.0136774 0.0779079 
0.0157917 -0.0258038 -0.0011814 0.00132589 -0.0258038 0.110083 0.00132589 -0.00335722 -0.0011814 0.00132589 0.00600049 -0.0136328 0.00132589 -0.00335722 -0.0136328 0.0778789 
0.0157889 -0.025782 -0.00117968 0.00137629 -0.025782 0.110069 0.00137629 -0.00338517 -0.00117968 0.00137629 0.00594114 -0.0136432 0.00137629 -0.00338517 -0.0136432 0.0778417 
0.0158115 -0.0257744 -0.00112211 0.00137713 -0.0257744 0.110051 0.00137713 -0.00343432 -0.00112211 0.00137713 0.00595056 -0.0136098 0.00137713 -0.00343432 -0.0136098 0.0778333 
0.0158262 -0.0257981 -0.00109292 0.00130473 -0.0257981 0.110072 0.00130473 -0.00334655 -0.00109292 0.00130473 0.00596448 -0.0135895 0.00130473 -0.00334655 -0.0135895 0.0777925 
0.0158216 -0.0258051 -0.0010968 0.00126089 -0.0258051 0.110112 0.00126089 -0.00318678 -0.0010968 0.00126089 0.00582947 -0.0135762 0.00126089 -0.00318678 -0.0135762 0.0776658 
0.0158119 -0.0258071 -0.00112695 0.00125698 -0.0258071 0.110129 0.00127432 -0.00314678 -0.00112695 0.00127432 0.00574743 -0.0134193 0.00125698 -0.00314678 -0.0134193 0.0773865 
0.0158088 -0.0258048 -0.00115037 0.00130724 -0.0258048 0.110113 0.00131595 -0.0032158 -0.00115037 0.00131595 0.00568212 -0.0132989 0.00130724 -0.0032158 -0.0132989 0.0770659 
0.0158006 -0.0257905 -0.0011604 0.00134362 -0.0257905 0.110089 0.00134362 -0.00330669 -0.0011604 0.00134362 0.00563621 -0.0132006 0.00134362 -0.00330669 -0.0132006 0.0767432 
0.0157852 -0.0257791 -0.00117217 0.00136319 -0.0257791 0.110062 0.00135451 -0.0033689 -0.00117217 0.00135451 0.00566983 -0.013163 0.00136319 -0.0033689 -0.013163 0.0766078 
0.0157651 -0.0257708 -0.00123783 0.00137536 -0.0257708 0.110038 0.00137536 -0.00342121 -0.00123783 0.00137536 0.00578512 -0.0132207 0.00137536 -0.00342121 -0.0132207 0.076685 
0.0157412 -0.0257366 -0.00130821 0.00145356 -0.0257366 0.109975 0.00145356 -0.0035484 -0.00130821 0.00145356 0.00589121 -0.0133728 0.00145356 -0.0035484 -0.0133728 0.0769619 
0.0157338 -0.0257014 -0.00130974 0.00153086 -0.0257014 0.109907 0.00152235 -0.00371659 -0.00130974 0.00152235 0.00595334 -0.0135056 0.00153086 -0.00371659 -0.0135056 0.0773169 
0.0157516 -0.0257053 -0.00126114 0.00153199 -0.0257053 0.109872 0.00152353 -0.00379189 -0.00126114 0.00152353 0.006001 -0.0136102 0.00153199 -0.00379189 -0.0136102 0.077649 
0.0157812 -0.025724 -0.00118975 0.00147869 -0.025724 0.109899 0.00146169 -0.00370521 -0.00118975 0.00146169 0.00596574 -0.0136566 0.00147869 -0.00370521 -0.0136566 0.077852 
0.0158152 -0.0257631 -0.00109959 0.00137449 -0.0257631 0.109976 0.00137449 -0.00351353 -0.00109959 0.00137449 0.00586734 -0.0136246 0.00137449 -0.00351353 -0.0136246 0.0778561 
0.0158527 -0.0258028 -0.00102275 0.00127411 -0.0258028 0.110085 0.00128277 -0.00330228 -0.00102275 0.00128277 0.00577248 -0.0135038 0.00127411 -0.00330228 -0.0135038 0.0776598 
0.0158526 -0.0258447 -0.00100267 0.00118419 -0.0258447 0.110173 0.00119283 -0.00308581 -0.00100267 0.00119283 0.00574807 -0.0133718 0.00118419 -0.00308581 -0.0133718 0.0773526 
0.0158501 -0.0258499 -0.000994881 0.00116495 -0.0258499 0.110211 0.00117345 -0.00296764 -0.000994881 0.00117345 0.00586725 -0.0133501 0.00116495 -0.00296764 -0.0133501 0.0772181 
0.0158456 -0.0258475 -0.00100782 0.00115179 -0.0258475 0.110225 0.00116026 -0.00292182 -0.00100782 0.00116026 0.0059368 -0.0134827 0.00115179 -0.00292182 -0.0134827 0.0773478 
0.015845 -0.0258372 -0.0010094 0.00117056 -0.0258372 0.11022 0.00117056 -0.00291792 -0.0010094 0.00117056 0.00593764 -0.0135717 0.00117056 -0.00291792 -0.0135717 0.0775625 
0.0158526 -0.0258524 -0.00101349 0.00117396 -0.0258524 0.110217 0.00116551 -0.00292222 -0.00101349 0.00116551 0.00595424 -0.0135807 0.00117396 -0.00292222 -0.0135807 0.0777007 
0.0158474 -0.0258439 -0.0010216 0.00119046 -0.0258439 0.110231 0.00118201 -0.00295503 -0.0010216 0.00118201 0.00596072 -0.0136016 0.00119046 -0.00295503 -0.0136016 0.077768 
0.0158282 -0.0258472 -0.00106925 0.00119554 -0.0258472 0.110217 0.00118712 -0.00298884 -0.00106925 0.00118712 0.00598611 -0.0136224 0.00119554 -0.00298884 -0.0136224 0.0778362 
0.0158217 -0.0258228 -0.00110189 0.00125329 -0.0258228 0.110189 0.00124488 -0.00307014 -0.00110189 0.00124488 0.00598047 -0.0136264 0.00125329 -0.00307014 -0.0136264 0.0778134 
0.0158189 -0.0258017 -0.00109795 0.00128375 -0.0258017 0.110141 0.00128375 -0.0031756 -0.00109795 0.00128375 0.00595424 -0.0136483 0.00128375 -0.0031756 -0.0136483 0.0779119 
0.0158426 -0.0258137 -0.00104419 0.00127528 -0.0258137 0.110136 0.00126672 -0.00318392 -0.00104419 0.00126672 0.00582007 -0.013583 0.00127528 -0.00318392 -0.013583 0.0777493 
0.015852 -0.0258313 -0.00104404 0.00121805 -0.0258313 0.110172 0.00121805 -0.00309732 -0.00104404 0.00121805 0.00565522 -0.0133985 0.00121805 -0.00309732 -0.0133985 0.0773808 
0.0158424 -0.0258491 -0.00108654 0.0012355 -0.0258491 0.110196 0.0012355 -0.00308436 -0.00108654 0.0012355 0.00556412 -0.0131874 0.0012355 -0.00308436 -0.0131874 0.0769076 
0.0158251 -0.0258314 -0.00111666 0.00128241 -0.0258314 0.110191 0.00128241 -0.00319294 -0.00111666 0.00128241 0.00558328 -0.0130771 0.00128241 -0.00319294 -0.0130771 0.076552 
0.0158226 -0.0258104 -0.00109832 0.00132999 -0.0258104 0.110149 0.00132999 -0.00332069 -0.00109832 0.00132999 0.00568894 -0.0131026 0.00132999 -0.00332069 -0.0131026 0.0764703 
0.0158428 -0.0258118 -0.00101742 0.00129102 -0.0258118 0.11013 0.00129957 -0.00330022 -0.00101742 0.00129957 0.00573691 -0.0132265 0.00129102 -0.00330022 -0.0132265 0.0766146 
0.0158458 -0.025843 -0.00102665 0.00120337 -0.025843 0.110171 0.00121178 -0.00313886 -0.00102665 0.00121178 0.00589062 -0.013338 0.00120337 -0.00313886 -0.013338 0.0769567 
0.0158625 -0.0258305 -0.000972698 0.00120548 -0.0258305 0.110181 0.00120548 -0.0030428 -0.000972698 0.00120548 0.00601077 -0.0135346 0.00120548 -0.0030428 -0.0135346 0.0774085 
0.0158554 -0.0258567 -0.000990965 0.0011242 -0.0258567 0.110222 0.00113253 -0.0029146 -0.000990965 0.00113253 0.00606237 -0.0136903 0.0011242 -0.0029146 -0.0136903 0.0778532 
0.0158552 -0.0258505 -0.000987811 0.00114687 -0.0258505 0.110241 0.00115524 -0.00287135 -0.000987811 0.00115524 0.00604407 -0.0137708 0.00114687 -0.00287135 -0.0137708 0.0781794 
0.015859 -0.0258499 -0.00100331 0.00115507 -0.0258499 0.110237 0.00114663 -0.00288345 -0.00100331 0.00114663 0.00598611 -0.0137512 0.00115507 -0.00288345 -0.0137512 0.0782409 
0.0158592 -0.0258503 -0.00100332 0.00116352 -0.0258503 0.110239 0.00116352 -0.00290879 -0.00100332 0.00116352 0.00595248 -0.0136755 0.00116352 -0.00290879 -0.0136755 0.0781158 
0.015869 -0.0258553 -0.000965065 0.00117486 -0.0258553 0.110236 0.00117486 -0.00294555 -0.000965065 0.00117486 0.00596662 -0.0136284 0.00117486 -0.00294555 -0.0136284 0.0780024 
0.0158745 -0.0258646 -0.000947481 0.00113033 -0.0258646 0.110257 0.00113033 -0.002884 -0.000947481 0.00113033 0.00605889 -0.0136637 0.00113033 -0.002884 -0.0136637 0.0780425 
0.0158595 -0.0258708 -0.000966439 0.00110686 -0.0258708 0.110265 0.00111512 -0.00281672 -0.000966439 0.00111512 0.00614556 -0.013778 0.00110686 -0.00281672 -0.013778 0.0782237 
0.0158409 -0.0258595 -0.00102797 0.00112066 -0.0258595 0.110254 0.00112066 -0.00281429 -0.00102797 0.00112066 0.00604988 -0.0138608 0.00112066 -0.00281429 -0.0138608 0.0783873 
0.0158179 -0.02583 -0.00110023 0.00120179 -0.02583 0.110209 0.00119333 -0.00291984 -0.00110023 0.00119333 0.00600895 -0.0137698 0.00120179 -0.00291984 -0.0137698 0.0783788 
0.0158031 -0.0258066 -0.00114809 0.00130004 -0.0258066 0.110157 0.0012916 -0.00311503 -0.00114809 0.0012916 0.00603589 -0.0137264 0.00130004 -0.00311503 -0.0137264 0.0783062 
0.0158142 -0.025795 -0.00112411 0.0013285 -0.025795 0.110103 0.00133701 -0.00326163 -0.00112411 0.00133701 0.00595269 -0.0136937 0.0013285 -0.00326163 -0.0136937 0.0781258 
0.0158062 -0.025798 -0.00111683 0.00131292 -0.025798 0.110106 0.00131292 -0.00329935 -0.00111683 0.00131292 0.00592518 -0.0136151 0.00131292 -0.00329935 -0.0136151 0.0779566 
0.0158119 -0.025802 -0.00110532 0.00131626 -0.025802 0.110101 0.00131626 -0.00329908 -0.00110532 0.00131626 0.00598221 -0.0135929 0.00131626 -0.00329908 -0.0135929 0.0778785 
0.0157941 -0.0258082 -0.00116775 0.00129377 -0.0258082 0.110113 0.00129377 -0.00325123 -0.00116775 0.00129377 0.0060656 -0.0136602 0.00129377 -0.00325123 -0.0136602 0.0779286 
0.0157682 -0.025779 -0.00122001 0.00136207 -0.025779 0.110077 0.00136207 -0.00333414 -0.00122001 0.00136207 0.0061502 -0.0137711 0.00136207 -0.00333414 -0.0137711 0.0781309 
0.0157556 -0.0257529 -0.00125071 0.00141859 -0.0257529 0.110021 0.0014102 -0.00344995 -0.00125071 0.0014102 0.00616123 -0.013867 0.00141859 -0.00344995 -0.013867 0.0783752 
0.0157638 -0.0257315 -0.00121846 0.00143 -0.0257315 0.109966 0.00143 -0.00352846 -0.00121846 0.00143 0.00607538 -0.0138515 0.00143 -0.00352846 -0.0138515 0.0784468 
0.0157585 -0.0257401 -0.00123915 0.00139297 -0.0257401 0.109959 0.00140152 -0.0034867 -0.00123915 0.00140152 0.00595645 -0.0137332 0.00139297 -0.0034867 -0.0137332 0.0782372 
0.0157643 -0.0257377 -0.00123172 0.0014199 -0.0257377 0.109965 0.0014199 -0.00349842 -0.00123172 0.0014199 0.00590198 -0.0135917 0.0014199 -0.00349842 -0.0135917 0.0779146 
0.0157563 -0.0257419 -0.00123964 0.00141918 -0.0257419 0.109961 0.00142773 -0.0035223 -0.00123964 0.00142773 0.0058819 -0.0135164 0.00141918 -0.0035223 -0.0135164 0.0776445 
0.0157366 -0.0257343 -0.0013078 0.00144546 -0.0257343 0.10995 0.00144546 -0.00356203 -0.0013078 0.00144546 0.00586788 -0.013491 0.00144546 -0.00356203 -0.013491 0.0775128 
0.015729 -0.0257091 -0.00132276 0.00152626 -0.0257091 0.1099 0.00151779 -0.00370543 -0.00132276 0.00151779 0.00596091 -0.013482 0.00152626 -0.00370543 -0.013482 0.0774918 
0.0157198 -0.0256897 -0.00133219 0.00152987 -0.0256897 0.109867 0.00152987 -0.00378169 -0.00133219 0.00152987 0.00587881 -0.0135367 0.00152987 -0.00378169 -0.0135367 0.077456 
0.0157375 -0.025693 -0.00128682 0.00153028 -0.025693 0.109849 0.00153028 -0.0037996 -0.00128682 0.00153028 0.00574723 -0.0134421 0.00153028 -0.0037996 -0.0134421 0.0773485 
0.0157623 -0.0257124 -0.00124929 0.00148852 -0.0257124 0.109867 0.00148852 -0.00373015 -0.00124929 0.00148852 0.00555536 -0.0132549 0.00148852 -0.00373015 -0.0132549 0.0769422 
0.0157644 -0.025736 -0.00124645 0.00144373 -0.025736 0.109911 0.00144373 -0.0036407 -0.00124645 0.00144373 0.00540725 -0.0130115 0.00144373 -0.0036407 -0.0130115 0.076374 
0.0157711 -0.0257364 -0.00124344 0.00144918 -0.0257364 0.109941 0.00145813 -0.00361402 -0.00124344 0.00145813 0.0053763 -0.012828 0.00144918 -0.00361402 -0.012828 0.0758407 
0.0157787 -0.0257419 -0.00120017 0.00147374 -0.0257419 0.109957 0.00147374 -0.00367112 -0.00120017 0.00147374 0.0054449 -0.012796 0.00147374 -0.00367112 -0.012796 0.0755932 
0.0157868 -0.0257565 -0.00117394 0.00141047 -0.0257565 0.109973 0.00141924 -0.00359189 -0.00117394 0.00141924 0.00550173 -0.0128432 0.00141047 -0.00359189 -0.0128432 0.0755524 
0.0157909 -0.0257619 -0.00116746 0.00138365 -0.0257619 0.11 0.00138365 -0.00350237 -0.00116746 0.00138365 0.0055865 -0.0129371 0.00138365 -0.00350237 -0.0129371 0.0757636 
0.0158121 -0.0257717 -0.00110277 0.00136326 -0.0257717 0.110025 0.00136326 -0.00342118 -0.00110277 0.00136326 0.00555724 -0.0130422 0.00136326 -0.00342118 -0.0130422 0.0759779 
0.0158192 -0.0257969 -0.00110183 0.00128547 -0.0257969 0.110078 0.00128547 -0.00327926 -0.00110183 0.00128547 0.00549167 -0.0130121 0.00128547 -0.00327926 -0.0130121 0.0760526 
0.0158334 -0.0258084 -0.00106435 0.00129306 -0.0258084 0.110103 0.00128426 -0.00322825 -0.00106435 0.00128426 0.00542732 -0.0129482 0.00129306 -0.00322825 -0.0129482 0.0759738 
0.015821 -0.0258198 -0.00109721 0.00124763 -0.0258198 0.110146 0.00125648 -0.00316775 -0.00109721 0.00125648 0.00537102 -0.0128568 0.00124763 -0.00316775 -0.0128568 0.0757694 
0.0158088 -0.0258154 -0.00115152 0.00128542 -0.0258154 0.110144 0.00129434 -0.00318676 -0.00115152 0.00129434 0.00532912 -0.0127738 0.00128542 -0.00318676 -0.0127738 0.075545 
0.0157907 -0.0257911 -0.00118497 0.00136451 -0.0257911 0.110104 0.00135554 -0.00333947 -0.00118497 0.00135554 0.00530544 -0.0127205 0.00136451 -0.00333947 -0.0127205 0.0753984 
0.015794 -0.0257691 -0.00118879 0.00141225 -0.0257691 0.110048 0.00140331 -0.003477 -0.00118879 0.00140331 0.00532723 -0.0126924 0.00141225 -0.003477 -0.0126924 0.0752784 
0.0157769 -0.0257647 -0.00119711 0.00140259 -0.0257647 0.110018 0.00140259 -0.00351093 -0.00119711 0.00140259 0.00534234 -0.0127037 0.00140259 -0.00351093 -0.0127037 0.0752305 
0.0157586 -0.0257673 -0.0012668 0.00141055 -0.0257673 0.110005 0.00141055 -0.00353985 -0.0012668 0.00141055 0.00536369 -0.0127399 0.00141055 -0.00353985 -0.0127399 0.0752893 
0.0157502 -0.0257375 -0.00131622 0.00149409 -0.0257375 0.109958 0.00150298 -0.00367297 -0.00131622 0.00150298 0.00545165 -0.0127709 0.00149409 -0.00367297 -0.0127709 0.0754071 
0.0157467 -0.0257188 -0.00129689 0.00155978 -0.0257188 0.109912 0.00155101 -0.00384686 -0.00129689 0.00155101 0.00556437 -0.0128901 0.00155978 -0.00384686 -0.0128901 0.0756491 
0.0157519 -0.0257192 -0.00129029 0.00153276 -0.0257192 0.1099 0.0015241 -0.00386221 -0.00129029 0.0015241 0.00567208 -0.0130328 0.00153276 -0.00386221 -0.0130328 0.0759365 
0.0157511 -0.0257276 -0.00128037 0.00151238 -0.0257276 0.109914 0.00150379 -0.00380672 -0.00128037 0.00150379 0.00574016 -0.0131646 0.00151238 -0.00380672 -0.0131646 0.076272 
0.0157444 -0.025726 -0.00127681 0.00148386 -0.025726 0.109909 0.00148386 -0.0037269 -0.00127681 0.00148386 0.00571976 -0.0132426 0.00148386 -0.0037269 -0.0132426 0.0765222 
0.0157724 -0.0257147 -0.00119724 0.00148354 -0.0257147 0.109903 0.00148354 -0.00370451 -0.00119724 0.00148354 0.00563918 -0.0132477 0.00148354 -0.00370451 -0.0132477 0.0766581 
0.0157962 -0.0257545 -0.00117105 0.00140526 -0.0257545 0.109949 0.00140526 -0.00358255 -0.00117105 0.00140526 0.00562105 -0.0131678 0.00140526 -0.00358255 -0.0131678 0.0766215 
0.0158075 -0.025771 -0.00113222 0.00137608 -0.025771 0.110017 0.00138479 -0.00348374 -0.00113222 0.00138479 0.00560012 -0.0131424 0.00137608 -0.00348374 -0.0131424 0.076564 
0.0158322 -0.0257987 -0.00109009 0.00133233 -0.0257987 0.110064 0.00133233 -0.00339138 -0.00109009 0.00133233 0.00565808 -0.0131416 0.00133233 -0.00339138 -0.0131416 0.0765744 
0.0158197 -0.025816 -0.00107999 0.00127007 -0.025816 0.110116 0.00127007 -0.00325724 -0.00107999 0.00127007 0.00567642 -0.0131845 0.00127007 -0.00325724 -0.0131845 0.0765928 
0.0157978 -0.0258117 -0.00114815 0.001269 -0.0258117 0.110127 0.00127764 -0.00318546 -0.00114815 0.00127764 0.00573209 -0.0132339 0.001269 -0.00318546 -0.0132339 0.0767185 
0.0157163 -0.0257689 -0.00131753 0.0013432 -0.0257689 0.110074 0.0013432 -0.00328528 -0.00131753 0.0013432 0.00588613 -0.0133208 0.0013432 -0.00328528 -0.0133208 0.0769218 
0.0156672 -0.0256888 -0.00141571 0.00154441 -0.0256888 0.109911 0.00152725 -0.00362079 -0.00141571 0.00152725 0.005946 -0.0134879 0.00154441 -0.00362079 -0.0134879 0.0772722 
0.0156767 -0.0256304 -0.00140742 0.00166178 -0.0256304 0.109745 0.0016533 -0.0039764 -0.00140742 0.0016533 0.00607905 -0.0136334 0.00166178 -0.0039764 -0.0136334 0.0777559 
0.0156957 -0.0256471 -0.00137697 0.00164729 -0.0256471 0.109701 0.0016304 -0.00407177 -0.00137697 0.0016304 0.00614145 -0.0137697 0.00164729 -0.00407177 -0.0137697 0.078107 
0.0156992 -0.0256641 -0.00137623 0.0016056 -0.0256641 0.109741 0.0015971 -0.00400126 -0.00137623 0.0015971 0.00613356 -0.0138387 0.0016056 -0.00400126 -0.0138387 0.0783346 
0.0157069 -0.0256653 -0.00136104 0.00159774 -0.0256653 0.109771 0.00159774 -0.00396477 -0.00136104 0.00159774 0.00616272 -0.0138471 0.00159774 -0.00396477 -0.0138471 0.0784584 
0.0157362 -0.025677 -0.00129443 0.00156516 -0.025677 0.109789 0.00156516 -0.0039002 -0.00129443 0.00156516 0.00609988 -0.0138411 0.00156516 -0.0039002 -0.0138411 0.0783932 
0.0157661 -0.0257081 -0.00121409 0.00148577 -0.0257081 0.109854 0.00149426 -0.00375263 -0.00121409 0.00149426 0.006011 -0.0137625 0.00148577 -0.00375263 -0.0137625 0.0782364 
0.0157511 -0.0257497 -0.00126694 0.00140391 -0.0257497 0.109924 0.00141247 -0.00357825 -0.00126694 0.00141247 0.00595804 -0.013671 0.00140391 -0.00357825 -0.013671 0.0780451 
0.0157317 -0.0257319 -0.00131806 0.00147113 -0.0257319 0.109935 0.00147113 -0.00359703 -0.00131806 0.00147113 0.00600355 -0.0136228 0.00147113 -0.00359703 -0.0136228 0.0779272 
0.0157031 -0.025703 -0.00138078 0.00153515 -0.025703 0.109896 0.001518 -0.0037221 -0.00138078 0.001518 0.0059948 -0.0136534 0.00153515 -0.0037221 -0.0136534 0.0778896 
0.0156984 -0.0256727 -0.00138817 0.00161954 -0.0256727 0.109829 0.00161097 -0.00391602 -0.00138817 0.00161097 0.00598972 -0.0136504 0.00161954 -0.00391602 -0.0136504 0.0779092 
0.0157292 -0.0256701 -0.00130512 0.00162716 -0.0256701 0.109791 0.00162716 -0.00402553 -0.00130512 0.00162716 0.006051 -0.0136614 0.00162716 -0.00402553 -0.0136614 0.0779596 
0.0157831 -0.0257081 -0.00116315 0.00151124 -0.0257081 0.109837 0.00151973 -0.00387998 -0.00116315 0.00151973 0.00599402 -0.0136946 0.00151124 -0.00387998 -0.0136946 0.0779817 
0.0158128 -0.0257684 -0.00106728 0.00134051 -0.0257684 0.109956 0.00134904 -0.0035263 -0.00106728 0.00134904 0.00592555 -0.0136612 0.00134051 -0.0035263 -0.0136612 0.0779542 
0.0158149 -0.0258069 -0.00109395 0.00121454 -0.0258069 0.110084 0.00123177 -0.00317849 -0.00109395 0.00123177 0.0058746 -0.0135753 0.00121454 -0.00317849 -0.0135753 0.0777997 
0.015803 -0.0258056 -0.00113431 0.00125462 -0.0258056 0.110114 0.00126321 -0.00311077 -0.00113431 0.00126321 0.0058778 -0.0135086 0.00125462 -0.00311077 -0.0135086 0.0776231 
0.0157808 -0.0257782 -0.00118569 0.00130512 -0.0257782 0.110082 0.00132218 -0.00319881 -0.00118569 0.00132218 0.00592847 -0.0134947 0.00130512 -0.00319881 -0.0134947 0.0775136 
0.0157308 -0.0257599 -0.00129738 0.00138274 -0.0257599 0.110038 0.0013742 -0.00334588 -0.00129738 0.0013742 0.00596625 -0.0135457 0.00138274 -0.00334588 -0.0135457 0.0775442 
0.015721 -0.0257167 -0.00132709 0.00151425 -0.0257167 0.109936 0.00149724 -0.00359847 -0.00132709 0.00149724 0.00600595 -0.0136197 0.00151425 -0.00359847 -0.0136197 0.0777116 
0.0157193 -0.0256968 -0.0013349 0.00154882 -0.0256968 0.109872 0.00153171 -0.00376509 -0.0013349 0.00153171 0.00597281 -0.0136313 0.00154882 -0.00376509 -0.0136313 0.0777577 
0.0156987 -0.0256794 -0.0013614 0.00156561 -0.0256794 0.109831 0.0015571 -0.00384596 -0.0013614 0.0015571 0.00599867 -0.0136055 0.00156561 -0.00384596 -0.0136055 0.077787 
0.0157119 -0.0256619 -0.00132836 0.00156526 -0.0256619 0.109788 0.00156526 -0.00385816 -0.00132836 0.00156526 0.00597338 -0.0135966 0.00156526 -0.00385816 -0.0135966 0.0776878 
0.015724 -0.0256786 -0.0012708 0.00151649 -0.0256786 0.109789 0.00152496 -0.00380392 -0.0012708 0.00152496 0.00592192 -0.0135721 0.00151649 -0.00380392 -0.0135721 0.0776289 
0.0157215 -0.0256984 -0.00126718 0.00145303 -0.0256984 0.109831 0.00146993 -0.00367482 -0.00126718 0.00146993 0.00593041 -0.0135419 0.00145303 -0.00367482 -0.0135419 0.0775937 
0.0157202 -0.0257005 -0.00129278 0.00145653 -0.0257005 0.109852 0.00147377 -0.0036284 -0.00129278 0.00147377 0.00583475 -0.0135483 0.00145653 -0.0036284 -0.0135483 0.0775841 
0.0156919 -0.0256927 -0.00138152 0.00148578 -0.0256927 0.109844 0.00149447 -0.00364929 -0.00138152 0.00149447 0.00578673 -0.0134328 0.00148578 -0.00364929 -0.0134328 0.0774344 
0.0156886 -0.0256487 -0.00135899 0.00160842 -0.0256487 0.109777 0.00159982 -0.00385333 -0.00135899 0.00159982 0.00584021 -0.0133834 0.00160842 -0.00385333 -0.0133834 0.0773161 
0.0157155 -0.0256559 -0.00132027 0.00160136 -0.0256559 0.109744 0.00159284 -0.0039523 -0.00132027 0.00159284 0.00591993 -0.0134412 0.00160136 -0.0039523 -0.0134412 0.0773595 
0.0157229 -0.0256811 -0.00128961 0.00153728 -0.0256811 0.109779 0.00153728 -0.00386028 -0.00128961 0.00153728 0.00593561 -0.0135451 0.00153728 -0.00386028 -0.0135451 0.077513 
0.0157441 -0.0256993 -0.00125074 0.00150427 -0.0256993 0.109828 0.00150427 -0.00376912 -0.00125074 0.00150427 0.00603397 -0.013606 0.00150427 -0.00376912 -0.013606 0.077774 
0.0157516 -0.0257239 -0.00123178 0.0014427 -0.0257239 0.109873 0.00145113 -0.00363627 -0.00123178 0.00145113 0.00605764 -0.0136845 0.0014427 -0.00363627 -0.0136845 0.077931 
0.0157439 -0.0257269 -0.00125312 0.00142133 -0.0257269 0.109913 0.00142133 -0.0035407 -0.00125312 0.00142133 0.00609741 -0.0137423 0.00142133 -0.0035407 -0.0137423 0.0780973 
0.0157367 -0.0257295 -0.0012764 0.00144435 -0.0257295 0.109913 0.00144435 -0.00354369 -0.0012764 0.00144435 0.00611328 -0.0137885 0.00144435 -0.00354369 -0.0137885 0.078213 
0.0157549 -0.0257129 -0.00124999 0.0014765 -0.0257129 0.109907 0.0014765 -0.00360735 -0.00124999 0.0014765 0.00610733 -0.013817 0.0014765 -0.00360735 -0.013817 0.0783299 
0.0157784 -0.0257397 -0.00121438 0.00143517 -0.0257397 0.109931 0.00143517 -0.00357519 -0.00121438 0.00143517 0.00599545 -0.0137742 0.00143517 -0.00357519 -0.0137742 0.0782465 
0.0157831 -0.0257536 -0.00120023 0.00140599 -0.0257536 0.109976 0.00139741 -0.0035064 -0.00120023 0.00139741 0.00588972 -0.0136398 0.00140599 -0.0035064 -0.0136398 0.0780237 
0.0157989 -0.0257698 -0.00114981 0.00137801 -0.0257698 0.110022 0.00137801 -0.00344065 -0.00114981 0.00137801 0.00564372 -0.0134378 0.00137801 -0.00344065 -0.0134378 0.0774848 
0.0158196 -0.0257947 -0.00111616 0.00132709 -0.0257947 0.11006 0.00133588 -0.00336606 -0.00111616 0.00133588 0.00551049 -0.013139 0.00132709 -0.00336606 -0.013139 0.0768129 
0.0158051 -0.0257997 -0.00113396 0.00130097 -0.0257997 0.110099 0.00130976 -0.00330517 -0.00113396 0.00130976 0.00547639 -0.0129746 0.00130097 -0.00330517 -0.0129746 0.0762476 
0.0157924 -0.0257966 -0.00115062 0.00133507 -0.0257966 0.11009 0.00133507 -0.00332888 -0.00115062 0.00133507 0.0054808 -0.0129203 0.00133507 -0.00332888 -0.0129203 0.0759583 
0.01581 -0.0257816 -0.00111375 0.00135738 -0.0257816 0.11007 0.00136608 -0.00338476 -0.00111375 0.00136608 0.00555135 -0.0129561 0.00135738 -0.00338476 -0.0129561 0.07597 
0.0158247 -0.0257891 -0.00109556 0.00130423 -0.0257891 0.110069 0.00131293 -0.00333015 -0.00109556 0.00131293 0.00558212 -0.0130336 0.00130423 -0.00333015 -0.0130336 0.076089 
0.0158266 -0.0258012 -0.00109179 0.00127521 -0.0258012 0.110096 0.00128394 -0.0032317 -0.00109179 0.00128394 0.00556376 -0.0130753 0.00127521 -0.0032317 -0.0130753 0.0762069 
0.0158391 -0.0258192 -0.00106525 0.00127481 -0.0258192 0.110131 0.00128354 -0.00321322 -0.00106525 0.00128354 0.00555328 -0.0130712 0.00127481 -0.00321322 -0.0130712 0.0762877 
0.0158531 -0.0258321 -0.00101969 0.001255 -0.0258321 0.110161 0.001255 -0.00318979 -0.00101969 0.001255 0.00555163 -0.0130642 0.001255 -0.00318979 -0.0130642 0.0762849 
0.0158624 -0.0258466 -0.000982629 0.00119319 -0.0258466 0.110204 0.00119319 -0.00308826 -0.000982629 0.00119319 0.00550097 -0.0130374 0.00119319 -0.00308826 -0.0130374 0.0762064 
0.0158799 -0.0258597 -0.000923247 0.00116065 -0.0258597 0.110245 0.00116065 -0.00298956 -0.000923247 0.00116065 0.00546035 -0.012987 0.00116065 -0.00298956 -0.012987 0.0761283 
0.0158715 -0.0258809 -0.000962439 0.00108493 -0.0258809 0.110287 0.00109368 -0.00284357 -0.000962439 0.00109368 0.0054859 -0.0129229 0.00108493 -0.00284357 -0.0129229 0.0759627 
0.0158747 -0.0258728 -0.000960514 0.00112642 -0.0258728 0.110284 0.00113515 -0.00283788 -0.000960514 0.00113515 0.00550113 -0.0129407 0.00112642 -0.00283788 -0.0129407 0.0759243 
0.0158798 -0.025874 -0.000944811 0.00114417 -0.025874 0.110283 0.00114417 -0.00288644 -0.000944811 0.00114417 0.00553885 -0.012976 0.00114417 -0.00288644 -0.012976 0.0759836 
0.015887 -0.0258759 -0.000908077 0.00112429 -0.0258759 0.110284 0.00112429 -0.00287125 -0.000908077 0.00112429 0.00556089 -0.0130331 0.00112429 -0.00287125 -0.0130331 0.0761055 
0.0158845 -0.025891 -0.000930834 0.00106874 -0.025891 0.110304 0.00107735 -0.0027925 -0.000930834 0.00107735 0.00563672 -0.013092 0.00106874 -0.0027925 -0.013092 0.0763284 
0.0158833 -0.0258803 -0.00093938 0.00109451 -0.0258803 0.110304 0.00109451 -0.00276643 -0.00093938 0.00109451 0.00565352 -0.0131772 0.00109451 -0.00276643 -0.0131772 0.0765034 
0.0158721 -0.0258745 -0.000992539 0.00111233 -0.0258745 0.1103 0.00111233 -0.00278938 -0.000992539 0.00111233 0.00573277 -0.0132281 0.00111233 -0.00278938 -0.0132281 0.0767079 
0.0158552 -0.0258561 -0.00103662 0.00116408 -0.0258561 0.110264 0.00116408 -0.00288895 -0.00103662 0.00116408 0.00582887 -0.0133316 0.00116408 -0.00288895 -0.0133316 0.0769564 
0.015836 -0.0258426 -0.00105065 0.00122858 -0.0258426 0.110234 0.00122011 -0.00302486 -0.00105065 0.00122011 0.00589721 -0.0134551 0.00122858 -0.00302486 -0.0134551 0.0772737 
0.0158535 -0.0258319 -0.00102581 0.00123776 -0.0258319 0.110195 0.00122928 -0.0030944 -0.00102581 0.00122928 0.00592599 -0.0135475 0.00123776 -0.0030944 -0.0135475 0.077572 
