0.00464037 0 -0.00264697 0 0 0.00999967 0 0 -0.00264697 0 0.00874154 0 0 0 0 0.00999967 
0.00660711 -0.00821965 -0.00369599 0.00453793 -0.00821965 0.0249443 0.00453793 -0.0087191 -0.00369599 0.00453793 0.0123723 -0.0153262 0.00453793 -0.0087191 -0.0153262 0.0385867 
0.00669548 -0.0128166 -0.00344598 0.00586422 -0.0128166 0.0501028 0.00586422 -0.0187262 -0.00344598 0.00586422 0.0121667 -0.0221873 0.00586422 -0.0187262 -0.0221873 0.0799982 
0.0064521 -0.0134686 -0.00308115 0.00463697 -0.0134686 0.0638194 0.00465223 -0.0170988 -0.00308115 0.00465223 0.0113636 -0.0208969 0.00463697 -0.0170988 -0.0208969 0.0912294 
0.00651389 -0.0136025 -0.00305062 0.00400855 -0.0136025 0.0710191 0.00402328 -0.0135436 -0.00305062 0.00402328 0.011333 -0.020087 0.00400855 -0.0135436 -0.020087 0.0928892 
0.00662868 -0.013716 -0.00312674 0.00398833 -0.013716 0.0746109 0.00400222 -0.0118816 -0.00312674 0.00400222 0.011562 -0.0201084 0.00398833 -0.0118816 -0.0201084 0.093816 
0.00667078 -0.0137749 -0.00323034 0.00413641 -0.0137749 0.0760968 0.00414954 -0.0116213 -0.00323034 0.00414954 0.0117264 -0.020275 0.00413641 -0.0116213 -0.020275 0.094494 
0.00670736 -0.0137287 -0.00324064 0.00428317 -0.0137287 0.0764438 0.00429573 -0.0118447 -0.00324064 0.00429573 0.0117818 -0.0203984 0.00428317 -0.0118447 -0.0203984 0.0948702 
0.00678722 -0.0137337 -0.00325885 0.00432471 -0.0137337 0.0764236 0.00432471 -0.0120308 -0.00325885 0.00432471 0.0117735 -0.0204352 0.00432471 -0.0120308 -0.0204352 0.0950211 
0.00681342 -0.0138584 -0.00330311 0.00435132 -0.0138584 0.0766296 0.0043757 -0.0122008 -0.00330311 0.0043757 0.0117498 -0.0203671 0.00435132 -0.0122008 -0.0203671 0.0948759 
0.00682133 -0.013898 -0.00330731 0.00438948 -0.013898 0.0767977 0.00440164 -0.0122808 -0.00330731 0.00440164 0.0117701 -0.0203789 0.00438948 -0.0122808 -0.0203789 0.0948542 
0.00680545 -0.0138661 -0.0033055 0.00437493 -0.0138661 0.0768287 0.00438708 -0.012262 -0.0033055 0.00438708 0.011788 -0.0204285 0.00437493 -0.012262 -0.0204285 0.0950089 
0.00680709 -0.0138806 -0.00330665 0.00437252 -0.0138806 0.0768523 0.00437252 -0.0122334 -0.00330665 0.00437252 0.0117973 -0.0204576 0.00437252 -0.0122334 -0.0204576 0.0951054 
0.00680477 -0.0139462 -0.00339036 0.00443632 -0.0139462 0.0770646 0.0044243 -0.0123592 -0.00339036 0.0044243 0.0118302 -0.0204023 0.00443632 -0.0123592 -0.0204023 0.0949902 
0.00679702 -0.0139052 -0.00343441 0.00449944 -0.0139052 0.0770529 0.00449944 -0.0124812 -0.00343441 0.00449944 0.0118469 -0.0204868 0.00449944 -0.0124812 -0.0204868 0.0951105 
0.00681815 -0.0139124 -0.00345709 0.00457345 -0.0139124 0.0770523 0.00456144 -0.012664 -0.00345709 0.00456144 0.0118237 -0.0205145 0.00457345 -0.012664 -0.0205145 0.0952141 
0.00679806 -0.0138969 -0.0034652 0.00457214 -0.0138969 0.0770045 0.00457214 -0.0126937 -0.0034652 0.00457214 0.0118274 -0.0205265 0.00457214 -0.0126937 -0.0205265 0.0953533 
0.00681022 -0.0138842 -0.00350103 0.00456813 -0.0138842 0.0769268 0.00456813 -0.0126852 -0.00350103 0.00456813 0.011846 -0.0205626 0.00456813 -0.0126852 -0.0205626 0.095463 
0.0067893 -0.0138655 -0.00351418 0.00460191 -0.0138655 0.0768937 0.00461386 -0.0127539 -0.00351418 0.00461386 0.0118693 -0.0205592 0.00460191 -0.0127539 -0.0205592 0.0955045 
0.00677646 -0.0138398 -0.00350177 0.00461325 -0.0138398 0.0768357 0.0046252 -0.012788 -0.00350177 0.0046252 0.0118917 -0.0206043 0.00461325 -0.012788 -0.0206043 0.0955995 
0.00672822 -0.0138382 -0.00350727 0.00460478 -0.0138382 0.0768139 0.00461671 -0.0128123 -0.00350727 0.00461671 0.0119295 -0.0206141 0.00460478 -0.0128123 -0.0206141 0.0956505 
0.00665062 -0.0137873 -0.00353277 0.00461157 -0.0137873 0.0767015 0.00461157 -0.0127915 -0.00353277 0.00461157 0.0120328 -0.0206869 0.00461157 -0.0127915 -0.0206869 0.0957879 
0.00660516 -0.0136728 -0.00354568 0.00464852 -0.0136728 0.0764752 0.0046248 -0.012819 -0.00354568 0.0046248 0.0120719 -0.0208116 0.00464852 -0.012819 -0.0208116 0.0960654 
0.00654655 -0.013614 -0.00355147 0.00465243 -0.013614 0.0763093 0.00464059 -0.0128682 -0.00355147 0.00464059 0.012146 -0.0208708 0.00465243 -0.0128682 -0.0208708 0.0962923 
0.00656882 -0.0135874 -0.00357439 0.00471062 -0.0135874 0.0762457 0.00468695 -0.0129956 -0.00357439 0.00468695 0.0121198 -0.0209137 0.00471062 -0.0129956 -0.0209137 0.0964138 
0.00657419 -0.0135985 -0.00357731 0.00471447 -0.0135985 0.0762133 0.00469078 -0.0130536 -0.00357731 0.00469078 0.0121178 -0.020919 0.00471447 -0.0130536 -0.020919 0.0964807 
0.00658433 -0.0135958 -0.00358283 0.00472174 -0.0135958 0.0762003 0.00470987 -0.0130619 -0.00358283 0.00470987 0.0121009 -0.0209156 0.00472174 -0.0130619 -0.0209156 0.0965228 
0.00661283 -0.01363 -0.00360375 0.00472175 -0.01363 0.0762497 0.00472175 -0.0131067 -0.00360375 0.00472175 0.012072 -0.0208851 0.00472175 -0.0131067 -0.0208851 0.0964688 
0.00660701 -0.0136656 -0.00361247 0.00475325 -0.0136656 0.0763728 0.00476513 -0.0131903 -0.00361247 0.00476513 0.0120732 -0.0208192 0.00475325 -0.0131903 -0.0208192 0.0963246 
0.00659724 -0.0136421 -0.00362848 0.00473587 -0.0136421 0.0763395 0.00475944 -0.0131827 -0.00362848 0.00475944 0.0120989 -0.0208638 0.00473587 -0.0131827 -0.0208638 0.0963315 
0.00656891 -0.0135953 -0.00363636 0.004739 -0.0135953 0.0762111 0.00475073 -0.013173 -0.00363636 0.00475073 0.0121408 -0.0209267 0.004739 -0.013173 -0.0209267 0.0964809 
0.00650034 -0.0135969 -0.00363598 0.00478172 -0.0135969 0.0762036 0.00479342 -0.0132345 -0.00363598 0.00479342 0.0122291 -0.0209507 0.00478172 -0.0132345 -0.0209507 0.0965698 
0.00644649 -0.0135236 -0.00364367 0.00479983 -0.0135236 0.07612 0.00479983 -0.0133017 -0.00364367 0.00479983 0.0122857 -0.0210562 0.00479983 -0.0133017 -0.0210562 0.0967324 
0.006497 -0.0134623 -0.00362896 0.00481129 -0.0134623 0.0759857 0.00479959 -0.0133335 -0.00362896 0.00479959 0.0122448 -0.0211299 0.00481129 -0.0133335 -0.0211299 0.0969634 
0.00656437 -0.0135177 -0.00360628 0.00479659 -0.0135177 0.0760265 0.0047848 -0.0133291 -0.00360628 0.0047848 0.0121506 -0.021072 0.00479659 -0.0133291 -0.021072 0.0969688 
0.00660394 -0.0136576 -0.00360968 0.00479318 -0.0136576 0.0763359 0.00479318 -0.0133617 -0.00360968 0.00479318 0.0120836 -0.0209243 0.00479318 -0.0133617 -0.0209243 0.0966566 
0.00656869 -0.0136848 -0.00356994 0.00474802 -0.0136848 0.0764562 0.00475992 -0.0132683 -0.00356994 0.00475992 0.012114 -0.0208723 0.00474802 -0.0132683 -0.0208723 0.0964598 
0.00653909 -0.0136431 -0.00354601 0.00471199 -0.0136431 0.0764497 0.00471199 -0.0131623 -0.00354601 0.00471199 0.0121165 -0.0208674 0.00471199 -0.0131623 -0.0208674 0.0963915 
0.00650085 -0.0135555 -0.00351528 0.00464691 -0.0135555 0.0762045 0.00463487 -0.0129656 -0.00351528 0.00463487 0.012159 -0.0209231 0.00464691 -0.0129656 -0.0209231 0.0964895 
0.00644806 -0.0134703 -0.00350516 0.00464165 -0.0134703 0.0759651 0.00461772 -0.0128722 -0.00350516 0.00461772 0.0122023 -0.0209712 0.00464165 -0.0128722 -0.0209712 0.0966133 
0.00643459 -0.0134422 -0.00350978 0.00464389 -0.0134422 0.0758303 0.00463195 -0.0128931 -0.00350978 0.00463195 0.0122365 -0.020999 0.00464389 -0.0128931 -0.020999 0.0966502 
0.00643861 -0.0134376 -0.00350547 0.00466203 -0.0134376 0.0758087 0.00466203 -0.0129845 -0.00350547 0.00466203 0.0122334 -0.0210209 0.00466203 -0.0129845 -0.0210209 0.0966746 
0.0064599 -0.0134314 -0.00347383 0.00465161 -0.0134314 0.0757462 0.00463971 -0.0129674 -0.00347383 0.00463971 0.0122179 -0.0210333 0.00465161 -0.0129674 -0.0210333 0.0967558 
0.00645346 -0.0134427 -0.00342914 0.004596 -0.0134427 0.0757507 0.0045841 -0.0128593 -0.00342914 0.0045841 0.0122282 -0.0210273 0.004596 -0.0128593 -0.0210273 0.0967899 
0.00645031 -0.0134481 -0.00337987 0.00452236 -0.0134481 0.0757733 0.00451045 -0.0126864 -0.00337987 0.00451045 0.0122223 -0.0210409 0.00452236 -0.0126864 -0.0210409 0.0967903 
0.00642553 -0.0134201 -0.00336688 0.00445756 -0.0134201 0.0757312 0.00443385 -0.0124717 -0.00336688 0.00443385 0.0122583 -0.0210549 0.00445756 -0.0124717 -0.0210549 0.0968572 
0.00641278 -0.0134454 -0.00336134 0.00444603 -0.0134454 0.0757733 0.00443411 -0.0123964 -0.00336134 0.00443411 0.0122653 -0.021062 0.00444603 -0.0123964 -0.021062 0.0968592 
0.0064397 -0.013431 -0.00338174 0.00447301 -0.013431 0.0758253 0.00444903 -0.0124477 -0.00338174 0.00444903 0.0122318 -0.0210579 0.00447301 -0.0124477 -0.0210579 0.0968233 
0.0064364 -0.0134743 -0.00340468 0.00449946 -0.0134743 0.0758894 0.00449946 -0.0125359 -0.00340468 0.00449946 0.0121991 -0.0210055 0.00449946 -0.0125359 -0.0210055 0.0967144 
0.00647578 -0.0134831 -0.00345536 0.00454271 -0.0134831 0.0759333 0.00454271 -0.0126374 -0.00345536 0.00454271 0.0121542 -0.0209738 0.00454271 -0.0126374 -0.0209738 0.0966051 
0.00653967 -0.0134911 -0.00351204 0.00458988 -0.0134911 0.075957 0.00460199 -0.0127645 -0.00351204 0.00460199 0.0120984 -0.0209148 0.00458988 -0.0127645 -0.0209148 0.0964843 
0.00657776 -0.0135524 -0.00355945 0.00464171 -0.0135524 0.076023 0.00467779 -0.012927 -0.00355945 0.00467779 0.0120492 -0.0208396 0.00464171 -0.012927 -0.0208396 0.0963215 
0.00657855 -0.0135989 -0.00359373 0.00469215 -0.0135989 0.076113 0.00471602 -0.0130497 -0.00359373 0.00471602 0.0120826 -0.0207983 0.00469215 -0.0130497 -0.0207983 0.096183 
0.00654905 -0.013611 -0.0036145 0.00473583 -0.013611 0.0761908 0.00475969 -0.0131816 -0.0036145 0.00475969 0.0121199 -0.0208162 0.00473583 -0.0131816 -0.0208162 0.09616 
0.00653122 -0.0135484 -0.00363899 0.00475321 -0.0135484 0.0760751 0.00476507 -0.0132165 -0.00363899 0.00476507 0.0121379 -0.0208975 0.00475321 -0.0132165 -0.0208975 0.0963444 
0.00655048 -0.0135361 -0.00363393 0.00478643 -0.0135361 0.0760184 0.00479819 -0.0132774 -0.00363393 0.00479819 0.0121484 -0.0209451 0.00478643 -0.0132774 -0.0209451 0.0964931 
0.00656828 -0.0135478 -0.00361902 0.00478227 -0.0135478 0.0760111 0.00478227 -0.0132776 -0.00361902 0.00478227 0.0121496 -0.0209738 0.00478227 -0.0132776 -0.0209738 0.0966207 
0.00662189 -0.0136097 -0.00356473 0.0047569 -0.0136097 0.0761577 0.00476871 -0.0132792 -0.00356473 0.00476871 0.012087 -0.0209398 0.0047569 -0.0132792 -0.0209398 0.0965899 
0.00666985 -0.0137215 -0.0035318 0.00472497 -0.0137215 0.0764587 0.0047369 -0.0132204 -0.0035318 0.0047369 0.0120033 -0.0208328 0.00472497 -0.0132204 -0.0208328 0.0963489 
0.006676 -0.0137468 -0.00349353 0.00464209 -0.0137468 0.0765826 0.00464209 -0.013017 -0.00349353 0.00464209 0.012 -0.0207698 0.00464209 -0.013017 -0.0207698 0.0961918 
0.00665146 -0.0137448 -0.00345112 0.00459751 -0.0137448 0.0766052 0.00459751 -0.0128491 -0.00345112 0.00459751 0.0120252 -0.0207425 0.00459751 -0.0128491 -0.0207425 0.0960939 
0.00657124 -0.013716 -0.00346484 0.00456403 -0.013716 0.0765849 0.00456403 -0.0127482 -0.00346484 0.00456403 0.0120911 -0.0207651 0.00456403 -0.0127482 -0.0207651 0.0960477 
0.00656513 -0.0136343 -0.00345659 0.00458479 -0.0136343 0.0764652 0.00457279 -0.0127702 -0.00345659 0.00457279 0.0120981 -0.0208356 0.00458479 -0.0127702 -0.0208356 0.0961125 
0.00660708 -0.0136007 -0.0034666 0.00460201 -0.0136007 0.0763256 0.00457785 -0.0127914 -0.0034666 0.00457785 0.0120425 -0.0208479 0.00460201 -0.0127914 -0.0208479 0.0961952 
0.00662605 -0.0136276 -0.00341599 0.00457888 -0.0136276 0.0762904 0.00457888 -0.0127797 -0.00341599 0.00457888 0.0119923 -0.0207866 0.00457888 -0.0127797 -0.0207866 0.0961564 
0.00665049 -0.0136286 -0.00333738 0.00450243 -0.0136286 0.0762257 0.00449029 -0.0125971 -0.00333738 0.00449029 0.011966 -0.0207767 0.00450243 -0.0125971 -0.0207767 0.0961408 
0.0066358 -0.0136584 -0.00331186 0.00438761 -0.0136584 0.0762453 0.00438761 -0.012353 -0.00331186 0.00438761 0.0119904 -0.0207293 0.00438761 -0.012353 -0.0207293 0.0960439 
0.00668743 -0.0136766 -0.00328336 0.00435769 -0.0136766 0.0763139 0.00436976 -0.012216 -0.00328336 0.00436976 0.0119384 -0.0207141 0.00435769 -0.012216 -0.0207141 0.0959296 
0.00675179 -0.0137809 -0.00330355 0.00436455 -0.0137809 0.0765604 0.00437661 -0.0122376 -0.00330355 0.00437661 0.011888 -0.0206171 0.00436455 -0.0122376 -0.0206171 0.0956945 
0.00676977 -0.0138146 -0.0032892 0.0043537 -0.0138146 0.0766802 0.0043537 -0.0121521 -0.0032892 0.0043537 0.011865 -0.0205724 0.0043537 -0.0121521 -0.0205724 0.0955781 
0.00682307 -0.0139224 -0.00333946 0.00438454 -0.0139224 0.0769878 0.00440857 -0.0122767 -0.00333946 0.00440857 0.0118202 -0.0204932 0.00438454 -0.0122767 -0.0204932 0.0953308 
0.00685524 -0.0139746 -0.00337359 0.0044541 -0.0139746 0.0772084 0.00447811 -0.0124139 -0.00337359 0.00447811 0.0117776 -0.0204457 0.0044541 -0.0124139 -0.0204457 0.0951569 
0.0068934 -0.0139913 -0.0033685 0.0044753 -0.0139913 0.0772831 0.00448733 -0.0124875 -0.0033685 0.00448733 0.0117537 -0.0204276 0.0044753 -0.0124875 -0.0204276 0.0951 
0.00685845 -0.0140172 -0.00341121 0.00445619 -0.0140172 0.0773047 0.0044682 -0.0124437 -0.00341121 0.0044682 0.0117831 -0.0204192 0.00445619 -0.0124437 -0.0204192 0.0950814 
0.00678346 -0.0139766 -0.003458 0.00449419 -0.0139766 0.0772929 0.00449419 -0.0124825 -0.003458 0.00449419 0.0118439 -0.0204468 0.00449419 -0.0124825 -0.0204468 0.095113 
0.00676951 -0.0139238 -0.00349898 0.00459317 -0.0139238 0.0771941 0.00458114 -0.0126853 -0.00349898 0.00458114 0.0118677 -0.0205009 0.00459317 -0.0126853 -0.0205009 0.095194 
0.00678641 -0.0138726 -0.00356107 0.00464018 -0.0138726 0.0770365 0.00462819 -0.0128534 -0.00356107 0.00462819 0.0118582 -0.0205391 0.00464018 -0.0128534 -0.0205391 0.0953334 
0.00678056 -0.0138496 -0.00355859 0.00468868 -0.0138496 0.0769064 0.00468868 -0.01296 -0.00355859 0.00468868 0.011866 -0.0205701 0.00468868 -0.01296 -0.0205701 0.0954929 
0.00675303 -0.0138659 -0.00355044 0.00471393 -0.0138659 0.0768982 0.00471393 -0.0130623 -0.00355044 0.00471393 0.0118988 -0.020559 0.00471393 -0.0130623 -0.020559 0.095478 
0.00671584 -0.0138034 -0.00357378 0.0046771 -0.0138034 0.0767764 0.00466511 -0.0130239 -0.00357378 0.00466511 0.0119326 -0.0206272 0.0046771 -0.0130239 -0.0206272 0.0956287 
0.00669201 -0.0137558 -0.00359786 0.0047012 -0.0137558 0.0765983 0.00468921 -0.0130003 -0.00359786 0.00468921 0.0119569 -0.0206877 0.0047012 -0.0130003 -0.0206877 0.0958109 
0.00668205 -0.0137024 -0.00360082 0.00472456 -0.0137024 0.0764751 0.00472456 -0.0130499 -0.00360082 0.00472456 0.0119624 -0.0207349 0.00472456 -0.0130499 -0.0207349 0.0959412 
0.00669026 -0.0136956 -0.00359965 0.00473893 -0.0136956 0.0763926 0.00473893 -0.0131139 -0.00359965 0.00473893 0.0119261 -0.0207131 0.00473893 -0.0131139 -0.0207131 0.0960028 
0.00665806 -0.0137262 -0.00360645 0.00474025 -0.0137262 0.076423 0.00475231 -0.0131473 -0.00360645 0.00475231 0.0119773 -0.0206738 0.00474025 -0.0131473 -0.0206738 0.0959147 
0.00660782 -0.0136859 -0.00356919 0.00473882 -0.0136859 0.0763879 0.00473882 -0.0131795 -0.00356919 0.00473882 0.0120219 -0.0207037 0.00473882 -0.0131795 -0.0207037 0.0958978 
0.00658927 -0.0136405 -0.00357425 0.00474135 -0.0136405 0.0763236 0.0047292 -0.0131907 -0.00357425 0.0047292 0.0120236 -0.0207525 0.00474135 -0.0131907 -0.0207525 0.0959577 
0.0065308 -0.0135341 -0.00350167 0.00466486 -0.0135341 0.0760069 0.00464062 -0.013001 -0.00350167 0.00464062 0.0120923 -0.0208525 0.00466486 -0.013001 -0.0208525 0.0962415 
0.00647917 -0.0134651 -0.00345073 0.00459695 -0.0134651 0.0757834 0.00457282 -0.0128136 -0.00345073 0.00457282 0.0121379 -0.0209216 0.00459695 -0.0128136 -0.0209216 0.0964395 
0.00649374 -0.0134357 -0.00345283 0.00457954 -0.0134357 0.0757199 0.00455531 -0.0127452 -0.00345283 0.00455531 0.0121273 -0.0209351 0.00457954 -0.0127452 -0.0209351 0.0964975 
0.00646299 -0.0134334 -0.00349122 0.0045543 -0.0134334 0.0756472 0.00453013 -0.0126481 -0.00349122 0.00453013 0.0121649 -0.0209473 0.0045543 -0.0126481 -0.0209473 0.0965825 
0.00650356 -0.0134271 -0.00349176 0.00459569 -0.0134271 0.0756549 0.00459569 -0.0127191 -0.00349176 0.00459569 0.0121312 -0.0209626 0.00459569 -0.0127191 -0.0209626 0.0965814 
0.00659504 -0.0135138 -0.00351336 0.00462852 -0.0135138 0.075831 0.00464051 -0.0128663 -0.00351336 0.00464051 0.0120629 -0.0208883 0.00462852 -0.0128663 -0.0208883 0.0964435 
0.00663656 -0.0136306 -0.00350296 0.0046587 -0.0136306 0.0761239 0.00468253 -0.0129872 -0.00350296 0.00468253 0.0120221 -0.0207914 0.0046587 -0.0129872 -0.0207914 0.0962004 
0.00666452 -0.0137344 -0.00351705 0.00467351 -0.0137344 0.0764691 0.00469735 -0.0130787 -0.00351705 0.00469735 0.0119938 -0.0207208 0.00467351 -0.0130787 -0.0207208 0.0959381 
0.00669487 -0.0137864 -0.00352172 0.00468761 -0.0137864 0.0767086 0.00469963 -0.0131253 -0.00352172 0.00469963 0.0119594 -0.0206736 0.00468761 -0.0131253 -0.0206736 0.0957715 
0.00671739 -0.0137237 -0.00353927 0.00463476 -0.0137237 0.0765758 0.00463476 -0.0129532 -0.00353927 0.00463476 0.01193 -0.020718 0.00463476 -0.0129532 -0.020718 0.0959094 
0.00674995 -0.0138034 -0.00361778 0.00468612 -0.0138034 0.0766775 0.00469826 -0.0130021 -0.00361778 0.00469826 0.0118731 -0.0206383 0.00468612 -0.0130021 -0.0206383 0.0957861 
0.00680562 -0.0138669 -0.00366456 0.00478463 -0.0138669 0.0768585 0.00480898 -0.0132338 -0.00366456 0.00480898 0.0117972 -0.0205386 0.00478463 -0.0132338 -0.0205386 0.0955222 
0.00678323 -0.013905 -0.00368785 0.00483653 -0.013905 0.0769733 0.0048728 -0.0134214 -0.00368785 0.0048728 0.0118374 -0.0204585 0.00483653 -0.0134214 -0.0204585 0.0953158 
0.00677378 -0.013873 -0.00372437 0.00488146 -0.013873 0.0769342 0.00490556 -0.0135596 -0.00372437 0.00490556 0.0118481 -0.0205021 0.00488146 -0.0135596 -0.0205021 0.0952909 
0.00680215 -0.0138571 -0.00373215 0.00492403 -0.0138571 0.0768703 0.00493607 -0.0136525 -0.00373215 0.00493607 0.0118345 -0.0205268 0.00492403 -0.0136525 -0.0205268 0.0953625 
0.00679849 -0.0138603 -0.00371044 0.00490736 -0.0138603 0.0768061 0.00491933 -0.0136568 -0.00371044 0.00491933 0.0118375 -0.0205391 0.00490736 -0.0136568 -0.0205391 0.0954541 
0.00684507 -0.0138929 -0.00370874 0.00490126 -0.0138929 0.0768937 0.00490126 -0.0136544 -0.00370874 0.00490126 0.0118179 -0.0205352 0.00490126 -0.0136544 -0.0205352 0.0954374 
0.00683991 -0.0139402 -0.0037158 0.00488734 -0.0139402 0.0770141 0.00488734 -0.0136088 -0.0037158 0.00488734 0.0118574 -0.0205079 0.00488734 -0.0136088 -0.0205079 0.0954038 
0.0067744 -0.0139252 -0.00372827 0.00488086 -0.0139252 0.0770588 0.00488086 -0.0135606 -0.00372827 0.00488086 0.0119375 -0.0205584 0.00488086 -0.0135606 -0.0205584 0.0954649 
0.006668 -0.0138907 -0.00376477 0.00493314 -0.0138907 0.0770302 0.00492134 -0.0136429 -0.00376477 0.00492134 0.0120378 -0.0206413 0.00493314 -0.0136429 -0.0206413 0.095618 
0.00660183 -0.0137124 -0.003786 0.00494546 -0.0137124 0.0766901 0.0049218 -0.0136533 -0.003786 0.0049218 0.0121034 -0.020823 0.00494546 -0.0136533 -0.020823 0.0960578 
0.00659629 -0.0135945 -0.003771 0.00496495 -0.0135945 0.0762947 0.00492949 -0.0136418 -0.003771 0.00492949 0.012105 -0.0209474 0.00496495 -0.0136418 -0.0209474 0.0964973 
0.00665194 -0.0135993 -0.00374541 0.00496237 -0.0135993 0.0761842 0.00495055 -0.013682 -0.00374541 0.00495055 0.0120515 -0.0209247 0.00496237 -0.013682 -0.0209247 0.0966126 
0.00675394 -0.0137342 -0.00375219 0.00495527 -0.0137342 0.0764494 0.00496718 -0.013758 -0.00375219 0.00496718 0.0119355 -0.0207978 0.00495527 -0.013758 -0.0207978 0.0963538 
0.00679518 -0.0138526 -0.00377907 0.00494737 -0.0138526 0.0767617 0.00495929 -0.0137453 -0.00377907 0.00495929 0.0118856 -0.0206597 0.00494737 -0.0137453 -0.0206597 0.0960147 
0.00681025 -0.0138943 -0.00382184 0.00495291 -0.0138943 0.0769249 0.00497672 -0.0137515 -0.00382184 0.00497672 0.0118703 -0.0206094 0.00495291 -0.0137515 -0.0206094 0.0957722 
0.00682411 -0.0139221 -0.00385866 0.00501387 -0.0139221 0.0770303 0.00503769 -0.0138626 -0.00385866 0.00503769 0.0118499 -0.0205795 0.00501387 -0.0138626 -0.0205795 0.0956447 
0.00683007 -0.013921 -0.00384191 0.00506326 -0.013921 0.077028 0.00507512 -0.0139803 -0.00384191 0.00507512 0.0118459 -0.0205732 0.00506326 -0.0139803 -0.0205732 0.0956091 
0.00681599 -0.0139056 -0.00380649 0.0050436 -0.0139056 0.0769743 0.0050436 -0.0139651 -0.00380649 0.0050436 0.0118596 -0.0205907 0.0050436 -0.0139651 -0.0205907 0.0956737 
0.0068248 -0.0139469 -0.00384044 0.00504132 -0.0139469 0.0770822 0.00504132 -0.0139825 -0.00384044 0.00504132 0.0118661 -0.0205576 0.00504132 -0.0139825 -0.0205576 0.0955829 
0.00677262 -0.0138756 -0.00383467 0.00502637 -0.0138756 0.0769648 0.00500277 -0.0138992 -0.00383467 0.00500277 0.0119406 -0.0206246 0.00502637 -0.0138992 -0.0206246 0.0957016 
0.00671734 -0.0138 -0.00386542 0.00500854 -0.0138 0.0767427 0.00500854 -0.0138589 -0.00386542 0.00500854 0.0119852 -0.0207295 0.00500854 -0.0138589 -0.0207295 0.0959519 
0.00669184 -0.0137614 -0.00387112 0.00507494 -0.0137614 0.0766435 0.00505134 -0.0139502 -0.00387112 0.00505134 0.0120146 -0.0207837 0.00507494 -0.0139502 -0.0207837 0.0961053 
0.00670537 -0.0137543 -0.00389764 0.00510603 -0.0137543 0.076626 0.00510603 -0.0140742 -0.00389764 0.00510603 0.0119891 -0.0207795 0.00510603 -0.0140742 -0.0207795 0.0961734 
0.00671141 -0.0137548 -0.00387744 0.00509877 -0.0137548 0.0765765 0.00509877 -0.0140868 -0.00387744 0.00509877 0.011988 -0.0207864 0.00509877 -0.0140868 -0.0207864 0.0962245 
0.00669316 -0.0137647 -0.00386689 0.00507308 -0.0137647 0.0765929 0.00508491 -0.0140722 -0.00386689 0.00508491 0.0119909 -0.0207535 0.00507308 -0.0140722 -0.0207535 0.0961875 
0.00666556 -0.0137455 -0.00389515 0.00507909 -0.0137455 0.0765652 0.00507909 -0.0140533 -0.00389515 0.00507909 0.0120406 -0.0207899 0.00507909 -0.0140533 -0.0207899 0.0961948 
0.00658528 -0.0136936 -0.00393453 0.00512321 -0.0136936 0.0764796 0.00512321 -0.0141096 -0.00393453 0.00512321 0.0121008 -0.0208257 0.00512321 -0.0141096 -0.0208257 0.096283 
0.00655017 -0.0136324 -0.00392537 0.00517865 -0.0136324 0.0763437 0.00517865 -0.014259 -0.00392537 0.00517865 0.0121308 -0.020892 0.00517865 -0.014259 -0.020892 0.0963962 
0.00656086 -0.0135583 -0.00388223 0.00516845 -0.0135583 0.0761697 0.00514485 -0.0142899 -0.00388223 0.00514485 0.0121305 -0.020957 0.00516845 -0.0142899 -0.020957 0.0965721 
0.00662345 -0.0135298 -0.00383029 0.00509134 -0.0135298 0.0760165 0.00506777 -0.014119 -0.00383029 0.00506777 0.0120801 -0.02099 0.00509134 -0.014119 -0.02099 0.0967354 
0.00668742 -0.0136461 -0.0037978 0.00503621 -0.0136461 0.0761564 0.00502441 -0.014 -0.0037978 0.00502441 0.0120185 -0.0208997 0.00503621 -0.014 -0.0208997 0.0966315 
0.006726 -0.0137729 -0.00381457 0.00500291 -0.0137729 0.0765172 0.00502668 -0.0139392 -0.00381457 0.00502668 0.0119666 -0.0207722 0.00500291 -0.0139392 -0.0207722 0.0963031 
0.00677644 -0.0138382 -0.0038162 0.00501694 -0.0138382 0.076764 0.00502883 -0.0139333 -0.0038162 0.00502883 0.0119123 -0.0206979 0.00501694 -0.0139333 -0.0206979 0.0960352 
0.00679636 -0.0138804 -0.00381172 0.00502235 -0.0138804 0.0768936 0.00502235 -0.0139283 -0.00381172 0.00502235 0.0118786 -0.0206408 0.00502235 -0.0139283 -0.0206408 0.0958682 
0.00679036 -0.0138796 -0.00377774 0.00499713 -0.0138796 0.0769534 0.00502104 -0.0138915 -0.00377774 0.00502104 0.0118831 -0.0205982 0.00499713 -0.0138915 -0.0205982 0.0957345 
0.00679299 -0.013872 -0.00376594 0.00495769 -0.013872 0.0769277 0.00496961 -0.0138243 -0.00376594 0.00496961 0.0118937 -0.0206054 0.00495769 -0.0138243 -0.0206054 0.0956739 
0.00682752 -0.0138934 -0.00377718 0.00496872 -0.0138934 0.0769616 0.00495681 -0.013798 -0.00377718 0.00495681 0.0118677 -0.0205898 0.00496872 -0.013798 -0.0205898 0.095633 
0.00686741 -0.0139015 -0.00377291 0.0049631 -0.0139015 0.0769579 0.0049631 -0.0137467 -0.00377291 0.0049631 0.0118186 -0.0205903 0.0049631 -0.0137467 -0.0205903 0.0956558 
0.00692645 -0.0139604 -0.0037976 0.00495599 -0.0139604 0.0770508 0.00495599 -0.0137454 -0.0037976 0.00495599 0.0117391 -0.0205286 0.00495599 -0.0137454 -0.0205286 0.095573 
0.00698022 -0.0140441 -0.00380087 0.00497221 -0.0140441 0.0772007 0.00498416 -0.0137572 -0.00380087 0.00498416 0.0116895 -0.0204506 0.00497221 -0.0137572 -0.0204506 0.0954162 
0.00703407 -0.0141512 -0.00381951 0.00499383 -0.0141512 0.0775171 0.00502942 -0.0138428 -0.00381951 0.00502942 0.0116483 -0.020343 0.00499383 -0.0138428 -0.020343 0.0951082 
0.0070107 -0.0141751 -0.00383047 0.00498906 -0.0141751 0.0776142 0.00501271 -0.0138441 -0.00383047 0.00501271 0.0116806 -0.0203346 0.00498906 -0.0138441 -0.0203346 0.0950168 
0.00697495 -0.0141867 -0.00384866 0.00503286 -0.0141867 0.0777429 0.00503286 -0.0139025 -0.00384866 0.00503286 0.0117236 -0.0203328 0.00503286 -0.0139025 -0.0203328 0.0949494 
0.00686363 -0.0140598 -0.00387118 0.00501116 -0.0140598 0.0775068 0.00499929 -0.0138341 -0.00387118 0.00499929 0.0118392 -0.0204603 0.00501116 -0.0138341 -0.0204603 0.095224 
0.00679846 -0.0139634 -0.00392537 0.00507224 -0.0139634 0.0772778 0.00506042 -0.013928 -0.00392537 0.00506042 0.0119062 -0.0205727 0.00507224 -0.013928 -0.0205727 0.0954858 
0.00676163 -0.0138661 -0.00396004 0.00516579 -0.0138661 0.077014 0.00514215 -0.0141143 -0.00396004 0.00514215 0.0119392 -0.020675 0.00516579 -0.0141143 -0.020675 0.0957622 
0.00682429 -0.0138254 -0.00394842 0.00519777 -0.0138254 0.0768469 0.00518599 -0.0142733 -0.00394842 0.00518599 0.0119042 -0.0207204 0.00519777 -0.0142733 -0.0207204 0.0959408 
0.00684599 -0.0138693 -0.00393733 0.00517884 -0.0138693 0.0768312 0.00515519 -0.0142832 -0.00393733 0.00515519 0.0118711 -0.0206799 0.00517884 -0.0142832 -0.0206799 0.0959976 
0.0068413 -0.0139307 -0.00397008 0.00517529 -0.0139307 0.0770031 0.00517529 -0.0142852 -0.00397008 0.00517529 0.011863 -0.0206066 0.00517529 -0.0142852 -0.0206066 0.0958491 
0.00686382 -0.0139643 -0.00396445 0.0051952 -0.0139643 0.0771115 0.0051952 -0.014343 -0.00396445 0.0051952 0.0118342 -0.0205915 0.0051952 -0.014343 -0.0205915 0.0957503 
0.00686409 -0.0139416 -0.00392403 0.00516882 -0.0139416 0.0770699 0.00518067 -0.0142854 -0.00392403 0.00518067 0.0118314 -0.0206041 0.00516882 -0.0142854 -0.0206041 0.0957891 
0.00691149 -0.0139532 -0.00390546 0.00512444 -0.0139532 0.0770678 0.00513628 -0.0142135 -0.00390546 0.00513628 0.0117992 -0.0205924 0.00512444 -0.0142135 -0.0205924 0.0957667 
0.00692933 -0.0139887 -0.00389036 0.00508467 -0.0139887 0.0770977 0.00509649 -0.0140952 -0.00389036 0.00509649 0.0117775 -0.0205515 0.00508467 -0.0140952 -0.0205515 0.09571 
