0.00998974 0 -0.00320216 0 0 0.00997737 0 0 -0.00320216 0 0.00510614 0 0 0 0 0.00997737 
0.0138025 -0.0170894 -0.00463149 0.0057003 -0.0170894 0.0419478 0.0057003 -0.0109294 -0.00463149 0.0057003 0.00750463 -0.00940089 0.0057003 -0.0109294 -0.00940089 0.0271913 
0.0135027 -0.0244881 -0.00423409 0.00704135 -0.0244881 0.0873383 0.00704135 -0.0223885 -0.00423409 0.00704135 0.00789977 -0.0157763 0.00704135 -0.0223885 -0.0157763 0.0599153 
0.0126559 -0.0229204 -0.00373452 0.00523051 -0.0229204 0.0986481 0.00524143 -0.0187163 -0.00373452 0.00524143 0.0075564 -0.0165542 0.00523051 -0.0187163 -0.0165542 0.0778025 
0.0126837 -0.0218135 -0.00382962 0.00462618 -0.0218135 0.0986714 0.00463639 -0.0147159 -0.00382962 0.00463639 0.00747541 -0.0159721 0.00462618 -0.0147159 -0.0159721 0.0828014 
0.0129898 -0.0218412 -0.00394368 0.00483953 -0.0218412 0.0987283 0.00482979 -0.013613 -0.00394368 0.00482979 0.00754655 -0.0156968 0.00483953 -0.013613 -0.0156968 0.0835183 
0.0130812 -0.0221346 -0.00408436 0.00504428 -0.0221346 0.0993986 0.00502546 -0.0137024 -0.00408436 0.00502546 0.00773582 -0.0157069 0.00504428 -0.0137024 -0.0157069 0.0836353 
0.0130603 -0.0221387 -0.00417853 0.00524659 -0.0221387 0.0996477 0.00523722 -0.0141096 -0.00417853 0.00523722 0.00782304 -0.0159178 0.00524659 -0.0141096 -0.0159178 0.084011 
0.0130259 -0.0220461 -0.00423202 0.00538192 -0.0220461 0.0995042 0.00537249 -0.0144963 -0.00423202 0.00537249 0.00775713 -0.0160044 0.00538192 -0.0144963 -0.0160044 0.0843481 
0.0129935 -0.0220251 -0.00422476 0.00541708 -0.0220251 0.0994038 0.00540769 -0.014674 -0.00422476 0.00540769 0.00772661 -0.0159133 0.00541708 -0.014674 -0.0159133 0.0842792 
0.0130005 -0.022028 -0.00422468 0.00539976 -0.022028 0.0993966 0.00539976 -0.0146978 -0.00422468 0.00539976 0.00772194 -0.0158356 0.00539976 -0.0146978 -0.0158356 0.0840553 
0.0130194 -0.0220321 -0.00418414 0.00539829 -0.0220321 0.09942 0.00539829 -0.0146912 -0.00418414 0.00539829 0.00768649 -0.0158119 0.00539829 -0.0146912 -0.0158119 0.0839163 
0.0130266 -0.0220399 -0.00417301 0.00535724 -0.0220399 0.0994098 0.00536664 -0.0146525 -0.00417301 0.00536664 0.00763172 -0.0157804 0.00535724 -0.0146525 -0.0157804 0.0838268 
0.0129736 -0.0220664 -0.00420893 0.00533381 -0.0220664 0.0994769 0.00534318 -0.0145766 -0.00420893 0.00534318 0.00768668 -0.0157108 0.00533381 -0.0145766 -0.0157108 0.0836724 
0.0129741 -0.0220198 -0.00419778 0.00536796 -0.0220198 0.0994651 0.00537724 -0.0145808 -0.00419778 0.00537724 0.0077176 -0.015751 0.00536796 -0.0145808 -0.015751 0.0836677 
0.0129517 -0.0219861 -0.00422665 0.00537 -0.0219861 0.0993496 0.00537 -0.0146293 -0.00422665 0.00537 0.00771293 -0.0158195 0.00537 -0.0146293 -0.0158195 0.0837925 
0.0128991 -0.0219697 -0.00428723 0.00541052 -0.0219697 0.0992895 0.00539179 -0.0146683 -0.00428723 0.00539179 0.0077507 -0.0158103 0.00541052 -0.0146683 -0.0158103 0.0838536 
0.0128775 -0.0219206 -0.00431727 0.00546854 -0.0219206 0.0992136 0.00546854 -0.0147808 -0.00431727 0.00546854 0.0078175 -0.0158486 0.00546854 -0.0147808 -0.0158486 0.0839128 
0.0128444 -0.02188 -0.00434634 0.00551401 -0.02188 0.0990946 0.00550474 -0.014911 -0.00434634 0.00550474 0.00785862 -0.0159211 0.00551401 -0.014911 -0.0159211 0.0840631 
0.012853 -0.0218259 -0.00434653 0.00554975 -0.0218259 0.0989628 0.00554042 -0.0150263 -0.00434653 0.00554042 0.00781629 -0.015987 0.00554975 -0.0150263 -0.015987 0.084235 
0.0128836 -0.0218276 -0.00431652 0.00556058 -0.0218276 0.0988747 0.00555116 -0.0150984 -0.00431652 0.00555116 0.00770942 -0.015956 0.00556058 -0.0150984 -0.015956 0.0842475 
0.0129143 -0.0218903 -0.00430475 0.00550783 -0.0218903 0.0989999 0.00550783 -0.0150196 -0.00430475 0.00550783 0.00766021 -0.0157998 0.00550783 -0.0150196 -0.0157998 0.0839991 
0.0129056 -0.0219253 -0.00433969 0.00550261 -0.0219253 0.0990942 0.00552152 -0.0149951 -0.00433969 0.00552152 0.00762991 -0.0157136 0.00550261 -0.0149951 -0.0157136 0.0837115 
0.0128767 -0.0219216 -0.00438999 0.00554425 -0.0219216 0.0991532 0.00556318 -0.0150527 -0.00438999 0.00556318 0.00764464 -0.0156677 0.00554425 -0.0150527 -0.0156677 0.0835139 
0.0128436 -0.0218796 -0.0044138 0.00560723 -0.0218796 0.0990737 0.0056167 -0.0152115 -0.0044138 0.0056167 0.00764364 -0.0156756 0.00560723 -0.0152115 -0.0156756 0.0834359 
0.012847 -0.0218513 -0.00440253 0.00564548 -0.0218513 0.098981 0.00565497 -0.0153424 -0.00440253 0.00565497 0.00761903 -0.0156745 0.00564548 -0.0153424 -0.0156745 0.0834108 
0.0128354 -0.0218183 -0.00442899 0.00565873 -0.0218183 0.0988596 0.00566834 -0.0154294 -0.00442899 0.00566834 0.00755138 -0.0156408 0.00565873 -0.0154294 -0.0156408 0.0833437 
0.0128027 -0.021807 -0.00444432 0.00567831 -0.021807 0.0988354 0.00567831 -0.0154732 -0.00444432 0.00567831 0.00752931 -0.0155503 0.00567831 -0.0154732 -0.0155503 0.0831598 
0.0127734 -0.0218236 -0.00445828 0.00568025 -0.0218236 0.0989222 0.00568025 -0.0154369 -0.00445828 0.00568025 0.00761821 -0.0154846 0.00568025 -0.0154369 -0.0154846 0.0829411 
0.0126966 -0.0217547 -0.00452905 0.00572594 -0.0217547 0.0987868 0.00570679 -0.0155213 -0.00452905 0.00570679 0.00767927 -0.0155883 0.00572594 -0.0155213 -0.0155883 0.0830166 
0.0126593 -0.0216528 -0.00455849 0.00580258 -0.0216528 0.0985679 0.00578359 -0.0156603 -0.00455849 0.00578359 0.00774943 -0.0156888 0.00580258 -0.0156603 -0.0156888 0.0832494 
0.0126773 -0.0215942 -0.00452966 0.00584962 -0.0215942 0.098361 0.00582113 -0.0158206 -0.00452966 0.00582113 0.00773935 -0.0157826 0.00584962 -0.0158206 -0.0157826 0.083509 
0.012677 -0.0216328 -0.00453974 0.00580554 -0.0216328 0.0983706 0.00579603 -0.0157892 -0.00453974 0.00579603 0.00773755 -0.0157701 0.00580554 -0.0157892 -0.0157701 0.0835998 
0.012634 -0.0216283 -0.0046115 0.00582154 -0.0216283 0.098385 0.00581201 -0.0157877 -0.0046115 0.00581201 0.00777476 -0.0157687 0.00582154 -0.0157877 -0.0157687 0.0836073 
0.0126431 -0.0215716 -0.00463135 0.00589185 -0.0215716 0.0982897 0.00589185 -0.015928 -0.00463135 0.00589185 0.00774439 -0.0158134 0.00589185 -0.015928 -0.0158134 0.0836699 
0.0126396 -0.0215843 -0.0046259 0.00593113 -0.0215843 0.0982379 0.00593113 -0.0160659 -0.0046259 0.00593113 0.00770663 -0.0157684 0.00593113 -0.0160659 -0.0157684 0.0836404 
0.0126444 -0.0215659 -0.00461025 0.0059316 -0.0215659 0.0981945 0.00592195 -0.0161262 -0.00461025 0.00592195 0.00765803 -0.0157211 0.0059316 -0.0161262 -0.0157211 0.083515 
0.0126199 -0.0215791 -0.0046241 0.00589573 -0.0215791 0.0982236 0.00590536 -0.016088 -0.0046241 0.00590536 0.00765866 -0.0156449 0.00589573 -0.016088 -0.0156449 0.0833301 
0.012554 -0.0215513 -0.00469091 0.00592131 -0.0215513 0.0982015 0.0059117 -0.0160817 -0.00469091 0.0059117 0.00772847 -0.0156396 0.00592131 -0.0160817 -0.0156396 0.0832252 
0.0124931 -0.0214555 -0.00476251 0.00601375 -0.0214555 0.0979951 0.00601375 -0.0162565 -0.00476251 0.00601375 0.00774028 -0.0157231 0.00601375 -0.0162565 -0.0157231 0.0833293 
0.0125231 -0.0214046 -0.00476518 0.00610175 -0.0214046 0.0978508 0.00608238 -0.0164457 -0.00476518 0.00608238 0.00770952 -0.015729 0.00610175 -0.0164457 -0.015729 0.0834003 
0.0125449 -0.021432 -0.00478316 0.00611235 -0.021432 0.0978364 0.00611235 -0.0165713 -0.00478316 0.00611235 0.0076744 -0.0156787 0.00611235 -0.0165713 -0.0156787 0.0833414 
0.0125056 -0.0214673 -0.00481581 0.00612657 -0.0214673 0.0978989 0.00612657 -0.016632 -0.00481581 0.00612657 0.00769948 -0.0156223 0.00612657 -0.016632 -0.0156223 0.0831796 
0.0124036 -0.0214227 -0.00487805 0.00616787 -0.0214227 0.0978907 0.00617757 -0.0167386 -0.00487805 0.00617757 0.00779712 -0.0156427 0.00616787 -0.0167386 -0.0156427 0.0831305 
0.0123197 -0.0212698 -0.00489867 0.00625237 -0.0212698 0.0976033 0.0062329 -0.0169067 -0.00489867 0.0062329 0.00784955 -0.015777 0.00625237 -0.0169067 -0.015777 0.083326 
0.0123429 -0.0211718 -0.00490602 0.006298 -0.0211718 0.0972929 0.00627853 -0.0170445 -0.00490602 0.00627853 0.00779706 -0.0158375 0.006298 -0.0170445 -0.0158375 0.0835483 
0.0123243 -0.0211857 -0.00494139 0.00629347 -0.0211857 0.097184 0.00627401 -0.0170906 -0.00494139 0.00627401 0.0078109 -0.0157774 0.00629347 -0.0170906 -0.0157774 0.0835368 
0.0123243 -0.0211721 -0.00493169 0.00634772 -0.0211721 0.0971494 0.00633795 -0.0171877 -0.00493169 0.00633795 0.00777351 -0.0157716 0.00634772 -0.0171877 -0.0157716 0.0834871 
0.0123937 -0.0211965 -0.00487208 0.00631818 -0.0211965 0.0972087 0.00632789 -0.0171979 -0.00487208 0.00632789 0.00772546 -0.0157324 0.00631818 -0.0171979 -0.0157324 0.0833786 
0.0124416 -0.0212519 -0.00481893 0.00625 -0.0212519 0.0972936 0.00625974 -0.0171048 -0.00481893 0.00625974 0.00765187 -0.0156737 0.00625 -0.0171048 -0.0156737 0.083236 
0.0124692 -0.0213535 -0.00479285 0.00615666 -0.0213535 0.0975519 0.00617615 -0.0168821 -0.00479285 0.00617615 0.00762764 -0.015567 0.00615666 -0.0168821 -0.015567 0.0830078 
0.0124643 -0.0213882 -0.00480821 0.00614436 -0.0213882 0.0977246 0.00615412 -0.0167556 -0.00480821 0.00615412 0.00763657 -0.0155365 0.00614436 -0.0167556 -0.0155365 0.0828611 
0.0124647 -0.0213945 -0.00483981 0.00616418 -0.0213945 0.0977797 0.00616418 -0.01673 -0.00483981 0.00616418 0.00766384 -0.0155419 0.00616418 -0.01673 -0.0155419 0.0828416 
0.0124647 -0.0213737 -0.00480614 0.00619328 -0.0213737 0.0977542 0.00619328 -0.016802 -0.00480614 0.00619328 0.0076488 -0.0155809 0.00619328 -0.016802 -0.0155809 0.0828962 
0.0124657 -0.0213529 -0.00477787 0.00617387 -0.0213529 0.0976612 0.00617387 -0.0168208 -0.00477787 0.00617387 0.00761903 -0.0155821 0.00617387 -0.0168208 -0.0155821 0.0829344 
0.0124788 -0.0213373 -0.00477449 0.00614568 -0.0213373 0.0976206 0.00613582 -0.0167699 -0.00477449 0.00613582 0.00756619 -0.0155368 0.00614568 -0.0167699 -0.0155368 0.082873 
0.0124991 -0.0213535 -0.00475403 0.00615052 -0.0213535 0.0975962 0.00614062 -0.016748 -0.00475403 0.00614062 0.0075074 -0.0154704 0.00615052 -0.016748 -0.0154704 0.08273 
0.0124752 -0.0213846 -0.00475765 0.00611839 -0.0213846 0.0976659 0.00612833 -0.0167263 -0.00475765 0.00612833 0.00751887 -0.0153854 0.00611839 -0.0167263 -0.0153854 0.082499 
0.0124741 -0.0213657 -0.00474352 0.00611299 -0.0213657 0.0976491 0.00612291 -0.0167115 -0.00474352 0.00612291 0.00750231 -0.0153619 0.00611299 -0.0167115 -0.0153619 0.0823666 
0.0124724 -0.0213299 -0.00472334 0.00612137 -0.0213299 0.0975724 0.00612137 -0.0167164 -0.00472334 0.00612137 0.00746947 -0.0153583 0.00612137 -0.0167164 -0.0153583 0.0823139 
0.0125401 -0.0213621 -0.00466516 0.00608066 -0.0213621 0.0976295 0.00608066 -0.0166371 -0.00466516 0.00608066 0.00739648 -0.0153013 0.00608066 -0.0166371 -0.0153013 0.0822086 
0.0125882 -0.0214809 -0.00463411 0.00599767 -0.0214809 0.0978499 0.00600755 -0.0164714 -0.00463411 0.00600755 0.00740075 -0.0151967 0.00599767 -0.0164714 -0.0151967 0.0819813 
0.0125318 -0.0214929 -0.00466851 0.00597411 -0.0214929 0.0979397 0.005984 -0.0163793 -0.00466851 0.005984 0.00746763 -0.015232 0.00597411 -0.0163793 -0.015232 0.0819362 
0.0123938 -0.0213975 -0.00476608 0.00602241 -0.0213975 0.0977944 0.00602241 -0.016442 -0.00476608 0.00602241 0.00755793 -0.0153352 0.00602241 -0.016442 -0.0153352 0.0821003 
0.0122837 -0.0212181 -0.00482322 0.00615687 -0.0212181 0.0974169 0.00613681 -0.0166657 -0.00482322 0.00613681 0.00763091 -0.0154523 0.00615687 -0.0166657 -0.0154523 0.0823857 
0.0122115 -0.0210779 -0.00487653 0.00623671 -0.0210779 0.0970267 0.00620649 -0.0169066 -0.00487653 0.00620649 0.00765735 -0.0155263 0.00623671 -0.0169066 -0.0155263 0.0826087 
0.012229 -0.0209971 -0.00488351 0.00630619 -0.0209971 0.096742 0.00626583 -0.0170822 -0.00488351 0.00626583 0.00761788 -0.0155485 0.00630619 -0.0170822 -0.0155485 0.0827271 
0.012257 -0.0210034 -0.00489271 0.00631513 -0.0210034 0.0966134 0.00630504 -0.0172002 -0.00489271 0.00630504 0.00756605 -0.0154953 0.00631513 -0.0172002 -0.0154953 0.0826515 
0.0123154 -0.0210618 -0.00487589 0.00630347 -0.0210618 0.0967236 0.00631352 -0.0172315 -0.00487589 0.00631352 0.00750988 -0.0154018 0.00630347 -0.0172315 -0.0154018 0.0824377 
0.012313 -0.0211579 -0.00487722 0.00628642 -0.0211579 0.0969447 0.00629641 -0.0172102 -0.00487722 0.00629641 0.0075357 -0.0153113 0.00628642 -0.0172102 -0.0153113 0.0822031 
0.0122949 -0.0211723 -0.00490201 0.00627696 -0.0211723 0.0970937 0.00628693 -0.017167 -0.00490201 0.00628693 0.00759214 -0.0153437 0.00627696 -0.017167 -0.0153437 0.0821286 
0.0122839 -0.0211041 -0.00490349 0.00633326 -0.0211041 0.0969723 0.00633326 -0.0172679 -0.00490349 0.00633326 0.00755158 -0.0154254 0.00633326 -0.0172679 -0.0154254 0.0822921 
0.01226 -0.0211099 -0.00487151 0.00632282 -0.0211099 0.0969533 0.00631267 -0.0172634 -0.00487151 0.00631267 0.0075407 -0.015396 0.00632282 -0.0172634 -0.015396 0.0823184 
0.0122573 -0.0210866 -0.00486222 0.0062863 -0.0210866 0.0969291 0.0062863 -0.0172009 -0.00486222 0.0062863 0.00751711 -0.0153597 0.0062863 -0.0172009 -0.0153597 0.0822407 
0.0122688 -0.0210756 -0.00485894 0.00626601 -0.0210756 0.0968852 0.00626601 -0.0171581 -0.00485894 0.00626601 0.00752123 -0.015336 0.00626601 -0.0171581 -0.015336 0.0821566 
0.0122998 -0.0210535 -0.00488344 0.00630186 -0.0210535 0.096767 0.00629173 -0.0172136 -0.00488344 0.00629173 0.00747713 -0.0153393 0.00630186 -0.0172136 -0.0153393 0.0821572 
0.0123555 -0.0210985 -0.00483698 0.00631438 -0.0210985 0.0968307 0.00631438 -0.0172634 -0.00483698 0.00631438 0.00740726 -0.0152699 0.00631438 -0.0172634 -0.0152699 0.0820263 
0.0123968 -0.0212272 -0.00477186 0.00622853 -0.0212272 0.0971349 0.00624862 -0.0171184 -0.00477186 0.00624862 0.00740391 -0.0151594 0.00622853 -0.0171184 -0.0151594 0.0817645 
0.0123384 -0.0212477 -0.00478652 0.00616415 -0.0212477 0.0972488 0.00617421 -0.016974 -0.00478652 0.00617421 0.00746134 -0.0151741 0.00616415 -0.016974 -0.0151741 0.0816825 
0.0122522 -0.0211647 -0.00483185 0.00617177 -0.0211647 0.0971648 0.00618193 -0.0169216 -0.00483185 0.00618193 0.00752185 -0.0152569 0.00617177 -0.0169216 -0.0152569 0.0818166 
0.0121991 -0.021047 -0.00483265 0.00625281 -0.021047 0.0968777 0.00624259 -0.0170215 -0.00483265 0.00624259 0.00751972 -0.0153357 0.00625281 -0.0170215 -0.0153357 0.0820324 
0.0121301 -0.0209388 -0.00482728 0.00628165 -0.0209388 0.0965353 0.00626102 -0.0171533 -0.00482728 0.00626102 0.00752973 -0.0153586 0.00628165 -0.0171533 -0.0153586 0.0821772 
0.0121286 -0.0208785 -0.00480626 0.00626457 -0.0208785 0.0963511 0.00623376 -0.0171505 -0.00480626 0.00623376 0.00751748 -0.0153328 0.00626457 -0.0171505 -0.0153328 0.0821275 
0.0121576 -0.0208782 -0.00484252 0.00623782 -0.0208782 0.0962655 0.0062173 -0.017113 -0.00484252 0.0062173 0.00748948 -0.015297 0.00623782 -0.017113 -0.015297 0.0820355 
0.0121142 -0.0208982 -0.00484566 0.00626843 -0.0208982 0.0962843 0.00625812 -0.0171351 -0.00484566 0.00625812 0.00750562 -0.015269 0.00626843 -0.0171351 -0.015269 0.0819329 
0.0121023 -0.0208881 -0.00489242 0.0062829 -0.0208881 0.0963034 0.0062726 -0.0171698 -0.00489242 0.0062726 0.00751887 -0.0152643 0.0062829 -0.0171698 -0.0152643 0.081863 
0.0121167 -0.0208625 -0.00495355 0.00633067 -0.0208625 0.0962448 0.00633067 -0.017286 -0.00495355 0.00633067 0.00751254 -0.015282 0.00633067 -0.017286 -0.015282 0.0818774 
0.0120954 -0.0208921 -0.00498885 0.00639387 -0.0208921 0.0963052 0.00639387 -0.0174304 -0.00498885 0.00639387 0.00757491 -0.0152618 0.00639387 -0.0174304 -0.0152618 0.0818477 
0.0120233 -0.0208707 -0.00505281 0.00645299 -0.0208707 0.0962976 0.00645299 -0.0175732 -0.00505281 0.00645299 0.00766039 -0.0153411 0.00645299 -0.0175732 -0.0153411 0.0819509 
0.0119795 -0.0207686 -0.00510069 0.00654352 -0.0207686 0.0960901 0.0065232 -0.0177711 -0.00510069 0.0065232 0.00770184 -0.0154748 0.00654352 -0.0177711 -0.0154748 0.0822411 
0.0119681 -0.0206925 -0.00512482 0.00659922 -0.0206925 0.0958971 0.00657888 -0.0179572 -0.00512482 0.00657888 0.00770756 -0.0155473 0.00659922 -0.0179572 -0.0155473 0.0824953 
0.011976 -0.0206997 -0.00514707 0.00662634 -0.0206997 0.095859 0.00661621 -0.0180451 -0.00514707 0.00661621 0.00771047 -0.0155324 0.00662634 -0.0180451 -0.0155324 0.082576 
0.0120443 -0.020717 -0.00512847 0.00665177 -0.020717 0.0958769 0.00665177 -0.0181273 -0.00512847 0.00665177 0.00763684 -0.0155276 0.00665177 -0.0181273 -0.0155276 0.0825632 
0.0120736 -0.0207958 -0.00510413 0.00661077 -0.0207958 0.0960048 0.00663127 -0.0181309 -0.00510413 0.00663127 0.0075742 -0.0154456 0.00661077 -0.0181309 -0.0154456 0.0824246 
0.0120437 -0.0208489 -0.00511133 0.00659093 -0.0208489 0.0961737 0.00661162 -0.0180759 -0.00511133 0.00661162 0.00755318 -0.015334 0.00659093 -0.0180759 -0.015334 0.0821745 
0.0119445 -0.0207911 -0.0051354 0.00660117 -0.0207911 0.0961173 0.00662197 -0.0180987 -0.0051354 0.00662197 0.00761994 -0.015323 0.00660117 -0.0180987 -0.015323 0.0820209 
0.0118521 -0.0206577 -0.00513313 0.00666681 -0.0206577 0.0958705 0.00665637 -0.018185 -0.00513313 0.00665637 0.00767882 -0.0153785 0.00666681 -0.018185 -0.0153785 0.082057 
0.0118514 -0.0205715 -0.00511177 0.00664634 -0.0205715 0.0956203 0.00662561 -0.0181867 -0.00511177 0.00662561 0.00769358 -0.0154286 0.00664634 -0.0181867 -0.0154286 0.0821513 
0.0118304 -0.0204908 -0.00514861 0.00664035 -0.0204908 0.0953372 0.00661964 -0.0181807 -0.00514861 0.00661964 0.00770737 -0.0154873 0.00664035 -0.0181807 -0.0154873 0.0823155 
0.0117754 -0.0204723 -0.00520358 0.00669624 -0.0204723 0.0951882 0.00667551 -0.0182644 -0.00520358 0.00667551 0.00774318 -0.0154967 0.00669624 -0.0182644 -0.0154967 0.082397 
0.0117548 -0.0204471 -0.00523809 0.00674352 -0.0204471 0.0951517 0.00673321 -0.0183849 -0.00523809 0.00673321 0.00777464 -0.0155183 0.00674352 -0.0183849 -0.0155183 0.0824277 
0.0117185 -0.0204042 -0.00530219 0.00678763 -0.0204042 0.0950681 0.00677732 -0.0185061 -0.00530219 0.00677732 0.00781919 -0.0155662 0.00678763 -0.0185061 -0.0155662 0.0825244 
0.0117531 -0.0203857 -0.00532739 0.00685684 -0.0203857 0.0950308 0.00684657 -0.018651 -0.00532739 0.00684657 0.00780119 -0.0156127 0.00685684 -0.018651 -0.0156127 0.0826208 
0.0117962 -0.0203838 -0.00530622 0.00691574 -0.0203838 0.0949513 0.00691574 -0.018847 -0.00530622 0.00691574 0.00771531 -0.0156175 0.00691574 -0.018847 -0.0156175 0.0826982 
0.0118509 -0.0204621 -0.00527751 0.00688689 -0.0204621 0.0950579 0.00689734 -0.0188945 -0.00527751 0.00689734 0.00760798 -0.0154981 0.00688689 -0.0188945 -0.0154981 0.0825173 
0.0118849 -0.0205189 -0.00524583 0.00682907 -0.0205189 0.0952059 0.00686074 -0.0188301 -0.00524583 0.00686074 0.0075257 -0.0153575 0.00682907 -0.0188301 -0.0153575 0.0821705 
0.0118244 -0.0205817 -0.00526705 0.00681121 -0.0205817 0.0954098 0.00683236 -0.0187308 -0.00526705 0.00683236 0.00755156 -0.0152089 0.00681121 -0.0187308 -0.0152089 0.0817451 
0.0117597 -0.0205185 -0.00531255 0.00683951 -0.0205185 0.095382 0.00685011 -0.0187583 -0.00531255 0.00685011 0.00758178 -0.0152166 0.00683951 -0.0187583 -0.0152166 0.0815651 
0.0117566 -0.0204289 -0.00530263 0.00690821 -0.0204289 0.0951938 0.00690821 -0.0188761 -0.00530263 0.00690821 0.00758424 -0.0152635 0.00690821 -0.0188761 -0.0152635 0.0815781 
0.0117579 -0.0204071 -0.00529738 0.00690457 -0.0204071 0.0950674 0.006894 -0.0189374 -0.00529738 0.006894 0.00759186 -0.0152683 0.00690457 -0.0189374 -0.0152683 0.0816072 
0.0118158 -0.0204737 -0.00525958 0.00686987 -0.0204737 0.0951848 0.00685941 -0.0188529 -0.00525958 0.00685941 0.00758091 -0.015235 0.00686987 -0.0188529 -0.015235 0.0815287 
0.011828 -0.02054 -0.00525224 0.00681541 -0.02054 0.0953741 0.00681541 -0.0187267 -0.00525224 0.00681541 0.00760742 -0.0152148 0.00681541 -0.0187267 -0.0152148 0.0814827 
0.0118299 -0.0205787 -0.00524515 0.00677026 -0.0205787 0.0955566 0.00677026 -0.0185899 -0.00524515 0.00677026 0.00766678 -0.0152614 0.00677026 -0.0185899 -0.0152614 0.081542 
0.0118449 -0.0205781 -0.00524399 0.00678454 -0.0205781 0.0955957 0.00676413 -0.0185376 -0.00524399 0.00676413 0.00772315 -0.0153851 0.00678454 -0.0185376 -0.0153851 0.0817919 
0.0118411 -0.0205489 -0.00523896 0.00678521 -0.0205489 0.095522 0.00676487 -0.0185347 -0.00523896 0.00676487 0.0077618 -0.0154931 0.00678521 -0.0185347 -0.0154931 0.082155 
0.0118404 -0.0205417 -0.00524535 0.00677907 -0.0205417 0.0954489 0.00676885 -0.0185274 -0.00524535 0.00676885 0.00776066 -0.0155724 0.00677907 -0.0185274 -0.0155724 0.0824634 
0.0118783 -0.0205625 -0.00522481 0.00675552 -0.0205625 0.0955161 0.00675552 -0.0184603 -0.00522481 0.00675552 0.00773517 -0.0155622 0.00675552 -0.0184603 -0.0155622 0.0825561 
0.0119167 -0.020603 -0.00518921 0.00673777 -0.020603 0.0955799 0.00673777 -0.0184084 -0.00518921 0.00673777 0.00769152 -0.0155369 0.00673777 -0.0184084 -0.0155369 0.0825556 
0.011989 -0.0206598 -0.00512641 0.00668797 -0.0206598 0.095717 0.00669824 -0.0183277 -0.00512641 0.00669824 0.0076023 -0.015482 0.00668797 -0.0183277 -0.015482 0.0824541 
0.0120005 -0.0207291 -0.00511498 0.00661635 -0.0207291 0.095849 0.00663705 -0.0182027 -0.00511498 0.00663705 0.00756893 -0.015376 0.00661635 -0.0182027 -0.015376 0.0822436 
0.0119467 -0.0207326 -0.00511557 0.00661281 -0.0207326 0.0959169 0.00662321 -0.0181436 -0.00511557 0.00662321 0.00759017 -0.0153363 0.00661281 -0.0181436 -0.0153363 0.0820674 
0.0119978 -0.0206705 -0.00503471 0.00660871 -0.0206705 0.0958263 0.00662956 -0.0181166 -0.00503471 0.00662956 0.00752601 -0.0153439 0.00660871 -0.0181166 -0.0153439 0.0820043 
0.0120667 -0.0207348 -0.00492647 0.00652705 -0.0207348 0.0958894 0.00652705 -0.0179806 -0.00492647 0.00652705 0.00745206 -0.0152471 0.00652705 -0.0179806 -0.0152471 0.0818376 
0.0121241 -0.0208493 -0.00486 0.00637292 -0.0208493 0.096112 0.00638329 -0.017668 -0.00486 0.00638329 0.00741954 -0.0151603 0.00637292 -0.017668 -0.0151603 0.0815942 
0.0121102 -0.0209215 -0.0048503 0.00628781 -0.0209215 0.0963338 0.00628781 -0.0173742 -0.0048503 0.00628781 0.00746678 -0.0151094 0.00628781 -0.0173742 -0.0151094 0.081421 
0.0120899 -0.0208947 -0.00487097 0.0062612 -0.0208947 0.0963895 0.0062612 -0.017208 -0.00487097 0.0062612 0.00751756 -0.015169 0.0062612 -0.017208 -0.015169 0.081478 
0.012046 -0.0208282 -0.00489045 0.00631126 -0.0208282 0.0962132 0.00630096 -0.0172659 -0.00489045 0.00630096 0.00755704 -0.0152788 0.00631126 -0.0172659 -0.0152788 0.0817375 
0.0120428 -0.02076 -0.00491629 0.0063416 -0.02076 0.0960122 0.00632094 -0.0173516 -0.00491629 0.00632094 0.00756034 -0.0153582 0.0063416 -0.0173516 -0.0153582 0.081976 
0.0120539 -0.0207837 -0.00494998 0.00635835 -0.0207837 0.0959965 0.00635835 -0.0173974 -0.00494998 0.00635835 0.00753889 -0.0153367 0.00635835 -0.0173974 -0.0153367 0.0820164 
0.0120396 -0.0208088 -0.00498298 0.00640669 -0.0208088 0.0960796 0.00639637 -0.0174662 -0.00498298 0.00639637 0.00756216 -0.0152894 0.00640669 -0.0174662 -0.0152894 0.0819354 
0.012059 -0.0208002 -0.0049715 0.00644035 -0.0208002 0.0961122 0.00644035 -0.0175646 -0.0049715 0.00644035 0.00757023 -0.0153151 0.00644035 -0.0175646 -0.0153151 0.081927 
0.0121408 -0.0208391 -0.00491778 0.0064341 -0.0208391 0.0961938 0.0064341 -0.0175913 -0.00491778 0.0064341 0.00750986 -0.0153168 0.0064341 -0.0175913 -0.0153168 0.0819528 
0.0122202 -0.0209344 -0.00490236 0.00634963 -0.0209344 0.0963655 0.00635982 -0.0174691 -0.00490236 0.00635982 0.00747075 -0.0152676 0.00634963 -0.0174691 -0.0152676 0.0819031 
0.0122129 -0.0210135 -0.00488923 0.00632544 -0.0210135 0.0965521 0.00634581 -0.0173873 -0.00488923 0.00634581 0.00748663 -0.0152381 0.00632544 -0.0173873 -0.0152381 0.0818335 
0.0122012 -0.0210397 -0.00487641 0.00630886 -0.0210397 0.0967155 0.00632918 -0.0173011 -0.00487641 0.00632918 0.00752796 -0.015249 0.00630886 -0.0173011 -0.015249 0.081812 
0.01222 -0.0210224 -0.00487785 0.00628746 -0.0210224 0.0967356 0.00628746 -0.0172297 -0.00487785 0.00628746 0.00752467 -0.0153029 0.00628746 -0.0172297 -0.0153029 0.0819094 
0.0122348 -0.021003 -0.00488372 0.00631111 -0.021003 0.0966446 0.00631111 -0.017251 -0.00488372 0.00631111 0.00749381 -0.0153343 0.00631111 -0.017251 -0.0153343 0.0820342 
0.0122221 -0.0210549 -0.00491719 0.00630331 -0.0210549 0.0967451 0.00630331 -0.0172304 -0.00491719 0.00630331 0.00752755 -0.0152676 0.00630331 -0.0172304 -0.0152676 0.0819835 
0.0122262 -0.0210315 -0.00493907 0.00633578 -0.0210315 0.0967471 0.0063459 -0.017307 -0.00493907 0.0063459 0.00753006 -0.0153131 0.00633578 -0.017307 -0.0153131 0.0820007 
0.0122397 -0.0210458 -0.00496859 0.00637232 -0.0210458 0.0967563 0.00637232 -0.0173901 -0.00496859 0.00637232 0.00752358 -0.0153198 0.00637232 -0.0173901 -0.0153198 0.0820424 
0.0122593 -0.021086 -0.0050038 0.00639486 -0.021086 0.0968936 0.00640487 -0.0174232 -0.0050038 0.00640487 0.00756575 -0.0153116 0.00639486 -0.0174232 -0.0153116 0.0820223 
0.0122474 -0.0211056 -0.00501895 0.00642865 -0.0211056 0.0969596 0.00643865 -0.0175063 -0.00501895 0.00643865 0.0075984 -0.0153568 0.00642865 -0.0175063 -0.0153568 0.0821028 
0.0122628 -0.0210792 -0.00497926 0.00646202 -0.0210792 0.0969303 0.00646202 -0.0176027 -0.00497926 0.00646202 0.00759413 -0.0154287 0.00646202 -0.0176027 -0.0154287 0.082263 
0.0122324 -0.0210959 -0.00497318 0.00642703 -0.0210959 0.0969469 0.00641701 -0.0175666 -0.00497318 0.00641701 0.00763022 -0.0154209 0.00642703 -0.0175666 -0.0154209 0.0823382 
0.0121916 -0.0210352 -0.0049815 0.00642351 -0.0210352 0.0968366 0.00642351 -0.0175462 -0.0049815 0.00642351 0.00764367 -0.0154789 0.00642351 -0.0175462 -0.0154789 0.0824468 
0.012155 -0.0209932 -0.00496516 0.00642134 -0.0209932 0.0967246 0.00641123 -0.0175247 -0.00496516 0.00641123 0.00765505 -0.015482 0.00642134 -0.0175247 -0.015482 0.0825066 
0.0121275 -0.0209438 -0.00492145 0.0064009 -0.0209438 0.0965872 0.00639084 -0.0174817 -0.00492145 0.00639084 0.00768913 -0.015499 0.0064009 -0.0174817 -0.015499 0.0825575 
0.0120866 -0.0208806 -0.00492381 0.00636246 -0.0208806 0.0963791 0.00635233 -0.017436 -0.00492381 0.00635233 0.00768966 -0.0155617 0.00636246 -0.017436 -0.0155617 0.0826816 
0.0121451 -0.020839 -0.00486817 0.00635595 -0.020839 0.0962401 0.00633571 -0.0173675 -0.00486817 0.00633571 0.00762107 -0.015566 0.00635595 -0.0173675 -0.015566 0.0827387 
0.0120925 -0.0209028 -0.00492846 0.00629014 -0.0209028 0.0962727 0.00629014 -0.0172649 -0.00492846 0.00629014 0.00765182 -0.0154865 0.00629014 -0.0172649 -0.0154865 0.0826254 
