0.0106068 0 0.00197059 0 0 0.00998519 0 0 0.00197059 0 0.00394117 0 0 0 0 0.00998519 
0.0150312 -0.0186066 0.00243223 -0.00296732 -0.0186066 0.0448747 -0.00296732 0.00569142 0.00243223 -0.00296732 0.00550901 -0.00690754 -0.00296732 0.00569142 -0.00690754 0.0224252 
0.014758 -0.0266682 0.00201245 -0.00325284 -0.0266682 0.0943702 -0.00325284 0.0102268 0.00201245 -0.00325284 0.00577157 -0.0119355 -0.00325284 0.0102268 -0.0119355 0.0474635 
0.0137631 -0.0246753 0.00178183 -0.00217506 -0.0246753 0.105423 -0.00219964 0.00716419 0.00178183 -0.00219964 0.00552982 -0.0131855 -0.00217506 0.00716419 -0.0131855 0.064576 
0.0138134 -0.0233746 0.00183238 -0.00187937 -0.0233746 0.104481 -0.00192635 0.00482763 0.00183238 -0.00192635 0.00533271 -0.0129441 -0.00187937 0.00482763 -0.0129441 0.071369 
0.0140511 -0.0234222 0.00201685 -0.00209485 -0.0234222 0.103974 -0.00213942 0.00479141 0.00201685 -0.00213942 0.00540426 -0.0125802 -0.00209485 0.00479141 -0.0125802 0.073342 
0.0141875 -0.0236564 0.00209358 -0.00235927 -0.0236564 0.104329 -0.00239115 0.00544119 0.00209358 -0.00239115 0.00554747 -0.0125084 -0.00235927 0.00544119 -0.0125084 0.0737643 
0.0142217 -0.0237856 0.00208047 -0.00243238 -0.0237856 0.104665 -0.00243238 0.00577562 0.00208047 -0.00243238 0.00563071 -0.0125759 -0.00243238 0.00577562 -0.0125759 0.0739031 
0.0141805 -0.0237906 0.00208117 -0.00238722 -0.0237906 0.104752 -0.00238722 0.00582522 0.00208117 -0.00238722 0.0057232 -0.0126706 -0.00238722 0.00582522 -0.0126706 0.0741466 
0.0142536 -0.023746 0.00204343 -0.00241587 -0.023746 0.104678 -0.00240581 0.00587862 0.00204343 -0.00240581 0.0057075 -0.0128142 -0.00241587 0.00587862 -0.0128142 0.0745196 
0.0143466 -0.0238475 0.00197642 -0.0023376 -0.0238475 0.104781 -0.00232756 0.00571859 0.00197642 -0.00232756 0.00562829 -0.0128016 -0.0023376 0.00571859 -0.0128016 0.0746225 
0.0144554 -0.0239647 0.00190388 -0.0022766 -0.0239647 0.105056 -0.00225645 0.00555046 0.00190388 -0.00225645 0.00551017 -0.0127227 -0.0022766 0.00555046 -0.0127227 0.0745636 
0.0145496 -0.0240981 0.00181492 -0.00216782 -0.0240981 0.105396 -0.0021779 0.00534393 0.00181492 -0.0021779 0.00540442 -0.0125834 -0.00216782 0.00534393 -0.0125834 0.0743108 
0.0145827 -0.0242109 0.00179526 -0.00207608 -0.0242109 0.10572 -0.00209614 0.00513505 0.00179526 -0.00209614 0.00539581 -0.0124565 -0.00207608 0.00513505 -0.0124565 0.0740068 
0.0145803 -0.0242537 0.00177613 -0.00202699 -0.0242537 0.105915 -0.00204706 0.00494707 0.00177613 -0.00204706 0.00537856 -0.0124128 -0.00202699 0.00494707 -0.0124128 0.0737846 
0.0145663 -0.0242403 0.00180823 -0.00204932 -0.0242403 0.105962 -0.00205937 0.00497263 0.00180823 -0.00205937 0.00539455 -0.0124265 -0.00204932 0.00497263 -0.0124265 0.0737958 
0.0145513 -0.0242255 0.0018389 -0.00211873 -0.0242255 0.105926 -0.00210873 0.00508695 0.0018389 -0.00210873 0.00543674 -0.0124725 -0.00211873 0.00508695 -0.0124725 0.0738957 
0.0145873 -0.0242221 0.00182091 -0.00214107 -0.0242221 0.105903 -0.00213107 0.00517259 0.00182091 -0.00213107 0.00542271 -0.0125163 -0.00214107 0.00517259 -0.0125163 0.074007 
0.0145995 -0.0242525 0.00181869 -0.00210848 -0.0242525 0.105954 -0.00210848 0.00514629 0.00181869 -0.00210848 0.00542609 -0.012501 -0.00210848 0.00514629 -0.012501 0.0740267 
0.0146035 -0.0242854 0.00183172 -0.00208333 -0.0242854 0.106029 -0.00207327 0.00504227 0.00183172 -0.00207327 0.00539452 -0.0124899 -0.00208333 0.00504227 -0.0124899 0.0739936 
0.0145904 -0.0242799 0.00184805 -0.00208289 -0.0242799 0.106054 -0.00208289 0.0049928 0.00184805 -0.00208289 0.00533995 -0.0124463 -0.00208289 0.0049928 -0.0124463 0.0738914 
0.0146078 -0.0242648 0.00181324 -0.00211884 -0.0242648 0.106034 -0.00210865 0.00505261 0.00181324 -0.00210865 0.0052971 -0.0123565 -0.00211884 0.00505261 -0.0123565 0.0737009 
0.0146412 -0.0242839 0.0017707 -0.00208437 -0.0242839 0.10605 -0.00207425 0.0050389 0.0017707 -0.00207425 0.00526151 -0.0122836 -0.00208437 0.0050389 -0.0122836 0.0734587 
0.0146543 -0.0243098 0.00175006 -0.00204174 -0.0243098 0.1061 -0.00204174 0.00497863 0.00175006 -0.00204174 0.00526025 -0.0122504 -0.00204174 0.00497863 -0.0122504 0.0733115 
0.0147453 -0.0243363 0.00167492 -0.00200393 -0.0243363 0.106158 -0.0020139 0.00489517 0.00167492 -0.0020139 0.00520423 -0.0122529 -0.00200393 0.00489517 -0.0122529 0.073278 
0.0148072 -0.0244444 0.0016062 -0.00188728 -0.0244444 0.106361 -0.00189732 0.00465798 0.0016062 -0.00189732 0.00511976 -0.012187 -0.00188728 0.00465798 -0.012187 0.0731423 
0.0148618 -0.0245285 0.00156757 -0.00181878 -0.0245285 0.106585 -0.00183888 0.00448165 0.00156757 -0.00183888 0.00505441 -0.0120984 -0.00181878 0.00448165 -0.0120984 0.0729825 
0.0148854 -0.0245994 0.00156741 -0.00180702 -0.0245994 0.106794 -0.001817 0.0044227 0.00156741 -0.001817 0.00506165 -0.0120302 -0.00180702 0.0044227 -0.0120302 0.0728498 
0.0148457 -0.0246301 0.00158102 -0.00178983 -0.0246301 0.106923 -0.00179978 0.00434532 0.00158102 -0.00179978 0.00512091 -0.0120217 -0.00178983 0.00434532 -0.0120217 0.0727468 
0.0147637 -0.0245896 0.00163271 -0.00180093 -0.0245896 0.106898 -0.00179103 0.00430442 0.00163271 -0.00179103 0.00521478 -0.0120919 -0.00180093 0.00430442 -0.0120919 0.0728188 
0.0147101 -0.0244738 0.00168853 -0.00187725 -0.0244738 0.106696 -0.00187725 0.00445972 0.00168853 -0.00187725 0.00528412 -0.0122369 -0.00187725 0.00445972 -0.0122369 0.0731533 
0.0146738 -0.0243997 0.00176564 -0.00197512 -0.0243997 0.106477 -0.00196515 0.00468842 0.00176564 -0.00196515 0.00532684 -0.0123495 -0.00197512 0.00468842 -0.0123495 0.0735084 
0.0146521 -0.0243633 0.00183779 -0.00205873 -0.0243633 0.106331 -0.00204869 0.00489074 0.00183779 -0.00204869 0.00533261 -0.0124026 -0.00205873 0.00489074 -0.0124026 0.0737125 
0.0146463 -0.0243434 0.0018509 -0.00214262 -0.0243434 0.106256 -0.00211244 0.00507992 0.0018509 -0.00211244 0.0053314 -0.012393 -0.00214262 0.00507992 -0.012393 0.0737544 
0.0146186 -0.0243208 0.00186001 -0.00217168 -0.0243208 0.106201 -0.00215158 0.00522813 0.00186001 -0.00215158 0.00535883 -0.0123967 -0.00217168 0.00522813 -0.0123967 0.0737568 
0.0146197 -0.0243026 0.00184628 -0.00215733 -0.0243026 0.106151 -0.0021473 0.00524784 0.00184628 -0.0021473 0.00535822 -0.0124022 -0.00215733 0.00524784 -0.0124022 0.0737508 
0.01463 -0.0242931 0.00182625 -0.00212728 -0.0242931 0.106123 -0.00211724 0.00515764 0.00182625 -0.00211724 0.00534829 -0.0124024 -0.00212728 0.00515764 -0.0124024 0.0737121 
0.0146017 -0.0242965 0.0018277 -0.00208596 -0.0242965 0.106116 -0.00208596 0.00508577 0.0018277 -0.00208596 0.0053937 -0.0123866 -0.00208596 0.00508577 -0.0123866 0.0736642 
0.0146024 -0.0242813 0.0017733 -0.00206059 -0.0242813 0.106091 -0.00205068 0.00495334 0.0017733 -0.00205068 0.00536942 -0.0124032 -0.00206059 0.00495334 -0.0124032 0.0736165 
0.0146134 -0.0242858 0.00173684 -0.00200635 -0.0242858 0.106067 -0.00200635 0.00486115 0.00173684 -0.00200635 0.0053303 -0.0124074 -0.00200635 0.00486115 -0.0124074 0.073646 
0.01464 -0.02428 0.00172 -0.00198 -0.02428 0.10606 -0.00199 0.00482 0.00172 -0.00199 0.00529 -0.01237 -0.00198 0.00482 -0.01237 0.07365 
0.0147292 -0.0243143 0.00165779 -0.0019793 -0.0243143 0.106099 -0.00198935 0.00481262 0.00165779 -0.00198935 0.00517432 -0.0123179 -0.0019793 0.00481262 -0.0123179 0.0735658 
0.0147256 -0.0244225 0.00167291 -0.00192335 -0.0244225 0.106285 -0.00193336 0.00472823 0.00167291 -0.00193336 0.00517901 -0.0121912 -0.00192335 0.00472823 -0.0121912 0.0733376 
0.0147281 -0.0244326 0.00169474 -0.00193685 -0.0244326 0.106416 -0.00193685 0.0047009 0.00169474 -0.00193685 0.00517502 -0.0121759 -0.00193685 0.0047009 -0.0121759 0.0731766 
0.0147342 -0.024432 0.00168217 -0.00194564 -0.024432 0.106443 -0.00195578 0.00470197 0.00168217 -0.00195578 0.00514785 -0.0121603 -0.00194564 0.00470197 -0.0121603 0.0731035 
0.0146872 -0.0244413 0.00166807 -0.00190201 -0.0244413 0.106452 -0.00190201 0.00460754 0.00166807 -0.00190201 0.00514662 -0.0120834 -0.00190201 0.00460754 -0.0120834 0.0729172 
0.0146266 -0.0243777 0.00172804 -0.00193376 -0.0243777 0.106377 -0.00193376 0.00464925 0.00172804 -0.00193376 0.00515326 -0.0120963 -0.00193376 0.00464925 -0.0120963 0.072876 
0.0146601 -0.0243158 0.0016612 -0.00196229 -0.0243158 0.106223 -0.00195191 0.0046825 0.0016612 -0.00195191 0.00506666 -0.0120852 -0.00196229 0.0046825 -0.0120852 0.0727813 
0.0146814 -0.0243232 0.0016035 -0.00188463 -0.0243232 0.106154 -0.00189504 0.00459184 0.0016035 -0.00189504 0.00500833 -0.0119534 -0.00188463 0.00459184 -0.0119534 0.0725323 
0.0146591 -0.0243491 0.00156323 -0.00182204 -0.0243491 0.106175 -0.00183239 0.00446193 0.00156323 -0.00183239 0.00500026 -0.0118536 -0.00182204 0.00446193 -0.0118536 0.0722191 
0.0146542 -0.0243279 0.00159174 -0.00180739 -0.0243279 0.106164 -0.00181766 0.00441578 0.00159174 -0.00181766 0.00503194 -0.011861 -0.00180739 0.00441578 -0.011861 0.0721005 
0.014581 -0.0242983 0.00165904 -0.00184452 -0.0242983 0.106107 -0.00185483 0.0044722 0.00165904 -0.00185483 0.00511108 -0.0119224 -0.00184452 0.0044722 -0.0119224 0.0722044 
0.0145016 -0.0242279 0.00174681 -0.00194319 -0.0242279 0.105966 -0.00194319 0.00464092 0.00174681 -0.00194319 0.00519907 -0.0120209 -0.00194319 0.00464092 -0.0120209 0.0724356 
0.0144347 -0.024127 0.00179526 -0.00206507 -0.024127 0.105733 -0.00204431 0.00490842 0.00179526 -0.00204431 0.00526125 -0.0121413 -0.00206507 0.00490842 -0.0121413 0.0727339 
0.0144286 -0.0240476 0.00181647 -0.00214674 -0.0240476 0.1055 -0.0021261 0.00517076 0.00181647 -0.0021261 0.00530493 -0.0122406 -0.00214674 0.00517076 -0.0122406 0.0730408 
0.0144033 -0.0240435 0.00178484 -0.00209615 -0.0240435 0.105399 -0.00208578 0.00512624 0.00178484 -0.00208578 0.00530265 -0.0122552 -0.00209615 0.00512624 -0.0122552 0.0731267 
0.0143896 -0.0240239 0.00176389 -0.00205271 -0.0240239 0.105359 -0.00205271 0.00503378 0.00176389 -0.00205271 0.00533292 -0.0122544 -0.00205271 0.00503378 -0.0122544 0.0731549 
0.0144008 -0.0239979 0.00176653 -0.00204545 -0.0239979 0.105289 -0.00205579 0.005 0.00176653 -0.00205579 0.00530992 -0.0122831 -0.00204545 0.005 -0.0122831 0.0732231 
0.0144622 -0.0240109 0.00175112 -0.00204983 -0.0240109 0.105273 -0.00204983 0.00498553 0.00175112 -0.00204983 0.00527395 -0.0122784 -0.00204983 0.00498553 -0.0122784 0.0732584 
0.0144857 -0.0240842 0.00178094 -0.00202945 -0.0240842 0.105397 -0.0020398 0.00495972 0.00178094 -0.0020398 0.00523929 -0.0122285 -0.00202945 0.00495972 -0.0122285 0.0731844 
0.0144843 -0.0241231 0.00177146 -0.00202155 -0.0241231 0.105537 -0.00202155 0.00486631 0.00177146 -0.00202155 0.00518934 -0.0121501 -0.00202155 0.00486631 -0.0121501 0.0729529 
0.0145426 -0.0241287 0.00166623 -0.0019826 -0.0241287 0.105605 -0.0019826 0.00475613 0.00166623 -0.0019826 0.00506196 -0.0120643 -0.0019826 0.00475613 -0.0120643 0.0726707 
0.0145872 -0.0241716 0.00162197 -0.00193794 -0.0241716 0.105692 -0.00193794 0.0047606 0.00162197 -0.00193794 0.00499231 -0.0119226 -0.00193794 0.0047606 -0.0119226 0.0724096 
0.0145722 -0.0242486 0.00162496 -0.00186608 -0.0242486 0.105822 -0.00188705 0.00462327 0.00162496 -0.00188705 0.00501117 -0.011815 -0.00186608 0.00462327 -0.011815 0.0720748 
0.0145644 -0.0242078 0.00162987 -0.00187017 -0.0242078 0.105837 -0.00188062 0.00455529 0.00162987 -0.00188062 0.00501499 -0.011827 -0.00187017 0.00455529 -0.011827 0.0719442 
0.0146061 -0.0242008 0.00160782 -0.00188971 -0.0242008 0.105813 -0.00188971 0.00456244 0.00160782 -0.00188971 0.00496962 -0.0118498 -0.00188971 0.00456244 -0.0118498 0.0719446 
0.0146338 -0.0242605 0.00159222 -0.00186458 -0.0242605 0.105883 -0.00186458 0.00455669 0.00159222 -0.00186458 0.00495475 -0.0118055 -0.00186458 0.00455669 -0.0118055 0.0719119 
0.014631 -0.0242841 0.00160711 -0.00185757 -0.0242841 0.105976 -0.00185757 0.00452914 0.00160711 -0.00185757 0.004957 -0.0117611 -0.00185757 0.00452914 -0.0117611 0.0718192 
0.0146337 -0.0242955 0.00158767 -0.0018488 -0.0242955 0.106019 -0.0018488 0.00449142 0.00158767 -0.0018488 0.00493012 -0.0117508 -0.0018488 0.00449142 -0.0117508 0.0717375 
0.0146715 -0.0242925 0.00156524 -0.00185742 -0.0242925 0.106029 -0.00186785 0.00453919 0.00156524 -0.00186785 0.00491485 -0.0117602 -0.00185742 0.00453919 -0.0117602 0.0717506 
0.0146951 -0.0243212 0.00154686 -0.0018395 -0.0243212 0.106075 -0.00184996 0.0045465 0.00154686 -0.00184996 0.00488095 -0.0117373 -0.0018395 0.0045465 -0.0117373 0.0717511 
0.0147007 -0.0243662 0.00156766 -0.0018272 -0.0243662 0.106165 -0.00183759 0.00454725 0.00156766 -0.00183759 0.00492099 -0.0117211 -0.0018272 0.00454725 -0.0117211 0.0717178 
0.0146749 -0.0243721 0.00163169 -0.00186922 -0.0243721 0.106225 -0.00186922 0.00459559 0.00163169 -0.00186922 0.00497769 -0.0117626 -0.00186922 0.00459559 -0.0117626 0.0717841 
0.0146734 -0.0243557 0.00160167 -0.00188067 -0.0243557 0.106217 -0.00188067 0.00455701 0.00160167 -0.00188067 0.00498068 -0.0118214 -0.00188067 0.00455701 -0.0118214 0.0718685 
0.0146435 -0.024344 0.00156527 -0.00185361 -0.024344 0.106191 -0.00184331 0.00451044 0.00156527 -0.00184331 0.00501503 -0.0118322 -0.00185361 0.00451044 -0.0118322 0.0719611 
0.0146219 -0.0243047 0.00158464 -0.00181102 -0.0243047 0.10613 -0.00181102 0.00443493 0.00158464 -0.00181102 0.00504203 -0.0118745 -0.00181102 0.00443493 -0.0118745 0.0720702 
0.014545 -0.0242622 0.00170513 -0.00187976 -0.0242622 0.106027 -0.00187976 0.00457099 0.00170513 -0.00187976 0.00514622 -0.0119565 -0.00187976 0.00457099 -0.0119565 0.0723039 
0.0145038 -0.0241798 0.00172785 -0.00201244 -0.0241798 0.105846 -0.00201244 0.00481766 0.00172785 -0.00201244 0.00524454 -0.0120848 -0.00201244 0.00481766 -0.0120848 0.0726003 
0.0145112 -0.0241243 0.00169703 -0.0020527 -0.0241243 0.105684 -0.00203238 0.00500981 0.00169703 -0.00203238 0.00527402 -0.0122247 -0.0020527 0.00500981 -0.0122247 0.0729725 
0.0145526 -0.0241391 0.00171986 -0.00204551 -0.0241391 0.105634 -0.00204551 0.00508833 0.00171986 -0.00204551 0.00528169 -0.0123036 -0.00204551 0.00508833 -0.0123036 0.0733127 
0.0145243 -0.0241866 0.0017745 -0.00198991 -0.0241866 0.105721 -0.00200016 0.00495425 0.0017745 -0.00200016 0.005303 -0.0122882 -0.00198991 0.00495425 -0.0122882 0.0733804 
0.0145002 -0.0241773 0.00182024 -0.00204648 -0.0241773 0.105749 -0.00204648 0.00491567 0.00182024 -0.00204648 0.00530646 -0.0122892 -0.00204648 0.00491567 -0.0122892 0.0733854 
0.0144859 -0.0241364 0.00184404 -0.00213089 -0.0241364 0.105684 -0.00212064 0.00510183 0.00184404 -0.00212064 0.00533746 -0.0123141 -0.00213089 0.00510183 -0.0123141 0.0734233 
0.0144887 -0.0241239 0.00183037 -0.00212858 -0.0241239 0.105647 -0.0021183 0.00513121 0.00183037 -0.0021183 0.00530602 -0.012319 -0.00212858 0.00513121 -0.012319 0.0733897 
0.0144965 -0.0241401 0.00179392 -0.00209463 -0.0241401 0.105644 -0.00207389 0.00504993 0.00179392 -0.00207389 0.00524695 -0.0122671 -0.00209463 0.00504993 -0.0122671 0.0732706 
0.0144962 -0.0241396 0.00177314 -0.00206348 -0.0241396 0.105663 -0.00206348 0.00498761 0.00177314 -0.00206348 0.00523647 -0.0121839 -0.00206348 0.00498761 -0.0121839 0.0730928 
0.0145056 -0.0241348 0.00174232 -0.0020413 -0.0241348 0.105653 -0.0020413 0.00496923 0.00174232 -0.0020413 0.00522697 -0.012155 -0.0020413 0.00496923 -0.012155 0.0729301 
0.0144939 -0.0241326 0.00173476 -0.00201191 -0.0241326 0.105625 -0.00202217 0.00495791 0.00173476 -0.00202217 0.00525559 -0.0121638 -0.00201191 0.00495791 -0.0121638 0.0729111 
0.0144733 -0.0241152 0.00177941 -0.00203805 -0.0241152 0.105596 -0.0020484 0.0049865 0.00177941 -0.0020484 0.00527617 -0.0122283 -0.00203805 0.0049865 -0.0122283 0.0730491 
0.0144002 -0.02409 0.00185308 -0.00208083 -0.02409 0.105553 -0.00208083 0.00504162 0.00185308 -0.00208083 0.00535219 -0.0122469 -0.00208083 0.00504162 -0.0122469 0.07315 
0.0143228 -0.0240095 0.00190832 -0.00215723 -0.0240095 0.105403 -0.00214686 0.00515453 0.00190832 -0.00214686 0.00542419 -0.0123418 -0.00215723 0.00515453 -0.0123418 0.0732939 
0.0143016 -0.0239155 0.00190826 -0.00222976 -0.0239155 0.105172 -0.00220902 0.00534105 0.00190826 -0.00220902 0.00544476 -0.0124244 -0.00222976 0.00534105 -0.0124244 0.0735198 
0.0143006 -0.0238688 0.00190124 -0.00225255 -0.0238688 0.105012 -0.00224222 0.00546606 0.00190124 -0.00224222 0.00546606 -0.0124717 -0.00225255 0.00546606 -0.0124717 0.0736937 
0.0143339 -0.0238727 0.00190364 -0.00222263 -0.0238727 0.104968 -0.00221234 0.00544339 0.00190364 -0.00221234 0.00546397 -0.0124817 -0.00222263 0.00544339 -0.0124817 0.0737482 
0.0143765 -0.0239194 0.00185902 -0.00218952 -0.0239194 0.105025 -0.00217919 0.00533953 0.00185902 -0.00217919 0.00539117 -0.0124555 -0.00218952 0.00533953 -0.0124555 0.0737103 
0.0144364 -0.0239844 0.00180975 -0.00211137 -0.0239844 0.105163 -0.00211137 0.00515882 0.00180975 -0.00211137 0.00529403 -0.0123562 -0.00211137 0.00515882 -0.0123562 0.0735132 
0.0144506 -0.0240462 0.00180242 -0.00209414 -0.0240462 0.105332 -0.00209414 0.00509471 0.00180242 -0.00209414 0.00525098 -0.0122523 -0.00209414 0.00509471 -0.0122523 0.0732846 
0.0144536 -0.0240789 0.00182353 -0.00210328 -0.0240789 0.105444 -0.00211364 0.00511832 0.00182353 -0.00211364 0.00526338 -0.0121949 -0.00210328 0.00511832 -0.0121949 0.0730863 
0.0144752 -0.0240672 0.00180555 -0.00213384 -0.0240672 0.105461 -0.00213384 0.00520123 0.00180555 -0.00213384 0.0052833 -0.0122183 -0.00213384 0.00520123 -0.0122183 0.0730429 
0.0145107 -0.024106 0.00180232 -0.00210953 -0.024106 0.105518 -0.00210953 0.00519191 0.00180232 -0.00210953 0.00527383 -0.0122373 -0.00210953 0.00519191 -0.0122373 0.0731065 
0.0145437 -0.0241541 0.00176412 -0.00207182 -0.0241541 0.105632 -0.00207182 0.00506672 0.00176412 -0.00207182 0.00524108 -0.0122258 -0.00207182 0.00506672 -0.0122258 0.0730879 
0.0145461 -0.0241991 0.00173364 -0.00202087 -0.0241991 0.105752 -0.00203112 0.00494445 0.00173364 -0.00203112 0.00522142 -0.0121867 -0.00202087 0.00494445 -0.0121867 0.0730281 
0.0145365 -0.0242105 0.00173005 -0.00199621 -0.0242105 0.105799 -0.00200645 0.00487281 0.00173005 -0.00200645 0.0052311 -0.0121718 -0.00199621 0.00487281 -0.0121718 0.0729897 
0.0145365 -0.0241903 0.00172933 -0.00199382 -0.0241903 0.105804 -0.00199382 0.00484212 0.00172933 -0.00199382 0.0052592 -0.0121969 -0.00199382 0.00484212 -0.0121969 0.0730082 
0.0145578 -0.024188 0.00170727 -0.00199352 -0.024188 0.105789 -0.00199352 0.00481511 0.00170727 -0.00199352 0.00523426 -0.0122269 -0.00199352 0.00481511 -0.0122269 0.073065 
0.0145591 -0.0242104 0.00172492 -0.0019816 -0.0242104 0.105805 -0.0019816 0.00481539 0.00172492 -0.0019816 0.00521582 -0.0121874 -0.0019816 0.00481539 -0.0121874 0.0730831 
0.0145529 -0.02421 0.00172855 -0.00197696 -0.02421 0.105835 -0.00197696 0.00477161 0.00172855 -0.00197696 0.00517529 -0.0121619 -0.00197696 0.00477161 -0.0121619 0.0729819 
0.0145713 -0.0242054 0.00169093 -0.00196232 -0.0242054 0.10584 -0.00196232 0.00473879 0.00169093 -0.00196232 0.00510412 -0.0120975 -0.00196232 0.00473879 -0.0120975 0.0728146 
0.014553 -0.0242272 0.0017029 -0.00194319 -0.0242272 0.105852 -0.00195364 0.00472216 0.0017029 -0.00195364 0.00509826 -0.0120039 -0.00194319 0.00472216 -0.0120039 0.0726084 
0.0145349 -0.0242075 0.00172166 -0.00198251 -0.0242075 0.105824 -0.00198251 0.00478933 0.00172166 -0.00198251 0.00511279 -0.0119785 -0.00198251 0.00478933 -0.0119785 0.0724556 
0.0144654 -0.0241684 0.00176228 -0.00199306 -0.0241684 0.105758 -0.00199306 0.00482529 0.00176228 -0.00199306 0.00516097 -0.0119793 -0.00199306 0.00482529 -0.0119793 0.0724004 
0.0144426 -0.0240676 0.00173395 -0.0020662 -0.0240676 0.105584 -0.00204544 0.00495265 0.00173395 -0.00204544 0.00521223 -0.0120546 -0.0020662 0.00495265 -0.0120546 0.0724936 
0.0143863 -0.0240424 0.00173788 -0.00203609 -0.0240424 0.105424 -0.00203609 0.0049874 0.00173788 -0.00203609 0.0052959 -0.0121137 -0.00203609 0.0049874 -0.0121137 0.0726516 
0.0143719 -0.0239807 0.00175645 -0.00200442 -0.0239807 0.105294 -0.00200442 0.00491807 0.00175645 -0.00200442 0.00532102 -0.0122228 -0.00200442 0.00491807 -0.0122228 0.0728824 
0.0143922 -0.0239523 0.00172498 -0.00200555 -0.0239523 0.105182 -0.00200555 0.00485281 0.00172498 -0.00200555 0.00526846 -0.0122619 -0.00200555 0.00485281 -0.0122619 0.0730519 
0.014408 -0.0239855 0.00169689 -0.00199879 -0.0239855 0.105186 -0.00198838 0.00484083 0.00169689 -0.00198838 0.00523642 -0.0122114 -0.00199879 0.00484083 -0.0122114 0.0730496 
0.0144101 -0.02401 0.00172092 -0.0019801 -0.02401 0.105246 -0.00200083 0.00486212 0.00172092 -0.00200083 0.00523533 -0.0121605 -0.0019801 0.00486212 -0.0121605 0.0729629 
0.0143908 -0.0240155 0.00175273 -0.00199873 -0.0240155 0.105287 -0.00200898 0.00487895 0.00175273 -0.00200898 0.00530944 -0.0121666 -0.00199873 0.00487895 -0.0121666 0.072928 
0.0143667 -0.0239991 0.00179327 -0.00204945 -0.0239991 0.10527 -0.00204945 0.00495968 0.00179327 -0.00204945 0.00533883 -0.0122455 -0.00204945 0.00495968 -0.0122455 0.0730425 
0.0143748 -0.0239649 0.00179042 -0.00207853 -0.0239649 0.105223 -0.00205795 0.00501111 0.00179042 -0.00205795 0.00531981 -0.0122963 -0.00207853 0.00501111 -0.0122963 0.0731808 
0.014386 -0.0239801 0.0018162 -0.00212404 -0.0239801 0.105196 -0.00211377 0.00517156 0.0018162 -0.00211377 0.005346 -0.0123132 -0.00212404 0.00517156 -0.0123132 0.0733459 
0.0144238 -0.0239779 0.00180169 -0.00215173 -0.0239779 0.105219 -0.00214144 0.00525064 0.00180169 -0.00214144 0.00531241 -0.0123339 -0.00215173 0.00525064 -0.0123339 0.0734163 
0.0144932 -0.024025 0.00176018 -0.00213075 -0.024025 0.105302 -0.00213075 0.00524967 0.00176018 -0.00213075 0.00527025 -0.0123007 -0.00213075 0.00524967 -0.0123007 0.073413 
0.0144922 -0.0241091 0.00176533 -0.00206298 -0.0241091 0.105479 -0.00206298 0.00513178 0.00176533 -0.00206298 0.00528574 -0.0122444 -0.00206298 0.00513178 -0.0122444 0.0732819 
0.0144832 -0.0241148 0.00174373 -0.00202068 -0.0241148 0.105568 -0.00204119 0.00499528 0.00174373 -0.00204119 0.00529274 -0.0122472 -0.00202068 0.00499528 -0.0122472 0.0731957 
0.0144296 -0.0241145 0.00177675 -0.00201296 -0.0241145 0.105588 -0.00202323 0.00493997 0.00177675 -0.00202323 0.00534051 -0.0122729 -0.00201296 0.00493997 -0.0122729 0.0732369 
0.0143996 -0.024058 0.00178054 -0.00202899 -0.024058 0.105507 -0.00202899 0.00488613 0.00178054 -0.00202899 0.00535197 -0.0123188 -0.00202899 0.00488613 -0.0123188 0.0732816 
0.0143811 -0.0240102 0.00178588 -0.00204698 -0.0240102 0.105367 -0.00203653 0.00491901 0.00178588 -0.00203653 0.00531587 -0.0123132 -0.00204698 0.00491901 -0.0123132 0.0733465 
0.0143528 -0.0239806 0.00184386 -0.00208482 -0.0239806 0.105257 -0.00209529 0.00503918 0.00184386 -0.00209529 0.00533252 -0.0122994 -0.00208482 0.00503918 -0.0122994 0.0733353 
0.0143525 -0.0239454 0.00188075 -0.00216443 -0.0239454 0.105175 -0.00215393 0.00517993 0.00188075 -0.00215393 0.00531652 -0.0122931 -0.00216443 0.00517993 -0.0122931 0.0732861 
0.0143377 -0.0239489 0.00187793 -0.00219444 -0.0239489 0.105122 -0.00218389 0.0052751 0.00187793 -0.00218389 0.00530675 -0.0122593 -0.00219444 0.0052751 -0.0122593 0.0731867 
0.0143014 -0.0239237 0.00191178 -0.0021864 -0.0239237 0.105095 -0.0021864 0.00533398 0.00191178 -0.0021864 0.00533398 -0.0122418 -0.0021864 0.00533398 -0.0122418 0.0731019 
0.0142967 -0.0238878 0.00185054 -0.00217835 -0.0238878 0.105026 -0.00217835 0.00527668 0.00185054 -0.00217835 0.00530841 -0.0122347 -0.00217835 0.00527668 -0.0122347 0.0729853 
0.0142678 -0.0238604 0.00184271 -0.0021586 -0.0238604 0.10495 -0.0021586 0.00531752 0.00184271 -0.0021586 0.00533858 -0.012225 -0.0021586 0.00531752 -0.012225 0.0729922 
0.0142508 -0.023847 0.00183847 -0.0021254 -0.023847 0.104888 -0.0021254 0.00521785 0.00183847 -0.0021254 0.00533475 -0.0122529 -0.0021254 0.00521785 -0.0122529 0.0729862 
0.0141902 -0.0238015 0.00185685 -0.00213116 -0.0238015 0.104786 -0.00214171 0.00519075 0.00185685 -0.00214171 0.00539121 -0.0122489 -0.00213116 0.00519075 -0.0122489 0.0730292 
0.0141339 -0.0237348 0.00189921 -0.00216153 -0.0237348 0.104624 -0.00216153 0.00525692 0.00189921 -0.00216153 0.00547727 -0.0123291 -0.00216153 0.00525692 -0.0123291 0.0731666 
0.0141249 -0.0236613 0.00189248 -0.00218851 -0.0236613 0.104446 -0.00217794 0.00527568 0.00189248 -0.00217794 0.00545541 -0.0124227 -0.00218851 0.00527568 -0.0124227 0.0733309 
0.0141656 -0.0236378 0.00184537 -0.00218671 -0.0236378 0.104344 -0.00217605 0.00528011 0.00184537 -0.00217605 0.00538678 -0.0124056 -0.00218671 0.00528011 -0.0124056 0.0734096 
0.0142281 -0.023692 0.00181338 -0.00216747 -0.023692 0.104371 -0.00216747 0.00530066 0.00181338 -0.00216747 0.00528993 -0.0123181 -0.00216747 0.00530066 -0.0123181 0.0733079 
0.0142893 -0.0237759 0.00176597 -0.00208901 -0.0237759 0.104547 -0.00209978 0.00516868 0.00176597 -0.00209978 0.00521175 -0.0121787 -0.00208901 0.00516868 -0.0121787 0.0729861 
0.0143239 -0.0238411 0.00168767 -0.0020188 -0.0238411 0.104732 -0.00204016 0.00498825 0.00168767 -0.00204016 0.00515915 -0.0120487 -0.0020188 0.00498825 -0.0120487 0.0725913 
0.0143481 -0.0238959 0.0016706 -0.00193493 -0.0238959 0.104888 -0.00195608 0.00482147 0.0016706 -0.00195608 0.00515982 -0.0119797 -0.00193493 0.00482147 -0.0119797 0.0723432 
0.0143509 -0.0239216 0.00168403 -0.00192461 -0.0239216 0.104975 -0.00193507 0.00471738 0.00168403 -0.00193507 0.00519853 -0.0119974 -0.00192461 0.00471738 -0.0119974 0.0722878 
0.0143824 -0.0239358 0.0016902 -0.00194216 -0.0239358 0.105034 -0.00195265 0.00469267 0.0016902 -0.00195265 0.00517558 -0.0120414 -0.00194216 0.00469267 -0.0120414 0.0723532 
0.0143644 -0.0239617 0.00171829 -0.00198022 -0.0239617 0.105088 -0.00198022 0.00479863 0.00171829 -0.00198022 0.00519676 -0.012049 -0.00198022 0.00479863 -0.012049 0.0724613 
0.0142887 -0.0239549 0.00175845 -0.00200063 -0.0239549 0.105128 -0.0019901 0.00485416 0.00175845 -0.0019901 0.00526482 -0.012067 -0.00200063 0.00485416 -0.012067 0.0725176 
0.0142183 -0.0238661 0.00176277 -0.00205833 -0.0238661 0.104985 -0.00204777 0.00495055 0.00176277 -0.00204777 0.00531999 -0.0121494 -0.00205833 0.00495055 -0.0121494 0.0726749 
0.0141635 -0.0237643 0.00174271 -0.00204901 -0.0237643 0.104742 -0.00203845 0.00498521 0.00174271 -0.00203845 0.00535488 -0.0122201 -0.00204901 0.00498521 -0.0122201 0.0728559 
0.0141865 -0.0237003 0.00168386 -0.00202063 -0.0237003 0.104536 -0.0020101 0.0049358 0.00168386 -0.0020101 0.00532519 -0.0122606 -0.00202063 0.0049358 -0.0122606 0.0729952 
