0.001202 0.000000 0.000039 0.000000 0.000000 0.010000 0.000000 0.000000 0.000039 0.000000 0.012195 0.000000 0.000000 0.000000 0.000000 0.010000 0.006457 0.000000 0.005721 0.000000 0.000000 0.010000 0.000000 0.000000 0.005721 0.000000 0.006491 0.000000 0.000000 0.000000 0.000000 0.010000 0.012057 -0.000000 0.001250 -0.000000 0.000000 0.010000 0.000000 0.000000 0.001250 0.000000 0.000894 0.000000 0.000000 0.000000 0.000000 0.010000 0.008027 0.000000 -0.005323 0.000000 0.000000 0.010000 0.000000 0.000000 -0.005323 0.000000 0.005397 0.000000 0.000000 0.000000 0.000000 0.010000 0.003747 0.000000 0.001474 0.000000 0.000000 0.010000 0.000000 0.000000 0.001474 0.000000 0.011938 0.000000 0.000000 0.000000 0.000000 0.010000 0.010307 0.000000 -0.003530 0.000000 0.000000 0.010000 0.000000 0.000000 -0.003530 0.000000 0.005599 0.000000 0.000000 0.000000 0.000000 0.010000
0.001791 -0.002282 0.000055 -0.000068 -0.002282 0.013549 -0.000068 0.000130 0.000055 -0.000068 0.017177 -0.021244 -0.000068 0.000130 -0.021244 0.049908 0.009127 -0.011310 0.008027 -0.009905 -0.011310 0.030860 -0.009905 0.018993 0.008027 -0.009905 0.009174 -0.011368 -0.009905 0.018993 -0.011368 0.030972 0.016983 -0.021005 0.001753 -0.002164 -0.021005 0.049450 -0.002164 0.004149 0.001753 -0.002164 0.001323 -0.001680 -0.002164 0.004149 -0.001680 0.012395 0.011344 -0.014056 -0.007449 0.009180 -0.014056 0.036125 0.009180 -0.017603 -0.007449 0.009180 0.007664 -0.009520 0.009180 -0.017603 -0.009520 0.027429 0.005493 -0.006940 0.002039 -0.002496 -0.006940 0.022482 -0.002496 0.004785 0.002039 -0.002496 0.016821 -0.020809 -0.002496 0.004785 -0.020809 0.049074 0.014568 -0.018052 -0.004876 0.005966 -0.018052 0.043788 0.005966 -0.011439 -0.004876 0.005966 0.008064 -0.010095 0.005966 -0.011439 -0.010095 0.028530
0.002288 -0.005118 0.000070 -0.000088 -0.005118 0.025450 -0.000088 0.000282 0.000070 -0.000088 0.016585 -0.029832 -0.000088 0.000282 -0.029832 0.104344 0.008996 -0.016532 0.007568 -0.013261 -0.016532 0.061781 -0.013261 0.042439 0.007568 -0.013261 0.009038 -0.016610 -0.013261 0.042439 -0.016610 0.062032 0.016431 -0.029512 0.001512 -0.002896 -0.029512 0.103320 -0.002896 0.009268 0.001512 -0.002896 0.001604 -0.003645 -0.002896 0.009268 -0.003645 0.020542 0.011198 -0.020478 -0.006918 0.011946 -0.020478 0.074488 0.011946 -0.038130 -0.006918 0.011946 0.007703 -0.014576 0.011946 -0.038130 -0.014576 0.055651 0.006336 -0.013315 0.001887 -0.002882 -0.013315 0.052270 -0.002882 0.009086 0.001887 -0.002882 0.016237 -0.029329 -0.002882 0.009086 -0.029329 0.102760 0.014262 -0.026184 -0.004306 0.006818 -0.026184 0.092858 0.006818 -0.021469 -0.004306 0.006818 0.008604 -0.017091 0.006818 -0.021469 -0.017091 0.064222
0.002555 -0.007440 0.000067 -0.000091 -0.007440 0.041260 -0.000096 0.000297 0.000067 -0.000096 0.015296 -0.026879 -0.000091 0.000297 -0.026879 0.113348 0.008404 -0.015959 0.006816 -0.010890 -0.015959 0.072045 -0.010891 0.041185 0.006816 -0.010891 0.008557 -0.016019 -0.010890 0.041185 -0.016019 0.072282 0.015177 -0.026655 0.001268 -0.002167 -0.026655 0.112418 -0.002211 0.008685 0.001268 -0.002211 0.001788 -0.005335 -0.002167 0.008685 -0.005335 0.031986 0.010577 -0.019572 -0.006158 0.009375 -0.019572 0.086209 0.009385 -0.034737 -0.006158 0.009385 0.007261 -0.014839 0.009375 -0.034737 -0.014839 0.068888 0.006152 -0.015354 0.001713 -0.002120 -0.015354 0.074294 -0.002133 0.006992 0.001713 -0.002133 0.014975 -0.026486 -0.002120 0.006992 -0.026486 0.112095 0.013378 -0.024296 -0.003736 0.004789 -0.024296 0.104759 0.004784 -0.015988 -0.003736 0.004784 0.007994 -0.018013 0.004789 -0.015988 -0.018013 0.083589
0.002622 -0.008507 -0.000021 -0.000087 -0.008507 0.053453 -0.000095 0.000279 -0.000021 -0.000095 0.015333 -0.025202 -0.000087 0.000279 -0.025202 0.110217 0.008328 -0.015623 0.006790 -0.009484 -0.015623 0.075917 -0.009470 0.034085 0.006790 -0.009470 0.008750 -0.015826 -0.009484 0.034085 -0.015826 0.076347 0.015212 -0.025040 0.001279 -0.001699 -0.025040 0.109550 -0.001786 0.006690 0.001279 -0.001786 0.001868 -0.006423 -0.001699 0.006690 -0.006423 0.042797 0.010623 -0.019028 -0.006168 0.008041 -0.019028 0.089077 0.008073 -0.027321 -0.006168 0.008073 0.007258 -0.014687 0.008041 -0.027321 -0.014687 0.074907 0.005959 -0.014742 0.001873 -0.001961 -0.014742 0.080858 -0.001977 0.005442 0.001873 -0.001977 0.014958 -0.024831 -0.001961 0.005442 -0.024831 0.109207 0.013537 -0.023021 -0.003739 0.004243 -0.023021 0.103955 0.004255 -0.011926 -0.003739 0.004255 0.007513 -0.016897 0.004243 -0.011926 -0.016897 0.087454
0.002624 -0.008663 -0.000097 0.000016 -0.008663 0.059464 0.000024 0.000094 -0.000097 0.000024 0.015706 -0.025299 0.000016 0.000094 -0.025299 0.109092 0.008430 -0.015698 0.006974 -0.009333 -0.015698 0.078637 -0.009287 0.029870 0.006974 -0.009287 0.009023 -0.016270 -0.009333 0.029870 -0.016270 0.079792 0.015573 -0.025139 0.001358 -0.001683 -0.025139 0.108563 -0.001756 0.005598 0.001358 -0.001756 0.001880 -0.006835 -0.001683 0.005598 -0.006835 0.049929 0.010828 -0.019141 -0.006377 0.008059 -0.019141 0.090714 0.008095 -0.023994 -0.006377 0.008095 0.007372 -0.014705 0.008059 -0.023994 -0.014705 0.077769 0.005960 -0.014107 0.001981 -0.002229 -0.014107 0.080884 -0.002247 0.005492 0.001981 -0.002247 0.015304 -0.024850 -0.002229 0.005492 -0.024850 0.108021 0.013877 -0.023170 -0.003896 0.004427 -0.023170 0.103522 0.004459 -0.011255 -0.003896 0.004459 0.007398 -0.015996 0.004427 -0.011255 -0.015996 0.086259
0.002595 -0.008537 -0.000117 0.000116 -0.008537 0.061431 0.000141 -0.000193 -0.000117 0.000141 0.015935 -0.025740 0.000116 -0.000193 -0.025740 0.109662 0.008480 -0.015787 0.007093 -0.009557 -0.015787 0.080226 -0.009495 0.028424 0.007093 -0.009495 0.009187 -0.016624 -0.009557 0.028424 -0.016624 0.082216 0.015797 -0.025562 0.001394 -0.001820 -0.025562 0.109149 -0.001852 0.005385 0.001394 -0.001852 0.001865 -0.006850 -0.001820 0.005385 -0.006850 0.053323 0.010944 -0.019313 -0.006505 0.008401 -0.019313 0.091697 0.008423 -0.023515 -0.006505 0.008423 0.007458 -0.014732 0.008401 -0.023515 -0.014732 0.078889 0.005990 -0.013938 0.002031 -0.002397 -0.013938 0.080134 -0.002413 0.005948 0.002031 -0.002413 0.015521 -0.025250 -0.002397 0.005948 -0.025250 0.108464 0.014073 -0.023540 -0.003976 0.004686 -0.023540 0.104097 0.004718 -0.011727 -0.003976 0.004718 0.007446 -0.015687 0.004686 -0.011727 -0.015687 0.084918
0.002609 -0.008386 -0.000117 0.000150 -0.008386 0.061702 0.000175 -0.000378 -0.000117 0.000175 0.016005 -0.025975 0.000150 -0.000378 -0.025975 0.110315 0.008410 -0.015767 0.007127 -0.009728 -0.015767 0.080811 -0.009671 0.028181 0.007127 -0.009671 0.009318 -0.016762 -0.009728 0.028181 -0.016762 0.083402 0.015868 -0.025788 0.001398 -0.001903 -0.025788 0.109783 -0.001908 0.005467 0.001398 -0.001908 0.001854 -0.006735 -0.001903 0.005467 -0.006735 0.054430 0.010964 -0.019364 -0.006539 0.008619 -0.019364 0.092052 0.008626 -0.023856 -0.006539 0.008626 0.007527 -0.014734 0.008619 -0.023856 -0.014734 0.079160 0.006066 -0.013951 0.002011 -0.002455 -0.013951 0.079843 -0.002465 0.006213 0.002011 -0.002465 0.015599 -0.025474 -0.002455 0.006213 -0.025474 0.109050 0.014139 -0.023730 -0.003981 0.004794 -0.023730 0.104625 0.004814 -0.012143 -0.003981 0.004814 0.007516 -0.015701 0.004794 -0.012143 -0.015701 0.084403
0.002609 -0.008336 -0.000144 0.000153 -0.008336 0.061566 0.000168 -0.000435 -0.000144 0.000168 0.016011 -0.026034 0.000153 -0.000435 -0.026034 0.110601 0.008332 -0.015619 0.007124 -0.009796 -0.015619 0.080707 -0.009743 0.028240 0.007124 -0.009743 0.009404 -0.016871 -0.009796 0.028240 -0.016871 0.083927 0.015868 -0.025845 0.001431 -0.001920 -0.025845 0.110058 -0.001918 0.005533 0.001431 -0.001918 0.001854 -0.006631 -0.001920 0.005533 -0.006631 0.054546 0.010906 -0.019338 -0.006541 0.008688 -0.019338 0.092038 0.008683 -0.024146 -0.006541 0.008683 0.007635 -0.014770 0.008688 -0.024146 -0.014770 0.079202 0.006152 -0.014060 0.001969 -0.002423 -0.014060 0.079948 -0.002427 0.006231 0.001969 -0.002427 0.015620 -0.025544 -0.002423 0.006231 -0.025544 0.109338 0.014122 -0.023787 -0.003990 0.004792 -0.023787 0.104863 0.004801 -0.012257 -0.003990 0.004801 0.007596 -0.015801 0.004792 -0.012257 -0.015801 0.084434
0.002609 -0.008319 -0.000201 0.000185 -0.008319 0.061450 0.000196 -0.000490 -0.000201 0.000196 0.016006 -0.026032 0.000185 -0.000490 -0.026032 0.110661 0.008249 -0.015478 0.007111 -0.009812 -0.015478 0.080332 -0.009758 0.028313 0.007111 -0.009758 0.009493 -0.016963 -0.009812 0.028313 -0.016963 0.084234 0.015855 -0.025836 0.001479 -0.001966 -0.025836 0.110103 -0.001960 0.005623 0.001479 -0.001960 0.001871 -0.006578 -0.001966 0.005623 -0.006578 0.054392 0.010919 -0.019255 -0.006523 0.008695 -0.019255 0.091852 0.008677 -0.024252 -0.006523 0.008677 0.007652 -0.014903 0.008695 -0.024252 -0.014903 0.079401 0.006128 -0.014198 0.001923 -0.002365 -0.014198 0.080269 -0.002363 0.006110 0.001923 -0.002363 0.015635 -0.025562 -0.002365 0.006110 -0.025562 0.109437 0.014097 -0.023763 -0.004000 0.004792 -0.023763 0.104888 0.004792 -0.012249 -0.004000 0.004792 0.007646 -0.015921 0.004792 -0.012249 -0.015921 0.084694
0.002614 -0.008316 -0.000190 0.000255 -0.008316 0.061392 0.000271 -0.000633 -0.000190 0.000271 0.016006 -0.026024 0.000255 -0.000633 -0.026024 0.110654 0.008215 -0.015353 0.007100 -0.009803 -0.015353 0.079935 -0.009748 0.028340 0.007100 -0.009748 0.009540 -0.017076 -0.009803 0.028340 -0.017076 0.084522 0.015850 -0.025815 0.001496 -0.002040 -0.025815 0.110069 -0.002024 0.005786 0.001496 -0.002024 0.001894 -0.006577 -0.002040 0.005786 -0.006577 0.054274 0.010919 -0.019269 -0.006511 0.008661 -0.019269 0.091778 0.008643 -0.024212 -0.006511 0.008643 0.007680 -0.014953 0.008661 -0.024212 -0.014953 0.079618 0.006110 -0.014193 0.001967 -0.002305 -0.014193 0.080444 -0.002300 0.005950 0.001967 -0.002300 0.015617 -0.025580 -0.002305 0.005950 -0.025580 0.109491 0.014084 -0.023733 -0.003998 0.004800 -0.023733 0.104834 0.004795 -0.012241 -0.003998 0.004795 0.007704 -0.015999 0.004800 -0.012241 -0.015999 0.084953
0.002633 -0.008324 -0.000180 0.000251 -0.008324 0.061381 0.000264 -0.000705 -0.000180 0.000264 0.016007 -0.026023 0.000251 -0.000705 -0.026023 0.110648 0.008164 -0.015302 0.007087 -0.009783 -0.015302 0.079670 -0.009735 0.028323 0.007087 -0.009735 0.009607 -0.017146 -0.009783 0.028323 -0.017146 0.084769 0.015844 -0.025808 0.001525 -0.002072 -0.025808 0.110036 -0.002053 0.005921 0.001525 -0.002053 0.001940 -0.006610 -0.002072 0.005921 -0.006610 0.054273 0.010879 -0.019284 -0.006515 0.008628 -0.019284 0.091814 0.008616 -0.024115 -0.006515 0.008616 0.007736 -0.015002 0.008628 -0.024115 -0.015002 0.079797 0.006107 -0.014164 0.002062 -0.002354 -0.014164 0.080440 -0.002352 0.005958 0.002062 -0.002352 0.015579 -0.025560 -0.002354 0.005958 -0.025560 0.109482 0.014097 -0.023719 -0.003993 0.004795 -0.023719 0.104790 0.004788 -0.012226 -0.003993 0.004788 0.007672 -0.016078 0.004795 -0.012226 -0.016078 0.085181
0.002651 -0.008354 -0.000255 0.000239 -0.008354 0.061434 0.000243 -0.000689 -0.000255 0.000243 0.016005 -0.026025 0.000239 -0.000689 -0.026025 0.110649 0.008147 -0.015244 0.007078 -0.009757 -0.015244 0.079492 -0.009715 0.028268 0.007078 -0.009715 0.009639 -0.017238 -0.009757 0.028268 -0.017238 0.085018 0.015837 -0.025800 0.001560 -0.002108 -0.025800 0.110013 -0.002088 0.006026 0.001560 -0.002088 0.001976 -0.006690 -0.002108 0.006026 -0.006690 0.054432 0.010977 -0.019245 -0.006484 0.008621 -0.019245 0.091790 0.008608 -0.024042 -0.006484 0.008608 0.007655 -0.015086 0.008621 -0.024042 -0.015086 0.080024 0.006160 -0.014147 0.002113 -0.002469 -0.014147 0.080386 -0.002476 0.006172 0.002113 -0.002476 0.015556 -0.025512 -0.002469 0.006172 -0.025512 0.109397 0.014099 -0.023736 -0.003999 0.004785 -0.023736 0.104803 0.004782 -0.012201 -0.003999 0.004782 0.007641 -0.016046 0.004785 -0.012201 -0.016046 0.085236
0.002653 -0.008391 -0.000302 0.000325 -0.008391 0.061538 0.000336 -0.000811 -0.000302 0.000336 0.016003 -0.026022 0.000325 -0.000811 -0.026022 0.110645 0.008140 -0.015227 0.007075 -0.009732 -0.015227 0.079397 -0.009698 0.028195 0.007075 -0.009698 0.009651 -0.017291 -0.009732 0.028195 -0.017291 0.085231 0.015832 -0.025790 0.001581 -0.002153 -0.025790 0.109987 -0.002132 0.006138 0.001581 -0.002132 0.002001 -0.006773 -0.002153 0.006138 -0.006773 0.054702 0.010967 -0.019366 -0.006477 0.008570 -0.019366 0.091956 0.008571 -0.023936 -0.006477 0.008571 0.007688 -0.015001 0.008570 -0.023936 -0.015001 0.080022 0.006225 -0.014204 0.002154 -0.002534 -0.014204 0.080438 -0.002547 0.006389 0.002154 -0.002547 0.015536 -0.025482 -0.002534 0.006389 -0.025482 0.109308 0.014122 -0.023739 -0.003992 0.004792 -0.023739 0.104820 0.004792 -0.012204 -0.003992 0.004792 0.007574 -0.016000 0.004792 -0.012204 -0.016000 0.085156
0.002647 -0.008403 -0.000372 0.000391 -0.008403 0.061624 0.000409 -0.001004 -0.000372 0.000409 0.016000 -0.026020 0.000391 -0.001004 -0.026020 0.110639 0.008133 -0.015226 0.007072 -0.009715 -0.015226 0.079380 -0.009692 0.028132 0.007072 -0.009692 0.009662 -0.017312 -0.009715 0.028132 -0.017312 0.085361 0.015832 -0.025784 0.001583 -0.002180 -0.025784 0.109964 -0.002160 0.006230 0.001583 -0.002160 0.002017 -0.006838 -0.002180 0.006230 -0.006838 0.054983 0.010997 -0.019376 -0.006464 0.008548 -0.019376 0.092103 0.008555 -0.023838 -0.006464 0.008555 0.007676 -0.015034 0.008548 -0.023838 -0.015034 0.080032 0.006232 -0.014292 0.002172 -0.002580 -0.014292 0.080619 -0.002594 0.006536 0.002172 -0.002594 0.015528 -0.025459 -0.002580 0.006536 -0.025459 0.109238 0.014143 -0.023763 -0.003980 0.004787 -0.023763 0.104858 0.004791 -0.012210 -0.003980 0.004791 0.007530 -0.015909 0.004787 -0.012210 -0.015909 0.084968
0.002620 -0.008395 -0.000399 0.000479 -0.008395 0.061648 0.000504 -0.001230 -0.000399 0.000504 0.015999 -0.026015 0.000479 -0.001230 -0.026015 0.110629 0.008077 -0.015224 0.007063 -0.009704 -0.015224 0.079386 -0.009689 0.028086 0.007063 -0.009689 0.009723 -0.017327 -0.009704 0.028086 -0.017327 0.085438 0.015835 -0.025783 0.001568 -0.002179 -0.025783 0.109953 -0.002164 0.006265 0.001568 -0.002164 0.002033 -0.006881 -0.002179 0.006265 -0.006881 0.055218 0.010954 -0.019414 -0.006466 0.008525 -0.019414 0.092209 0.008532 -0.023755 -0.006466 0.008532 0.007741 -0.015033 0.008525 -0.023755 -0.015033 0.080075 0.006237 -0.014313 0.002244 -0.002600 -0.014313 0.080751 -0.002611 0.006614 0.002244 -0.002611 0.015495 -0.025449 -0.002600 0.006614 -0.025449 0.109198 0.014093 -0.023787 -0.004030 0.004775 -0.023787 0.104912 0.004782 -0.012201 -0.004030 0.004782 0.007537 -0.015844 0.004775 -0.012201 -0.015844 0.084766
0.002598 -0.008352 -0.000483 0.000521 -0.008352 0.061576 0.000544 -0.001403 -0.000483 0.000544 0.015993 -0.026013 0.000521 -0.001403 -0.026013 0.110621 0.008114 -0.015156 0.007064 -0.009692 -0.015156 0.079291 -0.009674 0.028041 0.007064 -0.009674 0.009690 -0.017405 -0.009692 0.028041 -0.017405 0.085595 0.015818 -0.025787 0.001635 -0.002151 -0.025787 0.109959 -0.002145 0.006231 0.001635 -0.002145 0.002063 -0.006920 -0.002151 0.006231 -0.006920 0.055410 0.010871 -0.019368 -0.006482 0.008524 -0.019368 0.092198 0.008523 -0.023701 -0.006482 0.008523 0.007833 -0.015120 0.008524 -0.023701 -0.015120 0.080234 0.006236 -0.014315 0.002309 -0.002684 -0.014315 0.080793 -0.002695 0.006762 0.002309 -0.002695 0.015464 -0.025411 -0.002684 0.006762 -0.025411 0.109129 0.014059 -0.023728 -0.004073 0.004840 -0.023728 0.104846 0.004841 -0.012292 -0.004073 0.004841 0.007509 -0.015843 0.004840 -0.012292 -0.015843 0.084675
0.002575 -0.008303 -0.000561 0.000624 -0.008303 0.061431 0.000650 -0.001625 -0.000561 0.000650 0.015987 -0.026005 0.000624 -0.001625 -0.026005 0.110606 0.008125 -0.015196 0.007063 -0.009687 -0.015196 0.079290 -0.009676 0.028012 0.007063 -0.009676 0.009684 -0.017376 -0.009687 0.028012 -0.017376 0.085647 0.015819 -0.025768 0.001632 -0.002232 -0.025768 0.109934 -0.002220 0.006322 0.001632 -0.002220 0.002055 -0.006975 -0.002232 0.006322 -0.006975 0.055609 0.010832 -0.019263 -0.006490 0.008548 -0.019263 0.092013 0.008530 -0.023695 -0.006490 0.008530 0.007876 -0.015252 0.008548 -0.023695 -0.015252 0.080547 0.006220 -0.014304 0.002308 -0.002766 -0.014304 0.080777 -0.002779 0.006967 0.002308 -0.002779 0.015466 -0.025373 -0.002766 0.006967 -0.025373 0.109035 0.014072 -0.023680 -0.004066 0.004904 -0.023680 0.104721 0.004899 -0.012447 -0.004066 0.004899 0.007482 -0.015801 0.004904 -0.012447 -0.015801 0.084578
0.002560 -0.008252 -0.000586 0.000728 -0.008252 0.061253 0.000761 -0.001909 -0.000586 0.000761 0.015985 -0.025997 0.000728 -0.001909 -0.025997 0.110586 0.008190 -0.015222 0.007065 -0.009679 -0.015222 0.079367 -0.009677 0.027994 0.007065 -0.009677 0.009627 -0.017361 -0.009679 0.027994 -0.017361 0.085618 0.015822 -0.025767 0.001622 -0.002241 -0.025767 0.109913 -0.002227 0.006407 0.001622 -0.002227 0.002047 -0.006978 -0.002241 0.006407 -0.006978 0.055734 0.010868 -0.019204 -0.006484 0.008560 -0.019204 0.091821 0.008536 -0.023708 -0.006484 0.008536 0.007834 -0.015322 0.008560 -0.023708 -0.015322 0.080824 0.006245 -0.014277 0.002321 -0.002771 -0.014277 0.080712 -0.002780 0.007061 0.002321 -0.002780 0.015459 -0.025373 -0.002771 0.007061 -0.025373 0.108996 0.014146 -0.023691 -0.004002 0.004902 -0.023691 0.104680 0.004900 -0.012521 -0.004002 0.004900 0.007417 -0.015756 0.004902 -0.012521 -0.015756 0.084446
0.002573 -0.008212 -0.000590 0.000770 -0.008212 0.061078 0.000799 -0.002104 -0.000590 0.000799 0.015985 -0.025994 0.000770 -0.002104 -0.025994 0.110571 0.008311 -0.015310 0.007071 -0.009673 -0.015310 0.079545 -0.009685 0.027983 0.007071 -0.009685 0.009514 -0.017289 -0.009673 0.027983 -0.017289 0.085495 0.015827 -0.025770 0.001599 -0.002223 -0.025770 0.109913 -0.002216 0.006406 0.001599 -0.002216 0.002039 -0.006965 -0.002223 0.006406 -0.006965 0.055756 0.010865 -0.019247 -0.006490 0.008547 -0.019247 0.091813 0.008534 -0.023700 -0.006490 0.008534 0.007825 -0.015272 0.008547 -0.023700 -0.015272 0.080859 0.006264 -0.014303 0.002270 -0.002785 -0.014303 0.080715 -0.002790 0.007098 0.002270 -0.002790 0.015482 -0.025366 -0.002785 0.007098 -0.025366 0.108978 0.014188 -0.023780 -0.003975 0.004821 -0.023780 0.104811 0.004828 -0.012424 -0.003975 0.004828 0.007339 -0.015677 0.004821 -0.012424 -0.015677 0.084265
0.002584 -0.008219 -0.000617 0.000779 -0.008219 0.060993 0.000798 -0.002178 -0.000617 0.000798 0.015982 -0.025994 0.000779 -0.002178 -0.025994 0.110566 0.008420 -0.015479 0.007075 -0.009667 -0.015479 0.079916 -0.009700 0.027981 0.007075 -0.009700 0.009416 -0.017139 -0.009667 0.027981 -0.017139 0.085191 0.015839 -0.025778 0.001547 -0.002186 -0.025778 0.109928 -0.002188 0.006345 0.001547 -0.002188 0.002031 -0.006948 -0.002186 0.006345 -0.006948 0.055724 0.010740 -0.019251 -0.006518 0.008549 -0.019251 0.091848 0.008547 -0.023704 -0.006518 0.008547 0.007944 -0.015248 0.008549 -0.023704 -0.015248 0.080793 0.006232 -0.014336 0.002261 -0.002726 -0.014336 0.080786 -0.002725 0.007018 0.002261 -0.002725 0.015488 -0.025393 -0.002726 0.007018 -0.025393 0.109012 0.014210 -0.023835 -0.003970 0.004781 -0.023835 0.104973 0.004794 -0.012305 -0.003970 0.004794 0.007255 -0.015579 0.004781 -0.012305 -0.015579 0.084035
0.002603 -0.008239 -0.000639 0.000812 -0.008239 0.061003 0.000825 -0.002242 -0.000639 0.000825 0.015980 -0.025991 0.000812 -0.002242 -0.025991 0.110560 0.008402 -0.015641 0.007066 -0.009659 -0.015641 0.080380 -0.009710 0.027977 0.007066 -0.009710 0.009446 -0.016999 -0.009659 0.027977 -0.016999 0.084809 0.015847 -0.025794 0.001510 -0.002110 -0.025794 0.109962 -0.002123 0.006200 0.001510 -0.002123 0.002034 -0.006933 -0.002110 0.006200 -0.006933 0.055677 0.010678 -0.019096 -0.006530 0.008595 -0.019096 0.091617 0.008579 -0.023774 -0.006530 0.008579 0.008010 -0.015389 0.008595 -0.023774 -0.015389 0.080972 0.006156 -0.014304 0.002286 -0.002711 -0.014304 0.080783 -0.002708 0.006938 0.002286 -0.002708 0.015480 -0.025403 -0.002711 0.006938 -0.025403 0.109050 0.014265 -0.023860 -0.003929 0.004780 -0.023860 0.105070 0.004793 -0.012265 -0.003929 0.004793 0.007164 -0.015466 0.004780 -0.012265 -0.015466 0.083753
0.002619 -0.008272 -0.000625 0.000841 -0.008272 0.061078 0.000853 -0.002319 -0.000625 0.000853 0.015981 -0.025988 0.000841 -0.002319 -0.025988 0.110553 0.008398 -0.015640 0.007061 -0.009650 -0.015640 0.080607 -0.009689 0.027942 0.007061 -0.009689 0.009461 -0.017028 -0.009650 0.027942 -0.017028 0.084680 0.015858 -0.025807 0.001460 -0.002050 -0.025807 0.110000 -0.002070 0.006031 0.001460 -0.002070 0.002025 -0.006938 -0.002050 0.006031 -0.006938 0.055664 0.010739 -0.018998 -0.006520 0.008622 -0.018998 0.091310 0.008593 -0.023852 -0.006520 0.008593 0.007944 -0.015489 0.008622 -0.023852 -0.015489 0.081255 0.006105 -0.014199 0.002345 -0.002743 -0.014199 0.080599 -0.002741 0.006965 0.002345 -0.002741 0.015455 -0.025393 -0.002743 0.006965 -0.025393 0.109048 0.014336 -0.023921 -0.003857 0.004738 -0.023921 0.105188 0.004753 -0.012207 -0.003857 0.004753 0.007122 -0.015341 0.004738 -0.012207 -0.015341 0.083425
0.002646 -0.008307 -0.000611 0.000828 -0.008307 0.061188 0.000835 -0.002330 -0.000611 0.000835 0.015983 -0.025990 0.000828 -0.002330 -0.025990 0.110551 0.008411 -0.015628 0.007058 -0.009646 -0.015628 0.080648 -0.009664 0.027889 0.007058 -0.009664 0.009455 -0.017065 -0.009646 0.027889 -0.017065 0.084743 0.015868 -0.025821 0.001414 -0.001979 -0.025821 0.110039 -0.002004 0.005848 0.001414 -0.002004 0.002008 -0.006934 -0.001979 0.005848 -0.006934 0.055668 0.010817 -0.019067 -0.006508 0.008604 -0.019067 0.091284 0.008589 -0.023865 -0.006508 0.008589 0.007853 -0.015413 0.008604 -0.023865 -0.015413 0.081263 0.006114 -0.014110 0.002436 -0.002818 -0.014110 0.080337 -0.002821 0.007113 0.002436 -0.002821 0.015410 -0.025362 -0.002818 0.007113 -0.025362 0.108992 0.014338 -0.024007 -0.003842 0.004651 -0.024007 0.105373 0.004669 -0.012051 -0.003842 0.004669 0.007178 -0.015284 0.004651 -0.012051 -0.015284 0.083188
0.002675 -0.008357 -0.000602 0.000809 -0.008357 0.061338 0.000810 -0.002286 -0.000602 0.000810 0.015983 -0.025992 0.000809 -0.002286 -0.025992 0.110555 0.008496 -0.015643 0.007066 -0.009643 -0.015643 0.080684 -0.009650 0.027842 0.007066 -0.009650 0.009364 -0.017069 -0.009643 0.027842 -0.017069 0.084802 0.015874 -0.025834 0.001385 -0.001914 -0.025834 0.110079 -0.001942 0.005660 0.001385 -0.001942 0.001987 -0.006913 -0.001914 0.005660 -0.006913 0.055642 0.010805 -0.019176 -0.006510 0.008576 -0.019176 0.091492 0.008585 -0.023839 -0.006510 0.008585 0.007866 -0.015283 0.008576 -0.023839 -0.015283 0.081008 0.006152 -0.014099 0.002493 -0.002931 -0.014099 0.080185 -0.002942 0.007370 0.002493 -0.002942 0.015380 -0.025305 -0.002931 0.007370 -0.025305 0.108877 0.014377 -0.024015 -0.003792 0.004628 -0.024015 0.105472 0.004640 -0.011929 -0.003792 0.004640 0.007203 -0.015360 0.004628 -0.011929 -0.015360 0.083230
0.002701 -0.008415 -0.000645 0.000796 -0.008415 0.061528 0.000794 -0.002238 -0.000645 0.000794 0.015979 -0.025993 0.000796 -0.002238 -0.025993 0.110559 0.008511 -0.015753 0.007070 -0.009645 -0.015753 0.080883 -0.009663 0.027827 0.007070 -0.009663 0.009344 -0.016957 -0.009645 0.027827 -0.016957 0.084653 0.015881 -0.025843 0.001347 -0.001874 -0.025843 0.110110 -0.001900 0.005511 0.001347 -0.001900 0.001968 -0.006879 -0.001874 0.005511 -0.006879 0.055566 0.010725 -0.019173 -0.006526 0.008577 -0.019173 0.091603 0.008590 -0.023832 -0.006526 0.008590 0.007951 -0.015281 0.008577 -0.023832 -0.015281 0.080856 0.006154 -0.014141 0.002526 -0.003002 -0.014141 0.080192 -0.003018 0.007604 0.002526 -0.003018 0.015363 -0.025266 -0.003002 0.007604 -0.025266 0.108762 0.014423 -0.024061 -0.003742 0.004565 -0.024061 0.105565 0.004574 -0.011787 -0.003742 0.004574 0.007188 -0.015415 0.004565 -0.011787 -0.015415 0.083390
0.002728 -0.008470 -0.000644 0.000845 -0.008470 0.061732 0.000848 -0.002295 -0.000644 0.000848 0.015979 -0.025988 0.000845 -0.002295 -0.025988 0.110553 0.008489 -0.015788 0.007069 -0.009650 -0.015788 0.081064 -0.009673 0.027838 0.007069 -0.009673 0.009367 -0.016913 -0.009650 0.027838 -0.016913 0.084475 0.015895 -0.025853 0.001273 -0.001825 -0.025853 0.110138 -0.001850 0.005375 0.001273 -0.001850 0.001950 -0.006841 -0.001825 0.005375 -0.006841 0.055450 0.010669 -0.019069 -0.006536 0.008606 -0.019069 0.091460 0.008602 -0.023867 -0.006536 0.008602 0.008012 -0.015390 0.008606 -0.023867 -0.015390 0.080989 0.006106 -0.014146 0.002473 -0.003043 -0.014146 0.080221 -0.003057 0.007752 0.002473 -0.003057 0.015392 -0.025246 -0.003043 0.007752 -0.025246 0.108687 0.014481 -0.024119 -0.003682 0.004497 -0.024119 0.105702 0.004507 -0.011610 -0.003682 0.004507 0.007143 -0.015413 0.004497 -0.011610 -0.015413 0.083475
0.002743 -0.008524 -0.000675 0.000848 -0.008524 0.061933 0.000854 -0.002348 -0.000675 0.000854 0.015976 -0.025987 0.000848 -0.002348 -0.025987 0.110548 0.008451 -0.015759 0.007064 -0.009655 -0.015759 0.081080 -0.009668 0.027848 0.007064 -0.009668 0.009408 -0.016939 -0.009655 0.027848 -0.016939 0.084444 0.015903 -0.025871 0.001230 -0.001726 -0.025871 0.110178 -0.001756 0.005165 0.001230 -0.001756 0.001947 -0.006806 -0.001726 0.005165 -0.006806 0.055321 0.010587 -0.018986 -0.006555 0.008627 -0.018986 0.091231 0.008608 -0.023909 -0.006555 0.008608 0.008088 -0.015484 0.008627 -0.023909 -0.015484 0.081236 0.006097 -0.014085 0.002392 -0.002986 -0.014085 0.080132 -0.002990 0.007710 0.002392 -0.002990 0.015433 -0.025281 -0.002986 0.007710 -0.025281 0.108713 0.014534 -0.024190 -0.003638 0.004420 -0.024190 0.105872 0.004434 -0.011417 -0.003638 0.004434 0.007045 -0.015365 0.004420 -0.011417 -0.015365 0.083435
0.002773 -0.008559 -0.000738 0.000883 -0.008559 0.062103 0.000892 -0.002415 -0.000738 0.000892 0.015969 -0.025984 0.000883 -0.002415 -0.025984 0.110541 0.008434 -0.015703 0.007060 -0.009657 -0.015703 0.080975 -0.009655 0.027842 0.007060 -0.009655 0.009431 -0.017000 -0.009657 0.027842 -0.017000 0.084549 0.015895 -0.025883 0.001272 -0.001660 -0.025883 0.110218 -0.001693 0.004951 0.001272 -0.001693 0.001978 -0.006796 -0.001660 0.004951 -0.006796 0.055236 0.010530 -0.018878 -0.006567 0.008655 -0.018878 0.090964 0.008627 -0.023961 -0.006567 0.008627 0.008140 -0.015586 0.008655 -0.023961 -0.015586 0.081509 0.006058 -0.014070 0.002325 -0.002890 -0.014070 0.080049 -0.002881 0.007511 0.002325 -0.002881 0.015467 -0.025332 -0.002890 0.007511 -0.025332 0.108816 0.014576 -0.024254 -0.003610 0.004365 -0.024254 0.106043 0.004382 -0.011254 -0.003610 0.004382 0.006924 -0.015244 0.004365 -0.011254 -0.015244 0.083224
0.002787 -0.008609 -0.000825 0.000960 -0.008609 0.062268 0.000976 -0.002576 -0.000825 0.000976 0.015959 -0.025975 0.000960 -0.002576 -0.025975 0.110523 0.008460 -0.015673 0.007058 -0.009654 -0.015673 0.080867 -0.009643 0.027824 0.007058 -0.009643 0.009413 -0.017039 -0.009654 0.027824 -0.017039 0.084677 0.015895 -0.025873 0.001274 -0.001716 -0.025873 0.110221 -0.001733 0.004932 0.001274 -0.001733 0.001989 -0.006842 -0.001716 0.004932 -0.006842 0.055279 0.010421 -0.018798 -0.006588 0.008675 -0.018798 0.090714 0.008645 -0.024018 -0.006588 0.008645 0.008243 -0.015657 0.008675 -0.024018 -0.015657 0.081741 0.006065 -0.014030 0.002408 -0.002808 -0.014030 0.079972 -0.002793 0.007283 0.002408 -0.002793 0.015426 -0.025375 -0.002808 0.007283 -0.025375 0.108931 0.014656 -0.024303 -0.003533 0.004337 -0.024303 0.106183 0.004356 -0.011158 -0.003533 0.004356 0.006783 -0.015080 0.004337 -0.011158 -0.015080 0.082852
0.002791 -0.008640 -0.000845 0.001070 -0.008640 0.062411 0.001096 -0.002838 -0.000845 0.001096 0.015956 -0.025961 0.001070 -0.002838 -0.025961 0.110493 0.008456 -0.015706 0.007052 -0.009645 -0.015706 0.080877 -0.009639 0.027801 0.007052 -0.009639 0.009428 -0.017022 -0.009645 0.027801 -0.017022 0.084711 0.015898 -0.025871 0.001257 -0.001737 -0.025871 0.110211 -0.001740 0.004984 0.001257 -0.001740 0.002001 -0.006877 -0.001737 0.004984 -0.006877 0.055396 0.010270 -0.018658 -0.006606 0.008707 -0.018658 0.090393 0.008671 -0.024088 -0.006606 0.008671 0.008403 -0.015784 0.008707 -0.024088 -0.015784 0.082029 0.006089 -0.014033 0.002532 -0.002898 -0.014033 0.079938 -0.002894 0.007333 0.002532 -0.002894 0.015362 -0.025328 -0.002898 0.007333 -0.025328 0.108907 0.014649 -0.024395 -0.003551 0.004253 -0.024395 0.106370 0.004276 -0.011013 -0.003551 0.004276 0.006746 -0.014888 0.004253 -0.011013 -0.014888 0.082368
0.002794 -0.008651 -0.000819 0.001106 -0.008651 0.062495 0.001132 -0.003025 -0.000819 0.001132 0.015960 -0.025957 0.001106 -0.003025 -0.025957 0.110471 0.008547 -0.015713 0.007052 -0.009632 -0.015713 0.080921 -0.009629 0.027767 0.007052 -0.009629 0.009345 -0.017038 -0.009632 0.027767 -0.017038 0.084736 0.015895 -0.025874 0.001271 -0.001718 -0.025874 0.110212 -0.001720 0.004972 0.001271 -0.001720 0.002020 -0.006907 -0.001718 0.004972 -0.006907 0.055520 0.010258 -0.018459 -0.006603 0.008739 -0.018459 0.089925 0.008689 -0.024163 -0.006603 0.008689 0.008429 -0.015994 0.008739 -0.024163 -0.015994 0.082493 0.006100 -0.014052 0.002602 -0.003049 -0.014052 0.079952 -0.003061 0.007645 0.002602 -0.003061 0.015326 -0.025248 -0.003049 0.007645 -0.025248 0.108752 0.014648 -0.024388 -0.003557 0.004278 -0.024388 0.106445 0.004295 -0.010982 -0.003557 0.004295 0.006721 -0.014821 0.004278 -0.010982 -0.014821 0.082033
0.002796 -0.008655 -0.000768 0.001078 -0.008655 0.062534 0.001091 -0.003032 -0.000768 0.001091 0.015966 -0.025961 0.001078 -0.003032 -0.025961 0.110470 0.008604 -0.015832 0.007051 -0.009620 -0.015832 0.081130 -0.009632 0.027734 0.007051 -0.009632 0.009298 -0.016940 -0.009620 0.027734 -0.016940 0.084612 0.015901 -0.025872 0.001238 -0.001732 -0.025872 0.110212 -0.001732 0.004973 0.001238 -0.001732 0.002016 -0.006946 -0.001732 0.004973 -0.006946 0.055660 0.010245 -0.018428 -0.006602 0.008732 -0.018428 0.089646 0.008687 -0.024187 -0.006602 0.008687 0.008449 -0.016049 0.008732 -0.024187 -0.016049 0.082819 0.006121 -0.014056 0.002688 -0.003140 -0.014056 0.079955 -0.003159 0.007945 0.002688 -0.003159 0.015279 -0.025200 -0.003140 0.007945 -0.025200 0.108602 0.014556 -0.024382 -0.003654 0.004299 -0.024382 0.106439 0.004307 -0.011026 -0.003654 0.004307 0.006816 -0.014784 0.004299 -0.011026 -0.014784 0.081854
0.002780 -0.008661 -0.000746 0.001016 -0.008661 0.062562 0.001013 -0.002901 -0.000746 0.001013 0.015968 -0.025969 0.001016 -0.002901 -0.025969 0.110486 0.008542 -0.015926 0.007042 -0.009607 -0.015926 0.081417 -0.009633 0.027704 0.007042 -0.009633 0.009369 -0.016869 -0.009607 0.027704 -0.016869 0.084413 0.015914 -0.025879 0.001157 -0.001690 -0.025879 0.110220 -0.001693 0.004917 0.001157 -0.001693 0.001990 -0.006955 -0.001690 0.004917 -0.006955 0.055766 0.010184 -0.018423 -0.006607 0.008716 -0.018423 0.089567 0.008688 -0.024171 -0.006607 0.008688 0.008516 -0.016073 0.008716 -0.024171 -0.016073 0.082963 0.006095 -0.014072 0.002711 -0.003243 -0.014072 0.079965 -0.003263 0.008215 0.002711 -0.003263 0.015269 -0.025143 -0.003243 0.008215 -0.025143 0.108461 0.014574 -0.024272 -0.003629 0.004424 -0.024272 0.106267 0.004417 -0.011226 -0.003629 0.004417 0.006827 -0.014893 0.004424 -0.011226 -0.014893 0.081948
0.002764 -0.008641 -0.000741 0.000983 -0.008641 0.062549 0.000973 -0.002770 -0.000741 0.000973 0.015969 -0.025974 0.000983 -0.002770 -0.025974 0.110501 0.008467 -0.015860 0.007037 -0.009598 -0.015860 0.081456 -0.009610 0.027659 0.007037 -0.009610 0.009445 -0.016956 -0.009598 0.027659 -0.016956 0.084463 0.015918 -0.025897 0.001140 -0.001574 -0.025897 0.110256 -0.001593 0.004708 0.001140 -0.001593 0.001972 -0.006923 -0.001574 0.004708 -0.006923 0.055765 0.010181 -0.018354 -0.006616 0.008717 -0.018354 0.089448 0.008693 -0.024160 -0.006616 0.008693 0.008502 -0.016155 0.008717 -0.024160 -0.016155 0.083142 0.006043 -0.014033 0.002683 -0.003278 -0.014033 0.079903 -0.003294 0.008380 0.002683 -0.003294 0.015288 -0.025129 -0.003278 0.008380 -0.025129 0.108377 0.014598 -0.024286 -0.003589 0.004403 -0.024286 0.106187 0.004394 -0.011303 -0.003589 0.004394 0.006888 -0.014920 0.004403 -0.011303 -0.014920 0.082072
0.002745 -0.008613 -0.000748 0.000975 -0.008613 0.062483 0.000965 -0.002708 -0.000748 0.000965 0.015968 -0.025975 0.000975 -0.002708 -0.025975 0.110509 0.008419 -0.015752 0.007035 -0.009600 -0.015752 0.081261 -0.009587 0.027611 0.007035 -0.009587 0.009491 -0.017072 -0.009600 0.027611 -0.017072 0.084726 0.015919 -0.025904 0.001134 -0.001535 -0.025904 0.110287 -0.001559 0.004529 0.001134 -0.001559 0.001962 -0.006886 -0.001535 0.004529 -0.006886 0.055683 0.010249 -0.018342 -0.006616 0.008724 -0.018342 0.089362 0.008707 -0.024173 -0.006616 0.008707 0.008413 -0.016145 0.008724 -0.024173 -0.016145 0.083225 0.006008 -0.013959 0.002591 -0.003251 -0.013959 0.079737 -0.003256 0.008384 0.002591 -0.003256 0.015339 -0.025152 -0.003251 0.008384 -0.025152 0.108387 0.014641 -0.024321 -0.003528 0.004340 -0.024321 0.106237 0.004338 -0.011208 -0.003528 0.004338 0.006920 -0.015004 0.004340 -0.011208 -0.015004 0.082249
0.002748 -0.008576 -0.000778 0.000984 -0.008576 0.062378 0.000980 -0.002709 -0.000778 0.000980 0.015965 -0.025974 0.000984 -0.002709 -0.025974 0.110509 0.008444 -0.015677 0.007038 -0.009603 -0.015677 0.081031 -0.009576 0.027581 0.007038 -0.009576 0.009464 -0.017145 -0.009603 0.027581 -0.017145 0.084985 0.015912 -0.025905 0.001174 -0.001532 -0.025905 0.110300 -0.001550 0.004457 0.001174 -0.001550 0.001967 -0.006860 -0.001532 0.004457 -0.006860 0.055580 0.010353 -0.018425 -0.006605 0.008721 -0.018425 0.089460 0.008722 -0.024196 -0.006605 0.008722 0.008296 -0.016024 0.008721 -0.024196 -0.016024 0.083045 0.005946 -0.013909 0.002530 -0.003145 -0.013909 0.079571 -0.003137 0.008200 0.002530 -0.003137 0.015374 -0.025214 -0.003145 0.008200 -0.025214 0.108496 0.014626 -0.024377 -0.003538 0.004253 -0.024377 0.106358 0.004257 -0.011015 -0.003538 0.004257 0.006970 -0.015068 0.004253 -0.011015 -0.015068 0.082459
0.002767 -0.008568 -0.000732 0.001020 -0.008568 0.062298 0.001022 -0.002779 -0.000732 0.001022 0.015970 -0.025969 0.001020 -0.002779 -0.025969 0.110501 0.008543 -0.015703 0.007046 -0.009602 -0.015703 0.080969 -0.009584 0.027576 0.007046 -0.009584 0.009360 -0.017116 -0.009602 0.027576 -0.017116 0.085050 0.015906 -0.025896 0.001209 -0.001593 -0.025896 0.110290 -0.001597 0.004523 0.001209 -0.001597 0.001976 -0.006857 -0.001593 0.004523 -0.006857 0.055513 0.010447 -0.018562 -0.006596 0.008703 -0.018562 0.089738 0.008726 -0.024204 -0.006596 0.008726 0.008189 -0.015856 0.008703 -0.024204 -0.015856 0.082655 0.005881 -0.013834 0.002450 -0.003070 -0.013834 0.079396 -0.003054 0.007978 0.002450 -0.003054 0.015417 -0.025260 -0.003070 0.007978 -0.025260 0.108623 0.014604 -0.024365 -0.003550 0.004254 -0.024365 0.106401 0.004256 -0.010916 -0.003550 0.004256 0.007048 -0.015144 0.004254 -0.010916 -0.015144 0.082685
0.002763 -0.008594 -0.000605 0.000970 -0.008594 0.062305 0.000969 -0.002742 -0.000605 0.000969 0.015981 -0.025975 0.000970 -0.002742 -0.025975 0.110505 0.008588 -0.015835 0.007054 -0.009601 -0.015835 0.081178 -0.009611 0.027598 0.007054 -0.009611 0.009306 -0.016975 -0.009601 0.027598 -0.016975 0.084823 0.015901 -0.025887 0.001242 -0.001653 -0.025887 0.110267 -0.001644 0.004660 0.001242 -0.001644 0.001979 -0.006867 -0.001653 0.004660 -0.006867 0.055498 0.010521 -0.018688 -0.006593 0.008687 -0.018688 0.090073 0.008726 -0.024200 -0.006593 0.008726 0.008091 -0.015702 0.008687 -0.024200 -0.015702 0.082210 0.005851 -0.013748 0.002376 -0.002978 -0.013748 0.079182 -0.002958 0.007752 0.002376 -0.002958 0.015454 -0.025311 -0.002978 0.007752 -0.025311 0.108750 0.014570 -0.024338 -0.003579 0.004270 -0.024338 0.106364 0.004267 -0.010910 -0.003579 0.004267 0.007119 -0.015251 0.004270 -0.010910 -0.015251 0.082956
0.002782 -0.008602 -0.000529 0.000815 -0.008602 0.062348 0.000794 -0.002445 -0.000529 0.000794 0.015989 -0.025990 0.000815 -0.002445 -0.025990 0.110534 0.008531 -0.015910 0.007054 -0.009607 -0.015910 0.081431 -0.009634 0.027637 0.007054 -0.009634 0.009358 -0.016882 -0.009607 0.027637 -0.016882 0.084527 0.015901 -0.025879 0.001239 -0.001705 -0.025879 0.110243 -0.001689 0.004803 0.001239 -0.001689 0.001972 -0.006873 -0.001705 0.004803 -0.006873 0.055506 0.010517 -0.018784 -0.006603 0.008686 -0.018784 0.090364 0.008729 -0.024207 -0.006603 0.008729 0.008075 -0.015562 0.008686 -0.024207 -0.015562 0.081787 0.005862 -0.013706 0.002387 -0.002889 -0.013706 0.079017 -0.002868 0.007522 0.002387 -0.002868 0.015448 -0.025356 -0.002889 0.007522 -0.025356 0.108871 0.014588 -0.024298 -0.003556 0.004303 -0.024298 0.106285 0.004294 -0.010953 -0.003556 0.004294 0.007120 -0.015351 0.004303 -0.010953 -0.015351 0.083243
0.002791 -0.008637 -0.000591 0.000708 -0.008637 0.062434 0.000674 -0.002096 -0.000591 0.000674 0.015983 -0.026001 0.000708 -0.002096 -0.026001 0.110567 0.008489 -0.015841 0.007054 -0.009617 -0.015841 0.081425 -0.009632 0.027668 0.007054 -0.009632 0.009395 -0.016937 -0.009617 0.027668 -0.016937 0.084474 0.015905 -0.025878 0.001217 -0.001705 -0.025878 0.110231 -0.001691 0.004871 0.001217 -0.001691 0.001969 -0.006863 -0.001705 0.004871 -0.006863 0.055492 0.010528 -0.018778 -0.006603 0.008710 -0.018778 0.090468 0.008743 -0.024253 -0.006603 0.008743 0.008058 -0.015526 0.008710 -0.024253 -0.015526 0.081531 0.005808 -0.013720 0.002320 -0.002895 -0.013720 0.078981 -0.002882 0.007441 0.002320 -0.002882 0.015482 -0.025351 -0.002895 0.007441 -0.025351 0.108913 0.014583 -0.024319 -0.003550 0.004273 -0.024319 0.106280 0.004268 -0.010930 -0.003550 0.004268 0.007180 -0.015362 0.004273 -0.010930 -0.015362 0.083390
0.002782 -0.008662 -0.000632 0.000769 -0.008662 0.062539 0.000750 -0.002052 -0.000632 0.000750 0.015980 -0.025995 0.000769 -0.002052 -0.025995 0.110572 0.008430 -0.015769 0.007052 -0.009629 -0.015769 0.081254 -0.009625 0.027689 0.007052 -0.009625 0.009450 -0.016996 -0.009629 0.027689 -0.016996 0.084588 0.015912 -0.025884 0.001178 -0.001669 -0.025884 0.110237 -0.001665 0.004838 0.001178 -0.001665 0.001959 -0.006854 -0.001669 0.004838 -0.006854 0.055460 0.010571 -0.018780 -0.006591 0.008725 -0.018780 0.090473 0.008745 -0.024303 -0.006591 0.008745 0.008024 -0.015503 0.008725 -0.024303 -0.015503 0.081403 0.005755 -0.013659 0.002281 -0.002821 -0.013659 0.078894 -0.002809 0.007324 0.002281 -0.002809 0.015502 -0.025387 -0.002821 0.007324 -0.025387 0.108970 0.014585 -0.024318 -0.003546 0.004258 -0.024318 0.106293 0.004256 -0.010882 -0.003546 0.004256 0.007193 -0.015438 0.004258 -0.010882 -0.015438 0.083549
0.002757 -0.008654 -0.000617 0.000826 -0.008654 0.062581 0.000827 -0.002194 -0.000617 0.000827 0.015982 -0.025989 0.000826 -0.002194 -0.025989 0.110559 0.008395 -0.015682 0.007053 -0.009636 -0.015682 0.081025 -0.009617 0.027701 0.007053 -0.009617 0.009478 -0.017072 -0.009636 0.027701 -0.017072 0.084767 0.015917 -0.025894 0.001144 -0.001607 -0.025894 0.110257 -0.001615 0.004723 0.001144 -0.001615 0.001946 -0.006839 -0.001607 0.004723 -0.006839 0.055419 0.010611 -0.018830 -0.006584 0.008714 -0.018830 0.090545 0.008730 -0.024308 -0.006584 0.008730 0.007980 -0.015461 0.008714 -0.024308 -0.015461 0.081286 0.005745 -0.013585 0.002310 -0.002772 -0.013585 0.078722 -0.002759 0.007184 0.002310 -0.002759 0.015490 -0.025414 -0.002772 0.007184 -0.025414 0.109043 0.014657 -0.024320 -0.003459 0.004249 -0.024320 0.106301 0.004247 -0.010845 -0.003459 0.004247 0.007160 -0.015466 0.004249 -0.010845 -0.015466 0.083684
0.002723 -0.008613 -0.000523 0.000813 -0.008613 0.062517 0.000818 -0.002253 -0.000523 0.000818 0.015989 -0.025990 0.000813 -0.002253 -0.025990 0.110555 0.008404 -0.015627 0.007055 -0.009641 -0.015627 0.080823 -0.009617 0.027714 0.007055 -0.009617 0.009468 -0.017115 -0.009641 0.027714 -0.017115 0.084921 0.015922 -0.025902 0.001118 -0.001554 -0.025902 0.110281 -0.001570 0.004582 0.001118 -0.001570 0.001943 -0.006818 -0.001554 0.004582 -0.006818 0.055361 0.010602 -0.018886 -0.006585 0.008702 -0.018886 0.090679 0.008720 -0.024285 -0.006585 0.008720 0.007993 -0.015405 0.008702 -0.024285 -0.015405 0.081145 0.005798 -0.013561 0.002344 -0.002804 -0.013561 0.078593 -0.002796 0.007184 0.002344 -0.002796 0.015472 -0.025400 -0.002804 0.007184 -0.025400 0.109051 0.014684 -0.024406 -0.003431 0.004141 -0.024406 0.106435 0.004148 -0.010673 -0.003431 0.004148 0.007129 -0.015434 0.004141 -0.010673 -0.015434 0.083690
0.002724 -0.008552 -0.000463 0.000702 -0.008552 0.062362 0.000692 -0.002076 -0.000463 0.000692 0.015994 -0.026000 0.000702 -0.002076 -0.026000 0.110570 0.008431 -0.015632 0.007058 -0.009642 -0.015632 0.080741 -0.009626 0.027731 0.007058 -0.009626 0.009438 -0.017102 -0.009642 0.027731 -0.017102 0.084959 0.015913 -0.025908 0.001167 -0.001515 -0.025908 0.110302 -0.001533 0.004459 0.001167 -0.001533 0.001961 -0.006809 -0.001515 0.004459 -0.006809 0.055311 0.010570 -0.018880 -0.006588 0.008704 -0.018880 0.090734 0.008717 -0.024273 -0.006588 0.008717 0.008031 -0.015416 0.008704 -0.024273 -0.015416 0.081094 0.005786 -0.013624 0.002202 -0.002845 -0.013624 0.078640 -0.002846 0.007277 0.002202 -0.002846 0.015533 -0.025376 -0.002845 0.007277 -0.025376 0.109006 0.014746 -0.024445 -0.003364 0.004097 -0.024445 0.106573 0.004108 -0.010510 -0.003364 0.004108 0.007053 -0.015399 0.004097 -0.010510 -0.015399 0.083630
0.002758 -0.008538 -0.000393 0.000620 -0.008538 0.062238 0.000597 -0.001823 -0.000393 0.000597 0.015999 -0.026007 0.000620 -0.001823 -0.026007 0.110591 0.008436 -0.015671 0.007061 -0.009641 -0.015671 0.080782 -0.009638 0.027752 0.007061 -0.009638 0.009428 -0.017057 -0.009641 0.027752 -0.017057 0.084884 0.015918 -0.025898 0.001136 -0.001580 -0.025898 0.110295 -0.001586 0.004497 0.001136 -0.001586 0.001961 -0.006832 -0.001580 0.004497 -0.006832 0.055325 0.010622 -0.018837 -0.006582 0.008714 -0.018837 0.090677 0.008714 -0.024274 -0.006582 0.008714 0.007970 -0.015470 0.008714 -0.024274 -0.015470 0.081176 0.005743 -0.013628 0.002054 -0.002683 -0.013628 0.078705 -0.002675 0.007072 0.002054 -0.002675 0.015597 -0.025446 -0.002683 0.007072 -0.025446 0.109090 0.014617 -0.024517 -0.003491 0.004018 -0.024517 0.106727 0.004032 -0.010340 -0.003491 0.004032 0.007211 -0.015307 0.004018 -0.010340 -0.015307 0.083465
0.002797 -0.008586 -0.000330 0.000529 -0.008586 0.062269 0.000500 -0.001569 -0.000330 0.000500 0.016002 -0.026014 0.000529 -0.001569 -0.026014 0.110609 0.008504 -0.015683 0.007067 -0.009644 -0.015683 0.080834 -0.009648 0.027775 0.007067 -0.009648 0.009357 -0.017035 -0.009644 0.027775 -0.017035 0.084798 0.015911 -0.025902 0.001180 -0.001556 -0.025902 0.110293 -0.001558 0.004507 0.001180 -0.001558 0.001967 -0.006842 -0.001556 0.004507 -0.006842 0.055367 0.010656 -0.018896 -0.006579 0.008704 -0.018896 0.090727 0.008708 -0.024262 -0.006579 0.008708 0.007927 -0.015402 0.008704 -0.024262 -0.015402 0.081130 0.005713 -0.013589 0.001992 -0.002499 -0.013589 0.078682 -0.002475 0.006636 0.001992 -0.002475 0.015624 -0.025529 -0.002499 0.006636 -0.025529 0.109275 0.014483 -0.024370 -0.003625 0.004172 -0.024370 0.106579 0.004169 -0.010481 -0.003625 0.004169 0.007371 -0.015488 0.004172 -0.010481 -0.015488 0.083649
0.002820 -0.008663 -0.000359 0.000445 -0.008663 0.062450 0.000415 -0.001324 -0.000359 0.000415 0.016000 -0.026018 0.000445 -0.001324 -0.026018 0.110624 0.008557 -0.015767 0.007070 -0.009648 -0.015767 0.080978 -0.009663 0.027802 0.007070 -0.009663 0.009303 -0.016944 -0.009648 0.027802 -0.016944 0.084618 0.015914 -0.025894 0.001162 -0.001608 -0.025894 0.110283 -0.001604 0.004565 0.001162 -0.001604 0.001948 -0.006854 -0.001608 0.004565 -0.006854 0.055412 0.010688 -0.018945 -0.006577 0.008697 -0.018945 0.090853 0.008709 -0.024251 -0.006577 0.008709 0.007884 -0.015336 0.008697 -0.024251 -0.015336 0.080970 0.005681 -0.013554 0.002019 -0.002417 -0.013554 0.078615 -0.002391 0.006311 0.002019 -0.002391 0.015615 -0.025565 -0.002417 0.006311 -0.025565 0.109414 0.014365 -0.024201 -0.003747 0.004350 -0.024201 0.106211 0.004325 -0.010844 -0.003747 0.004325 0.007465 -0.015699 0.004350 -0.010844 -0.015699 0.084119
0.002822 -0.008721 -0.000425 0.000469 -0.008721 0.062675 0.000451 -0.001260 -0.000425 0.000451 0.015996 -0.026016 0.000469 -0.001260 -0.026016 0.110627 0.008532 -0.015845 0.007070 -0.009649 -0.015845 0.081187 -0.009675 0.027829 0.007070 -0.009675 0.009326 -0.016862 -0.009649 0.027829 -0.016862 0.084383 0.015909 -0.025897 0.001196 -0.001593 -0.025897 0.110279 -0.001589 0.004590 0.001196 -0.001589 0.001929 -0.006828 -0.001593 0.004590 -0.006828 0.055395 0.010670 -0.018987 -0.006581 0.008695 -0.018987 0.090972 0.008711 -0.024252 -0.006581 0.008711 0.007899 -0.015272 0.008695 -0.024252 -0.015272 0.080788 0.005752 -0.013510 0.002116 -0.002447 -0.013510 0.078517 -0.002432 0.006256 0.002116 -0.002432 0.015573 -0.025553 -0.002447 0.006256 -0.025553 0.109443 0.014360 -0.024056 -0.003766 0.004503 -0.024056 0.105827 0.004469 -0.011229 -0.003766 0.004469 0.007412 -0.015818 0.004503 -0.011229 -0.015818 0.084516
0.002808 -0.008739 -0.000482 0.000549 -0.008739 0.062827 0.000551 -0.001406 -0.000482 0.000551 0.015993 -0.026011 0.000549 -0.001406 -0.026011 0.110619 0.008536 -0.015820 0.007068 -0.009654 -0.015820 0.081247 -0.009672 0.027844 0.007068 -0.009672 0.009326 -0.016882 -0.009654 0.027844 -0.016882 0.084302 0.015909 -0.025890 0.001195 -0.001634 -0.025890 0.110271 -0.001628 0.004646 0.001195 -0.001628 0.001904 -0.006788 -0.001634 0.004646 -0.006788 0.055295 0.010674 -0.018965 -0.006577 0.008707 -0.018965 0.090987 0.008718 -0.024273 -0.006577 0.008718 0.007904 -0.015283 0.008707 -0.024273 -0.015283 0.080714 0.005840 -0.013588 0.002222 -0.002560 -0.013588 0.078579 -0.002563 0.006456 0.002222 -0.002563 0.015524 -0.025500 -0.002560 0.006456 -0.025500 0.109359 0.014415 -0.024045 -0.003732 0.004527 -0.024045 0.105654 0.004504 -0.011432 -0.003732 0.004504 0.007272 -0.015747 0.004527 -0.011432 -0.015747 0.084545
0.002778 -0.008719 -0.000570 0.000624 -0.008719 0.062856 0.000640 -0.001623 -0.000570 0.000640 0.015986 -0.026006 0.000624 -0.001623 -0.026006 0.110605 0.008499 -0.015817 0.007061 -0.009656 -0.015817 0.081234 -0.009664 0.027845 0.007061 -0.009664 0.009372 -0.016891 -0.009656 0.027845 -0.016891 0.084313 0.015920 -0.025890 0.001126 -0.001641 -0.025890 0.110263 -0.001635 0.004701 0.001126 -0.001635 0.001874 -0.006733 -0.001641 0.004701 -0.006733 0.055125 0.010570 -0.018964 -0.006586 0.008707 -0.018964 0.090968 0.008711 -0.024283 -0.006586 0.008711 0.008033 -0.015293 0.008707 -0.024283 -0.015293 0.080718 0.005931 -0.013707 0.002338 -0.002685 -0.013707 0.078823 -0.002703 0.006766 0.002338 -0.002703 0.015467 -0.025439 -0.002685 0.006766 -0.025439 0.109219 0.014435 -0.024112 -0.003738 0.004481 -0.024112 0.105715 0.004477 -0.011437 -0.003738 0.004477 0.007141 -0.015556 0.004481 -0.011437 -0.015556 0.084195
0.002731 -0.008665 -0.000594 0.000734 -0.008665 0.062757 0.000760 -0.001898 -0.000594 0.000760 0.015984 -0.025996 0.000734 -0.001898 -0.025996 0.110585 0.008449 -0.015770 0.007054 -0.009651 -0.015770 0.081158 -0.009647 0.027825 0.007054 -0.009647 0.009429 -0.016953 -0.009651 0.027825 -0.016953 0.084417 0.015927 -0.025904 0.001085 -0.001548 -0.025904 0.110282 -0.001556 0.004589 0.001085 -0.001556 0.001853 -0.006669 -0.001548 0.004589 -0.006669 0.054903 0.010470 -0.018839 -0.006596 0.008723 -0.018839 0.090774 0.008709 -0.024291 -0.006596 0.008709 0.008155 -0.015460 0.008723 -0.024291 -0.015460 0.080983 0.005957 -0.013832 0.002476 -0.002820 -0.013832 0.079146 -0.002847 0.007109 0.002476 -0.002847 0.015399 -0.025370 -0.002820 0.007109 -0.025370 0.109053 0.014467 -0.024137 -0.003724 0.004488 -0.024137 0.105799 0.004495 -0.011448 -0.003724 0.004495 0.007028 -0.015365 0.004488 -0.011448 -0.015365 0.083695
0.002714 -0.008578 -0.000666 0.000776 -0.008578 0.062532 0.000801 -0.002097 -0.000666 0.000801 0.015977 -0.025993 0.000776 -0.002097 -0.025993 0.110569 0.008410 -0.015703 0.007048 -0.009643 -0.015703 0.081010 -0.009627 0.027787 0.007048 -0.009627 0.009475 -0.017037 -0.009643 0.027787 -0.017037 0.084620 0.015928 -0.025915 0.001082 -0.001476 -0.025915 0.110314 -0.001496 0.004405 0.001082 -0.001496 0.001843 -0.006619 -0.001476 0.004405 -0.006619 0.054683 0.010347 -0.018705 -0.006609 0.008738 -0.018705 0.090451 0.008704 -0.024295 -0.006609 0.008704 0.008295 -0.015642 0.008738 -0.024295 -0.015642 0.081447 0.005903 -0.013869 0.002432 -0.002984 -0.013869 0.079352 -0.003016 0.007502 0.002432 -0.003016 0.015423 -0.025287 -0.002984 0.007502 -0.025287 0.108859 0.014509 -0.024169 -0.003672 0.004481 -0.024169 0.105869 0.004493 -0.011471 -0.003672 0.004493 0.007025 -0.015200 0.004481 -0.011471 -0.015200 0.083198
0.002735 -0.008523 -0.000681 0.000865 -0.008523 0.062289 0.000890 -0.002303 -0.000681 0.000890 0.015975 -0.025985 0.000865 -0.002303 -0.025985 0.110551 0.008381 -0.015649 0.007046 -0.009634 -0.015649 0.080854 -0.009611 0.027742 0.007046 -0.009611 0.009503 -0.017108 -0.009634 0.027742 -0.017108 0.084841 0.015922 -0.025917 0.001119 -0.001468 -0.025917 0.110331 -0.001487 0.004307 0.001119 -0.001487 0.001861 -0.006590 -0.001468 0.004307 -0.006590 0.054512 0.010300 -0.018546 -0.006615 0.008756 -0.018546 0.090063 0.008707 -0.024299 -0.006615 0.008707 0.008347 -0.015839 0.008756 -0.024299 -0.015839 0.081988 0.005853 -0.013794 0.002386 -0.002948 -0.013794 0.079290 -0.002966 0.007612 0.002386 -0.002966 0.015449 -0.025312 -0.002948 0.007612 -0.025312 0.108810 0.014487 -0.024219 -0.003686 0.004424 -0.024219 0.105969 0.004437 -0.011402 -0.003686 0.004437 0.007093 -0.015183 0.004424 -0.011402 -0.015183 0.082949
0.002759 -0.008537 -0.000652 0.000893 -0.008537 0.062179 0.000915 -0.002448 -0.000652 0.000915 0.015978 -0.025982 0.000893 -0.002448 -0.025982 0.110537 0.008392 -0.015611 0.007049 -0.009629 -0.015611 0.080731 -0.009605 0.027707 0.007049 -0.009605 0.009489 -0.017151 -0.009629 0.027707 -0.017151 0.085013 0.015905 -0.025909 0.001216 -0.001525 -0.025909 0.110323 -0.001530 0.004359 0.001216 -0.001530 0.001895 -0.006606 -0.001525 0.004359 -0.006606 0.054449 0.010280 -0.018478 -0.006620 0.008758 -0.018478 0.089782 0.008711 -0.024298 -0.006620 0.008711 0.008363 -0.015925 0.008758 -0.024298 -0.015925 0.082381 0.005895 -0.013718 0.002408 -0.002894 -0.013718 0.079100 -0.002895 0.007511 0.002408 -0.002895 0.015437 -0.025347 -0.002894 0.007511 -0.025347 0.108870 0.014491 -0.024196 -0.003672 0.004436 -0.024196 0.105983 0.004441 -0.011367 -0.003672 0.004441 0.007138 -0.015277 0.004436 -0.011367 -0.015277 0.083037
0.002761 -0.008579 -0.000648 0.000861 -0.008579 0.062222 0.000871 -0.002438 -0.000648 0.000871 0.015979 -0.025986 0.000861 -0.002438 -0.025986 0.110538 0.008343 -0.015622 0.007044 -0.009628 -0.015622 0.080698 -0.009613 0.027696 0.007044 -0.009613 0.009539 -0.017136 -0.009628 0.027696 -0.017136 0.085060 0.015894 -0.025886 0.001280 -0.001669 -0.025886 0.110280 -0.001650 0.004612 0.001280 -0.001650 0.001927 -0.006662 -0.001669 0.004612 -0.006662 0.054527 0.010260 -0.018455 -0.006619 0.008756 -0.018455 0.089651 0.008723 -0.024298 -0.006619 0.008723 0.008391 -0.015945 0.008756 -0.024298 -0.015945 0.082560 0.005933 -0.013762 0.002427 -0.002916 -0.013762 0.079072 -0.002915 0.007488 0.002427 -0.002915 0.015426 -0.025335 -0.002916 0.007488 -0.025335 0.108884 0.014514 -0.024200 -0.003644 0.004419 -0.024200 0.105978 0.004419 -0.011330 -0.003644 0.004419 0.007137 -0.015353 0.004419 -0.011330 -0.015353 0.083243
0.002736 -0.008598 -0.000660 0.000852 -0.008598 0.062306 0.000854 -0.002388 -0.000660 0.000854 0.015978 -0.025987 0.000852 -0.002388 -0.025987 0.110543 0.008390 -0.015565 0.007046 -0.009623 -0.015565 0.080613 -0.009609 0.027689 0.007046 -0.009609 0.009494 -0.017191 -0.009623 0.027689 -0.017191 0.085145 0.015884 -0.025869 0.001331 -0.001776 -0.025869 0.110228 -0.001740 0.004914 0.001331 -0.001740 0.001966 -0.006724 -0.001776 0.004914 -0.006724 0.054701 0.010247 -0.018434 -0.006612 0.008749 -0.018434 0.089580 0.008727 -0.024296 -0.006612 0.008727 0.008425 -0.015976 0.008749 -0.024296 -0.015976 0.082659 0.005926 -0.013820 0.002445 -0.002938 -0.013820 0.079190 -0.002941 0.007533 0.002445 -0.002941 0.015418 -0.025321 -0.002938 0.007533 -0.025321 0.108857 0.014527 -0.024229 -0.003650 0.004380 -0.024229 0.106028 0.004381 -0.011245 -0.003650 0.004381 0.007029 -0.015364 0.004380 -0.011245 -0.015364 0.083364
0.002726 -0.008568 -0.000643 0.000866 -0.008568 0.062303 0.000867 -0.002389 -0.000643 0.000867 0.015979 -0.025986 0.000866 -0.002389 -0.025986 0.110543 0.008481 -0.015616 0.007054 -0.009621 -0.015616 0.080631 -0.009616 0.027689 0.007054 -0.009616 0.009400 -0.017143 -0.009621 0.027689 -0.017143 0.085129 0.015881 -0.025855 0.001348 -0.001848 -0.025855 0.110183 -0.001809 0.005156 0.001348 -0.001809 0.001987 -0.006800 -0.001848 0.005156 -0.006800 0.054937 0.010286 -0.018421 -0.006601 0.008733 -0.018421 0.089536 0.008717 -0.024271 -0.006601 0.008717 0.008399 -0.016022 0.008733 -0.024271 -0.016022 0.082775 0.005887 -0.013819 0.002452 -0.002959 -0.013819 0.079256 -0.002964 0.007587 0.002452 -0.002964 0.015417 -0.025311 -0.002959 0.007587 -0.025311 0.108828 0.014576 -0.024245 -0.003606 0.004386 -0.024245 0.106080 0.004391 -0.011216 -0.003606 0.004391 0.006942 -0.015230 0.004386 -0.011216 -0.015230 0.083199
0.002693 -0.008542 -0.000525 0.000849 -0.008542 0.062232 0.000848 -0.002372 -0.000525 0.000848 0.015988 -0.025988 0.000849 -0.002372 -0.025988 0.110545 0.008575 -0.015742 0.007063 -0.009621 -0.015742 0.080868 -0.009637 0.027706 0.007063 -0.009637 0.009301 -0.017014 -0.009621 0.027706 -0.017014 0.084892 0.015892 -0.025850 0.001288 -0.001869 -0.025850 0.110157 -0.001837 0.005291 0.001288 -0.001837 0.001986 -0.006854 -0.001869 0.005291 -0.006854 0.055179 0.010283 -0.018474 -0.006599 0.008708 -0.018474 0.089606 0.008703 -0.024218 -0.006599 0.008703 0.008406 -0.015998 0.008708 -0.024218 -0.015998 0.082805 0.005855 -0.013765 0.002362 -0.002971 -0.013765 0.079183 -0.002974 0.007627 0.002362 -0.002974 0.015460 -0.025309 -0.002971 0.007627 -0.025309 0.108813 0.014554 -0.024300 -0.003623 0.004341 -0.024300 0.106177 0.004351 -0.011161 -0.003623 0.004351 0.006994 -0.015100 0.004341 -0.011161 -0.015100 0.082868
0.002697 -0.008489 -0.000467 0.000710 -0.008489 0.062102 0.000692 -0.002131 -0.000467 0.000692 0.015993 -0.025999 0.000710 -0.002131 -0.025999 0.110565 0.008607 -0.015877 0.007067 -0.009623 -0.015877 0.081218 -0.009661 0.027739 0.007067 -0.009661 0.009264 -0.016870 -0.009623 0.027739 -0.016870 0.084524 0.015898 -0.025864 0.001253 -0.001778 -0.025864 0.110169 -0.001768 0.005210 0.001253 -0.001768 0.001981 -0.006872 -0.001778 0.005210 -0.006872 0.055347 0.010321 -0.018482 -0.006600 0.008698 -0.018482 0.089679 0.008698 -0.024172 -0.006600 0.008698 0.008355 -0.016005 0.008698 -0.024172 -0.016005 0.082815 0.005849 -0.013717 0.002325 -0.002871 -0.013717 0.079051 -0.002864 0.007487 0.002325 -0.002864 0.015478 -0.025360 -0.002871 0.007487 -0.025360 0.108886 0.014514 -0.024277 -0.003653 0.004362 -0.024277 0.106191 0.004368 -0.011161 -0.003653 0.004368 0.007092 -0.015150 0.004362 -0.011161 -0.015150 0.082785
0.002709 -0.008482 -0.000422 0.000626 -0.008482 0.062007 0.000597 -0.001844 -0.000422 0.000597 0.015997 -0.026007 0.000626 -0.001844 -0.026007 0.110589 0.008664 -0.015931 0.007074 -0.009630 -0.015931 0.081470 -0.009670 0.027771 0.007074 -0.009670 0.009199 -0.016807 -0.009630 0.027771 -0.016807 0.084241 0.015894 -0.025876 0.001277 -0.001708 -0.025876 0.110201 -0.001717 0.005038 0.001277 -0.001717 0.001981 -0.006874 -0.001708 0.005038 -0.006874 0.055437 0.010425 -0.018528 -0.006594 0.008695 -0.018528 0.089774 0.008701 -0.024151 -0.006594 0.008701 0.008223 -0.015943 0.008695 -0.024151 -0.015943 0.082735 0.005893 -0.013709 0.002292 -0.002821 -0.013709 0.078984 -0.002810 0.007317 0.002292 -0.002810 0.015491 -0.025385 -0.002821 0.007317 -0.025385 0.108969 0.014472 -0.024227 -0.003684 0.004401 -0.024227 0.106104 0.004396 -0.011222 -0.003684 0.004396 0.007190 -0.015285 0.004401 -0.011222 -0.015285 0.083009
0.002690 -0.008501 -0.000427 0.000564 -0.008501 0.062005 0.000536 -0.001631 -0.000427 0.000536 0.015997 -0.026012 0.000564 -0.001631 -0.026012 0.110606 0.008662 -0.015999 0.007076 -0.009643 -0.015999 0.081662 -0.009680 0.027806 0.007076 -0.009680 0.009196 -0.016721 -0.009643 0.027806 -0.016721 0.083999 0.015893 -0.025872 0.001286 -0.001732 -0.025872 0.110210 -0.001739 0.004990 0.001286 -0.001739 0.001965 -0.006875 -0.001732 0.004990 -0.006875 0.055479 0.010599 -0.018658 -0.006570 0.008684 -0.018658 0.090021 0.008708 -0.024148 -0.006570 0.008708 0.008026 -0.015767 0.008684 -0.024148 -0.015767 0.082404 0.005919 -0.013773 0.002218 -0.002778 -0.013773 0.079071 -0.002768 0.007191 0.002218 -0.002768 0.015523 -0.025401 -0.002778 0.007191 -0.025401 0.109024 0.014415 -0.024177 -0.003722 0.004436 -0.024177 0.105987 0.004425 -0.011294 -0.003722 0.004425 0.007322 -0.015424 0.004436 -0.011294 -0.015424 0.083362
0.002683 -0.008482 -0.000417 0.000564 -0.008482 0.061995 0.000545 -0.001553 -0.000417 0.000545 0.015997 -0.026011 0.000564 -0.001553 -0.026011 0.110611 0.008606 -0.015998 0.007078 -0.009655 -0.015998 0.081744 -0.009683 0.027840 0.007078 -0.009683 0.009244 -0.016708 -0.009655 0.027840 -0.016708 0.083858 0.015892 -0.025868 0.001290 -0.001754 -0.025868 0.110203 -0.001755 0.005026 0.001290 -0.001755 0.001962 -0.006849 -0.001754 0.005026 -0.006849 0.055452 0.010782 -0.018882 -0.006536 0.008649 -0.018882 0.090494 0.008698 -0.024124 -0.006536 0.008698 0.007834 -0.015496 0.008649 -0.024124 -0.015496 0.081788 0.005915 -0.013825 0.002169 -0.002688 -0.013825 0.079229 -0.002676 0.007001 0.002169 -0.002676 0.015544 -0.025439 -0.002688 0.007001 -0.025439 0.109101 0.014375 -0.024112 -0.003759 0.004478 -0.024112 0.105842 0.004462 -0.011374 -0.003759 0.004462 0.007364 -0.015601 0.004478 -0.011374 -0.015601 0.083801
0.002682 -0.008465 -0.000370 0.000553 -0.008465 0.061947 0.000542 -0.001531 -0.000370 0.000542 0.016000 -0.026012 0.000553 -0.001531 -0.026012 0.110613 0.008692 -0.015920 0.007083 -0.009671 -0.015920 0.081632 -0.009678 0.027867 0.007083 -0.009678 0.009152 -0.016770 -0.009671 0.027867 -0.016770 0.083908 0.015886 -0.025867 0.001321 -0.001764 -0.025867 0.110198 -0.001762 0.005063 0.001321 -0.001762 0.001966 -0.006832 -0.001764 0.005063 -0.006832 0.055388 0.010828 -0.019126 -0.006528 0.008599 -0.019126 0.091107 0.008670 -0.024058 -0.006528 0.008670 0.007786 -0.015225 0.008599 -0.024058 -0.015225 0.081043 0.005920 -0.013835 0.002136 -0.002623 -0.013835 0.079332 -0.002610 0.006806 0.002136 -0.002610 0.015558 -0.025467 -0.002623 0.006806 -0.025467 0.109182 0.014359 -0.024066 -0.003772 0.004518 -0.024066 0.105713 0.004501 -0.011460 -0.003772 0.004501 0.007395 -0.015669 0.004518 -0.011460 -0.015669 0.084116
0.002688 -0.008460 -0.000327 0.000496 -0.008460 0.061908 0.000484 -0.001434 -0.000327 0.000484 0.016002 -0.026015 0.000496 -0.001434 -0.026015 0.110619 0.008703 -0.016012 0.007086 -0.009679 -0.016012 0.081684 -0.009689 0.027899 0.007086 -0.009689 0.009137 -0.016665 -0.009679 0.027899 -0.016665 0.083794 0.015888 -0.025859 0.001312 -0.001807 -0.025859 0.110183 -0.001800 0.005141 0.001312 -0.001800 0.001960 -0.006831 -0.001807 0.005141 -0.006831 0.055343 0.010871 -0.019199 -0.006522 0.008591 -0.019199 0.091503 0.008656 -0.024012 -0.006522 0.008656 0.007733 -0.015139 0.008591 -0.024012 -0.015139 0.080559 0.005905 -0.013846 0.002072 -0.002582 -0.013846 0.079389 -0.002570 0.006667 0.002072 -0.002570 0.015585 -0.025484 -0.002582 0.006667 -0.025484 0.109240 0.014360 -0.024046 -0.003771 0.004531 -0.024046 0.105635 0.004518 -0.011516 -0.003771 0.004518 0.007395 -0.015705 0.004531 -0.011516 -0.015705 0.084278
0.002682 -0.008468 -0.000346 0.000439 -0.008468 0.061905 0.000423 -0.001284 -0.000346 0.000423 0.016001 -0.026018 0.000439 -0.001284 -0.026018 0.110627 0.008660 -0.016040 0.007086 -0.009683 -0.016040 0.081800 -0.009699 0.027931 0.007086 -0.009699 0.009178 -0.016626 -0.009683 0.027931 -0.016626 0.083626 0.015892 -0.025861 0.001289 -0.001801 -0.025861 0.110177 -0.001795 0.005179 0.001289 -0.001795 0.001945 -0.006821 -0.001801 0.005179 -0.006821 0.055305 0.010880 -0.019246 -0.006522 0.008596 -0.019246 0.091696 0.008642 -0.023996 -0.006522 0.008642 0.007718 -0.015075 0.008596 -0.023996 -0.015075 0.080296 0.005915 -0.013833 0.002104 -0.002506 -0.013833 0.079398 -0.002494 0.006502 0.002104 -0.002494 0.015571 -0.025516 -0.002506 0.006502 -0.025516 0.109308 0.014304 -0.024048 -0.003820 0.004526 -0.024048 0.105614 0.004518 -0.011528 -0.003820 0.004518 0.007455 -0.015704 0.004526 -0.011528 -0.015704 0.084332
0.002677 -0.008463 -0.000354 0.000455 -0.008463 0.061906 0.000444 -0.001241 -0.000354 0.000444 0.016001 -0.026017 0.000455 -0.001241 -0.026017 0.110629 0.008583 -0.015985 0.007085 -0.009690 -0.015985 0.081754 -0.009696 0.027953 0.007085 -0.009696 0.009252 -0.016673 -0.009690 0.027953 -0.016673 0.083629 0.015902 -0.025867 0.001233 -0.001765 -0.025867 0.110186 -0.001766 0.005134 0.001233 -0.001766 0.001917 -0.006795 -0.001765 0.005134 -0.006795 0.055239 0.010879 -0.019254 -0.006525 0.008608 -0.019254 0.091773 0.008637 -0.024002 -0.006525 0.008637 0.007712 -0.015055 0.008608 -0.024002 -0.015055 0.080159 0.005905 -0.013846 0.002132 -0.002537 -0.013846 0.079417 -0.002530 0.006474 0.002132 -0.002530 0.015560 -0.025501 -0.002537 0.006474 -0.025501 0.109319 0.014216 -0.023985 -0.003895 0.004582 -0.023985 0.105518 0.004573 -0.011610 -0.003895 0.004573 0.007546 -0.015773 0.004582 -0.011610 -0.015773 0.084445
0.002687 -0.008453 -0.000355 0.000466 -0.008453 0.061887 0.000463 -0.001270 -0.000355 0.000463 0.016001 -0.026017 0.000466 -0.001270 -0.026017 0.110628 0.008528 -0.015875 0.007083 -0.009700 -0.015875 0.081528 -0.009685 0.027963 0.007083 -0.009685 0.009305 -0.016776 -0.009700 0.027963 -0.016776 0.083819 0.015900 -0.025880 0.001248 -0.001685 -0.025880 0.110213 -0.001698 0.004988 0.001248 -0.001698 0.001901 -0.006748 -0.001685 0.004988 -0.006748 0.055116 0.010895 -0.019246 -0.006524 0.008622 -0.019246 0.091777 0.008638 -0.024023 -0.006524 0.008638 0.007691 -0.015048 0.008622 -0.024023 -0.015048 0.080100 0.005986 -0.013833 0.002174 -0.002573 -0.013833 0.079409 -0.002573 0.006551 0.002174 -0.002573 0.015539 -0.025486 -0.002573 0.006551 -0.025486 0.109287 0.014176 -0.023879 -0.003936 0.004677 -0.023879 0.105303 0.004660 -0.011794 -0.003936 0.004660 0.007560 -0.015885 0.004677 -0.011794 -0.015885 0.084676
0.002695 -0.008466 -0.000312 0.000468 -0.008466 0.061890 0.000469 -0.001292 -0.000312 0.000469 0.016003 -0.026016 0.000468 -0.001292 -0.026016 0.110627 0.008503 -0.015789 0.007083 -0.009705 -0.015789 0.081264 -0.009677 0.027966 0.007083 -0.009677 0.009329 -0.016857 -0.009705 0.027966 -0.016857 0.084056 0.015894 -0.025879 0.001281 -0.001695 -0.025879 0.110226 -0.001708 0.004920 0.001281 -0.001708 0.001889 -0.006709 -0.001695 0.004920 -0.006709 0.054966 0.010853 -0.019261 -0.006536 0.008626 -0.019261 0.091791 0.008636 -0.024039 -0.006536 0.008636 0.007727 -0.015021 0.008626 -0.024039 -0.015021 0.080036 0.006068 -0.013929 0.002097 -0.002620 -0.013929 0.079541 -0.002627 0.006664 0.002097 -0.002627 0.015567 -0.025460 -0.002620 0.006664 -0.025460 0.109233 0.014155 -0.023826 -0.003949 0.004731 -0.023826 0.105122 0.004714 -0.011963 -0.003949 0.004714 0.007608 -0.015904 0.004731 -0.011963 -0.015904 0.084815
0.002686 -0.008481 -0.000308 0.000417 -0.008481 0.061928 0.000412 -0.001217 -0.000308 0.000412 0.016003 -0.026019 0.000417 -0.001217 -0.026019 0.110631 0.008414 -0.015748 0.007081 -0.009705 -0.015748 0.081077 -0.009677 0.027969 0.007081 -0.009677 0.009409 -0.016894 -0.009705 0.027969 -0.016894 0.084219 0.015884 -0.025871 0.001335 -0.001748 -0.025871 0.110215 -0.001750 0.004990 0.001335 -0.001750 0.001894 -0.006674 -0.001748 0.004990 -0.006674 0.054817 0.010740 -0.019209 -0.006560 0.008648 -0.019209 0.091721 0.008649 -0.024075 -0.006560 0.008649 0.007842 -0.015061 0.008648 -0.024075 -0.015061 0.080059 0.006110 -0.014055 0.002034 -0.002530 -0.014055 0.079835 -0.002532 0.006572 0.002034 -0.002532 0.015592 -0.025493 -0.002530 0.006572 -0.025493 0.109258 0.014222 -0.023801 -0.003895 0.004744 -0.023801 0.105020 0.004730 -0.012049 -0.003895 0.004730 0.007520 -0.015957 0.004744 -0.012049 -0.015957 0.084924
0.002684 -0.008473 -0.000294 0.000407 -0.008473 0.061943 0.000399 -0.001146 -0.000294 0.000399 0.016004 -0.026020 0.000407 -0.001146 -0.026020 0.110634 0.008413 -0.015634 0.007085 -0.009708 -0.015634 0.080829 -0.009675 0.027973 0.007085 -0.009675 0.009402 -0.016992 -0.009708 0.027973 -0.016992 0.084429 0.015873 -0.025856 0.001391 -0.001833 -0.025856 0.110184 -0.001820 0.005163 0.001391 -0.001820 0.001901 -0.006665 -0.001833 0.005163 -0.006665 0.054706 0.010655 -0.019061 -0.006576 0.008691 -0.019061 0.091441 0.008671 -0.024148 -0.006576 0.008671 0.007935 -0.015210 0.008691 -0.024148 -0.015210 0.080314 0.006146 -0.014137 0.002010 -0.002445 -0.014137 0.080132 -0.002439 0.006355 0.002010 -0.002439 0.015601 -0.025527 -0.002445 0.006355 -0.025527 0.109336 0.014270 -0.023881 -0.003854 0.004673 -0.023881 0.105107 0.004672 -0.011974 -0.003854 0.004672 0.007472 -0.015858 0.004673 -0.011974 -0.015858 0.084829
0.002650 -0.008468 -0.000279 0.000390 -0.008468 0.061932 0.000383 -0.001098 -0.000279 0.000383 0.016005 -0.026020 0.000390 -0.001098 -0.026020 0.110636 0.008424 -0.015617 0.007088 -0.009713 -0.015617 0.080660 -0.009686 0.027992 0.007088 -0.009686 0.009389 -0.016993 -0.009713 0.027992 -0.016993 0.084543 0.015861 -0.025841 0.001452 -0.001921 -0.025841 0.110143 -0.001897 0.005387 0.001452 -0.001897 0.001912 -0.006667 -0.001921 0.005387 -0.006667 0.054650 0.010716 -0.018939 -0.006554 0.008721 -0.018939 0.091093 0.008686 -0.024221 -0.006554 0.008686 0.007895 -0.015344 0.008721 -0.024221 -0.015344 0.080675 0.006199 -0.014199 0.001992 -0.002411 -0.014199 0.080365 -0.002404 0.006203 0.001992 -0.002404 0.015606 -0.025539 -0.002411 0.006203 -0.025539 0.109391 0.014255 -0.023944 -0.003871 0.004615 -0.023944 0.105268 0.004624 -0.011842 -0.003871 0.004624 0.007470 -0.015789 0.004615 -0.011842 -0.015789 0.084645
0.002616 -0.008418 -0.000283 0.000370 -0.008418 0.061844 0.000363 -0.001047 -0.000283 0.000363 0.016005 -0.026021 0.000370 -0.001047 -0.026021 0.110639 0.008436 -0.015632 0.007091 -0.009713 -0.015632 0.080627 -0.009699 0.028019 0.007091 -0.009699 0.009373 -0.016967 -0.009713 0.028019 -0.016967 0.084520 0.015853 -0.025823 0.001489 -0.002011 -0.025823 0.110095 -0.001979 0.005629 0.001489 -0.001979 0.001921 -0.006679 -0.002011 0.005629 -0.006679 0.054639 0.010857 -0.019008 -0.006511 0.008685 -0.019008 0.091047 0.008663 -0.024202 -0.006511 0.008663 0.007779 -0.015309 0.008685 -0.024202 -0.015309 0.080793 0.006372 -0.014275 0.002120 -0.002388 -0.014275 0.080587 -0.002383 0.006116 0.002120 -0.002383 0.015540 -0.025545 -0.002388 0.006116 -0.025545 0.109417 0.014212 -0.023928 -0.003922 0.004635 -0.023928 0.105310 0.004642 -0.011817 -0.003922 0.004642 0.007458 -0.015784 0.004635 -0.011817 -0.015784 0.084560
0.002608 -0.008352 -0.000346 0.000374 -0.008352 0.061663 0.000369 -0.001031 -0.000346 0.000369 0.016001 -0.026021 0.000374 -0.001031 -0.026021 0.110640 0.008323 -0.015650 0.007084 -0.009714 -0.015650 0.080653 -0.009711 0.028047 0.007084 -0.009711 0.009480 -0.016940 -0.009714 0.028047 -0.016940 0.084448 0.015853 -0.025812 0.001490 -0.002066 -0.025812 0.110054 -0.002033 0.005830 0.001490 -0.002033 0.001921 -0.006692 -0.002066 0.005830 -0.006692 0.054653 0.010973 -0.019205 -0.006477 0.008604 -0.019205 0.091397 0.008615 -0.024068 -0.006477 0.008615 0.007679 -0.015162 0.008604 -0.024068 -0.015162 0.080579 0.006519 -0.014501 0.002216 -0.002525 -0.014501 0.081042 -0.002535 0.006297 0.002216 -0.002535 0.015491 -0.025470 -0.002525 0.006297 -0.025470 0.109315 0.014165 -0.023872 -0.003978 0.004705 -0.023872 0.105221 0.004705 -0.011928 -0.003978 0.004705 0.007436 -0.015764 0.004705 -0.011928 -0.015764 0.084505
0.002617 -0.008319 -0.000378 0.000447 -0.008319 0.061490 0.000454 -0.001153 -0.000378 0.000454 0.016000 -0.026017 0.000447 -0.001153 -0.026017 0.110633 0.008219 -0.015510 0.007077 -0.009714 -0.015510 0.080450 -0.009698 0.028053 0.007077 -0.009698 0.009581 -0.017069 -0.009714 0.028053 -0.017069 0.084607 0.015854 -0.025811 0.001485 -0.002066 -0.025811 0.110035 -0.002042 0.005920 0.001485 -0.002042 0.001932 -0.006692 -0.002066 0.005920 -0.006692 0.054663 0.010984 -0.019378 -0.006467 0.008534 -0.019378 0.091883 0.008571 -0.023894 -0.006467 0.008571 0.007689 -0.015028 0.008534 -0.023894 -0.015028 0.080245 0.006467 -0.014714 0.002171 -0.002636 -0.014714 0.081624 -0.002657 0.006585 0.002171 -0.002657 0.015515 -0.025408 -0.002636 0.006585 -0.025408 0.109160 0.014092 -0.023810 -0.004050 0.004786 -0.023810 0.105072 0.004779 -0.012114 -0.004050 0.004779 0.007458 -0.015723 0.004786 -0.012114 -0.015723 0.084403
0.002625 -0.008322 -0.000410 0.000494 -0.008322 0.061407 0.000509 -0.001312 -0.000410 0.000509 0.015998 -0.026015 0.000494 -0.001312 -0.026015 0.110626 0.008221 -0.015355 0.007077 -0.009717 -0.015355 0.080059 -0.009679 0.028042 0.007077 -0.009679 0.009581 -0.017216 -0.009717 0.028042 -0.017216 0.084958 0.015857 -0.025813 0.001470 -0.002049 -0.025813 0.110034 -0.002037 0.005926 0.001470 -0.002037 0.001946 -0.006709 -0.002049 0.005926 -0.006709 0.054691 0.011025 -0.019410 -0.006459 0.008513 -0.019410 0.092163 0.008546 -0.023770 -0.006459 0.008546 0.007642 -0.015035 0.008513 -0.023770 -0.015035 0.080115 0.006428 -0.014672 0.002214 -0.002589 -0.014672 0.081831 -0.002601 0.006619 0.002214 -0.002601 0.015498 -0.025434 -0.002589 0.006619 -0.025434 0.109136 0.014069 -0.023719 -0.004069 0.004883 -0.023719 0.104866 0.004871 -0.012348 -0.004069 0.004871 0.007480 -0.015730 0.004883 -0.012348 -0.015730 0.084344
0.002621 -0.008337 -0.000431 0.000537 -0.008337 0.061405 0.000553 -0.001446 -0.000431 0.000553 0.015997 -0.026012 0.000537 -0.001446 -0.026012 0.110619 0.008182 -0.015338 0.007071 -0.009716 -0.015338 0.079830 -0.009679 0.028037 0.007071 -0.009679 0.009624 -0.017232 -0.009716 0.028037 -0.017232 0.085162 0.015853 -0.025817 0.001487 -0.002021 -0.025817 0.110042 -0.002018 0.005881 0.001487 -0.002018 0.001964 -0.006738 -0.002021 0.005881 -0.006738 0.054767 0.011054 -0.019458 -0.006456 0.008504 -0.019458 0.092321 0.008529 -0.023696 -0.006456 0.008529 0.007602 -0.014990 0.008504 -0.023696 -0.014990 0.080043 0.006384 -0.014605 0.002273 -0.002635 -0.014605 0.081742 -0.002641 0.006655 0.002273 -0.002641 0.015473 -0.025418 -0.002635 0.006655 -0.025418 0.109126 0.014017 -0.023686 -0.004099 0.004913 -0.023686 0.104720 0.004901 -0.012503 -0.004099 0.004901 0.007582 -0.015751 0.004913 -0.012503 -0.015751 0.084347
0.002634 -0.008335 -0.000443 0.000565 -0.008335 0.061414 0.000580 -0.001545 -0.000443 0.000580 0.015996 -0.026010 0.000565 -0.001545 -0.026010 0.110613 0.008236 -0.015296 0.007071 -0.009704 -0.015296 0.079703 -0.009676 0.028026 0.007071 -0.009676 0.009579 -0.017280 -0.009704 0.028026 -0.017280 0.085288 0.015841 -0.025814 0.001542 -0.002036 -0.025814 0.110042 -0.002034 0.005875 0.001542 -0.002034 0.001984 -0.006778 -0.002036 0.005875 -0.006778 0.054892 0.011042 -0.019495 -0.006452 0.008503 -0.019495 0.092446 0.008524 -0.023662 -0.006452 0.008524 0.007631 -0.014936 0.008503 -0.023662 -0.014936 0.079921 0.006282 -0.014532 0.002260 -0.002711 -0.014532 0.081556 -0.002718 0.006806 0.002260 -0.002718 0.015485 -0.025387 -0.002711 0.006806 -0.025387 0.109067 0.013994 -0.023626 -0.004111 0.004945 -0.023626 0.104584 0.004931 -0.012597 -0.004111 0.004931 0.007627 -0.015875 0.004945 -0.012597 -0.015875 0.084541
0.002638 -0.008353 -0.000499 0.000583 -0.008353 0.061443 0.000594 -0.001609 -0.000499 0.000594 0.015992 -0.026009 0.000583 -0.001609 -0.026009 0.110609 0.008300 -0.015364 0.007075 -0.009693 -0.015364 0.079752 -0.009681 0.028012 0.007075 -0.009681 0.009518 -0.017229 -0.009693 0.028012 -0.017229 0.085273 0.015830 -0.025798 0.001589 -0.002112 -0.025798 0.110015 -0.002101 0.005992 0.001589 -0.002101 0.002003 -0.006817 -0.002112 0.005992 -0.006817 0.055040 0.011015 -0.019481 -0.006450 0.008505 -0.019481 0.092474 0.008516 -0.023650 -0.006450 0.008516 0.007682 -0.014967 0.008505 -0.023650 -0.014967 0.079905 0.006267 -0.014388 0.002298 -0.002707 -0.014388 0.081233 -0.002710 0.006879 0.002298 -0.002710 0.015468 -0.025398 -0.002707 0.006879 -0.025398 0.109052 0.014016 -0.023600 -0.004091 0.004955 -0.023600 0.104487 0.004942 -0.012642 -0.004091 0.004942 0.007618 -0.015946 0.004955 -0.012642 -0.015946 0.084770
0.002640 -0.008364 -0.000588 0.000649 -0.008364 0.061485 0.000664 -0.001736 -0.000588 0.000664 0.015984 -0.026004 0.000649 -0.001736 -0.026004 0.110599 0.008266 -0.015462 0.007069 -0.009684 -0.015462 0.079971 -0.009695 0.028005 0.007069 -0.009695 0.009557 -0.017143 -0.009684 0.028005 -0.017143 0.085104 0.015831 -0.025782 0.001585 -0.002186 -0.025782 0.109974 -0.002164 0.006173 0.001585 -0.002164 0.002015 -0.006854 -0.002186 0.006173 -0.006854 0.055186 0.010883 -0.019446 -0.006476 0.008504 -0.019446 0.092419 0.008504 -0.023632 -0.006476 0.008504 0.007826 -0.015044 0.008504 -0.023632 -0.015044 0.080046 0.006273 -0.014345 0.002354 -0.002753 -0.014345 0.080986 -0.002755 0.006963 0.002354 -0.002755 0.015441 -0.025379 -0.002753 0.006963 -0.025379 0.109026 0.014051 -0.023628 -0.004066 0.004924 -0.023628 0.104499 0.004918 -0.012609 -0.004066 0.004918 0.007571 -0.015942 0.004924 -0.012609 -0.015942 0.084858
0.002621 -0.008367 -0.000618 0.000762 -0.008367 0.061512 0.000787 -0.001989 -0.000618 0.000787 0.015982 -0.025994 0.000762 -0.001989 -0.025994 0.110579 0.008158 -0.015436 0.007055 -0.009676 -0.015436 0.080056 -0.009686 0.027986 0.007055 -0.009686 0.009671 -0.017181 -0.009676 0.027986 -0.017181 0.085069 0.015834 -0.025781 0.001572 -0.002187 -0.025781 0.109953 -0.002167 0.006262 0.001572 -0.002167 0.002027 -0.006882 -0.002187 0.006262 -0.006882 0.055310 0.010784 -0.019283 -0.006491 0.008542 -0.019283 0.092145 0.008518 -0.023652 -0.006491 0.008518 0.007946 -0.015238 0.008542 -0.023652 -0.015238 0.080440 0.006410 -0.014345 0.002483 -0.002821 -0.014345 0.080893 -0.002828 0.007117 0.002483 -0.002828 0.015365 -0.025346 -0.002821 0.007117 -0.025346 0.108958 0.014121 -0.023672 -0.004018 0.004888 -0.023672 0.104587 0.004890 -0.012535 -0.004018 0.004890 0.007462 -0.015883 0.004888 -0.012535 -0.015883 0.084790
0.002608 -0.008338 -0.000626 0.000810 -0.008338 0.061471 0.000836 -0.002197 -0.000626 0.000836 0.015981 -0.025990 0.000810 -0.002197 -0.025990 0.110562 0.008184 -0.015292 0.007053 -0.009667 -0.015292 0.079839 -0.009652 0.027936 0.007053 -0.009652 0.009653 -0.017337 -0.009667 0.027936 -0.017337 0.085336 0.015845 -0.025786 0.001521 -0.002160 -0.025786 0.109955 -0.002151 0.006245 0.001521 -0.002151 0.002020 -0.006908 -0.002160 0.006245 -0.006908 0.055423 0.010628 -0.019146 -0.006515 0.008567 -0.019146 0.091776 0.008525 -0.023687 -0.006515 0.008525 0.008119 -0.015416 0.008567 -0.023687 -0.015416 0.080942 0.006438 -0.014512 0.002535 -0.002968 -0.014512 0.081119 -0.002986 0.007418 0.002535 -0.002986 0.015338 -0.025256 -0.002968 0.007418 -0.025256 0.108792 0.014125 -0.023755 -0.004006 0.004829 -0.023755 0.104754 0.004840 -0.012421 -0.004006 0.004840 0.007497 -0.015745 0.004829 -0.012421 -0.015745 0.084532
0.002621 -0.008307 -0.000609 0.000824 -0.008307 0.061378 0.000843 -0.002290 -0.000609 0.000843 0.015983 -0.025990 0.000824 -0.002290 -0.025990 0.110555 0.008186 -0.015306 0.007051 -0.009662 -0.015306 0.079715 -0.009641 0.027891 0.007051 -0.009641 0.009656 -0.017341 -0.009662 0.027891 -0.017341 0.085520 0.015857 -0.025801 0.001466 -0.002081 -0.025801 0.109983 -0.002087 0.006113 0.001466 -0.002087 0.002003 -0.006910 -0.002081 0.006113 -0.006910 0.055497 0.010429 -0.018948 -0.006551 0.008599 -0.018948 0.091316 0.008543 -0.023730 -0.006551 0.008543 0.008314 -0.015650 0.008599 -0.023730 -0.015650 0.081540 0.006328 -0.014566 0.002522 -0.003034 -0.014566 0.081358 -0.003055 0.007662 0.002522 -0.003055 0.015353 -0.025219 -0.003034 0.007662 -0.025219 0.108653 0.014211 -0.023764 -0.003939 0.004813 -0.023764 0.104846 0.004823 -0.012347 -0.003939 0.004823 0.007379 -0.015776 0.004813 -0.012347 -0.015776 0.084438
0.002634 -0.008316 -0.000622 0.000806 -0.008316 0.061332 0.000814 -0.002280 -0.000622 0.000814 0.015982 -0.025992 0.000806 -0.002280 -0.025992 0.110556 0.008216 -0.015319 0.007051 -0.009652 -0.015319 0.079728 -0.009640 0.027860 0.007051 -0.009640 0.009632 -0.017340 -0.009652 0.027860 -0.017340 0.085567 0.015865 -0.025819 0.001430 -0.001994 -0.025819 0.110028 -0.002014 0.005907 0.001430 -0.002014 0.001992 -0.006892 -0.001994 0.005907 -0.006892 0.055507 0.010352 -0.018689 -0.006579 0.008650 -0.018689 0.090702 0.008578 -0.023809 -0.006579 0.008578 0.008359 -0.015914 0.008650 -0.023809 -0.015914 0.082241 0.006230 -0.014427 0.002440 -0.003024 -0.014427 0.081225 -0.003035 0.007721 0.002440 -0.003035 0.015401 -0.025237 -0.003024 0.007721 -0.025237 0.108634 0.014254 -0.023862 -0.003916 0.004732 -0.023862 0.105014 0.004747 -0.012206 -0.003916 0.004747 0.007273 -0.015648 0.004732 -0.012206 -0.015648 0.084255
0.002645 -0.008340 -0.000563 0.000819 -0.008340 0.061365 0.000823 -0.002277 -0.000563 0.000823 0.015986 -0.025991 0.000819 -0.002277 -0.025991 0.110556 0.008286 -0.015364 0.007053 -0.009644 -0.015364 0.079817 -0.009643 0.027838 0.007053 -0.009643 0.009570 -0.017310 -0.009644 0.027838 -0.017310 0.085536 0.015862 -0.025830 0.001440 -0.001938 -0.025830 0.110068 -0.001963 0.005720 0.001440 -0.001963 0.002003 -0.006872 -0.001938 0.005720 -0.006872 0.055473 0.010381 -0.018570 -0.006584 0.008688 -0.018570 0.090222 0.008621 -0.023912 -0.006584 0.008621 0.008308 -0.015985 0.008688 -0.023912 -0.015985 0.082677 0.006065 -0.014278 0.002326 -0.002937 -0.014278 0.080864 -0.002931 0.007585 0.002326 -0.002931 0.015464 -0.025295 -0.002937 0.007585 -0.025295 0.108727 0.014344 -0.023917 -0.003850 0.004704 -0.023917 0.105185 0.004722 -0.012096 -0.003850 0.004722 0.007104 -0.015505 0.004704 -0.012096 -0.015505 0.083920
0.002668 -0.008365 -0.000514 0.000753 -0.008365 0.061439 0.000748 -0.002176 -0.000514 0.000748 0.015990 -0.025997 0.000753 -0.002176 -0.025997 0.110564 0.008333 -0.015462 0.007056 -0.009636 -0.015462 0.080029 -0.009650 0.027824 0.007056 -0.009650 0.009526 -0.017228 -0.009636 0.027824 -0.017228 0.085387 0.015867 -0.025828 0.001419 -0.001951 -0.025828 0.110082 -0.001968 0.005656 0.001419 -0.001968 0.002001 -0.006884 -0.001951 0.005656 -0.006884 0.055469 0.010493 -0.018598 -0.006572 0.008690 -0.018598 0.090078 0.008653 -0.023997 -0.006572 0.008653 0.008178 -0.015907 0.008690 -0.023997 -0.015907 0.082680 0.005962 -0.014057 0.002240 -0.002810 -0.014057 0.080346 -0.002790 0.007309 0.002240 -0.002790 0.015510 -0.025372 -0.002810 0.007309 -0.025372 0.108893 0.014415 -0.024019 -0.003776 0.004633 -0.024019 0.105397 0.004656 -0.011969 -0.003776 0.004656 0.007063 -0.015283 0.004633 -0.011969 -0.015283 0.083419
0.002686 -0.008409 -0.000467 0.000687 -0.008409 0.061560 0.000672 -0.001996 -0.000467 0.000672 0.015994 -0.026002 0.000687 -0.001996 -0.026002 0.110579 0.008426 -0.015537 0.007064 -0.009633 -0.015537 0.080270 -0.009657 0.027816 0.007064 -0.009657 0.009430 -0.017162 -0.009633 0.027816 -0.017162 0.085201 0.015875 -0.025832 0.001378 -0.001933 -0.025832 0.110089 -0.001944 0.005617 0.001378 -0.001944 0.001981 -0.006887 -0.001933 0.005617 -0.006887 0.055487 0.010585 -0.018745 -0.006566 0.008663 -0.018745 0.090280 0.008664 -0.024029 -0.006566 0.008664 0.008063 -0.015720 0.008663 -0.024029 -0.015720 0.082321 0.005902 -0.013902 0.002191 -0.002710 -0.013902 0.079843 -0.002684 0.007034 0.002191 -0.002684 0.015535 -0.025429 -0.002710 0.007034 -0.025429 0.109052 0.014451 -0.024106 -0.003729 0.004546 -0.024106 0.105623 0.004571 -0.011787 -0.003729 0.004571 0.007093 -0.015215 0.004546 -0.011787 -0.015215 0.083063
0.002715 -0.008450 -0.000483 0.000624 -0.008450 0.061709 0.000604 -0.001810 -0.000483 0.000604 0.015993 -0.026007 0.000624 -0.001810 -0.026007 0.110594 0.008572 -0.015662 0.007074 -0.009636 -0.015662 0.080575 -0.009672 0.027823 0.007074 -0.009672 0.009279 -0.017038 -0.009636 0.027823 -0.017038 0.084928 0.015882 -0.025843 0.001343 -0.001878 -0.025843 0.110111 -0.001892 0.005510 0.001343 -0.001892 0.001962 -0.006861 -0.001878 0.005510 -0.006861 0.055457 0.010605 -0.018873 -0.006570 0.008645 -0.018873 0.090608 0.008674 -0.024039 -0.006570 0.008674 0.008025 -0.015547 0.008645 -0.024039 -0.015547 0.081835 0.005851 -0.013814 0.002117 -0.002652 -0.013814 0.079493 -0.002629 0.006846 0.002117 -0.002629 0.015569 -0.025458 -0.002652 0.006846 -0.025458 0.109156 0.014479 -0.024152 -0.003680 0.004485 -0.024152 0.105784 0.004505 -0.011607 -0.003680 0.004505 0.007165 -0.015262 0.004485 -0.011607 -0.015262 0.083030
0.002748 -0.008505 -0.000480 0.000635 -0.008505 0.061887 0.000622 -0.001748 -0.000480 0.000622 0.015993 -0.026006 0.000635 -0.001748 -0.026006 0.110598 0.008606 -0.015860 0.007079 -0.009641 -0.015860 0.081038 -0.009697 0.027853 0.007079 -0.009697 0.009241 -0.016833 -0.009641 0.027853 -0.016833 0.084465 0.015890 -0.025854 0.001304 -0.001825 -0.025854 0.110139 -0.001844 0.005371 0.001304 -0.001844 0.001947 -0.006827 -0.001825 0.005371 -0.006827 0.055371 0.010549 -0.018903 -0.006588 0.008655 -0.018903 0.090795 0.008687 -0.024072 -0.006588 0.008687 0.008062 -0.015477 0.008655 -0.024072 -0.015477 0.081491 0.005765 -0.013746 0.002111 -0.002568 -0.013746 0.079253 -0.002547 0.006660 0.002111 -0.002547 0.015575 -0.025496 -0.002568 0.006660 -0.025496 0.109247 0.014489 -0.024188 -0.003656 0.004422 -0.024188 0.105897 0.004435 -0.011428 -0.003656 0.004435 0.007227 -0.015376 0.004422 -0.011428 -0.015376 0.083249
0.002765 -0.008569 -0.000422 0.000633 -0.008569 0.062098 0.000628 -0.001748 -0.000422 0.000628 0.015997 -0.026006 0.000633 -0.001748 -0.026006 0.110598 0.008643 -0.015923 0.007078 -0.009650 -0.015923 0.081378 -0.009706 0.027886 0.007078 -0.009706 0.009209 -0.016760 -0.009650 0.027886 -0.016760 0.084102 0.015893 -0.025864 0.001284 -0.001770 -0.025864 0.110168 -0.001792 0.005224 0.001284 -0.001792 0.001948 -0.006796 -0.001770 0.005224 -0.006796 0.055262 0.010515 -0.018826 -0.006599 0.008695 -0.018826 0.090720 0.008709 -0.024149 -0.006599 0.008709 0.008085 -0.015515 0.008695 -0.024149 -0.015515 0.081414 0.005732 -0.013632 0.002168 -0.002556 -0.013632 0.078979 -0.002540 0.006567 0.002168 -0.002540 0.015552 -0.025505 -0.002556 0.006567 -0.025505 0.109299 0.014506 -0.024204 -0.003638 0.004385 -0.024204 0.105969 0.004391 -0.011278 -0.003638 0.004391 0.007211 -0.015480 0.004385 -0.011278 -0.015480 0.083553
0.002794 -0.008613 -0.000460 0.000564 -0.008613 0.062295 0.000554 -0.001639 -0.000460 0.000554 0.015994 -0.026011 0.000564 -0.001639 -0.026011 0.110605 0.008592 -0.015966 0.007073 -0.009657 -0.015966 0.081559 -0.009700 0.027903 0.007073 -0.009700 0.009266 -0.016719 -0.009657 0.027903 -0.016719 0.083906 0.015895 -0.025869 0.001273 -0.001742 -0.025869 0.110190 -0.001762 0.005111 0.001273 -0.001762 0.001948 -0.006790 -0.001742 0.005111 -0.006790 0.055189 0.010476 -0.018766 -0.006599 0.008726 -0.018766 0.090546 0.008723 -0.024236 -0.006599 0.008723 0.008142 -0.015549 0.008726 -0.024236 -0.015549 0.081459 0.005738 -0.013568 0.002234 -0.002626 -0.013568 0.078732 -0.002621 0.006665 0.002234 -0.002621 0.015524 -0.025476 -0.002626 0.006665 -0.025476 0.109269 0.014513 -0.024225 -0.003642 0.004360 -0.024225 0.106029 0.004365 -0.011176 -0.003642 0.004365 0.007152 -0.015477 0.004360 -0.011176 -0.015477 0.083699
0.002816 -0.008666 -0.000533 0.000600 -0.008666 0.062486 0.000594 -0.001623 -0.000533 0.000594 0.015988 -0.026008 0.000600 -0.001623 -0.026008 0.110605 0.008549 -0.015903 0.007068 -0.009661 -0.015903 0.081530 -0.009679 0.027894 0.007068 -0.009679 0.009314 -0.016793 -0.009661 0.027894 -0.016793 0.083950 0.015891 -0.025872 0.001295 -0.001729 -0.025872 0.110203 -0.001745 0.005044 0.001295 -0.001745 0.001956 -0.006791 -0.001729 0.005044 -0.006791 0.055164 0.010520 -0.018711 -0.006584 0.008733 -0.018711 0.090377 0.008721 -0.024282 -0.006584 0.008721 0.008114 -0.015623 0.008733 -0.024282 -0.015623 0.081593 0.005817 -0.013560 0.002304 -0.002708 -0.013560 0.078607 -0.002714 0.006868 0.002304 -0.002714 0.015489 -0.025439 -0.002708 0.006868 -0.025439 0.109188 0.014494 -0.024233 -0.003674 0.004367 -0.024233 0.106066 0.004371 -0.011148 -0.003674 0.004371 0.007110 -0.015400 0.004367 -0.011148 -0.015400 0.083616
0.002806 -0.008711 -0.000607 0.000689 -0.008711 0.062667 0.000699 -0.001795 -0.000607 0.000699 0.015982 -0.026000 0.000689 -0.001795 -0.026000 0.110592 0.008456 -0.015836 0.007063 -0.009663 -0.015836 0.081377 -0.009658 0.027868 0.007063 -0.009658 0.009405 -0.016873 -0.009663 0.027868 -0.016873 0.084139 0.015894 -0.025867 0.001277 -0.001763 -0.025867 0.110199 -0.001769 0.005063 0.001277 -0.001769 0.001956 -0.006805 -0.001763 0.005063 -0.006805 0.055180 0.010590 -0.018764 -0.006566 0.008707 -0.018764 0.090387 0.008700 -0.024256 -0.006566 0.008700 0.008054 -0.015601 0.008707 -0.024256 -0.015601 0.081640 0.005944 -0.013656 0.002365 -0.002790 -0.013656 0.078709 -0.002804 0.007092 0.002365 -0.002804 0.015454 -0.025396 -0.002790 0.007092 -0.025396 0.109085 0.014499 -0.024208 -0.003677 0.004413 -0.024208 0.106037 0.004415 -0.011221 -0.003677 0.004415 0.007066 -0.015330 0.004413 -0.011221 -0.015330 0.083434
0.002792 -0.008707 -0.000660 0.000785 -0.008707 0.062754 0.000808 -0.002052 -0.000660 0.000808 0.015977 -0.025992 0.000785 -0.002052 -0.025992 0.110572 0.008340 -0.015711 0.007057 -0.009665 -0.015711 0.081108 -0.009639 0.027838 0.007057 -0.009639 0.009516 -0.016999 -0.009665 0.027838 -0.016999 0.084436 0.015895 -0.025870 0.001276 -0.001747 -0.025870 0.110199 -0.001750 0.005061 0.001276 -0.001750 0.001948 -0.006810 -0.001747 0.005061 -0.006810 0.055208 0.010681 -0.018865 -0.006544 0.008669 -0.018865 0.090588 0.008678 -0.024181 -0.006544 0.008678 0.007974 -0.015526 0.008669 -0.024181 -0.015526 0.081529 0.006062 -0.013832 0.002369 -0.002859 -0.013832 0.079066 -0.002878 0.007289 0.002369 -0.002878 0.015446 -0.025354 -0.002859 0.007289 -0.025354 0.108978 0.014470 -0.024209 -0.003714 0.004426 -0.024209 0.106013 0.004428 -0.011291 -0.003714 0.004428 0.007056 -0.015261 0.004426 -0.011291 -0.015261 0.083232
0.002755 -0.008679 -0.000657 0.000858 -0.008679 0.062728 0.000884 -0.002287 -0.000657 0.000884 0.015978 -0.025985 0.000858 -0.002287 -0.025985 0.110551 0.008238 -0.015548 0.007051 -0.009667 -0.015548 0.080711 -0.009621 0.027811 0.007051 -0.009621 0.009613 -0.017153 -0.009667 0.027811 -0.017153 0.084832 0.015894 -0.025871 0.001283 -0.001742 -0.025871 0.110203 -0.001745 0.005040 0.001283 -0.001745 0.001941 -0.006800 -0.001742 0.005040 -0.006800 0.055208 0.010676 -0.018992 -0.006539 0.008627 -0.018992 0.090903 0.008651 -0.024082 -0.006539 0.008651 0.007995 -0.015422 0.008627 -0.024082 -0.015422 0.081306 0.006082 -0.014011 0.002336 -0.002860 -0.014011 0.079547 -0.002876 0.007357 0.002336 -0.002876 0.015461 -0.025344 -0.002860 0.007357 -0.025344 0.108921 0.014396 -0.024174 -0.003790 0.004475 -0.024174 0.105954 0.004474 -0.011391 -0.003790 0.004474 0.007107 -0.015237 0.004475 -0.011391 -0.015237 0.083097
0.002689 -0.008615 -0.000624 0.000863 -0.008615 0.062586 0.000882 -0.002387 -0.000624 0.000882 0.015981 -0.025985 0.000863 -0.002387 -0.025985 0.110543 0.008174 -0.015401 0.007046 -0.009664 -0.015401 0.080278 -0.009608 0.027789 0.007046 -0.009608 0.009675 -0.017291 -0.009664 0.027789 -0.017291 0.085240 0.015882 -0.025869 0.001343 -0.001753 -0.025869 0.110202 -0.001754 0.005047 0.001343 -0.001754 0.001952 -0.006786 -0.001753 0.005047 -0.006786 0.055174 0.010665 -0.019001 -0.006539 0.008615 -0.019001 0.091075 0.008636 -0.024008 -0.006539 0.008636 0.008012 -0.015442 0.008615 -0.024008 -0.015442 0.081230 0.006116 -0.014066 0.002390 -0.002816 -0.014066 0.079876 -0.002823 0.007283 0.002390 -0.002823 0.015432 -0.025364 -0.002816 0.007283 -0.025364 0.108938 0.014353 -0.024083 -0.003839 0.004575 -0.024083 0.105783 0.004565 -0.011589 -0.003839 0.004565 0.007118 -0.015289 0.004575 -0.011589 -0.015289 0.083118
0.002652 -0.008500 -0.000624 0.000825 -0.008500 0.062297 0.000830 -0.002342 -0.000624 0.000830 0.015981 -0.025990 0.000825 -0.002342 -0.025990 0.110548 0.008173 -0.015305 0.007043 -0.009658 -0.015305 0.079927 -0.009603 0.027774 0.007043 -0.009603 0.009682 -0.017379 -0.009658 0.027774 -0.017379 0.085560 0.015865 -0.025854 0.001426 -0.001836 -0.025854 0.110178 -0.001826 0.005176 0.001426 -0.001826 0.001972 -0.006794 -0.001836 0.005176 -0.006794 0.055159 0.010725 -0.018985 -0.006527 0.008617 -0.018985 0.091098 0.008626 -0.023969 -0.006527 0.008626 0.007950 -0.015476 0.008617 -0.023969 -0.015476 0.081293 0.006067 -0.014110 0.002413 -0.002873 -0.014110 0.080063 -0.002880 0.007316 0.002413 -0.002880 0.015424 -0.025334 -0.002873 0.007316 -0.025334 0.108910 0.014372 -0.024026 -0.003830 0.004642 -0.024026 0.105608 0.004629 -0.011787 -0.003830 0.004629 0.007056 -0.015300 0.004642 -0.011787 -0.015300 0.083158
0.002642 -0.008411 -0.000635 0.000823 -0.008411 0.061958 0.000821 -0.002295 -0.000635 0.000821 0.015980 -0.025991 0.000823 -0.002295 -0.025991 0.110553 0.008128 -0.015298 0.007035 -0.009647 -0.015298 0.079769 -0.009608 0.027766 0.007035 -0.009608 0.009732 -0.017390 -0.009647 0.027766 -0.017390 0.085705 0.015859 -0.025831 0.001458 -0.001961 -0.025831 0.110126 -0.001934 0.005441 0.001458 -0.001934 0.001989 -0.006819 -0.001961 0.005441 -0.006819 0.055193 0.010757 -0.019055 -0.006512 0.008601 -0.019055 0.091204 0.008612 -0.023928 -0.006512 0.008612 0.007939 -0.015407 0.008601 -0.023928 -0.015407 0.081234 0.006024 -0.014047 0.002453 -0.002907 -0.014047 0.080035 -0.002914 0.007409 0.002453 -0.002914 0.015408 -0.025321 -0.002907 0.007409 -0.025321 0.108868 0.014387 -0.024045 -0.003819 0.004634 -0.024045 0.105568 0.004627 -0.011861 -0.003819 0.004627 0.007024 -0.015217 0.004634 -0.011861 -0.015217 0.083031
0.002624 -0.008370 -0.000723 0.000838 -0.008370 0.061701 0.000837 -0.002309 -0.000723 0.000837 0.015971 -0.025989 0.000838 -0.002309 -0.025989 0.110552 0.008146 -0.015251 0.007036 -0.009631 -0.015251 0.079658 -0.009602 0.027745 0.007036 -0.009602 0.009715 -0.017448 -0.009631 0.027745 -0.017448 0.085832 0.015860 -0.025820 0.001450 -0.002018 -0.025820 0.110081 -0.001986 0.005667 0.001450 -0.001986 0.002007 -0.006847 -0.002018 0.005667 -0.006847 0.055262 0.010702 -0.019106 -0.006517 0.008577 -0.019106 0.091355 0.008591 -0.023870 -0.006517 0.008591 0.008007 -0.015386 0.008577 -0.023870 -0.015386 0.081146 0.006091 -0.013973 0.002495 -0.002959 -0.013973 0.079862 -0.002965 0.007527 0.002495 -0.002965 0.015383 -0.025301 -0.002959 0.007527 -0.025301 0.108821 0.014353 -0.024066 -0.003861 0.004617 -0.024066 0.105603 0.004618 -0.011858 -0.003861 0.004618 0.007016 -0.015164 0.004617 -0.011858 -0.015164 0.082860
0.002617 -0.008334 -0.000773 0.000943 -0.008334 0.061522 0.000955 -0.002495 -0.000773 0.000955 0.015966 -0.025977 0.000943 -0.002495 -0.025977 0.110533 0.008117 -0.015272 0.007036 -0.009624 -0.015272 0.079634 -0.009607 0.027727 0.007036 -0.009607 0.009738 -0.017434 -0.009624 0.027727 -0.017434 0.085882 0.015851 -0.025821 0.001491 -0.002004 -0.025821 0.110065 -0.001982 0.005740 0.001491 -0.001982 0.002045 -0.006883 -0.002004 0.005740 -0.006883 0.055363 0.010693 -0.019045 -0.006514 0.008583 -0.019045 0.091335 0.008585 -0.023836 -0.006514 0.008585 0.008030 -0.015476 0.008583 -0.023836 -0.015476 0.081262 0.006150 -0.014042 0.002513 -0.003010 -0.014042 0.079865 -0.003019 0.007664 0.002513 -0.003019 0.015370 -0.025270 -0.003010 0.007664 -0.025270 0.108753 0.014375 -0.024026 -0.003854 0.004669 -0.024026 0.105560 0.004668 -0.011931 -0.003854 0.004668 0.006924 -0.015145 0.004669 -0.011931 -0.015145 0.082755
0.002617 -0.008311 -0.000801 0.001015 -0.008311 0.061388 0.001037 -0.002730 -0.000801 0.001037 0.015963 -0.025969 0.001015 -0.002730 -0.025969 0.110509 0.008081 -0.015243 0.007033 -0.009621 -0.015243 0.079604 -0.009610 0.027720 0.007033 -0.009610 0.009773 -0.017456 -0.009621 0.027720 -0.017456 0.085919 0.015841 -0.025811 0.001538 -0.002045 -0.025811 0.110048 -0.002027 0.005811 0.001538 -0.002027 0.002070 -0.006950 -0.002045 0.005811 -0.006950 0.055544 0.010713 -0.019027 -0.006504 0.008580 -0.019027 0.091268 0.008573 -0.023807 -0.006504 0.008573 0.008026 -0.015524 0.008580 -0.023807 -0.015524 0.081434 0.006252 -0.014129 0.002584 -0.003030 -0.014129 0.080045 -0.003040 0.007750 0.002584 -0.003040 0.015325 -0.025255 -0.003030 0.007750 -0.025255 0.108699 0.014388 -0.024046 -0.003860 0.004670 -0.024046 0.105552 0.004672 -0.011988 -0.003860 0.004672 0.006825 -0.015025 0.004670 -0.011988 -0.015025 0.082526
0.002607 -0.008303 -0.000771 0.001055 -0.008303 0.061305 0.001077 -0.002894 -0.000771 0.001077 0.015966 -0.025965 0.001055 -0.002894 -0.025965 0.110491 0.008104 -0.015191 0.007035 -0.009620 -0.015191 0.079496 -0.009606 0.027716 0.007035 -0.009606 0.009750 -0.017502 -0.009620 0.027716 -0.017502 0.086012 0.015830 -0.025797 0.001584 -0.002109 -0.025797 0.110016 -0.002087 0.005948 0.001584 -0.002087 0.002092 -0.007009 -0.002109 0.005948 -0.007009 0.055768 0.010654 -0.019054 -0.006507 0.008561 -0.019054 0.091292 0.008556 -0.023758 -0.006507 0.008556 0.008106 -0.015527 0.008561 -0.023758 -0.015527 0.081520 0.006255 -0.014268 0.002652 -0.003107 -0.014268 0.080360 -0.003121 0.007890 0.002652 -0.003121 0.015289 -0.025204 -0.003107 0.007890 -0.025204 0.108605 0.014403 -0.024060 -0.003855 0.004682 -0.024060 0.105580 0.004687 -0.012032 -0.003855 0.004687 0.006768 -0.014880 0.004682 -0.012032 -0.014880 0.082162
0.002600 -0.008286 -0.000729 0.001024 -0.008286 0.061242 0.001034 -0.002899 -0.000729 0.001034 0.015971 -0.025969 0.001024 -0.002899 -0.025969 0.110491 0.008150 -0.015214 0.007037 -0.009620 -0.015214 0.079468 -0.009612 0.027720 0.007037 -0.009612 0.009711 -0.017478 -0.009620 0.027720 -0.017478 0.086028 0.015834 -0.025783 0.001569 -0.002174 -0.025783 0.109977 -0.002148 0.006116 0.001569 -0.002148 0.002081 -0.007056 -0.002174 0.006116 -0.007056 0.055974 0.010614 -0.018990 -0.006507 0.008561 -0.018990 0.091228 0.008550 -0.023719 -0.006507 0.008550 0.008165 -0.015629 0.008561 -0.023719 -0.015629 0.081707 0.006233 -0.014286 0.002695 -0.003188 -0.014286 0.080552 -0.003205 0.008082 0.002695 -0.003205 0.015268 -0.025158 -0.003188 0.008082 -0.025158 0.108490 0.014396 -0.024074 -0.003859 0.004684 -0.024074 0.105608 0.004691 -0.012070 -0.003859 0.004691 0.006782 -0.014786 0.004684 -0.012070 -0.014786 0.081828
0.002607 -0.008274 -0.000750 0.000971 -0.008274 0.061187 0.000967 -0.002783 -0.000750 0.000967 0.015968 -0.025976 0.000971 -0.002783 -0.025976 0.110504 0.008198 -0.015279 0.007039 -0.009616 -0.015279 0.079578 -0.009620 0.027726 0.007039 -0.009620 0.009667 -0.017424 -0.009616 0.027726 -0.017424 0.085929 0.015837 -0.025786 0.001554 -0.002157 -0.025786 0.109963 -0.002138 0.006172 0.001554 -0.002138 0.002080 -0.007052 -0.002157 0.006172 -0.007052 0.056078 0.010642 -0.018937 -0.006500 0.008559 -0.018937 0.091101 0.008541 -0.023688 -0.006500 0.008541 0.008140 -0.015720 0.008559 -0.023688 -0.015720 0.081972 0.006212 -0.014246 0.002676 -0.003245 -0.014246 0.080532 -0.003259 0.008250 0.002676 -0.003259 0.015280 -0.025131 -0.003245 0.008250 -0.025131 0.108401 0.014287 -0.024066 -0.003950 0.004694 -0.024066 0.105605 0.004698 -0.012102 -0.003950 0.004698 0.006939 -0.014794 0.004694 -0.012102 -0.014794 0.081696
0.002623 -0.008282 -0.000797 0.000989 -0.008282 0.061173 0.000985 -0.002745 -0.000797 0.000985 0.015963 -0.025974 0.000989 -0.002745 -0.025974 0.110509 0.008246 -0.015352 0.007041 -0.009611 -0.015352 0.079766 -0.009628 0.027728 0.007041 -0.009628 0.009626 -0.017362 -0.009611 0.027728 -0.017362 0.085775 0.015847 -0.025792 0.001508 -0.002125 -0.025792 0.109971 -0.002120 0.006134 0.001508 -0.002120 0.002074 -0.007046 -0.002125 0.006134 -0.007046 0.056102 0.010658 -0.018971 -0.006496 0.008542 -0.018971 0.091101 0.008531 -0.023645 -0.006496 0.008531 0.008128 -0.015703 0.008542 -0.023645 -0.015703 0.082077 0.006222 -0.014208 0.002641 -0.003229 -0.014208 0.080430 -0.003236 0.008289 0.002641 -0.003236 0.015298 -0.025145 -0.003229 0.008289 -0.025145 0.108388 0.014198 -0.023937 -0.004023 0.004807 -0.023937 0.105405 0.004795 -0.012272 -0.004023 0.004795 0.007072 -0.014990 0.004807 -0.012272 -0.014990 0.081970
0.002675 -0.008307 -0.000889 0.001047 -0.008307 0.061216 0.001053 -0.002847 -0.000889 0.001053 0.015951 -0.025966 0.001047 -0.002847 -0.025966 0.110497 0.008182 -0.015423 0.007033 -0.009608 -0.015423 0.079973 -0.009631 0.027724 0.007033 -0.009631 0.009691 -0.017305 -0.009608 0.027724 -0.017305 0.085614 0.015852 -0.025805 0.001487 -0.002056 -0.025805 0.109999 -0.002063 0.006009 0.001487 -0.002063 0.002066 -0.007039 -0.002056 0.006009 -0.007039 0.056098 0.010667 -0.018999 -0.006492 0.008529 -0.018999 0.091175 0.008527 -0.023606 -0.006492 0.008527 0.008123 -0.015683 0.008529 -0.023606 -0.015683 0.082064 0.006213 -0.014218 0.002612 -0.003188 -0.014218 0.080395 -0.003188 0.008217 0.002612 -0.003188 0.015314 -0.025168 -0.003188 0.008217 -0.025168 0.108430 0.014218 -0.023825 -0.004011 0.004901 -0.023825 0.105122 0.004876 -0.012494 -0.004011 0.004876 0.007030 -0.015177 0.004901 -0.012494 -0.015177 0.082440
0.002716 -0.008386 -0.000944 0.001161 -0.008386 0.061378 0.001182 -0.003097 -0.000944 0.001182 0.015943 -0.025951 0.001161 -0.003097 -0.025951 0.110465 0.008044 -0.015350 0.007018 -0.009604 -0.015350 0.079964 -0.009612 0.027700 0.007018 -0.009612 0.009825 -0.017383 -0.009604 0.027700 -0.017383 0.085663 0.015843 -0.025813 0.001529 -0.002016 -0.025813 0.110027 -0.002030 0.005881 0.001529 -0.002030 0.002074 -0.007028 -0.002016 0.005881 -0.007028 0.056079 0.010519 -0.019015 -0.006519 0.008521 -0.019015 0.091236 0.008524 -0.023579 -0.006519 0.008524 0.008267 -0.015674 0.008521 -0.023579 -0.015674 0.082039 0.006287 -0.014216 0.002591 -0.003151 -0.014216 0.080397 -0.003146 0.008117 0.002591 -0.003146 0.015320 -0.025190 -0.003151 0.008117 -0.025190 0.108484 0.014213 -0.023845 -0.004020 0.004884 -0.023845 0.105036 0.004866 -0.012559 -0.004020 0.004866 0.007017 -0.015140 0.004884 -0.012559 -0.015140 0.082602
0.002729 -0.008468 -0.000919 0.001236 -0.008468 0.061628 0.001266 -0.003352 -0.000919 0.001266 0.015947 -0.025940 0.001236 -0.003352 -0.025940 0.110431 0.007892 -0.015163 0.006998 -0.009598 -0.015163 0.079624 -0.009574 0.027649 0.006998 -0.009574 0.009975 -0.017569 -0.009598 0.027649 -0.017569 0.086023 0.015825 -0.025802 0.001604 -0.002072 -0.025802 0.110022 -0.002076 0.005906 0.001604 -0.002076 0.002084 -0.007035 -0.002072 0.005906 -0.007035 0.056078 0.010472 -0.018834 -0.006525 0.008562 -0.018834 0.090987 0.008546 -0.023615 -0.006525 0.008546 0.008321 -0.015852 0.008562 -0.023615 -0.015852 0.082304 0.006481 -0.014313 0.002677 -0.003121 -0.014313 0.080552 -0.003117 0.008028 0.002677 -0.003117 0.015256 -0.025199 -0.003121 0.008028 -0.025199 0.108521 0.014281 -0.023845 -0.003963 0.004887 -0.023845 0.105035 0.004879 -0.012572 -0.003963 0.004879 0.006920 -0.015109 0.004887 -0.012572 -0.015109 0.082559
0.002716 -0.008509 -0.000940 0.001214 -0.008509 0.061844 0.001233 -0.003413 -0.000940 0.001233 0.015944 -0.025943 0.001214 -0.003413 -0.025943 0.110422 0.007875 -0.014943 0.007000 -0.009588 -0.014943 0.079077 -0.009531 0.027580 0.007000 -0.009531 0.009986 -0.017784 -0.009588 0.027580 -0.017784 0.086569 0.015806 -0.025778 0.001685 -0.002186 -0.025778 0.109976 -0.002172 0.006110 0.001685 -0.002172 0.002098 -0.007047 -0.002186 0.006110 -0.007047 0.056099 0.010484 -0.018753 -0.006522 0.008581 -0.018753 0.090688 0.008551 -0.023662 -0.006522 0.008551 0.008313 -0.015942 0.008581 -0.023662 -0.015942 0.082620 0.006583 -0.014575 0.002782 -0.003208 -0.014575 0.081066 -0.003217 0.008126 0.002782 -0.003217 0.015187 -0.025125 -0.003208 0.008126 -0.025125 0.108425 0.014312 -0.023925 -0.003937 0.004816 -0.023925 0.105153 0.004821 -0.012486 -0.003937 0.004821 0.006879 -0.014985 0.004816 -0.012486 -0.014985 0.082338
0.002683 -0.008501 -0.000917 0.001234 -0.008501 0.061937 0.001245 -0.003427 -0.000917 0.001245 0.015947 -0.025941 0.001234 -0.003427 -0.025941 0.110420 0.007848 -0.014895 0.007001 -0.009588 -0.014895 0.078725 -0.009532 0.027548 0.007001 -0.009532 0.010005 -0.017820 -0.009588 0.027548 -0.017820 0.086895 0.015809 -0.025750 0.001672 -0.002313 -0.025750 0.109906 -0.002281 0.006413 0.001672 -0.002281 0.002101 -0.007063 -0.002313 0.006413 -0.007063 0.056128 0.010477 -0.018765 -0.006526 0.008572 -0.018765 0.090593 0.008551 -0.023670 -0.006526 0.008551 0.008313 -0.015937 0.008572 -0.023670 -0.015937 0.082739 0.006589 -0.014736 0.002800 -0.003325 -0.014736 0.081611 -0.003346 0.008373 0.002800 -0.003346 0.015178 -0.025041 -0.003325 0.008373 -0.025041 0.108241 0.014287 -0.023966 -0.003962 0.004780 -0.023966 0.105285 0.004792 -0.012386 -0.003962 0.004792 0.006897 -0.014922 0.004780 -0.012386 -0.014922 0.082114
0.002655 -0.008447 -0.000865 0.001212 -0.008447 0.061872 0.001215 -0.003401 -0.000865 0.001215 0.015954 -0.025945 0.001212 -0.003401 -0.025945 0.110424 0.007824 -0.014864 0.006998 -0.009584 -0.014864 0.078562 -0.009547 0.027555 0.006998 -0.009547 0.010028 -0.017834 -0.009584 0.027555 -0.017834 0.087006 0.015817 -0.025751 0.001641 -0.002307 -0.025751 0.109872 -0.002279 0.006558 0.001641 -0.002279 0.002109 -0.007066 -0.002307 0.006558 -0.007066 0.056142 0.010500 -0.018764 -0.006523 0.008571 -0.018764 0.090584 0.008560 -0.023672 -0.006523 0.008560 0.008288 -0.015930 0.008571 -0.023672 -0.015930 0.082749 0.006538 -0.014751 0.002795 -0.003352 -0.014751 0.081854 -0.003370 0.008521 0.002795 -0.003370 0.015186 -0.025027 -0.003352 0.008521 -0.025027 0.108138 0.014272 -0.023937 -0.003978 0.004813 -0.023937 0.105288 0.004819 -0.012397 -0.003978 0.004819 0.006904 -0.014939 0.004813 -0.012397 -0.014939 0.082052
0.002653 -0.008389 -0.000888 0.001150 -0.008389 0.061710 0.001142 -0.003276 -0.000888 0.001142 0.015951 -0.025954 0.001150 -0.003276 -0.025954 0.110441 0.007816 -0.014833 0.006996 -0.009579 -0.014833 0.078449 -0.009553 0.027568 0.006996 -0.009553 0.010038 -0.017856 -0.009579 0.027568 -0.017856 0.087067 0.015822 -0.025763 0.001620 -0.002251 -0.025763 0.109882 -0.002241 0.006512 0.001620 -0.002241 0.002102 -0.007079 -0.002251 0.006512 -0.007079 0.056168 0.010518 -0.018793 -0.006513 0.008564 -0.018793 0.090624 0.008562 -0.023673 -0.006513 0.008562 0.008287 -0.015896 0.008564 -0.023673 -0.015896 0.082693 0.006485 -0.014679 0.002818 -0.003349 -0.014679 0.081800 -0.003358 0.008548 0.002818 -0.003358 0.015177 -0.025038 -0.003349 0.008548 -0.025038 0.108129 0.014143 -0.023914 -0.004095 0.004840 -0.023914 0.105234 0.004840 -0.012457 -0.004095 0.004840 0.007010 -0.014950 0.004840 -0.012457 -0.014950 0.082065
0.002659 -0.008370 -0.000906 0.001171 -0.008370 0.061577 0.001164 -0.003238 -0.000906 0.001164 0.015949 -0.025951 0.001171 -0.003238 -0.025951 0.110447 0.007810 -0.014821 0.006996 -0.009573 -0.014821 0.078378 -0.009556 0.027574 0.006996 -0.009556 0.010042 -0.017867 -0.009573 0.027574 -0.017867 0.087109 0.015828 -0.025771 0.001593 -0.002208 -0.025771 0.109907 -0.002211 0.006410 0.001593 -0.002211 0.002080 -0.007078 -0.002208 0.006410 -0.007078 0.056194 0.010538 -0.018820 -0.006505 0.008547 -0.018820 0.090693 0.008551 -0.023651 -0.006505 0.008551 0.008278 -0.015891 0.008547 -0.023651 -0.015891 0.082649 0.006481 -0.014596 0.002834 -0.003380 -0.014596 0.081606 -0.003383 0.008593 0.002834 -0.003383 0.015168 -0.025029 -0.003380 0.008593 -0.025029 0.108119 0.014090 -0.023761 -0.004147 0.004988 -0.023761 0.104979 0.004973 -0.012696 -0.004147 0.004973 0.007050 -0.015072 0.004988 -0.012696 -0.015072 0.082252
0.002684 -0.008373 -0.000977 0.001195 -0.008373 0.061522 0.001195 -0.003291 -0.000977 0.001195 0.015938 -0.025948 0.001195 -0.003291 -0.025948 0.110440 0.007820 -0.014815 0.006995 -0.009569 -0.014815 0.078343 -0.009559 0.027576 0.006995 -0.009559 0.010037 -0.017872 -0.009569 0.027576 -0.017872 0.087131 0.015828 -0.025781 0.001597 -0.002165 -0.025781 0.109933 -0.002176 0.006301 0.001597 -0.002176 0.002068 -0.007048 -0.002165 0.006301 -0.007048 0.056159 0.010613 -0.018850 -0.006492 0.008531 -0.018850 0.090775 0.008537 -0.023609 -0.006492 0.008537 0.008201 -0.015884 0.008531 -0.023609 -0.015884 0.082633 0.006461 -0.014575 0.002852 -0.003404 -0.014575 0.081467 -0.003407 0.008662 0.002852 -0.003407 0.015159 -0.025016 -0.003404 0.008662 -0.025016 0.108091 0.014073 -0.023686 -0.004163 0.005065 -0.023686 0.104722 0.005043 -0.012941 -0.004163 0.005043 0.007066 -0.015124 0.005065 -0.012941 -0.015124 0.082433
0.002686 -0.008409 -0.001017 0.001281 -0.008409 0.061563 0.001294 -0.003461 -0.001017 0.001294 0.015933 -0.025934 0.001281 -0.003461 -0.025934 0.110416 0.007944 -0.014829 0.007009 -0.009564 -0.014829 0.078352 -0.009559 0.027573 0.007009 -0.009559 0.009918 -0.017866 -0.009564 0.027573 -0.017866 0.087130 0.015825 -0.025781 0.001608 -0.002167 -0.025781 0.109945 -0.002177 0.006254 0.001608 -0.002177 0.002064 -0.007021 -0.002167 0.006254 -0.007021 0.056079 0.010716 -0.018947 -0.006472 0.008506 -0.018947 0.090966 0.008521 -0.023553 -0.006472 0.008521 0.008096 -0.015793 0.008506 -0.023553 -0.015793 0.082494 0.006462 -0.014547 0.002882 -0.003429 -0.014547 0.081373 -0.003431 0.008729 0.002882 -0.003431 0.015141 -0.025004 -0.003429 0.008729 -0.025004 0.108059 0.014051 -0.023664 -0.004173 0.005083 -0.023664 0.104596 0.005066 -0.013064 -0.004173 0.005066 0.007125 -0.015140 0.005083 -0.013064 -0.015140 0.082513
0.002672 -0.008422 -0.001006 0.001337 -0.008422 0.061623 0.001356 -0.003650 -0.001006 0.001356 0.015935 -0.025926 0.001337 -0.003650 -0.025926 0.110389 0.008065 -0.014991 0.007021 -0.009569 -0.014991 0.078616 -0.009587 0.027594 0.007021 -0.009587 0.009804 -0.017716 -0.009569 0.027594 -0.017716 0.086896 0.015831 -0.025777 0.001581 -0.002189 -0.025777 0.109941 -0.002192 0.006276 0.001581 -0.002192 0.002067 -0.007004 -0.002189 0.006276 -0.007004 0.055996 0.010756 -0.019085 -0.006464 0.008474 -0.019085 0.091284 0.008502 -0.023485 -0.006464 0.008502 0.008060 -0.015653 0.008474 -0.023485 -0.015653 0.082193 0.006498 -0.014541 0.002938 -0.003465 -0.014541 0.081317 -0.003470 0.008816 0.002938 -0.003470 0.015102 -0.024982 -0.003465 0.008816 -0.024982 0.108012 0.014106 -0.023641 -0.004128 0.005088 -0.023641 0.104526 0.005076 -0.013110 -0.004128 0.005076 0.007055 -0.015211 0.005088 -0.013110 -0.015211 0.082641
0.002660 -0.008403 -0.001021 0.001330 -0.008403 0.061619 0.001344 -0.003715 -0.001021 0.001344 0.015932 -0.025927 0.001330 -0.003715 -0.025927 0.110380 0.008047 -0.015171 0.007016 -0.009571 -0.015171 0.079075 -0.009615 0.027629 0.007016 -0.009615 0.009828 -0.017551 -0.009571 0.027629 -0.017551 0.086487 0.015834 -0.025784 0.001569 -0.002158 -0.025784 0.109947 -0.002162 0.006249 0.001569 -0.002162 0.002076 -0.007003 -0.002158 0.006249 -0.007003 0.055946 0.010760 -0.019146 -0.006462 0.008459 -0.019146 0.091536 0.008490 -0.023432 -0.006462 0.008490 0.008058 -0.015595 0.008459 -0.023432 -0.015595 0.081949 0.006513 -0.014581 0.002990 -0.003532 -0.014581 0.081355 -0.003540 0.008960 0.002990 -0.003540 0.015069 -0.024936 -0.003532 0.008960 -0.024936 0.107921 0.014230 -0.023707 -0.004027 0.005028 -0.023707 0.104601 0.005027 -0.013037 -0.004027 0.005027 0.006883 -0.015136 0.005028 -0.013037 -0.015136 0.082606
0.002646 -0.008377 -0.001081 0.001347 -0.008377 0.061557 0.001355 -0.003742 -0.001081 0.001355 0.015923 -0.025926 0.001347 -0.003742 -0.025926 0.110376 0.007923 -0.015172 0.006996 -0.009566 -0.015172 0.079313 -0.009605 0.027629 0.006996 -0.009605 0.009955 -0.017564 -0.009566 0.027629 -0.017564 0.086306 0.015833 -0.025788 0.001573 -0.002136 -0.025788 0.109961 -0.002143 0.006189 0.001573 -0.002143 0.002094 -0.007019 -0.002136 0.006189 -0.007019 0.055958 0.010688 -0.019152 -0.006476 0.008461 -0.019152 0.091637 0.008482 -0.023408 -0.006476 0.008482 0.008129 -0.015593 0.008461 -0.023408 -0.015593 0.081859 0.006582 -0.014600 0.003063 -0.003595 -0.014600 0.081410 -0.003607 0.009127 0.003063 -0.003607 0.015015 -0.024894 -0.003595 0.009127 -0.024894 0.107813 0.014279 -0.023860 -0.003987 0.004896 -0.023860 0.104885 0.004914 -0.012805 -0.003987 0.004914 0.006823 -0.014919 0.004896 -0.012805 -0.014919 0.082225
0.002651 -0.008346 -0.001151 0.001420 -0.008346 0.061460 0.001433 -0.003874 -0.001151 0.001433 0.015911 -0.025913 0.001420 -0.003874 -0.025913 0.110355 0.007856 -0.015007 0.006986 -0.009557 -0.015007 0.079117 -0.009557 0.027573 0.006986 -0.009557 0.010023 -0.017739 -0.009557 0.027573 -0.017739 0.086552 0.015841 -0.025787 0.001535 -0.002139 -0.025787 0.109966 -0.002143 0.006163 0.001535 -0.002143 0.002097 -0.007055 -0.002139 0.006163 -0.007055 0.056041 0.010574 -0.019059 -0.006492 0.008489 -0.019059 0.091521 0.008491 -0.023427 -0.006492 0.008491 0.008257 -0.015685 0.008489 -0.023427 -0.015685 0.081983 0.006607 -0.014679 0.003114 -0.003680 -0.014679 0.081545 -0.003696 0.009327 0.003114 -0.003696 0.014979 -0.024830 -0.003680 0.009327 -0.024830 0.107671 0.014262 -0.023925 -0.003993 0.004841 -0.023925 0.105129 0.004866 -0.012616 -0.003993 0.004866 0.006886 -0.014825 0.004841 -0.012616 -0.014825 0.081863
0.002664 -0.008338 -0.001174 0.001512 -0.008338 0.061381 0.001534 -0.004103 -0.001174 0.001534 0.015907 -0.025898 0.001512 -0.004103 -0.025898 0.110318 0.007853 -0.014895 0.006985 -0.009553 -0.014895 0.078788 -0.009524 0.027505 0.006985 -0.009524 0.010029 -0.017856 -0.009553 0.027505 -0.017856 0.086920 0.015837 -0.025797 0.001552 -0.002090 -0.025797 0.109982 -0.002098 0.006084 0.001552 -0.002098 0.002116 -0.007076 -0.002090 0.006084 -0.007076 0.056142 0.010509 -0.018907 -0.006503 0.008521 -0.018907 0.091202 0.008499 -0.023473 -0.006503 0.008499 0.008323 -0.015858 0.008521 -0.023473 -0.015858 0.082338 0.006626 -0.014715 0.003197 -0.003743 -0.014715 0.081672 -0.003760 0.009511 0.003197 -0.003760 0.014921 -0.024785 -0.003743 0.009511 -0.024785 0.107540 0.014258 -0.023905 -0.003993 0.004854 -0.023905 0.105179 0.004868 -0.012566 -0.003993 0.004868 0.006909 -0.014901 0.004854 -0.012566 -0.014901 0.081846
0.002677 -0.008352 -0.001207 0.001550 -0.008352 0.061362 0.001572 -0.004277 -0.001207 0.001572 0.015901 -0.025891 0.001550 -0.004277 -0.025891 0.110290 0.007796 -0.014881 0.006975 -0.009549 -0.014881 0.078618 -0.009520 0.027468 0.006975 -0.009520 0.010088 -0.017875 -0.009549 0.027468 -0.017875 0.087114 0.015829 -0.025794 0.001585 -0.002105 -0.025794 0.109988 -0.002110 0.006050 0.001585 -0.002110 0.002145 -0.007112 -0.002105 0.006050 -0.007112 0.056263 0.010370 -0.018813 -0.006526 0.008540 -0.018813 0.090894 0.008507 -0.023513 -0.006526 0.008507 0.008456 -0.015960 0.008540 -0.023513 -0.015960 0.082689 0.006605 -0.014731 0.003182 -0.003842 -0.014731 0.081736 -0.003860 0.009732 0.003182 -0.003860 0.014934 -0.024716 -0.003842 0.009732 -0.024716 0.107385 0.014279 -0.023896 -0.003972 0.004859 -0.023896 0.105162 0.004863 -0.012558 -0.003972 0.004863 0.006901 -0.014949 0.004859 -0.012558 -0.014949 0.081976
0.002674 -0.008374 -0.001184 0.001591 -0.008374 0.061399 0.001611 -0.004399 -0.001184 0.001611 0.015905 -0.025884 0.001591 -0.004399 -0.025884 0.110268 0.007890 -0.014814 0.006984 -0.009535 -0.014814 0.078472 -0.009508 0.027434 0.006984 -0.009508 0.010001 -0.017945 -0.009535 0.027434 -0.017945 0.087278 0.015821 -0.025783 0.001621 -0.002155 -0.025783 0.109971 -0.002150 0.006118 0.001621 -0.002150 0.002165 -0.007166 -0.002155 0.006118 -0.007166 0.056430 0.010261 -0.018638 -0.006540 0.008574 -0.018638 0.090504 0.008532 -0.023572 -0.006540 0.008532 0.008569 -0.016128 0.008574 -0.023572 -0.016128 0.083088 0.006536 -0.014698 0.003080 -0.003834 -0.014698 0.081696 -0.003846 0.009820 0.003080 -0.003846 0.015007 -0.024727 -0.003834 0.009820 -0.024727 0.107330 0.014319 -0.023921 -0.003940 0.004832 -0.023921 0.105193 0.004835 -0.012510 -0.003940 0.004835 0.006831 -0.014947 0.004832 -0.012510 -0.014947 0.082039
0.002687 -0.008376 -0.001104 0.001569 -0.008376 0.061431 0.001579 -0.004411 -0.001104 0.001579 0.015918 -0.025888 0.001569 -0.004411 -0.025888 0.110266 0.008010 -0.014928 0.006998 -0.009534 -0.014928 0.078570 -0.009527 0.027429 0.006998 -0.009527 0.009886 -0.017845 -0.009534 0.027429 -0.017845 0.087212 0.015820 -0.025771 0.001623 -0.002209 -0.025771 0.109941 -0.002196 0.006238 0.001623 -0.002196 0.002157 -0.007210 -0.002209 0.006238 -0.007210 0.056609 0.010198 -0.018488 -0.006549 0.008598 -0.018488 0.090077 0.008548 -0.023634 -0.006549 0.008548 0.008630 -0.016281 0.008598 -0.023634 -0.016281 0.083518 0.006464 -0.014613 0.002980 -0.003719 -0.014613 0.081533 -0.003713 0.009644 0.002980 -0.003713 0.015079 -0.024817 -0.003719 0.009644 -0.024817 0.107464 0.014290 -0.023970 -0.003978 0.004790 -0.023970 0.105289 0.004798 -0.012423 -0.003978 0.004798 0.006807 -0.014862 0.004790 -0.012423 -0.014862 0.081927
0.002693 -0.008398 -0.001006 0.001472 -0.008398 0.061481 0.001464 -0.004231 -0.001006 0.001464 0.015934 -0.025906 0.001472 -0.004231 -0.025906 0.110296 0.008122 -0.015103 0.007011 -0.009535 -0.015103 0.078952 -0.009561 0.027458 0.007011 -0.009561 0.009777 -0.017682 -0.009535 0.027458 -0.017682 0.086877 0.015832 -0.025769 0.001573 -0.002216 -0.025769 0.109924 -0.002203 0.006307 0.001573 -0.002203 0.002139 -0.007211 -0.002216 0.006307 -0.007211 0.056710 0.010233 -0.018401 -0.006549 0.008608 -0.018401 0.089757 0.008562 -0.023678 -0.006549 0.008562 0.008586 -0.016367 0.008608 -0.023678 -0.016367 0.083839 0.006319 -0.014523 0.002867 -0.003598 -0.014523 0.081316 -0.003580 0.009345 0.002867 -0.003580 0.015160 -0.024908 -0.003598 0.009345 -0.024908 0.107680 0.014276 -0.023937 -0.003997 0.004840 -0.023937 0.105288 0.004844 -0.012458 -0.003997 0.004844 0.006799 -0.014816 0.004840 -0.012458 -0.014816 0.081775
0.002695 -0.008422 -0.000930 0.001345 -0.008422 0.061565 0.001319 -0.003910 -0.000930 0.001319 0.015945 -0.025927 0.001345 -0.003910 -0.025927 0.110348 0.008221 -0.015270 0.007021 -0.009540 -0.015270 0.079425 -0.009590 0.027497 0.007021 -0.009590 0.009682 -0.017524 -0.009540 0.027497 -0.017524 0.086450 0.015835 -0.025784 0.001559 -0.002145 -0.025784 0.109942 -0.002145 0.006227 0.001559 -0.002145 0.002123 -0.007183 -0.002145 0.006227 -0.007183 0.056699 0.010288 -0.018442 -0.006546 0.008598 -0.018442 0.089695 0.008573 -0.023696 -0.006546 0.008573 0.008523 -0.016313 0.008598 -0.023696 -0.016313 0.083877 0.006234 -0.014343 0.002794 -0.003467 -0.014343 0.080950 -0.003439 0.009012 0.002794 -0.003439 0.015211 -0.025007 -0.003467 0.009012 -0.025007 0.107922 0.014302 -0.023913 -0.003974 0.004875 -0.023913 0.105225 0.004875 -0.012553 -0.003974 0.004875 0.006762 -0.014795 0.004875 -0.012553 -0.014795 0.081667
0.002693 -0.008439 -0.000912 0.001241 -0.008439 0.061654 0.001206 -0.003582 -0.000912 0.001206 0.015948 -0.025944 0.001241 -0.003582 -0.025944 0.110398 0.008287 -0.015412 0.007028 -0.009547 -0.015412 0.079872 -0.009606 0.027530 0.007028 -0.009606 0.009615 -0.017390 -0.009547 0.027530 -0.017390 0.086043 0.015829 -0.025791 0.001588 -0.002113 -0.025791 0.109968 -0.002122 0.006120 0.001588 -0.002122 0.002118 -0.007151 -0.002113 0.006120 -0.007151 0.056623 0.010402 -0.018519 -0.006530 0.008584 -0.018519 0.089827 0.008582 -0.023700 -0.006530 0.008582 0.008404 -0.016218 0.008584 -0.023700 -0.016218 0.083698 0.006269 -0.014220 0.002804 -0.003382 -0.014220 0.080569 -0.003352 0.008746 0.002804 -0.003352 0.015203 -0.025068 -0.003382 0.008746 -0.025068 0.108115 0.014344 -0.023942 -0.003932 0.004851 -0.023942 0.105240 0.004853 -0.012563 -0.003932 0.004853 0.006729 -0.014744 0.004851 -0.012563 -0.014744 0.081543
0.002689 -0.008444 -0.000970 0.001210 -0.008444 0.061717 0.001180 -0.003395 -0.000970 0.001180 0.015939 -0.025948 0.001210 -0.003395 -0.025948 0.110425 0.008224 -0.015507 0.007025 -0.009557 -0.015507 0.080220 -0.009613 0.027554 0.007025 -0.009613 0.009671 -0.017297 -0.009557 0.027554 -0.017297 0.085718 0.015826 -0.025783 0.001603 -0.002152 -0.025783 0.109965 -0.002156 0.006135 0.001603 -0.002156 0.002100 -0.007133 -0.002152 0.006135 -0.007133 0.056539 0.010577 -0.018668 -0.006497 0.008555 -0.018668 0.090130 0.008577 -0.023678 -0.006497 0.008577 0.008236 -0.016058 0.008555 -0.023678 -0.016058 0.083348 0.006328 -0.014254 0.002869 -0.003389 -0.014254 0.080460 -0.003371 0.008672 0.002869 -0.003371 0.015160 -0.025058 -0.003389 0.008672 -0.025058 0.108170 0.014357 -0.023995 -0.003917 0.004795 -0.023995 0.105339 0.004803 -0.012475 -0.003917 0.004803 0.006731 -0.014701 0.004795 -0.012475 -0.014701 0.081417
0.002674 -0.008439 -0.001007 0.001274 -0.008439 0.061738 0.001264 -0.003451 -0.001007 0.001264 0.015934 -0.025937 0.001274 -0.003451 -0.025937 0.110417 0.008161 -0.015432 0.007024 -0.009567 -0.015432 0.080248 -0.009597 0.027560 0.007024 -0.009597 0.009725 -0.017363 -0.009567 0.027560 -0.017363 0.085684 0.015819 -0.025778 0.001631 -0.002182 -0.025778 0.109950 -0.002179 0.006209 0.001631 -0.002179 0.002098 -0.007098 -0.002182 0.006209 -0.007098 0.056431 0.010725 -0.018899 -0.006472 0.008500 -0.018899 0.090643 0.008547 -0.023601 -0.006472 0.008547 0.008083 -0.015834 0.008500 -0.023601 -0.015834 0.082822 0.006430 -0.014337 0.002929 -0.003460 -0.014337 0.080590 -0.003459 0.008788 0.002929 -0.003459 0.015114 -0.025004 -0.003460 0.008788 -0.025004 0.108091 0.014348 -0.024014 -0.003917 0.004773 -0.024014 0.105418 0.004781 -0.012391 -0.003917 0.004781 0.006781 -0.014705 0.004773 -0.012391 -0.014705 0.081374
0.002661 -0.008411 -0.001034 0.001327 -0.008411 0.061691 0.001333 -0.003607 -0.001034 0.001333 0.015930 -0.025928 0.001327 -0.003607 -0.025928 0.110395 0.008110 -0.015330 0.007022 -0.009583 -0.015330 0.080037 -0.009582 0.027562 0.007022 -0.009582 0.009768 -0.017446 -0.009583 0.027562 -0.017446 0.085852 0.015823 -0.025769 0.001616 -0.002225 -0.025769 0.109928 -0.002217 0.006311 0.001616 -0.002217 0.002097 -0.007078 -0.002225 0.006311 -0.007078 0.056320 0.010818 -0.019103 -0.006454 0.008456 -0.019103 0.091217 0.008518 -0.023500 -0.006454 0.008518 0.007986 -0.015627 0.008456 -0.023500 -0.015627 0.082246 0.006545 -0.014474 0.002939 -0.003529 -0.014474 0.080881 -0.003540 0.008967 0.002939 -0.003540 0.015098 -0.024947 -0.003529 0.008967 -0.024947 0.107958 0.014284 -0.024004 -0.003973 0.004772 -0.024004 0.105430 0.004775 -0.012354 -0.003973 0.004775 0.006864 -0.014775 0.004772 -0.012354 -0.014775 0.081481
0.002656 -0.008380 -0.001003 0.001363 -0.008380 0.061594 0.001375 -0.003743 -0.001003 0.001375 0.015935 -0.025923 0.001363 -0.003743 -0.025923 0.110375 0.008072 -0.015246 0.007023 -0.009593 -0.015246 0.079781 -0.009575 0.027571 0.007023 -0.009575 0.009798 -0.017510 -0.009593 0.027571 -0.017510 0.086042 0.015827 -0.025772 0.001598 -0.002211 -0.025772 0.109922 -0.002205 0.006344 0.001598 -0.002205 0.002091 -0.007069 -0.002211 0.006344 -0.007069 0.056241 0.010890 -0.019230 -0.006439 0.008433 -0.019230 0.091664 0.008494 -0.023420 -0.006439 0.008494 0.007913 -0.015492 0.008433 -0.023420 -0.015492 0.081782 0.006495 -0.014636 0.002837 -0.003536 -0.014636 0.081285 -0.003550 0.009050 0.002837 -0.003550 0.015162 -0.024927 -0.003536 0.009050 -0.024927 0.107872 0.014244 -0.023929 -0.004010 0.004840 -0.023929 0.105315 0.004832 -0.012434 -0.004010 0.004832 0.006901 -0.014888 0.004840 -0.012434 -0.014888 0.081730
0.002666 -0.008362 -0.000961 0.001332 -0.008362 0.061501 0.001337 -0.003746 -0.000961 0.001337 0.015941 -0.025928 0.001332 -0.003746 -0.025928 0.110375 0.008038 -0.015186 0.007024 -0.009600 -0.015186 0.079564 -0.009576 0.027590 0.007024 -0.009576 0.009823 -0.017551 -0.009600 0.027590 -0.017551 0.086183 0.015830 -0.025778 0.001587 -0.002179 -0.025778 0.109932 -0.002180 0.006300 0.001587 -0.002180 0.002078 -0.007060 -0.002179 0.006300 -0.007060 0.056188 0.010896 -0.019321 -0.006438 0.008419 -0.019321 0.091976 0.008470 -0.023362 -0.006438 0.008470 0.007906 -0.015396 0.008419 -0.023362 -0.015396 0.081449 0.006457 -0.014603 0.002726 -0.003415 -0.014603 0.081442 -0.003415 0.008865 0.002726 -0.003415 0.015231 -0.025006 -0.003415 0.008865 -0.025006 0.107967 0.014192 -0.023877 -0.004062 0.004891 -0.023877 0.105171 0.004878 -0.012555 -0.004062 0.004878 0.006934 -0.014942 0.004891 -0.012555 -0.014942 0.081940
0.002676 -0.008375 -0.000907 0.001277 -0.008375 0.061477 0.001271 -0.003631 -0.000907 0.001271 0.015949 -0.025937 0.001277 -0.003631 -0.025937 0.110393 0.007979 -0.015135 0.007022 -0.009604 -0.015135 0.079385 -0.009582 0.027614 0.007022 -0.009582 0.009870 -0.017581 -0.009604 0.027614 -0.017581 0.086281 0.015827 -0.025783 0.001598 -0.002159 -0.025783 0.109946 -0.002165 0.006244 0.001598 -0.002165 0.002071 -0.007039 -0.002159 0.006244 -0.007039 0.056130 0.010874 -0.019331 -0.006444 0.008427 -0.019331 0.092113 0.008460 -0.023337 -0.006444 0.008460 0.007927 -0.015385 0.008427 -0.023337 -0.015385 0.081297 0.006457 -0.014556 0.002674 -0.003280 -0.014556 0.081399 -0.003265 0.008533 0.002674 -0.003265 0.015262 -0.025094 -0.003280 0.008533 -0.025094 0.108167 0.014152 -0.023813 -0.004091 0.004955 -0.023813 0.105019 0.004940 -0.012701 -0.004091 0.004940 0.007005 -0.014978 0.004955 -0.012701 -0.014978 0.082067
0.002669 -0.008399 -0.000842 0.001207 -0.008399 0.061525 0.001192 -0.003451 -0.000842 0.001192 0.015957 -0.025947 0.001207 -0.003451 -0.025947 0.110418 0.007969 -0.015053 0.007026 -0.009608 -0.015053 0.079173 -0.009584 0.027638 0.007026 -0.009584 0.009872 -0.017639 -0.009608 0.027638 -0.017639 0.086403 0.015819 -0.025780 0.001636 -0.002174 -0.025780 0.109948 -0.002177 0.006241 0.001636 -0.002177 0.002059 -0.007022 -0.002174 0.006241 -0.007022 0.056063 0.010800 -0.019297 -0.006457 0.008445 -0.019297 0.092093 0.008460 -0.023346 -0.006457 0.008460 0.008008 -0.015416 0.008445 -0.023346 -0.015416 0.081306 0.006557 -0.014560 0.002712 -0.003212 -0.014560 0.081384 -0.003194 0.008278 0.002712 -0.003194 0.015232 -0.025134 -0.003212 0.008278 -0.025134 0.108318 0.014081 -0.023763 -0.004146 0.004992 -0.023763 0.104877 0.004976 -0.012822 -0.004146 0.004976 0.007098 -0.015062 0.004992 -0.012822 -0.015062 0.082234
0.002645 -0.008401 -0.000807 0.001123 -0.008401 0.061573 0.001100 -0.003227 -0.000807 0.001100 0.015962 -0.025959 0.001123 -0.003227 -0.025959 0.110448 0.007942 -0.015027 0.007021 -0.009616 -0.015027 0.079015 -0.009595 0.027670 0.007021 -0.009595 0.009901 -0.017642 -0.009616 0.027670 -0.017642 0.086467 0.015801 -0.025768 0.001709 -0.002231 -0.025768 0.109927 -0.002226 0.006334 0.001709 -0.002226 0.002066 -0.006995 -0.002231 0.006334 -0.006995 0.055977 0.010772 -0.019199 -0.006459 0.008473 -0.019199 0.091917 0.008467 -0.023381 -0.006459 0.008467 0.008048 -0.015523 0.008473 -0.023381 -0.015523 0.081492 0.006701 -0.014691 0.002752 -0.003248 -0.014691 0.081597 -0.003241 0.008250 0.002752 -0.003241 0.015196 -0.025099 -0.003248 0.008250 -0.025099 0.108317 0.014055 -0.023679 -0.004165 0.005057 -0.023679 0.104696 0.005038 -0.012958 -0.004165 0.005038 0.007139 -0.015182 0.005057 -0.012958 -0.015182 0.082505
0.002610 -0.008370 -0.000836 0.001074 -0.008370 0.061548 0.001050 -0.003043 -0.000836 0.001050 0.015958 -0.025965 0.001074 -0.003043 -0.025965 0.110472 0.007917 -0.014991 0.007020 -0.009612 -0.014991 0.078895 -0.009595 0.027691 0.007020 -0.009595 0.009921 -0.017674 -0.009612 0.027691 -0.017674 0.086522 0.015774 -0.025744 0.001810 -0.002338 -0.025744 0.109877 -0.002319 0.006550 0.001810 -0.002319 0.002090 -0.006989 -0.002338 0.006550 -0.006989 0.055900 0.010797 -0.019154 -0.006449 0.008480 -0.019154 0.091747 0.008464 -0.023402 -0.006449 0.008464 0.008033 -0.015588 0.008480 -0.023402 -0.015588 0.081706 0.006811 -0.014892 0.002832 -0.003289 -0.014892 0.082046 -0.003295 0.008335 0.002832 -0.003295 0.015138 -0.025055 -0.003289 0.008335 -0.025055 0.108231 0.014019 -0.023646 -0.004195 0.005079 -0.023646 0.104562 0.005061 -0.013051 -0.004195 0.005061 0.007174 -0.015242 0.005079 -0.013051 -0.015242 0.082729
0.002574 -0.008309 -0.000815 0.001103 -0.008309 0.061415 0.001090 -0.003026 -0.000815 0.001090 0.015961 -0.025961 0.001103 -0.003026 -0.025961 0.110475 0.007773 -0.014956 0.006999 -0.009611 -0.014956 0.078783 -0.009595 0.027699 0.006999 -0.009595 0.010060 -0.017701 -0.009611 0.027699 -0.017701 0.086593 0.015759 -0.025707 0.001867 -0.002489 -0.025707 0.109792 -0.002452 0.006891 0.001867 -0.002452 0.002118 -0.007011 -0.002489 0.006891 -0.007011 0.055885 0.010851 -0.019187 -0.006430 0.008461 -0.019187 0.091736 0.008451 -0.023377 -0.006430 0.008451 0.007997 -0.015577 0.008461 -0.023377 -0.015577 0.081783 0.006919 -0.015052 0.002910 -0.003373 -0.015052 0.082529 -0.003389 0.008500 0.002910 -0.003389 0.015078 -0.024986 -0.003373 0.008500 -0.024986 0.108089 0.013984 -0.023606 -0.004232 0.005110 -0.023606 0.104460 0.005095 -0.013125 -0.004232 0.005095 0.007172 -0.015286 0.005110 -0.013125 -0.015286 0.082878
0.002538 -0.008236 -0.000810 0.001084 -0.008236 0.061197 0.001077 -0.003026 -0.000810 0.001077 0.015962 -0.025963 0.001084 -0.003026 -0.025963 0.110476 0.007609 -0.014771 0.006977 -0.009595 -0.014771 0.078443 -0.009561 0.027667 0.006977 -0.009561 0.010213 -0.017877 -0.009595 0.027667 -0.017877 0.086896 0.015753 -0.025684 0.001892 -0.002580 -0.025684 0.109711 -0.002536 0.007205 0.001892 -0.002536 0.002140 -0.007050 -0.002580 0.007205 -0.007050 0.055941 0.010811 -0.019263 -0.006427 0.008426 -0.019263 0.091879 0.008429 -0.023310 -0.006427 0.008429 0.008065 -0.015532 0.008426 -0.023310 -0.015532 0.081731 0.006876 -0.015195 0.002850 -0.003461 -0.015195 0.082955 -0.003482 0.008710 0.002850 -0.003482 0.015119 -0.024916 -0.003461 0.008710 -0.024916 0.107920 0.013976 -0.023562 -0.004250 0.005155 -0.023562 0.104352 0.005143 -0.013228 -0.004250 0.005143 0.007130 -0.015280 0.005155 -0.013228 -0.015280 0.082924
0.002514 -0.008161 -0.000789 0.001076 -0.008161 0.060939 0.001070 -0.003005 -0.000789 0.001070 0.015964 -0.025964 0.001076 -0.003005 -0.025964 0.110479 0.007573 -0.014536 0.006974 -0.009579 -0.014536 0.077867 -0.009517 0.027601 0.006974 -0.009517 0.010246 -0.018094 -0.009579 0.027601 -0.018094 0.087421 0.015761 -0.025674 0.001859 -0.002612 -0.025674 0.109662 -0.002574 0.007388 0.001859 -0.002574 0.002149 -0.007091 -0.002612 0.007388 -0.007091 0.056048 0.010844 -0.019229 -0.006413 0.008414 -0.019229 0.091917 0.008414 -0.023246 -0.006413 0.008414 0.008051 -0.015617 0.008414 -0.023246 -0.015617 0.081831 0.006895 -0.015155 0.002878 -0.003398 -0.015155 0.083077 -0.003408 0.008691 0.002878 -0.003408 0.015100 -0.024962 -0.003398 0.008691 -0.024962 0.107919 0.013900 -0.023549 -0.004328 0.005182 -0.023549 0.104283 0.005174 -0.013325 -0.004328 0.005174 0.007135 -0.015216 0.005182 -0.013325 -0.015216 0.082820
0.002529 -0.008105 -0.000847 0.001052 -0.008105 0.060695 0.001045 -0.002962 -0.000847 0.001045 0.015957 -0.025968 0.001052 -0.002962 -0.025968 0.110486 0.007578 -0.014459 0.006973 -0.009574 -0.014459 0.077445 -0.009512 0.027564 0.006973 -0.009512 0.010243 -0.018157 -0.009574 0.027564 -0.018157 0.087783 0.015756 -0.025685 0.001877 -0.002558 -0.025685 0.109661 -0.002539 0.007380 0.001877 -0.002539 0.002173 -0.007118 -0.002558 0.007380 -0.007118 0.056163 0.010765 -0.019266 -0.006428 0.008390 -0.019266 0.091969 0.008389 -0.023171 -0.006428 0.008389 0.008130 -0.015620 0.008390 -0.023171 -0.015620 0.081934 0.006851 -0.015168 0.002889 -0.003425 -0.015168 0.083096 -0.003429 0.008677 0.002889 -0.003429 0.015099 -0.024946 -0.003425 0.008677 -0.024946 0.107926 0.013889 -0.023456 -0.004358 0.005282 -0.023456 0.104118 0.005272 -0.013520 -0.004358 0.005272 0.007057 -0.015201 0.005282 -0.013520 -0.015201 0.082713
0.002551 -0.008109 -0.000914 0.001117 -0.008109 0.060569 0.001119 -0.003045 -0.000914 0.001119 0.015948 -0.025959 0.001117 -0.003045 -0.025959 0.110475 0.007605 -0.014467 0.006975 -0.009565 -0.014467 0.077303 -0.009525 0.027563 0.006975 -0.009525 0.010223 -0.018148 -0.009565 0.027563 -0.018148 0.087886 0.015750 -0.025682 0.001898 -0.002562 -0.025682 0.109665 -0.002553 0.007355 0.001898 -0.002553 0.002188 -0.007165 -0.002562 0.007355 -0.007165 0.056310 0.010699 -0.019179 -0.006447 0.008406 -0.019179 0.091884 0.008397 -0.023145 -0.006447 0.008397 0.008184 -0.015721 0.008406 -0.023145 -0.015721 0.082127 0.006787 -0.015112 0.002874 -0.003443 -0.015112 0.083022 -0.003445 0.008717 0.002874 -0.003445 0.015115 -0.024942 -0.003443 0.008717 -0.024942 0.107910 0.013937 -0.023431 -0.004324 0.005334 -0.023431 0.103985 0.005326 -0.013714 -0.004324 0.005326 0.006988 -0.015088 0.005334 -0.013714 -0.015088 0.082483
0.002587 -0.008142 -0.001009 0.001204 -0.008142 0.060582 0.001220 -0.003256 -0.001009 0.001220 0.015934 -0.025946 0.001204 -0.003256 -0.025946 0.110448 0.007716 -0.014511 0.006986 -0.009556 -0.014511 0.077344 -0.009540 0.027570 0.006986 -0.009540 0.010126 -0.018114 -0.009556 0.027570 -0.018114 0.087846 0.015746 -0.025674 0.001913 -0.002589 -0.025674 0.109652 -0.002580 0.007393 0.001913 -0.002580 0.002189 -0.007201 -0.002589 0.007393 -0.007201 0.056468 0.010713 -0.019086 -0.006448 0.008437 -0.019086 0.091670 0.008417 -0.023180 -0.006448 0.008417 0.008162 -0.015799 0.008437 -0.023180 -0.015799 0.082362 0.006755 -0.015022 0.002922 -0.003432 -0.015022 0.082826 -0.003430 0.008719 0.002922 -0.003430 0.015088 -0.024959 -0.003432 0.008719 -0.024959 0.107929 0.014005 -0.023486 -0.004272 0.005299 -0.023486 0.104019 0.005301 -0.013754 -0.004272 0.005301 0.006906 -0.014981 0.005299 -0.013754 -0.014981 0.082170
0.002617 -0.008203 -0.001113 0.001323 -0.008203 0.060708 0.001353 -0.003557 -0.001113 0.001353 0.015917 -0.025928 0.001323 -0.003557 -0.025928 0.110406 0.007797 -0.014664 0.006994 -0.009553 -0.014664 0.077625 -0.009566 0.027589 0.006994 -0.009566 0.010054 -0.017986 -0.009553 0.027589 -0.017986 0.087616 0.015749 -0.025668 0.001903 -0.002610 -0.025668 0.109635 -0.002600 0.007449 0.001903 -0.002600 0.002182 -0.007213 -0.002610 0.007449 -0.007213 0.056575 0.010754 -0.019093 -0.006436 0.008441 -0.019093 0.091573 0.008426 -0.023216 -0.006436 0.008426 0.008129 -0.015774 0.008441 -0.023216 -0.015774 0.082422 0.006911 -0.014965 0.003106 -0.003490 -0.014965 0.082631 -0.003490 0.008806 0.003106 -0.003490 0.014943 -0.024928 -0.003490 0.008806 -0.024928 0.107894 0.014020 -0.023571 -0.004261 0.005230 -0.023571 0.104183 0.005242 -0.013656 -0.004261 0.005242 0.006888 -0.014872 0.005230 -0.013656 -0.014872 0.081859
0.002627 -0.008259 -0.001171 0.001458 -0.008259 0.060886 0.001500 -0.003921 -0.001171 0.001500 0.015908 -0.025905 0.001458 -0.003921 -0.025905 0.110350 0.007793 -0.014796 0.006993 -0.009550 -0.014796 0.078012 -0.009585 0.027606 0.006993 -0.009585 0.010060 -0.017879 -0.009550 0.027606 -0.017879 0.087316 0.015768 -0.025671 0.001831 -0.002598 -0.025671 0.109632 -0.002592 0.007459 0.001831 -0.002592 0.002158 -0.007203 -0.002598 0.007459 -0.007203 0.056604 0.010872 -0.019147 -0.006409 0.008422 -0.019147 0.091638 0.008420 -0.023212 -0.006409 0.008420 0.008015 -0.015724 0.008422 -0.023212 -0.015724 0.082335 0.007110 -0.015140 0.003237 -0.003701 -0.015140 0.082803 -0.003720 0.009195 0.003237 -0.003720 0.014828 -0.024757 -0.003701 0.009195 -0.024757 0.107611 0.014025 -0.023594 -0.004253 0.005212 -0.023594 0.104299 0.005226 -0.013578 -0.004253 0.005226 0.006903 -0.014844 0.005212 -0.013578 -0.014844 0.081681
0.002609 -0.008284 -0.001173 0.001540 -0.008284 0.061023 0.001582 -0.004217 -0.001173 0.001582 0.015908 -0.025892 0.001540 -0.004217 -0.025892 0.110302 0.007780 -0.014808 0.006987 -0.009548 -0.014808 0.078220 -0.009578 0.027597 0.006987 -0.009578 0.010079 -0.017879 -0.009548 0.027597 -0.017879 0.087183 0.015783 -0.025697 0.001774 -0.002497 -0.025697 0.109673 -0.002507 0.007310 0.001774 -0.002507 0.002152 -0.007167 -0.002497 0.007310 -0.007167 0.056550 0.010996 -0.019301 -0.006374 0.008374 -0.019301 0.091924 0.008393 -0.023146 -0.006374 0.008393 0.007905 -0.015579 0.008374 -0.023146 -0.015579 0.082062 0.007185 -0.015397 0.003240 -0.003856 -0.015397 0.083329 -0.003891 0.009643 0.003240 -0.003891 0.014819 -0.024613 -0.003856 0.009643 -0.024613 0.107242 0.014069 -0.023598 -0.004214 0.005205 -0.023598 0.104338 0.005214 -0.013541 -0.004214 0.005214 0.006862 -0.014865 0.005205 -0.013541 -0.014865 0.081662
0.002601 -0.008260 -0.001180 0.001552 -0.008260 0.061043 0.001581 -0.004341 -0.001180 0.001581 0.015907 -0.025891 0.001552 -0.004341 -0.025891 0.110281 0.007737 -0.014787 0.006981 -0.009545 -0.014787 0.078249 -0.009560 0.027568 0.006981 -0.009560 0.010120 -0.017912 -0.009545 0.027568 -0.017912 0.087213 0.015806 -0.025719 0.001683 -0.002404 -0.025719 0.109735 -0.002428 0.007078 0.001683 -0.002428 0.002125 -0.007154 -0.002404 0.007078 -0.007154 0.056489 0.010973 -0.019473 -0.006378 0.008316 -0.019473 0.092352 0.008354 -0.023030 -0.006378 0.008354 0.007934 -0.015430 0.008316 -0.023030 -0.015430 0.081683 0.007097 -0.015515 0.003154 -0.003860 -0.015515 0.083778 -0.003889 0.009811 0.003154 -0.003889 0.014892 -0.024600 -0.003860 0.009811 -0.024600 0.107074 0.014132 -0.023650 -0.004150 0.005158 -0.023650 0.104427 0.005167 -0.013456 -0.004150 0.005167 0.006839 -0.014824 0.005158 -0.013456 -0.014824 0.081616
0.002617 -0.008237 -0.001187 0.001562 -0.008237 0.060987 0.001578 -0.004376 -0.001187 0.001578 0.015905 -0.025890 0.001562 -0.004376 -0.025890 0.110276 0.007732 -0.014728 0.006978 -0.009543 -0.014728 0.078156 -0.009540 0.027531 0.006978 -0.009540 0.010129 -0.017973 -0.009543 0.027531 -0.017973 0.087342 0.015807 -0.025751 0.001680 -0.002274 -0.025751 0.109813 -0.002311 0.006776 0.001680 -0.002311 0.002129 -0.007121 -0.002274 0.006776 -0.007121 0.056418 0.010875 -0.019461 -0.006399 0.008317 -0.019461 0.092542 0.008346 -0.022963 -0.006399 0.008346 0.008035 -0.015457 0.008317 -0.022963 -0.015457 0.081555 0.006919 -0.015419 0.003090 -0.003760 -0.015419 0.083806 -0.003767 0.009663 0.003090 -0.003767 0.014959 -0.024691 -0.003760 0.009663 -0.024691 0.107178 0.014194 -0.023730 -0.004084 0.005074 -0.023730 0.104597 0.005087 -0.013284 -0.004084 0.005087 0.006827 -0.014799 0.005074 -0.013284 -0.014799 0.081550
0.002632 -0.008252 -0.001145 0.001572 -0.008252 0.060970 0.001581 -0.004396 -0.001145 0.001581 0.015912 -0.025889 0.001572 -0.004396 -0.025889 0.110272 0.007788 -0.014712 0.006985 -0.009540 -0.014712 0.078072 -0.009531 0.027503 0.006985 -0.009531 0.010076 -0.017994 -0.009540 0.027503 -0.017994 0.087450 0.015801 -0.025755 0.001704 -0.002260 -0.025755 0.109859 -0.002292 0.006597 0.001704 -0.002292 0.002147 -0.007122 -0.002260 0.006597 -0.007122 0.056382 0.010734 -0.019331 -0.006432 0.008358 -0.019331 0.092376 0.008358 -0.022982 -0.006432 0.008358 0.008167 -0.015595 0.008358 -0.022982 -0.015595 0.081767 0.006751 -0.015187 0.003088 -0.003689 -0.015187 0.083402 -0.003677 0.009448 0.003088 -0.003677 0.014981 -0.024776 -0.003689 0.009448 -0.024776 0.107380 0.014165 -0.023809 -0.004108 0.004984 -0.023809 0.104801 0.005001 -0.013063 -0.004108 0.005001 0.006866 -0.014796 0.004984 -0.013063 -0.014796 0.081535
0.002651 -0.008280 -0.001093 0.001524 -0.008280 0.061024 0.001524 -0.004324 -0.001093 0.001524 0.015921 -0.025898 0.001524 -0.004324 -0.025898 0.110284 0.007845 -0.014783 0.006990 -0.009543 -0.014783 0.078157 -0.009545 0.027503 0.006990 -0.009545 0.010026 -0.017928 -0.009543 0.027503 -0.017928 0.087390 0.015785 -0.025746 0.001765 -0.002303 -0.025746 0.109857 -0.002318 0.006600 0.001765 -0.002318 0.002165 -0.007151 -0.002303 0.006600 -0.007151 0.056425 0.010686 -0.019140 -0.006447 0.008417 -0.019140 0.091963 0.008388 -0.023069 -0.006447 0.008388 0.008203 -0.015776 0.008417 -0.023069 -0.015776 0.082186 0.006714 -0.014945 0.003106 -0.003698 -0.014945 0.082791 -0.003681 0.009384 0.003106 -0.003681 0.014973 -0.024801 -0.003698 0.009384 -0.024801 0.107499 0.014099 -0.023780 -0.004165 0.005008 -0.023780 0.104848 0.005017 -0.012987 -0.004165 0.005017 0.006931 -0.014854 0.005008 -0.012987 -0.014854 0.081639
0.002667 -0.008323 -0.001073 0.001456 -0.008323 0.061142 0.001445 -0.004157 -0.001073 0.001445 0.015924 -0.025910 0.001456 -0.004157 -0.025910 0.110312 0.007832 -0.014870 0.006988 -0.009542 -0.014870 0.078365 -0.009558 0.027515 0.006988 -0.009558 0.010040 -0.017855 -0.009542 0.027515 -0.017855 0.087218 0.015778 -0.025724 0.001794 -0.002398 -0.025724 0.109817 -0.002392 0.006756 0.001794 -0.002392 0.002178 -0.007184 -0.002398 0.006756 -0.007184 0.056518 0.010799 -0.019060 -0.006427 0.008446 -0.019060 0.091626 0.008411 -0.023159 -0.006427 0.008411 0.008079 -0.015835 0.008446 -0.023159 -0.015835 0.082480 0.006680 -0.014864 0.003044 -0.003729 -0.014864 0.082362 -0.003719 0.009448 0.003044 -0.003719 0.015017 -0.024787 -0.003729 0.009448 -0.024787 0.107506 0.014094 -0.023697 -0.004179 0.005087 -0.023697 0.104715 0.005081 -0.013089 -0.004179 0.005081 0.006894 -0.014939 0.005087 -0.013089 -0.014939 0.081835
0.002665 -0.008362 -0.001042 0.001424 -0.008362 0.061290 0.001409 -0.004017 -0.001042 0.001409 0.015929 -0.025915 0.001424 -0.004017 -0.025915 0.110334 0.007775 -0.014866 0.006980 -0.009539 -0.014866 0.078473 -0.009554 0.027511 0.006980 -0.009554 0.010094 -0.017865 -0.009539 0.027511 -0.017865 0.087147 0.015778 -0.025712 0.001794 -0.002452 -0.025712 0.109774 -0.002435 0.006924 0.001794 -0.002435 0.002183 -0.007209 -0.002452 0.006924 -0.007209 0.056612 0.010786 -0.019195 -0.006433 0.008413 -0.019195 0.091707 0.008404 -0.023169 -0.006433 0.008404 0.008086 -0.015677 0.008413 -0.023169 -0.015677 0.082329 0.006741 -0.014820 0.003098 -0.003663 -0.014820 0.082142 -0.003653 0.009393 0.003098 -0.003653 0.014973 -0.024834 -0.003663 0.009393 -0.024834 0.107566 0.014170 -0.023684 -0.004120 0.005113 -0.023684 0.104618 0.005106 -0.013192 -0.004120 0.005106 0.006780 -0.014895 0.005113 -0.013192 -0.014895 0.081860
