0.00686351 0 -0.000243498 0 0 0.00968874 0 0 -0.000243498 0 0.00684679 0 0 0 0 0.00968874 
0.00999428 -0.0124058 -0.000295041 0.000355198 -0.0124058 0.0329356 0.000355198 -0.000681455 -0.000295041 0.000355198 0.00999354 -0.0124059 0.000355198 -0.000681455 -0.0124059 0.032936 
0.00976699 -0.0182068 -0.000206406 0.000250694 -0.0182068 0.0671084 0.000250694 -0.000740377 -0.000206406 0.000250694 0.0097749 -0.0182555 0.000250694 -0.000740377 -0.0182555 0.0672725 
0.0092133 -0.017773 -0.000184429 3.80922e-05 -0.017773 0.0797242 4.84051e-05 0.000225931 -0.000184429 4.84051e-05 0.00920076 -0.0178779 3.80922e-05 0.000225931 -0.0178779 0.0802443 
0.00944179 -0.0176932 -0.000216698 4.58611e-05 -0.0176932 0.0852889 6.54735e-05 0.000586228 -0.000216698 6.54735e-05 0.00943666 -0.0177443 4.58611e-05 0.000586228 -0.0177443 0.0858421 
0.00964696 -0.0177513 -0.000247907 0.000132619 -0.0177513 0.0871709 0.000156195 0.000337646 -0.000247907 0.000156195 0.00964247 -0.0177826 0.000132619 0.000337646 -0.0177826 0.0875842 
0.00987791 -0.0180774 -0.000257264 0.000187481 -0.0180774 0.089058 0.000209801 4.13826e-05 -0.000257264 0.000209801 0.00987179 -0.0181098 0.000187481 4.13826e-05 -0.0181098 0.0893779 
0.00961338 -0.0175678 -0.00024878 0.000194466 -0.0175678 0.0865873 0.00020654 -0.000115281 -0.00024878 0.00020654 0.00959952 -0.0175915 0.000194466 -0.000115281 -0.0175915 0.0868279 
0.00993397 -0.0181128 -0.0002463 0.000198328 -0.0181128 0.0892828 0.00019954 -0.000159751 -0.0002463 0.00019954 0.00988052 -0.0181526 0.000198328 -0.000159751 -0.0181526 0.0895517 
0.00978061 -0.017881 -0.0002339 0.000176889 -0.017881 0.0880258 0.000170589 -0.000119887 -0.0002339 0.000170589 0.00974863 -0.0178629 0.000176889 -0.000119887 -0.0178629 0.0882048 
0.0096791 -0.0177162 -0.000215662 0.000163671 -0.0177162 0.0872297 0.000152849 -7.23034e-05 -0.000215662 0.000152849 0.0096719 -0.0177002 0.000163671 -7.23034e-05 -0.0177002 0.0873342 
0.009605 -0.0175948 -0.000196319 0.000143854 -0.0175948 0.086665 0.000135696 -2.83945e-05 -0.000196319 0.000135696 0.00961629 -0.0176063 0.000143854 -2.83945e-05 -0.0176063 0.0867851 
0.0095815 -0.0175408 -0.000198561 0.00012427 -0.0175408 0.0864473 0.000122518 8.60335e-06 -0.000198561 0.000122518 0.00958532 -0.0175879 0.00012427 8.60335e-06 -0.0175879 0.08665 
0.0095817 -0.017574 -0.000183736 0.000120956 -0.017574 0.0866115 0.000124991 2.99792e-05 -0.000183736 0.000124991 0.00960551 -0.0176214 0.000120956 2.99792e-05 -0.0176214 0.0868626 
0.0095695 -0.0175498 -0.000181517 0.00010777 -0.0175498 0.0865571 0.000113499 4.41093e-05 -0.000181517 0.000113499 0.00960906 -0.0176127 0.00010777 4.41093e-05 -0.0176127 0.0868336 
0.00956287 -0.017508 -0.000160526 0.000102459 -0.017508 0.0863989 0.000108668 6.1656e-05 -0.000160526 0.000108668 0.00958447 -0.0176088 0.000102459 6.1656e-05 -0.0176088 0.08677 
0.00958132 -0.0175539 -0.000163153 8.24808e-05 -0.0175539 0.0865708 9.19484e-05 8.60076e-05 -0.000163153 9.19484e-05 0.00959197 -0.0176238 8.24808e-05 8.60076e-05 -0.0176238 0.0869288 
0.00959575 -0.0175638 -0.000166121 8.11287e-05 -0.0175638 0.0866305 9.24959e-05 0.000103333 -0.000166121 9.24959e-05 0.00957806 -0.0176192 8.11287e-05 0.000103333 -0.0176192 0.0869468 
0.00957931 -0.0175372 -0.000163695 8.87949e-05 -0.0175372 0.0864493 0.000100566 8.74692e-05 -0.000163695 0.000100566 0.00954781 -0.0175407 8.87949e-05 8.74692e-05 -0.0175407 0.0866499 
0.00956549 -0.0174756 -0.000172144 8.71825e-05 -0.0174756 0.0861453 9.7919e-05 8.03959e-05 -0.000172144 9.7919e-05 0.0095016 -0.0174733 8.71825e-05 8.03959e-05 -0.0174733 0.0862971 
0.0100051 -0.0182714 -0.000206856 0.000113324 -0.0182714 0.0899713 0.000115756 4.74985e-05 -0.000206856 0.000115756 0.00990822 -0.018225 0.000113324 4.74985e-05 -0.018225 0.0900447 
0.010015 -0.0183287 -0.00024989 0.000157371 -0.0183287 0.0901647 0.000148829 -3.65719e-05 -0.00024989 0.000148829 0.00990932 -0.0182209 0.000157371 -3.65719e-05 -0.0182209 0.0900706 
0.00999663 -0.0183126 -0.000283179 0.000216978 -0.0183126 0.0901173 0.000204399 -0.000170917 -0.000283179 0.000204399 0.00990544 -0.0181848 0.000216978 -0.000170917 -0.0181848 0.0899072 
0.0095483 -0.0175423 -0.000287641 0.00024144 -0.0175423 0.0863702 0.000231656 -0.000268292 -0.000287641 0.000231656 0.00951079 -0.017436 0.00024144 -0.000268292 -0.017436 0.0861504 
0.00999277 -0.0182966 -0.000285195 0.000271001 -0.0182966 0.0902376 0.000261658 -0.000349637 -0.000285195 0.000261658 0.00995128 -0.0182683 0.000271001 -0.000349637 -0.0182683 0.0901584 
0.00997228 -0.0182513 -0.000228782 0.000246803 -0.0182513 0.0899594 0.000231765 -0.000322704 -0.000228782 0.000231765 0.00994567 -0.0182393 0.000246803 -0.000322704 -0.0182393 0.0900053 
0.00993613 -0.0182065 -0.000183773 0.000177192 -0.0182065 0.0896989 0.000157635 -0.0001863 -0.000183773 0.000157635 0.00993807 -0.0182103 0.000177192 -0.0001863 -0.0182103 0.0898051 
0.00996788 -0.0182487 -0.000144824 0.000111128 -0.0182487 0.08994 9.71686e-05 -1.05506e-05 -0.000144824 9.71686e-05 0.00995316 -0.018293 0.000111128 -1.05506e-05 -0.018293 0.0901369 
0.0095519 -0.0175444 -0.000110558 4.82779e-05 -0.0175444 0.0864451 4.7446e-05 0.00014505 -0.000110558 4.7446e-05 0.00956565 -0.0175675 4.82779e-05 0.00014505 -0.0175675 0.0866449 
0.00952257 -0.0175214 -0.000110526 4.67822e-06 -0.0175214 0.086456 1.92192e-05 0.000263911 -0.000110526 1.92192e-05 0.00958858 -0.0175738 4.67822e-06 0.000263911 -0.0175738 0.0866887 
0.00951082 -0.0174776 -0.000135456 7.23155e-06 -0.0174776 0.0863819 2.86877e-05 0.000290448 -0.000135456 2.86877e-05 0.00958146 -0.0175995 7.23155e-06 0.000290448 -0.0175995 0.0867528 
0.00949669 -0.0174622 -0.000169343 4.93908e-05 -0.0174622 0.086325 6.92851e-05 0.000216244 -0.000169343 6.92851e-05 0.00958446 -0.0175872 4.93908e-05 0.000216244 -0.0175872 0.0867677 
0.00948963 -0.0174191 -0.000204851 0.000110009 -0.0174191 0.0861508 0.000120428 7.2048e-05 -0.000204851 0.000120428 0.00957349 -0.017555 0.000110009 7.2048e-05 -0.017555 0.0866146 
0.00945369 -0.0173862 -0.000227661 0.000154915 -0.0173862 0.0859429 0.000158733 -5.34793e-05 -0.000227661 0.000158733 0.00958219 -0.0175188 0.000154915 -5.34793e-05 -0.0175188 0.0864153 
0.00944189 -0.0173335 -0.000215929 0.000183245 -0.0173335 0.0857686 0.00018054 -0.000137416 -0.000215929 0.00018054 0.0095757 -0.0175483 0.000183245 -0.000137416 -0.0175483 0.0864025 
0.00990388 -0.0181094 -0.000213298 0.000181997 -0.0181094 0.0895874 0.000173596 -0.00016048 -0.000213298 0.000173596 0.00998599 -0.0183604 0.000181997 -0.00016048 -0.0183604 0.090401 
0.00950603 -0.0173879 -0.000184054 0.000156296 -0.0173879 0.085846 0.00014731 -0.000118589 -0.000184054 0.00014731 0.00953864 -0.0175548 0.000156296 -0.000118589 -0.0175548 0.0865597 
0.00951872 -0.0174345 -0.000201014 0.000132584 -0.0174345 0.0859994 0.000127315 -7.29646e-05 -0.000201014 0.000127315 0.00953776 -0.0175293 0.000132584 -7.29646e-05 -0.0175293 0.0865345 
0.00994376 -0.0182339 -0.000193727 0.000153003 -0.0182339 0.0899431 0.000149411 -7.1593e-05 -0.000193727 0.000149411 0.00996707 -0.0183007 0.000153003 -7.1593e-05 -0.0183007 0.0903523 
0.00994343 -0.0182025 -0.000166099 0.000135693 -0.0182025 0.0898341 0.000130535 -5.31134e-05 -0.000166099 0.000130535 0.00994593 -0.018279 0.000135693 -5.31134e-05 -0.018279 0.0902115 
0.00951534 -0.0174458 -0.000146877 9.58899e-05 -0.0174458 0.0860292 8.6841e-05 2.29234e-05 -0.000146877 8.6841e-05 0.00952165 -0.0174774 9.58899e-05 2.29234e-05 -0.0174774 0.0862995 
0.00952515 -0.0174474 -0.00015971 8.30681e-05 -0.0174474 0.0860708 6.99579e-05 8.06987e-05 -0.00015971 6.99579e-05 0.0095196 -0.0174868 8.30681e-05 8.06987e-05 -0.0174868 0.0863085 
0.00995814 -0.0182109 -0.000183419 0.000107915 -0.0182109 0.0898272 9.30811e-05 6.99893e-05 -0.000183419 9.30811e-05 0.00992959 -0.0182497 0.000107915 6.99893e-05 -0.0182497 0.0900755 
0.00997041 -0.0182735 -0.000196165 0.000124955 -0.0182735 0.0900665 0.000115372 2.75537e-05 -0.000196165 0.000115372 0.00994936 -0.0182871 0.000124955 2.75537e-05 -0.0182871 0.0902779 
0.00992994 -0.0182076 -0.000203516 0.00014335 -0.0182076 0.0897906 0.000140948 -3.79723e-05 -0.000203516 0.000140948 0.00991077 -0.0182189 0.00014335 -3.79723e-05 -0.0182189 0.0899621 
0.00990351 -0.0181131 -0.000198195 0.000147304 -0.0181131 0.0893614 0.000150115 -7.0788e-05 -0.000198195 0.000150115 0.00984044 -0.0181231 0.000147304 -7.0788e-05 -0.0181231 0.0895116 
0.00986313 -0.0179971 -0.000191564 0.000138546 -0.0179971 0.0887038 0.000139158 -6.26196e-05 -0.000191564 0.000139158 0.00974357 -0.0179542 0.000138546 -6.26196e-05 -0.0179542 0.0887638 
0.00981696 -0.0179744 -0.000184395 0.000130691 -0.0179744 0.0884249 0.00012932 -4.08307e-05 -0.000184395 0.00012932 0.00969453 -0.0178293 0.000130691 -4.08307e-05 -0.0178293 0.0882381 
0.00982518 -0.0180642 -0.000174069 0.000129634 -0.0180642 0.0889054 0.000132242 -4.40511e-05 -0.000174069 0.000132242 0.00974725 -0.0178952 0.000129634 -4.40511e-05 -0.0178952 0.0885409 
0.00985261 -0.0181024 -0.000166337 0.000113786 -0.0181024 0.0892823 0.000122549 -2.64684e-05 -0.000166337 0.000122549 0.0097901 -0.0180028 0.000113786 -2.64684e-05 -0.0180028 0.0889817 
0.0098974 -0.0181633 -0.000164335 0.000108326 -0.0181633 0.0896544 0.000121726 -2.05973e-05 -0.000164335 0.000121726 0.0098303 -0.0180965 0.000108326 -2.05973e-05 -0.0180965 0.089466 
0.00990553 -0.0181799 -0.000191799 0.00010968 -0.0181799 0.0897331 0.000118076 -1.97484e-05 -0.000191799 0.000118076 0.00984396 -0.0181084 0.00010968 -1.97484e-05 -0.0181084 0.0895825 
0.0099071 -0.0181811 -0.000232887 0.000144541 -0.0181811 0.0897585 0.000144447 -6.42217e-05 -0.000232887 0.000144447 0.00985318 -0.0181222 0.000144541 -6.42217e-05 -0.0181222 0.089645 
0.00987452 -0.0181433 -0.000230518 0.000197392 -0.0181433 0.0895853 0.000190963 -0.000166856 -0.000230518 0.000190963 0.00985775 -0.0180956 0.000197392 -0.000166856 -0.0180956 0.0895101 
0.00986797 -0.0181107 -0.00019652 0.000199716 -0.0181107 0.0894788 0.000192284 -0.000223307 -0.00019652 0.000192284 0.00985142 -0.0181037 0.000199716 -0.000223307 -0.0181037 0.0894777 
0.00985833 -0.0180586 -0.000169584 0.000152997 -0.0180586 0.089218 0.000153367 -0.000168643 -0.000169584 0.000153367 0.00983439 -0.0180718 0.000152997 -0.000168643 -0.0180718 0.0893133 
0.00988666 -0.0180835 -0.000182218 0.000119252 -0.0180835 0.0892679 0.000125988 -9.20917e-05 -0.000182218 0.000125988 0.00982533 -0.0180907 0.000119252 -9.20917e-05 -0.0180907 0.0893925 
0.00986123 -0.0180719 -0.000205262 0.000125678 -0.0180719 0.0891013 0.000137437 -6.77818e-05 -0.000205262 0.000137437 0.00980364 -0.0180211 0.000125678 -6.77818e-05 -0.0180211 0.0891302 
0.00985245 -0.0180586 -0.000238244 0.000155627 -0.0180586 0.0890585 0.000172266 -0.0001221 -0.000238244 0.000172266 0.0097915 -0.0180087 0.000155627 -0.0001221 -0.0180087 0.0890349 
0.0098832 -0.0181129 -0.000248978 0.000200499 -0.0181129 0.0893357 0.000216673 -0.000222746 -0.000248978 0.000216673 0.00982523 -0.0180631 0.000200499 -0.000222746 -0.0180631 0.089309 
0.00989168 -0.0180911 -0.000241776 0.00022106 -0.0180911 0.089231 0.000228637 -0.000296784 -0.000241776 0.000228637 0.00980918 -0.0180515 0.00022106 -0.000296784 -0.0180515 0.0892287 
0.00987672 -0.0181034 -0.000240435 0.000211818 -0.0181034 0.0891963 0.000209793 -0.000294684 -0.000240435 0.000209793 0.00981143 -0.0180242 0.000211818 -0.000294684 -0.0180242 0.0891352 
0.00985986 -0.0181093 -0.000227098 0.000202769 -0.0181093 0.0892745 0.000193375 -0.00025378 -0.000227098 0.000193375 0.00983561 -0.0180531 0.000202769 -0.00025378 -0.0180531 0.0892151 
0.00989841 -0.0181627 -0.000214976 0.000187344 -0.0181627 0.0896447 0.000179406 -0.000214618 -0.000214976 0.000179406 0.00987676 -0.0181662 0.000187344 -0.000214618 -0.0181662 0.0897021 
0.00992486 -0.0182008 -0.000200646 0.000167037 -0.0182008 0.0898464 0.000162415 -0.000163466 -0.000200646 0.000162415 0.00989394 -0.0182091 0.000167037 -0.000163466 -0.0182091 0.0899706 
0.00992574 -0.0181554 -0.00017158 0.000148996 -0.0181554 0.0896205 0.000142135 -0.000111816 -0.00017158 0.000142135 0.00986145 -0.0181557 0.000148996 -0.000111816 -0.0181557 0.0897567 
0.00994746 -0.0181872 -0.000139254 0.000123119 -0.0181872 0.0896568 0.000111846 -5.62926e-05 -0.000139254 0.000111846 0.00985273 -0.0181279 0.000123119 -5.62926e-05 -0.0181279 0.0896781 
0.00994501 -0.0182047 -0.00012764 8.11141e-05 -0.0182047 0.089647 6.83474e-05 4.03947e-05 -0.00012764 6.83474e-05 0.0098417 -0.0180859 8.11141e-05 4.03947e-05 -0.0180859 0.0894927 
0.00996491 -0.0182652 -0.000129623 5.8697e-05 -0.0182652 0.0899323 5.05708e-05 0.000122192 -0.000129623 5.05708e-05 0.00986807 -0.0181244 5.8697e-05 0.000122192 -0.0181244 0.0896543 
0.00996711 -0.0182932 -0.000150109 6.05129e-05 -0.0182932 0.0901146 5.94929e-05 0.000139887 -0.000150109 5.94929e-05 0.0099084 -0.0181648 6.05129e-05 0.000139887 -0.0181648 0.0898111 
0.00951809 -0.0175361 -0.000177345 7.36116e-05 -0.0175361 0.0864579 7.45615e-05 0.000120685 -0.000177345 7.45615e-05 0.00953894 -0.017464 7.36116e-05 0.000120685 -0.017464 0.0862498 
0.00988381 -0.0181664 -0.000187965 0.000117428 -0.0181664 0.0897821 0.000116442 5.7547e-05 -0.000187965 0.000116442 0.00994728 -0.0182137 0.000117428 5.7547e-05 -0.0182137 0.0898267 
0.00985788 -0.0180582 -0.000172961 0.000126837 -0.0180582 0.0892865 0.000124256 4.24912e-06 -0.000172961 0.000124256 0.00990725 -0.0181906 0.000126837 4.24912e-06 -0.0181906 0.0896266 
0.00987915 -0.0180659 -0.000166819 0.000112985 -0.0180659 0.089216 0.000109354 7.97249e-06 -0.000166819 0.000109354 0.00989015 -0.0181855 0.000112985 7.97249e-06 -0.0181855 0.0896607 
0.00989617 -0.0181028 -0.000162955 0.000104387 -0.0181028 0.0892681 0.000102918 2.71415e-05 -0.000162955 0.000102918 0.00987876 -0.0181602 0.000104387 2.71415e-05 -0.0181602 0.0896237 
0.00990431 -0.0181559 -0.000179104 9.84478e-05 -0.0181559 0.0894641 0.000101304 3.83445e-05 -0.000179104 0.000101304 0.0098896 -0.0181607 9.84478e-05 3.83445e-05 -0.0181607 0.0896686 
0.00989759 -0.0181568 -0.000186743 0.000117295 -0.0181568 0.089519 0.000122491 1.05199e-05 -0.000186743 0.000122491 0.00988074 -0.0181646 0.000117295 1.05199e-05 -0.0181646 0.0896629 
0.00987704 -0.0181173 -0.000219703 0.000132104 -0.0181173 0.0893773 0.000136021 -3.49806e-05 -0.000219703 0.000136021 0.00985808 -0.0181272 0.000132104 -3.49806e-05 -0.0181272 0.0895154 
0.0098922 -0.0181537 -0.000228369 0.000173138 -0.0181537 0.0895854 0.000172568 -0.00010895 -0.000228369 0.000172568 0.00988039 -0.0181668 0.000173138 -0.00010895 -0.0181668 0.0897319 
0.00987203 -0.018096 -0.000217642 0.000183363 -0.018096 0.0893583 0.000178717 -0.00015558 -0.000217642 0.000178717 0.00985569 -0.0181339 0.000183363 -0.00015558 -0.0181339 0.0895624 
0.00982906 -0.0180152 -0.000178569 0.000171451 -0.0180152 0.0889396 0.000165929 -0.000152881 -0.000178569 0.000165929 0.00980741 -0.018042 0.000171451 -0.000152881 -0.018042 0.0891463 
0.00979154 -0.0179635 -0.000143093 0.000129627 -0.0179635 0.088654 0.000124867 -9.03132e-05 -0.000143093 0.000124867 0.00978095 -0.0179621 0.000129627 -9.03132e-05 -0.0179621 0.0887861 
0.00978567 -0.0180034 -0.000122561 8.11426e-05 -0.0180034 0.088868 7.76875e-05 2.23999e-05 -0.000122561 7.76875e-05 0.00982155 -0.0180085 8.11426e-05 2.23999e-05 -0.0180085 0.088965 
0.00979952 -0.0179543 -0.000130629 6.22786e-05 -0.0179543 0.0887823 5.58669e-05 9.45276e-05 -0.000130629 5.58669e-05 0.00981171 -0.018053 6.22786e-05 9.45276e-05 -0.018053 0.0890565 
0.00984986 -0.0179896 -0.000192042 7.50004e-05 -0.0179896 0.088843 6.51164e-05 0.000101534 -0.000192042 6.51164e-05 0.00978268 -0.0180482 7.50004e-05 0.000101534 -0.0180482 0.0891337 
0.00987439 -0.018058 -0.00020464 0.000147178 -0.018058 0.0889734 0.000137856 -1.21493e-05 -0.00020464 0.000137856 0.00978416 -0.0179905 0.000147178 -1.21493e-05 -0.0179905 0.0890207 
0.00990654 -0.0181694 -0.000204168 0.000161678 -0.0181694 0.0894623 0.000157707 -9.99456e-05 -0.000204168 0.000157707 0.00982855 -0.0180526 0.000161678 -9.99456e-05 -0.0180526 0.0892832 
0.00990453 -0.0182045 -0.000185247 0.00015666 -0.0182045 0.0897328 0.000160571 -0.000124291 -0.000185247 0.000160571 0.00987406 -0.0181191 0.00015666 -0.000124291 -0.0181191 0.0895389 
0.00986611 -0.0181427 -0.000160794 0.000131953 -0.0181427 0.0895504 0.000137441 -9.06051e-05 -0.000160794 0.000137441 0.00987793 -0.0181156 0.000131953 -9.06051e-05 -0.0181156 0.089457 
0.00982353 -0.0180195 -0.000151364 0.00010396 -0.0180195 0.0890491 0.000104663 -2.54248e-05 -0.000151364 0.000104663 0.00982349 -0.0180701 0.00010396 -2.54248e-05 -0.0180701 0.0891579 
0.00978806 -0.0179533 -0.000153372 9.33432e-05 -0.0179533 0.0886548 9.47177e-05 1.45103e-05 -0.000153372 9.47177e-05 0.00977294 -0.0179689 9.33432e-05 1.45103e-05 -0.0179689 0.0887709 
0.00975372 -0.017914 -0.000138581 9.23439e-05 -0.017914 0.0884374 9.78118e-05 2.55949e-05 -0.000138581 9.78118e-05 0.00975831 -0.0179128 9.23439e-05 2.55949e-05 -0.0179128 0.0885173 
0.00974858 -0.0178943 -0.000128827 7.67627e-05 -0.0178943 0.0883953 8.26292e-05 4.81394e-05 -0.000128827 8.26292e-05 0.00975802 -0.0179277 7.67627e-05 4.81394e-05 -0.0179277 0.0885257 
0.00974593 -0.0178738 -0.000124375 6.84685e-05 -0.0178738 0.0883037 7.04691e-05 7.46075e-05 -0.000124375 7.04691e-05 0.0097391 -0.0179226 6.84685e-05 7.46075e-05 -0.0179226 0.0884997 
0.00979996 -0.0179536 -0.000123666 6.57399e-05 -0.0179536 0.0886742 6.74355e-05 8.6719e-05 -0.000123666 6.74355e-05 0.00975024 -0.017989 6.57399e-05 8.6719e-05 -0.017989 0.0888858 
0.00981006 -0.0179687 -0.000110628 6.4129e-05 -0.0179687 0.0886957 6.57893e-05 9.37206e-05 -0.000110628 6.57893e-05 0.00972267 -0.0179475 6.4129e-05 9.37206e-05 -0.0179475 0.0888184 
0.00977405 -0.0179588 -0.000118894 4.72292e-05 -0.0179588 0.0885772 4.97049e-05 0.000120261 -0.000118894 4.97049e-05 0.00972255 -0.017851 4.72292e-05 0.000120261 -0.017851 0.0884694 
0.00976311 -0.0179355 -0.000135175 5.67638e-05 -0.0179355 0.0885631 5.72049e-05 0.000124561 -0.000135175 5.72049e-05 0.00974542 -0.0178739 5.67638e-05 0.000124561 -0.0178739 0.0884247 
0.00976672 -0.0179239 -0.000126138 8.17187e-05 -0.0179239 0.0885387 8.2184e-05 7.63657e-05 -0.000126138 8.2184e-05 0.00976529 -0.0179105 8.17187e-05 7.63657e-05 -0.0179105 0.0884925 
0.00980831 -0.0179752 -0.00012418 7.36179e-05 -0.0179752 0.0887667 8.08549e-05 5.11083e-05 -0.00012418 8.08549e-05 0.00977899 -0.0179885 7.36179e-05 5.11083e-05 -0.0179885 0.0888133 
0.00983501 -0.0180097 -0.000137104 6.29124e-05 -0.0180097 0.088869 7.49964e-05 6.57148e-05 -0.000137104 7.49964e-05 0.00975607 -0.0179901 6.29124e-05 6.57148e-05 -0.0179901 0.0889061 
0.00986231 -0.018048 -0.000165671 7.63415e-05 -0.018048 0.0890035 8.75875e-05 5.75861e-05 -0.000165671 8.75875e-05 0.00974577 -0.0179761 7.63415e-05 5.75861e-05 -0.0179761 0.0889603 
0.00979488 -0.017949 -0.000176011 0.000116836 -0.017949 0.0884616 0.000125909 -1.90499e-05 -0.000176011 0.000125909 0.00969625 -0.0178253 0.000116836 -1.90499e-05 -0.0178253 0.0882912 
0.00972392 -0.0178479 -0.000184675 0.000136471 -0.0178479 0.0879928 0.000143374 -9.22497e-05 -0.000184675 0.000143374 0.00966676 -0.0177464 0.000136471 -9.22497e-05 -0.0177464 0.0878036 
0.00968172 -0.0178012 -0.000176567 0.000147536 -0.0178012 0.0878274 0.000149934 -0.000128901 -0.000176567 0.000149934 0.00966944 -0.0177474 0.000147536 -0.000128901 -0.0177474 0.0877155 
0.00968259 -0.0177811 -0.000175537 0.000143928 -0.0177811 0.0878279 0.000137726 -0.000133073 -0.000175537 0.000137726 0.00967895 -0.0177911 0.000143928 -0.000133073 -0.0177911 0.0878648 
0.00972343 -0.0178461 -0.00015889 0.000140916 -0.0178461 0.0881387 0.000130377 -0.000115982 -0.00015889 0.000130377 0.00970013 -0.0178595 0.000140916 -0.000115982 -0.0178595 0.0882377 
0.00977594 -0.0179206 -0.000149094 0.000121056 -0.0179206 0.088486 0.000114402 -8.36639e-05 -0.000149094 0.000114402 0.00971099 -0.0179097 0.000121056 -8.36639e-05 -0.0179097 0.088563 
0.00978763 -0.0179287 -0.000191787 0.000104473 -0.0179287 0.0884755 0.000104959 -4.86516e-05 -0.000191787 0.000104959 0.00969136 -0.0178679 0.000104473 -4.86516e-05 -0.0178679 0.0884622 
0.00980103 -0.0179638 -0.00021734 0.00015331 -0.0179638 0.0885946 0.00015593 -0.000108091 -0.00021734 0.00015593 0.00970977 -0.0178595 0.00015331 -0.000108091 -0.0178595 0.0884627 
0.00980442 -0.017958 -0.000240422 0.000189744 -0.017958 0.0885487 0.000186894 -0.00020213 -0.000240422 0.000186894 0.00971308 -0.0178476 0.000189744 -0.00020213 -0.0178476 0.0883419 
0.00980076 -0.0180057 -0.000260161 0.000213753 -0.0180057 0.0887396 0.000206608 -0.00026275 -0.000260161 0.000206608 0.00975342 -0.0178916 0.000213753 -0.00026275 -0.0178916 0.0884998 
0.00982424 -0.0180502 -0.000222754 0.000229963 -0.0180502 0.0890697 0.000221019 -0.000294675 -0.000222754 0.000221019 0.00980295 -0.0180053 0.000229963 -0.000294675 -0.0180053 0.0889424 
0.00986103 -0.0181044 -0.000191961 0.000184161 -0.0181044 0.0894146 0.000177609 -0.000238533 -0.000191961 0.000177609 0.00984553 -0.0181182 0.000184161 -0.000238533 -0.0181182 0.0894701 
0.00988868 -0.0181459 -0.000157421 0.000142121 -0.0181459 0.0896332 0.000140089 -0.000137905 -0.000157421 0.000140089 0.00987058 -0.0181665 0.000142121 -0.000137905 -0.0181665 0.0897741 
0.00989538 -0.0181148 -0.000161989 9.86512e-05 -0.0181148 0.089475 0.000100647 -3.29735e-05 -0.000161989 0.000100647 0.00984335 -0.0181282 9.86512e-05 -3.29735e-05 -0.0181282 0.0896257 
0.00987137 -0.0180717 -0.000177182 0.000106978 -0.0180717 0.0891648 0.000108576 -6.54299e-06 -0.000177182 0.000108576 0.00981504 -0.0180383 0.000106978 -6.54299e-06 -0.0180383 0.0892351 
0.00989766 -0.0181441 -0.000185097 0.000130149 -0.0181441 0.0894744 0.000126486 -3.89484e-05 -0.000185097 0.000126486 0.00984467 -0.0180961 0.000130149 -3.89484e-05 -0.0180961 0.0894659 
0.00984548 -0.0180368 -0.000198215 0.000138382 -0.0180368 0.0889647 0.00012941 -6.17399e-05 -0.000198215 0.00012941 0.00979515 -0.0179875 0.000138382 -6.17399e-05 -0.0179875 0.0889161 
0.00984141 -0.018028 -0.000193782 0.000157074 -0.018028 0.0888872 0.000147468 -9.88073e-05 -0.000193782 0.000147468 0.00980078 -0.0179722 0.000157074 -9.88073e-05 -0.0179722 0.0887996 
0.00985437 -0.0180512 -0.000182787 0.000145658 -0.0180512 0.0889865 0.000141427 -9.49489e-05 -0.000182787 0.000141427 0.00980845 -0.0180182 0.000145658 -9.49489e-05 -0.0180182 0.0889325 
0.00986163 -0.0180841 -0.000154469 0.000122054 -0.0180841 0.0891341 0.000125523 -5.05413e-05 -0.000154469 0.000125523 0.00981636 -0.0180488 0.000122054 -5.05413e-05 -0.0180488 0.089103 
0.00987124 -0.0180783 -0.000151217 8.96491e-05 -0.0180783 0.0891437 9.6397e-05 1.19192e-05 -0.000151217 9.6397e-05 0.00980285 -0.0180482 8.96491e-05 1.19192e-05 -0.0180482 0.0891361 
0.00988678 -0.0180937 -0.000162639 8.42316e-05 -0.0180937 0.0891838 9.18169e-05 5.12741e-05 -0.000162639 9.18169e-05 0.00978839 -0.0180327 8.42316e-05 5.12741e-05 -0.0180327 0.0891354 
0.00989284 -0.0180824 -0.00016233 9.98144e-05 -0.0180824 0.0890852 0.000110005 3.10541e-05 -0.00016233 0.000110005 0.00975246 -0.0179834 9.98144e-05 3.10541e-05 -0.0179834 0.0889537 
0.00989261 -0.0180975 -0.000166217 9.98843e-05 -0.0180975 0.0890637 0.000112362 1.25186e-05 -0.000166217 0.000112362 0.00972977 -0.0179212 9.98843e-05 1.25186e-05 -0.0179212 0.0887453 
0.0098799 -0.018132 -0.00018615 0.000105045 -0.018132 0.0892235 0.000113862 3.6877e-06 -0.00018615 0.000113862 0.00974744 -0.0179248 0.000105045 3.6877e-06 -0.0179248 0.0887702 
0.00982182 -0.0180519 -0.000181866 0.000130722 -0.0180519 0.0889492 0.000132193 -3.12046e-05 -0.000181866 0.000132193 0.00974104 -0.0178822 0.000130722 -3.12046e-05 -0.0178822 0.0885025 
0.00979816 -0.0179941 -0.00015987 0.000133373 -0.0179941 0.0887858 0.000132926 -6.1619e-05 -0.00015987 0.000132926 0.0097565 -0.0178958 0.000133373 -6.1619e-05 -0.0178958 0.0884751 
0.00978579 -0.0179014 -0.000152403 0.000112646 -0.0179014 0.0883561 0.000113044 -4.7782e-05 -0.000152403 0.000113044 0.00972506 -0.0178587 0.000112646 -4.7782e-05 -0.0178587 0.0882076 
0.0098122 -0.0179451 -0.000167337 0.000105381 -0.0179451 0.0884247 0.000108771 -3.31565e-05 -0.000167337 0.000108771 0.00973555 -0.017879 0.000105381 -3.31565e-05 -0.017879 0.088309 
0.00982064 -0.017997 -0.000164059 0.000118175 -0.017997 0.0885912 0.000125559 -4.78134e-05 -0.000164059 0.000125559 0.00974336 -0.0179001 0.000118175 -4.78134e-05 -0.0179001 0.0884145 
0.00982645 -0.0180509 -0.000156518 0.000114287 -0.0180509 0.0888934 0.000121276 -5.22185e-05 -0.000156518 0.000121276 0.00977267 -0.0179584 0.000114287 -5.22185e-05 -0.0179584 0.0887047 
0.00979938 -0.0180485 -0.000178334 0.000102283 -0.0180485 0.088994 0.000108298 -2.6868e-05 -0.000178334 0.000108298 0.00978917 -0.0179848 0.000102283 -2.6868e-05 -0.0179848 0.0888507 
0.00977983 -0.0179872 -0.000186037 0.000132477 -0.0179872 0.0888579 0.000138667 -6.60562e-05 -0.000186037 0.000138667 0.00979541 -0.0179834 0.000132477 -6.60562e-05 -0.0179834 0.0888413 
0.00979246 -0.0179943 -0.00018816 0.000145872 -0.0179943 0.0889446 0.000149423 -0.000110137 -0.00018816 0.000149423 0.00981484 -0.0180442 0.000145872 -0.000110137 -0.0180442 0.0891004 
0.00978512 -0.0179473 -0.000153929 0.000151681 -0.0179473 0.0887223 0.000152747 -0.000136658 -0.000153929 0.000152747 0.00979794 -0.0180177 0.000151681 -0.000136658 -0.0180177 0.0889969 
0.0098161 -0.01801 -0.000156622 0.000116044 -0.01801 0.0889656 0.000114696 -9.51936e-05 -0.000156622 0.000114696 0.00982956 -0.018064 0.000116044 -9.51936e-05 -0.018064 0.089254 
0.00981217 -0.0179947 -0.000185613 0.000114196 -0.0179947 0.0888765 0.000109852 -5.56619e-05 -0.000185613 0.000109852 0.00981708 -0.0180473 0.000114196 -5.56619e-05 -0.0180473 0.0891601 
0.00984472 -0.0180522 -0.000196803 0.000152106 -0.0180522 0.0891438 0.000144761 -0.000103473 -0.000196803 0.000144761 0.00982763 -0.018102 0.000152106 -0.000103473 -0.018102 0.0894358 
0.00983251 -0.018038 -0.000184306 0.000166511 -0.018038 0.0890593 0.000158909 -0.000155861 -0.000184306 0.000158909 0.00981051 -0.0180569 0.000166511 -0.000155861 -0.0180569 0.0892998 
0.00979951 -0.0179471 -0.000185373 0.000149534 -0.0179471 0.0886198 0.000138646 -0.000143368 -0.000185373 0.000138646 0.00975544 -0.0179519 0.000149534 -0.000143368 -0.0179519 0.0887979 
0.00979687 -0.0179498 -0.00019624 0.00014971 -0.0179498 0.0885679 0.000138379 -0.000128982 -0.00019624 0.000138379 0.00973809 -0.0179271 0.00014971 -0.000128982 -0.0179271 0.0886783 
0.009823 -0.0180264 -0.000201687 0.000164733 -0.0180264 0.0889177 0.000152044 -0.000146026 -0.000201687 0.000152044 0.00976458 -0.0179725 0.000164733 -0.000146026 -0.0179725 0.0889314 
0.00981821 -0.0179846 -0.000193931 0.00016494 -0.0179846 0.088762 0.000158373 -0.000156968 -0.000193931 0.000158373 0.00972591 -0.0179305 0.00016494 -0.000156968 -0.0179305 0.088731 
0.0098512 -0.0180207 -0.000175647 0.000147753 -0.0180207 0.0888967 0.000152615 -0.000139106 -0.000175647 0.000152615 0.00970818 -0.0179315 0.000147753 -0.000139106 -0.0179315 0.0888031 
0.00984586 -0.0180476 -0.000163108 0.000123685 -0.0180476 0.0889477 0.000136157 -0.000100232 -0.000163108 0.000136157 0.00970317 -0.0178844 0.000123685 -0.000100232 -0.0178844 0.0886925 
0.00983626 -0.0180441 -0.000180624 0.00011243 -0.0180441 0.0889551 0.000124358 -6.96531e-05 -0.000180624 0.000124358 0.00972079 -0.0178605 0.00011243 -6.96531e-05 -0.0178605 0.0885628 
0.00986533 -0.0181071 -0.00019391 0.000133025 -0.0181071 0.0893143 0.000142372 -8.29192e-05 -0.00019391 0.000142372 0.00977984 -0.0179672 0.000133025 -8.29192e-05 -0.0179672 0.0889556 
0.00982342 -0.0180468 -0.000176088 0.000150026 -0.0180468 0.0890707 0.000152033 -0.000113601 -0.000176088 0.000152033 0.00978287 -0.0179593 0.000150026 -0.000113601 -0.0179593 0.0888401 
