0.00724501 0 2.64009e-05 0 0 0.0102143 0 0 2.64009e-05 0 0.00722917 0 0 0 0 0.0102143 
0.00996869 -0.0123735 2.35574e-06 -5.47081e-06 -0.0123735 0.032805 -5.47081e-06 1.07392e-05 2.35574e-06 -5.47081e-06 0.00989692 -0.0122855 -5.47081e-06 1.07392e-05 -0.0122855 0.0326364 
0.0103113 -0.0191643 1.8052e-05 -4.38986e-06 -0.0191643 0.0705826 -4.38986e-06 2.02998e-05 1.8052e-05 -4.38986e-06 0.0101971 -0.0189915 -4.38986e-06 2.02998e-05 -0.0189915 0.0700229 
0.00973157 -0.0187984 2.5337e-05 2.46955e-05 -0.0187984 0.0841948 3.15354e-05 -0.000240726 2.5337e-05 3.15354e-05 0.00962311 -0.0185165 2.46955e-05 -0.000240726 -0.0185165 0.0830148 
0.00939593 -0.0176684 2.85538e-05 4.82427e-05 -0.0176684 0.0851937 5.00805e-05 -0.000532754 2.85538e-05 5.00805e-05 0.00935454 -0.0173933 4.82427e-05 -0.000532754 -0.0173933 0.0837257 
0.00966457 -0.0179173 1.88852e-05 2.9386e-05 -0.0179173 0.0880918 1.74021e-05 -0.000502914 1.88852e-05 1.74021e-05 0.00973519 -0.0177734 2.9386e-05 -0.000502914 -0.0177734 0.0869213 
0.00942746 -0.0173976 8.46724e-07 2.37099e-05 -0.0173976 0.0859649 6.01338e-06 -0.000354969 8.46724e-07 6.01338e-06 0.00957831 -0.0174379 2.37099e-05 -0.000354969 -0.0174379 0.0854198 
0.00967126 -0.0177539 -1.03952e-06 3.28345e-05 -0.0177539 0.0878819 1.76432e-05 -0.000280431 -1.03952e-06 1.76432e-05 0.00982552 -0.0179088 3.28345e-05 -0.000280431 -0.0179088 0.0878132 
0.00994209 -0.0182136 -3.88735e-06 3.43434e-05 -0.0182136 0.0900629 2.5299e-05 -0.00025703 -3.88735e-06 2.5299e-05 0.0100689 -0.0183676 3.43434e-05 -0.00025703 -0.0183676 0.0901829 
0.00983614 -0.0180108 -1.8848e-05 4.09771e-05 -0.0180108 0.0889489 3.64274e-05 -0.000262299 -1.8848e-05 3.64274e-05 0.00993698 -0.0181241 4.09771e-05 -0.000262299 -0.0181241 0.0890558 
0.00973074 -0.0178886 -3.53555e-05 7.41262e-05 -0.0178886 0.0882489 6.51204e-05 -0.000332347 -3.53555e-05 6.51204e-05 0.00986095 -0.0179505 7.41262e-05 -0.000332347 -0.0179505 0.0882296 
0.00964822 -0.0177233 -2.00488e-05 9.92395e-05 -0.0177233 0.0875351 8.49853e-05 -0.00040568 -2.00488e-05 8.49853e-05 0.00979822 -0.0178204 9.92395e-05 -0.00040568 -0.0178204 0.0875153 
0.00959981 -0.0175372 1.15481e-06 7.68038e-05 -0.0175372 0.0866387 6.02371e-05 -0.000394997 1.15481e-06 6.02371e-05 0.00968319 -0.0176806 7.68038e-05 -0.000394997 -0.0176806 0.0867351 
0.0100237 -0.0182796 1.97094e-05 5.0515e-05 -0.0182796 0.0901056 3.83357e-05 -0.00035574 1.97094e-05 3.83357e-05 0.0100285 -0.0183691 5.0515e-05 -0.00035574 -0.0183691 0.0901992 
0.009588 -0.0175575 4.76493e-06 3.05776e-05 -0.0175575 0.0863885 2.848e-05 -0.000307917 4.76493e-06 2.848e-05 0.00960002 -0.0175555 3.05776e-05 -0.000307917 -0.0175555 0.0863382 
0.00958445 -0.0175406 -1.00962e-05 3.32631e-05 -0.0175406 0.0863879 4.20385e-05 -0.000296046 -1.00962e-05 4.20385e-05 0.00959037 -0.017551 3.32631e-05 -0.000296046 -0.017551 0.0862977 
0.0096306 -0.0175716 4.31095e-06 4.94538e-05 -0.0175716 0.086526 6.13017e-05 -0.000324578 4.31095e-06 6.13017e-05 0.00956717 -0.017565 4.94538e-05 -0.000324578 -0.017565 0.0864037 
0.00965678 -0.0176649 1.0799e-05 3.2344e-05 -0.0176649 0.0868399 3.88148e-05 -0.000305581 1.0799e-05 3.88148e-05 0.00958079 -0.0175596 3.2344e-05 -0.000305581 -0.0175596 0.0865339 
0.00966246 -0.0176829 1.063e-05 2.75413e-05 -0.0176829 0.0869574 3.01105e-05 -0.00028061 1.063e-05 3.01105e-05 0.00957973 -0.01755 2.75413e-05 -0.00028061 -0.01755 0.0864978 
0.00961485 -0.0176286 1.4907e-05 2.82175e-05 -0.0176286 0.0867023 3.11803e-05 -0.000272022 1.4907e-05 3.11803e-05 0.00955173 -0.0174755 2.82175e-05 -0.000272022 -0.0174755 0.0861375 
0.0100264 -0.0184135 1.7282e-05 2.7084e-05 -0.0184135 0.0906434 2.89571e-05 -0.0002811 1.7282e-05 2.89571e-05 0.00999067 -0.018278 2.7084e-05 -0.0002811 -0.018278 0.0900475 
0.00955562 -0.0175744 1.11051e-05 2.23982e-05 -0.0175744 0.0866081 2.54537e-05 -0.000262622 1.11051e-05 2.54537e-05 0.00954311 -0.0174779 2.23982e-05 -0.000262622 -0.0174779 0.0860937 
0.0095617 -0.017552 5.94814e-07 3.20087e-05 -0.017552 0.0866264 3.56875e-05 -0.000279543 5.94814e-07 3.56875e-05 0.00952356 -0.0175031 3.20087e-05 -0.000279543 -0.0175031 0.0862381 
0.00999812 -0.018299 3.68606e-05 3.9836e-05 -0.018299 0.0903 4.42626e-05 -0.000299243 3.68606e-05 4.42626e-05 0.00990616 -0.0182135 3.9836e-05 -0.000299243 -0.0182135 0.0899004 
0.00999522 -0.0183027 4.93566e-05 1.13281e-06 -0.0183027 0.0901987 1.22763e-06 -0.000242937 4.93566e-05 1.22763e-06 0.00989604 -0.0181455 1.13281e-06 -0.000242937 -0.0181455 0.0896685 
0.00995761 -0.0182732 1.81843e-05 -1.34859e-05 -0.0182732 0.0900405 -2.22826e-05 -0.000175782 1.81843e-05 -2.22826e-05 0.00990853 -0.0181236 -1.34859e-05 -0.000175782 -0.0181236 0.0894847 
0.00989903 -0.0181829 5.52885e-06 2.33738e-05 -0.0181829 0.089674 7.24447e-06 -0.000192649 5.52885e-06 7.24447e-06 0.00992455 -0.0181008 2.33738e-05 -0.000192649 -0.0181008 0.089236 
0.00989602 -0.0181858 -9.18783e-06 4.9898e-05 -0.0181858 0.0897572 3.39688e-05 -0.00026733 -9.18783e-06 3.39688e-05 0.00998046 -0.0182024 4.9898e-05 -0.00026733 -0.0182024 0.0895464 
0.00989615 -0.0182079 -1.48981e-05 6.42743e-05 -0.0182079 0.0899097 5.39883e-05 -0.000323597 -1.48981e-05 5.39883e-05 0.0100432 -0.0182959 6.42743e-05 -0.000323597 -0.0182959 0.089909 
0.0095115 -0.0174742 -5.07144e-06 5.92766e-05 -0.0174742 0.0863607 5.54018e-05 -0.000325344 -5.07144e-06 5.54018e-05 0.00965185 -0.0176348 5.92766e-05 -0.000325344 -0.0176348 0.0865564 
0.00959739 -0.0175917 -4.58942e-06 4.82876e-05 -0.0175917 0.0869263 4.7767e-05 -0.000319074 -4.58942e-06 4.7767e-05 0.00969558 -0.0177603 4.82876e-05 -0.000319074 -0.0177603 0.0872269 
0.00962623 -0.0176562 -8.46313e-06 4.4875e-05 -0.0176562 0.0871587 4.71312e-05 -0.000307867 -8.46313e-06 4.71312e-05 0.00970679 -0.0177694 4.4875e-05 -0.000307867 -0.0177694 0.087394 
0.00963087 -0.0176165 -1.15529e-05 4.62247e-05 -0.0176165 0.0869539 5.41452e-05 -0.000308203 -1.15529e-05 5.41452e-05 0.00966324 -0.0177024 4.62247e-05 -0.000308203 -0.0177024 0.0871004 
0.00962846 -0.0176105 -1.84994e-05 4.85376e-05 -0.0176105 0.0867988 6.06148e-05 -0.000319126 -1.84994e-05 6.06148e-05 0.00962378 -0.0176251 4.85376e-05 -0.000319126 -0.0176251 0.0867861 
0.00962115 -0.0176283 -3.47847e-05 5.87008e-05 -0.0176283 0.0867956 7.14487e-05 -0.00034347 -3.47847e-05 7.14487e-05 0.00958269 -0.017569 5.87008e-05 -0.00034347 -0.017569 0.0865593 
0.00962081 -0.0175966 -1.8483e-05 7.19302e-05 -0.0175966 0.0866417 8.5327e-05 -0.000365807 -1.8483e-05 8.5327e-05 0.00951263 -0.0174744 7.19302e-05 -0.000365807 -0.0174744 0.0861819 
0.00962069 -0.0176136 -4.34888e-06 5.74463e-05 -0.0176136 0.0866508 7.28826e-05 -0.000362327 -4.34888e-06 7.28826e-05 0.00949468 -0.0174046 5.74463e-05 -0.000362327 -0.0174046 0.0859587 
0.00959264 -0.0176181 -2.65747e-06 4.07731e-05 -0.0176181 0.0866757 5.19106e-05 -0.000324286 -2.65747e-06 5.19106e-05 0.00953703 -0.0173873 4.07731e-05 -0.000324286 -0.0173873 0.0858492 
0.00957831 -0.0176325 -4.55244e-06 3.83557e-05 -0.0176325 0.086886 3.84012e-05 -0.000288728 -4.55244e-06 3.84012e-05 0.00963021 -0.0175079 3.83557e-05 -0.000288728 -0.0175079 0.0862057 
0.00961477 -0.0176688 3.35773e-06 4.21799e-05 -0.0176688 0.0872175 3.70871e-05 -0.000277659 3.35773e-06 3.70871e-05 0.00970082 -0.017683 4.21799e-05 -0.000277659 -0.017683 0.086843 
0.00964072 -0.0177213 -9.47998e-06 3.31148e-05 -0.0177213 0.0874889 3.08762e-05 -0.000265999 -9.47998e-06 3.08762e-05 0.00974161 -0.0177885 3.31148e-05 -0.000265999 -0.0177885 0.0873481 
0.0096436 -0.0176778 -1.25794e-05 4.94865e-05 -0.0176778 0.0873063 5.12866e-05 -0.000290811 -1.25794e-05 5.12866e-05 0.00970036 -0.0177639 4.94865e-05 -0.000290811 -0.0177639 0.0872785 
0.0096189 -0.0176354 -1.43376e-05 5.47876e-05 -0.0176354 0.0870018 5.52982e-05 -0.000313496 -1.43376e-05 5.52982e-05 0.0096406 -0.0176554 5.47876e-05 -0.000313496 -0.0176554 0.0868932 
0.0096019 -0.0175892 -1.39558e-05 6.12174e-05 -0.0175892 0.0867467 5.61808e-05 -0.000328865 -1.39558e-05 5.61808e-05 0.0095851 -0.0175695 6.12174e-05 -0.000328865 -0.0175695 0.0865333 
0.00956942 -0.0175408 3.97122e-06 5.8204e-05 -0.0175408 0.0864576 5.22856e-05 -0.000325718 3.97122e-06 5.22856e-05 0.0095469 -0.0174722 5.8204e-05 -0.000325718 -0.0174722 0.0861269 
0.0100251 -0.0183366 3.76568e-05 3.57809e-05 -0.0183366 0.0903801 3.17915e-05 -0.000300176 3.76568e-05 3.17915e-05 0.0099597 -0.0182569 3.57809e-05 -0.000300176 -0.0182569 0.0899697 
0.0100356 -0.0183611 4.33261e-05 -3.86764e-06 -0.0183611 0.090419 -7.52806e-06 -0.000220018 4.33261e-05 -7.52806e-06 0.00996671 -0.0182486 -3.86764e-06 -0.000220018 -0.0182486 0.0899655 
0.00962441 -0.0175978 3.88999e-05 -1.25155e-05 -0.0175978 0.0866381 -1.80387e-05 -0.000157241 3.88999e-05 -1.80387e-05 0.00953025 -0.0174908 -1.25155e-05 -0.000157241 -0.0174908 0.086194 
0.00966423 -0.0176471 3.02858e-05 -1.9183e-06 -0.0176471 0.0868414 -1.18844e-05 -0.000159451 3.02858e-05 -1.18844e-05 0.0095183 -0.0175115 -1.9183e-06 -0.000159451 -0.0175115 0.0863647 
0.00968272 -0.0177086 2.49057e-05 1.72423e-05 -0.0177086 0.0870682 5.88794e-06 -0.000203326 2.49057e-05 5.88794e-06 0.00952388 -0.0175053 1.72423e-05 -0.000203326 -0.0175053 0.0864659 
0.0096903 -0.0176968 2.33168e-05 2.23776e-05 -0.0176968 0.0870229 1.75179e-05 -0.000238113 2.33168e-05 1.75179e-05 0.00950362 -0.0174631 2.23776e-05 -0.000238113 -0.0174631 0.0862964 
0.0096921 -0.0177128 2.35834e-05 2.17843e-05 -0.0177128 0.0870437 2.19636e-05 -0.000256009 2.35834e-05 2.19636e-05 0.00948289 -0.0174381 2.17843e-05 -0.000256009 -0.0174381 0.086197 
0.00965587 -0.0176661 1.99309e-05 1.94338e-05 -0.0176661 0.0868122 2.0801e-05 -0.000255552 1.99309e-05 2.0801e-05 0.00944112 -0.0173572 1.94338e-05 -0.000255552 -0.0173572 0.0858505 
0.00961674 -0.017647 7.00864e-06 2.69553e-05 -0.017647 0.0867603 2.52196e-05 -0.000265093 7.00864e-06 2.52196e-05 0.00945903 -0.0173325 2.69553e-05 -0.000265093 -0.0173325 0.0857447 
0.00959366 -0.0176364 -1.35042e-05 5.04827e-05 -0.0176364 0.0868632 4.51829e-05 -0.000312827 -1.35042e-05 4.51829e-05 0.00950958 -0.0174097 5.04827e-05 -0.000312827 -0.0174097 0.0859894 
0.00996805 -0.0183287 -3.06055e-05 8.03124e-05 -0.0183287 0.0904323 7.53044e-05 -0.000393272 -3.06055e-05 7.53044e-05 0.00995821 -0.0181987 8.03124e-05 -0.000393272 -0.0181987 0.0897831 
0.00991254 -0.0182405 -1.59312e-05 9.42961e-05 -0.0182405 0.0900811 9.00657e-05 -0.000435617 -1.59312e-05 9.00657e-05 0.00998011 -0.0182035 9.42961e-05 -0.000435617 -0.0182035 0.08969 
0.00991245 -0.0182052 1.49333e-05 7.08093e-05 -0.0182052 0.0899926 6.749e-05 -0.000410483 1.49333e-05 6.749e-05 0.0100187 -0.0182727 7.08093e-05 -0.000410483 -0.0182727 0.0898805 
0.0099199 -0.0181728 4.75832e-05 1.68874e-05 -0.0181728 0.0898026 1.74973e-05 -0.000293883 4.75832e-05 1.74973e-05 0.0100074 -0.0182961 1.68874e-05 -0.000293883 -0.0182961 0.0899061 
0.00994872 -0.0182288 7.25637e-05 -2.30833e-05 -0.0182288 0.0899617 -2.40073e-05 -0.000176997 7.25637e-05 -2.40073e-05 0.0100135 -0.0183296 -2.30833e-05 -0.000176997 -0.0183296 0.0901158 
0.0100063 -0.0182631 7.26672e-05 -5.38322e-05 -0.0182631 0.090105 -5.91964e-05 -7.53625e-05 7.26672e-05 -5.91964e-05 0.00997971 -0.018353 -5.38322e-05 -7.53625e-05 -0.018353 0.0902672 
0.00961181 -0.0175657 7.4561e-05 -4.96854e-05 -0.0175657 0.0864901 -5.55519e-05 -3.7722e-05 7.4561e-05 -5.55519e-05 0.00955483 -0.0175423 -4.96854e-05 -3.7722e-05 -0.0175423 0.0864798 
0.00966347 -0.0176311 8.78765e-05 -4.81365e-05 -0.0176311 0.0867891 -5.56201e-05 -4.15628e-05 8.78765e-05 -5.56201e-05 0.00955556 -0.0175704 -4.81365e-05 -4.15628e-05 -0.0175704 0.0866362 
0.00968934 -0.0176918 7.49197e-05 -5.8537e-05 -0.0176918 0.0870071 -6.57142e-05 -3.72893e-05 7.49197e-05 -6.57142e-05 0.00955251 -0.0175697 -5.8537e-05 -3.72893e-05 -0.0175697 0.0867128 
0.0097111 -0.0177181 5.20311e-05 -4.08188e-05 -0.0177181 0.0871273 -4.47545e-05 -6.73179e-05 5.20311e-05 -4.47545e-05 0.00951734 -0.0175569 -4.08188e-05 -6.73179e-05 -0.0175569 0.0867067 
0.00969944 -0.0177285 3.1174e-05 -6.32312e-06 -0.0177285 0.0871347 -5.65623e-06 -0.000152918 3.1174e-05 -5.65623e-06 0.0095047 -0.0174945 -6.32312e-06 -0.000152918 -0.0174945 0.0865549 
0.00966013 -0.0176923 1.90622e-05 2.23059e-05 -0.0176923 0.086996 2.26861e-05 -0.000239862 1.90622e-05 2.26861e-05 0.00949858 -0.0174395 2.23059e-05 -0.000239862 -0.0174395 0.0862894 
0.0096266 -0.0176514 1.62978e-05 3.26415e-05 -0.0176514 0.0868902 3.14969e-05 -0.000283802 1.62978e-05 3.14969e-05 0.00952627 -0.0174373 3.26415e-05 -0.000283802 -0.0174373 0.0861976 
0.00965787 -0.0176704 1.93298e-05 3.51196e-05 -0.0176704 0.0870698 3.47233e-05 -0.00030276 1.93298e-05 3.47233e-05 0.00954164 -0.0175276 3.51196e-05 -0.00030276 -0.0175276 0.0864984 
0.00963662 -0.0176383 2.41226e-05 3.05726e-05 -0.0176383 0.0868786 2.67803e-05 -0.000292553 2.41226e-05 2.67803e-05 0.00954547 -0.0174924 3.05726e-05 -0.000292553 -0.0174924 0.0863832 
0.00960418 -0.0176413 2.59541e-05 2.66854e-05 -0.0176413 0.086896 1.8051e-05 -0.00027622 2.59541e-05 1.8051e-05 0.00959071 -0.0175167 2.66854e-05 -0.00027622 -0.0175167 0.0864353 
0.00954773 -0.0175385 9.36512e-06 2.58316e-05 -0.0175385 0.0865466 1.80375e-05 -0.000270792 9.36512e-06 1.80375e-05 0.00959622 -0.017525 2.58316e-05 -0.000270792 -0.017525 0.0862956 
0.00994906 -0.0182419 1.27408e-06 4.4083e-05 -0.0182419 0.0901014 3.9448e-05 -0.000306606 1.27408e-06 3.9448e-05 0.0100045 -0.0183197 4.4083e-05 -0.000306606 -0.0183197 0.0901079 
0.00995863 -0.0182029 1.29123e-05 5.08264e-05 -0.0182029 0.0898762 4.57072e-05 -0.000326471 1.29123e-05 4.57072e-05 0.00994989 -0.018288 5.08264e-05 -0.000326471 -0.018288 0.0900044 
0.00998689 -0.0182232 3.88052e-05 3.82775e-05 -0.0182232 0.0898311 3.23479e-05 -0.000314708 3.88052e-05 3.23479e-05 0.00988167 -0.01822 3.82775e-05 -0.000314708 -0.01822 0.0898463 
0.0100187 -0.0182577 6.47808e-05 9.15616e-06 -0.0182577 0.0898702 1.41769e-06 -0.000259834 6.47808e-05 1.41769e-06 0.00982135 -0.0181398 9.15616e-06 -0.000259834 -0.0181398 0.0896467 
0.0100136 -0.0182881 6.71424e-05 -1.81115e-05 -0.0182881 0.0898991 -2.80009e-05 -0.000194329 6.71424e-05 -2.80009e-05 0.00979001 -0.0180546 -1.81115e-05 -0.000194329 -0.0180546 0.0893902 
0.00996821 -0.0182367 5.48246e-05 -2.06622e-05 -0.0182367 0.0896681 -2.97503e-05 -0.000162413 5.48246e-05 -2.97503e-05 0.00978298 -0.0179678 -2.06622e-05 -0.000162413 -0.0179678 0.0889847 
0.00995728 -0.0181884 7.34457e-05 -6.39942e-06 -0.0181884 0.0894853 -1.20245e-05 -0.000179671 7.34457e-05 -1.20245e-05 0.00976258 -0.0179508 -6.39942e-06 -0.000179671 -0.0179508 0.088776 
0.00994621 -0.0182537 8.5685e-05 -3.20016e-05 -0.0182537 0.0897554 -3.26789e-05 -0.000157934 8.5685e-05 -3.26789e-05 0.00981702 -0.018004 -3.20016e-05 -0.000157934 -0.018004 0.0890343 
0.0099206 -0.018228 8.08163e-05 -5.40249e-05 -0.018228 0.0898066 -5.12793e-05 -0.000103391 8.08163e-05 -5.12793e-05 0.00983922 -0.0180633 -5.40249e-05 -0.000103391 -0.0180633 0.089212 
0.00988709 -0.0181894 7.40968e-05 -5.11809e-05 -0.0181894 0.0897652 -4.68898e-05 -8.04227e-05 7.40968e-05 -4.68898e-05 0.00986894 -0.0181043 -5.11809e-05 -8.04227e-05 -0.0181043 0.0893881 
0.00982018 -0.0180248 7.75515e-05 -4.24547e-05 -0.0180248 0.089101 -4.02951e-05 -8.46137e-05 7.75515e-05 -4.02951e-05 0.00982074 -0.0180341 -4.24547e-05 -8.46137e-05 -0.0180341 0.0889854 
0.00978259 -0.017906 7.97097e-05 -4.7723e-05 -0.017906 0.0885217 -4.75983e-05 -7.55541e-05 7.97097e-05 -4.75983e-05 0.00976833 -0.0179613 -4.7723e-05 -7.55541e-05 -0.0179613 0.0886192 
0.00977229 -0.0178745 7.65482e-05 -5.12503e-05 -0.0178745 0.0882508 -5.23446e-05 -5.90304e-05 7.65482e-05 -5.23446e-05 0.00971673 -0.017897 -5.12503e-05 -5.90304e-05 -0.017897 0.0883612 
0.00977028 -0.0178713 9.05827e-05 -4.74862e-05 -0.0178713 0.088131 -4.4921e-05 -6.26661e-05 9.05827e-05 -4.4921e-05 0.00966841 -0.0178208 -4.74862e-05 -6.26661e-05 -0.0178208 0.0880926 
0.00976357 -0.0178412 8.52818e-05 -6.19158e-05 -0.0178412 0.0879376 -5.61944e-05 -5.16809e-05 8.52818e-05 -5.61944e-05 0.00960981 -0.0177357 -6.19158e-05 -5.16809e-05 -0.0177357 0.0877429 
0.00980195 -0.0179303 7.41486e-05 -5.82652e-05 -0.0179303 0.0883099 -5.59827e-05 -4.12036e-05 7.41486e-05 -5.59827e-05 0.00961612 -0.0177642 -5.82652e-05 -4.12036e-05 -0.0177642 0.087966 
0.00978441 -0.0179495 6.50306e-05 -3.72998e-05 -0.0179495 0.0883928 -3.75787e-05 -7.59393e-05 6.50306e-05 -3.75787e-05 0.00962658 -0.0177269 -3.72998e-05 -7.59393e-05 -0.0177269 0.0878808 
0.009773 -0.0179517 6.5551e-05 -2.71919e-05 -0.0179517 0.0885036 -2.50261e-05 -0.000111007 6.5551e-05 -2.50261e-05 0.0096577 -0.0177515 -2.71919e-05 -0.000111007 -0.0177515 0.0879417 
0.00975985 -0.0179019 7.2055e-05 -3.07844e-05 -0.0179019 0.0883581 -2.58628e-05 -0.000120145 7.2055e-05 -2.58628e-05 0.00965431 -0.0177611 -3.07844e-05 -0.000120145 -0.0177611 0.0878926 
0.00977113 -0.017904 7.44113e-05 -4.0549e-05 -0.017904 0.0883845 -3.74094e-05 -0.000100561 7.44113e-05 -3.74094e-05 0.00966663 -0.0178012 -4.0549e-05 -0.000100561 -0.0178012 0.0880609 
0.00975927 -0.0179232 5.98753e-05 -4.56166e-05 -0.0179232 0.0884573 -4.60446e-05 -7.37789e-05 5.98753e-05 -4.60446e-05 0.00969323 -0.0178273 -4.56166e-05 -7.37789e-05 -0.0178273 0.0882069 
0.00976099 -0.017909 7.72377e-05 -2.8781e-05 -0.017909 0.0884599 -3.70054e-05 -7.67518e-05 7.72377e-05 -3.70054e-05 0.00968917 -0.017844 -2.8781e-05 -7.67518e-05 -0.017844 0.0882587 
0.00972633 -0.0178605 9.06345e-05 -4.70493e-05 -0.0178605 0.0882166 -6.19789e-05 -4.76888e-05 9.06345e-05 -6.19789e-05 0.0096787 -0.0177902 -4.70493e-05 -4.76888e-05 -0.0177902 0.088035 
0.00971004 -0.0178186 8.78375e-05 -6.07936e-05 -0.0178186 0.0880469 -7.43078e-05 -1.28821e-05 8.78375e-05 -7.43078e-05 0.00966484 -0.0177748 -6.07936e-05 -1.28821e-05 -0.0177748 0.0879026 
0.00966224 -0.0177527 5.98347e-05 -5.97473e-05 -0.0177527 0.0877177 -6.93129e-05 -1.97925e-06 5.98347e-05 -6.93129e-05 0.0096498 -0.0177215 -5.97473e-05 -1.97925e-06 -0.0177215 0.087629 
0.00963517 -0.0176559 5.16117e-05 -2.92846e-05 -0.0176559 0.0873011 -3.76287e-05 -4.30253e-05 5.16117e-05 -3.76287e-05 0.00959482 -0.0176774 -2.92846e-05 -4.30253e-05 -0.0176774 0.087332 
0.00964253 -0.0176783 4.2855e-05 -1.69449e-05 -0.0176783 0.0873404 -2.17559e-05 -9.45359e-05 4.2855e-05 -2.17559e-05 0.00958292 -0.0176756 -1.69449e-05 -9.45359e-05 -0.0176756 0.0874038 
0.00961452 -0.0176529 3.40161e-05 -7.00321e-06 -0.0176529 0.0871983 -6.89182e-06 -0.000131604 3.40161e-05 -6.89182e-06 0.00956863 -0.0176177 -7.00321e-06 -0.000131604 -0.0176177 0.0872012 
0.00961993 -0.0176633 4.09689e-05 6.56434e-06 -0.0176633 0.0872985 8.29266e-06 -0.000173517 4.09689e-05 8.29266e-06 0.00957153 -0.0176423 6.56434e-06 -0.000173517 -0.0176423 0.0872934 
0.00959165 -0.0176183 5.49717e-05 -6.26969e-06 -0.0176183 0.0870941 -4.96507e-06 -0.000164516 5.49717e-05 -4.96507e-06 0.00955147 -0.0175898 -6.26969e-06 -0.000164516 -0.0175898 0.0870756 
0.00960015 -0.0176389 6.58691e-05 -2.38508e-05 -0.0176389 0.0872042 -2.37003e-05 -0.000127766 6.58691e-05 -2.37003e-05 0.00955142 -0.0176027 -2.38508e-05 -0.000127766 -0.0176027 0.0871454 
0.00958249 -0.0176174 7.4225e-05 -4.10263e-05 -0.0176174 0.0871239 -3.84799e-05 -8.20256e-05 7.4225e-05 -3.84799e-05 0.00954425 -0.0175807 -4.10263e-05 -8.20256e-05 -0.0175807 0.087065 
0.00957477 -0.0175866 7.38248e-05 -5.19428e-05 -0.0175866 0.0870246 -4.05903e-05 -5.69539e-05 7.38248e-05 -4.05903e-05 0.00953862 -0.0175738 -5.19428e-05 -5.69539e-05 -0.0175738 0.0870153 
0.00960108 -0.017589 7.96876e-05 -5.13318e-05 -0.017589 0.0870356 -3.73677e-05 -5.19694e-05 7.96876e-05 -3.73677e-05 0.00951163 -0.0175881 -5.13318e-05 -5.19694e-05 -0.0175881 0.0870819 
0.00959995 -0.0175752 9.8872e-05 -6.0284e-05 -0.0175752 0.0868602 -5.36198e-05 -2.53547e-05 9.8872e-05 -5.36198e-05 0.00946879 -0.017505 -6.0284e-05 -2.53547e-05 -0.017505 0.0868177 
0.00957329 -0.017528 9.24093e-05 -7.84209e-05 -0.017528 0.0865466 -7.92993e-05 2.12006e-05 9.24093e-05 -7.92993e-05 0.00941695 -0.0173956 -7.84209e-05 2.12006e-05 -0.0173956 0.086342 
0.00957409 -0.017544 7.6866e-05 -7.33894e-05 -0.017544 0.0865739 -8.16058e-05 4.9853e-05 7.6866e-05 -8.16058e-05 0.00940848 -0.0173677 -7.33894e-05 4.9853e-05 -0.0173677 0.0862187 
0.00953343 -0.0174965 6.59226e-05 -4.86678e-05 -0.0174965 0.0863311 -5.57793e-05 1.12173e-05 6.59226e-05 -5.57793e-05 0.00938207 -0.0172997 -4.86678e-05 1.12173e-05 -0.0172997 0.0858748 
0.00993756 -0.0182346 5.4697e-05 -3.57397e-05 -0.0182346 0.0900322 -3.88944e-05 -4.05379e-05 5.4697e-05 -3.88944e-05 0.0097957 -0.0180574 -3.57397e-05 -4.05379e-05 -0.0180574 0.0895717 
0.00990473 -0.0181373 4.88799e-05 -1.88785e-05 -0.0181373 0.0895618 -2.27875e-05 -8.53127e-05 4.88799e-05 -2.27875e-05 0.00974612 -0.0179778 -1.88785e-05 -8.53127e-05 -0.0179778 0.0891396 
0.0099195 -0.0181776 5.04547e-05 -1.07816e-05 -0.0181776 0.0896887 -2.06918e-05 -0.000109071 5.04547e-05 -2.06918e-05 0.00976128 -0.0180102 -1.07816e-05 -0.000109071 -0.0180102 0.0892869 
0.00991461 -0.0182217 6.52334e-05 -1.04535e-05 -0.0182217 0.0898767 -2.50037e-05 -0.000113903 6.52334e-05 -2.50037e-05 0.00979405 -0.0180338 -1.04535e-05 -0.000113903 -0.0180338 0.0894212 
0.00992186 -0.018241 7.02089e-05 -3.65521e-05 -0.018241 0.0900775 -4.50641e-05 -7.40663e-05 7.02089e-05 -4.50641e-05 0.00981898 -0.0181014 -3.65521e-05 -7.40663e-05 -0.0181014 0.0896739 
0.00954854 -0.0175086 6.63344e-05 -4.66435e-05 -0.0175086 0.0865365 -4.43066e-05 -4.04514e-05 6.63344e-05 -4.43066e-05 0.00942227 -0.017415 -4.66435e-05 -4.04514e-05 -0.017415 0.0862652 
0.00960035 -0.0176259 6.6493e-05 -4.43584e-05 -0.0176259 0.0870465 -3.76666e-05 -3.95924e-05 6.6493e-05 -3.76666e-05 0.00948001 -0.0174933 -4.43584e-05 -3.95924e-05 -0.0174933 0.0867583 
0.00963481 -0.0177134 6.70565e-05 -4.85761e-05 -0.0177134 0.0875072 -3.82949e-05 -3.52198e-05 6.70565e-05 -3.82949e-05 0.00954016 -0.0175831 -4.85761e-05 -3.52198e-05 -0.0175831 0.0871913 
0.00963354 -0.0177302 4.91382e-05 -4.90434e-05 -0.0177302 0.0876621 -3.31917e-05 -4.28006e-05 4.91382e-05 -3.31917e-05 0.00957085 -0.0176292 -4.90434e-05 -4.28006e-05 -0.0176292 0.0873826 
0.00961657 -0.0176794 4.52671e-05 -3.09566e-05 -0.0176794 0.0874829 -1.4209e-05 -6.88587e-05 4.52671e-05 -1.4209e-05 0.0095643 -0.0176086 -3.09566e-05 -6.88587e-05 -0.0176086 0.0872577 
0.00958288 -0.0176369 4.62315e-05 -2.902e-05 -0.0176369 0.087264 -1.65264e-05 -7.69906e-05 4.62315e-05 -1.65264e-05 0.00957188 -0.0175732 -2.902e-05 -7.69906e-05 -0.0175732 0.0870641 
0.00960038 -0.0176564 5.39266e-05 -2.47286e-05 -0.0176564 0.0874 -1.90306e-05 -8.07959e-05 5.39266e-05 -1.90306e-05 0.00959906 -0.0176381 -2.47286e-05 -8.07959e-05 -0.0176381 0.0872651 
0.00961053 -0.0176324 8.28457e-05 -3.06542e-05 -0.0176324 0.0872797 -3.1923e-05 -6.69701e-05 8.28457e-05 -3.1923e-05 0.00959358 -0.0176375 -3.06542e-05 -6.69701e-05 -0.0176375 0.0872268 
0.00961148 -0.0175809 0.000103684 -6.46219e-05 -0.0175809 0.0869426 -7.09192e-05 -2.69613e-06 0.000103684 -7.09192e-05 0.00953074 -0.0175812 -6.46219e-05 -2.69613e-06 -0.0175812 0.0869337 
0.00964137 -0.0176479 0.000104204 -8.86117e-05 -0.0176479 0.0871122 -9.83493e-05 6.82742e-05 0.000104204 -9.83493e-05 0.00951526 -0.0175718 -8.86117e-05 6.82742e-05 -0.0175718 0.0870021 
0.00962984 -0.0176874 9.42088e-05 -8.88591e-05 -0.0176874 0.0872421 -9.89874e-05 9.70559e-05 9.42088e-05 -9.89874e-05 0.00953575 -0.0175399 -8.88591e-05 9.70559e-05 -0.0175399 0.0869467 
0.00955915 -0.0176284 5.77611e-05 -7.47539e-05 -0.0176284 0.0870505 -8.18685e-05 7.46737e-05 5.77611e-05 -8.18685e-05 0.0095598 -0.0175195 -7.47539e-05 7.46737e-05 -0.0175195 0.086737 
0.0095319 -0.0175603 2.31354e-05 -3.73798e-05 -0.0175603 0.0869188 -4.12241e-05 8.33164e-06 2.31354e-05 -4.12241e-05 0.00957181 -0.017575 -3.73798e-05 8.33164e-06 -0.017575 0.0868178 
0.00953989 -0.0175282 1.37888e-06 8.7427e-06 -0.0175282 0.0868151 1.04056e-05 -0.000106824 1.37888e-06 1.04056e-05 0.00955598 -0.0175968 8.7427e-06 -0.000106824 -0.0175968 0.0869093 
0.00952752 -0.0175203 -4.30529e-06 3.51539e-05 -0.0175203 0.0867054 4.69242e-05 -0.000209361 -4.30529e-06 4.69242e-05 0.0095461 -0.0175599 3.51539e-05 -0.000209361 -0.0175599 0.086824 
0.0095013 -0.0174977 1.21718e-05 3.81578e-05 -0.0174977 0.0865848 5.25304e-05 -0.000251985 1.21718e-05 5.25304e-05 0.0095436 -0.0175187 3.81578e-05 -0.000251985 -0.0175187 0.0866365 
0.00950672 -0.0174555 4.40047e-05 1.01851e-05 -0.0174555 0.0864162 2.14625e-05 -0.000207759 4.40047e-05 2.14625e-05 0.00949713 -0.0174902 1.01851e-05 -0.000207759 -0.0174902 0.0864379 
0.00951904 -0.0174605 6.24053e-05 -3.04598e-05 -0.0174605 0.0863354 -2.15791e-05 -0.000112178 6.24053e-05 -2.15791e-05 0.00945968 -0.0174323 -3.04598e-05 -0.000112178 -0.0174323 0.0862545 
0.00953912 -0.0174881 6.7602e-05 -5.29703e-05 -0.0174881 0.0863904 -4.83152e-05 -2.77482e-05 6.7602e-05 -4.83152e-05 0.00944571 -0.0174033 -5.29703e-05 -2.77482e-05 -0.0174033 0.086171 
0.00952903 -0.0175212 5.7099e-05 -6.09572e-05 -0.0175212 0.0864934 -5.74895e-05 1.92367e-05 5.7099e-05 -5.74895e-05 0.00947208 -0.0173992 -6.09572e-05 1.92367e-05 -0.0173992 0.0861653 
0.00954614 -0.017574 3.35211e-05 -4.36359e-05 -0.017574 0.0868233 -3.85004e-05 -3.79283e-07 3.35211e-05 -3.85004e-05 0.00952152 -0.0174859 -4.36359e-05 -3.79283e-07 -0.0174859 0.0864925 
0.00954957 -0.0175825 1.60518e-05 -8.21278e-06 -0.0175825 0.0869444 -3.78837e-06 -7.62372e-05 1.60518e-05 -3.78837e-06 0.00954555 -0.0175444 -8.21278e-06 -7.62372e-05 -0.0175444 0.0867197 
0.0095602 -0.0175939 1.01338e-06 1.30579e-05 -0.0175939 0.0870654 1.68634e-05 -0.000143885 1.01338e-06 1.68634e-05 0.00957504 -0.0176014 1.30579e-05 -0.000143885 -0.0176014 0.0869824 
0.00960512 -0.0176645 1.14277e-05 3.42788e-05 -0.0176645 0.0874224 3.40986e-05 -0.000199978 1.14277e-05 3.40986e-05 0.00961273 -0.0176866 3.42788e-05 -0.000199978 -0.0176866 0.0874084 
0.00961825 -0.0176701 2.36737e-05 3.11891e-05 -0.0176701 0.0874315 2.40461e-05 -0.000219835 2.36737e-05 2.40461e-05 0.00961801 -0.0176803 3.11891e-05 -0.000219835 -0.0176803 0.087419 
0.00968027 -0.0177661 4.31211e-05 1.35198e-05 -0.0177661 0.0878495 2.17108e-06 -0.000187216 4.31211e-05 2.17108e-06 0.00964598 -0.0177526 1.35198e-05 -0.000187216 -0.0177526 0.0877743 
0.00974948 -0.0178701 4.24137e-05 -1.88338e-05 -0.0178701 0.0882963 -2.95483e-05 -0.000112289 4.24137e-05 -2.95483e-05 0.00966049 -0.017812 -1.88338e-05 -0.000112289 -0.017812 0.0881183 
0.00973025 -0.0178418 5.03928e-05 -2.20855e-05 -0.0178418 0.0880743 -2.4843e-05 -7.79788e-05 5.03928e-05 -2.4843e-05 0.00962042 -0.0177136 -2.20855e-05 -7.79788e-05 -0.0177136 0.087735 
0.00969853 -0.0178184 4.34805e-05 -3.01142e-05 -0.0178184 0.0879276 -2.33929e-05 -7.19678e-05 4.34805e-05 -2.33929e-05 0.00961901 -0.0176557 -3.01142e-05 -7.19678e-05 -0.0176557 0.0874486 
0.00971909 -0.0178425 4.92033e-05 -2.77219e-05 -0.0178425 0.0880987 -1.64126e-05 -7.35279e-05 4.92033e-05 -1.64126e-05 0.00962922 -0.0177101 -2.77219e-05 -7.35279e-05 -0.0177101 0.087605 
0.00967903 -0.0178098 3.46283e-05 -3.48335e-05 -0.0178098 0.0879167 -2.4099e-05 -6.53362e-05 3.46283e-05 -2.4099e-05 0.00961911 -0.0176593 -3.48335e-05 -6.53362e-05 -0.0176593 0.0873966 
0.00963455 -0.0177415 2.28128e-05 -1.41247e-05 -0.0177415 0.0876741 6.32318e-07 -0.000100535 2.28128e-05 6.32318e-07 0.00962968 -0.0176368 -1.41247e-05 -0.000100535 -0.0176368 0.0872168 
0.00958224 -0.0176549 -1.96588e-06 -5.2822e-07 -0.0176549 0.0873211 1.48698e-05 -0.000141156 -1.96588e-06 1.48698e-05 0.00964257 -0.0176235 -5.2822e-07 -0.000141156 -0.0176235 0.0870224 
0.00957938 -0.0176385 -1.63055e-05 2.58156e-05 -0.0176385 0.0873111 3.44557e-05 -0.000184328 -1.63055e-05 3.44557e-05 0.00968256 -0.0177063 2.58156e-05 -0.000184328 -0.0177063 0.0872603 
0.00961429 -0.0177168 -1.96423e-05 5.43905e-05 -0.0177168 0.0877059 5.44544e-05 -0.000251393 -1.96423e-05 5.44544e-05 0.00975138 -0.0178421 5.43905e-05 -0.000251393 -0.0178421 0.0878585 
