0.00693873 0 0.000141602 0 0 0.00969284 0 0 0.000141602 0 0.00684349 0 0 0 0 0.00969284 
0.0100758 -0.0125099 0.000174034 -0.000210859 -0.0125099 0.0331342 -0.000210859 0.00040478 0.000174034 -0.000210859 0.0100053 -0.0124161 -0.000210859 0.00040478 -0.0124161 0.032955 
0.00982554 -0.0183118 0.000149866 -0.000165735 -0.0183118 0.0674266 -0.000165735 0.000502715 0.000149866 -0.000165735 0.009747 -0.0181569 -0.000165735 0.000502715 -0.0181569 0.0669116 
0.00925582 -0.0178302 0.000110745 -7.69407e-05 -0.0178302 0.0798346 -7.34956e-05 2.53236e-05 0.000110745 -7.34956e-05 0.00919417 -0.0178129 -7.69407e-05 2.53236e-05 -0.0178129 0.0799335 
0.00947384 -0.0176637 0.000118398 -5.70149e-05 -0.0176637 0.0848855 -5.43633e-05 -0.000192397 0.000118398 -5.43633e-05 0.00941518 -0.0177215 -5.70149e-05 -0.000192397 -0.0177215 0.0857405 
0.00974207 -0.01789 0.000130522 -9.20577e-05 -0.01789 0.0874488 -9.19771e-05 -0.000105557 0.000130522 -9.19771e-05 0.00968677 -0.0179018 -9.20577e-05 -0.000105557 -0.0179018 0.0882896 
0.00991336 -0.0181787 0.00012815 -0.000114575 -0.0181787 0.0892497 -0.000113241 2.76027e-05 0.00012815 -0.000113241 0.00989586 -0.0181736 -0.000114575 2.76027e-05 -0.0181736 0.0898554 
0.00958938 -0.0175663 0.000102286 -0.000109529 -0.0175663 0.0865171 -0.000110859 0.000102147 0.000102286 -0.000110859 0.0096236 -0.0176054 -0.000109529 0.000102147 -0.0176054 0.0870125 
0.00980625 -0.017936 9.13117e-05 -7.76134e-05 -0.017936 0.0885007 -8.37432e-05 8.05478e-05 9.13117e-05 -8.37432e-05 0.00988285 -0.0180813 -7.76134e-05 8.05478e-05 -0.0180813 0.08918 
0.00966557 -0.0176248 9.32176e-05 -5.7209e-05 -0.0176248 0.0869944 -6.31394e-05 2.94221e-05 9.32176e-05 -6.31394e-05 0.00974058 -0.0178471 -5.7209e-05 2.94221e-05 -0.0178471 0.0879058 
0.00957604 -0.0174621 8.44012e-05 -6.399e-05 -0.0174621 0.0860593 -6.26081e-05 1.61751e-05 8.44012e-05 -6.26081e-05 0.00966309 -0.0176756 -6.399e-05 1.61751e-05 -0.0176756 0.0870512 
0.00957666 -0.0174567 6.80587e-05 -5.70942e-05 -0.0174567 0.0859573 -4.91208e-05 -1.28057e-06 6.80587e-05 -4.91208e-05 0.00966311 -0.0176793 -5.70942e-05 -1.28057e-06 -0.0176793 0.0869772 
0.00960837 -0.0175372 5.59928e-05 -3.52661e-05 -0.0175372 0.0862512 -2.52907e-05 -5.00106e-05 5.59928e-05 -2.52907e-05 0.00969472 -0.0177277 -3.52661e-05 -5.00106e-05 -0.0177277 0.0871985 
0.00960165 -0.0176069 3.71947e-05 -2.03621e-05 -0.0176069 0.0865757 -1.21316e-05 -9.46804e-05 3.71947e-05 -1.21316e-05 0.00973143 -0.017785 -2.03621e-05 -9.46804e-05 -0.017785 0.0874537 
0.00957896 -0.0175836 4.21906e-05 -2.05809e-07 -0.0175836 0.0866396 6.8636e-06 -0.000138877 4.21906e-05 6.8636e-06 0.00974881 -0.0178264 -2.05809e-07 -0.000138877 -0.0178264 0.0876033 
0.00953091 -0.0174898 6.84453e-05 -8.84309e-06 -0.0174898 0.0863093 -8.19283e-06 -0.000129394 6.84453e-05 -8.19283e-06 0.00970381 -0.0177934 -8.84309e-06 -0.000129394 -0.0177934 0.0874325 
0.00954499 -0.0174787 7.93621e-05 -4.18453e-05 -0.0174787 0.0863143 -4.67052e-05 -5.8394e-05 7.93621e-05 -4.67052e-05 0.00968281 -0.0177945 -4.18453e-05 -5.8394e-05 -0.0177945 0.0875352 
0.00954815 -0.0174368 8.06854e-05 -6.17676e-05 -0.0174368 0.0860559 -6.84129e-05 1.90203e-05 8.06854e-05 -6.84129e-05 0.00962734 -0.0177012 -6.17676e-05 1.90203e-05 -0.0177012 0.0872167 
0.00961286 -0.0175295 9.15105e-05 -6.20948e-05 -0.0175295 0.086394 -6.87948e-05 4.65412e-05 9.15105e-05 -6.87948e-05 0.00962177 -0.0177228 -6.20948e-05 4.65412e-05 -0.0177228 0.0874077 
0.00962799 -0.0175038 9.55253e-05 -7.59449e-05 -0.0175038 0.0861517 -8.36294e-05 7.79007e-05 9.55253e-05 -8.36294e-05 0.00956547 -0.0176038 -7.59449e-05 7.79007e-05 -0.0176038 0.086939 
0.00962711 -0.0175419 7.4031e-05 -7.90013e-05 -0.0175419 0.0861461 -8.83582e-05 9.72598e-05 7.4031e-05 -8.83582e-05 0.00954165 -0.0175381 -7.90013e-05 9.72598e-05 -0.0175381 0.0866556 
0.0100559 -0.0183386 9.52037e-05 -5.28086e-05 -0.0183386 0.0900375 -5.69212e-05 5.12407e-05 9.52037e-05 -5.69212e-05 0.00994766 -0.0182932 -5.28086e-05 5.12407e-05 -0.0182932 0.0903666 
0.0100351 -0.0183351 0.000103834 -6.73755e-05 -0.0183351 0.0900227 -6.2425e-05 2.26924e-05 0.000103834 -6.2425e-05 0.00992859 -0.0182609 -6.73755e-05 2.26924e-05 -0.0182609 0.0902275 
0.00998435 -0.0182598 7.52264e-05 -8.09967e-05 -0.0182598 0.0897251 -6.90451e-05 3.28885e-05 7.52264e-05 -6.90451e-05 0.00990619 -0.0181876 -8.09967e-05 3.28885e-05 -0.0181876 0.0898824 
0.0100079 -0.0182694 7.22412e-05 -5.64957e-05 -0.0182694 0.0898384 -4.16538e-05 8.37275e-06 7.22412e-05 -4.16538e-05 0.00991259 -0.0182309 -5.64957e-05 8.37275e-06 -0.0182309 0.0900301 
0.0100053 -0.0182842 5.70192e-05 -5.00406e-05 -0.0182842 0.0898699 -4.10281e-05 -1.49745e-05 5.70192e-05 -4.10281e-05 0.00991115 -0.0182304 -5.00406e-05 -1.49745e-05 -0.0182304 0.0900689 
0.00998435 -0.0182823 3.97666e-05 -2.60891e-05 -0.0182823 0.0899036 -2.47969e-05 -5.38247e-05 3.97666e-05 -2.47969e-05 0.00992207 -0.0182392 -2.60891e-05 -5.38247e-05 -0.0182392 0.0901226 
0.00996398 -0.0182832 6.70805e-05 -5.89873e-06 -0.0182832 0.0899952 -6.16378e-06 -9.67991e-05 6.70805e-05 -6.16378e-06 0.00995361 -0.0182598 -5.89873e-06 -9.67991e-05 -0.0182598 0.0902289 
0.00952387 -0.0174741 6.60318e-05 -3.55528e-05 -0.0174741 0.0861506 -3.60384e-05 -6.53475e-05 6.60318e-05 -3.60384e-05 0.00954376 -0.017526 -3.55528e-05 -6.53475e-05 -0.017526 0.0865141 
0.00993003 -0.0182198 6.40292e-05 -4.21373e-05 -0.0182198 0.0899055 -4.53097e-05 -3.15761e-05 6.40292e-05 -4.53097e-05 0.00998046 -0.0183212 -4.21373e-05 -3.15761e-05 -0.0183212 0.0904399 
0.00990571 -0.0181207 7.32276e-05 -3.08933e-05 -0.0181207 0.0894745 -3.74363e-05 -3.96379e-05 7.32276e-05 -3.74363e-05 0.00994631 -0.018265 -3.08933e-05 -3.96379e-05 -0.018265 0.0901386 
0.00992479 -0.018122 8.07614e-05 -4.26458e-05 -0.018122 0.0893886 -4.95372e-05 -2.72402e-05 8.07614e-05 -4.95372e-05 0.0099323 -0.018253 -4.26458e-05 -2.72402e-05 -0.018253 0.0900846 
0.00995674 -0.0181595 9.38663e-05 -5.90883e-05 -0.0181595 0.0894553 -6.14669e-05 1.04147e-05 9.38663e-05 -6.14669e-05 0.0099123 -0.018246 -5.90883e-05 1.04147e-05 -0.018246 0.0900802 
0.00996301 -0.0182362 8.11275e-05 -7.13087e-05 -0.0182362 0.0897088 -7.15079e-05 3.73281e-05 8.11275e-05 -7.15079e-05 0.00992993 -0.0182408 -7.13087e-05 3.73281e-05 -0.0182408 0.0901504 
0.00993624 -0.0182101 6.62345e-05 -5.18403e-05 -0.0182101 0.0896522 -5.50187e-05 1.65426e-05 6.62345e-05 -5.50187e-05 0.00993193 -0.0182118 -5.18403e-05 1.65426e-05 -0.0182118 0.0899791 
0.00993808 -0.0182034 5.51079e-05 -2.58287e-05 -0.0182034 0.0897074 -3.32172e-05 -4.4072e-05 5.51079e-05 -3.32172e-05 0.00995348 -0.0182563 -2.58287e-05 -4.4072e-05 -0.0182563 0.0901007 
0.00951563 -0.0174449 6.7468e-05 -1.05036e-05 -0.0174449 0.0859863 -2.06069e-05 -8.80504e-05 6.7468e-05 -2.06069e-05 0.00955063 -0.0175233 -1.05036e-05 -8.80504e-05 -0.0175233 0.0864497 
0.00951668 -0.0174354 8.75726e-05 -2.7963e-05 -0.0174354 0.0859848 -3.85788e-05 -7.77911e-05 8.75726e-05 -3.85788e-05 0.00955193 -0.0175384 -2.7963e-05 -7.77911e-05 -0.0175384 0.0865214 
0.00995405 -0.0182236 0.000105868 -5.85316e-05 -0.0182236 0.089872 -6.60863e-05 -2.57509e-05 0.000105868 -6.60863e-05 0.00999248 -0.0183342 -5.85316e-05 -2.57509e-05 -0.0183342 0.0904732 
0.00952326 -0.0174221 0.000123499 -8.17476e-05 -0.0174221 0.0858971 -7.61958e-05 3.25305e-05 0.000123499 -7.61958e-05 0.00955293 -0.0175336 -8.17476e-05 3.25305e-05 -0.0175336 0.0864968 
0.00995254 -0.0181798 0.000139519 -0.000118161 -0.0181798 0.0895944 -0.000103283 0.000100914 0.000139519 -0.000103283 0.00995933 -0.0182894 -0.000118161 0.000100914 -0.0182894 0.090224 
0.0099855 -0.0182307 0.000134352 -0.000137075 -0.0182307 0.089757 -0.000121846 0.0001663 0.000134352 -0.000121846 0.00994922 -0.0183076 -0.000137075 0.0001663 -0.0183076 0.0903329 
0.0100092 -0.0182807 0.000118746 -0.000131791 -0.0182807 0.0899358 -0.000119782 0.000187485 0.000118746 -0.000119782 0.00994396 -0.0183057 -0.000131791 0.000187485 -0.0183057 0.0904062 
0.010038 -0.018306 0.000103122 -0.000113536 -0.018306 0.0900506 -0.000103401 0.000168314 0.000103122 -0.000103401 0.00994502 -0.018305 -0.000113536 0.000168314 -0.018305 0.0904432 
0.00963303 -0.0175916 9.14594e-05 -8.52614e-05 -0.0175916 0.0864633 -8.27735e-05 0.00011725 9.14594e-05 -8.27735e-05 0.0095253 -0.0175518 -8.52614e-05 0.00011725 -0.0175518 0.0867477 
0.009607 -0.0175915 6.23185e-05 -6.58545e-05 -0.0175915 0.0864731 -7.70008e-05 7.5724e-05 6.23185e-05 -7.70008e-05 0.00953581 -0.0175201 -6.58545e-05 7.5724e-05 -0.0175201 0.0866611 
0.00958225 -0.0175438 5.2805e-05 -2.92669e-05 -0.0175438 0.0863603 -4.79064e-05 1.5326e-05 5.2805e-05 -4.79064e-05 0.00955972 -0.0175262 -2.92669e-05 1.5326e-05 -0.0175262 0.0866 
0.00954693 -0.0174581 4.34963e-05 -1.24352e-05 -0.0174581 0.0860137 -3.26674e-05 -4.38538e-05 4.34963e-05 -3.26674e-05 0.00956295 -0.0175258 -1.24352e-05 -4.38538e-05 -0.0175258 0.0864554 
0.0099788 -0.0182555 5.37712e-05 -7.63169e-06 -0.0182555 0.0899149 -2.29204e-05 -7.57811e-05 5.37712e-05 -2.29204e-05 0.010031 -0.0183636 -7.63169e-06 -7.57811e-05 -0.0183636 0.0905182 
0.00953818 -0.0174994 4.74503e-05 -2.25197e-05 -0.0174994 0.0861987 -2.72638e-05 -6.52029e-05 4.74503e-05 -2.72638e-05 0.00964021 -0.0176463 -2.25197e-05 -6.52029e-05 -0.0176463 0.086898 
0.00952164 -0.0174331 6.13556e-05 -2.03506e-05 -0.0174331 0.0860113 -1.53309e-05 -7.22569e-05 6.13556e-05 -1.53309e-05 0.00963134 -0.0176664 -2.03506e-05 -7.22569e-05 -0.0176664 0.0869233 
0.00950237 -0.0174023 5.143e-05 -4.25175e-05 -0.0174023 0.0858378 -3.30851e-05 -4.4634e-05 5.143e-05 -3.30851e-05 0.00962394 -0.0176414 -4.25175e-05 -4.4634e-05 -0.0176414 0.0868505 
0.00990958 -0.018109 4.47966e-05 -3.18658e-05 -0.018109 0.089335 -2.56739e-05 -4.44329e-05 4.47966e-05 -2.56739e-05 0.0100015 -0.0183717 -3.18658e-05 -4.44329e-05 -0.0183717 0.0904401 
0.00990487 -0.0180629 5.13523e-05 -1.87373e-05 -0.0180629 0.0890251 -1.83741e-05 -6.2559e-05 5.13523e-05 -1.83741e-05 0.00993829 -0.0182845 -1.87373e-05 -6.2559e-05 -0.0182845 0.0900878 
0.00992273 -0.0180917 5.96757e-05 -3.13293e-05 -0.0180917 0.0890397 -3.40908e-05 -3.87711e-05 5.96757e-05 -3.40908e-05 0.00988974 -0.0182337 -3.13293e-05 -3.87711e-05 -0.0182337 0.0899428 
0.00991577 -0.0180783 5.61785e-05 -4.90422e-05 -0.0180783 0.0889006 -5.06028e-05 1.00882e-05 5.61785e-05 -5.06028e-05 0.00982355 -0.0181334 -4.90422e-05 1.00882e-05 -0.0181334 0.0895852 
0.00990315 -0.0180954 4.18056e-05 -4.25855e-05 -0.0180954 0.0889266 -4.38795e-05 1.96472e-05 4.18056e-05 -4.38795e-05 0.00979311 -0.0180569 -4.25855e-05 1.96472e-05 -0.0180569 0.0893443 
0.00991699 -0.0181828 1.90263e-05 -2.42553e-05 -0.0181828 0.089392 -2.30048e-05 -1.18838e-05 1.90263e-05 -2.30048e-05 0.00982709 -0.0180935 -2.42553e-05 -1.18838e-05 -0.0180935 0.0895797 
0.00988524 -0.0181344 1.22547e-05 8.55594e-06 -0.0181344 0.0892936 1.06827e-05 -8.73996e-05 1.22547e-05 1.06827e-05 0.00982718 -0.0180541 8.55594e-06 -8.73996e-05 -0.0180541 0.0893813 
0.00987761 -0.0180963 2.9531e-05 1.38177e-05 -0.0180963 0.0891998 1.86612e-05 -0.000129455 2.9531e-05 1.86612e-05 0.00982937 -0.0180613 1.38177e-05 -0.000129455 -0.0180613 0.0893339 
0.0098362 -0.0179843 6.34892e-05 -6.03486e-06 -0.0179843 0.0886568 1.03935e-06 -0.00011654 6.34892e-05 1.03935e-06 0.00977103 -0.0179768 -6.03486e-06 -0.00011654 -0.0179768 0.0888775 
0.00979635 -0.017898 9.8257e-05 -4.46467e-05 -0.017898 0.0881768 -4.11604e-05 -4.37381e-05 9.8257e-05 -4.11604e-05 0.00972882 -0.0178901 -4.46467e-05 -4.37381e-05 -0.0178901 0.0884539 
0.00981407 -0.0179419 9.94771e-05 -8.82386e-05 -0.0179419 0.0883262 -9.02251e-05 6.58653e-05 9.94771e-05 -9.02251e-05 0.00974702 -0.0179222 -8.82386e-05 6.58653e-05 -0.0179222 0.0885894 
0.00980608 -0.0179565 9.65644e-05 -9.06008e-05 -0.0179565 0.088387 -9.51014e-05 0.000121695 9.65644e-05 -9.51014e-05 0.00976994 -0.0179379 -9.06008e-05 0.000121695 -0.0179379 0.0886447 
0.00981723 -0.0179485 8.13139e-05 -9.72766e-05 -0.0179485 0.0883983 -9.90769e-05 0.000156714 8.13139e-05 -9.90769e-05 0.00976234 -0.017965 -9.72766e-05 0.000156714 -0.017965 0.0887065 
0.00984056 -0.0180005 4.31355e-05 -8.37235e-05 -0.0180005 0.0886192 -8.18563e-05 0.000150704 4.31355e-05 -8.18563e-05 0.00977678 -0.0180051 -8.37235e-05 0.000150704 -0.0180051 0.0889544 
0.0098314 -0.0179902 3.75472e-05 -3.97483e-05 -0.0179902 0.0885613 -4.3561e-05 8.8391e-05 3.75472e-05 -4.3561e-05 0.00976767 -0.0179685 -3.97483e-05 8.8391e-05 -0.0179685 0.0888373 
0.00979342 -0.0179662 2.11028e-05 -1.47689e-05 -0.0179662 0.0884526 -3.08038e-05 1.54046e-05 2.11028e-05 -3.08038e-05 0.00976579 -0.0179416 -1.47689e-05 1.54046e-05 -0.0179416 0.088695 
0.009771 -0.0179143 3.56135e-05 1.23124e-05 -0.0179143 0.0883131 -9.69544e-06 -5.16019e-05 3.56135e-05 -9.69544e-06 0.00974801 -0.0179424 1.23124e-05 -5.16019e-05 -0.0179424 0.0886352 
0.00979471 -0.017941 4.854e-05 -1.07672e-05 -0.017941 0.0884884 -2.68909e-05 -4.73641e-05 4.854e-05 -2.68909e-05 0.00975323 -0.0179898 -1.07672e-05 -4.73641e-05 -0.0179898 0.0889064 
0.0097885 -0.0179514 6.20677e-05 -3.69023e-05 -0.0179514 0.0885371 -4.04512e-05 -2.06409e-06 6.20677e-05 -4.04512e-05 0.00976576 -0.0179856 -3.69023e-05 -2.06409e-06 -0.0179856 0.0889805 
0.0097798 -0.0179269 5.74697e-05 -5.86722e-05 -0.0179269 0.0884787 -5.32072e-05 4.63561e-05 5.74697e-05 -5.32072e-05 0.00975892 -0.0179835 -5.86722e-05 4.63561e-05 -0.0179835 0.0889557 
0.0098073 -0.0179327 5.81186e-05 -6.04495e-05 -0.0179327 0.0885053 -5.10684e-05 7.35595e-05 5.81186e-05 -5.10684e-05 0.00974973 -0.0179765 -6.04495e-05 7.35595e-05 -0.0179765 0.0889608 
0.00983736 -0.0179367 5.06715e-05 -5.58025e-05 -0.0179367 0.0884315 -4.63329e-05 6.58531e-05 5.06715e-05 -4.63329e-05 0.00971257 -0.0179372 -5.58025e-05 6.58531e-05 -0.0179372 0.0888087 
0.00986164 -0.0180386 4.8198e-05 -4.20631e-05 -0.0180386 0.0887774 -3.58333e-05 3.84248e-05 4.8198e-05 -3.58333e-05 0.00974195 -0.0179578 -4.20631e-05 3.84248e-05 -0.0179578 0.0889928 
0.00984065 -0.0180096 5.9347e-05 -3.45858e-05 -0.0180096 0.0886952 -2.93394e-05 1.0534e-05 5.9347e-05 -2.93394e-05 0.00973857 -0.0179373 -3.45858e-05 1.0534e-05 -0.0179373 0.0888463 
0.00983852 -0.0180378 5.51254e-05 -4.99377e-05 -0.0180378 0.088874 -4.39219e-05 2.47287e-05 5.51254e-05 -4.39219e-05 0.00977242 -0.0179859 -4.99377e-05 2.47287e-05 -0.0179859 0.0890446 
0.00983242 -0.0180056 5.93229e-05 -4.86917e-05 -0.0180056 0.0888037 -4.51955e-05 4.11938e-05 5.93229e-05 -4.51955e-05 0.00976061 -0.0179934 -4.86917e-05 4.11938e-05 -0.0179934 0.0890414 
0.00980085 -0.0179172 8.28882e-05 -4.72229e-05 -0.0179172 0.0883721 -4.61136e-05 3.8325e-05 8.28882e-05 -4.61136e-05 0.00971258 -0.017906 -4.72229e-05 3.8325e-05 -0.017906 0.0886519 
0.00979107 -0.0179225 8.25412e-05 -7.76596e-05 -0.0179225 0.0883116 -7.22768e-05 7.86381e-05 8.25412e-05 -7.22768e-05 0.00969815 -0.0178647 -7.76596e-05 7.86381e-05 -0.0178647 0.0884994 
0.00977543 -0.0179215 7.59578e-05 -7.36424e-05 -0.0179215 0.0883172 -6.86594e-05 8.93931e-05 7.59578e-05 -6.86594e-05 0.0097051 -0.0178547 -7.36424e-05 8.93931e-05 -0.0178547 0.0884379 
0.00977284 -0.0179239 6.09446e-05 -6.06325e-05 -0.0179239 0.0884062 -5.54115e-05 6.17033e-05 6.09446e-05 -5.54115e-05 0.00972408 -0.0178949 -6.06325e-05 6.17033e-05 -0.0178949 0.0885718 
0.00974746 -0.0178748 3.81946e-05 -4.65065e-05 -0.0178748 0.0882093 -3.89285e-05 2.78056e-05 3.81946e-05 -3.89285e-05 0.0097015 -0.017868 -4.65065e-05 2.78056e-05 -0.017868 0.0884301 
0.00971658 -0.0178511 1.47293e-05 -1.67804e-05 -0.0178511 0.0881176 -9.16142e-06 -3.61499e-05 1.47293e-05 -9.16142e-06 0.00970502 -0.0178528 -1.67804e-05 -3.61499e-05 -0.0178528 0.0883779 
0.00968705 -0.0177823 3.87282e-05 6.86124e-06 -0.0177823 0.0878659 1.644e-05 -9.7281e-05 3.87282e-05 1.644e-05 0.00968887 -0.0178215 6.86124e-06 -9.7281e-05 -0.0178215 0.0881875 
0.00964594 -0.0176786 4.00634e-05 -1.80583e-05 -0.0176786 0.0873491 -7.99508e-06 -8.83866e-05 4.00634e-05 -7.99508e-06 0.00963095 -0.0177211 -1.80583e-05 -8.83866e-05 -0.0177211 0.0876913 
0.00962091 -0.0176223 5.15114e-05 -1.96274e-05 -0.0176223 0.0870194 -1.54999e-05 -6.49952e-05 5.15114e-05 -1.54999e-05 0.00959479 -0.0176533 -1.96274e-05 -6.49952e-05 -0.0176533 0.0873544 
0.00961255 -0.0176123 6.26725e-05 -2.72508e-05 -0.0176123 0.0869168 -3.0097e-05 -4.47551e-05 6.26725e-05 -3.0097e-05 0.00957512 -0.0176275 -2.72508e-05 -4.47551e-05 -0.0176275 0.087216 
0.00962888 -0.0176626 6.04498e-05 -4.31331e-05 -0.0176626 0.0871377 -4.8868e-05 -4.79527e-06 6.04498e-05 -4.8868e-05 0.00958676 -0.0176576 -4.31331e-05 -4.79527e-06 -0.0176576 0.0873833 
0.00966327 -0.0176773 5.02006e-05 -4.16199e-05 -0.0176773 0.0872307 -4.65716e-05 9.76612e-06 5.02006e-05 -4.65716e-05 0.00957247 -0.0176605 -4.16199e-05 9.76612e-06 -0.0176605 0.0874233 
0.00966193 -0.0177124 8.95433e-05 -3.09043e-05 -0.0177124 0.0872967 -2.98898e-05 -1.0913e-05 8.95433e-05 -2.98898e-05 0.00957496 -0.0176334 -3.09043e-05 -1.0913e-05 -0.0176334 0.0873715 
0.00965023 -0.0176872 0.000152896 -8.06684e-05 -0.0176872 0.0872134 -7.22111e-05 4.61586e-05 0.000152896 -7.22111e-05 0.00956339 -0.0176181 -8.06684e-05 4.61586e-05 -0.0176181 0.0872502 
0.00965674 -0.0177127 0.000156549 -0.000159543 -0.0177127 0.0873664 -0.000146316 0.000197328 0.000156549 -0.000146316 0.00957156 -0.0176676 -0.000159543 0.000197328 -0.0176676 0.087468 
0.00965563 -0.0177 0.000131878 -0.00017097 -0.0177 0.0873461 -0.00015829 0.00029471 0.000131878 -0.00015829 0.00955481 -0.0176555 -0.00017097 0.00029471 -0.0176555 0.0874753 
0.00962717 -0.0176706 9.5333e-05 -0.000133823 -0.0176706 0.0871857 -0.00012492 0.000259639 9.5333e-05 -0.00012492 0.00953565 -0.0175872 -0.000133823 0.000259639 -0.0175872 0.0872378 
0.00960024 -0.0175998 4.98444e-05 -7.79074e-05 -0.0175998 0.0869109 -7.56395e-05 0.000144425 4.98444e-05 -7.56395e-05 0.00952196 -0.0175488 -7.79074e-05 0.000144425 -0.0175488 0.0869961 
0.00961509 -0.0176276 4.35302e-05 -1.77701e-05 -0.0176276 0.0870389 -2.13663e-05 1.74197e-06 4.35302e-05 -2.13663e-05 0.00953511 -0.0175951 -1.77701e-05 1.74197e-06 -0.0175951 0.0871778 
0.00958338 -0.0175697 5.37818e-05 -4.05094e-06 -0.0175697 0.086742 -1.08841e-05 -8.23048e-05 5.37818e-05 -1.08841e-05 0.00950654 -0.0175259 -4.05094e-06 -8.23048e-05 -0.0175259 0.0868724 
0.00956214 -0.0175412 7.62034e-05 -1.97322e-05 -0.0175412 0.0865862 -2.62166e-05 -8.01972e-05 7.62034e-05 -2.62166e-05 0.00949116 -0.0174875 -1.97322e-05 -8.01972e-05 -0.0174875 0.0866731 
0.00953495 -0.0175442 0.000100603 -5.15665e-05 -0.0175442 0.0866055 -5.60538e-05 -2.26178e-05 0.000100603 -5.60538e-05 0.009513 -0.0174869 -5.15665e-05 -2.26178e-05 -0.0174869 0.0866541 
0.00953129 -0.017515 8.81337e-05 -9.15456e-05 -0.017515 0.0865844 -9.15809e-05 7.34844e-05 8.81337e-05 -9.15809e-05 0.00951415 -0.0175196 -9.15456e-05 7.34844e-05 -0.0175196 0.0867131 
0.00952914 -0.0175155 5.00304e-05 -7.85123e-05 -0.0175155 0.0866042 -7.60457e-05 9.55709e-05 5.00304e-05 -7.60457e-05 0.00952863 -0.0175414 -7.85123e-05 9.55709e-05 -0.0175414 0.0868315 
0.00952143 -0.0175117 4.03506e-05 -3.04947e-05 -0.0175117 0.0866066 -3.00815e-05 2.27987e-05 4.03506e-05 -3.00815e-05 0.00953246 -0.0175537 -3.04947e-05 2.27987e-05 -0.0175537 0.0868884 
0.00950879 -0.0174731 5.83549e-05 -1.5423e-05 -0.0174731 0.0864547 -2.22975e-05 -3.18205e-05 5.83549e-05 -2.22975e-05 0.00951051 -0.017532 -1.5423e-05 -3.18205e-05 -0.017532 0.086789 
0.00951432 -0.0174717 4.6985e-05 -3.49722e-05 -0.0174717 0.0864493 -4.50965e-05 -1.62301e-05 4.6985e-05 -4.50965e-05 0.00949942 -0.0175319 -3.49722e-05 -1.62301e-05 -0.0175319 0.0868241 
0.00951825 -0.0174558 6.18771e-05 -3.0973e-05 -0.0174558 0.0863577 -3.84884e-05 1.70592e-06 6.18771e-05 -3.84884e-05 0.00947831 -0.0175005 -3.0973e-05 1.70592e-06 -0.0175005 0.0867247 
0.00950102 -0.017435 4.31272e-05 -4.39121e-05 -0.017435 0.0861802 -4.60583e-05 1.13179e-05 4.31272e-05 -4.60583e-05 0.00944945 -0.0174288 -4.39121e-05 1.13179e-05 -0.0174288 0.0864365 
0.00948444 -0.0174101 4.53665e-05 -2.59245e-05 -0.0174101 0.0860404 -2.38427e-05 -8.36785e-06 4.53665e-05 -2.38427e-05 0.00942441 -0.0173801 -2.59245e-05 -8.36785e-06 -0.0173801 0.0861966 
0.00949138 -0.017421 5.33509e-05 -2.5663e-05 -0.017421 0.0860948 -2.17244e-05 -3.00095e-05 5.33509e-05 -2.17244e-05 0.00941972 -0.0173804 -2.5663e-05 -3.00095e-05 -0.0173804 0.0861947 
0.0094808 -0.0174302 4.64548e-05 -3.97102e-05 -0.0174302 0.0861193 -3.34869e-05 -1.17954e-05 4.64548e-05 -3.34869e-05 0.00942657 -0.0173623 -3.97102e-05 -1.17954e-05 -0.0173623 0.086138 
0.00987447 -0.0181435 3.03447e-05 -3.7925e-05 -0.0181435 0.0897183 -3.0182e-05 -8.41394e-07 3.03447e-05 -3.0182e-05 0.00982705 -0.0181104 -3.7925e-05 -8.41394e-07 -0.0181104 0.0897777 
0.00984425 -0.0181454 3.11673e-05 -1.7657e-05 -0.0181454 0.0897296 -1.40946e-05 -2.15268e-05 3.11673e-05 -1.40946e-05 0.00985194 -0.0181193 -1.7657e-05 -2.15268e-05 -0.0181193 0.089821 
0.00980856 -0.0180743 3.10283e-05 -1.5391e-05 -0.0180743 0.0895284 -1.92396e-05 -2.97636e-05 3.10283e-05 -1.92396e-05 0.00985241 -0.0181329 -1.5391e-05 -2.97636e-05 -0.0181329 0.089781 
0.00981771 -0.0180532 6.36214e-05 -1.52298e-05 -0.0180532 0.0894911 -2.14048e-05 -2.70921e-05 6.36214e-05 -2.14048e-05 0.00986373 -0.0181711 -1.52298e-05 -2.70921e-05 -0.0181711 0.0899352 
0.00981961 -0.0180384 5.83655e-05 -5.72162e-05 -0.0180384 0.0893744 -5.61474e-05 3.16869e-05 5.83655e-05 -5.61474e-05 0.00985285 -0.0181614 -5.72162e-05 3.16869e-05 -0.0181614 0.0899057 
0.00984336 -0.0180538 6.06694e-05 -4.70068e-05 -0.0180538 0.0894062 -4.39586e-05 3.98301e-05 6.06694e-05 -4.39586e-05 0.00984166 -0.0181727 -4.70068e-05 3.98301e-05 -0.0181727 0.0899701 
0.00947266 -0.0173526 6.23674e-05 -4.32823e-05 -0.0173526 0.0858453 -4.24046e-05 2.71025e-05 6.23674e-05 -4.24046e-05 0.00941449 -0.0174165 -4.32823e-05 2.71025e-05 -0.0174165 0.0863087 
0.0095214 -0.0174336 7.6678e-05 -4.58505e-05 -0.0174336 0.0861499 -4.25614e-05 1.95104e-05 7.6678e-05 -4.25614e-05 0.00940609 -0.0174189 -4.58505e-05 1.95104e-05 -0.0174189 0.0864389 
0.00949774 -0.0174406 7.14719e-05 -6.82286e-05 -0.0174406 0.0860887 -6.04714e-05 5.07057e-05 7.14719e-05 -6.04714e-05 0.00939604 -0.0173249 -6.82286e-05 5.07057e-05 -0.0173249 0.0861028 
0.00986035 -0.018152 8.14226e-05 -6.43271e-05 -0.018152 0.0896482 -5.78064e-05 6.16439e-05 8.14226e-05 -5.78064e-05 0.00981398 -0.0180238 -6.43271e-05 6.16439e-05 -0.0180238 0.0894921 
0.00981831 -0.0180687 6.45705e-05 -7.39497e-05 -0.0180687 0.0893502 -7.20137e-05 8.59006e-05 6.45705e-05 -7.20137e-05 0.00981084 -0.0180178 -7.39497e-05 8.59006e-05 -0.0180178 0.0892645 
0.00981837 -0.0180735 2.55277e-05 -4.82656e-05 -0.0180735 0.0894213 -5.35066e-05 5.98332e-05 2.55277e-05 -5.35066e-05 0.00983196 -0.018091 -4.82656e-05 5.98332e-05 -0.018091 0.0895161 
0.00984007 -0.018111 1.01982e-05 3.75267e-06 -0.018111 0.0896488 -3.06136e-06 -3.76062e-05 1.01982e-05 -3.06136e-06 0.00985786 -0.0181664 3.75267e-06 -3.76062e-05 -0.0181664 0.0898931 
0.0098758 -0.0180894 2.70836e-05 2.17748e-05 -0.0180894 0.0895762 1.38126e-05 -0.000109825 2.70836e-05 1.38126e-05 0.00981246 -0.0181621 2.17748e-05 -0.000109825 -0.0181621 0.0899191 
0.00992117 -0.0181709 4.87678e-05 -2.84088e-06 -0.0181709 0.0897942 -1.28113e-05 -8.92193e-05 4.87678e-05 -1.28113e-05 0.00980547 -0.0181378 -2.84088e-06 -8.92193e-05 -0.0181378 0.0900051 
0.00992387 -0.0181897 6.12022e-05 -3.12115e-05 -0.0181897 0.0897986 -3.92741e-05 -2.79858e-05 6.12022e-05 -3.92741e-05 0.00979046 -0.0180828 -3.12115e-05 -2.79858e-05 -0.0180828 0.0898042 
0.00993786 -0.0182251 4.93134e-05 -5.15244e-05 -0.0182251 0.0899446 -5.4581e-05 2.93418e-05 4.93134e-05 -5.4581e-05 0.00979066 -0.0180819 -5.15244e-05 2.93418e-05 -0.0180819 0.089793 
0.00952257 -0.01746 3.6234e-05 -3.88364e-05 -0.01746 0.086178 -3.56039e-05 2.86472e-05 3.6234e-05 -3.56039e-05 0.00937593 -0.0173156 -3.88364e-05 2.86472e-05 -0.0173156 0.0859776 
0.00953134 -0.0174827 3.94177e-05 -2.9687e-05 -0.0174827 0.0862904 -2.62956e-05 1.48704e-05 3.94177e-05 -2.62956e-05 0.00938807 -0.0173411 -2.9687e-05 1.48704e-05 -0.0173411 0.0860913 
0.00955399 -0.0175261 6.56022e-05 -2.56172e-05 -0.0175261 0.0865192 -2.34086e-05 -7.11925e-06 6.56022e-05 -2.34086e-05 0.00940258 -0.0173881 -2.56172e-05 -7.11925e-06 -0.0173881 0.0863299 
0.00958011 -0.0175488 9.5091e-05 -5.52556e-05 -0.0175488 0.0866476 -5.01523e-05 2.44252e-05 9.5091e-05 -5.01523e-05 0.00940711 -0.0174035 -5.52556e-05 2.44252e-05 -0.0174035 0.0864545 
0.00954827 -0.0175339 6.77673e-05 -9.11932e-05 -0.0175339 0.086521 -8.60079e-05 9.94287e-05 6.77673e-05 -8.60079e-05 0.00941814 -0.017357 -9.11932e-05 9.94287e-05 -0.017357 0.0862732 
0.00990899 -0.0182271 3.58063e-05 -7.03706e-05 -0.0182271 0.089995 -6.87575e-05 0.000118486 3.58063e-05 -6.87575e-05 0.00982845 -0.0180715 -7.03706e-05 0.000118486 -0.0180715 0.0897202 
0.00947713 -0.0174189 9.5759e-07 -2.657e-05 -0.0174189 0.0861117 -3.2395e-05 5.47626e-05 9.5759e-07 -3.2395e-05 0.00941976 -0.0173584 -2.657e-05 5.47626e-05 -0.0173584 0.0860212 
0.00949177 -0.0174234 -1.37026e-05 2.10352e-05 -0.0174234 0.0861842 8.48353e-06 -4.47952e-05 -1.37026e-05 8.48353e-06 0.00942831 -0.0174201 2.10352e-05 -4.47952e-05 -0.0174201 0.0863067 
0.00948562 -0.0174311 -1.98359e-05 4.2644e-05 -0.0174311 0.086193 2.79579e-05 -0.000120217 -1.98359e-05 2.79579e-05 0.00943951 -0.0174143 4.2644e-05 -0.000120217 -0.0174143 0.0863726 
0.00949737 -0.0174096 -1.05997e-05 4.89786e-05 -0.0174096 0.0861271 3.49797e-05 -0.000154422 -1.05997e-05 3.49797e-05 0.00942993 -0.0174136 4.89786e-05 -0.000154422 -0.0174136 0.0863475 
0.00952939 -0.0174592 2.00162e-05 3.79573e-05 -0.0174592 0.0863032 2.57162e-05 -0.000151711 2.00162e-05 2.57162e-05 0.00942938 -0.0174449 3.79573e-05 -0.000151711 -0.0174449 0.0865281 
0.00960204 -0.0175548 3.66332e-05 -1.35774e-06 -0.0175548 0.0867144 -1.30253e-05 -8.27177e-05 3.66332e-05 -1.30253e-05 0.0094357 -0.0174878 -1.35774e-06 -8.27177e-05 -0.0174878 0.0868366 
0.00962018 -0.0176103 5.21127e-05 -2.73081e-05 -0.0176103 0.086845 -3.70283e-05 -5.87808e-06 5.21127e-05 -3.70283e-05 0.00942501 -0.0174313 -2.73081e-05 -5.87808e-06 -0.0174313 0.0867074 
0.00963225 -0.0176684 4.49837e-05 -5.32174e-05 -0.0176684 0.0870924 -5.64933e-05 6.30722e-05 4.49837e-05 -5.64933e-05 0.00944869 -0.0174282 -5.32174e-05 6.30722e-05 -0.0174282 0.0867083 
0.0096287 -0.0176718 1.2541e-05 -5.27733e-05 -0.0176718 0.0871723 -4.72172e-05 8.90236e-05 1.2541e-05 -4.72172e-05 0.00947082 -0.0174535 -5.27733e-05 8.90236e-05 -0.0174535 0.0867358 
0.00959678 -0.0176063 -1.00247e-06 -1.35898e-05 -0.0176063 0.0869184 -5.87737e-06 3.23534e-05 -1.00247e-06 -5.87737e-06 0.00947121 -0.0174473 -1.35898e-05 3.23534e-05 -0.0174473 0.0866031 
0.00956948 -0.0175104 -1.07969e-05 1.04328e-05 -0.0175104 0.086473 1.51025e-05 -3.95826e-05 -1.07969e-05 1.51025e-05 0.00944216 -0.0174098 1.04328e-05 -3.95826e-05 -0.0174098 0.0863331 
0.00955154 -0.0174812 1.19396e-05 1.82983e-05 -0.0174812 0.0862247 2.41999e-05 -7.50835e-05 1.19396e-05 2.41999e-05 0.00941417 -0.0173704 1.82983e-05 -7.50835e-05 -0.0173704 0.0861357 
0.00953766 -0.0174854 4.86214e-05 -5.53961e-06 -0.0174854 0.0861967 1.55607e-06 -5.73524e-05 4.86214e-05 1.55607e-06 0.00941002 -0.0173538 -5.53961e-06 -5.73524e-05 -0.0173538 0.086078 
0.00996897 -0.018232 6.24042e-05 -5.34215e-05 -0.018232 0.0899274 -4.63424e-05 2.90468e-05 6.24042e-05 -4.63424e-05 0.00979438 -0.0181177 -5.34215e-05 2.90468e-05 -0.0181177 0.0898327 
0.00996067 -0.0182454 5.62569e-05 -6.77456e-05 -0.0182454 0.0898937 -6.44858e-05 9.71864e-05 5.62569e-05 -6.44858e-05 0.00978898 -0.0180658 -6.77456e-05 9.71864e-05 -0.0180658 0.0896985 
0.00992317 -0.0182402 7.79569e-05 -5.60752e-05 -0.0182402 0.089874 -5.5189e-05 9.81794e-05 7.79569e-05 -5.5189e-05 0.00981135 -0.0180478 -5.60752e-05 9.81794e-05 -0.0180478 0.0895799 
0.00988296 -0.0182171 9.72583e-05 -7.90773e-05 -0.0182171 0.0898915 -7.74648e-05 0.000122595 9.72583e-05 -7.74648e-05 0.00985053 -0.0180908 -7.90773e-05 0.000122595 -0.0180908 0.089655 
