0.00683869 0 -1.12907e-05 0 0 0.00971127 0 0 -1.12907e-05 0 0.00695969 0 0 0 0 0.00971127 
0.0100013 -0.0124133 -3.5135e-05 3.99457e-05 -0.0124133 0.0329642 3.99457e-05 -7.71011e-05 -3.5135e-05 3.99457e-05 0.010099 -0.0125369 3.99457e-05 -7.71011e-05 -0.0125369 0.0332014 
0.0097476 -0.0181963 -3.02906e-05 1.76825e-05 -0.0181963 0.0670634 1.76825e-05 -4.44487e-05 -3.02906e-05 1.76825e-05 0.00982073 -0.0183011 1.76825e-05 -4.44487e-05 -0.0183011 0.0673958 
0.00925535 -0.0179751 -2.45142e-05 6.93518e-05 -0.0179751 0.0807275 5.84117e-05 -0.000229874 -2.45142e-05 5.84117e-05 0.00930771 -0.0179137 6.93518e-05 -0.000229874 -0.0179137 0.0802299 
0.00951726 -0.0179504 -3.2475e-05 9.07551e-05 -0.0179504 0.086947 6.68935e-05 -0.00045354 -3.2475e-05 6.68935e-05 0.00958656 -0.0178345 9.07551e-05 -0.00045354 -0.0178345 0.0857329 
0.0097321 -0.0179987 -3.32262e-05 7.49425e-05 -0.0179987 0.088874 5.08503e-05 -0.000419445 -3.32262e-05 5.08503e-05 0.00982805 -0.0179694 7.49425e-05 -0.000419445 -0.0179694 0.087822 
0.0094398 -0.0173889 -4.5247e-05 5.67691e-05 -0.0173889 0.0860423 4.21366e-05 -0.000305544 -4.5247e-05 4.21366e-05 0.00957293 -0.0174203 5.67691e-05 -0.000305544 -0.0174203 0.085401 
0.00966735 -0.0177616 -6.23806e-05 6.63726e-05 -0.0177616 0.0879153 6.08338e-05 -0.000268504 -6.23806e-05 6.08338e-05 0.00978891 -0.0178372 6.63726e-05 -0.000268504 -0.0178372 0.0875367 
0.00996395 -0.0182366 -6.71574e-05 8.94216e-05 -0.0182366 0.0902048 9.09946e-05 -0.000299417 -6.71574e-05 9.09946e-05 0.0100042 -0.0182966 8.94216e-05 -0.000299417 -0.0182966 0.0899189 
0.00984716 -0.0180108 -5.67773e-05 8.99377e-05 -0.0180108 0.0888871 9.59588e-05 -0.00031398 -5.67773e-05 9.59588e-05 0.00982282 -0.0179519 8.99377e-05 -0.00031398 -0.0179519 0.0884302 
0.009785 -0.0179052 -4.38822e-05 7.80395e-05 -0.0179052 0.0882316 8.59935e-05 -0.000303415 -4.38822e-05 8.59935e-05 0.00973622 -0.0177587 7.80395e-05 -0.000303415 -0.0177587 0.087527 
0.00978732 -0.0179268 -2.10652e-05 6.94123e-05 -0.0179268 0.0882702 7.24244e-05 -0.000286945 -2.10652e-05 7.24244e-05 0.00972082 -0.0177448 6.94123e-05 -0.000286945 -0.0177448 0.0873972 
0.00975821 -0.0178907 -1.58174e-06 4.16057e-05 -0.0178907 0.0880929 3.65288e-05 -0.000226187 -1.58174e-06 3.65288e-05 0.00971328 -0.0177014 4.16057e-05 -0.000226187 -0.0177014 0.0871676 
0.00971729 -0.0178616 -3.6079e-05 2.82067e-05 -0.0178616 0.0879699 1.50119e-05 -0.000179881 -3.6079e-05 1.50119e-05 0.0097345 -0.0176961 2.82067e-05 -0.000179881 -0.0176961 0.0870618 
0.00969619 -0.0178556 -5.90649e-05 5.94369e-05 -0.0178556 0.0880355 5.05041e-05 -0.000201911 -5.90649e-05 5.05041e-05 0.0097729 -0.0177628 5.94369e-05 -0.000201911 -0.0177628 0.0872509 
0.00967453 -0.0178408 -7.18963e-05 8.03383e-05 -0.0178408 0.088075 8.0828e-05 -0.000258287 -7.18963e-05 8.0828e-05 0.00981091 -0.0178243 8.03383e-05 -0.000258287 -0.0178243 0.0874769 
0.00968223 -0.017838 -4.66557e-05 8.34739e-05 -0.017838 0.0881734 9.05566e-05 -0.000279346 -4.66557e-05 9.05566e-05 0.00983654 -0.0179 8.34739e-05 -0.000279346 -0.0179 0.0877806 
0.00970143 -0.0178247 -1.18634e-05 4.96857e-05 -0.0178247 0.0881296 6.0719e-05 -0.000233662 -1.18634e-05 6.0719e-05 0.00981722 -0.0179102 4.96857e-05 -0.000233662 -0.0179102 0.0878591 
0.00970654 -0.017835 -8.44963e-06 6.88375e-06 -0.017835 0.0880717 1.77705e-05 -0.000136911 -8.44963e-06 1.77705e-05 0.00977917 -0.0178547 6.88375e-06 -0.000136911 -0.0178547 0.0877155 
0.00964314 -0.0177538 -6.67373e-06 -4.08246e-06 -0.0177538 0.0876191 5.40266e-06 -6.41024e-05 -6.67373e-06 5.40266e-06 0.00972057 -0.0177078 -4.08246e-06 -6.41024e-05 -0.0177078 0.0870915 
0.00962652 -0.0177621 -3.27944e-05 -2.4484e-06 -0.0177621 0.0877048 5.05706e-06 -4.47353e-05 -3.27944e-05 5.05706e-06 0.00973722 -0.0177135 -2.4484e-06 -4.47353e-05 -0.0177135 0.0870883 
0.00961802 -0.0177415 -7.17497e-05 3.34699e-05 -0.0177415 0.0877167 4.06324e-05 -9.96262e-05 -7.17497e-05 4.06324e-05 0.00976548 -0.0177484 3.34699e-05 -9.96262e-05 -0.0177484 0.0871798 
0.00962045 -0.0177304 -8.8485e-05 8.67666e-05 -0.0177304 0.087701 8.99625e-05 -0.000212047 -8.8485e-05 8.99625e-05 0.00978978 -0.0177871 8.67666e-05 -0.000212047 -0.0177871 0.0872971 
0.00960522 -0.0176544 -7.63205e-05 0.000115252 -0.0176544 0.0873071 0.000109683 -0.000303385 -7.63205e-05 0.000109683 0.00972912 -0.0177318 0.000115252 -0.000303385 -0.0177318 0.0869839 
0.0095556 -0.0175959 -8.22048e-05 0.000101183 -0.0175959 0.0868952 9.29176e-05 -0.000311491 -8.22048e-05 9.29176e-05 0.00969876 -0.0176126 0.000101183 -0.000311491 -0.0176126 0.0865001 
0.00954116 -0.0176054 -7.4129e-05 0.000102782 -0.0176054 0.0869536 0.000101279 -0.000311759 -7.4129e-05 0.000101279 0.00971474 -0.0176382 0.000102782 -0.000311759 -0.0176382 0.0865261 
0.0095435 -0.0176251 -8.55154e-05 8.80893e-05 -0.0176251 0.0871308 9.45294e-05 -0.000297026 -8.55154e-05 9.45294e-05 0.00973959 -0.0177026 8.80893e-05 -0.000297026 -0.0177026 0.0867806 
0.00957871 -0.0176709 -8.63169e-05 9.17203e-05 -0.0176709 0.0874377 0.000105105 -0.000289488 -8.63169e-05 0.000105105 0.00976575 -0.0177857 9.17203e-05 -0.000289488 -0.0177857 0.087193 
0.00958876 -0.0176752 -8.75226e-05 8.90832e-05 -0.0176752 0.0874621 0.00010447 -0.000283013 -8.75226e-05 0.00010447 0.00975229 -0.0177829 8.90832e-05 -0.000283013 -0.0177829 0.087258 
0.00962503 -0.0177325 -8.91418e-05 8.96989e-05 -0.0177325 0.0877159 9.96645e-05 -0.000269214 -8.91418e-05 9.96645e-05 0.00975489 -0.0178035 8.96989e-05 -0.000269214 -0.0178035 0.0874551 
0.00963904 -0.017754 -0.000113609 9.00207e-05 -0.017754 0.0877789 9.64214e-05 -0.000255034 -0.000113609 9.64214e-05 0.0097456 -0.0177686 9.00207e-05 -0.000255034 -0.0177686 0.0873804 
0.00962822 -0.0177443 -0.000118209 0.00012156 -0.0177443 0.0876924 0.000127106 -0.000296801 -0.000118209 0.000127106 0.00974553 -0.0177171 0.00012156 -0.000296801 -0.0177171 0.0871505 
0.00959249 -0.0176523 -0.000110374 0.000132231 -0.0176523 0.0872129 0.000138808 -0.000345127 -0.000110374 0.000138808 0.00967855 -0.01761 0.000132231 -0.000345127 -0.01761 0.0865537 
0.00956321 -0.0176067 -9.58122e-05 0.00012369 -0.0176067 0.0869157 0.000130029 -0.000347464 -9.58122e-05 0.000130029 0.00963801 -0.0175347 0.00012369 -0.000347464 -0.0175347 0.0861787 
0.00954591 -0.0175751 -6.31495e-05 9.95477e-05 -0.0175751 0.0867495 0.000103787 -0.000295587 -6.31495e-05 0.000103787 0.00959137 -0.0174979 9.95477e-05 -0.000295587 -0.0174979 0.0859765 
0.00993261 -0.018364 -7.53014e-05 5.94927e-05 -0.018364 0.0906312 6.24484e-05 -0.000208696 -7.53014e-05 6.24484e-05 0.0100312 -0.0182496 5.94927e-05 -0.000208696 -0.0182496 0.0897653 
0.00990564 -0.0183346 -9.23701e-05 6.70894e-05 -0.0183346 0.0906456 7.106e-05 -0.000169951 -9.23701e-05 7.106e-05 0.0100554 -0.0182791 6.70894e-05 -0.000169951 -0.0182791 0.0898399 
0.00987163 -0.018282 -0.000112184 9.43198e-05 -0.018282 0.0905026 0.000100053 -0.000216015 -0.000112184 0.000100053 0.0100724 -0.0182928 9.43198e-05 -0.000216015 -0.0182928 0.0898525 
0.00986578 -0.0182448 -9.29506e-05 0.000117694 -0.0182448 0.0904068 0.00012643 -0.000278846 -9.29506e-05 0.00012643 0.0100791 -0.0183261 0.000117694 -0.000278846 -0.0183261 0.0899478 
0.00985959 -0.0182103 -9.30109e-05 9.6254e-05 -0.0182103 0.0902378 0.000108605 -0.000278078 -9.30109e-05 0.000108605 0.010056 -0.0183177 9.6254e-05 -0.000278078 -0.0183177 0.0899098 
0.00984497 -0.0181528 -9.52077e-05 9.02373e-05 -0.0181528 0.0899143 0.000103493 -0.000252199 -9.52077e-05 0.000103493 0.0100071 -0.0182436 9.02373e-05 -0.000252199 -0.0182436 0.0896152 
0.00981846 -0.0181148 -9.25794e-05 9.3619e-05 -0.0181148 0.089655 0.000101208 -0.000241086 -9.25794e-05 0.000101208 0.00999481 -0.0181762 9.3619e-05 -0.000241086 -0.0181762 0.0893347 
0.00981857 -0.0181037 -8.77938e-05 9.62457e-05 -0.0181037 0.0895998 9.45929e-05 -0.000236814 -8.77938e-05 9.45929e-05 0.0100033 -0.0181916 9.62457e-05 -0.000236814 -0.0181916 0.0893199 
0.0098093 -0.0180933 -7.194e-05 8.88513e-05 -0.0180933 0.0895165 8.01291e-05 -0.000211665 -7.194e-05 8.01291e-05 0.0100103 -0.018196 8.88513e-05 -0.000211665 -0.018196 0.0892959 
0.00985238 -0.0181744 -6.51321e-05 6.86201e-05 -0.0181744 0.0899185 5.46894e-05 -0.000160128 -6.51321e-05 5.46894e-05 0.0100419 -0.0183017 6.86201e-05 -0.000160128 -0.0183017 0.0897595 
0.00989 -0.0182234 -6.63221e-05 6.83237e-05 -0.0182234 0.0901466 5.11964e-05 -0.000142671 -6.63221e-05 5.11964e-05 0.0100278 -0.0183229 6.83237e-05 -0.000142671 -0.0183229 0.0899568 
0.00993123 -0.0182764 -5.1298e-05 7.00317e-05 -0.0182764 0.0903561 5.88361e-05 -0.000149534 -5.1298e-05 5.88361e-05 0.0100294 -0.0183124 7.00317e-05 -0.000149534 -0.0183124 0.0900468 
0.00951923 -0.0175204 -1.90759e-05 4.47897e-05 -0.0175204 0.0865466 4.37516e-05 -0.000122949 -1.90759e-05 4.37516e-05 0.00960029 -0.0175039 4.47897e-05 -0.000122949 -0.0175039 0.0861089 
0.00954648 -0.0175879 -9.4822e-06 9.50011e-06 -0.0175879 0.0868379 1.14048e-05 -6.36418e-05 -9.4822e-06 1.14048e-05 0.00961039 -0.0175394 9.50011e-06 -6.36418e-05 -0.0175394 0.0862682 
0.00952729 -0.0175875 -1.38807e-05 -3.41885e-06 -0.0175875 0.0868566 -2.2616e-06 -1.33841e-05 -1.38807e-05 -2.2616e-06 0.00962509 -0.0175221 -3.41885e-06 -1.33841e-05 -0.0175221 0.0862157 
0.00954102 -0.017617 -4.20261e-05 3.35795e-06 -0.017617 0.0870869 -9.867e-07 -6.72255e-07 -4.20261e-05 -9.867e-07 0.00966163 -0.0175893 3.35795e-06 -6.72255e-07 -0.0175893 0.0864715 
0.00953626 -0.017595 -6.38763e-05 3.94646e-05 -0.017595 0.0870305 3.24584e-05 -5.18676e-05 -6.38763e-05 3.24584e-05 0.00967322 -0.0175993 3.94646e-05 -5.18676e-05 -0.0175993 0.0864904 
0.00952429 -0.0175533 -9.76603e-05 6.76153e-05 -0.0175533 0.0868303 6.60332e-05 -0.000134791 -9.76603e-05 6.60332e-05 0.00965095 -0.0175802 6.76153e-05 -0.000134791 -0.0175802 0.0863596 
0.0095284 -0.0175846 -0.000102243 0.000103053 -0.0175846 0.0869566 0.000110037 -0.00022714 -0.000102243 0.000110037 0.00966205 -0.0176065 0.000103053 -0.00022714 -0.0176065 0.0865135 
0.00953051 -0.0175932 -5.61571e-05 0.000108153 -0.0175932 0.0870494 0.000115124 -0.000274867 -5.61571e-05 0.000115124 0.00968997 -0.0176298 0.000108153 -0.000274867 -0.0176298 0.0866401 
0.00953619 -0.0175865 -4.02512e-05 5.88243e-05 -0.0175865 0.087061 5.73596e-05 -0.000211048 -4.02512e-05 5.73596e-05 0.00971189 -0.0176635 5.88243e-05 -0.000211048 -0.0176635 0.0867417 
0.00952148 -0.0175566 -4.78609e-05 3.85285e-05 -0.0175566 0.0868987 2.52101e-05 -0.000121471 -4.78609e-05 2.52101e-05 0.00970825 -0.0176569 3.85285e-05 -0.000121471 -0.0176569 0.0866642 
0.00951379 -0.0175523 -7.11431e-05 5.54669e-05 -0.0175523 0.0868624 3.66096e-05 -0.000116273 -7.11431e-05 3.66096e-05 0.00969864 -0.017662 5.54669e-05 -0.000116273 -0.017662 0.086669 
0.00946386 -0.017452 -7.82668e-05 8.33239e-05 -0.017452 0.0863685 7.05928e-05 -0.000176083 -7.82668e-05 7.05928e-05 0.00965125 -0.0175494 8.33239e-05 -0.000176083 -0.0175494 0.0861647 
0.00986623 -0.0182177 -5.7854e-05 9.10341e-05 -0.0182177 0.0901445 8.86469e-05 -0.0002295 -5.7854e-05 8.86469e-05 0.0101019 -0.0183268 9.10341e-05 -0.0002295 -0.0183268 0.0899358 
0.00984126 -0.0182176 -3.76729e-05 6.29749e-05 -0.0182176 0.090191 6.49152e-05 -0.000211134 -3.76729e-05 6.49152e-05 0.010144 -0.018381 6.29749e-05 -0.000211134 -0.018381 0.090074 
0.00982119 -0.018154 -3.43056e-05 3.15938e-05 -0.018154 0.0900061 3.49284e-05 -0.000143512 -3.43056e-05 3.49284e-05 0.0101224 -0.0184078 3.15938e-05 -0.000143512 -0.0184078 0.0900867 
0.00986374 -0.0181839 -3.34122e-05 3.09328e-05 -0.0181839 0.0901595 3.21532e-05 -0.000112315 -3.34122e-05 3.21532e-05 0.0100972 -0.0184478 3.09328e-05 -0.000112315 -0.0184478 0.0903639 
0.00986702 -0.0182007 -4.94802e-05 3.78262e-05 -0.0182007 0.0901423 3.59365e-05 -0.000119573 -4.94802e-05 3.59365e-05 0.0100667 -0.018377 3.78262e-05 -0.000119573 -0.018377 0.0902457 
0.00982215 -0.0181414 -8.11444e-05 6.31731e-05 -0.0181414 0.0898407 5.82348e-05 -0.000166238 -8.11444e-05 5.82348e-05 0.0100374 -0.0182742 6.31731e-05 -0.000166238 -0.0182742 0.0898141 
0.00982141 -0.01808 -7.45849e-05 0.000103426 -0.01808 0.0895947 9.8242e-05 -0.000253349 -7.45849e-05 9.8242e-05 0.00999371 -0.0182431 0.000103426 -0.000253349 -0.0182431 0.089585 
0.00983476 -0.0180414 -5.16802e-05 9.29267e-05 -0.0180414 0.089309 9.50812e-05 -0.00028443 -5.16802e-05 9.50812e-05 0.00992485 -0.0181685 9.29267e-05 -0.00028443 -0.0181685 0.0892885 
0.00987139 -0.0181467 -3.05241e-05 6.02468e-05 -0.0181467 0.0896391 6.4825e-05 -0.000234407 -3.05241e-05 6.4825e-05 0.00993986 -0.0181704 6.02468e-05 -0.000234407 -0.0181704 0.0894399 
0.00988166 -0.018134 1.50994e-05 3.36498e-05 -0.018134 0.0895601 3.25713e-05 -0.000159563 1.50994e-05 3.25713e-05 0.00988469 -0.0181148 3.36498e-05 -0.000159563 -0.0181148 0.0891859 
0.00988974 -0.0181501 1.773e-05 -1.6115e-05 -0.0181501 0.0895612 -2.05402e-05 -5.43141e-05 1.773e-05 -2.05402e-05 0.00986474 -0.0180646 -1.6115e-05 -5.43141e-05 -0.0180646 0.089041 
0.00992387 -0.018213 1.4782e-05 -2.18835e-05 -0.018213 0.089821 -2.75576e-05 6.13793e-06 1.4782e-05 -2.75576e-05 0.00985875 -0.0180812 -2.18835e-05 6.13793e-06 -0.0180812 0.0891507 
0.00992498 -0.0182708 4.14597e-06 -1.50394e-05 -0.0182708 0.0900546 -2.20074e-05 9.46006e-06 4.14597e-06 -2.20074e-05 0.00989303 -0.0180715 -1.50394e-05 9.46006e-06 -0.0180715 0.0892021 
0.00996639 -0.0183473 2.71318e-06 5.53736e-06 -0.0183473 0.0905331 -2.77242e-06 -3.42373e-05 2.71318e-06 -2.77242e-06 0.00994207 -0.0181864 5.53736e-06 -3.42373e-05 -0.0181864 0.0896543 
0.00952677 -0.0175789 -2.31957e-05 1.7378e-05 -0.0175789 0.0867779 6.93399e-06 -7.91331e-05 -2.31957e-05 6.93399e-06 0.00955359 -0.0174332 1.7378e-05 -7.91331e-05 -0.0174332 0.0859561 
0.00951115 -0.0175234 -3.77047e-05 4.84994e-05 -0.0175234 0.0866432 3.82399e-05 -0.000147753 -3.77047e-05 3.82399e-05 0.00958233 -0.0174596 4.84994e-05 -0.000147753 -0.0174596 0.0859789 
0.00993253 -0.0182888 -4.62562e-05 6.75658e-05 -0.0182888 0.0904349 5.64162e-05 -0.000212776 -4.62562e-05 5.64162e-05 0.0100293 -0.0182803 6.75658e-05 -0.000212776 -0.0182803 0.0899136 
0.00989781 -0.0182438 -5.53378e-05 7.65257e-05 -0.0182438 0.0901991 6.45349e-05 -0.000246003 -5.53378e-05 6.45349e-05 0.0100356 -0.0182648 7.65257e-05 -0.000246003 -0.0182648 0.0897973 
0.00989942 -0.0182412 -7.3204e-05 8.42859e-05 -0.0182412 0.0902343 7.32128e-05 -0.000268308 -7.3204e-05 7.32128e-05 0.0100658 -0.0183228 8.42859e-05 -0.000268308 -0.0183228 0.0899803 
0.00992086 -0.0182568 -8.32857e-05 0.000111103 -0.0182568 0.0903098 0.00010156 -0.000326973 -8.32857e-05 0.00010156 0.010071 -0.0183663 0.000111103 -0.000326973 -0.0183663 0.0901559 
0.0099082 -0.0182497 -8.27544e-05 0.000117571 -0.0182497 0.0902223 0.00011326 -0.000364577 -8.27544e-05 0.00011326 0.0100667 -0.0183387 0.000117571 -0.000364577 -0.0183387 0.0900731 
0.00993114 -0.0182628 -8.97659e-05 0.000116219 -0.0182628 0.0902988 0.000118694 -0.000384795 -8.97659e-05 0.000118694 0.0100627 -0.0183579 0.000116219 -0.000384795 -0.0183579 0.0901429 
0.00951369 -0.0175087 -8.00836e-05 0.000107285 -0.0175087 0.0865118 0.000117625 -0.000362601 -8.00836e-05 0.000117625 0.00963171 -0.0175695 0.000107285 -0.000362601 -0.0175695 0.0863184 
0.00952488 -0.0175582 -7.47062e-05 0.000100292 -0.0175582 0.086779 0.000118171 -0.000360642 -7.47062e-05 0.000118171 0.00968045 -0.0176243 0.000100292 -0.000360642 -0.0176243 0.0865882 
0.0095466 -0.0175571 -5.50997e-05 9.09071e-05 -0.0175571 0.0868563 0.000107527 -0.000338934 -5.50997e-05 0.000107527 0.00968449 -0.0176756 9.09071e-05 -0.000338934 -0.0176756 0.0867574 
0.00951917 -0.0175048 -3.57574e-05 6.33388e-05 -0.0175048 0.0865402 7.6962e-05 -0.000278014 -3.57574e-05 7.6962e-05 0.00964718 -0.0175993 6.33388e-05 -0.000278014 -0.0175993 0.0864523 
0.00991755 -0.0182554 -4.16955e-05 3.95236e-05 -0.0182554 0.0901849 5.06245e-05 -0.00021191 -4.16955e-05 5.06245e-05 0.0100493 -0.0183049 3.95236e-05 -0.00021191 -0.0183049 0.0899614 
0.00992121 -0.0182749 -4.9406e-05 4.64573e-05 -0.0182749 0.0902687 5.61768e-05 -0.00018857 -4.9406e-05 5.61768e-05 0.0100624 -0.0183041 4.64573e-05 -0.00018857 -0.0183041 0.0899305 
0.00991612 -0.0182908 -5.44174e-05 5.85485e-05 -0.0182908 0.0903812 6.35072e-05 -0.000199433 -5.44174e-05 6.35072e-05 0.0100982 -0.0183504 5.85485e-05 -0.000199433 -0.0183504 0.0900694 
0.00947966 -0.0174889 -4.98182e-05 6.1748e-05 -0.0174889 0.0864893 6.11029e-05 -0.000198946 -4.98182e-05 6.11029e-05 0.00966956 -0.0175979 6.1748e-05 -0.000198946 -0.0175979 0.0862913 
0.00949192 -0.017529 -5.32604e-05 5.78964e-05 -0.017529 0.0867199 5.64959e-05 -0.000192504 -5.32604e-05 5.64959e-05 0.00967459 -0.01765 5.78964e-05 -0.000192504 -0.01765 0.0865781 
0.00948119 -0.0174952 -4.84173e-05 5.17114e-05 -0.0174952 0.0866135 5.38552e-05 -0.000169041 -4.84173e-05 5.38552e-05 0.00962773 -0.017604 5.17114e-05 -0.000169041 -0.017604 0.0864644 
0.00950023 -0.0175057 -3.92393e-05 4.37072e-05 -0.0175057 0.0866634 5.0875e-05 -0.000148659 -3.92393e-05 5.0875e-05 0.00960879 -0.0175683 4.37072e-05 -0.000148659 -0.0175683 0.0864345 
0.00949884 -0.0174836 -4.38965e-05 3.34652e-05 -0.0174836 0.0865194 4.31349e-05 -0.000127648 -4.38965e-05 4.31349e-05 0.00958167 -0.0175056 3.34652e-05 -0.000127648 -0.0175056 0.0861943 
0.00990942 -0.018248 -3.62831e-05 4.28783e-05 -0.018248 0.0902433 4.96326e-05 -0.000132451 -3.62831e-05 4.96326e-05 0.0100065 -0.0182385 4.28783e-05 -0.000132451 -0.0182385 0.0898135 
0.00948923 -0.0174692 -2.68466e-05 3.73818e-05 -0.0174692 0.0863756 4.18455e-05 -0.000130861 -2.68466e-05 4.18455e-05 0.00958599 -0.0174679 3.73818e-05 -0.000130861 -0.0174679 0.0859386 
0.00951943 -0.0174921 -2.89619e-05 2.74443e-05 -0.0174921 0.0864622 3.42977e-05 -0.000119303 -2.89619e-05 3.42977e-05 0.00958406 -0.0174967 2.74443e-05 -0.000119303 -0.0174967 0.0860315 
0.00956007 -0.017549 -3.90939e-05 3.38913e-05 -0.017549 0.086651 4.09389e-05 -0.000129495 -3.90939e-05 4.09389e-05 0.00955411 -0.0175104 3.38913e-05 -0.000129495 -0.0175104 0.0861531 
0.00996288 -0.0183371 -2.85005e-05 5.44979e-05 -0.0183371 0.0904523 5.58524e-05 -0.000170442 -2.85005e-05 5.58524e-05 0.00995815 -0.0182035 5.44979e-05 -0.000170442 -0.0182035 0.089747 
0.00989725 -0.0182576 -2.42343e-05 4.15508e-05 -0.0182576 0.0901216 3.55368e-05 -0.000161969 -2.42343e-05 3.55368e-05 0.00995219 -0.0181195 4.15508e-05 -0.000161969 -0.0181195 0.0893138 
0.00986747 -0.01819 -2.68594e-05 4.28386e-05 -0.01819 0.089911 2.99943e-05 -0.000154766 -2.68594e-05 2.99943e-05 0.00994816 -0.0181347 4.28386e-05 -0.000154766 -0.0181347 0.0892159 
0.00988624 -0.0181974 -1.78999e-05 4.17018e-05 -0.0181974 0.0899992 2.55412e-05 -0.000141185 -1.78999e-05 2.55412e-05 0.00994867 -0.0182037 4.17018e-05 -0.000141185 -0.0182037 0.089502 
0.00986511 -0.0181728 -1.09728e-07 3.21184e-05 -0.0181728 0.0898371 1.64335e-05 -0.000123998 -1.09728e-07 1.64335e-05 0.00992338 -0.0181513 3.21184e-05 -0.000123998 -0.0181513 0.0893746 
0.00982273 -0.018082 9.31445e-06 1.58487e-05 -0.018082 0.089415 2.22131e-06 -0.000100023 9.31445e-06 2.22131e-06 0.00987456 -0.0180568 1.58487e-05 -0.000100023 -0.0180568 0.0889483 
0.00978136 -0.0180192 1.21607e-05 2.77276e-06 -0.0180192 0.0890864 -9.23728e-06 -6.98644e-05 1.21607e-05 -9.23728e-06 0.0098575 -0.017989 2.77276e-06 -6.98644e-05 -0.017989 0.088621 
0.00975859 -0.0180227 -6.18073e-06 3.37413e-06 -0.0180227 0.0891155 -8.47424e-06 -6.50927e-05 -6.18073e-06 -8.47424e-06 0.00987865 -0.0180142 3.37413e-06 -6.50927e-05 -0.0180142 0.088675 
0.00976855 -0.0180463 -6.77137e-06 1.8736e-05 -0.0180463 0.0893323 1.41774e-05 -8.92516e-05 -6.77137e-06 1.41774e-05 0.00990338 -0.0180885 1.8736e-05 -8.92516e-05 -0.0180885 0.088983 
0.00968465 -0.0178877 -9.45677e-06 1.35517e-05 -0.0178877 0.088626 1.65086e-05 -9.7677e-05 -9.45677e-06 1.65086e-05 0.00984682 -0.0179648 1.35517e-05 -9.7677e-05 -0.0179648 0.0884003 
0.00963261 -0.0177928 -8.34456e-06 1.22564e-05 -0.0177928 0.0882006 2.13687e-05 -9.75285e-05 -8.34456e-06 2.13687e-05 0.00982522 -0.0179172 1.22564e-05 -9.75285e-05 -0.0179172 0.0881152 
0.00964987 -0.0177339 -2.6342e-06 8.25033e-06 -0.0177339 0.0879393 1.46398e-05 -8.33671e-05 -2.6342e-06 1.46398e-05 0.00976602 -0.0179038 8.25033e-06 -8.33671e-05 -0.0179038 0.0879978 
0.00967285 -0.0177817 -8.07044e-06 7.74773e-06 -0.0177817 0.0879701 9.35743e-06 -7.5114e-05 -8.07044e-06 9.35743e-06 0.00972738 -0.0178453 7.74773e-06 -7.5114e-05 -0.0178453 0.0879116 
0.00967267 -0.0178065 -2.01297e-05 1.71253e-05 -0.0178065 0.0879968 1.58109e-05 -8.49566e-05 -2.01297e-05 1.58109e-05 0.00971118 -0.017775 1.71253e-05 -8.49566e-05 -0.017775 0.087691 
0.00967747 -0.0178225 -3.05534e-05 2.434e-05 -0.0178225 0.0880897 2.5518e-05 -9.63769e-05 -3.05534e-05 2.5518e-05 0.00971688 -0.0177778 2.434e-05 -9.63769e-05 -0.0177778 0.0876693 
0.00970176 -0.0178769 -3.93272e-05 3.72564e-05 -0.0178769 0.0883723 4.71893e-05 -0.000134692 -3.93272e-05 4.71893e-05 0.00974799 -0.0178367 3.72564e-05 -0.000134692 -0.0178367 0.0879289 
0.00971846 -0.0179089 -3.52677e-05 4.37905e-05 -0.0179089 0.0885688 5.9485e-05 -0.000164483 -3.52677e-05 5.9485e-05 0.00976939 -0.01789 4.37905e-05 -0.000164483 -0.01789 0.0881723 
0.00978253 -0.0179929 -3.15234e-05 4.52862e-05 -0.0179929 0.0889879 5.86683e-05 -0.000182144 -3.15234e-05 5.86683e-05 0.00978909 -0.0179663 4.52862e-05 -0.000182144 -0.0179663 0.0885834 
0.00980253 -0.0180464 -4.31741e-05 3.57477e-05 -0.0180464 0.0891755 4.29441e-05 -0.000155912 -4.31741e-05 4.29441e-05 0.00980641 -0.017956 3.57477e-05 -0.000155912 -0.017956 0.0886524 
0.00982336 -0.0181212 -3.22856e-05 4.51644e-05 -0.0181212 0.089545 4.85238e-05 -0.000146427 -3.22856e-05 4.85238e-05 0.00985047 -0.0180141 4.51644e-05 -0.000146427 -0.0180141 0.0889134 
0.0098445 -0.0181569 2.04694e-06 3.35034e-05 -0.0181569 0.0897881 3.59731e-05 -0.00012868 2.04694e-06 3.59731e-05 0.00988541 -0.0180674 3.35034e-05 -0.00012868 -0.0180674 0.0891278 
0.00985479 -0.0181889 6.94948e-06 -5.67817e-06 -0.0181889 0.0899676 -4.29082e-06 -5.91524e-05 6.94948e-06 -4.29082e-06 0.00992716 -0.0181142 -5.67817e-06 -5.91524e-05 -0.0181142 0.089319 
0.00985795 -0.0181791 -7.99939e-07 -1.17734e-05 -0.0181791 0.0899685 -9.82581e-06 -1.51752e-05 -7.99939e-07 -9.82581e-06 0.00994427 -0.0181486 -1.17734e-05 -1.51752e-05 -0.0181486 0.089401 
0.00984707 -0.0181792 -1.19287e-05 -3.62075e-06 -0.0181792 0.0899567 -3.05616e-06 -1.23399e-05 -1.19287e-05 -3.05616e-06 0.00995917 -0.0181645 -3.62075e-06 -1.23399e-05 -0.0181645 0.08945 
0.00983243 -0.0181572 -3.17635e-05 1.04945e-05 -0.0181572 0.0898899 8.3226e-06 -3.22249e-05 -3.17635e-05 8.3226e-06 0.00996882 -0.0181753 1.04945e-05 -3.22249e-05 -0.0181753 0.0894579 
0.00982226 -0.0181628 -5.11089e-05 2.17767e-05 -0.0181628 0.0899469 2.05907e-05 -4.50268e-05 -5.11089e-05 2.05907e-05 0.00999455 -0.0182074 2.17767e-05 -4.50268e-05 -0.0182074 0.0895813 
0.00983686 -0.0181845 -5.52635e-05 4.86854e-05 -0.0181845 0.0901132 5.35341e-05 -0.000103864 -5.52635e-05 5.35341e-05 0.0100191 -0.0182601 4.86854e-05 -0.000103864 -0.0182601 0.0897994 
0.00982137 -0.0181551 -6.24792e-05 6.24655e-05 -0.0181551 0.089971 6.92841e-05 -0.000164628 -6.24792e-05 6.92841e-05 0.00999561 -0.0182298 6.24655e-05 -0.000164628 -0.0182298 0.0896655 
0.00974244 -0.0180154 -6.78239e-05 6.51998e-05 -0.0180154 0.089289 7.13257e-05 -0.000181227 -6.78239e-05 7.13257e-05 0.00993652 -0.0180833 6.51998e-05 -0.000181227 -0.0180833 0.0889783 
0.00973911 -0.0179615 -6.58873e-05 6.74845e-05 -0.0179615 0.0890585 7.0777e-05 -0.000179202 -6.58873e-05 7.0777e-05 0.00991205 -0.01807 6.74845e-05 -0.000179202 -0.01807 0.0888233 
0.00974973 -0.0180192 -0.000105432 6.84123e-05 -0.0180192 0.0892504 7.04771e-05 -0.00017978 -0.000105432 7.04771e-05 0.00993076 -0.0181038 6.84123e-05 -0.00017978 -0.0181038 0.0890188 
0.00974477 -0.0179939 -0.000130036 0.000113044 -0.0179939 0.0891716 0.000118946 -0.000248622 -0.000130036 0.000118946 0.00991397 -0.0180894 0.000113044 -0.000248622 -0.0180894 0.0889527 
0.00976271 -0.0179723 -0.000131394 0.000144448 -0.0179723 0.0890609 0.000152685 -0.000338891 -0.000131394 0.000152685 0.00987287 -0.0180665 0.000144448 -0.000338891 -0.0180665 0.0888677 
0.00976259 -0.0179443 -0.00012857 0.000144825 -0.0179443 0.0888058 0.000150447 -0.000369491 -0.00012857 0.000150447 0.00980797 -0.0179711 0.000144825 -0.000369491 -0.0179711 0.0885265 
0.00979578 -0.0179888 -0.000128953 0.000148735 -0.0179888 0.0889031 0.000151963 -0.000387861 -0.000128953 0.000151963 0.00977201 -0.0179286 0.000148735 -0.000387861 -0.0179286 0.0884287 
0.00977276 -0.0180196 -0.000141835 0.000152176 -0.0180196 0.0889405 0.000150471 -0.000395859 -0.000141835 0.000150471 0.00976402 -0.0178594 0.000152176 -0.000395859 -0.0178594 0.0882087 
0.00970517 -0.0179428 -0.000121555 0.000170171 -0.0179428 0.0886644 0.000162872 -0.00042364 -0.000121555 0.000162872 0.00976519 -0.0177972 0.000170171 -0.00042364 -0.0177972 0.0878437 
0.00966834 -0.0178958 -0.000108693 0.000153302 -0.0178958 0.0885734 0.000141477 -0.000416607 -0.000108693 0.000141477 0.00979496 -0.0178342 0.000153302 -0.000416607 -0.0178342 0.0878648 
0.00961881 -0.017787 -8.30352e-05 0.000137214 -0.017787 0.0881561 0.000127333 -0.000385949 -8.30352e-05 0.000127333 0.00978552 -0.0178254 0.000137214 -0.000385949 -0.0178254 0.0876914 
0.00963042 -0.0178071 -5.91323e-05 0.000106642 -0.0178071 0.0882982 9.42955e-05 -0.000323384 -5.91323e-05 9.42955e-05 0.00981189 -0.0179172 0.000106642 -0.000323384 -0.0179172 0.0880757 
0.00961412 -0.0177719 -5.08187e-05 7.03894e-05 -0.0177719 0.0881546 6.0612e-05 -0.000233919 -5.08187e-05 6.0612e-05 0.00980021 -0.0179084 7.03894e-05 -0.000233919 -0.0179084 0.0880822 
0.00960626 -0.0177491 -5.05818e-05 6.06729e-05 -0.0177491 0.0880567 5.60142e-05 -0.000189253 -5.05818e-05 5.60142e-05 0.00979122 -0.0178941 6.06729e-05 -0.000189253 -0.0178941 0.0880579 
0.00959898 -0.0177198 -4.49308e-05 5.72523e-05 -0.0177198 0.0879096 5.45485e-05 -0.000169742 -4.49308e-05 5.45485e-05 0.00977231 -0.0178672 5.72523e-05 -0.000169742 -0.0178672 0.0879475 
0.00958867 -0.0177254 -3.10171e-05 4.68092e-05 -0.0177254 0.0878984 4.28599e-05 -0.000140033 -3.10171e-05 4.28599e-05 0.00977995 -0.0178546 4.68092e-05 -0.000140033 -0.0178546 0.0879176 
0.00956902 -0.017702 -2.05937e-05 2.59327e-05 -0.017702 0.087806 2.23617e-05 -8.95968e-05 -2.05937e-05 2.23617e-05 0.00978257 -0.0178376 2.59327e-05 -8.95968e-05 -0.0178376 0.0878042 
0.00956766 -0.0176891 -2.75842e-05 1.03124e-05 -0.0176891 0.0877919 1.07862e-05 -4.449e-05 -2.75842e-05 1.07862e-05 0.00977634 -0.0178613 1.03124e-05 -4.449e-05 -0.0178613 0.0878521 
0.00955734 -0.017662 -2.53277e-05 1.91142e-05 -0.017662 0.0876607 2.17756e-05 -4.18905e-05 -2.53277e-05 2.17756e-05 0.00976606 -0.0178377 1.91142e-05 -4.18905e-05 -0.0178377 0.0877728 
0.00958751 -0.0176435 -2.1738e-05 2.46253e-05 -0.0176435 0.0875626 2.65247e-05 -6.49698e-05 -2.1738e-05 2.65247e-05 0.0097239 -0.0178245 2.46253e-05 -6.49698e-05 -0.0178245 0.0877059 
0.0096175 -0.0176851 -2.66531e-05 2.647e-05 -0.0176851 0.0876064 2.26148e-05 -7.61476e-05 -2.66531e-05 2.26148e-05 0.00969747 -0.0177876 2.647e-05 -7.61476e-05 -0.0177876 0.0876553 
0.00964591 -0.0177307 -4.01643e-05 3.72032e-05 -0.0177307 0.0877147 2.90738e-05 -9.75666e-05 -4.01643e-05 2.90738e-05 0.00966562 -0.0177498 3.72032e-05 -9.75666e-05 -0.0177498 0.087563 
0.00966303 -0.017799 -5.33424e-05 6.4047e-05 -0.017799 0.08796 6.00193e-05 -0.000168908 -5.33424e-05 6.00193e-05 0.0096661 -0.0177288 6.4047e-05 -0.000168908 -0.0177288 0.0875678 
0.00967869 -0.0178386 -4.84113e-05 7.5008e-05 -0.0178386 0.0881784 7.66867e-05 -0.00021999 -4.84113e-05 7.66867e-05 0.00966747 -0.0177326 7.5008e-05 -0.00021999 -0.0177326 0.0876084 
0.00966055 -0.0178239 -4.88334e-05 6.76818e-05 -0.0178239 0.0881363 7.15734e-05 -0.000231116 -4.88334e-05 7.15734e-05 0.00966259 -0.0177026 6.76818e-05 -0.000231116 -0.0177026 0.0874812 
