0.00689805 0 8.74891e-05 0 0 0.00981136 0 0 8.74891e-05 0 0.00699265 0 0 0 0 0.00981136 
0.0100775 -0.0125068 0.000131458 -0.00015823 -0.0125068 0.0332259 -0.00015823 0.000303364 0.000131458 -0.00015823 0.010129 -0.0125736 -0.00015823 0.000303364 -0.0125736 0.0333547 
0.00980756 -0.0182956 8.39316e-05 -0.000146219 -0.0182956 0.0674469 -0.000146219 0.000449289 8.39316e-05 -0.000146219 0.00984652 -0.018343 -0.000146219 0.000449289 -0.018343 0.0675967 
0.00926425 -0.0179863 5.58126e-05 -9.06916e-05 -0.0179863 0.080778 -8.10316e-05 0.000322929 5.58126e-05 -8.10316e-05 0.00929879 -0.0178692 -9.06916e-05 0.000322929 -0.0178692 0.0800612 
0.00950271 -0.0178715 7.86141e-05 -8.1094e-05 -0.0178715 0.0865822 -6.73638e-05 0.000323149 7.86141e-05 -6.73638e-05 0.00953484 -0.017721 -8.1094e-05 0.000323149 -0.017721 0.0851588 
0.00974182 -0.0179817 6.99915e-05 -9.01552e-05 -0.0179817 0.0886782 -8.74869e-05 0.000308319 6.99915e-05 -8.74869e-05 0.00977569 -0.0178714 -9.01552e-05 0.000308319 -0.0178714 0.0873376 
0.00991012 -0.0181922 5.00725e-05 -6.99018e-05 -0.0181922 0.0898763 -7.99953e-05 0.000261573 5.00725e-05 -7.99953e-05 0.0099438 -0.0181247 -6.99018e-05 0.000261573 -0.0181247 0.0888754 
0.00964848 -0.0176925 2.0686e-05 -3.9166e-05 -0.0176925 0.0873541 -5.22086e-05 0.00017471 2.0686e-05 -5.22086e-05 0.00967191 -0.0176282 -3.9166e-05 0.00017471 -0.0176282 0.0865928 
0.00991876 -0.0182259 1.25554e-05 -9.26126e-06 -0.0182259 0.0899119 -1.47352e-05 8.63607e-05 1.25554e-05 -1.47352e-05 0.00997219 -0.0181274 -9.26126e-06 8.63607e-05 -0.0181274 0.0891527 
0.00974753 -0.0179284 1.79569e-05 -5.19113e-06 -0.0179284 0.0884597 -6.82203e-07 3.43262e-05 1.79569e-05 -6.82203e-07 0.00984483 -0.0178452 -5.19113e-06 3.43262e-05 -0.0178452 0.0877059 
0.00962895 -0.0176853 1.99493e-05 -1.14257e-05 -0.0176853 0.0873013 -5.50761e-06 2.70536e-05 1.99493e-05 -5.50761e-06 0.00973796 -0.0176714 -1.14257e-05 2.70536e-05 -0.0176714 0.086676 
0.00959732 -0.0176475 4.10721e-05 -1.78679e-05 -0.0176475 0.0870565 -1.4634e-05 4.697e-05 4.10721e-05 -1.4634e-05 0.00971348 -0.0176486 -1.78679e-05 4.697e-05 -0.0176486 0.08651 
0.00958813 -0.0176431 6.38524e-05 -4.46945e-05 -0.0176431 0.0870259 -4.32866e-05 9.98158e-05 6.38524e-05 -4.32866e-05 0.00968387 -0.017637 -4.46945e-05 9.98158e-05 -0.017637 0.0864682 
0.00957694 -0.0176538 6.8047e-05 -7.0607e-05 -0.0176538 0.0870942 -6.92303e-05 0.000161992 6.8047e-05 -6.92303e-05 0.00967017 -0.0176234 -7.0607e-05 0.000161992 -0.0176234 0.0864904 
0.00958698 -0.0176418 7.82086e-05 -7.76724e-05 -0.0176418 0.0871123 -7.40619e-05 0.000197169 7.82086e-05 -7.40619e-05 0.00964134 -0.0176081 -7.76724e-05 0.000197169 -0.0176081 0.086481 
0.00958591 -0.0176502 9.57425e-05 -8.4667e-05 -0.0176502 0.0871479 -8.51631e-05 0.00021497 9.57425e-05 -8.51631e-05 0.00964312 -0.017594 -8.4667e-05 0.00021497 -0.017594 0.0865115 
0.00958414 -0.017659 0.000100611 -9.978e-05 -0.017659 0.0872251 -0.000106562 0.000246048 0.000100611 -0.000106562 0.00965235 -0.0176103 -9.978e-05 0.000246048 -0.0176103 0.0866018 
0.00956398 -0.0175817 9.79813e-05 -0.000104034 -0.0175817 0.086907 -0.000112983 0.000267431 9.79813e-05 -0.000112983 0.00961762 -0.0175632 -0.000104034 0.000267431 -0.0175632 0.0863686 
0.00957059 -0.0175674 9.25446e-05 -0.000107214 -0.0175674 0.0867812 -0.000114115 0.000284455 9.25446e-05 -0.000114115 0.00960665 -0.0175391 -0.000107214 0.000284455 -0.0175391 0.0862825 
0.00955794 -0.0175869 7.33429e-05 -0.000102207 -0.0175869 0.0867808 -0.00010923 0.000284411 7.33429e-05 -0.00010923 0.00961009 -0.0175199 -0.000102207 0.000284411 -0.0175199 0.0862093 
0.00952253 -0.0175413 5.2233e-05 -7.81894e-05 -0.0175413 0.0866091 -8.43032e-05 0.000244839 5.2233e-05 -8.43032e-05 0.00960566 -0.0174937 -7.81894e-05 0.000244839 -0.0174937 0.0860278 
0.00993049 -0.0183178 5.96176e-05 -5.68054e-05 -0.0183178 0.0905002 -5.74955e-05 0.000191234 5.96176e-05 -5.74955e-05 0.0100597 -0.0183033 -5.68054e-05 0.000191234 -0.0183033 0.0899465 
0.00991359 -0.0182798 6.52726e-05 -6.13063e-05 -0.0182798 0.0903896 -5.85662e-05 0.000164292 6.52726e-05 -5.85662e-05 0.0100505 -0.0183174 -6.13063e-05 0.000164292 -0.0183174 0.0899463 
0.00990784 -0.0182618 7.72972e-05 -7.1539e-05 -0.0182618 0.0903396 -6.62002e-05 0.000175599 7.72972e-05 -6.62002e-05 0.0100396 -0.0183256 -7.1539e-05 0.000175599 -0.0183256 0.0900067 
0.00990361 -0.0182261 5.23879e-05 -8.5785e-05 -0.0182261 0.0901621 -7.95463e-05 0.000201481 5.23879e-05 -7.95463e-05 0.0100083 -0.0182795 -8.5785e-05 0.000201481 -0.0182795 0.0898532 
0.00989407 -0.0181863 2.97722e-05 -5.87681e-05 -0.0181863 0.0899166 -5.21801e-05 0.000176237 2.97722e-05 -5.21801e-05 0.00998021 -0.0182132 -5.87681e-05 0.000176237 -0.0182132 0.0895748 
0.00987607 -0.0181697 3.14764e-05 -3.30428e-05 -0.0181697 0.0897594 -2.45369e-05 0.000118723 3.14764e-05 -2.45369e-05 0.00996967 -0.0181722 -3.30428e-05 0.000118723 -0.0181722 0.0893627 
0.00988586 -0.0181609 2.77734e-05 -3.99187e-05 -0.0181609 0.0897165 -3.37095e-05 0.000113296 2.77734e-05 -3.37095e-05 0.00995019 -0.018177 -3.99187e-05 0.000113296 -0.018177 0.089326 
0.00993213 -0.0182211 2.17587e-05 -3.29769e-05 -0.0182211 0.0899405 -2.87199e-05 0.000108259 2.17587e-05 -2.87199e-05 0.00994271 -0.0182003 -3.29769e-05 0.000108259 -0.0182003 0.0895038 
0.0099634 -0.0183001 2.7966e-05 -2.66971e-05 -0.0183001 0.0902345 -2.83442e-05 0.000105649 2.7966e-05 -2.83442e-05 0.00994678 -0.0182065 -2.66971e-05 0.000105649 -0.0182065 0.08965 
0.00998323 -0.0183626 3.41391e-05 -3.25498e-05 -0.0183626 0.0905449 -3.92553e-05 0.000119292 3.41391e-05 -3.92553e-05 0.00996512 -0.0182307 -3.25498e-05 0.000119292 -0.0182307 0.0898241 
0.00994827 -0.0183219 2.67678e-05 -4.2098e-05 -0.0183219 0.0903979 -4.61433e-05 0.000140621 2.67678e-05 -4.61433e-05 0.00996162 -0.0181849 -4.2098e-05 0.000140621 -0.0181849 0.0896137 
0.009931 -0.0182563 1.06736e-06 -3.55733e-05 -0.0182563 0.0901602 -3.32091e-05 0.000135921 1.06736e-06 -3.32091e-05 0.00995905 -0.0181667 -3.55733e-05 0.000135921 -0.0181667 0.0894401 
0.00993681 -0.0182782 -5.79329e-06 -9.05779e-06 -0.0182782 0.0902332 1.3211e-06 8.45603e-05 -5.79329e-06 1.3211e-06 0.0099989 -0.0182138 -9.05779e-06 8.45603e-05 -0.0182138 0.0895989 
0.00996143 -0.0183136 1.03921e-05 -1.00939e-06 -0.0183136 0.0904297 1.55239e-05 3.90995e-05 1.03921e-05 1.55239e-05 0.0100131 -0.0182971 -1.00939e-06 3.90995e-05 -0.0182971 0.0899077 
0.00996354 -0.0183047 4.30791e-06 -2.09977e-05 -0.0183047 0.0903644 -6.05568e-06 5.72207e-05 4.30791e-06 -6.05568e-06 0.00999315 -0.018271 -2.09977e-05 5.72207e-05 -0.018271 0.0898621 
0.00996374 -0.0182957 6.44841e-06 -2.71219e-05 -0.0182957 0.0902733 -1.33299e-05 0.000100956 6.44841e-06 -1.33299e-05 0.00997487 -0.0182261 -2.71219e-05 0.000100956 -0.0182261 0.0897039 
0.00995505 -0.0182873 1.73687e-05 -2.75948e-05 -0.0182873 0.0901916 -1.48698e-05 0.000115623 1.73687e-05 -1.48698e-05 0.00995952 -0.0181926 -2.75948e-05 0.000115623 -0.0181926 0.0895444 
0.00993869 -0.0182465 3.86038e-05 -4.19335e-05 -0.0182465 0.0899911 -3.4217e-05 0.000152962 3.86038e-05 -3.4217e-05 0.0099144 -0.0181477 -4.19335e-05 0.000152962 -0.0181477 0.0893118 
0.00994756 -0.0182202 1.75861e-05 -6.41236e-05 -0.0182202 0.0898438 -6.1286e-05 0.000206222 1.75861e-05 -6.1286e-05 0.00988068 -0.0180984 -6.41236e-05 0.000206222 -0.0180984 0.0891398 
0.00998731 -0.0182635 1.19859e-05 -4.66353e-05 -0.0182635 0.089956 -4.30031e-05 0.000215023 1.19859e-05 -4.30031e-05 0.00986176 -0.0180935 -4.66353e-05 0.000215023 -0.0180935 0.0891704 
0.0100114 -0.0183421 3.59082e-06 -3.65851e-05 -0.0183421 0.0902252 -3.28909e-05 0.000190195 3.59082e-06 -3.28909e-05 0.00985809 -0.0180946 -3.65851e-05 0.000190195 -0.0180946 0.089272 
0.0100153 -0.0184065 2.52552e-06 -3.09316e-05 -0.0184065 0.0905405 -2.77084e-05 0.000179142 2.52552e-06 -2.77084e-05 0.00986763 -0.0181034 -3.09316e-05 0.000179142 -0.0181034 0.0893982 
0.0100186 -0.0184382 -7.45814e-06 -3.1386e-05 -0.0184382 0.0908159 -2.9174e-05 0.000179742 -7.45814e-06 -2.9174e-05 0.0099015 -0.0181377 -3.1386e-05 0.000179742 -0.0181377 0.0895991 
0.00997956 -0.0183764 -2.53157e-05 -1.24125e-05 -0.0183764 0.0906346 -1.24447e-05 0.000148067 -2.53157e-05 -1.24447e-05 0.00990613 -0.0181207 -1.24125e-05 0.000148067 -0.0181207 0.0894783 
0.00992511 -0.0182723 -2.98743e-05 1.28525e-05 -0.0182723 0.0902195 1.27616e-05 8.71867e-05 -2.98743e-05 1.27616e-05 0.00989598 -0.0180831 1.28525e-05 8.71867e-05 -0.0180831 0.0892193 
0.00987288 -0.0181752 -3.80478e-05 2.10335e-05 -0.0181752 0.0897934 2.15252e-05 4.4194e-05 -3.80478e-05 2.15252e-05 0.00986402 -0.0180473 2.10335e-05 4.4194e-05 -0.0180473 0.0889672 
0.00982036 -0.018081 -1.77179e-05 2.53452e-05 -0.018081 0.0893621 2.59856e-05 2.95274e-05 -1.77179e-05 2.59856e-05 0.00983548 -0.0179869 2.53452e-05 2.95274e-05 -0.0179869 0.0886746 
0.00977568 -0.0179995 -1.34511e-05 3.89341e-06 -0.0179995 0.0889925 4.94238e-06 5.19827e-05 -1.34511e-05 4.94238e-06 0.00982025 -0.0179441 3.89341e-06 5.19827e-05 -0.0179441 0.088434 
0.00974978 -0.0179627 -2.12294e-05 -4.67779e-07 -0.0179627 0.0888358 -1.72973e-06 7.4858e-05 -2.12294e-05 -1.72973e-06 0.00983238 -0.0179504 -4.67779e-07 7.4858e-05 -0.0179504 0.0884052 
0.00975933 -0.0179582 -2.40292e-05 6.01249e-06 -0.0179582 0.0888522 5.64175e-06 7.55609e-05 -2.40292e-05 5.64175e-06 0.00984336 -0.0179977 6.01249e-06 7.55609e-05 -0.0179977 0.0885638 
0.0097474 -0.0179626 -2.51325e-05 1.01866e-05 -0.0179626 0.0888315 8.88288e-06 6.57592e-05 -2.51325e-05 8.88288e-06 0.009847 -0.0179957 1.01866e-05 6.57592e-05 -0.0179957 0.088586 
0.00973813 -0.0179257 -4.86849e-05 1.13157e-05 -0.0179257 0.0887033 1.13061e-05 5.76743e-05 -4.86849e-05 1.13061e-05 0.00981079 -0.0179839 1.13157e-05 5.76743e-05 -0.0179839 0.0885103 
0.00971215 -0.0178526 -5.14984e-05 3.36558e-05 -0.0178526 0.0883384 3.39561e-05 2.79213e-05 -5.14984e-05 3.39561e-05 0.00975174 -0.0178948 3.36558e-05 2.79213e-05 -0.0178948 0.0881712 
0.00970444 -0.0178164 -5.42541e-05 3.99886e-05 -0.0178164 0.0881083 4.38657e-05 -7.09857e-06 -5.42541e-05 4.38657e-05 0.00969884 -0.0178219 3.99886e-05 -7.09857e-06 -0.0178219 0.0878955 
0.00971243 -0.0178479 -3.03739e-05 4.3333e-05 -0.0178479 0.0881781 4.76065e-05 -2.31991e-05 -3.03739e-05 4.76065e-05 0.0096971 -0.0177887 4.3333e-05 -2.31991e-05 -0.0177887 0.0878355 
0.00971629 -0.0178615 -2.6699e-05 1.68063e-05 -0.0178615 0.0882263 1.55686e-05 1.68394e-05 -2.6699e-05 1.55686e-05 0.00969661 -0.017774 1.68063e-05 1.68394e-05 -0.017774 0.0877615 
0.00973209 -0.0179381 -1.48812e-05 1.30129e-05 -0.0179381 0.0885908 7.11809e-06 4.8979e-05 -1.48812e-05 7.11809e-06 0.00974329 -0.017832 1.30129e-05 4.8979e-05 -0.017832 0.0880359 
0.00970514 -0.0179518 1.44893e-05 1.27073e-07 -0.0179518 0.0887564 -3.63497e-06 7.27272e-05 1.44893e-05 -3.63497e-06 0.00981702 -0.0178841 1.27073e-07 7.27272e-05 -0.0178841 0.0882271 
0.00966727 -0.0179052 5.54893e-05 -3.30475e-05 -0.0179052 0.08873 -3.50215e-05 0.000129006 5.54893e-05 -3.50215e-05 0.00987348 -0.0179748 -3.30475e-05 0.000129006 -0.0179748 0.0884471 
0.00968645 -0.0178582 4.51883e-05 -7.71912e-05 -0.0178582 0.0886693 -7.8795e-05 0.000215819 4.51883e-05 -7.8795e-05 0.00986711 -0.0180695 -7.71912e-05 0.000215819 -0.0180695 0.0887595 
0.00972462 -0.0179142 2.60264e-06 -5.95948e-05 -0.0179142 0.0888589 -6.19157e-05 0.000220991 2.60264e-06 -6.19157e-05 0.00987141 -0.0181059 -5.95948e-05 0.000220991 -0.0181059 0.0890912 
0.00975964 -0.0179721 -3.04404e-05 -4.87199e-06 -0.0179721 0.0890841 -7.96067e-06 0.000123639 -3.04404e-05 -7.96067e-06 0.00986443 -0.0181086 -4.87199e-06 0.000123639 -0.0181086 0.0892402 
0.00970747 -0.0178471 -3.89223e-05 3.63011e-05 -0.0178471 0.0884223 3.01616e-05 1.23288e-05 -3.89223e-05 3.01616e-05 0.00978341 -0.0179221 3.63011e-05 1.23288e-05 -0.0179221 0.0884301 
0.0097231 -0.0178776 -1.80289e-05 4.76382e-05 -0.0178776 0.0884646 3.94649e-05 -4.73335e-05 -1.80289e-05 3.94649e-05 0.00975338 -0.0178949 4.76382e-05 -4.73335e-05 -0.0178949 0.0882902 
0.00974993 -0.0179189 -2.41698e-06 1.74275e-05 -0.0179189 0.0885946 9.01235e-06 -1.4157e-05 -2.41698e-06 9.01235e-06 0.00973488 -0.0178622 1.74275e-05 -1.4157e-05 -0.0178622 0.0882114 
0.00974703 -0.0179183 1.35605e-05 -8.52982e-06 -0.0179183 0.0885268 -1.53695e-05 5.39605e-05 1.35605e-05 -1.53695e-05 0.00970754 -0.0177997 -8.52982e-06 5.39605e-05 -0.0177997 0.087951 
0.00970667 -0.017901 1.10058e-05 -2.5402e-05 -0.017901 0.0884129 -3.22916e-05 0.000105504 1.10058e-05 -3.22916e-05 0.0097049 -0.0177483 -2.5402e-05 0.000105504 -0.0177483 0.0876996 
0.00968626 -0.0178377 9.8659e-06 -2.29217e-05 -0.0178377 0.0882195 -3.14363e-05 0.000126437 9.8659e-06 -3.14363e-05 0.00968248 -0.0177415 -2.29217e-05 0.000126437 -0.0177415 0.0875543 
0.00967086 -0.0177691 -1.44154e-06 -1.55728e-05 -0.0177691 0.0878978 -2.4164e-05 0.000110752 -1.44154e-06 -2.4164e-05 0.00963314 -0.0176995 -1.55728e-05 0.000110752 -0.0176995 0.0873491 
0.00966773 -0.0178148 3.96001e-06 1.77083e-06 -0.0178148 0.0880334 -1.0945e-06 6.27874e-05 3.96001e-06 -1.0945e-06 0.00964638 -0.0176958 1.77083e-06 6.27874e-05 -0.0176958 0.0874448 
0.00966454 -0.0178027 2.28378e-05 -1.00129e-05 -0.0178027 0.0880349 -6.84158e-06 5.56742e-05 2.28378e-05 -6.84158e-06 0.00964399 -0.0176851 -1.00129e-05 5.56742e-05 -0.0176851 0.0873952 
0.00966646 -0.0178346 1.9005e-05 -4.61199e-05 -0.0178346 0.0881956 -3.92995e-05 0.00012357 1.9005e-05 -3.92995e-05 0.00968349 -0.0177133 -4.61199e-05 0.00012357 -0.0177133 0.0875331 
0.00967745 -0.0179254 2.65152e-05 -4.05163e-05 -0.0179254 0.0887024 -3.06272e-05 0.000143533 2.65152e-05 -3.06272e-05 0.00978106 -0.0178407 -4.05163e-05 0.000143533 -0.0178407 0.0880721 
0.00963158 -0.0178521 2.98379e-05 -3.83591e-05 -0.0178521 0.0885591 -2.54038e-05 0.000122855 2.98379e-05 -2.54038e-05 0.00982426 -0.017904 -3.83591e-05 0.000122855 -0.017904 0.0882028 
0.00959746 -0.0177489 1.55259e-05 -3.7153e-05 -0.0177489 0.0881972 -3.03065e-05 0.000115808 1.55259e-05 -3.03065e-05 0.00982148 -0.0179293 -3.7153e-05 0.000115808 -0.0179293 0.0881925 
0.00960866 -0.0177036 1.43011e-05 -1.56904e-05 -0.0177036 0.0879595 -2.22927e-05 9.2227e-05 1.43011e-05 -2.22927e-05 0.0097883 -0.0179243 -1.56904e-05 9.2227e-05 -0.0179243 0.0881682 
0.00964955 -0.0177617 2.20889e-05 -8.98625e-06 -0.0177617 0.0880912 -2.43634e-05 7.23812e-05 2.20889e-05 -2.43634e-05 0.00978959 -0.0179207 -8.98625e-06 7.23812e-05 -0.0179207 0.0882722 
0.00968812 -0.0178527 1.95946e-05 -1.94131e-05 -0.0178527 0.0884357 -3.41623e-05 8.2995e-05 1.95946e-05 -3.41623e-05 0.00981972 -0.0179562 -1.94131e-05 8.2995e-05 -0.0179562 0.088485 
0.0097011 -0.0178874 2.23883e-05 -2.54008e-05 -0.0178874 0.0886146 -3.32077e-05 0.00010172 2.23883e-05 -3.32077e-05 0.00983719 -0.0179914 -2.54008e-05 0.00010172 -0.0179914 0.0886209 
0.00973437 -0.0179332 4.37414e-06 -2.53377e-05 -0.0179332 0.0888766 -2.2335e-05 8.97365e-05 4.37414e-06 -2.2335e-05 0.00984944 -0.0180539 -2.53377e-05 8.97365e-05 -0.0180539 0.088912 
0.00971935 -0.0178606 1.0323e-05 -5.77038e-06 -0.0178606 0.0885014 -3.80157e-07 5.2783e-05 1.0323e-05 -3.80157e-07 0.00978901 -0.0179589 -5.77038e-06 5.2783e-05 -0.0179589 0.0885231 
0.00971321 -0.017837 2.18413e-05 -8.46254e-06 -0.017837 0.0882635 -6.876e-06 3.76841e-05 2.18413e-05 -6.876e-06 0.00974716 -0.0178679 -8.46254e-06 3.76841e-05 -0.0178679 0.0881568 
0.00974594 -0.0179169 2.4457e-05 -3.21995e-05 -0.0179169 0.0885376 -3.05345e-05 8.52086e-05 2.4457e-05 -3.05345e-05 0.00974301 -0.0178696 -3.21995e-05 8.52086e-05 -0.0178696 0.0882021 
0.00973798 -0.017927 3.07876e-05 -4.0462e-05 -0.017927 0.088562 -3.74584e-05 0.000125926 3.07876e-05 -3.74584e-05 0.00972569 -0.0178254 -4.0462e-05 0.000125926 -0.0178254 0.0880317 
0.00969753 -0.0178824 4.76423e-05 -4.85646e-05 -0.0178824 0.088374 -4.34138e-05 0.000151963 4.76423e-05 -4.34138e-05 0.00972488 -0.0177692 -4.85646e-05 0.000151963 -0.0177692 0.0877468 
0.00970021 -0.0179152 6.36959e-05 -7.04384e-05 -0.0179152 0.0886063 -6.68301e-05 0.000199853 6.36959e-05 -6.68301e-05 0.00976644 -0.017842 -7.04384e-05 0.000199853 -0.017842 0.0879952 
0.0096766 -0.0178609 5.70758e-05 -8.90281e-05 -0.0178609 0.0884514 -8.64824e-05 0.000252174 5.70758e-05 -8.64824e-05 0.00975667 -0.0178577 -8.90281e-05 0.000252174 -0.0178577 0.0879962 
0.00965818 -0.0178148 3.99343e-05 -8.53893e-05 -0.0178148 0.0882628 -7.87154e-05 0.000266651 3.99343e-05 -7.87154e-05 0.00974035 -0.0178386 -8.53893e-05 0.000266651 -0.0178386 0.0879357 
0.00963074 -0.0177727 1.4501e-05 -5.7761e-05 -0.0177727 0.0880616 -4.9214e-05 0.000215009 1.4501e-05 -4.9214e-05 0.00972396 -0.0178032 -5.7761e-05 0.000215009 -0.0178032 0.0877978 
0.00960896 -0.017682 7.0106e-06 -2.96045e-05 -0.017682 0.0876477 -2.21737e-05 0.000149449 7.0106e-06 -2.21737e-05 0.00967601 -0.0177349 -2.96045e-05 0.000149449 -0.0177349 0.0874539 
0.00957007 -0.0176087 6.97095e-06 -2.06453e-05 -0.0176087 0.0871823 -1.18918e-05 0.00010547 6.97095e-06 -1.18918e-05 0.00963064 -0.0176263 -2.06453e-05 0.00010547 -0.0176263 0.0869664 
0.00955021 -0.0176163 3.33999e-05 -2.2399e-05 -0.0176163 0.08717 -1.52716e-05 9.91797e-05 3.33999e-05 -1.52716e-05 0.00964637 -0.017627 -2.2399e-05 9.91797e-05 -0.017627 0.0869265 
0.00954399 -0.0175935 3.49638e-05 -4.16171e-05 -0.0175935 0.087143 -4.29833e-05 0.000125385 3.49638e-05 -4.29833e-05 0.00964894 -0.0176653 -4.16171e-05 0.000125385 -0.0176653 0.0870083 
0.00955576 -0.0176446 3.10956e-05 -4.53546e-05 -0.0176446 0.087403 -5.32391e-05 0.000158672 3.10956e-05 -5.32391e-05 0.00967781 -0.0177299 -4.53546e-05 0.000158672 -0.0177299 0.0873507 
0.00958363 -0.0176924 1.73575e-05 -3.6296e-05 -0.0176924 0.087728 -4.37182e-05 0.000147518 1.73575e-05 -4.37182e-05 0.00971154 -0.0178109 -3.6296e-05 0.000147518 -0.0178109 0.0877711 
0.0096447 -0.0177826 -6.27793e-06 -2.14993e-05 -0.0177826 0.0882082 -2.53846e-05 0.000114222 -6.27793e-06 -2.53846e-05 0.00976174 -0.0179056 -2.14993e-05 0.000114222 -0.0179056 0.0882958 
0.0096714 -0.0178024 -3.66585e-05 6.91564e-06 -0.0178024 0.0882778 6.14572e-06 5.06289e-05 -3.66585e-05 6.14572e-06 0.00975183 -0.0179061 6.91564e-06 5.06289e-05 -0.0179061 0.088343 
0.00965853 -0.0177624 -2.13755e-05 3.81801e-05 -0.0177624 0.0879936 3.60544e-05 -1.80707e-05 -2.13755e-05 3.60544e-05 0.00970026 -0.0178055 3.81801e-05 -1.80707e-05 -0.0178055 0.0879298 
0.00962633 -0.0177031 -1.07283e-05 1.92853e-05 -0.0177031 0.0876168 1.62797e-05 -1.60764e-05 -1.07283e-05 1.62797e-05 0.00963596 -0.017687 1.92853e-05 -1.60764e-05 -0.017687 0.0873855 
0.00958003 -0.0176376 -1.83631e-05 2.70913e-06 -0.0176376 0.0872395 1.14762e-06 2.31042e-05 -1.83631e-05 1.14762e-06 0.00959931 -0.0175747 2.70913e-06 2.31042e-05 -0.0175747 0.0868561 
0.00954807 -0.0175978 -3.42195e-06 7.39379e-06 -0.0175978 0.0870447 9.81575e-06 3.43496e-05 -3.42195e-06 9.81575e-06 0.00957741 -0.0175358 7.39379e-06 3.43496e-05 -0.0175358 0.0865865 
0.0095471 -0.017541 1.28383e-06 -1.25361e-05 -0.017541 0.0868127 -1.36478e-06 5.65143e-05 1.28383e-06 -1.36478e-06 0.00954229 -0.0175142 -1.25361e-05 5.65143e-05 -0.0175142 0.08642 
0.00957472 -0.0176167 -8.29101e-07 -2.14356e-05 -0.0176167 0.0870796 -2.83186e-06 7.55601e-05 -8.29101e-07 -2.83186e-06 0.00957333 -0.0175529 -2.14356e-05 7.55601e-05 -0.0175529 0.0866727 
0.00962407 -0.0177457 -2.81634e-05 -2.10397e-05 -0.0177457 0.0877294 -5.04725e-06 8.91624e-05 -2.81634e-05 -5.04725e-06 0.0096543 -0.0176915 -2.10397e-05 8.91624e-05 -0.0176915 0.087326 
0.00967338 -0.0178569 -4.43507e-05 1.39037e-05 -0.0178569 0.0883709 2.03327e-05 5.26533e-05 -4.43507e-05 2.03327e-05 0.00971634 -0.0178437 1.39037e-05 5.26533e-05 -0.0178437 0.0880369 
0.00970314 -0.0178938 -4.59552e-05 3.82187e-05 -0.0178938 0.0886411 3.98745e-05 -5.1091e-06 -4.59552e-05 3.98745e-05 0.00973493 -0.0178917 3.82187e-05 -5.1091e-06 -0.0178917 0.0883576 
0.0096974 -0.0178782 -2.64463e-05 3.55953e-05 -0.0178782 0.0885671 3.19822e-05 -1.0912e-05 -2.64463e-05 3.19822e-05 0.00974384 -0.017855 3.55953e-05 -1.0912e-05 -0.017855 0.0882645 
0.00968869 -0.0178515 -5.33984e-06 1.7287e-05 -0.0178515 0.0884374 7.11364e-06 2.31192e-05 -5.33984e-06 7.11364e-06 0.00974289 -0.0178417 1.7287e-05 2.31192e-05 -0.0178417 0.0881297 
0.00966514 -0.0178546 1.96781e-05 -5.52666e-06 -0.0178546 0.0884295 -1.70989e-05 7.35545e-05 1.96781e-05 -1.70989e-05 0.00977807 -0.0178513 -5.52666e-06 7.35545e-05 -0.0178513 0.0881311 
0.00965121 -0.0178039 3.02352e-05 -2.95646e-05 -0.0178039 0.0882913 -3.69605e-05 0.000119328 3.02352e-05 -3.69605e-05 0.00977669 -0.0178855 -2.95646e-05 0.000119328 -0.0178855 0.0881401 
0.00962516 -0.0177174 3.52509e-05 -3.93174e-05 -0.0177174 0.0878532 -4.06957e-05 0.000139315 3.52509e-05 -4.06957e-05 0.00972479 -0.0178152 -3.93174e-05 0.000139315 -0.0178152 0.0878009 
0.00962201 -0.0177095 2.30881e-05 -4.28389e-05 -0.0177095 0.0877273 -4.41654e-05 0.000143784 2.30881e-05 -4.41654e-05 0.00971281 -0.0177791 -4.28389e-05 0.000143784 -0.0177791 0.0876685 
0.00967719 -0.0177995 1.44362e-05 -3.20667e-05 -0.0177995 0.0881235 -3.43008e-05 0.000134049 1.44362e-05 -3.43008e-05 0.00973644 -0.0178532 -3.20667e-05 0.000134049 -0.0178532 0.0880154 
0.00973439 -0.0179076 1.94139e-05 -2.4203e-05 -0.0179076 0.0886017 -2.52965e-05 0.000116647 1.94139e-05 -2.52965e-05 0.00975624 -0.0179206 -2.4203e-05 0.000116647 -0.0179206 0.0884085 
0.00979311 -0.0180443 2.47363e-05 -3.65839e-05 -0.0180443 0.089238 -3.52571e-05 0.000133546 2.47363e-05 -3.52571e-05 0.00979893 -0.0179931 -3.65839e-05 0.000133546 -0.0179931 0.0888835 
0.0097901 -0.0180466 5.90501e-06 -3.85651e-05 -0.0180466 0.0892881 -3.68527e-05 0.000141663 5.90501e-06 -3.68527e-05 0.00980843 -0.0179643 -3.85651e-05 0.000141663 -0.0179643 0.0888002 
0.00975435 -0.0179699 3.72544e-06 -1.6721e-05 -0.0179699 0.0889548 -1.8301e-05 0.000116689 3.72544e-06 -1.8301e-05 0.00978329 -0.017908 -1.6721e-05 0.000116689 -0.017908 0.0884515 
0.00971383 -0.0178991 1.55013e-05 -9.65775e-06 -0.0178991 0.0886107 -1.52817e-05 9.18288e-05 1.55013e-05 -1.52817e-05 0.00976717 -0.0178607 -9.65775e-06 9.18288e-05 -0.0178607 0.0881624 
0.00967374 -0.0178271 1.21532e-05 -2.21598e-05 -0.0178271 0.0882682 -3.17974e-05 0.000105526 1.21532e-05 -3.17974e-05 0.00976234 -0.017824 -2.21598e-05 0.000105526 -0.017824 0.0879085 
0.00968804 -0.0178455 4.33891e-06 -2.10702e-05 -0.0178455 0.0883807 -3.01489e-05 0.000117056 4.33891e-06 -3.01489e-05 0.00978706 -0.0178995 -2.10702e-05 0.000117056 -0.0178995 0.0881625 
0.00971461 -0.0179044 1.00847e-05 -1.0737e-05 -0.0179044 0.0886697 -1.78782e-05 0.000101141 1.00847e-05 -1.78782e-05 0.00982227 -0.0179806 -1.0737e-05 0.000101141 -0.0179806 0.0885585 
0.0097198 -0.0178999 1.16887e-05 -2.05715e-05 -0.0178999 0.0886592 -2.47598e-05 0.000106981 1.16887e-05 -2.47598e-05 0.00980743 -0.0179749 -2.05715e-05 0.000106981 -0.0179749 0.0885687 
0.00966625 -0.0178221 3.8692e-06 -2.79395e-05 -0.0178221 0.0882406 -2.46038e-05 0.000119539 3.8692e-06 -2.46038e-05 0.00977778 -0.0178643 -2.79395e-05 0.000119539 -0.0178643 0.0880959 
0.00963787 -0.0177599 -8.15616e-06 -2.27282e-05 -0.0177599 0.0879626 -1.26767e-05 0.00011272 -8.15616e-06 -1.26767e-05 0.00975251 -0.0178283 -2.27282e-05 0.00011272 -0.0178283 0.0878249 
0.00962545 -0.0177517 -7.17913e-06 -2.79438e-06 -0.0177517 0.0879221 7.98847e-06 6.86477e-05 -7.17913e-06 7.98847e-06 0.00977078 -0.0178402 -2.79438e-06 6.86477e-05 -0.0178402 0.0878462 
0.00962795 -0.0177321 1.07265e-05 2.41965e-06 -0.0177321 0.0878511 9.94216e-06 3.65223e-05 1.07265e-05 9.94216e-06 0.00976565 -0.0178571 2.41965e-06 3.65223e-05 -0.0178571 0.0878581 
0.00964827 -0.0177782 3.28554e-05 -1.77114e-05 -0.0177782 0.0880282 -1.55338e-05 6.17596e-05 3.28554e-05 -1.55338e-05 0.00977404 -0.0178914 -1.77114e-05 6.17596e-05 -0.0178914 0.0880518 
0.00966542 -0.0177712 3.35394e-05 -4.18888e-05 -0.0177712 0.0879822 -4.57213e-05 0.00011972 3.35394e-05 -4.57213e-05 0.00974135 -0.017862 -4.18888e-05 0.00011972 -0.017862 0.0879589 
0.00970054 -0.0178059 2.59835e-05 -4.6231e-05 -0.0178059 0.0880416 -5.03134e-05 0.000156309 2.59835e-05 -5.03134e-05 0.00970883 -0.0178223 -4.6231e-05 0.000156309 -0.0178223 0.0878652 
0.00974422 -0.0179108 4.71631e-05 -4.14514e-05 -0.0179108 0.0884202 -4.67878e-05 0.000167417 4.71631e-05 -4.67878e-05 0.00971649 -0.0178232 -4.14514e-05 0.000167417 -0.0178232 0.0879812 
0.009765 -0.0179743 6.43441e-05 -6.14969e-05 -0.0179743 0.0887131 -6.55256e-05 0.000189751 6.43441e-05 -6.55256e-05 0.00972732 -0.0178301 -6.14969e-05 0.000189751 -0.0178301 0.0880533 
0.00973196 -0.017923 6.35389e-05 -7.59372e-05 -0.017923 0.0885028 -7.41301e-05 0.000208041 6.35389e-05 -7.41301e-05 0.00970204 -0.0177684 -7.59372e-05 0.000208041 -0.0177684 0.0877444 
0.00971544 -0.0178917 4.73501e-05 -8.58774e-05 -0.0178917 0.0883992 -8.221e-05 0.000241782 4.73501e-05 -8.221e-05 0.00969113 -0.0177581 -8.58774e-05 0.000241782 -0.0177581 0.0876551 
0.00973221 -0.0178904 1.44724e-05 -6.62568e-05 -0.0178904 0.088432 -6.48872e-05 0.000228016 1.44724e-05 -6.48872e-05 0.00967626 -0.0177819 -6.62568e-05 0.000228016 -0.0177819 0.087761 
0.0097388 -0.0179392 -1.89794e-05 -2.93512e-05 -0.0179392 0.0886148 -2.73943e-05 0.000164888 -1.89794e-05 -2.73943e-05 0.00970131 -0.0177875 -2.93512e-05 0.000164888 -0.0177875 0.087906 
0.00972237 -0.01795 -3.13495e-05 1.31495e-05 -0.01795 0.0887142 1.38199e-05 6.92693e-05 -3.13495e-05 1.38199e-05 0.00974793 -0.0178063 1.31495e-05 6.92693e-05 -0.0178063 0.0879729 
0.00973335 -0.0179601 -1.65e-05 3.66416e-05 -0.0179601 0.0888847 3.35697e-05 -1.20345e-05 -1.65e-05 3.35697e-05 0.00980185 -0.0178992 3.66416e-05 -1.20345e-05 -0.0178992 0.0882695 
0.00973074 -0.0179279 -2.0579e-05 1.58511e-05 -0.0179279 0.0887561 9.56231e-06 -2.29214e-06 -2.0579e-05 9.56231e-06 0.00979506 -0.0179203 1.58511e-05 -2.29214e-06 -0.0179203 0.0882924 
0.0097263 -0.0178964 -3.0907e-05 1.73204e-05 -0.0178964 0.0885779 1.09588e-05 1.35099e-05 -3.0907e-05 1.09588e-05 0.00977178 -0.0179032 1.73204e-05 1.35099e-05 -0.0179032 0.0882209 
0.00974797 -0.0179199 -3.1999e-05 2.65128e-05 -0.0179199 0.0886464 2.45115e-05 1.09823e-06 -3.1999e-05 2.45115e-05 0.00976581 -0.0179141 2.65128e-05 1.09823e-06 -0.0179141 0.0883223 
0.00977918 -0.0179807 -4.09159e-05 2.82294e-05 -0.0179807 0.0888926 3.08082e-05 -1.51258e-05 -4.09159e-05 3.08082e-05 0.0097833 -0.0179404 2.82294e-05 -1.51258e-05 -0.0179404 0.0885211 
0.00981129 -0.0180213 -5.99223e-05 3.45038e-05 -0.0180213 0.0890763 3.91542e-05 -2.6084e-05 -5.99223e-05 3.91542e-05 0.00977976 -0.0179621 3.45038e-05 -2.6084e-05 -0.0179621 0.0886486 
0.00983971 -0.0180823 -5.28947e-05 5.9006e-05 -0.0180823 0.0893205 6.31055e-05 -7.03292e-05 -5.28947e-05 6.31055e-05 0.00978514 -0.0179717 5.9006e-05 -7.03292e-05 -0.0179717 0.0887801 
0.0097917 -0.01801 -3.24494e-05 5.08448e-05 -0.01801 0.0889513 5.59022e-05 -8.18237e-05 -3.24494e-05 5.59022e-05 0.0097624 -0.0178655 5.08448e-05 -8.18237e-05 -0.0178655 0.088303 
0.00977773 -0.0180075 -3.43138e-05 2.39696e-05 -0.0180075 0.0889572 2.8642e-05 -3.44195e-05 -3.43138e-05 2.8642e-05 0.00979431 -0.0178834 2.39696e-05 -3.44195e-05 -0.0178834 0.088282 
0.00975025 -0.0179816 -3.66495e-05 2.39626e-05 -0.0179816 0.0888859 2.98299e-05 -8.52684e-06 -3.66495e-05 2.98299e-05 0.00980458 -0.017916 2.39626e-05 -8.52684e-06 -0.017916 0.0883006 
0.00971756 -0.0179171 -4.14611e-05 2.64415e-05 -0.0179171 0.0886503 3.19148e-05 -4.49566e-06 -4.14611e-05 3.19148e-05 0.00977757 -0.0179023 2.64415e-05 -4.49566e-06 -0.0179023 0.0881939 
0.00970355 -0.0178848 -3.7112e-05 3.52871e-05 -0.0178848 0.088514 3.53307e-05 -1.45414e-05 -3.7112e-05 3.53307e-05 0.00976665 -0.0178758 3.52871e-05 -1.45414e-05 -0.0178758 0.0881214 
0.0096626 -0.0177818 -2.0441e-06 3.92114e-05 -0.0177818 0.088025 3.50538e-05 -3.22355e-05 -2.0441e-06 3.50538e-05 0.00972278 -0.0177919 3.92114e-05 -3.22355e-05 -0.0177919 0.0877037 
