0.00661892 0 0.00013687 0 0 0.00972134 0 0 0.00013687 0 0.00711982 0 0 0 0 0.00972134 
0.00967701 -0.0120223 0.000151688 -0.000183717 -0.0120223 0.0322278 -0.000183717 0.000352178 0.000151688 -0.000183717 0.0103467 -0.0128336 -0.000183717 0.000352178 -0.0128336 0.0337846 
0.010045 -0.0187644 0.000109931 -0.000134835 -0.0187644 0.0694078 -0.000134835 0.000401135 0.000109931 -0.000134835 0.0105185 -0.0195367 -0.000134835 0.000401135 -0.0195367 0.0717783 
0.00911359 -0.017683 6.32391e-05 1.26196e-05 -0.017683 0.0795707 1.4611e-05 -0.000297905 6.32391e-05 1.4611e-05 0.00934779 -0.0179993 1.26196e-05 -0.000297905 -0.0179993 0.0804394 
0.00932871 -0.0176074 5.91929e-05 3.94307e-05 -0.0176074 0.0852194 5.21434e-05 -0.000676666 5.91929e-05 5.21434e-05 0.00951903 -0.0177206 3.94307e-05 -0.000676666 -0.0177206 0.0852366 
0.00959932 -0.0177563 8.30833e-05 7.2569e-06 -0.0177563 0.0875629 2.33025e-05 -0.000592389 8.30833e-05 2.33025e-05 0.00973801 -0.0178497 7.2569e-06 -0.000592389 -0.0178497 0.0873775 
0.0097714 -0.0180625 9.81452e-05 -3.42708e-05 -0.0180625 0.0892137 -2.76434e-05 -0.000373317 9.81452e-05 -2.76434e-05 0.00994658 -0.0180898 -3.42708e-05 -0.000373317 -0.0180898 0.0889317 
0.00946168 -0.0175012 0.000100276 -5.27036e-05 -0.0175012 0.0865915 -5.3131e-05 -0.000194968 0.000100276 -5.3131e-05 0.00968192 -0.017559 -5.27036e-05 -0.000194968 -0.017559 0.086329 
0.00974401 -0.0179359 9.26169e-05 -5.82762e-05 -0.0179359 0.0888582 -5.58745e-05 -0.00012909 9.26169e-05 -5.58745e-05 0.00992153 -0.0180613 -5.82762e-05 -0.00012909 -0.0180613 0.0887172 
0.00965009 -0.0177521 8.46697e-05 -3.68759e-05 -0.0177521 0.0878083 -3.3718e-05 -0.000148223 8.46697e-05 -3.3718e-05 0.00978751 -0.0178307 -3.68759e-05 -0.000148223 -0.0178307 0.0876755 
0.00956706 -0.0176561 8.67663e-05 -2.55734e-05 -0.0176561 0.08723 -2.21039e-05 -0.000184354 8.67663e-05 -2.21039e-05 0.00972472 -0.0176777 -2.55734e-05 -0.000184354 -0.0176777 0.0869778 
0.00948865 -0.017532 7.4818e-05 -3.26226e-05 -0.017532 0.0866786 -3.07514e-05 -0.000180432 7.4818e-05 -3.07514e-05 0.00966806 -0.0175705 -3.26226e-05 -0.000180432 -0.0175705 0.0863855 
0.00942111 -0.017485 7.45634e-05 -2.09364e-05 -0.017485 0.086501 -1.98347e-05 -0.000190178 7.45634e-05 -1.98347e-05 0.00969999 -0.0175478 -2.09364e-05 -0.000190178 -0.0175478 0.0862337 
0.00938777 -0.0174218 7.48482e-05 -1.97259e-05 -0.0174218 0.0863959 -1.79655e-05 -0.000200778 7.48482e-05 -1.79655e-05 0.00972519 -0.0176217 -1.97259e-05 -0.000200778 -0.0176217 0.0863726 
0.00979709 -0.0181211 7.65883e-05 -1.72658e-05 -0.0181211 0.0899689 -1.60013e-05 -0.000220175 7.65883e-05 -1.60013e-05 0.0101471 -0.018424 -1.72658e-05 -0.000220175 -0.018424 0.0902439 
0.00980537 -0.0181155 7.74003e-05 -1.35878e-05 -0.0181155 0.0898642 -1.40579e-05 -0.000230403 7.74003e-05 -1.40579e-05 0.0101427 -0.0184232 -1.35878e-05 -0.000230403 -0.0184232 0.0902755 
0.0097972 -0.0180987 8.67651e-05 -1.44982e-05 -0.0180987 0.0897012 -1.65068e-05 -0.000230555 8.67651e-05 -1.65068e-05 0.0101222 -0.0183869 -1.44982e-05 -0.000230555 -0.0183869 0.0901161 
0.00980568 -0.0181196 9.68564e-05 -3.41079e-05 -0.0181196 0.0897465 -3.27721e-05 -0.000196087 9.68564e-05 -3.27721e-05 0.0101273 -0.0183795 -3.41079e-05 -0.000196087 -0.0183795 0.0900977 
0.00982067 -0.0181363 0.000114054 -4.68989e-05 -0.0181363 0.0898274 -4.80934e-05 -0.000153114 0.000114054 -4.80934e-05 0.0101368 -0.0184125 -4.68989e-05 -0.000153114 -0.0184125 0.0902053 
0.00984706 -0.0182092 0.000114788 -7.29749e-05 -0.0182092 0.0901535 -7.45575e-05 -8.96512e-05 0.000114788 -7.45575e-05 0.0101635 -0.0184788 -7.29749e-05 -8.96512e-05 -0.0184788 0.0905417 
0.00940368 -0.0174485 0.000103319 -7.47313e-05 -0.0174485 0.0864239 -7.28152e-05 -5.07162e-05 0.000103319 -7.28152e-05 0.00975752 -0.0177053 -7.47313e-05 -5.07162e-05 -0.0177053 0.0867958 
0.00941865 -0.0174548 9.02778e-05 -6.55064e-05 -0.0174548 0.0866211 -6.26845e-05 -5.75215e-05 9.02778e-05 -6.26845e-05 0.00978923 -0.0177876 -6.55064e-05 -5.75215e-05 -0.0177876 0.0871261 
0.00945488 -0.0174774 8.72825e-05 -4.57804e-05 -0.0174774 0.0867558 -4.75398e-05 -9.07472e-05 8.72825e-05 -4.75398e-05 0.00980358 -0.0178225 -4.57804e-05 -9.07472e-05 -0.0178225 0.0873349 
0.00946132 -0.017508 8.20867e-05 -3.95674e-05 -0.017508 0.0868251 -4.59779e-05 -0.000114855 8.20867e-05 -4.59779e-05 0.0098172 -0.01782 -3.95674e-05 -0.000114855 -0.01782 0.0873697 
0.00943334 -0.0174363 5.86675e-05 -3.25151e-05 -0.0174363 0.0864824 -3.92716e-05 -0.00013344 5.86675e-05 -3.92716e-05 0.00977567 -0.0177539 -3.25151e-05 -0.00013344 -0.0177539 0.0870085 
0.00942473 -0.0174627 6.66607e-05 -6.12797e-06 -0.0174627 0.0865734 -1.19257e-05 -0.000180334 6.66607e-05 -1.19257e-05 0.00980739 -0.01777 -6.12797e-06 -0.000180334 -0.01777 0.0870891 
0.00945909 -0.0174648 8.20545e-05 -9.6966e-06 -0.0174648 0.0866652 -1.66398e-05 -0.000205605 8.20545e-05 -1.66398e-05 0.00980662 -0.0178267 -9.6966e-06 -0.000205605 -0.0178267 0.0872667 
0.00949186 -0.0174783 8.70534e-05 -1.95732e-05 -0.0174783 0.0866328 -2.97653e-05 -0.000202652 8.70534e-05 -2.97653e-05 0.00977141 -0.0178045 -1.95732e-05 -0.000202652 -0.0178045 0.0872403 
0.00953109 -0.0175241 8.77061e-05 -2.88625e-05 -0.0175241 0.0866971 -4.22921e-05 -0.000177051 8.77061e-05 -4.22921e-05 0.00972649 -0.0177525 -2.88625e-05 -0.000177051 -0.0177525 0.0871233 
0.00954586 -0.0175879 9.05048e-05 -2.81761e-05 -0.0175879 0.0868875 -4.54635e-05 -0.000164241 9.05048e-05 -4.54635e-05 0.00972658 -0.0177224 -2.81761e-05 -0.000164241 -0.0177224 0.0870951 
0.00955665 -0.0176044 9.93456e-05 -3.21705e-05 -0.0176044 0.0869888 -4.65694e-05 -0.000157379 9.93456e-05 -4.65694e-05 0.00972217 -0.0177174 -3.21705e-05 -0.000157379 -0.0177174 0.0870657 
0.00952785 -0.0175678 9.80251e-05 -4.94625e-05 -0.0175678 0.0867828 -5.95665e-05 -0.000125762 9.80251e-05 -5.95665e-05 0.00971498 -0.0176466 -4.94625e-05 -0.000125762 -0.0176466 0.0867482 
0.0094495 -0.0175067 9.07399e-05 -5.47153e-05 -0.0175067 0.0865041 -5.57116e-05 -0.000105751 9.07399e-05 -5.57116e-05 0.00974075 -0.0176117 -5.47153e-05 -0.000105751 -0.0176117 0.0864632 
0.00942456 -0.0174603 7.88704e-05 -5.4406e-05 -0.0174603 0.0864533 -4.64552e-05 -0.000101302 7.88704e-05 -4.64552e-05 0.00975762 -0.0176822 -5.4406e-05 -0.000101302 -0.0176822 0.0865859 
0.00944918 -0.0174983 6.41301e-05 -3.55857e-05 -0.0174983 0.0867128 -2.54753e-05 -0.00013926 6.41301e-05 -2.54753e-05 0.009791 -0.0177753 -3.55857e-05 -0.00013926 -0.0177753 0.0870254 
0.00951219 -0.0175385 4.81616e-05 -1.13469e-05 -0.0175385 0.0869485 -2.46437e-06 -0.000202762 4.81616e-05 -2.46437e-06 0.00978786 -0.0178388 -1.13469e-05 -0.000202762 -0.0178388 0.0873758 
0.00954648 -0.0176033 4.68116e-05 8.27118e-06 -0.0176033 0.0871304 1.36786e-05 -0.00025642 4.68116e-05 1.36786e-05 0.00980172 -0.0178267 8.27118e-06 -0.00025642 -0.0178267 0.087481 
0.00959308 -0.0176213 4.27652e-05 1.47943e-05 -0.0176213 0.0871732 2.07738e-05 -0.000294658 4.27652e-05 2.07738e-05 0.00976607 -0.0178202 1.47943e-05 -0.000294658 -0.0178202 0.0874384 
0.0096183 -0.017666 5.27285e-05 2.05954e-05 -0.017666 0.0872035 2.53563e-05 -0.0003164 5.27285e-05 2.53563e-05 0.00972702 -0.0177545 2.05954e-05 -0.0003164 -0.0177545 0.0872631 
0.00958873 -0.017712 7.22532e-05 1.34432e-05 -0.017712 0.0873353 1.03736e-05 -0.000309734 7.22532e-05 1.03736e-05 0.00975371 -0.0177179 1.34432e-05 -0.000309734 -0.0177179 0.0871647 
0.00952072 -0.0176265 6.81731e-05 -5.72838e-06 -0.0176265 0.0871002 -1.52062e-05 -0.000269199 6.81731e-05 -1.52062e-05 0.0097495 -0.0177084 -5.72838e-06 -0.000269199 -0.0177084 0.0869646 
0.00945283 -0.0174813 7.06065e-05 -1.12899e-05 -0.0174813 0.0865785 -1.90066e-05 -0.000229758 7.06065e-05 -1.90066e-05 0.00972671 -0.0176747 -1.12899e-05 -0.000229758 -0.0176747 0.0867065 
0.00944283 -0.0174441 7.60203e-05 -2.43805e-05 -0.0174441 0.0864354 -2.58922e-05 -0.000193793 7.60203e-05 -2.58922e-05 0.00971832 -0.0176872 -2.43805e-05 -0.000193793 -0.0176872 0.0867519 
0.00946188 -0.0174681 8.68715e-05 -2.57527e-05 -0.0174681 0.0865329 -2.44903e-05 -0.000187568 8.68715e-05 -2.44903e-05 0.00972912 -0.0177059 -2.57527e-05 -0.000187568 -0.0177059 0.0868977 
0.00945881 -0.0174999 9.39432e-05 -3.76762e-05 -0.0174999 0.0866669 -3.56172e-05 -0.000170669 9.39432e-05 -3.56172e-05 0.00974215 -0.0177267 -3.76762e-05 -0.000170669 -0.0177267 0.0870194 
0.00942923 -0.0174522 9.46564e-05 -4.97713e-05 -0.0174522 0.0865106 -4.79524e-05 -0.000135597 9.46564e-05 -4.79524e-05 0.00973254 -0.0176989 -4.97713e-05 -0.000135597 -0.0176989 0.0868878 
0.00940217 -0.017337 8.09733e-05 -5.30153e-05 -0.017337 0.0859895 -5.27846e-05 -0.000109109 8.09733e-05 -5.27846e-05 0.00965654 -0.0176023 -5.30153e-05 -0.000109109 -0.0176023 0.0864009 
0.00987608 -0.0180885 5.93038e-05 -3.88804e-05 -0.0180885 0.0896074 -4.02402e-05 -0.000126305 5.93038e-05 -4.02402e-05 0.0100009 -0.0183212 -3.88804e-05 -0.000126305 -0.0183212 0.0900059 
0.00989981 -0.0181568 5.25408e-05 -1.05687e-05 -0.0181568 0.0896151 -1.16796e-05 -0.000176407 5.25408e-05 -1.16796e-05 0.00995779 -0.0182115 -1.05687e-05 -0.000176407 -0.0182115 0.089705 
0.00992578 -0.0182191 3.84583e-05 -1.22245e-06 -0.0182191 0.0898115 -3.54129e-06 -0.000214616 3.84583e-05 -3.54129e-06 0.00993982 -0.0181767 -1.22245e-06 -0.000214616 -0.0181767 0.0895789 
0.0099228 -0.0182563 2.09325e-05 1.77923e-05 -0.0182563 0.0899571 1.51212e-05 -0.000256656 2.09325e-05 1.51212e-05 0.00993838 -0.0181612 1.77923e-05 -0.000256656 -0.0181612 0.0895255 
0.0099267 -0.0182893 1.7449e-05 3.83767e-05 -0.0182893 0.0901966 3.32211e-05 -0.000301769 1.7449e-05 3.32211e-05 0.00996987 -0.0182081 3.83767e-05 -0.000301769 -0.0182081 0.0897303 
0.00990964 -0.0183076 2.87939e-05 4.41397e-05 -0.0183076 0.0903806 3.76161e-05 -0.000330274 2.87939e-05 3.76161e-05 0.0100336 -0.0182667 4.41397e-05 -0.000330274 -0.0182667 0.089983 
0.00983934 -0.0182485 4.64546e-05 2.59238e-05 -0.0182485 0.0902533 1.55032e-05 -0.00030134 4.64546e-05 1.55032e-05 0.0100903 -0.0183132 2.59238e-05 -0.00030134 -0.0183132 0.0900662 
0.00980904 -0.0181758 6.30144e-05 4.7002e-06 -0.0181758 0.0901336 -1.06237e-05 -0.000244854 6.30144e-05 -1.06237e-05 0.0101242 -0.0184006 4.7002e-06 -0.000244854 -0.0184006 0.090299 
0.0094021 -0.0173904 6.91158e-05 -1.17049e-05 -0.0173904 0.0863374 -3.23663e-05 -0.000181127 6.91158e-05 -3.23663e-05 0.00972462 -0.0177029 -1.17049e-05 -0.000181127 -0.0177029 0.0868256 
0.00941402 -0.0173844 7.46412e-05 -2.5911e-05 -0.0173844 0.0863012 -4.68762e-05 -0.00013225 7.46412e-05 -4.68762e-05 0.00973513 -0.0177275 -2.5911e-05 -0.00013225 -0.0177275 0.0869726 
0.00941414 -0.0173861 6.2505e-05 -3.40687e-05 -0.0173861 0.0862488 -4.57917e-05 -0.000112626 6.2505e-05 -4.57917e-05 0.00974232 -0.017719 -3.40687e-05 -0.000112626 -0.017719 0.0869566 
0.00937701 -0.0173419 5.96606e-05 -2.62025e-05 -0.0173419 0.0860106 -2.31772e-05 -0.000129962 5.96606e-05 -2.31772e-05 0.00974539 -0.0176812 -2.62025e-05 -0.000129962 -0.0176812 0.0867323 
0.00979278 -0.018091 6.41513e-05 -2.75045e-05 -0.018091 0.0897605 -1.17148e-05 -0.00016035 6.41513e-05 -1.17148e-05 0.0101919 -0.0184896 -2.75045e-05 -0.00016035 -0.0184896 0.090582 
0.00941618 -0.0173264 6.17604e-05 -2.30997e-05 -0.0173264 0.0859231 -6.52878e-06 -0.000176295 6.17604e-05 -6.52878e-06 0.00972632 -0.0177198 -2.30997e-05 -0.000176295 -0.0177198 0.086754 
0.00944345 -0.0173726 4.30634e-05 -1.95988e-05 -0.0173726 0.0859758 -1.03356e-05 -0.000187882 4.30634e-05 -1.03356e-05 0.00968574 -0.0176787 -1.95988e-05 -0.000187882 -0.0176787 0.0866888 
0.00948339 -0.0174669 4.02168e-05 7.32462e-06 -0.0174669 0.0863473 1.0944e-05 -0.000231442 4.02168e-05 1.0944e-05 0.00968103 -0.0176853 7.32462e-06 -0.000231442 -0.0176853 0.0868521 
0.00950432 -0.0174599 5.06216e-05 1.56133e-05 -0.0174599 0.0863041 1.87774e-05 -0.000271441 5.06216e-05 1.87774e-05 0.00963573 -0.0176137 1.56133e-05 -0.000271441 -0.0176137 0.0866052 
0.00952123 -0.0175217 5.51433e-05 -4.48515e-06 -0.0175217 0.0864823 3.77557e-06 -0.000255243 5.51433e-05 3.77557e-06 0.00963209 -0.0175795 -4.48515e-06 -0.000255243 -0.0175795 0.0865372 
0.00948817 -0.0175534 6.4882e-05 -1.52187e-05 -0.0175534 0.0866374 -7.00727e-06 -0.000220798 6.4882e-05 -7.00727e-06 0.00968207 -0.0175739 -1.52187e-05 -0.000220798 -0.0175739 0.0865115 
0.00944076 -0.0175126 7.12946e-05 -2.23015e-05 -0.0175126 0.0866531 -1.85821e-05 -0.000193845 7.12946e-05 -1.85821e-05 0.00974529 -0.0176485 -2.23015e-05 -0.000193845 -0.0176485 0.0866551 
0.00941687 -0.0174393 6.30097e-05 -2.66511e-05 -0.0174393 0.0864947 -3.25061e-05 -0.000167239 6.30097e-05 -3.25061e-05 0.009764 -0.0177217 -2.66511e-05 -0.000167239 -0.0177217 0.0868225 
0.00941808 -0.0173638 5.5811e-05 -1.67094e-05 -0.0173638 0.0861875 -2.99054e-05 -0.000162075 5.5811e-05 -2.99054e-05 0.00973201 -0.017731 -1.67094e-05 -0.000162075 -0.017731 0.0868374 
0.00944195 -0.0173613 4.79943e-05 -3.38081e-06 -0.0173613 0.0860658 -1.79473e-05 -0.000187178 4.79943e-05 -1.79473e-05 0.00969073 -0.0177104 -3.38081e-06 -0.000187178 -0.0177104 0.0868395 
0.00943605 -0.0173591 5.13036e-05 5.76051e-06 -0.0173591 0.0859246 -3.05802e-06 -0.000219819 5.13036e-05 -3.05802e-06 0.00964935 -0.0176416 5.76051e-06 -0.000219819 -0.0176416 0.0866489 
0.00984459 -0.01813 6.20096e-05 -3.28673e-06 -0.01813 0.0896955 -8.83232e-06 -0.000227251 6.20096e-05 -8.83232e-06 0.0100617 -0.0183707 -3.28673e-06 -0.000227251 -0.0183707 0.0903216 
0.00979058 -0.0180481 6.16399e-05 -1.94204e-05 -0.0180481 0.0892972 -2.6083e-05 -0.000187732 6.16399e-05 -2.6083e-05 0.0100234 -0.0182677 -1.94204e-05 -0.000187732 -0.0182677 0.0898228 
0.00975705 -0.0179746 5.62036e-05 -2.10702e-05 -0.0179746 0.0889617 -3.1469e-05 -0.000156705 5.62036e-05 -3.1469e-05 0.00998069 -0.0182045 -2.10702e-05 -0.000156705 -0.0182045 0.0894552 
0.00974294 -0.0179285 3.85641e-05 -1.81965e-05 -0.0179285 0.0887168 -2.78657e-05 -0.000146888 3.85641e-05 -2.78657e-05 0.00993965 -0.0181528 -1.81965e-05 -0.000146888 -0.0181528 0.0892064 
0.00975114 -0.0179568 1.77249e-05 6.64548e-06 -0.0179568 0.0887952 1.18081e-06 -0.000191746 1.77249e-05 1.18081e-06 0.00992243 -0.0181449 6.64548e-06 -0.000191746 -0.0181449 0.0892212 
0.00975617 -0.0179328 1.39469e-05 3.29203e-05 -0.0179328 0.0886901 3.18404e-05 -0.000261709 1.39469e-05 3.18404e-05 0.00987638 -0.0181037 3.29203e-05 -0.000261709 -0.0181037 0.0890749 
0.00975093 -0.0179543 1.94247e-05 3.5173e-05 -0.0179543 0.0887319 4.08593e-05 -0.000302476 1.94247e-05 4.08593e-05 0.00986455 -0.0180662 3.5173e-05 -0.000302476 -0.0180662 0.0890133 
0.00974375 -0.0179362 4.31211e-05 2.26482e-05 -0.0179362 0.0886921 3.43334e-05 -0.000294491 4.31211e-05 3.43334e-05 0.00985687 -0.0180487 2.26482e-05 -0.000294491 -0.0180487 0.0889391 
0.00977459 -0.0179811 4.98416e-05 -8.90981e-06 -0.0179811 0.0889101 3.47827e-06 -0.000236799 4.98416e-05 3.47827e-06 0.00986295 -0.0180798 -8.90981e-06 -0.000236799 -0.0180798 0.0891139 
0.00981081 -0.0180691 6.1542e-05 -1.65513e-05 -0.0180691 0.0893011 -7.24659e-06 -0.000190528 6.1542e-05 -7.24659e-06 0.00989633 -0.0181211 -1.65513e-05 -0.000190528 -0.0181211 0.0893948 
0.00980034 -0.0181012 7.09436e-05 -2.71263e-05 -0.0181012 0.0894866 -2.33564e-05 -0.00015437 7.09436e-05 -2.33564e-05 0.0099358 -0.0181406 -2.71263e-05 -0.00015437 -0.0181406 0.0894928 
0.00977321 -0.0180809 7.74359e-05 -3.7937e-05 -0.0180809 0.0895096 -3.67192e-05 -0.000119294 7.74359e-05 -3.67192e-05 0.00996932 -0.0181719 -3.7937e-05 -0.000119294 -0.0181719 0.0895476 
0.00977712 -0.01807 6.21925e-05 -4.96448e-05 -0.01807 0.0895742 -4.91357e-05 -8.30813e-05 6.21925e-05 -4.91357e-05 0.00999063 -0.018231 -4.96448e-05 -8.30813e-05 -0.018231 0.0897379 
0.00974631 -0.0179865 4.68705e-05 -3.04834e-05 -0.0179865 0.0892005 -2.73324e-05 -0.00010049 4.68705e-05 -2.73324e-05 0.00996684 -0.0181884 -3.04834e-05 -0.00010049 -0.0181884 0.0895072 
0.00973868 -0.0179797 3.91074e-05 -8.09468e-06 -0.0179797 0.0891381 -5.45459e-06 -0.000152068 3.91074e-05 -5.45459e-06 0.00996238 -0.0181946 -8.09468e-06 -0.000152068 -0.0181946 0.0895229 
0.00972559 -0.0179471 6.1284e-05 2.99917e-06 -0.0179471 0.0889834 2.52396e-06 -0.000188379 6.1284e-05 2.52396e-06 0.00995494 -0.0181674 2.99917e-06 -0.000188379 -0.0181674 0.0894062 
0.00971223 -0.0178879 7.9251e-05 -1.16992e-05 -0.0178879 0.0886657 -1.48954e-05 -0.000190449 7.9251e-05 -1.48954e-05 0.00991903 -0.0181061 -1.16992e-05 -0.000190449 -0.0181061 0.0890876 
0.00973089 -0.0179168 7.38771e-05 -3.86814e-05 -0.0179168 0.0886984 -4.34309e-05 -0.000137055 7.38771e-05 -4.34309e-05 0.00991284 -0.0180926 -3.86814e-05 -0.000137055 -0.0180926 0.0890331 
0.00974525 -0.0179457 6.40418e-05 -3.72079e-05 -0.0179457 0.088769 -4.06943e-05 -0.000109579 6.40418e-05 -4.06943e-05 0.00990062 -0.0180861 -3.72079e-05 -0.000109579 -0.0180861 0.0889987 
0.00970755 -0.0179589 6.55731e-05 -2.86894e-05 -0.0179589 0.0888108 -2.83188e-05 -0.000117442 6.55731e-05 -2.83188e-05 0.00992778 -0.0180777 -2.86894e-05 -0.000117442 -0.0180777 0.0889794 
0.00968158 -0.017929 7.5941e-05 -2.77297e-05 -0.017929 0.0888359 -2.37049e-05 -0.00013407 7.5941e-05 -2.37049e-05 0.00995081 -0.018131 -2.77297e-05 -0.00013407 -0.018131 0.0891133 
0.00962832 -0.0178069 8.93948e-05 -3.53888e-05 -0.0178069 0.0883641 -2.91859e-05 -0.000134175 8.93948e-05 -2.91859e-05 0.00991667 -0.0180875 -3.53888e-05 -0.000134175 -0.0180875 0.0888533 
0.00967401 -0.0178231 8.01773e-05 -5.65102e-05 -0.0178231 0.0884544 -4.75388e-05 -0.000100174 8.01773e-05 -4.75388e-05 0.0099024 -0.0181269 -5.65102e-05 -0.000100174 -0.0181269 0.0890662 
0.0097321 -0.0179256 6.93413e-05 -5.07207e-05 -0.0179256 0.0888001 -3.91709e-05 -8.92134e-05 6.93413e-05 -3.91709e-05 0.00989626 -0.0181348 -5.07207e-05 -8.92134e-05 -0.0181348 0.0892788 
0.00973248 -0.0179417 6.15702e-05 -3.84547e-05 -0.0179417 0.0887922 -2.38062e-05 -0.000109053 6.15702e-05 -2.38062e-05 0.00986677 -0.0180545 -3.84547e-05 -0.000109053 -0.0180545 0.0890173 
0.00971394 -0.0179464 6.78151e-05 -2.61461e-05 -0.0179464 0.0887983 -9.60575e-06 -0.000144271 6.78151e-05 -9.60575e-06 0.00986679 -0.0180078 -2.61461e-05 -0.000144271 -0.0180078 0.0888123 
0.00968487 -0.0178588 5.88181e-05 -3.42599e-05 -0.0178588 0.0884407 -2.45988e-05 -0.000134263 5.88181e-05 -2.45988e-05 0.00982702 -0.0179466 -3.42599e-05 -0.000134263 -0.0179466 0.0884188 
0.00964983 -0.0178441 5.05646e-05 -1.99323e-05 -0.0178441 0.0883362 -1.59473e-05 -0.000143535 5.05646e-05 -1.59473e-05 0.00983571 -0.0179351 -1.99323e-05 -0.000143535 -0.0179351 0.0883387 
0.00963618 -0.0177795 4.25118e-05 -7.52838e-06 -0.0177795 0.0881164 -7.64229e-06 -0.000167552 4.25118e-05 -7.64229e-06 0.00980476 -0.0179258 -7.52838e-06 -0.000167552 -0.0179258 0.0882132 
0.00963915 -0.0177457 3.56756e-05 -1.78987e-06 -0.0177457 0.0879106 -2.9493e-06 -0.000179603 3.56756e-05 -2.9493e-06 0.00975749 -0.0178818 -1.78987e-06 -0.000179603 -0.0178818 0.0880564 
0.00966147 -0.0177435 3.21151e-05 1.09995e-05 -0.0177435 0.0877829 9.74297e-06 -0.000207816 3.21151e-05 9.74297e-06 0.00968982 -0.0178034 1.09995e-05 -0.000207816 -0.0178034 0.087802 
0.00965964 -0.0177784 4.59174e-05 8.92687e-06 -0.0177784 0.0877831 7.22756e-06 -0.000208794 4.59174e-05 7.22756e-06 0.00967146 -0.0177088 8.92687e-06 -0.000208794 -0.0177088 0.0875134 
0.00962436 -0.0178068 6.0543e-05 -8.22801e-06 -0.0178068 0.0879239 -8.67152e-06 -0.000181336 6.0543e-05 -8.67152e-06 0.00971238 -0.0177101 -8.22801e-06 -0.000181336 -0.0177101 0.0874714 
0.00962088 -0.0177691 5.97762e-05 -2.54135e-05 -0.0177691 0.0879388 -2.23015e-05 -0.000146564 5.97762e-05 -2.23015e-05 0.00972054 -0.0177722 -2.54135e-05 -0.000146564 -0.0177722 0.0875902 
0.00963722 -0.0177745 4.40394e-05 -2.70523e-05 -0.0177745 0.0880209 -2.56327e-05 -0.000122527 4.40394e-05 -2.56327e-05 0.0097258 -0.017834 -2.70523e-05 -0.000122527 -0.017834 0.0878852 
0.00964245 -0.0177867 3.26449e-05 -4.23862e-06 -0.0177867 0.0880573 -5.35219e-06 -0.000150727 3.26449e-05 -5.35219e-06 0.0097318 -0.0178299 -4.23862e-06 -0.000150727 -0.0178299 0.0879752 
0.00960634 -0.0177725 4.28982e-05 1.36407e-05 -0.0177725 0.0879988 5.18658e-06 -0.000189363 4.28982e-05 5.18658e-06 0.0097503 -0.0178194 1.36407e-05 -0.000189363 -0.0178194 0.0879373 
0.00957511 -0.0177143 3.97069e-05 7.37656e-06 -0.0177143 0.0878356 -1.05007e-05 -0.000189601 3.97069e-05 -1.05007e-05 0.00975583 -0.0178242 7.37656e-06 -0.000189601 -0.0178242 0.0878767 
0.00953465 -0.017652 4.76063e-05 6.79104e-06 -0.017652 0.0875971 -1.25109e-05 -0.00017498 4.76063e-05 -1.25109e-05 0.00977386 -0.0178219 6.79104e-06 -0.00017498 -0.0178219 0.0878074 
0.00955663 -0.0176481 4.86357e-05 -1.2068e-06 -0.0176481 0.0876546 -1.70046e-05 -0.000165785 4.86357e-05 -1.70046e-05 0.0097827 -0.0179002 -1.2068e-06 -0.000165785 -0.0179002 0.0880772 
0.00956129 -0.0176796 5.76111e-05 -4.31611e-06 -0.0176796 0.0877554 -1.48877e-05 -0.000161355 5.76111e-05 -1.48877e-05 0.00979455 -0.0179209 -4.31611e-06 -0.000161355 -0.0179209 0.0882605 
0.00957919 -0.0176562 5.76329e-05 -2.49904e-05 -0.0176562 0.0876642 -2.67841e-05 -0.000127959 5.76329e-05 -2.67841e-05 0.00977456 -0.0178957 -2.49904e-05 -0.000127959 -0.0178957 0.088172 
0.00962607 -0.0177078 4.90671e-05 -3.36952e-05 -0.0177078 0.0878105 -2.57363e-05 -0.000101843 4.90671e-05 -2.57363e-05 0.00976269 -0.0179057 -3.36952e-05 -0.000101843 -0.0179057 0.0882637 
0.00964669 -0.0177012 3.05758e-05 -2.41338e-05 -0.0177012 0.0876752 -1.53025e-05 -0.000106562 3.05758e-05 -1.53025e-05 0.00971346 -0.0178479 -2.41338e-05 -0.000106562 -0.0178479 0.0880431 
0.00966674 -0.0177673 2.73404e-05 -2.81269e-06 -0.0177673 0.0878434 4.95877e-06 -0.000140701 2.73404e-05 4.95877e-06 0.00970976 -0.0178219 -2.81269e-06 -0.000140701 -0.0178219 0.0880243 
0.00967108 -0.0178436 3.18597e-05 -1.0018e-06 -0.0178436 0.0882129 4.32392e-06 -0.000153898 3.18597e-05 4.32392e-06 0.00976327 -0.017874 -1.0018e-06 -0.000153898 -0.017874 0.0882814 
0.00961843 -0.0178109 4.80393e-05 -5.09485e-06 -0.0178109 0.0881805 -6.22295e-07 -0.00015069 4.80393e-05 -6.22295e-07 0.00981319 -0.0178906 -5.09485e-06 -0.00015069 -0.0178906 0.088275 
0.00960043 -0.017748 6.96835e-05 -2.37053e-05 -0.017748 0.0880546 -1.9036e-05 -0.000120192 6.96835e-05 -1.9036e-05 0.00983353 -0.0179404 -2.37053e-05 -0.000120192 -0.0179404 0.0883313 
0.00962125 -0.0177387 8.24978e-05 -4.97086e-05 -0.0177387 0.0880359 -4.79683e-05 -6.33028e-05 8.24978e-05 -4.79683e-05 0.0098396 -0.0179898 -4.97086e-05 -6.33028e-05 -0.0179898 0.0885064 
0.00958454 -0.0176647 9.36807e-05 -6.43852e-05 -0.0176647 0.0875814 -6.668e-05 -1.14087e-05 9.36807e-05 -6.668e-05 0.00978119 -0.0178933 -6.43852e-05 -1.14087e-05 -0.0178933 0.0880779 
0.00954244 -0.0175967 9.62998e-05 -7.7875e-05 -0.0175967 0.087167 -8.25863e-05 3.32373e-05 9.62998e-05 -8.25863e-05 0.00971767 -0.0177706 -7.7875e-05 3.32373e-05 -0.0177706 0.0875364 
0.0095719 -0.0175946 8.30668e-05 -7.73236e-05 -0.0175946 0.0871307 -8.24805e-05 4.41304e-05 8.30668e-05 -8.24805e-05 0.00966623 -0.0177377 -7.73236e-05 4.41304e-05 -0.0177377 0.0873875 
0.00958406 -0.0176412 5.99896e-05 -6.05487e-05 -0.0176412 0.0872054 -6.927e-05 2.41272e-05 5.99896e-05 -6.927e-05 0.00963748 -0.0176802 -6.05487e-05 2.41272e-05 -0.0176802 0.0872534 
0.00958936 -0.0177026 3.64005e-05 -2.70193e-05 -0.0177026 0.0874903 -3.8233e-05 -4.21414e-05 3.64005e-05 -3.8233e-05 0.00965854 -0.0176894 -2.70193e-05 -4.21414e-05 -0.0176894 0.0873551 
0.00962417 -0.0177476 1.72562e-05 2.6674e-06 -0.0177476 0.0878418 -7.65981e-06 -0.000119966 1.72562e-05 -7.65981e-06 0.00969808 -0.0177814 2.6674e-06 -0.000119966 -0.0177814 0.0877512 
0.00965853 -0.0177962 1.59369e-05 2.45689e-05 -0.0177962 0.0881152 1.94593e-05 -0.000190494 1.59369e-05 1.94593e-05 0.00973371 -0.0178596 2.45689e-05 -0.000190494 -0.0178596 0.0881458 
0.00966661 -0.0178849 3.85603e-05 2.09677e-05 -0.0178849 0.0885272 2.63905e-05 -0.000221893 3.85603e-05 2.63905e-05 0.00981364 -0.0179335 2.09677e-05 -0.000221893 -0.0179335 0.0885671 
0.00964523 -0.0178346 6.31342e-05 -1.11032e-05 -0.0178346 0.088444 5.1041e-06 -0.000189833 6.31342e-05 5.1041e-06 0.00984184 -0.0179718 -1.11032e-05 -0.000189833 -0.0179718 0.088619 
0.00966053 -0.0178192 7.8277e-05 -4.37945e-05 -0.0178192 0.0884295 -2.46368e-05 -0.000121731 7.8277e-05 -2.46368e-05 0.0098612 -0.0180289 -4.37945e-05 -0.000121731 -0.0180289 0.0888036 
0.00968227 -0.0178021 7.99073e-05 -6.24051e-05 -0.0178021 0.0882984 -4.66789e-05 -5.79242e-05 7.99073e-05 -4.66789e-05 0.00983822 -0.0180286 -6.24051e-05 -5.79242e-05 -0.0180286 0.0887897 
0.00969276 -0.0178411 7.55649e-05 -6.21477e-05 -0.0178411 0.0883276 -5.09123e-05 -3.14274e-05 7.55649e-05 -5.09123e-05 0.00983302 -0.017994 -6.21477e-05 -3.14274e-05 -0.017994 0.088717 
0.00973954 -0.0179169 5.28862e-05 -4.95474e-05 -0.0179169 0.0886558 -4.80958e-05 -4.07537e-05 5.28862e-05 -4.80958e-05 0.00983584 -0.0180336 -4.95474e-05 -4.07537e-05 -0.0180336 0.0889058 
0.00972238 -0.0179551 6.52079e-05 -1.02965e-05 -0.0179551 0.0887974 -1.80594e-05 -0.000109785 6.52079e-05 -1.80594e-05 0.00986099 -0.0180211 -1.02965e-05 -0.000109785 -0.0180211 0.0889173 
0.00967474 -0.0178898 7.51853e-05 -2.35715e-05 -0.0178898 0.0885832 -3.65051e-05 -0.000117008 7.51853e-05 -3.65051e-05 0.00985889 -0.0179835 -2.35715e-05 -0.000117008 -0.0179835 0.0886597 
0.00967023 -0.0178773 8.13455e-05 -4.08805e-05 -0.0178773 0.0886219 -5.66019e-05 -7.51531e-05 8.13455e-05 -5.66019e-05 0.00989218 -0.0180349 -4.08805e-05 -7.51531e-05 -0.0180349 0.0888033 
0.00968889 -0.0178653 6.12549e-05 -4.97282e-05 -0.0178653 0.0886034 -6.52929e-05 -4.2419e-05 6.12549e-05 -6.52929e-05 0.00988471 -0.0180728 -4.97282e-05 -4.2419e-05 -0.0180728 0.0889157 
0.00971757 -0.0179002 4.54476e-05 -2.55313e-05 -0.0179002 0.0887066 -3.35858e-05 -7.7346e-05 4.54476e-05 -3.35858e-05 0.00988859 -0.018088 -2.55313e-05 -7.7346e-05 -0.018088 0.0890557 
0.00971898 -0.0179307 3.49814e-05 -1.01823e-05 -0.0179307 0.0888019 -8.53327e-06 -0.000132065 3.49814e-05 -8.53327e-06 0.00990683 -0.0180976 -1.01823e-05 -0.000132065 -0.0180976 0.0891334 
0.0097201 -0.0179285 4.01381e-05 -5.05503e-07 -0.0179285 0.0888244 6.11279e-06 -0.000172335 4.01381e-05 6.11279e-06 0.009913 -0.0181141 -5.05503e-07 -0.000172335 -0.0181141 0.0891743 
0.00970137 -0.0178254 4.91436e-05 -1.2706e-06 -0.0178254 0.0883141 6.66256e-06 -0.000193678 4.91436e-05 6.66256e-06 0.00983468 -0.0180149 -1.2706e-06 -0.000193678 -0.0180149 0.0886861 
0.00969998 -0.0178274 6.3887e-05 -1.50854e-05 -0.0178274 0.0881604 -7.88368e-06 -0.000175665 6.3887e-05 -7.88368e-06 0.00979639 -0.0179407 -1.50854e-05 -0.000175665 -0.0179407 0.0884196 
0.00969916 -0.0178304 6.05241e-05 -3.46446e-05 -0.0178304 0.0881205 -2.55972e-05 -0.000136465 6.05241e-05 -2.55972e-05 0.00978209 -0.0179088 -3.46446e-05 -0.000136465 -0.0179088 0.0882773 
0.00973058 -0.0178916 4.48269e-05 -3.61436e-05 -0.0178916 0.0883771 -2.64946e-05 -0.000110772 4.48269e-05 -2.64946e-05 0.00979322 -0.0179353 -3.61436e-05 -0.000110772 -0.0179353 0.0884181 
0.00976135 -0.0179907 3.66353e-05 -9.53605e-06 -0.0179907 0.0888278 -2.17485e-06 -0.000150772 3.66353e-05 -2.17485e-06 0.00984115 -0.0179933 -9.53605e-06 -0.000150772 -0.0179933 0.0887393 
0.0097411 -0.0180049 3.44064e-05 5.64922e-06 -0.0180049 0.0889767 6.78166e-06 -0.000193652 3.44064e-05 6.78166e-06 0.00988302 -0.0180317 5.64922e-06 -0.000193652 -0.0180317 0.0888724 
0.00970062 -0.0179413 3.99343e-05 1.78201e-05 -0.0179413 0.0888359 1.31076e-05 -0.000232045 3.99343e-05 1.31076e-05 0.00990871 -0.0180649 1.78201e-05 -0.000232045 -0.0180649 0.0889107 
0.00972419 -0.0179395 5.73061e-05 8.45871e-06 -0.0179395 0.0889303 5.13942e-06 -0.000231284 5.73061e-05 5.13942e-06 0.00993161 -0.0181447 8.45871e-06 -0.000231284 -0.0181447 0.089221 
0.00979725 -0.0180116 5.84667e-05 -1.36902e-05 -0.0180116 0.0892283 -1.22161e-05 -0.000200797 5.84667e-05 -1.22161e-05 0.0099219 -0.0182038 -1.36902e-05 -0.000200797 -0.0182038 0.0895709 
0.00986229 -0.0181547 5.17411e-05 -2.2407e-05 -0.0181547 0.0897643 -1.71324e-05 -0.000169022 5.17411e-05 -1.71324e-05 0.00992664 -0.0182261 -2.2407e-05 -0.000169022 -0.0182261 0.0899008 
