0.00718504 0 9.96903e-05 0 0 0.0102414 0 0 9.96903e-05 0 0.00731184 0 0 0 0 0.0102414 
0.00989742 -0.0122857 0.000109763 -0.000130543 -0.0122857 0.032656 -0.000130543 0.000249767 0.000109763 -0.000130543 0.00998796 -0.0123977 -0.000130543 0.000249767 -0.0123977 0.0328709 
0.00972162 -0.0181599 9.62018e-05 -6.38347e-05 -0.0181599 0.0669388 -6.38347e-05 0.000171118 9.62018e-05 -6.38347e-05 0.00978252 -0.0181808 -6.38347e-05 0.000171118 -0.0181808 0.0669912 
0.00923834 -0.0179658 8.52289e-05 -6.56269e-06 -0.0179658 0.0807101 -6.74096e-06 -0.000235628 8.52289e-05 -6.74096e-06 0.00927313 -0.0178292 -6.56269e-06 -0.000235628 -0.0178292 0.0798116 
0.00948504 -0.0178744 0.000110079 -2.18922e-05 -0.0178744 0.0866086 -2.52091e-05 -0.000309738 0.000110079 -2.52091e-05 0.00948399 -0.017694 -2.18922e-05 -0.000309738 -0.017694 0.0850457 
0.00974759 -0.0180135 0.000136741 -5.8055e-05 -0.0180135 0.0888852 -7.17103e-05 -0.000185859 0.000136741 -7.17103e-05 0.00974751 -0.017879 -5.8055e-05 -0.000185859 -0.017879 0.0875023 
0.00951404 -0.0174703 0.000147612 -9.16499e-05 -0.0174703 0.0863605 -0.000105203 -2.77048e-05 0.000147612 -0.000105203 0.00950626 -0.0173792 -9.16499e-05 -2.77048e-05 -0.0173792 0.0853825 
0.0097727 -0.0178974 0.000130397 -0.000123635 -0.0178974 0.088431 -0.000127372 9.08472e-05 0.000130397 -0.000127372 0.00974267 -0.0178165 -0.000123635 9.08472e-05 -0.0178165 0.0876898 
0.00956328 -0.0175125 0.000123892 -0.00010279 -0.0175125 0.0864203 -9.90264e-05 0.000106224 0.000123892 -9.90264e-05 0.00952744 -0.0173904 -0.00010279 0.000106224 -0.0173904 0.0857205 
0.00988486 -0.0181252 0.000145234 -9.20545e-05 -0.0181252 0.0893589 -8.94296e-05 7.54629e-05 0.000145234 -8.94296e-05 0.00984866 -0.0179645 -9.20545e-05 7.54629e-05 -0.0179645 0.0885449 
0.00977278 -0.0179311 0.000142615 -0.000111036 -0.0179311 0.0883771 -0.00011239 9.63855e-05 0.000142615 -0.00011239 0.00974696 -0.0177509 -0.000111036 9.63855e-05 -0.0177509 0.087464 
0.00971886 -0.0178469 0.000153564 -0.000114117 -0.0178469 0.0879503 -0.000117823 0.000124908 0.000153564 -0.000117823 0.00970303 -0.0176699 -0.000114117 0.000124908 -0.0176699 0.0869818 
0.00965567 -0.017728 0.000153182 -0.000124278 -0.017728 0.0873814 -0.000129778 0.000148265 0.000153182 -0.000129778 0.00966595 -0.0175735 -0.000124278 0.000148265 -0.0175735 0.0864446 
0.00966069 -0.0177272 0.000131262 -0.000118396 -0.0177272 0.0873804 -0.000124186 0.000142697 0.000131262 -0.000124186 0.00966975 -0.017619 -0.000118396 0.000142697 -0.017619 0.0865456 
0.00964175 -0.0177013 0.00013682 -8.8698e-05 -0.0177013 0.0872201 -9.10609e-05 8.37192e-05 0.00013682 -9.10609e-05 0.00966464 -0.0175951 -8.8698e-05 8.37192e-05 -0.0175951 0.0864439 
0.00970191 -0.0178204 0.000147689 -9.41503e-05 -0.0178204 0.087808 -9.1858e-05 5.05711e-05 0.000147689 -9.1858e-05 0.00970323 -0.0177334 -9.41503e-05 5.05711e-05 -0.0177334 0.0870804 
0.00971575 -0.0178205 0.000155563 -0.000110477 -0.0178205 0.0878229 -0.000103585 6.73911e-05 0.000155563 -0.000103585 0.00966081 -0.0177063 -0.000110477 6.73911e-05 -0.0177063 0.0870795 
0.00970926 -0.0178219 0.0001297 -0.000122049 -0.0178219 0.0877669 -0.000117127 0.000100015 0.0001297 -0.000117127 0.00962366 -0.0176219 -0.000122049 0.000100015 -0.0176219 0.086857 
0.00966863 -0.0177182 0.00010589 -9.26718e-05 -0.0177182 0.0872542 -9.06681e-05 7.6199e-05 0.00010589 -9.06681e-05 0.00953875 -0.0174682 -9.26718e-05 7.6199e-05 -0.0174682 0.0861716 
0.00964727 -0.0176991 9.06954e-05 -6.37521e-05 -0.0176991 0.0871044 -6.4668e-05 1.92544e-05 9.06954e-05 -6.4668e-05 0.00954204 -0.0174091 -6.37521e-05 1.92544e-05 -0.0174091 0.0859128 
0.00967664 -0.0177875 9.06997e-05 -5.56122e-05 -0.0177875 0.0875561 -5.31054e-05 -1.03112e-05 9.06997e-05 -5.31054e-05 0.00962673 -0.0175253 -5.56122e-05 -1.03112e-05 -0.0175253 0.0863568 
0.00965882 -0.0177833 0.000103519 -6.3326e-05 -0.0177833 0.0876314 -5.58193e-05 -3.92302e-06 0.000103519 -5.58193e-05 0.00968078 -0.017606 -6.3326e-05 -3.92302e-06 -0.017606 0.0865928 
0.0096405 -0.0177578 9.63099e-05 -8.14794e-05 -0.0177578 0.0876401 -7.02011e-05 3.12991e-05 9.63099e-05 -7.02011e-05 0.00972271 -0.0176944 -8.14794e-05 3.12991e-05 -0.0176944 0.0868883 
0.0096306 -0.0176971 7.5695e-05 -7.5931e-05 -0.0176971 0.0874385 -6.49371e-05 4.45311e-05 7.5695e-05 -6.49371e-05 0.00971503 -0.0177218 -7.5931e-05 4.45311e-05 -0.0177218 0.0869662 
0.00960987 -0.0176616 7.81315e-05 -4.62183e-05 -0.0176616 0.0872343 -3.5135e-05 -6.83897e-06 7.81315e-05 -3.5135e-05 0.00970959 -0.0177027 -4.62183e-05 -6.83897e-06 -0.0177027 0.0869159 
0.00961692 -0.0176646 8.87801e-05 -4.91156e-05 -0.0176646 0.0872424 -4.04377e-05 -2.48604e-05 8.87801e-05 -4.04377e-05 0.00971079 -0.0177154 -4.91156e-05 -2.48604e-05 -0.0177154 0.0869753 
0.00966524 -0.0177466 7.73022e-05 -6.29103e-05 -0.0177466 0.0876248 -5.71723e-05 1.55661e-06 7.73022e-05 -5.71723e-05 0.00974166 -0.0177919 -6.29103e-05 1.55661e-06 -0.0177919 0.0873708 
0.00966485 -0.0177211 6.42712e-05 -5.13904e-05 -0.0177211 0.0874649 -4.62469e-05 2.94032e-06 6.42712e-05 -4.62469e-05 0.00970764 -0.0177332 -5.13904e-05 2.94032e-06 -0.0177332 0.0871455 
0.00968039 -0.0177239 5.74677e-05 -3.82778e-05 -0.0177239 0.0873872 -3.29568e-05 -1.67484e-05 5.74677e-05 -3.29568e-05 0.00966222 -0.0176763 -3.82778e-05 -1.67484e-05 -0.0176763 0.08692 
0.00966051 -0.0177392 4.57617e-05 -3.20548e-05 -0.0177392 0.0873493 -2.78202e-05 -3.02687e-05 4.57617e-05 -2.78202e-05 0.00965084 -0.0176058 -3.20548e-05 -3.02687e-05 -0.0176058 0.0866672 
0.00962036 -0.0176984 5.77596e-05 -2.34413e-05 -0.0176984 0.0871858 -1.91252e-05 -4.06936e-05 5.77596e-05 -1.91252e-05 0.00963626 -0.0175528 -2.34413e-05 -4.06936e-05 -0.0175528 0.0863586 
0.00961491 -0.0176838 6.85037e-05 -3.62355e-05 -0.0176838 0.0872037 -3.00745e-05 -2.96595e-05 6.85037e-05 -3.00745e-05 0.00963022 -0.0175766 -3.62355e-05 -2.96595e-05 -0.0175766 0.0863963 
0.00965879 -0.0177695 4.96546e-05 -5.38796e-05 -0.0177695 0.0876637 -4.35111e-05 6.00938e-06 4.96546e-05 -4.35111e-05 0.00968112 -0.0176745 -5.38796e-05 6.00938e-06 -0.0176745 0.086911 
0.00970124 -0.0178562 5.51898e-05 -3.6262e-05 -0.0178562 0.0881454 -2.57539e-05 2.65192e-06 5.51898e-05 -2.57539e-05 0.0097619 -0.0177876 -3.6262e-05 2.65192e-06 -0.0177876 0.0874752 
0.00969828 -0.0178318 5.34058e-05 -4.19202e-05 -0.0178318 0.088077 -3.58487e-05 9.19116e-06 5.34058e-05 -3.58487e-05 0.00977705 -0.0178068 -4.19202e-05 9.19116e-06 -0.0178068 0.087507 
0.00966406 -0.0177655 8.29887e-05 -4.29637e-05 -0.0177655 0.0877557 -3.97956e-05 2.65332e-05 8.29887e-05 -3.97956e-05 0.00977574 -0.0177797 -4.29637e-05 2.65332e-05 -0.0177797 0.0873151 
0.00967779 -0.0177659 8.45851e-05 -7.62072e-05 -0.0177659 0.0877628 -7.5898e-05 8.67716e-05 8.45851e-05 -7.5898e-05 0.00977374 -0.0178249 -7.62072e-05 8.67716e-05 -0.0178249 0.087449 
0.00970898 -0.0177917 8.27628e-05 -8.11901e-05 -0.0177917 0.0878384 -8.09062e-05 0.000129386 8.27628e-05 -8.09062e-05 0.0097645 -0.0178355 -8.11901e-05 0.000129386 -0.0178355 0.0875613 
0.0097139 -0.0178118 8.23422e-05 -7.61864e-05 -0.0178118 0.087839 -7.35307e-05 0.000127645 8.23422e-05 -7.35307e-05 0.00975009 -0.017798 -7.61864e-05 0.000127645 -0.017798 0.0874655 
0.0097179 -0.0178596 0.000102031 -7.10479e-05 -0.0178596 0.0880295 -6.8028e-05 0.000108537 0.000102031 -6.8028e-05 0.00975873 -0.0177961 -7.10479e-05 0.000108537 -0.0177961 0.0874945 
0.00966306 -0.0177481 9.75014e-05 -8.91236e-05 -0.0177481 0.0875532 -8.48226e-05 0.000119082 9.75014e-05 -8.48226e-05 0.00969572 -0.0176953 -8.91236e-05 0.000119082 -0.0176953 0.0869754 
0.00963986 -0.0176991 0.000104408 -8.26006e-05 -0.0176991 0.0873119 -7.94549e-05 0.000117503 0.000104408 -7.94549e-05 0.00966051 -0.0176329 -8.26006e-05 0.000117503 -0.0176329 0.0867021 
0.00965793 -0.0176927 0.000104628 -8.38047e-05 -0.0176927 0.0872638 -8.67649e-05 0.000111458 0.000104628 -8.67649e-05 0.00962432 -0.0176127 -8.38047e-05 0.000111458 -0.0176127 0.0866204 
0.00968835 -0.0177012 8.90329e-05 -8.17027e-05 -0.0177012 0.08722 -9.13475e-05 0.000113084 8.90329e-05 -9.13475e-05 0.00956919 -0.0175657 -8.17027e-05 0.000113084 -0.0175657 0.0864925 
0.00965838 -0.0176832 6.10348e-05 -6.80836e-05 -0.0176832 0.0869879 -7.60532e-05 9.69963e-05 6.10348e-05 -7.60532e-05 0.00953182 -0.0174455 -6.80836e-05 9.69963e-05 -0.0174455 0.0860663 
0.0096163 -0.0176596 3.3602e-05 -3.58147e-05 -0.0176596 0.0868703 -4.35123e-05 3.88715e-05 3.3602e-05 -4.35123e-05 0.00952327 -0.0173953 -3.58147e-05 3.88715e-05 -0.0173953 0.0857917 
0.0100084 -0.0184304 4.58774e-05 -5.26829e-07 -0.0184304 0.0907693 -1.10282e-05 -4.27642e-05 4.58774e-05 -1.10282e-05 0.00998788 -0.0181935 -5.26829e-07 -4.27642e-05 -0.0181935 0.0896429 
0.00955034 -0.0175836 2.87997e-05 -1.1196e-05 -0.0175836 0.0867506 -2.23602e-05 -5.84381e-05 2.87997e-05 -2.23602e-05 0.00956576 -0.0174528 -1.1196e-05 -5.84381e-05 -0.0174528 0.0858448 
0.00994962 -0.0183261 1.14169e-05 2.61874e-06 -0.0183261 0.0904902 -6.12165e-06 -7.87219e-05 1.14169e-05 -6.12165e-06 0.0100105 -0.0182511 2.61874e-06 -7.87219e-05 -0.0182511 0.0897506 
0.00992717 -0.0182593 2.7679e-05 2.46238e-05 -0.0182593 0.0902176 2.43988e-05 -0.000134305 2.7679e-05 2.43988e-05 0.00997522 -0.018237 2.46238e-05 -0.000134305 -0.018237 0.0896383 
0.00990552 -0.0182231 7.2185e-05 1.00976e-05 -0.0182231 0.0900008 1.4101e-05 -0.000150754 7.2185e-05 1.4101e-05 0.00994046 -0.0181773 1.00976e-05 -0.000150754 -0.0181773 0.0894457 
0.00985535 -0.0181697 0.000122524 -4.99007e-05 -0.0181697 0.0897388 -5.07366e-05 -4.34499e-05 0.000122524 -5.07366e-05 0.00993635 -0.0181129 -4.99007e-05 -4.34499e-05 -0.0181129 0.0891727 
0.00985836 -0.0181593 0.00013474 -0.000113363 -0.0181593 0.0897983 -0.000113703 0.000108538 0.00013474 -0.000113703 0.0099638 -0.0181777 -0.000113363 0.000108538 -0.0181777 0.0893642 
0.00987111 -0.0181708 0.000122878 -0.00013012 -0.0181708 0.0898612 -0.000124756 0.000190603 0.000122878 -0.000124756 0.00997981 -0.0182192 -0.00013012 0.000190603 -0.0182192 0.0895485 
0.0098781 -0.0182031 0.000120433 -0.000122154 -0.0182031 0.0899949 -0.000112774 0.000206004 0.000120433 -0.000112774 0.0100142 -0.018252 -0.000122154 0.000206004 -0.018252 0.089728 
0.00989024 -0.0181915 0.000131712 -0.000114877 -0.0181915 0.0899883 -0.000106337 0.000191245 0.000131712 -0.000106337 0.0100067 -0.0182823 -0.000114877 0.000191245 -0.0182823 0.0898053 
0.00989889 -0.018176 0.000137188 -0.000116944 -0.018176 0.0898449 -0.000120383 0.000190182 0.000137188 -0.000120383 0.00997175 -0.018235 -0.000116944 0.000190182 -0.018235 0.0896469 
0.00987339 -0.0181447 0.00014202 -0.000115469 -0.0181447 0.0895865 -0.000132148 0.000199439 0.00014202 -0.000132148 0.00992363 -0.0181422 -0.000115469 0.000199439 -0.0181422 0.0892657 
0.00988843 -0.0182261 0.000123056 -0.000120326 -0.0182261 0.0899674 -0.000141692 0.000214691 0.000123056 -0.000141692 0.00997572 -0.0181931 -0.000120326 0.000214691 -0.0181931 0.0895363 
0.00987626 -0.0181886 9.96271e-05 -9.90399e-05 -0.0181886 0.0898868 -0.000118078 0.000186807 9.96271e-05 -0.000118078 0.00998924 -0.0181986 -9.90399e-05 0.000186807 -0.0181986 0.0894765 
0.00989948 -0.0182039 7.52648e-05 -6.5817e-05 -0.0182039 0.0899627 -7.83913e-05 0.000103025 7.52648e-05 -7.83913e-05 0.00998601 -0.0182403 -6.5817e-05 0.000103025 -0.0182403 0.0896101 
0.00996319 -0.0182785 7.32611e-05 -3.44491e-05 -0.0182785 0.0902748 -4.38526e-05 9.63225e-06 7.32611e-05 -4.38526e-05 0.00999835 -0.0182901 -3.44491e-05 9.63225e-06 -0.0182901 0.0899188 
0.00960015 -0.0176184 8.62266e-05 -2.5802e-05 -0.0176184 0.0869002 -3.16017e-05 -5.06483e-05 8.62266e-05 -3.16017e-05 0.00959006 -0.0175686 -2.5802e-05 -5.06483e-05 -0.0175686 0.086455 
0.00961345 -0.0176626 9.82225e-05 -5.04196e-05 -0.0176626 0.0870766 -5.2787e-05 -3.04129e-05 9.82225e-05 -5.2787e-05 0.00959261 -0.0175515 -5.04196e-05 -3.04129e-05 -0.0175515 0.0864743 
0.0096532 -0.0177342 7.70008e-05 -6.28905e-05 -0.0177342 0.0874545 -6.32512e-05 -3.07168e-06 7.70008e-05 -6.32512e-05 0.00961759 -0.0176042 -6.28905e-05 -3.07168e-06 -0.0176042 0.0867455 
0.00963527 -0.0177644 9.28757e-05 -3.85115e-05 -0.0177644 0.0875953 -4.04772e-05 -2.63908e-05 9.28757e-05 -4.04772e-05 0.00966169 -0.017602 -3.85115e-05 -2.63908e-05 -0.017602 0.0867808 
0.00960855 -0.0177185 0.000121656 -5.4707e-05 -0.0177185 0.0875297 -5.88831e-05 -2.10003e-05 0.000121656 -5.88831e-05 0.00970815 -0.0176481 -5.4707e-05 -2.10003e-05 -0.0176481 0.0868298 
0.00960092 -0.0176758 0.000147814 -9.0959e-05 -0.0176758 0.0874081 -9.11775e-05 3.96708e-05 0.000147814 -9.11775e-05 0.00971734 -0.0177046 -9.0959e-05 3.96708e-05 -0.0177046 0.0869389 
0.0096082 -0.0177054 0.000130887 -0.000122965 -0.0177054 0.0875339 -0.000121913 0.000115796 0.000130887 -0.000121913 0.0097339 -0.0177545 -0.000122965 0.000115796 -0.0177545 0.0871977 
0.00954311 -0.0175793 0.000130005 -0.000102503 -0.0175793 0.0869334 -0.000101415 0.000117319 0.000130005 -0.000101415 0.00967523 -0.0176265 -0.000102503 0.000117319 -0.0176265 0.0866215 
0.00951333 -0.0174939 0.000148212 -0.000102084 -0.0174939 0.0865317 -9.96683e-05 0.000105922 0.000148212 -9.96683e-05 0.00963422 -0.0175684 -0.000102084 0.000105922 -0.0175684 0.0862895 
0.00953029 -0.0175278 0.000166901 -0.000120908 -0.0175278 0.0866437 -0.000124176 0.000134528 0.000166901 -0.000124176 0.00963048 -0.0175953 -0.000120908 0.000134528 -0.0175953 0.0864314 
0.00954581 -0.0175604 0.000162542 -0.000151386 -0.0175604 0.0867737 -0.000156477 0.000210925 0.000162542 -0.000156477 0.00962273 -0.0175906 -0.000151386 0.000210925 -0.0175906 0.0864984 
0.0095544 -0.0175759 0.000138972 -0.000146747 -0.0175759 0.0868356 -0.000143846 0.000227977 0.000138972 -0.000143846 0.00961429 -0.0175701 -0.000146747 0.000227977 -0.0175701 0.0864667 
0.00955342 -0.0175349 0.000105285 -0.000121531 -0.0175349 0.0866279 -0.000115871 0.000191374 0.000105285 -0.000115871 0.00957977 -0.0175079 -0.000121531 0.000191374 -0.0175079 0.0861853 
0.00957942 -0.0175817 8.42076e-05 -8.19462e-05 -0.0175817 0.0867776 -7.84679e-05 0.000114415 8.42076e-05 -7.84679e-05 0.00959746 -0.0175257 -8.19462e-05 0.000114415 -0.0175257 0.086277 
0.00957227 -0.0175959 9.9295e-05 -5.54483e-05 -0.0175959 0.0867974 -5.22454e-05 3.72489e-05 9.9295e-05 -5.22454e-05 0.00961196 -0.0175212 -5.54483e-05 3.72489e-05 -0.0175212 0.0862316 
0.00958477 -0.0176333 9.50608e-05 -7.57919e-05 -0.0176333 0.0870206 -7.01656e-05 3.99338e-05 9.50608e-05 -7.01656e-05 0.00962184 -0.0175875 -7.57919e-05 3.99338e-05 -0.0175875 0.0864743 
0.00955811 -0.0175721 8.37336e-05 -7.36892e-05 -0.0175721 0.0867537 -6.86797e-05 5.42841e-05 8.37336e-05 -6.86797e-05 0.00957431 -0.0175133 -7.36892e-05 5.42841e-05 -0.0175133 0.086192 
0.00955926 -0.0175629 8.09441e-05 -5.82613e-05 -0.0175629 0.086693 -5.5034e-05 3.42703e-05 8.09441e-05 -5.5034e-05 0.00955799 -0.0174759 -5.82613e-05 3.42703e-05 -0.0174759 0.0860729 
0.00954941 -0.0175904 0.000106032 -4.9405e-05 -0.0175904 0.0867873 -5.17942e-05 8.67585e-06 0.000106032 -5.17942e-05 0.00958542 -0.0174713 -4.9405e-05 8.67585e-06 -0.0174713 0.0860758 
0.00994591 -0.0183231 0.000153326 -7.70527e-05 -0.0183231 0.0904969 -8.07385e-05 3.24905e-05 0.000153326 -8.07385e-05 0.0100182 -0.0182502 -7.70527e-05 3.24905e-05 -0.0182502 0.0897983 
0.00952605 -0.017556 0.000137667 -0.000127259 -0.017556 0.0867755 -0.000127739 0.000127412 0.000137667 -0.000127739 0.00961019 -0.0175511 -0.000127259 0.000127412 -0.0175511 0.0862683 
0.00949332 -0.0174953 0.000110551 -0.000127759 -0.0174953 0.0865307 -0.000123905 0.000183662 0.000110551 -0.000123905 0.00959029 -0.0175175 -0.000127759 0.000183662 -0.0175175 0.0861525 
0.00991677 -0.0182451 9.6442e-05 -0.000101416 -0.0182451 0.090301 -9.50227e-05 0.000156186 9.6442e-05 -9.50227e-05 0.0100063 -0.0183073 -0.000101416 0.000156186 -0.0183073 0.0900432 
0.00990752 -0.018236 0.0001116 -7.26661e-05 -0.018236 0.0902129 -6.86494e-05 8.63851e-05 0.0001116 -6.86494e-05 0.00999208 -0.0182778 -7.26661e-05 8.63851e-05 -0.0182778 0.0899786 
0.00986719 -0.0181613 0.000136253 -8.65056e-05 -0.0181613 0.0898367 -8.52042e-05 7.88567e-05 0.000136253 -8.52042e-05 0.00994969 -0.0181862 -8.65056e-05 7.88567e-05 -0.0181862 0.0895653 
0.00982105 -0.0180824 0.000145296 -0.000115793 -0.0180824 0.0894307 -0.000116898 0.000130423 0.000145296 -0.000116898 0.00990282 -0.0180943 -0.000115793 0.000130423 -0.0180943 0.0891125 
0.00974713 -0.0179649 0.000131457 -0.000119784 -0.0179649 0.0888466 -0.000123983 0.000157663 0.000131457 -0.000123983 0.00985366 -0.0179739 -0.000119784 0.000157663 -0.0179739 0.0885044 
0.00976577 -0.0179606 0.000143606 -0.000106098 -0.0179606 0.0888578 -0.000114834 0.000151998 0.000143606 -0.000114834 0.0098517 -0.018002 -0.000106098 0.000151998 -0.018002 0.0885599 
0.00977925 -0.0180129 0.0001456 -0.000119105 -0.0180129 0.0890271 -0.000129688 0.000163424 0.0001456 -0.000129688 0.00986842 -0.0180241 -0.000119105 0.000163424 -0.0180241 0.0887031 
0.00977502 -0.0179928 0.000132296 -0.000119372 -0.0179928 0.0889406 -0.000127144 0.00016512 0.000132296 -0.000127144 0.00983701 -0.0179992 -0.000119372 0.00016512 -0.0179992 0.0885775 
0.00974838 -0.0179215 0.000103622 -0.000107768 -0.0179215 0.0885576 -0.000114249 0.000152031 0.000103622 -0.000114249 0.00976742 -0.0178935 -0.000107768 0.000152031 -0.0178935 0.0881311 
0.00974685 -0.0179341 7.82573e-05 -7.33926e-05 -0.0179341 0.0885556 -7.82748e-05 9.03237e-05 7.82573e-05 -7.82748e-05 0.00973279 -0.0178514 -7.33926e-05 9.03237e-05 -0.0178514 0.0880099 
0.00971176 -0.0179081 4.97391e-05 -5.13934e-05 -0.0179081 0.0884463 -5.06473e-05 3.14223e-05 4.97391e-05 -5.06473e-05 0.0097273 -0.0177991 -5.13934e-05 3.14223e-05 -0.0177991 0.0878272 
0.00969924 -0.0178454 3.24753e-05 -2.03511e-05 -0.0178454 0.0882474 -1.48951e-05 -4.10882e-05 3.24753e-05 -1.48951e-05 0.00969993 -0.0177853 -2.03511e-05 -4.10882e-05 -0.0177853 0.0876923 
0.00975478 -0.0179226 4.28223e-05 -3.19954e-06 -0.0179226 0.0885864 5.33028e-06 -9.64131e-05 4.28223e-05 5.33028e-06 0.00970179 -0.0178454 -3.19954e-06 -9.64131e-05 -0.0178454 0.0880505 
0.00975863 -0.0179394 4.78196e-05 -1.7014e-05 -0.0179394 0.0885987 -7.76686e-06 -9.42033e-05 4.78196e-05 -7.76686e-06 0.0096867 -0.0177943 -1.7014e-05 -9.42033e-05 -0.0177943 0.0879589 
0.00973303 -0.0179697 6.33779e-05 -2.47888e-05 -0.0179697 0.0887422 -1.52816e-05 -7.19157e-05 6.33779e-05 -1.52816e-05 0.00972819 -0.0177952 -2.47888e-05 -7.19157e-05 -0.0177952 0.0879933 
0.00974018 -0.0179941 8.20059e-05 -4.27248e-05 -0.0179941 0.0890281 -3.33806e-05 -3.70454e-05 8.20059e-05 -3.33806e-05 0.00976172 -0.0178917 -4.27248e-05 -3.70454e-05 -0.0178917 0.0883328 
0.00971074 -0.0179315 0.000103382 -6.36611e-05 -0.0179315 0.0888177 -6.07032e-05 2.09194e-05 0.000103382 -6.07032e-05 0.00974511 -0.0178645 -6.36611e-05 2.09194e-05 -0.0178645 0.088231 
0.00968586 -0.0179054 0.000142436 -8.85712e-05 -0.0179054 0.0887417 -9.2637e-05 9.0779e-05 0.000142436 -9.2637e-05 0.00977356 -0.0178673 -8.85712e-05 9.0779e-05 -0.0178673 0.0882589 
0.00962208 -0.0177619 0.000149524 -0.000135066 -0.0177619 0.0881199 -0.000142361 0.000195192 0.000149524 -0.000142361 0.00975386 -0.0177973 -0.000135066 0.000195192 -0.0177973 0.0878024 
0.00960454 -0.0176906 0.000116235 -0.000151944 -0.0176906 0.0877657 -0.000156161 0.000274134 0.000116235 -0.000156161 0.00974073 -0.0177959 -0.000151944 0.000274134 -0.0177959 0.0876526 
0.0096519 -0.0177574 9.58989e-05 -0.000106797 -0.0177574 0.0879956 -0.00010576 0.000215521 9.58989e-05 -0.00010576 0.00975509 -0.0178627 -0.000106797 0.000215521 -0.0178627 0.0879622 
0.0096461 -0.0177542 7.26979e-05 -7.28022e-05 -0.0177542 0.0878928 -7.2561e-05 0.000117154 7.26979e-05 -7.2561e-05 0.00974816 -0.0178282 -7.28022e-05 0.000117154 -0.0178282 0.0878462 
0.0096594 -0.0177687 4.40672e-05 -3.90048e-05 -0.0177687 0.0879137 -3.78494e-05 1.60374e-05 4.40672e-05 -3.78494e-05 0.00973362 -0.0178193 -3.90048e-05 1.60374e-05 -0.0178193 0.087785 
0.00971713 -0.0179043 6.33596e-05 -4.90408e-06 -0.0179043 0.0885113 -1.09511e-06 -8.11527e-05 6.33596e-05 -1.09511e-06 0.00978024 -0.0179055 -4.90408e-06 -8.11527e-05 -0.0179055 0.0882544 
0.00975226 -0.0179723 9.69598e-05 -2.64918e-05 -0.0179723 0.0888843 -2.37517e-05 -9.03826e-05 9.69598e-05 -2.37517e-05 0.00981841 -0.0179687 -2.64918e-05 -9.03826e-05 -0.0179687 0.0885746 
0.00971521 -0.0179224 0.000119717 -6.56379e-05 -0.0179224 0.0886621 -6.97861e-05 -1.26454e-05 0.000119717 -6.97861e-05 0.00981121 -0.0179243 -6.56379e-05 -1.26454e-05 -0.0179243 0.0883465 
0.00971413 -0.0179222 0.000126602 -8.6169e-05 -0.0179222 0.0887171 -0.000102097 6.14166e-05 0.000126602 -0.000102097 0.00982956 -0.0179645 -8.6169e-05 6.14166e-05 -0.0179645 0.0884697 
0.00976273 -0.0179827 0.000130445 -9.21993e-05 -0.0179827 0.0890557 -0.000113366 0.000101821 0.000130445 -0.000113366 0.00986229 -0.0180589 -9.21993e-05 0.000101821 -0.0180589 0.0889054 
0.00981665 -0.0180582 0.000107718 -9.42506e-05 -0.0180582 0.0893803 -0.000114964 0.00011281 0.000107718 -0.000114964 0.00986449 -0.018108 -9.42506e-05 0.00011281 -0.018108 0.0892213 
0.00982154 -0.0180785 0.000104317 -7.43877e-05 -0.0180785 0.0894014 -9.08406e-05 8.83349e-05 0.000104317 -9.08406e-05 0.00986778 -0.0180549 -7.43877e-05 8.83349e-05 -0.0180549 0.0891031 
0.00983106 -0.0181067 0.000111436 -6.89685e-05 -0.0181067 0.0895315 -7.69383e-05 5.06292e-05 0.000111436 -7.69383e-05 0.00990297 -0.0180766 -6.89685e-05 5.06292e-05 -0.0180766 0.0891473 
0.00981763 -0.0181317 0.000105956 -7.95346e-05 -0.0181317 0.0896741 -8.11782e-05 4.71858e-05 0.000105956 -8.11782e-05 0.00994784 -0.0181341 -7.95346e-05 4.71858e-05 -0.0181341 0.0893122 
0.00982908 -0.0181618 0.000119422 -7.48941e-05 -0.0181618 0.0899219 -7.33168e-05 3.90453e-05 0.000119422 -7.33168e-05 0.00997954 -0.0182204 -7.48941e-05 3.90453e-05 -0.0182204 0.0896422 
0.00981523 -0.018133 0.000146938 -9.06848e-05 -0.018133 0.0898579 -8.63223e-05 5.3846e-05 0.000146938 -8.63223e-05 0.00998416 -0.0182305 -9.06848e-05 5.3846e-05 -0.0182305 0.0896997 
0.00982622 -0.0181613 0.000155396 -0.000125127 -0.0181613 0.0900368 -0.000118048 0.000112487 0.000155396 -0.000118048 0.0100095 -0.0182842 -0.000125127 0.000112487 -0.0182842 0.0899666 
0.00980347 -0.0181332 0.000127433 -0.000134641 -0.0181332 0.0899505 -0.00013179 0.000159698 0.000127433 -0.00013179 0.0100208 -0.0182781 -0.000134641 0.000159698 -0.0182781 0.0899553 
0.00978633 -0.0180243 0.000111379 -9.37301e-05 -0.0180243 0.0894826 -9.47981e-05 0.000109478 0.000111379 -9.47981e-05 0.00995741 -0.0182147 -9.37301e-05 0.000109478 -0.0182147 0.089591 
0.00979776 -0.0180241 0.000127113 -7.50275e-05 -0.0180241 0.0893583 -7.01646e-05 4.32716e-05 0.000127113 -7.01646e-05 0.00993484 -0.0181758 -7.50275e-05 4.32716e-05 -0.0181758 0.08948 
0.00978777 -0.0180094 0.000138834 -0.000101215 -0.0180094 0.089179 -8.96404e-05 5.64489e-05 0.000138834 -8.96404e-05 0.00991929 -0.0181129 -0.000101215 5.64489e-05 -0.0181129 0.0892104 
0.00984307 -0.0180599 0.000118289 -0.000117752 -0.0180599 0.089365 -0.000104279 9.71801e-05 0.000118289 -0.000104279 0.00990663 -0.0181379 -0.000117752 9.71801e-05 -0.0181379 0.0892905 
0.00992175 -0.0182044 9.18866e-05 -9.29784e-05 -0.0182044 0.0899306 -8.32156e-05 8.22903e-05 9.18866e-05 -8.32156e-05 0.00993732 -0.0182078 -9.29784e-05 8.22903e-05 -0.0182078 0.0897096 
0.00994245 -0.0182479 7.00568e-05 -5.61641e-05 -0.0182479 0.090053 -5.27598e-05 1.59809e-05 7.00568e-05 -5.27598e-05 0.00994692 -0.0181769 -5.61641e-05 1.59809e-05 -0.0181769 0.089626 
0.0099868 -0.0183421 9.95198e-05 -2.64e-05 -0.0183421 0.090461 -2.55054e-05 -5.96963e-05 9.95198e-05 -2.55054e-05 0.00996501 -0.0182369 -2.64e-05 -5.96963e-05 -0.0182369 0.0898651 
0.00996251 -0.0183123 0.000137046 -6.52737e-05 -0.0183123 0.0903194 -6.21389e-05 -2.84177e-05 0.000137046 -6.21389e-05 0.00995756 -0.0181887 -6.52737e-05 -2.84177e-05 -0.0181887 0.0896507 
0.00992483 -0.018263 0.000146503 -0.000113339 -0.018263 0.0900982 -0.000112444 7.7005e-05 0.000146503 -0.000112444 0.00995059 -0.0181507 -0.000113339 7.7005e-05 -0.0181507 0.0894045 
0.00991362 -0.0182667 0.000144677 -0.000126701 -0.0182667 0.0901672 -0.00012619 0.000147855 0.000144677 -0.00012619 0.00999078 -0.0181954 -0.000126701 0.000147855 -0.0181954 0.0895321 
0.00990399 -0.0182382 0.000154914 -0.000118724 -0.0182382 0.0901174 -0.000117926 0.000150496 0.000154914 -0.000117926 0.0100096 -0.0182442 -0.000118724 0.000150496 -0.0182442 0.0896466 
0.00993434 -0.0182544 0.000155817 -0.000128813 -0.0182544 0.0902149 -0.00013066 0.000163129 0.000155817 -0.00013066 0.0100013 -0.0182983 -0.000128813 0.000163129 -0.0182983 0.0898816 
0.00995354 -0.0183059 0.000132345 -0.000129379 -0.0183059 0.0903741 -0.000131412 0.000169906 0.000132345 -0.000131412 0.00999602 -0.0182877 -0.000129379 0.000169906 -0.0182877 0.0899795 
0.00995662 -0.0183363 0.00011184 -0.000111171 -0.0183363 0.0905093 -0.000106223 0.000146964 0.00011184 -0.000106223 0.00998312 -0.0182678 -0.000111171 0.000146964 -0.0182678 0.0899631 
0.00996563 -0.0183032 0.00010804 -8.65234e-05 -0.0183032 0.0904032 -7.10735e-05 8.01675e-05 0.00010804 -7.10735e-05 0.00993996 -0.0182233 -8.65234e-05 8.01675e-05 -0.0182233 0.0897875 
0.010007 -0.0183557 0.000102816 -7.69669e-05 -0.0183557 0.0905729 -6.14481e-05 2.897e-05 0.000102816 -6.14481e-05 0.00992467 -0.0182099 -7.69669e-05 2.897e-05 -0.0182099 0.0898352 
0.0099893 -0.0183358 9.23329e-05 -6.83623e-05 -0.0183358 0.0903867 -6.31804e-05 1.10476e-05 9.23329e-05 -6.31804e-05 0.0099071 -0.0181188 -6.83623e-05 1.10476e-05 -0.0181188 0.0894787 
0.00994469 -0.0182903 7.40619e-05 -5.04196e-05 -0.0182903 0.0901374 -5.49646e-05 -1.53088e-05 7.40619e-05 -5.49646e-05 0.00989392 -0.0180582 -5.04196e-05 -1.53088e-05 -0.0180582 0.0891085 
0.00990062 -0.0182818 8.1561e-05 -3.14763e-05 -0.0182818 0.09016 -4.0976e-05 -4.51072e-05 8.1561e-05 -4.0976e-05 0.00994163 -0.0180927 -3.14763e-05 -4.51072e-05 -0.0180927 0.0891641 
0.00986402 -0.0181897 0.000104076 -4.23412e-05 -0.0181897 0.0899137 -4.81968e-05 -4.38208e-05 0.000104076 -4.81968e-05 0.00995064 -0.0181367 -4.23412e-05 -4.38208e-05 -0.0181367 0.0891832 
0.00986699 -0.0181685 0.000103514 -7.18755e-05 -0.0181685 0.0898723 -7.29773e-05 3.03008e-06 0.000103514 -7.29773e-05 0.00995445 -0.0181981 -7.18755e-05 3.03008e-06 -0.0181981 0.0894307 
0.00985966 -0.0181474 8.47489e-05 -7.59651e-05 -0.0181474 0.0897357 -7.42892e-05 3.52612e-05 8.47489e-05 -7.42892e-05 0.00992349 -0.0181683 -7.59651e-05 3.52612e-05 -0.0181683 0.0893818 
0.00987261 -0.018217 7.13725e-05 -5.85551e-05 -0.018217 0.0900618 -5.28394e-05 1.73791e-05 7.13725e-05 -5.28394e-05 0.00996527 -0.0182113 -5.85551e-05 1.73791e-05 -0.0182113 0.08969 
0.00987398 -0.0182264 9.08516e-05 -4.24448e-05 -0.0182264 0.0902134 -3.13284e-05 -2.6005e-05 9.08516e-05 -3.13284e-05 0.00998648 -0.0182553 -4.24448e-05 -2.6005e-05 -0.0182553 0.0898791 
0.00986768 -0.0181797 0.000112741 -7.10187e-05 -0.0181797 0.0900689 -5.46247e-05 9.39657e-07 0.000112741 -5.46247e-05 0.00998897 -0.0182529 -7.10187e-05 9.39657e-07 -0.0182529 0.0898591 
0.00986353 -0.0181275 0.000114237 -0.000103096 -0.0181275 0.0897657 -8.67874e-05 7.79915e-05 0.000114237 -8.67874e-05 0.00995948 -0.0182004 -0.000103096 7.79915e-05 -0.0182004 0.0895955 
0.00987069 -0.0181152 0.000105563 -0.000104436 -0.0181152 0.0895804 -9.56337e-05 0.000123929 0.000105563 -9.56337e-05 0.0099054 -0.0181464 -0.000104436 0.000123929 -0.0181464 0.0893427 
0.00985744 -0.0180917 0.000120062 -9.0896e-05 -0.0180917 0.0893416 -9.38131e-05 0.000130133 0.000120062 -9.38131e-05 0.0098564 -0.0180435 -9.0896e-05 0.000130133 -0.0180435 0.0889385 
0.00985068 -0.0181256 0.000125593 -9.65459e-05 -0.0181256 0.0894254 -0.000108214 0.000135245 0.000125593 -0.000108214 0.00986063 -0.0180133 -9.65459e-05 0.000135245 -0.0180133 0.0888194 
0.00979975 -0.0180788 0.000114882 -9.84963e-05 -0.0180788 0.0892248 -0.000109736 0.000139021 0.000114882 -0.000109736 0.00986836 -0.0179576 -9.84963e-05 0.000139021 -0.0179576 0.0884958 
