0.00801068 0 0.00029238 0 0 0.01 0 0 0.00029238 0 0.00653718 0 0 0 0 0.01 
0.0111393 -0.0138151 0.000350134 -0.000429767 -0.0138151 0.0356638 -0.000429767 0.000824125 0.000350134 -0.000429767 0.00938232 -0.01167 -0.000429767 0.000824125 -0.01167 0.0315502 
0.0110679 -0.0203951 0.000348931 -0.000564038 -0.0203951 0.074303 -0.000564038 0.00177929 0.000348931 -0.000564038 0.00953225 -0.0181638 -0.000564038 0.00177929 -0.0181638 0.0673181 
0.0105309 -0.0197854 0.000350348 -0.000421748 -0.0197854 0.0874062 -0.000422679 0.0014231 0.000350348 -0.000422679 0.00894082 -0.0181479 -0.000421748 0.0014231 -0.0181479 0.0824552 
0.0105865 -0.0191551 0.000398654 -0.000407248 -0.0191551 0.0900779 -0.000411394 0.00107908 0.000398654 -0.000411394 0.00885546 -0.0174141 -0.000407248 0.00107908 -0.0174141 0.0861874 
0.0108443 -0.0191991 0.000444882 -0.000485837 -0.0191991 0.0912024 -0.000487371 0.00112242 0.000444882 -0.000487371 0.00892778 -0.0171843 -0.000485837 0.00112242 -0.0171843 0.0868682 
0.0109613 -0.0194234 0.000430538 -0.000514359 -0.0194234 0.0920687 -0.000512213 0.00119236 0.000430538 -0.000512213 0.00904294 -0.0171733 -0.000514359 0.00119236 -0.0171733 0.0870226 
0.0109358 -0.0194902 0.000388317 -0.000508277 -0.0194902 0.092486 -0.000504708 0.00123187 0.000388317 -0.000504708 0.00913942 -0.01724 -0.000508277 0.00123187 -0.01724 0.0870995 
0.0108704 -0.0194389 0.000331206 -0.000436745 -0.0194389 0.0925209 -0.000433503 0.00110982 0.000331206 -0.000433503 0.00923942 -0.0173328 -0.000436745 0.00110982 -0.0173328 0.0872474 
0.0107758 -0.0193339 0.000273701 -0.000359436 -0.0193339 0.0922999 -0.00035529 0.000920787 0.000273701 -0.00035529 0.0093616 -0.0174682 -0.000359436 0.000920787 -0.0174682 0.0875303 
0.0106962 -0.0191993 0.00026301 -0.000316753 -0.0191993 0.0919579 -0.000312029 0.000803667 0.00026301 -0.000312029 0.0094321 -0.0176335 -0.000316753 0.000803667 -0.0176335 0.0879202 
0.0106978 -0.0191201 0.000280884 -0.000301508 -0.0191201 0.0917152 -0.000296131 0.000731664 0.000280884 -0.000296131 0.00942056 -0.0177134 -0.000301508 0.000731664 -0.0177134 0.0882024 
0.0107555 -0.0191404 0.000284108 -0.000327806 -0.0191404 0.0916838 -0.000322556 0.000753003 0.000284108 -0.000322556 0.00938081 -0.0176918 -0.000327806 0.000753003 -0.0176918 0.0882644 
0.0107684 -0.0192072 0.000303932 -0.000359005 -0.0192072 0.0917917 -0.000358343 0.000857764 0.000303932 -0.000358343 0.00938479 -0.0176532 -0.000359005 0.000857764 -0.0176532 0.0882199 
0.0107868 -0.0192515 0.000304068 -0.000375474 -0.0192515 0.0919578 -0.000372706 0.000911184 0.000304068 -0.000372706 0.0093777 -0.0176451 -0.000375474 0.000911184 -0.0176451 0.0881676 
0.0107892 -0.019247 0.000306306 -0.000378268 -0.019247 0.0919748 -0.000373526 0.000934279 0.000306306 -0.000373526 0.00934511 -0.0176526 -0.000378268 0.000934279 -0.0176526 0.0881828 
0.010771 -0.0192672 0.000283155 -0.000347088 -0.0192672 0.0920339 -0.000344757 0.000857976 0.000283155 -0.000344757 0.00935699 -0.0176147 -0.000347088 0.000857976 -0.0176147 0.0881462 
0.0107501 -0.0192246 0.000263031 -0.000323647 -0.0192246 0.0919668 -0.000325599 0.000796534 0.000263031 -0.000325599 0.00935798 -0.0176412 -0.000323647 0.000796534 -0.0176412 0.0881793 
0.0107519 -0.0192058 0.000260941 -0.000310347 -0.0192058 0.0919116 -0.000316471 0.000769024 0.000260941 -0.000316471 0.00933983 -0.0176291 -0.000310347 0.000769024 -0.0176291 0.0881658 
0.0107191 -0.0192082 0.000270992 -0.000327454 -0.0192082 0.0919003 -0.000334572 0.00080696 0.000270992 -0.000334572 0.00937263 -0.0176096 -0.000327454 0.00080696 -0.0176096 0.0881309 
0.0106808 -0.0191696 0.000258305 -0.000312853 -0.0191696 0.0918377 -0.000317079 0.000770365 0.000258305 -0.000317079 0.00940543 -0.0176463 -0.000312853 0.000770365 -0.0176463 0.0881674 
0.0106705 -0.0191398 0.000249596 -0.000293234 -0.0191398 0.0917801 -0.000294171 0.000715295 0.000249596 -0.000294171 0.00940484 -0.017664 -0.000293234 0.000715295 -0.017664 0.0881932 
0.010659 -0.0191218 0.000253048 -0.000282373 -0.0191218 0.0917193 -0.000281476 0.000678141 0.000253048 -0.000281476 0.00941295 -0.0176657 -0.000282373 0.000678141 -0.0176657 0.0882105 
0.0106319 -0.0190967 0.000266364 -0.000311314 -0.0190967 0.0916478 -0.000310837 0.00073667 0.000266364 -0.000310837 0.00943219 -0.0176845 -0.000311314 0.00073667 -0.0176845 0.0882496 
0.010608 -0.0190566 0.000264681 -0.000341681 -0.0190566 0.0915527 -0.000339965 0.000825343 0.000264681 -0.000339965 0.00947164 -0.0177227 -0.000341681 0.000825343 -0.0177227 0.0883462 
0.0106088 -0.0190259 0.000262583 -0.00034236 -0.0190259 0.0914621 -0.000340322 0.000863171 0.000262583 -0.000340322 0.00946367 -0.0177664 -0.00034236 0.000863171 -0.0177664 0.0884459 
0.0105823 -0.0190279 0.000241763 -0.000296337 -0.0190279 0.0914256 -0.00029812 0.000759643 0.000241763 -0.00029812 0.00945844 -0.0177498 -0.000296337 0.000759643 -0.0177498 0.0884556 
0.0105652 -0.0189778 0.000250559 -0.000275305 -0.0189778 0.0913158 -0.000280067 0.000690341 0.000250559 -0.000280067 0.00943653 -0.0177542 -0.000275305 0.000690341 -0.0177542 0.0884716 
0.0105547 -0.0189459 0.000272222 -0.000302847 -0.0189459 0.0911986 -0.000306361 0.000722761 0.000272222 -0.000306361 0.00939021 -0.0177104 -0.000302847 0.000722761 -0.0177104 0.088385 
0.0105526 -0.018945 0.000276468 -0.000316507 -0.018945 0.0911713 -0.000316961 0.000743296 0.000276468 -0.000316961 0.00936516 -0.0176348 -0.000316507 0.000743296 -0.0176348 0.0882026 
0.0105108 -0.0189621 0.000257025 -0.000330325 -0.0189621 0.0912184 -0.000325063 0.000781332 0.000257025 -0.000325063 0.00939989 -0.0175846 -0.000330325 0.000781332 -0.0175846 0.0880236 
0.0105114 -0.0189161 0.000254372 -0.000338421 -0.0189161 0.0911805 -0.000331473 0.000843039 0.000254372 -0.000331473 0.00940665 -0.0176251 -0.000338421 0.000843039 -0.0176251 0.088015 
0.0105217 -0.0189132 0.000234023 -0.000323472 -0.0189132 0.0911428 -0.000320259 0.000830415 0.000234023 -0.000320259 0.00940212 -0.0176301 -0.000323472 0.000830415 -0.0176301 0.0880286 
0.0105055 -0.0189165 0.00022587 -0.000301574 -0.0189165 0.0911309 -0.000302152 0.000797863 0.00022587 -0.000302152 0.00942127 -0.0176383 -0.000301574 0.000797863 -0.0176383 0.0880598 
0.0105071 -0.0189135 0.000220507 -0.00025837 -0.0189135 0.0911483 -0.000262134 0.000681973 0.000220507 -0.000262134 0.00942896 -0.0176571 -0.00025837 0.000681973 -0.0176571 0.0880981 
0.0104919 -0.0189392 0.000214257 -0.000242124 -0.0189392 0.0912208 -0.000243897 0.000593961 0.000214257 -0.000243897 0.00943003 -0.017638 -0.000242124 0.000593961 -0.017638 0.0880513 
0.0104643 -0.0188935 0.000203106 -0.00024365 -0.0188935 0.0911484 -0.000242353 0.000575267 0.000203106 -0.000242353 0.00944353 -0.0176666 -0.00024365 0.000575267 -0.0176666 0.0881095 
0.010454 -0.0188415 0.000213125 -0.000242511 -0.0188415 0.0910036 -0.000240169 0.000581768 0.000213125 -0.000240169 0.00941753 -0.0176881 -0.000242511 0.000581768 -0.0176881 0.0881737 
0.0104388 -0.0188303 0.000213689 -0.000252872 -0.0188303 0.0909285 -0.000252429 0.000597419 0.000213689 -0.000252429 0.00939578 -0.0176368 -0.000252872 0.000597419 -0.0176368 0.0880922 
0.0104267 -0.0188211 0.000206685 -0.000252287 -0.0188211 0.0909063 -0.000251093 0.000605274 0.000206685 -0.000251093 0.00939876 -0.0176073 -0.000252287 0.000605274 -0.0176073 0.0880042 
0.0104383 -0.0187941 0.000201359 -0.000232892 -0.0187941 0.0908371 -0.000230216 0.000565917 0.000201359 -0.000230216 0.00937986 -0.0176108 -0.000232892 0.000565917 -0.0176108 0.0879728 
0.0104762 -0.0188158 0.000191366 -0.000224595 -0.0188158 0.0908545 -0.000220534 0.000531542 0.000191366 -0.000220534 0.00936374 -0.017589 -0.000224595 0.000531542 -0.017589 0.0879355 
0.0104956 -0.0188563 0.000181637 -0.000233333 -0.0188563 0.0909278 -0.000230307 0.000557337 0.000181637 -0.000230307 0.00937545 -0.0175892 -0.000233333 0.000557337 -0.0175892 0.0879444 
0.0104849 -0.0188872 0.000183185 -0.000236552 -0.0188872 0.0910217 -0.000237082 0.000594705 0.000183185 -0.000237082 0.0093901 -0.0176007 -0.000236552 0.000594705 -0.0176007 0.0879603 
0.0104796 -0.0188983 0.00020316 -0.000227066 -0.0188983 0.0911128 -0.00023094 0.000581737 0.00020316 -0.00023094 0.00941686 -0.0176066 -0.000227066 0.000581737 -0.0176066 0.0879665 
0.0104351 -0.0189123 0.000225637 -0.000269352 -0.0189123 0.0911926 -0.000270658 0.000658483 0.000225637 -0.000270658 0.00947726 -0.0176192 -0.000269352 0.000658483 -0.0176192 0.0879633 
0.0104271 -0.0188785 0.000198326 -0.000250932 -0.0188785 0.0911966 -0.00024678 0.000607504 0.000198326 -0.00024678 0.00951282 -0.0176886 -0.000250932 0.000607504 -0.0176886 0.0880695 
0.0104412 -0.0188402 0.000189315 -0.000236626 -0.0188402 0.0910881 -0.000233143 0.00058325 0.000189315 -0.000233143 0.00948554 -0.017755 -0.000236626 0.00058325 -0.017755 0.0882511 
0.0104672 -0.0188529 0.000174316 -0.00022779 -0.0188529 0.0910603 -0.000227536 0.000568482 0.000174316 -0.000227536 0.00946649 -0.0177375 -0.00022779 0.000568482 -0.0177375 0.0883244 
0.01047 -0.0188704 0.000168195 -0.000223113 -0.0188704 0.0910597 -0.000229258 0.000578526 0.000168195 -0.000229258 0.00944515 -0.0177014 -0.000223113 0.000578526 -0.0177014 0.0882571 
0.0104496 -0.0188422 0.000163042 -0.00021281 -0.0188422 0.0909742 -0.000217701 0.000562966 0.000163042 -0.000217701 0.00944536 -0.0176985 -0.00021281 0.000562966 -0.0176985 0.088252 
0.0104319 -0.0188257 0.000188538 -0.000221636 -0.0188257 0.0909256 -0.000222847 0.0005831 0.000188538 -0.000222847 0.00947023 -0.0176991 -0.000221636 0.0005831 -0.0176991 0.0882555 
0.0104562 -0.0188346 0.000210486 -0.000244794 -0.0188346 0.0909583 -0.000246346 0.000616822 0.000210486 -0.000246346 0.00944472 -0.017698 -0.000244794 0.000616822 -0.017698 0.088214 
0.0104514 -0.0188496 0.000217865 -0.000264253 -0.0188496 0.0909758 -0.000267359 0.000658382 0.000217865 -0.000267359 0.00945286 -0.017686 -0.000264253 0.000658382 -0.017686 0.0882077 
0.010435 -0.018826 0.000229965 -0.000259832 -0.018826 0.09092 -0.000262163 0.000654255 0.000229965 -0.000262163 0.00943333 -0.0176902 -0.000259832 0.000654255 -0.0176902 0.0881948 
0.0104268 -0.0187742 0.000257048 -0.000294917 -0.0187742 0.090777 -0.000293028 0.000718475 0.000257048 -0.000293028 0.00944093 -0.0177115 -0.000294917 0.000718475 -0.0177115 0.0882902 
0.0104102 -0.0187822 0.000253317 -0.000317641 -0.0187822 0.0907513 -0.00031491 0.00077127 0.000253317 -0.00031491 0.00946878 -0.0176958 -0.000317641 0.00077127 -0.0176958 0.08827 
0.0103914 -0.0187735 0.000230904 -0.000321817 -0.0187735 0.0907482 -0.000320525 0.000813495 0.000230904 -0.000320525 0.00951901 -0.0177236 -0.000321817 0.000813495 -0.0177236 0.0882942 
0.010418 -0.01877 0.000216646 -0.000283536 -0.01877 0.0907573 -0.000283315 0.000755993 0.000216646 -0.000283315 0.00950259 -0.0177594 -0.000283536 0.000755993 -0.0177594 0.0883327 
0.010426 -0.0187787 0.000228708 -0.000290221 -0.0187787 0.0907455 -0.000285265 0.000752142 0.000228708 -0.000285265 0.00947198 -0.0177645 -0.000290221 0.000752142 -0.0177645 0.0883908 
0.0104552 -0.0188318 0.000218807 -0.000276989 -0.0188318 0.0908942 -0.000263319 0.00069154 0.000218807 -0.000263319 0.00944778 -0.0177126 -0.000276989 0.00069154 -0.0177126 0.0883171 
0.0105033 -0.0188672 0.000222358 -0.000278774 -0.0188672 0.0910169 -0.000261099 0.000680493 0.000222358 -0.000261099 0.0094146 -0.0176853 -0.000278774 0.000680493 -0.0176853 0.088237 
0.0105259 -0.0189117 0.000211068 -0.000270509 -0.0189117 0.091112 -0.000261775 0.000661472 0.000211068 -0.000261775 0.00939477 -0.0176509 -0.000270509 0.000661472 -0.0176509 0.0881576 
0.0105551 -0.0189517 0.000202353 -0.000276885 -0.0189517 0.0912343 -0.000281892 0.000701254 0.000202353 -0.000281892 0.00937567 -0.0176144 -0.000276885 0.000701254 -0.0176144 0.0880517 
0.0105466 -0.0189795 0.000193497 -0.000253178 -0.0189795 0.0913092 -0.000268922 0.000679874 0.000193497 -0.000268922 0.00937348 -0.0175914 -0.000253178 0.000679874 -0.0175914 0.0879723 
0.0105096 -0.0189704 0.000200261 -0.000248076 -0.0189704 0.091325 -0.00026476 0.000665406 0.000200261 -0.00026476 0.00939917 -0.0175827 -0.000248076 0.000665406 -0.0175827 0.087918 
0.0104631 -0.0189401 0.000171547 -0.00022358 -0.0189401 0.0912969 -0.000235512 0.000581068 0.000171547 -0.000235512 0.00945026 -0.0176042 -0.00022358 0.000581068 -0.0176042 0.0879244 
0.0104389 -0.0188541 0.000161475 -0.000214908 -0.0188541 0.0911021 -0.000222432 0.000558853 0.000161475 -0.000222432 0.00945582 -0.0176738 -0.000214908 0.000558853 -0.0176738 0.0880428 
0.0104709 -0.0188206 0.000165552 -0.000182016 -0.0188206 0.0909591 -0.000187059 0.000475692 0.000165552 -0.000187059 0.00943332 -0.0176966 -0.000182016 0.000475692 -0.0176966 0.0881636 
0.010506 -0.01886 0.000172182 -0.000185136 -0.01886 0.0909716 -0.000186322 0.000441312 0.000172182 -0.000186322 0.00942835 -0.0176826 -0.000185136 0.000441312 -0.0176826 0.0882036 
0.0105138 -0.0189002 0.00018341 -0.000223586 -0.0189002 0.0910469 -0.000219888 0.000513716 0.00018341 -0.000219888 0.00942776 -0.0176673 -0.000223586 0.000513716 -0.0176673 0.0881661 
0.0104954 -0.0189162 0.000192068 -0.000246473 -0.0189162 0.0911138 -0.000240575 0.00058937 0.000192068 -0.000240575 0.00945265 -0.017662 -0.000246473 0.00058937 -0.017662 0.088139 
0.0104663 -0.0188919 0.000206968 -0.000279103 -0.0188919 0.0911009 -0.000269254 0.000688755 0.000206968 -0.000269254 0.00949515 -0.0177064 -0.000279103 0.000688755 -0.0177064 0.0882182 
0.0104304 -0.0188482 0.000206371 -0.000260046 -0.0188482 0.0910063 -0.000249162 0.000656536 0.000206371 -0.000249162 0.00953146 -0.0177732 -0.000260046 0.000656536 -0.0177732 0.0883807 
0.0104069 -0.018817 0.000209741 -0.000265194 -0.018817 0.0909331 -0.000257227 0.000658052 0.000209741 -0.000257227 0.00953223 -0.0178043 -0.000265194 0.000658052 -0.0178043 0.0884827 
0.0104235 -0.0187872 0.000212705 -0.000264398 -0.0187872 0.0908593 -0.000260389 0.000657288 0.000212705 -0.000260389 0.00949421 -0.0178092 -0.000264398 0.000657288 -0.0178092 0.0885359 
0.0104362 -0.0188185 0.000203664 -0.000238808 -0.0188185 0.0908944 -0.000238579 0.000595074 0.000203664 -0.000238579 0.00949457 -0.0177571 -0.000238808 0.000595074 -0.0177571 0.0884693 
0.0104727 -0.0188229 0.000207198 -0.00024528 -0.0188229 0.0909092 -0.000244426 0.000598052 0.000207198 -0.000244426 0.00947982 -0.0177602 -0.00024528 0.000598052 -0.0177602 0.0884346 
0.0104967 -0.018855 0.000223969 -0.000246626 -0.018855 0.0909423 -0.000246415 0.000602736 0.000223969 -0.000246415 0.00945905 -0.0177491 -0.000246626 0.000602736 -0.0177491 0.0884156 
0.0105221 -0.0188666 0.000226802 -0.000271487 -0.0188666 0.0909555 -0.000268305 0.00064137 0.000226802 -0.000268305 0.00941854 -0.017733 -0.000271487 0.00064137 -0.017733 0.0883888 
0.0105313 -0.0189158 0.000230591 -0.000294264 -0.0189158 0.0910659 -0.000288237 0.000715913 0.000230591 -0.000288237 0.00943681 -0.0176873 -0.000294264 0.000715913 -0.0176873 0.08832 
0.0105509 -0.018938 0.000231072 -0.000317289 -0.018938 0.091164 -0.00031177 0.000801855 0.000231072 -0.00031177 0.00945997 -0.0177109 -0.000317289 0.000801855 -0.0177109 0.088326 
0.0105442 -0.0189639 0.000224566 -0.00030768 -0.0189639 0.091235 -0.000308237 0.000814293 0.000224566 -0.000308237 0.00946425 -0.0177287 -0.00030768 0.000814293 -0.0177287 0.0883468 
0.0105761 -0.0189875 0.000206238 -0.000259876 -0.0189875 0.0913438 -0.000264088 0.000703791 0.000206238 -0.000264088 0.00944374 -0.0177086 -0.000259876 0.000703791 -0.0177086 0.0882969 
0.0106238 -0.0190199 0.000214963 -0.000233199 -0.0190199 0.0914257 -0.000235712 0.000606379 0.000214963 -0.000235712 0.0094023 -0.0176919 -0.000233199 0.000606379 -0.0176919 0.0882569 
0.0106463 -0.0190814 0.000201213 -0.000254347 -0.0190814 0.0915611 -0.000255313 0.000610431 0.000201213 -0.000255313 0.00939423 -0.0176362 -0.000254347 0.000610431 -0.0176362 0.0881424 
0.0106192 -0.0190892 0.000189919 -0.000272774 -0.0190892 0.0916064 -0.00027645 0.00068722 0.000189919 -0.00027645 0.00941468 -0.0176325 -0.000272774 0.00068722 -0.0176325 0.0880873 
0.0105798 -0.0190624 0.000156564 -0.000230444 -0.0190624 0.091585 -0.00023226 0.000618023 0.000156564 -0.00023226 0.0094502 -0.0176604 -0.000230444 0.000618023 -0.0176604 0.0881223 
0.0105436 -0.0190039 0.000141014 -0.000196921 -0.0190039 0.091461 -0.000193803 0.000530603 0.000141014 -0.000193803 0.00947649 -0.0177088 -0.000196921 0.000530603 -0.0177088 0.0882234 
0.0105335 -0.0189476 0.000161137 -0.000223721 -0.0189476 0.0913067 -0.000214517 0.000580858 0.000161137 -0.000214517 0.00948995 -0.0177541 -0.000223721 0.000580858 -0.0177541 0.0883571 
0.0105369 -0.0189424 0.000163905 -0.000224283 -0.0189424 0.0912452 -0.000211809 0.000573747 0.000163905 -0.000211809 0.00950016 -0.0177624 -0.000224283 0.000573747 -0.0177624 0.0884117 
0.0105399 -0.0189583 0.000154711 -0.000218275 -0.0189583 0.0912709 -0.000205824 0.000552683 0.000154711 -0.000205824 0.009526 -0.0177818 -0.000218275 0.000552683 -0.0177818 0.0884701 
0.0105377 -0.0189501 0.000169639 -0.000238672 -0.0189501 0.0912574 -0.000230639 0.000614482 0.000169639 -0.000230639 0.00952749 -0.0178191 -0.000238672 0.000614482 -0.0178191 0.0885533 
0.0105271 -0.0189508 0.000167972 -0.0002476 -0.0189508 0.091259 -0.000248531 0.000652049 0.000167972 -0.000248531 0.00953444 -0.0178277 -0.0002476 0.000652049 -0.0178277 0.0886146 
0.0105399 -0.0189579 0.000148501 -0.000224959 -0.0189579 0.0912974 -0.000232697 0.000618507 0.000148501 -0.000232697 0.00951671 -0.017813 -0.000224959 0.000618507 -0.017813 0.0885817 
0.0105801 -0.0189838 0.0001422 -0.000170048 -0.0189838 0.0913641 -0.000181675 0.000488701 0.0001422 -0.000181675 0.00948927 -0.0177887 -0.000170048 0.000488701 -0.0177887 0.0885291 
0.0106023 -0.0190085 0.000146028 -0.000162084 -0.0190085 0.0913941 -0.000172443 0.000420029 0.000146028 -0.000172443 0.00947701 -0.0177646 -0.000162084 0.000420029 -0.0177646 0.0884736 
0.0105836 -0.0190176 0.000171995 -0.000197396 -0.0190176 0.0913999 -0.000206039 0.000486785 0.000171995 -0.000206039 0.00949893 -0.0177579 -0.000197396 0.000486785 -0.0177579 0.0884454 
0.0105975 -0.0190069 0.000192197 -0.00021818 -0.0190069 0.0913991 -0.000222444 0.000531207 0.000192197 -0.000222444 0.00948138 -0.0177721 -0.00021818 0.000531207 -0.0177721 0.0884419 
0.0105882 -0.0189977 0.000193629 -0.000275067 -0.0189977 0.0913394 -0.000271118 0.000660508 0.000193629 -0.000271118 0.00944685 -0.0177624 -0.000275067 0.000660508 -0.0177624 0.0884435 
0.0105608 -0.0189939 0.000171925 -0.000276867 -0.0189939 0.0913263 -0.000268558 0.000714505 0.000171925 -0.000268558 0.00946297 -0.0177204 -0.000276867 0.000714505 -0.0177204 0.0883816 
0.0105829 -0.0189891 0.000162827 -0.000250846 -0.0189891 0.0913505 -0.00024429 0.000689363 0.000162827 -0.00024429 0.00943937 -0.0177049 -0.000250846 0.000689363 -0.0177049 0.0882805 
0.0105639 -0.0190129 0.000151478 -0.000219192 -0.0190129 0.0913859 -0.000211993 0.0005991 0.000151478 -0.000211993 0.00944741 -0.0176716 -0.000219192 0.0005991 -0.0176716 0.0881861 
0.0105539 -0.0189953 0.000174655 -0.000253397 -0.0189953 0.0913964 -0.00024603 0.000670067 0.000174655 -0.00024603 0.00945881 -0.0176855 -0.000253397 0.000670067 -0.0176855 0.088173 
0.0105248 -0.0189518 0.000189319 -0.000279288 -0.0189518 0.0912815 -0.000279069 0.000747894 0.000189319 -0.000279069 0.00945811 -0.0177148 -0.000279288 0.000747894 -0.0177148 0.0882352 
0.0105354 -0.0189205 0.000182514 -0.000261802 -0.0189205 0.091192 -0.00027143 0.000725213 0.000182514 -0.00027143 0.00941616 -0.0177181 -0.000261802 0.000725213 -0.0177181 0.088279 
0.0104785 -0.0189306 0.000154997 -0.000216297 -0.0189306 0.0911645 -0.000233121 0.000612599 0.000154997 -0.000233121 0.00942913 -0.0176618 -0.000216297 0.000612599 -0.0176618 0.0882018 
0.0104342 -0.0188564 0.000129967 -0.000160733 -0.0188564 0.0910415 -0.000177034 0.000455193 0.000129967 -0.000177034 0.00944191 -0.0176759 -0.000160733 0.000455193 -0.0176759 0.0881829 
0.0104117 -0.0188013 0.000121076 -0.000152696 -0.0188013 0.0908954 -0.000160053 0.000394937 0.000121076 -0.000160053 0.00945847 -0.0176909 -0.000152696 0.000394937 -0.0176909 0.0882119 
0.0103975 -0.0187737 0.000143843 -0.000173274 -0.0187737 0.0907967 -0.000169536 0.000433405 0.000143843 -0.000169536 0.00950269 -0.0177167 -0.000173274 0.000433405 -0.0177167 0.0882754 
0.0104108 -0.0187637 0.000155304 -0.000189282 -0.0187637 0.0907527 -0.000176997 0.00044989 0.000155304 -0.000176997 0.00950493 -0.0177605 -0.000189282 0.00044989 -0.0177605 0.0883503 
0.0104156 -0.0188029 0.000172041 -0.000240298 -0.0188029 0.0908382 -0.000224858 0.000577001 0.000172041 -0.000224858 0.00954483 -0.0177576 -0.000240298 0.000577001 -0.0177576 0.0883773 
0.0103789 -0.0188258 0.000170091 -0.000247646 -0.0188258 0.0909367 -0.000237233 0.000635478 0.000170091 -0.000237233 0.00960872 -0.0177981 -0.000247646 0.000635478 -0.0177981 0.0884309 
0.0103586 -0.0187753 0.000155008 -0.000231597 -0.0187753 0.0908888 -0.000227876 0.000620224 0.000155008 -0.000227876 0.00962818 -0.0178876 -0.000231597 0.000620224 -0.0178876 0.0886102 
0.0104012 -0.0187438 0.000133677 -0.000192223 -0.0187438 0.0907992 -0.000194032 0.000531745 0.000133677 -0.000194032 0.00956433 -0.0179194 -0.000192223 0.000531745 -0.0179194 0.088752 
0.0104712 -0.0187919 0.000140246 -0.000186817 -0.0187919 0.0908386 -0.000193139 0.000513538 0.000140246 -0.000193139 0.00949377 -0.0178481 -0.000186817 0.000513538 -0.0178481 0.0887039 
0.0105177 -0.0188696 0.000145179 -0.000181786 -0.0188696 0.0909746 -0.000188921 0.000489468 0.000145179 -0.000188921 0.00944902 -0.0177594 -0.000181786 0.000489468 -0.0177594 0.0885213 
0.0105316 -0.018927 0.000173367 -0.000217666 -0.018927 0.0911279 -0.000221679 0.000565704 0.000173367 -0.000221679 0.00945976 -0.0177057 -0.000217666 0.000565704 -0.0177057 0.0883578 
0.010532 -0.0189287 0.000200222 -0.000243815 -0.0189287 0.0911634 -0.000243699 0.000623442 0.000200222 -0.000243699 0.00945914 -0.0177167 -0.000243815 0.000623442 -0.0177167 0.0883018 
0.0105536 -0.0189545 0.00021423 -0.000267227 -0.0189545 0.0912441 -0.000264131 0.000671994 0.00021423 -0.000264131 0.00947184 -0.017714 -0.000267227 0.000671994 -0.017714 0.0882943 
0.0105806 -0.0189652 0.000209458 -0.000274395 -0.0189652 0.0912685 -0.000273768 0.000694921 0.000209458 -0.000273768 0.009468 -0.0177463 -0.000274395 0.000694921 -0.0177463 0.0883586 
0.0105773 -0.0189963 0.000187044 -0.000271417 -0.0189963 0.0913226 -0.000274547 0.000703544 0.000187044 -0.000274547 0.00947231 -0.0177434 -0.000271417 0.000703544 -0.0177434 0.0883858 
0.0105713 -0.0190162 0.000159327 -0.000224915 -0.0190162 0.0914109 -0.000231249 0.000615879 0.000159327 -0.000231249 0.00948896 -0.0177417 -0.000224915 0.000615879 -0.0177417 0.0883878 
0.0105903 -0.0189967 0.000188753 -0.000229527 -0.0189967 0.0914 -0.00023629 0.000623801 0.000188753 -0.00023629 0.0094751 -0.0177757 -0.000229527 0.000623801 -0.0177757 0.0884577 
0.0106263 -0.0190304 0.000210327 -0.000250214 -0.0190304 0.0914544 -0.000252863 0.0006362 0.000210327 -0.000252863 0.00944457 -0.0177465 -0.000250214 0.0006362 -0.0177465 0.0884291 
0.0106197 -0.019082 0.00020394 -0.000255523 -0.019082 0.0915717 -0.000251521 0.000626738 0.00020394 -0.000251521 0.00946157 -0.0177025 -0.000255523 0.000626738 -0.0177025 0.0883321 
0.0106047 -0.0190751 0.000189718 -0.000254208 -0.0190751 0.0916154 -0.000246729 0.000625202 0.000189718 -0.000246729 0.0095034 -0.017735 -0.000254208 0.000625202 -0.017735 0.0883562 
0.0105799 -0.0190288 0.000191538 -0.000278494 -0.0190288 0.0915121 -0.000270052 0.000701768 0.000191538 -0.000270052 0.00951821 -0.017802 -0.000278494 0.000701768 -0.017802 0.0884982 
0.0106247 -0.019025 0.000190196 -0.000263696 -0.019025 0.0915017 -0.000257619 0.000697722 0.000190196 -0.000257619 0.0095171 -0.0178292 -0.000263696 0.000697722 -0.0178292 0.0886267 
0.0106719 -0.0190821 0.00018075 -0.000245574 -0.0190821 0.0915849 -0.000244474 0.000650145 0.00018075 -0.000244474 0.00948915 -0.0178083 -0.000245574 0.000650145 -0.0178083 0.0886055 
0.0106942 -0.0191281 0.000172913 -0.000234808 -0.0191281 0.0916846 -0.000238451 0.000623551 0.000172913 -0.000238451 0.00947309 -0.0177925 -0.000234808 0.000623551 -0.0177925 0.0885908 
0.010723 -0.019156 0.000170473 -0.000224463 -0.019156 0.0917735 -0.00023176 0.000601588 0.000170473 -0.00023176 0.00947546 -0.0177886 -0.000224463 0.000601588 -0.0177886 0.0886014 
0.0107582 -0.0191943 0.000180308 -0.000218904 -0.0191943 0.0918652 -0.000228122 0.000581901 0.000180308 -0.000228122 0.00945497 -0.0177828 -0.000218904 0.000581901 -0.0177828 0.0885815 
0.0108024 -0.0192421 0.000196229 -0.000250111 -0.0192421 0.0919837 -0.00025764 0.000640726 0.000196229 -0.00025764 0.00941834 -0.0177504 -0.000250111 0.000640726 -0.0177504 0.088514 
0.0107998 -0.0192687 0.000240209 -0.000315083 -0.0192687 0.0920383 -0.000316265 0.000812042 0.000240209 -0.000316265 0.0094137 -0.0177244 -0.000315083 0.000812042 -0.0177244 0.0884622 
0.0107636 -0.0192536 0.000240339 -0.000314315 -0.0192536 0.0920154 -0.000307701 0.000811871 0.000240339 -0.000307701 0.00943276 -0.0177216 -0.000314315 0.000811871 -0.0177216 0.0884354 
0.0107474 -0.019231 0.000243985 -0.000304538 -0.019231 0.0919937 -0.000295823 0.000778908 0.000243985 -0.000295823 0.00944627 -0.0177271 -0.000304538 0.000778908 -0.0177271 0.088416 
0.0107522 -0.0192222 0.000206729 -0.000286584 -0.0192222 0.0919753 -0.000277262 0.000708278 0.000206729 -0.000277262 0.00945123 -0.0177373 -0.000286584 0.000708278 -0.0177373 0.0884234 
0.0107164 -0.0192251 0.000175563 -0.000266152 -0.0192251 0.0919696 -0.00025988 0.000685421 0.000175563 -0.00025988 0.00951688 -0.0177559 -0.000266152 0.000685421 -0.0177559 0.0884779 
0.0106989 -0.0191826 0.00014248 -0.0002352 -0.0191826 0.0919066 -0.000234572 0.000634278 0.00014248 -0.000234572 0.00956319 -0.0178317 -0.0002352 0.000634278 -0.0178317 0.088608 
0.0107081 -0.0191644 0.000117035 -0.000195562 -0.0191644 0.0918475 -0.00020152 0.000559723 0.000117035 -0.00020152 0.00955718 -0.0178819 -0.000195562 0.000559723 -0.0178819 0.0887375 
0.0107485 -0.0191771 0.000140548 -0.000168431 -0.0191771 0.091852 -0.000175596 0.000491368 0.000140548 -0.000175596 0.00953153 -0.0178861 -0.000168431 0.000491368 -0.0178861 0.0888125 
0.0108068 -0.0192216 0.000175827 -0.000236242 -0.0192216 0.0919248 -0.000234746 0.000595686 0.000175827 -0.000234746 0.00945731 -0.0178439 -0.000236242 0.000595686 -0.0178439 0.0887456 
0.0108543 -0.0192946 0.00020187 -0.000276899 -0.0192946 0.0920795 -0.000268823 0.000706262 0.00020187 -0.000268823 0.0094112 -0.0177557 -0.000276899 0.000706262 -0.0177557 0.0885749 
0.010846 -0.0193511 0.000202655 -0.000279775 -0.0193511 0.0922324 -0.000273967 0.000725196 0.000202655 -0.000273967 0.00943715 -0.0177042 -0.000279775 0.000725196 -0.0177042 0.088422 
0.0108203 -0.0193458 0.000201347 -0.000278842 -0.0193458 0.0922884 -0.000279744 0.000733814 0.000201347 -0.000279744 0.0094844 -0.0177343 -0.000278842 0.000733814 -0.0177343 0.0884085 
0.0107748 -0.0193031 0.000185224 -0.000282459 -0.0193031 0.0922123 -0.000287408 0.000752325 0.000185224 -0.000287408 0.00950962 -0.0177899 -0.000282459 0.000752325 -0.0177899 0.0885004 
0.0107458 -0.0192438 0.000164946 -0.000253426 -0.0192438 0.0920801 -0.000260447 0.000709443 0.000164946 -0.000260447 0.00952519 -0.0178404 -0.000253426 0.000709443 -0.0178404 0.0886556 
0.0107304 -0.0192031 0.000138852 -0.000206552 -0.0192031 0.0919521 -0.000213424 0.000590089 0.000138852 -0.000213424 0.00953137 -0.0178665 -0.000206552 0.000590089 -0.0178665 0.0887667 
0.0106836 -0.0191874 0.000136314 -0.000193724 -0.0191874 0.0918859 -0.000201087 0.000539574 0.000136314 -0.000201087 0.00957972 -0.0178672 -0.000193724 0.000539574 -0.0178672 0.088801 
