0.00725079 0 -0.000656973 0 0 0.01 0 0 -0.000656973 0 0.00723967 0 0 0 0 0.01 
0.0102227 -0.0126909 -0.000779805 0.000953476 -0.0126909 0.033508 0.000953476 -0.00182793 -0.000779805 0.000953476 0.0102189 -0.0126931 0.000953476 -0.00182793 -0.0126931 0.0335124 
0.0103597 -0.0192822 -0.000627571 0.00103123 -0.0192822 0.070787 0.00103123 -0.00323419 -0.000627571 0.00103123 0.0102304 -0.0191488 0.00103123 -0.00323419 -0.0191488 0.0704154 
0.0098692 -0.0190162 -0.000594793 0.000707338 -0.0190162 0.0848785 0.000724272 -0.00237348 -0.000594793 0.000724272 0.00966062 -0.0188955 0.000707338 -0.00237348 -0.0188955 0.0847046 
0.00986805 -0.0183963 -0.000651458 0.000654621 -0.0183963 0.0881858 0.000682667 -0.00167806 -0.000651458 0.000682667 0.0096273 -0.018227 0.000654621 -0.00167806 -0.018227 0.088006 
0.00999821 -0.0182718 -0.00077052 0.00078162 -0.0182718 0.089116 0.000803178 -0.00177141 -0.00077052 0.000803178 0.00985291 -0.018193 0.00078162 -0.00177141 -0.018193 0.0891237 
0.0100613 -0.0183128 -0.000838681 0.00092389 -0.0183128 0.089487 0.000934835 -0.00209218 -0.000838681 0.000934835 0.0100076 -0.0183766 0.00092389 -0.00209218 -0.0183766 0.0898187 
0.0101053 -0.018395 -0.000848792 0.00098544 -0.018395 0.0897763 0.000987772 -0.00231354 -0.000848792 0.000987772 0.0100352 -0.0184275 0.00098544 -0.00231354 -0.0184275 0.0900637 
0.0101344 -0.0184409 -0.000832614 0.000992881 -0.0184409 0.0899447 0.000990322 -0.0024007 -0.000832614 0.000990322 0.0100368 -0.0184242 0.000992881 -0.0024007 -0.0184242 0.0900911 
0.0101701 -0.018531 -0.000798132 0.000952111 -0.018531 0.090192 0.000947759 -0.00233162 -0.000798132 0.000947759 0.0100235 -0.0183624 0.000952111 -0.00233162 -0.0183624 0.0899095 
0.01016 -0.0185292 -0.00071361 0.000912399 -0.0185292 0.0902412 0.000905639 -0.00222953 -0.00071361 0.000905639 0.0100354 -0.018394 0.000912399 -0.00222953 -0.018394 0.0899214 
0.0101421 -0.0184816 -0.000642399 0.000811022 -0.0184816 0.090135 0.000805776 -0.00203028 -0.000642399 0.000805776 0.0100383 -0.0184446 0.000811022 -0.00203028 -0.0184446 0.0900547 
0.010135 -0.018502 -0.000621531 0.000719841 -0.018502 0.0901619 0.000719726 -0.0017998 -0.000621531 0.000719726 0.010005 -0.0184093 0.000719841 -0.0017998 -0.0184093 0.0900155 
0.0101023 -0.0184843 -0.000641508 0.00069983 -0.0184843 0.0901508 0.00070362 -0.00168729 -0.000641508 0.00070362 0.0100055 -0.0183775 0.00069983 -0.00168729 -0.0183775 0.0899508 
0.0101034 -0.0184563 -0.000642543 0.0007225 -0.0184563 0.0901101 0.000725333 -0.0016876 -0.000642543 0.000725333 0.00999278 -0.0183601 0.0007225 -0.0016876 -0.0183601 0.0898774 
0.0100828 -0.0183799 -0.000597477 0.000734474 -0.0183799 0.0898841 0.000733763 -0.00172421 -0.000597477 0.000733763 0.00999068 -0.0184033 0.000734474 -0.00172421 -0.0184033 0.0899808 
0.0100615 -0.0183327 -0.000595363 0.000693507 -0.0183327 0.0896892 0.000692535 -0.00169017 -0.000595363 0.000692535 0.00997911 -0.0184145 0.000693507 -0.00169017 -0.0184145 0.0900622 
0.0100355 -0.0183159 -0.000604785 0.000693463 -0.0183159 0.0896047 0.000692985 -0.00167019 -0.000604785 0.000692985 0.00999623 -0.018401 0.000693463 -0.00167019 -0.018401 0.0900777 
0.0100356 -0.018348 -0.000630914 0.000704397 -0.018348 0.0897004 0.000701102 -0.0016821 -0.000630914 0.000701102 0.00999377 -0.018369 0.000704397 -0.0016821 -0.018369 0.0899753 
0.0100338 -0.0183579 -0.000608834 0.00072057 -0.0183579 0.0897712 0.000714654 -0.00169101 -0.000608834 0.000714654 0.00999791 -0.018363 0.00072057 -0.00169101 -0.018363 0.0899259 
0.0100541 -0.0183695 -0.000572509 0.000696289 -0.0183695 0.0898254 0.000689341 -0.00166547 -0.000572509 0.000689341 0.00996235 -0.0183413 0.000696289 -0.00166547 -0.0183413 0.089842 
0.0100558 -0.0183644 -0.000555251 0.000670241 -0.0183644 0.0898117 0.000668513 -0.00163669 -0.000555251 0.000668513 0.00996131 -0.0183396 0.000670241 -0.00163669 -0.0183396 0.089861 
0.0100446 -0.0183617 -0.000571761 0.000645083 -0.0183617 0.0897977 0.000649774 -0.00158291 -0.000571761 0.000649774 0.00994795 -0.0183281 0.000645083 -0.00158291 -0.0183281 0.0898261 
0.0100511 -0.0183734 -0.000584314 0.000664879 -0.0183734 0.0898446 0.000671916 -0.00159835 -0.000584314 0.000671916 0.00994174 -0.0182925 0.000664879 -0.00159835 -0.0182925 0.0897387 
0.0100646 -0.0184245 -0.000579262 0.000681235 -0.0184245 0.0899867 0.000680942 -0.00163046 -0.000579262 0.000680942 0.00993589 -0.018251 0.000681235 -0.00163046 -0.018251 0.0896079 
0.010067 -0.018416 -0.000560029 0.00067264 -0.018416 0.0900027 0.000663954 -0.00161687 -0.000560029 0.000663954 0.00993612 -0.0182679 0.00067264 -0.00161687 -0.0182679 0.0896086 
0.0100579 -0.018397 -0.000508888 0.000649444 -0.018397 0.0899457 0.000640356 -0.00157096 -0.000508888 0.000640356 0.00994322 -0.0182812 0.000649444 -0.00157096 -0.0182812 0.0896506 
0.0100449 -0.0183501 -0.000467834 0.000584503 -0.0183501 0.0898013 0.000578637 -0.00144942 -0.000467834 0.000578637 0.00994433 -0.0183067 0.000584503 -0.00144942 -0.0183067 0.0897216 
0.010039 -0.0183283 -0.000487082 0.000540758 -0.0183283 0.0897043 0.00053973 -0.00133956 -0.000487082 0.00053973 0.00994965 -0.0183097 0.000540758 -0.00133956 -0.0183097 0.0897534 
0.0100421 -0.0183688 -0.000514857 0.000551293 -0.0183688 0.0897853 0.000555517 -0.0013062 -0.000514857 0.000555517 0.00995595 -0.0182788 0.000551293 -0.0013062 -0.0182788 0.0896739 
0.0100615 -0.018366 -0.000531688 0.000601647 -0.018366 0.0898177 0.000606663 -0.00140435 -0.000531688 0.000606663 0.00996464 -0.0183094 0.000601647 -0.00140435 -0.0183094 0.0897182 
0.0100829 -0.0183832 -0.000537678 0.000625794 -0.0183832 0.0898537 0.00063185 -0.00149344 -0.000537678 0.00063185 0.0099942 -0.0183418 0.000625794 -0.00149344 -0.0183418 0.0898214 
0.010084 -0.0184236 -0.00052006 0.000624168 -0.0184236 0.0899422 0.000633875 -0.00151822 -0.00052006 0.000633875 0.0100056 -0.0183616 0.000624168 -0.00151822 -0.0183616 0.0898707 
0.0100865 -0.018421 -0.000529394 0.000608757 -0.018421 0.0899734 0.000615687 -0.00150574 -0.000529394 0.000615687 0.0100039 -0.0183933 0.000608757 -0.00150574 -0.0183933 0.0899692 
0.0100941 -0.0183854 -0.000534622 0.000626848 -0.0183854 0.0898823 0.000627374 -0.00152346 -0.000534622 0.000627374 0.00999929 -0.0184278 0.000626848 -0.00152346 -0.0184278 0.0901076 
0.0100868 -0.0183953 -0.000499292 0.000628091 -0.0183953 0.0898526 0.000625923 -0.00152786 -0.000499292 0.000625923 0.00997476 -0.018407 0.000628091 -0.00152786 -0.018407 0.090104 
0.0100695 -0.0183944 -0.000469374 0.000587422 -0.0183944 0.089861 0.000585689 -0.00146813 -0.000469374 0.000585689 0.00997068 -0.0183709 0.000587422 -0.00146813 -0.0183709 0.0900331 
0.0100914 -0.0183924 -0.000462835 0.000538212 -0.0183924 0.0898821 0.000535696 -0.00134311 -0.000462835 0.000535696 0.0099619 -0.018349 0.000538212 -0.00134311 -0.018349 0.0899485 
0.0100805 -0.0183763 -0.000458577 0.00054115 -0.0183763 0.0898125 0.000535732 -0.00130329 -0.000458577 0.000535732 0.00997396 -0.0183692 0.00054115 -0.00130329 -0.0183692 0.0899791 
0.0100412 -0.018349 -0.00044146 0.000554287 -0.018349 0.0897276 0.000546733 -0.00133518 -0.00044146 0.000546733 0.00997433 -0.0183855 0.000554287 -0.00133518 -0.0183855 0.0900143 
0.01002 -0.0183201 -0.000404662 0.000532618 -0.0183201 0.0896742 0.000526539 -0.00131693 -0.000404662 0.000526539 0.00996555 -0.0183676 0.000532618 -0.00131693 -0.0183676 0.0899797 
0.0100239 -0.0183199 -0.00040197 0.000486816 -0.0183199 0.0896778 0.000481455 -0.00123579 -0.00040197 0.000481455 0.00995875 -0.0183245 0.000486816 -0.00123579 -0.0183245 0.0898602 
0.0100325 -0.0183342 -0.000382028 0.000472904 -0.0183342 0.0897129 0.000467042 -0.00116301 -0.000382028 0.000467042 0.00995317 -0.0183075 0.000472904 -0.00116301 -0.0183075 0.089772 
0.0100452 -0.0183546 -0.000367286 0.000447523 -0.0183546 0.0897725 0.000444306 -0.00110438 -0.000367286 0.000444306 0.00995742 -0.0182971 0.000447523 -0.00110438 -0.0182971 0.0897221 
0.0100239 -0.018317 -0.000397751 0.000444628 -0.018317 0.089681 0.000445457 -0.00109726 -0.000397751 0.000445457 0.00996372 -0.0183383 0.000444628 -0.00109726 -0.0183383 0.0897976 
0.00999311 -0.0182914 -0.000410639 0.00048364 -0.0182914 0.0896043 0.000486401 -0.00116219 -0.000410639 0.000486401 0.00996 -0.0183426 0.00048364 -0.00116219 -0.0183426 0.0898339 
0.00996188 -0.0182357 -0.000425456 0.000496021 -0.0182357 0.0894665 0.000499578 -0.001211 -0.000425456 0.000499578 0.00995302 -0.0183503 0.000496021 -0.001211 -0.0183503 0.0898705 
0.0099538 -0.0182235 -0.000440771 0.000518663 -0.0182235 0.0894185 0.000522548 -0.00127147 -0.000440771 0.000522548 0.00993899 -0.0183141 0.000518663 -0.00127147 -0.0183141 0.0897996 
0.00997862 -0.0182479 -0.000453476 0.000518034 -0.0182479 0.0894784 0.000522664 -0.00127343 -0.000453476 0.000522664 0.00991688 -0.0182666 0.000518034 -0.00127343 -0.0182666 0.0896634 
0.00999573 -0.0182929 -0.000454687 0.000520293 -0.0182929 0.0895893 0.000525547 -0.00126159 -0.000454687 0.000525547 0.0099039 -0.0182187 0.000520293 -0.00126159 -0.0182187 0.0895084 
0.0100048 -0.0183259 -0.00046557 0.00053132 -0.0183259 0.0897031 0.000535193 -0.00128658 -0.00046557 0.000535193 0.00991328 -0.018202 0.00053132 -0.00128658 -0.018202 0.0894276 
0.00998648 -0.0183018 -0.000496768 0.000565796 -0.0183018 0.0896717 0.000566367 -0.00136931 -0.000496768 0.000566367 0.00991347 -0.0182405 0.000565796 -0.00136931 -0.0182405 0.0894822 
0.00999315 -0.0183062 -0.000503396 0.000597402 -0.0183062 0.0896944 0.000594322 -0.00144259 -0.000503396 0.000594322 0.0099283 -0.0182399 0.000597402 -0.00144259 -0.0182399 0.0895273 
0.0100069 -0.0182789 -0.000491716 0.000587041 -0.0182789 0.0896146 0.000583876 -0.00143349 -0.000491716 0.000583876 0.00993684 -0.018285 0.000587041 -0.00143349 -0.018285 0.0896397 
0.00998768 -0.0182446 -0.000470911 0.000578986 -0.0182446 0.0894656 0.000580145 -0.00142398 -0.000470911 0.000580145 0.00994282 -0.0183305 0.000578986 -0.00142398 -0.0183305 0.0897911 
0.00998075 -0.0182551 -0.00045515 0.000541469 -0.0182551 0.0894655 0.000543497 -0.00134568 -0.00045515 0.000543497 0.00992842 -0.0183083 0.000541469 -0.00134568 -0.0183083 0.0897824 
0.0099923 -0.0182832 -0.000454596 0.000518918 -0.0182832 0.0895632 0.000520357 -0.00127009 -0.000454596 0.000520357 0.00992929 -0.0182693 0.000518918 -0.00127009 -0.0182693 0.0896911 
0.0100241 -0.0183409 -0.000463862 0.000522024 -0.0183409 0.0897412 0.000523419 -0.00125094 -0.000463862 0.000523419 0.0099306 -0.0182429 0.000522024 -0.00125094 -0.0182429 0.0895888 
0.0100178 -0.0183222 -0.000511258 0.000544384 -0.0183222 0.0897153 0.000546607 -0.00129757 -0.000511258 0.000546607 0.0099481 -0.0182916 0.000544384 -0.00129757 -0.0182916 0.0896747 
0.00999341 -0.0182764 -0.000561525 0.000614426 -0.0182764 0.0895812 0.000615533 -0.00144073 -0.000561525 0.000615533 0.00994467 -0.0183351 0.000614426 -0.00144073 -0.0183351 0.0898047 
0.00999013 -0.0182662 -0.000562816 0.000661798 -0.0182662 0.0895353 0.000660357 -0.00155792 -0.000562816 0.000660357 0.00994079 -0.0183235 0.000661798 -0.00155792 -0.0183235 0.089835 
0.0099791 -0.0182867 -0.000547241 0.000663754 -0.0182867 0.089579 0.000662738 -0.00160984 -0.000547241 0.000662738 0.00993179 -0.0182809 0.000663754 -0.00160984 -0.0182809 0.089721 
0.00995815 -0.0182436 -0.000534796 0.00064207 -0.0182436 0.089502 0.000643581 -0.00158685 -0.000534796 0.000643581 0.00995347 -0.0183012 0.00064207 -0.00158685 -0.0183012 0.0897395 
0.00995219 -0.0182538 -0.000522275 0.000631706 -0.0182538 0.089517 0.000632482 -0.0015602 -0.000522275 0.000632482 0.00995361 -0.0182895 0.000631706 -0.0015602 -0.0182895 0.0896939 
0.00996476 -0.0182606 -0.000511056 0.000607338 -0.0182606 0.0895523 0.000605828 -0.00149627 -0.000511056 0.000605828 0.00994477 -0.0182796 0.000607338 -0.00149627 -0.0182796 0.0896507 
0.00998323 -0.0182696 -0.000484049 0.000601793 -0.0182696 0.0895734 0.000599025 -0.0014708 -0.000484049 0.000599025 0.00996523 -0.0182854 0.000601793 -0.0014708 -0.0182854 0.0896681 
0.0100012 -0.0183367 -0.000507125 0.000569776 -0.0183367 0.0897297 0.000566155 -0.00141521 -0.000507125 0.000566155 0.00995684 -0.0182581 0.000569776 -0.00141521 -0.0182581 0.0895694 
0.00999265 -0.0183321 -0.000510445 0.000584572 -0.0183321 0.0897658 0.000584121 -0.00139563 -0.000510445 0.000584121 0.0099582 -0.018287 0.000584572 -0.00139563 -0.018287 0.0896205 
0.0100183 -0.0183199 -0.000499362 0.000587548 -0.0183199 0.0897512 0.000591975 -0.00140937 -0.000499362 0.000591975 0.00994645 -0.0182946 0.000587548 -0.00140937 -0.0182946 0.0896691 
0.00999163 -0.0183067 -0.000483992 0.000585223 -0.0183067 0.089662 0.000593724 -0.00143077 -0.000483992 0.000593724 0.00994549 -0.0182996 0.000585223 -0.00143077 -0.0182996 0.0897088 
0.00998037 -0.0183109 -0.000460939 0.00056076 -0.0183109 0.0896795 0.000566683 -0.00138939 -0.000460939 0.000566683 0.00993785 -0.0182651 0.00056076 -0.00138939 -0.0182651 0.0896328 
0.00996896 -0.0182781 -0.000436614 0.000529764 -0.0182781 0.0896129 0.000530339 -0.0013095 -0.000436614 0.000530339 0.0099463 -0.0182747 0.000529764 -0.0013095 -0.0182747 0.0896387 
0.00995329 -0.0182425 -0.000457889 0.000518523 -0.0182425 0.0895029 0.000513569 -0.00127415 -0.000457889 0.000513569 0.00996667 -0.0183035 0.000518523 -0.00127415 -0.0183035 0.0897101 
0.0099354 -0.0181811 -0.000468827 0.000550447 -0.0181811 0.089314 0.000541248 -0.00130897 -0.000468827 0.000541248 0.00996519 -0.0183498 0.000550447 -0.00130897 -0.0183498 0.0898265 
0.00996231 -0.0181915 -0.000470994 0.000560577 -0.0181915 0.0892901 0.000556541 -0.00135109 -0.000470994 0.000556541 0.00993898 -0.0183282 0.000560577 -0.00135109 -0.0183282 0.0898276 
0.00999951 -0.0182369 -0.000474752 0.000558442 -0.0182369 0.0893734 0.00055892 -0.00136559 -0.000474752 0.00055892 0.00992391 -0.0182924 0.000558442 -0.00136559 -0.0182924 0.0897665 
0.00997537 -0.0182406 -0.000460666 0.000569469 -0.0182406 0.0893689 0.000569932 -0.0013928 -0.000460666 0.000569932 0.00992463 -0.0182927 0.000569469 -0.0013928 -0.0182927 0.0897438 
0.00996707 -0.0182499 -0.000425886 0.000559303 -0.0182499 0.089434 0.000554174 -0.00139181 -0.000425886 0.000554174 0.00992269 -0.0182671 0.000559303 -0.00139181 -0.0182671 0.0896721 
0.00998035 -0.018281 -0.000394459 0.000493147 -0.018281 0.0895519 0.000484287 -0.00125106 -0.000394459 0.000484287 0.00990483 -0.0182295 0.000493147 -0.00125106 -0.0182295 0.0895459 
0.00996992 -0.0182642 -0.000388018 0.000449593 -0.0182642 0.089536 0.000441694 -0.00111158 -0.000388018 0.000441694 0.00988958 -0.0182262 0.000449593 -0.00111158 -0.0182262 0.0895035 
0.00997048 -0.0182452 -0.00038236 0.000441937 -0.0182452 0.08949 0.000440464 -0.00105668 -0.00038236 0.000440464 0.00987411 -0.0182114 0.000441937 -0.00105668 -0.0182114 0.0894751 
0.00994658 -0.018202 -0.000361493 0.000435415 -0.018202 0.0893484 0.000439034 -0.00103852 -0.000361493 0.000439034 0.0098631 -0.0182112 0.000435415 -0.00103852 -0.0182112 0.0894745 
0.00994772 -0.0181924 -0.000313379 0.000416545 -0.0181924 0.0893014 0.000417422 -0.00101031 -0.000313379 0.000417422 0.00986844 -0.0181843 0.000416545 -0.00101031 -0.0181843 0.089423 
0.009981 -0.0182267 -0.000308599 0.00037455 -0.0182267 0.0893741 0.000367451 -0.000941858 -0.000308599 0.000367451 0.00986785 -0.0181677 0.00037455 -0.000941858 -0.0181677 0.0893537 
0.00997846 -0.0182328 -0.000344497 0.000383573 -0.0182328 0.0893787 0.000375955 -0.000936899 -0.000344497 0.000375955 0.00987296 -0.0181927 0.000383573 -0.000936899 -0.0181927 0.0893865 
0.00998514 -0.0182637 -0.000354704 0.000411048 -0.0182637 0.0894753 0.000411539 -0.000976159 -0.000354704 0.000411539 0.00989527 -0.0181908 0.000411048 -0.000976159 -0.0181908 0.0894006 
0.00996358 -0.0182611 -0.000389971 0.000432611 -0.0182611 0.0894957 0.000439656 -0.00105308 -0.000389971 0.000439656 0.009904 -0.0182192 0.000432611 -0.00105308 -0.0182192 0.089442 
0.00996007 -0.0182217 -0.000431763 0.000471266 -0.0182217 0.0894282 0.000478881 -0.00113775 -0.000431763 0.000478881 0.00991434 -0.0182581 0.000471266 -0.00113775 -0.0182581 0.0895678 
0.00995968 -0.0182299 -0.000452117 0.000504404 -0.0182299 0.089419 0.000510646 -0.00120173 -0.000452117 0.000510646 0.00991391 -0.0182635 0.000504404 -0.00120173 -0.0182635 0.0896222 
0.00996385 -0.0182461 -0.000424889 0.00052674 -0.0182461 0.0894654 0.000531463 -0.00125769 -0.000424889 0.000531463 0.00989124 -0.0182462 0.00052674 -0.00125769 -0.0182462 0.0895947 
0.00995912 -0.0182789 -0.000391156 0.000497053 -0.0182789 0.0895678 0.000500297 -0.00123595 -0.000391156 0.000500297 0.00989006 -0.0181943 0.000497053 -0.00123595 -0.0181943 0.0894775 
0.0099585 -0.0182724 -0.000362511 0.000445057 -0.0182724 0.089597 0.000442805 -0.00111517 -0.000362511 0.000442805 0.00987716 -0.0181831 0.000445057 -0.00111517 -0.0181831 0.0893925 
0.0099468 -0.0182527 -0.000371764 0.000422064 -0.0182527 0.0895549 0.000416932 -0.00103733 -0.000371764 0.000416932 0.00987442 -0.0181723 0.000422064 -0.00103733 -0.0181723 0.0893444 
0.0099432 -0.0182207 -0.000376746 0.000440559 -0.0182207 0.0894641 0.000437484 -0.00105112 -0.000376746 0.000437484 0.00987813 -0.0181797 0.000440559 -0.00105112 -0.0181797 0.0893495 
0.00995239 -0.0181911 -0.000400463 0.000448429 -0.0181911 0.0893489 0.000450297 -0.00108523 -0.000400463 0.000450297 0.00987966 -0.0182155 0.000448429 -0.00108523 -0.0182155 0.0894502 
0.00995283 -0.0181749 -0.000435554 0.000474451 -0.0181749 0.0892455 0.000483128 -0.00114161 -0.000435554 0.000483128 0.00987773 -0.0182419 0.000474451 -0.00114161 -0.0182419 0.0895615 
0.00997917 -0.0182008 -0.000469591 0.000519199 -0.0182008 0.0892803 0.000533183 -0.00124775 -0.000469591 0.000533183 0.0098793 -0.0182309 0.000519199 -0.00124775 -0.0182309 0.0895867 
0.00997986 -0.0182467 -0.000461917 0.000554822 -0.0182467 0.0893788 0.00056842 -0.0013426 -0.000461917 0.00056842 0.00987449 -0.0182054 0.000554822 -0.0013426 -0.0182054 0.0895106 
0.00998041 -0.018265 -0.000452311 0.000548542 -0.018265 0.0894757 0.000552479 -0.00136096 -0.000452311 0.000552479 0.00988004 -0.0181965 0.000548542 -0.00136096 -0.0181965 0.0894664 
0.00997625 -0.0182467 -0.000422586 0.00053723 -0.0182467 0.0894633 0.000531512 -0.00132689 -0.000422586 0.000531512 0.00988579 -0.0182204 0.00053723 -0.00132689 -0.0182204 0.089503 
0.00999911 -0.0183042 -0.000421633 0.000498885 -0.0183042 0.0896206 0.000488463 -0.00124304 -0.000421633 0.000488463 0.00989048 -0.0181844 0.000498885 -0.00124304 -0.0181844 0.0894236 
0.0100169 -0.0183076 -0.000436011 0.000490848 -0.0183076 0.0896695 0.000479879 -0.00118165 -0.000436011 0.000479879 0.00991862 -0.0182235 0.000490848 -0.00118165 -0.0182235 0.0894843 
0.0100038 -0.018319 -0.000447246 0.000518196 -0.018319 0.0896866 0.000510238 -0.00122106 -0.000447246 0.000510238 0.00992726 -0.0182584 0.000518196 -0.00122106 -0.0182584 0.0895613 
0.00999704 -0.0183297 -0.000431831 0.000522092 -0.0183297 0.0897394 0.000519432 -0.00124405 -0.000431831 0.000519432 0.0099231 -0.0182508 0.000522092 -0.00124405 -0.0182508 0.0895685 
0.0099408 -0.0182572 -0.000401136 0.000505839 -0.0182572 0.0895688 0.000507816 -0.00123447 -0.000401136 0.000507816 0.00992565 -0.018281 0.000505839 -0.00123447 -0.018281 0.0896429 
0.0098946 -0.0181954 -0.000379581 0.000468856 -0.0181954 0.0893984 0.000473369 -0.00117156 -0.000379581 0.000473369 0.00989329 -0.0182544 0.000468856 -0.00117156 -0.0182544 0.0895948 
0.00988959 -0.0181542 -0.000401249 0.000451014 -0.0181542 0.0892859 0.000452177 -0.00112403 -0.000401249 0.000452177 0.009873 -0.0182005 0.000451014 -0.00112403 -0.0182005 0.0894796 
0.00988218 -0.0181319 -0.000463518 0.000490215 -0.0181319 0.0891828 0.000488292 -0.00117867 -0.000463518 0.000488292 0.00987239 -0.0181767 0.000490215 -0.00117867 -0.0181767 0.0893903 
0.00992644 -0.0181636 -0.000510454 0.000554048 -0.0181636 0.0892452 0.000552069 -0.00129503 -0.000510454 0.000552069 0.00985579 -0.0181534 0.000554048 -0.00129503 -0.0181534 0.0893042 
0.00994433 -0.0181654 -0.000515976 0.000609872 -0.0181654 0.0892231 0.000609799 -0.00143701 -0.000515976 0.000609799 0.00988616 -0.0182013 0.000609872 -0.00143701 -0.0182013 0.0894296 
0.00995242 -0.0181897 -0.000538684 0.000624676 -0.0181897 0.0892583 0.000625379 -0.00152922 -0.000538684 0.000625379 0.00991389 -0.0182357 0.000624676 -0.00152922 -0.0182357 0.0895269 
0.00996276 -0.0182412 -0.000522683 0.000645074 -0.0182412 0.0893985 0.000646503 -0.00158028 -0.000522683 0.000646503 0.0099041 -0.0182258 0.000645074 -0.00158028 -0.0182258 0.0894987 
0.0100123 -0.0182865 -0.000534308 0.000619877 -0.0182865 0.0895699 0.000623484 -0.00155868 -0.000534308 0.000623484 0.00990353 -0.0182103 0.000619877 -0.00155868 -0.0182103 0.0894692 
0.01004 -0.0183332 -0.000521599 0.000624635 -0.0183332 0.0896852 0.000628979 -0.00153714 -0.000521599 0.000628979 0.00990834 -0.0182216 0.000624635 -0.00153714 -0.0182216 0.0894831 
0.0100591 -0.0183804 -0.000519879 0.000596773 -0.0183804 0.0898213 0.000600038 -0.0014731 -0.000519879 0.000600038 0.00991444 -0.0182298 0.000596773 -0.0014731 -0.0182298 0.0895086 
0.010061 -0.0183736 -0.000506513 0.000607626 -0.0183736 0.0898362 0.000608093 -0.00147107 -0.000506513 0.000608093 0.00993779 -0.0182712 0.000607626 -0.00147107 -0.0182712 0.0896196 
0.010038 -0.0183336 -0.000525458 0.000615923 -0.0183336 0.0897276 0.000611226 -0.00150995 -0.000525458 0.000611226 0.00997272 -0.0183455 0.000615923 -0.00150995 -0.0183455 0.0898342 
0.0100633 -0.0183744 -0.000548092 0.000624989 -0.0183744 0.0898237 0.000615536 -0.00151427 -0.000548092 0.000615536 0.0099789 -0.0183347 0.000624989 -0.00151427 -0.0183347 0.0898487 
0.0100843 -0.0184163 -0.000523531 0.000639701 -0.0184163 0.0899419 0.000631692 -0.00152685 -0.000523531 0.000631692 0.00996934 -0.0183301 0.000639701 -0.00152685 -0.0183301 0.0898207 
0.0101151 -0.0184268 -0.00051972 0.000620595 -0.0184268 0.0899999 0.000616706 -0.00152618 -0.00051972 0.000616706 0.00999181 -0.0183581 0.000620595 -0.00152618 -0.0183581 0.0899072 
0.0101153 -0.0184525 -0.000502796 0.000602258 -0.0184525 0.0900374 0.00060334 -0.00147892 -0.000502796 0.00060334 0.00999317 -0.0183753 0.000602258 -0.00147892 -0.0183753 0.0899435 
0.0101025 -0.0184439 -0.000506022 0.000582514 -0.0184439 0.0900357 0.000587376 -0.00143392 -0.000506022 0.000587376 0.00999518 -0.0183883 0.000582514 -0.00143392 -0.0183883 0.0899891 
0.0100812 -0.0184062 -0.000544799 0.000597994 -0.0184062 0.0899495 0.00060368 -0.00145284 -0.000544799 0.00060368 0.00999623 -0.0184093 0.000597994 -0.00145284 -0.0184093 0.0900581 
0.0100643 -0.018409 -0.000554511 0.000633654 -0.018409 0.0899444 0.000636174 -0.00150218 -0.000554511 0.000636174 0.00997974 -0.0183715 0.000633654 -0.00150218 -0.0183715 0.0899783 
0.0100528 -0.0183659 -0.000590318 0.00065698 -0.0183659 0.0898563 0.000653869 -0.00157164 -0.000590318 0.000653869 0.00997707 -0.0183711 0.00065698 -0.00157164 -0.0183711 0.0899614 
0.0100916 -0.0184017 -0.000602915 0.000698925 -0.0184017 0.0899252 0.000694543 -0.00165723 -0.000602915 0.000694543 0.00994748 -0.0183214 0.000698925 -0.00165723 -0.0183214 0.0898316 
0.0101153 -0.0184201 -0.000584278 0.000701514 -0.0184201 0.089952 0.000700866 -0.00169053 -0.000584278 0.000700866 0.00994292 -0.0183182 0.000701514 -0.00169053 -0.0183182 0.0898124 
0.0101142 -0.018446 -0.000569249 0.000683215 -0.018446 0.0900016 0.000686062 -0.00168142 -0.000569249 0.000686062 0.00995513 -0.0183115 0.000683215 -0.00168142 -0.0183115 0.0897917 
0.0100906 -0.0184214 -0.00057031 0.00065864 -0.0184214 0.0899588 0.000661776 -0.00162389 -0.00057031 0.000661776 0.00996551 -0.0183395 0.00065864 -0.00162389 -0.0183395 0.0898361 
0.0100531 -0.018375 -0.000548945 0.000653125 -0.018375 0.089847 0.000653782 -0.00157556 -0.000548945 0.000653782 0.00997386 -0.0183641 0.000653125 -0.00157556 -0.0183641 0.0899062 
0.0100579 -0.0183679 -0.000570912 0.000639442 -0.0183679 0.0898356 0.000641825 -0.00155731 -0.000570912 0.000641825 0.00998854 -0.0183568 0.000639442 -0.00155731 -0.0183568 0.0899153 
0.0101036 -0.0184328 -0.000595952 0.000654101 -0.0184328 0.0899952 0.000659148 -0.00156003 -0.000595952 0.000659148 0.00998966 -0.018326 0.000654101 -0.00156003 -0.018326 0.0898185 
0.0101128 -0.0184615 -0.000603483 0.0006968 -0.0184615 0.0900752 0.00070018 -0.00164468 -0.000603483 0.00070018 0.00999334 -0.0183445 0.0006968 -0.00164468 -0.0183445 0.0898177 
0.0101161 -0.0184624 -0.000608331 0.000703319 -0.0184624 0.0900994 0.000704961 -0.0016888 -0.000608331 0.000704961 0.0100071 -0.0183805 0.000703319 -0.0016888 -0.0183805 0.0899267 
0.0101182 -0.0184701 -0.000602977 0.000702418 -0.0184701 0.0901189 0.000700466 -0.00168653 -0.000602977 0.000700466 0.0100232 -0.0184019 0.000702418 -0.00168653 -0.0184019 0.0900157 
0.0101397 -0.0185068 -0.0006321 0.000697609 -0.0185068 0.0902234 0.000692364 -0.00167537 -0.0006321 0.000692364 0.0100321 -0.0184002 0.000697609 -0.00167537 -0.0184002 0.0900258 
0.0101455 -0.0185034 -0.000652198 0.000730479 -0.0185034 0.0902211 0.000722289 -0.00171304 -0.000652198 0.000722289 0.0100173 -0.0184155 0.000730479 -0.00171304 -0.0184155 0.0900436 
0.0101415 -0.0184734 -0.000659522 0.00076041 -0.0184734 0.090126 0.000752794 -0.00178907 -0.000659522 0.000752794 0.010006 -0.0184328 0.00076041 -0.00178907 -0.0184328 0.0901249 
0.0101337 -0.0184601 -0.00063073 0.000762817 -0.0184601 0.0900573 0.000763132 -0.00182354 -0.00063073 0.000763132 0.00999815 -0.0184252 0.000762817 -0.00182354 -0.0184252 0.0901492 
0.0101507 -0.0184579 -0.000584945 0.00072201 -0.0184579 0.0900406 0.000728225 -0.00177112 -0.000584945 0.000728225 0.010002 -0.0184159 0.00072201 -0.00177112 -0.0184159 0.0901415 
0.0101596 -0.0184607 -0.00056367 0.000664197 -0.0184607 0.0900155 0.000671687 -0.00165087 -0.00056367 0.000671687 0.010016 -0.018427 0.000664197 -0.00165087 -0.018427 0.090154 
0.0101543 -0.0184585 -0.000542098 0.000642112 -0.0184585 0.0899896 0.000645664 -0.00156292 -0.000542098 0.000645664 0.0100242 -0.0184522 0.000642112 -0.00156292 -0.0184522 0.0902054 
0.0101514 -0.0184756 -0.000537485 0.000626895 -0.0184756 0.0900372 0.000624335 -0.00151441 -0.000537485 0.000624335 0.0100219 -0.0184487 0.000626895 -0.00151441 -0.0184487 0.0902092 
0.0101471 -0.0184619 -0.000564336 0.000637594 -0.0184619 0.0900298 0.000630112 -0.00152499 -0.000564336 0.000630112 0.0100398 -0.0184641 0.000637594 -0.00152499 -0.0184641 0.090254 
0.0101278 -0.0184503 -0.000580185 0.000666945 -0.0184503 0.0899983 0.00065862 -0.00157208 -0.000580185 0.00065862 0.0100377 -0.0184762 0.000666945 -0.00157208 -0.0184762 0.090266 
0.0101506 -0.018495 -0.00059667 0.000670981 -0.018495 0.0901324 0.000668215 -0.00159409 -0.00059667 0.000668215 0.0100063 -0.0184164 0.000670981 -0.00159409 -0.0184164 0.090122 
0.0101369 -0.0184905 -0.000615826 0.00070212 -0.0184905 0.0901422 0.000706405 -0.00167235 -0.000615826 0.000706405 0.00999857 -0.0184 0.00070212 -0.00167235 -0.0184 0.0900561 
0.0101512 -0.0184801 -0.000602008 0.000719164 -0.0184801 0.0901349 0.000724331 -0.00172706 -0.000602008 0.000724331 0.00999969 -0.0183962 0.000719164 -0.00172706 -0.0183962 0.0900409 
0.0101343 -0.0184618 -0.000562183 0.000697404 -0.0184618 0.090052 0.000701145 -0.00170563 -0.000562183 0.000701145 0.00999506 -0.0184098 0.000697404 -0.00170563 -0.0184098 0.0900626 
0.0101283 -0.0184636 -0.000488125 0.000643563 -0.0184636 0.0900522 0.000644341 -0.00159793 -0.000488125 0.000644341 0.00999374 -0.0183925 0.000643563 -0.00159793 -0.0183925 0.090039 
