0.00759044 0 -0.000501715 0 0 0.01 0 0 -0.000501715 0 0.00706756 0 0 0 0 0.01 
0.0106409 -0.0132164 -0.000609135 0.000742077 -0.0132164 0.0345157 0.000742077 -0.00142304 -0.000609135 0.000742077 0.0100275 -0.0124515 0.000742077 -0.00142304 -0.0124515 0.0330491 
0.0105852 -0.0198094 -0.000562731 0.000818115 -0.0198094 0.0725321 0.000818115 -0.00255049 -0.000562731 0.000818115 0.0101678 -0.0190512 0.000818115 -0.00255049 -0.0190512 0.070059 
0.00997654 -0.0194066 -0.000525584 0.000626111 -0.0194066 0.0865974 0.000616838 -0.00189623 -0.000525584 0.000616838 0.00961995 -0.018732 0.000626111 -0.00189623 -0.018732 0.0840615 
0.00991866 -0.0186081 -0.000527258 0.000604586 -0.0186081 0.0892074 0.000582742 -0.00148095 -0.000527258 0.000582742 0.009611 -0.0181055 0.000604586 -0.00148095 -0.0181055 0.0875429 
0.0101062 -0.0184795 -0.000549634 0.00061933 -0.0184795 0.0898527 0.000598227 -0.00143046 -0.000549634 0.000598227 0.00975657 -0.0180214 0.00061933 -0.00143046 -0.0180214 0.0886091 
0.0102703 -0.0186343 -0.000558627 0.00062047 -0.0186343 0.090398 0.000606142 -0.00143382 -0.000558627 0.000606142 0.00983839 -0.0180748 0.00062047 -0.00143382 -0.0180748 0.0890298 
0.010379 -0.0188005 -0.000557889 0.000616753 -0.0188005 0.0908934 0.00060728 -0.00143362 -0.000557889 0.00060728 0.00981888 -0.0180476 0.000616753 -0.00143362 -0.0180476 0.0890015 
0.0104291 -0.0188902 -0.000555771 0.000605327 -0.0188902 0.0911756 0.000602408 -0.00141188 -0.000555771 0.000602408 0.00977851 -0.0180063 0.000605327 -0.00141188 -0.0180063 0.0888669 
0.0104228 -0.0189039 -0.000527847 0.00061527 -0.0189039 0.0912438 0.000614322 -0.00143266 -0.000527847 0.000614322 0.0097979 -0.018016 0.00061527 -0.00143266 -0.018016 0.0888751 
0.0104031 -0.0188916 -0.000533989 0.000583718 -0.0188916 0.0912408 0.00058336 -0.00139379 -0.000533989 0.00058336 0.00983985 -0.0180693 0.000583718 -0.00139379 -0.0180693 0.0889945 
0.0103743 -0.0188549 -0.000521648 0.000590507 -0.0188549 0.0911638 0.000590549 -0.0013794 -0.000521648 0.000590549 0.00988156 -0.0181542 0.000590507 -0.0013794 -0.0181542 0.0892233 
0.0103494 -0.0188269 -0.000538095 0.00056749 -0.0188269 0.0910838 0.000566659 -0.00133349 -0.000538095 0.000566659 0.00988792 -0.0181894 0.00056749 -0.00133349 -0.0181894 0.0893609 
0.0103637 -0.0187894 -0.000552266 0.00059041 -0.0187894 0.0909939 0.000588473 -0.00134466 -0.000552266 0.000588473 0.00990457 -0.0182269 0.00059041 -0.00134466 -0.0182269 0.0895135 
0.0103633 -0.0188176 -0.000542018 0.00060112 -0.0188176 0.0909991 0.000601435 -0.00137112 -0.000542018 0.000601435 0.00989703 -0.0182125 0.00060112 -0.00137112 -0.0182125 0.0895071 
0.0103416 -0.018845 -0.000537697 0.000603479 -0.018845 0.0910837 0.000604968 -0.00140759 -0.000537697 0.000604968 0.00987705 -0.0181716 0.000603479 -0.00140759 -0.0181716 0.0894022 
0.0103162 -0.0188041 -0.000538919 0.000609004 -0.0188041 0.0910511 0.000609058 -0.00143607 -0.000538919 0.000609058 0.00988066 -0.0181766 0.000609004 -0.00143607 -0.0181766 0.089399 
0.0102844 -0.0187723 -0.000496496 0.000587601 -0.0187723 0.0909713 0.000584663 -0.00138323 -0.000496496 0.000584663 0.0098936 -0.0181761 0.000587601 -0.00138323 -0.0181761 0.0894019 
0.0102724 -0.018744 -0.000461896 0.000536743 -0.018744 0.0909078 0.000531236 -0.00128045 -0.000461896 0.000531236 0.00987026 -0.0181692 0.000536743 -0.00128045 -0.0181692 0.0893634 
0.0102443 -0.0186977 -0.000453457 0.000506755 -0.0186977 0.0907686 0.000503938 -0.00120203 -0.000453457 0.000503938 0.00985209 -0.0181564 0.000506755 -0.00120203 -0.0181564 0.0893449 
0.0102272 -0.0186546 -0.000430739 0.000493876 -0.0186546 0.0906447 0.000494572 -0.00115088 -0.000430739 0.000494572 0.00984745 -0.0181474 0.000493876 -0.00115088 -0.0181474 0.0893351 
0.0102424 -0.0186516 -0.000427511 0.000477705 -0.0186516 0.0906222 0.000478342 -0.00112604 -0.000427511 0.000478342 0.00984123 -0.0181348 0.000477705 -0.00112604 -0.0181348 0.0893042 
0.0102679 -0.018654 -0.000433034 0.000495933 -0.018654 0.0906147 0.000498147 -0.00116997 -0.000433034 0.000498147 0.00987402 -0.018161 0.000495933 -0.00116997 -0.018161 0.0893675 
0.010272 -0.0186693 -0.000402134 0.000492795 -0.0186693 0.0906142 0.000496353 -0.00117761 -0.000402134 0.000496353 0.00991536 -0.0182178 0.000492795 -0.00117761 -0.0182178 0.0895 
0.0102497 -0.0186967 -0.000364667 0.000439082 -0.0186967 0.0906834 0.000444903 -0.00108133 -0.000364667 0.000444903 0.00992173 -0.0182433 0.000439082 -0.00108133 -0.0182433 0.0895688 
0.010243 -0.0186829 -0.000352331 0.000393036 -0.0186829 0.0907087 0.000400869 -0.000964913 -0.000352331 0.000400869 0.00990452 -0.0182404 0.000393036 -0.000964913 -0.0182404 0.0895824 
0.0102607 -0.0186939 -0.000369894 0.000370371 -0.0186939 0.090755 0.000378122 -0.000873328 -0.000369894 0.000378122 0.0099013 -0.0182055 0.000370371 -0.000873328 -0.0182055 0.0895198 
0.0102736 -0.0187226 -0.000385938 0.000392663 -0.0187226 0.0908249 0.000397942 -0.000873934 -0.000385938 0.000397942 0.00990105 -0.018189 0.000392663 -0.000873934 -0.018189 0.0894452 
0.0102594 -0.0187023 -0.000388847 0.000423302 -0.0187023 0.0907794 0.00042822 -0.000943603 -0.000388847 0.00042822 0.00992005 -0.0182218 0.000423302 -0.000943603 -0.0182218 0.0895027 
0.0102616 -0.0187082 -0.000389526 0.000440692 -0.0187082 0.0907972 0.000444635 -0.00101907 -0.000389526 0.000444635 0.00991611 -0.0182272 0.000440692 -0.00101907 -0.0182272 0.0895195 
0.0102322 -0.0186776 -0.000382514 0.000443021 -0.0186776 0.0907201 0.000448282 -0.00105175 -0.000382514 0.000448282 0.00993065 -0.0182544 0.000443021 -0.00105175 -0.0182544 0.0896002 
0.0102299 -0.0186677 -0.00037726 0.000420631 -0.0186677 0.090697 0.000423576 -0.00100883 -0.00037726 0.000423576 0.00993213 -0.0182384 0.000420631 -0.00100883 -0.0182384 0.0895733 
0.0102593 -0.0186846 -0.00036971 0.000416083 -0.0186846 0.0907392 0.000410533 -0.00097112 -0.00036971 0.000410533 0.00992074 -0.0182213 0.000416083 -0.00097112 -0.0182213 0.0895128 
0.0102613 -0.0187042 -0.000375404 0.000420518 -0.0187042 0.0907716 0.000411587 -0.000977971 -0.000375404 0.000411587 0.009951 -0.0182296 0.000420518 -0.000977971 -0.0182296 0.0895221 
0.010249 -0.0187074 -0.000384316 0.000425899 -0.0187074 0.0907901 0.000417296 -0.000989068 -0.000384316 0.000417296 0.009988 -0.0182661 0.000425899 -0.000989068 -0.0182661 0.0895801 
0.0102427 -0.0187143 -0.000357561 0.000431366 -0.0187143 0.0908309 0.000426315 -0.00100287 -0.000357561 0.000426315 0.00999682 -0.0182836 0.000431366 -0.00100287 -0.0182836 0.0896033 
0.0102434 -0.018711 -0.00035719 0.000400153 -0.018711 0.090842 0.000401868 -0.000973561 -0.00035719 0.000401868 0.00998629 -0.0182883 0.000400153 -0.000973561 -0.0182883 0.089617 
0.010261 -0.0187093 -0.00034937 0.000387841 -0.0187093 0.0908473 0.000393911 -0.000924943 -0.00034937 0.000393911 0.00998871 -0.0182981 0.000387841 -0.000924943 -0.0182981 0.0896655 
0.0102679 -0.0187271 -0.000371016 0.000372389 -0.0187271 0.0908618 0.000378608 -0.000878254 -0.000371016 0.000378608 0.00997552 -0.018288 0.000372389 -0.000878254 -0.018288 0.0896499 
0.010287 -0.0187663 -0.000406259 0.000409693 -0.0187663 0.0909686 0.000411789 -0.00092821 -0.000406259 0.000411789 0.00995946 -0.0182362 0.000409693 -0.00092821 -0.0182362 0.0895197 
0.0103105 -0.018789 -0.000441964 0.000446245 -0.018789 0.0910385 0.000445294 -0.00100197 -0.000441964 0.000445294 0.00993734 -0.018206 0.000446245 -0.00100197 -0.018206 0.0894063 
0.0103273 -0.018801 -0.000451293 0.000502536 -0.018801 0.0910679 0.000499865 -0.00113373 -0.000451293 0.000499865 0.00994234 -0.0182089 0.000502536 -0.00113373 -0.0182089 0.0894021 
0.0103525 -0.0188062 -0.000431142 0.000521545 -0.0188062 0.0910716 0.000517432 -0.00122424 -0.000431142 0.000517432 0.009961 -0.0182523 0.000521545 -0.00122424 -0.0182523 0.089519 
0.0103938 -0.0188481 -0.000470959 0.000484834 -0.0188481 0.0911463 0.000481092 -0.00118155 -0.000470959 0.000481092 0.0099351 -0.0182659 0.000484834 -0.00118155 -0.0182659 0.0895823 
0.0104202 -0.0188736 -0.000517573 0.000526574 -0.0188736 0.0912021 0.000523678 -0.00120787 -0.000517573 0.000523678 0.00993445 -0.0182909 0.000526574 -0.00120787 -0.0182909 0.0897131 
0.0103962 -0.0189251 -0.000501713 0.000572441 -0.0189251 0.0913186 0.000571891 -0.00129553 -0.000501713 0.000571891 0.00992285 -0.0182513 0.000572441 -0.00129553 -0.0182513 0.0896548 
0.0103618 -0.0188945 -0.000481537 0.000559792 -0.0188945 0.0913236 0.000559992 -0.00132322 -0.000481537 0.000559992 0.00993989 -0.0182399 0.000559792 -0.00132322 -0.0182399 0.0896126 
0.0103209 -0.0188554 -0.000465319 0.000530587 -0.0188554 0.091247 0.00053003 -0.00126977 -0.000465319 0.00053003 0.00993903 -0.0182382 0.000530587 -0.00126977 -0.0182382 0.0895684 
0.0103031 -0.0187823 -0.000444254 0.000513332 -0.0187823 0.0910773 0.000511095 -0.00121525 -0.000444254 0.000511095 0.00994406 -0.0182651 0.000513332 -0.00121525 -0.0182651 0.0896277 
0.0102975 -0.018753 -0.00042949 0.000474473 -0.018753 0.0909408 0.000473376 -0.00112052 -0.00042949 0.000473376 0.00993111 -0.0182574 0.000474473 -0.00112052 -0.0182574 0.089622 
0.0102864 -0.0187343 -0.000427497 0.000465024 -0.0187343 0.0908417 0.000463864 -0.00107812 -0.000427497 0.000463864 0.00988558 -0.0182226 0.000465024 -0.00107812 -0.0182226 0.0895317 
0.0102919 -0.0187314 -0.000437794 0.000463262 -0.0187314 0.0908181 0.000459626 -0.00105948 -0.000437794 0.000459626 0.0098625 -0.0181609 0.000463262 -0.00105948 -0.0181609 0.0893929 
0.010291 -0.018751 -0.000434739 0.00048927 -0.018751 0.0908674 0.000483884 -0.00110538 -0.000434739 0.000483884 0.00986605 -0.0181278 0.00048927 -0.00110538 -0.0181278 0.0892722 
0.0102967 -0.0187413 -0.000455716 0.000493277 -0.0187413 0.0908742 0.000489684 -0.00114661 -0.000455716 0.000489684 0.00987311 -0.0181543 0.000493277 -0.00114661 -0.0181543 0.089291 
0.0102789 -0.0187404 -0.000450054 0.000512022 -0.0187404 0.0908591 0.000514382 -0.00118918 -0.000450054 0.000514382 0.00988116 -0.0181673 0.000512022 -0.00118918 -0.0181673 0.0893313 
0.0102552 -0.0187118 -0.000439865 0.000498701 -0.0187118 0.0908144 0.000505716 -0.00118586 -0.000439865 0.000505716 0.00991428 -0.0181975 0.000498701 -0.00118586 -0.0181975 0.0894177 
0.0102515 -0.0187324 -0.000404051 0.000477481 -0.0187324 0.0908756 0.000483021 -0.00113731 -0.000404051 0.000483021 0.0099274 -0.0181768 0.000477481 -0.00113731 -0.0181768 0.0893562 
0.0102291 -0.0186905 -0.000405467 0.00044052 -0.0186905 0.0907891 0.000441652 -0.00105899 -0.000405467 0.000441652 0.00995871 -0.0182269 0.00044052 -0.00105899 -0.0182269 0.0894456 
0.0102329 -0.0186685 -0.000382019 0.000444608 -0.0186685 0.0907222 0.000446138 -0.00103444 -0.000382019 0.000446138 0.00995472 -0.0182621 0.000444608 -0.00103444 -0.0182621 0.0895395 
0.010232 -0.0186735 -0.0003469 0.000427973 -0.0186735 0.0907029 0.000430593 -0.00102246 -0.0003469 0.000430593 0.00995791 -0.0182632 0.000427973 -0.00102246 -0.0182632 0.0895914 
0.0102273 -0.0186715 -0.000327639 0.000391906 -0.0186715 0.0907025 0.000396058 -0.00096887 -0.000327639 0.000396058 0.00997574 -0.0182796 0.000391906 -0.00096887 -0.0182796 0.0896454 
0.0102447 -0.0187045 -0.000342524 0.000356073 -0.0187045 0.0907876 0.000361362 -0.000876792 -0.000342524 0.000361362 0.00994074 -0.0182386 0.000356073 -0.000876792 -0.0182386 0.0895308 
0.0102312 -0.0186744 -0.000374624 0.000365881 -0.0186744 0.0907197 0.000372945 -0.000846633 -0.000374624 0.000372945 0.00993433 -0.0182548 0.000365881 -0.000846633 -0.0182548 0.0895751 
0.0102589 -0.0186704 -0.000413305 0.000414012 -0.0186704 0.0907016 0.000419201 -0.000927367 -0.000413305 0.000419201 0.00991023 -0.018242 0.000414012 -0.000927367 -0.018242 0.0895702 
0.0102943 -0.018726 -0.000439553 0.000462582 -0.018726 0.0908038 0.00046409 -0.00104068 -0.000439553 0.00046409 0.00987269 -0.0181822 0.000462582 -0.00104068 -0.0181822 0.0894382 
0.0103098 -0.0187738 -0.00045621 0.000498748 -0.0187738 0.0909352 0.000497834 -0.00114411 -0.00045621 0.000497834 0.00984779 -0.0181331 0.000498748 -0.00114411 -0.0181331 0.0892985 
0.0103305 -0.01877 -0.000472376 0.000527129 -0.01877 0.0909673 0.000522386 -0.00122742 -0.000472376 0.000522386 0.0098758 -0.0181508 0.000527129 -0.00122742 -0.0181508 0.0893282 
0.0103748 -0.0188225 -0.000500095 0.000538014 -0.0188225 0.0910782 0.000531421 -0.00126368 -0.000500095 0.000531421 0.00986166 -0.0181426 0.000538014 -0.00126368 -0.0181426 0.0892795 
0.0104121 -0.0188615 -0.000519206 0.000563087 -0.0188615 0.0911684 0.00055671 -0.00130216 -0.000519206 0.00055671 0.00987116 -0.0181523 0.000563087 -0.00130216 -0.0181523 0.089312 
0.0103877 -0.0189129 -0.00048899 0.000569652 -0.0189129 0.0912853 0.000565249 -0.00131371 -0.00048899 0.000565249 0.00988714 -0.0181522 0.000569652 -0.00131371 -0.0181522 0.0893076 
0.0103501 -0.0188704 -0.000451022 0.000544357 -0.0188704 0.0912609 0.000540508 -0.00129208 -0.000451022 0.000540508 0.00991296 -0.0181976 0.000544357 -0.00129208 -0.0181976 0.0894071 
0.0103117 -0.0188285 -0.00045053 0.000501268 -0.0188285 0.0911693 0.000498932 -0.00121554 -0.00045053 0.000498932 0.0099185 -0.0182071 0.000501268 -0.00121554 -0.0182071 0.0894418 
0.0103006 -0.0187879 -0.000446191 0.00049275 -0.0187879 0.0910788 0.000493996 -0.00116113 -0.000446191 0.000493996 0.00992351 -0.0182105 0.00049275 -0.00116113 -0.0182105 0.0894549 
0.0102768 -0.0187612 -0.000472157 0.000489428 -0.0187612 0.0909764 0.000493664 -0.00114792 -0.000472157 0.000493664 0.00992951 -0.0182197 0.000489428 -0.00114792 -0.0182197 0.0894754 
0.0102774 -0.0187134 -0.000471608 0.000521999 -0.0187134 0.0908454 0.000525567 -0.00119314 -0.000471608 0.000525567 0.00993995 -0.018248 0.000521999 -0.00119314 -0.018248 0.0895512 
0.0103148 -0.0187253 -0.000470739 0.000519005 -0.0187253 0.0908237 0.000521062 -0.00120788 -0.000470739 0.000521062 0.00992581 -0.0182533 0.000519005 -0.00120788 -0.0182533 0.0895819 
0.0103576 -0.0187702 -0.000452257 0.000525016 -0.0187702 0.0908902 0.000525338 -0.00122629 -0.000452257 0.000525338 0.00994141 -0.0182456 0.000525016 -0.00122629 -0.0182456 0.0895935 
0.0103628 -0.0188148 -0.000430872 0.000502473 -0.0188148 0.0909763 0.000498937 -0.00119322 -0.000430872 0.000498937 0.00995079 -0.0182669 0.000502473 -0.00119322 -0.0182669 0.0896258 
0.0103486 -0.0188673 -0.000410247 0.000460444 -0.0188673 0.091144 0.000457001 -0.00109498 -0.000410247 0.000457001 0.00993613 -0.0182177 0.000460444 -0.00109498 -0.0182177 0.0894989 
0.0103287 -0.0188226 -0.000405338 0.000451648 -0.0188226 0.0911222 0.000445291 -0.0010509 -0.000405338 0.000445291 0.00996396 -0.0182522 0.000451648 -0.0010509 -0.0182522 0.0895571 
0.0103124 -0.0187901 -0.000393159 0.000442497 -0.0187901 0.0910263 0.000433186 -0.00101428 -0.000393159 0.000433186 0.00994876 -0.018267 0.000442497 -0.00101428 -0.018267 0.089584 
0.0102843 -0.018768 -0.000381814 0.000428812 -0.018768 0.0909536 0.000425873 -0.00099059 -0.000381814 0.000425873 0.00993294 -0.0182575 0.000428812 -0.00099059 -0.0182575 0.0895977 
0.0102612 -0.0187114 -0.000388339 0.000411673 -0.0187114 0.0908236 0.000416349 -0.00096009 -0.000388339 0.000416349 0.00992452 -0.0182704 0.000411673 -0.00096009 -0.0182704 0.0896542 
0.0102501 -0.0187057 -0.000376892 0.000422102 -0.0187057 0.0907904 0.000430027 -0.00097197 -0.000376892 0.000430027 0.00992418 -0.0182365 0.000422102 -0.00097197 -0.0182365 0.0895992 
0.0102546 -0.0187035 -0.000363281 0.000414506 -0.0187035 0.0907978 0.000420023 -0.000974773 -0.000363281 0.000420023 0.00994276 -0.0182263 0.000414506 -0.000974773 -0.0182263 0.0895424 
0.0102792 -0.018711 -0.000377369 0.000408776 -0.018711 0.0908294 0.0004092 -0.000968365 -0.000377369 0.0004092 0.00998264 -0.0182683 0.000408776 -0.000968365 -0.0182683 0.0896074 
0.0102918 -0.0187573 -0.000395311 0.000424906 -0.0187573 0.0909276 0.000424963 -0.000988689 -0.000395311 0.000424963 0.0100047 -0.0182965 0.000424906 -0.000988689 -0.0182965 0.0896576 
0.0102671 -0.0187853 -0.000432683 0.00044493 -0.0187853 0.0910269 0.000447699 -0.00103648 -0.000432683 0.000447699 0.0100178 -0.0183027 0.00044493 -0.00103648 -0.0183027 0.0896652 
0.0102499 -0.0187527 -0.000421663 0.000484071 -0.0187527 0.0910121 0.000487753 -0.00111231 -0.000421663 0.000487753 0.0100262 -0.0183219 0.000484071 -0.00111231 -0.0183219 0.0897006 
0.0102333 -0.0187242 -0.000385591 0.000467566 -0.0187242 0.090931 0.000470954 -0.00111781 -0.000385591 0.000470954 0.0100169 -0.0183186 0.000467566 -0.00111781 -0.0183186 0.0896969 
0.0102825 -0.0187215 -0.000373922 0.000429457 -0.0187215 0.0909201 0.000427999 -0.0010522 -0.000373922 0.000427999 0.0100051 -0.0183125 0.000429457 -0.0010522 -0.0183125 0.0897004 
0.0103117 -0.0187723 -0.00036875 0.000411613 -0.0187723 0.090962 0.000407151 -0.000984145 -0.00036875 0.000407151 0.00997037 -0.018276 0.000411613 -0.000984145 -0.018276 0.0896124 
0.0103382 -0.0187895 -0.000398161 0.00041346 -0.0187895 0.091003 0.000411359 -0.000976225 -0.000398161 0.000411359 0.00994802 -0.0182701 0.00041346 -0.000976225 -0.0182701 0.089606 
0.0103455 -0.0188263 -0.000424309 0.00044705 -0.0188263 0.0910762 0.000447626 -0.00103211 -0.000424309 0.000447626 0.00993134 -0.0182347 0.00044705 -0.00103211 -0.0182347 0.0895406 
0.0103137 -0.0188082 -0.000428969 0.000468803 -0.0188082 0.091051 0.000473443 -0.00108636 -0.000428969 0.000473443 0.00993177 -0.0182444 0.000468803 -0.00108636 -0.0182444 0.0895605 
0.0103107 -0.0187905 -0.000434763 0.000478227 -0.0187905 0.0910411 0.000482398 -0.00112652 -0.000434763 0.000482398 0.00993323 -0.0182356 0.000478227 -0.00112652 -0.0182356 0.0895532 
0.0103139 -0.0187805 -0.000434564 0.000491697 -0.0187805 0.091012 0.000492905 -0.00116053 -0.000434564 0.000492905 0.00994218 -0.0182446 0.000491697 -0.00116053 -0.0182446 0.0895694 
0.0103123 -0.0188152 -0.000455584 0.000477822 -0.0188152 0.091083 0.000475055 -0.0011312 -0.000455584 0.000475055 0.00992244 -0.0182103 0.000477822 -0.0011312 -0.0182103 0.0894741 
0.0102927 -0.0187765 -0.000455978 0.00050261 -0.0187765 0.091027 0.000496364 -0.00114412 -0.000455978 0.000496364 0.0099534 -0.0182461 0.00050261 -0.00114412 -0.0182461 0.0895583 
0.0102678 -0.0187351 -0.000449933 0.000493648 -0.0187351 0.0908967 0.000484345 -0.00112814 -0.000449933 0.000484345 0.00995019 -0.0182752 0.000493648 -0.00112814 -0.0182752 0.0896298 
0.010277 -0.0186695 -0.000433464 0.000494847 -0.0186695 0.0907062 0.00048614 -0.00112763 -0.000433464 0.00048614 0.00994795 -0.0183141 0.000494847 -0.00112763 -0.0183141 0.0897703 
0.010302 -0.0187123 -0.000419347 0.000479814 -0.0187123 0.0907156 0.000473866 -0.00111732 -0.000419347 0.000473866 0.00989182 -0.0182468 0.000479814 -0.00111732 -0.0182468 0.0896444 
0.0103327 -0.0187671 -0.000443255 0.000470296 -0.0187671 0.0908533 0.000466437 -0.00110859 -0.000443255 0.000466437 0.00983734 -0.0181623 0.000470296 -0.00110859 -0.0181623 0.0894353 
0.0102929 -0.0187908 -0.000434944 0.00049836 -0.0187908 0.0909401 0.000495816 -0.0011459 -0.000434944 0.000495816 0.00985394 -0.0181161 0.00049836 -0.0011459 -0.0181161 0.0892927 
0.0102437 -0.0187387 -0.000411022 0.000492171 -0.0187387 0.0908989 0.000489988 -0.00116437 -0.000411022 0.000489988 0.00988014 -0.0181393 0.000492171 -0.00116437 -0.0181393 0.0892698 
0.0102167 -0.0186597 -0.000408531 0.000479039 -0.0186597 0.090733 0.000480926 -0.00117135 -0.000408531 0.000480926 0.00990458 -0.0181906 0.000479039 -0.00117135 -0.0181906 0.089372 
0.0102153 -0.0186341 -0.000394024 0.000453307 -0.0186341 0.0906253 0.000459961 -0.00110964 -0.000394024 0.000459961 0.00991873 -0.0182073 0.000453307 -0.00110964 -0.0182073 0.0894295 
0.0102386 -0.0186738 -0.000396661 0.000426751 -0.0186738 0.090697 0.000432767 -0.0010313 -0.000396661 0.000432767 0.00990399 -0.0181734 0.000426751 -0.0010313 -0.0181734 0.0893388 
0.010252 -0.018722 -0.000404364 0.00042653 -0.018722 0.0908193 0.000430647 -0.000994112 -0.000404364 0.000430647 0.00986547 -0.0181147 0.00042653 -0.000994112 -0.0181147 0.0891604 
0.0102102 -0.0187011 -0.000406081 0.000447469 -0.0187011 0.0907904 0.00044855 -0.00102669 -0.000406081 0.00044855 0.00985982 -0.0180981 0.000447469 -0.00102669 -0.0180981 0.0890942 
0.0101761 -0.0186412 -0.000422123 0.000453052 -0.0186412 0.0906751 0.000452206 -0.0010529 -0.000422123 0.000452206 0.0098644 -0.0181081 0.000453052 -0.0010529 -0.0181081 0.0891094 
0.0101387 -0.0185902 -0.000417927 0.000466071 -0.0185902 0.0905275 0.000467215 -0.00107679 -0.000417927 0.000467215 0.00985298 -0.0181069 0.000466071 -0.00107679 -0.0181069 0.0891072 
0.0101202 -0.0185257 -0.000411155 0.000470022 -0.0185257 0.0903515 0.000471135 -0.00110534 -0.000411155 0.000471135 0.00983543 -0.0181171 0.000470022 -0.00110534 -0.0181171 0.0891548 
0.0101345 -0.0185093 -0.000407211 0.000455173 -0.0185093 0.0902601 0.000458813 -0.001086 -0.000407211 0.000458813 0.00980523 -0.0180766 0.000455173 -0.001086 -0.0180766 0.0890884 
0.0101611 -0.0185135 -0.00037563 0.000453017 -0.0185135 0.0902238 0.000459814 -0.00107905 -0.00037563 0.000459814 0.00979677 -0.0180523 0.000453017 -0.00107905 -0.0180523 0.0890317 
0.0101754 -0.0185391 -0.000369304 0.000418039 -0.0185391 0.0902403 0.000426327 -0.00103265 -0.000369304 0.000426327 0.00980617 -0.0180453 0.000418039 -0.00103265 -0.0180453 0.0889985 
0.0101755 -0.0185768 -0.000374361 0.000418646 -0.0185768 0.0903432 0.000421347 -0.00101176 -0.000374361 0.000421347 0.00983217 -0.0180517 0.000418646 -0.00101176 -0.0180517 0.0889921 
0.0102011 -0.0186216 -0.000399298 0.000424568 -0.0186216 0.0905138 0.000417698 -0.00100444 -0.000399298 0.000417698 0.00981979 -0.0180531 0.000424568 -0.00100444 -0.0180531 0.0889619 
0.0102081 -0.0186517 -0.000374144 0.000442651 -0.0186517 0.090627 0.000433517 -0.00101105 -0.000374144 0.000433517 0.00982743 -0.0180569 0.000442651 -0.00101105 -0.0180569 0.0889866 
0.0102098 -0.0186574 -0.00035387 0.000416223 -0.0186574 0.0906798 0.000411606 -0.000988935 -0.00035387 0.000411606 0.0098365 -0.0180759 0.000416223 -0.000988935 -0.0180759 0.0890369 
0.0101996 -0.0186163 -0.000371026 0.000394271 -0.0186163 0.090584 0.000395497 -0.000947832 -0.000371026 0.000395497 0.00986202 -0.0181367 0.000394271 -0.000947832 -0.0181367 0.089211 
0.0102076 -0.0185983 -0.000400027 0.000417711 -0.0185983 0.0905132 0.000419322 -0.000968628 -0.000400027 0.000419322 0.00989098 -0.018186 0.000417711 -0.000968628 -0.018186 0.0893809 
0.0102273 -0.0186323 -0.000387974 0.000458152 -0.0186323 0.0905688 0.000455533 -0.00104852 -0.000387974 0.000455533 0.00992893 -0.0182105 0.000458152 -0.00104852 -0.0182105 0.0894769 
0.0102723 -0.0186687 -0.000410167 0.000450203 -0.0186687 0.0906708 0.000444064 -0.00107446 -0.000410167 0.000444064 0.00995812 -0.0182662 0.000450203 -0.00107446 -0.0182662 0.0896084 
0.0102794 -0.0187168 -0.000421516 0.000468307 -0.0187168 0.0907631 0.000461787 -0.00109307 -0.000421516 0.000461787 0.00997357 -0.0182902 0.000468307 -0.00109307 -0.0182902 0.0896867 
0.0103251 -0.0187647 -0.000454322 0.000472466 -0.0187647 0.0909211 0.000466015 -0.00110198 -0.000454322 0.000466015 0.00994484 -0.0182745 0.000472466 -0.00110198 -0.0182745 0.0896568 
0.0103587 -0.0187979 -0.000483995 0.000511989 -0.0187979 0.0910066 0.000509976 -0.00117053 -0.000483995 0.000509976 0.00992776 -0.0182667 0.000511989 -0.00117053 -0.0182667 0.089656 
0.0103588 -0.0188243 -0.000492845 0.000540336 -0.0188243 0.0910531 0.000545967 -0.00125061 -0.000492845 0.000545967 0.00990692 -0.0182488 0.000540336 -0.00125061 -0.0182488 0.0896272 
0.0103823 -0.0188272 -0.000527881 0.000548488 -0.0188272 0.0910909 0.000560472 -0.0012972 -0.000527881 0.000560472 0.0098795 -0.0182337 0.000548488 -0.0012972 -0.0182337 0.0896015 
0.0103976 -0.018878 -0.000541738 0.000591306 -0.018878 0.0911987 0.000603604 -0.00138192 -0.000541738 0.000603604 0.00984824 -0.0181586 0.000591306 -0.00138192 -0.0181586 0.0894239 
0.0103793 -0.0188733 -0.000553451 0.000614276 -0.0188733 0.0912121 0.000621656 -0.00145452 -0.000553451 0.000621656 0.00985802 -0.0181436 0.000614276 -0.00145452 -0.0181436 0.0893496 
0.0103645 -0.0188566 -0.000553058 0.000622574 -0.0188566 0.091198 0.000626505 -0.00147872 -0.000553058 0.000626505 0.00988278 -0.0181598 0.000622574 -0.00147872 -0.0181598 0.0893561 
0.0103784 -0.0188455 -0.000553503 0.000621312 -0.0188455 0.0911832 0.000620353 -0.0014777 -0.000553503 0.000620353 0.00991061 -0.0182015 0.000621312 -0.0014777 -0.0182015 0.0894505 
0.0104091 -0.0188572 -0.000551002 0.000628568 -0.0188572 0.0911841 0.000624823 -0.00148973 -0.000551002 0.000624823 0.00993798 -0.0182431 0.000628568 -0.00148973 -0.0182431 0.0895659 
0.010384 -0.0188888 -0.00054436 0.000606574 -0.0188888 0.0912066 0.000600598 -0.00143686 -0.00054436 0.000600598 0.00991944 -0.0182413 0.000606574 -0.00143686 -0.0182413 0.0895646 
0.0103333 -0.018866 -0.000529036 0.000590771 -0.018866 0.0911906 0.000584177 -0.00137763 -0.000529036 0.000584177 0.00988233 -0.0182014 0.000590771 -0.00137763 -0.0182014 0.0894814 
0.0103174 -0.0187921 -0.00053256 0.000582164 -0.0187921 0.0910579 0.000578245 -0.00135631 -0.00053256 0.000578245 0.00985303 -0.0181792 0.000582164 -0.00135631 -0.0181792 0.0894366 
0.0103178 -0.0187511 -0.000555093 0.000604241 -0.0187511 0.0909119 0.000604451 -0.00140842 -0.000555093 0.000604451 0.00982521 -0.0181553 0.000604241 -0.00140842 -0.0181553 0.0893891 
0.0103551 -0.0187607 -0.000564999 0.000639415 -0.0187607 0.0909013 0.00064041 -0.00149508 -0.000564999 0.00064041 0.00983529 -0.0181379 0.000639415 -0.00149508 -0.0181379 0.0893618 
0.0103901 -0.0188141 -0.000544327 0.00064297 -0.0188141 0.0909905 0.000641549 -0.00152577 -0.000544327 0.000641549 0.00981675 -0.0181276 0.00064297 -0.00152577 -0.0181276 0.0892994 
0.0103981 -0.0188946 -0.000506526 0.000592202 -0.0188946 0.0912 0.000591191 -0.00142753 -0.000506526 0.000591191 0.00979392 -0.0180602 0.000592202 -0.00142753 -0.0180602 0.0891242 
0.0103871 -0.0188719 -0.00052578 0.000549989 -0.0188719 0.0912189 0.000547287 -0.00131631 -0.00052578 0.000547287 0.00977764 -0.0180766 0.000549989 -0.00131631 -0.0180766 0.0891287 
0.0103725 -0.0188451 -0.000554048 0.000586824 -0.0188451 0.0911653 0.000582398 -0.00133881 -0.000554048 0.000582398 0.00977728 -0.0180831 0.000586824 -0.00133881 -0.0180831 0.0891818 
0.0103471 -0.0188308 -0.00058 0.000620949 -0.0188308 0.0911175 0.000616195 -0.00141403 -0.00058 0.000616195 0.0097744 -0.0180634 0.000620949 -0.00141403 -0.0180634 0.0891466 
0.0103427 -0.0188177 -0.000580796 0.000646222 -0.0188177 0.0911014 0.000642613 -0.00147911 -0.000580796 0.000642613 0.00977942 -0.0180327 0.000646222 -0.00147911 -0.0180327 0.0890534 
0.0103453 -0.0188275 -0.000536795 0.000645586 -0.0188275 0.0911236 0.000643361 -0.00150437 -0.000536795 0.000643361 0.00979565 -0.0180138 0.000645586 -0.00150437 -0.0180138 0.0889519 
0.0103256 -0.0188113 -0.000460985 0.000603309 -0.0188113 0.0910844 0.000601349 -0.00145831 -0.000460985 0.000601349 0.00982641 -0.0180568 0.000603309 -0.00145831 -0.0180568 0.0890063 
0.010313 -0.0187609 -0.000426129 0.000511858 -0.0187609 0.0909653 0.000512338 -0.00128999 -0.000426129 0.000512338 0.00985327 -0.0181358 0.000511858 -0.00128999 -0.0181358 0.0892033 
0.0102813 -0.0187553 -0.000411582 0.000453561 -0.0187553 0.0909069 0.0004547 -0.00110369 -0.000411582 0.0004547 0.00986753 -0.0181463 0.000453561 -0.00110369 -0.0181463 0.0892796 
0.0102567 -0.0186927 -0.000432378 0.000452972 -0.0186927 0.0907778 0.000453425 -0.00105366 -0.000432378 0.000453425 0.00991124 -0.0182063 0.000452972 -0.00105366 -0.0182063 0.0894428 
