0.00729082 0 -0.000741943 0 0 0.01 0 0 -0.000741943 0 0.00734244 0 0 0 0 0.01 
0.010283 -0.0127756 -0.000889193 0.00108701 -0.0127756 0.0336708 0.00108701 -0.0020839 -0.000889193 0.00108701 0.0103502 -0.0128492 0.00108701 -0.0020839 -0.0128492 0.0338114 
0.0102976 -0.0194072 -0.000713887 0.00114548 -0.0194072 0.0712504 0.00114548 -0.00359016 -0.000713887 0.00114548 0.0103479 -0.0193289 0.00114548 -0.00359016 -0.0193289 0.0709422 
0.00963164 -0.0189848 -0.000678009 0.000795744 -0.0189848 0.085234 0.000795005 -0.0025858 -0.000678009 0.000795005 0.0097599 -0.0189474 0.000795744 -0.0025858 -0.0189474 0.0847366 
0.00959818 -0.0181546 -0.00074368 0.000766065 -0.0181546 0.0880287 0.000766607 -0.00189119 -0.00074368 0.000766607 0.00978744 -0.0183087 0.000766065 -0.00189119 -0.0183087 0.0880949 
0.00980993 -0.0180679 -0.000788029 0.000864175 -0.0180679 0.0887589 0.000868939 -0.00191275 -0.000788029 0.000868939 0.0099542 -0.0182202 0.000864175 -0.00191275 -0.0182202 0.0890424 
0.00998368 -0.0182722 -0.00083858 0.000941693 -0.0182722 0.0894348 0.000948355 -0.00217142 -0.00083858 0.000948355 0.0100679 -0.0182973 0.000941693 -0.00217142 -0.0182973 0.0894838 
0.0100584 -0.0183564 -0.000841828 0.000985112 -0.0183564 0.0897516 0.000984503 -0.00233148 -0.000841828 0.000984503 0.0101402 -0.0184523 0.000985112 -0.00233148 -0.0184523 0.0899272 
0.010091 -0.0184399 -0.000804597 0.000979229 -0.0184399 0.0899823 0.000971292 -0.00236508 -0.000804597 0.000971292 0.0101656 -0.0185022 0.000979229 -0.00236508 -0.0185022 0.0901261 
0.0101051 -0.0184973 -0.000795783 0.000924877 -0.0184973 0.0901695 0.000916743 -0.00227309 -0.000795783 0.000916743 0.0101464 -0.0185019 0.000924877 -0.00227309 -0.0185019 0.0901383 
0.0101033 -0.018529 -0.000793959 0.000907833 -0.018529 0.0903092 0.000907153 -0.00219978 -0.000793959 0.000907153 0.010142 -0.018492 0.000907833 -0.00219978 -0.018492 0.0901388 
0.0100906 -0.0185522 -0.00077102 0.000895701 -0.0185522 0.0904173 0.000900192 -0.00214892 -0.00077102 0.000900192 0.0101122 -0.0184555 0.000895701 -0.00214892 -0.0184555 0.0900433 
0.010057 -0.0185216 -0.000720614 0.000871725 -0.0185216 0.0903853 0.000876973 -0.00209616 -0.000720614 0.000876973 0.0100961 -0.0184272 0.000871725 -0.00209616 -0.0184272 0.0899755 
0.0100245 -0.0184318 -0.000664492 0.000824176 -0.0184318 0.0901857 0.000826607 -0.00201734 -0.000664492 0.000826607 0.0101283 -0.0184697 0.000824176 -0.00201734 -0.0184697 0.090084 
0.010011 -0.0184059 -0.000635191 0.000755589 -0.0184059 0.0900653 0.000757117 -0.00187032 -0.000635191 0.000757117 0.0101206 -0.0184735 0.000755589 -0.00187032 -0.0184735 0.0900917 
0.0100057 -0.0183744 -0.00064801 0.000715774 -0.0183744 0.089966 0.000716951 -0.00174085 -0.00064801 0.000716951 0.0101412 -0.018495 0.000715774 -0.00174085 -0.018495 0.0901712 
0.0100138 -0.0184006 -0.000693207 0.000743379 -0.0184006 0.0900021 0.000745987 -0.00175321 -0.000693207 0.000745987 0.0101319 -0.0184785 0.000743379 -0.00175321 -0.0184785 0.090129 
0.010018 -0.0184186 -0.000654208 0.000781889 -0.0184186 0.0900653 0.000786451 -0.00181133 -0.000654208 0.000786451 0.0101415 -0.0184704 0.000781889 -0.00181133 -0.0184704 0.0901048 
0.0100277 -0.0184456 -0.000612008 0.000751676 -0.0184456 0.0901453 0.000754226 -0.00181444 -0.000612008 0.000754226 0.0101263 -0.0184441 0.000751676 -0.00181444 -0.0184441 0.0900134 
0.0100306 -0.0184266 -0.000557565 0.000695482 -0.0184266 0.0901165 0.000695991 -0.00170743 -0.000557565 0.000695991 0.0101162 -0.0184623 0.000695482 -0.00170743 -0.0184623 0.090045 
0.0100003 -0.0183979 -0.000539341 0.000632666 -0.0183979 0.0900144 0.000634867 -0.00156722 -0.000539341 0.000634867 0.0101111 -0.0184662 0.000632666 -0.00156722 -0.0184662 0.0900802 
0.00998675 -0.0183526 -0.000538995 0.000610746 -0.0183526 0.0898991 0.00061259 -0.0014738 -0.000538995 0.00061259 0.0101205 -0.0184768 0.000610746 -0.0014738 -0.0184768 0.0901321 
0.00999022 -0.0183633 -0.00054333 0.00062283 -0.0183633 0.0898971 0.000620798 -0.00147283 -0.00054333 0.000620798 0.0101158 -0.0184563 0.00062283 -0.00147283 -0.0184563 0.0900849 
0.0099899 -0.0183869 -0.000544519 0.000633746 -0.0183869 0.0899595 0.000632247 -0.00150452 -0.000544519 0.000632247 0.0101016 -0.0184274 0.000633746 -0.00150452 -0.0184274 0.0899937 
0.00998202 -0.0183961 -0.000541451 0.000646175 -0.0183961 0.0900081 0.00064522 -0.00155323 -0.000541451 0.00064522 0.0100743 -0.0183901 0.000646175 -0.00155323 -0.0183901 0.0898777 
0.00997467 -0.0183735 -0.000525706 0.000630428 -0.0183735 0.0899884 0.000629809 -0.00153392 -0.000525706 0.000629809 0.0100739 -0.018384 0.000630428 -0.00153392 -0.018384 0.0898534 
0.00996236 -0.0183713 -0.000517317 0.000598313 -0.0183713 0.0899824 0.000599245 -0.00145975 -0.000517317 0.000599245 0.0100821 -0.018374 0.000598313 -0.00145975 -0.018374 0.0898162 
0.00995257 -0.0183485 -0.000491848 0.000594017 -0.0183485 0.089936 0.000595274 -0.0014289 -0.000491848 0.000595274 0.0100773 -0.0183864 0.000594017 -0.0014289 -0.0183864 0.089824 
0.00996853 -0.0183511 -0.000486284 0.000571262 -0.0183511 0.0899349 0.000572331 -0.00139304 -0.000486284 0.000572331 0.0100668 -0.0183697 0.000571262 -0.00139304 -0.0183697 0.0898031 
0.00999068 -0.0183388 -0.000529671 0.000590902 -0.0183388 0.0898748 0.000593767 -0.00144261 -0.000529671 0.000593767 0.0100637 -0.0183845 0.000590902 -0.00144261 -0.0183845 0.0898485 
0.0100034 -0.0183359 -0.000524623 0.000613472 -0.0183359 0.0898189 0.000620253 -0.0014696 -0.000524623 0.000620253 0.0100782 -0.0184252 0.000613472 -0.0014696 -0.0184252 0.0899786 
0.00999742 -0.0183724 -0.00051492 0.00061769 -0.0183724 0.0898707 0.000624494 -0.00150625 -0.00051492 0.000624494 0.0100693 -0.0184086 0.00061769 -0.00150625 -0.0184086 0.0899646 
0.00996393 -0.0183739 -0.000532179 0.00058204 -0.0183739 0.0899082 0.000585672 -0.00142672 -0.000532179 0.000585672 0.0100667 -0.0183875 0.00058204 -0.00142672 -0.0183875 0.0899119 
0.00994445 -0.0183277 -0.000520028 0.000606765 -0.0183277 0.0898401 0.000605529 -0.00142584 -0.000520028 0.000605529 0.0100544 -0.0183832 0.000606765 -0.00142584 -0.0183832 0.0898831 
0.00992683 -0.0182935 -0.000513604 0.000608637 -0.0182935 0.0897419 0.000603032 -0.00145198 -0.000513604 0.000603032 0.0100421 -0.0183712 0.000608637 -0.00145198 -0.0183712 0.0898585 
0.00993122 -0.0182808 -0.000493515 0.000590355 -0.0182808 0.0897032 0.000583648 -0.00141178 -0.000493515 0.000583648 0.0100347 -0.0183487 0.000590355 -0.00141178 -0.0183487 0.0897991 
0.0099467 -0.0182783 -0.000476525 0.000558401 -0.0182783 0.0896818 0.000552733 -0.00133758 -0.000476525 0.000552733 0.0100391 -0.0183586 0.000558401 -0.00133758 -0.0183586 0.08981 
0.00996413 -0.0183123 -0.000482372 0.000551037 -0.0183123 0.0897457 0.000547836 -0.00131624 -0.000482372 0.000547836 0.0100458 -0.0183461 0.000551037 -0.00131624 -0.0183461 0.0897769 
0.00996891 -0.0183079 -0.000481958 0.000550453 -0.0183079 0.0897412 0.00054858 -0.00130019 -0.000481958 0.00054858 0.0100641 -0.0183846 0.000550453 -0.00130019 -0.0183846 0.0898561 
0.00996386 -0.0183461 -0.000492979 0.000551259 -0.0183461 0.089832 0.000550903 -0.00130185 -0.000492979 0.000550903 0.0100658 -0.0183787 0.000551259 -0.00130185 -0.0183787 0.0898526 
0.00995951 -0.0183641 -0.00048084 0.000564405 -0.0183641 0.089924 0.000565601 -0.00132463 -0.00048084 0.000565601 0.0100385 -0.0183545 0.000564405 -0.00132463 -0.0183545 0.0897837 
0.00995599 -0.018342 -0.00044862 0.000560653 -0.018342 0.0899045 0.000560505 -0.00134252 -0.00044862 0.000560505 0.0100255 -0.018334 0.000560653 -0.00134252 -0.018334 0.0897409 
0.00994322 -0.0183326 -0.000483069 0.000535746 -0.0183326 0.0898647 0.000533699 -0.00132319 -0.000483069 0.000533699 0.0100255 -0.0183031 0.000535746 -0.00132319 -0.0183031 0.089652 
0.00995089 -0.0182943 -0.000534144 0.000582544 -0.0182943 0.0897661 0.000578793 -0.0013848 -0.000534144 0.000578793 0.010029 -0.0183232 0.000582544 -0.0013848 -0.0183232 0.0896656 
0.00995465 -0.0182767 -0.000574924 0.000626249 -0.0182767 0.0896672 0.000624869 -0.00146939 -0.000574924 0.000624869 0.0100682 -0.0183723 0.000626249 -0.00146939 -0.0183723 0.0898065 
0.00997605 -0.0182976 -0.000581582 0.000672703 -0.0182976 0.089686 0.000671426 -0.00157634 -0.000581582 0.000671426 0.0100869 -0.0184121 0.000672703 -0.00157634 -0.0184121 0.0899128 
0.0100021 -0.0183912 -0.000596009 0.000704251 -0.0183912 0.0899069 0.000701302 -0.00169567 -0.000596009 0.000701302 0.0100302 -0.0183438 0.000704251 -0.00169567 -0.0183438 0.0897479 
0.00997778 -0.0183614 -0.000573072 0.000700435 -0.0183614 0.0898971 0.000698275 -0.00170691 -0.000573072 0.000698275 0.0100391 -0.0183619 0.000700435 -0.00170691 -0.0183619 0.0898056 
0.00995205 -0.018306 -0.000544096 0.000667676 -0.018306 0.0897648 0.000667032 -0.00165298 -0.000544096 0.000667032 0.010053 -0.0183922 0.000667676 -0.00165298 -0.0183922 0.0898995 
0.00993213 -0.0182917 -0.000548561 0.000641683 -0.0182917 0.0896979 0.000643592 -0.00160015 -0.000548561 0.000643592 0.0100353 -0.0183721 0.000641683 -0.00160015 -0.0183721 0.0898612 
0.00994404 -0.0182846 -0.00057557 0.000645115 -0.0182846 0.089696 0.000650633 -0.00158549 -0.00057557 0.000650633 0.0100355 -0.0183569 0.000645115 -0.00158549 -0.0183569 0.0898371 
0.00996494 -0.0182988 -0.000625565 0.000677238 -0.0182988 0.0897174 0.00068816 -0.00164236 -0.000625565 0.00068816 0.0100445 -0.0183571 0.000677238 -0.00164236 -0.0183571 0.0898234 
0.00999327 -0.0183286 -0.000675305 0.000729424 -0.0183286 0.0897885 0.000742701 -0.00174471 -0.000675305 0.000742701 0.010069 -0.0183825 0.000729424 -0.00174471 -0.0183825 0.0898755 
0.0100008 -0.0183717 -0.000653899 0.000779957 -0.0183717 0.0898937 0.000789586 -0.00185142 -0.000653899 0.000789586 0.0100842 -0.0184009 0.000779957 -0.00185142 -0.0184009 0.0899099 
0.0100134 -0.0184012 -0.000615147 0.000751583 -0.0184012 0.0900153 0.000753126 -0.00183672 -0.000615147 0.000753126 0.0100976 -0.0184208 0.000751583 -0.00183672 -0.0184208 0.0899616 
0.0100475 -0.0184775 -0.000572859 0.000698395 -0.0184775 0.0902368 0.000692897 -0.00171384 -0.000572859 0.000692897 0.0100635 -0.0183648 0.000698395 -0.00171384 -0.0183648 0.0898188 
0.0100523 -0.0185101 -0.000546311 0.000656648 -0.0185101 0.0903633 0.00064898 -0.00160145 -0.000546311 0.00064898 0.0100465 -0.0183307 0.000656648 -0.00160145 -0.0183307 0.089711 
0.0100227 -0.0184502 -0.000574092 0.000633594 -0.0184502 0.0902396 0.000627572 -0.0015356 -0.000574092 0.000627572 0.0100677 -0.0183703 0.000633594 -0.0015356 -0.0183703 0.0897964 
0.00999045 -0.0183779 -0.000595424 0.000667976 -0.0183779 0.090022 0.000661849 -0.00156463 -0.000595424 0.000661849 0.010085 -0.0184194 0.000667976 -0.00156463 -0.0184194 0.089937 
0.00997969 -0.0183531 -0.000591196 0.00068503 -0.0183531 0.08991 0.000678199 -0.00160195 -0.000591196 0.000678199 0.0100847 -0.018433 0.00068503 -0.00160195 -0.018433 0.0900108 
0.00998979 -0.018357 -0.000609909 0.00069621 -0.018357 0.0899011 0.000689866 -0.00165718 -0.000609909 0.000689866 0.0100709 -0.0184202 0.00069621 -0.00165718 -0.0184202 0.0900022 
0.00998144 -0.0183596 -0.000619423 0.000692968 -0.0183596 0.0898935 0.000691945 -0.00164479 -0.000619423 0.000691945 0.010069 -0.0184076 0.000692968 -0.00164479 -0.0184076 0.0899771 
0.00999107 -0.0183736 -0.000612274 0.000707123 -0.0183736 0.0899451 0.000710009 -0.00167066 -0.000612274 0.000710009 0.0100554 -0.0183846 0.000707123 -0.00167066 -0.0183846 0.0899076 
0.00999347 -0.0183857 -0.00061204 0.000707677 -0.0183857 0.0899787 0.000712076 -0.00169762 -0.00061204 0.000712076 0.010032 -0.0183533 0.000707677 -0.00169762 -0.0183533 0.0898128 
0.00998511 -0.0183489 -0.000625679 0.000719649 -0.0183489 0.0898916 0.000721092 -0.00173277 -0.000625679 0.000721092 0.0100202 -0.0183563 0.000719649 -0.00173277 -0.0183563 0.0898105 
0.00997148 -0.0183006 -0.000616245 0.000728596 -0.0183006 0.0897335 0.000726027 -0.00174496 -0.000616245 0.000726027 0.0100115 -0.0183717 0.000728596 -0.00174496 -0.0183717 0.0898636 
0.00997393 -0.0183056 -0.000580637 0.000718645 -0.0183056 0.0896926 0.000713875 -0.00173365 -0.000580637 0.000713875 0.00996555 -0.0183269 0.000718645 -0.00173365 -0.0183269 0.0897835 
0.00995177 -0.0182958 -0.000569046 0.000678828 -0.0182958 0.089657 0.000672695 -0.00166936 -0.000569046 0.000672695 0.00994063 -0.0182796 0.000678828 -0.00166936 -0.0182796 0.0896792 
0.00992624 -0.0182669 -0.000531259 0.000667582 -0.0182669 0.0895964 0.000661948 -0.00162343 -0.000531259 0.000661948 0.00991852 -0.0182326 0.000667582 -0.00162343 -0.0182326 0.0895388 
0.00991183 -0.0182061 -0.000523178 0.000627966 -0.0182061 0.0894587 0.00062211 -0.00156016 -0.000523178 0.00062211 0.00994228 -0.0182484 0.000627966 -0.00156016 -0.0182484 0.0895569 
0.00994764 -0.0182469 -0.000518661 0.000617489 -0.0182469 0.0895236 0.000614495 -0.0015157 -0.000518661 0.000614495 0.00993491 -0.018214 0.000617489 -0.0015157 -0.018214 0.0894478 
0.00996082 -0.0182984 -0.000512221 0.000609767 -0.0182984 0.0896399 0.000613348 -0.00149883 -0.000512221 0.000613348 0.00992367 -0.0181825 0.000609767 -0.00149883 -0.0181825 0.0893201 
0.00996941 -0.0183251 -0.000502644 0.000586814 -0.0183251 0.0897534 0.000594822 -0.00144684 -0.000502644 0.000594822 0.00991956 -0.0181777 0.000586814 -0.00144684 -0.0181777 0.0892781 
0.00995351 -0.0183219 -0.000477904 0.000576853 -0.0183219 0.089773 0.0005865 -0.00141355 -0.000477904 0.0005865 0.00990652 -0.0181749 0.000576853 -0.00141355 -0.0181749 0.0892556 
0.00990982 -0.0182476 -0.000432705 0.000529521 -0.0182476 0.0896081 0.000536523 -0.00130204 -0.000432705 0.000536523 0.00994857 -0.018224 0.000529521 -0.00130204 -0.018224 0.0893986 
0.00991233 -0.0182398 -0.000444781 0.000492527 -0.0182398 0.0895688 0.0004935 -0.00120919 -0.000444781 0.0004935 0.00994361 -0.018219 0.000492527 -0.00120919 -0.018219 0.0893887 
0.00990553 -0.0182153 -0.000452668 0.000501787 -0.0182153 0.0894853 0.000497948 -0.00117163 -0.000452668 0.000497948 0.00995169 -0.0182451 0.000501787 -0.00117163 -0.0182451 0.0894642 
0.00988594 -0.0182179 -0.000488793 0.000540772 -0.0182179 0.0894634 0.000532527 -0.00125744 -0.000488793 0.000532527 0.0099576 -0.0182366 0.000540772 -0.00125744 -0.0182366 0.0894651 
0.00989349 -0.0182264 -0.000514933 0.000583615 -0.0182264 0.0895106 0.000572855 -0.00135596 -0.000514933 0.000572855 0.00994896 -0.0182139 0.000583615 -0.00135596 -0.0182139 0.0893958 
0.00989457 -0.0182067 -0.000508713 0.000625628 -0.0182067 0.0894572 0.000613765 -0.00147761 -0.000508713 0.000613765 0.00994223 -0.0182212 0.000625628 -0.00147761 -0.0182212 0.0893963 
0.00989943 -0.018222 -0.000496761 0.000613707 -0.018222 0.089468 0.000605602 -0.00150825 -0.000496761 0.000605602 0.0099165 -0.0181898 0.000613707 -0.00150825 -0.0181898 0.0893253 
0.0098738 -0.0181974 -0.000500816 0.000575412 -0.0181974 0.0894108 0.000577131 -0.0014345 -0.000500816 0.000577131 0.00992281 -0.0182017 0.000575412 -0.0014345 -0.0182017 0.0893652 
0.00987379 -0.0181673 -0.000505125 0.000571756 -0.0181673 0.0893537 0.00057775 -0.00139097 -0.000505125 0.00057775 0.0099382 -0.0182262 0.000571756 -0.00139097 -0.0182262 0.0894425 
0.0099026 -0.0182012 -0.000508232 0.00058409 -0.0182012 0.0894145 0.000590988 -0.00140589 -0.000508232 0.000590988 0.00993342 -0.0182083 0.00058409 -0.00140589 -0.0182083 0.0894081 
0.00992932 -0.018217 -0.000527922 0.000581302 -0.018217 0.0894563 0.000587163 -0.00139894 -0.000527922 0.000587163 0.00996076 -0.0182403 0.000581302 -0.00139894 -0.0182403 0.0894844 
0.00995411 -0.0182393 -0.000559028 0.000615079 -0.0182393 0.089492 0.000617732 -0.001454 -0.000559028 0.000617732 0.00998586 -0.0182878 0.000615079 -0.001454 -0.0182878 0.0896068 
0.00998814 -0.0182846 -0.000587936 0.000651779 -0.0182846 0.0895951 0.000652269 -0.00153412 -0.000587936 0.000652269 0.00997916 -0.018315 0.000651779 -0.00153412 -0.018315 0.089697 
0.0099759 -0.0183145 -0.000601039 0.00068028 -0.0183145 0.089674 0.000682796 -0.00160666 -0.000601039 0.000682796 0.009998 -0.0183227 0.00068028 -0.00160666 -0.0183227 0.0897584 
0.00997622 -0.0183324 -0.000578171 0.000698222 -0.0183324 0.089765 0.000700528 -0.00166648 -0.000578171 0.000700528 0.009985 -0.018303 0.000698222 -0.00166648 -0.018303 0.0896966 
0.00996843 -0.0182942 -0.000589633 0.000671083 -0.0182942 0.0896961 0.000672076 -0.00164373 -0.000589633 0.000672076 0.00998767 -0.0183284 0.000671083 -0.00164373 -0.0183284 0.0897572 
0.00997909 -0.0183143 -0.000554175 0.000666758 -0.0183143 0.0897265 0.00066698 -0.00159217 -0.000554175 0.00066698 0.00998241 -0.0183076 0.000666758 -0.00159217 -0.0183076 0.0897275 
0.00997752 -0.0183206 -0.000536382 0.000635203 -0.0183206 0.0897467 0.000635055 -0.00154227 -0.000536382 0.000635055 0.00999061 -0.0183036 0.000635203 -0.00154227 -0.0183036 0.0897009 
0.00999146 -0.018353 -0.000524049 0.000622427 -0.018353 0.0898398 0.000623132 -0.00151028 -0.000524049 0.000623132 0.00997344 -0.0182724 0.000622427 -0.00151028 -0.0182724 0.0895985 
0.00996071 -0.0183177 -0.000531271 0.000613729 -0.0183177 0.089759 0.000610546 -0.00148558 -0.000531271 0.000610546 0.0099615 -0.0182869 0.000613729 -0.00148558 -0.0182869 0.0896117 
0.00995991 -0.0182935 -0.00056699 0.000627287 -0.0182935 0.0897054 0.000618148 -0.00149595 -0.00056699 0.000618148 0.00995043 -0.0182695 0.000627287 -0.00149595 -0.0182695 0.0895969 
0.00995513 -0.0182666 -0.00059365 0.000660727 -0.0182666 0.0896042 0.000651547 -0.00154255 -0.00059365 0.000651547 0.00994752 -0.0182657 0.000660727 -0.00154255 -0.0182657 0.0895888 
0.00996921 -0.0183112 -0.000620246 0.000693316 -0.0183112 0.0896905 0.000688751 -0.00162589 -0.000620246 0.000688751 0.00991504 -0.0182036 0.000693316 -0.00162589 -0.0182036 0.0894188 
0.00996975 -0.0183262 -0.000608983 0.000722111 -0.0183262 0.0897477 0.000718611 -0.00170293 -0.000608983 0.000718611 0.00988239 -0.0181527 0.000722111 -0.00170293 -0.0181527 0.0892544 
0.00994122 -0.0182865 -0.000572597 0.000711743 -0.0182865 0.0896753 0.000708154 -0.00172141 -0.000572597 0.000708154 0.00989371 -0.0181631 0.000711743 -0.00172141 -0.0181631 0.0892607 
0.00991532 -0.0182294 -0.0005759 0.000667101 -0.0182294 0.0895277 0.000665684 -0.00165318 -0.0005759 0.000665684 0.00991062 -0.0181952 0.000667101 -0.00165318 -0.0181952 0.0893359 
0.0099117 -0.018202 -0.000578131 0.000666982 -0.018202 0.0894236 0.000670021 -0.00161932 -0.000578131 0.000670021 0.00990296 -0.0182059 0.000666982 -0.00161932 -0.0182059 0.0893806 
0.00992366 -0.0182301 -0.000561497 0.000660265 -0.0182301 0.089465 0.000666627 -0.00159602 -0.000561497 0.000666627 0.00989262 -0.0181631 0.000660265 -0.00159602 -0.0181631 0.0892949 
0.00992914 -0.0182388 -0.000542982 0.000655196 -0.0182388 0.0894981 0.000662283 -0.00160223 -0.000542982 0.000662283 0.00989493 -0.0181627 0.000655196 -0.00160223 -0.0181627 0.0892693 
0.00993251 -0.018254 -0.000513597 0.000632451 -0.018254 0.0895455 0.000640908 -0.00156939 -0.000513597 0.000640908 0.00991218 -0.0181668 0.000632451 -0.00156939 -0.0181668 0.0892753 
0.00991424 -0.0182496 -0.000481458 0.00057956 -0.0182496 0.0895462 0.000583442 -0.00144322 -0.000481458 0.000583442 0.0099198 -0.0181967 0.00057956 -0.00144322 -0.0181967 0.0893336 
0.00990852 -0.0182048 -0.000471958 0.000554815 -0.0182048 0.0894514 0.000548128 -0.0013533 -0.000471958 0.000548128 0.00992917 -0.0182313 0.000554815 -0.0013533 -0.0182313 0.0894492 
0.00989076 -0.0181623 -0.000470068 0.000560279 -0.0181623 0.0892984 0.000548984 -0.00134117 -0.000470068 0.000548984 0.0099247 -0.0182601 0.000560279 -0.00134117 -0.0182601 0.0895517 
0.00988974 -0.0181359 -0.000460511 0.000554114 -0.0181359 0.0891958 0.00054701 -0.00133204 -0.000460511 0.00054701 0.00990974 -0.0182648 0.000554114 -0.00133204 -0.0182648 0.0896113 
0.0099142 -0.018193 -0.000448965 0.000542808 -0.018193 0.0893073 0.000538682 -0.00131797 -0.000448965 0.000538682 0.00987577 -0.0181868 0.000542808 -0.00131797 -0.0181868 0.0894484 
0.00993147 -0.018243 -0.000466806 0.000526189 -0.018243 0.0894645 0.000517362 -0.00127654 -0.000466806 0.000517362 0.0098488 -0.0181208 0.000526189 -0.00127654 -0.0181208 0.0892385 
0.00992924 -0.0182486 -0.000515238 0.000552353 -0.0182486 0.0895243 0.000541372 -0.00130212 -0.000515238 0.000541372 0.00985186 -0.0181059 0.000552353 -0.00130212 -0.0181059 0.0891519 
0.00992938 -0.0182316 -0.000555122 0.000624168 -0.0182316 0.089505 0.000616447 -0.00145094 -0.000555122 0.000616447 0.00986675 -0.0181233 0.000624168 -0.00145094 -0.0181233 0.0891628 
0.00990579 -0.0181889 -0.000535943 0.000646066 -0.0181889 0.0893728 0.000644001 -0.00152755 -0.000535943 0.000644001 0.00989972 -0.0181833 0.000646066 -0.00152755 -0.0181833 0.0893132 
0.0099245 -0.018169 -0.000508243 0.000620457 -0.018169 0.0893006 0.000626695 -0.00152408 -0.000508243 0.000626695 0.00991136 -0.0182265 0.000620457 -0.00152408 -0.0182265 0.089451 
0.00996263 -0.0182603 -0.000518667 0.000599621 -0.0182603 0.0894871 0.000609425 -0.00150274 -0.000518667 0.000609425 0.00988839 -0.0181752 0.000599621 -0.00150274 -0.0181752 0.0893532 
0.00998338 -0.0182939 -0.000526042 0.000588218 -0.0182939 0.0896188 0.000592662 -0.00143288 -0.000526042 0.000592662 0.00988436 -0.0181745 0.000588218 -0.00143288 -0.0181745 0.0893341 
0.00997675 -0.0182917 -0.000522058 0.000609909 -0.0182917 0.0896299 0.000610539 -0.00145358 -0.000522058 0.000610539 0.00989814 -0.0181908 0.000609909 -0.00145358 -0.0181908 0.0893748 
0.0099669 -0.0183072 -0.000511224 0.000605476 -0.0183072 0.0896785 0.00060427 -0.00145883 -0.000511224 0.00060427 0.00990389 -0.0181812 0.000605476 -0.00145883 -0.0181812 0.089348 
0.00995563 -0.0182848 -0.000498014 0.000593207 -0.0182848 0.089653 0.000591792 -0.00143771 -0.000498014 0.000591792 0.00989226 -0.0181911 0.000593207 -0.00143771 -0.0181911 0.0893494 
0.00997048 -0.0182804 -0.000500658 0.000576917 -0.0182804 0.0896459 0.000577957 -0.00140414 -0.000500658 0.000577957 0.00987939 -0.0181845 0.000576917 -0.00140414 -0.0181845 0.0893613 
0.00995516 -0.0182522 -0.00050519 0.000576813 -0.0182522 0.0895489 0.000579324 -0.00138566 -0.00050519 0.000579324 0.00989348 -0.0182153 0.000576813 -0.00138566 -0.0182153 0.0894629 
0.00995522 -0.0182498 -0.00054217 0.000588676 -0.0182498 0.0895217 0.000590397 -0.00140708 -0.00054217 0.000590397 0.00989171 -0.0182108 0.000588676 -0.00140708 -0.0182108 0.0894725 
0.0099599 -0.0182501 -0.000573325 0.000618268 -0.0182501 0.0895162 0.000617867 -0.00143913 -0.000573325 0.000617867 0.00990868 -0.0182145 0.000618268 -0.00143913 -0.0182145 0.0894892 
0.00996366 -0.0182404 -0.000593285 0.00067353 -0.0182404 0.0894795 0.000672722 -0.00156565 -0.000593285 0.000672722 0.00992599 -0.018245 0.00067353 -0.00156565 -0.018245 0.089549 
0.00996294 -0.0182446 -0.000587632 0.000691781 -0.0182446 0.0894661 0.000693747 -0.0016444 -0.000587632 0.000693747 0.00992354 -0.0182566 0.000691781 -0.0016444 -0.0182566 0.0895769 
0.00997281 -0.0182571 -0.000575575 0.000688252 -0.0182571 0.0894916 0.000691274 -0.00167111 -0.000575575 0.000691274 0.00988863 -0.0182297 0.000688252 -0.00167111 -0.0182297 0.0895153 
0.00999102 -0.0183288 -0.00053717 0.000662946 -0.0183288 0.0896807 0.00067075 -0.00163135 -0.00053717 0.00067075 0.00984806 -0.0181302 0.000662946 -0.00163135 -0.0181302 0.0892721 
0.00997847 -0.0183148 -0.000526766 0.000623793 -0.0183148 0.0897072 0.000634012 -0.0015635 -0.000526766 0.000634012 0.00986139 -0.0181234 0.000623793 -0.0015635 -0.0181234 0.0892047 
0.00996477 -0.0183146 -0.000536327 0.000608998 -0.0183146 0.0897254 0.00061275 -0.00149825 -0.000536327 0.00061275 0.00989158 -0.0181273 0.000608998 -0.00149825 -0.0181273 0.0891788 
0.00995213 -0.0182727 -0.000556151 0.000625482 -0.0182727 0.0896395 0.000620016 -0.00149381 -0.000556151 0.000620016 0.00991876 -0.0181897 0.000625482 -0.00149381 -0.0181897 0.0892961 
0.00995697 -0.018256 -0.00055624 0.000663309 -0.018256 0.0895758 0.000653718 -0.00156899 -0.00055624 0.000653718 0.00994959 -0.0182426 0.000663309 -0.00156899 -0.0182426 0.0894651 
0.00994492 -0.0181897 -0.000608108 0.000677725 -0.0181897 0.0893701 0.000668723 -0.00164406 -0.000608108 0.000668723 0.00997317 -0.0183491 0.000677725 -0.00164406 -0.0183491 0.0897685 
0.00997023 -0.0182699 -0.000640107 0.000730183 -0.0182699 0.0895106 0.000724646 -0.00174218 -0.000640107 0.000724646 0.00992374 -0.0182811 0.000730183 -0.00174218 -0.0182811 0.0896809 
0.0099822 -0.0183224 -0.00062599 0.000740994 -0.0183224 0.0896944 0.000736128 -0.00177202 -0.00062599 0.000736128 0.00990182 -0.018217 0.000740994 -0.00177202 -0.018217 0.0895336 
0.00998366 -0.0183149 -0.000627513 0.00072912 -0.0183149 0.0897337 0.000721203 -0.00176458 -0.000627513 0.000721203 0.00992265 -0.0182199 0.00072912 -0.00176458 -0.0182199 0.0895118 
0.00998007 -0.0183005 -0.000659255 0.000728395 -0.0183005 0.0897023 0.000719166 -0.00174814 -0.000659255 0.000719166 0.00995637 -0.0182595 0.000728395 -0.00174814 -0.0182595 0.0895813 
0.00999987 -0.0182995 -0.000686912 0.000777496 -0.0182995 0.0896876 0.000773906 -0.00183969 -0.000686912 0.000773906 0.00996417 -0.0183027 0.000777496 -0.00183969 -0.0183027 0.0896864 
0.00999714 -0.0183176 -0.00064458 0.000801073 -0.0183176 0.089698 0.000807017 -0.00192125 -0.00064458 0.000807017 0.0099553 -0.0183114 0.000801073 -0.00192125 -0.0183114 0.0897411 
0.0100089 -0.0183076 -0.000627723 0.000746871 -0.0183076 0.0896913 0.000757715 -0.00187085 -0.000627723 0.000757715 0.00995476 -0.0183216 0.000746871 -0.00187085 -0.0183216 0.0898006 
0.00999322 -0.0183159 -0.000612059 0.000714129 -0.0183159 0.0896817 0.000724452 -0.0017686 -0.000612059 0.000724452 0.00994073 -0.0183027 0.000714129 -0.0017686 -0.0183027 0.0897619 
0.0099809 -0.0183056 -0.000602914 0.000701439 -0.0183056 0.0896741 0.000709809 -0.00171637 -0.000602914 0.000709809 0.00992644 -0.018261 0.000701439 -0.00171637 -0.018261 0.0896435 
0.00998638 -0.0183038 -0.00061311 0.000705691 -0.0183038 0.0896855 0.00071124 -0.00172025 -0.00061311 0.00071124 0.00993388 -0.0182404 0.000705691 -0.00172025 -0.0182404 0.0895642 
0.00999271 -0.0183214 -0.000634527 0.000715723 -0.0183214 0.0897246 0.000717854 -0.00172922 -0.000634527 0.000717854 0.00993382 -0.0182333 0.000715723 -0.00172922 -0.0182333 0.0894999 
0.0100152 -0.018346 -0.00067468 0.000743901 -0.018346 0.0898036 0.000743638 -0.00177873 -0.00067468 0.000743638 0.00993651 -0.0182335 0.000743901 -0.00177873 -0.0182335 0.0894862 
0.0100129 -0.0183521 -0.000647866 0.000783404 -0.0183521 0.089817 0.00078152 -0.00184996 -0.000647866 0.00078152 0.00994404 -0.0182558 0.000783404 -0.00184996 -0.0182558 0.0895376 
0.0100082 -0.0183885 -0.000602069 0.000747169 -0.0183885 0.0899185 0.000746813 -0.00182619 -0.000602069 0.000746813 0.00991609 -0.0182169 0.000747169 -0.00182619 -0.0182169 0.0894442 
0.00999032 -0.0183518 -0.000556126 0.000694685 -0.0183518 0.0898731 0.000695534 -0.00172904 -0.000556126 0.000695534 0.00992728 -0.0182238 0.000694685 -0.00172904 -0.0182238 0.0894668 
0.00998581 -0.0183396 -0.000514365 0.000632617 -0.0183396 0.0898323 0.000631781 -0.00157701 -0.000514365 0.000631781 0.00991816 -0.018215 0.000632617 -0.00157701 -0.018215 0.0894372 
0.009957 -0.0182976 -0.000524794 0.000580477 -0.0182976 0.0897058 0.000580716 -0.00143208 -0.000524794 0.000580716 0.00991035 -0.018227 0.000580477 -0.00143208 -0.018227 0.0894683 
0.00995717 -0.018277 -0.000573394 0.000604561 -0.018277 0.0896414 0.000602719 -0.00142461 -0.000573394 0.000602719 0.00989365 -0.018206 0.000604561 -0.00142461 -0.018206 0.0894422 
