0.00794103 0 0.000294741 0 0 0.01 0 0 0.000294741 0 0.00667461 0 0 0 0 0.01 
0.0110577 -0.0137197 0.000357197 -0.000432493 -0.0137197 0.035481 -0.000432493 0.000829235 0.000357197 -0.000432493 0.00955082 -0.0118738 -0.000432493 0.000829235 -0.0118738 0.0319416 
0.0109416 -0.0203196 0.000312726 -0.000435137 -0.0203196 0.0740893 -0.000435137 0.00133635 0.000312726 -0.000435137 0.00970952 -0.018369 -0.000435137 0.00133635 -0.018369 0.0679483 
0.0103143 -0.0196903 0.000313392 -0.000317273 -0.0196903 0.0873227 -0.000319663 0.000880688 0.000313392 -0.000319663 0.00917601 -0.0182828 -0.000317273 0.000880688 -0.0182828 0.0827221 
0.0103172 -0.0189271 0.000351459 -0.000307153 -0.0189271 0.0897331 -0.000318174 0.000666528 0.000351459 -0.000318174 0.00913479 -0.0176428 -0.000307153 0.000666528 -0.0176428 0.0865189 
0.0105581 -0.018875 0.000387679 -0.000380086 -0.018875 0.0905208 -0.000392929 0.000796385 0.000387679 -0.000392929 0.00925404 -0.0175222 -0.000380086 0.000796385 -0.0175222 0.087551 
0.0106566 -0.0190689 0.000368054 -0.000414193 -0.0190689 0.0911909 -0.000421482 0.000915549 0.000368054 -0.000421482 0.00938444 -0.0175601 -0.000414193 0.000915549 -0.0175601 0.0879072 
0.0107233 -0.0191423 0.000347766 -0.000395039 -0.0191423 0.0916066 -0.000393894 0.000923935 0.000347766 -0.000393894 0.00941883 -0.0176406 -0.000395039 0.000923935 -0.0176406 0.0880792 
0.0107829 -0.0191838 0.000329785 -0.000366183 -0.0191838 0.0917667 -0.000364706 0.000866424 0.000329785 -0.000364706 0.00940536 -0.0176689 -0.000366183 0.000866424 -0.0176689 0.0881618 
0.010751 -0.0192771 0.000281078 -0.000298456 -0.0192771 0.0919812 -0.000303275 0.000694615 0.000281078 -0.000303275 0.00944038 -0.0176119 -0.000298456 0.000694615 -0.0176119 0.0880354 
0.010681 -0.0192336 0.00028183 -0.000265318 -0.0192336 0.0919928 -0.000277999 0.000612421 0.00028183 -0.000277999 0.00946981 -0.017663 -0.000265318 0.000612421 -0.017663 0.0880577 
0.010647 -0.0191326 0.000318602 -0.000306036 -0.0191326 0.0918064 -0.000316883 0.00068259 0.000318602 -0.000316883 0.00948898 -0.017739 -0.000306036 0.00068259 -0.017739 0.0882552 
0.0106767 -0.0190972 0.000354087 -0.000362252 -0.0190972 0.0916774 -0.000365247 0.000809675 0.000354087 -0.000365247 0.00946455 -0.0177626 -0.000362252 0.000809675 -0.0177626 0.0883774 
0.0107084 -0.0191414 0.000347907 -0.000365558 -0.0191414 0.091705 -0.000362872 0.000820454 0.000347907 -0.000362872 0.00941393 -0.0177107 -0.000365558 0.000820454 -0.0177107 0.088312 
0.0107111 -0.0191797 0.000330823 -0.000360035 -0.0191797 0.0917949 -0.000354231 0.000810308 0.000330823 -0.000354231 0.00940273 -0.0176552 -0.000360035 0.000810308 -0.0176552 0.0881977 
0.0106821 -0.0191987 0.00028757 -0.000331248 -0.0191987 0.0918824 -0.000323272 0.000745507 0.00028757 -0.000323272 0.00941683 -0.0176214 -0.000331248 0.000745507 -0.0176214 0.0880719 
0.0106296 -0.0191675 0.000259382 -0.000287771 -0.0191675 0.0918744 -0.000281321 0.0006597 0.000259382 -0.000281321 0.0094845 -0.017643 -0.000287771 0.0006597 -0.017643 0.0880683 
0.01061 -0.019099 0.000258127 -0.000264027 -0.019099 0.0917542 -0.000260876 0.000595079 0.000258127 -0.000260876 0.00951048 -0.0177399 -0.000264027 0.000595079 -0.0177399 0.0882429 
0.0106094 -0.0190681 0.000253239 -0.000235369 -0.0190681 0.0916334 -0.000235643 0.000507303 0.000253239 -0.000235643 0.00947678 -0.017771 -0.000235369 0.000507303 -0.017771 0.0883792 
0.0106229 -0.0190611 0.000276724 -0.000269841 -0.0190611 0.0915824 -0.000269549 0.000570296 0.000276724 -0.000269549 0.00944029 -0.0177514 -0.000269841 0.000570296 -0.0177514 0.0884269 
0.0106127 -0.0190591 0.000308693 -0.000334963 -0.0190591 0.0915483 -0.000329484 0.000736782 0.000308693 -0.000329484 0.00943332 -0.0177249 -0.000334963 0.000736782 -0.0177249 0.0884127 
0.0106018 -0.0190563 0.000318694 -0.000357787 -0.0190563 0.0915437 -0.000348689 0.000820984 0.000318694 -0.000348689 0.00941881 -0.01769 -0.000357787 0.000820984 -0.01769 0.0883123 
0.0106021 -0.0190548 0.000312811 -0.000352116 -0.0190548 0.0915488 -0.000341405 0.000819979 0.000312811 -0.000341405 0.00938185 -0.0176418 -0.000352116 0.000819979 -0.0176418 0.0881592 
0.0105962 -0.0190573 0.000320863 -0.00034467 -0.0190573 0.0915592 -0.00033698 0.000807547 0.000320863 -0.00033698 0.00937805 -0.0175987 -0.00034467 0.000807547 -0.0175987 0.0880378 
0.0105807 -0.0190237 0.000322374 -0.000371419 -0.0190237 0.0914799 -0.000367719 0.000860706 0.000322374 -0.000367719 0.00940745 -0.017613 -0.000371419 0.000860706 -0.017613 0.0880267 
0.0105454 -0.0190259 0.000281223 -0.000335315 -0.0190259 0.0914659 -0.000339197 0.000800425 0.000281223 -0.000339197 0.00943705 -0.0176077 -0.000335315 0.000800425 -0.0176077 0.0879678 
0.0105231 -0.0189955 0.0002466 -0.000258569 -0.0189955 0.0914303 -0.000273763 0.000638382 0.0002466 -0.000273763 0.00944789 -0.0176314 -0.000258569 0.000638382 -0.0176314 0.0879703 
0.010462 -0.0189366 0.000235934 -0.000234105 -0.0189366 0.091278 -0.00025096 0.000553523 0.000235934 -0.00025096 0.00949484 -0.0176837 -0.000234105 0.000553523 -0.0176837 0.0881121 
0.0104333 -0.0188618 0.000246016 -0.000246205 -0.0188618 0.0911004 -0.000254101 0.000557774 0.000246016 -0.000254101 0.00950677 -0.017741 -0.000246205 0.000557774 -0.017741 0.0882597 
0.0104442 -0.0188275 0.000232328 -0.000252658 -0.0188275 0.0909706 -0.000250919 0.000556673 0.000232328 -0.000250919 0.00949924 -0.0177507 -0.000252658 0.000556673 -0.0177507 0.0883304 
0.0104394 -0.0188225 0.000227945 -0.000271278 -0.0188225 0.0908968 -0.000269563 0.00062821 0.000227945 -0.000269563 0.00950017 -0.0177538 -0.000271278 0.00062821 -0.0177538 0.0883664 
0.0104206 -0.018816 0.000218376 -0.000263701 -0.018816 0.0908629 -0.000262968 0.000641638 0.000218376 -0.000262968 0.0095098 -0.0177524 -0.000263701 0.000641638 -0.0177524 0.0883688 
0.0104157 -0.0188141 0.000225674 -0.000228944 -0.0188141 0.0908731 -0.000228407 0.000566153 0.000225674 -0.000228407 0.00950392 -0.0177401 -0.000228944 0.000566153 -0.0177401 0.0883236 
0.0104396 -0.0188106 0.000245567 -0.000234174 -0.0188106 0.0908795 -0.00022869 0.000526279 0.000245567 -0.00022869 0.00947775 -0.0177382 -0.000234174 0.000526279 -0.0177382 0.0883104 
0.0104762 -0.0188429 0.000251162 -0.000253129 -0.0188429 0.0909365 -0.000243064 0.000534984 0.000251162 -0.000243064 0.00943969 -0.0177055 -0.000253129 0.000534984 -0.0177055 0.0882558 
0.0105255 -0.0188721 0.000273219 -0.000279008 -0.0188721 0.090994 -0.000272447 0.000608595 0.000273219 -0.000272447 0.00938776 -0.0176769 -0.000279008 0.000608595 -0.0176769 0.0882044 
0.0105378 -0.0189326 0.000278979 -0.000320214 -0.0189326 0.0911173 -0.000319835 0.000727679 0.000278979 -0.000319835 0.00938657 -0.0176222 -0.000320214 0.000727679 -0.0176222 0.0881096 
0.0105532 -0.0189666 0.00027052 -0.000305522 -0.0189666 0.0912503 -0.000307149 0.000733905 0.00027052 -0.000307149 0.00937971 -0.017603 -0.000305522 0.000733905 -0.017603 0.0880157 
0.0105024 -0.0189814 0.000248396 -0.0002788 -0.0189814 0.0913073 -0.000278068 0.000666125 0.000248396 -0.000278068 0.00939383 -0.017582 -0.0002788 0.000666125 -0.017582 0.0879346 
0.0104798 -0.0189402 0.000211787 -0.000254282 -0.0189402 0.0912957 -0.000247273 0.000590006 0.000211787 -0.000247273 0.00939011 -0.0175829 -0.000254282 0.000590006 -0.0175829 0.08789 
0.0104413 -0.0189166 0.000177161 -0.000221983 -0.0189166 0.0912537 -0.00021247 0.000521267 0.000177161 -0.00021247 0.00943074 -0.0175827 -0.000221983 0.000521267 -0.0175827 0.0878868 
0.0104396 -0.018848 0.00017781 -0.000204863 -0.018848 0.0911057 -0.000202323 0.000501469 0.00017781 -0.000202323 0.00944549 -0.0176476 -0.000204863 0.000501469 -0.0176476 0.0879976 
0.0104473 -0.0188216 0.000201092 -0.000227803 -0.0188216 0.0909656 -0.000234073 0.000563262 0.000201092 -0.000234073 0.00942445 -0.0176772 -0.000227803 0.000563262 -0.0176772 0.0881051 
0.0104646 -0.018814 0.000232442 -0.000237181 -0.018814 0.0908829 -0.000245764 0.000586516 0.000232442 -0.000245764 0.00937389 -0.017657 -0.000237181 0.000586516 -0.017657 0.0881142 
0.0104726 -0.0188321 0.000263773 -0.000277415 -0.0188321 0.0908807 -0.000276811 0.000646056 0.000263773 -0.000276811 0.00934161 -0.0175998 -0.000277415 0.000646056 -0.0175998 0.0880287 
0.010457 -0.0188763 0.000256674 -0.000283083 -0.0188763 0.0909915 -0.000271897 0.000637845 0.000256674 -0.000271897 0.00931849 -0.0175086 -0.000283083 0.000637845 -0.0175086 0.0877831 
0.0104551 -0.0188807 0.000235715 -0.000257018 -0.0188807 0.091075 -0.000245097 0.000576728 0.000235715 -0.000245097 0.00930902 -0.0174537 -0.000257018 0.000576728 -0.0174537 0.0875674 
0.0104156 -0.0188679 0.000180543 -0.000222731 -0.0188679 0.0910707 -0.000219684 0.000496751 0.000180543 -0.000219684 0.00935734 -0.0174513 -0.000222731 0.000496751 -0.0174513 0.0874924 
0.0103618 -0.0188108 0.000164836 -0.000204039 -0.0188108 0.0909662 -0.00020974 0.000500527 0.000164836 -0.00020974 0.00941188 -0.0175129 -0.000204039 0.000500527 -0.0175129 0.0875627 
0.010306 -0.0187279 0.000142823 -0.000187036 -0.0187279 0.0907668 -0.00019175 0.000468123 0.000142823 -0.00019175 0.00947085 -0.0175983 -0.000187036 0.000468123 -0.0175983 0.0877603 
0.010244 -0.0186476 0.000126049 -0.000174434 -0.0186476 0.0905452 -0.000175328 0.000446021 0.000126049 -0.000175328 0.00952414 -0.0176883 -0.000174434 0.000446021 -0.0176883 0.0880068 
0.0102335 -0.018566 0.000102039 -0.000138613 -0.018566 0.0903238 -0.000137343 0.000359934 0.000102039 -0.000137343 0.00952909 -0.0177627 -0.000138613 0.000359934 -0.0177627 0.0882362 
0.0102677 -0.0185458 0.00012473 -0.000138974 -0.0185458 0.0901969 -0.000136159 0.00035716 0.00012473 -0.000136159 0.00950217 -0.0177787 -0.000138974 0.00035716 -0.0177787 0.0883646 
0.0103007 -0.0186101 0.000150378 -0.000141392 -0.0186101 0.090285 -0.000142094 0.000337753 0.000150378 -0.000142094 0.00946697 -0.0177264 -0.000141392 0.000337753 -0.0177264 0.0883006 
0.0103318 -0.0186503 0.000171815 -0.00015755 -0.0186503 0.0904001 -0.000161477 0.000344241 0.000171815 -0.000161477 0.00943712 -0.0176884 -0.00015755 0.000344241 -0.0176884 0.0882104 
0.0103851 -0.0187175 0.000184445 -0.00017651 -0.0187175 0.0905888 -0.000179666 0.000376343 0.000184445 -0.000179666 0.00941088 -0.0176282 -0.00017651 0.000376343 -0.0176282 0.0880541 
0.0104139 -0.0187931 0.00020078 -0.000209429 -0.0187931 0.0907945 -0.000210538 0.000460781 0.00020078 -0.000210538 0.00940843 -0.0175863 -0.000209429 0.000460781 -0.0175863 0.0879096 
0.0104012 -0.0188039 0.000229095 -0.000245287 -0.0188039 0.0908607 -0.000245727 0.000567902 0.000229095 -0.000245727 0.0094204 -0.0176017 -0.000245287 0.000567902 -0.0176017 0.0878966 
0.0103792 -0.0187735 0.000247158 -0.000275152 -0.0187735 0.0908137 -0.000277588 0.000649023 0.000247158 -0.000277588 0.00942331 -0.0176283 -0.000275152 0.000649023 -0.0176283 0.0879544 
0.0103601 -0.018765 0.000229798 -0.000286145 -0.018765 0.090801 -0.000287464 0.000681542 0.000229798 -0.000287464 0.00944699 -0.0176269 -0.000286145 0.000681542 -0.0176269 0.087979 
0.0103382 -0.018716 0.000201524 -0.000278705 -0.018716 0.0906888 -0.000276915 0.000690173 0.000201524 -0.000276915 0.00948293 -0.017683 -0.000278705 0.000690173 -0.017683 0.0881035 
0.0103327 -0.0186758 0.000189261 -0.00023493 -0.0186758 0.0905535 -0.000233708 0.000612314 0.000189261 -0.000233708 0.00948305 -0.0177358 -0.00023493 0.000612314 -0.0177358 0.0882528 
0.0103662 -0.0186802 0.000198719 -0.000214424 -0.0186802 0.0905221 -0.000210617 0.000533194 0.000198719 -0.000210617 0.00944362 -0.017726 -0.000214424 0.000533194 -0.017726 0.0882893 
0.0103683 -0.0187353 0.000185528 -0.000204352 -0.0187353 0.090619 -0.00020557 0.000472251 0.000185528 -0.00020557 0.00943667 -0.0176577 -0.000204352 0.000472251 -0.0176577 0.0881625 
0.0103683 -0.0187953 0.000174541 -0.000175185 -0.0187953 0.0908378 -0.000183744 0.000407081 0.000174541 -0.000183744 0.00945453 -0.0175979 -0.000175185 0.000407081 -0.0175979 0.0879457 
0.0103158 -0.0187756 0.00014703 -0.000157545 -0.0187756 0.0908634 -0.000168966 0.000350117 0.00014703 -0.000168966 0.00950926 -0.0176352 -0.000157545 0.000350117 -0.0176352 0.0879349 
0.0103379 -0.0187059 0.000178799 -0.000149826 -0.0187059 0.0907524 -0.00016062 0.000346689 0.000178799 -0.00016062 0.00950201 -0.0177211 -0.000149826 0.000346689 -0.0177211 0.0881038 
0.0103756 -0.0187265 0.000211882 -0.000189287 -0.0187265 0.0907186 -0.000196204 0.000399712 0.000211882 -0.000196204 0.00948313 -0.0177206 -0.000189287 0.000399712 -0.0177206 0.0881938 
0.0104064 -0.0187815 0.000219364 -0.000246798 -0.0187815 0.0908215 -0.000249769 0.000532294 0.000219364 -0.000249769 0.00948361 -0.0177008 -0.000246798 0.000532294 -0.0177008 0.0881879 
0.0103985 -0.0188063 0.000206872 -0.000261831 -0.0188063 0.0908888 -0.000260824 0.000612329 0.000206872 -0.000260824 0.00950963 -0.0177124 -0.000261831 0.000612329 -0.0177124 0.0882082 
0.0103698 -0.01877 0.000228158 -0.000276027 -0.01877 0.0908133 -0.000272369 0.000690676 0.000228158 -0.000272369 0.00951024 -0.0177511 -0.000276027 0.000690676 -0.0177511 0.0882826 
0.0103604 -0.0187368 0.000229714 -0.000246691 -0.0187368 0.0907229 -0.000240332 0.000607613 0.000229714 -0.000240332 0.00948615 -0.017753 -0.000246691 0.000607613 -0.017753 0.0883336 
0.0103233 -0.0187053 0.000213374 -0.000250538 -0.0187053 0.0906089 -0.000243485 0.000577998 0.000213374 -0.000243485 0.00949392 -0.0177349 -0.000250538 0.000577998 -0.0177349 0.0883343 
0.0103202 -0.0186753 0.000205221 -0.000218059 -0.0186753 0.0905349 -0.000210775 0.000506236 0.000205221 -0.000210775 0.0094857 -0.0177161 -0.000218059 0.000506236 -0.0177161 0.0882648 
0.010332 -0.0186677 0.000188368 -0.000214229 -0.0186677 0.090482 -0.000205663 0.000471783 0.000188368 -0.000205663 0.00945241 -0.0176931 -0.000214229 0.000471783 -0.0176931 0.0881802 
0.0103518 -0.0187183 0.000169923 -0.000173762 -0.0187183 0.0905921 -0.000166661 0.000381965 0.000169923 -0.000166661 0.00943192 -0.0176158 -0.000173762 0.000381965 -0.0176158 0.0879837 
0.0103245 -0.0187344 0.000165118 -0.000191286 -0.0187344 0.0906658 -0.000187704 0.000417718 0.000165118 -0.000187704 0.00947011 -0.0176034 -0.000191286 0.000417718 -0.0176034 0.0878904 
0.0103073 -0.0186962 0.000162375 -0.000166354 -0.0186962 0.0906309 -0.000166932 0.000382072 0.000162375 -0.000166932 0.00949895 -0.0176677 -0.000166354 0.000382072 -0.0176677 0.0879829 
0.0102926 -0.0186614 0.000178997 -0.000162397 -0.0186614 0.0905335 -0.000165284 0.000360313 0.000178997 -0.000165284 0.00949278 -0.0177127 -0.000162397 0.000360313 -0.0177127 0.0881159 
0.0102734 -0.0186496 0.000213652 -0.000218869 -0.0186496 0.0904947 -0.000221722 0.000482579 0.000213652 -0.000221722 0.00952559 -0.0177188 -0.000218869 0.000482579 -0.0177188 0.0882002 
0.0102692 -0.0186389 0.000219129 -0.000263965 -0.0186389 0.0904863 -0.000271116 0.00061619 0.000219129 -0.000271116 0.00955205 -0.0177484 -0.000263965 0.00061619 -0.0177484 0.0882565 
0.0102794 -0.0186502 0.000195424 -0.000232897 -0.0186502 0.0905147 -0.000243795 0.000586867 0.000195424 -0.000243795 0.00954479 -0.0177612 -0.000232897 0.000586867 -0.0177612 0.0882796 
0.0102781 -0.0186775 0.000143166 -0.000186243 -0.0186775 0.0905912 -0.000196066 0.000470882 0.000143166 -0.000196066 0.00953824 -0.0177401 -0.000186243 0.000470882 -0.0177401 0.0882416 
0.010284 -0.0186635 0.000153083 -0.000140307 -0.0186635 0.0905895 -0.000146362 0.000367159 0.000153083 -0.000146362 0.00951767 -0.0177516 -0.000140307 0.000367159 -0.0177516 0.0882666 
0.0102559 -0.0186379 0.000165588 -0.000158647 -0.0186379 0.0905019 -0.000161933 0.000351726 0.000165588 -0.000161933 0.00951906 -0.0177473 -0.000158647 0.000351726 -0.0177473 0.0882949 
0.0102127 -0.0186133 0.000161988 -0.000182219 -0.0186133 0.0904376 -0.000181946 0.000399486 0.000161988 -0.000181946 0.0095248 -0.0177206 -0.000182219 0.000399486 -0.0177206 0.0882228 
0.0101858 -0.0185543 0.000167155 -0.000184878 -0.0185543 0.0903178 -0.000184783 0.000432063 0.000167155 -0.000184783 0.00955453 -0.0177407 -0.000184878 0.000432063 -0.0177407 0.0882431 
0.010189 -0.0185423 0.000160453 -0.000174135 -0.0185423 0.0902718 -0.000177852 0.000409233 0.000160453 -0.000177852 0.00958926 -0.0177589 -0.000174135 0.000409233 -0.0177589 0.0882641 
0.0101813 -0.0185222 0.000174826 -0.000184042 -0.0185222 0.0901844 -0.000189741 0.000438373 0.000174826 -0.000189741 0.00961407 -0.0178079 -0.000184042 0.000438373 -0.0178079 0.0883491 
0.0101891 -0.0185174 0.000171392 -0.000183031 -0.0185174 0.0901486 -0.000185093 0.000423675 0.000171392 -0.000185093 0.00962324 -0.0178392 -0.000183031 0.000423675 -0.0178392 0.0884393 
0.0101754 -0.0185226 0.000142012 -0.000175897 -0.0185226 0.0901342 -0.000172436 0.000396946 0.000142012 -0.000172436 0.00963001 -0.0178515 -0.000175897 0.000396946 -0.0178515 0.0884928 
0.0101387 -0.0185044 0.000121206 -0.000121173 -0.0185044 0.0900975 -0.000116109 0.000279435 0.000121206 -0.000116109 0.00963549 -0.017863 -0.000121173 0.000279435 -0.017863 0.0885378 
0.010147 -0.0184596 0.00012181 -0.00011187 -0.0184596 0.0900271 -0.000110668 0.000229242 0.00012181 -0.000110668 0.00963134 -0.0178907 -0.00011187 0.000229242 -0.0178907 0.0886269 
0.010178 -0.0184826 0.000115459 -0.000110417 -0.0184826 0.0900496 -0.000111817 0.000213416 0.000115459 -0.000111817 0.00963105 -0.0178795 -0.000110417 0.000213416 -0.0178795 0.0886397 
0.0102233 -0.0185376 9.78689e-05 -0.000106509 -0.0185376 0.0901727 -0.000106835 0.000206964 9.78689e-05 -0.000106835 0.00962059 -0.0178637 -0.000106509 0.000206964 -0.0178637 0.0885918 
0.0102595 -0.0186068 8.15432e-05 -8.68964e-05 -0.0186068 0.0903525 -8.6076e-05 0.000177795 8.15432e-05 -8.6076e-05 0.00961553 -0.0178419 -8.68964e-05 0.000177795 -0.0178419 0.0885254 
0.0102952 -0.01866 0.000111098 -7.41518e-05 -0.01866 0.0905229 -7.86829e-05 0.00015988 0.000111098 -7.86829e-05 0.00960501 -0.0178347 -7.41518e-05 0.00015988 -0.0178347 0.0884853 
0.0103092 -0.0187029 0.000132297 -8.67941e-05 -0.0187029 0.0906508 -9.53883e-05 0.000149954 0.000132297 -9.53883e-05 0.00959088 -0.0178168 -8.67941e-05 0.000149954 -0.0178168 0.0884343 
0.0102812 -0.0187135 0.000149863 -0.000113459 -0.0187135 0.0907057 -0.000119006 0.000190778 0.000149863 -0.000119006 0.00959219 -0.0177981 -0.000113459 0.000190778 -0.0177981 0.0883813 
0.010258 -0.0186653 0.000181275 -0.000144185 -0.0186653 0.0906324 -0.00014526 0.000263232 0.000181275 -0.00014526 0.00960849 -0.0178161 -0.000144185 0.000263232 -0.0178161 0.0884111 
0.010226 -0.0186387 0.000196955 -0.000172293 -0.0186387 0.0905418 -0.000171512 0.000323634 0.000196955 -0.000171512 0.00960742 -0.0178096 -0.000172293 0.000323634 -0.0178096 0.0883821 
0.0101985 -0.0186057 0.000195897 -0.000206764 -0.0186057 0.0904668 -0.000200614 0.00041388 0.000195897 -0.000200614 0.00961413 -0.0178085 -0.000206764 0.00041388 -0.0178085 0.0883725 
0.0101745 -0.0185841 0.000154205 -0.000184895 -0.0185841 0.0904149 -0.000174751 0.000388895 0.000154205 -0.000174751 0.00962383 -0.0177995 -0.000184895 0.000388895 -0.0177995 0.0883373 
0.0101524 -0.0185492 0.000131261 -0.000154948 -0.0185492 0.0903288 -0.000144123 0.000350845 0.000131261 -0.000144123 0.00962528 -0.0178047 -0.000154948 0.000350845 -0.0178047 0.0883203 
0.0101225 -0.0184918 0.000126965 -0.000155107 -0.0184918 0.0901788 -0.000145419 0.000362846 0.000126965 -0.000145419 0.00968188 -0.0178526 -0.000155107 0.000362846 -0.0178526 0.0884486 
0.0101205 -0.0184608 0.000117343 -0.000124716 -0.0184608 0.0900641 -0.000122599 0.000302828 0.000117343 -0.000122599 0.0096814 -0.0178959 -0.000124716 0.000302828 -0.0178959 0.0885319 
0.0101283 -0.0184567 0.000109321 -8.56219e-05 -0.0184567 0.0900143 -9.81286e-05 0.000206817 0.000109321 -9.81286e-05 0.00966747 -0.017906 -8.56219e-05 0.000206817 -0.017906 0.088603 
0.0101144 -0.0184642 7.91746e-05 -6.72353e-05 -0.0184642 0.0900126 -8.61129e-05 0.000136271 7.91746e-05 -8.61129e-05 0.0096856 -0.017901 -6.72353e-05 0.000136271 -0.017901 0.0886349 
0.0101266 -0.0184302 9.49029e-05 -8.34801e-05 -0.0184302 0.0899507 -9.65454e-05 0.000189743 9.49029e-05 -9.65454e-05 0.00967119 -0.0179547 -8.34801e-05 0.000189743 -0.0179547 0.0887631 
0.0101264 -0.0184811 7.21203e-05 -7.45105e-05 -0.0184811 0.0900426 -7.81468e-05 0.000153315 7.21203e-05 -7.81468e-05 0.00966133 -0.0179044 -7.45105e-05 0.000153315 -0.0179044 0.0887098 
0.010144 -0.0184589 8.26495e-05 -5.79747e-05 -0.0184589 0.0900298 -5.67247e-05 0.000118857 8.26495e-05 -5.67247e-05 0.00963042 -0.0179065 -5.79747e-05 0.000118857 -0.0179065 0.0886937 
0.0101939 -0.0184908 0.000115487 -6.34302e-05 -0.0184908 0.0900756 -6.23307e-05 0.000102592 0.000115487 -6.23307e-05 0.00956867 -0.017842 -6.34302e-05 0.000102592 -0.017842 0.0885565 
0.0102118 -0.0185493 0.00011866 -0.000102763 -0.0185493 0.0901853 -9.79315e-05 0.000154963 0.00011866 -9.79315e-05 0.0095443 -0.0177589 -0.000102763 0.000154963 -0.0177589 0.0883527 
0.0102248 -0.018575 0.000137399 -0.000120556 -0.018575 0.0902793 -0.000112836 0.000224828 0.000137399 -0.000112836 0.00952316 -0.0177217 -0.000120556 0.000224828 -0.0177217 0.0881953 
0.0102088 -0.0185733 0.000154452 -0.000151726 -0.0185733 0.0902961 -0.000142415 0.000299764 0.000154452 -0.000142415 0.00955655 -0.0177274 -0.000151726 0.000299764 -0.0177274 0.0881887 
0.010189 -0.0185673 0.000140098 -0.000160625 -0.0185673 0.0903062 -0.000150643 0.000328332 0.000140098 -0.000150643 0.0096024 -0.0177585 -0.000160625 0.000328332 -0.0177585 0.0882265 
0.0101429 -0.0185633 8.35827e-05 -9.87401e-05 -0.0185633 0.0903139 -9.29549e-05 0.0002021 8.35827e-05 -9.29549e-05 0.00963315 -0.0177799 -9.87401e-05 0.0002021 -0.0177799 0.0882408 
0.0101193 -0.0185071 5.87317e-05 -4.45786e-05 -0.0185071 0.090226 -4.3863e-05 8.22786e-05 5.87317e-05 -4.3863e-05 0.00961184 -0.0178162 -4.45786e-05 8.22786e-05 -0.0178162 0.0883079 
0.0100907 -0.0184692 4.69744e-05 -3.92596e-05 -0.0184692 0.0901217 -4.09821e-05 5.35324e-05 4.69744e-05 -4.09821e-05 0.00961902 -0.0178056 -3.92596e-05 5.35324e-05 -0.0178056 0.0883449 
0.0100953 -0.0184136 6.55695e-05 -4.90109e-05 -0.0184136 0.0899723 -5.31353e-05 9.32528e-05 6.55695e-05 -5.31353e-05 0.00961124 -0.017827 -4.90109e-05 9.32528e-05 -0.017827 0.0883942 
0.0101088 -0.0183921 8.85185e-05 -9.1438e-05 -0.0183921 0.0898419 -9.69213e-05 0.000198122 8.85185e-05 -9.69213e-05 0.00959184 -0.0178376 -9.1438e-05 0.000198122 -0.0178376 0.0884542 
0.0101183 -0.0184117 0.000112028 -0.000100628 -0.0184117 0.0898309 -0.000106016 0.000237687 0.000112028 -0.000106016 0.00957417 -0.0178088 -0.000100628 0.000237687 -0.0178088 0.0884234 
0.0101307 -0.01844 0.000126359 -9.63207e-05 -0.01844 0.0898978 -0.000103433 0.000208998 0.000126359 -0.000103433 0.00954235 -0.0177643 -9.63207e-05 0.000208998 -0.0177643 0.0883092 
0.0101315 -0.0184603 0.000128197 -0.000100107 -0.0184603 0.0899623 -0.000102483 0.000184933 0.000128197 -0.000102483 0.00952982 -0.0177188 -0.000100107 0.000184933 -0.0177188 0.0881868 
0.0100859 -0.0184347 0.000116209 -0.000129868 -0.0184347 0.0899147 -0.000126159 0.000247024 0.000116209 -0.000126159 0.00956338 -0.0177276 -0.000129868 0.000247024 -0.0177276 0.08818 
0.010049 -0.0183669 0.000120813 -0.000139851 -0.0183669 0.08977 -0.000135125 0.000316913 0.000120813 -0.000135125 0.00959898 -0.0177734 -0.000139851 0.000316913 -0.0177734 0.0882567 
0.0100258 -0.0183273 0.000116962 -0.000142896 -0.0183273 0.0896478 -0.000141196 0.000343939 0.000116962 -0.000141196 0.00961936 -0.0178055 -0.000142896 0.000343939 -0.0178055 0.0883292 
0.0100383 -0.0183265 0.000100117 -0.000108761 -0.0183265 0.0896295 -0.000109172 0.000272413 0.000100117 -0.000109172 0.00958706 -0.0177905 -0.000108761 0.000272413 -0.0177905 0.0882838 
0.0100735 -0.0183175 0.000120525 -0.000106175 -0.0183175 0.0895915 -0.000105827 0.000253791 0.000120525 -0.000105827 0.0095451 -0.0177867 -0.000106175 0.000253791 -0.0177867 0.0883022 
0.0101094 -0.0183575 0.000161052 -0.000134385 -0.0183575 0.0896374 -0.000133163 0.000295838 0.000161052 -0.000133163 0.00950668 -0.0177336 -0.000134385 0.000295838 -0.0177336 0.0882187 
0.0101156 -0.0184246 0.000159362 -0.000168991 -0.0184246 0.0898005 -0.000169922 0.000352949 0.000159362 -0.000169922 0.00950831 -0.0176637 -0.000168991 0.000352949 -0.0176637 0.0880395 
0.0100866 -0.0184515 0.000134219 -0.000169072 -0.0184515 0.0899427 -0.000170695 0.00038428 0.000134219 -0.000170695 0.00955806 -0.0176619 -0.000169072 0.00038428 -0.0176619 0.0879603 
0.0100882 -0.0184376 0.00011185 -0.000115514 -0.0184376 0.0899963 -0.000118153 0.000286597 0.00011185 -0.000118153 0.00957413 -0.0177103 -0.000115514 0.000286597 -0.0177103 0.0880039 
0.0100818 -0.01841 9.05728e-05 -8.34067e-05 -0.01841 0.0899289 -8.59497e-05 0.000182824 9.05728e-05 -8.59497e-05 0.0096006 -0.0177739 -8.34067e-05 0.000182824 -0.0177739 0.0881905 
0.0100707 -0.018388 9.04436e-05 -0.000109021 -0.018388 0.0898511 -0.00010942 0.000238339 9.04436e-05 -0.00010942 0.00961578 -0.0178209 -0.000109021 0.000238339 -0.0178209 0.0883526 
0.0100737 -0.0183906 9.55844e-05 -8.87785e-05 -0.0183906 0.0898435 -8.97708e-05 0.000214603 9.55844e-05 -8.97708e-05 0.00960997 -0.0178246 -8.87785e-05 0.000214603 -0.0178246 0.0884056 
0.0100943 -0.0183719 0.000130575 -0.000119304 -0.0183719 0.0897909 -0.000121593 0.000274045 0.000130575 -0.000121593 0.0095853 -0.0178436 -0.000119304 0.000274045 -0.0178436 0.0884809 
0.0101275 -0.0184169 0.000139937 -0.000146291 -0.0184169 0.0898601 -0.000150782 0.000328969 0.000139937 -0.000150782 0.00955535 -0.0177868 -0.000146291 0.000328969 -0.0177868 0.0883871 
0.0101433 -0.0184533 0.000160682 -0.000166344 -0.0184533 0.0899491 -0.000168967 0.000391071 0.000160682 -0.000168967 0.00954872 -0.0177543 -0.000166344 0.000391071 -0.0177543 0.0882923 
0.0101294 -0.0184828 0.000155479 -0.000164732 -0.0184828 0.0900358 -0.000160462 0.000372199 0.000155479 -0.000160462 0.00955389 -0.0177259 -0.000164732 0.000372199 -0.0177259 0.0881868 
0.0101267 -0.0184582 0.000156 -0.000172661 -0.0184582 0.0900154 -0.000160331 0.000381244 0.000156 -0.000160331 0.00952913 -0.0177288 -0.000172661 0.000381244 -0.0177288 0.088146 
0.0101527 -0.0184559 0.0001427 -0.000172753 -0.0184559 0.0900003 -0.000158609 0.000380112 0.0001427 -0.000158609 0.00949156 -0.0177031 -0.000172753 0.000380112 -0.0177031 0.0881075 
0.01014 -0.0184535 0.000114346 -0.000145886 -0.0184535 0.0899461 -0.000134328 0.000330631 0.000114346 -0.000134328 0.009496 -0.0176845 -0.000145886 0.000330631 -0.0176845 0.0880927 
0.0101282 -0.0184361 0.00013619 -0.000147749 -0.0184361 0.0899043 -0.00014187 0.000358044 0.00013619 -0.00014187 0.00950934 -0.0176933 -0.000147749 0.000358044 -0.0176933 0.0880977 
0.0101263 -0.0184258 0.000139526 -0.000137012 -0.0184258 0.08987 -0.000131536 0.00030846 0.000139526 -0.000131536 0.00951613 -0.0177024 -0.000137012 0.00030846 -0.0177024 0.0881108 
0.0101535 -0.018438 0.00016677 -0.000155669 -0.018438 0.089897 -0.000153805 0.000341444 0.00016677 -0.000153805 0.00950213 -0.0177045 -0.000155669 0.000341444 -0.0177045 0.0881128 
0.0101672 -0.0184619 0.000181462 -0.000181152 -0.0184619 0.0899381 -0.000184849 0.000394926 0.000181462 -0.000184849 0.00951863 -0.0177065 -0.000181152 0.000394926 -0.0177065 0.0881425 
0.010202 -0.0184876 0.000193629 -0.000200523 -0.0184876 0.0900084 -0.000207606 0.000455736 0.000193629 -0.000207606 0.00950235 -0.0177191 -0.000200523 0.000455736 -0.0177191 0.0881577 
0.0102648 -0.0185397 0.000184421 -0.000204685 -0.0185397 0.0901239 -0.000211555 0.000471824 0.000184421 -0.000211555 0.00943593 -0.0176825 -0.000204685 0.000471824 -0.0176825 0.0880874 
0.0102573 -0.0186316 0.000131578 -0.000154602 -0.0186316 0.0903313 -0.000160821 0.00035544 0.000131578 -0.000160821 0.00942304 -0.0175804 -0.000154602 0.00035544 -0.0175804 0.0878703 
