0.00764004 0 7.14739e-05 0 0 0.01 0 0 7.14739e-05 0 0.0070896 0 0 0 0 0.01 
0.0107142 -0.0133062 9.57323e-05 -0.000108931 -0.0133062 0.0346883 -0.000108931 0.000209071 9.57323e-05 -0.000108931 0.0100479 -0.0124771 -0.000108931 0.000209071 -0.0124771 0.0330981 
0.0106845 -0.0199721 0.000150268 -0.000126201 -0.0199721 0.0730502 -0.000126201 0.000342441 0.000150268 -0.000126201 0.0102113 -0.0190909 -0.000126201 0.000342441 -0.0190909 0.0701878 
0.0100089 -0.0195144 0.000152549 -0.000110504 -0.0195144 0.0869796 -0.000108193 9.77221e-05 0.000152549 -0.000108193 0.00972806 -0.0188269 -0.000110504 9.77221e-05 -0.0188269 0.0843348 
0.00990377 -0.018668 0.000104912 -0.000106427 -0.018668 0.0894582 -9.2543e-05 9.57268e-05 0.000104912 -9.2543e-05 0.00973796 -0.0181969 -0.000106427 9.57268e-05 -0.0181969 0.0877053 
0.0100609 -0.0184967 2.18068e-05 -2.48372e-05 -0.0184967 0.0899809 -4.61521e-06 -1.45482e-05 2.18068e-05 -4.61521e-06 0.00986773 -0.0181074 -2.48372e-05 -1.45482e-05 -0.0181074 0.0887169 
0.0101976 -0.0185799 -1.04444e-05 5.51143e-05 -0.0185799 0.0903419 7.51018e-05 -0.000173382 -1.04444e-05 7.51018e-05 0.00993958 -0.0181842 5.51143e-05 -0.000173382 -0.0181842 0.0892074 
0.0102886 -0.018669 2.7098e-06 9.02124e-05 -0.018669 0.0906111 0.000108455 -0.000309735 2.7098e-06 0.000108455 0.00995359 -0.018222 9.02124e-05 -0.000309735 -0.018222 0.0893984 
0.010313 -0.0187347 2.29614e-05 7.14491e-05 -0.0187347 0.0907614 8.3658e-05 -0.000324343 2.29614e-05 8.3658e-05 0.00993955 -0.0182076 7.14491e-05 -0.000324343 -0.0182076 0.0893734 
0.010334 -0.018747 5.14715e-05 1.41938e-05 -0.018747 0.0908173 2.02418e-05 -0.000187385 5.14715e-05 2.02418e-05 0.0099357 -0.0182232 1.41938e-05 -0.000187385 -0.0182232 0.089407 
0.0103561 -0.0187563 8.12986e-05 -1.35643e-05 -0.0187563 0.0908125 -1.48167e-05 -8.12011e-05 8.12986e-05 -1.48167e-05 0.009901 -0.0182409 -1.35643e-05 -8.12011e-05 -0.0182409 0.0894776 
0.010362 -0.018805 7.90464e-05 -3.42356e-05 -0.018805 0.0909123 -4.17074e-05 -1.71973e-05 7.90464e-05 -4.17074e-05 0.00988188 -0.0181874 -3.42356e-05 -1.71973e-05 -0.0181874 0.0894145 
0.0103636 -0.0188215 5.72625e-05 -1.31581e-05 -0.0188215 0.0909946 -2.04193e-05 -4.5863e-05 5.72625e-05 -2.04193e-05 0.00987012 -0.0181571 -1.31581e-05 -4.5863e-05 -0.0181571 0.0893287 
0.0103046 -0.018808 5.53297e-05 -1.67329e-05 -0.018808 0.09098 -1.84003e-05 -2.77894e-05 5.53297e-05 -1.84003e-05 0.00988883 -0.0181535 -1.67329e-05 -2.77894e-05 -0.0181535 0.0893029 
0.0102694 -0.0187374 5.03141e-05 -1.00294e-05 -0.0187374 0.0908729 -6.2548e-06 -4.89691e-05 5.03141e-05 -6.2548e-06 0.0099057 -0.0181897 -1.00294e-05 -4.89691e-05 -0.0181897 0.0893742 
0.0102532 -0.0187068 4.58659e-05 -1.39463e-05 -0.0187068 0.0907898 -7.59825e-06 -4.44614e-05 4.58659e-05 -7.59825e-06 0.00990791 -0.018198 -1.39463e-05 -4.44614e-05 -0.018198 0.0894096 
0.0102527 -0.0186855 5.48812e-05 -2.31878e-05 -0.0186855 0.0907374 -2.12699e-05 -5.79066e-06 5.48812e-05 -2.12699e-05 0.00992152 -0.0182166 -2.31878e-05 -5.79066e-06 -0.0182166 0.0894701 
0.0102811 -0.0186675 7.74948e-05 -2.1896e-05 -0.0186675 0.0906685 -2.37027e-05 -3.67546e-06 7.74948e-05 -2.37027e-05 0.00991979 -0.01825 -2.1896e-05 -3.67546e-06 -0.01825 0.0895647 
0.0103079 -0.0187092 0.000107041 -4.97767e-05 -0.0187092 0.0907209 -5.08159e-05 3.77914e-05 0.000107041 -5.08159e-05 0.00990522 -0.0182487 -4.97767e-05 3.77914e-05 -0.0182487 0.0896005 
0.0103236 -0.0187661 0.000122216 -8.7666e-05 -0.0187661 0.0908738 -8.85452e-05 0.00012058 0.000122216 -8.85452e-05 0.00991198 -0.0182171 -8.7666e-05 0.00012058 -0.0182171 0.0895467 
0.0103562 -0.018824 0.000107309 -7.41055e-05 -0.018824 0.0910713 -8.07462e-05 0.000109959 0.000107309 -8.07462e-05 0.00990565 -0.0181767 -7.41055e-05 0.000109959 -0.0181767 0.089401 
0.0103641 -0.0188371 0.000114596 -9.04897e-05 -0.0188371 0.0911311 -0.000100116 0.000170371 0.000114596 -0.000100116 0.00992541 -0.018195 -9.04897e-05 0.000170371 -0.018195 0.0893974 
0.0103803 -0.0188243 0.000152888 -0.00011091 -0.0188243 0.0911023 -0.0001161 0.000232191 0.000152888 -0.0001161 0.00992066 -0.0182481 -0.00011091 0.000232191 -0.0182481 0.0895188 
0.0103744 -0.0188635 0.000152027 -0.000136343 -0.0188635 0.0911704 -0.000136836 0.000267413 0.000152027 -0.000136836 0.00992548 -0.0182214 -0.000136343 0.000267413 -0.0182214 0.0895087 
0.0103214 -0.0188394 0.000122889 -0.000131894 -0.0188394 0.0911412 -0.000131278 0.000273709 0.000122889 -0.000131278 0.00994852 -0.0182364 -0.000131894 0.000273709 -0.0182364 0.0895289 
0.0103122 -0.0188009 0.000100717 -8.18618e-05 -0.0188009 0.0910977 -7.87144e-05 0.000172571 0.000100717 -7.87144e-05 0.00995548 -0.0182451 -8.18618e-05 0.000172571 -0.0182451 0.0895385 
0.0103534 -0.0187772 0.000131481 -7.45944e-05 -0.0187772 0.0910286 -7.07109e-05 0.000131194 0.000131481 -7.07109e-05 0.00993728 -0.0182829 -7.45944e-05 0.000131194 -0.0182829 0.0896362 
0.0104013 -0.0188087 0.00015627 -0.000143268 -0.0188087 0.0910376 -0.000137174 0.000253606 0.00015627 -0.000137174 0.00996728 -0.0183111 -0.000143268 0.000253606 -0.0183111 0.0897805 
0.01041 -0.0188982 0.000125213 -0.000126285 -0.0188982 0.0912183 -0.00012273 0.000243495 0.000125213 -0.00012273 0.00999047 -0.0182914 -0.000126285 0.000243495 -0.0182914 0.0897334 
0.0104175 -0.0188849 0.00011688 -9.89386e-05 -0.0188849 0.0912498 -9.91588e-05 0.00020195 0.00011688 -9.91588e-05 0.0100228 -0.0183575 -9.89386e-05 0.00020195 -0.0183575 0.0898605 
0.0104501 -0.018901 0.000126873 -6.62614e-05 -0.018901 0.0912747 -6.91715e-05 0.000105319 0.000126873 -6.91715e-05 0.0100245 -0.0183833 -6.62614e-05 0.000105319 -0.0183833 0.0899466 
0.0104498 -0.0189515 0.000132708 -7.5809e-05 -0.0189515 0.0913695 -7.77104e-05 8.18098e-05 0.000132708 -7.77104e-05 0.0100254 -0.0183568 -7.5809e-05 8.18098e-05 -0.0183568 0.0898989 
0.0104332 -0.0189817 0.000102547 -6.02793e-05 -0.0189817 0.0914926 -5.84669e-05 2.75224e-05 0.000102547 -5.84669e-05 0.0100033 -0.0183165 -6.02793e-05 2.75224e-05 -0.0183165 0.0897638 
0.0103867 -0.0189352 8.39924e-05 -5.6728e-05 -0.0189352 0.0914348 -5.2484e-05 3.75791e-05 8.39924e-05 -5.2484e-05 0.00999769 -0.0183282 -5.6728e-05 3.75791e-05 -0.0183282 0.089774 
0.0103521 -0.0188861 5.37909e-05 -4.03105e-05 -0.0188861 0.0913434 -3.53162e-05 1.87178e-05 5.37909e-05 -3.53162e-05 0.0100061 -0.0183316 -4.03105e-05 1.87178e-05 -0.0183316 0.0898066 
0.0103226 -0.0188355 2.45979e-05 3.83977e-06 -0.0188355 0.0912127 1.63184e-06 -5.85413e-05 2.45979e-05 1.63184e-06 0.0100093 -0.0183354 3.83977e-06 -5.85413e-05 -0.0183354 0.0898136 
0.0102836 -0.0187909 -8.39512e-06 1.89673e-05 -0.0187909 0.0910893 8.97862e-06 -8.46438e-05 -8.39512e-06 8.97862e-06 0.010064 -0.0183545 1.89673e-05 -8.46438e-05 -0.0183545 0.089862 
0.0102499 -0.0187353 -5.95213e-05 9.49883e-05 -0.0187353 0.0909304 8.67189e-05 -0.000254374 -5.95213e-05 8.67189e-05 0.0100757 -0.0183929 9.49883e-05 -0.000254374 -0.0183929 0.0899053 
0.0102576 -0.0186957 -8.20423e-05 0.000148378 -0.0186957 0.0908117 0.000148231 -0.000414987 -8.20423e-05 0.000148231 0.01008 -0.0184195 0.000148378 -0.000414987 -0.0184195 0.0899877 
0.0102797 -0.0187195 -7.47416e-05 0.00015891 -0.0187195 0.0908208 0.000165277 -0.000481935 -7.47416e-05 0.000165277 0.0100661 -0.0184128 0.00015891 -0.000481935 -0.0184128 0.089993 
0.0102903 -0.018752 -5.04326e-05 0.000139419 -0.018752 0.0908938 0.000147365 -0.00046086 -5.04326e-05 0.000147365 0.0100593 -0.018399 0.000139419 -0.00046086 -0.018399 0.0899703 
0.0102792 -0.0187602 -5.49504e-05 0.000114896 -0.0187602 0.0909385 0.000117436 -0.000409156 -5.49504e-05 0.000117436 0.0100889 -0.0184062 0.000114896 -0.000409156 -0.0184062 0.0899884 
0.0102661 -0.0187456 -4.80296e-05 0.000120282 -0.0187456 0.0909272 0.000112734 -0.000377373 -4.80296e-05 0.000112734 0.0101087 -0.018434 0.000120282 -0.000377373 -0.018434 0.0900273 
0.0102334 -0.0187233 -5.83125e-05 0.000114204 -0.0187233 0.0908708 9.79813e-05 -0.000347884 -5.83125e-05 9.79813e-05 0.0101183 -0.0184535 0.000114204 -0.000347884 -0.0184535 0.090071 
0.0101877 -0.0187015 -8.06115e-05 0.000129752 -0.0187015 0.0908313 0.000114154 -0.000357049 -8.06115e-05 0.000114154 0.0101118 -0.0184317 0.000129752 -0.000357049 -0.0184317 0.0900166 
0.0101656 -0.0186326 -6.15173e-05 0.000150144 -0.0186326 0.090692 0.000140552 -0.000397433 -6.15173e-05 0.000140552 0.0100779 -0.0184364 0.000150144 -0.000397433 -0.0184364 0.090016 
0.010194 -0.0186168 -2.62863e-05 0.000131477 -0.0186168 0.0906217 0.000129094 -0.000403466 -2.62863e-05 0.000129094 0.0100262 -0.0183835 0.000131477 -0.000403466 -0.0183835 0.0899242 
0.0102125 -0.0186416 -1.83223e-05 8.1521e-05 -0.0186416 0.0906312 8.38659e-05 -0.000321435 -1.83223e-05 8.38659e-05 0.0100079 -0.0183303 8.1521e-05 -0.000321435 -0.0183303 0.0898042 
0.010216 -0.0186524 -9.81275e-06 3.5627e-05 -0.0186524 0.0906541 3.81237e-05 -0.000168679 -9.81275e-06 3.81237e-05 0.0100175 -0.0183292 3.5627e-05 -0.000168679 -0.0183292 0.0897726 
0.0102289 -0.0186526 4.93368e-06 3.64109e-05 -0.0186526 0.0906568 3.86604e-05 -0.000125459 4.93368e-06 3.86604e-05 0.0100027 -0.0183458 3.64109e-05 -0.000125459 -0.0183458 0.0897976 
0.0102241 -0.0186487 2.63516e-05 1.58503e-05 -0.0186487 0.0906242 2.07747e-05 -8.48477e-05 2.63516e-05 2.07747e-05 0.0099994 -0.0183424 1.58503e-05 -8.48477e-05 -0.0183424 0.0898242 
0.0102383 -0.0186721 3.90467e-05 5.07539e-06 -0.0186721 0.090686 1.27781e-05 -7.34038e-05 3.90467e-05 1.27781e-05 0.0099884 -0.0183008 5.07539e-06 -7.34038e-05 -0.0183008 0.0897218 
0.0102631 -0.0187165 1.40162e-05 3.80431e-05 -0.0187165 0.0908076 4.66157e-05 -0.000176417 1.40162e-05 4.66157e-05 0.00997554 -0.0182469 3.80431e-05 -0.000176417 -0.0182469 0.0895487 
0.0102452 -0.0187178 -9.37586e-06 5.42057e-05 -0.0187178 0.090817 5.87013e-05 -0.000220227 -9.37586e-06 5.87013e-05 0.00996341 -0.0182506 5.42057e-05 -0.000220227 -0.0182506 0.0895036 
0.0102314 -0.0186915 -6.15669e-05 8.04276e-05 -0.0186915 0.0907767 8.04995e-05 -0.000273362 -6.15669e-05 8.04995e-05 0.00997253 -0.0182604 8.04276e-05 -0.000273362 -0.0182604 0.0895437 
0.0102184 -0.0186307 -6.52398e-05 0.000101704 -0.0186307 0.0906105 0.000100601 -0.000280467 -6.52398e-05 0.000100601 0.00999311 -0.0183264 0.000101704 -0.000280467 -0.0183264 0.0897285 
0.0102185 -0.0186258 -3.80873e-05 0.000121898 -0.0186258 0.0905349 0.000121931 -0.000337467 -3.80873e-05 0.000121931 0.00996652 -0.018316 0.000121898 -0.000337467 -0.018316 0.0897483 
0.0102167 -0.0186611 -2.05126e-05 9.78768e-05 -0.0186611 0.0906197 9.70646e-05 -0.000331863 -2.05126e-05 9.70646e-05 0.00993589 -0.0182511 9.78768e-05 -0.000331863 -0.0182511 0.0896087 
0.0102 -0.0186512 -1.55579e-06 6.42713e-05 -0.0186512 0.0906396 6.12837e-05 -0.000249125 -1.55579e-06 6.12837e-05 0.00992007 -0.0182231 6.42713e-05 -0.000249125 -0.0182231 0.0895096 
0.0102101 -0.0186169 2.23606e-05 4.33695e-05 -0.0186169 0.0905784 3.96102e-05 -0.000185968 2.23606e-05 3.96102e-05 0.00990912 -0.0182222 4.33695e-05 -0.000185968 -0.0182222 0.0894944 
0.0101946 -0.0186418 8.27377e-06 2.70989e-05 -0.0186418 0.0905965 2.41064e-05 -0.000150749 8.27377e-06 2.41064e-05 0.00990352 -0.0181745 2.70989e-05 -0.000150749 -0.0181745 0.0893733 
0.0101703 -0.0186144 -1.10969e-05 3.67222e-05 -0.0186144 0.0905592 3.57467e-05 -0.000146421 -1.10969e-05 3.57467e-05 0.00992043 -0.0181731 3.67222e-05 -0.000146421 -0.0181731 0.0893256 
0.0101428 -0.0185892 -2.39874e-05 6.50301e-05 -0.0185892 0.0904996 6.04711e-05 -0.00019142 -2.39874e-05 6.04711e-05 0.00993428 -0.0181744 6.50301e-05 -0.00019142 -0.0181744 0.0892891 
0.0101084 -0.018585 -3.29398e-05 9.18503e-05 -0.018585 0.0905004 8.41948e-05 -0.0002618 -3.29398e-05 8.41948e-05 0.00994307 -0.0181515 9.18503e-05 -0.0002618 -0.0181515 0.0891926 
0.0101125 -0.0185114 -4.14191e-05 7.61503e-05 -0.0185114 0.0903699 7.08611e-05 -0.000246423 -4.14191e-05 7.08611e-05 0.00998237 -0.0182387 7.61503e-05 -0.000246423 -0.0182387 0.0893867 
0.0101314 -0.0185057 -4.19625e-05 9.02444e-05 -0.0185057 0.0902751 8.62966e-05 -0.000259073 -4.19625e-05 8.62966e-05 0.00996483 -0.0182845 9.02444e-05 -0.000259073 -0.0182845 0.0895404 
0.0101687 -0.0185248 -2.58017e-06 8.57481e-05 -0.0185248 0.0902801 8.31848e-05 -0.000257704 -2.58017e-06 8.31848e-05 0.00992408 -0.0182811 8.57481e-05 -0.000257704 -0.0182811 0.0896196 
0.010147 -0.018575 -1.10648e-05 4.77372e-05 -0.018575 0.0903663 4.96079e-05 -0.000211267 -1.10648e-05 4.96079e-05 0.0099185 -0.0182102 4.77372e-05 -0.000211267 -0.0182102 0.0895055 
0.0101171 -0.0185482 -2.44022e-05 5.31899e-05 -0.0185482 0.0903658 5.77563e-05 -0.000192858 -2.44022e-05 5.77563e-05 0.00992586 -0.0182018 5.31899e-05 -0.000192858 -0.0182018 0.0894342 
0.010119 -0.0185164 -2.35194e-05 5.43513e-05 -0.0185164 0.0903177 5.78743e-05 -0.000179266 -2.35194e-05 5.78743e-05 0.00993867 -0.0182169 5.43513e-05 -0.000179266 -0.0182169 0.0894452 
0.0101226 -0.0185202 -4.76491e-05 8.75339e-05 -0.0185202 0.0902963 8.72856e-05 -0.000263532 -4.76491e-05 8.72856e-05 0.0099408 -0.0182215 8.75339e-05 -0.000263532 -0.0182215 0.0894478 
0.0101405 -0.0185292 -6.15416e-05 0.000111567 -0.0185292 0.0903139 0.000112301 -0.000331041 -6.15416e-05 0.000112301 0.00994589 -0.0182276 0.000111567 -0.000331041 -0.0182276 0.0894639 
0.0101736 -0.0185381 -3.59108e-05 0.000107897 -0.0185381 0.0903258 0.000110653 -0.00033279 -3.59108e-05 0.000110653 0.00994669 -0.018257 0.000107897 -0.00033279 -0.018257 0.0895415 
0.0102141 -0.0185863 1.25316e-05 6.51015e-05 -0.0185863 0.0904131 6.60412e-05 -0.000245989 1.25316e-05 6.60412e-05 0.00992835 -0.0182475 6.51015e-05 -0.000245989 -0.0182475 0.0895419 
0.0102109 -0.0186503 9.94328e-06 4.61819e-05 -0.0186503 0.090566 4.60069e-05 -0.000218628 9.94328e-06 4.60069e-05 0.00990814 -0.0182005 4.61819e-05 -0.000218628 -0.0182005 0.0894357 
0.0101968 -0.018663 1.40628e-05 5.50973e-05 -0.018663 0.0906615 5.67908e-05 -0.000224315 1.40628e-05 5.67908e-05 0.00985939 -0.0181402 5.50973e-05 -0.000224315 -0.0181402 0.0892545 
0.0101832 -0.018628 2.54797e-05 1.96318e-05 -0.018628 0.0906269 2.07375e-05 -0.000143798 2.54797e-05 2.07375e-05 0.00984861 -0.0181113 1.96318e-05 -0.000143798 -0.0181113 0.0891752 
0.0101851 -0.0186163 1.69184e-05 1.84202e-05 -0.0186163 0.0905884 1.98716e-05 -0.000119206 1.69184e-05 1.98716e-05 0.00984415 -0.0180788 1.84202e-05 -0.000119206 -0.0180788 0.0890696 
0.0101681 -0.018586 3.85049e-06 1.11145e-05 -0.018586 0.0904891 1.5455e-05 -8.80318e-05 3.85049e-06 1.5455e-05 0.00986823 -0.0181105 1.11145e-05 -8.80318e-05 -0.0181105 0.0891208 
0.0101284 -0.0185629 -1.35096e-05 3.40431e-05 -0.0185629 0.0904099 3.83565e-05 -0.000120917 -1.35096e-05 3.83565e-05 0.00990614 -0.0181459 3.40431e-05 -0.000120917 -0.0181459 0.0892126 
0.0100935 -0.0185283 -4.26624e-05 6.98632e-05 -0.0185283 0.090336 7.41556e-05 -0.000208558 -4.26624e-05 7.41556e-05 0.00991625 -0.0181662 6.98632e-05 -0.000208558 -0.0181662 0.0892566 
0.0100722 -0.0184746 -2.84043e-05 8.25534e-05 -0.0184746 0.0902131 8.44167e-05 -0.000235116 -2.84043e-05 8.44167e-05 0.00991848 -0.0182013 8.25534e-05 -0.000235116 -0.0182013 0.0893589 
0.0100572 -0.0184657 -4.95479e-05 0.000102977 -0.0184657 0.0901626 9.86906e-05 -0.000311806 -4.95479e-05 9.86906e-05 0.00989221 -0.0181734 0.000102977 -0.000311806 -0.0181734 0.089322 
0.0100144 -0.0184257 -4.91738e-05 9.05404e-05 -0.0184257 0.0900649 8.59166e-05 -0.000273903 -4.91738e-05 8.59166e-05 0.00989621 -0.0181616 9.05404e-05 -0.000273903 -0.0181616 0.0893049 
0.010016 -0.0183586 -2.35514e-05 6.48833e-05 -0.0183586 0.0899135 6.32157e-05 -0.000197215 -2.35514e-05 6.32157e-05 0.0098991 -0.0181902 6.48833e-05 -0.000197215 -0.0181902 0.0893687 
0.0100349 -0.0183609 -2.9773e-05 6.087e-05 -0.0183609 0.08985 5.72248e-05 -0.000192023 -2.9773e-05 5.72248e-05 0.0099035 -0.0181899 6.087e-05 -0.000192023 -0.0181899 0.0893926 
0.0100364 -0.0183846 -6.3272e-05 8.51366e-05 -0.0183846 0.0898704 7.73919e-05 -0.000239527 -6.3272e-05 7.73919e-05 0.00991313 -0.0181914 8.51366e-05 -0.000239527 -0.0181914 0.0893945 
0.0100405 -0.0183781 -6.15827e-05 0.00013129 -0.0183781 0.0898565 0.000119032 -0.000332117 -6.15827e-05 0.000119032 0.00989325 -0.018198 0.00013129 -0.000332117 -0.018198 0.0893975 
0.0100192 -0.0183948 -9.98282e-05 0.000156412 -0.0183948 0.0898772 0.000143952 -0.000440969 -9.98282e-05 0.000143952 0.00985875 -0.0181373 0.000156412 -0.000440969 -0.0181373 0.0892622 
0.00998751 -0.018376 -0.000131204 0.000172213 -0.018376 0.0898763 0.000168541 -0.000482096 -0.000131204 0.000168541 0.00985568 -0.0180972 0.000172213 -0.000482096 -0.0180972 0.0891425 
0.00996095 -0.0183281 -0.000141692 0.000178189 -0.0183281 0.0897954 0.000182694 -0.000484126 -0.000141692 0.000182694 0.00988447 -0.0181093 0.000178189 -0.000484126 -0.0181093 0.0891303 
0.00995929 -0.0183007 -0.000121051 0.000188504 -0.0183007 0.089721 0.000193696 -0.000500159 -0.000121051 0.000193696 0.00990015 -0.0181322 0.000188504 -0.000500159 -0.0181322 0.0891503 
0.00996912 -0.0183042 -0.000108826 0.000176102 -0.0183042 0.0897002 0.000180399 -0.000499853 -0.000108826 0.000180399 0.00989917 -0.0181369 0.000176102 -0.000499853 -0.0181369 0.089149 
0.00997716 -0.0183084 -9.14272e-05 0.000147277 -0.0183084 0.0896917 0.000153458 -0.000435811 -9.14272e-05 0.000153458 0.00987208 -0.0181428 0.000147277 -0.000435811 -0.0181428 0.0891637 
0.00995876 -0.0183099 -0.000105267 0.000130168 -0.0183099 0.0896811 0.00013793 -0.000385213 -0.000105267 0.00013793 0.00986297 -0.0181153 0.000130168 -0.000385213 -0.0181153 0.0891369 
0.00996319 -0.0182939 -9.41072e-05 0.000160852 -0.0182939 0.0896587 0.000165223 -0.000424089 -9.41072e-05 0.000165223 0.00982347 -0.0180904 0.000160852 -0.000424089 -0.0180904 0.0890676 
0.00997001 -0.0183062 -0.000105852 0.000154149 -0.0183062 0.0896717 0.00015501 -0.000437892 -0.000105852 0.00015501 0.00979219 -0.0180223 0.000154149 -0.000437892 -0.0180223 0.0889112 
0.00996733 -0.0182981 -9.28725e-05 0.000160204 -0.0182981 0.089653 0.000157196 -0.000433011 -9.28725e-05 0.000157196 0.00977268 -0.0179986 0.000160204 -0.000433011 -0.0179986 0.0888206 
0.00995637 -0.0182693 -7.34358e-05 0.000131875 -0.0182693 0.0895797 0.000124778 -0.000373902 -7.34358e-05 0.000124778 0.00977495 -0.0180122 0.000131875 -0.000373902 -0.0180122 0.0888532 
0.00994638 -0.018257 -7.01056e-05 0.000108445 -0.018257 0.0895361 0.000102856 -0.000312204 -7.01056e-05 0.000102856 0.00979119 -0.0180188 0.000108445 -0.000312204 -0.0180188 0.0888864 
0.00994301 -0.0182531 -9.12084e-05 0.000102836 -0.0182531 0.0895187 0.000103605 -0.00028453 -9.12084e-05 0.000103605 0.00978362 -0.0180194 0.000102836 -0.00028453 -0.0180194 0.0888764 
0.00992075 -0.0182734 -0.000126685 0.000147372 -0.0182734 0.0895684 0.000153496 -0.000372878 -0.000126685 0.000153496 0.00978905 -0.0179713 0.000147372 -0.000372878 -0.0179713 0.0887542 
0.00986905 -0.0182169 -0.000128782 0.000154618 -0.0182169 0.0894711 0.000162465 -0.000388226 -0.000128782 0.000162465 0.00983388 -0.0180095 0.000154618 -0.000388226 -0.0180095 0.0887936 
0.00983288 -0.0181482 -0.000138105 0.000177101 -0.0181482 0.0893091 0.000183554 -0.000452694 -0.000138105 0.000183554 0.00985866 -0.0180665 0.000177101 -0.000452694 -0.0180665 0.0889095 
0.00986371 -0.0180867 -9.12758e-05 0.000180679 -0.0180867 0.0891302 0.0001824 -0.000469212 -9.12758e-05 0.0001824 0.00982436 -0.0181221 0.000180679 -0.000469212 -0.0181221 0.0890806 
0.00989841 -0.018121 -3.64404e-05 0.000122078 -0.018121 0.0891045 0.000118619 -0.000372557 -3.64404e-05 0.000118619 0.00977179 -0.0180769 0.000122078 -0.000372557 -0.0180769 0.0890727 
0.00993037 -0.0182019 -3.03761e-05 6.21025e-05 -0.0182019 0.0892869 5.82109e-05 -0.000237245 -3.03761e-05 5.82109e-05 0.00973237 -0.0179741 6.21025e-05 -0.000237245 -0.0179741 0.0888507 
0.00992806 -0.0182699 -5.36007e-05 7.5544e-05 -0.0182699 0.0895063 7.51838e-05 -0.000229707 -5.36007e-05 7.51838e-05 0.00972186 -0.0178885 7.5544e-05 -0.000229707 -0.0178885 0.0885741 
0.00989595 -0.0182557 -6.82471e-05 0.000103874 -0.0182557 0.0895519 0.000105734 -0.000283716 -6.82471e-05 0.000105734 0.00972915 -0.0178775 0.000103874 -0.000283716 -0.0178775 0.0884517 
0.00986719 -0.018188 -6.47538e-05 0.000111953 -0.018188 0.0894196 0.000110979 -0.000308711 -6.47538e-05 0.000110979 0.00973578 -0.0179119 0.000111953 -0.000308711 -0.0179119 0.0884979 
0.00985208 -0.0181096 -5.26068e-05 9.54278e-05 -0.0181096 0.0891899 8.98025e-05 -0.000275591 -5.26068e-05 8.98025e-05 0.00975445 -0.0179704 9.54278e-05 -0.000275591 -0.0179704 0.0886772 
0.00983807 -0.0180802 -5.14181e-05 7.65604e-05 -0.0180802 0.0890342 6.90645e-05 -0.000220544 -5.14181e-05 6.90645e-05 0.00977263 -0.0179947 7.65604e-05 -0.000220544 -0.0179947 0.0887857 
0.00983995 -0.0181005 -5.51259e-05 8.25185e-05 -0.0181005 0.0890573 8.07136e-05 -0.000221702 -5.51259e-05 8.07136e-05 0.00977561 -0.0179796 8.25185e-05 -0.000221702 -0.0179796 0.0887583 
0.00984764 -0.018089 -4.84257e-05 9.67921e-05 -0.018089 0.0890291 9.69902e-05 -0.000259149 -4.84257e-05 9.69902e-05 0.00975484 -0.0179815 9.67921e-05 -0.000259149 -0.0179815 0.0887398 
0.00985637 -0.0180992 -3.7422e-05 7.49398e-05 -0.0180992 0.0890378 7.36452e-05 -0.000225346 -3.7422e-05 7.36452e-05 0.00974181 -0.0179587 7.49398e-05 -0.000225346 -0.0179587 0.0887002 
0.00984765 -0.0181223 -2.38136e-05 4.95911e-05 -0.0181223 0.0890972 4.91849e-05 -0.000154017 -2.38136e-05 4.91849e-05 0.00974935 -0.0179342 4.95911e-05 -0.000154017 -0.0179342 0.0886325 
0.0098572 -0.0181314 -2.44747e-05 4.76833e-05 -0.0181314 0.0891673 4.8383e-05 -0.000143476 -2.44747e-05 4.8383e-05 0.00974737 -0.0179361 4.76833e-05 -0.000143476 -0.0179361 0.0886021 
0.00984394 -0.0181328 -2.41872e-05 4.22459e-05 -0.0181328 0.0891741 4.15787e-05 -0.000121536 -2.41872e-05 4.15787e-05 0.00975076 -0.0179353 4.22459e-05 -0.000121536 -0.0179353 0.0885962 
0.00983703 -0.0181318 -4.06437e-05 5.51554e-05 -0.0181318 0.0892001 5.40107e-05 -0.000148084 -4.06437e-05 5.40107e-05 0.00977348 -0.0179334 5.51554e-05 -0.000148084 -0.0179334 0.0885882 
0.00985253 -0.0180998 -5.30813e-05 8.35833e-05 -0.0180998 0.0891264 8.25379e-05 -0.000216234 -5.30813e-05 8.25379e-05 0.0097738 -0.0179829 8.35833e-05 -0.000216234 -0.0179829 0.0886866 
0.0099195 -0.0181102 -2.73566e-05 8.78765e-05 -0.0181102 0.0891022 8.75498e-05 -0.000244619 -2.73566e-05 8.75498e-05 0.00972642 -0.018006 8.78765e-05 -0.000244619 -0.018006 0.0887976 
0.00996489 -0.0181959 1.15256e-06 5.68663e-05 -0.0181959 0.089231 5.96021e-05 -0.00020567 1.15256e-06 5.96021e-05 0.0096577 -0.0179404 5.68663e-05 -0.00020567 -0.0179404 0.088726 
0.010006 -0.0182664 4.10951e-05 -9.38558e-06 -0.0182664 0.0894345 -2.05377e-06 -5.26075e-05 4.10951e-05 -2.05377e-06 0.00960452 -0.0178557 -9.38558e-06 -5.26075e-05 -0.0178557 0.0885559 
0.00999115 -0.0183055 3.71908e-05 -4.89297e-05 -0.0183055 0.0895669 -4.17958e-05 5.86578e-05 3.71908e-05 -4.17958e-05 0.00962677 -0.0178007 -4.89297e-05 5.86578e-05 -0.0178007 0.0884088 
0.00996783 -0.0182895 1.12457e-05 -1.31734e-05 -0.0182895 0.0895857 -8.92284e-06 1.64974e-05 1.12457e-05 -8.92284e-06 0.00965707 -0.0178101 -1.31734e-05 1.64974e-05 -0.0178101 0.0883409 
0.00996157 -0.018269 -7.41476e-06 2.86526e-05 -0.018269 0.0895566 2.89644e-05 -8.237e-05 -7.41476e-06 2.89644e-05 0.00966877 -0.0178347 2.86526e-05 -8.237e-05 -0.0178347 0.08835 
0.00997005 -0.0182218 1.21984e-05 1.47103e-05 -0.0182218 0.0894222 1.51228e-05 -6.67185e-05 1.21984e-05 1.51228e-05 0.00967985 -0.0178986 1.47103e-05 -6.67185e-05 -0.0178986 0.0885162 
0.00999532 -0.0182421 2.66398e-05 2.75052e-07 -0.0182421 0.0894097 6.99994e-06 -5.18498e-05 2.66398e-05 6.99994e-06 0.00966211 -0.0179077 2.75052e-07 -5.18498e-05 -0.0179077 0.0885955 
0.0100035 -0.0183116 4.16823e-05 -1.60061e-05 -0.0183116 0.0895696 -5.3508e-06 -1.98161e-05 4.16823e-05 -5.3508e-06 0.0096681 -0.0178497 -1.60061e-05 -1.98161e-05 -0.0178497 0.0884895 
0.0100132 -0.018359 3.70558e-05 -2.17848e-05 -0.018359 0.0897608 -1.21386e-05 -1.07564e-05 3.70558e-05 -1.21386e-05 0.00966544 -0.0178176 -2.17848e-05 -1.07564e-05 -0.0178176 0.088337 
0.0100088 -0.0183452 4.08997e-05 -1.29991e-05 -0.0183452 0.0897769 -1.10096e-05 -1.01708e-05 4.08997e-05 -1.10096e-05 0.0096676 -0.0178434 -1.29991e-05 -1.01708e-05 -0.0178434 0.0883573 
0.00998568 -0.0183133 4.8303e-05 -3.86627e-05 -0.0183133 0.0896902 -4.22763e-05 5.73497e-05 4.8303e-05 -4.22763e-05 0.00967484 -0.0178693 -3.86627e-05 5.73497e-05 -0.0178693 0.088441 
0.00997962 -0.0182532 6.43442e-05 -5.51622e-05 -0.0182532 0.0895239 -5.90849e-05 0.000119843 6.43442e-05 -5.90849e-05 0.00968343 -0.0179164 -5.51622e-05 0.000119843 -0.0179164 0.0885979 
0.010021 -0.0182605 8.54186e-05 -4.37497e-05 -0.0182605 0.0894795 -5.21138e-05 9.59069e-05 8.54186e-05 -5.21138e-05 0.00966032 -0.0179057 -4.37497e-05 9.59069e-05 -0.0179057 0.0886196 
0.0100405 -0.0183452 7.65862e-05 -6.89599e-05 -0.0183452 0.0896459 -7.8635e-05 0.000121614 7.65862e-05 -7.8635e-05 0.00966377 -0.0178523 -6.89599e-05 0.000121614 -0.0178523 0.0885072 
0.0100698 -0.0183654 8.96951e-05 -7.9074e-05 -0.0183654 0.0897568 -8.21198e-05 0.000167738 8.96951e-05 -8.21198e-05 0.0096684 -0.0178776 -7.9074e-05 0.000167738 -0.0178776 0.0885213 
0.0100902 -0.0183937 8.01759e-05 -6.8239e-05 -0.0183937 0.0898219 -6.69493e-05 0.000126283 8.01759e-05 -6.69493e-05 0.00964949 -0.0178883 -6.8239e-05 0.000126283 -0.0178883 0.0885588 
0.0101008 -0.0184153 5.73682e-05 -5.38447e-05 -0.0184153 0.0898771 -5.32734e-05 8.68691e-05 5.73682e-05 -5.32734e-05 0.00962426 -0.0178654 -5.38447e-05 8.68691e-05 -0.0178654 0.0885375 
0.0101131 -0.0184326 4.64521e-05 -2.98949e-05 -0.0184326 0.0899316 -2.93757e-05 3.71463e-05 4.64521e-05 -2.93757e-05 0.00960647 -0.017829 -2.98949e-05 3.71463e-05 -0.017829 0.0884625 
0.0101293 -0.0184571 7.28003e-05 -2.98892e-05 -0.0184571 0.0900052 -2.93932e-05 2.857e-05 7.28003e-05 -2.93932e-05 0.00960415 -0.0178005 -2.98892e-05 2.857e-05 -0.0178005 0.088376 
0.0101283 -0.0184931 7.53622e-05 -2.74442e-05 -0.0184931 0.0901021 -2.54279e-05 -1.95582e-05 7.53622e-05 -2.54279e-05 0.00960068 -0.0177705 -2.74442e-05 -1.95582e-05 -0.0177705 0.0882595 
0.0101524 -0.018493 8.64481e-05 -3.231e-05 -0.018493 0.0901384 -2.68298e-05 -2.81367e-05 8.64481e-05 -2.68298e-05 0.00957112 -0.017755 -3.231e-05 -2.81367e-05 -0.017755 0.0881773 
0.0101411 -0.0185091 8.98189e-05 -7.30408e-05 -0.0185091 0.0901548 -6.42484e-05 6.22104e-05 8.98189e-05 -6.42484e-05 0.00958074 -0.017737 -7.30408e-05 6.22104e-05 -0.017737 0.0881424 
0.0101174 -0.0184643 0.000108415 -0.00010898 -0.0184643 0.0900661 -9.78786e-05 0.000190263 0.000108415 -9.78786e-05 0.00961658 -0.0177918 -0.00010898 0.000190263 -0.0177918 0.0882625 
0.0101192 -0.0184304 0.00013649 -0.000147822 -0.0184304 0.0899657 -0.000134641 0.000314952 0.00013649 -0.000134641 0.00964132 -0.0178523 -0.000147822 0.000314952 -0.0178523 0.0884344 
0.010147 -0.0184599 0.000125298 -0.000134793 -0.0184599 0.0900041 -0.000127661 0.000294081 0.000125298 -0.000127661 0.00964766 -0.0178629 -0.000134793 0.000294081 -0.0178629 0.088501 
0.0101898 -0.0184714 0.000132425 -0.00011682 -0.0184714 0.0900186 -0.000117791 0.000262241 0.000132425 -0.000117791 0.00963662 -0.0179028 -0.00011682 0.000262241 -0.0179028 0.088625 
0.0102179 -0.0185291 0.000153267 -0.00013127 -0.0185291 0.0901177 -0.000133395 0.000280228 0.000153267 -0.000133395 0.00962514 -0.017887 -0.00013127 0.000280228 -0.017887 0.0886479 
0.0102093 -0.0185896 0.000147397 -0.000141472 -0.0185896 0.0902864 -0.000143536 0.000291548 0.000147397 -0.000143536 0.0096087 -0.0178334 -0.000141472 0.000291548 -0.0178334 0.0885152 
0.0102052 -0.0185832 0.000164104 -0.00016076 -0.0185832 0.0903549 -0.000166566 0.000361297 0.000164104 -0.000166566 0.00961108 -0.017823 -0.00016076 0.000361297 -0.017823 0.0884577 
