0.00749356 0 -3.6809e-05 0 0 0.01 0 0 -3.6809e-05 0 0.00721751 0 0 0 0 0.01 
0.0105303 -0.013084 -5.37284e-05 6.05603e-05 -0.013084 0.0342619 6.05603e-05 -0.000116233 -5.37284e-05 6.05603e-05 0.0102018 -0.0126609 6.05603e-05 -0.000116233 -0.0126609 0.0334508 
0.0104936 -0.0197024 -3.40872e-05 9.84973e-05 -0.0197024 0.0722149 9.84973e-05 -0.000279148 -3.40872e-05 9.84973e-05 0.0103744 -0.0192718 9.84973e-05 -0.000279148 -0.0192718 0.0707289 
0.00986791 -0.0193157 -2.70557e-05 -3.02709e-05 -0.0193157 0.0863569 -1.90961e-05 7.87292e-05 -2.70557e-05 -1.90961e-05 0.00981312 -0.0188923 -3.02709e-05 7.87292e-05 -0.0188923 0.0843396 
0.00984509 -0.0185341 -5.70951e-06 -4.9018e-05 -0.0185341 0.0890604 -3.17145e-05 0.000186416 -5.70951e-06 -3.17145e-05 0.00978444 -0.0182416 -4.9018e-05 0.000186416 -0.0182416 0.0876642 
0.0100492 -0.0184381 -2.58198e-06 -6.49761e-05 -0.0184381 0.0897534 -4.93562e-05 0.000190678 -2.58198e-06 -4.93562e-05 0.00990793 -0.0181626 -6.49761e-05 0.000190678 -0.0181626 0.08879 
0.0102222 -0.0185941 -4.26182e-05 -6.61372e-05 -0.0185941 0.0903233 -5.63865e-05 0.000214627 -4.26182e-05 -5.63865e-05 0.00995868 -0.0182342 -6.61372e-05 0.000214627 -0.0182342 0.0893281 
0.010281 -0.0187325 -6.0796e-05 -2.41367e-05 -0.0187325 0.0907396 -1.95789e-05 0.000183141 -6.0796e-05 -1.95789e-05 0.00994661 -0.0182079 -2.41367e-05 0.000183141 -0.0182079 0.0893892 
0.0102797 -0.0187715 -5.56884e-05 1.85653e-05 -0.0187715 0.0909378 2.00005e-05 8.21785e-05 -5.56884e-05 2.00005e-05 0.00994726 -0.0181752 1.85653e-05 8.21785e-05 -0.0181752 0.0892984 
0.0102592 -0.0187258 -6.33443e-05 2.33374e-05 -0.0187258 0.0908596 1.97389e-05 2.94509e-05 -6.33443e-05 1.97389e-05 0.00994078 -0.0181933 2.33374e-05 2.94509e-05 -0.0181933 0.0892899 
0.0102477 -0.0186691 -6.50721e-05 6.17111e-05 -0.0186691 0.0906972 5.44897e-05 -7.12211e-05 -6.50721e-05 5.44897e-05 0.00997779 -0.0182554 6.17111e-05 -7.12211e-05 -0.0182554 0.0894721 
0.0102364 -0.0186589 -4.37194e-05 6.19662e-05 -0.0186589 0.090615 5.22252e-05 -0.000108347 -4.37194e-05 5.22252e-05 0.0100315 -0.0183083 6.19662e-05 -0.000108347 -0.0183083 0.089643 
0.0102102 -0.0186431 -1.6781e-05 2.68949e-05 -0.0186431 0.0905549 1.79536e-05 -5.43403e-05 -1.6781e-05 1.79536e-05 0.0100607 -0.0183755 2.68949e-05 -5.43403e-05 -0.0183755 0.0898194 
0.0101946 -0.0186455 1.33673e-05 -1.05862e-05 -0.0186455 0.0905777 -1.55012e-05 2.98246e-05 1.33673e-05 -1.55012e-05 0.0100558 -0.01838 -1.05862e-05 2.98246e-05 -0.01838 0.0898698 
0.0101589 -0.0186317 5.15878e-05 -4.20136e-05 -0.0186317 0.090572 -3.93209e-05 9.50975e-05 5.15878e-05 -3.93209e-05 0.0100585 -0.0183673 -4.20136e-05 9.50975e-05 -0.0183673 0.0898576 
0.01016 -0.0185663 2.94709e-05 -8.34548e-05 -0.0185663 0.0904531 -7.87981e-05 0.000181325 2.94709e-05 -7.87981e-05 0.0100637 -0.0184095 -8.34548e-05 0.000181325 -0.0184095 0.0899613 
0.0101872 -0.0186006 2.48381e-05 -8.2127e-05 -0.0186006 0.0904896 -7.62279e-05 0.000242194 2.48381e-05 -7.62279e-05 0.0100393 -0.0183719 -8.2127e-05 0.000242194 -0.0183719 0.0898945 
0.0102074 -0.0186236 3.27924e-05 -7.10052e-05 -0.0186236 0.0905494 -6.26025e-05 0.000231327 3.27924e-05 -6.26025e-05 0.0100351 -0.018366 -7.10052e-05 0.000231327 -0.018366 0.0898782 
0.0102208 -0.0186484 3.34283e-05 -7.97786e-05 -0.0186484 0.0906159 -7.15602e-05 0.000236739 3.34283e-05 -7.15602e-05 0.0100411 -0.0183671 -7.97786e-05 0.000236739 -0.0183671 0.0898822 
0.0102193 -0.0186854 5.32425e-05 -8.3764e-05 -0.0186854 0.0907222 -7.85645e-05 0.000256439 5.32425e-05 -7.85645e-05 0.0100291 -0.0183431 -8.3764e-05 0.000256439 -0.0183431 0.0898086 
0.0102043 -0.0186952 2.70145e-05 -0.000107329 -0.0186952 0.0907888 -0.000101541 0.000295168 2.70145e-05 -0.000101541 0.00999472 -0.0183018 -0.000107329 0.000295168 -0.0183018 0.0896821 
0.0101805 -0.0186384 -2.34632e-06 -5.74294e-05 -0.0186384 0.0906899 -5.11971e-05 0.000219635 -2.34632e-06 -5.11971e-05 0.0100022 -0.0183139 -5.74294e-05 0.000219635 -0.0183139 0.0897106 
0.0101721 -0.0186175 -5.44246e-06 -1.328e-05 -0.0186175 0.0906207 -1.00403e-05 0.000103666 -5.44246e-06 -1.00403e-05 0.0100236 -0.0183088 -1.328e-05 0.000103666 -0.0183088 0.0896977 
0.0101538 -0.0186359 2.23019e-05 -1.42292e-05 -0.0186359 0.09065 -1.95783e-05 7.21991e-05 2.23019e-05 -1.95783e-05 0.0100227 -0.0182832 -1.42292e-05 7.21991e-05 -0.0182832 0.0895892 
0.0101621 -0.0186073 -1.17098e-06 -3.22935e-05 -0.0186073 0.0906194 -4.19162e-05 8.05536e-05 -1.17098e-06 -4.19162e-05 0.0100078 -0.0182978 -3.22935e-05 8.05536e-05 -0.0182978 0.0895864 
0.0101854 -0.0186333 -1.42573e-05 -3.31756e-05 -0.0186333 0.0906568 -4.0217e-05 0.000122773 -1.42573e-05 -4.0217e-05 0.00998377 -0.0182531 -3.31756e-05 0.000122773 -0.0182531 0.0894906 
0.0101949 -0.0186488 9.53023e-06 -3.11067e-05 -0.0186488 0.0906835 -3.3738e-05 0.000140847 9.53023e-06 -3.3738e-05 0.00997931 -0.0182326 -3.11067e-05 0.000140847 -0.0182326 0.0894243 
0.0102174 -0.0186695 6.0033e-05 -6.56728e-05 -0.0186695 0.090743 -6.56148e-05 0.000203359 6.0033e-05 -6.56148e-05 0.0099918 -0.0182369 -6.56728e-05 0.000203359 -0.0182369 0.0894213 
0.0102301 -0.0186673 5.90199e-05 -9.85438e-05 -0.0186673 0.0907279 -9.67462e-05 0.000250493 5.90199e-05 -9.67462e-05 0.0100192 -0.018295 -9.85438e-05 0.000250493 -0.018295 0.0895633 
0.0102597 -0.0186787 5.76807e-05 -9.74558e-05 -0.0186787 0.0907412 -9.75804e-05 0.000279243 5.76807e-05 -9.75804e-05 0.0100429 -0.0183587 -9.74558e-05 0.000279243 -0.0183587 0.0897648 
0.0102487 -0.0187235 4.55472e-05 -9.61774e-05 -0.0187235 0.0908154 -9.70917e-05 0.000279861 4.55472e-05 -9.70917e-05 0.0100301 -0.018361 -9.61774e-05 0.000279861 -0.018361 0.089817 
0.0102232 -0.0187234 2.78305e-05 -8.58066e-05 -0.0187234 0.0908612 -8.56923e-05 0.00026292 2.78305e-05 -8.56923e-05 0.00999254 -0.018319 -8.58066e-05 0.00026292 -0.018319 0.0897397 
0.0102073 -0.0186737 1.49241e-05 -6.49898e-05 -0.0186737 0.0907829 -6.31845e-05 0.000224449 1.49241e-05 -6.31845e-05 0.00998088 -0.0183027 -6.49898e-05 0.000224449 -0.0183027 0.0897132 
0.0102141 -0.0186669 -2.31442e-06 -5.51116e-05 -0.0186669 0.0907424 -5.32441e-05 0.000196683 -2.31442e-06 -5.32441e-05 0.0099649 -0.018259 -5.51116e-05 0.000196683 -0.018259 0.0895992 
0.0102084 -0.0186717 -2.94369e-05 -3.17554e-05 -0.0186717 0.0907375 -3.58209e-05 0.000159181 -2.94369e-05 -3.58209e-05 0.00997012 -0.0182462 -3.17554e-05 0.000159181 -0.0182462 0.0895367 
0.0102179 -0.0186401 -7.03086e-05 2.30561e-05 -0.0186401 0.0906743 1.24934e-05 4.53805e-05 -7.03086e-05 1.24934e-05 0.00999868 -0.0183034 2.30561e-05 4.53805e-05 -0.0183034 0.0896605 
0.0102597 -0.0186749 -9.39432e-05 6.50192e-05 -0.0186749 0.0907308 5.25301e-05 -5.61658e-05 -9.39432e-05 5.25301e-05 0.0100356 -0.0183304 6.50192e-05 -5.61658e-05 -0.0183304 0.0897552 
0.0102937 -0.0187183 -8.40625e-05 9.01715e-05 -0.0187183 0.0908138 8.35461e-05 -0.000141279 -8.40625e-05 8.35461e-05 0.010077 -0.018386 9.01715e-05 -0.000141279 -0.018386 0.0898876 
0.0103361 -0.01877 -6.04075e-05 7.95538e-05 -0.01877 0.0909435 8.19317e-05 -0.000172381 -6.04075e-05 8.19317e-05 0.010117 -0.0184452 7.95538e-05 -0.000172381 -0.0184452 0.0900471 
0.0103506 -0.0188321 -4.5284e-05 3.04413e-05 -0.0188321 0.0910883 3.74066e-05 -8.59974e-05 -4.5284e-05 3.74066e-05 0.0101147 -0.0184599 3.04413e-05 -8.59974e-05 -0.0184599 0.0900951 
0.0103352 -0.0188534 -2.0751e-05 1.03606e-05 -0.0188534 0.0911826 1.75543e-05 -1.2267e-05 -2.0751e-05 1.75543e-05 0.0101055 -0.0184526 1.03606e-05 -1.2267e-05 -0.0184526 0.090096 
0.0103144 -0.018848 -3.43902e-06 -4.14362e-05 -0.018848 0.0912138 -3.27193e-05 0.000115726 -3.43902e-06 -3.27193e-05 0.0100847 -0.0184123 -4.14362e-05 0.000115726 -0.0184123 0.0899975 
0.0102655 -0.0188237 1.79156e-05 -6.60782e-05 -0.0188237 0.0911812 -5.41993e-05 0.00020533 1.79156e-05 -5.41993e-05 0.0100774 -0.0183707 -6.60782e-05 0.00020533 -0.0183707 0.0898669 
0.0102515 -0.0187918 4.22786e-05 -7.78478e-05 -0.0187918 0.0911608 -7.00935e-05 0.000244938 4.22786e-05 -7.00935e-05 0.0100893 -0.0183557 -7.78478e-05 0.000244938 -0.0183557 0.0897862 
0.0102187 -0.018713 4.61482e-05 -7.56331e-05 -0.018713 0.0909512 -7.15774e-05 0.000225403 4.61482e-05 -7.15774e-05 0.0101257 -0.0184318 -7.56331e-05 0.000225403 -0.0184318 0.0899419 
0.0101777 -0.0186861 6.70475e-05 -9.4363e-05 -0.0186861 0.090828 -9.21366e-05 0.000262743 6.70475e-05 -9.21366e-05 0.0101127 -0.0184409 -9.4363e-05 0.000262743 -0.0184409 0.0899897 
0.0101545 -0.0186437 9.77947e-05 -0.000112956 -0.0186437 0.0907347 -0.000115495 0.000307458 9.77947e-05 -0.000115495 0.010098 -0.0184271 -0.000112956 0.000307458 -0.0184271 0.0899915 
0.0101368 -0.0186002 0.000105819 -0.000151956 -0.0186002 0.0905975 -0.000157835 0.000391354 0.000105819 -0.000157835 0.0100696 -0.0183985 -0.000151956 0.000391354 -0.0183985 0.0899312 
0.0101458 -0.018577 8.59309e-05 -0.000166003 -0.018577 0.0905149 -0.000170288 0.000455372 8.59309e-05 -0.000170288 0.0100492 -0.0183708 -0.000166003 0.000455372 -0.0183708 0.0898687 
0.0101636 -0.0185783 6.77405e-05 -0.000127393 -0.0185783 0.0904767 -0.000130483 0.000396562 6.77405e-05 -0.000130483 0.0100409 -0.0183549 -0.000127393 0.000396562 -0.0183549 0.0898235 
0.0101682 -0.0185388 3.85501e-05 -6.39887e-05 -0.0185388 0.090348 -6.89104e-05 0.000222219 3.85501e-05 -6.89104e-05 0.0100886 -0.0184371 -6.39887e-05 0.000222219 -0.0184371 0.0900362 
0.0101916 -0.0185868 3.46198e-05 -4.54921e-05 -0.0185868 0.0904094 -5.11861e-05 0.000140296 3.46198e-05 -5.11861e-05 0.0100735 -0.0184313 -4.54921e-05 0.000140296 -0.0184313 0.0900436 
0.0101953 -0.0186605 5.31319e-05 -6.20236e-05 -0.0186605 0.0906117 -6.60927e-05 0.000159728 5.31319e-05 -6.60927e-05 0.0100463 -0.0183647 -6.20236e-05 0.000159728 -0.0183647 0.0898852 
0.0101917 -0.0186555 3.39019e-05 -9.55019e-05 -0.0186555 0.0906735 -9.59408e-05 0.000231131 3.39019e-05 -9.59408e-05 0.0100123 -0.0183278 -9.55019e-05 0.000231131 -0.0183278 0.0897523 
0.0102292 -0.0186471 1.13009e-05 -9.1194e-05 -0.0186471 0.0906782 -8.76244e-05 0.000278008 1.13009e-05 -8.76244e-05 0.00998034 -0.0182981 -9.1194e-05 0.000278008 -0.0182981 0.089668 
0.0102375 -0.0186739 -3.35532e-05 -6.08491e-05 -0.0186739 0.0906821 -5.76631e-05 0.000237182 -3.35532e-05 -5.76631e-05 0.00993389 -0.0182519 -6.08491e-05 0.000237182 -0.0182519 0.0895507 
0.0102176 -0.0186952 -3.71727e-05 -2.53452e-06 -0.0186952 0.0907378 -2.74735e-06 0.000126454 -3.71727e-05 -2.74735e-06 0.00991362 -0.0181778 -2.53452e-06 0.000126454 -0.0181778 0.0893684 
0.0102099 -0.0186637 -5.58181e-05 1.8458e-05 -0.0186637 0.0907094 1.76995e-05 2.64757e-05 -5.58181e-05 1.76995e-05 0.00990526 -0.0181662 1.8458e-05 2.64757e-05 -0.0181662 0.0892896 
0.0102109 -0.0186221 -8.89772e-05 5.73045e-05 -0.0186221 0.0905963 5.79693e-05 -8.25358e-05 -8.89772e-05 5.79693e-05 0.00993873 -0.0182064 5.73045e-05 -8.25358e-05 -0.0182064 0.0893862 
0.0101948 -0.0186301 -8.66362e-05 8.83309e-05 -0.0186301 0.0905669 9.06812e-05 -0.000167274 -8.66362e-05 9.06812e-05 0.0099698 -0.0182316 8.83309e-05 -0.000167274 -0.0182316 0.0894468 
0.0101785 -0.0186646 -3.43347e-05 5.20107e-05 -0.0186646 0.0906767 5.23667e-05 -0.000104848 -3.43347e-05 5.23667e-05 0.00996943 -0.0182089 5.20107e-05 -0.000104848 -0.0182089 0.0893721 
0.0101742 -0.0186271 -4.10951e-05 -2.34893e-06 -0.0186271 0.0906419 -3.68999e-06 4.04264e-06 -4.10951e-05 -3.68999e-06 0.00993895 -0.0182269 -2.34893e-06 4.04264e-06 -0.0182269 0.0893916 
0.0101825 -0.0186325 -4.09233e-05 -5.23903e-06 -0.0186325 0.090641 -1.86334e-06 6.48615e-05 -4.09233e-05 -1.86334e-06 0.0098957 -0.018176 -5.23903e-06 6.48615e-05 -0.018176 0.0893098 
0.0101928 -0.0186145 -5.29071e-05 6.51885e-06 -0.0186145 0.0905857 1.35639e-05 4.47566e-05 -5.29071e-05 1.35639e-05 0.00986661 -0.0181513 6.51885e-06 4.47566e-05 -0.0181513 0.0892626 
0.010208 -0.0186476 -2.57807e-05 1.07742e-05 -0.0186476 0.0906332 1.36163e-05 4.37016e-05 -2.57807e-05 1.36163e-05 0.0098186 -0.0180792 1.07742e-05 4.37016e-05 -0.0180792 0.0890888 
0.010196 -0.0186568 -2.63439e-05 -5.92958e-06 -0.0186568 0.0906618 -8.39424e-06 5.72503e-05 -2.63439e-05 -8.39424e-06 0.00979438 -0.0180272 -5.92958e-06 5.72503e-05 -0.0180272 0.0889431 
0.0101852 -0.018605 -3.5829e-05 5.13969e-07 -0.018605 0.0905562 -9.25176e-06 6.53273e-05 -3.5829e-05 -9.25176e-06 0.00979601 -0.0180438 5.13969e-07 6.53273e-05 -0.0180438 0.0889656 
0.0101981 -0.018568 -8.3151e-05 2.86084e-05 -0.018568 0.0904199 1.59135e-05 5.26817e-06 -8.3151e-05 1.59135e-05 0.00977055 -0.0180613 2.86084e-05 5.26817e-06 -0.0180613 0.0890212 
0.0102079 -0.0185641 -8.17038e-05 7.77332e-05 -0.0185641 0.0903459 6.74117e-05 -8.73029e-05 -8.17038e-05 6.74117e-05 0.00977789 -0.0180623 7.77332e-05 -8.73029e-05 -0.0180623 0.0890854 
0.0102045 -0.0185867 -9.77815e-05 9.2777e-05 -0.0185867 0.0903678 8.86256e-05 -0.000183754 -9.77815e-05 8.86256e-05 0.00979547 -0.0180542 9.2777e-05 -0.000183754 -0.0180542 0.0890707 
0.0101817 -0.0186058 -8.97227e-05 8.11841e-05 -0.0186058 0.0904296 8.25917e-05 -0.000168462 -8.97227e-05 8.25917e-05 0.00980375 -0.0180314 8.11841e-05 -0.000168462 -0.0180314 0.0889756 
0.0101388 -0.0185913 -8.82237e-05 6.92541e-05 -0.0185913 0.0904423 7.29091e-05 -0.000141522 -8.82237e-05 7.29091e-05 0.00980054 -0.0180153 6.92541e-05 -0.000141522 -0.0180153 0.0888829 
0.0101054 -0.0185485 -9.47885e-05 5.96966e-05 -0.0185485 0.0903886 6.24676e-05 -0.000102361 -9.47885e-05 6.24676e-05 0.00979015 -0.0179993 5.96966e-05 -0.000102361 -0.0179993 0.0888091 
0.0100971 -0.0185074 -0.000110265 7.19483e-05 -0.0185074 0.0903025 7.44481e-05 -0.00011016 -0.000110265 7.44481e-05 0.00978901 -0.0179877 7.19483e-05 -0.00011016 -0.0179877 0.0887656 
0.0100833 -0.0184952 -7.96638e-05 8.4141e-05 -0.0184952 0.0902425 8.70237e-05 -0.000128899 -7.96638e-05 8.70237e-05 0.00981046 -0.0179802 8.4141e-05 -0.000128899 -0.0179802 0.0887278 
0.0100782 -0.0184549 -5.95096e-05 6.56517e-05 -0.0184549 0.090136 6.58235e-05 -0.000127665 -5.95096e-05 6.58235e-05 0.00983191 -0.0180412 6.56517e-05 -0.000127665 -0.0180412 0.0888507 
0.0100798 -0.018429 -4.91156e-05 5.68741e-05 -0.018429 0.0900268 5.27709e-05 -0.000118098 -4.91156e-05 5.27709e-05 0.00983338 -0.0180951 5.68741e-05 -0.000118098 -0.0180951 0.0890258 
0.0100604 -0.0184364 -2.65578e-05 3.24858e-05 -0.0184364 0.0899962 2.91068e-05 -6.46667e-05 -2.65578e-05 2.91068e-05 0.00981882 -0.018079 3.24858e-05 -6.46667e-05 -0.018079 0.0890524 
0.0100357 -0.0184285 8.11751e-06 4.76472e-06 -0.0184285 0.0900136 6.57156e-06 -6.94963e-06 8.11751e-06 6.57156e-06 0.0098371 -0.0180648 4.76472e-06 -6.94963e-06 -0.0180648 0.0890399 
0.010022 -0.0183708 1.52587e-05 -4.34725e-05 -0.0183708 0.0898953 -3.87272e-05 9.69619e-05 1.52587e-05 -3.87272e-05 0.00984577 -0.0181095 -4.34725e-05 9.69619e-05 -0.0181095 0.0891247 
0.0100245 -0.0183366 -7.11526e-06 -3.7195e-05 -0.0183366 0.0897664 -3.01552e-05 0.000110284 -7.11526e-06 -3.01552e-05 0.00984715 -0.018131 -3.7195e-05 0.000110284 -0.018131 0.0892083 
0.01003 -0.0183796 -2.23751e-05 -3.26681e-05 -0.0183796 0.0898292 -2.65663e-05 0.000127902 -2.23751e-05 -2.65663e-05 0.00983585 -0.0180816 -3.26681e-05 0.000127902 -0.0180816 0.0891021 
0.0100288 -0.0183854 -2.67602e-05 -2.58896e-06 -0.0183854 0.0898768 -5.9656e-08 7.79907e-05 -2.67602e-05 -5.9656e-08 0.00983488 -0.0180721 -2.58896e-06 7.79907e-05 -0.0180721 0.0890402 
0.0100411 -0.0183981 -3.15969e-05 1.43652e-05 -0.0183981 0.0899319 1.40689e-05 1.9039e-05 -3.15969e-05 1.40689e-05 0.00983886 -0.0180631 1.43652e-05 1.9039e-05 -0.0180631 0.0889962 
0.0100627 -0.0184183 -3.48383e-05 9.58804e-06 -0.0184183 0.0899875 1.14795e-05 1.57823e-05 -3.48383e-05 1.14795e-05 0.00982055 -0.0180568 9.58804e-06 1.57823e-05 -0.0180568 0.0889533 
0.0100483 -0.0184752 -2.39264e-05 7.58237e-06 -0.0184752 0.0901275 1.1519e-05 1.9408e-05 -2.39264e-05 1.1519e-05 0.00979861 -0.0179902 7.58237e-06 1.9408e-05 -0.0179902 0.0887844 
0.0100313 -0.018438 9.60107e-06 1.30178e-06 -0.018438 0.0901122 4.29678e-06 2.32197e-05 9.60107e-06 4.29678e-06 0.00978981 -0.0179869 1.30178e-06 2.32197e-05 -0.0179869 0.0887342 
0.0100258 -0.0184016 4.76601e-05 -4.8294e-05 -0.0184016 0.0900163 -4.9986e-05 0.00011915 4.76601e-05 -4.9986e-05 0.00979138 -0.0179865 -4.8294e-05 0.00011915 -0.0179865 0.0887363 
0.0100273 -0.0183762 6.89361e-05 -8.85425e-05 -0.0183762 0.0899254 -9.69846e-05 0.000231852 6.89361e-05 -9.69846e-05 0.00982661 -0.0180259 -8.85425e-05 0.000231852 -0.0180259 0.0888436 
0.0100129 -0.0183455 5.70589e-05 -8.19269e-05 -0.0183455 0.0898059 -9.41559e-05 0.00023506 5.70589e-05 -9.41559e-05 0.00987302 -0.0181092 -8.19269e-05 0.00023506 -0.0181092 0.0890609 
0.00998484 -0.0183576 4.07506e-05 -7.67558e-05 -0.0183576 0.0898054 -8.79535e-05 0.000229872 4.07506e-05 -8.79535e-05 0.00988581 -0.018128 -7.67558e-05 0.000229872 -0.018128 0.0891379 
0.00997891 -0.0183318 2.3267e-05 -7.41794e-05 -0.0183318 0.089785 -8.17657e-05 0.00023772 2.3267e-05 -8.17657e-05 0.00987341 -0.0181409 -7.41794e-05 0.00023772 -0.0181409 0.0891867 
0.00995952 -0.0183211 4.02696e-05 -5.56485e-05 -0.0183211 0.0897528 -5.54402e-05 0.000201018 4.02696e-05 -5.54402e-05 0.00988879 -0.0181323 -5.56485e-05 0.000201018 -0.0181323 0.0892021 
0.00997732 -0.0183031 6.5653e-05 -7.83592e-05 -0.0183031 0.0897159 -7.37673e-05 0.000215507 6.5653e-05 -7.37673e-05 0.0098668 -0.0181348 -7.83592e-05 0.000215507 -0.0181348 0.0891857 
0.0100014 -0.0183236 8.26722e-05 -0.00011173 -0.0183236 0.0897248 -0.000105461 0.000279222 8.26722e-05 -0.000105461 0.00983788 -0.0181036 -0.00011173 0.000279222 -0.0181036 0.0891293 
0.0100037 -0.0183627 8.69104e-05 -0.000129894 -0.0183627 0.0898063 -0.00012326 0.000332235 8.69104e-05 -0.00012326 0.00982151 -0.0180538 -0.000129894 0.000332235 -0.0180538 0.0890052 
0.0100032 -0.0183704 8.1088e-05 -0.000136624 -0.0183704 0.0898645 -0.000126957 0.000360332 8.1088e-05 -0.000126957 0.00981468 -0.0180306 -0.000136624 0.000360332 -0.0180306 0.0889109 
0.00998584 -0.0183465 7.39691e-05 -0.000106333 -0.0183465 0.0898279 -9.28025e-05 0.000289733 7.39691e-05 -9.28025e-05 0.00984428 -0.0180563 -0.000106333 0.000289733 -0.0180563 0.0889548 
0.00995841 -0.0183343 7.12487e-05 -9.48827e-05 -0.0183343 0.0897923 -8.46771e-05 0.000235737 7.12487e-05 -8.46771e-05 0.00987285 -0.0180708 -9.48827e-05 0.000235737 -0.0180708 0.0889727 
0.00992961 -0.0183068 8.897e-05 -9.87941e-05 -0.0183068 0.0897424 -9.48989e-05 0.000242172 8.897e-05 -9.48989e-05 0.00989787 -0.0180989 -9.87941e-05 0.000242172 -0.0180989 0.0890187 
0.00991454 -0.0182688 0.000116198 -0.000119716 -0.0182688 0.0896657 -0.000116476 0.000280266 0.000116198 -0.000116476 0.00992771 -0.0181501 -0.000119716 0.000280266 -0.0181501 0.0891456 
0.00990993 -0.0182394 0.000144292 -0.000155638 -0.0182394 0.0895654 -0.000149439 0.000351499 0.000144292 -0.000149439 0.00992143 -0.0181872 -0.000155638 0.000351499 -0.0181872 0.0892573 
0.00991616 -0.0182152 0.000148503 -0.000189725 -0.0182152 0.0894662 -0.000182856 0.000433607 0.000148503 -0.000182856 0.00989759 -0.0181959 -0.000189725 0.000433607 -0.0181959 0.0893353 
0.00992513 -0.018214 0.000164962 -0.000179604 -0.018214 0.0894208 -0.000178353 0.000442265 0.000164962 -0.000178353 0.00989143 -0.0181787 -0.000179604 0.000442265 -0.0181787 0.089347 
0.00991865 -0.0182422 0.000183938 -0.000203547 -0.0182422 0.0894684 -0.000210245 0.000491206 0.000183938 -0.000210245 0.00988566 -0.0181429 -0.000203547 0.000491206 -0.0181429 0.0892535 
0.0099263 -0.0182475 0.000156747 -0.000218772 -0.0182475 0.0895254 -0.00022936 0.000533527 0.000156747 -0.00022936 0.0098691 -0.0181294 -0.000218772 0.000533527 -0.0181294 0.0891845 
0.00992399 -0.0182778 0.000163482 -0.000200598 -0.0182778 0.0896124 -0.000208805 0.000539052 0.000163482 -0.000208805 0.00985172 -0.018083 -0.000200598 0.000539052 -0.018083 0.089059 
0.00993777 -0.0182713 0.000152105 -0.000211656 -0.0182713 0.0896428 -0.000219734 0.000552864 0.000152105 -0.000219734 0.00984163 -0.0180678 -0.000211656 0.000552864 -0.0180678 0.0889893 
0.00998002 -0.0183162 0.000170523 -0.00020011 -0.0183162 0.0897559 -0.000203426 0.000540535 0.000170523 -0.000203426 0.00982851 -0.0180366 -0.00020011 0.000540535 -0.0180366 0.088896 
0.00998303 -0.0183485 0.000203118 -0.000218628 -0.0183485 0.0898251 -0.000211758 0.000537769 0.000203118 -0.000211758 0.00983961 -0.0180302 -0.000218628 0.000537769 -0.0180302 0.0888548 
0.0099541 -0.0183252 0.000222351 -0.000256415 -0.0183252 0.0897932 -0.000240716 0.00058727 0.000222351 -0.000240716 0.00989071 -0.0180858 -0.000256415 0.00058727 -0.0180858 0.0889742 
0.00992745 -0.0182779 0.000235672 -0.000296953 -0.0182779 0.089679 -0.000275682 0.00069004 0.000235672 -0.000275682 0.00991728 -0.0181485 -0.000296953 0.00069004 -0.0181485 0.0891225 
0.00991101 -0.0182422 0.000273271 -0.000317032 -0.0182422 0.0895706 -0.00030301 0.000778007 0.000273271 -0.00030301 0.00993871 -0.0181901 -0.000317032 0.000778007 -0.0181901 0.0892639 
0.009927 -0.0182366 0.000281567 -0.000342553 -0.0182366 0.0895324 -0.000340973 0.000838859 0.000281567 -0.000340973 0.00992136 -0.018203 -0.000342553 0.000838859 -0.018203 0.0893264 
0.00995214 -0.0182935 0.000286489 -0.000349721 -0.0182935 0.0896456 -0.000356796 0.000883795 0.000286489 -0.000356796 0.00987435 -0.0181368 -0.000349721 0.000883795 -0.0181368 0.0891976 
0.00996838 -0.0183192 0.000266565 -0.000346106 -0.0183192 0.0897428 -0.000354346 0.000881937 0.000266565 -0.000354346 0.00985816 -0.018098 -0.000346106 0.000881937 -0.018098 0.0890972 
0.00995676 -0.0183206 0.000259312 -0.000309765 -0.0183206 0.0897658 -0.000315982 0.000805729 0.000259312 -0.000315982 0.0098805 -0.0180995 -0.000309765 0.000805729 -0.0180995 0.089081 
0.00994188 -0.018309 0.000234116 -0.00031303 -0.018309 0.0897524 -0.000313634 0.000779715 0.000234116 -0.000313634 0.0098844 -0.0181144 -0.00031303 0.000779715 -0.0181144 0.0890831 
0.00992723 -0.0182632 0.000241954 -0.00028389 -0.0182632 0.0896437 -0.000277914 0.000724259 0.000241954 -0.000277914 0.00989985 -0.0181554 -0.00028389 0.000724259 -0.0181554 0.0891984 
0.00992133 -0.0182285 0.000232492 -0.000277601 -0.0182285 0.0895207 -0.000271761 0.000667615 0.000232492 -0.000271761 0.00992065 -0.0181856 -0.000277601 0.000667615 -0.0181856 0.0893052 
0.00993048 -0.0182744 0.000250435 -0.000289748 -0.0182744 0.0896007 -0.000287705 0.00070243 0.000250435 -0.000287705 0.00991671 -0.0181515 -0.000289748 0.00070243 -0.0181515 0.0892253 
0.00989898 -0.0182634 0.000298505 -0.000314813 -0.0182634 0.0896009 -0.000316973 0.000767412 0.000298505 -0.000316973 0.00994395 -0.0181743 -0.000314813 0.000767412 -0.0181743 0.0892526 
0.00987415 -0.018196 0.000364924 -0.000373093 -0.018196 0.0894629 -0.000375051 0.000886044 0.000364924 -0.000375051 0.00996721 -0.0182434 -0.000373093 0.000886044 -0.0182434 0.089418 
0.00987466 -0.0181785 0.000364017 -0.000431302 -0.0181785 0.0893794 -0.000432092 0.000997203 0.000364017 -0.000432092 0.00994182 -0.0182491 -0.000431302 0.000997203 -0.0182491 0.0894736 
0.00988812 -0.018227 0.000350417 -0.000436919 -0.018227 0.0894833 -0.000435954 0.00105822 0.000350417 -0.000435954 0.00989374 -0.0181616 -0.000436919 0.00105822 -0.0181616 0.0892904 
0.00989816 -0.0182376 0.000334485 -0.000434974 -0.0182376 0.0895435 -0.000432064 0.00108527 0.000334485 -0.000432064 0.00985725 -0.0180965 -0.000434974 0.00108527 -0.0180965 0.0890907 
0.00990069 -0.0182519 0.000327183 -0.000414218 -0.0182519 0.0895857 -0.000410179 0.0010555 0.000327183 -0.000410179 0.00983245 -0.0180365 -0.000414218 0.0010555 -0.0180365 0.0888989 
0.00990947 -0.0182312 0.000306624 -0.000403975 -0.0182312 0.0895456 -0.00040598 0.00103289 0.000306624 -0.00040598 0.00983383 -0.0180345 -0.000403975 0.00103289 -0.0180345 0.0888565 
0.0099066 -0.0182107 0.000265762 -0.000356983 -0.0182107 0.0894626 -0.000362447 0.000933399 0.000265762 -0.000362447 0.00985707 -0.0180771 -0.000356983 0.000933399 -0.0180771 0.0889568 
0.00991908 -0.0182196 0.000241272 -0.000298427 -0.0182196 0.089461 -0.000302409 0.000786245 0.000241272 -0.000302409 0.00988125 -0.0181114 -0.000298427 0.000786245 -0.0181114 0.089068 
0.00991755 -0.0182315 0.000227665 -0.000271552 -0.0182315 0.0894826 -0.000273145 0.000684011 0.000227665 -0.000273145 0.00990575 -0.0181555 -0.000271552 0.000684011 -0.0181555 0.0891956 
0.0099127 -0.0182312 0.000258284 -0.000256901 -0.0182312 0.0894941 -0.000257325 0.000623996 0.000258284 -0.000257325 0.00992662 -0.0181873 -0.000256901 0.000623996 -0.0181873 0.0893002 
0.0099103 -0.0182568 0.000281049 -0.000309778 -0.0182568 0.0895674 -0.000310611 0.000702843 0.000281049 -0.000310611 0.00993101 -0.0181678 -0.000309778 0.000702843 -0.0181678 0.0892577 
0.00990498 -0.018224 0.000262305 -0.000336291 -0.018224 0.0895156 -0.000338254 0.000786899 0.000262305 -0.000338254 0.00995844 -0.0182109 -0.000336291 0.000786899 -0.0182109 0.0893448 
0.0099059 -0.0182457 0.000250858 -0.000323523 -0.0182457 0.0895409 -0.000328738 0.000813369 0.000250858 -0.000328738 0.00993085 -0.0181979 -0.000323523 0.000813369 -0.0181979 0.08931 
0.00991511 -0.0182375 0.000244315 -0.000300439 -0.0182375 0.0895427 -0.000309397 0.000774351 0.000244315 -0.000309397 0.00991781 -0.018193 -0.000300439 0.000774351 -0.018193 0.0893228 
0.00993591 -0.0182667 0.000245421 -0.000297149 -0.0182667 0.0896049 -0.000306297 0.000758105 0.000245421 -0.000306297 0.00988691 -0.0181609 -0.000297149 0.000758105 -0.0181609 0.0892614 
0.0099185 -0.0182592 0.000247041 -0.000285884 -0.0182592 0.0895906 -0.000293178 0.000718679 0.000247041 -0.000293178 0.0099062 -0.0181632 -0.000285884 0.000718679 -0.0181632 0.0892825 
0.0099147 -0.0182324 0.000268217 -0.000287756 -0.0182324 0.0895431 -0.000291684 0.000703776 0.000268217 -0.000291684 0.00993449 -0.0182031 -0.000287756 0.000703776 -0.0182031 0.0893753 
0.00991206 -0.0182106 0.000244117 -0.000288086 -0.0182106 0.0894653 -0.00028958 0.000665565 0.000244117 -0.00028958 0.0099634 -0.0182582 -0.000288086 0.000665565 -0.0182582 0.0895229 
0.00992584 -0.0182523 0.000230353 -0.000282214 -0.0182523 0.0895509 -0.000281124 0.000670322 0.000230353 -0.000281124 0.00997146 -0.0182499 -0.000282214 0.000670322 -0.0182499 0.0895241 
0.00995038 -0.0183041 0.000268622 -0.000294058 -0.0183041 0.0897082 -0.000289242 0.000715122 0.000268622 -0.000289242 0.00996487 -0.0182193 -0.000294058 0.000715122 -0.0182193 0.0894243 
0.00995251 -0.0183101 0.000312023 -0.000355396 -0.0183101 0.0897481 -0.000346036 0.000838907 0.000312023 -0.000346036 0.00997677 -0.0182316 -0.000355396 0.000838907 -0.0182316 0.0894232 
0.00999247 -0.0183198 0.000323721 -0.000411865 -0.0183198 0.0897904 -0.000399048 0.000985004 0.000323721 -0.000399048 0.00997905 -0.0182583 -0.000411865 0.000985004 -0.0182583 0.089484 
0.0100014 -0.0183636 0.000328308 -0.000412058 -0.0183636 0.0898583 -0.000399535 0.00102728 0.000328308 -0.000399535 0.00997945 -0.0182568 -0.000412058 0.00102728 -0.0182568 0.0894988 
0.0100048 -0.0184041 0.000340949 -0.000397275 -0.0184041 0.0899934 -0.000391384 0.000999228 0.000340949 -0.000391384 0.00998924 -0.0182363 -0.000397275 0.000999228 -0.0182363 0.089445 
0.0100033 -0.0183837 0.000355607 -0.00039564 -0.0183837 0.0899922 -0.000397864 0.000974045 0.000355607 -0.000397864 0.0100418 -0.0182919 -0.00039564 0.000974045 -0.0182919 0.0895577 
0.0100019 -0.0183994 0.000359631 -0.000413183 -0.0183994 0.0900208 -0.000418982 0.000996051 0.000359631 -0.000418982 0.0100556 -0.0183332 -0.000413183 0.000996051 -0.0183332 0.0896464 
0.00998643 -0.0184169 0.000361451 -0.000439102 -0.0184169 0.0900697 -0.000444178 0.00107102 0.000361451 -0.000444178 0.0100188 -0.0183129 -0.000439102 0.00107102 -0.0183129 0.0896157 
0.0099657 -0.0183697 0.000300961 -0.000430877 -0.0183697 0.0899793 -0.000435073 0.00107275 0.000300961 -0.000435073 0.00996987 -0.0182855 -0.000430877 0.00107275 -0.0182855 0.0895766 
