0.00803079 0 -0.000306729 0 0 0.01 0 0 -0.000306729 0 0.0065804 0 0 0 0 0.01 
0.0111725 -0.0138582 -0.000372182 0.000454262 -0.0138582 0.0357469 0.000454262 -0.000871045 -0.000372182 0.000454262 0.00943072 -0.0117292 0.000454262 -0.000871045 -0.0117292 0.0316638 
0.0110861 -0.0204765 -0.000327176 0.000503572 -0.0204765 0.0745732 0.000503572 -0.00157585 -0.000327176 0.000503572 0.0095642 -0.0182266 0.000503572 -0.00157585 -0.0182266 0.0675152 
0.0104747 -0.0198537 -0.000295713 0.000357329 -0.0198537 0.0877544 0.000360489 -0.0011404 -0.000295713 0.000360489 0.00904303 -0.018167 0.000357329 -0.0011404 -0.018167 0.0825283 
0.0104733 -0.0190946 -0.000284369 0.000310419 -0.0190946 0.0901117 0.000318774 -0.000782986 -0.000284369 0.000318774 0.00900989 -0.017506 0.000310419 -0.000782986 -0.017506 0.0862605 
0.0106509 -0.0190416 -0.000318766 0.000330131 -0.0190416 0.0908906 0.000339019 -0.000767721 -0.000318766 0.000339019 0.00913832 -0.0173725 0.000330131 -0.000767721 -0.0173725 0.0871843 
0.010752 -0.0191934 -0.000304671 0.000336463 -0.0191934 0.0915585 0.000341825 -0.000755133 -0.000304671 0.000341825 0.00924123 -0.0174059 0.000336463 -0.000755133 -0.0174059 0.0874886 
0.0108222 -0.0191991 -0.000304531 0.000359221 -0.0191991 0.0917616 0.000362491 -0.000832141 -0.000304531 0.000362491 0.00924469 -0.0175106 0.000359221 -0.000832141 -0.0175106 0.087752 
0.0108139 -0.0192424 -0.000308812 0.000347624 -0.0192424 0.0918304 0.000352507 -0.000843057 -0.000308812 0.000352507 0.00923977 -0.0174847 0.000347624 -0.000843057 -0.0174847 0.0877716 
0.0107851 -0.0192658 -0.000289805 0.000314163 -0.0192658 0.0919357 0.00031579 -0.000745376 -0.000289805 0.00031579 0.00924904 -0.0174491 0.000314163 -0.000745376 -0.0174491 0.087667 
0.0107688 -0.019233 -0.000304648 0.00033207 -0.019233 0.0919259 0.000327897 -0.000772092 -0.000304648 0.000327897 0.00927209 -0.017477 0.00033207 -0.000772092 -0.017477 0.0876894 
0.0107721 -0.0192159 -0.000295173 0.000342706 -0.0192159 0.0918811 0.000334961 -0.000788605 -0.000295173 0.000334961 0.0092541 -0.0174956 0.000342706 -0.000788605 -0.0174956 0.0877235 
0.0107577 -0.0192427 -0.000286329 0.000329616 -0.0192427 0.0919408 0.000322025 -0.000776338 -0.000286329 0.000322025 0.00927986 -0.0174717 0.000329616 -0.000776338 -0.0174717 0.0877086 
0.0107254 -0.0192345 -0.000281368 0.000340014 -0.0192345 0.0919761 0.000334004 -0.00080489 -0.000281368 0.000334004 0.0093251 -0.0174964 0.000340014 -0.00080489 -0.0174964 0.0877215 
0.0106313 -0.0191644 -0.000294687 0.00035388 -0.0191644 0.0918399 0.000349631 -0.000864287 -0.000294687 0.000349631 0.00941261 -0.0175834 0.00035388 -0.000864287 -0.0175834 0.0879041 
0.0105519 -0.0190713 -0.000288902 0.000372405 -0.0190713 0.0916664 0.000363467 -0.000912256 -0.000288902 0.000363467 0.00949035 -0.0176767 0.000372405 -0.000912256 -0.0176767 0.0881163 
0.0105357 -0.0189785 -0.00026485 0.000320803 -0.0189785 0.0914453 0.000311472 -0.000802415 -0.00026485 0.000311472 0.0094997 -0.0177646 0.000320803 -0.000802415 -0.0177646 0.0883402 
0.0105626 -0.0189653 -0.00023425 0.000273391 -0.0189653 0.0913403 0.000274711 -0.000666846 -0.00023425 0.000274711 0.00945715 -0.0177552 0.000273391 -0.000666846 -0.0177552 0.0883852 
0.0105889 -0.0189936 -0.000225961 0.000240998 -0.0189936 0.091349 0.00025304 -0.000587027 -0.000225961 0.00025304 0.00940937 -0.0177025 0.000240998 -0.000587027 -0.0177025 0.088306 
0.0106106 -0.019009 -0.000237522 0.000246085 -0.019009 0.0913686 0.00026132 -0.000585435 -0.000237522 0.00026132 0.00937969 -0.0176629 0.000246085 -0.000585435 -0.0176629 0.0882265 
0.0105949 -0.0190376 -0.00023758 0.000260715 -0.0190376 0.0914212 0.000270233 -0.000606529 -0.00023758 0.000270233 0.00937518 -0.0176184 0.000260715 -0.000606529 -0.0176184 0.0881141 
0.0105517 -0.019001 -0.00023254 0.00026662 -0.019001 0.0913665 0.000269343 -0.000623244 -0.00023254 0.000269343 0.00938844 -0.0176254 0.00026662 -0.000623244 -0.0176254 0.0880955 
0.0105267 -0.0189691 -0.000224176 0.000261773 -0.0189691 0.0913181 0.000264682 -0.000623345 -0.000224176 0.000264682 0.00943048 -0.0176301 0.000261773 -0.000623345 -0.0176301 0.0880928 
0.0105263 -0.0189352 -0.000227856 0.000247022 -0.0189352 0.0912358 0.000252296 -0.000597279 -0.000227856 0.000252296 0.00944849 -0.0176765 0.000247022 -0.000597279 -0.0176765 0.0881559 
0.0105296 -0.018934 -0.00024596 0.000248588 -0.018934 0.0911987 0.000254684 -0.00058659 -0.00024596 0.000254684 0.0094504 -0.0177009 0.000248588 -0.00058659 -0.0177009 0.0882277 
0.0105284 -0.0189546 -0.000250153 0.000269778 -0.0189546 0.0912499 0.000279197 -0.000622405 -0.000250153 0.000279197 0.00946948 -0.0177016 0.000269778 -0.000622405 -0.0177016 0.0882556 
0.0105236 -0.0189536 -0.000264879 0.000280039 -0.0189536 0.091267 0.000291926 -0.000663714 -0.000264879 0.000291926 0.00943929 -0.0177053 0.000280039 -0.000663714 -0.0177053 0.0882372 
0.0105312 -0.0189372 -0.000293607 0.000321393 -0.0189372 0.0912403 0.000328126 -0.000762002 -0.000293607 0.000328126 0.00942039 -0.0176974 0.000321393 -0.000762002 -0.0176974 0.0882629 
0.0105511 -0.0189403 -0.000303678 0.000329259 -0.0189403 0.0912229 0.000325438 -0.000773046 -0.000303678 0.000325438 0.00939634 -0.0176781 0.000329259 -0.000773046 -0.0176781 0.0882467 
0.0105515 -0.0189655 -0.000315521 0.000354651 -0.0189655 0.0912613 0.000343257 -0.000819555 -0.000315521 0.000343257 0.0094025 -0.0176495 0.000354651 -0.000819555 -0.0176495 0.0881926 
0.0105237 -0.0189654 -0.000345921 0.000397394 -0.0189654 0.0912786 0.000379848 -0.000926966 -0.000345921 0.000379848 0.00940511 -0.0176333 0.000397394 -0.000926966 -0.0176333 0.0881031 
0.0104963 -0.0189537 -0.000334156 0.000411869 -0.0189537 0.0912963 0.000389496 -0.000960237 -0.000334156 0.000389496 0.00944411 -0.0176287 0.000411869 -0.000960237 -0.0176287 0.0880618 
0.010506 -0.0189247 -0.000327178 0.000386189 -0.0189247 0.0912569 0.000368179 -0.000924137 -0.000327178 0.000368179 0.00945685 -0.0176665 0.000386189 -0.000924137 -0.0176665 0.0880914 
0.0105051 -0.0189509 -0.00026457 0.000327961 -0.0189509 0.0912848 0.000318908 -0.000771434 -0.00026457 0.000318908 0.00945134 -0.0176485 0.000327961 -0.000771434 -0.0176485 0.0880388 
0.010498 -0.0189572 -0.000207755 0.000256852 -0.0189572 0.0913247 0.000255788 -0.000619945 -0.000207755 0.000255788 0.00944688 -0.0176416 0.000256852 -0.000619945 -0.0176416 0.0880039 
0.0104966 -0.0189251 -0.000188959 0.000191185 -0.0189251 0.0912582 0.000198942 -0.000467776 -0.000188959 0.000198942 0.00941617 -0.0176578 0.000191185 -0.000467776 -0.0176578 0.0880424 
0.0104818 -0.0189173 -0.000193611 0.000211399 -0.0189173 0.0912181 0.000222785 -0.000485772 -0.000193611 0.000222785 0.00943671 -0.0176386 0.000211399 -0.000485772 -0.0176386 0.0880559 
0.0104742 -0.0188939 -0.000190791 0.000211079 -0.0188939 0.0911659 0.000224765 -0.000498161 -0.000190791 0.000224765 0.00949202 -0.0176808 0.000211079 -0.000498161 -0.0176808 0.0881435 
0.010513 -0.0188881 -0.000196134 0.000188404 -0.0188881 0.0911298 0.000203349 -0.000452762 -0.000196134 0.000203349 0.0094824 -0.0177428 0.000188404 -0.000452762 -0.0177428 0.0882739 
0.0105066 -0.0189217 -0.000216871 0.000219609 -0.0189217 0.0911511 0.000232468 -0.00050515 -0.000216871 0.000232468 0.00950463 -0.0177512 0.000219609 -0.00050515 -0.0177512 0.0883689 
0.0104688 -0.0189469 -0.000210726 0.000217274 -0.0189469 0.0912503 0.000222919 -0.000489197 -0.000210726 0.000222919 0.00953905 -0.0177525 0.000217274 -0.000489197 -0.0177525 0.0883723 
0.010433 -0.0189074 -0.000212895 0.000231375 -0.0189074 0.0912357 0.000228562 -0.000515651 -0.000212895 0.000228562 0.00954818 -0.0177817 0.000231375 -0.000515651 -0.0177817 0.0883987 
0.0104258 -0.0188666 -0.00021565 0.000232012 -0.0188666 0.091156 0.000226476 -0.000522902 -0.00021565 0.000226476 0.00952049 -0.0177841 0.000232012 -0.000522902 -0.0177841 0.0884114 
0.0104266 -0.0188462 -0.000217526 0.000228812 -0.0188462 0.0910742 0.00022758 -0.000521198 -0.000217526 0.00022758 0.00951104 -0.0177576 0.000228812 -0.000521198 -0.0177576 0.0883851 
0.0104481 -0.0188046 -0.000244471 0.000261744 -0.0188046 0.0909298 0.000262153 -0.000604636 -0.000244471 0.000262153 0.00949404 -0.0177784 0.000261744 -0.000604636 -0.0177784 0.0884313 
0.0104487 -0.0188084 -0.000255344 0.00029366 -0.0188084 0.0908424 0.000293482 -0.000687852 -0.000255344 0.000293482 0.0094733 -0.0177648 0.00029366 -0.000687852 -0.0177648 0.0884362 
0.0104768 -0.0188251 -0.000245675 0.000273683 -0.0188251 0.0908617 0.000272439 -0.000654039 -0.000245675 0.000272439 0.00943592 -0.0177266 0.000273683 -0.000654039 -0.0177266 0.0883645 
0.0104944 -0.0188752 -0.000236855 0.000238607 -0.0188752 0.0909702 0.000240816 -0.000559622 -0.000236855 0.000240816 0.00942435 -0.0176702 0.000238607 -0.000559622 -0.0176702 0.0882348 
0.0105392 -0.0189366 -0.000235705 0.00021082 -0.0189366 0.0911659 0.000214697 -0.000459767 -0.000235705 0.000214697 0.00939188 -0.0176189 0.00021082 -0.000459767 -0.0176189 0.0880543 
0.0105341 -0.0189943 -0.000252305 0.000240535 -0.0189943 0.0913391 0.000242595 -0.000501234 -0.000252305 0.000242595 0.00940672 -0.0175796 0.000240535 -0.000501234 -0.0175796 0.0879239 
0.0105 -0.0189954 -0.000237131 0.000262031 -0.0189954 0.0914182 0.000255564 -0.000549285 -0.000237131 0.000255564 0.00943518 -0.0175882 0.000262031 -0.000549285 -0.0175882 0.0878731 
0.0104396 -0.0189062 -0.000237585 0.000278436 -0.0189062 0.0912429 0.000269086 -0.000632394 -0.000237585 0.000269086 0.00949389 -0.0176731 0.000278436 -0.000632394 -0.0176731 0.0880559 
0.0104263 -0.0188185 -0.000263513 0.000300642 -0.0188185 0.0910122 0.000296028 -0.000719812 -0.000263513 0.000296028 0.00950738 -0.0177675 0.000300642 -0.000719812 -0.0177675 0.0883134 
0.0104514 -0.018815 -0.000270123 0.00030176 -0.018815 0.0909244 0.000299586 -0.000725685 -0.000270123 0.000299586 0.00947996 -0.0177666 0.00030176 -0.000725685 -0.0177666 0.088398 
0.010465 -0.0188345 -0.000269563 0.00028841 -0.0188345 0.0909111 0.000286098 -0.000685557 -0.000269563 0.000286098 0.00943887 -0.0177249 0.00028841 -0.000685557 -0.0177249 0.0883407 
0.0104632 -0.0188793 -0.000234511 0.000292568 -0.0188793 0.091022 0.000292269 -0.000679871 -0.000234511 0.000292269 0.00943038 -0.0176441 0.000292568 -0.000679871 -0.0176441 0.0881438 
0.0104338 -0.0188678 -0.000204168 0.000240263 -0.0188678 0.0910393 0.000246647 -0.000598859 -0.000204168 0.000246647 0.00944403 -0.0176377 0.000240263 -0.000598859 -0.0176377 0.0880528 
0.0103979 -0.0188449 -0.00017186 0.000207204 -0.0188449 0.0910172 0.00021486 -0.000514005 -0.00017186 0.00021486 0.00944347 -0.0176332 0.000207204 -0.000514005 -0.0176332 0.0879919 
0.0103648 -0.0188055 -0.000134624 0.000147837 -0.0188055 0.0909457 0.000149978 -0.000357148 -0.000134624 0.000149978 0.00944016 -0.0176191 0.000147837 -0.000357148 -0.0176191 0.0879381 
0.0103543 -0.0187252 -0.000151744 0.000149847 -0.0187252 0.090745 0.000146135 -0.000336568 -0.000151744 0.000146135 0.00942176 -0.0176483 0.000149847 -0.000336568 -0.0176483 0.0879988 
0.0103305 -0.0187133 -0.000151858 0.000163381 -0.0187133 0.0906463 0.000162602 -0.000348161 -0.000151858 0.000162602 0.00943337 -0.017619 0.000163381 -0.000348161 -0.017619 0.0879717 
0.0103246 -0.0186879 -0.000154923 0.000170957 -0.0186879 0.0905872 0.000173046 -0.000387182 -0.000154923 0.000173046 0.00945906 -0.017634 0.000170957 -0.000387182 -0.017634 0.0879775 
0.0103184 -0.018684 -0.000156873 0.000166638 -0.018684 0.0905579 0.000165826 -0.000384559 -0.000156873 0.000165826 0.00947733 -0.0176633 0.000166638 -0.000384559 -0.0176633 0.0880274 
0.0103286 -0.0186797 -0.000164908 0.000193077 -0.0186797 0.0905512 0.000186174 -0.000442891 -0.000164908 0.000186174 0.00948375 -0.017693 0.000193077 -0.000442891 -0.017693 0.088108 
0.010296 -0.0187151 -0.000159762 0.000185406 -0.0187151 0.0906294 0.000178652 -0.000436283 -0.000159762 0.000178652 0.00949354 -0.0176738 0.000185406 -0.000436283 -0.0176738 0.088076 
0.0102957 -0.0186576 -0.000173381 0.000172971 -0.0186576 0.0905622 0.000171576 -0.000408768 -0.000173381 0.000171576 0.00947731 -0.0177158 0.000172971 -0.000408768 -0.0177158 0.0881644 
0.0103038 -0.0186341 -0.000206087 0.000212075 -0.0186341 0.0904572 0.000213095 -0.000489057 -0.000206087 0.000213095 0.0094532 -0.0177121 0.000212075 -0.000489057 -0.0177121 0.0882216 
0.0102958 -0.0186467 -0.000215524 0.000228724 -0.0186467 0.0904353 0.000227122 -0.000523376 -0.000215524 0.000227122 0.00943735 -0.0176624 0.000228724 -0.000523376 -0.0176624 0.0881344 
0.0102889 -0.018673 -0.000211718 0.000243697 -0.018673 0.0905273 0.000237892 -0.000557482 -0.000211718 0.000237892 0.0094677 -0.0176193 0.000243697 -0.000557482 -0.0176193 0.0880005 
0.0103245 -0.0186698 -0.000202107 0.000242419 -0.0186698 0.0905646 0.000239747 -0.000576349 -0.000202107 0.000239747 0.00947332 -0.0176517 0.000242419 -0.000576349 -0.0176517 0.0879877 
0.0103742 -0.0186848 -0.000209803 0.000230263 -0.0186848 0.0905563 0.000239269 -0.000573606 -0.000209803 0.000239269 0.0094276 -0.0176835 0.000230263 -0.000573606 -0.0176835 0.0880699 
0.0104125 -0.0187528 -0.000222518 0.000255243 -0.0187528 0.0906799 0.000270521 -0.00063338 -0.000222518 0.000270521 0.00940935 -0.0176388 0.000255243 -0.00063338 -0.0176388 0.0880507 
0.0104349 -0.0187983 -0.000234962 0.000272359 -0.0187983 0.0908043 0.000284874 -0.000688304 -0.000234962 0.000284874 0.00938717 -0.0176097 0.000272359 -0.000688304 -0.0176097 0.0879729 
0.0104162 -0.0188182 -0.000231618 0.000287499 -0.0188182 0.0908755 0.000294723 -0.000724398 -0.000231618 0.000294723 0.0094194 -0.0176013 0.000287499 -0.000724398 -0.0176013 0.0879577 
0.0103756 -0.0188195 -0.000192149 0.00024203 -0.0188195 0.0909286 0.000245966 -0.000618664 -0.000192149 0.000245966 0.00947296 -0.0176215 0.00024203 -0.000618664 -0.0176215 0.0879649 
0.010384 -0.0187653 -0.000192103 0.000183757 -0.0187653 0.0908482 0.000183615 -0.00046369 -0.000192103 0.000183615 0.00946014 -0.0176895 0.000183757 -0.00046369 -0.0176895 0.0880846 
0.0104265 -0.0187707 -0.000222807 0.000223994 -0.0187707 0.0908113 0.000216892 -0.000492999 -0.000222807 0.000216892 0.00942649 -0.0176833 0.000223994 -0.000492999 -0.0176833 0.0881452 
0.0104498 -0.0187998 -0.000249168 0.000273462 -0.0187998 0.0908203 0.000264848 -0.000605241 -0.000249168 0.000264848 0.00939996 -0.017662 0.000273462 -0.000605241 -0.017662 0.0881465 
0.0104782 -0.0188368 -0.000269521 0.000309775 -0.0188368 0.0909066 0.000300844 -0.000712961 -0.000269521 0.000300844 0.00940232 -0.0176354 0.000309775 -0.000712961 -0.0176354 0.0881088 
0.0104583 -0.0188513 -0.000262205 0.00033635 -0.0188513 0.0909328 0.000322837 -0.00079128 -0.000262205 0.000322837 0.00942989 -0.0176473 0.00033635 -0.00079128 -0.0176473 0.0881136 
0.0104581 -0.0188732 -0.000218191 0.00026733 -0.0188732 0.0910285 0.000255738 -0.000650134 -0.000218191 0.000255738 0.00942317 -0.0176342 0.00026733 -0.000650134 -0.0176342 0.0880468 
0.0104356 -0.0188775 -0.000173503 0.000225691 -0.0188775 0.0910719 0.000218973 -0.000540215 -0.000173503 0.000218973 0.00941445 -0.0176102 0.000225691 -0.000540215 -0.0176102 0.0879641 
0.0103997 -0.0188356 -0.000153163 0.000171553 -0.0188356 0.0910039 0.000172473 -0.000424731 -0.000153163 0.000172473 0.00941463 -0.0176119 0.000171553 -0.000424731 -0.0176119 0.0879488 
0.0103808 -0.0187856 -0.000167568 0.00016729 -0.0187856 0.0908967 0.00017304 -0.000396057 -0.000167568 0.00017304 0.00943408 -0.0176277 0.00016729 -0.000396057 -0.0176277 0.0879912 
0.0103587 -0.0187608 -0.000178679 0.000203322 -0.0187608 0.0908081 0.000210859 -0.000469196 -0.000178679 0.000210859 0.00946584 -0.0176381 0.000203322 -0.000469196 -0.0176381 0.0880021 
0.0103313 -0.0187259 -0.000166776 0.000193256 -0.0187259 0.0907035 0.000201557 -0.00046716 -0.000166776 0.000201557 0.00947671 -0.0176715 0.000193256 -0.00046716 -0.0176715 0.0880488 
0.0103288 -0.0186937 -0.000162782 0.000191372 -0.0186937 0.0906177 0.00019551 -0.000469222 -0.000162782 0.00019551 0.00948181 -0.0176938 0.000191372 -0.000469222 -0.0176938 0.0881226 
0.0103295 -0.0186821 -0.000170165 0.0001833 -0.0186821 0.0905492 0.000181723 -0.000446132 -0.000170165 0.000181723 0.00947603 -0.0177027 0.0001833 -0.000446132 -0.0177027 0.0881675 
0.0103431 -0.0186929 -0.000192328 0.000202985 -0.0186929 0.0905636 0.000199113 -0.000475457 -0.000192328 0.000199113 0.00946864 -0.0176996 0.000202985 -0.000475457 -0.0176996 0.0881861 
0.0103817 -0.0187131 -0.000205375 0.00022358 -0.0187131 0.09061 0.000217037 -0.000510245 -0.000205375 0.000217037 0.00943727 -0.0176923 0.00022358 -0.000510245 -0.0176923 0.0881823 
0.0104269 -0.0187567 -0.00020802 0.000239826 -0.0187567 0.090692 0.000233692 -0.000553947 -0.00020802 0.000233692 0.00940822 -0.0176552 0.000239826 -0.000553947 -0.0176552 0.0881237 
0.0104446 -0.0187829 -0.000213071 0.000245912 -0.0187829 0.0907306 0.000241538 -0.000583992 -0.000213071 0.000241538 0.00938266 -0.0176425 0.000245912 -0.000583992 -0.0176425 0.0880979 
0.010436 -0.0188195 -0.000206396 0.000229533 -0.0188195 0.0908231 0.000227489 -0.000550777 -0.000206396 0.000227489 0.00939467 -0.0176008 0.000229533 -0.000550777 -0.0176008 0.0880147 
0.0104148 -0.0188138 -0.000204986 0.000263768 -0.0188138 0.0908631 0.0002638 -0.000635284 -0.000204986 0.0002638 0.0094425 -0.017619 0.000263768 -0.000635284 -0.017619 0.0880106 
0.0104319 -0.0187961 -0.000198986 0.000248455 -0.0187961 0.0908508 0.000253679 -0.000641246 -0.000198986 0.000253679 0.00946352 -0.0176719 0.000248455 -0.000641246 -0.0176719 0.0880922 
0.0104422 -0.0188197 -0.000211695 0.000254484 -0.0188197 0.0908792 0.000259812 -0.000663621 -0.000211695 0.000259812 0.00946722 -0.017699 0.000254484 -0.000663621 -0.017699 0.0881769 
0.0104445 -0.0188568 -0.000187758 0.000246587 -0.0188568 0.0909923 0.000248473 -0.000624586 -0.000187758 0.000248473 0.00947758 -0.0176976 0.000246587 -0.000624586 -0.0176976 0.0881997 
0.0104145 -0.0188503 -0.000169078 0.000211412 -0.0188503 0.0910109 0.000214993 -0.000551763 -0.000169078 0.000214993 0.00946468 -0.0177031 0.000211412 -0.000551763 -0.0177031 0.0881988 
0.0104169 -0.0188325 -0.000177087 0.000198003 -0.0188325 0.0910131 0.000197778 -0.000502644 -0.000177087 0.000197778 0.009425 -0.0176668 0.000198003 -0.000502644 -0.0176668 0.0881225 
0.0104218 -0.0188119 -0.000176551 0.000215573 -0.0188119 0.0909534 0.000206639 -0.000506456 -0.000176551 0.000206639 0.00940027 -0.0176399 0.000215573 -0.000506456 -0.0176399 0.0880744 
0.010421 -0.0187921 -0.000167074 0.000220476 -0.0187921 0.0908699 0.000210059 -0.000524092 -0.000167074 0.000210059 0.0094016 -0.0176332 0.000220476 -0.000524092 -0.0176332 0.0880692 
0.0103915 -0.0188011 -0.000167797 0.000204554 -0.0188011 0.0908587 0.000201497 -0.000514612 -0.000167797 0.000201497 0.0094257 -0.0176142 0.000204554 -0.000514612 -0.0176142 0.0880106 
0.0103732 -0.0187464 -0.000189374 0.000204314 -0.0187464 0.0907469 0.000209296 -0.000516043 -0.000189374 0.000209296 0.00944343 -0.0176552 0.000204314 -0.000516043 -0.0176552 0.0880642 
0.0103258 -0.0187223 -0.000195519 0.000224205 -0.0187223 0.0906512 0.00022597 -0.000538482 -0.000195519 0.00022597 0.00949192 -0.0176736 0.000224205 -0.000538482 -0.0176736 0.0881206 
0.0103196 -0.0186841 -0.000204654 0.000238488 -0.0186841 0.0905813 0.000229763 -0.000568777 -0.000204654 0.000229763 0.00950205 -0.0177192 0.000238488 -0.000568777 -0.0177192 0.0881939 
0.010328 -0.018675 -0.000198135 0.00023848 -0.018675 0.0905328 0.000227809 -0.0005653 -0.000198135 0.000227809 0.00950214 -0.0177359 0.00023848 -0.0005653 -0.0177359 0.0882634 
0.010344 -0.0186813 -0.000194537 0.000239242 -0.0186813 0.0905245 0.000232688 -0.000577421 -0.000194537 0.000232688 0.00948589 -0.0177385 0.000239242 -0.000577421 -0.0177385 0.0882917 
0.0103656 -0.0187134 -0.00018878 0.000238055 -0.0187134 0.0905903 0.000239116 -0.000591205 -0.00018878 0.000239116 0.00945125 -0.0176954 0.000238055 -0.000591205 -0.0176954 0.0881994 
0.0104011 -0.018737 -0.000187154 0.000248555 -0.018737 0.0906631 0.00025224 -0.000632781 -0.000187154 0.00025224 0.00941798 -0.0176723 0.000248555 -0.000632781 -0.0176723 0.0881476 
0.0104466 -0.0187864 -0.000182795 0.000252449 -0.0187864 0.0907783 0.000250168 -0.000654216 -0.000182795 0.000250168 0.00939741 -0.0176328 0.000252449 -0.000654216 -0.0176328 0.0880692 
0.0104832 -0.0188471 -0.000180825 0.000253204 -0.0188471 0.0909263 0.00024561 -0.000662867 -0.000180825 0.00024561 0.0093856 -0.0176006 0.000253204 -0.000662867 -0.0176006 0.0879724 
0.0105168 -0.0189086 -0.000175743 0.000219698 -0.0189086 0.0911057 0.000216264 -0.000580603 -0.000175743 0.000216264 0.0093733 -0.0175751 0.000219698 -0.000580603 -0.0175751 0.0878804 
0.0105051 -0.018923 -0.000175724 0.000200362 -0.018923 0.0911606 0.000202459 -0.000508352 -0.000175724 0.000202459 0.00938514 -0.0175898 0.000200362 -0.000508352 -0.0175898 0.0879078 
0.010445 -0.0188971 -0.000189107 0.00021587 -0.0188971 0.0911254 0.000221367 -0.00052612 -0.000189107 0.000221367 0.00944214 -0.0176211 0.00021587 -0.00052612 -0.0176211 0.0879933 
0.0104269 -0.0188274 -0.000199675 0.000210513 -0.0188274 0.0910005 0.000214019 -0.000503363 -0.000199675 0.000214019 0.00945487 -0.0176934 0.000210513 -0.000503363 -0.0176934 0.08815 
0.0104425 -0.0188037 -0.000224422 0.000235813 -0.0188037 0.0909001 0.000234885 -0.000542163 -0.000224422 0.000234885 0.00943287 -0.0177138 0.000235813 -0.000542163 -0.0177138 0.0882639 
0.0104505 -0.0188368 -0.000227019 0.0002583 -0.0188368 0.0909314 0.000257338 -0.000590379 -0.000227019 0.000257338 0.00940294 -0.0176625 0.0002583 -0.000590379 -0.0176625 0.088192 
0.0104601 -0.0188605 -0.000228231 0.000273908 -0.0188605 0.0910156 0.000278138 -0.000657919 -0.000228231 0.000278138 0.00940448 -0.0176224 0.000273908 -0.000657919 -0.0176224 0.088089 
0.0104614 -0.0188433 -0.00021689 0.000274707 -0.0188433 0.0909807 0.00028517 -0.000690539 -0.00021689 0.00028517 0.00941508 -0.0176415 0.000274707 -0.000690539 -0.0176415 0.0880915 
0.0104526 -0.0188501 -0.000192805 0.000243204 -0.0188501 0.0909753 0.000254516 -0.000635328 -0.000192805 0.000254516 0.0094147 -0.0176442 0.000243204 -0.000635328 -0.0176442 0.0880898 
0.010427 -0.0188322 -0.000186252 0.000241326 -0.0188322 0.090942 0.000250022 -0.000631043 -0.000186252 0.000250022 0.00942297 -0.0176516 0.000241326 -0.000631043 -0.0176516 0.0881116 
0.0103978 -0.0188046 -0.000193804 0.000242797 -0.0188046 0.0908904 0.000250433 -0.000641465 -0.000193804 0.000250433 0.00944656 -0.0176593 0.000242797 -0.000641465 -0.0176593 0.0881288 
0.0103989 -0.0187795 -0.000213434 0.000245124 -0.0187795 0.0908417 0.000248419 -0.000633239 -0.000213434 0.000248419 0.0094489 -0.0176752 0.000245124 -0.000633239 -0.0176752 0.0881432 
0.0104452 -0.0187901 -0.000227322 0.000258402 -0.0187901 0.0908473 0.000252138 -0.000627446 -0.000227322 0.000252138 0.0094096 -0.0176673 0.000258402 -0.000627446 -0.0176673 0.088127 
0.0105115 -0.0188317 -0.000238147 0.00026222 -0.0188317 0.0908978 0.000248978 -0.000611176 -0.000238147 0.000248978 0.00935444 -0.0176366 0.00026222 -0.000611176 -0.0176366 0.0880922 
0.0105272 -0.0189164 -0.000210708 0.000272394 -0.0189164 0.0910608 0.000258555 -0.000618558 -0.000210708 0.000258555 0.00934613 -0.0175616 0.000272394 -0.000618558 -0.0175616 0.0879438 
0.0104705 -0.0189194 -0.0001944 0.000278224 -0.0189194 0.0911199 0.000267105 -0.000680303 -0.0001944 0.000267105 0.00939047 -0.017562 0.000278224 -0.000680303 -0.017562 0.0878856 
0.0104196 -0.0188693 -0.000177066 0.000235268 -0.0188693 0.091079 0.000228977 -0.000615688 -0.000177066 0.000228977 0.00944409 -0.0176049 0.000235268 -0.000615688 -0.0176049 0.0879314 
0.0104205 -0.0188279 -0.000153262 0.000185236 -0.0188279 0.0910071 0.000182724 -0.000476669 -0.000153262 0.000182724 0.0094517 -0.0176456 0.000185236 -0.000476669 -0.0176456 0.0879929 
0.0103982 -0.0188067 -0.00013654 0.00016569 -0.0188067 0.0909092 0.000168899 -0.000407601 -0.00013654 0.000168899 0.00947464 -0.0176741 0.00016569 -0.000407601 -0.0176741 0.088088 
0.0103978 -0.0187977 -9.28154e-05 0.000130896 -0.0187977 0.0908915 0.000139625 -0.000321194 -9.28154e-05 0.000139625 0.00949822 -0.0176986 0.000130896 -0.000321194 -0.0176986 0.0881575 
0.0104077 -0.0187923 -7.40194e-05 7.57386e-05 -0.0187923 0.0908654 8.92431e-05 -0.00020984 -7.40194e-05 8.92431e-05 0.00948537 -0.0177236 7.57386e-05 -0.00020984 -0.0177236 0.0882151 
0.0104716 -0.0187744 -0.000139797 0.000104203 -0.0187744 0.0907924 0.000117247 -0.000261596 -0.000139797 0.000117247 0.00941775 -0.0177362 0.000104203 -0.000261596 -0.0177362 0.0882939 
0.0105185 -0.018848 -0.000177506 0.000181471 -0.018848 0.090876 0.000187301 -0.000391735 -0.000177506 0.000187301 0.00937199 -0.0176612 0.000181471 -0.000391735 -0.0176612 0.0882137 
0.0105176 -0.0189058 -0.00019079 0.000223473 -0.0189058 0.0910164 0.00022209 -0.00050932 -0.00019079 0.00022209 0.00936396 -0.0176098 0.000223473 -0.00050932 -0.0176098 0.0880912 
0.0104699 -0.0188995 -0.000196454 0.000266367 -0.0188995 0.0910586 0.000259091 -0.00064055 -0.000196454 0.000259091 0.00939825 -0.0176048 0.000266367 -0.00064055 -0.0176048 0.0880413 
0.0104618 -0.0188525 -0.000211592 0.000278322 -0.0188525 0.0910085 0.000269507 -0.000710623 -0.000211592 0.000269507 0.00939367 -0.0176311 0.000278322 -0.000710623 -0.0176311 0.0880512 
0.0104231 -0.018837 -0.000200941 0.000271529 -0.018837 0.0909423 0.000266376 -0.000698154 -0.000200941 0.000266376 0.00941787 -0.0176218 0.000271529 -0.000698154 -0.0176218 0.0880447 
0.0104226 -0.0187842 -0.000216737 0.000273603 -0.0187842 0.0908315 0.000274015 -0.000720141 -0.000216737 0.000274015 0.00940836 -0.0176497 0.000273603 -0.000720141 -0.0176497 0.0880768 
0.0103931 -0.0187765 -0.000202623 0.000251712 -0.0187765 0.0907531 0.000257266 -0.000655601 -0.000202623 0.000257266 0.00940299 -0.0176269 0.000251712 -0.000655601 -0.0176269 0.0880426 
0.0103775 -0.0187626 -0.000174345 0.000224233 -0.0187626 0.0907407 0.000229089 -0.000575331 -0.000174345 0.000229089 0.00938831 -0.0176014 0.000224233 -0.000575331 -0.0176014 0.0879614 
0.0103413 -0.0187503 -0.000161473 0.000221933 -0.0187503 0.0907312 0.000225174 -0.000574812 -0.000161473 0.000225174 0.00942983 -0.0175839 0.000221933 -0.000574812 -0.0175839 0.0879055 
0.0103136 -0.0187265 -0.000153728 0.000187241 -0.0187265 0.0907105 0.00019046 -0.000502857 -0.000153728 0.00019046 0.00946614 -0.0176015 0.000187241 -0.000502857 -0.0176015 0.087866 
0.0102922 -0.0186849 -0.000123138 0.000162144 -0.0186849 0.0906293 0.000163016 -0.000409326 -0.000123138 0.000163016 0.00951696 -0.0176673 0.000162144 -0.000409326 -0.0176673 0.0879885 
0.0102995 -0.018617 -0.000126469 0.000150498 -0.018617 0.0904342 0.000151979 -0.000385035 -0.000126469 0.000151979 0.00953507 -0.0177762 0.000150498 -0.000385035 -0.0177762 0.0882727 
0.0103619 -0.0186348 -0.000133656 0.000156773 -0.0186348 0.090394 0.000156004 -0.0003817 -0.000133656 0.000156004 0.00949303 -0.0177981 0.000156773 -0.0003817 -0.0177981 0.088425 
0.0104367 -0.0187178 -0.000160344 0.000208152 -0.0187178 0.0905304 0.000204255 -0.00050511 -0.000160344 0.000204255 0.00940636 -0.0177376 0.000208152 -0.00050511 -0.0177376 0.0883647 
0.0104961 -0.0188143 -0.000166695 0.000207165 -0.0188143 0.0907589 0.0002014 -0.000518778 -0.000166695 0.0002014 0.00934826 -0.0176423 0.000207165 -0.000518778 -0.0176423 0.0881958 
0.0105254 -0.018905 -0.000175586 0.000207587 -0.018905 0.0910212 0.000200227 -0.000512646 -0.000175586 0.000200227 0.00932434 -0.0175575 0.000207587 -0.000512646 -0.0175575 0.0879705 
0.0105164 -0.018956 -0.000189852 0.000227463 -0.018956 0.0912249 0.000218738 -0.000547315 -0.000189852 0.000218738 0.0093397 -0.0175101 0.000227463 -0.000547315 -0.0175101 0.0877826 
