0.00728542 0 9.73574e-05 0 0 0.01 0 0 9.73574e-05 0 0.0074876 0 0 0 0 0.01 
0.0102908 -0.012777 0.000104018 -0.000137966 -0.012777 0.0336736 -0.000137966 0.000264448 0.000104018 -0.000137966 0.0105302 -0.0130792 -0.000137966 0.000264448 -0.0130792 0.0342529 
0.0104206 -0.0194248 9.74498e-06 -0.000117025 -0.0194248 0.071259 -0.000117025 0.000433592 9.74498e-06 -0.000117025 0.0105206 -0.0197418 -0.000117025 0.000433592 -0.0197418 0.0723114 
0.0098597 -0.0190837 9.53086e-07 -0.000139127 -0.0190837 0.0852299 -0.000143998 0.00074053 9.53086e-07 -0.000143998 0.00991358 -0.0193183 -0.000139127 0.00074053 -0.0193183 0.0863466 
0.00983073 -0.0184054 2.41194e-05 -9.72916e-05 -0.0184054 0.0884184 -0.000106905 0.000504095 2.41194e-05 -0.000106905 0.00989473 -0.01853 -9.72916e-05 0.000504095 -0.01853 0.0890222 
0.00994955 -0.0183189 4.56748e-05 -0.000116373 -0.0183189 0.0893968 -0.000125103 0.00036922 4.56748e-05 -0.000125103 0.0100924 -0.0184173 -0.000116373 0.00036922 -0.0184173 0.0896603 
0.0100267 -0.018351 8.23007e-05 -0.00016669 -0.018351 0.0897824 -0.000171184 0.00046193 8.23007e-05 -0.000171184 0.0102268 -0.0185778 -0.00016669 0.00046193 -0.0185778 0.0902096 
0.0100375 -0.0183401 9.19117e-05 -0.000203179 -0.0183401 0.0897936 -0.000205514 0.000575408 9.19117e-05 -0.000205514 0.0102624 -0.018698 -0.000203179 0.000575408 -0.018698 0.0906264 
0.0100576 -0.0183584 7.97889e-05 -0.000181447 -0.0183584 0.0898062 -0.000185001 0.000569283 7.97889e-05 -0.000185001 0.0102644 -0.018694 -0.000181447 0.000569283 -0.018694 0.0907256 
0.0100756 -0.0183761 6.65151e-05 -0.00015675 -0.0183761 0.0898163 -0.000158742 0.00051221 6.65151e-05 -0.000158742 0.0102713 -0.0186906 -0.00015675 0.00051221 -0.0186906 0.0907229 
0.0100854 -0.0183973 5.99152e-05 -0.000140244 -0.0183973 0.0898454 -0.000139445 0.00045229 5.99152e-05 -0.000139445 0.0102446 -0.0186974 -0.000140244 0.00045229 -0.0186974 0.090718 
0.010069 -0.0184278 6.09332e-05 -0.000141956 -0.0184278 0.0899324 -0.000141313 0.00043844 6.09332e-05 -0.000141313 0.0102194 -0.0186478 -0.000141956 0.00043844 -0.0186478 0.0906161 
0.0100549 -0.0184086 5.63218e-05 -0.000139927 -0.0184086 0.089946 -0.000137135 0.000424421 5.63218e-05 -0.000137135 0.0102196 -0.0186309 -0.000139927 0.000424421 -0.0186309 0.0905673 
0.0100865 -0.0183977 6.22039e-05 -0.000124912 -0.0183977 0.0899412 -0.000123284 0.000392821 6.22039e-05 -0.000123284 0.0102345 -0.0186611 -0.000124912 0.000392821 -0.0186611 0.090647 
0.0101109 -0.0184251 7.54637e-05 -0.000144946 -0.0184251 0.0899639 -0.000147961 0.000427618 7.54637e-05 -0.000147961 0.0102157 -0.0186746 -0.000144946 0.000427618 -0.0186746 0.090692 
0.0101206 -0.0184694 7.03688e-05 -0.000144079 -0.0184694 0.0900718 -0.000147257 0.000427438 7.03688e-05 -0.000147257 0.0102133 -0.0186543 -0.000144079 0.000427438 -0.0186543 0.0906852 
0.0100873 -0.0184988 5.77343e-05 -0.000149645 -0.0184988 0.0901886 -0.000151496 0.00044624 5.77343e-05 -0.000151496 0.0102172 -0.0186292 -0.000149645 0.00044624 -0.0186292 0.0906076 
0.0100746 -0.0184484 5.92456e-05 -0.000136578 -0.0184484 0.0901439 -0.000140064 0.000436712 5.92456e-05 -0.000140064 0.01019 -0.0186406 -0.000136578 0.000436712 -0.0186406 0.0906068 
0.0100392 -0.018407 6.34333e-05 -0.000147828 -0.018407 0.090017 -0.000150337 0.00045332 6.34333e-05 -0.000150337 0.010193 -0.0186249 -0.000147828 0.00045332 -0.0186249 0.0906113 
0.0100215 -0.0183548 5.83735e-05 -0.00014508 -0.0183548 0.0898741 -0.000145428 0.000445963 5.83735e-05 -0.000145428 0.0101793 -0.0186229 -0.00014508 0.000445963 -0.0186229 0.0905933 
0.0100097 -0.0183534 5.121e-05 -0.000118742 -0.0183534 0.0898363 -0.000118578 0.000381832 5.121e-05 -0.000118578 0.0101634 -0.0185836 -0.000118742 0.000381832 -0.0185836 0.0905 
0.00995073 -0.0183406 2.93794e-05 -0.000107468 -0.0183406 0.0898106 -0.00010299 0.000326204 2.93794e-05 -0.00010299 0.0101861 -0.0185529 -0.000107468 0.000326204 -0.0185529 0.090392 
0.00995709 -0.0182889 3.26583e-05 -9.44848e-05 -0.0182889 0.0897499 -8.34438e-05 0.000296861 3.26583e-05 -8.34438e-05 0.010169 -0.0185599 -9.44848e-05 0.000296861 -0.0185599 0.0903355 
0.00995003 -0.0182973 2.31276e-05 -9.38204e-05 -0.0182973 0.0897275 -8.11086e-05 0.000276805 2.31276e-05 -8.11086e-05 0.0101782 -0.0185376 -9.38204e-05 0.000276805 -0.0185376 0.0902874 
0.00994417 -0.0182654 3.50656e-05 -0.000111079 -0.0182654 0.0896499 -9.83011e-05 0.000329344 3.50656e-05 -9.83011e-05 0.0101555 -0.0185558 -0.000111079 0.000329344 -0.0185558 0.0902936 
0.00996132 -0.0182484 5.07873e-05 -0.000108673 -0.0182484 0.08958 -9.85023e-05 0.000334962 5.07873e-05 -9.85023e-05 0.0101488 -0.0185507 -0.000108673 0.000334962 -0.0185507 0.0903292 
0.0099977 -0.0182861 7.60818e-05 -0.000121641 -0.0182861 0.0896337 -0.000117651 0.000361966 7.60818e-05 -0.000117651 0.0101368 -0.0185346 -0.000121641 0.000361966 -0.0185346 0.0903069 
0.010046 -0.0183249 0.00010969 -0.000165389 -0.0183249 0.0897134 -0.000171237 0.00046876 0.00010969 -0.000171237 0.0100977 -0.0185187 -0.000165389 0.00046876 -0.0185187 0.0902677 
0.0100094 -0.0183775 8.59951e-05 -0.000180376 -0.0183775 0.0898194 -0.000192801 0.000516063 8.59951e-05 -0.000192801 0.010106 -0.0184757 -0.000180376 0.000516063 -0.0184757 0.0901919 
0.00996244 -0.0183185 9.16155e-05 -0.00018547 -0.0183185 0.0897596 -0.000196768 0.000578662 9.16155e-05 -0.000196768 0.0101181 -0.0184967 -0.00018547 0.000578662 -0.0184967 0.0902018 
0.0099744 -0.0182747 9.47223e-05 -0.000165671 -0.0182747 0.0896641 -0.000172595 0.000528822 9.47223e-05 -0.000172595 0.0100832 -0.0184881 -0.000165671 0.000528822 -0.0184881 0.0901756 
0.0100031 -0.0182894 0.000100331 -0.000152179 -0.0182894 0.089643 -0.000151542 0.000455621 0.000100331 -0.000151542 0.0100304 -0.0184417 -0.000152179 0.000455621 -0.0184417 0.0900889 
0.0100027 -0.0183135 8.78447e-05 -0.00015171 -0.0183135 0.0896707 -0.000144557 0.00041147 8.78447e-05 -0.000144557 0.0100247 -0.0183918 -0.00015171 0.00041147 -0.0183918 0.0899898 
0.00994207 -0.0182948 6.06166e-05 -0.000146527 -0.0182948 0.0896346 -0.000140682 0.000401738 6.06166e-05 -0.000140682 0.0100886 -0.0183975 -0.000146527 0.000401738 -0.0183975 0.0899707 
0.00991866 -0.0182203 6.13439e-05 -0.000120156 -0.0182203 0.0894981 -0.000125783 0.000378752 6.13439e-05 -0.000125783 0.010109 -0.0184727 -0.000120156 0.000378752 -0.0184727 0.0900845 
0.00988092 -0.0181967 4.10214e-05 -0.000116707 -0.0181967 0.0893995 -0.00013026 0.000365162 4.10214e-05 -0.00013026 0.0101188 -0.0184887 -0.000116707 0.000365162 -0.0184887 0.0901595 
0.00985933 -0.0181531 3.85397e-05 -0.000111912 -0.0181531 0.0893056 -0.000120637 0.000371851 3.85397e-05 -0.000120637 0.0100959 -0.018491 -0.000111912 0.000371851 -0.018491 0.0901715 
0.00987186 -0.0181271 5.11541e-05 -0.000119495 -0.0181271 0.08923 -0.000120782 0.000386154 5.11541e-05 -0.000120782 0.0100473 -0.0184588 -0.000119495 0.000386154 -0.0184588 0.0901209 
0.00991082 -0.0181698 4.92973e-05 -8.78628e-05 -0.0181698 0.0892982 -8.6097e-05 0.000290112 4.92973e-05 -8.6097e-05 0.00998654 -0.0183758 -8.78628e-05 0.000290112 -0.0183758 0.0899435 
0.00998226 -0.0182346 8.25956e-05 -9.42626e-05 -0.0182346 0.089461 -9.07446e-05 0.00027036 8.25956e-05 -9.07446e-05 0.00992619 -0.0182931 -9.42626e-05 0.00027036 -0.0182931 0.0897314 
0.0100525 -0.0183118 0.00011556 -0.000134481 -0.0183118 0.0896337 -0.000133266 0.000331749 0.00011556 -0.000133266 0.00987707 -0.0182216 -0.000134481 0.000331749 -0.0182216 0.0895349 
0.0100601 -0.0183711 0.000134469 -0.000191537 -0.0183711 0.0897671 -0.000189704 0.000472901 0.000134469 -0.000189704 0.00989865 -0.018193 -0.000191537 0.000472901 -0.018193 0.0894524 
0.0100144 -0.0183529 0.00013541 -0.000226478 -0.0183529 0.0897545 -0.00022374 0.000596159 0.00013541 -0.00022374 0.00995768 -0.0182393 -0.000226478 0.000596159 -0.0182393 0.0895168 
0.00996227 -0.0183036 0.000111936 -0.000223948 -0.0183036 0.0896683 -0.000223387 0.000636191 0.000111936 -0.000223387 0.0100122 -0.0183133 -0.000223948 0.000636191 -0.0183133 0.0896762 
0.00992628 -0.0182298 0.000105655 -0.000207775 -0.0182298 0.0894909 -0.000211222 0.000636348 0.000105655 -0.000211222 0.0100076 -0.0183738 -0.000207775 0.000636348 -0.0183738 0.0898298 
0.00989634 -0.0181811 8.7e-05 -0.000172171 -0.0181811 0.0893384 -0.000175654 0.000544517 8.7e-05 -0.000175654 0.0100144 -0.0183725 -0.000172171 0.000544517 -0.0183725 0.0898964 
0.00984873 -0.0181167 7.44405e-05 -0.000165076 -0.0181167 0.0891438 -0.000169708 0.000510834 7.44405e-05 -0.000169708 0.0100149 -0.0183826 -0.000165076 0.000510834 -0.0183826 0.0899198 
0.00981233 -0.0180935 2.88181e-05 -0.000121943 -0.0180935 0.0890788 -0.000122101 0.000399481 2.88181e-05 -0.000122101 0.0100305 -0.0183557 -0.000121943 0.000399481 -0.0183557 0.0898548 
0.00983717 -0.0180778 1.34264e-05 -5.79342e-05 -0.0180778 0.089069 -5.42036e-05 0.000241937 1.34264e-05 -5.42036e-05 0.0100137 -0.0183503 -5.79342e-05 0.000241937 -0.0183503 0.0897893 
0.00988459 -0.0181013 4.24153e-05 -4.98706e-05 -0.0181013 0.0890906 -4.15363e-05 0.000165588 4.24153e-05 -4.15363e-05 0.0099627 -0.0183246 -4.98706e-05 0.000165588 -0.0183246 0.0897156 
0.00991041 -0.0181304 8.76751e-05 -8.58898e-05 -0.0181304 0.0891204 -7.39204e-05 0.000192623 8.76751e-05 -7.39204e-05 0.00993356 -0.0182959 -8.58898e-05 0.000192623 -0.0182959 0.0896814 
0.00993334 -0.0181623 0.000126011 -0.000157762 -0.0181623 0.0891922 -0.000150136 0.000349848 0.000126011 -0.000150136 0.00990343 -0.0182616 -0.000157762 0.000349848 -0.0182616 0.089612 
0.00997766 -0.0182137 0.000161923 -0.000217019 -0.0182137 0.0893288 -0.000217178 0.000538676 0.000161923 -0.000217178 0.0098532 -0.0181995 -0.000217019 0.000538676 -0.0181995 0.0894563 
0.0100394 -0.018293 0.000171936 -0.000239985 -0.018293 0.0895382 -0.000247585 0.000636859 0.000171936 -0.000247585 0.0097983 -0.0181209 -0.000239985 0.000636859 -0.0181209 0.0892529 
0.0100628 -0.0183769 0.00016996 -0.00024874 -0.0183769 0.089765 -0.000262017 0.000691849 0.00016996 -0.000262017 0.00979467 -0.0180467 -0.00024874 0.000691849 -0.0180467 0.0890466 
0.0100761 -0.0183775 0.000179404 -0.000252163 -0.0183775 0.0898227 -0.000265703 0.00072078 0.000179404 -0.000265703 0.00978703 -0.0180701 -0.000252163 0.00072078 -0.0180701 0.0890343 
0.0100257 -0.0183837 0.000172006 -0.000257041 -0.0183837 0.0898292 -0.00026553 0.000719254 0.000172006 -0.00026553 0.00982209 -0.0180689 -0.000257041 0.000719254 -0.0180689 0.0890521 
0.00997668 -0.0183107 0.000176504 -0.000264757 -0.0183107 0.0897115 -0.000267254 0.000742935 0.000176504 -0.000267254 0.00987676 -0.0181328 -0.000264757 0.000742935 -0.0181328 0.0891866 
0.00993781 -0.0182588 0.000133516 -0.000236406 -0.0182588 0.0895736 -0.00023476 0.000662552 0.000133516 -0.00023476 0.00989789 -0.0181831 -0.000236406 0.000662552 -0.0181831 0.0893048 
0.00989721 -0.0181944 9.05194e-05 -0.000183711 -0.0181944 0.0893989 -0.000178371 0.000541684 9.05194e-05 -0.000178371 0.0099212 -0.0182275 -0.000183711 0.000541684 -0.0182275 0.0894499 
0.00988646 -0.0181794 5.03354e-05 -0.00011979 -0.0181794 0.0893479 -0.000110851 0.000373671 5.03354e-05 -0.000110851 0.00994252 -0.0182289 -0.00011979 0.000373671 -0.0182289 0.0894796 
0.009891 -0.0181528 5.30586e-05 -9.11545e-05 -0.0181528 0.0892735 -7.85624e-05 0.00027708 5.30586e-05 -7.85624e-05 0.00994653 -0.0182589 -9.11545e-05 0.00027708 -0.0182589 0.0895332 
0.00993752 -0.0181581 6.61308e-05 -9.40309e-05 -0.0181581 0.0892517 -8.61756e-05 0.000252203 6.61308e-05 -8.61756e-05 0.00992323 -0.0182735 -9.40309e-05 0.000252203 -0.0182735 0.089596 
0.00996973 -0.0181995 9.84018e-05 -0.0001316 -0.0181995 0.0892924 -0.000134233 0.000346833 9.84018e-05 -0.000134233 0.00989073 -0.0182565 -0.0001316 0.000346833 -0.0182565 0.0896038 
0.0100195 -0.0182529 0.000151769 -0.000182876 -0.0182529 0.0894234 -0.00019096 0.0004905 0.000151769 -0.00019096 0.00984071 -0.0182095 -0.000182876 0.0004905 -0.0182095 0.0895186 
0.0100517 -0.0183153 0.000168879 -0.000234246 -0.0183153 0.0895777 -0.00023955 0.000607241 0.000168879 -0.00023955 0.0098101 -0.0181511 -0.000234246 0.000607241 -0.0181511 0.0893935 
0.0100445 -0.0183651 0.000128338 -0.000210975 -0.0183651 0.0897276 -0.000213478 0.000567438 0.000128338 -0.000213478 0.00982801 -0.0181117 -0.000210975 0.000567438 -0.0181117 0.0892802 
0.0100091 -0.0183431 0.000125833 -0.000189801 -0.0183431 0.0897346 -0.000193099 0.000541746 0.000125833 -0.000193099 0.00985753 -0.0181372 -0.000189801 0.000541746 -0.0181372 0.0892775 
0.00995076 -0.0182757 0.000129696 -0.000207982 -0.0182757 0.0895886 -0.000213846 0.00057589 0.000129696 -0.000213846 0.0098758 -0.0181771 -0.000207982 0.00057589 -0.0181771 0.0893476 
0.00994512 -0.0182253 0.000137117 -0.000194935 -0.0182253 0.0894726 -0.000201358 0.00055811 0.000137117 -0.000201358 0.0098568 -0.0181766 -0.000194935 0.00055811 -0.0181766 0.0893522 
0.00994609 -0.0182149 0.000121731 -0.000188016 -0.0182149 0.0894007 -0.000186982 0.000512215 0.000121731 -0.000186982 0.00985567 -0.0181548 -0.000188016 0.000512215 -0.0181548 0.0893205 
0.00992536 -0.0182178 0.000107149 -0.000170165 -0.0182178 0.0893816 -0.000162222 0.000459586 0.000107149 -0.000162222 0.00988071 -0.0181379 -0.000170165 0.000459586 -0.0181379 0.0892515 
0.00994175 -0.0182023 9.71389e-05 -0.000154022 -0.0182023 0.089367 -0.000145885 0.000415828 9.71389e-05 -0.000145885 0.00989072 -0.0181634 -0.000154022 0.000415828 -0.0181634 0.0892594 
0.00995666 -0.0182105 0.000101908 -0.000163556 -0.0182105 0.089353 -0.000160421 0.000444684 0.000101908 -0.000160421 0.00988845 -0.0181944 -0.000163556 0.000444684 -0.0181944 0.0893427 
0.00995694 -0.018239 0.000116209 -0.000188338 -0.018239 0.0894134 -0.000187581 0.000521676 0.000116209 -0.000187581 0.0098882 -0.0181866 -0.000188338 0.000521676 -0.0181866 0.0893569 
0.00994872 -0.018247 0.000129406 -0.000192621 -0.018247 0.0894707 -0.000192651 0.000547545 0.000129406 -0.000192651 0.00990277 -0.0181981 -0.000192621 0.000547545 -0.0181981 0.089396 
0.00993714 -0.0182276 0.00015413 -0.000227164 -0.0182276 0.0894494 -0.000224752 0.000626083 0.00015413 -0.000224752 0.00990279 -0.0182148 -0.000227164 0.000626083 -0.0182148 0.0894325 
0.00992791 -0.0182188 0.00012885 -0.000217273 -0.0182188 0.0894298 -0.000216449 0.00060239 0.00012885 -0.000216449 0.00991113 -0.0182209 -0.000217273 0.00060239 -0.0182209 0.089472 
0.00991922 -0.0182159 0.000112062 -0.000188215 -0.0182159 0.0894307 -0.000191422 0.000555042 0.000112062 -0.000191422 0.00993024 -0.0182293 -0.000188215 0.000555042 -0.0182293 0.0894999 
0.00996205 -0.0182061 0.000119603 -0.000154305 -0.0182061 0.0894154 -0.000156468 0.000461698 0.000119603 -0.000156468 0.00989375 -0.0182475 -0.000154305 0.000461698 -0.0182475 0.0895299 
0.00999061 -0.0182563 0.000130341 -0.000186105 -0.0182563 0.0894842 -0.000182144 0.000488309 0.000130341 -0.000182144 0.00987501 -0.0182014 -0.000186105 0.000488309 -0.0182014 0.0894686 
0.00999384 -0.0182821 0.000147249 -0.000222641 -0.0182821 0.0895527 -0.000218225 0.000590708 0.000147249 -0.000218225 0.00987479 -0.0181835 -0.000222641 0.000590708 -0.0181835 0.0894073 
0.00998062 -0.0182876 0.00012853 -0.00021461 -0.0182876 0.0895871 -0.000212886 0.000591957 0.00012853 -0.000212886 0.00989991 -0.01819 -0.00021461 0.000591957 -0.01819 0.0894069 
0.00996644 -0.0182746 0.000104397 -0.000172163 -0.0182746 0.0895789 -0.000171499 0.000502432 0.000104397 -0.000171499 0.00993783 -0.018232 -0.000172163 0.000502432 -0.018232 0.0894949 
0.00996312 -0.0182647 8.16668e-05 -0.000142381 -0.0182647 0.0895641 -0.000140804 0.000413417 8.16668e-05 -0.000140804 0.0099659 -0.0182747 -0.000142381 0.000413417 -0.0182747 0.0895971 
0.009973 -0.0182539 7.53993e-05 -0.00012995 -0.0182539 0.089533 -0.000126559 0.000373051 7.53993e-05 -0.000126559 0.00996997 -0.0183143 -0.00012995 0.000373051 -0.0183143 0.0897054 
0.00998527 -0.0182815 7.35394e-05 -0.000131778 -0.0182815 0.0895867 -0.000129324 0.00037499 7.35394e-05 -0.000129324 0.00999651 -0.018319 -0.000131778 0.00037499 -0.018319 0.0897588 
0.00997124 -0.0183006 6.17408e-05 -0.000125143 -0.0183006 0.089644 -0.000126092 0.000365152 6.17408e-05 -0.000126092 0.010024 -0.01834 -0.000125143 0.000365152 -0.01834 0.0897852 
0.00995252 -0.0182615 6.53417e-05 -0.000121097 -0.0182615 0.0895768 -0.000124971 0.000367521 6.53417e-05 -0.000124971 0.010043 -0.0183891 -0.000121097 0.000367521 -0.0183891 0.0898903 
0.00999852 -0.0182521 9.44452e-05 -0.000125593 -0.0182521 0.0895457 -0.000133878 0.000379463 9.44452e-05 -0.000133878 0.00999449 -0.0183984 -0.000125593 0.000379463 -0.0183984 0.089932 
0.0100232 -0.0182827 0.000128303 -0.000168783 -0.0182827 0.0895486 -0.000178665 0.000459979 0.000128303 -0.000178665 0.00993261 -0.0183434 -0.000168783 0.000459979 -0.0183434 0.0898538 
0.0100162 -0.0183238 0.000145985 -0.000212561 -0.0183238 0.0896424 -0.000217019 0.000565082 0.000145985 -0.000217019 0.00992684 -0.0182619 -0.000212561 0.000565082 -0.0182619 0.0896775 
0.0100163 -0.0183314 0.000132218 -0.00022291 -0.0183314 0.0897096 -0.000220103 0.000602466 0.000132218 -0.000220103 0.00992776 -0.0182409 -0.00022291 0.000602466 -0.0182409 0.089554 
0.0100362 -0.0183393 0.000129978 -0.000204554 -0.0183393 0.0897465 -0.000201348 0.000584062 0.000129978 -0.000201348 0.00991645 -0.0182288 -0.000204554 0.000584062 -0.0182288 0.0894808 
0.0100482 -0.0183365 0.000140405 -0.000211361 -0.0183365 0.0897193 -0.000210618 0.000592619 0.000140405 -0.000210618 0.00990086 -0.0182315 -0.000211361 0.000592619 -0.0182315 0.0894767 
0.0100278 -0.0183537 0.000125235 -0.000200801 -0.0183537 0.0897446 -0.00019997 0.000556845 0.000125235 -0.00019997 0.00994583 -0.0182393 -0.000200801 0.000556845 -0.0182393 0.0895333 
0.0100041 -0.0183314 0.000108527 -0.000193323 -0.0183314 0.0897263 -0.000193394 0.000544198 0.000108527 -0.000193394 0.00997994 -0.0182897 -0.000193323 0.000544198 -0.0182897 0.0896246 
0.00998332 -0.0183065 0.000100371 -0.00019056 -0.0183065 0.0896803 -0.000190565 0.00055248 0.000100371 -0.000190565 0.00999029 -0.0183343 -0.00019056 0.00055248 -0.0183343 0.0897461 
0.00995667 -0.0182709 8.77462e-05 -0.000160253 -0.0182709 0.0895909 -0.000159434 0.000481476 8.77462e-05 -0.000159434 0.0099925 -0.0183516 -0.000160253 0.000481476 -0.0183516 0.0898277 
0.00997055 -0.0182725 7.81468e-05 -0.000118965 -0.0182725 0.0896007 -0.000119846 0.000363528 7.81468e-05 -0.000119846 0.00997272 -0.0183267 -0.000118965 0.000363528 -0.0183267 0.0897873 
0.00993472 -0.0182405 5.68812e-05 -0.000119599 -0.0182405 0.0894925 -0.000124996 0.000332557 5.68812e-05 -0.000124996 0.00997369 -0.0183233 -0.000119599 0.000332557 -0.0183233 0.0897782 
0.00992179 -0.0182034 5.3811e-05 -0.000105442 -0.0182034 0.089404 -0.000111664 0.000321847 5.3811e-05 -0.000111664 0.00996019 -0.0183163 -0.000105442 0.000321847 -0.0183163 0.0897535 
0.00990926 -0.0181696 7.63166e-05 -0.000144457 -0.0181696 0.0892926 -0.000148127 0.000419715 7.63166e-05 -0.000148127 0.00993812 -0.0183034 -0.000144457 0.000419715 -0.0183034 0.089725 
0.00992292 -0.0181931 7.48964e-05 -0.000146626 -0.0181931 0.0893327 -0.000142896 0.000431278 7.48964e-05 -0.000142896 0.00993631 -0.0182421 -0.000146626 0.000431278 -0.0182421 0.0895805 
0.00994181 -0.0182011 7.75797e-05 -0.00013064 -0.0182011 0.0893526 -0.000120881 0.000384124 7.75797e-05 -0.000120881 0.00992274 -0.0182453 -0.00013064 0.000384124 -0.0182453 0.0895252 
0.00998978 -0.0182714 8.03799e-05 -0.000103023 -0.0182714 0.0895348 -9.43492e-05 0.000293363 8.03799e-05 -9.43492e-05 0.00993769 -0.0182227 -0.000103023 0.000293363 -0.0182227 0.089486 
0.00999975 -0.0183081 0.000113803 -0.000150257 -0.0183081 0.0896439 -0.000148273 0.000387773 0.000113803 -0.000148273 0.00995749 -0.0182603 -0.000150257 0.000387773 -0.0182603 0.0895426 
0.00999762 -0.018325 9.98555e-05 -0.000169151 -0.018325 0.089721 -0.000171386 0.000445157 9.98555e-05 -0.000171386 0.00998625 -0.0183011 -0.000169151 0.000445157 -0.0183011 0.0896629 
0.00997596 -0.0182981 9.6815e-05 -0.000197432 -0.0182981 0.0896785 -0.000199255 0.000563425 9.6815e-05 -0.000199255 0.0100337 -0.0183615 -0.000197432 0.000563425 -0.0183615 0.0898354 
0.00994438 -0.0182607 9.54487e-05 -0.00019673 -0.0182607 0.0895791 -0.000199371 0.000605316 9.54487e-05 -0.000199371 0.0100563 -0.0184123 -0.00019673 0.000605316 -0.0184123 0.0899702 
0.00995377 -0.0182287 0.000105841 -0.000181697 -0.0182287 0.0894962 -0.000185242 0.000576799 0.000105841 -0.000185242 0.010034 -0.0184373 -0.000181697 0.000576799 -0.0184373 0.0900602 
0.010005 -0.0182555 0.000106482 -0.000162563 -0.0182555 0.0895216 -0.000167123 0.000501239 0.000106482 -0.000167123 0.00998277 -0.0184019 -0.000162563 0.000501239 -0.0184019 0.0900293 
0.0100355 -0.0183402 9.98976e-05 -0.000162447 -0.0183402 0.0896985 -0.000164973 0.000470028 9.98976e-05 -0.000164973 0.00997489 -0.0183161 -0.000162447 0.000470028 -0.0183161 0.0898427 
0.0100591 -0.0183815 9.14676e-05 -0.000148583 -0.0183815 0.0898501 -0.0001456 0.000424085 9.14676e-05 -0.0001456 0.00999186 -0.0183114 -0.000148583 0.000424085 -0.0183114 0.0897557 
0.0100661 -0.0183816 9.25227e-05 -0.000137093 -0.0183816 0.0898663 -0.000135505 0.000384267 9.25227e-05 -0.000135505 0.010006 -0.0183564 -0.000137093 0.000384267 -0.0183564 0.0898283 
0.0101023 -0.0184021 9.96104e-05 -0.000130317 -0.0184021 0.0899169 -0.000130166 0.000353744 9.96104e-05 -0.000130166 0.0100271 -0.0183888 -0.000130317 0.000353744 -0.0183888 0.0899427 
0.0101335 -0.0184539 0.000106614 -0.000155968 -0.0184539 0.0900251 -0.000152975 0.000397521 0.000106614 -0.000152975 0.0100379 -0.018411 -0.000155968 0.000397521 -0.018411 0.0900144 
0.0101953 -0.0185015 0.000127156 -0.000181036 -0.0185015 0.0901579 -0.000179309 0.000478513 0.000127156 -0.000179309 0.0100078 -0.018416 -0.000181036 0.000478513 -0.018416 0.090038 
0.0102308 -0.0185674 0.000155489 -0.000222586 -0.0185674 0.090299 -0.00022461 0.000596767 0.000155489 -0.00022461 0.00999054 -0.0183882 -0.000222586 0.000596767 -0.0183882 0.0900124 
0.0102251 -0.0186062 0.000145815 -0.00025539 -0.0186062 0.0904165 -0.00025456 0.00068966 0.000145815 -0.00025456 0.0100185 -0.0183742 -0.00025539 0.00068966 -0.0183742 0.0899798 
0.010182 -0.0185781 0.000132588 -0.000265224 -0.0185781 0.0903883 -0.000262895 0.000760243 0.000132588 -0.000262895 0.0100225 -0.018405 -0.000265224 0.000760243 -0.018405 0.0899986 
0.0101835 -0.018548 0.000120288 -0.000221543 -0.018548 0.0903523 -0.000222568 0.00068826 0.000120288 -0.000222568 0.00999907 -0.0184087 -0.000221543 0.00068826 -0.0184087 0.0900274 
0.0101887 -0.01857 0.000125067 -0.000194861 -0.01857 0.090397 -0.00019984 0.000607863 0.000125067 -0.00019984 0.0100192 -0.0183801 -0.000194861 0.000607863 -0.0183801 0.0900002 
0.0101648 -0.0185687 0.000112538 -0.000179777 -0.0185687 0.0904069 -0.000185879 0.000530128 0.000112538 -0.000185879 0.0100747 -0.0184143 -0.000179777 0.000530128 -0.0184143 0.0900465 
0.0101332 -0.0185374 0.000105402 -0.000186586 -0.0185374 0.090356 -0.000188121 0.000530786 0.000105402 -0.000188121 0.010122 -0.0184744 -0.000186586 0.000530786 -0.0184744 0.090152 
0.0100955 -0.0184704 8.73066e-05 -0.00019366 -0.0184704 0.0901866 -0.000191843 0.00055048 8.73066e-05 -0.000191843 0.010113 -0.0185321 -0.00019366 0.00055048 -0.0185321 0.0902825 
0.0100813 -0.0184282 8.23962e-05 -0.000180823 -0.0184282 0.0900579 -0.000178725 0.000552192 8.23962e-05 -0.000178725 0.0101144 -0.0185321 -0.000180823 0.000552192 -0.0185321 0.0903586 
0.010079 -0.0183996 7.11111e-05 -0.000153558 -0.0183996 0.0899464 -0.000151278 0.000481935 7.11111e-05 -0.000151278 0.0101201 -0.0185408 -0.000153558 0.000481935 -0.0185408 0.0904001 
0.0100959 -0.0184192 5.45758e-05 -0.000106086 -0.0184192 0.0899628 -0.000106735 0.000347475 5.45758e-05 -0.000106735 0.0101354 -0.0185405 -0.000106086 0.000347475 -0.0185405 0.0904091 
0.0101619 -0.0184252 9.98215e-05 -0.000116199 -0.0184252 0.0899636 -0.000120215 0.000345948 9.98215e-05 -0.000120215 0.0100742 -0.0185544 -0.000116199 0.000345948 -0.0185544 0.0904192 
0.0102222 -0.0185188 0.000120748 -0.000160058 -0.0185188 0.090126 -0.000160862 0.000401465 0.000120748 -0.000160862 0.0100135 -0.0184735 -0.000160058 0.000401465 -0.0184735 0.0902946 
0.0102407 -0.0185701 0.000134396 -0.000222019 -0.0185701 0.0902604 -0.000219248 0.00056183 0.000134396 -0.000219248 0.00997103 -0.0184058 -0.000222019 0.00056183 -0.0184058 0.0901248 
0.0102275 -0.0185974 0.000142031 -0.000232801 -0.0185974 0.0903598 -0.000228002 0.000632229 0.000142031 -0.000228002 0.00993074 -0.0183412 -0.000232801 0.000632229 -0.0183412 0.0899372 
0.0102092 -0.0185843 0.000152064 -0.00023937 -0.0185843 0.0903822 -0.000232995 0.000658339 0.000152064 -0.000232995 0.00991834 -0.0182882 -0.00023937 0.000658339 -0.0182882 0.0897785 
0.010167 -0.0185205 0.000163246 -0.000273642 -0.0185205 0.0902335 -0.000267567 0.000741656 0.000163246 -0.000267567 0.00992108 -0.0182994 -0.000273642 0.000741656 -0.0182994 0.0897634 
0.0101639 -0.0185095 0.000161324 -0.000246127 -0.0185095 0.0901988 -0.000244889 0.000698995 0.000161324 -0.000244889 0.00992003 -0.0182789 -0.000246127 0.000698995 -0.0182789 0.089715 
0.0102007 -0.0185249 0.000165022 -0.000200499 -0.0185249 0.0902317 -0.000207437 0.00056968 0.000165022 -0.000207437 0.00990454 -0.0182684 -0.000200499 0.00056968 -0.0182684 0.0896747 
0.0101908 -0.0185694 0.000156367 -0.00021649 -0.0185694 0.090315 -0.000228126 0.000562157 0.000156367 -0.000228126 0.00991488 -0.0182453 -0.00021649 0.000562157 -0.0182453 0.089615 
0.0101819 -0.018542 0.000180454 -0.000248706 -0.018542 0.0902975 -0.00025974 0.000663541 0.000180454 -0.00025974 0.00990089 -0.0182601 -0.000248706 0.000663541 -0.0182601 0.0896108 
0.0101322 -0.0184967 0.000181374 -0.000279778 -0.0184967 0.090162 -0.000288463 0.000749313 0.000181374 -0.000288463 0.00992778 -0.0182633 -0.000279778 0.000749313 -0.0182633 0.0896466 
0.0101305 -0.0184567 0.000184512 -0.000269527 -0.0184567 0.0900737 -0.000272347 0.000753584 0.000184512 -0.000272347 0.00995639 -0.0182914 -0.000269527 0.000753584 -0.0182914 0.0897011 
0.0100953 -0.0184538 0.000145556 -0.000256101 -0.0184538 0.0900219 -0.000256512 0.00070268 0.000145556 -0.000256512 0.00999233 -0.0183159 -0.000256101 0.00070268 -0.0183159 0.0897466 
0.0100374 -0.0184134 0.000113259 -0.000213374 -0.0184134 0.0899446 -0.000214005 0.00062248 0.000113259 -0.000214005 0.0100249 -0.0183487 -0.000213374 0.00062248 -0.0183487 0.0898014 
0.0100693 -0.0183517 0.000131133 -0.000175311 -0.0183517 0.0898286 -0.000175788 0.000526531 0.000131133 -0.000175788 0.00998952 -0.0183917 -0.000175311 0.000526531 -0.0183917 0.089902 
0.0100963 -0.0183653 0.000161397 -0.000225242 -0.0183653 0.0897677 -0.000225967 0.000595771 0.000161397 -0.000225967 0.00995488 -0.0183671 -0.000225242 0.000595771 -0.0183671 0.0899301 
0.0101352 -0.0184248 0.000171659 -0.00024168 -0.0184248 0.0898848 -0.000242028 0.000641664 0.000171659 -0.000242028 0.00991295 -0.0183105 -0.00024168 0.000641664 -0.0183105 0.089825 
0.0101184 -0.0184531 0.000174986 -0.000274262 -0.0184531 0.0899639 -0.00027241 0.000729369 0.000174986 -0.00027241 0.00992199 -0.0182753 -0.000274262 0.000729369 -0.0182753 0.0897404 
0.0101256 -0.0184649 0.000163199 -0.000233963 -0.0184649 0.0900519 -0.0002311 0.00065215 0.000163199 -0.0002311 0.0099239 -0.0182652 -0.000233963 0.00065215 -0.0182652 0.0896715 
0.0101109 -0.0184631 0.000135202 -0.000212937 -0.0184631 0.0900655 -0.000207664 0.000568315 0.000135202 -0.000207664 0.00994565 -0.0182849 -0.000212937 0.000568315 -0.0182849 0.0897049 
0.0100726 -0.0184394 0.000107607 -0.000197773 -0.0184394 0.0900243 -0.000190996 0.000534032 0.000107607 -0.000190996 0.00997172 -0.0183123 -0.000197773 0.000534032 -0.0183123 0.0897647 
