0.00665398 0 -0.000377886 0 0 0.01 0 0 -0.000377886 0 0.00790583 0 0 0 0 0.01 
0.00953868 -0.0118603 -0.000455766 0.000555575 -0.0118603 0.0319155 0.000555575 -0.00106515 -0.000455766 0.000555575 0.0110014 -0.0136483 0.000555575 -0.00106515 -0.0136483 0.0353439 
0.00975305 -0.018388 -0.000396982 0.000644324 -0.018388 0.0680247 0.000644324 -0.00201128 -0.000396982 0.000644324 0.0109598 -0.020292 0.000644324 -0.00201128 -0.020292 0.0739942 
0.00925713 -0.018445 -0.000379285 0.000466713 -0.018445 0.0832792 0.000464682 -0.00151076 -0.000379285 0.000464682 0.0103514 -0.0196952 0.000466713 -0.00151076 -0.0196952 0.0872593 
0.00915394 -0.0177866 -0.000412038 0.000392355 -0.0177866 0.0870693 0.000386318 -0.000966109 -0.000412038 0.000386318 0.0103817 -0.0189673 0.000392355 -0.000966109 -0.0189673 0.0897831 
0.00918368 -0.0175484 -0.000460528 0.000418831 -0.0175484 0.0878064 0.000412387 -0.000857883 -0.000460528 0.000412387 0.0106227 -0.0189501 0.000418831 -0.000857883 -0.0189501 0.0906528 
0.00924153 -0.0174676 -0.000478571 0.000502327 -0.0174676 0.0878359 0.000502452 -0.00104365 -0.000478571 0.000502452 0.0107359 -0.0191577 0.000502327 -0.00104365 -0.0191577 0.0914143 
0.00926025 -0.017455 -0.000459778 0.000514428 -0.017455 0.0877287 0.000521341 -0.00115114 -0.000459778 0.000521341 0.0108023 -0.0192514 0.000514428 -0.00115114 -0.0192514 0.0918926 
0.00932066 -0.0174804 -0.000444569 0.000518501 -0.0174804 0.087714 0.000523807 -0.00121487 -0.000444569 0.000523807 0.010793 -0.01927 0.000518501 -0.00121487 -0.01927 0.092014 
0.00937968 -0.0175598 -0.000472065 0.000516308 -0.0175598 0.0878268 0.000517882 -0.00124336 -0.000472065 0.000517882 0.0107769 -0.0192498 0.000516308 -0.00124336 -0.0192498 0.0920004 
0.00940812 -0.0176182 -0.000481221 0.00052732 -0.0176182 0.0879508 0.000530894 -0.0012404 -0.000481221 0.000530894 0.0107727 -0.019255 0.00052732 -0.0012404 -0.019255 0.0920222 
0.00943339 -0.0176762 -0.000487642 0.000538937 -0.0176762 0.0881274 0.000542381 -0.00126156 -0.000487642 0.000542381 0.0107773 -0.0192519 0.000538937 -0.00126156 -0.0192519 0.09203 
0.00943744 -0.0176942 -0.000503928 0.000525427 -0.0176942 0.0882175 0.000524595 -0.00122516 -0.000503928 0.000524595 0.0107683 -0.0192717 0.000525427 -0.00122516 -0.0192717 0.0920712 
0.00948569 -0.0176822 -0.00047311 0.000545803 -0.0176822 0.0882108 0.000539182 -0.00123362 -0.00047311 0.000539182 0.0107054 -0.0192807 0.000545803 -0.00123362 -0.0192807 0.0921322 
0.00951815 -0.0177454 -0.000455502 0.000519672 -0.0177454 0.0883124 0.000512244 -0.0012154 -0.000455502 0.000512244 0.0106575 -0.019203 0.000519672 -0.0012154 -0.019203 0.0920328 
0.00952231 -0.0178125 -0.000453653 0.000502226 -0.0178125 0.0885005 0.00049763 -0.00117488 -0.000453653 0.00049763 0.0106536 -0.0191241 0.000502226 -0.00117488 -0.0191241 0.0918369 
0.00952605 -0.0178188 -0.000423511 0.000497267 -0.0178188 0.0885971 0.000495804 -0.00115683 -0.000423511 0.000495804 0.0106803 -0.0191329 0.000497267 -0.00115683 -0.0191329 0.0917898 
0.00955867 -0.0178216 -0.000389421 0.000453906 -0.0178216 0.088628 0.000451453 -0.00108098 -0.000389421 0.000451453 0.0106734 -0.0191662 0.000453906 -0.00108098 -0.0191662 0.09183 
0.00956072 -0.017844 -0.000369652 0.000407767 -0.017844 0.0886437 0.000404007 -0.000966454 -0.000369652 0.000404007 0.010624 -0.0191484 0.000407767 -0.000966454 -0.0191484 0.0918062 
0.00958539 -0.0178575 -0.000349262 0.000393545 -0.0178575 0.0886965 0.000393548 -0.000909214 -0.000349262 0.000393548 0.010574 -0.0190905 0.000393545 -0.000909214 -0.0190905 0.0917114 
0.00956342 -0.0178896 -0.000358272 0.000364189 -0.0178896 0.0887664 0.000368184 -0.000848183 -0.000358272 0.000368184 0.0105772 -0.0190124 0.000364189 -0.000848183 -0.0190124 0.0915169 
0.00956128 -0.0178726 -0.000370707 0.000393152 -0.0178726 0.0887801 0.000395914 -0.000884505 -0.000370707 0.000395914 0.0105808 -0.0190052 0.000393152 -0.000884505 -0.0190052 0.0914128 
0.00957433 -0.0178456 -0.000380646 0.000428631 -0.0178456 0.0886985 0.000427974 -0.000983927 -0.000380646 0.000427974 0.0105531 -0.0190269 0.000428631 -0.000983927 -0.0190269 0.0914413 
0.00957663 -0.0178594 -0.000382056 0.000417995 -0.0178594 0.0886901 0.000415704 -0.000980602 -0.000382056 0.000415704 0.0105559 -0.0190064 0.000417995 -0.000980602 -0.0190064 0.0914462 
0.00954209 -0.0178718 -0.000408543 0.000425949 -0.0178718 0.0887253 0.000420465 -0.000986239 -0.000408543 0.000420465 0.0106096 -0.0190064 0.000425949 -0.000986239 -0.0190064 0.0914399 
0.00948871 -0.0178292 -0.000417517 0.00043158 -0.0178292 0.0886779 0.000424493 -0.000963921 -0.000417517 0.000424493 0.0106774 -0.0190873 0.00043158 -0.000963921 -0.0190873 0.0915853 
0.00948638 -0.0177778 -0.000411353 0.000463803 -0.0177778 0.0885864 0.000455317 -0.00102886 -0.000411353 0.000455317 0.0107178 -0.0191697 0.000463803 -0.00102886 -0.0191697 0.0917912 
0.00949865 -0.0177433 -0.000389141 0.000440839 -0.0177433 0.0884488 0.000432626 -0.00101322 -0.000389141 0.000432626 0.0107096 -0.0192261 0.000440839 -0.00101322 -0.0192261 0.0919621 
0.00949409 -0.0177824 -0.000393626 0.000430559 -0.0177824 0.0884849 0.000425932 -0.00100759 -0.000393626 0.000425932 0.0106856 -0.019186 0.000430559 -0.00100759 -0.019186 0.0919229 
0.00948632 -0.017785 -0.00039817 0.000421136 -0.017785 0.0885271 0.000420097 -0.000974352 -0.00039817 0.000420097 0.0106821 -0.0191469 0.000421136 -0.000974352 -0.0191469 0.0918198 
0.0094677 -0.017749 -0.000394441 0.000403016 -0.017749 0.0884482 0.000404939 -0.000918629 -0.000394441 0.000404939 0.010653 -0.0191425 0.000403016 -0.000918629 -0.0191425 0.0917573 
0.00948566 -0.0177243 -0.00036159 0.000401857 -0.0177243 0.0883708 0.000406846 -0.000899618 -0.00036159 0.000406846 0.0105695 -0.0191005 0.000401857 -0.000899618 -0.0191005 0.0916645 
0.00951781 -0.0177548 -0.000335799 0.000384554 -0.0177548 0.0883979 0.00039607 -0.000893955 -0.000335799 0.00039607 0.0104927 -0.0189933 0.000384554 -0.000893955 -0.0189933 0.0914609 
0.00951529 -0.0177623 -0.000312774 0.000331876 -0.0177623 0.0883937 0.000352102 -0.000794522 -0.000312774 0.000352102 0.0104714 -0.0189258 0.000331876 -0.000794522 -0.0189258 0.091297 
0.00952119 -0.0177409 -0.000287248 0.000310784 -0.0177409 0.0883426 0.000335652 -0.000735349 -0.000287248 0.000335652 0.0104722 -0.0189263 0.000310784 -0.000735349 -0.0189263 0.0912736 
0.0095148 -0.0177619 -0.000283921 0.000300549 -0.0177619 0.0883578 0.00031686 -0.000711467 -0.000283921 0.00031686 0.0104804 -0.0188987 0.000300549 -0.000711467 -0.0188987 0.0911936 
0.00952499 -0.0177556 -0.000282768 0.000304634 -0.0177556 0.0883577 0.000305237 -0.00069633 -0.000282768 0.000305237 0.0104698 -0.0189061 0.000304634 -0.00069633 -0.0189061 0.0911736 
0.00953944 -0.017791 -0.00028852 0.000329122 -0.017791 0.0884324 0.000318983 -0.000745151 -0.00028852 0.000318983 0.0104289 -0.0188665 0.000329122 -0.000745151 -0.0188665 0.0910795 
0.00955461 -0.0178268 -0.000315199 0.000362464 -0.0178268 0.0885464 0.000350896 -0.000844782 -0.000315199 0.000350896 0.0104054 -0.0188053 0.000362464 -0.000844782 -0.0188053 0.0909349 
0.00953921 -0.0178215 -0.00032604 0.000343758 -0.0178215 0.0885549 0.000336067 -0.000804841 -0.00032604 0.000336067 0.0103832 -0.0187794 0.000343758 -0.000804841 -0.0187794 0.0908243 
0.00955229 -0.017808 -0.000356093 0.000382433 -0.017808 0.0885436 0.000376883 -0.000877651 -0.000356093 0.000376883 0.0103731 -0.0187628 0.000382433 -0.000877651 -0.0187628 0.0907853 
0.00952526 -0.0177651 -0.000345457 0.000387231 -0.0177651 0.0883969 0.000385624 -0.000890291 -0.000345457 0.000385624 0.0103942 -0.0187918 0.000387231 -0.000890291 -0.0187918 0.0908592 
0.00953141 -0.0177338 -0.000309734 0.000379269 -0.0177338 0.0882928 0.000380309 -0.000892053 -0.000309734 0.000380309 0.0104199 -0.0188303 0.000379269 -0.000892053 -0.0188303 0.0909757 
0.0095331 -0.0177706 -0.000298845 0.000357259 -0.0177706 0.0883416 0.000354165 -0.000872378 -0.000298845 0.000354165 0.0104691 -0.0188483 0.000357259 -0.000872378 -0.0188483 0.0910399 
0.00950052 -0.0177741 -0.000294969 0.000325923 -0.0177741 0.0883766 0.000318384 -0.000784783 -0.000294969 0.000318384 0.0104865 -0.0188988 0.000325923 -0.000784783 -0.0188988 0.0911202 
0.00948718 -0.0177575 -0.000297716 0.000335205 -0.0177575 0.0883932 0.000327893 -0.000777673 -0.000297716 0.000327893 0.0104785 -0.0189084 0.000335205 -0.000777673 -0.0189084 0.0911662 
0.00949015 -0.0177236 -0.000294621 0.000320597 -0.0177236 0.0883208 0.000316574 -0.000745133 -0.000294621 0.000316574 0.0104462 -0.0189045 0.000320597 -0.000745133 -0.0189045 0.0911789 
0.00946866 -0.0177121 -0.000301186 0.000303012 -0.0177121 0.0882531 0.000304536 -0.000699396 -0.000301186 0.000304536 0.0104273 -0.0188605 0.000303012 -0.000699396 -0.0188605 0.0911003 
0.00945888 -0.0176858 -0.000325225 0.000343982 -0.0176858 0.0881868 0.00034922 -0.000785691 -0.000325225 0.00034922 0.0104227 -0.0188301 0.000343982 -0.000785691 -0.0188301 0.0910082 
0.0094663 -0.0176615 -0.000307603 0.000355621 -0.0176615 0.0881036 0.000359533 -0.000825519 -0.000307603 0.000359533 0.0104103 -0.0188272 0.000355621 -0.000825519 -0.0188272 0.0909674 
0.00946671 -0.0176609 -0.000279203 0.000314008 -0.0176609 0.0880576 0.000310843 -0.000741453 -0.000279203 0.000310843 0.0104076 -0.0188193 0.000314008 -0.000741453 -0.0188193 0.09095 
0.00950116 -0.0176866 -0.000275752 0.000320547 -0.0176866 0.0881187 0.000312688 -0.000749054 -0.000275752 0.000312688 0.0103947 -0.0188091 0.000320547 -0.000749054 -0.0188091 0.0909259 
0.00953886 -0.017724 -0.000266344 0.0002822 -0.017724 0.0882006 0.000275318 -0.000657626 -0.000266344 0.000275318 0.0103836 -0.018805 0.0002822 -0.000657626 -0.018805 0.0909227 
0.00953328 -0.0177754 -0.000309222 0.000312683 -0.0177754 0.088313 0.000311372 -0.000717264 -0.000309222 0.000311372 0.0103811 -0.0187732 0.000312683 -0.000717264 -0.0187732 0.0908472 
0.00953115 -0.0178198 -0.000342398 0.00038004 -0.0178198 0.0884957 0.000381636 -0.000869916 -0.000342398 0.000381636 0.0103939 -0.0187355 0.00038004 -0.000869916 -0.0187355 0.0907209 
0.00945437 -0.0177897 -0.00037323 0.000407311 -0.0177897 0.0884839 0.000408027 -0.000965006 -0.00037323 0.000408027 0.0104919 -0.0187836 0.000407311 -0.000965006 -0.0187836 0.0907891 
0.00938983 -0.0176687 -0.000376218 0.000396177 -0.0176687 0.0882545 0.000393835 -0.000923417 -0.000376218 0.000393835 0.010586 -0.0189398 0.000396177 -0.000923417 -0.0189398 0.0911106 
0.00935724 -0.0176201 -0.000399704 0.000428234 -0.0176201 0.0881035 0.000428967 -0.000990805 -0.000399704 0.000428967 0.0106359 -0.019028 0.000428234 -0.000990805 -0.019028 0.0913607 
0.00933168 -0.0175589 -0.000410838 0.000438918 -0.0175589 0.0879254 0.000442202 -0.00102096 -0.000410838 0.000442202 0.010644 -0.0191005 0.000438918 -0.00102096 -0.0191005 0.0915801 
0.00933311 -0.0175343 -0.000423723 0.000457831 -0.0175343 0.087829 0.00046546 -0.00107307 -0.000423723 0.00046546 0.0106334 -0.0191083 0.000457831 -0.00107307 -0.0191083 0.0916743 
0.00936864 -0.0175268 -0.00040542 0.00047765 -0.0175268 0.0877765 0.000490781 -0.00113766 -0.00040542 0.000490781 0.0106102 -0.0191086 0.00047765 -0.00113766 -0.0191086 0.0917182 
0.00941346 -0.0175799 -0.000380326 0.00045554 -0.0175799 0.0878515 0.000467937 -0.00113027 -0.000380326 0.000467937 0.0105618 -0.0190638 0.00045554 -0.00113027 -0.0190638 0.0916351 
0.00945425 -0.0176351 -0.000346384 0.000421246 -0.0176351 0.0879894 0.000426448 -0.00105132 -0.000346384 0.000426448 0.0105638 -0.0190365 0.000421246 -0.00105132 -0.0190365 0.0916011 
0.00945902 -0.0177056 -0.000328692 0.000372059 -0.0177056 0.0881805 0.000369666 -0.000920618 -0.000328692 0.000369666 0.0105848 -0.0190137 0.000372059 -0.000920618 -0.0190137 0.0915104 
0.00943871 -0.017714 -0.000335819 0.000389194 -0.017714 0.0882645 0.000381334 -0.000925763 -0.000335819 0.000381334 0.0105852 -0.0190196 0.000389194 -0.000925763 -0.0190196 0.0914605 
0.00939248 -0.0176894 -0.00034007 0.000388844 -0.0176894 0.0882547 0.00038054 -0.000924369 -0.00034007 0.00038054 0.0106168 -0.0190266 0.000388844 -0.000924369 -0.0190266 0.0914693 
0.00937999 -0.0176371 -0.000337829 0.000371707 -0.0176371 0.0881726 0.000367529 -0.000878959 -0.000337829 0.000367529 0.0106413 -0.0190725 0.000371707 -0.000878959 -0.0190725 0.091554 
0.00941204 -0.0176488 -0.000342575 0.000393567 -0.0176488 0.0881811 0.000397493 -0.000929893 -0.000342575 0.000397493 0.0106486 -0.0190787 0.000393567 -0.000929893 -0.0190787 0.0915767 
0.00943934 -0.0176642 -0.000344499 0.000393988 -0.0176642 0.0881769 0.000402347 -0.000952698 -0.000344499 0.000402347 0.0106294 -0.019096 0.000393988 -0.000952698 -0.019096 0.0916126 
0.009448 -0.0176916 -0.000345401 0.000389855 -0.0176916 0.0882133 0.00039821 -0.000946006 -0.000345401 0.00039821 0.0105961 -0.0190734 0.000389855 -0.000946006 -0.0190734 0.0915896 
0.00943674 -0.0177072 -0.000339116 0.000356618 -0.0177072 0.0882719 0.000364637 -0.000852565 -0.000339116 0.000364637 0.0106119 -0.0190356 0.000356618 -0.000852565 -0.0190356 0.0915171 
0.00942365 -0.0176859 -0.000340832 0.000358605 -0.0176859 0.0882488 0.000366946 -0.00082901 -0.000340832 0.000366946 0.0106336 -0.0190617 0.000358605 -0.00082901 -0.0190617 0.0915339 
0.00941507 -0.0176884 -0.000359141 0.000417155 -0.0176884 0.0882533 0.000423505 -0.000971866 -0.000359141 0.000423505 0.0106484 -0.0190689 0.000417155 -0.000971866 -0.0190689 0.0915435 
0.00938452 -0.0176648 -0.000349114 0.000400376 -0.0176648 0.0882063 0.000403667 -0.000963065 -0.000349114 0.000403667 0.0106827 -0.0191041 0.000400376 -0.000963065 -0.0191041 0.0916202 
0.00939617 -0.0176568 -0.000353802 0.000409114 -0.0176568 0.088212 0.000409033 -0.000985503 -0.000353802 0.000409033 0.0106811 -0.0191276 0.000409114 -0.000985503 -0.0191276 0.0916697 
0.00941976 -0.0176715 -0.000344721 0.000423724 -0.0176715 0.0882328 0.000416475 -0.00101583 -0.000344721 0.000416475 0.0106338 -0.0191162 0.000423724 -0.00101583 -0.0191162 0.0916598 
0.00945002 -0.0176793 -0.000331563 0.000399749 -0.0176793 0.0882363 0.000387883 -0.000973383 -0.000331563 0.000387883 0.0105727 -0.0190755 0.000399749 -0.000973383 -0.0190755 0.0916074 
0.00950567 -0.0177211 -0.000333246 0.000388691 -0.0177211 0.0883116 0.000379029 -0.000945936 -0.000333246 0.000379029 0.0104937 -0.0189892 0.000388691 -0.000945936 -0.0189892 0.0914306 
0.00949981 -0.0177971 -0.000344068 0.000382201 -0.0177971 0.0884713 0.000380024 -0.000925504 -0.000344068 0.000380024 0.0104684 -0.0188742 0.000382201 -0.000925504 -0.0188742 0.0911488 
0.00948657 -0.0177936 -0.000335102 0.000387373 -0.0177936 0.0885447 0.000394498 -0.000933715 -0.000335102 0.000394498 0.010465 -0.0188356 0.000387373 -0.000933715 -0.0188356 0.0909588 
0.00944717 -0.017745 -0.00033724 0.000403596 -0.017745 0.0884434 0.000413586 -0.000997103 -0.00033724 0.000413586 0.0104999 -0.0188605 0.000403596 -0.000997103 -0.0188605 0.0909776 
0.00941658 -0.0177134 -0.000356239 0.000443058 -0.0177134 0.0883619 0.000449188 -0.00111345 -0.000356239 0.000449188 0.0105281 -0.0188824 0.000443058 -0.00111345 -0.0188824 0.0910083 
0.00942557 -0.0176616 -0.000341976 0.000439821 -0.0176616 0.0882324 0.000441053 -0.00111939 -0.000341976 0.000441053 0.0105408 -0.018943 0.000439821 -0.00111939 -0.018943 0.0911553 
0.00940149 -0.0176376 -0.000309795 0.000387428 -0.0176376 0.0880924 0.000385262 -0.000992931 -0.000309795 0.000385262 0.0105731 -0.0189829 0.000387428 -0.000992931 -0.0189829 0.0913058 
0.00937096 -0.0176227 -0.000292422 0.000352736 -0.0176227 0.088043 0.000348128 -0.000886399 -0.000292422 0.000348128 0.0106066 -0.0190127 0.000352736 -0.000886399 -0.0190127 0.0913929 
0.00938396 -0.0176076 -0.000289698 0.000333513 -0.0176076 0.0880337 0.000327213 -0.000814935 -0.000289698 0.000327213 0.0106332 -0.0190501 0.000333513 -0.000814935 -0.0190501 0.0914852 
0.00940011 -0.0176357 -0.000282452 0.000332036 -0.0176357 0.0880799 0.000329097 -0.000790703 -0.000282452 0.000329097 0.0106515 -0.0190713 0.000332036 -0.000790703 -0.0190713 0.0915401 
0.00939241 -0.0176577 -0.000281322 0.000310091 -0.0176577 0.0881456 0.000308701 -0.000739427 -0.000281322 0.000308701 0.0106931 -0.0191057 0.000310091 -0.000739427 -0.0191057 0.0916286 
0.00937537 -0.0176546 -0.000305566 0.000329334 -0.0176546 0.0881751 0.000330404 -0.000770048 -0.000305566 0.000330404 0.0107177 -0.0191614 0.000329334 -0.000770048 -0.0191614 0.0917603 
0.00937037 -0.0176314 -0.000297679 0.000351164 -0.0176314 0.0881408 0.000357529 -0.000817768 -0.000297679 0.000357529 0.0106997 -0.0191881 0.000351164 -0.000817768 -0.0191881 0.091855 
0.0094017 -0.0176315 -0.000297325 0.000365522 -0.0176315 0.0881288 0.000375992 -0.0008948 -0.000297325 0.000375992 0.0106345 -0.0191514 0.000365522 -0.0008948 -0.0191514 0.0918176 
0.00942667 -0.0176457 -0.000285422 0.000335108 -0.0176457 0.088125 0.000347071 -0.000846607 -0.000285422 0.000347071 0.010598 -0.0190989 0.000335108 -0.000846607 -0.0190989 0.0917437 
0.00940775 -0.0176719 -0.000299102 0.000341426 -0.0176719 0.0881595 0.000352609 -0.000850945 -0.000299102 0.000352609 0.010618 -0.0190476 0.000341426 -0.000850945 -0.0190476 0.09162 
0.00940871 -0.0176594 -0.000314053 0.000365201 -0.0176594 0.088168 0.000373854 -0.000898778 -0.000314053 0.000373854 0.010622 -0.0190575 0.000365201 -0.000898778 -0.0190575 0.0915641 
0.00938318 -0.0176633 -0.000333991 0.000398135 -0.0176633 0.0881663 0.000402587 -0.000982145 -0.000333991 0.000402587 0.0106268 -0.0190441 0.000398135 -0.000982145 -0.0190441 0.0915077 
0.00936444 -0.0176296 -0.000324262 0.000405045 -0.0176296 0.088119 0.000405895 -0.00100275 -0.000324262 0.000405895 0.010646 -0.0190588 0.000405045 -0.00100275 -0.0190588 0.0915169 
0.00937545 -0.0176174 -0.000306159 0.000390702 -0.0176174 0.088088 0.000387015 -0.000980495 -0.000306159 0.000387015 0.0106162 -0.0190617 0.000390702 -0.000980495 -0.0190617 0.0914955 
0.00943692 -0.0176274 -0.000270723 0.000367455 -0.0176274 0.0880919 0.000362071 -0.000926485 -0.000270723 0.000362071 0.0105587 -0.0190398 0.000367455 -0.000926485 -0.0190398 0.0914772 
0.00945915 -0.0176999 -0.000267208 0.00033683 -0.0176999 0.0882084 0.000332976 -0.000875483 -0.000267208 0.000332976 0.0105578 -0.0189717 0.00033683 -0.000875483 -0.0189717 0.0913603 
0.00947667 -0.0177316 -0.000257176 0.000348177 -0.0177316 0.0883149 0.000345588 -0.000885488 -0.000257176 0.000345588 0.0105305 -0.0189515 0.000348177 -0.000885488 -0.0189515 0.0912452 
0.00948184 -0.0177573 -0.000238911 0.000326023 -0.0177573 0.0883976 0.000321219 -0.000845838 -0.000238911 0.000321219 0.0105159 -0.0189222 0.000326023 -0.000845838 -0.0189222 0.0911709 
0.00950069 -0.0177617 -0.000215342 0.000282315 -0.0177617 0.088439 0.000278047 -0.000737727 -0.000215342 0.000278047 0.0105118 -0.0189145 0.000282315 -0.000737727 -0.0189145 0.0911423 
0.0095263 -0.0177732 -0.000196738 0.000251342 -0.0177732 0.0884541 0.000247349 -0.00064174 -0.000196738 0.000247349 0.0105156 -0.0189239 0.000251342 -0.00064174 -0.0189239 0.0911658 
0.00950309 -0.0177921 -0.000206869 0.000239968 -0.0177921 0.088472 0.000237032 -0.000598445 -0.000206869 0.000237032 0.0105576 -0.0189449 0.000239968 -0.000598445 -0.0189449 0.0912327 
0.00946815 -0.0177645 -0.000233405 0.000278294 -0.0177645 0.088438 0.000280227 -0.000677446 -0.000233405 0.000280227 0.0105643 -0.0189903 0.000278294 -0.000677446 -0.0189903 0.0913254 
0.00943268 -0.0177345 -0.000252064 0.000304718 -0.0177345 0.0883909 0.000312651 -0.000758558 -0.000252064 0.000312651 0.0105816 -0.019004 0.000304718 -0.000758558 -0.019004 0.0914059 
0.0094233 -0.0176958 -0.000248114 0.000318129 -0.0176958 0.0883161 0.00033056 -0.000809466 -0.000248114 0.00033056 0.0105819 -0.0190158 0.000318129 -0.000809466 -0.0190158 0.0914389 
0.00947276 -0.0176802 -0.000222281 0.000305704 -0.0176802 0.0882554 0.000317997 -0.000803351 -0.000222281 0.000317997 0.0105541 -0.0190192 0.000305704 -0.000803351 -0.0190192 0.0914608 
0.00953814 -0.0177429 -0.000205545 0.000273159 -0.0177429 0.088331 0.00028254 -0.000741892 -0.000205545 0.00028254 0.0105107 -0.0189751 0.000273159 -0.000741892 -0.0189751 0.0913797 
0.00957956 -0.0178189 -0.000188867 0.000263924 -0.0178189 0.0884839 0.000269169 -0.000702719 -0.000188867 0.000269169 0.0104707 -0.0189221 0.000263924 -0.000702719 -0.0189221 0.0912558 
0.00961179 -0.0178676 -0.000182638 0.000235374 -0.0178676 0.0886253 0.000236311 -0.000629939 -0.000182638 0.000236311 0.0104506 -0.01888 0.000235374 -0.000629939 -0.01888 0.0911459 
0.00957411 -0.0179146 -0.000207549 0.000256113 -0.0179146 0.0887518 0.000258158 -0.000658079 -0.000207549 0.000258158 0.0104746 -0.0188224 0.000256113 -0.000658079 -0.0188224 0.0909663 
0.00950451 -0.0178656 -0.000233369 0.000279317 -0.0178656 0.0887176 0.000283174 -0.000705195 -0.000233369 0.000283174 0.0105123 -0.0188435 0.000279317 -0.000705195 -0.0188435 0.0909139 
0.00949248 -0.0177824 -0.0002494 0.000339884 -0.0177824 0.0885555 0.000340843 -0.000846733 -0.0002494 0.000340843 0.0104764 -0.0188785 0.000339884 -0.000846733 -0.0188785 0.0909514 
0.00947043 -0.0177432 -0.000228311 0.000320141 -0.0177432 0.0883954 0.000320109 -0.000831367 -0.000228311 0.000320109 0.010468 -0.0188657 0.000320141 -0.000831367 -0.0188657 0.0909945 
0.0095112 -0.0177165 -0.000194514 0.00026451 -0.0177165 0.0883128 0.000263655 -0.000705114 -0.000194514 0.000263655 0.0104553 -0.0188707 0.00026451 -0.000705114 -0.0188707 0.0910275 
0.00952197 -0.0177575 -0.000174451 0.000233192 -0.0177575 0.088328 0.000228771 -0.000601032 -0.000174451 0.000228771 0.0104525 -0.0188525 0.000233192 -0.000601032 -0.0188525 0.0910052 
0.00954597 -0.0178094 -0.000186489 0.000260058 -0.0178094 0.0884776 0.000254499 -0.000657968 -0.000186489 0.000254499 0.0104378 -0.0188156 0.000260058 -0.000657968 -0.0188156 0.0908989 
0.00954175 -0.0178246 -0.000165051 0.000236962 -0.0178246 0.0885437 0.000229316 -0.000604889 -0.000165051 0.000229316 0.0104413 -0.0188212 0.000236962 -0.000604889 -0.0188212 0.090898 
0.00948858 -0.0178226 -0.000197173 0.00023956 -0.0178226 0.0885677 0.000228768 -0.000614609 -0.000197173 0.000228768 0.0104755 -0.0188222 0.00023956 -0.000614609 -0.0188222 0.0909008 
0.00944733 -0.0177479 -0.000229621 0.000280443 -0.0177479 0.0884468 0.000275602 -0.000690373 -0.000229621 0.000275602 0.0104914 -0.0188757 0.000280443 -0.000690373 -0.0188757 0.0910073 
0.00942375 -0.0176957 -0.000237357 0.00029614 -0.0176957 0.0883034 0.000302148 -0.000741235 -0.000237357 0.000302148 0.0104965 -0.0188937 0.00029614 -0.000741235 -0.0188937 0.0910837 
0.00941322 -0.0176507 -0.00023194 0.000296692 -0.0176507 0.0881616 0.000305935 -0.00075905 -0.00023194 0.000305935 0.0105204 -0.0189224 0.000296692 -0.00075905 -0.0189224 0.0911873 
0.00943281 -0.0176382 -0.000206295 0.000267344 -0.0176382 0.0880876 0.00027232 -0.000686638 -0.000206295 0.00027232 0.0105203 -0.0189518 0.000267344 -0.000686638 -0.0189518 0.0912699 
0.00948098 -0.0176765 -0.000212631 0.000266323 -0.0176765 0.0881406 0.000267114 -0.000681606 -0.000212631 0.000267114 0.0104908 -0.0189455 0.000266323 -0.000681606 -0.0189455 0.0912872 
0.00949606 -0.0177536 -0.000241538 0.000305953 -0.0177536 0.0883063 0.000307769 -0.000776702 -0.000241538 0.000307769 0.0104552 -0.0188712 0.000305953 -0.000776702 -0.0188712 0.091121 
0.0095146 -0.0177762 -0.000260391 0.000324669 -0.0177762 0.0884252 0.000331184 -0.000835637 -0.000260391 0.000331184 0.010445 -0.0188355 0.000324669 -0.000835637 -0.0188355 0.0910034 
0.00954839 -0.0177843 -0.000250602 0.000328545 -0.0177843 0.0884563 0.00033961 -0.000852005 -0.000250602 0.00033961 0.0104054 -0.0188226 0.000328545 -0.000852005 -0.0188226 0.0909292 
0.00955653 -0.0178249 -0.000227313 0.000285189 -0.0178249 0.08853 0.000295429 -0.000755253 -0.000227313 0.000295429 0.0103973 -0.0187788 0.000285189 -0.000755253 -0.0187788 0.0908389 
0.00957534 -0.0178363 -0.000211176 0.000282593 -0.0178363 0.0885821 0.000290108 -0.000733012 -0.000211176 0.000290108 0.0103875 -0.018762 0.000282593 -0.000733012 -0.018762 0.0907618 
0.00951184 -0.0178466 -0.000217474 0.000272301 -0.0178466 0.0885944 0.000277434 -0.000715347 -0.000217474 0.000277434 0.0104511 -0.0187539 0.000272301 -0.000715347 -0.0187539 0.0907284 
0.00944758 -0.0177616 -0.00020924 0.000264496 -0.0177616 0.0884576 0.000265523 -0.000672652 -0.00020924 0.000265523 0.0105057 -0.0188436 0.000264496 -0.000672652 -0.0188436 0.0908703 
0.00940734 -0.0176965 -0.00022616 0.0002902 -0.0176965 0.0883022 0.00028514 -0.000726692 -0.00022616 0.00028514 0.0105385 -0.0189018 0.0002902 -0.000726692 -0.0189018 0.0910313 
0.00943306 -0.0176314 -0.000209795 0.000293854 -0.0176314 0.0881206 0.000286286 -0.000734294 -0.000209795 0.000286286 0.0105167 -0.0189629 0.000293854 -0.000734294 -0.0189629 0.0912198 
0.00943316 -0.0176603 -0.000206529 0.000269219 -0.0176603 0.0880933 0.000260982 -0.000694175 -0.000206529 0.000260982 0.0105434 -0.0189482 0.000269219 -0.000694175 -0.0189482 0.0912855 
0.00948592 -0.0176681 -0.000176112 0.000235417 -0.0176681 0.0881265 0.000227683 -0.000590396 -0.000176112 0.000227683 0.0105535 -0.0189874 0.000235417 -0.000590396 -0.0189874 0.0913616 
0.00952328 -0.0177469 -0.000174173 0.000234715 -0.0177469 0.0882728 0.000224111 -0.00058598 -0.000174173 0.000224111 0.0105516 -0.0189826 0.000234715 -0.00058598 -0.0189826 0.0913671 
0.00953827 -0.0178143 -0.000195878 0.000253286 -0.0178143 0.0884754 0.000242093 -0.000636144 -0.000195878 0.000242093 0.0105625 -0.0189697 0.000253286 -0.000636144 -0.0189697 0.091333 
0.00958079 -0.0178312 -0.000205748 0.000286068 -0.0178312 0.0885752 0.000283731 -0.000727485 -0.000205748 0.000283731 0.0105285 -0.0189828 0.000286068 -0.000727485 -0.0189828 0.0913392 
0.0095987 -0.01788 -0.000204309 0.00027767 -0.01788 0.0886796 0.00028819 -0.000747459 -0.000204309 0.00028819 0.0105046 -0.0189505 0.00027767 -0.000747459 -0.0189505 0.0913082 
0.00960675 -0.017904 -0.000210772 0.000267718 -0.017904 0.0887691 0.000283885 -0.00073283 -0.000210772 0.000283885 0.010499 -0.0189214 0.000267718 -0.00073283 -0.0189214 0.0912404 
0.00962306 -0.0179188 -0.000213747 0.00029226 -0.0179188 0.0888241 0.000304818 -0.000771761 -0.000213747 0.000304818 0.0104645 -0.0188948 0.00029226 -0.000771761 -0.0188948 0.0911463 
0.00961322 -0.0179522 -0.000214726 0.000291598 -0.0179522 0.0889107 0.000296754 -0.000774815 -0.000214726 0.000296754 0.010442 -0.0188322 0.000291598 -0.000774815 -0.0188322 0.090985 
0.00958015 -0.0179488 -0.000225958 0.000305402 -0.0179488 0.0889555 0.000306114 -0.000802414 -0.000225958 0.000306114 0.0104581 -0.0187997 0.000305402 -0.000802414 -0.0187997 0.0908634 
0.00957108 -0.0178939 -0.000226317 0.00032035 -0.0178939 0.0888614 0.000315445 -0.000832676 -0.000226317 0.000315445 0.010452 -0.018823 0.00032035 -0.000832676 -0.018823 0.0908566 
0.00954587 -0.0178317 -0.000196647 0.000295678 -0.0178317 0.088655 0.000286955 -0.000776005 -0.000196647 0.000286955 0.0104738 -0.0188635 0.000295678 -0.000776005 -0.0188635 0.0909888 
0.00951016 -0.0177928 -0.000176404 0.000252479 -0.0177928 0.0884998 0.000238627 -0.00066427 -0.000176404 0.000238627 0.010472 -0.0188829 0.000252479 -0.00066427 -0.0188829 0.0910552 
0.0094723 -0.0177437 -0.000167877 0.000211921 -0.0177437 0.088366 0.000198207 -0.000538912 -0.000167877 0.000198207 0.0104953 -0.0189023 0.000211921 -0.000538912 -0.0189023 0.0911443 
0.0094852 -0.0177256 -0.000175915 0.000216408 -0.0177256 0.0883225 0.000211354 -0.000528127 -0.000175915 0.000211354 0.0104842 -0.018908 0.000216408 -0.000528127 -0.018908 0.0911635 
0.00952542 -0.0177375 -0.000185223 0.00024089 -0.0177375 0.088316 0.000243999 -0.000594508 -0.000185223 0.000243999 0.0104504 -0.0188881 0.00024089 -0.000594508 -0.0188881 0.0911336 
