0.00682288 0 -0.000661588 0 0 0.01 0 0 -0.000661588 0 0.00770642 0 0 0 0 0.01 
0.00969755 -0.0120555 -0.000795777 0.000975022 -0.0120555 0.03229 0.000975022 -0.0018694 -0.000795777 0.000975022 0.0107928 -0.0133895 0.000975022 -0.0018694 -0.0133895 0.0348481 
0.00981334 -0.0184342 -0.000634226 0.00105965 -0.0184342 0.0681635 0.00105965 -0.00333973 -0.000634226 0.00105965 0.0107764 -0.0200492 0.00105965 -0.00333973 -0.0200492 0.0732078 
0.00930675 -0.0184117 -0.000562266 0.000753292 -0.0184117 0.0829683 0.000751584 -0.00254791 -0.000562266 0.000751584 0.0101286 -0.0194222 0.000753292 -0.00254791 -0.0194222 0.0863734 
0.0092612 -0.017779 -0.000623617 0.000656052 -0.017779 0.0866666 0.00065399 -0.00176579 -0.000623617 0.00065399 0.0101847 -0.0187263 0.000656052 -0.00176579 -0.0187263 0.0892365 
0.00941078 -0.0176562 -0.000678535 0.000725196 -0.0176562 0.0876992 0.000720071 -0.00163354 -0.000678535 0.000720071 0.0104228 -0.0187355 0.000725196 -0.00163354 -0.0187355 0.0902481 
0.00953899 -0.0177607 -0.000697893 0.000789146 -0.0177607 0.088243 0.00078059 -0.00176963 -0.000697893 0.00078059 0.010577 -0.0189269 0.000789146 -0.00176963 -0.0189269 0.0909688 
0.00961499 -0.0178823 -0.000691308 0.000818903 -0.0178823 0.0886402 0.000810409 -0.00190903 -0.000691308 0.000810409 0.0106234 -0.0190396 0.000818903 -0.00190903 -0.0190396 0.0913879 
0.00964051 -0.0179388 -0.0006823 0.000817989 -0.0179388 0.088835 0.000816544 -0.00198363 -0.0006823 0.000816544 0.01063 -0.0190755 0.000817989 -0.00198363 -0.0190755 0.0915621 
0.00965924 -0.01799 -0.000633272 0.000782088 -0.01799 0.0889942 0.000784223 -0.00192229 -0.000633272 0.000784223 0.0105887 -0.0190312 0.000782088 -0.00192229 -0.0190312 0.091464 
0.00967432 -0.0180058 -0.000603713 0.000724856 -0.0180058 0.0890659 0.000725307 -0.00180206 -0.000603713 0.000725307 0.01057 -0.0189938 0.000724856 -0.00180206 -0.0189938 0.0913688 
0.00970079 -0.018028 -0.000576374 0.000708733 -0.018028 0.0891252 0.00070796 -0.00174285 -0.000576374 0.00070796 0.0105424 -0.0189702 0.000708733 -0.00174285 -0.0189702 0.0912898 
0.00973871 -0.0180773 -0.000541786 0.000676299 -0.0180773 0.0892418 0.000676886 -0.00167018 -0.000541786 0.000676886 0.0104831 -0.0189186 0.000676299 -0.00167018 -0.0189186 0.0911612 
0.00975235 -0.0181124 -0.000512147 0.000641046 -0.0181124 0.0893309 0.000643437 -0.001598 -0.000512147 0.000643437 0.0104269 -0.0188563 0.000641046 -0.001598 -0.0188563 0.0910284 
0.00970814 -0.0181432 -0.000535201 0.000617226 -0.0181432 0.0894299 0.000620598 -0.00154215 -0.000535201 0.000620598 0.0104132 -0.0187662 0.000617226 -0.00154215 -0.0187662 0.0908126 
0.00965742 -0.018081 -0.000565452 0.000638199 -0.018081 0.089371 0.000642913 -0.0015457 -0.000565452 0.000642913 0.0104368 -0.0187639 0.000638199 -0.0015457 -0.0187639 0.0907406 
0.00965829 -0.0180097 -0.000581583 0.000669896 -0.0180097 0.0892233 0.000673865 -0.00160343 -0.000581583 0.000673865 0.0104638 -0.0188177 0.000669896 -0.00160343 -0.0188177 0.0908399 
0.00965811 -0.0179878 -0.000587776 0.000703409 -0.0179878 0.0890876 0.000705365 -0.00169721 -0.000587776 0.000705365 0.0104843 -0.0188653 0.000703409 -0.00169721 -0.0188653 0.0909825 
0.00965177 -0.0179573 -0.000553761 0.000680081 -0.0179573 0.0889561 0.000679795 -0.00165877 -0.000553761 0.000679795 0.0104776 -0.0189157 0.000680081 -0.00165877 -0.0189157 0.0911453 
0.00966592 -0.0179661 -0.000508939 0.000641823 -0.0179661 0.0889464 0.000641551 -0.00158041 -0.000508939 0.000641551 0.0104585 -0.0189054 0.000641823 -0.00158041 -0.0189054 0.0911955 
0.00966301 -0.0179839 -0.000488819 0.000598601 -0.0179839 0.0889676 0.000598769 -0.0014932 -0.000488819 0.000598769 0.0104162 -0.0188564 0.000598601 -0.0014932 -0.0188564 0.0910955 
0.00966259 -0.0179727 -0.000491229 0.000578315 -0.0179727 0.0889611 0.000577913 -0.00143197 -0.000491229 0.000577913 0.0104054 -0.0188263 0.000578315 -0.00143197 -0.0188263 0.0910348 
0.00966799 -0.017989 -0.000508992 0.000604887 -0.017989 0.0889877 0.000602423 -0.00147309 -0.000508992 0.000602423 0.0103765 -0.0187745 0.000604887 -0.00147309 -0.0187745 0.0908852 
0.00969432 -0.0179861 -0.000484784 0.000602724 -0.0179861 0.0889905 0.0006009 -0.00146919 -0.000484784 0.0006009 0.0103358 -0.0187465 0.000602724 -0.00146919 -0.0187465 0.0907834 
0.00971289 -0.0179993 -0.000469169 0.000559655 -0.0179993 0.088997 0.000559004 -0.00138968 -0.000469169 0.000559004 0.0103489 -0.0187304 0.000559655 -0.00138968 -0.0187304 0.0907625 
0.00970591 -0.0180504 -0.000497008 0.000573679 -0.0180504 0.0891058 0.000576512 -0.00141396 -0.000497008 0.000576512 0.0103609 -0.0187005 0.000573679 -0.00141396 -0.0187005 0.0906488 
0.00971927 -0.0180531 -0.000514571 0.000605339 -0.0180531 0.0891821 0.000608272 -0.00147598 -0.000514571 0.000608272 0.0103799 -0.0187261 0.000605339 -0.00147598 -0.0187261 0.0906611 
0.0097171 -0.0180669 -0.000521058 0.000608661 -0.0180669 0.0892192 0.000608521 -0.00148407 -0.000521058 0.000608521 0.0103932 -0.0187485 0.000608661 -0.00148407 -0.0187485 0.0907029 
0.00970557 -0.0180846 -0.000529333 0.000626048 -0.0180846 0.0892794 0.000623138 -0.0015141 -0.000529333 0.000623138 0.0103806 -0.0187354 0.000626048 -0.0015141 -0.0187354 0.090668 
0.00969076 -0.0180843 -0.000557877 0.000670908 -0.0180843 0.0893106 0.000665547 -0.00163011 -0.000557877 0.000665547 0.0103482 -0.0186946 0.000670908 -0.00163011 -0.0186946 0.0905631 
0.00967258 -0.0179914 -0.000530783 0.000651464 -0.0179914 0.0891 0.000643832 -0.00158787 -0.000530783 0.000643832 0.0103456 -0.0187388 0.000651464 -0.00158787 -0.0187388 0.0906816 
0.00966691 -0.0179872 -0.000534305 0.000630064 -0.0179872 0.0890101 0.000623361 -0.00154479 -0.000534305 0.000623361 0.0103231 -0.0186997 0.000630064 -0.00154479 -0.0186997 0.0906309 
0.00965666 -0.0179532 -0.000539331 0.000635786 -0.0179532 0.0889066 0.000630249 -0.00153944 -0.000539331 0.000630249 0.0103236 -0.0187018 0.000635786 -0.00153944 -0.0187018 0.0906417 
0.00965499 -0.0179311 -0.000527097 0.000616744 -0.0179311 0.0888239 0.000610274 -0.00148415 -0.000527097 0.000610274 0.0103239 -0.0187069 0.000616744 -0.00148415 -0.0187069 0.0906533 
0.00965892 -0.0179437 -0.000512979 0.000602386 -0.0179437 0.0888348 0.000597045 -0.00144282 -0.000512979 0.000597045 0.0103337 -0.0186975 0.000602386 -0.00144282 -0.0186975 0.0906305 
0.00964736 -0.0179521 -0.000507792 0.000594704 -0.0179521 0.0888606 0.000594481 -0.00143413 -0.000507792 0.000594481 0.010358 -0.0187058 0.000594704 -0.00143413 -0.0187058 0.0906269 
0.00962536 -0.017938 -0.000513607 0.000582712 -0.017938 0.0888518 0.000587119 -0.00141027 -0.000513607 0.000587119 0.0103896 -0.01874 0.000582712 -0.00141027 -0.01874 0.0906858 
0.00963258 -0.0179526 -0.000502534 0.000606413 -0.0179526 0.0889122 0.000616157 -0.00146023 -0.000502534 0.000616157 0.0103651 -0.0187303 0.000606413 -0.00146023 -0.0187303 0.0906441 
0.00965562 -0.0179247 -0.000457288 0.000575452 -0.0179247 0.0888526 0.000588361 -0.0014234 -0.000457288 0.000588361 0.01032 -0.0187437 0.000575452 -0.0014234 -0.0187437 0.0906997 
0.00968932 -0.0179432 -0.000430924 0.000517794 -0.0179432 0.0888483 0.000532173 -0.00131313 -0.000430924 0.000532173 0.0102824 -0.0187082 0.000517794 -0.00131313 -0.0187082 0.0906963 
0.00969842 -0.0180075 -0.00045225 0.000521089 -0.0180075 0.0889722 0.000532039 -0.00130091 -0.00045225 0.000532039 0.0102792 -0.0186284 0.000521089 -0.00130091 -0.0186284 0.0905279 
0.00969441 -0.0180368 -0.000480479 0.000552683 -0.0180368 0.0890991 0.000557913 -0.00134926 -0.000480479 0.000557913 0.0102914 -0.0186138 0.000552683 -0.00134926 -0.0186138 0.0904212 
0.00967482 -0.0179953 -0.000477234 0.000572651 -0.0179953 0.089031 0.000575403 -0.00138644 -0.000477234 0.000575403 0.0102871 -0.0186524 0.000572651 -0.00138644 -0.0186524 0.0904685 
0.00966095 -0.0179676 -0.000462426 0.000566472 -0.0179676 0.0889512 0.000567584 -0.00139075 -0.000462426 0.000567584 0.0102928 -0.0186549 0.000566472 -0.00139075 -0.0186549 0.0905122 
0.00965104 -0.017977 -0.000450727 0.000556849 -0.017977 0.0889605 0.000552956 -0.00137391 -0.000450727 0.000552956 0.0102951 -0.0186265 0.000556849 -0.00137391 -0.0186265 0.0904393 
0.00964588 -0.0179286 -0.000429653 0.000536147 -0.0179286 0.0888483 0.00052688 -0.00132049 -0.000429653 0.00052688 0.0102978 -0.0186577 0.000536147 -0.00132049 -0.0186577 0.0904857 
0.00965508 -0.0179394 -0.000448924 0.000531063 -0.0179394 0.0888349 0.000519496 -0.00130915 -0.000448924 0.000519496 0.0103059 -0.0186501 0.000531063 -0.00130915 -0.0186501 0.0904919 
0.00965743 -0.0179764 -0.000469301 0.000566348 -0.0179764 0.0889182 0.000558429 -0.00137463 -0.000469301 0.000558429 0.0103017 -0.0186248 0.000566348 -0.00137463 -0.0186248 0.0904043 
0.00966086 -0.0179763 -0.000475075 0.000584422 -0.0179763 0.0889498 0.000581643 -0.0014348 -0.000475075 0.000581643 0.0102713 -0.0186259 0.000584422 -0.0014348 -0.0186259 0.0903801 
0.00966151 -0.0179331 -0.000447348 0.000545881 -0.0179331 0.0888435 0.000548827 -0.00135857 -0.000447348 0.000548827 0.0102636 -0.0186396 0.000545881 -0.00135857 -0.0186396 0.0904529 
0.00968251 -0.0179669 -0.00044906 0.00053213 -0.0179669 0.0888845 0.000538098 -0.00132562 -0.00044906 0.000538098 0.0102294 -0.0185871 0.00053213 -0.00132562 -0.0185871 0.0903475 
0.00967705 -0.0179651 -0.000444444 0.000521797 -0.0179651 0.0888775 0.000529122 -0.00128819 -0.000444444 0.000529122 0.0102353 -0.0185758 0.000521797 -0.00128819 -0.0185758 0.0903159 
0.00967628 -0.0179495 -0.000427059 0.000516258 -0.0179495 0.0888424 0.000520062 -0.00126351 -0.000427059 0.000520062 0.0102495 -0.0185958 0.000516258 -0.00126351 -0.0185958 0.0903519 
0.00971234 -0.017951 -0.000361418 0.000485036 -0.017951 0.088832 0.00048049 -0.00118193 -0.000361418 0.00048049 0.0102331 -0.0186134 0.000485036 -0.00118193 -0.0186134 0.0903942 
0.00974469 -0.0180084 -0.000334884 0.000450022 -0.0180084 0.0889282 0.000439464 -0.00113467 -0.000334884 0.000439464 0.010192 -0.018571 0.000450022 -0.00113467 -0.018571 0.0903219 
0.00975725 -0.0180599 -0.000326005 0.000413247 -0.0180599 0.0890723 0.000404393 -0.00105026 -0.000326005 0.000404393 0.010162 -0.0185134 0.000413247 -0.00105026 -0.0185134 0.0901897 
0.00973143 -0.0180928 -0.000353493 0.000413679 -0.0180928 0.0891957 0.000414091 -0.00104045 -0.000353493 0.000414091 0.0101386 -0.0184464 0.000413679 -0.00104045 -0.0184464 0.089995 
0.00968587 -0.0180488 -0.000374157 0.000425133 -0.0180488 0.0891683 0.000432254 -0.00104739 -0.000374157 0.000432254 0.0101765 -0.0184405 0.000425133 -0.00104739 -0.0184405 0.0899395 
0.00964238 -0.0179612 -0.000386161 0.000447481 -0.0179612 0.0889679 0.000452325 -0.00108633 -0.000386161 0.000452325 0.0102163 -0.018507 0.000447481 -0.00108633 -0.018507 0.0900487 
0.00963534 -0.0179298 -0.000387619 0.000469458 -0.0179298 0.0888523 0.000464936 -0.00113223 -0.000387619 0.000464936 0.0102127 -0.0185255 0.000469458 -0.00113223 -0.0185255 0.0900955 
0.00961898 -0.0178879 -0.000413045 0.000474228 -0.0178879 0.0887083 0.000469542 -0.0011629 -0.000413045 0.000469542 0.0102276 -0.0185586 0.000474228 -0.0011629 -0.0185586 0.0902137 
0.00964379 -0.01789 -0.000405698 0.000503511 -0.01789 0.0886849 0.000506965 -0.00122482 -0.000405698 0.000506965 0.0102054 -0.0185613 0.000503511 -0.00122482 -0.0185613 0.0902483 
0.00962428 -0.017914 -0.000421629 0.00049646 -0.017914 0.0887065 0.000506401 -0.00125398 -0.000421629 0.000506401 0.0101971 -0.0185309 0.00049646 -0.00125398 -0.0185309 0.0902051 
0.00965092 -0.0179068 -0.000379142 0.000503632 -0.0179068 0.0887422 0.000512166 -0.0012539 -0.000379142 0.000512166 0.0101783 -0.0185211 0.000503632 -0.0012539 -0.0185211 0.0901722 
0.0096876 -0.017906 -0.00032836 0.000449677 -0.017906 0.0887062 0.000450328 -0.00116422 -0.00032836 0.000450328 0.010167 -0.018528 0.000449677 -0.00116422 -0.018528 0.0902047 
0.00971439 -0.0179631 -0.000321357 0.000421394 -0.0179631 0.0887876 0.000416508 -0.00110185 -0.000321357 0.000416508 0.0101478 -0.0184874 0.000421394 -0.00110185 -0.0184874 0.0901217 
0.00968857 -0.0179955 -0.000310862 0.000389135 -0.0179955 0.0888785 0.00038567 -0.00100042 -0.000310862 0.00038567 0.0101672 -0.0184613 0.000389135 -0.00100042 -0.0184613 0.0900349 
0.00964888 -0.0179526 -0.000317406 0.000383281 -0.0179526 0.0888306 0.000382677 -0.000967465 -0.000317406 0.000382677 0.0101847 -0.0184872 0.000383281 -0.000967465 -0.0184872 0.0900406 
0.00962582 -0.0178918 -0.00032395 0.000391111 -0.0178918 0.0886846 0.000392848 -0.000971384 -0.00032395 0.000392848 0.0101792 -0.0185145 0.000391111 -0.000971384 -0.0185145 0.0901069 
0.0096368 -0.0178564 -0.000318345 0.000396687 -0.0178564 0.0885582 0.000402934 -0.000988641 -0.000318345 0.000402934 0.0101485 -0.0185142 0.000396687 -0.000988641 -0.0185142 0.0901462 
0.00965958 -0.0178691 -0.000296318 0.00037066 -0.0178691 0.0885318 0.000376834 -0.000933651 -0.000296318 0.000376834 0.0101085 -0.0184709 0.00037066 -0.000933651 -0.0184709 0.0900758 
0.00966559 -0.0179003 -0.000299505 0.000372747 -0.0179003 0.0885799 0.000374609 -0.000937182 -0.000299505 0.000374609 0.0100804 -0.0184082 0.000372747 -0.000937182 -0.0184082 0.089929 
0.00969072 -0.0179187 -0.000260914 0.00036654 -0.0179187 0.0886555 0.000367008 -0.000917578 -0.000260914 0.000367008 0.0100476 -0.0183713 0.00036654 -0.000917578 -0.0183713 0.0898063 
0.00971502 -0.0179733 -0.000239458 0.00033003 -0.0179733 0.0887954 0.000330776 -0.000867157 -0.000239458 0.000330776 0.0100068 -0.0183021 0.00033003 -0.000867157 -0.0183021 0.0896184 
0.00970403 -0.0180003 -0.000237037 0.000301533 -0.0180003 0.0888931 0.000297304 -0.000787129 -0.000237037 0.000297304 0.00998952 -0.0182494 0.000301533 -0.000787129 -0.0182494 0.0894567 
0.00969526 -0.0180023 -0.000238727 0.000305733 -0.0180023 0.088958 0.000291736 -0.000756325 -0.000238727 0.000291736 0.00998755 -0.0182169 0.000305733 -0.000756325 -0.0182169 0.0893338 
0.00969221 -0.017966 -0.000225072 0.000296602 -0.017966 0.0888907 0.000282183 -0.000723787 -0.000225072 0.000282183 0.00997945 -0.018238 0.000296602 -0.000723787 -0.018238 0.0893503 
0.00969059 -0.0179288 -0.000200844 0.000245898 -0.0179288 0.0887665 0.000238932 -0.000606516 -0.000200844 0.000238932 0.00998931 -0.0182677 0.000245898 -0.000606516 -0.0182677 0.0894575 
0.00969691 -0.0179581 -0.000213631 0.00026169 -0.0179581 0.0887887 0.000261798 -0.00064105 -0.000213631 0.000261798 0.00997743 -0.0182288 0.00026169 -0.00064105 -0.0182288 0.0893798 
0.00967449 -0.0179224 -0.000225455 0.000273229 -0.0179224 0.0886952 0.000279132 -0.00068251 -0.000225455 0.000279132 0.00997966 -0.0182419 0.000273229 -0.00068251 -0.0182419 0.0893889 
0.00968034 -0.0179139 -0.000214995 0.000289029 -0.0179139 0.0886653 0.000298468 -0.000732493 -0.000214995 0.000298468 0.00996652 -0.0182323 0.000289029 -0.000732493 -0.0182323 0.0893725 
0.00966465 -0.0179375 -0.000200061 0.000268194 -0.0179375 0.0887142 0.000280208 -0.000715889 -0.000200061 0.000280208 0.00997687 -0.0182058 0.000268194 -0.000715889 -0.0182058 0.0893084 
0.00964964 -0.0179079 -0.00020122 0.000245505 -0.0179079 0.0886786 0.000258012 -0.000662479 -0.00020122 0.000258012 0.00997759 -0.0182213 0.000245505 -0.000662479 -0.0182213 0.0893051 
0.00964635 -0.0178688 -0.00019903 0.0002262 -0.0178688 0.0885772 0.000236423 -0.000583358 -0.00019903 0.000236423 0.00999699 -0.0182504 0.0002262 -0.000583358 -0.0182504 0.0893926 
0.00968686 -0.017906 -0.000231298 0.000264615 -0.017906 0.0886339 0.000267749 -0.00064778 -0.000231298 0.000267749 0.00998029 -0.0182272 0.000264615 -0.00064778 -0.0182272 0.0893399 
0.0096868 -0.0179359 -0.000263768 0.000305004 -0.0179359 0.0886808 0.000304877 -0.000737383 -0.000263768 0.000304877 0.00998535 -0.0182226 0.000305004 -0.000737383 -0.0182226 0.0893241 
0.00969553 -0.0179381 -0.000262282 0.000355451 -0.0179381 0.0887112 0.000353902 -0.000868554 -0.000262282 0.000353902 0.00997484 -0.0182367 0.000355451 -0.000868554 -0.0182367 0.0893535 
0.00970318 -0.0179207 -0.000263037 0.00035012 -0.0179207 0.0886602 0.000348787 -0.000913858 -0.000263037 0.000348787 0.0099733 -0.018263 0.00035012 -0.000913858 -0.018263 0.0894618 
0.00971467 -0.0179446 -0.000244258 0.000334113 -0.0179446 0.0886948 0.000333642 -0.00087993 -0.000244258 0.000333642 0.00996204 -0.0182486 0.000334113 -0.00087993 -0.0182486 0.0894652 
0.00972754 -0.0179401 -0.000217087 0.000274895 -0.0179401 0.0886903 0.000273911 -0.000730837 -0.000217087 0.000273911 0.00995321 -0.0182603 0.000274895 -0.000730837 -0.0182603 0.089508 
0.0097731 -0.0179526 -0.000186961 0.000241821 -0.0179526 0.0887 0.000242372 -0.000617339 -0.000186961 0.000242372 0.00990901 -0.0182448 0.000241821 -0.000617339 -0.0182448 0.0894928 
0.00982329 -0.0180279 -0.000180892 0.000240752 -0.0180279 0.0888468 0.000242917 -0.000616014 -0.000180892 0.000242917 0.00988041 -0.0181748 0.000240752 -0.000616014 -0.0181748 0.0893597 
0.00983581 -0.0181107 -0.000154719 0.000223593 -0.0181107 0.0890696 0.00022626 -0.000578751 -0.000154719 0.00022626 0.00985586 -0.018113 0.000223593 -0.000578751 -0.018113 0.0891603 
0.00983974 -0.018149 -0.000135074 0.000205879 -0.018149 0.0892504 0.000207953 -0.000550625 -0.000135074 0.000207953 0.00984245 -0.0180645 0.000205879 -0.000550625 -0.0180645 0.0889891 
0.00980129 -0.0181596 -0.000169791 0.000209565 -0.0181596 0.0893279 0.000209634 -0.000571107 -0.000169791 0.000209634 0.00986397 -0.0180223 0.000209565 -0.000571107 -0.0180223 0.0888274 
0.00977188 -0.018098 -0.000181705 0.0002249 -0.018098 0.0892422 0.000222903 -0.000569822 -0.000181705 0.000222903 0.0098957 -0.0180648 0.0002249 -0.000569822 -0.0180648 0.0888512 
0.00971829 -0.0180201 -0.000190369 0.000242145 -0.0180201 0.0890137 0.000234605 -0.000598661 -0.000190369 0.000234605 0.00992023 -0.0181304 0.000242145 -0.000598661 -0.0181304 0.0890042 
0.00969994 -0.0179394 -0.000176888 0.000249487 -0.0179394 0.088783 0.000244375 -0.000623508 -0.000176888 0.000244375 0.00992295 -0.0181858 0.000249487 -0.000623508 -0.0181858 0.0891931 
0.00971367 -0.017929 -0.000165476 0.00023107 -0.017929 0.0886939 0.000230249 -0.000609608 -0.000165476 0.000230249 0.00991294 -0.0181852 0.00023107 -0.000609608 -0.0181852 0.089264 
0.00970388 -0.0179573 -0.000182153 0.000233106 -0.0179573 0.0887168 0.000231143 -0.000615645 -0.000182153 0.000231143 0.00990403 -0.018143 0.000233106 -0.000615645 -0.018143 0.0891795 
0.00970054 -0.0179299 -0.00017989 0.000225789 -0.0179299 0.0886817 0.000225915 -0.000582089 -0.00017989 0.000225915 0.00992791 -0.0181602 0.000225789 -0.000582089 -0.0181602 0.0892011 
0.00971116 -0.0179313 -0.000191682 0.000240369 -0.0179313 0.0886663 0.000241614 -0.000613989 -0.000191682 0.000241614 0.00994352 -0.0181782 0.000240369 -0.000613989 -0.0181782 0.0892277 
0.00975848 -0.0179194 -0.000156195 0.000211391 -0.0179194 0.0886223 0.000215981 -0.00054296 -0.000156195 0.000215981 0.00994769 -0.0182475 0.000211391 -0.00054296 -0.0182475 0.0894092 
0.00981473 -0.0180187 -0.000144493 0.000202177 -0.0180187 0.0888078 0.000209669 -0.000540849 -0.000144493 0.000209669 0.0099413 -0.0182256 0.000202177 -0.000540849 -0.0182256 0.0894225 
0.00984188 -0.0180953 -0.000131695 0.00019051 -0.0180953 0.0890244 0.000197571 -0.000521613 -0.000131695 0.000197571 0.00994171 -0.0182154 0.00019051 -0.000521613 -0.0182154 0.0893966 
0.00987856 -0.0181427 -0.000138144 0.000202839 -0.0181427 0.0892017 0.000203938 -0.000555772 -0.000138144 0.000203938 0.00993429 -0.0182132 0.000202839 -0.000555772 -0.0182132 0.0893823 
0.00990696 -0.0181882 -0.000143965 0.000202473 -0.0181882 0.0893363 0.000202257 -0.000556851 -0.000143965 0.000202257 0.00992788 -0.0182063 0.000202473 -0.000556851 -0.0182063 0.0893691 
0.00987903 -0.0182443 -0.000159483 0.000221708 -0.0182443 0.0894984 0.000219427 -0.000595986 -0.000159483 0.000219427 0.00995718 -0.0181732 0.000221708 -0.000595986 -0.0181732 0.0892786 
0.00983036 -0.0181934 -0.000177056 0.000215268 -0.0181934 0.0894678 0.000212725 -0.000577257 -0.000177056 0.000212725 0.0100163 -0.0182443 0.000215268 -0.000577257 -0.0182443 0.0893989 
0.00979397 -0.0181516 -0.000225572 0.000266321 -0.0181516 0.0893881 0.00026555 -0.000682727 -0.000225572 0.00026555 0.0100601 -0.0182964 0.000266321 -0.000682727 -0.0182964 0.0895251 
0.0097988 -0.0181025 -0.000236185 0.000331181 -0.0181025 0.0892649 0.00032791 -0.000833187 -0.000236185 0.00032791 0.0100508 -0.018346 0.000331181 -0.000833187 -0.018346 0.0896469 
0.00984884 -0.0180947 -0.000184429 0.000298129 -0.0180947 0.0891936 0.000294941 -0.000795066 -0.000184429 0.000294941 0.010012 -0.0183617 0.000298129 -0.000795066 -0.0183617 0.0897529 
0.00986741 -0.0181576 -0.000157769 0.000242369 -0.0181576 0.089266 0.000242239 -0.000692144 -0.000157769 0.000242239 0.00999033 -0.0183032 0.000242369 -0.000692144 -0.0183032 0.0896821 
0.00984306 -0.0181809 -0.000147672 0.00020008 -0.0181809 0.0893479 0.000198176 -0.00056106 -0.000147672 0.000198176 0.0099951 -0.0182698 0.00020008 -0.00056106 -0.0182698 0.0895745 
0.00978586 -0.0181643 -0.000173423 0.00021991 -0.0181643 0.0893633 0.000214887 -0.000570468 -0.000173423 0.000214887 0.0100141 -0.0182474 0.00021991 -0.000570468 -0.0182474 0.0894635 
0.009758 -0.0180667 -0.00019556 0.00023268 -0.0180667 0.0891863 0.00023006 -0.000587815 -0.00019556 0.00023006 0.0100506 -0.0183132 0.00023268 -0.000587815 -0.0183132 0.0895799 
0.00974985 -0.0180083 -0.000201383 0.000268384 -0.0180083 0.0889727 0.000272237 -0.000670133 -0.000201383 0.000272237 0.0100595 -0.0183634 0.000268384 -0.000670133 -0.0183634 0.0897169 
0.00978218 -0.0180267 -0.000190268 0.000275305 -0.0180267 0.0889575 0.000282075 -0.00072157 -0.000190268 0.000282075 0.0100269 -0.0183527 0.000275305 -0.00072157 -0.0183527 0.0897323 
0.00980339 -0.0180998 -0.00019054 0.000267224 -0.0180998 0.089118 0.000272778 -0.000727581 -0.00019054 0.000272778 0.00999759 -0.0182812 0.000267224 -0.000727581 -0.0182812 0.0895822 
0.00979133 -0.0180998 -0.000193108 0.000248259 -0.0180998 0.0891602 0.00025244 -0.000672578 -0.000193108 0.00025244 0.00998561 -0.0182679 0.000248259 -0.000672578 -0.0182679 0.0895178 
0.00980763 -0.0180813 -0.000193785 0.000258506 -0.0180813 0.089142 0.000266349 -0.0006823 -0.000193785 0.000266349 0.00996508 -0.0182691 0.000258506 -0.0006823 -0.0182691 0.0895251 
0.00982003 -0.0181088 -0.000207437 0.000287279 -0.0181088 0.0891722 0.000293714 -0.000762918 -0.000207437 0.000293714 0.00993612 -0.0182188 0.000287279 -0.000762918 -0.0182188 0.0894234 
0.00980149 -0.0180878 -0.000179738 0.000249014 -0.0180878 0.0891245 0.000246873 -0.000667918 -0.000179738 0.000246873 0.00997418 -0.0182319 0.000249014 -0.000667918 -0.0182319 0.0894529 
0.00982879 -0.0180765 -0.000162839 0.000248123 -0.0180765 0.0890894 0.000239377 -0.000652247 -0.000162839 0.000239377 0.00996204 -0.0182478 0.000248123 -0.000652247 -0.0182478 0.0894496 
0.00987175 -0.0180819 -0.000123707 0.000196789 -0.0180819 0.08905 0.000189074 -0.00053649 -0.000123707 0.000189074 0.00995008 -0.0182721 0.000196789 -0.00053649 -0.0182721 0.0895381 
0.0098628 -0.0181659 -0.00012898 0.000184054 -0.0181659 0.0892003 0.000181902 -0.000509378 -0.00012898 0.000181902 0.00996032 -0.0182137 0.000184054 -0.000509378 -0.0182137 0.0894242 
0.00985009 -0.0181671 -0.000128233 0.000202601 -0.0181671 0.0892885 0.000208089 -0.000551835 -0.000128233 0.000208089 0.00995587 -0.0182144 0.000202601 -0.000551835 -0.0182144 0.089357 
0.0098412 -0.018153 -0.000115296 0.000188434 -0.018153 0.0892965 0.000197397 -0.000542857 -0.000115296 0.000197397 0.00995737 -0.0182238 0.000188434 -0.000542857 -0.0182238 0.0893799 
0.00983744 -0.018133 -0.000111399 0.000185134 -0.018133 0.0892515 0.000189555 -0.000536717 -0.000111399 0.000189555 0.00993571 -0.0182286 0.000185134 -0.000536717 -0.0182286 0.0894009 
0.00985346 -0.018121 -9.47467e-05 0.000160194 -0.018121 0.0892071 0.000157919 -0.00046277 -9.47467e-05 0.000157919 0.00990503 -0.0182079 0.000160194 -0.00046277 -0.0182079 0.0893835 
0.00991356 -0.018158 -7.19954e-05 0.000139317 -0.018158 0.0892717 0.000131658 -0.000392457 -7.19954e-05 0.000131658 0.00984636 -0.0181514 0.000139317 -0.000392457 -0.0181514 0.0892636 
0.00993703 -0.0182221 -6.49116e-05 0.000107171 -0.0182221 0.089392 9.75058e-05 -0.00030863 -6.49116e-05 9.75058e-05 0.00984445 -0.0180876 0.000107171 -0.00030863 -0.0180876 0.0891179 
0.00996678 -0.0182547 -7.26079e-05 0.000112929 -0.0182547 0.0895029 0.00010611 -0.00030501 -7.26079e-05 0.00010611 0.00984651 -0.0180831 0.000112929 -0.00030501 -0.0180831 0.0890434 
0.00998201 -0.0183028 -9.44327e-05 0.000151036 -0.0183028 0.0896257 0.000150216 -0.00040651 -9.44327e-05 0.000150216 0.00984285 -0.0180729 0.000151036 -0.00040651 -0.0180729 0.088996 
0.00999851 -0.018301 -9.36766e-05 0.000146569 -0.018301 0.0896536 0.000149298 -0.0004166 -9.36766e-05 0.000149298 0.00983777 -0.0181097 0.000146569 -0.0004166 -0.0181097 0.0890882 
0.00998877 -0.0183351 -9.41891e-05 0.000141842 -0.0183351 0.0897314 0.000145163 -0.000404176 -9.41891e-05 0.000145163 0.00983662 -0.0180986 0.000141842 -0.000404176 -0.0180986 0.0891068 
0.00993636 -0.018331 -0.000129087 0.000165421 -0.018331 0.0897699 0.0001669 -0.000457593 -0.000129087 0.0001669 0.00986114 -0.0180845 0.000165421 -0.000457593 -0.0180845 0.0890742 
0.00987204 -0.0182598 -0.000152615 0.000205432 -0.0182598 0.0896571 0.000208567 -0.000541685 -0.000152615 0.000208567 0.0098981 -0.0181086 0.000205432 -0.000541685 -0.0181086 0.0890914 
0.00987897 -0.0181591 -0.000115792 0.000192424 -0.0181591 0.0894158 0.000203796 -0.000524774 -0.000115792 0.000203796 0.0098855 -0.0181686 0.000192424 -0.000524774 -0.0181686 0.0892144 
0.00993013 -0.0181501 -5.52199e-05 0.000143307 -0.0181501 0.0892772 0.000157964 -0.000442053 -5.52199e-05 0.000157964 0.00984096 -0.018174 0.000143307 -0.000442053 -0.018174 0.089306 
0.00998984 -0.0182217 -4.47557e-05 9.86641e-05 -0.0182217 0.0893609 0.000108653 -0.000361593 -4.47557e-05 0.000108653 0.00981578 -0.0181192 9.86641e-05 -0.000361593 -0.0181192 0.0892497 
0.00999894 -0.0183114 -5.72387e-05 0.00010394 -0.0183114 0.0895651 0.000105858 -0.000338698 -5.72387e-05 0.000105858 0.00982529 -0.0180607 0.00010394 -0.000338698 -0.0180607 0.0890846 
0.00996746 -0.0183154 -7.17681e-05 8.92218e-05 -0.0183154 0.0896517 8.65562e-05 -0.000273734 -7.17681e-05 8.65562e-05 0.00987857 -0.0180893 8.92218e-05 -0.000273734 -0.0180893 0.0890809 
0.00997662 -0.0183094 -9.33831e-05 0.000124502 -0.0183094 0.0897049 0.00012275 -0.000326305 -9.33831e-05 0.00012275 0.00990069 -0.0181323 0.000124502 -0.000326305 -0.0181323 0.0891339 
0.0100156 -0.0183057 -8.33309e-05 0.000153104 -0.0183057 0.0896956 0.000151226 -0.0004033 -8.33309e-05 0.000151226 0.0098961 -0.0181901 0.000153104 -0.0004033 -0.0181901 0.0892922 
0.0100531 -0.0183664 -7.1902e-05 0.000143244 -0.0183664 0.0898105 0.000141716 -0.000423629 -7.1902e-05 0.000141716 0.00990697 -0.0181944 0.000143244 -0.000423629 -0.0181944 0.0893786 
0.0100672 -0.0184413 -6.58106e-05 0.000152411 -0.0184413 0.0900094 0.000151218 -0.000456869 -6.58106e-05 0.000151218 0.00988949 -0.0181583 0.000152411 -0.000456869 -0.0181583 0.089282 
0.0100606 -0.0184699 -5.70203e-05 0.000127702 -0.0184699 0.090153 0.000126978 -0.000413158 -5.70203e-05 0.000126978 0.00989193 -0.0181339 0.000127702 -0.000413158 -0.0181339 0.0891998 
0.0100234 -0.0184387 -8.12356e-05 0.000100677 -0.0184387 0.090128 9.97386e-05 -0.000331304 -8.12356e-05 9.97386e-05 0.0099464 -0.0181711 0.000100677 -0.000331304 -0.0181711 0.0892704 
0.0100039 -0.018386 -8.80125e-05 0.00013432 -0.018386 0.09001 0.000132257 -0.000350981 -8.80125e-05 0.000132257 0.00996189 -0.0182345 0.00013432 -0.000350981 -0.0182345 0.0893967 
