0.00711243 0 9.7901e-05 0 0 0.01 0 0 9.7901e-05 0 0.00750973 0 0 0 0 0.01 
0.0100629 -0.0124908 0.00012281 -0.000144838 -0.0124908 0.0331244 -0.000144838 0.000277153 0.00012281 -0.000144838 0.0105501 -0.0131055 -0.000144838 0.000277153 -0.0131055 0.0343033 
0.0102479 -0.0190173 0.000116613 -0.000181603 -0.0190173 0.0699253 -0.000181603 0.000535677 0.000116613 -0.000181603 0.0105636 -0.0197536 -0.000181603 0.000535677 -0.0197536 0.072364 
0.00977296 -0.0188333 0.000121392 -8.26487e-05 -0.0188333 0.0840857 -7.44922e-05 0.000176812 0.000121392 -7.44922e-05 0.010008 -0.0193752 -8.26487e-05 0.000176812 -0.0193752 0.0864831 
0.00976664 -0.0182652 0.00014539 -0.000106359 -0.0182652 0.0877413 -7.79605e-05 0.000134244 0.00014539 -7.79605e-05 0.0100417 -0.018692 -0.000106359 0.000134244 -0.018692 0.089374 
0.00988181 -0.0181846 0.000146766 -0.000125027 -0.0181846 0.0889286 -9.17048e-05 0.000187578 0.000146766 -9.17048e-05 0.0102547 -0.0186769 -0.000125027 0.000187578 -0.0186769 0.0902708 
0.00994918 -0.0182256 0.000161927 -0.000128424 -0.0182256 0.0894015 -0.000106434 0.000228463 0.000161927 -0.000106434 0.0104067 -0.0188584 -0.000128424 0.000228463 -0.0188584 0.0909739 
0.0099648 -0.018274 0.000198876 -0.000150833 -0.018274 0.0896076 -0.000143719 0.000286583 0.000198876 -0.000143719 0.0104506 -0.0189405 -0.000150833 0.000286583 -0.0189405 0.0913228 
0.00997513 -0.0182338 0.000198379 -0.00017561 -0.0182338 0.0895269 -0.000178599 0.000335281 0.000198379 -0.000178599 0.0104406 -0.0189794 -0.00017561 0.000335281 -0.0189794 0.0914907 
0.0100137 -0.0182813 0.000163334 -0.000175851 -0.0182813 0.0895841 -0.000182821 0.00035835 0.000163334 -0.000182821 0.010408 -0.0189219 -0.000175851 0.00035835 -0.0189219 0.0913924 
0.0100197 -0.0183337 0.000146983 -0.000131269 -0.0183337 0.0897009 -0.000137022 0.00029223 0.000146983 -0.000137022 0.010376 -0.0188645 -0.000131269 0.00029223 -0.0188645 0.0912079 
0.00997895 -0.0183217 0.000168363 -0.000107826 -0.0183217 0.0897144 -0.000108648 0.000210969 0.000168363 -0.000108648 0.0103495 -0.0188353 -0.000107826 0.000210969 -0.0188353 0.0910867 
0.00996551 -0.0182828 0.000168431 -0.000145003 -0.0182828 0.089671 -0.000142169 0.000243521 0.000168431 -0.000142169 0.0103472 -0.0188205 -0.000145003 0.000243521 -0.0188205 0.0910551 
0.00997313 -0.0182525 0.000119788 -0.000144912 -0.0182525 0.0895841 -0.000139862 0.000264926 0.000119788 -0.000139862 0.0103312 -0.018834 -0.000144912 0.000264926 -0.018834 0.0910888 
0.00999787 -0.0183073 9.51637e-05 -0.000105752 -0.0183073 0.0896888 -0.000100865 0.000230087 9.51637e-05 -0.000100865 0.010309 -0.0187811 -0.000105752 0.000230087 -0.0187811 0.09099 
0.00998846 -0.0183537 0.000131309 -7.91337e-05 -0.0183537 0.0898331 -7.5913e-05 0.000168768 0.000131309 -7.5913e-05 0.010326 -0.0187505 -7.91337e-05 0.000168768 -0.0187505 0.0908995 
0.0099735 -0.0183095 0.000133694 -9.48755e-05 -0.0183095 0.0897868 -9.60332e-05 0.000142788 0.000133694 -9.60332e-05 0.0103476 -0.018799 -9.48755e-05 0.000142788 -0.018799 0.090974 
0.00992193 -0.0182478 0.000112514 -6.97895e-05 -0.0182478 0.0896065 -7.58373e-05 8.18236e-05 0.000112514 -7.58373e-05 0.0103443 -0.0188388 -6.97895e-05 8.18236e-05 -0.0188388 0.0910823 
0.00991277 -0.0181849 5.65078e-05 -4.72409e-05 -0.0181849 0.0894397 -5.49605e-05 2.7709e-05 5.65078e-05 -5.49605e-05 0.0103103 -0.0188373 -4.72409e-05 2.7709e-05 -0.0188373 0.0911298 
0.00993243 -0.0181865 -1.10986e-07 -1.8779e-05 -0.0181865 0.0893858 -2.82636e-05 9.56028e-06 -1.10986e-07 -2.82636e-05 0.0102416 -0.0187766 -1.8779e-05 9.56028e-06 -0.0187766 0.091025 
0.00993051 -0.0182253 -9.26182e-06 4.57668e-05 -0.0182253 0.089452 3.59757e-05 -0.000101355 -9.26182e-06 3.59757e-05 0.0101984 -0.0186685 4.57668e-05 -0.000101355 -0.0186685 0.0907749 
0.00995375 -0.0182754 2.94895e-05 2.47458e-05 -0.0182754 0.0896221 2.05796e-05 -9.36643e-05 2.94895e-05 2.05796e-05 0.0101766 -0.0185766 2.47458e-05 -9.36643e-05 -0.0185766 0.0904922 
0.00999024 -0.0183334 6.43493e-05 -3.79334e-05 -0.0183334 0.0898072 -3.70759e-05 2.65856e-05 6.43493e-05 -3.70759e-05 0.0101889 -0.0185297 -3.79334e-05 2.65856e-05 -0.0185297 0.090294 
0.009952 -0.0183 9.69466e-05 -4.80072e-05 -0.0183 0.0897366 -4.51973e-05 6.30837e-05 9.69466e-05 -4.51973e-05 0.0102391 -0.0186145 -4.80072e-05 6.30837e-05 -0.0186145 0.090435 
0.00993182 -0.018239 0.000114317 -7.97574e-05 -0.018239 0.0895921 -7.60652e-05 0.000115017 0.000114317 -7.60652e-05 0.0102287 -0.018684 -7.97574e-05 0.000115017 -0.018684 0.0906228 
0.00991108 -0.0182026 0.00013235 -8.86432e-05 -0.0182026 0.0894584 -8.51915e-05 0.000138478 0.00013235 -8.51915e-05 0.0102154 -0.0186761 -8.86432e-05 0.000138478 -0.0186761 0.0906945 
0.00992538 -0.0182074 0.000126482 -0.000116645 -0.0182074 0.0894533 -0.000114653 0.000191621 0.000126482 -0.000114653 0.0102162 -0.0186448 -0.000116645 0.000191621 -0.0186448 0.0906548 
0.00990825 -0.0182122 0.000148451 -0.000120863 -0.0182122 0.0894432 -0.000120381 0.000239767 0.000148451 -0.000120381 0.0102466 -0.018652 -0.000120863 0.000239767 -0.018652 0.0906497 
0.00988335 -0.0181567 0.000149306 -0.000122999 -0.0181567 0.0893147 -0.00012174 0.000227643 0.000149306 -0.00012174 0.0102642 -0.0187154 -0.000122999 0.000227643 -0.0187154 0.0907773 
0.00987973 -0.018127 0.000154596 -0.000139874 -0.018127 0.0892115 -0.000136958 0.000269693 0.000154596 -0.000136958 0.0102593 -0.0187353 -0.000139874 0.000269693 -0.0187353 0.0908682 
0.00990804 -0.0181508 0.000131434 -0.00014597 -0.0181508 0.0892409 -0.000142615 0.000290744 0.000131434 -0.000142615 0.0102305 -0.0187054 -0.00014597 0.000290744 -0.0187054 0.0908265 
0.00988054 -0.0181387 0.000108738 -9.1596e-05 -0.0181387 0.0891868 -8.61329e-05 0.000184224 0.000108738 -8.61329e-05 0.0102326 -0.0186987 -9.1596e-05 0.000184224 -0.0186987 0.0908171 
0.00990578 -0.018155 9.42629e-05 -7.95416e-05 -0.018155 0.0892541 -7.75046e-05 0.000131735 9.42629e-05 -7.75046e-05 0.0102463 -0.0186776 -7.95416e-05 0.000131735 -0.0186776 0.0907629 
0.00994532 -0.018196 9.27252e-05 -7.49133e-05 -0.018196 0.0893509 -7.63905e-05 0.000128189 9.27252e-05 -7.63905e-05 0.0102578 -0.0186839 -7.49133e-05 0.000128189 -0.0186839 0.0907343 
0.00995702 -0.0182444 8.74812e-05 -7.02905e-05 -0.0182444 0.0894665 -7.06734e-05 0.00011636 8.74812e-05 -7.06734e-05 0.0102668 -0.0186951 -7.02905e-05 0.00011636 -0.0186951 0.0907364 
0.00997269 -0.0182914 8.99076e-05 -7.50447e-05 -0.0182914 0.0896289 -7.19743e-05 0.00012926 8.99076e-05 -7.19743e-05 0.0102404 -0.0186845 -7.50447e-05 0.00012926 -0.0186845 0.0906963 
0.00996489 -0.018292 0.000101758 -7.76201e-05 -0.018292 0.0896762 -7.4284e-05 0.000142036 0.000101758 -7.4284e-05 0.0102326 -0.0186702 -7.76201e-05 0.000142036 -0.0186702 0.0906779 
0.0099517 -0.0182476 8.609e-05 -8.31867e-05 -0.0182476 0.0895838 -7.95263e-05 0.000145576 8.609e-05 -7.95263e-05 0.0102398 -0.0187001 -8.31867e-05 0.000145576 -0.0187001 0.0907674 
0.00995126 -0.0182413 7.24378e-05 -6.05119e-05 -0.0182413 0.0895403 -5.67333e-05 0.00011073 7.24378e-05 -5.67333e-05 0.0102363 -0.0186954 -6.05119e-05 0.00011073 -0.0186954 0.0907818 
0.00992903 -0.0182198 6.53723e-05 -3.26357e-05 -0.0182198 0.0894681 -3.14724e-05 3.95257e-05 6.53723e-05 -3.14724e-05 0.0102453 -0.0187041 -3.26357e-05 3.95257e-05 -0.0187041 0.090811 
0.00991212 -0.0181859 3.94195e-05 -1.76501e-05 -0.0181859 0.0893782 -1.92172e-05 -1.69558e-05 3.94195e-05 -1.92172e-05 0.0102096 -0.0187086 -1.76501e-05 -1.69558e-05 -0.0187086 0.090817 
0.0099028 -0.0181838 3.25339e-05 9.09126e-06 -0.0181838 0.0893603 3.32622e-06 -7.02025e-05 3.25339e-05 3.32622e-06 0.0101874 -0.018658 9.09126e-06 -7.02025e-05 -0.018658 0.0907431 
0.00991311 -0.0182042 3.91508e-05 6.29177e-06 -0.0182042 0.0894237 -4.12645e-06 -7.39346e-05 3.91508e-05 -4.12645e-06 0.0102038 -0.0186113 6.29177e-06 -7.39346e-05 -0.0186113 0.0906215 
0.00992136 -0.0182255 5.88872e-05 -1.97695e-05 -0.0182255 0.0894901 -2.97516e-05 -9.46359e-06 5.88872e-05 -2.97516e-05 0.0102269 -0.0186148 -1.97695e-05 -9.46359e-06 -0.0186148 0.0905518 
0.00995424 -0.0182539 7.02399e-05 -4.80404e-05 -0.0182539 0.0895823 -5.39578e-05 5.92676e-05 7.02399e-05 -5.39578e-05 0.0102739 -0.0186466 -4.80404e-05 5.92676e-05 -0.0186466 0.0905933 
0.00996413 -0.0182429 4.35482e-05 -4.32326e-05 -0.0182429 0.0895394 -4.50577e-05 5.59457e-05 4.35482e-05 -4.50577e-05 0.0103247 -0.0187499 -4.32326e-05 5.59457e-05 -0.0187499 0.0908248 
0.00998281 -0.0182274 1.16488e-05 3.23358e-07 -0.0182274 0.0894678 1.4217e-06 -2.90391e-05 1.16488e-05 1.4217e-06 0.0103319 -0.0188425 3.23358e-07 -2.90391e-05 -0.0188425 0.091101 
0.00999512 -0.018251 -1.88395e-05 4.85048e-05 -0.018251 0.0894798 5.59162e-05 -0.000162629 -1.88395e-05 5.59162e-05 0.0103262 -0.0188567 4.85048e-05 -0.000162629 -0.0188567 0.091237 
0.0100311 -0.0183349 6.43041e-06 3.94948e-05 -0.0183349 0.089703 5.51847e-05 -0.000162773 6.43041e-06 5.51847e-05 0.0103089 -0.0188046 3.94948e-05 -0.000162773 -0.0188046 0.0911472 
0.0100329 -0.018391 5.48965e-05 6.31341e-06 -0.018391 0.0898983 2.47101e-05 -0.000107959 5.48965e-05 2.47101e-05 0.0103088 -0.0187739 6.31341e-06 -0.000107959 -0.0187739 0.0910436 
0.0100224 -0.0183867 7.72108e-05 -3.97248e-05 -0.0183867 0.0899594 -2.77265e-05 -1.21424e-05 7.72108e-05 -2.77265e-05 0.0103018 -0.0187703 -3.97248e-05 -1.21424e-05 -0.0187703 0.0909895 
0.0100125 -0.0183556 7.49903e-05 -5.31767e-05 -0.0183556 0.0899052 -4.92227e-05 5.04578e-05 7.49903e-05 -4.92227e-05 0.010265 -0.0187544 -5.31767e-05 5.04578e-05 -0.0187544 0.090928 
0.010003 -0.0183302 7.55259e-05 -4.91389e-05 -0.0183302 0.0898261 -5.10612e-05 6.98564e-05 7.55259e-05 -5.10612e-05 0.0102598 -0.0187199 -4.91389e-05 6.98564e-05 -0.0187199 0.0908636 
0.00997179 -0.0182928 8.88911e-05 -5.2903e-05 -0.0182928 0.0897012 -5.28063e-05 8.37263e-05 8.88911e-05 -5.28063e-05 0.010244 -0.0187094 -5.2903e-05 8.37263e-05 -0.0187094 0.0907995 
0.00994258 -0.0182606 0.000103759 -6.44023e-05 -0.0182606 0.0896071 -5.82614e-05 8.92676e-05 0.000103759 -5.82614e-05 0.0102428 -0.0186922 -6.44023e-05 8.92676e-05 -0.0186922 0.0907615 
0.00993229 -0.0182347 0.000119942 -9.25392e-05 -0.0182347 0.0895384 -8.80741e-05 0.000149069 0.000119942 -8.80741e-05 0.0102261 -0.0186816 -9.25392e-05 0.000149069 -0.0186816 0.0907243 
0.00992685 -0.0181839 9.21062e-05 -0.000104332 -0.0181839 0.0893849 -0.000107435 0.00019663 9.21062e-05 -0.000107435 0.0101877 -0.0186842 -0.000104332 0.00019663 -0.0186842 0.0907408 
0.0099551 -0.0181835 2.65266e-05 -7.05321e-05 -0.0181835 0.0893311 -8.44204e-05 0.000175828 2.65266e-05 -8.44204e-05 0.0101297 -0.0186303 -7.05321e-05 0.000175828 -0.0186303 0.0906609 
0.00997422 -0.018226 -2.32732e-05 1.14555e-05 -0.018226 0.0893919 -8.13205e-06 3.57181e-05 -2.32732e-05 -8.13205e-06 0.0101214 -0.0185513 1.14555e-05 3.57181e-05 -0.0185513 0.0904911 
0.00997113 -0.0182351 -2.29642e-05 7.08595e-05 -0.0182351 0.0894177 5.27303e-05 -0.000121596 -2.29642e-05 5.27303e-05 0.0101126 -0.0185325 7.08595e-05 -0.000121596 -0.0185325 0.090367 
0.0099316 -0.018228 2.20734e-05 8.32556e-05 -0.018228 0.0894087 7.10393e-05 -0.000227258 2.20734e-05 7.10393e-05 0.0101151 -0.0185203 8.32556e-05 -0.000227258 -0.0185203 0.0903065 
0.00987947 -0.0181865 6.48929e-05 3.48628e-05 -0.0181865 0.0893485 2.85087e-05 -0.000199451 6.48929e-05 2.85087e-05 0.010128 -0.0185074 3.48628e-05 -0.000199451 -0.0185074 0.0902418 
0.00986772 -0.018136 6.15865e-05 -4.83843e-05 -0.018136 0.0892561 -5.04242e-05 -1.53071e-05 6.15865e-05 -5.04242e-05 0.0101375 -0.0185211 -4.83843e-05 -1.53071e-05 -0.0185211 0.0902454 
0.00986909 -0.0181243 2.86876e-05 -3.98489e-05 -0.0181243 0.0891993 -3.51648e-05 3.65572e-05 2.86876e-05 -3.51648e-05 0.0101365 -0.0185264 -3.98489e-05 3.65572e-05 -0.0185264 0.0902492 
0.00987458 -0.0181209 -3.28909e-06 -5.97656e-06 -0.0181209 0.0891726 4.36716e-06 -1.17176e-05 -3.28909e-06 4.36716e-06 0.0101562 -0.0185484 -5.97656e-06 -1.17176e-05 -0.0185484 0.0903236 
0.00988237 -0.0181544 9.06396e-07 2.31704e-05 -0.0181544 0.0892473 3.52793e-05 -7.49945e-05 9.06396e-07 3.52793e-05 0.0101719 -0.0185561 2.31704e-05 -7.49945e-05 -0.0185561 0.0903498 
0.00987973 -0.0181545 -1.8868e-05 3.29878e-05 -0.0181545 0.0892708 4.27962e-05 -0.00013125 -1.8868e-05 4.27962e-05 0.0101994 -0.0185929 3.29878e-05 -0.00013125 -0.0185929 0.0904421 
0.00986058 -0.0181144 -2.71557e-05 6.93693e-05 -0.0181144 0.08917 7.58626e-05 -0.000211071 -2.71557e-05 7.58626e-05 0.0101896 -0.0186389 6.93693e-05 -0.000211071 -0.0186389 0.0905566 
0.00988217 -0.0181011 -4.11113e-05 7.31266e-05 -0.0181011 0.0891206 7.50735e-05 -0.000240553 -4.11113e-05 7.50735e-05 0.0101634 -0.0186379 7.31266e-05 -0.000240553 -0.0186379 0.0906284 
0.00989408 -0.0181285 -2.82553e-05 8.68356e-05 -0.0181285 0.0891435 8.33186e-05 -0.000258211 -2.82553e-05 8.33186e-05 0.0101453 -0.0185973 8.68356e-05 -0.000258211 -0.0185973 0.0905732 
0.00986931 -0.018147 2.14808e-05 6.98895e-05 -0.018147 0.0891952 6.35901e-05 -0.000233871 2.14808e-05 6.35901e-05 0.0101688 -0.0185713 6.98895e-05 -0.000233871 -0.0185713 0.0904967 
0.0098674 -0.0181709 5.25792e-05 -9.20998e-06 -0.0181709 0.0893173 -1.48366e-05 -7.67948e-05 5.25792e-05 -1.48366e-05 0.0101674 -0.0185458 -9.20998e-06 -7.67948e-05 -0.0185458 0.0903606 
0.00987577 -0.0181424 4.01645e-05 -4.54093e-05 -0.0181424 0.0892859 -4.98338e-05 5.11618e-05 4.01645e-05 -4.98338e-05 0.0101591 -0.0185691 -4.54093e-05 5.11618e-05 -0.0185691 0.090379 
0.009874 -0.0181469 4.23862e-05 -1.24119e-05 -0.0181469 0.0892687 -1.67971e-05 2.33437e-05 4.23862e-05 -1.67971e-05 0.0101418 -0.0185563 -1.24119e-05 2.33437e-05 -0.0185563 0.0903642 
0.00988709 -0.0181638 7.46738e-05 -3.35121e-05 -0.0181638 0.0893148 -3.60472e-05 5.1667e-05 7.46738e-05 -3.60472e-05 0.0100998 -0.0185213 -3.35121e-05 5.1667e-05 -0.0185213 0.0902873 
0.00985816 -0.0181584 0.000106228 -5.73284e-05 -0.0181584 0.0893052 -5.76611e-05 8.2163e-05 0.000106228 -5.76611e-05 0.0101049 -0.0184886 -5.73284e-05 8.2163e-05 -0.0184886 0.0902261 
0.00983215 -0.0181198 0.000111962 -9.04455e-05 -0.0181198 0.08924 -9.0143e-05 0.000140662 0.000111962 -9.0143e-05 0.0101229 -0.0184954 -9.04455e-05 0.000140662 -0.0184954 0.0902121 
0.00977828 -0.0180304 7.96836e-05 -8.08973e-05 -0.0180304 0.0889967 -7.89672e-05 0.000138171 7.96836e-05 -7.89672e-05 0.0101308 -0.0185412 -8.08973e-05 0.000138171 -0.0185412 0.0902976 
0.00975614 -0.0179715 2.8322e-05 -5.54736e-05 -0.0179715 0.0888111 -5.12153e-05 0.000107707 2.8322e-05 -5.12153e-05 0.0100836 -0.0185275 -5.54736e-05 0.000107707 -0.0185275 0.0902839 
0.00978184 -0.0179852 -1.00398e-05 -3.1267e-06 -0.0179852 0.0888124 -1.24686e-06 1.6348e-05 -1.00398e-05 -1.24686e-06 0.0100473 -0.0184519 -3.1267e-06 1.6348e-05 -0.0184519 0.090154 
0.00980153 -0.0180679 -1.17021e-05 2.46443e-05 -0.0180679 0.0890045 2.65427e-05 -5.36834e-05 -1.17021e-05 2.65427e-05 0.0100563 -0.0183694 2.46443e-05 -5.36834e-05 -0.0183694 0.0899303 
0.00984069 -0.0181235 2.68335e-05 1.15097e-05 -0.0181235 0.0892159 1.28371e-05 -4.3647e-05 2.68335e-05 1.28371e-05 0.0101098 -0.018382 1.15097e-05 -4.3647e-05 -0.018382 0.0898738 
0.00985776 -0.0181002 3.70213e-05 -2.30735e-05 -0.0181002 0.0891684 -1.60235e-05 2.67655e-06 3.70213e-05 -1.60235e-05 0.0101345 -0.0185025 -2.30735e-05 2.67655e-06 -0.0185025 0.0901057 
0.00984934 -0.0180906 1.70926e-05 -5.27308e-07 -0.0180906 0.0890921 8.97677e-06 -5.1776e-05 1.70926e-05 8.97677e-06 0.0101378 -0.0185543 -5.27308e-07 -5.1776e-05 -0.0185543 0.0903162 
0.00985607 -0.0181071 1.7071e-05 2.47159e-05 -0.0181071 0.0891257 2.96768e-05 -0.000112376 1.7071e-05 2.96768e-05 0.0101008 -0.0185306 2.47159e-05 -0.000112376 -0.0185306 0.0903173 
0.00983149 -0.0180822 2.16904e-05 4.72911e-05 -0.0180822 0.0890661 4.5307e-05 -0.000190453 2.16904e-05 4.5307e-05 0.0100936 -0.0185063 4.72911e-05 -0.000190453 -0.0185063 0.0902873 
0.00985707 -0.0180699 -1.75516e-05 2.30561e-05 -0.0180699 0.0890423 1.54193e-05 -0.000153572 -1.75516e-05 1.54193e-05 0.0100716 -0.0184932 2.30561e-05 -0.000153572 -0.0184932 0.0902544 
0.00988945 -0.0181318 -3.05688e-05 4.4042e-05 -0.0181318 0.0891597 3.65853e-05 -0.000130585 -3.05688e-05 3.65853e-05 0.0100563 -0.0184344 4.4042e-05 -0.000130585 -0.0184344 0.0901105 
0.00991262 -0.0181722 -2.89148e-05 5.49145e-05 -0.0181722 0.0892839 5.33615e-05 -0.000152882 -2.89148e-05 5.33615e-05 0.0100765 -0.0184297 5.49145e-05 -0.000152882 -0.0184297 0.0900628 
0.00996019 -0.0182598 1.43536e-05 2.30664e-05 -0.0182598 0.0895349 2.66011e-05 -8.94284e-05 1.43536e-05 2.66011e-05 0.0101127 -0.0184292 2.30664e-05 -8.94284e-05 -0.0184292 0.0900316 
0.00995144 -0.018285 3.16183e-05 1.88251e-06 -0.018285 0.0896352 6.29657e-06 -6.08983e-05 3.16183e-05 6.29657e-06 0.0101384 -0.0184924 1.88251e-06 -6.08983e-05 -0.0184924 0.0901294 
0.00991907 -0.0182601 4.7379e-05 -1.45211e-05 -0.0182601 0.089615 -1.05949e-05 -2.22007e-05 4.7379e-05 -1.05949e-05 0.0101323 -0.0185274 -1.45211e-05 -2.22007e-05 -0.0185274 0.0902329 
0.00991743 -0.0182181 4.39704e-05 -3.25827e-05 -0.0182181 0.0895367 -2.98438e-05 2.0828e-05 4.39704e-05 -2.98438e-05 0.0101141 -0.0185303 -3.25827e-05 2.0828e-05 -0.0185303 0.0902946 
0.00992561 -0.018181 5.01085e-05 -1.18e-05 -0.018181 0.0894032 -1.10807e-05 -1.09214e-05 5.01085e-05 -1.10807e-05 0.0101313 -0.0185397 -1.18e-05 -1.09214e-05 -0.0185397 0.0903651 
0.00990211 -0.0181351 6.02875e-05 -9.04323e-06 -0.0181351 0.0892096 -9.6175e-06 -4.10897e-05 6.02875e-05 -9.6175e-06 0.0101608 -0.0185919 -9.04323e-06 -4.10897e-05 -0.0185919 0.0904965 
0.0099321 -0.0181266 2.0714e-05 -3.0181e-05 -0.0181266 0.089143 -3.1027e-05 -5.06492e-06 2.0714e-05 -3.1027e-05 0.0101189 -0.0186087 -3.0181e-05 -5.06492e-06 -0.0186087 0.0905546 
0.00994414 -0.0181706 -1.4682e-05 2.25596e-05 -0.0181706 0.0892011 2.38911e-05 -7.63332e-05 -1.4682e-05 2.38911e-05 0.0100945 -0.0185594 2.25596e-05 -7.63332e-05 -0.0185594 0.0905039 
0.00999646 -0.0182836 -2.23848e-05 2.48736e-05 -0.0182836 0.0895279 2.86609e-05 -8.00106e-05 -2.23848e-05 2.86609e-05 0.0100959 -0.0184643 2.48736e-05 -8.00106e-05 -0.0184643 0.0902607 
0.00999551 -0.0183209 2.04352e-06 5.07334e-05 -0.0183209 0.0896879 5.13245e-05 -0.000132868 2.04352e-06 5.13245e-05 0.0101214 -0.0184801 5.07334e-05 -0.000132868 -0.0184801 0.0901868 
0.00998621 -0.0183242 3.6839e-05 1.96589e-05 -0.0183242 0.0897564 1.37017e-05 -9.41937e-05 3.6839e-05 1.37017e-05 0.0101532 -0.0185248 1.96589e-05 -9.41937e-05 -0.0185248 0.0902635 
0.0099821 -0.0182998 4.20686e-05 -1.14746e-05 -0.0182998 0.0897235 -1.68754e-05 -3.5362e-05 4.20686e-05 -1.68754e-05 0.0101662 -0.0185739 -1.14746e-05 -3.5362e-05 -0.0185739 0.0903871 
0.00996882 -0.0182465 8.43685e-07 -3.98678e-06 -0.0182465 0.0895681 -1.404e-06 -4.24493e-05 8.43685e-07 -1.404e-06 0.0101517 -0.0186193 -3.98678e-06 -4.24493e-05 -0.0186193 0.0905356 
0.00999707 -0.0182835 -3.31257e-06 1.98668e-05 -0.0182835 0.0896273 2.66515e-05 -6.83133e-05 -3.31257e-06 2.66515e-05 0.0101546 -0.0185736 1.98668e-05 -6.83133e-05 -0.0185736 0.0904981 
0.0100116 -0.0183637 3.44194e-05 2.05306e-05 -0.0183637 0.0898321 2.34651e-05 -8.1707e-05 3.44194e-05 2.34651e-05 0.010199 -0.0185426 2.05306e-05 -8.1707e-05 -0.0185426 0.0903827 
0.00997571 -0.0183396 8.82065e-05 -1.12234e-05 -0.0183396 0.0898297 -1.37711e-05 -3.9806e-05 8.82065e-05 -1.37711e-05 0.0102485 -0.0186196 -1.12234e-05 -3.9806e-05 -0.0186196 0.0904722 
0.0099667 -0.0182821 7.46796e-05 -5.40187e-05 -0.0182821 0.0897158 -5.93417e-05 2.87903e-05 7.46796e-05 -5.93417e-05 0.0102824 -0.0187047 -5.40187e-05 2.87903e-05 -0.0187047 0.0906906 
0.00999441 -0.0182869 6.61553e-05 -5.86607e-05 -0.0182869 0.0896863 -6.50475e-05 9.77031e-05 6.61553e-05 -6.50475e-05 0.0102827 -0.0187301 -5.86607e-05 9.77031e-05 -0.0187301 0.090798 
0.0100166 -0.0182967 6.08726e-05 -4.76646e-05 -0.0182967 0.0896671 -5.60352e-05 9.98865e-05 6.08726e-05 -5.60352e-05 0.0102741 -0.0187539 -4.76646e-05 9.98865e-05 -0.0187539 0.0908965 
0.0100223 -0.018285 3.2029e-05 -2.34351e-05 -0.018285 0.0896029 -2.95157e-05 3.67974e-05 3.2029e-05 -2.95157e-05 0.0102714 -0.0187835 -2.34351e-05 3.67974e-05 -0.0187835 0.091027 
0.0100052 -0.0183026 2.99101e-05 1.15875e-05 -0.0183026 0.0896179 1.33031e-05 -5.19466e-05 2.99101e-05 1.33031e-05 0.0102583 -0.0187624 1.15875e-05 -5.19466e-05 -0.0187624 0.0910162 
0.00996768 -0.0182898 4.79617e-05 1.27347e-05 -0.0182898 0.0896201 1.78198e-05 -9.62276e-05 4.79617e-05 1.78198e-05 0.0102483 -0.0187399 1.27347e-05 -9.62276e-05 -0.0187399 0.0909628 
0.00993039 -0.0182412 5.33051e-05 -6.03851e-06 -0.0182412 0.0895399 -3.19971e-06 -7.83609e-05 5.33051e-05 -3.19971e-06 0.0102296 -0.0187185 -6.03851e-06 -7.83609e-05 -0.0187185 0.090894 
0.00990774 -0.0181932 3.01058e-05 -1.71119e-05 -0.0181932 0.0894228 -1.79362e-05 -3.64367e-05 3.01058e-05 -1.79362e-05 0.0101925 -0.0186827 -1.71119e-05 -3.64367e-05 -0.0186827 0.0907938 
0.00988191 -0.0181912 4.79651e-05 -5.2444e-06 -0.0181912 0.0894031 -8.34062e-06 -1.95662e-05 4.79651e-05 -8.34062e-06 0.0101743 -0.0186156 -5.2444e-06 -1.95662e-05 -0.0186156 0.0906299 
0.00990256 -0.0182103 6.20706e-05 -4.07055e-05 -0.0182103 0.0894911 -4.0926e-05 4.21777e-05 6.20706e-05 -4.0926e-05 0.0101621 -0.0185547 -4.07055e-05 4.21777e-05 -0.0185547 0.0904283 
0.00991438 -0.0182129 5.20398e-05 -4.71741e-05 -0.0182129 0.0894994 -4.37063e-05 6.44213e-05 5.20398e-05 -4.37063e-05 0.0101758 -0.0185533 -4.71741e-05 6.44213e-05 -0.0185533 0.0903626 
0.00991539 -0.0181921 2.45004e-05 -2.43563e-05 -0.0181921 0.0894293 -1.83442e-05 2.01174e-05 2.45004e-05 -1.83442e-05 0.0102107 -0.0186088 -2.43563e-05 2.01174e-05 -0.0186088 0.0904788 
0.00991844 -0.0181939 5.01672e-06 1.15381e-05 -0.0181939 0.0894024 1.84063e-05 -6.07557e-05 5.01672e-06 1.84063e-05 0.0102282 -0.0186519 1.15381e-05 -6.07557e-05 -0.0186519 0.0905994 
0.00994119 -0.0182314 -8.36707e-06 2.81223e-05 -0.0182314 0.0894903 3.59752e-05 -0.000117175 -8.36707e-06 3.59752e-05 0.0102346 -0.0186582 2.81223e-05 -0.000117175 -0.0186582 0.0906467 
0.00992306 -0.0182193 2.6076e-05 4.20762e-05 -0.0182193 0.0894623 4.80114e-05 -0.000150499 2.6076e-05 4.80114e-05 0.0102553 -0.0187022 4.20762e-05 -0.000150499 -0.0187022 0.0907708 
0.00989288 -0.0181685 4.14253e-05 2.25362e-05 -0.0181685 0.0893357 2.54346e-05 -0.000155022 4.14253e-05 2.54346e-05 0.0102624 -0.0187392 2.25362e-05 -0.000155022 -0.0187392 0.0908853 
0.00987838 -0.0181447 5.45208e-05 -3.38183e-06 -0.0181447 0.0892568 -3.79075e-06 -9.4279e-05 5.45208e-05 -3.79075e-06 0.0102543 -0.0187336 -3.38183e-06 -9.4279e-05 -0.0187336 0.090905 
0.00989802 -0.0181933 8.7865e-05 -4.44003e-05 -0.0181933 0.0893791 -5.10827e-05 3.03441e-05 8.7865e-05 -5.10827e-05 0.0102327 -0.0186662 -4.44003e-05 3.03441e-05 -0.0186662 0.0907359 
0.00991279 -0.0182018 0.000110852 -7.12551e-05 -0.0182018 0.0894286 -7.9778e-05 0.000110833 0.000110852 -7.9778e-05 0.0102121 -0.0186352 -7.12551e-05 0.000110833 -0.0186352 0.0905979 
0.00996501 -0.018241 0.000100815 -0.000101357 -0.018241 0.0895356 -0.000108736 0.00018474 0.000100815 -0.000108736 0.0101945 -0.0186131 -0.000101357 0.00018474 -0.0186131 0.0905279 
0.00998269 -0.0182935 0.000116277 -9.30596e-05 -0.0182935 0.0896482 -0.000100978 0.000207841 0.000116277 -0.000100978 0.0102226 -0.0186061 -9.30596e-05 0.000207841 -0.0186061 0.0905048 
0.00995519 -0.0182897 0.000155436 -0.000102677 -0.0182897 0.0896615 -0.000110922 0.000215754 0.000155436 -0.000110922 0.0102935 -0.0186638 -0.000102677 0.000215754 -0.0186638 0.090611 
0.00990753 -0.0182275 0.000195182 -0.000137325 -0.0182275 0.0895297 -0.000145035 0.000263287 0.000195182 -0.000145035 0.0103451 -0.0187717 -0.000137325 0.000263287 -0.0187717 0.0908511 
0.00990388 -0.0181876 0.000193302 -0.000191907 -0.0181876 0.0894283 -0.000198114 0.000377929 0.000193302 -0.000198114 0.0103565 -0.0188318 -0.000191907 0.000377929 -0.0188318 0.091052 
0.00991446 -0.0182168 0.000206207 -0.000199824 -0.0182168 0.089473 -0.000201951 0.000442877 0.000206207 -0.000201951 0.0103693 -0.0188294 -0.000199824 0.000442877 -0.0188294 0.0911082 
0.00988404 -0.0181728 0.000189903 -0.000175478 -0.0181728 0.089366 -0.000176427 0.000377739 0.000189903 -0.000176427 0.0103663 -0.0188697 -0.000175478 0.000377739 -0.0188697 0.0911979 
0.0098676 -0.0181435 0.000170727 -0.000162903 -0.0181435 0.0892857 -0.000163581 0.000336075 0.000170727 -0.000163581 0.010348 -0.0188632 -0.000162903 0.000336075 -0.0188632 0.0912252 
0.0098588 -0.0181331 0.000169281 -0.000156271 -0.0181331 0.0892486 -0.000157012 0.000330414 0.000169281 -0.000157012 0.0102987 -0.0188219 -0.000156271 0.000330414 -0.0188219 0.0911392 
0.0098602 -0.0181146 0.000135271 -0.000143808 -0.0181146 0.0891976 -0.000143312 0.00029074 0.000135271 -0.000143312 0.0102353 -0.018756 -0.000143808 0.00029074 -0.018756 0.0909904 
0.00988378 -0.018151 0.000137389 -0.00013639 -0.018151 0.0892712 -0.000135113 0.000300629 0.000137389 -0.000135113 0.0101845 -0.0186429 -0.00013639 0.000300629 -0.0186429 0.0907148 
0.00985915 -0.0181305 0.000147735 -0.000115412 -0.0181305 0.089213 -0.000116162 0.00024462 0.000147735 -0.000116162 0.0101766 -0.0186023 -0.000115412 0.00024462 -0.0186023 0.0905521 
0.00983439 -0.0181304 0.000165964 -0.000133413 -0.0181304 0.0892227 -0.000135277 0.000254765 0.000165964 -0.000135277 0.0102094 -0.0185776 -0.000133413 0.000254765 -0.0185776 0.0904482 
0.00980988 -0.0181167 0.000195064 -0.000160177 -0.0181167 0.0892247 -0.000161872 0.000311412 0.000195064 -0.000161872 0.0102592 -0.0186072 -0.000160177 0.000311412 -0.0186072 0.0904465 
0.00977649 -0.0180574 0.00021658 -0.000193508 -0.0180574 0.0890929 -0.00019444 0.000385805 0.00021658 -0.00019444 0.0103171 -0.0186928 -0.000193508 0.000385805 -0.0186928 0.0906165 
0.00975862 -0.0179889 0.000206651 -0.000201852 -0.0179889 0.0888951 -0.000200015 0.000410167 0.000206651 -0.000200015 0.010336 -0.0187801 -0.000201852 0.000410167 -0.0187801 0.0908435 
0.00976234 -0.0180115 0.000219371 -0.000199568 -0.0180115 0.0889061 -0.000196774 0.0004189 0.000219371 -0.000196774 0.0103466 -0.0187886 -0.000199568 0.0004189 -0.0187886 0.0909431 
0.00981468 -0.0180863 0.000214523 -0.000231581 -0.0180863 0.089124 -0.000230509 0.000482543 0.000214523 -0.000230509 0.0103495 -0.0187631 -0.000231581 0.000482543 -0.0187631 0.0908966 
0.00983395 -0.0180984 0.000194602 -0.000198459 -0.0180984 0.0891752 -0.000198647 0.000437622 0.000194602 -0.000198647 0.0103335 -0.0188016 -0.000198459 0.000437622 -0.0188016 0.0909611 
0.00984978 -0.0181202 0.000182544 -0.000185701 -0.0181202 0.0892282 -0.000184813 0.000402784 0.000182544 -0.000184813 0.0103056 -0.0187915 -0.000185701 0.000402784 -0.0187915 0.0909935 
0.00987719 -0.0181451 0.000169708 -0.00019099 -0.0181451 0.0892961 -0.000190879 0.000422689 0.000169708 -0.000190879 0.0102712 -0.0187552 -0.00019099 0.000422689 -0.0187552 0.0909426 
0.00989579 -0.0181666 0.000130703 -0.000170366 -0.0181666 0.0893407 -0.000172151 0.000398148 0.000130703 -0.000172151 0.0102602 -0.0187186 -0.000170366 0.000398148 -0.0187186 0.0908662 
0.00986425 -0.0181513 0.000105868 -0.000100539 -0.0181513 0.0892911 -0.00010175 0.00025222 0.000105868 -0.00010175 0.0103186 -0.0187385 -0.000100539 0.00025222 -0.0187385 0.0909026 
0.00983684 -0.0181046 9.18387e-05 -6.7429e-05 -0.0181046 0.0891798 -6.40131e-05 0.000128758 9.18387e-05 -6.40131e-05 0.0103164 -0.0187961 -6.7429e-05 0.000128758 -0.0187961 0.0909841 
0.00981856 -0.0180724 6.82665e-05 -3.10652e-05 -0.0180724 0.0890814 -2.71085e-05 5.47555e-06 6.82665e-05 -2.71085e-05 0.010295 -0.0187932 -3.10652e-05 5.47555e-06 -0.0187932 0.0910214 
0.00983633 -0.0180972 6.56525e-05 -3.61339e-05 -0.0180972 0.0891375 -3.46521e-05 4.19665e-06 6.56525e-05 -3.46521e-05 0.0102698 -0.0187282 -3.61339e-05 4.19665e-06 -0.0187282 0.0908881 
