0.00800352 0 0.000409233 0 0 0.01 0 0 0.000409233 0 0.00654403 0 0 0 0 0.01 
0.0111381 -0.0138149 0.000499491 -0.000610593 -0.0138149 0.0356631 -0.000610593 0.00117105 0.000499491 -0.000610593 0.00938329 -0.0116701 -0.000610593 0.00117105 -0.0116701 0.0315507 
0.0110573 -0.0204922 0.000389723 -0.000652771 -0.0204922 0.0746172 -0.000652771 0.00205105 0.000389723 -0.000652771 0.0095823 -0.0181018 -0.000652771 0.00205105 -0.0181018 0.0671187 
0.0104365 -0.0198497 0.0003104 -0.000411258 -0.0198497 0.0878411 -0.00041894 0.00139636 0.0003104 -0.00041894 0.00910939 -0.0181801 -0.000411258 0.00139636 -0.0181801 0.0823461 
0.010403 -0.0190509 0.000315877 -0.000345603 -0.0190509 0.0901115 -0.00035394 0.000926288 0.000315877 -0.00035394 0.00910327 -0.0176198 -0.000345603 0.000926288 -0.0176198 0.0864626 
0.0105799 -0.0189751 0.00033671 -0.000362446 -0.0189751 0.0908371 -0.000360214 0.000820514 0.00033671 -0.000360214 0.00923715 -0.0174955 -0.000362446 0.000820514 -0.0174955 0.0874997 
0.0106774 -0.0190766 0.000333849 -0.000387049 -0.0190766 0.0913219 -0.000376454 0.00084872 0.000333849 -0.000376454 0.00932895 -0.0175636 -0.000387049 0.00084872 -0.0175636 0.0879073 
0.0107419 -0.01914 0.000340681 -0.000392954 -0.01914 0.0916191 -0.000383628 0.00090411 0.000340681 -0.000383628 0.00933738 -0.0176009 -0.000392954 0.00090411 -0.0176009 0.0880487 
0.0107697 -0.0191844 0.000348764 -0.000412832 -0.0191844 0.0917507 -0.000407024 0.000977061 0.000348764 -0.000407024 0.00933118 -0.0175808 -0.000412832 0.000977061 -0.0175808 0.0880116 
0.010772 -0.0192203 0.000359995 -0.000410971 -0.0192203 0.0918463 -0.00041106 0.000999831 0.000359995 -0.00041106 0.00931732 -0.0175493 -0.000410971 0.000999831 -0.0175493 0.087893 
0.010765 -0.0192203 0.000365834 -0.000408272 -0.0192203 0.0918765 -0.000409887 0.000981988 0.000365834 -0.000409887 0.00931643 -0.0175554 -0.000408272 0.000981988 -0.0175554 0.0878829 
0.0107488 -0.0192119 0.000373385 -0.000409642 -0.0192119 0.091867 -0.000406621 0.000963714 0.000373385 -0.000406621 0.00930637 -0.0175573 -0.000409642 0.000963714 -0.0175573 0.0878931 
0.0107101 -0.0191918 0.000363174 -0.000422649 -0.0191918 0.0918326 -0.000416619 0.00097785 0.000363174 -0.000416619 0.0093419 -0.017562 -0.000422649 0.00097785 -0.017562 0.0879367 
0.0106918 -0.0191584 0.000354764 -0.000410252 -0.0191584 0.0917827 -0.000405418 0.000970559 0.000354764 -0.000405418 0.00937054 -0.0175936 -0.000410252 0.000970559 -0.0175936 0.0879916 
0.010616 -0.0191147 0.000325716 -0.000414283 -0.0191147 0.091662 -0.000413952 0.000987569 0.000325716 -0.000413952 0.00942915 -0.017638 -0.000414283 0.000987569 -0.017638 0.0880949 
0.010568 -0.0190184 0.000317906 -0.000394469 -0.0190184 0.0914628 -0.000401231 0.000992012 0.000317906 -0.000401231 0.00946008 -0.0177141 -0.000394469 0.000992012 -0.0177141 0.0882643 
0.0105415 -0.0189846 0.000303348 -0.000365866 -0.0189846 0.0913528 -0.000373627 0.000927167 0.000303348 -0.000373627 0.00947593 -0.0177259 -0.000365866 0.000927167 -0.0177259 0.088328 
0.0105461 -0.0189731 0.000294468 -0.000329623 -0.0189731 0.0913239 -0.000335044 0.000822898 0.000294468 -0.000335044 0.0094631 -0.0177219 -0.000329623 0.000822898 -0.0177219 0.0883104 
0.0105275 -0.0189576 0.000294226 -0.000342922 -0.0189576 0.0912693 -0.000343722 0.000822053 0.000294226 -0.000343722 0.00948634 -0.0177268 -0.000342922 0.000822053 -0.0177268 0.0883313 
0.0104843 -0.0189194 0.000296583 -0.000367368 -0.0189194 0.0911711 -0.000364957 0.000887605 0.000296583 -0.000364957 0.00951197 -0.0177535 -0.000367368 0.000887605 -0.0177535 0.0883679 
0.0105255 -0.0188833 0.000288139 -0.000348294 -0.0188833 0.0910953 -0.000342286 0.000853872 0.000288139 -0.000342286 0.00945865 -0.0177682 -0.000348294 0.000853872 -0.0177682 0.0883898 
0.0105299 -0.0189173 0.000272901 -0.000336538 -0.0189173 0.0910895 -0.000333555 0.000822675 0.000272901 -0.000333555 0.00942422 -0.0177116 -0.000336538 0.000822675 -0.0177116 0.0883243 
0.0105438 -0.0189131 0.000294842 -0.000358148 -0.0189131 0.0910961 -0.000355199 0.000887233 0.000294842 -0.000355199 0.00939536 -0.0176952 -0.000358148 0.000887233 -0.0176952 0.0882929 
0.0105711 -0.0189705 0.000276323 -0.000328952 -0.0189705 0.0912336 -0.000329145 0.000809129 0.000276323 -0.000329145 0.00937018 -0.0176191 -0.000328952 0.000809129 -0.0176191 0.0881188 
0.0105574 -0.0190034 0.000292434 -0.000332093 -0.0190034 0.0913498 -0.000337277 0.000816641 0.000292434 -0.000337277 0.00939934 -0.0175924 -0.000332093 0.000816641 -0.0175924 0.0880065 
0.010552 -0.018988 0.000293698 -0.000346348 -0.018988 0.091373 -0.000351528 0.000833352 0.000293698 -0.000351528 0.00942143 -0.0176301 -0.000346348 0.000833352 -0.0176301 0.088026 
0.0105053 -0.0189747 0.00028755 -0.000360999 -0.0189747 0.0913434 -0.000368002 0.000889072 0.00028755 -0.000368002 0.00948402 -0.0176696 -0.000360999 0.000889072 -0.0176696 0.0881261 
0.0104838 -0.0189167 0.000278387 -0.00034621 -0.0189167 0.0912396 -0.000352316 0.000881107 0.000278387 -0.000352316 0.00951384 -0.0177551 -0.00034621 0.000881107 -0.0177551 0.088315 
0.0105125 -0.0188911 0.000271429 -0.000314393 -0.0188911 0.0911525 -0.00032117 0.000800633 0.000271429 -0.00032117 0.00949986 -0.0178039 -0.000314393 0.000800633 -0.0178039 0.0884938 
0.0105363 -0.0189229 0.00028874 -0.00029143 -0.0189229 0.0911629 -0.000299441 0.00072 0.00028874 -0.000299441 0.0094816 -0.0177886 -0.00029143 0.00072 -0.0177886 0.0885399 
0.0105049 -0.0189574 0.000271385 -0.000300809 -0.0189574 0.0912333 -0.000303346 0.000682868 0.000271385 -0.000303346 0.00949149 -0.0177519 -0.000300809 0.000682868 -0.0177519 0.0884688 
0.0105112 -0.0189124 0.000271316 -0.000327594 -0.0189124 0.0911908 -0.000322508 0.000757795 0.000271316 -0.000322508 0.00946393 -0.017756 -0.000327594 0.000757795 -0.017756 0.0884267 
0.0105246 -0.0189307 0.000256688 -0.000307919 -0.0189307 0.0911988 -0.00030276 0.000735678 0.000256688 -0.00030276 0.00945471 -0.0177125 -0.000307919 0.000735678 -0.0177125 0.0883415 
0.0105478 -0.0189439 0.000247219 -0.000270093 -0.0189439 0.09122 -0.000268491 0.000646653 0.000247219 -0.000268491 0.00943325 -0.0176915 -0.000270093 0.000646653 -0.0176915 0.0882517 
0.0105732 -0.0189517 0.000275573 -0.000294461 -0.0189517 0.0912153 -0.000293293 0.000687413 0.000275573 -0.000293293 0.00939406 -0.0176835 -0.000294461 0.000687413 -0.0176835 0.0882243 
0.0105487 -0.0189937 0.000281957 -0.000341132 -0.0189937 0.0913025 -0.000335273 0.000788054 0.000281957 -0.000335273 0.00941581 -0.0176395 -0.000341132 0.000788054 -0.0176395 0.0881561 
0.0105588 -0.018984 0.000287746 -0.000320001 -0.018984 0.0913505 -0.000310066 0.000762847 0.000287746 -0.000310066 0.0093946 -0.0176423 -0.000320001 0.000762847 -0.0176423 0.0880979 
0.0106024 -0.018989 0.000298166 -0.000337214 -0.018989 0.0913642 -0.000325954 0.000779258 0.000298166 -0.000325954 0.00935827 -0.0176308 -0.000337214 0.000779258 -0.0176308 0.0880867 
0.0106307 -0.0190305 0.000301285 -0.000360147 -0.0190305 0.0914197 -0.000352791 0.00083937 0.000301285 -0.000352791 0.00931969 -0.0175863 -0.000360147 0.00083937 -0.0175863 0.0880037 
0.0106186 -0.0190742 0.000282252 -0.000356979 -0.0190742 0.0915291 -0.000352821 0.000855609 0.000282252 -0.000352821 0.00932694 -0.0175285 -0.000356979 0.000855609 -0.0175285 0.0878633 
0.0105778 -0.0190835 0.000223629 -0.000290931 -0.0190835 0.0916154 -0.000291826 0.000721027 0.000223629 -0.000291826 0.00937055 -0.017517 -0.000290931 0.000721027 -0.017517 0.0877658 
0.0104943 -0.0189796 0.000217757 -0.000269417 -0.0189796 0.0914124 -0.00027961 0.00069068 0.000217757 -0.00027961 0.00945108 -0.0176169 -0.000269417 0.00069068 -0.0176169 0.0879432 
0.0104309 -0.0188499 0.00025368 -0.00027516 -0.0188499 0.091077 -0.000288296 0.000703836 0.00025368 -0.000288296 0.0094941 -0.0177333 -0.00027516 0.000703836 -0.0177333 0.0882309 
0.0103987 -0.018766 0.000288624 -0.000321939 -0.018766 0.090798 -0.000329297 0.000782037 0.000288624 -0.000329297 0.00950146 -0.0177846 -0.000321939 0.000782037 -0.0177846 0.0884277 
0.0103885 -0.018763 0.000281845 -0.000342167 -0.018763 0.0907363 -0.000341778 0.000818807 0.000281845 -0.000341778 0.00950162 -0.0177659 -0.000342167 0.000818807 -0.0177659 0.0884414 
0.0103903 -0.0187558 0.000271364 -0.000344666 -0.0187558 0.0907173 -0.000345322 0.000851235 0.000271364 -0.000345322 0.009486 -0.0177499 -0.000344666 0.000851235 -0.0177499 0.0883874 
0.010409 -0.0187486 0.000294677 -0.000354876 -0.0187486 0.0906901 -0.000363607 0.000911352 0.000294677 -0.000363607 0.00946077 -0.01774 -0.000354876 0.000911352 -0.01774 0.08836 
0.0104376 -0.0187857 0.000295569 -0.000352198 -0.0187857 0.0907585 -0.000362046 0.000894971 0.000295569 -0.000362046 0.00941151 -0.0176903 -0.000352198 0.000894971 -0.0176903 0.0882464 
0.0104588 -0.0188402 0.000279669 -0.000320949 -0.0188402 0.0909015 -0.000326668 0.000805255 0.000279669 -0.000326668 0.00938637 -0.0176154 -0.000320949 0.000805255 -0.0176154 0.0880684 
0.0104619 -0.0188452 0.000279938 -0.000343212 -0.0188452 0.090944 -0.000341008 0.000834527 0.000279938 -0.000341008 0.00936512 -0.0175918 -0.000343212 0.000834527 -0.0175918 0.0879565 
0.0104645 -0.0188437 0.000290383 -0.00033931 -0.0188437 0.0909496 -0.000331471 0.000832902 0.000290383 -0.000331471 0.00938105 -0.0175865 -0.00033931 0.000832902 -0.0175865 0.0879447 
0.0104761 -0.0188472 0.000318269 -0.000354489 -0.0188472 0.0909587 -0.000345032 0.000852181 0.000318269 -0.000345032 0.00941555 -0.0176124 -0.000354489 0.000852181 -0.0176124 0.0879876 
0.0104841 -0.0188735 0.000318494 -0.000375433 -0.0188735 0.0910175 -0.000366467 0.000880769 0.000318494 -0.000366467 0.00945182 -0.0176497 -0.000375433 0.000880769 -0.0176497 0.088059 
0.010458 -0.0188953 0.000290277 -0.000372464 -0.0188953 0.091091 -0.000366991 0.000892475 0.000290277 -0.000366991 0.00950067 -0.0176887 -0.000372464 0.000892475 -0.0176887 0.0881438 
0.0104505 -0.0188825 0.000251813 -0.000312161 -0.0188825 0.09112 -0.000308164 0.000775799 0.000251813 -0.000308164 0.00952459 -0.0177413 -0.000312161 0.000775799 -0.0177413 0.0882603 
0.0104565 -0.0188621 0.00022139 -0.000292828 -0.0188621 0.0910761 -0.00028656 0.000718294 0.00022139 -0.00028656 0.00949995 -0.0177753 -0.000292828 0.000718294 -0.0177753 0.0883667 
0.0104982 -0.0188803 0.000219095 -0.000262927 -0.0188803 0.0911081 -0.000260267 0.000662913 0.000219095 -0.000260267 0.00946555 -0.0177511 -0.000262927 0.000662913 -0.0177511 0.088381 
0.0105357 -0.0189136 0.000256302 -0.000284406 -0.0189136 0.0911593 -0.000285822 0.000699693 0.000256302 -0.000285822 0.00942911 -0.0177208 -0.000284406 0.000699693 -0.0177208 0.0883367 
0.0105753 -0.0189693 0.000280027 -0.000295365 -0.0189693 0.0912792 -0.000294785 0.000699725 0.000280027 -0.000294785 0.00938554 -0.0176621 -0.000295365 0.000699725 -0.0176621 0.0882053 
0.0106215 -0.0190436 0.000276607 -0.000277878 -0.0190436 0.0914753 -0.000275495 0.000622417 0.000276607 -0.000275495 0.00935448 -0.0175877 -0.000277878 0.000622417 -0.0175877 0.0880128 
0.010645 -0.0190651 0.000308341 -0.000330961 -0.0190651 0.0915477 -0.000329713 0.000738398 0.000308341 -0.000329713 0.00934417 -0.0175898 -0.000330961 0.000738398 -0.0175898 0.087983 
0.0106584 -0.0190885 0.000323084 -0.000351739 -0.0190885 0.0915969 -0.000350277 0.000803615 0.000323084 -0.000350277 0.00933861 -0.0175822 -0.000351739 0.000803615 -0.0175822 0.0879757 
0.0106779 -0.0191312 0.00030826 -0.000355954 -0.0191312 0.0917155 -0.000352729 0.000815092 0.00030826 -0.000352729 0.00934964 -0.0175587 -0.000355954 0.000815092 -0.0175587 0.0879199 
0.0106776 -0.0191454 0.000275634 -0.000336274 -0.0191454 0.0917667 -0.000333831 0.000788442 0.000275634 -0.000333831 0.00937343 -0.0175773 -0.000336274 0.000788442 -0.0175773 0.0879304 
0.0106668 -0.019117 0.000284689 -0.000333965 -0.019117 0.0917029 -0.000337014 0.000815274 0.000284689 -0.000337014 0.00939186 -0.0176297 -0.000333965 0.000815274 -0.0176297 0.0880461 
0.0106509 -0.0191006 0.00028636 -0.000348282 -0.0191006 0.0916441 -0.000359304 0.000853337 0.00028636 -0.000359304 0.00938195 -0.0176478 -0.000348282 0.000853337 -0.0176478 0.0881133 
0.0106236 -0.0190734 0.000282818 -0.000337547 -0.0190734 0.0915678 -0.000349607 0.00084466 0.000282818 -0.000349607 0.00936759 -0.0176387 -0.000337547 0.00084466 -0.0176387 0.0881264 
0.0105804 -0.0190301 0.000281552 -0.000344522 -0.0190301 0.0914567 -0.000351235 0.000858079 0.000281552 -0.000351235 0.00938735 -0.017628 -0.000344522 0.000858079 -0.017628 0.0881217 
0.0105552 -0.0189785 0.000271191 -0.000324224 -0.0189785 0.091325 -0.000325215 0.000804919 0.000271191 -0.000325215 0.00938184 -0.0176329 -0.000324224 0.000804919 -0.0176329 0.0881014 
0.0105654 -0.0189568 0.000282318 -0.000316136 -0.0189568 0.091254 -0.000316026 0.000773888 0.000282318 -0.000316026 0.00937179 -0.0176268 -0.000316136 0.000773888 -0.0176268 0.0880914 
0.0105444 -0.018979 0.000271457 -0.000323751 -0.018979 0.0912766 -0.000321884 0.000765155 0.000271457 -0.000321884 0.00940081 -0.0176027 -0.000323751 0.000765155 -0.0176027 0.0880334 
0.0105023 -0.0189651 0.000245733 -0.000303057 -0.0189651 0.0912858 -0.000299288 0.000724464 0.000245733 -0.000299288 0.0094428 -0.0176256 -0.000303057 0.000724464 -0.0176256 0.0880267 
0.0104596 -0.0189083 0.000226839 -0.000266168 -0.0189083 0.0911891 -0.000260838 0.000639481 0.000226839 -0.000260838 0.00948629 -0.0176884 -0.000266168 0.000639481 -0.0176884 0.0881482 
0.0104432 -0.0188384 0.000230626 -0.000258284 -0.0188384 0.0910093 -0.000250587 0.000602066 0.000230626 -0.000250587 0.00948236 -0.0177488 -0.000258284 0.000602066 -0.0177488 0.0883029 
0.010453 -0.0188198 0.00027026 -0.000289623 -0.0188198 0.0909136 -0.000282768 0.000667482 0.00027026 -0.000282768 0.00943619 -0.0177334 -0.000289623 0.000667482 -0.0177334 0.0883247 
0.0104454 -0.0188386 0.000298815 -0.000339969 -0.0188386 0.0909265 -0.000336662 0.00078828 0.000298815 -0.000336662 0.00941493 -0.0176691 -0.000339969 0.00078828 -0.0176691 0.0882109 
0.0104149 -0.0188336 0.000319278 -0.000385744 -0.0188336 0.0909372 -0.000387216 0.000930448 0.000319278 -0.000387216 0.00941558 -0.0176205 -0.000385744 0.000930448 -0.0176205 0.0880457 
0.010405 -0.0188102 0.000315575 -0.000396976 -0.0188102 0.0909262 -0.000402185 0.000993804 0.000315575 -0.000402185 0.00943646 -0.0176207 -0.000396976 0.000993804 -0.0176207 0.0879911 
0.0104251 -0.0187764 0.000299308 -0.000365121 -0.0187764 0.0908255 -0.000373689 0.000939421 0.000299308 -0.000373689 0.00942852 -0.0176538 -0.000365121 0.000939421 -0.0176538 0.0880342 
0.0104044 -0.0188109 0.000286378 -0.000324734 -0.0188109 0.0908505 -0.000335238 0.000829754 0.000286378 -0.000335238 0.00944523 -0.0176375 -0.000324734 0.000829754 -0.0176375 0.0880277 
0.0103618 -0.0188132 0.000264079 -0.000284733 -0.0188132 0.0909106 -0.000293178 0.000690881 0.000264079 -0.000293178 0.00948092 -0.0176393 -0.000284733 0.000690881 -0.0176393 0.0880013 
0.0103103 -0.018729 0.000268723 -0.000319852 -0.018729 0.0907664 -0.000322703 0.000749883 0.000268723 -0.000322703 0.00953283 -0.0177188 -0.000319852 0.000749883 -0.0177188 0.0881598 
0.0103185 -0.0186567 0.000287144 -0.000328998 -0.0186567 0.0905685 -0.000329485 0.000796395 0.000287144 -0.000329485 0.00952333 -0.0177886 -0.000328998 0.000796395 -0.0177886 0.0883508 
0.0103299 -0.0186746 0.000293833 -0.000310926 -0.0186746 0.0905207 -0.000310791 0.000739814 0.000293833 -0.000310791 0.00949322 -0.017759 -0.000310926 0.000739814 -0.017759 0.0883622 
0.010303 -0.0186899 0.000290721 -0.00032961 -0.0186899 0.0905407 -0.000328347 0.000758656 0.000290721 -0.000328347 0.00950675 -0.0177154 -0.00032961 0.000758656 -0.0177154 0.088276 
0.0103084 -0.0186465 0.000277682 -0.00032888 -0.0186465 0.0904762 -0.000325864 0.000769996 0.000277682 -0.000325864 0.00952152 -0.017753 -0.00032888 0.000769996 -0.017753 0.0883232 
0.0103356 -0.0186535 0.000283605 -0.000336888 -0.0186535 0.0904481 -0.000331165 0.000810424 0.000283605 -0.000331165 0.00949635 -0.0177675 -0.000336888 0.000810424 -0.0177675 0.0883679 
0.0103583 -0.0186819 0.000291884 -0.000361844 -0.0186819 0.0904874 -0.00035712 0.000883107 0.000291884 -0.00035712 0.00947679 -0.0177497 -0.000361844 0.000883107 -0.0177497 0.0883712 
0.0103465 -0.0187185 0.000275934 -0.000331966 -0.0187185 0.0905715 -0.000332761 0.000830654 0.000275934 -0.000332761 0.00947319 -0.0177028 -0.000331966 0.000830654 -0.0177028 0.0882626 
0.0103217 -0.0187351 0.000253017 -0.000307235 -0.0187351 0.0906792 -0.000312633 0.000765452 0.000253017 -0.000312633 0.00950347 -0.0176737 -0.000307235 0.000765452 -0.0176737 0.0881396 
0.0102754 -0.0186976 0.000239413 -0.000284836 -0.0186976 0.0906458 -0.000291727 0.000711925 0.000239413 -0.000291727 0.0095237 -0.0177043 -0.000284836 0.000711925 -0.0177043 0.0881277 
0.010244 -0.0186362 0.000246275 -0.000263951 -0.0186362 0.090523 -0.000269141 0.000652274 0.000246275 -0.000269141 0.00952548 -0.0177342 -0.000263951 0.000652274 -0.0177342 0.088192 
0.0102459 -0.0185987 0.000261905 -0.000267733 -0.0185987 0.0904122 -0.000269444 0.000624809 0.000261905 -0.000269444 0.00950863 -0.0177312 -0.000267733 0.000624809 -0.0177312 0.0882094 
0.0102929 -0.0186169 0.000258884 -0.000273186 -0.0186169 0.0904208 -0.000273219 0.000611067 0.000258884 -0.000273219 0.00948528 -0.017698 -0.000273186 0.000611067 -0.017698 0.0881486 
0.0103492 -0.0186786 0.000255436 -0.000267339 -0.0186786 0.0905264 -0.000264597 0.000595331 0.000255436 -0.000264597 0.00943995 -0.0176556 -0.000267339 0.000595331 -0.0176556 0.0880314 
0.0103851 -0.0187373 0.000250337 -0.000270733 -0.0187373 0.0906566 -0.000267078 0.000599002 0.000250337 -0.000267078 0.00941054 -0.0176166 -0.000270733 0.000599002 -0.0176166 0.0879438 
0.0103646 -0.0187922 0.00020791 -0.000263365 -0.0187922 0.0908101 -0.000261675 0.000596081 0.00020791 -0.000261675 0.00943102 -0.0175753 -0.000263365 0.000596081 -0.0175753 0.0878405 
0.010304 -0.0187491 0.000180652 -0.000239556 -0.0187491 0.0907893 -0.000237138 0.000588042 0.000180652 -0.000237138 0.00949321 -0.0176319 -0.000239556 0.000588042 -0.0176319 0.087927 
0.0102599 -0.0186583 0.000164645 -0.000204105 -0.0186583 0.0906008 -0.000201673 0.000518892 0.000164645 -0.000201673 0.0095289 -0.0177217 -0.000204105 0.000518892 -0.0177217 0.0881319 
0.0102451 -0.0185977 0.000192183 -0.000222942 -0.0185977 0.0904236 -0.000222543 0.00056134 0.000192183 -0.000222543 0.00955889 -0.0177838 -0.000222942 0.00056134 -0.0177838 0.0883412 
0.0102342 -0.0185743 0.000211056 -0.000229694 -0.0185743 0.0903073 -0.00023239 0.000565068 0.000211056 -0.00023239 0.00956548 -0.0178156 -0.000229694 0.000565068 -0.0178156 0.0884594 
0.0102314 -0.0185917 0.000214613 -0.000216948 -0.0185917 0.0903333 -0.00021803 0.000508039 0.000214613 -0.00021803 0.00956608 -0.0177954 -0.000216948 0.000508039 -0.0177954 0.0884391 
0.0102551 -0.0185994 0.000218866 -0.000218843 -0.0185994 0.0903729 -0.000213779 0.000480495 0.000218866 -0.000213779 0.0095328 -0.01778 -0.000218843 0.000480495 -0.01778 0.0883806 
0.0103178 -0.0186191 0.000244531 -0.000255133 -0.0186191 0.0904136 -0.000250985 0.000561074 0.000244531 -0.000250985 0.00948846 -0.0177576 -0.000255133 0.000561074 -0.0177576 0.0883438 
0.0103451 -0.0186949 0.000247693 -0.00027568 -0.0186949 0.0905428 -0.000283468 0.0006343 0.000247693 -0.000283468 0.0094705 -0.0176958 -0.00027568 0.0006343 -0.0176958 0.0882174 
0.0103119 -0.0187138 0.000249827 -0.000271309 -0.0187138 0.0906115 -0.000288659 0.000662308 0.000249827 -0.000288659 0.00949471 -0.0176793 -0.000271309 0.000662308 -0.0176793 0.0881391 
0.0102935 -0.0187052 0.000222091 -0.000241191 -0.0187052 0.0906515 -0.000250035 0.000574608 0.000222091 -0.000250035 0.00949779 -0.017668 -0.000241191 0.000574608 -0.017668 0.0880491 
0.0102687 -0.0186727 0.000196346 -0.000221967 -0.0186727 0.0905934 -0.00021957 0.000509129 0.000196346 -0.00021957 0.0095113 -0.0176833 -0.000221967 0.000509129 -0.0176833 0.088061 
0.0102301 -0.0185953 0.000217071 -0.000255848 -0.0185953 0.0903913 -0.000251243 0.000604162 0.000217071 -0.000251243 0.00953182 -0.0177392 -0.000255848 0.000604162 -0.0177392 0.0881964 
0.0102379 -0.0185577 0.000236189 -0.000267217 -0.0185577 0.0902619 -0.000261576 0.00064525 0.000236189 -0.000261576 0.00951653 -0.0177527 -0.000267217 0.00064525 -0.0177527 0.0882609 
0.0102664 -0.0185887 0.000238454 -0.000261745 -0.0185887 0.0902895 -0.000252606 0.000614522 0.000238454 -0.000252606 0.00949134 -0.0177188 -0.000261745 0.000614522 -0.0177188 0.0882162 
0.0103016 -0.0186321 0.000246277 -0.000262906 -0.0186321 0.0903905 -0.000254085 0.000603419 0.000246277 -0.000254085 0.00946751 -0.0176828 -0.000262906 0.000603419 -0.0176828 0.0881283 
0.010312 -0.0186696 0.000255663 -0.000264276 -0.0186696 0.0904818 -0.00026207 0.00060466 0.000255663 -0.00026207 0.00944441 -0.0176512 -0.000264276 0.00060466 -0.0176512 0.0880368 
0.0102456 -0.0186857 0.000201544 -0.000270669 -0.0186857 0.0905487 -0.000271054 0.000612674 0.000201544 -0.000271054 0.00948383 -0.0176177 -0.000270669 0.000612674 -0.0176177 0.0879445 
0.010197 -0.018585 0.000163083 -0.000226998 -0.018585 0.0903939 -0.000226807 0.000573047 0.000163083 -0.000226807 0.00951727 -0.0176825 -0.000226998 0.000573047 -0.0176825 0.0880288 
0.0101891 -0.0184834 0.00016218 -0.000217409 -0.0184834 0.0901101 -0.000216535 0.000568057 0.00016218 -0.000216535 0.00953639 -0.0177695 -0.000217409 0.000568057 -0.0177695 0.0882686 
0.0102205 -0.0184989 0.000161362 -0.000198989 -0.0184989 0.0900519 -0.000201103 0.000520859 0.000161362 -0.000201103 0.00952068 -0.017776 -0.000198989 0.000520859 -0.017776 0.0883573 
0.010226 -0.0185547 0.000154359 -0.00018595 -0.0185547 0.0901508 -0.000194713 0.000477644 0.000154359 -0.000194713 0.00952317 -0.0177344 -0.00018595 0.000477644 -0.0177344 0.0882859 
0.0102338 -0.0185733 0.000173185 -0.000166291 -0.0185733 0.0902428 -0.000176191 0.000420236 0.000173185 -0.000176191 0.00950662 -0.0177203 -0.000166291 0.000420236 -0.0177203 0.0882036 
0.0102379 -0.0185882 0.000199924 -0.000193235 -0.0185882 0.0903071 -0.000198401 0.00043698 0.000199924 -0.000198401 0.00949656 -0.0176985 -0.000193235 0.00043698 -0.0176985 0.0881419 
0.0102302 -0.0185869 0.00023007 -0.000231941 -0.0185869 0.0903182 -0.000235085 0.000516854 0.00023007 -0.000235085 0.00950025 -0.0176865 -0.000231941 0.000516854 -0.0176865 0.0880974 
0.0102336 -0.018573 0.000248397 -0.000248816 -0.018573 0.0902866 -0.000252064 0.000557142 0.000248397 -0.000252064 0.00948464 -0.0176852 -0.000248816 0.000557142 -0.0176852 0.0880716 
0.0102252 -0.0185592 0.000235072 -0.000284045 -0.0185592 0.0902321 -0.000284079 0.000637448 0.000235072 -0.000284079 0.00949406 -0.0176937 -0.000284045 0.000637448 -0.0176937 0.0881141 
0.0102331 -0.0185554 0.000213136 -0.000256287 -0.0185554 0.0902132 -0.000253745 0.000613334 0.000213136 -0.000253745 0.00950511 -0.0177027 -0.000256287 0.000613334 -0.0177027 0.088143 
0.0102264 -0.0185654 0.000202281 -0.000242009 -0.0185654 0.0902205 -0.000235524 0.000580554 0.000202281 -0.000235524 0.00951872 -0.0177122 -0.000242009 0.000580554 -0.0177122 0.0881624 
0.010224 -0.0185418 0.000216996 -0.000252874 -0.0185418 0.0901781 -0.000241585 0.000602957 0.000216996 -0.000241585 0.00951942 -0.0177623 -0.000252874 0.000602957 -0.0177623 0.0882926 
0.0102013 -0.0185457 0.000220392 -0.000270992 -0.0185457 0.0901715 -0.00025917 0.000643076 0.000220392 -0.00025917 0.00953833 -0.0177566 -0.000270992 0.000643076 -0.0177566 0.0883331 
0.0101779 -0.0185526 0.000199304 -0.000259241 -0.0185526 0.0902272 -0.000253496 0.000633706 0.000199304 -0.000253496 0.00957275 -0.0177413 -0.000259241 0.000633706 -0.0177413 0.088271 
0.0101499 -0.0185138 0.000177575 -0.000216058 -0.0185138 0.090172 -0.000217861 0.000549189 0.000177575 -0.000217861 0.00960782 -0.0177883 -0.000216058 0.000549189 -0.0177883 0.0883219 
0.0101399 -0.0184674 0.000194143 -0.000189485 -0.0184674 0.0900537 -0.000197576 0.000474759 0.000194143 -0.000197576 0.00960533 -0.0178412 -0.000189485 0.000474759 -0.0178412 0.0884427 
0.0101773 -0.0184774 0.000226966 -0.000199208 -0.0184774 0.0900521 -0.00020583 0.000448904 0.000226966 -0.00020583 0.0095734 -0.0178269 -0.000199208 0.000448904 -0.0178269 0.0884652 
0.0102111 -0.0185263 0.000248535 -0.000267472 -0.0185263 0.0901417 -0.000265463 0.000571664 0.000248535 -0.000265463 0.00953584 -0.017782 -0.000267472 0.000571664 -0.017782 0.0883815 
0.0102147 -0.0185567 0.000255613 -0.000302209 -0.0185567 0.0902188 -0.000294569 0.000685881 0.000255613 -0.000294569 0.00950769 -0.0177414 -0.000302209 0.000685881 -0.0177414 0.0882826 
0.0101919 -0.0185534 0.000231412 -0.000289272 -0.0185534 0.0902356 -0.00028323 0.000684991 0.000231412 -0.00028323 0.00952171 -0.0177159 -0.000289272 0.000684991 -0.0177159 0.0882185 
0.0101948 -0.0185358 0.000223482 -0.000251414 -0.0185358 0.0902196 -0.000250058 0.00061889 0.000223482 -0.000250058 0.00952336 -0.0177147 -0.000251414 0.00061889 -0.0177147 0.08817 
0.0102202 -0.018515 0.000247165 -0.000250877 -0.018515 0.0901447 -0.000252848 0.000598102 0.000247165 -0.000252848 0.00951087 -0.0177379 -0.000250877 0.000598102 -0.0177379 0.0882157 
0.0102753 -0.0185704 0.000261604 -0.000251762 -0.0185704 0.0902317 -0.000262653 0.000575049 0.000261604 -0.000262653 0.00947334 -0.0177025 -0.000251762 0.000575049 -0.0177025 0.0881565 
0.0102756 -0.0186311 0.000253773 -0.000266274 -0.0186311 0.0903588 -0.000283498 0.000599395 0.000253773 -0.000283498 0.00947483 -0.0176584 -0.000266274 0.000599395 -0.0176584 0.0880573 
0.0102661 -0.0186347 0.000227756 -0.000260501 -0.0186347 0.090424 -0.000274386 0.00060246 0.000227756 -0.000274386 0.0094854 -0.0176626 -0.000260501 0.00060246 -0.0176626 0.0880256 
0.0102641 -0.0186367 0.000218459 -0.000239144 -0.0186367 0.0904572 -0.000245446 0.000572399 0.000218459 -0.000245446 0.00947458 -0.017659 -0.000239144 0.000572399 -0.017659 0.0879954 
0.0102549 -0.0186399 0.000224366 -0.000240298 -0.0186399 0.0904759 -0.000239655 0.000562876 0.000224366 -0.000239655 0.00945571 -0.0176266 -0.000240298 0.000562876 -0.0176266 0.0879093 
0.0102268 -0.0186343 0.000198788 -0.00023621 -0.0186343 0.0904781 -0.000231636 0.000539276 0.000198788 -0.000231636 0.00945903 -0.0175858 -0.00023621 0.000539276 -0.0175858 0.0877873 
0.0101983 -0.0185808 0.000181506 -0.0002071 -0.0185808 0.0903724 -0.000200801 0.000484602 0.000181506 -0.000200801 0.00947249 -0.0176056 -0.0002071 0.000484602 -0.0176056 0.0877858 
0.0101395 -0.0185324 0.000180924 -0.000206627 -0.0185324 0.0902354 -0.000201641 0.000482269 0.000180924 -0.000201641 0.00951867 -0.0176366 -0.000206627 0.000482269 -0.0176366 0.0878566 
0.0101317 -0.0184699 0.000184186 -0.000197507 -0.0184699 0.0901063 -0.000194487 0.000460787 0.000184186 -0.000194487 0.00954876 -0.0177008 -0.000197507 0.000460787 -0.0177008 0.0879996 
0.0101234 -0.018463 0.000181176 -0.000201808 -0.018463 0.0900375 -0.000201637 0.000465476 0.000181176 -0.000201637 0.00957694 -0.0177309 -0.000201808 0.000465476 -0.0177309 0.0881021 
0.0101378 -0.0184444 0.000198728 -0.000202392 -0.0184444 0.0899813 -0.000203513 0.000476951 0.000198728 -0.000203513 0.00957281 -0.0177822 -0.000202392 0.000476951 -0.0177822 0.0882393 
0.0101195 -0.0184349 0.000178394 -0.000224813 -0.0184349 0.0899142 -0.000224367 0.000512668 0.000178394 -0.000224367 0.00960687 -0.0178183 -0.000224813 0.000512668 -0.0178183 0.0884065 
0.0101174 -0.0184278 0.00015907 -0.000203721 -0.0184278 0.089896 -0.000202373 0.000500518 0.00015907 -0.000202373 0.00961477 -0.0178403 -0.000203721 0.000500518 -0.0178403 0.0884772 
0.0101177 -0.0184249 0.00014874 -0.000175517 -0.0184249 0.0898777 -0.000173044 0.00043685 0.00014874 -0.000173044 0.00962288 -0.0178448 -0.000175517 0.00043685 -0.0178448 0.088507 
