0.00737229 0 0.000752251 0 0 0.01 0 0 0.000752251 0 0.00716672 0 0 0 0 0.01 
0.0103591 -0.0128601 0.00089826 -0.00109769 -0.0128601 0.0338329 -0.00109769 0.00210497 0.00089826 -0.00109769 0.0101474 -0.0126056 -0.00109769 0.00210497 -0.0126056 0.0333449 
0.0104 -0.0193366 0.000732735 -0.00121943 -0.0193366 0.0709752 -0.00121943 0.00382457 0.000732735 -0.00121943 0.010269 -0.0192412 -0.00121943 0.00382457 -0.0192412 0.0707077 
0.00984009 -0.0190201 0.000657357 -0.000801316 -0.0190201 0.0848873 -0.000795464 0.00265377 0.000657357 -0.000795464 0.00968477 -0.0189773 -0.000801316 0.00265377 -0.0189773 0.0850268 
0.00985761 -0.0183986 0.000709577 -0.000720951 -0.0183986 0.0882218 -0.0007127 0.00178584 0.000709577 -0.0007127 0.00964416 -0.0182415 -0.000720951 0.00178584 -0.0182415 0.0881805 
0.0100293 -0.0183816 0.000799522 -0.000819676 -0.0183816 0.089358 -0.000812345 0.00177365 0.000799522 -0.000812345 0.00975095 -0.0180609 -0.000819676 0.00177365 -0.0180609 0.0888073 
0.010115 -0.0184581 0.000833462 -0.000939164 -0.0184581 0.0898987 -0.00093211 0.00206344 0.000833462 -0.00093211 0.0098547 -0.0181326 -0.000939164 0.00206344 -0.0181326 0.0891859 
0.0101585 -0.018464 0.000834201 -0.000987515 -0.018464 0.0900382 -0.00097927 0.00229775 0.000834201 -0.00097927 0.00990285 -0.0182256 -0.000987515 0.00229775 -0.0182256 0.0894815 
0.0101146 -0.018427 0.000820319 -0.000967104 -0.018427 0.0898959 -0.000960787 0.00232983 0.000820319 -0.000960787 0.00991677 -0.0182818 -0.000967104 0.00232983 -0.0182818 0.0896575 
0.0100914 -0.0184072 0.000781669 -0.000932451 -0.0184072 0.0898426 -0.000930156 0.00226008 0.000781669 -0.000930156 0.00991545 -0.0182747 -0.000932451 0.00226008 -0.0182747 0.0896813 
0.0101036 -0.0183958 0.000763708 -0.000878587 -0.0183958 0.0898279 -0.000882909 0.0021432 0.000763708 -0.000882909 0.00993616 -0.0182825 -0.000878587 0.0021432 -0.0182825 0.089709 
0.0101189 -0.0184524 0.000754562 -0.000860692 -0.0184524 0.0899534 -0.000870989 0.00207691 0.000754562 -0.000870989 0.0099397 -0.0182574 -0.000860692 0.00207691 -0.0182574 0.0896125 
0.0101369 -0.0184925 0.000743184 -0.00085622 -0.0184925 0.090098 -0.000865936 0.00205655 0.000743184 -0.000865936 0.00992554 -0.0182503 -0.00085622 0.00205655 -0.0182503 0.089556 
0.0101425 -0.0185219 0.000744968 -0.000834459 -0.0185219 0.0902096 -0.000839878 0.00199931 0.000744968 -0.000839878 0.00991193 -0.0182349 -0.000834459 0.00199931 -0.0182349 0.0895208 
0.0101637 -0.0185459 0.000754762 -0.000838424 -0.0185459 0.0903146 -0.00084294 0.00198225 0.000754762 -0.00084294 0.00989588 -0.0182184 -0.000838424 0.00198225 -0.0182184 0.0894906 
0.0101632 -0.0185679 0.000732578 -0.000857526 -0.0185679 0.0903867 -0.00086224 0.00201988 0.000732578 -0.00086224 0.00990447 -0.0182025 -0.000857526 0.00201988 -0.0182025 0.0894535 
0.0101572 -0.018546 0.000674194 -0.000838996 -0.018546 0.0903661 -0.00084388 0.00201981 0.000674194 -0.00084388 0.00992727 -0.0182403 -0.000838996 0.00201981 -0.0182403 0.0895263 
0.0101437 -0.0185111 0.000680771 -0.000782346 -0.0185111 0.0902674 -0.00078935 0.00194675 0.000680771 -0.00078935 0.00996118 -0.0182988 -0.000782346 0.00194675 -0.0182988 0.0896895 
0.0101095 -0.0184588 0.000681754 -0.000783869 -0.0184588 0.0901 -0.000791094 0.00189996 0.000681754 -0.000791094 0.00997755 -0.0183568 -0.000783869 0.00189996 -0.0183568 0.0898522 
0.0100743 -0.0184172 0.000630506 -0.000770952 -0.0184172 0.0899684 -0.000774664 0.00185089 0.000630506 -0.000774664 0.00998316 -0.0183789 -0.000770952 0.00185089 -0.0183789 0.0899564 
0.0100545 -0.0184014 0.00060046 -0.000713858 -0.0184014 0.0899207 -0.000715823 0.00174743 0.00060046 -0.000715823 0.00996376 -0.0183501 -0.000713858 0.00174743 -0.0183501 0.0899092 
0.0100799 -0.0184521 0.000599512 -0.00067397 -0.0184521 0.0900621 -0.00067668 0.00163665 0.000599512 -0.00067668 0.00989459 -0.01824 -0.00067397 0.00163665 -0.01824 0.0896229 
0.0100971 -0.0184809 0.000578649 -0.000670392 -0.0184809 0.0901704 -0.000673943 0.00158549 0.000578649 -0.000673943 0.00986101 -0.0181594 -0.000670392 0.00158549 -0.0181594 0.0893824 
0.0100842 -0.0184783 0.000616291 -0.000663793 -0.0184783 0.0901776 -0.000663558 0.00157954 0.000616291 -0.000663558 0.00984327 -0.0181218 -0.000663793 0.00157954 -0.0181218 0.0892241 
0.0101083 -0.0185086 0.00067805 -0.000706163 -0.0185086 0.0902748 -0.000698519 0.00162875 0.00067805 -0.000698519 0.00981766 -0.0180623 -0.000706163 0.00162875 -0.0180623 0.089046 
0.0101019 -0.0184846 0.000690792 -0.000792466 -0.0184846 0.0902253 -0.00077698 0.00179183 0.000690792 -0.00077698 0.00984555 -0.0180938 -0.000792466 0.00179183 -0.0180938 0.0890938 
0.0100707 -0.0183963 0.000714389 -0.000826688 -0.0183963 0.0899799 -0.000808736 0.00194001 0.000714389 -0.000808736 0.00990617 -0.018209 -0.000826688 0.00194001 -0.018209 0.0893847 
0.0100811 -0.0184188 0.000684132 -0.000839709 -0.0184188 0.0899737 -0.000825035 0.00199673 0.000684132 -0.000825035 0.00992225 -0.0182286 -0.000839709 0.00199673 -0.0182286 0.0894828 
0.0100992 -0.0184404 0.000650824 -0.000805666 -0.0184404 0.090024 -0.000796741 0.00197666 0.000650824 -0.000796741 0.00992676 -0.0182462 -0.000805666 0.00197666 -0.0182462 0.0895425 
0.0101312 -0.0185062 0.000629499 -0.000742903 -0.0185062 0.0901944 -0.000740328 0.00184395 0.000629499 -0.000740328 0.00990648 -0.0182135 -0.000742903 0.00184395 -0.0182135 0.0894748 
0.0101166 -0.0184904 0.000616013 -0.000720372 -0.0184904 0.0901806 -0.000724488 0.00176077 0.000616013 -0.000724488 0.00990538 -0.0182372 -0.000720372 0.00176077 -0.0182372 0.0895266 
0.0101174 -0.0184841 0.000588254 -0.000692227 -0.0184841 0.0901665 -0.000701266 0.00168133 0.000588254 -0.000701266 0.0098822 -0.0182212 -0.000692227 0.00168133 -0.0182212 0.0895126 
0.0100782 -0.0184461 0.000568823 -0.000663271 -0.0184461 0.0900537 -0.000677299 0.00161696 0.000568823 -0.000677299 0.00986924 -0.0182137 -0.000663271 0.00161696 -0.0182137 0.0895088 
0.0100427 -0.0183954 0.000543245 -0.000652828 -0.0183954 0.0899353 -0.000667374 0.00159319 0.000543245 -0.000667374 0.00987659 -0.0182026 -0.000652828 0.00159319 -0.0182026 0.0894948 
0.010045 -0.0183913 0.000534853 -0.000626207 -0.0183913 0.0899208 -0.000634351 0.00154299 0.000534853 -0.000634351 0.00986756 -0.0181647 -0.000626207 0.00154299 -0.0181647 0.0893772 
0.0100237 -0.0183385 0.000539555 -0.000623289 -0.0183385 0.0897659 -0.000620027 0.00150606 0.000539555 -0.000620027 0.00986669 -0.0181921 -0.000623289 0.00150606 -0.0181921 0.0894115 
0.0100468 -0.0183522 0.000540441 -0.000621851 -0.0183522 0.0897677 -0.000610269 0.00147311 0.000540441 -0.000610269 0.00984384 -0.0181604 -0.000621851 0.00147311 -0.0181604 0.0893579 
0.0100597 -0.0183644 0.000546771 -0.000634689 -0.0183644 0.0897764 -0.000626372 0.00150345 0.000546771 -0.000626372 0.00983044 -0.0181465 -0.000634689 0.00150345 -0.0181465 0.0893246 
0.0100663 -0.0183746 0.000567713 -0.000650902 -0.0183746 0.0898005 -0.000650513 0.00156374 0.000567713 -0.000650513 0.00983175 -0.0181409 -0.000650902 0.00156374 -0.0181409 0.0893114 
0.0100697 -0.0184016 0.000584764 -0.000663638 -0.0184016 0.0898692 -0.000663162 0.00159277 0.000584764 -0.000663162 0.00981159 -0.0181178 -0.000663638 0.00159277 -0.0181178 0.0892411 
0.0100602 -0.018385 0.000598613 -0.000682685 -0.018385 0.0898567 -0.000678215 0.00162638 0.000598613 -0.000678215 0.00983434 -0.0181331 -0.000682685 0.00162638 -0.0181331 0.0892926 
0.0100793 -0.0183967 0.000587098 -0.00070009 -0.0183967 0.0898927 -0.000691803 0.00166501 0.000587098 -0.000691803 0.0098453 -0.0181416 -0.00070009 0.00166501 -0.0181416 0.0893061 
0.0100771 -0.0184058 0.000583501 -0.000689701 -0.0184058 0.0899032 -0.000682819 0.00166902 0.000583501 -0.000682819 0.00983747 -0.0181517 -0.000689701 0.00166902 -0.0181517 0.0893113 
0.0100726 -0.0183951 0.000576495 -0.000679143 -0.0183951 0.0898853 -0.000674029 0.00164258 0.000576495 -0.000674029 0.00983094 -0.0181535 -0.000679143 0.00164258 -0.0181535 0.0893327 
0.0101033 -0.0184171 0.000613239 -0.000669986 -0.0184171 0.0899449 -0.000668193 0.00162256 0.000613239 -0.000668193 0.00983201 -0.0181282 -0.000669986 0.00162256 -0.0181282 0.0892842 
0.0101131 -0.0184368 0.000657469 -0.00071743 -0.0184368 0.0899803 -0.000719727 0.00169585 0.000657469 -0.000719727 0.00984095 -0.0181331 -0.00071743 0.00169585 -0.0181331 0.0892568 
0.0101219 -0.0184712 0.000677692 -0.000777066 -0.0184712 0.0900728 -0.000780504 0.00183824 0.000677692 -0.000780504 0.00986161 -0.0181322 -0.000777066 0.00183824 -0.0181322 0.0892404 
0.010092 -0.0184659 0.000634199 -0.000769844 -0.0184659 0.0900742 -0.00077301 0.00184765 0.000634199 -0.00077301 0.00986681 -0.0181716 -0.000769844 0.00184765 -0.0181716 0.0893131 
0.010082 -0.0184356 0.000594428 -0.000719518 -0.0184356 0.0900331 -0.000720037 0.0017658 0.000594428 -0.000720037 0.00985142 -0.0181798 -0.000719518 0.0017658 -0.0181798 0.0893697 
0.0100789 -0.0183754 0.000584344 -0.000700855 -0.0183754 0.0898688 -0.000700302 0.00172672 0.000584344 -0.000700302 0.00984968 -0.0182061 -0.000700855 0.00172672 -0.0182061 0.0894842 
0.0101137 -0.0183957 0.000596704 -0.000684232 -0.0183957 0.0898603 -0.000688159 0.00168626 0.000596704 -0.000688159 0.00984181 -0.0181847 -0.000684232 0.00168626 -0.0181847 0.0894771 
0.0101427 -0.0184863 0.000563255 -0.000664175 -0.0184863 0.0900566 -0.000673374 0.00160573 0.000563255 -0.000673374 0.00983789 -0.0181355 -0.000664175 0.00160573 -0.0181355 0.0893494 
0.0101527 -0.018485 0.000583264 -0.000658423 -0.018485 0.0901093 -0.000664333 0.00160684 0.000583264 -0.000664333 0.00985606 -0.0181802 -0.000658423 0.00160684 -0.0181802 0.089422 
0.0101614 -0.0184965 0.000631859 -0.00068693 -0.0184965 0.090138 -0.000684414 0.0016409 0.000631859 -0.000684414 0.00984234 -0.0181984 -0.00068693 0.0016409 -0.0181984 0.0894801 
0.0101394 -0.0184679 0.000655132 -0.000751389 -0.0184679 0.0900675 -0.000741514 0.00175303 0.000655132 -0.000741514 0.00985967 -0.0182277 -0.000751389 0.00175303 -0.0182277 0.0896 
0.0101042 -0.0184725 0.000617069 -0.000772873 -0.0184725 0.0900801 -0.00076256 0.00183215 0.000617069 -0.00076256 0.00989288 -0.0182124 -0.000772873 0.00183215 -0.0182124 0.0895756 
0.0101076 -0.0184416 0.000630162 -0.000741596 -0.0184416 0.0900567 -0.000733374 0.00183484 0.000630162 -0.000733374 0.00990477 -0.0182503 -0.000741596 0.00183484 -0.0182503 0.0896205 
0.0101399 -0.0184657 0.000651866 -0.000728554 -0.0184657 0.0900918 -0.000726113 0.00177501 0.000651866 -0.000726113 0.00990374 -0.0182497 -0.000728554 0.00177501 -0.0182497 0.0896346 
0.010149 -0.0184737 0.000664035 -0.000745507 -0.0184737 0.0900863 -0.000750029 0.00177827 0.000664035 -0.000750029 0.00990424 -0.0182745 -0.000745507 0.00177827 -0.0182745 0.0896964 
0.0101534 -0.0184914 0.000667726 -0.000775557 -0.0184914 0.0901232 -0.000784137 0.0018589 0.000667726 -0.000784137 0.00990361 -0.0182753 -0.000775557 0.0018589 -0.0182753 0.0897249 
0.0101504 -0.0185109 0.000650938 -0.000778847 -0.0185109 0.0901857 -0.000786277 0.00189391 0.000650938 -0.000786277 0.00990381 -0.0182517 -0.000778847 0.00189391 -0.0182517 0.0896651 
0.0101611 -0.0185386 0.000640521 -0.000747211 -0.0185386 0.0902873 -0.000747876 0.00183027 0.000640521 -0.000747876 0.00989545 -0.0182223 -0.000747211 0.00183027 -0.0182223 0.0895602 
0.0101624 -0.0185235 0.000687699 -0.000742862 -0.0185235 0.090273 -0.000736543 0.00179155 0.000687699 -0.000736543 0.00991134 -0.0182424 -0.000742862 0.00179155 -0.0182424 0.0895837 
0.0101607 -0.0185049 0.000756115 -0.000802027 -0.0185049 0.0902094 -0.000797931 0.00187259 0.000756115 -0.000797931 0.00991583 -0.0182805 -0.000802027 0.00187259 -0.0182805 0.0896755 
0.010207 -0.018554 0.000779819 -0.000879673 -0.018554 0.090321 -0.000881131 0.00204071 0.000779819 -0.000881131 0.00989819 -0.0182576 -0.000879673 0.00204071 -0.0182576 0.0896578 
0.0102411 -0.0186242 0.000777215 -0.00092548 -0.0186242 0.0904908 -0.0009294 0.00221439 0.000777215 -0.0009294 0.0098766 -0.0182264 -0.00092548 0.00221439 -0.0182264 0.0895905 
0.0102376 -0.0186225 0.000777447 -0.0009244 -0.0186225 0.0905086 -0.000927899 0.00227452 0.000777447 -0.000927899 0.00985495 -0.0182309 -0.0009244 0.00227452 -0.0182309 0.089597 
0.0102384 -0.0186177 0.000790048 -0.000931394 -0.0186177 0.0905123 -0.000931108 0.00230156 0.000790048 -0.000931108 0.0098562 -0.0182165 -0.000931394 0.00230156 -0.0182165 0.0895986 
0.0102446 -0.0186093 0.000784988 -0.000940944 -0.0186093 0.0904862 -0.000933845 0.002309 0.000784988 -0.000933845 0.00987227 -0.0182272 -0.000940944 0.002309 -0.0182272 0.0896208 
0.0102402 -0.0186114 0.000774012 -0.000921204 -0.0186114 0.0904624 -0.000909974 0.00226153 0.000774012 -0.000909974 0.00987784 -0.0182408 -0.000921204 0.00226153 -0.0182408 0.0896426 
0.0102578 -0.0186444 0.000750381 -0.000891199 -0.0186444 0.0905516 -0.000878377 0.00216956 0.000750381 -0.000878377 0.00986745 -0.0182198 -0.000891199 0.00216956 -0.0182198 0.0895922 
0.0102774 -0.0186458 0.000757907 -0.000869664 -0.0186458 0.0905738 -0.00086129 0.00211254 0.000757907 -0.00086129 0.00987704 -0.018232 -0.000869664 0.00211254 -0.018232 0.0896144 
0.0102438 -0.0186267 0.000737381 -0.000872738 -0.0186267 0.0904969 -0.000873252 0.00209694 0.000737381 -0.000873252 0.00988773 -0.0182646 -0.000872738 0.00209694 -0.0182646 0.0896846 
0.0102408 -0.0186194 0.0007721 -0.000849317 -0.0186194 0.0904966 -0.0008542 0.00206787 0.0007721 -0.0008542 0.00989637 -0.018252 -0.000849317 0.00206787 -0.018252 0.0896696 
0.0102377 -0.0186487 0.000766964 -0.000868866 -0.0186487 0.0905655 -0.000873543 0.00205277 0.000766964 -0.000873543 0.00987886 -0.0182162 -0.000868866 0.00205277 -0.0182162 0.08955 
0.0102045 -0.0186149 0.000709106 -0.000863144 -0.0186149 0.0905058 -0.000865737 0.00204409 0.000709106 -0.000865737 0.00986939 -0.0182158 -0.000863144 0.00204409 -0.0182158 0.0895242 
0.0101761 -0.0185256 0.000709691 -0.000825366 -0.0185256 0.0902921 -0.000828784 0.00202085 0.000709691 -0.000828784 0.00988057 -0.0182549 -0.000825366 0.00202085 -0.0182549 0.0896375 
0.0101766 -0.0185118 0.000706572 -0.000834539 -0.0185118 0.0902043 -0.000840649 0.00202972 0.000706572 -0.000840649 0.00989998 -0.0182522 -0.000834539 0.00202972 -0.0182522 0.0896656 
0.0101683 -0.0184706 0.000715225 -0.000832865 -0.0184706 0.0900639 -0.000838365 0.00203874 0.000715225 -0.000838365 0.00988798 -0.0182982 -0.000832865 0.00203874 -0.0182982 0.0897557 
0.0101536 -0.0184893 0.000722084 -0.000835557 -0.0184893 0.090068 -0.000843146 0.00204006 0.000722084 -0.000843146 0.00986789 -0.0182525 -0.000835557 0.00204006 -0.0182525 0.0896929 
0.0101478 -0.0184904 0.000719162 -0.000845548 -0.0184904 0.0901064 -0.000853527 0.00206257 0.000719162 -0.000853527 0.00987649 -0.0182138 -0.000845548 0.00206257 -0.0182138 0.0895827 
0.0101405 -0.0185138 0.000678018 -0.000801958 -0.0185138 0.0901815 -0.000809043 0.00195265 0.000678018 -0.000809043 0.00990082 -0.0181959 -0.000801958 0.00195265 -0.0181959 0.0894838 
0.0101517 -0.0184917 0.000671278 -0.000759529 -0.0184917 0.0901601 -0.000765141 0.00184573 0.000671278 -0.000765141 0.00990773 -0.0182312 -0.000759529 0.00184573 -0.0182312 0.089507 
0.0101657 -0.0185002 0.000643983 -0.000752197 -0.0185002 0.0901497 -0.000756008 0.00178654 0.000643983 -0.000756008 0.00993442 -0.0182595 -0.000752197 0.00178654 -0.0182595 0.0896022 
0.0101648 -0.0185194 0.000636085 -0.000737789 -0.0185194 0.0901801 -0.00074346 0.00177126 0.000636085 -0.00074346 0.00994409 -0.0182784 -0.000737789 0.00177126 -0.0182784 0.0896424 
0.01014 -0.0184799 0.000671907 -0.000726834 -0.0184799 0.0900889 -0.000732181 0.00174175 0.000671907 -0.000732181 0.00994083 -0.0183315 -0.000726834 0.00174175 -0.0183315 0.0897894 
0.0101264 -0.0184745 0.000686498 -0.000772589 -0.0184745 0.0900764 -0.000773076 0.00179821 0.000686498 -0.000773076 0.00992086 -0.0183187 -0.000772589 0.00179821 -0.0183187 0.0898248 
0.0101244 -0.0184607 0.000677467 -0.000783843 -0.0184607 0.0900601 -0.00078075 0.00183688 0.000677467 -0.00078075 0.00989492 -0.018296 -0.000783843 0.00183688 -0.018296 0.0898009 
0.0101144 -0.0184621 0.000686677 -0.000786706 -0.0184621 0.0900584 -0.000784055 0.00187356 0.000686677 -0.000784055 0.00986823 -0.0182405 -0.000786706 0.00187356 -0.0182405 0.0896682 
0.0100813 -0.0184384 0.000692072 -0.000789267 -0.0184384 0.0900122 -0.000786119 0.00187554 0.000692072 -0.000786119 0.00987028 -0.0182069 -0.000789267 0.00187554 -0.0182069 0.0895558 
0.0100701 -0.0184243 0.000697261 -0.000805581 -0.0184243 0.090002 -0.000802215 0.001917 0.000697261 -0.000802215 0.00988715 -0.0181839 -0.000805581 0.001917 -0.0181839 0.0894503 
0.0100865 -0.0184687 0.000672998 -0.00080548 -0.0184687 0.0901251 -0.000800716 0.00192581 0.000672998 -0.000800716 0.00987783 -0.0181482 -0.00080548 0.00192581 -0.0181482 0.0893003 
0.0100879 -0.0184641 0.000629539 -0.000779305 -0.0184641 0.0901474 -0.000775494 0.00189324 0.000629539 -0.000775494 0.00989391 -0.0181739 -0.000779305 0.00189324 -0.0181739 0.0893285 
0.0100823 -0.0184276 0.000595105 -0.000738856 -0.0184276 0.0900528 -0.000738468 0.00183274 0.000595105 -0.000738468 0.00990728 -0.0182316 -0.000738856 0.00183274 -0.0182316 0.0894769 
0.0100555 -0.0183776 0.000590336 -0.000698322 -0.0183776 0.0898833 -0.000699807 0.00174356 0.000590336 -0.000699807 0.00991663 -0.0182756 -0.000698322 0.00174356 -0.0182756 0.0896305 
0.0100575 -0.0183604 0.000605616 -0.000689146 -0.0183604 0.0898121 -0.000688563 0.00168614 0.000605616 -0.000688563 0.0099196 -0.0182837 -0.000689146 0.00168614 -0.0182837 0.0897024 
0.0101078 -0.0184596 0.000616064 -0.000694333 -0.0184596 0.090046 -0.000692616 0.00166037 0.000616064 -0.000692616 0.00989211 -0.0181942 -0.000694333 0.00166037 -0.0181942 0.0894907 
0.0101217 -0.0185095 0.000648873 -0.000713028 -0.0185095 0.0902117 -0.000712112 0.00169242 0.000648873 -0.000712112 0.00988054 -0.0181713 -0.000713028 0.00169242 -0.0181713 0.0893706 
0.0101059 -0.0185077 0.000685787 -0.000751132 -0.0185077 0.0902479 -0.000749445 0.00176142 0.000685787 -0.000749445 0.00987194 -0.0181713 -0.000751132 0.00176142 -0.0181713 0.089342 
0.0100757 -0.0184643 0.00068418 -0.000795109 -0.0184643 0.0901665 -0.000793798 0.00186067 0.00068418 -0.000793798 0.0098775 -0.0181816 -0.000795109 0.00186067 -0.0181816 0.0893722 
0.0100594 -0.0184113 0.000675303 -0.000783553 -0.0184113 0.0900293 -0.000782195 0.00187333 0.000675303 -0.000782195 0.00990198 -0.0182102 -0.000783553 0.00187333 -0.0182102 0.0894586 
0.0100636 -0.0184113 0.000639833 -0.000769672 -0.0184113 0.0899848 -0.000771376 0.0018498 0.000639833 -0.000771376 0.0098924 -0.0182119 -0.000769672 0.0018498 -0.0182119 0.0894676 
0.0100773 -0.0184093 0.000612482 -0.000736994 -0.0184093 0.089962 -0.000743115 0.00180666 0.000612482 -0.000743115 0.00988162 -0.0182043 -0.000736994 0.00180666 -0.0182043 0.0894616 
0.0100457 -0.0183655 0.000576853 -0.000693343 -0.0183655 0.0898127 -0.000706267 0.00171106 0.000576853 -0.000706267 0.00988875 -0.0182313 -0.000693343 0.00171106 -0.0182313 0.0895332 
0.0100305 -0.0183588 0.000577583 -0.000653304 -0.0183588 0.0897728 -0.000668817 0.00161937 0.000577583 -0.000668817 0.00986411 -0.0182028 -0.000653304 0.00161937 -0.0182028 0.0894836 
0.0100129 -0.0183547 0.000590134 -0.000658546 -0.0183547 0.0897734 -0.000669614 0.0015893 0.000590134 -0.000669614 0.00985112 -0.018155 -0.000658546 0.0015893 -0.018155 0.0893633 
0.00998137 -0.0183029 0.000573087 -0.000669082 -0.0183029 0.0896639 -0.000674314 0.00158599 0.000573087 -0.000674314 0.00985766 -0.0181576 -0.000669082 0.00158599 -0.0181576 0.0893287 
0.00999522 -0.018313 0.000513164 -0.000651362 -0.018313 0.0896877 -0.000657122 0.00156774 0.000513164 -0.000657122 0.00985024 -0.0181269 -0.000651362 0.00156774 -0.0181269 0.0892397 
0.00999438 -0.0183168 0.000464164 -0.000585759 -0.0183168 0.0896846 -0.000588363 0.00146001 0.000464164 -0.000588363 0.00985647 -0.0181233 -0.000585759 0.00146001 -0.0181233 0.0892045 
0.00998581 -0.0182886 0.000490905 -0.000543255 -0.0182886 0.0896152 -0.00053835 0.00135073 0.000490905 -0.00053835 0.00985764 -0.0181615 -0.000543255 0.00135073 -0.0181615 0.0892841 
0.0100055 -0.018278 0.000554318 -0.000577691 -0.018278 0.0895752 -0.00056953 0.00135883 0.000554318 -0.00056953 0.00985356 -0.0181787 -0.000577691 0.00135883 -0.0181787 0.0893741 
0.0100259 -0.018357 0.000583035 -0.000655178 -0.018357 0.0897441 -0.00065081 0.00150446 0.000583035 -0.00065081 0.00984388 -0.0181152 -0.000655178 0.00150446 -0.0181152 0.0892394 
0.010025 -0.0183786 0.000600355 -0.000687742 -0.0183786 0.0898491 -0.000682918 0.00162227 0.000600355 -0.000682918 0.00984327 -0.0181006 -0.000687742 0.00162227 -0.0181006 0.0891481 
0.0100089 -0.018347 0.000616582 -0.000699707 -0.018347 0.0898081 -0.000690963 0.00166263 0.000616582 -0.000690963 0.00984351 -0.0181322 -0.000699707 0.00166263 -0.0181322 0.089199 
0.0100164 -0.0183287 0.000632799 -0.000732377 -0.0183287 0.0897653 -0.000726324 0.00174432 0.000632799 -0.000726324 0.00984956 -0.0181458 -0.000732377 0.00174432 -0.0181458 0.0892651 
0.0100287 -0.0183455 0.000634734 -0.000744286 -0.0183455 0.0897846 -0.000743642 0.00179352 0.000634734 -0.000743642 0.00986427 -0.018146 -0.000744286 0.00179352 -0.018146 0.0892786 
0.0100506 -0.0183884 0.00064801 -0.0007416 -0.0183884 0.0898918 -0.000743927 0.00180535 0.00064801 -0.000743927 0.0098773 -0.0181379 -0.0007416 0.00180535 -0.0181379 0.0892374 
0.0100891 -0.0184657 0.000651901 -0.000743479 -0.0184657 0.090103 -0.000751565 0.00179958 0.000651901 -0.000751565 0.00985719 -0.0181014 -0.000743479 0.00179958 -0.0181014 0.0891117 
0.0100935 -0.0184554 0.000610053 -0.000749172 -0.0184554 0.0901168 -0.000760593 0.00181425 0.000610053 -0.000760593 0.00989086 -0.0181558 -0.000749172 0.00181425 -0.0181558 0.0892375 
0.0100701 -0.018419 0.000587917 -0.000698586 -0.018419 0.0900041 -0.000708549 0.00173908 0.000587917 -0.000708549 0.00991265 -0.018229 -0.000698586 0.00173908 -0.018229 0.0894377 
0.0100627 -0.0183952 0.000589346 -0.000674041 -0.0183952 0.0899269 -0.000679925 0.0016567 0.000589346 -0.000679925 0.00991632 -0.0182544 -0.000674041 0.0016567 -0.0182544 0.0895606 
0.0100597 -0.0183876 0.00061512 -0.000663535 -0.0183876 0.0898881 -0.000660766 0.00158184 0.00061512 -0.000660766 0.00993603 -0.0182698 -0.000663535 0.00158184 -0.0182698 0.089643 
0.0100671 -0.0184086 0.000642182 -0.000700444 -0.0184086 0.089941 -0.000690055 0.00161058 0.000642182 -0.000690055 0.00995065 -0.0182718 -0.000700444 0.00161058 -0.0182718 0.0896434 
0.0100714 -0.0184476 0.000629669 -0.000741769 -0.0184476 0.0900539 -0.00073084 0.00170693 0.000629669 -0.00073084 0.00995217 -0.0182554 -0.000741769 0.00170693 -0.0182554 0.0895806 
0.0100693 -0.0184484 0.000585464 -0.000728412 -0.0184484 0.0900935 -0.000718065 0.00172999 0.000585464 -0.000718065 0.0099577 -0.0182641 -0.000728412 0.00172999 -0.0182641 0.0895815 
0.0100683 -0.0184556 0.00056964 -0.00068066 -0.0184556 0.0901237 -0.000672331 0.00166536 0.00056964 -0.000672331 0.00993098 -0.0182495 -0.00068066 0.00166536 -0.0182495 0.089533 
0.0100487 -0.0184368 0.000611514 -0.000664688 -0.0184368 0.090087 -0.000663453 0.00161997 0.000611514 -0.000663453 0.00991818 -0.0182329 -0.000664688 0.00161997 -0.0182329 0.0895062 
0.0100228 -0.0183922 0.000644885 -0.000698314 -0.0183922 0.0899779 -0.000703572 0.0016443 0.000644885 -0.000703572 0.00990343 -0.0182273 -0.000698314 0.0016443 -0.0182273 0.0894927 
0.0100275 -0.0183646 0.000673651 -0.000751285 -0.0183646 0.0899002 -0.000758929 0.00176719 0.000673651 -0.000758929 0.00989736 -0.0182185 -0.000751285 0.00176719 -0.0182185 0.0894934 
0.0100451 -0.0183585 0.000677579 -0.000785931 -0.0183585 0.0898489 -0.000788364 0.00186653 0.000677579 -0.000788364 0.0099121 -0.0182257 -0.000785931 0.00186653 -0.0182257 0.0895211 
0.0100614 -0.0183523 0.000676082 -0.000791093 -0.0183523 0.0897971 -0.000787336 0.00190282 0.000676082 -0.000787336 0.00996642 -0.0182896 -0.000791093 0.00190282 -0.0182896 0.0896839 
0.0100861 -0.0184223 0.000662368 -0.000788554 -0.0184223 0.0899431 -0.00078716 0.00191034 0.000662368 -0.00078716 0.0100019 -0.0183143 -0.000788554 0.00191034 -0.0183143 0.0897423 
0.0100866 -0.0184666 0.000612905 -0.000758017 -0.0184666 0.0900911 -0.000758981 0.00184917 0.000612905 -0.000758981 0.0100386 -0.0183555 -0.000758017 0.00184917 -0.0183555 0.0898308 
0.0100766 -0.0185103 0.000587917 -0.000686875 -0.0185103 0.0902559 -0.000688354 0.00169705 0.000587917 -0.000688354 0.0100254 -0.0183497 -0.000686875 0.00169705 -0.0183497 0.0898055 
0.0100677 -0.0184691 0.000624506 -0.000666181 -0.0184691 0.0902266 -0.000666711 0.00160774 0.000624506 -0.000666711 0.0100148 -0.0183634 -0.000666181 0.00160774 -0.0183634 0.089846 
0.0100491 -0.0184515 0.000661382 -0.000699132 -0.0184515 0.0901643 -0.000699956 0.00161243 0.000661382 -0.000699956 0.00999986 -0.0183415 -0.000699132 0.00161243 -0.0183415 0.0898114 
0.0100577 -0.0184865 0.000630243 -0.000747624 -0.0184865 0.0902538 -0.000746976 0.00170411 0.000630243 -0.000746976 0.00997104 -0.0182568 -0.000747624 0.00170411 -0.0182568 0.0895909 
0.0100551 -0.0184433 0.000604337 -0.0007305 -0.0184433 0.0901593 -0.00073138 0.00174983 0.000604337 -0.00073138 0.00995585 -0.0182609 -0.0007305 0.00174983 -0.0182609 0.0895441 
0.0100502 -0.0183963 0.000618555 -0.000717741 -0.0183963 0.0899909 -0.000719969 0.00176076 0.000618555 -0.000719969 0.00994042 -0.0182748 -0.000717741 0.00176076 -0.0182748 0.0895896 
0.0100555 -0.0183783 0.000660691 -0.000725664 -0.0183783 0.0898895 -0.000729689 0.00176541 0.000660691 -0.000729689 0.00994406 -0.0182807 -0.000725664 0.00176541 -0.0182807 0.0896471 
0.0100591 -0.0183747 0.000693677 -0.000769214 -0.0183747 0.0898292 -0.000774463 0.0018333 0.000693677 -0.000774463 0.00994568 -0.0182865 -0.000769214 0.0018333 -0.0182865 0.0896783 
0.0100686 -0.018415 0.000699075 -0.000806991 -0.018415 0.0899178 -0.00081542 0.00192962 0.000699075 -0.00081542 0.00992784 -0.0182605 -0.000806991 0.00192962 -0.0182605 0.0896176 
0.0100408 -0.0184313 0.00065414 -0.000793731 -0.0184313 0.0899961 -0.00080237 0.00192159 0.00065414 -0.00080237 0.00993961 -0.0182417 -0.000793731 0.00192159 -0.0182417 0.0895652 
0.0100183 -0.0184218 0.000578399 -0.000733768 -0.0184218 0.0900521 -0.000735815 0.00180229 0.000578399 -0.000735815 0.00997772 -0.018248 -0.000733768 0.00180229 -0.018248 0.0895466 
0.0100062 -0.0183916 0.000533358 -0.000659325 -0.0183916 0.090013 -0.000656538 0.00164494 0.000533358 -0.000656538 0.00999056 -0.0182859 -0.000659325 0.00164494 -0.0182859 0.0895889 
0.0100088 -0.0183855 0.000506717 -0.000605625 -0.0183855 0.089982 -0.000603067 0.00149348 0.000506717 -0.000603067 0.00998262 -0.0182823 -0.000605625 0.00149348 -0.0182823 0.0895937 
0.010008 -0.0183994 0.000523436 -0.000587051 -0.0183994 0.0899937 -0.000587261 0.0014288 0.000523436 -0.000587261 0.00993695 -0.0182382 -0.000587051 0.0014288 -0.0182382 0.0894812 
0.0100134 -0.0183727 0.000560487 -0.000602292 -0.0183727 0.0899301 -0.00060619 0.00143098 0.000560487 -0.00060619 0.00990035 -0.0182107 -0.000602292 0.00143098 -0.0182107 0.0894284 
0.0100308 -0.0183683 0.00057439 -0.000652018 -0.0183683 0.0898815 -0.000655208 0.00152353 0.00057439 -0.000655208 0.00987354 -0.0181748 -0.000652018 0.00152353 -0.0181748 0.0893614 
0.0100374 -0.0183801 0.000589215 -0.000670418 -0.0183801 0.0898783 -0.000669594 0.00159462 0.000589215 -0.000669594 0.0098765 -0.0181602 -0.000670418 0.00159462 -0.0181602 0.0893322 
