0.00793182 0 0.000516077 0 0 0.01 0 0 0.000516077 0 0.00668217 0 0 0 0 0.01 
0.0110641 -0.0137255 0.000618766 -0.000756787 -0.0137255 0.0354918 -0.000756787 0.00145123 0.000618766 -0.000756787 0.00954541 -0.0118702 -0.000756787 0.00145123 -0.0118702 0.0319348 
0.0109972 -0.0204059 0.000496176 -0.000767065 -0.0204059 0.0743507 -0.000767065 0.00240837 0.000496176 -0.000767065 0.00965209 -0.0183033 -0.000767065 0.00240837 -0.0183033 0.067759 
0.0104065 -0.0197755 0.000483574 -0.000551089 -0.0197755 0.0876242 -0.000556628 0.00176178 0.000483574 -0.000556628 0.00909634 -0.0182454 -0.000551089 0.00176178 -0.0182454 0.0826767 
0.0104259 -0.0190378 0.000525478 -0.000528368 -0.0190378 0.0900746 -0.000539019 0.00127464 0.000525478 -0.000539019 0.00901291 -0.017544 -0.000528368 0.00127464 -0.017544 0.0862886 
0.0105947 -0.0190029 0.000527567 -0.0005876 -0.0190029 0.0908906 -0.000595703 0.00127493 0.000527567 -0.000595703 0.00916316 -0.0173742 -0.0005876 0.00127493 -0.0173742 0.0871867 
0.0106482 -0.0190897 0.00052291 -0.000636765 -0.0190897 0.0913901 -0.000641115 0.00146111 0.00052291 -0.000641115 0.00933146 -0.0174864 -0.000636765 0.00146111 -0.0174864 0.087662 
0.0106451 -0.0190757 0.000529923 -0.000643227 -0.0190757 0.0915207 -0.000644124 0.00156537 0.000529923 -0.000644124 0.0094066 -0.0176183 -0.000643227 0.00156537 -0.0176183 0.0879855 
0.0106244 -0.0190662 0.000500433 -0.000620175 -0.0190662 0.0915242 -0.000615621 0.00152708 0.000500433 -0.000615621 0.00944202 -0.0176599 -0.000620175 0.00152708 -0.0176599 0.0881154 
0.0105902 -0.0190274 0.000471813 -0.000579577 -0.0190274 0.0914275 -0.000572466 0.00144027 0.000471813 -0.000572466 0.00947059 -0.0176981 -0.000579577 0.00144027 -0.0176981 0.0882004 
0.0105361 -0.0189999 0.000446331 -0.000535541 -0.0189999 0.0913582 -0.000529135 0.0013236 0.000446331 -0.000529135 0.00952809 -0.0177397 -0.000535541 0.0013236 -0.0177397 0.088308 
0.010499 -0.0189428 0.00045166 -0.000524329 -0.0189428 0.0912557 -0.000514084 0.0012733 0.00045166 -0.000514084 0.00955369 -0.0178083 -0.000524329 0.0012733 -0.0178083 0.0884525 
0.0104841 -0.0188926 0.000468121 -0.000546561 -0.0188926 0.09113 -0.000531751 0.00129906 0.000468121 -0.000531751 0.00956147 -0.0178567 -0.000546561 0.00129906 -0.0178567 0.0886169 
0.0104546 -0.0188642 0.000440009 -0.00056701 -0.0188642 0.0910271 -0.000552518 0.00134603 0.000440009 -0.000552518 0.00959785 -0.0178861 -0.00056701 0.00134603 -0.0178861 0.0887535 
0.0104543 -0.0188086 0.000460109 -0.000561797 -0.0188086 0.0908863 -0.00055274 0.00139723 0.000460109 -0.00055274 0.00960049 -0.0179491 -0.000561797 0.00139723 -0.0179491 0.0889183 
0.0104748 -0.0188474 0.000441257 -0.000528631 -0.0188474 0.0909273 -0.000523931 0.00130185 0.000441257 -0.000523931 0.00957787 -0.0179141 -0.000528631 0.00130185 -0.0179141 0.0888951 
0.0105086 -0.0189161 0.000410437 -0.00047935 -0.0189161 0.0911094 -0.00047999 0.00116724 0.000410437 -0.00047999 0.00951001 -0.0178186 -0.00047935 0.00116724 -0.0178186 0.0886388 
0.010529 -0.0189469 0.000384717 -0.000425104 -0.0189469 0.0912192 -0.00043219 0.00101782 0.000384717 -0.00043219 0.00946397 -0.0177385 -0.000425104 0.00101782 -0.0177385 0.0884078 
0.0105049 -0.0189363 0.000374744 -0.00042388 -0.0189363 0.0911997 -0.000434892 0.000996689 0.000374744 -0.000434892 0.00947702 -0.0177131 -0.00042388 0.000996689 -0.0177131 0.0883139 
0.0104689 -0.0188687 0.000404694 -0.000446634 -0.0188687 0.0910394 -0.00045635 0.00106368 0.000404694 -0.00045635 0.00949068 -0.0177581 -0.000446634 0.00106368 -0.0177581 0.0883777 
0.0104461 -0.0188214 0.000413069 -0.000487157 -0.0188214 0.0908957 -0.0004898 0.00115145 0.000413069 -0.0004898 0.00950674 -0.017786 -0.000487157 0.00115145 -0.017786 0.0884732 
0.010489 -0.0188322 0.000431073 -0.000495985 -0.0188322 0.0909106 -0.000496688 0.00120236 0.000431073 -0.000496688 0.00947126 -0.01778 -0.000495985 0.00120236 -0.01778 0.0884741 
0.0105289 -0.0189074 0.000425064 -0.000489046 -0.0189074 0.0910618 -0.000494208 0.00118476 0.000425064 -0.000494208 0.00944447 -0.0177131 -0.000489046 0.00118476 -0.0177131 0.0883447 
0.0105383 -0.0189306 0.000427498 -0.000491495 -0.0189306 0.0911411 -0.000498007 0.00119196 0.000427498 -0.000498007 0.00942783 -0.017707 -0.000491495 0.00119196 -0.017707 0.0883026 
0.0105409 -0.0189542 0.000428658 -0.000480924 -0.0189542 0.0912214 -0.00048751 0.0011597 0.000428658 -0.00048751 0.00941919 -0.0176701 -0.000480924 0.0011597 -0.0176701 0.0882133 
0.010504 -0.0189492 0.00044262 -0.000507098 -0.0189492 0.0912386 -0.000516814 0.00121773 0.00044262 -0.000516814 0.00945296 -0.0176616 -0.000507098 0.00121773 -0.0176616 0.0881585 
0.0104748 -0.0189224 0.000425053 -0.00050467 -0.0189224 0.0912143 -0.000510293 0.0012144 0.000425053 -0.000510293 0.00947267 -0.0176747 -0.00050467 0.0012144 -0.0176747 0.0881275 
0.0104629 -0.0188856 0.000432249 -0.000504748 -0.0188856 0.0911435 -0.000504715 0.0012285 0.000432249 -0.000504715 0.00948778 -0.017705 -0.000504748 0.0012285 -0.017705 0.0881773 
0.0104684 -0.0188793 0.000425297 -0.000490331 -0.0188793 0.0911094 -0.000487631 0.00117877 0.000425297 -0.000487631 0.00947526 -0.0177116 -0.000490331 0.00117877 -0.0177116 0.088196 
0.0104683 -0.0188814 0.000403906 -0.000487996 -0.0188814 0.0910954 -0.000485689 0.00116564 0.000403906 -0.000485689 0.00946039 -0.0177001 -0.000487996 0.00116564 -0.0177001 0.0881892 
0.010456 -0.0188918 0.000388073 -0.00046017 -0.0188918 0.0911227 -0.000459832 0.00112515 0.000388073 -0.000459832 0.00944746 -0.0176756 -0.00046017 0.00112515 -0.0176756 0.0881454 
0.0104359 -0.0188639 0.000369221 -0.000439075 -0.0188639 0.0910829 -0.00043899 0.00106942 0.000369221 -0.00043899 0.00948167 -0.0176943 -0.000439075 0.00106942 -0.0176943 0.0882051 
0.0104104 -0.0188154 0.000383965 -0.000433749 -0.0188154 0.0909575 -0.00043383 0.00105723 0.000383965 -0.00043383 0.00949353 -0.0177455 -0.000433749 0.00105723 -0.0177455 0.0883153 
0.0103631 -0.0187335 0.00040032 -0.000462962 -0.0187335 0.0907167 -0.000462515 0.00110611 0.00040032 -0.000462515 0.009516 -0.0178042 -0.000462962 0.00110611 -0.0178042 0.0885075 
0.0103477 -0.0187153 0.000389089 -0.00045547 -0.0187153 0.0906417 -0.000453243 0.00108699 0.000389089 -0.000453243 0.00953959 -0.0177985 -0.00045547 0.00108699 -0.0177985 0.0885405 
0.0103054 -0.0187064 0.000360741 -0.000450799 -0.0187064 0.0906056 -0.000446548 0.00107891 0.000360741 -0.000446548 0.00954942 -0.0177874 -0.000450799 0.00107891 -0.0177874 0.088471 
0.0102866 -0.0186844 0.000337815 -0.000402625 -0.0186844 0.0905947 -0.000399378 0.000988596 0.000337815 -0.000399378 0.00954735 -0.0177705 -0.000402625 0.000988596 -0.0177705 0.0883878 
0.0102638 -0.0186456 0.000316134 -0.000378863 -0.0186456 0.0905041 -0.000374116 0.000911098 0.000316134 -0.000374116 0.00954763 -0.0177724 -0.000378863 0.000911098 -0.0177724 0.08836 
0.0102435 -0.0186282 0.000283583 -0.000349495 -0.0186282 0.090455 -0.000343161 0.00083147 0.000283583 -0.000343161 0.00954453 -0.0177569 -0.000349495 0.00083147 -0.0177569 0.0883058 
0.0102505 -0.0185862 0.000309427 -0.00034523 -0.0185862 0.0903566 -0.00034031 0.00083764 0.000309427 -0.00034031 0.00952106 -0.0177635 -0.00034523 0.00083764 -0.0177635 0.0883003 
0.0102451 -0.0185591 0.000336811 -0.000400797 -0.0185591 0.0902352 -0.000397741 0.000952231 0.000336811 -0.000397741 0.00951718 -0.0177599 -0.000400797 0.000952231 -0.0177599 0.0883171 
0.0102891 -0.0185709 0.000348735 -0.000407485 -0.0185709 0.0902298 -0.000408206 0.000996126 0.000348735 -0.000408206 0.00949175 -0.0177475 -0.000407485 0.000996126 -0.0177475 0.0883005 
0.0103143 -0.0186661 0.000326291 -0.000376224 -0.0186661 0.0904241 -0.000383683 0.000924209 0.000326291 -0.000383683 0.00947627 -0.0176755 -0.000376224 0.000924209 -0.0176755 0.0881376 
0.0103256 -0.0186725 0.000349916 -0.000382891 -0.0186725 0.0904933 -0.000394336 0.00094401 0.000349916 -0.000394336 0.00944613 -0.0176743 -0.000382891 0.00094401 -0.0176743 0.0880775 
0.0103009 -0.0186686 0.000346315 -0.000407016 -0.0186686 0.0904946 -0.00041737 0.000978717 0.000346315 -0.00041737 0.00946576 -0.0176737 -0.000407016 0.000978717 -0.0176737 0.0881126 
0.0102918 -0.0186653 0.000321899 -0.000391361 -0.0186653 0.0905281 -0.000400009 0.000958442 0.000321899 -0.000400009 0.00949833 -0.0176825 -0.000391361 0.000958442 -0.0176825 0.0881232 
0.0102725 -0.0186509 0.000297101 -0.00035409 -0.0186509 0.090498 -0.000362094 0.000879812 0.000297101 -0.000362094 0.00950881 -0.0177075 -0.00035409 0.000879812 -0.0177075 0.0881487 
0.0102201 -0.0186149 0.000295859 -0.000344499 -0.0186149 0.090414 -0.000352252 0.000851731 0.000295859 -0.000352252 0.00953803 -0.0177276 -0.000344499 0.000851731 -0.0177276 0.0882033 
0.0101827 -0.0185251 0.000309983 -0.00037343 -0.0185251 0.0902168 -0.000375166 0.000912185 0.000309983 -0.000375166 0.0095708 -0.0177966 -0.00037343 0.000912185 -0.0177966 0.0883695 
0.0101832 -0.0184935 0.000298035 -0.000361263 -0.0184935 0.090089 -0.000354243 0.000880908 0.000298035 -0.000354243 0.00957449 -0.0178119 -0.000361263 0.000880908 -0.0178119 0.0884376 
0.0102072 -0.018508 0.000321461 -0.000366319 -0.018508 0.0900875 -0.000356797 0.000891466 0.000321461 -0.000356797 0.00952844 -0.0177972 -0.000366319 0.000891466 -0.0177972 0.0884061 
0.0102247 -0.0185543 0.000332368 -0.000383171 -0.0185543 0.0901898 -0.000376132 0.000913996 0.000332368 -0.000376132 0.00948911 -0.0177255 -0.000383171 0.000913996 -0.0177255 0.0882613 
0.0102284 -0.0185699 0.000342479 -0.00039543 -0.0185699 0.0902555 -0.00039028 0.000947815 0.000342479 -0.00039028 0.00947238 -0.0176785 -0.00039543 0.000947815 -0.0176785 0.088123 
0.0102354 -0.0185782 0.000367986 -0.000403771 -0.0185782 0.0902986 -0.000398888 0.000969701 0.000367986 -0.000398888 0.00947137 -0.0176558 -0.000403771 0.000969701 -0.0176558 0.0880321 
0.0102314 -0.0185918 0.000346785 -0.000425947 -0.0185918 0.0903392 -0.00041908 0.000999341 0.000346785 -0.00041908 0.00950561 -0.0176519 -0.000425947 0.000999341 -0.0176519 0.0879926 
0.010215 -0.0185905 0.000300972 -0.000402127 -0.0185905 0.0903529 -0.000399371 0.000988516 0.000300972 -0.000399371 0.00954654 -0.0176926 -0.000402127 0.000988516 -0.0176926 0.0880422 
0.0101845 -0.0185509 0.000269958 -0.000340179 -0.0185509 0.0902662 -0.000340288 0.000874698 0.000269958 -0.000340288 0.009587 -0.0177626 -0.000340179 0.000874698 -0.0177626 0.088203 
0.0101678 -0.018517 0.000250677 -0.000307185 -0.018517 0.0901792 -0.000306729 0.000772705 0.000250677 -0.000306729 0.00960883 -0.0178122 -0.000307185 0.000772705 -0.0178122 0.0883513 
0.0101781 -0.0184936 0.000244346 -0.000290765 -0.0184936 0.090105 -0.00028866 0.000711808 0.000244346 -0.00028866 0.00960673 -0.0178486 -0.000290765 0.000711808 -0.0178486 0.0884753 
0.0101917 -0.0185225 0.000235549 -0.000273292 -0.0185225 0.0901399 -0.000271008 0.000655824 0.000235549 -0.000271008 0.00961033 -0.017834 -0.000273292 0.000655824 -0.017834 0.0884883 
0.0102038 -0.018528 0.000251409 -0.000283434 -0.018528 0.0901621 -0.000281315 0.000676453 0.000251409 -0.000281315 0.00961832 -0.0178614 -0.000283434 0.000676453 -0.0178614 0.0885548 
0.0102526 -0.0185542 0.000296627 -0.000294735 -0.0185542 0.0902224 -0.000294944 0.000699124 0.000296627 -0.000294944 0.00957293 -0.0178602 -0.000294735 0.000699124 -0.0178602 0.0885688 
0.0102905 -0.0185999 0.000339686 -0.000350463 -0.0185999 0.0903074 -0.00035354 0.00080036 0.000339686 -0.00035354 0.00954058 -0.017831 -0.000350463 0.00080036 -0.017831 0.0885627 
0.0102761 -0.0186655 0.000332659 -0.000384012 -0.0186655 0.090463 -0.000389923 0.000886602 0.000332659 -0.000389923 0.00953431 -0.0177582 -0.000384012 0.000886602 -0.0177582 0.0883965 
0.0102293 -0.0186269 0.000325163 -0.000395659 -0.0186269 0.0904454 -0.000401569 0.000960255 0.000325163 -0.000401569 0.00955027 -0.0177604 -0.000395659 0.000960255 -0.0177604 0.0883356 
0.010191 -0.0185702 0.000296845 -0.000372073 -0.0185702 0.0903346 -0.000379453 0.000928766 0.000296845 -0.000379453 0.00957047 -0.0177747 -0.000372073 0.000928766 -0.0177747 0.08834 
0.0101539 -0.0185155 0.000272548 -0.000335598 -0.0185155 0.0901833 -0.000341899 0.000853861 0.000272548 -0.000341899 0.00959131 -0.0177958 -0.000335598 0.000853861 -0.0177958 0.0883756 
0.0101495 -0.0184919 0.000246165 -0.000281538 -0.0184919 0.0901077 -0.000286098 0.000705576 0.000246165 -0.000286098 0.00957999 -0.017791 -0.000281538 0.000705576 -0.017791 0.088349 
0.0101391 -0.0184781 0.000217509 -0.000258157 -0.0184781 0.0900461 -0.000260566 0.000616278 0.000217509 -0.000260566 0.00956826 -0.0177732 -0.000258157 0.000616278 -0.0177732 0.0883027 
0.0101184 -0.0184125 0.000236005 -0.000258433 -0.0184125 0.0898633 -0.000259333 0.000621691 0.000236005 -0.000259333 0.00956574 -0.0178141 -0.000258433 0.000621691 -0.0178141 0.0884074 
0.0101238 -0.0184069 0.000266894 -0.000288898 -0.0184069 0.0898097 -0.000287334 0.000680011 0.000266894 -0.000287334 0.00955602 -0.0177936 -0.000288898 0.000680011 -0.0177936 0.088403 
0.0101525 -0.0184675 0.000252444 -0.000299262 -0.0184675 0.0899558 -0.000293915 0.000692649 0.000252444 -0.000293915 0.00954537 -0.0177329 -0.000299262 0.000692649 -0.0177329 0.0882467 
0.0101617 -0.0184586 0.000269646 -0.000318501 -0.0184586 0.0899607 -0.000308798 0.000763671 0.000269646 -0.000308798 0.00956564 -0.0177695 -0.000318501 0.000763671 -0.0177695 0.0882896 
0.0101697 -0.0184822 0.000279152 -0.000332113 -0.0184822 0.0900105 -0.000325872 0.000803861 0.000279152 -0.000325872 0.00957617 -0.0177866 -0.000332113 0.000803861 -0.0177866 0.0883294 
0.0101783 -0.0185154 0.000287001 -0.000324213 -0.0185154 0.0901131 -0.000322962 0.000791516 0.000287001 -0.000322962 0.00956592 -0.0177762 -0.000324213 0.000791516 -0.0177762 0.0883011 
0.0101873 -0.01854 0.000293819 -0.000317845 -0.01854 0.09021 -0.000320471 0.0007609 0.000293819 -0.000320471 0.0095332 -0.0177521 -0.000317845 0.0007609 -0.0177521 0.0882397 
0.0101674 -0.0185289 0.000300718 -0.000324764 -0.0185289 0.0902046 -0.00033181 0.000762134 0.000300718 -0.00033181 0.00954461 -0.0177367 -0.000324764 0.000762134 -0.0177367 0.088222 
0.0101527 -0.0184988 0.000279374 -0.000328482 -0.0184988 0.0901416 -0.000333864 0.000765156 0.000279374 -0.000333864 0.00956284 -0.0177483 -0.000328482 0.000765156 -0.0177483 0.0882292 
0.0101412 -0.0184568 0.000268001 -0.000335268 -0.0184568 0.0900209 -0.000336238 0.000807664 0.000268001 -0.000336238 0.00959099 -0.0177952 -0.000335268 0.000807664 -0.0177952 0.0883348 
0.0101352 -0.0184819 0.000246117 -0.00030248 -0.0184819 0.0900536 -0.000303594 0.000751253 0.000246117 -0.000303594 0.00961158 -0.0177904 -0.00030248 0.000751253 -0.0177904 0.0883279 
0.0101392 -0.0184973 0.000219986 -0.00024229 -0.0184973 0.0901152 -0.000245585 0.000594128 0.000219986 -0.000245585 0.00958829 -0.0177757 -0.00024229 0.000594128 -0.0177757 0.0882481 
0.0101222 -0.0184835 0.000228328 -0.000231335 -0.0184835 0.0900986 -0.000236 0.000538935 0.000228328 -0.000236 0.00958346 -0.0177765 -0.000231335 0.000538935 -0.0177765 0.0882581 
0.0101094 -0.0184692 0.000213506 -0.000239618 -0.0184692 0.0900699 -0.000245305 0.000534223 0.000213506 -0.000245305 0.00955453 -0.017747 -0.000239618 0.000534223 -0.017747 0.0881839 
0.0101143 -0.01842 0.000233907 -0.00023656 -0.01842 0.0899482 -0.000243568 0.000555123 0.000233907 -0.000243568 0.00954258 -0.0177537 -0.00023656 0.000555123 -0.0177537 0.0882188 
0.0100974 -0.0184305 0.00024386 -0.000248118 -0.0184305 0.0899142 -0.000255141 0.000565622 0.00024386 -0.000255141 0.00956059 -0.0177267 -0.000248118 0.000565622 -0.0177267 0.0881772 
0.0100944 -0.0184161 0.000242718 -0.000272482 -0.0184161 0.0898946 -0.000274805 0.000621277 0.000242718 -0.000274805 0.00957421 -0.0177415 -0.000272482 0.000621277 -0.0177415 0.0881688 
0.010051 -0.0183901 0.000206667 -0.000281295 -0.0183901 0.0898067 -0.000281958 0.000668366 0.000206667 -0.000281958 0.00961737 -0.0177693 -0.000281295 0.000668366 -0.0177693 0.0882272 
0.0100157 -0.0183446 0.000168111 -0.000243298 -0.0183446 0.0897112 -0.00024619 0.000633282 0.000168111 -0.00024619 0.00963188 -0.0178139 -0.000243298 0.000633282 -0.0178139 0.0883112 
0.0100187 -0.0182969 0.000163362 -0.000186874 -0.0182969 0.0895906 -0.000186833 0.000509104 0.000163362 -0.000186833 0.00961742 -0.0178447 -0.000186874 0.000509104 -0.0178447 0.0884194 
0.0100303 -0.0182884 0.000183196 -0.000186627 -0.0182884 0.0895201 -0.000182131 0.000453338 0.000183196 -0.000182131 0.00959531 -0.0178396 -0.000186627 0.000453338 -0.0178396 0.0884653 
0.0100494 -0.0183507 0.000193535 -0.000198839 -0.0183507 0.089657 -0.000196848 0.000449483 0.000193535 -0.000196848 0.00955555 -0.0177597 -0.000198839 0.000449483 -0.0177597 0.0882886 
0.0100467 -0.0183546 0.00019604 -0.000225663 -0.0183546 0.0897111 -0.000227279 0.000515566 0.00019604 -0.000227279 0.00955658 -0.0177332 -0.000225663 0.000515566 -0.0177332 0.0881923 
0.0100456 -0.0183542 0.000193624 -0.000208642 -0.0183542 0.0897196 -0.000212414 0.000498515 0.000193624 -0.000212414 0.00952559 -0.017709 -0.000208642 0.000498515 -0.017709 0.0880862 
0.0100572 -0.018354 0.000179385 -0.000215402 -0.018354 0.0897278 -0.000219742 0.000509432 0.000179385 -0.000219742 0.00949387 -0.0176733 -0.000215402 0.000509432 -0.0176733 0.0879978 
0.0100351 -0.0183189 0.000191269 -0.000220158 -0.0183189 0.0896186 -0.00022531 0.000546608 0.000191269 -0.00022531 0.00950711 -0.0176808 -0.000220158 0.000546608 -0.0176808 0.0880253 
0.0100116 -0.0182939 0.000179227 -0.000223923 -0.0182939 0.0895426 -0.000226623 0.000548224 0.000179227 -0.000226623 0.00954179 -0.0176964 -0.000223923 0.000548224 -0.0176964 0.0880612 
0.0100123 -0.0182836 0.000164321 -0.000200733 -0.0182836 0.0895195 -0.000200718 0.000501333 0.000164321 -0.000200718 0.0095744 -0.0177254 -0.000200733 0.000501333 -0.0177254 0.0881049 
0.00999242 -0.0183147 0.000153518 -0.000192352 -0.0183147 0.0895895 -0.000192563 0.000478109 0.000153518 -0.000192563 0.00961218 -0.0177279 -0.000192352 0.000478109 -0.0177279 0.0880825 
0.0099685 -0.0182671 0.000170542 -0.000197937 -0.0182671 0.0895304 -0.000199042 0.000499693 0.000170542 -0.000199042 0.00967387 -0.0178216 -0.000197937 0.000499693 -0.0178216 0.0882774 
0.00994205 -0.0182413 0.000157857 -0.000183483 -0.0182413 0.0894449 -0.000179801 0.000438912 0.000157857 -0.000179801 0.00966855 -0.0178738 -0.000183483 0.000438912 -0.0178738 0.0884158 
0.00994385 -0.0182256 0.000153549 -0.000167468 -0.0182256 0.0894066 -0.000157483 0.000383264 0.000153549 -0.000157483 0.0096198 -0.0178506 -0.000167468 0.000383264 -0.0178506 0.0884211 
0.00993301 -0.0182292 0.000129763 -0.000162857 -0.0182292 0.089403 -0.000153439 0.000356434 0.000129763 -0.000153439 0.00960213 -0.0177864 -0.000162857 0.000356434 -0.0177864 0.0883113 
0.00991614 -0.0181937 0.000125683 -0.000150674 -0.0181937 0.0893214 -0.000144882 0.000352209 0.000125683 -0.000144882 0.00959285 -0.0177686 -0.000150674 0.000352209 -0.0177686 0.0882271 
0.00992149 -0.0181787 0.000122132 -0.000138599 -0.0181787 0.0892698 -0.000136108 0.000326185 0.000122132 -0.000136108 0.00957657 -0.0177474 -0.000138599 0.000326185 -0.0177474 0.0881553 
0.00989694 -0.0181778 0.000123481 -0.00014467 -0.0181778 0.0892401 -0.000146465 0.000342896 0.000123481 -0.000146465 0.00958931 -0.0177278 -0.00014467 0.000342896 -0.0177278 0.0880937 
0.00988905 -0.018151 0.000126885 -0.000141818 -0.018151 0.0891951 -0.000145993 0.000348408 0.000126885 -0.000145993 0.00959228 -0.0177375 -0.000141818 0.000348408 -0.0177375 0.0880771 
0.00991189 -0.0181558 0.000114865 -0.000128507 -0.0181558 0.089196 -0.000129549 0.000303116 0.000114865 -0.000129549 0.00956182 -0.0177232 -0.000128507 0.000303116 -0.0177232 0.088033 
0.00993458 -0.0181586 0.00012191 -0.000126632 -0.0181586 0.0891813 -0.000126278 0.000295211 0.00012191 -0.000126278 0.00955108 -0.0177218 -0.000126632 0.000295211 -0.0177218 0.0880563 
0.00996491 -0.0181899 0.00012783 -0.000131299 -0.0181899 0.0892346 -0.000127576 0.000290034 0.00012783 -0.000127576 0.00955719 -0.0177149 -0.000131299 0.000290034 -0.0177149 0.0880618 
0.00996922 -0.0182204 0.000150878 -0.000157369 -0.0182204 0.0893041 -0.000150688 0.000347776 0.000150878 -0.000150688 0.00958781 -0.0177444 -0.000157369 0.000347776 -0.0177444 0.0881328 
0.00996883 -0.0182312 0.000168899 -0.000169134 -0.0182312 0.0893528 -0.000166123 0.000379023 0.000168899 -0.000166123 0.00959992 -0.0177785 -0.000169134 0.000379023 -0.0177785 0.0882135 
0.00999222 -0.0182752 0.000145203 -0.000168475 -0.0182752 0.0894892 -0.000169369 0.000370554 0.000145203 -0.000169369 0.00958126 -0.0177531 -0.000168475 0.000370554 -0.0177531 0.0881666 
0.00998626 -0.018281 0.000136053 -0.000167314 -0.018281 0.0895207 -0.000170432 0.000402337 0.000136053 -0.000170432 0.00957664 -0.0177445 -0.000167314 0.000402337 -0.0177445 0.0881442 
0.00998427 -0.0182755 0.000142939 -0.000150914 -0.0182755 0.0895248 -0.000152238 0.000376472 0.000142939 -0.000152238 0.00956289 -0.0177394 -0.000150914 0.000376472 -0.0177394 0.0881278 
0.00995859 -0.0182698 0.000131108 -0.000150337 -0.0182698 0.0895111 -0.000149341 0.000348212 0.000131108 -0.000149341 0.0095761 -0.017723 -0.000150337 0.000348212 -0.017723 0.0880986 
0.00993126 -0.018241 0.000121309 -0.00014177 -0.018241 0.0894662 -0.000143176 0.000337597 0.000121309 -0.000143176 0.00959505 -0.0177362 -0.00014177 0.000337597 -0.0177362 0.0881018 
0.009943 -0.01821 0.000129945 -0.000139532 -0.01821 0.0894043 -0.000145913 0.000344644 0.000129945 -0.000145913 0.00959304 -0.0177596 -0.000139532 0.000344644 -0.0177596 0.0881429 
0.00995011 -0.0182013 0.000150418 -0.000158875 -0.0182013 0.0893367 -0.000164935 0.000385331 0.000150418 -0.000164935 0.00962596 -0.0177857 -0.000158875 0.000385331 -0.0177857 0.0882366 
0.00995247 -0.0181918 0.000163744 -0.000168665 -0.0181918 0.0892706 -0.000169971 0.000395343 0.000163744 -0.000169971 0.00963946 -0.0178404 -0.000168665 0.000395343 -0.0178404 0.0883702 
0.00998678 -0.0182549 0.000165878 -0.000180073 -0.0182549 0.0894183 -0.000178503 0.000408845 0.000165878 -0.000178503 0.00961082 -0.0178001 -0.000180073 0.000408845 -0.0178001 0.0882984 
0.0100255 -0.0182792 0.000203919 -0.000214667 -0.0182792 0.0895082 -0.000211027 0.000501035 0.000203919 -0.000211027 0.00959918 -0.0177986 -0.000214667 0.000501035 -0.0177986 0.0882982 
0.0100605 -0.018331 0.000234496 -0.000254661 -0.018331 0.0896235 -0.000251251 0.000592982 0.000234496 -0.000251251 0.00958476 -0.0177828 -0.000254661 0.000592982 -0.0177828 0.0882715 
0.0100623 -0.0183759 0.000243116 -0.000276544 -0.0183759 0.0897442 -0.000276782 0.000655212 0.000243116 -0.000276782 0.00960216 -0.0177731 -0.000276544 0.000655212 -0.0177731 0.0882586 
0.0100433 -0.0183744 0.000243463 -0.000276338 -0.0183744 0.0897789 -0.000279776 0.000672154 0.000243463 -0.000279776 0.00961872 -0.0177933 -0.000276338 0.000672154 -0.0177933 0.0882836 
0.0100571 -0.0183619 0.000247313 -0.000258213 -0.0183619 0.0897834 -0.000263539 0.000625969 0.000247313 -0.000263539 0.00960616 -0.0178171 -0.000258213 0.000625969 -0.0178171 0.088347 
0.0101074 -0.0183815 0.000239609 -0.000275532 -0.0183815 0.0898148 -0.000284197 0.000650621 0.000239609 -0.000284197 0.00956893 -0.0178014 -0.000275532 0.000650621 -0.0178014 0.0883499 
0.0101355 -0.018442 0.000192081 -0.000252121 -0.018442 0.0899189 -0.000265179 0.000618645 0.000192081 -0.000265179 0.00954786 -0.0177528 -0.000252121 0.000618645 -0.0177528 0.0882656 
0.010136 -0.018495 0.00014344 -0.000185299 -0.018495 0.0900653 -0.000199518 0.000494462 0.00014344 -0.000199518 0.00954527 -0.0177005 -0.000185299 0.000494462 -0.0177005 0.0881132 
0.0101393 -0.0184792 0.000158516 -0.000140974 -0.0184792 0.0900828 -0.000148323 0.000371564 0.000158516 -0.000148323 0.00954445 -0.0177165 -0.000140974 0.000371564 -0.0177165 0.0880965 
0.0101175 -0.0184805 0.000180784 -0.000155778 -0.0184805 0.0900772 -0.000155816 0.0003317 0.000180784 -0.000155816 0.0095616 -0.0177186 -0.000155778 0.0003317 -0.0177186 0.0881055 
0.0100761 -0.0184444 0.000191348 -0.000186712 -0.0184444 0.0900058 -0.000177516 0.000368371 0.000191348 -0.000177516 0.00959211 -0.0177465 -0.000186712 0.000368371 -0.0177465 0.0881605 
0.0100801 -0.0183671 0.000232998 -0.000240379 -0.0183671 0.0898319 -0.000223357 0.000504832 0.000232998 -0.000223357 0.00960473 -0.0178261 -0.000240379 0.000504832 -0.0178261 0.0883619 
0.0101095 -0.0183651 0.000284387 -0.000299635 -0.0183651 0.0897445 -0.000279426 0.00065734 0.000284387 -0.000279426 0.00960278 -0.0178545 -0.000299635 0.00065734 -0.0178545 0.0885102 
0.0101351 -0.018436 0.000281422 -0.000332821 -0.018436 0.0898676 -0.000315207 0.000742478 0.000281422 -0.000315207 0.00957532 -0.0178138 -0.000332821 0.000742478 -0.0178138 0.0884518 
0.0101154 -0.0184562 0.000270516 -0.000338392 -0.0184562 0.0899439 -0.000325415 0.000803116 0.000270516 -0.000325415 0.009578 -0.0177891 -0.000338392 0.000803116 -0.0177891 0.0883926 
0.0101024 -0.0184281 0.000273963 -0.000336387 -0.0184281 0.0899272 -0.0003292 0.000835555 0.000273963 -0.0003292 0.0095766 -0.0177942 -0.000336387 0.000835555 -0.0177942 0.0883775 
0.0100607 -0.0184025 0.000250038 -0.000314849 -0.0184025 0.0898475 -0.000312013 0.000789593 0.000250038 -0.000312013 0.00959425 -0.0177785 -0.000314849 0.000789593 -0.0177785 0.0883326 
0.0100688 -0.0184029 0.000208844 -0.000255259 -0.0184029 0.089874 -0.00025517 0.000646526 0.000208844 -0.00025517 0.00955992 -0.0177384 -0.000255259 0.000646526 -0.0177384 0.0881778 
0.0100632 -0.0183968 0.000191798 -0.000210757 -0.0183968 0.0898553 -0.000210631 0.000522124 0.000191798 -0.000210631 0.00956372 -0.0177157 -0.000210757 0.000522124 -0.0177157 0.0881076 
0.0100389 -0.0183184 0.00020149 -0.000224143 -0.0183184 0.0896481 -0.000224203 0.000527662 0.00020149 -0.000224203 0.00959254 -0.0177907 -0.000224143 0.000527662 -0.0177907 0.0882721 
0.0100283 -0.0183182 0.00020997 -0.000248693 -0.0183182 0.0895996 -0.000249731 0.00059233 0.00020997 -0.000249731 0.00962279 -0.017805 -0.000248693 0.00059233 -0.017805 0.0883452 
0.0100239 -0.0183248 0.00022451 -0.000253327 -0.0183248 0.0896181 -0.000255248 0.000623823 0.00022451 -0.000255248 0.00962842 -0.0178203 -0.000253327 0.000623823 -0.0178203 0.0883659 
0.0100297 -0.0182845 0.000220567 -0.00026956 -0.0182845 0.089525 -0.000270681 0.000654091 0.000220567 -0.000270681 0.00962441 -0.0178703 -0.00026956 0.000654091 -0.0178703 0.0885071 
0.010063 -0.0183299 0.000197209 -0.000256343 -0.0183299 0.0895975 -0.000255701 0.000637505 0.000197209 -0.000255701 0.00959484 -0.0178264 -0.000256343 0.000637505 -0.0178264 0.0884543 
0.0100956 -0.0183473 0.000221812 -0.000223222 -0.0183473 0.0896301 -0.000224931 0.000573891 0.000221812 -0.000224931 0.00956415 -0.0178072 -0.000223222 0.000573891 -0.0178072 0.0884108 
0.0101174 -0.018398 0.000232678 -0.000257269 -0.018398 0.0897398 -0.000261845 0.000601814 0.000232678 -0.000261845 0.00955435 -0.017759 -0.000257269 0.000601814 -0.017759 0.0883017 
0.010146 -0.0184346 0.000243697 -0.000274936 -0.0184346 0.0898561 -0.000278509 0.000653498 0.000243697 -0.000278509 0.00952786 -0.017734 -0.000274936 0.000653498 -0.017734 0.0881943 
0.0101538 -0.0184436 0.000251519 -0.000287594 -0.0184436 0.0898824 -0.000290803 0.0006901 0.000251519 -0.000290803 0.00951665 -0.0177326 -0.000287594 0.0006901 -0.0177326 0.0881911 
0.0101172 -0.018462 0.000217366 -0.000306713 -0.018462 0.0899367 -0.00030952 0.000744146 0.000217366 -0.00030952 0.00954017 -0.0177138 -0.000306713 0.000744146 -0.0177138 0.0881543 
0.0101084 -0.0184382 0.000209571 -0.000245867 -0.0184382 0.0899512 -0.000250039 0.000653234 0.000209571 -0.000250039 0.00955887 -0.0177331 -0.000245867 0.000653234 -0.0177331 0.0881643 
