0.00784291 0 0.0003736 0 0 0.01 0 0 0.0003736 0 0.0068754 0 0 0 0 0.01 
0.0109705 -0.0136194 0.000446215 -0.000538901 -0.0136194 0.0352884 -0.000538901 0.00103344 0.000446215 -0.000538901 0.00977332 -0.012142 -0.000538901 0.00103344 -0.012142 0.0324556 
0.0108455 -0.0203556 0.000417622 -0.00054086 -0.0203556 0.0742483 -0.00054086 0.00165486 0.000417622 -0.00054086 0.00992442 -0.0185883 -0.00054086 0.00165486 -0.0185883 0.0686071 
0.0101659 -0.0197047 0.000438873 -0.00040194 -0.0197047 0.0877715 -0.000401443 0.00104475 0.000438873 -0.000401443 0.00941577 -0.0184334 -0.00040194 0.00104475 -0.0184334 0.0829403 
0.0101565 -0.0188246 0.000472813 -0.000447949 -0.0188246 0.0899046 -0.000450537 0.000906856 0.000472813 -0.000450537 0.00937245 -0.0178404 -0.000447949 0.000906856 -0.0178404 0.0866804 
0.0103532 -0.0187363 0.000467292 -0.000519956 -0.0187363 0.0904329 -0.000526239 0.00110483 0.000467292 -0.000526239 0.00952568 -0.0177487 -0.000519956 0.00110483 -0.0177487 0.0878812 
0.0104931 -0.0188775 0.000442237 -0.000506874 -0.0188775 0.0909333 -0.00051416 0.00118194 0.000442237 -0.00051416 0.00964185 -0.0178586 -0.000506874 0.00118194 -0.0178586 0.08848 
0.0105431 -0.0189945 0.000414402 -0.00045215 -0.0189945 0.0913192 -0.000459415 0.00108919 0.000414402 -0.000459415 0.00967401 -0.017907 -0.00045215 0.00108919 -0.017907 0.0886845 
0.0105531 -0.0190245 0.000408882 -0.000410278 -0.0190245 0.0914721 -0.000415653 0.000965386 0.000408882 -0.000415653 0.00966485 -0.0179126 -0.000410278 0.000965386 -0.0179126 0.0887082 
0.0105415 -0.0189969 0.000422777 -0.000449839 -0.0189969 0.0914314 -0.000451498 0.00101998 0.000422777 -0.000451498 0.00970452 -0.0179594 -0.000449839 0.00101998 -0.0179594 0.0888375 
0.0105135 -0.0189863 0.000427016 -0.000461466 -0.0189863 0.091384 -0.000460507 0.00105756 0.000427016 -0.000460507 0.00972034 -0.0179936 -0.000461466 0.00105756 -0.0179936 0.0889155 
0.010491 -0.0189898 0.000413658 -0.000441919 -0.0189898 0.0914131 -0.000440977 0.00101489 0.000413658 -0.000440977 0.00972009 -0.0179826 -0.000441919 0.00101489 -0.0179826 0.0889027 
0.0104413 -0.018919 0.000415052 -0.000449883 -0.018919 0.0912577 -0.000449897 0.00103698 0.000415052 -0.000449897 0.0097239 -0.0180194 -0.000449883 0.00103698 -0.0180194 0.0889926 
0.010435 -0.0188818 0.0004062 -0.000447676 -0.0188818 0.0911683 -0.00045059 0.00104047 0.0004062 -0.00045059 0.00970182 -0.0180092 -0.000447676 0.00104047 -0.0180092 0.0890043 
0.0104168 -0.018894 0.000377189 -0.000426118 -0.018894 0.0911761 -0.000432493 0.0010025 0.000377189 -0.000432493 0.00970091 -0.0179585 -0.000426118 0.0010025 -0.0179585 0.0889012 
0.0104449 -0.0188801 0.000365598 -0.00039796 -0.0188801 0.0911941 -0.000402105 0.000941333 0.000365598 -0.000402105 0.00971903 -0.0179806 -0.00039796 0.000941333 -0.0179806 0.0889207 
0.0105062 -0.0189107 0.000392642 -0.000389573 -0.0189107 0.0912398 -0.000388871 0.000901006 0.000392642 -0.000388871 0.00972012 -0.0180163 -0.000389573 0.000901006 -0.0180163 0.0890059 
0.0105622 -0.0189625 0.000428745 -0.000426077 -0.0189625 0.0913171 -0.000421829 0.000940239 0.000428745 -0.000421829 0.00967608 -0.0180353 -0.000426077 0.000940239 -0.0180353 0.0890844 
0.0105306 -0.0190439 0.000407319 -0.000456264 -0.0190439 0.0914936 -0.000452867 0.00100214 0.000407319 -0.000452867 0.00967489 -0.0179616 -0.000456264 0.00100214 -0.0179616 0.0889789 
0.0105201 -0.0190225 0.000400352 -0.000437756 -0.0190225 0.0915644 -0.000434524 0.00100847 0.000400352 -0.000434524 0.00968073 -0.0179557 -0.000437756 0.00100847 -0.0179557 0.0889125 
0.0104934 -0.0190266 0.000355332 -0.000405296 -0.0190266 0.0915927 -0.000405352 0.000928282 0.000355332 -0.000405352 0.00971106 -0.0179258 -0.000405296 0.000928282 -0.0179258 0.0888043 
0.0104906 -0.0189821 0.000339955 -0.000369719 -0.0189821 0.0915276 -0.000377721 0.000869168 0.000339955 -0.000377721 0.00975612 -0.0179866 -0.000369719 0.000869168 -0.0179866 0.0888796 
0.0104952 -0.0189541 0.000364153 -0.000359974 -0.0189541 0.0914165 -0.000369721 0.000838729 0.000364153 -0.000369721 0.00978719 -0.0180674 -0.000359974 0.000838729 -0.0180674 0.0890722 
0.0104795 -0.0189906 0.000342515 -0.000350098 -0.0189906 0.0914558 -0.000354634 0.000767416 0.000342515 -0.000354634 0.00978069 -0.0180523 -0.000350098 0.000767416 -0.0180523 0.0890696 
0.0104244 -0.0189474 0.000314672 -0.000356144 -0.0189474 0.0913893 -0.000353874 0.000782035 0.000314672 -0.000353874 0.00980476 -0.0180788 -0.000356144 0.000782035 -0.0180788 0.0891408 
0.010398 -0.0188979 0.00030819 -0.000329303 -0.0188979 0.0912983 -0.000322435 0.000750975 0.00030819 -0.000322435 0.00979509 -0.0180872 -0.000329303 0.000750975 -0.0180872 0.0891613 
0.0103852 -0.018872 0.000306951 -0.000315929 -0.018872 0.0912275 -0.000309515 0.00070518 0.000306951 -0.000309515 0.00978336 -0.0180709 -0.000315929 0.00070518 -0.0180709 0.0891438 
0.0104069 -0.0188674 0.000336626 -0.000304173 -0.0188674 0.091208 -0.000300301 0.000666278 0.000336626 -0.000300301 0.00975959 -0.0180414 -0.000304173 0.000666278 -0.0180414 0.0890713 
0.0104697 -0.0188729 0.000372381 -0.000369126 -0.0188729 0.0911984 -0.00036063 0.000774925 0.000372381 -0.00036063 0.00975124 -0.0180572 -0.000369126 0.000774925 -0.0180572 0.0891175 
0.0104993 -0.0189442 0.000374229 -0.000404721 -0.0189442 0.091293 -0.000395163 0.000875149 0.000374229 -0.000395163 0.00976317 -0.0180462 -0.000404721 0.000875149 -0.0180462 0.0891189 
0.0105185 -0.0189757 0.00038294 -0.000399236 -0.0189757 0.0913832 -0.000395859 0.000905819 0.00038294 -0.000395859 0.0097527 -0.0180647 -0.000399236 0.000905819 -0.0180647 0.0891473 
0.010537 -0.019002 0.00038132 -0.000401437 -0.019002 0.0914617 -0.000404412 0.000910428 0.00038132 -0.000404412 0.00973841 -0.0180571 -0.000401437 0.000910428 -0.0180571 0.0891593 
0.0105422 -0.0190184 0.000387728 -0.000402904 -0.0190184 0.0915095 -0.000409202 0.000923694 0.000387728 -0.000409202 0.00971839 -0.0180514 -0.000402904 0.000923694 -0.0180514 0.0891677 
0.0105424 -0.019044 0.000384197 -0.000400832 -0.019044 0.091589 -0.000409116 0.000919784 0.000384197 -0.000409116 0.00968493 -0.0180038 -0.000400832 0.000919784 -0.0180038 0.0890726 
0.0105051 -0.0190294 0.000386228 -0.00039813 -0.0190294 0.091576 -0.000406014 0.000916124 0.000386228 -0.000406014 0.00965174 -0.0179603 -0.00039813 0.000916124 -0.0179603 0.088956 
0.010486 -0.0189657 0.000373521 -0.000413179 -0.0189657 0.0914542 -0.000419149 0.000944112 0.000373521 -0.000419149 0.0096512 -0.0179449 -0.000413179 0.000944112 -0.0179449 0.0889168 
0.0105045 -0.0189487 0.000371573 -0.000389819 -0.0189487 0.0913714 -0.000392651 0.000909532 0.000371573 -0.000392651 0.00964421 -0.0179141 -0.000389819 0.000909532 -0.0179141 0.0888186 
0.0104933 -0.0189862 0.000351626 -0.000376774 -0.0189862 0.0914137 -0.000377388 0.000855564 0.000351626 -0.000377388 0.00966849 -0.0178812 -0.000376774 0.000855564 -0.0178812 0.0886957 
0.0104986 -0.0189704 0.000351161 -0.000362624 -0.0189704 0.0914205 -0.000363493 0.000822593 0.000351161 -0.000363493 0.0096628 -0.0179245 -0.000362624 0.000822593 -0.0179245 0.0887257 
0.0105024 -0.0189499 0.000357723 -0.000372013 -0.0189499 0.0913536 -0.000374137 0.000835013 0.000357723 -0.000374137 0.00966579 -0.0179572 -0.000372013 0.000835013 -0.0179572 0.0888518 
0.0104557 -0.0189423 0.000330291 -0.000390805 -0.0189423 0.0913015 -0.000391716 0.000880967 0.000330291 -0.000391716 0.00970166 -0.0179706 -0.000390805 0.000880967 -0.0179706 0.0889291 
0.0104463 -0.0189171 0.00032844 -0.000359844 -0.0189171 0.0912862 -0.000356009 0.0008519 0.00032844 -0.000356009 0.00970471 -0.0179837 -0.000359844 0.0008519 -0.0179837 0.0889409 
0.0104633 -0.0189178 0.000344245 -0.000334727 -0.0189178 0.0912864 -0.000330246 0.000765216 0.000344245 -0.000330246 0.00967266 -0.0179689 -0.000334727 0.000765216 -0.0179689 0.0889076 
0.0104627 -0.0189163 0.000356092 -0.00035956 -0.0189163 0.0912584 -0.000355508 0.000780734 0.000356092 -0.000355508 0.00965067 -0.0179455 -0.00035956 0.000780734 -0.0179455 0.0888721 
0.0104438 -0.0188972 0.000362563 -0.000383577 -0.0188972 0.0911996 -0.000380363 0.000844039 0.000362563 -0.000380363 0.00964868 -0.0179315 -0.000383577 0.000844039 -0.0179315 0.0888435 
0.010436 -0.0188976 0.00034894 -0.000394763 -0.0188976 0.0912064 -0.000389457 0.000887361 0.00034894 -0.000389457 0.00965118 -0.0179028 -0.000394763 0.000887361 -0.0179028 0.0887551 
0.0104154 -0.018908 0.000313896 -0.000371863 -0.018908 0.0912491 -0.00036478 0.000858426 0.000313896 -0.00036478 0.00965938 -0.0178781 -0.000371863 0.000858426 -0.0178781 0.0886483 
0.0103831 -0.0188858 0.000287697 -0.000315404 -0.0188858 0.0912294 -0.000309362 0.000740842 0.000287697 -0.000309362 0.00966268 -0.0178759 -0.000315404 0.000740842 -0.0178759 0.0885911 
0.0103503 -0.0188067 0.00028542 -0.000292251 -0.0188067 0.0910471 -0.000288335 0.000662259 0.00028542 -0.000288335 0.00967184 -0.0179185 -0.000292251 0.000662259 -0.0179185 0.0886844 
0.0103648 -0.018768 0.000287646 -0.000287549 -0.018768 0.090917 -0.000286657 0.000627893 0.000287646 -0.000286657 0.00965236 -0.0179308 -0.000287549 0.000627893 -0.0179308 0.0887457 
0.0104205 -0.0187998 0.00030301 -0.000299153 -0.0187998 0.0909391 -0.00030012 0.000649993 0.00030301 -0.00030012 0.00963071 -0.0178994 -0.000299153 0.000649993 -0.0178994 0.0887099 
0.0104175 -0.0188501 0.000311141 -0.000333676 -0.0188501 0.0910126 -0.000334054 0.000734168 0.000311141 -0.000334054 0.00965602 -0.01789 -0.000333676 0.000734168 -0.01789 0.0886909 
0.0103911 -0.0188442 0.000322801 -0.000342957 -0.0188442 0.0910385 -0.000344552 0.00078615 0.000322801 -0.000344552 0.00967305 -0.017928 -0.000342957 0.00078615 -0.017928 0.0887483 
0.0103923 -0.0188318 0.000343608 -0.000352822 -0.0188318 0.0910464 -0.000356805 0.00081945 0.000343608 -0.000356805 0.00965195 -0.0179305 -0.000352822 0.00081945 -0.0179305 0.0887649 
0.0104139 -0.018852 0.000352944 -0.000354426 -0.018852 0.0910964 -0.000360513 0.00081323 0.000352944 -0.000360513 0.00961615 -0.0178854 -0.000354426 0.00081323 -0.0178854 0.0886847 
0.0103844 -0.0188556 0.000360165 -0.000375276 -0.0188556 0.0910956 -0.000380315 0.000851677 0.000360165 -0.000380315 0.00963289 -0.017859 -0.000375276 0.000851677 -0.017859 0.0886242 
0.0103881 -0.0188046 0.000374585 -0.000393546 -0.0188046 0.0910136 -0.000392701 0.000890352 0.000374585 -0.000392701 0.00966103 -0.01792 -0.000393546 0.000890352 -0.01792 0.0887443 
0.0104132 -0.01882 0.000371102 -0.000413658 -0.01882 0.0910037 -0.000406565 0.00093169 0.000371102 -0.000406565 0.00967713 -0.0179392 -0.000413658 0.00093169 -0.0179392 0.0888139 
0.010457 -0.0188532 0.000366317 -0.000415114 -0.0188532 0.0910623 -0.000406479 0.000954501 0.000366317 -0.000406479 0.0096698 -0.0179639 -0.000415114 0.000954501 -0.0179639 0.0888823 
0.0105284 -0.0189132 0.000374332 -0.000405794 -0.0189132 0.0911948 -0.000399598 0.000942041 0.000374332 -0.000399598 0.00965538 -0.0179669 -0.000405794 0.000942041 -0.0179669 0.0889301 
0.0105351 -0.0190126 0.000374866 -0.000385919 -0.0190126 0.0914082 -0.000386784 0.000885541 0.000374866 -0.000386784 0.00965013 -0.0179195 -0.000385919 0.000885541 -0.0179195 0.0888337 
0.0104926 -0.0189848 0.000396857 -0.000418242 -0.0189848 0.091417 -0.000422762 0.000953786 0.000396857 -0.000422762 0.00967872 -0.0179585 -0.000418242 0.000953786 -0.0179585 0.0889008 
0.0104519 -0.0189418 0.000380981 -0.000439531 -0.0189418 0.0913485 -0.000439959 0.00100613 0.000380981 -0.000439959 0.00970938 -0.0179855 -0.000439531 0.00100613 -0.0179855 0.0889713 
0.0104412 -0.0189003 0.000391352 -0.00040825 -0.0189003 0.0912482 -0.000404118 0.000962358 0.000391352 -0.000404118 0.00967084 -0.0179898 -0.00040825 0.000962358 -0.0179898 0.0889688 
0.0104716 -0.0188947 0.00042329 -0.000399522 -0.0188947 0.091205 -0.000394075 0.000897002 0.00042329 -0.000394075 0.00961702 -0.0179313 -0.000399522 0.000897002 -0.0179313 0.0888681 
0.0104905 -0.0189218 0.000453277 -0.000454373 -0.0189218 0.0912253 -0.000452452 0.000984449 0.000453277 -0.000452452 0.00959789 -0.0178723 -0.000454373 0.000984449 -0.0178723 0.0887292 
0.0105231 -0.0189449 0.000468007 -0.00049712 -0.0189449 0.0912809 -0.000500676 0.00110929 0.000468007 -0.000500676 0.0095829 -0.017856 -0.00049712 0.00110929 -0.017856 0.0886533 
0.010542 -0.0189816 0.000448841 -0.000509842 -0.0189816 0.0913537 -0.000517093 0.00117845 0.000448841 -0.000517093 0.00958011 -0.0178409 -0.000509842 0.00117845 -0.0178409 0.0886087 
0.0105386 -0.0189718 0.000446231 -0.000495798 -0.0189718 0.091331 -0.000502364 0.00118403 0.000446231 -0.000502364 0.00958404 -0.017876 -0.000495798 0.00118403 -0.017876 0.0886915 
0.0105592 -0.0189962 0.00042316 -0.000477019 -0.0189962 0.0913873 -0.000476802 0.0011278 0.00042316 -0.000476802 0.00955393 -0.0178539 -0.000477019 0.0011278 -0.0178539 0.0886685 
0.010561 -0.0190441 0.000387469 -0.000449007 -0.0190441 0.091514 -0.000443968 0.00105797 0.000387469 -0.000443968 0.00953 -0.0177863 -0.000449007 0.00105797 -0.0177863 0.0885105 
0.0105471 -0.0190428 0.000369826 -0.000420707 -0.0190428 0.0915694 -0.000415625 0.000998775 0.000369826 -0.000415625 0.00953591 -0.0177681 -0.000420707 0.000998775 -0.0177681 0.0884261 
0.0105016 -0.019008 0.00035456 -0.000394081 -0.019008 0.0915048 -0.000388909 0.00092472 0.00035456 -0.000388909 0.00954962 -0.017777 -0.000394081 0.00092472 -0.017777 0.0884083 
0.0104842 -0.0189391 0.000383997 -0.000398587 -0.0189391 0.0913519 -0.000393009 0.000929221 0.000383997 -0.000393009 0.00955104 -0.0178064 -0.000398587 0.000929221 -0.0178064 0.0884679 
0.0104897 -0.0189034 0.000407773 -0.000428693 -0.0189034 0.0912118 -0.000421925 0.000968327 0.000407773 -0.000421925 0.00952467 -0.0178125 -0.000428693 0.000968327 -0.0178125 0.0885059 
0.0105188 -0.0189129 0.000427233 -0.00045992 -0.0189129 0.091181 -0.000456766 0.00104839 0.000427233 -0.000456766 0.00949526 -0.0177813 -0.00045992 0.00104839 -0.0177813 0.0884738 
0.0105331 -0.0189454 0.000410853 -0.000481344 -0.0189454 0.0912221 -0.000481202 0.00111731 0.000410853 -0.000481202 0.00948415 -0.0177438 -0.000481344 0.00111731 -0.0177438 0.0883929 
0.0105511 -0.018983 0.000388622 -0.000452876 -0.018983 0.0913327 -0.000456985 0.00109098 0.000388622 -0.000456985 0.00946614 -0.0177154 -0.000452876 0.00109098 -0.0177154 0.0882939 
0.0105777 -0.0189937 0.000398523 -0.000439555 -0.0189937 0.0913854 -0.000447083 0.00107273 0.000398523 -0.000447083 0.00948198 -0.0177231 -0.000439555 0.00107273 -0.0177231 0.08831 
0.0106077 -0.0190399 0.000416242 -0.000431903 -0.0190399 0.0914876 -0.000440657 0.00103019 0.000416242 -0.000440657 0.00948705 -0.0177231 -0.000431903 0.00103019 -0.0177231 0.088291 
0.0105934 -0.0190609 0.000447665 -0.000472524 -0.0190609 0.0915509 -0.0004827 0.00109918 0.000447665 -0.0004827 0.00950614 -0.017751 -0.000472524 0.00109918 -0.017751 0.0883472 
0.0105598 -0.0190626 0.000458797 -0.000518993 -0.0190626 0.0916075 -0.000525086 0.0012112 0.000458797 -0.000525086 0.00953672 -0.0177694 -0.000518993 0.0012112 -0.0177694 0.0883987 
0.0105433 -0.0190376 0.000434284 -0.000508315 -0.0190376 0.0916033 -0.000509448 0.00120715 0.000434284 -0.000509448 0.00953862 -0.0177848 -0.000508315 0.00120715 -0.0177848 0.0884194 
0.0105142 -0.0190389 0.000381102 -0.00044887 -0.0190389 0.0916153 -0.000451659 0.00107991 0.000381102 -0.000451659 0.00955956 -0.0177596 -0.00044887 0.00107991 -0.0177596 0.0883671 
0.0104864 -0.0190146 0.000350278 -0.000376855 -0.0190146 0.0915952 -0.000380308 0.000902957 0.000350278 -0.000380308 0.00956573 -0.0177655 -0.000376855 0.000902957 -0.0177655 0.0883239 
0.010479 -0.0189231 0.000347391 -0.000383256 -0.0189231 0.0913702 -0.000380298 0.000875646 0.000347391 -0.000380298 0.00955943 -0.0178274 -0.000383256 0.000875646 -0.0178274 0.0884712 
0.0104374 -0.0188754 0.000358433 -0.000389891 -0.0188754 0.0911435 -0.000381683 0.000890033 0.000358433 -0.000381683 0.00956049 -0.0178461 -0.000389891 0.000890033 -0.0178461 0.088597 
0.0104143 -0.0188523 0.000336768 -0.000388119 -0.0188523 0.0910706 -0.000376821 0.000870376 0.000336768 -0.000376821 0.00957716 -0.0178294 -0.000388119 0.000870376 -0.0178294 0.0885944 
0.0103791 -0.0188017 0.000321906 -0.000378605 -0.0188017 0.0909294 -0.000371221 0.000875798 0.000321906 -0.000371221 0.00960224 -0.0178525 -0.000378605 0.000875798 -0.0178525 0.0886228 
0.0103695 -0.0187823 0.00031069 -0.000332093 -0.0187823 0.0908667 -0.000333541 0.000784897 0.00031069 -0.000333541 0.00960413 -0.0178548 -0.000332093 0.000784897 -0.0178548 0.088611 
0.0103753 -0.0187542 0.000346071 -0.000345055 -0.0187542 0.090785 -0.000349118 0.000796482 0.000346071 -0.000349118 0.00960686 -0.0178803 -0.000345055 0.000796482 -0.0178803 0.088674 
0.0103707 -0.0187609 0.00037509 -0.000391921 -0.0187609 0.0907664 -0.000392192 0.000878453 0.00037509 -0.000392192 0.00962414 -0.0178909 -0.000391921 0.000878453 -0.0178909 0.0887236 
0.0103943 -0.0187924 0.000376369 -0.00039917 -0.0187924 0.0908568 -0.000396406 0.000895086 0.000376369 -0.000396406 0.00959652 -0.0178686 -0.00039917 0.000895086 -0.0178686 0.0886529 
0.0104135 -0.0188139 0.000379593 -0.000415152 -0.0188139 0.0909281 -0.00041517 0.00094292 0.000379593 -0.00041517 0.00959665 -0.0178566 -0.000415152 0.00094292 -0.0178566 0.0886332 
0.0104473 -0.018836 0.000387859 -0.000411953 -0.018836 0.0909827 -0.00041483 0.000953485 0.000387859 -0.00041483 0.00955827 -0.0178416 -0.000411953 0.000953485 -0.0178416 0.0885767 
0.0104566 -0.0188822 0.000366733 -0.00041484 -0.0188822 0.09108 -0.000420143 0.000954303 0.000366733 -0.000420143 0.0095483 -0.0177936 -0.00041484 0.000954303 -0.0177936 0.0884828 
0.0104573 -0.0188925 0.000358861 -0.000403141 -0.0188925 0.0911449 -0.000409944 0.000954 0.000358861 -0.000409944 0.00955489 -0.0177943 -0.000403141 0.000954 -0.0177943 0.0884556 
0.0104611 -0.0188914 0.000346813 -0.000401745 -0.0188914 0.0911663 -0.000404511 0.000950402 0.000346813 -0.000404511 0.00956033 -0.0178142 -0.000401745 0.000950402 -0.0178142 0.0884958 
0.0104307 -0.0188874 0.000346656 -0.000373638 -0.0188874 0.0911492 -0.000376867 0.000891884 0.000346656 -0.000376867 0.00957053 -0.0178224 -0.000373638 0.000891884 -0.0178224 0.0885318 
0.0104344 -0.0188546 0.000368069 -0.000375683 -0.0188546 0.0911012 -0.000382021 0.000876994 0.000368069 -0.000382021 0.00957425 -0.0178318 -0.000375683 0.000876994 -0.0178318 0.0885587 
0.0104398 -0.0188695 0.000358439 -0.000392727 -0.0188695 0.091105 -0.000398745 0.000892433 0.000358439 -0.000398745 0.00957992 -0.0178113 -0.000392727 0.000892433 -0.0178113 0.0885055 
0.0104374 -0.0188947 0.000339822 -0.000367822 -0.0188947 0.091163 -0.000372224 0.000851753 0.000339822 -0.000372224 0.00956227 -0.0177757 -0.000367822 0.000851753 -0.0177757 0.0883707 
0.0104105 -0.0188855 0.000337338 -0.000350947 -0.0188855 0.0911661 -0.000352243 0.000805554 0.000337338 -0.000352243 0.00956964 -0.017763 -0.000350947 0.000805554 -0.017763 0.0883076 
0.010381 -0.0188527 0.000326157 -0.00035064 -0.0188527 0.0911145 -0.000346715 0.000784142 0.000326157 -0.000346715 0.00957956 -0.0177763 -0.00035064 0.000784142 -0.0177763 0.0883123 
0.0103301 -0.0188022 0.000300984 -0.000364515 -0.0188022 0.0909966 -0.000358911 0.000826492 0.000300984 -0.000358911 0.00960812 -0.0178005 -0.000364515 0.000826492 -0.0178005 0.0883671 
0.0102849 -0.0187047 0.000270063 -0.000338429 -0.0187047 0.090759 -0.000334967 0.00081013 0.000270063 -0.000334967 0.00963932 -0.0178785 -0.000338429 0.00081013 -0.0178785 0.0885662 
0.010274 -0.0186597 0.000275879 -0.000295443 -0.0186597 0.0905964 -0.00029242 0.000727012 0.000275879 -0.00029242 0.00963446 -0.0178985 -0.000295443 0.000727012 -0.0178985 0.0886649 
0.0102967 -0.0186162 0.000328415 -0.000324304 -0.0186162 0.0904337 -0.000315634 0.000752363 0.000328415 -0.000315634 0.00961103 -0.0179206 -0.000324304 0.000752363 -0.0179206 0.0887656 
0.0103241 -0.0186418 0.000362205 -0.000397248 -0.0186418 0.0904188 -0.000387227 0.00088874 0.000362205 -0.000387227 0.00959998 -0.0179057 -0.000397248 0.00088874 -0.0179057 0.0887926 
0.0103377 -0.0186884 0.000377516 -0.000415107 -0.0186884 0.0905057 -0.000407603 0.000962761 0.000377516 -0.000407603 0.00957602 -0.0178674 -0.000415107 0.000962761 -0.0178674 0.0887057 
0.0103438 -0.0187496 0.000362481 -0.000407449 -0.0187496 0.0906975 -0.000401753 0.000947247 0.000362481 -0.000401753 0.00956148 -0.0177927 -0.000407449 0.000947247 -0.0177927 0.0885001 
0.0103765 -0.018772 0.000361189 -0.000380954 -0.018772 0.0908257 -0.000376339 0.000889528 0.000361189 -0.000376339 0.00951558 -0.0177537 -0.000380954 0.000889528 -0.0177537 0.0883276 
0.0103775 -0.0187893 0.000365882 -0.000382751 -0.0187893 0.0908638 -0.000379638 0.000869001 0.000365882 -0.000379638 0.00949301 -0.0177075 -0.000382751 0.000869001 -0.0177075 0.0882023 
0.010351 -0.018803 0.000331369 -0.000386617 -0.018803 0.0909172 -0.000382206 0.000867485 0.000331369 -0.000382206 0.00951054 -0.0176601 -0.000386617 0.000867485 -0.0176601 0.0880518 
0.0103008 -0.018747 0.000294687 -0.000362484 -0.018747 0.0908214 -0.000362541 0.000856361 0.000294687 -0.000362541 0.00955827 -0.0177017 -0.000362484 0.000856361 -0.0177017 0.0880779 
0.0102517 -0.0186636 0.000276686 -0.000340525 -0.0186636 0.0906245 -0.00034807 0.000843771 0.000276686 -0.00034807 0.00963684 -0.0178001 -0.000340525 0.000843771 -0.0178001 0.0883032 
0.0102271 -0.0186135 0.00027281 -0.000301167 -0.0186135 0.0904684 -0.000311651 0.000759586 0.00027281 -0.000311651 0.00966582 -0.0178808 -0.000301167 0.000759586 -0.0178808 0.0885083 
0.0102274 -0.0185999 0.000268462 -0.000281052 -0.0185999 0.090412 -0.000288351 0.000671803 0.000268462 -0.000288351 0.00966523 -0.0179117 -0.000281052 0.000671803 -0.0179117 0.0886399 
0.0102318 -0.0185926 0.000270986 -0.000272464 -0.0185926 0.0903719 -0.000274649 0.000618017 0.000270986 -0.000274649 0.00964003 -0.0179177 -0.000272464 0.000618017 -0.0179177 0.0887045 
0.0102398 -0.0185935 0.000280526 -0.000288566 -0.0185935 0.0903581 -0.000289693 0.000639606 0.000280526 -0.000289693 0.00961387 -0.0178896 -0.000288566 0.000639606 -0.0178896 0.0886849 
0.0102451 -0.0185933 0.000280394 -0.000333553 -0.0185933 0.090354 -0.000334237 0.000756503 0.000280394 -0.000334237 0.00961652 -0.0178733 -0.000333553 0.000756503 -0.0178733 0.0886598 
0.0102616 -0.0186183 0.000281711 -0.000320279 -0.0186183 0.0904142 -0.000323631 0.000775509 0.000281711 -0.000323631 0.0096151 -0.0178629 -0.000320279 0.000775509 -0.0178629 0.088619 
0.0102704 -0.0186433 0.000277494 -0.000325794 -0.0186433 0.0904925 -0.000329245 0.000786897 0.000277494 -0.000329245 0.00962303 -0.0178691 -0.000325794 0.000786897 -0.0178691 0.0886232 
0.0102681 -0.0186793 0.00026229 -0.000298919 -0.0186793 0.0906032 -0.000298977 0.000721691 0.00026229 -0.000298977 0.00961134 -0.0178432 -0.000298919 0.000721691 -0.0178432 0.0885432 
0.0102544 -0.0186618 0.000279467 -0.000284438 -0.0186618 0.0906048 -0.000282724 0.000669694 0.000279467 -0.000282724 0.0096034 -0.0178385 -0.000284438 0.000669694 -0.0178385 0.0885131 
0.0102471 -0.018649 0.000290812 -0.000296902 -0.018649 0.090581 -0.000296095 0.000661043 0.000290812 -0.000296095 0.00960821 -0.0178147 -0.000296902 0.000661043 -0.0178147 0.0884491 
0.0102245 -0.0186594 0.000236199 -0.000300978 -0.0186594 0.0906028 -0.000297642 0.000660969 0.000236199 -0.000297642 0.00964168 -0.017788 -0.000300978 0.000660969 -0.017788 0.0883428 
0.0102019 -0.0186073 0.000195059 -0.000236536 -0.0186073 0.0904949 -0.00023405 0.000565979 0.000195059 -0.00023405 0.00967014 -0.0178475 -0.000236536 0.000565979 -0.0178475 0.0884109 
0.0101983 -0.0185914 0.000183051 -0.000177122 -0.0185914 0.0904347 -0.000177972 0.000416639 0.000183051 -0.000177972 0.00967829 -0.0178795 -0.000177122 0.000416639 -0.0178795 0.0884997 
0.0102092 -0.0185678 0.000221964 -0.000180673 -0.0185678 0.0903592 -0.000185943 0.000386843 0.000221964 -0.000185943 0.00967808 -0.0179232 -0.000180673 0.000386843 -0.0179232 0.0886426 
0.0102334 -0.018547 0.000241935 -0.000235928 -0.018547 0.0902616 -0.000244378 0.000479619 0.000241935 -0.000244378 0.00966229 -0.0179641 -0.000235928 0.000479619 -0.0179641 0.0888087 
0.0102511 -0.0185902 0.000252808 -0.000272024 -0.0185902 0.0903115 -0.000278459 0.00059739 0.000252808 -0.000278459 0.00965437 -0.0179413 -0.000272024 0.00059739 -0.0179413 0.0888355 
0.0102418 -0.0186352 0.000260929 -0.000282814 -0.0186352 0.0904387 -0.000286623 0.000654613 0.000260929 -0.000286623 0.00967306 -0.0179062 -0.000282814 0.000654613 -0.0179062 0.0887528 
0.0102343 -0.0186512 0.000246836 -0.000276431 -0.0186512 0.0905463 -0.000276079 0.000638301 0.000246836 -0.000276079 0.00968718 -0.0178971 -0.000276431 0.000638301 -0.0178971 0.0886657 
0.0102339 -0.0186254 0.000274213 -0.000271142 -0.0186254 0.0905226 -0.000270232 0.000634198 0.000274213 -0.000270232 0.00969481 -0.0179323 -0.000271142 0.000634198 -0.0179323 0.0887105 
0.0102484 -0.0186113 0.000306785 -0.000309762 -0.0186113 0.0904736 -0.000311566 0.000697284 0.000306785 -0.000311566 0.00970251 -0.0179643 -0.000309762 0.000697284 -0.0179643 0.0888079 
0.0102572 -0.0186689 0.000286789 -0.000301802 -0.0186689 0.0905791 -0.000304747 0.000668745 0.000286789 -0.000304747 0.00968904 -0.0179126 -0.000301802 0.000668745 -0.0179126 0.0886941 
0.0102631 -0.018672 0.000259906 -0.000296669 -0.018672 0.0906335 -0.00029682 0.000665346 0.000259906 -0.00029682 0.00971343 -0.0179253 -0.000296669 0.000665346 -0.0179253 0.0886987 
0.0102679 -0.018679 0.000234774 -0.00027209 -0.018679 0.0906527 -0.000270321 0.000631761 0.000234774 -0.000270321 0.00973205 -0.0179512 -0.00027209 0.000631761 -0.0179512 0.0887418 
0.0102786 -0.0186949 0.000215908 -0.000233985 -0.0186949 0.0906993 -0.000235613 0.000549135 0.000215908 -0.000235613 0.00974466 -0.0179807 -0.000233985 0.000549135 -0.0179807 0.08882 
0.0102503 -0.0187008 0.000200128 -0.000215919 -0.0187008 0.0907131 -0.000217314 0.000493222 0.000200128 -0.000217314 0.00975831 -0.0179978 -0.000215919 0.000493222 -0.0179978 0.0888807 
0.0102311 -0.0186588 0.000187972 -0.000203365 -0.0186588 0.0906443 -0.000200413 0.00045562 0.000187972 -0.000200413 0.00975172 -0.0180194 -0.000203365 0.00045562 -0.0180194 0.0889421 
0.0102287 -0.0186211 0.00019109 -0.000202517 -0.0186211 0.0905339 -0.000194406 0.000449708 0.00019109 -0.000194406 0.00973757 -0.0180235 -0.000202517 0.000449708 -0.0180235 0.0889906 
0.0101952 -0.0186139 0.000200977 -0.000207666 -0.0186139 0.0904719 -0.000200707 0.000460366 0.000200977 -0.000200707 0.00974033 -0.0180015 -0.000207666 0.000460366 -0.0180015 0.0889638 
0.0102137 -0.0185897 0.000206901 -0.000205432 -0.0185897 0.0904506 -0.000203551 0.000448765 0.000206901 -0.000203551 0.00975014 -0.0180099 -0.000205432 0.000448765 -0.0180099 0.0889701 
0.0102497 -0.0185798 0.00021409 -0.000215336 -0.0185798 0.0903837 -0.000217303 0.000467822 0.00021409 -0.000217303 0.00977602 -0.0180613 -0.000215336 0.000467822 -0.0180613 0.0891008 
0.0102883 -0.0186439 0.000181526 -0.000214466 -0.0186439 0.0904791 -0.000221504 0.000473391 0.000181526 -0.000221504 0.0097909 -0.0180726 -0.000214466 0.000473391 -0.0180726 0.0891477 
0.010305 -0.0187178 0.00015535 -0.000164795 -0.0187178 0.0906756 -0.000177793 0.000397315 0.00015535 -0.000177793 0.00978971 -0.0180697 -0.000164795 0.000397315 -0.0180697 0.0891324 
0.0103191 -0.0187248 0.000176663 -0.000143649 -0.0187248 0.0907514 -0.000153923 0.0003319 0.000176663 -0.000153923 0.00979584 -0.018094 -0.000143649 0.0003319 -0.018094 0.0891976 
0.010347 -0.0187461 0.000237492 -0.000207559 -0.0187461 0.090821 -0.000212925 0.000443655 0.000237492 -0.000212925 0.00982311 -0.0181139 -0.000207559 0.000443655 -0.0181139 0.0892651 
