0.00788524 0 -0.000451784 0 0 0.01 0 0 -0.000451784 0 0.00673853 0 0 0 0 0.01 
0.0109896 -0.0136362 -0.000546465 0.000665816 -0.0136362 0.0353206 0.000665816 -0.00127631 -0.000546465 0.000665816 0.0096325 -0.011975 0.000665816 -0.00127631 -0.011975 0.0321355 
0.0109279 -0.0202811 -0.000501467 0.000762898 -0.0202811 0.0739716 0.000762898 -0.0023788 -0.000501467 0.000762898 0.00978001 -0.018493 0.000762898 -0.0023788 -0.018493 0.0683482 
0.0103236 -0.019708 -0.000484646 0.000523547 -0.019708 0.087384 0.000522706 -0.00161792 -0.000484646 0.000522706 0.00919519 -0.0183745 0.000523547 -0.00161792 -0.0183745 0.0830706 
0.0103229 -0.0189706 -0.000516576 0.000510038 -0.0189706 0.0899101 0.000500937 -0.00116725 -0.000516576 0.000500937 0.00909265 -0.0176345 0.000510038 -0.00116725 -0.0176345 0.0865603 
0.0105416 -0.0188983 -0.00056771 0.000609388 -0.0188983 0.0906838 0.000591117 -0.00130048 -0.00056771 0.000591117 0.00918431 -0.0174524 0.000609388 -0.00130048 -0.0174524 0.0874055 
0.010689 -0.0190736 -0.00055859 0.000650322 -0.0190736 0.0913172 0.000633192 -0.0014456 -0.00055859 0.000633192 0.00926776 -0.0174468 0.000650322 -0.0014456 -0.0174468 0.0876199 
0.0107284 -0.0191824 -0.000531183 0.000628364 -0.0191824 0.0917216 0.00062192 -0.00148103 -0.000531183 0.00062192 0.00932142 -0.0174719 0.000628364 -0.00148103 -0.0174719 0.0876536 
0.0107112 -0.0192031 -0.000504312 0.000588866 -0.0192031 0.0918777 0.000594188 -0.00142877 -0.000504312 0.000594188 0.00940536 -0.0175314 0.000588866 -0.00142877 -0.0175314 0.0877396 
0.0106464 -0.0191638 -0.000473277 0.000532724 -0.0191638 0.0918213 0.000540058 -0.00128991 -0.000473277 0.000540058 0.00948425 -0.0176285 0.000532724 -0.00128991 -0.0176285 0.0879083 
0.0106164 -0.0190949 -0.000452939 0.000499454 -0.0190949 0.0916881 0.000498135 -0.00117173 -0.000452939 0.000498135 0.00951815 -0.0177336 0.000499454 -0.00117173 -0.0177336 0.0881597 
0.0106274 -0.0190672 -0.000474746 0.000502252 -0.0190672 0.091596 0.000497015 -0.00115963 -0.000474746 0.000497015 0.00950984 -0.0177827 0.000502252 -0.00115963 -0.0177827 0.088354 
0.010654 -0.0190895 -0.000488328 0.000513948 -0.0190895 0.0916097 0.000512766 -0.00116638 -0.000488328 0.000512766 0.0094955 -0.0177787 0.000513948 -0.00116638 -0.0177787 0.0884351 
0.0106416 -0.0191145 -0.000476216 0.000532711 -0.0191145 0.0916546 0.000536188 -0.00121043 -0.000476216 0.000536188 0.00950557 -0.0177693 0.000532711 -0.00121043 -0.0177693 0.0884487 
0.0106152 -0.0191015 -0.000463436 0.00052919 -0.0191015 0.0916624 0.000531658 -0.0012396 -0.000463436 0.000531658 0.00953656 -0.0177913 0.00052919 -0.0012396 -0.0177913 0.0885028 
0.0105899 -0.0190537 -0.000498087 0.000556477 -0.0190537 0.0915776 0.000558163 -0.00133218 -0.000498087 0.000558163 0.00958558 -0.017859 0.000556477 -0.00133218 -0.017859 0.0886669 
0.0106104 -0.0190274 -0.000524307 0.000574461 -0.0190274 0.0914935 0.000573889 -0.00136676 -0.000524307 0.000573889 0.00957836 -0.0178975 0.000574461 -0.00136676 -0.0178975 0.0887702 
0.0106294 -0.0190638 -0.00051962 0.000584799 -0.0190638 0.0915336 0.000587441 -0.00137697 -0.00051962 0.000587441 0.00957271 -0.0178783 0.000584799 -0.00137697 -0.0178783 0.0887647 
0.0105955 -0.0190979 -0.000486458 0.000552237 -0.0190979 0.0916173 0.000562847 -0.00131611 -0.000486458 0.000562847 0.00956951 -0.0178435 0.000552237 -0.00131611 -0.0178435 0.0886651 
0.0105635 -0.0190664 -0.000478104 0.000516946 -0.0190664 0.0916209 0.000529428 -0.0012399 -0.000478104 0.000529428 0.00956733 -0.0178394 0.000516946 -0.0012399 -0.0178394 0.0886219 
0.0105589 -0.0190413 -0.000453788 0.000494483 -0.0190413 0.0915902 0.00050203 -0.0011501 -0.000453788 0.00050203 0.0095589 -0.0178271 0.000494483 -0.0011501 -0.0178271 0.0885871 
0.0105739 -0.0190318 -0.000429071 0.000491599 -0.0190318 0.0915608 0.0004948 -0.00113691 -0.000429071 0.0004948 0.00956049 -0.017818 0.000491599 -0.00113691 -0.017818 0.0885544 
0.0106019 -0.019038 -0.000432777 0.000472995 -0.019038 0.0915438 0.000473151 -0.00111604 -0.000432777 0.000473151 0.00955608 -0.0178298 0.000472995 -0.00111604 -0.0178298 0.088571 
0.0106213 -0.0190577 -0.000448737 0.000484672 -0.0190577 0.0915542 0.000482361 -0.00112684 -0.000448737 0.000482361 0.00954713 -0.0178417 0.000484672 -0.00112684 -0.0178417 0.0886167 
0.0106394 -0.0191189 -0.000469091 0.000478942 -0.0191189 0.091699 0.000475671 -0.00110285 -0.000469091 0.000475671 0.0095208 -0.0177887 0.000478942 -0.00110285 -0.0177887 0.0885036 
0.01062 -0.019144 -0.000464365 0.000503981 -0.019144 0.0918107 0.000499501 -0.00112818 -0.000464365 0.000499501 0.00954478 -0.0177677 0.000503981 -0.00112818 -0.0177677 0.0884361 
0.01056 -0.0191118 -0.000432629 0.000501575 -0.0191118 0.091786 0.000492577 -0.00113678 -0.000432629 0.000492577 0.0095959 -0.0177975 0.000501575 -0.00113678 -0.0177975 0.0884557 
0.0105462 -0.0190142 -0.000430115 0.000489506 -0.0190142 0.0915932 0.000476323 -0.0011381 -0.000430115 0.000476323 0.00962265 -0.0178979 0.000489506 -0.0011381 -0.0178979 0.088674 
0.0105646 -0.0189998 -0.000442326 0.000471316 -0.0189998 0.0914776 0.000462036 -0.00109439 -0.000442326 0.000462036 0.00958458 -0.017913 0.000471316 -0.00109439 -0.017913 0.0887711 
0.0105991 -0.019032 -0.00045285 0.000471452 -0.019032 0.0915085 0.000472925 -0.00107535 -0.00045285 0.000472925 0.00954584 -0.0178636 0.000471452 -0.00107535 -0.0178636 0.0887242 
0.0106331 -0.0190988 -0.000439167 0.000480369 -0.0190988 0.091666 0.000488939 -0.0010913 -0.000439167 0.000488939 0.00952245 -0.0177931 0.000480369 -0.0010913 -0.0177931 0.0885542 
0.0106268 -0.0191237 -0.000440276 0.000478007 -0.0191237 0.0917505 0.000486973 -0.0011148 -0.000440276 0.000486973 0.00951031 -0.0177729 0.000478007 -0.0011148 -0.0177729 0.088456 
0.0106052 -0.0191095 -0.000443067 0.000486676 -0.0191095 0.0917523 0.000494678 -0.00114068 -0.000443067 0.000494678 0.00952412 -0.0177636 0.000486676 -0.00114068 -0.0177636 0.0884176 
0.0105536 -0.0190495 -0.000450585 0.000500965 -0.0190495 0.0916082 0.000507221 -0.00118279 -0.000450585 0.000507221 0.00954762 -0.0177962 0.000500965 -0.00118279 -0.0177962 0.0884663 
0.0105257 -0.019002 -0.000435275 0.000486308 -0.019002 0.0914893 0.000488887 -0.00114683 -0.000435275 0.000488887 0.00956879 -0.0178119 0.000486308 -0.00114683 -0.0178119 0.0885084 
0.0105085 -0.0189792 -0.000412709 0.000461622 -0.0189792 0.0914169 0.000460573 -0.00108272 -0.000412709 0.000460573 0.00960308 -0.0178315 0.000461622 -0.00108272 -0.0178315 0.0885548 
0.0105134 -0.0189572 -0.000425053 0.000442176 -0.0189572 0.0913576 0.000443125 -0.001036 -0.000425053 0.000443125 0.00960845 -0.0178795 0.000442176 -0.001036 -0.0178795 0.0886526 
0.0104998 -0.0189521 -0.000456686 0.000475633 -0.0189521 0.0913154 0.000478725 -0.00108934 -0.000456686 0.000478725 0.00960911 -0.0178971 0.000475633 -0.00108934 -0.0178971 0.0887314 
0.0104783 -0.0189203 -0.000460368 0.000523359 -0.0189203 0.091244 0.000525544 -0.00119965 -0.000460368 0.000525544 0.00964995 -0.017928 0.000523359 -0.00119965 -0.017928 0.0888444 
0.0104531 -0.0189258 -0.000436598 0.000495866 -0.0189258 0.0912499 0.000496457 -0.0011695 -0.000436598 0.000496457 0.00967595 -0.0179247 0.000495866 -0.0011695 -0.0179247 0.088819 
0.0104237 -0.0189092 -0.000406605 0.000459076 -0.0189092 0.0912455 0.000455908 -0.00107713 -0.000406605 0.000455908 0.00970001 -0.0179367 0.000459076 -0.00107713 -0.0179367 0.0888016 
0.0104271 -0.0188736 -0.000405443 0.000434523 -0.0188736 0.0911872 0.000431207 -0.00101249 -0.000405443 0.000431207 0.0097025 -0.0179705 0.000434523 -0.00101249 -0.0179705 0.0888552 
0.0104723 -0.018901 -0.000395089 0.00042953 -0.018901 0.0912311 0.000429277 -0.000981699 -0.000395089 0.000429277 0.00969223 -0.0179601 0.00042953 -0.000981699 -0.0179601 0.0888531 
0.0104906 -0.0189507 -0.000382614 0.000388079 -0.0189507 0.0913112 0.000393832 -0.00088825 -0.000382614 0.000393832 0.00964754 -0.0179235 0.000388079 -0.00088825 -0.0179235 0.0887551 
0.0104874 -0.0189786 -0.000379919 0.000396243 -0.0189786 0.0914101 0.000408091 -0.000897854 -0.000379919 0.000408091 0.00963062 -0.0178775 0.000396243 -0.000897854 -0.0178775 0.0886534 
0.0104661 -0.0189406 -0.000387284 0.000419944 -0.0189406 0.0913543 0.00043188 -0.000971383 -0.000387284 0.00043188 0.00964721 -0.0179065 0.000419944 -0.000971383 -0.0179065 0.0887157 
0.0104141 -0.0189008 -0.0003798 0.000437121 -0.0189008 0.0912445 0.000442614 -0.00103012 -0.0003798 0.000442614 0.0097028 -0.017944 0.000437121 -0.00103012 -0.017944 0.0888277 
0.0103737 -0.0188449 -0.000354322 0.000405369 -0.0188449 0.0911097 0.000402317 -0.000967272 -0.000354322 0.000402317 0.00972235 -0.0179818 0.000405369 -0.000967272 -0.0179818 0.0888984 
0.0103759 -0.0188213 -0.000337638 0.000362641 -0.0188213 0.0910409 0.000357262 -0.000854528 -0.000337638 0.000357262 0.00968994 -0.0179617 0.000362641 -0.000854528 -0.0179617 0.088847 
0.0103817 -0.0188181 -0.00029729 0.000343583 -0.0188181 0.091009 0.000340758 -0.000785342 -0.00029729 0.000340758 0.00967119 -0.0179348 0.000343583 -0.000785342 -0.0179348 0.088797 
0.0103849 -0.0188179 -0.000275627 0.000296555 -0.0188179 0.0909912 0.000299004 -0.00069875 -0.000275627 0.000299004 0.00965355 -0.0179147 0.000296555 -0.00069875 -0.0179147 0.0887397 
0.0103808 -0.0188104 -0.000279231 0.000278245 -0.0188104 0.0909651 0.000283153 -0.000637685 -0.000279231 0.000283153 0.00962102 -0.0179019 0.000278245 -0.000637685 -0.0179019 0.0887045 
0.0103926 -0.018781 -0.000326223 0.000322631 -0.018781 0.0908943 0.000321696 -0.000721074 -0.000326223 0.000321696 0.00961094 -0.0179094 0.000322631 -0.000721074 -0.0179094 0.0887638 
0.0104133 -0.0188035 -0.000371728 0.000370337 -0.0188035 0.0909091 0.000363598 -0.000817073 -0.000371728 0.000363598 0.00959055 -0.0178827 0.000370337 -0.000817073 -0.0178827 0.0887267 
0.0104017 -0.0188365 -0.00037916 0.000403448 -0.0188365 0.0909774 0.000397211 -0.00088803 -0.00037916 0.000397211 0.00958674 -0.017837 0.000403448 -0.00088803 -0.017837 0.0886114 
0.0103702 -0.0188079 -0.000391319 0.000423844 -0.0188079 0.0909516 0.000419145 -0.000960687 -0.000391319 0.000419145 0.00960979 -0.0178484 0.000423844 -0.000960687 -0.0178484 0.0885978 
0.0103826 -0.0187954 -0.000409994 0.000436123 -0.0187954 0.0909451 0.000431908 -0.00100279 -0.000409994 0.000431908 0.00961395 -0.017851 0.000436123 -0.00100279 -0.017851 0.0885747 
0.0103926 -0.0188104 -0.0003924 0.000446551 -0.0188104 0.0909576 0.000442176 -0.00101938 -0.0003924 0.000442176 0.00962909 -0.0178529 0.000446551 -0.00101938 -0.0178529 0.0885676 
0.0103782 -0.0188292 -0.000348832 0.000416461 -0.0188292 0.0910011 0.000414843 -0.000974976 -0.000348832 0.000414843 0.00965225 -0.0178626 0.000416461 -0.000974976 -0.0178626 0.0885673 
0.0103648 -0.0188024 -0.000346099 0.000376374 -0.0188024 0.0909676 0.000379473 -0.000909783 -0.000346099 0.000379473 0.00966266 -0.0178997 0.000376374 -0.000909783 -0.0178997 0.0886316 
0.0103527 -0.018773 -0.000350582 0.000376422 -0.018773 0.0908903 0.000379293 -0.000880221 -0.000350582 0.000379293 0.00967311 -0.0179322 0.000376422 -0.000880221 -0.0179322 0.088736 
0.0103248 -0.0187836 -0.000334756 0.000377609 -0.0187836 0.0909049 0.000379879 -0.000874823 -0.000334756 0.000379879 0.00969841 -0.017919 0.000377609 -0.000874823 -0.017919 0.0887287 
0.0103047 -0.0187747 -0.00030896 0.000326774 -0.0187747 0.090922 0.000327978 -0.000760137 -0.00030896 0.000327978 0.00968302 -0.0179075 0.000326774 -0.000760137 -0.0179075 0.088652 
0.0103123 -0.0187275 -0.000315409 0.000329607 -0.0187275 0.090841 0.000326685 -0.000742608 -0.000315409 0.000326685 0.00969092 -0.0179407 0.000329607 -0.000742608 -0.0179407 0.0887445 
0.0103733 -0.0187274 -0.00033867 0.000348852 -0.0187274 0.090794 0.000349871 -0.00078817 -0.00033867 0.000349871 0.00968059 -0.0179671 0.000348852 -0.00078817 -0.0179671 0.0888413 
0.0104286 -0.0187888 -0.000356631 0.000385521 -0.0187888 0.0908626 0.000392432 -0.000883995 -0.000356631 0.000392432 0.00968667 -0.0179788 0.000385521 -0.000883995 -0.0179788 0.0889242 
0.0104632 -0.0189033 -0.000329502 0.000373667 -0.0189033 0.0911329 0.000383677 -0.000874924 -0.000329502 0.000383677 0.00967621 -0.0179386 0.000373667 -0.000874924 -0.0179386 0.088833 
0.0104183 -0.0189264 -0.000302948 0.000347016 -0.0189264 0.0912552 0.000356273 -0.000834178 -0.000302948 0.000356273 0.00969724 -0.0179438 0.000347016 -0.000834178 -0.0179438 0.0888234 
0.0103944 -0.0188897 -0.000253345 0.000297998 -0.0188897 0.0912579 0.000298296 -0.000703448 -0.000253345 0.000298296 0.00970566 -0.0179504 0.000297998 -0.000703448 -0.0179504 0.0888178 
0.0104068 -0.0188309 -0.000267069 0.000262777 -0.0188309 0.0911181 0.000256164 -0.000611762 -0.000267069 0.000256164 0.00970208 -0.0179956 0.000262777 -0.000611762 -0.0179956 0.0889314 
0.0103765 -0.0188271 -0.000259351 0.000281474 -0.0188271 0.0910228 0.000275801 -0.000606799 -0.000259351 0.000275801 0.00972172 -0.0179972 0.000281474 -0.000606799 -0.0179972 0.0889858 
0.0103567 -0.0188031 -0.000262682 0.000267028 -0.0188031 0.0909694 0.000262771 -0.000591671 -0.000262682 0.000262771 0.00969785 -0.0179911 0.000267028 -0.000591671 -0.0179911 0.0889525 
0.0103888 -0.0187881 -0.00028661 0.00027094 -0.0187881 0.0909401 0.000263052 -0.000579318 -0.00028661 0.000263052 0.00964738 -0.0179619 0.00027094 -0.000579318 -0.0179619 0.0888979 
0.0103918 -0.0188307 -0.00030107 0.000296773 -0.0188307 0.0909934 0.000288314 -0.000615857 -0.00030107 0.000288314 0.00961337 -0.0178802 0.000296773 -0.000615857 -0.0178802 0.0887187 
0.0103737 -0.0188167 -0.000310593 0.000329147 -0.0188167 0.0909883 0.000326069 -0.000711706 -0.000310593 0.000326069 0.00963215 -0.0178615 0.000329147 -0.000711706 -0.0178615 0.0886366 
0.0103554 -0.0187971 -0.000316161 0.000324697 -0.0187971 0.0909492 0.0003268 -0.000732316 -0.000316161 0.0003268 0.00964156 -0.0178725 0.000324697 -0.000732316 -0.0178725 0.0886118 
0.0103057 -0.0187591 -0.000316997 0.000344407 -0.0187591 0.0908528 0.000350887 -0.000784163 -0.000316997 0.000350887 0.00966103 -0.0178916 0.000344407 -0.000784163 -0.0178916 0.0886419 
0.0102516 -0.0186956 -0.000287013 0.00033366 -0.0186956 0.0907059 0.000341968 -0.000781666 -0.000287013 0.000341968 0.00968368 -0.0179069 0.00033366 -0.000781666 -0.0179069 0.0886744 
0.0102302 -0.0186433 -0.000271554 0.000296897 -0.0186433 0.0905785 0.000306457 -0.000723065 -0.000271554 0.000306457 0.00968128 -0.0179116 0.000296897 -0.000723065 -0.0179116 0.0886682 
0.0102305 -0.0186342 -0.000273755 0.000289677 -0.0186342 0.0905455 0.000297673 -0.000692456 -0.000273755 0.000297673 0.00968145 -0.0179062 0.000289677 -0.000692456 -0.0179062 0.0886549 
0.0102113 -0.0185916 -0.000277984 0.000313393 -0.0185916 0.0904234 0.00031745 -0.00073374 -0.000277984 0.00031745 0.00970938 -0.017951 0.000313393 -0.00073374 -0.017951 0.0887635 
0.0102227 -0.0185906 -0.000283441 0.000330679 -0.0185906 0.0904064 0.000329008 -0.000788676 -0.000283441 0.000329008 0.00972127 -0.0179692 0.000330679 -0.000788676 -0.0179692 0.0888178 
0.0102532 -0.018623 -0.000277906 0.00029975 -0.018623 0.0904693 0.000295479 -0.000714443 -0.000277906 0.000295479 0.00970868 -0.0179597 0.00029975 -0.000714443 -0.0179597 0.0887977 
0.0102736 -0.0186627 -0.000261994 0.000270348 -0.0186627 0.0905571 0.000263002 -0.000606092 -0.000261994 0.000263002 0.0096842 -0.0179352 0.000270348 -0.000606092 -0.0179352 0.0887408 
0.0103055 -0.0186813 -0.000256765 0.000278952 -0.0186813 0.0906261 0.000272929 -0.000611408 -0.000256765 0.000272929 0.00967876 -0.017933 0.000278952 -0.000611408 -0.017933 0.0887477 
0.0103069 -0.01873 -0.000219031 0.000253353 -0.01873 0.09073 0.000253667 -0.000567321 -0.000219031 0.000253667 0.00968119 -0.0179088 0.000253353 -0.000567321 -0.0179088 0.0886936 
0.0103055 -0.0187278 -0.000194191 0.000226364 -0.0187278 0.0907786 0.00023376 -0.000534244 -0.000194191 0.00023376 0.00971208 -0.0179415 0.000226364 -0.000534244 -0.0179415 0.088756 
0.0103205 -0.0187284 -0.000194858 0.00018461 -0.0187284 0.0907913 0.000193921 -0.000441832 -0.000194858 0.000193921 0.00971507 -0.0179749 0.00018461 -0.000441832 -0.0179749 0.0888327 
0.0103406 -0.0187731 -0.000185982 0.000173833 -0.0187731 0.0908967 0.000181871 -0.000371688 -0.000185982 0.000181871 0.00970839 -0.0179515 0.000173833 -0.000371688 -0.0179515 0.0887978 
0.0103156 -0.0187998 -0.000195599 0.000174023 -0.0187998 0.0909822 0.000178415 -0.000364425 -0.000195599 0.000178415 0.00972082 -0.0179314 0.000174023 -0.000364425 -0.0179314 0.0887318 
0.0103035 -0.0187369 -0.000244747 0.000204335 -0.0187369 0.0908868 0.000204941 -0.000420009 -0.000244747 0.000204941 0.00973169 -0.0179915 0.000204335 -0.000420009 -0.0179915 0.0888459 
0.0103057 -0.018742 -0.000268337 0.000244912 -0.018742 0.0908564 0.000241297 -0.000486319 -0.000268337 0.000241297 0.0097099 -0.0179684 0.000244912 -0.000486319 -0.0179684 0.0888259 
0.0103078 -0.0187622 -0.000268854 0.000276145 -0.0187622 0.0909052 0.000270143 -0.000567424 -0.000268854 0.000270143 0.00969366 -0.0179242 0.000276145 -0.000567424 -0.0179242 0.088725 
0.0102979 -0.0187426 -0.000263462 0.000276992 -0.0187426 0.0908691 0.000273248 -0.000601213 -0.000263462 0.000273248 0.00971101 -0.0179299 0.000276992 -0.000601213 -0.0179299 0.0887204 
0.010263 -0.0186804 -0.000257365 0.000316747 -0.0186804 0.0907044 0.000311307 -0.00071743 -0.000257365 0.000311307 0.00978275 -0.018022 0.000316747 -0.00071743 -0.018022 0.0889467 
0.0102836 -0.0186581 -0.000276987 0.000285892 -0.0186581 0.0906208 0.000279792 -0.000688458 -0.000276987 0.000279792 0.00978816 -0.0180939 0.000285892 -0.000688458 -0.0180939 0.089141 
0.0103138 -0.0186968 -0.000293696 0.000293551 -0.0186968 0.0906655 0.000291179 -0.000666768 -0.000293696 0.000291179 0.00976798 -0.0180907 0.000293551 -0.000666768 -0.0180907 0.0892097 
0.0103211 -0.0187431 -0.000279181 0.000311228 -0.0187431 0.0907757 0.000315548 -0.000699868 -0.000279181 0.000315548 0.00976175 -0.0180529 0.000311228 -0.000699868 -0.0180529 0.0891479 
0.0103576 -0.018742 -0.000309023 0.000316453 -0.018742 0.0908222 0.000322922 -0.000750061 -0.000309023 0.000322922 0.00977674 -0.0180817 0.000316453 -0.000750061 -0.0180817 0.0892035 
0.010381 -0.0188148 -0.000333897 0.000314446 -0.0188148 0.0909662 0.000318556 -0.000715691 -0.000333897 0.000318556 0.0097459 -0.0180409 0.000314446 -0.000715691 -0.0180409 0.0890914 
0.0104088 -0.0188249 -0.000367205 0.00036836 -0.0188249 0.0910339 0.000369021 -0.000807772 -0.000367205 0.000369021 0.00973417 -0.0180386 0.00036836 -0.000807772 -0.0180386 0.089079 
0.0104048 -0.01889 -0.000368079 0.000382602 -0.01889 0.0911752 0.000380661 -0.000846567 -0.000368079 0.000380661 0.00970846 -0.0179496 0.000382602 -0.000846567 -0.0179496 0.0888464 
0.0103981 -0.0188871 -0.000352585 0.000386218 -0.0188871 0.0912336 0.000379395 -0.000860325 -0.000352585 0.000379395 0.00969908 -0.0179145 0.000386218 -0.000860325 -0.0179145 0.0886869 
0.0104146 -0.0188393 -0.000350797 0.000390308 -0.0188393 0.0911346 0.00038254 -0.000889673 -0.000350797 0.00038254 0.00971272 -0.0179651 0.000390308 -0.000889673 -0.0179651 0.0887823 
0.0104013 -0.0188833 -0.00031595 0.000356552 -0.0188833 0.0911699 0.000354492 -0.000823543 -0.00031595 0.000354492 0.00971876 -0.0179351 0.000356552 -0.000823543 -0.0179351 0.088728 
0.010355 -0.0188801 -0.000251199 0.000297325 -0.0188801 0.0912042 0.000300632 -0.000692246 -0.000251199 0.000300632 0.00973485 -0.0179287 0.000297325 -0.000692246 -0.0179287 0.0886798 
0.0103543 -0.0188438 -0.000213113 0.000227484 -0.0188438 0.0911905 0.000232272 -0.000540511 -0.000213113 0.000232272 0.00972116 -0.0179512 0.000227484 -0.000540511 -0.0179512 0.0887088 
0.0103546 -0.0188273 -0.000209641 0.000189167 -0.0188273 0.0911332 0.000197933 -0.000431223 -0.000209641 0.000197933 0.00969382 -0.0179501 0.000189167 -0.000431223 -0.0179501 0.0887433 
0.0103727 -0.0188005 -0.000247821 0.000202669 -0.0188005 0.0910429 0.000213888 -0.000434931 -0.000247821 0.000213888 0.00966192 -0.0179411 0.000202669 -0.000434931 -0.0179411 0.0887652 
0.0103917 -0.0188197 -0.000243209 0.000243949 -0.0188197 0.0910332 0.000251279 -0.000495412 -0.000243209 0.000251279 0.00963764 -0.0178933 0.000243949 -0.000495412 -0.0178933 0.0886845 
0.0103977 -0.0188287 -0.000233619 0.000253846 -0.0188287 0.0910347 0.00025439 -0.000549417 -0.000233619 0.00025439 0.00964642 -0.0178852 0.000253846 -0.000549417 -0.0178852 0.0886595 
0.0104206 -0.0188127 -0.000278293 0.000260782 -0.0188127 0.0909853 0.000258846 -0.000590865 -0.000278293 0.000258846 0.00964731 -0.0179312 0.000260782 -0.000590865 -0.0179312 0.0887622 
0.0104359 -0.0188656 -0.000294577 0.000287624 -0.0188656 0.0910666 0.000283013 -0.000611408 -0.000294577 0.000283013 0.00961803 -0.0178886 0.000287624 -0.000611408 -0.0178886 0.0886914 
0.0104703 -0.0189133 -0.000299578 0.000295837 -0.0189133 0.0912219 0.000285969 -0.000620403 -0.000299578 0.000285969 0.00959294 -0.0178348 0.000295837 -0.000620403 -0.0178348 0.0885559 
0.0104575 -0.0189263 -0.000322787 0.00031008 -0.0189263 0.0912586 0.00030082 -0.00065733 -0.000322787 0.00030082 0.00957653 -0.0178156 0.00031008 -0.00065733 -0.0178156 0.0884752 
0.0104426 -0.0189204 -0.000322528 0.000342192 -0.0189204 0.0912807 0.000332473 -0.000721877 -0.000322528 0.000332473 0.00959702 -0.0177968 0.000342192 -0.000721877 -0.0177968 0.0884227 
0.0104061 -0.0188841 -0.00031897 0.000351085 -0.0188841 0.0912017 0.000341214 -0.000774158 -0.00031897 0.000341214 0.00962381 -0.0178262 0.000351085 -0.000774158 -0.0178262 0.0884483 
0.0104159 -0.0188158 -0.000357106 0.000366919 -0.0188158 0.0910423 0.000360679 -0.000837564 -0.000357106 0.000360679 0.00965199 -0.0179055 0.000366919 -0.000837564 -0.0179055 0.0886458 
0.0104498 -0.018855 -0.000365428 0.000398569 -0.018855 0.0910688 0.00039414 -0.000897796 -0.000365428 0.00039414 0.00964962 -0.0179177 0.000398569 -0.000897796 -0.0179177 0.088722 
0.0104611 -0.0189 -0.000358871 0.000411905 -0.0189 0.0911743 0.000414331 -0.000959524 -0.000358871 0.000414331 0.00968637 -0.0179383 0.000411905 -0.000959524 -0.0179383 0.0888082 
0.0104598 -0.0189437 -0.000337453 0.000363882 -0.0189437 0.091313 0.000374621 -0.000876271 -0.000337453 0.000374621 0.00968751 -0.0179355 0.000363882 -0.000876271 -0.0179355 0.0887822 
0.0104031 -0.0189263 -0.00033798 0.000356505 -0.0189263 0.0913202 0.000373093 -0.000853965 -0.00033798 0.000373093 0.00970395 -0.0179516 0.000356505 -0.000853965 -0.0179516 0.0888136 
0.0103283 -0.0188522 -0.000328003 0.000358439 -0.0188522 0.0911947 0.000375272 -0.000852103 -0.000328003 0.000375272 0.00974977 -0.0179763 0.000358439 -0.000852103 -0.0179763 0.0888756 
0.0103095 -0.0187355 -0.000336051 0.000350387 -0.0187355 0.090927 0.000360645 -0.000831792 -0.000336051 0.000360645 0.00977594 -0.0180586 0.000350387 -0.000831792 -0.0180586 0.0890596 
0.0103247 -0.018711 -0.000339269 0.000364339 -0.018711 0.0907606 0.000369418 -0.000844546 -0.000339269 0.000369418 0.0097636 -0.0180684 0.000364339 -0.000844546 -0.0180684 0.0891235 
0.0103439 -0.0187451 -0.000322632 0.000357055 -0.0187451 0.0907784 0.000356398 -0.000822766 -0.000322632 0.000356398 0.00974589 -0.0180329 0.000357055 -0.000822766 -0.0180329 0.089059 
0.0103564 -0.0187907 -0.000285986 0.000327076 -0.0187907 0.0908943 0.00032479 -0.00075426 -0.000285986 0.00032479 0.00973009 -0.0179945 0.000327076 -0.00075426 -0.0179945 0.08895 
0.0103845 -0.0187898 -0.000294129 0.000310094 -0.0187898 0.0909313 0.000308728 -0.000726503 -0.000294129 0.000308728 0.00971915 -0.0180077 0.000310094 -0.000726503 -0.0180077 0.0889612 
0.0104136 -0.0188562 -0.000289832 0.000287004 -0.0188562 0.0910705 0.00028544 -0.000644004 -0.000289832 0.00028544 0.00967965 -0.0179402 0.000287004 -0.000644004 -0.0179402 0.0888048 
0.0104106 -0.0188985 -0.000296104 0.000300141 -0.0188985 0.0912132 0.000298407 -0.000655293 -0.000296104 0.000298407 0.00968606 -0.0178884 0.000300141 -0.000655293 -0.0178884 0.0886463 
0.0103762 -0.0188913 -0.00027804 0.00029766 -0.0188913 0.0912495 0.000295529 -0.000648005 -0.00027804 0.000295529 0.00970299 -0.0178925 0.00029766 -0.000648005 -0.0178925 0.0885829 
0.0103398 -0.0188361 -0.000242253 0.000279276 -0.0188361 0.091155 0.000280628 -0.000625921 -0.000242253 0.000280628 0.00973001 -0.0179319 0.000279276 -0.000625921 -0.0179319 0.0886546 
0.0102864 -0.0187776 -0.000201019 0.000227177 -0.0187776 0.0909924 0.000230957 -0.00052555 -0.000201019 0.000230957 0.00974094 -0.0179676 0.000227177 -0.00052555 -0.0179676 0.0887511 
0.0102231 -0.0186893 -0.000189565 0.000202616 -0.0186893 0.0907677 0.000202923 -0.00046703 -0.000189565 0.000202923 0.00977346 -0.0180133 0.000202616 -0.00046703 -0.0180133 0.0889029 
0.0101705 -0.0186123 -0.000193991 0.00018675 -0.0186123 0.0905552 0.000180454 -0.000408918 -0.000193991 0.000180454 0.0097839 -0.0180399 0.00018675 -0.000408918 -0.0180399 0.0889883 
0.0101446 -0.0185572 -0.000195528 0.000187798 -0.0185572 0.0903947 0.000178756 -0.000381871 -0.000195528 0.000178756 0.00976746 -0.0180294 0.000187798 -0.000381871 -0.0180294 0.0889762 
0.0101344 -0.0185038 -0.000206141 0.000216321 -0.0185038 0.0902276 0.00020656 -0.000452026 -0.000206141 0.00020656 0.00976466 -0.0180262 0.000216321 -0.000452026 -0.0180262 0.0889825 
0.0101452 -0.0184515 -0.000226092 0.000242241 -0.0184515 0.0900435 0.000238397 -0.000541795 -0.000226092 0.000238397 0.00979016 -0.0180744 0.000242241 -0.000541795 -0.0180744 0.089116 
0.0101747 -0.0184893 -0.000219549 0.000240844 -0.0184893 0.090057 0.000246225 -0.000558903 -0.000219549 0.000246225 0.00979728 -0.0180786 0.000240844 -0.000558903 -0.0180786 0.0891443 
0.0101703 -0.0185657 -0.000182973 0.000205371 -0.0185657 0.0902342 0.000214876 -0.000485596 -0.000182973 0.000214876 0.00979861 -0.0180353 0.000205371 -0.000485596 -0.0180353 0.0890243 
0.0101785 -0.0185707 -0.000181301 0.000187477 -0.0185707 0.0903375 0.000197098 -0.00045375 -0.000181301 0.000197098 0.00978691 -0.0180363 0.000187477 -0.00045375 -0.0180363 0.0889735 
0.0101812 -0.0185735 -0.00017645 0.000182779 -0.0185735 0.0903651 0.000188995 -0.000425593 -0.00017645 0.000188995 0.00977891 -0.0180322 0.000182779 -0.000425593 -0.0180322 0.0889655 
0.0101738 -0.0185892 -0.000163824 0.000167772 -0.0185892 0.0904124 0.000169114 -0.000377721 -0.000163824 0.000169114 0.00976285 -0.0180072 0.000167772 -0.000377721 -0.0180072 0.0889059 
0.0101723 -0.0185632 -0.000156432 0.000169237 -0.0185632 0.0903895 0.000169509 -0.000375484 -0.000156432 0.000169509 0.0097724 -0.0180313 0.000169237 -0.000375484 -0.0180313 0.0889702 
0.0102006 -0.0185867 -0.000126579 0.000134407 -0.0185867 0.0904428 0.00013864 -0.000296802 -0.000126579 0.00013864 0.00977353 -0.0180178 0.000134407 -0.000296802 -0.0180178 0.0889512 
0.0102236 -0.0186222 -9.9247e-05 9.46435e-05 -0.0186222 0.0905212 9.94387e-05 -0.000198611 -9.9247e-05 9.94387e-05 0.00977652 -0.0180167 9.46435e-05 -0.000198611 -0.0180167 0.0889355 
0.010198 -0.0186234 -0.000111709 7.98103e-05 -0.0186234 0.0905176 8.11648e-05 -0.000152675 -0.000111709 8.11648e-05 0.00978765 -0.018037 7.98103e-05 -0.000152675 -0.018037 0.0889773 
0.0101836 -0.0186094 -0.000129802 9.84151e-05 -0.0186094 0.0905141 9.25406e-05 -0.000160326 -0.000129802 9.25406e-05 0.00977217 -0.0180334 9.84151e-05 -0.000160326 -0.0180334 0.0889733 
0.0101446 -0.0185781 -0.000146456 0.000128766 -0.0185781 0.0904297 0.000118044 -0.000224831 -0.000146456 0.000118044 0.00974666 -0.0180016 0.000128766 -0.000224831 -0.0180016 0.0889062 
0.0101221 -0.0185402 -0.000141286 0.000149818 -0.0185402 0.0903585 0.000140619 -0.000289331 -0.000141286 0.000140619 0.00974715 -0.0179707 0.000149818 -0.000289331 -0.0179707 0.0888332 
