0.00719783 0 -1.3995e-05 0 0 0.01 0 0 -1.3995e-05 0 0.00759125 0 0 0 0 0.01 
0.0101869 -0.0126453 -2.06821e-05 1.73548e-05 -0.0126453 0.0334207 1.73548e-05 -3.36419e-05 -2.06821e-05 1.73548e-05 0.0106525 -0.0132341 1.73548e-05 -3.36419e-05 -0.0132341 0.0345499 
0.0102732 -0.0191916 -4.72621e-05 -4.81171e-05 -0.0191916 0.0704902 -4.81171e-05 0.000200616 -4.72621e-05 -4.81171e-05 0.0106087 -0.0199238 -4.81171e-05 0.000200616 -0.0199238 0.07291 
0.00975116 -0.0188895 -9.78734e-05 2.75126e-05 -0.0188895 0.0845139 1.68711e-05 0.000192271 -9.78734e-05 1.68711e-05 0.00996799 -0.0194327 2.75126e-05 0.000192271 -0.0194327 0.0868293 
0.0097287 -0.0182399 -0.000133144 0.000104499 -0.0182399 0.087853 8.32193e-05 -9.21176e-05 -0.000133144 8.32193e-05 0.00992895 -0.0186097 0.000104499 -9.21176e-05 -0.0186097 0.0892835 
0.00984908 -0.0180957 -0.000109326 9.97002e-05 -0.0180957 0.0887505 8.04599e-05 -0.000168021 -0.000109326 8.04599e-05 0.0101333 -0.0185345 9.97002e-05 -0.000168021 -0.0185345 0.0899742 
0.00991353 -0.0181596 -0.000104925 6.50629e-05 -0.0181596 0.0891753 5.47673e-05 -0.000123436 -0.000104925 5.47673e-05 0.0102954 -0.0186839 6.50629e-05 -0.000123436 -0.0186839 0.0905304 
0.00995744 -0.0182077 -0.000111984 6.79556e-05 -0.0182077 0.0893804 6.62293e-05 -0.000105635 -0.000111984 6.62293e-05 0.0103372 -0.0187827 6.79556e-05 -0.000105635 -0.0187827 0.0908613 
0.00999048 -0.0182114 -9.78991e-05 7.50997e-05 -0.0182114 0.0893728 7.8499e-05 -0.000112189 -9.78991e-05 7.8499e-05 0.010298 -0.0188071 7.50997e-05 -0.000112189 -0.0188071 0.0909933 
0.0100253 -0.0182657 -7.85075e-05 5.78233e-05 -0.0182657 0.0894549 6.45188e-05 -8.9234e-05 -7.85075e-05 6.45188e-05 0.0102626 -0.0187422 5.78233e-05 -8.9234e-05 -0.0187422 0.0909054 
0.0100494 -0.0183174 -5.63677e-05 3.18385e-05 -0.0183174 0.0895873 3.86595e-05 -3.34647e-05 -5.63677e-05 3.86595e-05 0.0102664 -0.0187094 3.18385e-05 -3.34647e-05 -0.0187094 0.0908128 
0.0100651 -0.0183648 -4.12685e-05 2.56054e-05 -0.0183648 0.0897362 2.75162e-05 -1.89427e-05 -4.12685e-05 2.75162e-05 0.0102545 -0.018706 2.56054e-05 -1.89427e-05 -0.018706 0.0907568 
0.0100579 -0.0183716 -2.11408e-05 -5.47321e-06 -0.0183716 0.0897984 -1.10391e-05 5.86875e-05 -2.11408e-05 -1.10391e-05 0.0102904 -0.0187279 -5.47321e-06 5.86875e-05 -0.0187279 0.0908271 
0.0100389 -0.0183968 -8.52168e-05 1.33269e-05 -0.0183968 0.089897 1.85745e-07 2.18235e-05 -8.52168e-05 1.85745e-07 0.010343 -0.0187522 1.33269e-05 2.18235e-05 -0.0187522 0.0908737 
0.00999219 -0.0183603 -0.000129606 5.93776e-05 -0.0183603 0.0898649 4.93394e-05 -3.44369e-05 -0.000129606 4.93394e-05 0.0103874 -0.0188255 5.93776e-05 -3.44369e-05 -0.0188255 0.0910167 
0.00993482 -0.0182955 -0.000159572 9.68186e-05 -0.0182955 0.0897365 9.43089e-05 -0.000116924 -0.000159572 9.43089e-05 0.0104308 -0.0188916 9.68186e-05 -0.000116924 -0.0188916 0.0912037 
0.00990443 -0.0182199 -0.000139936 0.000115944 -0.0182199 0.0895568 0.00011806 -0.000166203 -0.000139936 0.00011806 0.0104416 -0.0189488 0.000115944 -0.000166203 -0.0189488 0.0913733 
0.00990519 -0.0181768 -0.000105146 9.69676e-05 -0.0181768 0.0894095 0.000102034 -0.00016551 -0.000105146 0.000102034 0.0104239 -0.0189632 9.69676e-05 -0.00016551 -0.0189632 0.0914631 
0.00991351 -0.0181951 -0.000100889 6.53949e-05 -0.0181951 0.0894023 7.06025e-05 -0.000118606 -0.000100889 7.06025e-05 0.0103853 -0.018913 6.53949e-05 -0.000118606 -0.018913 0.0913734 
0.0098963 -0.0182017 -9.44332e-05 4.40685e-05 -0.0182017 0.0894174 4.89725e-05 -3.92137e-05 -9.44332e-05 4.89725e-05 0.0103719 -0.018856 4.40685e-05 -3.92137e-05 -0.018856 0.0912219 
0.00986297 -0.0181917 -0.000121111 4.05753e-05 -0.0181917 0.0894246 4.48815e-05 -9.42248e-06 -0.000121111 4.48815e-05 0.0103777 -0.0188342 4.05753e-05 -9.42248e-06 -0.0188342 0.0911203 
0.00983641 -0.0181628 -0.000176194 9.44667e-05 -0.0181628 0.0893937 9.79042e-05 -0.00010567 -0.000176194 9.79042e-05 0.0104215 -0.0188512 9.44667e-05 -0.00010567 -0.0188512 0.0911358 
0.00983832 -0.0181336 -0.000198924 0.000169789 -0.0181336 0.0893317 0.000169203 -0.000272313 -0.000198924 0.000169203 0.0104552 -0.018907 0.000169789 -0.000272313 -0.018907 0.0912422 
0.00986212 -0.0181189 -0.000179511 0.000195974 -0.0181189 0.0892582 0.000189212 -0.00037824 -0.000179511 0.000189212 0.0104314 -0.018943 0.000195974 -0.00037824 -0.018943 0.091331 
0.00987956 -0.0181862 -0.000197627 0.000185034 -0.0181862 0.0893879 0.000177467 -0.000406156 -0.000197627 0.000177467 0.0104576 -0.0189045 0.000185034 -0.000406156 -0.0189045 0.0913043 
0.0098581 -0.0181921 -0.000204272 0.000188579 -0.0181921 0.0894401 0.000186661 -0.000402525 -0.000204272 0.000186661 0.0104739 -0.0189363 0.000188579 -0.000402525 -0.0189363 0.0913206 
0.00982712 -0.0181597 -0.000230461 0.000194978 -0.0181597 0.0893983 0.000198734 -0.000422318 -0.000230461 0.000198734 0.0104765 -0.0189662 0.000194978 -0.000422318 -0.0189662 0.0913976 
0.00980569 -0.0181088 -0.000237012 0.000213341 -0.0181088 0.0892846 0.000222502 -0.000449104 -0.000237012 0.000222502 0.0104687 -0.0189854 0.000213341 -0.000449104 -0.0189854 0.0914816 
0.00976833 -0.0180564 -0.000240333 0.000212173 -0.0180564 0.0891218 0.000222689 -0.000454943 -0.000240333 0.000222689 0.0104631 -0.0189806 0.000212173 -0.000454943 -0.0189806 0.0915064 
0.00974574 -0.0180244 -0.000249435 0.000223923 -0.0180244 0.0890234 0.000228581 -0.000470817 -0.000249435 0.000228581 0.0104505 -0.0189592 0.000223923 -0.000470817 -0.0189592 0.0914636 
0.00973858 -0.0180052 -0.000266616 0.000228997 -0.0180052 0.0889693 0.000229808 -0.000471915 -0.000266616 0.000229808 0.0104524 -0.0189383 0.000228997 -0.000471915 -0.0189383 0.0914067 
0.00974855 -0.0180251 -0.000282971 0.000275353 -0.0180251 0.0890147 0.000276695 -0.000568586 -0.000282971 0.000276695 0.0104805 -0.0189243 0.000275353 -0.000568586 -0.0189243 0.0913474 
0.0097808 -0.0180457 -0.000270521 0.000287921 -0.0180457 0.0890785 0.000292362 -0.00063264 -0.000270521 0.000292362 0.0104702 -0.0189346 0.000287921 -0.00063264 -0.0189346 0.0912975 
0.00980308 -0.0180804 -0.000252072 0.000277721 -0.0180804 0.0891513 0.000281731 -0.000643614 -0.000252072 0.000281731 0.0104572 -0.0189311 0.000277721 -0.000643614 -0.0189311 0.0912907 
0.00979427 -0.0180787 -0.000207794 0.000229446 -0.0180787 0.0891475 0.000230659 -0.000535453 -0.000207794 0.000230659 0.0104155 -0.0189227 0.000229446 -0.000535453 -0.0189227 0.0912701 
0.00973752 -0.0180775 -0.000213221 0.000171809 -0.0180775 0.0891575 0.000171544 -0.000390893 -0.000213221 0.000171544 0.0104203 -0.0188677 0.000171809 -0.000390893 -0.0188677 0.0911725 
0.00970595 -0.0180382 -0.000236644 0.000194787 -0.0180382 0.0891355 0.000194619 -0.000379049 -0.000236644 0.000194619 0.0104248 -0.0188542 0.000194787 -0.000379049 -0.0188542 0.0910913 
0.00968002 -0.0180064 -0.000274626 0.000243155 -0.0180064 0.0890734 0.000244929 -0.000488412 -0.000274626 0.000244929 0.0104415 -0.0188509 0.000243155 -0.000488412 -0.0188509 0.0910561 
0.00969432 -0.0179654 -0.000257962 0.000284226 -0.0179654 0.0889716 0.000289085 -0.000597853 -0.000257962 0.000289085 0.0104268 -0.0188785 0.000284226 -0.000597853 -0.0188785 0.0911 
0.00971156 -0.0179676 -0.00025763 0.000271507 -0.0179676 0.0889108 0.000280467 -0.000638013 -0.00025763 0.000280467 0.010393 -0.0188621 0.000271507 -0.000638013 -0.0188621 0.0910945 
0.0097432 -0.0179988 -0.000259593 0.000265604 -0.0179988 0.0889578 0.000276961 -0.000627748 -0.000259593 0.000276961 0.0103644 -0.0188156 0.000265604 -0.000627748 -0.0188156 0.0910112 
0.00975382 -0.0180263 -0.000253538 0.000256932 -0.0180263 0.0890127 0.00026454 -0.000591515 -0.000253538 0.00026454 0.0103888 -0.0188027 0.000256932 -0.000591515 -0.0188027 0.0909846 
0.00976796 -0.0180415 -0.000255905 0.000268888 -0.0180415 0.089057 0.000268434 -0.000605105 -0.000255905 0.000268434 0.0104149 -0.0188374 0.000268888 -0.000605105 -0.0188374 0.0910395 
0.00976331 -0.0180341 -0.000225565 0.000240595 -0.0180341 0.0890328 0.000234031 -0.000525217 -0.000225565 0.000234031 0.0104465 -0.0188953 0.000240595 -0.000525217 -0.0188953 0.0911894 
0.00973468 -0.0180067 -0.000194181 0.000180624 -0.0180067 0.0889553 0.000170102 -0.000369047 -0.000194181 0.000170102 0.0104478 -0.0189479 0.000180624 -0.000369047 -0.0189479 0.0913444 
0.00974463 -0.0180085 -0.000191287 0.000178488 -0.0180085 0.0889712 0.000165605 -0.00033835 -0.000191287 0.000165605 0.0104016 -0.0189183 0.000178488 -0.00033835 -0.0189183 0.091326 
0.00979353 -0.0180531 -0.000187055 0.000203682 -0.0180531 0.0890863 0.000195783 -0.000402809 -0.000187055 0.000195783 0.01038 -0.0188584 0.000203682 -0.000402809 -0.0188584 0.0912291 
0.00981735 -0.0180909 -0.000153539 0.000173019 -0.0180909 0.0891705 0.00017361 -0.000369987 -0.000153539 0.00017361 0.0103891 -0.0188454 0.000173019 -0.000369987 -0.0188454 0.0911706 
0.00982661 -0.0181191 -0.000137747 0.000130022 -0.0181191 0.0892465 0.000132712 -0.000288983 -0.000137747 0.000132712 0.0103605 -0.0188368 0.000130022 -0.000288983 -0.0188368 0.0911008 
0.00981052 -0.0181372 -0.000153325 0.000118826 -0.0181372 0.0893147 0.000122524 -0.000243557 -0.000153325 0.000122524 0.0103768 -0.0188075 0.000118826 -0.000243557 -0.0188075 0.0910456 
0.00981006 -0.0181303 -0.000188979 0.000142625 -0.0181303 0.0893416 0.0001414 -0.00026319 -0.000188979 0.0001414 0.0103781 -0.0188146 0.000142625 -0.00026319 -0.0188146 0.0910151 
0.00982342 -0.0181364 -0.000223556 0.000190778 -0.0181364 0.0893629 0.000187734 -0.000352368 -0.000223556 0.000187734 0.0103903 -0.0188147 0.000190778 -0.000352368 -0.0188147 0.0910113 
0.00982563 -0.0181183 -0.000253135 0.000215881 -0.0181183 0.0893002 0.000216962 -0.000423828 -0.000253135 0.000216962 0.0103856 -0.0188404 0.000215881 -0.000423828 -0.0188404 0.0910514 
0.00979697 -0.0180898 -0.000244544 0.000226705 -0.0180898 0.089194 0.000234472 -0.000450288 -0.000244544 0.000234472 0.0103766 -0.0188518 0.000226705 -0.000450288 -0.0188518 0.0911037 
0.0097956 -0.0180744 -0.00019391 0.000223825 -0.0180744 0.0891564 0.000231118 -0.00046218 -0.00019391 0.000231118 0.0103873 -0.0188463 0.000223825 -0.00046218 -0.0188463 0.0911302 
0.00980173 -0.018067 -0.000170319 0.000176574 -0.018067 0.0891202 0.000175195 -0.000397329 -0.000170319 0.000175195 0.0104071 -0.0188642 0.000176574 -0.000397329 -0.0188642 0.0911703 
0.00980774 -0.0180696 -0.000160949 0.000142799 -0.0180696 0.0891018 0.000131662 -0.000286977 -0.000160949 0.000131662 0.0104128 -0.0188839 0.000142799 -0.000286977 -0.0188839 0.0912091 
0.00979376 -0.0180801 -0.000185373 0.00014132 -0.0180801 0.0891142 0.000127299 -0.000249642 -0.000185373 0.000127299 0.0104008 -0.0188772 0.00014132 -0.000249642 -0.0188772 0.0911934 
0.00981893 -0.0180976 -0.000193115 0.000176191 -0.0180976 0.0891921 0.000168236 -0.000307307 -0.000193115 0.000168236 0.0103979 -0.0188491 0.000176191 -0.000307307 -0.0188491 0.0911364 
0.00982551 -0.0181238 -0.000173075 0.000172935 -0.0181238 0.0892552 0.000173551 -0.000329802 -0.000173075 0.000173551 0.0104249 -0.0188527 0.000172935 -0.000329802 -0.0188527 0.0911253 
0.00980274 -0.0181167 -0.000158199 0.000145934 -0.0181167 0.0892536 0.000148092 -0.000296618 -0.000158199 0.000148092 0.0104531 -0.0188972 0.000145934 -0.000296618 -0.0188972 0.0912016 
0.00977238 -0.0180535 -0.000140288 0.000100877 -0.0180535 0.0891114 0.000103164 -0.000182348 -0.000140288 0.000103164 0.0104371 -0.0189452 0.000100877 -0.000182348 -0.0189452 0.09132 
0.00978745 -0.0180284 -0.000126423 0.000102987 -0.0180284 0.0890204 0.000103744 -0.000162833 -0.000126423 0.000103744 0.0103644 -0.0189174 0.000102987 -0.000162833 -0.0189174 0.0913206 
0.00981153 -0.0180749 -0.000146159 0.000118628 -0.0180749 0.0890911 0.000117982 -0.000215607 -0.000146159 0.000117982 0.0103102 -0.0188034 0.000118628 -0.000215607 -0.0188034 0.0911107 
0.00980597 -0.0180915 -0.000182625 0.000141088 -0.0180915 0.0891402 0.000138977 -0.000268413 -0.000182625 0.000138977 0.0103099 -0.0187395 0.000141088 -0.000268413 -0.0187395 0.0909155 
0.00983182 -0.0180658 -0.000172042 0.000183539 -0.0180658 0.0890925 0.000180744 -0.000354237 -0.000172042 0.000180744 0.0102834 -0.0187496 0.000183539 -0.000354237 -0.0187496 0.0908694 
0.00987098 -0.01807 -0.000126946 0.000155447 -0.01807 0.0890417 0.000159773 -0.000344594 -0.000126946 0.000159773 0.0102473 -0.0187409 0.000155447 -0.000344594 -0.0187409 0.0908795 
0.0098914 -0.0181375 -9.24971e-05 0.000100129 -0.0181375 0.0891558 0.000106521 -0.000243583 -9.24971e-05 0.000106521 0.0102313 -0.0186904 0.000100129 -0.000243583 -0.0186904 0.090798 
0.0099199 -0.0181514 -1.78187e-05 3.9291e-05 -0.0181514 0.0892228 4.1886e-05 -7.69318e-05 -1.78187e-05 4.1886e-05 0.0101821 -0.0186666 3.9291e-05 -7.69318e-05 -0.0186666 0.0907065 
0.00992129 -0.0181839 -6.54356e-06 -3.84595e-05 -0.0181839 0.0892954 -3.84817e-05 9.82728e-05 -6.54356e-06 -3.84817e-05 0.0101859 -0.0186256 -3.84595e-05 9.82728e-05 -0.0186256 0.0906437 
0.0099111 -0.0181846 9.29699e-07 -5.90465e-05 -0.0181846 0.0893248 -6.14461e-05 0.000216426 9.29699e-07 -6.14461e-05 0.0101699 -0.0186179 -5.90465e-05 0.000216426 -0.0186179 0.0905792 
0.00991746 -0.0182334 -1.17018e-05 -4.6627e-05 -0.0182334 0.089484 -5.17486e-05 0.000216212 -1.17018e-05 -5.17486e-05 0.0101821 -0.0185675 -4.6627e-05 0.000216212 -0.0185675 0.090462 
0.00992333 -0.0182262 -7.67711e-06 -1.99451e-05 -0.0182262 0.0895183 -2.63213e-05 0.000154349 -7.67711e-06 -2.63213e-05 0.0101659 -0.0185846 -1.99451e-05 0.000154349 -0.0185846 0.0904341 
0.00992637 -0.0182649 -5.13266e-05 1.39419e-06 -0.0182649 0.0896225 -5.56638e-06 6.64563e-05 -5.13266e-05 -5.56638e-06 0.0101702 -0.0185457 1.39419e-06 6.64563e-05 -0.0185457 0.090356 
0.00992255 -0.0182382 -8.27356e-05 4.20012e-05 -0.0182382 0.0895938 3.60144e-05 -1.65627e-05 -8.27356e-05 3.60144e-05 0.0102274 -0.0185914 4.20012e-05 -1.65627e-05 -0.0185914 0.0904442 
0.00991731 -0.0182055 -7.68144e-05 5.36741e-05 -0.0182055 0.0894853 4.67769e-05 -4.62436e-05 -7.68144e-05 4.67769e-05 0.010253 -0.018665 5.36741e-05 -4.62436e-05 -0.018665 0.0905912 
0.00990889 -0.0182093 -8.79883e-05 5.7948e-05 -0.0182093 0.0894572 5.01785e-05 -7.39882e-05 -8.79883e-05 5.01785e-05 0.0102821 -0.0186942 5.7948e-05 -7.39882e-05 -0.0186942 0.090703 
0.00989285 -0.0181895 -0.000104872 5.86424e-05 -0.0181895 0.0894113 5.14113e-05 -6.85039e-05 -0.000104872 5.14113e-05 0.0103217 -0.0187506 5.86424e-05 -6.85039e-05 -0.0187506 0.0908562 
0.00991895 -0.0182096 -0.000132684 0.000112365 -0.0182096 0.0894632 0.000105534 -0.000188793 -0.000132684 0.000105534 0.0103119 -0.0187658 0.000112365 -0.000188793 -0.0187658 0.0909043 
0.00992019 -0.0182192 -0.000134134 0.000118625 -0.0182192 0.0894765 0.000114551 -0.000224672 -0.000134134 0.000114551 0.0103212 -0.018773 0.000118625 -0.000224672 -0.018773 0.0909537 
0.00994748 -0.0182334 -0.000145751 0.00013297 -0.0182334 0.0895216 0.000134114 -0.000280563 -0.000145751 0.000134114 0.0103095 -0.0187798 0.00013297 -0.000280563 -0.0187798 0.0909743 
0.00995908 -0.0182587 -0.000135924 0.000123266 -0.0182587 0.0895682 0.000131364 -0.000265268 -0.000135924 0.000131364 0.0102971 -0.0187693 0.000123266 -0.000265268 -0.0187693 0.090967 
0.00993231 -0.0182503 -0.000142427 0.000114677 -0.0182503 0.0895524 0.00013011 -0.00025977 -0.000142427 0.00013011 0.0103326 -0.0187837 0.000114677 -0.00025977 -0.0187837 0.0910244 
0.00990995 -0.0181888 -0.000125905 0.000107555 -0.0181888 0.0894138 0.000120566 -0.000227368 -0.000125905 0.000120566 0.0103448 -0.0188401 0.000107555 -0.000227368 -0.0188401 0.0911429 
0.00987697 -0.0181456 -0.000102915 7.36457e-05 -0.0181456 0.0892645 8.24082e-05 -0.000144031 -0.000102915 8.24082e-05 0.0103623 -0.0188581 7.36457e-05 -0.000144031 -0.0188581 0.0912245 
0.0098704 -0.0181669 -0.000118595 6.40179e-05 -0.0181669 0.0893127 6.82702e-05 -0.00010475 -0.000118595 6.82702e-05 0.0103693 -0.0188258 6.40179e-05 -0.00010475 -0.0188258 0.0911359 
0.00989865 -0.0182149 -0.000150263 0.000115475 -0.0182149 0.0894802 0.000116887 -0.000196682 -0.000150263 0.000116887 0.0103777 -0.0188079 0.000115475 -0.000196682 -0.0188079 0.0910485 
0.00987749 -0.0182044 -0.000172134 0.000145853 -0.0182044 0.0894755 0.000143077 -0.000275163 -0.000172134 0.000143077 0.0104176 -0.018858 0.000145853 -0.000275163 -0.018858 0.0911404 
0.00984072 -0.0181521 -0.000175711 0.000153946 -0.0181521 0.0893603 0.000147978 -0.000296012 -0.000175711 0.000147978 0.0104315 -0.0189197 0.000153946 -0.000296012 -0.0189197 0.0912886 
0.00979744 -0.0180957 -0.000175948 0.000149342 -0.0180957 0.089206 0.000144253 -0.000289027 -0.000175948 0.000144253 0.0103914 -0.0189222 0.000149342 -0.000289027 -0.0189222 0.0913272 
0.00976258 -0.0180294 -0.000154438 0.000124192 -0.0180294 0.0890275 0.000124362 -0.000221768 -0.000154438 0.000124362 0.0103317 -0.0188659 0.000124192 -0.000221768 -0.0188659 0.0912325 
0.0097857 -0.0180267 -0.000134937 0.000122408 -0.0180267 0.0889999 0.000128595 -0.000219339 -0.000134937 0.000128595 0.0102791 -0.0187715 0.000122408 -0.000219339 -0.0187715 0.0910279 
0.00980089 -0.018034 -0.000123426 9.78855e-05 -0.018034 0.0889803 0.000107478 -0.000184809 -0.000123426 0.000107478 0.0102635 -0.0187155 9.78855e-05 -0.000184809 -0.0187155 0.0908603 
0.00981475 -0.0180611 -0.000104285 8.64363e-05 -0.0180611 0.0890277 9.42076e-05 -0.000147314 -0.000104285 9.42076e-05 0.0102767 -0.0186903 8.64363e-05 -0.000147314 -0.0186903 0.0907517 
0.00985401 -0.0181128 -9.84587e-05 8.96652e-05 -0.0181128 0.0891696 9.61185e-05 -0.000166275 -9.84587e-05 9.61185e-05 0.0102814 -0.0186922 8.96652e-05 -0.000166275 -0.0186922 0.0907087 
0.00989564 -0.0181564 -9.24354e-05 7.08492e-05 -0.0181564 0.0892909 7.97934e-05 -0.000134702 -9.24354e-05 7.97934e-05 0.0102765 -0.0187101 7.08492e-05 -0.000134702 -0.0187101 0.09074 
0.00991702 -0.0181837 -8.95655e-05 5.94863e-05 -0.0181837 0.0893516 6.90445e-05 -0.000103227 -8.95655e-05 6.90445e-05 0.0102235 -0.0187053 5.94863e-05 -0.000103227 -0.0187053 0.090738 
0.00991373 -0.0182184 -8.1503e-05 6.66649e-05 -0.0182184 0.0894424 7.13573e-05 -0.000108003 -8.1503e-05 7.13573e-05 0.0102036 -0.0186359 6.66649e-05 -0.000108003 -0.0186359 0.0906248 
0.00989771 -0.0182202 -7.78946e-05 4.96678e-05 -0.0182202 0.0894921 4.70547e-05 -6.78714e-05 -7.78946e-05 4.70547e-05 0.0102322 -0.0186121 4.96678e-05 -6.78714e-05 -0.0186121 0.090534 
0.00988732 -0.0181848 -8.00664e-05 5.67608e-05 -0.0181848 0.0894278 4.68358e-05 -6.81395e-05 -8.00664e-05 4.68358e-05 0.0102346 -0.0186479 5.67608e-05 -6.81395e-05 -0.0186479 0.0905513 
0.00985761 -0.018117 -4.75237e-05 2.83278e-05 -0.018117 0.0892244 1.52763e-05 1.2099e-05 -4.75237e-05 1.52763e-05 0.0102152 -0.0186901 2.83278e-05 1.2099e-05 -0.0186901 0.0906781 
0.00985182 -0.0181102 -1.24495e-05 -1.63746e-06 -0.0181102 0.0891694 -1.3733e-05 8.0221e-05 -1.24495e-05 -1.3733e-05 0.0101822 -0.0186393 -1.63746e-06 8.0221e-05 -0.0186393 0.0906213 
0.00984822 -0.0181078 -3.18933e-06 -2.71582e-05 -0.0181078 0.0891557 -3.65079e-05 0.000124319 -3.18933e-06 -3.65079e-05 0.0101699 -0.0185913 -2.71582e-05 0.000124319 -0.0185913 0.0905051 
0.00984397 -0.0181163 -8.50569e-06 -2.96658e-05 -0.0181163 0.0891787 -3.88504e-05 0.000139583 -8.50569e-06 -3.88504e-05 0.0101886 -0.0185723 -2.96658e-05 0.000139583 -0.0185723 0.0904298 
0.00982138 -0.0181197 -4.11779e-05 -6.32352e-06 -0.0181197 0.0891993 -1.67763e-05 8.62322e-05 -4.11779e-05 -1.67763e-05 0.0101941 -0.0185764 -6.32352e-06 8.62322e-05 -0.0185764 0.0903827 
0.0098196 -0.0181057 -5.07551e-05 2.88972e-05 -0.0181057 0.0892012 2.50782e-05 5.92251e-06 -5.07551e-05 2.50782e-05 0.0101647 -0.0185729 2.88972e-05 5.92251e-06 -0.0185729 0.0903572 
0.00979829 -0.018066 -5.06664e-05 1.64301e-05 -0.018066 0.0890948 1.94698e-05 5.69111e-06 -5.06664e-05 1.94698e-05 0.010171 -0.0185613 1.64301e-05 5.69111e-06 -0.0185613 0.0903597 
0.00976308 -0.018025 -5.6726e-05 1.49381e-05 -0.018025 0.0889673 2.27878e-05 8.97882e-06 -5.6726e-05 2.27878e-05 0.0101958 -0.018577 1.49381e-05 8.97882e-06 -0.018577 0.0903905 
0.00977265 -0.0179646 -3.35186e-05 6.26817e-06 -0.0179646 0.0888007 9.58166e-06 4.69128e-05 -3.35186e-05 9.58166e-06 0.0101721 -0.0186211 6.26817e-06 4.69128e-05 -0.0186211 0.0904908 
0.00979813 -0.0180145 -3.77906e-05 6.83688e-06 -0.0180145 0.0888524 4.71934e-06 3.66356e-05 -3.77906e-05 4.71934e-06 0.0101286 -0.0185579 6.83688e-06 3.66356e-05 -0.0185579 0.0904003 
0.00983066 -0.0180877 -6.26751e-05 2.95079e-05 -0.0180877 0.0890549 2.53688e-05 -1.40907e-05 -6.26751e-05 2.53688e-05 0.0101123 -0.0184826 2.95079e-05 -1.40907e-05 -0.0184826 0.0902174 
0.00982554 -0.0180938 -7.04864e-05 2.56997e-05 -0.0180938 0.0891096 2.41714e-05 5.14828e-06 -7.04864e-05 2.41714e-05 0.0101264 -0.0184904 2.56997e-05 5.14828e-06 -0.0184904 0.0901837 
0.00982084 -0.0181005 -9.36265e-05 5.64799e-05 -0.0181005 0.0891505 6.252e-05 -7.02269e-05 -9.36265e-05 6.252e-05 0.0101362 -0.0185028 5.64799e-05 -7.02269e-05 -0.0185028 0.0901961 
0.00977637 -0.0180416 -9.05448e-05 6.1618e-05 -0.0180416 0.0890124 7.29689e-05 -9.46768e-05 -9.05448e-05 7.29689e-05 0.0101635 -0.0185573 6.1618e-05 -9.46768e-05 -0.0185573 0.0903367 
0.00978561 -0.0180219 -9.50506e-05 8.5122e-05 -0.0180219 0.0889636 9.47299e-05 -0.000169121 -9.50506e-05 9.47299e-05 0.0101468 -0.0185677 8.5122e-05 -0.000169121 -0.0185677 0.0903905 
0.00978698 -0.0180453 -0.000114768 8.27936e-05 -0.0180453 0.0889964 8.8017e-05 -0.000174679 -0.000114768 8.8017e-05 0.0101625 -0.01854 8.27936e-05 -0.000174679 -0.01854 0.090361 
0.00975247 -0.0180206 -9.69529e-05 7.36905e-05 -0.0180206 0.088949 7.5494e-05 -0.000118387 -9.69529e-05 7.5494e-05 0.0101859 -0.018568 7.36905e-05 -0.000118387 -0.018568 0.0903839 
0.00976191 -0.0180123 -5.85197e-05 6.91796e-05 -0.0180123 0.0889558 6.97492e-05 -0.000107447 -5.85197e-05 6.97492e-05 0.0101892 -0.0185796 6.91796e-05 -0.000107447 -0.0185796 0.0904021 
0.00977121 -0.0180465 -6.92523e-05 4.90752e-05 -0.0180465 0.0890339 4.82692e-05 -9.69477e-05 -6.92523e-05 4.82692e-05 0.010208 -0.0185679 4.90752e-05 -9.69477e-05 -0.0185679 0.0903746 
0.00977228 -0.0180459 -9.39506e-05 6.33133e-05 -0.0180459 0.0890535 6.32873e-05 -0.000111722 -9.39506e-05 6.32873e-05 0.0102322 -0.0186 6.33133e-05 -0.000111722 -0.0186 0.0904187 
0.00974546 -0.0180369 -0.000121003 8.08471e-05 -0.0180369 0.089029 7.92832e-05 -0.000134761 -0.000121003 7.92832e-05 0.0102631 -0.0186327 8.08471e-05 -0.000134761 -0.0186327 0.0904909 
0.0097136 -0.0179935 -0.000151782 0.000106686 -0.0179935 0.0889382 0.000102126 -0.000175929 -0.000151782 0.000102126 0.0102965 -0.0186826 0.000106686 -0.000175929 -0.0186826 0.0906131 
0.00967609 -0.0179398 -0.000155468 0.000105765 -0.0179398 0.0887985 0.000101983 -0.000149259 -0.000155468 0.000101983 0.010321 -0.0187307 0.000105765 -0.000149259 -0.0187307 0.090742 
0.00966557 -0.0179211 -0.000162763 0.000133518 -0.0179211 0.0887477 0.000136381 -0.000218147 -0.000162763 0.000136381 0.010327 -0.0187421 0.000133518 -0.000218147 -0.0187421 0.0907893 
0.00967953 -0.0179402 -0.000193522 0.000185106 -0.0179402 0.0887879 0.000189406 -0.000379672 -0.000193522 0.000189406 0.0102958 -0.0187055 0.000185106 -0.000379672 -0.0187055 0.09069 
0.0096839 -0.0179527 -0.0002181 0.000215061 -0.0179527 0.088823 0.000217729 -0.000474366 -0.0002181 0.000217729 0.0103012 -0.0186709 0.000215061 -0.000474366 -0.0186709 0.0905998 
0.00971173 -0.0179371 -0.000213753 0.000228108 -0.0179371 0.0887905 0.000227505 -0.000505389 -0.000213753 0.000227505 0.0102967 -0.0187034 0.000228108 -0.000505389 -0.0187034 0.0906453 
0.00970861 -0.0179691 -0.000256703 0.000230492 -0.0179691 0.0888162 0.000229406 -0.00052844 -0.000256703 0.000229406 0.0102831 -0.0186897 0.000230492 -0.00052844 -0.0186897 0.0906336 
0.00971581 -0.0179677 -0.000285748 0.000275503 -0.0179677 0.0888394 0.000280659 -0.00060188 -0.000285748 0.000280659 0.0102715 -0.0186798 0.000275503 -0.00060188 -0.0186798 0.0906213 
0.00973757 -0.0179461 -0.000271991 0.00029142 -0.0179461 0.0887758 0.000300152 -0.000649789 -0.000271991 0.000300152 0.0102409 -0.0186867 0.00029142 -0.000649789 -0.0186867 0.0906506 
0.00975397 -0.0179516 -0.000241251 0.00025533 -0.0179516 0.0887326 0.000262633 -0.000589567 -0.000241251 0.000262633 0.0102112 -0.0186595 0.00025533 -0.000589567 -0.0186595 0.0906303 
0.00978253 -0.0179867 -0.000222918 0.000240724 -0.0179867 0.0887949 0.000245136 -0.000558354 -0.000222918 0.000245136 0.0101719 -0.0186136 0.000240724 -0.000558354 -0.0186136 0.0905333 
0.0097637 -0.0180358 -0.000227354 0.000222574 -0.0180358 0.0889165 0.00022314 -0.000514824 -0.000227354 0.00022314 0.0101649 -0.0185437 0.000222574 -0.000514824 -0.0185437 0.0903511 
0.00973728 -0.0180187 -0.000197844 0.000224147 -0.0180187 0.0889534 0.00021978 -0.00048902 -0.000197844 0.00021978 0.0101902 -0.0185365 0.000224147 -0.00048902 -0.0185365 0.0902723 
0.0097307 -0.0180173 -0.000191949 0.000215272 -0.0180173 0.0889888 0.000207735 -0.000496182 -0.000191949 0.000207735 0.0102015 -0.0185417 0.000215272 -0.000496182 -0.0185417 0.090231 
0.00973255 -0.0179927 -0.000170635 0.000210994 -0.0179927 0.0889404 0.000204634 -0.000494756 -0.000170635 0.000204634 0.0102104 -0.0185723 0.000210994 -0.000494756 -0.0185723 0.0902901 
0.00971786 -0.0179645 -0.000146283 0.000179767 -0.0179645 0.0888357 0.000170517 -0.000437108 -0.000146283 0.000170517 0.0101944 -0.0186009 0.000179767 -0.000437108 -0.0186009 0.0903786 
0.00970105 -0.0179407 -0.000132537 0.000131867 -0.0179407 0.0887545 0.000124687 -0.000316875 -0.000132537 0.000124687 0.0101832 -0.0185872 0.000131867 -0.000316875 -0.0185872 0.0904012 
0.00968708 -0.017924 -0.000142534 0.000126843 -0.017924 0.0887021 0.000124205 -0.00028004 -0.000142534 0.000124205 0.010183 -0.0185682 0.000126843 -0.00028004 -0.0185682 0.0903729 
0.00968079 -0.0178936 -0.000135467 0.000132233 -0.0178936 0.0886151 0.000129327 -0.000272167 -0.000135467 0.000129327 0.0101804 -0.0185734 0.000132233 -0.000272167 -0.0185734 0.0903746 
0.00966653 -0.0178868 -0.000117476 0.000116985 -0.0178868 0.0885695 0.000112003 -0.000236099 -0.000117476 0.000112003 0.0101907 -0.0185696 0.000116985 -0.000236099 -0.0185696 0.0903726 
0.00968219 -0.0179079 -0.000102305 9.87698e-05 -0.0179079 0.088634 9.47076e-05 -0.000192777 -0.000102305 9.47076e-05 0.0101851 -0.0185505 9.87698e-05 -0.000192777 -0.0185505 0.0903053 
0.00967465 -0.0178937 -9.44453e-05 6.54524e-05 -0.0178937 0.0885984 6.61452e-05 -0.000113262 -9.44453e-05 6.61452e-05 0.0101697 -0.01856 6.54524e-05 -0.000113262 -0.01856 0.0903047 
0.00968637 -0.0179025 -9.03689e-05 7.28533e-05 -0.0179025 0.0886181 7.63847e-05 -0.000109665 -9.03689e-05 7.63847e-05 0.0101623 -0.0185393 7.28533e-05 -0.000109665 -0.0185393 0.0902847 
0.00973014 -0.0179026 -7.09932e-05 7.15684e-05 -0.0179026 0.0886104 7.4248e-05 -0.000118395 -7.09932e-05 7.4248e-05 0.0101279 -0.0185426 7.15684e-05 -0.000118395 -0.0185426 0.0902918 
0.00974776 -0.0179347 -6.18306e-05 4.32337e-05 -0.0179347 0.0886317 4.07135e-05 -6.58888e-05 -6.18306e-05 4.07135e-05 0.0101176 -0.0185218 4.32337e-05 -6.58888e-05 -0.0185218 0.0902903 
0.00975753 -0.017961 -6.20886e-05 3.15684e-05 -0.017961 0.0886951 2.60537e-05 -1.91727e-05 -6.20886e-05 2.60537e-05 0.0100967 -0.0184988 3.15684e-05 -1.91727e-05 -0.0184988 0.0902305 
0.00976834 -0.0180041 -8.10585e-05 7.38749e-05 -0.0180041 0.0888236 7.20026e-05 -0.000123783 -8.10585e-05 7.20026e-05 0.0100735 -0.0184494 7.38749e-05 -0.000123783 -0.0184494 0.0901058 
0.00977924 -0.0180281 -7.506e-05 7.8182e-05 -0.0180281 0.0889274 8.28272e-05 -0.000164038 -7.506e-05 8.28272e-05 0.0100442 -0.0184064 7.8182e-05 -0.000164038 -0.0184064 0.0899665 
0.00977195 -0.0180356 -8.04685e-05 6.92088e-05 -0.0180356 0.0889702 7.58346e-05 -0.000165647 -8.04685e-05 7.58346e-05 0.0100375 -0.0183705 6.92088e-05 -0.000165647 -0.0183705 0.0898557 
