0.00664246 0 0.00034237 0 0 0.01 0 0 0.00034237 0 0.00793358 0 0 0 0 0.01 
0.0095094 -0.0118255 0.00041395 -0.000506866 -0.0118255 0.0318488 -0.000506866 0.000971877 0.00041395 -0.000506866 0.0110479 -0.0137047 -0.000506866 0.000971877 -0.0137047 0.0354523 
0.00967436 -0.0183269 0.000351184 -0.000576289 -0.0183269 0.0678326 -0.000576289 0.00181294 0.000351184 -0.000576289 0.010944 -0.0202968 -0.000576289 0.00181294 -0.0202968 0.0739991 
0.00911319 -0.0182754 0.00032439 -0.000394248 -0.0182754 0.0827657 -0.000393742 0.00131151 0.00032439 -0.000393742 0.0103422 -0.0196689 -0.000394248 0.00131151 -0.0196689 0.0871793 
0.00897936 -0.0175291 0.000334893 -0.000331629 -0.0175291 0.0862892 -0.000323001 0.000818741 0.000334893 -0.000323001 0.0104575 -0.0190055 -0.000331629 0.000818741 -0.0190055 0.0899126 
0.00912321 -0.0173074 0.000352065 -0.000393185 -0.0173074 0.0870635 -0.00037388 0.000823007 0.000352065 -0.00037388 0.0106806 -0.0190747 -0.000393185 0.000823007 -0.0190747 0.0909903 
0.00927701 -0.0174251 0.000366092 -0.000442762 -0.0174251 0.0875036 -0.000425633 0.000985633 0.000366092 -0.000425633 0.0107745 -0.0192144 -0.000442762 0.000985633 -0.0192144 0.0916539 
0.0093586 -0.0175549 0.000361324 -0.000436677 -0.0175549 0.0878368 -0.000431434 0.00104085 0.000361324 -0.000431434 0.0107738 -0.019248 -0.000436677 0.00104085 -0.019248 0.0919139 
0.00939449 -0.017636 0.000351208 -0.000397885 -0.017636 0.0880743 -0.000405623 0.000980716 0.000351208 -0.000405623 0.0107566 -0.0192215 -0.000397885 0.000980716 -0.0192215 0.0919205 
0.00939058 -0.0176846 0.000352563 -0.000378939 -0.0176846 0.0882338 -0.000394678 0.000927949 0.000352563 -0.000394678 0.0107633 -0.0191791 -0.000378939 0.000927949 -0.0191791 0.0918029 
0.00937871 -0.0176855 0.000357763 -0.000411667 -0.0176855 0.0882983 -0.000427048 0.000992437 0.000357763 -0.000427048 0.0107819 -0.0191938 -0.000411667 0.000992437 -0.0191938 0.0917815 
0.00936363 -0.017671 0.000367285 -0.000416913 -0.017671 0.0882961 -0.00042387 0.00101699 0.000367285 -0.00042387 0.0107975 -0.0192361 -0.000416913 0.00101699 -0.0192361 0.0918712 
0.00935856 -0.0176419 0.000367306 -0.000434275 -0.0176419 0.0882337 -0.000436375 0.00105032 0.000367306 -0.000436375 0.0107939 -0.0192695 -0.000434275 0.00105032 -0.0192695 0.091984 
0.00931335 -0.017627 0.00036066 -0.000409264 -0.017627 0.088175 -0.000406933 0.000993842 0.00036066 -0.000406933 0.0108164 -0.0192687 -0.000409264 0.000993842 -0.0192687 0.0920284 
0.00929903 -0.0175708 0.000359563 -0.000414621 -0.0175708 0.0880701 -0.000406402 0.000981212 0.000359563 -0.000406402 0.0108273 -0.019306 -0.000414621 0.000981212 -0.019306 0.0921179 
0.0092932 -0.0175629 0.000339605 -0.000402449 -0.0175629 0.0880199 -0.000394811 0.000951479 0.000339605 -0.000394811 0.0108292 -0.0193026 -0.000402449 0.000951479 -0.0193026 0.0921279 
0.00934466 -0.0175576 0.000311338 -0.000385311 -0.0175576 0.0880046 -0.0003832 0.000929152 0.000311338 -0.0003832 0.0107986 -0.0193141 -0.000385311 0.000929152 -0.0193141 0.0921618 
0.00939176 -0.017646 0.000296281 -0.000373896 -0.017646 0.088164 -0.00037619 0.000929216 0.000296281 -0.00037619 0.0107669 -0.0192516 -0.000373896 0.000929216 -0.0192516 0.0920463 
0.0093808 -0.0176697 0.000285296 -0.000328679 -0.0176697 0.0882379 -0.000330862 0.000828349 0.000285296 -0.000330862 0.0107861 -0.0192469 -0.000328679 0.000828349 -0.0192469 0.0920258 
0.00936763 -0.0176426 0.000268334 -0.000284473 -0.0176426 0.0882051 -0.00028346 0.000678261 0.000268334 -0.00028346 0.0108088 -0.0192882 -0.000284473 0.000678261 -0.0192882 0.0921079 
0.00936042 -0.0176399 0.000273193 -0.000309202 -0.0176399 0.0881891 -0.000306769 0.000704812 0.000273193 -0.000306769 0.0108211 -0.0192984 -0.000309202 0.000704812 -0.0192984 0.0921455 
0.00937095 -0.0176286 0.000282451 -0.000322755 -0.0176286 0.0881626 -0.000319577 0.000751442 0.000282451 -0.000319577 0.0108088 -0.0193157 -0.000322755 0.000751442 -0.0193157 0.0921891 
0.00936003 -0.0176458 0.000296487 -0.000342018 -0.0176458 0.0881783 -0.000341375 0.000811453 0.000296487 -0.000341375 0.0107885 -0.0192822 -0.000342018 0.000811453 -0.0192822 0.0921274 
0.00936371 -0.0176411 0.000316603 -0.00037404 -0.0176411 0.0881908 -0.000378276 0.000907191 0.000316603 -0.000378276 0.0107344 -0.0192363 -0.00037404 0.000907191 -0.0192363 0.0919983 
0.00936072 -0.0176441 0.000327633 -0.000382165 -0.0176441 0.0882013 -0.00039011 0.000943819 0.000327633 -0.00039011 0.0107197 -0.0191817 -0.000382165 0.000943819 -0.0191817 0.0918819 
0.0093747 -0.0176293 0.00031852 -0.000383874 -0.0176293 0.0881722 -0.000390428 0.000946383 0.00031852 -0.000390428 0.0107093 -0.0191747 -0.000383874 0.000946383 -0.0191747 0.0918332 
0.00936433 -0.0176183 0.000278735 -0.000338965 -0.0176183 0.0881048 -0.000345497 0.000840601 0.000278735 -0.000345497 0.0107194 -0.0191746 -0.000338965 0.000840601 -0.0191746 0.091827 
0.00933489 -0.0176219 0.000269275 -0.00030528 -0.0176219 0.0881085 -0.000310822 0.000756183 0.000269275 -0.000310822 0.0107646 -0.0191811 -0.00030528 0.000756183 -0.0191811 0.0918325 
0.00931541 -0.0175961 0.000264442 -0.000327343 -0.0175961 0.0880777 -0.000326018 0.000782782 0.000264442 -0.000326018 0.0107822 -0.0192204 -0.000327343 0.000782782 -0.0192204 0.0918785 
0.00933995 -0.0175837 0.000275122 -0.000330453 -0.0175837 0.0880559 -0.000320906 0.000805432 0.000275122 -0.000320906 0.0107469 -0.0192324 -0.000330453 0.000805432 -0.0192324 0.091912 
0.00937409 -0.0176189 0.000282879 -0.000339961 -0.0176189 0.0881101 -0.000333394 0.000823502 0.000282879 -0.000333394 0.0107188 -0.0191921 -0.000339961 0.000823502 -0.0191921 0.0918686 
0.00941584 -0.0176547 0.000293665 -0.000376961 -0.0176547 0.0881876 -0.000378646 0.000933793 0.000293665 -0.000378646 0.0106987 -0.0191651 -0.000376961 0.000933793 -0.0191651 0.0918114 
0.00936311 -0.0177044 0.000307889 -0.000365079 -0.0177044 0.088294 -0.000369428 0.000934772 0.000307889 -0.000369428 0.0107477 -0.0191386 -0.000365079 0.000934772 -0.0191386 0.0917399 
0.00931793 -0.017636 0.000303433 -0.000357825 -0.017636 0.0882296 -0.000356953 0.000884619 0.000303433 -0.000356953 0.0107744 -0.0192019 -0.000357825 0.000884619 -0.0192019 0.0918119 
0.00934199 -0.0175661 0.000291781 -0.000350614 -0.0175661 0.088057 -0.000347753 0.000850362 0.000291781 -0.000347753 0.0107279 -0.019244 -0.000350614 0.000850362 -0.019244 0.0919354 
0.00940577 -0.0175819 0.00025704 -0.000304375 -0.0175819 0.0879943 -0.000305585 0.000737632 0.00025704 -0.000305585 0.0106395 -0.0191915 -0.000304375 0.000737632 -0.0191915 0.0919035 
0.00946574 -0.0176817 0.000252569 -0.000301544 -0.0176817 0.0881673 -0.000306435 0.000733546 0.000252569 -0.000306435 0.0105902 -0.0190666 -0.000301544 0.000733546 -0.0190666 0.0916646 
0.00947019 -0.0177288 0.000260012 -0.000286048 -0.0177288 0.0882944 -0.000289961 0.000698652 0.000260012 -0.000289961 0.0106231 -0.019043 -0.000286048 0.000698652 -0.019043 0.0915658 
0.00942242 -0.0177329 0.000257996 -0.000292459 -0.0177329 0.0883407 -0.000294804 0.000689366 0.000257996 -0.000294804 0.0106749 -0.0190761 -0.000292459 0.000689366 -0.0190761 0.0915746 
0.00937758 -0.0176998 0.00027916 -0.00031413 -0.0176998 0.0883323 -0.000317378 0.000753621 0.00027916 -0.000317378 0.0107254 -0.0191194 -0.00031413 0.000753621 -0.0191194 0.0916376 
0.00937252 -0.0176415 0.000267707 -0.000321889 -0.0176415 0.0882279 -0.000328811 0.000778121 0.000267707 -0.000328811 0.0107518 -0.0192012 -0.000321889 0.000778121 -0.0192012 0.0918245 
0.00938914 -0.0176396 0.000233846 -0.00029772 -0.0176396 0.0881807 -0.000303794 0.000733885 0.000233846 -0.000303794 0.0107583 -0.019231 -0.00029772 0.000733885 -0.019231 0.0919469 
0.00939448 -0.0176779 0.000230455 -0.000287353 -0.0176779 0.0882517 -0.000286639 0.000719468 0.000230455 -0.000286639 0.0107659 -0.019219 -0.000287353 0.000719468 -0.019219 0.0919425 
0.00940954 -0.0176907 0.000246742 -0.000319153 -0.0176907 0.0883089 -0.000311919 0.000788525 0.000246742 -0.000311919 0.0107269 -0.0192064 -0.000319153 0.000788525 -0.0192064 0.0918847 
0.00939331 -0.0176884 0.000236272 -0.000294077 -0.0176884 0.0883036 -0.000285245 0.000732502 0.000236272 -0.000285245 0.010698 -0.0191831 -0.000294077 0.000732502 -0.0191831 0.0918559 
0.00938265 -0.0176785 0.000228591 -0.000272877 -0.0176785 0.0883028 -0.000265851 0.000665606 0.000228591 -0.000265851 0.0106822 -0.0191465 -0.000272877 0.000665606 -0.0191465 0.0917874 
0.00937989 -0.0176698 0.000255153 -0.000290334 -0.0176698 0.0882899 -0.000288426 0.000702006 0.000255153 -0.000288426 0.0106709 -0.0191129 -0.000290334 0.000702006 -0.0191129 0.0916888 
0.00937373 -0.0176486 0.000283906 -0.000337189 -0.0176486 0.08822 -0.000341661 0.000814337 0.000283906 -0.000341661 0.0106668 -0.0190935 -0.000337189 0.000814337 -0.0190935 0.0916137 
0.00937735 -0.0176258 0.000278217 -0.000342668 -0.0176258 0.0881348 -0.000352282 0.000847344 0.000278217 -0.000352282 0.010642 -0.0190963 -0.000342668 0.000847344 -0.0190963 0.091596 
0.00941623 -0.0176166 0.000243085 -0.00032376 -0.0176166 0.0880719 -0.000330833 0.000812542 0.000243085 -0.000330833 0.0105862 -0.0190789 -0.00032376 0.000812542 -0.0190789 0.0915809 
0.00941928 -0.0176623 0.000230162 -0.000291283 -0.0176623 0.0881201 -0.000291663 0.000749541 0.000230162 -0.000291663 0.0105703 -0.0190094 -0.000291283 0.000749541 -0.0190094 0.0914624 
0.00941073 -0.0176647 0.000223823 -0.000273434 -0.0176647 0.0881523 -0.00026732 0.000682939 0.000223823 -0.00026732 0.0105679 -0.0189889 -0.000273434 0.000682939 -0.0189889 0.0913718 
0.00946849 -0.0176612 0.000207853 -0.000269107 -0.0176612 0.0881637 -0.000261384 0.000654706 0.000207853 -0.000261384 0.0105179 -0.0189814 -0.000269107 0.000654706 -0.0189814 0.0913254 
0.00946477 -0.0177157 0.000227192 -0.000282868 -0.0177157 0.0882237 -0.000278458 0.000706955 0.000227192 -0.000278458 0.0105105 -0.018926 -0.000282868 0.000706955 -0.018926 0.0912322 
0.00945995 -0.0177016 0.0002286 -0.000284498 -0.0177016 0.0882259 -0.000282079 0.000707315 0.0002286 -0.000282079 0.0104899 -0.0189164 -0.000284498 0.000707315 -0.0189164 0.0911688 
0.00942061 -0.0177041 0.00022531 -0.000266821 -0.0177041 0.0882384 -0.000263701 0.000660395 0.00022531 -0.000263701 0.0105316 -0.0188997 -0.000266821 0.000660395 -0.0188997 0.091142 
0.00941606 -0.017677 0.000199924 -0.000235526 -0.017677 0.0882326 -0.000233615 0.000566818 0.000199924 -0.000233615 0.010564 -0.0189392 -0.000235526 0.000566818 -0.0189392 0.0911737 
0.00940376 -0.0176674 0.00019579 -0.00022279 -0.0176674 0.0882024 -0.000222223 0.000532827 0.00019579 -0.000222223 0.0106134 -0.018993 -0.00022279 0.000532827 -0.018993 0.0913028 
0.00939189 -0.0176527 0.000214882 -0.000254863 -0.0176527 0.0881665 -0.000256046 0.000613204 0.000214882 -0.000256046 0.0106357 -0.019051 -0.000254863 0.000613204 -0.019051 0.0914439 
0.00942477 -0.0176775 0.000242955 -0.000305012 -0.0176775 0.0882423 -0.000310574 0.000759215 0.000242955 -0.000310574 0.0106074 -0.0190539 -0.000305012 0.000759215 -0.0190539 0.0914831 
0.00948496 -0.0177125 0.000245248 -0.000325666 -0.0177125 0.0883241 -0.000335461 0.000841522 0.000245248 -0.000335461 0.0105688 -0.0190303 -0.000325666 0.000841522 -0.0190303 0.0914724 
0.00948887 -0.0177778 0.000251226 -0.000303995 -0.0177778 0.0884531 -0.000315685 0.000813989 0.000251226 -0.000315685 0.0105945 -0.0189944 -0.000303995 0.000813989 -0.0189944 0.0914144 
0.00945213 -0.0177719 0.000275675 -0.000312486 -0.0177719 0.0884862 -0.000321732 0.000806226 0.000275675 -0.000321732 0.0106415 -0.0190348 -0.000312486 0.000806226 -0.0190348 0.0914585 
0.00942446 -0.0177223 0.000273132 -0.000317769 -0.0177223 0.0884078 -0.000320051 0.000775336 0.000273132 -0.000320051 0.0106681 -0.019102 -0.000317769 0.000775336 -0.019102 0.091605 
0.00941824 -0.0176975 0.000268088 -0.000315468 -0.0176975 0.0883394 -0.000309167 0.000750132 0.000268088 -0.000309167 0.0106743 -0.0191268 -0.000315468 0.000750132 -0.0191268 0.0916981 
0.00935626 -0.0176873 0.000271178 -0.000324816 -0.0176873 0.0882911 -0.000311502 0.000762714 0.000271178 -0.000311502 0.0107202 -0.0191249 -0.000324816 0.000762714 -0.0191249 0.0917122 
0.00932145 -0.0176274 0.000277686 -0.000339117 -0.0176274 0.0882032 -0.000322868 0.000800625 0.000277686 -0.000322868 0.0107546 -0.0191618 -0.000339117 0.000800625 -0.0191618 0.0917435 
0.00930458 -0.0175774 0.000277446 -0.000361922 -0.0175774 0.0880691 -0.000349317 0.000876195 0.000277446 -0.000349317 0.0107819 -0.0192077 -0.000361922 0.000876195 -0.0192077 0.0918399 
0.00929802 -0.0175511 0.000273152 -0.000344318 -0.0175511 0.0879742 -0.000336295 0.000867288 0.000273152 -0.000336295 0.0108199 -0.0192616 -0.000344318 0.000867288 -0.0192616 0.0919899 
0.00934071 -0.017571 0.000272097 -0.000343459 -0.017571 0.0880077 -0.000340288 0.000866417 0.000272097 -0.000340288 0.0108049 -0.0192932 -0.000343459 0.000866417 -0.0192932 0.09208 
0.00936576 -0.0175991 0.000274028 -0.000339032 -0.0175991 0.088036 -0.000343177 0.000863687 0.000274028 -0.000343177 0.010792 -0.0192982 -0.000339032 0.000863687 -0.0192982 0.0921536 
0.00940087 -0.017636 0.00027245 -0.000312951 -0.017636 0.0881241 -0.000323282 0.00080106 0.00027245 -0.000323282 0.0107878 -0.0192934 -0.000312951 0.00080106 -0.0192934 0.0921836 
0.00938171 -0.017681 0.000293503 -0.000329327 -0.017681 0.0882242 -0.00034389 0.000822079 0.000293503 -0.00034389 0.0107919 -0.0192696 -0.000329327 0.000822079 -0.0192696 0.0921292 
0.0093897 -0.0176794 0.000285635 -0.000336292 -0.0176794 0.0882981 -0.000348982 0.000827072 0.000285635 -0.000348982 0.0107774 -0.0192625 -0.000336292 0.000827072 -0.0192625 0.0920771 
0.00944303 -0.0176854 0.000271902 -0.000351793 -0.0176854 0.0883233 -0.000358438 0.000872311 0.000271902 -0.000358438 0.0107494 -0.0192537 -0.000351793 0.000872311 -0.0192537 0.0920628 
0.00949482 -0.0177463 0.000275954 -0.000336393 -0.0177463 0.088421 -0.000342021 0.000868625 0.000275954 -0.000342021 0.0107181 -0.0192205 -0.000336393 0.000868625 -0.0192205 0.0919991 
0.00950727 -0.0178068 0.000292105 -0.000335161 -0.0178068 0.0885596 -0.000344357 0.000853965 0.000292105 -0.000344357 0.0107081 -0.0191902 -0.000335161 0.000853965 -0.0191902 0.0919322 
0.00946143 -0.0178272 0.000299856 -0.000361294 -0.0178272 0.0886562 -0.000372718 0.000900893 0.000299856 -0.000372718 0.0107542 -0.0191778 -0.000361294 0.000900893 -0.0191778 0.0918891 
0.00940128 -0.0177755 0.000302715 -0.000376907 -0.0177755 0.088612 -0.000381235 0.000942585 0.000302715 -0.000381235 0.0108184 -0.019224 -0.000376907 0.000942585 -0.019224 0.0919328 
0.00937464 -0.0176954 0.000282265 -0.000363839 -0.0176954 0.0884422 -0.00036033 0.00091182 0.000282265 -0.00036033 0.0108223 -0.0192955 -0.000363839 0.00091182 -0.0192955 0.0920596 
0.00935449 -0.0176554 0.000259279 -0.000353927 -0.0176554 0.0882873 -0.000347087 0.000888263 0.000259279 -0.000347087 0.0107786 -0.0192792 -0.000353927 0.000888263 -0.0192792 0.0920616 
0.0093564 -0.017653 0.000244481 -0.000341151 -0.017653 0.0882652 -0.00033636 0.000875703 0.000244481 -0.00033636 0.0107451 -0.0192076 -0.000341151 0.000875703 -0.0192076 0.091917 
0.00936579 -0.0176448 0.000256605 -0.00031635 -0.0176448 0.0882405 -0.000311567 0.000824814 0.000256605 -0.000311567 0.0107268 -0.0191836 -0.00031635 0.000824814 -0.0191836 0.0918356 
0.00937592 -0.0176463 0.000261219 -0.000306057 -0.0176463 0.0882203 -0.000306434 0.000766044 0.000261219 -0.000306434 0.0107139 -0.0191691 -0.000306057 0.000766044 -0.0191691 0.0917938 
0.00939713 -0.0176412 0.000259121 -0.000297029 -0.0176412 0.0881851 -0.000302979 0.000726725 0.000259121 -0.000302979 0.0107053 -0.0191724 -0.000297029 0.000726725 -0.0191724 0.0918109 
0.0094145 -0.0176556 0.000262004 -0.000323472 -0.0176556 0.0881719 -0.000329578 0.000784424 0.000262004 -0.000329578 0.0106897 -0.0191586 -0.000323472 0.000784424 -0.0191586 0.0917937 
0.00943928 -0.0176846 0.000260712 -0.000334006 -0.0176846 0.0882313 -0.000332412 0.000825475 0.000260712 -0.000332412 0.0106888 -0.0191514 -0.000334006 0.000825475 -0.0191514 0.0917969 
0.00944185 -0.0177022 0.000241169 -0.000345882 -0.0177022 0.0882598 -0.000337629 0.000861235 0.000241169 -0.000337629 0.0106765 -0.0191483 -0.000345882 0.000861235 -0.0191483 0.0917851 
0.00940662 -0.0177065 0.000251342 -0.000312985 -0.0177065 0.0882812 -0.000303648 0.000815353 0.000251342 -0.000303648 0.0106755 -0.0191292 -0.000312985 0.000815353 -0.0191292 0.091745 
0.00939963 -0.0176694 0.000236762 -0.000309301 -0.0176694 0.088241 -0.000304887 0.00077297 0.000236762 -0.000304887 0.0106536 -0.0191199 -0.000309301 0.00077297 -0.0191199 0.0917032 
0.00940209 -0.0176508 0.000221455 -0.000288758 -0.0176508 0.0881758 -0.000289242 0.000733692 0.000221455 -0.000289242 0.0106322 -0.0190989 -0.000288758 0.000733692 -0.0190989 0.0916651 
0.00943713 -0.0176703 0.000182606 -0.000238155 -0.0176703 0.0882114 -0.000242141 0.000610355 0.000182606 -0.000242141 0.0106 -0.0190669 -0.000238155 0.000610355 -0.0190669 0.0915891 
0.00947429 -0.0177228 0.000187964 -0.000211773 -0.0177228 0.0883238 -0.000215865 0.000542237 0.000187964 -0.000215865 0.0105741 -0.0190176 -0.000211773 0.000542237 -0.0190176 0.0914665 
0.00946918 -0.0177686 0.000209939 -0.000230037 -0.0177686 0.0884449 -0.000232193 0.000549389 0.000209939 -0.000232193 0.0105836 -0.0189803 -0.000230037 0.000549389 -0.0189803 0.0913498 
0.00943381 -0.017759 0.000219376 -0.000268356 -0.017759 0.0884721 -0.000271047 0.000633642 0.000219376 -0.000271047 0.0106023 -0.0189883 -0.000268356 0.000633642 -0.0189883 0.0913119 
0.00942892 -0.0177158 0.000223263 -0.000311783 -0.0177158 0.0884015 -0.000313022 0.000768648 0.000223263 -0.000313022 0.0105662 -0.019 -0.000311783 0.000768648 -0.019 0.0913133 
0.00943453 -0.0176932 0.000237758 -0.000302241 -0.0176932 0.0883119 -0.000296008 0.000780113 0.000237758 -0.000296008 0.0105345 -0.0189704 -0.000302241 0.000780113 -0.0189704 0.0912899 
0.0094432 -0.0176835 0.000217254 -0.000275196 -0.0176835 0.0882493 -0.000267833 0.000686141 0.000217254 -0.000267833 0.0105496 -0.01896 -0.000275196 0.000686141 -0.01896 0.091297 
0.00943502 -0.0177044 0.000225567 -0.000273529 -0.0177044 0.0882661 -0.000268596 0.000677162 0.000225567 -0.000268596 0.0105746 -0.0189586 -0.000273529 0.000677162 -0.0189586 0.0912678 
0.00939621 -0.0177004 0.000260761 -0.000307947 -0.0177004 0.0882809 -0.000302449 0.000754639 0.000260761 -0.000302449 0.0106332 -0.0189968 -0.000307947 0.000754639 -0.0189968 0.0913319 
0.00940037 -0.0176545 0.000273165 -0.00032505 -0.0176545 0.0882153 -0.000319536 0.000788768 0.000273165 -0.000319536 0.0106497 -0.0190706 -0.00032505 0.000788768 -0.0190706 0.0914796 
0.009422 -0.0176617 0.000266804 -0.000330463 -0.0176617 0.0881956 -0.000326913 0.000803061 0.000266804 -0.000326913 0.0106517 -0.0191015 -0.000330463 0.000803061 -0.0191015 0.0916102 
0.00938454 -0.0176854 0.000271698 -0.000334705 -0.0176854 0.0882198 -0.000334864 0.000831428 0.000271698 -0.000334864 0.0106659 -0.0190831 -0.000334705 0.000831428 -0.0190831 0.091595 
0.00940281 -0.017646 0.000266107 -0.000352748 -0.017646 0.0881875 -0.000350829 0.000879064 0.000266107 -0.000350829 0.0106192 -0.0191045 -0.000352748 0.000879064 -0.0191045 0.0916233 
0.00940738 -0.0176689 0.000272955 -0.000318519 -0.0176689 0.088208 -0.000314842 0.000813294 0.000272955 -0.000314842 0.0106238 -0.0190587 -0.000318519 0.000813294 -0.0190587 0.0915839 
0.00943749 -0.0176747 0.000273473 -0.000332246 -0.0176747 0.0882311 -0.000332802 0.000809946 0.000273473 -0.000332802 0.0105991 -0.0190566 -0.000332246 0.000809946 -0.0190566 0.0915409 
0.00946864 -0.0177116 0.000279887 -0.000332544 -0.0177116 0.0882977 -0.000340541 0.000831515 0.000279887 -0.000340541 0.0105686 -0.0190267 -0.000332544 0.000831515 -0.0190267 0.0914839 
0.00947496 -0.0177222 0.000272829 -0.00031079 -0.0177222 0.0883106 -0.000322821 0.00077679 0.000272829 -0.000322821 0.0105706 -0.0190148 -0.00031079 0.00077679 -0.0190148 0.0914702 
0.00943099 -0.0177299 0.000263202 -0.000301851 -0.0177299 0.088326 -0.00031096 0.000734988 0.000263202 -0.00031096 0.0106255 -0.0190232 -0.000301851 0.000734988 -0.0190232 0.0914858 
0.00936667 -0.0176971 0.000289483 -0.000328364 -0.0176971 0.0883027 -0.000328731 0.000790532 0.000289483 -0.000328731 0.0106876 -0.0190622 -0.000328364 0.000790532 -0.0190622 0.0915194 
0.00934309 -0.0176233 0.00031554 -0.000368097 -0.0176233 0.0881742 -0.000358325 0.000872931 0.00031554 -0.000358325 0.0107051 -0.0191293 -0.000368097 0.000872931 -0.0191293 0.0916345 
0.00933496 -0.0175879 0.000323659 -0.00040082 -0.0175879 0.0880479 -0.000386984 0.000951441 0.000323659 -0.000386984 0.0107026 -0.019158 -0.00040082 0.000951441 -0.019158 0.0917444 
0.00932446 -0.0175814 0.000317931 -0.00040518 -0.0175814 0.0880006 -0.000396018 0.000991399 0.000317931 -0.000396018 0.0107081 -0.019153 -0.00040518 0.000991399 -0.019153 0.091771 
0.00930198 -0.0175677 0.00030601 -0.00038234 -0.0175677 0.0879642 -0.00038073 0.000960335 0.00030601 -0.00038073 0.0107078 -0.0191492 -0.00038234 0.000960335 -0.0191492 0.0917484 
0.00931647 -0.0175526 0.00030433 -0.000354185 -0.0175526 0.0879516 -0.000353168 0.000885052 0.00030433 -0.000353168 0.0107017 -0.0191546 -0.000354185 0.000885052 -0.0191546 0.0917596 
0.00929308 -0.0175255 0.000310218 -0.000325013 -0.0175255 0.0878458 -0.000321545 0.000776623 0.000310218 -0.000321545 0.010733 -0.0191892 -0.000325013 0.000776623 -0.0191892 0.091871 
0.00931617 -0.0175248 0.000331178 -0.000376082 -0.0175248 0.0878381 -0.00037443 0.000866717 0.000331178 -0.00037443 0.0107301 -0.0192033 -0.000376082 0.000866717 -0.0192033 0.0919105 
0.00938834 -0.0175638 0.000316698 -0.000390395 -0.0175638 0.0879075 -0.000391398 0.000925908 0.000316698 -0.000391398 0.0106755 -0.0191866 -0.000390395 0.000925908 -0.0191866 0.0918809 
0.00943908 -0.0176585 0.000295549 -0.000360208 -0.0176585 0.0880999 -0.00036085 0.000887916 0.000295549 -0.00036085 0.0106324 -0.0191192 -0.000360208 0.000887916 -0.0191192 0.0917549 
0.0094474 -0.017735 0.00029772 -0.00036281 -0.017735 0.0883222 -0.000359403 0.000891597 0.00029772 -0.000359403 0.0106127 -0.0190544 -0.00036281 0.000891597 -0.0190544 0.0915814 
0.00940065 -0.0177235 0.000294999 -0.000318186 -0.0177235 0.0883661 -0.00031075 0.000764572 0.000294999 -0.00031075 0.0106406 -0.0190383 -0.000318186 0.000764572 -0.0190383 0.0914896 
0.00939379 -0.0176621 0.000280449 -0.000319906 -0.0176621 0.0882764 -0.000317318 0.000729348 0.000280449 -0.000317318 0.0106651 -0.0190919 -0.000319906 0.000729348 -0.0190919 0.0915753 
0.00939283 -0.0176318 0.000276382 -0.000299826 -0.0176318 0.0881521 -0.000299956 0.000696005 0.000276382 -0.000299956 0.0106855 -0.0191408 -0.000299826 0.000696005 -0.0191408 0.0917174 
0.00935326 -0.0176194 0.000279734 -0.000296635 -0.0176194 0.0880725 -0.000293831 0.000673596 0.000279734 -0.000293831 0.0107366 -0.0191781 -0.000296635 0.000673596 -0.0191781 0.0918469 
0.00933875 -0.0175891 0.000304179 -0.000334488 -0.0175891 0.0880213 -0.000328767 0.000759595 0.000304179 -0.000328767 0.0107527 -0.0192317 -0.000334488 0.000759595 -0.0192317 0.0919725 
0.00934402 -0.0176292 0.000349206 -0.000393282 -0.0176292 0.08813 -0.000391656 0.00092693 0.000349206 -0.000391656 0.0107638 -0.0192054 -0.000393282 0.00092693 -0.0192054 0.0919342 
0.00932616 -0.0176232 0.000355835 -0.000402179 -0.0176232 0.0881546 -0.000408015 0.000965684 0.000355835 -0.000408015 0.0107856 -0.0192281 -0.000402179 0.000965684 -0.0192281 0.0919525 
0.00936918 -0.0176111 0.000360399 -0.000430751 -0.0176111 0.0881562 -0.00043982 0.00105199 0.000360399 -0.00043982 0.0107622 -0.019253 -0.000430751 0.00105199 -0.019253 0.092002 
0.00938175 -0.0176163 0.00034164 -0.000390052 -0.0176163 0.0880994 -0.000401208 0.000975087 0.00034164 -0.000401208 0.0107439 -0.0192522 -0.000390052 0.000975087 -0.0192522 0.0920476 
0.00937377 -0.0176466 0.0003531 -0.000390236 -0.0176466 0.0881489 -0.000400284 0.000959599 0.0003531 -0.000400284 0.0107395 -0.0192107 -0.000390236 0.000959599 -0.0192107 0.0919704 
0.00933166 -0.0176343 0.000350401 -0.000391973 -0.0176343 0.088148 -0.000398382 0.000937704 0.000350401 -0.000398382 0.0107696 -0.0191993 -0.000391973 0.000937704 -0.0191993 0.0919027 
0.00931337 -0.017573 0.000324313 -0.000399406 -0.017573 0.0880365 -0.00040059 0.000952862 0.000324313 -0.00040059 0.0107871 -0.0192448 -0.000399406 0.000952862 -0.0192448 0.0919604 
0.00936466 -0.0175763 0.000315931 -0.000396062 -0.0175763 0.0880232 -0.000389434 0.000978557 0.000315931 -0.000389434 0.0107491 -0.0192565 -0.000396062 0.000978557 -0.0192565 0.0920032 
0.00938943 -0.0176376 0.000302323 -0.000386009 -0.0176376 0.0881151 -0.000379066 0.000963807 0.000302323 -0.000379066 0.0107345 -0.0192151 -0.000386009 0.000963807 -0.0192151 0.0919621 
0.0094357 -0.0176895 0.000298931 -0.00036095 -0.0176895 0.0882779 -0.000358897 0.000916341 0.000298931 -0.000358897 0.0107203 -0.019191 -0.00036095 0.000916341 -0.019191 0.0918918 
0.0094775 -0.0177598 0.000320928 -0.000384218 -0.0177598 0.0884607 -0.000389788 0.000970753 0.000320928 -0.000389788 0.0106892 -0.0191492 -0.000384218 0.000970753 -0.0191492 0.0917683 
0.00947375 -0.0177818 0.000307112 -0.000370938 -0.0177818 0.0885333 -0.000378631 0.000934569 0.000307112 -0.000378631 0.0106801 -0.0191395 -0.000370938 0.000934569 -0.0191395 0.0917375 
0.00946659 -0.0177707 0.000282601 -0.00033445 -0.0177707 0.0885384 -0.000338404 0.000836896 0.000282601 -0.000338404 0.010699 -0.0191478 -0.00033445 0.000836896 -0.0191478 0.0917667 
0.00943006 -0.0177524 0.000275648 -0.000301333 -0.0177524 0.0884873 -0.00030031 0.000731509 0.000275648 -0.00030031 0.0107215 -0.0191625 -0.000301333 0.000731509 -0.0191625 0.0917872 
0.00939265 -0.0177339 0.000294472 -0.000334328 -0.0177339 0.088468 -0.000335376 0.000787116 0.000294472 -0.000335376 0.0107538 -0.0191668 -0.000334328 0.000787116 -0.0191668 0.0917824 
0.0093707 -0.0176765 0.000300571 -0.000359625 -0.0176765 0.0883521 -0.000363324 0.000864861 0.000300571 -0.000363324 0.0107911 -0.0192192 -0.000359625 0.000864861 -0.0192192 0.091881 
0.0093491 -0.0176491 0.000288008 -0.000364479 -0.0176491 0.088256 -0.000366585 0.000894887 0.000288008 -0.000366585 0.0108303 -0.0192658 -0.000364479 0.000894887 -0.0192658 0.0919993 
0.00936274 -0.0176083 0.00028241 -0.000346282 -0.0176083 0.0881375 -0.000344209 0.000868217 0.00028241 -0.000344209 0.0108094 -0.0193224 -0.000346282 0.000868217 -0.0193224 0.0921422 
0.00939345 -0.0176275 0.000274958 -0.000348992 -0.0176275 0.088123 -0.000345978 0.000863014 0.000274958 -0.000345978 0.010752 -0.019297 -0.000348992 0.000863014 -0.019297 0.092164 
0.00938051 -0.01766 0.000263572 -0.000308776 -0.01766 0.0881768 -0.000306784 0.00076779 0.000263572 -0.000306784 0.0107567 -0.0192376 -0.000308776 0.00076779 -0.0192376 0.0920822 
0.00936922 -0.0176399 0.000261705 -0.000320719 -0.0176399 0.08816 -0.00031921 0.000768882 0.000261705 -0.00031921 0.0107371 -0.0192259 -0.000320719 0.000768882 -0.0192259 0.091997 
0.00936508 -0.0176433 0.000287333 -0.00034158 -0.0176433 0.0881719 -0.0003414 0.000835213 0.000287333 -0.0003414 0.0107259 -0.0191815 -0.00034158 0.000835213 -0.0191815 0.0918811 
0.00938257 -0.0176386 0.00027588 -0.000337914 -0.0176386 0.0881722 -0.000340992 0.000821969 0.00027588 -0.000340992 0.0106975 -0.0191649 -0.000337914 0.000821969 -0.0191649 0.0917977 
0.00940625 -0.0176627 0.000268325 -0.000330605 -0.0176627 0.0882121 -0.00033538 0.000816773 0.000268325 -0.00033538 0.0106648 -0.0191214 -0.000330605 0.000816773 -0.0191214 0.0916877 
0.00938736 -0.0176973 0.00027638 -0.000327466 -0.0176973 0.0882996 -0.000333153 0.000818833 0.00027638 -0.000333153 0.0106977 -0.0190881 -0.000327466 0.000818833 -0.0190881 0.0915988 
