0.00739126 0 0.000413187 0 0 0.01 0 0 0.000413187 0 0.00738794 0 0 0 0 0.01 
0.0104016 -0.012928 0.000492432 -0.000604345 -0.012928 0.0339631 -0.000604345 0.00115886 0.000492432 -0.000604345 0.0104266 -0.0129379 -0.000604345 0.00115886 -0.0129379 0.0339816 
0.0103931 -0.0195631 0.000402964 -0.000640552 -0.0195631 0.0717886 -0.000640552 0.00202471 0.000402964 -0.000640552 0.010548 -0.0196094 -0.000640552 0.00202471 -0.0196094 0.0718041 
0.00977513 -0.0192668 0.000384805 -0.000482989 -0.0192668 0.0862575 -0.000488337 0.00160826 0.000384805 -0.000488337 0.00990961 -0.0190671 -0.000482989 0.00160826 -0.0190671 0.085052 
0.00970296 -0.0184038 0.000398769 -0.000441868 -0.0184038 0.0887785 -0.000453025 0.0011468 0.000398769 -0.000453025 0.00984724 -0.0183709 -0.000441868 0.0011468 -0.0183709 0.0881529 
0.00986883 -0.0182435 0.000427094 -0.000476871 -0.0182435 0.0892931 -0.000485518 0.00109089 0.000427094 -0.000485518 0.00997876 -0.0182481 -0.000476871 0.00109089 -0.0182481 0.0891108 
0.00999021 -0.0183221 0.000456212 -0.000508324 -0.0183221 0.0896448 -0.000508689 0.00116134 0.000456212 -0.000508689 0.0100841 -0.0183488 -0.000508324 0.00116134 -0.0183488 0.0896351 
0.0100482 -0.0183973 0.000453773 -0.000536533 -0.0183973 0.0899033 -0.00053458 0.00124829 0.000453773 -0.00053458 0.0101463 -0.0184331 -0.000536533 0.00124829 -0.0184331 0.0899277 
0.0100744 -0.018465 0.000437238 -0.000544661 -0.018465 0.0900931 -0.00054578 0.0013209 0.000437238 -0.00054578 0.0101446 -0.0184307 -0.000544661 0.0013209 -0.0184307 0.0899259 
0.0100619 -0.0184844 0.000448967 -0.00052358 -0.0184844 0.0901629 -0.000527532 0.00131239 0.000448967 -0.000527532 0.0101068 -0.0184103 -0.00052358 0.00131239 -0.0184103 0.0898474 
0.0100228 -0.0184384 0.000414855 -0.00051726 -0.0184384 0.090083 -0.000521368 0.00126635 0.000414855 -0.000521368 0.0101147 -0.0184284 -0.00051726 0.00126635 -0.0184284 0.0899169 
0.0100205 -0.0184171 0.000393514 -0.000481888 -0.0184171 0.0900509 -0.000486409 0.0012046 0.000393514 -0.000486409 0.0101073 -0.0184269 -0.000481888 0.0012046 -0.0184269 0.0899304 
0.010039 -0.0184318 0.000379247 -0.00046395 -0.0184318 0.0900893 -0.000466007 0.00115214 0.000379247 -0.000466007 0.0101079 -0.0184124 -0.00046395 0.00115214 -0.0184124 0.0899098 
0.0100374 -0.0184581 0.000364904 -0.000443731 -0.0184581 0.0901452 -0.00044161 0.00109149 0.000364904 -0.00044161 0.0100868 -0.0183926 -0.000443731 0.00109149 -0.0183926 0.0898408 
0.0100431 -0.0184505 0.000335859 -0.000417624 -0.0184505 0.0901734 -0.000413608 0.00101605 0.000335859 -0.000413608 0.0101219 -0.0184078 -0.000417624 0.00101605 -0.0184078 0.0898914 
0.010084 -0.0184839 0.000290688 -0.000402053 -0.0184839 0.0902544 -0.000395368 0.000981829 0.000290688 -0.000395368 0.0101258 -0.0184126 -0.000402053 0.000981829 -0.0184126 0.0898745 
0.0100993 -0.0185198 0.00027475 -0.000358001 -0.0185198 0.0903282 -0.000349215 0.000911353 0.00027475 -0.000349215 0.0101388 -0.0184385 -0.000358001 0.000911353 -0.0184385 0.089934 
0.0100821 -0.0185423 0.000297247 -0.000332118 -0.0185423 0.0903907 -0.000325508 0.000829828 0.000297247 -0.000325508 0.0101282 -0.0184346 -0.000332118 0.000829828 -0.0184346 0.0899301 
0.0100669 -0.0185117 0.000310735 -0.000358182 -0.0185117 0.0903614 -0.000357431 0.000848752 0.000310735 -0.000357431 0.0101275 -0.0184483 -0.000358182 0.000848752 -0.0184483 0.0899862 
0.0100571 -0.0184743 0.000320001 -0.000368248 -0.0184743 0.0902642 -0.000369589 0.000877414 0.000320001 -0.000369589 0.0101279 -0.0184702 -0.000368248 0.000877414 -0.0184702 0.0900694 
0.0100508 -0.0184688 0.000342574 -0.000382258 -0.0184688 0.0902144 -0.000386679 0.000918495 0.000342574 -0.000386679 0.0101083 -0.0184517 -0.000382258 0.000918495 -0.0184517 0.0900549 
0.0100303 -0.018485 0.000367392 -0.000424555 -0.018485 0.0902407 -0.000431555 0.00102205 0.000367392 -0.000431555 0.0100731 -0.0183804 -0.000424555 0.00102205 -0.0183804 0.0898817 
0.0100069 -0.0184428 0.000394938 -0.000446643 -0.0184428 0.0901729 -0.000452539 0.00109141 0.000394938 -0.000452539 0.010054 -0.0183526 -0.000446643 0.00109141 -0.0183526 0.0897795 
0.00999516 -0.018427 0.000406159 -0.000494171 -0.018427 0.0901229 -0.00049676 0.00120153 0.000406159 -0.00049676 0.0100142 -0.0182941 -0.000494171 0.00120153 -0.0182941 0.0896097 
0.0099965 -0.0183639 0.000372631 -0.000487097 -0.0183639 0.0899641 -0.000486496 0.00121006 0.000372631 -0.000486496 0.0100106 -0.0183121 -0.000487097 0.00121006 -0.0183121 0.0896449 
0.0100096 -0.0183355 0.000300855 -0.000437123 -0.0183355 0.0898162 -0.000437097 0.0011206 0.000300855 -0.000437097 0.0100042 -0.0183322 -0.000437123 0.0011206 -0.0183322 0.0897206 
0.010008 -0.0183581 0.000276458 -0.000351165 -0.0183581 0.0898064 -0.000351033 0.000944637 0.000276458 -0.000351033 0.0100214 -0.0183144 -0.000351165 0.000944637 -0.0183144 0.0897084 
0.00999182 -0.0183619 0.000275729 -0.000320534 -0.0183619 0.0898268 -0.00031858 0.00081347 0.000275729 -0.00031858 0.0100443 -0.0183311 -0.000320534 0.00081347 -0.0183311 0.0897172 
0.00998861 -0.0183515 0.000313679 -0.000338981 -0.0183515 0.0898336 -0.000333911 0.000818029 0.000313679 -0.000333911 0.0100577 -0.0183625 -0.000338981 0.000818029 -0.0183625 0.0897822 
0.0100195 -0.0183838 0.000351744 -0.000400473 -0.0183838 0.0899266 -0.000393972 0.000938526 0.000351744 -0.000393972 0.0100386 -0.0183426 -0.000400473 0.000938526 -0.0183426 0.0897402 
0.0100373 -0.0184315 0.000369416 -0.000448066 -0.0184315 0.0900441 -0.000444475 0.00107566 0.000369416 -0.000444475 0.0100028 -0.0182983 -0.000448066 0.00107566 -0.0182983 0.0896281 
0.0100273 -0.0184643 0.000375379 -0.000453227 -0.0184643 0.0901583 -0.000454143 0.00112359 0.000375379 -0.000454143 0.00998353 -0.0182442 -0.000453227 0.00112359 -0.0182442 0.0894838 
0.0100072 -0.0184552 0.000361413 -0.000450583 -0.0184552 0.0901918 -0.000452346 0.00112088 0.000361413 -0.000452346 0.00996635 -0.0182089 -0.000450583 0.00112088 -0.0182089 0.089353 
0.00996873 -0.0184162 0.000363515 -0.0004265 -0.0184162 0.0901225 -0.000425709 0.00106576 0.000363515 -0.000425709 0.00995886 -0.0181962 -0.0004265 0.00106576 -0.0181962 0.0892928 
0.00994966 -0.0183341 0.000324028 -0.000410182 -0.0183341 0.0899359 -0.000409336 0.000993338 0.000324028 -0.000409336 0.00996181 -0.0182352 -0.000410182 0.000993338 -0.0182352 0.0893894 
0.00995743 -0.0182882 0.000298165 -0.000376064 -0.0182882 0.0897572 -0.00037645 0.000935088 0.000298165 -0.00037645 0.00996669 -0.0182617 -0.000376064 0.000935088 -0.0182617 0.0895054 
0.00997027 -0.0182689 0.00028158 -0.000348043 -0.0182689 0.0896208 -0.000346515 0.000865598 0.00028158 -0.000346515 0.00996919 -0.0182865 -0.000348043 0.000865598 -0.0182865 0.0896062 
0.00996431 -0.018299 0.000311105 -0.000332985 -0.018299 0.0896329 -0.000333814 0.000822926 0.000311105 -0.000333814 0.00996337 -0.0182692 -0.000332985 0.000822926 -0.0182692 0.0895942 
0.00992552 -0.0183046 0.000344952 -0.000370542 -0.0183046 0.0896671 -0.000375869 0.000873829 0.000344952 -0.000375869 0.00995747 -0.0182399 -0.000370542 0.000873829 -0.0182399 0.0895116 
0.00991232 -0.0182942 0.000381467 -0.000409066 -0.0182942 0.0897121 -0.000416377 0.00096431 0.000381467 -0.000416377 0.0099456 -0.0181998 -0.000409066 0.00096431 -0.0181998 0.089383 
0.00990935 -0.0182747 0.000393689 -0.000457442 -0.0182747 0.0896962 -0.000462051 0.00107932 0.000393689 -0.000462051 0.00994663 -0.0181918 -0.000457442 0.00107932 -0.0181918 0.0893261 
0.00993109 -0.018247 0.000391927 -0.000473723 -0.018247 0.0896162 -0.000473955 0.00114706 0.000391927 -0.000473955 0.00994303 -0.0182167 -0.000473723 0.00114706 -0.0182167 0.0893715 
0.00992697 -0.0182428 0.000396288 -0.000460653 -0.0182428 0.0895385 -0.000459346 0.00113156 0.000396288 -0.000459346 0.00995094 -0.0182399 -0.000460653 0.00113156 -0.0182399 0.0894578 
0.00993576 -0.0182663 0.000406348 -0.000476509 -0.0182663 0.0895921 -0.000473572 0.00115704 0.000406348 -0.000473572 0.00996213 -0.0182365 -0.000476509 0.00115704 -0.0182365 0.0894765 
0.00992557 -0.0182735 0.000448963 -0.000503849 -0.0182735 0.0896156 -0.000495114 0.0012228 0.000448963 -0.000495114 0.00997902 -0.0182465 -0.000503849 0.0012228 -0.0182465 0.08949 
0.0099256 -0.0182997 0.000481055 -0.000559841 -0.0182997 0.0897123 -0.000547124 0.00133597 0.000481055 -0.000547124 0.00998914 -0.0182344 -0.000559841 0.00133597 -0.0182344 0.0894437 
0.00992989 -0.018271 0.000478499 -0.000586054 -0.018271 0.0896754 -0.000574042 0.00141344 0.000478499 -0.000574042 0.00999407 -0.0182823 -0.000586054 0.00141344 -0.0182823 0.0895365 
0.0099324 -0.0182706 0.000416344 -0.000556974 -0.0182706 0.0896448 -0.000551854 0.00137374 0.000416344 -0.000551854 0.00998457 -0.01829 -0.000556974 0.00137374 -0.01829 0.0895914 
0.00993753 -0.0182362 0.000366507 -0.000480321 -0.0182362 0.0895452 -0.000481043 0.00124008 0.000366507 -0.000481043 0.00999091 -0.0183207 -0.000480321 0.00124008 -0.0183207 0.0897024 
0.00993542 -0.0182387 0.000332003 -0.000412661 -0.0182387 0.0894974 -0.000420284 0.0010701 0.000332003 -0.000420284 0.00998654 -0.0183225 -0.000412661 0.0010701 -0.0183225 0.0897365 
0.00993258 -0.0182592 0.000303557 -0.000379855 -0.0182592 0.0895445 -0.000391331 0.000967553 0.000303557 -0.000391331 0.00997497 -0.0182914 -0.000379855 0.000967553 -0.0182914 0.0896676 
0.00994432 -0.0182779 0.000356326 -0.000352577 -0.0182779 0.0896263 -0.000363524 0.000897537 0.000356326 -0.000363524 0.00998181 -0.0182632 -0.000352577 0.000897537 -0.0182632 0.0895785 
0.00995405 -0.0183068 0.000370095 -0.000398419 -0.0183068 0.0897052 -0.000406322 0.000909478 0.000370095 -0.000406322 0.00996606 -0.0182313 -0.000398419 0.000909478 -0.0182313 0.0894424 
0.00996053 -0.0183162 0.000367646 -0.000425376 -0.0183162 0.0897638 -0.000431896 0.00098876 0.000367646 -0.000431896 0.00999664 -0.0182427 -0.000425376 0.00098876 -0.0182427 0.0894479 
0.00996593 -0.0183602 0.000358383 -0.000449208 -0.0183602 0.0898812 -0.000453373 0.00108523 0.000358383 -0.000453373 0.00998655 -0.0182225 -0.000449208 0.00108523 -0.0182225 0.0893547 
0.00995699 -0.0183671 0.000340736 -0.000433933 -0.0183671 0.0899344 -0.000431408 0.00107853 0.000340736 -0.000431408 0.00996135 -0.0182058 -0.000433933 0.00107853 -0.0182058 0.0892902 
0.00992925 -0.0183212 0.000330715 -0.000417251 -0.0183212 0.0898356 -0.0004113 0.00104461 0.000330715 -0.0004113 0.00995068 -0.0182014 -0.000417251 0.00104461 -0.0182014 0.0892911 
0.00991617 -0.0182684 0.000331261 -0.000409174 -0.0182684 0.0896889 -0.00040663 0.0010282 0.000331261 -0.00040663 0.00994677 -0.0182066 -0.000409174 0.0010282 -0.0182066 0.0893207 
0.00992371 -0.018251 0.000307696 -0.000394496 -0.018251 0.0895999 -0.000392647 0.000982167 0.000307696 -0.000392647 0.00993416 -0.0182021 -0.000394496 0.000982167 -0.0182021 0.0893273 
0.00991984 -0.0182642 0.000294982 -0.000367321 -0.0182642 0.0895865 -0.000364393 0.000921963 0.000294982 -0.000364393 0.00990888 -0.0181685 -0.000367321 0.000921963 -0.0181685 0.0892534 
0.00991635 -0.0182369 0.000288662 -0.000360624 -0.0182369 0.0895306 -0.000353945 0.000892387 0.000288662 -0.000353945 0.0099003 -0.0181725 -0.000360624 0.000892387 -0.0181725 0.0892682 
0.00991324 -0.0182311 0.00030614 -0.000339064 -0.0182311 0.0894991 -0.000329871 0.000827861 0.00030614 -0.000329871 0.00991026 -0.0181698 -0.000339064 0.000827861 -0.0181698 0.0892815 
0.00991169 -0.0182156 0.000293967 -0.000366231 -0.0182156 0.0894483 -0.000359674 0.000854975 0.000293967 -0.000359674 0.00990373 -0.0181847 -0.000366231 0.000854975 -0.0181847 0.089309 
0.00990507 -0.0182306 0.000307564 -0.000359166 -0.0182306 0.0894726 -0.000359959 0.000884066 0.000307564 -0.000359959 0.0099066 -0.0181575 -0.000359166 0.000884066 -0.0181575 0.0892584 
0.0098962 -0.0182334 0.000314231 -0.000362439 -0.0182334 0.0895052 -0.00036916 0.000887695 0.000314231 -0.00036916 0.00989857 -0.0181516 -0.000362439 0.000887695 -0.0181516 0.0892134 
0.00990083 -0.0182413 0.000339874 -0.000384565 -0.0182413 0.0895524 -0.000390452 0.000942635 0.000339874 -0.000390452 0.00989476 -0.0181293 -0.000384565 0.000942635 -0.0181293 0.0891572 
0.00991793 -0.0182318 0.000302468 -0.000421432 -0.0182318 0.0895406 -0.000421951 0.00102422 0.000302468 -0.000421951 0.00989619 -0.018144 -0.000421432 0.00102422 -0.018144 0.0891781 
0.00992163 -0.0182318 0.000251037 -0.000365081 -0.0182318 0.0895041 -0.000362611 0.000955469 0.000251037 -0.000362611 0.00989228 -0.0181596 -0.000365081 0.000955469 -0.0181596 0.0892272 
0.00989524 -0.0182237 0.000192821 -0.000286569 -0.0182237 0.0894633 -0.000286661 0.000776727 0.000192821 -0.000286661 0.00988797 -0.0181631 -0.000286569 0.000776727 -0.0181631 0.0892601 
0.00987981 -0.0182026 0.000161514 -0.00021025 -0.0182026 0.0894364 -0.000215295 0.000583762 0.000161514 -0.000215295 0.00988461 -0.0181514 -0.00021025 0.000583762 -0.0181514 0.0892458 
0.00988243 -0.0181952 0.000184617 -0.000186294 -0.0181952 0.0894272 -0.000192819 0.000488247 0.000184617 -0.000192819 0.00989201 -0.0181355 -0.000186294 0.000488247 -0.0181355 0.089202 
0.00987452 -0.0181874 0.000214343 -0.00021954 -0.0181874 0.0893963 -0.0002259 0.000513412 0.000214343 -0.0002259 0.00990007 -0.0181486 -0.00021954 0.000513412 -0.0181486 0.0892058 
0.00987881 -0.0182018 0.000253171 -0.000270139 -0.0182018 0.0894376 -0.000276068 0.000630766 0.000253171 -0.000276068 0.00991684 -0.018136 -0.000270139 0.000630766 -0.018136 0.0891651 
0.00989082 -0.0182178 0.000283626 -0.000318734 -0.0182178 0.089485 -0.00032472 0.000757799 0.000283626 -0.00032472 0.00990147 -0.0181345 -0.000318734 0.000757799 -0.0181345 0.0891164 
0.0099246 -0.0182233 0.000285076 -0.000354768 -0.0182233 0.0895072 -0.000358722 0.000862937 0.000285076 -0.000358722 0.00991365 -0.0181436 -0.000354768 0.000862937 -0.0181436 0.089153 
0.0099585 -0.0182792 0.000278983 -0.000358791 -0.0182792 0.089616 -0.000359734 0.00090805 0.000278983 -0.000359734 0.00992123 -0.018149 -0.000358791 0.00090805 -0.018149 0.0891624 
0.00998409 -0.0183366 0.00030499 -0.000335014 -0.0183366 0.0897716 -0.000331299 0.000855385 0.00030499 -0.000331299 0.00993016 -0.0181549 -0.000335014 0.000855385 -0.0181549 0.0891742 
0.00997932 -0.0183584 0.00031793 -0.000368003 -0.0183584 0.0898552 -0.000364625 0.00088446 0.00031793 -0.000364625 0.00993174 -0.0181818 -0.000368003 0.00088446 -0.0181818 0.0892393 
0.00996779 -0.0183541 0.0003342 -0.000399704 -0.0183541 0.0898821 -0.000398051 0.000974572 0.0003342 -0.000398051 0.00993335 -0.0181903 -0.000399704 0.000974572 -0.0181903 0.089295 
0.00995387 -0.0183256 0.000343791 -0.000410211 -0.0183256 0.0898267 -0.000412711 0.00101992 0.000343791 -0.000412711 0.00995257 -0.018207 -0.000410211 0.00101992 -0.018207 0.0893603 
0.00993991 -0.0182793 0.000357388 -0.000417139 -0.0182793 0.0896888 -0.000419525 0.0010405 0.000357388 -0.000419525 0.00997039 -0.0182447 -0.000417139 0.0010405 -0.0182447 0.0894535 
0.0099434 -0.0182684 0.00035023 -0.000425648 -0.0182684 0.0896193 -0.000423995 0.00104305 0.00035023 -0.000423995 0.00997592 -0.0182612 -0.000425648 0.00104305 -0.0182612 0.0895147 
0.00994779 -0.0182803 0.000358149 -0.000402278 -0.0182803 0.0896264 -0.00039664 0.000984479 0.000358149 -0.00039664 0.00998967 -0.018266 -0.000402278 0.000984479 -0.018266 0.0895377 
0.00995568 -0.0183192 0.000368621 -0.000417229 -0.0183192 0.0897242 -0.000416285 0.00099158 0.000368621 -0.000416285 0.00996698 -0.018237 -0.000417229 0.00099158 -0.018237 0.0894461 
0.00994666 -0.0183276 0.000393578 -0.000448912 -0.0183276 0.0897848 -0.000450751 0.00107697 0.000393578 -0.000450751 0.00997635 -0.018222 -0.000448912 0.00107697 -0.018222 0.0894012 
0.00991569 -0.0182816 0.000378332 -0.000462745 -0.0182816 0.0896975 -0.000458154 0.00110389 0.000378332 -0.000458154 0.00999444 -0.0182722 -0.000462745 0.00110389 -0.0182722 0.0895016 
0.00991387 -0.0182716 0.000388703 -0.000465558 -0.0182716 0.0896659 -0.000456772 0.00113764 0.000388703 -0.000456772 0.00997909 -0.0182516 -0.000465558 0.00113764 -0.0182516 0.089469 
0.00992714 -0.0182705 0.00040944 -0.000483599 -0.0182705 0.0896606 -0.000475169 0.00118419 0.00040944 -0.000475169 0.00997148 -0.0182427 -0.000483599 0.00118419 -0.0182427 0.0894546 
0.00994118 -0.0182877 0.000391241 -0.000499748 -0.0182877 0.0896767 -0.000495978 0.00122452 0.000391241 -0.000495978 0.00993931 -0.0182206 -0.000499748 0.00122452 -0.0182206 0.0893999 
0.00992394 -0.0182614 0.000386756 -0.000468337 -0.0182614 0.0895991 -0.000468176 0.00118733 0.000386756 -0.000468176 0.0099477 -0.0182277 -0.000468337 0.00118733 -0.0182277 0.0894409 
0.00992824 -0.0182427 0.000405735 -0.00046987 -0.0182427 0.0895406 -0.00046982 0.00117583 0.000405735 -0.00046982 0.00995387 -0.0182357 -0.00046987 0.00117583 -0.0182357 0.089468 
0.00991734 -0.0182269 0.000429136 -0.000481057 -0.0182269 0.0894543 -0.000481831 0.00117774 0.000429136 -0.000481831 0.00993222 -0.0182451 -0.000481057 0.00117774 -0.0182451 0.0894933 
0.00990288 -0.0182134 0.000436934 -0.000499118 -0.0182134 0.089414 -0.000501792 0.00119921 0.000436934 -0.000501792 0.00993268 -0.0182319 -0.000499118 0.00119921 -0.0182319 0.0894997 
0.00990676 -0.0182055 0.000440013 -0.000519633 -0.0182055 0.0894032 -0.000523819 0.00125838 0.000440013 -0.000523819 0.00992044 -0.018214 -0.000519633 0.00125838 -0.018214 0.0894411 
0.00993682 -0.0182198 0.000393941 -0.000514181 -0.0182198 0.0894426 -0.000518648 0.00126206 0.000393941 -0.000518648 0.00991437 -0.0182039 -0.000514181 0.00126206 -0.0182039 0.0894095 
0.00995827 -0.0182711 0.000362119 -0.000459101 -0.0182711 0.0895623 -0.000460031 0.00117238 0.000362119 -0.000460031 0.00994316 -0.0181936 -0.000459101 0.00117238 -0.0181936 0.089375 
0.00996425 -0.0183349 0.000375944 -0.000436616 -0.0183349 0.0897547 -0.00043287 0.00110287 0.000375944 -0.00043287 0.00996841 -0.018185 -0.000436616 0.00110287 -0.018185 0.0892933 
0.00994217 -0.0183457 0.000400107 -0.000450642 -0.0183457 0.0898537 -0.000442251 0.00108773 0.000400107 -0.000442251 0.00998742 -0.0182178 -0.000450642 0.00108773 -0.0182178 0.0893169 
0.00994719 -0.0183147 0.000428792 -0.000488709 -0.0183147 0.0898359 -0.000481609 0.00116234 0.000428792 -0.000481609 0.00999415 -0.0182641 -0.000488709 0.00116234 -0.0182641 0.0894421 
0.00996363 -0.0183053 0.000434218 -0.000499602 -0.0183053 0.0897909 -0.000497518 0.00119092 0.000434218 -0.000497518 0.00999265 -0.0182986 -0.000499602 0.00119092 -0.0182986 0.0895794 
0.00997454 -0.0183267 0.000407762 -0.000500605 -0.0183267 0.0898057 -0.000504231 0.00120267 0.000407762 -0.000504231 0.00999283 -0.0182925 -0.000500605 0.00120267 -0.0182925 0.0896172 
0.0100091 -0.0183778 0.000407157 -0.00049987 -0.0183778 0.0899302 -0.000504885 0.00124509 0.000407157 -0.000504885 0.00994685 -0.0182378 -0.00049987 0.00124509 -0.0182378 0.0894785 
0.0100082 -0.0184032 0.000422038 -0.000486314 -0.0184032 0.0900049 -0.000488131 0.00121538 0.000422038 -0.000488131 0.00995118 -0.0182069 -0.000486314 0.00121538 -0.0182069 0.0894043 
0.00998408 -0.0183819 0.000421524 -0.000491233 -0.0183819 0.0899787 -0.000485728 0.00118403 0.000421524 -0.000485728 0.00998528 -0.0182327 -0.000491233 0.00118403 -0.0182327 0.0894311 
0.0099659 -0.018332 0.000435161 -0.000494493 -0.018332 0.0898641 -0.00048613 0.00118493 0.000435161 -0.00048613 0.0100182 -0.0183054 -0.000494493 0.00118493 -0.0183054 0.0895989 
0.0099367 -0.0182712 0.000432235 -0.000496858 -0.0182712 0.0896773 -0.000492577 0.00117691 0.000432235 -0.000492577 0.0100623 -0.018389 -0.000496858 0.00117691 -0.018389 0.0898467 
0.00994441 -0.0182974 0.000415092 -0.000508148 -0.0182974 0.0897066 -0.000506819 0.00121509 0.000415092 -0.000506819 0.0100448 -0.0183696 -0.000508148 0.00121509 -0.0183696 0.0898361 
0.00995839 -0.0183518 0.000422733 -0.000495258 -0.0183518 0.0898602 -0.000498223 0.00122359 0.000422733 -0.000498223 0.0100136 -0.0182974 -0.000495258 0.00122359 -0.0182974 0.0896571 
0.0099427 -0.0183373 0.000442469 -0.000492953 -0.0183373 0.089865 -0.000499754 0.00120884 0.000442469 -0.000499754 0.01001 -0.0182869 -0.000492953 0.00120884 -0.0182869 0.0895914 
0.00993049 -0.0183181 0.000454732 -0.000505489 -0.0183181 0.0898269 -0.000511216 0.00120696 0.000454732 -0.000511216 0.0100078 -0.0182786 -0.000505489 0.00120696 -0.0182786 0.0895554 
0.00993119 -0.0182624 0.000461222 -0.000524957 -0.0182624 0.0896838 -0.000522545 0.00123519 0.000461222 -0.000522545 0.0100245 -0.018332 -0.000524957 0.00123519 -0.018332 0.0896907 
0.00995483 -0.0182728 0.0004557 -0.000551337 -0.0182728 0.0896392 -0.000543073 0.00130199 0.0004557 -0.000543073 0.0100004 -0.0183237 -0.000551337 0.00130199 -0.0183237 0.0897001 
0.00995965 -0.0183145 0.000463845 -0.00054947 -0.0183145 0.089706 -0.000543904 0.00133269 0.000463845 -0.000543904 0.0099747 -0.0182729 -0.00054947 0.00133269 -0.0182729 0.0895938 
0.00993845 -0.0182888 0.000451129 -0.000542577 -0.0182888 0.0896647 -0.000536018 0.0013077 0.000451129 -0.000536018 0.00996797 -0.0182702 -0.000542577 0.0013077 -0.0182702 0.089569 
0.00992604 -0.0182463 0.000449444 -0.000536305 -0.0182463 0.0895671 -0.000524979 0.00129673 0.000449444 -0.000524979 0.00998318 -0.0182858 -0.000536305 0.00129673 -0.0182858 0.0896108 
0.00994863 -0.0182792 0.000441379 -0.000531755 -0.0182792 0.0896251 -0.00052416 0.00128553 0.000441379 -0.00052416 0.00996414 -0.018242 -0.000531755 0.00128553 -0.018242 0.0894888 
0.00994896 -0.0183022 0.000409559 -0.000519397 -0.0183022 0.0896878 -0.00052001 0.00127235 0.000409559 -0.00052001 0.00995766 -0.0182239 -0.000519397 0.00127235 -0.0182239 0.0894128 
0.00992997 -0.0183152 0.000368476 -0.000483205 -0.0183152 0.0897419 -0.000492843 0.00122628 0.000368476 -0.000492843 0.00993679 -0.0181907 -0.000483205 0.00122628 -0.0181907 0.0893031 
0.00990424 -0.0182706 0.0003277 -0.000427147 -0.0182706 0.0896708 -0.000436812 0.00110819 0.0003277 -0.000436812 0.00992873 -0.0181867 -0.000427147 0.00110819 -0.0181867 0.0892815 
0.00990984 -0.0182509 0.000346385 -0.000386487 -0.0182509 0.0896149 -0.000395823 0.00100493 0.000346385 -0.000395823 0.00991112 -0.0181631 -0.000386487 0.00100493 -0.0181631 0.0892315 
0.00990263 -0.0182536 0.000381428 -0.000397457 -0.0182536 0.0895911 -0.000405224 0.000963299 0.000381428 -0.000405224 0.00990507 -0.0181385 -0.000397457 0.000963299 -0.0181385 0.0891659 
0.00987645 -0.0182045 0.000424069 -0.000443721 -0.0182045 0.089468 -0.000446143 0.00102613 0.000424069 -0.000446143 0.00991885 -0.0181759 -0.000443721 0.00102613 -0.0181759 0.0892469 
0.00987723 -0.0181703 0.000414559 -0.000498302 -0.0181703 0.0893739 -0.000495242 0.00114187 0.000414559 -0.000495242 0.00994433 -0.0182124 -0.000498302 0.00114187 -0.0182124 0.0893661 
0.00989028 -0.0181777 0.000422363 -0.000491122 -0.0181777 0.089354 -0.000486236 0.00118412 0.000422363 -0.000486236 0.00995927 -0.0182352 -0.000491122 0.00118412 -0.0182352 0.089437 
0.00990633 -0.0181853 0.000422513 -0.000488595 -0.0181853 0.0893543 -0.000483739 0.00117106 0.000422513 -0.000483739 0.00998278 -0.0182734 -0.000488595 0.00117106 -0.0182734 0.0895468 
0.00992769 -0.018248 0.000445903 -0.000505691 -0.018248 0.0895022 -0.000504982 0.00121936 0.000445903 -0.000504982 0.00996804 -0.0182578 -0.000505691 0.00121936 -0.0182578 0.0895151 
0.00995491 -0.0182944 0.000482009 -0.0005234 -0.0182944 0.0896661 -0.000527766 0.00125897 0.000482009 -0.000527766 0.00997693 -0.0182337 -0.0005234 0.00125897 -0.0182337 0.0894604 
0.00998692 -0.0183566 0.000481587 -0.000571501 -0.0183566 0.089855 -0.000578731 0.00135996 0.000481587 -0.000578731 0.009977 -0.0182151 -0.000571501 0.00135996 -0.0182151 0.0893708 
0.00998258 -0.018382 0.000515956 -0.000580801 -0.018382 0.0899541 -0.000582118 0.00142334 0.000515956 -0.000582118 0.00999724 -0.0182374 -0.000580801 0.00142334 -0.0182374 0.0893988 
0.00998325 -0.0183604 0.000536417 -0.000608379 -0.0183604 0.0899432 -0.000603668 0.00145591 0.000536417 -0.000603668 0.0100237 -0.0182999 -0.000608379 0.00145591 -0.0182999 0.0895592 
0.00998218 -0.0183242 0.000511369 -0.000628235 -0.0183242 0.0898298 -0.000626289 0.00150173 0.000511369 -0.000626289 0.0100409 -0.0183717 -0.000628235 0.00150173 -0.0183717 0.0897814 
0.00999039 -0.0183548 0.000535494 -0.000595906 -0.0183548 0.0898591 -0.000599659 0.0014744 0.000535494 -0.000599659 0.0100091 -0.0183496 -0.000595906 0.0014744 -0.0183496 0.0897888 
0.00998168 -0.018351 0.000552087 -0.00061694 -0.018351 0.0898616 -0.000624978 0.00148077 0.000552087 -0.000624978 0.0100063 -0.0183377 -0.00061694 0.00148077 -0.0183377 0.0897996 
0.00998194 -0.0183072 0.000554391 -0.000638442 -0.0183072 0.0897583 -0.000643846 0.00152366 0.000554391 -0.000643846 0.0100216 -0.0183646 -0.000638442 0.00152366 -0.0183646 0.0898724 
0.0100017 -0.0183645 0.000582314 -0.000661816 -0.0183645 0.0898538 -0.000661057 0.0015962 0.000582314 -0.000661057 0.0100084 -0.0183095 -0.000661816 0.0015962 -0.0183095 0.0897365 
0.00999334 -0.018366 0.000626643 -0.000695898 -0.018366 0.0898799 -0.000686716 0.0016634 0.000626643 -0.000686716 0.0100103 -0.0183154 -0.000695898 0.0016634 -0.0183154 0.0897034 
0.0100002 -0.0183901 0.000606835 -0.000735533 -0.0183901 0.089962 -0.000722882 0.00173047 0.000606835 -0.000722882 0.0099889 -0.0182777 -0.000735533 0.00173047 -0.0182777 0.0895909 
0.00998103 -0.0184003 0.000603335 -0.000727398 -0.0184003 0.0900061 -0.000716789 0.00177122 0.000603335 -0.000716789 0.0099578 -0.0182319 -0.000727398 0.00177122 -0.0182319 0.0894465 
0.00996127 -0.0183396 0.000596115 -0.000708559 -0.0183396 0.0899066 -0.00070258 0.00173872 0.000596115 -0.00070258 0.0099653 -0.0182586 -0.000708559 0.00173872 -0.0182586 0.0895064 
0.00996933 -0.0183201 0.000587431 -0.000692672 -0.0183201 0.0898281 -0.000693048 0.00169892 0.000587431 -0.000693048 0.00995915 -0.0182544 -0.000692672 0.00169892 -0.0182544 0.0895156 
0.00999707 -0.0183292 0.000578512 -0.000686754 -0.0183292 0.0898243 -0.000690887 0.00168614 0.000578512 -0.000690887 0.00999439 -0.0182713 -0.000686754 0.00168614 -0.0182713 0.089577 
0.010002 -0.0183323 0.000594134 -0.000667203 -0.0183323 0.089793 -0.00067235 0.00164248 0.000594134 -0.00067235 0.0100373 -0.0183427 -0.000667203 0.00164248 -0.0183427 0.0897369 
0.0100051 -0.0183809 0.000608119 -0.000673242 -0.0183809 0.0898999 -0.000678739 0.0016144 0.000608119 -0.000678739 0.0100426 -0.0183505 -0.000673242 0.0016144 -0.0183505 0.0897699 
0.00997009 -0.0183685 0.000621889 -0.000706633 -0.0183685 0.0899102 -0.00071188 0.0016818 0.000621889 -0.00071188 0.0100549 -0.0183697 -0.000706633 0.0016818 -0.0183697 0.0898194 
0.00994791 -0.0183452 0.00060719 -0.000726119 -0.0183452 0.089894 -0.00072651 0.00173638 0.00060719 -0.00072651 0.0100466 -0.0183669 -0.000726119 0.00173638 -0.0183669 0.0898203 
0.00995853 -0.018311 0.000587315 -0.000708383 -0.018311 0.089821 -0.000704719 0.00172352 0.000587315 -0.000704719 0.0100461 -0.018371 -0.000708383 0.00172352 -0.018371 0.0898472 
0.00998827 -0.0183219 0.000585896 -0.000688479 -0.0183219 0.08981 -0.000682085 0.00168288 0.000585896 -0.000682085 0.0100546 -0.0183799 -0.000688479 0.00168288 -0.0183799 0.0898774 
0.0100134 -0.0183619 0.000575175 -0.000679508 -0.0183619 0.0898728 -0.000672566 0.00164135 0.000575175 -0.000672566 0.010052 -0.0183783 -0.000679508 0.00164135 -0.0183783 0.0898674 
0.0100263 -0.0183852 0.000592242 -0.000661076 -0.0183852 0.0899323 -0.000657491 0.00159621 0.000592242 -0.000657491 0.0100569 -0.0183887 -0.000661076 0.00159621 -0.0183887 0.0898954 
0.010024 -0.018389 0.00065954 -0.00068858 -0.018389 0.0899477 -0.000687218 0.00163253 0.00065954 -0.000687218 0.0100671 -0.0184066 -0.00068858 0.00163253 -0.0184066 0.0899435 
