0.00757217 0 0.000520334 0 0 0.01 0 0 0.000520334 0 0.00701856 0 0 0 0 0.01 
0.0106232 -0.0131799 0.000607824 -0.000745112 -0.0131799 0.0344461 -0.000745112 0.00142909 0.000607824 -0.000745112 0.00995235 -0.0123713 -0.000745112 0.00142909 -0.0123713 0.0328952 
0.0106613 -0.0198286 0.000511174 -0.000802719 -0.0198286 0.0725028 -0.000802719 0.00253319 0.000511174 -0.000802719 0.0100405 -0.0188598 -0.000802719 0.00253319 -0.0188598 0.0695325 
0.0100745 -0.0192775 0.000506028 -0.000625719 -0.0192775 0.0858129 -0.000620891 0.00204608 0.000506028 -0.000620891 0.00947173 -0.0187544 -0.000625719 0.00204608 -0.0187544 0.0843008 
0.0100946 -0.0185815 0.00058012 -0.000603819 -0.0185815 0.0886799 -0.000605434 0.00154014 0.00058012 -0.000605434 0.00939486 -0.0180551 -0.000603819 0.00154014 -0.0180551 0.0877064 
0.0102662 -0.0185773 0.000641492 -0.000701203 -0.0185773 0.0897786 -0.000708337 0.00156345 0.000641492 -0.000708337 0.00952813 -0.0178505 -0.000701203 0.00156345 -0.0178505 0.0883738 
0.0103645 -0.018724 0.000637358 -0.000775354 -0.018724 0.0904929 -0.000779896 0.00177186 0.000637358 -0.000779896 0.00964936 -0.017895 -0.000775354 0.00177186 -0.017895 0.0886605 
0.0103973 -0.0187634 0.000637416 -0.000777611 -0.0187634 0.0907628 -0.000782258 0.00189276 0.000637416 -0.000782258 0.00969651 -0.0179721 -0.000777611 0.00189276 -0.0179721 0.0888464 
0.0104085 -0.0187995 0.000600053 -0.000737378 -0.0187995 0.0908799 -0.000746013 0.00183764 0.000600053 -0.000746013 0.00972762 -0.0179897 -0.000737378 0.00183764 -0.0179897 0.088913 
0.0103829 -0.0187524 0.000594009 -0.000733528 -0.0187524 0.0907689 -0.000739712 0.00184841 0.000594009 -0.000739712 0.00976795 -0.018065 -0.000733528 0.00184841 -0.018065 0.0890736 
0.0103684 -0.0187201 0.000594924 -0.00070804 -0.0187201 0.0906611 -0.000707187 0.001776 0.000594924 -0.000707187 0.009773 -0.0181219 -0.00070804 0.001776 -0.0181219 0.0892326 
0.0103812 -0.018712 0.000611874 -0.000706 -0.018712 0.0906138 -0.000700249 0.00173225 0.000611874 -0.000700249 0.00976384 -0.0181381 -0.000706 0.00173225 -0.0181381 0.0893405 
0.0103571 -0.018719 0.000613002 -0.000728886 -0.018719 0.0905993 -0.000720886 0.00174957 0.000613002 -0.000720886 0.00975327 -0.0181271 -0.000728886 0.00174957 -0.0181271 0.0893544 
0.0103338 -0.0187529 0.000557518 -0.000707841 -0.0187529 0.0907272 -0.000699479 0.00170456 0.000557518 -0.000699479 0.00974214 -0.0180619 -0.000707841 0.00170456 -0.0180619 0.0891994 
0.0102946 -0.0187007 0.00050066 -0.000653718 -0.0187007 0.0906751 -0.000645367 0.00161376 0.00050066 -0.000645367 0.00975167 -0.01808 -0.000653718 0.00161376 -0.01808 0.0892068 
0.0102865 -0.018638 0.000491241 -0.000585196 -0.018638 0.0905261 -0.000580491 0.00146874 0.000491241 -0.000580491 0.00974107 -0.0181017 -0.000585196 0.00146874 -0.0181017 0.0892691 
0.0102648 -0.0186122 0.000487526 -0.000574668 -0.0186122 0.0904075 -0.000573917 0.00139647 0.000487526 -0.000573917 0.00974696 -0.0181012 -0.000574668 0.00139647 -0.0181012 0.0893112 
0.0102607 -0.0185726 0.000525519 -0.00059826 -0.0185726 0.0902927 -0.000596736 0.0014479 0.000525519 -0.000596736 0.00972241 -0.0180982 -0.00059826 0.0014479 -0.0180982 0.0892945 
0.0102703 -0.0185985 0.00053223 -0.00062623 -0.0185985 0.0903216 -0.000627247 0.00150026 0.00053223 -0.000627247 0.00971057 -0.0180447 -0.00062623 0.00150026 -0.0180447 0.0891851 
0.0102861 -0.0186419 0.000553373 -0.000636718 -0.0186419 0.0904526 -0.000642516 0.00155383 0.000553373 -0.000642516 0.00971221 -0.0180069 -0.000636718 0.00155383 -0.0180069 0.0890491 
0.0102845 -0.0186483 0.000539529 -0.00066613 -0.0186483 0.0904992 -0.000675213 0.00162697 0.000539529 -0.000675213 0.00973527 -0.0180209 -0.00066613 0.00162697 -0.0180209 0.0890315 
0.0102838 -0.0186644 0.000517969 -0.000621489 -0.0186644 0.0905587 -0.000630107 0.00155494 0.000517969 -0.000630107 0.00975378 -0.0180352 -0.000621489 0.00155494 -0.0180352 0.0890361 
0.0102598 -0.0186357 0.000519628 -0.000611206 -0.0186357 0.0905021 -0.000618152 0.00151333 0.000519628 -0.000618152 0.00976053 -0.0180733 -0.000611206 0.00151333 -0.0180733 0.0891129 
0.0102234 -0.0186141 0.000488676 -0.000608252 -0.0186141 0.0904563 -0.00061159 0.00148404 0.000488676 -0.00061159 0.00977426 -0.0180905 -0.000608252 0.00148404 -0.0180905 0.0891923 
0.0102204 -0.0185781 0.000493737 -0.000568388 -0.0185781 0.0903861 -0.000571786 0.00141312 0.000493737 -0.000571786 0.00974867 -0.0180965 -0.000568388 0.00141312 -0.0180965 0.0892232 
0.0102307 -0.0185902 0.000489772 -0.000562388 -0.0185902 0.0903922 -0.000568518 0.00136063 0.000489772 -0.000568518 0.00974124 -0.0180544 -0.000562388 0.00136063 -0.0180544 0.0891644 
0.01022 -0.0186004 0.000488391 -0.000561792 -0.0186004 0.0904081 -0.000567304 0.00135075 0.000488391 -0.000567304 0.00974301 -0.0180346 -0.000561792 0.00135075 -0.0180346 0.0890871 
0.0102096 -0.0185681 0.00047248 -0.000556084 -0.0185681 0.0903395 -0.00055294 0.00132181 0.00047248 -0.00055294 0.00974294 -0.0180504 -0.000556084 0.00132181 -0.0180504 0.0891002 
0.0102038 -0.0185173 0.000466642 -0.000563682 -0.0185173 0.0901883 -0.0005526 0.00134215 0.000466642 -0.0005526 0.00972811 -0.0180826 -0.000563682 0.00134215 -0.0180826 0.089195 
0.0102136 -0.0185307 0.000473875 -0.000571096 -0.0185307 0.0901737 -0.000559454 0.00137881 0.000473875 -0.000559454 0.00972298 -0.0180416 -0.000571096 0.00137881 -0.0180416 0.0891439 
0.0102222 -0.0185199 0.000512478 -0.000598149 -0.0185199 0.090136 -0.000589952 0.00145941 0.000512478 -0.000589952 0.00972677 -0.0180467 -0.000598149 0.00145941 -0.0180467 0.089124 
0.0102381 -0.0185813 0.000490007 -0.000593274 -0.0185813 0.0902634 -0.000592986 0.00143689 0.000490007 -0.000592986 0.00970641 -0.0179926 -0.000593274 0.00143689 -0.0179926 0.0889656 
0.0102298 -0.0185699 0.000481762 -0.000577405 -0.0185699 0.090275 -0.000583469 0.0014274 0.000481762 -0.000583469 0.00973442 -0.01802 -0.000577405 0.0014274 -0.01802 0.0890084 
0.0102191 -0.0185626 0.000476299 -0.000573369 -0.0185626 0.0902614 -0.000579027 0.00141871 0.000476299 -0.000579027 0.00973966 -0.0180388 -0.000573369 0.00141871 -0.0180388 0.0890366 
0.0102111 -0.0185411 0.000487835 -0.000585059 -0.0185411 0.0902196 -0.000589985 0.00145241 0.000487835 -0.000589985 0.0097467 -0.0180627 -0.000585059 0.00145241 -0.0180627 0.0891082 
0.0101968 -0.0185518 0.000463985 -0.000578537 -0.0185518 0.09024 -0.000582866 0.00143279 0.000463985 -0.000582866 0.00975889 -0.0180616 -0.000578537 0.00143279 -0.0180616 0.0891316 
0.0101815 -0.0185204 0.00049052 -0.000558841 -0.0185204 0.0901856 -0.000565221 0.00140878 0.00049052 -0.000565221 0.00974391 -0.0180796 -0.000558841 0.00140878 -0.0180796 0.0891653 
0.0102241 -0.0185335 0.000538287 -0.000573461 -0.0185335 0.09022 -0.000578491 0.00139666 0.000538287 -0.000578491 0.00972416 -0.0180501 -0.000573461 0.00139666 -0.0180501 0.0891368 
0.010244 -0.0185585 0.000570755 -0.000640215 -0.0185585 0.0902435 -0.000641508 0.00150532 0.000570755 -0.000641508 0.00972012 -0.0180437 -0.000640215 0.00150532 -0.0180437 0.0891211 
0.0102663 -0.0186199 0.000562916 -0.000662527 -0.0186199 0.0903938 -0.000662349 0.00157334 0.000562916 -0.000662349 0.00971516 -0.0180093 -0.000662527 0.00157334 -0.0180093 0.0890315 
0.0102643 -0.0186572 0.000551296 -0.000668563 -0.0186572 0.0905326 -0.000669364 0.00162405 0.000551296 -0.000669364 0.00973686 -0.0180003 -0.000668563 0.00162405 -0.0180003 0.0889748 
0.0102558 -0.0186429 0.000543873 -0.000645817 -0.0186429 0.0905482 -0.000649837 0.00159585 0.000543873 -0.000649837 0.00976493 -0.0180419 -0.000645817 0.00159585 -0.0180419 0.0890365 
0.0102474 -0.0186077 0.000568673 -0.000632632 -0.0186077 0.0904584 -0.000637985 0.001553 0.000568673 -0.000637985 0.009763 -0.0180931 -0.000632632 0.001553 -0.0180931 0.0891641 
0.0102621 -0.0186025 0.000606911 -0.000666665 -0.0186025 0.0904176 -0.000667448 0.00159039 0.000606911 -0.000667448 0.00974117 -0.0180944 -0.000666665 0.00159039 -0.0180944 0.0892322 
0.0102652 -0.0185933 0.000632769 -0.00071094 -0.0185933 0.0903545 -0.000707979 0.00167204 0.000632769 -0.000707979 0.00972044 -0.0180844 -0.00071094 0.00167204 -0.0180844 0.0892548 
0.010251 -0.0186256 0.0006001 -0.000757108 -0.0186256 0.0904169 -0.000752688 0.00179904 0.0006001 -0.000752688 0.00972282 -0.0180367 -0.000757108 0.00179904 -0.0180367 0.0891632 
0.0102417 -0.0186393 0.000562069 -0.00070405 -0.0186393 0.090504 -0.000701658 0.00175485 0.000562069 -0.000701658 0.00975238 -0.0180148 -0.00070405 0.00175485 -0.0180148 0.0890631 
0.0102375 -0.0186265 0.000538238 -0.000638501 -0.0186265 0.090503 -0.000638563 0.00159924 0.000538238 -0.000638563 0.00975708 -0.0180353 -0.000638501 0.00159924 -0.0180353 0.089036 
0.0102226 -0.0185837 0.000526817 -0.00062294 -0.0185837 0.0903859 -0.000626385 0.0015272 0.000526817 -0.000626385 0.00973459 -0.0180592 -0.00062294 0.0015272 -0.0180592 0.0890827 
0.0101849 -0.0185276 0.000507216 -0.000618563 -0.0185276 0.0902086 -0.000624976 0.00151025 0.000507216 -0.000624976 0.00972788 -0.0180588 -0.000618563 0.00151025 -0.0180588 0.0891269 
0.0101249 -0.0184481 0.000484921 -0.000590074 -0.0184481 0.0899763 -0.000594157 0.00145076 0.000484921 -0.000594157 0.00975458 -0.0180771 -0.000590074 0.00145076 -0.0180771 0.0891973 
0.0100889 -0.0184189 0.00048551 -0.000559512 -0.0184189 0.0898918 -0.000557805 0.00136687 0.00048551 -0.000557805 0.00976261 -0.0180664 -0.000559512 0.00136687 -0.0180664 0.0891582 
0.0100923 -0.018382 0.000488706 -0.000567852 -0.018382 0.0898198 -0.000560113 0.0013471 0.000488706 -0.000560113 0.00978218 -0.0180856 -0.000567852 0.0013471 -0.0180856 0.089193 
0.0101184 -0.0184244 0.000476767 -0.000568137 -0.0184244 0.0898907 -0.000559815 0.00134474 0.000476767 -0.000559815 0.00977735 -0.0180571 -0.000568137 0.00134474 -0.0180571 0.0891028 
0.0101639 -0.0184931 0.00047892 -0.000553019 -0.0184931 0.0900758 -0.00054822 0.00132937 0.00047892 -0.00054822 0.009751 -0.01802 -0.000553019 0.00132937 -0.01802 0.0889742 
0.010192 -0.0185417 0.000493581 -0.00054874 -0.0185417 0.0902147 -0.000546915 0.00130808 0.000493581 -0.000546915 0.00972569 -0.0179924 -0.00054874 0.00130808 -0.0179924 0.0888853 
0.0101957 -0.0185289 0.000558452 -0.000589046 -0.0185289 0.0902008 -0.000588316 0.00139126 0.000558452 -0.000588316 0.00969698 -0.0180098 -0.000589046 0.00139126 -0.0180098 0.0889284 
0.0101959 -0.0185442 0.000571701 -0.000666879 -0.0185442 0.0902337 -0.000668696 0.00155322 0.000571701 -0.000668696 0.00968311 -0.0179743 -0.000666879 0.00155322 -0.0179743 0.088897 
0.0101932 -0.0185618 0.000566731 -0.000669287 -0.0185618 0.0902983 -0.00067482 0.0016221 0.000566731 -0.00067482 0.0096674 -0.0179445 -0.000669287 0.0016221 -0.0179445 0.0888213 
0.0101798 -0.0185519 0.00052211 -0.000658338 -0.0185519 0.0903019 -0.000664811 0.00161681 0.00052211 -0.000664811 0.00967789 -0.0179355 -0.000658338 0.00161681 -0.0179355 0.0887941 
0.0101732 -0.0185149 0.000515084 -0.000623167 -0.0185149 0.0902214 -0.000631032 0.00157988 0.000515084 -0.000631032 0.00968829 -0.0179621 -0.000623167 0.00157988 -0.0179621 0.0888387 
0.010181 -0.0185283 0.000527875 -0.000609322 -0.0185283 0.0902249 -0.000617256 0.00153089 0.000527875 -0.000617256 0.00967022 -0.0179368 -0.000609322 0.00153089 -0.0179368 0.0887714 
0.0101778 -0.0185323 0.000512542 -0.000611526 -0.0185323 0.0902337 -0.000618057 0.00149799 0.000512542 -0.000618057 0.00968613 -0.017928 -0.000611526 0.00149799 -0.017928 0.0887447 
0.0101999 -0.0185455 0.000520914 -0.00060046 -0.0185455 0.090276 -0.000607116 0.00148509 0.000520914 -0.000607116 0.00969226 -0.0179338 -0.00060046 0.00148509 -0.0179338 0.0887277 
0.0101882 -0.018533 0.00052876 -0.000619654 -0.018533 0.0902215 -0.000621871 0.00150796 0.00052876 -0.000621871 0.00969086 -0.0179681 -0.000619654 0.00150796 -0.0179681 0.0888016 
0.0102008 -0.018524 0.000545326 -0.000614851 -0.018524 0.0901955 -0.00061279 0.00149016 0.000545326 -0.00061279 0.00969484 -0.0179785 -0.000614851 0.00149016 -0.0179785 0.0888726 
0.0101912 -0.0184995 0.000536263 -0.00062739 -0.0184995 0.0900991 -0.000627767 0.0014903 0.000536263 -0.000627767 0.00972286 -0.018017 -0.00062739 0.0014903 -0.018017 0.0889902 
0.010179 -0.0185403 0.00053723 -0.000616431 -0.0185403 0.0901806 -0.000620348 0.00148722 0.00053723 -0.000620348 0.00972309 -0.0179894 -0.000616431 0.00148722 -0.0179894 0.088919 
0.0101585 -0.0185387 0.000529653 -0.000620812 -0.0185387 0.0902337 -0.000621952 0.00148898 0.000529653 -0.000621952 0.00972115 -0.0179859 -0.000620812 0.00148898 -0.0179859 0.0888833 
0.010129 -0.0184803 0.000524621 -0.000623621 -0.0184803 0.0901215 -0.000618405 0.00149949 0.000524621 -0.000618405 0.00972701 -0.0180147 -0.000623621 0.00149949 -0.0180147 0.0889541 
0.010129 -0.0184623 0.000493225 -0.000621307 -0.0184623 0.090057 -0.00061373 0.00150311 0.000493225 -0.00061373 0.00971363 -0.0179966 -0.000621307 0.00150311 -0.0179966 0.0889328 
0.0101147 -0.0184465 0.000446398 -0.000567997 -0.0184465 0.0899955 -0.000563107 0.00140423 0.000446398 -0.000563107 0.00972384 -0.0179981 -0.000567997 0.00140423 -0.0179981 0.0889411 
0.0101158 -0.0184403 0.00044799 -0.000509307 -0.0184403 0.0899761 -0.000506852 0.00126863 0.00044799 -0.000506852 0.00970475 -0.017995 -0.000509307 0.00126863 -0.017995 0.0889217 
0.0101248 -0.018474 0.000451622 -0.000507787 -0.018474 0.090063 -0.000508032 0.00121034 0.000451622 -0.000508032 0.00968661 -0.0179438 -0.000507787 0.00121034 -0.0179438 0.0888078 
0.0100869 -0.0184441 0.000429349 -0.000524961 -0.0184441 0.090014 -0.000525 0.00123757 0.000429349 -0.000525 0.00972576 -0.017963 -0.000524961 0.00123757 -0.017963 0.0888306 
0.0100721 -0.0184376 0.00042519 -0.000495957 -0.0184376 0.0900209 -0.000494842 0.00120663 0.00042519 -0.000494842 0.00973623 -0.0179605 -0.000495957 0.00120663 -0.0179605 0.0887809 
0.0100501 -0.0183836 0.000418454 -0.000496612 -0.0183836 0.0898931 -0.000495913 0.00119385 0.000418454 -0.000495913 0.00974558 -0.0179992 -0.000496612 0.00119385 -0.0179992 0.0888498 
0.0100436 -0.0183337 0.000445424 -0.000489313 -0.0183337 0.089733 -0.000491305 0.00118574 0.000445424 -0.000491305 0.00974933 -0.0180274 -0.000489313 0.00118574 -0.0180274 0.0889431 
0.0100519 -0.0183227 0.000438564 -0.000508539 -0.0183227 0.0896453 -0.000511121 0.0011953 0.000438564 -0.000511121 0.00975159 -0.0180356 -0.000508539 0.0011953 -0.0180356 0.0889983 
0.010056 -0.018359 0.00039579 -0.000497175 -0.018359 0.089696 -0.000498348 0.00118577 0.00039579 -0.000498348 0.00974729 -0.0180077 -0.000497175 0.00118577 -0.0180077 0.0889391 
0.0100439 -0.0183487 0.000370641 -0.000445482 -0.0183487 0.0896889 -0.000445447 0.00109597 0.000370641 -0.000445447 0.00975653 -0.0180221 -0.000445482 0.00109597 -0.0180221 0.0889607 
0.0100305 -0.0183284 0.000402984 -0.00043625 -0.0183284 0.0896522 -0.000433836 0.00105949 0.000402984 -0.000433836 0.00977139 -0.0180486 -0.00043625 0.00105949 -0.0180486 0.0890316 
0.0100254 -0.0183536 0.000415677 -0.000491797 -0.0183536 0.0897305 -0.000484693 0.00114709 0.000415677 -0.000484693 0.0097573 -0.0180218 -0.000491797 0.00114709 -0.0180218 0.0889608 
0.0100015 -0.0183384 0.000408763 -0.000490219 -0.0183384 0.0897269 -0.000481436 0.00116869 0.000408763 -0.000481436 0.00974407 -0.0180094 -0.000490219 0.00116869 -0.0180094 0.0889182 
0.00999859 -0.0183023 0.000419145 -0.000463609 -0.0183023 0.0896568 -0.000460025 0.00111698 0.000419145 -0.000460025 0.00973382 -0.0179992 -0.000463609 0.00111698 -0.0179992 0.0889009 
0.00999653 -0.0182562 0.000442902 -0.000490107 -0.0182562 0.0895047 -0.000494792 0.00115946 0.000442902 -0.000494792 0.009718 -0.0180178 -0.000490107 0.00115946 -0.0180178 0.0889532 
0.00999629 -0.018291 0.000399946 -0.000512807 -0.018291 0.0895359 -0.000524573 0.00122139 0.000399946 -0.000524573 0.00969323 -0.0179457 -0.000512807 0.00122139 -0.0179457 0.088798 
0.00998899 -0.0182956 0.000378921 -0.000462133 -0.0182956 0.0895701 -0.000474992 0.00117474 0.000378921 -0.000474992 0.00969491 -0.0179066 -0.000462133 0.00117474 -0.0179066 0.0886604 
0.00996978 -0.0182644 0.000355955 -0.000442913 -0.0182644 0.0895066 -0.000448953 0.00111073 0.000355955 -0.000448953 0.0097209 -0.0179273 -0.000442913 0.00111073 -0.0179273 0.08866 
0.00994829 -0.0182212 0.000355928 -0.00043402 -0.0182212 0.0893865 -0.000432229 0.00108588 0.000355928 -0.000432229 0.00976467 -0.0179768 -0.00043402 0.00108588 -0.0179768 0.0887612 
0.00995308 -0.0182183 0.000354232 -0.000421008 -0.0182183 0.0893572 -0.00041818 0.00103904 0.000354232 -0.00041818 0.00977718 -0.018008 -0.000421008 0.00103904 -0.018008 0.0888277 
0.00997988 -0.0182273 0.000383296 -0.000403695 -0.0182273 0.0893707 -0.000400975 0.000979526 0.000383296 -0.000400975 0.00975066 -0.0180392 -0.000403695 0.000979526 -0.0180392 0.0889289 
0.00997992 -0.0182511 0.000387774 -0.000440984 -0.0182511 0.0894061 -0.00043973 0.00101676 0.000387774 -0.00043973 0.00973329 -0.01802 -0.000440984 0.00101676 -0.01802 0.0889572 
0.00998341 -0.0182753 0.00037007 -0.00045805 -0.0182753 0.0894984 -0.000459307 0.00108715 0.00037007 -0.000459307 0.00971492 -0.0179824 -0.00045805 0.00108715 -0.0179824 0.0888859 
0.00999705 -0.0183207 0.000347736 -0.000423744 -0.0183207 0.0896512 -0.000427111 0.00104789 0.000347736 -0.000427111 0.00968999 -0.017914 -0.000423744 0.00104789 -0.017914 0.088697 
0.0100176 -0.0183328 0.000332813 -0.000404167 -0.0183328 0.0897298 -0.000404585 0.000998386 0.000332813 -0.000404585 0.00967997 -0.0178867 -0.000404167 0.000998386 -0.0178867 0.0885791 
0.0100282 -0.018343 0.000336663 -0.00038687 -0.018343 0.0897507 -0.000386956 0.000953244 0.000336663 -0.000386956 0.00966699 -0.0178796 -0.00038687 0.000953244 -0.0178796 0.0885281 
0.0100203 -0.018343 0.000375704 -0.00040634 -0.018343 0.0897435 -0.000407896 0.000987158 0.000375704 -0.000407896 0.00965665 -0.0178715 -0.00040634 0.000987158 -0.0178715 0.0885037 
0.0100141 -0.0183047 0.000390919 -0.00044416 -0.0183047 0.0896521 -0.000444571 0.00104911 0.000390919 -0.000444571 0.0096732 -0.0179035 -0.00044416 0.00104911 -0.0179035 0.088604 
0.0100241 -0.0182766 0.000406144 -0.000462485 -0.0182766 0.0895408 -0.000465377 0.00111157 0.000406144 -0.000465377 0.00968149 -0.0179429 -0.000462485 0.00111157 -0.0179429 0.0887292 
0.0100382 -0.0183089 0.000420413 -0.000488599 -0.0183089 0.0895722 -0.000494047 0.00118762 0.000420413 -0.000494047 0.00969055 -0.0179344 -0.000488599 0.00118762 -0.0179344 0.0887434 
0.0100587 -0.0183849 0.000418035 -0.000472653 -0.0183849 0.0897782 -0.000476514 0.00115058 0.000418035 -0.000476514 0.0096792 -0.0178918 -0.000472653 0.00115058 -0.0178918 0.0886161 
0.0100599 -0.0183766 0.000420158 -0.000481092 -0.0183766 0.0898129 -0.000481022 0.00115165 0.000420158 -0.000481022 0.00967732 -0.0179126 -0.000481092 0.00115165 -0.0179126 0.0886346 
0.0100489 -0.0183752 0.000384103 -0.000485263 -0.0183752 0.089813 -0.000480901 0.00115493 0.000384103 -0.000480901 0.00968008 -0.017909 -0.000485263 0.00115493 -0.017909 0.0886376 
0.0100404 -0.0183714 0.000346811 -0.000446139 -0.0183714 0.0898223 -0.000442104 0.0011019 0.000346811 -0.000442104 0.00970142 -0.0179063 -0.000446139 0.0011019 -0.0179063 0.0886252 
0.0100259 -0.0184008 0.000315246 -0.000412332 -0.0184008 0.0899081 -0.000413388 0.00104349 0.000315246 -0.000413388 0.00970096 -0.0178744 -0.000412332 0.00104349 -0.0178744 0.088496 
0.0100133 -0.0183683 0.00029888 -0.000352858 -0.0183683 0.0898739 -0.000352389 0.000896518 0.00029888 -0.000352389 0.009699 -0.0178921 -0.000352858 0.000896518 -0.0178921 0.0884977 
0.0100039 -0.0182973 0.000313241 -0.000347904 -0.0182973 0.0896845 -0.000344683 0.000840649 0.000313241 -0.000344683 0.0097048 -0.0179453 -0.000347904 0.000840649 -0.0179453 0.0886483 
0.00998622 -0.0182557 0.000300815 -0.00037632 -0.0182557 0.0895031 -0.000375783 0.000887639 0.000300815 -0.000375783 0.00972803 -0.0179804 -0.00037632 0.000887639 -0.0179804 0.0887992 
0.00997368 -0.018211 0.000352431 -0.000386713 -0.018211 0.0893384 -0.000392492 0.000968168 0.000352431 -0.000392492 0.00972915 -0.0180231 -0.000386713 0.000968168 -0.0180231 0.0889314 
0.00999385 -0.0182288 0.000396297 -0.000441723 -0.0182288 0.0893422 -0.000450891 0.00107518 0.000396297 -0.000450891 0.00968735 -0.0179906 -0.000441723 0.00107518 -0.0179906 0.0888956 
0.00998839 -0.0182577 0.00038337 -0.000474314 -0.0182577 0.0894008 -0.000484447 0.00115345 0.00038337 -0.000484447 0.00967647 -0.0179415 -0.000474314 0.00115345 -0.0179415 0.0888076 
0.0100075 -0.0183015 0.000369082 -0.00044618 -0.0183015 0.0895571 -0.000451599 0.00112239 0.000369082 -0.000451599 0.00966372 -0.0178819 -0.00044618 0.00112239 -0.0178819 0.0886261 
0.00999265 -0.0182955 0.000341498 -0.000411812 -0.0182955 0.0895753 -0.000414181 0.0010192 0.000341498 -0.000414181 0.00968635 -0.0178945 -0.000411812 0.0010192 -0.0178945 0.0886027 
0.00999843 -0.0182915 0.000339901 -0.000392239 -0.0182915 0.089603 -0.000394285 0.000964802 0.000339901 -0.000394285 0.00971689 -0.0179309 -0.000392239 0.000964802 -0.0179309 0.0886707 
0.00999057 -0.0183328 0.000334079 -0.000369058 -0.0183328 0.089703 -0.000367797 0.000877169 0.000334079 -0.000367797 0.00972645 -0.0179245 -0.000369058 0.000877169 -0.0179245 0.0886404 
0.00998603 -0.018318 0.000344169 -0.000391912 -0.018318 0.0897251 -0.000386489 0.000910168 0.000344169 -0.000386489 0.00974651 -0.017949 -0.000391912 0.000910168 -0.017949 0.0886804 
0.00998272 -0.0182859 0.000386396 -0.000424275 -0.0182859 0.089644 -0.000417583 0.000999944 0.000386396 -0.000417583 0.00975983 -0.0179945 -0.000424275 0.000999944 -0.0179945 0.0887915 
0.00997687 -0.0182736 0.000405845 -0.000453188 -0.0182736 0.0895681 -0.000446446 0.00105363 0.000405845 -0.000446446 0.0097562 -0.0180137 -0.000453188 0.00105363 -0.0180137 0.0888743 
0.00998569 -0.0182858 0.000432941 -0.000468633 -0.0182858 0.089584 -0.000463722 0.0010968 0.000432941 -0.000463722 0.00974084 -0.0179952 -0.000468633 0.0010968 -0.0179952 0.0888625 
0.00999867 -0.0182963 0.000423513 -0.000495567 -0.0182963 0.0896074 -0.000490652 0.00114723 0.000423513 -0.000490652 0.00973255 -0.0179783 -0.000495567 0.00114723 -0.0179783 0.0888303 
0.0100217 -0.0182927 0.000430755 -0.000501954 -0.0182927 0.0895908 -0.000495316 0.00119919 0.000430755 -0.000495316 0.00972816 -0.0179928 -0.000501954 0.00119919 -0.0179928 0.0888682 
0.0100478 -0.0183251 0.000441729 -0.000516807 -0.0183251 0.0896423 -0.000512366 0.00124597 0.000441729 -0.000512366 0.00973235 -0.0179895 -0.000516807 0.00124597 -0.0179895 0.08888 
0.0100776 -0.0183914 0.000451873 -0.000506615 -0.0183914 0.0898066 -0.000508042 0.00122999 0.000451873 -0.000508042 0.00972901 -0.0179623 -0.000506615 0.00122999 -0.0179623 0.0888038 
0.0100855 -0.0184484 0.000437801 -0.00051158 -0.0184484 0.0899825 -0.000515723 0.00122517 0.000437801 -0.000515723 0.00972558 -0.0179315 -0.00051158 0.00122517 -0.0179315 0.0886904 
0.0100723 -0.0184335 0.000423477 -0.00049492 -0.0184335 0.0899962 -0.000497988 0.00119737 0.000423477 -0.000497988 0.00974219 -0.0179535 -0.00049492 0.00119737 -0.0179535 0.0887109 
0.0100392 -0.0183667 0.000406829 -0.000495931 -0.0183667 0.0898332 -0.000495422 0.00119961 0.000406829 -0.000495422 0.00977061 -0.0180279 -0.000495931 0.00119961 -0.0180279 0.0889037 
0.0100335 -0.0183417 0.000401215 -0.000470488 -0.0183417 0.0897336 -0.000467535 0.00115251 0.000401215 -0.000467535 0.00975973 -0.0180424 -0.000470488 0.00115251 -0.0180424 0.0889882 
0.0100148 -0.0183173 0.000388796 -0.000466016 -0.0183173 0.0896419 -0.000460126 0.00111941 0.000388796 -0.000460126 0.00976812 -0.0180508 -0.000466016 0.00111941 -0.0180508 0.0890574 
0.0100013 -0.0183187 0.00038118 -0.000450187 -0.0183187 0.0896366 -0.00044371 0.00108449 0.00038118 -0.00044371 0.00975671 -0.0180284 -0.000450187 0.00108449 -0.0180284 0.0890052 
0.00998928 -0.0182766 0.000408257 -0.000456748 -0.0182766 0.0895478 -0.000451157 0.00109785 0.000408257 -0.000451157 0.00973516 -0.0180262 -0.000456748 0.00109785 -0.0180262 0.0889828 
0.0100136 -0.018276 0.00041907 -0.00048781 -0.018276 0.0895259 -0.000484657 0.00115506 0.00041907 -0.000484657 0.00969436 -0.0179847 -0.00048781 0.00115506 -0.0179847 0.0888968 
0.0100688 -0.0183102 0.000457739 -0.000516533 -0.0183102 0.0895878 -0.000518598 0.00125632 0.000457739 -0.000518598 0.00967691 -0.0179371 -0.000516533 0.00125632 -0.0179371 0.0887841 
0.0100861 -0.0183469 0.000480978 -0.000554063 -0.0183469 0.0896337 -0.000563711 0.00135088 0.000480978 -0.000563711 0.00968573 -0.0179422 -0.000554063 0.00135088 -0.0179422 0.0887692 
0.0100983 -0.0183714 0.000502187 -0.000582343 -0.0183714 0.0897009 -0.000594058 0.00144068 0.000502187 -0.000594058 0.00970675 -0.0179644 -0.000582343 0.00144068 -0.0179644 0.08882 
0.0100935 -0.0184053 0.000486295 -0.000605663 -0.0184053 0.0898051 -0.000612842 0.00150125 0.000486295 -0.000612842 0.00973614 -0.017984 -0.000605663 0.00150125 -0.017984 0.0888669 
0.0101105 -0.0184685 0.000446876 -0.000563264 -0.0184685 0.0900198 -0.00056185 0.00141928 0.000446876 -0.00056185 0.00971704 -0.0179539 -0.000563264 0.00141928 -0.0179539 0.088768 
0.0101247 -0.0184801 0.00045745 -0.000520984 -0.0184801 0.0901167 -0.000515477 0.00131119 0.00045745 -0.000515477 0.00969708 -0.0179494 -0.000520984 0.00131119 -0.0179494 0.0887451 
0.010111 -0.0184869 0.000472333 -0.000527415 -0.0184869 0.0901498 -0.000522535 0.00126558 0.000472333 -0.000522535 0.00969542 -0.0179341 -0.000527415 0.00126558 -0.0179341 0.0887231 
0.0101017 -0.0184726 0.000477121 -0.000536992 -0.0184726 0.0901483 -0.000532707 0.0012624 0.000477121 -0.000532707 0.00972789 -0.0179456 -0.000536992 0.0012624 -0.0179456 0.0887508 
0.0100972 -0.018468 0.000456658 -0.00054287 -0.018468 0.0901401 -0.000538555 0.0012736 0.000456658 -0.000538555 0.00974698 -0.0179663 -0.00054287 0.0012736 -0.0179663 0.0887691 
0.0100931 -0.0184538 0.000438873 -0.000541922 -0.0184538 0.090099 -0.000540123 0.00131067 0.000438873 -0.000540123 0.00975111 -0.0179892 -0.000541922 0.00131067 -0.0179892 0.088813 
0.010073 -0.0184101 0.000421118 -0.000509099 -0.0184101 0.0899622 -0.000512113 0.00126094 0.000421118 -0.000512113 0.00976032 -0.0180233 -0.000509099 0.00126094 -0.0180233 0.0889167 
0.0100686 -0.01837 0.000440373 -0.000482618 -0.01837 0.0898278 -0.000491642 0.00119701 0.000440373 -0.000491642 0.00975185 -0.0180519 -0.000482618 0.00119701 -0.0180519 0.0890194 
0.0100613 -0.0184013 0.000436367 -0.000490774 -0.0184013 0.0898546 -0.000500219 0.00116889 0.000436367 -0.000500219 0.00972659 -0.0179903 -0.000490774 0.00116889 -0.0179903 0.0889059 
0.0100423 -0.0183768 0.000454522 -0.000504718 -0.0183768 0.0898255 -0.000511413 0.00120442 0.000454522 -0.000511413 0.00971607 -0.0179708 -0.000504718 0.00120442 -0.0179708 0.0888271 
0.0100489 -0.0183774 0.000454762 -0.000520913 -0.0183774 0.0898342 -0.000523146 0.00122999 0.000454762 -0.000523146 0.00969108 -0.0179285 -0.000520913 0.00122999 -0.0179285 0.0887037 
0.0100199 -0.0183566 0.000425774 -0.00053473 -0.0183566 0.0897738 -0.000531034 0.00127345 0.000425774 -0.000531034 0.00972538 -0.0179263 -0.00053473 0.00127345 -0.0179263 0.0886854 
0.0100006 -0.0183388 0.000360099 -0.000501493 -0.0183388 0.0897396 -0.000492775 0.00123698 0.000360099 -0.000492775 0.00973717 -0.017947 -0.000501493 0.00123698 -0.017947 0.0886875 
0.00999354 -0.0183085 0.000313349 -0.000419271 -0.0183085 0.0896809 -0.000410203 0.00108387 0.000313349 -0.000410203 0.00976847 -0.0179946 -0.000419271 0.00108387 -0.0179946 0.0888168 
