0.00765314 0 -0.000189404 0 0 0.01 0 0 -0.000189404 0 0.0071171 0 0 0 0 0.01 
0.0107373 -0.0133254 -0.000217478 0.000277013 -0.0133254 0.0347244 0.000277013 -0.000531404 -0.000217478 0.000277013 0.0100748 -0.01252 0.000277013 -0.000531404 -0.01252 0.0331806 
0.0106626 -0.0199849 -0.000116935 0.000342627 -0.0199849 0.0730274 0.000342627 -0.00114639 -0.000116935 0.000342627 0.0102065 -0.0190858 0.000342627 -0.00114639 -0.0190858 0.0702312 
0.0100316 -0.019345 -5.72958e-05 0.000238085 -0.019345 0.0863151 0.000240214 -0.00113844 -5.72958e-05 0.000240214 0.00963924 -0.0189033 0.000238085 -0.00113844 -0.0189033 0.084697 
0.0099643 -0.0185587 -5.14216e-05 0.000141827 -0.0185587 0.088814 0.000147589 -0.000639096 -5.14216e-05 0.000147589 0.00961711 -0.0181867 0.000141827 -0.000639096 -0.0181867 0.0879054 
0.010127 -0.0184594 -7.21869e-05 0.000119206 -0.0184594 0.0896252 0.000125844 -0.000359048 -7.21869e-05 0.000125844 0.00976405 -0.0180622 0.000119206 -0.000359048 -0.0180622 0.0887156 
0.0101982 -0.0185554 -0.000114414 0.00018405 -0.0185554 0.0901173 0.000189281 -0.000451343 -0.000114414 0.000189281 0.00989153 -0.0181515 0.00018405 -0.000451343 -0.0181515 0.0891744 
0.0102558 -0.0185921 -0.000128007 0.000198703 -0.0185921 0.0903603 0.000201743 -0.000524069 -0.000128007 0.000201743 0.00996224 -0.0182603 0.000198703 -0.000524069 -0.0182603 0.0895227 
0.0102671 -0.0186004 -0.000149656 0.000254503 -0.0186004 0.090364 0.000252665 -0.000685821 -0.000149656 0.000252665 0.00997582 -0.0183291 0.000254503 -0.000685821 -0.0183291 0.0897329 
0.0102624 -0.0186055 -0.000147729 0.000274535 -0.0186055 0.0903459 0.000268792 -0.000774225 -0.000147729 0.000268792 0.00998108 -0.0183387 0.000274535 -0.000774225 -0.0183387 0.0898073 
0.0102743 -0.018616 -0.000127644 0.000232194 -0.018616 0.0903705 0.000224065 -0.000688216 -0.000127644 0.000224065 0.00997497 -0.0183447 0.000232194 -0.000688216 -0.0183447 0.0898335 
0.0102337 -0.0186333 -0.000108759 0.000205213 -0.0186333 0.0904102 0.000199939 -0.000602715 -0.000108759 0.000199939 0.0100075 -0.018348 0.000205213 -0.000602715 -0.018348 0.0898633 
0.0102177 -0.0186004 -0.000109315 0.000181735 -0.0186004 0.0904047 0.000180021 -0.000537124 -0.000109315 0.000180021 0.010033 -0.0183959 0.000181735 -0.000537124 -0.0183959 0.0899649 
0.0101873 -0.0185737 -0.000105466 0.000192957 -0.0185737 0.0903386 0.000191113 -0.0005363 -0.000105466 0.000191113 0.0100227 -0.0184143 0.000192957 -0.0005363 -0.0184143 0.0900193 
0.0101642 -0.0185429 -9.94262e-05 0.000198404 -0.0185429 0.0902777 0.000196269 -0.000559306 -9.94262e-05 0.000196269 0.00999072 -0.0183908 0.000198404 -0.000559306 -0.0183908 0.0899904 
0.0101842 -0.0185037 -0.000108792 0.000196769 -0.0185037 0.0901815 0.000195212 -0.000576546 -0.000108792 0.000195212 0.00994049 -0.0183651 0.000196769 -0.000576546 -0.0183651 0.0899577 
0.0101995 -0.0185348 -0.000102088 0.000182446 -0.0185348 0.0902023 0.000183545 -0.000537945 -0.000102088 0.000183545 0.00992291 -0.0183038 0.000182446 -0.000537945 -0.0183038 0.0898471 
0.010228 -0.0185702 -8.90208e-05 0.000167338 -0.0185702 0.0903005 0.000169981 -0.000497541 -8.90208e-05 0.000169981 0.00991503 -0.0182696 0.000167338 -0.000497541 -0.0182696 0.0897264 
0.010242 -0.018593 -8.53402e-05 0.000146058 -0.018593 0.0903632 0.000149378 -0.000444861 -8.53402e-05 0.000149378 0.00993657 -0.018287 0.000146058 -0.000444861 -0.018287 0.0897486 
0.0102172 -0.0186301 -0.000102327 0.000173441 -0.0186301 0.090472 0.000178952 -0.000501757 -0.000102327 0.000178952 0.00998444 -0.0182908 0.000173441 -0.000501757 -0.0182908 0.0897377 
0.0102001 -0.0185992 -0.000114572 0.000203478 -0.0185992 0.0904633 0.000212409 -0.000585708 -0.000114572 0.000212409 0.0099671 -0.0183374 0.000203478 -0.000585708 -0.0183374 0.0897914 
0.0102305 -0.0185759 -0.000126596 0.000216852 -0.0185759 0.0904125 0.000227063 -0.000640802 -0.000126596 0.000227063 0.00991244 -0.018325 0.000216852 -0.000640802 -0.018325 0.0898181 
0.0102452 -0.0186155 -0.000122479 0.000200654 -0.0186155 0.0904572 0.00020792 -0.000597369 -0.000122479 0.00020792 0.00988294 -0.0182527 0.000200654 -0.000597369 -0.0182527 0.0896976 
0.0102198 -0.0186268 -0.000116561 0.00019244 -0.0186268 0.0904958 0.000194511 -0.000556702 -0.000116561 0.000194511 0.00991024 -0.0182247 0.00019244 -0.000556702 -0.0182247 0.089602 
0.0102191 -0.0185958 -0.000128424 0.000227264 -0.0185958 0.0904623 0.000221805 -0.000629112 -0.000128424 0.000221805 0.00987666 -0.0182352 0.000227264 -0.000629112 -0.0182352 0.089547 
0.010247 -0.0186028 -0.000126071 0.000215693 -0.0186028 0.0904613 0.00020664 -0.000613389 -0.000126071 0.00020664 0.00983369 -0.0181946 0.000215693 -0.000613389 -0.0181946 0.0894771 
0.0102989 -0.018633 -0.000110982 0.000174066 -0.018633 0.090505 0.000165067 -0.00049749 -0.000110982 0.000165067 0.00979337 -0.0181495 0.000174066 -0.00049749 -0.0181495 0.0893839 
0.0102844 -0.0186846 -0.000104317 0.000179179 -0.0186846 0.0905912 0.000168642 -0.00048175 -0.000104317 0.000168642 0.00981886 -0.0181045 0.000179179 -0.00048175 -0.0181045 0.0892765 
0.0102584 -0.0186634 -0.000116138 0.000193886 -0.0186634 0.0905955 0.000186853 -0.000532982 -0.000116138 0.000186853 0.0098613 -0.0181381 0.000193886 -0.000532982 -0.0181381 0.0892872 
0.0102495 -0.0186234 -0.000124649 0.000206527 -0.0186234 0.0905089 0.000203386 -0.00057492 -0.000124649 0.000203386 0.00987943 -0.0181952 0.000206527 -0.00057492 -0.0181952 0.0893991 
0.0102545 -0.0186316 -0.000134277 0.000230702 -0.0186316 0.0905079 0.000225555 -0.000643341 -0.000134277 0.000225555 0.00988531 -0.0182025 0.000230702 -0.000643341 -0.0182025 0.0894444 
0.0102192 -0.018636 -0.000108774 0.00019451 -0.018636 0.0905152 0.000192159 -0.000565513 -0.000108774 0.000192159 0.00994776 -0.0182309 0.00019451 -0.000565513 -0.0182309 0.0895325 
0.0101624 -0.0186011 -9.51812e-05 0.000172694 -0.0186011 0.0904786 0.000174881 -0.000512745 -9.51812e-05 0.000174881 0.010029 -0.0183069 0.000172694 -0.000512745 -0.0183069 0.089684 
0.0101561 -0.0185604 -9.84015e-05 0.000158307 -0.0185604 0.0904341 0.000157119 -0.000469413 -9.84015e-05 0.000157119 0.0100813 -0.0183965 0.000158307 -0.000469413 -0.0183965 0.0898832 
0.0102096 -0.0185461 -0.000108307 0.000165294 -0.0185461 0.0903817 0.000163912 -0.000465649 -0.000108307 0.000163912 0.0100825 -0.0184783 0.000165294 -0.000465649 -0.0184783 0.0901196 
0.0102338 -0.0185872 -0.000121368 0.000209513 -0.0185872 0.0903949 0.000210721 -0.00057256 -0.000121368 0.000210721 0.0100645 -0.0184879 0.000209513 -0.00057256 -0.0184879 0.0902313 
0.0102154 -0.0186135 -0.000135151 0.000249233 -0.0186135 0.090453 0.000251108 -0.000704665 -0.000135151 0.000251108 0.0100417 -0.0184592 0.000249233 -0.000704665 -0.0184592 0.0902059 
0.010211 -0.0186108 -0.000124787 0.000231925 -0.0186108 0.0904988 0.000231398 -0.000689474 -0.000124787 0.000231398 0.0100356 -0.018428 0.000231925 -0.000689474 -0.018428 0.0901398 
0.0102334 -0.0186096 -0.000105694 0.000192229 -0.0186096 0.0905113 0.000191451 -0.000586062 -0.000105694 0.000191451 0.0100195 -0.018418 0.000192229 -0.000586062 -0.018418 0.0900938 
0.0102221 -0.0186086 -8.81559e-05 0.000170405 -0.0186086 0.0904703 0.000168693 -0.000506934 -8.81559e-05 0.000168693 0.0100252 -0.0184116 0.000170405 -0.000506934 -0.0184116 0.0900821 
0.0102141 -0.018612 -7.82974e-05 0.000152435 -0.018612 0.0904864 0.00015189 -0.000456868 -7.82974e-05 0.00015189 0.0100361 -0.0184034 0.000152435 -0.000456868 -0.0184034 0.0900467 
0.0101942 -0.0185991 -9.48152e-05 0.000171473 -0.0185991 0.0904703 0.000169649 -0.000501512 -9.48152e-05 0.000169649 0.0100812 -0.0184256 0.000171473 -0.000501512 -0.0184256 0.0900831 
0.0101797 -0.0185753 -9.61912e-05 0.00019303 -0.0185753 0.0904216 0.000188174 -0.000552059 -9.61912e-05 0.000188174 0.010114 -0.0184722 0.00019303 -0.000552059 -0.0184722 0.0901575 
0.0101983 -0.0185531 -9.05954e-05 0.000191694 -0.0185531 0.0903554 0.000189894 -0.000570829 -9.05954e-05 0.000189894 0.0100989 -0.0185097 0.000191694 -0.000570829 -0.0185097 0.0902439 
0.0102497 -0.0185845 -9.05457e-05 0.000171549 -0.0185845 0.0903891 0.00017903 -0.000541189 -9.05457e-05 0.00017903 0.0100485 -0.0184865 0.000171549 -0.000541189 -0.0184865 0.0902384 
0.0102365 -0.0186267 -9.33983e-05 0.000165327 -0.0186267 0.0904478 0.000177421 -0.000512763 -9.33983e-05 0.000177421 0.0100331 -0.0184334 0.000165327 -0.000512763 -0.0184334 0.0901505 
0.010199 -0.0186205 -9.07023e-05 0.00016663 -0.0186205 0.0904892 0.000174407 -0.000496563 -9.07023e-05 0.000174407 0.0100618 -0.0184184 0.00016663 -0.000496563 -0.0184184 0.0900888 
0.010167 -0.0186061 -8.3225e-05 0.000162321 -0.0186061 0.0905168 0.000160669 -0.000474603 -8.3225e-05 0.000160669 0.010103 -0.0184276 0.000162321 -0.000474603 -0.0184276 0.0900515 
0.0101141 -0.0185508 -9.72015e-05 0.000202865 -0.0185508 0.0904139 0.000192037 -0.00057165 -9.72015e-05 0.000192037 0.0101331 -0.018485 0.000202865 -0.00057165 -0.018485 0.0901443 
0.0101098 -0.0184748 -0.000103029 0.000209745 -0.0184748 0.0902361 0.000193211 -0.000603929 -0.000103029 0.000193211 0.0101175 -0.0185374 0.000209745 -0.000603929 -0.0185374 0.0902932 
0.0101346 -0.0184691 -9.11521e-05 0.000193863 -0.0184691 0.0901527 0.000181046 -0.000570967 -9.11521e-05 0.000181046 0.0100991 -0.0185198 0.000193863 -0.000570967 -0.0185198 0.0903281 
0.0101424 -0.0185036 -8.32308e-05 0.000178901 -0.0185036 0.0901881 0.00017903 -0.000549942 -8.32308e-05 0.00017903 0.0100988 -0.0184828 0.000178901 -0.000549942 -0.0184828 0.0902499 
0.0101052 -0.0185077 -6.30934e-05 0.000134544 -0.0185077 0.0902096 0.000144199 -0.000447437 -6.30934e-05 0.000144199 0.0101564 -0.0184962 0.000134544 -0.000447437 -0.0184962 0.0902521 
0.0101059 -0.0184871 -6.60529e-05 0.000115519 -0.0184871 0.0902169 0.000125632 -0.00038281 -6.60529e-05 0.000125632 0.0102011 -0.018551 0.000115519 -0.00038281 -0.018551 0.0903234 
0.0101787 -0.0185072 -6.70165e-05 0.0001088 -0.0185072 0.0902678 0.000117374 -0.000334728 -6.70165e-05 0.000117374 0.0101839 -0.0186068 0.0001088 -0.000334728 -0.0186068 0.0904535 
0.0102005 -0.0186097 -7.56027e-05 0.000135457 -0.0186097 0.0904685 0.00014024 -0.000385186 -7.56027e-05 0.00014024 0.0102174 -0.0185799 0.000135457 -0.000385186 -0.0185799 0.0904574 
0.0101443 -0.0186113 -8.111e-05 0.000182628 -0.0186113 0.0905307 0.000182996 -0.000510662 -8.111e-05 0.000182996 0.010256 -0.018613 0.000182628 -0.000510662 -0.018613 0.0904783 
0.0100642 -0.0185234 -7.81136e-05 0.000223904 -0.0185234 0.0903825 0.000218055 -0.000653224 -7.81136e-05 0.000218055 0.0102696 -0.0186611 0.000223904 -0.000653224 -0.0186611 0.0905691 
0.0100637 -0.0184403 -6.414e-05 0.000170192 -0.0184403 0.0902017 0.000159082 -0.000564182 -6.414e-05 0.000159082 0.0102505 -0.018692 0.000170192 -0.000564182 -0.018692 0.0906824 
0.0100565 -0.0184356 -6.59843e-05 0.000164544 -0.0184356 0.0901092 0.000155427 -0.000519061 -6.59843e-05 0.000155427 0.010207 -0.0186551 0.000164544 -0.000519061 -0.0186551 0.0906478 
0.0100221 -0.0184255 -5.81672e-05 0.000127533 -0.0184255 0.0900755 0.000125241 -0.00041713 -5.81672e-05 0.000125241 0.0102441 -0.0186267 0.000127533 -0.00041713 -0.0186267 0.0906186 
0.00998132 -0.0183732 -7.2475e-05 0.000149689 -0.0183732 0.0899646 0.000151027 -0.000446729 -7.2475e-05 0.000151027 0.0102584 -0.0186522 0.000149689 -0.000446729 -0.0186522 0.090611 
0.00994457 -0.0183285 -7.57699e-05 0.000167638 -0.0183285 0.0898504 0.000166443 -0.00048834 -7.57699e-05 0.000166443 0.0102542 -0.0186558 0.000167638 -0.00048834 -0.0186558 0.0906063 
0.00991125 -0.0182828 -7.04032e-05 0.000154751 -0.0182828 0.0897352 0.000150738 -0.000467929 -7.04032e-05 0.000150738 0.0102752 -0.0186607 0.000154751 -0.000467929 -0.0186607 0.0906287 
0.00994366 -0.0182497 -7.76134e-05 0.000149984 -0.0182497 0.0896496 0.000142843 -0.000451832 -7.76134e-05 0.000142843 0.0102764 -0.0186907 0.000149984 -0.000451832 -0.0186907 0.0906921 
0.00995712 -0.0182849 -8.86878e-05 0.000165512 -0.0182849 0.0896605 0.000157193 -0.000474473 -8.86878e-05 0.000157193 0.0102915 -0.0186898 0.000165512 -0.000474473 -0.0186898 0.0907137 
0.00997039 -0.0182953 -8.9258e-05 0.000161757 -0.0182953 0.0896853 0.000158245 -0.000467186 -8.9258e-05 0.000158245 0.0102966 -0.0187194 0.000161757 -0.000467186 -0.0187194 0.090776 
0.00997797 -0.0183208 -8.24309e-05 0.000141292 -0.0183208 0.0897476 0.000143203 -0.000416475 -8.24309e-05 0.000143203 0.0103085 -0.0187253 0.000141292 -0.000416475 -0.0187253 0.0908113 
0.00999858 -0.0183368 -0.000102563 0.000182222 -0.0183368 0.0898067 0.000186698 -0.00051632 -0.000102563 0.000186698 0.0102856 -0.0187172 0.000182222 -0.00051632 -0.0187172 0.0907788 
0.0100341 -0.0183913 -0.000103088 0.000204006 -0.0183913 0.089953 0.000208059 -0.000591502 -0.000103088 0.000208059 0.0102525 -0.0186709 0.000204006 -0.000591502 -0.0186709 0.0906717 
0.00999374 -0.0184211 -9.84628e-05 0.000192573 -0.0184211 0.0900444 0.000195031 -0.000586269 -9.84628e-05 0.000195031 0.0102814 -0.018647 0.000192573 -0.000586269 -0.018647 0.0906064 
0.00994829 -0.0183534 -8.68433e-05 0.000171794 -0.0183534 0.0899547 0.000171916 -0.00052846 -8.68433e-05 0.000171916 0.0103447 -0.0187114 0.000171794 -0.00052846 -0.0187114 0.0907204 
0.00992155 -0.0183142 -6.38569e-05 0.000140393 -0.0183142 0.0898647 0.000135695 -0.000432424 -6.38569e-05 0.000135695 0.0104231 -0.0187863 0.000140393 -0.000432424 -0.0187863 0.0908922 
0.00992251 -0.0182798 -5.04163e-05 0.000127756 -0.0182798 0.089769 0.000118645 -0.00038414 -5.04163e-05 0.000118645 0.0104574 -0.0188769 0.000127756 -0.00038414 -0.0188769 0.0910959 
0.00991899 -0.0182815 -6.0587e-05 0.000127822 -0.0182815 0.0897327 0.000119111 -0.000380664 -6.0587e-05 0.000119111 0.0104537 -0.0189031 0.000127822 -0.000380664 -0.0189031 0.0911982 
0.00989649 -0.0182765 -8.47335e-05 0.000170009 -0.0182765 0.0897174 0.000170302 -0.000488134 -8.47335e-05 0.000170302 0.0104388 -0.0188922 0.000170009 -0.000488134 -0.0188922 0.0912066 
0.00991001 -0.0182489 -8.98589e-05 0.00019774 -0.0182489 0.0896651 0.000206842 -0.000586589 -8.98589e-05 0.000206842 0.0103805 -0.0188623 0.00019774 -0.000586589 -0.0188623 0.0911407 
0.00991475 -0.0182532 -7.75484e-05 0.000180849 -0.0182532 0.0896349 0.00018925 -0.000574278 -7.75484e-05 0.00018925 0.0103605 -0.0188092 0.000180849 -0.000574278 -0.0188092 0.0910508 
0.00997261 -0.0182799 -6.68716e-05 0.000137629 -0.0182799 0.0897048 0.000138945 -0.000461106 -6.68716e-05 0.000138945 0.0103281 -0.0187958 0.000137629 -0.000461106 -0.0187958 0.0910074 
0.00999993 -0.0183639 -7.00174e-05 0.000139342 -0.0183639 0.0898784 0.000135935 -0.000422282 -7.00174e-05 0.000135935 0.0103077 -0.0187299 0.000139342 -0.000422282 -0.0187299 0.0908555 
0.00997878 -0.0183895 -8.92133e-05 0.000174562 -0.0183895 0.0899845 0.000170909 -0.000498633 -8.92133e-05 0.000170909 0.0103007 -0.0186925 0.000174562 -0.000498633 -0.0186925 0.0907142 
0.0099292 -0.0183494 -0.000111908 0.000210232 -0.0183494 0.0899386 0.000206903 -0.00059999 -0.000111908 0.000206903 0.0103063 -0.018694 0.000210232 -0.00059999 -0.018694 0.0906805 
0.00990283 -0.01828 -0.00011025 0.000211784 -0.01828 0.089788 0.000210441 -0.000616933 -0.00011025 0.000210441 0.0102894 -0.018705 0.000211784 -0.000616933 -0.018705 0.0906957 
0.00989281 -0.0182489 -8.06581e-05 0.000152127 -0.0182489 0.0896803 0.000153122 -0.00047482 -8.06581e-05 0.000153122 0.0103085 -0.0187056 0.000152127 -0.00047482 -0.0187056 0.0907371 
0.00987513 -0.0182344 -7.01311e-05 0.000121293 -0.0182344 0.0896146 0.000125551 -0.000373698 -7.01311e-05 0.000125551 0.0103366 -0.0187192 0.000121293 -0.000373698 -0.0187192 0.0907549 
0.0098751 -0.0181852 -8.42152e-05 0.000151261 -0.0181852 0.0894762 0.000159384 -0.000433897 -8.42152e-05 0.000159384 0.0103171 -0.0187583 0.000151261 -0.000433897 -0.0187583 0.0908284 
0.00985393 -0.0181795 -9.18337e-05 0.000185934 -0.0181795 0.0893999 0.000189362 -0.000525885 -9.18337e-05 0.000189362 0.0102794 -0.0187193 0.000185934 -0.000525885 -0.0187193 0.0907788 
0.00985307 -0.0181357 -7.62403e-05 0.00018481 -0.0181357 0.0892821 0.000179601 -0.000537139 -7.62403e-05 0.000179601 0.0102168 -0.018676 0.00018481 -0.000537139 -0.018676 0.0906834 
0.00986621 -0.0181519 -6.40865e-05 0.000154448 -0.0181519 0.0892861 0.00014539 -0.000479737 -6.40865e-05 0.00014539 0.0101848 -0.0185956 0.000154448 -0.000479737 -0.0185956 0.090518 
0.00990198 -0.0181972 -6.30214e-05 0.0001164 -0.0181972 0.0894081 0.00010636 -0.00037293 -6.30214e-05 0.00010636 0.0101911 -0.018549 0.0001164 -0.00037293 -0.018549 0.0903668 
0.00994109 -0.0182318 -7.199e-05 0.000130627 -0.0182318 0.0894981 0.000125733 -0.000374578 -7.199e-05 0.000125733 0.0101907 -0.0185586 0.000130627 -0.000374578 -0.0185586 0.0903248 
0.0099298 -0.018288 -8.63244e-05 0.000164389 -0.018288 0.0896301 0.00016706 -0.000468406 -8.63244e-05 0.00016706 0.0101919 -0.0185408 0.000164389 -0.000468406 -0.0185408 0.0902653 
0.0099022 -0.0182806 -9.49627e-05 0.000179127 -0.0182806 0.0896868 0.000187134 -0.000534807 -9.49627e-05 0.000187134 0.0101916 -0.0185408 0.000179127 -0.000534807 -0.0185408 0.0902414 
0.00983242 -0.0182435 -0.000100355 0.000199477 -0.0182435 0.0896373 0.000207663 -0.000599365 -0.000100355 0.000207663 0.0102154 -0.0185388 0.000199477 -0.000599365 -0.0185388 0.0902323 
0.00976495 -0.0181455 -0.000100358 0.000185907 -0.0181455 0.0894496 0.000190264 -0.000579567 -0.000100358 0.000190264 0.0102642 -0.0185909 0.000185907 -0.000579567 -0.0185909 0.0903428 
0.00977436 -0.018061 -9.68163e-05 0.000163445 -0.018061 0.0892303 0.000165844 -0.000505388 -9.68163e-05 0.000165844 0.0102666 -0.0186559 0.000163445 -0.000505388 -0.0186559 0.0905033 
0.00984158 -0.0180811 -8.93656e-05 0.000157486 -0.0180811 0.0891804 0.00015951 -0.00046451 -8.93656e-05 0.00015951 0.0102231 -0.0186481 0.000157486 -0.00046451 -0.0186481 0.090546 
0.00984642 -0.0181627 -9.28257e-05 0.000172724 -0.0181627 0.0892979 0.000171348 -0.000494487 -9.28257e-05 0.000171348 0.0101991 -0.0185771 0.000172724 -0.000494487 -0.0185771 0.0904118 
0.00986582 -0.0181799 -9.0901e-05 0.000164978 -0.0181799 0.0894095 0.000162257 -0.00048281 -9.0901e-05 0.000162257 0.0101763 -0.0185535 0.000164978 -0.00048281 -0.0185535 0.0903199 
0.00989933 -0.0181873 -9.27405e-05 0.000165242 -0.0181873 0.0894353 0.000163996 -0.000482934 -9.27405e-05 0.000163996 0.0101547 -0.0185427 0.000165242 -0.000482934 -0.0185427 0.0902948 
0.00986819 -0.0182194 -0.000107535 0.000173914 -0.0182194 0.0894796 0.000173056 -0.000504033 -0.000107535 0.000173056 0.0101925 -0.0185203 0.000173914 -0.000504033 -0.0185203 0.0902567 
0.00983527 -0.01818 -9.40261e-05 0.000151197 -0.01818 0.0894409 0.000152467 -0.00043746 -9.40261e-05 0.000152467 0.0102691 -0.0185857 0.000151197 -0.00043746 -0.0185857 0.0903664 
0.00982321 -0.0181349 -8.85057e-05 0.000150807 -0.0181349 0.0893335 0.000153942 -0.000430376 -8.85057e-05 0.000153942 0.0103185 -0.0186803 0.000150807 -0.000430376 -0.0186803 0.0905691 
0.00983666 -0.0181326 -6.76575e-05 0.000136607 -0.0181326 0.0892983 0.000136221 -0.00039348 -6.76575e-05 0.000136221 0.0103234 -0.0187314 0.000136607 -0.00039348 -0.0187314 0.0907229 
0.00984731 -0.0181586 -7.52817e-05 0.000154563 -0.0181586 0.0893424 0.000146615 -0.000439604 -7.52817e-05 0.000146615 0.0102902 -0.0187182 0.000154563 -0.000439604 -0.0187182 0.0907329 
0.00981674 -0.0181734 -8.86424e-05 0.000170656 -0.0181734 0.089395 0.000158316 -0.000482437 -8.86424e-05 0.000158316 0.010286 -0.018677 0.000170656 -0.000482437 -0.018677 0.0906628 
0.00978242 -0.0181482 -0.000106913 0.000193645 -0.0181482 0.0893954 0.000183256 -0.000544335 -0.000106913 0.000183256 0.0102999 -0.0186585 0.000193645 -0.000544335 -0.0186585 0.0905811 
0.0097182 -0.0180987 -0.000112027 0.0002011 -0.0180987 0.0892997 0.000193282 -0.00056976 -0.000112027 0.000193282 0.010346 -0.0186793 0.0002011 -0.00056976 -0.0186793 0.0905881 
0.00966199 -0.0180419 -0.000120783 0.000181841 -0.0180419 0.0892006 0.000175519 -0.000525047 -0.000120783 0.000175519 0.0104043 -0.0187227 0.000181841 -0.000525047 -0.0187227 0.0906497 
0.00967312 -0.0179577 -0.000100753 0.000162317 -0.0179577 0.0890028 0.000163515 -0.000450858 -0.000100753 0.000163515 0.0103942 -0.0188069 0.000162317 -0.000450858 -0.0188069 0.0908268 
0.00968337 -0.0179682 -9.55707e-05 0.000159628 -0.0179682 0.0889348 0.000169826 -0.000459 -9.55707e-05 0.000169826 0.0103906 -0.0188007 0.000159628 -0.000459 -0.0188007 0.0909054 
0.00970085 -0.0179898 -0.000108532 0.000174626 -0.0179898 0.0889644 0.000183043 -0.000503593 -0.000108532 0.000183043 0.0103471 -0.0187647 0.000174626 -0.000503593 -0.0187647 0.0908193 
0.00971132 -0.0179994 -0.000111512 0.000187604 -0.0179994 0.0889785 0.000186991 -0.000524681 -0.000111512 0.000186991 0.0103103 -0.0187181 0.000187604 -0.000524681 -0.0187181 0.0907159 
0.0096968 -0.0180143 -0.00011501 0.000170833 -0.0180143 0.0890146 0.00016577 -0.000484796 -0.00011501 0.00016577 0.0103441 -0.0186902 0.000170833 -0.000484796 -0.0186902 0.0906571 
0.00971447 -0.0180045 -0.000118972 0.000192468 -0.0180045 0.0890221 0.00019263 -0.000528543 -0.000118972 0.00019263 0.0103541 -0.0187255 0.000192468 -0.000528543 -0.0187255 0.0906808 
0.00971317 -0.018006 -0.000133338 0.000219301 -0.018006 0.0889877 0.000222713 -0.00061955 -0.000133338 0.000222713 0.0103554 -0.0187413 0.000219301 -0.00061955 -0.0187413 0.0907318 
0.00969797 -0.0180018 -0.000137507 0.000228188 -0.0180018 0.0889664 0.000233833 -0.000660051 -0.000137507 0.000233833 0.010335 -0.0187442 0.000228188 -0.000660051 -0.0187442 0.0907584 
0.00968665 -0.0179897 -0.000136784 0.000200007 -0.0179897 0.0889563 0.000205903 -0.000594627 -0.000136784 0.000205903 0.0103349 -0.0187302 0.000200007 -0.000594627 -0.0187302 0.0907624 
0.00972978 -0.0179657 -0.000145624 0.000227291 -0.0179657 0.0888992 0.000229028 -0.00063245 -0.000145624 0.000229028 0.0102923 -0.0187318 0.000227291 -0.00063245 -0.0187318 0.0907626 
0.00972404 -0.0180145 -0.000132655 0.000220416 -0.0180145 0.0889434 0.000216539 -0.000614436 -0.000132655 0.000216539 0.0102981 -0.0186731 0.000220416 -0.000614436 -0.0186731 0.0906591 
0.00973701 -0.0180366 -0.000121859 0.000208613 -0.0180366 0.089049 0.000199433 -0.000586792 -0.000121859 0.000199433 0.0102833 -0.0186551 0.000208613 -0.000586792 -0.0186551 0.0905455 
0.00976247 -0.0180286 -0.00010653 0.000197527 -0.0180286 0.0890431 0.000186023 -0.000555078 -0.00010653 0.000186023 0.0102506 -0.0186636 0.000197527 -0.000555078 -0.0186636 0.0905561 
0.00977749 -0.0180682 -0.000105327 0.000189591 -0.0180682 0.0891142 0.00018064 -0.000545084 -0.000105327 0.00018064 0.0102337 -0.0186185 0.000189591 -0.000545084 -0.0186185 0.090489 
0.0097619 -0.0180994 -0.000101919 0.000174074 -0.0180994 0.0892121 0.000171125 -0.000508398 -0.000101919 0.000171125 0.0102587 -0.0185797 0.000174074 -0.000508398 -0.0185797 0.0903706 
0.00974005 -0.0180822 -0.000111353 0.00017334 -0.0180822 0.0892194 0.000175426 -0.000499314 -0.000111353 0.000175426 0.0102672 -0.018594 0.00017334 -0.000499314 -0.018594 0.0903211 
0.00971426 -0.0180351 -0.000112082 0.000172535 -0.0180351 0.0891167 0.000178728 -0.000488643 -0.000112082 0.000178728 0.0102849 -0.0186303 0.000172535 -0.000488643 -0.0186303 0.0904038 
0.00970687 -0.0179961 -0.000113435 0.000183528 -0.0179961 0.0889985 0.000194604 -0.000521106 -0.000113435 0.000194604 0.0102744 -0.0186503 0.000183528 -0.000521106 -0.0186503 0.0904679 
0.00973574 -0.0179879 -0.00010775 0.000174914 -0.0179879 0.0889438 0.000187171 -0.000512368 -0.00010775 0.000187171 0.0102446 -0.0186496 0.000174914 -0.000512368 -0.0186496 0.0905122 
0.00979079 -0.0180235 -9.98828e-05 0.000157586 -0.0180235 0.0889868 0.0001665 -0.000468231 -9.98828e-05 0.0001665 0.0102008 -0.0186298 0.000157586 -0.000468231 -0.0186298 0.090519 
0.00979118 -0.0180887 -8.89449e-05 0.000162979 -0.0180887 0.0891079 0.000169884 -0.00046926 -8.89449e-05 0.000169884 0.0101981 -0.0185719 0.000162979 -0.00046926 -0.0185719 0.0904217 
0.0097256 -0.0180755 -7.68411e-05 0.000136023 -0.0180755 0.0891233 0.000139827 -0.000411352 -7.68411e-05 0.000139827 0.0102374 -0.018568 0.000136023 -0.000411352 -0.018568 0.0903645 
0.00967742 -0.0180072 -6.1357e-05 0.000106703 -0.0180072 0.0890311 0.000102571 -0.000315634 -6.1357e-05 0.000102571 0.0102801 -0.0186114 0.000106703 -0.000315634 -0.0186114 0.0904144 
0.00966319 -0.0179396 -7.39526e-05 0.00012968 -0.0179396 0.0888624 0.000118978 -0.000348285 -7.39526e-05 0.000118978 0.0102832 -0.0186543 0.00012968 -0.000348285 -0.0186543 0.0904963 
0.00970153 -0.0179199 -9.1104e-05 0.000167117 -0.0179199 0.0887589 0.000156127 -0.00044798 -9.1104e-05 0.000156127 0.0102502 -0.018655 0.000167117 -0.00044798 -0.018655 0.090532 
0.0097742 -0.0179798 -9.78224e-05 0.000176991 -0.0179798 0.0888342 0.000172604 -0.000505669 -9.78224e-05 0.000172604 0.0102087 -0.018613 0.000176991 -0.000505669 -0.018613 0.0904729 
0.00979058 -0.0180687 -0.000102744 0.000171891 -0.0180687 0.089016 0.00017448 -0.000514969 -0.000102744 0.00017448 0.0102408 -0.0185717 0.000171891 -0.000514969 -0.0185717 0.0903868 
0.00977142 -0.0180863 -0.00011331 0.000198284 -0.0180863 0.0891158 0.000204509 -0.000580584 -0.00011331 0.000204509 0.0102494 -0.0185987 0.000198284 -0.000580584 -0.0185987 0.0903674 
0.00974707 -0.01809 -0.000112099 0.000187414 -0.01809 0.0891886 0.000194821 -0.000566174 -0.000112099 0.000194821 0.0102504 -0.018593 0.000187414 -0.000566174 -0.018593 0.0903459 
0.00974933 -0.0180475 -0.000100533 0.000172443 -0.0180475 0.0891314 0.000178852 -0.000515872 -0.000100533 0.000178852 0.0102241 -0.0186107 0.000172443 -0.000515872 -0.0186107 0.0903887 
0.00976854 -0.0180425 -8.62789e-05 0.0001528 -0.0180425 0.0890865 0.000155438 -0.000454311 -8.62789e-05 0.000155438 0.010192 -0.018587 0.0001528 -0.000454311 -0.018587 0.0903832 
0.00982424 -0.0180693 -7.61213e-05 0.000146949 -0.0180693 0.0891224 0.00014543 -0.000426342 -7.61213e-05 0.00014543 0.0101206 -0.0185406 0.000146949 -0.000426342 -0.0185406 0.0902891 
0.0099001 -0.018137 -6.9578e-05 0.00013734 -0.018137 0.0892492 0.000134489 -0.000407398 -6.9578e-05 0.000134489 0.0100477 -0.0184582 0.00013734 -0.000407398 -0.0184582 0.0901311 
0.00996384 -0.0182389 -7.55958e-05 0.000138279 -0.0182389 0.0894775 0.000136119 -0.000414208 -7.55958e-05 0.000136119 0.0100069 -0.0183647 0.000138279 -0.000414208 -0.0183647 0.0899123 
0.00999217 -0.0183186 -7.01906e-05 0.00013161 -0.0183186 0.0896973 0.000134519 -0.000397044 -7.01906e-05 0.000134519 0.010001 -0.0183091 0.00013161 -0.000397044 -0.0183091 0.0897243 
0.00998599 -0.0183566 -8.42677e-05 0.000127795 -0.0183566 0.0898465 0.000133498 -0.000394948 -8.42677e-05 0.000133498 0.0100415 -0.0183093 0.000127795 -0.000394948 -0.0183093 0.0896677 
0.00996147 -0.0183376 -0.000103702 0.000166869 -0.0183376 0.0898502 0.000170099 -0.000471246 -0.000103702 0.000170099 0.0100842 -0.0183626 0.000166869 -0.000471246 -0.0183626 0.0897401 
0.00994241 -0.0183058 -0.000102702 0.00018368 -0.0183058 0.0897881 0.000180315 -0.000515999 -0.000102702 0.000180315 0.0101208 -0.018425 0.00018368 -0.000515999 -0.018425 0.0898903 
0.00989535 -0.0182598 -0.000108217 0.000192682 -0.0182598 0.0896606 0.000187768 -0.000554622 -0.000108217 0.000187768 0.0101859 -0.0184962 0.000192682 -0.000554622 -0.0184962 0.0900977 
0.00982833 -0.0182144 -0.000112613 0.000197235 -0.0182144 0.0895551 0.000192983 -0.000570267 -0.000112613 0.000192983 0.0102595 -0.0185704 0.000197235 -0.000570267 -0.0185704 0.090287 
0.00980504 -0.018127 -0.000101586 0.000183726 -0.018127 0.0893634 0.000178309 -0.000531123 -0.000101586 0.000178309 0.0102788 -0.0186679 0.000183726 -0.000531123 -0.0186679 0.0905288 
