0.00745609 0 4.2214e-05 0 0 0.01 0 0 4.2214e-05 0 0.00727231 0 0 0 0 0.01 
0.0104776 -0.0130199 4.00672e-05 -5.27945e-05 -0.0130199 0.0341391 -5.27945e-05 0.000101145 4.00672e-05 -5.27945e-05 0.0102797 -0.0127562 -5.27945e-05 0.000101145 -0.0127562 0.0336341 
0.0104752 -0.0196363 3.26196e-05 -4.78108e-05 -0.0196363 0.0720129 -4.78108e-05 0.000172402 3.26196e-05 -4.78108e-05 0.0104569 -0.0194276 -4.78108e-05 0.000172402 -0.0194276 0.0712233 
0.00985125 -0.01932 5.14003e-05 -9.62278e-05 -0.01932 0.0863303 -8.55845e-05 0.000335702 5.14003e-05 -8.55845e-05 0.00986181 -0.0189843 -9.62278e-05 0.000335702 -0.0189843 0.0847023 
0.00979811 -0.0184714 5.15455e-05 -9.86738e-05 -0.0184714 0.0888724 -8.0084e-05 0.000266856 5.15455e-05 -8.0084e-05 0.00983264 -0.0183459 -9.86738e-05 0.000266856 -0.0183459 0.0880446 
0.00996653 -0.0183437 6.43979e-05 -9.1361e-05 -0.0183437 0.089461 -7.63018e-05 0.000207831 6.43979e-05 -7.63018e-05 0.00996064 -0.018249 -9.1361e-05 0.000207831 -0.018249 0.0891047 
0.0100781 -0.0185183 0.000123157 -0.000128794 -0.0185183 0.0900911 -0.000124154 0.000301914 0.000123157 -0.000124154 0.0100147 -0.0182297 -0.000128794 0.000301914 -0.0182297 0.0893566 
0.0101522 -0.0185944 0.000159942 -0.000197938 -0.0185944 0.0904886 -0.000201545 0.000475133 0.000159942 -0.000201545 0.0100249 -0.0182378 -0.000197938 0.000475133 -0.0182378 0.0893925 
0.0101748 -0.0185976 0.000165075 -0.000217716 -0.0185976 0.0905339 -0.000224656 0.000561184 0.000165075 -0.000224656 0.0100372 -0.0182766 -0.000217716 0.000561184 -0.0182766 0.0894616 
0.0102123 -0.0186095 0.000181939 -0.000227273 -0.0186095 0.0905389 -0.000230891 0.000606447 0.000181939 -0.000230891 0.010047 -0.0183064 -0.000227273 0.000606447 -0.0183064 0.08954 
0.0102614 -0.0186533 0.000183772 -0.00024036 -0.0186533 0.0906131 -0.000236066 0.00062255 0.000183772 -0.000236066 0.0100952 -0.0183683 -0.00024036 0.00062255 -0.0183683 0.0897264 
0.0102762 -0.0187145 0.000190685 -0.000245022 -0.0187145 0.090735 -0.000233273 0.000628135 0.000190685 -0.000233273 0.010142 -0.018437 -0.000245022 0.000628135 -0.018437 0.0899214 
0.0102783 -0.0187831 0.000191263 -0.000265966 -0.0187831 0.0909499 -0.000254123 0.000673111 0.000191263 -0.000254123 0.010139 -0.0184472 -0.000265966 0.000673111 -0.0184472 0.089971 
0.01025 -0.0187857 0.000197018 -0.0002613 -0.0187857 0.0910364 -0.00025404 0.000685397 0.000197018 -0.00025404 0.0101295 -0.0184517 -0.0002613 0.000685397 -0.0184517 0.0900117 
0.0102185 -0.0187394 0.000207598 -0.000248025 -0.0187394 0.0909875 -0.000241788 0.00064178 0.000207598 -0.000241788 0.0101515 -0.0184752 -0.000248025 0.00064178 -0.0184752 0.0901058 
0.0101833 -0.0186932 0.000201431 -0.000253045 -0.0186932 0.0908733 -0.000248329 0.000623278 0.000201431 -0.000248329 0.0101532 -0.0184933 -0.000253045 0.000623278 -0.0184933 0.0901594 
0.0101575 -0.0186119 0.000175503 -0.000225576 -0.0186119 0.0906665 -0.000224776 0.000557399 0.000175503 -0.000224776 0.0101836 -0.0185505 -0.000225576 0.000557399 -0.0185505 0.0903332 
0.0101732 -0.0185975 0.000149292 -0.000211691 -0.0185975 0.0905762 -0.000215214 0.000533845 0.000149292 -0.000215214 0.0101812 -0.0185591 -0.000211691 0.000533845 -0.0185591 0.0903825 
0.0101891 -0.0186568 0.00011113 -0.00020414 -0.0186568 0.0906704 -0.000206997 0.000536864 0.00011113 -0.000206997 0.0101167 -0.0184768 -0.00020414 0.000536864 -0.0184768 0.090179 
0.0102008 -0.0186828 7.76586e-05 -0.000155298 -0.0186828 0.0907738 -0.000155962 0.000453974 7.76586e-05 -0.000155962 0.0100646 -0.0183997 -0.000155298 0.000453974 -0.0183997 0.0899715 
0.0101996 -0.0186637 4.87096e-05 -0.000102472 -0.0186637 0.090746 -9.9941e-05 0.00031366 4.87096e-05 -9.9941e-05 0.0100503 -0.0183693 -0.000102472 0.00031366 -0.0183693 0.0898746 
0.0101865 -0.0186616 8.84811e-05 -6.20555e-05 -0.0186616 0.0907351 -6.07154e-05 0.000194502 8.84811e-05 -6.07154e-05 0.0100851 -0.0183639 -6.20555e-05 0.000194502 -0.0183639 0.0898426 
0.0101808 -0.0186339 0.000146211 -0.000121712 -0.0186339 0.0906758 -0.000120697 0.000257326 0.000146211 -0.000120697 0.0101241 -0.0184233 -0.000121712 0.000257326 -0.0184233 0.0899433 
0.0102059 -0.0186372 0.000148376 -0.000183434 -0.0186372 0.090672 -0.000184244 0.000389246 0.000148376 -0.000184244 0.0101587 -0.0184801 -0.000183434 0.000389246 -0.0184801 0.0900965 
0.0102422 -0.0186794 0.000124075 -0.000195212 -0.0186794 0.0907466 -0.000201348 0.000484036 0.000124075 -0.000201348 0.0101656 -0.0185099 -0.000195212 0.000484036 -0.0185099 0.0901912 
0.0102781 -0.0187075 8.41617e-05 -0.00015779 -0.0187075 0.0908072 -0.000167543 0.00045045 8.41617e-05 -0.000167543 0.0101726 -0.0185469 -0.00015779 0.00045045 -0.0185469 0.0903172 
0.010297 -0.0187667 5.4088e-05 -0.000117624 -0.0187667 0.0909408 -0.000128732 0.000376895 5.4088e-05 -0.000128732 0.0101644 -0.0185381 -0.000117624 0.000376895 -0.0185381 0.0903321 
0.0102837 -0.018813 6.73414e-05 -9.72677e-05 -0.018813 0.0910893 -0.000109223 0.000330476 6.73414e-05 -0.000109223 0.0101413 -0.0184866 -9.72677e-05 0.000330476 -0.0184866 0.0902054 
0.0102883 -0.0188008 6.83517e-05 -0.000114746 -0.0188008 0.0911314 -0.000124982 0.000340114 6.83517e-05 -0.000124982 0.0101034 -0.018451 -0.000114746 0.000340114 -0.018451 0.0900881 
0.0102869 -0.0187534 6.73594e-05 -9.65904e-05 -0.0187534 0.091006 -9.93973e-05 0.000292603 6.73594e-05 -9.93973e-05 0.0101156 -0.0184712 -9.65904e-05 0.000292603 -0.0184712 0.0901488 
0.0102669 -0.0187742 7.41453e-05 -0.000117909 -0.0187742 0.0909912 -0.00011054 0.000311825 7.41453e-05 -0.00011054 0.0100812 -0.0184105 -0.000117909 0.000311825 -0.0184105 0.0899869 
0.0102558 -0.0187699 6.39557e-05 -0.000118803 -0.0187699 0.0910283 -0.000107994 0.00031365 6.39557e-05 -0.000107994 0.0100744 -0.0183722 -0.000118803 0.00031365 -0.0183722 0.0898634 
0.0102442 -0.0187719 5.62506e-05 -0.000100981 -0.0187719 0.0910582 -9.74703e-05 0.000289138 5.62506e-05 -9.74703e-05 0.0100807 -0.0183374 -0.000100981 0.000289138 -0.0183374 0.0897282 
0.0102385 -0.018754 4.82256e-05 -8.51229e-05 -0.018754 0.0910334 -8.76919e-05 0.000249821 4.82256e-05 -8.76919e-05 0.0100767 -0.018337 -8.51229e-05 0.000249821 -0.018337 0.0896636 
0.0102434 -0.0187363 3.82572e-05 -8.80266e-05 -0.0187363 0.0909788 -9.20899e-05 0.000257421 3.82572e-05 -9.20899e-05 0.0100729 -0.0183475 -8.80266e-05 0.000257421 -0.0183475 0.0896842 
0.0102556 -0.018726 3.0283e-05 -7.2377e-05 -0.018726 0.0909278 -7.19193e-05 0.000228934 3.0283e-05 -7.19193e-05 0.0100705 -0.0183766 -7.2377e-05 0.000228934 -0.0183766 0.0897788 
0.0102612 -0.0187378 2.28424e-05 -7.78461e-05 -0.0187378 0.0909196 -7.36751e-05 0.000236248 2.28424e-05 -7.36751e-05 0.0100506 -0.0183737 -7.78461e-05 0.000236248 -0.0183737 0.0898173 
0.0102539 -0.0187662 2.27127e-05 -7.08847e-05 -0.0187662 0.0909893 -6.80015e-05 0.000231973 2.27127e-05 -6.80015e-05 0.0100205 -0.0183224 -7.08847e-05 0.000231973 -0.0183224 0.0897214 
0.010216 -0.0186973 2.34914e-05 -4.60015e-05 -0.0186973 0.0908409 -4.55044e-05 0.000166715 2.34914e-05 -4.55044e-05 0.0100211 -0.0183427 -4.60015e-05 0.000166715 -0.0183427 0.0897742 
0.0101871 -0.0186427 1.84806e-06 -3.53144e-05 -0.0186427 0.0906786 -3.67656e-05 0.000111957 1.84806e-06 -3.67656e-05 0.0100064 -0.0183496 -3.53144e-05 0.000111957 -0.0183496 0.0898169 
0.0101575 -0.01859 1.21848e-05 -1.32082e-05 -0.01859 0.0905219 -1.02875e-05 6.07957e-05 1.21848e-05 -1.02875e-05 0.0100213 -0.0183579 -1.32082e-05 6.07957e-05 -0.0183579 0.0898764 
0.0101667 -0.0185969 2.86382e-05 -4.22963e-05 -0.0185969 0.0905189 -3.92022e-05 0.000101408 2.86382e-05 -3.92022e-05 0.0100204 -0.0183197 -4.22963e-05 0.000101408 -0.0183197 0.0897734 
0.0101877 -0.0186184 2.10824e-05 -5.85151e-05 -0.0186184 0.0905696 -5.78333e-05 0.000150055 2.10824e-05 -5.78333e-05 0.0100082 -0.0183038 -5.85151e-05 0.000150055 -0.0183038 0.0896838 
0.0102141 -0.0186371 -8.67012e-06 -3.94034e-05 -0.0186371 0.0906219 -4.23247e-05 0.000133254 -8.67012e-06 -4.23247e-05 0.0100017 -0.0183093 -3.94034e-05 0.000133254 -0.0183093 0.0896821 
0.0102084 -0.0186607 7.89631e-06 -1.8185e-05 -0.0186607 0.0906586 -2.35126e-05 0.000107488 7.89631e-06 -2.35126e-05 0.00998925 -0.0182883 -1.8185e-05 0.000107488 -0.0182883 0.0896317 
0.0101847 -0.0186577 -1.79381e-05 -2.79558e-05 -0.0186577 0.0906767 -3.02371e-05 8.99938e-05 -1.79381e-05 -3.02371e-05 0.00997436 -0.0182658 -2.79558e-05 8.99938e-05 -0.0182658 0.0895661 
0.0101725 -0.0186204 -3.17877e-05 -1.45038e-05 -0.0186204 0.0906161 -1.25708e-05 8.77167e-05 -3.17877e-05 -1.25708e-05 0.00997215 -0.0182542 -1.45038e-05 8.77167e-05 -0.0182542 0.0895298 
0.0101507 -0.0186229 -3.76658e-05 -3.1407e-06 -0.0186229 0.0906024 5.54247e-08 6.75531e-05 -3.76658e-05 5.54247e-08 0.00994969 -0.0182156 -3.1407e-06 6.75531e-05 -0.0182156 0.0894146 
0.0101246 -0.0185967 -3.8958e-05 1.69341e-05 -0.0185967 0.09057 1.80203e-05 1.80779e-05 -3.8958e-05 1.80203e-05 0.00995172 -0.0181998 1.69341e-05 1.80779e-05 -0.0181998 0.0893576 
0.0101342 -0.0185669 -3.32721e-05 1.8818e-05 -0.0185669 0.0905132 1.6989e-05 7.54032e-07 -3.32721e-05 1.6989e-05 0.00995138 -0.0182043 1.8818e-05 7.54032e-07 -0.0182043 0.0893464 
0.01018 -0.0185546 -2.18748e-05 1.48254e-05 -0.0185546 0.0904464 9.71654e-06 6.79867e-06 -2.18748e-05 9.71654e-06 0.00996076 -0.0182422 1.48254e-05 6.79867e-06 -0.0182422 0.0894517 
0.0102355 -0.0186098 -2.31435e-05 4.99433e-06 -0.0186098 0.0905079 1.19586e-06 1.86219e-05 -2.31435e-05 1.19586e-06 0.00996744 -0.0182649 4.99433e-06 1.86219e-05 -0.0182649 0.0895413 
0.0102773 -0.0187143 -1.6379e-05 -1.89695e-05 -0.0187143 0.0907419 -1.8174e-05 8.32794e-05 -1.6379e-05 -1.8174e-05 0.00994605 -0.0182258 -1.89695e-05 8.32794e-05 -0.0182258 0.0894601 
0.0102581 -0.0187585 -1.2095e-05 -2.08878e-05 -0.0187585 0.0908975 -1.5943e-05 9.48443e-05 -1.2095e-05 -1.5943e-05 0.00995367 -0.0182009 -2.08878e-05 9.48443e-05 -0.0182009 0.089384 
0.0102234 -0.0187227 1.14689e-05 -1.52447e-05 -0.0187227 0.0908869 -1.2149e-05 8.25783e-05 1.14689e-05 -1.2149e-05 0.00997695 -0.0182342 -1.52447e-05 8.25783e-05 -0.0182342 0.0894349 
0.0102212 -0.0186794 1.96003e-05 -4.25287e-05 -0.0186794 0.0908011 -4.2577e-05 0.000121304 1.96003e-05 -4.2577e-05 0.00997814 -0.0182669 -4.25287e-05 0.000121304 -0.0182669 0.089522 
0.0101866 -0.0186493 2.2218e-05 -4.63935e-05 -0.0186493 0.0906729 -4.89008e-05 0.00014326 2.2218e-05 -4.89008e-05 0.00996084 -0.0182816 -4.63935e-05 0.00014326 -0.0182816 0.089596 
0.0101661 -0.0186119 1.09845e-05 -4.64626e-05 -0.0186119 0.0905933 -5.17576e-05 0.000152284 1.09845e-05 -5.17576e-05 0.00997389 -0.0182827 -4.64626e-05 0.000152284 -0.0182827 0.0896537 
0.0101871 -0.0186021 8.56094e-06 -4.26045e-05 -0.0186021 0.0905654 -4.83503e-05 0.000163223 8.56094e-06 -4.83503e-05 0.00998183 -0.0182807 -4.26045e-05 0.000163223 -0.0182807 0.0896464 
0.0101904 -0.0186285 -6.55563e-06 -4.14811e-05 -0.0186285 0.0905937 -4.13956e-05 0.000156709 -6.55563e-06 -4.13956e-05 0.0100017 -0.0182784 -4.14811e-05 0.000156709 -0.0182784 0.089622 
0.0101598 -0.0186206 -4.13308e-05 -1.672e-06 -0.0186206 0.0905859 3.40973e-06 6.04312e-05 -4.13308e-05 3.40973e-06 0.0100409 -0.0183141 -1.672e-06 6.04312e-05 -0.0183141 0.0896749 
0.0101834 -0.018624 -2.11402e-05 3.0388e-05 -0.018624 0.0906348 3.38326e-05 -1.98564e-05 -2.11402e-05 3.38326e-05 0.0100475 -0.0183227 3.0388e-05 -1.98564e-05 -0.0183227 0.0896716 
0.0102016 -0.0186612 1.6179e-05 -2.00143e-06 -0.0186612 0.0907063 -2.03927e-06 9.16794e-06 1.6179e-05 -2.03927e-06 0.0100381 -0.0183102 -2.00143e-06 9.16794e-06 -0.0183102 0.0896293 
0.0101809 -0.0186741 5.72942e-05 -6.64795e-05 -0.0186741 0.0907334 -6.98596e-05 0.000157978 5.72942e-05 -6.98596e-05 0.0100089 -0.0182887 -6.64795e-05 0.000157978 -0.0182887 0.0895684 
0.0101503 -0.0186191 3.91507e-05 -9.81669e-05 -0.0186191 0.090624 -0.00010059 0.00024816 3.91507e-05 -0.00010059 0.00999041 -0.0182874 -9.81669e-05 0.00024816 -0.0182874 0.0895831 
0.0101262 -0.0185606 9.61506e-06 -6.87481e-05 -0.0185606 0.0904666 -6.91966e-05 0.000227621 9.61506e-06 -6.91966e-05 0.00998958 -0.0182971 -6.87481e-05 0.000227621 -0.0182971 0.0896409 
0.0101097 -0.0185354 3.18249e-06 -3.46914e-05 -0.0185354 0.0903616 -3.4609e-05 0.00015389 3.18249e-06 -3.4609e-05 0.00996732 -0.0182734 -3.46914e-05 0.00015389 -0.0182734 0.0896001 
0.0101156 -0.018503 -5.33653e-06 -2.21631e-05 -0.018503 0.0902702 -2.28875e-05 9.8544e-05 -5.33653e-06 -2.28875e-05 0.0099618 -0.0182695 -2.21631e-05 9.8544e-05 -0.0182695 0.0896021 
0.0101252 -0.0185207 -2.20233e-05 -1.68757e-05 -0.0185207 0.0902634 -1.54273e-05 7.35256e-05 -2.20233e-05 -1.54273e-05 0.00992728 -0.0182258 -1.68757e-05 7.35256e-05 -0.0182258 0.0894893 
0.0101356 -0.0185301 -2.67953e-05 2.50399e-06 -0.0185301 0.0902851 8.07368e-06 3.08883e-05 -2.67953e-05 8.07368e-06 0.00989731 -0.0181888 2.50399e-06 3.08883e-05 -0.0181888 0.089388 
0.0101713 -0.0185694 -1.81178e-05 -7.52987e-07 -0.0185694 0.0903934 4.76665e-06 2.70759e-05 -1.81178e-05 4.76665e-06 0.00987023 -0.0181309 -7.52987e-07 2.70759e-05 -0.0181309 0.0892338 
0.0102054 -0.018595 -1.86324e-05 4.76529e-07 -0.018595 0.090464 6.6232e-06 1.18027e-05 -1.86324e-05 6.6232e-06 0.0098671 -0.0181293 4.76529e-07 1.18027e-05 -0.0181293 0.0892025 
0.0102096 -0.0186456 -3.47649e-05 -5.86139e-06 -0.0186456 0.0905819 6.3896e-07 2.51616e-05 -3.47649e-05 6.3896e-07 0.00987492 -0.0181219 -5.86139e-06 2.51616e-05 -0.0181219 0.0891783 
0.0101796 -0.0186433 -7.01296e-06 1.81229e-05 -0.0186433 0.0906341 2.04598e-05 8.56723e-07 -7.01296e-06 2.04598e-05 0.00992312 -0.0181662 1.81229e-05 8.56723e-07 -0.0181662 0.0892819 
0.0101628 -0.0186325 8.07044e-06 -2.50658e-05 -0.0186325 0.0906562 -2.89831e-05 7.06642e-05 8.07044e-06 -2.89831e-05 0.00993014 -0.0181894 -2.50658e-05 7.06642e-05 -0.0181894 0.0893264 
0.0101608 -0.0185947 -2.0134e-05 -3.06675e-05 -0.0185947 0.0905816 -3.6142e-05 0.000105588 -2.0134e-05 -3.6142e-05 0.00993535 -0.0182151 -3.06675e-05 0.000105588 -0.0182151 0.0894079 
0.0101795 -0.0185674 -7.54662e-05 2.08933e-05 -0.0185674 0.0904773 1.51067e-05 1.71842e-05 -7.54662e-05 1.51067e-05 0.00992922 -0.0182466 2.08933e-05 1.71842e-05 -0.0182466 0.0895137 
0.0101797 -0.0185727 -0.00011359 7.81818e-05 -0.0185727 0.0904223 7.20021e-05 -0.000101207 -0.00011359 7.20021e-05 0.00993896 -0.0182573 7.81818e-05 -0.000101207 -0.0182573 0.0895913 
0.010189 -0.0186066 -0.000114613 0.000114747 -0.0186066 0.0904972 0.000107931 -0.000197942 -0.000114613 0.000107931 0.00991991 -0.018229 0.000114747 -0.000197942 -0.018229 0.0895256 
0.010216 -0.0186412 -0.000123482 0.00011063 -0.0186412 0.0906141 0.000106276 -0.00022585 -0.000123482 0.000106276 0.00992568 -0.0181915 0.00011063 -0.00022585 -0.0181915 0.0894277 
0.010228 -0.0186701 -8.8829e-05 0.000104311 -0.0186701 0.0906962 9.9557e-05 -0.000195095 -8.8829e-05 9.9557e-05 0.00995368 -0.0181993 0.000104311 -0.000195095 -0.0181993 0.0893961 
0.0102429 -0.0186875 -6.46742e-05 6.04772e-05 -0.0186875 0.090748 5.32709e-05 -0.00011131 -6.46742e-05 5.32709e-05 0.00993634 -0.0182149 6.04772e-05 -0.00011131 -0.0182149 0.0893879 
0.0102731 -0.018734 -1.98237e-05 2.30331e-05 -0.018734 0.0908811 1.79115e-05 -7.08056e-06 -1.98237e-05 1.79115e-05 0.00993754 -0.0181863 2.30331e-05 -7.08056e-06 -0.0181863 0.0893427 
0.0102787 -0.0187503 1.28732e-05 -2.1588e-05 -0.0187503 0.0909385 -2.00985e-05 8.17558e-05 1.28732e-05 -2.00985e-05 0.00997833 -0.0182223 -2.1588e-05 8.17558e-05 -0.0182223 0.0894122 
0.0102882 -0.0187369 -1.47799e-05 -4.54898e-05 -0.0187369 0.0909152 -3.81237e-05 0.000131909 -1.47799e-05 -3.81237e-05 0.0100004 -0.0183069 -4.54898e-05 0.000131909 -0.0183069 0.0896175 
0.0103035 -0.0187756 -4.4616e-05 -9.56855e-06 -0.0187756 0.0909972 -1.54589e-06 8.84447e-05 -4.4616e-05 -1.54589e-06 0.0099991 -0.0183173 -9.56855e-06 8.84447e-05 -0.0183173 0.0897081 
0.0102772 -0.018787 -4.79348e-05 2.21295e-05 -0.018787 0.0910357 2.8654e-05 1.55167e-05 -4.79348e-05 2.8654e-05 0.0100076 -0.018307 2.21295e-05 1.55167e-05 -0.018307 0.0897097 
0.0102609 -0.0187317 -7.60754e-05 5.24963e-05 -0.0187317 0.0909398 5.81956e-05 -9.27051e-05 -7.60754e-05 5.81956e-05 0.0100211 -0.0183485 5.24963e-05 -9.27051e-05 -0.0183485 0.089804 
0.0102711 -0.0187475 -0.000102012 6.81242e-05 -0.0187475 0.090955 7.14774e-05 -0.000133532 -0.000102012 7.14774e-05 0.0100148 -0.0183201 6.81242e-05 -0.000133532 -0.0183201 0.0897536 
0.0102829 -0.0187429 -0.000135455 9.94246e-05 -0.0187429 0.0909397 0.000102628 -0.000196993 -0.000135455 0.000102628 0.0100159 -0.0183303 9.94246e-05 -0.000196993 -0.0183303 0.0897598 
0.0103121 -0.0187542 -0.000159108 0.000126781 -0.0187542 0.0909474 0.000129691 -0.000248931 -0.000159108 0.000129691 0.0100099 -0.0183376 0.000126781 -0.000248931 -0.0183376 0.0897844 
0.0103839 -0.0188403 -0.000146336 0.000127055 -0.0188403 0.0911412 0.000126047 -0.000231952 -0.000146336 0.000126047 0.00996621 -0.0182734 0.000127055 -0.000231952 -0.0182734 0.089634 
0.0104037 -0.0188963 -0.000134586 0.000125644 -0.0188963 0.0912741 0.000124047 -0.000237913 -0.000134586 0.000124047 0.00995717 -0.0182627 0.000125644 -0.000237913 -0.0182627 0.0895965 
0.0103567 -0.0188863 -0.000104511 0.000124084 -0.0188863 0.0912734 0.000123374 -0.000249741 -0.000104511 0.000123374 0.00998733 -0.0182941 0.000124084 -0.000249741 -0.0182941 0.0896829 
0.0102821 -0.0188421 -5.39946e-05 6.4996e-05 -0.0188421 0.0911974 6.64576e-05 -0.000139031 -5.39946e-05 6.64576e-05 0.00998668 -0.0182787 6.4996e-05 -0.000139031 -0.0182787 0.0896358 
0.0101963 -0.0187408 -3.03097e-05 5.08238e-05 -0.0187408 0.0910046 5.21503e-05 -0.000119465 -3.03097e-05 5.21503e-05 0.0100214 -0.0183028 5.08238e-05 -0.000119465 -0.0183028 0.089681 
0.0101684 -0.0186428 -5.49115e-05 1.16018e-05 -0.0186428 0.0907719 1.03628e-05 -3.55391e-05 -5.49115e-05 1.03628e-05 0.0100267 -0.0183268 1.16018e-05 -3.55391e-05 -0.0183268 0.0897173 
0.0101624 -0.0186211 -6.30744e-05 2.78617e-05 -0.0186211 0.0906484 2.34965e-05 -6.50545e-06 -6.30744e-05 2.34965e-05 0.0100112 -0.0182944 2.78617e-05 -6.50545e-06 -0.0182944 0.0896356 
0.0101736 -0.0185862 -7.97396e-05 6.33217e-05 -0.0185862 0.0905413 5.58966e-05 -8.49395e-05 -7.97396e-05 5.58966e-05 0.0100352 -0.018333 6.33217e-05 -8.49395e-05 -0.018333 0.0897226 
0.0102176 -0.018636 -5.86507e-05 5.57753e-05 -0.018636 0.0906212 4.7871e-05 -7.13362e-05 -5.86507e-05 4.7871e-05 0.0100389 -0.0183269 5.57753e-05 -7.13362e-05 -0.0183269 0.0897097 
0.0102616 -0.0187095 -6.6032e-05 3.24161e-05 -0.0187095 0.0907948 2.45559e-05 -3.22223e-05 -6.6032e-05 2.45559e-05 0.0100191 -0.018308 3.24161e-05 -3.22223e-05 -0.018308 0.0896469 
0.0102742 -0.0187215 -8.34655e-05 5.02398e-05 -0.0187215 0.0908379 4.80685e-05 -5.89166e-05 -8.34655e-05 4.80685e-05 0.0100277 -0.0183369 5.02398e-05 -5.89166e-05 -0.0183369 0.0897288 
0.0103118 -0.0187503 -0.000110402 6.1011e-05 -0.0187503 0.0909069 6.49455e-05 -8.77256e-05 -0.000110402 6.49455e-05 0.0100072 -0.0183324 6.1011e-05 -8.77256e-05 -0.0183324 0.0897417 
0.0103202 -0.0187866 -0.00011666 9.94817e-05 -0.0187866 0.0909778 0.000104656 -0.000169718 -0.00011666 0.000104656 0.00999829 -0.0183205 9.94817e-05 -0.000169718 -0.0183205 0.0897433 
0.0103112 -0.0187712 -0.000134563 0.000121515 -0.0187712 0.0909582 0.000123902 -0.000252149 -0.000134563 0.000123902 0.0100058 -0.0183493 0.000121515 -0.000252149 -0.0183493 0.0898324 
0.0102741 -0.0187752 -0.000140419 0.000143385 -0.0187752 0.090963 0.000142663 -0.000313858 -0.000140419 0.000142663 0.00999807 -0.018325 0.000143385 -0.000313858 -0.018325 0.0897908 
0.0102558 -0.0187818 -0.000131331 0.000123911 -0.0187818 0.0910413 0.000122204 -0.000275027 -0.000131331 0.000122204 0.00998975 -0.0182561 0.000123911 -0.000275027 -0.0182561 0.0895986 
0.0102734 -0.0187356 -0.000134772 0.000117992 -0.0187356 0.0909792 0.000117345 -0.000247978 -0.000134772 0.000117345 0.0100163 -0.0182873 0.000117992 -0.000247978 -0.0182873 0.089614 
0.0102906 -0.0187319 -0.000131775 0.00014642 -0.0187319 0.0909178 0.000147401 -0.000310029 -0.000131775 0.000147401 0.0100897 -0.0183687 0.00014642 -0.000310029 -0.0183687 0.0898078 
0.0103153 -0.0187991 -0.000129331 0.000111263 -0.0187991 0.0910446 0.000110892 -0.000248657 -0.000129331 0.000110892 0.0100926 -0.0183869 0.000111263 -0.000248657 -0.0183869 0.0898363 
0.0103096 -0.0188138 -0.000117444 0.000119243 -0.0188138 0.0911142 0.000117446 -0.000240892 -0.000117444 0.000117446 0.0101207 -0.0184274 0.000119243 -0.000240892 -0.0184274 0.0899546 
0.0103311 -0.0188074 -0.000134259 0.000112537 -0.0188074 0.0911278 0.000113625 -0.000245866 -0.000134259 0.000113625 0.010124 -0.0184696 0.000112537 -0.000245866 -0.0184696 0.0900783 
0.0103711 -0.0188725 -0.000116198 9.42533e-05 -0.0188725 0.0912598 9.61404e-05 -0.00017502 -0.000116198 9.61404e-05 0.0100526 -0.0184021 9.42533e-05 -0.00017502 -0.0184021 0.089944 
0.0103713 -0.0189203 -0.000106086 8.42527e-05 -0.0189203 0.091384 8.40934e-05 -0.000149813 -0.000106086 8.40934e-05 0.00999406 -0.018304 8.42527e-05 -0.000149813 -0.018304 0.0897172 
0.0103392 -0.0188925 -9.2011e-05 7.3964e-05 -0.0188925 0.0913612 7.13402e-05 -0.000120203 -9.2011e-05 7.13402e-05 0.00996415 -0.018269 7.3964e-05 -0.000120203 -0.018269 0.0896063 
0.0103253 -0.0188344 -0.000113788 6.65351e-05 -0.0188344 0.0912388 6.37968e-05 -0.000103791 -0.000113788 6.37968e-05 0.00993543 -0.0182609 6.65351e-05 -0.000103791 -0.0182609 0.0895888 
0.0103149 -0.018803 -0.000121208 9.99327e-05 -0.018803 0.0911246 9.49259e-05 -0.00015035 -0.000121208 9.49259e-05 0.00993904 -0.0182443 9.99327e-05 -0.00015035 -0.0182443 0.0895816 
0.0102885 -0.018775 -0.000141065 0.000108443 -0.018775 0.0910039 0.000102961 -0.000192039 -0.000141065 0.000102961 0.00991792 -0.0182243 0.000108443 -0.000192039 -0.0182243 0.0895125 
0.010257 -0.0187021 -0.000178538 0.000141168 -0.0187021 0.0908044 0.000136766 -0.000260864 -0.000178538 0.000136766 0.00993969 -0.0182523 0.000141168 -0.000260864 -0.0182523 0.0895942 
0.0102794 -0.0186668 -0.000207941 0.000192774 -0.0186668 0.090679 0.000187746 -0.000374201 -0.000207941 0.000187746 0.00996238 -0.0182895 0.000192774 -0.000374201 -0.0182895 0.0896969 
0.0103195 -0.0187349 -0.000214056 0.000222136 -0.0187349 0.0907879 0.000218626 -0.000464329 -0.000214056 0.000218626 0.00998614 -0.0182791 0.000222136 -0.000464329 -0.0182791 0.0896776 
0.0103695 -0.0188191 -0.000218662 0.000203392 -0.0188191 0.0910081 0.000201024 -0.00044313 -0.000218662 0.000201024 0.00993941 -0.0182532 0.000203392 -0.00044313 -0.0182532 0.0895586 
0.0103802 -0.0188565 -0.000228171 0.000206989 -0.0188565 0.091127 0.000207118 -0.000437041 -0.000228171 0.000207118 0.00990334 -0.0182262 0.000206989 -0.000437041 -0.0182262 0.0895078 
0.0103695 -0.0188901 -0.000224286 0.00020068 -0.0188901 0.0912463 0.000203309 -0.000409836 -0.000224286 0.000203309 0.00986339 -0.0181558 0.00020068 -0.000409836 -0.0181558 0.0893497 
0.0103515 -0.0188535 -0.000214122 0.000221717 -0.0188535 0.0912142 0.000222479 -0.000456599 -0.000214122 0.000222479 0.00986251 -0.0181432 0.000221717 -0.000456599 -0.0181432 0.0893058 
0.0103358 -0.0188106 -0.000230125 0.000225694 -0.0188106 0.0911008 0.00022586 -0.000500086 -0.000230125 0.00022586 0.00988147 -0.0181634 0.000225694 -0.000500086 -0.0181634 0.0893478 
0.0103641 -0.0187925 -0.000274026 0.000248441 -0.0187925 0.0910348 0.000251226 -0.000552794 -0.000274026 0.000251226 0.00987591 -0.018195 0.000248441 -0.000552794 -0.018195 0.0894266 
0.0103782 -0.018835 -0.000300415 0.000281811 -0.018835 0.0910756 0.000286093 -0.000608594 -0.000300415 0.000286093 0.00984579 -0.0181607 0.000281811 -0.000608594 -0.0181607 0.0893735 
0.0103452 -0.0188565 -0.000293969 0.00031773 -0.0188565 0.091146 0.000323388 -0.000699204 -0.000293969 0.000323388 0.00986432 -0.0181237 0.00031773 -0.000699204 -0.0181237 0.0892862 
0.0103046 -0.0188111 -0.000256861 0.000312168 -0.0188111 0.0910981 0.000314375 -0.000724154 -0.000256861 0.000314375 0.00988952 -0.0181459 0.000312168 -0.000724154 -0.0181459 0.0892781 
0.0102951 -0.0187642 -0.000220231 0.000262387 -0.0187642 0.0909969 0.000257108 -0.000632244 -0.000220231 0.000257108 0.00991113 -0.0181754 0.000262387 -0.000632244 -0.0181754 0.0893344 
0.0102971 -0.0187699 -0.000178039 0.000209148 -0.0187699 0.0909757 0.000200094 -0.000487529 -0.000178039 0.000200094 0.00991721 -0.0181733 0.000209148 -0.000487529 -0.0181733 0.0893213 
0.0103016 -0.018766 -0.000157221 0.000159691 -0.018766 0.0909651 0.00015444 -0.000358534 -0.000157221 0.00015444 0.00993526 -0.0182001 0.000159691 -0.000358534 -0.0182001 0.0893782 
0.0102893 -0.018758 -0.000146953 0.000120274 -0.018758 0.0909174 0.000123718 -0.00024488 -0.000146953 0.000123718 0.00990558 -0.0182083 0.000120274 -0.00024488 -0.0182083 0.0893971 
0.0102835 -0.0187411 -0.000153007 0.00012533 -0.0187411 0.090883 0.000133217 -0.000237622 -0.000153007 0.000133217 0.00988877 -0.0181983 0.00012533 -0.000237622 -0.0181983 0.0894269 
0.0103005 -0.0187625 -0.000138079 0.000119227 -0.0187625 0.0909336 0.000125745 -0.000215639 -0.000138079 0.000125745 0.00985641 -0.0181408 0.000119227 -0.000215639 -0.0181408 0.0893031 
0.0102476 -0.0187457 -0.000105586 0.000113148 -0.0187457 0.0908806 0.000115225 -0.000205988 -0.000105586 0.000115225 0.00986487 -0.0181249 0.000113148 -0.000205988 -0.0181249 0.0892463 
0.010191 -0.0186366 -0.000123506 0.000118214 -0.0186366 0.0906544 0.000116381 -0.000252245 -0.000123506 0.000116381 0.00991059 -0.0182024 0.000118214 -0.000252245 -0.0182024 0.0894221 
0.0101615 -0.0186167 -0.000116117 0.000120176 -0.0186167 0.0905757 0.000115918 -0.000244966 -0.000116117 0.000115918 0.00992017 -0.0181883 0.000120176 -0.000244966 -0.0181883 0.0893957 
0.0101398 -0.0185621 -8.86844e-05 0.000117114 -0.0185621 0.09045 0.000113145 -0.000247024 -8.86844e-05 0.000113145 0.009964 -0.0182242 0.000117114 -0.000247024 -0.0182242 0.0894644 
0.0101787 -0.0185582 -9.12393e-05 8.09605e-05 -0.0185582 0.0904121 7.91968e-05 -0.000193198 -9.12393e-05 7.91968e-05 0.00996648 -0.0182473 8.09605e-05 -0.000193198 -0.0182473 0.0894966 
0.0102314 -0.0186297 -8.28778e-05 6.00558e-05 -0.0186297 0.0905401 6.73327e-05 -0.000118874 -8.28778e-05 6.73327e-05 0.00995122 -0.0182304 6.00558e-05 -0.000118874 -0.0182304 0.0894617 
0.0102254 -0.0186709 -8.2719e-05 6.8896e-05 -0.0186709 0.0906422 8.05377e-05 -0.000137401 -8.2719e-05 8.05377e-05 0.00997057 -0.0182531 6.8896e-05 -0.000137401 -0.0182531 0.0895243 
0.0102005 -0.0186638 -7.99905e-05 6.88636e-05 -0.0186638 0.0906744 7.58969e-05 -0.000139835 -7.99905e-05 7.58969e-05 0.00999399 -0.0182817 6.88636e-05 -0.000139835 -0.0182817 0.0896028 
0.0101994 -0.018632 -0.000100226 5.88227e-05 -0.018632 0.0906247 5.91486e-05 -0.000107333 -0.000100226 5.91486e-05 0.00998483 -0.0183068 5.88227e-05 -0.000107333 -0.0183068 0.0896739 
0.010208 -0.0186402 -0.000115071 7.5035e-05 -0.0186402 0.0906273 7.55055e-05 -0.000107035 -0.000115071 7.55055e-05 0.0099672 -0.0182905 7.5035e-05 -0.000107035 -0.0182905 0.0896732 
0.0102223 -0.0186289 -0.00014943 0.000105093 -0.0186289 0.0905924 0.00010801 -0.00017636 -0.00014943 0.00010801 0.00996128 -0.0182963 0.000105093 -0.00017636 -0.0182963 0.0897051 
0.0102625 -0.0186655 -0.000186531 0.000137906 -0.0186655 0.0906545 0.000140089 -0.000245423 -0.000186531 0.000140089 0.00992635 -0.0182568 0.000137906 -0.000245423 -0.0182568 0.0896157 
0.0102586 -0.0187219 -0.000165488 0.000180604 -0.0187219 0.090775 0.000178851 -0.000335022 -0.000165488 0.000178851 0.00992068 -0.0181924 0.000180604 -0.000335022 -0.0181924 0.0894467 
0.0102763 -0.0187077 -0.000137179 0.000176886 -0.0187077 0.090813 0.000171001 -0.000383568 -0.000137179 0.000171001 0.00997998 -0.0182301 0.000176886 -0.000383568 -0.0182301 0.0894851 
