0.00713769 0 -0.000135669 0 0 0.01 0 0 -0.000135669 0 0.00760051 0 0 0 0 0.01 
0.0101141 -0.0125658 -0.000154804 0.000200245 -0.0125658 0.033268 0.000200245 -0.000384299 -0.000154804 0.000200245 0.0106562 -0.0132275 0.000200245 -0.000384299 -0.0132275 0.0345375 
0.0101856 -0.0191638 -4.13078e-05 0.00021082 -0.0191638 0.0704645 0.00021082 -0.000728278 -4.13078e-05 0.00021082 0.0106156 -0.019813 0.00021082 -0.000728278 -0.019813 0.0724917 
0.00952079 -0.0188533 2.49444e-05 0.000136165 -0.0188533 0.0846744 0.000125684 -0.000754292 2.49444e-05 0.000125684 0.0100913 -0.0193106 0.000136165 -0.000754292 -0.0193106 0.086071 
0.00943848 -0.0180529 2.47743e-05 4.63791e-05 -0.0180529 0.0877597 2.50305e-05 -0.000350866 2.47743e-05 2.50305e-05 0.0101615 -0.0186651 4.63791e-05 -0.000350866 -0.0186651 0.0889503 
0.00959674 -0.0178421 -3.28063e-05 8.78322e-05 -0.0178421 0.0883333 6.5876e-05 -0.000246404 -3.28063e-05 6.5876e-05 0.0103298 -0.0186982 8.78322e-05 -0.000246404 -0.0186982 0.0900383 
0.0096864 -0.0179031 -7.50225e-05 0.000147896 -0.0179031 0.0885846 0.000135222 -0.000353206 -7.50225e-05 0.000135222 0.0104788 -0.0188665 0.000147896 -0.000353206 -0.0188665 0.0908633 
0.00970281 -0.0179718 -0.000100862 0.000190306 -0.0179718 0.0887917 0.000189291 -0.000512817 -0.000100862 0.000189291 0.0105695 -0.018969 0.000190306 -0.000512817 -0.018969 0.0912874 
0.00970984 -0.0180047 -9.49989e-05 0.000186055 -0.0180047 0.0889305 0.000193143 -0.000555467 -9.49989e-05 0.000193143 0.0106158 -0.019024 0.000186055 -0.000555467 -0.019024 0.0914529 
0.00969968 -0.0180088 -9.0647e-05 0.000189247 -0.0180088 0.0889635 0.000197404 -0.000581766 -9.0647e-05 0.000197404 0.0106105 -0.0190555 0.000189247 -0.000581766 -0.0190555 0.0915155 
0.00971964 -0.0180084 -8.83993e-05 0.000166412 -0.0180084 0.0889908 0.000173094 -0.000534064 -8.83993e-05 0.000173094 0.0105962 -0.0190636 0.000166412 -0.000534064 -0.0190636 0.0915668 
0.00976146 -0.0180434 -9.40558e-05 0.000177755 -0.0180434 0.0890644 0.000183495 -0.000533659 -9.40558e-05 0.000183495 0.010523 -0.0190228 0.000177755 -0.000533659 -0.0190228 0.0914799 
0.00978768 -0.0181136 -9.54141e-05 0.000154888 -0.0181136 0.0892429 0.000157844 -0.000465246 -9.54141e-05 0.000157844 0.0104931 -0.0189482 0.000154888 -0.000465246 -0.0189482 0.0913466 
0.00977804 -0.0181455 -9.91508e-05 0.000168793 -0.0181455 0.0893724 0.000170354 -0.000470218 -9.91508e-05 0.000170354 0.0104926 -0.0189116 0.000168793 -0.000470218 -0.0189116 0.0912258 
0.0097985 -0.0181305 -0.000102984 0.000183665 -0.0181305 0.0893977 0.000186732 -0.000517647 -0.000102984 0.000186732 0.0104721 -0.0189238 0.000183665 -0.000517647 -0.0189238 0.0912227 
0.00984588 -0.0181499 -0.000104944 0.000194282 -0.0181499 0.0894185 0.00019634 -0.000557398 -0.000104944 0.00019634 0.010407 -0.0188864 0.000194282 -0.000557398 -0.0188864 0.0911535 
0.00988263 -0.0182032 -9.05034e-05 0.000167666 -0.0182032 0.0895094 0.000167013 -0.000496077 -9.05034e-05 0.000167013 0.0103634 -0.0188139 0.000167666 -0.000496077 -0.0188139 0.0910168 
0.00984837 -0.0182412 -9.06777e-05 0.000175817 -0.0182412 0.089602 0.000174535 -0.000507312 -9.06777e-05 0.000174535 0.0103719 -0.0187488 0.000175817 -0.000507312 -0.0187488 0.090834 
0.00981773 -0.0181949 -7.75938e-05 0.00017818 -0.0181949 0.0895618 0.000177782 -0.00052134 -7.75938e-05 0.000177782 0.0103668 -0.0187627 0.00017818 -0.00052134 -0.0187627 0.0907897 
0.0098276 -0.0181684 -6.23965e-05 0.000140763 -0.0181684 0.0895059 0.000136505 -0.00044459 -6.23965e-05 0.000136505 0.0103479 -0.0187531 0.000140763 -0.00044459 -0.0187531 0.09077 
0.00980244 -0.0181666 -5.72376e-05 0.000124939 -0.0181666 0.0894593 0.000118787 -0.000383698 -5.72376e-05 0.000118787 0.0103449 -0.018726 0.000124939 -0.000383698 -0.018726 0.0907099 
0.00972183 -0.0181182 -7.45405e-05 0.000148263 -0.0181182 0.0893487 0.000143967 -0.000430921 -7.45405e-05 0.000143967 0.0103807 -0.0187315 0.000148263 -0.000430921 -0.0187315 0.0907055 
0.00966801 -0.018001 -8.59982e-05 0.000182848 -0.018001 0.0890916 0.000181538 -0.000525566 -8.59982e-05 0.000181538 0.0103889 -0.0187867 0.000182848 -0.000525566 -0.0187867 0.0908144 
0.00970068 -0.0179767 -8.34493e-05 0.000152511 -0.0179767 0.0889967 0.000154384 -0.000478712 -8.34493e-05 0.000154384 0.0103545 -0.01877 0.000152511 -0.000478712 -0.01877 0.0908115 
0.00973325 -0.0179903 -7.08407e-05 0.000139762 -0.0179903 0.0889486 0.00014278 -0.000422623 -7.08407e-05 0.00014278 0.0103162 -0.0187381 0.000139762 -0.000422623 -0.0187381 0.0907623 
0.00972462 -0.0180248 -7.15879e-05 0.000133799 -0.0180248 0.0889899 0.000138167 -0.000408217 -7.15879e-05 0.000138167 0.0103248 -0.0186987 0.000133799 -0.000408217 -0.0186987 0.0906875 
0.00973316 -0.0180087 -6.51747e-05 0.000106564 -0.0180087 0.0889854 0.000109353 -0.000330896 -6.51747e-05 0.000109353 0.0103508 -0.0187337 0.000106564 -0.000330896 -0.0187337 0.0907452 
0.00977022 -0.0180133 -8.45377e-05 0.000151155 -0.0180133 0.0889687 0.000150492 -0.000418738 -8.45377e-05 0.000150492 0.0103146 -0.0187614 0.000151155 -0.000418738 -0.0187614 0.0908176 
0.00978955 -0.0180618 -9.93173e-05 0.000193481 -0.0180618 0.0890436 0.000188816 -0.00054022 -9.93173e-05 0.000188816 0.0102702 -0.0187097 0.000193481 -0.00054022 -0.0187097 0.0907584 
0.00980852 -0.018102 -0.000115965 0.000208163 -0.018102 0.0891694 0.00019937 -0.000602144 -0.000115965 0.00019937 0.0102268 -0.0186399 0.000208163 -0.000602144 -0.0186399 0.0905939 
0.00981191 -0.0181171 -0.000109906 0.000178712 -0.0181171 0.0892362 0.000170564 -0.0005255 -0.000109906 0.000170564 0.0102291 -0.0186117 0.000178712 -0.0005255 -0.0186117 0.0905167 
0.00975912 -0.0181139 -9.45468e-05 0.000177382 -0.0181139 0.0892406 0.000172169 -0.000499683 -9.45468e-05 0.000172169 0.0102638 -0.0186049 0.000177382 -0.000499683 -0.0186049 0.0904593 
0.00972001 -0.0180373 -6.7112e-05 0.000162293 -0.0180373 0.0891048 0.000161514 -0.00047927 -6.7112e-05 0.000161514 0.0102967 -0.018658 0.000162293 -0.00047927 -0.018658 0.0905389 
0.00975807 -0.0180087 -7.40434e-05 0.000152223 -0.0180087 0.0890237 0.000152213 -0.000482902 -7.40434e-05 0.000152213 0.0102978 -0.0186805 0.000152223 -0.000482902 -0.0186805 0.0905949 
0.00976315 -0.0180509 -8.33469e-05 0.000148912 -0.0180509 0.089043 0.000147667 -0.000456664 -8.33469e-05 0.000147667 0.0102856 -0.018664 0.000148912 -0.000456664 -0.018664 0.0905568 
0.00977207 -0.0180597 -0.000102197 0.000164958 -0.0180597 0.0890861 0.000165777 -0.000480492 -0.000102197 0.000165777 0.0102716 -0.0186643 0.000164958 -0.000480492 -0.0186643 0.0905622 
0.00976582 -0.0180738 -0.000115141 0.000164112 -0.0180738 0.0891258 0.00017157 -0.000473733 -0.000115141 0.00017157 0.0102637 -0.0186491 0.000164112 -0.000473733 -0.0186491 0.0905435 
0.00972817 -0.0180795 -0.000126157 0.000180319 -0.0180795 0.0891718 0.000191271 -0.000501722 -0.000126157 0.000191271 0.0102879 -0.0186293 0.000180319 -0.000501722 -0.0186293 0.0904918 
0.00969834 -0.0180279 -0.00012978 0.000186286 -0.0180279 0.0891026 0.000194316 -0.000512647 -0.00012978 0.000194316 0.0102978 -0.0186586 0.000186286 -0.000512647 -0.0186586 0.0905143 
0.00971359 -0.0179947 -0.000129635 0.000208264 -0.0179947 0.0890156 0.000210603 -0.000561449 -0.000129635 0.000210603 0.0102572 -0.0186566 0.000208264 -0.000561449 -0.0186566 0.0905095 
0.00971292 -0.0179868 -0.000108968 0.000201594 -0.0179868 0.0889382 0.000199126 -0.000560328 -0.000108968 0.000199126 0.010248 -0.0186298 0.000201594 -0.000560328 -0.0186298 0.0904925 
0.00974508 -0.0179895 -0.000115612 0.000208084 -0.0179895 0.0889194 0.00020235 -0.000596889 -0.000115612 0.00020235 0.0102029 -0.0185964 0.000208084 -0.000596889 -0.0185964 0.0903937 
0.00971526 -0.0180188 -0.000106229 0.000191469 -0.0180188 0.0889446 0.000184803 -0.000554723 -0.000106229 0.000184803 0.0102212 -0.0185481 0.000191469 -0.000554723 -0.0185481 0.0902876 
0.00965026 -0.0180034 -9.30273e-05 0.000169346 -0.0180034 0.0889669 0.000166994 -0.000498353 -9.30273e-05 0.000166994 0.010259 -0.0185513 0.000169346 -0.000498353 -0.0185513 0.0902186 
0.00959723 -0.0179146 -9.25916e-05 0.000146417 -0.0179146 0.0888198 0.000142084 -0.000428938 -9.25916e-05 0.000142084 0.0102882 -0.018607 0.000146417 -0.000428938 -0.018607 0.0903024 
0.00954852 -0.0178342 -8.86879e-05 0.000133405 -0.0178342 0.0886059 0.000127643 -0.000365871 -8.86879e-05 0.000127643 0.0103183 -0.0186664 0.000133405 -0.000365871 -0.0186664 0.0904747 
0.00957917 -0.0177839 -6.83502e-05 0.000109821 -0.0177839 0.0884605 0.00010751 -0.00029427 -6.83502e-05 0.00010751 0.0103071 -0.0187119 0.000109821 -0.00029427 -0.0187119 0.0906346 
0.00957851 -0.017816 -7.65502e-05 0.000122357 -0.017816 0.0884404 0.000122941 -0.000330255 -7.65502e-05 0.000122941 0.0102951 -0.0186785 0.000122357 -0.000330255 -0.0186785 0.0906119 
0.00959178 -0.0178198 -9.67927e-05 0.00016106 -0.0178198 0.0884605 0.000161573 -0.000437362 -9.67927e-05 0.000161573 0.0102672 -0.0186503 0.00016106 -0.000437362 -0.0186503 0.0905314 
0.00957736 -0.0178231 -8.81824e-05 0.000161739 -0.0178231 0.0884567 0.000161541 -0.000457617 -8.81824e-05 0.000161541 0.0102785 -0.018632 0.000161739 -0.000457617 -0.018632 0.09049 
0.00964103 -0.0178162 -9.17478e-05 0.000154125 -0.0178162 0.0884577 0.000159834 -0.000465043 -9.17478e-05 0.000159834 0.0102195 -0.0186366 0.000154125 -0.000465043 -0.0186366 0.0904689 
0.00968131 -0.0178907 -9.95811e-05 0.000144382 -0.0178907 0.0885659 0.000154192 -0.000439717 -9.95811e-05 0.000154192 0.0101977 -0.0185755 0.000144382 -0.000439717 -0.0185755 0.0903876 
0.00970765 -0.0179579 -0.000115127 0.000153033 -0.0179579 0.0887514 0.00015987 -0.000438654 -0.000115127 0.00015987 0.0102029 -0.0185349 0.000153033 -0.000438654 -0.0185349 0.0902601 
0.00968889 -0.0179999 -0.000121841 0.000165661 -0.0179999 0.088899 0.000167388 -0.000444382 -0.000121841 0.000167388 0.0102188 -0.0185269 0.000165661 -0.000444382 -0.0185269 0.0901762 
0.00968038 -0.0179684 -0.000130762 0.000197969 -0.0179684 0.0889001 0.000199708 -0.000525672 -0.000130762 0.000199708 0.0102297 -0.0185678 0.000197969 -0.000525672 -0.0185678 0.0902472 
0.00967044 -0.0179733 -0.000143525 0.000227115 -0.0179733 0.0889151 0.000223552 -0.000615841 -0.000143525 0.000223552 0.0102232 -0.0185586 0.000227115 -0.000615841 -0.0185586 0.0902357 
0.00966186 -0.0179525 -0.000133397 0.000220546 -0.0179525 0.0888786 0.00021088 -0.000606953 -0.000133397 0.00021088 0.0102115 -0.0185518 0.000220546 -0.000606953 -0.0185518 0.0902149 
0.00964861 -0.0179166 -0.000133539 0.000216529 -0.0179166 0.088773 0.00020768 -0.000603595 -0.000133539 0.00020768 0.0102124 -0.0185602 0.000216529 -0.000603595 -0.0185602 0.0902506 
0.00963646 -0.0179082 -0.000121544 0.000199011 -0.0179082 0.088723 0.000195643 -0.000559233 -0.000121544 0.000195643 0.0101854 -0.0185381 0.000199011 -0.000559233 -0.0185381 0.0901964 
0.00964145 -0.0178979 -9.95859e-05 0.000151857 -0.0178979 0.0887006 0.00015067 -0.000437258 -9.95859e-05 0.00015067 0.0101567 -0.0185051 0.000151857 -0.000437258 -0.0185051 0.0901244 
0.00965543 -0.0178904 -6.34108e-05 0.000100232 -0.0178904 0.0886628 0.000101676 -0.000285077 -6.34108e-05 0.000101676 0.0101435 -0.0184858 0.000100232 -0.000285077 -0.0184858 0.0900863 
0.00969578 -0.0178917 -4.55798e-05 9.0161e-05 -0.0178917 0.0886311 9.6273e-05 -0.000255963 -4.55798e-05 9.6273e-05 0.0101249 -0.0184806 9.0161e-05 -0.000255963 -0.0184806 0.0900772 
0.00970586 -0.0179148 -5.17215e-05 0.000125485 -0.0179148 0.0886169 0.000129861 -0.000360258 -5.17215e-05 0.000129861 0.0100972 -0.0184567 0.000125485 -0.000360258 -0.0184567 0.0900277 
0.00966961 -0.0179319 -6.22921e-05 0.000113222 -0.0179319 0.0886517 0.000116851 -0.000364069 -6.22921e-05 0.000116851 0.0101207 -0.0184262 0.000113222 -0.000364069 -0.0184262 0.0899654 
0.00964688 -0.0179179 -8.58314e-05 0.0001203 -0.0179179 0.0886835 0.000123234 -0.000365787 -8.58314e-05 0.000123234 0.0101503 -0.0184353 0.0001203 -0.000365787 -0.0184353 0.089932 
0.00960486 -0.0178876 -8.46829e-05 0.000127321 -0.0178876 0.0886348 0.000127737 -0.000351567 -8.46829e-05 0.000127737 0.0102027 -0.0184749 0.000127321 -0.000351567 -0.0184749 0.0899952 
0.00956864 -0.0178407 -7.67152e-05 0.000140864 -0.0178407 0.0885435 0.000138776 -0.000382646 -7.67152e-05 0.000138776 0.0102225 -0.0185298 0.000140864 -0.000382646 -0.0185298 0.0900974 
0.00956751 -0.0177886 -7.45517e-05 0.000123474 -0.0177886 0.088419 0.000121697 -0.000363408 -7.45517e-05 0.000121697 0.0102242 -0.0185767 0.000123474 -0.000363408 -0.0185767 0.0902506 
0.00958126 -0.0177848 -8.13583e-05 0.000131337 -0.0177848 0.0883578 0.000128633 -0.000371215 -8.13583e-05 0.000128633 0.0102029 -0.018572 0.000131337 -0.000371215 -0.018572 0.0902918 
0.00963749 -0.0178083 -0.000101153 0.000161783 -0.0178083 0.0883861 0.000159623 -0.000449555 -0.000101153 0.000159623 0.0101362 -0.0185339 0.000161783 -0.000449555 -0.0185339 0.090226 
0.00967633 -0.017872 -0.000106099 0.000160829 -0.017872 0.0884971 0.000159926 -0.000455778 -0.000106099 0.000159926 0.0100923 -0.0184637 0.000160829 -0.000455778 -0.0184637 0.0901007 
0.00969025 -0.0179207 -0.000103233 0.000161503 -0.0179207 0.0886279 0.000162404 -0.000451976 -0.000103233 0.000162404 0.0100846 -0.0184059 0.000161503 -0.000451976 -0.0184059 0.0899471 
0.0096964 -0.0179478 -0.000107716 0.000156709 -0.0179478 0.088736 0.000156189 -0.000441815 -0.000107716 0.000156189 0.0100811 -0.0183885 0.000156709 -0.000441815 -0.0183885 0.0898472 
0.00968086 -0.0179449 -0.000117025 0.000186222 -0.0179449 0.0887527 0.000184072 -0.000504248 -0.000117025 0.000184072 0.010081 -0.0183837 0.000186222 -0.000504248 -0.0183837 0.0898052 
0.00968198 -0.0179195 -0.000108867 0.000176801 -0.0179195 0.088701 0.000174143 -0.000490658 -0.000108867 0.000174143 0.0100518 -0.018377 0.000176801 -0.000490658 -0.018377 0.0897723 
0.00970237 -0.017909 -9.86337e-05 0.000156963 -0.017909 0.0886486 0.000153837 -0.000442609 -9.86337e-05 0.000153837 0.010032 -0.0183601 0.000156963 -0.000442609 -0.0183601 0.0897635 
0.00969849 -0.0179271 -9.96281e-05 0.000155129 -0.0179271 0.0886489 0.00015732 -0.00043803 -9.96281e-05 0.00015732 0.0100294 -0.0183397 0.000155129 -0.00043803 -0.0183397 0.0897254 
0.00968692 -0.0179228 -0.000112322 0.0001636 -0.0179228 0.0886481 0.000174482 -0.000469859 -0.000112322 0.000174482 0.010022 -0.0183237 0.0001636 -0.000469859 -0.0183237 0.0896644 
0.00966507 -0.0179084 -0.000114303 0.000176533 -0.0179084 0.088626 0.000190237 -0.000505329 -0.000114303 0.000190237 0.010036 -0.0183221 0.000176533 -0.000505329 -0.0183221 0.0896534 
0.00964153 -0.0178805 -9.69058e-05 0.000147298 -0.0178805 0.0885732 0.000159019 -0.000439982 -9.69058e-05 0.000159019 0.0100653 -0.0183476 0.000147298 -0.000439982 -0.0183476 0.0897017 
0.0096525 -0.017873 -7.9404e-05 0.000125577 -0.017873 0.0885647 0.000133028 -0.000369312 -7.9404e-05 0.000133028 0.0100638 -0.0183656 0.000125577 -0.000369312 -0.0183656 0.0897317 
0.00967677 -0.0179112 -6.5715e-05 0.000107727 -0.0179112 0.0886558 0.00011154 -0.000315966 -6.5715e-05 0.00011154 0.0100482 -0.0183537 0.000107727 -0.000315966 -0.0183537 0.0897203 
0.00971011 -0.0179552 -8.21867e-05 0.000125742 -0.0179552 0.0887831 0.000123737 -0.000352748 -8.21867e-05 0.000123737 0.0100231 -0.0183179 0.000125742 -0.000352748 -0.0183179 0.0896345 
0.00970821 -0.0179779 -7.57244e-05 0.000136155 -0.0179779 0.0888462 0.000129097 -0.000366521 -7.57244e-05 0.000129097 0.0100276 -0.0183015 0.000136155 -0.000366521 -0.0183015 0.0895886 
0.00969993 -0.0179473 -7.68162e-05 0.000131658 -0.0179473 0.0887865 0.000122892 -0.000368434 -7.68162e-05 0.000122892 0.0100307 -0.0183224 0.000131658 -0.000368434 -0.0183224 0.0896165 
0.00968177 -0.0179296 -7.25466e-05 0.000136769 -0.0179296 0.0887132 0.000132403 -0.000382725 -7.25466e-05 0.000132403 0.0100216 -0.0183148 0.000136769 -0.000382725 -0.0183148 0.0896004 
0.00964353 -0.0178959 -5.75616e-05 0.000115338 -0.0178959 0.0886197 0.000112655 -0.000343194 -5.75616e-05 0.000112655 0.0100468 -0.0183232 0.000115338 -0.000343194 -0.0183232 0.0896344 
0.00962146 -0.0178429 -5.40276e-05 8.06775e-05 -0.0178429 0.0884915 7.74045e-05 -0.000253409 -5.40276e-05 7.74045e-05 0.0100754 -0.0183655 8.06775e-05 -0.000253409 -0.0183655 0.0897296 
0.00966502 -0.0178315 -5.95532e-05 9.31433e-05 -0.0178315 0.0884432 9.09207e-05 -0.000257047 -5.95532e-05 9.09207e-05 0.0100819 -0.0184009 9.31433e-05 -0.000257047 -0.0184009 0.089836 
0.00972729 -0.017906 -8.01849e-05 0.000131555 -0.017906 0.0885678 0.00012999 -0.000359444 -8.01849e-05 0.00012999 0.0100608 -0.0183936 0.000131555 -0.000359444 -0.0183936 0.0898454 
0.00974293 -0.0180033 -9.03636e-05 0.000142082 -0.0180033 0.0888096 0.000137802 -0.000398414 -9.03636e-05 0.000137802 0.0100657 -0.0183603 0.000142082 -0.000398414 -0.0183603 0.0897814 
0.00970888 -0.0180297 -8.3436e-05 0.000126976 -0.0180297 0.0889653 0.000121528 -0.000354693 -8.3436e-05 0.000121528 0.0101066 -0.0183673 0.000126976 -0.000354693 -0.0183673 0.0897611 
0.0096973 -0.0179739 -7.64203e-05 0.000128276 -0.0179739 0.0889127 0.000128897 -0.000354836 -7.64203e-05 0.000128897 0.0101233 -0.018432 0.000128276 -0.000354836 -0.018432 0.0898803 
0.00974892 -0.0179658 -6.45699e-05 0.000101441 -0.0179658 0.0888738 0.000107377 -0.00030395 -6.45699e-05 0.000107377 0.0101037 -0.0184547 0.000101441 -0.00030395 -0.0184547 0.0899771 
0.00977556 -0.0180236 -7.87251e-05 0.00012287 -0.0180236 0.0889384 0.000129584 -0.000351153 -7.87251e-05 0.000129584 0.0100767 -0.0184206 0.00012287 -0.000351153 -0.0184206 0.0899397 
0.00978179 -0.0180722 -8.37039e-05 0.000128738 -0.0180722 0.0890778 0.000135458 -0.000372085 -8.37039e-05 0.000135458 0.0100734 -0.0183924 0.000128738 -0.000372085 -0.0183924 0.0898833 
0.00978634 -0.0180838 -8.72647e-05 0.000143461 -0.0180838 0.0891558 0.000150843 -0.000413884 -8.72647e-05 0.000150843 0.0100777 -0.0183882 0.000143461 -0.000413884 -0.0183882 0.0898538 
0.00975844 -0.0180583 -8.42156e-05 0.000156039 -0.0180583 0.0890967 0.000163141 -0.000456013 -8.42156e-05 0.000163141 0.0100851 -0.0184049 0.000156039 -0.000456013 -0.0184049 0.0898816 
0.00974054 -0.018016 -8.80289e-05 0.000144018 -0.018016 0.0889938 0.000153483 -0.000450046 -8.80289e-05 0.000153483 0.010097 -0.0184262 0.000144018 -0.000450046 -0.0184262 0.0899473 
0.00974313 -0.0179852 -9.01839e-05 0.000156661 -0.0179852 0.088888 0.000163936 -0.000466952 -9.01839e-05 0.000163936 0.0101015 -0.0184451 0.000156661 -0.000466952 -0.0184451 0.0900097 
0.00975151 -0.0179862 -8.14927e-05 0.000154054 -0.0179862 0.0888444 0.00015561 -0.000458903 -8.14927e-05 0.00015561 0.0101038 -0.0184532 0.000154054 -0.000458903 -0.0184532 0.0900485 
0.00980628 -0.0180275 -8.32089e-05 0.000124212 -0.0180275 0.0889362 0.000125551 -0.000386297 -8.32089e-05 0.000125551 0.010071 -0.0184356 0.000124212 -0.000386297 -0.0184356 0.09001 
0.00980703 -0.0181045 -0.000104354 0.000154461 -0.0181045 0.08911 0.000152626 -0.000426688 -0.000104354 0.000152626 0.0100738 -0.0183815 0.000154461 -0.000426688 -0.0183815 0.0898849 
0.00982347 -0.0181006 -0.000109868 0.0001819 -0.0181006 0.0891781 0.000175014 -0.000486572 -0.000109868 0.000175014 0.0100617 -0.0183979 0.0001819 -0.000486572 -0.0183979 0.0898718 
0.0098027 -0.0181012 -0.000106913 0.000188447 -0.0181012 0.0891659 0.000181128 -0.000519106 -0.000106913 0.000181128 0.0100734 -0.0183905 0.000188447 -0.000519106 -0.0183905 0.0898708 
0.00977383 -0.018088 -6.55578e-05 0.000135359 -0.018088 0.0891572 0.000132132 -0.00040016 -6.55578e-05 0.000132132 0.0100994 -0.0184011 0.000135359 -0.00040016 -0.0184011 0.0898811 
0.00977068 -0.01806 -5.34079e-05 0.000106911 -0.01806 0.0891147 0.000109623 -0.000337181 -5.34079e-05 0.000109623 0.0101063 -0.0184218 0.000106911 -0.000337181 -0.0184218 0.0899064 
0.00980197 -0.0180368 -6.21114e-05 0.00011961 -0.0180368 0.0890287 0.00012604 -0.0003632 -6.21114e-05 0.00012604 0.0100712 -0.0184344 0.00011961 -0.0003632 -0.0184344 0.0899421 
0.00983163 -0.0180831 -6.76134e-05 0.000111168 -0.0180831 0.0890767 0.000118711 -0.000347116 -6.76134e-05 0.000118711 0.010056 -0.018389 0.000111168 -0.000347116 -0.018389 0.0898844 
0.00985523 -0.0181298 -7.46722e-05 0.00011863 -0.0181298 0.0891915 0.000124683 -0.000350757 -7.46722e-05 0.000124683 0.010051 -0.0183608 0.00011863 -0.000350757 -0.0183608 0.0897925 
0.0098787 -0.018147 -6.7924e-05 0.000125489 -0.018147 0.0892474 0.000129531 -0.000360263 -6.7924e-05 0.000129531 0.010039 -0.0183664 0.000125489 -0.000360263 -0.0183664 0.089781 
0.00990447 -0.0181739 -6.23945e-05 0.000120502 -0.0181739 0.0893099 0.000117119 -0.000354281 -6.23945e-05 0.000117119 0.0100326 -0.0183733 0.000120502 -0.000354281 -0.0183733 0.0898257 
0.00991088 -0.0181852 -7.27229e-05 0.000139918 -0.0181852 0.0893269 0.000130577 -0.000399444 -7.27229e-05 0.000130577 0.0100311 -0.018379 0.000139918 -0.000399444 -0.018379 0.0898662 
0.00991623 -0.0181812 -6.56812e-05 0.000138697 -0.0181812 0.089313 0.000126572 -0.00039653 -6.56812e-05 0.000126572 0.0100439 -0.0184011 0.000138697 -0.00039653 -0.0184011 0.0899508 
0.00990378 -0.0182183 -5.47535e-05 0.00012778 -0.0182183 0.0894038 0.000116751 -0.000377015 -5.47535e-05 0.000116751 0.0100771 -0.0183907 0.00012778 -0.000377015 -0.0183907 0.0899364 
0.0098784 -0.018228 -3.67705e-05 9.06172e-05 -0.018228 0.0894907 8.51124e-05 -0.000291623 -3.67705e-05 8.51124e-05 0.0101242 -0.0184239 9.06172e-05 -0.000291623 -0.0184239 0.0899709 
0.00987749 -0.0181917 -4.27976e-05 9.86607e-05 -0.0181917 0.0894605 0.000100055 -0.000310821 -4.27976e-05 0.000100055 0.0101704 -0.0184963 9.86607e-05 -0.000310821 -0.0184963 0.0901267 
0.00986465 -0.0181807 -6.94818e-05 0.000147396 -0.0181807 0.0894074 0.000152439 -0.000445213 -6.94818e-05 0.000152439 0.0101901 -0.0185483 0.000147396 -0.000445213 -0.0185483 0.090265 
0.00993053 -0.0181666 -7.3723e-05 0.000138618 -0.0181666 0.0893721 0.000141696 -0.000441204 -7.3723e-05 0.000141696 0.0101512 -0.0185831 0.000138618 -0.000441204 -0.0185831 0.0903853 
0.00997506 -0.018232 -7.44394e-05 0.000145975 -0.018232 0.0894337 0.000145161 -0.000439647 -7.44394e-05 0.000145161 0.0101146 -0.018534 0.000145975 -0.000439647 -0.018534 0.0903447 
0.00997352 -0.0182891 -7.72409e-05 0.000157029 -0.0182891 0.089565 0.000157908 -0.000466384 -7.72409e-05 0.000157908 0.0100847 -0.0184763 0.000157029 -0.000466384 -0.0184763 0.0902022 
0.00996774 -0.0182968 -7.08951e-05 0.000138355 -0.0182968 0.0896443 0.000145301 -0.000433408 -7.08951e-05 0.000145301 0.0100771 -0.0184464 0.000138355 -0.000433408 -0.0184464 0.0901104 
0.00999315 -0.0183192 -7.48568e-05 0.000119949 -0.0183192 0.0897416 0.00013188 -0.000387354 -7.48568e-05 0.00013188 0.010073 -0.0184224 0.000119949 -0.000387354 -0.0184224 0.090028 
0.0100216 -0.0183563 -9.20533e-05 0.000140464 -0.0183563 0.0898458 0.000154265 -0.00042281 -9.20533e-05 0.000154265 0.0100888 -0.0184225 0.000140464 -0.00042281 -0.0184225 0.0900068 
0.0100438 -0.0183881 -0.000106448 0.000181977 -0.0183881 0.08993 0.000194743 -0.000523056 -0.000106448 0.000194743 0.0100623 -0.0184249 0.000181977 -0.000523056 -0.0184249 0.0899752 
0.010045 -0.0184074 -0.000116525 0.000204888 -0.0184074 0.0899878 0.000208731 -0.00059483 -0.000116525 0.000208731 0.0100334 -0.0184003 0.000204888 -0.00059483 -0.0184003 0.0899351 
0.0100291 -0.0184038 -0.000104394 0.000189345 -0.0184038 0.0900016 0.000182542 -0.000553971 -0.000104394 0.000182542 0.0100689 -0.0183927 0.000189345 -0.000553971 -0.0183927 0.0899464 
0.0100681 -0.0183853 -8.22456e-05 0.000144318 -0.0183853 0.0899743 0.000133468 -0.000427533 -8.22456e-05 0.000133468 0.010101 -0.018452 0.000144318 -0.000427533 -0.018452 0.0900674 
0.0100439 -0.0184186 -7.21414e-05 0.000151205 -0.0184186 0.089986 0.000139785 -0.000419536 -7.21414e-05 0.000139785 0.0101574 -0.0184941 0.000151205 -0.000419536 -0.0184941 0.0901876 
0.0100529 -0.0183996 -8.01479e-05 0.000161389 -0.0183996 0.0899865 0.000151695 -0.000463082 -8.01479e-05 0.000151695 0.0101527 -0.0185544 0.000161389 -0.000463082 -0.0185544 0.090318 
0.0100234 -0.0183927 -9.31054e-05 0.000187505 -0.0183927 0.0899383 0.000185334 -0.000543387 -9.31054e-05 0.000185334 0.0101487 -0.01855 0.000187505 -0.000543387 -0.01855 0.0903691 
0.0100359 -0.0183835 -8.70418e-05 0.000166915 -0.0183835 0.0899465 0.00017436 -0.000521756 -8.70418e-05 0.00017436 0.0101466 -0.0185366 0.000166915 -0.000521756 -0.0185366 0.0903502 
0.0100577 -0.0183767 -0.000104794 0.000184611 -0.0183767 0.0899024 0.000198205 -0.000569085 -0.000104794 0.000198205 0.0101113 -0.0185327 0.000184611 -0.000569085 -0.0185327 0.0903266 
0.0101478 -0.0184285 -0.000114376 0.000164051 -0.0184285 0.0900041 0.000177609 -0.000515587 -0.000114376 0.000177609 0.0100472 -0.0184845 0.000164051 -0.000515587 -0.0184845 0.0902379 
0.0101753 -0.01851 -0.000122402 0.00019138 -0.01851 0.0901383 0.000200525 -0.00054188 -0.000122402 0.000200525 0.0100199 -0.0184222 0.00019138 -0.00054188 -0.0184222 0.0901133 
0.0102135 -0.0185643 -0.000126682 0.000204902 -0.0185643 0.0903164 0.000213497 -0.000585486 -0.000126682 0.000213497 0.0100078 -0.0183837 0.000204902 -0.000585486 -0.0183837 0.089996 
0.0102195 -0.0186048 -0.00012154 0.000233367 -0.0186048 0.0904323 0.000238884 -0.000665456 -0.00012154 0.000238884 0.0100004 -0.0183596 0.000233367 -0.000665456 -0.0183596 0.0899006 
0.0101831 -0.0186033 -0.000117163 0.000236411 -0.0186033 0.0904621 0.000233084 -0.00069946 -0.000117163 0.000233084 0.0100143 -0.0183559 0.000236411 -0.00069946 -0.0183559 0.0898673 
0.0101994 -0.0185581 -0.000109742 0.000196986 -0.0185581 0.0903949 0.000187605 -0.000599869 -0.000109742 0.000187605 0.00997487 -0.0183793 0.000196986 -0.000599869 -0.0183793 0.0899044 
0.0102007 -0.0185775 -0.000109385 0.000200624 -0.0185775 0.0903885 0.000190494 -0.000570429 -0.000109385 0.000190494 0.00993735 -0.018315 0.000200624 -0.000570429 -0.018315 0.0898002 
0.0102938 -0.0186065 -0.000114596 0.000159122 -0.0186065 0.0904841 0.00015019 -0.000462384 -0.000114596 0.00015019 0.00988693 -0.0182743 0.000159122 -0.000462384 -0.0182743 0.0896986 
0.01034 -0.0186995 -0.000120934 0.000170955 -0.0186995 0.0906335 0.000164635 -0.000444826 -0.000120934 0.000164635 0.00988634 -0.0182277 0.000170955 -0.000444826 -0.0182277 0.0896021 
0.0103383 -0.0187333 -0.000131308 0.00021471 -0.0187333 0.0907317 0.000210304 -0.00055353 -0.000131308 0.000210304 0.00989694 -0.0182416 0.00021471 -0.00055353 -0.0182416 0.0895943 
0.0103559 -0.0187349 -0.000132462 0.000224893 -0.0187349 0.0907754 0.00022401 -0.000618021 -0.000132462 0.00022401 0.00987591 -0.0182606 0.000224893 -0.000618021 -0.0182606 0.0896416 
0.0103582 -0.0187796 -0.000107596 0.000197824 -0.0187796 0.0908804 0.000204884 -0.000578314 -0.000107596 0.000204884 0.00988582 -0.0182225 0.000197824 -0.000578314 -0.0182225 0.0895929 
0.0103568 -0.0188061 -9.43573e-05 0.000156377 -0.0188061 0.0909999 0.000170341 -0.000494542 -9.43573e-05 0.000170341 0.00993674 -0.0182237 0.000156377 -0.000494542 -0.0182237 0.0895568 
0.0103125 -0.0187458 -9.08034e-05 0.000159822 -0.0187458 0.0908688 0.00017324 -0.000479331 -9.08034e-05 0.00017324 0.00999278 -0.0183276 0.000159822 -0.000479331 -0.0183276 0.0897564 
0.010271 -0.0187156 -9.37651e-05 0.000199049 -0.0187156 0.0907938 0.000205733 -0.000579646 -9.37651e-05 0.000205733 0.0100382 -0.0183722 0.000199049 -0.000579646 -0.0183722 0.0898907 
0.0102728 -0.0186781 -9.21718e-05 0.000182569 -0.0186781 0.0907218 0.000181072 -0.000564321 -9.21718e-05 0.000181072 0.0100744 -0.0184289 0.000182569 -0.000564321 -0.0184289 0.0900328 
0.0102721 -0.018651 -9.56206e-05 0.000181253 -0.018651 0.0906033 0.000177251 -0.000543724 -9.56206e-05 0.000177251 0.0100906 -0.0184902 0.000181253 -0.000543724 -0.0184902 0.0902044 
