0.00770631 0 -0.000277131 0 0 0.01 0 0 -0.000277131 0 0.00700652 0 0 0 0 0.01 
0.0107978 -0.0133976 -0.000333194 0.000416986 -0.0133976 0.0348633 0.000416986 -0.000799625 -0.000333194 0.000416986 0.00993933 -0.0123551 0.000416986 -0.000799625 -0.0123551 0.0328645 
0.0108243 -0.0200182 -0.000243918 0.000467638 -0.0200182 0.0731205 0.000467638 -0.00152938 -0.000243918 0.000467638 0.0100049 -0.0189565 0.000467638 -0.00152938 -0.0189565 0.069834 
0.0102565 -0.0194781 -0.00024826 0.000420606 -0.0194781 0.0864095 0.000411737 -0.00160908 -0.00024826 0.000411737 0.00934667 -0.0186924 0.000420606 -0.00160908 -0.0186924 0.0842819 
0.0102788 -0.0188627 -0.000241987 0.000326951 -0.0188627 0.0894169 0.000308511 -0.0010206 -0.000241987 0.000308511 0.00930222 -0.0178537 0.000326951 -0.0010206 -0.0178537 0.0873036 
0.0104423 -0.01881 -0.000257927 0.000349553 -0.01881 0.0903936 0.000332073 -0.000844867 -0.000257927 0.000332073 0.00948355 -0.0177273 0.000349553 -0.000844867 -0.0177273 0.0880151 
0.0105408 -0.0189163 -0.000276817 0.000374335 -0.0189163 0.0909676 0.000368764 -0.000897767 -0.000276817 0.000368764 0.00961323 -0.0178524 0.000374335 -0.000897767 -0.0178524 0.0884796 
0.0105504 -0.0189661 -0.000275601 0.000392452 -0.0189661 0.0912259 0.000397344 -0.00099135 -0.000275601 0.000397344 0.00968901 -0.0179563 0.000392452 -0.00099135 -0.0179563 0.0888105 
0.0105409 -0.0189546 -0.000262656 0.000381688 -0.0189546 0.0912649 0.00039167 -0.00102673 -0.000262656 0.00039167 0.00974163 -0.0180321 0.000381688 -0.00102673 -0.0180321 0.0890348 
0.0104921 -0.0189168 -0.000228528 0.000349675 -0.0189168 0.0911585 0.000361569 -0.000969106 -0.000228528 0.000361569 0.00976889 -0.0180906 0.000349675 -0.000969106 -0.0180906 0.089187 
0.0104866 -0.0188742 -0.000234621 0.0003261 -0.0188742 0.0910698 0.000333349 -0.000919163 -0.000234621 0.000333349 0.00975962 -0.0181246 0.0003261 -0.000919163 -0.0181246 0.0892992 
0.0105171 -0.0188884 -0.000240775 0.000301846 -0.0188884 0.091079 0.000305377 -0.000818954 -0.000240775 0.000305377 0.00974968 -0.018124 0.000301846 -0.000818954 -0.018124 0.0893644 
0.0105268 -0.0189199 -0.000237939 0.000311104 -0.0189199 0.0911335 0.00031468 -0.000795597 -0.000237939 0.00031468 0.00976815 -0.0181297 0.000311104 -0.000795597 -0.0181297 0.0894146 
0.0105028 -0.0189212 -0.000243538 0.000334431 -0.0189212 0.0911487 0.000335644 -0.00085276 -0.000243538 0.000335644 0.00975962 -0.0181475 0.000334431 -0.00085276 -0.0181475 0.0894487 
0.01046 -0.0188916 -0.000237816 0.000345588 -0.0188916 0.0911082 0.000340494 -0.000889962 -0.000237816 0.000340494 0.00977058 -0.0181417 0.000345588 -0.000889962 -0.0181417 0.0894699 
0.0104383 -0.018874 -0.000218483 0.000333354 -0.018874 0.0911078 0.000321489 -0.000872952 -0.000218483 0.000321489 0.00978915 -0.0181288 0.000333354 -0.000872952 -0.0181288 0.0894263 
0.0104191 -0.018862 -0.000188056 0.000283929 -0.018862 0.0911019 0.000271118 -0.000757907 -0.000188056 0.000271118 0.00982171 -0.018139 0.000283929 -0.000757907 -0.018139 0.0894092 
0.0104341 -0.0188415 -0.000160098 0.000240195 -0.0188415 0.0910722 0.000233613 -0.000644517 -0.000160098 0.000233613 0.00985436 -0.018184 0.000240195 -0.000644517 -0.018184 0.0894862 
0.0104458 -0.0188483 -0.000170086 0.000250271 -0.0188483 0.0910542 0.000253436 -0.000677581 -0.000170086 0.000253436 0.00986259 -0.0182291 0.000250271 -0.000677581 -0.0182291 0.0895948 
0.0104633 -0.0188697 -0.00018948 0.000272776 -0.0188697 0.0910966 0.000280678 -0.000743035 -0.00018948 0.000280678 0.00983941 -0.0182254 0.000272776 -0.000743035 -0.0182254 0.0896122 
0.0104751 -0.0188787 -0.000196369 0.000292931 -0.0188787 0.0911182 0.000293091 -0.000789032 -0.000196369 0.000293091 0.0098209 -0.0182099 0.000292931 -0.000789032 -0.0182099 0.0896028 
0.0104986 -0.0188909 -0.000196623 0.000273684 -0.0188909 0.0911425 0.000265427 -0.000737904 -0.000196623 0.000265427 0.0098248 -0.0182116 0.000273684 -0.000737904 -0.0182116 0.089633 
0.0104855 -0.0189086 -0.0002146 0.000299583 -0.0189086 0.091166 0.000290982 -0.00077823 -0.0002146 0.000290982 0.00981979 -0.0182109 0.000299583 -0.00077823 -0.0182109 0.0896301 
0.0104774 -0.0189185 -0.000200011 0.00029463 -0.0189185 0.0912261 0.000283968 -0.000759613 -0.000200011 0.000283968 0.00985298 -0.0181906 0.00029463 -0.000759613 -0.0181906 0.0895838 
0.0104562 -0.0189043 -0.000184559 0.000281195 -0.0189043 0.0912132 0.000276037 -0.000742555 -0.000184559 0.000276037 0.00987891 -0.0182189 0.000281195 -0.000742555 -0.0182189 0.0895859 
0.0104083 -0.0188522 -0.000168124 0.000266528 -0.0188522 0.0910874 0.000271351 -0.000725481 -0.000168124 0.000271351 0.00989224 -0.0182671 0.000266528 -0.000725481 -0.0182671 0.08969 
0.0103379 -0.0187566 -0.000174002 0.000288024 -0.0187566 0.0908404 0.00029474 -0.000796773 -0.000174002 0.00029474 0.00989952 -0.018297 0.000288024 -0.000796773 -0.018297 0.0897915 
0.0103268 -0.0186904 -0.000196501 0.000311059 -0.0186904 0.0906687 0.000316904 -0.000881695 -0.000196501 0.000316904 0.00988215 -0.0182937 0.000311059 -0.000881695 -0.0182937 0.089811 
0.0103493 -0.0186851 -0.000211064 0.000292729 -0.0186851 0.0905946 0.00029917 -0.000836114 -0.000211064 0.00029917 0.00982779 -0.0182539 0.000292729 -0.000836114 -0.0182539 0.0897268 
0.0103447 -0.0187445 -0.000202781 0.00028563 -0.0187445 0.0907102 0.00029074 -0.000775646 -0.000202781 0.00029074 0.00981552 -0.0181652 0.00028563 -0.000775646 -0.0181652 0.0895262 
0.0103203 -0.0187346 -0.000184621 0.000261343 -0.0187346 0.0907387 0.000263403 -0.000697482 -0.000184621 0.000263403 0.00982517 -0.0181416 0.000261343 -0.000697482 -0.0181416 0.0893912 
0.0103296 -0.018704 -0.000175362 0.000257104 -0.018704 0.0906951 0.000257789 -0.000678215 -0.000175362 0.000257789 0.00982364 -0.0181553 0.000257104 -0.000678215 -0.0181553 0.0893727 
0.0103353 -0.0186931 -0.000179244 0.000266474 -0.0186931 0.0906268 0.000267199 -0.000709301 -0.000179244 0.000267199 0.00982189 -0.0181676 0.000266474 -0.000709301 -0.0181676 0.0894082 
0.0102903 -0.018688 -0.000164838 0.00027152 -0.018688 0.0905766 0.000267733 -0.000724635 -0.000164838 0.000267733 0.0098351 -0.0181634 0.00027152 -0.000724635 -0.0181634 0.089407 
0.0102748 -0.0186502 -0.000161024 0.000259328 -0.0186502 0.0905286 0.000251003 -0.000712095 -0.000161024 0.000251003 0.00981816 -0.0181691 0.000259328 -0.000712095 -0.0181691 0.0894033 
0.0102406 -0.0186603 -0.000128413 0.000206851 -0.0186603 0.0905536 0.000199773 -0.000572355 -0.000128413 0.000199773 0.00983617 -0.0181288 0.000206851 -0.000572355 -0.0181288 0.0893233 
0.0101954 -0.0186102 -0.000110497 0.000179563 -0.0186102 0.0904834 0.000178829 -0.00049563 -0.000110497 0.000178829 0.0098789 -0.0181635 0.000179563 -0.00049563 -0.0181635 0.0893603 
0.0101858 -0.0185405 -0.000120514 0.000174121 -0.0185405 0.0903237 0.00017769 -0.000483516 -0.000120514 0.00017769 0.00990353 -0.0182302 0.000174121 -0.000483516 -0.0182302 0.0895071 
0.0102393 -0.0185154 -0.000161534 0.000193655 -0.0185154 0.0902003 0.00019848 -0.000521751 -0.000161534 0.00019848 0.00986617 -0.0182749 0.000193655 -0.000521751 -0.0182749 0.0896609 
0.0102808 -0.0185645 -0.000188552 0.000268842 -0.0185645 0.0902123 0.000271971 -0.000680757 -0.000188552 0.000271971 0.00980758 -0.0182334 0.000268842 -0.000680757 -0.0182334 0.0896545 
0.0103059 -0.0186231 -0.000216823 0.000320984 -0.0186231 0.090338 0.000323335 -0.000854463 -0.000216823 0.000323335 0.00974229 -0.0181493 0.000320984 -0.000854463 -0.0181493 0.08949 
0.0103187 -0.0186701 -0.000230678 0.000315442 -0.0186701 0.0904838 0.00031348 -0.000861113 -0.000230678 0.00031348 0.0096834 -0.0180497 0.000315442 -0.000861113 -0.0180497 0.0892354 
0.0103151 -0.0186925 -0.000218947 0.000307729 -0.0186925 0.0905856 0.000301002 -0.000813427 -0.000218947 0.000301002 0.00968129 -0.0179812 0.000307729 -0.000813427 -0.0179812 0.0890367 
0.0102901 -0.0186542 -0.000217947 0.000312477 -0.0186542 0.0905172 0.000307504 -0.000822026 -0.000217947 0.000307504 0.0096834 -0.0179902 0.000312477 -0.000822026 -0.0179902 0.0889811 
0.0102528 -0.018632 -0.000206971 0.000299412 -0.018632 0.0904566 0.000301021 -0.000798757 -0.000206971 0.000301021 0.00970225 -0.0179825 0.000299412 -0.000798757 -0.0179825 0.0889496 
0.0102242 -0.0186126 -0.000184268 0.000277224 -0.0186126 0.0904329 0.000284219 -0.000755286 -0.000184268 0.000284219 0.00972835 -0.0179845 0.000277224 -0.000755286 -0.0179845 0.0889206 
0.0101806 -0.0185577 -0.000191883 0.000275905 -0.0185577 0.0903079 0.000286562 -0.000767409 -0.000191883 0.000286562 0.00975936 -0.0180217 0.000275905 -0.000767409 -0.0180217 0.0889739 
0.0101339 -0.0184924 -0.000173328 0.000262827 -0.0184924 0.0901388 0.000269043 -0.00072179 -0.000173328 0.000269043 0.00979961 -0.0180808 0.000262827 -0.00072179 -0.0180808 0.0891233 
0.0101466 -0.0184227 -0.00017358 0.000241122 -0.0184227 0.0899454 0.000239005 -0.000660568 -0.00017358 0.000239005 0.00976056 -0.0181344 0.000241122 -0.000660568 -0.0181344 0.08927 
0.0101636 -0.0184439 -0.000177035 0.000234981 -0.0184439 0.0899074 0.000230366 -0.000613396 -0.000177035 0.000230366 0.009717 -0.0180765 0.000234981 -0.000613396 -0.0180765 0.0892285 
0.010186 -0.0184895 -0.000200325 0.000261558 -0.0184895 0.0900116 0.000258861 -0.00066945 -0.000200325 0.000258861 0.00966799 -0.0179835 0.000261558 -0.00066945 -0.0179835 0.0889942 
0.0101865 -0.0184924 -0.000223302 0.000298718 -0.0184924 0.0900329 0.000299343 -0.000766406 -0.000223302 0.000299343 0.00967211 -0.017944 0.000298718 -0.000766406 -0.017944 0.0888605 
0.0102165 -0.0184992 -0.000227402 0.000287522 -0.0184992 0.0900504 0.000290319 -0.000752182 -0.000227402 0.000290319 0.00966566 -0.017945 0.000287522 -0.000752182 -0.017945 0.0888085 
0.0102288 -0.0185596 -0.000215268 0.000282607 -0.0185596 0.0901784 0.000285688 -0.000726246 -0.000215268 0.000285688 0.00967012 -0.0179152 0.000282607 -0.000726246 -0.0179152 0.0887197 
0.0102226 -0.0185762 -0.000209687 0.000268809 -0.0185762 0.0902603 0.000271212 -0.000694339 -0.000209687 0.000271212 0.0096571 -0.017913 0.000268809 -0.000694339 -0.017913 0.0886656 
0.0101907 -0.0185771 -0.000193056 0.000268869 -0.0185771 0.09031 0.000264729 -0.000679167 -0.000193056 0.000264729 0.00968406 -0.0179101 0.000268869 -0.000679167 -0.0179101 0.0886694 
0.0101638 -0.0185159 -0.000188844 0.000278195 -0.0185159 0.0902054 0.000271592 -0.000717712 -0.000188844 0.000271592 0.00968565 -0.017957 0.000278195 -0.000717712 -0.017957 0.0887597 
0.0101514 -0.0184724 -0.000205557 0.000296702 -0.0184724 0.0900792 0.000289187 -0.000788798 -0.000205557 0.000289187 0.00968006 -0.0179752 0.000296702 -0.000788798 -0.0179752 0.0888569 
0.0101223 -0.0184675 -0.000189219 0.000296322 -0.0184675 0.0900351 0.000288837 -0.000791949 -0.000189219 0.000288837 0.00967901 -0.0179534 0.000296322 -0.000791949 -0.0179534 0.0888389 
0.010104 -0.0184243 -0.000167644 0.000255827 -0.0184243 0.0899435 0.000253969 -0.000715864 -0.000167644 0.000253969 0.00967178 -0.0179548 0.000255827 -0.000715864 -0.0179548 0.0888353 
0.0100815 -0.0184172 -0.000144461 0.000213795 -0.0184172 0.0899128 0.000216665 -0.000605746 -0.000144461 0.000216665 0.00969666 -0.0179325 0.000213795 -0.000605746 -0.0179325 0.0887887 
0.0100752 -0.0183669 -0.000138582 0.000193185 -0.0183669 0.0897967 0.000195544 -0.000536927 -0.000138582 0.000195544 0.00970993 -0.0179761 0.000193185 -0.000536927 -0.0179761 0.0888465 
0.0101013 -0.018365 -0.000122876 0.000163352 -0.018365 0.0897447 0.00016436 -0.000437336 -0.000122876 0.00016436 0.00968499 -0.0179798 0.000163352 -0.000437336 -0.0179798 0.0888674 
0.0101004 -0.0183998 -0.000128136 0.00017418 -0.0183998 0.0897879 0.000176627 -0.000453701 -0.000128136 0.000176627 0.00968606 -0.0179421 0.00017418 -0.000453701 -0.0179421 0.0888031 
0.0100744 -0.018394 -0.000127853 0.000188785 -0.018394 0.0897995 0.000190042 -0.000491605 -0.000127853 0.000190042 0.00971032 -0.0179438 0.000188785 -0.000491605 -0.0179438 0.0887693 
0.0100043 -0.0183396 -0.000153919 0.000231629 -0.0183396 0.08969 0.00023394 -0.000624155 -0.000153919 0.00023394 0.00977176 -0.017993 0.000231629 -0.000624155 -0.017993 0.0888587 
0.00996965 -0.0182709 -0.000187823 0.000259251 -0.0182709 0.0895512 0.000263005 -0.00071343 -0.000187823 0.000263005 0.00976774 -0.0180387 0.000259251 -0.00071343 -0.0180387 0.0889302 
0.00995009 -0.0182383 -0.000179323 0.000257624 -0.0182383 0.0894515 0.000261838 -0.000697937 -0.000179323 0.000261838 0.00976043 -0.0180289 0.000257624 -0.000697937 -0.0180289 0.0889481 
0.00996332 -0.0182265 -0.000172103 0.000242242 -0.0182265 0.0894154 0.000246703 -0.000664352 -0.000172103 0.000246703 0.00975103 -0.0180058 0.000242242 -0.000664352 -0.0180058 0.0888937 
0.00995569 -0.0182296 -0.000144406 0.000221777 -0.0182296 0.0893861 0.000228616 -0.000605687 -0.000144406 0.000228616 0.00974359 -0.0179925 0.000221777 -0.000605687 -0.0179925 0.0888421 
0.00997551 -0.0182299 -0.000151743 0.000194947 -0.0182299 0.0893959 0.000204886 -0.000554497 -0.000151743 0.000204886 0.00971376 -0.0179811 0.000194947 -0.000554497 -0.0179811 0.088804 
0.00999578 -0.018246 -0.00015142 0.00018674 -0.018246 0.089416 0.000191713 -0.000492969 -0.00015142 0.000191713 0.00970194 -0.0179656 0.00018674 -0.000492969 -0.0179656 0.0887984 
0.0100174 -0.018264 -0.000178325 0.000227415 -0.018264 0.0894509 0.000221097 -0.000568454 -0.000178325 0.000221097 0.00967787 -0.0179593 0.000227415 -0.000568454 -0.0179593 0.0887934 
0.0100504 -0.0182926 -0.000186635 0.000254459 -0.0182926 0.0895139 0.000242843 -0.000633764 -0.000186635 0.000242843 0.00965174 -0.0179319 0.000254459 -0.000633764 -0.0179319 0.0887565 
0.0100976 -0.0183537 -0.000183783 0.000258819 -0.0183537 0.0896613 0.000250038 -0.000666991 -0.000183783 0.000250038 0.00961695 -0.0178838 0.000258819 -0.000666991 -0.0178838 0.0886459 
0.0100831 -0.0183782 -0.000166028 0.00024664 -0.0183782 0.0897152 0.000245136 -0.000654839 -0.000166028 0.000245136 0.00962372 -0.0178618 0.00024664 -0.000654839 -0.0178618 0.0885855 
0.0100581 -0.0183858 -0.000148435 0.000187453 -0.0183858 0.0897766 0.000189974 -0.000520518 -0.000148435 0.000189974 0.00964145 -0.0178462 0.000187453 -0.000520518 -0.0178462 0.0885116 
0.0100355 -0.0183585 -0.000147504 0.000180307 -0.0183585 0.0897598 0.000178459 -0.000457496 -0.000147504 0.000178459 0.00965705 -0.0178663 0.000180307 -0.000457496 -0.0178663 0.088514 
0.0100386 -0.0183253 -0.000169223 0.000212849 -0.0183253 0.0896882 0.000210788 -0.000524801 -0.000169223 0.000210788 0.00965044 -0.0178782 0.000212849 -0.000524801 -0.0178782 0.0885264 
0.0100173 -0.0183196 -0.00017713 0.000268841 -0.0183196 0.0896397 0.000269822 -0.000681072 -0.00017713 0.000269822 0.00966179 -0.0178792 0.000268841 -0.000681072 -0.0178792 0.0885445 
0.0100292 -0.0182916 -0.00017666 0.000243463 -0.0182916 0.08958 0.000248612 -0.000673588 -0.00017666 0.000248612 0.00965319 -0.0179012 0.000243463 -0.000673588 -0.0179012 0.0885941 
0.0100293 -0.0183032 -0.000162091 0.000244885 -0.0183032 0.0895643 0.000252714 -0.000669776 -0.000162091 0.000252714 0.0096541 -0.0178892 0.000244885 -0.000669776 -0.0178892 0.0885978 
0.0100404 -0.0182962 -0.000175582 0.000223407 -0.0182962 0.0895441 0.000229632 -0.000629709 -0.000175582 0.000229632 0.00964071 -0.0178937 0.000223407 -0.000629709 -0.0178937 0.0886031 
0.010054 -0.0183419 -0.000184266 0.000236211 -0.0183419 0.0896464 0.000238642 -0.00062081 -0.000184266 0.000238642 0.00961801 -0.0178475 0.000236211 -0.00062081 -0.0178475 0.0884972 
0.0100284 -0.0183521 -0.000173638 0.000240869 -0.0183521 0.0897015 0.000241414 -0.000620877 -0.000173638 0.000241414 0.00963139 -0.017828 0.000240869 -0.000620877 -0.017828 0.0884317 
0.0100333 -0.0183368 -0.000150172 0.000206969 -0.0183368 0.0897163 0.000206113 -0.000547711 -0.000150172 0.000206113 0.00963204 -0.0178298 0.000206969 -0.000547711 -0.0178298 0.0883949 
0.0100165 -0.0183162 -0.000130124 0.000210566 -0.0183162 0.0896442 0.000206663 -0.000549934 -0.000130124 0.000206663 0.00962462 -0.0178347 0.000210566 -0.000549934 -0.0178347 0.0883903 
0.00999191 -0.0182798 -0.000127775 0.000196154 -0.0182798 0.0895417 0.000191379 -0.000541109 -0.000127775 0.000191379 0.00962313 -0.0178417 0.000196154 -0.000541109 -0.0178417 0.0884231 
0.00996643 -0.0182268 -0.000126888 0.000168443 -0.0182268 0.0893909 0.000163768 -0.000461748 -0.000126888 0.000163768 0.00963303 -0.017866 0.000168443 -0.000461748 -0.017866 0.0885096 
0.00995633 -0.0181854 -0.000136655 0.000164421 -0.0181854 0.0892534 0.000163953 -0.000425946 -0.000136655 0.000163953 0.00964542 -0.0178879 0.000164421 -0.000425946 -0.0178879 0.0885926 
0.00998775 -0.0181816 -0.000152672 0.000190126 -0.0181816 0.0892105 0.000196862 -0.000483025 -0.000152672 0.000196862 0.00965767 -0.0179095 0.000190126 -0.000483025 -0.0179095 0.0886709 
0.010013 -0.0182348 -0.000186683 0.000230127 -0.0182348 0.0892912 0.00024381 -0.000603529 -0.000186683 0.00024381 0.00964204 -0.0179001 0.000230127 -0.000603529 -0.0179001 0.0886501 
0.0100498 -0.0182871 -0.000220198 0.00025399 -0.0182871 0.0894436 0.000265858 -0.000665559 -0.000220198 0.000265858 0.00961144 -0.0178701 0.00025399 -0.000665559 -0.0178701 0.0885803 
0.0100639 -0.0183574 -0.000240638 0.000271221 -0.0183574 0.0896446 0.000274641 -0.000678104 -0.000240638 0.000274641 0.00959424 -0.0178082 0.000271221 -0.000678104 -0.0178082 0.0884243 
0.010067 -0.0183764 -0.000225895 0.000278593 -0.0183764 0.0897578 0.000274502 -0.000666172 -0.000225895 0.000274502 0.00959181 -0.0177886 0.000278593 -0.000666172 -0.0177886 0.088332 
0.0100679 -0.0183567 -0.000212358 0.000276871 -0.0183567 0.0897379 0.000272259 -0.000677073 -0.000212358 0.000272259 0.00958599 -0.0178107 0.000276871 -0.000677073 -0.0178107 0.0883654 
0.0100696 -0.0183751 -0.000207018 0.000274683 -0.0183751 0.0897747 0.000270601 -0.000694753 -0.000207018 0.000270601 0.00957904 -0.0177873 0.000274683 -0.000694753 -0.0177873 0.0883303 
0.0100242 -0.0183702 -0.000184157 0.000262114 -0.0183702 0.0897725 0.000260021 -0.000676139 -0.000184157 0.000260021 0.00961355 -0.0177785 0.000262114 -0.000676139 -0.0177785 0.0882971 
0.00999258 -0.0183244 -0.00016159 0.000234239 -0.0183244 0.089712 0.000232298 -0.000626756 -0.00016159 0.000232298 0.00964932 -0.017815 0.000234239 -0.000626756 -0.017815 0.0883365 
0.00997804 -0.018258 -0.000151334 0.000221464 -0.018258 0.0895404 0.000219982 -0.000600317 -0.000151334 0.000219982 0.00966608 -0.0178806 0.000221464 -0.000600317 -0.0178806 0.0884887 
0.00998988 -0.018218 -0.000162844 0.000208665 -0.018218 0.0893776 0.000210232 -0.000570863 -0.000162844 0.000210232 0.00965172 -0.017919 0.000208665 -0.000570863 -0.017919 0.0886336 
0.00999379 -0.0182416 -0.000155951 0.000207887 -0.0182416 0.0893667 0.000209476 -0.000541724 -0.000155951 0.000209476 0.00964063 -0.0178916 0.000207887 -0.000541724 -0.0178916 0.0886296 
0.010041 -0.0182519 -0.000184514 0.000226742 -0.0182519 0.0893952 0.000226056 -0.000588108 -0.000184514 0.000226056 0.00956421 -0.0178559 0.000226742 -0.000588108 -0.0178559 0.0885259 
0.0100484 -0.0183063 -0.000171254 0.000237695 -0.0183063 0.0894862 0.00023498 -0.000595944 -0.000171254 0.00023498 0.00954585 -0.0177747 0.000237695 -0.000595944 -0.0177747 0.088382 
0.0100106 -0.018314 -0.000173697 0.00024751 -0.018314 0.089544 0.000245016 -0.000644658 -0.000173697 0.000245016 0.00957384 -0.0177434 0.00024751 -0.000644658 -0.0177434 0.0882469 
0.0100024 -0.0183004 -0.000173208 0.000226895 -0.0183004 0.089573 0.000229817 -0.000608542 -0.000173208 0.000229817 0.00955993 -0.0177269 0.000226895 -0.000608542 -0.0177269 0.0881086 
0.00999067 -0.0182624 -0.000186033 0.000217272 -0.0182624 0.0894836 0.000220607 -0.000566772 -0.000186033 0.000220607 0.00955271 -0.0177383 0.000217272 -0.000566772 -0.0177383 0.0881184 
0.0100012 -0.0182391 -0.000191664 0.000203288 -0.0182391 0.0893993 0.000201538 -0.000490019 -0.000191664 0.000201538 0.00954523 -0.0177403 0.000203288 -0.000490019 -0.0177403 0.0881443 
0.0100339 -0.018277 -0.000205189 0.000204462 -0.018277 0.0894556 0.000197462 -0.000454904 -0.000205189 0.000197462 0.0095415 -0.0177132 0.000204462 -0.000454904 -0.0177132 0.0880959 
0.0100101 -0.0183057 -0.000189723 0.000254388 -0.0183057 0.0895156 0.000247571 -0.000560508 -0.000189723 0.000247571 0.00957149 -0.0177205 0.000254388 -0.000560508 -0.0177205 0.0880935 
0.00997243 -0.0182804 -0.000166949 0.000235757 -0.0182804 0.0895098 0.000237058 -0.00059595 -0.000166949 0.000237058 0.00960173 -0.017764 0.000235757 -0.00059595 -0.017764 0.0881765 
0.00992843 -0.018224 -0.000155303 0.000220504 -0.018224 0.0894028 0.000229608 -0.000598841 -0.000155303 0.000229608 0.00963442 -0.0178144 0.000220504 -0.000598841 -0.0178144 0.0883133 
0.00993996 -0.0181818 -0.000156575 0.000199863 -0.0181818 0.089304 0.000205444 -0.000553915 -0.000156575 0.000205444 0.00962473 -0.0178449 0.000199863 -0.000553915 -0.0178449 0.0884093 
0.00994727 -0.0181863 -0.000156492 0.000208822 -0.0181863 0.089256 0.000211062 -0.000550933 -0.000156492 0.000211062 0.009612 -0.0178317 0.000208822 -0.000550933 -0.0178317 0.0884217 
0.00994561 -0.0181906 -0.000136989 0.000195897 -0.0181906 0.0892461 0.000198061 -0.000521561 -0.000136989 0.000198061 0.00961517 -0.0178253 0.000195897 -0.000521561 -0.0178253 0.088421 
0.00995574 -0.0181766 -0.000134713 0.00019951 -0.0181766 0.0892108 0.000204119 -0.000546523 -0.000134713 0.000204119 0.00959332 -0.0178381 0.00019951 -0.000546523 -0.0178381 0.0884466 
0.00996083 -0.0182112 -0.000137148 0.000181902 -0.0182112 0.0892762 0.000185578 -0.000511458 -0.000137148 0.000185578 0.00958416 -0.0177936 0.000181902 -0.000511458 -0.0177936 0.0883729 
0.00998785 -0.0182353 -0.000137137 0.000156854 -0.0182353 0.0893698 0.000156623 -0.000417308 -0.000137137 0.000156623 0.00957623 -0.0177667 0.000156854 -0.000417308 -0.0177667 0.0882742 
0.00997963 -0.01824 -0.00015187 0.000184677 -0.01824 0.0893772 0.000182462 -0.000449553 -0.00015187 0.000182462 0.0095986 -0.0177808 0.000184677 -0.000449553 -0.0177808 0.0882842 
0.00998419 -0.0182393 -0.000180404 0.000206668 -0.0182393 0.0893865 0.00020504 -0.000509712 -0.000180404 0.00020504 0.00960091 -0.0177939 0.000206668 -0.000509712 -0.0177939 0.0882899 
0.0100339 -0.0182488 -0.000207746 0.000240354 -0.0182488 0.0894086 0.000239903 -0.00058804 -0.000207746 0.000239903 0.00955931 -0.0178019 0.000240354 -0.00058804 -0.0178019 0.0883172 
0.0100625 -0.0183328 -0.000166262 0.000214395 -0.0183328 0.0895726 0.000218705 -0.000525004 -0.000166262 0.000218705 0.00956802 -0.0177424 0.000214395 -0.000525004 -0.0177424 0.088234 
0.0100603 -0.0183527 -0.000176616 0.000203899 -0.0183527 0.0896622 0.000211571 -0.00052794 -0.000176616 0.000211571 0.00959998 -0.0177654 0.000203899 -0.00052794 -0.0177654 0.0882315 
0.0100464 -0.018352 -0.000189097 0.000234518 -0.018352 0.0896944 0.000242823 -0.000592265 -0.000189097 0.000242823 0.0096485 -0.0178134 0.000234518 -0.000592265 -0.0178134 0.088327 
0.0100289 -0.0183222 -0.000196296 0.000262076 -0.0183222 0.0896383 0.000266773 -0.000673209 -0.000196296 0.000266773 0.00967234 -0.0178906 0.000262076 -0.000673209 -0.0178906 0.0885108 
0.0100495 -0.0183169 -0.000190634 0.000244014 -0.0183169 0.0896192 0.000238633 -0.000633789 -0.000190634 0.000238633 0.00962853 -0.0179089 0.000244014 -0.000633789 -0.0179089 0.0886086 
0.010044 -0.0183138 -0.000183345 0.000256879 -0.0183138 0.0895785 0.000242641 -0.000642805 -0.000183345 0.000242641 0.00959959 -0.017885 0.000256879 -0.000642805 -0.017885 0.0886427 
0.0100638 -0.0183203 -0.000180511 0.000262355 -0.0183203 0.0895939 0.000245138 -0.000671098 -0.000180511 0.000245138 0.00956232 -0.0178222 0.000262355 -0.000671098 -0.0178222 0.0885106 
0.0100457 -0.0183444 -0.000160804 0.00023966 -0.0183444 0.0896316 0.000226776 -0.000629568 -0.000160804 0.000226776 0.00957116 -0.0177628 0.00023966 -0.000629568 -0.0177628 0.0883438 
0.0100233 -0.0183338 -0.000139309 0.000193386 -0.0183338 0.0896467 0.000185561 -0.000519834 -0.000139309 0.000185561 0.00960115 -0.0177577 0.000193386 -0.000519834 -0.0177577 0.0882447 
0.0100146 -0.0183024 -0.000149003 0.000169531 -0.0183024 0.0895923 0.000168706 -0.000445915 -0.000149003 0.000168706 0.00962101 -0.0177961 0.000169531 -0.000445915 -0.0177961 0.0882744 
0.0099881 -0.0182578 -0.000178978 0.000208298 -0.0182578 0.0894559 0.000210603 -0.000510801 -0.000178978 0.000210603 0.00965351 -0.0178556 0.000208298 -0.000510801 -0.0178556 0.0884287 
0.00995043 -0.018235 -0.000179459 0.000246633 -0.018235 0.0893763 0.000248246 -0.000605488 -0.000179459 0.000248246 0.00966997 -0.0178794 0.000246633 -0.000605488 -0.0178794 0.0885074 
0.0099405 -0.0181793 -0.000172827 0.000243653 -0.0181793 0.0892527 0.00024546 -0.000638003 -0.000172827 0.00024546 0.00965928 -0.0179181 0.000243653 -0.000638003 -0.0179181 0.0886223 
0.00992865 -0.018169 -0.00016803 0.000233534 -0.018169 0.0891851 0.000240784 -0.000634039 -0.00016803 0.000240784 0.00964895 -0.0178946 0.000233534 -0.000634039 -0.0178946 0.0886198 
0.00994921 -0.0181847 -0.000162571 0.000213749 -0.0181847 0.0892293 0.000222798 -0.000590195 -0.000162571 0.000222798 0.00962782 -0.0178543 0.000213749 -0.000590195 -0.0178543 0.0885158 
0.00999703 -0.0181842 -0.000191651 0.000243502 -0.0181842 0.0892116 0.000250827 -0.000652845 -0.000191651 0.000250827 0.00955474 -0.0178279 0.000243502 -0.000652845 -0.0178279 0.0884198 
0.0100048 -0.0182558 -0.000183379 0.00026365 -0.0182558 0.0893333 0.000265933 -0.000689309 -0.000183379 0.000265933 0.0095337 -0.0177266 0.00026365 -0.000689309 -0.0177266 0.0882143 
0.0100052 -0.0182883 -0.000153764 0.000234706 -0.0182883 0.0894731 0.000231656 -0.000634476 -0.000153764 0.000231656 0.00952985 -0.0176805 0.000234706 -0.000634476 -0.0176805 0.0880256 
0.0100217 -0.0182895 -0.000143494 0.000185257 -0.0182895 0.0895292 0.000177803 -0.000508162 -0.000143494 0.000177803 0.00951737 -0.0176823 0.000185257 -0.000508162 -0.0176823 0.0879704 
0.0100202 -0.0183012 -0.000121322 0.000152503 -0.0183012 0.0895469 0.000145285 -0.000380805 -0.000121322 0.000145285 0.00951567 -0.0176759 0.000152503 -0.000380805 -0.0176759 0.087963 
0.00998471 -0.018267 -9.56949e-05 0.00014104 -0.018267 0.0894703 0.000138588 -0.000341696 -9.56949e-05 0.000138588 0.00956353 -0.0177158 0.00014104 -0.000341696 -0.0177158 0.0880762 
0.00994183 -0.0182188 -0.000106431 0.000147796 -0.0182188 0.0893561 0.000152313 -0.000393557 -0.000106431 0.000152313 0.0096131 -0.0177757 0.000147796 -0.000393557 -0.0177757 0.0882168 
0.00990861 -0.0181558 -0.000115042 0.000153123 -0.0181558 0.0891999 0.000160584 -0.000414718 -0.000115042 0.000160584 0.00965212 -0.0178556 0.000153123 -0.000414718 -0.0178556 0.0884273 
0.0099118 -0.0181451 -0.000131117 0.000171203 -0.0181451 0.0891537 0.000173437 -0.000454808 -0.000131117 0.000173437 0.00966423 -0.0178713 0.000171203 -0.000454808 -0.0178713 0.0884993 
0.00992396 -0.0181544 -0.000133094 0.000181723 -0.0181544 0.0891594 0.000179354 -0.000473177 -0.000133094 0.000179354 0.00966532 -0.0178841 0.000181723 -0.000473177 -0.0178841 0.0885376 
0.00989951 -0.01818 -0.000116061 0.000168884 -0.01818 0.0892192 0.000164613 -0.000440496 -0.000116061 0.000164613 0.00969003 -0.0178787 0.000168884 -0.000440496 -0.0178787 0.0885327 
0.00985338 -0.0181481 -9.25493e-05 0.000127117 -0.0181481 0.0891964 0.000122748 -0.00033748 -9.25493e-05 0.000122748 0.00973399 -0.0179139 0.000127117 -0.00033748 -0.0179139 0.088587 
0.00984439 -0.0180955 -0.000111194 0.000132791 -0.0180955 0.0891028 0.000127349 -0.000337571 -0.000111194 0.000127349 0.00973558 -0.0179558 0.000132791 -0.000337571 -0.0179558 0.0886623 
0.00982945 -0.0180618 -0.000110874 0.000156387 -0.0180618 0.0889745 0.000153381 -0.000377581 -0.000110874 0.000153381 0.00972991 -0.0179665 0.000156387 -0.000377581 -0.0179665 0.0887194 
