0.00781925 0 -0.000263597 0 0 0.01 0 0 -0.000263597 0 0.00685542 0 0 0 0 0.01 
0.0109227 -0.0135587 -0.00032221 0.000385936 -0.0135587 0.0351723 0.000385936 -0.000740061 -0.00032221 0.000385936 0.00976287 -0.0121289 0.000385936 -0.000740061 -0.0121289 0.0324312 
0.0108378 -0.0202548 -0.000288707 0.000365571 -0.0202548 0.0739179 0.000365571 -0.00109729 -0.000288707 0.000365571 0.0099547 -0.0186 0.000365571 -0.00109729 -0.0186 0.0686463 
0.0102077 -0.0196424 -0.000288734 0.000238987 -0.0196424 0.0873913 0.000235529 -0.000526467 -0.000288734 0.000235529 0.00945597 -0.0185355 0.000238987 -0.000526467 -0.0185355 0.0832601 
0.0102343 -0.0188206 -0.000330534 0.000294302 -0.0188206 0.0896586 0.000295728 -0.000543794 -0.000330534 0.000295728 0.00944402 -0.0179959 0.000294302 -0.000543794 -0.0179959 0.0872703 
0.0104427 -0.0188341 -0.000321118 0.000328017 -0.0188341 0.0904902 0.000334002 -0.000679921 -0.000321118 0.000334002 0.00958388 -0.0178569 0.000328017 -0.000679921 -0.0178569 0.0883226 
0.0105431 -0.0190139 -0.000290004 0.000293385 -0.0190139 0.0912029 0.000301718 -0.000663077 -0.000290004 0.000301718 0.00968368 -0.0179006 0.000293385 -0.000663077 -0.0179006 0.0886779 
0.010573 -0.0190783 -0.000261946 0.000239654 -0.0190783 0.091588 0.000245854 -0.000531155 -0.000261946 0.000245854 0.00969501 -0.017941 0.000239654 -0.000531155 -0.017941 0.0887886 
0.0105605 -0.0190493 -0.00024704 0.000236397 -0.0190493 0.0916009 0.000240732 -0.000494034 -0.00024704 0.000240732 0.00971138 -0.0179657 0.000236397 -0.000494034 -0.0179657 0.0888575 
0.0105461 -0.0190271 -0.000215872 0.000214491 -0.0190271 0.0915358 0.000219384 -0.000444597 -0.000215872 0.000219384 0.00970922 -0.017966 0.000214491 -0.000444597 -0.017966 0.0888381 
0.0105415 -0.0189935 -0.000237645 0.000208459 -0.0189935 0.0914324 0.000211546 -0.000449396 -0.000237645 0.000211546 0.00970251 -0.0179875 0.000208459 -0.000449396 -0.0179875 0.0888858 
0.0105689 -0.0189983 -0.000272579 0.000247986 -0.0189983 0.0914148 0.000243788 -0.000514742 -0.000272579 0.000243788 0.00968775 -0.0179893 0.000247986 -0.000514742 -0.0179893 0.0889232 
0.0105971 -0.0190507 -0.000294196 0.000276416 -0.0190507 0.0915161 0.00026724 -0.00057232 -0.000294196 0.00026724 0.00964289 -0.0179488 0.000276416 -0.00057232 -0.0179488 0.0888445 
0.0106032 -0.019087 -0.000295851 0.000293897 -0.019087 0.0916299 0.000285664 -0.000611967 -0.000295851 0.000285664 0.00962514 -0.0179082 0.000293897 -0.000611967 -0.0179082 0.0887683 
0.0105538 -0.0191079 -0.000252933 0.000278253 -0.0191079 0.091726 0.000273601 -0.000588689 -0.000252933 0.000273601 0.00965494 -0.0178729 0.000278253 -0.000588689 -0.0178729 0.0886696 
0.0104582 -0.0190484 -0.000187155 0.000215819 -0.0190484 0.0916645 0.0002129 -0.000468151 -0.000187155 0.0002129 0.00969491 -0.0178963 0.000215819 -0.000468151 -0.0178963 0.088655 
0.0104156 -0.0189403 -0.000143027 0.000132954 -0.0189403 0.0914749 0.000130965 -0.000279618 -0.000143027 0.000130965 0.00970902 -0.0179405 0.000132954 -0.000279618 -0.0179405 0.0887302 
0.0103853 -0.0188594 -0.000140055 9.4386e-05 -0.0188594 0.0912233 9.46833e-05 -0.000162359 -0.000140055 9.46833e-05 0.00970546 -0.0179717 9.4386e-05 -0.000162359 -0.0179717 0.0888275 
0.0104254 -0.0188334 -0.000171844 0.000103713 -0.0188334 0.0911096 0.000105148 -0.000149869 -0.000171844 0.000105148 0.00967019 -0.0179618 0.000103713 -0.000149869 -0.0179618 0.0888407 
0.0104525 -0.0189006 -0.000168247 0.000134248 -0.0189006 0.0911955 0.000136362 -0.000195341 -0.000168247 0.000136362 0.00966294 -0.0178912 0.000134248 -0.000195341 -0.0178912 0.0886948 
0.0104448 -0.0189123 -0.000162696 0.000154611 -0.0189123 0.0912375 0.000157884 -0.000282756 -0.000162696 0.000157884 0.00967924 -0.0179037 0.000154611 -0.000282756 -0.0179037 0.0886658 
0.0104744 -0.0189051 -0.000163249 0.000134891 -0.0189051 0.0912416 0.000139044 -0.000269858 -0.000163249 0.000139044 0.00964591 -0.0179307 0.000134891 -0.000269858 -0.0179307 0.0887177 
0.0104471 -0.018911 -0.000178932 0.000165228 -0.018911 0.0912129 0.000172748 -0.000343232 -0.000178932 0.000172748 0.00965266 -0.0179229 0.000165228 -0.000343232 -0.0179229 0.0887696 
0.0103907 -0.0188877 -0.000171147 0.000172625 -0.0188877 0.0911846 0.000178343 -0.000372713 -0.000171147 0.000178343 0.0096913 -0.0179254 0.000172625 -0.000372713 -0.0179254 0.0887844 
0.010368 -0.018807 -0.000166467 0.00018049 -0.018807 0.0910322 0.000178092 -0.000396778 -0.000166467 0.000178092 0.00971174 -0.0179915 0.00018049 -0.000396778 -0.0179915 0.0889195 
0.0103777 -0.0188015 -0.000168979 0.000157321 -0.0188015 0.0909757 0.000147256 -0.000339451 -0.000168979 0.000147256 0.00969795 -0.0179846 0.000157321 -0.000339451 -0.0179846 0.0889352 
0.0103997 -0.0187954 -0.000219307 0.000173743 -0.0187954 0.0909356 0.000162393 -0.000350191 -0.000219307 0.000162393 0.00969091 -0.0179937 0.000173743 -0.000350191 -0.0179937 0.0889797 
0.0104633 -0.0188336 -0.000242396 0.000210888 -0.0188336 0.0909991 0.000199775 -0.000387505 -0.000242396 0.000199775 0.00966437 -0.0179794 0.000210888 -0.000387505 -0.0179794 0.0889676 
0.0104788 -0.018909 -0.000262813 0.000251952 -0.018909 0.091135 0.000244401 -0.000499977 -0.000262813 0.000244401 0.00963622 -0.0179288 0.000251952 -0.000499977 -0.0179288 0.0888529 
0.0104672 -0.0189105 -0.000269481 0.000279399 -0.0189105 0.0911802 0.000276692 -0.000594303 -0.000269481 0.000276692 0.0096255 -0.017914 0.000279399 -0.000594303 -0.017914 0.0888017 
0.0104325 -0.0189233 -0.000224691 0.000265943 -0.0189233 0.0912455 0.000266522 -0.000587438 -0.000224691 0.000266522 0.0096624 -0.0178802 0.000265943 -0.000587438 -0.0178802 0.0887118 
0.0104112 -0.0188871 -0.00022982 0.000237522 -0.0188871 0.0912247 0.000241503 -0.000567696 -0.00022982 0.000241503 0.00970151 -0.0179233 0.000237522 -0.000567696 -0.0179233 0.0887343 
0.0103897 -0.0188657 -0.00019924 0.000199 -0.0188657 0.0911719 0.000205129 -0.000443641 -0.00019924 0.000205129 0.00973565 -0.0179565 0.000199 -0.000443641 -0.0179565 0.0887923 
0.0103903 -0.0188389 -0.000189519 0.000161596 -0.0188389 0.0911072 0.000170075 -0.00034258 -0.000189519 0.000170075 0.00972396 -0.0179926 0.000161596 -0.00034258 -0.0179926 0.0888634 
0.0103943 -0.0188472 -0.000195239 0.000146746 -0.0188472 0.0910971 0.000157048 -0.000284228 -0.000195239 0.000157048 0.00968896 -0.0179609 0.000146746 -0.000284228 -0.0179609 0.0888271 
0.0103728 -0.018825 -0.000198155 0.000181656 -0.018825 0.0910379 0.000189647 -0.00034703 -0.000198155 0.000189647 0.0096944 -0.017954 0.000181656 -0.00034703 -0.017954 0.0888345 
0.0103591 -0.0188154 -0.000184202 0.000179126 -0.0188154 0.0910189 0.000181544 -0.000362416 -0.000184202 0.000181544 0.00968784 -0.0179411 0.000179126 -0.000362416 -0.0179411 0.0887927 
0.0103539 -0.0187814 -0.00016752 0.000165641 -0.0187814 0.0909387 0.00016474 -0.000342066 -0.00016752 0.00016474 0.00967537 -0.0179474 0.000165641 -0.000342066 -0.0179474 0.0888034 
0.0103913 -0.0187904 -0.000165908 0.000155141 -0.0187904 0.0909443 0.000153938 -0.000325422 -0.000165908 0.000153938 0.0096479 -0.0179293 0.000155141 -0.000325422 -0.0179293 0.0887808 
0.0104023 -0.018812 -0.000185589 0.000176496 -0.018812 0.0909559 0.000177133 -0.000378307 -0.000185589 0.000177133 0.00963722 -0.0179144 0.000176496 -0.000378307 -0.0179144 0.0887612 
0.0103932 -0.0188573 -0.000164256 0.000151389 -0.0188573 0.091076 0.000150041 -0.000305567 -0.000164256 0.000150041 0.00963407 -0.0178667 0.000151389 -0.000305567 -0.0178667 0.0886391 
0.0103956 -0.0188591 -0.000168196 0.000137846 -0.0188591 0.0911471 0.000131443 -0.000262889 -0.000168196 0.000131443 0.00962884 -0.0178556 0.000137846 -0.000262889 -0.0178556 0.0885646 
0.0103943 -0.0188405 -0.000168952 0.000169544 -0.0188405 0.0911156 0.000161324 -0.000316912 -0.000168952 0.000161324 0.00965249 -0.0178811 0.000169544 -0.000316912 -0.0178811 0.0886195 
0.0103936 -0.0188278 -0.000160282 0.000148958 -0.0188278 0.091061 0.000145744 -0.00029411 -0.000160282 0.000145744 0.00965587 -0.017913 0.000148958 -0.00029411 -0.017913 0.0886961 
0.0104189 -0.0188369 -0.000169195 0.000164215 -0.0188369 0.0910796 0.00016628 -0.000340195 -0.000169195 0.00016628 0.00968422 -0.0179381 0.000164215 -0.000340195 -0.0179381 0.088798 
0.0104364 -0.018881 -0.000184123 0.000179358 -0.018881 0.091171 0.000187236 -0.00040024 -0.000184123 0.000187236 0.00972296 -0.0179597 0.000179358 -0.00040024 -0.0179597 0.0888485 
0.010458 -0.018885 -0.000239468 0.000195232 -0.018885 0.0911938 0.000205277 -0.000447501 -0.000239468 0.000205277 0.00972064 -0.0180259 0.000195232 -0.000447501 -0.0180259 0.0889914 
0.0104578 -0.0189272 -0.000251919 0.000226415 -0.0189272 0.0912781 0.000230761 -0.000467024 -0.000251919 0.000230761 0.00971791 -0.0180041 0.000226415 -0.000467024 -0.0180041 0.0890055 
0.0104651 -0.0189212 -0.000272794 0.00026191 -0.0189212 0.0912987 0.00026474 -0.00055891 -0.000272794 0.00026474 0.0097012 -0.0180059 0.00026191 -0.00055891 -0.0180059 0.0890081 
0.0105064 -0.0189523 -0.000276189 0.000259625 -0.0189523 0.0913725 0.000260816 -0.000557005 -0.000276189 0.000260816 0.00964794 -0.0179587 0.000259625 -0.000557005 -0.0179587 0.0889067 
0.0105201 -0.0189912 -0.000290719 0.000277073 -0.0189912 0.091447 0.000274812 -0.000591513 -0.000290719 0.000274812 0.00961803 -0.0178978 0.000277073 -0.000591513 -0.0178978 0.0887685 
0.0105518 -0.0189939 -0.000293025 0.000312779 -0.0189939 0.0914803 0.000307479 -0.000669892 -0.000293025 0.000307479 0.0096333 -0.0178997 0.000312779 -0.000669892 -0.0178997 0.0887597 
0.0105654 -0.0190286 -0.000289683 0.000309725 -0.0190286 0.0915268 0.000306198 -0.000698419 -0.000289683 0.000306198 0.00963086 -0.0179092 0.000309725 -0.000698419 -0.0179092 0.0887612 
0.0105501 -0.0190535 -0.000262593 0.000280264 -0.0190535 0.0915985 0.000279329 -0.000632633 -0.000262593 0.000279329 0.00964788 -0.0179039 0.000280264 -0.000632633 -0.0179039 0.0887601 
0.0105159 -0.0190144 -0.000245603 0.000250952 -0.0190144 0.091528 0.000248377 -0.000562798 -0.000245603 0.000248377 0.00963701 -0.0179211 0.000250952 -0.000562798 -0.0179211 0.0887778 
0.0104872 -0.0189616 -0.000246944 0.000237843 -0.0189616 0.0913929 0.000234275 -0.0005218 -0.000246944 0.000234275 0.00963048 -0.0179111 0.000237843 -0.0005218 -0.0179111 0.0887798 
0.0104863 -0.0189375 -0.000257807 0.000244895 -0.0189375 0.0913163 0.000239979 -0.000519568 -0.000257807 0.000239979 0.0096203 -0.0178922 0.000244895 -0.000519568 -0.0178922 0.0887339 
0.0104796 -0.018918 -0.000290404 0.000284787 -0.018918 0.0912296 0.000278789 -0.000614897 -0.000290404 0.000278789 0.00960609 -0.0178864 0.000284787 -0.000614897 -0.0178864 0.0887075 
0.0104855 -0.0189093 -0.000288027 0.00029432 -0.0189093 0.0911849 0.000288827 -0.000634225 -0.000288027 0.000288827 0.00959132 -0.0178667 0.00029432 -0.000634225 -0.0178667 0.0886662 
0.0105405 -0.0189276 -0.000311366 0.000291422 -0.0189276 0.0912175 0.000285757 -0.000635236 -0.000311366 0.000285757 0.00954634 -0.0178497 0.000291422 -0.000635236 -0.0178497 0.0886261 
0.0106104 -0.0189615 -0.00034488 0.000337426 -0.0189615 0.0912494 0.000332208 -0.000718006 -0.00034488 0.000332208 0.00949876 -0.0178355 0.000337426 -0.000718006 -0.0178355 0.0886326 
0.0106452 -0.0190851 -0.000328958 0.000346398 -0.0190851 0.0915056 0.000346288 -0.000747624 -0.000328958 0.000346288 0.00948761 -0.0177388 0.000346398 -0.000747624 -0.0177388 0.0884389 
0.0106309 -0.019137 -0.00029467 0.000319077 -0.019137 0.0917127 0.000321779 -0.000713797 -0.00029467 0.000321779 0.00948883 -0.0177102 0.000319077 -0.000713797 -0.0177102 0.0882842 
0.0106076 -0.0191256 -0.000268905 0.000274918 -0.0191256 0.0917746 0.000276594 -0.000622405 -0.000268905 0.000276594 0.00950673 -0.0177081 0.000274918 -0.000622405 -0.0177081 0.0882287 
0.0105989 -0.0191068 -0.000261751 0.000271575 -0.0191068 0.0917743 0.000270921 -0.000603425 -0.000261751 0.000270921 0.00952048 -0.0177281 0.000271575 -0.000603425 -0.0177281 0.0882422 
0.0105781 -0.0190885 -0.00024523 0.000257507 -0.0190885 0.0917297 0.000260499 -0.000574712 -0.00024523 0.000260499 0.00954726 -0.0177472 0.000257507 -0.000574712 -0.0177472 0.088282 
0.0105707 -0.0190542 -0.000254818 0.000246643 -0.0190542 0.0916499 0.000251617 -0.000559289 -0.000254818 0.000251617 0.0095543 -0.0177956 0.000246643 -0.000559289 -0.0177956 0.0883941 
0.010613 -0.0190341 -0.000286013 0.000285813 -0.0190341 0.091582 0.000288041 -0.00063663 -0.000286013 0.000288041 0.00954351 -0.0178454 0.000285813 -0.00063663 -0.0178454 0.0885748 
0.0106234 -0.0190655 -0.000305762 0.000304795 -0.0190655 0.0915706 0.000306757 -0.000683165 -0.000305762 0.000306757 0.00951912 -0.0178311 0.000304795 -0.000683165 -0.0178311 0.0886168 
0.0106109 -0.019098 -0.000307502 0.000329634 -0.019098 0.0916589 0.000329725 -0.000738007 -0.000307502 0.000329725 0.00953004 -0.0177959 0.000329634 -0.000738007 -0.0177959 0.0885675 
0.0105987 -0.0190949 -0.000309623 0.000314847 -0.0190949 0.0916991 0.000309239 -0.000713126 -0.000309623 0.000309239 0.00952774 -0.0177881 0.000314847 -0.000713126 -0.0177881 0.0885076 
0.010567 -0.0190684 -0.00031255 0.000312309 -0.0190684 0.0916445 0.00030246 -0.000682202 -0.00031255 0.00030246 0.00951484 -0.0177732 0.000312309 -0.000682202 -0.0177732 0.0884482 
0.0105694 -0.0190211 -0.000333579 0.000329092 -0.0190211 0.0915402 0.0003188 -0.000708303 -0.000333579 0.0003188 0.00948325 -0.0177671 0.000329092 -0.000708303 -0.0177671 0.0884265 
0.0105907 -0.019039 -0.000335561 0.000343415 -0.019039 0.0915412 0.000332853 -0.000730022 -0.000335561 0.000332853 0.00945422 -0.0177083 0.000343415 -0.000730022 -0.0177083 0.0883037 
0.010606 -0.0190404 -0.000320711 0.000367567 -0.0190404 0.0915211 0.000361338 -0.000809654 -0.000320711 0.000361338 0.00943886 -0.0176947 0.000367567 -0.000809654 -0.0176947 0.0882495 
0.0106077 -0.0190561 -0.00028368 0.000350329 -0.0190561 0.0915419 0.000352939 -0.000824074 -0.00028368 0.000352939 0.00947097 -0.017698 0.000350329 -0.000824074 -0.017698 0.0882679 
0.0105998 -0.0190477 -0.000264786 0.000291464 -0.0190477 0.091519 0.000301833 -0.000727789 -0.000264786 0.000301833 0.00950813 -0.0177373 0.000291464 -0.000727789 -0.0177373 0.0883332 
0.0106034 -0.0190524 -0.000272985 0.000264144 -0.0190524 0.0915313 0.000275249 -0.000632284 -0.000272985 0.000275249 0.00951466 -0.0177726 0.000264144 -0.000632284 -0.0177726 0.08841 
0.0105417 -0.0190517 -0.000250156 0.000254521 -0.0190517 0.0915189 0.00026234 -0.000559177 -0.000250156 0.00026234 0.0095356 -0.0177698 0.000254521 -0.000559177 -0.0177698 0.0884241 
0.0105209 -0.0189835 -0.000244017 0.000253196 -0.0189835 0.0914296 0.000256942 -0.000557943 -0.000244017 0.000256942 0.00954662 -0.0178037 0.000253196 -0.000557943 -0.0178037 0.0884906 
0.0104949 -0.0189716 -0.000224738 0.000239038 -0.0189716 0.0913763 0.000240151 -0.000527328 -0.000224738 0.000240151 0.00954945 -0.0177991 0.000239038 -0.000527328 -0.0177991 0.088495 
0.0104513 -0.0189445 -0.000222001 0.000214558 -0.0189445 0.0913227 0.000214151 -0.000476703 -0.000222001 0.000214151 0.00954942 -0.0177837 0.000214558 -0.000476703 -0.0177837 0.0884445 
0.0104249 -0.0188836 -0.000221381 0.000245839 -0.0188836 0.0912134 0.000241922 -0.000531451 -0.000221381 0.000241922 0.00957731 -0.0178076 0.000245839 -0.000531451 -0.0178076 0.0884895 
0.0104363 -0.0188334 -0.000242373 0.000244122 -0.0188334 0.0910612 0.000240071 -0.000555364 -0.000242373 0.000240071 0.00955518 -0.0178475 0.000244122 -0.000555364 -0.0178475 0.0885736 
0.0104432 -0.0188574 -0.000229964 0.000241694 -0.0188574 0.0910495 0.000243998 -0.000537973 -0.000229964 0.000243998 0.00954208 -0.0178003 0.000241694 -0.000537973 -0.0178003 0.0885137 
0.0104748 -0.0188714 -0.000238129 0.000216081 -0.0188714 0.0910847 0.000223516 -0.000489495 -0.000238129 0.000223516 0.00950106 -0.0177763 0.000216081 -0.000489495 -0.0177763 0.0884314 
0.0104906 -0.0189092 -0.000235448 0.00023815 -0.0189092 0.0911561 0.00024093 -0.000504579 -0.000235448 0.00024093 0.00947657 -0.0177278 0.00023815 -0.000504579 -0.0177278 0.0883272 
0.0104904 -0.0189178 -0.000240419 0.000250732 -0.0189178 0.0911889 0.000245994 -0.000546813 -0.000240419 0.000245994 0.00946418 -0.017706 0.000250732 -0.000546813 -0.017706 0.0882576 
0.0105066 -0.0189187 -0.000271664 0.000266285 -0.0189187 0.0912057 0.000258102 -0.000588498 -0.000271664 0.000258102 0.00944355 -0.0176928 0.000266285 -0.000588498 -0.0176928 0.0882129 
0.010566 -0.0189313 -0.000316907 0.000319362 -0.0189313 0.0912291 0.000311878 -0.000702075 -0.000316907 0.000311878 0.00943845 -0.0176976 0.000319362 -0.000702075 -0.0176976 0.0882473 
0.0106105 -0.0190251 -0.000306502 0.000330824 -0.0190251 0.0914016 0.000327791 -0.000730168 -0.000306502 0.000327791 0.00942502 -0.017655 0.000330824 -0.000730168 -0.017655 0.0881439 
0.0105924 -0.0190812 -0.000290854 0.000313626 -0.0190812 0.0915667 0.00031518 -0.000719854 -0.000290854 0.00031518 0.00944094 -0.0176375 0.000313626 -0.000719854 -0.0176375 0.0880713 
0.0105968 -0.0190494 -0.000315315 0.000335778 -0.0190494 0.0915763 0.000339879 -0.000790536 -0.000315315 0.000339879 0.00944021 -0.0176774 0.000335778 -0.000790536 -0.0176774 0.0881307 
0.0105909 -0.019053 -0.00030595 0.000339426 -0.019053 0.0915685 0.000345473 -0.000794652 -0.00030595 0.000345473 0.00945941 -0.0176827 0.000339426 -0.000794652 -0.0176827 0.0881817 
0.0105957 -0.0190122 -0.00031427 0.000355099 -0.0190122 0.0914636 0.000358059 -0.000845299 -0.00031427 0.000358059 0.00946757 -0.0177401 0.000355099 -0.000845299 -0.0177401 0.0883228 
0.0106081 -0.0190474 -0.000302614 0.000350371 -0.0190474 0.0915065 0.000347024 -0.000834157 -0.000302614 0.000347024 0.0094762 -0.0177239 0.000350371 -0.000834157 -0.0177239 0.0883305 
0.0105679 -0.019067 -0.000293168 0.00033253 -0.019067 0.0915639 0.000325818 -0.000791365 -0.000293168 0.000325818 0.00950802 -0.0177182 0.00033253 -0.000791365 -0.0177182 0.0882916 
0.0104788 -0.0190378 -0.000261722 0.000289948 -0.0190378 0.0915648 0.000283392 -0.000671308 -0.000261722 0.000283392 0.00955698 -0.0177343 0.000289948 -0.000671308 -0.0177343 0.0882782 
0.0104425 -0.0189554 -0.000215596 0.000242551 -0.0189554 0.091466 0.000237165 -0.000539175 -0.000215596 0.000237165 0.00960269 -0.017781 0.000242551 -0.000539175 -0.017781 0.0883435 
0.0104597 -0.0188844 -0.000214935 0.000208175 -0.0188844 0.0912635 0.000205444 -0.000463994 -0.000214935 0.000205444 0.00958267 -0.0178513 0.000208175 -0.000463994 -0.0178513 0.0884991 
0.0105463 -0.0188791 -0.000249048 0.000222066 -0.0188791 0.0911491 0.000220446 -0.000469766 -0.000249048 0.000220446 0.00951975 -0.0178706 0.000222066 -0.000469766 -0.0178706 0.0886513 
0.0106008 -0.0189816 -0.000253522 0.000259644 -0.0189816 0.0912705 0.000259694 -0.000537089 -0.000253522 0.000259694 0.0094952 -0.0178014 0.000259644 -0.000537089 -0.0178014 0.0886046 
0.0106124 -0.0190746 -0.00024514 0.000242902 -0.0190746 0.0915132 0.000246716 -0.000530412 -0.00024514 0.000246716 0.0094887 -0.0177354 0.000242902 -0.000530412 -0.0177354 0.088417 
0.010618 -0.0190805 -0.000250234 0.000247639 -0.0190805 0.0916157 0.000256586 -0.000549445 -0.000250234 0.000256586 0.00949298 -0.0177546 0.000247639 -0.000549445 -0.0177546 0.0884083 
0.0105968 -0.0190857 -0.000248435 0.000267552 -0.0190857 0.0916501 0.000275218 -0.000599006 -0.000248435 0.000275218 0.00954147 -0.0177725 0.000267552 -0.000599006 -0.0177725 0.0884621 
0.010595 -0.019056 -0.000246587 0.000253937 -0.019056 0.0916062 0.000254122 -0.000576301 -0.000246587 0.000254122 0.00955118 -0.0178283 0.000253937 -0.000576301 -0.0178283 0.0885663 
0.0105651 -0.0190522 -0.000264432 0.000265846 -0.0190522 0.0915691 0.000257922 -0.000589107 -0.000264432 0.000257922 0.00956808 -0.0178333 0.000265846 -0.000589107 -0.0178333 0.0886135 
0.0105632 -0.0190141 -0.000284578 0.000286401 -0.0190141 0.0914989 0.000272967 -0.000615697 -0.000284578 0.000272967 0.00955407 -0.0178501 0.000286401 -0.000615697 -0.0178501 0.0886441 
0.0105823 -0.019046 -0.000262503 0.000260639 -0.019046 0.0915527 0.000251604 -0.000541995 -0.000262503 0.000251604 0.00949407 -0.0177863 0.000260639 -0.000541995 -0.0177863 0.0885031 
0.0106002 -0.0190535 -0.000263336 0.000249761 -0.0190535 0.0915786 0.0002493 -0.000522351 -0.000263336 0.0002493 0.00945726 -0.0177374 0.000249761 -0.000522351 -0.0177374 0.0883959 
0.0105949 -0.0190426 -0.000282079 0.000265411 -0.0190426 0.0915262 0.000268081 -0.000556416 -0.000282079 0.000268081 0.00944836 -0.0177056 0.000265411 -0.000556416 -0.0177056 0.0883096 
0.0105996 -0.0190346 -0.000276439 0.000284713 -0.0190346 0.0914888 0.00028537 -0.000593687 -0.000276439 0.00028537 0.00943038 -0.01769 0.000284713 -0.000593687 -0.01769 0.0882452 
0.0105925 -0.0190294 -0.000292785 0.00030771 -0.0190294 0.091455 0.000308605 -0.000679204 -0.000292785 0.000308605 0.00942684 -0.0176848 0.00030771 -0.000679204 -0.0176848 0.0882372 
0.0105657 -0.0190203 -0.00030097 0.000322642 -0.0190203 0.0914336 0.00032407 -0.000726317 -0.00030097 0.00032407 0.00944334 -0.0176866 0.000322642 -0.000726317 -0.0176866 0.0882462 
0.0104954 -0.0190064 -0.000258751 0.000327952 -0.0190064 0.0914277 0.000326665 -0.000746134 -0.000258751 0.000326665 0.00951135 -0.0176851 0.000327952 -0.000746134 -0.0176851 0.0882207 
0.0104437 -0.0189237 -0.00021547 0.000275697 -0.0189237 0.0912961 0.000270621 -0.000670335 -0.00021547 0.000270621 0.00955844 -0.0177565 0.000275697 -0.000670335 -0.0177565 0.0883072 
0.0104303 -0.0188695 -0.000231118 0.00022501 -0.0188695 0.0911585 0.000223024 -0.000559411 -0.000231118 0.000223024 0.00957702 -0.0178033 0.00022501 -0.000559411 -0.0178033 0.0884172 
0.0104474 -0.0188603 -0.000255392 0.000225435 -0.0188603 0.0910982 0.0002289 -0.000497049 -0.000255392 0.0002289 0.0095567 -0.01781 0.000225435 -0.000497049 -0.01781 0.0884456 
0.0104591 -0.0188641 -0.000275715 0.000263324 -0.0188641 0.0910673 0.00027247 -0.000560118 -0.000275715 0.00027247 0.0095307 -0.0178013 0.000263324 -0.000560118 -0.0178013 0.0884547 
0.0104686 -0.0188924 -0.00024802 0.000261431 -0.0188924 0.0911209 0.000272805 -0.00056412 -0.00024802 0.000272805 0.00950206 -0.0177482 0.000261431 -0.00056412 -0.0177482 0.0883452 
0.0104833 -0.0188822 -0.000261704 0.000275153 -0.0188822 0.0911049 0.00028406 -0.000634842 -0.000261704 0.00028406 0.00948423 -0.0177397 0.000275153 -0.000634842 -0.0177397 0.0883158 
0.0104453 -0.0188971 -0.000235095 0.000263895 -0.0188971 0.0911088 0.00026923 -0.000606365 -0.000235095 0.00026923 0.00950881 -0.0177133 0.000263895 -0.000606365 -0.0177133 0.0882626 
0.0104206 -0.018866 -0.000208215 0.000220082 -0.018866 0.0910864 0.000220783 -0.000504627 -0.000208215 0.000220783 0.00952988 -0.017728 0.000220082 -0.000504627 -0.017728 0.088245 
0.0103847 -0.01884 -0.000202576 0.000206839 -0.01884 0.0910304 0.000201407 -0.000457193 -0.000202576 0.000201407 0.00953517 -0.01774 0.000206839 -0.000457193 -0.01774 0.088247 
0.0103682 -0.0187892 -0.000235776 0.000220548 -0.0187892 0.0909249 0.000212406 -0.000477408 -0.000235776 0.000212406 0.00952157 -0.0177588 0.000220548 -0.000477408 -0.0177588 0.0882949 
0.0103571 -0.0187688 -0.000238795 0.000241832 -0.0187688 0.090845 0.000233881 -0.00050212 -0.000238795 0.000233881 0.00948877 -0.0177324 0.000241832 -0.00050212 -0.0177324 0.0882644 
0.0103798 -0.018736 -0.000259803 0.000249771 -0.018736 0.090748 0.00024671 -0.000542563 -0.000259803 0.00024671 0.00945471 -0.0177086 0.000249771 -0.000542563 -0.0177086 0.0882293 
0.0103958 -0.01873 -0.000285763 0.000301506 -0.01873 0.0906648 0.000302279 -0.000669484 -0.000285763 0.000302279 0.00946754 -0.0177056 0.000301506 -0.000669484 -0.0177056 0.0882541 
0.0104021 -0.0187787 -0.00027302 0.00030278 -0.0187787 0.0907431 0.00030399 -0.000695043 -0.00027302 0.00030399 0.00948138 -0.0176836 0.00030278 -0.000695043 -0.0176836 0.088179 
0.0103886 -0.0187959 -0.000237916 0.000290323 -0.0187959 0.09082 0.000292659 -0.000685694 -0.000237916 0.000292659 0.00950686 -0.0176963 0.000290323 -0.000685694 -0.0176963 0.0881647 
0.0103584 -0.0187915 -0.000190697 0.000236084 -0.0187915 0.0908489 0.000241582 -0.000587046 -0.000190697 0.000241582 0.00952233 -0.0177087 0.000236084 -0.000587046 -0.0177087 0.0881608 
0.0103345 -0.0187654 -0.000153292 0.000179908 -0.0187654 0.0908378 0.000189254 -0.00045692 -0.000153292 0.000189254 0.00955126 -0.0177331 0.000179908 -0.00045692 -0.0177331 0.0882108 
0.0103725 -0.0187297 -0.000167239 0.000151431 -0.0187297 0.0907693 0.00016069 -0.000374528 -0.000167239 0.00016069 0.00952499 -0.0177828 0.000151431 -0.000374528 -0.0177828 0.0883253 
0.0103892 -0.0187599 -0.000175226 0.000162218 -0.0187599 0.0907596 0.000166335 -0.00034698 -0.000175226 0.000166335 0.00949391 -0.0177521 0.000162218 -0.00034698 -0.0177521 0.088325 
0.0103812 -0.0187778 -0.00022875 0.000203551 -0.0187778 0.0907971 0.00020132 -0.000437276 -0.00022875 0.00020132 0.00946778 -0.0177111 0.000203551 -0.000437276 -0.0177111 0.0882392 
0.0103521 -0.0187927 -0.00022427 0.000255599 -0.0187927 0.0908692 0.0002472 -0.000534858 -0.00022427 0.0002472 0.0094581 -0.0176529 0.000255599 -0.000534858 -0.0176529 0.0880823 
0.0103257 -0.0187323 -0.000225108 0.000268801 -0.0187323 0.0907721 0.000261624 -0.000625041 -0.000225108 0.000261624 0.00946967 -0.0176614 0.000268801 -0.000625041 -0.0176614 0.0880581 
0.0103027 -0.0186983 -0.000211932 0.000254118 -0.0186983 0.0906654 0.000249835 -0.000616747 -0.000211932 0.000249835 0.00948873 -0.0176747 0.000254118 -0.000616747 -0.0176747 0.0880806 
0.0102978 -0.0186591 -0.000207457 0.000231227 -0.0186591 0.0905471 0.000226913 -0.000565849 -0.000207457 0.000226913 0.00949424 -0.0177031 0.000231227 -0.000565849 -0.0177031 0.0881413 
0.0102949 -0.0186381 -0.000185189 0.000235063 -0.0186381 0.0904488 0.000228877 -0.000554813 -0.000185189 0.000228877 0.0094967 -0.0177235 0.000235063 -0.000554813 -0.0177235 0.0882158 
0.0103128 -0.0186437 -0.000214692 0.000248257 -0.0186437 0.0904381 0.000243099 -0.000623432 -0.000214692 0.000243099 0.00947953 -0.0177196 0.000248257 -0.000623432 -0.0177196 0.0882259 
0.010367 -0.0186897 -0.000250664 0.000262458 -0.0186897 0.0905449 0.000256474 -0.00064135 -0.000250664 0.000256474 0.00945643 -0.0176883 0.000262458 -0.00064135 -0.0176883 0.0881681 
0.0104225 -0.0187711 -0.000258801 0.000268098 -0.0187711 0.0907339 0.000259959 -0.000613623 -0.000258801 0.000259959 0.009439 -0.0176443 0.000268098 -0.000613623 -0.0176443 0.0880533 
0.0104242 -0.0188456 -0.000241734 0.000265704 -0.0188456 0.0909366 0.000257949 -0.000589065 -0.000241734 0.000257949 0.00945735 -0.0176158 0.000265704 -0.000589065 -0.0176158 0.0879483 
0.0104189 -0.0188408 -0.000232155 0.000249149 -0.0188408 0.091003 0.000241776 -0.000559804 -0.000232155 0.000241776 0.00946098 -0.0176604 0.000249149 -0.000559804 -0.0176604 0.08801 
0.010419 -0.0188284 -0.000209139 0.000247933 -0.0188284 0.0909902 0.000244927 -0.000559215 -0.000209139 0.000244927 0.00946972 -0.0176806 0.000247933 -0.000559215 -0.0176806 0.0881005 
0.0103856 -0.0188038 -0.0002146 0.000231254 -0.0188038 0.0909089 0.000238101 -0.000561086 -0.0002146 0.000238101 0.00947972 -0.0177065 0.000231254 -0.000561086 -0.0177065 0.0881921 
0.0103785 -0.0187475 -0.000252797 0.000250212 -0.0187475 0.0907765 0.000260928 -0.000601821 -0.000252797 0.000260928 0.00946205 -0.017742 0.000250212 -0.000601821 -0.017742 0.0883126 
0.0103869 -0.0187535 -0.000272586 0.000298641 -0.0187535 0.090747 0.000304124 -0.000695255 -0.000272586 0.000304124 0.00945512 -0.0177015 0.000298641 -0.000695255 -0.0177015 0.0882772 
0.0104087 -0.0187701 -0.000277503 0.0003101 -0.0187701 0.0907736 0.000310311 -0.000736736 -0.000277503 0.000310311 0.00943867 -0.0176775 0.0003101 -0.000736736 -0.0176775 0.0881942 
