0.00696024 0 -0.000664707 0 0 0.01 0 0 -0.000664707 0 0.0075867 0 0 0 0 0.01 
0.00988476 -0.012286 -0.000795782 0.000974113 -0.012286 0.0327321 0.000974113 -0.00186765 -0.000795782 0.000974113 0.010634 -0.0131953 0.000974113 -0.00186765 -0.0131953 0.0344749 
0.009921 -0.0187873 -0.00066171 0.00110332 -0.0187873 0.0692844 0.00110332 -0.00347287 -0.00066171 0.00110332 0.0106522 -0.0197426 0.00110332 -0.00347287 -0.0197426 0.0722396 
0.00937499 -0.018544 -0.00062141 0.000769789 -0.018544 0.0837527 0.000752516 -0.00257667 -0.00062141 0.000752516 0.0101169 -0.0193724 0.000769789 -0.00257667 -0.0193724 0.0860786 
0.00933067 -0.0178402 -0.000631785 0.000685175 -0.0178402 0.0870293 0.000662194 -0.00171877 -0.000631785 0.000662194 0.0101442 -0.0187458 0.000685175 -0.00171877 -0.0187458 0.0892203 
0.00945933 -0.0177571 -0.000688445 0.000751088 -0.0177571 0.0879825 0.00073663 -0.00166169 -0.000688445 0.00073663 0.0103255 -0.0186564 0.000751088 -0.00166169 -0.0186564 0.0901072 
0.00955444 -0.0178543 -0.000742088 0.000849383 -0.0178543 0.0885293 0.0008437 -0.00192578 -0.000742088 0.0008437 0.0104383 -0.0187447 0.000849383 -0.00192578 -0.0187447 0.0905605 
0.00959776 -0.0178784 -0.000738095 0.000903885 -0.0178784 0.0886962 0.000900148 -0.00213909 -0.000738095 0.000900148 0.0104561 -0.0188307 0.000903885 -0.00213909 -0.0188307 0.0908468 
0.00963749 -0.0178724 -0.000706334 0.000868645 -0.0178724 0.0886736 0.000864873 -0.00214267 -0.000706334 0.000864873 0.0104612 -0.0188707 0.000868645 -0.00214267 -0.0188707 0.0910297 
0.00966004 -0.0178995 -0.000669273 0.000812464 -0.0178995 0.0886687 0.000813553 -0.00203171 -0.000669273 0.000813553 0.0104722 -0.0188834 0.000812464 -0.00203171 -0.0188834 0.0910989 
0.00968532 -0.0179737 -0.000646523 0.00077111 -0.0179737 0.0888387 0.000773502 -0.00191952 -0.000646523 0.000773502 0.0104658 -0.0188625 0.00077111 -0.00191952 -0.0188625 0.091043 
0.0096986 -0.0180192 -0.000629722 0.000741779 -0.0180192 0.0890036 0.000744864 -0.0018273 -0.000629722 0.000744864 0.0104569 -0.0188568 0.000741779 -0.0018273 -0.0188568 0.09101 
0.00968746 -0.0180438 -0.000627175 0.000731879 -0.0180438 0.0891115 0.000733456 -0.00178413 -0.000627175 0.000733456 0.0104532 -0.0188405 0.000731879 -0.00178413 -0.0188405 0.0909723 
0.00967257 -0.0179951 -0.000600615 0.000720259 -0.0179951 0.0890391 0.00071853 -0.00173952 -0.000600615 0.00071853 0.0104557 -0.0188735 0.000720259 -0.00173952 -0.0188735 0.0910505 
0.0096812 -0.0179954 -0.00059684 0.000717191 -0.0179954 0.0890196 0.000714946 -0.00174896 -0.00059684 0.000714946 0.010445 -0.0188598 0.000717191 -0.00174896 -0.0188598 0.091057 
0.00967138 -0.0180026 -0.000617316 0.000709955 -0.0180026 0.0890242 0.000710601 -0.00174208 -0.000617316 0.000710601 0.0104673 -0.0188549 0.000709955 -0.00174208 -0.0188549 0.0910595 
0.00966036 -0.0180079 -0.000665541 0.000741346 -0.0180079 0.0890485 0.000740565 -0.00178941 -0.000665541 0.000740565 0.0104713 -0.0188501 0.000741346 -0.00178941 -0.0188501 0.0910139 
0.00965509 -0.0180018 -0.000712171 0.000793473 -0.0180018 0.0890633 0.000789791 -0.00188607 -0.000712171 0.000789791 0.010475 -0.018864 0.000793473 -0.00188607 -0.018864 0.0910353 
0.00965695 -0.0180037 -0.000691354 0.000843594 -0.0180037 0.0890731 0.000842391 -0.00200157 -0.000691354 0.000842391 0.0104392 -0.0188516 0.000843594 -0.00200157 -0.0188516 0.0910075 
0.00969703 -0.018048 -0.000651572 0.000824995 -0.018048 0.0892049 0.000825691 -0.00202751 -0.000651572 0.000825691 0.0103916 -0.0187806 0.000824995 -0.00202751 -0.0187806 0.090859 
0.00973948 -0.018044 -0.00058436 0.000757733 -0.018044 0.0892014 0.000755324 -0.00189809 -0.00058436 0.000755324 0.0103516 -0.0187799 0.000757733 -0.00189809 -0.0187799 0.0908521 
0.00975383 -0.0180905 -0.000576963 0.000690411 -0.0180905 0.0892552 0.000684241 -0.00174333 -0.000576963 0.000684241 0.0103036 -0.0187106 0.000690411 -0.00174333 -0.0187106 0.0907155 
0.00974394 -0.0180594 -0.000578153 0.00064787 -0.0180594 0.0891923 0.000641328 -0.00157635 -0.000578153 0.000641328 0.0103002 -0.0187027 0.00064787 -0.00157635 -0.0187027 0.0906954 
0.00973574 -0.0180491 -0.000558057 0.000664074 -0.0180491 0.0891357 0.000661285 -0.00156696 -0.000558057 0.000661285 0.0102883 -0.0186815 0.000664074 -0.00156696 -0.0186815 0.0906379 
0.00970748 -0.0180316 -0.000554699 0.00063247 -0.0180316 0.0890828 0.000630465 -0.00152081 -0.000554699 0.000630465 0.0103235 -0.0186745 0.00063247 -0.00152081 -0.0186745 0.0906094 
0.00970737 -0.0180083 -0.000560269 0.000630262 -0.0180083 0.0890438 0.000626153 -0.00149151 -0.000560269 0.000626153 0.010374 -0.0187196 0.000630262 -0.00149151 -0.0187196 0.0906734 
0.00971647 -0.0180599 -0.000582378 0.000680975 -0.0180599 0.0891566 0.000677075 -0.00160738 -0.000582378 0.000677075 0.0103891 -0.0187311 0.000680975 -0.00160738 -0.0187311 0.0906736 
0.00970558 -0.0180651 -0.000567474 0.00070424 -0.0180651 0.0892081 0.000703111 -0.00169594 -0.000567474 0.000703111 0.0103672 -0.0187522 0.00070424 -0.00169594 -0.0187522 0.0907075 
0.00969878 -0.0180439 -0.000549183 0.000677659 -0.0180439 0.0891867 0.000681553 -0.00168539 -0.000549183 0.000681553 0.0103328 -0.0187391 0.000677659 -0.00168539 -0.0187391 0.090724 
0.00967225 -0.0179942 -0.000557394 0.000644284 -0.0179942 0.0890495 0.000650618 -0.00161467 -0.000557394 0.000650618 0.0103237 -0.018731 0.000644284 -0.00161467 -0.018731 0.0907506 
0.00965407 -0.0179597 -0.000551411 0.000642055 -0.0179597 0.0889383 0.000646021 -0.00156501 -0.000551411 0.000646021 0.0103164 -0.0187175 0.000642055 -0.00156501 -0.0187175 0.0907352 
0.00966378 -0.0179453 -0.000526165 0.000634478 -0.0179453 0.0888815 0.000635794 -0.00153563 -0.000526165 0.000635794 0.0102924 -0.0186931 0.000634478 -0.00153563 -0.0186931 0.0906711 
0.00967527 -0.0179643 -0.000543675 0.00062454 -0.0179643 0.0888923 0.000622538 -0.00152779 -0.000543675 0.000622538 0.0102799 -0.0186469 0.00062454 -0.00152779 -0.0186469 0.0905577 
0.00968462 -0.0180016 -0.000560303 0.000664128 -0.0180016 0.0889814 0.000660709 -0.00160005 -0.000560303 0.000660709 0.0102553 -0.0186009 0.000664128 -0.00160005 -0.0186009 0.0904037 
0.00967145 -0.0180109 -0.000591737 0.00067273 -0.0180109 0.0890324 0.000669005 -0.00163408 -0.000591737 0.000669005 0.0102724 -0.0185704 0.00067273 -0.00163408 -0.0185704 0.0902928 
0.00967531 -0.0179665 -0.000588365 0.000685893 -0.0179665 0.0889578 0.000684601 -0.0016426 -0.000588365 0.000684601 0.0103031 -0.0186325 0.000685893 -0.0016426 -0.0186325 0.090391 
0.00968907 -0.0179695 -0.000583127 0.000688536 -0.0179695 0.0889182 0.000688719 -0.00166373 -0.000583127 0.000688719 0.0103047 -0.0186667 0.000688536 -0.00166373 -0.0186667 0.090487 
0.0096868 -0.0179752 -0.00058457 0.000684013 -0.0179752 0.0889003 0.000685034 -0.00166551 -0.00058457 0.000685034 0.0102933 -0.0186732 0.000684013 -0.00166551 -0.0186732 0.0905381 
0.00968338 -0.0179607 -0.000553131 0.000676956 -0.0179607 0.0888585 0.000680112 -0.00164428 -0.000553131 0.000680112 0.0102613 -0.0186642 0.000676956 -0.00164428 -0.0186642 0.0905438 
0.0096633 -0.0179593 -0.000543172 0.000647519 -0.0179593 0.0888437 0.000655474 -0.00160941 -0.000543172 0.000655474 0.0102429 -0.0186184 0.000647519 -0.00160941 -0.0186184 0.0904647 
0.0096687 -0.0179457 -0.0005236 0.000616474 -0.0179457 0.0888418 0.000627463 -0.0015248 -0.0005236 0.000627463 0.0102494 -0.0186 0.000616474 -0.0015248 -0.0186 0.0904073 
0.00970119 -0.0179817 -0.000500944 0.000611714 -0.0179817 0.088924 0.000621053 -0.00150426 -0.000500944 0.000621053 0.0102531 -0.0185821 0.000611714 -0.00150426 -0.0185821 0.0903346 
0.00970253 -0.0180264 -0.000529158 0.000598594 -0.0180264 0.0890282 0.000598727 -0.0014819 -0.000529158 0.000598727 0.0102666 -0.0185733 0.000598594 -0.0014819 -0.0185733 0.0902767 
0.00971681 -0.0180369 -0.000535866 0.000641633 -0.0180369 0.0891016 0.00063491 -0.00153611 -0.000535866 0.00063491 0.010275 -0.0185952 0.000641633 -0.00153611 -0.0185952 0.0903009 
0.00970674 -0.0180171 -0.000531135 0.000642098 -0.0180171 0.0890481 0.000633091 -0.00155919 -0.000531135 0.000633091 0.0102679 -0.018637 0.000642098 -0.00155919 -0.018637 0.0904155 
0.00972423 -0.0180077 -0.000509885 0.000619992 -0.0180077 0.0890175 0.000614976 -0.00151411 -0.000509885 0.000614976 0.0102307 -0.0186299 0.000619992 -0.00151411 -0.0186299 0.0904559 
0.00974363 -0.0180217 -0.000509021 0.000593802 -0.0180217 0.0890135 0.000592231 -0.00145552 -0.000509021 0.000592231 0.0102005 -0.0185823 0.000593802 -0.00145552 -0.0185823 0.0903889 
0.00973723 -0.018027 -0.000513374 0.000586355 -0.018027 0.0890096 0.000590576 -0.00142067 -0.000513374 0.000590576 0.0101982 -0.0185669 0.000586355 -0.00142067 -0.0185669 0.0903538 
0.0097202 -0.0180515 -0.000537952 0.000592861 -0.0180515 0.089089 0.000602824 -0.00142906 -0.000537952 0.000602824 0.0102107 -0.0185382 0.000592861 -0.00142906 -0.0185382 0.090267 
0.00968855 -0.0179993 -0.000554568 0.000598535 -0.0179993 0.0890133 0.000605993 -0.00141387 -0.000554568 0.000605993 0.0102463 -0.018591 0.000598535 -0.00141387 -0.018591 0.0903556 
0.00968122 -0.0179664 -0.000565557 0.000639217 -0.0179664 0.0889228 0.000640061 -0.00148892 -0.000565557 0.000640061 0.0102769 -0.0186289 0.000639217 -0.00148892 -0.0186289 0.0904595 
0.00967702 -0.0179629 -0.000578274 0.000677228 -0.0179629 0.0888787 0.000668699 -0.00159594 -0.000578274 0.000668699 0.0102816 -0.0186527 0.000677228 -0.00159594 -0.0186527 0.0905261 
0.00966927 -0.0179323 -0.000575174 0.000689788 -0.0179323 0.0887945 0.000673414 -0.00164516 -0.000575174 0.000673414 0.0102952 -0.0186926 0.000689788 -0.00164516 -0.0186926 0.0906517 
0.00967757 -0.01794 -0.000581529 0.000699354 -0.01794 0.0887947 0.000681851 -0.00169168 -0.000581529 0.000681851 0.0102943 -0.0186941 0.000699354 -0.00169168 -0.0186941 0.090683 
0.00969482 -0.017994 -0.000609914 0.000727723 -0.017994 0.0889289 0.000715188 -0.00177951 -0.000609914 0.000715188 0.0102923 -0.0186533 0.000727723 -0.00177951 -0.0186533 0.0905877 
0.00968998 -0.0179803 -0.000600537 0.000705318 -0.0179803 0.088936 0.000698434 -0.00172493 -0.000600537 0.000698434 0.0103031 -0.0186911 0.000705318 -0.00172493 -0.0186911 0.0906395 
0.00971704 -0.0179939 -0.000570597 0.000692581 -0.0179939 0.0889699 0.000692964 -0.00168968 -0.000570597 0.000692964 0.0102415 -0.0186713 0.000692581 -0.00168968 -0.0186713 0.0905937 
0.00972121 -0.01803 -0.000549517 0.000645639 -0.01803 0.0890449 0.000652876 -0.00159768 -0.000549517 0.000652876 0.0101948 -0.0185891 0.000645639 -0.00159768 -0.0185891 0.0904387 
0.00969126 -0.0179724 -0.000536157 0.00061109 -0.0179724 0.0889184 0.00062197 -0.00149895 -0.000536157 0.00062197 0.0101737 -0.0185725 0.00061109 -0.00149895 -0.0185725 0.0903785 
0.00968246 -0.0179385 -0.000475376 0.000590027 -0.0179385 0.0888118 0.000602658 -0.00142305 -0.000475376 0.000602658 0.0101402 -0.018535 0.000590027 -0.00142305 -0.018535 0.0902847 
0.00970083 -0.0179618 -0.000462372 0.000550636 -0.0179618 0.0888371 0.000560638 -0.00137184 -0.000462372 0.000560638 0.0101079 -0.0184436 0.000550636 -0.00137184 -0.0184436 0.0900519 
0.00970274 -0.0179612 -0.000452893 0.000532476 -0.0179612 0.0888263 0.000540166 -0.00131285 -0.000452893 0.000540166 0.0101204 -0.0184206 0.000532476 -0.00131285 -0.0184206 0.0899326 
0.00973126 -0.0179768 -0.000420019 0.00053057 -0.0179768 0.0888644 0.000532184 -0.00129551 -0.000420019 0.000532184 0.0101222 -0.0184312 0.00053057 -0.00129551 -0.0184312 0.0899015 
0.00971619 -0.0180245 -0.000434116 0.000503792 -0.0180245 0.0889617 0.00049811 -0.0012533 -0.000434116 0.00049811 0.0101369 -0.0184152 0.000503792 -0.0012533 -0.0184152 0.0898497 
0.00967119 -0.0179688 -0.000447989 0.000501582 -0.0179688 0.0888817 0.000491931 -0.0012023 -0.000447989 0.000491931 0.0101743 -0.018482 0.000501582 -0.0012023 -0.018482 0.0899911 
0.00965866 -0.0179446 -0.000476496 0.00053653 -0.0179446 0.0888396 0.000527144 -0.00126336 -0.000476496 0.000527144 0.010204 -0.0185087 0.00053653 -0.00126336 -0.0185087 0.090083 
0.00967454 -0.0179494 -0.000479164 0.000577232 -0.0179494 0.0888475 0.0005706 -0.0013628 -0.000479164 0.0005706 0.0101956 -0.018526 0.000577232 -0.0013628 -0.018526 0.0901282 
0.00967132 -0.0179476 -0.000473508 0.000570782 -0.0179476 0.0888198 0.000569046 -0.00138992 -0.000473508 0.000569046 0.0101706 -0.0185221 0.000570782 -0.00138992 -0.0185221 0.0901404 
0.00963967 -0.0179147 -0.000450756 0.000543647 -0.0179147 0.0887242 0.000549017 -0.00133835 -0.000450756 0.000549017 0.0101586 -0.0185063 0.000543647 -0.00133835 -0.0185063 0.0901311 
0.00966224 -0.0178975 -0.000404908 0.000520199 -0.0178975 0.0886824 0.000532122 -0.0012926 -0.000404908 0.000532122 0.0101022 -0.0184662 0.000520199 -0.0012926 -0.0184662 0.0900351 
0.00966902 -0.0178845 -0.000395813 0.000472009 -0.0178845 0.0885965 0.000488933 -0.00121757 -0.000395813 0.000488933 0.0100918 -0.0184346 0.000472009 -0.00121757 -0.0184346 0.0899945 
0.00969488 -0.017906 -0.000376355 0.000452812 -0.017906 0.08862 0.000468583 -0.00114129 -0.000376355 0.000468583 0.0100787 -0.0184137 0.000452812 -0.00114129 -0.0184137 0.0899317 
0.00969785 -0.0179452 -0.000376693 0.000425029 -0.0179452 0.088701 0.000433102 -0.00105765 -0.000376693 0.000433102 0.0100941 -0.0183922 0.000425029 -0.00105765 -0.0183922 0.0898695 
0.00970482 -0.0179822 -0.00040043 0.000459448 -0.0179822 0.0888372 0.000455509 -0.00110227 -0.00040043 0.000455509 0.0101122 -0.0183841 0.000459448 -0.00110227 -0.0183841 0.0898029 
0.00969079 -0.0179853 -0.000402979 0.000479289 -0.0179853 0.0888824 0.000467712 -0.00113447 -0.000402979 0.000467712 0.0101129 -0.0184 0.000479289 -0.00113447 -0.0184 0.0897905 
0.00966998 -0.0179674 -0.000387165 0.000493311 -0.0179674 0.0888641 0.000481679 -0.00118341 -0.000387165 0.000481679 0.0100826 -0.0183942 0.000493311 -0.00118341 -0.0183942 0.0897737 
0.00966652 -0.01794 -0.000388246 0.000483891 -0.01794 0.0888158 0.000476942 -0.0012074 -0.000388246 0.000476942 0.0100735 -0.0183719 0.000483891 -0.0012074 -0.0183719 0.089761 
0.00967864 -0.0179213 -0.000379469 0.000470347 -0.0179213 0.0887449 0.000468284 -0.00117867 -0.000379469 0.000468284 0.0100722 -0.0183731 0.000470347 -0.00117867 -0.0183731 0.0897701 
0.00970634 -0.0179165 -0.000360087 0.000452087 -0.0179165 0.0886924 0.000451269 -0.00113434 -0.000360087 0.000451269 0.0100967 -0.0184008 0.000452087 -0.00113434 -0.0184008 0.0898518 
0.00972342 -0.0179662 -0.000355669 0.00042985 -0.0179662 0.0887671 0.00042364 -0.00107455 -0.000355669 0.00042364 0.010093 -0.0184133 0.00042985 -0.00107455 -0.0184133 0.0898791 
0.00972271 -0.0180193 -0.000398443 0.000424983 -0.0180193 0.0889268 0.000417602 -0.00103762 -0.000398443 0.000417602 0.0100857 -0.0183865 0.000424983 -0.00103762 -0.0183865 0.0898267 
0.00970182 -0.0180172 -0.000469873 0.000483924 -0.0180172 0.0889902 0.000485901 -0.00113906 -0.000469873 0.000485901 0.0101001 -0.0183879 0.000483924 -0.00113906 -0.0183879 0.0898221 
0.00969496 -0.0179761 -0.000485381 0.000557411 -0.0179761 0.0889257 0.000564675 -0.00129568 -0.000485381 0.000564675 0.0100961 -0.0184123 0.000557411 -0.00129568 -0.0184123 0.0898621 
0.00969607 -0.017929 -0.000474141 0.00057372 -0.017929 0.0887745 0.000581423 -0.00138739 -0.000474141 0.000581423 0.0100838 -0.0184424 0.00057372 -0.00138739 -0.0184424 0.089971 
0.00970745 -0.0179598 -0.000448328 0.000535372 -0.0179598 0.0887993 0.000545549 -0.00132662 -0.000448328 0.000545549 0.0100552 -0.0183922 0.000535372 -0.00132662 -0.0183922 0.0898873 
0.0096851 -0.0179498 -0.000426875 0.000499944 -0.0179498 0.0887754 0.000508889 -0.00123222 -0.000426875 0.000508889 0.0100508 -0.0183743 0.000499944 -0.00123222 -0.0183743 0.0898346 
0.00966762 -0.0179423 -0.00041833 0.000495143 -0.0179423 0.0887754 0.000497934 -0.00120269 -0.00041833 0.000497934 0.0100654 -0.0183456 0.000495143 -0.00120269 -0.0183456 0.0897456 
0.00965666 -0.0179031 -0.000432077 0.000494547 -0.0179031 0.0886906 0.000486021 -0.00119099 -0.000432077 0.000486021 0.0100974 -0.0183812 0.000494547 -0.00119099 -0.0183812 0.0897867 
0.00967025 -0.0179051 -0.000421856 0.000523537 -0.0179051 0.0886705 0.000504766 -0.00123241 -0.000421856 0.000504766 0.0101033 -0.0184011 0.000523537 -0.00123241 -0.0184011 0.0898156 
0.00968793 -0.0179278 -0.000390873 0.000502502 -0.0179278 0.0887056 0.000484912 -0.00121274 -0.000390873 0.000484912 0.0100883 -0.0183995 0.000502502 -0.00121274 -0.0183995 0.089813 
0.00970963 -0.0179646 -0.000366211 0.000464293 -0.0179646 0.088796 0.000457634 -0.00115409 -0.000366211 0.000457634 0.0100544 -0.0183637 0.000464293 -0.00115409 -0.0183637 0.0897329 
0.00968865 -0.017974 -0.000368471 0.00042407 -0.017974 0.088826 0.000429383 -0.0010683 -0.000368471 0.000429383 0.0100312 -0.0183257 0.00042407 -0.0010683 -0.0183257 0.0896371 
0.00966494 -0.0179532 -0.000381545 0.00043817 -0.0179532 0.0888117 0.000445276 -0.0010704 -0.000381545 0.000445276 0.0100071 -0.0182875 0.00043817 -0.0010704 -0.0182875 0.0895289 
0.00964131 -0.0178877 -0.000372054 0.0004575 -0.0178877 0.0886593 0.00045705 -0.00110517 -0.000372054 0.00045705 0.0100179 -0.0182916 0.0004575 -0.00110517 -0.0182916 0.0895351 
0.00962065 -0.0178261 -0.00038222 0.000444248 -0.0178261 0.0884502 0.000433995 -0.00108579 -0.00038222 0.000433995 0.0100271 -0.0183207 0.000444248 -0.00108579 -0.0183207 0.0896034 
0.00962663 -0.0178063 -0.00038544 0.000448493 -0.0178063 0.0883451 0.000436228 -0.00106626 -0.00038544 0.000436228 0.0100324 -0.0183332 0.000448493 -0.00106626 -0.0183332 0.0896608 
0.00964399 -0.0177871 -0.000370493 0.000442035 -0.0177871 0.0882537 0.000434836 -0.00105185 -0.000370493 0.000434836 0.0100486 -0.0183788 0.000442035 -0.00105185 -0.0183788 0.0897999 
0.00965881 -0.0178888 -0.000359562 0.000444823 -0.0178888 0.0884708 0.000441636 -0.00107744 -0.000359562 0.000441636 0.0100506 -0.0183177 0.000444823 -0.00107744 -0.0183177 0.089663 
0.00968452 -0.0179407 -0.000335648 0.000421498 -0.0179407 0.0886971 0.00041883 -0.00103937 -0.000335648 0.00041883 0.0100215 -0.0182943 0.000421498 -0.00103937 -0.0182943 0.0895281 
0.00968756 -0.017911 -0.000298891 0.000373196 -0.017911 0.0886666 0.000371397 -0.000926949 -0.000298891 0.000371397 0.0100079 -0.0183283 0.000373196 -0.000926949 -0.0183283 0.089619 
0.00967053 -0.0179058 -0.000306435 0.000352103 -0.0179058 0.0886296 0.000350653 -0.000875728 -0.000306435 0.000350653 0.0100175 -0.0183197 0.000352103 -0.000875728 -0.0183197 0.0896566 
0.00966719 -0.0178638 -0.00029587 0.000343237 -0.0178638 0.0885324 0.000343754 -0.000825538 -0.00029587 0.000343754 0.0100509 -0.0183603 0.000343237 -0.000825538 -0.0183603 0.0897629 
0.0096797 -0.0179408 -0.000325926 0.000384428 -0.0179408 0.0886867 0.000388499 -0.000936846 -0.000325926 0.000388499 0.0100327 -0.0183003 0.000384428 -0.000936846 -0.0183003 0.0896041 
0.00966782 -0.0179575 -0.000353544 0.000410497 -0.0179575 0.0887841 0.000417578 -0.00101585 -0.000353544 0.000417578 0.0100323 -0.0182785 0.000410497 -0.00101585 -0.0182785 0.0895013 
0.00964352 -0.0178749 -0.00033203 0.000418186 -0.0178749 0.0886115 0.000425751 -0.00103522 -0.00033203 0.000425751 0.0100367 -0.018338 0.000418186 -0.00103522 -0.018338 0.0896178 
0.00965518 -0.0178865 -0.000330171 0.000409507 -0.0178865 0.0885936 0.000417249 -0.00104526 -0.000330171 0.000417249 0.0100043 -0.0182955 0.000409507 -0.00104526 -0.0182955 0.0895547 
0.00965295 -0.0178393 -0.00030575 0.00037535 -0.0178393 0.0884527 0.000387359 -0.000961564 -0.00030575 0.000387359 0.00999802 -0.0183148 0.00037535 -0.000961564 -0.0183148 0.0896163 
0.00965928 -0.0178694 -0.000309984 0.000367033 -0.0178694 0.0884696 0.000379545 -0.00093605 -0.000309984 0.000379545 0.00998064 -0.0182626 0.000367033 -0.00093605 -0.0182626 0.0895117 
0.00966302 -0.0178802 -0.000273756 0.000366287 -0.0178802 0.088509 0.000373604 -0.000915406 -0.000273756 0.000373604 0.0099456 -0.0182402 0.000366287 -0.000915406 -0.0182402 0.0894265 
0.00966516 -0.0178925 -0.000256728 0.000343241 -0.0178925 0.088553 0.000345827 -0.000893237 -0.000256728 0.000345827 0.00991785 -0.018192 0.000343241 -0.000893237 -0.018192 0.0893232 
0.00964055 -0.0178773 -0.000269224 0.000309425 -0.0178773 0.0885241 0.000310354 -0.00080773 -0.000269224 0.000310354 0.00991544 -0.018159 0.000309425 -0.00080773 -0.018159 0.0892232 
0.00958948 -0.017799 -0.000301548 0.000321802 -0.017799 0.0883318 0.000322706 -0.000789744 -0.000301548 0.000322706 0.00994888 -0.0181904 0.000321802 -0.000789744 -0.0181904 0.0892688 
0.00960504 -0.0177806 -0.000292032 0.000357231 -0.0177806 0.0882731 0.000356773 -0.00083848 -0.000292032 0.000356773 0.00994185 -0.0181942 0.000357231 -0.00083848 -0.0181942 0.089264 
0.00962481 -0.0178069 -0.000291613 0.0003602 -0.0178069 0.0882977 0.000357883 -0.000883845 -0.000291613 0.000357883 0.0099295 -0.0181753 0.0003602 -0.000883845 -0.0181753 0.0892208 
0.00965135 -0.0178283 -0.000283504 0.000350268 -0.0178283 0.0883503 0.000350919 -0.000873573 -0.000283504 0.000350919 0.0099228 -0.0181714 0.000350268 -0.000873573 -0.0181714 0.0892071 
0.00967668 -0.0179111 -0.000304125 0.000332682 -0.0179111 0.0885608 0.000334958 -0.000832171 -0.000304125 0.000334958 0.00991168 -0.0181227 0.000332682 -0.000832171 -0.0181227 0.089081 
0.00968 -0.0179281 -0.000318825 0.000372321 -0.0179281 0.0886629 0.000375523 -0.000895943 -0.000318825 0.000375523 0.00990806 -0.0181297 0.000372321 -0.000895943 -0.0181297 0.0890642 
0.00969295 -0.0179035 -0.000316117 0.000386305 -0.0179035 0.0886295 0.000389436 -0.000946349 -0.000316117 0.000389436 0.00990043 -0.0181595 0.000386305 -0.000946349 -0.0181595 0.0891508 
0.00969552 -0.0179116 -0.00031319 0.000374224 -0.0179116 0.0886132 0.000376367 -0.000932669 -0.00031319 0.000376367 0.00990547 -0.0181575 0.000374224 -0.000932669 -0.0181575 0.0891943 
0.00967408 -0.0178704 -0.00030456 0.000366039 -0.0178704 0.0884963 0.000363997 -0.000903017 -0.00030456 0.000363997 0.0099307 -0.0182028 0.000366039 -0.000903017 -0.0182028 0.0893167 
0.00965846 -0.0178826 -0.000303804 0.000368853 -0.0178826 0.088507 0.000363581 -0.000903395 -0.000303804 0.000363581 0.00993785 -0.0181954 0.000368853 -0.000903395 -0.0181954 0.0893158 
0.00965763 -0.0178825 -0.000308794 0.000361102 -0.0178825 0.0885429 0.000356125 -0.000886079 -0.000308794 0.000356125 0.00994468 -0.0181952 0.000361102 -0.000886079 -0.0181952 0.0893012 
0.00965643 -0.01787 -0.000313485 0.000362751 -0.01787 0.0885257 0.000358749 -0.000878782 -0.000313485 0.000358749 0.00996343 -0.0182186 0.000362751 -0.000878782 -0.0182186 0.0893492 
0.00964667 -0.017838 -0.000325665 0.000357382 -0.017838 0.0884289 0.000353666 -0.00085694 -0.000325665 0.000353666 0.00999326 -0.0182645 0.000357382 -0.00085694 -0.0182645 0.0894623 
0.00965753 -0.0178782 -0.00033542 0.0003831 -0.0178782 0.0885109 0.00038046 -0.000900757 -0.00033542 0.00038046 0.00999368 -0.0182473 0.0003831 -0.000900757 -0.0182473 0.0894159 
0.00964503 -0.0178912 -0.000362437 0.000423966 -0.0178912 0.0885672 0.000420616 -0.00102004 -0.000362437 0.000420616 0.00999562 -0.0182516 0.000423966 -0.00102004 -0.0182516 0.0894092 
0.00963383 -0.0178634 -0.000378065 0.000445413 -0.0178634 0.0885328 0.000442885 -0.00108731 -0.000378065 0.000442885 0.0100065 -0.0182741 0.000445413 -0.00108731 -0.0182741 0.0894684 
0.0096246 -0.0178167 -0.000367077 0.000440113 -0.0178167 0.0884064 0.000440903 -0.00108033 -0.000367077 0.000440903 0.010034 -0.0183252 0.000440113 -0.00108033 -0.0183252 0.0896169 
0.00963311 -0.0178382 -0.000363978 0.00044437 -0.0178382 0.0884241 0.000447796 -0.00110572 -0.000363978 0.000447796 0.0100528 -0.0183346 0.00044437 -0.00110572 -0.0183346 0.0896684 
0.00967077 -0.0178549 -0.000330523 0.000422005 -0.0178549 0.0884783 0.000423361 -0.0010559 -0.000330523 0.000423361 0.010059 -0.01837 0.000422005 -0.0010559 -0.01837 0.0897555 
0.00968054 -0.0179227 -0.000341067 0.000392843 -0.0179227 0.0886254 0.000393606 -0.000999569 -0.000341067 0.000393606 0.0100729 -0.0183595 0.000392843 -0.000999569 -0.0183595 0.0897556 
0.00967054 -0.017955 -0.000377906 0.000418994 -0.017955 0.0887633 0.000420386 -0.00102761 -0.000377906 0.000420386 0.0100866 -0.0183554 0.000418994 -0.00102761 -0.0183554 0.0897195 
0.00966954 -0.0179437 -0.000404995 0.000465022 -0.0179437 0.0887901 0.000464788 -0.00111531 -0.000404995 0.000464788 0.010061 -0.0183549 0.000465022 -0.00111531 -0.0183549 0.0896806 
0.00964727 -0.0179153 -0.000433087 0.000489945 -0.0179153 0.08872 0.000489789 -0.00118676 -0.000433087 0.000489789 0.010078 -0.0183638 0.000489945 -0.00118676 -0.0183638 0.0897378 
0.00965622 -0.0178648 -0.000414034 0.000519569 -0.0178648 0.0885824 0.000516596 -0.00124858 -0.000414034 0.000516596 0.0100726 -0.0184056 0.000519569 -0.00124858 -0.0184056 0.089847 
0.00965916 -0.0178642 -0.000400794 0.000488778 -0.0178642 0.088515 0.000483832 -0.00121749 -0.000400794 0.000483832 0.0100861 -0.0184154 0.000488778 -0.00121749 -0.0184154 0.0899247 
0.00965926 -0.0179119 -0.000408916 0.000481455 -0.0179119 0.0886171 0.00047749 -0.00119207 -0.000408916 0.00047749 0.0100791 -0.0183815 0.000481455 -0.00119207 -0.0183815 0.0898373 
0.00963857 -0.0179025 -0.000428955 0.000492152 -0.0179025 0.0886384 0.000490311 -0.00120512 -0.000428955 0.000490311 0.0100778 -0.0183791 0.000492152 -0.00120512 -0.0183791 0.089802 
0.00964243 -0.0178976 -0.000439643 0.000511265 -0.0178976 0.0886621 0.000511076 -0.00123855 -0.000439643 0.000511076 0.0100768 -0.0183713 0.000511265 -0.00123855 -0.0183713 0.0897806 
0.00962631 -0.017875 -0.000465948 0.000524294 -0.017875 0.0886024 0.000522386 -0.00127382 -0.000465948 0.000522386 0.0100997 -0.018393 0.000524294 -0.00127382 -0.018393 0.0898277 
0.00961909 -0.0178631 -0.000465134 0.000551443 -0.0178631 0.0885694 0.000549696 -0.0013229 -0.000465134 0.000549696 0.0101172 -0.0184087 0.000551443 -0.0013229 -0.0184087 0.0898544 
0.00962609 -0.017823 -0.000425987 0.00053956 -0.017823 0.0884567 0.000539635 -0.00131913 -0.000425987 0.000539635 0.0101098 -0.0184584 0.00053956 -0.00131913 -0.0184584 0.0899731 
0.00966033 -0.0178277 -0.00038664 0.000481776 -0.0178277 0.0884141 0.000485856 -0.00121492 -0.00038664 0.000485856 0.0101017 -0.0184637 0.000481776 -0.00121492 -0.0184637 0.0900539 
0.00968017 -0.0178816 -0.000379568 0.000442406 -0.0178816 0.0884972 0.000448634 -0.00111561 -0.000379568 0.000448634 0.0100937 -0.0184337 0.000442406 -0.00111561 -0.0184337 0.0900014 
0.0096784 -0.0179503 -0.000419841 0.000457387 -0.0179503 0.0886928 0.00046539 -0.00112685 -0.000419841 0.00046539 0.010078 -0.0183752 0.000457387 -0.00112685 -0.0183752 0.0898285 
0.00966343 -0.0179612 -0.00046608 0.000508118 -0.0179612 0.0888059 0.000516237 -0.00121963 -0.00046608 0.000516237 0.0100764 -0.0183426 0.000508118 -0.00121963 -0.0183426 0.0896898 
0.00963549 -0.0179084 -0.000478249 0.000542051 -0.0179084 0.0887275 0.000549669 -0.00129188 -0.000478249 0.000549669 0.0101178 -0.01839 0.000542051 -0.00129188 -0.01839 0.0897754 
0.00963843 -0.0178688 -0.000454213 0.000551195 -0.0178688 0.0886114 0.000553499 -0.00131978 -0.000454213 0.000553499 0.0101078 -0.0184327 0.000551195 -0.00131978 -0.0184327 0.0898706 
0.00965589 -0.0178667 -0.000398759 0.000520852 -0.0178667 0.0885543 0.000514342 -0.0012673 -0.000398759 0.000514342 0.0100559 -0.0184208 0.000520852 -0.0012673 -0.0184208 0.0898908 
0.00968389 -0.0179079 -0.000355189 0.000469396 -0.0179079 0.0886291 0.000462064 -0.00117602 -0.000355189 0.000462064 0.0100139 -0.0183431 0.000469396 -0.00117602 -0.0183431 0.0897606 
