0.00808132 0 2.26351e-05 0 0 0.01 0 0 2.26351e-05 0 0.00650477 0 0 0 0 0.01 
0.0112363 -0.0139356 2.44076e-05 -2.82368e-05 -0.0139356 0.035895 -2.82368e-05 5.38434e-05 2.44076e-05 -2.82368e-05 0.00933523 -0.0116117 -2.82368e-05 5.38434e-05 -0.0116117 0.031439 
0.0111085 -0.0205702 8.4549e-05 -9.18982e-05 -0.0205702 0.0748649 -9.18982e-05 0.000279892 8.4549e-05 -9.18982e-05 0.00953405 -0.0180879 -9.18982e-05 0.000279892 -0.0180879 0.0670787 
0.0104898 -0.0198495 0.000119462 -0.000120579 -0.0198495 0.0878044 -0.000118484 0.000328117 0.000119462 -0.000118484 0.00901295 -0.0181476 -0.000120579 0.000328117 -0.0181476 0.0823346 
0.0105416 -0.0191379 0.000144652 -0.000160182 -0.0191379 0.0902537 -0.000156376 0.000394545 0.000144652 -0.000156376 0.00894636 -0.0174761 -0.000160182 0.000394545 -0.0174761 0.0861963 
0.0106844 -0.01916 0.000152711 -0.000167264 -0.01916 0.0911994 -0.00016558 0.000410166 0.000152711 -0.00016558 0.00910717 -0.0172751 -0.000167264 0.000410166 -0.0172751 0.0869963 
0.0107916 -0.0192531 0.000147587 -0.00016913 -0.0192531 0.0918309 -0.000167043 0.000412219 0.000147587 -0.000167043 0.00922662 -0.0173804 -0.00016913 0.000412219 -0.0173804 0.0873931 
0.0108019 -0.0192678 0.000139549 -0.000149114 -0.0192678 0.0919949 -0.000143904 0.000360846 0.000139549 -0.000143904 0.00926926 -0.0174719 -0.000149114 0.000360846 -0.0174719 0.0876421 
0.010798 -0.0192448 0.000123901 -0.000112541 -0.0192448 0.0919681 -0.000110398 0.000250161 0.000123901 -0.000110398 0.00928871 -0.0175052 -0.000112541 0.000250161 -0.0175052 0.0877565 
0.0108173 -0.0192261 0.000110349 -0.00010562 -0.0192261 0.0918884 -0.000107287 0.000213567 0.000110349 -0.000107287 0.00927075 -0.017526 -0.00010562 0.000213567 -0.017526 0.0878081 
0.0108633 -0.0192581 0.00011587 -0.000131177 -0.0192581 0.091913 -0.000134748 0.000293133 0.00011587 -0.000134748 0.00925724 -0.0175155 -0.000131177 0.000293133 -0.0175155 0.0878256 
0.0108639 -0.0193044 0.000107171 -0.000132121 -0.0193044 0.0919797 -0.00013846 0.000325277 0.000107171 -0.00013846 0.00923478 -0.0175003 -0.000132121 0.000325277 -0.0175003 0.0877989 
0.0108086 -0.0193281 8.68389e-05 -9.72479e-05 -0.0193281 0.0920866 -0.000107794 0.00025626 8.68389e-05 -0.000107794 0.00929043 -0.0174796 -9.72479e-05 0.00025626 -0.0174796 0.0877747 
0.0107794 -0.0192905 5.62583e-05 -6.8609e-05 -0.0192905 0.0921094 -7.89796e-05 0.000176828 5.62583e-05 -7.89796e-05 0.00932544 -0.0175286 -6.8609e-05 0.000176828 -0.0175286 0.0878196 
0.010747 -0.0192522 3.11883e-05 -4.53801e-05 -0.0192522 0.0920404 -5.26833e-05 0.000120935 3.11883e-05 -5.26833e-05 0.00934327 -0.0175723 -4.53801e-05 0.000120935 -0.0175723 0.0879222 
0.0107241 -0.0192088 -6.79319e-06 2.31736e-05 -0.0192088 0.0919386 1.82567e-05 -5.13356e-05 -6.79319e-06 1.82567e-05 0.00932727 -0.0175906 2.31736e-05 -5.13356e-05 -0.0175906 0.0879909 
0.0107135 -0.0191689 -4.14942e-06 3.10737e-05 -0.0191689 0.0918231 2.88683e-05 -9.8708e-05 -4.14942e-06 2.88683e-05 0.00931459 -0.017575 3.10737e-05 -9.8708e-05 -0.017575 0.0879963 
0.0107216 -0.0191671 -1.63794e-05 5.84694e-05 -0.0191671 0.0917948 5.87702e-05 -0.00019339 -1.63794e-05 5.87702e-05 0.00930884 -0.0175501 5.84694e-05 -0.00019339 -0.0175501 0.0879423 
0.0107348 -0.019162 -1.16049e-05 6.95649e-05 -0.019162 0.0917618 7.25386e-05 -0.00024132 -1.16049e-05 7.25386e-05 0.00930597 -0.0175606 6.95649e-05 -0.00024132 -0.0175606 0.0879554 
0.0107122 -0.0191838 6.86963e-06 2.38183e-05 -0.0191838 0.0917919 3.12015e-05 -0.00014958 6.86963e-06 3.12015e-05 0.00931495 -0.0175492 2.38183e-05 -0.00014958 -0.0175492 0.0879323 
0.0106502 -0.0191551 9.13741e-06 -1.87139e-05 -0.0191551 0.091765 -8.01288e-06 -2.423e-05 9.13741e-06 -8.01288e-06 0.00936906 -0.017571 -1.87139e-05 -2.423e-05 -0.017571 0.087975 
0.0106196 -0.0190881 1.2038e-06 -1.37387e-05 -0.0190881 0.0916538 -4.27748e-06 1.13816e-05 1.2038e-06 -4.27748e-06 0.00940328 -0.0176237 -1.37387e-05 1.13816e-05 -0.0176237 0.0880621 
0.0106174 -0.0190567 7.56924e-06 8.61228e-07 -0.0190567 0.0915619 6.35536e-06 -3.12477e-06 7.56924e-06 6.35536e-06 0.00942716 -0.0176666 8.61228e-07 -3.12477e-06 -0.0176666 0.0881736 
0.0106389 -0.0190627 2.10935e-06 -6.0339e-06 -0.0190627 0.0915519 -2.83953e-06 -3.20389e-06 2.10935e-06 -2.83953e-06 0.0094298 -0.017693 -6.0339e-06 -3.20389e-06 -0.017693 0.0882537 
0.0107059 -0.0190843 -2.49985e-07 1.4965e-05 -0.0190843 0.0915804 1.10505e-05 -3.862e-05 -2.49985e-07 1.10505e-05 0.00936143 -0.0176968 1.4965e-05 -3.862e-05 -0.0176968 0.0882839 
0.0107556 -0.0191788 1.80398e-05 9.70431e-06 -0.0191788 0.0917635 6.92973e-07 -3.33428e-05 1.80398e-05 6.92973e-07 0.00932625 -0.01761 9.70431e-06 -3.33428e-05 -0.01761 0.0881558 
0.0107809 -0.0192502 4.36742e-05 -1.23502e-05 -0.0192502 0.0919728 -1.96014e-05 2.89349e-06 4.36742e-05 -1.96014e-05 0.00932601 -0.0175585 -1.23502e-05 2.89349e-06 -0.0175585 0.0879961 
0.0107373 -0.0192419 5.35435e-05 -6.24152e-05 -0.0192419 0.0919841 -6.38327e-05 0.000109573 5.35435e-05 -6.38327e-05 0.00935783 -0.0175831 -6.24152e-05 0.000109573 -0.0175831 0.0879984 
0.0107375 -0.0191918 6.42565e-05 -7.71334e-05 -0.0191918 0.0919055 -7.97549e-05 0.000185018 6.42565e-05 -7.97549e-05 0.0093564 -0.0176333 -7.71334e-05 0.000185018 -0.0176333 0.0881125 
0.0107335 -0.0192004 4.59401e-05 -5.10498e-05 -0.0192004 0.0918843 -5.49936e-05 0.000132378 4.59401e-05 -5.49936e-05 0.00935366 -0.017622 -5.10498e-05 0.000132378 -0.017622 0.0881389 
0.0107409 -0.0191958 4.44378e-05 -5.01997e-05 -0.0191958 0.0918752 -5.18761e-05 0.000123918 4.44378e-05 -5.18761e-05 0.00932583 -0.0176059 -5.01997e-05 0.000123918 -0.0176059 0.088095 
0.0107319 -0.0191942 2.52273e-05 -4.26785e-05 -0.0191942 0.0918554 -3.91468e-05 9.62088e-05 2.52273e-05 -3.91468e-05 0.00930739 -0.0175736 -4.26785e-05 9.62088e-05 -0.0175736 0.0880265 
0.0107223 -0.0191925 2.23301e-05 -2.01115e-05 -0.0191925 0.0918579 -1.32712e-05 4.97605e-05 2.23301e-05 -1.32712e-05 0.00929935 -0.0175328 -2.01115e-05 4.97605e-05 -0.0175328 0.0879091 
0.01071 -0.0191641 2.75688e-05 -2.58154e-05 -0.0191641 0.0917913 -1.45538e-05 4.12773e-05 2.75688e-05 -1.45538e-05 0.00929942 -0.0175399 -2.58154e-05 4.12773e-05 -0.0175399 0.0878957 
0.010677 -0.0191465 2.76339e-05 -1.54493e-05 -0.0191465 0.0917294 -5.48723e-06 6.6203e-06 2.76339e-05 -5.48723e-06 0.00931903 -0.0175376 -1.54493e-05 6.6203e-06 -0.0175376 0.0878881 
0.0106662 -0.0191069 3.91932e-05 -3.07096e-05 -0.0191069 0.0916526 -2.78099e-05 4.2483e-05 3.91932e-05 -2.78099e-05 0.00934862 -0.0175727 -3.07096e-05 4.2483e-05 -0.0175727 0.087958 
0.010677 -0.019099 7.03405e-05 -6.74319e-05 -0.019099 0.0916098 -6.9612e-05 0.00014837 7.03405e-05 -6.9612e-05 0.00934673 -0.0175988 -6.74319e-05 0.00014837 -0.0175988 0.0880153 
0.0106661 -0.0191052 8.64818e-05 -6.36921e-05 -0.0191052 0.0915953 -6.8343e-05 0.000144245 8.64818e-05 -6.8343e-05 0.00935569 -0.0176013 -6.36921e-05 0.000144245 -0.0176013 0.0880468 
0.0106635 -0.019102 9.55027e-05 -0.000107887 -0.019102 0.0916 -0.000109838 0.00022778 9.55027e-05 -0.000109838 0.00932521 -0.0175899 -0.000107887 0.00022778 -0.0175899 0.0880063 
0.0106211 -0.0190988 7.41087e-05 -0.000115058 -0.0190988 0.0915976 -0.000111976 0.000273476 7.41087e-05 -0.000111976 0.00934442 -0.0175533 -0.000115058 0.000273476 -0.0175533 0.0879346 
0.0106131 -0.0190541 4.90417e-05 -8.59068e-05 -0.0190541 0.0915347 -8.28146e-05 0.000240307 4.90417e-05 -8.28146e-05 0.00932535 -0.0175526 -8.59068e-05 0.000240307 -0.0175526 0.0878663 
0.0105731 -0.0190332 2.42975e-05 -3.32008e-05 -0.0190332 0.0914584 -3.50825e-05 0.000123174 2.42975e-05 -3.50825e-05 0.00934754 -0.017545 -3.32008e-05 0.000123174 -0.017545 0.0878583 
0.0105324 -0.0189867 2.72399e-05 -2.18654e-05 -0.0189867 0.0913642 -2.83628e-05 7.89367e-05 2.72399e-05 -2.83628e-05 0.00938746 -0.0175732 -2.18654e-05 7.89367e-05 -0.0175732 0.0879002 
0.0104935 -0.0189115 4.38567e-05 -4.43434e-05 -0.0189115 0.0911707 -5.29859e-05 0.000117037 4.38567e-05 -5.29859e-05 0.00940486 -0.0176352 -4.43434e-05 0.000117037 -0.0176352 0.0880313 
0.0104992 -0.0188718 5.71638e-05 -6.21248e-05 -0.0188718 0.09104 -7.12489e-05 0.000161253 5.71638e-05 -7.12489e-05 0.00939441 -0.0176462 -6.21248e-05 0.000161253 -0.0176462 0.0880952 
0.0105229 -0.0188826 8.36763e-05 -8.91894e-05 -0.0188826 0.0910126 -9.54262e-05 0.000231187 8.36763e-05 -9.54262e-05 0.00937145 -0.0176238 -8.91894e-05 0.000231187 -0.0176238 0.0880677 
0.0105355 -0.018925 8.92875e-05 -0.000111997 -0.018925 0.0910955 -0.000112794 0.000278009 8.92875e-05 -0.000112794 0.00934949 -0.0175815 -0.000111997 0.000278009 -0.0175815 0.0879637 
0.0105417 -0.0189581 7.13797e-05 -9.24449e-05 -0.0189581 0.09121 -8.66659e-05 0.00023095 7.13797e-05 -8.66659e-05 0.00933491 -0.0175355 -9.24449e-05 0.00023095 -0.0175355 0.0878237 
0.0105538 -0.0189605 8.06503e-05 -0.000100269 -0.0189605 0.0912559 -9.39668e-05 0.000251308 8.06503e-05 -9.39668e-05 0.00932899 -0.017536 -0.000100269 0.000251308 -0.017536 0.087795 
0.0105187 -0.0189688 6.75629e-05 -8.42398e-05 -0.0189688 0.0912757 -7.58102e-05 0.000203426 6.75629e-05 -7.58102e-05 0.00936756 -0.0175408 -8.42398e-05 0.000203426 -0.0175408 0.0878144 
0.0104926 -0.0189145 5.84529e-05 -7.93262e-05 -0.0189145 0.0911837 -6.79953e-05 0.000182829 5.84529e-05 -6.79953e-05 0.00937372 -0.0175906 -7.93262e-05 0.000182829 -0.0175906 0.0878998 
0.0105093 -0.0188755 3.36226e-05 -3.92419e-05 -0.0188755 0.0910674 -3.42183e-05 8.94649e-05 3.36226e-05 -3.42183e-05 0.00934773 -0.0175994 -3.92419e-05 8.94649e-05 -0.0175994 0.087961 
0.0104771 -0.0188828 3.34395e-05 -2.6919e-05 -0.0188828 0.091013 -3.00083e-05 6.17757e-05 3.34395e-05 -3.00083e-05 0.00935411 -0.0175677 -2.6919e-05 6.17757e-05 -0.0175677 0.0879279 
0.0104519 -0.0188562 2.24596e-05 -3.95509e-05 -0.0188562 0.0909796 -4.3425e-05 8.31419e-05 2.24596e-05 -4.3425e-05 0.00936911 -0.0175661 -3.95509e-05 8.31419e-05 -0.0175661 0.0878922 
0.0103824 -0.0188225 -2.21982e-05 1.208e-06 -0.0188225 0.0909022 -5.46664e-06 9.89395e-06 -2.21982e-05 -5.46664e-06 0.00942926 -0.0175781 1.208e-06 9.89395e-06 -0.0175781 0.0878929 
0.0103617 -0.0187386 -2.69958e-05 3.62421e-05 -0.0187386 0.0907433 2.454e-05 -5.1303e-05 -2.69958e-05 2.454e-05 0.00945434 -0.0176548 3.62421e-05 -5.1303e-05 -0.0176548 0.0880201 
0.0103744 -0.0187296 -9.20826e-06 5.50554e-05 -0.0187296 0.0906779 4.54723e-05 -0.000125913 -9.20826e-06 4.54723e-05 0.00943883 -0.017667 5.50554e-05 -0.000125913 -0.017667 0.0880772 
0.0103731 -0.0187563 3.52222e-05 -4.59538e-06 -0.0187563 0.0907165 -3.27391e-06 -3.31207e-05 3.52222e-05 -3.27391e-06 0.0094202 -0.0176298 -4.59538e-06 -3.31207e-05 -0.0176298 0.0880089 
0.0103326 -0.0187449 5.10924e-05 -6.52588e-05 -0.0187449 0.0907166 -5.45789e-05 0.000101371 5.10924e-05 -5.45789e-05 0.00943862 -0.01763 -6.52588e-05 0.000101371 -0.01763 0.0880061 
0.0102944 -0.0187079 3.70075e-05 -5.81359e-05 -0.0187079 0.0906786 -4.87644e-05 0.000120527 3.70075e-05 -4.87644e-05 0.00948006 -0.0176503 -5.81359e-05 0.000120527 -0.0176503 0.0880417 
0.0103031 -0.0186653 2.69421e-05 -3.6435e-05 -0.0186653 0.0905941 -3.12725e-05 8.68217e-05 2.69421e-05 -3.12725e-05 0.00949265 -0.0176923 -3.6435e-05 8.68217e-05 -0.0176923 0.0881143 
0.0102966 -0.0186546 1.745e-05 -3.54715e-05 -0.0186546 0.0905087 -3.613e-05 8.87523e-05 1.745e-05 -3.613e-05 0.00950857 -0.0177249 -3.54715e-05 8.87523e-05 -0.0177249 0.0882174 
0.0102936 -0.0186541 3.59843e-05 -3.24322e-05 -0.0186541 0.0904943 -3.90085e-05 0.000106197 3.59843e-05 -3.90085e-05 0.00953582 -0.0177475 -3.24322e-05 0.000106197 -0.0177475 0.0882965 
0.0103241 -0.0186612 4.77814e-05 -5.43911e-05 -0.0186612 0.0905156 -6.15499e-05 0.000143982 4.77814e-05 -6.15499e-05 0.00954238 -0.0177762 -5.43911e-05 0.000143982 -0.0177762 0.0883643 
0.0104085 -0.0186788 4.11484e-05 -1.99287e-05 -0.0186788 0.09052 -2.67452e-05 5.52822e-05 4.11484e-05 -2.67452e-05 0.00946785 -0.0177962 -1.99287e-05 5.52822e-05 -0.0177962 0.0884335 
0.0104716 -0.0187789 4.14262e-05 -4.78351e-05 -0.0187789 0.0906747 -5.13369e-05 9.39837e-05 4.14262e-05 -5.13369e-05 0.00939308 -0.0177026 -4.78351e-05 9.39837e-05 -0.0177026 0.088308 
0.0104712 -0.0188575 4.67299e-05 -4.79352e-05 -0.0188575 0.0908738 -5.26335e-05 0.000118447 4.67299e-05 -5.26335e-05 0.0093762 -0.0176047 -4.79352e-05 0.000118447 -0.0176047 0.0880782 
0.0104863 -0.0188674 4.45134e-05 -4.63335e-05 -0.0188674 0.0909861 -5.06271e-05 0.000113818 4.45134e-05 -5.06271e-05 0.00936531 -0.0175896 -4.63335e-05 0.000113818 -0.0175896 0.0879739 
0.0104791 -0.0188717 6.79395e-05 -5.50822e-05 -0.0188717 0.0909984 -5.75439e-05 0.00013685 6.79395e-05 -5.75439e-05 0.00935224 -0.0175755 -5.50822e-05 0.00013685 -0.0175755 0.0879184 
0.0104558 -0.0188655 8.72453e-05 -8.64106e-05 -0.0188655 0.0909975 -8.11115e-05 0.000188046 8.72453e-05 -8.11115e-05 0.00935389 -0.0175553 -8.64106e-05 0.000188046 -0.0175553 0.0878646 
0.0104072 -0.018845 7.88262e-05 -9.71992e-05 -0.018845 0.0909743 -8.62655e-05 0.00020517 7.88262e-05 -8.62655e-05 0.00939268 -0.017549 -9.71992e-05 0.00020517 -0.017549 0.0878243 
0.0104016 -0.0187774 8.87425e-05 -9.47188e-05 -0.0187774 0.0908516 -8.32624e-05 0.00021968 8.87425e-05 -8.32624e-05 0.00940103 -0.0176084 -9.47188e-05 0.00021968 -0.0176084 0.0879179 
0.0103877 -0.018781 6.684e-05 -9.21966e-05 -0.018781 0.0908113 -8.33095e-05 0.000199946 6.684e-05 -8.33095e-05 0.00941006 -0.0176044 -9.21966e-05 0.000199946 -0.0176044 0.0879413 
0.010366 -0.0187605 4.13611e-05 -8.64154e-05 -0.0187605 0.0907675 -8.41107e-05 0.000214093 4.13611e-05 -8.41107e-05 0.00942543 -0.0176093 -8.64154e-05 0.000214093 -0.0176093 0.0879402 
0.0103209 -0.018726 1.51722e-05 -4.00921e-05 -0.018726 0.0906867 -4.66602e-05 0.000140473 1.51722e-05 -4.66602e-05 0.00948248 -0.0176422 -4.00921e-05 0.000140473 -0.0176422 0.0880111 
0.0102948 -0.0186715 4.69862e-06 5.19701e-08 -0.0186715 0.0905661 -1.01818e-05 3.91878e-05 4.69862e-06 -1.01818e-05 0.00952365 -0.0177085 5.19701e-08 3.91878e-05 -0.0177085 0.0881389 
0.0103118 -0.0186325 -1.762e-05 4.29091e-05 -0.0186325 0.0904386 3.36418e-05 -0.000102559 -1.762e-05 3.36418e-05 0.00949167 -0.0177595 4.29091e-05 -0.000102559 -0.0177595 0.0882762 
0.0103674 -0.0186606 -1.24861e-05 4.93669e-05 -0.0186606 0.0904487 4.31297e-05 -0.000146759 -1.24861e-05 4.31297e-05 0.00941913 -0.0177251 4.93669e-05 -0.000146759 -0.0177251 0.0882868 
0.0104293 -0.0187365 9.72142e-06 1.88277e-05 -0.0187365 0.0905968 1.57216e-05 -9.31107e-05 9.72142e-06 1.57216e-05 0.00934898 -0.0176292 1.88277e-05 -9.31107e-05 -0.0176292 0.0881172 
0.0104128 -0.0188192 3.8865e-05 -2.87096e-05 -0.0188192 0.0908064 -3.24876e-05 3.29117e-05 3.8865e-05 -3.24876e-05 0.00937433 -0.0175346 -2.87096e-05 3.29117e-05 -0.0175346 0.0878765 
0.010431 -0.0188003 6.33469e-05 -4.18566e-05 -0.0188003 0.0908648 -4.60998e-05 8.28632e-05 6.33469e-05 -4.60998e-05 0.0093534 -0.0175587 -4.18566e-05 8.28632e-05 -0.0175587 0.0878029 
0.010414 -0.0188325 7.29521e-05 -7.07744e-05 -0.0188325 0.0909357 -7.35971e-05 0.000140714 7.29521e-05 -7.35971e-05 0.00939535 -0.0175343 -7.07744e-05 0.000140714 -0.0175343 0.0877638 
0.0103574 -0.0187988 5.59665e-05 -6.05558e-05 -0.0187988 0.0908948 -6.13894e-05 0.000122576 5.59665e-05 -6.13894e-05 0.00944853 -0.017591 -6.05558e-05 0.000122576 -0.017591 0.087833 
0.0103215 -0.0187337 3.71946e-05 -2.87678e-05 -0.0187337 0.090773 -2.66957e-05 5.18966e-05 3.71946e-05 -2.66957e-05 0.00948172 -0.0176534 -2.87678e-05 5.18966e-05 -0.0176534 0.0879695 
0.0103293 -0.018688 3.25067e-05 5.20926e-07 -0.018688 0.0906367 -3.76172e-07 -2.82694e-05 3.25067e-05 -3.76172e-07 0.00943471 -0.0176731 5.20926e-07 -2.82694e-05 -0.0176731 0.0880278 
0.0103089 -0.0187006 4.38987e-05 -4.14776e-06 -0.0187006 0.0906115 -9.33261e-06 -3.66443e-05 4.38987e-05 -9.33261e-06 0.00941845 -0.0176111 -4.14776e-06 -3.66443e-05 -0.0176111 0.0879462 
0.0102602 -0.0186638 5.01969e-05 -4.23021e-05 -0.0186638 0.0905423 -4.26847e-05 4.45789e-05 5.01969e-05 -4.26847e-05 0.00944315 -0.0176002 -4.23021e-05 4.45789e-05 -0.0176002 0.0878929 
0.0102733 -0.018607 5.53928e-05 -7.28949e-05 -0.018607 0.0904259 -6.86756e-05 0.000147683 5.53928e-05 -6.86756e-05 0.00942632 -0.0176239 -7.28949e-05 0.000147683 -0.0176239 0.0879063 
0.0102842 -0.0186024 4.50814e-05 -6.41968e-05 -0.0186024 0.0903339 -6.01887e-05 0.000162517 4.50814e-05 -6.01887e-05 0.00940262 -0.0176088 -6.41968e-05 0.000162517 -0.0176088 0.0879003 
0.0102773 -0.0185894 3.15362e-05 -4.12064e-05 -0.0185894 0.0902533 -3.9853e-05 0.000119636 3.15362e-05 -3.9853e-05 0.00940871 -0.0176036 -4.12064e-05 0.000119636 -0.0176036 0.0879125 
0.0102669 -0.018605 2.57768e-05 -2.31026e-05 -0.018605 0.0902788 -2.2903e-05 6.85794e-05 2.57768e-05 -2.2903e-05 0.00942191 -0.0175878 -2.31026e-05 6.85794e-05 -0.0175878 0.087862 
0.0102724 -0.018588 -2.92004e-06 1.10008e-05 -0.018588 0.0902633 1.41585e-05 -4.15798e-05 -2.92004e-06 1.41585e-05 0.00941317 -0.0176171 1.10008e-05 -4.15798e-05 -0.0176171 0.0879067 
0.0102607 -0.018609 -7.91619e-07 9.63287e-06 -0.018609 0.0903078 1.57206e-05 -4.58291e-05 -7.91619e-07 1.57206e-05 0.00943527 -0.0175995 9.63287e-06 -4.58291e-05 -0.0175995 0.0878961 
0.010249 -0.0186114 2.12127e-05 -4.63061e-06 -0.0186114 0.0903512 3.54194e-08 -7.74919e-06 2.12127e-05 3.54194e-08 0.00944668 -0.017597 -4.63061e-06 -7.74919e-06 -0.017597 0.0878409 
0.0102194 -0.0185868 1.55263e-05 -8.68278e-07 -0.0185868 0.0903158 2.50724e-06 -2.98837e-05 1.55263e-05 2.50724e-06 0.00947026 -0.0176273 -8.68278e-07 -2.98837e-05 -0.0176273 0.0878921 
0.0101865 -0.0185489 -3.26611e-06 -8.88561e-06 -0.0185489 0.0902393 -4.41429e-06 -1.0917e-05 -3.26611e-06 -4.41429e-06 0.00949342 -0.017658 -8.88561e-06 -1.0917e-05 -0.017658 0.0879668 
0.0101684 -0.0185119 -2.19227e-05 2.17649e-05 -0.0185119 0.0901526 2.85865e-05 -6.02934e-05 -2.19227e-05 2.85865e-05 0.00950336 -0.0176855 2.17649e-05 -6.02934e-05 -0.0176855 0.0880423 
0.0102012 -0.0184728 -1.1966e-05 1.86286e-05 -0.0184728 0.090036 2.94971e-05 -6.02021e-05 -1.1966e-05 2.94971e-05 0.00946768 -0.0177132 1.86286e-05 -6.02021e-05 -0.0177132 0.0881346 
0.0102379 -0.0185239 -3.93386e-07 1.22087e-05 -0.0185239 0.0900812 2.22126e-05 -5.25455e-05 -3.93386e-07 2.22126e-05 0.00941497 -0.0176487 1.22087e-05 -5.25455e-05 -0.0176487 0.0880404 
0.0102363 -0.0185678 6.22594e-06 5.39708e-06 -0.0185678 0.090184 7.9623e-06 -3.63658e-05 6.22594e-06 7.9623e-06 0.00941376 -0.0175875 5.39708e-06 -3.63658e-05 -0.0175875 0.0878988 
0.0102399 -0.0185667 3.13138e-05 -1.27357e-05 -0.0185667 0.0902267 -1.42272e-05 1.2494e-05 3.13138e-05 -1.42272e-05 0.00940793 -0.0175812 -1.27357e-05 1.2494e-05 -0.0175812 0.0878235 
0.0102347 -0.0185877 1.49989e-05 7.1878e-06 -0.0185877 0.0902906 2.39878e-06 -4.96646e-05 1.49989e-05 2.39878e-06 0.00941428 -0.0175629 7.1878e-06 -4.96646e-05 -0.0175629 0.0877628 
0.0102302 -0.0185766 9.29302e-07 1.72284e-05 -0.0185766 0.0902934 1.28315e-05 -7.93557e-05 9.29302e-07 1.28315e-05 0.009421 -0.0175785 1.72284e-05 -7.93557e-05 -0.0175785 0.0877751 
0.010217 -0.0185476 -5.99387e-06 1.45358e-05 -0.0185476 0.0902145 1.2151e-05 -6.6194e-05 -5.99387e-06 1.2151e-05 0.0094252 -0.0176082 1.45358e-05 -6.6194e-05 -0.0176082 0.0878563 
0.0102161 -0.0185371 8.46596e-06 -4.01009e-06 -0.0185371 0.0901734 -5.55893e-06 -7.4561e-07 8.46596e-06 -5.55893e-06 0.00942083 -0.0176046 -4.01009e-06 -7.4561e-07 -0.0176046 0.0878739 
0.0102058 -0.0185473 -7.3949e-06 -9.62033e-07 -0.0185473 0.090187 -1.65859e-06 -5.25212e-06 -7.3949e-06 -1.65859e-06 0.0094362 -0.0175816 -9.62033e-07 -5.25212e-06 -0.0175816 0.0878169 
0.0102191 -0.0185368 -1.87411e-05 1.4973e-05 -0.0185368 0.09018 1.48441e-05 -2.80046e-05 -1.87411e-05 1.48441e-05 0.00943184 -0.0175971 1.4973e-05 -2.80046e-05 -0.0175971 0.0878104 
0.010217 -0.0185377 -1.54235e-05 1.74412e-05 -0.0185377 0.0901544 1.65864e-05 -3.06009e-05 -1.54235e-05 1.65864e-05 0.0094324 -0.0176092 1.74412e-05 -3.06009e-05 -0.0176092 0.0878548 
0.0102402 -0.018531 1.20419e-05 -6.60455e-06 -0.018531 0.0901338 -1.03345e-05 3.1703e-05 1.20419e-05 -1.03345e-05 0.00941616 -0.0176236 -6.60455e-06 3.1703e-05 -0.0176236 0.0879139 
0.0102354 -0.0185542 1.57791e-05 -5.13307e-06 -0.0185542 0.0901528 -1.34684e-05 2.43842e-05 1.57791e-05 -1.34684e-05 0.00941479 -0.0176038 -5.13307e-06 2.43842e-05 -0.0176038 0.087904 
0.0102352 -0.0185501 4.08827e-05 -2.7357e-05 -0.0185501 0.0901624 -4.0429e-05 8.35776e-05 4.08827e-05 -4.0429e-05 0.00942079 -0.0176005 -2.7357e-05 8.35776e-05 -0.0176005 0.087887 
0.0102288 -0.0185567 3.833e-05 -4.72379e-05 -0.0185567 0.0901771 -5.8222e-05 0.000123872 3.833e-05 -5.8222e-05 0.00941974 -0.0175914 -4.72379e-05 0.000123872 -0.0175914 0.0878457 
0.0102444 -0.0185613 2.93506e-05 -5.19469e-05 -0.0185613 0.0902121 -5.6024e-05 0.000146208 2.93506e-05 -5.6024e-05 0.00940661 -0.0175893 -5.19469e-05 0.000146208 -0.0175893 0.0878281 
0.0102345 -0.0185923 8.51623e-06 -5.25397e-05 -0.0185923 0.0902928 -5.06531e-05 0.000155697 8.51623e-06 -5.06531e-05 0.00943898 -0.0175686 -5.25397e-05 0.000155697 -0.0175686 0.0877843 
0.0102044 -0.018571 -2.84216e-05 1.03139e-05 -0.018571 0.0902844 1.34817e-05 1.81595e-05 -2.84216e-05 1.34817e-05 0.00949736 -0.0176251 1.03139e-05 1.81595e-05 -0.0176251 0.0878721 
0.0102175 -0.0185313 -1.94679e-05 4.83945e-05 -0.0185313 0.090205 5.05036e-05 -9.19741e-05 -1.94679e-05 5.05036e-05 0.00948702 -0.0177019 4.83945e-05 -9.19741e-05 -0.0177019 0.0880434 
0.0102217 -0.0185491 -1.04392e-05 3.16916e-05 -0.0185491 0.0902012 3.10691e-05 -0.000101287 -1.04392e-05 3.10691e-05 0.00948951 -0.0176941 3.16916e-05 -0.000101287 -0.0176941 0.0881158 
0.0102484 -0.0185592 8.36307e-06 -1.78957e-05 -0.0185592 0.0902275 -1.92138e-05 2.40058e-05 8.36307e-06 -1.92138e-05 0.00945566 -0.0176858 -1.78957e-05 2.40058e-05 -0.0176858 0.0881042 
0.0102805 -0.0185994 8.43978e-06 -1.89613e-05 -0.0185994 0.0903107 -1.75016e-05 4.72004e-05 8.43978e-06 -1.75016e-05 0.0094275 -0.017637 -1.89613e-05 4.72004e-05 -0.017637 0.0880125 
0.0102915 -0.0186301 6.06639e-06 -5.38104e-06 -0.0186301 0.0903844 6.38358e-08 9.80633e-06 6.06639e-06 6.38358e-08 0.00943159 -0.0176116 -5.38104e-06 9.80633e-06 -0.0176116 0.087939 
0.0102971 -0.018649 1.02116e-05 -2.58108e-06 -0.018649 0.0904514 6.43347e-06 -1.63956e-05 1.02116e-05 6.43347e-06 0.00944721 -0.017623 -2.58108e-06 -1.63956e-05 -0.017623 0.087939 
0.0102932 -0.0186311 3.23102e-05 -4.12199e-05 -0.0186311 0.0904152 -3.22269e-05 7.06896e-05 3.23102e-05 -3.22269e-05 0.00946609 -0.0176737 -4.12199e-05 7.06896e-05 -0.0176737 0.0880633 
0.0103068 -0.0186323 2.90241e-05 -4.6004e-05 -0.0186323 0.0904005 -4.24005e-05 0.000101617 2.90241e-05 -4.24005e-05 0.00944759 -0.0176852 -4.6004e-05 0.000101617 -0.0176852 0.0881217 
0.0103068 -0.0186507 2.8853e-07 -6.02479e-06 -0.0186507 0.0904274 -8.97739e-06 2.12445e-05 2.8853e-07 -8.97739e-06 0.00943421 -0.0176572 -6.02479e-06 2.12445e-05 -0.0176572 0.088092 
0.010319 -0.0186639 1.8589e-05 -1.25333e-05 -0.0186639 0.0904796 -1.72426e-05 4.24063e-05 1.8589e-05 -1.72426e-05 0.00941128 -0.0176213 -1.25333e-05 4.24063e-05 -0.0176213 0.0879901 
0.0102849 -0.0186871 3.70385e-05 -4.30373e-05 -0.0186871 0.0905497 -4.07509e-05 9.86434e-05 3.70385e-05 -4.07509e-05 0.00944123 -0.0175918 -4.30373e-05 9.86434e-05 -0.0175918 0.0879029 
0.0102813 -0.0186348 4.68344e-05 -5.06222e-05 -0.0186348 0.0904807 -3.93009e-05 0.000108595 4.68344e-05 -3.93009e-05 0.00944027 -0.0176321 -5.06222e-05 0.000108595 -0.0176321 0.0879331 
0.0103011 -0.0186217 5.10784e-05 -9.77371e-05 -0.0186217 0.0904135 -8.2127e-05 0.000213083 5.10784e-05 -8.2127e-05 0.00943745 -0.0176445 -9.77371e-05 0.000213083 -0.0176445 0.0879938 
0.0103338 -0.0186523 3.58908e-05 -7.26045e-05 -0.0186523 0.0904431 -6.10336e-05 0.000192881 3.58908e-05 -6.10336e-05 0.00941654 -0.01763 -7.26045e-05 0.000192881 -0.01763 0.0879752 
0.0103611 -0.0187018 3.09332e-05 -3.45888e-05 -0.0187018 0.0905507 -2.89762e-05 0.000105875 3.09332e-05 -2.89762e-05 0.00939348 -0.0175995 -3.45888e-05 0.000105875 -0.0175995 0.0879121 
0.0103786 -0.0187404 3.2784e-05 -1.85361e-05 -0.0187404 0.0906631 -2.19396e-05 4.28971e-05 3.2784e-05 -2.19396e-05 0.00937141 -0.0175674 -1.85361e-05 4.28971e-05 -0.0175674 0.0878307 
0.010407 -0.0187619 2.00157e-05 4.39778e-06 -0.0187619 0.0907471 -1.07209e-05 -2.65426e-05 2.00157e-05 -1.07209e-05 0.00936814 -0.0175585 4.39778e-06 -2.65426e-05 -0.0175585 0.0878113 
0.0104052 -0.0187718 5.20314e-05 -1.14278e-05 -0.0187718 0.090752 -3.42025e-05 2.22917e-05 5.20314e-05 -3.42025e-05 0.00935832 -0.017563 -1.14278e-05 2.22917e-05 -0.017563 0.0878185 
0.0103401 -0.0187709 7.17252e-05 -5.94458e-05 -0.0187709 0.0907557 -7.82158e-05 0.000124598 7.17252e-05 -7.82158e-05 0.0094125 -0.0175575 -5.94458e-05 0.000124598 -0.0175575 0.0878263 
0.0103029 -0.0186832 8.56498e-05 -9.66621e-05 -0.0186832 0.0906126 -0.000107086 0.000232331 8.56498e-05 -0.000107086 0.00945105 -0.0176337 -9.66621e-05 0.000232331 -0.0176337 0.087959 
0.0102872 -0.0186504 8.72135e-05 -0.000100455 -0.0186504 0.0905044 -0.000104446 0.000254651 8.72135e-05 -0.000104446 0.00948078 -0.0176688 -0.000100455 0.000254651 -0.0176688 0.0880667 
0.0103 -0.0186435 6.15741e-05 -7.15826e-05 -0.0186435 0.0904649 -6.95678e-05 0.000171564 6.15741e-05 -6.95678e-05 0.00946726 -0.0176802 -7.15826e-05 0.000171564 -0.0176802 0.0880887 
0.0103139 -0.0186798 4.40761e-05 -5.43083e-05 -0.0186798 0.09054 -5.26846e-05 0.000125933 4.40761e-05 -5.26846e-05 0.0094777 -0.0176504 -5.43083e-05 0.000125933 -0.0176504 0.0880321 
0.0102806 -0.0186758 2.79663e-05 -2.67722e-05 -0.0186758 0.0905395 -2.4578e-05 5.89665e-05 2.79663e-05 -2.4578e-05 0.00951665 -0.0176788 -2.67722e-05 5.89665e-05 -0.0176788 0.0880606 
0.0103617 -0.0186328 5.53051e-05 -2.28919e-05 -0.0186328 0.0904726 -2.03115e-05 4.28632e-05 5.53051e-05 -2.03115e-05 0.00944692 -0.0177473 -2.28919e-05 4.28632e-05 -0.0177473 0.088215 
0.0104207 -0.0187453 9.0646e-05 -7.94884e-05 -0.0187453 0.0906332 -7.99107e-05 0.000155272 9.0646e-05 -7.99107e-05 0.0094208 -0.0176683 -7.94884e-05 0.000155272 -0.0176683 0.0881765 
0.0104553 -0.0188163 0.000104648 -0.000100684 -0.0188163 0.0908316 -0.000105937 0.000225692 0.000104648 -0.000105937 0.00940508 -0.0176432 -0.000100684 0.000225692 -0.0176432 0.0881044 
0.0104628 -0.0188496 7.78002e-05 -8.25382e-05 -0.0188496 0.0909454 -8.96961e-05 0.000189515 7.78002e-05 -8.96961e-05 0.00938152 -0.0176261 -8.25382e-05 0.000189515 -0.0176261 0.088054 
0.0104189 -0.0188708 7.56755e-05 -9.05293e-05 -0.0188708 0.0910397 -9.94526e-05 0.000231663 7.56755e-05 -9.94526e-05 0.00943673 -0.0176047 -9.05293e-05 0.000231663 -0.0176047 0.0880216 
0.0103822 -0.0188007 6.14569e-05 -7.39773e-05 -0.0188007 0.0909342 -7.96782e-05 0.000202086 6.14569e-05 -7.96782e-05 0.00946261 -0.0176669 -7.39773e-05 0.000202086 -0.0176669 0.0880899 
0.010409 -0.0187576 6.85012e-05 -7.71583e-05 -0.0187576 0.0908109 -7.50898e-05 0.00020136 6.85012e-05 -7.50898e-05 0.00943379 -0.0176915 -7.71583e-05 0.00020136 -0.0176915 0.0881615 
0.0104659 -0.0187872 7.54742e-05 -9.61353e-05 -0.0187872 0.0908041 -8.58417e-05 0.000229033 7.54742e-05 -8.58417e-05 0.00939502 -0.017659 -9.61353e-05 0.000229033 -0.017659 0.0881403 
0.0105052 -0.0188579 7.50802e-05 -9.81814e-05 -0.0188579 0.0909212 -8.35485e-05 0.000228718 7.50802e-05 -8.35485e-05 0.00936767 -0.0176031 -9.81814e-05 0.000228718 -0.0176031 0.0880171 
0.0104953 -0.0189096 4.35825e-05 -5.71552e-05 -0.0189096 0.0910604 -4.4415e-05 0.000121352 4.35825e-05 -4.4415e-05 0.00938521 -0.0175634 -5.71552e-05 0.000121352 -0.0175634 0.0878916 
0.0104727 -0.0188878 1.95937e-05 -2.07158e-05 -0.0188878 0.0910697 -1.49432e-05 3.05958e-05 1.95937e-05 -1.49432e-05 0.00941404 -0.0176097 -2.07158e-05 3.05958e-05 -0.0176097 0.0879487 
