0.0065421 0 -0.00021089 0 0 0.01 0 0 -0.00021089 0 0.00806075 0 0 0 0 0.01 
0.00937628 -0.0116625 -0.000252097 0.000308535 -0.0116625 0.0315362 0.000308535 -0.000591348 -0.000252097 0.000308535 0.0112167 -0.0139118 0.000308535 -0.000591348 -0.0139118 0.0358491 
0.00956115 -0.018111 -0.000177136 0.000275511 -0.018111 0.0671512 0.000275511 -0.00086332 -0.000177136 0.000275511 0.0111064 -0.0205871 0.000275511 -0.00086332 -0.0205871 0.0749217 
0.00905424 -0.0181372 -0.000201993 0.000242694 -0.0181372 0.0822333 0.000229827 -0.000758118 -0.000201993 0.000229827 0.0104081 -0.0198474 0.000242694 -0.000758118 -0.0198474 0.0878281 
0.00901956 -0.0175123 -0.000243689 0.000284156 -0.0175123 0.086143 0.000267292 -0.000700134 -0.000243689 0.000267292 0.0103832 -0.0190171 0.000284156 -0.000700134 -0.0190171 0.0900427 
0.00916005 -0.0173796 -0.000261812 0.000307715 -0.0173796 0.0871765 0.000295052 -0.000718227 -0.000261812 0.000295052 0.0106005 -0.0189627 0.000307715 -0.000718227 -0.0189627 0.090811 
0.00927504 -0.0174352 -0.000231633 0.000258317 -0.0174352 0.0875522 0.000251189 -0.000602134 -0.000231633 0.000251189 0.010739 -0.0191533 0.000258317 -0.000602134 -0.0191533 0.0915056 
0.00932141 -0.0175382 -0.000222077 0.000258081 -0.0175382 0.0878184 0.000252607 -0.000593024 -0.000222077 0.000252607 0.0107966 -0.0192255 0.000258081 -0.000593024 -0.0192255 0.0918486 
0.00931687 -0.0175909 -0.000223275 0.00025585 -0.0175909 0.0879942 0.000247088 -0.000594785 -0.000223275 0.000247088 0.0108479 -0.0192539 0.00025585 -0.000594785 -0.0192539 0.0919592 
0.00931589 -0.0175804 -0.000227611 0.000250008 -0.0175804 0.0880239 0.000241834 -0.000579104 -0.000227611 0.000241834 0.0108716 -0.0193089 0.000250008 -0.000579104 -0.0193089 0.0920574 
0.00932737 -0.0175849 -0.000233051 0.000272679 -0.0175849 0.0880317 0.000273352 -0.000639815 -0.000233051 0.000273352 0.0108572 -0.0193281 0.000272679 -0.000639815 -0.0193281 0.0921072 
0.00930877 -0.0175932 -0.000224173 0.000262819 -0.0175932 0.08804 0.000272354 -0.000641802 -0.000224173 0.000272354 0.0108345 -0.0193149 0.000262819 -0.000641802 -0.0193149 0.0921002 
0.00929742 -0.0175614 -0.000209299 0.000224226 -0.0175614 0.0879956 0.000231525 -0.000548442 -0.000209299 0.000231525 0.0108351 -0.0193148 0.000224226 -0.000548442 -0.0193148 0.09213 
0.00927866 -0.0175727 -0.000225446 0.000258452 -0.0175727 0.0880209 0.000258834 -0.000603108 -0.000225446 0.000258834 0.0108272 -0.0192878 0.000258452 -0.000603108 -0.0192878 0.0920661 
0.00930014 -0.0175681 -0.000220452 0.000271885 -0.0175681 0.0880597 0.000267341 -0.000640052 -0.000220452 0.000267341 0.0108097 -0.0192815 0.000271885 -0.000640052 -0.0192815 0.0920386 
0.00931673 -0.0175882 -0.000214577 0.000255294 -0.0175882 0.0880954 0.000247493 -0.00061774 -0.000214577 0.000247493 0.0108 -0.0192577 0.000255294 -0.00061774 -0.0192577 0.0919877 
0.00933296 -0.0175942 -0.000193161 0.000219801 -0.0175942 0.0881069 0.000210576 -0.000514301 -0.000193161 0.000210576 0.010791 -0.0192618 0.000219801 -0.000514301 -0.0192618 0.0919932 
0.00933565 -0.0175985 -0.000189468 0.000198941 -0.0175985 0.0880992 0.000194686 -0.000455995 -0.000189468 0.000194686 0.0108061 -0.019271 0.000198941 -0.000455995 -0.019271 0.0920395 
0.00931985 -0.0175883 -0.000196413 0.000226334 -0.0175883 0.0880614 0.000229145 -0.000519366 -0.000196413 0.000229145 0.0108288 -0.0193039 0.000226334 -0.000519366 -0.0193039 0.0921317 
0.00930471 -0.0175666 -0.000204004 0.000229275 -0.0175666 0.0880055 0.000235814 -0.000557803 -0.000204004 0.000235814 0.0108415 -0.0193297 0.000229275 -0.000557803 -0.0193297 0.0922082 
0.00927283 -0.0175808 -0.000237869 0.000240358 -0.0175808 0.0880414 0.000242633 -0.000580484 -0.000237869 0.000242633 0.0108697 -0.0193164 0.000240358 -0.000580484 -0.0193164 0.0921835 
0.00928294 -0.0175408 -0.000249879 0.000278094 -0.0175408 0.0879935 0.000276917 -0.000635698 -0.000249879 0.000276917 0.0108486 -0.0193441 0.000278094 -0.000635698 -0.0193441 0.0922022 
0.0093202 -0.017537 -0.000242873 0.000297064 -0.017537 0.087942 0.00029532 -0.000696414 -0.000242873 0.00029532 0.0108216 -0.0193386 0.000297064 -0.000696414 -0.0193386 0.0922363 
0.00934986 -0.0175831 -0.000234411 0.000288225 -0.0175831 0.0879984 0.000287232 -0.000705524 -0.000234411 0.000287232 0.0107948 -0.0192949 0.000288225 -0.000705524 -0.0192949 0.0921557 
0.00937149 -0.0176206 -0.000244466 0.000278057 -0.0176206 0.0880915 0.000278945 -0.000698165 -0.000244466 0.000278945 0.0107707 -0.0192563 0.000278057 -0.000698165 -0.0192563 0.0920457 
0.00937568 -0.0176305 -0.000215365 0.000257964 -0.0176305 0.0881196 0.000261204 -0.000626919 -0.000215365 0.000261204 0.0107462 -0.019236 0.000257964 -0.000626919 -0.019236 0.0919795 
0.00936571 -0.0176454 -0.000191909 0.000235709 -0.0176454 0.0881645 0.000235083 -0.000576227 -0.000191909 0.000235083 0.0107334 -0.0191994 0.000235709 -0.000576227 -0.0191994 0.0918929 
0.00934714 -0.0176473 -0.00019339 0.000226569 -0.0176473 0.0882084 0.000218911 -0.000550695 -0.00019339 0.000218911 0.0107533 -0.0191825 0.000226569 -0.000550695 -0.0191825 0.0918333 
0.00936188 -0.0176176 -0.000171655 0.000176473 -0.0176176 0.0881692 0.000167096 -0.000409218 -0.000171655 0.000167096 0.0107391 -0.0192077 0.000176473 -0.000409218 -0.0192077 0.0918472 
0.0093488 -0.0176255 -0.000169945 0.000169832 -0.0176255 0.0881464 0.000165193 -0.000366955 -0.000169945 0.000165193 0.0107487 -0.0191955 0.000169832 -0.000366955 -0.0191955 0.0918486 
0.00935899 -0.0176154 -0.000172321 0.000193271 -0.0176154 0.088132 0.000192442 -0.000421749 -0.000172321 0.000192442 0.0107153 -0.0191892 0.000193271 -0.000421749 -0.0191892 0.0918089 
0.00937467 -0.0176236 -0.000165892 0.000212138 -0.0176236 0.0881293 0.00021351 -0.000494757 -0.000165892 0.00021351 0.0106886 -0.0191557 0.000212138 -0.000494757 -0.0191557 0.0917601 
0.00936906 -0.0176268 -0.000161196 0.000196938 -0.0176268 0.0881162 0.000197824 -0.000487936 -0.000161196 0.000197824 0.0106847 -0.0191459 0.000196938 -0.000487936 -0.0191459 0.0917554 
0.00932887 -0.017612 -0.000174486 0.000203027 -0.017612 0.0880774 0.000204243 -0.000501472 -0.000174486 0.000204243 0.0107087 -0.0191473 0.000203027 -0.000501472 -0.0191473 0.0917667 
0.00928952 -0.0175677 -0.000184023 0.000201106 -0.0175677 0.0880013 0.000201687 -0.000485322 -0.000184023 0.000201687 0.0107408 -0.0191771 0.000201106 -0.000485322 -0.0191771 0.0918233 
0.00930507 -0.0175186 -0.000202415 0.000232581 -0.0175186 0.0878818 0.000232523 -0.000551257 -0.000202415 0.000232523 0.010712 -0.019207 0.000232581 -0.000551257 -0.019207 0.091886 
0.00932225 -0.0175417 -0.000200497 0.000244552 -0.0175417 0.0878797 0.000245021 -0.000586825 -0.000200497 0.000245021 0.010729 -0.0191829 0.000244552 -0.000586825 -0.0191829 0.0918968 
0.00934643 -0.0175716 -0.000195725 0.000222082 -0.0175716 0.087946 0.000223329 -0.000543796 -0.000195725 0.000223329 0.0107323 -0.0191925 0.000222082 -0.000543796 -0.0191925 0.0918847 
0.00940498 -0.0175944 -0.000174327 0.000187989 -0.0175944 0.0880016 0.000187327 -0.000437981 -0.000174327 0.000187327 0.0106904 -0.0192057 0.000187989 -0.000437981 -0.0192057 0.0919146 
0.00944134 -0.0176598 -0.000153056 0.000155977 -0.0176598 0.0881162 0.000148212 -0.000328673 -0.000153056 0.000148212 0.0106606 -0.0191589 0.000155977 -0.000328673 -0.0191589 0.0918586 
0.00943657 -0.0177037 -0.000150373 0.000148503 -0.0177037 0.0882363 0.0001367 -0.000290032 -0.000150373 0.0001367 0.0106525 -0.0191121 0.000148503 -0.000290032 -0.0191121 0.0917327 
0.00940846 -0.0177176 -0.000174139 0.000186183 -0.0177176 0.0883254 0.000178074 -0.000384603 -0.000174139 0.000178074 0.0106544 -0.0190769 0.000186183 -0.000384603 -0.0190769 0.0915953 
0.0094131 -0.0177004 -0.000208814 0.000221606 -0.0177004 0.0883542 0.000222898 -0.000503254 -0.000208814 0.000222898 0.0106475 -0.0190768 0.000221606 -0.000503254 -0.0190768 0.0915485 
0.00942326 -0.0176765 -0.000229944 0.000247783 -0.0176765 0.0882741 0.00025676 -0.00058466 -0.000229944 0.00025676 0.0106089 -0.0190742 0.000247783 -0.00058466 -0.0190742 0.0915328 
0.0093814 -0.0176645 -0.000244625 0.000246262 -0.0176645 0.0881975 0.000256567 -0.000589147 -0.000244625 0.000256567 0.0106114 -0.0190438 0.000246262 -0.000589147 -0.0190438 0.0915005 
0.00932915 -0.0176073 -0.000247784 0.000248906 -0.0176073 0.0880778 0.000256346 -0.000570372 -0.000247784 0.000256346 0.0106396 -0.0190543 0.000248906 -0.000570372 -0.0190543 0.0915109 
0.00931751 -0.0175559 -0.000261466 0.000277281 -0.0175559 0.0879626 0.000281277 -0.000633253 -0.000261466 0.000281277 0.0106687 -0.0190882 0.000277281 -0.000633253 -0.0190882 0.0915797 
0.00935648 -0.0175305 -0.000230459 0.000298409 -0.0175305 0.0878555 0.000300304 -0.000695552 -0.000230459 0.000300304 0.0106459 -0.0191278 0.000298409 -0.000695552 -0.0191278 0.0916773 
0.00939336 -0.0175714 -0.000202273 0.000244009 -0.0175714 0.0878745 0.000242806 -0.000614466 -0.000202273 0.000242806 0.010626 -0.0191084 0.000244009 -0.000614466 -0.0191084 0.0916965 
0.00937481 -0.0176369 -0.000216074 0.000234956 -0.0176369 0.0880178 0.000230369 -0.000575298 -0.000216074 0.000230369 0.0106302 -0.0190607 0.000234956 -0.000575298 -0.0190607 0.0915887 
0.00937188 -0.0176242 -0.000221058 0.000238174 -0.0176242 0.0880744 0.000235183 -0.000549345 -0.000221058 0.000235183 0.0106191 -0.0190588 0.000238174 -0.000549345 -0.0190588 0.0915328 
0.00939646 -0.0176028 -0.000212108 0.000237137 -0.0176028 0.0880326 0.000238807 -0.00054303 -0.000212108 0.000238807 0.0105896 -0.0190711 0.000237137 -0.00054303 -0.0190711 0.0915733 
0.00940357 -0.0176168 -0.000220417 0.000238682 -0.0176168 0.0880137 0.000241644 -0.00056066 -0.000220417 0.000241644 0.0105917 -0.0190484 0.000238682 -0.00056066 -0.0190484 0.0915736 
0.00938543 -0.0176358 -0.000246353 0.000241598 -0.0176358 0.088056 0.000244519 -0.000564793 -0.000246353 0.000244519 0.0105922 -0.0190315 0.000241598 -0.000564793 -0.0190315 0.0915106 
0.00935043 -0.0176261 -0.000251161 0.00023768 -0.0176261 0.0880801 0.000241952 -0.000523918 -0.000251161 0.000241952 0.0106209 -0.0190223 0.00023768 -0.000523918 -0.0190223 0.09146 
0.00933562 -0.0175903 -0.00024617 0.000265284 -0.0175903 0.0880386 0.00026843 -0.000575282 -0.00024617 0.00026843 0.010661 -0.0190611 0.000265284 -0.000575282 -0.0190611 0.0915114 
0.00931273 -0.0175688 -0.000224921 0.000252151 -0.0175688 0.0879763 0.00025441 -0.000571311 -0.000224921 0.00025441 0.0106954 -0.0191118 0.000252151 -0.000571311 -0.0191118 0.091617 
0.00935519 -0.017533 -0.000198767 0.000236947 -0.017533 0.0878895 0.000237471 -0.000551948 -0.000198767 0.000237471 0.0106762 -0.0191709 0.000236947 -0.000551948 -0.0191709 0.0917785 
0.00941993 -0.0175844 -0.000162561 0.000185223 -0.0175844 0.0879302 0.000182549 -0.000436487 -0.000162561 0.000182549 0.0106295 -0.0191425 0.000185223 -0.000436487 -0.0191425 0.0917901 
0.00943114 -0.0176623 -0.000147745 0.000156068 -0.0176623 0.0880779 0.000148601 -0.000350737 -0.000147745 0.000148601 0.0106062 -0.0190836 0.000156068 -0.000350737 -0.0190836 0.0916828 
0.00943906 -0.0176751 -0.000148901 0.000151455 -0.0176751 0.0881716 0.00014368 -0.000326068 -0.000148901 0.00014368 0.0106197 -0.019078 0.000151455 -0.000326068 -0.019078 0.0916589 
0.00940962 -0.0176957 -0.000156331 0.000154463 -0.0176957 0.0882378 0.000148233 -0.000326528 -0.000156331 0.000148233 0.0106505 -0.0190692 0.000154463 -0.000326528 -0.0190692 0.091605 
0.00937822 -0.0176847 -0.000181881 0.000179603 -0.0176847 0.0882788 0.000172943 -0.000387163 -0.000181881 0.000172943 0.0106832 -0.0190869 0.000179603 -0.000387163 -0.0190869 0.0915875 
0.00935298 -0.0176506 -0.000201353 0.000209252 -0.0176506 0.0882411 0.000201612 -0.000453438 -0.000201353 0.000201612 0.0107173 -0.0191281 0.000209252 -0.000453438 -0.0191281 0.0916545 
0.00938576 -0.0176286 -0.000219547 0.000234055 -0.0176286 0.0882022 0.000230921 -0.000529102 -0.000219547 0.000230921 0.0107063 -0.0191735 0.000234055 -0.000529102 -0.0191735 0.0917618 
0.0093859 -0.0176533 -0.000227998 0.000228722 -0.0176533 0.088204 0.000233027 -0.000532932 -0.000227998 0.000233027 0.010708 -0.0191718 0.000228722 -0.000532932 -0.0191718 0.0918152 
0.00936365 -0.0176738 -0.000254506 0.000274153 -0.0176738 0.0882738 0.000284868 -0.000647187 -0.000254506 0.000284868 0.0107532 -0.0191686 0.000274153 -0.000647187 -0.0191686 0.0918208 
0.00929947 -0.0176312 -0.000240038 0.000280442 -0.0176312 0.0882139 0.00029308 -0.000679585 -0.000240038 0.00029308 0.0108342 -0.0192316 0.000280442 -0.000679585 -0.0192316 0.0919262 
0.00925089 -0.0175431 -0.000211 0.000249416 -0.0175431 0.0880289 0.000258608 -0.000622184 -0.000211 0.000258608 0.0108791 -0.0193375 0.000249416 -0.000622184 -0.0193375 0.0921502 
0.00921624 -0.0174895 -0.00017452 0.000210945 -0.0174895 0.08787 0.000214769 -0.000519768 -0.00017452 0.000214769 0.0108961 -0.0193904 0.000210945 -0.000519768 -0.0193904 0.0923305 
0.00924255 -0.0174563 -0.000144227 0.000185566 -0.0174563 0.0877686 0.000183699 -0.000447292 -0.000144227 0.000183699 0.0108695 -0.0193978 0.000185566 -0.000447292 -0.0193978 0.0923908 
0.00927906 -0.0174682 -0.000119248 0.000155564 -0.0174682 0.0877221 0.000150335 -0.000378032 -0.000119248 0.000150335 0.0108452 -0.0193759 0.000155564 -0.000378032 -0.0193759 0.0923834 
0.00935482 -0.0175168 -0.000110046 0.000103802 -0.0175168 0.0877903 9.66526e-05 -0.000247614 -0.000110046 9.66526e-05 0.010767 -0.0193272 0.000103802 -0.000247614 -0.0193272 0.0922629 
0.00940644 -0.0176058 -0.000139484 0.000122615 -0.0176058 0.0879616 0.000117889 -0.000255432 -0.000139484 0.000117889 0.0107306 -0.0192541 0.000122615 -0.000255432 -0.0192541 0.0921346 
0.00939705 -0.0176934 -0.000170831 0.000169957 -0.0176934 0.088204 0.000173679 -0.000360246 -0.000170831 0.000173679 0.0107366 -0.0191817 0.000169957 -0.000360246 -0.0191817 0.0919252 
0.00934169 -0.0176688 -0.00017976 0.000190681 -0.0176688 0.0882448 0.000201911 -0.000435813 -0.00017976 0.000201911 0.0107524 -0.0191911 0.000190681 -0.000435813 -0.0191911 0.0918553 
0.00930357 -0.0176154 -0.000150815 0.000196696 -0.0176154 0.0881822 0.000205998 -0.000464783 -0.000150815 0.000205998 0.0107472 -0.0192005 0.000196696 -0.000464783 -0.0192005 0.0918483 
0.00929507 -0.0175562 -0.000142295 0.000172908 -0.0175562 0.0880444 0.000171821 -0.000433347 -0.000142295 0.000171821 0.0107271 -0.0192097 0.000172908 -0.000433347 -0.0192097 0.0918881 
0.00931455 -0.0175525 -0.000182427 0.000203031 -0.0175525 0.087995 0.000199172 -0.000499808 -0.000182427 0.000199172 0.0107248 -0.019191 0.000203031 -0.000499808 -0.019191 0.0918902 
0.00936547 -0.0175666 -0.000204257 0.000224939 -0.0175666 0.0879858 0.000224933 -0.00053995 -0.000204257 0.000224933 0.010687 -0.0191835 0.000224939 -0.00053995 -0.0191835 0.091863 
0.00938816 -0.0176262 -0.000203296 0.000230878 -0.0176262 0.0880731 0.000235413 -0.00055122 -0.000203296 0.000235413 0.0106524 -0.0191324 0.000230878 -0.00055122 -0.0191324 0.0917666 
0.00936201 -0.0176668 -0.000204762 0.000248925 -0.0176668 0.088199 0.000256151 -0.000606964 -0.000204762 0.000256151 0.0106742 -0.0190807 0.000248925 -0.000606964 -0.0190807 0.0916307 
0.00932729 -0.0176213 -0.000211984 0.000217477 -0.0176213 0.0881576 0.000222771 -0.000544668 -0.000211984 0.000222771 0.0107005 -0.0191084 0.000217477 -0.000544668 -0.0191084 0.0916136 
0.00932033 -0.0175737 -0.00022612 0.000244385 -0.0175737 0.0880468 0.000249531 -0.000572916 -0.00022612 0.000249531 0.010726 -0.0191542 0.000244385 -0.000572916 -0.0191542 0.0917133 
0.00933122 -0.0175722 -0.000248267 0.000291587 -0.0175722 0.0880019 0.000296258 -0.000696731 -0.000248267 0.000296258 0.0107336 -0.0191755 0.000291587 -0.000696731 -0.0191755 0.0917785 
0.00937 -0.0175942 -0.000268619 0.000334299 -0.0175942 0.0880394 0.000335181 -0.000827056 -0.000268619 0.000335181 0.0107254 -0.0191931 0.000334299 -0.000827056 -0.0191931 0.091841 
0.00937746 -0.0176383 -0.000251375 0.000320777 -0.0176383 0.0881174 0.000318019 -0.000804872 -0.000251375 0.000318019 0.0107195 -0.0191719 0.000320777 -0.000804872 -0.0191719 0.0918091 
0.00940332 -0.0176246 -0.000210599 0.000275595 -0.0176246 0.0881048 0.000269874 -0.000692187 -0.000210599 0.000269874 0.0106679 -0.019181 0.000275595 -0.000692187 -0.019181 0.0918228 
0.00945119 -0.0176768 -0.000195057 0.000239372 -0.0176768 0.0882052 0.000229932 -0.00059641 -0.000195057 0.000229932 0.0106244 -0.0191136 0.000239372 -0.00059641 -0.0191136 0.0917264 
0.00942211 -0.0177271 -0.000187693 0.000195411 -0.0177271 0.0883183 0.000185072 -0.000459567 -0.000187693 0.000185072 0.0106532 -0.019056 0.000195411 -0.000459567 -0.019056 0.0915767 
0.00939392 -0.0176989 -0.000203714 0.000206603 -0.0176989 0.0883328 0.000200782 -0.000457486 -0.000203714 0.000200782 0.0106726 -0.0190872 0.000206603 -0.000457486 -0.0190872 0.0915606 
0.00936532 -0.0176513 -0.00023863 0.000255146 -0.0176513 0.0882297 0.000256656 -0.000577369 -0.00023863 0.000256656 0.0106946 -0.0191289 0.000255146 -0.000577369 -0.0191289 0.0916659 
0.00932773 -0.0175899 -0.00022802 0.000266081 -0.0175899 0.0880549 0.000273287 -0.000617599 -0.00022802 0.000273287 0.0107184 -0.0191774 0.000266081 -0.000617599 -0.0191774 0.0918142 
0.00934054 -0.0175773 -0.000213089 0.000267342 -0.0175773 0.0880097 0.00027438 -0.000650013 -0.000213089 0.00027438 0.0107019 -0.01918 0.000267342 -0.000650013 -0.01918 0.0918467 
0.00934035 -0.0175752 -0.000186228 0.000213188 -0.0175752 0.0879701 0.000213999 -0.000526984 -0.000186228 0.000213999 0.0106873 -0.0191619 0.000213188 -0.000526984 -0.0191619 0.0918227 
0.00934675 -0.0175777 -0.000168337 0.000159483 -0.0175777 0.0879739 0.000155373 -0.00035765 -0.000168337 0.000155373 0.0106922 -0.0191545 0.000159483 -0.00035765 -0.0191545 0.0918124 
0.00933295 -0.0175752 -0.000188458 0.000170093 -0.0175752 0.0879567 0.000163209 -0.000340273 -0.000188458 0.000163209 0.0107196 -0.0191649 0.000170093 -0.000340273 -0.0191649 0.0918273 
0.00936165 -0.0175675 -0.000203575 0.000216717 -0.0175675 0.0879459 0.000210653 -0.000439732 -0.000203575 0.000210653 0.010705 -0.0191904 0.000216717 -0.000439732 -0.0191904 0.0918657 
0.00935602 -0.0176192 -0.000237348 0.000252935 -0.0176192 0.088035 0.000247448 -0.000562325 -0.000237348 0.000247448 0.0107154 -0.0191515 0.000252935 -0.000562325 -0.0191515 0.0917981 
0.00933484 -0.0176271 -0.000275892 0.000289938 -0.0176271 0.0881103 0.000283591 -0.000659603 -0.000275892 0.000283591 0.0107215 -0.0191457 0.000289938 -0.000659603 -0.0191457 0.0917267 
0.00930672 -0.0175848 -0.000264679 0.000298079 -0.0175848 0.0880521 0.000294427 -0.000674998 -0.000264679 0.000294427 0.010731 -0.0191709 0.000298079 -0.000674998 -0.0191709 0.0917646 
0.00931005 -0.0175499 -0.000255781 0.000286237 -0.0175499 0.0879751 0.000282882 -0.000667443 -0.000255781 0.000282882 0.0107432 -0.0192001 0.000286237 -0.000667443 -0.0192001 0.0918552 
0.00933208 -0.0175311 -0.000241959 0.000263179 -0.0175311 0.0878771 0.00025931 -0.000609713 -0.000241959 0.00025931 0.0107159 -0.01921 0.000263179 -0.000609713 -0.01921 0.091891 
0.00936872 -0.0175535 -0.000214823 0.000243219 -0.0175535 0.0878694 0.00024038 -0.000550908 -0.000214823 0.00024038 0.0106471 -0.0191691 0.000243219 -0.000550908 -0.0191691 0.0918268 
0.00941021 -0.0176162 -0.000197403 0.000239496 -0.0176162 0.0879975 0.00024093 -0.000557829 -0.000197403 0.00024093 0.0105811 -0.0190791 0.000239496 -0.000557829 -0.0190791 0.0916527 
0.00945256 -0.0176528 -0.00016583 0.000196687 -0.0176528 0.0881012 0.000200381 -0.000476044 -0.00016583 0.000200381 0.0105338 -0.0190172 0.000196687 -0.000476044 -0.0190172 0.0915027 
0.00951069 -0.0177076 -0.000140818 0.000169429 -0.0177076 0.0882281 0.000171779 -0.000408413 -0.000140818 0.000171779 0.0104827 -0.0189543 0.000169429 -0.000408413 -0.0189543 0.0913404 
0.00952731 -0.0177728 -0.000133976 0.000130024 -0.0177728 0.0883704 0.000129518 -0.000308697 -0.000133976 0.000129518 0.0104477 -0.018882 0.000130024 -0.000308697 -0.018882 0.0911462 
0.00949321 -0.0177977 -0.000180023 0.000151885 -0.0177977 0.0884713 0.000152236 -0.000337589 -0.000180023 0.000152236 0.0104573 -0.0188261 0.000151885 -0.000337589 -0.0188261 0.0909654 
0.00944214 -0.017769 -0.000226004 0.000203971 -0.017769 0.0884761 0.000207501 -0.000431433 -0.000226004 0.000207501 0.0104979 -0.0188283 0.000203971 -0.000431433 -0.0188283 0.0908939 
0.00940851 -0.0176743 -0.000232912 0.000257598 -0.0176743 0.0882786 0.000260445 -0.000557265 -0.000232912 0.000260445 0.0105349 -0.0189099 0.000257598 -0.000557265 -0.0189099 0.0910481 
0.00936202 -0.0176315 -0.000235612 0.000269222 -0.0176315 0.0881165 0.000267171 -0.00062323 -0.000235612 0.000267171 0.0105806 -0.0189552 0.000269222 -0.00062323 -0.0189552 0.0911939 
0.00934844 -0.0175573 -0.000231875 0.000260476 -0.0175573 0.0879213 0.000253374 -0.000611022 -0.000231875 0.000253374 0.0105843 -0.0190263 0.000260476 -0.000611022 -0.0190263 0.0913778 
0.00939151 -0.0175362 -0.00019486 0.000219566 -0.0175362 0.087809 0.000213939 -0.000499396 -0.00019486 0.000213939 0.0105557 -0.0190434 0.000219566 -0.000499396 -0.0190434 0.0915001 
0.0094435 -0.0176013 -0.000176965 0.000199456 -0.0176013 0.0878855 0.000194907 -0.000450894 -0.000176965 0.000194907 0.010507 -0.0189944 0.000199456 -0.000450894 -0.0189944 0.0914444 
0.00948353 -0.0176879 -0.000180944 0.00017795 -0.0176879 0.0881029 0.000175359 -0.000402291 -0.000180944 0.000175359 0.0104938 -0.0189347 0.00017795 -0.000402291 -0.0189347 0.0913224 
0.00952245 -0.0177435 -0.000177749 0.00018201 -0.0177435 0.0882888 0.000180023 -0.000388031 -0.000177749 0.000180023 0.0104719 -0.0189128 0.00018201 -0.000388031 -0.0189128 0.0912265 
0.00953317 -0.017795 -0.000171203 0.000173402 -0.017795 0.0884418 0.000172373 -0.000371097 -0.000171203 0.000172373 0.010482 -0.0188854 0.000173402 -0.000371097 -0.0188854 0.0911491 
0.00953037 -0.0177763 -0.000179172 0.000163877 -0.0177763 0.0884319 0.000166583 -0.000356673 -0.000179172 0.000166583 0.01047 -0.0189114 0.000163877 -0.000356673 -0.0189114 0.0911667 
0.00948807 -0.0177782 -0.000212861 0.000187595 -0.0177782 0.0884248 0.000190881 -0.000401316 -0.000212861 0.000190881 0.0104811 -0.0188878 0.000187595 -0.000401316 -0.0188878 0.0911362 
0.00946537 -0.0177343 -0.000235541 0.000261277 -0.0177343 0.0883597 0.000259769 -0.000562862 -0.000235541 0.000259769 0.0105154 -0.0188959 0.000261277 -0.000562862 -0.0188959 0.0911328 
0.00944212 -0.017684 -0.000230338 0.000252035 -0.017684 0.0882136 0.000246507 -0.000578896 -0.000230338 0.000246507 0.0105445 -0.0189411 0.000252035 -0.000578896 -0.0189411 0.0912008 
0.00944471 -0.0176644 -0.000203252 0.000220689 -0.0176644 0.0881373 0.000214621 -0.000499927 -0.000203252 0.000214621 0.010533 -0.0189687 0.000220689 -0.000499927 -0.0189687 0.0912646 
0.00946168 -0.0176593 -0.000178314 0.000199025 -0.0176593 0.0880948 0.000193197 -0.00044582 -0.000178314 0.000193197 0.0105048 -0.0189642 0.000199025 -0.00044582 -0.0189642 0.0912933 
0.00946032 -0.0176723 -0.000154247 0.000156188 -0.0176723 0.0880929 0.000150944 -0.000344544 -0.000154247 0.000150944 0.0104697 -0.0189211 0.000156188 -0.000344544 -0.0189211 0.0912126 
0.00946582 -0.0176719 -0.000135884 0.000133259 -0.0176719 0.0881004 0.000130903 -0.000275827 -0.000135884 0.000130903 0.0104291 -0.0188744 0.000133259 -0.000275827 -0.0188744 0.0910982 
0.009478 -0.0176898 -0.000142255 0.000135846 -0.0176898 0.088146 0.000137201 -0.000283527 -0.000142255 0.000137201 0.010427 -0.0188342 0.000135846 -0.000283527 -0.0188342 0.0910166 
0.00948217 -0.0176991 -0.000166644 0.000150564 -0.0176991 0.0881695 0.000156755 -0.000326213 -0.000166644 0.000156755 0.0104292 -0.0188355 0.000150564 -0.000326213 -0.0188355 0.0909913 
0.00950251 -0.0177184 -0.000175854 0.000176632 -0.0177184 0.0882251 0.000186684 -0.000385404 -0.000175854 0.000186684 0.0104305 -0.0188331 0.000176632 -0.000385404 -0.0188331 0.0909832 
0.009491 -0.0177332 -0.000172105 0.000159823 -0.0177332 0.0882601 0.00017068 -0.000358723 -0.000172105 0.00017068 0.0104348 -0.0188398 0.000159823 -0.000358723 -0.0188398 0.090994 
0.00945229 -0.0177268 -0.000206788 0.000172019 -0.0177268 0.0882756 0.000181151 -0.000378709 -0.000206788 0.000181151 0.0104721 -0.0188391 0.000172019 -0.000378709 -0.0188391 0.0909916 
0.00943135 -0.0176666 -0.000204876 0.000180426 -0.0176666 0.0881724 0.000186761 -0.000358066 -0.000204876 0.000186761 0.0104991 -0.0189007 0.000180426 -0.000358066 -0.0189007 0.0911043 
0.00944991 -0.0176548 -0.000215295 0.000253766 -0.0176548 0.088113 0.000255165 -0.000544708 -0.000215295 0.000255165 0.0104976 -0.0189243 0.000253766 -0.000544708 -0.0189243 0.0911922 
0.0094559 -0.0176751 -0.000200793 0.000237732 -0.0176751 0.0881255 0.000230196 -0.000553076 -0.000200793 0.000230196 0.0105161 -0.0189348 0.000237732 -0.000553076 -0.0189348 0.0912547 
0.00945885 -0.0176808 -0.000194884 0.000221863 -0.0176808 0.0881457 0.000207132 -0.000514503 -0.000194884 0.000207132 0.0105592 -0.0189694 0.000221863 -0.000514503 -0.0189694 0.0913462 
0.00946797 -0.0176785 -0.000171965 0.000176633 -0.0176785 0.0881432 0.000159279 -0.000382048 -0.000171965 0.000159279 0.0105883 -0.019031 0.000176633 -0.000382048 -0.019031 0.0914866 
0.00949916 -0.0177078 -0.000168391 0.000156788 -0.0177078 0.08821 0.00014198 -0.000309551 -0.000168391 0.00014198 0.0105816 -0.0190596 0.000156788 -0.000309551 -0.0190596 0.0915813 
0.00951938 -0.017741 -0.000180078 0.000160334 -0.017741 0.0882821 0.000153828 -0.000308759 -0.000180078 0.000153828 0.0105422 -0.0190437 0.000160334 -0.000308759 -0.0190437 0.0915758 
0.00951787 -0.0177676 -0.000194223 0.000172392 -0.0177676 0.0883602 0.000177102 -0.000342886 -0.000194223 0.000177102 0.0105228 -0.0189949 0.000172392 -0.000342886 -0.0189949 0.09149 
0.00950909 -0.0177577 -0.000194038 0.000177837 -0.0177577 0.0883675 0.000188032 -0.000366295 -0.000194038 0.000188032 0.0105069 -0.0189692 0.000177837 -0.000366295 -0.0189692 0.0914019 
0.00951849 -0.0177605 -0.000202556 0.000198692 -0.0177605 0.0883837 0.00020908 -0.000433589 -0.000202556 0.00020908 0.0104759 -0.018931 0.000198692 -0.000433589 -0.018931 0.0912858 
0.00950241 -0.0177564 -0.000204828 0.000199088 -0.0177564 0.088364 0.000205604 -0.000442247 -0.000204828 0.000205604 0.01046 -0.0189023 0.000199088 -0.000442247 -0.0189023 0.0912052 
0.0094938 -0.0177587 -0.000205692 0.000200853 -0.0177587 0.0883899 0.000204135 -0.000439764 -0.000205692 0.000204135 0.0104439 -0.0188554 0.000200853 -0.000439764 -0.0188554 0.0910635 
0.0095211 -0.0177306 -0.00019445 0.000209979 -0.0177306 0.0883336 0.000208193 -0.00045127 -0.00019445 0.000208193 0.0104207 -0.0188543 0.000209979 -0.00045127 -0.0188543 0.0910354 
0.00957693 -0.0177712 -0.000185456 0.00020682 -0.0177712 0.0883782 0.000204652 -0.000463634 -0.000185456 0.000204652 0.010386 -0.0188272 0.00020682 -0.000463634 -0.0188272 0.0909935 
0.00960749 -0.0178154 -0.000184193 0.000192994 -0.0178154 0.0884409 0.000191872 -0.000445762 -0.000184193 0.000191872 0.0103721 -0.0188047 0.000192994 -0.000445762 -0.0188047 0.0909602 
0.00959889 -0.0178521 -0.000197065 0.000178959 -0.0178521 0.0885223 0.000181639 -0.00040621 -0.000197065 0.000181639 0.0103581 -0.0187667 0.000178959 -0.00040621 -0.0187667 0.0908519 
0.00956683 -0.0178393 -0.000185776 0.000182015 -0.0178393 0.0885314 0.000188759 -0.000390047 -0.000185776 0.000188759 0.0103541 -0.0187409 0.000182015 -0.000390047 -0.0187409 0.0907538 
0.00952432 -0.017807 -0.000178193 0.00018216 -0.017807 0.088485 0.000186766 -0.00040482 -0.000178193 0.000186766 0.0103844 -0.0187243 0.00018216 -0.00040482 -0.0187243 0.090677 
0.00949602 -0.0177129 -0.000158532 0.000154213 -0.0177129 0.0882642 0.000152547 -0.000340527 -0.000158532 0.000152547 0.0104102 -0.0187991 0.000154213 -0.000340527 -0.0187991 0.0908113 
