0.00666481 0 0.000494037 0 0 0.01 0 0 0.000494037 0 0.00792472 0 0 0 0 0.01 
0.00952298 -0.0118403 0.000592815 -0.000723001 -0.0118403 0.0318774 -0.000723001 0.00138674 0.000592815 -0.000723001 0.0110485 -0.0137068 -0.000723001 0.00138674 -0.0137068 0.0354564 
0.00962472 -0.018279 0.000491265 -0.000750186 -0.018279 0.0676677 -0.000750186 0.00234397 0.000491265 -0.000750186 0.0110122 -0.0203523 -0.000750186 0.00234397 -0.0203523 0.0741859 
0.00904898 -0.0181519 0.000455817 -0.000497608 -0.0181519 0.0823376 -0.000486987 0.00152397 0.000455817 -0.000486987 0.0104511 -0.0198102 -0.000497608 0.00152397 -0.0198102 0.0876185 
0.00895056 -0.0174567 0.00049811 -0.000503373 -0.0174567 0.085963 -0.000477923 0.00112483 0.00049811 -0.000477923 0.0104943 -0.0191117 -0.000503373 0.00112483 -0.0191117 0.0902011 
0.00910108 -0.0172601 0.000501518 -0.000572314 -0.0172601 0.0868276 -0.000540255 0.00118101 0.000501518 -0.000540255 0.0106529 -0.0191114 -0.000572314 0.00118101 -0.0191114 0.0911245 
0.0092453 -0.0173402 0.000460112 -0.000560332 -0.0173402 0.0872113 -0.000535884 0.00123425 0.000460112 -0.000535884 0.0107265 -0.0192152 -0.000560332 0.00123425 -0.0192152 0.0917225 
0.00937741 -0.0174675 0.000407715 -0.000529402 -0.0174675 0.0875281 -0.000519767 0.00125264 0.000407715 -0.000519767 0.0106783 -0.0192126 -0.000529402 0.00125264 -0.0192126 0.0918955 
0.00939896 -0.0176305 0.000409162 -0.00049318 -0.0176305 0.0878921 -0.0004959 0.00124351 0.000409162 -0.0004959 0.0106544 -0.0190917 -0.00049318 0.00124351 -0.0190917 0.0916862 
0.00937167 -0.0176759 0.000431207 -0.000472625 -0.0176759 0.0881362 -0.00047993 0.0011811 0.000431207 -0.00047993 0.0106769 -0.0190477 -0.000472625 0.0011811 -0.0190477 0.0914891 
0.0093437 -0.0176389 0.000452504 -0.000499395 -0.0176389 0.0881502 -0.000505431 0.00119911 0.000452504 -0.000505431 0.0106975 -0.0190835 -0.000499395 0.00119911 -0.0190835 0.0914823 
0.00932513 -0.0175876 0.000452062 -0.000507856 -0.0175876 0.0880474 -0.000510112 0.00120395 0.000452062 -0.000510112 0.010714 -0.0191397 -0.000507856 0.00120395 -0.0191397 0.0916206 
0.0093179 -0.0175557 0.000442133 -0.000515936 -0.0175557 0.087939 -0.000512455 0.00121919 0.000442133 -0.000512455 0.0107097 -0.0191625 -0.000515936 0.00121919 -0.0191625 0.0917149 
0.00934772 -0.0175541 0.000413767 -0.000490265 -0.0175541 0.0879138 -0.000486734 0.00117082 0.000413767 -0.000486734 0.0106785 -0.019156 -0.000490265 0.00117082 -0.019156 0.0917349 
0.0093751 -0.0175803 0.000411878 -0.000475085 -0.0175803 0.0879409 -0.000476691 0.00115362 0.000411878 -0.000476691 0.0106872 -0.0191453 -0.000475085 0.00115362 -0.0191453 0.0917642 
0.00943734 -0.0176433 0.000398266 -0.000466513 -0.0176433 0.0880919 -0.000472522 0.00113184 0.000398266 -0.000472522 0.0106608 -0.0191307 -0.000466513 0.00113184 -0.0191307 0.091712 
0.00944822 -0.0177203 0.000376 -0.000436746 -0.0177203 0.0882721 -0.000444669 0.00106486 0.000376 -0.000444669 0.010645 -0.0190953 -0.000436746 0.00106486 -0.0190953 0.0916339 
0.00944943 -0.0177328 0.000375307 -0.000436998 -0.0177328 0.0883663 -0.000444686 0.00106679 0.000375307 -0.000444686 0.0106255 -0.0190808 -0.000436998 0.00106679 -0.0190808 0.0915926 
0.00941522 -0.0177145 0.000376216 -0.000434998 -0.0177145 0.0883409 -0.000440948 0.00105878 0.000376216 -0.000440948 0.010653 -0.01908 -0.000434998 0.00105878 -0.01908 0.0916119 
0.0093988 -0.0176607 0.000374127 -0.000412562 -0.0176607 0.0882284 -0.000413788 0.000992903 0.000374127 -0.000413788 0.0106634 -0.0191172 -0.000412562 0.000992903 -0.0191172 0.0916763 
0.00938434 -0.0176343 0.000372591 -0.000403335 -0.0176343 0.0881311 -0.00040061 0.000938968 0.000372591 -0.00040061 0.0106869 -0.0191467 -0.000403335 0.000938968 -0.0191467 0.0917792 
0.00941512 -0.0176241 0.000355219 -0.000417665 -0.0176241 0.0880878 -0.000411122 0.00095457 0.000355219 -0.000411122 0.0106591 -0.0191639 -0.000417665 0.00095457 -0.0191639 0.0918287 
0.00945639 -0.0176762 0.000343214 -0.000416965 -0.0176762 0.0881705 -0.000409704 0.000985451 0.000343214 -0.000409704 0.010625 -0.0191161 -0.000416965 0.000985451 -0.0191161 0.0917585 
0.00947035 -0.0177601 0.000356028 -0.000430936 -0.0177601 0.0883862 -0.000426046 0.00104907 0.000356028 -0.000426046 0.0106305 -0.0190497 -0.000430936 0.00104907 -0.0190497 0.0915933 
0.00946344 -0.0177804 0.000374808 -0.000428707 -0.0177804 0.0885143 -0.000428558 0.00105738 0.000374808 -0.000428558 0.0106453 -0.0190516 -0.000428707 0.00105738 -0.0190516 0.0915131 
0.00946407 -0.0177548 0.000388467 -0.000425884 -0.0177548 0.0884993 -0.000433592 0.00103867 0.000388467 -0.000433592 0.0106745 -0.0191019 -0.000425884 0.00103867 -0.0191019 0.0916113 
0.00946041 -0.0177581 0.00039524 -0.000446498 -0.0177581 0.0884902 -0.0004613 0.00107808 0.00039524 -0.0004613 0.0107027 -0.0191406 -0.000446498 0.00107808 -0.0191406 0.0917249 
0.00944629 -0.0177536 0.000383353 -0.000466871 -0.0177536 0.0884811 -0.000481236 0.00114076 0.000383353 -0.000481236 0.0107091 -0.0191738 -0.000466871 0.00114076 -0.0191738 0.0918203 
0.00941663 -0.0177375 0.000378908 -0.000451789 -0.0177375 0.0884571 -0.000455229 0.00112707 0.000378908 -0.000455229 0.0107269 -0.0191812 -0.000451789 0.00112707 -0.0191812 0.091866 
0.00938712 -0.0177231 0.000410831 -0.000475583 -0.0177231 0.088445 -0.000466433 0.00116151 0.000410831 -0.000466433 0.010747 -0.0191715 -0.000475583 0.00116151 -0.0191715 0.0918277 
0.00933162 -0.0176635 0.000438661 -0.000505754 -0.0176635 0.0883069 -0.000493601 0.0012089 0.000438661 -0.000493601 0.0107716 -0.0191994 -0.000505754 0.0012089 -0.0191994 0.0918558 
0.00933866 -0.0175809 0.000428104 -0.000523092 -0.0175809 0.0880999 -0.000516005 0.00124813 0.000428104 -0.000516005 0.0107477 -0.0192376 -0.000523092 0.00124813 -0.0192376 0.0919404 
0.00937042 -0.0176029 0.000404539 -0.000513251 -0.0176029 0.0880618 -0.000512049 0.00125915 0.000404539 -0.000512049 0.0107006 -0.019188 -0.000513251 0.00125915 -0.019188 0.0918719 
0.00938013 -0.0176363 0.000401687 -0.000501497 -0.0176363 0.088103 -0.000499693 0.00125584 0.000401687 -0.000499693 0.0106761 -0.0191306 -0.000501497 0.00125584 -0.0191306 0.091744 
0.00939623 -0.0176318 0.000368752 -0.000458519 -0.0176318 0.0881092 -0.000455788 0.00114381 0.000368752 -0.000455788 0.0106584 -0.0191305 -0.000458519 0.00114381 -0.0191305 0.0917241 
0.00942538 -0.0176584 0.00034796 -0.000413989 -0.0176584 0.0881637 -0.000411552 0.00102509 0.00034796 -0.000411552 0.0106585 -0.0191157 -0.000413989 0.00102509 -0.0191157 0.0917113 
0.00942438 -0.0177184 0.000361011 -0.000419121 -0.0177184 0.0883052 -0.000416753 0.00101424 0.000361011 -0.000416753 0.0106856 -0.0190899 -0.000419121 0.00101424 -0.0190899 0.091636 
0.00943685 -0.0177263 0.000378264 -0.000442038 -0.0177263 0.0883913 -0.000438973 0.00105907 0.000378264 -0.000438973 0.0107022 -0.0191251 -0.000442038 0.00105907 -0.0191251 0.0916653 
0.00943072 -0.0177085 0.000379243 -0.000431972 -0.0177085 0.0883451 -0.000427454 0.00103025 0.000379243 -0.000427454 0.0107019 -0.0191663 -0.000431972 0.00103025 -0.0191663 0.0917699 
0.00940245 -0.0176803 0.000375863 -0.00044009 -0.0176803 0.0882511 -0.000434754 0.00103571 0.000375863 -0.000434754 0.0106871 -0.0191736 -0.00044009 0.00103571 -0.0191736 0.091832 
0.00934334 -0.0176449 0.000389612 -0.000422235 -0.0176449 0.0881664 -0.000418433 0.00100148 0.000389612 -0.000418433 0.0107067 -0.0191652 -0.000422235 0.00100148 -0.0191652 0.0918505 
0.00932524 -0.0175852 0.000400124 -0.000457735 -0.0175852 0.088053 -0.000456144 0.00106183 0.000400124 -0.000456144 0.0107093 -0.0191769 -0.000457735 0.00106183 -0.0191769 0.0918645 
0.00932446 -0.0175483 0.000400856 -0.00045516 -0.0175483 0.0879279 -0.000456244 0.00108093 0.000400856 -0.000456244 0.0107252 -0.0191889 -0.00045516 0.00108093 -0.0191889 0.0918993 
0.00932556 -0.0175521 0.000416105 -0.000486896 -0.0175521 0.0878859 -0.000489191 0.00116986 0.000416105 -0.000489191 0.0107251 -0.0191936 -0.000486896 0.00116986 -0.0191936 0.0919021 
0.00929873 -0.0175587 0.000417595 -0.000480385 -0.0175587 0.0878973 -0.000485528 0.00117176 0.000417595 -0.000485528 0.0107666 -0.019206 -0.000480385 0.00117176 -0.019206 0.0919405 
0.00930178 -0.0175507 0.000406975 -0.000485169 -0.0175507 0.0879191 -0.000488665 0.00117606 0.000406975 -0.000488665 0.0107593 -0.0192253 -0.000485169 0.00117606 -0.0192253 0.0919443 
0.00934885 -0.0175528 0.000374597 -0.000490059 -0.0175528 0.0879239 -0.000487661 0.00119917 0.000374597 -0.000487661 0.0107171 -0.0192153 -0.000490059 0.00119917 -0.0192153 0.0919337 
0.00942602 -0.0176079 0.000345854 -0.000434457 -0.0176079 0.0880168 -0.000429199 0.00110052 0.000345854 -0.000429199 0.0106663 -0.0191749 -0.000434457 0.00110052 -0.0191749 0.0918744 
0.00948345 -0.0177243 0.000334096 -0.000400261 -0.0177243 0.0882724 -0.000399299 0.00100545 0.000334096 -0.000399299 0.0106372 -0.0190935 -0.000400261 0.00100545 -0.0190935 0.0916864 
0.00950503 -0.0177956 0.00033894 -0.000402232 -0.0177956 0.0884881 -0.000405659 0.00099337 0.00033894 -0.000405659 0.0105854 -0.0190304 -0.000402232 0.00099337 -0.0190304 0.0914622 
0.00949841 -0.0178006 0.000323854 -0.000395925 -0.0178006 0.0885521 -0.000399054 0.000968752 0.000323854 -0.000399054 0.0105427 -0.0189928 -0.000395925 0.000968752 -0.0189928 0.0913547 
0.00946867 -0.01779 0.000327575 -0.000383422 -0.01779 0.0885456 -0.000384595 0.000942556 0.000327575 -0.000384595 0.0105265 -0.0189306 -0.000383422 0.000942556 -0.0189306 0.0912089 
0.00943168 -0.0177031 0.00032221 -0.000371101 -0.0177031 0.0883453 -0.00037137 0.000895995 0.00032221 -0.00037137 0.0105592 -0.0189618 -0.000371101 0.000895995 -0.0189618 0.0912665 
0.00942158 -0.0176541 0.000335656 -0.000383561 -0.0176541 0.0881668 -0.000383846 0.000919903 0.000335656 -0.000383846 0.0105617 -0.0189929 -0.000383561 0.000919903 -0.0189929 0.0913354 
0.00941967 -0.0176555 0.000330751 -0.000406922 -0.0176555 0.0881147 -0.00040813 0.000974759 0.000330751 -0.00040813 0.010546 -0.0189808 -0.000406922 0.000974759 -0.0189808 0.0913333 
0.00944706 -0.0176832 0.000321855 -0.000396994 -0.0176832 0.0881892 -0.000400504 0.000983239 0.000321855 -0.000400504 0.0105051 -0.0189363 -0.000396994 0.000983239 -0.0189363 0.0912258 
0.00945608 -0.0177147 0.00032099 -0.000377397 -0.0177147 0.0882728 -0.0003855 0.000949587 0.00032099 -0.0003855 0.0104944 -0.0188901 -0.000377397 0.000949587 -0.0188901 0.0911109 
0.0094785 -0.0177309 0.000336762 -0.000382767 -0.0177309 0.0883375 -0.000391341 0.00094832 0.000336762 -0.000391341 0.0104628 -0.0188678 -0.000382767 0.00094832 -0.0188678 0.0910178 
0.00948446 -0.0177612 0.000362474 -0.000426716 -0.0177612 0.0884112 -0.00043497 0.00104393 0.000362474 -0.00043497 0.010465 -0.0188365 -0.000426716 0.00104393 -0.0188365 0.0909546 
0.00947203 -0.0177514 0.000379662 -0.000451944 -0.0177514 0.0884052 -0.000459707 0.00111603 0.000379662 -0.000459707 0.0105012 -0.0188552 -0.000451944 0.00111603 -0.0188552 0.0909773 
0.00940648 -0.0177176 0.000381298 -0.000445264 -0.0177176 0.0883179 -0.000450466 0.0011024 0.000381298 -0.000450466 0.0105598 -0.0189011 -0.000445264 0.0011024 -0.0189011 0.0910552 
0.00937615 -0.0176312 0.000364222 -0.000436399 -0.0176312 0.0881435 -0.000434789 0.00106119 0.000364222 -0.000434789 0.0105646 -0.0189866 -0.000436399 0.00106119 -0.0189866 0.0912434 
0.0093818 -0.0175934 0.000334697 -0.00041091 -0.0175934 0.0880051 -0.000404502 0.000991341 0.000334697 -0.000404502 0.0105386 -0.018998 -0.00041091 0.000991341 -0.018998 0.0913548 
0.00940132 -0.0175903 0.000308848 -0.000387617 -0.0175903 0.0879358 -0.000379914 0.000939302 0.000308848 -0.000379914 0.0104961 -0.0189631 -0.000387617 0.000939302 -0.0189631 0.0913307 
0.00942159 -0.0176148 0.000302315 -0.000378423 -0.0176148 0.0879471 -0.000370308 0.000924173 0.000302315 -0.000370308 0.0104346 -0.0188892 -0.000378423 0.000924173 -0.0188892 0.0911672 
0.00944805 -0.0176385 0.00030992 -0.000365875 -0.0176385 0.0879972 -0.000361302 0.000899032 0.00030992 -0.000361302 0.010403 -0.0188208 -0.000365875 0.000899032 -0.0188208 0.091004 
0.00945127 -0.0176673 0.000315465 -0.000377524 -0.0176673 0.0880541 -0.00038059 0.000920327 0.000315465 -0.00038059 0.010396 -0.0187783 -0.000377524 0.000920327 -0.0187783 0.0908652 
0.00947007 -0.0176497 0.000285389 -0.00034569 -0.0176497 0.0880288 -0.000352221 0.000848013 0.000285389 -0.000352221 0.0103823 -0.0187873 -0.00034569 0.000848013 -0.0187873 0.0908427 
0.00947323 -0.0176559 0.000271238 -0.000310533 -0.0176559 0.0880033 -0.00031438 0.000760614 0.000271238 -0.00031438 0.0103898 -0.0187896 -0.000310533 0.000760614 -0.0187896 0.0908705 
0.00949297 -0.017691 0.00026208 -0.000296945 -0.017691 0.0880915 -0.000296436 0.000700984 0.00026208 -0.000296436 0.0103701 -0.0187682 -0.000296945 0.000700984 -0.0187682 0.0908039 
0.0095044 -0.0177046 0.000232492 -0.000282806 -0.0177046 0.0881417 -0.000277541 0.000654148 0.000232492 -0.000277541 0.0103617 -0.0187612 -0.000282806 0.000654148 -0.0187612 0.090789 
0.00953339 -0.0177739 0.0002226 -0.00027886 -0.0177739 0.0883427 -0.000272492 0.000664269 0.0002226 -0.000272492 0.0103511 -0.018712 -0.00027886 0.000664269 -0.018712 0.0906624 
0.00953817 -0.0178145 0.000251699 -0.000282636 -0.0178145 0.0885 -0.000278946 0.000696237 0.000251699 -0.000278946 0.0103604 -0.0187071 -0.000282636 0.000696237 -0.0187071 0.0906132 
0.00954271 -0.0178529 0.000290353 -0.00034578 -0.0178529 0.0886554 -0.000345622 0.000837668 0.000290353 -0.000345622 0.0103414 -0.0186903 -0.00034578 0.000837668 -0.0186903 0.090545 
0.00951728 -0.0178358 0.000304506 -0.000354463 -0.0178358 0.0886633 -0.000356624 0.000878474 0.000304506 -0.000356624 0.0103548 -0.0186905 -0.000354463 0.000878474 -0.0186905 0.0905476 
0.00946219 -0.0177731 0.000293319 -0.000351644 -0.0177731 0.08852 -0.000352795 0.000859527 0.000293319 -0.000352795 0.0103801 -0.0187206 -0.000351644 0.000859527 -0.0187206 0.0906094 
0.00943213 -0.0176937 0.00027788 -0.000342151 -0.0176937 0.0883177 -0.000340116 0.000836903 0.00027788 -0.000340116 0.0104001 -0.0187587 -0.000342151 0.000836903 -0.0187587 0.0907103 
0.00940655 -0.0176263 0.000285161 -0.000304218 -0.0176263 0.0880848 -0.000300215 0.000743061 0.000285161 -0.000300215 0.0104154 -0.0187958 -0.000304218 0.000743061 -0.0187958 0.0908194 
0.00943575 -0.0176077 0.000287538 -0.000316591 -0.0176077 0.0879821 -0.000314125 0.000726026 0.000287538 -0.000314125 0.0104077 -0.0188128 -0.000316591 0.000726026 -0.0188128 0.0908944 
0.00944381 -0.017647 0.000300679 -0.000335291 -0.017647 0.0880053 -0.000335093 0.000776731 0.000300679 -0.000335093 0.0104074 -0.0187925 -0.000335291 0.000776731 -0.0187925 0.0908744 
0.00939772 -0.0176439 0.000331213 -0.000349088 -0.0176439 0.088008 -0.000352316 0.000822221 0.000331213 -0.000352316 0.0104414 -0.0188087 -0.000349088 0.000822221 -0.0188087 0.0909042 
0.00939935 -0.0176086 0.000339765 -0.000391917 -0.0176086 0.087987 -0.000400272 0.00092094 0.000339765 -0.000400272 0.0104811 -0.0188576 -0.000391917 0.00092094 -0.0188576 0.0910132 
0.00939777 -0.0176072 0.000355165 -0.00041925 -0.0176072 0.0879554 -0.000426722 0.00102823 0.000355165 -0.000426722 0.010504 -0.0189006 -0.00041925 0.00102823 -0.0189006 0.0911194 
0.00940509 -0.0176057 0.000337884 -0.000410832 -0.0176057 0.0879474 -0.000413088 0.00101817 0.000337884 -0.000413088 0.0105179 -0.0189331 -0.000410832 0.00101817 -0.0189331 0.0912144 
0.00941858 -0.0176626 0.000359153 -0.000430145 -0.0176626 0.0880967 -0.000425051 0.0010754 0.000359153 -0.000425051 0.0105374 -0.018922 -0.000430145 0.0010754 -0.018922 0.0912027 
0.00942804 -0.0176704 0.000354415 -0.000443535 -0.0176704 0.0881589 -0.000435673 0.00109634 0.000354415 -0.000435673 0.0105291 -0.0189445 -0.000443535 0.00109634 -0.0189445 0.0912205 
0.00941045 -0.0176848 0.000365928 -0.000454652 -0.0176848 0.0882046 -0.000450151 0.00114418 0.000365928 -0.000450151 0.0105283 -0.018931 -0.000454652 0.00114418 -0.018931 0.091209 
0.00939744 -0.0176367 0.000350098 -0.00041903 -0.0176367 0.0881206 -0.000419016 0.00105606 0.000350098 -0.000419016 0.010523 -0.0189526 -0.00041903 0.00105606 -0.0189526 0.0912542 
0.00942466 -0.0176172 0.000338526 -0.000389468 -0.0176172 0.0880438 -0.000389516 0.000958264 0.000338526 -0.000389516 0.0104911 -0.0189457 -0.000389468 0.000958264 -0.0189457 0.0912634 
0.00943309 -0.0176411 0.000322732 -0.000382473 -0.0176411 0.0880341 -0.000384461 0.000915911 0.000322732 -0.000384461 0.0104543 -0.0188998 -0.000382473 0.000915911 -0.0188998 0.0911811 
0.00946286 -0.0176706 0.000317667 -0.000370636 -0.0176706 0.0881142 -0.000373285 0.000897263 0.000317667 -0.000373285 0.0104317 -0.0188447 -0.000370636 0.000897263 -0.0188447 0.091047 
0.0094702 -0.0177052 0.00030794 -0.00036985 -0.0177052 0.0881991 -0.000373039 0.00089679 0.00030794 -0.000373039 0.0104387 -0.0188168 -0.00036985 0.00089679 -0.0188168 0.0909453 
0.00950787 -0.0177119 0.000286908 -0.000364737 -0.0177119 0.088243 -0.000362286 0.000891746 0.000286908 -0.000362286 0.0104254 -0.0188397 -0.000364737 0.000891746 -0.0188397 0.0909637 
0.00955702 -0.0177728 0.000263185 -0.000345623 -0.0177728 0.0883689 -0.000337724 0.000860707 0.000263185 -0.000337724 0.0103942 -0.018808 -0.000345623 0.000860707 -0.018808 0.0909062 
0.00955533 -0.0178513 0.000267149 -0.000326069 -0.0178513 0.0885711 -0.000320811 0.000827117 0.000267149 -0.000320811 0.0103887 -0.0187537 -0.000326069 0.000827117 -0.0187537 0.090772 
0.00953983 -0.0178491 0.000258908 -0.000305246 -0.0178491 0.0886571 -0.000304924 0.000758265 0.000258908 -0.000304924 0.0103987 -0.0187554 -0.000305246 0.000758265 -0.0187554 0.090729 
0.00949275 -0.0178418 0.000292275 -0.000318518 -0.0178418 0.0886793 -0.000324427 0.000785614 0.000292275 -0.000324427 0.0104555 -0.0187624 -0.000318518 0.000785614 -0.0187624 0.090733 
0.0094593 -0.0177506 0.000305212 -0.000354817 -0.0177506 0.0884972 -0.000364668 0.000860811 0.000305212 -0.000364668 0.0104877 -0.0188504 -0.000354817 0.000860811 -0.0188504 0.0908918 
0.0094143 -0.0176971 0.000313854 -0.000370163 -0.0176971 0.0883026 -0.000377827 0.000912324 0.000313854 -0.000377827 0.0105002 -0.0188843 -0.000370163 0.000912324 -0.0188843 0.0910123 
0.00941887 -0.0176575 0.000322739 -0.000389452 -0.0176575 0.0881884 -0.000391514 0.000959095 0.000322739 -0.000391514 0.0104758 -0.0188892 -0.000389452 0.000959095 -0.0188892 0.0910558 
0.00947568 -0.0176589 0.000322749 -0.000394918 -0.0176589 0.0881453 -0.000390759 0.000968466 0.000322749 -0.000390759 0.0104341 -0.0188775 -0.000394918 0.000968466 -0.0188775 0.0910793 
0.00952484 -0.0177259 0.000312696 -0.000379687 -0.0177259 0.0882347 -0.000373647 0.000927706 0.000312696 -0.000373647 0.0104 -0.0188222 -0.000379687 0.000927706 -0.0188222 0.0909848 
0.00954854 -0.0177804 0.000331953 -0.000380639 -0.0177804 0.0883582 -0.000373724 0.000924634 0.000331953 -0.000373724 0.0103849 -0.0187795 -0.000380639 0.000924634 -0.0187795 0.0908699 
0.00954718 -0.0178137 0.000337275 -0.000401819 -0.0178137 0.0884667 -0.000398506 0.00096153 0.000337275 -0.000398506 0.0103844 -0.0187571 -0.000401819 0.00096153 -0.0187571 0.0907819 
0.00951741 -0.0178096 0.000339259 -0.000414254 -0.0178096 0.0884977 -0.000414686 0.00101182 0.000339259 -0.000414686 0.0104225 -0.0187677 -0.000414254 0.00101182 -0.0187677 0.0907846 
0.00948843 -0.0177575 0.000317959 -0.000379495 -0.0177575 0.0884076 -0.000382499 0.000941214 0.000317959 -0.000382499 0.0104546 -0.0188268 -0.000379495 0.000941214 -0.0188268 0.0908901 
0.00946506 -0.0177143 0.000321443 -0.000351115 -0.0177143 0.0882903 -0.000354846 0.000863152 0.000321443 -0.000354846 0.0104908 -0.0188838 -0.000351115 0.000863152 -0.0188838 0.0910542 
0.00947982 -0.0177088 0.00033451 -0.000377452 -0.0177088 0.0882605 -0.000382894 0.000898222 0.00033451 -0.000382894 0.0104828 -0.0189046 -0.000377452 0.000898222 -0.0189046 0.0911233 
0.00949958 -0.0177636 0.000356588 -0.000396921 -0.0177636 0.0883846 -0.000402049 0.000952645 0.000356588 -0.000402049 0.0104757 -0.0188646 -0.000396921 0.000952645 -0.0188646 0.09105 
0.00949833 -0.0177951 0.000371782 -0.000445402 -0.0177951 0.0884965 -0.000446205 0.00106381 0.000371782 -0.000446205 0.0104669 -0.018853 -0.000445402 0.00106381 -0.018853 0.0909958 
0.00946385 -0.0177868 0.000393577 -0.000463911 -0.0177868 0.0885254 -0.000460319 0.00113613 0.000393577 -0.000460319 0.010496 -0.0188565 -0.000463911 0.00113613 -0.0188565 0.0909999 
0.00941472 -0.0177288 0.000406762 -0.000451105 -0.0177288 0.0884249 -0.000442414 0.00108955 0.000406762 -0.000442414 0.01055 -0.0189034 -0.000451105 0.00108955 -0.0189034 0.0910854 
0.00939146 -0.017668 0.000425063 -0.00049757 -0.017668 0.0882764 -0.000487905 0.00117372 0.000425063 -0.000487905 0.0105933 -0.0189682 -0.00049757 0.00117372 -0.0189682 0.0912278 
0.00936573 -0.017627 0.000403329 -0.000499508 -0.017627 0.0881319 -0.00048986 0.0011933 0.000403329 -0.00048986 0.0106326 -0.0190271 -0.000499508 0.0011933 -0.0190271 0.0913815 
0.00936745 -0.0175987 0.000386562 -0.000476454 -0.0175987 0.0880356 -0.000468187 0.00116654 0.000386562 -0.000468187 0.0106219 -0.0190726 -0.000476454 0.00116654 -0.0190726 0.091509 
0.00939216 -0.017585 0.000354723 -0.000434674 -0.017585 0.0879635 -0.000430033 0.00106556 0.000354723 -0.000430033 0.0106005 -0.0190863 -0.000434674 0.00106556 -0.0190863 0.0916174 
0.0094421 -0.0176107 0.000343728 -0.000411187 -0.0176107 0.0879698 -0.000406727 0.0010049 0.000343728 -0.000406727 0.0105589 -0.0190616 -0.000411187 0.0010049 -0.0190616 0.091616 
0.00948791 -0.017664 0.000336793 -0.000392806 -0.017664 0.0880479 -0.000389729 0.000949141 0.000336793 -0.000389729 0.0105037 -0.0190031 -0.000392806 0.000949141 -0.0190031 0.0915031 
0.00951013 -0.0177125 0.000334645 -0.000365294 -0.0177125 0.0881494 -0.000367424 0.000872523 0.000334645 -0.000367424 0.0104501 -0.0189294 -0.000365294 0.000872523 -0.0189294 0.0913231 
0.00949129 -0.0177497 0.000330029 -0.000369541 -0.0177497 0.0882643 -0.000377426 0.000863633 0.000330029 -0.000377426 0.0104441 -0.0188595 -0.000369541 0.000863633 -0.0188595 0.0911403 
0.00946863 -0.0177361 0.000337316 -0.000383492 -0.0177361 0.0883005 -0.000393802 0.000912827 0.000337316 -0.000393802 0.0104571 -0.0188389 -0.000383492 0.000912827 -0.0188389 0.091017 
0.00945119 -0.0177304 0.000354886 -0.000379094 -0.0177304 0.0883335 -0.000387014 0.000910876 0.000354886 -0.000387014 0.0104812 -0.01885 -0.000379094 0.000910876 -0.01885 0.0909905 
0.00948334 -0.0177013 0.000326116 -0.000388034 -0.0177013 0.0882927 -0.000390196 0.00090127 0.000326116 -0.000390196 0.0104824 -0.0188935 -0.000388034 0.00090127 -0.0188935 0.0910735 
0.00947111 -0.0177382 0.000325608 -0.000381526 -0.0177382 0.0883188 -0.000381173 0.000921693 0.000325608 -0.000381173 0.01048 -0.0188805 -0.000381526 0.000921693 -0.0188805 0.0910676 
0.00947762 -0.017743 0.000320583 -0.000379147 -0.017743 0.0883772 -0.000377641 0.000915986 0.000320583 -0.000377641 0.0104645 -0.0188684 -0.000379147 0.000915986 -0.0188684 0.0910308 
0.00945382 -0.0177595 0.000355542 -0.000395654 -0.0177595 0.088431 -0.000391403 0.000959542 0.000355542 -0.000391403 0.010488 -0.0188477 -0.000395654 0.000959542 -0.0188477 0.0909882 
0.00942738 -0.0176821 0.000366415 -0.000400537 -0.0176821 0.0882767 -0.000395458 0.000945317 0.000366415 -0.000395458 0.0105154 -0.018921 -0.000400537 0.000945317 -0.018921 0.0911348 
0.00943528 -0.0176531 0.000369042 -0.000415693 -0.0176531 0.0881644 -0.000411093 0.000964627 0.000369042 -0.000411093 0.01055 -0.0189684 -0.000415693 0.000964627 -0.0189684 0.0913064 
0.00940747 -0.0176507 0.000381199 -0.000412518 -0.0176507 0.0880997 -0.000406331 0.00095993 0.000381199 -0.000406331 0.0106233 -0.0190232 -0.000412518 0.00095993 -0.0190232 0.0914703 
0.00940586 -0.0176582 0.000399557 -0.000446465 -0.0176582 0.0881361 -0.000437263 0.00102236 0.000399557 -0.000437263 0.0106297 -0.0190693 -0.000446465 0.00102236 -0.0190693 0.0915502 
0.00942033 -0.0176564 0.00040344 -0.000456457 -0.0176564 0.0881523 -0.000449467 0.00105789 0.00040344 -0.000449467 0.0106137 -0.0190896 -0.000456457 0.00105789 -0.0190896 0.0916337 
0.00942725 -0.0176793 0.00040472 -0.00043341 -0.0176793 0.0882056 -0.000433836 0.00101471 0.00040472 -0.000433836 0.0105995 -0.0190566 -0.00043341 0.00101471 -0.0190566 0.091584 
0.00943256 -0.0176808 0.000405101 -0.000445284 -0.0176808 0.088223 -0.000449101 0.00102714 0.000405101 -0.000449101 0.0105967 -0.0190449 -0.000445284 0.00102714 -0.0190449 0.0915462 
0.00942556 -0.0176787 0.00041279 -0.000459296 -0.0176787 0.0882123 -0.000462828 0.00106828 0.00041279 -0.000462828 0.0106205 -0.0190535 -0.000459296 0.00106828 -0.0190535 0.0915629 
0.00945648 -0.0176772 0.000389344 -0.000472501 -0.0176772 0.0882165 -0.00047273 0.00110888 0.000389344 -0.00047273 0.0106134 -0.0190771 -0.000472501 0.00110888 -0.0190771 0.0915965 
0.00949561 -0.0177036 0.000338145 -0.000421307 -0.0177036 0.0882465 -0.000417743 0.00101958 0.000338145 -0.000417743 0.0106084 -0.0190863 -0.000421307 0.00101958 -0.0190863 0.0916466 
0.00949415 -0.0177631 0.000343349 -0.000387249 -0.0177631 0.0883643 -0.000381445 0.000950899 0.000343349 -0.000381445 0.0106059 -0.0190594 -0.000387249 0.000950899 -0.0190594 0.0915915 
0.00949838 -0.0177622 0.000354595 -0.000398562 -0.0177622 0.0884222 -0.000392624 0.000945666 0.000354595 -0.000392624 0.0106016 -0.0190759 -0.000398562 0.000945666 -0.0190759 0.0916222 
0.00948644 -0.0178011 0.000395591 -0.000427349 -0.0178011 0.088533 -0.000421583 0.00100981 0.000395591 -0.000421583 0.0106037 -0.0190334 -0.000427349 0.00100981 -0.0190334 0.0915281 
0.0094515 -0.017771 0.000413162 -0.000452106 -0.017771 0.0885175 -0.000449712 0.00105471 0.000413162 -0.000449712 0.0106419 -0.0190502 -0.000452106 0.00105471 -0.0190502 0.0915279 
0.00938198 -0.0177419 0.000452736 -0.000482379 -0.0177419 0.0884663 -0.000483502 0.00113467 0.000452736 -0.000483502 0.0106996 -0.0190697 -0.000482379 0.00113467 -0.0190697 0.0915279 
0.00935403 -0.0176373 0.000454792 -0.00049445 -0.0176373 0.0882629 -0.000497405 0.00114964 0.000454792 -0.000497405 0.010718 -0.0191555 -0.00049445 0.00114964 -0.0191555 0.0916778 
0.00937402 -0.0176184 0.000476911 -0.000526969 -0.0176184 0.0881563 -0.000533014 0.00124298 0.000476911 -0.000533014 0.0106917 -0.0191652 -0.000526969 0.00124298 -0.0191652 0.0917515 
0.00940363 -0.0176262 0.00048602 -0.000543372 -0.0176262 0.0881168 -0.000553765 0.00129673 0.00048602 -0.000553765 0.0106806 -0.0191546 -0.000543372 0.00129673 -0.0191546 0.0917845 
0.00939931 -0.0176606 0.000490722 -0.000560751 -0.0176606 0.0881652 -0.00057066 0.00135039 0.000490722 -0.00057066 0.0107245 -0.0191633 -0.000560751 0.00135039 -0.0191633 0.0918365 
0.00938855 -0.0176487 0.000481015 -0.000547973 -0.0176487 0.0881673 -0.000551352 0.0013233 0.000481015 -0.000551352 0.0107847 -0.0192339 -0.000547973 0.0013233 -0.0192339 0.0919853 
0.00936317 -0.0176443 0.000472968 -0.0005449 -0.0176443 0.0881557 -0.000539932 0.00130003 0.000472968 -0.000539932 0.0108142 -0.0192862 -0.0005449 0.00130003 -0.0192862 0.0921055 
0.00936315 -0.0176387 0.000453396 -0.000532624 -0.0176387 0.0881769 -0.000524823 0.00126252 0.000453396 -0.000524823 0.0108145 -0.0193115 -0.000532624 0.00126252 -0.0193115 0.0921862 
0.0093524 -0.0176276 0.00046685 -0.000519214 -0.0176276 0.0881505 -0.000515078 0.00124182 0.00046685 -0.000515078 0.0108354 -0.0193293 -0.000519214 0.00124182 -0.0193293 0.0922685 
0.0093528 -0.0176145 0.00049316 -0.000528564 -0.0176145 0.0881217 -0.00053137 0.00124971 0.00049316 -0.00053137 0.0108381 -0.0193501 -0.000528564 0.00124971 -0.0193501 0.0923179 
