0.00740499 0 0.000141474 0 0 0.01 0 0 0.000141474 0 0.00735723 0 0 0 0 0.01 
0.0104213 -0.0129414 0.000159222 -0.000206139 -0.0129414 0.033988 -0.000206139 0.000395213 0.000159222 -0.000206139 0.0103838 -0.0128955 -0.000206139 0.000395213 -0.0128955 0.0339009 
0.0104619 -0.0195324 5.48806e-05 -0.000235986 -0.0195324 0.0716172 -0.000235986 0.000812143 5.48806e-05 -0.000235986 0.0103984 -0.0195376 -0.000235986 0.000812143 -0.0195376 0.0716397 
0.00994868 -0.019152 -8.21094e-06 -0.000149827 -0.019152 0.0855289 -0.000138644 0.000814997 -8.21094e-06 -0.000138644 0.00973523 -0.0191216 -0.000149827 0.000814997 -0.0191216 0.0856225 
0.00999048 -0.0185034 -1.41474e-06 -6.7827e-05 -0.0185034 0.088575 -5.28507e-05 0.000401746 -1.41474e-06 -5.28507e-05 0.00966314 -0.0183068 -6.7827e-05 0.000401746 -0.0183068 0.0884539 
0.0101776 -0.0184993 4.02192e-05 -7.7643e-05 -0.0184993 0.0896407 -7.08029e-05 0.000224616 4.02192e-05 -7.08029e-05 0.00983449 -0.0181449 -7.7643e-05 0.000224616 -0.0181449 0.089104 
0.0102855 -0.0186552 9.07376e-05 -0.000169564 -0.0186552 0.0903571 -0.000169359 0.000411286 9.07376e-05 -0.000169359 0.00999519 -0.0182432 -0.000169564 0.000411286 -0.0182432 0.0894849 
0.0103138 -0.0187207 0.000108623 -0.00024747 -0.0187207 0.0906908 -0.000247915 0.000667431 0.000108623 -0.000247915 0.0100401 -0.0183591 -0.00024747 0.000667431 -0.0183591 0.0897614 
0.0103486 -0.0187204 9.27181e-05 -0.00022097 -0.0187204 0.0907531 -0.000224803 0.000693841 9.27181e-05 -0.000224803 0.0100214 -0.0184183 -0.00022097 0.000693841 -0.0184183 0.0899735 
0.0104228 -0.0187583 7.73665e-05 -0.000149622 -0.0187583 0.0908112 -0.000158435 0.000532096 7.73665e-05 -0.000158435 0.00998367 -0.0184124 -0.000149622 0.000532096 -0.0184124 0.0900516 
0.0104638 -0.0188619 8.29312e-05 -0.000133996 -0.0188619 0.0910096 -0.000145339 0.000437455 8.29312e-05 -0.000145339 0.00998068 -0.0183507 -0.000133996 0.000437455 -0.0183507 0.0899452 
0.0105195 -0.0189384 8.30276e-05 -0.000137284 -0.0189384 0.0912565 -0.000144129 0.000400265 8.30276e-05 -0.000144129 0.00997499 -0.0183536 -0.000137284 0.000400265 -0.0183536 0.0899087 
0.0105012 -0.0189917 0.000111698 -0.000196639 -0.0189917 0.091412 -0.000195045 0.00053254 0.000111698 -0.000195045 0.00997385 -0.018345 -0.000196639 0.00053254 -0.018345 0.0898837 
0.0104378 -0.0189532 0.000105226 -0.000206494 -0.0189532 0.0913932 -0.000196334 0.000562268 0.000105226 -0.000196334 0.00998445 -0.0183581 -0.000206494 0.000562268 -0.0183581 0.0899093 
0.0103491 -0.0188611 0.000106726 -0.000211381 -0.0188611 0.0912098 -0.000201113 0.000593534 0.000106726 -0.000201113 0.010025 -0.0183779 -0.000211381 0.000593534 -0.0183779 0.0899653 
0.0103285 -0.0187581 0.000106974 -0.000222044 -0.0187581 0.0909699 -0.000218544 0.000639546 0.000106974 -0.000218544 0.00999893 -0.0184056 -0.000222044 0.000639546 -0.0184056 0.0900059 
0.0103391 -0.0187201 0.000104659 -0.000214003 -0.0187201 0.0907898 -0.000213624 0.000642257 0.000104659 -0.000213624 0.00994878 -0.0183776 -0.000214003 0.000642257 -0.0183776 0.0899879 
0.0103542 -0.0187683 9.45822e-05 -0.000195419 -0.0187683 0.0908542 -0.000192568 0.000593839 9.45822e-05 -0.000192568 0.00991211 -0.0182803 -0.000195419 0.000593839 -0.0182803 0.0897706 
0.0103595 -0.0187666 8.81779e-05 -0.000191885 -0.0187666 0.0908636 -0.000187698 0.000575125 8.81779e-05 -0.000187698 0.00987809 -0.0182469 -0.000191885 0.000575125 -0.0182469 0.0896362 
0.0103484 -0.0187727 8.32088e-05 -0.000154218 -0.0187727 0.0908775 -0.000155092 0.000487431 8.32088e-05 -0.000155092 0.0098965 -0.0182266 -0.000154218 0.000487431 -0.0182266 0.0895928 
0.0103369 -0.0187733 8.49032e-05 -0.000152472 -0.0187733 0.0909061 -0.000154558 0.000453887 8.49032e-05 -0.000154558 0.00992401 -0.0182395 -0.000152472 0.000453887 -0.0182395 0.0895838 
0.0103706 -0.018755 0.000107235 -0.000177083 -0.018755 0.0908803 -0.000177916 0.000506679 0.000107235 -0.000177916 0.00990528 -0.0182756 -0.000177083 0.000506679 -0.0182756 0.0896486 
0.0103802 -0.0187967 0.000127009 -0.000225098 -0.0187967 0.0909322 -0.000225199 0.000626004 0.000127009 -0.000225199 0.00988196 -0.0182405 -0.000225098 0.000626004 -0.0182405 0.0896073 
0.0103653 -0.0188035 0.000119554 -0.000228472 -0.0188035 0.0909651 -0.000226825 0.00065537 0.000119554 -0.000226825 0.00986625 -0.0182108 -0.000228472 0.00065537 -0.0182108 0.08953 
0.0103164 -0.0187835 0.000103249 -0.000204567 -0.0187835 0.0909406 -0.000204417 0.000611771 0.000103249 -0.000204417 0.00988374 -0.0181971 -0.000204567 0.000611771 -0.0181971 0.0894884 
0.0102658 -0.0186837 9.87082e-05 -0.000181562 -0.0186837 0.090717 -0.000181968 0.000551778 9.87082e-05 -0.000181968 0.0099007 -0.0182458 -0.000181562 0.000551778 -0.0182458 0.0895813 
0.0102397 -0.0186231 0.000104415 -0.000173087 -0.0186231 0.0905255 -0.000173629 0.000514055 0.000104415 -0.000173629 0.00993238 -0.0182708 -0.000173087 0.000514055 -0.0182708 0.0896768 
0.0102298 -0.0186024 0.000101773 -0.0001935 -0.0186024 0.0904316 -0.000195045 0.00054777 0.000101773 -0.000195045 0.00993293 -0.0182864 -0.0001935 0.00054777 -0.0182864 0.0897055 
0.0102773 -0.0186081 7.98512e-05 -0.000154007 -0.0186081 0.0904355 -0.000160238 0.000474464 7.98512e-05 -0.000160238 0.00990722 -0.0182943 -0.000154007 0.000474464 -0.0182943 0.0897442 
0.0103077 -0.0186669 9.20101e-05 -0.000168818 -0.0186669 0.0905342 -0.000179579 0.000514189 9.20101e-05 -0.000179579 0.00987463 -0.0182541 -0.000168818 0.000514189 -0.0182541 0.0896825 
0.0103252 -0.0187245 0.000102377 -0.000174325 -0.0187245 0.0907045 -0.000186215 0.000531893 0.000102377 -0.000186215 0.00986328 -0.0181988 -0.000174325 0.000531893 -0.0181988 0.0895436 
0.0103096 -0.0187457 9.45772e-05 -0.000163731 -0.0187457 0.0908046 -0.000170636 0.000491421 9.45772e-05 -0.000170636 0.0099018 -0.0181908 -0.000163731 0.000491421 -0.0181908 0.0894799 
0.0103096 -0.0187126 9.79607e-05 -0.000175466 -0.0187126 0.0907646 -0.000178361 0.000508687 9.79607e-05 -0.000178361 0.0098879 -0.0182366 -0.000175466 0.000508687 -0.0182366 0.0895277 
0.0103252 -0.0187075 8.851e-05 -0.000174336 -0.0187075 0.0907225 -0.000175854 0.000505832 8.851e-05 -0.000175854 0.00984163 -0.0182202 -0.000174336 0.000505832 -0.0182202 0.0895336 
0.0103065 -0.0187249 8.89767e-05 -0.000168712 -0.0187249 0.0907382 -0.000168229 0.000501084 8.89767e-05 -0.000168229 0.00984584 -0.0181714 -0.000168712 0.000501084 -0.0181714 0.0894657 
0.0102992 -0.018704 0.000101051 -0.000181026 -0.018704 0.0907242 -0.000173898 0.000520242 0.000101051 -0.000173898 0.00986114 -0.0181739 -0.000181026 0.000520242 -0.0181739 0.089427 
0.0103314 -0.0187015 0.000109378 -0.000200549 -0.0187015 0.090712 -0.00018804 0.000558538 0.000109378 -0.00018804 0.00983731 -0.0181801 -0.000200549 0.000558538 -0.0181801 0.0894125 
0.0103797 -0.0187428 0.000113497 -0.000189566 -0.0187428 0.0907732 -0.000175858 0.000533768 0.000113497 -0.000175858 0.00979254 -0.0181535 -0.000189566 0.000533768 -0.0181535 0.0893746 
0.0103956 -0.0187666 0.000127787 -0.000203405 -0.0187666 0.0907982 -0.000191985 0.000553562 0.000127787 -0.000191985 0.00976445 -0.0181385 -0.000203405 0.000553562 -0.0181385 0.0893821 
0.0103931 -0.0187913 0.000125084 -0.000212007 -0.0187913 0.0908563 -0.000208794 0.000578378 0.000125084 -0.000208794 0.00975255 -0.0181026 -0.000212007 0.000578378 -0.0181026 0.0893274 
0.0104073 -0.018785 0.000134152 -0.000220067 -0.018785 0.0908635 -0.000230994 0.000632349 0.000134152 -0.000230994 0.00970355 -0.0180841 -0.000220067 0.000632349 -0.0180841 0.0892697 
0.0104469 -0.018811 0.000134173 -0.000200819 -0.018811 0.0909118 -0.000219918 0.000599444 0.000134173 -0.000219918 0.00964285 -0.0180077 -0.000200819 0.000599444 -0.0180077 0.0891107 
0.0104691 -0.0188739 0.000131069 -0.000181621 -0.0188739 0.0910513 -0.000198866 0.000532312 0.000131069 -0.000198866 0.00961102 -0.0179161 -0.000181621 0.000532312 -0.0179161 0.0888741 
0.0104747 -0.0188845 0.000130071 -0.000180402 -0.0188845 0.0911079 -0.000192923 0.000503447 0.000130071 -0.000192923 0.00960657 -0.0178962 -0.000180402 0.000503447 -0.0178962 0.0887694 
0.0104455 -0.0188714 0.00014217 -0.000211174 -0.0188714 0.0910781 -0.000219301 0.000572704 0.00014217 -0.000219301 0.00963481 -0.0178991 -0.000211174 0.000572704 -0.0178991 0.0887484 
0.0103849 -0.0188343 0.000147246 -0.000239448 -0.0188343 0.0910038 -0.000243948 0.000658404 0.000147246 -0.000243948 0.00970445 -0.0179277 -0.000239448 0.000658404 -0.0179277 0.08878 
0.0103484 -0.0187452 0.000155859 -0.000254912 -0.0187452 0.0908042 -0.000257278 0.000722559 0.000155859 -0.000257278 0.00974646 -0.018018 -0.000254912 0.000722559 -0.018018 0.0889429 
0.0103111 -0.0186951 0.000166972 -0.000285012 -0.0186951 0.0906282 -0.000287812 0.000808916 0.000166972 -0.000287812 0.00975336 -0.0180671 -0.000285012 0.000808916 -0.0180671 0.0890923 
0.0103179 -0.0186792 0.000151547 -0.000239907 -0.0186792 0.0905808 -0.000242953 0.000709116 0.000151547 -0.000242953 0.00972072 -0.0180707 -0.000239907 0.000709116 -0.0180707 0.0891545 
0.0103244 -0.0187072 0.000132811 -0.000196527 -0.0187072 0.0906379 -0.000197919 0.000568115 0.000132811 -0.000197919 0.00970447 -0.0180181 -0.000196527 0.000568115 -0.0180181 0.0890793 
0.01034 -0.0187125 0.000155018 -0.000207737 -0.0187125 0.090674 -0.000205715 0.000560164 0.000155018 -0.000205715 0.00967863 -0.0179875 -0.000207737 0.000560164 -0.0179875 0.0889734 
0.0103888 -0.018712 0.000197635 -0.000266137 -0.018712 0.0906631 -0.000260194 0.000681813 0.000197635 -0.000260194 0.00961956 -0.0179716 -0.000266137 0.000681813 -0.0179716 0.0889292 
0.0104337 -0.0187796 0.00019269 -0.000278358 -0.0187796 0.0907698 -0.000272003 0.00071397 0.00019269 -0.000272003 0.00956752 -0.0178924 -0.000278358 0.00071397 -0.0178924 0.0887828 
0.0104602 -0.0188365 0.000188842 -0.000268949 -0.0188365 0.0909137 -0.000268557 0.000716742 0.000188842 -0.000268557 0.00952734 -0.0178253 -0.000268949 0.000716742 -0.0178253 0.0886067 
0.0104925 -0.0188754 0.000169829 -0.000240888 -0.0188754 0.0910448 -0.000244834 0.000649088 0.000169829 -0.000244834 0.00950686 -0.017783 -0.000240888 0.000649088 -0.017783 0.0884838 
0.0104941 -0.0188901 0.000158442 -0.000210654 -0.0188901 0.0910794 -0.00021766 0.000567624 0.000158442 -0.00021766 0.0094944 -0.0177717 -0.000210654 0.000567624 -0.0177717 0.0884355 
0.010465 -0.0189037 0.000156671 -0.000201712 -0.0189037 0.0911278 -0.000205849 0.00052718 0.000156671 -0.000205849 0.00952699 -0.017753 -0.000201712 0.00052718 -0.017753 0.0883931 
0.0104301 -0.0188582 0.000168522 -0.000217743 -0.0188582 0.091065 -0.000219567 0.000554677 0.000168522 -0.000219567 0.00957575 -0.0178034 -0.000217743 0.000554677 -0.0178034 0.0884673 
0.0103769 -0.0188141 0.000177681 -0.000256084 -0.0188141 0.0909546 -0.000257949 0.00064964 0.000177681 -0.000257949 0.00960017 -0.0178378 -0.000256084 0.00064964 -0.0178378 0.088519 
0.0103461 -0.0187349 0.00018628 -0.000267243 -0.0187349 0.0907668 -0.000271566 0.00071197 0.00018628 -0.000271566 0.0095983 -0.017882 -0.000267243 0.00071197 -0.017882 0.0886339 
0.0103295 -0.0186917 0.000188876 -0.000280064 -0.0186917 0.0906123 -0.000284347 0.000756511 0.000188876 -0.000284347 0.00957791 -0.0178766 -0.000280064 0.000756511 -0.0178766 0.0886655 
0.0103718 -0.0186765 0.000212398 -0.000271955 -0.0186765 0.090545 -0.000271192 0.000744926 0.000212398 -0.000271192 0.0095341 -0.0178597 -0.000271955 0.000744926 -0.0178597 0.0886618 
0.0104097 -0.0187557 0.000215056 -0.000276879 -0.0187557 0.0906844 -0.000273057 0.000715925 0.000215056 -0.000273057 0.0095284 -0.0177928 -0.000276879 0.000715925 -0.0177928 0.0885404 
0.0103624 -0.0188038 0.000183762 -0.000249221 -0.0188038 0.0908244 -0.000249885 0.000637866 0.000183762 -0.000249885 0.00959107 -0.0177786 -0.000249221 0.000637866 -0.0177786 0.088447 
0.0102905 -0.0187367 0.000151519 -0.000234929 -0.0187367 0.0907616 -0.000233843 0.000604603 0.000151519 -0.000233843 0.00965838 -0.0178588 -0.000234929 0.000604603 -0.0178588 0.0885455 
0.0102727 -0.0186486 0.000140699 -0.000186904 -0.0186486 0.0905777 -0.000183676 0.000504362 0.000140699 -0.000183676 0.00966461 -0.0179424 -0.000186904 0.000504362 -0.0179424 0.0887384 
0.0102884 -0.0186231 0.000137592 -0.000174014 -0.0186231 0.090452 -0.00016851 0.00043701 0.000137592 -0.00016851 0.00961614 -0.0179477 -0.000174014 0.00043701 -0.0179477 0.0888257 
0.0103273 -0.0186511 0.000134799 -0.000190645 -0.0186511 0.0904766 -0.000186996 0.000466065 0.000134799 -0.000186996 0.00955756 -0.0178865 -0.000190645 0.000466065 -0.0178865 0.0887508 
0.0103272 -0.0186887 0.000139657 -0.000212391 -0.0186887 0.0905383 -0.000215976 0.000554523 0.000139657 -0.000215976 0.00952575 -0.0178048 -0.000212391 0.000554523 -0.0178048 0.0885631 
0.0102878 -0.0186902 0.000133134 -0.000187064 -0.0186902 0.0905709 -0.000191933 0.000520173 0.000133134 -0.000191933 0.00954814 -0.017758 -0.000187064 0.000520173 -0.017758 0.0884018 
0.0102503 -0.0186331 0.000130302 -0.000177753 -0.0186331 0.0904836 -0.000177066 0.00047959 0.000130302 -0.000177066 0.00959211 -0.0178003 -0.000177753 0.00047959 -0.0178003 0.0884275 
0.010278 -0.0185986 0.000146338 -0.000189459 -0.0185986 0.0903997 -0.000188687 0.000499855 0.000146338 -0.000188687 0.00958336 -0.0178466 -0.000189459 0.000499855 -0.0178466 0.0885161 
0.0102999 -0.01861 0.000176165 -0.000229161 -0.01861 0.0903481 -0.00023278 0.000599518 0.000176165 -0.00023278 0.00956436 -0.0178445 -0.000229161 0.000599518 -0.0178445 0.0885585 
0.0103546 -0.0186445 0.000177829 -0.000248049 -0.0186445 0.0904023 -0.000249501 0.000652352 0.000177829 -0.000249501 0.00951823 -0.0178201 -0.000248049 0.000652352 -0.0178201 0.0885306 
0.0103746 -0.0187113 0.000172188 -0.000246179 -0.0187113 0.0905303 -0.000244242 0.000659284 0.000172188 -0.000244242 0.0095039 -0.0177645 -0.000246179 0.000659284 -0.0177645 0.0884287 
0.0104127 -0.0187676 0.000168591 -0.000214792 -0.0187676 0.0907207 -0.000214274 0.000585192 0.000168591 -0.000214274 0.00949126 -0.0177387 -0.000214792 0.000585192 -0.0177387 0.088337 
0.0104483 -0.0188266 0.000163964 -0.000203851 -0.0188266 0.0909032 -0.000206286 0.000527965 0.000163964 -0.000206286 0.00948642 -0.0177177 -0.000203851 0.000527965 -0.0177177 0.0882651 
0.0104607 -0.0188337 0.000186292 -0.000245488 -0.0188337 0.0909444 -0.000247667 0.000624613 0.000186292 -0.000247667 0.00949651 -0.0177531 -0.000245488 0.000624613 -0.0177531 0.088344 
0.0105207 -0.0188807 0.000202383 -0.00024404 -0.0188807 0.0910692 -0.000244415 0.000629821 0.000202383 -0.000244415 0.0094481 -0.0177447 -0.00024404 0.000629821 -0.0177447 0.0883414 
0.0105587 -0.0189249 0.000229356 -0.000289557 -0.0189249 0.0911526 -0.000285336 0.000721592 0.000229356 -0.000285336 0.0094185 -0.0177128 -0.000289557 0.000721592 -0.0177128 0.0883205 
0.01056 -0.0189948 0.000228772 -0.000302738 -0.0189948 0.0913247 -0.000296815 0.000757787 0.000228772 -0.000296815 0.00941846 -0.0176453 -0.000302738 0.000757787 -0.0176453 0.0881575 
0.0105087 -0.0189847 0.000212714 -0.000309459 -0.0189847 0.0913595 -0.000310595 0.000798133 0.000212714 -0.000310595 0.00945257 -0.0176419 -0.000309459 0.000798133 -0.0176419 0.0880756 
0.0104512 -0.0189011 0.000205882 -0.000290848 -0.0189011 0.0912016 -0.000298136 0.000793644 0.000205882 -0.000298136 0.00949067 -0.0176984 -0.000290848 0.000793644 -0.0176984 0.0881585 
0.0104109 -0.0188338 0.000195812 -0.000269092 -0.0188338 0.0910256 -0.000276306 0.000737486 0.000195812 -0.000276306 0.00953262 -0.0177475 -0.000269092 0.000737486 -0.0177475 0.0882847 
0.0104233 -0.0187886 0.000181119 -0.000226674 -0.0187886 0.0908873 -0.000229825 0.000612051 0.000181119 -0.000229825 0.00954212 -0.0178049 -0.000226674 0.000612051 -0.0178049 0.0884386 
0.010458 -0.0187973 0.000179713 -0.000226336 -0.0187973 0.0908385 -0.000229432 0.000579828 0.000179713 -0.000229432 0.00952315 -0.0178249 -0.000226336 0.000579828 -0.0178249 0.0885426 
0.0104534 -0.0188346 0.000190498 -0.000252688 -0.0188346 0.090884 -0.000259312 0.000646953 0.000190498 -0.000259312 0.00951748 -0.0178056 -0.000252688 0.000646953 -0.0178056 0.0885504 
0.0104358 -0.0188511 0.000184619 -0.000252768 -0.0188511 0.090968 -0.000260499 0.000662832 0.000184619 -0.000260499 0.00951961 -0.0177792 -0.000252768 0.000662832 -0.0177792 0.08848 
0.0104049 -0.0188208 0.00017369 -0.000232361 -0.0188208 0.0909359 -0.000237033 0.000614452 0.00017369 -0.000237033 0.00953493 -0.0177788 -0.000232361 0.000614452 -0.0177788 0.0884437 
0.0103766 -0.0187761 0.000163561 -0.000214218 -0.0187761 0.0908361 -0.000217713 0.00055769 0.000163561 -0.000217713 0.00955355 -0.0178005 -0.000214218 0.00055769 -0.0178005 0.0884733 
0.0103461 -0.0187324 0.000169154 -0.000209962 -0.0187324 0.0907126 -0.00020994 0.000534193 0.000169154 -0.00020994 0.00956785 -0.0178337 -0.000209962 0.000534193 -0.0178337 0.0885546 
0.0103125 -0.0186892 0.00018771 -0.000253799 -0.0186892 0.0905922 -0.000247852 0.000624362 0.00018771 -0.000247852 0.00956501 -0.0178429 -0.000253799 0.000624362 -0.0178429 0.0885867 
0.0102878 -0.018667 0.000176231 -0.000247171 -0.018667 0.0905336 -0.000236214 0.000621067 0.000176231 -0.000236214 0.00956562 -0.0178212 -0.000247171 0.000621067 -0.0178212 0.0885472 
0.010318 -0.0186583 0.000168764 -0.000219192 -0.0186583 0.0905311 -0.00020663 0.000557467 0.000168764 -0.00020663 0.00954285 -0.0178111 -0.000219192 0.000557467 -0.0178111 0.0885033 
0.0103195 -0.0186851 0.000186693 -0.000234365 -0.0186851 0.0905541 -0.000222581 0.000579253 0.000186693 -0.000222581 0.0095241 -0.0177742 -0.000234365 0.000579253 -0.0177742 0.0884117 
0.0103072 -0.0186932 0.000169272 -0.000225287 -0.0186932 0.0905976 -0.000216226 0.000545925 0.000169272 -0.000216226 0.00952757 -0.0177512 -0.000225287 0.000545925 -0.0177512 0.0883371 
0.0102865 -0.0186655 0.000160442 -0.000237043 -0.0186655 0.0905529 -0.00023266 0.000591897 0.000160442 -0.00023266 0.00953105 -0.0177573 -0.000237043 0.000591897 -0.0177573 0.0883165 
0.0102797 -0.0186312 0.000173475 -0.000240576 -0.0186312 0.0904664 -0.000241459 0.000640342 0.000173475 -0.000241459 0.00954136 -0.0177678 -0.000240576 0.000640342 -0.0177678 0.0883386 
0.0102868 -0.0186148 0.000169024 -0.0002318 -0.0186148 0.0903927 -0.000237397 0.000617499 0.000169024 -0.000237397 0.00952263 -0.0177826 -0.0002318 0.000617499 -0.0177826 0.088368 
0.0103182 -0.0186314 0.000155374 -0.000200382 -0.0186314 0.0904022 -0.000208029 0.000537689 0.000155374 -0.000208029 0.00949068 -0.017756 -0.000200382 0.000537689 -0.017756 0.0883383 
0.0103857 -0.0186956 0.000151881 -0.000167338 -0.0186956 0.0905424 -0.000175039 0.000437637 0.000151881 -0.000175039 0.00941902 -0.0176958 -0.000167338 0.000437637 -0.0176958 0.088204 
0.0104171 -0.0187671 0.000173362 -0.000180622 -0.0187671 0.0907045 -0.000183376 0.000432334 0.000173362 -0.000183376 0.00937892 -0.0176176 -0.000180622 0.000432334 -0.0176176 0.0880349 
0.0103791 -0.0187974 0.000177383 -0.000233701 -0.0187974 0.0908165 -0.000227395 0.00053397 0.000177383 -0.000227395 0.00940917 -0.0175756 -0.000233701 0.00053397 -0.0175756 0.0879021 
0.0103166 -0.0187561 0.000154359 -0.000236117 -0.0187561 0.0907972 -0.000227017 0.000578644 0.000154359 -0.000227017 0.00946141 -0.0176008 -0.000236117 0.000578644 -0.0176008 0.0878767 
0.0102646 -0.0186679 0.000155506 -0.000221699 -0.0186679 0.0906198 -0.00021946 0.000592461 0.000155506 -0.00021946 0.00950347 -0.0176686 -0.000221699 0.000592461 -0.0176686 0.0879925 
0.0102419 -0.0185617 0.000193463 -0.000222777 -0.0185617 0.0903143 -0.000228934 0.000601633 0.000193463 -0.000228934 0.0095018 -0.0177516 -0.000222777 0.000601633 -0.0177516 0.088215 
0.0102741 -0.0185512 0.000224829 -0.000232312 -0.0185512 0.0902056 -0.000244599 0.000592485 0.000224829 -0.000244599 0.00948487 -0.0177565 -0.000232312 0.000592485 -0.0177565 0.0883325 
0.0102502 -0.0186064 0.000228878 -0.000262777 -0.0186064 0.0902761 -0.000278877 0.000638667 0.000228878 -0.000278877 0.00951323 -0.0177125 -0.000262777 0.000638667 -0.0177125 0.0882634 
0.0102527 -0.0185853 0.000228815 -0.000264646 -0.0185853 0.0902924 -0.000281484 0.000662394 0.000228815 -0.000281484 0.00948626 -0.0177266 -0.000264646 0.000662394 -0.0177266 0.0882183 
0.010254 -0.0185936 0.000218212 -0.000290524 -0.0185936 0.0903072 -0.000296623 0.000725529 0.000218212 -0.000296623 0.00947091 -0.0176869 -0.000290524 0.000725529 -0.0176869 0.0881453 
0.0102521 -0.0186019 0.00020692 -0.000282013 -0.0186019 0.0903383 -0.000278478 0.000732073 0.00020692 -0.000278478 0.00947708 -0.017657 -0.000282013 0.000732073 -0.017657 0.0880482 
0.010262 -0.0185926 0.000204065 -0.000252232 -0.0185926 0.0903195 -0.000246639 0.000659283 0.000204065 -0.000246639 0.00945605 -0.0176576 -0.000252232 0.000659283 -0.0176576 0.0879963 
0.0102965 -0.0185925 0.000206719 -0.000252354 -0.0185925 0.0903021 -0.000250763 0.000633808 0.000206719 -0.000250763 0.00943166 -0.0176572 -0.000252354 0.000633808 -0.0176572 0.0880154 
0.0102853 -0.0186603 0.000173871 -0.000235741 -0.0186603 0.0904328 -0.000239421 0.000591262 0.000173871 -0.000239421 0.00946366 -0.0176081 -0.000235741 0.000591262 -0.0176081 0.0879255 
0.0102635 -0.0186418 0.000186437 -0.000234764 -0.0186418 0.0904631 -0.000240405 0.000619043 0.000186437 -0.000240405 0.0095108 -0.0176556 -0.000234764 0.000619043 -0.0176556 0.0879632 
0.0102797 -0.0186083 0.000183065 -0.000212518 -0.0186083 0.0904007 -0.000214284 0.000545583 0.000183065 -0.000214284 0.00951493 -0.0177342 -0.000212518 0.000545583 -0.0177342 0.0881447 
0.0103006 -0.0186126 0.000189311 -0.00022069 -0.0186126 0.0903552 -0.000219099 0.000536166 0.000189311 -0.000219099 0.00949292 -0.0177498 -0.00022069 0.000536166 -0.0177498 0.0882587 
0.0103194 -0.0186422 0.000220255 -0.000245039 -0.0186422 0.0904013 -0.000242528 0.000595961 0.000220255 -0.000242528 0.00948737 -0.0177364 -0.000245039 0.000595961 -0.0177364 0.0882994 
0.0103242 -0.0186625 0.000243639 -0.0002876 -0.0186625 0.0904501 -0.000281323 0.000686396 0.000243639 -0.000281323 0.00947861 -0.0177249 -0.0002876 0.000686396 -0.0177249 0.0882791 
0.0103292 -0.0186792 0.000264347 -0.000311325 -0.0186792 0.0905103 -0.000303805 0.00075593 0.000264347 -0.000303805 0.00947155 -0.017705 -0.000311325 0.00075593 -0.017705 0.08823 
0.0102879 -0.018689 0.0002833 -0.000342626 -0.018689 0.0905523 -0.000337308 0.000840675 0.0002833 -0.000337308 0.00949686 -0.0176912 -0.000342626 0.000840675 -0.0176912 0.088181 
0.0102426 -0.0186398 0.000258042 -0.00033542 -0.0186398 0.09049 -0.00033297 0.000833411 0.000258042 -0.00033297 0.00951365 -0.0177166 -0.00033542 0.000833411 -0.0177166 0.0881959 
0.0102216 -0.0185727 0.000233623 -0.000303487 -0.0185727 0.0903352 -0.000302605 0.000780867 0.000233623 -0.000302605 0.00952409 -0.0177429 -0.000303487 0.000780867 -0.0177429 0.0882616 
0.010253 -0.0185446 0.000222684 -0.00028081 -0.0185446 0.0902166 -0.000284146 0.000730922 0.000222684 -0.000284146 0.00948225 -0.0177429 -0.00028081 0.000730922 -0.0177429 0.0882711 
0.0102844 -0.0185803 0.00020101 -0.00025519 -0.0185803 0.0902251 -0.000266263 0.000670064 0.00020101 -0.000266263 0.00945223 -0.0176937 -0.00025519 0.000670064 -0.0176937 0.0881976 
0.0103054 -0.0186281 0.000198759 -0.000242846 -0.0186281 0.0903322 -0.000259034 0.000650276 0.000198759 -0.000259034 0.009446 -0.0176541 -0.000242846 0.000650276 -0.0176541 0.0880923 
0.010269 -0.0186535 0.000195015 -0.000250993 -0.0186535 0.0904188 -0.000264697 0.000663524 0.000195015 -0.000264697 0.00948498 -0.0176488 -0.000250993 0.000663524 -0.0176488 0.0880425 
0.0102401 -0.0186083 0.000185279 -0.000235942 -0.0186083 0.0903821 -0.000241756 0.000623201 0.000185279 -0.000241756 0.00951422 -0.0177046 -0.000235942 0.000623201 -0.0177046 0.0881265 
0.0102212 -0.0185694 0.000167557 -0.00022218 -0.0185694 0.090287 -0.000218602 0.000567232 0.000167557 -0.000218602 0.00951818 -0.017737 -0.00022218 0.000567232 -0.017737 0.0882169 
0.0102102 -0.0185688 0.000154906 -0.00021406 -0.0185688 0.0902734 -0.000202314 0.00053684 0.000154906 -0.000202314 0.00950944 -0.0177028 -0.00021406 0.00053684 -0.0177028 0.0881468 
0.0102259 -0.0185509 0.000130398 -0.000169341 -0.0185509 0.0902375 -0.000152113 0.000415877 0.000130398 -0.000152113 0.00949056 -0.0176949 -0.000169341 0.000415877 -0.0176949 0.0881032 
0.0102505 -0.0185366 0.000137237 -0.000166874 -0.0185366 0.0901557 -0.000153081 0.000396558 0.000137237 -0.000153081 0.00946243 -0.0176971 -0.000166874 0.000396558 -0.0176971 0.0881175 
0.010254 -0.0185548 0.000165817 -0.000189864 -0.0185548 0.0901405 -0.000185141 0.000459769 0.000165817 -0.000185141 0.0094552 -0.0176759 -0.000189864 0.000459769 -0.0176759 0.0881062 
0.0102388 -0.0185705 0.000162936 -0.000193203 -0.0185705 0.0901838 -0.000194761 0.000463852 0.000162936 -0.000194761 0.00947249 -0.0176625 -0.000193203 0.000463852 -0.0176625 0.0880694 
0.0102212 -0.0185747 0.000169815 -0.000201208 -0.0185747 0.0902358 -0.000203461 0.000495873 0.000169815 -0.000203461 0.00948731 -0.0176628 -0.000201208 0.000495873 -0.0176628 0.0880323 
0.0102155 -0.0185554 0.000184507 -0.000225682 -0.0185554 0.090236 -0.000219396 0.00055256 0.000184507 -0.000219396 0.00952827 -0.0176988 -0.000225682 0.00055256 -0.0176988 0.0881076 
0.0102087 -0.0185326 0.00018164 -0.000243245 -0.0185326 0.090174 -0.000230411 0.000590138 0.00018164 -0.000230411 0.00954759 -0.0177612 -0.000243245 0.000590138 -0.0177612 0.0882485 
0.0102165 -0.0185207 0.000187204 -0.000232912 -0.0185207 0.0901241 -0.000220619 0.000584735 0.000187204 -0.000220619 0.00953582 -0.0177959 -0.000232912 0.000584735 -0.0177959 0.0883807 
0.0101628 -0.0185492 0.000172447 -0.000262579 -0.0185492 0.0901768 -0.000254172 0.00065329 0.000172447 -0.000254172 0.00956714 -0.0177516 -0.000262579 0.00065329 -0.0177516 0.0883203 
0.0101382 -0.0184907 0.000143116 -0.000218904 -0.0184907 0.0901262 -0.000220492 0.000600171 0.000143116 -0.000220492 0.00958899 -0.0177849 -0.000218904 0.000600171 -0.0177849 0.0883312 
0.0101214 -0.0184578 0.000122608 -0.000180305 -0.0184578 0.0900357 -0.000188676 0.000517636 0.000122608 -0.000188676 0.00961363 -0.0178156 -0.000180305 0.000517636 -0.0178156 0.0884008 
0.0101274 -0.0184153 0.0001358 -0.00016126 -0.0184153 0.0899066 -0.000171663 0.000462822 0.0001358 -0.000171663 0.00961342 -0.0178689 -0.00016126 0.000462822 -0.0178689 0.08854 
0.0101469 -0.0184111 0.00014726 -0.000170846 -0.0184111 0.0898279 -0.000183684 0.000450131 0.00014726 -0.000183684 0.00956581 -0.0178647 -0.000170846 0.000450131 -0.0178647 0.0885817 
0.0101465 -0.018453 0.000137493 -0.000166123 -0.018453 0.0898897 -0.000178189 0.000423875 0.000137493 -0.000178189 0.00953933 -0.0177841 -0.000166123 0.000423875 -0.0177841 0.0884405 
0.0101767 -0.01845 0.000161583 -0.000189964 -0.01845 0.0899211 -0.000200205 0.000491723 0.000161583 -0.000200205 0.00951449 -0.017754 -0.000189964 0.000491723 -0.017754 0.0883278 
0.0102088 -0.0185085 0.000172869 -0.000212594 -0.0185085 0.0900441 -0.000218317 0.000541281 0.000172869 -0.000218317 0.0095051 -0.0177005 -0.000212594 0.000541281 -0.0177005 0.0881743 
0.0102316 -0.0185585 0.000173092 -0.000228668 -0.0185585 0.0901912 -0.000229116 0.000585715 0.000173092 -0.000229116 0.00950879 -0.017683 -0.000228668 0.000585715 -0.017683 0.0880736 
0.0102391 -0.0185844 0.000155655 -0.000230786 -0.0185844 0.0902879 -0.000224632 0.000599678 0.000155655 -0.000224632 0.00952716 -0.0176988 -0.000230786 0.000599678 -0.0176988 0.0880796 
0.0102214 -0.0185682 0.000150716 -0.000231802 -0.0185682 0.0902634 -0.000221664 0.000621933 0.000150716 -0.000221664 0.00953282 -0.0177481 -0.000231802 0.000621933 -0.0177481 0.0881956 
0.0101976 -0.0185611 0.00013225 -0.000203095 -0.0185611 0.0902651 -0.000191376 0.000555103 0.00013225 -0.000191376 0.00958072 -0.0177675 -0.000203095 0.000555103 -0.0177675 0.0883039 
