0.00716556 0 -0.000115729 0 0 0.01 0 0 -0.000115729 0 0.00762136 0 0 0 0 0.01 
0.0101677 -0.0126222 -0.00014067 0.000167463 -0.0126222 0.0333766 0.000167463 -0.000321137 -0.00014067 0.000167463 0.0106736 -0.0132602 0.000167463 -0.000321137 -0.0132602 0.0346003 
0.010329 -0.0193198 -0.000191008 0.00018801 -0.0193198 0.0709029 0.00018801 -0.000561701 -0.000191008 0.00018801 0.0105641 -0.0198481 0.00018801 -0.000561701 -0.0198481 0.072676 
0.00977356 -0.0189917 -0.00023795 0.000179671 -0.0189917 0.0849696 0.000183842 -0.000380746 -0.00023795 0.000183842 0.00988589 -0.0193224 0.000179671 -0.000380746 -0.0193224 0.086408 
0.0097534 -0.0182928 -0.00026434 0.000257112 -0.0182928 0.0882011 0.00026799 -0.000515264 -0.00026434 0.00026799 0.00984021 -0.0184801 0.000257112 -0.000515264 -0.0184801 0.0888351 
0.00989818 -0.0181762 -0.000232695 0.000270817 -0.0181762 0.0890942 0.000284049 -0.000599754 -0.000232695 0.000284049 0.0100847 -0.0183959 0.000270817 -0.000599754 -0.0183959 0.0895414 
0.00999401 -0.0182356 -0.000188832 0.000227689 -0.0182356 0.0894546 0.000237198 -0.000555878 -0.000188832 0.000237198 0.0102727 -0.0186225 0.000227689 -0.000555878 -0.0186225 0.0902559 
0.00997522 -0.0182086 -0.000130525 0.000152315 -0.0182086 0.0893846 0.000159153 -0.000377837 -0.000130525 0.000159153 0.0103486 -0.0188315 0.000152315 -0.000377837 -0.0188315 0.0909167 
0.00996379 -0.0181588 -9.72363e-05 9.52625e-05 -0.0181588 0.0892126 9.95216e-05 -0.000225069 -9.72363e-05 9.95216e-05 0.0103205 -0.0188758 9.52625e-05 -0.000225069 -0.0188758 0.0911838 
0.0100026 -0.0182206 -7.14674e-05 8.01599e-05 -0.0182206 0.0893046 7.86989e-05 -0.000160148 -7.14674e-05 7.86989e-05 0.0102792 -0.0187907 8.01599e-05 -0.000160148 -0.0187907 0.0910845 
0.0100186 -0.0182785 -4.56691e-05 3.91894e-05 -0.0182785 0.0894553 3.3226e-05 -5.80512e-05 -4.56691e-05 3.3226e-05 0.0102747 -0.0187458 3.91894e-05 -5.80512e-05 -0.0187458 0.0909572 
0.0100294 -0.0183353 -6.4735e-05 1.91708e-05 -0.0183353 0.0896543 1.35115e-05 2.69967e-06 -6.4735e-05 1.35115e-05 0.0102868 -0.0187209 1.91708e-05 2.69967e-06 -0.0187209 0.0908446 
0.0100357 -0.0183728 -0.000102308 4.60399e-05 -0.0183728 0.089821 4.4195e-05 -2.55963e-05 -0.000102308 4.4195e-05 0.0103162 -0.0187343 4.60399e-05 -2.55963e-05 -0.0187343 0.0908295 
0.0100328 -0.0183378 -9.70947e-05 8.94715e-05 -0.0183378 0.089781 8.69805e-05 -0.00011352 -9.70947e-05 8.69805e-05 0.0103243 -0.0188077 8.94715e-05 -0.00011352 -0.0188077 0.0909881 
0.0100533 -0.0183503 -9.7422e-05 8.40109e-05 -0.0183503 0.0897978 8.28051e-05 -0.000146907 -9.7422e-05 8.28051e-05 0.0103148 -0.0188131 8.40109e-05 -0.000146907 -0.0188131 0.0910677 
0.0100367 -0.0183483 -9.83638e-05 7.47643e-05 -0.0183483 0.0897743 7.66589e-05 -0.000131771 -9.83638e-05 7.66589e-05 0.0102986 -0.0188141 7.47643e-05 -0.000131771 -0.0188141 0.0911016 
0.0100184 -0.0183335 -8.93997e-05 8.31312e-05 -0.0183335 0.0897548 8.7872e-05 -0.00015163 -8.93997e-05 8.7872e-05 0.0102908 -0.018796 8.31312e-05 -0.00015163 -0.018796 0.0910894 
0.00996827 -0.0182526 -3.80281e-05 6.19479e-05 -0.0182526 0.089553 6.21739e-05 -0.000113733 -3.80281e-05 6.21739e-05 0.010292 -0.0188155 6.19479e-05 -0.000113733 -0.0188155 0.0911335 
0.0100039 -0.0182811 -2.06655e-05 2.95526e-05 -0.0182811 0.0896143 2.2421e-05 -6.76091e-05 -2.06655e-05 2.2421e-05 0.0102564 -0.0187558 2.95526e-05 -6.76091e-05 -0.0187558 0.0910032 
0.0100349 -0.0183361 -1.46904e-05 1.96791e-05 -0.0183361 0.0897397 8.09063e-06 -3.34327e-05 -1.46904e-05 8.09063e-06 0.0102192 -0.0186937 1.96791e-05 -3.34327e-05 -0.0186937 0.0908257 
0.0100322 -0.0183555 -2.65458e-05 -1.64186e-07 -0.0183555 0.0898035 -1.11395e-05 2.11309e-05 -2.65458e-05 -1.11395e-05 0.0102026 -0.0186621 -1.64186e-07 2.11309e-05 -0.0186621 0.0907227 
0.0100559 -0.0183648 -3.70294e-05 2.18981e-05 -0.0183648 0.089857 1.31876e-05 -4.2393e-06 -3.70294e-05 1.31876e-05 0.0101928 -0.0186436 2.18981e-05 -4.2393e-06 -0.0186436 0.0906686 
0.0100757 -0.0183674 -1.67732e-05 3.01529e-05 -0.0183674 0.0898468 2.57207e-05 -3.57985e-05 -1.67732e-05 2.57207e-05 0.0101754 -0.0186475 3.01529e-05 -3.57985e-05 -0.0186475 0.0906703 
0.0100421 -0.0183147 -1.50672e-05 -6.17804e-08 -0.0183147 0.0896739 -1.58364e-06 -2.73924e-06 -1.50672e-05 -1.58364e-06 0.0101826 -0.0186744 -6.17804e-08 -2.73924e-06 -0.0186744 0.0907603 
0.0100327 -0.018332 -2.82928e-05 -6.13887e-06 -0.018332 0.0896978 -6.16147e-06 3.16526e-05 -2.82928e-05 -6.16147e-06 0.0101951 -0.0186438 -6.13887e-06 3.16526e-05 -0.0186438 0.0907114 
0.0100606 -0.0183945 -7.48875e-05 1.94139e-05 -0.0183945 0.0898929 2.24586e-05 -8.19772e-06 -7.48875e-05 2.24586e-05 0.0102075 -0.0186108 1.94139e-05 -8.19772e-06 -0.0186108 0.0905886 
0.010073 -0.0184177 -0.000151033 7.89144e-05 -0.0184177 0.0899921 8.93399e-05 -0.000136175 -0.000151033 8.93399e-05 0.0102099 -0.0186291 7.89144e-05 -0.000136175 -0.0186291 0.0905676 
0.0100641 -0.0183938 -0.000165934 0.000153453 -0.0183938 0.0899476 0.000166886 -0.000292207 -0.000165934 0.000166886 0.0102 -0.0186557 0.000153453 -0.000292207 -0.0186557 0.0906304 
0.0100276 -0.0183515 -0.000154364 0.000159952 -0.0183515 0.0898265 0.00016996 -0.00035175 -0.000154364 0.00016996 0.0101997 -0.0186645 0.000159952 -0.00035175 -0.0186645 0.0906916 
0.00999565 -0.0183024 -0.000141369 0.000144677 -0.0183024 0.089698 0.000149807 -0.000333262 -0.000141369 0.000149807 0.0102002 -0.0186603 0.000144677 -0.000333262 -0.0186603 0.0906941 
0.00998685 -0.0182712 -0.000121976 0.000136486 -0.0182712 0.0896013 0.00013405 -0.000307283 -0.000121976 0.00013405 0.0101856 -0.0186447 0.000136486 -0.000307283 -0.0186447 0.0906484 
0.0099794 -0.0182614 -0.000114262 0.000130281 -0.0182614 0.0895457 0.000124837 -0.000302466 -0.000114262 0.000124837 0.0101341 -0.0186091 0.000130281 -0.000302466 -0.0186091 0.0905485 
0.00998597 -0.0182509 -8.69608e-05 0.000115818 -0.0182509 0.0895139 0.000110421 -0.000269827 -8.69608e-05 0.000110421 0.0101159 -0.0185619 0.000115818 -0.000269827 -0.0185619 0.0904666 
0.00997746 -0.0182497 -8.68219e-05 8.4733e-05 -0.0182497 0.0894868 8.12433e-05 -0.000214424 -8.68219e-05 8.12433e-05 0.0101308 -0.0185377 8.4733e-05 -0.000214424 -0.0185377 0.0903865 
0.00997464 -0.0182455 -0.000100851 7.63015e-05 -0.0182455 0.0894795 7.23034e-05 -0.000163681 -0.000100851 7.23034e-05 0.0101653 -0.0185665 7.63015e-05 -0.000163681 -0.0185665 0.0904223 
0.00995171 -0.0182509 -0.000140469 9.92171e-05 -0.0182509 0.0894919 9.52451e-05 -0.000191513 -0.000140469 9.52451e-05 0.0101895 -0.0186007 9.92171e-05 -0.000191513 -0.0186007 0.0904864 
0.0099618 -0.0182827 -0.000178713 0.000151256 -0.0182827 0.0896211 0.000148312 -0.000290392 -0.000178713 0.000148312 0.0101992 -0.0186053 0.000151256 -0.000290392 -0.0186053 0.0905097 
0.00996512 -0.0182851 -0.000211314 0.00020579 -0.0182851 0.0896637 0.000207398 -0.000436694 -0.000211314 0.000207398 0.0102245 -0.0186306 0.00020579 -0.000436694 -0.0186306 0.0905753 
0.0099388 -0.0182089 -0.000165888 0.000206042 -0.0182089 0.0894663 0.000212669 -0.000460311 -0.000165888 0.000212669 0.0102037 -0.0186888 0.000206042 -0.000460311 -0.0186888 0.0906986 
0.00991276 -0.018168 -0.000106635 0.00014945 -0.018168 0.0893084 0.000155541 -0.000372011 -0.000106635 0.000155541 0.0101906 -0.0186736 0.00014945 -0.000372011 -0.0186736 0.0907443 
0.00990682 -0.0181705 -9.41591e-05 8.65212e-05 -0.0181705 0.0892918 8.95287e-05 -0.000232613 -9.41591e-05 8.95287e-05 0.0101808 -0.01863 8.65212e-05 -0.000232613 -0.01863 0.0906534 
0.00992784 -0.0182118 -0.000100131 8.12999e-05 -0.0182118 0.0894083 8.2876e-05 -0.000169905 -0.000100131 8.2876e-05 0.0101962 -0.0185909 8.12999e-05 -0.000169905 -0.0185909 0.0905336 
0.00993213 -0.0181755 -9.62046e-05 8.67172e-05 -0.0181755 0.0893271 8.96184e-05 -0.000166072 -9.62046e-05 8.96184e-05 0.0102186 -0.018653 8.67172e-05 -0.000166072 -0.018653 0.0906256 
0.00992627 -0.0181871 -0.000115087 9.70123e-05 -0.0181871 0.0893111 0.000101156 -0.000204515 -0.000115087 0.000101156 0.0102235 -0.018673 9.70123e-05 -0.000204515 -0.018673 0.0906959 
0.00993946 -0.0182079 -0.000119455 0.000114053 -0.0182079 0.0893793 0.000117322 -0.000236892 -0.000119455 0.000117322 0.0102238 -0.0186652 0.000114053 -0.000236892 -0.0186652 0.0906969 
0.00993052 -0.0182096 -0.000135011 0.00011631 -0.0182096 0.0893904 0.000116036 -0.000248938 -0.000135011 0.000116036 0.0102382 -0.018672 0.00011631 -0.000248938 -0.018672 0.0907062 
0.00993446 -0.0181884 -0.000105099 0.00011877 -0.0181884 0.0893556 0.00011923 -0.000236037 -0.000105099 0.00011923 0.0102281 -0.0187012 0.00011877 -0.000236037 -0.0187012 0.0907645 
0.00992326 -0.0181952 -9.05498e-05 8.65305e-05 -0.0181952 0.0893527 8.87967e-05 -0.000189373 -9.05498e-05 8.87967e-05 0.0102167 -0.0186851 8.65305e-05 -0.000189373 -0.0186851 0.0907592 
0.00989558 -0.0181942 -0.000108851 6.76962e-05 -0.0181942 0.0893697 6.78063e-05 -0.000129994 -0.000108851 6.78063e-05 0.0102056 -0.0186594 6.76962e-05 -0.000129994 -0.0186594 0.0906973 
0.00986097 -0.018162 -0.000123878 9.04574e-05 -0.018162 0.0893263 8.73626e-05 -0.000141997 -0.000123878 8.73626e-05 0.0101766 -0.0186315 9.04574e-05 -0.000141997 -0.0186315 0.0906075 
0.00985077 -0.0181412 -0.000135607 0.000136043 -0.0181412 0.0892965 0.000131756 -0.000254556 -0.000135607 0.000131756 0.0101502 -0.0185812 0.000136043 -0.000254556 -0.0185812 0.0904923 
0.00982933 -0.0180807 -0.000128898 0.00014795 -0.0180807 0.0891304 0.000147085 -0.000324089 -0.000128898 0.000147085 0.0101438 -0.0185737 0.00014795 -0.000324089 -0.0185737 0.0904556 
0.00980306 -0.0180516 -9.86882e-05 0.000126556 -0.0180516 0.0890092 0.000126789 -0.00029868 -9.86882e-05 0.000126789 0.0101206 -0.0185421 0.000126556 -0.00029868 -0.0185421 0.090358 
0.00978522 -0.0180079 -8.94758e-05 9.09979e-05 -0.0180079 0.0888846 9.13978e-05 -0.000229591 -8.94758e-05 9.13978e-05 0.0101118 -0.0185182 9.09979e-05 -0.000229591 -0.0185182 0.0902866 
0.00979696 -0.0179959 -0.000114205 8.87739e-05 -0.0179959 0.0888231 9.03566e-05 -0.000206038 -0.000114205 9.03566e-05 0.0101017 -0.0184954 8.87739e-05 -0.000206038 -0.0184954 0.0902117 
0.009819 -0.0180418 -0.000161527 0.00011855 -0.0180418 0.0889097 0.000122397 -0.000248716 -0.000161527 0.000122397 0.0101142 -0.0184634 0.00011855 -0.000248716 -0.0184634 0.0901164 
0.00985566 -0.0181117 -0.000200618 0.000178617 -0.0181117 0.0891107 0.000180918 -0.000362384 -0.000200618 0.000180918 0.0101332 -0.0184625 0.000178617 -0.000362384 -0.0184625 0.0900681 
0.00986335 -0.0181271 -0.000180357 0.000208919 -0.0181271 0.0891847 0.000209792 -0.000440089 -0.000180357 0.000209792 0.0101435 -0.0185209 0.000208919 -0.000440089 -0.0185209 0.090184 
0.00983582 -0.018108 -0.000178168 0.000193494 -0.018108 0.0891535 0.00019588 -0.000460562 -0.000178168 0.00019588 0.0101589 -0.0185703 0.000193494 -0.000460562 -0.0185703 0.0903599 
0.00979214 -0.0180518 -0.000194559 0.000179988 -0.0180518 0.0890285 0.000183304 -0.000426787 -0.000194559 0.000183304 0.010175 -0.0186089 0.000179988 -0.000426787 -0.0186089 0.0905105 
0.00978539 -0.0180227 -0.000215099 0.000205836 -0.0180227 0.0889585 0.000209767 -0.000459545 -0.000215099 0.000209767 0.0101828 -0.0186109 0.000205836 -0.000459545 -0.0186109 0.0905552 
0.00979613 -0.0180668 -0.000248463 0.000240726 -0.0180668 0.0890551 0.000246036 -0.000542377 -0.000248463 0.000246036 0.010184 -0.0185647 0.000240726 -0.000542377 -0.0185647 0.0904293 
0.00979784 -0.0180883 -0.000248627 0.000283083 -0.0180883 0.0891426 0.000287317 -0.000643298 -0.000248627 0.000287317 0.0101596 -0.0185473 0.000283083 -0.000643298 -0.0185473 0.0903186 
0.00978687 -0.0180671 -0.000231022 0.000264499 -0.0180671 0.0891217 0.000266427 -0.00062883 -0.000231022 0.000266427 0.010173 -0.0185544 0.000264499 -0.00062883 -0.0185544 0.090342 
0.00979898 -0.018081 -0.000226963 0.000243235 -0.018081 0.0891589 0.000242228 -0.000577874 -0.000226963 0.000242228 0.0101727 -0.018535 0.000243235 -0.000577874 -0.018535 0.0902731 
0.00979611 -0.0180615 -0.000220373 0.000231478 -0.0180615 0.0891021 0.000229929 -0.000529819 -0.000220373 0.000229929 0.0101881 -0.0185567 0.000231478 -0.000529819 -0.0185567 0.090301 
0.00977121 -0.0180023 -0.000201552 0.000213668 -0.0180023 0.0889179 0.000212592 -0.00047605 -0.000201552 0.000212592 0.0101903 -0.0186144 0.000213668 -0.00047605 -0.0186144 0.0904429 
0.00977242 -0.0179558 -0.000143928 0.00017772 -0.0179558 0.0887545 0.000178798 -0.00038653 -0.000143928 0.000178798 0.0101566 -0.018634 0.00017772 -0.00038653 -0.018634 0.090553 
0.00979175 -0.0180293 -0.000153443 0.000145067 -0.0180293 0.0888882 0.000149667 -0.00034274 -0.000153443 0.000149667 0.0101379 -0.0185384 0.000145067 -0.00034274 -0.0185384 0.0903923 
0.00978402 -0.0180483 -0.000188095 0.000175982 -0.0180483 0.0889748 0.000181866 -0.000394214 -0.000188095 0.000181866 0.0101196 -0.0185073 0.000175982 -0.000394214 -0.0185073 0.0902505 
0.0097596 -0.0180407 -0.000216099 0.000200239 -0.0180407 0.0889997 0.000205455 -0.000440483 -0.000216099 0.000205455 0.0101177 -0.0184843 0.000200239 -0.000440483 -0.0184843 0.090166 
0.00975882 -0.0180235 -0.00021252 0.000235643 -0.0180235 0.0889929 0.000238121 -0.000511511 -0.00021252 0.000238121 0.0101183 -0.0184767 0.000235643 -0.000511511 -0.0184767 0.0901258 
0.00977229 -0.0180319 -0.000224858 0.000236623 -0.0180319 0.0890098 0.00023403 -0.000544115 -0.000224858 0.00023403 0.0101142 -0.0184648 0.000236623 -0.000544115 -0.0184648 0.0900775 
0.00976563 -0.0180176 -0.000219488 0.000249185 -0.0180176 0.0889583 0.000244178 -0.000561251 -0.000219488 0.000244178 0.0101415 -0.0184911 0.000249185 -0.000561251 -0.0184911 0.0901416 
0.00977348 -0.0180108 -0.00023241 0.000239636 -0.0180108 0.0889277 0.000232317 -0.000550086 -0.00023241 0.000232317 0.0101496 -0.0185199 0.000239636 -0.000550086 -0.0185199 0.0902022 
0.00981554 -0.0180485 -0.000227995 0.000257754 -0.0180485 0.0890051 0.000246969 -0.000563491 -0.000227995 0.000246969 0.010159 -0.0185206 0.000257754 -0.000563491 -0.0185206 0.0902304 
0.00980199 -0.0180467 -0.000234944 0.000232942 -0.0180467 0.0889705 0.000223276 -0.00051847 -0.000234944 0.000223276 0.010165 -0.0185475 0.000232942 -0.00051847 -0.0185475 0.0902731 
0.00980657 -0.0180334 -0.000218232 0.00024477 -0.0180334 0.0889441 0.000239996 -0.000526028 -0.000218232 0.000239996 0.0101508 -0.0185615 0.00024477 -0.000526028 -0.0185615 0.0903248 
0.00982107 -0.0180502 -0.000207442 0.000233852 -0.0180502 0.0889677 0.000235487 -0.000537556 -0.000207442 0.000235487 0.0101191 -0.0185354 0.000233852 -0.000537556 -0.0185354 0.0902932 
0.00981067 -0.0180707 -0.000211083 0.000222522 -0.0180707 0.0890183 0.000228607 -0.00053152 -0.000211083 0.000228607 0.0100955 -0.0184887 0.000222522 -0.00053152 -0.0184887 0.0901894 
0.0097765 -0.0180374 -0.000200973 0.0002144 -0.0180374 0.0889682 0.000220529 -0.000499658 -0.000200973 0.000220529 0.0100996 -0.0184753 0.0002144 -0.000499658 -0.0184753 0.0901421 
0.0097872 -0.0180345 -0.000174438 0.000223112 -0.0180345 0.0889851 0.000224485 -0.000517528 -0.000174438 0.000224485 0.0101224 -0.0184652 0.000223112 -0.000517528 -0.0184652 0.0901108 
0.00978358 -0.0180262 -0.000144471 0.000174885 -0.0180262 0.0889491 0.000174205 -0.000429673 -0.000144471 0.000174205 0.0101267 -0.0184989 0.000174885 -0.000429673 -0.0184989 0.0901476 
0.00976501 -0.0180373 -0.000164744 0.000138089 -0.0180373 0.088973 0.000137598 -0.000326983 -0.000164744 0.000137598 0.0101394 -0.0184977 0.000138089 -0.000326983 -0.0184977 0.0901664 
0.0097295 -0.0179761 -0.000155858 0.000156314 -0.0179761 0.0888441 0.000153479 -0.000303985 -0.000155858 0.000153479 0.010157 -0.0185429 0.000156314 -0.000303985 -0.0185429 0.0902748 
0.00972659 -0.0179682 -0.000156913 0.000159296 -0.0179682 0.0888124 0.000154084 -0.000326124 -0.000156913 0.000154084 0.010144 -0.0185304 0.000159296 -0.000326124 -0.0185304 0.0902655 
0.00974056 -0.017942 -0.000131584 0.000158091 -0.017942 0.088736 0.00015576 -0.000334086 -0.000131584 0.00015576 0.0101224 -0.0185329 0.000158091 -0.000334086 -0.0185329 0.0902831 
0.0097658 -0.0179754 -0.000113656 0.000137103 -0.0179754 0.0887734 0.000142027 -0.000325343 -0.000113656 0.000142027 0.0100896 -0.0184816 0.000137103 -0.000325343 -0.0184816 0.0901779 
0.00978347 -0.0180048 -0.000106452 0.000117307 -0.0180048 0.088841 0.000125052 -0.000292073 -0.000106452 0.000125052 0.0100773 -0.0184549 0.000117307 -0.000292073 -0.0184549 0.0901117 
0.00979327 -0.0180162 -9.77793e-05 0.000109238 -0.0180162 0.0888731 0.000115635 -0.0002655 -9.77793e-05 0.000115635 0.0100555 -0.0184443 0.000109238 -0.0002655 -0.0184443 0.0900736 
0.00982387 -0.0180633 -0.000118946 0.000104941 -0.0180633 0.0889989 0.000108209 -0.000250686 -0.000118946 0.000108209 0.0100661 -0.0184079 0.000104941 -0.000250686 -0.0184079 0.0900103 
0.00981924 -0.0180593 -0.000114416 0.000119774 -0.0180593 0.0889956 0.000118151 -0.000249208 -0.000114416 0.000118151 0.0101097 -0.01845 0.000119774 -0.000249208 -0.01845 0.0900717 
0.00980776 -0.018026 -9.22241e-05 0.000106244 -0.018026 0.0889103 0.000101585 -0.00022267 -9.22241e-05 0.000101585 0.0101725 -0.0185429 0.000106244 -0.00022267 -0.0185429 0.0902972 
0.0098241 -0.0180325 -6.81066e-05 8.51654e-05 -0.0180325 0.0889028 7.93599e-05 -0.000182325 -6.81066e-05 7.93599e-05 0.0101892 -0.0186021 8.51654e-05 -0.000182325 -0.0186021 0.0904606 
0.00985757 -0.0181103 -0.000100359 5.94042e-05 -0.0181103 0.0890906 5.17385e-05 -0.000122255 -0.000100359 5.17385e-05 0.0101691 -0.0185761 5.94042e-05 -0.000122255 -0.0185761 0.090427 
0.00984822 -0.0180837 -0.000101268 8.72791e-05 -0.0180837 0.0890532 7.74235e-05 -0.000126189 -0.000101268 7.74235e-05 0.0101228 -0.0185852 8.72791e-05 -0.000126189 -0.0185852 0.0904412 
0.00982819 -0.0180839 -9.42912e-05 9.49372e-05 -0.0180839 0.0890492 8.7924e-05 -0.00016188 -9.42912e-05 8.7924e-05 0.010099 -0.0185208 9.49372e-05 -0.00016188 -0.0185208 0.0903424 
0.00980677 -0.0180601 -8.00216e-05 9.31024e-05 -0.0180601 0.0890129 8.92177e-05 -0.000184602 -8.00216e-05 8.92177e-05 0.0100848 -0.0184798 9.31024e-05 -0.000184602 -0.0184798 0.0902091 
0.00975474 -0.0179513 -5.65882e-05 6.05509e-05 -0.0179513 0.0887297 6.0099e-05 -0.000131819 -5.65882e-05 6.0099e-05 0.0100812 -0.018514 6.05509e-05 -0.000131819 -0.018514 0.0902579 
0.00973187 -0.0179266 -7.10343e-05 4.42431e-05 -0.0179266 0.0886129 4.47599e-05 -9.66094e-05 -7.10343e-05 4.47599e-05 0.0100536 -0.0184638 4.42431e-05 -9.66094e-05 -0.0184638 0.090157 
0.00976529 -0.0179407 -7.09774e-05 7.85737e-05 -0.0179407 0.0886406 7.7028e-05 -0.000151192 -7.09774e-05 7.7028e-05 0.00999945 -0.0183884 7.85737e-05 -0.000151192 -0.0183884 0.0899509 
0.00977367 -0.0179664 -4.80562e-05 6.57429e-05 -0.0179664 0.0886772 6.63751e-05 -0.000149467 -4.80562e-05 6.63751e-05 0.00997935 -0.0183298 6.57429e-05 -0.000149467 -0.0183298 0.0897843 
0.00976847 -0.0180252 -8.01566e-05 4.2327e-05 -0.0180252 0.0888468 4.76801e-05 -0.000115598 -8.01566e-05 4.76801e-05 0.00998093 -0.018265 4.2327e-05 -0.000115598 -0.018265 0.0895733 
0.00977399 -0.018043 -0.000102129 8.63177e-05 -0.018043 0.0889765 9.64571e-05 -0.000176388 -0.000102129 9.64571e-05 0.00999514 -0.0182631 8.63177e-05 -0.000176388 -0.0182631 0.0894953 
0.00974255 -0.0180051 -0.000115902 0.000110843 -0.0180051 0.0889092 0.000116645 -0.000244124 -0.000115902 0.000116645 0.0100496 -0.018319 0.000110843 -0.000244124 -0.018319 0.089605 
0.00973598 -0.0179797 -0.000119998 0.000126886 -0.0179797 0.0888487 0.000124127 -0.000281592 -0.000119998 0.000124127 0.010065 -0.0183727 0.000126886 -0.000281592 -0.0183727 0.0897235 
0.00973268 -0.01794 -0.000103074 0.000131571 -0.01794 0.0887233 0.000125646 -0.000296586 -0.000103074 0.000125646 0.0100706 -0.0184262 0.000131571 -0.000296586 -0.0184262 0.0899029 
0.00973568 -0.0179229 -7.57351e-05 0.000102436 -0.0179229 0.0886322 9.73619e-05 -0.000246818 -7.57351e-05 9.73619e-05 0.0100637 -0.0184455 0.000102436 -0.000246818 -0.0184455 0.0900174 
0.00973173 -0.0179049 -5.0317e-05 5.28693e-05 -0.0179049 0.088546 5.06124e-05 -0.000128817 -5.0317e-05 5.06124e-05 0.0100477 -0.0184443 5.28693e-05 -0.000128817 -0.0184443 0.0900566 
0.00973881 -0.0179513 -3.75218e-05 3.37088e-05 -0.0179513 0.0886438 3.52666e-05 -6.54386e-05 -3.75218e-05 3.52666e-05 0.0100162 -0.0183782 3.37088e-05 -6.54386e-05 -0.0183782 0.0899142 
0.0096877 -0.0178874 -2.9769e-05 -7.34078e-07 -0.0178874 0.0885071 4.83803e-06 2.55143e-05 -2.9769e-05 4.83803e-06 0.0100219 -0.0183927 -7.34078e-07 2.55143e-05 -0.0183927 0.0899273 
0.00969936 -0.0178806 -5.66418e-05 1.70179e-05 -0.0178806 0.0884988 2.39819e-05 1.05508e-06 -5.66418e-05 2.39819e-05 0.0100081 -0.0183553 1.70179e-05 1.05508e-06 -0.0183553 0.0898407 
0.00973656 -0.0179117 -4.56628e-05 4.91471e-05 -0.0179117 0.0885591 5.69987e-05 -6.50118e-05 -4.56628e-05 5.69987e-05 0.00996113 -0.0183052 4.91471e-05 -6.50118e-05 -0.0183052 0.089678 
0.00974932 -0.0179351 -6.65034e-05 4.94841e-05 -0.0179351 0.0886005 5.58646e-05 -0.000114395 -6.65034e-05 5.58646e-05 0.0099392 -0.0182643 4.94841e-05 -0.000114395 -0.0182643 0.0895682 
0.00972942 -0.0179595 -0.00010909 7.39805e-05 -0.0179595 0.0886685 7.55635e-05 -0.000156465 -0.00010909 7.55635e-05 0.00994857 -0.0182334 7.39805e-05 -0.000156465 -0.0182334 0.0894738 
0.00970368 -0.0179365 -0.000143224 0.000137887 -0.0179365 0.0886633 0.000136186 -0.000283971 -0.000143224 0.000136186 0.00996367 -0.018249 0.000137887 -0.000283971 -0.018249 0.0894709 
0.00968737 -0.0178979 -0.000149623 0.000164504 -0.0178979 0.0885862 0.000161257 -0.000364014 -0.000149623 0.000161257 0.0099799 -0.0182759 0.000164504 -0.000364014 -0.0182759 0.0895329 
0.00971078 -0.0178902 -0.000143906 0.000165607 -0.0178902 0.0885523 0.00016034 -0.000384519 -0.000143906 0.00016034 0.0099578 -0.0182779 0.000165607 -0.000384519 -0.0182779 0.0895413 
0.00974206 -0.0179085 -0.000105913 0.00015196 -0.0179085 0.088558 0.000146768 -0.000357933 -0.000105913 0.000146768 0.00993639 -0.0182663 0.00015196 -0.000357933 -0.0182663 0.0895465 
0.00975793 -0.0179235 -6.95937e-05 0.00010421 -0.0179235 0.0885638 0.000102071 -0.000273852 -6.95937e-05 0.000102071 0.00993394 -0.0182592 0.00010421 -0.000273852 -0.0182592 0.0895508 
0.00974304 -0.0179465 -7.10907e-05 6.72875e-05 -0.0179465 0.0886101 6.81552e-05 -0.000188886 -7.10907e-05 6.81552e-05 0.00994658 -0.0182557 6.72875e-05 -0.000188886 -0.0182557 0.0895445 
0.00971134 -0.0179163 -6.60317e-05 6.97569e-05 -0.0179163 0.0885728 7.12774e-05 -0.000157853 -6.60317e-05 7.12774e-05 0.00998128 -0.0182948 6.97569e-05 -0.000157853 -0.0182948 0.0896354 
0.00968065 -0.0179213 -6.73441e-05 5.65824e-05 -0.0179213 0.0886075 5.78581e-05 -0.000123403 -6.73441e-05 5.78581e-05 0.00997996 -0.0182822 5.65824e-05 -0.000123403 -0.0182822 0.0895843 
0.00965911 -0.0178804 -0.000101107 7.13699e-05 -0.0178804 0.0885538 7.00838e-05 -0.000145825 -0.000101107 7.00838e-05 0.00998186 -0.0182862 7.13699e-05 -0.000145825 -0.0182862 0.0895836 
0.00966267 -0.0178349 -8.97533e-05 0.000101144 -0.0178349 0.088433 9.64992e-05 -0.000183811 -8.97533e-05 9.64992e-05 0.00997634 -0.0183082 0.000101144 -0.000183811 -0.0183082 0.0896463 
0.00969226 -0.017857 -7.33666e-05 0.000106401 -0.017857 0.0884365 0.000102476 -0.000236501 -7.33666e-05 0.000102476 0.0099577 -0.0182828 0.000106401 -0.000236501 -0.0182828 0.0896124 
0.00973721 -0.0179327 -5.48236e-05 8.90318e-05 -0.0179327 0.0886109 9.30604e-05 -0.00023777 -5.48236e-05 9.30604e-05 0.00993892 -0.0182259 8.90318e-05 -0.00023777 -0.0182259 0.0894646 
0.00975282 -0.0180108 -6.0518e-05 6.86619e-05 -0.0180108 0.0888359 7.48286e-05 -0.000205784 -6.0518e-05 7.48286e-05 0.0099484 -0.0181908 6.86619e-05 -0.000205784 -0.0181908 0.0893343 
0.00974745 -0.017989 -6.03502e-05 4.83733e-05 -0.017989 0.0888503 4.71634e-05 -0.000118173 -6.03502e-05 4.71634e-05 0.00999134 -0.0182559 4.83733e-05 -0.000118173 -0.0182559 0.0894513 
0.00974063 -0.0179691 -9.18506e-05 6.33518e-05 -0.0179691 0.0887925 5.61362e-05 -0.000118917 -9.18506e-05 5.61362e-05 0.0100172 -0.0183154 6.33518e-05 -0.000118917 -0.0183154 0.0896055 
0.0097039 -0.0179277 -0.000124444 9.11831e-05 -0.0179277 0.088659 8.48789e-05 -0.000155802 -0.000124444 8.48789e-05 0.0100249 -0.0183593 9.11831e-05 -0.000155802 -0.0183593 0.0897435 
0.00970917 -0.0178878 -0.000153028 0.000134045 -0.0178878 0.0885518 0.000134979 -0.00025532 -0.000153028 0.000134979 0.00999507 -0.0183697 0.000134045 -0.00025532 -0.0183697 0.0898174 
0.00968867 -0.0178507 -0.000158285 0.000152123 -0.0178507 0.0883971 0.00015914 -0.00031719 -0.000158285 0.00015914 0.00997112 -0.018354 0.000152123 -0.00031719 -0.018354 0.0898322 
0.00967846 -0.0178452 -0.000164324 0.000158523 -0.0178452 0.0883554 0.000166742 -0.000349608 -0.000164324 0.000166742 0.00996394 -0.0183068 0.000158523 -0.000349608 -0.0183068 0.0897408 
0.00967792 -0.0178284 -0.000124323 0.000168289 -0.0178284 0.0883125 0.000175228 -0.000375963 -0.000124323 0.000175228 0.00996006 -0.018296 0.000168289 -0.000375963 -0.018296 0.0896779 
0.00971862 -0.0179174 -0.000100489 0.000144619 -0.0179174 0.0885356 0.000148398 -0.000372994 -0.000100489 0.000148398 0.00993134 -0.018212 0.000144619 -0.000372994 -0.018212 0.0894391 
0.00974021 -0.0179399 -5.61209e-05 0.000103924 -0.0179399 0.0886379 0.000107952 -0.000286508 -5.61209e-05 0.000107952 0.00991646 -0.0182056 0.000103924 -0.000286508 -0.0182056 0.0893604 
0.00973056 -0.0179566 -4.68749e-05 4.60893e-05 -0.0179566 0.0886886 5.24948e-05 -0.000157763 -4.68749e-05 5.24948e-05 0.00990941 -0.0181938 4.60893e-05 -0.000157763 -0.0181938 0.0893258 
0.00975617 -0.0179438 -4.9631e-05 4.04083e-05 -0.0179438 0.0886915 4.66744e-05 -0.000100789 -4.9631e-05 4.66744e-05 0.00990966 -0.0182043 4.04083e-05 -0.000100789 -0.0182043 0.0893633 
0.00975241 -0.0179417 -8.25804e-05 5.58005e-05 -0.0179417 0.0886402 5.58687e-05 -0.000120346 -8.25804e-05 5.58687e-05 0.00991968 -0.0182164 5.58005e-05 -0.000120346 -0.0182164 0.0894013 
0.00971662 -0.0179311 -0.000110429 8.20695e-05 -0.0179311 0.0885993 7.6725e-05 -0.000148839 -0.000110429 7.6725e-05 0.00994664 -0.0182292 8.20695e-05 -0.000148839 -0.0182292 0.0894305 
0.0097032 -0.0179157 -0.000118697 0.000118978 -0.0179157 0.088595 0.000111648 -0.000222173 -0.000118697 0.000111648 0.00998146 -0.0182504 0.000118978 -0.000222173 -0.0182504 0.0894699 
0.00970491 -0.0179048 -8.49912e-05 0.000117984 -0.0179048 0.088576 0.000113265 -0.000243964 -8.49912e-05 0.000113265 0.00998034 -0.0182821 0.000117984 -0.000243964 -0.0182821 0.0895185 
0.00968556 -0.0178915 -8.4013e-05 7.97548e-05 -0.0178915 0.088531 7.59787e-05 -0.000194679 -8.4013e-05 7.59787e-05 0.00999996 -0.0183056 7.97548e-05 -0.000194679 -0.0183056 0.0896102 
0.00968508 -0.0179035 -8.24349e-05 8.5359e-05 -0.0179035 0.0885785 8.07822e-05 -0.000175393 -8.24349e-05 8.07822e-05 0.0100321 -0.0183142 8.5359e-05 -0.000175393 -0.0183142 0.0896521 
0.0096891 -0.0178988 -9.30489e-05 8.42905e-05 -0.0178988 0.0885855 7.87035e-05 -0.000170982 -9.30489e-05 7.87035e-05 0.0100653 -0.0183723 8.42905e-05 -0.000170982 -0.0183723 0.0897844 
0.00969605 -0.0178772 -8.89312e-05 0.000103804 -0.0178772 0.0885203 9.93268e-05 -0.000211857 -8.89312e-05 9.93268e-05 0.0100584 -0.0184304 0.000103804 -0.000211857 -0.0184304 0.0899464 
0.00970037 -0.0178527 -7.69675e-05 6.71622e-05 -0.0178527 0.0884201 6.74242e-05 -0.000143674 -7.69675e-05 6.74242e-05 0.0100392 -0.0184483 6.71622e-05 -0.000143674 -0.0184483 0.0900657 
0.00971641 -0.0179105 -0.000107763 7.80399e-05 -0.0179105 0.0885287 8.03085e-05 -0.000158648 -0.000107763 8.03085e-05 0.00999641 -0.0183642 7.80399e-05 -0.000158648 -0.0183642 0.0899012 
0.00975847 -0.0179707 -0.000129393 0.000127773 -0.0179707 0.0887231 0.00012716 -0.000254534 -0.000129393 0.00012716 0.00993727 -0.0182715 0.000127773 -0.000254534 -0.0182715 0.0896322 
