0.0075666 0 -0.00057931 0 0 0.01 0 0 -0.00057931 0 0.0070253 0 0 0 0 0.01 
0.010614 -0.0131788 -0.000685339 0.000835623 -0.0131788 0.034444 0.000835623 -0.0016023 -0.000685339 0.000835623 0.00996139 -0.0123725 0.000835623 -0.0016023 -0.0123725 0.0328977 
0.0105824 -0.0197644 -0.000631826 0.000891203 -0.0197644 0.0723622 0.000891203 -0.00278043 -0.000631826 0.000891203 0.0100859 -0.018891 0.000891203 -0.00278043 -0.018891 0.0695662 
0.0100086 -0.0192939 -0.000700846 0.000690488 -0.0192939 0.0860785 0.000680702 -0.00203326 -0.000700846 0.000680702 0.00950592 -0.0186853 0.000690488 -0.00203326 -0.0186853 0.0838741 
0.0100034 -0.018634 -0.00078479 0.00077913 -0.018634 0.0890083 0.000770242 -0.00171287 -0.00078479 0.000770242 0.0094389 -0.017943 0.00077913 -0.00171287 -0.017943 0.0871481 
0.010192 -0.018559 -0.00082089 0.00092424 -0.018559 0.0898967 0.000922101 -0.00199837 -0.00082089 0.000922101 0.00956982 -0.0178088 0.00092424 -0.00199837 -0.0178088 0.0880586 
0.0103016 -0.0186478 -0.000821156 0.000975609 -0.0186478 0.0903612 0.000979266 -0.00226664 -0.000821156 0.000979266 0.00968207 -0.0179219 0.000975609 -0.00226664 -0.0179219 0.0886087 
0.0103346 -0.0187607 -0.000760732 0.000940382 -0.0187607 0.0907404 0.000945352 -0.00228564 -0.000760732 0.000945352 0.00971189 -0.0179306 0.000940382 -0.00228564 -0.0179306 0.0887158 
0.0103055 -0.0187675 -0.000696 0.000844989 -0.0187675 0.0908493 0.000848016 -0.00210732 -0.000696 0.000848016 0.00973089 -0.0179326 0.000844989 -0.00210732 -0.0179326 0.0886981 
0.0102851 -0.0187194 -0.000661449 0.000766482 -0.0187194 0.0907902 0.000767986 -0.00189763 -0.000661449 0.000767986 0.00977276 -0.0179771 0.000766482 -0.00189763 -0.0179771 0.088774 
0.0102932 -0.0186793 -0.000614277 0.000715786 -0.0186793 0.0906619 0.000716197 -0.00172184 -0.000614277 0.000716197 0.00977205 -0.0180374 0.000715786 -0.00172184 -0.0180374 0.0889051 
0.0103234 -0.0187243 -0.000585742 0.000669049 -0.0187243 0.0907192 0.000670057 -0.00160062 -0.000585742 0.000670057 0.00975139 -0.018016 0.000669049 -0.00160062 -0.018016 0.0889148 
0.0103342 -0.0187623 -0.000592004 0.000651499 -0.0187623 0.0908207 0.000651928 -0.00154206 -0.000592004 0.000651928 0.00977228 -0.0180144 0.000651499 -0.00154206 -0.0180144 0.0889384 
0.0103162 -0.0187714 -0.000582249 0.000655376 -0.0187714 0.0908669 0.000652735 -0.00151826 -0.000582249 0.000652735 0.00977766 -0.0180354 0.000655376 -0.00151826 -0.0180354 0.0889709 
0.0102937 -0.0187554 -0.000580303 0.00064965 -0.0187554 0.0908714 0.000644794 -0.00151165 -0.000580303 0.000644794 0.00977455 -0.0180496 0.00064965 -0.00151165 -0.0180496 0.0890244 
0.0102926 -0.0187074 -0.000582491 0.000673209 -0.0187074 0.0907837 0.000669893 -0.00157854 -0.000582491 0.000669893 0.00976992 -0.0180761 0.000673209 -0.00157854 -0.0180761 0.0891217 
0.0102882 -0.0186757 -0.000576609 0.000673309 -0.0186757 0.0906657 0.000675216 -0.0016073 -0.000576609 0.000675216 0.00978672 -0.0181079 0.000673309 -0.0016073 -0.0181079 0.0892512 
0.0103167 -0.0186949 -0.000576755 0.000658879 -0.0186949 0.09068 0.000660564 -0.00158543 -0.000576755 0.000660564 0.00979301 -0.0181077 0.000658879 -0.00158543 -0.0181077 0.0892768 
0.0103441 -0.0187224 -0.000595239 0.000662713 -0.0187224 0.0907338 0.000662934 -0.00158116 -0.000595239 0.000662934 0.00982708 -0.0181465 0.000662713 -0.00158116 -0.0181465 0.0893858 
0.0103504 -0.0187625 -0.000604016 0.000670371 -0.0187625 0.0908227 0.000666515 -0.00157007 -0.000604016 0.000666515 0.00985983 -0.0181791 0.000670371 -0.00157007 -0.0181791 0.0894672 
0.0103575 -0.018778 -0.000640542 0.000682562 -0.018778 0.0908966 0.000675486 -0.0015837 -0.000640542 0.000675486 0.00985601 -0.018211 0.000682562 -0.0015837 -0.018211 0.0895346 
0.0103499 -0.0187934 -0.000652243 0.000723185 -0.0187934 0.0909491 0.000717935 -0.00165158 -0.000652243 0.000717935 0.00984177 -0.0181947 0.000723185 -0.00165158 -0.0181947 0.089526 
0.0103502 -0.0187954 -0.000647242 0.000740006 -0.0187954 0.0909886 0.000740067 -0.00172245 -0.000647242 0.000740067 0.00984349 -0.0181772 0.000740006 -0.00172245 -0.0181772 0.089498 
0.0103318 -0.01879 -0.000639919 0.000726234 -0.01879 0.0909783 0.000730554 -0.00172229 -0.000639919 0.000730554 0.00984161 -0.0181666 0.000726234 -0.00172229 -0.0181666 0.0894473 
0.0103401 -0.0187679 -0.000644907 0.000725788 -0.0187679 0.0909388 0.000730134 -0.00172856 -0.000644907 0.000730134 0.00983586 -0.0181681 0.000725788 -0.00172856 -0.0181681 0.0894413 
0.0103499 -0.0188272 -0.000645079 0.000721032 -0.0188272 0.0910658 0.000727484 -0.00171941 -0.000645079 0.000727484 0.00983045 -0.0181079 0.000721032 -0.00171941 -0.0181079 0.0892887 
0.0103384 -0.0188402 -0.000641228 0.000714238 -0.0188402 0.0911486 0.000718125 -0.00169076 -0.000641228 0.000718125 0.00984301 -0.0180971 0.000714238 -0.00169076 -0.0180971 0.0891935 
0.0103442 -0.01879 -0.000664439 0.000736374 -0.01879 0.0910695 0.000735853 -0.00173629 -0.000664439 0.000735853 0.00987376 -0.0181761 0.000736374 -0.00173629 -0.0181761 0.0893617 
0.0103652 -0.0188156 -0.000692541 0.000741897 -0.0188156 0.0910731 0.000740427 -0.00173865 -0.000692541 0.000740427 0.00985081 -0.0181754 0.000741897 -0.00173865 -0.0181754 0.0893954 
0.0103688 -0.0188077 -0.000727647 0.000785097 -0.0188077 0.091042 0.000784681 -0.00181649 -0.000727647 0.000784681 0.00985159 -0.0181996 0.000785097 -0.00181649 -0.0181996 0.0894988 
0.0103861 -0.0188129 -0.000745384 0.000843266 -0.0188129 0.0910454 0.000845355 -0.00196486 -0.000745384 0.000845355 0.00987428 -0.0182105 0.000843266 -0.00196486 -0.0182105 0.089566 
0.0103988 -0.0188642 -0.000757091 0.000835031 -0.0188642 0.0911423 0.000840385 -0.00198397 -0.000757091 0.000840385 0.00984861 -0.0181749 0.000835031 -0.00198397 -0.0181749 0.0894581 
0.0104127 -0.018877 -0.00076385 0.000840208 -0.018877 0.0912028 0.000844187 -0.00197883 -0.00076385 0.000844187 0.00983487 -0.018155 0.000840208 -0.00197883 -0.018155 0.0894011 
0.0104269 -0.0189028 -0.000758242 0.000836526 -0.0189028 0.0912627 0.000836381 -0.00195455 -0.000758242 0.000836381 0.00981077 -0.0181188 0.000836526 -0.00195455 -0.0181188 0.0893026 
0.0104179 -0.0188711 -0.000751858 0.000861601 -0.0188711 0.0911893 0.000859497 -0.00201569 -0.000751858 0.000859497 0.00982649 -0.0181471 0.000861601 -0.00201569 -0.0181471 0.0893674 
0.0103708 -0.0188621 -0.000691404 0.000848404 -0.0188621 0.0911367 0.0008436 -0.00201095 -0.000691404 0.0008436 0.00984069 -0.0181527 0.000848404 -0.00201095 -0.0181527 0.0893887 
0.0103597 -0.018802 -0.000673161 0.000792136 -0.018802 0.0910319 0.000785429 -0.00193303 -0.000673161 0.000785429 0.00985586 -0.0181886 0.000792136 -0.00193303 -0.0181886 0.0894767 
0.010364 -0.0187836 -0.000659126 0.000754496 -0.0187836 0.0909464 0.000747187 -0.00180988 -0.000659126 0.000747187 0.00985327 -0.0182028 0.000754496 -0.00180988 -0.0182028 0.0895263 
0.0103479 -0.0187977 -0.000637924 0.000747438 -0.0187977 0.0909559 0.000741591 -0.00176902 -0.000637924 0.000741591 0.00985813 -0.0181916 0.000747438 -0.00176902 -0.0181916 0.0895147 
0.0103422 -0.0188424 -0.000583158 0.000713953 -0.0188424 0.0911065 0.000710191 -0.00170412 -0.000583158 0.000710191 0.00985402 -0.0181297 0.000713953 -0.00170412 -0.0181297 0.0893392 
0.0103453 -0.0188311 -0.000577026 0.000652871 -0.0188311 0.0911506 0.000649107 -0.00158639 -0.000577026 0.000649107 0.0098505 -0.0181376 0.000652871 -0.00158639 -0.0181376 0.0892931 
0.0103496 -0.0187938 -0.00057121 0.000646917 -0.0187938 0.0910652 0.000644101 -0.00152391 -0.00057121 0.000644101 0.00987877 -0.0181908 0.000646917 -0.00152391 -0.0181908 0.0894301 
0.0103602 -0.0187713 -0.000633242 0.000645557 -0.0187713 0.0909522 0.000645003 -0.00151812 -0.000633242 0.000645003 0.00987225 -0.0182414 0.000645557 -0.00151812 -0.0182414 0.0895832 
0.0103937 -0.0188083 -0.000669722 0.000719297 -0.0188083 0.0910032 0.00072189 -0.00163483 -0.000669722 0.00072189 0.00986462 -0.0182273 0.000719297 -0.00163483 -0.0182273 0.0896226 
0.0103918 -0.0188825 -0.00064869 0.000751698 -0.0188825 0.0911712 0.00075835 -0.00174307 -0.00064869 0.00075835 0.00986499 -0.0181619 0.000751698 -0.00174307 -0.0181619 0.0894618 
0.0103369 -0.0188765 -0.000622494 0.000709509 -0.0188765 0.091212 0.000721501 -0.00170608 -0.000622494 0.000721501 0.00983351 -0.0181234 0.000709509 -0.00170608 -0.0181234 0.0892774 
0.0103041 -0.0187945 -0.000617649 0.000689645 -0.0187945 0.0910843 0.000703074 -0.00166048 -0.000617649 0.000703074 0.00981725 -0.0181184 0.000689645 -0.00166048 -0.0181184 0.0892501 
0.0102731 -0.0187198 -0.000613781 0.000681924 -0.0187198 0.090864 0.000689816 -0.00161782 -0.000613781 0.000689816 0.00982813 -0.0181343 0.000681924 -0.00161782 -0.0181343 0.0893116 
0.0102689 -0.0186756 -0.00060293 0.000674416 -0.0186756 0.0906951 0.000675008 -0.00157795 -0.00060293 0.000675008 0.00981149 -0.0181382 0.000674416 -0.00157795 -0.0181382 0.0893281 
0.0102957 -0.0187009 -0.000594792 0.000675839 -0.0187009 0.0907135 0.000673121 -0.00157975 -0.000594792 0.000673121 0.00979132 -0.0180896 0.000675839 -0.00157975 -0.0180896 0.0892287 
0.0103076 -0.0187279 -0.000571368 0.000674954 -0.0187279 0.0907662 0.000672283 -0.00159196 -0.000571368 0.000672283 0.00979024 -0.0180665 0.000674954 -0.00159196 -0.0180665 0.0891447 
0.0103019 -0.0187377 -0.000555366 0.000652113 -0.0187377 0.0908041 0.000651816 -0.00157229 -0.000555366 0.000651816 0.00980801 -0.0180759 0.000652113 -0.00157229 -0.0180759 0.0891369 
0.0102609 -0.0187096 -0.000536537 0.000632365 -0.0187096 0.0907426 0.000631516 -0.00152677 -0.000536537 0.000631516 0.00979829 -0.0180958 0.000632365 -0.00152677 -0.0180958 0.0891571 
0.0102726 -0.0186908 -0.000547899 0.000611409 -0.0186908 0.0907312 0.000607293 -0.00147549 -0.000547899 0.000607293 0.00977085 -0.0180717 0.000611409 -0.00147549 -0.0180717 0.0891296 
0.0102586 -0.0186914 -0.000573661 0.000628911 -0.0186914 0.0907096 0.000622321 -0.00148006 -0.000573661 0.000622321 0.00975497 -0.0180393 0.000628911 -0.00148006 -0.0180393 0.0890561 
0.0102218 -0.0186562 -0.000580556 0.000666947 -0.0186562 0.0906327 0.000663252 -0.00156076 -0.000580556 0.000663252 0.00976113 -0.0180293 0.000666947 -0.00156076 -0.0180293 0.089015 
0.0102291 -0.0186126 -0.000592292 0.000670577 -0.0186126 0.0905389 0.000670158 -0.00160171 -0.000592292 0.000670158 0.00977504 -0.0180463 0.000670577 -0.00160171 -0.0180463 0.0890446 
0.0102416 -0.0186197 -0.000614825 0.000684622 -0.0186197 0.0904997 0.000685874 -0.00163914 -0.000614825 0.000685874 0.00977462 -0.0180594 0.000684622 -0.00163914 -0.0180594 0.0890774 
0.0102595 -0.0186604 -0.000605079 0.000706717 -0.0186604 0.0905827 0.000707046 -0.00168223 -0.000605079 0.000707046 0.0097867 -0.0180413 0.000706717 -0.00168223 -0.0180413 0.0890522 
0.010269 -0.0186743 -0.00058625 0.000705499 -0.0186743 0.0906393 0.000705199 -0.00171156 -0.00058625 0.000705199 0.00982017 -0.0180784 0.000705499 -0.00171156 -0.0180784 0.0891184 
0.0102736 -0.0186872 -0.000600172 0.000668503 -0.0186872 0.0906765 0.000670146 -0.00164603 -0.000600172 0.000670146 0.00982391 -0.0181273 0.000668503 -0.00164603 -0.0181273 0.0892394 
0.0102889 -0.0187109 -0.000615181 0.000678534 -0.0187109 0.0907579 0.00068387 -0.00162496 -0.000615181 0.00068387 0.00980639 -0.0181259 0.000678534 -0.00162496 -0.0181259 0.0892811 
0.0102787 -0.0187476 -0.000620291 0.000679013 -0.0187476 0.0908625 0.000685993 -0.00160758 -0.000620291 0.000685993 0.00978123 -0.0180692 0.000679013 -0.00160758 -0.0180692 0.0891617 
0.0102838 -0.0187072 -0.000613101 0.00069568 -0.0187072 0.0908191 0.000698055 -0.00162943 -0.000613101 0.000698055 0.00978772 -0.0180784 0.00069568 -0.00162943 -0.0180784 0.089169 
0.0102636 -0.0186932 -0.000583609 0.000694348 -0.0186932 0.0907414 0.000690975 -0.00163716 -0.000583609 0.000690975 0.00981145 -0.018094 0.000694348 -0.00163716 -0.018094 0.0892023 
0.0102646 -0.0186955 -0.000570299 0.000660902 -0.0186955 0.0907446 0.000655573 -0.00158831 -0.000570299 0.000655573 0.00980206 -0.0180868 0.000660902 -0.00158831 -0.0180868 0.0891649 
0.0102788 -0.0186904 -0.00056018 0.000647878 -0.0186904 0.0907355 0.000642667 -0.00154481 -0.00056018 0.000642667 0.00981629 -0.0180952 0.000647878 -0.00154481 -0.0180952 0.0891901 
0.0102791 -0.0187394 -0.000523824 0.000625282 -0.0187394 0.0908313 0.00062186 -0.00148548 -0.000523824 0.00062186 0.00978681 -0.0180504 0.000625282 -0.00148548 -0.0180504 0.0890482 
0.010236 -0.0186887 -0.000521579 0.000585698 -0.0186887 0.0907345 0.000583741 -0.00140685 -0.000521579 0.000583741 0.00977582 -0.018061 0.000585698 -0.00140685 -0.018061 0.0890595 
0.0101949 -0.0186136 -0.000522581 0.000599512 -0.0186136 0.0905561 0.000596993 -0.0014107 -0.000522581 0.000596993 0.00979922 -0.0180777 0.000599512 -0.0014107 -0.0180777 0.089127 
0.0102004 -0.0186142 -0.000507717 0.000584903 -0.0186142 0.0905385 0.000580709 -0.00137752 -0.000507717 0.000580709 0.00979464 -0.0180516 0.000584903 -0.00137752 -0.0180516 0.0890544 
0.0102044 -0.0186042 -0.000484425 0.000573258 -0.0186042 0.0904994 0.000568174 -0.0013534 -0.000484425 0.000568174 0.00978454 -0.0180577 0.000573258 -0.0013534 -0.0180577 0.0890457 
0.0102258 -0.0185995 -0.000500079 0.000555925 -0.0185995 0.0904697 0.000553031 -0.00133258 -0.000500079 0.000553031 0.00976658 -0.0180544 0.000555925 -0.00133258 -0.0180544 0.0890494 
0.010227 -0.0186077 -0.000500322 0.000568049 -0.0186077 0.090446 0.000568809 -0.00133775 -0.000500322 0.000568809 0.00977077 -0.0180445 0.000568049 -0.00133775 -0.0180445 0.0890484 
0.0102184 -0.0186261 -0.000502782 0.000560045 -0.0186261 0.0904868 0.000564624 -0.00133038 -0.000502782 0.000564624 0.00976514 -0.0180314 0.000560045 -0.00133038 -0.0180314 0.0890035 
0.0101819 -0.0185848 -0.000487059 0.000578891 -0.0185848 0.0904112 0.000587891 -0.00138043 -0.000487059 0.000587891 0.00979516 -0.0180689 0.000578891 -0.00138043 -0.0180689 0.0890986 
0.0101464 -0.0185233 -0.000510527 0.000552943 -0.0185233 0.0902616 0.000563874 -0.00135521 -0.000510527 0.000563874 0.00981453 -0.0181208 0.000552943 -0.00135521 -0.0181208 0.0892362 
0.0101243 -0.0184886 -0.000543327 0.000590619 -0.0184886 0.0901537 0.000595353 -0.00140042 -0.000543327 0.000595353 0.00982241 -0.0181278 0.000590619 -0.00140042 -0.0181278 0.0892866 
0.0101758 -0.0185453 -0.000567336 0.000635229 -0.0185453 0.0903032 0.000633909 -0.00149616 -0.000567336 0.000633909 0.00977158 -0.0180549 0.000635229 -0.00149616 -0.0180549 0.0890995 
0.0102237 -0.0186046 -0.00056933 0.000658188 -0.0186046 0.0904576 0.000658876 -0.00156974 -0.00056933 0.000658876 0.00975381 -0.0180023 0.000658188 -0.00156974 -0.0180023 0.0889522 
0.0102491 -0.0186695 -0.000513657 0.000647613 -0.0186695 0.090633 0.000650336 -0.00156896 -0.000513657 0.000650336 0.00977939 -0.0179856 0.000647613 -0.00156896 -0.0179856 0.0888703 
0.0102338 -0.0186847 -0.000467849 0.000578205 -0.0186847 0.0907085 0.00057637 -0.00144468 -0.000467849 0.00057637 0.00980312 -0.0180295 0.000578205 -0.00144468 -0.0180295 0.0889162 
0.0101786 -0.018618 -0.000431899 0.000532441 -0.018618 0.0905777 0.000525154 -0.00131372 -0.000431899 0.000525154 0.00984186 -0.018112 0.000532441 -0.00131372 -0.018112 0.0891303 
0.010151 -0.018558 -0.000453678 0.000482394 -0.018558 0.0904341 0.000475933 -0.00117567 -0.000453678 0.000475933 0.00986327 -0.0181567 0.000482394 -0.00117567 -0.0181567 0.0892888 
0.0101524 -0.0185459 -0.000477599 0.000497655 -0.0185459 0.0903778 0.000497753 -0.00114049 -0.000477599 0.000497753 0.00985979 -0.0181543 0.000497655 -0.00114049 -0.0181543 0.0893098 
0.0101444 -0.0185267 -0.000493125 0.000535657 -0.0185267 0.0902994 0.000541401 -0.00121875 -0.000493125 0.000541401 0.00986219 -0.0181604 0.000535657 -0.00121875 -0.0181604 0.0893344 
0.0101374 -0.0185321 -0.000477237 0.000544123 -0.0185321 0.090288 0.00055164 -0.00125846 -0.000477237 0.00055164 0.00985367 -0.0181296 0.000544123 -0.00125846 -0.0181296 0.0892528 
0.0101178 -0.0185266 -0.00046395 0.000534647 -0.0185266 0.0902718 0.000544251 -0.00127374 -0.00046395 0.000544251 0.00984036 -0.0181014 0.000534647 -0.00127374 -0.0181014 0.0891547 
0.0101251 -0.0185277 -0.000442354 0.000521368 -0.0185277 0.0902979 0.000529641 -0.00125647 -0.000442354 0.000529641 0.0098155 -0.0180578 0.000521368 -0.00125647 -0.0180578 0.0890164 
0.0101315 -0.0185354 -0.000428302 0.000507277 -0.0185354 0.0903185 0.000511561 -0.00123606 -0.000428302 0.000511561 0.00980189 -0.0180238 0.000507277 -0.00123606 -0.0180238 0.0889021 
0.0101444 -0.0185414 -0.000435918 0.000491965 -0.0185414 0.0903318 0.00048939 -0.00119485 -0.000435918 0.00048939 0.00976097 -0.018004 0.000491965 -0.00119485 -0.018004 0.0888222 
0.0101668 -0.0185386 -0.000445682 0.000507204 -0.0185386 0.0903251 0.000501133 -0.00120416 -0.000445682 0.000501133 0.00975479 -0.0179992 0.000507204 -0.00120416 -0.0179992 0.0888461 
0.0101829 -0.0185358 -0.000465511 0.000512662 -0.0185358 0.0902817 0.000506147 -0.00121304 -0.000465511 0.000506147 0.00976485 -0.0180249 0.000512662 -0.00121304 -0.0180249 0.088933 
0.0101807 -0.0185521 -0.000471138 0.000533388 -0.0185521 0.0902855 0.000529014 -0.00124828 -0.000471138 0.000529014 0.00978187 -0.0180364 0.000533388 -0.00124828 -0.0180364 0.0889845 
0.0101599 -0.0185708 -0.000425092 0.000531976 -0.0185708 0.090343 0.000529179 -0.00125582 -0.000425092 0.000529179 0.0097978 -0.0180349 0.000531976 -0.00125582 -0.0180349 0.0889751 
0.0101182 -0.0185313 -0.000384045 0.000483869 -0.0185313 0.0902951 0.000481597 -0.00119081 -0.000384045 0.000481597 0.00985087 -0.0180789 0.000483869 -0.00119081 -0.0180789 0.0890675 
0.0101251 -0.0185305 -0.000373836 0.000441693 -0.0185305 0.0903207 0.000438592 -0.0011004 -0.000373836 0.000438592 0.00983926 -0.0180854 0.000441693 -0.0011004 -0.0180854 0.0890523 
0.0101393 -0.0185386 -0.00036183 0.000420814 -0.0185386 0.0903463 0.000417238 -0.0010189 -0.00036183 0.000417238 0.00981141 -0.018073 0.000420814 -0.0010189 -0.018073 0.0890294 
0.0101543 -0.0185466 -0.000331036 0.000400631 -0.0185466 0.0903609 0.000396828 -0.000952677 -0.000331036 0.000396828 0.00981774 -0.0180574 0.000400631 -0.000952677 -0.0180574 0.0890188 
0.0101625 -0.0185796 -0.000353392 0.000369183 -0.0185796 0.0904297 0.000371271 -0.000896838 -0.000353392 0.000371271 0.00981436 -0.0180394 0.000369183 -0.000896838 -0.0180394 0.0889528 
0.010146 -0.0185492 -0.000357696 0.000400435 -0.0185492 0.0903695 0.000405593 -0.000927152 -0.000357696 0.000405593 0.0098351 -0.0180886 0.000400435 -0.000927152 -0.0180886 0.0890667 
0.0101403 -0.0185063 -0.000374874 0.000413896 -0.0185063 0.0902519 0.000418904 -0.000981024 -0.000374874 0.000418904 0.00986192 -0.0181486 0.000413896 -0.000981024 -0.0181486 0.0892519 
0.0101296 -0.0185177 -0.000397368 0.000421875 -0.0185177 0.0902344 0.000427583 -0.00099818 -0.000397368 0.000427583 0.00986092 -0.0181505 0.000421875 -0.00099818 -0.0181505 0.089293 
0.0101114 -0.0185009 -0.000389723 0.000443549 -0.0185009 0.0902115 0.000449752 -0.00103193 -0.000389723 0.000449752 0.00987527 -0.0181667 0.000443549 -0.00103193 -0.0181667 0.0893507 
0.0101263 -0.0185263 -0.00039594 0.000433842 -0.0185263 0.0902912 0.00044218 -0.00103789 -0.00039594 0.00044218 0.00984199 -0.0181216 0.000433842 -0.00103789 -0.0181216 0.0892297 
0.0101156 -0.0185218 -0.000372479 0.000439148 -0.0185218 0.0902875 0.000448347 -0.00104018 -0.000372479 0.000448347 0.00984668 -0.0180931 0.000439148 -0.00104018 -0.0180931 0.0891453 
0.0101073 -0.0184845 -0.000375807 0.000434246 -0.0184845 0.090204 0.000439462 -0.00105914 -0.000375807 0.000439462 0.009885 -0.0181292 0.000434246 -0.00105914 -0.0181292 0.0891968 
0.0101092 -0.0185123 -0.000371267 0.000436719 -0.0185123 0.0902447 0.000434616 -0.00105391 -0.000371267 0.000434616 0.00989659 -0.0181306 0.000436719 -0.00105391 -0.0181306 0.0891782 
0.0100943 -0.0184975 -0.000333834 0.000419568 -0.0184975 0.0902196 0.000413229 -0.00100642 -0.000333834 0.000413229 0.00990197 -0.0181622 0.000419568 -0.00100642 -0.0181622 0.0892404 
0.0100835 -0.018473 -0.000323546 0.000379014 -0.018473 0.090163 0.000371691 -0.00093097 -0.000323546 0.000371691 0.00989849 -0.0181775 0.000379014 -0.00093097 -0.0181775 0.089303 
0.0100677 -0.0184737 -0.000297086 0.000364198 -0.0184737 0.0901505 0.000363746 -0.000881488 -0.000297086 0.000363746 0.00987946 -0.0181457 0.000364198 -0.000881488 -0.0181457 0.0892454 
0.0100797 -0.0184553 -0.000325693 0.000340292 -0.0184553 0.0901282 0.00034231 -0.000841186 -0.000325693 0.00034231 0.00985424 -0.0181294 0.000340292 -0.000841186 -0.0181294 0.0892021 
0.010122 -0.0184608 -0.000379833 0.000369793 -0.0184608 0.0901216 0.000369819 -0.000855935 -0.000379833 0.000369819 0.00984346 -0.018119 0.000369793 -0.000855935 -0.018119 0.0891933 
0.0101629 -0.0185005 -0.000397225 0.000435971 -0.0185005 0.0901745 0.000433014 -0.000969104 -0.000397225 0.000433014 0.00985128 -0.01813 0.000435971 -0.000969104 -0.01813 0.0892312 
0.0101713 -0.0185763 -0.000379839 0.000461708 -0.0185763 0.090341 0.000453887 -0.00106531 -0.000379839 0.000453887 0.00984769 -0.0181034 0.000461708 -0.00106531 -0.0181034 0.0891617 
0.010159 -0.0185914 -0.000390779 0.000431613 -0.0185914 0.0904508 0.00042537 -0.00104068 -0.000390779 0.00042537 0.00986519 -0.0181105 0.000431613 -0.00104068 -0.0181105 0.089158 
0.0101191 -0.0185672 -0.000374753 0.000434916 -0.0185672 0.0904392 0.00043189 -0.00101646 -0.000374753 0.00043189 0.00990501 -0.0181409 0.000434916 -0.00101646 -0.0181409 0.0892164 
0.0101029 -0.0184926 -0.00038154 0.00042949 -0.0184926 0.0902877 0.000427546 -0.00102169 -0.00038154 0.000427546 0.00995966 -0.018231 0.00042949 -0.00102169 -0.018231 0.0894331 
0.0101127 -0.0185055 -0.000397933 0.000435805 -0.0185055 0.090271 0.000436625 -0.00103294 -0.000397933 0.000436625 0.00997548 -0.0182589 0.000435805 -0.00103294 -0.0182589 0.0895242 
0.010107 -0.0185278 -0.000387023 0.000444685 -0.0185278 0.0903133 0.000452434 -0.00104875 -0.000387023 0.000452434 0.00996767 -0.0182601 0.000444685 -0.00104875 -0.0182601 0.0895374 
0.0101112 -0.0185146 -0.000394573 0.000433232 -0.0185146 0.0903042 0.000441856 -0.00104296 -0.000394573 0.000441856 0.00995079 -0.0182571 0.000433232 -0.00104296 -0.0182571 0.0895437 
0.0101575 -0.0185206 -0.000431553 0.000436479 -0.0185206 0.0903106 0.000439377 -0.0010249 -0.000431553 0.000439377 0.00995735 -0.0182474 0.000436479 -0.0010249 -0.0182474 0.0895455 
0.0101795 -0.0185695 -0.000417585 0.000488592 -0.0185695 0.0903788 0.000486389 -0.00110125 -0.000417585 0.000486389 0.00998311 -0.0182574 0.000488592 -0.00110125 -0.0182574 0.0895487 
0.0102063 -0.0186013 -0.000414386 0.000479961 -0.0186013 0.0904753 0.000476457 -0.00113609 -0.000414386 0.000476457 0.0100101 -0.0183054 0.000479961 -0.00113609 -0.0183054 0.0896454 
0.010231 -0.0186781 -0.000375176 0.000458258 -0.0186781 0.0906702 0.000455487 -0.00108514 -0.000375176 0.000455487 0.00998851 -0.0182842 0.000458258 -0.00108514 -0.0182842 0.0895994 
0.0102453 -0.0186951 -0.000386884 0.000419574 -0.0186951 0.0907761 0.00042372 -0.00102362 -0.000386884 0.00042372 0.00999921 -0.0183043 0.000419574 -0.00102362 -0.0183043 0.0896658 
0.0102463 -0.0186953 -0.000421738 0.0004128 -0.0186953 0.0907901 0.000422276 -0.00096522 -0.000421738 0.000422276 0.0100285 -0.0183424 0.0004128 -0.00096522 -0.0183424 0.0897828 
0.0102705 -0.0187069 -0.000444828 0.000464775 -0.0187069 0.090824 0.000477229 -0.00104668 -0.000444828 0.000477229 0.0100628 -0.0183748 0.000464775 -0.00104668 -0.0183748 0.0898803 
0.0102944 -0.0187621 -0.000465567 0.000494518 -0.0187621 0.0909362 0.000505918 -0.00113986 -0.000465567 0.000505918 0.0100311 -0.0183625 0.000494518 -0.00113986 -0.0183625 0.0898378 
0.0102719 -0.0187868 -0.000469619 0.000521474 -0.0187868 0.0910147 0.000531285 -0.0012168 -0.000469619 0.000531285 0.0100132 -0.0183308 0.000521474 -0.0012168 -0.0183308 0.089782 
0.0102481 -0.0187257 -0.00048213 0.000523449 -0.0187257 0.0909161 0.000527561 -0.00123585 -0.00048213 0.000527561 0.0100165 -0.0183549 0.000523449 -0.00123585 -0.0183549 0.0898458 
0.0102436 -0.0187387 -0.000474202 0.000536856 -0.0187387 0.0909262 0.000535072 -0.0012515 -0.000474202 0.000535072 0.00999637 -0.0182999 0.000536856 -0.0012515 -0.0182999 0.0897245 
0.0102487 -0.0187162 -0.000476199 0.00054203 -0.0187162 0.0908892 0.000536195 -0.00127823 -0.000476199 0.000536195 0.00998972 -0.0183012 0.00054203 -0.00127823 -0.0183012 0.0896983 
0.0102329 -0.0186939 -0.00047234 0.000544585 -0.0186939 0.0907987 0.000538144 -0.00128869 -0.00047234 0.000538144 0.0099852 -0.0183085 0.000544585 -0.00128869 -0.0183085 0.0897183 
0.0102533 -0.0186781 -0.000500327 0.00054261 -0.0186781 0.0907557 0.000536109 -0.00129061 -0.000500327 0.000536109 0.00997928 -0.0183172 0.00054261 -0.00129061 -0.0183172 0.0897573 
0.0102921 -0.0187239 -0.000539617 0.000568158 -0.0187239 0.0908307 0.000561936 -0.00132031 -0.000539617 0.000561936 0.00996029 -0.0182833 0.000568158 -0.00132031 -0.0182833 0.0896881 
0.0103213 -0.0187566 -0.000551332 0.000608187 -0.0187566 0.0909071 0.000602078 -0.00138865 -0.000551332 0.000602078 0.00997565 -0.0182889 0.000608187 -0.00138865 -0.0182889 0.0896965 
0.0103617 -0.0188181 -0.000538898 0.000628536 -0.0188181 0.0910663 0.000621954 -0.00146086 -0.000538898 0.000621954 0.00998739 -0.0182868 0.000628536 -0.00146086 -0.0182868 0.0896742 
0.0103665 -0.0188928 -0.000522979 0.00061003 -0.0188928 0.0912682 0.000601673 -0.00145146 -0.000522979 0.000601673 0.00998666 -0.0182666 0.00061003 -0.00145146 -0.0182666 0.089594 
0.0103251 -0.018879 -0.000492454 0.000584984 -0.018879 0.091305 0.000578821 -0.00139749 -0.000492454 0.000578821 0.00999821 -0.0182849 0.000584984 -0.00139749 -0.0182849 0.0896117 
0.0102878 -0.0188077 -0.00048674 0.000543854 -0.0188077 0.0911638 0.000540375 -0.00131013 -0.00048674 0.000540375 0.00997452 -0.0183 0.000543854 -0.00131013 -0.0183 0.0896463 
0.0102622 -0.0187813 -0.000476061 0.000535219 -0.0187813 0.0910723 0.000536268 -0.00126442 -0.000476061 0.000536268 0.00993737 -0.0182329 0.000535219 -0.00126442 -0.0182329 0.0895169 
0.0102613 -0.0187069 -0.000472471 0.000530149 -0.0187069 0.0908853 0.000534227 -0.0012527 -0.000472471 0.000534227 0.00993453 -0.0182429 0.000530149 -0.0012527 -0.0182429 0.0895329 
0.0102432 -0.018654 -0.000464138 0.000528453 -0.018654 0.0906781 0.000535547 -0.00124985 -0.000464138 0.000535547 0.00999219 -0.0183169 0.000528453 -0.00124985 -0.0183169 0.0897462 
0.0102579 -0.0186894 -0.000433583 0.000516349 -0.0186894 0.0907153 0.000526258 -0.00123566 -0.000433583 0.000526258 0.0100027 -0.0183187 0.000516349 -0.00123566 -0.0183187 0.0897602 
0.0102738 -0.0187129 -0.000422372 0.000486011 -0.0187129 0.0907828 0.000496605 -0.00119235 -0.000422372 0.000496605 0.0100024 -0.01833 0.000486011 -0.00119235 -0.01833 0.0897812 
0.0103048 -0.0187257 -0.000434525 0.000471011 -0.0187257 0.0908338 0.000477956 -0.00113725 -0.000434525 0.000477956 0.0100325 -0.0183623 0.000471011 -0.00113725 -0.0183623 0.0898782 
0.0103215 -0.0187708 -0.000452372 0.000480195 -0.0187708 0.0909189 0.000482781 -0.00112006 -0.000452372 0.000482781 0.0100304 -0.0183767 0.000480195 -0.00112006 -0.0183767 0.0899124 
0.0103307 -0.0188231 -0.00041832 0.000497256 -0.0188231 0.0910765 0.000498371 -0.00113893 -0.00041832 0.000498371 0.0100271 -0.0183453 0.000497256 -0.00113893 -0.0183453 0.0898469 
0.0103139 -0.0188231 -0.000388149 0.000474034 -0.0188231 0.0911317 0.000470992 -0.00113233 -0.000388149 0.000470992 0.0100515 -0.0183556 0.000474034 -0.00113233 -0.0183556 0.0898423 
