0.0083475 0 -0.000753409 0 0 0.00998767 0 0 -0.000753409 0 0.00666067 0 0 0 0 0.00998767 
0.0116419 -0.0144265 -0.000934262 0.00114053 -0.0144265 0.0368427 0.00114053 -0.00218399 -0.000934262 0.00114053 0.00949429 -0.0118239 0.00114053 -0.00218399 -0.0118239 0.031862 
0.0116498 -0.0213898 -0.000809612 0.00124841 -0.0213898 0.0774693 0.00124841 -0.00389355 -0.000809612 0.00124841 0.00954847 -0.0183677 0.00124841 -0.00389355 -0.0183677 0.0680815 
0.0110656 -0.0205283 -0.000712378 0.000866726 -0.0205283 0.0900742 0.000878599 -0.00274265 -0.000712378 0.000878599 0.00892253 -0.0182903 0.000866726 -0.00274265 -0.0182903 0.0833541 
0.011152 -0.0197779 -0.000728157 0.000800972 -0.0197779 0.092123 0.000806574 -0.00211726 -0.000728157 0.000806574 0.0088387 -0.0174702 0.000800972 -0.00211726 -0.0174702 0.0865274 
0.0113762 -0.01984 -0.000706661 0.000819084 -0.01984 0.0930544 0.000835145 -0.00201291 -0.000706661 0.000835145 0.0089778 -0.0172597 0.000819084 -0.00201291 -0.0172597 0.0870317 
0.011443 -0.0199849 -0.000682309 0.00078127 -0.0199849 0.0936899 0.000802104 -0.00194797 -0.000682309 0.000802104 0.00913045 -0.0173911 0.00078127 -0.00194797 -0.0173911 0.087471 
0.0114786 -0.0200215 -0.000641094 0.000732679 -0.0200215 0.0939661 0.000742855 -0.00181643 -0.000641094 0.000742855 0.00920428 -0.0175131 0.000732679 -0.00181643 -0.0175131 0.0878604 
0.0115108 -0.0200393 -0.000632297 0.000706978 -0.0200393 0.0940031 0.000701999 -0.00171766 -0.000632297 0.000701999 0.00925543 -0.0175798 0.000706978 -0.00171766 -0.0175798 0.0881083 
0.0114931 -0.0200262 -0.000628604 0.000697899 -0.0200262 0.0939095 0.000688 -0.00166803 -0.000628604 0.000688 0.00924097 -0.0176306 0.000697899 -0.00166803 -0.0176306 0.0882322 
0.0114504 -0.0200036 -0.000614123 0.000698317 -0.0200036 0.0938518 0.000688412 -0.00165912 -0.000614123 0.000688412 0.00921184 -0.0176214 0.000698317 -0.00165912 -0.0176214 0.0882455 
0.0114055 -0.0199904 -0.0005946 0.000687967 -0.0199904 0.0938388 0.000678139 -0.00165112 -0.0005946 0.000678139 0.00923351 -0.0175825 0.000687967 -0.00165112 -0.0175825 0.0881876 
0.0113766 -0.0199695 -0.000586322 0.000660229 -0.0199695 0.0938264 0.000655302 -0.00159145 -0.000586322 0.000655302 0.00923335 -0.0175798 0.000660229 -0.00159145 -0.0175798 0.0881454 
0.0113826 -0.019984 -0.000580038 0.000649444 -0.019984 0.0939265 0.000659359 -0.00157651 -0.000580038 0.000659359 0.00918641 -0.0175499 0.000649444 -0.00157651 -0.0175499 0.0880517 
0.0114004 -0.0199905 -0.000557089 0.000636673 -0.0199905 0.093969 0.000641647 -0.00153697 -0.000557089 0.000641647 0.00916213 -0.0175085 0.000636673 -0.00153697 -0.0175085 0.0879704 
0.0113877 -0.0199523 -0.000521497 0.000606741 -0.0199523 0.0938794 0.000611756 -0.00147423 -0.000521497 0.000611756 0.00910613 -0.0174852 0.000606741 -0.00147423 -0.0174852 0.0879023 
0.0113823 -0.0199203 -0.000458111 0.00055376 -0.0199203 0.0937616 0.000558794 -0.00134916 -0.000458111 0.000558794 0.00903132 -0.0174183 0.00055376 -0.00134916 -0.0174183 0.0877659 
0.0114212 -0.0199584 -0.000429105 0.000508939 -0.0199584 0.0938194 0.000508939 -0.00125738 -0.000429105 0.000508939 0.0090162 -0.0173239 0.000508939 -0.00125738 -0.0173239 0.0875724 
0.011435 -0.019995 -0.000413553 0.000453413 -0.019995 0.0938864 0.00044843 -0.00111111 -0.000413553 0.00044843 0.00904833 -0.0173094 0.000453413 -0.00111111 -0.0173094 0.0874639 
0.0114349 -0.0200346 -0.000467541 0.000452619 -0.0200346 0.0940254 0.000447645 -0.00107435 -0.000467541 0.000447645 0.0091071 -0.0173388 0.000452619 -0.00107435 -0.0173388 0.0874948 
0.0114259 -0.0200065 -0.000482503 0.000517323 -0.0200065 0.0940085 0.000512349 -0.00117392 -0.000482503 0.000512349 0.00914269 -0.0174298 0.000517323 -0.00117392 -0.0174298 0.0876713 
0.0114118 -0.0199731 -0.000451118 0.000545308 -0.0199731 0.0938921 0.000530436 -0.00126412 -0.000451118 0.000530436 0.00917604 -0.0174994 0.000545308 -0.00126412 -0.0174994 0.0878887 
0.0114157 -0.0199861 -0.000469273 0.000533489 -0.0199861 0.0939138 0.000523609 -0.00130902 -0.000469273 0.000523609 0.0092175 -0.017531 0.000533489 -0.00130902 -0.017531 0.0880158 
0.0114019 -0.0199533 -0.000490777 0.000530436 -0.0199533 0.0938326 0.000535393 -0.00129387 -0.000490777 0.000535393 0.00920083 -0.0175837 0.000530436 -0.00129387 -0.0175837 0.0881267 
0.011424 -0.0199684 -0.000495616 0.000550134 -0.0199684 0.0938648 0.00055509 -0.00132825 -0.000495616 0.00055509 0.00917386 -0.0175547 0.000550134 -0.00132825 -0.0175547 0.0881255 
0.0114003 -0.0199592 -0.00051254 0.000557325 -0.0199592 0.0938097 0.000567277 -0.0013535 -0.00051254 0.000567277 0.00915107 -0.0175209 0.000557325 -0.0013535 -0.0175209 0.0880673 
0.0113701 -0.0199414 -0.000530703 0.00056575 -0.0199414 0.0937793 0.00058077 -0.00138183 -0.000530703 0.00058077 0.00909205 -0.0174631 0.00056575 -0.00138183 -0.0174631 0.0879165 
0.01136 -0.0199201 -0.000511802 0.000582049 -0.0199201 0.09376 0.000592084 -0.00140996 -0.000511802 0.000592084 0.00905688 -0.0173862 0.000582049 -0.00140996 -0.0173862 0.0877188 
0.0113691 -0.0199423 -0.000475173 0.000560204 -0.0199423 0.0937992 0.000560204 -0.0013605 -0.000475173 0.000560204 0.0090483 -0.0173263 0.000560204 -0.0013605 -0.0173263 0.0875319 
0.01135 -0.0199099 -0.000488281 0.000538106 -0.0199099 0.0937201 0.000538106 -0.00134028 -0.000488281 0.000538106 0.00907805 -0.0173439 0.000538106 -0.00134028 -0.0173439 0.087497 
0.0113639 -0.0199403 -0.000521737 0.000581364 -0.0199403 0.0937884 0.000566457 -0.00138136 -0.000521737 0.000566457 0.00908318 -0.0173366 0.000581364 -0.00138136 -0.0173366 0.087448 
0.0113582 -0.0199214 -0.000534273 0.000588689 -0.0199214 0.0937648 0.000583742 -0.00140989 -0.000534273 0.000583742 0.00910737 -0.0173688 0.000588689 -0.00140989 -0.0173688 0.0875168 
0.0113288 -0.0198871 -0.000558044 0.000607428 -0.0198871 0.0936773 0.00060249 -0.00145684 -0.000558044 0.00060249 0.00912624 -0.0174179 0.000607428 -0.00145684 -0.0174179 0.0876327 
0.0112841 -0.0198659 -0.000598847 0.000613694 -0.0198659 0.0936131 0.000618643 -0.00148474 -0.000598847 0.000618643 0.00915592 -0.0174457 0.000613694 -0.00148474 -0.0174457 0.0877484 
0.0112289 -0.019806 -0.000606562 0.000666717 -0.019806 0.0934807 0.00067173 -0.00156904 -0.000606562 0.00067173 0.00915357 -0.01749 0.000666717 -0.00156904 -0.01749 0.0878813 
0.0111998 -0.0197433 -0.000604851 0.000685498 -0.0197433 0.0933436 0.000690538 -0.00164318 -0.000604851 0.000690538 0.00915341 -0.0174953 0.000685498 -0.00164318 -0.0174953 0.0879352 
0.0111895 -0.0196852 -0.000606477 0.000687341 -0.0196852 0.0931701 0.000692395 -0.00167287 -0.000606477 0.000692395 0.00912748 -0.0174817 0.000687341 -0.00167287 -0.0174817 0.0879341 
0.0112039 -0.0196998 -0.000617972 0.000698359 -0.0196998 0.0931531 0.000698359 -0.00169314 -0.000617972 0.000698359 0.00912891 -0.0174339 0.000698359 -0.00169314 -0.0174339 0.0878275 
0.0112513 -0.0197496 -0.000618423 0.00069822 -0.0197496 0.0932622 0.00069822 -0.0016857 -0.000618423 0.00069822 0.00915166 -0.0174206 0.00069822 -0.0016857 -0.0174206 0.0877413 
0.0112709 -0.0198049 -0.000606018 0.000695431 -0.0198049 0.0934014 0.000700398 -0.00168394 -0.000606018 0.000700398 0.00917969 -0.0174404 0.000695431 -0.00168394 -0.0174404 0.0877386 
0.0112594 -0.0197968 -0.000639567 0.000689146 -0.0197968 0.0933867 0.000689146 -0.00168072 -0.000639567 0.000689146 0.00920679 -0.0175112 0.000689146 -0.00168072 -0.0175112 0.0878884 
0.0112458 -0.0197921 -0.000661228 0.000705972 -0.0197921 0.0934121 0.000710944 -0.00168041 -0.000661228 0.000710944 0.00920747 -0.0175399 0.000705972 -0.00168041 -0.0175399 0.0879731 
0.0112263 -0.0197904 -0.000711599 0.000761361 -0.0197904 0.0934234 0.000756384 -0.00180637 -0.000711599 0.000756384 0.00921097 -0.0175312 0.000761361 -0.00180637 -0.0175312 0.0879795 
0.0111935 -0.0197323 -0.000729901 0.00081489 -0.0197323 0.0932924 0.000819889 -0.00194974 -0.000729901 0.000819889 0.00919876 -0.0175426 0.00081489 -0.00194974 -0.0175426 0.0880181 
0.0111924 -0.0196968 -0.00070578 0.00085094 -0.0196968 0.093198 0.000845935 -0.00206228 -0.00070578 0.000845935 0.00916513 -0.0175144 0.00085094 -0.00206228 -0.0175144 0.0879772 
0.0111974 -0.0197384 -0.000686682 0.000796953 -0.0197384 0.0932835 0.000796953 -0.00198486 -0.000686682 0.000796953 0.00913739 -0.0174377 0.000796953 -0.00198486 -0.0174377 0.087775 
0.0112092 -0.0197374 -0.000645242 0.000760285 -0.0197374 0.0933 0.000765287 -0.00188571 -0.000645242 0.000765287 0.00911842 -0.0174115 0.000760285 -0.00188571 -0.0174115 0.0876579 
0.0111868 -0.0196904 -0.000653354 0.000743127 -0.0196904 0.0931453 0.000743127 -0.00184535 -0.000653354 0.000743127 0.00914695 -0.017451 0.000743127 -0.00184535 -0.017451 0.0877489 
0.0111827 -0.019657 -0.000613503 0.000723235 -0.019657 0.093038 0.000723235 -0.0017607 -0.000613503 0.000723235 0.00913272 -0.0174624 0.000723235 -0.0017607 -0.0174624 0.0877858 
0.0111636 -0.0196714 -0.00058519 0.000680221 -0.0196714 0.0930302 0.000685223 -0.00169055 -0.00058519 0.000685223 0.00911296 -0.0174307 0.000680221 -0.00169055 -0.0174307 0.0877535 
0.0111209 -0.0196615 -0.000628725 0.000658904 -0.0196615 0.0930463 0.000653874 -0.00160954 -0.000628725 0.000653874 0.00912406 -0.0173981 0.000658904 -0.00160954 -0.0173981 0.0876745 
0.0110612 -0.0195909 -0.000630325 0.000696407 -0.0195909 0.0929221 0.000691324 -0.00162664 -0.000630325 0.000691324 0.00911429 -0.0174203 0.000696407 -0.00162664 -0.0174203 0.0876609 
0.0110381 -0.019518 -0.000657395 0.000738933 -0.019518 0.092759 0.000733836 -0.00174286 -0.000657395 0.000733836 0.00910161 -0.0174031 0.000738933 -0.00174286 -0.0174031 0.0876527 
0.011036 -0.0195143 -0.000682747 0.000743888 -0.0195143 0.0926905 0.000748984 -0.00178839 -0.000682747 0.000748984 0.0090897 -0.0173591 0.000743888 -0.00178839 -0.0173591 0.0875445 
0.0110125 -0.0194485 -0.000680977 0.000772452 -0.0194485 0.0925113 0.000777534 -0.00183966 -0.000680977 0.000777534 0.00909664 -0.0173802 0.000772452 -0.00183966 -0.0173802 0.0875513 
0.0109687 -0.0193972 -0.000665539 0.000772228 -0.0193972 0.0923168 0.000767148 -0.00187977 -0.000665539 0.000767148 0.00911433 -0.0173955 0.000772228 -0.00187977 -0.0173955 0.0875869 
0.0109741 -0.019435 -0.000695008 0.000765516 -0.019435 0.0924209 0.000775588 -0.00188357 -0.000695008 0.000775588 0.00915597 -0.0173651 0.000765516 -0.00188357 -0.0173651 0.0875105 
0.0109949 -0.0194538 -0.000735331 0.000815367 -0.0194538 0.0925166 0.000820369 -0.00196588 -0.000735331 0.000820369 0.00918413 -0.0174028 0.000815367 -0.00196588 -0.0174028 0.0875344 
0.0110199 -0.0195246 -0.000820153 0.0008798 -0.0195246 0.0927071 0.000884771 -0.00214234 -0.000820153 0.000884771 0.00923542 -0.017432 0.0008798 -0.00214234 -0.017432 0.0875874 
0.0110237 -0.019526 -0.000878521 0.000967862 -0.019526 0.0927559 0.000962899 -0.00232287 -0.000878521 0.000962899 0.00928155 -0.0175357 0.000967862 -0.00232287 -0.0175357 0.0878223 
0.0109689 -0.0194832 -0.000916152 0.00100578 -0.0194832 0.0926708 0.00101573 -0.00243975 -0.000916152 0.00101573 0.00932583 -0.017626 0.00100578 -0.00243975 -0.017626 0.088105 
0.0109533 -0.0194074 -0.000896497 0.00102171 -0.0194074 0.0924794 0.00103172 -0.00246912 -0.000896497 0.00103172 0.0092805 -0.0176695 0.00102171 -0.00246912 -0.0176695 0.0882674 
0.0109344 -0.0193968 -0.000854329 0.000995875 -0.0193968 0.0924142 0.000995875 -0.0024265 -0.000854329 0.000995875 0.00921058 -0.0175921 0.000995875 -0.0024265 -0.0175921 0.0881627 
0.0109231 -0.0193906 -0.000821893 0.000953802 -0.0193906 0.0923868 0.000953802 -0.0023287 -0.000821893 0.000953802 0.00917273 -0.0174931 0.000953802 -0.0023287 -0.0174931 0.0879425 
0.0109204 -0.0194349 -0.000788383 0.000940973 -0.0194349 0.0925205 0.000940973 -0.00229903 -0.000788383 0.000940973 0.0091605 -0.0173902 0.000940973 -0.00229903 -0.0173902 0.0876326 
0.0108743 -0.0193564 -0.000775277 0.000887488 -0.0193564 0.0923651 0.000882387 -0.00218812 -0.000775277 0.000882387 0.00917581 -0.0174233 0.000887488 -0.00218812 -0.0174233 0.0876063 
0.010835 -0.0192895 -0.000807135 0.000888871 -0.0192895 0.0921667 0.000893979 -0.00216598 -0.000807135 0.000893979 0.00919011 -0.0174454 0.000888871 -0.00216598 -0.0174454 0.0876508 
0.0108303 -0.0192749 -0.000817382 0.000924663 -0.0192749 0.0920934 0.000919554 -0.00221204 -0.000817382 0.000919554 0.00918022 -0.0174358 0.000924663 -0.00221204 -0.0174358 0.0876131 
0.0108308 -0.0192763 -0.000847587 0.000944019 -0.0192763 0.0920926 0.000933868 -0.00226361 -0.000847587 0.000933868 0.00921687 -0.0174136 0.000944019 -0.00226361 -0.0174136 0.0875603 
0.0108045 -0.0192372 -0.000896993 0.000983145 -0.0192372 0.092 0.000973009 -0.0023413 -0.000896993 0.000973009 0.00923852 -0.0174635 0.000983145 -0.0023413 -0.0174635 0.0876215 
0.0107757 -0.0191641 -0.000902198 0.00101877 -0.0191641 0.0917758 0.00101371 -0.00241769 -0.000902198 0.00101371 0.00925006 -0.0175422 0.00101877 -0.00241769 -0.0175422 0.0878578 
0.0107743 -0.0191979 -0.000933126 0.00103001 -0.0191979 0.0918339 0.00103511 -0.00248834 -0.000933126 0.00103511 0.00922418 -0.0174999 0.00103001 -0.00248834 -0.0174999 0.0878107 
0.0107946 -0.0192666 -0.000970701 0.00108759 -0.0192666 0.0920489 0.00108759 -0.00262242 -0.000970701 0.00108759 0.00923437 -0.017432 0.00108759 -0.00262242 -0.017432 0.0876528 
0.0108449 -0.0192406 -0.000937335 0.00113387 -0.0192406 0.0920402 0.00113387 -0.00273137 -0.000937335 0.00113387 0.00923224 -0.0174818 0.00113387 -0.00273137 -0.0174818 0.0877063 
0.010878 -0.019308 -0.000929961 0.00107071 -0.019308 0.0921416 0.00107071 -0.00266924 -0.000929961 0.00107071 0.00923426 -0.0174833 0.00107071 -0.00266924 -0.0174833 0.0877129 
0.0109097 -0.0193408 -0.000894895 0.00105075 -0.0193408 0.0922446 0.0010608 -0.00258916 -0.000894895 0.0010608 0.00921038 -0.0174856 0.00105075 -0.00258916 -0.0174856 0.0877349 
0.0109316 -0.0193708 -0.000850965 0.00100706 -0.0193708 0.0923171 0.00100706 -0.00247737 -0.000850965 0.00100706 0.00917431 -0.0174624 0.00100706 -0.00247737 -0.0174624 0.0877098 
0.0109488 -0.0194081 -0.000794629 0.000945508 -0.0194081 0.0924234 0.000950537 -0.00233862 -0.000794629 0.000950537 0.00915332 -0.0174215 0.000945508 -0.00233862 -0.0174215 0.0876355 
0.0109617 -0.01943 -0.000762551 0.000892987 -0.01943 0.0924944 0.000892987 -0.00222243 -0.000762551 0.000892987 0.00915563 -0.0173932 0.000892987 -0.00222243 -0.0173932 0.0875579 
0.0109444 -0.0194439 -0.0007882 0.000863506 -0.0194439 0.0925357 0.000858485 -0.00211358 -0.0007882 0.000858485 0.00919232 -0.0174107 0.000863506 -0.00211358 -0.0174107 0.0875956 
0.0108945 -0.0193949 -0.00079802 0.000883883 -0.0193949 0.0924441 0.000878832 -0.00210617 -0.00079802 0.000878832 0.00922269 -0.0174706 0.000883883 -0.00210617 -0.0174706 0.0877014 
0.0108639 -0.0193271 -0.000795166 0.000896461 -0.0193271 0.0922849 0.000891397 -0.0021272 -0.000795166 0.000891397 0.00921279 -0.0174987 0.000896461 -0.0021272 -0.0174987 0.0877823 
0.0108389 -0.0192657 -0.000758212 0.000910872 -0.0192657 0.0920998 0.000915961 -0.00219831 -0.000758212 0.000915961 0.00918505 -0.0174999 0.000910872 -0.00219831 -0.0174999 0.0878203 
0.0108735 -0.0192936 -0.000721869 0.000878358 -0.0192936 0.0921215 0.000878358 -0.0021757 -0.000721869 0.000878358 0.00918237 -0.0174309 0.000878358 -0.0021757 -0.0174309 0.0877197 
0.0109012 -0.0193536 -0.000686692 0.000807873 -0.0193536 0.092249 0.000807873 -0.00202978 -0.000686692 0.000807873 0.00916431 -0.0174046 0.000807873 -0.00202978 -0.0174046 0.0875633 
0.0109091 -0.0193572 -0.000634247 0.000750949 -0.0193572 0.0922652 0.000745875 -0.00185708 -0.000634247 0.000745875 0.00914838 -0.0174139 0.000750949 -0.00185708 -0.0174139 0.0875667 
0.010936 -0.0194011 -0.000599929 0.000716864 -0.0194011 0.092389 0.00071178 -0.00174386 -0.000599929 0.00071178 0.00912604 -0.0173725 0.000716864 -0.00174386 -0.0173725 0.087493 
0.0109468 -0.0193917 -0.000598854 0.00066483 -0.0193917 0.0923859 0.000669905 -0.00164939 -0.000598854 0.000669905 0.00913506 -0.017382 0.00066483 -0.00164939 -0.017382 0.087519 
0.0109825 -0.0194254 -0.000581751 0.000677867 -0.0194254 0.0924428 0.000667749 -0.00161879 -0.000581751 0.000667749 0.00913602 -0.0173716 0.000677867 -0.00161879 -0.0173716 0.0874903 
0.011003 -0.0194386 -0.000592855 0.000678266 -0.0194386 0.0924602 0.000673242 -0.00164291 -0.000592855 0.000673242 0.00916413 -0.0174038 0.000678266 -0.00164291 -0.0174038 0.0875918 
0.0110356 -0.0194652 -0.000611418 0.000691605 -0.0194652 0.0925247 0.000691605 -0.0016789 -0.000611418 0.000691605 0.00916125 -0.0174304 0.000691605 -0.0016789 -0.0174304 0.0876634 
0.0110785 -0.0195276 -0.000595995 0.000686146 -0.0195276 0.0926497 0.000691154 -0.00166278 -0.000595995 0.000691154 0.00913526 -0.0174341 0.000686146 -0.00166278 -0.0174341 0.0876914 
0.0111051 -0.019589 -0.000595274 0.000665306 -0.019589 0.0928227 0.000670308 -0.00164075 -0.000595274 0.000670308 0.0091392 -0.017408 0.000665306 -0.00164075 -0.017408 0.0876603 
0.0110944 -0.0195927 -0.000610241 0.000655259 -0.0195927 0.0928767 0.000660261 -0.00159063 -0.000610241 0.000660261 0.00915862 -0.0174369 0.000655259 -0.00159063 -0.0174369 0.0877096 
0.0111173 -0.0196043 -0.000571145 0.000666336 -0.0196043 0.0929163 0.000666336 -0.00157816 -0.000571145 0.000666336 0.00914834 -0.017445 0.000666336 -0.00157816 -0.017445 0.0877459 
0.011106 -0.0195864 -0.00051808 0.000623708 -0.0195864 0.0928671 0.000628738 -0.00151903 -0.00051808 0.000628738 0.00912927 -0.0174487 0.000623708 -0.00151903 -0.0174487 0.0877718 
0.0110231 -0.0195082 -0.00049433 0.000545292 -0.0195082 0.0926386 0.000545292 -0.00133011 -0.00049433 0.000545292 0.00908651 -0.0174494 0.000545292 -0.00133011 -0.0174494 0.0877717 
0.0109962 -0.0194412 -0.000469445 0.000540883 -0.0194412 0.0924654 0.000530677 -0.00127056 -0.000469445 0.000530677 0.00905723 -0.0173746 0.000540883 -0.00127056 -0.0173746 0.0876638 
0.0109789 -0.0194333 -0.000478452 0.000529351 -0.0194333 0.0924328 0.000519171 -0.00126739 -0.000478452 0.000519171 0.0090346 -0.0172904 0.000529351 -0.00126739 -0.0172904 0.0874091 
0.0109696 -0.019453 -0.000527678 0.000558121 -0.019453 0.0924907 0.000558121 -0.00133949 -0.000527678 0.000558121 0.0090517 -0.0172256 0.000558121 -0.00133949 -0.0172256 0.0871632 
0.0109327 -0.0194016 -0.000586854 0.000642504 -0.0194016 0.0923992 0.000637445 -0.00152785 -0.000586854 0.000637445 0.00909624 -0.0172819 0.000642504 -0.00152785 -0.0172819 0.0871985 
0.0108817 -0.0193307 -0.000603133 0.000699432 -0.0193307 0.0922034 0.000694363 -0.00168776 -0.000603133 0.000694363 0.00912302 -0.017349 0.000699432 -0.00168776 -0.017349 0.0873479 
0.010839 -0.0192581 -0.000561608 0.000679036 -0.0192581 0.0920119 0.00067393 -0.00166951 -0.000561608 0.00067393 0.00909806 -0.0173843 0.000679036 -0.00166951 -0.0173843 0.0874526 
0.0108392 -0.0192754 -0.000549853 0.000656769 -0.0192754 0.0920343 0.000661861 -0.00165465 -0.000549853 0.000661861 0.00909804 -0.0173204 0.000656769 -0.00165465 -0.0173204 0.0873758 
0.0108282 -0.0192671 -0.000569372 0.000650711 -0.0192671 0.0920247 0.000655794 -0.00163186 -0.000569372 0.000655794 0.00911503 -0.017315 0.000650711 -0.00163186 -0.017315 0.0873223 
0.0108187 -0.0192614 -0.000642046 0.000657213 -0.0192614 0.0920452 0.000652157 -0.00161775 -0.000642046 0.000652157 0.00915548 -0.0173353 0.000657213 -0.00161775 -0.0173353 0.0873284 
0.010764 -0.0192008 -0.000679406 0.000725038 -0.0192008 0.0918872 0.000719968 -0.00169852 -0.000679406 0.000719968 0.00920241 -0.0174212 0.000725038 -0.00169852 -0.0174212 0.0874964 
0.0107269 -0.0191596 -0.00067808 0.000780047 -0.0191596 0.0917804 0.000774949 -0.0018405 -0.00067808 0.000774949 0.00919742 -0.0174516 0.000780047 -0.0018405 -0.0174516 0.0876202 
0.0107032 -0.0191026 -0.000651633 0.000785038 -0.0191026 0.0916134 0.000785038 -0.00191385 -0.000651633 0.000785038 0.00917417 -0.0174504 0.000785038 -0.00191385 -0.0174504 0.0876626 
0.0106993 -0.0190645 -0.000586124 0.000740368 -0.0190645 0.0914971 0.000755792 -0.00188691 -0.000586124 0.000755792 0.00915177 -0.0174243 0.000740368 -0.00188691 -0.0174243 0.0876616 
0.0106624 -0.0190134 -0.000537773 0.000651533 -0.0190134 0.0913181 0.000651533 -0.0016702 -0.000537773 0.000651533 0.00914215 -0.0174156 0.000651533 -0.0016702 -0.0174156 0.0876519 
0.0106655 -0.0190256 -0.000515738 0.000572469 -0.0190256 0.0913372 0.000582784 -0.0014647 -0.000515738 0.000582784 0.00913372 -0.0173494 0.000572469 -0.0014647 -0.0173494 0.0874743 
0.0106508 -0.0190212 -0.000492373 0.000564934 -0.0190212 0.0913171 0.000570117 -0.00138383 -0.000492373 0.000570117 0.00910632 -0.0173212 0.000564934 -0.00138383 -0.0173212 0.0873419 
0.0106317 -0.0189985 -0.000478997 0.000551888 -0.0189985 0.0912698 0.000546681 -0.00133807 -0.000478997 0.000546681 0.00909574 -0.0173012 0.000551888 -0.00133807 -0.0173012 0.0872503 
0.0105932 -0.0189637 -0.000484113 0.000562195 -0.0189637 0.0912058 0.000551784 -0.00135343 -0.000484113 0.000551784 0.00909924 -0.0172719 0.000562195 -0.00135343 -0.0172719 0.0871559 
0.0105978 -0.0189661 -0.000497745 0.000580702 -0.0189661 0.0912221 0.000575517 -0.00140509 -0.000497745 0.000575517 0.00910458 -0.01725 0.000580702 -0.00140509 -0.01725 0.0870483 
0.0105921 -0.0189616 -0.000525996 0.000593034 -0.0189616 0.0912087 0.000598191 -0.00146454 -0.000525996 0.000598191 0.00913273 -0.0172599 0.000593034 -0.00146454 -0.0172599 0.0870316 
0.0105848 -0.018959 -0.000575761 0.000611747 -0.018959 0.0912068 0.000622028 -0.00151137 -0.000575761 0.000622028 0.00916592 -0.0172985 0.000611747 -0.00151137 -0.0172985 0.0871096 
0.0105529 -0.0189147 -0.000572236 0.00064441 -0.0189147 0.0910937 0.00064441 -0.00153627 -0.000572236 0.00064441 0.00918155 -0.0173733 0.00064441 -0.00153627 -0.0173733 0.0872995 
0.0105638 -0.0189061 -0.000548904 0.000647293 -0.0189061 0.0910767 0.000642114 -0.00155868 -0.000548904 0.000642114 0.00917084 -0.0173837 0.000647293 -0.00155868 -0.0173837 0.0873742 
0.0105758 -0.0189392 -0.000573759 0.000640956 -0.0189392 0.0911398 0.000640956 -0.00159722 -0.000573759 0.000640956 0.00916464 -0.017342 0.000640956 -0.00159722 -0.017342 0.0873199 
0.0105622 -0.018907 -0.000576402 0.000659487 -0.018907 0.0910767 0.000654294 -0.00160458 -0.000576402 0.000654294 0.00915492 -0.0173596 0.000659487 -0.00160458 -0.0173596 0.0873379 
0.0105179 -0.0188427 -0.000567833 0.000656394 -0.0188427 0.0908845 0.000656394 -0.00160973 -0.000567833 0.000656394 0.00916346 -0.017384 0.000656394 -0.00160973 -0.017384 0.0874202 
0.0105305 -0.0188315 -0.000549599 0.000663666 -0.0188315 0.0908238 0.000663666 -0.00163843 -0.000549599 0.000663666 0.00914615 -0.0173642 0.000663666 -0.00163843 -0.0173642 0.0873914 
0.0105957 -0.0189099 -0.000529272 0.000637182 -0.0189099 0.0909936 0.000637182 -0.00160323 -0.000529272 0.000637182 0.00913122 -0.0173067 0.000637182 -0.00160323 -0.0173067 0.0872425 
0.0106507 -0.0189858 -0.000496929 0.000604511 -0.0189858 0.0911941 0.00061988 -0.00153177 -0.000496929 0.00061988 0.00912402 -0.01729 0.000604511 -0.00153177 -0.01729 0.0871521 
0.0106712 -0.0190502 -0.000512792 0.000553815 -0.0190502 0.0913897 0.000553815 -0.00139992 -0.000512792 0.000553815 0.00912256 -0.0172811 0.000553815 -0.00139992 -0.0172811 0.0871335 
0.0106769 -0.0190706 -0.000507935 0.000559241 -0.0190706 0.0914847 0.000559241 -0.00132884 -0.000507935 0.000559241 0.0091223 -0.0173006 0.000559241 -0.00132884 -0.0173006 0.0871903 
0.0107036 -0.0190964 -0.000502131 0.000563617 -0.0190964 0.0915775 0.000563617 -0.00134243 -0.000502131 0.000563617 0.00911522 -0.0172928 0.000563617 -0.00134243 -0.0172928 0.0871813 
0.0107025 -0.0191113 -0.000468011 0.000560584 -0.0191113 0.0916375 0.000550298 -0.00132689 -0.000468011 0.000550298 0.00910821 -0.0172855 0.000560584 -0.00132689 -0.0172855 0.0871631 
0.010697 -0.0190775 -0.00047874 0.000535365 -0.0190775 0.091532 0.000525069 -0.00130238 -0.00047874 0.000525069 0.00909091 -0.0173067 0.000535365 -0.00130238 -0.0173067 0.0872027 
0.010685 -0.0190624 -0.000493391 0.000549925 -0.0190624 0.0914674 0.000539646 -0.00130029 -0.000493391 0.000539646 0.00909689 -0.0172944 0.000549925 -0.00130029 -0.0172944 0.0872171 
0.0106814 -0.0190597 -0.000527162 0.00058346 -0.0190597 0.0914497 0.000573224 -0.001387 -0.000527162 0.000573224 0.00911529 -0.0172837 0.00058346 -0.001387 -0.0172837 0.0871966 
0.0106769 -0.0190829 -0.000544637 0.000606294 -0.0190829 0.0915042 0.000601156 -0.00143866 -0.000544637 0.000601156 0.00910983 -0.0172845 0.000606294 -0.00143866 -0.0172845 0.0871522 
0.0106582 -0.0190344 -0.00058726 0.000633622 -0.0190344 0.0914219 0.000633622 -0.00151451 -0.00058726 0.000633622 0.00912313 -0.0173293 0.000633622 -0.00151451 -0.0173293 0.0872544 
0.0106325 -0.0189833 -0.000563963 0.000651921 -0.0189833 0.0912741 0.000657095 -0.00156771 -0.000563963 0.000657095 0.00912172 -0.0173483 0.000651921 -0.00156771 -0.0173483 0.0873626 
0.0106266 -0.0190037 -0.000563648 0.000651557 -0.0190037 0.0913059 0.000661899 -0.00162889 -0.000563648 0.000661899 0.00913214 -0.0173076 0.000651557 -0.00162889 -0.0173076 0.0872827 
0.0106408 -0.0190271 -0.000570043 0.000652212 -0.0190271 0.0913918 0.000662483 -0.00162796 -0.000570043 0.000662483 0.00916178 -0.0173016 0.000652212 -0.00162796 -0.0173016 0.0872321 
0.0106688 -0.0190173 -0.000545682 0.000657878 -0.0190173 0.0913634 0.000662978 -0.00162685 -0.000545682 0.000662978 0.00918479 -0.0173649 0.000657878 -0.00162685 -0.0173649 0.0873346 
0.0106411 -0.01898 -0.000516706 0.000588329 -0.01898 0.0912165 0.000593444 -0.00149384 -0.000516706 0.000593444 0.00918304 -0.0174299 0.000588329 -0.00149384 -0.0174299 0.0875075 
0.0106372 -0.0189748 -0.000532626 0.000573597 -0.0189748 0.0911815 0.000573597 -0.00141351 -0.000532626 0.000573597 0.00916219 -0.017423 0.000573597 -0.00141351 -0.017423 0.0875709 
0.0106148 -0.0189689 -0.000580577 0.00059599 -0.0189689 0.0911711 0.000590853 -0.00141291 -0.000580577 0.000590853 0.00914537 -0.0173762 0.00059599 -0.00141291 -0.0173762 0.0874667 
0.0105755 -0.0189576 -0.000612698 0.000653888 -0.0189576 0.0911838 0.000648739 -0.00150343 -0.000612698 0.000648739 0.00913898 -0.0173254 0.000653888 -0.00150343 -0.0173254 0.0873275 
0.0105312 -0.0188941 -0.000650454 0.000702077 -0.0188941 0.0910583 0.000702077 -0.00164162 -0.000650454 0.000702077 0.00914765 -0.0173403 0.000702077 -0.00164162 -0.0173403 0.0873002 
0.0105242 -0.0188648 -0.000680136 0.000767071 -0.0188648 0.09099 0.000772185 -0.00183074 -0.000680136 0.000772185 0.0091844 -0.017346 0.000767071 -0.00183074 -0.017346 0.0873132 
0.0105526 -0.0189181 -0.00067966 0.000797196 -0.0189181 0.0911102 0.000797196 -0.001947 -0.00067966 0.000797196 0.00918308 -0.0173339 0.000797196 -0.001947 -0.0173339 0.0872469 
0.0106267 -0.0190071 -0.000691166 0.000828383 -0.0190071 0.0913965 0.000828383 -0.00206333 -0.000691166 0.000828383 0.00918336 -0.0173198 0.000828383 -0.00206333 -0.0173198 0.0871885 
0.0106303 -0.0190054 -0.000681695 0.000804707 -0.0190054 0.0913727 0.000804707 -0.00202458 -0.000681695 0.000804707 0.00917981 -0.0174012 0.000804707 -0.00202458 -0.0174012 0.0873697 
0.0106384 -0.0190137 -0.000687673 0.000785179 -0.0190137 0.0913938 0.000780047 -0.00196038 -0.000687673 0.000780047 0.00916555 -0.0173868 0.000785179 -0.00196038 -0.0173868 0.0874423 
0.0106584 -0.019045 -0.000638783 0.00076757 -0.019045 0.0914491 0.000777873 -0.00188029 -0.000638783 0.000777873 0.00913872 -0.017345 0.00076757 -0.00188029 -0.017345 0.0873639 
