0.0074089 0 -0.0012191 0 0 0.00998855 0 0 -0.0012191 0 0.00758402 0 0 0 0 0.00998855 
0.0104317 -0.0129708 -0.00152958 0.00185996 -0.0129708 0.0340606 0.00185996 -0.00356085 -0.00152958 0.00185996 0.0106764 -0.0132584 0.00185996 -0.00356085 -0.0132584 0.0346112 
0.0104897 -0.019697 -0.00141938 0.00204191 -0.019697 0.0722263 0.00204191 -0.00635606 -0.00141938 0.00204191 0.0106329 -0.019946 0.00204191 -0.00635606 -0.019946 0.0729547 
0.00990199 -0.0193458 -0.00134486 0.00149363 -0.0193458 0.0865175 0.00149958 -0.0045285 -0.00134486 0.00149958 0.010021 -0.0193279 0.00149363 -0.0045285 -0.0193279 0.086327 
0.00989164 -0.018556 -0.00144218 0.00145349 -0.018556 0.0891435 0.00145349 -0.0035913 -0.00144218 0.00145349 0.00995385 -0.0185334 0.00145349 -0.0035913 -0.0185334 0.0888098 
0.0101502 -0.0184709 -0.00148604 0.00160943 -0.0184709 0.0898278 0.00160943 -0.00372316 -0.00148604 0.00160943 0.0100751 -0.0184441 0.00160943 -0.00372316 -0.0184441 0.0896454 
0.0103067 -0.0186799 -0.00145011 0.00164242 -0.0186799 0.0904579 0.00164242 -0.00390335 -0.00145011 0.00164242 0.0101508 -0.0185136 0.00164242 -0.00390335 -0.0185136 0.0901356 
0.0103818 -0.0188044 -0.00140969 0.00159799 -0.0188044 0.0909072 0.0015929 -0.00387283 -0.00140969 0.0015929 0.0101681 -0.0185652 0.00159799 -0.00387283 -0.0185652 0.0903881 
0.01042 -0.0188504 -0.0013967 0.00153737 -0.0188504 0.0910817 0.00153235 -0.00372285 -0.0013967 0.00153235 0.0101336 -0.018564 0.00153737 -0.00372285 -0.018564 0.0904487 
0.0103738 -0.0188791 -0.00138018 0.00152966 -0.0188791 0.0911569 0.00152468 -0.0036672 -0.00138018 0.00152468 0.0101595 -0.0185154 0.00152966 -0.0036672 -0.0185154 0.0903696 
0.0103576 -0.0188293 -0.0013648 0.00154346 -0.0188293 0.0911139 0.00154346 -0.0036924 -0.0013648 0.00154346 0.0101888 -0.0185811 0.00154346 -0.0036924 -0.0185811 0.0904638 
0.0103198 -0.0188017 -0.00134476 0.00150911 -0.0188017 0.091015 0.00150911 -0.00363582 -0.00134476 0.00150911 0.0102002 -0.0186124 0.00150911 -0.00363582 -0.0186124 0.0905668 
0.0103267 -0.0187834 -0.00134132 0.00149091 -0.0187834 0.0909753 0.00149589 -0.00360012 -0.00134132 0.00149589 0.0101671 -0.0186139 0.00149091 -0.00360012 -0.0186139 0.0906113 
0.0103364 -0.0187885 -0.00133954 0.00148449 -0.0187885 0.0909836 0.00147949 -0.00356877 -0.00133954 0.00147949 0.0101315 -0.0185786 0.00148449 -0.00356877 -0.0185786 0.0905688 
0.0103751 -0.0188009 -0.00134612 0.00149071 -0.0188009 0.0910179 0.00148074 -0.00356473 -0.00134612 0.00148074 0.010071 -0.0185266 0.00149071 -0.00356473 -0.0185266 0.0904345 
0.0104105 -0.0188277 -0.00134056 0.00150502 -0.0188277 0.0910536 0.00149505 -0.00358314 -0.00134056 0.00149505 0.0100418 -0.0184838 0.00150502 -0.00358314 -0.0184838 0.0903609 
0.0104471 -0.018899 -0.00135986 0.00151867 -0.018899 0.0912195 0.00151371 -0.00365275 -0.00135986 0.00151371 0.0100451 -0.0184424 0.00151867 -0.00365275 -0.0184424 0.0902368 
0.0104236 -0.0189533 -0.00137191 0.00151606 -0.0189533 0.0913912 0.00151109 -0.00364352 -0.00137191 0.00151109 0.0100508 -0.0183966 0.00151606 -0.00364352 -0.0183966 0.0900541 
0.0104271 -0.0189413 -0.00138269 0.00154127 -0.0189413 0.0914754 0.00153136 -0.00368221 -0.00138269 0.00153136 0.0100604 -0.018416 0.00154127 -0.00368221 -0.018416 0.0900481 
0.0103849 -0.0189295 -0.00138763 0.00154679 -0.0189295 0.0914345 0.00155176 -0.00372025 -0.00138763 0.00155176 0.0100914 -0.0184421 0.00154679 -0.00372025 -0.0184421 0.0901065 
0.0103716 -0.0188948 -0.00137263 0.00155598 -0.0188948 0.0913767 0.00156094 -0.00376111 -0.00137263 0.00156094 0.0101139 -0.0184636 0.00155598 -0.00376111 -0.0184636 0.0901676 
0.010331 -0.0188527 -0.00133848 0.0015219 -0.0188527 0.0912692 0.00152685 -0.00370312 -0.00133848 0.00152685 0.0101526 -0.0185057 0.0015219 -0.00370312 -0.0185057 0.0902728 
0.0103093 -0.0188005 -0.00135245 0.00150107 -0.0188005 0.0911343 0.00151098 -0.00366103 -0.00135245 0.00151098 0.0101904 -0.0185677 0.00150107 -0.00366103 -0.0185677 0.0904407 
0.0102926 -0.018766 -0.00136444 0.00152758 -0.018766 0.0910516 0.00153252 -0.00370277 -0.00136444 0.00153252 0.0102481 -0.0186325 0.00152758 -0.00370277 -0.0186325 0.0906412 
0.0102715 -0.01875 -0.00137086 0.0015298 -0.01875 0.0909687 0.00153974 -0.0037202 -0.00137086 0.00153974 0.0102566 -0.0186904 0.0015298 -0.0037202 -0.0186904 0.09078 
0.0102748 -0.0187467 -0.00137961 0.00151906 -0.0187467 0.0909743 0.001534 -0.00369555 -0.00137961 0.001534 0.01024 -0.0186869 0.00151906 -0.00369555 -0.0186869 0.090805 
0.0102624 -0.0187265 -0.00138641 0.00152203 -0.0187265 0.0908949 0.00152705 -0.00365187 -0.00138641 0.00152705 0.0101971 -0.0186763 0.00152203 -0.00365187 -0.0186763 0.0907794 
0.0102603 -0.0187123 -0.00137006 0.00153628 -0.0187123 0.090867 0.00154131 -0.00367699 -0.00137006 0.00154131 0.0101646 -0.0186217 0.00153628 -0.00367699 -0.0186217 0.0906907 
0.0102687 -0.0187076 -0.0013611 0.00152242 -0.0187076 0.0908156 0.00151737 -0.00365985 -0.0013611 0.00151737 0.0101326 -0.0185614 0.00152242 -0.00365985 -0.0185614 0.0905333 
0.0102903 -0.0187119 -0.00134987 0.00150098 -0.0187119 0.0908093 0.00149594 -0.00361142 -0.00134987 0.00149594 0.0100687 -0.0184953 0.00150098 -0.00361142 -0.0184953 0.0903157 
0.0103301 -0.0187378 -0.00135527 0.00150083 -0.0187378 0.0908279 0.00149079 -0.00358392 -0.00135527 0.00149079 0.0100089 -0.0184115 0.00150083 -0.00358392 -0.0184115 0.0901201 
0.0103505 -0.0188022 -0.00135268 0.00152302 -0.0188022 0.0909751 0.001513 -0.00364722 -0.00135268 0.001513 0.00999479 -0.0183413 0.00152302 -0.00364722 -0.0183413 0.089923 
0.0103779 -0.0188225 -0.00137237 0.00153765 -0.0188225 0.0910871 0.00152263 -0.0037114 -0.00137237 0.00152263 0.00996218 -0.0183166 0.00153765 -0.0037114 -0.0183166 0.0897949 
0.0104139 -0.018864 -0.00139918 0.00157408 -0.018864 0.0911917 0.00156908 -0.00381777 -0.00139918 0.00156908 0.00995418 -0.0183093 0.00157408 -0.00381777 -0.0183093 0.0897925 
0.010492 -0.0188865 -0.00144164 0.0015768 -0.0188865 0.091229 0.00157179 -0.00380934 -0.00144164 0.00157179 0.00987626 -0.0183109 0.0015768 -0.00380934 -0.0183109 0.0898024 
0.0105629 -0.0190122 -0.00146362 0.00164223 -0.0190122 0.0915036 0.00163727 -0.00391953 -0.00146362 0.00163727 0.00987324 -0.0182184 0.00164223 -0.00391953 -0.0182184 0.0896629 
0.0105305 -0.0190689 -0.0014371 0.00163532 -0.0190689 0.0916722 0.00164523 -0.00395451 -0.0014371 0.00164523 0.00993087 -0.0182314 0.00163532 -0.00395451 -0.0182314 0.0896256 
0.010465 -0.019025 -0.00139533 0.00160809 -0.019025 0.0916414 0.00162293 -0.00393364 -0.00139533 0.00162293 0.0100246 -0.0183322 0.00160809 -0.00393364 -0.0183322 0.0898453 
0.0103877 -0.0189463 -0.0013668 0.00156064 -0.0189463 0.0914861 0.00156561 -0.00382207 -0.0013668 0.00156561 0.0101143 -0.0184543 0.00156064 -0.00382207 -0.0184543 0.0901342 
0.0103433 -0.0188608 -0.00134827 0.00151742 -0.0188608 0.091294 0.00152737 -0.00372141 -0.00134827 0.00152737 0.0101543 -0.0185424 0.00151742 -0.00372141 -0.0185424 0.0903686 
0.0103413 -0.0187734 -0.00135729 0.00152633 -0.0187734 0.0910628 0.00152633 -0.00371391 -0.00135729 0.00152633 0.0101623 -0.0186143 0.00152633 -0.00371391 -0.0186143 0.0906153 
0.0103501 -0.0188099 -0.00135951 0.00151332 -0.0188099 0.0910575 0.00151829 -0.00367167 -0.00135951 0.00151829 0.0101616 -0.0185816 0.00151332 -0.00367167 -0.0185816 0.0905911 
0.0102927 -0.0188234 -0.00134382 0.00148815 -0.0188234 0.091086 0.00148815 -0.00357854 -0.00134382 0.00148815 0.0101682 -0.0185497 0.00148815 -0.00357854 -0.0185497 0.0904639 
0.0101804 -0.0187351 -0.00133464 0.00147513 -0.0187351 0.090926 0.00147513 -0.00352726 -0.00133464 0.00147513 0.0102155 -0.0185745 0.00147513 -0.00352726 -0.0185745 0.0904844 
0.0101613 -0.0185739 -0.00135283 0.00150816 -0.0185739 0.0906098 0.00150315 -0.00360255 -0.00135283 0.00150315 0.0102314 -0.0186641 0.00150816 -0.00360255 -0.0186641 0.09068 
0.0101264 -0.018546 -0.0013315 0.00151171 -0.018546 0.0904222 0.0015067 -0.00361909 -0.0013315 0.0015067 0.0102566 -0.0186661 0.00151171 -0.00361909 -0.0186661 0.0907676 
0.0101238 -0.0185444 -0.00131854 0.00149834 -0.0185444 0.0903997 0.00149834 -0.00361099 -0.00131854 0.00149834 0.0102986 -0.0186942 0.00149834 -0.00361099 -0.0186942 0.0907942 
0.0100772 -0.0185476 -0.00128036 0.00144103 -0.0185476 0.0903983 0.00144605 -0.00349463 -0.00128036 0.00144605 0.0103182 -0.0187083 0.00144103 -0.00349463 -0.0187083 0.0908 
0.0101267 -0.0185055 -0.00128212 0.00141734 -0.0185055 0.0903591 0.00142736 -0.00344068 -0.00128212 0.00142736 0.010282 -0.0187409 0.00141734 -0.00344068 -0.0187409 0.0908599 
0.0101383 -0.0185594 -0.00129671 0.00141186 -0.0185594 0.0904039 0.00141686 -0.00339947 -0.00129671 0.00141686 0.0102585 -0.0186846 0.00141186 -0.00339947 -0.0186846 0.0907844 
0.0102041 -0.0185847 -0.00130043 0.00144492 -0.0185847 0.0905069 0.00144492 -0.00344788 -0.00130043 0.00144492 0.0102091 -0.0186544 0.00144492 -0.00344788 -0.0186544 0.0906763 
0.0102775 -0.0186855 -0.00128282 0.00145188 -0.0186855 0.0907075 0.00145685 -0.00349047 -0.00128282 0.00145685 0.0101532 -0.0185711 0.00145188 -0.00349047 -0.0185711 0.0904987 
0.0102706 -0.0187577 -0.00127882 0.00142369 -0.0187577 0.0908964 0.00142369 -0.00344683 -0.00127882 0.00142369 0.0101157 -0.018503 0.00142369 -0.00344683 -0.018503 0.0902969 
0.0102395 -0.0187517 -0.00127807 0.00141287 -0.0187517 0.0909527 0.00141287 -0.00341984 -0.00127807 0.00141287 0.0101197 -0.0184671 0.00141287 -0.00341984 -0.0184671 0.0901788 
0.0101417 -0.0186892 -0.00125832 0.00138866 -0.0186892 0.0908394 0.00139367 -0.0033388 -0.00125832 0.00139367 0.0101568 -0.0184737 0.00138866 -0.0033388 -0.0184737 0.0901526 
0.0101078 -0.0185676 -0.0012435 0.00139832 -0.0185676 0.0906108 0.0014083 -0.00334097 -0.0012435 0.0014083 0.0102027 -0.0185477 0.00139832 -0.00334097 -0.0185477 0.0903062 
0.0100486 -0.0184818 -0.00122409 0.0013746 -0.0184818 0.0903121 0.0013746 -0.00331108 -0.00122409 0.0013746 0.0102192 -0.0186123 0.0013746 -0.00331108 -0.0186123 0.0904726 
0.00997594 -0.0184136 -0.00119025 0.00135164 -0.0184136 0.0900962 0.00135669 -0.00327824 -0.00119025 0.00135669 0.0102432 -0.0186255 0.00135164 -0.00327824 -0.0186255 0.0905703 
0.00991542 -0.0183529 -0.0011692 0.00132104 -0.0183529 0.0899474 0.00131092 -0.00319885 -0.0011692 0.00131092 0.0102697 -0.0186363 0.00132104 -0.00319885 -0.0186363 0.0906003 
0.00987684 -0.0182458 -0.00116883 0.00130544 -0.0182458 0.0896809 0.00129532 -0.00313711 -0.00116883 0.00129532 0.0102867 -0.0186861 0.00130544 -0.00313711 -0.0186861 0.0907081 
0.00989149 -0.0181975 -0.00120172 0.0013431 -0.0181975 0.089493 0.00133805 -0.00322647 -0.00120172 0.00133805 0.0103005 -0.0187428 0.0013431 -0.00322647 -0.0187428 0.0908765 
0.00994298 -0.0182439 -0.00118873 0.00133983 -0.0182439 0.0895372 0.0013348 -0.00321862 -0.00118873 0.0013348 0.0102805 -0.0187073 0.00133983 -0.00321862 -0.0187073 0.0908367 
0.00998807 -0.0182914 -0.00118834 0.00132873 -0.0182914 0.0896519 0.00133375 -0.00319899 -0.00118834 0.00133375 0.0102638 -0.0186925 0.00132873 -0.00319899 -0.0186925 0.0907901 
0.0100118 -0.0183725 -0.00116231 0.00132194 -0.0183725 0.0898719 0.00134189 -0.00320757 -0.00116231 0.00134189 0.0102662 -0.0186468 0.00132194 -0.00320757 -0.0186468 0.0906651 
0.00998157 -0.0184156 -0.0011419 0.00127211 -0.0184156 0.0900094 0.00128714 -0.00310015 -0.0011419 0.00128714 0.0102771 -0.018646 0.00127211 -0.00310015 -0.018646 0.0905904 
0.0099169 -0.0183927 -0.00110969 0.00125028 -0.0183927 0.0900454 0.00126032 -0.00301775 -0.00110969 0.00126032 0.0103136 -0.0186438 0.00125028 -0.00301775 -0.0186438 0.0905727 
0.00982568 -0.0182885 -0.00106725 0.00123259 -0.0182885 0.0898491 0.00122257 -0.00296123 -0.00106725 0.00122257 0.0104069 -0.0187294 0.00123259 -0.00296123 -0.0187294 0.090741 
0.00976481 -0.0181683 -0.00105106 0.00118119 -0.0181683 0.08956 0.00117618 -0.00286788 -0.00105106 0.00117618 0.0104605 -0.0188289 0.00118119 -0.00286788 -0.0188289 0.0909714 
0.0097673 -0.0181051 -0.00105094 0.00119539 -0.0181051 0.08939 0.00118044 -0.00286893 -0.00105094 0.00118044 0.0104945 -0.018912 0.00119539 -0.00286893 -0.018912 0.091203 
0.00978916 -0.0181025 -0.00106836 0.0012075 -0.0181025 0.0893 0.00120253 -0.00293675 -0.00106836 0.00120253 0.0105296 -0.018982 0.0012075 -0.00293675 -0.018982 0.0914367 
0.00983708 -0.0181328 -0.00109744 0.00117726 -0.0181328 0.0893468 0.00117726 -0.00286832 -0.00109744 0.00117726 0.0104656 -0.0189858 0.00117726 -0.00286832 -0.0189858 0.0914719 
0.00984245 -0.0182193 -0.00110922 0.00117949 -0.0182193 0.0895206 0.00119455 -0.00282575 -0.00110922 0.00119455 0.0104247 -0.0188919 0.00117949 -0.00282575 -0.0188919 0.0913175 
0.0098243 -0.0182394 -0.00112235 0.001223 -0.0182394 0.0896568 0.0012381 -0.00289897 -0.00112235 0.0012381 0.0104283 -0.0188333 0.001223 -0.00289897 -0.0188333 0.0911516 
0.0097344 -0.0181929 -0.00111323 0.00124031 -0.0181929 0.0895972 0.00124539 -0.00295844 -0.00111323 0.00124539 0.0104715 -0.0188385 0.00124031 -0.00295844 -0.0188385 0.0911018 
0.00972465 -0.0180942 -0.00112676 0.00125365 -0.0180942 0.0894252 0.00124857 -0.00300977 -0.00112676 0.00124857 0.010486 -0.0188859 0.00125365 -0.00300977 -0.0188859 0.0911559 
0.00976913 -0.0180501 -0.00117432 0.00131099 -0.0180501 0.0892332 0.0012958 -0.00313827 -0.00117432 0.0012958 0.0104727 -0.0189359 0.00131099 -0.00313827 -0.0189359 0.0912933 
0.00986648 -0.0181339 -0.00119548 0.00134176 -0.0181339 0.0893431 0.00133167 -0.00321821 -0.00119548 0.00133167 0.0104113 -0.0188805 0.00134176 -0.00321821 -0.0188805 0.0912044 
0.00994449 -0.0182728 -0.00123738 0.00135859 -0.0182728 0.0896166 0.00135354 -0.0032879 -0.00123738 0.00135354 0.0103485 -0.018793 0.00135859 -0.0032879 -0.018793 0.0909954 
0.00998497 -0.0183663 -0.00124056 0.00139184 -0.0183663 0.0899051 0.00139184 -0.00334345 -0.00124056 0.00139184 0.0103077 -0.0187042 0.00139184 -0.00334345 -0.0187042 0.0907775 
0.00998847 -0.0184183 -0.00123791 0.00138826 -0.0184183 0.0900717 0.00139327 -0.0033629 -0.00123791 0.00139327 0.0103193 -0.0186588 0.00138826 -0.0033629 -0.0186588 0.0906129 
0.00999477 -0.01839 -0.00122231 0.00136315 -0.01839 0.0900636 0.00136818 -0.00328967 -0.00122231 0.00136818 0.0102765 -0.0186817 0.00136315 -0.00328967 -0.0186817 0.0905968 
0.00997559 -0.0183909 -0.00118781 0.00133377 -0.0183909 0.0900269 0.0013388 -0.00321615 -0.00118781 0.0013388 0.0102625 -0.0186476 0.00133377 -0.00321615 -0.0186476 0.0905655 
0.0099398 -0.0183531 -0.00117383 0.00133001 -0.0183531 0.0899368 0.00132497 -0.00319404 -0.00117383 0.00132497 0.0102874 -0.0186655 0.00133001 -0.00319404 -0.0186655 0.0906219 
0.00994857 -0.0183072 -0.00116092 0.0012972 -0.0183072 0.0898298 0.0012972 -0.00313448 -0.00116092 0.0012972 0.0102615 -0.0186857 0.0012972 -0.00313448 -0.0186857 0.0906627 
0.0100064 -0.0183225 -0.00118226 0.00128288 -0.0183225 0.0898014 0.00127785 -0.0030789 -0.00118226 0.00127785 0.0101926 -0.0186445 0.00128288 -0.0030789 -0.0186445 0.0906264 
0.0100225 -0.0183695 -0.00119966 0.0013009 -0.0183695 0.0898479 0.00129077 -0.00308267 -0.00119966 0.00129077 0.010144 -0.0185719 0.0013009 -0.00308267 -0.0185719 0.0905009 
0.0100357 -0.0184292 -0.0011911 0.00132289 -0.0184292 0.0899968 0.00130768 -0.00310701 -0.0011911 0.00130768 0.0100813 -0.0184596 0.00132289 -0.00310701 -0.0184596 0.0902046 
0.0100549 -0.0184094 -0.00117755 0.0013349 -0.0184094 0.0900015 0.00132475 -0.00317736 -0.00117755 0.00132475 0.0100346 -0.0184195 0.0013349 -0.00317736 -0.0184195 0.0900573 
0.0101148 -0.0184141 -0.00122049 0.00134253 -0.0184141 0.0899905 0.00134253 -0.00324446 -0.00122049 0.00134253 0.00995205 -0.0183836 0.00134253 -0.00324446 -0.0183836 0.0899701 
0.010135 -0.0185182 -0.00121864 0.00137605 -0.0185182 0.0901844 0.0013862 -0.00331571 -0.00121864 0.0013862 0.00994206 -0.0182593 0.00137605 -0.00331571 -0.0182593 0.0897375 
0.0100883 -0.0185239 -0.00120797 0.00138487 -0.0185239 0.090264 0.00139498 -0.00337119 -0.00120797 0.00139498 0.0100175 -0.0182661 0.00138487 -0.00337119 -0.0182661 0.0896524 
0.0100408 -0.0184419 -0.00119944 0.00137657 -0.0184419 0.0901348 0.00138163 -0.00337563 -0.00119944 0.00138163 0.0100763 -0.0183863 0.00137657 -0.00337563 -0.0183863 0.0898564 
0.0100862 -0.0183981 -0.00121478 0.00137608 -0.0183981 0.0900197 0.00137608 -0.00336711 -0.00121478 0.00137608 0.010066 -0.0184636 0.00137608 -0.00336711 -0.0184636 0.090065 
0.0101259 -0.0184645 -0.00122523 0.00136193 -0.0184645 0.0900797 0.00136193 -0.00332128 -0.00122523 0.00136193 0.0100094 -0.0184189 0.00136193 -0.00332128 -0.0184189 0.0900544 
0.0101909 -0.0185505 -0.00125621 0.00139242 -0.0185505 0.0903055 0.00138738 -0.00335493 -0.00125621 0.00138738 0.00996892 -0.0183285 0.00139242 -0.00335493 -0.0183285 0.0898817 
0.0101836 -0.018626 -0.00126029 0.00139189 -0.018626 0.0905184 0.00140707 -0.00336078 -0.00126029 0.00140707 0.00995581 -0.0182515 0.00139189 -0.00336078 -0.0182515 0.0896428 
0.0101568 -0.0186285 -0.00126897 0.00139079 -0.0186285 0.0906147 0.00139079 -0.00333993 -0.00126897 0.00139079 0.00994873 -0.0182275 0.00139079 -0.00333993 -0.0182275 0.0894929 
0.0101174 -0.0185434 -0.00129789 0.00143585 -0.0185434 0.0904585 0.00143585 -0.00342356 -0.00129789 0.00143585 0.00994875 -0.0182675 0.00143585 -0.00342356 -0.0182675 0.0895745 
0.0101565 -0.0185019 -0.0013241 0.00150673 -0.0185019 0.0903229 0.00150673 -0.0036121 -0.0013241 0.00150673 0.00994851 -0.0182888 0.00150673 -0.0036121 -0.0182888 0.0896837 
0.0102293 -0.018562 -0.00131145 0.00150817 -0.018562 0.0903538 0.00150817 -0.00367206 -0.00131145 0.00150817 0.00990648 -0.0182695 0.00150817 -0.00367206 -0.0182695 0.0896476 
0.0103466 -0.01864 -0.00131161 0.00147304 -0.01864 0.0904908 0.00147808 -0.00361701 -0.00131161 0.00147808 0.00981183 -0.0182213 0.00147304 -0.00361701 -0.0182213 0.0895778 
0.0103541 -0.0187701 -0.00129047 0.0014676 -0.0187701 0.0907481 0.00147266 -0.0035779 -0.00129047 0.00147266 0.00978229 -0.0181122 0.0014676 -0.0035779 -0.0181122 0.0893867 
0.010358 -0.0188055 -0.00130235 0.00147971 -0.0188055 0.0909312 0.00147971 -0.00359792 -0.00130235 0.00147971 0.00978027 -0.0180808 0.00147971 -0.00359792 -0.0180808 0.089264 
0.0103692 -0.0188181 -0.0012752 0.00145302 -0.0188181 0.0910523 0.00145302 -0.00354109 -0.0012752 0.00145302 0.00976467 -0.0180611 0.00145302 -0.00354109 -0.0180611 0.0891471 
0.0104064 -0.0188323 -0.00127789 0.00143062 -0.0188323 0.0911016 0.00142044 -0.00345691 -0.00127789 0.00142044 0.00970889 -0.018033 0.00143062 -0.00345691 -0.018033 0.0890601 
0.0104472 -0.0188777 -0.00125852 0.0014152 -0.0188777 0.0911843 0.00140509 -0.00339142 -0.00125852 0.00140509 0.00968401 -0.0179579 0.0014152 -0.00339142 -0.0179579 0.0889099 
0.0104267 -0.0189128 -0.00126186 0.00141268 -0.0189128 0.0912811 0.0013976 -0.00337836 -0.00126186 0.0013976 0.00972787 -0.0179425 0.00141268 -0.00337836 -0.0179425 0.0888479 
0.0103561 -0.0188728 -0.00128506 0.00143121 -0.0188728 0.0912192 0.00141105 -0.0033966 -0.00128506 0.00141105 0.00982191 -0.0180413 0.00143121 -0.0033966 -0.0180413 0.089012 
0.0103273 -0.0187718 -0.00130227 0.00146379 -0.0187718 0.0910376 0.00145369 -0.00347776 -0.00130227 0.00145369 0.00987805 -0.0181813 0.00146379 -0.00347776 -0.0181813 0.0893466 
0.0103635 -0.0187374 -0.00133302 0.00150842 -0.0187374 0.0908808 0.00150842 -0.00362321 -0.00133302 0.00150842 0.00992247 -0.0182814 0.00150842 -0.00362321 -0.0182814 0.0896982 
0.0104427 -0.01879 -0.0013489 0.00152311 -0.01879 0.0909037 0.00153306 -0.00370822 -0.0013489 0.00153306 0.00992509 -0.0183271 0.00152311 -0.00370822 -0.0183271 0.0899032 
0.0104673 -0.018874 -0.00136877 0.00150813 -0.018874 0.0910353 0.00152306 -0.00366829 -0.00136877 0.00152306 0.00991982 -0.0183215 0.00150813 -0.00366829 -0.0183215 0.0899453 
0.0104555 -0.0189372 -0.00138213 0.00154122 -0.0189372 0.0912503 0.00155614 -0.00372379 -0.00138213 0.00155614 0.00995332 -0.0182958 0.00154122 -0.00372379 -0.0182958 0.089898 
0.0103934 -0.0189157 -0.00137215 0.00153681 -0.0189157 0.0912956 0.00155178 -0.00373725 -0.00137215 0.00155178 0.00999426 -0.0183419 0.00153681 -0.00373725 -0.0183419 0.0899234 
0.0103173 -0.0188355 -0.00138201 0.00153277 -0.0188355 0.0911521 0.00155287 -0.00373896 -0.00138201 0.00155287 0.0100359 -0.0183983 0.00153277 -0.00373896 -0.0183983 0.0900666 
0.0102803 -0.0187642 -0.00138882 0.00156494 -0.0187642 0.0910079 0.001575 -0.00378403 -0.00138882 0.001575 0.0100689 -0.018432 0.00156494 -0.00378403 -0.018432 0.0901474 
0.0102218 -0.0186912 -0.00137969 0.00156599 -0.0186912 0.0907974 0.00158613 -0.00382686 -0.00137969 0.00158613 0.0101261 -0.0184898 0.00156599 -0.00382686 -0.0184898 0.0902939 
0.0102318 -0.0186403 -0.00135118 0.00152699 -0.0186403 0.0906397 0.00153703 -0.00372203 -0.00135118 0.00153703 0.0101062 -0.0185097 0.00152699 -0.00372203 -0.0185097 0.0903082 
0.0102693 -0.0186615 -0.00132797 0.00151269 -0.0186615 0.0906617 0.0015077 -0.00366441 -0.00132797 0.0015077 0.0100996 -0.0184868 0.00151269 -0.00366441 -0.0184868 0.0902873 
0.0103039 -0.018702 -0.0013305 0.00148556 -0.018702 0.090724 0.00148056 -0.00360135 -0.0013305 0.00148056 0.0100688 -0.0184869 0.00148556 -0.00360135 -0.0184869 0.0902789 
0.0103418 -0.0187782 -0.00133735 0.00148315 -0.0187782 0.0908995 0.00147309 -0.00356459 -0.00133735 0.00147309 0.010015 -0.0184313 0.00148315 -0.00356459 -0.0184313 0.0901705 
0.0103524 -0.0188088 -0.00135141 0.00146739 -0.0188088 0.0910237 0.00145731 -0.0035046 -0.00135141 0.00145731 0.00996919 -0.0183701 0.00146739 -0.0035046 -0.0183701 0.0900001 
0.0103966 -0.0188164 -0.0013643 0.00154356 -0.0188164 0.0910797 0.00153858 -0.00365474 -0.0013643 0.00153858 0.00999328 -0.0183434 0.00154356 -0.00365474 -0.0183434 0.0899594 
0.010417 -0.0188525 -0.00136265 0.00153735 -0.0188525 0.0911178 0.00154733 -0.00371859 -0.00136265 0.00154733 0.00999276 -0.0183733 0.00153735 -0.00371859 -0.0183733 0.0899648 
0.0104299 -0.0188976 -0.00136802 0.00152778 -0.0188976 0.0912227 0.00152778 -0.00369464 -0.00136802 0.00152778 0.00995057 -0.0183234 0.00152778 -0.00369464 -0.0183234 0.0898747 
0.0104271 -0.0189038 -0.00139028 0.00155531 -0.0189038 0.0912683 0.00155531 -0.00374075 -0.00139028 0.00155531 0.00994199 -0.0183087 0.00155531 -0.00374075 -0.0183087 0.089843 
0.0104095 -0.0189141 -0.00137493 0.00155492 -0.0189141 0.0913354 0.00155992 -0.00374981 -0.00137493 0.00155992 0.0099445 -0.0182791 0.00155492 -0.00374981 -0.0182791 0.0897655 
0.0103194 -0.0188896 -0.00135319 0.00154865 -0.0188896 0.0913055 0.00154364 -0.00374384 -0.00135319 0.00154364 0.0100287 -0.0183032 0.00154865 -0.00374384 -0.0183032 0.0897719 
0.0102557 -0.0187621 -0.00134838 0.00152382 -0.0187621 0.0910736 0.00152884 -0.00370931 -0.00134838 0.00152884 0.0100953 -0.0184162 0.00152382 -0.00370931 -0.0184162 0.0899809 
0.0102633 -0.0186855 -0.0013594 0.00149484 -0.0186855 0.0908343 0.00149986 -0.00363177 -0.0013594 0.00149986 0.0100526 -0.0184648 0.00149484 -0.00363177 -0.0184648 0.090122 
0.010318 -0.0186809 -0.00135697 0.00150774 -0.0186809 0.0907108 0.00151277 -0.00362863 -0.00135697 0.00151277 0.0099712 -0.0184397 0.00150774 -0.00362863 -0.0184397 0.0901479 
0.0102849 -0.0187279 -0.00134239 0.00148874 -0.0187279 0.0907224 0.00150893 -0.00360326 -0.00134239 0.00150893 0.00995186 -0.0183342 0.00148874 -0.00360326 -0.0183342 0.0899805 
0.0102679 -0.018717 -0.00133513 0.0015165 -0.018717 0.0907634 0.00152154 -0.00366278 -0.00133513 0.00152154 0.00996559 -0.0183139 0.0015165 -0.00366278 -0.0183139 0.0898666 
0.0102736 -0.0186975 -0.00130179 0.00148273 -0.0186975 0.0907533 0.00147771 -0.00359374 -0.00130179 0.00147771 0.00997703 -0.0183055 0.00148273 -0.00359374 -0.0183055 0.0897933 
0.0102464 -0.0187224 -0.0012739 0.00144443 -0.0187224 0.0908284 0.0014344 -0.00349571 -0.0012739 0.0014344 0.00999564 -0.018286 0.00144443 -0.00349571 -0.018286 0.0896949 
0.0102215 -0.0186976 -0.00125254 0.00142357 -0.0186976 0.0908268 0.00140848 -0.00343065 -0.00125254 0.00140848 0.0100052 -0.0183102 0.00142357 -0.00343065 -0.0183102 0.089705 
0.0101927 -0.0186547 -0.00123258 0.00141369 -0.0186547 0.0907531 0.0013986 -0.00340092 -0.00123258 0.0013986 0.0100418 -0.0183478 0.00141369 -0.00340092 -0.0183478 0.0898174 
0.0101825 -0.0186371 -0.0012185 0.00141326 -0.0186371 0.0906984 0.00139828 -0.00342579 -0.0012185 0.00139828 0.0101076 -0.0184024 0.00141326 -0.00342579 -0.0184024 0.0899444 
0.010225 -0.018608 -0.00123456 0.00139884 -0.018608 0.0906109 0.00138888 -0.00341994 -0.00123456 0.00138888 0.0101154 -0.0184985 0.00139884 -0.00341994 -0.0184985 0.0901728 
0.0102428 -0.018661 -0.00124473 0.00134971 -0.018661 0.0906505 0.00135471 -0.00328929 -0.00124473 0.00135471 0.0100778 -0.018491 0.00134971 -0.00328929 -0.018491 0.0902206 
0.0102524 -0.0186744 -0.0012803 0.00138533 -0.0186744 0.0907163 0.00139533 -0.00331078 -0.0012803 0.00139533 0.0100624 -0.0184643 0.00138533 -0.00331078 -0.0184643 0.0902212 
0.0102917 -0.0186972 -0.00130585 0.00142593 -0.0186972 0.090764 0.00143093 -0.0033772 -0.00130585 0.00143093 0.0100015 -0.018432 0.00142593 -0.0033772 -0.018432 0.0901236 
0.0103466 -0.0187228 -0.0013352 0.00148522 -0.0187228 0.0908036 0.00149522 -0.00354053 -0.0013352 0.00149522 0.00996149 -0.0183928 0.00148522 -0.00354053 -0.0183928 0.0900985 
0.0103224 -0.0188038 -0.00134705 0.00153663 -0.0188038 0.0909658 0.00155659 -0.00372185 -0.00134705 0.00155659 0.010038 -0.0183448 0.00153663 -0.00372185 -0.0183448 0.0900029 
0.0102606 -0.0187844 -0.00130635 0.00147653 -0.0187844 0.0910292 0.00148654 -0.00360373 -0.00130635 0.00148654 0.0100754 -0.018374 0.00147653 -0.00360373 -0.018374 0.0899381 
0.0101503 -0.0186998 -0.00130068 0.00148578 -0.0186998 0.0908977 0.00148578 -0.00360189 -0.00130068 0.00148578 0.0102104 -0.0184797 0.00148578 -0.00360189 -0.0184797 0.0901773 
0.0100605 -0.0185717 -0.00126762 0.00142356 -0.0185717 0.090615 0.00141853 -0.00344573 -0.00126762 0.00141853 0.0102818 -0.018617 0.00142356 -0.00344573 -0.018617 0.090439 
0.0099614 -0.0184405 -0.00126984 0.00140643 -0.0184405 0.0902749 0.00139126 -0.00337443 -0.00126984 0.00139126 0.0103307 -0.0186985 0.00140643 -0.00337443 -0.0186985 0.0906847 
0.00992928 -0.0183236 -0.00127662 0.0014134 -0.0183236 0.0899664 0.00140327 -0.00337393 -0.00127662 0.00140327 0.0103244 -0.018744 0.0014134 -0.00337393 -0.018744 0.0908377 
0.00998866 -0.0182908 -0.00127493 0.00147069 -0.0182908 0.0897975 0.00147571 -0.00352866 -0.00127493 0.00147571 0.01033 -0.0187727 0.00147069 -0.00352866 -0.0187727 0.090962 
