0.00596957 0 0.00151652 0 0 0.00998835 0 0 0.00151652 0 0.0084029 0 0 0 0 0.00998835 
0.00863233 -0.010748 0.0018583 -0.00227266 -0.010748 0.0297831 -0.00227266 0.00436325 0.0018583 -0.00227266 0.0116646 -0.0144646 -0.00227266 0.00436325 -0.0144646 0.036915 
0.00881972 -0.0168875 0.0016059 -0.00257454 -0.0168875 0.0633057 -0.00257454 0.00810599 0.0016059 -0.00257454 0.01156 -0.0212209 -0.00257454 0.00810599 -0.0212209 0.0769113 
0.00834026 -0.0172576 0.00151415 -0.00186787 -0.0172576 0.079158 -0.00186787 0.00621176 0.00151415 -0.00186787 0.0109032 -0.0202797 -0.00186787 0.00621176 -0.0202797 0.0890683 
0.00825284 -0.0167057 0.00161175 -0.00174704 -0.0167057 0.083852 -0.00175292 0.00466465 0.00161175 -0.00175292 0.0109646 -0.0195409 -0.00174704 0.00466465 -0.0195409 0.0911989 
0.00841283 -0.0164798 0.00171269 -0.00189679 -0.0164798 0.0848815 -0.00190795 0.00451325 0.00171269 -0.00190795 0.0111464 -0.0196039 -0.00189679 0.00451325 -0.0196039 0.0922678 
0.00860631 -0.0165799 0.00173199 -0.00201618 -0.0165799 0.0853232 -0.00203227 0.00478843 0.00173199 -0.00203227 0.0111963 -0.0197275 -0.00201618 0.00478843 -0.0197275 0.0929267 
0.00875649 -0.0167543 0.0016807 -0.00199155 -0.0167543 0.0856946 -0.00201789 0.0048735 0.0016807 -0.00201789 0.0111274 -0.01971 -0.00199155 0.0048735 -0.01971 0.0931234 
0.00887427 -0.0168937 0.00162669 -0.00192198 -0.0168937 0.0860281 -0.0019427 0.00477128 0.00162669 -0.0019427 0.0110553 -0.0196239 -0.00192198 0.00477128 -0.0196239 0.0930218 
0.00889425 -0.0170361 0.00155108 -0.0018345 -0.0170361 0.0863762 -0.00185512 0.00455019 0.00155108 -0.00185512 0.0110225 -0.0194942 -0.0018345 0.00455019 -0.0194942 0.0926785 
0.0088925 -0.0171006 0.00147694 -0.00176512 -0.0171006 0.0866659 -0.00178056 0.00437421 0.00147694 -0.00178056 0.0110076 -0.0194266 -0.00176512 0.00437421 -0.0194266 0.0924038 
0.00888994 -0.0170724 0.00142526 -0.00169698 -0.0170724 0.0866897 -0.00169186 0.00416299 0.00142526 -0.00169186 0.0110073 -0.019441 -0.00169698 0.00416299 -0.019441 0.0923856 
0.00885972 -0.0170656 0.00140026 -0.00165766 -0.0170656 0.086677 -0.00164736 0.00404118 0.00140026 -0.00164736 0.0110219 -0.0194543 -0.00165766 0.00404118 -0.0194543 0.0924273 
0.00884327 -0.0170384 0.00140957 -0.00163078 -0.0170384 0.0866682 -0.00163078 0.00399208 0.00140957 -0.00163078 0.0110399 -0.0194665 -0.00163078 0.00399208 -0.0194665 0.0924557 
0.00881096 -0.0169761 0.00139417 -0.00164533 -0.0169761 0.0865155 -0.0016402 0.00400824 0.00139417 -0.0016402 0.011097 -0.0195491 -0.00164533 0.00400824 -0.0195491 0.0926662 
0.00879252 -0.0169445 0.00140906 -0.00162426 -0.0169445 0.0864034 -0.00163451 0.00400172 0.00140906 -0.00163451 0.0111341 -0.0196192 -0.00162426 0.00400172 -0.0196192 0.0928543 
0.00879477 -0.0169347 0.00142231 -0.00164742 -0.0169347 0.0863771 -0.00165254 0.00401623 0.00142231 -0.00165254 0.0111636 -0.0196616 -0.00164742 0.00401623 -0.0196616 0.0930128 
0.00878404 -0.0169575 0.00141612 -0.00164701 -0.0169575 0.0864089 -0.00165727 0.0040226 0.00141612 -0.00165727 0.0111801 -0.019682 -0.00164701 0.0040226 -0.019682 0.0930636 
0.00880884 -0.0169582 0.00140083 -0.001636 -0.0169582 0.0864524 -0.00165134 0.0040082 0.00140083 -0.00165134 0.011181 -0.0196882 -0.001636 0.0040082 -0.0196882 0.0930884 
0.00880218 -0.0170244 0.00138577 -0.00164239 -0.0170244 0.0865848 -0.00164752 0.00401872 0.00138577 -0.00164752 0.0111426 -0.0196163 -0.00164239 0.00401872 -0.0196163 0.0928823 
0.00880228 -0.0169787 0.00133815 -0.00163834 -0.0169787 0.0865524 -0.00163834 0.00405515 0.00133815 -0.00163834 0.0111631 -0.0196347 -0.00163834 0.00405515 -0.0196347 0.0929073 
0.00880884 -0.0169805 0.00133498 -0.00156759 -0.0169805 0.0865056 -0.00156759 0.00392908 0.00133498 -0.00156759 0.0111754 -0.0196454 -0.00156759 0.00392908 -0.0196454 0.0929226 
0.00880811 -0.0169668 0.00132426 -0.00153229 -0.0169668 0.0864423 -0.00152214 0.00376476 0.00132426 -0.00152214 0.0111421 -0.0196559 -0.00153229 0.00376476 -0.0196559 0.0929571 
0.00879968 -0.0169606 0.00135419 -0.00153815 -0.0169606 0.0864177 -0.00152793 0.00374063 0.00135419 -0.00152793 0.0111095 -0.0196434 -0.00153815 0.00374063 -0.0196434 0.0929843 
0.00880584 -0.0169367 0.0014165 -0.00159037 -0.0169367 0.0863658 -0.00158014 0.00384041 0.0014165 -0.00158014 0.0110815 -0.0196265 -0.00159037 0.00384041 -0.0196265 0.0929932 
0.0088212 -0.0169371 0.00140546 -0.001661 -0.0169371 0.0863261 -0.001661 0.00399663 0.00140546 -0.001661 0.0110802 -0.01961 -0.001661 0.00399663 -0.01961 0.0929906 
0.00886062 -0.0169888 0.00137263 -0.00164408 -0.0169888 0.0864499 -0.00164408 0.00403081 0.00137263 -0.00164408 0.011022 -0.0195343 -0.00164408 0.00403081 -0.0195343 0.0927906 
0.0088912 -0.0170513 0.00132827 -0.00158054 -0.0170513 0.0866158 -0.00158569 0.00391789 0.00132827 -0.00158569 0.0109557 -0.0194402 -0.00158054 0.00391789 -0.0194402 0.0925261 
0.00885906 -0.0170853 0.00135376 -0.00154048 -0.0170853 0.086713 -0.00155085 0.00381749 0.00135376 -0.00155085 0.0109182 -0.0193571 -0.00154048 0.00381749 -0.0193571 0.0922732 
0.00885264 -0.0170351 0.00139751 -0.00160532 -0.0170351 0.0866613 -0.00161052 0.0039016 0.00139751 -0.00161052 0.0109047 -0.0193418 -0.00160532 0.0039016 -0.0193418 0.0921734 
0.00882947 -0.0170164 0.0014664 -0.00168403 -0.0170164 0.0865848 -0.00168403 0.00409348 0.0014664 -0.00168403 0.0109332 -0.0193222 -0.00168403 0.00409348 -0.0193222 0.0921239 
0.00877307 -0.0169536 0.00146045 -0.00170992 -0.0169536 0.0864314 -0.00170992 0.00415785 0.00146045 -0.00170992 0.0109715 -0.0193652 -0.00170992 0.00415785 -0.0193652 0.0921796 
0.00876714 -0.0168527 0.00143604 -0.0017014 -0.0168527 0.0861781 -0.00169619 0.00415203 0.00143604 -0.00169619 0.0109732 -0.0194438 -0.0017014 0.00415203 -0.0194438 0.0923801 
0.00879198 -0.0168686 0.00143595 -0.0016796 -0.0168686 0.0861314 -0.00166405 0.00410569 0.00143595 -0.00166405 0.0109381 -0.0194087 -0.0016796 0.00410569 -0.0194087 0.0923469 
0.00883836 -0.0169178 0.00142488 -0.00168817 -0.0169178 0.0861895 -0.00168301 0.00413524 0.00142488 -0.00168301 0.0108931 -0.0193597 -0.00168817 0.00413524 -0.0193597 0.0922453 
0.00886088 -0.0169508 0.00140314 -0.00168069 -0.0169508 0.0862703 -0.00167555 0.00414262 0.00140314 -0.00167555 0.0108962 -0.0193408 -0.00168069 0.00414262 -0.0193408 0.0921912 
0.00886465 -0.0169768 0.00140701 -0.00165439 -0.0169768 0.0863273 -0.00164408 0.00409217 0.00140701 -0.00164408 0.010885 -0.0193425 -0.00165439 0.00409217 -0.0193425 0.0921976 
0.00885175 -0.0170417 0.00141152 -0.0016597 -0.0170417 0.0864959 -0.00165453 0.0040898 0.00141152 -0.00165453 0.0108734 -0.0192753 -0.0016597 0.0040898 -0.0192753 0.0920438 
0.00882675 -0.0169951 0.00140426 -0.00167688 -0.0169951 0.0865032 -0.00167173 0.00413561 0.00140426 -0.00167173 0.0109203 -0.0193098 -0.00167688 0.00413561 -0.0193098 0.0920585 
0.00881289 -0.016936 0.0014568 -0.00167815 -0.016936 0.0863735 -0.00167301 0.00414906 0.0014568 -0.00167301 0.0109389 -0.0193914 -0.00167815 0.00414906 -0.0193914 0.092247 
0.00885865 -0.016926 0.00149528 -0.00171624 -0.016926 0.0862896 -0.0017111 0.00420837 0.00149528 -0.0017111 0.0109294 -0.0194387 -0.00171624 0.00420837 -0.0194387 0.0924249 
0.00894037 -0.0169984 0.00151471 -0.00175441 -0.0169984 0.086415 -0.00175441 0.00427383 0.00151471 -0.00175441 0.0108835 -0.0193852 -0.00175441 0.00427383 -0.0193852 0.0923821 
0.00895318 -0.0170897 0.00153133 -0.00177124 -0.0170897 0.0865917 -0.00177634 0.00431835 0.00153133 -0.00177634 0.0108725 -0.0193356 -0.00177124 0.00431835 -0.0193356 0.0922729 
0.00889993 -0.0170955 0.00149617 -0.00174811 -0.0170955 0.0866702 -0.00176353 0.00428801 0.00149617 -0.00176353 0.0108948 -0.019332 -0.00174811 0.00428801 -0.019332 0.0922487 
0.00885694 -0.0170445 0.00144698 -0.00172504 -0.0170445 0.0866075 -0.00173019 0.00423279 0.00144698 -0.00173019 0.0109167 -0.0193565 -0.00172504 0.00423279 -0.0193565 0.0922615 
0.008827 -0.017018 0.00143755 -0.00171162 -0.017018 0.0865894 -0.00170645 0.00422475 0.00143755 -0.00170645 0.0109264 -0.0193398 -0.00171162 0.00422475 -0.0193398 0.0922051 
0.00879167 -0.0169531 0.00143229 -0.00170312 -0.0169531 0.0864479 -0.00169271 0.00419792 0.00143229 -0.00169271 0.0109375 -0.0193698 -0.00170312 0.00419792 -0.0193698 0.0922344 
0.00882606 -0.0169127 0.00144237 -0.00169231 -0.0169127 0.0863443 -0.0016871 0.0041761 0.00144237 -0.0016871 0.0108881 -0.0193757 -0.00169231 0.0041761 -0.0193757 0.0922544 
0.0088449 -0.0169445 0.00140726 -0.00168871 -0.0169445 0.0863068 -0.00169914 0.00418009 0.00140726 -0.00169914 0.0108672 -0.0193264 -0.00168871 0.00418009 -0.0193264 0.0921861 
0.00885643 -0.0169619 0.00142428 -0.0016677 -0.0169619 0.0863321 -0.00167806 0.0041589 0.00142428 -0.00167806 0.0108763 -0.0192977 -0.0016677 0.0041589 -0.0192977 0.0921121 
0.00887091 -0.0169532 0.00147934 -0.00167521 -0.0169532 0.0863122 -0.00168037 0.00415453 0.00147934 -0.00168037 0.0108812 -0.0193294 -0.00167521 0.00415453 -0.0193294 0.0921574 
0.00891684 -0.0169872 0.00152376 -0.00174951 -0.0169872 0.0863723 -0.00174951 0.00427372 0.00152376 -0.00174951 0.0108767 -0.0193523 -0.00174951 0.00427372 -0.0193523 0.0922262 
0.00897953 -0.0170462 0.00152821 -0.00177437 -0.0170462 0.0864979 -0.00178462 0.00434874 0.00152821 -0.00178462 0.0108513 -0.0193488 -0.00177437 0.00434874 -0.0193488 0.0922415 
0.00897069 -0.0171741 0.00156549 -0.00179208 -0.0171741 0.0868179 -0.00178693 0.00439265 0.00156549 -0.00178693 0.0108297 -0.0192442 -0.00179208 0.00439265 -0.0192442 0.0920139 
0.00891741 -0.0171477 0.00161195 -0.00183928 -0.0171477 0.0868853 -0.00183411 0.0044742 0.00161195 -0.00183411 0.0108704 -0.0192659 -0.00183928 0.0044742 -0.0192659 0.0920053 
0.00890025 -0.0170657 0.00162999 -0.00189906 -0.0170657 0.0867516 -0.00189906 0.00461571 0.00162999 -0.00189906 0.0108976 -0.0193322 -0.00189906 0.00461571 -0.0193322 0.0921383 
0.00887212 -0.0170446 0.00163243 -0.00191746 -0.0170446 0.0866535 -0.00191227 0.00469518 0.00163243 -0.00191227 0.0109036 -0.0193404 -0.00191746 0.00469518 -0.0193404 0.0921726 
0.00886469 -0.0170268 0.00159626 -0.00190622 -0.0170268 0.0866064 -0.00191138 0.00469064 0.00159626 -0.00191138 0.0109052 -0.0193205 -0.00190622 0.00469064 -0.0193205 0.0921339 
0.00886524 -0.0169939 0.00160203 -0.00186989 -0.0169939 0.0865043 -0.00185959 0.00462579 0.00160203 -0.00185959 0.0109154 -0.0193634 -0.00186989 0.00462579 -0.0193634 0.0921964 
0.00885111 -0.017019 0.00159941 -0.00186857 -0.017019 0.0865235 -0.00185822 0.00458084 0.00159941 -0.00185822 0.010906 -0.0193379 -0.00186857 0.00458084 -0.0193379 0.0921655 
0.00884645 -0.016991 0.00164129 -0.00187355 -0.016991 0.0864877 -0.00187355 0.00459871 0.00164129 -0.00187355 0.010911 -0.0193497 -0.00187355 0.00459871 -0.0193497 0.0921806 
0.00884801 -0.0169668 0.00168949 -0.00193085 -0.0169668 0.0864106 -0.00192058 0.00467307 0.00168949 -0.00192058 0.0109329 -0.0193701 -0.00193085 0.00467307 -0.0193701 0.0922597 
0.00882055 -0.0169638 0.00171137 -0.00198023 -0.0169638 0.0863493 -0.00198023 0.00480839 0.00171137 -0.00198023 0.0109455 -0.0194042 -0.00198023 0.00480839 -0.0194042 0.0923417 
0.00879676 -0.0169288 0.00172404 -0.00203561 -0.0169288 0.0862903 -0.00202003 0.00495921 0.00172404 -0.00202003 0.010957 -0.019437 -0.00203561 0.00495921 -0.019437 0.092449 
0.00882292 -0.0169153 0.00172003 -0.00206714 -0.0169153 0.0862709 -0.00206196 0.00509274 0.00172003 -0.00206196 0.0109522 -0.0194332 -0.00206714 0.00509274 -0.0194332 0.0924826 
0.00887424 -0.0169582 0.0017046 -0.00204035 -0.0169582 0.086325 -0.00203002 0.00507247 0.0017046 -0.00203002 0.0109043 -0.0194014 -0.00204035 0.00507247 -0.0194014 0.0923944 
0.0089059 -0.0169877 0.00170495 -0.0019934 -0.0169877 0.0863805 -0.00199855 0.00497577 0.00170495 -0.00199855 0.0108941 -0.0193983 -0.0019934 0.00497577 -0.0193983 0.0924071 
0.00891398 -0.017062 0.00170671 -0.00197917 -0.017062 0.086554 -0.00198945 0.00489909 0.00170671 -0.00198945 0.0108931 -0.0193445 -0.00197917 0.00489909 -0.0193445 0.0922756 
0.00882632 -0.0170439 0.0016817 -0.00196542 -0.0170439 0.0865506 -0.00198089 0.00482843 0.0016817 -0.00198089 0.0109878 -0.0193859 -0.00196542 0.00482843 -0.0193859 0.092354 
0.00881248 -0.0169447 0.00168004 -0.00193771 -0.0169447 0.0863932 -0.00194287 0.00475668 0.00168004 -0.00194287 0.011013 -0.0194957 -0.00193771 0.00475668 -0.0194957 0.092562 
0.00885162 -0.0169484 0.00171655 -0.00194922 -0.0169484 0.0863653 -0.00194922 0.00475154 0.00171655 -0.00194922 0.0109715 -0.0194922 -0.00194922 0.00475154 -0.0194922 0.0926214 
0.00890031 -0.0170004 0.00175441 -0.0020263 -0.0170004 0.0864484 -0.00203143 0.00490928 0.00175441 -0.00203143 0.0109574 -0.0194576 -0.0020263 0.00490928 -0.0194576 0.0925786 
0.00891668 -0.0170595 0.00174746 -0.00206006 -0.0170595 0.0865737 -0.00206006 0.00501691 0.00174746 -0.00206006 0.0109614 -0.0194425 -0.00206006 0.00501691 -0.0194425 0.0925079 
0.0088994 -0.0171083 0.00174175 -0.00203032 -0.0171083 0.0867421 -0.00203547 0.00499851 0.00174175 -0.00203547 0.0109606 -0.0194066 -0.00203032 0.00499851 -0.0194066 0.0924054 
0.00885033 -0.0170611 0.00171746 -0.0020166 -0.0170611 0.0867085 -0.00202175 0.00494608 0.00171746 -0.00202175 0.0109959 -0.0194388 -0.0020166 0.00494608 -0.0194388 0.0924437 
0.00880834 -0.0169956 0.00168197 -0.00197696 -0.0169956 0.0865515 -0.00197178 0.00484407 0.00168197 -0.00197178 0.0110285 -0.0194901 -0.00197696 0.00484407 -0.0194901 0.0925548 
0.00878584 -0.0169341 0.00172607 -0.00195932 -0.0169341 0.0863967 -0.00195932 0.004805 0.00172607 -0.00195932 0.0110406 -0.019531 -0.00195932 0.004805 -0.019531 0.0926582 
0.00879562 -0.0169342 0.00173325 -0.00201264 -0.0169342 0.0863575 -0.00201782 0.00488416 0.00173325 -0.00201782 0.0110307 -0.0195108 -0.00201264 0.00488416 -0.0195108 0.0926334 
0.00880626 -0.0169343 0.00170327 -0.00202425 -0.0169343 0.086349 -0.00202943 0.00494414 0.00170327 -0.00202943 0.0110117 -0.0194866 -0.00202425 0.00494414 -0.0194866 0.0925667 
0.00878163 -0.0169227 0.00167367 -0.00197845 -0.0169227 0.0862976 -0.00198361 0.00489705 0.00167367 -0.00198361 0.0110235 -0.0194849 -0.00197845 0.00489705 -0.0194849 0.0925738 
0.00878403 -0.0168991 0.00162302 -0.00192896 -0.0168991 0.0862328 -0.00193415 0.00476018 0.00162302 -0.00193415 0.0110137 -0.019497 -0.00192896 0.00476018 -0.019497 0.0925849 
0.0087873 -0.0168955 0.00160193 -0.00189225 -0.0168955 0.0862037 -0.00188707 0.00466064 0.00160193 -0.00188707 0.0109958 -0.0194876 -0.00189225 0.00466064 -0.0194876 0.0925803 
0.00881496 -0.0168769 0.00157834 -0.00186202 -0.0168769 0.0861586 -0.00185687 0.0045648 0.00157834 -0.00185687 0.0110019 -0.0195126 -0.00186202 0.0045648 -0.0195126 0.0926525 
0.00886368 -0.0169398 0.00160082 -0.00183759 -0.0169398 0.0862742 -0.00184274 0.00452964 0.00160082 -0.00184274 0.0109947 -0.0194877 -0.00183759 0.00452964 -0.0194877 0.0926157 
0.00888291 -0.0170316 0.00159687 -0.00188954 -0.0170316 0.0865134 -0.00189468 0.00462117 0.00159687 -0.00189468 0.0110086 -0.0194448 -0.00188954 0.00462117 -0.0194448 0.0925158 
0.00885219 -0.0170578 0.00154464 -0.00187307 -0.0170578 0.0866488 -0.00188334 0.00462367 0.00154464 -0.00188334 0.0110537 -0.0194748 -0.00187307 0.00462367 -0.0194748 0.0925195 
0.0088403 -0.0170311 0.00145878 -0.00176806 -0.0170311 0.0866246 -0.00177837 0.00441242 0.00145878 -0.00177837 0.0110259 -0.0195054 -0.00176806 0.00441242 -0.0195054 0.0925267 
0.00882196 -0.0170067 0.00145047 -0.00168876 -0.0170067 0.0865671 -0.00168876 0.00421672 0.00145047 -0.00168876 0.0110028 -0.0194777 -0.00168876 0.00421672 -0.0194777 0.0925088 
0.00879534 -0.0169506 0.00147105 -0.00168784 -0.0169506 0.086441 -0.00168784 0.00414475 0.00147105 -0.00168784 0.0110406 -0.0194901 -0.00168784 0.00414475 -0.0194901 0.0925782 
0.00877811 -0.0169086 0.00144931 -0.00170628 -0.0169086 0.0863009 -0.00170628 0.00416292 0.00144931 -0.00170628 0.0110651 -0.0195246 -0.00170628 0.00416292 -0.0195246 0.0926481 
0.00875915 -0.0168923 0.0014265 -0.00170359 -0.0168923 0.0862368 -0.00169846 0.00417689 0.0014265 -0.00169846 0.0111042 -0.0195708 -0.00170359 0.00417689 -0.0195708 0.0927484 
0.00873134 -0.0168837 0.0013906 -0.00165942 -0.0168837 0.0861813 -0.00164908 0.00409427 0.0013906 -0.00164908 0.0111145 -0.0196029 -0.00165942 0.00409427 -0.0196029 0.0928345 
0.00873394 -0.0168315 0.00137115 -0.00162985 -0.0168315 0.0861028 -0.00160916 0.00400478 0.00137115 -0.00160916 0.0111192 -0.0196462 -0.00162985 0.00400478 -0.0196462 0.0929792 
0.00877157 -0.0168851 0.00139889 -0.00160613 -0.0168851 0.0861821 -0.00159577 0.00393762 0.00139889 -0.00159577 0.0110564 -0.0195741 -0.00160613 0.00393762 -0.0195741 0.0928242 
0.00875207 -0.0169162 0.00141312 -0.00162973 -0.0169162 0.0862571 -0.0016452 0.00397634 0.00141312 -0.0016452 0.0110729 -0.0195155 -0.00162973 0.00397634 -0.0195155 0.0926729 
0.00875001 -0.0169177 0.00137073 -0.00163869 -0.0169177 0.0863045 -0.00165415 0.00401428 0.00137073 -0.00165415 0.0110741 -0.0195097 -0.00163869 0.00401428 -0.0195097 0.0925553 
0.00877689 -0.0169008 0.00134199 -0.00160421 -0.0169008 0.0862932 -0.00160421 0.00397454 0.00134199 -0.00160421 0.0110547 -0.0195128 -0.00160421 0.00397454 -0.0195128 0.0925456 
0.00880264 -0.0169124 0.00130371 -0.00155009 -0.0169124 0.0862812 -0.00155009 0.00383928 0.00130371 -0.00155009 0.0110251 -0.0195095 -0.00155009 0.00383928 -0.0195095 0.0925688 
0.00881797 -0.0169007 0.0012867 -0.00151136 -0.0169007 0.0862139 -0.00151136 0.00373755 0.0012867 -0.00151136 0.0110442 -0.0195456 -0.00151136 0.00373755 -0.0195456 0.092724 
0.00882925 -0.0169466 0.00127522 -0.0014852 -0.0169466 0.0862747 -0.0014852 0.0036413 0.00127522 -0.0014852 0.0110417 -0.0195483 -0.0014852 0.0036413 -0.0195483 0.0927635 
0.00883788 -0.0169517 0.00125815 -0.0014687 -0.0169517 0.0863092 -0.00147384 0.00358959 0.00125815 -0.00147384 0.0110461 -0.0195758 -0.0014687 0.00358959 -0.0195758 0.0928465 
0.00883606 -0.0169786 0.00121753 -0.00145384 -0.0169786 0.0864033 -0.00146411 0.00354983 0.00121753 -0.00146411 0.0110605 -0.0195575 -0.00145384 0.00354983 -0.0195575 0.0928094 
0.00881232 -0.0169852 0.00117566 -0.00140255 -0.0169852 0.0864422 -0.0014077 0.00345996 0.00117566 -0.0014077 0.0110811 -0.0195583 -0.00140255 0.00345996 -0.0195583 0.0927898 
0.00880532 -0.0169832 0.00116753 -0.0013784 -0.0169832 0.0864793 -0.00138355 0.00339972 0.00116753 -0.00138355 0.0110735 -0.0195291 -0.0013784 0.00339972 -0.0195291 0.0926924 
0.00882148 -0.0169769 0.00116433 -0.00138296 -0.0169769 0.086481 -0.00137788 0.0033964 0.00116433 -0.00137788 0.0111044 -0.0195344 -0.00138296 0.0033964 -0.0195344 0.0926637 
0.00882996 -0.0169974 0.00112777 -0.00135534 -0.0169974 0.0865346 -0.00135029 0.0033479 0.00112777 -0.00135029 0.0111057 -0.0195463 -0.00135534 0.0033479 -0.0195463 0.0926437 
0.00880457 -0.0170296 0.0010777 -0.0012912 -0.0170296 0.0865969 -0.00128612 0.00319242 0.0010777 -0.00128612 0.0110921 -0.0195307 -0.0012912 0.00319242 -0.0195307 0.0925903 
0.00880493 -0.0169693 0.00109807 -0.00125567 -0.0169693 0.0865089 -0.00124042 0.00309088 0.00109807 -0.00124042 0.0110875 -0.0195823 -0.00125567 0.00309088 -0.0195823 0.0927415 
0.00883784 -0.0169856 0.00111431 -0.00127788 -0.0169856 0.0865076 -0.00127788 0.00309759 0.00111431 -0.00127788 0.0110307 -0.0195567 -0.00127788 0.00309759 -0.0195567 0.0927283 
0.00885924 -0.0170271 0.00115062 -0.00131057 -0.0170271 0.0865749 -0.00131573 0.00317839 0.00115062 -0.00131573 0.0109644 -0.0194676 -0.00131057 0.00317839 -0.0194676 0.0925602 
0.00887273 -0.0170431 0.00116203 -0.00136861 -0.0170431 0.0866408 -0.00137894 0.00333631 0.00116203 -0.00137894 0.0109282 -0.0193775 -0.00136861 0.00333631 -0.0193775 0.092358 
0.00881931 -0.017019 0.00116179 -0.00136834 -0.017019 0.0865821 -0.00138383 0.00338727 0.00116179 -0.00138383 0.0109518 -0.0193581 -0.00136834 0.00338727 -0.0193581 0.0922619 
0.00878213 -0.0169647 0.00121472 -0.00136462 -0.0169647 0.0864619 -0.00136462 0.00338053 0.00121472 -0.00136462 0.010979 -0.0193889 -0.00136462 0.00338053 -0.0193889 0.0922667 
0.00877338 -0.0169101 0.00125778 -0.00143376 -0.0169101 0.0863052 -0.00142859 0.0034783 0.00125778 -0.00142859 0.0109887 -0.019436 -0.00143376 0.0034783 -0.019436 0.0923716 
0.00879111 -0.0168689 0.00133432 -0.00151394 -0.0168689 0.0861559 -0.00150881 0.00368477 0.00133432 -0.00150881 0.0110389 -0.0195067 -0.00151394 0.00368477 -0.0195067 0.092612 
0.00879652 -0.0169152 0.00132487 -0.00158163 -0.0169152 0.0862193 -0.00158163 0.00384623 0.00132487 -0.00158163 0.0110611 -0.019529 -0.00158163 0.00384623 -0.019529 0.0926845 
0.00878577 -0.0169444 0.00131607 -0.00154741 -0.0169444 0.0863155 -0.00154741 0.00384024 0.00131607 -0.00154741 0.0110683 -0.0195302 -0.00154741 0.00384024 -0.0195302 0.0926748 
0.0087741 -0.0169399 0.00128879 -0.00152593 -0.0169399 0.0863543 -0.00153109 0.00376843 0.00128879 -0.00153109 0.0110733 -0.0195381 -0.00152593 0.00376843 -0.0195381 0.0926848 
0.00878853 -0.0168916 0.00125843 -0.00149374 -0.0168916 0.0862586 -0.00149374 0.0036832 0.00125843 -0.00149374 0.0110854 -0.0195773 -0.00149374 0.0036832 -0.0195773 0.092786 
0.0088129 -0.0169049 0.00122345 -0.00146205 -0.0169049 0.0862202 -0.00146205 0.00361451 0.00122345 -0.00146205 0.0110923 -0.0196006 -0.00146205 0.00361451 -0.0196006 0.0928654 
0.00884103 -0.0169622 0.00116596 -0.00140929 -0.0169622 0.0863319 -0.00140929 0.00348268 0.00116596 -0.00140929 0.0110868 -0.0195932 -0.00140929 0.00348268 -0.0195932 0.0928663 
0.00883248 -0.0170235 0.00114542 -0.00134905 -0.0170235 0.0865227 -0.00135414 0.00335991 0.00114542 -0.00135414 0.0110877 -0.0195587 -0.00134905 0.00335991 -0.0195587 0.0927793 
0.00878084 -0.0170154 0.00114355 -0.00131713 -0.0170154 0.0866036 -0.00131202 0.00323155 0.00114355 -0.00131202 0.0111292 -0.019568 -0.00131713 0.00323155 -0.019568 0.0927553 
0.00878978 -0.0169674 0.00111211 -0.00130597 -0.0169674 0.086546 -0.00129577 0.00314759 0.00111211 -0.00129577 0.011116 -0.0195895 -0.00130597 0.00314759 -0.0195895 0.0927646 
0.00879457 -0.0169311 0.00109677 -0.00127532 -0.0169311 0.0864102 -0.00127021 0.00310157 0.00109677 -0.00127021 0.0111105 -0.0196143 -0.00127532 0.00310157 -0.0196143 0.0928837 
0.00879472 -0.0169361 0.00109743 -0.00127608 -0.0169361 0.0863904 -0.00128629 0.00310342 0.00109743 -0.00128629 0.011107 -0.0196107 -0.00127608 0.00310342 -0.0196107 0.0928933 
0.00878945 -0.0169405 0.00108272 -0.00124104 -0.0169405 0.086393 -0.00125126 0.00302855 0.00108272 -0.00125126 0.0111132 -0.0196013 -0.00124104 0.00302855 -0.0196013 0.092874 
0.00877189 -0.0169285 0.00105263 -0.00124586 -0.0169285 0.0863459 -0.00125095 0.00302566 0.00105263 -0.00125095 0.0111568 -0.0196236 -0.00124586 0.00302566 -0.0196236 0.0929413 
0.00877735 -0.0169068 0.00106806 -0.00122498 -0.0169068 0.0863106 -0.00123004 0.00300677 0.00106806 -0.00123004 0.011202 -0.0197009 -0.00122498 0.00300677 -0.0197009 0.0931087 
0.00879493 -0.0169609 0.00115643 -0.00126294 -0.0169609 0.0864378 -0.00125787 0.00305845 0.00115643 -0.00125787 0.0112244 -0.0197151 -0.00126294 0.00305845 -0.0197151 0.0931532 
0.00877877 -0.0169866 0.00119803 -0.00136117 -0.0169866 0.0865438 -0.00136117 0.00324233 0.00119803 -0.00136117 0.0112309 -0.0197344 -0.00136117 0.00324233 -0.0197344 0.0931814 
0.00873599 -0.0169497 0.00119313 -0.00139796 -0.0169497 0.0864894 -0.00140308 0.00338481 0.00119313 -0.00140308 0.0112759 -0.0197763 -0.00139796 0.00338481 -0.0197763 0.0933205 
0.00873611 -0.0168939 0.00117198 -0.00138693 -0.0168939 0.0863784 -0.00139204 0.00340335 0.00117198 -0.00139204 0.0112899 -0.0198264 -0.00138693 0.00340335 -0.0198264 0.093441 
0.00874858 -0.0168915 0.00115528 -0.00136903 -0.0168915 0.0863051 -0.00136903 0.00336406 0.00115528 -0.00136903 0.0113136 -0.0198383 -0.00136903 0.00336406 -0.0198383 0.0934912 
0.0087274 -0.0169339 0.00116944 -0.00137882 -0.0169339 0.086365 -0.00137882 0.00340108 0.00116944 -0.00137882 0.0113165 -0.0198192 -0.00137882 0.00340108 -0.0198192 0.0934225 
0.008694 -0.0169353 0.0011472 -0.00137869 -0.0169353 0.0864204 -0.00137355 0.00340043 0.0011472 -0.00137355 0.0112713 -0.0197647 -0.00137869 0.00340043 -0.0197647 0.0932315 
0.00867728 -0.0168805 0.00109754 -0.00133457 -0.0168805 0.0863245 -0.00133457 0.00331839 0.00109754 -0.00133457 0.0112228 -0.0197248 -0.00133457 0.00331839 -0.0197248 0.0931056 
0.0086793 -0.0168126 0.00102503 -0.00128258 -0.0168126 0.0861183 -0.00128258 0.00319357 0.00102503 -0.00128258 0.0111981 -0.0197177 -0.00128258 0.00319357 -0.0197177 0.0931029 
0.00868962 -0.016778 0.00100206 -0.00120247 -0.016778 0.0859661 -0.00120247 0.00302672 0.00100206 -0.00120247 0.0111973 -0.0197174 -0.00120247 0.00302672 -0.0197174 0.0931655 
0.00871563 -0.016812 0.00102356 -0.00116686 -0.016812 0.0859895 -0.00117198 0.00291204 0.00102356 -0.00117198 0.0112234 -0.019724 -0.00116686 0.00291204 -0.019724 0.0931851 
0.00876572 -0.0168387 0.00106961 -0.00118676 -0.0168387 0.0860579 -0.00118676 0.00287267 0.00106961 -0.00118676 0.0112258 -0.0197572 -0.00118676 0.00287267 -0.0197572 0.0932701 
0.00880084 -0.0169212 0.00106646 -0.00121881 -0.0169212 0.0862411 -0.00123405 0.00294038 0.00106646 -0.00123405 0.0112131 -0.0197295 -0.00121881 0.00294038 -0.0197295 0.093229 
0.00878447 -0.0169789 0.001058 -0.00124112 -0.0169789 0.0864204 -0.00125638 0.00302141 0.001058 -0.00125638 0.011226 -0.0197104 -0.00124112 0.00302141 -0.0197104 0.0931652 
0.00874807 -0.0169806 0.0010514 -0.00124025 -0.0169806 0.0865313 -0.00125045 0.00304702 0.0010514 -0.00125045 0.0112286 -0.0196908 -0.00124025 0.00304702 -0.0196908 0.0930592 
0.00873454 -0.0169375 0.00101196 -0.00123684 -0.0169375 0.0864817 -0.00123173 0.00303077 0.00101196 -0.00123173 0.0112236 -0.0197128 -0.00123684 0.00303077 -0.0197128 0.0930901 
0.00875613 -0.0168744 0.000995015 -0.00117871 -0.0168744 0.0862907 -0.00117361 0.00293402 0.000995015 -0.00117361 0.0112207 -0.0197778 -0.00117871 0.00293402 -0.0197778 0.0932814 
0.00878229 -0.0169307 0.000991714 -0.00118085 -0.0169307 0.08632 -0.00117574 0.00290869 0.000991714 -0.00117574 0.0111747 -0.0197065 -0.00118085 0.00290869 -0.0197065 0.0931751 
0.00879308 -0.0169603 0.000969599 -0.00115941 -0.0169603 0.0863969 -0.00115941 0.00285749 0.000969599 -0.00115941 0.011117 -0.0196228 -0.00115941 0.00285749 -0.0196228 0.0929532 
0.00877247 -0.0169577 0.000978726 -0.00113326 -0.0169577 0.0864112 -0.00113326 0.00281255 0.000978726 -0.00113326 0.0110854 -0.0195591 -0.00113326 0.00281255 -0.0195591 0.0927832 
0.00874903 -0.0169306 0.00103173 -0.00117101 -0.0169306 0.0863812 -0.00116585 0.00286304 0.00103173 -0.00116585 0.0110756 -0.0195306 -0.00117101 0.00286304 -0.0195306 0.0926851 
