0.00709438 0 0.00101731 0 0 0.00998568 0 0 0.00101731 0 0.00793098 0 0 0 0 0.00998568 
0.0100765 -0.0125165 0.00127782 -0.00154555 -0.0125165 0.0331989 -0.00154555 0.0029694 0.00127782 -0.00154555 0.0110987 -0.0137639 -0.00154555 0.0029694 -0.0137639 0.0355902 
0.0101249 -0.0192127 0.00121498 -0.00175498 -0.0192127 0.0707023 -0.00175498 0.00545516 0.00121498 -0.00175498 0.011119 -0.0205811 -0.00175498 0.00545516 -0.0205811 0.0749486 
0.00955371 -0.0189079 0.00118541 -0.0012617 -0.0189079 0.0852205 -0.00127344 0.00382031 0.00118541 -0.00127344 0.0104985 -0.0199642 -0.0012617 0.00382031 -0.0199642 0.0882838 
0.00945226 -0.0181164 0.00125769 -0.00128564 -0.0181164 0.0880273 -0.00129682 0.0031638 0.00125769 -0.00129682 0.0105534 -0.0191784 -0.00128564 0.0031638 -0.0191784 0.0906154 
0.00955638 -0.0179263 0.00127776 -0.00139588 -0.0179263 0.0886274 -0.00139588 0.00330715 0.00127776 -0.00139588 0.0107536 -0.0191772 -0.00139588 0.00330715 -0.0191772 0.0914138 
0.00962913 -0.0179597 0.00126189 -0.00140327 -0.0179597 0.0888927 -0.00138232 0.00336156 0.00126189 -0.00138232 0.0108544 -0.0193473 -0.00140327 0.00336156 -0.0193473 0.0920972 
0.00978099 -0.0180432 0.00122009 -0.00139222 -0.0180432 0.0891984 -0.0013821 0.00335652 0.00122009 -0.0013821 0.0108695 -0.0193899 -0.00139222 0.00335652 -0.0193899 0.0924132 
0.0098261 -0.0182142 0.00119331 -0.00133811 -0.0182142 0.0895433 -0.00133811 0.00326538 0.00119331 -0.00133811 0.0108696 -0.0193376 -0.00133811 0.00326538 -0.0193376 0.0923294 
0.00983401 -0.0182404 0.00116894 -0.00126842 -0.0182404 0.089675 -0.00127837 0.00307904 0.00116894 -0.00127837 0.0108189 -0.0193347 -0.00126842 0.00307904 -0.0193347 0.0922417 
0.00987322 -0.0182126 0.00114666 -0.00122112 -0.0182126 0.0896334 -0.00122609 0.00290389 0.00114666 -0.00122609 0.0107022 -0.0192947 -0.00122112 0.00290389 -0.0192947 0.092165 
0.00991507 -0.0182738 0.00116853 -0.00124311 -0.0182738 0.0897229 -0.00124809 0.00291386 0.00116853 -0.00124809 0.0106062 -0.0191638 -0.00124311 0.00291386 -0.0191638 0.0919655 
0.00998963 -0.0183474 0.00119042 -0.00132435 -0.0183474 0.0899216 -0.00132435 0.00312486 0.00119042 -0.00132435 0.0105551 -0.0190815 -0.00132435 0.00312486 -0.0190815 0.0917717 
0.0100188 -0.018419 0.00120146 -0.0013504 -0.018419 0.0900994 -0.0013504 0.00324195 0.00120146 -0.0013504 0.01055 -0.0190297 -0.0013504 0.00324195 -0.0190297 0.0916385 
0.010062 -0.0184511 0.00120625 -0.00134028 -0.0184511 0.0902056 -0.00132538 0.00322659 0.00120625 -0.00132538 0.0105187 -0.019022 -0.00134028 0.00322659 -0.019022 0.0916054 
0.010058 -0.0184962 0.00122112 -0.00132578 -0.0184962 0.0902979 -0.00131582 0.00317989 0.00122112 -0.00131582 0.0104966 -0.0189796 -0.00132578 0.00317989 -0.0189796 0.0915339 
0.0100396 -0.0184847 0.0012456 -0.0013602 -0.0184847 0.0903212 -0.00135023 0.00323857 0.0012456 -0.00135023 0.0105129 -0.018973 -0.0013602 0.00323857 -0.018973 0.091497 
0.0100003 -0.018464 0.00124817 -0.00139736 -0.018464 0.0902961 -0.00139736 0.00333178 0.00124817 -0.00139736 0.0105771 -0.0190011 -0.00139736 0.00333178 -0.0190011 0.0915393 
0.0100272 -0.0184301 0.00125895 -0.00142188 -0.0184301 0.0902448 -0.00142682 0.00343127 0.00125895 -0.00142682 0.0106295 -0.0190818 -0.00142188 0.00343127 -0.0190818 0.0917111 
0.0100703 -0.0184564 0.00126312 -0.00139686 -0.0184564 0.0902264 -0.00140182 0.00340299 0.00126312 -0.00140182 0.0105805 -0.0191251 -0.00139686 0.00340299 -0.0191251 0.0918066 
0.01008 -0.0185156 0.00126683 -0.001396 -0.0185156 0.0903423 -0.00139103 0.00337324 0.00126683 -0.00139103 0.0105519 -0.019067 -0.001396 0.00337324 -0.019067 0.0917681 
0.0100888 -0.0185392 0.00123628 -0.0013753 -0.0185392 0.0904469 -0.00137033 0.00329178 0.00123628 -0.00137033 0.0105357 -0.0190258 -0.0013753 0.00329178 -0.0190258 0.0916484 
0.0100734 -0.0185222 0.00119992 -0.00135793 -0.0185222 0.0904333 -0.00135793 0.00325903 0.00119992 -0.00135793 0.010577 -0.0190258 -0.00135793 0.00325903 -0.0190258 0.0916579 
0.0100838 -0.0185174 0.00119213 -0.00132021 -0.0185174 0.0904245 -0.00131036 0.00317245 0.00119213 -0.00131036 0.0105765 -0.0190593 -0.00132021 0.00317245 -0.0190593 0.0916807 
0.010049 -0.0185244 0.00118398 -0.00129745 -0.0185244 0.0904265 -0.00129251 0.00311288 0.00118398 -0.00129251 0.0106213 -0.0190769 -0.00129745 0.00311288 -0.0190769 0.0917338 
0.0100033 -0.0184729 0.00121207 -0.00131101 -0.0184729 0.0903411 -0.00131101 0.00312664 0.00121207 -0.00131101 0.0106662 -0.0191507 -0.00131101 0.00312664 -0.0191507 0.0919192 
0.00994307 -0.018443 0.0012497 -0.0013588 -0.018443 0.090286 -0.00136376 0.00323336 0.0012497 -0.00136376 0.0107415 -0.0191968 -0.0013588 0.00323336 -0.0191968 0.0920366 
0.00987939 -0.0183489 0.00124667 -0.00139014 -0.0183489 0.0900969 -0.00139014 0.00330467 0.00124667 -0.00139014 0.0108094 -0.0192789 -0.00139014 0.00330467 -0.0192789 0.0922192 
0.00986057 -0.0182729 0.00123566 -0.00139382 -0.0182729 0.0898869 -0.00138888 0.00335111 0.00123566 -0.00138888 0.010854 -0.0193801 -0.00139382 0.00335111 -0.0193801 0.092457 
0.00985438 -0.0182516 0.00123489 -0.00137319 -0.0182516 0.0897811 -0.00137813 0.00332431 0.00123489 -0.00137813 0.0108818 -0.0194322 -0.00137319 0.00332431 -0.0194322 0.0926361 
0.00990703 -0.0182801 0.00125866 -0.00138158 -0.0182801 0.0898319 -0.00138649 0.00334331 0.00125866 -0.00138649 0.0108953 -0.0194551 -0.00138158 0.00334331 -0.0194551 0.0927229 
0.00996443 -0.0183478 0.00122969 -0.00136633 -0.0183478 0.0899677 -0.00138097 0.0032987 0.00122969 -0.00138097 0.0108721 -0.0194311 -0.00136633 0.0032987 -0.0194311 0.0926467 
0.00990312 -0.0184006 0.00117055 -0.00132238 -0.0184006 0.0900783 -0.00133707 0.00320309 0.00117055 -0.00133707 0.0108827 -0.0193948 -0.00132238 0.00320309 -0.0193948 0.0925663 
0.00990041 -0.0183361 0.00113162 -0.00125408 -0.0183361 0.0900344 -0.00126878 0.00306173 0.00113162 -0.00126878 0.0108508 -0.0194334 -0.00125408 0.00306173 -0.0194334 0.0926112 
0.00988419 -0.0183311 0.00112822 -0.00122142 -0.0183311 0.0899878 -0.00122633 0.00293337 0.00112822 -0.00122633 0.0108309 -0.0193858 -0.00122142 0.00293337 -0.0193858 0.0925484 
0.00984275 -0.0182899 0.00110565 -0.00120885 -0.0182899 0.0898821 -0.00120393 0.00286486 0.00110565 -0.00120393 0.0108305 -0.0193808 -0.00120885 0.00286486 -0.0193808 0.0925209 
0.00980576 -0.0182304 0.00110487 -0.00120352 -0.0182304 0.0897365 -0.00120846 0.00286084 0.00110487 -0.00120846 0.0108218 -0.0193797 -0.00120352 0.00286084 -0.0193797 0.0925431 
0.009806 -0.0181815 0.00109997 -0.00120849 -0.0181815 0.0896006 -0.00121342 0.00288064 0.00109997 -0.00121342 0.0108123 -0.0193851 -0.00120849 0.00288064 -0.0193851 0.09257 
0.00978172 -0.018202 0.00110001 -0.0012184 -0.018202 0.089614 -0.00122333 0.00292514 0.00110001 -0.00122333 0.0108423 -0.0193563 -0.0012184 0.00292514 -0.0193563 0.0925046 
0.00966452 -0.0181868 0.00109756 -0.00118199 -0.0181868 0.0896129 -0.00117703 0.00283082 0.00109756 -0.00117703 0.0108912 -0.019334 -0.00118199 0.00283082 -0.019334 0.0923742 
0.0096246 -0.0180176 0.00110747 -0.0012068 -0.0180176 0.0893429 -0.00120183 0.00286056 0.00110747 -0.00120183 0.0109258 -0.0194528 -0.0012068 0.00286056 -0.0194528 0.0925759 
0.0095807 -0.0179887 0.00109323 -0.00122243 -0.0179887 0.089183 -0.00121746 0.00290701 0.00109323 -0.00121746 0.0109671 -0.0194695 -0.00122243 0.00290701 -0.0194695 0.0926565 
0.0095612 -0.0179535 0.00109399 -0.0011989 -0.0179535 0.089098 -0.0011939 0.00288734 0.00109399 -0.0011939 0.0109249 -0.0194621 -0.0011989 0.00288734 -0.0194621 0.0926148 
0.00954738 -0.0179119 0.00106855 -0.00119777 -0.0179119 0.088983 -0.00120274 0.00285775 0.00106855 -0.00120274 0.010944 -0.0194526 -0.00119777 0.00285775 -0.0194526 0.0926161 
0.00954152 -0.0179046 0.00103918 -0.00116348 -0.0179046 0.0889315 -0.0011784 0.00282417 0.00103918 -0.0011784 0.0109387 -0.019446 -0.00116348 0.00282417 -0.019446 0.0925811 
0.00954757 -0.0178998 0.00101179 -0.00111595 -0.0178998 0.088899 -0.00112091 0.00269812 0.00101179 -0.00112091 0.0109065 -0.0194274 -0.00111595 0.00269812 -0.0194274 0.0925197 
0.00951401 -0.0178907 0.000959313 -0.0010681 -0.0178907 0.0888552 -0.0010681 0.00256641 0.000959313 -0.0010681 0.0109134 -0.0193989 -0.0010681 0.00256641 -0.0193989 0.09246 
0.00943415 -0.0178344 0.00094938 -0.00103388 -0.0178344 0.0887397 -0.00103885 0.00249026 0.00094938 -0.00103885 0.0109502 -0.01943 -0.00103388 0.00249026 -0.01943 0.0925123 
0.00939508 -0.0177285 0.000976889 -0.00105165 -0.0177285 0.088533 -0.00106162 0.00252197 0.000976889 -0.00106162 0.010975 -0.0195029 -0.00105165 0.00252197 -0.0195029 0.0926948 
0.00932945 -0.0176642 0.000974644 -0.0010701 -0.0176642 0.0883008 -0.00108015 0.00255718 0.000974644 -0.00108015 0.0109974 -0.0195481 -0.0010701 0.00255718 -0.0195481 0.0928524 
0.00933511 -0.0176022 0.00102268 -0.00110329 -0.0176022 0.0881369 -0.00110329 0.00265494 0.00102268 -0.00110329 0.0109926 -0.0195619 -0.00110329 0.00265494 -0.0195619 0.0929279 
0.00936383 -0.0176048 0.0010226 -0.00114792 -0.0176048 0.0880842 -0.00114792 0.002752 0.0010226 -0.00114792 0.0109679 -0.0195247 -0.00114792 0.002752 -0.0195247 0.0928714 
0.00940192 -0.01766 0.00099839 -0.00112382 -0.01766 0.0881944 -0.0011188 0.00273428 0.00099839 -0.0011188 0.010902 -0.019451 -0.00112382 0.00273428 -0.019451 0.0926495 
0.00937194 -0.0176852 0.000993154 -0.00110406 -0.0176852 0.0882546 -0.00110406 0.00268706 0.000993154 -0.00110406 0.0108793 -0.0193892 -0.00110406 0.00268706 -0.0193892 0.0924692 
0.00938688 -0.0176685 0.000989155 -0.00108 -0.0176685 0.0882669 -0.00108504 0.00261924 0.000989155 -0.00108504 0.0108201 -0.019339 -0.00108 0.00261924 -0.019339 0.0923144 
0.00935678 -0.0176807 0.000997242 -0.001099 -0.0176807 0.0882661 -0.00110409 0.00263557 0.000997242 -0.00110409 0.0108018 -0.0192783 -0.001099 0.00263557 -0.0192783 0.0921686 
0.00933048 -0.0176378 0.000977333 -0.0010995 -0.0176378 0.0882196 -0.00110459 0.00265203 0.000977333 -0.00110459 0.0108016 -0.0192463 -0.0010995 0.00265203 -0.0192463 0.0920424 
0.00927463 -0.0175949 0.000928986 -0.00106605 -0.0175949 0.0881115 -0.00107113 0.00257882 0.000928986 -0.00107113 0.0108382 -0.0192447 -0.00106605 0.00257882 -0.0192447 0.0919899 
0.00926076 -0.017536 0.000914393 -0.00101599 -0.017536 0.0879798 -0.00101091 0.00247394 0.000914393 -0.00101091 0.0108508 -0.0192937 -0.00101599 0.00247394 -0.0192937 0.0920387 
0.00927756 -0.0175136 0.000920173 -0.00102129 -0.0175136 0.0878714 -0.00102129 0.00244705 0.000920173 -0.00102129 0.010855 -0.0193186 -0.00102129 0.00244705 -0.0193186 0.0921538 
0.00930317 -0.0175252 0.000890087 -0.00100072 -0.0175252 0.087837 -0.00100072 0.00238865 0.000890087 -0.00100072 0.010857 -0.0193355 -0.00100072 0.00238865 -0.0193355 0.092217 
0.00935683 -0.0175635 0.000878929 -0.000974355 -0.0175635 0.087913 -0.000969333 0.00233544 0.000878929 -0.000969333 0.0108033 -0.0193214 -0.000974355 0.00233544 -0.0193214 0.0921971 
0.00933113 -0.0176378 0.000842779 -0.00094371 -0.0176378 0.088078 -0.000938664 0.00224068 0.000842779 -0.000938664 0.0107845 -0.0192376 -0.00094371 0.00224068 -0.0192376 0.0920193 
0.00929599 -0.0176028 0.000837749 -0.000943729 -0.0176028 0.08811 -0.000938683 0.00226596 0.000837749 -0.000938683 0.0108201 -0.019243 -0.000943729 0.00226596 -0.019243 0.0920111 
0.00933982 -0.0175411 0.000866477 -0.000942042 -0.0175411 0.0879776 -0.000937004 0.00226695 0.000866477 -0.000937004 0.0108058 -0.0193245 -0.000942042 0.00226695 -0.0193245 0.092179 
0.00941814 -0.0176063 0.0009137 -0.000978965 -0.0176063 0.0880215 -0.000968924 0.00232441 0.0009137 -0.000968924 0.0107536 -0.0192931 -0.000978965 0.00232441 -0.0192931 0.0921833 
0.00942481 -0.0176941 0.000909324 -0.000979658 -0.0176941 0.0881893 -0.000989706 0.00232606 0.000909324 -0.000989706 0.0107461 -0.0192214 -0.000979658 0.00232606 -0.0192214 0.0920477 
0.00937599 -0.0176952 0.000886512 -0.00096164 -0.0176952 0.0882655 -0.000971657 0.00227388 0.000886512 -0.000971657 0.0107834 -0.0192077 -0.00096164 0.00227388 -0.0192077 0.0919868 
0.00934997 -0.0176566 0.000892862 -0.000978135 -0.0176566 0.0882428 -0.000978135 0.00231743 0.000892862 -0.000978135 0.0107896 -0.0192417 -0.000978135 0.00231743 -0.0192417 0.0919999 
0.0092913 -0.0176099 0.00089164 -0.000998029 -0.0176099 0.0881103 -0.000987897 0.00237602 0.00089164 -0.000987897 0.0107959 -0.0192615 -0.000998029 0.00237602 -0.0192615 0.0920467 
0.00922977 -0.0175182 0.000900589 -0.000997263 -0.0175182 0.0879118 -0.00100235 0.00240666 0.000900589 -0.00100235 0.0108172 -0.0192889 -0.000997263 0.00240666 -0.0192889 0.0921501 
0.00922063 -0.0174468 0.000907783 -0.00100468 -0.0174468 0.0877235 -0.00100978 0.00241736 0.000907783 -0.00100978 0.0108067 -0.019298 -0.00100468 0.00241736 -0.019298 0.0922012 
0.0092476 -0.0174293 0.000893292 -0.00101003 -0.0174293 0.0876238 -0.00101003 0.00242102 0.000893292 -0.00101003 0.0108058 -0.0192971 -0.00101003 0.00242102 -0.0192971 0.092202 
0.00927718 -0.0174853 0.000912011 -0.00102348 -0.0174853 0.0876899 -0.00100828 0.0024523 0.000912011 -0.00100828 0.0108124 -0.0192789 -0.00102348 0.0024523 -0.0192789 0.092179 
0.00920359 -0.0175258 0.00086616 -0.00101305 -0.0175258 0.0878064 -0.000997857 0.00242626 0.00086616 -0.000997857 0.0109055 -0.0192733 -0.00101305 0.00242626 -0.0192733 0.0921119 
0.00911426 -0.0174554 0.000829031 -0.000946011 -0.0174554 0.0877603 -0.000925667 0.00228874 0.000829031 -0.000925667 0.0109452 -0.0193373 -0.000946011 0.00228874 -0.0193373 0.0921242 
0.00908438 -0.0173184 0.000830019 -0.000936954 -0.0173184 0.0874932 -0.000921678 0.002266 0.000830019 -0.000921678 0.0109634 -0.0194469 -0.000936954 0.002266 -0.0194469 0.0923918 
0.00916217 -0.0172627 0.000875463 -0.000960997 -0.0172627 0.0872595 -0.000966028 0.0023396 0.000875463 -0.000966028 0.0109634 -0.0195218 -0.000960997 0.0023396 -0.0195218 0.0926733 
0.009275 -0.0173818 0.000907446 -0.000987662 -0.0173818 0.0873955 -0.000992675 0.00238643 0.000907446 -0.000992675 0.0109194 -0.0194925 -0.000987662 0.00238643 -0.0194925 0.0927149 
0.00932906 -0.0175396 0.000952968 -0.00104827 -0.0175396 0.0877283 -0.00105328 0.00251784 0.000952968 -0.00105328 0.0109341 -0.0194506 -0.00104827 0.00251784 -0.0194506 0.0926787 
0.00933252 -0.0176359 0.000973915 -0.0010944 -0.0176359 0.088054 -0.00109942 0.00264062 0.000973915 -0.00109942 0.0109691 -0.0194381 -0.0010944 0.00264062 -0.0194381 0.0926123 
0.00934462 -0.0176504 0.00100355 -0.00108928 -0.0176504 0.0882267 -0.00109432 0.00265764 0.00100355 -0.00109432 0.0109533 -0.0194608 -0.00108928 0.00265764 -0.0194608 0.0925838 
0.00935789 -0.017648 0.00100227 -0.00109797 -0.017648 0.0882553 -0.00111811 0.00266433 0.00100227 -0.00111811 0.0109293 -0.0194461 -0.00109797 0.00266433 -0.0194461 0.0925615 
0.00933514 -0.0176515 0.0009784 -0.00107927 -0.0176515 0.0882325 -0.00108935 0.00261243 0.0009784 -0.00108935 0.0109187 -0.0194116 -0.00107927 0.00261243 -0.0194116 0.0924789 
0.00929834 -0.0176184 0.000963114 -0.00105892 -0.0176184 0.0881779 -0.00106396 0.00254645 0.000963114 -0.00106396 0.010922 -0.0193934 -0.00105892 0.00254645 -0.0193934 0.0923934 
0.00930478 -0.0175841 0.000970191 -0.00106067 -0.0175841 0.0881064 -0.00107073 0.00255869 0.000970191 -0.00107073 0.0109234 -0.0193938 -0.00106067 0.00255869 -0.0193938 0.0923591 
0.00929494 -0.0175521 0.000942089 -0.001063 -0.0175521 0.087977 -0.00107307 0.00255422 0.000942089 -0.00107307 0.0108819 -0.019401 -0.001063 0.00255422 -0.019401 0.0923802 
0.00937547 -0.0175727 0.000935525 -0.00100126 -0.0175727 0.0879798 -0.00100632 0.00243236 0.000935525 -0.00100632 0.010756 -0.0193325 -0.00100126 0.00243236 -0.0193325 0.0922427 
0.00945763 -0.0176455 0.000957352 -0.00103293 -0.0176455 0.0880915 -0.00103797 0.00245385 0.000957352 -0.00103797 0.010677 -0.0192226 -0.00103293 0.00245385 -0.0192226 0.0920923 
0.00947419 -0.0177515 0.000940379 -0.00104095 -0.0177515 0.0883001 -0.00105101 0.00247415 0.000940379 -0.00105101 0.0106761 -0.0191244 -0.00104095 0.00247415 -0.0191244 0.0918504 
0.00943834 -0.0177517 0.000923151 -0.00102909 -0.0177517 0.0883905 -0.00103413 0.00246678 0.000923151 -0.00103413 0.0106894 -0.0191188 -0.00102909 0.00246678 -0.0191188 0.0917451 
0.00933916 -0.0177043 0.000908044 -0.00102979 -0.0177043 0.0883288 -0.00102472 0.00247049 0.000908044 -0.00102472 0.0107494 -0.019145 -0.00102979 0.00247049 -0.019145 0.0917733 
0.00923114 -0.0175824 0.000874797 -0.00102229 -0.0175824 0.0881155 -0.000996862 0.00244638 0.000874797 -0.000996862 0.0108434 -0.0192252 -0.00102229 0.00244638 -0.0192252 0.0919147 
0.00919134 -0.0174671 0.000849833 -0.00099653 -0.0174671 0.0878514 -0.000971237 0.00241292 0.000849833 -0.000971237 0.0109112 -0.0193286 -0.00099653 0.00241292 -0.0193286 0.0921613 
0.00922999 -0.0174014 0.000846881 -0.000942659 -0.0174014 0.0876118 -0.000927536 0.00229364 0.000846881 -0.000927536 0.0108935 -0.0194228 -0.000942659 0.00229364 -0.0194228 0.0923856 
0.00925795 -0.0174609 0.0008632 -0.000928824 -0.0174609 0.0876275 -0.000923776 0.0022312 0.0008632 -0.000923776 0.0108783 -0.0193993 -0.000928824 0.0022312 -0.0193993 0.0924584 
0.00929938 -0.0174917 0.000870559 -0.000956105 -0.0174917 0.0877151 -0.000956105 0.00225943 0.000870559 -0.000956105 0.0108744 -0.0193938 -0.000956105 0.00225943 -0.0193938 0.0924755 
0.00929972 -0.017565 0.000898182 -0.000978918 -0.017565 0.0878907 -0.00098901 0.00235142 0.000898182 -0.00098901 0.0108842 -0.0193664 -0.000978918 0.00235142 -0.0193664 0.0924169 
0.0092906 -0.0175852 0.000895359 -0.00100099 -0.0175852 0.0880369 -0.000995961 0.00239433 0.000895359 -0.000995961 0.0109103 -0.0193558 -0.00100099 0.00239433 -0.0193558 0.0923376 
0.00928838 -0.0175956 0.000885566 -0.000981167 -0.0175956 0.0881088 -0.000971103 0.00233971 0.000885566 -0.000971103 0.0109136 -0.0193617 -0.000981167 0.00233971 -0.0193617 0.0922749 
0.00928159 -0.0176027 0.000925125 -0.00100601 -0.0176027 0.08817 -0.00100096 0.00240128 0.000925125 -0.00100096 0.0108993 -0.0193619 -0.00100601 0.00240128 -0.0193619 0.0922547 
0.00934357 -0.0176001 0.0010011 -0.00105671 -0.0176001 0.0881724 -0.00105166 0.0025078 0.0010011 -0.00105166 0.0108503 -0.0193545 -0.00105671 0.0025078 -0.0193545 0.0922425 
0.00939036 -0.0176353 0.00104954 -0.00114541 -0.0176353 0.0881967 -0.00115046 0.00270963 0.00104954 -0.00115046 0.0108133 -0.0193156 -0.00114541 0.00270963 -0.0193156 0.0922031 
0.00942416 -0.0176985 0.00104434 -0.00118994 -0.0176985 0.0883119 -0.00120501 0.00287193 0.00104434 -0.00120501 0.01083 -0.0192851 -0.00118994 0.00287193 -0.0192851 0.0921629 
0.00949803 -0.017725 0.00105589 -0.00117099 -0.017725 0.0883947 -0.00119601 0.00288744 0.00105589 -0.00119601 0.0107991 -0.0193213 -0.00117099 0.00288744 -0.0193213 0.0922079 
0.00952162 -0.0178174 0.00103072 -0.0011458 -0.0178174 0.0885565 -0.00117081 0.00280195 0.00103072 -0.00117081 0.0107825 -0.0192684 -0.0011458 0.00280195 -0.0192684 0.092149 
0.00953415 -0.0178328 0.00100544 -0.00111048 -0.0178328 0.0886436 -0.00112049 0.00270118 0.00100544 -0.00112049 0.0107647 -0.0192684 -0.00111048 0.00270118 -0.0192684 0.0921101 
0.0095661 -0.0178671 0.00104012 -0.00113013 -0.0178671 0.0887452 -0.00112013 0.00270031 0.00104012 -0.00112013 0.0107462 -0.0192422 -0.00113013 0.00270031 -0.0192422 0.0920906 
0.00959083 -0.0179072 0.00106953 -0.00116449 -0.0179072 0.0888364 -0.0011595 0.0027688 0.00106953 -0.0011595 0.0107353 -0.0192216 -0.00116449 0.0027688 -0.0192216 0.09206 
0.0096126 -0.0179262 0.00109915 -0.00121906 -0.0179262 0.0888965 -0.00120907 0.00290776 0.00109915 -0.00120907 0.0107367 -0.0192252 -0.00121906 0.00290776 -0.0192252 0.0920541 
0.00958236 -0.0179482 0.00111644 -0.00125662 -0.0179482 0.0889297 -0.0012416 0.00299887 0.00111644 -0.0012416 0.0107889 -0.0192448 -0.00125662 0.00299887 -0.0192448 0.0921188 
0.00956127 -0.0179098 0.00114755 -0.00128787 -0.0179098 0.0888828 -0.00127283 0.00310691 0.00114755 -0.00127283 0.0108291 -0.019318 -0.00128787 0.00310691 -0.019318 0.0922703 
0.00959358 -0.0178926 0.00115906 -0.0012845 -0.0178926 0.088856 -0.00127948 0.00311089 0.00115906 -0.00127948 0.0108078 -0.0193427 -0.0012845 0.00311089 -0.0193427 0.0923432 
0.00962552 -0.0179423 0.00117884 -0.00132869 -0.0179423 0.0889474 -0.00131371 0.00319186 0.00117884 -0.00131371 0.0108243 -0.019326 -0.00132869 0.00319186 -0.019326 0.092354 
0.00962075 -0.0179903 0.00117642 -0.00132098 -0.0179903 0.0890593 -0.001316 0.00319529 0.00117642 -0.001316 0.010862 -0.0193262 -0.00132098 0.00319529 -0.0193262 0.0923243 
0.00964689 -0.017993 0.00117669 -0.00132068 -0.017993 0.0891208 -0.00132564 0.00319743 0.00117669 -0.00132564 0.0108832 -0.0193782 -0.00132068 0.00319743 -0.0193782 0.0924026 
0.00963147 -0.0180136 0.00116971 -0.00130908 -0.0180136 0.0891421 -0.00131406 0.00319058 0.00116971 -0.00131406 0.0109206 -0.0194222 -0.00130908 0.00319058 -0.0194222 0.0925318 
0.00963015 -0.0179773 0.00113442 -0.00129789 -0.0179773 0.0890987 -0.00130284 0.00314565 0.00113442 -0.00130284 0.0109578 -0.0194832 -0.00129789 0.00314565 -0.0194832 0.0926952 
0.00961481 -0.0179794 0.00110635 -0.00123038 -0.0179794 0.0890635 -0.0012403 0.00300649 0.00110635 -0.0012403 0.0109543 -0.0195025 -0.00123038 0.00300649 -0.0195025 0.0927497 
0.00961596 -0.0179934 0.00107505 -0.00119394 -0.0179934 0.0891198 -0.00119394 0.00288825 0.00107505 -0.00119394 0.0109387 -0.0194747 -0.00119394 0.00288825 -0.0194747 0.0926867 
0.00960833 -0.0180013 0.00107145 -0.00118058 -0.0180013 0.0891585 -0.00118058 0.00284728 0.00107145 -0.00118058 0.0109377 -0.0194597 -0.00118058 0.00284728 -0.0194597 0.0926556 
0.00960056 -0.0179774 0.00108442 -0.00116401 -0.0179774 0.089121 -0.00116898 0.0027956 0.00108442 -0.00116898 0.0109287 -0.0194648 -0.00116401 0.0027956 -0.0194648 0.0926479 
0.00961256 -0.0179614 0.0011145 -0.00120406 -0.0179614 0.0890854 -0.00120903 0.00287581 0.0011145 -0.00120903 0.0109261 -0.0194789 -0.00120406 0.00287581 -0.0194789 0.0927075 
0.00963064 -0.0179825 0.00114993 -0.00125897 -0.0179825 0.0891094 -0.00126393 0.0030136 0.00114993 -0.00126393 0.010964 -0.0194843 -0.00125897 0.0030136 -0.0194843 0.0927525 
0.00966862 -0.0180159 0.0011488 -0.00129671 -0.0180159 0.089187 -0.00129671 0.00310126 0.0011488 -0.00129671 0.0109851 -0.0195147 -0.00129671 0.00310126 -0.0195147 0.092801 
0.00972193 -0.0180754 0.00115186 -0.00127985 -0.0180754 0.0893187 -0.00127985 0.00311102 0.00115186 -0.00127985 0.0109624 -0.0195275 -0.00127985 0.00311102 -0.0195275 0.0928087 
0.00974976 -0.0181503 0.0011424 -0.00128027 -0.0181503 0.0895106 -0.0012655 0.0030825 0.0011424 -0.0012655 0.0109365 -0.0194847 -0.00128027 0.0030825 -0.0194847 0.092731 
0.0098164 -0.0181778 0.00116008 -0.0012633 -0.0181778 0.0896011 -0.00125839 0.0030624 0.00116008 -0.00125839 0.0108929 -0.0194755 -0.0012633 0.0030624 -0.0194755 0.0927274 
0.00985292 -0.0182478 0.0011635 -0.00126168 -0.0182478 0.0897268 -0.0012715 0.00303393 0.0011635 -0.0012715 0.0108593 -0.019426 -0.00126168 0.00303393 -0.019426 0.0926331 
0.00986474 -0.0182817 0.00115825 -0.00126622 -0.0182817 0.0898624 -0.00127113 0.00302813 0.00115825 -0.00127113 0.0108512 -0.0193908 -0.00126622 0.00302813 -0.0193908 0.0925568 
0.00984399 -0.0183042 0.00114247 -0.00125574 -0.0183042 0.0899206 -0.00125081 0.0029793 0.00114247 -0.00125081 0.0108486 -0.0193728 -0.00125574 0.0029793 -0.0193728 0.0924863 
0.00985643 -0.0182816 0.00114598 -0.00127386 -0.0182816 0.0899277 -0.00126402 0.00302972 0.00114598 -0.00126402 0.0108549 -0.0193932 -0.00127386 0.00302972 -0.0193932 0.0925196 
0.00989743 -0.0182888 0.00117627 -0.00129439 -0.0182888 0.0899234 -0.00128947 0.00310556 0.00117627 -0.00128947 0.0108424 -0.0194159 -0.00129439 0.00310556 -0.0194159 0.0926057 
0.00993035 -0.0183482 0.00119619 -0.00129505 -0.0183482 0.0900257 -0.00129011 0.00310911 0.00119619 -0.00129011 0.0107855 -0.0193664 -0.00129505 0.00310911 -0.0193664 0.0924922 
0.00990814 -0.0183823 0.00121985 -0.00130449 -0.0183823 0.0901093 -0.00130947 0.00312181 0.00121985 -0.00130947 0.0107396 -0.0192785 -0.00130449 0.00312181 -0.0192785 0.0922751 
0.00988532 -0.0183371 0.0012394 -0.0013489 -0.0183371 0.0900579 -0.0013489 0.00320053 0.0012394 -0.0013489 0.0107265 -0.0192331 -0.0013489 0.00320053 -0.0192331 0.0921584 
0.00991661 -0.0183 0.00124638 -0.00138981 -0.0183 0.0899667 -0.00139476 0.00332862 0.00124638 -0.00139476 0.0107327 -0.0192496 -0.00138981 0.00332862 -0.0192496 0.0921676 
0.00996549 -0.0183357 0.00121122 -0.00138355 -0.0183357 0.0899552 -0.00138355 0.00335794 0.00121122 -0.00138355 0.0107237 -0.0192515 -0.00138355 0.00335794 -0.0192515 0.0921857 
0.00989093 -0.0183844 0.00117442 -0.00131813 -0.0183844 0.0900243 -0.00130822 0.00321108 0.00117442 -0.00130822 0.0107482 -0.019217 -0.00131813 0.00321108 -0.019217 0.0920907 
0.00987531 -0.0183052 0.00115831 -0.00129196 -0.0183052 0.0899717 -0.00128206 0.00313337 0.00115831 -0.00128206 0.0107564 -0.0192705 -0.00129196 0.00313337 -0.0192705 0.0921745 
0.0098423 -0.0182708 0.00114099 -0.00124517 -0.0182708 0.0898258 -0.00124021 0.00298642 0.00114099 -0.00124021 0.0107501 -0.0192679 -0.00124517 0.00298642 -0.0192679 0.0922021 
0.00977835 -0.0182328 0.00111073 -0.00121981 -0.0182328 0.0897258 -0.00121486 0.00289086 0.00111073 -0.00121486 0.0107701 -0.0192493 -0.00121981 0.00289086 -0.0192493 0.0921555 
0.00972085 -0.0181551 0.00107955 -0.00120278 -0.0181551 0.0895777 -0.00120771 0.002864 0.00107955 -0.00120771 0.0108349 -0.019284 -0.00120278 0.002864 -0.019284 0.0922199 
0.00965593 -0.0180795 0.00107893 -0.00116802 -0.0180795 0.0893532 -0.00117791 0.00281611 0.00107893 -0.00117791 0.0108784 -0.0193713 -0.00116802 0.00281611 -0.0193713 0.0923871 
0.00962993 -0.018024 0.00108263 -0.00121116 -0.018024 0.0892301 -0.00121116 0.00289689 0.00108263 -0.00121116 0.0109202 -0.019423 -0.00121116 0.00289689 -0.019423 0.0925571 
0.00964571 -0.0179723 0.00111087 -0.00119022 -0.0179723 0.0890877 -0.00119518 0.0028714 0.00111087 -0.00119518 0.0108905 -0.0194749 -0.00119022 0.0028714 -0.0194749 0.092698 
0.00968707 -0.0180101 0.00112594 -0.0012301 -0.0180101 0.089128 -0.00124498 0.00294134 0.00112594 -0.00124498 0.0108626 -0.0194436 -0.0012301 0.00294134 -0.0194436 0.0926844 
0.00966664 -0.0180711 0.00109387 -0.00122751 -0.0180711 0.0892717 -0.00123741 0.00294503 0.00109387 -0.00123741 0.0108744 -0.0193729 -0.00122751 0.00294503 -0.0193729 0.0925087 
0.00960875 -0.0180462 0.00107205 -0.00121102 -0.0180462 0.089278 -0.00121598 0.00293325 0.00107205 -0.00121598 0.010929 -0.0194011 -0.00121102 0.00293325 -0.0194011 0.0925041 
0.00960554 -0.0179638 0.00105348 -0.0011628 -0.0179638 0.0891382 -0.00116777 0.00282253 0.00105348 -0.00116777 0.0109075 -0.0194546 -0.0011628 0.00282253 -0.0194546 0.0925919 
