0.00749927 0 -0.00108935 0 0 0.00999017 0 0 -0.00108935 0 0.00746606 0 0 0 0 0.00999017 
0.0105299 -0.0130762 -0.00138503 0.00167535 -0.0130762 0.0342629 0.00167535 -0.00321158 -0.00138503 0.00167535 0.0105601 -0.0131185 0.00167535 -0.00321158 -0.0131185 0.0343295 
0.0106788 -0.0197545 -0.00132875 0.00201141 -0.0197545 0.0723742 0.00201141 -0.00625366 -0.00132875 0.00201141 0.0106117 -0.0200288 0.00201141 -0.00625366 -0.0200288 0.0732641 
0.0101892 -0.019472 -0.00127145 0.00141861 -0.019472 0.0865056 0.00143038 -0.00445007 -0.00127145 0.00143038 0.00991259 -0.0194897 0.00141861 -0.00445007 -0.0194897 0.0872355 
0.010223 -0.0188265 -0.00138331 0.00138894 -0.0188265 0.0894823 0.00140018 -0.00352014 -0.00138331 0.00140018 0.0098069 -0.0185679 0.00138894 -0.00352014 -0.0185679 0.0895667 
0.0104526 -0.0188425 -0.00143046 0.00154833 -0.0188425 0.0906066 0.00155904 -0.00366455 -0.00143046 0.00155904 0.0099543 -0.0183496 0.00154833 -0.00366455 -0.0183496 0.0898834 
0.0105692 -0.0190039 -0.0013626 0.00154912 -0.0190039 0.091284 0.0015543 -0.00372514 -0.0013626 0.0015543 0.0100667 -0.018434 0.00154912 -0.00372514 -0.018434 0.0901338 
0.010602 -0.0191099 -0.00130501 0.0014517 -0.0191099 0.0917 0.00144664 -0.00355085 -0.00130501 0.00144664 0.0101316 -0.0185029 0.0014517 -0.00355085 -0.0185029 0.0902989 
0.0106704 -0.0191483 -0.00125505 0.00140387 -0.0191483 0.0919166 0.00138899 -0.00337823 -0.00125505 0.00138899 0.0101099 -0.0185282 0.00140387 -0.00337823 -0.0185282 0.0903341 
0.0106604 -0.0192025 -0.00127885 0.00138748 -0.0192025 0.0920228 0.0013776 -0.00332303 -0.00127885 0.0013776 0.010132 -0.018526 0.00138748 -0.00332303 -0.018526 0.0903588 
0.010597 -0.019199 -0.00130363 0.00139252 -0.019199 0.0920592 0.00139252 -0.00330846 -0.00130363 0.00139252 0.0101575 -0.0185323 0.00139252 -0.00330846 -0.0185323 0.0903358 
0.0105713 -0.0191512 -0.00131772 0.00146031 -0.0191512 0.0920637 0.00147015 -0.00347132 -0.00131772 0.00147015 0.0101927 -0.0185661 0.00146031 -0.00347132 -0.0185661 0.0904067 
0.0106018 -0.0191029 -0.0013246 0.00144322 -0.0191029 0.0919016 0.00145805 -0.00349438 -0.0013246 0.00145805 0.0101322 -0.0186284 0.00144322 -0.00349438 -0.0186284 0.0905276 
0.0105828 -0.0190996 -0.00134581 0.00148983 -0.0190996 0.0918233 0.00149976 -0.00358553 -0.00134581 0.00149976 0.010116 -0.0185931 0.00148983 -0.00358553 -0.0185931 0.0906066 
0.0105621 -0.0190853 -0.00134761 0.00151668 -0.0190853 0.0917816 0.00151668 -0.00367484 -0.00134761 0.00151668 0.0101095 -0.0185632 0.00151668 -0.00367484 -0.0185632 0.0905483 
0.0105338 -0.019038 -0.00129197 0.00146027 -0.019038 0.0916755 0.00147017 -0.00355911 -0.00129197 0.00147017 0.0101279 -0.0185628 0.00146027 -0.00355911 -0.0185628 0.0905419 
0.0105421 -0.0190143 -0.00125477 0.00140297 -0.0190143 0.0915836 0.00140297 -0.00341852 -0.00125477 0.00140297 0.0101172 -0.0185746 0.00140297 -0.00341852 -0.0185746 0.0905462 
0.0105744 -0.0190536 -0.00123038 0.0013638 -0.0190536 0.0916611 0.00136874 -0.00330573 -0.00123038 0.00136874 0.0100753 -0.0185299 0.0013638 -0.00330573 -0.0185299 0.0904504 
0.0105945 -0.01908 -0.00122359 0.00132307 -0.01908 0.0917443 0.00132804 -0.00318332 -0.00122359 0.00132804 0.0100026 -0.0184732 0.00132307 -0.00318332 -0.0184732 0.0902968 
0.0106214 -0.0191055 -0.0012484 0.00135327 -0.0191055 0.0918225 0.00135826 -0.00321588 -0.0012484 0.00135826 0.00991731 -0.0183865 0.00135327 -0.00321588 -0.0183865 0.0901047 
0.0106435 -0.0191562 -0.00127541 0.00140046 -0.0191562 0.0919549 0.00140546 -0.00334609 -0.00127541 0.00140546 0.00989322 -0.0182909 0.00140046 -0.00334609 -0.0182909 0.0898792 
0.010633 -0.0191776 -0.00130026 0.00144083 -0.0191776 0.0920273 0.00144585 -0.00346903 -0.00130026 0.00144585 0.00990507 -0.0182589 0.00144083 -0.00346903 -0.0182589 0.0897531 
0.0106046 -0.0191305 -0.00129349 0.00144448 -0.0191305 0.0919381 0.00144951 -0.00348788 -0.00129349 0.00144951 0.00989994 -0.0182749 0.00144448 -0.00348788 -0.0182749 0.0897387 
0.0105685 -0.0190857 -0.00129719 0.00144802 -0.0190857 0.0917885 0.00144299 -0.00349939 -0.00129719 0.00144299 0.00993001 -0.0182863 0.00144802 -0.00349939 -0.0182863 0.0898025 
0.0104983 -0.0190246 -0.00130788 0.00143867 -0.0190246 0.091612 0.00143364 -0.00347091 -0.00130788 0.00143364 0.00997007 -0.0183153 0.00143867 -0.00347091 -0.0183153 0.0898363 
0.01047 -0.0189359 -0.00132769 0.00147408 -0.0189359 0.0914135 0.00146399 -0.00352872 -0.00132769 0.00146399 0.00997027 -0.0183806 0.00147408 -0.00352872 -0.0183806 0.0899747 
0.0104858 -0.018913 -0.0013234 0.0014958 -0.018913 0.0913046 0.00147045 -0.00355949 -0.0013234 0.00147045 0.00992298 -0.0183654 0.0014958 -0.00355949 -0.0183654 0.0899812 
0.010531 -0.0189266 -0.00127726 0.00143881 -0.0189266 0.0912808 0.00143376 -0.00345818 -0.00127726 0.00143376 0.00985455 -0.0182854 0.00143881 -0.00345818 -0.0182854 0.0898319 
0.0105714 -0.0189995 -0.00124898 0.00141385 -0.0189995 0.0914105 0.00140885 -0.00341222 -0.00124898 0.00140885 0.00986196 -0.0182102 0.00141385 -0.00341222 -0.0182102 0.0896469 
0.0106167 -0.0190449 -0.00121532 0.00138823 -0.0190449 0.0915441 0.00138823 -0.00335942 -0.00121532 0.00138823 0.00988064 -0.018215 0.00138823 -0.00335942 -0.018215 0.0895927 
0.0106795 -0.0191273 -0.00118496 0.00133308 -0.0191273 0.0917704 0.00133802 -0.00325371 -0.00118496 0.00133802 0.00983025 -0.0182188 0.00133308 -0.00325371 -0.0182188 0.0895486 
0.0106876 -0.0192169 -0.00118806 0.00130687 -0.0192169 0.0920152 0.00130687 -0.00316816 -0.00118806 0.00130687 0.0098213 -0.0181674 0.00130687 -0.00316816 -0.0181674 0.0894857 
0.0106783 -0.0192408 -0.00121469 0.00133416 -0.0192408 0.0921767 0.00134412 -0.00321593 -0.00121469 0.00134412 0.00983199 -0.0181705 0.00133416 -0.00321593 -0.0181705 0.0894785 
0.010647 -0.0192225 -0.00121794 0.00133774 -0.0192225 0.0921842 0.00133774 -0.00320458 -0.00121794 0.00133774 0.00982839 -0.0181693 0.00133774 -0.00320458 -0.0181693 0.0894638 
0.0107038 -0.0191534 -0.00120424 0.0013585 -0.0191534 0.0920296 0.00134855 -0.00323452 -0.00120424 0.00134855 0.00977821 -0.0182129 0.0013585 -0.00323452 -0.0182129 0.0895764 
0.0107655 -0.0192023 -0.00121959 0.00134506 -0.0192023 0.0919964 0.00133503 -0.00323217 -0.00121959 0.00133503 0.00966639 -0.0181433 0.00134506 -0.00323217 -0.0181433 0.089502 
0.0107633 -0.0192643 -0.00121156 0.0013473 -0.0192643 0.0920987 0.00133724 -0.00321742 -0.00121156 0.00133724 0.00964221 -0.0180226 0.0013473 -0.00321742 -0.0180226 0.0892784 
0.0107236 -0.0192552 -0.00121447 0.00132534 -0.0192552 0.0921084 0.0013203 -0.00317476 -0.00121447 0.0013203 0.00963011 -0.0179702 0.00132534 -0.00317476 -0.0179702 0.0890899 
0.0107296 -0.019218 -0.00118828 0.00132365 -0.019218 0.0920491 0.00132365 -0.00316373 -0.00118828 0.00132365 0.00962657 -0.0179546 0.00132365 -0.00316373 -0.0179546 0.0889806 
0.0107553 -0.019234 -0.00115574 0.00129522 -0.019234 0.0920653 0.00129024 -0.00311849 -0.00115574 0.00129024 0.00960954 -0.0179239 0.00129522 -0.00311849 -0.0179239 0.088882 
0.0107754 -0.0192788 -0.00111367 0.00127206 -0.0192788 0.0921622 0.00127206 -0.00306878 -0.00111367 0.00127206 0.00962704 -0.0179177 0.00127206 -0.00306878 -0.0179177 0.088846 
0.0107853 -0.0193166 -0.00110225 0.00123077 -0.0193166 0.0922729 0.00123571 -0.00300524 -0.00110225 0.00123571 0.00964842 -0.0179474 0.00123077 -0.00300524 -0.0179474 0.088887 
0.0107838 -0.0192696 -0.00110922 0.00121865 -0.0192696 0.0922046 0.00121865 -0.00293968 -0.00110922 0.00121865 0.0096348 -0.0180161 0.00121865 -0.00293968 -0.0180161 0.0890759 
0.0108098 -0.0192775 -0.00112102 0.00121611 -0.0192775 0.0921739 0.00122111 -0.00291265 -0.00112102 0.00122111 0.0095587 -0.0179814 0.00121611 -0.00291265 -0.0179814 0.0891011 
0.0108271 -0.0192937 -0.00111021 0.00123523 -0.0192937 0.0921875 0.00123523 -0.00294056 -0.00111021 0.00123523 0.00951181 -0.0178884 0.00123523 -0.00294056 -0.0178884 0.0889469 
0.0108637 -0.0193353 -0.0011063 0.00127075 -0.0193353 0.0922714 0.00127573 -0.00306475 -0.0011063 0.00127573 0.00949325 -0.0178353 0.00127075 -0.00306475 -0.0178353 0.0888129 
0.010901 -0.0193662 -0.00107757 0.00118282 -0.0193662 0.0923252 0.00118282 -0.0028919 -0.00107757 0.00118282 0.0093924 -0.0177824 0.00118282 -0.0028919 -0.0177824 0.0885963 
0.0108559 -0.0193957 -0.00107754 0.00117321 -0.0193957 0.0923963 0.00117824 -0.00282979 -0.00107754 0.00117824 0.00938565 -0.0176887 0.00117321 -0.00282979 -0.0176887 0.0884185 
0.0108512 -0.0193743 -0.00109322 0.00118432 -0.0193743 0.0924279 0.00118939 -0.00283934 -0.00109322 0.00118939 0.00934806 -0.0176485 0.00118432 -0.00283934 -0.0176485 0.0882524 
0.0108956 -0.0193678 -0.00109514 0.00121175 -0.0193678 0.0924075 0.00121682 -0.00290009 -0.00109514 0.00121682 0.00928841 -0.0176084 0.00121175 -0.00290009 -0.0176084 0.0881233 
0.0109078 -0.019427 -0.00110593 0.00124228 -0.019427 0.0924893 0.00124733 -0.00298955 -0.00110593 0.00124733 0.009307 -0.0175283 0.00124228 -0.00298955 -0.0175283 0.0879645 
0.0108909 -0.0194164 -0.00108708 0.00123303 -0.0194164 0.092477 0.00122799 -0.00298443 -0.00108708 0.00122799 0.00934081 -0.0175593 0.00123303 -0.00298443 -0.0175593 0.0879375 
0.0108764 -0.0193493 -0.00107552 0.00119671 -0.0193493 0.0923335 0.00119166 -0.00289836 -0.00107552 0.00119166 0.00931616 -0.0176073 0.00119671 -0.00289836 -0.0176073 0.0880364 
0.0109462 -0.0193637 -0.00108449 0.00120611 -0.0193637 0.0923184 0.00119598 -0.00289366 -0.00108449 0.00119598 0.00921815 -0.0175748 0.00120611 -0.00289366 -0.0175748 0.0880159 
0.0110092 -0.0194646 -0.00106328 0.00118029 -0.0194646 0.0924848 0.0011752 -0.00283371 -0.00106328 0.0011752 0.00910145 -0.0174144 0.00118029 -0.00283371 -0.0174144 0.087723 
0.0110401 -0.0195258 -0.00102072 0.00115276 -0.0195258 0.0926523 0.00115276 -0.00276764 -0.00102072 0.00115276 0.00902909 -0.0172812 0.00115276 -0.00276764 -0.0172812 0.0873557 
0.0110559 -0.0195597 -0.000969105 0.00113147 -0.0195597 0.0927703 0.00112639 -0.00273988 -0.000969105 0.00112639 0.00900608 -0.0172105 0.00113147 -0.00273988 -0.0172105 0.0871129 
0.0110579 -0.0196025 -0.000984163 0.00112548 -0.0196025 0.0929049 0.00113557 -0.00280108 -0.000984163 0.00113557 0.00903915 -0.0171799 0.00112548 -0.00280108 -0.0171799 0.0870101 
0.0110511 -0.0195897 -0.000965583 0.00109702 -0.0195897 0.0929032 0.00110713 -0.00272486 -0.000965583 0.00110713 0.00905929 -0.0172288 0.00109702 -0.00272486 -0.0172288 0.0870491 
0.0110139 -0.0195662 -0.000974506 0.00107602 -0.0195662 0.092842 0.00108109 -0.00264436 -0.000974506 0.00108109 0.00907001 -0.017267 0.00107602 -0.00264436 -0.017267 0.0871523 
0.0109301 -0.0195256 -0.000950004 0.00105612 -0.0195256 0.0927517 0.00106117 -0.00254682 -0.000950004 0.00106117 0.00914631 -0.0172668 0.00105612 -0.00254682 -0.0172668 0.087178 
0.0108492 -0.0194026 -0.000949812 0.0010514 -0.0194026 0.0925026 0.00104632 -0.00251421 -0.000949812 0.00104632 0.00918829 -0.0173607 0.0010514 -0.00251421 -0.0173607 0.0873472 
0.0108663 -0.0193065 -0.000918633 0.00103029 -0.0193065 0.0922541 0.00102521 -0.0024666 -0.000918633 0.00102521 0.0091508 -0.0174134 0.00103029 -0.0024666 -0.0174134 0.0875086 
0.0109351 -0.0193237 -0.000880883 0.00101757 -0.0193237 0.0921738 0.00100745 -0.00242496 -0.000880883 0.00100745 0.00908221 -0.0173696 0.00101757 -0.00242496 -0.0173696 0.087491 
0.0110154 -0.0194015 -0.000859465 0.000971348 -0.0194015 0.092278 0.000956091 -0.00233937 -0.000859465 0.000956091 0.0089659 -0.0172758 0.000971348 -0.00233937 -0.0172758 0.0873196 
0.0110049 -0.0195128 -0.000884866 0.000956062 -0.0195128 0.0925193 0.000950976 -0.00230879 -0.000884866 0.000950976 0.00896562 -0.017143 0.000956062 -0.00230879 -0.017143 0.0870423 
0.0110453 -0.0195135 -0.000869185 0.000991176 -0.0195135 0.0926572 0.00098101 -0.00234832 -0.000869185 0.00098101 0.00892058 -0.0171194 0.000991176 -0.00234832 -0.0171194 0.0868524 
0.0110768 -0.0195476 -0.000846572 0.000933269 -0.0195476 0.0927149 0.000938369 -0.00225922 -0.000846572 0.000938369 0.0088482 -0.0170538 0.000933269 -0.00225922 -0.0170538 0.086692 
0.0110764 -0.0196042 -0.000835958 0.000907321 -0.0196042 0.0928627 0.000922613 -0.00219184 -0.000835958 0.000922613 0.00883363 -0.0169587 0.000907321 -0.00219184 -0.0169587 0.0864554 
0.0110411 -0.0195911 -0.000847349 0.000959649 -0.0195911 0.092892 0.000964753 -0.00231235 -0.000847349 0.000964753 0.00887675 -0.0169674 0.000959649 -0.00231235 -0.0169674 0.0864245 
0.0110596 -0.0195639 -0.000873797 0.000980482 -0.0195639 0.0928664 0.000985562 -0.00239786 -0.000873797 0.000985562 0.00889546 -0.0170187 0.000980482 -0.00239786 -0.0170187 0.0864907 
0.01108 -0.0195844 -0.000863571 0.000954473 -0.0195844 0.0928617 0.000969624 -0.00234326 -0.000863571 0.000969624 0.00891347 -0.0170391 0.000954473 -0.00234326 -0.0170391 0.0865591 
0.0110591 -0.0195775 -0.000890805 0.000976849 -0.0195775 0.0928412 0.000986972 -0.00236873 -0.000890805 0.000986972 0.00894855 -0.0171025 0.000976849 -0.00236873 -0.0171025 0.0867219 
0.0110458 -0.0195814 -0.000909118 0.00103538 -0.0195814 0.0928614 0.00104044 -0.00248997 -0.000909118 0.00104044 0.00900532 -0.017147 0.00103538 -0.00248997 -0.017147 0.0868713 
0.0110536 -0.0195708 -0.000917774 0.00104888 -0.0195708 0.0928464 0.00104384 -0.00255161 -0.000917774 0.00104384 0.00903654 -0.0172158 0.00104888 -0.00255161 -0.0172158 0.0870372 
0.0110917 -0.019581 -0.000934834 0.00103084 -0.019581 0.092872 0.0010359 -0.00253669 -0.000934834 0.0010359 0.00900473 -0.0172313 0.00103084 -0.00253669 -0.0172313 0.0871114 
0.0110799 -0.0196278 -0.000952019 0.00101279 -0.0196278 0.0929485 0.00100772 -0.00243069 -0.000952019 0.00100772 0.00899861 -0.017187 0.00101279 -0.00243069 -0.017187 0.0870541 
0.0110947 -0.0196209 -0.000962552 0.00105374 -0.0196209 0.0930078 0.00104867 -0.00248744 -0.000962552 0.00104867 0.00898719 -0.0171739 0.00105374 -0.00248744 -0.0171739 0.0869893 
0.0110821 -0.0195919 -0.000955702 0.00107262 -0.0195919 0.0929166 0.00106246 -0.00253159 -0.000955702 0.00106246 0.00896225 -0.0171772 0.00107262 -0.00253159 -0.0171772 0.0869841 
0.0110944 -0.0196181 -0.000927917 0.00106989 -0.0196181 0.0929793 0.00105975 -0.00255557 -0.000927917 0.00105975 0.00894958 -0.0171183 0.00106989 -0.00255557 -0.0171183 0.0868692 
0.0110607 -0.0196279 -0.000914105 0.00103599 -0.0196279 0.0930051 0.00102583 -0.00250871 -0.000914105 0.00102583 0.00897346 -0.0170988 0.00103599 -0.00250871 -0.0170988 0.086779 
0.0110143 -0.019569 -0.000940868 0.00103291 -0.019569 0.0928954 0.00103291 -0.00250046 -0.000940868 0.00103291 0.00898938 -0.0171402 0.00103291 -0.00250046 -0.0171402 0.086836 
0.0110109 -0.0195244 -0.00094992 0.00105206 -0.0195244 0.0927806 0.00104185 -0.0025178 -0.00094992 0.00104185 0.00897827 -0.0171547 0.00105206 -0.0025178 -0.0171547 0.0868768 
0.0110677 -0.0195036 -0.000928259 0.00105067 -0.0195036 0.0926831 0.00105067 -0.00252466 -0.000928259 0.00105067 0.00891537 -0.0171473 0.00105067 -0.00252466 -0.0171473 0.0868942 
0.0110919 -0.0195701 -0.000917109 0.00103939 -0.0195701 0.0927401 0.00103939 -0.00251695 -0.000917109 0.00103939 0.00889086 -0.0170786 0.00103939 -0.00251695 -0.0170786 0.0867941 
0.0110951 -0.0196021 -0.000920356 0.00104239 -0.0196021 0.0928543 0.00103731 -0.00253225 -0.000920356 0.00103731 0.00890864 -0.0170546 0.00104239 -0.00253225 -0.0170546 0.0867067 
0.0110857 -0.0195936 -0.000927204 0.00103928 -0.0195936 0.0928529 0.00103928 -0.00252689 -0.000927204 0.00103928 0.00891543 -0.017082 0.00103928 -0.00252689 -0.017082 0.0867242 
0.011066 -0.019587 -0.000957585 0.00106512 -0.019587 0.0928243 0.00105488 -0.00257063 -0.000957585 0.00105488 0.00891527 -0.017088 0.00106512 -0.00257063 -0.017088 0.0867715 
0.0110026 -0.0195778 -0.000960747 0.00109873 -0.0195778 0.0928143 0.00109873 -0.00265739 -0.000960747 0.00109873 0.00899423 -0.0170941 0.00109873 -0.00265739 -0.0170941 0.0867841 
0.0109897 -0.0194607 -0.000950298 0.00108314 -0.0194607 0.0925877 0.00107803 -0.00263631 -0.000950298 0.00107803 0.00900229 -0.0171922 0.00108314 -0.00263631 -0.0171922 0.0869421 
0.0109859 -0.0194425 -0.000935081 0.00106282 -0.0194425 0.0924708 0.0010526 -0.00259063 -0.000935081 0.0010526 0.00899824 -0.0171994 0.00106282 -0.00259063 -0.0171994 0.0870494 
0.0109409 -0.0194284 -0.000886134 0.000988578 -0.0194284 0.0923782 0.000978333 -0.00237668 -0.000886134 0.000978333 0.00897403 -0.0171695 0.000988578 -0.00237668 -0.0171695 0.0869846 
0.0109752 -0.0193923 -0.000840694 0.000958596 -0.0193923 0.0923071 0.000948343 -0.0022914 -0.000840694 0.000948343 0.0089093 -0.0171471 0.000958596 -0.0022914 -0.0171471 0.0869144 
0.0110146 -0.0194321 -0.000816088 0.00091874 -0.0194321 0.0923411 0.000923873 -0.00223783 -0.000816088 0.000923873 0.00884352 -0.0170609 0.00091874 -0.00223783 -0.0170609 0.0867465 
0.0110502 -0.0194841 -0.000779775 0.000908028 -0.0194841 0.09247 0.000913158 -0.00220594 -0.000779775 0.000913158 0.00879299 -0.0169755 0.000908028 -0.00220594 -0.0169755 0.0865243 
0.0109959 -0.0195545 -0.000788363 0.000865654 -0.0195545 0.0926456 0.000870806 -0.00211776 -0.000788363 0.000870806 0.00883688 -0.0168957 0.000865654 -0.00211776 -0.0168957 0.086318 
0.0109649 -0.0194736 -0.00078431 0.000856549 -0.0194736 0.092595 0.000856549 -0.00204333 -0.00078431 0.000856549 0.00884928 -0.0169401 0.000856549 -0.00204333 -0.0169401 0.0862741 
0.0110153 -0.0194257 -0.000780933 0.000868274 -0.0194257 0.0924635 0.000868274 -0.0020705 -0.000780933 0.000868274 0.00879063 -0.0169596 0.000868274 -0.0020705 -0.0169596 0.0863085 
0.0110999 -0.0194888 -0.000787736 0.000905385 -0.0194888 0.0925232 0.000905385 -0.00217395 -0.000787736 0.000905385 0.00872648 -0.0168954 0.000905385 -0.00217395 -0.0168954 0.0862468 
0.0110904 -0.0196068 -0.000815242 0.000892152 -0.0196068 0.0927633 0.000897279 -0.00219962 -0.000815242 0.000897279 0.00874719 -0.0168073 0.000892152 -0.00219962 -0.0168073 0.0860568 
0.0110541 -0.019605 -0.000784817 0.000897666 -0.019605 0.0928751 0.000897666 -0.00217492 -0.000784817 0.000897666 0.00876122 -0.0168094 0.000897666 -0.00217492 -0.0168094 0.0859708 
0.011026 -0.0195589 -0.000765905 0.000884132 -0.0195589 0.0928339 0.000878992 -0.00214865 -0.000765905 0.000878992 0.00877964 -0.0168448 0.000884132 -0.00214865 -0.0168448 0.0859973 
0.0109823 -0.0195258 -0.000726995 0.000819803 -0.0195258 0.0927409 0.000819803 -0.00200053 -0.000726995 0.000819803 0.00879097 -0.0168498 0.000819803 -0.00200053 -0.0168498 0.086002 
0.0109575 -0.0194594 -0.000701613 0.000784156 -0.0194594 0.0926129 0.000789315 -0.00190364 -0.000701613 0.000789315 0.00880112 -0.01688 0.000784156 -0.00190364 -0.01688 0.0860611 
0.0109793 -0.0194277 -0.000706182 0.00079381 -0.0194277 0.0924789 0.000798965 -0.00190721 -0.000706182 0.000798965 0.008768 -0.0168917 0.00079381 -0.00190721 -0.0168917 0.0861387 
0.0109772 -0.019434 -0.000719395 0.000791852 -0.019434 0.0924034 0.000797027 -0.00192011 -0.000719395 0.000797027 0.00875177 -0.0168773 0.000791852 -0.00192011 -0.0168773 0.0861462 
0.0109762 -0.0194376 -0.000695672 0.000772969 -0.0194376 0.092411 0.000783275 -0.00186543 -0.000695672 0.000783275 0.00875516 -0.0168404 0.000772969 -0.00186543 -0.0168404 0.0860726 
0.0109602 -0.0194287 -0.00067954 0.000767057 -0.0194287 0.0923763 0.000772205 -0.00185329 -0.00067954 0.000772205 0.0087568 -0.0168444 0.000767057 -0.00185329 -0.0168444 0.0860442 
0.0109768 -0.019434 -0.000687656 0.000785159 -0.019434 0.0924024 0.000795422 -0.00192954 -0.000687656 0.000795422 0.00876504 -0.0168424 0.000785159 -0.00192954 -0.0168424 0.0860493 
0.0109763 -0.019442 -0.000703343 0.000785485 -0.019442 0.0924255 0.000795753 -0.00195601 -0.000703343 0.000795753 0.00877896 -0.0168546 0.000785485 -0.00195601 -0.0168546 0.08608 
0.0110445 -0.0194513 -0.000683854 0.000812398 -0.0194513 0.0924591 0.000802114 -0.00197444 -0.000683854 0.000802114 0.00871528 -0.0168701 0.000812398 -0.00197444 -0.0168701 0.086109 
0.0111281 -0.0194973 -0.000626792 0.000750095 -0.0194973 0.0925186 0.000750095 -0.00186496 -0.000626792 0.000750095 0.00862096 -0.0168155 0.000750095 -0.00186496 -0.0168155 0.0860657 
0.0111894 -0.0196022 -0.000593536 0.00069676 -0.0196022 0.0927052 0.00069676 -0.00173932 -0.000593536 0.00069676 0.0085366 -0.0167016 0.00069676 -0.00173932 -0.0167016 0.0858615 
0.011171 -0.0197009 -0.000601872 0.000658946 -0.0197009 0.0929581 0.000658946 -0.00161883 -0.000601872 0.000658946 0.00853517 -0.0165826 0.000658946 -0.00161883 -0.0165826 0.0855592 
0.0111247 -0.0196878 -0.00064431 0.00067029 -0.0196878 0.0930612 0.000665094 -0.00159519 -0.00064431 0.000665094 0.00856828 -0.016565 0.00067029 -0.00159519 -0.016565 0.0854074 
0.0110938 -0.0196279 -0.00065288 0.000715059 -0.0196279 0.0929681 0.000704696 -0.00165293 -0.00065288 0.000704696 0.00860662 -0.016607 0.000715059 -0.00165293 -0.016607 0.0854133 
0.0111316 -0.0195755 -0.000622998 0.000731122 -0.0195755 0.0928319 0.000715676 -0.00168364 -0.000622998 0.000715676 0.00858811 -0.0166562 0.000731122 -0.00168364 -0.0166562 0.0855052 
0.0111765 -0.0195911 -0.000628646 0.000716244 -0.0195911 0.0927561 0.000700785 -0.00171074 -0.000628646 0.000700785 0.00853824 -0.0166694 0.000716244 -0.00171074 -0.0166694 0.0855886 
0.0112109 -0.0196784 -0.000603348 0.000696171 -0.0196784 0.0929001 0.000696171 -0.00168112 -0.000603348 0.000696171 0.00849844 -0.0165843 0.000696171 -0.00168112 -0.0165843 0.0854743 
0.0112225 -0.0197078 -0.000609413 0.000702374 -0.0197078 0.0930439 0.00069721 -0.00172495 -0.000609413 0.00069721 0.0084853 -0.0165471 0.000702374 -0.00172495 -0.0165471 0.0853643 
0.0112002 -0.0197182 -0.000590303 0.000688687 -0.0197182 0.0930867 0.000683509 -0.00169324 -0.000590303 0.000683509 0.00848691 -0.0165233 0.000688687 -0.00169324 -0.0165233 0.0852781 
0.0111612 -0.0196908 -0.000577304 0.000650117 -0.0196908 0.0930604 0.000655318 -0.00159669 -0.000577304 0.000655318 0.00848793 -0.016513 0.000650117 -0.00159669 -0.016513 0.0852122 
0.0111015 -0.0196538 -0.000567038 0.000634666 -0.0196538 0.0930046 0.000639868 -0.00153985 -0.000567038 0.000639868 0.00853678 -0.0165169 0.000634666 -0.00153985 -0.0165169 0.0851805 
0.0110646 -0.0195787 -0.000597387 0.000654528 -0.0195787 0.0928599 0.000664918 -0.00159996 -0.000597387 0.000664918 0.00858679 -0.0165658 0.000654528 -0.00159996 -0.0165658 0.0852601 
0.011046 -0.0195501 -0.000619982 0.00069748 -0.0195501 0.0927648 0.000702646 -0.00168945 -0.000619982 0.000702646 0.00863842 -0.0166207 0.00069748 -0.00168945 -0.0166207 0.0853819 
0.0109852 -0.0195263 -0.000632869 0.000679177 -0.0195263 0.0926922 0.000689467 -0.00165163 -0.000632869 0.000689467 0.00872124 -0.016681 0.000679177 -0.00165163 -0.016681 0.0855248 
0.010962 -0.0194395 -0.000658443 0.00070474 -0.0194395 0.0925061 0.000709884 -0.00168212 -0.000658443 0.000709884 0.00876038 -0.0168109 0.00070474 -0.00168212 -0.0168109 0.0858136 
0.0109577 -0.0193887 -0.000727078 0.00079927 -0.0193887 0.0923337 0.00079927 -0.00190278 -0.000727078 0.00079927 0.0087765 -0.0168878 0.00079927 -0.00190278 -0.0168878 0.0860994 
0.0109337 -0.0193792 -0.00074853 0.000851776 -0.0193792 0.0922241 0.000851776 -0.00204426 -0.00074853 0.000851776 0.00878619 -0.0169116 0.000851776 -0.00204426 -0.0169116 0.086241 
0.0109389 -0.0193728 -0.000785385 0.000867516 -0.0193728 0.0922083 0.000888049 -0.00214056 -0.000785385 0.000888049 0.00880863 -0.0169089 0.000867516 -0.00214056 -0.0169089 0.0862794 
0.010924 -0.01938 -0.000800443 0.000903064 -0.01938 0.0922254 0.000903064 -0.00218583 -0.000800443 0.000903064 0.00883053 -0.0169171 0.000903064 -0.00218583 -0.0169171 0.0862734 
0.0108798 -0.0193835 -0.000795459 0.000908363 -0.0193835 0.0922835 0.000908363 -0.00220163 -0.000795459 0.000908363 0.00887835 -0.0169305 0.000908363 -0.00220163 -0.0169305 0.0862688 
0.0108801 -0.0193395 -0.000801743 0.00091481 -0.0193395 0.0922262 0.000919949 -0.00223049 -0.000801743 0.000919949 0.00888085 -0.0169857 0.00091481 -0.00223049 -0.0169857 0.0863519 
0.0108458 -0.0193203 -0.000768069 0.00087632 -0.0193203 0.0921477 0.00087632 -0.00213925 -0.000768069 0.00087632 0.00888176 -0.0169903 0.00087632 -0.00213925 -0.0169903 0.0863846 
0.0108647 -0.0193098 -0.000714036 0.000852734 -0.0193098 0.092162 0.00084246 -0.00207019 -0.000714036 0.00084246 0.00886638 -0.0169673 0.000852734 -0.00207019 -0.0169673 0.0863419 
0.0109084 -0.0193306 -0.000692027 0.000825307 -0.0193306 0.0921934 0.000820181 -0.0020402 -0.000692027 0.000820181 0.00884257 -0.0169572 0.000825307 -0.0020402 -0.0169572 0.0863086 
0.0109308 -0.0193721 -0.000676129 0.000788817 -0.0193721 0.092266 0.000788817 -0.00195668 -0.000676129 0.000788817 0.00883578 -0.0169442 0.000788817 -0.00195668 -0.0169442 0.0862935 
0.0109311 -0.0193933 -0.000701765 0.000778601 -0.0193933 0.0923257 0.000778601 -0.00192089 -0.000701765 0.000778601 0.00885146 -0.0169551 0.000778601 -0.00192089 -0.0169551 0.0863171 
0.0109283 -0.0194008 -0.00072139 0.000777669 -0.0194008 0.0923686 0.000782785 -0.00188278 -0.00072139 0.000782785 0.00887668 -0.0169706 0.000777669 -0.00188278 -0.0169706 0.086357 
0.0108948 -0.0193612 -0.000765001 0.000806075 -0.0193612 0.0922827 0.000806075 -0.00190994 -0.000765001 0.000806075 0.00889763 -0.01702 0.000806075 -0.00190994 -0.01702 0.086481 
0.010837 -0.0193319 -0.000785808 0.000857712 -0.0193319 0.0921912 0.000852576 -0.00200304 -0.000785808 0.000852576 0.00893664 -0.0170361 0.000857712 -0.00200304 -0.0170361 0.086557 
0.0107905 -0.019286 -0.000833599 0.000921076 -0.019286 0.0920921 0.000910784 -0.00219206 -0.000833599 0.000910784 0.00898435 -0.0170785 0.000921076 -0.00219206 -0.0170785 0.0866326 
0.0107451 -0.0192206 -0.000840835 0.000938846 -0.0192206 0.0919502 0.000928529 -0.00222331 -0.000840835 0.000928529 0.00900673 -0.017121 0.000938846 -0.00222331 -0.017121 0.0867091 
0.010671 -0.0191708 -0.000848949 0.000951852 -0.0191708 0.0918151 0.000946707 -0.00228444 -0.000848949 0.000946707 0.00908633 -0.0171488 0.000951852 -0.00228444 -0.0171488 0.0867883 
0.0106185 -0.0190876 -0.000851531 0.000959255 -0.0190876 0.0916576 0.000959255 -0.00231863 -0.000851531 0.000959255 0.00914626 -0.0172307 0.000959255 -0.00231863 -0.0172307 0.0869228 
0.0106213 -0.0190234 -0.000841742 0.000964177 -0.0190234 0.0914795 0.000969279 -0.00235688 -0.000841742 0.000969279 0.00918264 -0.0173195 0.000964177 -0.00235688 -0.0173195 0.0871535 
0.0106694 -0.0190054 -0.000828992 0.000946689 -0.0190054 0.0913836 0.000951806 -0.00232834 -0.000828992 0.000951806 0.00913427 -0.0173781 0.000946689 -0.00232834 -0.0173781 0.0873307 
0.0107343 -0.0190832 -0.000793427 0.000900924 -0.0190832 0.0914847 0.000911162 -0.00220624 -0.000793427 0.000911162 0.00907067 -0.0173172 0.000900924 -0.00220624 -0.0173172 0.0873077 
0.0107954 -0.0191781 -0.000800797 0.00088293 -0.0191781 0.0917066 0.00088293 -0.00213546 -0.000800797 0.00088293 0.00900896 -0.0172274 0.00088293 -0.00213546 -0.0172274 0.0871277 
0.0107549 -0.0192383 -0.00081898 0.000891091 -0.0192383 0.0918648 0.000901393 -0.00213244 -0.00081898 0.000901393 0.00902423 -0.0171574 0.000891091 -0.00213244 -0.0171574 0.0869509 
