0.007933 0 -0.000969369 0 0 0.00998384 0 0 -0.000969369 0 0.00708233 0 0 0 0 0.00998384 
0.0110926 -0.0137725 -0.00121982 0.00148421 -0.0137725 0.0355851 0.00148421 -0.00284224 -0.00121982 0.00148421 0.010059 -0.0125047 0.00148421 -0.00284224 -0.0125047 0.0331575 
0.0111207 -0.0206326 -0.00116995 0.00172446 -0.0206326 0.0751391 0.00172446 -0.0053501 -0.00116995 0.00172446 0.0101457 -0.0192128 0.00172446 -0.0053501 -0.0192128 0.0706969 
0.0105294 -0.020004 -0.00114898 0.00123736 -0.020004 0.088542 0.00123736 -0.00378279 -0.00114898 0.00123736 0.0095159 -0.0189434 0.00123736 -0.00378279 -0.0189434 0.0852895 
0.0106156 -0.0192485 -0.00126376 0.00126938 -0.0192485 0.0909178 0.00128623 -0.00316783 -0.00126376 0.00128623 0.00939676 -0.0181083 0.00126938 -0.00316783 -0.0181083 0.0881937 
0.0107985 -0.0192791 -0.00132679 0.00137553 -0.0192791 0.0917382 0.00139178 -0.00324929 -0.00132679 0.00139178 0.0094825 -0.0178386 0.00137553 -0.00324929 -0.0178386 0.0885268 
0.0108644 -0.0194014 -0.00131339 0.00142897 -0.0194014 0.0923366 0.00145524 -0.00342007 -0.00131339 0.00145524 0.00961402 -0.0178726 0.00142897 -0.00342007 -0.0178726 0.0887274 
0.010833 -0.019384 -0.00126205 0.00140628 -0.019384 0.0924591 0.00141658 -0.0033998 -0.00126205 0.00141658 0.00966883 -0.0179674 0.00140628 -0.0033998 -0.0179674 0.0889254 
0.0108375 -0.0193145 -0.00119294 0.0013648 -0.0193145 0.0923162 0.00137491 -0.00332102 -0.00119294 0.00137491 0.00968503 -0.0180255 0.0013648 -0.00332102 -0.0180255 0.089071 
0.0108286 -0.0193082 -0.00117202 0.00128721 -0.0193082 0.0922086 0.00129723 -0.00316544 -0.00117202 0.00129723 0.00969668 -0.018036 0.00128721 -0.00316544 -0.018036 0.0891183 
0.0107858 -0.0192964 -0.00113008 0.00123009 -0.0192964 0.0921469 0.00122509 -0.00293522 -0.00113008 0.00122509 0.00967573 -0.0180164 0.00123009 -0.00293522 -0.0180164 0.0890717 
0.0108017 -0.019253 -0.00111017 0.00123019 -0.019253 0.0920893 0.00122019 -0.00291045 -0.00111017 0.00122019 0.00963149 -0.0180278 0.00123019 -0.00291045 -0.0180278 0.0890988 
0.0107718 -0.0192923 -0.0011057 0.00122078 -0.0192923 0.0921435 0.00121577 -0.00291185 -0.0011057 0.00121577 0.00963112 -0.0179614 0.00122078 -0.00291185 -0.0179614 0.0889915 
0.0107886 -0.0192561 -0.00109579 0.00122529 -0.0192561 0.0921262 0.00122529 -0.00293373 -0.00109579 0.00122529 0.0096081 -0.017966 0.00122529 -0.00293373 -0.017966 0.0889733 
0.0107882 -0.0193086 -0.00109172 0.00122075 -0.0193086 0.0922259 0.00122571 -0.00295262 -0.00109172 0.00122571 0.00964688 -0.017944 0.00122075 -0.00295262 -0.017944 0.0889408 
0.0108103 -0.0192971 -0.00106518 0.00117913 -0.0192971 0.0922346 0.00117417 -0.00284873 -0.00106518 0.00117417 0.00963615 -0.0179891 0.00117913 -0.00284873 -0.0179891 0.0890093 
0.0108323 -0.0193197 -0.00107084 0.00116008 -0.0193197 0.0922756 0.00115512 -0.00276633 -0.00107084 0.00115512 0.00960781 -0.0179812 0.00116008 -0.00276633 -0.0179812 0.0890432 
0.0107865 -0.0193622 -0.00111534 0.00119465 -0.0193622 0.0923795 0.00118473 -0.00283047 -0.00111534 0.00118473 0.0096712 -0.0179594 0.00119465 -0.00283047 -0.0179594 0.0890385 
0.0107382 -0.0193227 -0.00113164 0.00122636 -0.0193227 0.0923811 0.00122138 -0.00288146 -0.00113164 0.00122138 0.00969127 -0.0180016 0.00122636 -0.00288146 -0.0180016 0.089046 
0.0107253 -0.0192685 -0.00111607 0.00123619 -0.0192685 0.0922986 0.00123619 -0.00292781 -0.00111607 0.00123619 0.00965427 -0.0179973 0.00123619 -0.00292781 -0.0179973 0.0890255 
0.0107398 -0.0192387 -0.00109793 0.00124266 -0.0192387 0.0921962 0.00123767 -0.00296441 -0.00109793 0.00123767 0.00964183 -0.0179861 0.00124266 -0.00296441 -0.0179861 0.0890422 
0.0108032 -0.0192195 -0.00106692 0.00122076 -0.0192195 0.0920829 0.0012158 -0.00295761 -0.00106692 0.0012158 0.00959735 -0.0179987 0.00122076 -0.00295761 -0.0179987 0.0891005 
0.0108622 -0.0192908 -0.00104798 0.00117711 -0.0192908 0.0921277 0.00118208 -0.00288567 -0.00104798 0.00118208 0.00953611 -0.0179597 0.00117711 -0.00288567 -0.0179597 0.0890583 
0.0108571 -0.0193602 -0.00104232 0.00113209 -0.0193602 0.0922579 0.0011271 -0.00274794 -0.00104232 0.0011271 0.00951555 -0.017884 0.00113209 -0.00274794 -0.017884 0.0889215 
0.0108302 -0.0193665 -0.00102955 0.0011295 -0.0193665 0.0923494 0.0011295 -0.00269381 -0.00102955 0.0011295 0.00950082 -0.0178272 0.0011295 -0.00269381 -0.0178272 0.088741 
0.0108123 -0.0193436 -0.00104003 0.00113047 -0.0193436 0.092352 0.00113047 -0.00271313 -0.00104003 0.00113047 0.00947586 -0.0177911 0.00113047 -0.00271313 -0.0177911 0.0886089 
0.0107952 -0.0193141 -0.00105796 0.00115824 -0.0193141 0.0922884 0.00115824 -0.00276274 -0.00105796 0.00115824 0.0095016 -0.0177848 0.00115824 -0.00276274 -0.0177848 0.088578 
0.0107621 -0.0192704 -0.00105915 0.0011495 -0.0192704 0.0921708 0.00115452 -0.00275077 -0.00105915 0.00115452 0.00951224 -0.0178097 0.0011495 -0.00275077 -0.0178097 0.0886019 
0.0108307 -0.0192568 -0.00103698 0.00117224 -0.0192568 0.092141 0.00117224 -0.00281037 -0.00103698 0.00117224 0.00945806 -0.017814 0.00117224 -0.00281037 -0.017814 0.0886193 
0.0108905 -0.0193302 -0.00104745 0.00115771 -0.0193302 0.0922358 0.00116272 -0.00281659 -0.00104745 0.00116272 0.00940701 -0.0177566 0.00115771 -0.00281659 -0.0177566 0.0885472 
0.0109007 -0.0194025 -0.00103888 0.00114427 -0.0194025 0.0924051 0.00115933 -0.00277035 -0.00103888 0.00115933 0.00938505 -0.0176911 0.00114427 -0.00277035 -0.0176911 0.0883751 
0.0108564 -0.0193951 -0.000998349 0.00109869 -0.0193951 0.0924201 0.0011037 -0.0026238 -0.000998349 0.0011037 0.00939653 -0.0176693 0.00109869 -0.0026238 -0.0176693 0.0882611 
0.0108716 -0.0193713 -0.000992884 0.0011032 -0.0193713 0.0924084 0.00109819 -0.00262763 -0.000992884 0.00109819 0.00937724 -0.0176763 0.0011032 -0.00262763 -0.0176763 0.0882514 
0.0109003 -0.0193743 -0.000994585 0.00112519 -0.0193743 0.0923959 0.00111012 -0.00267734 -0.000994585 0.00111012 0.00935814 -0.0176715 0.00112519 -0.00267734 -0.0176715 0.0882569 
0.0109388 -0.0194478 -0.00100402 0.00113956 -0.0194478 0.0925653 0.00112952 -0.00273594 -0.00100402 0.00112952 0.00933735 -0.0176104 0.00113956 -0.00273594 -0.0176104 0.0881376 
0.0109655 -0.0194914 -0.0010211 0.00114182 -0.0194914 0.0926934 0.00113679 -0.00277658 -0.0010211 0.00113679 0.00932567 -0.017595 0.00114182 -0.00277658 -0.017595 0.0880808 
0.0109346 -0.0195089 -0.00105237 0.00115259 -0.0195089 0.0927587 0.0011576 -0.0028013 -0.00105237 0.0011576 0.00939614 -0.0176096 0.00115259 -0.0028013 -0.0176096 0.0881082 
0.0109211 -0.0194679 -0.0010503 0.00115483 -0.0194679 0.0927201 0.00114985 -0.00276264 -0.0010503 0.00114985 0.00947261 -0.0177008 0.00115483 -0.00276264 -0.0177008 0.088265 
0.0109355 -0.0194254 -0.00106248 0.00113766 -0.0194254 0.0925812 0.00113264 -0.00271133 -0.00106248 0.00113264 0.00943202 -0.0177865 0.00113766 -0.00271133 -0.0177865 0.0884916 
0.0110086 -0.019459 -0.00107633 0.00120148 -0.019459 0.0926094 0.00119147 -0.00284351 -0.00107633 0.00119147 0.00938159 -0.0177669 0.00120148 -0.00284351 -0.0177669 0.0885644 
0.0110848 -0.0195309 -0.00105451 0.00119944 -0.0195309 0.0927019 0.00119444 -0.00286867 -0.00105451 0.00119444 0.00932566 -0.0177118 0.00119944 -0.00286867 -0.0177118 0.0884889 
0.0111152 -0.0196291 -0.00106734 0.00121627 -0.0196291 0.0929327 0.00121627 -0.00295379 -0.00106734 0.00121627 0.00935285 -0.0176483 0.00121627 -0.00295379 -0.0176483 0.0883854 
0.0110965 -0.0196754 -0.0010705 0.00120431 -0.0196754 0.0930987 0.00119936 -0.00293396 -0.0010705 0.00119936 0.00940652 -0.0176732 0.00120431 -0.00293396 -0.0176732 0.0883459 
0.0110638 -0.019641 -0.00106288 0.00117658 -0.019641 0.0930883 0.00116669 -0.00283269 -0.00106288 0.00116669 0.0094522 -0.0177328 0.00117658 -0.00283269 -0.0177328 0.0884463 
0.0110289 -0.0196014 -0.00106476 0.00115885 -0.0196014 0.0930053 0.0011539 -0.00276342 -0.00106476 0.0011539 0.009459 -0.0177938 0.00115885 -0.00276342 -0.0177938 0.0885779 
0.0110316 -0.019564 -0.00108967 0.00117964 -0.019564 0.0929117 0.00118464 -0.00282414 -0.00108967 0.00118464 0.00942213 -0.0178096 0.00117964 -0.00282414 -0.0178096 0.088663 
0.0110482 -0.0195371 -0.00107677 0.00119697 -0.0195371 0.0928077 0.00121199 -0.00287473 -0.00107677 0.00121199 0.0093604 -0.0177742 0.00119697 -0.00287473 -0.0177742 0.0886659 
0.0110852 -0.0196111 -0.00109754 0.00121727 -0.0196111 0.0929418 0.00123723 -0.00296336 -0.00109754 0.00123723 0.00936402 -0.0176854 0.00121727 -0.00296336 -0.0176854 0.0884968 
0.0111028 -0.0196026 -0.00107124 0.00120639 -0.0196026 0.0929474 0.0012114 -0.00293339 -0.00107124 0.0012114 0.00933578 -0.0177004 0.00120639 -0.00293339 -0.0177004 0.0884321 
0.0111528 -0.0196688 -0.00105574 0.00118583 -0.0196688 0.0930802 0.00118583 -0.00288202 -0.00105574 0.00118583 0.00927649 -0.0176273 0.00118583 -0.00288202 -0.0176273 0.0882618 
0.0111814 -0.0197513 -0.0010556 0.00115066 -0.0197513 0.0933082 0.00115066 -0.00279659 -0.0010556 0.00115066 0.00924527 -0.01753 0.00115066 -0.00279659 -0.01753 0.0880052 
0.0111521 -0.0197702 -0.00106162 0.00113674 -0.0197702 0.0934129 0.00113674 -0.00271916 -0.00106162 0.00113674 0.00925416 -0.0174968 0.00113674 -0.00271916 -0.0174968 0.0878394 
0.0111366 -0.0197456 -0.00108113 0.00119124 -0.0197456 0.0934176 0.00119124 -0.00282796 -0.00108113 0.00119124 0.00927469 -0.0175133 0.00119124 -0.00282796 -0.0175133 0.0878368 
0.011132 -0.0197273 -0.00105566 0.00118074 -0.0197273 0.0933734 0.00118574 -0.00283677 -0.00105566 0.00118574 0.0092808 -0.017526 0.00118074 -0.00283677 -0.017526 0.0878499 
0.0111164 -0.0197083 -0.00105392 0.00115429 -0.0197083 0.0933171 0.00115931 -0.00281045 -0.00105392 0.00115931 0.00927952 -0.0175453 0.00115429 -0.00281045 -0.0175453 0.087897 
0.0111025 -0.0196715 -0.00108366 0.00119404 -0.0196715 0.0932301 0.00119905 -0.00287973 -0.00108366 0.00119905 0.00930646 -0.0175744 0.00119404 -0.00287973 -0.0175744 0.0880075 
0.0110571 -0.0196614 -0.00109119 0.00120631 -0.0196614 0.0931666 0.00121132 -0.00290817 -0.00109119 0.00121132 0.00937522 -0.0175992 0.00120631 -0.00290817 -0.0175992 0.088076 
0.0110254 -0.0195951 -0.00108307 0.00121783 -0.0195951 0.0930394 0.00120785 -0.00292479 -0.00108307 0.00120785 0.00940825 -0.0176735 0.00121783 -0.00292479 -0.0176735 0.088208 
0.0110232 -0.0195529 -0.00108433 0.00120925 -0.0195529 0.0928824 0.00119426 -0.00291819 -0.00108433 0.00119426 0.00940917 -0.017729 0.00120925 -0.00291819 -0.017729 0.0883902 
0.0110327 -0.0194942 -0.00103447 0.00115499 -0.0194942 0.0926804 0.00113992 -0.00277197 -0.00103447 0.00113992 0.00932529 -0.0177416 0.00115499 -0.00277197 -0.0177416 0.0884772 
0.0110309 -0.0195174 -0.00102989 0.00112581 -0.0195174 0.0926343 0.00112076 -0.00269588 -0.00102989 0.00112076 0.00924879 -0.0176444 0.00112581 -0.00269588 -0.0176444 0.088338 
0.0109907 -0.0195453 -0.00106362 0.00114972 -0.0195453 0.0927071 0.00114972 -0.00275022 -0.00106362 0.00114972 0.00925349 -0.0175244 0.00114972 -0.00275022 -0.0175244 0.0880778 
0.0109693 -0.0195061 -0.00106582 0.00118311 -0.0195061 0.0927009 0.00118311 -0.00282009 -0.00106582 0.00118311 0.00920992 -0.0174866 0.00118311 -0.00282009 -0.0174866 0.0878512 
0.0109966 -0.0195062 -0.00103331 0.00119033 -0.0195062 0.0927091 0.00119033 -0.00286693 -0.00103331 0.00119033 0.00918835 -0.0174244 0.00119033 -0.00286693 -0.0174244 0.0876844 
0.0110364 -0.0195009 -0.000987197 0.00111882 -0.0195009 0.0926598 0.00112389 -0.00273884 -0.000987197 0.00112389 0.00912777 -0.0174101 0.00111882 -0.00273884 -0.0174101 0.0875618 
0.0110669 -0.0195501 -0.000971402 0.00107312 -0.0195501 0.0927409 0.00109346 -0.00264974 -0.000971402 0.00109346 0.00906812 -0.0173428 0.00107312 -0.00264974 -0.0173428 0.0874364 
0.0110457 -0.0195764 -0.000990758 0.00107713 -0.0195764 0.0928061 0.00108729 -0.00262678 -0.000990758 0.00108729 0.00909465 -0.0172951 0.00107713 -0.00262678 -0.0172951 0.0873544 
0.0109843 -0.0195743 -0.00101744 0.00111361 -0.0195743 0.0928653 0.00110855 -0.00265749 -0.00101744 0.00110855 0.00917719 -0.0173066 0.00111361 -0.00265749 -0.0173066 0.0872972 
0.0109478 -0.0194975 -0.000997546 0.00112854 -0.0194975 0.0927718 0.00111342 -0.00268531 -0.000997546 0.00111342 0.00924494 -0.0174016 0.00112854 -0.00268531 -0.0174016 0.0874365 
0.0109269 -0.0194564 -0.000965028 0.00111079 -0.0194564 0.0926326 0.00109068 -0.00265885 -0.000965028 0.00109068 0.00927331 -0.017471 0.00111079 -0.00265885 -0.017471 0.0876215 
0.0109481 -0.0194254 -0.000949172 0.00108477 -0.0194254 0.0925367 0.00107472 -0.00262654 -0.000949172 0.00107472 0.00926572 -0.0175371 0.00108477 -0.00262654 -0.0175371 0.087821 
0.0109763 -0.0194447 -0.000964945 0.00107049 -0.0194447 0.0925393 0.00106546 -0.00261339 -0.000964945 0.00106546 0.00925242 -0.017555 0.00107049 -0.00261339 -0.017555 0.0879507 
0.0110581 -0.0194879 -0.000953457 0.00104426 -0.0194879 0.0926064 0.00103922 -0.00250724 -0.000953457 0.00103922 0.00916126 -0.0175204 0.00104426 -0.00250724 -0.0175204 0.0879198 
0.011105 -0.0196045 -0.000951133 0.0010422 -0.0196045 0.0928569 0.00103714 -0.0024689 -0.000951133 0.00103714 0.00909142 -0.0173784 0.0010422 -0.0024689 -0.0173784 0.0876611 
0.0111205 -0.0196751 -0.000962833 0.00105357 -0.0196751 0.0930973 0.00104853 -0.00250034 -0.000962833 0.00104853 0.0090839 -0.0172856 0.00105357 -0.00250034 -0.0172856 0.0873758 
0.0111231 -0.0196895 -0.000946221 0.00105192 -0.0196895 0.0931827 0.00106198 -0.00252661 -0.000946221 0.00106198 0.00908473 -0.0172736 0.00105192 -0.00252661 -0.0172736 0.0872537 
0.0110976 -0.0196812 -0.000981556 0.00109173 -0.0196812 0.0931827 0.00109674 -0.00264419 -0.000981556 0.00109674 0.00917454 -0.0173275 0.00109173 -0.00264419 -0.0173275 0.0873735 
0.0110976 -0.0196466 -0.000987566 0.00110727 -0.0196466 0.0931254 0.00110727 -0.00268339 -0.000987566 0.00110727 0.00922227 -0.017432 0.00110727 -0.00268339 -0.017432 0.0875691 
0.011129 -0.0196444 -0.000969476 0.00108941 -0.0196444 0.0930847 0.00108441 -0.00265357 -0.000969476 0.00108441 0.00919503 -0.0174856 0.00108941 -0.00265357 -0.0174856 0.0877226 
0.0111527 -0.0196857 -0.000950346 0.00107605 -0.0196857 0.093149 0.001066 -0.00259459 -0.000950346 0.001066 0.00913136 -0.0174431 0.00107605 -0.00259459 -0.0174431 0.0877184 
0.0111858 -0.0197118 -0.000947344 0.00104866 -0.0197118 0.0932095 0.00103853 -0.00252794 -0.000947344 0.00103853 0.00904789 -0.0173764 0.00104866 -0.00252794 -0.0173764 0.0875812 
0.0111755 -0.019737 -0.000982796 0.00106892 -0.019737 0.0932896 0.00106385 -0.00256338 -0.000982796 0.00106385 0.00905287 -0.0172851 0.00106892 -0.00256338 -0.0172851 0.0874233 
0.0112082 -0.0197277 -0.000966748 0.0011027 -0.0197277 0.0932761 0.00109766 -0.00263842 -0.000966748 0.00109766 0.00906326 -0.0172857 0.0011027 -0.00263842 -0.0172857 0.0873648 
0.0112305 -0.0197688 -0.000947577 0.00109297 -0.0197688 0.0933289 0.00109799 -0.00267728 -0.000947577 0.00109799 0.00908972 -0.0173021 0.00109297 -0.00267728 -0.0173021 0.0873727 
0.0112753 -0.0197846 -0.000905241 0.00102594 -0.0197846 0.0933606 0.00102091 -0.0025045 -0.000905241 0.00102091 0.0090323 -0.0173203 0.00102594 -0.0025045 -0.0173203 0.087386 
0.0112948 -0.0198241 -0.000884777 0.000975782 -0.0198241 0.0934223 0.000970727 -0.00235603 -0.000884777 0.000970727 0.00896911 -0.0172607 0.000975782 -0.00235603 -0.0172607 0.0872997 
0.0112705 -0.0198335 -0.00088565 0.00094638 -0.0198335 0.0934639 0.000956502 -0.0022622 -0.00088565 0.000956502 0.00894759 -0.0171867 0.00094638 -0.0022622 -0.0171867 0.087148 
0.0112299 -0.0198144 -0.000912173 0.00098312 -0.0198144 0.0934572 0.00098312 -0.00231591 -0.000912173 0.00098312 0.00895957 -0.0171539 0.00098312 -0.00231591 -0.0171539 0.0870314 
0.011179 -0.019761 -0.000913303 0.00100004 -0.019761 0.0933354 0.000989836 -0.00235214 -0.000913303 0.000989836 0.00894934 -0.0171538 0.00100004 -0.00235214 -0.0171538 0.0869729 
0.0111608 -0.0196947 -0.000892661 0.000999781 -0.0196947 0.0931683 0.000989579 -0.00235152 -0.000892661 0.000989579 0.00891641 -0.0171391 0.000999781 -0.00235152 -0.0171391 0.0869197 
0.0111636 -0.0196748 -0.000853659 0.00100102 -0.0196748 0.0930691 0.000995935 -0.0024187 -0.000853659 0.000995935 0.00892785 -0.0171189 0.00100102 -0.0024187 -0.0171189 0.0868801 
0.0111587 -0.0196919 -0.00082807 0.000944201 -0.0196919 0.0930871 0.00094925 -0.00234788 -0.00082807 0.00094925 0.00894719 -0.0170966 0.000944201 -0.00234788 -0.0170966 0.086816 
0.0111399 -0.0196614 -0.00079715 0.00089301 -0.0196614 0.0930295 0.00089301 -0.00219973 -0.00079715 0.00089301 0.00896037 -0.0171387 0.00089301 -0.00219973 -0.0171387 0.0868591 
0.011112 -0.0196398 -0.00079587 0.00086639 -0.0196398 0.0929555 0.000871427 -0.0021156 -0.00079587 0.000871427 0.00899131 -0.0171767 0.00086639 -0.0021156 -0.0171767 0.0869815 
0.0110812 -0.0196037 -0.000800563 0.000861366 -0.0196037 0.0928755 0.000861366 -0.00205208 -0.000800563 0.000861366 0.00897847 -0.017202 0.000861366 -0.00205208 -0.017202 0.0870486 
0.0110924 -0.0195973 -0.000808292 0.000874379 -0.0195973 0.0928774 0.000874379 -0.00208428 -0.000808292 0.000874379 0.00894205 -0.0171673 0.000874379 -0.00208428 -0.0171673 0.0870007 
0.0110961 -0.0196167 -0.000839844 0.000921284 -0.0196167 0.0929377 0.000936554 -0.00220904 -0.000839844 0.000936554 0.00893289 -0.0171277 0.000921284 -0.00220904 -0.0171277 0.0869213 
0.011065 -0.0196019 -0.000861344 0.000937795 -0.0196019 0.0929181 0.000942891 -0.00226294 -0.000861344 0.000942891 0.00896002 -0.0171198 0.000937795 -0.00226294 -0.0171198 0.0868785 
0.0110194 -0.0195684 -0.000888081 0.000979952 -0.0195684 0.0928402 0.000974848 -0.0023427 -0.000888081 0.000974848 0.00900331 -0.0171594 0.000979952 -0.0023427 -0.0171594 0.0869248 
0.0110162 -0.0195306 -0.000881502 0.000988505 -0.0195306 0.0927666 0.000988505 -0.00238464 -0.000881502 0.000988505 0.00901883 -0.0171765 0.000988505 -0.00238464 -0.0171765 0.0869579 
0.0110281 -0.0195167 -0.000859989 0.000986458 -0.0195167 0.0927118 0.00097634 -0.00238773 -0.000859989 0.00097634 0.00903494 -0.0172099 0.000986458 -0.00238773 -0.0172099 0.0870056 
0.0109933 -0.0195318 -0.000840187 0.000936353 -0.0195318 0.0927293 0.000931292 -0.00227255 -0.000840187 0.000931292 0.00905985 -0.0172087 0.000936353 -0.00227255 -0.0172087 0.0870049 
0.0110442 -0.0195105 -0.000788508 0.000889599 -0.0195105 0.0927255 0.00087949 -0.00211785 -0.000788508 0.00087949 0.00900719 -0.017241 0.000889599 -0.00211785 -0.017241 0.0870392 
0.0110859 -0.0195787 -0.00076385 0.00084928 -0.0195787 0.0928429 0.00084928 -0.00201516 -0.00076385 0.00084928 0.00899031 -0.0171766 0.00084928 -0.00201516 -0.0171766 0.0869733 
0.0110895 -0.0196249 -0.00078237 0.000858083 -0.0196249 0.0929405 0.000863131 -0.00206445 -0.00078237 0.000863131 0.00898464 -0.0171667 0.000858083 -0.00206445 -0.0171667 0.086939 
0.0110604 -0.0196248 -0.000783172 0.000864016 -0.0196248 0.0930055 0.000874121 -0.00208172 -0.000783172 0.000874121 0.0089989 -0.017154 0.000864016 -0.00208172 -0.017154 0.0869018 
0.0110449 -0.0195601 -0.00079401 0.000885627 -0.0195601 0.0928636 0.000880537 -0.00212245 -0.00079401 0.000880537 0.00897333 -0.0172086 0.000885627 -0.00212245 -0.0172086 0.0870205 
0.011037 -0.0195231 -0.000792377 0.000853722 -0.0195231 0.0927285 0.000858834 -0.00206529 -0.000792377 0.000858834 0.0089513 -0.0171818 0.000853722 -0.00206529 -0.0171818 0.0870439 
0.011015 -0.0194928 -0.000799598 0.000861106 -0.0194928 0.0926099 0.000866231 -0.0020605 -0.000799598 0.000866231 0.00892372 -0.0171452 0.000861106 -0.0020605 -0.0171452 0.0869768 
0.0109903 -0.0194767 -0.000831195 0.000897896 -0.0194767 0.0925398 0.000897896 -0.0021293 -0.000831195 0.000897896 0.00892766 -0.0171113 0.000897896 -0.0021293 -0.0171113 0.0868753 
0.0109418 -0.0194401 -0.000875957 0.000952796 -0.0194401 0.092457 0.000947673 -0.00225905 -0.000875957 0.000947673 0.00897984 -0.0171093 0.000952796 -0.00225905 -0.0171093 0.0868376 
0.0108903 -0.0193969 -0.00092074 0.00102304 -0.0193969 0.0923706 0.00102816 -0.00245531 -0.00092074 0.00102816 0.00904371 -0.0171564 0.00102304 -0.00245531 -0.0171564 0.0868871 
0.0108687 -0.0193779 -0.000938705 0.00108585 -0.0193779 0.0923686 0.00107571 -0.00261823 -0.000938705 0.00107571 0.00912827 -0.0172164 0.00108585 -0.00261823 -0.0172164 0.0870002 
0.0109099 -0.0193624 -0.000928505 0.00109503 -0.0193624 0.0923408 0.00109503 -0.00267954 -0.000928505 0.00109503 0.00916899 -0.0173338 0.00109503 -0.00267954 -0.0173338 0.087229 
0.0109535 -0.0193758 -0.000894269 0.00105089 -0.0193758 0.0923169 0.00105089 -0.00261207 -0.000894269 0.00105089 0.00913973 -0.0174054 0.00105089 -0.00261207 -0.0174054 0.0874767 
0.0110096 -0.0194263 -0.000800146 0.000941944 -0.0194263 0.0923865 0.000941944 -0.00232954 -0.000800146 0.000941944 0.00905482 -0.0173601 0.000941944 -0.00232954 -0.0173601 0.0874792 
0.011054 -0.0195318 -0.00081488 0.000875617 -0.0195318 0.0926231 0.000890801 -0.00218651 -0.00081488 0.000890801 0.00900924 -0.0172441 0.000875617 -0.00218651 -0.0172441 0.0872782 
0.0109979 -0.0195568 -0.0008417 0.000887334 -0.0195568 0.0927492 0.000892404 -0.00211439 -0.0008417 0.000892404 0.00904574 -0.0171991 0.000887334 -0.00211439 -0.0171991 0.0871108 
0.0109715 -0.0194887 -0.000835012 0.000905861 -0.0194887 0.0926812 0.000905861 -0.00211536 -0.000835012 0.000905861 0.00906367 -0.0172367 0.000905861 -0.00211536 -0.0172367 0.0871044 
0.0109866 -0.0194658 -0.00083583 0.000941567 -0.0194658 0.092621 0.000931497 -0.00221545 -0.00083583 0.000931497 0.00906322 -0.0172604 0.000941567 -0.00221545 -0.0172604 0.087163 
0.0110243 -0.0194741 -0.00081248 0.000934352 -0.0194741 0.092577 0.000929274 -0.0022394 -0.00081248 0.000929274 0.00900837 -0.0172753 0.000934352 -0.0022394 -0.0172753 0.0872349 
0.0110477 -0.0195413 -0.000800705 0.000902061 -0.0195413 0.0927045 0.000902061 -0.00219434 -0.000800705 0.000902061 0.00900033 -0.0172 0.000902061 -0.00219434 -0.0172 0.0871401 
0.0110806 -0.0195685 -0.000821909 0.000903086 -0.0195685 0.0927946 0.000903086 -0.00218161 -0.000821909 0.000903086 0.00897505 -0.0171891 0.000903086 -0.00218161 -0.0171891 0.0870615 
0.0111076 -0.0195984 -0.000813 0.0008943 -0.0195984 0.0928852 0.0008943 -0.00213921 -0.000813 0.0008943 0.00893284 -0.0171543 0.0008943 -0.00213921 -0.0171543 0.0869605 
0.0110931 -0.0196363 -0.000822836 0.000883787 -0.0196363 0.0929805 0.000883787 -0.00211296 -0.000822836 0.000883787 0.00896485 -0.0171069 0.000883787 -0.00211296 -0.0171069 0.08686 
0.0110483 -0.0195967 -0.000865532 0.000916446 -0.0195967 0.0929327 0.000921537 -0.00216892 -0.000865532 0.000921537 0.00898117 -0.0171426 0.000916446 -0.00216892 -0.0171426 0.0868841 
0.0110523 -0.0195796 -0.000927321 0.00102812 -0.0195796 0.0929085 0.00102812 -0.00243926 -0.000927321 0.00102812 0.0090565 -0.0171857 0.00102812 -0.00243926 -0.0171857 0.0869918 
0.0110821 -0.0195706 -0.00094316 0.00109868 -0.0195706 0.0928661 0.00108865 -0.00263382 -0.00094316 0.00108865 0.0091055 -0.0172929 0.00109868 -0.00263382 -0.0172929 0.0872272 
0.0110849 -0.0196129 -0.000957581 0.00109295 -0.0196129 0.0929304 0.00108793 -0.00270228 -0.000957581 0.00108793 0.00915467 -0.0173518 0.00109295 -0.00270228 -0.0173518 0.0874056 
0.0110762 -0.0196018 -0.00093892 0.00105942 -0.0196018 0.092933 0.00105942 -0.00260086 -0.00093892 0.00105942 0.00916326 -0.0174077 0.00105942 -0.00260086 -0.0174077 0.0875656 
0.0110656 -0.0195765 -0.000932215 0.00102292 -0.0195765 0.0928638 0.00102796 -0.00248927 -0.000932215 0.00102796 0.00914579 -0.0174349 0.00102292 -0.00248927 -0.0174349 0.0876786 
0.0110684 -0.0195661 -0.000922785 0.000993769 -0.0195661 0.0928008 0.000998839 -0.00239823 -0.000922785 0.000998839 0.00907574 -0.0173859 0.000993769 -0.00239823 -0.0173859 0.087624 
0.0110598 -0.0195829 -0.000948704 0.00101973 -0.0195829 0.092836 0.00102988 -0.00241996 -0.000948704 0.00102988 0.00907103 -0.01731 0.00101973 -0.00241996 -0.01731 0.0874634 
0.011053 -0.0195744 -0.000956947 0.00104809 -0.0195744 0.0928593 0.00106327 -0.00250629 -0.000956947 0.00106327 0.0090986 -0.0173061 0.00104809 -0.00250629 -0.0173061 0.087386 
0.0110431 -0.019551 -0.000957642 0.00106853 -0.019551 0.0928056 0.00106853 -0.00255539 -0.000957642 0.00106853 0.00914296 -0.0173484 0.00106853 -0.00255539 -0.0173484 0.0874529 
0.0110058 -0.0195308 -0.000937198 0.00105748 -0.0195308 0.0927274 0.00105247 -0.00254096 -0.000937198 0.00105247 0.00922664 -0.0174108 0.00105748 -0.00254096 -0.0174108 0.0875954 
0.0110105 -0.0195192 -0.000978708 0.00106859 -0.0195192 0.0927326 0.0010586 -0.00258159 -0.000978708 0.0010586 0.00926777 -0.0174919 0.00106859 -0.00258159 -0.0174919 0.0877592 
0.0109723 -0.0195413 -0.0009993 0.00107425 -0.0195413 0.09279 0.00106426 -0.0025682 -0.0009993 0.00106426 0.00930349 -0.0175227 0.00107425 -0.0025682 -0.0175227 0.0878335 
0.0109614 -0.019541 -0.00102795 0.00112322 -0.019541 0.0928711 0.00110817 -0.00264257 -0.00102795 0.00110817 0.00931669 -0.0175503 0.00112322 -0.00264257 -0.0175503 0.0878818 
0.0109938 -0.0195076 -0.00100311 0.00113416 -0.0195076 0.09282 0.00113416 -0.00269679 -0.00100311 0.00113416 0.00925478 -0.0175619 0.00113416 -0.00269679 -0.0175619 0.0879204 
0.0110046 -0.0195042 -0.000974703 0.00108581 -0.0195042 0.0927382 0.00108581 -0.00263624 -0.000974703 0.00108581 0.0092016 -0.0175144 0.00108581 -0.00263624 -0.0175144 0.087895 
0.0109731 -0.0195178 -0.000952213 0.00105801 -0.0195178 0.0927123 0.00106305 -0.00255435 -0.000952213 0.00106305 0.00921984 -0.0174472 0.00105801 -0.00255435 -0.0174472 0.0877547 
0.010926 -0.0194559 -0.000907977 0.00101895 -0.0194559 0.0925985 0.00102904 -0.00246667 -0.000907977 0.00102904 0.00922101 -0.0174634 0.00101895 -0.00246667 -0.0174634 0.0877156 
0.010916 -0.0194174 -0.000909242 0.00101027 -0.0194174 0.0924851 0.00102037 -0.00246506 -0.000909242 0.00102037 0.00920861 -0.0174575 0.00101027 -0.00246506 -0.0174575 0.0877116 
0.0108898 -0.0193806 -0.000962665 0.00102888 -0.0193806 0.09237 0.00103907 -0.00251617 -0.000962665 0.00103907 0.0091937 -0.0174604 0.00102888 -0.00251617 -0.0174604 0.0877298 
0.0108955 -0.0193686 -0.000982168 0.00108395 -0.0193686 0.0923493 0.00109921 -0.00262081 -0.000982168 0.00109921 0.00919065 -0.0174246 0.00108395 -0.00262081 -0.0174246 0.0876776 
0.0108725 -0.0193493 -0.00099397 0.00110101 -0.0193493 0.0922761 0.00111121 -0.00267098 -0.00099397 0.00111121 0.00920059 -0.0174327 0.00110101 -0.00267098 -0.0174327 0.087663 
0.0108672 -0.019358 -0.000953619 0.00108111 -0.019358 0.0922818 0.00108111 -0.00260588 -0.000953619 0.00108111 0.00918942 -0.0174048 0.00108111 -0.00260588 -0.0174048 0.0875545 
0.010869 -0.0193497 -0.000894313 0.00102135 -0.0193497 0.0922769 0.00102643 -0.00248477 -0.000894313 0.00102643 0.00917179 -0.0173781 0.00102135 -0.00248477 -0.0173781 0.08747 
0.0108821 -0.0193675 -0.000848026 0.000949586 -0.0193675 0.0923078 0.000949586 -0.00230033 -0.000848026 0.000949586 0.0091404 -0.0173464 0.000949586 -0.00230033 -0.0173464 0.0873416 
