0.0087996 0 -0.000719166 0 0 0.00999369 0 0 -0.000719166 0 0.00565834 0 0 0 0 0.00999369 
0.0121143 -0.0150175 -0.000891392 0.00109567 -0.0150175 0.0379708 0.00109567 -0.00209849 -0.000891392 0.00109567 0.00827633 -0.0103253 0.00109567 -0.00209849 -0.0103253 0.0289826 
0.0119274 -0.0217904 -0.000834661 0.00131889 -0.0217904 0.0787193 0.00131889 -0.00411596 -0.000834661 0.00131889 0.00854412 -0.0165467 0.00131889 -0.00411596 -0.0165467 0.0622491 
0.0112509 -0.0207328 -0.000853559 0.000964893 -0.0207328 0.0905886 0.000977263 -0.00316064 -0.000853559 0.000977263 0.0080717 -0.0169784 0.000964893 -0.00316064 -0.0169784 0.0784903 
0.0113771 -0.020023 -0.000956788 0.000945191 -0.020023 0.0925011 0.000979983 -0.00248185 -0.000956788 0.000979983 0.00795004 -0.0163524 0.000945191 -0.00248185 -0.0163524 0.0831652 
0.01166 -0.0201334 -0.000947059 0.00104177 -0.0201334 0.0934915 0.00106405 -0.00248464 -0.000947059 0.00106405 0.00796644 -0.0160777 0.00104177 -0.00248464 -0.0160777 0.084032 
0.0117725 -0.0203852 -0.00087742 0.00102276 -0.0203852 0.0944706 0.00103891 -0.0024923 -0.00087742 0.00103891 0.00805826 -0.0159927 0.00102276 -0.0024923 -0.0159927 0.0840654 
0.0117743 -0.0204361 -0.000848883 0.000969404 -0.0204361 0.0949072 0.000985124 -0.00242089 -0.000848883 0.000985124 0.00815347 -0.0160554 0.000969404 -0.00242089 -0.0160554 0.0841128 
0.0116985 -0.0203831 -0.00091144 0.000983941 -0.0203831 0.0948467 0.000994298 -0.00243914 -0.00091144 0.000994298 0.0082651 -0.0161988 0.000983941 -0.00243914 -0.0161988 0.0843807 
0.0116592 -0.0202935 -0.000926386 0.00105946 -0.0202935 0.0946858 0.00106458 -0.0025386 -0.000926386 0.00106458 0.00836306 -0.0163371 0.00105946 -0.0025386 -0.0163371 0.0847105 
0.011618 -0.0202223 -0.000899559 0.00106219 -0.0202223 0.0944385 0.00105711 -0.00259703 -0.000899559 0.00105711 0.00844671 -0.0164818 0.00106219 -0.00259703 -0.0164818 0.0851075 
0.0115811 -0.0201541 -0.000877589 0.00101963 -0.0201541 0.0942216 0.00101963 -0.00252117 -0.000877589 0.00101963 0.00849182 -0.0166032 0.00101963 -0.00252117 -0.0166032 0.0854762 
0.0115514 -0.0200875 -0.000882685 0.000989831 -0.0200875 0.0939881 0.000979627 -0.00242356 -0.000882685 0.000979627 0.0084901 -0.0166843 0.000989831 -0.00242356 -0.0166843 0.0857939 
0.0115601 -0.0200943 -0.000943682 0.001036 -0.0200943 0.0939835 0.00102574 -0.00250281 -0.000943682 0.00102574 0.00847262 -0.016658 0.001036 -0.00250281 -0.016658 0.0858545 
0.0115908 -0.0201573 -0.000992769 0.00110023 -0.0201573 0.0941288 0.00108488 -0.00262009 -0.000992769 0.00108488 0.00845901 -0.0165854 0.00110023 -0.00262009 -0.0165854 0.0857057 
0.0116474 -0.0202078 -0.00096977 0.00114748 -0.0202078 0.0943215 0.00113224 -0.0027316 -0.00096977 0.00113224 0.00843344 -0.0165521 0.00114748 -0.0027316 -0.0165521 0.0855276 
0.0116662 -0.0202711 -0.000949335 0.00110671 -0.0202711 0.0944817 0.00110163 -0.00271601 -0.000949335 0.00110163 0.00842725 -0.0165296 0.00110671 -0.00271601 -0.0165296 0.0854401 
0.0116729 -0.0203018 -0.000909641 0.00105701 -0.0203018 0.0945925 0.00106209 -0.00261712 -0.000909641 0.00106209 0.00841545 -0.0165107 0.00105701 -0.00261712 -0.0165107 0.085369 
0.0116746 -0.0203224 -0.000880044 0.00101231 -0.0203224 0.0946887 0.00101739 -0.00250279 -0.000880044 0.00101739 0.00839349 -0.0164868 0.00101231 -0.00250279 -0.0164868 0.085288 
0.0116738 -0.0203094 -0.000866617 0.000958377 -0.0203094 0.0946907 0.000968572 -0.00237555 -0.000866617 0.000968572 0.0083756 -0.0164759 0.000958377 -0.00237555 -0.0164759 0.0852497 
0.0116957 -0.0203096 -0.000845597 0.00095257 -0.0203096 0.0946661 0.000962758 -0.00231775 -0.000845597 0.000962758 0.00833881 -0.0164484 0.00095257 -0.00231775 -0.0164484 0.0852066 
0.0117184 -0.0203157 -0.000842869 0.000980793 -0.0203157 0.0946516 0.000991009 -0.0024009 -0.000842869 0.000991009 0.00831631 -0.0164385 0.000980793 -0.0024009 -0.0164385 0.0852115 
0.0117252 -0.0203278 -0.00085769 0.000950136 -0.0203278 0.0946541 0.000955272 -0.00235223 -0.00085769 0.000955272 0.00829443 -0.016404 0.000950136 -0.00235223 -0.016404 0.0851579 
0.011718 -0.0203328 -0.000833689 0.00094176 -0.0203328 0.09467 0.000936614 -0.00226434 -0.000833689 0.000936614 0.00825455 -0.0163547 0.00094176 -0.00226434 -0.0163547 0.0850209 
0.0116979 -0.0203399 -0.000845134 0.000937893 -0.0203399 0.0946757 0.000927586 -0.00225713 -0.000845134 0.000927586 0.00825037 -0.0162998 0.000937893 -0.00225713 -0.0162998 0.0848845 
0.0117097 -0.0203063 -0.000871008 0.000974086 -0.0203063 0.0946255 0.000963778 -0.00232956 -0.000871008 0.000963778 0.00823592 -0.0163018 0.000974086 -0.00232956 -0.0163018 0.0848434 
0.011736 -0.0203387 -0.00086438 0.000977572 -0.0203387 0.0946753 0.000967282 -0.00233074 -0.00086438 0.000967282 0.00820132 -0.0162637 0.000977572 -0.00233074 -0.0162637 0.0847298 
0.011753 -0.0203845 -0.000891855 0.00100974 -0.0203845 0.094798 0.000999493 -0.00243466 -0.000891855 0.000999493 0.00822147 -0.0162328 0.00100974 -0.00243466 -0.0162328 0.0846545 
0.0117918 -0.0204006 -0.000863434 0.00103714 -0.0204006 0.09485 0.00102692 -0.00251367 -0.000863434 0.00102692 0.00822051 -0.0162673 0.00103714 -0.00251367 -0.0162673 0.0846932 
0.0117918 -0.0204249 -0.000838257 0.000991597 -0.0204249 0.0948815 0.000976263 -0.00244321 -0.000838257 0.000976263 0.00821901 -0.0162693 0.000991597 -0.00244321 -0.0162693 0.0847151 
0.0117828 -0.0204038 -0.000823723 0.000946514 -0.0204038 0.0948612 0.000936282 -0.00233815 -0.000823723 0.000936282 0.00820653 -0.0162852 0.000946514 -0.00233815 -0.0162852 0.0847667 
0.0118022 -0.0203899 -0.000794676 0.000943358 -0.0203899 0.0948126 0.000943358 -0.00231225 -0.000794676 0.000943358 0.00817747 -0.016278 0.000943358 -0.00231225 -0.016278 0.0847996 
0.0118339 -0.0204319 -0.000751438 0.000884345 -0.0204319 0.0948907 0.000889457 -0.00219808 -0.000751438 0.000889457 0.00811757 -0.0162045 0.000884345 -0.00219808 -0.0162045 0.0846415 
0.01183 -0.0204962 -0.000764214 0.000845731 -0.0204962 0.0950377 0.00085592 -0.00211433 -0.000764214 0.00085592 0.00814653 -0.0161402 0.000845731 -0.00211433 -0.0161402 0.0844661 
0.0117997 -0.0204633 -0.000769988 0.000856675 -0.0204633 0.09504 0.000871973 -0.00209579 -0.000769988 0.000871973 0.00816901 -0.0161748 0.000856675 -0.00209579 -0.0161748 0.0844437 
0.011724 -0.0204047 -0.000786368 0.000873175 -0.0204047 0.0949004 0.000878281 -0.00213443 -0.000786368 0.000878281 0.00821602 -0.0162278 0.000873175 -0.00213443 -0.0162278 0.0845703 
0.0116495 -0.0203393 -0.000798824 0.000870514 -0.0203393 0.0947477 0.000885876 -0.00211484 -0.000798824 0.000885876 0.00825964 -0.0162581 0.000870514 -0.00211484 -0.0162581 0.0846395 
0.0115896 -0.0202419 -0.000824517 0.000932735 -0.0202419 0.0945515 0.000937888 -0.00224681 -0.000824517 0.000937888 0.00830701 -0.0163254 0.000932735 -0.00224681 -0.0163254 0.0848067 
0.0115912 -0.0201867 -0.000828675 0.000962499 -0.0201867 0.0944021 0.000962499 -0.0023522 -0.000828675 0.000962499 0.00830219 -0.0163522 0.000962499 -0.0023522 -0.0163522 0.0849058 
0.0115525 -0.0201835 -0.000852318 0.000949872 -0.0201835 0.0943198 0.000960141 -0.00235158 -0.000852318 0.000960141 0.00834347 -0.0163532 0.000949872 -0.00235158 -0.0163532 0.0849186 
0.0115126 -0.0201534 -0.0008907 0.000977722 -0.0201534 0.0942811 0.000977722 -0.00238544 -0.0008907 0.000977722 0.00840534 -0.0164012 0.000977722 -0.00238544 -0.0164012 0.0849851 
0.011527 -0.020101 -0.000860454 0.000997923 -0.020101 0.0941713 0.000997923 -0.00239298 -0.000860454 0.000997923 0.00841106 -0.0164657 0.000997923 -0.00239298 -0.0164657 0.0850933 
0.0115304 -0.0201109 -0.000844311 0.00096638 -0.0201109 0.0941305 0.000961294 -0.00236 -0.000844311 0.000961294 0.00841259 -0.0164742 0.00096638 -0.00236 -0.0164742 0.085194 
0.0115103 -0.0201072 -0.000808999 0.000921645 -0.0201072 0.0941051 0.000916525 -0.00223243 -0.000808999 0.000916525 0.00838697 -0.0164872 0.000921645 -0.00223243 -0.0164872 0.0852317 
0.0115136 -0.0200741 -0.000767919 0.000876149 -0.0200741 0.094052 0.000876149 -0.00214399 -0.000767919 0.000876149 0.00834403 -0.0164664 0.000876149 -0.00214399 -0.0164664 0.0852235 
0.0115631 -0.0200499 -0.000716251 0.000865685 -0.0200499 0.0939526 0.000860532 -0.00211268 -0.000716251 0.000860532 0.00826523 -0.0164171 0.000865685 -0.00211268 -0.0164171 0.0851669 
0.0115837 -0.0201026 -0.000686253 0.000825568 -0.0201026 0.0939754 0.000820408 -0.00205876 -0.000686253 0.000820408 0.00821956 -0.0163256 0.000825568 -0.00205876 -0.0163256 0.0849922 
0.0116468 -0.0201682 -0.000638461 0.000798076 -0.0201682 0.0941421 0.000787779 -0.00198747 -0.000638461 0.000787779 0.00815068 -0.0162396 0.000798076 -0.00198747 -0.0162396 0.0847403 
0.0116892 -0.0202651 -0.000667519 0.000749048 -0.0202651 0.0943903 0.00075924 -0.00193122 -0.000667519 0.00075924 0.00816819 -0.0161529 0.000749048 -0.00193122 -0.0161529 0.0844998 
0.0116668 -0.0203186 -0.000703985 0.000749897 -0.0203186 0.0945788 0.000765201 -0.00186709 -0.000703985 0.000765201 0.00820295 -0.0161559 0.000749897 -0.00186709 -0.0161559 0.0844016 
0.0116672 -0.0202989 -0.000710358 0.000802347 -0.0202989 0.0946156 0.000802347 -0.00192665 -0.000710358 0.000802347 0.00820744 -0.0162156 0.000802347 -0.00192665 -0.0162156 0.0844917 
0.0116714 -0.0202946 -0.000675123 0.000813216 -0.0202946 0.0946348 0.000802987 -0.00195376 -0.000675123 0.000802987 0.00822422 -0.0162336 0.000813216 -0.00195376 -0.0162336 0.0845745 
0.0116544 -0.020285 -0.000681632 0.000784133 -0.020285 0.0946084 0.000779008 -0.00195264 -0.000681632 0.000779008 0.00824108 -0.0162618 0.000784133 -0.00195264 -0.0162618 0.0846658 
0.0116093 -0.0202405 -0.000693168 0.000759917 -0.0202405 0.0945019 0.000754783 -0.00185358 -0.000693168 0.000754783 0.00826667 -0.016292 0.000759917 -0.00185358 -0.016292 0.0847462 
0.011575 -0.0201803 -0.000701204 0.000768231 -0.0201803 0.0943481 0.000763075 -0.00184066 -0.000701204 0.000763075 0.00827009 -0.0163288 0.000768231 -0.00184066 -0.0163288 0.0848509 
0.0115508 -0.0201506 -0.00072354 0.000795894 -0.0201506 0.0942205 0.000790726 -0.00189671 -0.00072354 0.000790726 0.00827937 -0.0163262 0.000795894 -0.00189671 -0.0163262 0.0848713 
0.0115672 -0.0201437 -0.000729694 0.000858162 -0.0201437 0.0942128 0.000847884 -0.0020452 -0.000729694 0.000847884 0.00828357 -0.0163154 0.000858162 -0.0020452 -0.0163154 0.084845 
0.0116057 -0.0201474 -0.000732725 0.000855699 -0.0201474 0.094214 0.000845451 -0.00209569 -0.000732725 0.000845451 0.00827518 -0.01633 0.000855699 -0.00209569 -0.01633 0.0848577 
0.0116435 -0.0202001 -0.00074494 0.000846986 -0.0202001 0.094291 0.000846986 -0.00209195 -0.00074494 0.000846986 0.00827597 -0.0163325 0.000846986 -0.00209195 -0.0163325 0.0848925 
0.011618 -0.0202353 -0.000759146 0.000810439 -0.0202353 0.0943598 0.000815569 -0.00198506 -0.000759146 0.000815569 0.00828905 -0.016337 0.000810439 -0.00198506 -0.016337 0.0849063 
0.0115854 -0.0202167 -0.000837439 0.000873403 -0.0202167 0.094384 0.000868265 -0.00206534 -0.000837439 0.000868265 0.00832302 -0.0163635 0.000873403 -0.00206534 -0.0163635 0.0849564 
0.0115332 -0.0201819 -0.000874582 0.000981987 -0.0201819 0.0943423 0.000966643 -0.00228619 -0.000874582 0.000966643 0.00839803 -0.016392 0.000981987 -0.00228619 -0.016392 0.0850237 
0.0114929 -0.0200985 -0.000884069 0.00101694 -0.0200985 0.0941611 0.00101183 -0.00243758 -0.000884069 0.00101183 0.00845232 -0.0164907 0.00101694 -0.00243758 -0.0164907 0.0852079 
0.0114642 -0.0200291 -0.000831993 0.000980017 -0.0200291 0.0939489 0.000990225 -0.00240921 -0.000831993 0.000990225 0.00846285 -0.0165582 0.000980017 -0.00240921 -0.0165582 0.0853942 
0.0114403 -0.0200369 -0.000809573 0.000951249 -0.0200369 0.0939307 0.000961368 -0.002368 -0.000809573 0.000961368 0.00852582 -0.0165608 0.000951249 -0.002368 -0.0165608 0.0854656 
0.0114272 -0.0199607 -0.000810042 0.000901745 -0.0199607 0.0937662 0.00090684 -0.00223144 -0.000810042 0.00090684 0.00850799 -0.0166543 0.000901745 -0.00223144 -0.0166543 0.0856352 
0.0114397 -0.0199591 -0.000810888 0.000893004 -0.0199591 0.0936987 0.000893004 -0.00215553 -0.000810888 0.000893004 0.00844761 -0.0166283 0.000893004 -0.00215553 -0.0166283 0.0856719 
0.0114355 -0.0199709 -0.000830831 0.000908237 -0.0199709 0.0936981 0.000913398 -0.00218287 -0.000830831 0.000913398 0.00840119 -0.0165495 0.000908237 -0.00218287 -0.0165495 0.0855446 
0.0114243 -0.0199717 -0.000801974 0.000915803 -0.0199717 0.093712 0.000920977 -0.00219896 -0.000801974 0.000920977 0.00837158 -0.0164689 0.000915803 -0.00219896 -0.0164689 0.0852939 
0.0114496 -0.0199802 -0.000741343 0.00089579 -0.0199802 0.0937902 0.00089579 -0.00218284 -0.000741343 0.00089579 0.00834011 -0.0163919 0.00089579 -0.00218284 -0.0163919 0.085064 
0.0114711 -0.0200539 -0.000684766 0.000813481 -0.0200539 0.0939519 0.000803184 -0.00201311 -0.000684766 0.000803184 0.00830986 -0.016316 0.000813481 -0.00201311 -0.016316 0.0847977 
0.0114734 -0.020081 -0.000625449 0.000738234 -0.020081 0.0940685 0.000733108 -0.00181995 -0.000625449 0.000733108 0.00832052 -0.0162924 0.000738234 -0.00181995 -0.0162924 0.0846663 
0.0115158 -0.0200552 -0.000605557 0.000677402 -0.0200552 0.0940358 0.000682534 -0.00166785 -0.000605557 0.000682534 0.00828278 -0.0163295 0.000677402 -0.00166785 -0.0163295 0.0847215 
0.0115451 -0.0200804 -0.000607093 0.000679121 -0.0200804 0.0940325 0.00068941 -0.00166693 -0.000607093 0.00068941 0.0082472 -0.0163092 0.000679121 -0.00166693 -0.0163092 0.0847769 
0.0115762 -0.0201205 -0.000587835 0.000675495 -0.0201205 0.0941103 0.000690964 -0.00166038 -0.000587835 0.000690964 0.00820391 -0.0162634 0.000675495 -0.00166038 -0.0162634 0.0847101 
0.0116169 -0.0201473 -0.000604886 0.000687605 -0.0201473 0.0941554 0.000692775 -0.00169575 -0.000604886 0.000692775 0.00815303 -0.0162285 0.000687605 -0.00169575 -0.0162285 0.0846219 
0.0116381 -0.0201872 -0.000614708 0.000697357 -0.0201872 0.0942414 0.000702523 -0.00171498 -0.000614708 0.000702523 0.00811517 -0.016158 0.000697357 -0.00171498 -0.016158 0.0844784 
0.0116775 -0.0202434 -0.000640776 0.000733048 -0.0202434 0.0943991 0.000727921 -0.0017993 -0.000640776 0.000727921 0.00810966 -0.0160912 0.000733048 -0.0017993 -0.0160912 0.0843056 
0.0116605 -0.0202631 -0.000669258 0.000756776 -0.0202631 0.0944426 0.000751628 -0.00185333 -0.000669258 0.000751628 0.00811861 -0.0161085 0.000756776 -0.00185333 -0.0161085 0.084275 
0.011644 -0.0202426 -0.000635974 0.000765238 -0.0202426 0.0944293 0.000754896 -0.00186139 -0.000635974 0.000754896 0.00811255 -0.0161217 0.000765238 -0.00186139 -0.0161217 0.0842899 
0.0116498 -0.0202484 -0.000638275 0.000742059 -0.0202484 0.0944698 0.000726492 -0.00181623 -0.000638275 0.000726492 0.00809519 -0.0161022 0.000742059 -0.00181623 -0.0161022 0.0842626 
0.0116788 -0.0202827 -0.000678159 0.000740281 -0.0202827 0.0945696 0.000729927 -0.00180152 -0.000678159 0.000729927 0.00810685 -0.0160687 0.000740281 -0.00180152 -0.0160687 0.0841901 
0.0116802 -0.0202878 -0.00067764 0.000765578 -0.0202878 0.0945799 0.000760405 -0.00181049 -0.00067764 0.000760405 0.00812133 -0.0160927 0.000765578 -0.00181049 -0.0160927 0.0842032 
0.0117051 -0.020265 -0.00070987 0.000813501 -0.020265 0.0945112 0.000808319 -0.00194826 -0.00070987 0.000808319 0.00811947 -0.0161405 0.000813501 -0.00194826 -0.0161405 0.0843347 
0.0117149 -0.0203217 -0.000712497 0.000820921 -0.0203217 0.0946072 0.000815758 -0.00199293 -0.000712497 0.000815758 0.00813176 -0.016119 0.000820921 -0.00199293 -0.016119 0.0843173 
0.0117438 -0.0203534 -0.000725622 0.000833694 -0.0203534 0.0947066 0.000833694 -0.00205336 -0.000725622 0.000833694 0.00813109 -0.0161284 0.000833694 -0.00205336 -0.0161284 0.084306 
0.0117625 -0.0203768 -0.000733236 0.000835786 -0.0203768 0.0947925 0.000830658 -0.00205614 -0.000733236 0.000830658 0.00813738 -0.0161312 0.000835786 -0.00205614 -0.0161312 0.0843118 
0.0117672 -0.0204006 -0.000747614 0.000839785 -0.0204006 0.0948599 0.000844906 -0.00206362 -0.000747614 0.000844906 0.00815206 -0.0161403 0.000839785 -0.00206362 -0.0161403 0.0843472 
0.0117615 -0.0204195 -0.000759298 0.000851025 -0.0204195 0.0949326 0.000856121 -0.00207405 -0.000759298 0.000856121 0.00818411 -0.0161542 0.000851025 -0.00207405 -0.0161542 0.0843789 
0.0117363 -0.0203704 -0.000728425 0.000850678 -0.0203704 0.0948277 0.000855772 -0.00206812 -0.000728425 0.000855772 0.00819096 -0.0162189 0.000850678 -0.00206812 -0.0162189 0.0845024 
0.011751 -0.0203145 -0.000707214 0.000825083 -0.0203145 0.0946436 0.000835332 -0.00205502 -0.000707214 0.000835332 0.00814321 -0.0162659 0.000825083 -0.00205502 -0.0162659 0.0846811 
0.0117463 -0.0203516 -0.00068884 0.000786511 -0.0203516 0.0946743 0.000791652 -0.00196885 -0.00068884 0.000791652 0.008117 -0.0161826 0.000786511 -0.00196885 -0.0161826 0.0846039 
0.011733 -0.0203451 -0.0006987 0.000776333 -0.0203451 0.0946712 0.00079186 -0.00192013 -0.0006987 0.00079186 0.00808939 -0.0161477 0.000776333 -0.00192013 -0.0161477 0.0844806 
0.0117065 -0.0203255 -0.00070052 0.000783545 -0.0203255 0.094648 0.000793923 -0.00191475 -0.00070052 0.000793923 0.00810009 -0.0161068 0.000783545 -0.00191475 -0.0161068 0.0843841 
0.0117299 -0.0203324 -0.000681188 0.000805041 -0.0203324 0.0946903 0.000805041 -0.00195068 -0.000681188 0.000805041 0.00810717 -0.0160905 0.000805041 -0.00195068 -0.0160905 0.0842816 
0.0117082 -0.0203455 -0.000698381 0.000795949 -0.0203455 0.0946923 0.000795949 -0.00196677 -0.000698381 0.000795949 0.00814436 -0.0161039 0.000795949 -0.00196677 -0.0161039 0.0842577 
0.0116831 -0.0203146 -0.00072314 0.000820584 -0.0203146 0.094639 0.000820584 -0.00201556 -0.00072314 0.000820584 0.00820071 -0.0161706 0.000820584 -0.00201556 -0.0161706 0.084392 
0.0116822 -0.020283 -0.000730456 0.000807617 -0.020283 0.0945632 0.000797329 -0.00195989 -0.000730456 0.000797329 0.00820477 -0.0162398 0.000807617 -0.00195989 -0.0162398 0.084558 
0.011697 -0.0202872 -0.000725279 0.000823011 -0.0202872 0.0945692 0.000817868 -0.0019598 -0.000725279 0.000817868 0.00819411 -0.0162288 0.000823011 -0.0019598 -0.0162288 0.0846159 
0.0117059 -0.020282 -0.000647739 0.000756559 -0.020282 0.0945232 0.000761741 -0.00181367 -0.000647739 0.000761741 0.0081356 -0.0162142 0.000756559 -0.00181367 -0.0162142 0.0845947 
0.0117424 -0.0203017 -0.000658406 0.000746539 -0.0203017 0.0945409 0.000756908 -0.00183006 -0.000658406 0.000756908 0.00808233 -0.0161595 0.000746539 -0.00183006 -0.0161595 0.0845249 
0.0117603 -0.0203457 -0.000676297 0.000774385 -0.0203457 0.0946402 0.000769223 -0.00186885 -0.000676297 0.000769223 0.00807942 -0.0160969 0.000774385 -0.00186885 -0.0160969 0.0843667 
0.011769 -0.0203886 -0.000756469 0.000807929 -0.0203886 0.0947541 0.000807929 -0.00196579 -0.000756469 0.000807929 0.00810502 -0.0160814 0.000807929 -0.00196579 -0.0160814 0.0842716 
0.0117548 -0.0204089 -0.000755885 0.000874153 -0.0204089 0.0948456 0.000858727 -0.00206711 -0.000755885 0.000858727 0.00813991 -0.0160947 0.000874153 -0.00206711 -0.0160947 0.0842478 
0.0117454 -0.0204002 -0.000735374 0.000858793 -0.0204002 0.0948786 0.000838223 -0.00207242 -0.000735374 0.000838223 0.00815082 -0.0161268 0.000858793 -0.00207242 -0.0161268 0.0842851 
0.0117455 -0.0203933 -0.000716813 0.000834575 -0.0203933 0.0948855 0.000824335 -0.00202756 -0.000716813 0.000824335 0.00816655 -0.0161436 0.000834575 -0.00202756 -0.0161436 0.084333 
0.0117909 -0.020386 -0.000674933 0.000772082 -0.020386 0.0948587 0.000761856 -0.00188674 -0.000674933 0.000761856 0.00811453 -0.0161677 0.000772082 -0.00188674 -0.0161677 0.0843717 
0.0118206 -0.0203974 -0.000677517 0.000744242 -0.0203974 0.0948062 0.000754508 -0.00182724 -0.000677517 0.000754508 0.00805835 -0.0161475 0.000744242 -0.00182724 -0.0161475 0.0844279 
0.011816 -0.0204323 -0.000709884 0.000787045 -0.0204323 0.0948415 0.000802477 -0.00191874 -0.000709884 0.000802477 0.00804535 -0.0160958 0.000787045 -0.00191874 -0.0160958 0.0843784 
0.0117892 -0.0204404 -0.000711062 0.000819267 -0.0204404 0.094901 0.000834725 -0.00200437 -0.000711062 0.000834725 0.008069 -0.0160659 0.000819267 -0.00200437 -0.0160659 0.0842866 
0.0117808 -0.0204003 -0.000693291 0.000801941 -0.0204003 0.094836 0.000812289 -0.00198157 -0.000693291 0.000812289 0.00805046 -0.0160802 0.000801941 -0.00198157 -0.0160802 0.0842607 
0.0117941 -0.0204062 -0.000695605 0.000783854 -0.0204062 0.0948307 0.000799427 -0.00195185 -0.000695605 0.000799427 0.00802022 -0.0160404 0.000783854 -0.00195185 -0.0160404 0.0841786 
0.0117842 -0.0204078 -0.000717341 0.000826502 -0.0204078 0.0948346 0.0008317 -0.00203247 -0.000717341 0.0008317 0.00802071 -0.0160102 0.000826502 -0.00203247 -0.0160102 0.0841109 
0.0118098 -0.0203893 -0.000711496 0.000846525 -0.0203893 0.0947952 0.000836138 -0.00207736 -0.000711496 0.000836138 0.00797707 -0.0160009 0.000846525 -0.00207736 -0.0160009 0.0840448 
0.0118338 -0.020443 -0.000673719 0.00081772 -0.020443 0.0948864 0.000807435 -0.00203659 -0.000673719 0.000807435 0.00798692 -0.015943 0.00081772 -0.00203659 -0.015943 0.0839166 
0.011829 -0.0204651 -0.000681656 0.000799537 -0.0204651 0.0949399 0.000789286 -0.00200909 -0.000681656 0.000789286 0.00802099 -0.01596 0.000799537 -0.00200909 -0.01596 0.0839001 
0.0118324 -0.0204671 -0.000657925 0.00078543 -0.0204671 0.094986 0.000775229 -0.00195337 -0.000657925 0.000775229 0.008043 -0.0159993 0.00078543 -0.00195337 -0.0159993 0.0839645 
0.0117878 -0.020452 -0.000681049 0.000742497 -0.020452 0.0949526 0.000732256 -0.00185368 -0.000681049 0.000732256 0.00807529 -0.0160482 0.000742497 -0.00185368 -0.0160482 0.0841019 
0.0117704 -0.0204268 -0.000669816 0.000772078 -0.0204268 0.0949605 0.000751626 -0.00183049 -0.000669816 0.000751626 0.00808893 -0.0160705 0.000772078 -0.00183049 -0.0160705 0.0841617 
0.0117867 -0.0203937 -0.000619544 0.000762909 -0.0203937 0.0948772 0.000757789 -0.00184327 -0.000619544 0.000757789 0.00805919 -0.0160979 0.000762909 -0.00184327 -0.0160979 0.0842375 
0.0118374 -0.0204036 -0.000605995 0.000708706 -0.0204036 0.0948434 0.000708706 -0.00178204 -0.000605995 0.000708706 0.00800119 -0.0160794 0.000708706 -0.00178204 -0.0160794 0.0842642 
0.0118677 -0.0204575 -0.000614292 0.000665913 -0.0204575 0.0949262 0.000671075 -0.00165188 -0.000614292 0.000671075 0.0079445 -0.0159922 0.000665913 -0.00165188 -0.0159922 0.0841373 
0.0118939 -0.0205233 -0.000566374 0.0006745 -0.0205233 0.0950993 0.000669351 -0.00159614 -0.000566374 0.000669351 0.00791894 -0.0158997 0.0006745 -0.00159614 -0.0158997 0.0839006 
0.0118709 -0.0205334 -0.000543349 0.000677892 -0.0205334 0.095143 0.000672718 -0.00165592 -0.000543349 0.000672718 0.00792772 -0.0158917 0.000677892 -0.00165592 -0.0158917 0.0837999 
0.011874 -0.020519 -0.000531287 0.000655082 -0.020519 0.095157 0.000649923 -0.0016506 -0.000531287 0.000649923 0.00792803 -0.015887 0.000655082 -0.0016506 -0.015887 0.0837627 
0.0118628 -0.020501 -0.0005151 0.000602667 -0.020501 0.095072 0.000597516 -0.0015247 -0.0005151 0.000597516 0.00794284 -0.0159166 0.000602667 -0.0015247 -0.0159166 0.0837965 
0.0118414 -0.0204936 -0.000545262 0.000586414 -0.0204936 0.095071 0.000586414 -0.00145575 -0.000545262 0.000586414 0.00796803 -0.0159155 0.000586414 -0.00145575 -0.0159155 0.0838006 
0.0118243 -0.0204416 -0.000532765 0.000610352 -0.0204416 0.0949408 0.000610352 -0.00145347 -0.000532765 0.000610352 0.0079501 -0.0159571 0.000610352 -0.00145347 -0.0159571 0.083882 
0.0118373 -0.0204462 -0.00052771 0.000594967 -0.0204462 0.0949464 0.000600141 -0.00144344 -0.00052771 0.000600141 0.00793117 -0.0159193 0.000594967 -0.00144344 -0.0159193 0.0838541 
0.0118318 -0.0204669 -0.000568094 0.000624903 -0.0204669 0.0949801 0.000635232 -0.00152352 -0.000568094 0.000635232 0.00794815 -0.0159015 0.000624903 -0.00152352 -0.0159015 0.0838042 
0.0117832 -0.0204446 -0.000595374 0.000667854 -0.0204446 0.0949336 0.000673031 -0.00162045 -0.000595374 0.000673031 0.00799354 -0.015925 0.000667854 -0.00162045 -0.015925 0.0838183 
0.0117573 -0.020425 -0.000586067 0.000678604 -0.020425 0.0949326 0.000678604 -0.00165538 -0.000586067 0.000678604 0.00804557 -0.0159523 0.000678604 -0.00165538 -0.0159523 0.0838539 
0.0117301 -0.0203455 -0.000578497 0.00066114 -0.0203455 0.094729 0.00066114 -0.00160636 -0.000578497 0.00066114 0.00806797 -0.0160585 0.00066114 -0.00160636 -0.0160585 0.0840629 
0.0116928 -0.020324 -0.000610239 0.000692983 -0.020324 0.0946439 0.000687811 -0.00168591 -0.000610239 0.000687811 0.00809859 -0.0160782 0.000692983 -0.00168591 -0.0160782 0.0842078 
0.0116746 -0.0202728 -0.000620437 0.000718673 -0.0202728 0.0945184 0.000718673 -0.00175274 -0.000620437 0.000718673 0.00812256 -0.016121 0.000718673 -0.00175274 -0.016121 0.0843226 
0.0116711 -0.0202073 -0.000623843 0.000701824 -0.0202073 0.0942887 0.000712221 -0.00173117 -0.000623843 0.000712221 0.00809437 -0.0161783 0.000701824 -0.00173117 -0.0161783 0.0844684 
0.0116639 -0.0201988 -0.000639333 0.000732894 -0.0201988 0.0942055 0.000738092 -0.00178286 -0.000639333 0.000738092 0.00807743 -0.0161289 0.000732894 -0.00178286 -0.0161289 0.0844543 
0.0116605 -0.0202369 -0.000655318 0.000738533 -0.0202369 0.0943086 0.000743734 -0.00181513 -0.000655318 0.000743734 0.00807706 -0.0160657 0.000738533 -0.00181513 -0.0160657 0.0842812 
0.0116733 -0.0202869 -0.000637854 0.000720827 -0.0202869 0.0944906 0.000720827 -0.00174762 -0.000637854 0.000720827 0.0080743 -0.016019 0.000720827 -0.00174762 -0.016019 0.0840723 
0.0116743 -0.0203078 -0.000622559 0.000735752 -0.0203078 0.0946136 0.000730607 -0.00178536 -0.000622559 0.000730607 0.00811385 -0.0160219 0.000735752 -0.00178536 -0.0160219 0.0840043 
0.0116574 -0.020257 -0.000631251 0.000734735 -0.020257 0.0945117 0.000729561 -0.00180579 -0.000631251 0.000729561 0.00813383 -0.0161176 0.000734735 -0.00180579 -0.0161176 0.0841841 
0.0116466 -0.020214 -0.000628281 0.000742514 -0.020214 0.094346 0.000742514 -0.00183811 -0.000628281 0.000742514 0.00812611 -0.016164 0.000742514 -0.00183811 -0.016164 0.0843766 
0.0116607 -0.0202061 -0.000618925 0.000754152 -0.0202061 0.0942846 0.000754152 -0.00186197 -0.000618925 0.000754152 0.00809283 -0.0161492 0.000754152 -0.00186197 -0.0161492 0.0844338 
0.0116739 -0.020242 -0.000624272 0.00071271 -0.020242 0.0943379 0.000723115 -0.00181559 -0.000624272 0.000723115 0.00808952 -0.0160958 0.00071271 -0.00181559 -0.0160958 0.0843235 
0.0117167 -0.0202677 -0.000649773 0.000738142 -0.0202677 0.0944457 0.00074334 -0.00182976 -0.000649773 0.00074334 0.00805718 -0.0160676 0.000738142 -0.00182976 -0.0160676 0.0842157 
0.0117457 -0.0203362 -0.00066642 0.000749723 -0.0203362 0.0946004 0.000744516 -0.00181704 -0.00066642 0.000744516 0.00803349 -0.0160201 0.000749723 -0.00181704 -0.0160201 0.0840835 
0.0117481 -0.0204109 -0.000712008 0.000753284 -0.0204109 0.0948261 0.000753284 -0.00181098 -0.000712008 0.000753284 0.00807459 -0.0159737 0.000753284 -0.00181098 -0.0159737 0.0839344 
0.0117358 -0.0203848 -0.000739584 0.000811488 -0.0203848 0.0948414 0.000801216 -0.00189518 -0.000739584 0.000801216 0.00813029 -0.0160551 0.000811488 -0.00189518 -0.0160551 0.084025 
0.0117116 -0.0203329 -0.000762355 0.000874917 -0.0203329 0.094706 0.000864685 -0.00208241 -0.000762355 0.000864685 0.00818636 -0.0161578 0.000874917 -0.00208241 -0.0161578 0.0843144 
0.0117011 -0.020305 -0.000774301 0.000906748 -0.020305 0.0946227 0.000891465 -0.00219046 -0.000774301 0.000891465 0.00822186 -0.01624 0.000906748 -0.00219046 -0.01624 0.0845517 
