0.00691633 0 0.00157128 0 0 0.00998503 0 0 0.00157128 0 0.00775569 0 0 0 0 0.00998503 
0.00979731 -0.0121808 0.00194231 -0.00238346 -0.0121808 0.0325474 -0.00238346 0.00456473 0.00194231 -0.00238346 0.0109002 -0.0135287 -0.00238346 0.00456473 -0.0135287 0.0351208 
0.00984058 -0.0186496 0.00168803 -0.00265708 -0.0186496 0.0689028 -0.00265708 0.0083276 0.00168803 -0.00265708 0.0109159 -0.0202626 -0.00265708 0.0083276 -0.0202626 0.0739231 
0.00923246 -0.0184832 0.00157538 -0.00185016 -0.0184832 0.0835257 -0.00185626 0.00602064 0.00157538 -0.00185626 0.0102949 -0.0196556 -0.00185016 0.00602064 -0.0196556 0.087226 
0.00920366 -0.0177536 0.00169495 -0.00178173 -0.0177536 0.0868939 -0.00177594 0.00455266 0.00169495 -0.00177594 0.010297 -0.0189164 -0.00178173 0.00455266 -0.0189164 0.0899251 
0.00934564 -0.0176302 0.00175196 -0.00197303 -0.0176302 0.0876865 -0.0019675 0.00458716 0.00175196 -0.0019675 0.0104841 -0.018835 -0.00197303 0.00458716 -0.018835 0.0907262 
0.00946212 -0.0176891 0.00172279 -0.00203555 -0.0176891 0.0880586 -0.00203025 0.00484503 0.00172279 -0.00203025 0.0106442 -0.0190037 -0.00203555 0.00484503 -0.0190037 0.0913452 
0.00950158 -0.0177895 0.00162336 -0.00197085 -0.0177895 0.0883512 -0.00196567 0.0048234 0.00162336 -0.00196567 0.0107204 -0.0190913 -0.00197085 0.0048234 -0.0190913 0.0916135 
0.0095032 -0.0178243 0.00156245 -0.00184513 -0.0178243 0.0885304 -0.00183999 0.00459484 0.00156245 -0.00183999 0.0107316 -0.0191298 -0.00184513 0.00459484 -0.0191298 0.0917015 
0.00949391 -0.0178292 0.00154659 -0.00176607 -0.0178292 0.0885996 -0.00176607 0.00436924 0.00154659 -0.00176607 0.0107342 -0.0191358 -0.00176607 0.00436924 -0.0191358 0.0916979 
0.00952584 -0.0178121 0.00159018 -0.00175784 -0.0178121 0.0885725 -0.00175784 0.00428282 0.00159018 -0.00175784 0.0106943 -0.0191533 -0.00175784 0.00428282 -0.0191533 0.0917275 
0.00954187 -0.0178669 0.00159707 -0.00181001 -0.0178669 0.0886603 -0.00181001 0.00432984 0.00159707 -0.00181001 0.0106624 -0.0190939 -0.00181001 0.00432984 -0.0190939 0.0916161 
0.00954736 -0.0178811 0.00159291 -0.00182553 -0.0178811 0.0887328 -0.00182047 0.00438936 0.00159291 -0.00182047 0.0106548 -0.0190593 -0.00182553 0.00438936 -0.0190593 0.0915343 
0.00954644 -0.0178668 0.00160957 -0.00184168 -0.0178668 0.0887234 -0.00183159 0.00445534 0.00160957 -0.00183159 0.0106514 -0.0190777 -0.00184168 0.00445534 -0.0190777 0.0915793 
0.00956247 -0.017862 0.0015737 -0.00183932 -0.017862 0.0886884 -0.0018293 0.00443041 0.0015737 -0.0018293 0.0106851 -0.0191049 -0.00183932 0.00443041 -0.0191049 0.0916804 
0.00954101 -0.0178681 0.00151492 -0.00180085 -0.0178681 0.0887033 -0.00180085 0.00439428 0.00151492 -0.00180085 0.0107198 -0.0191472 -0.00180085 0.00439428 -0.0191472 0.0918134 
0.00948996 -0.0178845 0.00144873 -0.00170113 -0.0178845 0.0887564 -0.00170617 0.00420486 0.00144873 -0.00170617 0.0107267 -0.0191516 -0.00170113 0.00420486 -0.0191516 0.0918104 
0.00943711 -0.0178375 0.00144136 -0.00166389 -0.0178375 0.0887271 -0.00166894 0.00409144 0.00144136 -0.00166894 0.0107622 -0.0191777 -0.00166389 0.00409144 -0.0191777 0.0918626 
0.00940341 -0.017744 0.00143227 -0.00165496 -0.017744 0.0885125 -0.00166002 0.00404883 0.00143227 -0.00166002 0.0107851 -0.0192421 -0.00165496 0.00404883 -0.0192421 0.0920147 
0.00940673 -0.0177074 0.00145617 -0.00164389 -0.0177074 0.0883542 -0.00164389 0.00401333 0.00145617 -0.00164389 0.0107614 -0.0192396 -0.00164389 0.00401333 -0.0192396 0.0920581 
0.00937506 -0.0176823 0.00144585 -0.00166043 -0.0176823 0.0882482 -0.00166043 0.00402591 0.00144585 -0.00166043 0.0107341 -0.019215 -0.00166043 0.00402591 -0.019215 0.0920136 
0.00937648 -0.0176671 0.00143581 -0.00165709 -0.0176671 0.0882274 -0.00166224 0.00403981 0.00143581 -0.00166224 0.0106836 -0.0191492 -0.00165709 0.00403981 -0.0191492 0.0918658 
0.00941849 -0.0176309 0.00149735 -0.00167621 -0.0176309 0.0881341 -0.00167621 0.00407811 0.00149735 -0.00167621 0.0106501 -0.0191232 -0.00167621 0.00407811 -0.0191232 0.0917983 
0.00946313 -0.0176999 0.00153801 -0.00172707 -0.0176999 0.0882033 -0.00172196 0.00416439 0.00153801 -0.00172196 0.0105975 -0.0190438 -0.00172707 0.00416439 -0.0190438 0.0916012 
0.00951843 -0.0177643 0.00157792 -0.00180697 -0.0177643 0.0883534 -0.00179679 0.00434183 0.00157792 -0.00179679 0.010567 -0.0190063 -0.00180697 0.00434183 -0.0190063 0.0914838 
0.00959225 -0.0178599 0.00160886 -0.0018474 -0.0178599 0.088604 -0.00184232 0.00448146 0.00160886 -0.00184232 0.0105363 -0.0189561 -0.0018474 0.00448146 -0.0189561 0.0913446 
0.00962162 -0.0179303 0.00164754 -0.00186552 -0.0179303 0.0888099 -0.00188073 0.00456241 0.00164754 -0.00188073 0.0105138 -0.0189289 -0.00186552 0.00456241 -0.0189289 0.0912533 
0.00965457 -0.0179777 0.0016555 -0.00190358 -0.0179777 0.0889719 -0.0019137 0.0046425 0.0016555 -0.0019137 0.0104899 -0.0189041 -0.00190358 0.0046425 -0.0189041 0.0911944 
0.00964895 -0.0179849 0.00166414 -0.00190333 -0.0179849 0.0889882 -0.00190842 0.00464127 0.00166414 -0.00190842 0.0104734 -0.0189111 -0.00190333 0.00464127 -0.0189111 0.0912121 
0.00961176 -0.0179909 0.00165544 -0.00190503 -0.0179909 0.0889916 -0.00190503 0.00463015 0.00165544 -0.00190503 0.0104879 -0.0188772 -0.00190503 0.00463015 -0.0188772 0.0911411 
0.00962938 -0.0179657 0.00167842 -0.00194717 -0.0179657 0.0890324 -0.00193196 0.00472088 0.00167842 -0.00193196 0.0104965 -0.0188734 -0.00194717 0.00472088 -0.0188734 0.0911013 
0.00965438 -0.0180026 0.00171622 -0.00196429 -0.0180026 0.0890815 -0.00195416 0.00478922 0.00171622 -0.00195416 0.0104695 -0.0188481 -0.00196429 0.00478922 -0.0188481 0.0910103 
0.00966144 -0.0179957 0.00173906 -0.00198314 -0.0179957 0.0890582 -0.00197805 0.00483072 0.00173906 -0.00197805 0.0104445 -0.0188602 -0.00198314 0.00483072 -0.0188602 0.0910616 
0.00966431 -0.0180031 0.00176223 -0.00201107 -0.0180031 0.0890508 -0.00200599 0.00487025 0.00176223 -0.00200599 0.0104413 -0.0188462 -0.00201107 0.00487025 -0.0188462 0.091067 
0.00967744 -0.0180419 0.00175907 -0.0020024 -0.0180419 0.0891551 -0.0020024 0.0048666 0.00175907 -0.0020024 0.0104125 -0.018777 -0.0020024 0.0048666 -0.018777 0.0908787 
0.00968652 -0.0180081 0.0017455 -0.00202458 -0.0180081 0.0891018 -0.00202965 0.00492191 0.0017455 -0.00202965 0.0103868 -0.0187997 -0.00202458 0.00492191 -0.0187997 0.090898 
0.00967944 -0.017987 0.00173773 -0.00200702 -0.017987 0.0889898 -0.00202227 0.00492356 0.00173773 -0.00202227 0.0103959 -0.0188152 -0.00200702 0.00492356 -0.0188152 0.0909816 
0.0096878 -0.0179902 0.00174814 -0.00201514 -0.0179902 0.0889736 -0.00203026 0.00494718 0.00174814 -0.00203026 0.0104082 -0.0187963 -0.00201514 0.00494718 -0.0187963 0.0909787 
0.00967495 -0.0179924 0.00175264 -0.00200591 -0.0179924 0.0889437 -0.00201097 0.00490839 0.00175264 -0.00201097 0.0103942 -0.018813 -0.00200591 0.00490839 -0.018813 0.0910053 
0.00962912 -0.0179883 0.00173916 -0.00200947 -0.0179883 0.0889367 -0.00200947 0.00488596 0.00173916 -0.00200947 0.0103941 -0.0187839 -0.00200947 0.00488596 -0.0187839 0.0909513 
0.00958022 -0.0179277 0.0017493 -0.00201016 -0.0179277 0.0888664 -0.00200504 0.0049052 0.0017493 -0.00200504 0.0104037 -0.0187819 -0.00201016 0.0049052 -0.0187819 0.0909379 
0.00955206 -0.0178718 0.00175394 -0.00203518 -0.0178718 0.0887196 -0.00201984 0.00492943 0.00175394 -0.00201984 0.010406 -0.018782 -0.00203518 0.00492943 -0.018782 0.090903 
0.00958104 -0.0178642 0.00175269 -0.00202863 -0.0178642 0.0887025 -0.0020133 0.00494637 0.00175269 -0.0020133 0.010368 -0.0187431 -0.00202863 0.00494637 -0.0187431 0.0907925 
0.00965166 -0.017904 0.00177349 -0.00206052 -0.017904 0.0887512 -0.00205027 0.00502317 0.00177349 -0.00205027 0.0102667 -0.0186831 -0.00206052 0.00502317 -0.0186831 0.0906374 
0.00970311 -0.0179738 0.00176093 -0.0020587 -0.0179738 0.0888579 -0.00206384 0.00504151 0.00176093 -0.00206384 0.0101754 -0.0185745 -0.0020587 0.00504151 -0.0185745 0.0904134 
0.00970453 -0.0180117 0.00171711 -0.00201619 -0.0180117 0.0889548 -0.00203166 0.00497602 0.00171711 -0.00203166 0.0101377 -0.0184861 -0.00201619 0.00497602 -0.0184861 0.0901769 
0.00966762 -0.0179836 0.0016663 -0.00196035 -0.0179836 0.0889328 -0.00198098 0.0048596 0.0016663 -0.00198098 0.0101629 -0.0184634 -0.00196035 0.0048596 -0.0184634 0.0900987 
0.00963811 -0.0179918 0.00166971 -0.00192146 -0.0179918 0.0889624 -0.00192659 0.00474199 0.00166971 -0.00192659 0.0101827 -0.0184337 -0.00192146 0.00474199 -0.0184337 0.089954 
0.00966287 -0.0179556 0.00169739 -0.0019428 -0.0179556 0.0889138 -0.00193257 0.00472918 0.00169739 -0.00193257 0.0101741 -0.0184617 -0.0019428 0.00472918 -0.0184617 0.0899516 
0.00970264 -0.0179346 0.00174648 -0.00198138 -0.0179346 0.0888098 -0.00198138 0.00482068 0.00174648 -0.00198138 0.010152 -0.0185116 -0.00198138 0.00482068 -0.0185116 0.0901222 
0.00970695 -0.0179643 0.00174162 -0.00203872 -0.0179643 0.0888019 -0.00203359 0.00494824 0.00174162 -0.00203359 0.0101526 -0.0185226 -0.00203872 0.00494824 -0.0185226 0.0902464 
0.00968006 -0.0179597 0.00172749 -0.00202903 -0.0179597 0.0887918 -0.00203414 0.00497802 0.00172749 -0.00203414 0.0102014 -0.0185475 -0.00202903 0.00497802 -0.0185475 0.0903404 
0.00967263 -0.0179576 0.00171924 -0.00200493 -0.0179576 0.0888137 -0.00201003 0.00495365 0.00171924 -0.00201003 0.0102236 -0.0185647 -0.00200493 0.00495365 -0.0185647 0.0903901 
0.00965554 -0.0179782 0.00172965 -0.00199419 -0.0179782 0.0888737 -0.00199419 0.00489899 0.00172965 -0.00199419 0.0102507 -0.0185684 -0.00199419 0.00489899 -0.0185684 0.0903541 
0.00965224 -0.0179401 0.00175634 -0.00202107 -0.0179401 0.0888404 -0.00201088 0.00492285 0.00175634 -0.00201088 0.0102682 -0.0186274 -0.00202107 0.00492285 -0.0186274 0.0904796 
0.00967949 -0.0179493 0.0017761 -0.002056 -0.0179493 0.0888508 -0.00205091 0.00499242 0.0017761 -0.00205091 0.0102749 -0.0186669 -0.002056 0.00499242 -0.0186669 0.0905963 
0.00973667 -0.0179738 0.00181574 -0.00207586 -0.0179738 0.0888949 -0.00206566 0.0050698 0.00181574 -0.00206566 0.0102416 -0.0186675 -0.00207586 0.0050698 -0.0186675 0.0906647 
0.00975396 -0.0180627 0.00179759 -0.00212442 -0.0180627 0.0890521 -0.00212442 0.00516296 0.00179759 -0.00212442 0.0102391 -0.0186193 -0.00212442 0.00516296 -0.0186193 0.0905994 
0.00974349 -0.0181052 0.00179982 -0.00208534 -0.0181052 0.0892312 -0.00209554 0.00514452 0.00179982 -0.00209554 0.0102432 -0.0185641 -0.00208534 0.00514452 -0.0185641 0.090409 
0.00970269 -0.0180779 0.00174294 -0.0020824 -0.0180779 0.0892495 -0.00207734 0.00509708 0.00174294 -0.00207734 0.0102955 -0.0185795 -0.0020824 0.00509708 -0.0185795 0.0903743 
0.00963206 -0.0180265 0.00168396 -0.00201873 -0.0180265 0.0891486 -0.00201365 0.00497581 0.00168396 -0.00201365 0.0103675 -0.0186555 -0.00201873 0.00497581 -0.0186555 0.0904927 
0.00959148 -0.017935 0.00165037 -0.00194071 -0.017935 0.088967 -0.00193562 0.00479829 0.00165037 -0.00193562 0.0103963 -0.0187551 -0.00194071 0.00479829 -0.0187551 0.0907192 
0.00957386 -0.0178774 0.00165967 -0.00187994 -0.0178774 0.0887721 -0.00187994 0.00460508 0.00165967 -0.00187994 0.0103935 -0.0187994 -0.00187994 0.00460508 -0.0187994 0.0908877 
0.00958917 -0.0178768 0.00164106 -0.00189314 -0.0178768 0.0887204 -0.00189314 0.00456309 0.00164106 -0.00189314 0.0103505 -0.0187616 -0.00189314 0.00456309 -0.0187616 0.090845 
0.00961193 -0.0178683 0.00160199 -0.00189466 -0.0178683 0.0886587 -0.00189979 0.00461598 0.00160199 -0.00189979 0.0103359 -0.0187412 -0.00189466 0.00461598 -0.0187412 0.0908204 
0.00959902 -0.0179178 0.00155271 -0.00181492 -0.0179178 0.0887408 -0.00183549 0.00448845 0.00155271 -0.00183549 0.0103085 -0.0186531 -0.00181492 0.00448845 -0.0186531 0.0905814 
0.00957166 -0.0179064 0.00149862 -0.00174497 -0.0179064 0.0887624 -0.00177063 0.00433163 0.00149862 -0.00177063 0.0103261 -0.0186301 -0.00174497 0.00433163 -0.0186301 0.0904561 
0.00952332 -0.0178396 0.00146788 -0.00169292 -0.0178396 0.088615 -0.00172361 0.00418372 0.00146788 -0.00172361 0.0103775 -0.0186886 -0.00169292 0.00418372 -0.0186886 0.0905534 
0.00950605 -0.0177978 0.00144801 -0.00169188 -0.0177978 0.0885013 -0.00170713 0.00413572 0.00144801 -0.00170713 0.0104206 -0.0187377 -0.00169188 0.00413572 -0.0187377 0.0906657 
0.00949383 -0.0177559 0.0014294 -0.0016727 -0.0177559 0.0883742 -0.0016727 0.00409558 0.0014294 -0.0016727 0.0104417 -0.0188052 -0.0016727 0.00409558 -0.0188052 0.0908529 
0.00951747 -0.0177297 0.00143727 -0.00164042 -0.0177297 0.0882677 -0.00162518 0.00400201 0.00143727 -0.00162518 0.0104062 -0.018847 -0.00164042 0.00400201 -0.018847 0.0909899 
0.00956486 -0.0177996 0.00145199 -0.00164491 -0.0177996 0.0883988 -0.00163476 0.0039752 0.00145199 -0.00163476 0.0103365 -0.0187642 -0.00164491 0.0039752 -0.0187642 0.0908611 
0.00957824 -0.0178587 0.00147084 -0.00168459 -0.0178587 0.0885453 -0.00168459 0.00407152 0.00147084 -0.00168459 0.0103009 -0.0186781 -0.00168459 0.00407152 -0.0186781 0.0906778 
0.00955995 -0.0178551 0.0014491 -0.00170512 -0.0178551 0.0885895 -0.0017 0.00413223 0.0014491 -0.0017 0.0102922 -0.0186488 -0.00170512 0.00413223 -0.0186488 0.0905763 
0.00955484 -0.017834 0.00143451 -0.00169067 -0.017834 0.0885911 -0.00168555 0.0041447 0.00143451 -0.00168555 0.0102823 -0.0186281 -0.00169067 0.0041447 -0.0186281 0.0905174 
0.00955398 -0.0178184 0.00140214 -0.001658 -0.0178184 0.0885444 -0.001658 0.00408871 0.00140214 -0.001658 0.0102857 -0.0186269 -0.001658 0.00408871 -0.0186269 0.0904737 
0.0095642 -0.0178501 0.00138098 -0.0015966 -0.0178501 0.0885984 -0.0015966 0.00394273 0.00138098 -0.0015966 0.0102521 -0.0185791 -0.0015966 0.00394273 -0.0185791 0.0903285 
0.0095294 -0.0178033 0.00136869 -0.00155393 -0.0178033 0.0884814 -0.00155908 0.0038025 0.00136869 -0.00155908 0.0102395 -0.01857 -0.00155393 0.0038025 -0.01857 0.0903132 
0.00950432 -0.0177871 0.00137101 -0.00157203 -0.0177871 0.0884046 -0.00156687 0.00378833 0.00137101 -0.00156687 0.0102311 -0.0185448 -0.00157203 0.00378833 -0.0185448 0.0902447 
0.00944975 -0.0177408 0.00131833 -0.00161186 -0.0177408 0.0883281 -0.00160157 0.00389319 0.00131833 -0.00160157 0.0102892 -0.0185545 -0.00161186 0.00389319 -0.0185545 0.0902387 
0.00941148 -0.0176627 0.00126384 -0.00153319 -0.0176627 0.088153 -0.00152283 0.00379153 0.00126384 -0.00152283 0.0103076 -0.018621 -0.00153319 0.00379153 -0.018621 0.0903492 
0.0094009 -0.0176423 0.00122191 -0.00145069 -0.0176423 0.0880658 -0.00144029 0.00360853 0.00122191 -0.00144029 0.0103004 -0.0186146 -0.00145069 0.00360853 -0.0186146 0.0903693 
0.00937378 -0.017635 0.00117497 -0.00138813 -0.017635 0.0880553 -0.00138813 0.00344173 0.00117497 -0.00138813 0.0103044 -0.0185812 -0.00138813 0.00344173 -0.0185812 0.0902753 
0.00937288 -0.0175813 0.00114877 -0.0013263 -0.0175813 0.087938 -0.00133674 0.0032792 0.00114877 -0.00133674 0.0102919 -0.0186204 -0.0013263 0.0032792 -0.0186204 0.090319 
0.00938468 -0.0175642 0.00113706 -0.0013257 -0.0175642 0.0878366 -0.00133094 0.00323826 0.00113706 -0.00133094 0.0102702 -0.0186122 -0.0013257 0.00323826 -0.0186122 0.0903518 
0.00937056 -0.0176018 0.00113408 -0.00132745 -0.0176018 0.0878784 -0.00132745 0.00325592 0.00113408 -0.00132745 0.0102747 -0.0185477 -0.00132745 0.00325592 -0.0185477 0.0902093 
0.00938484 -0.0175828 0.00117114 -0.00133845 -0.0175828 0.0878672 -0.00133322 0.00327816 0.00117114 -0.00133322 0.010258 -0.0185605 -0.00133845 0.00327816 -0.0185605 0.0901624 
0.00940955 -0.0175954 0.00119247 -0.00137472 -0.0175954 0.0878728 -0.00136431 0.00333786 0.00119247 -0.00136431 0.0102323 -0.0185327 -0.00137472 0.00333786 -0.0185327 0.0901275 
0.00944201 -0.0175817 0.00123516 -0.00141604 -0.0175817 0.087805 -0.00141087 0.00345225 0.00123516 -0.00141087 0.0102482 -0.0185791 -0.00141604 0.00345225 -0.0185791 0.0902546 
0.00946954 -0.0176492 0.00123809 -0.00144012 -0.0176492 0.0879196 -0.00144012 0.00352259 0.00123809 -0.00144012 0.0102207 -0.0185402 -0.00144012 0.00352259 -0.0185402 0.0901989 
0.00945127 -0.0176867 0.00118985 -0.00143406 -0.0176867 0.0880334 -0.00143406 0.0035176 0.00118985 -0.00143406 0.0102306 -0.0185284 -0.00143406 0.0035176 -0.0185284 0.0901689 
0.00948753 -0.0177242 0.00119373 -0.00139095 -0.0177242 0.0882112 -0.00139095 0.00345662 0.00119373 -0.00139095 0.0101934 -0.0184716 -0.00139095 0.00345662 -0.0184716 0.0899914 
0.00950773 -0.017726 0.00121695 -0.00137748 -0.017726 0.0882313 -0.00137748 0.00340228 0.00121695 -0.00137748 0.0101602 -0.0184614 -0.00137748 0.00340228 -0.0184614 0.0899402 
0.00954095 -0.0177374 0.00123076 -0.00141175 -0.0177374 0.0882421 -0.00141175 0.00342854 0.00123076 -0.00141175 0.0101356 -0.0184458 -0.00141175 0.00342854 -0.0184458 0.0899176 
0.00949814 -0.0177396 0.00117364 -0.00140732 -0.0177396 0.0882096 -0.00141252 0.00342224 0.00117364 -0.00141252 0.0101525 -0.0184354 -0.00140732 0.00342224 -0.0184354 0.0899285 
0.00947092 -0.0177338 0.0011453 -0.00138586 -0.0177338 0.0882348 -0.00138063 0.00341497 0.0011453 -0.00138063 0.0101612 -0.0184293 -0.00138586 0.00341497 -0.0184293 0.0898926 
0.00946138 -0.0176944 0.00112909 -0.00134864 -0.0176944 0.088179 -0.00134341 0.00335069 0.00112909 -0.00134341 0.0101618 -0.0184419 -0.00134864 0.00335069 -0.0184419 0.0898936 
0.00944604 -0.0176804 0.00113795 -0.001296 -0.0176804 0.0881068 -0.00128546 0.00320312 0.00113795 -0.00128546 0.0101256 -0.0184074 -0.001296 0.00320312 -0.0184074 0.0897927 
0.00945038 -0.0176491 0.00114646 -0.00132 -0.0176491 0.08803 -0.00130949 0.0031922 0.00114646 -0.00130949 0.0101025 -0.0183749 -0.00132 0.0031922 -0.0183749 0.0897287 
0.00951253 -0.0176631 0.00121581 -0.0013567 -0.0176631 0.0880235 -0.0013567 0.0032926 0.00121581 -0.0013567 0.0100604 -0.0183415 -0.0013567 0.0032926 -0.0183415 0.0896307 
0.00955307 -0.0177385 0.00123817 -0.00142985 -0.0177385 0.0881431 -0.00144539 0.00347102 0.00123817 -0.00144539 0.01004 -0.0182876 -0.00142985 0.00347102 -0.0182876 0.0894953 
0.00955051 -0.0178058 0.00120162 -0.00145651 -0.0178058 0.088337 -0.00146691 0.00358404 0.00120162 -0.00146691 0.0100447 -0.0182583 -0.00145651 0.00358404 -0.0182583 0.0893878 
0.00953656 -0.0178016 0.00116732 -0.0013914 -0.0178016 0.0883982 -0.0013914 0.0034759 0.00116732 -0.0013914 0.0100421 -0.0182602 -0.0013914 0.0034759 -0.0182602 0.0893571 
0.00949509 -0.0177621 0.00110785 -0.00134823 -0.0177621 0.0883456 -0.00133778 0.00333922 0.00110785 -0.00133778 0.0100595 -0.0182638 -0.00134823 0.00333922 -0.0182638 0.0893803 
0.0094347 -0.0176497 0.00104772 -0.00127186 -0.0176497 0.0880555 -0.00125622 0.00316401 0.00104772 -0.00125622 0.0101071 -0.0183586 -0.00127186 0.00316401 -0.0183586 0.0896088 
0.00943455 -0.0175826 0.00111603 -0.00125036 -0.0175826 0.0878302 -0.00124519 0.00312074 0.00111603 -0.00124519 0.0101631 -0.0184351 -0.00125036 0.00312074 -0.0184351 0.0898659 
0.00945611 -0.0176047 0.0011685 -0.00131263 -0.0176047 0.087828 -0.00130749 0.00318635 0.0011685 -0.00130749 0.0101768 -0.0184695 -0.00131263 0.00318635 -0.0184695 0.0899797 
0.00947395 -0.0176868 0.00120427 -0.00137483 -0.0176868 0.0880203 -0.00136966 0.00331304 0.00120427 -0.00136966 0.0101407 -0.0184207 -0.00137483 0.00331304 -0.0184207 0.0898603 
0.00946336 -0.0176802 0.00120499 -0.00141275 -0.0176802 0.0880633 -0.00140756 0.0034332 0.00120499 -0.00140756 0.0101386 -0.0184229 -0.00141275 0.0034332 -0.0184229 0.0898812 
0.00945935 -0.0176689 0.00126021 -0.00143135 -0.0176689 0.0880643 -0.00142616 0.00351614 0.00126021 -0.00142616 0.0101335 -0.0184157 -0.00143135 0.00351614 -0.0184157 0.0898691 
0.00951699 -0.0176693 0.00129777 -0.00148317 -0.0176693 0.0880734 -0.00147802 0.00361522 0.00129777 -0.00147802 0.0100989 -0.018416 -0.00148317 0.00361522 -0.018416 0.0898604 
0.00957215 -0.0176898 0.00134696 -0.0015467 -0.0176898 0.0880494 -0.00153646 0.00377457 0.00134696 -0.00153646 0.0100945 -0.0184478 -0.0015467 0.00377457 -0.0184478 0.0899956 
0.00962806 -0.0177898 0.00136453 -0.00161401 -0.0177898 0.088231 -0.00162419 0.00395102 0.00136453 -0.00162419 0.0101169 -0.0184364 -0.00161401 0.00395102 -0.0184364 0.0900435 
0.00965057 -0.0178731 0.00134163 -0.00159572 -0.0178731 0.0884762 -0.00161605 0.00397914 0.00134163 -0.00161605 0.0101333 -0.0184423 -0.00159572 0.00397914 -0.0184423 0.0900262 
0.00962415 -0.0179524 0.00130098 -0.0015161 -0.0179524 0.0887583 -0.00152122 0.00377488 0.00130098 -0.00152122 0.0101261 -0.0183981 -0.0015161 0.00377488 -0.0183981 0.0898647 
0.0095698 -0.0179453 0.00126636 -0.00148257 -0.0179453 0.0888617 -0.00149287 0.00364466 0.00126636 -0.00149287 0.0101412 -0.0183829 -0.00148257 0.00364466 -0.0183829 0.0897831 
0.00952117 -0.0178477 0.00129718 -0.00149201 -0.0178477 0.0887156 -0.00148688 0.00364542 0.00129718 -0.00148688 0.010198 -0.0184373 -0.00149201 0.00364542 -0.0184373 0.0898641 
0.00948011 -0.01779 0.00132937 -0.00150388 -0.01779 0.0885494 -0.00149362 0.00364935 0.00132937 -0.00149362 0.0102449 -0.018488 -0.00150388 0.00364935 -0.018488 0.0899712 
0.00945288 -0.0177074 0.00132176 -0.00156862 -0.0177074 0.0883366 -0.00154805 0.00377498 0.00132176 -0.00154805 0.0102861 -0.0185818 -0.00156862 0.00377498 -0.0185818 0.0902138 
0.00945579 -0.0176746 0.0013146 -0.00156303 -0.0176746 0.0881816 -0.00153715 0.00381958 0.0013146 -0.00153715 0.0102684 -0.0186217 -0.00156303 0.00381958 -0.0186217 0.0903812 
0.00945682 -0.0176684 0.00131822 -0.00152664 -0.0176684 0.0881282 -0.00152143 0.00376189 0.00131822 -0.00152143 0.0102488 -0.0186114 -0.00152664 0.00376189 -0.0186114 0.0904155 
0.00948408 -0.0176595 0.0013139 -0.00155374 -0.0176595 0.0880576 -0.00155374 0.00382179 0.0013139 -0.00155374 0.0102401 -0.0186136 -0.00155374 0.00382179 -0.0186136 0.0904768 
0.00951515 -0.0176947 0.00133035 -0.00153302 -0.0176947 0.0881048 -0.00153302 0.00378839 0.00133035 -0.00153302 0.0102219 -0.0185782 -0.00153302 0.00378839 -0.0185782 0.0903913 
0.00950237 -0.0177719 0.00131121 -0.00152539 -0.0177719 0.0882743 -0.00154107 0.0037508 0.00131121 -0.00154107 0.010218 -0.0185032 -0.00152539 0.0037508 -0.0185032 0.0901549 
0.00953073 -0.017754 0.00134374 -0.00152533 -0.017754 0.0883395 -0.00154608 0.0037822 0.00134374 -0.00154608 0.0102156 -0.0185063 -0.00152533 0.0037822 -0.0185063 0.0900879 
0.00957948 -0.0177956 0.00137366 -0.00155441 -0.0177956 0.088405 -0.0015699 0.00380081 0.00137366 -0.0015699 0.010194 -0.018498 -0.00155441 0.00380081 -0.018498 0.0900317 
0.00956832 -0.0178715 0.00132707 -0.00156976 -0.0178715 0.0885779 -0.00158009 0.00380564 0.00132707 -0.00158009 0.0101983 -0.0184344 -0.00156976 0.00380564 -0.0184344 0.0898792 
0.00947921 -0.0178591 0.00123935 -0.00150381 -0.0178591 0.0886369 -0.00151419 0.00371286 0.00123935 -0.00151419 0.0102415 -0.0184295 -0.00150381 0.00371286 -0.0184295 0.0898088 
0.00944835 -0.0177182 0.00119397 -0.00142656 -0.0177182 0.0883793 -0.00142656 0.00355605 0.00119397 -0.00142656 0.0102908 -0.0185659 -0.00142656 0.00355605 -0.0185659 0.0900798 
0.00942587 -0.0176735 0.0011989 -0.00137977 -0.0176735 0.0881763 -0.00137977 0.00342101 0.0011989 -0.00137977 0.0102992 -0.0185985 -0.00137977 0.00342101 -0.0185985 0.0902486 
0.00938142 -0.0176479 0.00119796 -0.0013691 -0.0176479 0.0880629 -0.00136391 0.00333976 0.00119796 -0.00136391 0.0103253 -0.0186124 -0.0013691 0.00333976 -0.0186124 0.0903136 
0.00934937 -0.0175806 0.00119585 -0.00138739 -0.0175806 0.0879131 -0.00137704 0.00335459 0.00119585 -0.00137704 0.0103744 -0.018678 -0.00138739 0.00335459 -0.018678 0.0904912 
0.00932176 -0.0175125 0.00119814 -0.00139955 -0.0175125 0.087702 -0.00139439 0.00340851 0.00119814 -0.00139439 0.0104269 -0.0187675 -0.00139955 0.00340851 -0.0187675 0.0907335 
0.00934382 -0.0175255 0.00120333 -0.00140389 -0.0175255 0.0877096 -0.00140389 0.00344544 0.00120333 -0.00140389 0.0104289 -0.0187802 -0.00140389 0.00344544 -0.0187802 0.0907745 
0.00933078 -0.0175376 0.0011548 -0.00139089 -0.0175376 0.0877288 -0.00139602 0.00342334 0.0011548 -0.00139602 0.0104651 -0.0188104 -0.00139089 0.00342334 -0.0188104 0.0908699 
0.00935471 -0.0175446 0.00113406 -0.00133932 -0.0175446 0.0877691 -0.00133932 0.00333034 0.00113406 -0.00133932 0.0104631 -0.0188377 -0.00133932 0.00333034 -0.0188377 0.0909455 
0.00937343 -0.0175938 0.00114798 -0.00130685 -0.0175938 0.0878817 -0.00131197 0.00324406 0.00114798 -0.00131197 0.0104548 -0.0188186 -0.00130685 0.00324406 -0.0188186 0.0909259 
0.00938878 -0.0176341 0.0011486 -0.00132807 -0.0176341 0.0880269 -0.0013332 0.0032612 0.0011486 -0.0013332 0.01044 -0.0187827 -0.00132807 0.0032612 -0.0187827 0.090842 
0.00938494 -0.0176498 0.00114563 -0.0013502 -0.0176498 0.088111 -0.00134509 0.00331414 0.00114563 -0.00134509 0.0104692 -0.0187852 -0.0013502 0.00331414 -0.0187852 0.0908217 
0.00936313 -0.0176172 0.00116528 -0.00135438 -0.0176172 0.0880503 -0.00135438 0.00335274 0.00116528 -0.00135438 0.0105182 -0.0188694 -0.00135438 0.00335274 -0.0188694 0.0909992 
0.00938246 -0.0176048 0.00116518 -0.00135852 -0.0176048 0.0879987 -0.00134835 0.00332762 0.00116518 -0.00134835 0.0105476 -0.0189277 -0.00135852 0.00332762 -0.0189277 0.0911737 
0.00938781 -0.0176391 0.00115691 -0.00132 -0.0176391 0.0880782 -0.0013251 0.00324649 0.00115691 -0.0013251 0.0105396 -0.0189234 -0.00132 0.00324649 -0.0189234 0.0911616 
0.00938079 -0.0176138 0.00113753 -0.00132627 -0.0176138 0.0880284 -0.00134157 0.00324425 0.00113753 -0.00134157 0.010554 -0.0189605 -0.00132627 0.00324425 -0.0189605 0.091288 
0.00939782 -0.0176184 0.00118234 -0.00131427 -0.0176184 0.0880208 -0.0013295 0.0032527 0.00118234 -0.0013295 0.0105599 -0.0189834 -0.00131427 0.0032527 -0.0189834 0.0913649 
0.00939212 -0.0176703 0.00118984 -0.00136705 -0.0176703 0.0881188 -0.00137717 0.00333154 0.00118984 -0.00137717 0.010582 -0.0189463 -0.00136705 0.00333154 -0.0189463 0.0912934 
0.00941403 -0.0177087 0.00123033 -0.0013816 -0.0177087 0.0882811 -0.00139168 0.00339349 0.00123033 -0.00139168 0.0105687 -0.0189239 -0.0013816 0.00339349 -0.0189239 0.0911855 
0.0094035 -0.017707 0.00120142 -0.00140926 -0.017707 0.0883016 -0.0014194 0.00342683 0.00120142 -0.0014194 0.0105644 -0.0189439 -0.00140926 0.00342683 -0.0189439 0.0911962 
0.00940873 -0.0176994 0.00118949 -0.00138859 -0.0176994 0.0883134 -0.00138349 0.00341532 0.00118949 -0.00138349 0.0105114 -0.0189247 -0.00138859 0.00341532 -0.0189247 0.0911722 
0.0093837 -0.0176906 0.0011845 -0.00136397 -0.0176906 0.088294 -0.00135884 0.00334326 0.0011845 -0.00135884 0.0105169 -0.0188751 -0.00136397 0.00334326 -0.0188751 0.0911039 
0.00934185 -0.0176234 0.00118896 -0.00137426 -0.0176234 0.0881377 -0.00136396 0.00333013 0.00118896 -0.00136396 0.0105308 -0.0189102 -0.00137426 0.00333013 -0.0189102 0.0911692 
