0.00789303 0 0.00100818 0 0 0.00998899 0 0 0.00100818 0 0.00713689 0 0 0 0 0.00998899 
0.0110395 -0.0137028 0.00127425 -0.00155205 -0.0137028 0.0354617 -0.00155205 0.00296521 0.00127425 -0.00155205 0.0101276 -0.0125916 -0.00155205 0.00296521 -0.0125916 0.033336 
0.0110992 -0.0205511 0.00120352 -0.00179313 -0.0205511 0.0748737 -0.00179313 0.00556174 0.00120352 -0.00179313 0.0101996 -0.0193293 -0.00179313 0.00556174 -0.0193293 0.0710626 
0.0105542 -0.0199659 0.00114835 -0.00124898 -0.0199659 0.0883164 -0.00126082 0.0038594 0.00114835 -0.00126082 0.00947685 -0.0189774 -0.00124898 0.0038594 -0.0189774 0.0854278 
0.0105596 -0.0192295 0.00122969 -0.00122405 -0.0192295 0.0906758 -0.00124097 0.00303475 0.00122969 -0.00124097 0.00935244 -0.0180393 -0.00122405 0.00303475 -0.0180393 0.0880359 
0.0107778 -0.019186 0.00126766 -0.00136394 -0.019186 0.0914746 -0.00137463 0.00319856 0.00126766 -0.00137463 0.00949941 -0.0178221 -0.00136394 0.00319856 -0.0178221 0.0884953 
0.0109119 -0.0193748 0.00122449 -0.00136916 -0.0193748 0.0921674 -0.00136916 0.00328081 0.00122449 -0.00136916 0.00960475 -0.017892 -0.00136916 0.00328081 -0.017892 0.0887419 
0.010909 -0.0194565 0.00120365 -0.00134585 -0.0194565 0.0925186 -0.00134078 0.0032656 0.00120365 -0.00134078 0.00969015 -0.0179938 -0.00134585 0.0032656 -0.0179938 0.0890295 
0.0108592 -0.0193964 0.00117859 -0.00128436 -0.0193964 0.0924792 -0.00127429 0.00309758 0.00117859 -0.00127429 0.00970575 -0.0180667 -0.00128436 0.00309758 -0.0180667 0.0892103 
0.0108061 -0.0193565 0.00119063 -0.00127101 -0.0193565 0.0923664 -0.00127101 0.00303936 0.00119063 -0.00127101 0.00970084 -0.0180553 -0.00127101 0.00303936 -0.0180553 0.0892165 
0.0107907 -0.0193002 0.00118063 -0.0013207 -0.0193002 0.0922589 -0.0013257 0.00312666 0.00118063 -0.0013257 0.00970014 -0.0180596 -0.0013207 0.00312666 -0.0180596 0.0892223 
0.0107727 -0.0192928 0.00116137 -0.00129653 -0.0192928 0.0922088 -0.00130154 0.0031387 0.00116137 -0.00130154 0.00967642 -0.0180313 -0.00129653 0.0031387 -0.0180313 0.0891402 
0.0107604 -0.0192718 0.00115951 -0.00128445 -0.0192718 0.0921558 -0.00129945 0.00311867 0.00115951 -0.00129945 0.00970088 -0.0180273 -0.00128445 0.00311867 -0.0180273 0.0891671 
0.0107158 -0.0192271 0.00117502 -0.00128549 -0.0192271 0.0920531 -0.00129553 0.00312334 0.00117502 -0.00129553 0.00971147 -0.0180822 -0.00128549 0.00312334 -0.0180822 0.0892561 
0.0107171 -0.0191977 0.00116577 -0.00130086 -0.0191977 0.0919807 -0.00130586 0.00313207 0.00116577 -0.00130586 0.00971141 -0.0180769 -0.00130086 0.00313207 -0.0180769 0.0892839 
0.010711 -0.0191851 0.00115579 -0.00128033 -0.0191851 0.0919349 -0.00128532 0.00310369 0.00115579 -0.00128532 0.00972455 -0.0180791 -0.00128033 0.00310369 -0.0180791 0.0892995 
0.0106815 -0.019184 0.00112437 -0.00123382 -0.019184 0.091915 -0.0012388 0.00297013 0.00112437 -0.0012388 0.00972632 -0.0180646 -0.00123382 0.00297013 -0.0180646 0.0892384 
0.010708 -0.0191714 0.0011149 -0.00123878 -0.0191714 0.0919276 -0.00122887 0.00295326 0.0011149 -0.00122887 0.0097071 -0.0180763 -0.00123878 0.00295326 -0.0180763 0.0892568 
0.0107001 -0.0192088 0.001118 -0.00125651 -0.0192088 0.0920024 -0.00124662 0.00299782 0.001118 -0.00124662 0.00976022 -0.0180858 -0.00125651 0.00299782 -0.0180858 0.0893112 
0.0106331 -0.019203 0.00113076 -0.00125474 -0.019203 0.0920475 -0.00124978 0.00301039 0.00113076 -0.00124978 0.0098594 -0.0181417 -0.00125474 0.00301039 -0.0181417 0.089424 
0.0105425 -0.0191123 0.00114863 -0.00124352 -0.0191123 0.0918857 -0.00122354 0.00294649 0.00114863 -0.00122354 0.0099132 -0.0182483 -0.00124352 0.00294649 -0.0182483 0.0896333 
0.0104492 -0.0189968 0.00116603 -0.00126112 -0.0189968 0.0916361 -0.0012411 0.00295261 0.00116603 -0.0012411 0.00996382 -0.0183062 -0.00126112 0.00295261 -0.0183062 0.0897945 
0.0104636 -0.0189034 0.00115929 -0.00128921 -0.0189034 0.0914138 -0.00126922 0.00302314 0.00115929 -0.00126922 0.00993889 -0.0183537 -0.00128921 0.00302314 -0.0183537 0.0899147 
0.0105435 -0.0189313 0.0011904 -0.00131544 -0.0189313 0.0913706 -0.00130544 0.00314605 0.0011904 -0.00130544 0.0098633 -0.0183211 -0.00131544 0.00314605 -0.0183211 0.0899001 
0.0105664 -0.0190126 0.00120516 -0.00132018 -0.0190126 0.0914623 -0.00131518 0.00317543 0.00120516 -0.00131518 0.00983133 -0.0182425 -0.00132018 0.00317543 -0.0182425 0.0897671 
0.010603 -0.0190575 0.00119358 -0.0013378 -0.0190575 0.0916171 -0.00134278 0.00321272 0.00119358 -0.00134278 0.00983708 -0.0181971 -0.0013378 0.00321272 -0.0181971 0.0896278 
0.0105679 -0.0191063 0.00118977 -0.00130974 -0.0191063 0.0917271 -0.00131474 0.00316938 0.00118977 -0.00131474 0.00985808 -0.0181865 -0.00130974 0.00316938 -0.0181865 0.0895425 
0.0105821 -0.0190428 0.00120013 -0.00134953 -0.0190428 0.0916832 -0.00134953 0.00325181 0.00120013 -0.00134953 0.00986998 -0.018241 -0.00134953 0.00325181 -0.018241 0.0896564 
0.0106068 -0.0190703 0.00120339 -0.0013476 -0.0190703 0.0917016 -0.00135257 0.00327701 0.00120339 -0.00135257 0.00987578 -0.0182548 -0.0013476 0.00327701 -0.0182548 0.0897175 
0.010629 -0.0190533 0.00118989 -0.00131488 -0.0190533 0.0916218 -0.00131988 0.00319971 0.00118989 -0.00131988 0.00981912 -0.0182834 -0.00131488 0.00319971 -0.0182834 0.0897969 
0.0105932 -0.0190757 0.00116811 -0.00127339 -0.0190757 0.0916287 -0.0012784 0.0030832 0.00116811 -0.0012784 0.00980107 -0.0182034 -0.00127339 0.0030832 -0.0182034 0.0896986 
0.0105776 -0.0190387 0.00116584 -0.00129093 -0.0190387 0.0915859 -0.00130094 0.00309723 0.00116584 -0.00130094 0.00981206 -0.0181931 -0.00129093 0.00309723 -0.0181931 0.0896345 
0.0105679 -0.0190372 0.00116422 -0.00130413 -0.0190372 0.0915736 -0.00130413 0.0031329 0.00116422 -0.00130413 0.00982342 -0.0181878 -0.00130413 0.0031329 -0.0181878 0.089605 
0.0105788 -0.0190378 0.00118986 -0.00129985 -0.0190378 0.0915895 -0.00130985 0.00314464 0.00118986 -0.00130985 0.00983887 -0.0182129 -0.00129985 0.00314464 -0.0182129 0.0896297 
0.0105769 -0.0190584 0.00117964 -0.00132398 -0.0190584 0.0916435 -0.00132896 0.00317059 0.00117964 -0.00132896 0.00988507 -0.0182172 -0.00132398 0.00317059 -0.0182172 0.0896575 
0.0105768 -0.0190818 0.00119663 -0.00134003 -0.0190818 0.0917546 -0.00134003 0.00323386 0.00119663 -0.00134003 0.00995377 -0.0182708 -0.00134003 0.00323386 -0.0182708 0.0897322 
0.0105805 -0.0190844 0.00118383 -0.00131208 -0.0190844 0.0917867 -0.00130222 0.00314703 0.00118383 -0.00130222 0.0100034 -0.0183544 -0.00131208 0.00314703 -0.0183544 0.0898827 
0.0105821 -0.0190969 0.00118125 -0.00132891 -0.0190969 0.0918375 -0.00132399 0.00318446 0.00118125 -0.00132399 0.0100603 -0.0184325 -0.00132891 0.00318446 -0.0184325 0.0901001 
0.0105567 -0.0190575 0.00116144 -0.00130477 -0.0190575 0.0917488 -0.00129488 0.00312848 0.00116144 -0.00129488 0.0100675 -0.0185089 -0.00130477 0.00312848 -0.0185089 0.0903156 
0.0105377 -0.0190272 0.00119724 -0.00128134 -0.0190272 0.0916431 -0.00127145 0.00308214 0.00119724 -0.00127145 0.0100924 -0.0185473 -0.00128134 0.00308214 -0.0185473 0.0904904 
0.0105398 -0.0190072 0.00120118 -0.00130948 -0.0190072 0.0915849 -0.00130456 0.00308663 0.00120118 -0.00130456 0.0101116 -0.0185592 -0.00130948 0.00308663 -0.0185592 0.0905511 
0.0105104 -0.0190187 0.00122893 -0.00130326 -0.0190187 0.0915754 -0.00130326 0.00307729 0.00122893 -0.00130326 0.0100891 -0.018548 -0.00130326 0.00307729 -0.018548 0.09051 
0.0105064 -0.0190087 0.00126493 -0.00135918 -0.0190087 0.0916108 -0.00136414 0.00319457 0.00126493 -0.00136414 0.0100698 -0.0185077 -0.00135918 0.00319457 -0.0185077 0.0904203 
0.0105444 -0.0190237 0.00128384 -0.00140326 -0.0190237 0.0916352 -0.00141322 0.00333897 0.00128384 -0.00141322 0.0100219 -0.0184763 -0.00140326 0.00333897 -0.0184763 0.0903215 
0.0105507 -0.0190598 0.00129648 -0.00146041 -0.0190598 0.0917124 -0.00146537 0.00350696 0.00129648 -0.00146537 0.010049 -0.0184339 -0.00146041 0.00350696 -0.0184339 0.090252 
0.0105061 -0.0190213 0.00128596 -0.00144484 -0.0190213 0.0916259 -0.00145477 0.00352025 0.00128596 -0.00145477 0.010099 -0.0184999 -0.00144484 0.00352025 -0.0184999 0.0903201 
0.0104524 -0.0189538 0.00125927 -0.00140859 -0.0189538 0.0914589 -0.00140859 0.00341944 0.00125927 -0.00140859 0.010114 -0.0185456 -0.00140859 0.00341944 -0.0185456 0.0904186 
0.0104219 -0.0188969 0.00123489 -0.0013544 -0.0188969 0.0913074 -0.00135938 0.00328143 0.00123489 -0.00135938 0.0100933 -0.0185483 -0.0013544 0.00328143 -0.0185483 0.0904609 
0.0104354 -0.0188742 0.00121192 -0.00135596 -0.0188742 0.091217 -0.00136093 0.00326325 0.00121192 -0.00136093 0.0100828 -0.0185365 -0.00135596 0.00326325 -0.0185365 0.090467 
0.0104248 -0.0188826 0.00120896 -0.00134274 -0.0188826 0.0911974 -0.00134274 0.00323546 0.00120896 -0.00134274 0.0101028 -0.0185159 -0.00134274 0.00323546 -0.0185159 0.0904393 
0.0104064 -0.0189014 0.00126108 -0.00136038 -0.0189014 0.0912995 -0.00136535 0.00328676 0.00126108 -0.00136535 0.0101483 -0.018534 -0.00136038 0.00328676 -0.018534 0.0904555 
0.0103719 -0.0188891 0.00127784 -0.00140214 -0.0188891 0.0912933 -0.00141706 0.00336613 0.00127784 -0.00141706 0.0102078 -0.0185958 -0.00140214 0.00336613 -0.0185958 0.0905574 
0.0103319 -0.0188446 0.00128531 -0.0014435 -0.0188446 0.091247 -0.00144844 0.00347528 0.00128531 -0.00144844 0.0103022 -0.0186666 -0.0014435 0.00347528 -0.0186666 0.0907329 
0.0103098 -0.0187744 0.00126152 -0.00142478 -0.0187744 0.0910669 -0.00142478 0.00344816 0.00126152 -0.00142478 0.0103395 -0.0187991 -0.00142478 0.00344816 -0.0187991 0.0910026 
0.0103117 -0.0187504 0.001252 -0.00139001 -0.0187504 0.090957 -0.00139494 0.00338138 0.001252 -0.00139494 0.010361 -0.018849 -0.00139001 0.00338138 -0.018849 0.0912035 
0.0102948 -0.0187537 0.0012486 -0.00136704 -0.0187537 0.0909306 -0.00136704 0.00328683 0.0012486 -0.00136704 0.0103836 -0.0188672 -0.00136704 0.00328683 -0.0188672 0.091281 
0.0102503 -0.0187512 0.00123694 -0.00137985 -0.0187512 0.0909669 -0.00137493 0.00329194 0.00123694 -0.00137493 0.0104376 -0.0188744 -0.00137985 0.00329194 -0.0188744 0.0913118 
0.0102446 -0.0187286 0.00122601 -0.00137313 -0.0187286 0.0909751 -0.00135842 0.00329552 0.00122601 -0.00135842 0.0104898 -0.0189247 -0.00137313 0.00329552 -0.0189247 0.0913772 
0.0101789 -0.0186802 0.00122857 -0.00131245 -0.0186802 0.0908405 -0.00130752 0.00315285 0.00122857 -0.00130752 0.0104947 -0.0189862 -0.00131245 0.00315285 -0.0189862 0.091472 
0.0101468 -0.0186239 0.0012634 -0.00134762 -0.0186239 0.0907267 -0.00134267 0.00317583 0.0012634 -0.00134267 0.0104788 -0.0189856 -0.00134762 0.00317583 -0.0189856 0.0915243 
0.0102004 -0.0185981 0.00127074 -0.0014185 -0.0185981 0.090666 -0.0014185 0.00333447 0.00127074 -0.0014185 0.0104664 -0.0189823 -0.0014185 0.00333447 -0.0189823 0.0915476 
0.010223 -0.0186231 0.00123661 -0.00137949 -0.0186231 0.0906372 -0.00138934 0.00332555 0.00123661 -0.00138934 0.010425 -0.0189532 -0.00137949 0.00332555 -0.0189532 0.0915043 
0.0102285 -0.0186862 0.00122662 -0.00136511 -0.0186862 0.0907751 -0.00136511 0.00328419 0.00122662 -0.00136511 0.0103867 -0.0188841 -0.00136511 0.00328419 -0.0188841 0.0913389 
0.0102117 -0.0186842 0.00122242 -0.00133174 -0.0186842 0.0908219 -0.00133671 0.0032101 0.00122242 -0.00133671 0.0103409 -0.0188332 -0.00133174 0.0032101 -0.0188332 0.0911747 
0.0101651 -0.0186816 0.00123153 -0.00135568 -0.0186816 0.0908405 -0.00134575 0.00322284 0.00123153 -0.00134575 0.0103786 -0.0187908 -0.00135568 0.00322284 -0.0187908 0.091054 
0.0101046 -0.018603 0.00125313 -0.00136253 -0.018603 0.0906876 -0.00135755 0.00325216 0.00125313 -0.00135755 0.0104228 -0.0188466 -0.00136253 0.00325216 -0.0188466 0.0911053 
0.0100854 -0.0185091 0.00128251 -0.0013923 -0.0185091 0.0904495 -0.00138731 0.00331856 0.00128251 -0.00138731 0.0104298 -0.0189233 -0.0013923 0.00331856 -0.0189233 0.0912779 
0.0100287 -0.0184911 0.00128612 -0.00142124 -0.0184911 0.0903286 -0.00143125 0.00339295 0.00128612 -0.00143125 0.0104691 -0.0189115 -0.00142124 0.00339295 -0.0189115 0.0913395 
0.00997868 -0.018426 0.00128111 -0.00142624 -0.018426 0.0901935 -0.00142624 0.00342298 0.00128111 -0.00142624 0.0105141 -0.0189465 -0.00142624 0.00342298 -0.0189465 0.0913945 
0.00995483 -0.0183625 0.00127856 -0.00144273 -0.0183625 0.0900611 -0.0014477 0.0034924 0.00127856 -0.0014477 0.0105817 -0.0190092 -0.00144273 0.0034924 -0.0190092 0.0915386 
0.00999896 -0.0183562 0.00127583 -0.00144891 -0.0183562 0.0900055 -0.00145385 0.00353079 0.00127583 -0.00145385 0.0106171 -0.0191078 -0.00144891 0.00353079 -0.0191078 0.091756 
0.0100834 -0.0184493 0.0013041 -0.00148126 -0.0184493 0.0901946 -0.00148126 0.00362196 0.0013041 -0.00148126 0.0106444 -0.0191482 -0.00148126 0.00362196 -0.0191482 0.091917 
0.0101014 -0.018525 0.0012929 -0.00143601 -0.018525 0.0903452 -0.00143107 0.00349873 0.0012929 -0.00143107 0.0106442 -0.0191715 -0.00143601 0.00349873 -0.0191715 0.0919835 
0.0101018 -0.0185289 0.0012855 -0.00143326 -0.0185289 0.0904134 -0.00143326 0.00345262 0.0012855 -0.00143326 0.0106583 -0.0191988 -0.00143326 0.00345262 -0.0191988 0.092088 
0.0100588 -0.0185423 0.00126414 -0.00142215 -0.0185423 0.0904499 -0.00141228 0.00339243 0.00126414 -0.00141228 0.0106661 -0.0191793 -0.00142215 0.00339243 -0.0191793 0.0920448 
0.00999117 -0.0184784 0.00123587 -0.00135002 -0.0184784 0.0903573 -0.00135499 0.00324601 0.00123587 -0.00135499 0.0106563 -0.0191733 -0.00135002 0.00324601 -0.0191733 0.0919753 
0.00993592 -0.0183842 0.00121898 -0.00130356 -0.0183842 0.0901546 -0.00131351 0.00311959 0.00121898 -0.00131351 0.0106375 -0.0191603 -0.00130356 0.00311959 -0.0191603 0.0919458 
0.00991392 -0.0183076 0.00122117 -0.00131089 -0.0183076 0.0899231 -0.00131587 0.00310526 0.00122117 -0.00131587 0.0106018 -0.019145 -0.00131089 0.00310526 -0.019145 0.0919218 
0.00993387 -0.0182891 0.00122126 -0.0013553 -0.0182891 0.0898219 -0.0013553 0.00320704 0.00122126 -0.0013553 0.0105842 -0.0191032 -0.0013553 0.00320704 -0.0191032 0.0918523 
0.00999529 -0.0183288 0.00123019 -0.00137404 -0.0183288 0.0898782 -0.00136908 0.00328877 0.00123019 -0.00136908 0.0105409 -0.0190679 -0.00137404 0.00328877 -0.0190679 0.0917582 
0.00998612 -0.0183806 0.00123959 -0.00137346 -0.0183806 0.0899494 -0.00137842 0.00332705 0.00123959 -0.00137842 0.0105514 -0.01905 -0.00137346 0.00332705 -0.01905 0.0917096 
0.009989 -0.0183896 0.00122828 -0.00137626 -0.0183896 0.0900441 -0.00137626 0.00330994 0.00122828 -0.00137626 0.0105661 -0.0190408 -0.00137626 0.00330994 -0.0190408 0.0916522 
0.0099959 -0.0184304 0.00123528 -0.00136869 -0.0184304 0.0901805 -0.00136375 0.00330561 0.00123528 -0.00136375 0.010574 -0.0190283 -0.00136869 0.00330561 -0.0190283 0.0915986 
0.00998205 -0.018417 0.0012397 -0.0013835 -0.018417 0.0902004 -0.00137854 0.00332239 0.0012397 -0.00137854 0.010587 -0.0190616 -0.0013835 0.00332239 -0.0190616 0.0916682 
0.00998305 -0.0183702 0.00120314 -0.0013324 -0.0183702 0.0900662 -0.00132246 0.00319179 0.00120314 -0.00132246 0.0105299 -0.0190762 -0.0013324 0.00319179 -0.0190762 0.0917118 
0.00999756 -0.0183654 0.00118117 -0.00130078 -0.0183654 0.089993 -0.00130078 0.00311988 0.00118117 -0.00130078 0.0104611 -0.0190133 -0.00130078 0.00311988 -0.0190133 0.0916327 
0.0100224 -0.0183761 0.00117411 -0.00127404 -0.0183761 0.0899621 -0.00127404 0.0030477 0.00117411 -0.00127404 0.0103672 -0.0189257 -0.00127404 0.0030477 -0.0189257 0.091436 
0.0100017 -0.0184139 0.00118461 -0.00130957 -0.0184139 0.0900453 -0.00130957 0.00310897 0.00118461 -0.00130957 0.0103766 -0.0188188 -0.00130957 0.00310897 -0.0188188 0.0912049 
0.00991878 -0.018353 0.00118764 -0.00130841 -0.018353 0.0899534 -0.00131345 0.00313013 0.00118764 -0.00131345 0.0104069 -0.0188361 -0.00130841 0.00313013 -0.0188361 0.091136 
0.0098264 -0.0182389 0.00117654 -0.00129773 -0.0182389 0.089705 -0.00129268 0.00310042 0.00117654 -0.00129268 0.0104374 -0.0188651 -0.00129773 0.00310042 -0.0188651 0.0911643 
0.00977638 -0.018133 0.00118655 -0.00129811 -0.018133 0.0894275 -0.00129304 0.00310836 0.00118655 -0.00129304 0.0104356 -0.0188936 -0.00129811 0.00310836 -0.0188936 0.0912378 
0.00977279 -0.018112 0.00120141 -0.00132761 -0.018112 0.0893332 -0.00132761 0.0031802 0.00120141 -0.00132761 0.0104593 -0.0188742 -0.00132761 0.0031802 -0.0188742 0.091211 
0.00976382 -0.0181142 0.00117286 -0.00133325 -0.0181142 0.089333 -0.00132824 0.0031978 0.00117286 -0.00132824 0.0104906 -0.0188811 -0.00133325 0.0031978 -0.0188811 0.0911624 
0.00972647 -0.0181179 0.00112923 -0.00128984 -0.0181179 0.089335 -0.00128984 0.00312673 0.00112923 -0.00128984 0.0105345 -0.0189109 -0.00128984 0.00312673 -0.0189109 0.0911819 
0.00970288 -0.0180527 0.00111163 -0.00123738 -0.0180527 0.0892524 -0.00124241 0.00300291 0.00111163 -0.00124241 0.0105479 -0.0189832 -0.00123738 0.00300291 -0.0189832 0.0913197 
0.00969074 -0.0180351 0.00110522 -0.00121574 -0.0180351 0.0891809 -0.00122076 0.0029439 0.00110522 -0.00122076 0.0105598 -0.0189846 -0.00121574 0.0029439 -0.0189846 0.0913964 
0.00964251 -0.0180147 0.00109528 -0.00123032 -0.0180147 0.0891282 -0.00124532 0.00296577 0.00109528 -0.00124532 0.0106228 -0.0190149 -0.00123032 0.00296577 -0.0190149 0.0914638 
0.00959181 -0.0179327 0.00108577 -0.00119085 -0.0179327 0.0889482 -0.00120586 0.00289205 0.00108577 -0.00120586 0.0106726 -0.0191136 -0.00119085 0.00289205 -0.0191136 0.0916751 
0.0096394 -0.0178874 0.00112109 -0.0012262 -0.0178874 0.0888166 -0.0012312 0.00294287 0.00112109 -0.0012312 0.0106554 -0.0191937 -0.0012262 0.00294287 -0.0191937 0.0919246 
0.00968026 -0.017954 0.00116123 -0.00127635 -0.017954 0.0888892 -0.00128136 0.00306825 0.00116123 -0.00128136 0.0106413 -0.0191653 -0.00127635 0.00306825 -0.0191653 0.0919725 
0.00972455 -0.0180262 0.00118739 -0.00130763 -0.0180262 0.089064 -0.00130763 0.00314632 0.00118739 -0.00130763 0.0106314 -0.0191335 -0.00130763 0.00314632 -0.0191335 0.0919047 
0.0097362 -0.018063 0.00119453 -0.00134947 -0.018063 0.0891802 -0.00134947 0.00323374 0.00119453 -0.00134947 0.0106608 -0.0191375 -0.00134947 0.00323374 -0.0191375 0.0919092 
0.00973242 -0.0180623 0.00118212 -0.00131736 -0.0180623 0.0891997 -0.00131736 0.00318069 0.00118212 -0.00131736 0.0106591 -0.0191693 -0.00131736 0.00318069 -0.0191693 0.0919396 
0.00976536 -0.018074 0.00121062 -0.00132616 -0.018074 0.0892395 -0.00133118 0.00320991 0.00121062 -0.00133118 0.0106143 -0.019154 -0.00132616 0.00320991 -0.019154 0.091932 
0.00978674 -0.0181128 0.00121893 -0.00133982 -0.0181128 0.0893046 -0.00133982 0.00321356 0.00121893 -0.00133982 0.0105624 -0.0190899 -0.00133982 0.00321356 -0.0190899 0.091813 
0.0097748 -0.0181273 0.00118024 -0.00131642 -0.0181273 0.08934 -0.00132146 0.0031473 0.00118024 -0.00132146 0.0105213 -0.019015 -0.00131642 0.0031473 -0.019015 0.0915996 
0.00972068 -0.0181261 0.00114894 -0.00129004 -0.0181261 0.0893708 -0.00129508 0.00310417 0.00114894 -0.00129508 0.0105521 -0.0189525 -0.00129004 0.00310417 -0.0189525 0.0914066 
0.00963964 -0.0180656 0.00112345 -0.00127392 -0.0180656 0.0893197 -0.0012689 0.00306944 0.00112345 -0.0012689 0.0106427 -0.0189884 -0.00127392 0.00306944 -0.0189884 0.091381 
0.00959414 -0.0179834 0.0010999 -0.00123989 -0.0179834 0.089147 -0.00121989 0.00297473 0.0010999 -0.00121989 0.010714 -0.0190933 -0.00123989 0.00297473 -0.0190933 0.0915468 
0.00955406 -0.0179057 0.0011022 -0.00120741 -0.0179057 0.0889374 -0.00119238 0.00288576 0.0011022 -0.00119238 0.0107414 -0.0191833 -0.00120741 0.00288576 -0.0191833 0.0917781 
0.00959288 -0.0178375 0.00110263 -0.00120788 -0.0178375 0.0887166 -0.00119786 0.00287686 0.00110263 -0.00119786 0.0106654 -0.0192409 -0.00120788 0.00287686 -0.0192409 0.0919994 
0.00959363 -0.0178873 0.00114378 -0.00123951 -0.0178873 0.0887109 -0.00123951 0.00295266 0.00114378 -0.00123951 0.0106366 -0.0191671 -0.00123951 0.00295266 -0.0191671 0.0919608 
0.00956199 -0.0178889 0.00113387 -0.00126042 -0.0178889 0.0887458 -0.00125536 0.0029916 0.00113387 -0.00125536 0.010625 -0.0191037 -0.00126042 0.0029916 -0.0191037 0.0917931 
0.0095782 -0.0178438 0.00113013 -0.00125682 -0.0178438 0.0886769 -0.00125682 0.00301029 0.00113013 -0.00125682 0.0105816 -0.0190855 -0.00125682 0.00301029 -0.0190855 0.0917126 
0.00961847 -0.017875 0.00109654 -0.00126677 -0.017875 0.0887092 -0.00126177 0.00303925 0.00109654 -0.00126177 0.0105948 -0.0190467 -0.00126677 0.00303925 -0.0190467 0.0916283 
0.0096444 -0.0179533 0.00109447 -0.001225 -0.0179533 0.088873 -0.00123002 0.00300226 0.00109447 -0.00123002 0.0105682 -0.0190177 -0.001225 0.00300226 -0.0190177 0.0914988 
0.00961365 -0.0179766 0.00107488 -0.00120045 -0.0179766 0.0889639 -0.00120045 0.0029082 0.00107488 -0.00120045 0.0106082 -0.0190063 -0.00120045 0.0029082 -0.0190063 0.0914602 
0.00962303 -0.0179413 0.00108978 -0.00121475 -0.0179413 0.0889818 -0.00121475 0.0029244 0.00108978 -0.00121475 0.0106228 -0.0190561 -0.00121475 0.0029244 -0.0190561 0.0915462 
0.00962517 -0.0179387 0.0010872 -0.00121686 -0.0179387 0.0889306 -0.00121686 0.00292745 0.0010872 -0.00121686 0.0106525 -0.0191057 -0.00121686 0.00292745 -0.0191057 0.0916835 
0.00960919 -0.0179355 0.00106325 -0.00117806 -0.0179355 0.0889038 -0.00118305 0.00283034 0.00106325 -0.00118305 0.0106625 -0.0191335 -0.00117806 0.00283034 -0.0191335 0.091769 
0.00960597 -0.0179365 0.00109969 -0.00119008 -0.0179365 0.0889293 -0.00120012 0.00285719 0.00109969 -0.00120012 0.0106454 -0.0191316 -0.00119008 0.00285719 -0.0191316 0.0917865 
0.00961984 -0.0179302 0.00111308 -0.00120878 -0.0179302 0.0889155 -0.00121381 0.00289099 0.00111308 -0.00121381 0.010612 -0.0191037 -0.00120878 0.00289099 -0.0191037 0.0917511 
0.00956337 -0.0179168 0.00109901 -0.00123008 -0.0179168 0.0888683 -0.0012452 0.00294917 0.00109901 -0.0012452 0.0106523 -0.0190864 -0.00123008 0.00294917 -0.0190864 0.0917217 
0.00955159 -0.0178604 0.00110074 -0.00121234 -0.0178604 0.0887542 -0.00121234 0.00291671 0.00110074 -0.00121234 0.0106067 -0.0190981 -0.00121234 0.00291671 -0.0190981 0.091676 
0.0095272 -0.0178177 0.00112983 -0.00122653 -0.0178177 0.0886203 -0.00123161 0.0029518 0.00112983 -0.00123161 0.010601 -0.0190748 -0.00122653 0.0029518 -0.0190748 0.0916891 
0.00959452 -0.0178271 0.00116374 -0.00127554 -0.0178271 0.088607 -0.00127554 0.00304911 0.00116374 -0.00127554 0.0105397 -0.0190417 -0.00127554 0.00304911 -0.0190417 0.0915901 
0.00964263 -0.0178787 0.00117296 -0.00132021 -0.0178787 0.0886523 -0.00131513 0.00316343 0.00117296 -0.00131513 0.0104906 -0.0189755 -0.00132021 0.00316343 -0.0189755 0.0914704 
0.00967253 -0.017937 0.00117336 -0.0013111 -0.017937 0.088772 -0.00130089 0.00316296 0.00117336 -0.00130089 0.0104429 -0.0189165 -0.0013111 0.00316296 -0.0189165 0.0913126 
0.00967717 -0.0179784 0.00116697 -0.00130456 -0.0179784 0.0889036 -0.00128927 0.003134 0.00116697 -0.00128927 0.0104263 -0.0188397 -0.00130456 0.003134 -0.0188397 0.0911101 
0.00965086 -0.017982 0.00116687 -0.00131464 -0.017982 0.0889825 -0.00130954 0.00316939 0.00116687 -0.00130954 0.0104559 -0.0188227 -0.00131464 0.00316939 -0.0188227 0.0910003 
0.00967168 -0.0179711 0.00116385 -0.00132649 -0.0179711 0.0889967 -0.00132141 0.0032222 0.00116385 -0.00132141 0.0104493 -0.0188402 -0.00132649 0.0032222 -0.0188402 0.0909738 
0.00975052 -0.0179823 0.00114414 -0.00130614 -0.0179823 0.0890051 -0.00131627 0.00319448 0.00114414 -0.00131627 0.0103985 -0.0188631 -0.00130614 0.00319448 -0.0188631 0.0910352 
0.0098292 -0.0180823 0.00112291 -0.00126893 -0.0180823 0.0891577 -0.001279 0.00311694 0.00112291 -0.001279 0.0103579 -0.0188024 -0.00126893 0.00311694 -0.0188024 0.0909704 
0.00983385 -0.0181736 0.00108932 -0.00121924 -0.0181736 0.0893592 -0.00123423 0.00298813 0.00108932 -0.00123423 0.0103935 -0.0187633 -0.00121924 0.00298813 -0.0187633 0.0908832 
0.00978768 -0.0181728 0.0010731 -0.00119788 -0.0181728 0.0894367 -0.00119289 0.00288988 0.0010731 -0.00119289 0.0104615 -0.0188167 -0.00119788 0.00288988 -0.0188167 0.090954 
0.00977047 -0.0181208 0.00107892 -0.00117426 -0.0181208 0.0893744 -0.00116423 0.00281522 0.00107892 -0.00116423 0.0104279 -0.0188735 -0.00117426 0.00281522 -0.0188735 0.0910605 
0.00975696 -0.0180798 0.00107684 -0.00117748 -0.0180798 0.0892568 -0.00117245 0.00278267 0.00107684 -0.00117245 0.0104111 -0.0188749 -0.00117748 0.00278267 -0.0188749 0.0911387 
0.00979269 -0.0180567 0.00105949 -0.00116544 -0.0180567 0.0891584 -0.00116039 0.00275467 0.00105949 -0.00116039 0.0103275 -0.0188437 -0.00116544 0.00275467 -0.0188437 0.0911109 
0.00986146 -0.0181128 0.00105336 -0.00119882 -0.0181128 0.0892397 -0.00119381 0.00284909 0.00105336 -0.00119381 0.0102878 -0.0187548 -0.00119882 0.00284909 -0.0187548 0.0909752 
0.00986482 -0.0181905 0.00104945 -0.00119437 -0.0181905 0.0894081 -0.00119437 0.00288848 0.00104945 -0.00119437 0.0103196 -0.0187152 -0.00119437 0.00288848 -0.0187152 0.0908573 
0.00985244 -0.0182233 0.00104261 -0.0011773 -0.0182233 0.0895449 -0.0011773 0.00286843 0.00104261 -0.0011773 0.0103762 -0.0187471 -0.0011773 0.00286843 -0.0187471 0.090842 
0.0098836 -0.0182244 0.00105007 -0.00116453 -0.0182244 0.0896093 -0.00115956 0.00282175 0.00105007 -0.00115956 0.0103763 -0.0187918 -0.00116453 0.00282175 -0.0187918 0.0909231 
0.00993959 -0.0182722 0.00109613 -0.00119037 -0.0182722 0.0897241 -0.00119037 0.00285689 0.00109613 -0.00119037 0.0103761 -0.0188128 -0.00119037 0.00285689 -0.0188128 0.0910335 
0.0100146 -0.0183742 0.00113157 -0.00122628 -0.0183742 0.089967 -0.00122628 0.00291116 0.00113157 -0.00122628 0.0103137 -0.018778 -0.00122628 0.00291116 -0.018778 0.090949 
0.0100264 -0.0184288 0.00117662 -0.00125708 -0.0184288 0.0901324 -0.00126713 0.00299184 0.00117662 -0.00126713 0.0102728 -0.0187305 -0.00125708 0.00299184 -0.0187305 0.0908565 
0.0100244 -0.0184219 0.00119747 -0.00132884 -0.0184219 0.090154 -0.00133389 0.00315789 0.00119747 -0.00133389 0.0102467 -0.0186947 -0.00132884 0.00315789 -0.0186947 0.0907906 
0.0100238 -0.018413 0.00121072 -0.00134188 -0.018413 0.0901281 -0.00135197 0.00324877 0.00121072 -0.00135197 0.0102558 -0.0186602 -0.00134188 0.00324877 -0.0186602 0.0907082 
0.0100515 -0.0183984 0.0012306 -0.00137181 -0.0183984 0.0900907 -0.00137181 0.00330344 0.0012306 -0.00137181 0.0102382 -0.0186657 -0.00137181 0.00330344 -0.0186657 0.0906858 
0.00998839 -0.0184172 0.00122647 -0.00136274 -0.0184172 0.090052 -0.00136274 0.00328067 0.00122647 -0.00136274 0.0102912 -0.0186544 -0.00136274 0.00328067 -0.0186544 0.0906677 
0.00990434 -0.0183505 0.00122606 -0.00137238 -0.0183505 0.0899665 -0.00137742 0.00330481 0.00122606 -0.00137742 0.0103887 -0.0187239 -0.00137238 0.00330481 -0.0187239 0.0907687 
