0.00845792 0 0.00100657 0 0 0.00998466 0 0 0.00100657 0 0.00632317 0 0 0 0 0.00998466 
0.0117286 -0.0145501 0.00127859 -0.00154906 -0.0145501 0.037073 -0.00154906 0.00298133 0.00127859 -0.00154906 0.00909152 -0.0113229 -0.00154906 0.00298133 -0.0113229 0.0309075 
0.0115479 -0.021364 0.00119418 -0.00180691 -0.021364 0.0774156 -0.00180691 0.00563954 0.00119418 -0.00180691 0.0093909 -0.017844 -0.00180691 0.00563954 -0.017844 0.0663303 
0.0109407 -0.0204377 0.00111555 -0.00128854 -0.0204377 0.0899953 -0.00127661 0.00400881 0.00111555 -0.00127661 0.00891243 -0.0180456 -0.00128854 0.00400881 -0.0180456 0.0820194 
0.011031 -0.019682 0.00115611 -0.00121814 -0.019682 0.0919022 -0.00119559 0.0030792 0.00115611 -0.00119559 0.0088259 -0.0173867 -0.00121814 0.0030792 -0.0173867 0.0859299 
0.0112467 -0.019714 0.00117198 -0.00127413 -0.019714 0.0926456 -0.00127413 0.0030321 0.00117198 -0.00127413 0.00897264 -0.0172195 -0.00127413 0.0030321 -0.0172195 0.0868878 
0.0113143 -0.0199042 0.00115122 -0.00126061 -0.0199042 0.0933948 -0.00126061 0.00303693 0.00115122 -0.00126061 0.00912122 -0.017284 -0.00126061 0.00303693 -0.017284 0.087248 
0.0112752 -0.0198962 0.00111272 -0.00122501 -0.0198962 0.0936162 -0.0012199 0.00294512 0.00111272 -0.0012199 0.00921309 -0.0174309 -0.00122501 0.00294512 -0.0174309 0.0875983 
0.0112145 -0.0198321 0.00111439 -0.00122028 -0.0198321 0.093533 -0.0012102 0.00290951 0.00111439 -0.0012102 0.00927817 -0.0175125 -0.00122028 0.00290951 -0.0175125 0.0878451 
0.0111964 -0.019731 0.00112363 -0.00126346 -0.019731 0.0933066 -0.00124848 0.00300635 0.00112363 -0.00124848 0.00932867 -0.0176286 -0.00126346 0.00300635 -0.0176286 0.0881379 
0.011228 -0.0197149 0.00109942 -0.00122876 -0.0197149 0.0931821 -0.00122379 0.00294008 0.00109942 -0.00122379 0.00929284 -0.0176604 -0.00122876 0.00294008 -0.0176604 0.0882621 
0.0112736 -0.0197925 0.00108794 -0.0012127 -0.0197925 0.0933132 -0.00120771 0.00291448 0.00108794 -0.00120771 0.00924249 -0.0176066 -0.0012127 0.00291448 -0.0176066 0.0882328 
0.0112735 -0.0198531 0.00110046 -0.00120503 -0.0198531 0.0934943 -0.00121001 0.00291298 0.00110046 -0.00121001 0.00926677 -0.0175675 -0.00120503 0.00291298 -0.0175675 0.0881663 
0.0112369 -0.0198681 0.00111674 -0.0012309 -0.0198681 0.0936127 -0.0012309 0.0029482 0.00111674 -0.0012309 0.00934589 -0.0175899 -0.0012309 0.0029482 -0.0175899 0.0881432 
0.0112444 -0.0198398 0.00113384 -0.00126258 -0.0198398 0.0936386 -0.00126753 0.00303018 0.00113384 -0.00126753 0.00937772 -0.0176662 -0.00126258 0.00303018 -0.0176662 0.0882566 
0.0112397 -0.0198465 0.00111853 -0.00123236 -0.0198465 0.0936199 -0.00123731 0.0029745 0.00111853 -0.00123731 0.00937387 -0.0176886 -0.00123236 0.0029745 -0.0176886 0.0883292 
0.0111999 -0.0198232 0.0010958 -0.00120933 -0.0198232 0.0935728 -0.00120933 0.00289253 0.0010958 -0.00120933 0.00941799 -0.0177106 -0.00120933 0.00289253 -0.0177106 0.0884047 
0.0111223 -0.0197553 0.00109148 -0.00117544 -0.0197553 0.093423 -0.0011705 0.00279044 0.00109148 -0.0011705 0.00944799 -0.0177551 -0.00117544 0.00279044 -0.0177551 0.0884989 
0.0110795 -0.0196985 0.00111838 -0.00119294 -0.0196985 0.093318 -0.00119791 0.00281833 0.00111838 -0.00119791 0.00944911 -0.0177798 -0.00119294 0.00281833 -0.0177798 0.0885612 
0.0110447 -0.0196577 0.00112884 -0.00124818 -0.0196577 0.0932111 -0.00124321 0.00293895 0.00112884 -0.00124321 0.0094683 -0.0177779 -0.00124818 0.00293895 -0.0177779 0.0885813 
0.0110842 -0.0196287 0.00110891 -0.00125248 -0.0196287 0.0931436 -0.00125743 0.00299505 0.00110891 -0.00125743 0.0094505 -0.0177871 -0.00125248 0.00299505 -0.0177871 0.0885842 
0.0110826 -0.0196471 0.00109397 -0.00121223 -0.0196471 0.0931105 -0.00120731 0.00292218 0.00109397 -0.00120731 0.00946134 -0.0177844 -0.00121223 0.00292218 -0.0177844 0.0885966 
0.0111156 -0.0196228 0.00106216 -0.00117084 -0.0196228 0.093055 -0.00118073 0.0028209 0.00106216 -0.00118073 0.00939146 -0.0177949 -0.00117084 0.0028209 -0.0177949 0.0886137 
0.0111341 -0.0196774 0.00107781 -0.00118164 -0.0196774 0.0931317 -0.00118658 0.00282307 0.00107781 -0.00118658 0.00936409 -0.0177245 -0.00118164 0.00282307 -0.0177245 0.0885485 
0.0111428 -0.0197103 0.00106475 -0.00117866 -0.0197103 0.0932425 -0.00118856 0.00282778 0.00106475 -0.00118856 0.00935001 -0.0176848 -0.00117866 0.00282778 -0.0176848 0.0884091 
0.0110907 -0.0197185 0.00108469 -0.00115435 -0.0197185 0.0932884 -0.0011643 0.00278636 0.00108469 -0.0011643 0.00936914 -0.0176436 -0.00115435 0.00278636 -0.0176436 0.0882978 
0.011019 -0.0196493 0.00111939 -0.00120934 -0.0196493 0.0932092 -0.00119435 0.00285344 0.00111939 -0.00119435 0.00939988 -0.0176704 -0.00120934 0.00285344 -0.0176704 0.0882919 
0.0109931 -0.0195695 0.00114051 -0.00125104 -0.0195695 0.0930143 -0.00123597 0.00294422 0.00114051 -0.00123597 0.00938031 -0.0176904 -0.00125104 0.00294422 -0.0176904 0.0883115 
0.0109623 -0.0195321 0.00115604 -0.00128672 -0.0195321 0.0928904 -0.00126662 0.00304089 0.00115604 -0.00126662 0.00938403 -0.0176623 -0.00128672 0.00304089 -0.0176623 0.0882561 
0.0109502 -0.0194993 0.00116055 -0.00131562 -0.0194993 0.0927941 -0.00130562 0.00314149 0.00116055 -0.00130562 0.00940447 -0.0176634 -0.00131562 0.00314149 -0.0176634 0.0882519 
0.0109481 -0.0194938 0.00112378 -0.00127861 -0.0194938 0.0927494 -0.00127861 0.00310163 0.00112378 -0.00127861 0.00941978 -0.0176808 -0.00127861 0.00310163 -0.0176808 0.0882393 
0.0109921 -0.0195089 0.00111565 -0.00126507 -0.0195089 0.0927931 -0.00127503 0.00309792 0.00111565 -0.00127503 0.00941329 -0.017701 -0.00126507 0.00309792 -0.017701 0.0883006 
0.0110118 -0.0195383 0.00111064 -0.00124013 -0.0195383 0.0928207 -0.00125009 0.00303808 0.00111064 -0.00125009 0.00941803 -0.0177204 -0.00124013 0.00303808 -0.0177204 0.0883831 
0.0110262 -0.0195723 0.00113549 -0.00124506 -0.0195723 0.0929211 -0.00126 0.00303794 0.00113549 -0.00126 0.00944251 -0.0177346 -0.00124506 0.00303794 -0.0177346 0.0884538 
0.0110213 -0.0195729 0.00115724 -0.00123739 -0.0195729 0.0929398 -0.00124741 0.00298077 0.00115724 -0.00124741 0.00941321 -0.0177443 -0.00123739 0.00298077 -0.0177443 0.0884562 
0.0110396 -0.0196111 0.00117676 -0.00127649 -0.0196111 0.0930391 -0.0012715 0.0030167 0.00117676 -0.0012715 0.00941411 -0.0177013 -0.00127649 0.0030167 -0.0177013 0.0883969 
0.0110665 -0.0196033 0.00116568 -0.00131449 -0.0196033 0.0930312 -0.00130953 0.00310517 0.00116568 -0.00130953 0.00942465 -0.0177283 -0.00131449 0.00310517 -0.0177283 0.088428 
0.0110969 -0.0196239 0.00114881 -0.00132707 -0.0196239 0.0930487 -0.00131717 0.00318399 0.00114881 -0.00131717 0.00942817 -0.0177669 -0.00132707 0.00318399 -0.0177669 0.0885376 
0.0111327 -0.0196638 0.00114411 -0.00130329 -0.0196638 0.093101 -0.00129335 0.00317367 0.00114411 -0.00129335 0.00939665 -0.0177736 -0.00130329 0.00317367 -0.0177736 0.0885942 
0.0111233 -0.0196936 0.00113136 -0.00126151 -0.0196936 0.0931718 -0.00125651 0.00306868 0.00113136 -0.00125651 0.00934622 -0.0177113 -0.00126151 0.00306868 -0.0177113 0.0884762 
0.0111607 -0.0197187 0.00109769 -0.00125663 -0.0197187 0.0932937 -0.00125166 0.00301989 0.00109769 -0.00125166 0.00933284 -0.0176375 -0.00125663 0.00301989 -0.0176375 0.0883267 
0.0111639 -0.0197623 0.00111937 -0.00122833 -0.0197623 0.0933829 -0.00122833 0.00299653 0.00111937 -0.00122833 0.00935612 -0.0176226 -0.00122833 0.00299653 -0.0176226 0.0882021 
0.0111412 -0.019716 0.00112904 -0.00122852 -0.019716 0.0932829 -0.00122852 0.00295939 0.00112904 -0.00122852 0.00934073 -0.0176718 -0.00122852 0.00295939 -0.0176718 0.0882793 
0.01113 -0.019698 0.00115138 -0.00125605 -0.019698 0.0932368 -0.001271 0.00302548 0.00115138 -0.001271 0.00934561 -0.0176744 -0.00125605 0.00302548 -0.0176744 0.0883422 
0.0110993 -0.0197009 0.00115858 -0.00125889 -0.0197009 0.0932231 -0.00127394 0.00303939 0.00115858 -0.00127394 0.00932883 -0.0176495 -0.00125889 0.00303939 -0.0176495 0.0882828 
0.0110914 -0.0196829 0.00118208 -0.00128771 -0.0196829 0.0932133 -0.00129777 0.00310359 0.00118208 -0.00129777 0.00931077 -0.0176105 -0.00128771 0.00310359 -0.0176105 0.0881832 
0.0110336 -0.0196665 0.00116538 -0.00130543 -0.0196665 0.0931858 -0.00131543 0.00314104 0.00116538 -0.00131543 0.00936809 -0.0175708 -0.00130543 0.00314104 -0.0175708 0.0880591 
0.0109935 -0.0195584 0.00113932 -0.00130422 -0.0195584 0.0929697 -0.00130422 0.00315312 0.00113932 -0.00130422 0.0094094 -0.0176645 -0.00130422 0.00315312 -0.0176645 0.0881975 
0.0109463 -0.019508 0.00114724 -0.0012825 -0.019508 0.0927809 -0.00127749 0.00313612 0.00114724 -0.00127749 0.00945343 -0.0177346 -0.0012825 0.00313612 -0.0177346 0.0884024 
0.0109009 -0.0194606 0.00116063 -0.0012907 -0.0194606 0.0926505 -0.0012907 0.00313671 0.00116063 -0.0012907 0.00951519 -0.0177847 -0.0012907 0.00313671 -0.0177847 0.0885433 
0.0108686 -0.0193933 0.00117201 -0.00129722 -0.0193933 0.0924886 -0.00129222 0.00314039 0.00117201 -0.00129222 0.00955138 -0.0178656 -0.00129722 0.00314039 -0.0178656 0.0887372 
0.0108268 -0.0193407 0.00117399 -0.00129941 -0.0193407 0.0923385 -0.00128938 0.00312059 0.00117399 -0.00128938 0.00956748 -0.0179058 -0.00129941 0.00312059 -0.0179058 0.0888667 
0.0108617 -0.0193163 0.00115336 -0.00128876 -0.0193163 0.0922639 -0.00127873 0.003089 0.00115336 -0.00127873 0.00951774 -0.0179072 -0.00128876 0.003089 -0.0179072 0.0888841 
0.0108889 -0.0193609 0.00111091 -0.00124102 -0.0193609 0.0923057 -0.00123601 0.00297744 0.00111091 -0.00123601 0.00945776 -0.0178196 -0.00124102 0.00297744 -0.0178196 0.0887177 
0.0109252 -0.0194071 0.00104216 -0.00118178 -0.0194071 0.0924132 -0.00117679 0.00281732 0.00104216 -0.00117679 0.0093944 -0.0177267 -0.00118178 0.00281732 -0.0177267 0.0884589 
0.010915 -0.0194401 0.0010192 -0.00110455 -0.0194401 0.0924961 -0.00111459 0.00267603 0.0010192 -0.00111459 0.00933847 -0.0176628 -0.00110455 0.00267603 -0.0176628 0.0882687 
0.0108953 -0.0194303 0.00102159 -0.00111721 -0.0194303 0.0925218 -0.0011323 0.00268733 0.00102159 -0.0011323 0.00933521 -0.0176136 -0.00111721 0.00268733 -0.0176136 0.0881586 
0.0108681 -0.0193824 0.00105796 -0.0011592 -0.0193824 0.0924171 -0.00117439 0.00279423 0.00105796 -0.00117439 0.00933435 -0.0176209 -0.0011592 0.00279423 -0.0176209 0.0881549 
0.0108605 -0.0193348 0.00109115 -0.00118293 -0.0193348 0.0922737 -0.00119313 0.00285025 0.00109115 -0.00119313 0.00930029 -0.0176165 -0.00118293 0.00285025 -0.0176165 0.0881488 
0.0108435 -0.0193214 0.00110669 -0.00121837 -0.0193214 0.0922308 -0.00122853 0.00291902 0.00110669 -0.00122853 0.00931548 -0.01757 -0.00121837 0.00291902 -0.01757 0.0880782 
0.0107998 -0.0192951 0.00107845 -0.0012158 -0.0192951 0.0921314 -0.00122089 0.00292505 0.00107845 -0.00122089 0.00933472 -0.0175757 -0.0012158 0.00292505 -0.0175757 0.088021 
0.0107187 -0.019255 0.00107849 -0.0011904 -0.019255 0.0920731 -0.0011904 0.00287426 0.00107849 -0.0011904 0.0093757 -0.0175763 -0.0011904 0.00287426 -0.0175763 0.0879729 
0.0106778 -0.0191886 0.00105816 -0.00118473 -0.0191886 0.0919737 -0.00117967 0.00283526 0.00105816 -0.00117967 0.00943735 -0.0176191 -0.00118473 0.00283526 -0.0176191 0.0880094 
0.0106858 -0.0191387 0.0010333 -0.00118955 -0.0191387 0.0918627 -0.00117947 0.00283779 0.0010333 -0.00117947 0.00945089 -0.017682 -0.00118955 0.00283779 -0.017682 0.0881428 
0.0107279 -0.0191405 0.00104969 -0.00117023 -0.0191405 0.0917999 -0.00117023 0.00284772 0.00104969 -0.00117023 0.0094522 -0.0177392 -0.00117023 0.00284772 -0.0177392 0.0883143 
0.0107545 -0.0191671 0.00105535 -0.00115585 -0.0191671 0.0917899 -0.00116088 0.0028042 0.00105535 -0.00116088 0.00942775 -0.0177549 -0.00115585 0.0028042 -0.0177549 0.0884229 
0.0107166 -0.019202 0.00107519 -0.00116101 -0.019202 0.0918558 -0.0011711 0.00279651 0.00107519 -0.0011711 0.00944453 -0.0177281 -0.00116101 0.00279651 -0.0177281 0.0884283 
0.0106723 -0.0191929 0.00107076 -0.00118693 -0.0191929 0.0919137 -0.00119703 0.00283348 0.00107076 -0.00119703 0.00948028 -0.0177181 -0.00118693 0.00283348 -0.0177181 0.0883681 
0.0106433 -0.0191559 0.00108306 -0.00120958 -0.0191559 0.0918877 -0.00120958 0.00290502 0.00108306 -0.00120958 0.00950458 -0.0177388 -0.00120958 0.00290502 -0.0177388 0.0883652 
0.0106641 -0.0191287 0.00110231 -0.00124389 -0.0191287 0.091851 -0.00124389 0.00301366 0.00110231 -0.00124389 0.00949101 -0.0177634 -0.00124389 0.00301366 -0.0177634 0.0884025 
0.0106748 -0.0191247 0.0010872 -0.00121868 -0.0191247 0.0917954 -0.00122374 0.00296326 0.0010872 -0.00122374 0.00947637 -0.0177644 -0.00121868 0.00296326 -0.0177644 0.0884074 
0.0106825 -0.0191296 0.00107985 -0.00120096 -0.0191296 0.0917775 -0.00120096 0.00291157 0.00107985 -0.00120096 0.00946638 -0.0177469 -0.00120096 0.00291157 -0.0177469 0.0883916 
0.0106589 -0.0191436 0.00106942 -0.00119048 -0.0191436 0.0918033 -0.00119553 0.00286523 0.00106942 -0.00119553 0.00948855 -0.0177261 -0.00119048 0.00286523 -0.0177261 0.0883529 
0.0106144 -0.0191049 0.00106447 -0.00118555 -0.0191049 0.091741 -0.00117546 0.00283017 0.00106447 -0.00117546 0.00951968 -0.017763 -0.00118555 0.00283017 -0.017763 0.0884064 
0.0105994 -0.0190698 0.00106195 -0.00119281 -0.0190698 0.0916549 -0.00117268 0.00283858 0.00106195 -0.00117268 0.00954246 -0.0177965 -0.00119281 0.00283858 -0.0177965 0.0884791 
0.0106363 -0.019048 0.00105459 -0.00121529 -0.019048 0.0915939 -0.00121027 0.00293277 0.00105459 -0.00121027 0.00953653 -0.0178427 -0.00121529 0.00293277 -0.0178427 0.088626 
0.0106698 -0.0190976 0.00105537 -0.00120181 -0.0190976 0.0916505 -0.00119676 0.00292373 0.00105537 -0.00119676 0.00949832 -0.0178302 -0.00120181 0.00292373 -0.0178302 0.0886459 
0.0107114 -0.0191348 0.0010428 -0.00115416 -0.0191348 0.0917407 -0.00115416 0.00280441 0.0010428 -0.00115416 0.00943578 -0.0177832 -0.00115416 0.00280441 -0.0177832 0.0885363 
0.0107505 -0.0191297 0.00103018 -0.00114237 -0.0191297 0.0917214 -0.00113217 0.00273864 0.00103018 -0.00113217 0.00933278 -0.0177221 -0.00114237 0.00273864 -0.0177221 0.088437 
0.0108146 -0.0192028 0.00103771 -0.00117506 -0.0192028 0.0918428 -0.00116997 0.00280793 0.00103771 -0.00116997 0.00926821 -0.0176004 -0.00117506 0.00280793 -0.0176004 0.0882158 
0.0108344 -0.0192906 0.00104685 -0.00116374 -0.0192906 0.0920368 -0.00116374 0.00281024 0.00104685 -0.00116374 0.00927432 -0.0175119 -0.00116374 0.00281024 -0.0175119 0.0879459 
0.0107949 -0.0193187 0.00102952 -0.00116074 -0.0193187 0.0921625 -0.00116074 0.00278072 0.00102952 -0.00116074 0.00934141 -0.017512 -0.00116074 0.00278072 -0.017512 0.0878577 
0.0107405 -0.0192671 0.00103108 -0.00113217 -0.0192671 0.0921102 -0.00112206 0.00271418 0.00103108 -0.00112206 0.00940106 -0.0175891 -0.00113217 0.00271418 -0.0175891 0.0879201 
0.0106819 -0.0192042 0.00106718 -0.00113799 -0.0192042 0.0920154 -0.00113799 0.00270589 0.00106718 -0.00113799 0.00944785 -0.0176515 -0.00113799 0.00270589 -0.0176515 0.0880703 
0.0106119 -0.0191339 0.00104496 -0.00114134 -0.0191339 0.0918498 -0.00115656 0.00269356 0.00104496 -0.00115656 0.00948072 -0.0176984 -0.00114134 0.00269356 -0.0176984 0.0881823 
0.0105713 -0.0190396 0.00102875 -0.00116052 -0.0190396 0.09162 -0.00116558 0.00276193 0.00102875 -0.00116558 0.00948684 -0.0177422 -0.00116052 0.00276193 -0.0177422 0.0883056 
0.0105779 -0.0190049 0.00103002 -0.00117645 -0.0190049 0.0915003 -0.00119159 0.00285781 0.00103002 -0.00119159 0.00951761 -0.0177679 -0.00117645 0.00285781 -0.0177679 0.0884153 
0.0105838 -0.0190276 0.00103723 -0.00116814 -0.0190276 0.0915179 -0.00117821 0.00286497 0.00103723 -0.00117821 0.00954654 -0.017789 -0.00116814 0.00286497 -0.017789 0.0884616 
0.0106064 -0.0190301 0.00103342 -0.00114937 -0.0190301 0.0915259 -0.00115945 0.00281293 0.00103342 -0.00115945 0.00953269 -0.0178253 -0.00114937 0.00281293 -0.0178253 0.0885315 
0.0106158 -0.0190663 0.00105505 -0.00117563 -0.0190663 0.0916038 -0.0011907 0.00286372 0.00105505 -0.0011907 0.0095608 -0.0178304 -0.00117563 0.00286372 -0.0178304 0.0885944 
0.010582 -0.0190788 0.00108041 -0.00119148 -0.0190788 0.0916632 -0.00120158 0.00288782 0.00108041 -0.00120158 0.00958737 -0.017847 -0.00119148 0.00288782 -0.017847 0.0886138 
0.010554 -0.0190336 0.00108014 -0.00119623 -0.0190336 0.0916148 -0.00120632 0.00289214 0.00108014 -0.00120632 0.00962533 -0.0178879 -0.00119623 0.00289214 -0.0178879 0.0887126 
0.0105236 -0.019026 0.00109108 -0.00121175 -0.019026 0.0915952 -0.00120169 0.00290619 0.00109108 -0.00120169 0.00968394 -0.0179148 -0.00121175 0.00290619 -0.0179148 0.0887795 
0.0104866 -0.0189886 0.00110809 -0.0012189 -0.0189886 0.091503 -0.00119875 0.00289614 0.00110809 -0.00119875 0.00972096 -0.0179762 -0.0012189 0.00289614 -0.0179762 0.0888788 
0.0104665 -0.0189321 0.00112105 -0.0012417 -0.0189321 0.091388 -0.00122662 0.00294087 0.00112105 -0.00122662 0.00974759 -0.0180323 -0.0012417 0.00294087 -0.0180323 0.0890253 
0.0105249 -0.0189358 0.00110709 -0.0012674 -0.0189358 0.0913777 -0.00124736 0.00299566 0.00110709 -0.00124736 0.00972839 -0.0180591 -0.0012674 0.00299566 -0.0180591 0.0891234 
0.0105846 -0.0189905 0.00107192 -0.00122149 -0.0189905 0.0914426 -0.00120654 0.00292161 0.00107192 -0.00120654 0.00970215 -0.0180482 -0.00122149 0.00292161 -0.0180482 0.0891541 
0.0106372 -0.0190593 0.00107019 -0.00118965 -0.0190593 0.0915784 -0.00118965 0.00288205 0.00107019 -0.00118965 0.0096765 -0.0180339 -0.00118965 0.00288205 -0.0180339 0.0891393 
0.0106756 -0.01912 0.00105555 -0.00116061 -0.01912 0.0917532 -0.00116561 0.00278646 0.00105555 -0.00116561 0.00961505 -0.0179844 -0.00116061 0.00278646 -0.0179844 0.0890417 
0.0106772 -0.0191699 0.00106221 -0.00116743 -0.0191699 0.0918761 -0.00118246 0.0027908 0.00106221 -0.00118246 0.00959997 -0.0179323 -0.00116743 0.0027908 -0.0179323 0.088935 
0.0106552 -0.0191463 0.0010846 -0.00118001 -0.0191463 0.09187 -0.00119507 0.00283202 0.0010846 -0.00119507 0.00960578 -0.0179211 -0.00118001 0.00283202 -0.0179211 0.0889124 
0.0106472 -0.0191318 0.00110385 -0.00121926 -0.0191318 0.0918355 -0.00123431 0.00293524 0.00110385 -0.00123431 0.00961857 -0.0179326 -0.00121926 0.00293524 -0.0179326 0.0889203 
0.0106738 -0.0190951 0.00110609 -0.00120664 -0.0190951 0.0917199 -0.00122173 0.00291605 0.00110609 -0.00122173 0.0095727 -0.0179488 -0.00120664 0.00291605 -0.0179488 0.0889497 
0.0106633 -0.0191285 0.00112431 -0.00122515 -0.0191285 0.091735 -0.00123523 0.00294944 0.00112431 -0.00123523 0.00956928 -0.0178932 -0.00122515 0.00294944 -0.0178932 0.0888864 
0.010658 -0.0191035 0.00113651 -0.00125269 -0.0191035 0.091709 -0.00126279 0.0030206 0.00113651 -0.00126279 0.00956186 -0.0178963 -0.00125269 0.0030206 -0.0178963 0.0888602 
0.0107069 -0.0191313 0.00114878 -0.00128986 -0.0191313 0.0917817 -0.00128986 0.00310373 0.00114878 -0.00128986 0.00955303 -0.0178666 -0.00128986 0.00310373 -0.0178666 0.0887938 
0.0107301 -0.0191821 0.00114407 -0.00129527 -0.0191821 0.0918584 -0.00130031 0.00312982 0.00114407 -0.00130031 0.00953058 -0.0178566 -0.00129527 0.00312982 -0.0178566 0.0887337 
0.0107001 -0.0192269 0.00113455 -0.00128078 -0.0192269 0.0920198 -0.00128078 0.00310615 0.00113455 -0.00128078 0.0095605 -0.01781 -0.00128078 0.00310615 -0.01781 0.0886061 
0.0106773 -0.0192242 0.00113054 -0.00128128 -0.0192242 0.0920812 -0.00127625 0.00310522 0.00113054 -0.00127625 0.00960707 -0.0178374 -0.00128128 0.00310522 -0.0178374 0.0885991 
0.0106978 -0.019158 0.00110109 -0.00122737 -0.019158 0.0919514 -0.00122231 0.00298507 0.00110109 -0.00122231 0.00955628 -0.0178953 -0.00122737 0.00298507 -0.0178953 0.0886835 
0.0107248 -0.0191554 0.00108618 -0.00119277 -0.0191554 0.0918638 -0.0011877 0.00287788 0.00108618 -0.0011877 0.0094762 -0.017851 -0.00119277 0.00287788 -0.017851 0.0886763 
0.0107466 -0.0192256 0.00112112 -0.00123727 -0.0192256 0.0919871 -0.00123222 0.00295934 0.00112112 -0.00123222 0.00948403 -0.017751 -0.00123727 0.00295934 -0.017751 0.0885227 
0.0106884 -0.0192089 0.00114951 -0.00126042 -0.0192089 0.0919756 -0.00126042 0.0030351 0.00114951 -0.00126042 0.0095641 -0.0177871 -0.00126042 0.0030351 -0.0177871 0.0885372 
0.0106986 -0.0191571 0.0011452 -0.00128082 -0.0191571 0.0919027 -0.0012758 0.00306393 0.0011452 -0.0012758 0.0095936 -0.0178762 -0.00128082 0.00306393 -0.0178762 0.088673 
0.0107363 -0.0192041 0.00116176 -0.00129196 -0.0192041 0.0919743 -0.00128194 0.0030997 0.00116176 -0.00128194 0.00958452 -0.0178821 -0.00129196 0.0030997 -0.0178821 0.0887194 
0.0107681 -0.0192369 0.00115462 -0.00128012 -0.0192369 0.0920582 -0.00129016 0.00308735 0.00115462 -0.00129016 0.00954819 -0.0178765 -0.00128012 0.00308735 -0.0178765 0.0887299 
0.0107808 -0.0192832 0.00113667 -0.00129189 -0.0192832 0.09218 -0.0012969 0.00310455 0.00113667 -0.0012969 0.009559 -0.0178512 -0.00129189 0.00310455 -0.0178512 0.08871 
0.0108161 -0.0192885 0.00109707 -0.00125166 -0.0192885 0.0922387 -0.00125166 0.0030319 0.00109707 -0.00125166 0.0095495 -0.0178673 -0.00125166 0.0030319 -0.0178673 0.0887131 
0.0108703 -0.019345 0.00109801 -0.00122778 -0.019345 0.0923279 -0.00122778 0.00299458 0.00109801 -0.00122778 0.00948783 -0.0178477 -0.00122778 0.00299458 -0.0178477 0.0886945 
0.0109038 -0.0193967 0.00111038 -0.00123543 -0.0193967 0.0924219 -0.00123543 0.00299603 0.00111038 -0.00123543 0.00946827 -0.0178111 -0.00123543 0.00299603 -0.0178111 0.0886756 
0.0109294 -0.0194162 0.00112855 -0.00125395 -0.0194162 0.0924813 -0.00125897 0.00304459 0.00112855 -0.00125897 0.00943472 -0.017791 -0.00125395 0.00304459 -0.017791 0.0886442 
0.0109152 -0.0194506 0.00110458 -0.00123512 -0.0194506 0.0925587 -0.0012301 0.00296228 0.00110458 -0.0012301 0.00941402 -0.0177184 -0.00123512 0.00296228 -0.0177184 0.0884617 
0.0108992 -0.0194236 0.00107628 -0.00118744 -0.0194236 0.0925297 -0.00118744 0.00287008 0.00107628 -0.00118744 0.00936818 -0.0176904 -0.00118744 0.00287008 -0.0176904 0.0883307 
0.0109298 -0.0194123 0.00107482 -0.00120097 -0.0194123 0.0925151 -0.00119592 0.00287627 0.00107482 -0.00119592 0.00932014 -0.0176361 -0.00120097 0.00287627 -0.0176361 0.0882108 
0.0109423 -0.0194116 0.00104547 -0.0011661 -0.0194116 0.092459 -0.00117113 0.00280468 0.00104547 -0.00117113 0.00930873 -0.0175971 -0.0011661 0.00280468 -0.0175971 0.0881314 
0.0108799 -0.0193989 0.00105484 -0.0011553 -0.0193989 0.0923786 -0.00116032 0.00279783 0.00105484 -0.00116032 0.00936795 -0.0176208 -0.0011553 0.00279783 -0.0176208 0.0881642 
0.0107803 -0.0193591 0.00106795 -0.00117374 -0.0193591 0.0923123 -0.00117374 0.002821 0.00106795 -0.00117374 0.00944028 -0.0176464 -0.00117374 0.002821 -0.0176464 0.0881966 
0.0107052 -0.0192673 0.00107909 -0.00120011 -0.0192673 0.0921867 -0.00119003 0.00285909 0.00107909 -0.00119003 0.00951517 -0.0177243 -0.00120011 0.00285909 -0.0177243 0.0883191 
0.0106517 -0.019171 0.0010712 -0.00120196 -0.019171 0.0919675 -0.0011919 0.00287666 0.0010712 -0.0011919 0.00957041 -0.0178232 -0.00120196 0.00287666 -0.0178232 0.0885376 
0.0106237 -0.0190966 0.00107791 -0.00119824 -0.0190966 0.0917577 -0.00119824 0.00288278 0.00107791 -0.00119824 0.00962098 -0.0179084 -0.00119824 0.00288278 -0.0179084 0.0887697 
0.0105792 -0.0190566 0.00108105 -0.00116653 -0.0190566 0.0915723 -0.00116653 0.00280067 0.00108105 -0.00116653 0.0096339 -0.0179454 -0.00116653 0.00280067 -0.0179454 0.0888873 
0.0105518 -0.0190023 0.00110093 -0.00120147 -0.0190023 0.0914676 -0.00120147 0.00285538 0.00110093 -0.00120147 0.00965198 -0.0179768 -0.00120147 0.00285538 -0.0179768 0.0889892 
0.0105971 -0.0190038 0.00109522 -0.00124025 -0.0190038 0.0914633 -0.00123025 0.00293559 0.00109522 -0.00123025 0.00963693 -0.0179786 -0.00124025 0.00293559 -0.0179786 0.0890128 
0.0106312 -0.0190661 0.00107062 -0.0012057 -0.0190661 0.0915681 -0.0012007 0.00290168 0.00107062 -0.0012007 0.00960557 -0.0179404 -0.0012057 0.00290168 -0.0179404 0.0889366 
0.0106611 -0.0191411 0.00107059 -0.00120504 -0.0191411 0.0917868 -0.00121001 0.00291798 0.00107059 -0.00121001 0.00961538 -0.0179012 -0.00120504 0.00291798 -0.0179012 0.088839 
0.010589 -0.019147 0.00108285 -0.00119263 -0.019147 0.0918477 -0.00119762 0.00289924 0.00108285 -0.00119762 0.00969076 -0.0179394 -0.00119263 0.00289924 -0.0179394 0.0888686 
0.0105399 -0.0190387 0.00106797 -0.0012077 -0.0190387 0.0916953 -0.00120271 0.00289948 0.00106797 -0.00120271 0.00975641 -0.0180556 -0.0012077 0.00289948 -0.0180556 0.0891102 
0.0104786 -0.0189875 0.00106986 -0.00117985 -0.0189875 0.0915231 -0.00117985 0.00285463 0.00106986 -0.00117985 0.00980872 -0.0181126 -0.00117985 0.00285463 -0.0181126 0.0893034 
0.0104272 -0.0189266 0.00110949 -0.00119985 -0.0189266 0.0913696 -0.00119985 0.00288668 0.00110949 -0.00119985 0.00984482 -0.0181685 -0.00119985 0.00288668 -0.0181685 0.0894569 
0.0104453 -0.01887 0.00111356 -0.00119922 -0.01887 0.0912311 -0.00119922 0.00284688 0.00111356 -0.00119922 0.0097852 -0.0181797 -0.00119922 0.00284688 -0.0181797 0.0894827 
0.0105046 -0.0188577 0.00114136 -0.00125752 -0.0188577 0.0911423 -0.00126257 0.00297966 0.00114136 -0.00126257 0.00971168 -0.0181456 -0.00125752 0.00297966 -0.0181456 0.0894808 
0.0105728 -0.0189307 0.00114547 -0.00128739 -0.0189307 0.091222 -0.00129752 0.00309175 0.00114547 -0.00129752 0.00961485 -0.0180487 -0.00128739 0.00309175 -0.0180487 0.0892959 
0.0106433 -0.019028 0.00112169 -0.0012638 -0.019028 0.0914148 -0.00126887 0.0030656 0.00112169 -0.00126887 0.00952671 -0.0179114 -0.0012638 0.0030656 -0.0179114 0.0889836 
0.0106951 -0.0191139 0.00109237 -0.00121939 -0.0191139 0.0916472 -0.00122447 0.00295194 0.00109237 -0.00122447 0.0094401 -0.0177675 -0.00121939 0.00295194 -0.0177675 0.0885886 
0.010693 -0.0191674 0.00108399 -0.00120556 -0.0191674 0.0917997 -0.00121062 0.00290246 0.00108399 -0.00121062 0.00944691 -0.0176883 -0.00120556 0.00290246 -0.0176883 0.0883299 
0.0106773 -0.0191526 0.00103296 -0.00115389 -0.0191526 0.0918074 -0.00115389 0.00276128 0.00103296 -0.00115389 0.0094478 -0.0176863 -0.00115389 0.00276128 -0.0176863 0.0882298 
0.0106388 -0.0191196 0.00102859 -0.00114456 -0.0191196 0.091736 -0.00113447 0.00273786 0.00102859 -0.00113447 0.00948924 -0.0177331 -0.00114456 0.00273786 -0.0177331 0.0883175 
0.0106171 -0.0191017 0.00104118 -0.00119135 -0.0191017 0.0917391 -0.00117634 0.00284823 0.00104118 -0.00117634 0.00958087 -0.0177902 -0.00119135 0.00284823 -0.0177902 0.0884604 
0.0106472 -0.0190539 0.00105022 -0.00119525 -0.0190539 0.0916188 -0.00118024 0.00288059 0.00105022 -0.00118024 0.00958697 -0.0179137 -0.00119525 0.00288059 -0.0179137 0.0887332 
0.010687 -0.0191278 0.00108317 -0.00120297 -0.0191278 0.0917304 -0.00120297 0.00293006 0.00108317 -0.00120297 0.00959883 -0.0179148 -0.00120297 0.00293006 -0.0179148 0.0888553 
