0.00599319 0 0.00123529 0 0 0.00999091 0 0 0.00123529 0 0.0084434 0 0 0 0 0.00999091 
0.00869894 -0.010835 0.00154166 -0.00188219 -0.010835 0.0299603 -0.00188219 0.00360959 0.00154166 -0.00188219 0.0116956 -0.0145003 -0.00188219 0.00360959 -0.0145003 0.0369937 
0.00892577 -0.0170847 0.00138287 -0.00221258 -0.0170847 0.0639135 -0.00221258 0.00692061 0.00138287 -0.00221258 0.0115846 -0.021271 -0.00221258 0.00692061 -0.021271 0.0771073 
0.00841222 -0.0174031 0.00130356 -0.00157158 -0.0174031 0.0797303 -0.00156549 0.00514723 0.00130356 -0.00156549 0.010995 -0.0204184 -0.00157158 0.00514723 -0.0204184 0.0896227 
0.00827902 -0.0168245 0.00139625 -0.00147736 -0.0168245 0.084366 -0.00146577 0.0038759 0.00139625 -0.00146577 0.0110947 -0.0196808 -0.00147736 0.0038759 -0.0196808 0.0916138 
0.00834551 -0.016498 0.00146722 -0.00159409 -0.016498 0.0851871 -0.00160512 0.00379492 0.00146722 -0.00160512 0.0113517 -0.0198185 -0.00159409 0.00379492 -0.0198185 0.0926942 
0.0084385 -0.0164354 0.00145785 -0.00164939 -0.0164354 0.0851991 -0.00166003 0.00393726 0.00145785 -0.00166003 0.0114659 -0.0200534 -0.00164939 0.00393726 -0.0200534 0.0936482 
0.00851793 -0.0164993 0.00142226 -0.00162023 -0.0164993 0.0852158 -0.00161502 0.00393336 0.00142226 -0.00161502 0.011451 -0.0201096 -0.00162023 0.00393336 -0.0201096 0.0940724 
0.00860754 -0.0165988 0.00140206 -0.00159722 -0.0165988 0.0853923 -0.00159722 0.00389291 0.00140206 -0.00159722 0.0113911 -0.0200295 -0.00159722 0.00389291 -0.0200295 0.0940204 
0.00866769 -0.0167155 0.00138195 -0.00160042 -0.0167155 0.0856556 -0.00160042 0.00390706 0.00138195 -0.00160042 0.0113452 -0.0199367 -0.00160042 0.00390706 -0.0199367 0.0938102 
0.00866229 -0.0168048 0.00134011 -0.00155412 -0.0168048 0.0859044 -0.00154902 0.00379102 0.00134011 -0.00154902 0.0113425 -0.0198825 -0.00155412 0.00379102 -0.0198825 0.0935935 
0.00866863 -0.0167852 0.00134425 -0.00151803 -0.0167852 0.0859758 -0.00152825 0.00373119 0.00134425 -0.00152825 0.0112907 -0.0198775 -0.00151803 0.00373119 -0.0198775 0.09352 
0.00868116 -0.0167931 0.00137422 -0.00154856 -0.0167931 0.0860168 -0.00155369 0.0037791 0.00137422 -0.00155369 0.011245 -0.0198236 -0.00154856 0.0037791 -0.0198236 0.093452 
0.00872114 -0.0168058 0.00135514 -0.00157586 -0.0168058 0.0860564 -0.001581 0.00382416 0.00135514 -0.001581 0.0112056 -0.0197778 -0.00157586 0.00382416 -0.0197778 0.0933403 
0.00872356 -0.0168412 0.00134011 -0.00156603 -0.0168412 0.0861111 -0.0015763 0.00387143 0.00134011 -0.0015763 0.0111881 -0.019732 -0.00156603 0.00387143 -0.019732 0.0932276 
0.00876526 -0.0168527 0.00135048 -0.00156101 -0.0168527 0.0861532 -0.00155587 0.00386144 0.00135048 -0.00155587 0.0111633 -0.019718 -0.00156101 0.00386144 -0.019718 0.0931932 
0.0087433 -0.0168698 0.00133642 -0.00153175 -0.0168698 0.086148 -0.00153175 0.00376255 0.00133642 -0.00153175 0.0111746 -0.019702 -0.00153175 0.00376255 -0.019702 0.0931796 
0.00871679 -0.0168285 0.00133316 -0.001528 -0.0168285 0.0860911 -0.001528 0.00374309 0.00133316 -0.001528 0.0112036 -0.0197358 -0.001528 0.00374309 -0.0197358 0.0932235 
0.00867077 -0.016798 0.00130754 -0.00150751 -0.016798 0.0859899 -0.00151264 0.00369187 0.00130754 -0.00151264 0.0112551 -0.019772 -0.00150751 0.00369187 -0.019772 0.0933172 
0.00864136 -0.0167714 0.00129365 -0.0015084 -0.0167714 0.0859688 -0.00151352 0.00369175 0.00129365 -0.00151352 0.0112951 -0.0198035 -0.0015084 0.00369175 -0.0198035 0.0933727 
0.00869125 -0.0167541 0.00130242 -0.00151527 -0.0167541 0.0859496 -0.00152033 0.00374509 0.00130242 -0.00152033 0.011291 -0.0198606 -0.00151527 0.00374509 -0.0198606 0.0934752 
0.00870845 -0.016816 0.00127317 -0.00148706 -0.016816 0.0860354 -0.00148706 0.0036769 0.00127317 -0.00148706 0.0112752 -0.0198512 -0.00148706 0.0036769 -0.0198512 0.093486 
0.00865323 -0.0168294 0.00124644 -0.00142083 -0.0168294 0.0860912 -0.00142596 0.00351361 0.00124644 -0.00142596 0.0112949 -0.0198301 -0.00142083 0.00351361 -0.0198301 0.093457 
0.0085832 -0.0167388 0.00123132 -0.00138073 -0.0167388 0.085966 -0.00139104 0.00336425 0.00123132 -0.00139104 0.0113189 -0.0198609 -0.00138073 0.00336425 -0.0198609 0.0935033 
0.00856278 -0.0166616 0.00124756 -0.00138159 -0.0166616 0.0857773 -0.00138675 0.0033251 0.00124756 -0.00138675 0.0113157 -0.0198836 -0.00138159 0.0033251 -0.0198836 0.0935617 
0.00857689 -0.0166581 0.00124961 -0.00143551 -0.0166581 0.0857069 -0.00144583 0.00345451 0.00124961 -0.00144583 0.011293 -0.0198595 -0.00143551 0.00345451 -0.0198595 0.0935144 
0.00861896 -0.016686 0.00127917 -0.00148549 -0.016686 0.0857511 -0.00148549 0.00361057 0.00127917 -0.00148549 0.0112753 -0.0198324 -0.00148549 0.00361057 -0.0198324 0.0934417 
0.00859615 -0.016717 0.00127599 -0.0014878 -0.016717 0.085791 -0.00148263 0.00363683 0.00127599 -0.00148263 0.0112979 -0.0198063 -0.0014878 0.00363683 -0.0198063 0.0933902 
0.00859504 -0.0166651 0.0012661 -0.00147197 -0.0166651 0.0857137 -0.00145653 0.00360271 0.0012661 -0.00145653 0.0113331 -0.0198767 -0.00147197 0.00360271 -0.0198767 0.0935161 
0.00863508 -0.0166761 0.00128553 -0.00146991 -0.0166761 0.0857055 -0.00145967 0.00359027 0.00128553 -0.00145967 0.0113291 -0.0199078 -0.00146991 0.00359027 -0.0199078 0.0936184 
0.00866565 -0.0167615 0.00130395 -0.0014785 -0.0167615 0.0858608 -0.00146823 0.00359358 0.00130395 -0.00146823 0.0113095 -0.0198725 -0.0014785 0.00359358 -0.0198725 0.0935613 
0.00873647 -0.0168053 0.00134052 -0.00151001 -0.0168053 0.0860293 -0.00151001 0.00366716 0.00134052 -0.00151001 0.0112532 -0.0198561 -0.00151001 0.00366716 -0.0198561 0.0934972 
0.00878232 -0.0169108 0.00137964 -0.00154437 -0.0169108 0.0862582 -0.00155981 0.00376826 0.00137964 -0.00155981 0.0112121 -0.0197576 -0.00154437 0.00376826 -0.0197576 0.0933108 
0.00876565 -0.0169291 0.00138459 -0.00158019 -0.0169291 0.0863543 -0.00158019 0.00382436 0.00138459 -0.00158019 0.0112106 -0.0197292 -0.00158019 0.00382436 -0.0197292 0.0931898 
0.00872532 -0.0168854 0.00135659 -0.00156727 -0.0168854 0.0862717 -0.00156213 0.00379742 0.00135659 -0.00156213 0.0112432 -0.0197579 -0.00156727 0.00379742 -0.0197579 0.0932448 
0.00870652 -0.0168313 0.00134221 -0.00154635 -0.0168313 0.0861466 -0.00153615 0.00376636 0.00134221 -0.00153615 0.0112889 -0.0198066 -0.00154635 0.00376636 -0.0198066 0.0933476 
0.0086821 -0.0167955 0.00131501 -0.00150287 -0.0167955 0.0860137 -0.00148763 0.00364039 0.00131501 -0.00148763 0.0113223 -0.0198622 -0.00150287 0.00364039 -0.0198622 0.0934823 
0.00877579 -0.0168135 0.00132951 -0.00152161 -0.0168135 0.0860593 -0.0015115 0.00369028 0.00132951 -0.0015115 0.011273 -0.019882 -0.00152161 0.00369028 -0.019882 0.0935713 
0.00886761 -0.0169355 0.00133115 -0.00152855 -0.0169355 0.0862871 -0.00152855 0.00372014 0.00133115 -0.00152855 0.0111959 -0.0198256 -0.00152855 0.00372014 -0.0198256 0.0935148 
0.00889949 -0.0170633 0.00133442 -0.00153229 -0.0170633 0.0866102 -0.00153229 0.00374448 0.00133442 -0.00153229 0.0111776 -0.0197372 -0.00153229 0.00374448 -0.0197372 0.0933178 
0.00891856 -0.0171033 0.00135052 -0.0015289 -0.0171033 0.0868005 -0.0015238 0.00372031 0.00135052 -0.0015238 0.0111457 -0.0197075 -0.0015289 0.00372031 -0.0197075 0.0931913 
0.00895222 -0.0170925 0.00136516 -0.00156309 -0.0170925 0.0868376 -0.00155801 0.00378084 0.00136516 -0.00155801 0.0111395 -0.0197061 -0.00156309 0.00378084 -0.0197061 0.0932117 
0.00897199 -0.0171352 0.00134959 -0.00154672 -0.0171352 0.0868842 -0.00154672 0.00377076 0.00134959 -0.00154672 0.0111455 -0.0196929 -0.00154672 0.00377076 -0.0196929 0.0931874 
0.00895845 -0.0171767 0.00134351 -0.00151589 -0.0171767 0.0869684 -0.00152096 0.00369086 0.00134351 -0.00152096 0.0111537 -0.0196812 -0.00151589 0.00369086 -0.0196812 0.0931182 
0.00897895 -0.0171721 0.0013689 -0.00153114 -0.0171721 0.0870213 -0.00154128 0.0037163 0.0013689 -0.00154128 0.0111337 -0.0196868 -0.00153114 0.0037163 -0.0196868 0.0931104 
0.00897943 -0.01718 0.00138967 -0.00154748 -0.01718 0.0870404 -0.00156784 0.00375161 0.00138967 -0.00156784 0.0111123 -0.0196641 -0.00154748 0.00375161 -0.0196641 0.0930725 
0.00888648 -0.0171601 0.00136872 -0.00155258 -0.0171601 0.0869956 -0.0015628 0.00375888 0.00136872 -0.0015628 0.0111694 -0.0196422 -0.00155258 0.00375888 -0.0196422 0.093017 
0.00878555 -0.0170486 0.00135753 -0.00155732 -0.0170486 0.0868002 -0.00155732 0.0037806 0.00135753 -0.00155732 0.0112342 -0.0197124 -0.00155732 0.0037806 -0.0197124 0.093096 
0.00874251 -0.0169124 0.00133438 -0.00155422 -0.0169124 0.0864793 -0.00154911 0.0037782 0.00133438 -0.00154911 0.0112783 -0.0198061 -0.00155422 0.0037782 -0.0198061 0.0933097 
0.00872898 -0.0168447 0.00132877 -0.00152297 -0.0168447 0.0862115 -0.00151786 0.00373588 0.00132877 -0.00151786 0.0112741 -0.0198497 -0.00152297 0.00373588 -0.0198497 0.0934686 
0.00876642 -0.0168335 0.0013175 -0.00152526 -0.0168335 0.0861187 -0.00151512 0.00372446 0.0013175 -0.00151512 0.0112747 -0.0198638 -0.00152526 0.00372446 -0.0198638 0.0935625 
0.00877732 -0.0168998 0.00131482 -0.0014925 -0.0168998 0.0862147 -0.0014925 0.00363479 0.00131482 -0.0014925 0.0112547 -0.0198137 -0.0014925 0.00363479 -0.0198137 0.0934589 
0.00885864 -0.0169087 0.00132399 -0.00150592 -0.0169087 0.0863022 -0.00151097 0.00365362 0.00132399 -0.00151097 0.0112085 -0.0198347 -0.00150592 0.00365362 -0.0198347 0.0935033 
0.00895034 -0.0170127 0.00132951 -0.00152517 -0.0170127 0.0864581 -0.0015352 0.00372262 0.00132951 -0.0015352 0.0111829 -0.0198021 -0.00152517 0.00372262 -0.0198021 0.093517 
0.00896661 -0.0171213 0.00134324 -0.00151365 -0.0171213 0.086734 -0.00152367 0.0036939 0.00134324 -0.00152367 0.011192 -0.0197626 -0.00151365 0.0036939 -0.0197626 0.0934201 
0.00894822 -0.0171729 0.00134148 -0.00152738 -0.0171729 0.08695 -0.00152738 0.00369786 0.00134148 -0.00152738 0.0112041 -0.0197655 -0.00152738 0.00369786 -0.0197655 0.0933609 
0.00897831 -0.0171478 0.00134472 -0.00149639 -0.0171478 0.0869875 -0.00149639 0.00362469 0.00134472 -0.00149639 0.0111521 -0.0197715 -0.00149639 0.00362469 -0.0197715 0.0933573 
0.00896331 -0.0171738 0.00133894 -0.00150062 -0.0171738 0.0870108 -0.00149557 0.00359745 0.00133894 -0.00149557 0.0111359 -0.0197051 -0.00150062 0.00359745 -0.0197051 0.0932507 
0.00900063 -0.0172179 0.00135439 -0.00156665 -0.0172179 0.0871661 -0.00155654 0.00374984 0.00135439 -0.00155654 0.0111131 -0.0196437 -0.00156665 0.00374984 -0.0196437 0.0930739 
0.00902604 -0.0172542 0.0013722 -0.00156533 -0.0172542 0.087267 -0.00155008 0.00379643 0.0013722 -0.00155008 0.0110742 -0.0196072 -0.00156533 0.00379643 -0.0196072 0.0929235 
0.00904162 -0.0172715 0.00141419 -0.00158267 -0.0172715 0.0873223 -0.00157246 0.00382903 0.00141419 -0.00157246 0.0110276 -0.0195536 -0.00158267 0.00382903 -0.0195536 0.09278 
0.00901741 -0.0172714 0.00141922 -0.00162928 -0.0172714 0.0873357 -0.00161903 0.00391438 0.00141922 -0.00161903 0.0110258 -0.0195001 -0.00162928 0.00391438 -0.0195001 0.0926385 
0.0090054 -0.0172038 0.00140324 -0.00161912 -0.0172038 0.0871653 -0.00161398 0.00393729 0.00140324 -0.00161398 0.0109843 -0.0195168 -0.00161912 0.00393729 -0.0195168 0.0926137 
0.00901979 -0.017172 0.00139121 -0.00161196 -0.017172 0.0870253 -0.00162223 0.00395803 0.00139121 -0.00162223 0.0109757 -0.0195027 -0.00161196 0.00395803 -0.0195027 0.0926312 
0.00909161 -0.0171935 0.00137938 -0.00158962 -0.0171935 0.0869882 -0.00159988 0.0039279 0.00137938 -0.00159988 0.0109069 -0.0194754 -0.00158962 0.0039279 -0.0194754 0.0925929 
0.00918225 -0.0172635 0.00136223 -0.00155171 -0.0172635 0.0870701 -0.00156708 0.00381527 0.00136223 -0.00156708 0.010821 -0.0194041 -0.00155171 0.00381527 -0.0194041 0.092478 
0.0092366 -0.0173442 0.00131805 -0.0015224 -0.0173442 0.0872113 -0.00153262 0.00372427 0.00131805 -0.00153262 0.0107845 -0.0193366 -0.0015224 0.00372427 -0.0193366 0.0923558 
0.00919671 -0.0174079 0.00129193 -0.00146044 -0.0174079 0.0873764 -0.00146555 0.00357451 0.00129193 -0.00146555 0.0108001 -0.0192768 -0.00146044 0.00357451 -0.0192768 0.0921866 
0.0091477 -0.0173971 0.00128335 -0.00143222 -0.0173971 0.0874679 -0.00143735 0.00348044 0.00128335 -0.00143735 0.0108212 -0.0192656 -0.00143222 0.00348044 -0.0192656 0.0920828 
0.00912654 -0.0173399 0.00130306 -0.00145183 -0.0173399 0.0874229 -0.00145696 0.00350389 0.00130306 -0.00145696 0.0108503 -0.0193099 -0.00145183 0.00350389 -0.0193099 0.0921375 
0.00912151 -0.0173026 0.00128986 -0.0014543 -0.0173026 0.0873198 -0.0014543 0.00349958 0.00128986 -0.0014543 0.0108482 -0.0193376 -0.0014543 0.00349958 -0.0193376 0.0922018 
0.00909823 -0.0172795 0.00129392 -0.00146203 -0.0172795 0.0872126 -0.00146713 0.00353537 0.00129392 -0.00146713 0.0108761 -0.0193376 -0.00146203 0.00353537 -0.0193376 0.0922202 
0.00904433 -0.0172609 0.00129495 -0.00148284 -0.0172609 0.0871627 -0.00148284 0.00359539 0.00129495 -0.00148284 0.0109385 -0.0193684 -0.00148284 0.00359539 -0.0193684 0.0922867 
0.00900251 -0.0172273 0.00129116 -0.0014894 -0.0172273 0.0871174 -0.00147415 0.0036193 0.00129116 -0.00147415 0.0109901 -0.0194283 -0.0014894 0.0036193 -0.0194283 0.0923837 
0.00894621 -0.0171664 0.00128963 -0.00148765 -0.0171664 0.0869996 -0.00148257 0.00363535 0.00128963 -0.00148257 0.011033 -0.0194867 -0.00148765 0.00363535 -0.0194867 0.0925186 
0.00886862 -0.0171161 0.00125749 -0.00146113 -0.0171161 0.086889 -0.00145095 0.00356374 0.00125749 -0.00145095 0.0110883 -0.0195293 -0.00146113 0.00356374 -0.0195293 0.0926368 
0.00878644 -0.0170129 0.00122684 -0.00143047 -0.0170129 0.0866783 -0.00143047 0.00349727 0.00122684 -0.00143047 0.0111638 -0.0196142 -0.00143047 0.00349727 -0.0196142 0.0928227 
0.00870277 -0.0168834 0.00122351 -0.00136685 -0.0168834 0.0863469 -0.00136685 0.00335313 0.00122351 -0.00136685 0.0112215 -0.0197246 -0.00136685 0.00335313 -0.0197246 0.0930992 
0.00868324 -0.0167811 0.00125807 -0.00138644 -0.0167811 0.086057 -0.00138131 0.00334287 0.00125807 -0.00138131 0.0112251 -0.0198005 -0.00138644 0.00334287 -0.0198005 0.0933487 
0.00872265 -0.016768 0.00128787 -0.00144693 -0.016768 0.0859488 -0.00145719 0.00348393 0.00128787 -0.00145719 0.0111906 -0.0197953 -0.00144693 0.00348393 -0.0197953 0.0934144 
0.00875414 -0.0167997 0.00131954 -0.00148897 -0.0167997 0.0859292 -0.00149924 0.00360948 0.00131954 -0.00149924 0.0111519 -0.0197571 -0.00148897 0.00360948 -0.0197571 0.0933741 
0.00877588 -0.0168613 0.00132456 -0.00153936 -0.0168613 0.0860711 -0.00154447 0.0037589 0.00132456 -0.00154447 0.0111488 -0.0196946 -0.00153936 0.0037589 -0.0196946 0.0932258 
0.00880761 -0.0168872 0.00128805 -0.00152733 -0.0168872 0.0861568 -0.00152224 0.00375724 0.00128805 -0.00152224 0.0111393 -0.0196822 -0.00152733 0.00375724 -0.0196822 0.093152 
0.00880272 -0.0169515 0.00124147 -0.00146116 -0.0169515 0.0863055 -0.00145605 0.00362224 0.00124147 -0.00145605 0.0111273 -0.0196388 -0.00146116 0.00362224 -0.0196388 0.0930186 
0.00877639 -0.0169468 0.00123249 -0.0014071 -0.0169468 0.0863927 -0.00140196 0.00347666 0.00123249 -0.00140196 0.0111284 -0.0196326 -0.0014071 0.00347666 -0.0196326 0.0929404 
0.00881626 -0.0169385 0.00122862 -0.00140854 -0.0169385 0.0864199 -0.00140854 0.00343397 0.00122862 -0.00140854 0.0110936 -0.0196271 -0.00140854 0.00343397 -0.0196271 0.0928971 
0.00886504 -0.0169819 0.00126938 -0.00142935 -0.0169819 0.086478 -0.00142419 0.00347274 0.00126938 -0.00142419 0.0110271 -0.0195671 -0.00142935 0.00347274 -0.0195671 0.0927836 
0.00892402 -0.0169927 0.00130357 -0.0014736 -0.0169927 0.0864836 -0.00145814 0.00356033 0.00130357 -0.00145814 0.0109747 -0.0195432 -0.0014736 0.00356033 -0.0195432 0.0927541 
0.00897499 -0.0170407 0.00133058 -0.00148984 -0.0170407 0.0865185 -0.0014847 0.00361157 0.00133058 -0.0014847 0.0109426 -0.0194963 -0.00148984 0.00361157 -0.0194963 0.0926988 
0.00903763 -0.0171345 0.00134176 -0.00151655 -0.0171345 0.0867212 -0.00151655 0.00366543 0.00134176 -0.00151655 0.0108986 -0.0194222 -0.00151655 0.00366543 -0.0194222 0.0925303 
0.00901758 -0.0171869 0.00132642 -0.00153206 -0.0171869 0.0868854 -0.0015372 0.00371191 0.00132642 -0.0015372 0.0109249 -0.0193821 -0.00153206 0.00371191 -0.0193821 0.0924122 
0.00897101 -0.0171541 0.00129776 -0.00149345 -0.0171541 0.0868829 -0.0015089 0.00366668 0.00129776 -0.0015089 0.010964 -0.0194355 -0.00149345 0.00366668 -0.0194355 0.0924498 
0.00892962 -0.0171117 0.00128517 -0.00147462 -0.0171117 0.0868078 -0.00147974 0.00361486 0.00128517 -0.00147974 0.0110289 -0.0194721 -0.00147462 0.00361486 -0.0194721 0.0925322 
0.00893229 -0.0170664 0.00127604 -0.00145906 -0.0170664 0.0867048 -0.00145906 0.00356885 0.00127604 -0.00145906 0.0110573 -0.0195473 -0.00145906 0.00356885 -0.0195473 0.0926783 
0.00900291 -0.017101 0.00130418 -0.00147605 -0.017101 0.0867332 -0.001471 0.0036042 0.00130418 -0.001471 0.01103 -0.0195678 -0.00147605 0.0036042 -0.0195678 0.0927689 
0.0089972 -0.0171816 0.00132596 -0.00148345 -0.0171816 0.0869086 -0.00147837 0.00360701 0.00132596 -0.00147837 0.0110293 -0.0195287 -0.00148345 0.00360701 -0.0195287 0.0927255 
0.0089608 -0.0171732 0.00132885 -0.00150195 -0.0171732 0.0869605 -0.00150195 0.00363014 0.00132885 -0.00150195 0.0110432 -0.0195457 -0.00150195 0.00363014 -0.0195457 0.0927494 
0.00897841 -0.0171305 0.00136881 -0.00155639 -0.0171305 0.0869197 -0.00156146 0.00378705 0.00136881 -0.00156146 0.0110722 -0.0196045 -0.00155639 0.00378705 -0.0196045 0.0928918 
0.00897095 -0.0171323 0.00136613 -0.00154829 -0.0171323 0.0868558 -0.00155335 0.0037847 0.00136613 -0.00155335 0.0111011 -0.0196319 -0.00154829 0.0037847 -0.0196319 0.0930135 
0.00892703 -0.0171452 0.00136209 -0.00154945 -0.0171452 0.0868905 -0.00154945 0.00376728 0.00136209 -0.00154945 0.0111499 -0.0196516 -0.00154945 0.00376728 -0.0196516 0.0930629 
0.00893075 -0.0171257 0.00137006 -0.00158318 -0.0171257 0.0869327 -0.00156795 0.00381586 0.00137006 -0.00156795 0.0111787 -0.0197035 -0.00158318 0.00381586 -0.0197035 0.0931487 
0.00894213 -0.017115 0.00135119 -0.00156373 -0.017115 0.086891 -0.00154855 0.00379041 0.00135119 -0.00154855 0.0111739 -0.0197263 -0.00156373 0.00379041 -0.0197263 0.093237 
0.00898799 -0.0171511 0.00136642 -0.00155367 -0.0171511 0.0869598 -0.00155367 0.00379054 0.00136642 -0.00155367 0.011154 -0.0197321 -0.00155367 0.00379054 -0.0197321 0.0932504 
0.00902729 -0.0172114 0.00138338 -0.00156513 -0.0172114 0.0871023 -0.00156513 0.00381186 0.00138338 -0.00156513 0.0111428 -0.0196955 -0.00156513 0.00381186 -0.0196955 0.093176 
0.00908274 -0.0172471 0.00139269 -0.00156425 -0.0172471 0.0871893 -0.00156425 0.00380466 0.00139269 -0.00156425 0.0110961 -0.0196843 -0.00156425 0.00380466 -0.0196843 0.0931385 
0.0091811 -0.0173152 0.00141945 -0.00158555 -0.0173152 0.0873362 -0.00158052 0.00383553 0.00141945 -0.00158052 0.0110133 -0.0196206 -0.00158555 0.00383553 -0.0196206 0.0930241 
0.00925945 -0.017434 0.00141793 -0.00161473 -0.017434 0.0875888 -0.00161977 0.00390057 0.00141793 -0.00161977 0.0109347 -0.019518 -0.00161473 0.00390057 -0.019518 0.0928266 
0.00923683 -0.0174944 0.00141328 -0.00160509 -0.0174944 0.0877448 -0.00160509 0.00390168 0.00141328 -0.00160509 0.0109479 -0.019468 -0.00160509 0.00390168 -0.019468 0.0927014 
0.00917805 -0.017471 0.00137796 -0.00161433 -0.017471 0.0877623 -0.00161433 0.00392267 0.00137796 -0.00161433 0.0110388 -0.0195027 -0.00161433 0.00392267 -0.0195027 0.092736 
0.00913515 -0.0174056 0.00135242 -0.0015485 -0.0174056 0.0876311 -0.00155353 0.00381092 0.00135242 -0.00155353 0.0110808 -0.0195875 -0.0015485 0.00381092 -0.0195875 0.0928598 
0.00916043 -0.0173757 0.00139267 -0.00153847 -0.0173757 0.0875872 -0.00152841 0.00373556 0.00139267 -0.00152841 0.0110609 -0.019618 -0.00153847 0.00373556 -0.019618 0.0929567 
0.00921761 -0.0174021 0.00141925 -0.00158475 -0.0174021 0.0876124 -0.00157973 0.00378634 0.00141925 -0.00157973 0.011023 -0.0196188 -0.00158475 0.00378634 -0.0196188 0.0929985 
0.00924716 -0.0174803 0.00140246 -0.00158407 -0.0174803 0.0877396 -0.00158912 0.00379875 0.00140246 -0.00158912 0.0109826 -0.0195487 -0.00158407 0.00379875 -0.0195487 0.0928802 
0.00926234 -0.017528 0.00140949 -0.00161587 -0.017528 0.0879066 -0.00162091 0.00391132 0.00140949 -0.00162091 0.0109789 -0.0195012 -0.00161587 0.00391132 -0.0195012 0.0927492 
0.00926707 -0.0175095 0.00142145 -0.00160227 -0.0175095 0.0878739 -0.0016073 0.00391779 0.00142145 -0.0016073 0.0109698 -0.0195186 -0.00160227 0.00391779 -0.0195186 0.0927561 
0.00923978 -0.0175355 0.00142112 -0.00159687 -0.0175355 0.0879084 -0.0016019 0.00388673 0.00142112 -0.0016019 0.0109923 -0.0194839 -0.00159687 0.00388673 -0.0194839 0.0926639 
0.00922632 -0.0174928 0.00140706 -0.00160807 -0.0174928 0.0878611 -0.00159802 0.00387947 0.00140706 -0.00159802 0.0109801 -0.0195079 -0.00160807 0.00387947 -0.0195079 0.0926752 
0.00924726 -0.017471 0.00139163 -0.00158827 -0.017471 0.0877935 -0.00157314 0.0038421 0.00139163 -0.00157314 0.0109364 -0.019513 -0.00158827 0.0038421 -0.019513 0.0926995 
0.00925659 -0.017488 0.00137864 -0.00159579 -0.017488 0.0877988 -0.00158569 0.00386323 0.00137864 -0.00158569 0.010918 -0.0194676 -0.00159579 0.00386323 -0.0194676 0.092677 
0.00922023 -0.0175032 0.00137797 -0.00157048 -0.0175032 0.0878354 -0.00155528 0.00381474 0.00137797 -0.00155528 0.0109275 -0.0194233 -0.00157048 0.00381474 -0.0194233 0.0925468 
0.00920435 -0.0174695 0.00139106 -0.00155352 -0.0174695 0.0878044 -0.00154844 0.00377211 0.00139106 -0.00154844 0.0109203 -0.0194241 -0.00155352 0.00377211 -0.0194241 0.09247 
0.00928127 -0.0174449 0.0014021 -0.00157482 -0.0174449 0.0877428 -0.00156466 0.00377957 0.0014021 -0.00156466 0.0108205 -0.0194109 -0.00157482 0.00377957 -0.0194109 0.0924216 
0.00934006 -0.0175234 0.00141547 -0.00158796 -0.0175234 0.0878097 -0.00159304 0.00382531 0.00141547 -0.00159304 0.0107809 -0.0193244 -0.00158796 0.00382531 -0.0193244 0.0922997 
0.00938455 -0.0175916 0.00142113 -0.00162415 -0.0175916 0.087963 -0.00163938 0.00394872 0.00142113 -0.00163938 0.01076 -0.0192766 -0.00162415 0.00394872 -0.0192766 0.092196 
0.0094424 -0.0176607 0.00142728 -0.00163553 -0.0176607 0.0881409 -0.00163553 0.0039974 0.00142728 -0.00163553 0.0107224 -0.0192454 -0.00163553 0.0039974 -0.0192454 0.0920926 
0.00945059 -0.0177078 0.00142698 -0.00160472 -0.0177078 0.0882546 -0.00161488 0.00394071 0.00142698 -0.00161488 0.0107151 -0.0192059 -0.00160472 0.00394071 -0.0192059 0.0920023 
0.00938991 -0.0177342 0.00142118 -0.0016242 -0.0177342 0.0883616 -0.00163435 0.00395899 0.00142118 -0.00163435 0.0107806 -0.0191909 -0.0016242 0.00395899 -0.0191909 0.0919348 
0.00932703 -0.0176222 0.00141625 -0.00160846 -0.0176222 0.0881869 -0.00161352 0.0039301 0.00141625 -0.00161352 0.0108546 -0.0192914 -0.00160846 0.0039301 -0.0192914 0.0920918 
0.00923024 -0.0175497 0.0013942 -0.00159265 -0.0175497 0.0879926 -0.00159774 0.0038824 0.0013942 -0.00159774 0.0109043 -0.019356 -0.00159265 0.0038824 -0.019356 0.0922311 
0.00917605 -0.0174278 0.00135828 -0.00155232 -0.0174278 0.0877163 -0.00154721 0.00377357 0.00135828 -0.00154721 0.0109122 -0.0194244 -0.00155232 0.00377357 -0.0194244 0.0923987 
0.00914245 -0.017386 0.00134838 -0.00152204 -0.017386 0.0875683 -0.00152204 0.00371316 0.00134838 -0.00152204 0.0109148 -0.0194034 -0.00152204 0.00371316 -0.0194034 0.0924051 
0.00912866 -0.0173225 0.00132307 -0.00150186 -0.0173225 0.087389 -0.00149675 0.00363205 0.00132307 -0.00149675 0.0109064 -0.0194067 -0.00150186 0.00363205 -0.0194067 0.0924156 
0.00909875 -0.0173091 0.00130201 -0.00148072 -0.0173091 0.0872857 -0.00147561 0.00356393 0.00130201 -0.00147561 0.0109114 -0.0193923 -0.00148072 0.00356393 -0.0193923 0.0923815 
0.00920294 -0.0172796 0.00130383 -0.00147633 -0.0172796 0.08723 -0.00147125 0.00357159 0.00130383 -0.00147125 0.0108315 -0.0194155 -0.00147633 0.00357159 -0.0194155 0.0924352 
0.00932407 -0.0173975 0.00129599 -0.00148257 -0.0173975 0.0873659 -0.00148761 0.00359549 0.00129599 -0.00148761 0.0107562 -0.0193491 -0.00148257 0.00359549 -0.0193491 0.0923733 
0.00935368 -0.0175576 0.00127527 -0.00148112 -0.0175576 0.0877177 -0.00148615 0.00360993 0.00127527 -0.00148615 0.0107796 -0.0192596 -0.00148112 0.00360993 -0.0192596 0.0921962 
0.009289 -0.0175694 0.00123047 -0.00140697 -0.0175694 0.0878724 -0.00141201 0.00345942 0.00123047 -0.00141201 0.010812 -0.0192739 -0.00140697 0.00345942 -0.0192739 0.0921386 
0.00928647 -0.0175057 0.00123415 -0.00137577 -0.0175057 0.0878269 -0.00138083 0.00335851 0.00123415 -0.00138083 0.0107938 -0.0193367 -0.00137577 0.00335851 -0.0193367 0.0922426 
0.00925436 -0.0175115 0.00124138 -0.00138892 -0.0175115 0.0877969 -0.001394 0.00334765 0.00124138 -0.001394 0.0107857 -0.0192973 -0.00138892 0.00334765 -0.0192973 0.0922231 
0.00925061 -0.0174955 0.0012814 -0.00141414 -0.0174955 0.0878042 -0.00141924 0.00341537 0.0012814 -0.00141924 0.010772 -0.0192619 -0.00141414 0.00341537 -0.0192619 0.0921334 
0.00921673 -0.0174332 0.00128095 -0.00142895 -0.0174332 0.0876355 -0.00142385 0.00341417 0.00128095 -0.00142385 0.0107886 -0.0192755 -0.00142895 0.00341417 -0.0192755 0.0921571 
0.00920333 -0.0174219 0.0012843 -0.00146705 -0.0174219 0.0876118 -0.00146705 0.00352803 0.0012843 -0.00146705 0.0108277 -0.0192747 -0.00146705 0.00352803 -0.0192747 0.0921196 
0.00920182 -0.0174177 0.00129938 -0.00149656 -0.0174177 0.0876043 -0.0014915 0.00362511 0.00129938 -0.0014915 0.0108703 -0.0193188 -0.00149656 0.00362511 -0.0193188 0.09218 
0.00921254 -0.0174261 0.0013168 -0.00149338 -0.0174261 0.087615 -0.00149338 0.00364768 0.0013168 -0.00149338 0.0108926 -0.0193635 -0.00149338 0.00364768 -0.0193635 0.0922818 
0.00925305 -0.017427 0.0013514 -0.00151276 -0.017427 0.0876039 -0.00150772 0.00368105 0.0013514 -0.00150772 0.0108667 -0.0194138 -0.00151276 0.00368105 -0.0194138 0.0924095 
0.0092536 -0.0174717 0.0013739 -0.00153048 -0.0174717 0.087692 -0.00152543 0.0036873 0.0013739 -0.00152543 0.0108699 -0.019381 -0.00153048 0.0036873 -0.019381 0.0924198 
0.00924747 -0.0174893 0.00138965 -0.00157156 -0.0174893 0.0877701 -0.00157156 0.00377984 0.00138965 -0.00157156 0.0108746 -0.0193793 -0.00157156 0.00377984 -0.0193793 0.0924039 
0.00920657 -0.0174621 0.00135063 -0.00156815 -0.0174621 0.0877254 -0.00156309 0.00379897 0.00135063 -0.00156309 0.0109062 -0.0194046 -0.00156815 0.00379897 -0.0194046 0.0924602 
0.00921025 -0.0174337 0.00133599 -0.00152829 -0.0174337 0.0876745 -0.00153841 0.00374483 0.00133599 -0.00153841 0.0109106 -0.0194326 -0.00152829 0.00374483 -0.0194326 0.0925225 
0.00921396 -0.0174575 0.00134444 -0.00153145 -0.0174575 0.087712 -0.0015365 0.00373006 0.00134444 -0.0015365 0.0109425 -0.0194287 -0.00153145 0.00373006 -0.0194287 0.0925338 
