0.00581395 0 -0.000906071 0 0 0.00999423 0 0 -0.000906071 0 0.00869691 0 0 0 0 0.00999423 
0.00843091 -0.0105168 -0.00111163 0.00135519 -0.0105168 0.0293458 0.00135519 -0.00261046 -0.00111163 0.00135519 0.0120468 -0.0149258 0.00135519 -0.00261046 -0.0149258 0.0378017 
0.00870194 -0.0167184 -0.000952073 0.00151697 -0.0167184 0.0628178 0.00151697 -0.00477306 -0.000952073 0.00151697 0.0118501 -0.0217453 0.00151697 -0.00477306 -0.0217453 0.078546 
0.00830047 -0.0171312 -0.000901961 0.00105432 -0.0171312 0.0788789 0.0010726 -0.00350424 -0.000901961 0.0010726 0.0111709 -0.0207207 0.00105432 -0.00350424 -0.0207207 0.0906592 
0.00830087 -0.0166704 -0.00101258 0.00102974 -0.0166704 0.0837066 0.00105263 -0.00265445 -0.00101258 0.00105263 0.0112242 -0.0199026 0.00102974 -0.00265445 -0.0199026 0.0924194 
0.00845767 -0.0166092 -0.00104969 0.00118637 -0.0166092 0.0851124 0.00120824 -0.0027281 -0.00104969 0.00120824 0.0114263 -0.0198895 0.00118637 -0.0027281 -0.0198895 0.0930835 
0.00857835 -0.0167333 -0.00104253 0.00124892 -0.0167333 0.0857782 0.00127008 -0.00296882 -0.00104253 0.00127008 0.0115207 -0.0200091 0.00124892 -0.00296882 -0.0200091 0.0936263 
0.00867301 -0.0168304 -0.00102612 0.00122206 -0.0168304 0.0861577 0.00123753 -0.00301132 -0.00102612 0.00123753 0.0115399 -0.0200583 0.00122206 -0.00301132 -0.0200583 0.0939026 
0.00869808 -0.0168723 -0.000991887 0.001175 -0.0168723 0.0862687 0.00118009 -0.00291971 -0.000991887 0.00118009 0.0115517 -0.0201022 0.001175 -0.00291971 -0.0201022 0.0940461 
0.00868645 -0.0168847 -0.000961206 0.00112904 -0.0168847 0.0863 0.00112395 -0.00276665 -0.000961206 0.00112395 0.0115548 -0.0201243 0.00112904 -0.00276665 -0.0201243 0.0941372 
0.00870707 -0.0168838 -0.000944444 0.00110606 -0.0168838 0.0863434 0.00110606 -0.00270202 -0.000944444 0.00110606 0.0115707 -0.0201414 0.00110606 -0.00270202 -0.0201414 0.0942121 
0.00870645 -0.0169203 -0.00088472 0.00106569 -0.0169203 0.086411 0.00106569 -0.00258881 -0.00088472 0.00106569 0.0116069 -0.0201575 0.00106569 -0.00258881 -0.0201575 0.0942528 
0.00867004 -0.0169179 -0.000834334 0.00101025 -0.0169179 0.086434 0.00101025 -0.00248792 -0.000834334 0.00101025 0.0116556 -0.02021 0.00101025 -0.00248792 -0.02021 0.0943451 
0.00867167 -0.0168962 -0.000808887 0.000964635 -0.0168962 0.0864454 0.000954587 -0.00237139 -0.000808887 0.000954587 0.011661 -0.0202473 0.000964635 -0.00237139 -0.0202473 0.0944388 
0.00867558 -0.0169025 -0.000776315 0.000942669 -0.0169025 0.0864382 0.000942669 -0.00230374 -0.000776315 0.000942669 0.0116145 -0.0202346 0.000942669 -0.00230374 -0.0202346 0.0944231 
0.00869539 -0.0169018 -0.000766202 0.000912386 -0.0169018 0.0864397 0.000912386 -0.00223812 -0.000766202 0.000912386 0.0115737 -0.0201935 0.000912386 -0.00223812 -0.0201935 0.0943689 
0.00873268 -0.0169262 -0.000791131 0.00090199 -0.0169262 0.0864752 0.000907029 -0.00219703 -0.000791131 0.000907029 0.0115193 -0.020126 0.00090199 -0.00219703 -0.020126 0.0942353 
0.00873294 -0.0169412 -0.000766844 0.00090306 -0.0169412 0.0864768 0.000918195 -0.00219459 -0.000766844 0.000918195 0.0115128 -0.0200994 0.00090306 -0.00219459 -0.0200994 0.0941705 
0.00868886 -0.0169418 -0.000735056 0.000866859 -0.0169418 0.0864831 0.000882067 -0.00213927 -0.000735056 0.000882067 0.0115176 -0.0200696 0.000866859 -0.00213927 -0.0200696 0.0940871 
0.00866612 -0.0168977 -0.000727651 0.000843873 -0.0168977 0.0864339 0.000848926 -0.00207684 -0.000727651 0.000848926 0.0115363 -0.0200812 0.000843873 -0.00207684 -0.0200812 0.0940691 
0.00866885 -0.0168857 -0.000721134 0.000843016 -0.0168857 0.0863736 0.000837938 -0.00204152 -0.000721134 0.000837938 0.0114924 -0.0200648 0.000843016 -0.00204152 -0.0200648 0.0939963 
0.00866148 -0.0168738 -0.000683935 0.000842159 -0.0168738 0.0863392 0.000842159 -0.00205691 -0.000683935 0.000842159 0.0114432 -0.0200128 0.000842159 -0.00205691 -0.0200128 0.0938982 
0.00867359 -0.0168571 -0.000673875 0.000796398 -0.0168571 0.0862969 0.000801503 -0.00198078 -0.000673875 0.000801503 0.0114048 -0.0199661 0.000796398 -0.00198078 -0.0199661 0.0937861 
0.00871393 -0.0168402 -0.000613015 0.000785267 -0.0168402 0.0862122 0.000790334 -0.00192011 -0.000613015 0.000790334 0.0114092 -0.0199762 0.000785267 -0.00192011 -0.0199762 0.0938116 
0.00876248 -0.0168875 -0.00054639 0.000703224 -0.0168875 0.0862436 0.000703224 -0.00175553 -0.00054639 0.000703224 0.0113679 -0.0199432 0.000703224 -0.00175553 -0.0199432 0.0937413 
0.00875446 -0.0169487 -0.000493998 0.00062641 -0.0169487 0.0863682 0.000621317 -0.00157366 -0.000493998 0.000621317 0.011311 -0.0198669 0.00062641 -0.00157366 -0.0198669 0.0935745 
0.00872272 -0.016941 -0.00050441 0.00057574 -0.016941 0.0864273 0.000570645 -0.0014419 -0.00050441 0.000570645 0.0113416 -0.0198503 0.00057574 -0.0014419 -0.0198503 0.0935043 
0.00870348 -0.0168782 -0.000508381 0.000584638 -0.0168782 0.0863281 0.000579554 -0.00140821 -0.000508381 0.000579554 0.0113826 -0.0199031 0.000584638 -0.00140821 -0.0199031 0.0936132 
0.00870924 -0.0168927 -0.000505401 0.000597292 -0.0168927 0.0863266 0.000597292 -0.00142942 -0.000505401 0.000597292 0.0113639 -0.0198995 0.000597292 -0.00142942 -0.0198995 0.0935758 
0.00871281 -0.016899 -0.000536881 0.000598239 -0.016899 0.0863356 0.000598239 -0.0014368 -0.000536881 0.000598239 0.0113461 -0.0198799 0.000598239 -0.0014368 -0.0198799 0.0935503 
0.00872263 -0.016895 -0.00056045 0.000636875 -0.016895 0.0863347 0.00064197 -0.00151831 -0.00056045 0.00064197 0.0113517 -0.0198603 0.000636875 -0.00151831 -0.0198603 0.0935034 
0.00871181 -0.0169043 -0.00055499 0.000672098 -0.0169043 0.0863493 0.000677189 -0.00160896 -0.00055499 0.000677189 0.0113544 -0.0198625 0.000672098 -0.00160896 -0.0198625 0.0934674 
0.00867508 -0.0169312 -0.000587535 0.000684606 -0.0169312 0.0864341 0.000689715 -0.00168597 -0.000587535 0.000689715 0.0113522 -0.0198076 0.000684606 -0.00168597 -0.0198076 0.0933159 
0.00864832 -0.0168571 -0.000644024 0.000715582 -0.0168571 0.0863298 0.00071047 -0.00173784 -0.000644024 0.00071047 0.0113726 -0.0198574 0.000715582 -0.00173784 -0.0198574 0.0934039 
0.00864752 -0.0167951 -0.000647926 0.000760165 -0.0167951 0.0861385 0.000755064 -0.00180603 -0.000647926 0.000755064 0.0113923 -0.0199122 0.000760165 -0.00180603 -0.0199122 0.0935616 
0.00862183 -0.0167703 -0.000671831 0.000773624 -0.0167703 0.0860147 0.000758355 -0.0018628 -0.000671831 0.000758355 0.0114211 -0.0199513 0.000773624 -0.0018628 -0.0199513 0.0937001 
0.00863414 -0.0167413 -0.000699244 0.000815785 -0.0167413 0.0859259 0.000805651 -0.00196092 -0.000699244 0.000805651 0.0114666 -0.0200298 0.000815785 -0.00196092 -0.0200298 0.0939318 
0.00867123 -0.0167647 -0.000743536 0.000849037 -0.0167647 0.0859236 0.000849037 -0.00206984 -0.000743536 0.000849037 0.0115148 -0.0200956 0.000849037 -0.00206984 -0.0200956 0.0941527 
0.00869827 -0.0168504 -0.000736547 0.000911915 -0.0168504 0.0861158 0.000906904 -0.00221966 -0.000736547 0.000906904 0.0115292 -0.0201022 0.000911915 -0.00221966 -0.0201022 0.0941778 
0.00868344 -0.0169107 -0.000755302 0.0008871 -0.0169107 0.0862819 0.000882031 -0.00222535 -0.000755302 0.000882031 0.0114765 -0.0200738 0.0008871 -0.00222535 -0.0200738 0.0940884 
0.00865361 -0.0168971 -0.000758729 0.000897146 -0.0168971 0.0863516 0.000902273 -0.00222492 -0.000758729 0.000902273 0.0113963 -0.0199833 0.000897146 -0.00222492 -0.0199833 0.0938825 
0.008642 -0.0168359 -0.000741626 0.00087553 -0.0168359 0.0862398 0.000885831 -0.00217338 -0.000741626 0.000885831 0.0113561 -0.0199312 0.00087553 -0.00217338 -0.0199312 0.0937436 
0.00863575 -0.0167849 -0.000701718 0.000860501 -0.0167849 0.0860962 0.000870746 -0.00212052 -0.000701718 0.000870746 0.0113709 -0.019894 0.000860501 -0.00212052 -0.019894 0.0936615 
0.00864286 -0.0167888 -0.000676264 0.000804344 -0.0167888 0.0860341 0.000824837 -0.00203392 -0.000676264 0.000824837 0.0113633 -0.0198832 0.000804344 -0.00203392 -0.0198832 0.0935755 
0.0086666 -0.0167925 -0.000652928 0.000790655 -0.0167925 0.0860233 0.000800857 -0.00197409 -0.000652928 0.000800857 0.0113497 -0.0198684 0.000790655 -0.00197409 -0.0198684 0.0935217 
0.00870232 -0.0168055 -0.000639727 0.000786966 -0.0168055 0.0860382 0.000786966 -0.00195472 -0.000639727 0.000786966 0.0113475 -0.0198874 0.000786966 -0.00195472 -0.0198874 0.0935728 
0.00872332 -0.0168539 -0.000653489 0.000749739 -0.0168539 0.0861237 0.000754805 -0.00187941 -0.000653489 0.000754805 0.0113322 -0.0198782 0.000749739 -0.00187941 -0.0198782 0.0935705 
0.008734 -0.016904 -0.000640189 0.000751968 -0.016904 0.0862527 0.000746887 -0.00182911 -0.000640189 0.000746887 0.0113202 -0.019856 0.000751968 -0.00182911 -0.019856 0.0935133 
0.0087188 -0.0169022 -0.000647536 0.000764807 -0.0169022 0.0863059 0.000759708 -0.00186103 -0.000647536 0.000759708 0.0113293 -0.0198595 0.000764807 -0.00186103 -0.0198595 0.093541 
0.00870409 -0.0168821 -0.000638504 0.000776421 -0.0168821 0.0862951 0.000781529 -0.00191551 -0.000638504 0.000781529 0.0113347 -0.0198651 0.000776421 -0.00191551 -0.0198651 0.0935434 
0.00869988 -0.0168669 -0.000666069 0.000773665 -0.0168669 0.0862662 0.000773665 -0.00192648 -0.000666069 0.000773665 0.0113488 -0.0198898 0.000773665 -0.00192648 -0.0198898 0.0936185 
0.00870302 -0.0168647 -0.000669071 0.000806971 -0.0168647 0.0862488 0.000812078 -0.00197657 -0.000669071 0.000812078 0.0113844 -0.0199138 0.000806971 -0.00197657 -0.0199138 0.0936699 
0.00872305 -0.0168797 -0.000642219 0.000773696 -0.0168797 0.0862848 0.000773696 -0.00191149 -0.000642219 0.000773696 0.0114386 -0.0199391 0.000773696 -0.00191149 -0.0199391 0.0937235 
0.00872322 -0.0169357 -0.00067763 0.000753484 -0.0169357 0.0864332 0.000753484 -0.00185084 -0.00067763 0.000753484 0.0114489 -0.0199496 0.000753484 -0.00185084 -0.0199496 0.0936849 
0.0087249 -0.0169455 -0.000731278 0.000817014 -0.0169455 0.0865127 0.000811971 -0.00194167 -0.000731278 0.000811971 0.0114584 -0.0199715 0.000817014 -0.00194167 -0.0199715 0.0937196 
0.00869627 -0.0169453 -0.000762385 0.000869119 -0.0169453 0.0865205 0.000869119 -0.00208893 -0.000762385 0.000869119 0.0114409 -0.0199796 0.000869119 -0.00208893 -0.0199796 0.0937378 
0.00867046 -0.0168792 -0.000811746 0.000918288 -0.0168792 0.0863951 0.000918288 -0.00223737 -0.000811746 0.000918288 0.0114659 -0.0200095 0.000918288 -0.00223737 -0.0200095 0.0938632 
0.00867389 -0.0168453 -0.000827294 0.000969405 -0.0168453 0.0862619 0.000959255 -0.00233469 -0.000827294 0.000959255 0.0114501 -0.0200276 0.000969405 -0.00233469 -0.0200276 0.0939308 
0.00867861 -0.0168408 -0.000835456 0.000987357 -0.0168408 0.0861988 0.000982293 -0.00242029 -0.000835456 0.000982293 0.0114483 -0.0200155 0.000987357 -0.00242029 -0.0200155 0.0939457 
0.00863766 -0.016844 -0.000867826 0.001015 -0.016844 0.0861584 0.00100993 -0.00249183 -0.000867826 0.00100993 0.0114746 -0.0200108 0.001015 -0.00249183 -0.0200108 0.0939435 
0.00865278 -0.0167651 -0.000914275 0.0010254 -0.0167651 0.0860126 0.00101025 -0.00249026 -0.000914275 0.00101025 0.0114916 -0.0200888 0.0010254 -0.00249026 -0.0200888 0.0941047 
0.00865043 -0.0168051 -0.000890337 0.00107751 -0.0168051 0.0860339 0.00106233 -0.00255972 -0.000890337 0.00106233 0.0114681 -0.0200528 0.00107751 -0.00255972 -0.0200528 0.094057 
0.00863923 -0.016832 -0.000908058 0.00108054 -0.016832 0.0861285 0.00107039 -0.00264301 -0.000908058 0.00107039 0.0114496 -0.0200077 0.00108054 -0.00264301 -0.0200077 0.0939409 
0.00864832 -0.0168431 -0.00088165 0.00106002 -0.0168431 0.0862233 0.00104983 -0.00260928 -0.00088165 0.00104983 0.0113901 -0.0199569 0.00106002 -0.00260928 -0.0199569 0.0937556 
0.0086497 -0.0168646 -0.000879804 0.00104349 -0.0168646 0.086272 0.00104349 -0.00256269 -0.000879804 0.00104349 0.01133 -0.019857 0.00104349 -0.00256269 -0.019857 0.0934997 
0.00865093 -0.0168441 -0.00088978 0.00102865 -0.0168441 0.086247 0.00102865 -0.00253047 -0.00088978 0.00102865 0.0112843 -0.0198015 0.00102865 -0.00253047 -0.0198015 0.0933189 
0.00862884 -0.0167981 -0.000872695 0.00102245 -0.0167981 0.086118 0.00103794 -0.00249932 -0.000872695 0.00103794 0.0112469 -0.019757 0.00102245 -0.00249932 -0.019757 0.0932183 
0.00863743 -0.0167415 -0.000838887 0.00100459 -0.0167415 0.085929 0.00102013 -0.00247523 -0.000838887 0.00102013 0.0112059 -0.0197553 0.00100459 -0.00247523 -0.0197553 0.0932045 
0.00864843 -0.0167631 -0.000829089 0.000989724 -0.0167631 0.0859143 0.000994906 -0.00244581 -0.000829089 0.000994906 0.0111875 -0.0196805 0.000989724 -0.00244581 -0.0196805 0.0930652 
0.00865951 -0.0168002 -0.000804209 0.000990993 -0.0168002 0.0859933 0.000996181 -0.0024697 -0.000804209 0.000996181 0.0111552 -0.0196123 0.000990993 -0.0024697 -0.0196123 0.0928628 
0.00867734 -0.0167817 -0.000769139 0.000944648 -0.0167817 0.0859836 0.00094981 -0.00240033 -0.000769139 0.00094981 0.0111499 -0.0196156 0.000944648 -0.00240033 -0.0196156 0.0928181 
0.00868527 -0.0167939 -0.000756807 0.000900961 -0.0167939 0.0859465 0.000900961 -0.00227557 -0.000756807 0.000900961 0.0111668 -0.0196255 0.000900961 -0.00227557 -0.0196255 0.0928711 
0.0086802 -0.016804 -0.000741809 0.000875747 -0.016804 0.0859777 0.000880898 -0.00219452 -0.000741809 0.000880898 0.0111787 -0.0196425 0.000875747 -0.00219452 -0.0196425 0.0929064 
0.00864558 -0.0168048 -0.000750215 0.000858867 -0.0168048 0.0859798 0.00086404 -0.00212647 -0.000750215 0.00086404 0.011186 -0.0196453 0.000858867 -0.00212647 -0.0196453 0.0929128 
0.0086202 -0.0167531 -0.000730877 0.000870832 -0.0167531 0.0859013 0.000870832 -0.00210969 -0.000730877 0.000870832 0.0111964 -0.0196663 0.000870832 -0.00210969 -0.0196663 0.0929561 
0.00864342 -0.016744 -0.000687545 0.000858138 -0.016744 0.0858707 0.000858138 -0.00210399 -0.000687545 0.000858138 0.0111506 -0.019639 0.000858138 -0.00210399 -0.019639 0.0928961 
0.00866164 -0.0167404 -0.00066982 0.000797648 -0.0167404 0.0858136 0.000782309 -0.00198389 -0.00066982 0.000782309 0.011162 -0.0196242 0.000797648 -0.00198389 -0.0196242 0.0928851 
0.00873785 -0.0167607 -0.000679555 0.000775909 -0.0167607 0.085847 0.000760695 -0.00187638 -0.000679555 0.000760695 0.0111315 -0.0196513 0.000775909 -0.00187638 -0.0196513 0.0929367 
0.00882711 -0.0168913 -0.000697276 0.000813489 -0.0168913 0.0860883 0.000803383 -0.0019453 -0.000697276 0.000803383 0.0110857 -0.0195995 0.000813489 -0.0019453 -0.0195995 0.092864 
0.00885938 -0.0169991 -0.000709561 0.000841337 -0.0169991 0.086384 0.000836269 -0.00204252 -0.000709561 0.000836269 0.0110438 -0.0195433 0.000841337 -0.00204252 -0.0195433 0.0927447 
0.00880935 -0.0170553 -0.000747771 0.00086557 -0.0170553 0.0866082 0.000880935 -0.00215624 -0.000747771 0.000880935 0.0110424 -0.0194881 0.00086557 -0.00215624 -0.0194881 0.0925904 
0.008762 -0.0169607 -0.000778389 0.000901293 -0.0169607 0.0865395 0.000906414 -0.00222251 -0.000778389 0.000906414 0.011092 -0.0195417 0.000901293 -0.00222251 -0.0195417 0.0926949 
0.00872911 -0.016905 -0.000824757 0.000927211 -0.016905 0.0863843 0.000927211 -0.00228473 -0.000824757 0.000927211 0.011147 -0.0195893 0.000927211 -0.00228473 -0.0195893 0.0927929 
0.00869409 -0.0168253 -0.000885273 0.000967148 -0.0168253 0.0861683 0.000967148 -0.00234367 -0.000885273 0.000967148 0.0112117 -0.0196858 0.000967148 -0.00234367 -0.0196858 0.0930457 
0.00866158 -0.0167802 -0.000901501 0.00105004 -0.0167802 0.0860216 0.00104492 -0.00249449 -0.000901501 0.00104492 0.0112739 -0.0197818 0.00105004 -0.00249449 -0.0197818 0.0932951 
0.00864468 -0.0168025 -0.000912124 0.0010761 -0.0168025 0.0860419 0.0010761 -0.00261339 -0.000912124 0.0010761 0.0112991 -0.0197951 0.0010761 -0.00261339 -0.0197951 0.0933492 
0.00865025 -0.0168179 -0.000918929 0.00109861 -0.0168179 0.0861175 0.00108834 -0.00269005 -0.000918929 0.00108834 0.0112838 -0.0197801 0.00109861 -0.00269005 -0.0197801 0.093279 
0.00864757 -0.0168036 -0.000931828 0.00110079 -0.0168036 0.0860968 0.00109567 -0.00272381 -0.000931828 0.00109567 0.0112895 -0.0197783 0.00110079 -0.00272381 -0.0197783 0.0932954 
0.00863483 -0.0168149 -0.000986108 0.00111895 -0.0168149 0.0861133 0.00111384 -0.00276417 -0.000986108 0.00111384 0.0113019 -0.0197681 0.00111895 -0.00276417 -0.0197681 0.0932306 
0.00859113 -0.0167773 -0.000994438 0.00117385 -0.0167773 0.086065 0.0011636 -0.00285004 -0.000994438 0.0011636 0.0113335 -0.0197965 0.00117385 -0.00285004 -0.0197965 0.0932722 
0.008564 -0.0167263 -0.0010042 0.00117929 -0.0167263 0.0859387 0.00117414 -0.0028993 -0.0010042 0.00117414 0.0113088 -0.0198059 0.00117929 -0.0028993 -0.0198059 0.0932719 
0.00859227 -0.0166849 -0.000978736 0.00117963 -0.0166849 0.0857991 0.00115903 -0.00286924 -0.000978736 0.00115903 0.01124 -0.0197859 0.00117963 -0.00286924 -0.0197859 0.0932478 
0.00865551 -0.0167082 -0.000978897 0.00114892 -0.0167082 0.0857771 0.00114376 -0.00284395 -0.000978897 0.00114376 0.0111285 -0.0196964 0.00114892 -0.00284395 -0.0196964 0.0930828 
0.00869864 -0.0167708 -0.00100132 0.00115537 -0.0167708 0.0858516 0.0011605 -0.00284477 -0.00100132 0.0011605 0.0110967 -0.0196002 0.00115537 -0.00284477 -0.0196002 0.0929173 
0.00871035 -0.0167704 -0.000967816 0.00115216 -0.0167704 0.0858386 0.00116752 -0.00282152 -0.000967816 0.00116752 0.0111017 -0.0196124 0.00115216 -0.00282152 -0.0196124 0.0929206 
0.0087239 -0.0168042 -0.000975565 0.00113901 -0.0168042 0.0859008 0.00114412 -0.00281943 -0.000975565 0.00114412 0.0111194 -0.0196135 0.00113901 -0.00281943 -0.0196135 0.092934 
0.00870791 -0.0168407 -0.0010077 0.0011502 -0.0168407 0.0860307 0.00114002 -0.00280424 -0.0010077 0.00114002 0.0111559 -0.0196195 0.0011502 -0.00280424 -0.0196195 0.0929166 
0.00872308 -0.0168847 -0.00100553 0.00118928 -0.0168847 0.0861845 0.00117907 -0.00286856 -0.00100553 0.00117907 0.0111272 -0.019595 0.00118928 -0.00286856 -0.019595 0.0928046 
0.0087096 -0.0168861 -0.00102526 0.00119956 -0.0168861 0.0862451 0.00119443 -0.002922 -0.00102526 0.00119443 0.0111036 -0.0195671 0.00119956 -0.002922 -0.0195671 0.092735 
0.00869878 -0.0168632 -0.00102248 0.00121259 -0.0168632 0.0862325 0.00120745 -0.0029544 -0.00102248 0.00120745 0.0110777 -0.019535 0.00121259 -0.0029544 -0.019535 0.0926602 
0.00870025 -0.0168 -0.000995781 0.0011857 -0.0168 0.0860683 0.00118056 -0.00291035 -0.000995781 0.00118056 0.0110716 -0.0195666 0.0011857 -0.00291035 -0.0195666 0.0927462 
0.00871212 -0.0167998 -0.000998157 0.00117219 -0.0167998 0.0859848 0.00118243 -0.0028921 -0.000998157 0.00118243 0.0110821 -0.019569 0.00117219 -0.0028921 -0.019569 0.0927826 
0.00875719 -0.0168302 -0.000970185 0.00118465 -0.0168302 0.0860401 0.00118975 -0.00293609 -0.000970185 0.00118975 0.0110499 -0.0195518 0.00118465 -0.00293609 -0.0195518 0.0927548 
0.00876117 -0.0168629 -0.000981414 0.0011501 -0.0168629 0.0860884 0.0011501 -0.00288802 -0.000981414 0.0011501 0.0110716 -0.0195618 0.0011501 -0.00288802 -0.0195618 0.0927897 
0.00876336 -0.0168912 -0.000997246 0.00113676 -0.0168912 0.086192 0.00114192 -0.00280572 -0.000997246 0.00114192 0.0110214 -0.0195316 0.00113676 -0.00280572 -0.0195316 0.0927025 
0.00875609 -0.0169035 -0.00106655 0.00118621 -0.0169035 0.0862343 0.00119141 -0.00288228 -0.00106655 0.00119141 0.010988 -0.0194684 0.00118621 -0.00288228 -0.0194684 0.0925815 
0.00873912 -0.0169036 -0.00108651 0.00128501 -0.0169036 0.0862681 0.00129023 -0.00309761 -0.00108651 0.00129023 0.0109592 -0.0193901 0.00128501 -0.00309761 -0.0193901 0.0923537 
0.00873009 -0.0168653 -0.00108017 0.00130456 -0.0168653 0.0862103 0.00130977 -0.00321965 -0.00108017 0.00130977 0.0109531 -0.0193596 0.00130456 -0.00321965 -0.0193596 0.0922113 
0.00869118 -0.0168366 -0.0010812 0.00128392 -0.0168366 0.0861217 0.00128392 -0.00321241 -0.0010812 0.00128392 0.0109991 -0.0193628 0.00128392 -0.00321241 -0.0193628 0.0921774 
0.00865127 -0.0168025 -0.00105732 0.00127087 -0.0168025 0.0860283 0.00126566 -0.00316154 -0.00105732 0.00126566 0.0110211 -0.0193963 0.00127087 -0.00316154 -0.0193963 0.0921795 
0.00861776 -0.016712 -0.00105759 0.00121989 -0.016712 0.0857901 0.00120942 -0.00303663 -0.00105759 0.00120942 0.0110314 -0.0194711 0.00121989 -0.00303663 -0.0194711 0.0923555 
0.00860545 -0.0166355 -0.00108287 0.00123981 -0.0166355 0.085547 0.00122935 -0.00300798 -0.00108287 0.00122935 0.0110223 -0.0195022 0.00123981 -0.00300798 -0.0195022 0.0925256 
0.00864814 -0.016647 -0.00109076 0.00129852 -0.016647 0.0854945 0.00129333 -0.003158 -0.00109076 0.00129333 0.0110166 -0.0194882 0.00129852 -0.003158 -0.0194882 0.0925636 
0.00866446 -0.0166975 -0.00108176 0.0013095 -0.0166975 0.0855784 0.0013095 -0.00325047 -0.00108176 0.0013095 0.0110195 -0.0194614 0.0013095 -0.00325047 -0.0194614 0.0925089 
0.00869154 -0.0167461 -0.00105819 0.00131503 -0.0167461 0.0857237 0.00130476 -0.00329272 -0.00105819 0.00130476 0.0110442 -0.0194841 0.00131503 -0.00329272 -0.0194841 0.0925403 
0.00868166 -0.0167907 -0.00104716 0.00125866 -0.0167907 0.0858468 0.0012535 -0.00317244 -0.00104716 0.0012535 0.0110545 -0.0194938 0.00125866 -0.00317244 -0.0194938 0.0925476 
0.00870041 -0.0167554 -0.00105851 0.00121857 -0.0167554 0.085832 0.00121341 -0.00303611 -0.00105851 0.00121341 0.0110549 -0.0195643 0.00121857 -0.00303611 -0.0195643 0.0927149 
0.00873066 -0.0167509 -0.00110678 0.00121488 -0.0167509 0.0857828 0.00120973 -0.00295483 -0.00110678 0.00120973 0.0110575 -0.0196028 0.00121488 -0.00295483 -0.0196028 0.0928919 
0.00869511 -0.0168342 -0.00114287 0.00129217 -0.0168342 0.0859421 0.00131276 -0.0031043 -0.00114287 0.00131276 0.011089 -0.0195318 0.00129217 -0.0031043 -0.0195318 0.0927736 
0.00869193 -0.0168223 -0.00116957 0.00134475 -0.0168223 0.0860434 0.0013499 -0.00324595 -0.00116957 0.0013499 0.0110929 -0.0195478 0.00134475 -0.00324595 -0.0195478 0.0927054 
0.00869624 -0.0168331 -0.00118609 0.00136737 -0.0168331 0.0861026 0.00136737 -0.00333554 -0.00118609 0.00136737 0.0110632 -0.019516 0.00136737 -0.00333554 -0.019516 0.0926079 
0.00869836 -0.0168213 -0.001213 0.00138925 -0.0168213 0.086092 0.00138925 -0.00340055 -0.001213 0.00138925 0.0110311 -0.0194961 0.00138925 -0.00340055 -0.0194961 0.0925354 
0.00868916 -0.0168069 -0.00120969 0.00141044 -0.0168069 0.086032 0.0014053 -0.00342316 -0.00120969 0.0014053 0.0110468 -0.0194837 0.00141044 -0.00342316 -0.0194837 0.0925077 
0.0086728 -0.0167872 -0.00120384 0.00142924 -0.0167872 0.085975 0.00142924 -0.00349371 -0.00120384 0.00142924 0.0110856 -0.0195125 0.00142924 -0.00349371 -0.0195125 0.0925679 
0.00867865 -0.0167876 -0.00121121 0.00142677 -0.0167876 0.0859705 0.00142677 -0.00353613 -0.00121121 0.00142677 0.0110908 -0.0195436 0.00142677 -0.00353613 -0.0195436 0.0926219 
0.00866665 -0.0167662 -0.00119611 0.00142296 -0.0167662 0.0859189 0.00142811 -0.00352646 -0.00119611 0.00142811 0.011095 -0.0195863 0.00142296 -0.00352646 -0.0195863 0.092745 
0.00867492 -0.0167756 -0.00111734 0.00139668 -0.0167756 0.085937 0.0013915 -0.00345548 -0.00111734 0.0013915 0.01107 -0.0195638 0.00139668 -0.00345548 -0.0195638 0.0927445 
0.00868866 -0.0167808 -0.00106339 0.00128644 -0.0167808 0.0859322 0.00129163 -0.00325241 -0.00106339 0.00129163 0.0110229 -0.0195093 0.00128644 -0.00325241 -0.0195093 0.0926393 
0.00868762 -0.0168044 -0.00105871 0.00123516 -0.0168044 0.0859784 0.00123516 -0.00307751 -0.00105871 0.00123516 0.0109971 -0.0194408 0.00123516 -0.00307751 -0.0194408 0.09245 
0.00872272 -0.0167784 -0.00112718 0.00126678 -0.0167784 0.0859346 0.00126678 -0.00309716 -0.00112718 0.00126678 0.0109667 -0.0194361 0.00126678 -0.00309716 -0.0194361 0.0924029 
0.00873666 -0.0167981 -0.0011185 0.00130406 -0.0167981 0.0859131 0.00131437 -0.00317509 -0.0011185 0.00131437 0.0109634 -0.0194217 0.00130406 -0.00317509 -0.0194217 0.092387 
0.0087671 -0.0168341 -0.00112742 0.0012973 -0.0168341 0.0859824 0.0013076 -0.00320208 -0.00112742 0.0013076 0.0109653 -0.0194184 0.0012973 -0.00320208 -0.0194184 0.0923763 
0.00878641 -0.016889 -0.0011465 0.00134701 -0.016889 0.0861315 0.00135729 -0.00330583 -0.0011465 0.00135729 0.010956 -0.019398 0.00134701 -0.00330583 -0.019398 0.0923215 
0.00879747 -0.0169364 -0.00117814 0.00135821 -0.0169364 0.0862821 0.0013685 -0.00334407 -0.00117814 0.0013685 0.010948 -0.0193853 0.00135821 -0.00334407 -0.0193853 0.0922603 
0.00876413 -0.0169185 -0.00121437 0.00139523 -0.0169185 0.0862823 0.00140557 -0.00344158 -0.00121437 0.00140557 0.010981 -0.0194092 0.00139523 -0.00344158 -0.0194092 0.0923438 
0.00873281 -0.01687 -0.00125864 0.00143993 -0.01687 0.0862041 0.00145029 -0.00353767 -0.00125864 0.00145029 0.0110118 -0.0194598 0.00143993 -0.00353767 -0.0194598 0.0924663 
0.00872484 -0.0168062 -0.00124567 0.00147216 -0.0168062 0.0860078 0.0014773 -0.00358773 -0.00124567 0.0014773 0.0110515 -0.0195241 0.00147216 -0.00358773 -0.0195241 0.0926583 
0.00869458 -0.0167989 -0.00125748 0.00146792 -0.0167989 0.0859604 0.00146792 -0.00361333 -0.00125748 0.00146792 0.011112 -0.0195654 0.00146792 -0.00361333 -0.0195654 0.0927713 
0.00869663 -0.0167991 -0.00122408 0.0014648 -0.0167991 0.0859727 0.00145456 -0.00359031 -0.00122408 0.00145456 0.0111448 -0.0196212 0.0014648 -0.00359031 -0.0196212 0.0928819 
0.00867733 -0.0168268 -0.0011686 0.00143512 -0.0168268 0.0860455 0.00142487 -0.00353654 -0.0011686 0.00142487 0.0111632 -0.0196355 0.00143512 -0.00353654 -0.0196355 0.0929085 
0.00863278 -0.0167999 -0.00113091 0.0013663 -0.0167999 0.0860105 0.00135095 -0.00339784 -0.00113091 0.00135095 0.0112221 -0.0196707 0.0013663 -0.00339784 -0.0196707 0.0929955 
0.00862941 -0.0167657 -0.00111463 0.00132009 -0.0167657 0.0859603 0.00131496 -0.00327199 -0.00111463 0.00131496 0.0111977 -0.0197141 0.00132009 -0.00327199 -0.0197141 0.0930692 
0.00866834 -0.0167403 -0.00111053 0.00131105 -0.0167403 0.0858967 0.00130076 -0.00321849 -0.00111053 0.00130076 0.0111568 -0.0197017 0.00131105 -0.00321849 -0.0197017 0.0930895 
0.00869333 -0.0167903 -0.00112587 0.00131094 -0.0167903 0.0859565 0.0013058 -0.00320795 -0.00112587 0.0013058 0.0111147 -0.0196332 0.00131094 -0.00320795 -0.0196332 0.0929739 
0.00872081 -0.0168485 -0.0011088 0.00128414 -0.0168485 0.0860941 0.0012893 -0.00314073 -0.0011088 0.0012893 0.011057 -0.0195406 0.00128414 -0.00314073 -0.0195406 0.0927057 
0.00870649 -0.0168466 -0.00113272 0.00129748 -0.0168466 0.0861227 0.00131292 -0.00317676 -0.00113272 0.00131292 0.0110646 -0.0195085 0.00129748 -0.00317676 -0.0195085 0.0926306 
0.00872283 -0.0168237 -0.00113083 0.00131588 -0.0168237 0.0860923 0.0013313 -0.00322287 -0.00113083 0.0013313 0.0110667 -0.0195326 0.00131588 -0.00322287 -0.0195326 0.0926357 
0.00872835 -0.0168446 -0.00113155 0.00133214 -0.0168446 0.0861056 0.00134243 -0.00328149 -0.00113155 0.00134243 0.0110532 -0.0195243 0.00133214 -0.00328149 -0.0195243 0.0926223 
0.00874489 -0.0168372 -0.00115605 0.00134102 -0.0168372 0.0860822 0.00134102 -0.00330374 -0.00115605 0.00134102 0.0110467 -0.0195398 0.00134102 -0.00330374 -0.0195398 0.0926896 
0.00877663 -0.0168888 -0.00112798 0.00133401 -0.0168888 0.0861799 0.00134431 -0.00328093 -0.00112798 0.00134431 0.0110068 -0.0194847 0.00133401 -0.00328093 -0.0194847 0.0925718 
