0.0090453 0 0.000194822 0 0 0.00998462 0 0 0.000194822 0 0.0051767 0 0 0 0 0.00998462 
0.0124121 -0.015371 0.000234429 -0.000291453 -0.015371 0.0386682 -0.000291453 0.000557562 0.000234429 -0.000291453 0.00769816 -0.00959894 -0.000291453 0.000557562 -0.00959894 0.0275866 
0.0121277 -0.0221325 0.000162309 -0.000305141 -0.0221325 0.0797458 -0.000305141 0.000973855 0.000162309 -0.000305141 0.00801807 -0.0155622 -0.000305141 0.000973855 -0.0155622 0.0591 
0.011507 -0.0209888 8.75055e-05 -0.000143759 -0.0209888 0.0914057 -0.000150009 0.000543784 8.75055e-05 -0.000150009 0.00758172 -0.016201 -0.000143759 0.000543784 -0.016201 0.0755422 
0.0116787 -0.0202489 0.000112068 -8.84747e-05 -0.0202489 0.0929338 -0.000100271 0.000283119 0.000112068 -0.000100271 0.00741418 -0.0157721 -8.84747e-05 0.000283119 -0.0157721 0.0812434 
0.0119742 -0.0204146 0.000101285 -0.000123793 -0.0204146 0.0939702 -0.000123793 0.000241959 0.000101285 -0.000123793 0.00744446 -0.0154798 -0.000123793 0.000241959 -0.0154798 0.0825306 
0.0121078 -0.0207098 0.000124823 -0.000103115 -0.0207098 0.09505 -0.000103115 0.000227938 0.000124823 -0.000103115 0.00752737 -0.0153966 -0.000103115 0.000227938 -0.0153966 0.0826274 
0.0121191 -0.0208015 0.000122362 -0.000111722 -0.0208015 0.0956072 -0.000111722 0.000207483 0.000122362 -0.000111722 0.00761304 -0.0154495 -0.000111722 0.000207483 -0.0154495 0.0826368 
0.0120715 -0.0207399 0.000126238 -0.000157798 -0.0207399 0.0956148 -0.000163057 0.000336635 0.000126238 -0.000163057 0.00767948 -0.0155431 -0.000157798 0.000336635 -0.0155431 0.0827806 
0.012017 -0.0206676 0.000156335 -0.000198025 -0.0206676 0.0954532 -0.000208447 0.000505485 0.000156335 -0.000208447 0.00773861 -0.0156127 -0.000198025 0.000505485 -0.0156127 0.0829464 
0.0119858 -0.0206318 0.000165178 -0.000185826 -0.0206318 0.0953595 -0.000190987 0.000495535 0.000165178 -0.000190987 0.00778919 -0.0156661 -0.000185826 0.000495535 -0.0156661 0.0830847 
0.0119591 -0.0205853 0.000159936 -0.000206369 -0.0205853 0.0952288 -0.000201209 0.00052624 0.000159936 -0.000201209 0.00781621 -0.0157408 -0.000206369 0.00052624 -0.0157408 0.08328 
0.0119305 -0.0205739 0.000170288 -0.00020125 -0.0205739 0.0951757 -0.00020125 0.000526346 0.000170288 -0.00020125 0.00784358 -0.0157697 -0.00020125 0.000526346 -0.0157697 0.0834051 
0.0119147 -0.0205667 0.000160032 -0.000232305 -0.0205667 0.095183 -0.000232305 0.00059883 0.000160032 -0.000232305 0.00784674 -0.0157864 -0.000232305 0.00059883 -0.0157864 0.0834697 
0.0119184 -0.0205548 0.000113705 -0.000191231 -0.0205548 0.0951712 -0.0001964 0.000532347 0.000113705 -0.0001964 0.00783531 -0.0157947 -0.000191231 0.000532347 -0.0157947 0.0834905 
0.0118975 -0.0205159 7.26409e-05 -8.82068e-05 -0.0205159 0.0950765 -9.8584e-05 0.000295752 7.26409e-05 -9.8584e-05 0.00782965 -0.0158098 -8.82068e-05 0.000295752 -0.0158098 0.0835422 
0.0118913 -0.0204904 6.23124e-05 -3.11562e-05 -0.0204904 0.0949953 -4.15416e-05 0.000103854 6.23124e-05 -4.15416e-05 0.00782021 -0.0158014 -3.11562e-05 0.000103854 -0.0158014 0.083535 
0.0118694 -0.020506 6.76766e-05 -4.6853e-05 -0.020506 0.0950232 -5.20589e-05 5.20589e-05 6.76766e-05 -5.20589e-05 0.00781925 -0.015753 -4.6853e-05 5.20589e-05 -0.015753 0.0834401 
0.0118446 -0.0205361 7.26024e-05 -8.29742e-05 -0.0205361 0.095161 -9.3346e-05 0.000150391 7.26024e-05 -9.3346e-05 0.00786181 -0.0157132 -8.29742e-05 0.000150391 -0.0157132 0.0832802 
0.0118239 -0.0204828 0.000129082 -0.000134246 -0.0204828 0.0950975 -0.000134246 0.000309797 0.000129082 -0.000134246 0.007905 -0.015779 -0.000134246 0.000309797 -0.015779 0.0833303 
0.0118181 -0.020436 0.000138915 -0.00016464 -0.020436 0.0949615 -0.000159495 0.000375586 0.000138915 -0.000159495 0.00792846 -0.0158518 -0.00016464 0.000375586 -0.0158518 0.0834984 
0.0118217 -0.0204514 0.000138116 -0.000173924 -0.0204514 0.0949777 -0.000163693 0.000404117 0.000138116 -0.000163693 0.00794934 -0.015868 -0.000173924 0.000404117 -0.015868 0.083601 
0.0117785 -0.0204302 0.000154035 -0.000210514 -0.0204302 0.0948907 -0.000195111 0.00051345 0.000154035 -0.000195111 0.00797901 -0.0159323 -0.000210514 0.00051345 -0.0159323 0.0837642 
0.0117743 -0.0203995 0.000179799 -0.000200347 -0.0203995 0.0948465 -0.00019521 0.000513711 0.000179799 -0.00019521 0.00798821 -0.0159559 -0.000200347 0.000513711 -0.0159559 0.0838736 
0.0117935 -0.020387 0.000200326 -0.000210599 -0.020387 0.0948054 -0.000205462 0.000513656 0.000200326 -0.000205462 0.00796166 -0.0159696 -0.000210599 0.000513656 -0.0159696 0.0839313 
0.0117976 -0.0203997 0.000221624 -0.000252549 -0.0203997 0.0947985 -0.000252549 0.000592716 0.000221624 -0.000252549 0.00795271 -0.015957 -0.000252549 0.000592716 -0.015957 0.0839338 
0.0117947 -0.0204031 0.000201397 -0.000232382 -0.0204031 0.0948065 -0.000237546 0.000573208 0.000201397 -0.000237546 0.00794229 -0.015931 -0.000232382 0.000573208 -0.015931 0.0838846 
0.0117933 -0.0204176 0.000180641 -0.000242576 -0.0204176 0.0948522 -0.000258059 0.000614181 0.000180641 -0.000258059 0.00793274 -0.0158913 -0.000242576 0.000614181 -0.0158913 0.0838021 
0.0117802 -0.0204129 0.000185759 -0.000221879 -0.0204129 0.0948612 -0.000237359 0.000583078 0.000185759 -0.000237359 0.00795154 -0.0158876 -0.000221879 0.000583078 -0.0158876 0.0837517 
0.011724 -0.0203799 0.000212129 -0.000237998 -0.0203799 0.0947956 -0.000243172 0.000605343 0.000212129 -0.000243172 0.00799363 -0.0159148 -0.000237998 0.000605343 -0.0159148 0.0837908 
0.011669 -0.0203147 0.000186373 -0.000227789 -0.0203147 0.094662 -0.000238143 0.00057465 0.000186373 -0.000238143 0.00805028 -0.0159763 -0.000227789 0.00057465 -0.0159763 0.0838937 
0.0116758 -0.0202565 0.000174803 -0.000215933 -0.0202565 0.0945374 -0.000215933 0.000560397 0.000174803 -0.000215933 0.00806663 -0.0160304 -0.000215933 0.000560397 -0.0160304 0.0840133 
0.0116927 -0.0202432 0.000123623 -0.000175132 -0.0202432 0.0944169 -0.000169981 0.000442982 0.000123623 -0.000169981 0.00804578 -0.0160658 -0.000175132 0.000442982 -0.0160658 0.0841459 
0.0117109 -0.0202496 8.27994e-05 -0.000103499 -0.0202496 0.0943655 -0.000103499 0.000284623 8.27994e-05 -0.000103499 0.00801085 -0.0160631 -0.000103499 0.000284623 -0.0160631 0.0842122 
0.0116984 -0.0202913 9.81755e-05 -8.78412e-05 -0.0202913 0.0944448 -8.78412e-05 0.000222187 9.81755e-05 -8.78412e-05 0.00801422 -0.0160078 -8.78412e-05 0.000222187 -0.0160078 0.0841209 
0.0116958 -0.0202655 8.29493e-05 -0.000108871 -0.0202655 0.0944325 -9.85022e-05 0.00022811 8.29493e-05 -9.85022e-05 0.00800979 -0.0160092 -0.000108871 0.00022811 -0.0160092 0.0840691 
0.0116783 -0.0202504 0.000103715 -0.000103715 -0.0202504 0.0943807 -9.33436e-05 0.000238545 0.000103715 -9.33436e-05 0.0080068 -0.0159877 -0.000103715 0.000238545 -0.0159877 0.0840351 
0.0116746 -0.0202502 0.00015054 -0.000145349 -0.0202502 0.0943937 -0.00015054 0.000332226 0.00015054 -0.00015054 0.00799419 -0.0159728 -0.000145349 0.000332226 -0.0159728 0.0839597 
0.0116986 -0.0202745 0.000170896 -0.000207147 -0.0202745 0.0944692 -0.000201968 0.000471258 0.000170896 -0.000201968 0.0079855 -0.0159347 -0.000207147 0.000471258 -0.0159347 0.0838529 
0.0116982 -0.0202838 0.000186756 -0.000217882 -0.0202838 0.0945037 -0.00022307 0.000544705 0.000186756 -0.00022307 0.00798381 -0.0159261 -0.000217882 0.000544705 -0.0159261 0.0838067 
0.0117006 -0.0202899 0.000191219 -0.000237732 -0.0202899 0.0945451 -0.000237732 0.000599499 0.000191219 -0.000237732 0.00799504 -0.0159177 -0.000237732 0.000599499 -0.0159177 0.0837644 
0.0116894 -0.0202991 0.000144441 -0.000232137 -0.0202991 0.0945623 -0.00022182 0.000582922 0.000144441 -0.00022182 0.00801131 -0.0159452 -0.000232137 0.000582922 -0.0159452 0.0837912 
0.0117297 -0.0202917 0.000113131 -0.000164555 -0.0202917 0.0945522 -0.000159413 0.000467953 0.000113131 -0.000159413 0.00799634 -0.0159721 -0.000164555 0.000467953 -0.0159721 0.0838561 
0.011742 -0.0203304 7.22584e-05 -0.000113549 -0.0203304 0.0946121 -0.000113549 0.00031484 7.22584e-05 -0.000113549 0.0079794 -0.015964 -0.000113549 0.00031484 -0.015964 0.0838766 
0.0117579 -0.0203751 8.25112e-05 -8.76682e-05 -0.0203751 0.0947435 -9.28251e-05 0.000252691 8.25112e-05 -9.28251e-05 0.0079778 -0.0159298 -8.76682e-05 0.000252691 -0.0159298 0.0838263 
0.0118119 -0.0204102 0.000173704 -0.000153268 -0.0204102 0.0948732 -0.000163486 0.000393389 0.000173704 -0.000163486 0.00796996 -0.0159195 -0.000153268 0.000393389 -0.0159195 0.0837765 
0.0118103 -0.0204378 0.000209802 -0.000230271 -0.0204378 0.0949228 -0.000230271 0.000521947 0.000209802 -0.000230271 0.00797761 -0.0159399 -0.000230271 0.000521947 -0.0159399 0.0838237 
0.0118221 -0.0204265 0.000226162 -0.000267282 -0.0204265 0.0948851 -0.000262142 0.000632225 0.000226162 -0.000262142 0.00795678 -0.0159804 -0.000267282 0.000632225 -0.0159804 0.0839369 
0.011854 -0.0204545 0.000247495 -0.000252652 -0.0204545 0.0949557 -0.000257808 0.000613582 0.000247495 -0.000257808 0.00791985 -0.0159325 -0.000252652 0.000613582 -0.0159325 0.0839164 
0.0118795 -0.0205079 0.000247705 -0.000278668 -0.0205079 0.0950877 -0.000283828 0.000650225 0.000247705 -0.000283828 0.00789043 -0.0158738 -0.000278668 0.000650225 -0.0158738 0.0837913 
0.011878 -0.0205283 0.000258218 -0.000315026 -0.0205283 0.0951481 -0.000325354 0.000779818 0.000258218 -0.000325354 0.00790146 -0.0158494 -0.000315026 0.000779818 -0.0158494 0.083709 
0.0118813 -0.0204944 0.000248605 -0.000336653 -0.0204944 0.0950709 -0.000341833 0.000849402 0.000248605 -0.000341833 0.00788287 -0.0158745 -0.000336653 0.000849402 -0.0158745 0.0837283 
0.0119267 -0.0205098 0.000242141 -0.000262748 -0.0205098 0.0950789 -0.0002679 0.000710966 0.000242141 -0.0002679 0.00785154 -0.0158422 -0.000262748 0.000710966 -0.0158422 0.0836931 
0.0119285 -0.0205344 0.000237332 -0.000242492 -0.0205344 0.0950774 -0.000247651 0.000588172 0.000237332 -0.000247651 0.00783713 -0.015829 -0.000242492 0.000588172 -0.015829 0.0836442 
0.0118967 -0.0205186 0.000249909 -0.00029156 -0.0205186 0.0950331 -0.000286354 0.000666424 0.000249909 -0.000286354 0.00782007 -0.0158171 -0.00029156 0.000666424 -0.0158171 0.0836206 
0.0118846 -0.0204946 0.000256314 -0.00029293 -0.0204946 0.094993 -0.000287699 0.000690478 0.000256314 -0.000287699 0.00779926 -0.0157764 -0.00029293 0.000690478 -0.0157764 0.0835426 
0.0118759 -0.020502 0.00025478 -0.000306776 -0.020502 0.0950224 -0.000306776 0.000738341 0.00025478 -0.000306776 0.00779938 -0.0157183 -0.000306776 0.000738341 -0.0157183 0.0833754 
0.0118712 -0.0204953 0.000301325 -0.000337692 -0.0204953 0.0950214 -0.000342887 0.000831242 0.000301325 -0.000342887 0.00781368 -0.0157261 -0.000337692 0.000831242 -0.0157261 0.0832957 
0.0118705 -0.0205318 0.000325573 -0.000392755 -0.0205318 0.0951138 -0.000397923 0.000961215 0.000325573 -0.000397923 0.00784476 -0.0157102 -0.000392755 0.000961215 -0.0157102 0.083233 
0.0118411 -0.020519 0.000338903 -0.000431331 -0.020519 0.0951496 -0.000421061 0.00107833 0.000338903 -0.000421061 0.00791801 -0.0157641 -0.000431331 0.00107833 -0.0157641 0.0832982 
0.0118284 -0.0204626 0.000353775 -0.000405047 -0.0204626 0.0950528 -0.00039992 0.00104082 0.000353775 -0.00039992 0.00795226 -0.0158686 -0.000405047 0.00104082 -0.0158686 0.0835371 
0.0118398 -0.0204399 0.000400481 -0.000410749 -0.0204399 0.0949498 -0.000410749 0.0010166 0.000400481 -0.000410749 0.00794286 -0.0159319 -0.000410749 0.0010166 -0.0159319 0.0837723 
0.0118118 -0.0204258 0.000435364 -0.000471644 -0.0204258 0.0948472 -0.000471644 0.00109878 0.000435364 -0.000471644 0.00792984 -0.0159478 -0.000471644 0.00109878 -0.0159478 0.083906 
0.0117947 -0.0204331 0.000472411 -0.000534707 -0.0204331 0.0948923 -0.000524324 0.0012563 0.000472411 -0.000524324 0.00793754 -0.0159062 -0.000534707 0.0012563 -0.0159062 0.0838451 
0.0118425 -0.0204355 0.000450896 -0.000549368 -0.0204355 0.0949422 -0.000544185 0.00132678 0.000450896 -0.000544185 0.00790364 -0.015885 -0.000549368 0.00132678 -0.015885 0.0837579 
0.0118975 -0.020497 0.000385281 -0.00052912 -0.020497 0.095036 -0.000523982 0.00131509 0.000385281 -0.000523982 0.00788029 -0.0158325 -0.00052912 0.00131509 -0.0158325 0.083642 
0.011916 -0.0205547 0.000363573 -0.000450626 -0.0205547 0.0951691 -0.000455747 0.00119313 0.000363573 -0.000455747 0.00790131 -0.0158282 -0.000450626 0.00119313 -0.0158282 0.083586 
0.0118759 -0.0205331 0.000319301 -0.000381101 -0.0205331 0.095126 -0.000386252 0.000983654 0.000319301 -0.000386252 0.00791043 -0.0158775 -0.000381101 0.000983654 -0.0158775 0.0836878 
0.0118481 -0.0204814 0.00033185 -0.00033185 -0.0204814 0.0950337 -0.000337036 0.000824441 0.00033185 -0.000337036 0.00790219 -0.0159029 -0.00033185 0.000824441 -0.0159029 0.0837767 
0.0118321 -0.0204571 0.000337319 -0.000363266 -0.0204571 0.0949682 -0.000368456 0.000830323 0.000337319 -0.000368456 0.00789845 -0.0158799 -0.000363266 0.000830323 -0.0158799 0.0837589 
0.0118256 -0.0204467 0.000366965 -0.000403145 -0.0204467 0.0949302 -0.000413482 0.000956176 0.000366965 -0.000413482 0.00790783 -0.0158518 -0.000403145 0.000956176 -0.0158518 0.0836887 
0.0117923 -0.0204121 0.000381727 -0.000453945 -0.0204121 0.0948333 -0.000464262 0.00110907 0.000381727 -0.000464262 0.00793888 -0.0158829 -0.000453945 0.00110907 -0.0158829 0.0837116 
0.0117847 -0.0204009 0.000413497 -0.000470352 -0.0204009 0.0947992 -0.000475521 0.0011733 0.000413497 -0.000475521 0.00794947 -0.0159041 -0.000470352 0.0011733 -0.0159041 0.0837589 
0.0118077 -0.0203932 0.000424104 -0.000470652 -0.0203932 0.0947975 -0.000470652 0.00115335 0.000424104 -0.000470652 0.00792867 -0.0159142 -0.000470652 0.00115335 -0.0159142 0.083776 
0.0117899 -0.020431 0.000438766 -0.000516196 -0.020431 0.0948664 -0.000505872 0.00123371 0.000438766 -0.000505872 0.00795974 -0.0158782 -0.000516196 0.00123371 -0.0158782 0.0837321 
0.0117359 -0.0204062 0.00046448 -0.000526411 -0.0204062 0.0948623 -0.000510928 0.00129022 0.00046448 -0.000510928 0.00801486 -0.015911 -0.000526411 0.00129022 -0.015911 0.0837561 
0.0117092 -0.0203421 0.000462205 -0.000539239 -0.0203421 0.0947417 -0.000534103 0.00130958 0.000462205 -0.000534103 0.0080629 -0.0159923 -0.000539239 0.00130958 -0.0159923 0.0838953 
0.0117427 -0.0203079 0.000404214 -0.00050143 -0.0203079 0.0946373 -0.000496313 0.00123823 0.000404214 -0.000496313 0.00803823 -0.0160406 -0.00050143 0.00123823 -0.0160406 0.0840356 
0.0117589 -0.0202893 0.00038165 -0.000453854 -0.0202893 0.0944996 -0.000453854 0.00115011 0.00038165 -0.000453854 0.0079837 -0.0160654 -0.000453854 0.00115011 -0.0160654 0.0841796 
0.0117452 -0.0203489 0.000389428 -0.00043616 -0.0203489 0.0945947 -0.000446544 0.00110598 0.000389428 -0.000446544 0.00796511 -0.0159718 -0.00043616 0.00110598 -0.0159718 0.0840594 
0.0117227 -0.0203749 0.000398695 -0.000455652 -0.0203749 0.0947341 -0.000455652 0.00111324 0.000398695 -0.000455652 0.00798426 -0.0159012 -0.000455652 0.00111324 -0.0159012 0.0838451 
0.0116931 -0.0203192 0.000414467 -0.00049218 -0.0203192 0.0946539 -0.00049218 0.00120714 0.000414467 -0.00049218 0.00801476 -0.0159518 -0.00049218 0.00120714 -0.0159518 0.0838363 
0.0116896 -0.0202937 0.000377919 -0.000460751 -0.0202937 0.0945833 -0.000455574 0.00113893 0.000377919 -0.000455574 0.00801913 -0.015971 -0.000460751 0.00113893 -0.015971 0.083867 
0.0116672 -0.0202831 0.00035167 -0.000393043 -0.0202831 0.0945527 -0.000398215 0.000987779 0.00035167 -0.000398215 0.00804187 -0.0159803 -0.000393043 0.000987779 -0.0159803 0.0838992 
0.0116634 -0.0202534 0.000366741 -0.000397733 -0.0202534 0.0944746 -0.000397733 0.000955593 0.000366741 -0.000397733 0.00805798 -0.0160075 -0.000397733 0.000955593 -0.0160075 0.0839734 
0.0116628 -0.0202274 0.00039377 -0.00043522 -0.0202274 0.0943701 -0.000445582 0.00104142 0.00039377 -0.000445582 0.0080412 -0.0160461 -0.00043522 0.00104142 -0.0160461 0.0840803 
0.0116458 -0.0202418 0.000403182 -0.000460041 -0.0202418 0.0943963 -0.000460041 0.00109066 0.000403182 -0.000460041 0.00806364 -0.0160239 -0.000460041 0.00109066 -0.0160239 0.0840635 
0.0116464 -0.0202027 0.000388215 -0.000455505 -0.0202027 0.094331 -0.000460682 0.00111288 0.000388215 -0.000460682 0.00804899 -0.0160514 -0.000455505 0.00111288 -0.0160514 0.0841029 
0.0116576 -0.0202376 0.000435217 -0.000466304 -0.0202376 0.0943645 -0.000471485 0.00115022 0.000435217 -0.000471485 0.00804116 -0.0160305 -0.000466304 0.00115022 -0.0160305 0.0840799 
0.0116694 -0.0202587 0.000439283 -0.000511636 -0.0202587 0.0944614 -0.000511636 0.00122483 0.000439283 -0.000511636 0.0080518 -0.0160002 -0.000511636 0.00122483 -0.0160002 0.0840116 
0.0117112 -0.0202568 0.00045223 -0.000525003 -0.0202568 0.0944693 -0.000514607 0.00127352 0.00045223 -0.000514607 0.00799459 -0.0160204 -0.000525003 0.00127352 -0.0160204 0.0840264 
0.0117598 -0.0203237 0.000441708 -0.000535246 -0.0203237 0.0945826 -0.000530049 0.00130434 0.000441708 -0.000530049 0.00795593 -0.0159534 -0.000535246 0.00130434 -0.0159534 0.0839348 
0.0117805 -0.0203829 0.000476188 -0.000543475 -0.0203829 0.0947355 -0.000538299 0.00135092 0.000476188 -0.000538299 0.00795545 -0.0159005 -0.000543475 0.00135092 -0.0159005 0.0837987 
0.0117522 -0.0203796 0.000461992 -0.000550238 -0.0203796 0.0947499 -0.000550238 0.00134964 0.000461992 -0.000550238 0.00797845 -0.0159257 -0.000550238 0.00134964 -0.0159257 0.0837971 
0.0117186 -0.0203348 0.000426131 -0.000530066 -0.0203348 0.0946739 -0.000530066 0.00132516 0.000426131 -0.000530066 0.00799776 -0.0159591 -0.000530066 0.00132516 -0.0159591 0.0838699 
0.0116951 -0.0203014 0.000410812 -0.000483614 -0.0203014 0.0945752 -0.000488814 0.00123244 0.000410812 -0.000488814 0.00801344 -0.0159749 -0.000483614 0.00123244 -0.0159749 0.0839201 
0.0116913 -0.0202701 0.000384513 -0.000452063 -0.0202701 0.0944812 -0.000452063 0.00112756 0.000384513 -0.000452063 0.00800204 -0.0159989 -0.000452063 0.00112756 -0.0159989 0.083959 
0.0117036 -0.0202504 0.000380901 -0.000422643 -0.0202504 0.0944112 -0.00040699 0.00103313 0.000380901 -0.00040699 0.00797804 -0.0159874 -0.000422643 0.00103313 -0.0159874 0.0839651 
0.0117346 -0.0203058 0.00036018 -0.00042804 -0.0203058 0.0944872 -0.0004176 0.00100746 0.00036018 -0.0004176 0.00793962 -0.015921 -0.00042804 0.00100746 -0.015921 0.0838592 
0.0117509 -0.020331 0.000312384 -0.000411306 -0.020331 0.0945744 -0.0004061 0.00100484 0.000312384 -0.0004061 0.00792936 -0.0158743 -0.000411306 0.00100484 -0.0158743 0.0837347 
0.0117449 -0.0203723 0.000274462 -0.000336604 -0.0203723 0.0946998 -0.000336604 0.000864814 0.000274462 -0.000336604 0.00796458 -0.0158567 -0.000336604 0.000864814 -0.0158567 0.0836177 
0.0117594 -0.020372 0.00030851 -0.00030851 -0.020372 0.0947641 -0.000318794 0.000796985 0.00030851 -0.000318794 0.00799042 -0.0158986 -0.00030851 0.000796985 -0.0158986 0.0836628 
0.0117792 -0.0203864 0.000377998 -0.00037289 -0.0203864 0.0947959 -0.00037289 0.000873483 0.000377998 -0.00037289 0.0080197 -0.0159526 -0.00037289 0.000873483 -0.0159526 0.0837982 
0.0117511 -0.0203662 0.000439963 -0.000470658 -0.0203662 0.0947199 -0.000465542 0.00108456 0.000439963 -0.000465542 0.00804723 -0.0160382 -0.000470658 0.00108456 -0.0160382 0.0840329 
0.011746 -0.0203461 0.000447223 -0.000550032 -0.0203461 0.0946724 -0.000544892 0.0012954 0.000447223 -0.000544892 0.00805515 -0.0160795 -0.000550032 0.0012954 -0.0160795 0.0842166 
0.011765 -0.020349 0.000433068 -0.000525868 -0.020349 0.0946666 -0.000536179 0.00131983 0.000433068 -0.000536179 0.00802207 -0.0160699 -0.000525868 0.00131983 -0.0160699 0.0842575 
0.0117839 -0.0203699 0.000442153 -0.000488424 -0.0203699 0.0947235 -0.000503848 0.0012442 0.000442153 -0.000503848 0.00801016 -0.0160203 -0.000488424 0.0012442 -0.0160203 0.0841735 
0.0118037 -0.0203573 0.000479785 -0.000521056 -0.0203573 0.0946672 -0.000526215 0.00127943 0.000479785 -0.000526215 0.00796546 -0.0160238 -0.000521056 0.00127943 -0.0160238 0.0841377 
0.0117823 -0.0204027 0.000520109 -0.000581904 -0.0204027 0.0947423 -0.000587054 0.00140584 0.000520109 -0.000587054 0.00797672 -0.0159483 -0.000581904 0.00140584 -0.0159483 0.0840105 
0.0117348 -0.0203918 0.000535271 -0.000597033 -0.0203918 0.0947842 -0.000597033 0.00145141 0.000535271 -0.000597033 0.00801878 -0.0159449 -0.000597033 0.00145141 -0.0159449 0.0839038 
0.0117071 -0.020343 0.000531673 -0.000624587 -0.020343 0.0947256 -0.000624587 0.00150727 0.000531673 -0.000624587 0.00803704 -0.0159915 -0.000624587 0.00150727 -0.0159915 0.0839373 
0.0117019 -0.0203016 0.000526509 -0.000603936 -0.0203016 0.0946064 -0.000609098 0.00149177 0.000526509 -0.000609098 0.00802668 -0.0160275 -0.000603936 0.00149177 -0.0160275 0.0840194 
0.0117248 -0.020311 0.0004793 -0.000597836 -0.020311 0.0945922 -0.000597836 0.00147913 0.0004793 -0.000597836 0.0080141 -0.0159973 -0.000597836 0.00147913 -0.0159973 0.0840166 
0.011737 -0.0203276 0.000450229 -0.00054338 -0.0203276 0.0946205 -0.00054338 0.00138691 0.000450229 -0.00054338 0.0079851 -0.0159857 -0.00054338 0.00138691 -0.0159857 0.0839806 
0.0117062 -0.0203404 0.000410654 -0.000488626 -0.0203404 0.0946324 -0.000467834 0.00121117 0.000410654 -0.000467834 0.00799476 -0.0159531 -0.000488626 0.00121117 -0.0159531 0.0839086 
0.0116951 -0.0203014 0.000364011 -0.000436813 -0.0203014 0.0946012 -0.000426413 0.00107123 0.000364011 -0.000426413 0.00798744 -0.0159489 -0.000436813 0.00107123 -0.0159489 0.0838473 
0.0117198 -0.0203036 0.000336925 -0.000414678 -0.0203036 0.0945879 -0.000409494 0.00102633 0.000336925 -0.000409494 0.00797218 -0.0159288 -0.000414678 0.00102633 -0.0159288 0.0838063 
0.0116837 -0.0203035 0.000353737 -0.000400556 -0.0203035 0.0945571 -0.000405758 0.00100919 0.000353737 -0.000405758 0.00799551 -0.0159338 -0.000400556 0.00100919 -0.0159338 0.083815 
0.0116633 -0.0202318 0.000376406 -0.000386861 -0.0202318 0.0943994 -0.000392089 0.000941014 0.000376406 -0.000392089 0.00798816 -0.0159763 -0.000386861 0.000941014 -0.0159763 0.0838914 
0.0116484 -0.0202315 0.000372037 -0.000429677 -0.0202315 0.0943508 -0.000429677 0.00100607 0.000372037 -0.000429677 0.00799095 -0.0159452 -0.000429677 0.00100607 -0.0159452 0.0838761 
0.0115997 -0.0201905 0.000362326 -0.000441093 -0.0201905 0.0942521 -0.000446344 0.00107648 0.000362326 -0.000446344 0.00802369 -0.0159529 -0.000441093 0.00107648 -0.0159529 0.0838602 
0.0115435 -0.0201515 0.00039697 -0.000449203 -0.0201515 0.0941812 -0.000454427 0.00112823 0.00039697 -0.000454427 0.00807522 -0.0159676 -0.000449203 0.00112823 -0.0159676 0.0838443 
0.0115059 -0.0200818 0.000406642 -0.000474415 -0.0200818 0.0940333 -0.000469202 0.00116258 0.000406642 -0.000469202 0.00813284 -0.0160363 -0.000474415 0.00116258 -0.0160363 0.0839611 
0.0114685 -0.0200309 0.000358715 -0.000436697 -0.0200309 0.0938951 -0.000431498 0.00107095 0.000358715 -0.000431498 0.00817247 -0.0161058 -0.000436697 0.00107095 -0.0161058 0.0841006 
0.0114637 -0.0200126 0.000345044 -0.000386244 -0.0200126 0.0938314 -0.000391393 0.000963034 0.000345044 -0.000391393 0.00821411 -0.0161398 -0.000386244 0.000963034 -0.0161398 0.0842217 
0.0114524 -0.0199787 0.000324563 -0.000350322 -0.0199787 0.0937421 -0.000360626 0.00086035 0.000324563 -0.000360626 0.00822227 -0.0162076 -0.000350322 0.00086035 -0.0162076 0.0843813 
0.0114836 -0.0199777 0.00032987 -0.000376258 -0.0199777 0.0937088 -0.000381412 0.000907142 0.00032987 -0.000381412 0.0081952 -0.0162358 -0.000376258 0.000907142 -0.0162358 0.084524 
0.0114963 -0.0200186 0.000378884 -0.000399645 -0.0200186 0.0937868 -0.000389265 0.000949806 0.000378884 -0.000389265 0.00816937 -0.0161986 -0.000399645 0.000949806 -0.0161986 0.0845067 
0.0114911 -0.0200352 0.000453803 -0.000479884 -0.0200352 0.0938538 -0.000469452 0.00111625 0.000453803 -0.000469452 0.0081476 -0.01617 -0.000479884 0.00111625 -0.01617 0.0844492 
0.0114979 -0.020037 0.000503519 -0.000581383 -0.020037 0.093883 -0.00056062 0.00134964 0.000503519 -0.00056062 0.00815494 -0.0161386 -0.000581383 0.00134964 -0.0161386 0.0843629 
0.0114753 -0.0200391 0.000501624 -0.000584366 -0.0200391 0.0938761 -0.000574023 0.00140662 0.000501624 -0.000574023 0.00819147 -0.0161295 -0.000584366 0.00140662 -0.0161295 0.0843142 
0.0114232 -0.020014 0.000486757 -0.000574787 -0.020014 0.0938353 -0.000569609 0.00140849 0.000486757 -0.000569609 0.00823344 -0.0161717 -0.000574787 0.00140849 -0.0161717 0.0843332 
0.0113922 -0.0199467 0.00050747 -0.000569609 -0.0199467 0.0937265 -0.000569609 0.00140331 0.00050747 -0.000569609 0.00825933 -0.0162183 -0.000569609 0.00140331 -0.0162183 0.0844316 
0.0113551 -0.0199206 0.000496851 -0.000574484 -0.0199206 0.0936357 -0.00059001 0.00141292 0.000496851 -0.00059001 0.00829637 -0.016246 -0.000574484 0.00141292 -0.016246 0.0845215 
0.0113438 -0.0198724 0.000460584 -0.000543385 -0.0198724 0.0935347 -0.000553736 0.0013507 0.000460584 -0.000553736 0.00829568 -0.0162912 -0.000543385 0.0013507 -0.0162912 0.0846129 
0.0113156 -0.0198606 0.000440196 -0.000543771 -0.0198606 0.0934768 -0.000564486 0.00137755 0.000440196 -0.000564486 0.00832746 -0.0163131 -0.000543771 0.00137755 -0.0163131 0.0846884 
0.0112902 -0.0198165 0.000416422 -0.000494501 -0.0198165 0.0933825 -0.000504911 0.00127009 0.000416422 -0.000504911 0.00834405 -0.0163445 -0.000494501 0.00127009 -0.0163445 0.084773 
0.0112488 -0.0197932 0.000404896 -0.000456806 -0.0197932 0.0933026 -0.000467188 0.0011524 0.000404896 -0.000467188 0.00837824 -0.0163568 -0.000456806 0.0011524 -0.0163568 0.0848154 
0.0112741 -0.0197466 0.000398763 -0.000435015 -0.0197466 0.0932122 -0.000440193 0.00105646 0.000398763 -0.000440193 0.00836885 -0.0163959 -0.000435015 0.00105646 -0.0163959 0.0848952 
0.0113207 -0.0197659 0.000403386 -0.000434416 -0.0197659 0.0931719 -0.000439588 0.00103432 0.000403386 -0.000439588 0.00832114 -0.0163889 -0.000434416 0.00103432 -0.0163889 0.0849232 
0.011345 -0.0198188 0.000393169 -0.000460422 -0.0198188 0.0932277 -0.000460422 0.00108639 0.000393169 -0.000460422 0.00828759 -0.0163372 -0.000460422 0.00108639 -0.0163372 0.0848676 
0.011393 -0.0198576 0.00044496 -0.000496699 -0.0198576 0.0933587 -0.000486351 0.00120553 0.00044496 -0.000486351 0.00824727 -0.0163031 -0.000496699 0.00120553 -0.0163031 0.0847648 
0.0114187 -0.0199114 0.00048248 -0.000565488 -0.0199114 0.0934818 -0.0005603 0.00136443 0.00048248 -0.0005603 0.00821773 -0.0162539 -0.000565488 0.00136443 -0.0162539 0.0846519 
0.0114344 -0.0199647 0.000494434 -0.000556889 -0.0199647 0.0936457 -0.000562093 0.0013688 0.000494434 -0.000562093 0.00819719 -0.0161914 -0.000556889 0.0013688 -0.0161914 0.0845013 
0.0114408 -0.0200083 0.000537102 -0.000573604 -0.0200083 0.0938155 -0.000589248 0.00141837 0.000537102 -0.000589248 0.00819732 -0.0161548 -0.000573604 0.00141837 -0.0161548 0.084351 
0.0114552 -0.0199919 0.000558665 -0.000636983 -0.0199919 0.0938401 -0.000636983 0.0015298 0.000558665 -0.000636983 0.00819201 -0.01617 -0.000636983 0.0015298 -0.01617 0.0843323 
0.0114531 -0.0199894 0.000563521 -0.00063657 -0.0199894 0.0938107 -0.00063657 0.00154447 0.000563521 -0.00063657 0.00818671 -0.0161647 -0.00063657 0.00154447 -0.0161647 0.0843247 
0.0114534 -0.0199937 0.000522985 -0.000622352 -0.0199937 0.0937974 -0.000617123 0.00148528 0.000522985 -0.000617123 0.00817426 -0.0161498 -0.000622352 0.00148528 -0.0161498 0.0843 
0.0114451 -0.0200055 0.000474707 -0.000589472 -0.0200055 0.0938252 -0.000573822 0.00143456 0.000474707 -0.000573822 0.00819522 -0.0161401 -0.000589472 0.00143456 -0.0161401 0.084258 
0.0114447 -0.0199996 0.000494653 -0.000572756 -0.0199996 0.093833 -0.000577962 0.0014371 0.000494653 -0.000577962 0.00822165 -0.0161621 -0.000572756 0.0014371 -0.0161621 0.0842836 
