0.00510689 0 0 0 0 0.00998838 0 0 0 0 0.00903744 0 0 0 0 0.00998838 
0.00759243 -0.00947294 6.39632e-06 -1.27926e-05 -0.00947294 0.0273442 -1.27926e-05 1.91889e-05 6.39632e-06 -1.27926e-05 0.0124025 -0.0153703 -1.27926e-05 1.91889e-05 -0.0153703 0.0386529 
0.00791353 -0.0152466 0 3.86969e-05 -0.0152466 0.0580777 3.86969e-05 -0.000116091 0 3.86969e-05 0.0122024 -0.0222443 3.86969e-05 -0.000116091 -0.0222443 0.0801156 
0.00753309 -0.0160163 -4.96823e-05 1.86309e-05 -0.0160163 0.0746291 1.86309e-05 -0.000142837 -4.96823e-05 1.86309e-05 0.0115449 -0.0210529 1.86309e-05 -0.000142837 -0.0210529 0.0916267 
0.007432 -0.0157087 -8.21216e-05 4.69266e-05 -0.0157087 0.0807783 4.10608e-05 -8.79874e-05 -8.21216e-05 4.10608e-05 0.0116613 -0.0202782 4.69266e-05 -8.79874e-05 -0.0202782 0.0930496 
0.0075083 -0.0154799 -8.37357e-05 8.37357e-05 -0.0154799 0.0823736 7.81533e-05 -0.000128395 -8.37357e-05 7.81533e-05 0.011924 -0.0204371 8.37357e-05 -0.000128395 -0.0204371 0.0940687 
0.00761443 -0.0154782 -9.75515e-05 0.000124649 -0.0154782 0.0827182 0.000124649 -0.000270976 -9.75515e-05 0.000124649 0.0120313 -0.0206538 0.000124649 -0.000270976 -0.0206538 0.0950151 
0.0076953 -0.0155502 -0.000127723 0.000154332 -0.0155502 0.0828708 0.000154332 -0.000372525 -0.000127723 0.000154332 0.0120113 -0.0206911 0.000154332 -0.000372525 -0.0206911 0.0954036 
0.00772648 -0.0156427 -0.000163384 0.000173925 -0.0156427 0.0830518 0.000179195 -0.000437448 -0.000163384 0.000179195 0.0119745 -0.0205969 0.000173925 -0.000437448 -0.0205969 0.0952951 
0.0077384 -0.0156708 -0.000152042 0.000199227 -0.0156708 0.0831616 0.000199227 -0.000477097 -0.000152042 0.000199227 0.0119484 -0.0205466 0.000199227 -0.000477097 -0.0205466 0.0951048 
0.0077799 -0.0156533 -0.00010394 0.000161107 -0.0156533 0.0831259 0.000161107 -0.000420956 -0.00010394 0.000161107 0.0119323 -0.0205593 0.000161107 -0.000420956 -0.0205593 0.0951205 
0.00783085 -0.0156927 -5.67827e-05 0.000118727 -0.0156927 0.083166 0.000113565 -0.00032521 -5.67827e-05 0.000113565 0.0119037 -0.020545 0.000118727 -0.00032521 -0.020545 0.0951265 
0.00788776 -0.0157499 0 4.09488e-05 -0.0157499 0.0832591 2.5593e-05 -0.000122846 0 2.5593e-05 0.0118905 -0.0205614 4.09488e-05 -0.000122846 -0.0205614 0.0951957 
0.00791846 -0.0158729 -2.56593e-05 5.13186e-06 -0.0158729 0.083557 -5.13186e-06 -3.5923e-05 -2.56593e-05 -5.13186e-06 0.01187 -0.0204967 5.13186e-06 -3.5923e-05 -0.0204967 0.0950472 
0.00791705 -0.0159114 -4.12078e-05 2.57549e-05 -0.0159114 0.0837549 2.06039e-05 -2.57549e-05 -4.12078e-05 2.06039e-05 0.0118472 -0.0204751 2.57549e-05 -2.57549e-05 -0.0204751 0.0949634 
0.00789762 -0.0159245 -7.7529e-05 5.1686e-05 -0.0159245 0.083845 6.20232e-05 -0.000113709 -7.7529e-05 6.20232e-05 0.0118413 -0.0204263 5.1686e-05 -0.000113709 -0.0204263 0.0948645 
0.00789245 -0.0158728 -8.78662e-05 8.78662e-05 -0.0158728 0.083783 0.000103372 -0.000191238 -8.78662e-05 0.000103372 0.0118361 -0.0204418 8.78662e-05 -0.000191238 -0.0204418 0.0948696 
0.00787105 -0.0158351 -6.20174e-05 0.000113699 -0.0158351 0.0836667 0.000118867 -0.000263574 -6.20174e-05 0.000118867 0.0118505 -0.0204554 0.000113699 -0.000263574 -0.0204554 0.0949228 
0.00783206 -0.0158248 -5.18336e-05 9.84839e-05 -0.0158248 0.0836076 9.84839e-05 -0.000279902 -5.18336e-05 9.84839e-05 0.0118647 -0.0204484 9.84839e-05 -0.000279902 -0.0204484 0.0949073 
0.00785609 -0.0157534 -9.27276e-05 0.000113334 -0.0157534 0.0834497 0.000108182 -0.000324547 -9.27276e-05 0.000108182 0.0118743 -0.0205083 0.000113334 -0.000324547 -0.0205083 0.0950355 
0.00788204 -0.0157847 -9.78176e-05 0.000108114 -0.0157847 0.083423 0.000102966 -0.000267711 -9.78176e-05 0.000102966 0.0118359 -0.0204954 0.000108114 -0.000267711 -0.0204954 0.095053 
0.00791964 -0.0158444 -9.28687e-05 9.28687e-05 -0.0158444 0.0835251 9.28687e-05 -0.000227012 -9.28687e-05 9.28687e-05 0.0117892 -0.0204414 9.28687e-05 -0.000227012 -0.0204414 0.0949479 
0.0079345 -0.0158793 -9.3043e-05 8.27049e-05 -0.0158793 0.083625 8.27049e-05 -0.000186086 -9.3043e-05 8.27049e-05 0.0117648 -0.0203971 8.27049e-05 -0.000186086 -0.0203971 0.0948573 
0.00793737 -0.0158903 -6.21726e-05 8.28968e-05 -0.0158903 0.0836895 7.77158e-05 -0.000165794 -6.21726e-05 7.77158e-05 0.0117506 -0.0203667 8.28968e-05 -0.000165794 -0.0203667 0.0947718 
0.00794732 -0.0158791 -5.18078e-05 9.32541e-05 -0.0158791 0.0836852 9.32541e-05 -0.000227954 -5.18078e-05 9.32541e-05 0.0117397 -0.0203553 9.32541e-05 -0.000227954 -0.0203553 0.0947306 
0.00794947 -0.0158989 0 5.18557e-05 -0.0158989 0.0837106 5.18557e-05 -0.000160753 0 5.18557e-05 0.0117297 -0.0203274 5.18557e-05 -0.000160753 -0.0203274 0.0946469 
0.00794459 -0.0158892 3.11756e-05 -3.63716e-05 -0.0158892 0.0837014 -4.15675e-05 4.67634e-05 3.11756e-05 -4.15675e-05 0.011722 -0.0203265 -3.63716e-05 4.67634e-05 -0.0203265 0.0946388 
0.00795506 -0.0158946 2.07298e-05 -4.6642e-05 -0.0158946 0.0836965 -5.18245e-05 0.000129561 2.07298e-05 -5.18245e-05 0.0117175 -0.0203256 -4.6642e-05 0.000129561 -0.0203256 0.0946367 
0.00796491 -0.0159246 -1.04049e-05 -1.56073e-05 -0.0159246 0.0837591 -2.60121e-05 8.84412e-05 -1.04049e-05 -2.60121e-05 0.0117055 -0.0202947 -1.56073e-05 8.84412e-05 -0.0202947 0.0945437 
0.00799114 -0.0159301 -6.78986e-05 3.65608e-05 -0.0159301 0.0838025 3.65608e-05 -4.70067e-05 -6.78986e-05 3.65608e-05 0.0116524 -0.0202599 3.65608e-05 -4.70067e-05 -0.0202599 0.0944417 
0.008037 -0.0159538 -0.000104512 0.000120189 -0.0159538 0.0838555 0.000114964 -0.000229927 -0.000104512 0.000114964 0.0115904 -0.020197 0.000120189 -0.000229927 -0.020197 0.0943067 
0.00807752 -0.0159644 -0.000128787 0.000113333 -0.0159644 0.0838352 0.000133938 -0.000298786 -0.000128787 0.000133938 0.0116011 -0.0201886 0.000113333 -0.000298786 -0.0201886 0.0943133 
0.00808832 -0.0160378 -0.000102839 0.000128549 -0.0160378 0.0839581 0.000154259 -0.000323944 -0.000102839 0.000154259 0.0116054 -0.0201719 0.000128549 -0.000323944 -0.0201719 0.0942317 
0.00809942 -0.0160649 -9.27414e-05 9.78937e-05 -0.0160649 0.0840907 0.000108198 -0.000262767 -9.27414e-05 0.000108198 0.0115978 -0.0201764 9.78937e-05 -0.000262767 -0.0201764 0.0942201 
0.00810178 -0.0160752 -6.16105e-05 9.755e-05 -0.0160752 0.0841497 0.000102684 -0.000231039 -6.16105e-05 0.000102684 0.0116136 -0.0201877 9.755e-05 -0.000231039 -0.0201877 0.0942795 
0.00812075 -0.0160878 -9.73465e-05 7.68525e-05 -0.0160878 0.0841945 7.68525e-05 -0.000220311 -9.73465e-05 7.68525e-05 0.011615 -0.0202071 7.68525e-05 -0.000220311 -0.0202071 0.0943339 
0.00813046 -0.0161376 -0.000113066 0.000123344 -0.0161376 0.0843214 0.000118205 -0.000272386 -0.000113066 0.000118205 0.0116047 -0.020172 0.000123344 -0.000272386 -0.020172 0.0942609 
0.00812323 -0.0161586 -0.000129186 0.000139521 -0.0161586 0.0844207 0.000134354 -0.000315215 -0.000129186 0.000134354 0.0115699 -0.0201376 0.000139521 -0.000315215 -0.0201376 0.0941355 
0.00810601 -0.0161443 -0.000130322 0.000130322 -0.0161443 0.0844276 0.000130322 -0.000291921 -0.000130322 0.000130322 0.0115413 -0.0200956 0.000130322 -0.000291921 -0.0200956 0.0940245 
0.00807944 -0.0161014 -0.000146329 0.000167233 -0.0161014 0.0843324 0.000167233 -0.0003815 -0.000146329 0.000167233 0.0115391 -0.0200679 0.000167233 -0.0003815 -0.0200679 0.0939378 
0.00808304 -0.0160408 -0.00013054 0.000203643 -0.0160408 0.0841618 0.000208864 -0.000490831 -0.00013054 0.000208864 0.0115136 -0.0200771 0.000203643 -0.000490831 -0.0200771 0.0939471 
0.00811805 -0.0160375 -0.000109774 0.000182957 -0.0160375 0.0840556 0.000182957 -0.000507052 -0.000109774 0.000182957 0.0114845 -0.0200677 0.000182957 -0.000507052 -0.0200677 0.0939562 
0.00812824 -0.0160884 -9.45756e-05 0.000115592 -0.0160884 0.0841039 0.000115592 -0.00036254 -9.45756e-05 0.000115592 0.0114594 -0.0200027 0.000115592 -0.00036254 -0.0200027 0.0938295 
0.00810581 -0.016096 -6.30802e-05 8.41069e-05 -0.016096 0.08417 7.88503e-05 -0.000236551 -6.30802e-05 7.88503e-05 0.0114701 -0.0199649 8.41069e-05 -0.000236551 -0.0199649 0.0937162 
0.00808087 -0.0160672 -3.6779e-05 6.83039e-05 -0.0160672 0.0841346 6.30497e-05 -0.000168133 -3.6779e-05 6.30497e-05 0.0114856 -0.0199815 6.83039e-05 -0.000168133 -0.0199815 0.0936709 
0.00808808 -0.0160251 2.08321e-05 1.56241e-05 -0.0160251 0.0840473 1.04161e-05 -5.20803e-05 2.08321e-05 1.04161e-05 0.0115045 -0.0200093 1.56241e-05 -5.20803e-05 -0.0200093 0.0937186 
0.00810115 -0.0160264 9.31166e-05 -7.75972e-05 -0.0160264 0.083986 -9.31166e-05 0.000186233 9.31166e-05 -9.31166e-05 0.0115206 -0.0200459 -7.75972e-05 0.000186233 -0.0200459 0.0938098 
0.00810427 -0.016048 7.24983e-05 -0.000108747 -0.016048 0.0839996 -0.000119104 0.000274458 7.24983e-05 -0.000119104 0.0115169 -0.0200717 -0.000108747 0.000274458 -0.0200717 0.0939112 
0.00812264 -0.0160695 -5.17036e-06 -6.20444e-05 -0.0160695 0.0840598 -7.23851e-05 0.000201644 -5.17036e-06 -7.23851e-05 0.0115144 -0.0200714 -6.20444e-05 0.000201644 -0.0200714 0.0939507 
0.00808635 -0.0160999 -8.31501e-05 3.11813e-05 -0.0160999 0.0841427 4.15751e-05 -1.03938e-05 -8.31501e-05 4.15751e-05 0.0115267 -0.0200496 3.11813e-05 -1.03938e-05 -0.0200496 0.0939077 
0.0080646 -0.0160511 -0.000145871 0.000119823 -0.0160511 0.0841052 0.000151081 -0.000260485 -0.000145871 0.000151081 0.0115499 -0.0200834 0.000119823 -0.000260485 -0.0200834 0.0939724 
0.00801918 -0.0160122 -0.000156727 0.000188072 -0.0160122 0.0840055 0.000203745 -0.000449283 -0.000156727 0.000203745 0.0115821 -0.020108 0.000188072 -0.000449283 -0.020108 0.0940465 
0.00800873 -0.0159339 -8.88118e-05 0.000151502 -0.0159339 0.0838331 0.000167175 -0.000407489 -8.88118e-05 0.000167175 0.0115926 -0.0201707 0.000151502 -0.000407489 -0.0201707 0.0942136 
0.00804814 -0.0159297 -0.000109321 0.000119733 -0.0159297 0.0837455 0.000114527 -0.000348788 -0.000109321 0.000114527 0.0115777 -0.020188 0.000119733 -0.000348788 -0.020188 0.094282 
0.00809476 -0.0160074 -0.000187282 0.000161271 -0.0160074 0.0838609 0.000156069 -0.000390172 -0.000187282 0.000156069 0.0115283 -0.0201173 0.000161271 -0.000390172 -0.0201173 0.0941459 
0.00813547 -0.0160432 -0.000207009 0.000238061 -0.0160432 0.0839837 0.000238061 -0.000533049 -0.000207009 0.000238061 0.0115149 -0.0200903 0.000238061 -0.000533049 -0.0200903 0.0940702 
0.00813319 -0.0161113 -0.000227502 0.000284377 -0.0161113 0.0841498 0.000279207 -0.000703188 -0.000227502 0.000279207 0.011525 -0.020046 0.000284377 -0.000703188 -0.020046 0.0939531 
0.00808434 -0.0161116 -0.00022298 0.000290393 -0.0161116 0.0842296 0.000274836 -0.000731169 -0.00022298 0.000274836 0.0115639 -0.0200734 0.000290393 -0.000731169 -0.0200734 0.0939422 
0.00806602 -0.0160442 -0.000196354 0.000273862 -0.0160442 0.0841274 0.000258361 -0.000682072 -0.000196354 0.000258361 0.0116056 -0.0201521 0.000273862 -0.000682072 -0.0201521 0.0941156 
0.00809333 -0.016021 -0.00016052 0.000238191 -0.016021 0.084035 0.000217479 -0.000605835 -0.00016052 0.000217479 0.0115885 -0.0202048 0.000238191 -0.000605835 -0.0202048 0.094272 
0.00809278 -0.0160668 -0.000139353 0.000180642 -0.0160668 0.0840761 0.000165159 -0.000464509 -0.000139353 0.000165159 0.0116024 -0.02017 0.000180642 -0.000464509 -0.02017 0.094285 
0.0080367 -0.0160837 -0.000175835 0.000165492 -0.0160837 0.0841681 0.00016032 -0.00041373 -0.000175835 0.00016032 0.0116568 -0.0201693 0.000165492 -0.00041373 -0.0201693 0.0942424 
0.0079786 -0.016014 -0.000216894 0.000227222 -0.016014 0.0841032 0.000232386 -0.000531907 -0.000216894 0.000232386 0.0117329 -0.0202434 0.000227222 -0.000531907 -0.0202434 0.0943489 
0.00797761 -0.0159346 -0.000273666 0.000247848 -0.0159346 0.0839224 0.000258175 -0.000578312 -0.000273666 0.000258175 0.011747 -0.0203442 0.000247848 -0.000578312 -0.0203442 0.0945747 
0.00800157 -0.0159359 -0.000284477 0.000315511 -0.0159359 0.0838691 0.000320684 -0.000708607 -0.000284477 0.000320684 0.0117205 -0.0203479 0.000315511 -0.000708607 -0.0203479 0.0946534 
0.00805984 -0.0159657 -0.000302886 0.000354222 -0.0159657 0.0838788 0.000349089 -0.000841919 -0.000302886 0.000349089 0.0116842 -0.0203293 0.000354222 -0.000841919 -0.0203293 0.0946595 
0.00805218 -0.0160528 -0.000298801 0.000376077 -0.0160528 0.0840507 0.000370926 -0.000922162 -0.000298801 0.000370926 0.011679 -0.0202618 0.000376077 -0.000922162 -0.0202618 0.0945345 
0.00807017 -0.0160676 -0.000321976 0.000363521 -0.0160676 0.0841707 0.000363521 -0.000934769 -0.000321976 0.000363521 0.0116379 -0.0202429 0.000363521 -0.000934769 -0.0202429 0.0944272 
0.00806435 -0.0160816 -0.000361325 0.000392744 -0.0160816 0.0842201 0.000397981 -0.000979242 -0.000361325 0.000397981 0.0116148 -0.0201923 0.000392744 -0.000979242 -0.0201923 0.0943057 
0.00801348 -0.0160374 -0.000355922 0.0004292 -0.0160374 0.0841494 0.000423966 -0.00103636 -0.000355922 0.000423966 0.0116512 -0.0201829 0.0004292 -0.00103636 -0.0201829 0.0942723 
0.00797258 -0.0159712 -0.000328712 0.000406977 -0.0159712 0.0840042 0.000391324 -0.000980919 -0.000328712 0.000391324 0.011698 -0.0202184 0.000406977 -0.000980919 -0.0202184 0.0942882 
0.00798226 -0.0159176 -0.000344333 0.000380853 -0.0159176 0.0838398 0.000370419 -0.000928655 -0.000344333 0.000370419 0.0116812 -0.0202843 0.000380853 -0.000928655 -0.0202843 0.0943994 
0.00799519 -0.0159538 -0.000313742 0.000360803 -0.0159538 0.0838266 0.000355574 -0.000852332 -0.000313742 0.000355574 0.0116607 -0.0202311 0.000360803 -0.000852332 -0.0202311 0.0943422 
0.00799057 -0.0159445 -0.000288184 0.000351061 -0.0159445 0.0838198 0.000356301 -0.000854074 -0.000288184 0.000356301 0.0116427 -0.0202148 0.000351061 -0.000854074 -0.0202148 0.0943097 
0.00800522 -0.0159112 -0.000302872 0.000355091 -0.0159112 0.0837389 0.000365535 -0.000913838 -0.000302872 0.000365535 0.0116345 -0.0202402 0.000355091 -0.000913838 -0.0202402 0.0943708 
0.00800054 -0.0159438 -0.000328147 0.000380234 -0.0159438 0.0837557 0.000380234 -0.000958398 -0.000328147 0.000380234 0.0116675 -0.0202253 0.000380234 -0.000958398 -0.0202253 0.0943658 
0.00800577 -0.0159492 -0.000363427 0.000410153 -0.0159492 0.0838062 0.000410153 -0.00102798 -0.000363427 0.000410153 0.0116764 -0.0202429 0.000410153 -0.00102798 -0.0202429 0.0943767 
0.00805865 -0.0159727 -0.000428487 0.000449137 -0.0159727 0.0838698 0.000443974 -0.00109961 -0.000428487 0.000443974 0.0116569 -0.0202576 0.000449137 -0.00109961 -0.0202576 0.0943961 
0.0080783 -0.016043 -0.000418378 0.00049069 -0.016043 0.0840113 0.000506185 -0.00116733 -0.000418378 0.000506185 0.0116526 -0.0202216 0.00049069 -0.00116733 -0.0202216 0.0943571 
0.0080566 -0.0160716 -0.000415556 0.000472695 -0.0160716 0.0841294 0.000483084 -0.00117395 -0.000415556 0.000483084 0.0116512 -0.0202116 0.000472695 -0.00117395 -0.0202116 0.0943105 
0.00805594 -0.0160337 -0.00042235 0.00045885 -0.0160337 0.0841155 0.000464064 -0.00112105 -0.00042235 0.000464064 0.0116277 -0.0202155 0.00045885 -0.00112105 -0.0202155 0.0942884 
0.00805508 -0.0160166 -0.000390014 0.000468016 -0.0160166 0.0840401 0.000462816 -0.00111284 -0.000390014 0.000462816 0.011612 -0.0201923 0.000468016 -0.00111284 -0.0201923 0.0942689 
0.0080729 -0.0160106 -0.000384671 0.000488637 -0.0160106 0.0839935 0.000473042 -0.00118001 -0.000384671 0.000473042 0.0115973 -0.0201849 0.000488637 -0.00118001 -0.0201849 0.0942861 
0.00806523 -0.0160213 -0.000384553 0.000472897 -0.0160213 0.0839833 0.000457307 -0.00116925 -0.000384553 0.000457307 0.0116301 -0.0201994 0.000472897 -0.00116925 -0.0201994 0.0943403 
0.00806051 -0.0160228 -0.00034124 0.000439476 -0.0160228 0.084002 0.000434306 -0.00110645 -0.00034124 0.000434306 0.0116694 -0.0202263 0.000439476 -0.00110645 -0.0202263 0.094384 
0.00809099 -0.0160222 -0.000319517 0.000391666 -0.0160222 0.0840123 0.000371052 -0.000974011 -0.000319517 0.000371052 0.0116675 -0.0202739 0.000391666 -0.000974011 -0.0202739 0.0944739 
0.00807497 -0.0160828 -0.000335596 0.000366575 -0.0160828 0.0841263 0.000356249 -0.00088804 -0.000335596 0.000356249 0.0116839 -0.0202494 0.000366575 -0.00088804 -0.0202494 0.0944575 
0.00808733 -0.0160615 -0.000360123 0.000396135 -0.0160615 0.0841762 0.000396135 -0.000951754 -0.000360123 0.000396135 0.0116886 -0.0202801 0.000396135 -0.000951754 -0.0202801 0.0945117 
0.00809986 -0.0161018 -0.000397001 0.000427937 -0.0161018 0.0842468 0.000438248 -0.0010518 -0.000397001 0.000438248 0.0116883 -0.0202832 0.000427937 -0.0010518 -0.0202832 0.0945069 
0.00808471 -0.0160923 -0.000390864 0.000437151 -0.0160923 0.0842621 0.000442294 -0.00104916 -0.000390864 0.000442294 0.0117054 -0.0202889 0.000437151 -0.00104916 -0.0202889 0.0945222 
0.00803062 -0.0160922 -0.000381673 0.000402304 -0.0160922 0.0842622 0.00041262 -0.00098513 -0.000381673 0.00041262 0.0117339 -0.0202803 0.000402304 -0.00098513 -0.0202803 0.0944797 
0.00797031 -0.0160233 -0.000335973 0.000397999 -0.0160233 0.0841586 0.000403167 -0.000940724 -0.000335973 0.000403167 0.0117797 -0.0203238 0.000397999 -0.000940724 -0.0203238 0.0945479 
0.007929 -0.0159355 -0.000273949 0.000346312 -0.0159355 0.0839471 0.000351481 -0.000837352 -0.000273949 0.000351481 0.0118005 -0.0203756 0.000346312 -0.000837352 -0.0203756 0.0946673 
0.00791013 -0.0158722 -0.000238914 0.000290852 -0.0158722 0.0837393 0.000290852 -0.000732323 -0.000238914 0.000290852 0.0118055 -0.0204219 0.000290852 -0.000732323 -0.0204219 0.0948228 
0.00790215 -0.015825 -0.000264442 0.000264442 -0.015825 0.0835844 0.000269627 -0.000668882 -0.000264442 0.000269627 0.0118169 -0.0204502 0.000264442 -0.000668882 -0.0204502 0.0949502 
0.00791255 -0.0158303 -0.000274454 0.000310702 -0.0158303 0.0835426 0.000315881 -0.000745685 -0.000274454 0.000315881 0.011817 -0.0204494 0.000310702 -0.000745685 -0.0204494 0.0949713 
0.00791062 -0.0158367 -0.000247368 0.000314363 -0.0158367 0.0835485 0.000304056 -0.000747257 -0.000247368 0.000304056 0.0118427 -0.0204645 0.000314363 -0.000747257 -0.0204645 0.0950202 
0.00792574 -0.0158463 -0.000251856 0.000287835 -0.0158463 0.0835646 0.000277555 -0.000714447 -0.000251856 0.000277555 0.0118629 -0.0205031 0.000287835 -0.000714447 -0.0205031 0.0950986 
0.00795227 -0.0158636 -0.000214926 0.000260982 -0.0158636 0.0836114 0.000255864 -0.000629426 -0.000214926 0.000255864 0.0118772 -0.0205357 0.000260982 -0.000629426 -0.0205357 0.0952071 
0.00795745 -0.0159354 -0.000205354 0.000231023 -0.0159354 0.0837945 0.000225889 -0.000554455 -0.000205354 0.000225889 0.0118694 -0.0205097 0.000231023 -0.000554455 -0.0205097 0.0951352 
0.00797157 -0.015974 -0.000185146 0.000216004 -0.015974 0.0839535 0.000210861 -0.000519438 -0.000185146 0.000210861 0.0118339 -0.0204792 0.000216004 -0.000519438 -0.0204792 0.0950314 
0.00798166 -0.0159994 -0.0001855 0.000195806 -0.0159994 0.0840625 0.000195806 -0.000474056 -0.0001855 0.000195806 0.011805 -0.0204153 0.000195806 -0.000474056 -0.0204153 0.0948627 
0.0079678 -0.0159768 -0.000226475 0.000211033 -0.0159768 0.0840479 0.000211033 -0.000494127 -0.000226475 0.000211033 0.0118076 -0.0204136 0.000211033 -0.000494127 -0.0204136 0.0948209 
0.00797435 -0.0159539 -0.000262891 0.0002732 -0.0159539 0.0839858 0.000278355 -0.00063403 -0.000262891 0.000278355 0.0118043 -0.0204178 0.0002732 -0.00063403 -0.0204178 0.0948365 
0.00795668 -0.0159704 -0.000280092 0.000295652 -0.0159704 0.0839756 0.000306026 -0.000710603 -0.000280092 0.000306026 0.0117846 -0.0203948 0.000295652 -0.000710603 -0.0203948 0.0947747 
0.00791799 -0.0159558 -0.000265669 0.000317761 -0.0159558 0.0839567 0.000307343 -0.000744916 -0.000265669 0.000307343 0.0117884 -0.020368 0.000317761 -0.000744916 -0.020368 0.0946929 
0.00788307 -0.0159021 -0.00023001 0.000282285 -0.0159021 0.0838596 0.00029274 -0.000716168 -0.00023001 0.00029274 0.0117932 -0.0203611 0.000282285 -0.000716168 -0.0203611 0.0946387 
0.00783003 -0.0158222 -0.000183067 0.000251063 -0.0158222 0.0836459 0.000256294 -0.000627658 -0.000183067 0.000256294 0.0118261 -0.0203936 0.000251063 -0.000627658 -0.0203936 0.0947136 
0.00784507 -0.0157369 -0.000171335 0.000197295 -0.0157369 0.0834039 0.000207679 -0.000529581 -0.000171335 0.000207679 0.0118481 -0.0204616 0.000197295 -0.000529581 -0.0204616 0.0948781 
0.00789426 -0.0157421 -0.000201358 0.000201358 -0.0157421 0.0833054 0.000211684 -0.000516302 -0.000201358 0.000211684 0.0118233 -0.0204972 0.000201358 -0.000516302 -0.0204972 0.0950048 
0.00793061 -0.0158251 -0.00025283 0.000242511 -0.0158251 0.0834391 0.00024767 -0.000567578 -0.00025283 0.00024767 0.0118056 -0.0204483 0.000242511 -0.000567578 -0.0204483 0.0949764 
0.00795201 -0.0158988 -0.000295286 0.000305647 -0.0158988 0.0836593 0.000310828 -0.000720084 -0.000295286 0.000310828 0.0117752 -0.0204007 0.000305647 -0.000720084 -0.0204007 0.094818 
0.00795446 -0.0159244 -0.000315694 0.000377798 -0.0159244 0.0837832 0.000377798 -0.000895329 -0.000315694 0.000377798 0.0117738 -0.0203649 0.000377798 -0.000895329 -0.0203649 0.0947393 
0.00795448 -0.0159141 -0.000295378 0.000362745 -0.0159141 0.0837837 0.000367927 -0.000896498 -0.000295378 0.000367927 0.0117581 -0.0203655 0.000362745 -0.000896498 -0.0203655 0.0947179 
0.0079695 -0.0158928 -0.00017984 0.000267191 -0.0158928 0.0837183 0.000277468 -0.000683394 -0.00017984 0.000277468 0.0117564 -0.0203733 0.000267191 -0.000683394 -0.0203733 0.0947451 
0.00797799 -0.0159456 -0.000139602 0.000191306 -0.0159456 0.0838026 0.000191306 -0.000532556 -0.000139602 0.000191306 0.0117214 -0.0203302 0.000191306 -0.000532556 -0.0203302 0.0946346 
0.00799031 -0.0159444 -0.000124282 0.000155353 -0.0159444 0.0838438 0.000144996 -0.000398739 -0.000124282 0.000144996 0.0117032 -0.020315 0.000155353 -0.000398739 -0.020315 0.0945994 
0.00797419 -0.0159588 -0.000145458 0.000145458 -0.0159588 0.0838927 0.000135068 -0.000337669 -0.000145458 0.000135068 0.0116937 -0.0202706 0.000145458 -0.000337669 -0.0202706 0.0945059 
0.00796364 -0.015943 -0.000188489 0.000183253 -0.015943 0.0838827 0.000183253 -0.000413628 -0.000188489 0.000183253 0.0116863 -0.0202678 0.000183253 -0.000413628 -0.0202678 0.0944485 
0.0079824 -0.0158866 -0.000182485 0.000198126 -0.0158866 0.0837396 0.000192912 -0.000427535 -0.000182485 0.000192912 0.0116634 -0.0202871 0.000198126 -0.000427535 -0.0202871 0.0945218 
0.00800237 -0.0159112 -0.000192265 0.000181872 -0.0159112 0.0837027 0.000181872 -0.000410511 -0.000192265 0.000181872 0.0116606 -0.0202709 0.000181872 -0.000410511 -0.0202709 0.0945163 
0.00799567 -0.015955 -0.000218347 0.000233944 -0.015955 0.0837778 0.000228745 -0.000509477 -0.000218347 0.000228745 0.0116816 -0.0202439 0.000233944 -0.000509477 -0.0202439 0.0944509 
0.00800704 -0.0159519 -0.000248602 0.000264139 -0.0159519 0.0838305 0.000264139 -0.000621504 -0.000248602 0.000264139 0.0116843 -0.020261 0.000264139 -0.000621504 -0.020261 0.0944324 
0.00803659 -0.0159703 -0.000293269 0.000334429 -0.0159703 0.0838697 0.000339574 -0.00081292 -0.000293269 0.000339574 0.0116844 -0.0202716 0.000334429 -0.00081292 -0.0202716 0.0944737 
0.00804022 -0.0160238 -0.000293589 0.000355397 -0.0160238 0.0839973 0.000365699 -0.000885918 -0.000293589 0.000365699 0.0116766 -0.0202576 0.000355397 -0.000885918 -0.0202576 0.0944275 
0.00802824 -0.0160307 -0.000252493 0.000304022 -0.0160307 0.0840646 0.000319481 -0.000788396 -0.000252493 0.000319481 0.011692 -0.0202561 0.000304022 -0.000788396 -0.0202561 0.0944271 
0.00798868 -0.0160083 -0.000227215 0.000273691 -0.0160083 0.0840541 0.000284019 -0.000717794 -0.000227215 0.000284019 0.0117222 -0.0202738 0.000273691 -0.000717794 -0.0202738 0.0944596 
0.00796152 -0.0159541 -0.000202148 0.000248797 -0.0159541 0.0839588 0.000253981 -0.000653093 -0.000202148 0.000253981 0.0117246 -0.0203133 0.000248797 -0.000653093 -0.0203133 0.0945327 
0.0079917 -0.0159263 -0.000160872 0.000223145 -0.0159263 0.0838402 0.000217955 -0.000570835 -0.000160872 0.000217955 0.0116866 -0.0203217 0.000223145 -0.000570835 -0.0203217 0.0946082 
0.0079921 -0.0159583 -0.000134495 0.000191396 -0.0159583 0.0838523 0.000175878 -0.000491423 -0.000134495 0.000175878 0.0116855 -0.0202673 0.000191396 -0.000491423 -0.0202673 0.0945085 
0.00794987 -0.0159621 -9.87239e-05 0.000140292 -0.0159621 0.0838841 0.0001299 -0.000374111 -9.87239e-05 0.0001299 0.0117118 -0.020254 0.000140292 -0.000374111 -0.020254 0.094432 
0.00790405 -0.015907 -6.76449e-05 0.000104069 -0.015907 0.0837964 9.88656e-05 -0.00028619 -6.76449e-05 9.88656e-05 0.0117494 -0.0202935 0.000104069 -0.00028619 -0.0202935 0.0944687 
0.00786477 -0.0158387 -4.1585e-05 6.75756e-05 -0.0158387 0.0836275 7.27738e-05 -0.000192331 -4.1585e-05 7.27738e-05 0.011779 -0.0203403 6.75756e-05 -0.000192331 -0.0203403 0.0945695 
0.00788647 -0.0157523 -3.61765e-05 3.61765e-05 -0.0157523 0.0833867 4.13445e-05 -0.000118866 -3.61765e-05 4.13445e-05 0.0117935 -0.0204345 3.61765e-05 -0.000118866 -0.0204345 0.0948392 
0.00791315 -0.0157953 5.17199e-06 5.17199e-06 -0.0157953 0.0833674 0 -5.17199e-06 5.17199e-06 0 0.0117715 -0.0204242 5.17199e-06 -5.17199e-06 -0.0204242 0.0948906 
0.00795633 -0.0158658 4.16289e-05 -5.20362e-06 -0.0158658 0.0835233 -1.56109e-05 3.12217e-05 4.16289e-05 -1.56109e-05 0.0117185 -0.020367 -5.20362e-06 3.12217e-05 -0.020367 0.0947891 
0.00799703 -0.0159208 4.18693e-05 -6.80375e-05 -0.0159208 0.0836966 -7.32712e-05 0.000151776 4.18693e-05 -7.32712e-05 0.0116501 -0.0202909 -6.80375e-05 0.000151776 -0.0202909 0.0946036 
0.00804633 -0.0159723 1.56951e-05 -5.23169e-05 -0.0159723 0.0838325 -5.23169e-05 0.000156951 1.56951e-05 -5.23169e-05 0.0115882 -0.0202048 -5.23169e-05 0.000156951 -0.0202048 0.0943796 
0.00805509 -0.0160211 -5.24079e-06 5.24079e-06 -0.0160211 0.0839679 2.09632e-05 1.57224e-05 -5.24079e-06 2.09632e-05 0.0115664 -0.0201194 5.24079e-06 1.57224e-05 -0.0201194 0.0941403 
0.00805256 -0.0160011 -3.12115e-05 1.56057e-05 -0.0160011 0.0839745 2.08076e-05 -4.68172e-05 -3.12115e-05 2.08076e-05 0.0115847 -0.0201262 1.56057e-05 -4.68172e-05 -0.0201262 0.094087 
0.00803556 -0.0160191 -4.68394e-05 4.68394e-05 -0.0160191 0.083983 6.24525e-05 -0.000109292 -4.68394e-05 6.24525e-05 0.0116006 -0.0201253 4.68394e-05 -0.000109292 -0.0201253 0.0940639 
0.00802963 -0.0159969 -2.5969e-05 6.23257e-05 -0.0159969 0.0839787 7.27133e-05 -0.000155814 -2.5969e-05 7.27133e-05 0.0116134 -0.0201468 6.23257e-05 -0.000155814 -0.0201468 0.0941014 
0.00801955 -0.0159821 -2.0709e-05 5.17724e-05 -0.0159821 0.0839386 5.17724e-05 -0.000170849 -2.0709e-05 5.17724e-05 0.0116436 -0.0201809 5.17724e-05 -0.000170849 -0.0201809 0.0941844 
0.00802486 -0.0159771 -1.55621e-05 2.07495e-05 -0.0159771 0.0839212 1.55621e-05 -9.33726e-05 -1.55621e-05 1.55621e-05 0.0116353 -0.0202048 2.07495e-05 -9.33726e-05 -0.0202048 0.0942493 
0.00799513 -0.0159799 -2.5992e-05 4.15872e-05 -0.0159799 0.0839125 3.11904e-05 -0.000103968 -2.5992e-05 3.11904e-05 0.0116496 -0.0202062 4.15872e-05 -0.000103968 -0.0202062 0.0942729 
0.0079764 -0.0159321 -5.69373e-05 3.62328e-05 -0.0159321 0.083822 3.62328e-05 -8.7994e-05 -5.69373e-05 3.62328e-05 0.0116825 -0.0202438 3.62328e-05 -8.7994e-05 -0.0202438 0.0943813 
0.00800305 -0.0159081 -6.70359e-05 4.64095e-05 -0.0159081 0.0837278 5.67227e-05 -8.25057e-05 -6.70359e-05 5.67227e-05 0.0116797 -0.0202861 4.64095e-05 -8.25057e-05 -0.0202861 0.0945051 
0.00801066 -0.0159441 -8.23189e-05 8.23189e-05 -0.0159441 0.0837492 9.77537e-05 -0.000174928 -8.23189e-05 9.77537e-05 0.0116841 -0.0202916 8.23189e-05 -0.000174928 -0.0202916 0.0945742 
0.00797969 -0.0159852 -6.20585e-05 8.79162e-05 -0.0159852 0.0838824 0.000103431 -0.00020169 -6.20585e-05 0.000103431 0.0117032 -0.0202673 8.79162e-05 -0.00020169 -0.0202673 0.0944944 
0.00796429 -0.0159441 -4.14807e-05 6.74061e-05 -0.0159441 0.0838635 8.29613e-05 -0.000186663 -4.14807e-05 8.29613e-05 0.0117183 -0.0202996 6.74061e-05 -0.000186663 -0.0202996 0.0945344 
