0.00799169 0 0.00119909 0 0 0.00998124 0 0 0.00119909 0 0.0068127 0 0 0 0 0.00998124 
0.0111917 -0.0138753 0.00148816 -0.00181141 -0.0138753 0.035789 -0.00181141 0.00347644 0.00148816 -0.00181141 0.00968523 -0.0120577 -0.00181141 0.00347644 -0.0120577 0.0323065 
0.0111435 -0.020679 0.00140923 -0.00205487 -0.020679 0.0752168 -0.00205487 0.00645638 0.00140923 -0.00205487 0.00982115 -0.0186055 -0.00205487 0.00645638 -0.0186055 0.0687853 
0.010527 -0.019967 0.00139415 -0.00158909 -0.019967 0.0883039 -0.001595 0.00496813 0.00139415 -0.001595 0.00936915 -0.0185906 -0.00158909 0.00496813 -0.0185906 0.0840388 
0.0105499 -0.0191363 0.00150473 -0.00156626 -0.0191363 0.0904906 -0.00156626 0.00397718 0.00150473 -0.00156626 0.00934161 -0.017984 -0.00156626 0.00397718 -0.017984 0.0875818 
0.0106986 -0.0190866 0.00159592 -0.00171951 -0.0190866 0.0912471 -0.00173026 0.00404623 0.00159592 -0.00173026 0.00948957 -0.0178722 -0.00171951 0.00404623 -0.0178722 0.0884314 
0.010775 -0.0192034 0.00155576 -0.00180719 -0.0192034 0.0917948 -0.00181243 0.0042744 0.00155576 -0.00181243 0.00959645 -0.0179619 -0.00180719 0.0042744 -0.0179619 0.0888876 
0.0107763 -0.0192172 0.00150199 -0.00175918 -0.0192172 0.0919711 -0.00177461 0.00430536 0.00150199 -0.00177461 0.00962918 -0.0180239 -0.00175918 0.00430536 -0.0180239 0.0891368 
0.0107753 -0.0192031 0.00144112 -0.00166518 -0.0192031 0.0919363 -0.00168046 0.00413495 0.00144112 -0.00168046 0.00959898 -0.0180064 -0.00166518 0.00413495 -0.0180064 0.0891458 
0.0108025 -0.0192307 0.00140553 -0.00162138 -0.0192307 0.091987 -0.00163142 0.00399572 0.00140553 -0.00163142 0.00960781 -0.0179557 -0.00162138 0.00399572 -0.0179557 0.0890404 
0.0107969 -0.0192336 0.00137598 -0.00155676 -0.0192336 0.0919596 -0.00155676 0.00380654 0.00137598 -0.00155676 0.00957159 -0.017953 -0.00155676 0.00380654 -0.017953 0.0889465 
0.0108074 -0.0192599 0.00135781 -0.00155322 -0.0192599 0.0920405 -0.00155322 0.00376279 0.00135781 -0.00155322 0.00955478 -0.0179071 -0.00155322 0.00376279 -0.0179071 0.088869 
0.0107883 -0.0192747 0.00135103 -0.00154618 -0.0192747 0.0921005 -0.00155119 0.00375287 0.00135103 -0.00155119 0.00957232 -0.0178987 -0.00154618 0.00375287 -0.0178987 0.088833 
0.0107541 -0.0192257 0.00135747 -0.00153846 -0.0192257 0.0920211 -0.00154349 0.0037456 0.00135747 -0.00154349 0.00956762 -0.0179387 -0.00153846 0.0037456 -0.0179387 0.0888939 
0.0107938 -0.0192214 0.00131398 -0.0015355 -0.0192214 0.092029 -0.00154556 0.00373553 0.00131398 -0.00154556 0.00951504 -0.0179124 -0.0015355 0.00373553 -0.0179124 0.0888724 
0.0108251 -0.0192184 0.00124867 -0.00150545 -0.0192184 0.0919733 -0.00150545 0.00367551 0.00124867 -0.00150545 0.00945059 -0.017874 -0.00150545 0.00367551 -0.017874 0.0888315 
0.0108301 -0.0193305 0.00126025 -0.00143598 -0.0193305 0.092194 -0.001441 0.00357991 0.00126025 -0.001441 0.00946944 -0.017764 -0.00143598 0.00357991 -0.017764 0.0886141 
0.0108748 -0.0193894 0.00128466 -0.0014689 -0.0193894 0.0924658 -0.00146392 0.00358012 0.00128466 -0.00146392 0.00953538 -0.0177712 -0.0014689 0.00358012 -0.0177712 0.0885222 
0.010865 -0.0193667 0.00129178 -0.00143698 -0.0193667 0.0924376 -0.00142697 0.00348481 0.00129178 -0.00142697 0.00954818 -0.0178747 -0.00143698 0.00348481 -0.0178747 0.0886674 
0.0108661 -0.0193248 0.00130133 -0.00144148 -0.0193248 0.0923246 -0.00144148 0.00344353 0.00130133 -0.00144148 0.00953978 -0.0179284 -0.00144148 0.00344353 -0.0179284 0.0888911 
0.0109031 -0.0193596 0.00129562 -0.00147003 -0.0193596 0.0923578 -0.00147501 0.00350814 0.00129562 -0.00147501 0.00954773 -0.0179294 -0.00147003 0.00350814 -0.0179294 0.0889693 
0.0109268 -0.0193902 0.00130587 -0.00148394 -0.0193902 0.0924151 -0.00148889 0.00358125 0.00130587 -0.00148889 0.00958133 -0.0179359 -0.00148394 0.00358125 -0.0179359 0.0890168 
0.0109465 -0.0194022 0.00128492 -0.00147765 -0.0194022 0.09242 -0.00148259 0.00357799 0.00128492 -0.00148259 0.00957262 -0.0179888 -0.00147765 0.00357799 -0.0179888 0.0891286 
0.0109842 -0.0194272 0.00124843 -0.00144088 -0.0194272 0.0924828 -0.00143595 0.00349364 0.00124843 -0.00143595 0.00953349 -0.0179765 -0.00144088 0.00349364 -0.0179765 0.0891223 
0.010997 -0.0194917 0.0012263 -0.00140503 -0.0194917 0.0926228 -0.00140007 0.00341577 0.0012263 -0.00140007 0.00947279 -0.0179079 -0.00140503 0.00341577 -0.0179079 0.0890035 
0.0110576 -0.0195224 0.0012149 -0.00140257 -0.0195224 0.0927822 -0.00138776 0.00339284 0.0012149 -0.00138776 0.00944267 -0.0178433 -0.00140257 0.00339284 -0.0178433 0.0888609 
0.0110899 -0.0196152 0.0011981 -0.00139614 -0.0196152 0.0929866 -0.00139119 0.00339627 0.0011981 -0.00139119 0.0094264 -0.0177933 -0.00139614 0.00339627 -0.0177933 0.0887091 
0.0110137 -0.019605 0.00119365 -0.00132907 -0.019605 0.0929895 -0.0013391 0.00325998 0.00119365 -0.0013391 0.00940879 -0.0177694 -0.00132907 0.00325998 -0.0177694 0.0885961 
0.0109928 -0.0195527 0.00118623 -0.00134708 -0.0195527 0.0929585 -0.00134205 0.00324204 0.00118623 -0.00134205 0.00938934 -0.0177382 -0.00134708 0.00324204 -0.0177382 0.08849 
0.0110384 -0.0195102 0.00111629 -0.00136048 -0.0195102 0.0928667 -0.00136048 0.00329905 0.00111629 -0.00136048 0.0093689 -0.0177212 -0.00136048 0.00329905 -0.0177212 0.0884264 
0.0110404 -0.0195678 0.00108765 -0.00125155 -0.0195678 0.0928925 -0.00125651 0.0031239 0.00108765 -0.00125651 0.00940646 -0.0176955 -0.00125155 0.0031239 -0.0176955 0.0883879 
0.0110238 -0.0195731 0.0011009 -0.00121495 -0.0195731 0.0929463 -0.00122487 0.00298531 0.0011009 -0.00122487 0.00946175 -0.0177482 -0.00121495 0.00298531 -0.0177482 0.0884634 
0.011033 -0.0195467 0.0010804 -0.00121482 -0.0195467 0.0929092 -0.0012198 0.00291259 0.0010804 -0.0012198 0.00944974 -0.0178141 -0.00121482 0.00291259 -0.0178141 0.0885976 
0.0110065 -0.0195544 0.00113207 -0.00122682 -0.0195544 0.0928695 -0.00122184 0.00294737 0.00113207 -0.00122184 0.00947047 -0.0178288 -0.00122682 0.00294737 -0.0178288 0.0887202 
0.0110283 -0.0195424 0.00116193 -0.00129214 -0.0195424 0.0928742 -0.00127712 0.00304505 0.00116193 -0.00127712 0.0094557 -0.0178346 -0.00129214 0.00304505 -0.0178346 0.0887473 
0.011042 -0.0195289 0.00114227 -0.00132764 -0.0195289 0.0928197 -0.00132764 0.0031663 0.00114227 -0.00132764 0.00941874 -0.0178155 -0.00132764 0.0031663 -0.0178155 0.0887065 
0.0110813 -0.0195708 0.00110863 -0.00130838 -0.0195708 0.0929053 -0.00131338 0.00321103 0.00110863 -0.00131338 0.0093934 -0.0177581 -0.00130838 0.00321103 -0.0177581 0.0885906 
0.0110735 -0.0196077 0.00108545 -0.00124976 -0.0196077 0.09296 -0.00124976 0.00309701 0.00108545 -0.00124976 0.00940554 -0.0177207 -0.00124976 0.00309701 -0.0177207 0.0884838 
0.0110804 -0.019605 0.00108114 -0.00123559 -0.019605 0.0930129 -0.00123061 0.00301424 0.00108114 -0.00123061 0.00940144 -0.0177417 -0.00123559 0.00301424 -0.0177417 0.0884642 
0.0111011 -0.0196077 0.00105772 -0.00121738 -0.0196077 0.0930096 -0.00121239 0.0029686 0.00105772 -0.00121239 0.00935983 -0.0177368 -0.00121738 0.0029686 -0.0177368 0.0884544 
0.0111133 -0.0196457 0.0010906 -0.00120904 -0.0196457 0.0930961 -0.00120411 0.00295105 0.0010906 -0.00120411 0.00941078 -0.0177013 -0.00120904 0.00295105 -0.0177013 0.0884031 
0.0111436 -0.0196473 0.00105989 -0.00123164 -0.0196473 0.0931087 -0.00122673 0.00296378 0.00105989 -0.00122673 0.00943109 -0.017763 -0.00123164 0.00296378 -0.017763 0.0884913 
0.0111384 -0.0196236 0.000932332 -0.00115054 -0.0196236 0.093005 -0.00114558 0.00278708 0.000932332 -0.00114558 0.00936795 -0.0178234 -0.00115054 0.00278708 -0.0178234 0.0886608 
0.0111476 -0.0196831 0.000884014 -0.00102885 -0.0196831 0.0931262 -0.00103385 0.00256714 0.000884014 -0.00103385 0.0093246 -0.0177252 -0.00102885 0.00256714 -0.0177252 0.0885762 
0.0111139 -0.019627 0.000861895 -0.000972782 -0.019627 0.0930242 -0.000972782 0.00238911 0.000861895 -0.000972782 0.00926915 -0.0176865 -0.000972782 0.00238911 -0.0176865 0.0884677 
0.0110521 -0.0195843 0.000902109 -0.000967625 -0.0195843 0.0928869 -0.000962585 0.00232331 0.000902109 -0.000962585 0.00927307 -0.0176088 -0.000967625 0.00232331 -0.0176088 0.0883109 
0.0110927 -0.0195753 0.000888416 -0.0010139 -0.0195753 0.0929122 -0.00101892 0.00238417 0.000888416 -0.00101892 0.00926563 -0.0175826 -0.0010139 0.00238417 -0.0175826 0.088159 
0.0111334 -0.0196434 0.000899469 -0.00102939 -0.0196434 0.0930351 -0.00102939 0.00248853 0.000899469 -0.00102939 0.00926953 -0.0175496 -0.00102939 0.00248853 -0.0175496 0.0880281 
0.0111164 -0.0196323 0.00090038 -0.0010211 -0.0196323 0.0930107 -0.00102613 0.00250497 0.00090038 -0.00102613 0.00927039 -0.0176002 -0.0010211 0.00250497 -0.0176002 0.0881064 
0.0111514 -0.0196537 0.000924704 -0.00103967 -0.0196537 0.0930652 -0.00103967 0.00252419 0.000924704 -0.00103967 0.00926703 -0.0175844 -0.00103967 0.00252419 -0.0175844 0.0881068 
0.0111561 -0.0196787 0.000955809 -0.00104542 -0.0196787 0.0931366 -0.00105537 0.0025538 0.000955809 -0.00105537 0.00928429 -0.0175779 -0.00104542 0.0025538 -0.0175779 0.0880838 
0.0112025 -0.0197232 0.000969831 -0.00109353 -0.0197232 0.093272 -0.00109848 0.00262745 0.000969831 -0.00109848 0.00930741 -0.0175955 -0.00109353 0.00262745 -0.0175955 0.0881062 
0.0112028 -0.0197199 0.000964478 -0.00109802 -0.0197199 0.0932526 -0.00109307 0.00264613 0.000964478 -0.00109307 0.0093035 -0.0176475 -0.00109802 0.00264613 -0.0176475 0.0882126 
0.0112466 -0.019778 0.000944637 -0.00111279 -0.019778 0.0933905 -0.00110785 0.00269543 0.000944637 -0.00110785 0.00928811 -0.0176415 -0.00111279 0.00269543 -0.0176415 0.0882717 
0.01129 -0.0198404 0.000919818 -0.00108796 -0.0198404 0.0935544 -0.00108301 0.00266549 0.000919818 -0.00108301 0.00928719 -0.0176348 -0.00108796 0.00266549 -0.0176348 0.0882827 
0.0113225 -0.0198873 0.000879707 -0.00102797 -0.0198873 0.0936691 -0.00102797 0.00254028 0.000879707 -0.00102797 0.00929623 -0.0176436 -0.00102797 0.00254028 -0.0176436 0.0882969 
0.0113427 -0.0199381 0.000848742 -0.000986111 -0.0199381 0.0938326 -0.000981205 0.00242848 0.000848742 -0.000981205 0.0093607 -0.0176568 -0.000986111 0.00242848 -0.0176568 0.0883624 
0.0113059 -0.0199025 0.000873479 -0.000952437 -0.0199025 0.0937633 -0.000947502 0.00233421 0.000873479 -0.000947502 0.00939607 -0.0177706 -0.000952437 0.00233421 -0.0177706 0.0885619 
0.0112838 -0.0198482 0.000866843 -0.000970864 -0.0198482 0.0936587 -0.000956004 0.00229837 0.000866843 -0.000956004 0.00937181 -0.0178074 -0.000970864 0.00229837 -0.0178074 0.0886954 
0.0113171 -0.0198681 0.000827839 -0.000971596 -0.0198681 0.0936698 -0.000961681 0.00230506 0.000827839 -0.000961681 0.00932434 -0.0177465 -0.000971596 0.00230506 -0.0177465 0.0886185 
0.0113176 -0.0198705 0.000805561 -0.000909986 -0.0198705 0.093644 -0.000909986 0.00221778 0.000805561 -0.000909986 0.00929379 -0.0177025 -0.000909986 0.00221778 -0.0177025 0.0885272 
0.0113443 -0.0198946 0.000820904 -0.000909918 -0.0198946 0.0936869 -0.000914863 0.00220556 0.000820904 -0.000914863 0.0092871 -0.0176593 -0.000909918 0.00220556 -0.0176593 0.0884104 
0.0113259 -0.0199017 0.000832935 -0.00092165 -0.0199017 0.0936978 -0.000926579 0.00223266 0.000832935 -0.000926579 0.00932493 -0.0176641 -0.00092165 0.00223266 -0.0176641 0.0883946 
0.0113043 -0.0198528 0.000828227 -0.000926825 -0.0198528 0.0935995 -0.000931755 0.00223325 0.000828227 -0.000931755 0.00933727 -0.0177231 -0.000926825 0.00223325 -0.0177231 0.0884921 
0.0112813 -0.0198409 0.000828349 -0.000931893 -0.0198409 0.0935591 -0.000936824 0.00224838 0.000828349 -0.000936824 0.00934358 -0.0177257 -0.000931893 0.00224838 -0.0177257 0.0885298 
0.0112238 -0.0197891 0.000803468 -0.000907621 -0.0197891 0.0934502 -0.0009225 0.00221202 0.000803468 -0.0009225 0.00931427 -0.0177209 -0.000907621 0.00221202 -0.0177209 0.0884955 
0.0112035 -0.0197644 0.000822684 -0.000882516 -0.0197644 0.0933921 -0.000892488 0.00213898 0.000822684 -0.000892488 0.00925894 -0.0176503 -0.000882516 0.00213898 -0.0176503 0.0883413 
0.0111931 -0.0197293 0.000845613 -0.00091066 -0.0197293 0.0933277 -0.000915664 0.00216657 0.000845613 -0.000915664 0.00920667 -0.0175677 -0.00091066 0.00216657 -0.0175677 0.0881389 
0.011177 -0.0197457 0.00083928 -0.000964921 -0.0197457 0.093341 -0.000959895 0.00229169 0.00083928 -0.000959895 0.00917178 -0.0174842 -0.000964921 0.00229169 -0.0174842 0.0878983 
0.0111588 -0.0197162 0.000823599 -0.000974258 -0.0197162 0.0933128 -0.000964214 0.00236031 0.000823599 -0.000964214 0.00917007 -0.0174462 -0.000974258 0.00236031 -0.0174462 0.0877384 
0.011186 -0.0197111 0.000820675 -0.000959941 -0.0197111 0.0932983 -0.00094502 0.00237747 0.000820675 -0.00094502 0.00921146 -0.017463 -0.000959941 0.00237747 -0.017463 0.0877476 
0.0111991 -0.0197161 0.000832866 -0.000951847 -0.0197161 0.0932612 -0.000951847 0.00236475 0.000832866 -0.000951847 0.0092706 -0.0175348 -0.000951847 0.00236475 -0.0175348 0.087912 
0.0111841 -0.0197104 0.000889192 -0.000958351 -0.0197104 0.093212 -0.000963291 0.00235142 0.000889192 -0.000963291 0.00932663 -0.0176307 -0.000958351 0.00235142 -0.0176307 0.0881683 
0.0111892 -0.0197206 0.000964249 -0.00102299 -0.0197206 0.0932532 -0.0010132 0.00242775 0.000964249 -0.0010132 0.00942223 -0.0177089 -0.00102299 0.00242775 -0.0177089 0.0884319 
0.0112429 -0.0197994 0.000989727 -0.00111161 -0.0197994 0.0934732 -0.00110186 0.00261327 0.000989727 -0.00110186 0.00947798 -0.0177907 -0.00111161 0.00261327 -0.0177907 0.088622 
0.0113143 -0.0198732 0.000950988 -0.00113143 -0.0198732 0.093704 -0.00112168 0.00271641 0.000950988 -0.00112168 0.00947086 -0.0178542 -0.00113143 0.00271641 -0.0178542 0.0887735 
0.0113335 -0.0199036 0.000899793 -0.00105222 -0.0199036 0.0937752 -0.00105222 0.00259121 0.000899793 -0.00105222 0.00942079 -0.0178828 -0.00105222 0.00259121 -0.0178828 0.0888976 
0.0113468 -0.0199063 0.000856453 -0.00100002 -0.0199063 0.093789 -0.00101487 0.0024753 0.000856453 -0.00101487 0.00937147 -0.0178469 -0.00100002 0.0024753 -0.0178469 0.0889176 
0.0113291 -0.0199066 0.000869177 -0.000938711 -0.0199066 0.0937618 -0.000953611 0.00233436 0.000869177 -0.000953611 0.00934737 -0.0177858 -0.000938711 0.00233436 -0.0177858 0.0888 
0.0113489 -0.0199358 0.000907517 -0.000961771 -0.0199358 0.0938491 -0.000986432 0.00233291 0.000907517 -0.000986432 0.00936617 -0.0177163 -0.000961771 0.00233291 -0.0177163 0.0886062 
0.0113692 -0.0199305 0.000908163 -0.00101616 -0.0199305 0.0938402 -0.00102107 0.00241522 0.000908163 -0.00102107 0.00938598 -0.0177509 -0.00101616 0.00241522 -0.0177509 0.0885974 
0.0113873 -0.0199265 0.000852444 -0.00101998 -0.0199265 0.0937885 -0.00101998 0.002444 0.000852444 -0.00101998 0.00935224 -0.0177831 -0.00101998 0.002444 -0.0177831 0.0886591 
0.011381 -0.0199723 0.000790003 -0.000962816 -0.0199723 0.0938622 -0.000952941 0.00236013 0.000790003 -0.000952941 0.00934178 -0.0177405 -0.000962816 0.00236013 -0.0177405 0.0886235 
0.0113371 -0.0199473 0.000780505 -0.000869423 -0.0199473 0.0938582 -0.000864484 0.0021538 0.000780505 -0.000864484 0.009371 -0.0177392 -0.000869423 0.0021538 -0.0177392 0.0885923 
0.0113444 -0.0199019 0.000769443 -0.000882887 -0.0199019 0.0937833 -0.000873022 0.00211597 0.000769443 -0.000873022 0.00936649 -0.0177662 -0.000882887 0.00211597 -0.0177662 0.0886191 
0.0113473 -0.0198996 0.000757799 -0.000880819 -0.0198996 0.0937309 -0.000875898 0.00212578 0.000757799 -0.000875898 0.009379 -0.0177689 -0.000880819 0.00212578 -0.0177689 0.0886724 
0.0113288 -0.0198528 0.000755918 -0.000855381 -0.0198528 0.0935896 -0.000855381 0.00209369 0.000755918 -0.000855381 0.00930475 -0.017779 -0.000855381 0.00209369 -0.017779 0.0886662 
0.011318 -0.0198788 0.000762845 -0.00084262 -0.0198788 0.0936205 -0.000837634 0.00202927 0.000762845 -0.000837634 0.00925884 -0.0176701 -0.00084262 0.00202927 -0.0176701 0.08851 
0.0113008 -0.0198539 0.000749393 -0.000854308 -0.0198539 0.0935792 -0.000854308 0.00204334 0.000749393 -0.000854308 0.00921753 -0.0176057 -0.000854308 0.00204334 -0.0176057 0.0882985 
0.0113226 -0.019868 0.000711705 -0.000816221 -0.019868 0.0936365 -0.000816221 0.00197585 0.000711705 -0.000816221 0.00921235 -0.0175438 -0.000816221 0.00197585 -0.0175438 0.088112 
0.011344 -0.0198619 0.000702814 -0.000791903 -0.0198619 0.0936079 -0.000796852 0.00193521 0.000702814 -0.000796852 0.00922072 -0.0175604 -0.000791903 0.00193521 -0.0175604 0.0880893 
0.0113484 -0.0198954 0.000728662 -0.00079759 -0.0198954 0.0936725 -0.000792666 0.00193489 0.000728662 -0.000792666 0.00924613 -0.0175568 -0.00079759 0.00193489 -0.0175568 0.0880893 
0.01136 -0.0199203 0.000732901 -0.000835508 -0.0199203 0.093743 -0.000835508 0.00200326 0.000732901 -0.000835508 0.00928342 -0.0175945 -0.000835508 0.00200326 -0.0175945 0.0881534 
0.0113723 -0.0199212 0.000667806 -0.000800385 -0.0199212 0.0937482 -0.000795475 0.00193467 0.000667806 -0.000795475 0.00924125 -0.0176281 -0.000800385 0.00193467 -0.0176281 0.0882044 
0.0113833 -0.0199367 0.000634864 -0.000748057 -0.0199367 0.0938024 -0.000743136 0.00183569 0.000634864 -0.000743136 0.00918831 -0.0175843 -0.000748057 0.00183569 -0.0175843 0.0881871 
0.0113804 -0.0199822 0.000665087 -0.000709426 -0.0199822 0.093925 -0.000704499 0.00174401 0.000665087 -0.000704499 0.0091782 -0.017509 -0.000709426 0.00174401 -0.017509 0.0880329 
0.0113786 -0.0199643 0.000666134 -0.000750017 -0.0199643 0.0939199 -0.000750017 0.00179116 0.000666134 -0.000750017 0.00917291 -0.017507 -0.000750017 0.00179116 -0.017507 0.0879889 
0.0113619 -0.0199561 0.000715361 -0.000774563 -0.0199561 0.0939096 -0.000769629 0.0018698 0.000715361 -0.000769629 0.00921088 -0.017514 -0.000774563 0.0018698 -0.017514 0.0879992 
0.0113466 -0.019932 0.000722461 -0.000831325 -0.019932 0.0938408 -0.000821428 0.0019744 0.000722461 -0.000821428 0.00920396 -0.0175419 -0.000831325 0.0019744 -0.0175419 0.0880462 
0.0112916 -0.0198893 0.000739212 -0.000803707 -0.0198893 0.0937013 -0.000813629 0.00196958 0.000739212 -0.000813629 0.00923271 -0.0175724 -0.000803707 0.00196958 -0.0175724 0.088125 
0.0112652 -0.0198211 0.000732086 -0.00083169 -0.0198211 0.0935676 -0.00083667 0.00200203 0.000732086 -0.00083667 0.00922827 -0.017595 -0.00083169 0.00200203 -0.017595 0.088179 
0.0112388 -0.0197557 0.000693008 -0.000808509 -0.0197557 0.0933652 -0.000813531 0.00196352 0.000693008 -0.000813531 0.00917984 -0.0175964 -0.000808509 0.00196352 -0.0175964 0.0882128 
0.0111887 -0.0197018 0.000679024 -0.000765169 -0.0197018 0.0931733 -0.000780371 0.00188505 0.000679024 -0.000780371 0.00914656 -0.0175431 -0.000765169 0.00188505 -0.0175431 0.0881465 
0.011173 -0.0196807 0.000678993 -0.000755 -0.0196807 0.0931184 -0.000770201 0.00184443 0.000678993 -0.000770201 0.00912587 -0.0174663 -0.000755 0.00184443 -0.0174663 0.0879448 
0.011184 -0.019738 0.000704031 -0.000764376 -0.019738 0.093274 -0.000774434 0.00185562 0.000704031 -0.000774434 0.00916748 -0.0173896 -0.000764376 0.00185562 -0.0173896 0.087682 
0.0112306 -0.0197911 0.000670037 -0.000795044 -0.0197911 0.0934651 -0.000800044 0.0019001 0.000670037 -0.000800044 0.00922051 -0.017416 -0.000795044 0.0019001 -0.017416 0.0876248 
0.0112572 -0.0198075 0.000639274 -0.000734167 -0.0198075 0.0935089 -0.000729172 0.00178298 0.000639274 -0.000729172 0.0092545 -0.0175201 -0.000734167 0.00178298 -0.0175201 0.0878003 
0.0113135 -0.0198024 0.000577882 -0.000692462 -0.0198024 0.0934674 -0.000692462 0.00168383 0.000577882 -0.000692462 0.0092212 -0.0175905 -0.000692462 0.00168383 -0.0175905 0.0880324 
0.0113466 -0.0198641 0.00053889 -0.000633695 -0.0198641 0.0935623 -0.000628705 0.00155679 0.00053889 -0.000628705 0.0091761 -0.0175488 -0.000633695 0.00155679 -0.0175488 0.0880386 
0.0113307 -0.0198898 0.000534324 -0.000594248 -0.0198898 0.0936216 -0.000594248 0.00144817 0.000534324 -0.000594248 0.0091684 -0.0175128 -0.000594248 0.00144817 -0.0175128 0.0879837 
0.0113543 -0.0199025 0.000554235 -0.000599173 -0.0199025 0.0937007 -0.00059418 0.00142803 0.000554235 -0.00059418 0.00915237 -0.0174809 -0.000599173 0.00142803 -0.0174809 0.0878987 
0.0114074 -0.019947 0.000600131 -0.000649322 -0.019947 0.0938172 -0.000649322 0.0015446 0.000600131 -0.000649322 0.00920857 -0.0174677 -0.000649322 0.0015446 -0.0174677 0.0878798 
0.0114145 -0.0199912 0.000650717 -0.000699643 -0.0199912 0.0939038 -0.00069475 0.00166349 0.000650717 -0.00069475 0.00926171 -0.01754 -0.000699643 0.00166349 -0.01754 0.087974 
0.0113768 -0.0199636 0.000690101 -0.000724606 -0.0199636 0.0938537 -0.000724606 0.00171539 0.000690101 -0.000724606 0.00926706 -0.0176271 -0.000724606 0.00171539 -0.0176271 0.0881948 
0.0113286 -0.0198735 0.000671068 -0.000770485 -0.0198735 0.0936462 -0.000760543 0.00179946 0.000671068 -0.000760543 0.00920108 -0.0176516 -0.000770485 0.00179946 -0.0176516 0.0883075 
0.0112676 -0.0197971 0.000680759 -0.000730815 -0.0197971 0.0934192 -0.000730815 0.00176697 0.000680759 -0.000730815 0.00913519 -0.0175746 -0.000730815 0.00176697 -0.0175746 0.0882334 
0.0112676 -0.0198244 0.000713897 -0.000773804 -0.0198244 0.0934856 -0.000778797 0.00183217 0.000713897 -0.000778797 0.00914088 -0.017458 -0.000773804 0.00183217 -0.017458 0.0879741 
0.0112616 -0.0198321 0.000751102 -0.000810792 -0.0198321 0.0935296 -0.000815766 0.00193496 0.000751102 -0.000815766 0.00919229 -0.0174494 -0.000810792 0.00193496 -0.0174494 0.0878391 
0.0112287 -0.0197873 0.000752236 -0.000851869 -0.0197873 0.0934267 -0.000856851 0.00203751 0.000752236 -0.000856851 0.00921115 -0.0175206 -0.000851869 0.00203751 -0.0175206 0.0879169 
0.0112213 -0.0197688 0.000731064 -0.000856246 -0.0197688 0.0933959 -0.000851239 0.00206801 0.000731064 -0.000851239 0.00920339 -0.0175355 -0.000856246 0.00206801 -0.0175355 0.087968 
0.011169 -0.0197043 0.000735198 -0.000820803 -0.0197043 0.0932191 -0.000820803 0.00202935 0.000735198 -0.000820803 0.0091648 -0.0175239 -0.000820803 0.00202935 -0.0175239 0.0879518 
0.0111233 -0.0196253 0.000743229 -0.000838644 -0.0196253 0.0930091 -0.000833622 0.00202882 0.000743229 -0.000833622 0.00914473 -0.017486 -0.000838644 0.00202882 -0.017486 0.0878768 
0.0111335 -0.0196491 0.000712144 -0.000852566 -0.0196491 0.0930501 -0.000852566 0.00206622 0.000712144 -0.000852566 0.00912747 -0.0174024 -0.000852566 0.00206622 -0.0174024 0.0876639 
0.0111272 -0.0197182 0.000716752 -0.000816998 -0.0197182 0.093253 -0.000816998 0.00201994 0.000716752 -0.000816998 0.00917243 -0.0173524 -0.000816998 0.00201994 -0.0173524 0.0874839 
0.0111187 -0.019658 0.000691161 -0.000791329 -0.019658 0.0931815 -0.000796338 0.00193826 0.000691161 -0.000796338 0.00920046 -0.0174443 -0.000791329 0.00193826 -0.0174443 0.0876022 
0.011088 -0.0196042 0.00073053 -0.000780566 -0.0196042 0.0930124 -0.000780566 0.00190638 0.00073053 -0.000780566 0.00923169 -0.0175127 -0.000780566 0.00190638 -0.0175127 0.0878037 
0.0110668 -0.0195548 0.000751726 -0.000811466 -0.0195548 0.0928457 -0.000821423 0.00193159 0.000751726 -0.000821423 0.00927959 -0.0175784 -0.000811466 0.00193159 -0.0175784 0.0880416 
0.0110737 -0.0195576 0.000744203 -0.000838468 -0.0195576 0.0928318 -0.000838468 0.00198454 0.000744203 -0.000838468 0.00931742 -0.0176227 -0.000838468 0.00198454 -0.0176227 0.0881831 
0.011083 -0.0195755 0.000720966 -0.000855215 -0.0195755 0.0928555 -0.000845271 0.00203859 0.000720966 -0.000845271 0.00931787 -0.0176562 -0.000855215 0.00203859 -0.0176562 0.088286 
0.0110486 -0.0195723 0.000737915 -0.000803173 -0.0195723 0.0928367 -0.000803173 0.00197781 0.000737915 -0.000803173 0.00928668 -0.0176598 -0.000803173 0.00197781 -0.0176598 0.0882887 
0.0110176 -0.0195174 0.000762994 -0.000803687 -0.0195174 0.0927495 -0.000818947 0.001938 0.000762994 -0.000818947 0.00921696 -0.0176048 -0.000803687 0.001938 -0.0176048 0.0881919 
0.010969 -0.0194364 0.000789684 -0.000855916 -0.0194364 0.0925204 -0.00086101 0.00202261 0.000789684 -0.00086101 0.0091909 -0.0175412 -0.000855916 0.00202261 -0.0175412 0.0880931 
0.0109578 -0.0194207 0.000841734 -0.000927935 -0.0194207 0.0924386 -0.000922865 0.00220068 0.000841734 -0.000922865 0.00920329 -0.0174888 -0.000927935 0.00220068 -0.0174888 0.0879308 
0.0109438 -0.0193875 0.000887473 -0.000983828 -0.0193875 0.0923327 -0.000983828 0.00235814 0.000887473 -0.000983828 0.00920944 -0.0174959 -0.000983828 0.00235814 -0.0174959 0.0878649 
0.0109704 -0.0194038 0.000902855 -0.00104408 -0.0194038 0.0923686 -0.00104913 0.00253203 0.000902855 -0.00104913 0.00921517 -0.0174871 -0.00104408 0.00253203 -0.0174871 0.0878291 
0.0110077 -0.0194644 0.000903918 -0.00105959 -0.0194644 0.0925211 -0.00105959 0.00260128 0.000903918 -0.00105959 0.00921495 -0.0174758 -0.00105959 0.00260128 -0.0174758 0.0877705 
0.0110518 -0.0195189 0.000868286 -0.00104395 -0.0195189 0.0926858 -0.00103391 0.00257475 0.000868286 -0.00103391 0.00922492 -0.0174962 -0.00104395 0.00257475 -0.0174962 0.0878074 
0.0111061 -0.019586 0.000836967 -0.00098732 -0.019586 0.0928582 -0.000977297 0.00244575 0.000836967 -0.000977297 0.00923169 -0.0175162 -0.00098732 0.00244575 -0.0175162 0.0878815 
0.0111252 -0.0196138 0.00080508 -0.00092081 -0.0196138 0.0929515 -0.00092081 0.00225926 0.00080508 -0.00092081 0.00921817 -0.0175407 -0.00092081 0.00225926 -0.0175407 0.08796 
0.0111416 -0.0196454 0.000810843 -0.000910947 -0.0196454 0.0930418 -0.000915953 0.00222231 0.000810843 -0.000915953 0.00925462 -0.0175432 -0.000910947 0.00222231 -0.0175432 0.0880215 
0.0111416 -0.019661 0.000827517 -0.000907278 -0.019661 0.0930957 -0.000912263 0.00220339 0.000827517 -0.000912263 0.00930209 -0.0175773 -0.000907278 0.00220339 -0.0175773 0.0880907 
0.0110993 -0.0196203 0.000846091 -0.000931201 -0.0196203 0.093005 -0.000936208 0.00222787 0.000846091 -0.000936208 0.00931201 -0.0176528 -0.000931201 0.00222787 -0.0176528 0.0882238 
0.0111069 -0.0196496 0.000864762 -0.000959736 -0.0196496 0.0930844 -0.000954737 0.00228437 0.000864762 -0.000954737 0.00931744 -0.0176202 -0.000959736 0.00228437 -0.0176202 0.0881907 
0.0111425 -0.0196615 0.000832947 -0.000972603 -0.0196615 0.0931454 -0.000967615 0.00231928 0.000832947 -0.000967615 0.00929209 -0.0176166 -0.000972603 0.00231928 -0.0176166 0.0881627 
0.0111736 -0.0196682 0.000795276 -0.00093942 -0.0196682 0.0931268 -0.000934449 0.00229636 0.000795276 -0.000934449 0.00928485 -0.0176203 -0.00093942 0.00229636 -0.0176203 0.0881812 
0.0111827 -0.0196627 0.000778573 -0.000892631 -0.0196627 0.0930816 -0.000887672 0.00219191 0.000778573 -0.000887672 0.00925857 -0.0176245 -0.000892631 0.00219191 -0.0176245 0.0882217 
0.011182 -0.0196894 0.000784616 -0.000878375 -0.0196894 0.0931077 -0.000878375 0.00215646 0.000784616 -0.000878375 0.00925254 -0.0175823 -0.000878375 0.00215646 -0.0175823 0.0881533 
0.0111961 -0.0197278 0.00072169 -0.000874925 -0.0197278 0.0932364 -0.000869982 0.00210575 0.00072169 -0.000869982 0.00921884 -0.0175529 -0.000874925 0.00210575 -0.0175529 0.0880363 
0.0112724 -0.0197984 0.000633391 -0.000791738 -0.0197984 0.093435 -0.000796687 0.00197935 0.000633391 -0.000796687 0.00915942 -0.0175024 -0.000791738 0.00197935 -0.0175024 0.0879176 
0.0113167 -0.0198587 0.000604481 -0.000708531 -0.0198587 0.0936054 -0.000713486 0.00180849 0.000604481 -0.000713486 0.00914154 -0.0174606 -0.000708531 0.00180849 -0.0174606 0.0878479 
