0.00886323 0 0.000277823 0 0 0.00998807 0 0 0.000277823 0 0.00584783 0 0 0 0 0.00998807 
0.0122379 -0.0151555 0.00036393 -0.000456455 -0.0151555 0.0382497 -0.000456455 0.000863563 0.00036393 -0.000456455 0.00851227 -0.0106157 -0.000456455 0.000863563 -0.0106157 0.0295339 
0.012026 -0.0220153 0.000426143 -0.000545212 -0.0220153 0.0794192 -0.000545212 0.0016607 0.000426143 -0.000545212 0.00879859 -0.0169893 -0.000545212 0.0016607 -0.0169893 0.0636958 
0.0113244 -0.0208785 0.000466797 -0.000424361 -0.0208785 0.0911527 -0.000430423 0.00117002 0.000466797 -0.000430423 0.00831747 -0.0173442 -0.000424361 0.00117002 -0.0173442 0.0798586 
0.011429 -0.0200916 0.000420349 -0.000488514 -0.0200916 0.0928291 -0.000488514 0.00109064 0.000420349 -0.000488514 0.00821386 -0.016689 -0.000488514 0.00109064 -0.016689 0.0841608 
0.0116804 -0.0201643 0.000419296 -0.000446523 -0.0201643 0.093661 -0.000457414 0.0011272 0.000419296 -0.000457414 0.00828791 -0.0164724 -0.000446523 0.0011272 -0.0164724 0.0850137 
0.0118077 -0.0203622 0.000371477 -0.000408625 -0.0203622 0.0944454 -0.000419238 0.00103483 0.000371477 -0.000419238 0.00834762 -0.016483 -0.000408625 0.00103483 -0.016483 0.0852964 
0.0118204 -0.0204574 0.000356006 -0.000371484 -0.0204574 0.0948885 -0.000381803 0.00093903 0.000356006 -0.000381803 0.00844611 -0.0165156 -0.000371484 0.00093903 -0.0165156 0.0854259 
0.0118032 -0.0204481 0.000359361 -0.000369484 -0.0204481 0.0949978 -0.000374545 0.000905994 0.000359361 -0.000374545 0.00853862 -0.0166015 -0.000369484 0.000905994 -0.0166015 0.0855734 
0.011782 -0.0203842 0.000352755 -0.000377952 -0.0203842 0.0948357 -0.000382991 0.000912124 0.000352755 -0.000382991 0.00855683 -0.0167256 -0.000377952 0.000912124 -0.0167256 0.0858253 
0.0117541 -0.0203647 0.000347041 -0.000372188 -0.0203647 0.094727 -0.000382248 0.000920412 0.000347041 -0.000382248 0.00857039 -0.0167636 -0.000372188 0.000920412 -0.0167636 0.0860208 
0.0117149 -0.0203581 0.000389652 -0.000379532 -0.0203581 0.0947058 -0.000384592 0.000941238 0.000389652 -0.000384592 0.00856729 -0.0167652 -0.000379532 0.000941238 -0.0167652 0.0860676 
0.0117199 -0.0203569 0.000414416 -0.0004599 -0.0203569 0.0947698 -0.0004599 0.00107647 0.000414416 -0.0004599 0.00860165 -0.0167535 -0.0004599 0.00107647 -0.0167535 0.0860721 
0.0116713 -0.0203169 0.000431528 -0.000446581 -0.0203169 0.0946802 -0.000456616 0.00110893 0.000431528 -0.000456616 0.00866568 -0.0168045 -0.000446581 0.00110893 -0.0168045 0.0861399 
0.0116663 -0.0203035 0.000449856 -0.000459853 -0.0203035 0.0946847 -0.000459853 0.00110964 0.000449856 -0.000459853 0.00870222 -0.0168596 -0.000459853 0.00110964 -0.0168596 0.0862374 
0.0116642 -0.0202712 0.000449584 -0.00046457 -0.0202712 0.0946025 -0.00046457 0.001079 0.000449584 -0.00046457 0.00871694 -0.0169243 -0.00046457 0.001079 -0.0169243 0.0864001 
0.0116418 -0.020311 0.000476389 -0.000466464 -0.020311 0.0946773 -0.000466464 0.00107684 0.000476389 -0.000466464 0.00877846 -0.0169217 -0.000466464 0.00107684 -0.0169217 0.0864696 
0.011591 -0.0202444 0.000516922 -0.000516922 -0.0202444 0.0945669 -0.000521892 0.00118793 0.000516922 -0.000521892 0.00884234 -0.0170336 -0.000516922 0.00118793 -0.0170336 0.0866788 
0.0115669 -0.0201707 0.000526453 -0.00056155 -0.0201707 0.0943755 -0.00056155 0.0013036 0.000526453 -0.00056155 0.00881433 -0.0171122 -0.00056155 0.0013036 -0.0171122 0.0868998 
0.0115555 -0.0201391 0.000527991 -0.000578276 -0.0201391 0.0942539 -0.000573247 0.00136272 0.000527991 -0.000573247 0.00878979 -0.0170868 -0.000578276 0.00136272 -0.0170868 0.0869677 
0.0115127 -0.0201371 0.000537459 -0.000557551 -0.0201371 0.0942311 -0.000547505 0.00132104 0.000537459 -0.000547505 0.00881031 -0.0170329 -0.000557551 0.00132104 -0.0170329 0.0868473 
0.0114806 -0.0201098 0.000533044 -0.000568245 -0.0201098 0.0942079 -0.000568245 0.00132255 0.000533044 -0.000568245 0.00882539 -0.0170222 -0.000568245 0.00132255 -0.0170222 0.0867503 
0.011491 -0.0200651 0.000514749 -0.000560168 -0.0200651 0.0941132 -0.000565214 0.00133229 0.000514749 -0.000565214 0.00877596 -0.0170372 -0.000560168 0.00133229 -0.0170372 0.08672 
0.0115223 -0.0201013 0.000507303 -0.000552508 -0.0201013 0.0941575 -0.000557531 0.00132602 0.000507303 -0.000557531 0.00875475 -0.016967 -0.000552508 0.00132602 -0.016967 0.0866082 
0.0115312 -0.0201041 0.000457827 -0.0005182 -0.0201041 0.0941313 -0.000528262 0.00125274 0.000457827 -0.000528262 0.00871381 -0.0169497 -0.0005182 0.00125274 -0.0169497 0.0865142 
0.0114916 -0.0200747 0.000411138 -0.000446669 -0.0200747 0.0940492 -0.000466972 0.00112175 0.000411138 -0.000466972 0.00867451 -0.0169227 -0.000446669 0.00112175 -0.0169227 0.0864507 
0.0114738 -0.0200434 0.000403935 -0.000419274 -0.0200434 0.0939839 -0.000429501 0.00102773 0.000403935 -0.000429501 0.0086258 -0.0168579 -0.000419274 0.00102773 -0.0168579 0.0863245 
0.0114685 -0.0200597 0.000423437 -0.000443844 -0.0200597 0.0940234 -0.000448945 0.00106624 0.000423437 -0.000448945 0.00862689 -0.0167793 -0.000443844 0.00106624 -0.0167793 0.0861108 
0.0114661 -0.0200326 0.000453549 -0.000458645 -0.0200326 0.0939765 -0.000458645 0.00108546 0.000453549 -0.000458645 0.00861234 -0.0167609 -0.000458645 0.00108546 -0.0167609 0.0859909 
0.0114411 -0.0200269 0.000459056 -0.000519591 -0.0200269 0.0939248 -0.000504457 0.00119556 0.000459056 -0.000504457 0.0086817 -0.0167681 -0.000519591 0.00119556 -0.0167681 0.0859897 
0.0114104 -0.0200121 0.000471464 -0.00052162 -0.0200121 0.0939266 -0.000506573 0.00124386 0.000471464 -0.000506573 0.00874716 -0.0168272 -0.00052162 0.00124386 -0.0168272 0.0860472 
0.0113773 -0.0199666 0.000471336 -0.00051145 -0.0199666 0.0938461 -0.000486379 0.0011984 0.000471336 -0.000486379 0.00877989 -0.0169129 -0.00051145 0.0011984 -0.0169129 0.0862495 
0.011358 -0.0199068 0.000474935 -0.000510302 -0.0199068 0.0936733 -0.000500197 0.00119744 0.000474935 -0.000500197 0.00874587 -0.0169814 -0.000510302 0.00119744 -0.0169814 0.0864634 
0.0113843 -0.0198523 0.000398374 -0.000490306 -0.0198523 0.0935004 -0.000480092 0.00114916 0.000398374 -0.000480092 0.00864675 -0.0169564 -0.000490306 0.00114916 -0.0169564 0.0865237 
0.0113852 -0.0199139 0.000337265 -0.000388365 -0.0199139 0.0935603 -0.000388365 0.000960693 0.000337265 -0.000388365 0.00860025 -0.0167968 -0.000388365 0.000960693 -0.0167968 0.0862631 
0.0113504 -0.0199094 0.00035984 -0.000370121 -0.0199094 0.0935892 -0.000375262 0.000925302 0.00035984 -0.000375262 0.00858989 -0.0167377 -0.000370121 0.000925302 -0.0167377 0.0860223 
0.0113404 -0.0199136 0.000399707 -0.000420205 -0.0199136 0.093639 -0.000430454 0.00101976 0.000399707 -0.000430454 0.0086142 -0.0166903 -0.000420205 0.00101976 -0.0166903 0.0858345 
0.0113371 -0.0198629 0.000400131 -0.000436041 -0.0198629 0.0935538 -0.000436041 0.00105163 0.000400131 -0.000436041 0.00860795 -0.0167183 -0.000436041 0.00105163 -0.0167183 0.0858128 
0.0113183 -0.0198569 0.000389049 -0.000435121 -0.0198569 0.0934947 -0.000435121 0.00105965 0.000389049 -0.000435121 0.00862051 -0.0167189 -0.000435121 0.00105965 -0.0167189 0.0858212 
0.0113108 -0.0198451 0.000420056 -0.000414934 -0.0198451 0.0934522 -0.000409811 0.00101428 0.000420056 -0.000409811 0.00861627 -0.0167357 -0.000414934 0.00101428 -0.0167357 0.0858246 
0.0112958 -0.0198164 0.000441964 -0.000447103 -0.0198164 0.093388 -0.000441964 0.00102268 0.000441964 -0.000441964 0.00860802 -0.016733 -0.000447103 0.00102268 -0.016733 0.0858232 
0.0112925 -0.0198248 0.000457457 -0.000498576 -0.0198248 0.0934085 -0.000488296 0.00113593 0.000457457 -0.000488296 0.00859915 -0.0166946 -0.000498576 0.00113593 -0.0166946 0.08575 
0.0112705 -0.019813 0.000445293 -0.000481121 -0.019813 0.0933887 -0.000486239 0.00115162 0.000445293 -0.000486239 0.00863459 -0.0166908 -0.000481121 0.00115162 -0.0166908 0.0857368 
0.0112143 -0.0197498 0.000452482 -0.000478191 -0.0197498 0.0932267 -0.000488475 0.00113635 0.000452482 -0.000488475 0.00865371 -0.0167624 -0.000478191 0.00113635 -0.0167624 0.0858378 
0.0111581 -0.0197013 0.000426391 -0.000472626 -0.0197013 0.0931228 -0.000493175 0.00114047 0.000426391 -0.000493175 0.00869221 -0.0167731 -0.000472626 0.00114047 -0.0167731 0.0858844 
0.0111136 -0.0196341 0.00037335 -0.00045518 -0.0196341 0.0929795 -0.00045518 0.00110471 0.00037335 -0.00045518 0.00873537 -0.0168059 -0.00045518 0.00110471 -0.0168059 0.0859677 
0.0111012 -0.0195868 0.000332066 -0.000413806 -0.0195868 0.0928253 -0.000408697 0.00103707 0.000332066 -0.000408697 0.00874612 -0.0168639 -0.000413806 0.00103707 -0.0168639 0.0860869 
0.0110712 -0.01958 0.000331778 -0.0003573 -0.01958 0.0927703 -0.0003573 0.00091877 0.000331778 -0.0003573 0.00877426 -0.0168748 -0.0003573 0.00091877 -0.0168748 0.0861551 
0.0110556 -0.019558 0.000377883 -0.000342137 -0.019558 0.0927702 -0.00033703 0.000827257 0.000377883 -0.00033703 0.00880875 -0.0169026 -0.000342137 0.000827257 -0.0169026 0.0862032 
0.0110334 -0.0194601 0.000365037 -0.000370178 -0.0194601 0.0925137 -0.000359895 0.000802052 0.000365037 -0.000359895 0.00876602 -0.0169716 -0.000370178 0.000802052 -0.0169716 0.0863646 
0.0110314 -0.0194957 0.000386616 -0.000407235 -0.0194957 0.0925455 -0.000402081 0.000917568 0.000386616 -0.000402081 0.00874783 -0.0168874 -0.000407235 0.000917568 -0.0168874 0.0862772 
0.0110421 -0.0195003 0.000402282 -0.000433226 -0.0195003 0.0925609 -0.000433226 0.0010057 0.000402282 -0.000433226 0.00873157 -0.0168597 -0.000433226 0.0010057 -0.0168597 0.0861863 
0.011032 -0.0195264 0.000435743 -0.000481881 -0.0195264 0.0926134 -0.000471628 0.00112781 0.000435743 -0.000471628 0.00877126 -0.0168351 -0.000481881 0.00112781 -0.0168351 0.0861029 
0.0109884 -0.0195004 0.000469766 -0.000510616 -0.0195004 0.0926104 -0.00050551 0.00121527 0.000469766 -0.00050551 0.00884386 -0.0168861 -0.000510616 0.00121527 -0.0168861 0.0861358 
0.010923 -0.0194425 0.000501148 -0.000511376 -0.0194425 0.0924772 -0.000521603 0.00124264 0.000501148 -0.000521603 0.00891328 -0.0169777 -0.000511376 0.00124264 -0.0169777 0.0863304 
0.0109029 -0.0193509 0.000505433 -0.000541536 -0.0193509 0.092288 -0.000541536 0.00127906 0.000505433 -0.000541536 0.00890182 -0.0170713 -0.000541536 0.00127906 -0.0170713 0.0865529 
0.0108291 -0.0193108 0.0005056 -0.000521078 -0.0193108 0.0921224 -0.000531396 0.00124336 0.0005056 -0.000531396 0.00894603 -0.0170666 -0.000521078 0.00124336 -0.0170666 0.0866382 
0.0107667 -0.0192332 0.000503165 -0.00054424 -0.0192332 0.0919612 -0.000549374 0.00127845 0.000503165 -0.000549374 0.00901077 -0.0171025 -0.00054424 0.00127845 -0.0171025 0.0866882 
0.0107514 -0.0191409 0.000492899 -0.000554512 -0.0191409 0.0917409 -0.00056478 0.00133494 0.000492899 -0.00056478 0.00900568 -0.0171745 -0.000554512 0.00133494 -0.0171745 0.086817 
0.0107779 -0.0191259 0.000493175 -0.000544548 -0.0191259 0.0916022 -0.000549685 0.00133055 0.000493175 -0.000549685 0.00898504 -0.0171892 -0.000544548 0.00133055 -0.0171892 0.0869273 
0.010798 -0.0191931 0.000501046 -0.000572623 -0.0191931 0.0917169 -0.000567511 0.00139066 0.000501046 -0.000567511 0.00898303 -0.0171327 -0.000572623 0.00139066 -0.0171327 0.0868752 
0.0108356 -0.0192262 0.000486935 -0.000563819 -0.0192262 0.0918513 -0.000553568 0.00136854 0.000486935 -0.000553568 0.00895447 -0.017135 -0.000563819 0.00136854 -0.017135 0.0867974 
0.010869 -0.0192981 0.000491021 -0.000552399 -0.0192981 0.092046 -0.000547284 0.00136054 0.000491021 -0.000547284 0.00894579 -0.0170834 -0.000552399 0.00136054 -0.0170834 0.0867112 
0.0108667 -0.0193255 0.000486723 -0.00052771 -0.0193255 0.0921289 -0.00052771 0.0012706 0.000486723 -0.00052771 0.00896082 -0.0170968 -0.00052771 0.0012706 -0.0170968 0.0866879 
0.0108322 -0.0193089 0.000516062 -0.000541609 -0.0193089 0.09214 -0.000551828 0.00130804 0.000516062 -0.000551828 0.0090132 -0.017122 -0.000541609 0.00130804 -0.017122 0.0867648 
0.0108115 -0.0192335 0.000542366 -0.000573066 -0.0192335 0.091972 -0.000583299 0.00137126 0.000542366 -0.000583299 0.00902579 -0.0172073 -0.000573066 0.00137126 -0.0172073 0.0869474 
0.0108386 -0.0192252 0.000569371 -0.000600148 -0.0192252 0.0919201 -0.000600148 0.00141573 0.000569371 -0.000600148 0.00900735 -0.0172094 -0.000600148 0.00141573 -0.0172094 0.0870214 
0.01082 -0.0192555 0.000635868 -0.00065638 -0.0192555 0.0919291 -0.000646124 0.00154352 0.000635868 -0.000646124 0.00901497 -0.0171736 -0.00065638 0.00154352 -0.0171736 0.0869857 
0.0108342 -0.0192403 0.000643057 -0.000709935 -0.0192403 0.0919263 -0.000699646 0.00164108 0.000643057 -0.000699646 0.00897193 -0.0171722 -0.000709935 0.00164108 -0.0171722 0.0869413 
0.0108136 -0.0192603 0.000680686 -0.00073741 -0.0192603 0.0919751 -0.00073741 0.00174813 0.000680686 -0.00073741 0.00898815 -0.0171306 -0.00073741 0.00174813 -0.0171306 0.0868442 
0.0108118 -0.01927 0.000673165 -0.000760523 -0.01927 0.0920284 -0.000760523 0.00181395 0.000673165 -0.000760523 0.00899781 -0.0171169 -0.000760523 0.00181395 -0.0171169 0.086751 
0.0108024 -0.0192474 0.000658247 -0.000750096 -0.0192474 0.0919913 -0.000755198 0.00182676 0.000658247 -0.000755198 0.00904707 -0.0171552 -0.000750096 0.00182676 -0.0171552 0.0867917 
0.0107428 -0.019231 0.000663137 -0.000754956 -0.019231 0.0919618 -0.000760057 0.00185678 0.000663137 -0.000760057 0.00912578 -0.017216 -0.000754956 0.00185678 -0.017216 0.0869219 
0.010675 -0.0191401 0.000656289 -0.000717816 -0.0191401 0.0917728 -0.000733198 0.00177916 0.000656289 -0.000733198 0.00917267 -0.017325 -0.000717816 0.00177916 -0.017325 0.0871429 
0.0106569 -0.0190864 0.000669252 -0.000725448 -0.0190864 0.0916517 -0.000745884 0.00177786 0.000669252 -0.000745884 0.00920604 -0.0173699 -0.000725448 0.00177786 -0.0173699 0.0873297 
0.0106344 -0.0190268 0.000692994 -0.000738854 -0.0190268 0.0914701 -0.000743949 0.00179363 0.000692994 -0.000743949 0.00923822 -0.0174318 -0.000738854 0.00179363 -0.0174318 0.0875261 
0.0106206 -0.0190203 0.000718226 -0.000794633 -0.0190203 0.0914185 -0.000799727 0.00189999 0.000718226 -0.000799727 0.00926563 -0.0174717 -0.000794633 0.00189999 -0.0174717 0.0876491 
0.0106111 -0.0189958 0.000730214 -0.000801703 -0.0189958 0.091338 -0.000796597 0.0019149 0.000730214 -0.000796597 0.00928853 -0.01752 -0.000801703 0.0019149 -0.01752 0.087784 
0.0106231 -0.0189921 0.000713681 -0.000795831 -0.0189921 0.0912998 -0.000790696 0.00189459 0.000713681 -0.000790696 0.00924191 -0.0175185 -0.000795831 0.00189459 -0.0175185 0.0878084 
0.010656 -0.0190308 0.000714168 -0.000796375 -0.0190308 0.0914033 -0.000791237 0.00190102 0.000714168 -0.000791237 0.00919171 -0.0174432 -0.000796375 0.00190102 -0.0174432 0.0876526 
0.0106661 -0.0190766 0.000729567 -0.000801496 -0.0190766 0.0915041 -0.000801496 0.00192154 0.000729567 -0.000801496 0.00918638 -0.0173812 -0.000801496 0.00192154 -0.0173812 0.0874915 
0.0106689 -0.0190567 0.000720869 -0.000803254 -0.0190567 0.0914989 -0.000803254 0.0019103 0.000720869 -0.000803254 0.00916534 -0.0173781 -0.000803254 0.0019103 -0.0173781 0.0874208 
0.0106911 -0.019111 0.000757076 -0.000838922 -0.019111 0.0916164 -0.000838922 0.00202569 0.000757076 -0.000838922 0.00919745 -0.0173411 -0.000838922 0.00202569 -0.0173411 0.0873604 
0.0106837 -0.0191321 0.000802674 -0.000883958 -0.0191321 0.0917132 -0.000878877 0.00213369 0.000802674 -0.000878877 0.0092714 -0.0173896 -0.000883958 0.00213369 -0.0173896 0.0874204 
0.0106382 -0.0190747 0.000821834 -0.00089793 -0.0190747 0.091599 -0.000892857 0.00216112 0.000821834 -0.000892857 0.00935471 -0.0175375 -0.00089793 0.00216112 -0.0175375 0.087708 
0.0105953 -0.0190017 0.00081891 -0.000914955 -0.0190017 0.0913994 -0.0009099 0.00218376 0.00081891 -0.0009099 0.00942757 -0.017647 -0.000914955 0.00218376 -0.017647 0.0880581 
0.0106125 -0.0189889 0.000816343 -0.000902541 -0.0189889 0.0913341 -0.00089747 0.00216508 0.000816343 -0.00089747 0.00938034 -0.0176959 -0.000902541 0.00216508 -0.0176959 0.0881955 
0.0106263 -0.0190264 0.00083543 -0.000901654 -0.0190264 0.0913777 -0.000896559 0.0021548 0.00083543 -0.000896559 0.00934256 -0.0176357 -0.000901654 0.0021548 -0.0176357 0.0881787 
0.0106254 -0.0190719 0.000830977 -0.000922182 -0.0190719 0.0915544 -0.000917115 0.00218385 0.000830977 -0.000917115 0.00935356 -0.017562 -0.000922182 0.00218385 -0.017562 0.0879772 
0.0106383 -0.0190466 0.000780514 -0.00090722 -0.0190466 0.0915279 -0.000902152 0.00216415 0.000780514 -0.000902152 0.00934082 -0.0175869 -0.00090722 0.00216415 -0.0175869 0.0879395 
0.0106888 -0.0190715 0.00077543 -0.000871725 -0.0190715 0.0915919 -0.000861588 0.00211849 0.00077543 -0.000861588 0.00927981 -0.0175561 -0.000871725 0.00211849 -0.0175561 0.0878871 
0.0106605 -0.0191055 0.000792675 -0.000848569 -0.0191055 0.0916251 -0.000838406 0.00204266 0.000792675 -0.000838406 0.00929869 -0.0175201 -0.000848569 0.00204266 -0.0175201 0.0878294 
0.0106832 -0.0191016 0.00079399 -0.000880515 -0.0191016 0.0916753 -0.000875425 0.00207659 0.00079399 -0.000875425 0.00926831 -0.0175136 -0.000880515 0.00207659 -0.0175136 0.0877715 
0.0107572 -0.0191708 0.00079815 -0.000899825 -0.0191708 0.0918431 -0.000894741 0.00214534 0.00079815 -0.000894741 0.00921685 -0.0174627 -0.000899825 0.00214534 -0.0174627 0.0876694 
0.0107916 -0.0192415 0.000804276 -0.000885722 -0.0192415 0.0920081 -0.000885722 0.00213795 0.000804276 -0.000885722 0.00920336 -0.017409 -0.000885722 0.00213795 -0.017409 0.087549 
0.0107473 -0.0192368 0.000781525 -0.000863253 -0.0192368 0.0920003 -0.000868362 0.00207896 0.000781525 -0.000868362 0.00922506 -0.0174081 -0.000863253 0.00207896 -0.0174081 0.0875155 
0.0107131 -0.0191968 0.000811133 -0.000877453 -0.0191968 0.0919489 -0.000877453 0.00212221 0.000811133 -0.000877453 0.00925406 -0.0174368 -0.000877453 0.00212221 -0.0174368 0.0875514 
0.0106666 -0.0191284 0.000806373 -0.000893135 -0.0191284 0.0917684 -0.000888031 0.00212821 0.000806373 -0.000888031 0.00928861 -0.0174901 -0.000893135 0.00212821 -0.0174901 0.0876548 
0.0106367 -0.0190435 0.000784294 -0.000876563 -0.0190435 0.0915368 -0.000876563 0.00211195 0.000784294 -0.000876563 0.00927824 -0.0175313 -0.000876563 0.00211195 -0.0175313 0.0877794 
0.0106362 -0.0190146 0.000781772 -0.000874351 -0.0190146 0.0914108 -0.000884637 0.00211387 0.000781772 -0.000884637 0.0092424 -0.0175076 -0.000874351 0.00211387 -0.0175076 0.0877745 
0.010603 -0.0190059 0.000779862 -0.000847002 -0.0190059 0.0913317 -0.000852167 0.00205037 0.000779862 -0.000852167 0.00922406 -0.0174565 -0.000847002 0.00205037 -0.0174565 0.0876699 
0.0106043 -0.0189731 0.000774413 -0.000882831 -0.0189731 0.0912724 -0.000882831 0.00212189 0.000774413 -0.000882831 0.00920519 -0.0174346 -0.000882831 0.00212189 -0.0174346 0.0875965 
0.0105862 -0.0189634 0.000756889 -0.000875314 -0.0189634 0.0912026 -0.000880463 0.00212135 0.000756889 -0.000880463 0.00921139 -0.0174085 -0.000875314 0.00212135 -0.0174085 0.0875211 
0.0105378 -0.0189589 0.000766946 -0.000848753 -0.0189589 0.091195 -0.000853866 0.00209121 0.000766946 -0.000853866 0.00929538 -0.0174148 -0.000848753 0.00209121 -0.0174148 0.0874983 
0.0105438 -0.018891 0.000750939 -0.000853107 -0.018891 0.0910679 -0.000858216 0.00206891 0.000750939 -0.000858216 0.00928712 -0.0175219 -0.000853107 0.00206891 -0.0175219 0.0876606 
0.0105576 -0.0188947 0.000735022 -0.000822402 -0.0188947 0.0910142 -0.000822402 0.00200975 0.000735022 -0.000822402 0.00925203 -0.0175172 -0.000822402 0.00200975 -0.0175172 0.0877555 
0.0105539 -0.018922 0.000743952 -0.000815782 -0.018922 0.0910649 -0.000815782 0.00197019 0.000743952 -0.000815782 0.00925066 -0.01747 -0.000815782 0.00197019 -0.01747 0.0877043 
0.0105383 -0.0189312 0.000723615 -0.000825532 -0.0189312 0.0911296 -0.000820437 0.00196191 0.000723615 -0.000820437 0.00928979 -0.0174483 -0.000825532 0.00196191 -0.0174483 0.0876236 
0.0104732 -0.0189116 0.000730686 -0.000801725 -0.0189116 0.0911227 -0.000786503 0.0019282 0.000730686 -0.000786503 0.00937714 -0.0174959 -0.000801725 0.0019282 -0.0174959 0.0876671 
0.0104204 -0.0188251 0.000709321 -0.000775661 -0.0188251 0.0909666 -0.000760351 0.00181668 0.000709321 -0.000760351 0.00938958 -0.0175952 -0.000775661 0.00181668 -0.0175952 0.0878283 
0.0104146 -0.0187647 0.000683007 -0.000770309 -0.0187647 0.0907989 -0.000749768 0.00178712 0.000683007 -0.000749768 0.00934642 -0.0176195 -0.000770309 0.00178712 -0.0176195 0.0879539 
0.0104341 -0.0187536 0.000645089 -0.000737244 -0.0187536 0.090722 -0.000732124 0.00174072 0.000645089 -0.000732124 0.00929747 -0.0175659 -0.000737244 0.00174072 -0.0175659 0.0878959 
0.0104662 -0.0188146 0.000629201 -0.000726395 -0.0188146 0.0908351 -0.000726395 0.00174437 0.000629201 -0.000726395 0.00926409 -0.0174744 -0.000726395 0.00174437 -0.0174744 0.0876994 
0.0104921 -0.0188302 0.000606596 -0.000699128 -0.0188302 0.0908867 -0.000704269 0.00171698 0.000606596 -0.000704269 0.00921718 -0.0174525 -0.000699128 0.00171698 -0.0174525 0.0875966 
0.010497 -0.0188492 0.00057228 -0.000644459 -0.0188492 0.0909358 -0.000654771 0.00159826 0.00057228 -0.000654771 0.00918741 -0.0173952 -0.000644459 0.00159826 -0.0173952 0.0874609 
0.0105301 -0.0188891 0.000568637 -0.00063067 -0.0188891 0.0910646 -0.000646179 0.00156634 0.000568637 -0.000646179 0.00913955 -0.0173176 -0.00063067 0.00156634 -0.0173176 0.0872496 
0.010533 -0.018918 0.000560378 -0.000612265 -0.018918 0.0911341 -0.000622642 0.00148915 0.000560378 -0.000622642 0.00911652 -0.0172679 -0.000612265 0.00148915 -0.0172679 0.0870817 
0.0104856 -0.0188616 0.000526105 -0.000572985 -0.0188616 0.0910005 -0.000583403 0.00138037 0.000526105 -0.000583403 0.00911568 -0.0172625 -0.000572985 0.00138037 -0.0172625 0.0870365 
0.0104374 -0.018831 0.000557841 -0.000583908 -0.018831 0.0909228 -0.000594335 0.00140242 0.000557841 -0.000594335 0.00914963 -0.0172409 -0.000583908 0.00140242 -0.0172409 0.0869867 
0.0104446 -0.0187733 0.00057046 -0.000643063 -0.0187733 0.0907912 -0.000648249 0.0015195 0.00057046 -0.000648249 0.00915328 -0.0172901 -0.000643063 0.0015195 -0.0172901 0.0870469 
0.0104319 -0.018766 0.000550415 -0.000628304 -0.018766 0.0907094 -0.000628304 0.00152143 0.000550415 -0.000628304 0.00917531 -0.0173121 -0.000628304 0.00152143 -0.0173121 0.0871317 
0.0103986 -0.0187807 0.00059613 -0.000658335 -0.0187807 0.0907517 -0.000653151 0.00160177 0.00059613 -0.000653151 0.0092426 -0.0173189 -0.000658335 0.00160177 -0.0173189 0.0871542 
0.010391 -0.0187298 0.000621907 -0.000678915 -0.0187298 0.0906636 -0.000678915 0.00162732 0.000621907 -0.000678915 0.00925604 -0.0173978 -0.000678915 0.00162732 -0.0173978 0.0872898 
0.0103954 -0.0187293 0.000631908 -0.000704422 -0.0187293 0.0906529 -0.000694063 0.001673 0.000631908 -0.000694063 0.00924554 -0.0174034 -0.000704422 0.001673 -0.0174034 0.0873432 
0.010379 -0.0187288 0.000662601 -0.000714367 -0.0187288 0.0906263 -0.000719544 0.00171862 0.000662601 -0.000719544 0.00926607 -0.0174088 -0.000714367 0.00171862 -0.0174088 0.0873961 
0.0103402 -0.0186744 0.000682453 -0.000754834 -0.0186744 0.0904974 -0.000744494 0.00178368 0.000682453 -0.000744494 0.00930617 -0.0174698 -0.000754834 0.00178368 -0.0174698 0.0875142 
0.0103054 -0.0186149 0.000708402 -0.000785964 -0.0186149 0.0903394 -0.000775623 0.00188218 0.000708402 -0.000775623 0.00933333 -0.0175187 -0.000785964 0.00188218 -0.0175187 0.087666 
0.0102732 -0.0185755 0.000734537 -0.000822475 -0.0185755 0.0902343 -0.000812129 0.00197084 0.000734537 -0.000812129 0.00936794 -0.0175513 -0.000822475 0.00197084 -0.0175513 0.0877669 
0.0102806 -0.018564 0.000750219 -0.000848523 -0.018564 0.0902021 -0.000838175 0.0020437 0.000750219 -0.000838175 0.00935962 -0.0175655 -0.000848523 0.0020437 -0.0175655 0.0878118 
0.0102498 -0.0185852 0.00076576 -0.000869241 -0.0185852 0.09022 -0.000869241 0.00213171 0.00076576 -0.000869241 0.00940126 -0.0175607 -0.000869241 0.00213171 -0.0175607 0.0878089 
0.0101888 -0.018542 0.000778599 -0.000886881 -0.018542 0.0901835 -0.000886881 0.0021708 0.000778599 -0.000886881 0.00946694 -0.0176036 -0.000886881 0.0021708 -0.0176036 0.0878734 
0.0101618 -0.0184938 0.000771002 -0.000899502 -0.0184938 0.0901096 -0.000899502 0.00218965 0.000771002 -0.000899502 0.00952445 -0.0176816 -0.000899502 0.00218965 -0.0176816 0.0880227 
0.0101384 -0.0184334 0.00076205 -0.000870179 -0.0184334 0.0899425 -0.000870179 0.00214198 0.00076205 -0.000870179 0.00955137 -0.0177692 -0.000870179 0.00214198 -0.0177692 0.0882485 
0.0101162 -0.0184192 0.000772618 -0.000855031 -0.0184192 0.0898864 -0.00084988 0.00208092 0.000772618 -0.00084988 0.00957017 -0.0177908 -0.000855031 0.00208092 -0.0177908 0.0883566 
0.010104 -0.0184005 0.000793079 -0.000880626 -0.0184005 0.0898445 -0.000880626 0.00210629 0.000793079 -0.000880626 0.00959419 -0.0178185 -0.000880626 0.00210629 -0.0178185 0.0884283 
0.010093 -0.018384 0.000775198 -0.000877873 -0.018384 0.08981 -0.000877873 0.00209971 0.000775198 -0.000877873 0.0096104 -0.0178347 -0.000877873 0.00209971 -0.0178347 0.0884855 
0.0101162 -0.0183773 0.000763586 -0.00086608 -0.0183773 0.0898008 -0.00087633 0.00210627 0.000763586 -0.00087633 0.009614 -0.0178648 -0.00086608 0.00210627 -0.0178648 0.0885503 
0.0101101 -0.0183955 0.000755559 -0.000848076 -0.0183955 0.0898087 -0.000863496 0.00207136 0.000755559 -0.000863496 0.00960639 -0.0178661 -0.000848076 0.00207136 -0.0178661 0.0885803 
0.0101414 -0.0183987 0.000746449 -0.00081852 -0.0183987 0.0898262 -0.000839112 0.00199225 0.000746449 -0.000839112 0.00956485 -0.0178633 -0.00081852 0.00199225 -0.0178633 0.0885907 
0.010086 -0.0184311 0.00074464 -0.000785723 -0.0184311 0.0898498 -0.000811401 0.00190012 0.00074464 -0.000811401 0.00961869 -0.01782 -0.000785723 0.00190012 -0.01782 0.0885248 
0.0100946 -0.0184071 0.000793144 -0.000854947 -0.0184071 0.0898931 -0.000870398 0.00202406 0.000793144 -0.000870398 0.00961558 -0.0178457 -0.000854947 0.00202406 -0.0178457 0.0884922 
0.0101164 -0.018372 0.000812193 -0.000909862 -0.018372 0.0897988 -0.000915002 0.00216413 0.000812193 -0.000915002 0.00960239 -0.0178785 -0.000909862 0.00216413 -0.0178785 0.0885907 
0.0101836 -0.018426 0.000811401 -0.000944922 -0.018426 0.0898857 -0.000944922 0.00228527 0.000811401 -0.000944922 0.0095622 -0.0178405 -0.000944922 0.00228527 -0.0178405 0.0885557 
0.0102291 -0.0185145 0.000811187 -0.000943834 -0.0185145 0.0900775 -0.000938732 0.00232132 0.000811187 -0.000938732 0.00958119 -0.0178053 -0.000943834 0.00232132 -0.0178053 0.0884857 
0.0102419 -0.0185648 0.000809379 -0.000921368 -0.0185648 0.0902177 -0.000906097 0.00226015 0.000809379 -0.000906097 0.00958019 -0.0178165 -0.000921368 0.00226015 -0.0178165 0.0884717 
0.0102074 -0.0185673 0.000806386 -0.000882941 -0.0185673 0.0902693 -0.000872734 0.00212825 0.000806386 -0.000872734 0.00961538 -0.0178375 -0.000882941 0.00212825 -0.0178375 0.0885034 
0.0101927 -0.0185261 0.000803465 -0.000849819 -0.0185261 0.0902302 -0.000844669 0.00200866 0.000803465 -0.000844669 0.00956948 -0.0178616 -0.000849819 0.00200866 -0.0178616 0.0885254 
0.0101877 -0.0185283 0.000812327 -0.000879589 -0.0185283 0.0902148 -0.000879589 0.00205927 0.000812327 -0.000879589 0.00953578 -0.0177884 -0.000879589 0.00205927 -0.0177884 0.0884246 
0.0101472 -0.0185087 0.000827815 -0.000890291 -0.0185087 0.0901745 -0.000900704 0.00210338 0.000827815 -0.000900704 0.00951726 -0.0177381 -0.000890291 0.00210338 -0.0177381 0.088269 
0.0100867 -0.0184604 0.000830612 -0.000924056 -0.0184604 0.0900695 -0.000934439 0.00220112 0.000830612 -0.000934439 0.00956761 -0.0177232 -0.000924056 0.00220112 -0.0177232 0.0881799 
