0.0069366 0 -0.00117766 0 0 0.00999306 0 0 -0.00117766 0 0.00788961 0 0 0 0 0.00999306 
0.00984807 -0.0122482 -0.00144133 0.00175682 -0.0122482 0.0326743 0.00175682 -0.00337136 -0.00144133 0.00175682 0.0110482 -0.0136957 0.00175682 -0.00337136 -0.0136957 0.0354518 
0.00990191 -0.0187863 -0.00128427 0.00196053 -0.0187863 0.0693506 0.00196053 -0.00612975 -0.00128427 0.00196053 0.0111365 -0.0205483 0.00196053 -0.00612975 -0.0205483 0.0748103 
0.00933368 -0.0186853 -0.00128988 0.0014332 -0.0186853 0.0843316 0.00142722 -0.00452054 -0.00128988 0.00142722 0.010534 -0.0198498 0.0014332 -0.00452054 -0.0198498 0.0877115 
0.00925311 -0.0179269 -0.00142875 0.00147937 -0.0179269 0.0874855 0.00145125 -0.00363937 -0.00142875 0.00145125 0.010575 -0.0191081 0.00147937 -0.00363937 -0.0191081 0.0901461 
0.00941009 -0.0177597 -0.00153964 0.00165807 -0.0177597 0.0881685 0.00162577 -0.00377911 -0.00153964 0.00162577 0.0107505 -0.0191217 0.00165807 -0.00377911 -0.0191217 0.0911562 
0.00956648 -0.0178275 -0.0015509 0.00178066 -0.0178275 0.0885422 0.00174411 -0.00412528 -0.0015509 0.00174411 0.0108563 -0.0193314 0.00178066 -0.00412528 -0.0193314 0.0920304 
0.00966864 -0.0179897 -0.00154227 0.00177284 -0.0179897 0.0889341 0.00175235 -0.00426814 -0.00154227 0.00175235 0.0108215 -0.0193322 0.00177284 -0.00426814 -0.0193322 0.0922441 
0.00969134 -0.0180983 -0.001523 0.00174637 -0.0180983 0.0892426 0.00174129 -0.00426439 -0.001523 0.00174129 0.0107574 -0.0192202 0.00174637 -0.00426439 -0.0192202 0.0920296 
0.00966358 -0.0180665 -0.00147666 0.00172779 -0.0180665 0.0892626 0.00172779 -0.00421903 -0.00147666 0.00172779 0.0107686 -0.0191916 0.00172779 -0.00421903 -0.0191916 0.0919296 
0.00963649 -0.0180111 -0.00146143 0.00165596 -0.0180111 0.0891225 0.00166594 -0.00408004 -0.00146143 0.00166594 0.0107787 -0.0192131 0.00165596 -0.00408004 -0.0192131 0.0919506 
0.00956357 -0.0179923 -0.00139979 0.00162976 -0.0179923 0.0890416 0.00162976 -0.00396441 -0.00139979 0.00162976 0.0108184 -0.0192371 0.00162976 -0.00396441 -0.0192371 0.0919962 
0.00955737 -0.0178852 -0.00138383 0.0015929 -0.0178852 0.0888587 0.00158792 -0.00388268 -0.00138383 0.00158792 0.0108367 -0.0193288 0.0015929 -0.00388268 -0.0193288 0.0922287 
0.00956596 -0.0178894 -0.00138724 0.00157187 -0.0178894 0.0887733 0.00156688 -0.00381241 -0.00138724 0.00156688 0.0108434 -0.0193515 0.00157187 -0.00381241 -0.0193515 0.0923762 
0.00958166 -0.0179124 -0.00141098 0.0015761 -0.0179124 0.0888367 0.0015861 -0.00383266 -0.00141098 0.0015861 0.0108325 -0.0193484 0.0015761 -0.00383266 -0.0193484 0.0924092 
0.00956309 -0.017932 -0.00137977 0.00160054 -0.017932 0.0888876 0.00161057 -0.00386337 -0.00137977 0.00161057 0.0108375 -0.0193369 0.00160054 -0.00386337 -0.0193369 0.0923847 
0.00954072 -0.0179177 -0.00134433 0.00156002 -0.0179177 0.0889013 0.00156504 -0.00381729 -0.00134433 0.00156504 0.010865 -0.0193423 0.00156002 -0.00381729 -0.0193423 0.0923875 
0.00950792 -0.0178751 -0.00131664 0.00151765 -0.0178751 0.0888176 0.00151765 -0.00371372 -0.00131664 0.00151765 0.010915 -0.0193927 0.00151765 -0.00371372 -0.0193927 0.0924861 
0.00948407 -0.0178335 -0.00129032 0.00149616 -0.0178335 0.0887105 0.00149114 -0.00364502 -0.00129032 0.00149114 0.0109652 -0.0194501 0.00149616 -0.00364502 -0.0194501 0.0926266 
0.00949099 -0.0178249 -0.00129173 0.00148125 -0.0178249 0.0886956 0.00146629 -0.00360089 -0.00129173 0.00146629 0.0109772 -0.0194658 0.00148125 -0.00360089 -0.0194658 0.0926306 
0.00953534 -0.0178646 -0.0012605 0.001478 -0.0178646 0.0887741 0.00146317 -0.00358873 -0.0012605 0.00146317 0.0109936 -0.0194859 0.001478 -0.00358873 -0.0194859 0.0926792 
0.00952405 -0.0179308 -0.00123644 0.00142017 -0.0179308 0.0889143 0.00140527 -0.00346103 -0.00123644 0.00140527 0.0109839 -0.0194751 0.00142017 -0.00346103 -0.0194751 0.0926186 
0.00948657 -0.0179157 -0.00119206 0.00136662 -0.0179157 0.0889653 0.00136662 -0.00331681 -0.00119206 0.00136662 0.0109978 -0.0194769 0.00136662 -0.00331681 -0.0194769 0.0926262 
0.00945684 -0.0178507 -0.00113782 0.00131747 -0.0178507 0.0888494 0.00133244 -0.00320884 -0.00113782 0.00133244 0.0110139 -0.0195125 0.00131747 -0.00320884 -0.0195125 0.0927369 
0.00942195 -0.0178065 -0.00110758 0.0012429 -0.0178065 0.0886816 0.00126795 -0.00306715 -0.00110758 0.00126795 0.0109956 -0.0195155 0.0012429 -0.00306715 -0.0195155 0.0927511 
0.00941956 -0.0177465 -0.00112755 0.00125228 -0.0177465 0.0885429 0.00127224 -0.0030434 -0.00112755 0.00127224 0.0110161 -0.0195376 0.00125228 -0.0030434 -0.0195376 0.0928485 
0.00943812 -0.0177318 -0.00110978 0.00129805 -0.0177318 0.0884558 0.00130301 -0.00313118 -0.00110978 0.00130301 0.0110731 -0.0195996 0.00129805 -0.00313118 -0.0195996 0.0930188 
0.00950787 -0.0178199 -0.00111713 0.00127953 -0.0178199 0.088627 0.00126969 -0.00312992 -0.00111713 0.00126969 0.0110876 -0.0196112 0.00127953 -0.00312992 -0.0196112 0.0930266 
0.00951297 -0.0179228 -0.00111306 0.00125158 -0.0179228 0.0888916 0.00124168 -0.00302753 -0.00111306 0.00124168 0.0110465 -0.0195553 0.00125158 -0.00302753 -0.0195553 0.0928393 
0.00944444 -0.0179134 -0.00110052 0.00122558 -0.0179134 0.0889568 0.00121557 -0.00294638 -0.00110052 0.00121557 0.0110102 -0.0195092 0.00122558 -0.00294638 -0.0195092 0.0927386 
0.00940475 -0.017819 -0.00107554 0.00123062 -0.017819 0.0888299 0.00123062 -0.00294649 -0.00107554 0.00123062 0.0110156 -0.0195099 0.00123062 -0.00294649 -0.0195099 0.0927368 
0.00939744 -0.0177507 -0.00105915 0.00121402 -0.0177507 0.0886137 0.00121902 -0.00295262 -0.00105915 0.00121902 0.0110261 -0.0195393 0.00121402 -0.00295262 -0.0195393 0.0928153 
0.00938995 -0.0177617 -0.00108346 0.00120384 -0.0177617 0.0885475 0.00120384 -0.00293436 -0.00108346 0.00120384 0.010985 -0.0194872 0.00120384 -0.00293436 -0.0194872 0.0926807 
0.00937962 -0.0177393 -0.00108496 0.00120995 -0.0177393 0.0885065 0.00120995 -0.00289988 -0.00108496 0.00120995 0.0109746 -0.0194492 0.00120995 -0.00289988 -0.0194492 0.0925763 
0.00933133 -0.0176778 -0.00105021 0.00120096 -0.0176778 0.0883487 0.00120599 -0.0028793 -0.00105021 0.00120599 0.0109845 -0.0194817 0.00120096 -0.0028793 -0.0194817 0.09264 
0.0093097 -0.0176275 -0.00100196 0.00119329 -0.0176275 0.088203 0.00118826 -0.00287498 -0.00100196 0.00118826 0.0109914 -0.0195005 0.00119329 -0.00287498 -0.0195005 0.0927194 
0.00930484 -0.0175999 -0.0010047 0.00113597 -0.0175999 0.0881057 0.00113092 -0.00278691 -0.0010047 0.00113092 0.010976 -0.0195033 0.00113597 -0.00278691 -0.0195033 0.0927303 
0.00930492 -0.0175912 -0.00102374 0.00112004 -0.0175912 0.0880318 0.0011251 -0.00272154 -0.00102374 0.0011251 0.0109419 -0.0194663 0.00112004 -0.00272154 -0.0194663 0.092664 
0.00933255 -0.0175972 -0.00106788 0.00117922 -0.0175972 0.0880317 0.00117922 -0.00281394 -0.00106788 0.00117922 0.0108913 -0.0194091 0.00117922 -0.00281394 -0.0194091 0.0925309 
0.00935399 -0.0176093 -0.00108861 0.00124485 -0.0176093 0.0880616 0.00124485 -0.00298864 -0.00108861 0.00124485 0.0108962 -0.0193833 0.00124485 -0.00298864 -0.0193833 0.0924765 
0.00937862 -0.0176654 -0.0010566 0.00123774 -0.0176654 0.0881862 0.0012327 -0.00300881 -0.0010566 0.0012327 0.0108981 -0.019356 0.00123774 -0.00300881 -0.019356 0.0923774 
0.00937102 -0.0177008 -0.00103112 0.00120297 -0.0177008 0.0882817 0.00119286 -0.00295182 -0.00103112 0.00119286 0.0108722 -0.0193385 0.00120297 -0.00295182 -0.0193385 0.0922697 
0.00938292 -0.0177182 -0.00103749 0.00117413 -0.0177182 0.0883938 0.00117413 -0.00288472 -0.00103749 0.00117413 0.0108253 -0.019277 0.00117413 -0.00288472 -0.019277 0.0920984 
0.00939039 -0.0177098 -0.00109132 0.00117253 -0.0177098 0.0883965 0.00117761 -0.00284757 -0.00109132 0.00117761 0.0107812 -0.0192427 0.00117253 -0.00284757 -0.0192427 0.0920004 
0.00944084 -0.0177168 -0.00118517 0.00126114 -0.0177168 0.0884167 0.00126114 -0.00300344 -0.00118517 0.00126114 0.0107324 -0.0191957 0.00126114 -0.00300344 -0.0191957 0.0918861 
0.00945505 -0.0177593 -0.00125729 0.00138404 -0.0177593 0.0884821 0.0013739 -0.00326491 -0.00125729 0.0013739 0.0107174 -0.0191535 0.00138404 -0.00326491 -0.0191535 0.0918027 
0.00947493 -0.0177744 -0.0012971 0.00148457 -0.0177744 0.0885222 0.00147444 -0.00353663 -0.0012971 0.00147444 0.0107163 -0.0191475 0.00148457 -0.00353663 -0.0191475 0.0917852 
0.00950751 -0.0177819 -0.00128847 0.00153509 -0.0177819 0.0885422 0.00152503 -0.00373959 -0.00128847 0.00152503 0.0107557 -0.0191912 0.00153509 -0.00373959 -0.0191912 0.0919043 
0.00946529 -0.0178487 -0.00123789 0.00148949 -0.0178487 0.0886547 0.00147942 -0.0036885 -0.00123789 0.00147942 0.0107988 -0.0191721 0.00148949 -0.0036885 -0.0191721 0.0918501 
0.00946105 -0.0178179 -0.00123972 0.00142041 -0.0178179 0.0886879 0.00142041 -0.00355354 -0.00123972 0.00142041 0.0108212 -0.0192283 0.00142041 -0.00355354 -0.0192283 0.0919202 
0.00947641 -0.0178255 -0.00125815 0.0014041 -0.0178255 0.0887199 0.00140913 -0.00344734 -0.00125815 0.00140913 0.0107849 -0.0192447 0.0014041 -0.00344734 -0.0192447 0.0919559 
0.00953136 -0.0178287 -0.00131432 0.00144475 -0.0178287 0.0887169 0.00144977 -0.0034965 -0.00131432 0.00144977 0.0107704 -0.0192433 0.00144475 -0.0034965 -0.0192433 0.0920177 
0.00958581 -0.0178715 -0.00135512 0.00152513 -0.0178715 0.0887725 0.00152513 -0.00366031 -0.00135512 0.00152513 0.0107609 -0.0192566 0.00152513 -0.00366031 -0.0192566 0.0921028 
0.00962649 -0.0179684 -0.00139949 0.00156443 -0.0179684 0.0889625 0.00156443 -0.00377862 -0.00139949 0.00156443 0.0107311 -0.019213 0.00156443 -0.00377862 -0.019213 0.0920114 
0.00963182 -0.0179851 -0.00143399 0.0016145 -0.0179851 0.089038 0.0016145 -0.00389585 -0.00143399 0.0016145 0.0107349 -0.0192185 0.0016145 -0.00389585 -0.0192185 0.0920514 
0.00960744 -0.0179988 -0.00142896 0.00163164 -0.0179988 0.0890969 0.00162658 -0.00393723 -0.00142896 0.00162658 0.0107121 -0.0191946 0.00163164 -0.00393723 -0.0191946 0.0920004 
0.00962006 -0.0179598 -0.00144731 0.00164467 -0.0179598 0.089045 0.00163455 -0.00397757 -0.00144731 0.00163455 0.0107081 -0.0191946 0.00164467 -0.00397757 -0.0191946 0.0920206 
0.00970766 -0.0179775 -0.00147299 0.001659 -0.0179775 0.089033 0.001659 -0.00402182 -0.00147299 0.001659 0.0106729 -0.0191891 0.001659 -0.00402182 -0.0191891 0.0920041 
0.00974065 -0.0181013 -0.0014754 0.00170123 -0.0181013 0.0892266 0.00170123 -0.00412008 -0.0014754 0.00170123 0.010654 -0.019115 0.00170123 -0.00412008 -0.019115 0.0918361 
0.00971819 -0.0181764 -0.00144066 0.00167659 -0.0181764 0.0895017 0.00168161 -0.00410112 -0.00144066 0.00168161 0.010677 -0.0190499 0.00167659 -0.00410112 -0.0190499 0.09161 
0.00970329 -0.0181435 -0.00143344 0.00165898 -0.0181435 0.0895449 0.00164896 -0.00406977 -0.00143344 0.00164896 0.0107007 -0.0191008 0.00165898 -0.00406977 -0.0191008 0.0916399 
0.00967537 -0.0181192 -0.00143843 0.00163023 -0.0181192 0.0894858 0.00162013 -0.00397715 -0.00143843 0.00162013 0.0106797 -0.0191085 0.00163023 -0.00397715 -0.0191085 0.0916409 
0.00962132 -0.0180589 -0.0014265 0.00161873 -0.0180589 0.0893386 0.00161873 -0.00392542 -0.0014265 0.00161873 0.0106786 -0.019101 0.00161873 -0.00392542 -0.019101 0.0916555 
0.009587 -0.017982 -0.00140508 0.00160798 -0.017982 0.0891337 0.00159783 -0.0038906 -0.00140508 0.00159783 0.0106471 -0.0190928 0.00160798 -0.0038906 -0.0190928 0.0916243 
0.00958814 -0.0179352 -0.00141915 0.00160226 -0.0179352 0.0889688 0.00160735 -0.00389121 -0.00141915 0.00160735 0.0106004 -0.0190593 0.00160226 -0.00389121 -0.0190593 0.091568 
0.00959019 -0.0179209 -0.00140616 0.00162366 -0.0179209 0.088856 0.00162871 -0.00393522 -0.00140616 0.00162871 0.0105917 -0.0190185 0.00162366 -0.00393522 -0.0190185 0.0915165 
0.00957697 -0.0179164 -0.00136886 0.00158606 -0.0179164 0.0888142 0.00158606 -0.00386412 -0.00136886 0.00158606 0.0105973 -0.0190075 0.00158606 -0.00386412 -0.0190075 0.0914509 
0.00951467 -0.0178924 -0.00132892 0.00152598 -0.0178924 0.0887497 0.00153104 -0.00372401 -0.00132892 0.00153104 0.0106314 -0.0190142 0.00152598 -0.00372401 -0.0190142 0.0914429 
0.00952085 -0.017829 -0.00132791 0.0015083 -0.017829 0.0886742 0.0015083 -0.00367805 -0.00132791 0.0015083 0.0106734 -0.0190718 0.0015083 -0.00367805 -0.0190718 0.0915756 
0.00954747 -0.0178199 -0.00135532 0.00150591 -0.0178199 0.0885977 0.00150591 -0.00365434 -0.00135532 0.00150591 0.0106568 -0.0191251 0.00150591 -0.00365434 -0.0191251 0.091715 
0.00956283 -0.0178469 -0.00136898 0.00155452 -0.0178469 0.0885978 0.00155452 -0.00374089 -0.00136898 0.00155452 0.010641 -0.0191206 0.00155452 -0.00374089 -0.0191206 0.0917971 
0.00958292 -0.0178855 -0.00136542 0.00157048 -0.0178855 0.088687 0.00158048 -0.00381616 -0.00136542 0.00158048 0.0106182 -0.0190758 0.00157048 -0.00381616 -0.0190758 0.091723 
0.00959522 -0.0179566 -0.0013643 0.00154487 -0.0179566 0.088875 0.0015549 -0.00378191 -0.0013643 0.0015549 0.0105532 -0.0189898 0.00154487 -0.00378191 -0.0189898 0.0914631 
0.00954735 -0.0179222 -0.00135013 0.00153793 -0.0179222 0.0888447 0.00154301 -0.00372555 -0.00135013 0.00154301 0.0105168 -0.0189526 0.00153793 -0.00372555 -0.0189526 0.0913419 
0.00954348 -0.0178253 -0.00137862 0.00156175 -0.0178253 0.0886536 0.00155667 -0.00378992 -0.00137862 0.00155667 0.0105049 -0.0189649 0.00156175 -0.00378992 -0.0189649 0.091416 
0.00958049 -0.0178299 -0.00139684 0.00159422 -0.0178299 0.088598 0.00158916 -0.00385649 -0.00139684 0.00158916 0.0104915 -0.0189383 0.00159422 -0.00385649 -0.0189383 0.0913765 
0.00961514 -0.0179337 -0.00138303 0.00160168 -0.0179337 0.0887888 0.00159659 -0.00387961 -0.00138303 0.00159659 0.0104592 -0.0188591 0.00160168 -0.00387961 -0.0188591 0.091143 
0.00959993 -0.0179541 -0.00136779 0.00158643 -0.0179541 0.0889062 0.00158643 -0.00387455 -0.00136779 0.00158643 0.0104593 -0.0188134 0.00158643 -0.00387455 -0.0188134 0.0909807 
0.00955318 -0.0179269 -0.00134796 0.0015522 -0.0179269 0.0888686 0.0015522 -0.00380902 -0.00134796 0.0015522 0.0104671 -0.0188153 0.0015522 -0.00380902 -0.0188153 0.0909161 
0.00950556 -0.0178817 -0.00132362 0.00153315 -0.0178817 0.0888003 0.00152804 -0.0037409 -0.00132362 0.00152804 0.0104817 -0.0188118 0.00153315 -0.0037409 -0.0188118 0.0908905 
0.00951389 -0.0178175 -0.00131244 0.00148607 -0.0178175 0.0886533 0.00149117 -0.00365133 -0.00131244 0.00149117 0.0104535 -0.0188133 0.00148607 -0.00365133 -0.0188133 0.0908645 
0.00951251 -0.017757 -0.00129346 0.00149206 -0.017757 0.0884337 0.00150224 -0.00364103 -0.00129346 0.00150224 0.0104444 -0.0188366 0.00149206 -0.00364103 -0.0188366 0.0909596 
0.00952159 -0.0177445 -0.0013037 0.00150661 -0.0177445 0.0883017 0.00150661 -0.00368283 -0.0013037 0.00150661 0.0104448 -0.0188606 0.00150661 -0.00368283 -0.0188606 0.0910663 
0.00952679 -0.0177807 -0.00126788 0.00150529 -0.0177807 0.0883577 0.00151035 -0.00368746 -0.00126788 0.00151035 0.0104663 -0.0188414 0.00150529 -0.00368746 -0.0188414 0.0910501 
0.00951276 -0.0178193 -0.0012214 0.0014444 -0.0178193 0.0884681 0.00144947 -0.00358312 -0.0012214 0.00144947 0.0104757 -0.018838 0.0014444 -0.00358312 -0.018838 0.0910174 
0.0095224 -0.0178258 -0.00123429 0.0013873 -0.0178258 0.0885731 0.0013822 -0.00342235 -0.00123429 0.0013822 0.0104405 -0.0188306 0.0013873 -0.00342235 -0.0188306 0.0909652 
0.00952249 -0.0178163 -0.00125431 0.00141302 -0.0178163 0.0885643 0.00139766 -0.00340455 -0.00125431 0.00139766 0.0104235 -0.0188197 0.00141302 -0.00340455 -0.0188197 0.0909705 
0.00954984 -0.0178277 -0.0012822 0.00145658 -0.0178277 0.0885899 0.00145145 -0.00350811 -0.0012822 0.00145145 0.010391 -0.0187766 0.00145658 -0.00350811 -0.0187766 0.0908876 
0.00950879 -0.0178258 -0.00121236 0.00148462 -0.0178258 0.0885586 0.00147949 -0.00359598 -0.00121236 0.00147949 0.0104181 -0.0187607 0.00148462 -0.00359598 -0.0187607 0.0908241 
0.00946426 -0.0178151 -0.00114437 0.00136603 -0.0178151 0.0885599 0.00136603 -0.00340218 -0.00114437 0.00136603 0.0104024 -0.0187069 0.00136603 -0.00340218 -0.0187069 0.0906167 
0.00942803 -0.0177306 -0.0011152 0.00130447 -0.0177306 0.0883871 0.00130959 -0.0032484 -0.0011152 0.00130959 0.0104307 -0.0187333 0.00130447 -0.0032484 -0.0187333 0.0906277 
0.00944546 -0.0177077 -0.00113223 0.00128524 -0.0177077 0.088314 0.00129034 -0.00318249 -0.00113223 0.00129034 0.0104196 -0.018743 0.00128524 -0.00318249 -0.018743 0.0906295 
0.00945776 -0.0177391 -0.00116103 0.00131001 -0.0177391 0.0883306 0.00131001 -0.00317485 -0.00116103 0.00131001 0.0103671 -0.0187203 0.00131001 -0.00317485 -0.0187203 0.0905756 
0.00945763 -0.0177279 -0.00115639 0.0013474 -0.0177279 0.0883039 0.00134224 -0.00324719 -0.00115639 0.00134224 0.0103507 -0.0186984 0.0013474 -0.00324719 -0.0186984 0.0905754 
0.00943069 -0.0176761 -0.00113355 0.00133023 -0.0176761 0.0881578 0.00132506 -0.00325053 -0.00113355 0.00132506 0.0103675 -0.0187216 0.00133023 -0.00325053 -0.0187216 0.0906682 
0.00945083 -0.0176495 -0.00117491 0.00131405 -0.0176495 0.0880721 0.00130374 -0.0032104 -0.00117491 0.00130374 0.0103475 -0.0187213 0.00131405 -0.0032104 -0.0187213 0.090695 
0.00951018 -0.0176721 -0.00124024 0.00135345 -0.0176721 0.088067 0.00134831 -0.00326269 -0.00124024 0.00134831 0.0102976 -0.0187116 0.00135345 -0.00326269 -0.0187116 0.0906813 
0.00960486 -0.0177828 -0.00130417 0.00147295 -0.0177828 0.0882798 0.00146784 -0.0035136 -0.00130417 0.00146784 0.0102595 -0.018642 0.00147295 -0.0035136 -0.018642 0.0905608 
0.00963725 -0.0178919 -0.00132115 0.00151062 -0.0178919 0.0885684 0.0015311 -0.00367158 -0.00132115 0.0015311 0.0102261 -0.0185678 0.00151062 -0.00367158 -0.0185678 0.0903505 
0.00966838 -0.0179512 -0.00132444 0.00154348 -0.0179512 0.088783 0.00155876 -0.00378483 -0.00132444 0.00155876 0.0102236 -0.018537 0.00154348 -0.00378483 -0.018537 0.0902399 
0.0096333 -0.0179852 -0.00129159 0.00152132 -0.0179852 0.0888949 0.00153663 -0.00376245 -0.00129159 0.00153663 0.0102459 -0.0185264 0.00152132 -0.00376245 -0.0185264 0.0901712 
0.00958815 -0.0179579 -0.00129042 0.00147549 -0.0179579 0.0889101 0.00147549 -0.00365018 -0.00129042 0.00147549 0.0102616 -0.0185439 0.00147549 -0.00365018 -0.0185439 0.0901543 
0.0095366 -0.017885 -0.00129669 0.0014775 -0.017885 0.0887896 0.00148267 -0.0036111 -0.00129669 0.00148267 0.010265 -0.0185566 0.0014775 -0.0036111 -0.0185566 0.0901896 
0.0095592 -0.017828 -0.001342 0.00150201 -0.017828 0.0886343 0.00149169 -0.00364406 -0.001342 0.00149169 0.010225 -0.018561 0.00150201 -0.00364406 -0.018561 0.0902034 
0.00959799 -0.017819 -0.00139243 0.00157226 -0.017819 0.0885297 0.00155171 -0.00376624 -0.00139243 0.00155171 0.0102043 -0.0185486 0.00157226 -0.00376624 -0.0185486 0.0902561 
0.0096396 -0.0178498 -0.00140879 0.00163068 -0.0178498 0.0885058 0.0016152 -0.00391157 -0.00140879 0.0016152 0.0101556 -0.0185464 0.00163068 -0.00391157 -0.0185464 0.0902706 
0.00966066 -0.0179346 -0.00140744 0.00164029 -0.0179346 0.0886742 0.00162477 -0.00397914 -0.00140744 0.00162477 0.0101315 -0.018452 0.00164029 -0.00397914 -0.018452 0.0900765 
0.0096936 -0.017936 -0.00144603 0.00166294 -0.017936 0.0887659 0.00165778 -0.00406439 -0.00144603 0.00165778 0.0100964 -0.0184369 0.00166294 -0.00406439 -0.0184369 0.089995 
0.00972536 -0.0179776 -0.00145751 0.00169092 -0.0179776 0.0888197 0.00168573 -0.00413911 -0.00145751 0.00168573 0.0100625 -0.0183978 0.00169092 -0.00413911 -0.0183978 0.0899245 
0.00975161 -0.0180157 -0.00144621 0.00169414 -0.0180157 0.0889112 0.00169414 -0.00416819 -0.00144621 0.00169414 0.0100409 -0.0183463 0.00169414 -0.00416819 -0.0183463 0.0897944 
0.00977964 -0.0180484 -0.00145435 0.00168561 -0.0180484 0.088988 0.00169589 -0.00418834 -0.00145435 0.00169589 0.0100315 -0.0183105 0.00168561 -0.00418834 -0.0183105 0.0896767 
0.00977294 -0.0180511 -0.00144842 0.00165975 -0.0180511 0.0890183 0.00167521 -0.00411845 -0.00144842 0.00167521 0.0100204 -0.0183191 0.00165975 -0.00411845 -0.0183191 0.0896626 
0.00976618 -0.0180584 -0.00145333 0.00168009 -0.0180584 0.0890449 0.00168525 -0.00411262 -0.00145333 0.00168525 0.0100393 -0.0183212 0.00168009 -0.00411262 -0.0183212 0.0896942 
0.00976394 -0.0180447 -0.00145223 0.00169427 -0.0180447 0.089029 0.00170972 -0.00416615 -0.00145223 0.00170972 0.0100575 -0.0183589 0.00169427 -0.00416615 -0.0183589 0.0897757 
0.00976554 -0.0180619 -0.00143324 0.00168495 -0.0180619 0.089056 0.00168495 -0.0041456 -0.00143324 0.00168495 0.010084 -0.018365 0.00168495 -0.0041456 -0.018365 0.0897906 
0.00972557 -0.0180764 -0.00140549 0.00164658 -0.0180764 0.0891152 0.00164145 -0.00405745 -0.00140549 0.00164145 0.0100949 -0.0183483 0.00164658 -0.00405745 -0.0183483 0.0897153 
0.0097188 -0.0180638 -0.00135338 0.00159852 -0.0180638 0.0891495 0.00159341 -0.00393246 -0.00135338 0.00159341 0.0100916 -0.0183243 0.00159852 -0.00393246 -0.0183243 0.0896091 
0.00966568 -0.0180187 -0.00133832 0.0015383 -0.0180187 0.089037 0.00152805 -0.00377397 -0.00133832 0.00152805 0.0100964 -0.0183468 0.0015383 -0.00377397 -0.0183468 0.0896267 
0.00959801 -0.0179139 -0.00131818 0.00153959 -0.0179139 0.0888176 0.00152415 -0.00373828 -0.00131818 0.00152415 0.0101335 -0.0183979 0.00153959 -0.00373828 -0.0183979 0.0897753 
0.00958407 -0.0178469 -0.00130575 0.00152767 -0.0178469 0.0886204 0.00151735 -0.00374176 -0.00130575 0.00151735 0.0101311 -0.0184353 0.00152767 -0.00374176 -0.0184353 0.08989 
0.00958228 -0.0178371 -0.00128593 0.00149334 -0.0178371 0.0885272 0.00149334 -0.00367113 -0.00128593 0.00149334 0.0100852 -0.0184075 0.00149334 -0.00367113 -0.0184075 0.0898598 
0.00959969 -0.0178405 -0.00129167 0.001488 -0.0178405 0.0885052 0.0015035 -0.00366834 -0.00129167 0.0015035 0.0100647 -0.018352 0.001488 -0.00366834 -0.018352 0.0897555 
0.00962043 -0.0178467 -0.00130673 0.00150737 -0.0178467 0.0885182 0.00152281 -0.00371441 -0.00130673 0.00152281 0.0100629 -0.0183406 0.00150737 -0.00371441 -0.0183406 0.0897015 
0.00964284 -0.0178531 -0.001335 0.00155579 -0.0178531 0.0885262 0.00156606 -0.0038407 -0.001335 0.00156606 0.0100793 -0.0183768 0.00155579 -0.0038407 -0.0183768 0.0897841 
0.00965211 -0.0178783 -0.00131784 0.00155978 -0.0178783 0.0885523 0.00155463 -0.00384025 -0.00131784 0.00155463 0.0100691 -0.0183879 0.00155978 -0.00384025 -0.0183879 0.0898393 
0.00967687 -0.017947 -0.00129849 0.00151491 -0.017947 0.0887201 0.00150976 -0.00373575 -0.00129849 0.00150976 0.0100273 -0.018318 0.00151491 -0.00373575 -0.018318 0.0896837 
0.00965658 -0.017952 -0.00124816 0.00147931 -0.017952 0.0887634 0.00148444 -0.0036469 -0.00124816 0.00148444 0.0100469 -0.0182859 0.00147931 -0.0036469 -0.0182859 0.0895956 
0.00964355 -0.0179175 -0.00124084 0.00143134 -0.0179175 0.0887228 0.00144164 -0.00355777 -0.00124084 0.00144164 0.0100349 -0.0182986 0.00143134 -0.00355777 -0.0182986 0.0895568 
0.00966636 -0.0178828 -0.00127514 0.00144481 -0.0178828 0.0886374 0.00144481 -0.00353748 -0.00127514 0.00144481 0.0100108 -0.0183198 0.00144481 -0.00353748 -0.0183198 0.0896349 
0.00968302 -0.0179231 -0.00128317 0.00147899 -0.0179231 0.0886571 0.00147899 -0.00358669 -0.00128317 0.00147899 0.00998191 -0.0182735 0.00147899 -0.00358669 -0.0182735 0.0895744 
0.0096878 -0.0179828 -0.00124838 0.00148567 -0.0179828 0.0888255 0.00148051 -0.003611 -0.00124838 0.00148051 0.00996637 -0.0182046 0.00148567 -0.003611 -0.0182046 0.0893826 
0.00970463 -0.0179765 -0.0012163 0.00145338 -0.0179765 0.0888724 0.00144822 -0.00359736 -0.0012163 0.00144822 0.00994686 -0.018193 0.00145338 -0.00359736 -0.018193 0.0893053 
0.00969714 -0.0179875 -0.00118952 0.00140156 -0.0179875 0.0888879 0.00139639 -0.00346511 -0.00118952 0.00139639 0.00994021 -0.0181686 0.00140156 -0.00346511 -0.0181686 0.0892292 
0.00965852 -0.0179306 -0.00116837 0.0013605 -0.0179306 0.0887701 0.00135531 -0.00336491 -0.00116837 0.00135531 0.00994413 -0.0181902 0.0013605 -0.00336491 -0.0181902 0.0892998 
0.00962631 -0.0178975 -0.0011414 0.00133945 -0.0178975 0.0886538 0.00133945 -0.00328347 -0.0011414 0.00133945 0.00995987 -0.0181998 0.00133945 -0.00328347 -0.0181998 0.0893209 
0.00959027 -0.0178253 -0.00111636 0.00131886 -0.0178253 0.0884725 0.00131886 -0.00324522 -0.00111636 0.00131886 0.00999008 -0.0182303 0.00131886 -0.00324522 -0.0182303 0.0894071 
0.00961085 -0.0177969 -0.00114501 0.00131599 -0.0177969 0.088368 0.00131599 -0.00324334 -0.00114501 0.00131599 0.00997871 -0.0182684 0.00131599 -0.00324334 -0.0182684 0.0894716 
0.00962588 -0.0178545 -0.00115925 0.0013145 -0.0178545 0.0884495 0.00132485 -0.00322933 -0.00115925 0.00132485 0.00998815 -0.0182271 0.0013145 -0.00322933 -0.0182271 0.089412 
0.00961888 -0.0178666 -0.00121015 0.00135038 -0.0178666 0.0885072 0.00136077 -0.00330324 -0.00121015 0.00136077 0.00999283 -0.0182406 0.00135038 -0.00330324 -0.0182406 0.0894109 
0.00967157 -0.0178668 -0.00125363 0.00141939 -0.0178668 0.088562 0.00141939 -0.00342934 -0.00125363 0.00141939 0.00995649 -0.0182501 0.00141939 -0.00342934 -0.0182501 0.0894322 
0.00972432 -0.0179466 -0.00129038 0.00148652 -0.0179466 0.0887112 0.00148652 -0.00361307 -0.00129038 0.00148652 0.00994627 -0.0182047 0.00148652 -0.00361307 -0.0182047 0.0893874 
0.00975509 -0.0180102 -0.00128792 0.0015155 -0.0180102 0.0888665 0.00151033 -0.00370859 -0.00128792 0.00151033 0.00992578 -0.0181912 0.0015155 -0.00370859 -0.0181912 0.0893423 
0.00975494 -0.0180183 -0.00128517 0.0015226 -0.0180183 0.0889196 0.00152776 -0.00376778 -0.00128517 0.00152776 0.00994591 -0.0182041 0.0015226 -0.00376778 -0.0182041 0.0893687 
0.00973728 -0.0180355 -0.00125275 0.00149605 -0.0180355 0.0889867 0.00149605 -0.00371166 -0.00125275 0.00149605 0.00993917 -0.0181752 0.00149605 -0.00371166 -0.0181752 0.0892869 
0.00969176 -0.0180354 -0.00121277 0.00143659 -0.0180354 0.0890111 0.00143138 -0.00357585 -0.00121277 0.00143138 0.0099416 -0.0181499 0.00143659 -0.00357585 -0.0181499 0.0891777 
0.00965386 -0.0179234 -0.00119628 0.00138957 -0.0179234 0.0887601 0.00136868 -0.00341646 -0.00119628 0.00136868 0.00993073 -0.018195 0.00138957 -0.00341646 -0.018195 0.089246 
0.0096485 -0.0178383 -0.00120346 0.00137538 -0.0178383 0.0884828 0.00137538 -0.0033603 -0.00120346 0.00137538 0.0099194 -0.0181977 0.00137538 -0.0033603 -0.0181977 0.0893163 
0.00966357 -0.0178492 -0.00119689 0.00141025 -0.0178492 0.0884344 0.00141025 -0.00342934 -0.00119689 0.00141025 0.00989254 -0.0181615 0.00141025 -0.00342934 -0.0181615 0.0892618 
0.00963528 -0.0178688 -0.00116728 0.0014122 -0.0178688 0.0884424 0.00141741 -0.00349663 -0.00116728 0.00141741 0.00991146 -0.0181398 0.0014122 -0.00349663 -0.0181398 0.0892136 
0.00966659 -0.017862 -0.00118113 0.00137798 -0.017862 0.0884705 0.00138834 -0.00347086 -0.00118113 0.00138834 0.00992043 -0.0181572 0.00137798 -0.00347086 -0.0181572 0.0892217 
