0.006698 0 0.00188123 0 0 0.00998498 0 0 0.00188123 0 0.00755247 0 0 0 0 0.00998498 
0.0095621 -0.0118929 0.00229943 -0.00282717 -0.0118929 0.0319847 -0.00282717 0.00540931 0.00229943 -0.00282717 0.0105673 -0.013118 -0.00282717 0.00540931 -0.013118 0.0343406 
0.00971043 -0.0182997 0.00206194 -0.0032991 -0.0182997 0.0677217 -0.0032991 0.0103741 0.00206194 -0.0032991 0.0104901 -0.0194853 -0.0032991 0.0103741 -0.0194853 0.0714396 
0.00918292 -0.018272 0.00195794 -0.00241458 -0.018272 0.0825587 -0.00242084 0.00803193 0.00195794 -0.00242084 0.00993357 -0.0190101 -0.00241458 0.00803193 -0.0190101 0.0847856 
0.00907224 -0.0176372 0.00210691 -0.00220838 -0.0176372 0.086443 -0.00222628 0.00584921 0.00210691 -0.00222628 0.00998544 -0.0184131 -0.00220838 0.00584921 -0.0184131 0.087947 
0.00919699 -0.0173904 0.00221703 -0.0024325 -0.0173904 0.0872297 -0.00245518 0.00570418 0.00221703 -0.00245518 0.0101552 -0.0184564 -0.0024325 0.00570418 -0.0184564 0.0892312 
0.00935477 -0.0174351 0.0022343 -0.00260307 -0.0174351 0.087463 -0.00263018 0.0061877 0.0022343 -0.00263018 0.0102441 -0.0185794 -0.00260307 0.0061877 -0.0185794 0.090001 
0.00943817 -0.0175705 0.00218171 -0.002617 -0.0175705 0.0877198 -0.00262761 0.00642305 0.00218171 -0.00262761 0.0102556 -0.0185897 -0.002617 0.00642305 -0.0185897 0.0902518 
0.00948377 -0.0176411 0.00208371 -0.00252761 -0.0176411 0.0879129 -0.00253806 0.00632426 0.00208371 -0.00253806 0.0102567 -0.0185759 -0.00252761 0.00632426 -0.0185759 0.0902629 
0.00944915 -0.0176724 0.00197398 -0.00238956 -0.0176724 0.0880034 -0.00238956 0.00599988 0.00197398 -0.00238956 0.0102907 -0.0185866 -0.00238956 0.00599988 -0.0185866 0.0902631 
0.00941123 -0.0176331 0.00191652 -0.00226451 -0.0176331 0.0879628 -0.00224893 0.00565609 0.00191652 -0.00224893 0.010315 -0.0186407 -0.00226451 0.00565609 -0.0186407 0.0903831 
0.0093913 -0.01759 0.00192059 -0.00220455 -0.01759 0.0878724 -0.00218907 0.00542103 0.00192059 -0.00218907 0.0103413 -0.0186897 -0.00220455 0.00542103 -0.0186897 0.0905209 
0.00937974 -0.0175572 0.00190704 -0.00221797 -0.0175572 0.0877861 -0.00220761 0.00536874 0.00190704 -0.00220761 0.0103436 -0.0187284 -0.00221797 0.00536874 -0.0187284 0.090657 
0.00939108 -0.0175525 0.00189378 -0.00222065 -0.0175525 0.0877418 -0.00220509 0.00538561 0.00189378 -0.00220509 0.0103302 -0.0187355 -0.00222065 0.00538561 -0.0187355 0.0907251 
0.00937422 -0.0175819 0.00193213 -0.00223419 -0.0175819 0.087826 -0.00222898 0.00545267 0.00193213 -0.00222898 0.0103325 -0.0186964 -0.00223419 0.00545267 -0.0186964 0.0906747 
0.00937502 -0.0175651 0.00195226 -0.00227067 -0.0175651 0.0878307 -0.00228111 0.00554358 0.00195226 -0.00228111 0.0103303 -0.0187083 -0.00227067 0.00554358 -0.0187083 0.0906652 
0.00936766 -0.0175526 0.0019782 -0.00229743 -0.0175526 0.08781 -0.0023079 0.00565199 0.0019782 -0.0023079 0.0103358 -0.0187144 -0.00229743 0.00565199 -0.0187144 0.0906779 
0.00937669 -0.0175539 0.00198694 -0.00231549 -0.0175539 0.0878113 -0.00233114 0.00571572 0.00198694 -0.00233114 0.0103311 -0.0187012 -0.00231549 0.00571572 -0.0187012 0.0906327 
0.00938285 -0.0176039 0.00195367 -0.00230794 -0.0176039 0.0878997 -0.00232357 0.00569952 0.00195367 -0.00232357 0.0103258 -0.0186459 -0.00230794 0.00569952 -0.0186459 0.090489 
0.00932035 -0.0175671 0.00193461 -0.00227174 -0.0175671 0.0878405 -0.00227692 0.00563266 0.00193461 -0.00227692 0.0103888 -0.0186822 -0.00227174 0.00563266 -0.0186822 0.0905116 
0.00930481 -0.0174756 0.00195727 -0.00224206 -0.0174756 0.0876474 -0.00224724 0.0055456 0.00195727 -0.00224724 0.0104025 -0.0187805 -0.00224206 0.0055456 -0.0187805 0.0907128 
0.00928969 -0.0174305 0.00195109 -0.00227196 -0.0174305 0.0874628 -0.00226679 0.00553759 0.00195109 -0.00226679 0.0104231 -0.018833 -0.00227196 0.00553759 -0.018833 0.0909303 
0.00926195 -0.0174291 0.00191984 -0.0022623 -0.0174291 0.0874048 -0.00226749 0.00554679 0.00191984 -0.00226749 0.0104502 -0.0188456 -0.0022623 0.00554679 -0.0188456 0.0910162 
0.00926203 -0.0174186 0.00196295 -0.00228322 -0.0174186 0.0874288 -0.00228839 0.00564607 0.00196295 -0.00228839 0.010476 -0.0188753 -0.00228322 0.00564607 -0.0188753 0.0910965 
0.00928341 -0.0174637 0.00198967 -0.00231441 -0.0174637 0.0875403 -0.00231956 0.00570097 0.00198967 -0.00231956 0.0104844 -0.0188658 -0.00231441 0.00570097 -0.0188658 0.0910712 
0.00927539 -0.0174841 0.00203543 -0.00234976 -0.0174841 0.0876421 -0.00236007 0.00580227 0.00203543 -0.00236007 0.010507 -0.0188857 -0.00234976 0.00580227 -0.0188857 0.0910946 
0.00922311 -0.0174857 0.00206565 -0.00238582 -0.0174857 0.0876867 -0.00239099 0.00585611 0.00206565 -0.00239099 0.0105658 -0.0189058 -0.00238582 0.00585611 -0.0189058 0.0911363 
0.00924346 -0.0174116 0.00205238 -0.00239875 -0.0174116 0.0875699 -0.00239358 0.00586763 0.00205238 -0.00239358 0.0105307 -0.0189729 -0.00239875 0.00586763 -0.0189729 0.0912611 
0.00929264 -0.0174425 0.00203098 -0.00238939 -0.0174425 0.0875606 -0.00238419 0.00586958 0.00203098 -0.00238419 0.0104614 -0.0189281 -0.00238939 0.00586958 -0.0189281 0.0912382 
0.00932288 -0.0175006 0.00200929 -0.00236846 -0.0175006 0.0876642 -0.00236846 0.00583526 0.00200929 -0.00236846 0.0104108 -0.0188332 -0.00236846 0.00583526 -0.0188332 0.0910477 
0.00931617 -0.0175256 0.0020108 -0.00236931 -0.0175256 0.0877217 -0.00236931 0.00585054 0.0020108 -0.00236931 0.0104281 -0.0187986 -0.00236931 0.00585054 -0.0187986 0.0909535 
0.0093003 -0.0175367 0.00199292 -0.00237178 -0.0175367 0.0877923 -0.00237697 0.0058594 0.00199292 -0.00237697 0.0104576 -0.0187874 -0.00237178 0.0058594 -0.0187874 0.0908699 
0.00927661 -0.0175024 0.00200855 -0.00233468 -0.0175024 0.0877396 -0.00232951 0.00577717 0.00200855 -0.00232951 0.0104931 -0.0188431 -0.00233468 0.00577717 -0.0188431 0.0909232 
0.00922054 -0.0174498 0.00203926 -0.00234385 -0.0174498 0.0876054 -0.00233353 0.00573573 0.00203926 -0.00233353 0.0105577 -0.0189109 -0.00234385 0.00573573 -0.0189109 0.0911057 
0.00924454 -0.0173859 0.00207678 -0.00238235 -0.0173859 0.0874735 -0.00237199 0.00577978 0.00207678 -0.00237199 0.0105341 -0.0189863 -0.00238235 0.00577978 -0.0189863 0.0912853 
0.00924757 -0.0174032 0.00212689 -0.00243221 -0.0174032 0.0874198 -0.00242703 0.00591492 0.00212689 -0.00242703 0.0105361 -0.0189816 -0.00243221 0.00591492 -0.0189816 0.0913889 
0.00927765 -0.0174124 0.00213582 -0.00248231 -0.0174124 0.0874292 -0.00248749 0.00605581 0.00213582 -0.00248749 0.010524 -0.0189897 -0.00248231 0.00605581 -0.0189897 0.0914215 
0.00930918 -0.0174489 0.00208021 -0.00246831 -0.0174489 0.0874825 -0.00248383 0.00606986 0.00208021 -0.00248383 0.0104838 -0.0189547 -0.00246831 0.00606986 -0.0189547 0.0913532 
0.00932479 -0.017513 0.0020561 -0.00241773 -0.017513 0.0876324 -0.00243323 0.006003 0.0020561 -0.00243323 0.0104717 -0.0188872 -0.00241773 0.006003 -0.0188872 0.091197 
0.00932448 -0.0175314 0.00205559 -0.00239904 -0.0175314 0.0877495 -0.00241442 0.00594121 0.00205559 -0.00241442 0.0104984 -0.0188591 -0.00239904 0.00594121 -0.0188591 0.0910969 
0.00929006 -0.017557 0.00204618 -0.00238035 -0.017557 0.0878468 -0.00238549 0.00585577 0.00204618 -0.00238549 0.0105137 -0.018868 -0.00238035 0.00585577 -0.018868 0.0910189 
0.00929781 -0.0175265 0.00201478 -0.00238484 -0.0175265 0.0878383 -0.00237456 0.00583362 0.00201478 -0.00237456 0.0105108 -0.0188989 -0.00238484 0.00583362 -0.0188989 0.0910661 
0.00927419 -0.0175128 0.00201456 -0.00235977 -0.0175128 0.0877905 -0.00234946 0.00580152 0.00201456 -0.00234946 0.0105365 -0.0189194 -0.00235977 0.00580152 -0.0189194 0.0911395 
0.00926218 -0.017486 0.00198365 -0.00234008 -0.017486 0.0877401 -0.00233492 0.00572881 0.00198365 -0.00233492 0.0105175 -0.0189273 -0.00234008 0.00572881 -0.0189273 0.0911599 
0.00925878 -0.0174447 0.00193429 -0.00227988 -0.0174447 0.0876103 -0.00227988 0.00560685 0.00193429 -0.00227988 0.010507 -0.0189354 -0.00227988 0.00560685 -0.0189354 0.0912158 
0.00926925 -0.0174382 0.00187876 -0.0022213 -0.0174382 0.0875493 -0.00221611 0.00544426 0.00187876 -0.00221611 0.0104681 -0.018907 -0.0022213 0.00544426 -0.018907 0.0911667 
0.00926166 -0.0174459 0.00183368 -0.00217038 -0.0174459 0.087561 -0.00217556 0.00534565 0.00183368 -0.00217556 0.0104634 -0.01886 -0.00217038 0.00534565 -0.01886 0.0910626 
0.00928553 -0.0174713 0.00184154 -0.00213723 -0.0174713 0.0876212 -0.00213723 0.00527045 0.00184154 -0.00213723 0.010432 -0.0188149 -0.00213723 0.00527045 -0.0188149 0.0909308 
0.0093035 -0.0174848 0.00181519 -0.00214617 -0.0174848 0.0876619 -0.00215134 0.00523354 0.00181519 -0.00215134 0.0104205 -0.0187828 -0.00214617 0.00523354 -0.0187828 0.090832 
0.00930341 -0.0175077 0.00181115 -0.00211042 -0.0175077 0.087709 -0.00213106 0.00522188 0.00181115 -0.00213106 0.0104231 -0.0187668 -0.00211042 0.00522188 -0.0187668 0.0907585 
0.00923945 -0.0175104 0.00179196 -0.00210788 -0.0175104 0.0877282 -0.00212342 0.00517907 0.00179196 -0.00212342 0.0104721 -0.0187793 -0.00210788 0.00517907 -0.0187793 0.0907476 
0.00921726 -0.0174219 0.00178249 -0.00207698 -0.0174219 0.0875846 -0.00207698 0.00509946 0.00178249 -0.00207698 0.0104934 -0.0188478 -0.00207698 0.00509946 -0.0188478 0.0908861 
0.00918482 -0.0173952 0.00181416 -0.00206814 -0.0173952 0.0874942 -0.00206296 0.00505891 0.00181416 -0.00206296 0.0105117 -0.0188672 -0.00206814 0.00505891 -0.0188672 0.0909567 
0.00915026 -0.0173444 0.00183005 -0.00211793 -0.0173444 0.087349 -0.00211278 0.00513545 0.00183005 -0.00211278 0.0105691 -0.0189225 -0.00211793 0.00513545 -0.0189225 0.0911068 
0.00912403 -0.0173141 0.00182686 -0.00213476 -0.0173141 0.0872633 -0.00212449 0.00518807 0.00182686 -0.00212449 0.0106122 -0.0189614 -0.00213476 0.00518807 -0.0189614 0.0911993 
0.00913433 -0.0172813 0.0018248 -0.00212462 -0.0172813 0.0871716 -0.00211945 0.00519525 0.0018248 -0.00211945 0.0105663 -0.0190182 -0.00212462 0.00519525 -0.0190182 0.0913433 
0.00915248 -0.0172674 0.0018687 -0.00215778 -0.0172674 0.0870905 -0.00215778 0.00530152 0.0018687 -0.00215778 0.0105772 -0.0190328 -0.00215778 0.00530152 -0.0190328 0.0915041 
0.0091727 -0.0173067 0.00189138 -0.00221178 -0.0173067 0.0871536 -0.00222212 0.00543644 0.00189138 -0.00222212 0.0105732 -0.019012 -0.00221178 0.00543644 -0.019012 0.0915048 
0.00915755 -0.0173291 0.00186351 -0.00224035 -0.0173291 0.0872238 -0.00225067 0.0055286 0.00186351 -0.00225067 0.0106081 -0.019012 -0.00224035 0.0055286 -0.019012 0.091498 
0.00911979 -0.0173276 0.00186541 -0.00218149 -0.0173276 0.0872649 -0.00219704 0.00546151 0.00186541 -0.00219704 0.0106587 -0.0190427 -0.00218149 0.00546151 -0.0190427 0.0915088 
0.00909176 -0.0172774 0.00189498 -0.0021901 -0.0172774 0.0871846 -0.0021901 0.0054157 0.00189498 -0.0021901 0.0106864 -0.0190948 -0.0021901 0.0054157 -0.0190948 0.0916269 
0.0091095 -0.017238 0.00191533 -0.00220081 -0.017238 0.0870567 -0.00219562 0.00539303 0.00191533 -0.00219562 0.0106615 -0.0191429 -0.00220081 0.00539303 -0.0191429 0.0917542 
0.0091479 -0.0172329 0.00192968 -0.00221861 -0.0172329 0.0870005 -0.00221861 0.00541754 0.00192968 -0.00221861 0.0106442 -0.0191368 -0.00221861 0.00541754 -0.0191368 0.0917989 
0.00918928 -0.0173129 0.00192537 -0.00223426 -0.0173129 0.0871412 -0.00224455 0.00545694 0.00192537 -0.00224455 0.0106153 -0.0190684 -0.00223426 0.00545694 -0.0190684 0.0916509 
0.00915622 -0.0173937 0.00187873 -0.00223486 -0.0173937 0.0873661 -0.00224002 0.00547102 0.00187873 -0.00224002 0.0106272 -0.0189989 -0.00223486 0.00547102 -0.0189989 0.091428 
0.00914272 -0.0173494 0.00184613 -0.00218743 -0.0173494 0.0873781 -0.0021926 0.00538841 0.00184613 -0.0021926 0.0106372 -0.0190301 -0.00218743 0.00538841 -0.0190301 0.0914168 
0.00912954 -0.0173223 0.00181659 -0.00214265 -0.0173223 0.087331 -0.00214782 0.00527898 0.00181659 -0.00214782 0.0106356 -0.0190406 -0.00214265 0.00527898 -0.0190406 0.0914299 
0.00908073 -0.0173058 0.00176843 -0.00210034 -0.0173058 0.0872652 -0.00210553 0.00517565 0.00176843 -0.00210553 0.0106728 -0.0190431 -0.00210034 0.00517565 -0.0190431 0.0914503 
0.00906699 -0.0172672 0.00174904 -0.00205006 -0.0172672 0.0871977 -0.00205006 0.00506547 0.00174904 -0.00205006 0.0106759 -0.019063 -0.00205006 0.00506547 -0.019063 0.0914536 
0.0090615 -0.0172677 0.00173662 -0.00202691 -0.0172677 0.0871833 -0.00202173 0.00497138 0.00173662 -0.00202173 0.0106582 -0.0190302 -0.00202691 0.00497138 -0.0190302 0.0913667 
0.00906716 -0.017253 0.00173152 -0.00201665 -0.017253 0.0871463 -0.00202184 0.00493535 0.00173152 -0.00202184 0.010638 -0.0190156 -0.00201665 0.00493535 -0.0190156 0.0912988 
0.00906796 -0.0172152 0.00171738 -0.0020174 -0.0172152 0.0870276 -0.0020174 0.00492453 0.00171738 -0.0020174 0.0106302 -0.019036 -0.0020174 0.00492453 -0.019036 0.0913624 
0.00908913 -0.0172044 0.0017055 -0.00200435 -0.0172044 0.0869547 -0.0019992 0.00491555 0.0017055 -0.0019992 0.0106246 -0.0190387 -0.00200435 0.00491555 -0.0190387 0.0914117 
0.00907917 -0.0172118 0.00170267 -0.00199587 -0.0172118 0.0869234 -0.00199587 0.00491253 0.00170267 -0.00199587 0.0106584 -0.0190637 -0.00199587 0.00491253 -0.0190637 0.091517 
0.00909839 -0.0172144 0.00170756 -0.00200586 -0.0172144 0.0869362 -0.00199558 0.00493237 0.00170756 -0.00199558 0.0106568 -0.0190968 -0.00200586 0.00493237 -0.0190968 0.0916062 
0.00913273 -0.0172616 0.00167131 -0.0019973 -0.0172616 0.0870326 -0.0019973 0.00490011 0.00167131 -0.0019973 0.0106074 -0.0190675 -0.0019973 0.00490011 -0.0190675 0.0915756 
0.00915378 -0.0173336 0.00164219 -0.00195819 -0.0173336 0.0872277 -0.00196337 0.00485404 0.00164219 -0.00196337 0.0105629 -0.0189707 -0.00195819 0.00485404 -0.0189707 0.0913669 
0.00915157 -0.0173818 0.00163569 -0.00193591 -0.0173818 0.0873798 -0.00194108 0.00481389 0.00163569 -0.00194108 0.0105595 -0.0188932 -0.00193591 0.00481389 -0.0188932 0.0911274 
0.00914203 -0.0173486 0.00162155 -0.0019126 -0.0173486 0.087356 -0.0019126 0.00472953 0.00162155 -0.0019126 0.0105297 -0.0188973 -0.0019126 0.00472953 -0.0188973 0.0910461 
0.00911344 -0.0172983 0.00159629 -0.00188842 -0.0172983 0.0872062 -0.0018832 0.00464801 0.00159629 -0.0018832 0.0105324 -0.0189102 -0.00188842 0.00464801 -0.0189102 0.0910978 
0.00915837 -0.017198 0.00156629 -0.00184208 -0.017198 0.0869316 -0.00184208 0.00454276 0.00156629 -0.00184208 0.0104801 -0.0189672 -0.00184208 0.00454276 -0.0189672 0.0912662 
0.00922793 -0.0172985 0.0015797 -0.00180388 -0.0172985 0.0870032 -0.0018143 0.00445235 0.0015797 -0.0018143 0.0103958 -0.0188469 -0.00180388 0.00445235 -0.0188469 0.0910958 
0.0092583 -0.0173645 0.00162435 -0.00184751 -0.0173645 0.0871546 -0.0018527 0.0045046 0.00162435 -0.0018527 0.0103844 -0.0187761 -0.00184751 0.0045046 -0.0187761 0.0909223 
0.00926454 -0.0174041 0.00163309 -0.00189749 -0.0174041 0.0873003 -0.00191305 0.00462968 0.00163309 -0.00191305 0.0103999 -0.0187624 -0.00189749 0.00462968 -0.0187624 0.0908257 
0.00927091 -0.0174651 0.00165127 -0.00192044 -0.0174651 0.0875379 -0.00192562 0.00472086 0.00165127 -0.00192562 0.0104045 -0.0187178 -0.00192044 0.00472086 -0.0187178 0.090654 
0.00924754 -0.0174682 0.00164931 -0.00191901 -0.0174682 0.0876053 -0.00191901 0.00469379 0.00164931 -0.00191901 0.0104145 -0.0187337 -0.00191901 0.00469379 -0.0187337 0.0906135 
0.0092398 -0.0174731 0.00162903 -0.00190399 -0.0174731 0.0876614 -0.0018988 0.00465362 0.00162903 -0.0018988 0.0104071 -0.0187027 -0.00190399 0.00465362 -0.0187027 0.0905096 
0.00922638 -0.0174161 0.00161203 -0.00191266 -0.0174161 0.0875418 -0.00190748 0.00467539 0.00161203 -0.00190748 0.0104134 -0.018743 -0.00191266 0.00467539 -0.018743 0.0906155 
0.00926094 -0.0173824 0.00159528 -0.0018957 -0.0173824 0.0874195 -0.00188534 0.00466155 0.00159528 -0.00188534 0.0103849 -0.0187757 -0.0018957 0.00466155 -0.0187757 0.090724 
0.00928437 -0.0174198 0.00163537 -0.00188896 -0.0174198 0.0874304 -0.00188896 0.00466806 0.00163537 -0.00188896 0.010366 -0.0187499 -0.00188896 0.00466806 -0.0187499 0.0907425 
0.00929003 -0.0174601 0.00169285 -0.00193026 -0.0174601 0.0875328 -0.0019251 0.0047276 0.00169285 -0.0019251 0.0103894 -0.0187297 -0.00193026 0.0047276 -0.0187297 0.0906914 
0.00929494 -0.0174954 0.00171687 -0.00199696 -0.0174954 0.0876536 -0.00199696 0.00486013 0.00171687 -0.00199696 0.0103842 -0.0187247 -0.00199696 0.00486013 -0.0187247 0.0906516 
0.00929885 -0.0175172 0.0017247 -0.00201562 -0.0175172 0.0877364 -0.00201562 0.00491956 0.0017247 -0.00201562 0.0103586 -0.0186964 -0.00201562 0.00491956 -0.0186964 0.0905625 
0.00929867 -0.017479 0.00176033 -0.00204509 -0.017479 0.0876798 -0.00204509 0.00503246 0.00176033 -0.00204509 0.0103756 -0.0187268 -0.00204509 0.00503246 -0.0187268 0.0906361 
0.00932982 -0.0174979 0.00180194 -0.00208075 -0.0174979 0.0876807 -0.00209108 0.00512701 0.00180194 -0.00209108 0.0103625 -0.0187268 -0.00208075 0.00512701 -0.0187268 0.0906547 
0.00933219 -0.0175406 0.00179704 -0.00212331 -0.0175406 0.0877547 -0.00213366 0.00522023 0.00179704 -0.00213366 0.0103576 -0.0187058 -0.00212331 0.00522023 -0.0187058 0.0906082 
0.00931229 -0.0175685 0.00176361 -0.00210177 -0.0175685 0.0878581 -0.00209657 0.0052128 0.00176361 -0.00209657 0.0103528 -0.018661 -0.00210177 0.0052128 -0.018661 0.0904905 
0.0092915 -0.0175163 0.00172026 -0.0020549 -0.0175163 0.0877961 -0.0020549 0.00511895 0.00172026 -0.0020549 0.0103425 -0.0186771 -0.0020549 0.00511895 -0.0186771 0.0904732 
0.00928026 -0.0174057 0.00168779 -0.00199609 -0.0174057 0.0874884 -0.00199609 0.00496933 0.00168779 -0.00199609 0.010341 -0.0187486 -0.00199609 0.00496933 -0.0187486 0.0906863 
0.00928339 -0.0174044 0.00166277 -0.0019651 -0.0174044 0.0873556 -0.0019651 0.00486323 0.00166277 -0.0019651 0.0103415 -0.0187232 -0.0019651 0.00486323 -0.0187232 0.0907281 
0.00927761 -0.0174163 0.00160694 -0.00191377 -0.0174163 0.0873468 -0.00191897 0.00472201 0.00160694 -0.00191897 0.0103437 -0.0187008 -0.00191377 0.00472201 -0.0187008 0.0906647 
0.00928555 -0.0174344 0.00156749 -0.00186334 -0.0174344 0.0874108 -0.00186334 0.00460385 0.00156749 -0.00186334 0.0103392 -0.0186749 -0.00186334 0.00460385 -0.0186749 0.090551 
0.00929679 -0.0174128 0.00154173 -0.00182533 -0.0174128 0.0873836 -0.00182017 0.00450659 0.00154173 -0.00182017 0.0103435 -0.0187122 -0.00182533 0.00450659 -0.0187122 0.0906166 
0.00931959 -0.0175125 0.00152125 -0.00179642 -0.0175125 0.0876042 -0.00178085 0.00440279 0.00152125 -0.00178085 0.0103061 -0.018634 -0.00179642 0.00440279 -0.018634 0.0904286 
0.00927243 -0.0175094 0.00151141 -0.00176244 -0.0175094 0.0876723 -0.00175721 0.00431458 0.00151141 -0.00175721 0.0103236 -0.0186181 -0.00176244 0.00431458 -0.0186181 0.0903552 
0.00926505 -0.017479 0.00150301 -0.00176577 -0.017479 0.0876738 -0.00176577 0.00431458 0.00150301 -0.00176577 0.0102951 -0.0186037 -0.00176577 0.00431458 -0.0186037 0.0902856 
0.00925131 -0.0174121 0.00145408 -0.00173857 -0.0174121 0.0874976 -0.00173857 0.0042674 0.00145408 -0.00173857 0.0102786 -0.0186133 -0.00173857 0.0042674 -0.0186133 0.0903056 
0.00922791 -0.0173674 0.00144071 -0.00168258 -0.0173674 0.0873207 -0.00168784 0.00416965 0.00144071 -0.00168784 0.0102953 -0.0186083 -0.00168258 0.00416965 -0.0186083 0.0903283 
0.00919607 -0.0173668 0.00145118 -0.00169304 -0.0173668 0.0872969 -0.00169304 0.00416951 0.00145118 -0.00169304 0.0103265 -0.0185919 -0.00169304 0.00416951 -0.0185919 0.0902676 
0.0091902 -0.0173337 0.00147064 -0.00170092 -0.0173337 0.0872494 -0.00170615 0.00417118 0.00147064 -0.00170615 0.0103259 -0.0186107 -0.00170092 0.00417118 -0.0186107 0.0902535 
0.00920124 -0.0173215 0.00145173 -0.00172327 -0.0173215 0.0871715 -0.0017285 0.00422463 0.00145173 -0.0017285 0.0103292 -0.0186427 -0.00172327 0.00422463 -0.0186427 0.0903361 
0.00922518 -0.0173227 0.00145139 -0.00170721 -0.0173227 0.0871354 -0.00171243 0.00422886 0.00145139 -0.00171243 0.0103163 -0.018654 -0.00170721 0.00422886 -0.018654 0.0904141 
0.00921936 -0.0173278 0.00146389 -0.00170787 -0.0173278 0.0871168 -0.00171306 0.00422035 0.00146389 -0.00171306 0.0103406 -0.0186723 -0.00170787 0.00422035 -0.0186723 0.090491 
0.00920454 -0.0172953 0.00147479 -0.00172746 -0.0172953 0.0870332 -0.00173262 0.00426451 0.00147479 -0.00173262 0.0103906 -0.0187494 -0.00172746 0.00426451 -0.0187494 0.0906995 
0.00920063 -0.0172984 0.00149115 -0.00172932 -0.0172984 0.0869943 -0.00173968 0.00428189 0.00149115 -0.00173968 0.0104225 -0.0188103 -0.00172932 0.00428189 -0.0188103 0.0908879 
0.00918297 -0.0173074 0.00147574 -0.00172604 -0.0173074 0.087027 -0.00173126 0.00424993 0.00147574 -0.00173126 0.0104084 -0.0188196 -0.00172604 0.00424993 -0.0188196 0.0909589 
0.00919258 -0.017319 0.00147374 -0.00172981 -0.017319 0.0870969 -0.00172459 0.00424876 0.00147374 -0.00172459 0.0103893 -0.0187823 -0.00172981 0.00424876 -0.0187823 0.0908963 
0.00921768 -0.0173361 0.00144468 -0.00171686 -0.0173361 0.087178 -0.00172733 0.00423982 0.00144468 -0.00172733 0.010364 -0.0187442 -0.00171686 0.00423982 -0.0187442 0.0907687 
0.00917839 -0.0173835 0.00143903 -0.00170067 -0.0173835 0.0873099 -0.00171114 0.00422813 0.00143903 -0.00171114 0.0103976 -0.018676 -0.00170067 0.00422813 -0.018676 0.0905751 
0.00911978 -0.0173427 0.00141828 -0.00169464 -0.0173427 0.0872975 -0.00169986 0.0041975 0.00141828 -0.00169986 0.0104703 -0.0187193 -0.00169464 0.0041975 -0.0187193 0.0905408 
0.00909541 -0.0172318 0.00143859 -0.00167835 -0.0172318 0.0870658 -0.00167314 0.0041646 0.00143859 -0.00167314 0.0105027 -0.0188476 -0.00167835 0.0041646 -0.0188476 0.0908082 
0.0090867 -0.0171747 0.00147717 -0.00167482 -0.0171747 0.0868412 -0.00166442 0.00412464 0.00147717 -0.00166442 0.0105379 -0.0189328 -0.00167482 0.00412464 -0.0189328 0.0911063 
0.00913087 -0.017253 0.00149481 -0.00172478 -0.017253 0.0869549 -0.00172478 0.00418651 0.00149481 -0.00172478 0.0104846 -0.0188732 -0.00172478 0.00418651 -0.0188732 0.0910055 
0.00912615 -0.0172739 0.00144651 -0.00175685 -0.0172739 0.0870535 -0.00176211 0.00429218 0.00144651 -0.00176211 0.0104517 -0.0188204 -0.00175685 0.00429218 -0.0188204 0.0908986 
0.00913396 -0.0172987 0.00140117 -0.00170142 -0.0172987 0.0871361 -0.00170669 0.00425093 0.00140117 -0.00170669 0.0104245 -0.0187578 -0.00170142 0.00425093 -0.0187578 0.0907128 
0.00916022 -0.0172892 0.0014206 -0.00164684 -0.0172892 0.0871247 -0.0016521 0.00413551 0.0014206 -0.0016521 0.0103914 -0.0187361 -0.00164684 0.00413551 -0.0187361 0.0906288 
0.00920263 -0.0173171 0.00149105 -0.00167939 -0.0173171 0.0871503 -0.00168462 0.00414877 0.00149105 -0.00168462 0.0103641 -0.0186982 -0.00167939 0.00414877 -0.0186982 0.0905405 
0.00922754 -0.0173756 0.00154138 -0.00178012 -0.0173756 0.0872672 -0.00178531 0.00433871 0.00154138 -0.00178531 0.0103693 -0.0186627 -0.00178012 0.00433871 -0.0186627 0.0904486 
0.00924801 -0.0174204 0.00154391 -0.00182181 -0.0174204 0.0874058 -0.00182181 0.00448248 0.00154391 -0.00182181 0.0103905 -0.018671 -0.00182181 0.00448248 -0.018671 0.0904164 
0.00924936 -0.0174447 0.00150643 -0.0017892 -0.0174447 0.0874859 -0.0017892 0.00442159 0.00150643 -0.0017892 0.0103907 -0.0186889 -0.0017892 0.00442159 -0.0186889 0.0904319 
0.00926812 -0.0174401 0.00150266 -0.00175997 -0.0174401 0.0875197 -0.00175482 0.0043536 0.00150266 -0.00175482 0.0103694 -0.0187112 -0.00175997 0.0043536 -0.0187112 0.0905147 
0.00925203 -0.0174445 0.00149376 -0.00174186 -0.0174445 0.087517 -0.00173153 0.00426937 0.00149376 -0.00173153 0.0103633 -0.0187056 -0.00174186 0.00426937 -0.0187056 0.090551 
0.00924043 -0.0173892 0.00151593 -0.00176427 -0.0173892 0.0874012 -0.00174875 0.00431496 0.00151593 -0.00174875 0.0103735 -0.0187447 -0.00176427 0.00431496 -0.0187447 0.090697 
0.00922542 -0.017387 0.00155213 -0.00180397 -0.017387 0.087346 -0.00179883 0.00441998 0.00155213 -0.00179883 0.0104178 -0.0187541 -0.00180397 0.00441998 -0.0187541 0.0907792 
0.00921336 -0.0173601 0.00155617 -0.00182927 -0.0173601 0.0872796 -0.00182927 0.00449332 0.00155617 -0.00182927 0.0104397 -0.0188286 -0.00182927 0.00449332 -0.0188286 0.0909175 
0.00921044 -0.0173675 0.00156188 -0.00183171 -0.0173675 0.0872787 -0.00182652 0.00451441 0.00156188 -0.00182652 0.0104454 -0.0188464 -0.00183171 0.00451441 -0.0188464 0.0909888 
0.00920618 -0.0173635 0.00158369 -0.00184331 -0.0173635 0.0873107 -0.0018537 0.00455376 0.00158369 -0.0018537 0.0104524 -0.0188381 -0.00184331 0.00455376 -0.0188381 0.0910077 
0.00918019 -0.0173855 0.00157956 -0.00184542 -0.0173855 0.0873865 -0.00185585 0.00455621 0.00157956 -0.00185585 0.0104626 -0.0188035 -0.00184542 0.00455621 -0.0188035 0.0908844 
0.00916043 -0.0173002 0.00153883 -0.00180825 -0.0173002 0.0872054 -0.00181862 0.00446105 0.00153883 -0.00181862 0.010492 -0.0188597 -0.00180825 0.00446105 -0.0188597 0.0909826 
0.00917289 -0.0173128 0.00154431 -0.00177673 -0.0173128 0.0871941 -0.00178706 0.00438501 0.00154431 -0.00178706 0.0104744 -0.0188364 -0.00177673 0.00438501 -0.0188364 0.0909283 
0.00917384 -0.0173398 0.00157118 -0.00181409 -0.0173398 0.0872264 -0.00182443 0.00444479 0.00157118 -0.00182443 0.0104763 -0.0188335 -0.00181409 0.00444479 -0.0188335 0.0909166 
0.00916508 -0.0173244 0.00156792 -0.00184127 -0.0173244 0.0872205 -0.00184643 0.00450776 0.00156792 -0.00184643 0.0105061 -0.0188562 -0.00184127 0.00450776 -0.0188562 0.0909649 
0.00919447 -0.0173524 0.00155218 -0.00184096 -0.0173524 0.0873036 -0.0018358 0.00452762 0.00155218 -0.0018358 0.0104733 -0.0188427 -0.00184096 0.00452762 -0.0188427 0.0909185 
0.00919667 -0.0173681 0.00158172 -0.00182388 -0.0173681 0.0873297 -0.00181873 0.00450817 0.00158172 -0.00181873 0.0104796 -0.0188416 -0.00182388 0.00450817 -0.0188416 0.0909311 
0.00922033 -0.0173857 0.00157723 -0.00183579 -0.0173857 0.0874096 -0.00183062 0.00448347 0.00157723 -0.00183062 0.0104304 -0.0188078 -0.00183579 0.00448347 -0.0188078 0.0908484 
0.00924589 -0.0174477 0.00160504 -0.00184398 -0.0174477 0.0875503 -0.00184398 0.00452425 0.00160504 -0.00184398 0.0103783 -0.0187203 -0.00184398 0.00452425 -0.0187203 0.0906461 
0.00921676 -0.017451 0.00163749 -0.00189222 -0.017451 0.0875722 -0.00189222 0.00461098 0.00163749 -0.00189222 0.0103916 -0.0186882 -0.00189222 0.00461098 -0.0186882 0.0905613 
0.00920652 -0.0173797 0.00167722 -0.00192646 -0.0173797 0.0874489 -0.00192646 0.00472009 0.00167722 -0.00192646 0.0104008 -0.018735 -0.00192646 0.00472009 -0.018735 0.0906164 
0.0092309 -0.0173099 0.00170981 -0.00200941 -0.0173099 0.0872054 -0.00200425 0.00490214 0.00170981 -0.00200425 0.0104241 -0.0188337 -0.00200941 0.00490214 -0.0188337 0.0909039 
0.00925177 -0.01734 0.00173503 -0.00202849 -0.01734 0.0871839 -0.00202849 0.00500945 0.00173503 -0.00202849 0.0104411 -0.0188485 -0.00202849 0.00500945 -0.0188485 0.0910298 
