0.00815573 0 -0.00126867 0 0 0.00998154 0 0 -0.00126867 0 0.00651787 0 0 0 0 0.00998154 
0.0113566 -0.0140917 -0.00157867 0.00192132 -0.0140917 0.0361992 0.00192132 -0.00368968 -0.00157867 0.00192132 0.00936186 -0.0116381 0.00192132 -0.00368968 -0.0116381 0.031506 
0.0112735 -0.0208433 -0.00145505 0.00228829 -0.0208433 0.0757871 0.00228829 -0.0071509 -0.00145505 0.00228829 0.00960086 -0.0181944 0.00228829 -0.0071509 -0.0181944 0.0674609 
0.0106616 -0.0201864 -0.00137608 0.00163334 -0.0201864 0.089062 0.00163932 -0.00530686 -0.00137608 0.00163932 0.00912996 -0.018224 0.00163334 -0.00530686 -0.018224 0.0826363 
0.0106621 -0.0193774 -0.00145729 0.00149144 -0.0193774 0.0911202 0.00150852 -0.00392215 -0.00145729 0.00150852 0.00905681 -0.0175956 0.00149144 -0.00392215 -0.0175956 0.0864239 
0.0108547 -0.0193149 -0.00151639 0.00161457 -0.0193149 0.0917635 0.00162003 -0.0038128 -0.00151639 0.00162003 0.0091638 -0.0174385 0.00161457 -0.0038128 -0.0174385 0.087367 
0.010982 -0.0194698 -0.00152075 0.00170492 -0.0194698 0.092392 0.00169966 -0.00403077 -0.00152075 0.00169966 0.00927183 -0.0174649 0.00170492 -0.00403077 -0.0174649 0.087714 
0.0109786 -0.0195642 -0.00150968 0.00171508 -0.0195642 0.0927941 0.00170481 -0.00413879 -0.00150968 0.00170481 0.00941241 -0.0175462 0.00171508 -0.00413879 -0.0175462 0.0879107 
0.0108838 -0.0195161 -0.00146901 0.00168608 -0.0195161 0.092815 0.00167093 -0.00408394 -0.00146901 0.00167093 0.00955612 -0.0176836 0.00168608 -0.00408394 -0.0176836 0.0881253 
0.0108312 -0.0193878 -0.0014512 0.00163197 -0.0193878 0.0925653 0.00162193 -0.0039569 -0.0014512 0.00162193 0.00958593 -0.0178462 0.00163197 -0.0039569 -0.0178462 0.0884527 
0.0108387 -0.019342 -0.00143219 0.0016268 -0.019342 0.0923635 0.0016268 -0.00392229 -0.00143219 0.0016268 0.00960113 -0.0179048 0.0016268 -0.00392229 -0.0179048 0.0887356 
0.0107999 -0.019339 -0.00144731 0.00160701 -0.019339 0.0922883 0.00162198 -0.00391771 -0.00144731 0.00162198 0.00962709 -0.0179316 0.00160701 -0.00391771 -0.0179316 0.0888697 
0.010808 -0.0193247 -0.00142277 0.00160248 -0.0193247 0.0922851 0.00162744 -0.00389389 -0.00142277 0.00162744 0.00959494 -0.0179318 0.00160248 -0.00389389 -0.0179318 0.0888805 
0.0108485 -0.0193306 -0.00139788 0.00158259 -0.0193306 0.0923047 0.00159757 -0.00384915 -0.00139788 0.00159757 0.00953551 -0.0178928 0.00158259 -0.00384915 -0.0178928 0.088825 
0.0108775 -0.0193643 -0.00139455 0.00156887 -0.0193643 0.0923688 0.00157385 -0.00382006 -0.00139455 0.00157385 0.0095128 -0.0178502 0.00156887 -0.00382006 -0.0178502 0.0887679 
0.0108766 -0.0194001 -0.00137894 0.00154381 -0.0194001 0.0924288 0.00154881 -0.00374711 -0.00137894 0.00154881 0.00950268 -0.0178263 0.00154381 -0.00374711 -0.0178263 0.0887117 
0.0108358 -0.0194115 -0.00140511 0.00153011 -0.0194115 0.0925019 0.00153512 -0.00370028 -0.00140511 0.00153512 0.00952071 -0.0177913 0.00153011 -0.00370028 -0.0177913 0.0886016 
0.0107682 -0.0193656 -0.00140868 0.00156409 -0.0193656 0.0924618 0.00155908 -0.00372975 -0.00140868 0.00155908 0.00956501 -0.0178166 0.00156409 -0.00372975 -0.0178166 0.0886017 
0.0107374 -0.0192973 -0.00138483 0.00157549 -0.0192973 0.0923518 0.00157047 -0.00376813 -0.00138483 0.00157047 0.0095834 -0.0178572 0.00157549 -0.00376813 -0.0178572 0.088659 
0.0106815 -0.0192488 -0.00136595 0.0015618 -0.0192488 0.0922066 0.00155176 -0.0037664 -0.00136595 0.00155176 0.00964199 -0.0178979 0.0015618 -0.0037664 -0.0178979 0.0887716 
0.0106402 -0.0191524 -0.0013565 0.001533 -0.0191524 0.0919598 0.00152796 -0.00371147 -0.0013565 0.00152796 0.00966193 -0.0179774 0.001533 -0.00371147 -0.0179774 0.0889795 
0.0106505 -0.0191287 -0.00135772 0.00153372 -0.0191287 0.0918472 0.00152869 -0.00372115 -0.00135772 0.00152869 0.00964986 -0.0179822 0.00153372 -0.00372115 -0.0179822 0.0890261 
0.0106281 -0.0191276 -0.00136193 0.00151326 -0.0191276 0.0918042 0.00151326 -0.00367217 -0.00136193 0.00151326 0.00963944 -0.0179573 0.00151326 -0.00367217 -0.0179573 0.0889694 
0.0106571 -0.0191396 -0.00136927 0.00153036 -0.0191396 0.0918367 0.00153539 -0.00370005 -0.00136927 0.00153539 0.00959999 -0.0179264 0.00153036 -0.00370005 -0.0179264 0.0888717 
0.0106642 -0.0191805 -0.00136 0.0015507 -0.0191805 0.0919228 0.0015507 -0.00372368 -0.00136 0.0015507 0.00961032 -0.0178757 0.0015507 -0.00372368 -0.0178757 0.0887712 
0.0107143 -0.01915 -0.00133803 0.00150906 -0.01915 0.0918767 0.00151409 -0.00367708 -0.00133803 0.00151409 0.00953224 -0.0178924 0.00150906 -0.00367708 -0.0178924 0.0887479 
0.0106913 -0.019196 -0.00132508 0.00149134 -0.019196 0.091909 0.00149134 -0.00361247 -0.00132508 0.00149134 0.00952746 -0.0178155 0.00149134 -0.00361247 -0.0178155 0.0886643 
0.0107243 -0.0191809 -0.00134558 0.00149677 -0.0191809 0.091928 0.00149677 -0.00361846 -0.00134558 0.00149677 0.0094846 -0.017805 0.00149677 -0.00361846 -0.017805 0.0885918 
0.0107992 -0.0192126 -0.00137197 0.00153338 -0.0192126 0.0919775 0.00152833 -0.00367708 -0.00137197 0.00152833 0.00940708 -0.017765 0.00153338 -0.00367708 -0.017765 0.0885324 
0.0108593 -0.0193238 -0.00138063 0.00157141 -0.0193238 0.092166 0.00156639 -0.0037754 -0.00138063 0.00156639 0.00939332 -0.0176821 0.00157141 -0.0037754 -0.0176821 0.0883806 
0.0108566 -0.0193861 -0.00138111 0.00155312 -0.0193861 0.0923725 0.00154806 -0.00377402 -0.00138111 0.00154806 0.00935917 -0.0176256 0.00155312 -0.00377402 -0.0176256 0.0881938 
0.0108421 -0.0193826 -0.00137177 0.00154451 -0.0193826 0.0924471 0.00154451 -0.00374442 -0.00137177 0.00154451 0.00935344 -0.0176145 0.00154451 -0.00374442 -0.0176145 0.0881184 
0.0108212 -0.0193297 -0.00137234 0.00155024 -0.0193297 0.0923383 0.00155532 -0.00375615 -0.00137234 0.00155532 0.00935734 -0.0176168 0.00155024 -0.00375615 -0.0176168 0.0881196 
0.0108484 -0.0192979 -0.00135922 0.00154687 -0.0192979 0.0922139 0.00154687 -0.00375307 -0.00135922 0.00154687 0.00932688 -0.0176191 0.00154687 -0.00375307 -0.0176191 0.0881261 
0.010884 -0.0193223 -0.00134465 0.00152224 -0.0193223 0.0921919 0.00152731 -0.00370919 -0.00134465 0.00152731 0.00927044 -0.0175869 0.00152224 -0.00370919 -0.0175869 0.0880667 
0.0108695 -0.0194079 -0.00132258 0.001505 -0.0194079 0.0923878 0.00151514 -0.00366876 -0.00132258 0.00151514 0.00930365 -0.0174975 0.001505 -0.00366876 -0.0174975 0.0878779 
0.0108716 -0.0193712 -0.00132791 0.00149009 -0.0193712 0.092396 0.00149516 -0.003634 -0.00132791 0.00149516 0.00930548 -0.0175365 0.00149009 -0.003634 -0.0175365 0.0878649 
0.0108046 -0.0193627 -0.001299 0.00144163 -0.0193627 0.0923257 0.00143654 -0.00347928 -0.001299 0.00143654 0.00931204 -0.0175288 0.00144163 -0.00347928 -0.0175288 0.0878429 
0.0107711 -0.0192923 -0.00130312 0.00144056 -0.0192923 0.0922266 0.00144056 -0.00344615 -0.00130312 0.00144056 0.00933566 -0.0175464 0.00144056 -0.00344615 -0.0175464 0.0878845 
0.0107328 -0.0192377 -0.0012971 0.00145478 -0.0192377 0.0920786 0.0014497 -0.00346401 -0.0012971 0.0014497 0.00934926 -0.0175642 0.00145478 -0.00346401 -0.0175642 0.0879228 
0.0107111 -0.0191968 -0.00129263 0.00145991 -0.0191968 0.0919492 0.00146498 -0.00352305 -0.00129263 0.00146498 0.00938805 -0.0176051 0.00145991 -0.00352305 -0.0176051 0.0880054 
0.0107185 -0.0191903 -0.00128743 0.00147928 -0.0191903 0.0919175 0.00147423 -0.00357451 -0.00128743 0.00147423 0.00941591 -0.0176353 0.00147928 -0.00357451 -0.0176353 0.0880956 
0.0107167 -0.0191717 -0.00130544 0.00146229 -0.0191717 0.091836 0.00146735 -0.00356718 -0.00130544 0.00146735 0.00942141 -0.0176942 0.00146229 -0.00356718 -0.0176942 0.0882435 
0.0106701 -0.0192031 -0.00132488 0.00146701 -0.0192031 0.091904 0.00147209 -0.00354317 -0.00132488 0.00147209 0.00944675 -0.01766 0.00146701 -0.00354317 -0.01766 0.0881933 
0.0105906 -0.0191363 -0.00132764 0.0014955 -0.0191363 0.0918358 0.0014955 -0.00358614 -0.00132764 0.0014955 0.00949692 -0.0176866 0.0014955 -0.00358614 -0.0176866 0.0881988 
0.0105878 -0.0190671 -0.00134125 0.00150891 -0.0190671 0.0917183 0.00150891 -0.00364272 -0.00134125 0.00150891 0.00948021 -0.0177157 0.00150891 -0.00364272 -0.0177157 0.0882229 
0.0105773 -0.0190463 -0.00135463 0.00153287 -0.0190463 0.0916054 0.00154305 -0.00372268 -0.00135463 0.00154305 0.00948239 -0.0177171 0.00153287 -0.00372268 -0.0177171 0.0882596 
0.0106033 -0.019036 -0.00138082 0.00156935 -0.019036 0.0915826 0.00157444 -0.00383165 -0.00138082 0.00157444 0.00945175 -0.0177214 0.00156935 -0.00383165 -0.0177214 0.0882707 
0.0106285 -0.0190876 -0.00135467 0.00158384 -0.0190876 0.0916591 0.00158893 -0.00388576 -0.00135467 0.00158893 0.00945212 -0.0176922 0.00158384 -0.00388576 -0.0176922 0.0882266 
0.0106399 -0.0191111 -0.00136109 0.001549 -0.0191111 0.0917365 0.00155916 -0.00384457 -0.00136109 0.00155916 0.00946161 -0.017684 0.001549 -0.00384457 -0.017684 0.0882017 
0.0107364 -0.0191078 -0.00135218 0.0015345 -0.0191078 0.0917203 0.0015345 -0.00376281 -0.00135218 0.0015345 0.00936903 -0.0176999 0.0015345 -0.00376281 -0.0176999 0.0882208 
0.0107889 -0.0192068 -0.00133472 0.001542 -0.0192068 0.0918628 0.001542 -0.00376147 -0.00133472 0.001542 0.00932784 -0.0176193 0.001542 -0.00376147 -0.0176193 0.0881367 
0.0108039 -0.0192873 -0.00132458 0.00151164 -0.0192873 0.0920834 0.00151669 -0.00370578 -0.00132458 0.00151669 0.00931248 -0.0175582 0.00151164 -0.00370578 -0.0175582 0.0879833 
0.0108721 -0.0193349 -0.00131093 0.00146783 -0.0193349 0.0922711 0.0014729 -0.00357848 -0.00131093 0.0014729 0.00924229 -0.0175128 0.00146783 -0.00357848 -0.0175128 0.087817 
0.0108552 -0.0193767 -0.00127618 0.00144397 -0.0193767 0.0923429 0.00144397 -0.00349298 -0.00127618 0.00144397 0.00922819 -0.0174547 0.00144397 -0.00349298 -0.0174547 0.0877212 
0.0108154 -0.0193544 -0.001276 0.00142913 -0.0193544 0.0923266 0.00142913 -0.00344521 -0.001276 0.00142913 0.00923828 -0.0174455 0.00142913 -0.00344521 -0.0174455 0.0876564 
0.0107935 -0.0192923 -0.0012623 0.00141562 -0.0192923 0.0922095 0.00141051 -0.00338829 -0.0012623 0.00141051 0.00922964 -0.0174525 0.00141562 -0.00338829 -0.0174525 0.0876407 
0.0108529 -0.0193026 -0.00122959 0.00141759 -0.0193026 0.0922144 0.00140235 -0.00337884 -0.00122959 0.00140235 0.0091813 -0.0174023 0.00141759 -0.00337884 -0.0174023 0.0875349 
0.0108604 -0.0193799 -0.00123368 0.00140559 -0.0193799 0.092334 0.00139548 -0.00338757 -0.00123368 0.00139548 0.00920205 -0.0173524 0.00140559 -0.00338757 -0.0173524 0.0873993 
0.0108563 -0.0193783 -0.00125577 0.00139755 -0.0193783 0.0923849 0.00138742 -0.00338247 -0.00125577 0.00138742 0.00921064 -0.0173832 0.00139755 -0.00338247 -0.0173832 0.0874175 
0.0108714 -0.0193708 -0.00127213 0.00140897 -0.0193708 0.0924093 0.0014039 -0.00338559 -0.00127213 0.0014039 0.00918873 -0.0173942 0.00140897 -0.00338559 -0.0173942 0.0874475 
0.0108811 -0.0193819 -0.00129924 0.00146671 -0.0193819 0.0924081 0.00146164 -0.00349677 -0.00129924 0.00146164 0.00918092 -0.0174026 0.00146671 -0.00349677 -0.0174026 0.0875207 
0.010903 -0.019414 -0.00127943 0.00147666 -0.019414 0.0924832 0.00148171 -0.00356522 -0.00127943 0.00148171 0.00918359 -0.017376 0.00147666 -0.00356522 -0.017376 0.0874767 
0.0109546 -0.0194011 -0.00126672 0.00144913 -0.0194011 0.0924554 0.00144913 -0.00355188 -0.00126672 0.00144913 0.00912546 -0.0173997 0.00144913 -0.00355188 -0.0173997 0.0875405 
0.0109306 -0.0194407 -0.00126357 0.00141581 -0.0194407 0.0924739 0.00142088 -0.00346086 -0.00126357 0.00142088 0.0091393 -0.017355 0.00141581 -0.00346086 -0.017355 0.0875008 
0.0108887 -0.0193866 -0.00128463 0.00140187 -0.0193866 0.0923504 0.00141207 -0.00341038 -0.00128463 0.00141207 0.00912492 -0.017373 0.00140187 -0.00341038 -0.017373 0.0875075 
0.0108204 -0.0193677 -0.00132006 0.00145258 -0.0193677 0.0923024 0.00145258 -0.00347599 -0.00132006 0.00145258 0.00917417 -0.017329 0.00145258 -0.00347599 -0.017329 0.0874248 
0.0108286 -0.0193102 -0.00135421 0.00150694 -0.0193102 0.0922439 0.00150694 -0.00361461 -0.00135421 0.00150694 0.0091638 -0.0173552 0.00150694 -0.00361461 -0.0173552 0.087387 
0.0108865 -0.0193312 -0.00135258 0.00157547 -0.0193312 0.092269 0.00157041 -0.00378418 -0.00135258 0.00157041 0.00913369 -0.0173353 0.00157547 -0.00378418 -0.0173353 0.0873552 
0.0109151 -0.0193905 -0.00134917 0.00158249 -0.0193905 0.0923523 0.00157742 -0.00389535 -0.00134917 0.00157742 0.00911452 -0.0173262 0.00158249 -0.00389535 -0.0173262 0.087331 
0.0109428 -0.0194336 -0.00134252 0.00157049 -0.0194336 0.0924768 0.00157049 -0.00390091 -0.00134252 0.00157049 0.00912407 -0.017321 0.00157049 -0.00390091 -0.017321 0.0873449 
0.0109895 -0.0194783 -0.00133635 0.00154389 -0.0194783 0.0926131 0.00154389 -0.0038167 -0.00133635 0.00154389 0.00910642 -0.0173169 0.00154389 -0.0038167 -0.0173169 0.0873183 
0.0110327 -0.0195367 -0.00132452 0.00152019 -0.0195367 0.0927417 0.00152521 -0.0037478 -0.00132452 0.00152521 0.0091061 -0.0173041 0.00152019 -0.0037478 -0.0173041 0.0873182 
0.011042 -0.0195862 -0.00128665 0.0014525 -0.0195862 0.0928546 0.0014525 -0.0035433 -0.00128665 0.0014525 0.00909699 -0.0172943 0.0014525 -0.0035433 -0.0172943 0.0872758 
0.0109839 -0.0195466 -0.00127908 0.00143136 -0.0195466 0.0928046 0.00143643 -0.00346165 -0.00127908 0.00143643 0.00911094 -0.0173285 0.00143136 -0.00346165 -0.0173285 0.0873685 
0.0109043 -0.0194836 -0.00128436 0.00144173 -0.0194836 0.0926919 0.00143665 -0.00346217 -0.00128436 0.00143665 0.00917832 -0.0173464 0.00144173 -0.00346217 -0.0173464 0.0874428 
0.0108168 -0.0193948 -0.00128007 0.00143817 -0.0193948 0.0925067 0.00143307 -0.00345262 -0.00128007 0.00143307 0.00922569 -0.0173957 0.00143817 -0.00345262 -0.0173957 0.0875038 
0.0107676 -0.0192982 -0.00130146 0.00145398 -0.0192982 0.0922766 0.00144889 -0.00348243 -0.00130146 0.00144889 0.00927291 -0.0174477 0.00145398 -0.00348243 -0.0174477 0.0876097 
0.0107536 -0.0192268 -0.00130746 0.00148483 -0.0192268 0.0920544 0.00147469 -0.00355244 -0.00130746 0.00147469 0.00930426 -0.0175291 0.00148483 -0.00355244 -0.0175291 0.0877925 
0.0107798 -0.0192283 -0.00130757 0.00149509 -0.0192283 0.0920162 0.00149002 -0.00360848 -0.00130757 0.00149002 0.00931008 -0.0175457 0.00149509 -0.00360848 -0.0175457 0.0878857 
0.0108412 -0.0192901 -0.0013072 0.00149899 -0.0192901 0.09213 0.00150404 -0.00365411 -0.0013072 0.00150404 0.0092766 -0.0175286 0.00149899 -0.00365411 -0.0175286 0.0878652 
0.0109001 -0.0193589 -0.00130135 0.00148798 -0.0193589 0.0922953 0.00148798 -0.00363169 -0.00130135 0.00148798 0.00924062 -0.0174977 0.00148798 -0.00363169 -0.0174977 0.0878061 
0.0109468 -0.0194274 -0.00128845 0.00148474 -0.0194274 0.0924515 0.00147971 -0.00360364 -0.00128845 0.00147971 0.00921042 -0.0174646 0.00148474 -0.00360364 -0.0174646 0.0877607 
0.0109339 -0.0194543 -0.00127503 0.00144199 -0.0194543 0.0925204 0.00144199 -0.0035215 -0.00127503 0.00144199 0.00920346 -0.0174507 0.00144199 -0.0035215 -0.0174507 0.0877238 
0.0109009 -0.019435 -0.00132777 0.00145446 -0.019435 0.0925078 0.00145446 -0.00351199 -0.00132777 0.00145446 0.00922341 -0.0174535 0.00145446 -0.00351199 -0.0174535 0.0877389 
0.010883 -0.0194044 -0.00134015 0.00149692 -0.0194044 0.0924501 0.00149692 -0.00358553 -0.00134015 0.00149692 0.00924957 -0.0174725 0.00149692 -0.00358553 -0.0174725 0.087752 
0.0108906 -0.019388 -0.00133797 0.00151468 -0.019388 0.092416 0.00151468 -0.00363524 -0.00133797 0.00151468 0.00924463 -0.0174845 0.00151468 -0.00363524 -0.0174845 0.0877608 
0.0109246 -0.0193996 -0.00132327 0.0015152 -0.0193996 0.0924169 0.0015152 -0.00366173 -0.00132327 0.0015152 0.00919725 -0.0174652 0.0015152 -0.00366173 -0.0174652 0.0877198 
0.0109108 -0.0194319 -0.00131639 0.00148347 -0.0194319 0.0924662 0.00148853 -0.0036302 -0.00131639 0.00148853 0.00919447 -0.0174168 0.00148347 -0.0036302 -0.0174168 0.0876462 
0.0108767 -0.0194202 -0.00131594 0.0015032 -0.0194202 0.0924799 0.0015032 -0.00364919 -0.00131594 0.0015032 0.00923686 -0.017426 0.0015032 -0.00364919 -0.017426 0.0876363 
0.0108146 -0.0193824 -0.0013026 0.00148435 -0.0193824 0.0924389 0.0014894 -0.00362001 -0.0013026 0.0014894 0.00931003 -0.0174588 0.00148435 -0.00362001 -0.0174588 0.0876728 
0.0106828 -0.0192747 -0.00131131 0.00147332 -0.0192747 0.0921863 0.00146826 -0.0035947 -0.00131131 0.00146826 0.00943229 -0.0175786 0.00147332 -0.0035947 -0.0175786 0.0879132 
0.0106374 -0.0191432 -0.00133794 0.00147529 -0.0191432 0.0919159 0.00147529 -0.00357632 -0.00133794 0.00147529 0.00944188 -0.0176883 0.00147529 -0.00357632 -0.0176883 0.0881412 
0.0106563 -0.0190914 -0.00137352 0.00153691 -0.0190914 0.0917247 0.00153691 -0.00369676 -0.00137352 0.00153691 0.0094002 -0.0177077 0.00153691 -0.00369676 -0.0177077 0.0882832 
0.0107578 -0.0191273 -0.00136188 0.00156006 -0.0191273 0.0917185 0.00156514 -0.00376041 -0.00136188 0.00156514 0.00930448 -0.0176333 0.00156006 -0.00376041 -0.0176333 0.0881715 
0.0108397 -0.019238 -0.00134737 0.00152972 -0.019238 0.0919047 0.00153985 -0.00374325 -0.00134737 0.00153985 0.0092239 -0.0175208 0.00152972 -0.00374325 -0.0175208 0.0879233 
0.0108384 -0.019338 -0.00134657 0.00152881 -0.019338 0.0921438 0.00154906 -0.00376634 -0.00134657 0.00154906 0.00924374 -0.0174295 0.00152881 -0.00376634 -0.0174295 0.0877093 
0.0107448 -0.0193222 -0.00134818 0.00154659 -0.0193222 0.0922156 0.00155677 -0.00379017 -0.00134818 0.00155677 0.00932026 -0.0174602 0.00154659 -0.00379017 -0.0174602 0.0876624 
0.0107504 -0.0192427 -0.00133042 0.00150883 -0.0192427 0.0921408 0.00151393 -0.00369562 -0.00133042 0.00151393 0.00929768 -0.0175198 0.00150883 -0.00369562 -0.0175198 0.0877265 
0.0107984 -0.0192505 -0.00132621 0.00148944 -0.0192505 0.0921004 0.00148944 -0.00363688 -0.00132621 0.00148944 0.00922228 -0.0174754 0.00148944 -0.00363688 -0.0174754 0.0876882 
0.0108524 -0.0192853 -0.00131189 0.00148034 -0.0192853 0.0921282 0.00148034 -0.00358344 -0.00131189 0.00148034 0.00913727 -0.0174016 0.00148034 -0.00358344 -0.0174016 0.0875595 
0.0109333 -0.0193573 -0.00128537 0.0014646 -0.0193573 0.0922443 0.00145436 -0.00352836 -0.00128537 0.00145436 0.00903341 -0.0172987 0.0014646 -0.00352836 -0.0172987 0.087323 
0.010977 -0.0194308 -0.00124879 0.00144408 -0.0194308 0.0924158 0.00143894 -0.0034997 -0.00124879 0.00143894 0.00894711 -0.0171747 0.00144408 -0.0034997 -0.0171747 0.0870454 
0.011018 -0.0195056 -0.00124471 0.00142911 -0.0195056 0.0926106 0.00141887 -0.00346265 -0.00124471 0.00141887 0.00890763 -0.0170725 0.00142911 -0.00346265 -0.0170725 0.0867559 
0.0110288 -0.019538 -0.00123167 0.00140032 -0.019538 0.0927071 0.0013901 -0.00339347 -0.00123167 0.0013901 0.00890786 -0.0170338 0.00140032 -0.00339347 -0.0170338 0.0865999 
0.0110452 -0.0195435 -0.00123519 0.00140872 -0.0195435 0.0927563 0.00139852 -0.00339931 -0.00123519 0.00139852 0.00889129 -0.0170323 0.00140872 -0.00339931 -0.0170323 0.0865497 
0.0110771 -0.0195487 -0.00121828 0.00140255 -0.0195487 0.0927528 0.0013872 -0.00339377 -0.00121828 0.0013872 0.00885042 -0.0170303 0.00140255 -0.00339377 -0.0170303 0.0865642 
0.0111284 -0.0195903 -0.00120738 0.00139234 -0.0195903 0.0928087 0.0013872 -0.00338065 -0.00120738 0.0013872 0.00877017 -0.0169752 0.00139234 -0.00338065 -0.0169752 0.0864892 
0.0111121 -0.0196301 -0.00120131 0.00135148 -0.0196301 0.0928843 0.00136183 -0.00331915 -0.00120131 0.00136183 0.00873541 -0.0168857 0.00135148 -0.00331915 -0.0168857 0.086303 
0.0110871 -0.0196149 -0.00120715 0.00139366 -0.0196149 0.0928934 0.00139884 -0.00339866 -0.00120715 0.00139884 0.00874534 -0.0168431 0.00139366 -0.00339866 -0.0168431 0.0861686 
0.0110429 -0.0196153 -0.00118133 0.00137138 -0.0196153 0.0929197 0.00138165 -0.00338478 -0.00118133 0.00138165 0.00880865 -0.016816 0.00137138 -0.00338478 -0.016816 0.086032 
0.0109701 -0.0195684 -0.00119107 0.00135977 -0.0195684 0.0928525 0.00136488 -0.00336363 -0.00119107 0.00136488 0.00890493 -0.0168897 0.00135977 -0.00336363 -0.0168897 0.0860946 
0.010929 -0.0194831 -0.0012053 0.00135278 -0.0194831 0.0927062 0.00135787 -0.00332601 -0.0012053 0.00135787 0.00897107 -0.0170115 0.00135278 -0.00332601 -0.0170115 0.0863237 
0.0109192 -0.0194091 -0.00123249 0.00137 -0.0194091 0.0924823 0.00137 -0.00332568 -0.00123249 0.00137 0.00898391 -0.0171224 0.00137 -0.00332568 -0.0171224 0.0866459 
0.0109403 -0.0193943 -0.00122523 0.0013988 -0.0193943 0.0923617 0.0013937 -0.00335406 -0.00122523 0.0013937 0.00894416 -0.0171481 0.0013988 -0.00335406 -0.0171481 0.0868176 
0.0109315 -0.0194087 -0.00117068 0.0013658 -0.0194087 0.0923454 0.0013658 -0.00330153 -0.00117068 0.0013658 0.00890336 -0.017093 0.0013658 -0.00330153 -0.017093 0.0867692 
0.010963 -0.0194213 -0.00114454 0.00130878 -0.0194213 0.0923896 0.00131904 -0.00320779 -0.00114454 0.00131904 0.00884324 -0.0170193 0.00130878 -0.00320779 -0.0170193 0.0866001 
0.0109466 -0.0194185 -0.00113471 0.00131955 -0.0194185 0.0923943 0.00132469 -0.00322443 -0.00113471 0.00132469 0.00885178 -0.0169796 0.00131955 -0.00322443 -0.0169796 0.0865051 
0.0109109 -0.019417 -0.001128 0.0012972 -0.019417 0.0923885 0.00130233 -0.0031943 -0.001128 0.00130233 0.00888046 -0.0169764 0.0012972 -0.0031943 -0.0169764 0.086446 
0.0108707 -0.0193749 -0.00114212 0.0013119 -0.0193749 0.092301 0.00130675 -0.00321029 -0.00114212 0.00130675 0.0089209 -0.0170238 0.0013119 -0.00321029 -0.0170238 0.0865183 
0.0108419 -0.0193265 -0.00117099 0.00135075 -0.0193265 0.0922001 0.00135588 -0.00332808 -0.00117099 0.00135588 0.00896732 -0.0170821 0.00135075 -0.00332808 -0.0170821 0.0866636 
0.0108267 -0.0192737 -0.00120012 0.00137449 -0.0192737 0.0920603 0.00137962 -0.00337469 -0.00120012 0.00137962 0.00900601 -0.0171453 0.00137449 -0.00337469 -0.0171453 0.0868238 
0.0108313 -0.0192585 -0.00123524 0.001419 -0.0192585 0.092 0.001419 -0.00346582 -0.00123524 0.001419 0.00902952 -0.0171913 0.001419 -0.00346582 -0.0171913 0.086957 
0.0108262 -0.019292 -0.00122619 0.001405 -0.019292 0.0920456 0.00139989 -0.00341799 -0.00122619 0.00139989 0.00905333 -0.0172024 0.001405 -0.00341799 -0.0172024 0.0870029 
0.0108242 -0.0192989 -0.00122093 0.00139022 -0.0192989 0.0921034 0.00139022 -0.00337039 -0.00122093 0.00139022 0.00905439 -0.017211 0.00139022 -0.00337039 -0.017211 0.0870094 
0.010793 -0.0192651 -0.00120664 0.00137095 -0.0192651 0.0920434 0.00138122 -0.00333751 -0.00120664 0.00138122 0.00906262 -0.0172215 0.00137095 -0.00333751 -0.0172215 0.0870422 
0.0107766 -0.0192381 -0.00120366 0.00137781 -0.0192381 0.0919903 0.00138805 -0.00336 -0.00120366 0.00138805 0.00908635 -0.0172354 0.00137781 -0.00336 -0.0172354 0.0870732 
0.0107617 -0.0192205 -0.0012128 0.00137655 -0.0192205 0.0919423 0.00138167 -0.00335694 -0.0012128 0.00138167 0.00910877 -0.0172606 0.00137655 -0.00335694 -0.0172606 0.0871065 
0.0107709 -0.0192224 -0.00121615 0.00139062 -0.0192224 0.0919503 0.00139575 -0.00340215 -0.00121615 0.00139575 0.00910318 -0.0172724 0.00139062 -0.00340215 -0.0172724 0.087137 
0.0108265 -0.019258 -0.00122061 0.00138986 -0.019258 0.0920486 0.00140011 -0.00341566 -0.00122061 0.00140011 0.00905715 -0.0172476 0.00138986 -0.00341566 -0.0172476 0.0870943 
0.01086 -0.0193095 -0.00124875 0.00140228 -0.0193095 0.092136 0.00141252 -0.00343405 -0.00124875 0.00141252 0.00903294 -0.0172112 0.00140228 -0.00343405 -0.0172112 0.0870284 
0.0109083 -0.0193585 -0.00124943 0.00142792 -0.0193585 0.0922587 0.00142282 -0.0034474 -0.00124943 0.00142282 0.00902137 -0.0171911 0.00142792 -0.0034474 -0.0171911 0.0869703 
0.0108633 -0.0193888 -0.00124777 0.00143621 -0.0193888 0.0923402 0.00142093 -0.00347848 -0.00124777 0.00142093 0.00909091 -0.0171887 0.00143621 -0.00347848 -0.0171887 0.0869773 
0.0107855 -0.0193392 -0.00124389 0.00140257 -0.0193392 0.0922833 0.00139234 -0.00340918 -0.00124389 0.00139234 0.00914745 -0.017266 0.00140257 -0.00340918 -0.017266 0.0870774 
0.0107202 -0.0192366 -0.00122546 0.00139538 -0.0192366 0.092069 0.00137478 -0.00335199 -0.00122546 0.00137478 0.00918064 -0.0173366 0.00139538 -0.00335199 -0.0173366 0.0872599 
0.0106734 -0.0191843 -0.00120191 0.00138682 -0.0191843 0.0919308 0.00138682 -0.00334891 -0.00120191 0.00138682 0.00922492 -0.0173609 0.00138682 -0.00334891 -0.0173609 0.0873543 
0.0106099 -0.0191051 -0.00121433 0.00138413 -0.0191051 0.0917179 0.00138927 -0.00339601 -0.00121433 0.00138927 0.00927727 -0.0174277 0.00138413 -0.00339601 -0.0174277 0.0874934 
0.0105696 -0.0190118 -0.00120603 0.00137166 -0.0190118 0.0914822 0.00137684 -0.00334893 -0.00120603 0.00137684 0.00930661 -0.0175055 0.00137166 -0.00334893 -0.0175055 0.0876726 
0.010513 -0.0189505 -0.00120905 0.00138548 -0.0189505 0.0912756 0.00138548 -0.0033677 -0.00120905 0.00138548 0.00934031 -0.0175287 0.00138548 -0.0033677 -0.0175287 0.0877886 
0.0105021 -0.0188809 -0.00121996 0.0013757 -0.0188809 0.0910922 0.00138089 -0.0033536 -0.00121996 0.00138089 0.0093392 -0.0175623 0.0013757 -0.0033536 -0.0175623 0.0878736 
0.0105259 -0.0188783 -0.00120059 0.00136619 -0.0188783 0.0910018 0.00136619 -0.00331198 -0.00120059 0.00136619 0.00929941 -0.0175328 0.00136619 -0.00331198 -0.0175328 0.0878243 
0.0105416 -0.0188964 -0.0011965 0.00135122 -0.0188964 0.0910061 0.00135122 -0.00329037 -0.0011965 0.00135122 0.0092935 -0.0174988 0.00135122 -0.00329037 -0.0174988 0.0877519 
0.0105461 -0.0189214 -0.0011906 0.00134456 -0.0189214 0.0910761 0.00134969 -0.0032485 -0.0011906 0.00134969 0.00928364 -0.0174639 0.00134456 -0.0032485 -0.0174639 0.0876326 
0.010632 -0.0189534 -0.00119604 0.00136399 -0.0189534 0.0911687 0.00135381 -0.0033031 -0.00119604 0.00135381 0.00920695 -0.017452 0.00136399 -0.0033031 -0.017452 0.0875602 
0.0107211 -0.0190743 -0.00116356 0.00133632 -0.0190743 0.0914135 0.00133632 -0.00325696 -0.00116356 0.00133632 0.00912052 -0.0173468 0.00133632 -0.00325696 -0.0173468 0.0873588 
0.0107484 -0.0191626 -0.0011365 0.00132507 -0.0191626 0.0916337 0.00133017 -0.00325152 -0.0011365 0.00133017 0.00907673 -0.0172769 0.00132507 -0.00325152 -0.0172769 0.0872049 
0.0107429 -0.0191896 -0.00116347 0.00132748 -0.0191896 0.0917655 0.00133261 -0.00328027 -0.00116347 0.00133261 0.00905662 -0.0172419 0.00132748 -0.00328027 -0.0172419 0.0871167 
0.0107645 -0.0192074 -0.00116083 0.0013347 -0.0192074 0.0918895 0.00134492 -0.00328816 -0.00116083 0.00134492 0.00904628 -0.0171874 0.0013347 -0.00328816 -0.0171874 0.086965 
0.0107335 -0.0192211 -0.00115112 0.00134553 -0.0192211 0.0919309 0.00135065 -0.00332034 -0.00115112 0.00135065 0.0090657 -0.0171747 0.00134553 -0.00332034 -0.0171747 0.0868967 
0.0106762 -0.0192306 -0.00112247 0.00129161 -0.0192306 0.0920013 0.00129161 -0.00319314 -0.00112247 0.00129161 0.00910787 -0.0171548 0.00129161 -0.00319314 -0.0171548 0.0867836 
