0.00859802 0 0.00121561 0 0 0.00998436 0 0 0.00121561 0 0.00570925 0 0 0 0 0.00998436 
0.011879 -0.0147258 0.00150123 -0.00183138 -0.0147258 0.0374062 -0.00183138 0.00351948 0.00150123 -0.00183138 0.00834709 -0.0103903 -0.00183138 0.00351948 -0.0103903 0.0291151 
0.0116467 -0.0214307 0.00137286 -0.00208184 -0.0214307 0.0775631 -0.00208184 0.00654846 0.00137286 -0.00208184 0.00861741 -0.0165129 -0.00208184 0.00654846 -0.0165129 0.0620943 
0.0109366 -0.0204163 0.00135604 -0.00160833 -0.0204163 0.0896689 -0.0015831 0.0051088 0.00135604 -0.0015831 0.00818038 -0.0169663 -0.00160833 0.0051088 -0.0169663 0.0781331 
0.0110129 -0.0196118 0.00141114 -0.00154325 -0.0196118 0.0915019 -0.00151322 0.00392717 0.00141114 -0.00151322 0.00806452 -0.0164653 -0.00154325 0.00392717 -0.0164653 0.0831432 
0.0112932 -0.0196729 0.00144242 -0.00164847 -0.0196729 0.0923661 -0.00161985 0.00386361 0.00144242 -0.00161985 0.0080821 -0.0161928 -0.00164847 0.00386361 -0.0161928 0.0842496 
0.0114728 -0.0199537 0.00140248 -0.00166647 -0.0199537 0.0933336 -0.00165547 0.00399844 0.00140248 -0.00165547 0.00813437 -0.0160708 -0.00166647 0.00399844 -0.0160708 0.0842367 
0.0114829 -0.0200724 0.00135848 -0.00160451 -0.0200724 0.0938531 -0.00159916 0.00394709 0.00135848 -0.00159916 0.00823113 -0.0160879 -0.00160451 0.00394709 -0.0160879 0.0841458 
0.0114434 -0.020047 0.00130707 -0.00154854 -0.020047 0.093936 -0.00153279 0.00381098 0.00130707 -0.00153279 0.00831487 -0.0161888 -0.00154854 0.00381098 -0.0161888 0.0842301 
0.0114304 -0.0199681 0.00129312 -0.00151124 -0.0199681 0.0937696 -0.00149566 0.00372877 0.00129312 -0.00149566 0.00835597 -0.0163224 -0.00151124 0.00372877 -0.0163224 0.084536 
0.0113796 -0.0199247 0.00128463 -0.00148746 -0.0199247 0.0935696 -0.00147706 0.00364584 0.00128463 -0.00147706 0.00839947 -0.0164141 -0.00148746 0.00364584 -0.0164141 0.0848633 
0.0112681 -0.0198807 0.00132781 -0.00149443 -0.0198807 0.0934672 -0.00149443 0.00365537 0.00132781 -0.00149443 0.00850317 -0.01647 -0.00149443 0.00365537 -0.01647 0.0850682 
0.0111894 -0.0197287 0.00137194 -0.0015493 -0.0197287 0.0931664 -0.00153886 0.00375065 0.00137194 -0.00153886 0.00857068 -0.0166041 -0.0015493 0.00375065 -0.0166041 0.0853938 
0.0111729 -0.0196369 0.00137002 -0.00160355 -0.0196369 0.0929122 -0.00159836 0.00387134 0.00137002 -0.00159836 0.00858857 -0.0166789 -0.00160355 0.00387134 -0.0166789 0.0856314 
0.0111599 -0.0196248 0.00135792 -0.00157123 -0.0196248 0.0927755 -0.00157123 0.00385524 0.00135792 -0.00157123 0.00857413 -0.0166748 -0.00157123 0.00385524 -0.0166748 0.0856737 
0.0112207 -0.0196517 0.00136102 -0.00156881 -0.0196517 0.0928406 -0.00157401 0.0038597 0.00136102 -0.00157401 0.00849861 -0.016618 -0.00156881 0.0038597 -0.016618 0.0855731 
0.0112896 -0.019753 0.00136938 -0.00160619 -0.019753 0.0930816 -0.00161648 0.00396398 0.00136938 -0.00161648 0.00846851 -0.01652 -0.00160619 0.00396398 -0.01652 0.0853492 
0.011319 -0.0198569 0.00134432 -0.00160087 -0.0198569 0.0933687 -0.001606 0.003956 0.00134432 -0.001606 0.00846101 -0.0164654 -0.00160087 0.003956 -0.0164654 0.085154 
0.0113108 -0.0198913 0.0013114 -0.0015368 -0.0198913 0.0935552 -0.00154192 0.00383175 0.0013114 -0.00154192 0.00847288 -0.0164694 -0.0015368 0.00383175 -0.0164694 0.0850721 
0.0112432 -0.0198753 0.00127729 -0.00147815 -0.0198753 0.0935615 -0.00148846 0.00366191 0.00127729 -0.00148846 0.00851355 -0.0164966 -0.00147815 0.00366191 -0.0164966 0.0851201 
0.0112417 -0.0197881 0.00124161 -0.00145889 -0.0197881 0.093436 -0.00145889 0.00358514 0.00124161 -0.00145889 0.00849466 -0.0165651 -0.00145889 0.00358514 -0.0165651 0.0852725 
0.011221 -0.0197717 0.00125197 -0.00142859 -0.0197717 0.0933157 -0.00144418 0.00354291 0.00125197 -0.00144418 0.00850403 -0.0165561 -0.00142859 0.00354291 -0.0165561 0.085352 
0.0112162 -0.0197374 0.00127221 -0.00145395 -0.0197374 0.0932397 -0.00145914 0.00356737 0.00127221 -0.00145914 0.00852118 -0.0165594 -0.00145395 0.00356737 -0.0165594 0.0853779 
0.0112004 -0.0197308 0.00126473 -0.00148332 -0.0197308 0.0931996 -0.00147812 0.00361723 0.00126473 -0.00147812 0.00852001 -0.0165664 -0.00148332 0.00361723 -0.0165664 0.0853614 
0.011213 -0.019747 0.00122285 -0.00143012 -0.019747 0.0932427 -0.00142494 0.00350275 0.00122285 -0.00142494 0.00851335 -0.0165344 -0.00143012 0.00350275 -0.0165344 0.0852682 
0.0111819 -0.0197474 0.00120436 -0.00142759 -0.0197474 0.0932291 -0.00142759 0.00351445 0.00120436 -0.00142759 0.00854475 -0.0165444 -0.00142759 0.00351445 -0.0165444 0.0852969 
0.0111852 -0.0196976 0.001196 -0.0013884 -0.0196976 0.0931475 -0.0013832 0.00342159 0.001196 -0.0013832 0.00854359 -0.0165984 -0.0013884 0.00342159 -0.0165984 0.0853943 
0.0112159 -0.0196939 0.001203 -0.00139485 -0.0196939 0.093061 -0.00138448 0.00340157 0.001203 -0.00138448 0.00852986 -0.0166138 -0.00139485 0.00340157 -0.0166138 0.0854852 
0.0112424 -0.0197142 0.00120215 -0.00140852 -0.0197142 0.0930554 -0.00138789 0.00342586 0.00120215 -0.00138789 0.00851305 -0.0165927 -0.00140852 0.00342586 -0.0165927 0.0854917 
0.0113235 -0.0197788 0.00118734 -0.00137238 -0.0197788 0.0931936 -0.00137238 0.00336671 0.00118734 -0.00137238 0.00845018 -0.0165508 -0.00137238 0.00336671 -0.0165508 0.0853808 
0.0113436 -0.0198333 0.00116515 -0.0013602 -0.0198333 0.0933099 -0.00135507 0.00332608 0.00116515 -0.00135507 0.00841785 -0.0165021 -0.0013602 0.00332608 -0.0165021 0.0852975 
0.0113421 -0.0198717 0.0011804 -0.00132923 -0.0198717 0.0934206 -0.00134976 0.00329484 0.0011804 -0.00134976 0.00842186 -0.0164691 -0.00132923 0.00329484 -0.0164691 0.0852143 
0.0112954 -0.0198704 0.00119988 -0.00133435 -0.0198704 0.0934767 -0.00136021 0.00326346 0.00119988 -0.00136021 0.00844052 -0.0164621 -0.00133435 0.00326346 -0.0164621 0.0851655 
0.0112607 -0.0198406 0.00122422 -0.00139984 -0.0198406 0.0934796 -0.00141017 0.00338855 0.00122422 -0.00141017 0.00848171 -0.0164779 -0.00139984 0.00338855 -0.0164779 0.085158 
0.0112232 -0.0197676 0.00124875 -0.00145601 -0.0197676 0.0933298 -0.00145083 0.00353381 0.00124875 -0.00145083 0.0085029 -0.0165395 -0.00145601 0.00353381 -0.0165395 0.0852829 
0.0111917 -0.0197234 0.00125269 -0.00149498 -0.0197234 0.0931886 -0.00149498 0.00366527 0.00125269 -0.00149498 0.00857292 -0.0165839 -0.00149498 0.00366527 -0.0165839 0.0854147 
0.0111653 -0.0196825 0.00125952 -0.00148664 -0.0196825 0.0930752 -0.00147632 0.00368564 0.00125952 -0.00147632 0.00859466 -0.0166628 -0.00148664 0.00368564 -0.0166628 0.0855698 
0.0111277 -0.0196451 0.00125837 -0.00146116 -0.0196451 0.0929474 -0.00144036 0.0035931 0.00125837 -0.00144036 0.00861096 -0.0166967 -0.00146116 0.0035931 -0.0166967 0.0856936 
0.0111155 -0.0196104 0.00123448 -0.00143848 -0.0196104 0.0928526 -0.00142802 0.0034942 0.00123448 -0.00142802 0.0085838 -0.0166916 -0.00143848 0.0034942 -0.0166916 0.085702 
0.0111382 -0.0196141 0.00122198 -0.00142478 -0.0196141 0.0928496 -0.00141958 0.00346834 0.00122198 -0.00141958 0.00856425 -0.0166293 -0.00142478 0.00346834 -0.0166293 0.0855905 
0.0110934 -0.0196667 0.00121586 -0.00138732 -0.0196667 0.0929402 -0.00139252 0.00340855 0.00121586 -0.00139252 0.00860972 -0.0165751 -0.00138732 0.00340855 -0.0165751 0.0854113 
0.0110409 -0.0196209 0.0012434 -0.00142397 -0.0196209 0.0929503 -0.00141365 0.00345674 0.0012434 -0.00141365 0.00869861 -0.0166233 -0.00142397 0.00345674 -0.0166233 0.0854229 
0.0110393 -0.0195457 0.00121742 -0.00143923 -0.0195457 0.0928332 -0.00143408 0.00349234 0.00121742 -0.00143408 0.00871795 -0.0167498 -0.00143923 0.00349234 -0.0167498 0.0856371 
0.0110862 -0.0195206 0.00122036 -0.00143663 -0.0195206 0.0927062 -0.00142633 0.00352205 0.00122036 -0.00142633 0.00869185 -0.0168173 -0.00143663 0.00352205 -0.0168173 0.0858886 
0.011089 -0.0195326 0.00123211 -0.00139778 -0.0195326 0.0926208 -0.00140813 0.0034582 0.00123211 -0.00140813 0.00867656 -0.0168199 -0.00139778 0.0034582 -0.0168199 0.0860253 
0.0111107 -0.0195848 0.00122243 -0.00137264 -0.0195848 0.0927338 -0.00139854 0.00336168 0.00122243 -0.00139854 0.00863471 -0.0167463 -0.00137264 0.00336168 -0.0167463 0.0858965 
0.011112 -0.0196098 0.00121619 -0.0013981 -0.0196098 0.0928047 -0.00141889 0.00341469 0.00121619 -0.00141889 0.00860689 -0.0166992 -0.0013981 0.00341469 -0.0166992 0.0857674 
0.0111553 -0.0196164 0.00123315 -0.00142486 -0.0196164 0.092854 -0.0014404 0.00349737 0.00123315 -0.0014404 0.00856986 -0.016663 -0.00142486 0.00349737 -0.016663 0.0856571 
0.0111436 -0.0196706 0.00123071 -0.00143238 -0.0196706 0.0929596 -0.00143755 0.00350079 0.00123071 -0.00143755 0.00858391 -0.0166042 -0.00143238 0.00350079 -0.0166042 0.0855134 
0.0111402 -0.0196586 0.00121838 -0.0014343 -0.0196586 0.0929981 -0.0014343 0.00351121 0.00121838 -0.0014343 0.0086058 -0.0166255 -0.0014343 0.00351121 -0.0166255 0.0854719 
0.0110909 -0.0196311 0.00123689 -0.00141652 -0.0196311 0.0929205 -0.00142165 0.0034951 0.00123689 -0.00142165 0.00867874 -0.0166903 -0.00141652 0.0034951 -0.0166903 0.0856172 
0.0110607 -0.0195845 0.0012221 -0.00141289 -0.0195845 0.0928484 -0.00140773 0.0034394 0.0012221 -0.00140773 0.00868875 -0.0167432 -0.00141289 0.0034394 -0.0167432 0.0857427 
0.0110255 -0.0195094 0.00121125 -0.0013976 -0.0195094 0.0926502 -0.0013976 0.00341634 0.00121125 -0.0013976 0.00869097 -0.016797 -0.0013976 0.00341634 -0.016797 0.0859055 
0.0110722 -0.0194722 0.00123255 -0.00142934 -0.0194722 0.0924929 -0.00142416 0.00348013 0.00123255 -0.00142416 0.00862265 -0.0167999 -0.00142934 0.00348013 -0.0167999 0.0859935 
0.0111195 -0.0195565 0.00124012 -0.00144248 -0.0195565 0.0926039 -0.00144248 0.00353874 0.00124012 -0.00144248 0.00856147 -0.0166923 -0.00144248 0.00353874 -0.0166923 0.085817 
0.0111715 -0.0196412 0.00121294 -0.00144719 -0.0196412 0.0928234 -0.00144199 0.00355551 0.00121294 -0.00144199 0.00851658 -0.0166011 -0.00144719 0.00355551 -0.0166011 0.0855666 
0.0111817 -0.0197174 0.00119043 -0.00139316 -0.0197174 0.093082 -0.00140356 0.00347771 0.00119043 -0.00140356 0.00850973 -0.01651 -0.00139316 0.00347771 -0.01651 0.0852793 
0.0111582 -0.0197237 0.00117372 -0.00134065 -0.0197237 0.0931674 -0.00134065 0.00330207 0.00117372 -0.00134065 0.00850817 -0.0164947 -0.00134065 0.00330207 -0.0164947 0.0851287 
0.0111027 -0.0196621 0.00120114 -0.00135781 -0.0196621 0.0930569 -0.00134736 0.00331096 0.00120114 -0.00134736 0.00854375 -0.0165339 -0.00135781 0.00331096 -0.0165339 0.0851921 
0.0111177 -0.0196238 0.00119137 -0.00139426 -0.0196238 0.0929683 -0.00139426 0.00338161 0.00119137 -0.00139426 0.00855808 -0.0165699 -0.00139426 0.00338161 -0.0165699 0.0852583 
0.0111259 -0.0196029 0.00117389 -0.00137126 -0.0196029 0.092872 -0.00137126 0.00337103 0.00117389 -0.00137126 0.00855482 -0.0165954 -0.00137126 0.00337103 -0.0165954 0.0853456 
0.0111918 -0.0196399 0.00115955 -0.00134591 -0.0196399 0.0929247 -0.00134073 0.00330783 0.00115955 -0.00134073 0.00849993 -0.0165702 -0.00134591 0.00330783 -0.0165702 0.0853306 
0.0112523 -0.0197069 0.00114587 -0.00132653 -0.0197069 0.0930427 -0.00132653 0.00323631 0.00114587 -0.00132653 0.00845467 -0.0165222 -0.00132653 0.00323631 -0.0165222 0.085259 
0.0112583 -0.0197562 0.00114237 -0.00132328 -0.0197562 0.0931365 -0.00131812 0.00322551 0.00114237 -0.00131812 0.00845145 -0.0164894 -0.00132328 0.00322551 -0.0164894 0.0852071 
0.01125 -0.0197816 0.00113996 -0.00133597 -0.0197816 0.0932495 -0.00132565 0.00324965 0.00113996 -0.00132565 0.00845425 -0.0164752 -0.00133597 0.00324965 -0.0164752 0.0851408 
0.011207 -0.0197568 0.00112539 -0.00130774 -0.0197568 0.0932143 -0.00130774 0.00319381 0.00112539 -0.00130774 0.00845082 -0.0164953 -0.00130774 0.00319381 -0.0164953 0.0851595 
0.0111925 -0.0196917 0.00108467 -0.00130474 -0.0196917 0.0930875 -0.00130474 0.00319636 0.00108467 -0.00130474 0.00845202 -0.0165058 -0.00130474 0.00319636 -0.0165058 0.0852223 
0.0111674 -0.0196634 0.0010895 -0.00128331 -0.0196634 0.092969 -0.00127807 0.00317946 0.0010895 -0.00127807 0.00845411 -0.0164839 -0.00128331 0.00317946 -0.0164839 0.0852011 
0.0111594 -0.0196488 0.00111594 -0.00128281 -0.0196488 0.0929357 -0.00127759 0.0031653 0.00111594 -0.00127759 0.00847383 -0.0164731 -0.00128281 0.0031653 -0.0164731 0.0851346 
0.011118 -0.0196197 0.00112799 -0.0012951 -0.0196197 0.0928347 -0.00128466 0.0031542 0.00112799 -0.00128466 0.00849648 -0.0165021 -0.0012951 0.0031542 -0.0165021 0.0851424 
0.0111307 -0.0196433 0.00109907 -0.00130126 -0.0196433 0.0929131 -0.00128052 0.00314687 0.00109907 -0.00128052 0.00850744 -0.0164705 -0.00130126 0.00314687 -0.0164705 0.0850588 
0.0111174 -0.0196044 0.00106152 -0.00128418 -0.0196044 0.0928386 -0.00127382 0.00315866 0.00106152 -0.00127382 0.00851802 -0.0165234 -0.00128418 0.00315866 -0.0165234 0.0851284 
0.0111394 -0.0196181 0.00103008 -0.00123195 -0.0196181 0.0928469 -0.00122678 0.00307471 0.00103008 -0.00122678 0.00849427 -0.0165227 -0.00123195 0.00307471 -0.0165227 0.0851808 
0.0111573 -0.0196505 0.0010326 -0.00116684 -0.0196505 0.0929086 -0.00118233 0.00291711 0.0010326 -0.00118233 0.00848801 -0.0165062 -0.00116684 0.00291711 -0.0165062 0.0851589 
0.0111675 -0.0196696 0.0010279 -0.00117253 -0.0196696 0.0929917 -0.00118803 0.0028771 0.0010279 -0.00118803 0.00847633 -0.0164929 -0.00117253 0.0028771 -0.0164929 0.0851352 
0.0111538 -0.019668 0.000998929 -0.00118008 -0.019668 0.0930039 -0.00119043 0.00287257 0.000998929 -0.00119043 0.00848313 -0.0165004 -0.00118008 0.00287257 -0.0165004 0.0851315 
0.0111126 -0.0196547 0.000965857 -0.00116318 -0.0196547 0.0929768 -0.00117357 0.0028768 0.000965857 -0.00117357 0.00851097 -0.016513 -0.00116318 0.0028768 -0.016513 0.0851772 
0.0110629 -0.019594 0.000972161 -0.00115412 -0.019594 0.0928596 -0.00115412 0.00288009 0.000972161 -0.00115412 0.00856229 -0.0165579 -0.00115412 0.00288009 -0.0165579 0.085285 
0.0110363 -0.0195261 0.000949692 -0.00114276 -0.0195261 0.0926837 -0.00113754 0.00283342 0.000949692 -0.00113754 0.00857332 -0.0166092 -0.00114276 0.00283342 -0.0166092 0.0854045 
0.0110731 -0.0194951 0.000968765 -0.00112502 -0.0194951 0.0925639 -0.00110939 0.00278129 0.000968765 -0.00110939 0.00853138 -0.0166148 -0.00112502 0.00278129 -0.0166148 0.0854649 
0.0111183 -0.0195196 0.000988991 -0.00111912 -0.0195196 0.0925227 -0.00110871 0.00273274 0.000988991 -0.00110871 0.00847409 -0.0165734 -0.00111912 0.00273274 -0.0165734 0.0854124 
0.0111285 -0.0195546 0.00100361 -0.00116042 -0.0195546 0.0925514 -0.00115519 0.00280696 0.00100361 -0.00115519 0.00843657 -0.0165177 -0.00116042 0.00280696 -0.0165177 0.0852961 
0.0111264 -0.0196153 0.000964775 -0.00115354 -0.0196153 0.092739 -0.00114305 0.00278422 0.000964775 -0.00114305 0.00841557 -0.0164222 -0.00115354 0.00278422 -0.0164222 0.0850365 
0.0111104 -0.0196088 0.00092804 -0.00112095 -0.0196088 0.0928093 -0.00113138 0.00278412 0.00092804 -0.00113138 0.008441 -0.0163971 -0.00112095 0.00278412 -0.0163971 0.0848896 
0.0110863 -0.019609 0.000883989 -0.00108159 -0.019609 0.0928657 -0.00109199 0.00270397 0.000883989 -0.00109199 0.0084759 -0.0164006 -0.00108159 0.00270397 -0.0164006 0.0848318 
0.0110818 -0.019605 0.000837335 -0.00100273 -0.019605 0.0928873 -0.00101824 0.00254819 0.000837335 -0.00101824 0.00852324 -0.0164417 -0.00100273 0.00254819 -0.0164417 0.0848758 
0.0110621 -0.0195445 0.000800919 -0.000946541 -0.0195445 0.0927246 -0.000951742 0.00236635 0.000800919 -0.000951742 0.00852927 -0.0165333 -0.000946541 0.00236635 -0.0165333 0.0850951 
0.0110223 -0.0194825 0.000836606 -0.000956868 -0.0194825 0.0925286 -0.000962097 0.00236341 0.000836606 -0.000962097 0.00853338 -0.0165909 -0.000956868 0.00236341 -0.0165909 0.0853286 
0.0110266 -0.0194353 0.000874378 -0.000989565 -0.0194353 0.0923699 -0.000989565 0.00240847 0.000874378 -0.000989565 0.0085134 -0.0165975 -0.000989565 0.00240847 -0.0165975 0.0854167 
0.0110225 -0.0194554 0.000905025 -0.00104104 -0.0194554 0.0923648 -0.00104104 0.00252675 0.000905025 -0.00104104 0.00850619 -0.0165468 -0.00104104 0.00252675 -0.0165468 0.0853391 
0.0110346 -0.019463 0.00094344 -0.00106854 -0.019463 0.0923894 -0.00107896 0.00262183 0.00094344 -0.00107896 0.00850139 -0.0165232 -0.00106854 0.00262183 -0.0165232 0.0852328 
0.0110159 -0.0194793 0.000946152 -0.00111251 -0.0194793 0.0924318 -0.00110211 0.00269809 0.000946152 -0.00110211 0.00852577 -0.0165109 -0.00111251 0.00269809 -0.0165109 0.0851693 
0.0109617 -0.0194702 0.000956356 -0.00111228 -0.0194702 0.0924547 -0.00110709 0.00272354 0.000956356 -0.00110709 0.00858121 -0.0165283 -0.00111228 0.00272354 -0.0165283 0.0851573 
0.0108146 -0.0193986 0.000953771 -0.00111534 -0.0193986 0.092349 -0.00111013 0.00273623 0.000953771 -0.00111013 0.00871423 -0.0165946 -0.00111534 0.00273623 -0.0165946 0.0852765 
0.0107762 -0.0192384 0.000940242 -0.00111784 -0.0192384 0.0920497 -0.00109695 0.00274237 0.000940242 -0.00109695 0.00874425 -0.0167468 -0.00111784 0.00274237 -0.0167468 0.0855568 
0.0108318 -0.0192063 0.000929923 -0.00111175 -0.0192063 0.0918858 -0.00110656 0.00274301 0.000929923 -0.00110656 0.00870699 -0.016775 -0.00111175 0.00274301 -0.016775 0.0857244 
0.0108464 -0.0192456 0.000902139 -0.00106805 -0.0192456 0.0918782 -0.00106805 0.00263901 0.000902139 -0.00106805 0.00870512 -0.0167362 -0.00106805 0.00263901 -0.0167362 0.0857239 
0.0108759 -0.0192843 0.000876088 -0.00102642 -0.0192843 0.0919944 -0.00103161 0.00254014 0.000876088 -0.00103161 0.00867794 -0.0167131 -0.00102642 0.00254014 -0.0167131 0.0856441 
0.0109222 -0.019304 0.000869223 -0.00100375 -0.019304 0.0920445 -0.00101927 0.00248867 0.000869223 -0.00101927 0.00863015 -0.0167067 -0.00100375 0.00248867 -0.0167067 0.0856444 
0.0109038 -0.019353 0.000878508 -0.00102837 -0.019353 0.0921296 -0.00104904 0.00253734 0.000878508 -0.00104904 0.00866105 -0.0166761 -0.00102837 0.00253734 -0.0166761 0.0856131 
0.0108565 -0.0192889 0.000916794 -0.00104111 -0.0192889 0.0920213 -0.00104629 0.00257428 0.000916794 -0.00104629 0.00868106 -0.0167302 -0.00104111 0.00257428 -0.0167302 0.0857229 
0.0108365 -0.0192741 0.000940958 -0.00109089 -0.0192741 0.0919708 -0.00109606 0.00267294 0.000940958 -0.00109606 0.00871161 -0.0167511 -0.00109089 0.00267294 -0.0167511 0.0857667 
0.0108115 -0.0192772 0.000917715 -0.00110848 -0.0192772 0.092019 -0.00109816 0.00272737 0.000917715 -0.00109816 0.00875438 -0.0167457 -0.00110848 0.00272737 -0.0167457 0.0857496 
0.0107958 -0.019242 0.000910865 -0.00109718 -0.019242 0.0919559 -0.00109718 0.0027533 0.000910865 -0.00109718 0.00877225 -0.0168148 -0.00109718 0.0027533 -0.0168148 0.0858593 
0.010825 -0.019214 0.000946475 -0.00109646 -0.019214 0.0919012 -0.00109646 0.00274633 0.000946475 -0.00109646 0.00875102 -0.0168452 -0.00109646 0.00274633 -0.0168452 0.0859741 
0.0109325 -0.0192746 0.000939591 -0.00107975 -0.0192746 0.0919865 -0.00107975 0.00267342 0.000939591 -0.00107975 0.00863801 -0.0167932 -0.00107975 0.00267342 -0.0167932 0.0859181 
0.0110019 -0.0193889 0.000953294 -0.00107311 -0.0193889 0.092183 -0.00107311 0.00263588 0.000953294 -0.00107311 0.00855881 -0.0166696 -0.00107311 0.00263588 -0.0166696 0.0857027 
0.0110649 -0.0195198 0.000927281 -0.00107315 -0.0195198 0.0925406 -0.00106273 0.00257347 0.000927281 -0.00106273 0.00848619 -0.0165192 -0.00107315 0.00257347 -0.0165192 0.0853099 
0.0110324 -0.0195482 0.000913709 -0.00110689 -0.0195482 0.092671 -0.00109123 0.00266803 0.000913709 -0.00109123 0.00851577 -0.0164781 -0.00110689 0.00266803 -0.0164781 0.0851264 
0.0110011 -0.0194832 0.000898905 -0.00110795 -0.0194832 0.0925872 -0.00109227 0.00273852 0.000898905 -0.00109227 0.00854482 -0.0165357 -0.00110795 0.00273852 -0.0165357 0.0851764 
0.0109903 -0.0194842 0.000884456 -0.00104146 -0.0194842 0.0925695 -0.00103099 0.00260103 0.000884456 -0.00103099 0.00855672 -0.0165273 -0.00104146 0.00260103 -0.0165273 0.0851642 
0.0110216 -0.0194406 0.000867511 -0.00100861 -0.0194406 0.0924631 -0.00100339 0.00248756 0.000867511 -0.00100339 0.00852356 -0.0165611 -0.00100861 0.00248756 -0.0165611 0.0852199 
0.0109896 -0.0194704 0.000824088 -0.000970129 -0.0194704 0.0924387 -0.000975345 0.00237838 0.000824088 -0.000975345 0.0085434 -0.0165235 -0.000970129 0.00237838 -0.0165235 0.0851836 
0.0109446 -0.0194217 0.000813801 -0.000954651 -0.0194217 0.0923612 -0.000959868 0.00235272 0.000813801 -0.000959868 0.00859186 -0.0165577 -0.000954651 0.00235272 -0.0165577 0.0852405 
0.0108734 -0.0193646 0.000802731 -0.000933045 -0.0193646 0.0922203 -0.000933045 0.00230394 0.000802731 -0.000933045 0.00865282 -0.0166176 -0.000933045 0.00230394 -0.0166176 0.0853449 
0.0108193 -0.0193081 0.000750984 -0.000932256 -0.0193081 0.0921173 -0.000921898 0.00227885 0.000750984 -0.000921898 0.00872177 -0.0166667 -0.000932256 0.00227885 -0.0166667 0.0854516 
0.01078 -0.0192249 0.000740415 -0.000900924 -0.0192249 0.0919098 -0.000895746 0.00226267 0.000740415 -0.000895746 0.00876071 -0.016781 -0.000900924 0.00226267 -0.016781 0.0857017 
0.0107904 -0.0191436 0.000739499 -0.000885315 -0.0191436 0.091677 -0.000890523 0.00223933 0.000739499 -0.000890523 0.00874379 -0.0168731 -0.000885315 0.00223933 -0.0168731 0.0859901 
0.0108393 -0.0191583 0.000758174 -0.000878436 -0.0191583 0.0916136 -0.000894122 0.00222223 0.000758174 -0.000894122 0.00867978 -0.0168315 -0.000878436 0.00222223 -0.0168315 0.0860554 
0.0108763 -0.019239 0.000780244 -0.000890211 -0.019239 0.0917546 -0.00090592 0.00222553 0.000780244 -0.00090592 0.00862981 -0.0167307 -0.000890211 0.00222553 -0.0167307 0.0858792 
0.0108882 -0.0192916 0.000796825 -0.000906913 -0.0192916 0.0919127 -0.000917398 0.00222272 0.000796825 -0.000917398 0.00860781 -0.0166599 -0.000906913 0.00222272 -0.0166599 0.0856377 
0.0109309 -0.0193228 0.000785266 -0.000900439 -0.0193228 0.0920384 -0.000900439 0.00219351 0.000785266 -0.000900439 0.00855417 -0.0166058 -0.000900439 0.00219351 -0.0166058 0.085437 
0.0109196 -0.0193382 0.00080576 -0.000941797 -0.0193382 0.0920659 -0.000936565 0.00228124 0.00080576 -0.000936565 0.00856512 -0.0165809 -0.000941797 0.00228124 -0.0165809 0.085353 
0.0108771 -0.0193614 0.000799323 -0.00094038 -0.0193614 0.0921677 -0.00094038 0.00230393 0.000799323 -0.00094038 0.0086097 -0.0165507 -0.00094038 0.00230393 -0.0165507 0.0852454 
0.0108521 -0.0193002 0.000822287 -0.000963699 -0.0193002 0.0920804 -0.000953224 0.00237782 0.000822287 -0.000953224 0.00864187 -0.016629 -0.000963699 0.00237782 -0.016629 0.0853397 
0.0108477 -0.0192707 0.000829187 -0.000976132 -0.0192707 0.0920031 -0.000970884 0.00240884 0.000829187 -0.000970884 0.00864349 -0.0166572 -0.000976132 0.00240884 -0.0166572 0.0854378 
0.0109474 -0.0193232 0.000812073 -0.000952624 -0.0193232 0.0921286 -0.000942213 0.00233731 0.000812073 -0.000942213 0.00857361 -0.0166111 -0.000952624 0.00233731 -0.0166111 0.0853613 
0.0110549 -0.019398 0.000772601 -0.000943714 -0.019398 0.0922507 -0.000943714 0.00231262 0.000772601 -0.000943714 0.0085038 -0.016572 -0.000943714 0.00231262 -0.016572 0.0852972 
0.0110613 -0.0194638 0.000753 -0.0009036 -0.0194638 0.0923126 -0.000913987 0.00226419 0.000753 -0.000913987 0.00848034 -0.01654 -0.0009036 0.00226419 -0.01654 0.0852656 
0.0110747 -0.0195133 0.000769511 -0.000883897 -0.0195133 0.0924713 -0.000899496 0.00223054 0.000769511 -0.000899496 0.00845422 -0.0164873 -0.000883897 0.00223054 -0.0164873 0.0851661 
0.0110696 -0.0195679 0.000742822 -0.000877881 -0.0195679 0.0926606 -0.000883076 0.00216613 0.000742822 -0.000883076 0.00846194 -0.0164356 -0.000877881 0.00216613 -0.0164356 0.0849986 
0.0109962 -0.019529 0.000735862 -0.000871553 -0.019529 0.0926403 -0.000871553 0.0021554 0.000735862 -0.000871553 0.00852243 -0.0164708 -0.000871553 0.0021554 -0.0164708 0.0850103 
0.0109344 -0.0194663 0.000685692 -0.000832252 -0.0194663 0.0925422 -0.000832252 0.00204661 0.000685692 -0.000832252 0.00857376 -0.0165089 -0.000832252 0.00204661 -0.0165089 0.0850729 
0.0109122 -0.0193675 0.000660076 -0.000780567 -0.0193675 0.0923269 -0.000780567 0.00193308 0.000660076 -0.000780567 0.00858099 -0.0165805 -0.000780567 0.00193308 -0.0165805 0.0852127 
0.0108978 -0.019343 0.000601364 -0.000732095 -0.019343 0.0921812 -0.000726866 0.00178317 0.000601364 -0.000726866 0.00860212 -0.0165872 -0.000732095 0.00178317 -0.0165872 0.0852891 
0.0108993 -0.0193387 0.000537912 -0.000663251 -0.0193387 0.0921554 -0.000658029 0.0016294 0.000537912 -0.000658029 0.0086066 -0.0165969 -0.000663251 0.0016294 -0.0165969 0.0852931 
0.0108964 -0.0192971 0.000511667 -0.000616088 -0.0192971 0.0920269 -0.000616088 0.001535 0.000511667 -0.000616088 0.00860435 -0.0166448 -0.000616088 0.001535 -0.0166448 0.0854065 
0.0109051 -0.0193041 0.000500188 -0.000609604 -0.0193041 0.091998 -0.000609604 0.00149014 0.000500188 -0.000609604 0.00860739 -0.0166417 -0.000609604 0.00149014 -0.0166417 0.0854696 
0.0109186 -0.0193131 0.000522396 -0.000610324 -0.0193131 0.0920192 -0.000615496 0.00152581 0.000522396 -0.000615496 0.00862212 -0.0166494 -0.000610324 0.00152581 -0.0166494 0.0855074 
0.0109184 -0.0193117 0.000517462 -0.000610605 -0.0193117 0.0919788 -0.000610605 0.00150581 0.000517462 -0.000610605 0.00862609 -0.0166778 -0.000610605 0.00150581 -0.0166778 0.0855933 
0.0109394 -0.0193128 0.000498662 -0.000597356 -0.0193128 0.0919721 -0.00060255 0.00147521 0.000498662 -0.00060255 0.00859154 -0.0166948 -0.000597356 0.00147521 -0.0166948 0.0856453 
0.010936 -0.0193359 0.000508287 -0.000592128 -0.0193359 0.0920157 -0.000597368 0.00148294 0.000508287 -0.000597368 0.0085518 -0.0166372 -0.000592128 0.00148294 -0.0166372 0.0855809 
0.0109478 -0.0193765 0.000488086 -0.000587803 -0.0193765 0.0921644 -0.000593051 0.00145376 0.000488086 -0.000593051 0.00853364 -0.0165582 -0.000587803 0.00145376 -0.0165582 0.0853627 
0.0109658 -0.0193918 0.000507968 -0.000591756 -0.0193918 0.0922407 -0.000586519 0.00145583 0.000507968 -0.000586519 0.00850977 -0.0165168 -0.000591756 0.00145583 -0.0165168 0.0852077 
0.0109783 -0.0194244 0.000541881 -0.000609616 -0.0194244 0.0923438 -0.000593985 0.00147975 0.000541881 -0.000593985 0.00852421 -0.0164857 -0.000609616 0.00147975 -0.0164857 0.0850858 
0.0109889 -0.0194499 0.000576177 -0.000654039 -0.0194499 0.092422 -0.000638467 0.00156243 0.000576177 -0.000638467 0.00854404 -0.0165067 -0.000654039 0.00156243 -0.0165067 0.0850666 
0.0109741 -0.0194153 0.000572109 -0.000696933 -0.0194153 0.092354 -0.000691732 0.00166432 0.000572109 -0.000691732 0.00856083 -0.0165652 -0.000696933 0.00166432 -0.0165652 0.0852079 
0.0110221 -0.0194297 0.000538419 -0.00066267 -0.0194297 0.0923752 -0.000652316 0.00164632 0.000538419 -0.000652316 0.00853705 -0.0165771 -0.00066267 0.00164632 -0.0165771 0.0852825 
0.0110599 -0.0195029 0.000509981 -0.000618158 -0.0195029 0.0925229 -0.00062331 0.00156085 0.000509981 -0.00062331 0.00853574 -0.0165409 -0.000618158 0.00156085 -0.0165409 0.0852492 
0.0110521 -0.0195189 0.000489259 -0.000592261 -0.0195189 0.0925679 -0.000607712 0.00149868 0.000489259 -0.000607712 0.00855432 -0.0165679 -0.000592261 0.00149868 -0.0165679 0.0853114 
