0.00649403 0 -0.00136328 0 0 0.00998617 0 0 -0.00136328 0 0.00812593 0 0 0 0 0.00998617 
0.00928032 -0.0115483 -0.00166727 0.00204118 -0.0115483 0.031341 0.00204118 -0.0039046 -0.00166727 0.00204118 0.0113521 -0.0140798 0.00204118 -0.0039046 -0.0140798 0.0361712 
0.00935647 -0.017889 -0.00147307 0.00224705 -0.017889 0.0665065 0.00224705 -0.00706573 -0.00147307 0.00224705 0.0113538 -0.0209101 0.00224705 -0.00706573 -0.0209101 0.0759316 
0.00886391 -0.0178719 -0.00147732 0.00166348 -0.0178719 0.0815527 0.00166348 -0.00531474 -0.00147732 0.00166348 0.0107376 -0.0202561 0.00166348 -0.00531474 -0.0202561 0.0891615 
0.00879197 -0.0172877 -0.00156124 0.00164671 -0.0172877 0.0854468 0.00164671 -0.00409114 -0.00156124 0.00164671 0.0107635 -0.0194415 0.00164671 -0.00409114 -0.0194415 0.0913841 
0.00893406 -0.0171608 -0.00162685 0.00181184 -0.0171608 0.0864841 0.00181728 -0.00417866 -0.00162685 0.00181728 0.0109527 -0.019397 0.00181184 -0.00417866 -0.019397 0.0920992 
0.00906472 -0.0172573 -0.00159624 0.00188694 -0.0172573 0.0869949 0.00188694 -0.00446101 -0.00159624 0.00188694 0.0110415 -0.019509 0.00188694 -0.00446101 -0.019509 0.0926082 
0.00915719 -0.0173423 -0.00152017 0.00184592 -0.0173423 0.087332 0.00184592 -0.00451396 -0.00152017 0.00184592 0.0110651 -0.0195708 0.00184592 -0.00451396 -0.0195708 0.0928594 
0.00918457 -0.0174522 -0.00145263 0.0017411 -0.0174522 0.0875959 0.00173595 -0.0043373 -0.00145263 0.00173595 0.0110132 -0.0195024 0.0017411 -0.0043373 -0.0195024 0.0927008 
0.00917497 -0.0175046 -0.00143295 0.00167521 -0.0175046 0.0878014 0.00167521 -0.00416997 -0.00143295 0.00167521 0.0109378 -0.0193757 0.00167521 -0.00416997 -0.0193757 0.0923374 
0.009172 -0.0174644 -0.00140949 0.00163584 -0.0174644 0.0878002 0.00163584 -0.00401243 -0.00140949 0.00163584 0.0108953 -0.0193214 0.00163584 -0.00401243 -0.0193214 0.0921212 
0.00919389 -0.0174361 -0.00142231 0.00163208 -0.0174361 0.0876924 0.00163208 -0.0040009 -0.00142231 0.00163208 0.0108669 -0.0193036 0.00163208 -0.0040009 -0.0193036 0.0920668 
0.00918817 -0.0174493 -0.00141357 0.00162355 -0.0174493 0.0876718 0.00162867 -0.00395901 -0.00141357 0.00162867 0.0108527 -0.0192726 0.00162355 -0.00395901 -0.0192726 0.0920149 
0.00917121 -0.0174453 -0.00142515 0.00163021 -0.0174453 0.0876519 0.00163534 -0.00397812 -0.00142515 0.00163534 0.0108681 -0.0192857 0.00163021 -0.00397812 -0.0192857 0.092035 
0.00918067 -0.0173684 -0.00144609 0.00165995 -0.0173684 0.0874836 0.00167523 -0.00404296 -0.00144609 0.00167523 0.0109119 -0.0193848 0.00165995 -0.00404296 -0.0193848 0.0923107 
0.00920309 -0.0174162 -0.00143956 0.00169212 -0.0174162 0.0875405 0.00169717 -0.00412674 -0.00143956 0.00169717 0.0109558 -0.0194063 0.00169212 -0.00412674 -0.0194063 0.0924097 
0.00921088 -0.0174554 -0.00143448 0.00166601 -0.0174554 0.0876443 0.00166601 -0.00409708 -0.00143448 0.00166601 0.0109977 -0.0194586 0.00166601 -0.00409708 -0.0194586 0.0925266 
0.00920082 -0.017521 -0.00146768 0.00165493 -0.017521 0.0878329 0.00165493 -0.00405889 -0.00146768 0.00165493 0.0109722 -0.0194391 0.00165493 -0.00405889 -0.0194391 0.0924637 
0.00922293 -0.0175079 -0.00151783 0.00171449 -0.0175079 0.0879078 0.00170944 -0.00413998 -0.00151783 0.00170944 0.0109828 -0.0194544 0.00171449 -0.00413998 -0.0194544 0.0925218 
0.00922121 -0.0174896 -0.00149233 0.00173938 -0.0174896 0.087841 0.00173938 -0.00419971 -0.00149233 0.00173938 0.0110009 -0.0194961 0.00173938 -0.00419971 -0.0194961 0.0926457 
0.00917811 -0.0174925 -0.0014396 0.00171237 -0.0174925 0.0878108 0.00170732 -0.00416728 -0.0014396 0.00170732 0.011042 -0.0195231 0.00171237 -0.00416728 -0.0195231 0.0927308 
0.00915584 -0.0174486 -0.00138297 0.00166562 -0.0174486 0.0877527 0.00166057 -0.00407823 -0.00138297 0.00166057 0.0110789 -0.0195685 0.00166562 -0.00407823 -0.0195685 0.0928353 
0.00912533 -0.0174409 -0.00133615 0.00157909 -0.0174409 0.0877205 0.00157403 -0.00389205 -0.00133615 0.00157403 0.0110789 -0.0195514 0.00157909 -0.00389205 -0.0195514 0.0927969 
0.00909904 -0.0173695 -0.00133378 0.00154598 -0.0173695 0.0875902 0.00153587 -0.00378411 -0.00133378 0.00153587 0.0110997 -0.0196026 0.00154598 -0.00378411 -0.0196026 0.0929153 
0.00914893 -0.0173335 -0.0013784 0.00152482 -0.0173335 0.08745 0.00152482 -0.00370602 -0.0013784 0.00152482 0.0110726 -0.019646 0.00152482 -0.00370602 -0.019646 0.0930393 
0.00919367 -0.0174108 -0.00138133 0.00158372 -0.0174108 0.0875498 0.00158878 -0.00379486 -0.00138133 0.00158878 0.0110253 -0.0195815 0.00158372 -0.00379486 -0.0195815 0.0929588 
0.00923533 -0.0174815 -0.0014181 0.00160988 -0.0174815 0.0877256 0.00161997 -0.003896 -0.0014181 0.00161997 0.0110168 -0.0195406 0.00160988 -0.003896 -0.0195406 0.0928479 
0.00922616 -0.0175333 -0.00139636 0.00162994 -0.0175333 0.0878846 0.00164009 -0.00394536 -0.00139636 0.00164009 0.0110034 -0.0194983 0.00162994 -0.00394536 -0.0194983 0.0927084 
0.00923171 -0.0175357 -0.001384 0.0016172 -0.0175357 0.0879775 0.00163747 -0.00397962 -0.001384 0.00163747 0.0110365 -0.0195128 0.0016172 -0.00397962 -0.0195128 0.0927328 
0.00923619 -0.0175538 -0.00142603 0.0016138 -0.0175538 0.088033 0.00161887 -0.00397359 -0.00142603 0.00161887 0.0110378 -0.0195178 0.0016138 -0.00397359 -0.0195178 0.0926968 
0.00924372 -0.0175544 -0.00142484 0.00164288 -0.0175544 0.088041 0.00164288 -0.0039855 -0.00142484 0.00164288 0.0110336 -0.0195218 0.00164288 -0.0039855 -0.0195218 0.0926907 
0.00923426 -0.0175568 -0.00148217 0.00164006 -0.0175568 0.0880337 0.00162988 -0.00397792 -0.00148217 0.00162988 0.011022 -0.0195127 0.00164006 -0.00397792 -0.0195127 0.0926839 
0.00923862 -0.0175453 -0.00151951 0.00173731 -0.0175453 0.0880354 0.00172211 -0.00413813 -0.00151951 0.00172211 0.0110367 -0.0194953 0.00173731 -0.00413813 -0.0194953 0.0926547 
0.0092206 -0.0175556 -0.00155364 0.00176112 -0.0175556 0.0880512 0.00176112 -0.00425605 -0.00155364 0.00176112 0.0110425 -0.0194938 0.00176112 -0.00425605 -0.0194938 0.0925856 
0.00919508 -0.0175041 -0.00155952 0.00179243 -0.0175041 0.0879304 0.00178737 -0.00431399 -0.00155952 0.00178737 0.0110736 -0.0195598 0.00179243 -0.00431399 -0.0195598 0.0927356 
0.00918108 -0.0174627 -0.00152597 0.00178872 -0.0174627 0.0877988 0.00179377 -0.00433537 -0.00152597 0.00179377 0.0110911 -0.01959 0.00178872 -0.00433537 -0.01959 0.0928567 
0.00920589 -0.0174485 -0.00154017 0.00176592 -0.0174485 0.0877293 0.00175589 -0.00432451 -0.00154017 0.00175589 0.0110872 -0.0196158 0.00176592 -0.00432451 -0.0196158 0.0929519 
0.00921694 -0.0174826 -0.00150195 0.00176729 -0.0174826 0.0877386 0.00175728 -0.00428555 -0.00150195 0.00175728 0.0110944 -0.0196154 0.00176729 -0.00428555 -0.0196154 0.0929904 
0.00913853 -0.0175193 -0.00147005 0.00172768 -0.0175193 0.0878491 0.00172768 -0.00423838 -0.00147005 0.00172768 0.0111087 -0.0195703 0.00172768 -0.00423838 -0.0195703 0.0928756 
0.00909183 -0.0174239 -0.00140809 0.00170187 -0.0174239 0.0877425 0.00168161 -0.00414324 -0.00140809 0.00168161 0.0111331 -0.0196323 0.00170187 -0.00414324 -0.0196323 0.0929595 
0.00909801 -0.0173745 -0.00134898 0.00161269 -0.0173745 0.0876127 0.00160762 -0.00397594 -0.00134898 0.00160762 0.0111113 -0.0196363 0.00161269 -0.00397594 -0.0196363 0.0929883 
0.00909902 -0.0173663 -0.00135927 0.00154694 -0.0173663 0.0875413 0.00154694 -0.00381408 -0.00135927 0.00154694 0.0110974 -0.0196131 0.00154694 -0.00381408 -0.0196131 0.0929784 
0.00913646 -0.0173537 -0.00135355 0.00153032 -0.0173537 0.0874807 0.00154042 -0.00372226 -0.00135355 0.00154042 0.0110961 -0.0196315 0.00153032 -0.00372226 -0.0196315 0.0930211 
0.00914765 -0.017382 -0.00133203 0.00154395 -0.017382 0.0875157 0.00155909 -0.00373878 -0.00133203 0.00155909 0.0111053 -0.0196324 0.00154395 -0.00373878 -0.0196324 0.0930356 
0.00916603 -0.0174094 -0.0013388 0.00154439 -0.0174094 0.0875737 0.00155943 -0.00378074 -0.0013388 0.00155943 0.0111316 -0.0196458 0.00154439 -0.00378074 -0.0196458 0.0930643 
0.00914651 -0.0174387 -0.00131167 0.00153279 -0.0174387 0.0876557 0.00153279 -0.00375409 -0.00131167 0.00153279 0.0111668 -0.019665 0.00153279 -0.00375409 -0.019665 0.0931085 
0.00910263 -0.0174442 -0.00128878 0.00152218 -0.0174442 0.0877282 0.0015171 -0.00372934 -0.00128878 0.0015171 0.0111474 -0.0196564 0.00152218 -0.00372934 -0.0196564 0.0930507 
0.00905375 -0.0173922 -0.00128244 0.00151236 -0.0173922 0.0876507 0.00150726 -0.00370427 -0.00128244 0.00150726 0.011123 -0.0196301 0.00151236 -0.00370427 -0.0196301 0.0929747 
0.00904361 -0.0173243 -0.00129194 0.00149031 -0.0173243 0.0875012 0.00147505 -0.00364186 -0.00129194 0.00147505 0.0111087 -0.0195979 0.00149031 -0.00364186 -0.0195979 0.092908 
0.00908793 -0.0172792 -0.0013249 0.00149618 -0.0172792 0.087353 0.00149618 -0.00364223 -0.0013249 0.00149618 0.011103 -0.0196217 0.00149618 -0.00364223 -0.0196217 0.0929397 
0.00913923 -0.0173389 -0.00134652 0.00153744 -0.0173389 0.0873679 0.00153744 -0.00370292 -0.00134652 0.00153744 0.0110736 -0.0195999 0.00153744 -0.00370292 -0.0195999 0.0929197 
0.00917329 -0.0174009 -0.00136032 0.00153731 -0.0174009 0.0875053 0.00154742 -0.00372697 -0.00136032 0.00154742 0.011009 -0.0195552 0.00153731 -0.00372697 -0.0195552 0.0928252 
0.00918397 -0.0174373 -0.00135776 0.00156117 -0.0174373 0.0875986 0.00156117 -0.00376309 -0.00135776 0.00156117 0.0109536 -0.0194867 0.00156117 -0.00376309 -0.0194867 0.0927194 
0.00918144 -0.0174432 -0.00129567 0.00154972 -0.0174432 0.0876581 0.00156496 -0.00377013 -0.00129567 0.00156496 0.0109395 -0.0194299 0.00154972 -0.00377013 -0.0194299 0.0925715 
0.00918071 -0.0174657 -0.001257 0.0014911 -0.0174657 0.0877358 0.00150128 -0.00367941 -0.001257 0.00150128 0.0109161 -0.0193741 0.0014911 -0.00367941 -0.0193741 0.0923872 
0.0091614 -0.0174517 -0.00124583 0.0014484 -0.0174517 0.0877245 0.00145347 -0.00358049 -0.00124583 0.00145347 0.0109694 -0.0193863 0.0014484 -0.00358049 -0.0193863 0.0923584 
0.00913561 -0.0174062 -0.00123427 0.00142649 -0.0174062 0.087628 0.00142649 -0.00348529 -0.00123427 0.00142649 0.0109971 -0.0194397 0.00142649 -0.00348529 -0.0194397 0.0924436 
0.00913013 -0.017369 -0.00123558 0.00143307 -0.017369 0.0875085 0.00142801 -0.003489 -0.00123558 0.00142801 0.0110038 -0.0194857 0.00143307 -0.003489 -0.0194857 0.0925673 
0.00912144 -0.0173756 -0.00122527 0.00147234 -0.0173756 0.0874982 0.00146225 -0.00358504 -0.00122527 0.00146225 0.0110224 -0.0194883 0.00147234 -0.00358504 -0.0194883 0.0926363 
0.00913714 -0.0173974 -0.00121459 0.00143634 -0.0173974 0.0875563 0.00142626 -0.00353793 -0.00121459 0.00142626 0.0109968 -0.0194737 0.00143634 -0.00353793 -0.0194737 0.0925658 
0.00912389 -0.0173976 -0.00122968 0.00141185 -0.0173976 0.0875752 0.00140173 -0.00347143 -0.00122968 0.00140173 0.010976 -0.0194471 0.00141185 -0.00347143 -0.0194471 0.092504 
0.00908441 -0.0173826 -0.00127821 0.00142023 -0.0173826 0.0875674 0.0014253 -0.00345928 -0.00127821 0.0014253 0.0109865 -0.019442 0.00142023 -0.00345928 -0.019442 0.0924875 
0.00910525 -0.017351 -0.00134481 0.00149142 -0.017351 0.0875388 0.00148636 -0.00357941 -0.00134481 0.00148636 0.0110011 -0.0194694 0.00149142 -0.00357941 -0.0194694 0.0925439 
0.0091152 -0.0173939 -0.00139415 0.00157159 -0.0173939 0.087588 0.00157159 -0.00376167 -0.00139415 0.00157159 0.0109859 -0.019442 0.00157159 -0.00376167 -0.019442 0.0924802 
0.00910703 -0.017353 -0.00139796 0.00160563 -0.017353 0.0875095 0.00160563 -0.00386973 -0.00139796 0.00160563 0.0110014 -0.0194905 0.00160563 -0.00386973 -0.0194905 0.092605 
0.00915356 -0.01736 -0.00140553 0.00160704 -0.01736 0.0874752 0.00160704 -0.00390424 -0.00140553 0.00160704 0.0109823 -0.019491 0.00160704 -0.00390424 -0.019491 0.0926439 
0.00911851 -0.0174298 -0.00134544 0.00159422 -0.0174298 0.0875803 0.00158914 -0.00385861 -0.00134544 0.00158914 0.0109615 -0.0194149 0.00159422 -0.00385861 -0.0194149 0.0924595 
0.00908 -0.017372 -0.00124558 0.00154045 -0.017372 0.0875564 0.00153536 -0.00377232 -0.00124558 0.00153536 0.0109865 -0.0194412 0.00154045 -0.00377232 -0.0194412 0.0924879 
0.00908712 -0.0173214 -0.00120316 0.00144683 -0.0173214 0.0874344 0.00143668 -0.00360439 -0.00120316 0.00143668 0.0110061 -0.019484 0.00144683 -0.00360439 -0.019484 0.0925821 
0.00909183 -0.017335 -0.00116888 0.00136708 -0.017335 0.0874066 0.00137216 -0.00337958 -0.00116888 0.00137216 0.0109824 -0.0194643 0.00136708 -0.00337958 -0.0194643 0.0925548 
0.00912605 -0.0173238 -0.0011769 0.00132401 -0.0173238 0.0873747 0.00133416 -0.00326184 -0.0011769 0.00133416 0.0109421 -0.0194645 0.00132401 -0.00326184 -0.0194645 0.0925541 
0.00911873 -0.0173727 -0.00117694 0.00133557 -0.0173727 0.0874313 0.00135092 -0.00323403 -0.00117694 0.00135092 0.0109097 -0.0193939 0.00133557 -0.00323403 -0.0193939 0.0924256 
0.00912517 -0.0173404 -0.00118242 0.00135207 -0.0173404 0.087396 0.00137777 -0.0032902 -0.00118242 0.00137777 0.0108834 -0.0193865 0.00135207 -0.0032902 -0.0193865 0.0924032 
0.00910769 -0.0173411 -0.00113653 0.00135253 -0.0173411 0.0873845 0.00137824 -0.00331703 -0.00113653 0.00137824 0.0108922 -0.0193468 0.00135253 -0.00331703 -0.0193468 0.0923215 
0.00912015 -0.0173482 -0.00112154 0.00132036 -0.0173482 0.0874291 0.00133055 -0.00326776 -0.00112154 0.00133055 0.0109299 -0.0193415 0.00132036 -0.00326776 -0.0193415 0.0922466 
0.00908613 -0.017387 -0.00108095 0.00127471 -0.017387 0.0875012 0.00128491 -0.00314089 -0.00108095 0.00128491 0.0109523 -0.0193348 0.00127471 -0.00314089 -0.0193348 0.0921463 
0.00904724 -0.0173346 -0.00106588 0.00125968 -0.0173346 0.0874481 0.00124438 -0.00307524 -0.00106588 0.00124438 0.0109801 -0.0193796 0.00125968 -0.00307524 -0.0193796 0.0922114 
0.0090515 -0.0172746 -0.00104694 0.00124515 -0.0172746 0.0872979 0.00123499 -0.00302902 -0.00104694 0.00123499 0.010998 -0.0194447 0.00124515 -0.00302902 -0.0194447 0.0923954 
0.009029 -0.0172658 -0.00106642 0.00122384 -0.0172658 0.087233 0.00121368 -0.00300628 -0.00106642 0.00121368 0.0110247 -0.0194697 0.00122384 -0.00300628 -0.0194697 0.0925143 
0.00903414 -0.0172507 -0.00107817 0.00121102 -0.0172507 0.0871785 0.00120081 -0.00293814 -0.00107817 0.00120081 0.0109912 -0.0194888 0.00121102 -0.00293814 -0.0194888 0.0925489 
0.00903401 -0.0172467 -0.00108143 0.00122426 -0.0172467 0.0871519 0.00122936 -0.00294842 -0.00108143 0.00122936 0.0109877 -0.0194657 0.00122426 -0.00294842 -0.0194657 0.0925744 
0.00902822 -0.0172371 -0.00108909 0.00123667 -0.0172371 0.0871167 0.00124685 -0.00300262 -0.00108909 0.00124685 0.0110079 -0.0194763 0.00123667 -0.00300262 -0.0194763 0.0926029 
0.0090396 -0.0172202 -0.00112174 0.00127333 -0.0172202 0.0870611 0.00128343 -0.00309741 -0.00112174 0.00128343 0.0110557 -0.0195294 0.00127333 -0.00309741 -0.0195294 0.0927254 
0.00902478 -0.0172777 -0.00111486 0.00131159 -0.0172777 0.0871807 0.00130655 -0.00316801 -0.00111486 0.00130655 0.0110779 -0.0195125 0.00131159 -0.00316801 -0.0195125 0.0926843 
0.00903214 -0.0172889 -0.00110259 0.00130901 -0.0172889 0.0873006 0.0012939 -0.00319196 -0.00110259 0.0012939 0.0110712 -0.0195193 0.00130901 -0.00319196 -0.0195193 0.0926474 
0.0090215 -0.0172517 -0.00111383 0.00129023 -0.0172517 0.0872313 0.00127511 -0.00316004 -0.00111383 0.00127511 0.0110778 -0.0195751 0.00129023 -0.00316004 -0.0195751 0.0927954 
0.0090384 -0.0172372 -0.00107732 0.00126952 -0.0172372 0.0871621 0.00126447 -0.0030853 -0.00107732 0.00126447 0.0110666 -0.0195992 0.00126952 -0.0030853 -0.0195992 0.092918 
0.00902838 -0.0172586 -0.00100654 0.00123022 -0.0172586 0.0871676 0.0012353 -0.00300946 -0.00100654 0.0012353 0.0110415 -0.0195615 0.00123022 -0.00300946 -0.0195615 0.0928764 
0.00903496 -0.0172681 -0.000949973 0.00114405 -0.0172681 0.0872137 0.00114405 -0.00285503 -0.000949973 0.00114405 0.0110115 -0.0195204 0.00114405 -0.00285503 -0.0195204 0.0927654 
0.00904542 -0.0172406 -0.000947566 0.00107562 -0.0172406 0.0871607 0.00107562 -0.00266343 -0.000947566 0.00107562 0.0109918 -0.0195096 0.00107562 -0.00266343 -0.0195096 0.0927437 
0.00905781 -0.0172348 -0.00093684 0.0010794 -0.0172348 0.0871108 0.00108959 -0.00261704 -0.00093684 0.00108959 0.0110028 -0.0194954 0.0010794 -0.00261704 -0.0194954 0.0927064 
0.00905007 -0.0172691 -0.000922853 0.00105542 -0.0172691 0.0871509 0.00107071 -0.00258501 -0.000922853 0.00107071 0.0109723 -0.0194411 0.00105542 -0.00258501 -0.0194411 0.0925402 
0.00904863 -0.0172765 -0.000896756 0.00106901 -0.0172765 0.0871982 0.00108421 -0.00261934 -0.000896756 0.00108421 0.0109891 -0.0194297 0.00106901 -0.00261934 -0.0194297 0.0924622 
0.0090427 -0.0172808 -0.000890607 0.00103229 -0.0172808 0.0872289 0.00104242 -0.00255037 -0.000890607 0.00104242 0.0110111 -0.0194415 0.00103229 -0.00255037 -0.0194415 0.092446 
0.0090212 -0.0172864 -0.000909272 0.00102676 -0.0172864 0.0872544 0.00102676 -0.00249284 -0.000909272 0.00102676 0.0109879 -0.0194421 0.00102676 -0.00249284 -0.0194421 0.0924137 
0.0089751 -0.0172322 -0.000882124 0.0010565 -0.0172322 0.0871969 0.00104624 -0.00252328 -0.000882124 0.00104624 0.0110112 -0.0194477 0.0010565 -0.00252328 -0.0194477 0.0924589 
0.00897853 -0.0171876 -0.000850973 0.00103442 -0.0171876 0.0870948 0.00102932 -0.00252744 -0.000850973 0.00102932 0.0110423 -0.0194756 0.00103442 -0.00252744 -0.0194756 0.092542 
0.00897208 -0.0171914 -0.000813794 0.000986725 -0.0171914 0.0870352 0.000976553 -0.00244138 -0.000813794 0.000976553 0.0110523 -0.0195005 0.000986725 -0.00244138 -0.0195005 0.092569 
0.00899764 -0.017198 -0.000787231 0.000928529 -0.017198 0.0870798 0.000923482 -0.00230618 -0.000787231 0.000923482 0.0110818 -0.0195243 0.000928529 -0.00230618 -0.0195243 0.0926207 
0.00902004 -0.017242 -0.000788062 0.00090853 -0.017242 0.0871536 0.00090351 -0.00221862 -0.000788062 0.00090351 0.0110981 -0.0195459 0.00090853 -0.00221862 -0.0195459 0.09266 
0.00902523 -0.0172604 -0.000765019 0.000910023 -0.0172604 0.0872022 0.000905023 -0.00220006 -0.000765019 0.000905023 0.0111353 -0.0196005 0.000910023 -0.00220006 -0.0196005 0.0928173 
0.00901881 -0.0172856 -0.000721906 0.000877316 -0.0172856 0.0873055 0.000872303 -0.00214566 -0.000721906 0.000872303 0.0111444 -0.0196168 0.000877316 -0.00214566 -0.0196168 0.0928702 
0.00900833 -0.0172879 -0.000718642 0.000835041 -0.0172879 0.0873403 0.000840102 -0.00206989 -0.000718642 0.000840102 0.0111136 -0.0196209 0.000835041 -0.00206989 -0.0196209 0.092892 
0.00898097 -0.0172884 -0.000755218 0.000836863 -0.0172884 0.0873807 0.00083176 -0.00204623 -0.000755218 0.00083176 0.0110629 -0.0195438 0.000836863 -0.00204623 -0.0195438 0.0927489 
0.00894783 -0.0171666 -0.000780067 0.000882037 -0.0171666 0.0871024 0.000876938 -0.00211587 -0.000780067 0.000876938 0.0110943 -0.0196036 0.000882037 -0.00211587 -0.0196036 0.0928994 
0.00894072 -0.0171377 -0.000758975 0.000946189 -0.0171377 0.086933 0.000946189 -0.00227186 -0.000758975 0.000946189 0.0111418 -0.019622 0.000946189 -0.00227186 -0.019622 0.0929744 
0.00897697 -0.0171406 -0.000757763 0.000899212 -0.0171406 0.0869003 0.000894161 -0.00224803 -0.000757763 0.000894161 0.0111694 -0.0196766 0.000899212 -0.00224803 -0.0196766 0.0931038 
0.00899741 -0.017192 -0.000757358 0.000873486 -0.017192 0.0869699 0.000863388 -0.00216099 -0.000757358 0.000863388 0.0111736 -0.0197064 0.000873486 -0.00216099 -0.0197064 0.0931802 
0.00900992 -0.0172547 -0.000790522 0.000876668 -0.0172547 0.0871449 0.000871601 -0.0021334 -0.000790522 0.000871601 0.0111433 -0.0196566 0.000876668 -0.0021334 -0.0196566 0.0930687 
0.00899877 -0.0172585 -0.000789278 0.000914959 -0.0172585 0.0872429 0.000909932 -0.00218183 -0.000789278 0.000909932 0.0111756 -0.0196364 0.000914959 -0.00218183 -0.0196364 0.0930041 
0.00899301 -0.0172738 -0.0008025 0.000937922 -0.0172738 0.0872869 0.000937922 -0.00228712 -0.0008025 0.000937922 0.0111798 -0.0196362 0.000937922 -0.00228712 -0.0196362 0.0929345 
0.00899146 -0.017227 -0.000826053 0.0009412 -0.017227 0.0872012 0.000936194 -0.00230294 -0.000826053 0.000936194 0.0111943 -0.0197101 0.0009412 -0.00230294 -0.0197101 0.0931037 
0.00903038 -0.0172498 -0.000865996 0.000971117 -0.0172498 0.0872353 0.000971117 -0.00236772 -0.000865996 0.000971117 0.0111929 -0.0197277 0.000971117 -0.00236772 -0.0197277 0.0932022 
0.00906352 -0.0172705 -0.000901372 0.00100595 -0.0172705 0.0872737 0.00101591 -0.00245014 -0.000901372 0.00101591 0.0112099 -0.0197455 0.00100595 -0.00245014 -0.0197455 0.0933144 
0.00906366 -0.0173453 -0.000887316 0.00102768 -0.0173453 0.0874282 0.00102768 -0.00247145 -0.000887316 0.00102768 0.0112042 -0.0197365 0.00102768 -0.00247145 -0.0197365 0.0932835 
0.00905472 -0.0173637 -0.000912023 0.0010128 -0.0173637 0.0875441 0.00101784 -0.00246397 -0.000912023 0.00101784 0.0111811 -0.0197017 0.0010128 -0.00246397 -0.0197017 0.0931926 
0.00903727 -0.017313 -0.000912804 0.00104897 -0.017313 0.0874527 0.0010641 -0.0025266 -0.000912804 0.0010641 0.0111957 -0.0197287 0.00104897 -0.0025266 -0.0197287 0.0932674 
0.0090396 -0.0172816 -0.000867842 0.00105847 -0.0172816 0.0873711 0.00106348 -0.00257844 -0.000867842 0.00106348 0.0112669 -0.0197798 0.00105847 -0.00257844 -0.0197798 0.0934159 
0.00906175 -0.0173266 -0.000882117 0.00103248 -0.0173266 0.0874499 0.00103248 -0.00258621 -0.000882117 0.00103248 0.0112871 -0.0198025 0.00103248 -0.00258621 -0.0198025 0.0934443 
0.00906693 -0.0173716 -0.000877606 0.00103307 -0.0173716 0.0875701 0.00103307 -0.00255258 -0.000877606 0.00103307 0.0113086 -0.0198189 0.00103307 -0.00255258 -0.0198189 0.0934626 
0.00907603 -0.017384 -0.000893547 0.00100901 -0.017384 0.0876429 0.00100399 -0.00247984 -0.000893547 0.00100399 0.0112798 -0.0198137 0.00100901 -0.00247984 -0.0198137 0.0934209 
0.00905194 -0.0173533 -0.000866407 0.00100745 -0.0173533 0.0875726 0.00100745 -0.00243299 -0.000866407 0.00100745 0.0112834 -0.0198216 0.00100745 -0.00243299 -0.0198216 0.0934662 
0.00904289 -0.0173025 -0.000828471 0.000984123 -0.0173025 0.0874213 0.000984123 -0.00238499 -0.000828471 0.000984123 0.0113024 -0.0198582 0.000984123 -0.00238499 -0.0198582 0.0935871 
0.00904411 -0.017304 -0.000829504 0.000925023 -0.017304 0.0873644 0.000919996 -0.00226228 -0.000829504 0.000919996 0.0112913 -0.0198478 0.000925023 -0.00226228 -0.0198478 0.0935781 
0.00903578 -0.0173198 -0.000807217 0.000923254 -0.0173198 0.0873862 0.000933344 -0.00219967 -0.000807217 0.000933344 0.0112607 -0.0198071 0.000923254 -0.00219967 -0.0198071 0.0934605 
0.00904535 -0.0172839 -0.000776748 0.000927086 -0.0172839 0.0873315 0.000932097 -0.00224505 -0.000776748 0.000932097 0.0112754 -0.0198196 0.000927086 -0.00224505 -0.0198196 0.0934954 
0.00905962 -0.0173288 -0.00072537 0.000885452 -0.0173288 0.0874146 0.000890454 -0.00218111 -0.00072537 0.000890454 0.0112707 -0.0197801 0.000885452 -0.00218111 -0.0197801 0.0933876 
0.0090609 -0.0173203 -0.000711928 0.000826434 -0.0173203 0.0874327 0.000831412 -0.00207604 -0.000711928 0.000831412 0.0113361 -0.0198543 0.000826434 -0.00207604 -0.0198543 0.0935513 
0.00906586 -0.0173485 -0.000728639 0.000837687 -0.0173485 0.0875061 0.000842644 -0.00207687 -0.000728639 0.000842644 0.0114005 -0.0199211 0.000837687 -0.00207687 -0.0199211 0.0937119 
0.00905227 -0.0173937 -0.000790396 0.00085502 -0.0173937 0.0876296 0.000859991 -0.00208287 -0.000790396 0.000859991 0.0114185 -0.0199488 0.00085502 -0.00208287 -0.0199488 0.0937688 
0.00909909 -0.0173571 -0.000890235 0.000934501 -0.0173571 0.0876316 0.000929583 -0.00220837 -0.000890235 0.000929583 0.0114796 -0.0200573 0.000934501 -0.00220837 -0.0200573 0.0940453 
0.0091315 -0.0174271 -0.000929377 0.00104248 -0.0174271 0.0877303 0.00102772 -0.00242917 -0.000929377 0.00102772 0.0114918 -0.0200775 0.00104248 -0.00242917 -0.0200775 0.0941572 
0.00916064 -0.0174822 -0.000878552 0.00105624 -0.0174822 0.0878799 0.00104637 -0.00249252 -0.000878552 0.00104637 0.0114409 -0.0200685 0.00105624 -0.00249252 -0.0200685 0.0941384 
0.00918371 -0.0175114 -0.000875817 0.00100942 -0.0175114 0.0879825 0.00100942 -0.0024889 -0.000875817 0.00100942 0.0114104 -0.0200399 0.00100942 -0.0024889 -0.0200399 0.0941033 
0.00914806 -0.0175346 -0.000925755 0.00100539 -0.0175346 0.0880364 0.00101037 -0.00245375 -0.000925755 0.00101037 0.0113928 -0.0199734 0.00100539 -0.00245375 -0.0199734 0.0939692 
0.00910979 -0.0174838 -0.000971044 0.00106615 -0.0174838 0.0879946 0.00106114 -0.00253272 -0.000971044 0.00106114 0.0114073 -0.0199665 0.00106615 -0.00253272 -0.0199665 0.093911 
0.009083 -0.0174358 -0.000995328 0.00115038 -0.0174358 0.087889 0.00114538 -0.0027309 -0.000995328 0.00114538 0.0114438 -0.0199916 0.00115038 -0.0027309 -0.0199916 0.093951 
0.00909326 -0.0174109 -0.000994342 0.00116835 -0.0174109 0.0877954 0.00116338 -0.00283388 -0.000994342 0.00116338 0.0114697 -0.0200211 0.00116835 -0.00283388 -0.0200211 0.0940051 
0.00913997 -0.0174234 -0.00101995 0.00114373 -0.0174234 0.0877804 0.00114373 -0.0028123 -0.00101995 0.00114373 0.0114621 -0.0200574 0.00114373 -0.0028123 -0.0200574 0.0940585 
0.00917803 -0.0174718 -0.000992887 0.00115096 -0.0174718 0.0878334 0.0011559 -0.00280083 -0.000992887 0.0011559 0.0114552 -0.0200553 0.00115096 -0.00280083 -0.0200553 0.094097 
0.00915938 -0.0175398 -0.000922885 0.00112632 -0.0175398 0.0880065 0.0011412 -0.00277362 -0.000922885 0.0011412 0.0114319 -0.0200008 0.00112632 -0.00277362 -0.0200008 0.0939754 
0.00911484 -0.0175055 -0.000854048 0.00102885 -0.0175055 0.0879869 0.00103884 -0.00258712 -0.000854048 0.00103884 0.0114123 -0.0199927 0.00102885 -0.00258712 -0.0199927 0.0939253 
0.00906836 -0.0174196 -0.00083662 0.000936218 -0.0174196 0.0878102 0.000946177 -0.00234552 -0.00083662 0.000946177 0.0114338 -0.0199942 0.000936218 -0.00234552 -0.0199942 0.0939405 
0.00905096 -0.0173622 -0.00079438 0.000923466 -0.0173622 0.087635 0.000923466 -0.0022193 -0.00079438 0.000923466 0.0114589 -0.0200283 0.000923466 -0.0022193 -0.0200283 0.0940148 
0.00906563 -0.0173425 -0.000778885 0.000892267 -0.0173425 0.0875408 0.000897197 -0.00215919 -0.000778885 0.000897197 0.0114713 -0.0200489 0.000892267 -0.00215919 -0.0200489 0.0940627 
0.00905654 -0.0173657 -0.000767003 0.000880087 -0.0173657 0.0875465 0.000880087 -0.00210434 -0.000767003 0.000880087 0.0114854 -0.0200502 0.000880087 -0.00210434 -0.0200502 0.0940661 
0.00904866 -0.0173212 -0.000776161 0.000879322 -0.0173212 0.0874901 0.000879322 -0.00211234 -0.000776161 0.000879322 0.0115491 -0.0201605 0.000879322 -0.00211234 -0.0201605 0.0943478 
0.00905713 -0.0173533 -0.000741173 0.000854819 -0.0173533 0.0875275 0.000864701 -0.00205552 -0.000741173 0.000864701 0.0115623 -0.0202044 0.000854819 -0.00205552 -0.0202044 0.0944995 
0.00906151 -0.017389 -0.000694369 0.000828283 -0.017389 0.0876392 0.000833242 -0.00199879 -0.000694369 0.000833242 0.0115612 -0.0201912 0.000828283 -0.00199879 -0.0201912 0.0944986 
0.00910202 -0.0173977 -0.000727172 0.00082116 -0.0173977 0.0877256 0.00082116 -0.00199849 -0.000727172 0.00082116 0.0115606 -0.0201976 0.00082116 -0.00199849 -0.0201976 0.0945126 
