0.0075073 0 -0.00194841 0 0 0.00998645 0 0 -0.00194841 0 0.00669721 0 0 0 0 0.00998645 
0.0105462 -0.0130923 -0.0024064 0.00295244 -0.0130923 0.0342864 0.00295244 -0.00564455 -0.0024064 0.00295244 0.00953034 -0.0118478 0.00295244 -0.00564455 -0.0118478 0.031899 
0.0105442 -0.0195489 -0.0021606 0.00347377 -0.0195489 0.0716102 0.00347377 -0.0109518 -0.0021606 0.00347377 0.00961271 -0.0181063 0.00347377 -0.0109518 -0.0181063 0.0671078 
0.0100595 -0.0192348 -0.00201561 0.00254733 -0.0192348 0.0855396 0.00254733 -0.00856323 -0.00201561 0.00254733 0.00909496 -0.0179859 0.00254733 -0.00856323 -0.0179859 0.0814404 
0.0100348 -0.0186042 -0.00206322 0.00229768 -0.0186042 0.0886716 0.00229768 -0.00623656 -0.00206322 0.00229768 0.0091321 -0.0175139 0.00229768 -0.00623656 -0.0175139 0.0856764 
0.0101864 -0.018536 -0.00212801 0.00241361 -0.018536 0.0897682 0.00240241 -0.00580161 -0.00212801 0.00240241 0.00931842 -0.0174832 0.00241361 -0.00580161 -0.0174832 0.0870634 
0.0103153 -0.0186128 -0.00215261 0.00250869 -0.0186128 0.0903019 0.0024925 -0.00598848 -0.00215261 0.0024925 0.00942511 -0.0176255 0.00250869 -0.00598848 -0.0176255 0.0877878 
0.0103717 -0.0186881 -0.00212943 0.00249493 -0.0186881 0.0905272 0.00248963 -0.00605457 -0.00212943 0.00248963 0.0094606 -0.0177029 0.00249493 -0.00605457 -0.0177029 0.0881382 
0.0103873 -0.0187076 -0.00211922 0.00247938 -0.0187076 0.090594 0.00246894 -0.00605491 -0.00211922 0.00246894 0.00947385 -0.0177263 0.00247938 -0.00605491 -0.0177263 0.088266 
0.0103878 -0.0187198 -0.00212313 0.00245973 -0.0187198 0.0906111 0.0024649 -0.00604316 -0.00212313 0.0024649 0.00949713 -0.0177463 0.00245973 -0.00604316 -0.0177463 0.0883223 
0.0104654 -0.0187457 -0.00207138 0.00243296 -0.0187457 0.0906499 0.00243813 -0.00594552 -0.00207138 0.00243813 0.00941676 -0.0177488 0.00243296 -0.00594552 -0.0177488 0.0883254 
0.0105105 -0.0188583 -0.00204457 0.00238876 -0.0188583 0.0908857 0.00239389 -0.00587172 -0.00204457 0.00239389 0.00938036 -0.017646 0.00238876 -0.00587172 -0.017646 0.0881579 
0.0105072 -0.0188934 -0.00203348 0.00235266 -0.0188934 0.0910228 0.00235781 -0.00576583 -0.00203348 0.00235781 0.00937461 -0.0176321 0.00235266 -0.00576583 -0.0176321 0.0880678 
0.0104959 -0.0189122 -0.00202832 0.00237237 -0.0189122 0.091136 0.0023775 -0.00580255 -0.00202832 0.0023775 0.00939705 -0.017613 0.00237237 -0.00580255 -0.017613 0.0880344 
0.0104979 -0.0189249 -0.00200423 0.00235792 -0.0189249 0.0912106 0.0023528 -0.00576153 -0.00200423 0.0023528 0.00940606 -0.0176229 0.00235792 -0.00576153 -0.0176229 0.0879966 
0.0104946 -0.018919 -0.00192162 0.00231107 -0.018919 0.0912128 0.00230594 -0.00565212 -0.00192162 0.00230594 0.00940824 -0.0176379 0.00231107 -0.00565212 -0.0176379 0.0880152 
0.0104989 -0.0189133 -0.00191028 0.00224317 -0.0189133 0.0912173 0.00224317 -0.00555672 -0.00191028 0.00224317 0.00939777 -0.0176381 0.00224317 -0.00555672 -0.0176381 0.0880369 
0.0104588 -0.0188985 -0.00193228 0.00222877 -0.0188985 0.09118 0.00222877 -0.0054799 -0.00193228 0.00222877 0.00944158 -0.0176563 0.00222877 -0.0054799 -0.0176563 0.0880874 
0.0104206 -0.0188103 -0.00192861 0.00224066 -0.0188103 0.090977 0.00223043 -0.00544818 -0.00192861 0.00223043 0.00946398 -0.017736 0.00224066 -0.00544818 -0.017736 0.0882708 
0.0104079 -0.0188031 -0.00191523 0.00221817 -0.0188031 0.0909245 0.00221304 -0.00539652 -0.00191523 0.00221304 0.00944777 -0.0177248 0.00221817 -0.00539652 -0.0177248 0.0882904 
0.0103766 -0.0187592 -0.00190632 0.00222061 -0.0187592 0.0908131 0.00222061 -0.00539953 -0.00190632 0.00222061 0.00946463 -0.0177339 0.00222061 -0.00539953 -0.0177339 0.0883349 
0.0103191 -0.0186675 -0.00191382 0.0021983 -0.0186675 0.0905752 0.0021983 -0.00537938 -0.00191382 0.0021983 0.00947598 -0.0177726 0.0021983 -0.00537938 -0.0177726 0.0884493 
0.0102811 -0.0186613 -0.00193191 0.00220642 -0.0186613 0.0905357 0.0022116 -0.00536585 -0.00193191 0.0022116 0.009499 -0.0177342 0.00220642 -0.00536585 -0.0177342 0.0883655 
0.0102984 -0.0186345 -0.00192093 0.0022523 -0.0186345 0.090501 0.00224712 -0.00544694 -0.00192093 0.00224712 0.00946483 -0.0177336 0.0022523 -0.00544694 -0.0177336 0.0882849 
0.0103325 -0.0186629 -0.00195032 0.00226673 -0.0186629 0.0905342 0.00226673 -0.00554492 -0.00195032 0.00226673 0.00944037 -0.0176929 0.00226673 -0.00554492 -0.0176929 0.0882052 
0.0103291 -0.0186903 -0.00198357 0.00229594 -0.0186903 0.0905778 0.00231156 -0.00564354 -0.00198357 0.00231156 0.00943887 -0.0176751 0.00229594 -0.00564354 -0.0176751 0.0881777 
0.010298 -0.0186839 -0.00201595 0.00234328 -0.0186839 0.0906035 0.00235887 -0.00576209 -0.00201595 0.00235887 0.00948224 -0.0176811 0.00234328 -0.00576209 -0.0176811 0.0881563 
0.0102573 -0.018636 -0.00206604 0.00237308 -0.018636 0.0905155 0.00237829 -0.00584424 -0.00206604 0.00237829 0.00952877 -0.0177357 0.00237308 -0.00584424 -0.0177357 0.0882569 
0.0102248 -0.018575 -0.00210831 0.00241469 -0.018575 0.0903719 0.0024095 -0.00588874 -0.00210831 0.0024095 0.00955492 -0.0177908 0.00241469 -0.00588874 -0.0177908 0.0883726 
0.0102371 -0.0185408 -0.00209407 0.0024569 -0.0185408 0.0902626 0.00245172 -0.00598157 -0.00209407 0.00245172 0.00954252 -0.0178203 0.0024569 -0.00598157 -0.0178203 0.0884484 
0.010259 -0.0185838 -0.00208377 0.00243967 -0.0185838 0.0903089 0.00244482 -0.00601406 -0.00208377 0.00244482 0.00953172 -0.0177791 0.00243967 -0.00601406 -0.0177791 0.0883799 
0.0102495 -0.0185969 -0.0020623 0.00241894 -0.0185969 0.0903537 0.00242411 -0.00596983 -0.0020623 0.00242411 0.00952588 -0.0177699 0.00241894 -0.00596983 -0.0177699 0.0883482 
0.0102622 -0.0186179 -0.00204524 0.0023844 -0.0186179 0.0904274 0.00239468 -0.00587879 -0.00204524 0.00239468 0.00951706 -0.0177443 0.0023844 -0.00587879 -0.0177443 0.0882691 
0.0102919 -0.0186348 -0.00203075 0.00237347 -0.0186348 0.0905092 0.00239394 -0.00585184 -0.00203075 0.00239394 0.00950413 -0.0177346 0.00237347 -0.00585184 -0.0177346 0.0882278 
0.0102743 -0.0187005 -0.00202635 0.0023522 -0.0187005 0.0906564 0.00236747 -0.00580413 -0.00202635 0.00236747 0.00954626 -0.0177077 0.0023522 -0.00580413 -0.0177077 0.0881667 
0.0102186 -0.0186546 -0.00201122 0.00234135 -0.0186546 0.0906219 0.00235151 -0.00575941 -0.00201122 0.00235151 0.00961426 -0.0177912 0.00234135 -0.00575941 -0.0177912 0.0883009 
0.0101523 -0.0185417 -0.00198331 0.00231643 -0.0185417 0.0903663 0.0023113 -0.00566807 -0.00198331 0.0023113 0.00966033 -0.0179164 0.00231643 -0.00566807 -0.0179164 0.0886188 
0.0101447 -0.0185058 -0.00199492 0.00232483 -0.0185058 0.0902868 0.00230936 -0.00566515 -0.00199492 0.00230936 0.00964468 -0.0179336 0.00232483 -0.00566515 -0.0179336 0.0887506 
0.0101057 -0.0184874 -0.00204607 0.00231611 -0.0184874 0.0901986 0.00231611 -0.00566046 -0.00204607 0.00231611 0.00965393 -0.0179161 0.00231611 -0.00566046 -0.0179161 0.0887653 
0.0100737 -0.0184345 -0.002072 0.00237395 -0.0184345 0.0900643 0.00236874 -0.00574225 -0.002072 0.00236874 0.00966239 -0.0179244 0.00237395 -0.00574225 -0.0179244 0.0887784 
0.0100658 -0.0183777 -0.00212871 0.0024462 -0.0183777 0.0899107 0.0024462 -0.00594374 -0.00212871 0.0024462 0.00968069 -0.0179509 0.0024462 -0.00594374 -0.0179509 0.0888386 
0.0100576 -0.0183861 -0.00212886 0.0025131 -0.0183861 0.0898744 0.0025131 -0.00612697 -0.00212886 0.0025131 0.00969412 -0.0179448 0.0025131 -0.00612697 -0.0179448 0.08881 
0.0100547 -0.0183558 -0.0021064 0.00249032 -0.0183558 0.0898073 0.00249032 -0.00615836 -0.0021064 0.00249032 0.00970708 -0.0179718 0.00249032 -0.00615836 -0.0179718 0.0888475 
0.0100689 -0.0183424 -0.00211106 0.00246808 -0.0183424 0.0897355 0.00246808 -0.00611069 -0.00211106 0.00246808 0.00970673 -0.0179957 0.00246808 -0.00611069 -0.0179957 0.0889232 
0.0100941 -0.0183961 -0.00210789 0.00246525 -0.0183961 0.0898365 0.00247561 -0.00608543 -0.00210789 0.00247561 0.0096849 -0.0179663 0.00246525 -0.00608543 -0.0179663 0.0888577 
0.0101041 -0.0184052 -0.00208961 0.00245959 -0.0184052 0.089874 0.00245959 -0.00605517 -0.00208961 0.00245959 0.00965076 -0.0179519 0.00245959 -0.00605517 -0.0179519 0.0888526 
0.0101281 -0.0184356 -0.00209637 0.00246571 -0.0184356 0.0899463 0.0024605 -0.00606023 -0.00209637 0.0024605 0.00964435 -0.0179206 0.00246571 -0.00606023 -0.0179206 0.0887966 
0.0101728 -0.0184596 -0.00210418 0.00246267 -0.0184596 0.0900122 0.00246267 -0.00606835 -0.00210418 0.00246267 0.00961169 -0.0178985 0.00246267 -0.00606835 -0.0178985 0.0887393 
0.0102022 -0.0185126 -0.00209449 0.0024479 -0.0185126 0.0901201 0.0024479 -0.0060132 -0.00209449 0.0024479 0.00957331 -0.0178525 0.0024479 -0.0060132 -0.0178525 0.0886077 
0.0102269 -0.0185874 -0.0020953 0.00242286 -0.0185874 0.0903268 0.00243325 -0.00595315 -0.0020953 0.00243325 0.00954584 -0.0177763 0.00242286 -0.00595315 -0.0177763 0.0883978 
0.0102206 -0.0186018 -0.00212518 0.00244734 -0.0186018 0.0904112 0.00244734 -0.00599624 -0.00212518 0.00244734 0.00955553 -0.0177601 0.00244734 -0.00599624 -0.0177601 0.0883224 
0.010204 -0.018573 -0.00212455 0.0025019 -0.018573 0.0903785 0.00249156 -0.00611001 -0.00212455 0.00249156 0.00959923 -0.0178028 0.0025019 -0.00611001 -0.0178028 0.0883987 
0.0101699 -0.018479 -0.0021082 0.00248448 -0.018479 0.0901219 0.00247933 -0.00610812 -0.0021082 0.00247933 0.00963898 -0.0179172 0.00248448 -0.00610812 -0.0179172 0.088658 
0.0101698 -0.0184732 -0.00208877 0.00245586 -0.0184732 0.090024 0.00245586 -0.00604917 -0.00208877 0.00245586 0.0096218 -0.0179407 0.00245586 -0.00604917 -0.0179407 0.0887884 
0.010166 -0.0185062 -0.00206312 0.00242933 -0.0185062 0.0900862 0.00243448 -0.00599852 -0.00206312 0.00243448 0.00963478 -0.0178976 0.00242933 -0.00599852 -0.0178976 0.0887503 
0.0101587 -0.0184938 -0.00205029 0.00239544 -0.0184938 0.0901045 0.00241089 -0.00592935 -0.00205029 0.00241089 0.00963327 -0.0179117 0.00239544 -0.00592935 -0.0179117 0.0887394 
0.0101249 -0.0184738 -0.00207559 0.00239054 -0.0184738 0.0900764 0.0023957 -0.00587051 -0.00207559 0.0023957 0.00966026 -0.0179265 0.00239054 -0.00587051 -0.0179265 0.0887701 
0.0101226 -0.0184535 -0.00206984 0.00239937 -0.0184535 0.0900586 0.00240966 -0.00585425 -0.00206984 0.00240966 0.0096644 -0.0179335 0.00239937 -0.00585425 -0.0179335 0.0887714 
0.0100608 -0.0184457 -0.00205238 0.0023721 -0.0184457 0.090016 0.00238757 -0.00580133 -0.00205238 0.00238757 0.00971014 -0.01793 0.0023721 -0.00580133 -0.01793 0.0887578 
0.0100623 -0.018383 -0.00204141 0.0023825 -0.018383 0.0899149 0.0023825 -0.00581413 -0.00204141 0.0023825 0.00969539 -0.0179851 0.0023825 -0.00581413 -0.0179851 0.08884 
0.0101048 -0.0184237 -0.00205513 0.00238644 -0.0184237 0.0899651 0.00238644 -0.00582891 -0.00205513 0.00238644 0.00965446 -0.0179319 0.00238644 -0.00582891 -0.0179319 0.08879 
0.0100871 -0.0184551 -0.00207128 0.00240269 -0.0184551 0.0900439 0.00239751 -0.00586173 -0.00207128 0.00239751 0.00967289 -0.0178959 0.00240269 -0.00586173 -0.0178959 0.0886923 
0.0100842 -0.0184328 -0.00206525 0.00241032 -0.0184328 0.0900317 0.00241547 -0.0058919 -0.00206525 0.00241547 0.00969279 -0.0179178 0.00241032 -0.0058919 -0.0179178 0.088672 
0.0100741 -0.0184314 -0.00208677 0.00243114 -0.0184314 0.090019 0.00243114 -0.00596734 -0.00208677 0.00243114 0.00971428 -0.0179431 0.00243114 -0.00596734 -0.0179431 0.0887391 
0.0100367 -0.0183929 -0.00203216 0.00240964 -0.0183929 0.0899064 0.00240447 -0.00589482 -0.00203216 0.00240447 0.00972646 -0.0179896 0.00240964 -0.00589482 -0.0179896 0.0888412 
0.00998639 -0.0183257 -0.00200559 0.0023641 -0.0183257 0.0897632 0.0023641 -0.00583492 -0.00200559 0.0023641 0.00975257 -0.0180191 0.0023641 -0.00583492 -0.0180191 0.0889682 
0.00997795 -0.0182401 -0.00198623 0.0023502 -0.0182401 0.0895416 0.0023398 -0.00579231 -0.00198623 0.0023398 0.00974397 -0.0180789 0.0023502 -0.00579231 -0.0180789 0.0891256 
0.00997652 -0.0182468 -0.00199322 0.00232716 -0.0182468 0.0894756 0.00232194 -0.00572919 -0.00199322 0.00232194 0.00973128 -0.0180433 0.00232716 -0.00572919 -0.0180433 0.0890999 
0.00999258 -0.0182709 -0.00199643 0.00233613 -0.0182709 0.0895308 0.0023309 -0.00574364 -0.00199643 0.0023309 0.00970514 -0.0179992 0.00233613 -0.00574364 -0.0179992 0.088982 
0.00995868 -0.0182489 -0.00198232 0.00231707 -0.0182489 0.0894712 0.00231184 -0.00568021 -0.00198232 0.00231184 0.00971808 -0.0179717 0.00231707 -0.00568021 -0.0179717 0.0889063 
0.00996879 -0.018257 -0.0019781 0.00232257 -0.018257 0.0895051 0.00231735 -0.00569943 -0.0019781 0.00231735 0.00971305 -0.0179543 0.00232257 -0.00569943 -0.0179543 0.0888057 
0.00998479 -0.0182353 -0.00197307 0.00232096 -0.0182353 0.0894529 0.00232096 -0.00571153 -0.00197307 0.00232096 0.00970959 -0.0179653 0.00232096 -0.00571153 -0.0179653 0.088809 
0.00998353 -0.0182624 -0.00190732 0.00230229 -0.0182624 0.0894827 0.00231269 -0.00569077 -0.00190732 0.00231269 0.00971328 -0.0179558 0.00230229 -0.00569077 -0.0179558 0.0887915 
0.00997335 -0.0182871 -0.00183761 0.00221456 -0.0182871 0.089535 0.00222503 -0.00552854 -0.00183761 0.00222503 0.00968541 -0.0179363 0.00221456 -0.00552854 -0.0179363 0.0887236 
0.00999396 -0.0182797 -0.00182276 0.00213003 -0.0182797 0.0895655 0.00215086 -0.00535372 -0.00182276 0.00215086 0.00966586 -0.01791 0.00213003 -0.00535372 -0.01791 0.0886645 
0.0100114 -0.0183118 -0.00183014 0.00213085 -0.0183118 0.0896563 0.00213603 -0.00525194 -0.00183014 0.00213603 0.00966399 -0.0178711 0.00213085 -0.00525194 -0.0178711 0.0885468 
0.0100211 -0.0183194 -0.00185729 0.00213149 -0.0183194 0.089683 0.00212632 -0.00523043 -0.00185729 0.00212632 0.00965896 -0.0178849 0.00213149 -0.00523043 -0.0178849 0.0885344 
0.0100638 -0.0183264 -0.00186825 0.00216759 -0.0183264 0.0896916 0.00216759 -0.0052951 -0.00186825 0.00216759 0.00963543 -0.0179032 0.00216759 -0.0052951 -0.0179032 0.0885975 
0.010079 -0.0183654 -0.00184946 0.00218526 -0.0183654 0.0897505 0.00218526 -0.00534174 -0.00184946 0.00218526 0.00962443 -0.0178747 0.00218526 -0.00534174 -0.0178747 0.0886036 
0.010127 -0.018364 -0.00185396 0.00216897 -0.018364 0.0897593 0.00216897 -0.0053553 -0.00185396 0.00216897 0.00957447 -0.017894 0.00216897 -0.0053553 -0.017894 0.0886594 
0.0101398 -0.0184568 -0.0018695 0.00216986 -0.0184568 0.0899223 0.00216986 -0.00534438 -0.0018695 0.00216986 0.00956499 -0.0178094 0.00216986 -0.00534438 -0.0178094 0.0885344 
0.0101063 -0.0184708 -0.00181996 0.00216936 -0.0184708 0.0900283 0.00216936 -0.00530345 -0.00181996 0.00216936 0.00956394 -0.0177825 0.00216936 -0.00530345 -0.0177825 0.0884012 
0.010103 -0.0184487 -0.00180911 0.00213568 -0.0184487 0.0900354 0.00212013 -0.00526662 -0.00180911 0.00212013 0.00957426 -0.0177697 0.00213568 -0.00526662 -0.0177697 0.08833 
0.0101122 -0.0184511 -0.00178876 0.00211963 -0.0184511 0.0900481 0.00211963 -0.00523187 -0.00178876 0.00211963 0.00957969 -0.0177687 0.00211963 -0.00523187 -0.0177687 0.0882852 
0.0101428 -0.0184433 -0.00179081 0.00208928 -0.0184433 0.0900244 0.00207385 -0.00514602 -0.00179081 0.00207385 0.00956645 -0.0177898 0.00208928 -0.00514602 -0.0177898 0.0883211 
0.0101225 -0.0184404 -0.00175796 0.00206392 -0.0184404 0.0899516 0.00205873 -0.00504571 -0.00175796 0.00205873 0.00957285 -0.017813 0.00206392 -0.00504571 -0.017813 0.0884166 
0.0101017 -0.0184565 -0.00174687 0.00203802 -0.0184565 0.0900158 0.00203802 -0.00500146 -0.00174687 0.00203802 0.00956619 -0.0177858 0.00203802 -0.00500146 -0.0177858 0.0883677 
0.0101067 -0.0184259 -0.00178751 0.00206292 -0.0184259 0.0899941 0.00205772 -0.00506116 -0.00178751 0.00205772 0.00957152 -0.0177972 0.00206292 -0.00506116 -0.0177972 0.0883884 
0.0101374 -0.0184058 -0.00182763 0.00211239 -0.0184058 0.0899216 0.00210721 -0.00515672 -0.00182763 0.00210721 0.00956271 -0.0178155 0.00211239 -0.00515672 -0.0178155 0.088446 
0.01015 -0.0184043 -0.00182855 0.00213847 -0.0184043 0.0898262 0.00213847 -0.00522222 -0.00182855 0.00213847 0.00954565 -0.0178361 0.00213847 -0.00522222 -0.0178361 0.0885194 
0.0101812 -0.0184541 -0.00183613 0.00214559 -0.0184541 0.0899085 0.00215075 -0.00526598 -0.00183613 0.00215075 0.00952622 -0.017794 0.00214559 -0.00526598 -0.017794 0.0884695 
0.0101639 -0.0185089 -0.00183435 0.00213921 -0.0185089 0.0900744 0.00214438 -0.00524986 -0.00183435 0.00214438 0.00953345 -0.0177493 0.00213921 -0.00524986 -0.0177493 0.0883278 
0.010196 -0.0185232 -0.0018327 0.00216827 -0.0185232 0.0901948 0.00216311 -0.00532258 -0.0018327 0.00216311 0.00951973 -0.0177437 0.00216827 -0.00532258 -0.0177437 0.0882846 
0.0102018 -0.0185263 -0.00182581 0.00217137 -0.0185263 0.090202 0.00217137 -0.00535363 -0.00182581 0.00217137 0.00954164 -0.0177732 0.00217137 -0.00535363 -0.0177732 0.0883556 
0.0101963 -0.018558 -0.00180878 0.00213952 -0.018558 0.0902786 0.00213436 -0.00528679 -0.00180878 0.00213436 0.00954 -0.0177622 0.00213952 -0.00528679 -0.0177622 0.0883303 
0.0101846 -0.0185571 -0.00180186 0.00211252 -0.0185571 0.0903052 0.00210217 -0.00521917 -0.00180186 0.00210217 0.00955813 -0.01777 0.00211252 -0.00521917 -0.01777 0.0883325 
0.0101632 -0.018498 -0.00179197 0.00206806 -0.018498 0.0901926 0.00205765 -0.00507379 -0.00179197 0.00205765 0.00954331 -0.0178051 0.00206806 -0.00507379 -0.0178051 0.088385 
0.0101646 -0.0184793 -0.00179804 0.00207866 -0.0184793 0.0901098 0.00206826 -0.00504594 -0.00179804 0.00206826 0.00953064 -0.0177829 0.00207866 -0.00504594 -0.0177829 0.0883845 
0.0101805 -0.0185071 -0.00184346 0.00211791 -0.0185071 0.0901535 0.00211273 -0.00515755 -0.00184346 0.00211273 0.00953318 -0.0177459 0.00211791 -0.00515755 -0.0177459 0.0883049 
0.0102167 -0.0185343 -0.00187833 0.00215853 -0.0185343 0.0902327 0.00215334 -0.00524584 -0.00187833 0.00215334 0.00950063 -0.01773 0.00215853 -0.00524584 -0.01773 0.0882246 
0.0102418 -0.01857 -0.00192389 0.00220392 -0.01857 0.0902934 0.00220911 -0.00537239 -0.00192389 0.00220911 0.00949502 -0.0177195 0.00220392 -0.00537239 -0.0177195 0.0882191 
0.0102537 -0.0185832 -0.00192418 0.00225093 -0.0185832 0.0903225 0.00226131 -0.0054873 -0.00192418 0.00226131 0.00948607 -0.0177222 0.00225093 -0.0054873 -0.0177222 0.0882168 
0.0102376 -0.0185268 -0.00193795 0.00226353 -0.0185268 0.0901743 0.0022687 -0.00556581 -0.00193795 0.0022687 0.00950373 -0.0177672 0.00226353 -0.00556581 -0.0177672 0.0883552 
0.0102062 -0.0185039 -0.00194968 0.00227377 -0.0185039 0.0900762 0.00226862 -0.00557125 -0.00194968 0.00226862 0.00953233 -0.0177889 0.00227377 -0.00557125 -0.0177889 0.0884403 
0.0102244 -0.0185614 -0.00196466 0.00228867 -0.0185614 0.0902251 0.00229381 -0.00564196 -0.00196466 0.00229381 0.00953013 -0.0177591 0.00228867 -0.00564196 -0.0177591 0.0883736 
0.0102233 -0.0185944 -0.00195513 0.00233073 -0.0185944 0.0903632 0.00233587 -0.00573678 -0.00195513 0.00233587 0.00954929 -0.0177557 0.00233073 -0.00573678 -0.0177557 0.0883412 
0.010202 -0.0185622 -0.00195499 0.00230484 -0.0185622 0.0903413 0.00230998 -0.00572093 -0.00195499 0.00230998 0.00958462 -0.017811 0.00230484 -0.00572093 -0.017811 0.0884378 
0.0102193 -0.0185767 -0.00197559 0.00228589 -0.0185767 0.0903962 0.00229106 -0.0056475 -0.00197559 0.00229106 0.0095573 -0.0178062 0.00228589 -0.0056475 -0.0178062 0.0884309 
0.0102012 -0.0185943 -0.00197393 0.00229515 -0.0185943 0.0904329 0.00228997 -0.00561093 -0.00197393 0.00228997 0.00956397 -0.0177757 0.00229515 -0.00561093 -0.0177757 0.0883865 
0.0102002 -0.0185445 -0.00193872 0.00227993 -0.0185445 0.0903338 0.00227993 -0.00557833 -0.00193872 0.00227993 0.00954882 -0.0178 0.00227993 -0.00557833 -0.0178 0.0883951 
0.0101991 -0.0185178 -0.00196833 0.00227912 -0.0185178 0.0902221 0.00227912 -0.00559938 -0.00196833 0.00227912 0.00955676 -0.0178186 0.00227912 -0.00559938 -0.0178186 0.0884609 
0.0101886 -0.0185388 -0.00197332 0.0022849 -0.0185388 0.090217 0.0022849 -0.00558761 -0.00197332 0.0022849 0.00955502 -0.017791 0.0022849 -0.00558761 -0.017791 0.0884203 
0.0101599 -0.0184867 -0.00197295 0.00229918 -0.0184867 0.0901083 0.00229918 -0.0056185 -0.00197295 0.00229918 0.0095644 -0.0178135 0.00229918 -0.0056185 -0.0178135 0.0884616 
0.0101459 -0.0184687 -0.00196289 0.00229953 -0.0184687 0.090039 0.00229953 -0.0056297 -0.00196289 0.00229953 0.00958137 -0.0178214 0.00229953 -0.0056297 -0.0178214 0.0884697 
0.0100931 -0.0184237 -0.00194916 0.00228611 -0.0184237 0.0899359 0.00228611 -0.00561938 -0.00194916 0.00228611 0.00961618 -0.0178534 0.00228611 -0.00561938 -0.0178534 0.0885363 
0.0100768 -0.0183875 -0.00191666 0.00226987 -0.0183875 0.0898547 0.00226987 -0.00557858 -0.00191666 0.00226987 0.00961449 -0.0178733 0.00226987 -0.00557858 -0.0178733 0.0885717 
0.0100324 -0.0183479 -0.00188236 0.00222884 -0.0183479 0.0897432 0.00223401 -0.00550229 -0.00188236 0.00223401 0.00966004 -0.0178876 0.00222884 -0.00550229 -0.0178876 0.0886417 
0.00999581 -0.01833 -0.00188424 0.00221036 -0.01833 0.0897138 0.00221554 -0.00547155 -0.00188424 0.00221554 0.0097111 -0.017921 0.00221036 -0.00547155 -0.017921 0.0886785 
0.0100046 -0.0182805 -0.00188913 0.00220484 -0.0182805 0.0896274 0.00221002 -0.00543447 -0.00188913 0.00221002 0.00970442 -0.0179752 0.00220484 -0.00543447 -0.0179752 0.0887838 
0.0100247 -0.018302 -0.00190775 0.00221795 -0.018302 0.0896382 0.00221795 -0.0054544 -0.00190775 0.00221795 0.00968866 -0.0179659 0.00221795 -0.0054544 -0.0179659 0.088811 
0.0100548 -0.018341 -0.00191299 0.00222237 -0.018341 0.089725 0.00223268 -0.00545538 -0.00191299 0.00223268 0.00967324 -0.0179285 0.00222237 -0.00545538 -0.0179285 0.0887453 
0.0100419 -0.0184033 -0.00190734 0.00221664 -0.0184033 0.0898875 0.00222695 -0.00544882 -0.00190734 0.00222695 0.00968622 -0.0178775 0.00221664 -0.00544882 -0.0178775 0.0886142 
0.0100027 -0.0183606 -0.0018871 0.00222225 -0.0183606 0.0898488 0.00223256 -0.00546023 -0.0018871 0.00223256 0.00972426 -0.0179378 0.00222225 -0.00546023 -0.0179378 0.0886887 
0.00998492 -0.0183014 -0.00187508 0.00219017 -0.0183014 0.0897041 0.00219017 -0.00540828 -0.00187508 0.00219017 0.00973697 -0.0179914 0.00219017 -0.00540828 -0.0179914 0.0888415 
0.0100169 -0.0182914 -0.00187077 0.002174 -0.0182914 0.0896686 0.002174 -0.00534507 -0.00187077 0.002174 0.00970335 -0.0179985 0.002174 -0.00534507 -0.0179985 0.0888771 
0.0100218 -0.0183175 -0.0018807 0.00216409 -0.0183175 0.08965 0.00216409 -0.00530202 -0.0018807 0.00216409 0.00970749 -0.0179877 0.00216409 -0.00530202 -0.0179877 0.0888926 
0.00999572 -0.0183203 -0.00188774 0.00218173 -0.0183203 0.0896726 0.00217657 -0.00530732 -0.00188774 0.00217657 0.0097172 -0.0179696 0.00218173 -0.00530732 -0.0179696 0.088868 
0.01001 -0.0183017 -0.00193058 0.00222043 -0.0183017 0.0896608 0.00222043 -0.00540873 -0.00193058 0.00222043 0.00969432 -0.0179912 0.00222043 -0.00540873 -0.0179912 0.0888896 
0.0100355 -0.018311 -0.00196765 0.00227395 -0.018311 0.0896499 0.00226876 -0.00552914 -0.00196765 0.00226876 0.00966171 -0.0179684 0.00227395 -0.00552914 -0.0179684 0.0888815 
0.0100405 -0.0183625 -0.00197373 0.00230182 -0.0183625 0.0897449 0.00230182 -0.00562436 -0.00197373 0.00230182 0.00964994 -0.0178938 0.00230182 -0.00562436 -0.0178938 0.0887346 
0.0100023 -0.0183646 -0.00191846 0.00229689 -0.0183646 0.0897838 0.00230215 -0.00563448 -0.00191846 0.00230215 0.00964485 -0.0178706 0.00229689 -0.00563448 -0.0178706 0.088596 
0.0099888 -0.0183076 -0.00187421 0.00223544 -0.0183076 0.0897212 0.0022302 -0.00553886 -0.00187421 0.0022302 0.00965374 -0.0178573 0.00223544 -0.00553886 -0.0178573 0.0885275 
0.0100153 -0.018285 -0.00185507 0.00218336 -0.018285 0.0896168 0.00217815 -0.00539848 -0.00185507 0.00217815 0.00962971 -0.0178629 0.00218336 -0.00539848 -0.0178629 0.0885017 
0.0100725 -0.0183108 -0.00187046 0.00220206 -0.0183108 0.0896265 0.00219688 -0.00542484 -0.00187046 0.00219688 0.00960099 -0.0178548 0.00220206 -0.00542484 -0.0178548 0.0885125 
0.0101113 -0.0183955 -0.00187878 0.00219879 -0.0183955 0.0897942 0.00219363 -0.00540923 -0.00187878 0.00219363 0.00959519 -0.0178123 0.00219879 -0.00540923 -0.0178123 0.0884161 
0.0100877 -0.0184375 -0.00185609 0.00220057 -0.0184375 0.0899406 0.00220571 -0.0054243 -0.00185609 0.00220571 0.00964035 -0.0178154 0.00220057 -0.0054243 -0.0178154 0.0883879 
0.0100309 -0.018402 -0.00182473 0.00216494 -0.018402 0.0899119 0.00217009 -0.0053608 -0.00182473 0.00217009 0.00969067 -0.0178865 0.00216494 -0.0053608 -0.0178865 0.0885305 
0.0100104 -0.018323 -0.00180686 0.00211839 -0.018323 0.0897564 0.00210801 -0.00522848 -0.00180686 0.00210801 0.00968852 -0.0179648 0.00211839 -0.00522848 -0.0179648 0.0887232 
0.00995951 -0.0182879 -0.00177268 0.00209784 -0.0182879 0.0896199 0.00209784 -0.00513972 -0.00177268 0.00209784 0.00969204 -0.0179575 0.00209784 -0.00513972 -0.0179575 0.0888122 
0.00994492 -0.0182411 -0.00181151 0.00210555 -0.0182411 0.0895305 0.00210555 -0.00518249 -0.00181151 0.00210555 0.00969813 -0.0179628 0.00210555 -0.00518249 -0.0179628 0.0888217 
0.00997544 -0.0182056 -0.00184982 0.00214245 -0.0182056 0.089408 0.00214767 -0.00527251 -0.00184982 0.00214767 0.00969326 -0.0179652 0.00214245 -0.00527251 -0.0179652 0.0888488 
0.00997056 -0.0182352 -0.00191401 0.00216887 -0.0182352 0.089397 0.00216887 -0.00532595 -0.00191401 0.00216887 0.00971051 -0.0179491 0.00216887 -0.00532595 -0.0179491 0.0888197 
0.00996983 -0.0182443 -0.00196493 0.00222934 -0.0182443 0.0894277 0.00223971 -0.00543337 -0.00196493 0.00223971 0.00972097 -0.0179644 0.00222934 -0.00543337 -0.0179644 0.0888004 
0.00997416 -0.0182808 -0.00197826 0.00229416 -0.0182808 0.089524 0.00229934 -0.00557745 -0.00197826 0.00229934 0.00971522 -0.0179545 0.00229416 -0.00557745 -0.0179545 0.0887524 
0.00999912 -0.0182687 -0.00194183 0.00228877 -0.0182687 0.0895416 0.00228877 -0.00561318 -0.00194183 0.00228877 0.00968843 -0.0179684 0.00228877 -0.00561318 -0.0179684 0.0887648 
0.0100079 -0.0182803 -0.00187583 0.00224996 -0.0182803 0.0895307 0.00224476 -0.00553916 -0.00187583 0.00224476 0.00967014 -0.0179425 0.00224996 -0.00553916 -0.0179425 0.0887616 
0.0100325 -0.0183074 -0.00184577 0.00219315 -0.0183074 0.0896186 0.00219315 -0.00543363 -0.00184577 0.00219315 0.00963328 -0.0178874 0.00219315 -0.00543363 -0.0178874 0.0886594 
0.0100392 -0.0183474 -0.00189106 0.00218557 -0.0183474 0.0897273 0.00219074 -0.00542518 -0.00189106 0.00219074 0.00966199 -0.0178618 0.00218557 -0.00542518 -0.0178618 0.0885906 
0.0100254 -0.0183652 -0.00192776 0.0022164 -0.0183652 0.0898159 0.00222156 -0.00545338 -0.00192776 0.00222156 0.00969032 -0.0178807 0.0022164 -0.00545338 -0.0178807 0.0885634 
0.0100554 -0.01838 -0.00194123 0.00225963 -0.01838 0.0898923 0.0022545 -0.00552583 -0.00194123 0.0022545 0.0096856 -0.0178922 0.00225963 -0.00552583 -0.0178922 0.0885827 
