0.00831875 0 0.000768904 0 0 0.00998913 0 0 0.000768904 0 0.00664837 0 0 0 0 0.00998913 
0.0116007 -0.0143772 0.000977794 -0.00118905 -0.0143772 0.0367639 -0.00118905 0.00228152 0.000977794 -0.00118905 0.00948219 -0.0117999 -0.00118905 0.00228152 -0.0117999 0.0318145 
0.0116667 -0.0214811 0.000850258 -0.00136041 -0.0214811 0.0777439 -0.00136041 0.00425129 0.000850258 -0.00136041 0.0096322 -0.0183291 -0.00136041 0.00425129 -0.0183291 0.0679659 
0.0109755 -0.0205487 0.000822422 -0.000893422 -0.0205487 0.0902061 -0.000893422 0.00288144 0.000822422 -0.000893422 0.00908214 -0.0184069 -0.000893422 0.00288144 -0.0184069 0.0834729 
0.0109715 -0.0196412 0.000904865 -0.000887899 -0.0196412 0.0919116 -0.000887899 0.0021943 0.000904865 -0.000887899 0.00898078 -0.0176845 -0.000887899 0.0021943 -0.0176845 0.0869688 
0.0111813 -0.0196197 0.000968075 -0.00101648 -0.0196197 0.0925964 -0.0010111 0.00231262 0.000968075 -0.0010111 0.00913755 -0.017463 -0.00101648 0.00231262 -0.017463 0.0876108 
0.0112562 -0.0197636 0.000977206 -0.00108695 -0.0197636 0.0931637 -0.00107649 0.00254491 0.000977206 -0.00107649 0.00927039 -0.0175531 -0.00108695 0.00254491 -0.0175531 0.087938 
0.0112817 -0.0198219 0.000971511 -0.00111902 -0.0198219 0.0934634 -0.00110376 0.00268056 0.000971511 -0.00110376 0.00938958 -0.0176652 -0.00111902 0.00268056 -0.0176652 0.0882549 
0.0112643 -0.0197825 0.000963661 -0.00110846 -0.0197825 0.0934102 -0.00109847 0.00269625 0.000963661 -0.00109847 0.00945685 -0.0177853 -0.00110846 0.00269625 -0.0177853 0.0885369 
0.0112547 -0.0197924 0.000976727 -0.00106597 -0.0197924 0.093384 -0.00106597 0.00260295 0.000976727 -0.00106597 0.00947475 -0.0178439 -0.00106597 0.00260295 -0.0178439 0.0887037 
0.0112402 -0.0197659 0.000992512 -0.00105206 -0.0197659 0.0933358 -0.00105702 0.00252594 0.000992512 -0.00105702 0.00944375 -0.0178602 -0.00105206 0.00252594 -0.0178602 0.0887653 
0.0112186 -0.0197573 0.00100863 -0.00109763 -0.0197573 0.0933183 -0.00109763 0.00258091 0.00100863 -0.00109763 0.00944357 -0.0178291 -0.00109763 0.00258091 -0.0178291 0.0887696 
0.0112021 -0.019745 0.000987987 -0.00113053 -0.019745 0.0932886 -0.00113545 0.0026887 0.000987987 -0.00113545 0.00947189 -0.0178378 -0.00113053 0.0026887 -0.0178378 0.0887959 
0.0111795 -0.0197504 0.000976423 -0.00111943 -0.0197504 0.0933174 -0.0011293 0.00271722 0.000976423 -0.0011293 0.00946341 -0.0178468 -0.00111943 0.00271722 -0.0178468 0.0887756 
0.0111454 -0.0196985 0.000974538 -0.00107348 -0.0196985 0.0932341 -0.00108832 0.00264659 0.000974538 -0.00108832 0.00944857 -0.0178435 -0.00107348 0.00264659 -0.0178435 0.0887671 
0.011116 -0.019685 0.00101683 -0.00110074 -0.019685 0.0932223 -0.00110568 0.00266547 0.00101683 -0.00110568 0.00947722 -0.017834 -0.00110074 0.00266547 -0.017834 0.0887749 
0.0111025 -0.01962 0.00101517 -0.00113897 -0.01962 0.0930785 -0.00113897 0.00272362 0.00101517 -0.00113897 0.0094683 -0.0178818 -0.00113897 0.00272362 -0.0178818 0.0888743 
0.0111279 -0.0196369 0.00101298 -0.00113651 -0.0196369 0.0930653 -0.00114145 0.00274245 0.00101298 -0.00114145 0.00944291 -0.0178531 -0.00113651 0.00274245 -0.0178531 0.0888454 
0.0111808 -0.0196678 0.000965566 -0.00112402 -0.0196678 0.0931301 -0.00111907 0.00269863 0.000965566 -0.00111907 0.00936352 -0.0178011 -0.00112402 0.00269863 -0.0178011 0.0887133 
0.0112039 -0.0197642 0.000922495 -0.00107624 -0.0197642 0.0933506 -0.00107129 0.00260382 0.000922495 -0.00107129 0.00933407 -0.0176911 -0.00107624 0.00260382 -0.0176911 0.0884703 
0.011148 -0.0197057 0.000901601 -0.00102115 -0.0197057 0.0932435 -0.00101617 0.00249559 0.000901601 -0.00101617 0.00932983 -0.0177033 -0.00102115 0.00249559 -0.0177033 0.0884167 
0.0111264 -0.0196491 0.000861236 -0.00100561 -0.0196491 0.093128 -0.00100063 0.00243934 0.000861236 -0.00100063 0.00931927 -0.0176877 -0.00100561 0.00243934 -0.0176877 0.0884087 
0.011115 -0.0196326 0.000864171 -0.000973434 -0.0196326 0.0930424 -0.000973434 0.00237895 0.000864171 -0.000973434 0.00933206 -0.0176857 -0.000973434 0.00237895 -0.0176857 0.0884037 
0.0110824 -0.0195939 0.000863631 -0.000958481 -0.0195939 0.0929127 -0.000958481 0.00232132 0.000863631 -0.000958481 0.00933021 -0.017697 -0.000958481 0.00232132 -0.017697 0.0884199 
0.011058 -0.0195762 0.000813163 -0.000943671 -0.0195762 0.0928763 -0.000938651 0.00224875 0.000813163 -0.000938651 0.0093062 -0.0176788 -0.000943671 0.00224875 -0.0176788 0.0883838 
0.0110457 -0.0195727 0.000768748 -0.000880015 -0.0195727 0.092882 -0.00089013 0.00212923 0.000768748 -0.00089013 0.0092705 -0.0176205 -0.000880015 0.00212923 -0.0176205 0.0882392 
0.0110576 -0.0195513 0.00073108 -0.000837695 -0.0195513 0.0928573 -0.000842772 0.00202062 0.00073108 -0.000842772 0.00920957 -0.0175561 -0.000837695 0.00202062 -0.0175561 0.0880443 
0.0110906 -0.01962 0.000754224 -0.000809905 -0.01962 0.0930227 -0.000814967 0.00197414 0.000754224 -0.000814967 0.00921267 -0.0174535 -0.000809905 0.00197414 -0.0174535 0.0878089 
0.0111089 -0.0196325 0.000803173 -0.000858391 -0.0196325 0.0930676 -0.00086341 0.00203805 0.000803173 -0.00086341 0.00925656 -0.017479 -0.000858391 0.00203805 -0.017479 0.0877717 
0.0111171 -0.0196129 0.000816993 -0.000907214 -0.0196129 0.0929919 -0.000912226 0.00215025 0.000816993 -0.000912226 0.00928766 -0.0175679 -0.000907214 0.00215025 -0.0175679 0.0879546 
0.0111225 -0.0196061 0.000807722 -0.000938162 -0.0196061 0.0929181 -0.000933145 0.00224256 0.000807722 -0.000933145 0.00927626 -0.0176244 -0.000938162 0.00224256 -0.0176244 0.088137 
0.0111331 -0.0196024 0.000761789 -0.000921117 -0.0196024 0.0928984 -0.000921117 0.00227541 0.000761789 -0.000921117 0.00928586 -0.0176207 -0.000921117 0.00227541 -0.0176207 0.0882132 
0.0111871 -0.0196578 0.000732282 -0.000885665 -0.0196578 0.0930196 -0.000875769 0.00222158 0.000732282 -0.000875769 0.00929701 -0.0176292 -0.000885665 0.00222158 -0.0176292 0.0882301 
0.0112381 -0.0197268 0.000713137 -0.000845928 -0.0197268 0.0931996 -0.00084101 0.00211974 0.000713137 -0.00084101 0.00930521 -0.0176366 -0.000845928 0.00211974 -0.0176366 0.0882568 
0.0112793 -0.0197916 0.000692977 -0.000801101 -0.0197916 0.0933504 -0.000801101 0.00198555 0.000692977 -0.000801101 0.00929375 -0.0176635 -0.000801101 0.00198555 -0.0176635 0.0883275 
0.0112749 -0.0197976 0.000641177 -0.000744752 -0.0197976 0.0934048 -0.00073982 0.00181996 0.000641177 -0.00073982 0.00927241 -0.0176718 -0.000744752 0.00181996 -0.0176718 0.0883789 
0.0112814 -0.0198487 0.00058335 -0.000682223 -0.0198487 0.0935485 -0.000687166 0.00166601 0.00058335 -0.000687166 0.00924461 -0.0176093 -0.000682223 0.00166601 -0.0176093 0.0882786 
0.0112783 -0.0198413 0.000570867 -0.0006354 -0.0198413 0.0935825 -0.0006354 0.00155375 0.000570867 -0.0006354 0.00921826 -0.0175877 -0.0006354 0.00155375 -0.0175877 0.0881865 
0.0112918 -0.0198462 0.000575251 -0.000614924 -0.0198462 0.0935974 -0.000609965 0.00146788 0.000575251 -0.000609965 0.00919906 -0.0175402 -0.000614924 0.00146788 -0.0175402 0.0880829 
0.0113222 -0.0198397 0.000567837 -0.000641902 -0.0198397 0.0935597 -0.000636965 0.00149613 0.000567837 -0.000636965 0.00918414 -0.0175437 -0.000641902 0.00149613 -0.0175437 0.0880739 
0.011317 -0.0198702 0.000547837 -0.000626805 -0.0198702 0.0935913 -0.000616934 0.00148064 0.000547837 -0.000616934 0.00920465 -0.0175357 -0.000626805 0.00148064 -0.0175357 0.0880784 
0.0113101 -0.0198806 0.000520175 -0.000589532 -0.0198806 0.0936365 -0.000594486 0.00142181 0.000520175 -0.000594486 0.00919967 -0.0175373 -0.000589532 0.00142181 -0.0175373 0.0880335 
0.0113017 -0.019865 0.000487058 -0.000581488 -0.019865 0.0936195 -0.000581488 0.00141644 0.000487058 -0.000581488 0.00916465 -0.0175142 -0.000581488 0.00141644 -0.0175142 0.0879786 
0.0112604 -0.0198195 0.000475228 -0.000550264 -0.0198195 0.0934999 -0.000550264 0.00135565 0.000475228 -0.000550264 0.00914439 -0.0174984 -0.000550264 0.00135565 -0.0174984 0.0879672 
0.0112452 -0.0197822 0.000447995 -0.000498331 -0.0197822 0.0934195 -0.000498331 0.00122318 0.000447995 -0.000498331 0.00910084 -0.0174567 -0.000498331 0.00122318 -0.0174567 0.0878674 
0.0112481 -0.0197639 0.00043515 -0.000480689 -0.0197639 0.0933447 -0.000480689 0.00116377 0.00043515 -0.000480689 0.00903189 -0.0173756 -0.000480689 0.00116377 -0.0173756 0.0876625 
0.0112272 -0.0197364 0.000416574 -0.000477536 -0.0197364 0.0932363 -0.000462295 0.00113288 0.000416574 -0.000462295 0.00898681 -0.017303 -0.000477536 0.00113288 -0.017303 0.0874754 
0.0112109 -0.0197294 0.000441136 -0.000471559 -0.0197294 0.0932116 -0.000456348 0.00112566 0.000441136 -0.000456348 0.00899512 -0.0172398 -0.000471559 0.00112566 -0.0172398 0.0872993 
0.0111874 -0.019715 0.000442469 -0.000482693 -0.019715 0.093195 -0.000477665 0.0011464 0.000442469 -0.000477665 0.00904045 -0.0172311 -0.000482693 0.0011464 -0.0172311 0.0871714 
0.0111583 -0.0196809 0.000440132 -0.000495149 -0.0196809 0.0931029 -0.000490147 0.00116535 0.000440132 -0.000490147 0.00909273 -0.0172902 -0.000495149 0.00116535 -0.0172902 0.0872462 
0.011159 -0.0196761 0.000406054 -0.000491275 -0.0196761 0.0931066 -0.000491275 0.00117806 0.000406054 -0.000491275 0.00908357 -0.01733 -0.000491275 0.00117806 -0.01733 0.0873216 
0.0111535 -0.0196518 0.000372117 -0.000427432 -0.0196518 0.0930293 -0.000432461 0.00106607 0.000372117 -0.000432461 0.00906659 -0.0173537 -0.000427432 0.00106607 -0.0173537 0.0874526 
0.0111111 -0.0195974 0.000354018 -0.000394477 -0.0195974 0.092864 -0.000399535 0.000976078 0.000354018 -0.000399535 0.00905781 -0.0173772 -0.000394477 0.000976078 -0.0173772 0.087574 
0.0110574 -0.0195666 0.000356033 -0.000371292 -0.0195666 0.0927771 -0.000371292 0.000905341 0.000356033 -0.000371292 0.00907375 -0.0173439 -0.000371292 0.000905341 -0.0173439 0.0875638 
0.0110151 -0.0195153 0.000393578 -0.000388467 -0.0195153 0.0926902 -0.000383355 0.00090983 0.000393578 -0.000383355 0.00907274 -0.0173328 -0.000388467 0.00090983 -0.0173328 0.0874817 
0.0110072 -0.0194684 0.000444788 -0.000434563 -0.0194684 0.0925823 -0.000434563 0.00100716 0.000444788 -0.000434563 0.00904913 -0.0173109 -0.000434563 0.00100716 -0.0173109 0.0873829 
0.0110424 -0.0194857 0.000498459 -0.00052389 -0.0194857 0.0926014 -0.000518804 0.00120037 0.000498459 -0.000518804 0.00904347 -0.017268 -0.00052389 0.00120037 -0.017268 0.087271 
0.011069 -0.0195833 0.000558229 -0.000593433 -0.0195833 0.0928371 -0.000593433 0.00140815 0.000558229 -0.000593433 0.00910266 -0.0172246 -0.000593433 0.00140815 -0.0172246 0.0871089 
0.0110376 -0.0195351 0.000569522 -0.000665282 -0.0195351 0.0927464 -0.000660242 0.00158761 0.000569522 -0.000660242 0.00913755 -0.0173528 -0.000665282 0.00158761 -0.0173528 0.0873082 
0.0110267 -0.019499 0.000581684 -0.000662613 -0.019499 0.0926597 -0.000667672 0.00163883 0.000581684 -0.000667672 0.00912484 -0.0173999 -0.000662613 0.00163883 -0.0173999 0.0874852 
0.0109752 -0.0194364 0.000578977 -0.000639922 -0.0194364 0.0924636 -0.000650079 0.00158457 0.000578977 -0.000650079 0.00912651 -0.0174201 -0.000639922 0.00158457 -0.0174201 0.0876388 
0.0109087 -0.0193701 0.000610563 -0.000641091 -0.0193701 0.0922662 -0.000651267 0.00156202 0.000610563 -0.000651267 0.00916353 -0.0174367 -0.000641091 0.00156202 -0.0174367 0.0877379 
0.0108751 -0.0193035 0.000640908 -0.000691774 -0.0193035 0.0921077 -0.000696861 0.00165822 0.000640908 -0.000696861 0.00919144 -0.0174622 -0.000691774 0.00165822 -0.0174622 0.0877841 
0.0108727 -0.0192335 0.000585922 -0.000723486 -0.0192335 0.0919133 -0.000728581 0.00174248 0.000585922 -0.000728581 0.00915057 -0.017491 -0.000723486 0.00174248 -0.017491 0.0878424 
0.0108874 -0.0192577 0.000528861 -0.000645821 -0.0192577 0.0918998 -0.000640736 0.00163235 0.000528861 -0.000640736 0.00911777 -0.0174219 -0.000645821 0.00163235 -0.0174219 0.0877299 
0.0109194 -0.0193275 0.000498183 -0.000574435 -0.0193275 0.0920672 -0.000579519 0.00145896 0.000498183 -0.000579519 0.00907912 -0.0173398 -0.000574435 0.00145896 -0.0173398 0.087487 
0.0109216 -0.0193823 0.000518625 -0.000584724 -0.0193823 0.0922542 -0.000579639 0.0014491 0.000518625 -0.000579639 0.00907085 -0.0172824 -0.000584724 0.0014491 -0.0172824 0.0872967 
0.0108986 -0.0194143 0.000584308 -0.000604632 -0.0194143 0.0924121 -0.000604632 0.00147855 0.000584308 -0.000604632 0.00912537 -0.0172803 -0.000604632 0.00147855 -0.0172803 0.0872092 
0.0108435 -0.0193583 0.000611474 -0.000672622 -0.0193583 0.092353 -0.000672622 0.00158983 0.000611474 -0.000672622 0.00917721 -0.0173455 -0.000672622 0.00158983 -0.0173455 0.0872931 
0.0108077 -0.0192805 0.000632147 -0.000708616 -0.0192805 0.092166 -0.000713714 0.00171291 0.000632147 -0.000713714 0.00918652 -0.0173993 -0.000708616 0.00171291 -0.0173993 0.0874249 
0.0107814 -0.0191811 0.000642601 -0.000703802 -0.0191811 0.0918869 -0.000714002 0.0017187 0.000642601 -0.000714002 0.00916982 -0.0174471 -0.000703802 0.0017187 -0.0174471 0.0875825 
0.0108117 -0.0191915 0.000678897 -0.000739694 -0.0191915 0.0918183 -0.000739694 0.0017935 0.000678897 -0.000739694 0.00916004 -0.0174081 -0.000739694 0.0017935 -0.0174081 0.0875676 
0.0108102 -0.0192283 0.00068926 -0.000775418 -0.0192283 0.0918693 -0.00077035 0.00187013 0.00068926 -0.00077035 0.0091479 -0.0173734 -0.000775418 0.00187013 -0.0173734 0.0874803 
0.0107893 -0.019199 0.000693636 -0.00078477 -0.019199 0.0917878 -0.000774644 0.00188345 0.000693636 -0.000774644 0.00915397 -0.0174067 -0.00078477 0.00188345 -0.0174067 0.0875247 
0.0108362 -0.0192419 0.000713975 -0.000815248 -0.0192419 0.0919407 -0.000810184 0.00196976 0.000713975 -0.000810184 0.0091247 -0.0173683 -0.000815248 0.00196976 -0.0173683 0.0874695 
0.0108566 -0.0192843 0.000749248 -0.000849818 -0.0192843 0.0920469 -0.00084479 0.00206672 0.000749248 -0.00084479 0.00916698 -0.0173685 -0.000849818 0.00206672 -0.0173685 0.087476 
0.0108683 -0.0193159 0.00075523 -0.00088527 -0.0193159 0.0921581 -0.00088527 0.00217066 0.00075523 -0.00088527 0.00920781 -0.0174103 -0.00088527 0.00217066 -0.0174103 0.0875217 
0.010898 -0.0193401 0.000698072 -0.000863801 -0.0193401 0.0922409 -0.000868823 0.0021595 0.000698072 -0.000868823 0.00919546 -0.0174568 -0.000863801 0.0021595 -0.0174568 0.0876256 
0.0108995 -0.0193635 0.000671508 -0.000786766 -0.0193635 0.0923022 -0.000786766 0.00198947 0.000671508 -0.000786766 0.00921068 -0.0174592 -0.000786766 0.00198947 -0.0174592 0.0877219 
0.0109501 -0.0193867 0.000650895 -0.000751033 -0.0193867 0.092392 -0.000751033 0.00185755 0.000650895 -0.000751033 0.00920766 -0.017484 -0.000751033 0.00185755 -0.017484 0.0877907 
0.0109989 -0.0194488 0.000592096 -0.000712522 -0.0194488 0.0925175 -0.000712522 0.00174618 0.000592096 -0.000712522 0.00917749 -0.0174769 -0.000712522 0.00174618 -0.0174769 0.0878058 
0.0110037 -0.0194847 0.000601845 -0.000657014 -0.0194847 0.0926139 -0.000657014 0.00163 0.000601845 -0.000657014 0.00920321 -0.0174635 -0.000657014 0.00163 -0.0174635 0.0878041 
0.0109403 -0.0194095 0.000586175 -0.000641761 -0.0194095 0.0924237 -0.000641761 0.00153113 0.000586175 -0.000641761 0.00920194 -0.0175246 -0.000641761 0.00153113 -0.0175246 0.0879162 
0.0109266 -0.0193766 0.000553182 -0.000649608 -0.0193766 0.0923356 -0.000644533 0.00153267 0.000553182 -0.000644533 0.00916556 -0.0174937 -0.000649608 0.00153267 -0.0174937 0.0878797 
0.0109053 -0.0193901 0.000521982 -0.000593627 -0.0193901 0.0923499 -0.000588509 0.00144313 0.000521982 -0.000588509 0.00913469 -0.0174096 -0.000593627 0.00144313 -0.0174096 0.087693 
0.0108897 -0.0193338 0.000492189 -0.00055884 -0.0193338 0.0922444 -0.00055884 0.00134327 0.000492189 -0.00055884 0.0091055 -0.0173804 -0.00055884 0.00134327 -0.0173804 0.0875533 
0.0109115 -0.0193336 0.000453573 -0.000515424 -0.0193336 0.0922145 -0.000525733 0.00124217 0.000453573 -0.000525733 0.00906631 -0.0173234 -0.000515424 0.00124217 -0.0173234 0.0874056 
0.0109103 -0.0193247 0.000483761 -0.000488907 -0.0193247 0.0921718 -0.000504346 0.00119911 0.000483761 -0.000504346 0.00904735 -0.0172816 -0.000488907 0.00119911 -0.0172816 0.0872931 
0.0109212 -0.0193644 0.000530252 -0.000555745 -0.0193644 0.0922384 -0.000555745 0.00129504 0.000530252 -0.000555745 0.00910097 -0.0172638 -0.000555745 0.00129504 -0.0172638 0.0872316 
0.0109223 -0.0193355 0.000514052 -0.000595487 -0.0193355 0.0921783 -0.000600576 0.00139456 0.000514052 -0.000600576 0.00912061 -0.0173404 -0.000595487 0.00139456 -0.0173404 0.0873075 
0.0109058 -0.0193213 0.000510183 -0.000596056 -0.0193213 0.0921209 -0.000591005 0.00144468 0.000510183 -0.000591005 0.00914794 -0.0173765 -0.000596056 0.00144468 -0.0173765 0.0874434 
0.0108928 -0.0193074 0.00051272 -0.00057304 -0.0193074 0.0920734 -0.000562987 0.00140747 0.00051272 -0.000562987 0.00918372 -0.0174275 -0.00057304 0.00140747 -0.0174275 0.0875897 
0.0108509 -0.0192883 0.000522265 -0.000547617 -0.0192883 0.0920251 -0.000537476 0.00131327 0.000522265 -0.000537476 0.00916752 -0.0174528 -0.000547617 0.00131327 -0.0174528 0.0876695 
0.0108251 -0.0192748 0.000510861 -0.000561947 -0.0192748 0.0920367 -0.000546621 0.0013027 0.000510861 -0.000546621 0.0091393 -0.0174255 -0.000561947 0.0013027 -0.0174255 0.0876382 
0.0108171 -0.0192725 0.000497985 -0.000564725 -0.0192725 0.0920656 -0.000559591 0.00132967 0.000497985 -0.000559591 0.00912288 -0.0173627 -0.000564725 0.00132967 -0.0173627 0.0874811 
0.010794 -0.0192134 0.000452321 -0.000529421 -0.0192134 0.0919292 -0.000534561 0.00126958 0.000452321 -0.000534561 0.0091081 -0.0173475 -0.000529421 0.00126958 -0.0173475 0.0874059 
0.0108253 -0.0192536 0.000454889 -0.000511112 -0.0192536 0.0920154 -0.000521334 0.00125733 0.000454889 -0.000521334 0.00909779 -0.0172858 -0.000511112 0.00125733 -0.0172858 0.0872467 
0.0108323 -0.0192495 0.00046563 -0.000506565 -0.0192495 0.0919953 -0.000516799 0.00125362 0.00046563 -0.000516799 0.00908235 -0.0172795 -0.000506565 0.00125362 -0.0172795 0.0871701 
0.0108601 -0.0192734 0.000467974 -0.000513754 -0.0192734 0.0920282 -0.000529014 0.00125641 0.000467974 -0.000529014 0.00906955 -0.0172642 -0.000513754 0.00125641 -0.0172642 0.0871246 
0.0108565 -0.0192936 0.000477766 -0.00052351 -0.0192936 0.0920767 -0.00052351 0.00126049 0.000477766 -0.00052351 0.00907756 -0.0172555 -0.00052351 0.00126049 -0.0172555 0.0870957 
0.0108114 -0.0192475 0.000474052 -0.000519928 -0.0192475 0.0919559 -0.000514831 0.00124375 0.000474052 -0.000514831 0.00909364 -0.0173054 -0.000519928 0.00124375 -0.0173054 0.0872154 
0.0107865 -0.019163 0.000414473 -0.000521929 -0.019163 0.091752 -0.000501461 0.00121272 0.000414473 -0.000501461 0.00907747 -0.0173516 -0.000521929 0.00121272 -0.0173516 0.0873668 
0.0108123 -0.0192104 0.000400645 -0.000477692 -0.0192104 0.0918196 -0.000472556 0.0011968 0.000400645 -0.000472556 0.00905047 -0.0172842 -0.000477692 0.0011968 -0.0172842 0.0872893 
0.0108506 -0.0192423 0.000403008 -0.000459123 -0.0192423 0.0919164 -0.000459123 0.00115291 0.000403008 -0.000459123 0.00904472 -0.0172426 -0.000459123 0.00115291 -0.0172426 0.0871823 
0.0108756 -0.0192517 0.000377484 -0.000443798 -0.0192517 0.0919224 -0.000454001 0.00110184 0.000377484 -0.000454001 0.0090239 -0.0172571 -0.000443798 0.00110184 -0.0172571 0.0871732 
0.0108986 -0.0193138 0.00038997 -0.000415625 -0.0193138 0.0920739 -0.000420757 0.0010365 0.00038997 -0.000420757 0.00900009 -0.0172202 -0.000415625 0.0010365 -0.0172202 0.0870864 
0.0109433 -0.0193667 0.000408904 -0.000449794 -0.0193667 0.0922538 -0.000449794 0.0010836 0.000408904 -0.000449794 0.00899077 -0.0171791 -0.000449794 0.0010836 -0.0171791 0.0870096 
0.0109671 -0.0194218 0.000448469 -0.000473951 -0.0194218 0.0924 -0.000468854 0.00115175 0.000448469 -0.000468854 0.00899996 -0.017154 -0.000473951 0.00115175 -0.017154 0.0869164 
0.0109729 -0.019453 0.000493448 -0.000534145 -0.019453 0.092524 -0.00052397 0.00128195 0.000493448 -0.00052397 0.00903467 -0.0171689 -0.000534145 0.00128195 -0.0171689 0.0869028 
0.0109233 -0.0194463 0.000569557 -0.000579728 -0.0194463 0.0925429 -0.000574643 0.00139338 0.000569557 -0.000574643 0.00909766 -0.017224 -0.000579728 0.00139338 -0.017224 0.0869999 
0.0108784 -0.019366 0.000596425 -0.000647401 -0.019366 0.0923795 -0.000637206 0.00149361 0.000596425 -0.000637206 0.00913498 -0.017332 -0.000647401 0.00149361 -0.017332 0.0872156 
0.0108614 -0.0192874 0.000570298 -0.000673055 -0.0192874 0.0921571 -0.000673055 0.00159786 0.000570298 -0.000673055 0.0091145 -0.0173915 -0.000673055 0.00159786 -0.0173915 0.0874303 
0.0108522 -0.019291 0.000576313 -0.000658643 -0.019291 0.0920968 -0.000658643 0.00163117 0.000576313 -0.000658643 0.0090975 -0.0173357 -0.000658643 0.00163117 -0.0173357 0.0873988 
0.0108847 -0.0193174 0.000551188 -0.000633609 -0.0193174 0.0921566 -0.00063876 0.00156084 0.000551188 -0.00063876 0.00906113 -0.0172826 -0.000633609 0.00156084 -0.0172826 0.0872629 
0.0109278 -0.0193314 0.000559215 -0.000631041 -0.0193314 0.0921628 -0.000625911 0.00154425 0.000559215 -0.000625911 0.00904492 -0.0172638 -0.000631041 0.00154425 -0.0172638 0.0871914 
0.0109338 -0.0193531 0.000553092 -0.000624789 -0.0193531 0.0921871 -0.00062991 0.001521 0.000553092 -0.00062991 0.00904919 -0.0172585 -0.000624789 0.001521 -0.0172585 0.0871836 
0.0109504 -0.0193613 0.000558693 -0.0006298 -0.0193613 0.0922047 -0.000624721 0.00151863 0.000558693 -0.000624721 0.00908638 -0.0172789 -0.0006298 0.00151863 -0.0172789 0.0872273 
0.0109707 -0.0193785 0.00055208 -0.00063312 -0.0193785 0.0922531 -0.000638185 0.00154481 0.00055208 -0.000638185 0.0090916 -0.0173222 -0.00063312 0.00154481 -0.0173222 0.0873148 
0.0109521 -0.0193697 0.00055473 -0.000631069 -0.0193697 0.0922226 -0.000636158 0.00155223 0.00055473 -0.000636158 0.00910979 -0.0173646 -0.000631069 0.00155223 -0.0173646 0.0874641 
0.0109296 -0.0193699 0.000565061 -0.00063633 -0.0193699 0.092222 -0.000646511 0.00157301 0.000565061 -0.000646511 0.00910715 -0.0173693 -0.00063633 0.00157301 -0.0173693 0.0874979 
0.0109658 -0.0193847 0.00057103 -0.000636724 -0.0193847 0.0922896 -0.000651884 0.0015716 0.00057103 -0.000651884 0.00910616 -0.0173482 -0.000636724 0.0015716 -0.0173482 0.0874636 
0.0109308 -0.0193714 0.000601095 -0.000646556 -0.0193714 0.0922403 -0.000651607 0.00159113 0.000601095 -0.000651607 0.0091326 -0.0173812 -0.000646556 0.00159113 -0.0173812 0.0875225 
0.0109084 -0.0193517 0.000650267 -0.000695635 -0.0193517 0.0922119 -0.000700675 0.00167356 0.000650267 -0.000700675 0.00916927 -0.017406 -0.000695635 0.00167356 -0.017406 0.0875895 
0.0108867 -0.0193753 0.000692333 -0.00076257 -0.0193753 0.092296 -0.000767587 0.00183117 0.000692333 -0.000767587 0.00921606 -0.0174087 -0.00076257 0.00183117 -0.0174087 0.0875701 
0.0108839 -0.0193632 0.000675519 -0.000781384 -0.0193632 0.0923394 -0.000781384 0.00187532 0.000675519 -0.000781384 0.00920017 -0.0174475 -0.000781384 0.00187532 -0.0174475 0.0876007 
0.0109105 -0.019369 0.00064446 -0.000775366 -0.019369 0.0923541 -0.000775366 0.0019082 0.00064446 -0.000775366 0.00918859 -0.0174457 -0.000775366 0.0019082 -0.0174457 0.0876415 
0.0109233 -0.0193866 0.000630091 -0.000735946 -0.0193866 0.0923915 -0.000735946 0.00183987 0.000630091 -0.000735946 0.00919933 -0.0174409 -0.000735946 0.00183987 -0.0174409 0.0876784 
0.0108955 -0.019345 0.000603895 -0.000685091 -0.019345 0.0922793 -0.000680017 0.00168989 0.000603895 -0.000680017 0.0091853 -0.0174825 -0.000685091 0.00168989 -0.0174825 0.0877577 
0.0108754 -0.0193188 0.000616938 -0.000667924 -0.0193188 0.0921991 -0.000667924 0.00162137 0.000616938 -0.000667924 0.00916229 -0.0174629 -0.000667924 0.00162137 -0.0174629 0.0877734 
0.0109141 -0.0193838 0.000646465 -0.000722222 -0.0193838 0.0923586 -0.000707071 0.00170707 0.000646465 -0.000707071 0.00920707 -0.017399 -0.000722222 0.00170707 -0.017399 0.0876364 
0.0109105 -0.0193453 0.000627797 -0.000718929 -0.0193453 0.092271 -0.000708803 0.00171632 0.000627797 -0.000708803 0.00920432 -0.0174771 -0.000718929 0.00171632 -0.0174771 0.0877094 
0.010934 -0.0193703 0.000601498 -0.000688154 -0.0193703 0.0922942 -0.000693252 0.00169235 0.000601498 -0.000693252 0.0091448 -0.0174485 -0.000688154 0.00169235 -0.0174485 0.0876708 
0.0109371 -0.019377 0.000565715 -0.000652356 -0.019377 0.0923032 -0.000662549 0.00160031 0.000565715 -0.000662549 0.00911769 -0.0173945 -0.000652356 0.00160031 -0.0173945 0.0875838 
0.0109369 -0.0193757 0.000558523 -0.000614375 -0.0193757 0.0922985 -0.000619453 0.00151309 0.000558523 -0.000619453 0.00912931 -0.017365 -0.000614375 0.00151309 -0.017365 0.0875155 
0.0109351 -0.0193327 0.000557137 -0.000602721 -0.0193327 0.0921707 -0.000607786 0.00144349 0.000557137 -0.000607786 0.00912185 -0.0174029 -0.000602721 0.00144349 -0.0174029 0.0875617 
0.0109614 -0.0193917 0.000620172 -0.000650425 -0.0193917 0.0922998 -0.000650425 0.00155295 0.000620172 -0.000650425 0.00913115 -0.0173648 -0.000650425 0.00155295 -0.0173648 0.0874997 
0.0109942 -0.0194651 0.000670865 -0.000740956 -0.0194651 0.0925193 -0.000735949 0.00175226 0.000670865 -0.000735949 0.00916182 -0.0173574 -0.000740956 0.00175226 -0.0173574 0.0874428 
0.0109902 -0.0194574 0.000667138 -0.000762444 -0.0194574 0.0925215 -0.000757428 0.00183087 0.000667138 -0.000757428 0.00916437 -0.0174258 -0.000762444 0.00183087 -0.0174258 0.0875556 
0.0110377 -0.0195016 0.000637176 -0.000782673 -0.0195016 0.0926514 -0.000772639 0.00189648 0.000637176 -0.000772639 0.00914122 -0.0174195 -0.000782673 0.00189648 -0.0174195 0.0876042 
0.0110112 -0.0194662 0.000599968 -0.000731053 -0.0194662 0.0925412 -0.000731053 0.00184024 0.000599968 -0.000731053 0.00912556 -0.0174444 -0.000731053 0.00184024 -0.0174444 0.0877012 
0.0110157 -0.0194546 0.000541671 -0.000663167 -0.0194546 0.0924941 -0.000663167 0.00168576 0.000541671 -0.000663167 0.00908184 -0.0174043 -0.000663167 0.00168576 -0.0174043 0.0876697 
0.0110535 -0.0195109 0.000456336 -0.000578026 -0.0195109 0.0926312 -0.000588167 0.0014907 0.000456336 -0.000588167 0.00903546 -0.0173154 -0.000578026 0.0014907 -0.0173154 0.0874695 
0.011055 -0.0195203 0.000408882 -0.000459362 -0.0195203 0.0926497 -0.000474505 0.00119636 0.000408882 -0.000474505 0.00903579 -0.0172791 -0.000459362 0.00119636 -0.0172791 0.0873443 
0.0110575 -0.0195322 0.000423735 -0.000433824 -0.0195322 0.0926971 -0.000433824 0.00105429 0.000423735 -0.000433824 0.00905986 -0.0172823 -0.000433824 0.00105429 -0.0172823 0.0873096 
0.0110593 -0.0195481 0.000434291 -0.00045449 -0.0195481 0.0927362 -0.00045954 0.00104533 0.000434291 -0.00045954 0.00904436 -0.0172858 -0.00045449 0.00104533 -0.0172858 0.0872773 
0.0110906 -0.0195654 0.000426754 -0.000497043 -0.0195654 0.0928064 -0.000492022 0.00115475 0.000426754 -0.000492022 0.00905723 -0.017281 -0.000497043 0.00115475 -0.017281 0.0872737 
0.0111047 -0.0195802 0.000402162 -0.000487621 -0.0195802 0.092829 -0.000482594 0.0011914 0.000402162 -0.000482594 0.00903858 -0.0172929 -0.000487621 0.0011914 -0.0172929 0.0872892 
0.0110864 -0.019607 0.000424262 -0.000449515 -0.019607 0.0928982 -0.000444465 0.00112631 0.000424262 -0.000444465 0.00903576 -0.0172735 -0.000449515 0.00112631 -0.0172735 0.0872565 
0.0110343 -0.0195492 0.000427527 -0.000452975 -0.0195492 0.0927835 -0.000447885 0.00108409 0.000427527 -0.000447885 0.00902895 -0.0172843 -0.000452975 0.00108409 -0.0172843 0.0872816 
0.0110051 -0.019487 0.000443466 -0.000468952 -0.019487 0.092664 -0.000458758 0.00109082 0.000443466 -0.000458758 0.00902223 -0.0172646 -0.000468952 0.00109082 -0.0172646 0.0872404 
