0.00632229 0 -0.000191171 0 0 0.00998184 0 0 -0.000191171 0 0.00849344 0 0 0 0 0.00998184 
0.00909412 -0.011332 -0.000247965 0.000297558 -0.011332 0.0309151 0.000297558 -0.000576519 -0.000247965 0.000297558 0.0117845 -0.0146051 0.000297558 -0.000576519 -0.0146051 0.0371948 
0.00925777 -0.017728 -0.000310039 0.000390649 -0.017728 0.0660569 0.000390649 -0.00121535 -0.000310039 0.000390649 0.0118125 -0.0216097 0.000390649 -0.00121535 -0.0216097 0.0781298 
0.0088593 -0.0179399 -0.000384427 0.000372778 -0.0179399 0.0819063 0.000378603 -0.00107756 -0.000384427 0.000378603 0.0112591 -0.0207591 0.000372778 -0.00107756 -0.0207591 0.0907481 
0.00877315 -0.017418 -0.0004183 0.000412723 -0.017418 0.0859691 0.000429455 -0.000998344 -0.0004183 0.000429455 0.0112941 -0.0199334 0.000412723 -0.000998344 -0.0199334 0.0923886 
0.0088575 -0.0172313 -0.000419226 0.0004461 -0.0172313 0.0868927 0.000456849 -0.00106419 -0.000419226 0.000456849 0.0115072 -0.019967 0.0004461 -0.00106419 -0.019967 0.0932402 
0.00896463 -0.0172449 -0.000362941 0.000440714 -0.0172449 0.0872198 0.000440714 -0.00106808 -0.000362941 0.000440714 0.0116556 -0.0201795 0.000440714 -0.00106808 -0.0201795 0.0940898 
0.00903045 -0.017286 -0.00029882 0.000369727 -0.017286 0.0873771 0.000369727 -0.000942044 -0.00029882 0.000369727 0.0116996 -0.0202995 0.000369727 -0.000942044 -0.0202995 0.0945792 
0.00910609 -0.0173572 -0.000308176 0.000313146 -0.0173572 0.0875418 0.000323087 -0.000820145 -0.000308176 0.000323087 0.0116858 -0.0203098 0.000313146 -0.000820145 -0.0203098 0.0946894 
0.00911014 -0.0174689 -0.000296586 0.000291643 -0.0174689 0.0877747 0.000301529 -0.000696978 -0.000296586 0.000301529 0.0116361 -0.0202173 0.000291643 -0.000696978 -0.0202173 0.0944677 
0.00911398 -0.0174607 -0.000275436 0.000290192 -0.0174607 0.0878739 0.000300029 -0.000678753 -0.000275436 0.000300029 0.0116175 -0.020215 0.000290192 -0.000678753 -0.020215 0.0944205 
0.00908793 -0.017452 -0.000215215 0.000278801 -0.017452 0.0878321 0.000283692 -0.000650535 -0.000215215 0.000283692 0.0116509 -0.0202253 0.000278801 -0.000650535 -0.0202253 0.0944793 
0.00911421 -0.0174229 -0.00019527 0.000234324 -0.0174229 0.0877883 0.000244087 -0.000605336 -0.00019527 0.000244087 0.0116576 -0.0202983 0.000234324 -0.000605336 -0.0202983 0.0946521 
0.0091136 -0.0174637 -0.000166414 0.000200675 -0.0174637 0.0878322 0.000195781 -0.000504136 -0.000166414 0.000195781 0.0116441 -0.0202878 0.000200675 -0.000504136 -0.0202878 0.0946992 
0.00910517 -0.0174532 -0.000181907 0.000172074 -0.0174532 0.0878462 0.000172074 -0.000437559 -0.000181907 0.000172074 0.0116174 -0.0202851 0.000172074 -0.000437559 -0.0202851 0.0947144 
0.00910184 -0.0174514 -0.000202923 0.000188075 -0.0174514 0.0878508 0.000193024 -0.000445441 -0.000202923 0.000193024 0.0115567 -0.020223 0.000188075 -0.000445441 -0.020223 0.0945968 
0.00902377 -0.0174313 -0.000170354 0.000205427 -0.0174313 0.0878026 0.000200417 -0.000460959 -0.000170354 0.000200417 0.0115139 -0.0201319 0.000205427 -0.000460959 -0.0201319 0.0943813 
0.00899083 -0.0173578 -0.000181125 0.000176094 -0.0173578 0.0876845 0.000176094 -0.000452812 -0.000181125 0.000176094 0.0114712 -0.0200596 0.000176094 -0.000452812 -0.0200596 0.0941497 
0.00902784 -0.0172826 -0.000229437 0.000214473 -0.0172826 0.0874952 0.000209486 -0.000513739 -0.000229437 0.000209486 0.0114768 -0.0200657 0.000214473 -0.000513739 -0.0200657 0.0941389 
0.00903454 -0.0173407 -0.000284356 0.000259412 -0.0173407 0.0875068 0.000259412 -0.000608621 -0.000284356 0.000259412 0.0114391 -0.0199897 0.000259412 -0.000608621 -0.0199897 0.0939123 
0.00901491 -0.0173252 -0.000299831 0.000309825 -0.0173252 0.0874856 0.000314822 -0.000709599 -0.000299831 0.000314822 0.0114485 -0.0200037 0.000309825 -0.000709599 -0.0200037 0.0939119 
0.00897558 -0.0173011 -0.000270018 0.000330021 -0.0173011 0.0874257 0.000335022 -0.000810053 -0.000270018 0.000335022 0.0114557 -0.0199963 0.000330021 -0.000810053 -0.0199963 0.0938961 
0.0089674 -0.0172707 -0.000264628 0.000299579 -0.0172707 0.0873672 0.000299579 -0.00076892 -0.000264628 0.000299579 0.0114439 -0.0199869 0.000299579 -0.00076892 -0.0199869 0.0938581 
0.00897021 -0.01725 -0.000273179 0.000263245 -0.01725 0.0873081 0.000278146 -0.000685432 -0.000273179 0.000278146 0.0114437 -0.0199918 0.000263245 -0.000685432 -0.0199918 0.0938694 
0.00897971 -0.0172534 -0.000303302 0.000298329 -0.0172534 0.0872812 0.000308274 -0.000711018 -0.000303302 0.000308274 0.011421 -0.019993 0.000298329 -0.000711018 -0.019993 0.0938644 
0.00897395 -0.0172626 -0.000330145 0.000320141 -0.0172626 0.0872984 0.000320141 -0.000760335 -0.000330145 0.000320141 0.011395 -0.0199738 0.000320141 -0.000760335 -0.0199738 0.0938513 
0.00897166 -0.0172432 -0.000330061 0.000355066 -0.0172432 0.0872961 0.000350065 -0.000820152 -0.000330061 0.000350065 0.0113971 -0.0199637 0.000355066 -0.000820152 -0.0199637 0.0938474 
0.00901575 -0.0172436 -0.000324128 0.000369007 -0.0172436 0.0872952 0.000369007 -0.000877639 -0.000324128 0.000369007 0.0113794 -0.0199513 0.000369007 -0.000877639 -0.0199513 0.0938376 
0.00904757 -0.0173032 -0.000305763 0.000365913 -0.0173032 0.087378 0.0003609 -0.000892226 -0.000305763 0.0003609 0.0113182 -0.0199047 0.000365913 -0.000892226 -0.0199047 0.0937238 
0.00906036 -0.0173322 -0.000306365 0.000346544 -0.0173322 0.0874345 0.000336499 -0.000868871 -0.000306365 0.000336499 0.0112953 -0.0198685 0.000346544 -0.000868871 -0.0198685 0.0936572 
0.00904408 -0.0173681 -0.000261855 0.000317248 -0.0173681 0.0875604 0.000312212 -0.000775494 -0.000261855 0.000312212 0.0112799 -0.0197902 0.000317248 -0.000775494 -0.0197902 0.093437 
0.00901617 -0.017343 -0.000216348 0.000286787 -0.017343 0.0875404 0.000286787 -0.000719482 -0.000216348 0.000286787 0.0112903 -0.0197732 0.000286787 -0.000719482 -0.0197732 0.0933315 
0.00899754 -0.0173282 -0.000212182 0.000212182 -0.0173282 0.0875302 0.000212182 -0.000570871 -0.000212182 0.000212182 0.0112255 -0.0197127 0.000212182 -0.000570871 -0.0197127 0.0931278 
0.00896335 -0.0172716 -0.000218371 0.000208214 -0.0172716 0.0873838 0.000203135 -0.000482447 -0.000218371 0.000203135 0.0111928 -0.0196838 0.000208214 -0.000482447 -0.0196838 0.0930411 
0.00892962 -0.0171923 -0.000208731 0.000224004 -0.0171923 0.0871579 0.00020364 -0.000473463 -0.000208731 0.00020364 0.0111849 -0.0196869 0.000224004 -0.000473463 -0.0196869 0.0930533 
0.00891779 -0.0171429 -0.000213905 0.000208812 -0.0171429 0.086988 0.000198626 -0.000458367 -0.000213905 0.000198626 0.0111587 -0.0196538 0.000208812 -0.000458367 -0.0196538 0.0929977 
0.00892748 -0.0170784 -0.000243615 0.000228389 -0.0170784 0.0867879 0.000233465 -0.000527833 -0.000243615 0.000233465 0.0111809 -0.0197125 0.000228389 -0.000527833 -0.0197125 0.0931676 
0.0089569 -0.0171143 -0.000237839 0.00025808 -0.0171143 0.0867959 0.000273261 -0.000607247 -0.000237839 0.000273261 0.0111734 -0.0197001 0.00025808 -0.000607247 -0.0197001 0.0931568 
0.00897234 -0.0171629 -0.000242087 0.000262261 -0.0171629 0.086894 0.000272348 -0.000645565 -0.000242087 0.000272348 0.0111763 -0.0196847 0.000262261 -0.000645565 -0.0196847 0.0931227 
0.0090091 -0.0171978 -0.000230105 0.000265121 -0.0171978 0.0870046 0.000270123 -0.0006603 -0.000230105 0.000270123 0.0112001 -0.019709 0.000265121 -0.0006603 -0.019709 0.0931874 
0.00903752 -0.0172889 -0.000220305 0.000250347 -0.0172889 0.0872308 0.000255354 -0.000630874 -0.000220305 0.000255354 0.0111855 -0.0196823 0.000250347 -0.000630874 -0.0196823 0.0930889 
0.00899818 -0.0173092 -0.000176831 0.000212197 -0.0173092 0.0873546 0.00021725 -0.000535546 -0.000176831 0.00021725 0.0111757 -0.0196586 0.000212197 -0.000535546 -0.0196586 0.0930132 
0.00895908 -0.0172438 -0.000152107 0.000172388 -0.0172438 0.087289 0.000167317 -0.000425899 -0.000152107 0.000167317 0.0111798 -0.0196725 0.000172388 -0.000425899 -0.0196725 0.0930487 
0.00893662 -0.0171944 -0.000146917 0.000157049 -0.0171944 0.0871625 0.000151983 -0.000379958 -0.000146917 0.000151983 0.0112214 -0.0197021 0.000157049 -0.000379958 -0.0197021 0.0931354 
0.00893643 -0.0171948 -0.00018723 0.000161929 -0.0171948 0.0871631 0.000151808 -0.00037446 -0.00018723 0.000151808 0.0112186 -0.0196743 0.000161929 -0.00037446 -0.0196743 0.0930431 
0.00892345 -0.0171714 -0.000233625 0.000203152 -0.0171714 0.0870963 0.000208231 -0.000462171 -0.000233625 0.000208231 0.0112089 -0.0196956 0.000203152 -0.000462171 -0.0196956 0.0930639 
0.00891305 -0.0171553 -0.00022867 0.000248996 -0.0171553 0.0870471 0.00025916 -0.000558971 -0.00022867 0.00025916 0.0112099 -0.0197012 0.000248996 -0.000558971 -0.0197012 0.0931043 
0.00892567 -0.0171206 -0.000218194 0.00024864 -0.0171206 0.0869276 0.000258789 -0.000608915 -0.000218194 0.000258789 0.0112243 -0.0197491 0.00024864 -0.000608915 -0.0197491 0.0932248 
0.00894979 -0.0171428 -0.000181619 0.000227024 -0.0171428 0.0869249 0.000232069 -0.000575127 -0.000181619 0.000232069 0.0112453 -0.0197561 0.000227024 -0.000575127 -0.0197561 0.0932917 
0.00895833 -0.017168 -0.000166925 0.000171984 -0.017168 0.0869479 0.000166925 -0.000445135 -0.000166925 0.000166925 0.0112396 -0.0197731 0.000171984 -0.000445135 -0.0197731 0.0933265 
0.00893377 -0.0171897 -0.00016188 0.000141645 -0.0171897 0.0870157 0.000136586 -0.000328819 -0.00016188 0.000136586 0.0112355 -0.0197292 0.000141645 -0.000328819 -0.0197292 0.093238 
0.00887266 -0.0171825 -0.000111542 0.000141963 -0.0171825 0.0870434 0.000141963 -0.000299136 -0.000111542 0.000141963 0.0112404 -0.0196922 0.000141963 -0.000299136 -0.0196922 0.0930869 
0.0088058 -0.017052 -3.56098e-05 9.15681e-05 -0.017052 0.0867964 9.15681e-05 -0.00022892 -3.56098e-05 9.15681e-05 0.0112883 -0.0197736 9.15681e-05 -0.00022892 -0.0197736 0.0932519 
0.00880256 -0.0169583 1.51594e-05 5.05313e-06 -0.0169583 0.0865501 0 -6.06376e-05 1.51594e-05 0 0.0113291 -0.0198588 5.05313e-06 -6.06376e-05 -0.0198588 0.093488 
0.00882813 -0.0169811 1.01531e-05 -5.58421e-05 -0.0169811 0.0864994 -6.09187e-05 0.000121837 1.01531e-05 -6.09187e-05 0.0112903 -0.0198544 -5.58421e-05 0.000121837 -0.0198544 0.0935101 
0.00888268 -0.0170361 -2.53212e-05 -3.03854e-05 -0.0170361 0.0866086 -3.03854e-05 0.000121542 -2.53212e-05 -3.03854e-05 0.0112679 -0.0198164 -3.03854e-05 0.000121542 -0.0198164 0.0934757 
0.00887724 -0.0170903 -3.54887e-05 2.53491e-05 -0.0170903 0.0867445 2.53491e-05 1.52094e-05 -3.54887e-05 2.53491e-05 0.0112651 -0.0197773 2.53491e-05 1.52094e-05 -0.0197773 0.0933809 
0.00886449 -0.0171005 -1.5205e-05 2.53416e-05 -0.0171005 0.0868203 2.53416e-05 -2.53416e-05 -1.5205e-05 2.53416e-05 0.011277 -0.0197715 2.53416e-05 -2.53416e-05 -0.0197715 0.0933129 
0.00886169 -0.0170908 1.51828e-05 0 -0.0170908 0.0868507 5.06093e-06 -1.51828e-05 1.51828e-05 5.06093e-06 0.0112859 -0.0197781 0 -1.51828e-05 -0.0197781 0.0932983 
0.00885459 -0.0170702 6.54032e-05 -5.03102e-05 -0.0170702 0.0867951 -4.02481e-05 9.05583e-05 6.54032e-05 -4.02481e-05 0.0113349 -0.0198222 -5.03102e-05 9.05583e-05 -0.0198222 0.0933908 
0.00886252 -0.017063 8.02492e-05 -9.52959e-05 -0.017063 0.0867744 -9.52959e-05 0.000200623 8.02492e-05 -9.52959e-05 0.0113603 -0.0198767 -9.52959e-05 0.000200623 -0.0198767 0.0935204 
0.00888329 -0.0170671 7.49434e-05 -7.99396e-05 -0.0170671 0.0867595 -7.99396e-05 0.000169872 7.49434e-05 -7.99396e-05 0.0113964 -0.0199449 -7.99396e-05 0.000169872 -0.0199449 0.0937342 
0.00888336 -0.0171076 5.4928e-05 -8.98823e-05 -0.0171076 0.0868313 -8.98823e-05 0.000194745 5.4928e-05 -8.98823e-05 0.011425 -0.0199638 -8.98823e-05 0.000194745 -0.0199638 0.0938221 
0.00888732 -0.0171657 5.03246e-06 -9.05843e-05 -0.0171657 0.0870012 -9.05843e-05 0.000226461 5.03246e-06 -9.05843e-05 0.0113683 -0.0199235 -9.05843e-05 0.000226461 -0.0199235 0.0936843 
0.00893023 -0.017167 -4.52291e-05 -4.02036e-05 -0.017167 0.0870861 -3.51782e-05 0.000155789 -4.52291e-05 -3.51782e-05 0.0113173 -0.0198757 -4.02036e-05 0.000155789 -0.0198757 0.0935941 
0.00894945 -0.0172 -7.03889e-05 3.51944e-05 -0.0172 0.0871515 3.01667e-05 1.50833e-05 -7.03889e-05 3.01667e-05 0.0112874 -0.0198245 3.51944e-05 1.50833e-05 -0.0198245 0.0934714 
0.00893948 -0.0171971 -8.58595e-05 7.57583e-05 -0.0171971 0.0871473 6.06067e-05 -0.000116163 -8.58595e-05 6.06067e-05 0.0112728 -0.0198032 7.57583e-05 -0.000116163 -0.0198032 0.0934151 
0.00890641 -0.0172049 -3.54635e-05 8.10594e-05 -0.0172049 0.0871642 7.59932e-05 -0.000157053 -3.54635e-05 7.59932e-05 0.0112926 -0.0197734 8.10594e-05 -0.000157053 -0.0197734 0.0933248 
0.00887848 -0.017142 -1.01643e-05 1.52464e-05 -0.017142 0.0870416 5.08213e-06 -5.59034e-05 -1.01643e-05 5.08213e-06 0.0112823 -0.0198 1.52464e-05 -5.59034e-05 -0.0198 0.0933434 
0.00889579 -0.0170856 -1.00859e-05 5.04297e-06 -0.0170856 0.0868903 1.00859e-05 -3.02578e-05 -1.00859e-05 1.00859e-05 0.0113164 -0.0198491 5.04297e-06 -3.02578e-05 -0.0198491 0.0935016 
0.00889876 -0.0171176 -1.51083e-05 -1.51083e-05 -0.0171176 0.0868825 -1.51083e-05 2.51804e-05 -1.51083e-05 -1.51083e-05 0.0113362 -0.0198522 -1.51083e-05 2.51804e-05 -0.0198522 0.093515 
0.00888967 -0.0171339 5.04236e-06 -5.04236e-06 -0.0171339 0.0869252 0 2.52118e-05 5.04236e-06 0 0.0113503 -0.0198669 -5.04236e-06 2.52118e-05 -0.0198669 0.0935458 
0.00887657 -0.0171285 6.04534e-05 -2.51889e-05 -0.0171285 0.0869521 -2.01511e-05 5.54156e-05 6.04534e-05 -2.01511e-05 0.0113652 -0.0198791 -2.51889e-05 5.54156e-05 -0.0198791 0.0935617 
0.00889213 -0.0170999 2.51617e-05 -8.55497e-05 -0.0170999 0.0868782 -8.05173e-05 0.000145938 2.51617e-05 -8.05173e-05 0.0113479 -0.0199079 -8.55497e-05 0.000145938 -0.0199079 0.0936467 
0.00889646 -0.0171109 -3.53635e-05 -6.06232e-05 -0.0171109 0.0868478 -6.06232e-05 0.000197025 -3.53635e-05 -6.06232e-05 0.0113163 -0.0198794 -6.06232e-05 0.000197025 -0.0198794 0.0936325 
0.00889264 -0.0171129 -7.58326e-05 2.0222e-05 -0.0171129 0.0868537 3.03331e-05 5.05551e-05 -7.58326e-05 3.03331e-05 0.0113041 -0.019853 2.0222e-05 5.05551e-05 -0.019853 0.0935825 
0.00888664 -0.0171169 -4.54431e-05 6.05908e-05 -0.0171169 0.0868922 6.05908e-05 -6.564e-05 -4.54431e-05 6.05908e-05 0.0113204 -0.0198384 6.05908e-05 -6.564e-05 -0.0198384 0.0935269 
0.00889221 -0.0171082 -3.53266e-05 5.04666e-05 -0.0171082 0.0868984 4.03733e-05 -0.00010598 -3.53266e-05 4.03733e-05 0.0113398 -0.0198737 5.04666e-05 -0.00010598 -0.0198737 0.09356 
0.00890381 -0.0171018 -2.01672e-05 3.02508e-05 -0.0171018 0.0868702 1.51254e-05 -6.55434e-05 -2.01672e-05 1.51254e-05 0.0113541 -0.019905 3.02508e-05 -6.55434e-05 -0.019905 0.0936463 
0.00891174 -0.0171669 1.50367e-05 0 -0.0171669 0.0869973 -1.00245e-05 5.01223e-06 1.50367e-05 -1.00245e-05 0.0113677 -0.0198685 0 5.01223e-06 -0.0198685 0.0935733 
0.00891497 -0.0171629 3.98212e-05 -4.47989e-05 -0.0171629 0.0870591 -3.98212e-05 7.96424e-05 3.98212e-05 -3.98212e-05 0.0114088 -0.0199106 -4.47989e-05 7.96424e-05 -0.0199106 0.0936296 
0.00891495 -0.017174 4.96931e-05 -6.46011e-05 -0.017174 0.0871071 -5.96318e-05 0.00014411 4.96931e-05 -5.96318e-05 0.0114394 -0.0199568 -6.46011e-05 0.00014411 -0.0199568 0.0937113 
0.00889698 -0.0171852 9.97979e-05 -9.97979e-05 -0.0171852 0.0871435 -8.98181e-05 0.000224545 9.97979e-05 -8.98181e-05 0.0114418 -0.0199795 -9.97979e-05 0.000224545 -0.0199795 0.0937801 
0.00889638 -0.0171594 0.000124669 -0.000129656 -0.0171594 0.0871037 -0.000129656 0.000289232 0.000124669 -0.000129656 0.0114346 -0.0199969 -0.000129656 0.000289232 -0.0199969 0.0938658 
0.00888373 -0.0171397 0.000129544 -0.000164421 -0.0171397 0.0870386 -0.000164421 0.000373685 0.000129544 -0.000164421 0.0114497 -0.0200195 -0.000164421 0.000373685 -0.0200195 0.0939543 
0.00889299 -0.0171465 0.000158626 -0.000158626 -0.0171465 0.0870363 -0.000163583 0.000381695 0.000158626 -0.000163583 0.0114855 -0.0200414 -0.000158626 0.000381695 -0.0200414 0.0940357 
0.00889789 -0.0171702 0.000153926 -0.000203579 -0.0171702 0.0870822 -0.000203579 0.000461777 0.000153926 -0.000203579 0.0114749 -0.0200451 -0.000203579 0.000461777 -0.0200451 0.0940237 
0.00889303 -0.0171782 0.000164409 -0.000219212 -0.0171782 0.0871118 -0.000209248 0.000523119 0.000164409 -0.000209248 0.0114538 -0.020028 -0.000219212 0.000523119 -0.020028 0.0939821 
0.00886035 -0.0171538 0.000225773 -0.000220756 -0.0171538 0.0870682 -0.000210722 0.000536839 0.000225773 -0.000210722 0.0114191 -0.0199885 -0.000220756 0.000536839 -0.0199885 0.0939116 
0.00885311 -0.0170846 0.00027572 -0.000255667 -0.0170846 0.0869269 -0.000255667 0.000576505 0.00027572 -0.000255667 0.0114198 -0.0200122 -0.000255667 0.000576505 -0.0200122 0.0939753 
0.00885306 -0.0170691 0.000310986 -0.000351113 -0.0170691 0.0868252 -0.000356129 0.00078248 0.000310986 -0.000356129 0.0114312 -0.0200235 -0.000351113 0.00078248 -0.0200235 0.0940231 
0.00883952 -0.0170844 0.000322537 -0.000383012 -0.0170844 0.086843 -0.000388052 0.000912174 0.000322537 -0.000388052 0.01144 -0.0200074 -0.000383012 0.000912174 -0.0200074 0.0939842 
0.00880587 -0.0170807 0.000328766 -0.000409693 -0.0170807 0.0868701 -0.000399577 0.00098124 0.000328766 -0.000399577 0.0114714 -0.0200092 -0.000409693 0.00098124 -0.0200092 0.0939512 
0.00877246 -0.0170438 0.000323969 -0.000399899 -0.0170438 0.0868236 -0.000394837 0.000971906 0.000323969 -0.000394837 0.0115059 -0.0200304 -0.000399899 0.000971906 -0.0200304 0.093961 
0.0088011 -0.0169893 0.000301408 -0.000381783 -0.0169893 0.0866999 -0.000381783 0.000939387 0.000301408 -0.000381783 0.0115439 -0.020124 -0.000381783 0.000939387 -0.020124 0.0941647 
0.00882679 -0.0170357 0.000306451 -0.000376784 -0.0170357 0.0867307 -0.000376784 0.000934425 0.000306451 -0.000376784 0.0115497 -0.0201253 -0.000376784 0.000934425 -0.0201253 0.0942061 
0.00882397 -0.0170908 0.00029614 -0.00037143 -0.0170908 0.0868544 -0.000376449 0.000923556 0.00029614 -0.000376449 0.0115595 -0.0201124 -0.00037143 0.000923556 -0.0201124 0.0941776 
0.00878016 -0.017099 0.000283885 -0.000349787 -0.017099 0.0868992 -0.000354856 0.000871932 0.000283885 -0.000354856 0.0114923 -0.0200544 -0.000349787 0.000871932 -0.0200544 0.0939761 
0.00875618 -0.0170242 0.000300009 -0.000350858 -0.0170242 0.0867991 -0.000350858 0.000864432 0.000300009 -0.000350858 0.0114766 -0.0200294 -0.000350858 0.000864432 -0.0200294 0.0939383 
0.00873298 -0.0169738 0.000289239 -0.000355206 -0.0169738 0.0866448 -0.000355206 0.000862642 0.000289239 -0.000355206 0.011463 -0.0199981 -0.000355206 0.000862642 -0.0199981 0.0938656 
0.00873766 -0.0169453 0.000277626 -0.000363438 -0.0169453 0.0865387 -0.000373534 0.000923739 0.000277626 -0.000373534 0.0114887 -0.0200093 -0.000363438 0.000923739 -0.0200093 0.093873 
0.00871487 -0.0169561 0.000290326 -0.000361634 -0.0169561 0.086507 -0.000361634 0.000942286 0.000290326 -0.000361634 0.0114501 -0.0199917 -0.000361634 0.000942286 -0.0199917 0.0938008 
0.00873409 -0.0169353 0.000294351 -0.000370476 -0.0169353 0.0864883 -0.000365401 0.000928727 0.000294351 -0.000365401 0.0114188 -0.0199702 -0.000370476 0.000928727 -0.0199702 0.0937659 
0.00878163 -0.0169324 0.000267486 -0.000328049 -0.0169324 0.0864334 -0.000333096 0.000827693 0.000267486 -0.000333096 0.0113959 -0.0199605 -0.000328049 0.000827693 -0.0199605 0.0937867 
0.00879755 -0.0169545 0.000206823 -0.000302668 -0.0169545 0.0864168 -0.000297624 0.000746581 0.000206823 -0.000297624 0.0113854 -0.0199559 -0.000302668 0.000746581 -0.0199559 0.0937867 
0.00879914 -0.016986 0.000232755 -0.000252994 -0.016986 0.0864734 -0.000258054 0.000647665 0.000232755 -0.000258054 0.0113544 -0.0199258 -0.000252994 0.000647665 -0.0199258 0.0937394 
0.00882719 -0.016996 0.000232961 -0.00027854 -0.016996 0.0865298 -0.00027854 0.000653303 0.000232961 -0.00027854 0.0112986 -0.0198776 -0.00027854 0.000653303 -0.0198776 0.0936351 
0.00884505 -0.0170543 0.000242192 -0.000282557 -0.0170543 0.0866593 -0.000292648 0.000701347 0.000242192 -0.000292648 0.0112569 -0.0197689 -0.000282557 0.000701347 -0.0197689 0.0933801 
0.00883789 -0.0170647 0.00021716 -0.000277762 -0.0170647 0.0867174 -0.000287863 0.000691881 0.00021716 -0.000287863 0.0112418 -0.0197413 -0.000277762 0.000691881 -0.0197413 0.0932221 
0.00884542 -0.0170174 0.000190981 -0.000221136 -0.0170174 0.0866399 -0.000221136 0.000542787 0.000190981 -0.000221136 0.0112679 -0.0197816 -0.000221136 0.000542787 -0.0197816 0.0933192 
0.00887056 -0.0170453 0.000155185 -0.00021025 -0.0170453 0.0866631 -0.00021025 0.00049559 0.000155185 -0.00021025 0.0112934 -0.0198136 -0.00021025 0.00049559 -0.0198136 0.0934162 
0.00890391 -0.0170762 0.000144334 -0.000214012 -0.0170762 0.0867497 -0.000214012 0.000542496 0.000144334 -0.000214012 0.0113377 -0.0198733 -0.000214012 0.000542496 -0.0198733 0.0935682 
0.00892768 -0.0171744 0.000154097 -0.000213747 -0.0171744 0.0870002 -0.000208777 0.000556738 0.000154097 -0.000208777 0.0113236 -0.0198387 -0.000213747 0.000556738 -0.0198387 0.0934921 
0.00892492 -0.0171909 0.000154738 -0.000189679 -0.0171909 0.0870978 -0.000194671 0.000494165 0.000154738 -0.000194671 0.0113309 -0.0198714 -0.000189679 0.000494165 -0.0198714 0.0935669 
0.00891267 -0.0172034 0.000140436 -0.000195607 -0.0172034 0.0871757 -0.000200623 0.000481495 0.000140436 -0.000200623 0.0113252 -0.0198567 -0.000195607 0.000481495 -0.0198567 0.0935455 
0.00887833 -0.0171752 0.000116288 -0.000166848 -0.0171752 0.0871451 -0.000171904 0.00042976 0.000116288 -0.000171904 0.0113153 -0.0198347 -0.000166848 0.00042976 -0.0198347 0.0934955 
0.00885475 -0.0171077 7.58545e-05 -0.00011631 -0.0171077 0.0870051 -0.000111253 0.000288247 7.58545e-05 -0.000111253 0.0113276 -0.0198486 -0.00011631 0.000288247 -0.0198486 0.0935286 
0.00883028 -0.0170618 0.000105661 -7.0441e-05 -0.0170618 0.0868386 -7.0441e-05 0.000166039 0.000105661 -7.0441e-05 0.0113812 -0.0198895 -7.0441e-05 0.000166039 -0.0198895 0.093616 
0.00885185 -0.0170369 9.95149e-05 -0.000119418 -0.0170369 0.0867521 -0.000114442 0.000213957 9.95149e-05 -0.000114442 0.0114343 -0.0199577 -0.000119418 0.000213957 -0.0199577 0.0937629 
0.00886426 -0.0170936 0.000104169 -0.000128971 -0.0170936 0.0868271 -0.000128971 0.000277783 0.000104169 -0.000128971 0.0114586 -0.0199756 -0.000128971 0.000277783 -0.0199756 0.0937965 
0.00882594 -0.0171071 0.000124943 -0.000144933 -0.0171071 0.08689 -0.000134938 0.000324851 0.000124943 -0.000134938 0.0114697 -0.0200058 -0.000144933 0.000324851 -0.0200058 0.0938718 
0.00879934 -0.0170578 0.000170278 -0.000180294 -0.0170578 0.0868466 -0.000175286 0.000410669 0.000170278 -0.000175286 0.0114937 -0.0200577 -0.000180294 0.000410669 -0.0200577 0.0940333 
0.0088258 -0.0170255 0.000230412 -0.000215386 -0.0170255 0.0867553 -0.000210377 0.000490879 0.000230412 -0.000210377 0.0114956 -0.020096 -0.000215386 0.000490879 -0.020096 0.0941636 
0.00881663 -0.0170659 0.000286189 -0.000276147 -0.0170659 0.0868107 -0.000286189 0.000617566 0.000286189 -0.000286189 0.0115028 -0.0200734 -0.000276147 0.000617566 -0.0200734 0.0941562 
0.00883729 -0.0170512 0.000259334 -0.000329154 -0.0170512 0.0868069 -0.000334141 0.000728129 0.000259334 -0.000334141 0.0115503 -0.0201333 -0.000329154 0.000728129 -0.0201333 0.0942777 
0.00889599 -0.0170977 0.000208267 -0.000312401 -0.0170977 0.0868821 -0.000322318 0.000778523 0.000208267 -0.000322318 0.0115687 -0.0201573 -0.000312401 0.000778523 -0.0201573 0.094355 
0.00893381 -0.0171721 0.000143059 -0.000241721 -0.0171721 0.0870344 -0.000241721 0.000651167 0.000143059 -0.000241721 0.011573 -0.0201714 -0.000241721 0.000651167 -0.0201714 0.0943748 
0.00893722 -0.017229 9.93024e-05 -0.000178744 -0.017229 0.0872074 -0.000178744 0.000496512 9.93024e-05 -0.000178744 0.0115439 -0.0201584 -0.000178744 0.000496512 -0.0201584 0.0943373 
0.00893392 -0.0172443 0.000114729 -0.000149647 -0.0172443 0.087304 -0.000144659 0.000419011 0.000114729 -0.000144659 0.0115278 -0.0201425 -0.000149647 0.000419011 -0.0201425 0.0943124 
0.00894169 -0.0172181 0.000114192 -0.000148945 -0.0172181 0.087292 -0.000158875 0.000392223 0.000114192 -0.000158875 0.0115532 -0.0201474 -0.000148945 0.000392223 -0.0201474 0.0943371 
0.00897787 -0.0172211 0.000113394 -0.000147906 -0.0172211 0.0872742 -0.000152836 0.000374694 0.000113394 -0.000152836 0.0115909 -0.0201891 -0.000147906 0.000374694 -0.0201891 0.0944279 
0.00898481 -0.0172796 0.000167572 -0.000157715 -0.0172796 0.0873789 -0.000152786 0.000394287 0.000167572 -0.000152786 0.0116117 -0.0201973 -0.000157715 0.000394287 -0.0201973 0.0944465 
0.00898894 -0.0172993 0.000245868 -0.000206529 -0.0172993 0.0874406 -0.000206529 0.000457315 0.000245868 -0.000206529 0.0116197 -0.0202251 -0.000206529 0.000457315 -0.0202251 0.0944822 
0.00898708 -0.0173006 0.000235985 -0.000290065 -0.0173006 0.0874766 -0.000285148 0.000599794 0.000235985 -0.000285148 0.0116173 -0.0202308 -0.000290065 0.000599794 -0.0202308 0.0945365 
0.00899472 -0.0173217 0.00023567 -0.000279858 -0.0173217 0.0875414 -0.000279858 0.000662821 0.00023567 -0.000279858 0.0116558 -0.0202479 -0.000279858 0.000662821 -0.0202479 0.0945968 
0.0089858 -0.0173459 0.000285733 -0.000295585 -0.0173459 0.0876411 -0.000280806 0.000699552 0.000285733 -0.000280806 0.0116707 -0.0202673 -0.000295585 0.000699552 -0.0202673 0.094612 
0.0089271 -0.0173605 0.000359079 -0.000364066 -0.0173605 0.0877 -0.000364066 0.000837851 0.000359079 -0.000364066 0.0116252 -0.0202082 -0.000364066 0.000837851 -0.0202082 0.0944278 
0.0088949 -0.017236 0.000414064 -0.00042903 -0.017236 0.0874873 -0.00042903 0.000982779 0.000414064 -0.00042903 0.0116437 -0.0202492 -0.00042903 0.000982779 -0.0202492 0.0945363 
0.00884602 -0.0171723 0.000464791 -0.000509771 -0.0171723 0.0872607 -0.000514768 0.00118946 0.000464791 -0.000514768 0.0116648 -0.0202659 -0.000509771 0.00118946 -0.0202659 0.0945874 
0.00883666 -0.0171192 0.000484269 -0.000564148 -0.0171192 0.0870935 -0.000569141 0.00134297 0.000484269 -0.000569141 0.0116874 -0.0202894 -0.000564148 0.00134297 -0.0202894 0.0946421 
0.0087959 -0.0170782 0.000488661 -0.000588388 -0.0170782 0.0869268 -0.000583401 0.00142609 0.000488661 -0.000583401 0.0117279 -0.0203293 -0.000588388 0.00142609 -0.0203293 0.0947354 
0.00875653 -0.0170258 0.000517138 -0.000596697 -0.0170258 0.0867747 -0.000586752 0.00145196 0.000517138 -0.000586752 0.0117649 -0.0203772 -0.000596697 0.00145196 -0.0203772 0.0948749 
0.00875402 -0.0170101 0.000497953 -0.000612483 -0.0170101 0.0867236 -0.000592565 0.00144406 0.000497953 -0.000592565 0.0117716 -0.0204061 -0.000612483 0.00144406 -0.0204061 0.0949348 
0.00876034 -0.016994 0.000437271 -0.000586341 -0.016994 0.086704 -0.000576403 0.00141616 0.000437271 -0.000576403 0.0117815 -0.0204325 -0.000586341 0.00141616 -0.0204325 0.095027 
0.00880845 -0.017027 0.000396554 -0.000520477 -0.017027 0.0867313 -0.000510563 0.00129871 0.000396554 -0.000510563 0.0117727 -0.0204374 -0.000520477 0.00129871 -0.0204374 0.095054 
0.00884829 -0.0170748 0.000394793 -0.000458946 -0.0170748 0.0868495 -0.000454012 0.00116464 0.000394793 -0.000454012 0.0117648 -0.0204256 -0.000458946 0.00116464 -0.0204256 0.0950463 
0.00890782 -0.0171391 0.000406907 -0.000465737 -0.0171391 0.0870143 -0.000470639 0.00113738 0.000406907 -0.000470639 0.0117513 -0.020414 -0.000465737 0.00113738 -0.020414 0.0950102 
0.00889636 -0.0172145 0.000459645 -0.0004893 -0.0172145 0.0871843 -0.000494242 0.0011763 0.000459645 -0.000494242 0.0117037 -0.0203628 -0.0004893 0.0011763 -0.0203628 0.0948797 
0.00887763 -0.0172339 0.000506442 -0.000541198 -0.0172339 0.0873067 -0.000546163 0.00126114 0.000506442 -0.000546163 0.0116581 -0.0202825 -0.000541198 0.00126114 -0.0202825 0.0946799 
0.00889442 -0.0171836 0.000505985 -0.000575434 -0.0171836 0.0872725 -0.000580395 0.00133441 0.000505985 -0.000580395 0.0116377 -0.0202692 -0.000575434 0.00133441 -0.0202692 0.0946291 
