0.00737147 0 0.00115971 0 0 0.00998414 0 0 0.00115971 0 0.00768472 0 0 0 0 0.00998414 
0.0104051 -0.0129336 0.00146132 -0.00178269 -0.0129336 0.0339803 -0.00178269 0.00340167 0.00146132 -0.00178269 0.0107689 -0.0133763 -0.00178269 0.00340167 -0.0133763 0.0348413 
0.0106387 -0.0197558 0.00136879 -0.00202874 -0.0197558 0.072381 -0.00202874 0.00631844 0.00136879 -0.00202874 0.010657 -0.0201163 -0.00202874 0.00631844 -0.0201163 0.073542 
0.0100799 -0.0194453 0.00134044 -0.00146445 -0.0194453 0.0865678 -0.00146445 0.00451145 0.00134044 -0.00146445 0.00996179 -0.0194807 -0.00146445 0.00451145 -0.0194807 0.0870875 
0.0100467 -0.0186814 0.00141203 -0.00144005 -0.0186814 0.0893504 -0.00144005 0.00357491 0.00141203 -0.00144005 0.00991786 -0.0185974 -0.00144005 0.00357491 -0.0185974 0.089356 
0.0102103 -0.0185887 0.00145476 -0.0015733 -0.0185887 0.0901308 -0.00156253 0.00369079 0.00145476 -0.00156253 0.0100433 -0.0184594 -0.0015733 0.00369079 -0.0184594 0.0898075 
0.0103009 -0.0187247 0.00144602 -0.00161429 -0.0187247 0.0906997 -0.00161429 0.00385956 0.00144602 -0.00161429 0.0101327 -0.0185143 -0.00161429 0.00385956 -0.0185143 0.0901371 
0.0102954 -0.0187653 0.0013885 -0.00157363 -0.0187653 0.0909568 -0.00157363 0.00380551 0.0013885 -0.00157363 0.0102029 -0.0185596 -0.00157363 0.00380551 -0.0185596 0.0903602 
0.01028 -0.0187472 0.00134198 -0.00149896 -0.0187472 0.0909657 -0.00150909 0.00365625 0.00134198 -0.00150909 0.0102598 -0.0186155 -0.00149896 0.00365625 -0.0186155 0.0904745 
0.0102771 -0.018714 0.00132235 -0.00146816 -0.018714 0.0908648 -0.0014581 0.00354469 0.00132235 -0.0014581 0.010267 -0.0186737 -0.00146816 0.00354469 -0.0186737 0.0905832 
0.0102562 -0.018711 0.00132467 -0.00146015 -0.018711 0.0908252 -0.00146015 0.00350736 0.00132467 -0.00146015 0.0102762 -0.0186708 -0.00146015 0.00350736 -0.0186708 0.0906194 
0.0102475 -0.0186802 0.0013035 -0.00146894 -0.0186802 0.0907537 -0.00147396 0.00351444 0.0013035 -0.00147396 0.0102575 -0.0186902 -0.00146894 0.00351444 -0.0186902 0.0906684 
0.0102451 -0.0186266 0.00124745 -0.00139274 -0.0186266 0.090583 -0.00139274 0.0033566 0.00124745 -0.00139274 0.01018 -0.0186817 -0.00139274 0.0033566 -0.0186817 0.0906632 
0.0102343 -0.0186392 0.00121636 -0.00136591 -0.0186392 0.0905737 -0.00137089 0.00331009 0.00121636 -0.00137089 0.0101795 -0.0186143 -0.00136591 0.00331009 -0.0186143 0.0905987 
0.0102603 -0.0186167 0.00118809 -0.00134716 -0.0186167 0.0905381 -0.00135213 0.00325108 0.00118809 -0.00135213 0.0101857 -0.0186415 -0.00134716 0.00325108 -0.0186415 0.0906524 
0.0103083 -0.0186616 0.00116512 -0.00132803 -0.0186616 0.0905976 -0.00132803 0.00322382 0.00116512 -0.00132803 0.0101849 -0.0186468 -0.00132803 0.00322382 -0.0186468 0.0907112 
0.0103335 -0.0187319 0.00115806 -0.00128178 -0.0187319 0.0907345 -0.00128178 0.00311291 0.00115806 -0.00128178 0.0101602 -0.0186378 -0.00128178 0.00311291 -0.0186378 0.0907048 
0.0103839 -0.0187932 0.00118574 -0.00129985 -0.0187932 0.0909596 -0.00128496 0.00310078 0.00118574 -0.00128496 0.0101259 -0.0186047 -0.00129985 0.00310078 -0.0186047 0.0906322 
0.0104077 -0.0188381 0.00120648 -0.00130159 -0.0188381 0.0910916 -0.00129659 0.00307877 0.00120648 -0.00129659 0.0100373 -0.0185427 -0.00130159 0.00307877 -0.0185427 0.0904758 
0.0103959 -0.0188695 0.00123281 -0.00132842 -0.0188695 0.0912078 -0.00132338 0.0031248 0.00123281 -0.00132338 0.00999834 -0.0184267 -0.00132842 0.0031248 -0.0184267 0.0902517 
0.0103751 -0.0188401 0.00122149 -0.00135219 -0.0188401 0.0911796 -0.00134213 0.00317689 0.00122149 -0.00134213 0.00998809 -0.0183777 -0.00135219 0.00317689 -0.0183777 0.0900587 
0.0103665 -0.0187983 0.00118589 -0.00134669 -0.0187983 0.0910872 -0.00134669 0.00321094 0.00118589 -0.00134669 0.00995442 -0.0183511 -0.00134669 0.00321094 -0.0183511 0.0899164 
0.0103851 -0.0188077 0.00118458 -0.0013452 -0.0188077 0.0910871 -0.0013452 0.00326261 0.00118458 -0.0013452 0.00994343 -0.0183208 -0.0013452 0.00326261 -0.0183208 0.0898322 
0.0103774 -0.0188184 0.00117583 -0.00130593 -0.0188184 0.0910797 -0.00130593 0.00316725 0.00117583 -0.00130593 0.00994706 -0.018303 -0.00130593 0.00316725 -0.018303 0.0897737 
0.0103909 -0.0188269 0.00118383 -0.00131813 -0.0188269 0.0910954 -0.00130818 0.00315854 0.00118383 -0.00130818 0.00998299 -0.0183395 -0.00131813 0.00315854 -0.0183395 0.0898369 
0.0104346 -0.0188416 0.00118193 -0.0013204 -0.0188416 0.0911271 -0.00131545 0.00317983 0.00118193 -0.00131545 0.0100044 -0.0183866 -0.0013204 0.00317983 -0.0183866 0.0899502 
0.0104759 -0.0188814 0.0011838 -0.0013324 -0.0188814 0.0911874 -0.00132744 0.00321954 0.0011838 -0.00132744 0.0100004 -0.0184356 -0.0013324 0.00321954 -0.0184356 0.0901373 
0.010499 -0.0189291 0.00120358 -0.00133787 -0.0189291 0.0912984 -0.00134782 0.00326261 0.00120358 -0.00134782 0.0100017 -0.0184566 -0.00133787 0.00326261 -0.0184566 0.0902539 
0.0104697 -0.0189284 0.00121554 -0.00132059 -0.0189284 0.0913156 -0.00133059 0.00318642 0.00121554 -0.00133059 0.00999445 -0.0184482 -0.00132059 0.00318642 -0.0184482 0.0902702 
0.0104611 -0.0189375 0.0012038 -0.00133313 -0.0189375 0.0913794 -0.00134308 0.00318858 0.0012038 -0.00134308 0.0100284 -0.0184201 -0.00133313 0.00318858 -0.0184201 0.0902303 
0.0104958 -0.0189304 0.00121777 -0.00135252 -0.0189304 0.0913878 -0.0013675 0.00326403 0.00121777 -0.0013675 0.00999172 -0.0184363 -0.00135252 0.00326403 -0.0184363 0.090175 
0.0105246 -0.0189811 0.00121801 -0.00136219 -0.0189811 0.0914853 -0.00137213 0.0032961 0.00121801 -0.00137213 0.0100026 -0.0183995 -0.00136219 0.0032961 -0.0183995 0.0901331 
0.0104784 -0.0190327 0.00122488 -0.00133397 -0.0190327 0.0916128 -0.00133893 0.00323328 0.00122488 -0.00133893 0.0100569 -0.0183731 -0.00133397 0.00323328 -0.0183731 0.090021 
0.0104568 -0.0189557 0.00120559 -0.0013401 -0.0189557 0.0915404 -0.00134508 0.00321326 0.00120559 -0.00134508 0.0100533 -0.0184526 -0.0013401 0.00321326 -0.0184526 0.0901057 
0.0103992 -0.0188872 0.00121756 -0.00132735 -0.0188872 0.0913323 -0.00133234 0.00318363 0.00121756 -0.00133234 0.0100798 -0.018493 -0.00132735 0.00318363 -0.018493 0.0902695 
0.0102936 -0.0188024 0.00121983 -0.00131482 -0.0188024 0.0911022 -0.00131982 0.00313956 0.00121983 -0.00131982 0.0101336 -0.0185124 -0.00131482 0.00313956 -0.0185124 0.0903224 
0.0102613 -0.0186755 0.00121981 -0.00133432 -0.0186755 0.0908036 -0.00133432 0.00316155 0.00121981 -0.00133432 0.0101518 -0.0185859 -0.00133432 0.00316155 -0.0185859 0.090485 
0.0102971 -0.0187058 0.00122751 -0.00137163 -0.0187058 0.0908056 -0.00136169 0.00326507 0.00122751 -0.00136169 0.0101331 -0.0185567 -0.00137163 0.00326507 -0.0185567 0.0904578 
0.0103176 -0.0187592 0.00123573 -0.00139453 -0.0187592 0.0909425 -0.00137965 0.00333001 0.00123573 -0.00137965 0.0101439 -0.0185359 -0.00139453 0.00333001 -0.0185359 0.0903966 
0.0103631 -0.0187723 0.00123121 -0.00139072 -0.0187723 0.0910052 -0.00137577 0.00333475 0.00123121 -0.00137577 0.010089 -0.0185579 -0.00139072 0.00333475 -0.0185579 0.090417 
0.0104294 -0.0187899 0.00119222 -0.00134751 -0.0187899 0.0909993 -0.00132246 0.00320596 0.00119222 -0.00132246 0.00996854 -0.0184994 -0.00134751 0.00320596 -0.0184994 0.0903531 
0.0104202 -0.0188722 0.00119808 -0.00131386 -0.0188722 0.0911443 -0.00130882 0.00315627 0.00119808 -0.00130882 0.00993194 -0.0183587 -0.00131386 0.00315627 -0.0183587 0.0900872 
0.0103468 -0.0188775 0.00124101 -0.00133182 -0.0188775 0.0912297 -0.00134191 0.00320343 0.00124101 -0.00134191 0.0099836 -0.0183024 -0.00133182 0.00320343 -0.0183024 0.0898625 
0.0103114 -0.0187717 0.00124742 -0.00138826 -0.0187717 0.0910618 -0.00140335 0.00332478 0.00124742 -0.00140335 0.0100246 -0.0183643 -0.00138826 0.00332478 -0.0183643 0.0899049 
0.0102233 -0.0186987 0.00126144 -0.00138809 -0.0186987 0.0908239 -0.00139823 0.00335372 0.00126144 -0.00139823 0.010051 -0.018415 -0.00138809 0.00335372 -0.018415 0.0899931 
0.0101402 -0.0185998 0.00127451 -0.00142177 -0.0185998 0.090597 -0.00142684 0.00342747 0.00127451 -0.00142684 0.0101149 -0.0184627 -0.00142177 0.00342747 -0.0184627 0.0901248 
0.0101146 -0.0185021 0.00124597 -0.00141817 -0.0185021 0.0903377 -0.00142324 0.00342894 0.00124597 -0.00142324 0.0101247 -0.0185122 -0.00141817 0.00342894 -0.0185122 0.0902364 
0.0101398 -0.0184516 0.00121698 -0.00138361 -0.0184516 0.0901319 -0.00138866 0.00336814 0.00121698 -0.00138866 0.0100893 -0.0185374 -0.00138361 0.00336814 -0.0185374 0.0903187 
0.0101675 -0.018486 0.00119914 -0.00134022 -0.018486 0.0901171 -0.00134526 0.00325986 0.00119914 -0.00134526 0.0100617 -0.018496 -0.00134022 0.00325986 -0.018496 0.0902935 
0.0101739 -0.018492 0.00116172 -0.00132265 -0.018492 0.0901163 -0.00131762 0.00318845 0.00116172 -0.00131762 0.0100682 -0.018497 -0.00132265 0.00318845 -0.018497 0.0903024 
0.0101456 -0.0185117 0.00115291 -0.00129327 -0.0185117 0.0901627 -0.00129327 0.0031279 0.00115291 -0.00129327 0.0100955 -0.0184817 -0.00129327 0.0031279 -0.0184817 0.090288 
0.0101455 -0.018514 0.00114457 -0.00127007 -0.018514 0.0902255 -0.00126003 0.00305219 0.00114457 -0.00126003 0.0100853 -0.0184838 -0.00127007 0.00305219 -0.0184838 0.0902455 
0.010195 -0.0185436 0.00114392 -0.00128441 -0.0185436 0.0903449 -0.00126935 0.00307555 0.00114392 -0.00126935 0.0100495 -0.0184683 -0.00128441 0.00307555 -0.0184683 0.0902094 
0.0102097 -0.0185842 0.00114449 -0.00127054 -0.0185842 0.0904251 -0.00125037 0.00303013 0.00114449 -0.00125037 0.010008 -0.0184279 -0.00127054 0.00303013 -0.0184279 0.0901226 
0.0102254 -0.0186499 0.00114561 -0.00128068 -0.0186499 0.090598 -0.00128068 0.00307163 0.00114561 -0.00128068 0.0100353 -0.0183697 -0.00128068 0.00307163 -0.0183697 0.0899877 
0.010175 -0.0186039 0.00110379 -0.00121919 -0.0186039 0.090531 -0.00122421 0.00293006 0.00110379 -0.00122421 0.0100545 -0.0184082 -0.00121919 0.00293006 -0.0184082 0.0899841 
0.0101575 -0.0185533 0.00110232 -0.00121809 -0.0185533 0.0904309 -0.00121809 0.00290933 0.00110232 -0.00121809 0.0100417 -0.0184325 -0.00121809 0.00290933 -0.0184325 0.0900433 
0.010205 -0.018532 0.00108242 -0.00122842 -0.018532 0.0903594 -0.00123849 0.00297036 0.00108242 -0.00123849 0.0099784 -0.0184162 -0.00122842 0.00297036 -0.0184162 0.0900573 
0.0102573 -0.0186013 0.00110186 -0.00125211 -0.0186013 0.0904624 -0.00126714 0.00306016 0.00110186 -0.00126714 0.0099718 -0.0183559 -0.00125211 0.00306016 -0.0183559 0.0899866 
0.0102816 -0.0186485 0.00110554 -0.00122112 -0.0186485 0.0905642 -0.0012362 0.00299502 0.00110554 -0.0012362 0.00995492 -0.0183571 -0.00122112 0.00299502 -0.0183571 0.089921 
0.0102491 -0.0186641 0.0011136 -0.0012043 -0.0186641 0.0906095 -0.00121437 0.00290241 0.0011136 -0.00121437 0.00996191 -0.0183366 -0.0012043 0.00290241 -0.0183366 0.089894 
0.0102481 -0.0186096 0.00111688 -0.00121247 -0.0186096 0.0905327 -0.00121247 0.00286766 0.00111688 -0.00121247 0.0099513 -0.0183581 -0.00121247 0.00286766 -0.0183581 0.0899239 
0.0103009 -0.0186395 0.00112346 -0.00125828 -0.0186395 0.0905659 -0.00125328 0.00298092 0.00112346 -0.00125328 0.00995636 -0.0183399 -0.00125828 0.00298092 -0.0183399 0.0899418 
0.010275 -0.0186854 0.00112172 -0.00125135 -0.0186854 0.0906304 -0.00124138 0.00299127 0.00112172 -0.00124138 0.0100058 -0.0183514 -0.00125135 0.00299127 -0.0183514 0.0899424 
0.0102794 -0.018678 0.00112148 -0.00124721 -0.018678 0.0906741 -0.00122709 0.00296212 0.00112148 -0.00122709 0.00996761 -0.0183863 -0.00124721 0.00296212 -0.0183863 0.08996 
0.0102846 -0.0187152 0.00113045 -0.0012661 -0.0187152 0.0907826 -0.00125103 0.00299946 0.00113045 -0.00125103 0.00996805 -0.0183334 -0.0012661 0.00299946 -0.0183334 0.0899033 
0.0103272 -0.0187061 0.00113689 -0.00127713 -0.0187061 0.0908062 -0.00127212 0.0030651 0.00113689 -0.00127212 0.00995157 -0.0183455 -0.00127713 0.0030651 -0.0183455 0.0899047 
0.0104064 -0.0187545 0.00112949 -0.00127005 -0.0187545 0.0908662 -0.00126503 0.00306719 0.00112949 -0.00126503 0.00987927 -0.0183178 -0.00127005 0.00306719 -0.0183178 0.0898572 
0.0104441 -0.0188436 0.00113031 -0.00125088 -0.0188436 0.0910278 -0.00125088 0.00302924 0.00113031 -0.00125088 0.00982116 -0.0182257 -0.00125088 0.00302924 -0.0182257 0.0896765 
0.0104219 -0.0188733 0.00114399 -0.00124478 -0.0188733 0.0911313 -0.00124982 0.00300865 0.00114399 -0.00124982 0.0098222 -0.0181779 -0.00124478 0.00300865 -0.0181779 0.0895589 
0.0104518 -0.0188795 0.00117526 -0.0012958 -0.0188795 0.0912383 -0.00130584 0.00312398 0.00117526 -0.00130584 0.00984405 -0.0181763 -0.0012958 0.00312398 -0.0181763 0.0895005 
0.0104744 -0.0189221 0.00119893 -0.00133438 -0.0189221 0.0913245 -0.00132434 0.00319548 0.00119893 -0.00132434 0.00986736 -0.0181897 -0.00133438 0.00319548 -0.0181897 0.0895036 
0.010495 -0.0189269 0.00118106 -0.0013505 -0.0189269 0.0913354 -0.0013505 0.00325415 0.00118106 -0.0013505 0.00991194 -0.0182541 -0.0013505 0.00325415 -0.0182541 0.089661 
0.0105876 -0.0189635 0.00116042 -0.00133399 -0.0189635 0.0914154 -0.00133895 0.00326802 0.00116042 -0.00133895 0.00988837 -0.0183188 -0.00133399 0.00326802 -0.0183188 0.0898185 
0.0106713 -0.0190686 0.00114687 -0.00127977 -0.0190686 0.0916022 -0.00129454 0.0031699 0.00114687 -0.00129454 0.00988379 -0.0183057 -0.00127977 0.0031699 -0.0183057 0.0898844 
0.0106859 -0.0191596 0.00114563 -0.00126908 -0.0191596 0.0918132 -0.00127402 0.00309122 0.00114563 -0.00127402 0.00989586 -0.0183103 -0.00126908 0.00309122 -0.0183103 0.0899121 
0.0106612 -0.0191732 0.00116637 -0.00127557 -0.0191732 0.0919302 -0.00128053 0.00308221 0.00116637 -0.00128053 0.00990178 -0.0183295 -0.00127557 0.00308221 -0.0183295 0.0899548 
0.0106046 -0.019165 0.00118161 -0.00128631 -0.019165 0.0919611 -0.00128132 0.00307119 0.00118161 -0.00128132 0.00992153 -0.0183025 -0.00128631 0.00307119 -0.0183025 0.0899169 
0.0105674 -0.0190693 0.00117749 -0.00130222 -0.0190693 0.091784 -0.00129224 0.00309838 0.00117749 -0.00129224 0.00994377 -0.0183558 -0.00130222 0.00309838 -0.0183558 0.0899879 
0.0105514 -0.0190312 0.00117734 -0.00131147 -0.0190312 0.0916637 -0.00129657 0.00311971 0.00117734 -0.00129657 0.00997014 -0.0183705 -0.00131147 0.00311971 -0.0183705 0.0900393 
0.0105237 -0.0190137 0.00116491 -0.00127844 -0.0190137 0.0915687 -0.00126363 0.00304554 0.00116491 -0.00126363 0.010035 -0.0184016 -0.00127844 0.00304554 -0.0184016 0.0901027 
0.0104761 -0.0189596 0.00116401 -0.00126266 -0.0189596 0.0914588 -0.00124786 0.00298401 0.00116401 -0.00124786 0.0100569 -0.0184664 -0.00126266 0.00298401 -0.0184664 0.0901912 
0.0104727 -0.0189663 0.00118447 -0.00129798 -0.0189663 0.0914753 -0.00128811 0.00306974 0.00118447 -0.00128811 0.0100482 -0.0184579 -0.00129798 0.00306974 -0.0184579 0.090202 
0.0104395 -0.0189207 0.00119182 -0.00130062 -0.0189207 0.0913695 -0.00129567 0.00309576 0.00119182 -0.00129567 0.0100588 -0.0184806 -0.00130062 0.00309576 -0.0184806 0.0902765 
0.0104815 -0.0188825 0.00121647 -0.0013406 -0.0188825 0.0912946 -0.00134556 0.00320253 0.00121647 -0.00134556 0.0100098 -0.0185102 -0.0013406 0.00320253 -0.0185102 0.090381 
0.0105219 -0.0189374 0.00121215 -0.00137112 -0.0189374 0.0913386 -0.00138106 0.00330858 0.00121215 -0.00138106 0.00998534 -0.0184654 -0.00137112 0.00330858 -0.0184654 0.090355 
0.0105657 -0.0190073 0.00120167 -0.00134128 -0.0190073 0.0915011 -0.00135624 0.00327591 0.00120167 -0.00135624 0.00993742 -0.0183989 -0.00134128 0.00327591 -0.0183989 0.0901897 
0.0106109 -0.0190535 0.00118677 -0.00131196 -0.0190535 0.091637 -0.00132698 0.00318476 0.00118677 -0.00132698 0.00986976 -0.0183324 -0.00131196 0.00318476 -0.0183324 0.0900146 
0.0106384 -0.019134 0.00121152 -0.00133167 -0.019134 0.0918453 -0.00133668 0.00321403 0.00121152 -0.00133668 0.00984736 -0.0182329 -0.00133167 0.00321403 -0.0182329 0.0897777 
0.0106322 -0.0191791 0.00121311 -0.00133843 -0.0191791 0.0920005 -0.00133843 0.00320821 0.00121311 -0.00133843 0.00985523 -0.0181866 -0.00133843 0.00320821 -0.0181866 0.0895693 
0.0106327 -0.0191459 0.00123184 -0.00134156 -0.0191459 0.0919791 -0.00134655 0.00321675 0.00123184 -0.00134655 0.00987966 -0.0182183 -0.00134156 0.00321675 -0.0182183 0.0895653 
0.0106128 -0.0191181 0.0012236 -0.00135844 -0.0191181 0.0918798 -0.00135844 0.00324129 0.0012236 -0.00135844 0.00987869 -0.0182491 -0.00135844 0.00324129 -0.0182491 0.0896124 
0.0106354 -0.0190479 0.00115896 -0.0013338 -0.0190479 0.0916875 -0.0013288 0.00319213 0.00115896 -0.0013288 0.00982116 -0.0182885 -0.0013338 0.00319213 -0.0182885 0.0897392 
0.0106806 -0.0191143 0.00115345 -0.00132821 -0.0191143 0.0917416 -0.00132322 0.00324064 0.00115345 -0.00132322 0.00979682 -0.0182155 -0.00132821 0.00324064 -0.0182155 0.0896994 
0.0106897 -0.0191558 0.00114177 -0.00128137 -0.0191558 0.0918301 -0.0012714 0.00311618 0.00114177 -0.0012714 0.0097873 -0.0181736 -0.00128137 0.00311618 -0.0181736 0.0895964 
0.0107142 -0.0191767 0.00110359 -0.00124216 -0.0191767 0.0919196 -0.00123226 0.00298909 0.00110359 -0.00123226 0.00979373 -0.0181672 -0.00124216 0.00298909 -0.0181672 0.0895441 
0.0107495 -0.019224 0.00107347 -0.00121135 -0.019224 0.0920381 -0.00120643 0.0029102 0.00107347 -0.00120643 0.00980407 -0.0181703 -0.00121135 0.0029102 -0.0181703 0.0895317 
0.0107806 -0.0192603 0.00104633 -0.00115046 -0.0192603 0.0921461 -0.0011455 0.00276706 0.00104633 -0.0011455 0.00973926 -0.0181793 -0.00115046 0.00276706 -0.0181793 0.0895229 
0.0108172 -0.0192932 0.00105326 -0.00112814 -0.0192932 0.0922029 -0.00112814 0.00269056 0.00105326 -0.00112814 0.00966405 -0.0181251 -0.00112814 0.00269056 -0.0181251 0.0894724 
0.0108423 -0.0193342 0.00106523 -0.00115525 -0.0193342 0.0923349 -0.00115525 0.00272058 0.00106523 -0.00115525 0.00961207 -0.0180139 -0.00115525 0.00272058 -0.0180139 0.0892542 
0.0108376 -0.0193667 0.00108925 -0.00118919 -0.0193667 0.0924167 -0.00118919 0.00280808 0.00108925 -0.00118919 0.00960842 -0.0179477 -0.00118919 0.00280808 -0.0179477 0.089064 
0.0108014 -0.0193468 0.00111051 -0.00122007 -0.0193468 0.0923967 -0.00122007 0.00291821 0.00111051 -0.00122007 0.00966097 -0.0179624 -0.00122007 0.00291821 -0.0179624 0.0890154 
0.0107441 -0.0192855 0.00112386 -0.00123375 -0.0192855 0.0922518 -0.00123375 0.002967 0.00112386 -0.00123375 0.00968522 -0.0180218 -0.00123375 0.002967 -0.0180218 0.089095 
0.010694 -0.0192134 0.00113957 -0.00127393 -0.0192134 0.0920812 -0.00126895 0.00305046 0.00113957 -0.00126895 0.00976348 -0.0180838 -0.00127393 0.00305046 -0.0180838 0.0892796 
0.0106375 -0.0191186 0.00109803 -0.00124708 -0.0191186 0.0918269 -0.00124708 0.00301088 0.00109803 -0.00124708 0.00980275 -0.0181696 -0.00124708 0.00301088 -0.0181696 0.0894719 
0.0106452 -0.019077 0.001067 -0.00121092 -0.019077 0.0917027 -0.00121589 0.00295287 0.001067 -0.00121589 0.00978665 -0.0182036 -0.00121092 0.00295287 -0.0182036 0.0895786 
0.0106291 -0.0190947 0.00104703 -0.00117109 -0.0190947 0.0916922 -0.00117605 0.00286817 0.00104703 -0.00117605 0.00977065 -0.0181618 -0.00117109 0.00286817 -0.0181618 0.0895287 
0.0106741 -0.0191219 0.00107337 -0.00119264 -0.0191219 0.0917932 -0.0011827 0.00288717 0.00107337 -0.0011827 0.00972992 -0.018138 -0.00119264 0.00288717 -0.018138 0.0894626 
0.0106572 -0.0191541 0.00108768 -0.00118248 -0.0191541 0.0918689 -0.0011725 0.00283894 0.00108768 -0.0011725 0.00972424 -0.0180864 -0.00118248 0.00283894 -0.0180864 0.0893443 
0.0106371 -0.0191297 0.00111996 -0.00122543 -0.0191297 0.0918469 -0.00121036 0.00289784 0.00111996 -0.00121036 0.00969796 -0.0180751 -0.00122543 0.00289784 -0.0180751 0.0892755 
0.0106628 -0.0191155 0.00111763 -0.00124852 -0.0191155 0.0918217 -0.00123845 0.00296524 0.00111763 -0.00123845 0.0096408 -0.0180331 -0.00124852 0.00296524 -0.0180331 0.0891837 
0.0106398 -0.0191283 0.00113383 -0.00123 -0.0191283 0.0918096 -0.00123 0.00295605 0.00113383 -0.00123 0.00961728 -0.0179539 -0.00123 0.00295605 -0.0179539 0.0890206 
0.0106304 -0.0191227 0.0011323 -0.00126878 -0.0191227 0.0918272 -0.00127383 0.00302788 0.0011323 -0.00127383 0.00962958 -0.0179196 -0.00126878 0.00302788 -0.0179196 0.0888954 
0.0106306 -0.019087 0.00110214 -0.00126746 -0.019087 0.091753 -0.0012875 0.00308599 0.00110214 -0.0012875 0.00969882 -0.0179699 -0.00126746 0.00308599 -0.0179699 0.0889726 
0.0106493 -0.0190506 0.00107144 -0.00122164 -0.0190506 0.0916082 -0.00123166 0.00300905 0.00107144 -0.00123166 0.00969804 -0.0180693 -0.00122164 0.00300905 -0.0180693 0.0891699 
0.0106864 -0.0190851 0.0010517 -0.00119126 -0.0190851 0.0916273 -0.00119624 0.00291584 0.0010517 -0.00119624 0.00967961 -0.0180732 -0.00119126 0.00291584 -0.0180732 0.0892896 
0.010697 -0.019163 0.00106074 -0.00117528 -0.019163 0.091786 -0.00117528 0.00287345 0.00106074 -0.00117528 0.00970598 -0.0180524 -0.00117528 0.00287345 -0.0180524 0.0892761 
0.0106768 -0.0192233 0.00108265 -0.00119241 -0.0192233 0.0920103 -0.00118742 0.00286877 0.00108265 -0.00118742 0.00973887 -0.0180409 -0.00119241 0.00286877 -0.0180409 0.0891964 
0.010644 -0.0191612 0.00110593 -0.001181 -0.0191612 0.0919527 -0.001186 0.00284741 0.00110593 -0.001186 0.00975825 -0.0181053 -0.001181 0.00284741 -0.0181053 0.0892854 
0.0106016 -0.019101 0.0011366 -0.0012221 -0.019101 0.0917983 -0.00123216 0.00292198 0.0011366 -0.00123216 0.00975669 -0.0181303 -0.0012221 0.00292198 -0.0181303 0.0893843 
0.0105425 -0.0190359 0.00115521 -0.00126571 -0.0190359 0.0916232 -0.00127575 0.00301861 0.00115521 -0.00127575 0.00979417 -0.0181418 -0.00126571 0.00301861 -0.0181418 0.0894434 
0.0105102 -0.0189454 0.00113233 -0.00126702 -0.0189454 0.0913848 -0.00127699 0.00304782 0.00113233 -0.00127699 0.0098518 -0.0182071 -0.00126702 0.00304782 -0.0182071 0.089589 
0.0104783 -0.0189298 0.00113319 -0.00126798 -0.0189298 0.0912794 -0.00126299 0.00305014 0.00113319 -0.00126299 0.00989921 -0.0182559 -0.00126798 0.00305014 -0.0182559 0.0897169 
0.0104937 -0.0188857 0.00112291 -0.00127197 -0.0188857 0.0911842 -0.001267 0.00306067 0.00112291 -0.001267 0.00990743 -0.0183293 -0.00127197 0.00306067 -0.0183293 0.0899072 
0.0105106 -0.01892 0.0011356 -0.00125567 -0.01892 0.0911933 -0.00125066 0.00304161 0.0011356 -0.00125066 0.00988024 -0.0183247 -0.00125567 0.00304161 -0.0183247 0.0899477 
0.0105021 -0.0189178 0.00114577 -0.00126585 -0.0189178 0.0912416 -0.00127086 0.00304706 0.00114577 -0.00127086 0.00987667 -0.0183024 -0.00126585 0.00304706 -0.0183024 0.0899307 
0.0104311 -0.0189208 0.0011629 -0.00128767 -0.0189208 0.0912498 -0.00128767 0.00308442 0.0011629 -0.00128767 0.009947 -0.0182919 -0.00128767 0.00308442 -0.0182919 0.0898973 
0.0103748 -0.018852 0.00119039 -0.00130495 -0.018852 0.0911572 -0.00129997 0.00313786 0.00119039 -0.00129997 0.0100162 -0.0183639 -0.00130495 0.00313786 -0.0183639 0.0899718 
0.0103891 -0.0188017 0.00118193 -0.00133092 -0.0188017 0.0910635 -0.00132098 0.00318327 0.00118193 -0.00132098 0.0100216 -0.0184292 -0.00133092 0.00318327 -0.0184292 0.090105 
0.0104108 -0.0188264 0.00119009 -0.0013151 -0.0188264 0.0910768 -0.0013101 0.00316024 0.00119009 -0.0013101 0.00997075 -0.0184214 -0.0013151 0.00316024 -0.0184214 0.0901118 
0.0104331 -0.0188576 0.00117922 -0.00132912 -0.0188576 0.0911598 -0.00132413 0.0031879 0.00117922 -0.00132413 0.00994843 -0.0183679 -0.00132912 0.0031879 -0.0183679 0.0900406 
0.0104408 -0.0188813 0.00114236 -0.00128702 -0.0188813 0.0912138 -0.00129201 0.00311279 0.00114236 -0.00129201 0.009937 -0.0183375 -0.00128702 0.00311279 -0.0183375 0.0899468 
0.0104153 -0.0188955 0.00115503 -0.00127003 -0.0188955 0.0912623 -0.00128003 0.00309508 0.00115503 -0.00128003 0.00996525 -0.0183205 -0.00127003 0.00309508 -0.0183205 0.0898722 
0.0104136 -0.0188615 0.0011554 -0.00129045 -0.0188615 0.0912365 -0.00129545 0.00310607 0.0011554 -0.00129545 0.00995844 -0.0183463 -0.00129045 0.00310607 -0.0183463 0.089901 
0.0104638 -0.0188419 0.00115092 -0.00128159 -0.0188419 0.091149 -0.00128662 0.00309593 0.00115092 -0.00128662 0.00989591 -0.0183645 -0.00128159 0.00309593 -0.0183645 0.0899528 
0.0104381 -0.018878 0.00117987 -0.00127527 -0.018878 0.0911515 -0.00128531 0.00307771 0.00117987 -0.00128531 0.00990089 -0.0182956 -0.00127527 0.00307771 -0.0182956 0.0898913 
0.0104354 -0.0188859 0.00118287 -0.00129815 -0.0188859 0.0912066 -0.00128813 0.00307748 0.00118287 -0.00128813 0.00989905 -0.0182594 -0.00129815 0.00307748 -0.0182594 0.089723 
0.0104325 -0.0188522 0.00120065 -0.00130154 -0.0188522 0.0911535 -0.00129146 0.0030773 0.00120065 -0.00129146 0.0098423 -0.0182569 -0.00130154 0.0030773 -0.0182569 0.0896653 
0.0104362 -0.0188585 0.00120534 -0.00134094 -0.0188585 0.0911438 -0.00133592 0.00315899 0.00120534 -0.00133592 0.00984361 -0.0182057 -0.00134094 0.00315899 -0.0182057 0.0896019 
0.0104038 -0.0188637 0.00119428 -0.00136418 -0.0188637 0.0911653 -0.00135419 0.00326304 0.00119428 -0.00135419 0.00990905 -0.0182091 -0.00136418 0.00326304 -0.0182091 0.0895713 
0.0104109 -0.0188437 0.00115176 -0.00133203 -0.0188437 0.091129 -0.00132702 0.00323994 0.00115176 -0.00132702 0.00989008 -0.0182679 -0.00133203 0.00323994 -0.0182679 0.0896217 
0.0104195 -0.018831 0.00109889 -0.00127871 -0.018831 0.091098 -0.0012837 0.00314183 0.00109889 -0.0012837 0.00989501 -0.0182715 -0.00127871 0.00314183 -0.0182715 0.0896944 
0.0104693 -0.0188697 0.00108199 -0.00123227 -0.0188697 0.0911677 -0.0012473 0.00307566 0.00108199 -0.0012473 0.0098381 -0.0182536 -0.00123227 0.00307566 -0.0182536 0.08966 
0.0104809 -0.0188917 0.00105512 -0.00116566 -0.0188917 0.0911978 -0.00117571 0.00286893 0.00105512 -0.00117571 0.00979757 -0.0182034 -0.00116566 0.00286893 -0.0182034 0.089605 
0.01047 -0.0189457 0.00108779 -0.00116837 -0.0189457 0.091344 -0.00117844 0.00282523 0.00108779 -0.00117844 0.00979513 -0.0181248 -0.00116837 0.00282523 -0.0181248 0.0894102 
0.0104508 -0.0188891 0.0011046 -0.00119539 -0.0188891 0.091258 -0.00120043 0.00283463 0.0011046 -0.00120043 0.00979008 -0.0181477 -0.00119539 0.00283463 -0.0181477 0.0893969 
0.0104091 -0.0188674 0.00114424 -0.00124001 -0.0188674 0.0911813 -0.00124001 0.00293873 0.00114424 -0.00124001 0.00982937 -0.0181566 -0.00124001 0.00293873 -0.0181566 0.0894271 
0.0104287 -0.0188231 0.00114812 -0.00129415 -0.0188231 0.091084 -0.00129415 0.00307675 0.00114812 -0.00129415 0.00984964 -0.0182188 -0.00129415 0.00307675 -0.0182188 0.0895632 
0.0104191 -0.0188209 0.00115992 -0.001286 -0.0188209 0.0910081 -0.00127591 0.00309143 0.00115992 -0.00127591 0.00984921 -0.0182309 -0.001286 0.00309143 -0.0182309 0.0896263 
0.010348 -0.0187823 0.0011644 -0.00126566 -0.0187823 0.0908842 -0.00126566 0.00305276 0.0011644 -0.00126566 0.00988224 -0.0182457 -0.00126566 0.00305276 -0.0182457 0.0896844 
