0.00849648 0 -0.000474253 0 0 0.00998604 0 0 -0.000474253 0 0.0064926 0 0 0 0 0.00998604 
0.0118198 -0.0146563 -0.00060739 0.000734941 -0.0146563 0.0372694 0.000734941 -0.00140307 -0.00060739 0.000734941 0.00930521 -0.0115829 0.000734941 -0.00140307 -0.0115829 0.0314081 
0.0118115 -0.0216351 -0.000554902 0.000884184 -0.0216351 0.0782046 0.000884184 -0.00276841 -0.000554902 0.000884184 0.00945162 -0.0181654 0.000884184 -0.00276841 -0.0181654 0.0674297 
0.0111835 -0.0206864 -0.000529227 0.000628093 -0.0206864 0.0905152 0.000628093 -0.00203549 -0.000529227 0.000628093 0.00894451 -0.0182612 0.000628093 -0.00203549 -0.0182612 0.0831526 
0.0112113 -0.0198847 -0.000579326 0.000562774 -0.0198847 0.0923336 0.000562774 -0.00148418 -0.000579326 0.000562774 0.00891059 -0.0175508 0.000562774 -0.00148418 -0.0175508 0.0867003 
0.0114011 -0.0198765 -0.000529053 0.000624282 -0.0198765 0.0931292 0.000624282 -0.00146019 -0.000529053 0.000624282 0.00906268 -0.0174058 0.000624282 -0.00146019 -0.0174058 0.087426 
0.0114768 -0.0200471 -0.000504136 0.000555578 -0.0200471 0.0938465 0.000560723 -0.00137351 -0.000504136 0.000560723 0.00921334 -0.0174904 0.000555578 -0.00137351 -0.0174904 0.0878225 
0.0115039 -0.0200887 -0.000481439 0.000511846 -0.0200887 0.0941644 0.000527049 -0.00125681 -0.000481439 0.000527049 0.0092639 -0.0176156 0.000511846 -0.00125681 -0.0176156 0.0881642 
0.0114661 -0.0200417 -0.000502677 0.000502677 -0.0200417 0.0940709 0.00051273 -0.0012215 -0.000502677 0.00051273 0.00926936 -0.0176691 0.000502677 -0.0012215 -0.0176691 0.0883706 
0.0114233 -0.0199695 -0.00053633 0.000546355 -0.0199695 0.0938477 0.000551367 -0.00127316 -0.00053633 0.000551367 0.00924793 -0.0176688 0.000546355 -0.00127316 -0.0176688 0.0884193 
0.0114072 -0.0199126 -0.000584343 0.000589337 -0.0199126 0.0936696 0.000594331 -0.00136846 -0.000584343 0.000594331 0.00922962 -0.0176451 0.000589337 -0.00136846 -0.0176451 0.0884005 
0.0113951 -0.0199179 -0.000622899 0.000657504 -0.0199179 0.0936474 0.000662448 -0.00153253 -0.000622899 0.000662448 0.00924956 -0.0175944 0.000657504 -0.00153253 -0.0175944 0.0882737 
0.0114373 -0.0199724 -0.000602994 0.000705945 -0.0199724 0.0937779 0.00069614 -0.0016472 -0.000602994 0.00069614 0.00925082 -0.0175898 0.000705945 -0.0016472 -0.0175898 0.0881793 
0.011482 -0.0200544 -0.000580933 0.000668805 -0.0200544 0.094033 0.000668805 -0.00164516 -0.000580933 0.000668805 0.00926075 -0.0175842 0.000668805 -0.00164516 -0.0175842 0.0881358 
0.0115149 -0.020101 -0.000532058 0.000639445 -0.020101 0.0941986 0.000639445 -0.001562 -0.000532058 0.000639445 0.00926464 -0.0176214 0.000639445 -0.001562 -0.0176214 0.0882093 
0.0115461 -0.0201456 -0.000519697 0.000593239 -0.0201456 0.0943348 0.000588336 -0.00148065 -0.000519697 0.000588336 0.00920746 -0.0176158 0.000593239 -0.00148065 -0.0176158 0.0882357 
0.0115599 -0.0201607 -0.000474252 0.000573055 -0.0201607 0.094391 0.000568114 -0.00139806 -0.000474252 0.000568114 0.00914911 -0.017577 0.000573055 -0.00139806 -0.017577 0.0881961 
0.0115581 -0.0201557 -0.000403015 0.000512476 -0.0201557 0.0943852 0.000507501 -0.0012787 -0.000403015 0.000507501 0.00907033 -0.0175038 0.000512476 -0.0012787 -0.0175038 0.0880563 
0.011565 -0.0201591 -0.000358296 0.000427965 -0.0201591 0.0943762 0.000422989 -0.00108484 -0.000358296 0.000422989 0.00903205 -0.0173973 0.000427965 -0.00108484 -0.0173973 0.0878324 
0.0115703 -0.0201973 -0.000351214 0.000366054 -0.0201973 0.0944765 0.000361107 -0.000900295 -0.000351214 0.000361107 0.00905736 -0.0173282 0.000366054 -0.000900295 -0.0173282 0.0876254 
0.0115981 -0.0202509 -0.000341557 0.000356407 -0.0202509 0.0946311 0.000356407 -0.000831617 -0.000341557 0.000356407 0.00906859 -0.0173353 0.000356407 -0.000831617 -0.0173353 0.0875129 
0.0115392 -0.0202048 -0.000337491 0.00035238 -0.0202048 0.094547 0.000347417 -0.000823874 -0.000337491 0.000347417 0.00911721 -0.0173907 0.00035238 -0.000823874 -0.0173907 0.0876037 
0.0115292 -0.0201315 -0.000292695 0.000352226 -0.0201315 0.0943817 0.000357187 -0.000838398 -0.000292695 0.000357187 0.00910331 -0.0174476 0.000352226 -0.000838398 -0.0174476 0.087744 
0.0115368 -0.0201275 -0.000238078 0.000307517 -0.0201275 0.0943134 0.000307517 -0.000763832 -0.000238078 0.000307517 0.00912135 -0.017464 0.000307517 -0.000763832 -0.017464 0.0878655 
0.0115221 -0.0201225 -0.000229743 0.000234737 -0.0201225 0.0942444 0.000229743 -0.000609318 -0.000229743 0.000229743 0.00909481 -0.0174654 0.000234737 -0.000609318 -0.0174654 0.0878866 
0.0114856 -0.0200572 -0.000240746 0.000210653 -0.0200572 0.0940917 0.000215669 -0.000496539 -0.000240746 0.000215669 0.0090631 -0.0174541 0.000210653 -0.000496539 -0.0174541 0.0878824 
0.0114508 -0.0200088 -0.000296316 0.000251115 -0.0200088 0.0939521 0.000246093 -0.000542408 -0.000296316 0.000246093 0.00904516 -0.0174073 0.000251115 -0.000542408 -0.0174073 0.0877948 
0.0114628 -0.0200151 -0.000348868 0.000348868 -0.0200151 0.0939252 0.000353852 -0.000767509 -0.000348868 0.000353852 0.00907057 -0.0173736 0.000348868 -0.000767509 -0.0173736 0.0877253 
0.0114734 -0.02004 -0.000367706 0.000412426 -0.02004 0.0939736 0.000417395 -0.000963985 -0.000367706 0.000417395 0.00909326 -0.0173815 0.000412426 -0.000963985 -0.0173815 0.0876729 
0.0114963 -0.0200517 -0.000341621 0.000420838 -0.0200517 0.0940102 0.000435691 -0.00104962 -0.000341621 0.000435691 0.0091 -0.0174227 0.000420838 -0.00104962 -0.0174227 0.0877175 
0.0115091 -0.020109 -0.000324339 0.000393138 -0.020109 0.0941663 0.000398052 -0.00103199 -0.000324339 0.000398052 0.0091552 -0.0174258 0.000393138 -0.00103199 -0.0174258 0.0877778 
0.0115145 -0.0201285 -0.000327729 0.000352187 -0.0201285 0.0942784 0.00036197 -0.00092449 -0.000327729 0.00036197 0.00923023 -0.0175017 0.000352187 -0.00092449 -0.0175017 0.0879146 
0.0114732 -0.0200769 -0.000330342 0.000325412 -0.0200769 0.0941771 0.000330342 -0.000803668 -0.000330342 0.000330342 0.00922493 -0.0176117 0.000325412 -0.000803668 -0.0176117 0.0881422 
0.0114308 -0.0200052 -0.000309076 0.000324031 -0.0200052 0.093979 0.000319046 -0.000727824 -0.000309076 0.000319046 0.00915263 -0.0176123 0.000324031 -0.000727824 -0.0176123 0.0882461 
0.0114109 -0.0199616 -0.000285524 0.00031057 -0.0199616 0.0938322 0.000305561 -0.000711305 -0.000285524 0.000305561 0.00907165 -0.0175021 0.00031057 -0.000711305 -0.0175021 0.0880916 
0.0114516 -0.0199942 -0.000263999 0.000313811 -0.0199942 0.0939091 0.000303848 -0.000732225 -0.000263999 0.000303848 0.00903575 -0.0173692 0.000313811 -0.000732225 -0.0173692 0.0877972 
0.0114384 -0.0199922 -0.000254519 0.000294444 -0.0199922 0.0938626 0.000279472 -0.000698679 -0.000254519 0.000279472 0.00903293 -0.0173522 0.000294444 -0.000698679 -0.0173522 0.0876444 
0.0114542 -0.0200212 -0.000248463 0.000288217 -0.0200212 0.0939489 0.00027331 -0.000695697 -0.000248463 0.00027331 0.00903909 -0.0173278 0.000288217 -0.000695697 -0.0173278 0.0875535 
0.0114809 -0.0200224 -0.000212426 0.000256888 -0.0200224 0.0939617 0.000256888 -0.000637279 -0.000212426 0.000256888 0.0090553 -0.0173597 0.000256888 -0.000637279 -0.0173597 0.0875839 
0.0114828 -0.020029 -0.000178875 0.000223594 -0.020029 0.0939491 0.000218625 -0.000566437 -0.000178875 0.000218625 0.00900834 -0.0173807 0.000223594 -0.000566437 -0.0173807 0.0876189 
0.0114862 -0.0200674 -0.000193337 0.000193337 -0.0200674 0.0940363 0.000178465 -0.000485822 -0.000193337 0.000178465 0.00902241 -0.017326 0.000193337 -0.000485822 -0.017326 0.0875768 
0.0115351 -0.0201434 -0.000196425 0.000206246 -0.0201434 0.0942939 0.000201336 -0.000481241 -0.000196425 0.000201336 0.00907975 -0.01731 0.000206246 -0.000481241 -0.01731 0.0875172 
0.0115668 -0.0201878 -0.000206199 0.000201289 -0.0201878 0.0944537 0.000206199 -0.00048604 -0.000206199 0.000206199 0.00911202 -0.0173747 0.000201289 -0.00048604 -0.0173747 0.0875854 
0.0115697 -0.0201903 -0.000231789 0.000212062 -0.0201903 0.094481 0.000216994 -0.000493167 -0.000231789 0.000216994 0.00912359 -0.0174532 0.000212062 -0.000493167 -0.0174532 0.0877788 
0.0115217 -0.0201232 -0.000224255 0.000224255 -0.0201232 0.0943019 0.000219272 -0.000508312 -0.000224255 0.000219272 0.00908982 -0.0175069 0.000224255 -0.000508312 -0.0175069 0.0879679 
0.0114911 -0.0200468 -0.000175629 0.000215772 -0.0200468 0.0940718 0.000215772 -0.000496778 -0.000175629 0.000215772 0.0090223 -0.0174625 0.000215772 -0.000496778 -0.0174625 0.0879649 
0.0114879 -0.0200122 -0.000105486 0.00017581 -0.0200122 0.0939376 0.000170786 -0.000452082 -0.000105486 0.000170786 0.0089462 -0.0173399 0.00017581 -0.000452082 -0.0173399 0.0877089 
0.0115012 -0.0200194 -6.00583e-05 0.000100097 -0.0200194 0.0939061 9.00874e-05 -0.000290282 -6.00583e-05 9.00874e-05 0.00888862 -0.0172267 0.000100097 -0.000290282 -0.0172267 0.0873998 
0.0115205 -0.0200624 -9.9788e-06 4.49046e-05 -0.0200624 0.0939903 3.49258e-05 -0.000154671 -9.9788e-06 3.49258e-05 0.00888113 -0.0171486 4.49046e-05 -0.000154671 -0.0171486 0.0871498 
0.0114688 -0.0200893 -7.53538e-05 -1.00472e-05 -0.0200893 0.0940867 -1.50708e-05 -1.50708e-05 -7.53538e-05 -1.50708e-05 0.00889175 -0.0171254 -1.00472e-05 -1.50708e-05 -0.0171254 0.0869934 
0.0114345 -0.0200782 -0.000145822 7.54254e-05 -0.0200782 0.094151 7.0397e-05 -0.000110624 -0.000145822 7.0397e-05 0.00892031 -0.0171216 7.54254e-05 -0.000110624 -0.0171216 0.0869102 
0.0113612 -0.0199592 -0.000156602 0.000126292 -0.0199592 0.0938804 0.000126292 -0.000212171 -0.000156602 0.000126292 0.00893137 -0.0171808 0.000126292 -0.000212171 -0.0171808 0.0870152 
0.0113265 -0.0198971 -0.000151424 0.000161519 -0.0198971 0.0937265 0.000166567 -0.000353323 -0.000151424 0.000166567 0.00894412 -0.0171866 0.000161519 -0.000353323 -0.0171866 0.0870638 
0.0113193 -0.0198391 -9.09587e-05 0.000126332 -0.0198391 0.0935561 0.000131385 -0.000303196 -9.09587e-05 0.000131385 0.00891395 -0.0171861 0.000126332 -0.000303196 -0.0171861 0.0870525 
0.011305 -0.0198304 -6.54635e-05 9.56774e-05 -0.0198304 0.0934718 0.000100713 -0.00026689 -6.54635e-05 0.000100713 0.00892318 -0.0171665 9.56774e-05 -0.00026689 -0.0171665 0.0870362 
0.0113182 -0.0198257 -7.55553e-05 6.04443e-05 -0.0198257 0.0934418 6.54813e-05 -0.00018637 -7.55553e-05 6.54813e-05 0.00891049 -0.0171712 6.04443e-05 -0.00018637 -0.0171712 0.0870297 
0.0113519 -0.0198446 -8.98172e-05 7.48477e-05 -0.0198446 0.0934598 7.98375e-05 -0.000194604 -8.98172e-05 7.98375e-05 0.00892683 -0.0171701 7.48477e-05 -0.000194604 -0.0171701 0.0870728 
0.0114202 -0.0199032 -6.47178e-05 7.96527e-05 -0.0199032 0.093582 7.96527e-05 -0.000179219 -6.47178e-05 7.96527e-05 0.00890617 -0.0171751 7.96527e-05 -0.000179219 -0.0171751 0.0870754 
0.0114362 -0.0199983 -6.49782e-05 6.49782e-05 -0.0199983 0.0938186 5.99799e-05 -0.000184938 -6.49782e-05 5.99799e-05 0.00890702 -0.0171443 6.49782e-05 -0.000184938 -0.0171443 0.0870408 
0.011425 -0.0200339 -0.000115658 8.04574e-05 -0.0200339 0.0939994 7.54288e-05 -0.000201144 -0.000115658 7.54288e-05 0.00891569 -0.0171425 8.04574e-05 -0.000201144 -0.0171425 0.0870147 
0.0114498 -0.0200171 -0.000120103 0.000130111 -0.0200171 0.0940504 0.000120103 -0.000270231 -0.000120103 0.000120103 0.00893764 -0.0171747 0.000130111 -0.000270231 -0.0171747 0.0870795 
0.0115078 -0.0200665 -0.000109409 0.000119355 -0.0200665 0.0941262 0.000119355 -0.000293414 -0.000109409 0.000119355 0.00896156 -0.017197 0.000119355 -0.000293414 -0.017197 0.0871539 
0.011516 -0.0200819 -0.000114811 8.486e-05 -0.0200819 0.0941247 8.98517e-05 -0.000199671 -0.000114811 8.98517e-05 0.00896521 -0.0172565 8.486e-05 -0.000199671 -0.0172565 0.087286 
0.0115189 -0.0200895 -0.000169616 0.000124718 -0.0200895 0.0941617 0.000129706 -0.000279367 -0.000169616 0.000129706 0.00896968 -0.0172709 0.000124718 -0.000279367 -0.0172709 0.0873621 
0.011481 -0.0200731 -0.000229122 0.000189275 -0.0200731 0.0941195 0.000199237 -0.000423378 -0.000229122 0.000199237 0.00901049 -0.0172838 0.000189275 -0.000423378 -0.0172838 0.0874052 
0.0114625 -0.0200332 -0.000253837 0.000263792 -0.0200332 0.0940293 0.000273746 -0.000597265 -0.000253837 0.000273746 0.00901869 -0.0173157 0.000263792 -0.000597265 -0.0173157 0.0874694 
0.0115002 -0.0200632 -0.000243522 0.000273341 -0.0200632 0.0940988 0.000278311 -0.000670927 -0.000243522 0.000278311 0.00900534 -0.0173 0.000273341 -0.000670927 -0.0173 0.0874591 
0.0115316 -0.0200983 -0.000208943 0.000253716 -0.0200983 0.0941685 0.000258691 -0.000641753 -0.000208943 0.000258691 0.00897956 -0.0172925 0.000253716 -0.000641753 -0.0172925 0.0874326 
0.0115735 -0.0201399 -0.000192892 0.000227513 -0.0201399 0.0942795 0.000222567 -0.000573729 -0.000192892 0.000222567 0.00899667 -0.0172861 0.000227513 -0.000573729 -0.0172861 0.0874492 
0.0116139 -0.0202035 -0.000167746 0.000192414 -0.0202035 0.0944407 0.00018748 -0.000483502 -0.000167746 0.00018748 0.00901385 -0.0173025 0.000192414 -0.000483502 -0.0173025 0.0874546 
0.0116534 -0.0202557 -0.000152558 0.000182085 -0.0202557 0.0945758 0.000172242 -0.000442909 -0.000152558 0.000172242 0.00901074 -0.0173177 0.000182085 -0.000442909 -0.0173177 0.0874795 
0.0116885 -0.0203209 -0.00010809 0.000147396 -0.0203209 0.0947655 0.000137569 -0.000358662 -0.00010809 0.000137569 0.00901078 -0.0173042 0.000147396 -0.000358662 -0.0173042 0.0874596 
0.0116809 -0.0203272 -0.000127875 0.000103283 -0.0203272 0.0947994 9.83652e-05 -0.000270504 -0.000127875 9.83652e-05 0.00902009 -0.0173319 0.000103283 -0.000270504 -0.0173319 0.0875204 
0.0117029 -0.0203132 -9.81788e-05 0.000107997 -0.0203132 0.0948014 0.000107997 -0.00023072 -9.81788e-05 0.000107997 0.00899318 -0.0173433 0.000107997 -0.00023072 -0.0173433 0.0875657 
0.0117244 -0.0203357 -2.95077e-05 6.88512e-05 -0.0203357 0.094818 5.90153e-05 -0.000137702 -2.95077e-05 5.90153e-05 0.00897033 -0.017321 6.88512e-05 -0.000137702 -0.017321 0.0875591 
0.0117061 -0.0203642 0 2.97359e-05 -0.0203642 0.0948775 1.4868e-05 -8.42518e-05 0 1.4868e-05 0.0089307 -0.0172815 2.97359e-05 -8.42518e-05 -0.0172815 0.0874633 
0.0116781 -0.0203206 9.98557e-06 -3.49495e-05 -0.0203206 0.094793 -3.99423e-05 3.99423e-05 9.98557e-06 -3.99423e-05 0.00889215 -0.0172451 -3.49495e-05 3.99423e-05 -0.0172451 0.0873837 
0.011688 -0.0203358 9.95144e-06 -2.98543e-05 -0.0203358 0.0948372 -3.483e-05 8.45872e-05 9.95144e-06 -3.483e-05 0.00890654 -0.0171762 -2.98543e-05 8.45872e-05 -0.0171762 0.0872492 
0.0117025 -0.0203468 2.47829e-05 -4.95658e-05 -0.0203468 0.0948739 -3.96526e-05 0.000123915 2.47829e-05 -3.96526e-05 0.00894167 -0.0171845 -4.95658e-05 0.000123915 -0.0171845 0.0871962 
0.0116842 -0.0203181 3.97421e-05 -7.45164e-05 -0.0203181 0.0947699 -6.95486e-05 0.000183807 3.97421e-05 -6.95486e-05 0.00894693 -0.0172481 -7.45164e-05 0.000183807 -0.0172481 0.0872835 
0.0116421 -0.0202439 2.9954e-05 -7.48851e-05 -0.0202439 0.0945648 -6.49004e-05 0.000179724 2.9954e-05 -6.49004e-05 0.00891631 -0.0172735 -7.48851e-05 0.000179724 -0.0172735 0.0873859 
0.0116454 -0.020231 1.49748e-05 -3.99329e-05 -0.020231 0.0944962 -3.99329e-05 0.000114807 1.49748e-05 -3.99329e-05 0.00888507 -0.0172211 -3.99329e-05 0.000114807 -0.0172211 0.0873283 
0.0116372 -0.0202509 4.96468e-06 -4.96468e-06 -0.0202509 0.0945225 -9.92935e-06 4.96468e-06 4.96468e-06 -9.92935e-06 0.00890166 -0.0171629 -4.96468e-06 4.96468e-06 -0.0171629 0.0871748 
0.0116274 -0.0202531 -1.47868e-05 1.47868e-05 -0.0202531 0.0945816 9.8579e-06 -6.40763e-05 -1.47868e-05 9.8579e-06 0.0089559 -0.0171675 1.47868e-05 -6.40763e-05 -0.0171675 0.0870995 
0.0115734 -0.0202203 -9.32941e-05 3.43715e-05 -0.0202203 0.0945119 3.43715e-05 -0.000117845 -9.32941e-05 3.43715e-05 0.00902498 -0.0172545 3.43715e-05 -0.000117845 -0.0172545 0.0872349 
0.0115211 -0.0201509 -0.000160896 8.28856e-05 -0.0201509 0.0943628 8.77612e-05 -0.000160896 -0.000160896 8.77612e-05 0.00912717 -0.017367 8.28856e-05 -0.000160896 -0.017367 0.0875272 
0.0114504 -0.0200098 -0.000182535 0.000152935 -0.0200098 0.0940005 0.000152935 -0.000296002 -0.000182535 0.000152935 0.00908728 -0.0175036 0.000152935 -0.000296002 -0.0175036 0.0878683 
0.011468 -0.0200122 -0.000183053 0.000202843 -0.0200122 0.0939508 0.00020779 -0.000455159 -0.000183053 0.00020779 0.00902898 -0.0174346 0.000202843 -0.000455159 -0.0174346 0.0878804 
0.0114836 -0.0200304 -0.00010932 0.000188826 -0.0200304 0.0939705 0.000193795 -0.000482002 -0.00010932 0.000193795 0.00897915 -0.017357 0.000188826 -0.000482002 -0.017357 0.0877343 
0.0114896 -0.0200633 -6.45761e-05 9.93478e-05 -0.0200633 0.0940625 0.000109283 -0.000347717 -6.45761e-05 0.000109283 0.00897607 -0.0172865 9.93478e-05 -0.000347717 -0.0172865 0.0875552 
0.011492 -0.0200462 -2.49393e-05 3.4915e-05 -0.0200462 0.094051 4.48907e-05 -0.000159611 -2.49393e-05 4.48907e-05 0.00894821 -0.0172829 3.4915e-05 -0.000159611 -0.0172829 0.0874521 
0.0114913 -0.0200574 4.48489e-05 4.98321e-06 -0.0200574 0.0940481 9.96641e-06 -3.98657e-05 4.48489e-05 9.96641e-06 0.00893489 -0.0172369 4.98321e-06 -3.98657e-05 -0.0172369 0.0873606 
0.0114799 -0.0200848 7.97214e-05 -8.4704e-05 -0.0200848 0.094126 -8.4704e-05 0.00015446 7.97214e-05 -8.4704e-05 0.00893876 -0.0171949 -8.4704e-05 0.00015446 -0.0171949 0.0872102 
0.0114849 -0.0200673 8.49253e-05 -0.00012489 -0.0200673 0.0941422 -0.000134881 0.000294741 8.49253e-05 -0.000134881 0.00891715 -0.0171949 -0.00012489 0.000294741 -0.0171949 0.0871583 
0.0114432 -0.020018 6.55338e-05 -0.000120985 -0.020018 0.0939906 -0.000131068 0.000317587 6.55338e-05 -0.000131068 0.00888235 -0.0172051 -0.000120985 0.000317587 -0.0172051 0.087165 
0.0114242 -0.020029 0 -8.57447e-05 -0.020029 0.0940266 -9.58323e-05 0.000272365 0 -9.58323e-05 0.00889727 -0.0171338 -8.57447e-05 0.000272365 -0.0171338 0.087046 
0.0114222 -0.0199626 -2.00478e-05 5.01195e-06 -0.0199626 0.0938689 -5.01195e-06 8.52032e-05 -2.00478e-05 -5.01195e-06 0.00891125 -0.0171659 5.01195e-06 8.52032e-05 -0.0171659 0.0870526 
0.0114426 -0.0199946 -8.97067e-05 5.48207e-05 -0.0199946 0.0939129 5.48207e-05 -0.000109641 -8.97067e-05 5.48207e-05 0.00894575 -0.0171539 5.48207e-05 -0.000109641 -0.0171539 0.0870553 
0.0114319 -0.0199795 -0.000114968 0.000104971 -0.0199795 0.0938542 0.00010997 -0.000224938 -0.000114968 0.00010997 0.00896753 -0.0172403 0.000104971 -0.000224938 -0.0172403 0.087206 
0.0114335 -0.0199787 -0.000114734 0.0001297 -0.0199787 0.0938577 0.000139677 -0.000324249 -0.000114734 0.000139677 0.0089842 -0.017265 0.0001297 -0.000324249 -0.017265 0.0873278 
0.0114639 -0.0200071 -7.96103e-05 0.00011444 -0.0200071 0.0939153 0.000109464 -0.000293563 -7.96103e-05 0.000109464 0.00898601 -0.0172705 0.00011444 -0.000293563 -0.0172705 0.0873624 
0.0114718 -0.0200318 -7.00413e-05 5.50325e-05 -0.0200318 0.0939754 5.50325e-05 -0.000175103 -7.00413e-05 5.50325e-05 0.00896029 -0.0172752 5.50325e-05 -0.000175103 -0.0172752 0.0873715 
0.0114741 -0.0200384 -8.51418e-05 6.01001e-05 -0.0200384 0.0940065 6.51084e-05 -0.000155259 -8.51418e-05 6.51084e-05 0.00894489 -0.0172487 6.01001e-05 -0.000155259 -0.0172487 0.0873404 
0.0115065 -0.0200891 -0.000114369 7.95608e-05 -0.0200891 0.0941403 8.95059e-05 -0.000183984 -0.000114369 8.95059e-05 0.00896551 -0.017215 7.95608e-05 -0.000183984 -0.017215 0.0872583 
0.0115309 -0.0201331 -0.000124309 0.000109392 -0.0201331 0.0942659 0.000114364 -0.000233701 -0.000124309 0.000114364 0.00896515 -0.0172143 0.000109392 -0.000233701 -0.0172143 0.0871803 
0.0115027 -0.0200721 -0.00014516 0.000120132 -0.0200721 0.0941285 0.000125138 -0.000255281 -0.00014516 0.000125138 0.00892482 -0.017254 0.000120132 -0.000255281 -0.017254 0.087261 
0.0114511 -0.0200318 -0.000166764 0.000151603 -0.0200318 0.0939839 0.000141496 -0.000328474 -0.000166764 0.000141496 0.00888395 -0.0172171 0.000151603 -0.000328474 -0.0172171 0.0872375 
0.0114041 -0.0199949 -0.000221438 0.000191242 -0.0199949 0.09392 0.000176144 -0.000422746 -0.000221438 0.000176144 0.00890786 -0.0171413 0.000191242 -0.000422746 -0.0171413 0.0870756 
0.0113729 -0.0199479 -0.000256645 0.000261677 -0.0199479 0.0938315 0.000256645 -0.00057871 -0.000256645 0.000256645 0.00892722 -0.0171449 0.000261677 -0.00057871 -0.0171449 0.0870027 
0.011381 -0.0199595 -0.000306374 0.000296329 -0.0199595 0.0938509 0.000301352 -0.000703154 -0.000306374 0.000301352 0.00897023 -0.017167 0.000296329 -0.000703154 -0.017167 0.0870404 
0.0114399 -0.0200186 -0.000359525 0.000369512 -0.0200186 0.0940309 0.000374506 -0.00087884 -0.000359525 0.000374506 0.00900312 -0.0171873 0.000369512 -0.00087884 -0.0171873 0.0870501 
0.0114316 -0.0200003 -0.000379058 0.000399008 -0.0200003 0.0939515 0.000394021 -0.000947645 -0.000379058 0.000394021 0.00904253 -0.017302 0.000399008 -0.000947645 -0.017302 0.0872931 
0.0113987 -0.0199452 -0.00037332 0.000413141 -0.0199452 0.093778 0.000413141 -0.000980587 -0.00037332 0.000413141 0.0090891 -0.0174017 0.000413141 -0.000980587 -0.0174017 0.0876207 
0.0113896 -0.0199293 -0.000377995 0.000392916 -0.0199293 0.0937079 0.000392916 -0.000959908 -0.000377995 0.000392916 0.00909177 -0.0174226 0.000392916 -0.000959908 -0.0174226 0.0877445 
0.0113893 -0.0199213 -0.000383965 0.000408898 -0.0199213 0.0936925 0.000413885 -0.000962406 -0.000383965 0.000413885 0.00908053 -0.017423 0.000408898 -0.000962406 -0.017423 0.0877884 
0.0113594 -0.0199139 -0.000439203 0.000419239 -0.0199139 0.093665 0.000429221 -0.00100817 -0.000439203 0.000429221 0.00909849 -0.0174134 0.000419239 -0.00100817 -0.0174134 0.0877907 
0.0113322 -0.0198974 -0.000507637 0.00050266 -0.0198974 0.093659 0.000507637 -0.00116458 -0.000507637 0.000507637 0.00913747 -0.0174239 0.00050266 -0.00116458 -0.0174239 0.0878013 
0.0113275 -0.0198667 -0.000546744 0.000591478 -0.0198667 0.0936225 0.000606389 -0.00139668 -0.000546744 0.000606389 0.00915548 -0.017466 0.000591478 -0.00139668 -0.017466 0.0878419 
0.011355 -0.0199259 -0.000566755 0.000636357 -0.0199259 0.0937632 0.0006463 -0.00155609 -0.000566755 0.0006463 0.00914763 -0.0174451 0.000636357 -0.00155609 -0.0174451 0.0877824 
0.0113921 -0.0199837 -0.000505093 0.000630117 -0.0199837 0.0939324 0.000630117 -0.00155029 -0.000505093 0.000630117 0.00911169 -0.0174182 0.000630117 -0.00155029 -0.0174182 0.0876862 
0.011375 -0.0199703 -0.000466643 0.000546925 -0.0199703 0.0939156 0.000546925 -0.00139993 -0.000466643 0.000546925 0.00910204 -0.0174163 0.000546925 -0.00139993 -0.0174163 0.0876987 
0.0113696 -0.0199493 -0.000469984 0.000514982 -0.0199493 0.0938567 0.000519982 -0.00129995 -0.000469984 0.000519982 0.00913968 -0.0174294 0.000514982 -0.00129995 -0.0174294 0.0877419 
0.0113484 -0.0199143 -0.000501833 0.000516739 -0.0199143 0.0937534 0.000516739 -0.00124713 -0.000501833 0.000516739 0.00919697 -0.0174747 0.000516739 -0.00124713 -0.0174747 0.0878407 
0.0112998 -0.0198381 -0.000517472 0.000557278 -0.0198381 0.0935281 0.000552302 -0.00129368 -0.000517472 0.000552302 0.00922494 -0.0175742 0.000557278 -0.00129368 -0.0175742 0.0880797 
0.0113158 -0.0198262 -0.000512318 0.00057698 -0.0198262 0.0934856 0.00057698 -0.00136287 -0.000512318 0.00057698 0.00921675 -0.0175929 0.00057698 -0.00136287 -0.0175929 0.0881883 
0.0113496 -0.0198506 -0.000514755 0.000559734 -0.0198506 0.0935206 0.000569729 -0.00136935 -0.000514755 0.000569729 0.00917564 -0.0175717 0.000559734 -0.00136935 -0.0175717 0.0881681 
0.0114172 -0.0199417 -0.00054981 0.00056467 -0.0199417 0.0937401 0.00056467 -0.00134728 -0.00054981 0.00056467 0.0091635 -0.0174899 0.00056467 -0.00134728 -0.0174899 0.0880042 
0.0114549 -0.0199966 -0.000552994 0.000607305 -0.0199966 0.0938904 0.000602368 -0.00142692 -0.000552994 0.000602368 0.00914908 -0.0174736 0.000607305 -0.00142692 -0.0174736 0.0879013 
0.0114513 -0.0200027 -0.000514665 0.000603742 -0.0200027 0.0939116 0.000588896 -0.00143018 -0.000514665 0.000588896 0.00911057 -0.0174838 0.000603742 -0.00143018 -0.0174838 0.0878841 
0.0115143 -0.0200749 -0.000473394 0.000576949 -0.0200749 0.0941166 0.000562155 -0.00139553 -0.000473394 0.000562155 0.00907831 -0.017412 0.000576949 -0.00139553 -0.017412 0.0877702 
0.0115393 -0.0201282 -0.000435633 0.000524739 -0.0201282 0.0942551 0.000519789 -0.00131185 -0.000435633 0.000519789 0.00904433 -0.0173808 0.000524739 -0.00131185 -0.0173808 0.0876711 
0.011545 -0.0201406 -0.000411437 0.000475879 -0.0201406 0.0943281 0.000475879 -0.00118474 -0.000411437 0.000475879 0.00902683 -0.0173547 0.000475879 -0.00118474 -0.0173547 0.0875964 
0.0115694 -0.0201626 -0.000380054 0.000449154 -0.0201626 0.0943915 0.000449154 -0.00111055 -0.000380054 0.000449154 0.0090127 -0.0173196 0.000449154 -0.00111055 -0.0173196 0.0875061 
0.0115769 -0.0201994 -0.000372973 0.000402418 -0.0201994 0.0944653 0.000402418 -0.00101095 -0.000372973 0.000402418 0.0090446 -0.0173089 0.000402418 -0.00101095 -0.0173089 0.0874769 
0.0115767 -0.0202056 -0.000351401 0.000409968 -0.0202056 0.0944976 0.000409968 -0.000980995 -0.000351401 0.000409968 0.00909739 -0.0173602 0.000409968 -0.000980995 -0.0173602 0.0875477 
0.0115849 -0.0202151 -0.000316394 0.000389408 -0.0202151 0.094558 0.00038454 -0.000949182 -0.000316394 0.00038454 0.00913649 -0.0174309 0.000389408 -0.000949182 -0.0174309 0.087719 
0.0116223 -0.0202495 -0.000269601 0.000343129 -0.0202495 0.0946447 0.000338227 -0.000857822 -0.000269601 0.000338227 0.00910762 -0.0174751 0.000343129 -0.000857822 -0.0174751 0.0878312 
0.0116301 -0.0202567 -0.000260964 0.000275736 -0.0202567 0.094666 0.000275736 -0.000709035 -0.000260964 0.000275736 0.00907958 -0.01746 0.000275736 -0.000709035 -0.01746 0.0879006 
0.0116393 -0.0202466 -0.000232095 0.000241972 -0.0202466 0.0946307 0.000237034 -0.000567893 -0.000232095 0.000237034 0.00904184 -0.0174269 0.000241972 -0.000567893 -0.0174269 0.0878555 
0.0116691 -0.0202877 -0.000197447 0.000227064 -0.0202877 0.0947301 0.000227064 -0.000513362 -0.000197447 0.000227064 0.00901839 -0.0173605 0.000227064 -0.000513362 -0.0173605 0.0877158 
0.011678 -0.0203265 -0.000192738 0.000202622 -0.0203265 0.0948025 0.000192738 -0.000469491 -0.000192738 0.000192738 0.00900928 -0.0173316 0.000202622 -0.000469491 -0.0173316 0.087597 
0.0116254 -0.0203023 -0.000198216 0.000203171 -0.0203023 0.0947572 0.000203171 -0.000475719 -0.000198216 0.000203171 0.00905352 -0.0173389 0.000203171 -0.000475719 -0.0173389 0.0875917 
0.0115839 -0.0202545 -0.000188275 0.000203139 -0.0202545 0.0946877 0.000208094 -0.000485552 -0.000188275 0.000208094 0.00909172 -0.0173758 0.000203139 -0.000485552 -0.0173758 0.0876372 
0.0115701 -0.0201561 -0.000128888 0.00017846 -0.0201561 0.0944251 0.000188374 -0.000451107 -0.000128888 0.000188374 0.00907667 -0.0174445 0.00017846 -0.000451107 -0.0174445 0.0877824 
0.0115673 -0.02015 -0.000123741 0.00013364 -0.02015 0.0943302 0.00013859 -0.000376172 -0.000123741 0.00013859 0.00906774 -0.0174178 0.00013364 -0.000376172 -0.0174178 0.0877917 
0.011557 -0.0201183 -0.000133693 0.000113887 -0.0201183 0.0942141 0.000108935 -0.000292144 -0.000133693 0.000108935 0.00903667 -0.0174098 0.000113887 -0.000292144 -0.0174098 0.0877522 
0.011557 -0.0201051 -0.000192369 0.000172639 -0.0201051 0.0941475 0.000162774 -0.000389671 -0.000192369 0.000162774 0.00902656 -0.0173724 0.000172639 -0.000389671 -0.0173724 0.0877155 
0.0115995 -0.0201675 -0.00018701 0.000216538 -0.0201675 0.0943021 0.000201774 -0.000482288 -0.00018701 0.000201774 0.00899615 -0.0173328 0.000216538 -0.000482288 -0.0173328 0.0876042 
0.0116049 -0.0202294 -0.000177928 0.000217468 -0.0202294 0.09446 0.000217468 -0.000538727 -0.000177928 0.000217468 0.00900514 -0.0173035 0.000217468 -0.000538727 -0.0173035 0.0875159 
0.011537 -0.0201699 -0.000164388 0.000184313 -0.0201699 0.0943685 0.000179332 -0.0004832 -0.000164388 0.000179332 0.00900645 -0.0173454 0.000184313 -0.0004832 -0.0173454 0.0875638 
