0.00861163 0 0.000226271 0 0 0.00998922 0 0 0.000226271 0 0.00642877 0 0 0 0 0.00998922 
0.0119573 -0.0148104 0.000278641 -0.000345272 -0.0148104 0.0375741 -0.000345272 0.000636028 0.000278641 -0.000345272 0.00922544 -0.011497 -0.000345272 0.000636028 -0.011497 0.0312381 
0.0119513 -0.0218366 0.00025597 -0.000353482 -0.0218366 0.0788752 -0.000353482 0.0011092 0.00025597 -0.000353482 0.00937336 -0.018058 -0.000353482 0.0011092 -0.018058 0.0671372 
0.0112842 -0.0207942 0.000236566 -0.000289793 -0.0207942 0.0908236 -0.000283879 0.000898951 0.000236566 -0.000283879 0.00875886 -0.0181505 -0.000289793 0.000898951 -0.0181505 0.0828632 
0.0113205 -0.0199468 0.000237731 -0.000266033 -0.0199468 0.0924662 -0.000271693 0.000667912 0.000237731 -0.000271693 0.00855833 -0.0172865 -0.000266033 0.000667912 -0.0172865 0.0860871 
0.0115293 -0.0200183 0.000205205 -0.000248406 -0.0200183 0.0934059 -0.000259206 0.000550812 0.000205205 -0.000259206 0.008678 -0.0169402 -0.000248406 0.000550812 -0.0169402 0.086402 
0.0116268 -0.0201798 0.000187865 -0.000245268 -0.0201798 0.0941308 -0.000255705 0.000568813 0.000187865 -0.000255705 0.00883487 -0.0170122 -0.000245268 0.000568813 -0.0170122 0.0866057 
0.0116374 -0.0202292 0.000183346 -0.000229183 -0.0202292 0.0944283 -0.00022409 0.000539852 0.000183346 -0.00022409 0.00894321 -0.017148 -0.000229183 0.000539852 -0.017148 0.0869366 
0.0116306 -0.0202014 0.000199668 -0.000209651 -0.0202014 0.0944128 -0.000204659 0.000494177 0.000199668 -0.000204659 0.00901998 -0.0172663 -0.000209651 0.000494177 -0.0172663 0.0872298 
0.0116543 -0.0202202 0.000216733 -0.000256139 -0.0202202 0.0944314 -0.000241361 0.000586164 0.000216733 -0.000241361 0.0090683 -0.0173534 -0.000256139 0.000586164 -0.0173534 0.0874812 
0.011658 -0.0202328 0.000246261 -0.000280737 -0.0202328 0.0944458 -0.000270887 0.000664903 0.000246261 -0.000270887 0.00906731 -0.0174106 -0.000280737 0.000664903 -0.0174106 0.0876638 
0.0116422 -0.0202368 0.000291426 -0.000311183 -0.0202368 0.0944516 -0.000311183 0.000740913 0.000291426 -0.000311183 0.00902926 -0.0174114 -0.000311183 0.000740913 -0.0174114 0.0877389 
0.0116361 -0.0202648 0.000315023 -0.000334712 -0.0202648 0.0945708 -0.000334712 0.000797401 0.000315023 -0.000334712 0.00903229 -0.0173509 -0.000334712 0.000797401 -0.0173509 0.0876354 
0.0115981 -0.0202153 0.00033067 -0.000355347 -0.0202153 0.0944827 -0.000355347 0.000824207 0.00033067 -0.000355347 0.00902679 -0.0173725 -0.000355347 0.000824207 -0.0173725 0.0876325 
0.0115679 -0.0201708 0.000272712 -0.000376838 -0.0201708 0.0943881 -0.000376838 0.000872678 0.000272712 -0.000376838 0.00900941 -0.0173643 -0.000376838 0.000872678 -0.0173643 0.0876347 
0.0115676 -0.0201577 0.000203463 -0.000332488 -0.0201577 0.0943472 -0.000337451 0.000858514 0.000203463 -0.000337451 0.00897221 -0.0173192 -0.000332488 0.000858514 -0.0173192 0.0875585 
0.0115479 -0.0201529 0.000129026 -0.000243165 -0.0201529 0.0943134 -0.000248128 0.000694758 0.000129026 -0.000248128 0.00898719 -0.0172896 -0.000243165 0.000694758 -0.0172896 0.0874949 
0.0115066 -0.0201067 9.47253e-05 -0.000159537 -0.0201067 0.0941968 -0.000164523 0.000498554 9.47253e-05 -0.000164523 0.00897398 -0.0173048 -0.000159537 0.000498554 -0.0173048 0.0874713 
0.0114778 -0.0200687 0.000110267 -0.000125304 -0.0200687 0.0941232 -0.000130316 0.000380924 0.000110267 -0.000130316 0.00895672 -0.0172819 -0.000125304 0.000380924 -0.0172819 0.087427 
0.0114354 -0.0200397 0.000161488 -0.000141302 -0.0200397 0.0940517 -0.000146349 0.000348209 0.000161488 -0.000146349 0.00894745 -0.0172338 -0.000141302 0.000348209 -0.0172338 0.0873297 
0.0114028 -0.0199964 0.000171167 -0.000206408 -0.0199964 0.0939709 -0.000196339 0.000432953 0.000171167 -0.000196339 0.00897118 -0.0172174 -0.000206408 0.000432953 -0.0172174 0.0872551 
0.0113686 -0.019944 0.000181172 -0.000211368 -0.019944 0.0938321 -0.000201302 0.000473061 0.000181172 -0.000201302 0.00898815 -0.0172416 -0.000211368 0.000473061 -0.0172416 0.0872344 
0.0113434 -0.0198888 0.000161043 -0.000216401 -0.0198888 0.0936766 -0.000216401 0.000508291 0.000161043 -0.000216401 0.0089882 -0.0172618 -0.000216401 0.000508291 -0.0172618 0.087265 
0.0112964 -0.0197978 0.000167091 -0.000202535 -0.0197978 0.0933837 -0.000202535 0.000506337 0.000167091 -0.000202535 0.0089571 -0.0172914 -0.000202535 0.000506337 -0.0172914 0.0873532 
0.0113071 -0.0198178 0.0002322 -0.000201913 -0.0198178 0.0933949 -0.000201913 0.000494687 0.0002322 -0.000201913 0.00892456 -0.017203 -0.000201913 0.000494687 -0.017203 0.0872113 
0.0113353 -0.0198342 0.000211217 -0.000256477 -0.0198342 0.0934382 -0.000256477 0.000543128 0.000211217 -0.000256477 0.00890127 -0.0171538 -0.000256477 0.000543128 -0.0171538 0.0870464 
0.0113022 -0.0198165 0.000135626 -0.000246136 -0.0198165 0.0933759 -0.000246136 0.000577666 0.000135626 -0.000246136 0.00892619 -0.0171642 -0.000246136 0.000577666 -0.0171642 0.0870417 
0.0112592 -0.0198033 6.56072e-05 -0.000171588 -0.0198033 0.0933489 -0.000176635 0.000489531 6.56072e-05 -0.000176635 0.00892763 -0.0171739 -0.000171588 0.000489531 -0.0171739 0.0870305 
0.0112626 -0.0197665 5.05278e-05 -8.58972e-05 -0.0197665 0.0932995 -8.58972e-05 0.000303167 5.05278e-05 -8.58972e-05 0.00890299 -0.0171693 -8.58972e-05 0.000303167 -0.0171693 0.0870341 
0.0112633 -0.0197754 5.5734e-05 -5.5734e-05 -0.0197754 0.0933291 -6.58675e-05 0.000182402 5.5734e-05 -6.58675e-05 0.00887184 -0.0171205 -5.5734e-05 0.000182402 -0.0171205 0.0869349 
0.0112378 -0.0197806 7.11899e-05 -8.13599e-05 -0.0197806 0.0933148 -8.64449e-05 0.0002034 7.11899e-05 -8.64449e-05 0.00886315 -0.0170754 -8.13599e-05 0.0002034 -0.0170754 0.0868009 
0.0112505 -0.0197934 0.000101219 -7.59144e-05 -0.0197934 0.0933899 -9.10973e-05 0.000177134 0.000101219 -9.10973e-05 0.00887186 -0.0170352 -7.59144e-05 0.000177134 -0.0170352 0.0866892 
0.0112415 -0.0197814 8.60063e-05 -0.000111302 -0.0197814 0.0933674 -0.000116361 0.000227664 8.60063e-05 -0.000116361 0.00889406 -0.0170697 -0.000111302 0.000227664 -0.0170697 0.0867095 
0.0112161 -0.0197559 6.07097e-05 -0.000101183 -0.0197559 0.0933007 -9.10645e-05 0.000217543 6.07097e-05 -9.10645e-05 0.00890915 -0.0170999 -0.000101183 0.000217543 -0.0170999 0.0867491 
0.0111877 -0.0196886 7.08405e-05 -7.59006e-05 -0.0196886 0.09313 -6.57805e-05 0.000182161 7.08405e-05 -6.57805e-05 0.00891579 -0.0171485 -7.59006e-05 0.000182161 -0.0171485 0.086896 
0.0111897 -0.0196879 6.05938e-05 -6.56433e-05 -0.0196879 0.0930873 -6.05938e-05 0.000111089 6.05938e-05 -6.05938e-05 0.00892244 -0.0171481 -6.56433e-05 0.000111089 -0.0171481 0.0869319 
0.0111894 -0.0196682 2.51447e-05 -7.04052e-05 -0.0196682 0.0930254 -6.53762e-05 0.000130752 2.51447e-05 -6.53762e-05 0.00896157 -0.0171688 -7.04052e-05 0.000130752 -0.0171688 0.0870208 
0.0111855 -0.0196446 -1.50074e-05 -5.5027e-05 -0.0196446 0.0929305 -4.00196e-05 0.000125061 -1.50074e-05 -4.00196e-05 0.0089844 -0.0172334 -5.5027e-05 0.000125061 -0.0172334 0.0871627 
0.0112029 -0.0196648 -3.98678e-05 1.49504e-05 -0.0196648 0.0929668 2.49174e-05 -4.98348e-06 -3.98678e-05 2.49174e-05 0.00900515 -0.0172528 1.49504e-05 -4.98348e-06 -0.0172528 0.0872707 
0.0111989 -0.0196979 -6.48777e-05 5.48965e-05 -0.0196979 0.0930446 5.98871e-05 -0.000124765 -6.48777e-05 5.98871e-05 0.00902299 -0.0172774 5.48965e-05 -0.000124765 -0.0172774 0.0873503 
0.0112006 -0.019709 -8.03628e-05 9.04082e-05 -0.019709 0.0931255 8.03628e-05 -0.000200907 -8.03628e-05 8.03628e-05 0.00899562 -0.0172931 9.04082e-05 -0.000200907 -0.0172931 0.0873544 
0.0111663 -0.0196922 -0.000100779 8.06232e-05 -0.0196922 0.0931148 8.06232e-05 -0.000201558 -0.000100779 8.06232e-05 0.00900461 -0.0172685 8.06232e-05 -0.000201558 -0.0172685 0.0873502 
0.0111109 -0.0195982 -7.077e-05 8.088e-05 -0.0195982 0.0929058 8.088e-05 -0.00017187 -7.077e-05 8.088e-05 0.00900801 -0.0172982 8.088e-05 -0.00017187 -0.0172982 0.087406 
0.0111107 -0.0195666 5.06645e-06 2.53322e-05 -0.0195666 0.092797 3.03987e-05 -5.57309e-05 5.06645e-06 3.03987e-05 0.00898281 -0.0172766 2.53322e-05 -5.57309e-05 -0.0172766 0.0873709 
0.0111184 -0.0195698 7.08502e-05 -4.55466e-05 -0.0195698 0.0927682 -4.55466e-05 9.10931e-05 7.08502e-05 -4.55466e-05 0.00896761 -0.0172419 -4.55466e-05 9.10931e-05 -0.0172419 0.0872874 
0.0111575 -0.0196075 0.000151254 -0.000121003 -0.0196075 0.0928497 -0.000121003 0.000267215 0.000151254 -0.000121003 0.00895927 -0.0171976 -0.000121003 0.000267215 -0.0171976 0.0871626 
0.011147 -0.019612 0.000186877 -0.000232334 -0.019612 0.0928376 -0.000227283 0.000505073 0.000186877 -0.000227283 0.0089398 -0.0171876 -0.000232334 0.000505073 -0.0171876 0.0870999 
0.0111406 -0.0196492 0.00018728 -0.000258143 -0.0196492 0.0929669 -0.000253081 0.000637765 0.00018728 -0.000253081 0.00891858 -0.0171285 -0.000258143 0.000637765 -0.0171285 0.0869284 
0.0111392 -0.0196707 0.000208829 -0.000259763 -0.0196707 0.0930817 -0.000254669 0.000677421 0.000208829 -0.000254669 0.00888796 -0.0170781 -0.000259763 0.000677421 -0.0170781 0.0867608 
0.0111374 -0.0196774 0.000174181 -0.000230534 -0.0196774 0.0931511 -0.000235657 0.000594265 0.000174181 -0.000235657 0.00887812 -0.0170441 -0.000230534 0.000594265 -0.0170441 0.0866347 
0.0111349 -0.0196452 0.000148944 -0.000190032 -0.0196452 0.0930798 -0.000190032 0.000503328 0.000148944 -0.000190032 0.00887501 -0.0170618 -0.000190032 0.000503328 -0.0170618 0.0866752 
0.0111436 -0.0196301 0.000159636 -0.000185384 -0.0196301 0.092975 -0.000185384 0.000473758 0.000159636 -0.000185384 0.00887266 -0.017081 -0.000185384 0.000473758 -0.017081 0.0867337 
0.0111452 -0.0196078 0.000179184 -0.000209901 -0.0196078 0.0928736 -0.000215021 0.000522193 0.000179184 -0.000215021 0.00889264 -0.017089 -0.000209901 0.000522193 -0.017089 0.0867865 
0.0111414 -0.019602 0.000250195 -0.000224665 -0.019602 0.0928378 -0.000224665 0.000556557 0.000250195 -0.000224665 0.00891002 -0.0171001 -0.000224665 0.000556557 -0.0171001 0.0868025 
0.0111096 -0.019547 0.000323133 -0.000323133 -0.019547 0.0926726 -0.000312875 0.000712945 0.000323133 -0.000312875 0.00890925 -0.0171466 -0.000323133 0.000712945 -0.0171466 0.0869126 
0.0110918 -0.0195096 0.000339387 -0.00039081 -0.0195096 0.0925551 -0.000395952 0.000899891 0.000339387 -0.000395952 0.0088755 -0.0171391 -0.00039081 0.000899891 -0.0171391 0.0869346 
0.0110701 -0.0195168 0.000360088 -0.00043725 -0.0195168 0.0925374 -0.000426961 0.00105454 0.000360088 -0.000426961 0.00885302 -0.0170785 -0.00043725 0.00105454 -0.0170785 0.0868069 
0.0110964 -0.0195395 0.000344512 -0.000447351 -0.0195395 0.0926326 -0.000447351 0.00110552 0.000344512 -0.000447351 0.0088339 -0.0170148 -0.000447351 0.00110552 -0.0170148 0.0866268 
0.0111573 -0.0196277 0.000333282 -0.000405066 -0.0196277 0.0928626 -0.000405066 0.00104599 0.000333282 -0.000405066 0.00879865 -0.0169512 -0.000405066 0.00104599 -0.0169512 0.0864175 
0.0112091 -0.019704 0.000321427 -0.000372447 -0.019704 0.0931118 -0.000377549 0.000933669 0.000321427 -0.000377549 0.00881118 -0.0169183 -0.000372447 0.000933669 -0.0169183 0.0863108 
0.0112214 -0.0197553 0.000319452 -0.000360017 -0.0197553 0.0932697 -0.000360017 0.000862012 0.000319452 -0.000360017 0.00886858 -0.0169563 -0.000360017 0.000862012 -0.0169563 0.0863331 
0.0112549 -0.0197616 0.000368103 -0.000388273 -0.0197616 0.0933217 -0.000388273 0.000922779 0.000368103 -0.000388273 0.00891011 -0.0170538 -0.000388273 0.000922779 -0.0170538 0.0865647 
0.0112528 -0.0197265 0.000408552 -0.000433772 -0.0197265 0.0931802 -0.000428728 0.00100877 0.000408552 -0.000428728 0.00891249 -0.0171592 -0.000433772 0.00100877 -0.0171592 0.0868754 
0.0112727 -0.0197398 0.000438999 -0.000494505 -0.0197398 0.0931688 -0.000499551 0.00115048 0.000438999 -0.000499551 0.008891 -0.0171563 -0.000494505 0.00115048 -0.0171563 0.0869925 
0.0112622 -0.0197266 0.000462065 -0.000548385 -0.0197266 0.0931086 -0.00055854 0.00132019 0.000462065 -0.00055854 0.00885032 -0.0171573 -0.000548385 0.00132019 -0.0171573 0.0870409 
0.0112824 -0.0197722 0.000479018 -0.000570744 -0.0197722 0.0932199 -0.000580936 0.00143196 0.000479018 -0.000580936 0.00881086 -0.0170714 -0.000570744 0.00143196 -0.0170714 0.0868907 
0.0113157 -0.0198062 0.000462382 -0.000553842 -0.0198062 0.0933351 -0.000558923 0.00139223 0.000462382 -0.000558923 0.00879542 -0.0170116 -0.000553842 0.00139223 -0.0170116 0.0867246 
0.0113353 -0.0198292 0.000476956 -0.000527696 -0.0198292 0.0934175 -0.00053277 0.00131924 0.000476956 -0.00053277 0.00878818 -0.0169979 -0.000527696 0.00131924 -0.0169979 0.0866437 
0.0113939 -0.0199154 0.000533223 -0.000568436 -0.0199154 0.093636 -0.000568436 0.0013733 0.000533223 -0.000568436 0.00880322 -0.0169625 -0.000568436 0.0013733 -0.0169625 0.0865281 
0.0114016 -0.0199691 0.000543885 -0.000623721 -0.0199691 0.0938177 -0.000618732 0.00147198 0.000543885 -0.000618732 0.00887181 -0.0169902 -0.000623721 0.00147198 -0.0169902 0.0865326 
0.0113432 -0.0199495 0.000555403 -0.000645468 -0.0199495 0.093813 -0.000645468 0.00156113 0.000555403 -0.000645468 0.00893648 -0.0170924 -0.000645468 0.00156113 -0.0170924 0.0867279 
0.0113114 -0.0198468 0.000555225 -0.000676365 -0.0198468 0.0936008 -0.00066627 0.00163539 0.000555225 -0.00066627 0.00890378 -0.0171968 -0.000676365 0.00163539 -0.0171968 0.0869886 
0.0113071 -0.0198343 0.000546874 -0.000648147 -0.0198343 0.0935054 -0.000648147 0.00160518 0.000546874 -0.000648147 0.00886645 -0.0171506 -0.000648147 0.00160518 -0.0171506 0.087029 
0.0112976 -0.0198177 0.000558532 -0.00062454 -0.0198177 0.0934271 -0.000634695 0.00155881 0.000558532 -0.000634695 0.00882988 -0.0171012 -0.00062454 0.00155881 -0.0171012 0.0869075 
0.0112952 -0.0197956 0.000601399 -0.000672152 -0.0197956 0.0933583 -0.000682259 0.00164248 0.000601399 -0.000682259 0.00882894 -0.0170514 -0.000672152 0.00164248 -0.0170514 0.0868086 
0.011339 -0.0198244 0.000626877 -0.000717148 -0.0198244 0.0934298 -0.000727178 0.00175526 0.000626877 -0.000727178 0.00882142 -0.017026 -0.000717148 0.00175526 -0.017026 0.0867047 
0.0113713 -0.019896 0.000681574 -0.00076176 -0.019896 0.0935962 -0.000766771 0.00186932 0.000681574 -0.000766771 0.00883541 -0.0170243 -0.00076176 0.00186932 -0.0170243 0.0866652 
0.0113786 -0.019934 0.000709591 -0.000810242 -0.019934 0.0937113 -0.000810242 0.00195767 0.000709591 -0.000810242 0.00883214 -0.0170403 -0.000810242 0.00195767 -0.0170403 0.0866959 
0.011355 -0.0199156 0.000713801 -0.000820112 -0.0199156 0.0937003 -0.000830237 0.00201991 0.000713801 -0.000830237 0.00883392 -0.0170654 -0.000820112 0.00201991 -0.0170654 0.0867597 
0.011382 -0.019954 0.000725325 -0.000831841 -0.019954 0.0938408 -0.000826769 0.00202888 0.000725325 -0.000826769 0.00881042 -0.0170223 -0.000831841 0.00202888 -0.0170223 0.086689 
0.0114402 -0.0199925 0.000667597 -0.000864842 -0.0199925 0.0939593 -0.000854727 0.00209383 0.000667597 -0.000854727 0.00881532 -0.0170035 -0.000864842 0.00209383 -0.0170035 0.0866359 
0.0114618 -0.0200266 0.000634805 -0.00078595 -0.0200266 0.0940117 -0.000775873 0.00198503 0.000634805 -0.000775873 0.00885201 -0.0170339 -0.00078595 0.00198503 -0.0170339 0.0866963 
0.011479 -0.0200189 0.000646422 -0.000732275 -0.0200189 0.0939686 -0.000727225 0.00183826 0.000646422 -0.000727225 0.00884285 -0.0170948 -0.000732275 0.00183826 -0.0170948 0.0868276 
0.0115148 -0.0200642 0.000663447 -0.000738838 -0.0200642 0.0940385 -0.000733812 0.00177422 0.000663447 -0.000733812 0.0088359 -0.0170787 -0.000738838 0.00177422 -0.0170787 0.0868512 
0.0115105 -0.0200644 0.00069274 -0.000768038 -0.0200644 0.0940419 -0.000763018 0.00182723 0.00069274 -0.000763018 0.00885 -0.0170926 -0.000768038 0.00182723 -0.0170926 0.0868836 
0.011486 -0.0200605 0.000699147 -0.000799025 -0.0200605 0.0940403 -0.000804019 0.00191766 0.000699147 -0.000804019 0.00888916 -0.0171091 -0.000799025 0.00191766 -0.0171091 0.0869389 
0.0115357 -0.0200921 0.000644454 -0.000803089 -0.0200921 0.0941498 -0.000803089 0.00193336 0.000644454 -0.000803089 0.00889843 -0.0171326 -0.000803089 0.00193336 -0.0171326 0.0869567 
0.0115491 -0.0201278 0.00064079 -0.000750072 -0.0201278 0.094211 -0.000755039 0.00187766 0.00064079 -0.000755039 0.00888661 -0.0171523 -0.000750072 0.00187766 -0.0171523 0.0870084 
0.0115497 -0.0201262 0.000636401 -0.000735839 -0.0201262 0.0942271 -0.000740811 0.00180479 0.000636401 -0.000740811 0.0088947 -0.0171828 -0.000735839 0.00180479 -0.0171828 0.0871323 
0.0115458 -0.0201541 0.000658338 -0.000743124 -0.0201541 0.0943218 -0.000753098 0.00180544 0.000658338 -0.000753098 0.00890252 -0.0171716 -0.000743124 0.00180544 -0.0171716 0.087135 
0.0115493 -0.0201689 0.000683776 -0.000793579 -0.0201689 0.094396 -0.000793579 0.0019016 0.000683776 -0.000793579 0.00892902 -0.0171743 -0.000793579 0.0019016 -0.0171743 0.087134 
0.0115193 -0.02014 0.000723383 -0.000808194 -0.02014 0.0943392 -0.000793227 0.00195064 0.000723383 -0.000793227 0.00895997 -0.0172165 -0.000808194 0.00195064 -0.0172165 0.0872101 
0.0115754 -0.0201689 0.000724393 -0.00083851 -0.0201689 0.0944242 -0.000823625 0.0019896 0.000724393 -0.000823625 0.00897553 -0.0172267 -0.00083851 0.0019896 -0.0172267 0.0872497 
0.0115839 -0.0201654 0.000736974 -0.000845789 -0.0201654 0.0943723 -0.000835897 0.00204275 0.000736974 -0.000835897 0.00900691 -0.0172966 -0.000845789 0.00204275 -0.0172966 0.0874329 
0.0115414 -0.0201365 0.00073034 -0.000829706 -0.0201365 0.0942487 -0.000829706 0.00198235 0.00073034 -0.000829706 0.0089976 -0.0173443 -0.000829706 0.00198235 -0.0173443 0.0875514 
0.0114831 -0.0200704 0.00071894 -0.000818792 -0.0200704 0.0940912 -0.000818792 0.00195212 0.00071894 -0.000818792 0.00897676 -0.0173394 -0.000818792 0.00195212 -0.0173394 0.0875858 
0.0114717 -0.0200555 0.000693288 -0.000812992 -0.0200555 0.0940527 -0.000812992 0.00195517 0.000693288 -0.000812992 0.00896785 -0.0172823 -0.000812992 0.00195517 -0.0172823 0.0874889 
0.0114536 -0.0200263 0.000677844 -0.000807432 -0.0200263 0.0939911 -0.000802448 0.00194382 0.000677844 -0.000802448 0.00897645 -0.0172651 -0.000807432 0.00194382 -0.0172651 0.087407 
0.0114353 -0.0199592 0.000650299 -0.000785361 -0.0199592 0.0938132 -0.000785361 0.00191088 0.000650299 -0.000785361 0.00893411 -0.017283 -0.000785361 0.00191088 -0.017283 0.0874052 
0.0114114 -0.0199737 0.000709752 -0.000770156 -0.0199737 0.0938181 -0.00077519 0.00190777 0.000709752 -0.00077519 0.00890462 -0.0172153 -0.000770156 0.00190777 -0.0172153 0.0872995 
0.0114299 -0.0199861 0.000740967 -0.000821071 -0.0199861 0.0938625 -0.000826078 0.00197257 0.000740967 -0.000826078 0.00890662 -0.0171624 -0.000821071 0.00197257 -0.0171624 0.0871537 
0.0114546 -0.0200157 0.000705969 -0.000865061 -0.0200157 0.0939386 -0.000870032 0.00206322 0.000705969 -0.000870032 0.00892404 -0.0171471 -0.000865061 0.00206322 -0.0171471 0.0870629 
0.0114552 -0.0200403 0.000649341 -0.000798045 -0.0200403 0.0939958 -0.000803002 0.00197776 0.000649341 -0.000803002 0.00893711 -0.0171654 -0.000798045 0.00197776 -0.0171654 0.0870315 
0.0114583 -0.0200371 0.000610646 -0.000729797 -0.0200371 0.0940395 -0.000739726 0.00183194 0.000610646 -0.000739726 0.00893132 -0.0171924 -0.000729797 0.00183194 -0.0171924 0.0870841 
0.0114531 -0.0200317 0.000627703 -0.000717374 -0.0200317 0.0940109 -0.000727338 0.00177849 0.000627703 -0.000727338 0.00891736 -0.017207 -0.000717374 0.00177849 -0.017207 0.087166 
0.0114554 -0.0200756 0.000673844 -0.00072875 -0.0200756 0.0941485 -0.000738733 0.00177695 0.000673844 -0.000738733 0.00892969 -0.0171706 -0.00072875 0.00177695 -0.0171706 0.0871156 
0.0114525 -0.0200281 0.00069424 -0.000789136 -0.0200281 0.094067 -0.000789136 0.00188294 0.00069424 -0.000789136 0.00893022 -0.0172062 -0.000789136 0.00188294 -0.0172062 0.0871546 
0.0114222 -0.0199599 0.000704764 -0.000815513 -0.0199599 0.0938545 -0.000810479 0.00194314 0.000704764 -0.000810479 0.00889513 -0.0172265 -0.000815513 0.00194314 -0.0172265 0.0872347 
0.0113796 -0.0199218 0.000703004 -0.00081427 -0.0199218 0.0936917 -0.000809213 0.00195223 0.000703004 -0.000809213 0.008871 -0.0171806 -0.00081427 0.00195223 -0.0171806 0.0871927 
0.0113415 -0.0198843 0.000656748 -0.000823461 -0.0198843 0.0935866 -0.000828513 0.0019955 0.000656748 -0.000828513 0.0088661 -0.017126 -0.000823461 0.0019955 -0.017126 0.0870646 
0.011336 -0.0198632 0.000619151 -0.000755063 -0.0198632 0.0935422 -0.00076513 0.00191283 0.000619151 -0.00076513 0.00886947 -0.0171047 -0.000755063 0.00191283 -0.0171047 0.0869581 
0.0113525 -0.0198769 0.00061392 -0.000719595 -0.0198769 0.0935574 -0.000734691 0.0018166 0.00061392 -0.000734691 0.00887165 -0.0171042 -0.000719595 0.0018166 -0.0171042 0.0868948 
0.0113351 -0.019854 0.000605614 -0.000711596 -0.019854 0.0934866 -0.000716643 0.00176133 0.000605614 -0.000716643 0.00884701 -0.0171136 -0.000711596 0.00176133 -0.0171136 0.0868955 
0.0113324 -0.0198772 0.000537223 -0.000689267 -0.0198772 0.0935477 -0.000689267 0.00168769 0.000537223 -0.000689267 0.0088287 -0.0170594 -0.000689267 0.00168769 -0.0170594 0.0867919 
0.01132 -0.0198846 0.000491291 -0.000617912 -0.0198846 0.0936036 -0.000612848 0.00154985 0.000491291 -0.000612848 0.00883311 -0.017023 -0.000617912 0.00154985 -0.017023 0.0866901 
0.011324 -0.0198764 0.000490588 -0.000576567 -0.0198764 0.0936163 -0.000576567 0.00144142 0.000490588 -0.000576567 0.0088407 -0.0170239 -0.000576567 0.00144142 -0.0170239 0.0866267 
0.0113359 -0.0198518 0.000464133 -0.000585211 -0.0198518 0.0935581 -0.000580166 0.00142771 0.000464133 -0.000580166 0.00884375 -0.0170569 -0.000585211 0.00142771 -0.0170569 0.0867021 
0.0113271 -0.0198487 0.000446659 -0.000542014 -0.0198487 0.0935024 -0.000542014 0.00136005 0.000446659 -0.000542014 0.00889304 -0.0170935 -0.000542014 0.00136005 -0.0170935 0.0868476 
0.0113245 -0.0198304 0.000415532 -0.000510654 -0.0198304 0.0934396 -0.00051566 0.00127163 0.000415532 -0.00051566 0.00892643 -0.017167 -0.000510654 0.00127163 -0.017167 0.0870064 
0.0113539 -0.0198606 0.000412416 -0.000467074 -0.0198606 0.0935141 -0.000467074 0.00116272 0.000412416 -0.000467074 0.00895887 -0.0171824 -0.000467074 0.00116272 -0.0171824 0.0870944 
0.0113467 -0.0198555 0.000423942 -0.000463843 -0.0198555 0.0934917 -0.000463843 0.00111721 0.000423942 -0.000463843 0.00894269 -0.017227 -0.000463843 0.00111721 -0.017227 0.0871925 
0.0113105 -0.0198235 0.000406816 -0.00049722 -0.0198235 0.093392 -0.000487175 0.00116018 0.000406816 -0.000487175 0.0089148 -0.017237 -0.00049722 0.00116018 -0.017237 0.0872646 
0.0113001 -0.0198279 0.000361604 -0.000472094 -0.0198279 0.0934344 -0.000467071 0.0011501 0.000361604 -0.000467071 0.00890449 -0.0171762 -0.000472094 0.0011501 -0.0171762 0.0871817 
0.0112805 -0.0198114 0.000343055 -0.000433864 -0.0198114 0.0933967 -0.000433864 0.00108466 0.000343055 -0.000433864 0.00890429 -0.0171679 -0.000433864 0.00108466 -0.0171679 0.0871259 
0.0112301 -0.0197604 0.000314059 -0.000364714 -0.0197604 0.0932756 -0.000369779 0.00091685 0.000314059 -0.000369779 0.00891016 -0.0171618 -0.000364714 0.00091685 -0.0171618 0.0870704 
0.0112033 -0.019721 0.000334426 -0.000359761 -0.019721 0.0931934 -0.000359761 0.000861401 0.000334426 -0.000359761 0.00890283 -0.0171368 -0.000359761 0.000861401 -0.0171368 0.0870116 
0.0111884 -0.0196814 0.000366166 -0.000411937 -0.0196814 0.0930927 -0.000411937 0.000966272 0.000366166 -0.000411937 0.00887445 -0.0171183 -0.000411937 0.000966272 -0.0171183 0.0869035 
0.0111762 -0.0197002 0.000388383 -0.000470148 -0.0197002 0.0931455 -0.000465038 0.00111405 0.000388383 -0.000465038 0.00884594 -0.0170429 -0.000470148 0.00111405 -0.0170429 0.0867066 
0.0111914 -0.0197194 0.000410926 -0.00048195 -0.0197194 0.0932243 -0.00048195 0.00119219 0.000410926 -0.00048195 0.00884251 -0.01699 -0.00048195 0.00119219 -0.01699 0.0865277 
0.0111945 -0.0196815 0.000399804 -0.000495959 -0.0196815 0.0931289 -0.00050102 0.00122978 0.000399804 -0.00050102 0.00884629 -0.0170245 -0.000495959 0.00122978 -0.0170245 0.0865297 
0.0111678 -0.0196513 0.000400118 -0.000476089 -0.0196513 0.0929944 -0.000486219 0.00121048 0.000400118 -0.000486219 0.0088583 -0.017048 -0.000476089 0.00121048 -0.017048 0.086628 
0.0111453 -0.0196184 0.000405653 -0.00046143 -0.0196184 0.0928843 -0.000476642 0.00117639 0.000405653 -0.000476642 0.00885337 -0.0170628 -0.00046143 0.00117639 -0.0170628 0.0866981 
0.0111181 -0.0195482 0.000401431 -0.000467489 -0.0195482 0.0927102 -0.000477652 0.00115856 0.000401431 -0.000477652 0.00883656 -0.0170735 -0.000467489 0.00115856 -0.0170735 0.086765 
0.0111013 -0.019524 0.000427755 -0.000478678 -0.019524 0.0925937 -0.000488863 0.00118651 0.000427755 -0.000488863 0.00880972 -0.0170542 -0.000478678 0.00118651 -0.0170542 0.086763 
0.0110993 -0.0195746 0.00042965 -0.000501258 -0.0195746 0.0927277 -0.000501258 0.00122246 0.00042965 -0.000501258 0.00879759 -0.0169712 -0.000501258 0.00122246 -0.0169712 0.0865642 
0.0111183 -0.0196054 0.000450464 -0.000522129 -0.0196054 0.0928571 -0.000522129 0.00126949 0.000450464 -0.000522129 0.00877893 -0.0169385 -0.000522129 0.00126949 -0.0169385 0.086397 
0.0111145 -0.0195925 0.00045052 -0.000522193 -0.0195925 0.0928429 -0.000522193 0.00124917 0.00045052 -0.000522193 0.00878513 -0.0169354 -0.000522193 0.00124917 -0.0169354 0.0863615 
0.0110441 -0.0195478 0.000513199 -0.000533727 -0.0195478 0.0927198 -0.000538859 0.00130353 0.000513199 -0.000538859 0.00882703 -0.0169612 -0.000533727 0.00130353 -0.0169612 0.0864125 
0.0110111 -0.0194842 0.000567949 -0.000608883 -0.0194842 0.0925911 -0.000613999 0.00143266 0.000567949 -0.000613999 0.00886205 -0.0170027 -0.000608883 0.00143266 -0.0170027 0.0864971 
0.0110015 -0.019478 0.000585459 -0.000687278 -0.019478 0.0925738 -0.000672005 0.00159856 0.000585459 -0.000672005 0.00890407 -0.017014 -0.000687278 0.00159856 -0.017014 0.0865105 
0.0109912 -0.0194319 0.000600723 -0.000722904 -0.0194319 0.0924604 -0.000707631 0.00174108 0.000600723 -0.000707631 0.00891412 -0.017085 -0.000722904 0.00174108 -0.017085 0.0866365 
0.0109842 -0.0194175 0.000566301 -0.000729558 -0.0194175 0.0923784 -0.000719355 0.00178563 0.000566301 -0.000719355 0.00889755 -0.0171013 -0.000729558 0.00178563 -0.0171013 0.0867409 
0.0109659 -0.0194146 0.000502412 -0.000656212 -0.0194146 0.0923567 -0.000656212 0.00167642 0.000502412 -0.000656212 0.00889474 -0.0170871 -0.000656212 0.00167642 -0.0170871 0.0867532 
0.0109431 -0.0193715 0.00048853 -0.000575951 -0.0193715 0.0922704 -0.000586236 0.00150673 0.00048853 -0.000586236 0.0088861 -0.0170831 -0.000575951 0.00150673 -0.0170831 0.0867526 
0.0109461 -0.01937 0.000518795 -0.000549614 -0.01937 0.0922633 -0.000565024 0.00138174 0.000518795 -0.000565024 0.00887088 -0.0170535 -0.000549614 0.00138174 -0.0170535 0.0866644 
0.0109384 -0.0193752 0.000525045 -0.000591963 -0.0193752 0.0922535 -0.00059711 0.00140012 0.000525045 -0.00059711 0.008864 -0.0170228 -0.000591963 0.00140012 -0.0170228 0.0865707 
0.0109459 -0.0193737 0.000493335 -0.000616669 -0.0193737 0.0922588 -0.000616669 0.00146973 0.000493335 -0.000616669 0.00885947 -0.0170046 -0.000616669 0.00146973 -0.0170046 0.086498 
0.0109709 -0.0193574 0.000434136 -0.000572039 -0.0193574 0.0922157 -0.000561824 0.00141477 0.000434136 -0.000561824 0.00884106 -0.0170028 -0.000572039 0.00141477 -0.0170028 0.08648 
0.0110259 -0.0194043 0.000404994 -0.000506242 -0.0194043 0.092298 -0.00050118 0.00129598 0.000404994 -0.00050118 0.00883392 -0.0169895 -0.000506242 0.00129598 -0.0169895 0.0864712 
0.0110325 -0.0194883 0.000405795 -0.000456519 -0.0194883 0.0924806 -0.000451447 0.00114637 0.000405795 -0.000451447 0.00884125 -0.0169724 -0.000456519 0.00114637 -0.0169724 0.0864343 
