0.00752082 0 0.00166286 0 0 0.00998406 0 0 0.00166286 0 0.00696193 0 0 0 0 0.00998406 
0.0105687 -0.013112 0.00205345 -0.00250559 -0.013112 0.0343247 -0.00250559 0.00481651 0.00205345 -0.00250559 0.00987792 -0.012283 -0.00250559 0.00481651 -0.012283 0.0327359 
0.0106507 -0.0197417 0.00182074 -0.00285207 -0.0197417 0.0722566 -0.00285207 0.00893818 0.00182074 -0.00285207 0.00988038 -0.0186658 -0.00285207 0.00893818 -0.0186658 0.0689207 
0.0101494 -0.0192252 0.00170904 -0.00206689 -0.0192252 0.0855077 -0.00207306 0.00674363 0.00170904 -0.00207306 0.00921773 -0.0185157 -0.00206689 0.00674363 -0.0185157 0.0835148 
0.0102243 -0.0186728 0.00183409 -0.00192143 -0.0186728 0.0887352 -0.00193308 0.00503066 0.00183409 -0.00193308 0.00909477 -0.0176946 -0.00192143 0.00503066 -0.0176946 0.0866391 
0.0103944 -0.0187553 0.00195033 -0.0021221 -0.0187553 0.0901752 -0.00215534 0.00499219 0.00195033 -0.00215534 0.00926408 -0.0174477 -0.0021221 0.00499219 -0.0174477 0.087222 
0.0104411 -0.0188488 0.00200646 -0.00227542 -0.0188488 0.0908661 -0.00229155 0.00538999 0.00200646 -0.00229155 0.00944056 -0.0175901 -0.00227542 0.00538999 -0.0175901 0.0876977 
0.0104675 -0.0188614 0.00197905 -0.00233077 -0.0188614 0.091089 -0.00235177 0.00563794 0.00197905 -0.00235177 0.00953306 -0.017738 -0.00233077 0.00563794 -0.017738 0.0881178 
0.0104376 -0.0188827 0.0019306 -0.00228162 -0.0188827 0.0911512 -0.00228162 0.00562146 0.0019306 -0.00228162 0.00962204 -0.0177935 -0.00228162 0.00562146 -0.0177935 0.0883328 
0.0103618 -0.0187779 0.00190456 -0.00218767 -0.0187779 0.0909194 -0.00218767 0.00540482 0.00190456 -0.00218767 0.00966691 -0.0179286 -0.00218767 0.00540482 -0.0179286 0.0886288 
0.010366 -0.0187121 0.00187634 -0.00219419 -0.0187121 0.0907306 -0.00218906 0.00534192 0.00187634 -0.00218906 0.00965852 -0.0179892 -0.00219419 0.00534192 -0.0179892 0.0888491 
0.0103665 -0.0187579 0.00184202 -0.00216949 -0.0187579 0.0907858 -0.00215414 0.0052958 0.00184202 -0.00215414 0.00965012 -0.0179443 -0.00216949 0.0052958 -0.0179443 0.0888159 
0.0104047 -0.0187815 0.00179357 -0.00211967 -0.0187815 0.0908655 -0.00211457 0.00521255 0.00179357 -0.00211457 0.00962513 -0.0179204 -0.00211967 0.00521255 -0.0179204 0.0887357 
0.0104486 -0.0187504 0.00171339 -0.00204995 -0.0187504 0.0907691 -0.00204995 0.00506369 0.00171339 -0.00204995 0.00956135 -0.01796 -0.00204995 0.00506369 -0.01796 0.0888415 
0.010471 -0.0188265 0.0016925 -0.00196778 -0.0188265 0.0908748 -0.00196778 0.00485828 0.0016925 -0.00196778 0.00952794 -0.0178681 -0.00196778 0.00485828 -0.0178681 0.0887388 
0.0104903 -0.0188928 0.0016754 -0.00192493 -0.0188928 0.0910725 -0.00192493 0.00470029 0.0016754 -0.00192493 0.00951261 -0.017803 -0.00192493 0.00470029 -0.017803 0.088562 
0.0105147 -0.0189447 0.00171028 -0.00194304 -0.0189447 0.0912927 -0.0019481 0.00473111 0.00171028 -0.0019481 0.00954318 -0.0177758 -0.00194304 0.00473111 -0.0177758 0.0884591 
0.0105583 -0.0189505 0.00171774 -0.00198472 -0.0189505 0.0913423 -0.00197968 0.00479556 0.00171774 -0.00197968 0.00954578 -0.0178272 -0.00198472 0.00479556 -0.0178272 0.0885315 
0.01062 -0.0190174 0.00170966 -0.00198119 -0.0190174 0.0914668 -0.00197114 0.00481219 0.00170966 -0.00197114 0.00950872 -0.0178257 -0.00198119 0.00481219 -0.0178257 0.0885453 
0.0106476 -0.0190814 0.00170684 -0.00197792 -0.0190814 0.091637 -0.00197792 0.00483938 0.00170684 -0.00197792 0.00950306 -0.0178013 -0.00197792 0.00483938 -0.0178013 0.0885296 
0.0106226 -0.0191034 0.00169718 -0.00194974 -0.0191034 0.0917136 -0.00194469 0.00475818 0.00169718 -0.00194469 0.0095012 -0.0178002 -0.00194974 0.00475818 -0.0178002 0.0885263 
0.0105865 -0.0190598 0.00169669 -0.0019456 -0.0190598 0.0916517 -0.00195576 0.00474971 0.00169669 -0.00195576 0.00951467 -0.0178254 -0.0019456 0.00474971 -0.0178254 0.0886037 
0.01058 -0.0190118 0.00168433 -0.00197178 -0.0190118 0.0915491 -0.00196674 0.00480086 0.00168433 -0.00196674 0.00955632 -0.0178469 -0.00197178 0.00480086 -0.0178469 0.0886847 
0.0106106 -0.0190125 0.00162001 -0.001942 -0.0190125 0.0915156 -0.00194703 0.00475941 0.00162001 -0.00194703 0.00954398 -0.0178704 -0.001942 0.00475941 -0.0178704 0.0887082 
0.0106111 -0.0190337 0.00158614 -0.00186221 -0.0190337 0.0915292 -0.00186723 0.00461787 0.00158614 -0.00186723 0.00955699 -0.0178742 -0.00186221 0.00461787 -0.0178742 0.0887334 
0.0106104 -0.0190512 0.00157285 -0.00182066 -0.0190512 0.0915744 -0.00180549 0.00445051 0.00157285 -0.00180549 0.00952814 -0.0178729 -0.00182066 0.00445051 -0.0178729 0.088722 
0.0105843 -0.0190142 0.001541 -0.00179446 -0.0190142 0.0915072 -0.00178432 0.00435435 0.001541 -0.00178432 0.00952989 -0.0178736 -0.00179446 0.00435435 -0.0178736 0.0887598 
0.01056 -0.0189785 0.00149549 -0.00176 -0.0189785 0.0914233 -0.00174983 0.00426774 0.00149549 -0.00174983 0.00953757 -0.0178747 -0.00176 0.00426774 -0.0178747 0.0887731 
0.0105251 -0.018897 0.00147136 -0.00170207 -0.018897 0.0911785 -0.00169181 0.00414751 0.00147136 -0.00169181 0.00950491 -0.0178871 -0.00170207 0.00414751 -0.0178871 0.0888151 
0.0105157 -0.0188757 0.00144404 -0.00167612 -0.0188757 0.0910676 -0.00167612 0.00405879 0.00144404 -0.00167612 0.00945333 -0.0178288 -0.00167612 0.00405879 -0.0178288 0.0887107 
0.0105336 -0.0189265 0.00143569 -0.00166211 -0.0189265 0.0911846 -0.00166726 0.00406008 0.00143569 -0.00166726 0.00943751 -0.0177223 -0.00166211 0.00406008 -0.0177223 0.088447 
0.0105421 -0.0189192 0.00142961 -0.00165588 -0.0189192 0.0911812 -0.00166102 0.00403684 0.00142961 -0.00166102 0.00942615 -0.0177107 -0.00165588 0.00403684 -0.0177107 0.0883117 
0.0105539 -0.0189207 0.00140822 -0.00164034 -0.0189207 0.0911576 -0.0016455 0.00401316 0.00140822 -0.0016455 0.00939844 -0.0176982 -0.00164034 0.00401316 -0.0176982 0.0882432 
0.010573 -0.0189271 0.00141621 -0.00164628 -0.0189271 0.0911791 -0.0016565 0.00405434 0.00141621 -0.0016565 0.00939706 -0.0176642 -0.00164628 0.00405434 -0.0176642 0.0881882 
0.0105434 -0.018928 0.00142215 -0.00164724 -0.018928 0.0911458 -0.00166259 0.00406695 0.00142215 -0.00166259 0.00941794 -0.0176797 -0.00164724 0.00406695 -0.0176797 0.0881941 
0.010513 -0.0188886 0.00141985 -0.00163513 -0.0188886 0.0910703 -0.00164539 0.00402889 0.00141985 -0.00164539 0.00942637 -0.0177148 -0.00163513 0.00402889 -0.0177148 0.0882614 
0.0104986 -0.0188717 0.00140496 -0.0016211 -0.0188717 0.0910392 -0.0016314 0.00397814 0.00140496 -0.0016314 0.0094024 -0.0176932 -0.0016211 0.00397814 -0.0176932 0.0882344 
0.010504 -0.0188765 0.00142445 -0.00162428 -0.0188765 0.091047 -0.00162428 0.00396592 0.00142445 -0.00162428 0.00939215 -0.0176468 -0.00162428 0.00396592 -0.0176468 0.0881263 
0.0105046 -0.0189021 0.0014454 -0.00165915 -0.0189021 0.091121 -0.00165915 0.00403082 0.0014454 -0.00165915 0.00942052 -0.0176196 -0.00165915 0.00403082 -0.0176196 0.0880317 
0.010525 -0.0188927 0.00144165 -0.00167352 -0.0188927 0.0911313 -0.00166344 0.00405779 0.00144165 -0.00166344 0.00942616 -0.0176526 -0.00167352 0.00405779 -0.0176526 0.0880464 
0.010535 -0.0189106 0.00144459 -0.0016862 -0.0189106 0.0911502 -0.00167613 0.00410727 0.00144459 -0.00167613 0.0094427 -0.0177025 -0.0016862 0.00410727 -0.0177025 0.0881906 
0.0105012 -0.0188617 0.00146764 -0.00168526 -0.0188617 0.091014 -0.00167007 0.00410433 0.00146764 -0.00167007 0.00944351 -0.0177787 -0.00168526 0.00410433 -0.0177787 0.0884127 
0.0104681 -0.0188691 0.00151359 -0.00170152 -0.0188691 0.0910338 -0.00170152 0.00415983 0.00151359 -0.00170152 0.00946247 -0.0177567 -0.00170152 0.00415983 -0.0177567 0.0884535 
0.0104392 -0.0188448 0.00158913 -0.00176798 -0.0188448 0.0910303 -0.00177309 0.0042922 0.00158913 -0.00177309 0.00947349 -0.0177513 -0.00176798 0.0042922 -0.0177513 0.0884346 
0.0103986 -0.0187985 0.00163487 -0.00185525 -0.0187985 0.0909431 -0.00186037 0.004469 0.00163487 -0.00186037 0.009471 -0.017753 -0.00185525 0.004469 -0.017753 0.0884114 
0.0103333 -0.0187803 0.00165436 -0.00189658 -0.0187803 0.0909124 -0.00191205 0.00459716 0.00165436 -0.00191205 0.00951385 -0.0177186 -0.00189658 0.00459716 -0.0177186 0.0882994 
0.0102932 -0.0187341 0.00164587 -0.00192449 -0.0187341 0.0908739 -0.00192449 0.00470029 0.00164587 -0.00192449 0.00952956 -0.0177228 -0.00192449 0.00470029 -0.0177228 0.0882116 
0.0102859 -0.0186829 0.00162572 -0.00193022 -0.0186829 0.0907463 -0.00193538 0.00475846 0.00162572 -0.00193538 0.00954273 -0.0177591 -0.00193022 0.00475846 -0.0177591 0.0882587 
0.0103106 -0.0186756 0.00161522 -0.00191452 -0.0186756 0.0906895 -0.0019042 0.00472696 0.00161522 -0.0019042 0.00955713 -0.017788 -0.00191452 0.00472696 -0.017788 0.0883467 
0.0103547 -0.0186631 0.00158747 -0.0018658 -0.0186631 0.0905942 -0.0018658 0.0046181 0.00158747 -0.0018658 0.00952999 -0.017823 -0.0018658 0.0046181 -0.017823 0.0884707 
0.0103737 -0.0186561 0.00156974 -0.00182792 -0.0186561 0.0904664 -0.00182792 0.00450267 0.00156974 -0.00182792 0.00951137 -0.0178506 -0.00182792 0.00450267 -0.0178506 0.0886127 
0.0103394 -0.0186471 0.00157676 -0.00180939 -0.0186471 0.0904076 -0.00180939 0.00444594 0.00157676 -0.00180939 0.00952258 -0.0178303 -0.00180939 0.00444594 -0.0178303 0.0886448 
0.0103302 -0.0186509 0.00156752 -0.00182963 -0.0186509 0.0904227 -0.00182963 0.00445587 0.00156752 -0.00182963 0.00954902 -0.0178235 -0.00182963 0.00445587 -0.0178235 0.0886085 
0.0103307 -0.0186486 0.0015724 -0.00183873 -0.0186486 0.0904207 -0.00182849 0.00449184 0.0015724 -0.00182849 0.00956244 -0.0178393 -0.00183873 0.00449184 -0.0178393 0.0886178 
0.0103285 -0.018673 0.00154416 -0.00181515 -0.018673 0.0904917 -0.00180492 0.00445351 0.00154416 -0.00180492 0.00955639 -0.0178243 -0.00181515 0.00445351 -0.0178243 0.0885385 
0.0103307 -0.0186688 0.00147654 -0.00177798 -0.0186688 0.0905134 -0.00177798 0.00437853 0.00147654 -0.00177798 0.00953364 -0.0178258 -0.00177798 0.00437853 -0.0178258 0.0885055 
0.010366 -0.0186995 0.00140754 -0.00169718 -0.0186995 0.0906213 -0.0016921 0.00422263 0.00140754 -0.0016921 0.00951234 -0.0177848 -0.00169718 0.00422263 -0.0177848 0.0884211 
0.0103934 -0.0187448 0.00136984 -0.00162445 -0.0187448 0.0907248 -0.00161936 0.00403312 0.00136984 -0.00161936 0.00949718 -0.0177671 -0.00162445 0.00403312 -0.0177671 0.0883722 
0.0103984 -0.0187672 0.00141264 -0.00158603 -0.0187672 0.0908015 -0.00159113 0.00393193 0.00141264 -0.00159113 0.00949069 -0.0177625 -0.00158603 0.00393193 -0.0177625 0.0883638 
0.0103916 -0.0188069 0.00141958 -0.00162895 -0.0188069 0.0909249 -0.00163405 0.00393194 0.00141958 -0.00163405 0.00948772 -0.0177244 -0.00162895 0.00393194 -0.0177244 0.0882695 
0.0103767 -0.0187394 0.00140571 -0.00164084 -0.0187394 0.0908036 -0.00164596 0.00398199 0.00140571 -0.00164596 0.00949747 -0.0177733 -0.00164084 0.00398199 -0.0177733 0.0883602 
0.0103555 -0.0187033 0.00147133 -0.00165525 -0.0187033 0.0906657 -0.00166036 0.00404616 0.00147133 -0.00166036 0.00951257 -0.0177888 -0.00165525 0.00404616 -0.0177888 0.0884741 
0.0103671 -0.0186885 0.00147662 -0.00170734 -0.0186885 0.0906071 -0.00171247 0.00413761 0.00147662 -0.00171247 0.00949036 -0.0178015 -0.00170734 0.00413761 -0.0178015 0.0885152 
0.0103514 -0.0186716 0.00151043 -0.00171148 -0.0186716 0.0905229 -0.00171148 0.0041756 0.00151043 -0.00171148 0.00945439 -0.0177798 -0.00171148 0.0041756 -0.0177798 0.088497 
0.0103442 -0.0186494 0.00152923 -0.00176094 -0.0186494 0.0904616 -0.00177123 0.00427361 0.00152923 -0.00177123 0.00945344 -0.0177587 -0.00176094 0.00427361 -0.0177587 0.0884587 
0.0103113 -0.0186787 0.00155827 -0.00177941 -0.0186787 0.0905136 -0.0017897 0.00436111 0.00155827 -0.0017897 0.00949364 -0.017717 -0.00177941 0.00436111 -0.017717 0.0883484 
0.0102501 -0.0186548 0.00157813 -0.00181973 -0.0186548 0.0905035 -0.00182487 0.00444652 0.00157813 -0.00182487 0.00955103 -0.0177398 -0.00181973 0.00444652 -0.0177398 0.0882982 
0.0102418 -0.0185726 0.00151655 -0.00183933 -0.0185726 0.0903679 -0.0018342 0.00448816 0.00151655 -0.0018342 0.00956553 -0.0178143 -0.00183933 0.00448816 -0.0178143 0.0884056 
0.0102592 -0.0185683 0.0014765 -0.00176671 -0.0185683 0.090306 -0.00175653 0.00438369 0.0014765 -0.00175653 0.00955654 -0.0178148 -0.00176671 0.00438369 -0.0178148 0.0884578 
0.0102383 -0.018584 0.00146917 -0.00169873 -0.018584 0.0903132 -0.00170383 0.00422897 0.00146917 -0.00170383 0.00957001 -0.0178239 -0.00169873 0.00422897 -0.0178239 0.0884818 
0.0102389 -0.0185796 0.00143507 -0.00168443 -0.0185796 0.090328 -0.00167425 0.00410674 0.00143507 -0.00167425 0.00957223 -0.0178264 -0.00168443 0.00410674 -0.0178264 0.0885011 
0.0102678 -0.018591 0.00136429 -0.00163919 -0.018591 0.090369 -0.00163919 0.00400633 0.00136429 -0.00163919 0.00954495 -0.0178172 -0.00163919 0.00400633 -0.0178172 0.0884804 
0.0102881 -0.0186272 0.00138054 -0.00158356 -0.0186272 0.0904611 -0.00158356 0.00391323 0.00138054 -0.00158356 0.00953183 -0.0177796 -0.00158356 0.00391323 -0.0177796 0.0884105 
0.0102624 -0.0186314 0.00138805 -0.00158707 -0.0186314 0.0904628 -0.00158707 0.00386305 0.00138805 -0.00158707 0.00953261 -0.0177843 -0.00158707 0.00386305 -0.0177843 0.0883909 
0.0102501 -0.0185938 0.00137942 -0.00159125 -0.0185938 0.090422 -0.00159125 0.00385412 0.00137942 -0.00159125 0.00948548 -0.0177775 -0.00159125 0.00385412 -0.0177775 0.0883865 
0.0102177 -0.0185786 0.00136653 -0.00159081 -0.0185786 0.0903529 -0.00160124 0.00388054 0.00136653 -0.00160124 0.00946663 -0.0177284 -0.00159081 0.00388054 -0.0177284 0.0883135 
0.010192 -0.0185215 0.00137871 -0.00160242 -0.0185215 0.0902039 -0.00161283 0.00393322 0.00137871 -0.00161283 0.00948447 -0.0177099 -0.00160242 0.00393322 -0.0177099 0.0882581 
0.0102225 -0.0184925 0.00135853 -0.00161164 -0.0184925 0.0901277 -0.00161164 0.00396711 0.00135853 -0.00161164 0.0094632 -0.017697 -0.00161164 0.00396711 -0.017697 0.0881493 
0.0102572 -0.0185474 0.00134394 -0.00159625 -0.0185474 0.0901882 -0.0015911 0.00394429 0.00134394 -0.0015911 0.00944363 -0.0176515 -0.00159625 0.00394429 -0.0176515 0.0880358 
0.0102765 -0.0186001 0.00134799 -0.00158375 -0.0186001 0.0903201 -0.00158375 0.0039312 0.00134799 -0.00158375 0.0094564 -0.0176417 -0.00158375 0.0039312 -0.0176417 0.0880086 
0.010277 -0.0186074 0.00133534 -0.00157159 -0.0186074 0.0903614 -0.00157673 0.00389303 0.00133534 -0.00157673 0.00947578 -0.0176933 -0.00157159 0.00389303 -0.0176933 0.0880862 
0.0102626 -0.01859 0.00134844 -0.00154917 -0.01859 0.0903252 -0.00154402 0.00382402 0.00134844 -0.00154402 0.00949058 -0.0177356 -0.00154917 0.00382402 -0.0177356 0.0882407 
0.0102543 -0.0185621 0.0013373 -0.00155416 -0.0185621 0.0902651 -0.00155416 0.00379504 0.0013373 -0.00155416 0.00949017 -0.0177618 -0.00155416 0.00379504 -0.0177618 0.0883495 
0.0102752 -0.0185438 0.00132051 -0.00156294 -0.0185438 0.0902071 -0.00155779 0.00381193 0.00132051 -0.00155779 0.00947051 -0.0177649 -0.00156294 0.00381193 -0.0177649 0.0884069 
0.0102431 -0.0185673 0.00131705 -0.00152798 -0.0185673 0.0901921 -0.00153313 0.00377108 0.00131705 -0.00153313 0.0095023 -0.0177339 -0.00152798 0.00377108 -0.0177339 0.0883554 
0.0102457 -0.0185202 0.00129354 -0.00152966 -0.0185202 0.0901321 -0.00152453 0.0037369 0.00129354 -0.00152453 0.0095065 -0.0177759 -0.00152966 0.0037369 -0.0177759 0.0884074 
0.0102659 -0.0185496 0.0012665 -0.00149818 -0.0185496 0.0901635 -0.00148788 0.00367594 0.0012665 -0.00148788 0.00947301 -0.0177567 -0.00149818 0.00367594 -0.0177567 0.0883822 
0.0102792 -0.0185799 0.0012366 -0.00145815 -0.0185799 0.0902458 -0.00145815 0.00360159 0.0012366 -0.00145815 0.00945997 -0.0177143 -0.00145815 0.00360159 -0.0177143 0.0882673 
0.0102458 -0.0185741 0.00122307 -0.00142001 -0.0185741 0.0902481 -0.00142001 0.00350337 0.00122307 -0.00142001 0.00943215 -0.0176879 -0.00142001 0.00350337 -0.0176879 0.0881647 
0.0102329 -0.018552 0.00120326 -0.00140554 -0.018552 0.0902292 -0.00140554 0.0034542 0.00120326 -0.00140554 0.00943939 -0.01766 -0.00140554 0.0034542 -0.01766 0.0880924 
0.0102206 -0.0185134 0.00119508 -0.00139253 -0.0185134 0.0901302 -0.00139773 0.00342418 0.00119508 -0.00139773 0.00943597 -0.0176717 -0.00139253 0.00342418 -0.0176717 0.0880881 
0.0102422 -0.0185179 0.00115705 -0.00138534 -0.0185179 0.09012 -0.00138534 0.0033985 0.00115705 -0.00138534 0.00940166 -0.0176411 -0.00138534 0.0033985 -0.0176411 0.0880186 
0.0102727 -0.018574 0.00112066 -0.00134895 -0.018574 0.0902341 -0.00134376 0.00333086 0.00112066 -0.00134376 0.00938555 -0.017583 -0.00134895 0.00333086 -0.017583 0.0878735 
0.0102652 -0.0185885 0.00112154 -0.00129289 -0.0185885 0.0902841 -0.00129289 0.00320886 0.00112154 -0.00129289 0.00937734 -0.0175656 -0.00129289 0.00320886 -0.0175656 0.0878074 
0.0102802 -0.0185717 0.00109275 -0.00129991 -0.0185717 0.0902532 -0.00130509 0.00317986 0.00109275 -0.00130509 0.00937905 -0.0175773 -0.00129991 0.00317986 -0.0175773 0.0878243 
0.0103102 -0.0185996 0.00106195 -0.00127331 -0.0185996 0.0903017 -0.00126815 0.00312914 0.00106195 -0.00126815 0.00936165 -0.0175737 -0.00127331 0.00312914 -0.0175737 0.0878118 
0.0103328 -0.0186342 0.00102084 -0.00121257 -0.0186342 0.0903626 -0.00120739 0.0029848 0.00102084 -0.00120739 0.00932749 -0.0175512 -0.00121257 0.0029848 -0.0175512 0.0877613 
0.0103471 -0.018631 0.00096421 -0.00115083 -0.018631 0.090361 -0.00115602 0.00282006 0.00096421 -0.00115602 0.00927923 -0.0175217 -0.00115083 0.00282006 -0.0175217 0.0876965 
0.0103335 -0.0186127 0.000972808 -0.00109182 -0.0186127 0.0902797 -0.001097 0.00270109 0.000972808 -0.001097 0.00928825 -0.017495 -0.00109182 0.00270109 -0.017495 0.0876924 
0.0103336 -0.0186273 0.000952593 -0.00110791 -0.0186273 0.0903307 -0.00110791 0.00267658 0.000952593 -0.00110791 0.00926707 -0.0174625 -0.00110791 0.00267658 -0.0174625 0.0875713 
0.0103384 -0.0186599 0.000938436 -0.00110953 -0.0186599 0.0904165 -0.00110953 0.0027168 0.000938436 -0.00110953 0.00925993 -0.0174259 -0.00110953 0.0027168 -0.0174259 0.0874664 
0.0103257 -0.0186682 0.00093964 -0.00112134 -0.0186682 0.0904702 -0.00111096 0.00275143 0.00093964 -0.00111096 0.00927181 -0.0174275 -0.00112134 0.00275143 -0.0174275 0.0874332 
0.0102891 -0.0186121 0.000923043 -0.00109514 -0.0186121 0.0903592 -0.00109514 0.00271177 0.000923043 -0.00109514 0.0092878 -0.0174648 -0.00109514 0.00271177 -0.0174648 0.0875014 
0.0102892 -0.0185912 0.000918402 -0.00107925 -0.0185912 0.090294 -0.00108963 0.00268775 0.000918402 -0.00108963 0.0092878 -0.0174652 -0.00107925 0.00268775 -0.0174652 0.0875284 
0.0102875 -0.0186007 0.00089886 -0.00105993 -0.0186007 0.0903069 -0.00107032 0.00262384 0.00089886 -0.00107032 0.00928476 -0.0174472 -0.00105993 0.00262384 -0.0174472 0.0874648 
0.0102671 -0.0185737 0.000902089 -0.00104288 -0.0185737 0.0902507 -0.00104809 0.00258112 0.000902089 -0.00104809 0.00929726 -0.017463 -0.00104288 0.00258112 -0.017463 0.0875027 
0.0102694 -0.0185725 0.000912718 -0.00106397 -0.0185725 0.0902548 -0.00104832 0.00258169 0.000912718 -0.00104832 0.00929929 -0.0174616 -0.00106397 0.00258169 -0.0174616 0.087501 
0.0102449 -0.0185306 0.000898581 -0.00105531 -0.0185306 0.0901349 -0.00104486 0.00256513 0.000898581 -0.00104486 0.00930449 -0.0174805 -0.00105531 0.00256513 -0.0174805 0.0875594 
0.0102393 -0.01853 0.000898552 -0.00104483 -0.01853 0.0900955 -0.00105005 0.00257028 0.000898552 -0.00105005 0.0093042 -0.0174643 -0.00104483 0.00257028 -0.0174643 0.0875305 
0.0102309 -0.0184919 0.00086738 -0.00103459 -0.0184919 0.0899985 -0.00103459 0.00253944 0.00086738 -0.00103459 0.00929559 -0.0174834 -0.00103459 0.00253944 -0.0174834 0.0875427 
0.0102439 -0.0185007 0.000810517 -0.000998766 -0.0185007 0.0899831 -0.00100922 0.00247861 0.000810517 -0.00100922 0.00926604 -0.0174496 -0.000998766 0.00247861 -0.0174496 0.0874992 
0.0102568 -0.0185145 0.00083516 -0.000949995 -0.0185145 0.0900094 -0.000955215 0.00239587 0.00083516 -0.000955215 0.0092755 -0.0174392 -0.000949995 0.00239587 -0.0174392 0.0874935 
0.0102573 -0.0185508 0.000851291 -0.000966189 -0.0185508 0.0900906 -0.000971411 0.00236586 0.000851291 -0.000971411 0.00927541 -0.0174227 -0.000966189 0.00236586 -0.0174227 0.0874009 
0.0102612 -0.0185497 0.000837223 -0.000983737 -0.0185497 0.0901218 -0.000994202 0.00240178 0.000837223 -0.000994202 0.00925655 -0.0174195 -0.000983737 0.00240178 -0.0174195 0.0873799 
0.0102964 -0.0185565 0.000819745 -0.000971163 -0.0185565 0.0901458 -0.000981605 0.00239136 0.000819745 -0.000981605 0.00922605 -0.0173974 -0.000971163 0.00239136 -0.0173974 0.0873368 
0.0103115 -0.0185596 0.000800387 -0.000956306 -0.0185596 0.0901163 -0.000956306 0.00237517 0.000800387 -0.000956306 0.00922524 -0.0173902 -0.000956306 0.00237517 -0.0173902 0.0873617 
0.0103295 -0.0185983 0.000840894 -0.000960281 -0.0185983 0.0901989 -0.00095509 0.00239811 0.000840894 -0.00095509 0.00922908 -0.0173941 -0.000960281 0.00239811 -0.0173941 0.0873752 
0.0103082 -0.0186148 0.000894792 -0.00101375 -0.0186148 0.0902395 -0.00101375 0.00248783 0.000894792 -0.00101375 0.00928411 -0.01742 -0.00101375 0.00248783 -0.01742 0.0874517 
0.010298 -0.0185907 0.000964152 -0.00107698 -0.0185907 0.09022 -0.00107185 0.00262065 0.000964152 -0.00107185 0.0093492 -0.0174983 -0.00107698 0.00262065 -0.0174983 0.0876096 
0.0102929 -0.0185723 0.00100931 -0.00113739 -0.0185723 0.0901923 -0.00112202 0.00273077 0.00100931 -0.00112202 0.00936045 -0.017563 -0.00113739 0.00273077 -0.017563 0.0877792 
0.0102747 -0.0185651 0.00101003 -0.0011741 -0.0185651 0.0901647 -0.0011741 0.00283527 0.00101003 -0.0011741 0.00938255 -0.0176012 -0.0011741 0.00283527 -0.0176012 0.0879242 
0.0102636 -0.0185684 0.000922747 -0.00116503 -0.0185684 0.0901972 -0.00116503 0.00285588 0.000922747 -0.00116503 0.0093615 -0.0175992 -0.00116503 0.00285588 -0.0175992 0.087929 
0.01026 -0.018577 0.000899549 -0.00106404 -0.018577 0.090253 -0.0010589 0.00268837 0.000899549 -0.0010589 0.00935531 -0.0175541 -0.00106404 0.00268837 -0.0175541 0.0878217 
0.0102485 -0.0185706 0.00086303 -0.00102228 -0.0185706 0.0902585 -0.00101201 0.00251717 0.00086303 -0.00101201 0.00934949 -0.0175277 -0.00102228 0.00251717 -0.0175277 0.0877054 
0.0102592 -0.018618 0.000834333 -0.00101459 -0.018618 0.0904016 -0.00099914 0.00246695 0.000834333 -0.00099914 0.00933217 -0.0174798 -0.00101459 0.00246695 -0.0174798 0.0875586 
0.0102839 -0.0185811 0.000799798 -0.000975237 -0.0185811 0.090341 -0.000959757 0.00240455 0.000799798 -0.000959757 0.00931377 -0.0175027 -0.000975237 0.00240455 -0.0175027 0.0875959 
0.0102779 -0.0185798 0.000768782 -0.000913251 -0.0185798 0.0902881 -0.000902932 0.00225991 0.000768782 -0.000902932 0.00930278 -0.0174859 -0.000913251 0.00225991 -0.0174859 0.0875741 
0.0102802 -0.018588 0.000764175 -0.000867442 -0.018588 0.0903069 -0.000877768 0.00215828 0.000764175 -0.000877768 0.00929402 -0.0174573 -0.000867442 0.00215828 -0.0174573 0.087529 
0.0102563 -0.0185491 0.0007647 -0.000862871 -0.0185491 0.0901881 -0.000868038 0.00210292 0.0007647 -0.000868038 0.0093004 -0.0174899 -0.000862871 0.00210292 -0.0174899 0.0875995 
0.0102351 -0.0185027 0.000759113 -0.000867558 -0.0185027 0.0900505 -0.000872722 0.00209143 0.000759113 -0.000872722 0.00931076 -0.0175009 -0.000867558 0.00209143 -0.0175009 0.0876388 
0.0102013 -0.0184289 0.000723826 -0.000864426 -0.0184289 0.0898326 -0.000874841 0.00209858 0.000723826 -0.000874841 0.00928997 -0.0175333 -0.000864426 0.00209858 -0.0175333 0.087734 
0.010205 -0.0184822 0.000732639 -0.000862539 -0.0184822 0.0899327 -0.000867735 0.00214596 0.000732639 -0.000867735 0.00928529 -0.017443 -0.000862539 0.00214596 -0.017443 0.0875685 
0.0101688 -0.0184576 0.000758249 -0.000882892 -0.0184576 0.0899044 -0.000877699 0.00219684 0.000758249 -0.000877699 0.0093223 -0.0174553 -0.000882892 0.00219684 -0.0174553 0.0875258 
0.0101658 -0.0184355 0.000753212 -0.000903854 -0.0184355 0.0898763 -0.000903854 0.00224405 0.000753212 -0.000903854 0.00932943 -0.0174797 -0.000903854 0.00224405 -0.0174797 0.087544 
0.0101512 -0.0184274 0.000807304 -0.000895847 -0.0184274 0.0898452 -0.000890639 0.0022292 0.000807304 -0.000890639 0.0093491 -0.0175055 -0.000895847 0.0022292 -0.0175055 0.0876212 
0.0101483 -0.0184471 0.000853984 -0.00094305 -0.0184471 0.0899041 -0.000937811 0.0022738 0.000853984 -0.000937811 0.00935191 -0.0175041 -0.00094305 0.0022738 -0.0175041 0.0875989 
0.0101547 -0.0184223 0.000865336 -0.0010113 -0.0184223 0.0898646 -0.00100608 0.00241877 0.000865336 -0.00100608 0.0093571 -0.0175204 -0.0010113 0.00241877 -0.0175204 0.0876544 
0.0101542 -0.018385 0.000844449 -0.00101125 -0.018385 0.0897306 -0.00101125 0.0024708 0.000844449 -0.00101125 0.00936713 -0.0175666 -0.00101125 0.0024708 -0.0175666 0.0877706 
0.0101748 -0.018432 0.000883406 -0.00100812 -0.018432 0.0898164 -0.00100293 0.00249952 0.000883406 -0.00100293 0.00935371 -0.017533 -0.00100812 0.00249952 -0.017533 0.0877118 
0.0102227 -0.0185047 0.000897731 -0.00104303 -0.0185047 0.090017 -0.00104303 0.00255309 0.000897731 -0.00104303 0.00932499 -0.0174824 -0.00104303 0.00255309 -0.0174824 0.0875677 
0.0102108 -0.0184823 0.000889023 -0.00105019 -0.0184823 0.0899733 -0.00103979 0.00256829 0.000889023 -0.00103979 0.00932694 -0.0175153 -0.00105019 0.00256829 -0.0175153 0.0876285 
0.0102083 -0.018474 0.000864583 -0.00103125 -0.018474 0.0899427 -0.00102604 0.00253646 0.000864583 -0.00102604 0.00931771 -0.0175156 -0.00103125 0.00253646 -0.0175156 0.087651 
0.0101958 -0.0184805 0.000843574 -0.00102062 -0.0184805 0.0899604 -0.00102062 0.00252552 0.000843574 -0.00102062 0.00932618 -0.0174859 -0.00102062 0.00252552 -0.0174859 0.0876015 
0.0101701 -0.0184664 0.000837477 -0.000968333 -0.0184664 0.0899346 -0.000973567 0.00241822 0.000837477 -0.000973567 0.00933264 -0.017498 -0.000968333 0.00241822 -0.017498 0.0875896 
0.0101532 -0.0184318 0.00083781 -0.000963482 -0.0184318 0.0898709 -0.000958246 0.00234587 0.00083781 -0.000958246 0.00933111 -0.0174998 -0.000963482 0.00234587 -0.0174998 0.0875669 
0.0101109 -0.0183609 0.000832907 -0.000959425 -0.0183609 0.089664 -0.000959425 0.00233003 0.000832907 -0.000959425 0.00934121 -0.0175332 -0.000959425 0.00233003 -0.0175332 0.0876661 
0.0100945 -0.0183292 0.000842966 -0.000969411 -0.0183292 0.0895809 -0.000974679 0.00237084 0.000842966 -0.000974679 0.00934639 -0.0175126 -0.000969411 0.00237084 -0.0175126 0.0876316 
0.0100858 -0.018312 0.000824723 -0.000987566 -0.018312 0.0895218 -0.000992819 0.00242164 0.000824723 -0.000992819 0.00935561 -0.0175083 -0.000987566 0.00242164 -0.0175083 0.0876202 
0.0101153 -0.0183347 0.000782547 -0.000961114 -0.0183347 0.0895622 -0.000971618 0.00240016 0.000782547 -0.000971618 0.00932754 -0.0174891 -0.000961114 0.00240016 -0.0174891 0.0875402 
0.0101723 -0.0184122 0.000763447 -0.000926667 -0.0184122 0.0897498 -0.000921402 0.00233246 0.000763447 -0.000921402 0.0092772 -0.0174171 -0.000926667 0.00233246 -0.0174171 0.0873542 
