0.00790933 0 0.00102184 0 0 0.0099862 0 0 0.00102184 0 0.00720599 0 0 0 0 0.0099862 
0.011076 -0.0137499 0.00128566 -0.00155728 -0.0137499 0.0355517 -0.00155728 0.00298176 0.00128566 -0.00155728 0.0101947 -0.0126815 -0.00155728 0.00298176 -0.0126815 0.0335056 
0.0111467 -0.0206873 0.00119107 -0.00178059 -0.0206873 0.0752721 -0.00178059 0.00551622 0.00119107 -0.00178059 0.0103106 -0.0194241 -0.00178059 0.00551622 -0.0194241 0.0713981 
0.0104276 -0.0200062 0.00120611 -0.00123538 -0.0200062 0.0885203 -0.00122953 0.00378812 0.00120611 -0.00122953 0.00977183 -0.0191631 -0.00123538 0.00378812 -0.0191631 0.08595 
0.0103295 -0.0190861 0.00132744 -0.00130513 -0.0190861 0.0905947 -0.00129955 0.00312338 0.00132744 -0.00129955 0.00977171 -0.0184056 -0.00130513 0.00312338 -0.0184056 0.0888099 
0.0104615 -0.0188767 0.0013304 -0.00142657 -0.0188767 0.0909319 -0.00141054 0.00325921 0.0013304 -0.00141054 0.00990051 -0.018321 -0.00142657 0.00325921 -0.018321 0.0894947 
0.010591 -0.0189763 0.00128845 -0.00145852 -0.0189763 0.0913148 -0.00144821 0.00343758 0.00128845 -0.00144821 0.00999835 -0.0184093 -0.00145852 0.00343758 -0.0184093 0.08998 
0.0106548 -0.0190493 0.00122685 -0.00138975 -0.0190493 0.0915454 -0.00137957 0.00337511 0.00122685 -0.00137957 0.00994716 -0.0184588 -0.00138975 0.00337511 -0.0184588 0.0902066 
0.0107215 -0.0191606 0.00119911 -0.00133515 -0.0191606 0.0918329 -0.00134019 0.0032497 0.00119911 -0.00134019 0.00986497 -0.0183343 -0.00133515 0.0032497 -0.0183343 0.0900141 
0.0107637 -0.019248 0.00119209 -0.00132676 -0.019248 0.0920703 -0.00133175 0.00322214 0.00119209 -0.00133175 0.00985595 -0.0182405 -0.00132676 0.00322214 -0.0182405 0.089756 
0.0107618 -0.0192588 0.00115483 -0.00128425 -0.0192588 0.0921178 -0.00127928 0.00309117 0.00115483 -0.00127928 0.00982603 -0.0182284 -0.00128425 0.00309117 -0.0182284 0.089614 
0.0107634 -0.0192257 0.00113561 -0.00124519 -0.0192257 0.0920393 -0.00124519 0.00298347 0.00113561 -0.00124519 0.00977223 -0.0182196 -0.00124519 0.00298347 -0.0182196 0.0895987 
0.0107723 -0.0192494 0.00111044 -0.00123934 -0.0192494 0.0920975 -0.00123934 0.00295953 0.00111044 -0.00123934 0.00974613 -0.0181488 -0.00123934 0.00295953 -0.0181488 0.089485 
0.0107455 -0.0192775 0.00109931 -0.00121815 -0.0192775 0.0921439 -0.0012132 0.00292654 0.00109931 -0.0012132 0.00977989 -0.0181138 -0.00121815 0.00292654 -0.0181138 0.0893907 
0.0107035 -0.0192276 0.00111938 -0.00122835 -0.0192276 0.0921064 -0.0012234 0.00294705 0.00111938 -0.0012234 0.00979212 -0.0181578 -0.00122835 0.00294705 -0.0181578 0.0894317 
0.0106469 -0.0191794 0.00112937 -0.00122887 -0.0191794 0.0919964 -0.00122887 0.00295527 0.00112937 -0.00122887 0.00981607 -0.0181794 -0.00122887 0.00295527 -0.0181794 0.0895038 
0.010594 -0.0191294 0.00115479 -0.00123513 -0.0191294 0.0918813 -0.00124015 0.00296731 0.00115479 -0.00124015 0.00981071 -0.0181955 -0.00123513 0.00296731 -0.0181955 0.0895567 
0.0105705 -0.0190531 0.00119742 -0.00129302 -0.0190531 0.0917086 -0.00130308 0.00307406 0.00119742 -0.00130308 0.00982089 -0.0182129 -0.00129302 0.00307406 -0.0182129 0.0896408 
0.0105537 -0.0190068 0.00118383 -0.00130977 -0.0190068 0.0915429 -0.00130977 0.00309811 0.00118383 -0.00130977 0.00981321 -0.0182209 -0.00130977 0.00309811 -0.0182209 0.0896488 
0.0105587 -0.0190006 0.00115595 -0.00132108 -0.0190006 0.09151 -0.00132108 0.0031676 0.00115595 -0.00132108 0.00983306 -0.0181899 -0.00132108 0.0031676 -0.0181899 0.0896035 
0.0105572 -0.0189811 0.00115142 -0.00129099 -0.0189811 0.0914361 -0.00130096 0.00314025 0.00115142 -0.00130096 0.00985939 -0.0182334 -0.00129099 0.00314025 -0.0182334 0.0896516 
0.0105551 -0.019017 0.00116562 -0.00129955 -0.019017 0.0914989 -0.00130947 0.00317446 0.00116562 -0.00130947 0.00992019 -0.0182631 -0.00129955 0.00317446 -0.0182631 0.0897529 
0.0105 -0.0190096 0.00116063 -0.0012841 -0.0190096 0.0915018 -0.00129891 0.00313122 0.00116063 -0.00129891 0.0100308 -0.0183527 -0.0012841 0.00313122 -0.0183527 0.089951 
0.0104366 -0.0189216 0.0011244 -0.00124328 -0.0189216 0.0913387 -0.00124823 0.00298683 0.0011244 -0.00124823 0.01007 -0.0184857 -0.00124328 0.00298683 -0.0184857 0.0902192 
0.0104751 -0.0188957 0.0011211 -0.00125444 -0.0188957 0.0913078 -0.00125938 0.00300277 0.0011211 -0.00125938 0.0100701 -0.0185352 -0.00125444 0.00300277 -0.0185352 0.0904237 
0.0104695 -0.0189177 0.00113238 -0.00121681 -0.0189177 0.0912906 -0.00123171 0.00294518 0.00113238 -0.00123171 0.0100523 -0.0185204 -0.00121681 0.00294518 -0.0185204 0.0904562 
0.0104823 -0.0189163 0.00117194 -0.00123705 -0.0189163 0.0913061 -0.00125207 0.00294487 0.00117194 -0.00125207 0.00997651 -0.0184806 -0.00123705 0.00294487 -0.0184806 0.0903595 
0.0104808 -0.0189157 0.0012194 -0.0012849 -0.0189157 0.0912833 -0.00129498 0.00304345 0.0012194 -0.00129498 0.00991137 -0.0183967 -0.0012849 0.00304345 -0.0183967 0.0901899 
0.0105209 -0.0189438 0.00123865 -0.00135493 -0.0189438 0.091377 -0.00135493 0.00320027 0.00123865 -0.00135493 0.00982831 -0.0182764 -0.00135493 0.00320027 -0.0182764 0.0898906 
0.01057 -0.0190019 0.00121246 -0.00137848 -0.0190019 0.0914977 -0.00137848 0.00327514 0.00121246 -0.00137848 0.00979021 -0.0181768 -0.00137848 0.00327514 -0.0181768 0.089596 
0.010637 -0.0190561 0.00116863 -0.00137749 -0.0190561 0.0916306 -0.00136755 0.00331195 0.00116863 -0.00136755 0.00980655 -0.0181511 -0.00137749 0.00331195 -0.0181511 0.0894674 
0.0106665 -0.0191312 0.00113823 -0.00130225 -0.0191312 0.0917938 -0.00129728 0.00319598 0.00113823 -0.00129728 0.00979174 -0.018147 -0.00130225 0.00319598 -0.018147 0.0893931 
0.010638 -0.0191753 0.00113765 -0.0012574 -0.0191753 0.0919297 -0.0012574 0.00307863 0.00113765 -0.0012574 0.00979971 -0.0181375 -0.0012574 0.00307863 -0.0181375 0.08936 
0.0106558 -0.0191417 0.00111722 -0.00126618 -0.0191417 0.0919645 -0.00126122 0.0030438 0.00111722 -0.00126122 0.00982159 -0.0181784 -0.00126618 0.0030438 -0.0181784 0.089447 
0.0107136 -0.0191688 0.001102 -0.00126507 -0.0191688 0.0919994 -0.00126507 0.00306385 0.001102 -0.00126507 0.00981913 -0.0182002 -0.00126507 0.00306385 -0.0182002 0.0895384 
0.0107211 -0.0192072 0.0010805 -0.00121371 -0.0192072 0.09203 -0.00120384 0.0029356 0.0010805 -0.00120384 0.00982317 -0.0182057 -0.00121371 0.0029356 -0.0182057 0.0895828 
0.0107034 -0.0192175 0.00107729 -0.00117162 -0.0192175 0.0920663 -0.00116665 0.00281982 0.00107729 -0.00116665 0.00979988 -0.0182097 -0.00117162 0.00281982 -0.0182097 0.089594 
0.0107037 -0.0191777 0.00107487 -0.00114486 -0.0191777 0.092004 -0.00113986 0.00271967 0.00107487 -0.00113986 0.00972383 -0.0181778 -0.00114486 0.00271967 -0.0181778 0.0895493 
0.0106909 -0.0191788 0.00108155 -0.00116628 -0.0191788 0.0919567 -0.0011613 0.00272132 0.00108155 -0.0011613 0.00972398 -0.0181072 -0.00116628 0.00272132 -0.0181072 0.0894546 
0.010707 -0.0191496 0.0010697 -0.00117967 -0.0191496 0.0918893 -0.00117467 0.00276922 0.0010697 -0.00117467 0.00968229 -0.0181049 -0.00117967 0.00276922 -0.0181049 0.089375 
0.0107298 -0.0192091 0.00107499 -0.00119555 -0.0192091 0.0919969 -0.0011855 0.00282812 0.00107499 -0.0011855 0.00963973 -0.0180086 -0.00119555 0.00282812 -0.0180086 0.0891838 
0.0107088 -0.0192427 0.00108495 -0.00119545 -0.0192427 0.092115 -0.00118541 0.00283794 0.00108495 -0.00118541 0.009649 -0.0179418 -0.00119545 0.00283794 -0.0179418 0.0889757 
0.0106544 -0.0191871 0.00110636 -0.00118719 -0.0191871 0.0920301 -0.00117709 0.00280885 0.00110636 -0.00117709 0.0096592 -0.0179695 -0.00118719 0.00280885 -0.0179695 0.0889434 
0.0106949 -0.0191063 0.00108111 -0.0011973 -0.0191063 0.0918336 -0.00119225 0.00281391 0.00108111 -0.00119225 0.00958347 -0.0179898 -0.0011973 0.00281391 -0.0179898 0.0889793 
0.0107721 -0.0191671 0.00108778 -0.00121872 -0.0191671 0.0918673 -0.00122376 0.00292594 0.00108778 -0.00122376 0.00952817 -0.0179081 -0.00121872 0.00292594 -0.0179081 0.0888961 
0.0108216 -0.0192743 0.00109376 -0.00123489 -0.0192743 0.0920872 -0.00124497 0.00299901 0.00109376 -0.00124497 0.0095061 -0.0178277 -0.00123489 0.00299901 -0.0178277 0.0887101 
0.0108605 -0.0193065 0.00108656 -0.00124753 -0.0193065 0.0921863 -0.00125759 0.00305846 0.00108656 -0.00125759 0.00948726 -0.0178326 -0.00124753 0.00305846 -0.0178326 0.0886651 
0.0108129 -0.0193332 0.00107826 -0.00120423 -0.0193332 0.0922471 -0.00120423 0.00296271 0.00107826 -0.00120423 0.00951796 -0.0178065 -0.00120423 0.00296271 -0.0178065 0.0886092 
0.0107546 -0.0192729 0.00106541 -0.00117095 -0.0192729 0.0921682 -0.00116592 0.00283942 0.00106541 -0.00116592 0.00954348 -0.0178306 -0.00117095 0.00283942 -0.0178306 0.0886051 
0.0107319 -0.0192264 0.00102874 -0.00116857 -0.0192264 0.0920822 -0.00115858 0.0027766 0.00102874 -0.00115858 0.00958326 -0.0178581 -0.00116857 0.0027766 -0.0178581 0.0886614 
0.0106704 -0.0192057 0.00104504 -0.00114004 -0.0192057 0.0920282 -0.00113504 0.0027551 0.00104504 -0.00113504 0.00965034 -0.0178956 -0.00114004 0.0027551 -0.0178956 0.0887581 
0.0105929 -0.019138 0.00106627 -0.00115097 -0.019138 0.0919033 -0.00115595 0.00276034 0.00106627 -0.00115595 0.00974091 -0.017987 -0.00115097 0.00276034 -0.017987 0.0889387 
0.0105613 -0.0190422 0.00107504 -0.00119449 -0.0190422 0.0916873 -0.00119947 0.00283692 0.00107504 -0.00119947 0.0098048 -0.0181264 -0.00119449 0.00283692 -0.0181264 0.0892585 
0.0105816 -0.0189648 0.00104664 -0.00117184 -0.0189648 0.0914336 -0.00118186 0.00280941 0.00104664 -0.00118186 0.00974029 -0.0182036 -0.00117184 0.00280941 -0.0182036 0.0895205 
0.0106358 -0.0190194 0.00104607 -0.00116619 -0.0190194 0.0914633 -0.0011762 0.00283289 0.00104607 -0.0011762 0.00967987 -0.0181235 -0.00116619 0.00283289 -0.0181235 0.0895013 
0.0106667 -0.019111 0.00106117 -0.0011863 -0.019111 0.0916808 -0.0011813 0.00285814 0.00106117 -0.0011813 0.00967064 -0.0180398 -0.0011863 0.00285814 -0.0180398 0.0893183 
0.0106859 -0.0191433 0.00107411 -0.00119458 -0.0191433 0.0918116 -0.00118956 0.00287602 0.00107411 -0.00118956 0.00965197 -0.018014 -0.00119458 0.00287602 -0.018014 0.0891866 
0.0106797 -0.0191864 0.00108403 -0.00120448 -0.0191864 0.091942 -0.00120448 0.00290079 0.00108403 -0.00120448 0.00967098 -0.0179819 -0.00120448 0.00290079 -0.0179819 0.0890814 
0.0106405 -0.0191319 0.00108966 -0.00121018 -0.0191319 0.0918582 -0.0012152 0.00292251 0.00108966 -0.0012152 0.00971157 -0.0180322 -0.00121018 0.00292251 -0.0180322 0.0891415 
0.0105858 -0.0190877 0.00108727 -0.00120808 -0.0190877 0.0917438 -0.00120305 0.00290946 0.00108727 -0.00120305 0.00973513 -0.0180608 -0.00120808 0.00290946 -0.0180608 0.0891967 
0.0105234 -0.019016 0.00112425 -0.00120528 -0.019016 0.0915707 -0.00119515 0.00289672 0.00112425 -0.00119515 0.0097435 -0.0180943 -0.00120528 0.00289672 -0.0180943 0.0892563 
0.0104326 -0.0189439 0.00117607 -0.00124704 -0.0189439 0.0913888 -0.0012369 0.00294018 0.00117607 -0.0012369 0.00979383 -0.0180922 -0.00124704 0.00294018 -0.0180922 0.0892749 
0.0103969 -0.0188724 0.00120216 -0.00132791 -0.0188724 0.0912484 -0.00132288 0.00311857 0.00120216 -0.00132288 0.00985871 -0.018133 -0.00132791 0.00311857 -0.018133 0.0893119 
0.010376 -0.0188009 0.00119069 -0.00135579 -0.0188009 0.0910678 -0.00135579 0.00324688 0.00119069 -0.00135579 0.00992075 -0.0182206 -0.00135579 0.00324688 -0.0182206 0.0894969 
0.0104108 -0.0187565 0.00116009 -0.00133011 -0.0187565 0.0908973 -0.00133011 0.00324526 0.00116009 -0.00133011 0.00991579 -0.0183365 -0.00133011 0.00324526 -0.0183365 0.0897972 
0.0104722 -0.0188082 0.00116026 -0.00130467 -0.0188082 0.0909236 -0.00130965 0.00319694 0.00116026 -0.00130965 0.00989458 -0.0183401 -0.00130467 0.00319694 -0.0183401 0.0899476 
0.0105614 -0.0189115 0.00117071 -0.00129579 -0.0189115 0.0911456 -0.00130079 0.00316193 0.00117071 -0.00130079 0.00981599 -0.0182862 -0.00129579 0.00316193 -0.0182862 0.0898748 
0.0105809 -0.0190024 0.00117509 -0.00129562 -0.0190024 0.0913962 -0.00130566 0.00312354 0.00117509 -0.00130566 0.00978241 -0.0181989 -0.00129562 0.00312354 -0.0181989 0.0897139 
0.0105872 -0.01905 0.00117469 -0.00132965 -0.01905 0.0915807 -0.00133465 0.00320415 0.00117469 -0.00133465 0.0098274 -0.0181752 -0.00132965 0.00320415 -0.0181752 0.0896262 
0.0105736 -0.0190505 0.00114323 -0.001288 -0.0190505 0.091623 -0.001293 0.00313015 0.00114323 -0.001293 0.00985473 -0.0182068 -0.001288 0.00313015 -0.0182068 0.0896111 
0.0105781 -0.0190446 0.00112056 -0.00126997 -0.0190446 0.0916321 -0.00126499 0.00306785 0.00112056 -0.00126499 0.00988087 -0.0182428 -0.00126997 0.00306785 -0.0182428 0.0896898 
0.0106267 -0.0190865 0.00110324 -0.00124176 -0.0190865 0.0917519 -0.00123187 0.00299309 0.00110324 -0.00123187 0.00987474 -0.0182406 -0.00124176 0.00299309 -0.0182406 0.0896543 
0.0106482 -0.0191105 0.00109796 -0.0012315 -0.0191105 0.0918133 -0.00121666 0.00294273 0.00109796 -0.00121666 0.00986681 -0.0182647 -0.0012315 0.00294273 -0.0182647 0.0897064 
0.0106752 -0.0191294 0.00109071 -0.0012141 -0.0191294 0.0918419 -0.00120916 0.00289705 0.00109071 -0.00120916 0.00985589 -0.0182805 -0.0012141 0.00289705 -0.0182805 0.0897838 
0.0106838 -0.0191835 0.00109451 -0.00119804 -0.0191835 0.0919682 -0.00119804 0.00286445 0.00109451 -0.00119804 0.00986043 -0.0182467 -0.00119804 0.00286445 -0.0182467 0.0897397 
0.0106561 -0.0191681 0.00110423 -0.00118346 -0.0191681 0.0919634 -0.00118841 0.00281753 0.00110423 -0.00118841 0.00984897 -0.018257 -0.00118346 0.00281753 -0.018257 0.0897301 
0.0106678 -0.0191784 0.0011354 -0.00123413 -0.0191784 0.0920315 -0.001244 0.00293229 0.0011354 -0.001244 0.00987303 -0.0182454 -0.00123413 0.00293229 -0.0182454 0.0897409 
0.0106979 -0.0192157 0.00116399 -0.00128729 -0.0192157 0.0921376 -0.00129716 0.00307273 0.00116399 -0.00129716 0.00990377 -0.0182638 -0.00128729 0.00307273 -0.0182638 0.0897603 
0.0106839 -0.0192161 0.00117274 -0.00128206 -0.0192161 0.0921446 -0.00128206 0.00307596 0.00117274 -0.00128206 0.00990867 -0.0183117 -0.00128206 0.00307596 -0.0183117 0.0898538 
0.0107063 -0.0191798 0.00117356 -0.00127302 -0.0191798 0.0920601 -0.00128296 0.00304828 0.00117356 -0.00128296 0.00988578 -0.0183444 -0.00127302 0.00304828 -0.0183444 0.0899665 
0.0107177 -0.0192076 0.00119086 -0.00129506 -0.0192076 0.0920585 -0.00130002 0.00308135 0.00119086 -0.00130002 0.00987918 -0.0183095 -0.00129506 0.00308135 -0.0183095 0.0899546 
0.0107058 -0.0192329 0.00124211 -0.0013604 -0.0192329 0.0921131 -0.00137026 0.00325807 0.00124211 -0.00137026 0.00996643 -0.0183211 -0.0013604 0.00325807 -0.0183211 0.0899887 
0.0106944 -0.0192098 0.00125069 -0.00142168 -0.0192098 0.0921016 -0.00142657 0.00342474 0.00125069 -0.00142657 0.0100788 -0.0184477 -0.00142168 0.00342474 -0.0184477 0.0902011 
0.0106379 -0.0191531 0.00120874 -0.00134632 -0.0191531 0.0919329 -0.0013414 0.00328226 0.00120874 -0.0013414 0.0100777 -0.0185487 -0.00134632 0.00328226 -0.0185487 0.0904195 
0.0105821 -0.0191219 0.00121362 -0.00134188 -0.0191219 0.091855 -0.00132708 0.00323631 0.00121362 -0.00132708 0.010074 -0.0185348 -0.00134188 0.00323631 -0.0185348 0.0904785 
0.0104759 -0.0190393 0.00120703 -0.00132128 -0.0190393 0.0916749 -0.00131135 0.00315915 0.00120703 -0.00131135 0.0100636 -0.0184979 -0.00132128 0.00315915 -0.0184979 0.0903884 
0.0104599 -0.0189247 0.00120711 -0.00132682 -0.0189247 0.091451 -0.00132183 0.00316243 0.00120711 -0.00132183 0.010011 -0.0184907 -0.00132682 0.00316243 -0.0184907 0.0903436 
0.0105315 -0.0188762 0.00117293 -0.00131706 -0.0188762 0.0912448 -0.00132203 0.003151 0.00117293 -0.00132203 0.00992515 -0.0184587 -0.00131706 0.003151 -0.0184587 0.0903204 
0.0105848 -0.0189733 0.00114524 -0.00126918 -0.0189733 0.0913314 -0.0012791 0.00307875 0.00114524 -0.0012791 0.00989068 -0.0183486 -0.00126918 0.00307875 -0.0183486 0.0901366 
0.0105508 -0.0190764 0.00117509 -0.00125009 -0.0190764 0.0916019 -0.00126009 0.00302023 0.00117509 -0.00126009 0.00988574 -0.0182664 -0.00125009 0.00302023 -0.0182664 0.0898317 
0.0104407 -0.0190183 0.00119524 -0.00129065 -0.0190183 0.0916062 -0.00129568 0.00306844 0.00119524 -0.00129568 0.00994857 -0.01826 -0.00129065 0.00306844 -0.01826 0.089728 
0.0103819 -0.0188666 0.00118636 -0.00132151 -0.0188666 0.0913296 -0.00132151 0.00312858 0.00118636 -0.00132151 0.00998143 -0.018341 -0.00132151 0.00312858 -0.018341 0.0898379 
0.0103658 -0.0188275 0.0011733 -0.00133239 -0.0188275 0.0911744 -0.00133239 0.00320172 0.0011733 -0.00133239 0.0100277 -0.0183701 -0.00133239 0.00320172 -0.0183701 0.0899215 
0.0104038 -0.0188067 0.00115265 -0.00131732 -0.0188067 0.0911096 -0.00130734 0.0031935 0.00115265 -0.00130734 0.00998468 -0.0184125 -0.00131732 0.0031935 -0.0184125 0.0900018 
0.0104146 -0.0188432 0.00113279 -0.00127251 -0.0188432 0.0911219 -0.00127251 0.00308896 0.00113279 -0.00127251 0.00996552 -0.0183741 -0.00127251 0.00308896 -0.0183741 0.0899841 
0.0103916 -0.0188285 0.00111695 -0.00123163 -0.0188285 0.0910709 -0.00123662 0.00297686 0.00111695 -0.00123662 0.00996275 -0.0183598 -0.00123163 0.00297686 -0.0183598 0.089959 
0.0103699 -0.0187973 0.00109576 -0.0012153 -0.0187973 0.0910178 -0.0012153 0.00290874 0.00109576 -0.0012153 0.00995647 -0.018354 -0.0012153 0.00290874 -0.018354 0.0899569 
0.010343 -0.0187728 0.00107688 -0.00119208 -0.0187728 0.0909187 -0.00118707 0.00284997 0.00107688 -0.00118707 0.00994235 -0.018352 -0.00119208 0.00284997 -0.018352 0.0899419 
0.0102926 -0.0187331 0.00109721 -0.00116767 -0.0187331 0.0908368 -0.0011727 0.00279335 0.00109721 -0.0011727 0.00994534 -0.0183304 -0.00116767 0.00279335 -0.0183304 0.0899006 
0.0102541 -0.0186617 0.00111196 -0.00119246 -0.0186617 0.0906621 -0.00120252 0.00281762 0.00111196 -0.00120252 0.00993213 -0.0183246 -0.00119246 0.00281762 -0.0183246 0.0898772 
0.0102742 -0.0186368 0.00112476 -0.00123068 -0.0186368 0.0905712 -0.00122564 0.00289513 0.00112476 -0.00122564 0.00989085 -0.0182988 -0.00123068 0.00289513 -0.0182988 0.0898297 
0.0102853 -0.0186592 0.00114787 -0.00127934 -0.0186592 0.0906006 -0.00126923 0.00303907 0.00114787 -0.00126923 0.00988076 -0.0182597 -0.00127934 0.00303907 -0.0182597 0.089741 
0.010325 -0.0186838 0.00114442 -0.0013007 -0.0186838 0.0906561 -0.00129566 0.00313581 0.00114442 -0.00129566 0.0098662 -0.0182452 -0.0013007 0.00313581 -0.0182452 0.0896831 
0.0103485 -0.018675 0.00112506 -0.00126189 -0.018675 0.0906027 -0.00125682 0.0030559 0.00112506 -0.00125682 0.00980626 -0.0182442 -0.00126189 0.0030559 -0.0182442 0.0896804 
0.0103321 -0.0187414 0.00114351 -0.00124977 -0.0187414 0.0907168 -0.00124977 0.00301563 0.00114351 -0.00124977 0.00982104 -0.0181646 -0.00124977 0.00301563 -0.0181646 0.0895379 
0.0103599 -0.0187554 0.00115557 -0.00132137 -0.0187554 0.0908529 -0.00131132 0.00315521 0.00115557 -0.00131132 0.00985751 -0.0181625 -0.00132137 0.00315521 -0.0181625 0.0894763 
0.0103994 -0.0187872 0.00114379 -0.0013294 -0.0187872 0.090951 -0.00131937 0.00322066 0.00114379 -0.00131937 0.00987268 -0.0182103 -0.0013294 0.00322066 -0.0182103 0.0895113 
0.0103725 -0.0188197 0.00113906 -0.00126002 -0.0188197 0.091009 -0.00126002 0.00309462 0.00113906 -0.00126002 0.00987354 -0.0182199 -0.00126002 0.00309462 -0.0182199 0.0895373 
0.010305 -0.0188021 0.00117011 -0.00126552 -0.0188021 0.0910273 -0.00127557 0.00306337 0.00117011 -0.00127557 0.00993838 -0.0182296 -0.00126552 0.00306337 -0.0182296 0.0895609 
0.0101804 -0.0186557 0.00117505 -0.00128005 -0.0186557 0.0907436 -0.00129005 0.00305512 0.00117505 -0.00129005 0.0100604 -0.0183457 -0.00128005 0.00305512 -0.0183457 0.0897886 
0.0101061 -0.0185152 0.00117172 -0.00129799 -0.0185152 0.0903994 -0.00129799 0.00308587 0.00117172 -0.00129799 0.0100708 -0.0184698 -0.00129799 0.00308587 -0.0184698 0.0900661 
0.0100868 -0.0184646 0.0011664 -0.00131347 -0.0184646 0.0902033 -0.00131347 0.00314421 0.0011664 -0.00131347 0.0100513 -0.0184646 -0.00131347 0.00314421 -0.0184646 0.0901424 
0.01012 -0.0184533 0.00115585 -0.00133756 -0.0184533 0.0901465 -0.00133756 0.00322529 0.00115585 -0.00133756 0.0100292 -0.018428 -0.00133756 0.00322529 -0.018428 0.0901162 
0.0101249 -0.0185076 0.00115136 -0.0013079 -0.0185076 0.0902402 -0.00131295 0.00320663 0.00115136 -0.00131295 0.0100441 -0.0183763 -0.0013079 0.00320663 -0.0183763 0.0899928 
0.0100855 -0.0184884 0.001147 -0.00125816 -0.0184884 0.0902035 -0.00125816 0.00307213 0.001147 -0.00125816 0.0100602 -0.0184075 -0.00125816 0.00307213 -0.0184075 0.0899762 
0.0101185 -0.0184321 0.00114444 -0.00127552 -0.0184321 0.0901034 -0.00127048 0.00305521 0.00114444 -0.00127048 0.0100277 -0.0184421 -0.00127552 0.00305521 -0.0184421 0.0900429 
0.0101231 -0.0184851 0.00115563 -0.00130702 -0.0184851 0.0901595 -0.00131207 0.00313888 0.00115563 -0.00131207 0.0100172 -0.0183841 -0.00130702 0.00313888 -0.0183841 0.0899828 
0.0101368 -0.0185024 0.00116905 -0.00130569 -0.0185024 0.0902245 -0.00130063 0.00315796 0.00116905 -0.00130063 0.0100053 -0.0183759 -0.00130569 0.00315796 -0.0183759 0.089936 
0.0101098 -0.0184822 0.00118371 -0.00130564 -0.0184822 0.0901858 -0.00130056 0.0031498 0.00118371 -0.00130056 0.0100082 -0.0183857 -0.00130564 0.0031498 -0.0183857 0.0899623 
0.0100814 -0.0184537 0.00117497 -0.00132248 -0.0184537 0.0901119 -0.0013174 0.00316378 0.00117497 -0.0013174 0.0100254 -0.0183876 -0.00132248 0.00316378 -0.0183876 0.0899695 
0.0100717 -0.0184075 0.00116913 -0.00132096 -0.0184075 0.0900027 -0.00132096 0.00318853 0.00116913 -0.00132096 0.0100413 -0.0184226 -0.00132096 0.00318853 -0.0184226 0.0900533 
0.0100949 -0.0184026 0.00118465 -0.00132641 -0.0184026 0.0899375 -0.00132135 0.0032097 0.00118465 -0.00132135 0.0100392 -0.0184431 -0.00132641 0.0032097 -0.0184431 0.0901198 
0.0100934 -0.0184208 0.00118243 -0.00133841 -0.0184208 0.0899403 -0.00134848 0.0032454 0.00118243 -0.00134848 0.0100783 -0.0184459 -0.00133841 0.0032454 -0.0184459 0.0901768 
0.0100522 -0.0183964 0.0011705 -0.00130613 -0.0183964 0.0899021 -0.00130613 0.00317491 0.0011705 -0.00130613 0.0101125 -0.0184968 -0.00130613 0.00317491 -0.0184968 0.0902437 
0.0100309 -0.0183975 0.00116952 -0.00130447 -0.0183975 0.0899431 -0.00130447 0.00315371 0.00116952 -0.00130447 0.0101708 -0.0185124 -0.00130447 0.00315371 -0.0185124 0.090298 
0.0100154 -0.0183924 0.00118241 -0.00130766 -0.0183924 0.0899881 -0.00130766 0.00315141 0.00118241 -0.00130766 0.0101857 -0.0185678 -0.00130766 0.00315141 -0.0185678 0.0903839 
0.0101006 -0.0184225 0.00119744 -0.00134273 -0.0184225 0.0900883 -0.00134774 0.00322657 0.00119744 -0.00134774 0.0101356 -0.0185778 -0.00134273 0.00322657 -0.0185778 0.090429 
0.0101664 -0.0185022 0.00119369 -0.00134917 -0.0185022 0.0902288 -0.0013592 0.00326007 0.00119369 -0.0013592 0.0101012 -0.0185373 -0.00134917 0.00326007 -0.0185373 0.0904043 
0.0102192 -0.0185899 0.00121728 -0.00136255 -0.0185899 0.0904496 -0.00137758 0.00331622 0.00121728 -0.00137758 0.0100989 -0.0184997 -0.00136255 0.00331622 -0.0184997 0.0903494 
0.0102561 -0.0186255 0.0012243 -0.00135476 -0.0186255 0.0905533 -0.00135978 0.00327652 0.0012243 -0.00135978 0.0100804 -0.0185101 -0.00135476 0.00327652 -0.0185101 0.0903476 
0.0102734 -0.0186875 0.00122779 -0.00137814 -0.0186875 0.0907013 -0.00137814 0.00330752 0.00122779 -0.00137814 0.010103 -0.0184871 -0.00137814 0.00330752 -0.0184871 0.0903305 
0.0103223 -0.0186913 0.00123206 -0.00138232 -0.0186913 0.090767 -0.00138732 0.0033406 0.00123206 -0.00138732 0.0100769 -0.018521 -0.00138232 0.0033406 -0.018521 0.0903413 
0.0102921 -0.0187321 0.00124146 -0.00138163 -0.0187321 0.0908272 -0.00138664 0.00333894 0.00124146 -0.00138664 0.0101169 -0.0185068 -0.00138163 0.00333894 -0.0185068 0.0903716 
0.0102743 -0.0187373 0.00126745 -0.00142713 -0.0187373 0.0908973 -0.00143212 0.00344807 0.00126745 -0.00143212 0.0102045 -0.0185527 -0.00142713 0.00344807 -0.0185527 0.0904432 
0.0102358 -0.0186817 0.0012614 -0.00139601 -0.0186817 0.0907908 -0.00139103 0.00339032 0.0012614 -0.00139103 0.0102308 -0.0186368 -0.00139601 0.00339032 -0.0186368 0.0905814 
0.0102979 -0.0186853 0.00125391 -0.00141682 -0.0186853 0.0908 -0.00140695 0.00339642 0.00125391 -0.00140695 0.0102485 -0.0186754 -0.00141682 0.00339642 -0.0186754 0.090721 
0.0103474 -0.018699 0.00123874 -0.00139604 -0.018699 0.0907621 -0.00138129 0.00335246 0.00123874 -0.00138129 0.0102442 -0.0187433 -0.00139604 0.00335246 -0.0187433 0.0909194 
0.0103182 -0.0187094 0.00122352 -0.00132754 -0.0187094 0.0907137 -0.00132259 0.00319006 0.00122352 -0.00132259 0.0102191 -0.0187639 -0.00132754 0.00319006 -0.0187639 0.0910356 
0.0103624 -0.0187399 0.00124369 -0.00136806 -0.0187399 0.0908191 -0.00136806 0.00325349 0.00124369 -0.00136806 0.0101584 -0.018715 -0.00136806 0.00325349 -0.018715 0.0909882 
0.0103815 -0.0187999 0.00128204 -0.00138721 -0.0187999 0.0909596 -0.00139221 0.00334031 0.00128204 -0.00139221 0.010091 -0.0186096 -0.00138721 0.00334031 -0.0186096 0.0907643 
0.0103839 -0.0188168 0.00129238 -0.0014271 -0.0188168 0.0910552 -0.00143209 0.0033981 0.00129238 -0.00143209 0.0100895 -0.0185274 -0.0014271 0.0033981 -0.0185274 0.0905462 
0.0103918 -0.0188506 0.00128044 -0.00147324 -0.0188506 0.0911581 -0.00146335 0.00353479 0.00128044 -0.00146335 0.0101545 -0.0185144 -0.00147324 0.00353479 -0.0185144 0.0904363 
0.0103858 -0.0188359 0.00125769 -0.00143456 -0.0188359 0.0911681 -0.00142965 0.00348814 0.00125769 -0.00142965 0.0102237 -0.018605 -0.00143456 0.00348814 -0.018605 0.0905491 
0.010403 -0.0188653 0.00126097 -0.00138411 -0.0188653 0.0912481 -0.00137919 0.00336423 0.00126097 -0.00137919 0.010206 -0.0186486 -0.00138411 0.00336423 -0.0186486 0.0906274 
0.01051 -0.0188817 0.00123387 -0.00139118 -0.0188817 0.0912916 -0.00138626 0.00332309 0.00123387 -0.00138626 0.0101118 -0.0186703 -0.00139118 0.00332309 -0.0186703 0.0907361 
0.010601 -0.0190195 0.00124223 -0.0013907 -0.0190195 0.091534 -0.0013907 0.0033654 0.00124223 -0.0013907 0.0100071 -0.0185543 -0.0013907 0.0033654 -0.0185543 0.0905788 
0.0106859 -0.0191572 0.0012414 -0.00140526 -0.0191572 0.0918932 -0.00140526 0.00339646 0.0012414 -0.00140526 0.00992621 -0.0184074 -0.00140526 0.00339646 -0.0184074 0.0902645 
0.010672 -0.0192236 0.00124441 -0.00137382 -0.0192236 0.0921159 -0.0013788 0.00333501 0.00124441 -0.0013788 0.00992041 -0.0183127 -0.00137382 0.00333501 -0.0183127 0.0899756 
0.0106036 -0.0192156 0.00127144 -0.00139063 -0.0192156 0.0921841 -0.00139063 0.00334745 0.00127144 -0.00139063 0.0099927 -0.0183017 -0.00139063 0.00334745 -0.0183017 0.08983 
0.0105361 -0.0191135 0.00129583 -0.00143039 -0.0191135 0.0919888 -0.00141544 0.00340902 0.00129583 -0.00141544 0.0100427 -0.0183958 -0.00143039 0.00340902 -0.0183958 0.0899504 
