0.007457 0 -0.000496273 0 0 0.01 0 0 -0.000496273 0 0.00721476 0 0 0 0 0.01 
0.0104786 -0.013011 -0.000602487 0.000741936 -0.013011 0.0341222 0.000741936 -0.00142296 -0.000602487 0.000741936 0.0102047 -0.0126751 0.000741936 -0.00142296 -0.0126751 0.033478 
0.0105007 -0.0195482 -0.000459642 0.000837005 -0.0195482 0.0716675 0.000837005 -0.00266342 -0.000459642 0.000837005 0.0102711 -0.0193135 0.000837005 -0.00266342 -0.0193135 0.0709254 
0.00996517 -0.0192312 -0.00039302 0.000544495 -0.0192312 0.0857341 0.000547022 -0.00200109 -0.00039302 0.000547022 0.00964439 -0.0189197 0.000544495 -0.00200109 -0.0189197 0.0849014 
0.00994066 -0.0185689 -0.00040894 0.000458762 -0.0185689 0.0888135 0.000469648 -0.00130583 -0.00040894 0.000469648 0.00960949 -0.0181523 0.000458762 -0.00130583 -0.0181523 0.087894 
0.0100862 -0.0184498 -0.000417215 0.000504341 -0.0184498 0.0896461 0.000513583 -0.00117371 -0.000417215 0.000513583 0.00979009 -0.0180642 0.000504341 -0.00117371 -0.0180642 0.0887648 
0.0101975 -0.0185366 -0.000431194 0.000514739 -0.0185366 0.0901266 0.000517327 -0.0012097 -0.000431194 0.000517327 0.00993324 -0.0181988 0.000514739 -0.0012097 -0.0181988 0.0893205 
0.0102546 -0.0186312 -0.000449222 0.000546843 -0.0186312 0.0904576 0.000543878 -0.00131415 -0.000449222 0.000543878 0.00999822 -0.01828 0.000546843 -0.00131415 -0.01828 0.0895907 
0.010289 -0.0186698 -0.00046522 0.00057063 -0.0186698 0.0906021 0.000564128 -0.00140269 -0.00046522 0.000564128 0.0100162 -0.0183293 0.00057063 -0.00140269 -0.0183293 0.089714 
0.0103028 -0.0186916 -0.000473259 0.000587536 -0.0186916 0.0906489 0.000579842 -0.00145833 -0.000473259 0.000579842 0.010011 -0.0183568 0.000587536 -0.00145833 -0.0183568 0.0897923 
0.0103111 -0.0187204 -0.000439573 0.000572049 -0.0187204 0.0907181 0.000565346 -0.00142385 -0.000439573 0.000565346 0.00999654 -0.0183512 0.000572049 -0.00142385 -0.0183512 0.0898084 
0.0103357 -0.0187435 -0.00042951 0.000528085 -0.0187435 0.0907966 0.000524066 -0.00133497 -0.00042951 0.000524066 0.00992945 -0.0183289 0.000528085 -0.00133497 -0.0183289 0.089769 
0.0103321 -0.018767 -0.000443365 0.000500638 -0.018767 0.0908655 0.000502266 -0.00123708 -0.000443365 0.000502266 0.00990024 -0.0182652 0.000500638 -0.00123708 -0.0182652 0.0896734 
0.0103334 -0.0187632 -0.000445091 0.000525812 -0.0187632 0.0908968 0.000532428 -0.00125804 -0.000445091 0.000532428 0.00989131 -0.018234 0.000525812 -0.00125804 -0.018234 0.0895862 
0.0103322 -0.0187383 -0.000442121 0.000547441 -0.0187383 0.0908255 0.000554637 -0.00133287 -0.000442121 0.000554637 0.00986705 -0.0182309 0.000547441 -0.00133287 -0.0182309 0.0895594 
0.0103255 -0.0187363 -0.000434628 0.000547462 -0.0187363 0.0907977 0.000551195 -0.00136316 -0.000434628 0.000551195 0.00987363 -0.0182154 0.000547462 -0.00136316 -0.0182154 0.089555 
0.0102839 -0.0187482 -0.000415338 0.000533411 -0.0187482 0.0908286 0.00053468 -0.00133947 -0.000415338 0.00053468 0.00990253 -0.0181973 0.000533411 -0.00133947 -0.0181973 0.0894901 
0.0102385 -0.0187055 -0.000380148 0.000508717 -0.0187055 0.0907805 0.000508413 -0.00128702 -0.000380148 0.000508413 0.00991163 -0.0182139 0.000508717 -0.00128702 -0.0182139 0.0894719 
0.0102212 -0.0186592 -0.000371645 0.000470039 -0.0186592 0.0906896 0.000470702 -0.00121078 -0.000371645 0.000470702 0.00989527 -0.0182098 0.000470039 -0.00121078 -0.0182098 0.0894519 
0.0102059 -0.0186143 -0.000359201 0.000444681 -0.0186143 0.0905582 0.00044815 -0.00112825 -0.000359201 0.00044815 0.00990228 -0.0182284 0.000444681 -0.00112825 -0.0182284 0.0895252 
0.0102019 -0.0186048 -0.000359747 0.000440283 -0.0186048 0.0905093 0.000446549 -0.00110784 -0.000359747 0.000446549 0.00991297 -0.0182259 0.000440283 -0.00110784 -0.0182259 0.0895315 
0.01018 -0.0185819 -0.00033394 0.000427932 -0.0185819 0.0904348 0.000433305 -0.00106663 -0.00033394 0.000433305 0.00992714 -0.0182512 0.000427932 -0.00106663 -0.0182512 0.0895841 
0.0101776 -0.0185592 -0.00032996 0.000405705 -0.0185592 0.0903819 0.000409297 -0.00102593 -0.00032996 0.000409297 0.00993652 -0.0182706 0.000405705 -0.00102593 -0.0182706 0.0896402 
0.0101969 -0.0185795 -0.000339369 0.000396182 -0.0185795 0.0904099 0.000398425 -0.000984878 -0.000339369 0.000398425 0.00990101 -0.018247 0.000396182 -0.000984878 -0.018247 0.0895876 
0.0101979 -0.0185936 -0.000325694 0.000410924 -0.0185936 0.0904393 0.000411802 -0.0009962 -0.000325694 0.000411802 0.00988495 -0.0182159 0.000410924 -0.0009962 -0.0182159 0.0895288 
0.0101906 -0.018585 -0.000324775 0.000413956 -0.018585 0.0904307 0.000415382 -0.00103376 -0.000324775 0.000415382 0.00988126 -0.0182005 0.000413956 -0.00103376 -0.0182005 0.08948 
0.0102132 -0.018573 -0.000333793 0.000408522 -0.018573 0.0904042 0.000411497 -0.00103744 -0.000333793 0.000411497 0.00987542 -0.0182065 0.000408522 -0.00103744 -0.0182065 0.0894855 
0.0102218 -0.018611 -0.000341781 0.000415642 -0.018611 0.0904567 0.000418863 -0.00104486 -0.000341781 0.000418863 0.00988014 -0.0181831 0.000415642 -0.00104486 -0.0181831 0.0894376 
0.0102275 -0.018614 -0.000355886 0.000426508 -0.018614 0.0904775 0.000429379 -0.00106825 -0.000355886 0.000429379 0.00986436 -0.0181914 0.000426508 -0.00106825 -0.0181914 0.0894282 
0.0102243 -0.0185984 -0.000360078 0.000430584 -0.0185984 0.0904357 0.000431516 -0.00106757 -0.000360078 0.000431516 0.00986767 -0.0182092 0.000430584 -0.00106757 -0.0182092 0.0895044 
0.01019 -0.0186033 -0.000346267 0.00044519 -0.0186033 0.0904308 0.000445852 -0.00109963 -0.000346267 0.000445852 0.0098757 -0.01819 0.00044519 -0.00109963 -0.01819 0.0894752 
0.0101601 -0.018584 -0.000319056 0.000427626 -0.018584 0.090427 0.000426923 -0.00108287 -0.000319056 0.000426923 0.00987644 -0.0181695 0.000427626 -0.00108287 -0.0181695 0.0893939 
0.0101589 -0.0185433 -0.000307424 0.000408606 -0.0185433 0.0903523 0.00040418 -0.00105078 -0.000307424 0.00040418 0.00986218 -0.0181631 0.000408606 -0.00105078 -0.0181631 0.0893412 
0.0101572 -0.0185456 -0.000303788 0.000380603 -0.0185456 0.0903218 0.0003713 -0.000971056 -0.000303788 0.0003713 0.00985417 -0.0181339 0.000380603 -0.000971056 -0.0181339 0.0892618 
0.0101731 -0.0185344 -0.000306656 0.000380014 -0.0185344 0.0902916 0.000369736 -0.000941931 -0.000306656 0.000369736 0.00983838 -0.0181387 0.000380014 -0.000941931 -0.0181387 0.0892502 
0.0101889 -0.018575 -0.000300901 0.000370939 -0.018575 0.0903638 0.000366339 -0.000914427 -0.000300901 0.000366339 0.00982868 -0.0181045 0.000370939 -0.000914427 -0.0181045 0.0891858 
0.0101933 -0.0185588 -0.000307967 0.000377437 -0.0185588 0.0903392 0.000380287 -0.000939547 -0.000307967 0.000380287 0.00983392 -0.0181314 0.000377437 -0.000939547 -0.0181314 0.0892382 
0.0101941 -0.0185569 -0.000320736 0.000380997 -0.0185569 0.0903214 0.000385226 -0.00095332 -0.000320736 0.000385226 0.00985847 -0.0181612 0.000380997 -0.00095332 -0.0181612 0.0893418 
0.0101697 -0.0185602 -0.000314496 0.000407073 -0.0185602 0.0903198 0.00041262 -0.00100964 -0.000314496 0.00041262 0.00987759 -0.0181818 0.000407073 -0.00100964 -0.0181818 0.0894018 
0.0101668 -0.0185644 -0.000291236 0.0003855 -0.0185644 0.0903699 0.000391188 -0.000986254 -0.000291236 0.000391188 0.0098768 -0.0181805 0.0003855 -0.000986254 -0.0181805 0.0893996 
0.0101954 -0.0185788 -0.000291947 0.000375822 -0.0185788 0.0904268 0.000378922 -0.000974843 -0.000291947 0.000378922 0.00983068 -0.0181501 0.000375822 -0.000974843 -0.0181501 0.0893154 
0.0101999 -0.0185793 -0.000324084 0.000371032 -0.0185793 0.0904133 0.000372649 -0.000951452 -0.000324084 0.000372649 0.00981445 -0.0181313 0.000371032 -0.000951452 -0.0181313 0.0892928 
0.0102115 -0.018572 -0.00035722 0.000398549 -0.018572 0.0903888 0.000398376 -0.000969935 -0.00035722 0.000398376 0.00979558 -0.0181245 0.000398549 -0.000969935 -0.0181245 0.089278 
0.0102184 -0.0186038 -0.000365732 0.000434334 -0.0186038 0.0904446 0.000430731 -0.00103134 -0.000365732 0.000430731 0.00980627 -0.0180844 0.000434334 -0.00103134 -0.0180844 0.089197 
0.0102129 -0.0186335 -0.000363884 0.000446361 -0.0186335 0.090531 0.000440192 -0.00107653 -0.000363884 0.000440192 0.00980543 -0.0180569 0.000446361 -0.00107653 -0.0180569 0.089068 
0.0101682 -0.0185896 -0.000362714 0.000457351 -0.0185896 0.0904567 0.000451962 -0.00112524 -0.000362714 0.000451962 0.00985347 -0.0181026 0.000457351 -0.00112524 -0.0181026 0.0891483 
0.0101277 -0.0185418 -0.000329444 0.000434133 -0.0185418 0.0903567 0.000431238 -0.00108453 -0.000329444 0.000431238 0.00991449 -0.0181698 0.000434133 -0.00108453 -0.0181698 0.0893065 
0.0101097 -0.0184823 -0.000310284 0.000385842 -0.0184823 0.0902057 0.0003839 -0.000983047 -0.000310284 0.0003839 0.0099452 -0.0182548 0.000385842 -0.000983047 -0.0182548 0.0895184 
0.0101168 -0.0184853 -0.0003203 0.000376862 -0.0184853 0.0901788 0.00037552 -0.000940675 -0.0003203 0.00037552 0.0099547 -0.0182773 0.000376862 -0.000940675 -0.0182773 0.0896293 
0.0101226 -0.0184655 -0.000329222 0.000414177 -0.0184655 0.0901139 0.000414656 -0.00101522 -0.000329222 0.000414656 0.00994865 -0.0183108 0.000414177 -0.00101522 -0.0183108 0.0897381 
0.0101379 -0.0184973 -0.000343121 0.000433774 -0.0184973 0.0901662 0.000435525 -0.00109558 -0.000343121 0.000435525 0.00992297 -0.0182744 0.000433774 -0.00109558 -0.0182744 0.0896878 
0.0101547 -0.0184962 -0.000367011 0.000436856 -0.0184962 0.0901743 0.000439275 -0.00111447 -0.000367011 0.000439275 0.00989939 -0.0182669 0.000436856 -0.00111447 -0.0182669 0.0896709 
0.010191 -0.0185324 -0.000387933 0.000456765 -0.0185324 0.0902484 0.000461663 -0.00114497 -0.000387933 0.000461663 0.00987647 -0.0182279 0.000456765 -0.00114497 -0.0182279 0.0895987 
0.0102134 -0.0186056 -0.000385555 0.000457962 -0.0186056 0.0904227 0.000464709 -0.00113753 -0.000385555 0.000464709 0.00984732 -0.0181591 0.000457962 -0.00113753 -0.0181591 0.0894088 
0.0102429 -0.0186366 -0.000369264 0.000449521 -0.0186366 0.0905564 0.000455612 -0.00111375 -0.000369264 0.000455612 0.00984909 -0.0181396 0.000449521 -0.00111375 -0.0181396 0.0893237 
0.0102749 -0.0186697 -0.000357435 0.00044225 -0.0186697 0.090642 0.000445148 -0.00110199 -0.000357435 0.000445148 0.00983706 -0.0181377 0.00044225 -0.00110199 -0.0181377 0.0892878 
0.0102683 -0.0186929 -0.000336139 0.000440671 -0.0186929 0.0906931 0.000445707 -0.00110679 -0.000336139 0.000445707 0.00984874 -0.0181386 0.000440671 -0.00110679 -0.0181386 0.0892965 
0.0102603 -0.0186707 -0.000342178 0.000427557 -0.0186707 0.0906604 0.000432546 -0.00110091 -0.000342178 0.000432546 0.00983715 -0.0181561 0.000427557 -0.00110091 -0.0181561 0.0893268 
0.0102427 -0.0186444 -0.000362038 0.000438475 -0.0186444 0.0905879 0.000437692 -0.00110559 -0.000362038 0.000437692 0.00983638 -0.0181607 0.000438475 -0.00110559 -0.0181607 0.0893688 
0.0102333 -0.0186277 -0.000374184 0.000442828 -0.0186277 0.090532 0.000437011 -0.00109009 -0.000374184 0.000437011 0.00984094 -0.0181596 0.000442828 -0.00109009 -0.0181596 0.089387 
0.0102254 -0.0186191 -0.000374053 0.000460896 -0.0186191 0.0904982 0.000451458 -0.00111508 -0.000374053 0.000451458 0.00983748 -0.0181546 0.000460896 -0.00111508 -0.0181546 0.0893692 
0.010204 -0.018641 -0.000345516 0.000451246 -0.018641 0.0905593 0.000440908 -0.00110009 -0.000345516 0.000440908 0.00985572 -0.0181231 0.000451246 -0.00110009 -0.0181231 0.089284 
0.0101645 -0.0185888 -0.000337126 0.000430438 -0.0185888 0.0904781 0.000422824 -0.00107612 -0.000337126 0.000422824 0.0098905 -0.0181651 0.000430438 -0.00107612 -0.0181651 0.0893308 
0.0101274 -0.0185217 -0.00035121 0.000421538 -0.0185217 0.0903123 0.000415669 -0.00105215 -0.00035121 0.000415669 0.00993268 -0.0182221 0.000421538 -0.00105215 -0.0182221 0.0894602 
0.010108 -0.0185041 -0.000360218 0.000457114 -0.0185041 0.0902444 0.000452666 -0.00112015 -0.000360218 0.000452666 0.00994183 -0.018234 0.000457114 -0.00112015 -0.018234 0.0894847 
0.0100958 -0.0184866 -0.000381309 0.000454643 -0.0184866 0.0902015 0.000449692 -0.00113501 -0.000381309 0.000449692 0.00994613 -0.0182422 0.000454643 -0.00113501 -0.0182422 0.0895018 
0.0100922 -0.0184452 -0.000376525 0.00047645 -0.0184452 0.0900896 0.000470704 -0.00116486 -0.000376525 0.000470704 0.00992785 -0.0182704 0.00047645 -0.00116486 -0.0182704 0.0895756 
0.0100744 -0.018436 -0.000366085 0.000483188 -0.018436 0.0900214 0.000479761 -0.00120987 -0.000366085 0.000479761 0.00992384 -0.018245 0.000483188 -0.00120987 -0.018245 0.089565 
0.0100738 -0.0184187 -0.000376041 0.000476349 -0.0184187 0.0899787 0.000475015 -0.00122499 -0.000376041 0.000475015 0.00989946 -0.0182359 0.000476349 -0.00122499 -0.0182359 0.089537 
0.0100627 -0.0184089 -0.00037496 0.000475201 -0.0184089 0.089937 0.000473667 -0.00120857 -0.00037496 0.000473667 0.00987947 -0.0182089 0.000475201 -0.00120857 -0.0182089 0.0894857 
0.0100454 -0.0183879 -0.000379367 0.000459091 -0.0183879 0.0898882 0.000460047 -0.00116647 -0.000379367 0.000460047 0.00988828 -0.0181983 0.000459091 -0.00116647 -0.0181983 0.0894639 
0.0100398 -0.0183687 -0.000380847 0.000481917 -0.0183687 0.0898421 0.000483101 -0.00120347 -0.000380847 0.000483101 0.00987411 -0.018195 0.000481917 -0.00120347 -0.018195 0.0894269 
0.0100431 -0.0183398 -0.000356071 0.000463898 -0.0183398 0.0897572 0.000466358 -0.00117678 -0.000356071 0.000466358 0.00987128 -0.0182142 0.000463898 -0.00117678 -0.0182142 0.0894954 
0.0100609 -0.0183681 -0.000324144 0.000430868 -0.0183681 0.0897898 0.000434672 -0.00111015 -0.000324144 0.000434672 0.00984068 -0.0181773 0.000430868 -0.00111015 -0.0181773 0.0894277 
0.0100595 -0.0183981 -0.000298712 0.000384625 -0.0183981 0.0898672 0.000390265 -0.00100325 -0.000298712 0.000390265 0.00982338 -0.0181308 0.000384625 -0.00100325 -0.0181308 0.0893131 
0.0100608 -0.0184104 -0.000322864 0.00036853 -0.0184104 0.0899394 0.000374324 -0.000950196 -0.000322864 0.000374324 0.00981338 -0.0180914 0.00036853 -0.000950196 -0.0180914 0.0891815 
0.0100572 -0.0184138 -0.000325203 0.000392744 -0.0184138 0.0899725 0.000396813 -0.000961033 -0.000325203 0.000396813 0.00980986 -0.0180715 0.000392744 -0.000961033 -0.0180715 0.0890865 
0.0100571 -0.0184143 -0.000314089 0.000399545 -0.0184143 0.0899884 0.000401772 -0.00099206 -0.000314089 0.000401772 0.00982618 -0.0180697 0.000399545 -0.00099206 -0.0180697 0.0890605 
0.0100555 -0.0183998 -0.000319176 0.000396596 -0.0183998 0.0899464 0.000396214 -0.00100546 -0.000319176 0.000396214 0.00983588 -0.018093 0.000396596 -0.00100546 -0.018093 0.0890905 
0.0100381 -0.0183839 -0.000316811 0.000396896 -0.0183839 0.0898862 0.000390705 -0.000992993 -0.000316811 0.000390705 0.00985194 -0.0181168 0.000396896 -0.000992993 -0.0181168 0.0891548 
0.010026 -0.0183604 -0.000298838 0.00040194 -0.0183604 0.0898267 0.00039288 -0.00100228 -0.000298838 0.00039288 0.00987535 -0.0181492 0.00040194 -0.00100228 -0.0181492 0.0892503 
0.0100127 -0.0183425 -0.000293957 0.000370007 -0.0183425 0.0897698 0.000364264 -0.000952246 -0.000293957 0.000364264 0.00991141 -0.0181895 0.000370007 -0.000952246 -0.0181895 0.0893673 
0.0100242 -0.0183228 -0.000309657 0.000371874 -0.0183228 0.0897089 0.000372734 -0.000945784 -0.000309657 0.000372734 0.00991226 -0.0182338 0.000371874 -0.000945784 -0.0182338 0.0894849 
0.0100505 -0.0183843 -0.00032915 0.00037689 -0.0183843 0.0898384 0.000378516 -0.000941758 -0.00032915 0.000378516 0.00990306 -0.0182 0.00037689 -0.000941758 -0.0182 0.0894428 
0.0100717 -0.0184185 -0.000336119 0.000408213 -0.0184185 0.0899644 0.000408339 -0.000997437 -0.000336119 0.000408339 0.00992388 -0.018204 0.000408213 -0.000997437 -0.018204 0.0894405 
0.0100625 -0.0184358 -0.000334943 0.000421361 -0.0184358 0.0900298 0.000422857 -0.0010479 -0.000334943 0.000422857 0.00995572 -0.018236 0.000421361 -0.0010479 -0.018236 0.0894925 
0.0100715 -0.0184137 -0.000353829 0.000432816 -0.0184137 0.0900013 0.000435676 -0.00109754 -0.000353829 0.000435676 0.00993994 -0.018282 0.000432816 -0.00109754 -0.018282 0.0895988 
0.01009 -0.0184333 -0.000358018 0.000441647 -0.0184333 0.0900291 0.000444302 -0.00111158 -0.000358018 0.000444302 0.00991719 -0.0182631 0.000441647 -0.00111158 -0.0182631 0.0896172 
0.0101138 -0.0184465 -0.000367687 0.000442593 -0.0184465 0.090057 0.000443497 -0.00111175 -0.000367687 0.000443497 0.00988303 -0.0182435 0.000442593 -0.00111175 -0.0182435 0.0895899 
0.0101052 -0.0184761 -0.00035274 0.000444903 -0.0184761 0.0901115 0.000443569 -0.0010997 -0.00035274 0.000443569 0.00988028 -0.0181967 0.000444903 -0.0010997 -0.0181967 0.0894984 
0.0100656 -0.0184563 -0.000335231 0.000427197 -0.0184563 0.0900919 0.000424036 -0.00106638 -0.000335231 0.000424036 0.00991368 -0.0181964 0.000427197 -0.00106638 -0.0181964 0.0894613 
0.0100265 -0.0184106 -0.000305225 0.000413779 -0.0184106 0.0900081 0.000408194 -0.00103509 -0.000305225 0.000408194 0.00995304 -0.0182298 0.000413779 -0.00103509 -0.0182298 0.0894938 
0.01002 -0.0183526 -0.000284503 0.000368335 -0.0183526 0.0898676 0.000363957 -0.000942953 -0.000284503 0.000363957 0.00997545 -0.018295 0.000368335 -0.000942953 -0.018295 0.0896374 
0.0100166 -0.0183578 -0.000295973 0.00035837 -0.0183578 0.089823 0.000357792 -0.000910072 -0.000295973 0.000357792 0.00996411 -0.0182921 0.00035837 -0.000910072 -0.0182921 0.0896568 
0.0100185 -0.0183494 -0.000315794 0.000363513 -0.0183494 0.0897955 0.000368865 -0.000905967 -0.000315794 0.000368865 0.00993921 -0.0182835 0.000363513 -0.000905967 -0.0182835 0.089653 
0.010014 -0.0183188 -0.000306574 0.000392806 -0.0183188 0.0896971 0.000398431 -0.000956211 -0.000306574 0.000398431 0.00991093 -0.0182704 0.000392806 -0.000956211 -0.0182704 0.0896434 
0.0100135 -0.0183171 -0.000297952 0.00039458 -0.0183171 0.089664 0.000395339 -0.000995039 -0.000297952 0.000395339 0.00990329 -0.0182297 0.00039458 -0.000995039 -0.0182297 0.0895642 
0.0100186 -0.0183496 -0.00032336 0.000395655 -0.0183496 0.0897451 0.000393721 -0.0010167 -0.00032336 0.000393721 0.00990122 -0.0181792 0.000395655 -0.0010167 -0.0181792 0.089397 
0.0100205 -0.0183437 -0.00035263 0.000420823 -0.0183437 0.0897567 0.000419381 -0.00105613 -0.00035263 0.000419381 0.00990874 -0.0181927 0.000420823 -0.00105613 -0.0181927 0.0893701 
0.0100109 -0.0183487 -0.000345189 0.000435176 -0.0183487 0.0897681 0.000432838 -0.00107426 -0.000345189 0.000432838 0.00992987 -0.018207 0.000435176 -0.00107426 -0.018207 0.0893971 
0.00999944 -0.0183502 -0.000349434 0.000438565 -0.0183502 0.0897946 0.000435682 -0.00110106 -0.000349434 0.000435682 0.00993973 -0.0182242 0.000438565 -0.00110106 -0.0182242 0.0894266 
0.00997985 -0.0183271 -0.000342579 0.000427868 -0.0183271 0.0897628 0.000425265 -0.00107581 -0.000342579 0.000425265 0.0099661 -0.0182585 0.000427868 -0.00107581 -0.0182585 0.0895237 
0.0099773 -0.0183121 -0.00035019 0.000436384 -0.0183121 0.0897284 0.000432896 -0.00109456 -0.00035019 0.000432896 0.00993729 -0.018265 0.000436384 -0.00109456 -0.018265 0.0895393 
0.00995852 -0.0182987 -0.000349433 0.000457327 -0.0182987 0.0896842 0.000454481 -0.00114969 -0.000349433 0.000454481 0.00992203 -0.0182373 0.000457327 -0.00114969 -0.0182373 0.0895138 
0.00993798 -0.0182491 -0.000316611 0.000434154 -0.0182491 0.0895663 0.000432021 -0.00111392 -0.000316611 0.000432021 0.00993028 -0.0182518 0.000434154 -0.00111392 -0.0182518 0.0895595 
0.00992407 -0.0182413 -0.000295035 0.000396371 -0.0182413 0.0895235 0.000397124 -0.00104452 -0.000295035 0.000397124 0.00994846 -0.0182445 0.000396371 -0.00104452 -0.0182445 0.0895508 
0.00991631 -0.0182393 -0.000293018 0.000366788 -0.0182393 0.0895157 0.000369961 -0.000964392 -0.000293018 0.000369961 0.0099422 -0.0182357 0.000366788 -0.000964392 -0.0182357 0.0894938 
0.00990782 -0.0182131 -0.000294855 0.000363478 -0.0182131 0.089454 0.00036568 -0.000925488 -0.000294855 0.00036568 0.00993249 -0.0182395 0.000363478 -0.000925488 -0.0182395 0.0894908 
0.00990931 -0.0181943 -0.00029333 0.000380643 -0.0181943 0.0893929 0.000377562 -0.00095014 -0.00029333 0.000377562 0.00991545 -0.0182296 0.000380643 -0.00095014 -0.0182296 0.0894719 
0.0099497 -0.0182024 -0.000300542 0.000372967 -0.0182024 0.0893915 0.000367507 -0.000944563 -0.000300542 0.000367507 0.00987817 -0.0182044 0.000372967 -0.000944563 -0.0182044 0.0894195 
0.0099505 -0.0182616 -0.000294512 0.000374956 -0.0182616 0.0894964 0.000370906 -0.000937194 -0.000294512 0.000370906 0.00988649 -0.0181497 0.000374956 -0.000937194 -0.0181497 0.0892991 
0.00992857 -0.0182574 -0.000295559 0.000362952 -0.0182574 0.0895396 0.000359258 -0.000913298 -0.000295559 0.000359258 0.00992655 -0.0181766 0.000362952 -0.000913298 -0.0181766 0.0893086 
0.00990433 -0.0182202 -0.000305606 0.000376394 -0.0182202 0.0894816 0.000373825 -0.000935914 -0.000305606 0.000373825 0.00995874 -0.0182429 0.000376394 -0.000935914 -0.0182429 0.0894478 
0.00989184 -0.0182155 -0.000300737 0.000361942 -0.0182155 0.0894723 0.000359728 -0.000898291 -0.000300737 0.000359728 0.00999505 -0.0182692 0.000361942 -0.000898291 -0.0182692 0.089543 
0.00990089 -0.0182093 -0.000297319 0.000363174 -0.0182093 0.0894676 0.000362992 -0.000895038 -0.000297319 0.000362992 0.0100135 -0.0183 0.000363174 -0.000895038 -0.0183 0.0896086 
0.00989993 -0.0181927 -0.000292134 0.000376308 -0.0181927 0.0894047 0.000378612 -0.000936179 -0.000292134 0.000378612 0.0100187 -0.0183411 0.000376308 -0.000936179 -0.0183411 0.0897154 
0.009927 -0.0181874 -0.0002952 0.000368574 -0.0181874 0.0893668 0.000369099 -0.000937092 -0.0002952 0.000369099 0.00999467 -0.0183566 0.000368574 -0.000937092 -0.0183566 0.0897942 
0.00995635 -0.0182565 -0.000312217 0.000379107 -0.0182565 0.0895001 0.000380786 -0.00095937 -0.000312217 0.000380786 0.00995777 -0.0182915 0.000379107 -0.00095937 -0.0182915 0.0896811 
0.00995703 -0.0182741 -0.000317318 0.000398873 -0.0182741 0.0895717 0.000399543 -0.00099504 -0.000317318 0.000399543 0.00993034 -0.0182564 0.000398873 -0.00099504 -0.0182564 0.0895739 
0.009971 -0.0182882 -0.000292013 0.000395077 -0.0182882 0.0896388 0.000389902 -0.000989154 -0.000292013 0.000389902 0.00993222 -0.0182303 0.000395077 -0.000989154 -0.0182303 0.0895134 
0.00998132 -0.0182763 -0.000284888 0.000360072 -0.0182763 0.0896091 0.000350655 -0.00092048 -0.000284888 0.000350655 0.00995682 -0.0182606 0.000360072 -0.00092048 -0.0182606 0.0895677 
0.0100028 -0.018287 -0.000313389 0.000368246 -0.018287 0.0896025 0.000366333 -0.000926698 -0.000313389 0.000366333 0.00994422 -0.0182816 0.000368246 -0.000926698 -0.0182816 0.0896132 
0.00999762 -0.0183311 -0.000345474 0.000384761 -0.0183311 0.0896939 0.000391434 -0.000952046 -0.000345474 0.000391434 0.0099451 -0.0182575 0.000384761 -0.000952046 -0.0182575 0.0895876 
0.00998512 -0.0183125 -0.000328138 0.000425107 -0.0183125 0.0896955 0.000433968 -0.00103069 -0.000328138 0.000433968 0.00994882 -0.018277 0.000425107 -0.00103069 -0.018277 0.0896246 
0.009993 -0.0183004 -0.000339694 0.000416061 -0.0183004 0.0896805 0.000418937 -0.00105947 -0.000339694 0.000418937 0.00994552 -0.0182825 0.000416061 -0.00105947 -0.0182825 0.0896503 
0.0100127 -0.0183231 -0.000364401 0.0004426 -0.0183231 0.089721 0.000439505 -0.00110728 -0.000364401 0.000439505 0.00991669 -0.0182532 0.0004426 -0.00110728 -0.0182532 0.0895793 
0.0100138 -0.0183521 -0.000372415 0.000458166 -0.0183521 0.0897924 0.000452838 -0.0011353 -0.000372415 0.000452838 0.00990204 -0.0182072 0.000458166 -0.0011353 -0.0182072 0.089459 
0.0100003 -0.0183597 -0.000352057 0.000461396 -0.0183597 0.0898423 0.000457243 -0.00114748 -0.000352057 0.000457243 0.00990922 -0.0181834 0.000461396 -0.00114748 -0.0181834 0.0893654 
0.00998125 -0.0183376 -0.000331013 0.000435347 -0.0183376 0.0898179 0.000434556 -0.00111551 -0.000331013 0.000434556 0.00992891 -0.018198 0.000435347 -0.00111551 -0.018198 0.0893605 
0.00994353 -0.0182719 -0.000328088 0.000423731 -0.0182719 0.0896456 0.000426998 -0.00109856 -0.000328088 0.000426998 0.00994158 -0.0182499 0.000423731 -0.00109856 -0.0182499 0.0894746 
0.00995606 -0.0182479 -0.000306665 0.000408799 -0.0182479 0.0895602 0.000410608 -0.00105379 -0.000306665 0.000410608 0.00991219 -0.0182466 0.000408799 -0.00105379 -0.0182466 0.0895049 
0.00996176 -0.0182799 -0.000286351 0.000376352 -0.0182799 0.0895968 0.000377093 -0.000982058 -0.000286351 0.000377093 0.00990354 -0.0182021 0.000376352 -0.000982058 -0.0182021 0.0894415 
0.009964 -0.0182795 -0.000295208 0.000350389 -0.0182795 0.0896159 0.000353257 -0.000912429 -0.000295208 0.000353257 0.0099239 -0.0182053 0.000350389 -0.000912429 -0.0182053 0.0894307 
0.00996497 -0.0182651 -0.000322832 0.000371958 -0.0182651 0.0895765 0.00037579 -0.000928748 -0.000322832 0.00037579 0.00993581 -0.0182398 0.000371958 -0.000928748 -0.0182398 0.0894902 
0.0099555 -0.0182626 -0.000342372 0.000394636 -0.0182626 0.089554 0.00039547 -0.000962684 -0.000342372 0.00039547 0.00998243 -0.018279 0.000394636 -0.000962684 -0.018279 0.0896167 
0.00993341 -0.0182493 -0.000346091 0.000428643 -0.0182493 0.0895261 0.000425282 -0.00103772 -0.000346091 0.000425282 0.0100346 -0.0183363 0.000428643 -0.00103772 -0.0183363 0.0897491 
0.00995317 -0.0182411 -0.00034966 0.000437037 -0.0182411 0.0895213 0.000433799 -0.00108652 -0.00034966 0.000433799 0.0100362 -0.0183856 0.000437037 -0.00108652 -0.0183856 0.0898657 
0.00997499 -0.0182937 -0.000345004 0.000442328 -0.0182937 0.08963 0.000442079 -0.00111267 -0.000345004 0.000442079 0.010023 -0.018361 0.000442328 -0.00111267 -0.018361 0.0898472 
0.00998031 -0.0183167 -0.000329871 0.000430064 -0.0183167 0.0897179 0.000429905 -0.00109469 -0.000329871 0.000429905 0.010034 -0.0183556 0.000430064 -0.00109469 -0.0183556 0.08983 
0.0100015 -0.0183264 -0.000319831 0.00040881 -0.0183264 0.0897664 0.00040515 -0.0010416 -0.000319831 0.00040515 0.0100178 -0.0183588 0.00040881 -0.0010416 -0.0183588 0.0898101 
0.0100008 -0.0183498 -0.000313743 0.000400549 -0.0183498 0.089812 0.00039465 -0.00100767 -0.000313743 0.00039465 0.0100057 -0.0183355 0.000400549 -0.00100767 -0.0183355 0.0897636 
0.010002 -0.0183157 -0.000324215 0.000409217 -0.0183157 0.0897427 0.000407726 -0.00103075 -0.000324215 0.000407726 0.0099942 -0.0183571 0.000409217 -0.00103075 -0.0183571 0.0898207 
0.0100089 -0.0183255 -0.000333412 0.000410711 -0.0183255 0.0897309 0.000415261 -0.00103976 -0.000333412 0.000415261 0.00997624 -0.0183367 0.000410711 -0.00103976 -0.0183367 0.0898107 
0.0100054 -0.0183101 -0.000340617 0.000403044 -0.0183101 0.0896817 0.000411204 -0.00101403 -0.000340617 0.000411204 0.00996848 -0.018336 0.000403044 -0.00101403 -0.018336 0.0898211 
0.00998075 -0.0183168 -0.000348127 0.000419749 -0.0183168 0.0896816 0.000427057 -0.00103539 -0.000348127 0.000427057 0.00996646 -0.0183029 0.000419749 -0.00103539 -0.0183029 0.0897451 
0.00999169 -0.0183307 -0.000331901 0.000423443 -0.0183307 0.0897578 0.000426163 -0.00104758 -0.000331901 0.000426163 0.00995166 -0.0182676 0.000423443 -0.00104758 -0.0182676 0.0896296 
0.0099862 -0.0183312 -0.00032538 0.000413923 -0.0183312 0.0897663 0.000413547 -0.00104584 -0.00032538 0.000413547 0.00994868 -0.0182508 0.000413923 -0.00104584 -0.0182508 0.0895575 
0.00995374 -0.0182894 -0.000319745 0.000408964 -0.0182894 0.089662 0.000405267 -0.00103138 -0.000319745 0.000405267 0.00996839 -0.0182683 0.000408964 -0.00103138 -0.0182683 0.089577 
0.00993068 -0.0182569 -0.000305805 0.000384856 -0.0182569 0.0895773 0.000379229 -0.000964983 -0.000305805 0.000379229 0.00999735 -0.018297 0.000384856 -0.000964983 -0.018297 0.0896443 
0.00992242 -0.0182156 -0.000302004 0.000387195 -0.0182156 0.0894642 0.000384037 -0.000967939 -0.000302004 0.000384037 0.0100266 -0.0183483 0.000387195 -0.000967939 -0.0183483 0.0897727 
