0.00786281 0 0.000182817 0 0 0.01 0 0 0.000182817 0 0.00679964 0 0 0 0 0.01 
0.0109796 -0.0136284 0.00022922 -0.000281188 -0.0136284 0.0353057 -0.000281188 0.000539267 0.00022922 -0.000281188 0.00969333 -0.0120449 -0.000281188 0.000539267 -0.0120449 0.0322694 
0.0108858 -0.0203003 0.000165462 -0.000275324 -0.0203003 0.0740603 -0.000275324 0.000868819 0.000165462 -0.000275324 0.0098775 -0.0185615 -0.000275324 0.000868819 -0.0185615 0.0685344 
0.0102381 -0.0196873 0.000121493 -0.000183957 -0.0196873 0.0874968 -0.000185474 0.000626888 0.000121493 -0.000185474 0.00936788 -0.0184587 -0.000183957 0.000626888 -0.0184587 0.0831544 
0.0102092 -0.0188809 0.000118505 -0.000128001 -0.0188809 0.0898378 -0.000131653 0.000369695 0.000118505 -0.000131653 0.00935772 -0.0178457 -0.000128001 0.000369695 -0.0178457 0.086921 
0.0103729 -0.0188278 0.000101236 -0.000124346 -0.0188278 0.0905991 -0.000127297 0.000283741 0.000101236 -0.000127297 0.00952928 -0.0177126 -0.000124346 0.000283741 -0.0177126 0.0878977 
0.0104738 -0.0189391 0.000101918 -0.000136054 -0.0189391 0.0911519 -0.000137868 0.000323684 0.000101918 -0.000137868 0.00967781 -0.0178289 -0.000136054 0.000323684 -0.0178289 0.0883935 
0.010494 -0.0189764 9.64324e-05 -0.000127771 -0.0189764 0.0913817 -0.000132602 0.000328093 9.64324e-05 -0.000132602 0.00973811 -0.017952 -0.000127771 0.000328093 -0.017952 0.0887197 
0.0104872 -0.0189426 8.30495e-05 -9.48692e-05 -0.0189426 0.0913359 -0.000101267 0.000253513 8.30495e-05 -0.000101267 0.00973358 -0.0180201 -9.48692e-05 0.000253513 -0.0180201 0.0889253 
0.0105002 -0.0189247 7.70435e-05 -9.83453e-05 -0.0189247 0.0912594 -0.000104449 0.00024797 7.70435e-05 -0.000104449 0.00969412 -0.0180074 -9.83453e-05 0.00024797 -0.0180074 0.0889576 
0.0105068 -0.0189417 6.93877e-05 -7.90562e-05 -0.0189417 0.0912499 -8.31485e-05 0.000201399 6.93877e-05 -8.31485e-05 0.00967203 -0.0179593 -7.90562e-05 0.000201399 -0.0179593 0.0888802 
0.0105123 -0.0189667 6.09877e-05 -6.23455e-05 -0.0189667 0.0913034 -6.40965e-05 0.000142084 6.09877e-05 -6.40965e-05 0.00966255 -0.0179178 -6.23455e-05 0.000142084 -0.0179178 0.0887666 
0.0104897 -0.0189697 6.50175e-05 -7.6455e-05 -0.0189697 0.0913276 -7.35354e-05 0.000163401 6.50175e-05 -7.35354e-05 0.00968358 -0.0179243 -7.6455e-05 0.000163401 -0.0179243 0.088758 
0.0104831 -0.0189619 0.000101484 -0.000100036 -0.0189619 0.0913514 -9.26575e-05 0.000224603 0.000101484 -9.26575e-05 0.00969501 -0.0179444 -0.000100036 0.000224603 -0.0179444 0.0887919 
0.0104664 -0.0189266 0.000106923 -0.000134944 -0.0189266 0.0912767 -0.00012618 0.000290185 0.000106923 -0.00012618 0.00972411 -0.0180054 -0.000134944 0.000290185 -0.0180054 0.0889641 
0.0104557 -0.0189033 9.76498e-05 -0.000136997 -0.0189033 0.0912029 -0.000129094 0.000321692 9.76498e-05 -0.000129094 0.00971805 -0.0180408 -0.000136997 0.000321692 -0.0180408 0.0890912 
0.0104437 -0.0188874 0.000102383 -0.000123047 -0.0188874 0.09114 -0.000119426 0.000312132 0.000102383 -0.000119426 0.00966824 -0.0180129 -0.000123047 0.000312132 -0.0180129 0.0890725 
0.010444 -0.0188603 0.000110727 -0.000120278 -0.0188603 0.0910729 -0.000120768 0.000297025 0.000110727 -0.000120768 0.00964143 -0.0179738 -0.000120278 0.000297025 -0.0179738 0.0890202 
0.0104526 -0.0188559 0.000126366 -0.000145533 -0.0188559 0.0910371 -0.000149318 0.000352167 0.000126366 -0.000149318 0.00962816 -0.0179378 -0.000145533 0.000352167 -0.0179378 0.0889281 
0.010455 -0.0188788 0.000121771 -0.00015523 -0.0188788 0.0910746 -0.000158356 0.000381033 0.000121771 -0.000158356 0.00962401 -0.0178987 -0.00015523 0.000381033 -0.0178987 0.088801 
0.01044 -0.0188976 9.73105e-05 -0.000139671 -0.0188976 0.0911361 -0.000139486 0.000352259 9.73105e-05 -0.000139486 0.00960455 -0.0178567 -0.000139671 0.000352259 -0.0178567 0.0886375 
0.0104326 -0.0188854 8.27075e-05 -0.000102762 -0.0188854 0.0911501 -0.000101631 0.000271061 8.27075e-05 -0.000101631 0.00958098 -0.017825 -0.000102762 0.000271061 -0.017825 0.0885179 
0.0104436 -0.0188844 9.36957e-05 -9.06537e-05 -0.0188844 0.0911634 -8.88341e-05 0.000222678 9.36957e-05 -8.88341e-05 0.00956236 -0.0177935 -9.06537e-05 0.000222678 -0.0177935 0.0884237 
0.0104482 -0.0188732 0.000105671 -0.000114214 -0.0188732 0.0911294 -0.000111179 0.000252193 0.000105671 -0.000111179 0.00957274 -0.0178057 -0.000114214 0.000252193 -0.0178057 0.088444 
0.0104234 -0.0188948 0.000104404 -0.00014112 -0.0188948 0.0911764 -0.000140651 0.000329358 0.000104404 -0.000140651 0.00962671 -0.0178165 -0.00014112 0.000329358 -0.0178165 0.0884723 
0.0104037 -0.0188669 0.000115543 -0.000145361 -0.0188669 0.0911587 -0.000148524 0.000379924 0.000115543 -0.000148524 0.00968741 -0.017891 -0.000145361 0.000379924 -0.017891 0.0886114 
0.0104036 -0.0188433 0.00012009 -0.000153354 -0.0188433 0.0911005 -0.000159443 0.000407582 0.00012009 -0.000159443 0.0096937 -0.0179595 -0.000153354 0.000407582 -0.0179595 0.0887799 
0.0104224 -0.0188342 0.000146278 -0.000160713 -0.0188342 0.0910484 -0.000165115 0.000428923 0.000146278 -0.000165115 0.00966277 -0.0179718 -0.000160713 0.000428923 -0.0179718 0.0888737 
0.0104221 -0.018867 0.00013954 -0.000158528 -0.018867 0.0910937 -0.000157202 0.000388006 0.00013954 -0.000157202 0.00964521 -0.017917 -0.000158528 0.000388006 -0.017917 0.0887948 
0.0103966 -0.0188618 0.000142515 -0.000170858 -0.0188618 0.091111 -0.000165812 0.000409707 0.000142515 -0.000165812 0.00967158 -0.0179029 -0.000170858 0.000409707 -0.0179029 0.0887331 
0.0103816 -0.0188472 0.000139269 -0.000169147 -0.0188472 0.0911033 -0.000166711 0.000417032 0.000139269 -0.000166711 0.00967275 -0.0179065 -0.000169147 0.000417032 -0.0179065 0.0886832 
0.0103694 -0.0188174 0.000125234 -0.000165264 -0.0188174 0.091031 -0.000168498 0.000418076 0.000125234 -0.000168498 0.00964302 -0.0179075 -0.000165264 0.000418076 -0.0179075 0.0886694 
0.0103781 -0.018797 0.000110923 -0.000152982 -0.018797 0.0909725 -0.000160301 0.000408873 0.000110923 -0.000160301 0.00962522 -0.0178886 -0.000152982 0.000408873 -0.0178886 0.0886594 
0.0103598 -0.0187977 0.000107978 -0.000136935 -0.0187977 0.0909337 -0.000142965 0.000379349 0.000107978 -0.000142965 0.00962477 -0.0178632 -0.000136935 0.000379349 -0.0178632 0.0886041 
0.0103555 -0.0187748 0.000110086 -0.000129655 -0.0187748 0.0908904 -0.000133422 0.000347653 0.000110086 -0.000133422 0.00962557 -0.0178685 -0.000129655 0.000347653 -0.0178685 0.0885986 
0.0103739 -0.0187821 0.000100055 -0.000122613 -0.0187821 0.090899 -0.000125049 0.000315028 0.000100055 -0.000125049 0.00962597 -0.0178618 -0.000122613 0.000315028 -0.0178618 0.0885838 
0.0103742 -0.0188042 0.000105031 -0.000124475 -0.0188042 0.0909358 -0.000125366 0.000316238 0.000105031 -0.000125366 0.00963157 -0.0178588 -0.000124475 0.000316238 -0.0178588 0.0885669 
0.0103411 -0.0187825 0.000111723 -0.000147584 -0.0187825 0.0908925 -0.00014763 0.000368025 0.000111723 -0.00014763 0.00965267 -0.0178866 -0.000147584 0.000368025 -0.0178866 0.0886266 
0.0103056 -0.0187297 9.6605e-05 -0.00014033 -0.0187297 0.0907755 -0.000137528 0.00035781 9.6605e-05 -0.000137528 0.00968273 -0.0179251 -0.00014033 0.00035781 -0.0179251 0.088728 
0.0102973 -0.0186998 8.06664e-05 -0.000108766 -0.0186998 0.0906956 -0.000103291 0.000283718 8.06664e-05 -0.000103291 0.00968965 -0.01795 -0.000108766 0.000283718 -0.01795 0.0887972 
0.0102798 -0.018685 5.44882e-05 -8.35862e-05 -0.018685 0.090636 -7.51913e-05 0.000201121 5.44882e-05 -7.51913e-05 0.0097082 -0.0179685 -8.35862e-05 0.000201121 -0.0179685 0.0888667 
0.0103086 -0.0186998 6.05748e-05 -6.24635e-05 -0.0186998 0.0906805 -5.5118e-05 0.000149201 6.05748e-05 -5.5118e-05 0.00969112 -0.0179501 -6.24635e-05 0.000149201 -0.0179501 0.0888163 
0.010303 -0.0187201 8.68827e-05 -9.07056e-05 -0.0187201 0.0907122 -8.7383e-05 0.000204565 8.68827e-05 -8.7383e-05 0.00971465 -0.0179455 -9.07056e-05 0.000204565 -0.0179455 0.0888051 
0.0103305 -0.0187284 0.000112912 -0.000101733 -0.0187284 0.0907604 -0.000101823 0.000230327 0.000112912 -0.000101823 0.00969341 -0.0179607 -0.000101733 0.000230327 -0.0179607 0.0888052 
0.010369 -0.0187308 0.000131848 -0.000153144 -0.0187308 0.0907478 -0.000153704 0.00034163 0.000131848 -0.000153704 0.00966238 -0.0179739 -0.000153144 0.00034163 -0.0179739 0.0888743 
0.0104305 -0.0187966 0.000123192 -0.000174263 -0.0187966 0.0908785 -0.000173731 0.000422054 0.000123192 -0.000173731 0.00963672 -0.0179353 -0.000174263 0.000422054 -0.0179353 0.0888386 
0.0104413 -0.0188805 0.000102523 -0.00014151 -0.0188805 0.0910795 -0.000143917 0.000380569 0.000102523 -0.000143917 0.0096839 -0.0179073 -0.00014151 0.000380569 -0.0179073 0.0887797 
0.0104533 -0.0189107 8.50679e-05 -0.000122549 -0.0189107 0.0912265 -0.00012749 0.000336276 8.50679e-05 -0.00012749 0.00970486 -0.0179465 -0.000122549 0.000336276 -0.0179465 0.088795 
0.0104751 -0.0189337 8.08757e-05 -8.89619e-05 -0.0189337 0.0913169 -9.38127e-05 0.000250744 8.08757e-05 -9.38127e-05 0.00968798 -0.0179718 -8.89619e-05 0.000250744 -0.0179718 0.0888589 
0.0104887 -0.0189434 6.89897e-05 -8.03323e-05 -0.0189434 0.0913474 -8.24219e-05 0.000193455 6.89897e-05 -8.24219e-05 0.00967463 -0.017976 -8.03323e-05 0.000193455 -0.017976 0.0889198 
0.0104891 -0.0189464 6.47606e-05 -9.81928e-05 -0.0189464 0.0913467 -9.64519e-05 0.000233678 6.47606e-05 -9.64519e-05 0.00966678 -0.0179703 -9.81928e-05 0.000233678 -0.0179703 0.0889403 
0.0104576 -0.018934 5.74084e-05 -9.19277e-05 -0.018934 0.091305 -8.89642e-05 0.000242136 5.74084e-05 -8.89642e-05 0.0096747 -0.01796 -9.19277e-05 0.000242136 -0.01796 0.0889282 
0.0104344 -0.0189115 6.82927e-05 -6.37057e-05 -0.0189115 0.0912683 -6.32967e-05 0.000179576 6.82927e-05 -6.32967e-05 0.00968703 -0.0179496 -6.37057e-05 0.000179576 -0.0179496 0.0888876 
0.0104115 -0.018883 4.96659e-05 -6.1405e-05 -0.018883 0.0912013 -6.73069e-05 0.000138075 4.96659e-05 -6.73069e-05 0.00970318 -0.0179557 -6.1405e-05 0.000138075 -0.0179557 0.0888686 
0.0104124 -0.018867 4.22223e-05 -5.34988e-05 -0.018867 0.0911613 -6.14318e-05 0.000136475 4.22223e-05 -6.14318e-05 0.00969479 -0.0179594 -5.34988e-05 0.000136475 -0.0179594 0.088851 
0.0104457 -0.0188735 3.50462e-05 -3.9693e-05 -0.0188735 0.0911671 -4.55527e-05 0.000102415 3.50462e-05 -4.55527e-05 0.00967313 -0.0179494 -3.9693e-05 0.000102415 -0.0179494 0.088828 
0.0104325 -0.0188773 1.69097e-05 -3.38724e-05 -0.0188773 0.091132 -3.65521e-05 8.1041e-05 1.69097e-05 -3.65521e-05 0.0096783 -0.0179581 -3.38724e-05 8.1041e-05 -0.0179581 0.0888682 
0.0104283 -0.0188711 1.88148e-05 -2.36699e-05 -0.0188711 0.0911348 -2.63069e-05 7.02897e-05 1.88148e-05 -2.63069e-05 0.0097084 -0.0179734 -2.36699e-05 7.02897e-05 -0.0179734 0.0889208 
0.0104328 -0.0188582 9.59593e-06 -1.26048e-05 -0.0188582 0.0910974 -1.91949e-05 3.46704e-05 9.59593e-06 -1.91949e-05 0.0097163 -0.0180086 -1.26048e-05 3.46704e-05 -0.0180086 0.088994 
0.0104397 -0.0188865 2.21005e-05 9.70473e-07 -0.0188865 0.0911481 -7.11339e-06 4.37709e-06 2.21005e-05 -7.11339e-06 0.00971677 -0.0179932 9.70473e-07 4.37709e-06 -0.0179932 0.0889801 
0.0104474 -0.0189139 4.99966e-05 -2.21922e-05 -0.0189139 0.0912403 -2.939e-05 3.40832e-05 4.99966e-05 -2.939e-05 0.00972471 -0.0179841 -2.21922e-05 3.40832e-05 -0.0179841 0.0889468 
0.0104498 -0.0189178 5.25182e-05 -6.13056e-05 -0.0189178 0.0912685 -6.34142e-05 0.000110811 5.25182e-05 -6.34142e-05 0.00970444 -0.0179885 -6.13056e-05 0.000110811 -0.0179885 0.0889309 
0.0104563 -0.018897 4.21579e-05 -7.78683e-05 -0.018897 0.0912283 -7.20565e-05 0.000175518 4.21579e-05 -7.20565e-05 0.00970539 -0.018011 -7.78683e-05 0.000175518 -0.018011 0.0890206 
0.0104691 -0.0188968 3.19505e-05 -6.14732e-05 -0.0188968 0.0911993 -5.05606e-05 0.000159862 3.19505e-05 -5.05606e-05 0.00969139 -0.01802 -6.14732e-05 0.000159862 -0.01802 0.0890752 
0.0104894 -0.0189302 3.06725e-05 -4.71679e-05 -0.0189302 0.0912573 -3.85827e-05 0.000127186 3.06725e-05 -3.85827e-05 0.00964383 -0.0179699 -4.71679e-05 0.000127186 -0.0179699 0.088981 
0.0104788 -0.0189632 9.52391e-06 -2.98867e-05 -0.0189632 0.0913414 -2.93266e-05 8.17866e-05 9.52391e-06 -2.93266e-05 0.00960147 -0.0178827 -2.98867e-05 8.17866e-05 -0.0178827 0.088764 
0.0105031 -0.0189513 -3.56599e-06 -4.67906e-06 -0.0189513 0.091368 -9.69787e-06 3.35129e-05 -3.56599e-06 -9.69787e-06 0.00957492 -0.0178325 -4.67906e-06 3.35129e-05 -0.0178325 0.0885929 
0.0105095 -0.0189746 -8.64308e-06 2.01638e-05 -0.0189746 0.0913983 1.40711e-05 -3.47585e-05 -8.64308e-06 1.40711e-05 0.00958803 -0.0178016 2.01638e-05 -3.47585e-05 -0.0178016 0.0884775 
0.0105001 -0.0189795 -3.68417e-07 1.63471e-05 -0.0189795 0.0914265 1.24528e-05 -4.75483e-05 -3.68417e-07 1.24528e-05 0.00964535 -0.0178361 1.63471e-05 -4.75483e-05 -0.0178361 0.088507 
0.0104761 -0.018964 -8.44093e-06 6.87368e-06 -0.018964 0.0913941 6.53137e-06 -3.80927e-05 -8.44093e-06 6.53137e-06 0.00965192 -0.0178927 6.87368e-06 -3.80927e-05 -0.0178927 0.0885973 
0.0104842 -0.0189255 -2.87257e-05 1.21827e-05 -0.0189255 0.0913107 1.31331e-05 -3.66999e-05 -2.87257e-05 1.31331e-05 0.00961956 -0.0179255 1.21827e-05 -3.66999e-05 -0.0179255 0.0887301 
0.0104915 -0.0189241 -4.60262e-05 3.22636e-05 -0.0189241 0.0912622 2.9789e-05 -6.04237e-05 -4.60262e-05 2.9789e-05 0.00961193 -0.0179055 3.22636e-05 -6.04237e-05 -0.0179055 0.0887752 
0.010464 -0.0189596 -3.68987e-05 5.16634e-05 -0.0189596 0.0913315 4.65499e-05 -9.74349e-05 -3.68987e-05 4.65499e-05 0.00963311 -0.017858 5.16634e-05 -9.74349e-05 -0.017858 0.0886644 
0.0104229 -0.0189131 -1.88092e-05 2.46101e-05 -0.0189131 0.091281 2.06345e-05 -5.54478e-05 -1.88092e-05 2.06345e-05 0.0096685 -0.0178983 2.46101e-05 -5.54478e-05 -0.0178983 0.0886917 
0.0104054 -0.0188589 -3.31551e-06 2.36343e-05 -0.0188589 0.0911672 2.09912e-05 -5.49369e-05 -3.31551e-06 2.09912e-05 0.00971589 -0.0179633 2.36343e-05 -5.49369e-05 -0.0179633 0.0888459 
0.0104151 -0.0188358 7.78668e-06 1.06512e-05 -0.0188358 0.0910664 8.67925e-06 -4.06483e-05 7.78668e-06 8.67925e-06 0.0096949 -0.0179964 1.06512e-05 -4.06483e-05 -0.0179964 0.0889306 
0.0104163 -0.0188497 -9.87565e-06 1.33069e-05 -0.0188497 0.0910487 1.18744e-05 -5.40304e-05 -9.87565e-06 1.18744e-05 0.00965389 -0.0179531 1.33069e-05 -5.40304e-05 -0.0179531 0.0888751 
0.0104092 -0.0188359 -3.54727e-05 2.75347e-05 -0.0188359 0.0910119 2.66897e-05 -7.42706e-05 -3.54727e-05 2.66897e-05 0.00964411 -0.0179187 2.75347e-05 -7.42706e-05 -0.0179187 0.0888052 
0.0103987 -0.0188169 -2.11808e-05 4.03857e-05 -0.0188169 0.0909596 3.98946e-05 -8.92673e-05 -2.11808e-05 3.98946e-05 0.00966196 -0.0179222 4.03857e-05 -8.92673e-05 -0.0179222 0.0887944 
0.0104112 -0.0188393 5.48645e-06 2.00734e-05 -0.0188393 0.0910201 2.05847e-05 -6.43505e-05 5.48645e-06 2.05847e-05 0.00967945 -0.0179193 2.00734e-05 -6.43505e-05 -0.0179193 0.0887627 
0.0104143 -0.0188798 2.85852e-05 5.00409e-06 -0.0188798 0.0911292 7.85356e-06 -4.90023e-05 2.85852e-05 7.85356e-06 0.00966731 -0.0178993 5.00409e-06 -4.90023e-05 -0.0178993 0.0886732 
0.0104032 -0.0188828 4.68872e-05 -4.23493e-05 -0.0188828 0.0911849 -3.98989e-05 5.51953e-05 4.68872e-05 -3.98989e-05 0.00967074 -0.0178921 -4.23493e-05 5.51953e-05 -0.0178921 0.0886359 
0.0103859 -0.0188611 5.21447e-05 -6.65686e-05 -0.0188611 0.0911552 -6.67525e-05 0.000142751 5.21447e-05 -6.67525e-05 0.00965697 -0.0178997 -6.65686e-05 0.000142751 -0.0178997 0.0886393 
0.0103572 -0.0188161 4.43854e-05 -5.74208e-05 -0.0188161 0.09104 -5.94819e-05 0.000147729 4.43854e-05 -5.94819e-05 0.00965707 -0.0179064 -5.74208e-05 0.000147729 -0.0179064 0.0886833 
0.0103513 -0.018767 1.09247e-05 -3.86313e-05 -0.018767 0.0909087 -3.97177e-05 0.000102812 1.09247e-05 -3.97177e-05 0.0096531 -0.0179285 -3.86313e-05 0.000102812 -0.0179285 0.0887587 
0.0103457 -0.0187502 -2.55189e-05 1.08209e-06 -0.0187502 0.0908208 -2.53857e-06 2.66336e-05 -2.55189e-05 -2.53857e-06 0.00966935 -0.0179331 1.08209e-06 2.66336e-05 -0.0179331 0.0888055 
0.0103684 -0.0187644 -2.11222e-05 2.7973e-05 -0.0187644 0.0908375 2.22756e-05 -2.62649e-05 -2.11222e-05 2.22756e-05 0.00965831 -0.0179282 2.7973e-05 -2.62649e-05 -0.0179282 0.0887833 
0.0103825 -0.0187852 -6.31326e-06 2.11082e-05 -0.0187852 0.090881 1.71894e-05 -3.94778e-05 -6.31326e-06 1.71894e-05 0.00968132 -0.0179367 2.11082e-05 -3.94778e-05 -0.0179367 0.088811 
0.0103975 -0.0188238 -2.62119e-06 1.97311e-05 -0.0188238 0.0909806 2.26024e-05 -6.54292e-05 -2.62119e-06 2.26024e-05 0.00967977 -0.0179424 1.97311e-05 -6.54292e-05 -0.0179424 0.0888064 
0.0104125 -0.0188467 1.05757e-05 5.80764e-06 -0.0188467 0.0910681 1.27053e-05 -4.50088e-05 1.05757e-05 1.27053e-05 0.00968671 -0.0179462 5.80764e-06 -4.50088e-05 -0.0179462 0.0888202 
0.0104308 -0.0188813 2.33968e-05 -1.59371e-05 -0.0188813 0.0911712 -1.1514e-05 8.20369e-06 2.33968e-05 -1.1514e-05 0.00967821 -0.0179369 -1.59371e-05 8.20369e-06 -0.0179369 0.0887919 
0.0104383 -0.0188898 -6.89629e-06 -2.42884e-05 -0.0188898 0.0912094 -2.44474e-05 4.22534e-05 -6.89629e-06 -2.44474e-05 0.00967582 -0.0179444 -2.42884e-05 4.22534e-05 -0.0179444 0.0888118 
0.0104395 -0.0188925 -3.14372e-05 1.93975e-05 -0.0188925 0.0912154 1.79699e-05 -1.85765e-05 -3.14372e-05 1.79699e-05 0.0096721 -0.0179493 1.93975e-05 -1.85765e-05 -0.0179493 0.0888383 
0.0104501 -0.018903 -5.28982e-05 4.05392e-05 -0.018903 0.0912432 4.13916e-05 -8.02842e-05 -5.28982e-05 4.13916e-05 0.00966584 -0.017936 4.05392e-05 -8.02842e-05 -0.017936 0.0888208 
0.0104536 -0.0189055 -4.75971e-05 7.38601e-05 -0.0189055 0.0912397 7.58633e-05 -0.000164468 -4.75971e-05 7.58633e-05 0.00964944 -0.0179251 7.38601e-05 -0.000164468 -0.0179251 0.0887872 
0.0104693 -0.0189119 -2.00813e-05 4.22424e-05 -0.0189119 0.0912532 4.60976e-05 -0.000122822 -2.00813e-05 4.60976e-05 0.00962545 -0.0179038 4.22424e-05 -0.000122822 -0.0179038 0.0887381 
0.0104475 -0.0189104 -4.60517e-06 2.57976e-05 -0.0189104 0.091224 3.38727e-05 -9.53117e-05 -4.60517e-06 3.38727e-05 0.00961418 -0.0178777 2.57976e-05 -9.53117e-05 -0.0178777 0.088676 
0.010431 -0.0188802 5.307e-06 8.10695e-09 -0.0188802 0.0911677 7.18781e-06 -3.36238e-05 5.307e-06 7.18781e-06 0.00962322 -0.0178752 8.10695e-09 -3.36238e-05 -0.0178752 0.0886606 
0.0103925 -0.0188693 -5.56873e-06 1.29665e-05 -0.0188693 0.0911293 1.74267e-05 -5.18868e-05 -5.56873e-06 1.74267e-05 0.00965894 -0.0178688 1.29665e-05 -5.18868e-05 -0.0178688 0.0886291 
0.0103713 -0.0188409 -1.44602e-05 1.24656e-05 -0.0188409 0.0910905 1.12535e-05 -4.27487e-05 -1.44602e-05 1.12535e-05 0.00966307 -0.0178884 1.24656e-05 -4.27487e-05 -0.0178884 0.0886204 
0.0103629 -0.0188161 3.81166e-06 1.13646e-05 -0.0188161 0.0910407 3.83907e-06 -1.73143e-05 3.81166e-06 3.83907e-06 0.00968495 -0.0179065 1.13646e-05 -1.73143e-05 -0.0179065 0.0886711 
0.010361 -0.0187924 2.06525e-05 -6.02682e-06 -0.0187924 0.0909671 -1.83352e-05 1.86623e-05 2.06525e-05 -1.83352e-05 0.00970255 -0.0179442 -6.02682e-06 1.86623e-05 -0.0179442 0.0887586 
0.0103671 -0.018785 1.69605e-05 -1.66976e-05 -0.018785 0.0909199 -3.06413e-05 4.25119e-05 1.69605e-05 -3.06413e-05 0.00970276 -0.0179688 -1.66976e-05 4.25119e-05 -0.0179688 0.0888354 
0.0104085 -0.0187928 6.62227e-07 -1.63293e-05 -0.0187928 0.0909294 -2.54471e-05 4.9976e-05 6.62227e-07 -2.54471e-05 0.00971399 -0.0179963 -1.63293e-05 4.9976e-05 -0.0179963 0.0889419 
0.0104597 -0.018857 -1.31238e-05 -1.02281e-05 -0.018857 0.0910525 -1.14289e-05 4.58417e-05 -1.31238e-05 -1.14289e-05 0.00972572 -0.018012 -1.02281e-05 4.58417e-05 -0.018012 0.089009 
0.0104871 -0.018924 -3.25084e-05 1.7076e-05 -0.018924 0.0912099 2.22903e-05 -2.03985e-05 -3.25084e-05 2.22903e-05 0.00971434 -0.0180124 1.7076e-05 -2.03985e-05 -0.0180124 0.0890177 
0.0104919 -0.0189421 -5.98956e-05 5.6366e-05 -0.0189421 0.0912877 6.14877e-05 -0.000128863 -5.98956e-05 6.14877e-05 0.00970411 -0.0180201 5.6366e-05 -0.000128863 -0.0180201 0.0890574 
0.010493 -0.0189545 -5.93398e-05 8.66575e-05 -0.0189545 0.0913339 8.72862e-05 -0.000206936 -5.93398e-05 8.72862e-05 0.00968595 -0.0179972 8.66575e-05 -0.000206936 -0.0179972 0.089032 
0.01048 -0.0189643 -4.83345e-05 6.79009e-05 -0.0189643 0.0913681 6.5711e-05 -0.000185069 -4.83345e-05 6.5711e-05 0.00967655 -0.0179526 6.79009e-05 -0.000185069 -0.0179526 0.0889235 
0.0104341 -0.0189368 -5.02852e-05 5.60911e-05 -0.0189368 0.091324 5.40244e-05 -0.000149062 -5.02852e-05 5.40244e-05 0.00969506 -0.0179466 5.60911e-05 -0.000149062 -0.0179466 0.0888689 
0.0104118 -0.018885 -3.61586e-05 5.51849e-05 -0.018885 0.0912235 5.51537e-05 -0.000134463 -3.61586e-05 5.51537e-05 0.00968517 -0.0179543 5.51849e-05 -0.000134463 -0.0179543 0.088845 
0.0104286 -0.0188409 -2.98706e-05 4.87207e-05 -0.0188409 0.0910919 5.08136e-05 -0.000134121 -2.98706e-05 5.08136e-05 0.00965233 -0.0179577 4.87207e-05 -0.000134121 -0.0179577 0.0888628 
0.0104521 -0.0188662 -4.91563e-06 3.22208e-05 -0.0188662 0.0910921 3.52293e-05 -9.64638e-05 -4.91563e-06 3.52293e-05 0.00963111 -0.017918 3.22208e-05 -9.64638e-05 -0.017918 0.0888051 
0.0104444 -0.0189201 1.44576e-05 1.70265e-05 -0.0189201 0.0912136 2.43046e-05 -7.79013e-05 1.44576e-05 2.43046e-05 0.00961913 -0.0178513 1.70265e-05 -7.79013e-05 -0.0178513 0.0886194 
0.010416 -0.0189194 2.48115e-05 -1.609e-05 -0.0189194 0.0912828 -7.55517e-06 -9.90745e-06 2.48115e-05 -7.55517e-06 0.00962418 -0.0178315 -1.609e-05 -9.90745e-06 -0.0178315 0.0885062 
0.010386 -0.0188751 6.66827e-06 -2.35331e-05 -0.0188751 0.091223 -1.66305e-05 2.40208e-05 6.66827e-06 -1.66305e-05 0.00963324 -0.0178487 -2.35331e-05 2.40208e-05 -0.0178487 0.0885093 
0.0103704 -0.0188339 9.87494e-06 -2.65359e-05 -0.0188339 0.0911224 -2.17455e-05 7.1099e-05 9.87494e-06 -2.17455e-05 0.0096332 -0.0178656 -2.65359e-05 7.1099e-05 -0.0178656 0.0885541 
0.0103463 -0.018788 -6.32171e-06 -1.21104e-05 -0.018788 0.0909837 -9.26516e-06 4.21589e-05 -6.32171e-06 -9.26516e-06 0.00964969 -0.0178953 -1.21104e-05 4.21589e-05 -0.0178953 0.0886523 
0.010341 -0.018751 6.6859e-06 1.19898e-05 -0.018751 0.0908588 9.31478e-06 -4.00897e-06 6.6859e-06 9.31478e-06 0.00963463 -0.017912 1.19898e-05 -4.00897e-06 -0.017912 0.0887106 
0.0103304 -0.0187383 1.86584e-05 4.50151e-07 -0.0187383 0.0907822 -4.50735e-06 -7.54827e-06 1.86584e-05 -4.50735e-06 0.00962743 -0.0178889 4.50151e-07 -7.54827e-06 -0.0178889 0.0886912 
0.0103276 -0.0187327 1.88629e-05 -1.56656e-05 -0.0187327 0.0907554 -1.98605e-05 2.00735e-05 1.88629e-05 -1.98605e-05 0.00962647 -0.0178685 -1.56656e-05 2.00735e-05 -0.0178685 0.0886312 
0.010304 -0.0187144 2.3404e-05 -1.46114e-05 -0.0187144 0.0906972 -1.58972e-05 2.706e-05 2.3404e-05 -1.58972e-05 0.00965397 -0.0178788 -1.46114e-05 2.706e-05 -0.0178788 0.0886358 
0.0102787 -0.0187039 2.01441e-05 -3.26097e-05 -0.0187039 0.0906723 -3.19879e-05 6.65726e-05 2.01441e-05 -3.19879e-05 0.00966455 -0.0178792 -3.26097e-05 6.65726e-05 -0.0178792 0.0886 
0.010236 -0.0186666 -9.66323e-07 -2.7651e-05 -0.0186666 0.0905974 -3.04817e-05 7.94878e-05 -9.66323e-07 -3.04817e-05 0.00968733 -0.0178953 -2.7651e-05 7.94878e-05 -0.0178953 0.0886147 
0.010229 -0.0186149 -2.18042e-05 3.92602e-06 -0.0186149 0.0904883 -2.13773e-06 2.90569e-05 -2.18042e-05 -2.13773e-06 0.00967838 -0.0179236 3.92602e-06 2.90569e-05 -0.0179236 0.0886655 
0.0102269 -0.0186073 -2.46097e-05 2.61803e-05 -0.0186073 0.0904299 1.86281e-05 -2.64804e-05 -2.46097e-05 1.86281e-05 0.00967391 -0.0179116 2.61803e-05 -2.64804e-05 -0.0179116 0.0886721 
0.0102264 -0.0186062 -2.4767e-05 3.7461e-05 -0.0186062 0.0904183 3.35003e-05 -7.85913e-05 -2.4767e-05 3.35003e-05 0.00968077 -0.0179107 3.7461e-05 -7.85913e-05 -0.0179107 0.0886738 
0.010248 -0.0186208 -3.20688e-05 3.42759e-05 -0.0186208 0.0904594 3.50637e-05 -9.69339e-05 -3.20688e-05 3.50637e-05 0.00968321 -0.0179103 3.42759e-05 -9.69339e-05 -0.0179103 0.0886645 
0.0102696 -0.0186535 -4.11176e-05 5.83019e-05 -0.0186535 0.0905299 6.21935e-05 -0.000157554 -4.11176e-05 6.21935e-05 0.00965407 -0.0178961 5.83019e-05 -0.000157554 -0.0178961 0.088616 
0.0102864 -0.018667 -3.18897e-05 5.56181e-05 -0.018667 0.0905723 6.12396e-05 -0.000165981 -3.18897e-05 6.12396e-05 0.00963684 -0.0178861 5.56181e-05 -0.000165981 -0.0178861 0.0886134 
0.0103003 -0.0186888 -2.54614e-05 3.11211e-05 -0.0186888 0.0906212 3.69556e-05 -0.000113187 -2.54614e-05 3.69556e-05 0.00961202 -0.0178597 3.11211e-05 -0.000113187 -0.0178597 0.0885648 
0.0102782 -0.0186787 -3.23262e-05 2.49755e-05 -0.0186787 0.090596 2.96923e-05 -7.85908e-05 -3.23262e-05 2.96923e-05 0.00961907 -0.0178597 2.49755e-05 -7.85908e-05 -0.0178597 0.0885785 
0.0102633 -0.0186668 -4.63878e-05 3.65858e-05 -0.0186668 0.0905772 3.94196e-05 -8.43672e-05 -4.63878e-05 3.94196e-05 0.00961641 -0.017841 3.65858e-05 -8.43672e-05 -0.017841 0.0885261 
0.0102628 -0.0186642 -4.86027e-05 5.84155e-05 -0.0186642 0.0905762 5.88077e-05 -0.000125541 -4.86027e-05 5.88077e-05 0.00959705 -0.0178083 5.84155e-05 -0.000125541 -0.0178083 0.0884193 
0.0102539 -0.018631 -3.92887e-05 4.65776e-05 -0.018631 0.0904959 4.45556e-05 -0.000106519 -3.92887e-05 4.45556e-05 0.00961007 -0.0178292 4.65776e-05 -0.000106519 -0.0178292 0.0884595 
0.0102449 -0.01861 -6.56627e-05 7.21213e-05 -0.01861 0.0904176 6.74279e-05 -0.0001725 -6.56627e-05 6.74279e-05 0.00962076 -0.0178543 7.21213e-05 -0.0001725 -0.0178543 0.0885255 
0.0102525 -0.0186258 -6.25125e-05 9.4198e-05 -0.0186258 0.0904434 8.76765e-05 -0.000220977 -6.25125e-05 8.76765e-05 0.00959381 -0.0178346 9.4198e-05 -0.000220977 -0.0178346 0.0884843 
0.0102479 -0.0186464 -5.59972e-05 8.36022e-05 -0.0186464 0.0905086 7.76727e-05 -0.000220883 -5.59972e-05 7.76727e-05 0.00958299 -0.0177912 8.36022e-05 -0.000220883 -0.0177912 0.088384 
0.0102411 -0.018642 -7.66042e-05 9.6251e-05 -0.018642 0.0905258 9.09651e-05 -0.000258593 -7.66042e-05 9.09651e-05 0.00956181 -0.0177682 9.6251e-05 -0.000258593 -0.0177682 0.0882955 
0.0102443 -0.0186263 -8.43583e-05 9.16835e-05 -0.0186263 0.0905056 8.96301e-05 -0.000237408 -8.43583e-05 8.96301e-05 0.00956348 -0.0177647 9.16835e-05 -0.000237408 -0.0177647 0.0882882 
0.010247 -0.0186131 -6.5356e-05 8.27108e-05 -0.0186131 0.0904586 8.20625e-05 -0.000198988 -6.5356e-05 8.20625e-05 0.00958824 -0.0177869 8.27108e-05 -0.000198988 -0.0177869 0.0883413 
0.0102194 -0.0186205 -5.71118e-05 7.15619e-05 -0.0186205 0.0904573 7.24761e-05 -0.000183264 -5.71118e-05 7.24761e-05 0.00964546 -0.0178165 7.15619e-05 -0.000183264 -0.0178165 0.0884085 
0.0102094 -0.0186028 -6.90299e-05 6.72462e-05 -0.0186028 0.0904494 6.77242e-05 -0.000172497 -6.90299e-05 6.77242e-05 0.0096721 -0.0178724 6.72462e-05 -0.000172497 -0.0178724 0.0885071 
0.0101978 -0.0185849 -8.91276e-05 9.76468e-05 -0.0185849 0.0904058 9.49777e-05 -0.000229676 -8.91276e-05 9.49777e-05 0.00969639 -0.0179187 9.76468e-05 -0.000229676 -0.0179187 0.0886442 
0.010208 -0.0185628 -7.21447e-05 9.94967e-05 -0.0185628 0.0903472 9.45126e-05 -0.000230232 -7.21447e-05 9.45126e-05 0.00969924 -0.0179653 9.94967e-05 -0.000230232 -0.0179653 0.0887903 
0.0102318 -0.0185874 -5.51606e-05 7.91003e-05 -0.0185874 0.0903709 7.70351e-05 -0.000200113 -5.51606e-05 7.70351e-05 0.00967151 -0.0179457 7.91003e-05 -0.000200113 -0.0179457 0.0887868 
0.0102551 -0.0186275 -4.04506e-05 7.99657e-05 -0.0186275 0.0904602 7.94178e-05 -0.000211216 -4.04506e-05 7.94178e-05 0.0096419 -0.0178946 7.99657e-05 -0.000211216 -0.0178946 0.0886789 
0.0102603 -0.0186596 -2.57795e-05 5.47811e-05 -0.0186596 0.0905546 5.24667e-05 -0.000168097 -2.57795e-05 5.24667e-05 0.0096395 -0.0178564 5.47811e-05 -0.000168097 -0.0178564 0.0885663 
0.0102626 -0.0186599 -3.26006e-05 3.08401e-05 -0.0186599 0.090591 3.11297e-05 -0.000103392 -3.26006e-05 3.11297e-05 0.00966857 -0.0178725 3.08401e-05 -0.000103392 -0.0178725 0.0885671 
0.0102526 -0.0186505 -4.508e-05 4.07169e-05 -0.0186505 0.0905657 4.50814e-05 -0.000101119 -4.508e-05 4.50814e-05 0.00969923 -0.0179217 4.07169e-05 -0.000101119 -0.0179217 0.0886676 
