0.00705796 0 -0.000377427 0 0 0.01 0 0 -0.000377427 0 0.00751587 0 0 0 0 0.01 
0.0100006 -0.012422 -0.000442965 0.000544989 -0.012422 0.0329926 0.000544989 -0.00104498 -0.000442965 0.000544989 0.0105524 -0.0131012 0.000544989 -0.00104498 -0.0131012 0.0342951 
0.0101432 -0.0189758 -0.000362929 0.000557857 -0.0189758 0.0698437 0.000557857 -0.00177048 -0.000362929 0.000557857 0.0105532 -0.0196876 0.000557857 -0.00177048 -0.0196876 0.072109 
0.00962217 -0.0187586 -0.00033523 0.000427269 -0.0187586 0.0841362 0.000433704 -0.00141208 -0.00033523 0.000433704 0.00998705 -0.0193125 0.000427269 -0.00141208 -0.0193125 0.0861159 
0.00960073 -0.0181145 -0.000360037 0.000414565 -0.0181145 0.0875547 0.000423766 -0.00108777 -0.000360037 0.000423766 0.00999228 -0.0186076 0.000414565 -0.00108777 -0.0186076 0.0890445 
0.00972033 -0.0180277 -0.000395635 0.000450549 -0.0180277 0.0886019 0.000458341 -0.00104582 -0.000395635 0.000458341 0.0101972 -0.0185368 0.000450549 -0.00104582 -0.0185368 0.0898698 
0.00979127 -0.0180837 -0.000435922 0.000507367 -0.0180837 0.0890688 0.000511679 -0.001182 -0.000435922 0.000511679 0.0103443 -0.018691 0.000507367 -0.001182 -0.018691 0.0904638 
0.00984361 -0.0181281 -0.000457222 0.000544072 -0.0181281 0.0892838 0.00054579 -0.00130762 -0.000457222 0.00054579 0.0103861 -0.0187923 0.000544072 -0.00130762 -0.0187923 0.0908233 
0.00988313 -0.0181388 -0.000448178 0.000563631 -0.0181388 0.0892982 0.000566034 -0.00138992 -0.000448178 0.000566034 0.0103824 -0.0188401 0.000563631 -0.00138992 -0.0188401 0.0910225 
0.00991902 -0.0181883 -0.000443307 0.000554157 -0.0181883 0.0893644 0.000555976 -0.0014057 -0.000443307 0.000555976 0.0103548 -0.018818 0.000554157 -0.0014057 -0.018818 0.0910236 
0.00991125 -0.0182275 -0.000431751 0.000542699 -0.0182275 0.089444 0.000547668 -0.00138047 -0.000431751 0.000547668 0.0103433 -0.0187854 0.000542699 -0.00138047 -0.0187854 0.090957 
0.00990886 -0.0182449 -0.000436985 0.000538813 -0.0182449 0.0895426 0.000547308 -0.00137879 -0.000436985 0.000547308 0.0103542 -0.0187727 0.000538813 -0.00137879 -0.0187727 0.0909159 
0.00989575 -0.0182459 -0.000414107 0.000529797 -0.0182459 0.0895817 0.000538903 -0.00134275 -0.000414107 0.000538903 0.0103583 -0.0187863 0.000529797 -0.00134275 -0.0187863 0.0909213 
0.00987434 -0.018217 -0.000406711 0.000505547 -0.018217 0.0895351 0.000510433 -0.0012897 -0.000406711 0.000510433 0.0103555 -0.0188058 0.000505547 -0.0012897 -0.0188058 0.0909787 
0.0098777 -0.0182086 -0.000402235 0.000491279 -0.0182086 0.0895198 0.000493473 -0.00123389 -0.000402235 0.000493473 0.0103181 -0.0187864 0.000491279 -0.00123389 -0.0187864 0.0909593 
0.00987405 -0.0182102 -0.000396103 0.000488621 -0.0182102 0.0895156 0.000489397 -0.00121059 -0.000396103 0.000489397 0.0102876 -0.0187396 0.000488621 -0.00121059 -0.0187396 0.0908752 
0.00988881 -0.0182077 -0.000381696 0.000475957 -0.0182077 0.0895167 0.000475881 -0.00117828 -0.000381696 0.000475881 0.0102519 -0.018697 0.000475957 -0.00117828 -0.018697 0.0907661 
0.00991455 -0.0182291 -0.000357948 0.00044392 -0.0182291 0.0895527 0.00044276 -0.00109981 -0.000357948 0.00044276 0.0102238 -0.0186513 0.00044392 -0.00109981 -0.0186513 0.0906521 
0.00990468 -0.018227 -0.000367098 0.00041803 -0.018227 0.0895281 0.000413385 -0.00102653 -0.000367098 0.000413385 0.0102243 -0.0186324 0.00041803 -0.00102653 -0.0186324 0.0905856 
0.00989089 -0.0182077 -0.000358169 0.000440584 -0.0182077 0.0894799 0.000433103 -0.00104385 -0.000358169 0.000433103 0.0102394 -0.0186378 0.000440584 -0.00104385 -0.0186378 0.0905759 
0.00985409 -0.0181606 -0.000355349 0.000456305 -0.0181606 0.0893474 0.000449368 -0.00111373 -0.000355349 0.000449368 0.0102572 -0.0186697 0.000456305 -0.00111373 -0.0186697 0.0906362 
0.00986356 -0.0181561 -0.000352041 0.000447056 -0.0181561 0.0893327 0.000445 -0.00112296 -0.000352041 0.000445 0.0102352 -0.0186561 0.000447056 -0.00112296 -0.0186561 0.0906036 
0.00988559 -0.0181679 -0.000330316 0.000440368 -0.0181679 0.0893497 0.000442374 -0.00111425 -0.000330316 0.000442374 0.0102003 -0.0186309 0.000440368 -0.00111425 -0.0186309 0.0905512 
0.00987751 -0.0181797 -0.000317662 0.00041073 -0.0181797 0.0893569 0.000417374 -0.00106567 -0.000317662 0.000417374 0.0101832 -0.0185962 0.00041073 -0.00106567 -0.0185962 0.0904841 
0.00988276 -0.018188 -0.000341802 0.000406052 -0.018188 0.0894025 0.000412937 -0.00104855 -0.000341802 0.000412937 0.0101553 -0.01856 0.000406052 -0.00104855 -0.01856 0.0903814 
0.00990995 -0.0182119 -0.000329609 0.000393079 -0.0182119 0.0894792 0.000399063 -0.000976666 -0.000329609 0.000399063 0.0101379 -0.0185222 0.000393079 -0.000976666 -0.0185222 0.0902853 
0.00992708 -0.0182501 -0.000323557 0.000402798 -0.0182501 0.0895732 0.000407718 -0.00099289 -0.000323557 0.000407718 0.0101166 -0.0184828 0.000402798 -0.00099289 -0.0184828 0.0901587 
0.00992027 -0.0182735 -0.000309625 0.000394123 -0.0182735 0.0896492 0.000396691 -0.000980475 -0.000309625 0.000396691 0.0101061 -0.0184492 0.000394123 -0.000980475 -0.0184492 0.090048 
0.00989746 -0.0182588 -0.000294437 0.000376615 -0.0182588 0.0896485 0.000375217 -0.000941762 -0.000294437 0.000375217 0.0101201 -0.0184467 0.000376615 -0.000941762 -0.0184467 0.0900182 
0.00989266 -0.0182224 -0.000297912 0.000373968 -0.0182224 0.0895753 0.000369979 -0.000935022 -0.000297912 0.000369979 0.0101191 -0.0184745 0.000373968 -0.000935022 -0.0184745 0.0900707 
0.00989579 -0.0182027 -0.000293972 0.00037116 -0.0182027 0.0894936 0.000369192 -0.00092229 -0.000293972 0.000369192 0.0101066 -0.0184865 0.00037116 -0.00092229 -0.0184865 0.0901346 
0.00986763 -0.0181772 -0.000295734 0.000357914 -0.0181772 0.0893892 0.000361289 -0.000898152 -0.000295734 0.000361289 0.0101283 -0.0184948 0.000357914 -0.000898152 -0.0184948 0.0901959 
0.00984309 -0.0181632 -0.000299823 0.000361363 -0.0181632 0.0893503 0.000365457 -0.000894635 -0.000299823 0.000365457 0.010145 -0.0184923 0.000361363 -0.000894635 -0.0184923 0.0901761 
0.00981002 -0.0181047 -0.00030938 0.000376987 -0.0181047 0.0892101 0.000375529 -0.000924947 -0.00030938 0.000375529 0.0101584 -0.0185294 0.000376987 -0.000924947 -0.0185294 0.0902408 
0.00981812 -0.0180724 -0.000308725 0.000389268 -0.0180724 0.0891155 0.000384106 -0.00095684 -0.000308725 0.000384106 0.0101511 -0.0185481 0.000389268 -0.00095684 -0.0185481 0.0903048 
0.00984517 -0.0181193 -0.000313682 0.000382042 -0.0181193 0.0891893 0.000376904 -0.000947888 -0.000313682 0.000376904 0.0101184 -0.0184996 0.000382042 -0.000947888 -0.0184996 0.0902085 
0.00988068 -0.0181595 -0.000333201 0.000402119 -0.0181595 0.0893014 0.000398048 -0.000988602 -0.000333201 0.000398048 0.0100745 -0.0184539 0.000402119 -0.000988602 -0.0184539 0.0900896 
0.0098961 -0.0182093 -0.00035183 0.000419066 -0.0182093 0.0894274 0.000417812 -0.00102762 -0.00035183 0.000417812 0.0100478 -0.0183911 0.000419066 -0.00102762 -0.0183911 0.0899354 
0.00988443 -0.0182208 -0.000352163 0.00043938 -0.0182208 0.0894897 0.000442847 -0.0010825 -0.000352163 0.000442847 0.0100654 -0.0183704 0.00043938 -0.0010825 -0.0183704 0.0898545 
0.00986097 -0.0181883 -0.00034274 0.000433966 -0.0181883 0.0894396 0.0004409 -0.00109661 -0.00034274 0.0004409 0.0101006 -0.0184095 0.000433966 -0.00109661 -0.0184095 0.0899065 
0.0097922 -0.0181352 -0.000324342 0.000416265 -0.0181352 0.0892998 0.000421191 -0.00106163 -0.000324342 0.000421191 0.0101772 -0.0184752 0.000416265 -0.00106163 -0.0184752 0.0900656 
0.00977911 -0.0180454 -0.000345419 0.000406131 -0.0180454 0.0890954 0.000408707 -0.00104251 -0.000345419 0.000408707 0.0102003 -0.0185796 0.000406131 -0.00104251 -0.0185796 0.0903095 
0.00978632 -0.018049 -0.000354994 0.000418341 -0.018049 0.0890363 0.000414861 -0.00102887 -0.000354994 0.000414861 0.0101852 -0.0185862 0.000418341 -0.00102887 -0.0185862 0.0903938 
0.00980159 -0.0180692 -0.000339001 0.000448767 -0.0180692 0.0890701 0.000439366 -0.00108742 -0.000339001 0.000439366 0.0101499 -0.0185479 0.000448767 -0.00108742 -0.0185479 0.09033 
0.00982369 -0.0180607 -0.000320992 0.000438123 -0.0180607 0.0890477 0.000426831 -0.00110556 -0.000320992 0.000426831 0.0101107 -0.0185286 0.000438123 -0.00110556 -0.0185286 0.0902921 
0.00983968 -0.0181049 -0.000300337 0.000396571 -0.0181049 0.0891247 0.000388441 -0.00102321 -0.000300337 0.000388441 0.0100828 -0.0184622 0.000396571 -0.00102321 -0.0184622 0.0901508 
0.00983893 -0.0181286 -0.000291572 0.000369015 -0.0181286 0.0892038 0.000367405 -0.000949356 -0.000291572 0.000367405 0.0100847 -0.0184235 0.000369015 -0.000949356 -0.0184235 0.090024 
0.00985048 -0.0181389 -0.000302771 0.000355476 -0.0181389 0.0892654 0.000357428 -0.00090386 -0.000302771 0.000357428 0.0100778 -0.0184228 0.000355476 -0.00090386 -0.0184228 0.0899734 
0.00985847 -0.0181338 -0.000338145 0.00037671 -0.0181338 0.0892574 0.000380702 -0.00093389 -0.000338145 0.000380702 0.0100605 -0.0184253 0.00037671 -0.00093389 -0.0184253 0.0899707 
0.00987655 -0.0181512 -0.000354087 0.00042768 -0.0181512 0.0892935 0.000435018 -0.00104213 -0.000354087 0.000435018 0.0100471 -0.0184081 0.00042768 -0.00104213 -0.0184081 0.0899556 
0.00987815 -0.0181791 -0.000344071 0.000439011 -0.0181791 0.0893571 0.000451 -0.00110553 -0.000344071 0.000451 0.0100548 -0.0183861 0.000439011 -0.00110553 -0.0183861 0.0899084 
0.00988712 -0.0181857 -0.000324619 0.000413823 -0.0181857 0.0894009 0.000428661 -0.00107756 -0.000324619 0.000428661 0.0100719 -0.0184032 0.000413823 -0.00107756 -0.0184032 0.0899296 
0.00987633 -0.0182173 -0.000347654 0.000423754 -0.0182173 0.0894789 0.000434664 -0.00110705 -0.000347654 0.000434664 0.0100814 -0.018391 0.000423754 -0.00110705 -0.018391 0.089886 
0.00988899 -0.0181957 -0.000345161 0.000416954 -0.0181957 0.0894721 0.000422351 -0.00105962 -0.000345161 0.000422351 0.0100864 -0.0184257 0.000416954 -0.00105962 -0.0184257 0.0899511 
0.00988885 -0.018192 -0.000326326 0.000407241 -0.018192 0.0894305 0.000409574 -0.00101481 -0.000326326 0.000409574 0.010096 -0.0184468 0.000407241 -0.00101481 -0.0184468 0.0900312 
0.00987424 -0.0182006 -0.000324887 0.000410255 -0.0182006 0.0894416 0.000411771 -0.00102872 -0.000324887 0.000411771 0.0101023 -0.0184468 0.000410255 -0.00102872 -0.0184468 0.0900441 
0.00988543 -0.0181932 -0.00032809 0.000402911 -0.0181932 0.0894566 0.000404368 -0.00101793 -0.00032809 0.000404368 0.0101083 -0.01846 0.000402911 -0.00101793 -0.01846 0.0900764 
0.00988093 -0.0182124 -0.000362024 0.000410858 -0.0182124 0.0894896 0.000409277 -0.00102288 -0.000362024 0.000409277 0.0101387 -0.0184613 0.000410858 -0.00102288 -0.0184613 0.0900871 
0.00990943 -0.0182267 -0.000357336 0.00044231 -0.0182267 0.0895472 0.000437202 -0.00106089 -0.000357336 0.000437202 0.0101459 -0.0184868 0.00044231 -0.00106089 -0.0184868 0.0901193 
0.00993103 -0.0182264 -0.000352558 0.000439447 -0.0182264 0.0895269 0.000434405 -0.00108132 -0.000352558 0.000434405 0.0101516 -0.0185325 0.000439447 -0.00108132 -0.0185325 0.0902495 
0.00993556 -0.018238 -0.000340306 0.000428423 -0.018238 0.0895208 0.000425445 -0.00106512 -0.000340306 0.000425445 0.0101617 -0.0185608 0.000428423 -0.00106512 -0.0185608 0.0903694 
0.00995903 -0.0182684 -0.000358603 0.000421544 -0.0182684 0.0895982 0.00042071 -0.00105715 -0.000358603 0.00042071 0.0101832 -0.0185651 0.000421544 -0.00105715 -0.0185651 0.0904186 
0.00996983 -0.0182977 -0.000370941 0.000442514 -0.0182977 0.0896743 0.000443831 -0.0010855 -0.000370941 0.000443831 0.0101818 -0.0185831 0.000442514 -0.0010855 -0.0185831 0.0904442 
0.00997795 -0.0183269 -0.000367922 0.000457218 -0.0183269 0.0897709 0.000456962 -0.00112113 -0.000367922 0.000456962 0.0101621 -0.0185678 0.000457218 -0.00112113 -0.0185678 0.090416 
0.00995919 -0.01833 -0.000372143 0.00046145 -0.01833 0.0898057 0.000457163 -0.00114275 -0.000372143 0.000457163 0.0101564 -0.0185391 0.00046145 -0.00114275 -0.0185391 0.0903473 
0.00993534 -0.0182811 -0.000365724 0.000444214 -0.0182811 0.0897156 0.0004388 -0.00109873 -0.000365724 0.0004388 0.0101699 -0.018554 0.000444214 -0.00109873 -0.018554 0.090358 
0.0099309 -0.0182501 -0.000346947 0.000439491 -0.0182501 0.0896205 0.000433744 -0.00107784 -0.000346947 0.000433744 0.0101781 -0.0185671 0.000439491 -0.00107784 -0.0185671 0.0903796 
0.00991839 -0.0182421 -0.00034525 0.000433428 -0.0182421 0.0895651 0.00042702 -0.0010765 -0.00034525 0.00042702 0.0101829 -0.0185775 0.000433428 -0.0010765 -0.0185775 0.0904074 
0.00992771 -0.0182398 -0.000373907 0.000456433 -0.0182398 0.0895588 0.000451798 -0.00113942 -0.000373907 0.000451798 0.0101689 -0.0185692 0.000456433 -0.00113942 -0.0185692 0.0903944 
0.0099333 -0.018259 -0.000376637 0.000484748 -0.018259 0.0895914 0.000483147 -0.00120594 -0.000376637 0.000483147 0.0101416 -0.0185328 0.000484748 -0.00120594 -0.0185328 0.0903033 
0.00995591 -0.0182669 -0.000372716 0.000470984 -0.0182669 0.0896265 0.000469395 -0.00119671 -0.000372716 0.000469395 0.0101289 -0.0185179 0.000470984 -0.00119671 -0.0185179 0.0902698 
0.00997664 -0.0183086 -0.000360413 0.000458287 -0.0183086 0.0897176 0.000456523 -0.00115895 -0.000360413 0.000456523 0.0101266 -0.0184889 0.000458287 -0.00115895 -0.0184889 0.0901971 
0.00996926 -0.0183177 -0.000372835 0.000436608 -0.0183177 0.0897558 0.000438499 -0.00110843 -0.000372835 0.000438499 0.0101486 -0.0185045 0.000436608 -0.00110843 -0.0185045 0.0902091 
0.0099714 -0.0182924 -0.000394917 0.000460152 -0.0182924 0.08971 0.000468283 -0.00113991 -0.000394917 0.000468283 0.0101674 -0.0185566 0.000460152 -0.00113991 -0.0185566 0.0903358 
0.00997799 -0.0183166 -0.000401769 0.000493524 -0.0183166 0.0897475 0.000501626 -0.00121643 -0.000401769 0.000501626 0.0101824 -0.0185598 0.000493524 -0.00121643 -0.0185598 0.0903752 
0.00997804 -0.0183203 -0.00040607 0.000497348 -0.0183203 0.0897678 0.00049968 -0.00124197 -0.00040607 0.00049968 0.0101898 -0.0185826 0.000497348 -0.00124197 -0.0185826 0.090424 
0.00997568 -0.0183475 -0.000418794 0.000498245 -0.0183475 0.0898516 0.000496983 -0.00123931 -0.000418794 0.000496983 0.0102209 -0.0185864 0.000498245 -0.00123931 -0.0185864 0.0904525 
0.00995495 -0.0183527 -0.000412642 0.000521676 -0.0183527 0.0899 0.000522291 -0.00128165 -0.000412642 0.000522291 0.0102367 -0.0186012 0.000521676 -0.00128165 -0.0186012 0.0904501 
0.00992827 -0.0183314 -0.000406793 0.000516682 -0.0183314 0.0898871 0.000517669 -0.00129764 -0.000406793 0.000517669 0.0102446 -0.0186138 0.000516682 -0.00129764 -0.0186138 0.0904629 
0.0099052 -0.0182789 -0.000413963 0.000486454 -0.0182789 0.0897798 0.000485704 -0.00122579 -0.000413963 0.000485704 0.0102739 -0.0186614 0.000486454 -0.00122579 -0.0186614 0.0905911 
0.00989922 -0.0182454 -0.000403374 0.000492294 -0.0182454 0.0896741 0.000490561 -0.00119913 -0.000403374 0.000490561 0.0102875 -0.0186981 0.000492294 -0.00119913 -0.0186981 0.090699 
0.0098832 -0.0182391 -0.000389483 0.000481719 -0.0182391 0.0896275 0.00047828 -0.00118047 -0.000389483 0.00047828 0.0103078 -0.0187145 0.000481719 -0.00118047 -0.0187145 0.090765 
0.0098664 -0.0182226 -0.000393959 0.000495691 -0.0182226 0.0895858 0.000493594 -0.00122715 -0.000393959 0.000493594 0.0103078 -0.0187237 0.000495691 -0.00122715 -0.0187237 0.0907837 
0.00989866 -0.0181972 -0.000378107 0.000465558 -0.0181972 0.0895285 0.000465186 -0.00116372 -0.000378107 0.000465186 0.0102832 -0.018739 0.000465558 -0.00116372 -0.018739 0.0908319 
0.00989858 -0.0182121 -0.000402588 0.00045881 -0.0182121 0.0894945 0.000457617 -0.00113895 -0.000402588 0.000457617 0.0102739 -0.0187149 0.00045881 -0.00113895 -0.0187149 0.0908132 
0.00988482 -0.018232 -0.000415175 0.000490581 -0.018232 0.0895428 0.000487472 -0.00117773 -0.000415175 0.000487472 0.0102816 -0.0186891 0.000490581 -0.00117773 -0.0186891 0.0907457 
0.00988039 -0.0182337 -0.000420587 0.00052498 -0.0182337 0.0895885 0.000520878 -0.00127469 -0.000420587 0.000520878 0.0102845 -0.0186783 0.00052498 -0.00127469 -0.0186783 0.0906791 
0.00987261 -0.0182144 -0.000420927 0.000530912 -0.0182144 0.0895527 0.000524881 -0.00132053 -0.000420927 0.000524881 0.0103002 -0.0186905 0.000530912 -0.00132053 -0.0186905 0.0906833 
0.0098964 -0.0181912 -0.000388468 0.00050249 -0.0181912 0.0894825 0.000494579 -0.00125625 -0.000388468 0.000494579 0.0102909 -0.0187241 0.00050249 -0.00125625 -0.0187241 0.0907559 
0.00990518 -0.0182067 -0.000377907 0.000486335 -0.0182067 0.0894625 0.000478556 -0.00122665 -0.000377907 0.000478556 0.0102622 -0.0187097 0.000486335 -0.00122665 -0.0187097 0.0907514 
0.00990558 -0.0182306 -0.000372654 0.000466296 -0.0182306 0.0895208 0.000462952 -0.00117991 -0.000372654 0.000462952 0.0102461 -0.0186743 0.000466296 -0.00117991 -0.0186743 0.0906919 
0.00991299 -0.0182469 -0.000371578 0.000470857 -0.0182469 0.0895849 0.000469892 -0.00118268 -0.000371578 0.000469892 0.0102136 -0.0186326 0.000470857 -0.00118268 -0.0186326 0.0905746 
0.00990121 -0.0182346 -0.000376683 0.00045833 -0.0182346 0.0895692 0.000458126 -0.00115643 -0.000376683 0.000458126 0.0101948 -0.0186145 0.00045833 -0.00115643 -0.0186145 0.090525 
0.00988953 -0.0182357 -0.000368934 0.000470649 -0.0182357 0.0895767 0.000474147 -0.00117514 -0.000368934 0.000474147 0.0101846 -0.0185721 0.000470649 -0.00117514 -0.0185721 0.0904233 
0.00989851 -0.0182195 -0.00035133 0.000455734 -0.0182195 0.0895533 0.000462474 -0.00116169 -0.00035133 0.000462474 0.0101851 -0.0185597 0.000455734 -0.00116169 -0.0185597 0.0903635 
0.00990812 -0.0182365 -0.000343462 0.000431336 -0.0182365 0.0895679 0.000435876 -0.00110693 -0.000343462 0.000435876 0.0101743 -0.018545 0.000431336 -0.00110693 -0.018545 0.0903002 
0.00992648 -0.0182399 -0.000330754 0.000403731 -0.0182399 0.089576 0.000403615 -0.00101358 -0.000330754 0.000403615 0.010169 -0.0185482 0.000403731 -0.00101358 -0.0185482 0.090302 
0.0099583 -0.0182445 -0.000322263 0.000390166 -0.0182445 0.0895634 0.00038889 -0.000958753 -0.000322263 0.00038889 0.0101416 -0.0185524 0.000390166 -0.000958753 -0.0185524 0.0903205 
0.00995701 -0.0182708 -0.00033169 0.00040539 -0.0182708 0.0895838 0.000406682 -0.000994023 -0.00033169 0.000406682 0.010116 -0.0185189 0.00040539 -0.000994023 -0.0185189 0.0902715 
0.00993921 -0.0182812 -0.000351133 0.000414963 -0.0182812 0.0896308 0.000418794 -0.00102506 -0.000351133 0.000418794 0.0100998 -0.0184761 0.000414963 -0.00102506 -0.0184761 0.0901644 
0.00990661 -0.0182527 -0.000359004 0.000442498 -0.0182527 0.089594 0.000450292 -0.00109058 -0.000359004 0.000450292 0.0101174 -0.018464 0.000442498 -0.00109058 -0.018464 0.0901169 
0.00990175 -0.0182083 -0.000346757 0.000447082 -0.0182083 0.0894977 0.000455856 -0.00112444 -0.000346757 0.000455856 0.0101227 -0.018491 0.000447082 -0.00112444 -0.018491 0.0901543 
0.00989454 -0.0181716 -0.000340822 0.000434034 -0.0181716 0.0893581 0.000440988 -0.00111511 -0.000340822 0.000440988 0.0101121 -0.0185171 0.000434034 -0.00111511 -0.0185171 0.0902363 
0.00987699 -0.0181794 -0.00032672 0.00042715 -0.0181794 0.0893375 0.000432058 -0.00109376 -0.00032672 0.000432058 0.0101078 -0.018488 0.00042715 -0.00109376 -0.018488 0.0902076 
0.00988192 -0.0181769 -0.000313842 0.000392634 -0.0181769 0.0893574 0.000394469 -0.00101029 -0.000313842 0.000394469 0.0101013 -0.0184682 0.000392634 -0.00101029 -0.0184682 0.0901416 
0.00987205 -0.0181973 -0.00030893 0.000378671 -0.0181973 0.0894091 0.00037737 -0.000949885 -0.00030893 0.00037737 0.0101052 -0.0184393 0.000378671 -0.000949885 -0.0184393 0.0900455 
0.0098496 -0.0181962 -0.000309178 0.000385035 -0.0181962 0.0894445 0.000379859 -0.000944931 -0.000309178 0.000379859 0.0101014 -0.0184286 0.000385035 -0.000944931 -0.0184286 0.0899707 
0.00983377 -0.0181508 -0.000294281 0.000385526 -0.0181508 0.0893679 0.000379008 -0.000946796 -0.000294281 0.000379008 0.0100887 -0.0184401 0.000385526 -0.000946796 -0.0184401 0.0899811 
0.00985168 -0.0181324 -0.000303561 0.000368697 -0.0181324 0.0893045 0.000364556 -0.000928501 -0.000303561 0.000364556 0.0100682 -0.0184333 0.000368697 -0.000928501 -0.0184333 0.089998 
0.00987262 -0.0181431 -0.000309833 0.000370415 -0.0181431 0.089288 0.000371496 -0.000917704 -0.000309833 0.000371496 0.0100587 -0.0184167 0.000370415 -0.000917704 -0.0184167 0.0899826 
0.00988923 -0.018164 -0.000342556 0.000389097 -0.018164 0.0893166 0.000393793 -0.000966722 -0.000342556 0.000393793 0.0100795 -0.0184213 0.000389097 -0.000966722 -0.0184213 0.0900047 
0.00989969 -0.0181925 -0.000358252 0.000446028 -0.0181925 0.0893822 0.000449637 -0.00109357 -0.000358252 0.000449637 0.0100795 -0.0184299 0.000446028 -0.00109357 -0.0184299 0.0900025 
0.00988946 -0.0182168 -0.000350939 0.000443981 -0.0182168 0.0894636 0.000445498 -0.00112095 -0.000350939 0.000445498 0.0100967 -0.018432 0.000443981 -0.00112095 -0.018432 0.0900126 
0.00988874 -0.0182275 -0.000328159 0.000414418 -0.0182275 0.0895402 0.000416221 -0.00105303 -0.000328159 0.000416221 0.0100998 -0.0184413 0.000414418 -0.00105303 -0.0184413 0.0900203 
0.00989164 -0.0182296 -0.000331966 0.000406056 -0.0182296 0.0895706 0.000406383 -0.00103049 -0.000331966 0.000406383 0.010103 -0.0184434 0.000406056 -0.00103049 -0.0184434 0.0900318 
0.00987058 -0.018185 -0.000359923 0.000436545 -0.018185 0.0894561 0.000434501 -0.00109203 -0.000359923 0.000434501 0.0101065 -0.0184751 0.000436545 -0.00109203 -0.0184751 0.0901087 
0.00985031 -0.018156 -0.000360786 0.000461541 -0.018156 0.0893506 0.000457544 -0.00114753 -0.000360786 0.000457544 0.0100915 -0.0184697 0.000461541 -0.00114753 -0.0184697 0.0901199 
0.00983948 -0.0181308 -0.000357952 0.000445385 -0.0181308 0.0892738 0.000441478 -0.001129 -0.000357952 0.000441478 0.010094 -0.0184564 0.000445385 -0.001129 -0.0184564 0.0901056 
0.00985279 -0.0181288 -0.000352219 0.000433315 -0.0181288 0.0892505 0.000431573 -0.00108862 -0.000352219 0.000431573 0.0100691 -0.0184389 0.000433315 -0.00108862 -0.0184389 0.0900428 
0.00987273 -0.0181561 -0.000359426 0.00043592 -0.0181561 0.0892978 0.000437724 -0.00109276 -0.000359426 0.000437724 0.0100585 -0.0183993 0.00043592 -0.00109276 -0.0183993 0.0899499 
0.00987464 -0.0181746 -0.000325619 0.000436187 -0.0181746 0.0893428 0.000440016 -0.00109052 -0.000325619 0.000440016 0.0100737 -0.0183938 0.000436187 -0.00109052 -0.0183938 0.0899097 
0.0098713 -0.0181717 -0.000317244 0.000418044 -0.0181717 0.0893534 0.000422949 -0.00109052 -0.000317244 0.000422949 0.0100952 -0.0184228 0.000418044 -0.00109052 -0.0184228 0.0899542 
0.0098581 -0.0181572 -0.000335252 0.000405264 -0.0181572 0.0893177 0.000408485 -0.00105798 -0.000335252 0.000408485 0.010109 -0.0184612 0.000405264 -0.00105798 -0.0184612 0.090052 
0.0098704 -0.0181552 -0.000345491 0.000402668 -0.0181552 0.0893185 0.000402183 -0.00100938 -0.000345491 0.000402183 0.0101176 -0.0184818 0.000402668 -0.00100938 -0.0184818 0.0901347 
0.00989506 -0.0181975 -0.000337272 0.000420374 -0.0181975 0.0894128 0.000417472 -0.00102757 -0.000337272 0.000417472 0.0101287 -0.0184672 0.000420374 -0.00102757 -0.0184672 0.0901165 
0.00989241 -0.0182134 -0.00033987 0.000416117 -0.0182134 0.0894601 0.000414209 -0.00103679 -0.00033987 0.000414209 0.0101376 -0.0184839 0.000416117 -0.00103679 -0.0184839 0.0901262 
0.00991754 -0.0182333 -0.000359412 0.000428874 -0.0182333 0.0895436 0.000428741 -0.00106834 -0.000359412 0.000428741 0.0101416 -0.0184919 0.000428874 -0.00106834 -0.0184919 0.0901481 
0.00992251 -0.0182456 -0.000355611 0.000448433 -0.0182456 0.0895649 0.000447342 -0.00110402 -0.000355611 0.000447342 0.0101384 -0.0185046 0.000448433 -0.00110402 -0.0185046 0.0901806 
0.00992689 -0.0182492 -0.000361464 0.000443262 -0.0182492 0.0895804 0.000440866 -0.00111103 -0.000361464 0.000440866 0.0101309 -0.0185075 0.000443262 -0.00111103 -0.0185075 0.0902039 
0.00994281 -0.0182559 -0.000367095 0.000444425 -0.0182559 0.0896018 0.000444055 -0.00110901 -0.000367095 0.000444055 0.0101424 -0.0185087 0.000444425 -0.00110901 -0.0185087 0.0902295 
0.00993742 -0.0182675 -0.000367883 0.000448812 -0.0182675 0.0896147 0.000448797 -0.00111207 -0.000367883 0.000448797 0.0101638 -0.0185251 0.000448812 -0.00111207 -0.0185251 0.0902619 
0.00991752 -0.0182587 -0.000368994 0.000458746 -0.0182587 0.089604 0.000459825 -0.00114186 -0.000368994 0.000459825 0.0101776 -0.0185495 0.000458746 -0.00114186 -0.0185495 0.09031 
0.00990197 -0.0182279 -0.000375225 0.000465031 -0.0182279 0.0895418 0.000469878 -0.00117367 -0.000375225 0.000469878 0.0101812 -0.0185735 0.000465031 -0.00117367 -0.0185735 0.0903789 
0.00990735 -0.0182157 -0.000390276 0.00046909 -0.0182157 0.0895082 0.000477511 -0.00119448 -0.000390276 0.000477511 0.0102042 -0.018594 0.00046909 -0.00119448 -0.018594 0.0904666 
0.0099382 -0.0182434 -0.000388703 0.000468554 -0.0182434 0.089568 0.000476464 -0.00118201 -0.000388703 0.000476464 0.0102038 -0.0186043 0.000468554 -0.00118201 -0.0186043 0.0904873 
0.00997193 -0.0182888 -0.000393132 0.000461975 -0.0182888 0.0896753 0.000464378 -0.00115399 -0.000393132 0.000464378 0.0102169 -0.0186118 0.000461975 -0.00115399 -0.0186118 0.0905222 
0.00999273 -0.0183385 -0.00038208 0.000484301 -0.0183385 0.0898068 0.000476564 -0.0011748 -0.00038208 0.000476564 0.0102026 -0.0186151 0.000484301 -0.0011748 -0.0186151 0.0905226 
0.0100043 -0.0183845 -0.000391898 0.000498284 -0.0183845 0.0899546 0.000483003 -0.00122691 -0.000391898 0.000483003 0.0101809 -0.0185767 0.000498284 -0.00122691 -0.0185767 0.0904435 
0.0099919 -0.0183869 -0.000403645 0.000506527 -0.0183869 0.0899993 0.000493386 -0.00125623 -0.000403645 0.000493386 0.0101763 -0.0185505 0.000506527 -0.00125623 -0.0185505 0.0903612 
0.00996464 -0.0183458 -0.000407873 0.000518499 -0.0183458 0.0899136 0.000511723 -0.00128956 -0.000407873 0.000511723 0.0101767 -0.0185564 0.000518499 -0.00128956 -0.0185564 0.0903489 
0.00991128 -0.0183082 -0.000389805 0.00047565 -0.0183082 0.0898061 0.000474494 -0.00119203 -0.000389805 0.000474494 0.0101964 -0.0185523 0.00047565 -0.00119203 -0.0185523 0.0903293 
0.00989065 -0.0182464 -0.000355767 0.000443768 -0.0182464 0.0896742 0.000444536 -0.00109399 -0.000355767 0.000444536 0.0102014 -0.0185754 0.000443768 -0.00109399 -0.0185754 0.0903564 
0.00990111 -0.0181855 -0.000358134 0.000432972 -0.0181855 0.0894849 0.000434695 -0.00107513 -0.000358134 0.000434695 0.0102062 -0.0186216 0.000432972 -0.00107513 -0.0186216 0.0904946 
0.00994254 -0.018213 -0.00036006 0.000448454 -0.018213 0.0894656 0.000454791 -0.00111075 -0.00036006 0.000454791 0.0101867 -0.0186116 0.000448454 -0.00111075 -0.0186116 0.0905193 
0.00993924 -0.0182714 -0.000366049 0.000460284 -0.0182714 0.0895667 0.000470244 -0.00116489 -0.000366049 0.000470244 0.0101841 -0.0185731 0.000460284 -0.00116489 -0.0185731 0.0904432 
0.00989182 -0.0182456 -0.00035523 0.000452969 -0.0182456 0.0895485 0.000459884 -0.00115372 -0.00035523 0.000459884 0.0102048 -0.0185875 0.000452969 -0.00115372 -0.0185875 0.0904485 
0.00987438 -0.0181986 -0.000327896 0.00042514 -0.0181986 0.0894731 0.000424844 -0.00107777 -0.000327896 0.000424844 0.0102043 -0.0186108 0.00042514 -0.00107777 -0.0186108 0.0904959 
0.0098898 -0.0181964 -0.000308803 0.000380396 -0.0181964 0.0894583 0.000378578 -0.000963469 -0.000308803 0.000378578 0.0102096 -0.0186028 0.000380396 -0.000963469 -0.0186028 0.0905037 
0.00987828 -0.0181948 -0.000324138 0.000389004 -0.0181948 0.0894256 0.000391353 -0.000966047 -0.000324138 0.000391353 0.0102159 -0.018608 0.000389004 -0.000966047 -0.018608 0.090501 
0.00982901 -0.0181733 -0.000351703 0.000425908 -0.0181733 0.0893717 0.000432095 -0.00105351 -0.000351703 0.000432095 0.0102264 -0.018611 0.000425908 -0.00105351 -0.018611 0.0904977 
