0.0074609 0 -0.000399178 0 0 0.01 0 0 -0.000399178 0 0.00718127 0 0 0 0 0.01 
0.0104894 -0.0130239 -0.000472091 0.000581902 -0.0130239 0.034147 0.000581902 -0.00111561 -0.000472091 0.000581902 0.0101574 -0.0126166 0.000581902 -0.00111561 -0.0126166 0.0333658 
0.0104743 -0.0196021 -0.000392669 0.000656083 -0.0196021 0.0718343 0.000656083 -0.00208877 -0.000392669 0.000656083 0.0102461 -0.019199 0.000656083 -0.00208877 -0.019199 0.0705628 
0.00987174 -0.0191653 -0.000376913 0.000516918 -0.0191653 0.0856497 0.000505715 -0.00178142 -0.000376913 0.000505715 0.009663 -0.01891 0.000516918 -0.00178142 -0.01891 0.0847582 
0.00984318 -0.018426 -0.000432248 0.000481399 -0.018426 0.0885341 0.00046107 -0.00129858 -0.000432248 0.00046107 0.00965338 -0.0182173 0.000481399 -0.00129858 -0.0182173 0.0880383 
0.0100193 -0.0183554 -0.000485006 0.000562466 -0.0183554 0.0894393 0.00054126 -0.00126858 -0.000485006 0.00054126 0.00982167 -0.0180928 0.000562466 -0.00126858 -0.0180928 0.0888513 
0.0101427 -0.0184761 -0.000508377 0.000616317 -0.0184761 0.0899936 0.000596388 -0.00140443 -0.000508377 0.000596388 0.00996399 -0.0182089 0.000616317 -0.00140443 -0.0182089 0.0893342 
0.0101959 -0.0185394 -0.00051806 0.000650586 -0.0185394 0.0902428 0.000635545 -0.00155375 -0.00051806 0.000635545 0.0100117 -0.0183273 0.000650586 -0.00155375 -0.0183273 0.0896711 
0.0102148 -0.0185688 -0.000502443 0.000618208 -0.0185688 0.0903269 0.000608993 -0.00152646 -0.000502443 0.000608993 0.0100474 -0.0183845 0.000618208 -0.00152646 -0.0183845 0.089886 
0.010213 -0.0185905 -0.000511352 0.000612389 -0.0185905 0.090371 0.000604795 -0.00151642 -0.000511352 0.000604795 0.0100415 -0.018403 0.000612389 -0.00151642 -0.018403 0.0899418 
0.0102055 -0.0186001 -0.000490562 0.000617438 -0.0186001 0.0904118 0.000610324 -0.00151081 -0.000490562 0.000610324 0.0100356 -0.0183973 0.000617438 -0.00151081 -0.0183973 0.0899521 
0.0101877 -0.0185806 -0.000445921 0.000590713 -0.0185806 0.0903836 0.0005905 -0.00147573 -0.000445921 0.0005905 0.0100353 -0.0184068 0.000590713 -0.00147573 -0.0184068 0.0899852 
0.0101872 -0.0185642 -0.000414703 0.000540497 -0.0185642 0.0903509 0.000548276 -0.00139225 -0.000414703 0.000548276 0.0099995 -0.0183952 0.000540497 -0.00139225 -0.0183952 0.089963 
0.0101959 -0.018576 -0.000380903 0.000497176 -0.018576 0.0903825 0.000509087 -0.00128819 -0.000380903 0.000509087 0.00999685 -0.0183637 0.000497176 -0.00128819 -0.0183637 0.089927 
0.0102046 -0.0186051 -0.000376088 0.000457714 -0.0186051 0.0904661 0.000472118 -0.00119053 -0.000376088 0.000472118 0.0100101 -0.0183471 0.000457714 -0.00119053 -0.0183471 0.0898692 
0.0102041 -0.0185995 -0.0003711 0.000441811 -0.0185995 0.090477 0.000453854 -0.00111181 -0.0003711 0.000453854 0.0100247 -0.0183802 0.000441811 -0.00111181 -0.0183802 0.0899155 
0.0102225 -0.0186003 -0.000397674 0.000459614 -0.0186003 0.0904799 0.000464692 -0.00113292 -0.000397674 0.000464692 0.0100176 -0.0183941 0.000459614 -0.00113292 -0.0183941 0.0899591 
0.010233 -0.0186328 -0.000409406 0.000481685 -0.0186328 0.0905336 0.000481584 -0.00115695 -0.000409406 0.000481584 0.00997615 -0.0183602 0.000481685 -0.00115695 -0.0183602 0.0898941 
0.0102351 -0.0186697 -0.000423717 0.000496477 -0.0186697 0.0906494 0.000495689 -0.00119523 -0.000423717 0.000495689 0.00996097 -0.0182956 0.000496477 -0.00119523 -0.0182956 0.0897517 
0.0102256 -0.0186564 -0.000412191 0.000521554 -0.0186564 0.0906601 0.000522226 -0.00125966 -0.000412191 0.000522226 0.00995307 -0.0182893 0.000521554 -0.00125966 -0.0182893 0.0896891 
0.0102301 -0.018636 -0.000379262 0.000500918 -0.018636 0.0906162 0.000503089 -0.00125121 -0.000379262 0.000503089 0.00993521 -0.0182899 0.000500918 -0.00125121 -0.0182899 0.089686 
0.0102539 -0.0186609 -0.000367643 0.000446313 -0.0186609 0.0906584 0.000449995 -0.00114376 -0.000367643 0.000449995 0.00992183 -0.0182625 0.000446313 -0.00114376 -0.0182625 0.0896472 
0.0102739 -0.0186774 -0.000389888 0.000442397 -0.0186774 0.0906955 0.000445558 -0.00110057 -0.000389888 0.000445558 0.00992587 -0.0182639 0.000442397 -0.00110057 -0.0182639 0.0896506 
0.0102687 -0.0186717 -0.000422396 0.000479617 -0.0186717 0.0906597 0.000479964 -0.00115312 -0.000422396 0.000479964 0.00992004 -0.018278 0.000479617 -0.00115312 -0.018278 0.0896794 
0.0102501 -0.0186767 -0.000436502 0.000520207 -0.0186767 0.0906723 0.000516885 -0.00124097 -0.000436502 0.000516885 0.00993541 -0.0182688 0.000520207 -0.00124097 -0.0182688 0.0896776 
0.0102306 -0.0186424 -0.000437199 0.000552673 -0.0186424 0.0906109 0.000545 -0.0013396 -0.000437199 0.000545 0.00996643 -0.0182969 0.000552673 -0.0013396 -0.0182969 0.0897272 
0.0102105 -0.0186243 -0.000422046 0.000543501 -0.0186243 0.0905533 0.000533855 -0.00134748 -0.000422046 0.000533855 0.00998578 -0.0183241 0.000543501 -0.00134748 -0.0183241 0.089782 
0.0102039 -0.0186146 -0.000396857 0.000510259 -0.0186146 0.0905332 0.0005044 -0.00128049 -0.000396857 0.0005044 0.00999586 -0.0183386 0.000510259 -0.00128049 -0.0183386 0.0898192 
0.010214 -0.0186199 -0.000378873 0.000481895 -0.0186199 0.0905466 0.000481869 -0.00121675 -0.000378873 0.000481869 0.00997903 -0.018334 0.000481895 -0.00121675 -0.018334 0.0898079 
0.0102068 -0.0186209 -0.000382967 0.000466021 -0.0186209 0.0905361 0.000471541 -0.00118089 -0.000382967 0.000471541 0.00995908 -0.0183118 0.000466021 -0.00118089 -0.0183118 0.0897649 
0.0102077 -0.0186199 -0.000390111 0.000455614 -0.0186199 0.0905406 0.000463857 -0.00113877 -0.000390111 0.000463857 0.00993145 -0.0182773 0.000455614 -0.00113877 -0.0182773 0.0896804 
0.0102083 -0.0186225 -0.000388455 0.000467604 -0.0186225 0.0905519 0.000472035 -0.00114349 -0.000388455 0.000472035 0.00992354 -0.0182474 0.000467604 -0.00114349 -0.0182474 0.0896037 
0.0102144 -0.0185933 -0.000371973 0.000481584 -0.0185933 0.0904768 0.000484463 -0.00118713 -0.000371973 0.000484463 0.00990374 -0.0182591 0.000481584 -0.00118713 -0.0182591 0.0896115 
0.0102249 -0.0186085 -0.000360184 0.000467436 -0.0186085 0.0904767 0.000470376 -0.00118943 -0.000360184 0.000470376 0.00988865 -0.0182266 0.000467436 -0.00118943 -0.0182266 0.0895617 
0.0102403 -0.0186232 -0.000389761 0.000453894 -0.0186232 0.0905025 0.000456682 -0.00116575 -0.000389761 0.000456682 0.00985652 -0.0181995 0.000453894 -0.00116575 -0.0181995 0.0894861 
0.0102554 -0.0186578 -0.000406198 0.000473212 -0.0186578 0.0905915 0.000478413 -0.00117251 -0.000406198 0.000478413 0.00985609 -0.0181634 0.000473212 -0.00117251 -0.0181634 0.0894116 
0.0102648 -0.0186692 -0.00041189 0.000499866 -0.0186692 0.0906393 0.000506638 -0.00123369 -0.00041189 0.000506638 0.00987212 -0.0181661 0.000499866 -0.00123369 -0.0181661 0.0893834 
0.0102586 -0.0186793 -0.000405763 0.000503701 -0.0186793 0.0906715 0.000510323 -0.0012608 -0.000405763 0.000510323 0.00989529 -0.0181907 0.000503701 -0.0012608 -0.0181907 0.0894186 
0.0102325 -0.0186787 -0.000404847 0.000493691 -0.0186787 0.0906879 0.000497296 -0.00124485 -0.000404847 0.000497296 0.00991713 -0.0182104 0.000493691 -0.00124485 -0.0182104 0.0894577 
0.0102038 -0.0186217 -0.000411402 0.00049243 -0.0186217 0.0905773 0.000491636 -0.0012277 -0.000411402 0.000491636 0.00994591 -0.0182726 0.00049243 -0.0012277 -0.0182726 0.0896154 
0.0102178 -0.0186182 -0.000397039 0.00049473 -0.0186182 0.090556 0.000489426 -0.00121334 -0.000397039 0.000489426 0.00994986 -0.0182824 0.00049473 -0.00121334 -0.0182824 0.0896755 
0.0102422 -0.018629 -0.00037385 0.000474709 -0.018629 0.0905591 0.000468056 -0.00117147 -0.00037385 0.000468056 0.00994942 -0.0182892 0.000474709 -0.00117147 -0.0182892 0.0897025 
0.0102427 -0.0186407 -0.000370089 0.000447883 -0.0186407 0.0905534 0.000442904 -0.00111154 -0.000370089 0.000442904 0.00993503 -0.0182922 0.000447883 -0.00111154 -0.0182922 0.089716 
0.0102356 -0.0186378 -0.000384175 0.000464036 -0.0186378 0.0905493 0.000459073 -0.00113378 -0.000384175 0.000459073 0.00990832 -0.0182714 0.000464036 -0.00113378 -0.0182714 0.0896797 
0.0102177 -0.0186425 -0.0003985 0.000478422 -0.0186425 0.090572 0.000473229 -0.0011676 -0.0003985 0.000473229 0.00991063 -0.0182341 0.000478422 -0.0011676 -0.0182341 0.0896038 
0.010219 -0.0186135 -0.000389309 0.00047571 -0.0186135 0.0905322 0.000472012 -0.00115846 -0.000389309 0.000472012 0.00991891 -0.0182523 0.00047571 -0.00115846 -0.0182523 0.0896166 
0.0101884 -0.018612 -0.000385424 0.000493973 -0.018612 0.0904939 0.000493301 -0.00121807 -0.000385424 0.000493301 0.00990583 -0.0182343 0.000493973 -0.00121807 -0.0182343 0.0895613 
0.0101637 -0.0185627 -0.000357396 0.000467379 -0.0185627 0.0903955 0.000468692 -0.00117803 -0.000357396 0.000468692 0.00989439 -0.0182313 0.000467379 -0.00117803 -0.0182313 0.0895482 
0.0101345 -0.0185341 -0.00035459 0.000442945 -0.0185341 0.0903047 0.000446677 -0.00113282 -0.00035459 0.000446677 0.00989225 -0.0181998 0.000442945 -0.00113282 -0.0181998 0.0894739 
0.0101257 -0.0185009 -0.000368277 0.000439889 -0.0185009 0.0902318 0.000443664 -0.00111066 -0.000368277 0.000443664 0.00989848 -0.0181977 0.000439889 -0.00111066 -0.0181977 0.0894348 
0.0101185 -0.0184913 -0.000361861 0.000450561 -0.0184913 0.0901849 0.000450176 -0.00111025 -0.000361861 0.000450176 0.00989543 -0.0181969 0.000450561 -0.00111025 -0.0181969 0.0894082 
0.010107 -0.0184745 -0.00034736 0.000459445 -0.0184745 0.090134 0.000456343 -0.00114279 -0.00034736 0.000456343 0.00988063 -0.0181906 0.000459445 -0.00114279 -0.0181906 0.0893819 
0.0101185 -0.0184541 -0.00033319 0.000427464 -0.0184541 0.0900782 0.000427155 -0.00109494 -0.00033319 0.000427155 0.00986819 -0.0181917 0.000427464 -0.00109494 -0.0181917 0.0894039 
0.0101176 -0.0184716 -0.00032317 0.000404801 -0.0184716 0.0900856 0.000409503 -0.00103829 -0.00032317 0.000409503 0.00987984 -0.018173 0.000404801 -0.00103829 -0.018173 0.0893797 
0.0101083 -0.018487 -0.000308664 0.000383301 -0.018487 0.0901296 0.00039034 -0.000975098 -0.000308664 0.00039034 0.00989209 -0.0181617 0.000383301 -0.000975098 -0.0181617 0.0893207 
0.0100748 -0.0184734 -0.000303651 0.000382909 -0.0184734 0.0901208 0.000387197 -0.000962496 -0.000303651 0.000387197 0.00990187 -0.0181704 0.000382909 -0.000962496 -0.0181704 0.0893049 
0.0100527 -0.018419 -0.000335349 0.000388156 -0.018419 0.0900233 0.000388948 -0.00097961 -0.000335349 0.000388948 0.00993038 -0.018219 0.000388156 -0.00097961 -0.018219 0.0894296 
0.0100477 -0.0183925 -0.000346806 0.000420344 -0.0183925 0.0899363 0.000419528 -0.00102739 -0.000346806 0.000419528 0.00996115 -0.0182547 0.000420344 -0.00102739 -0.0182547 0.08954 
0.0100636 -0.0183879 -0.000325995 0.000424414 -0.0183879 0.089896 0.000419498 -0.00104347 -0.000325995 0.000419498 0.00995975 -0.0182923 0.000424414 -0.00104347 -0.0182923 0.0896401 
0.0100752 -0.0184007 -0.000322192 0.000403063 -0.0184007 0.0898927 0.000394949 -0.00101069 -0.000322192 0.000394949 0.00992046 -0.018289 0.000403063 -0.00101069 -0.018289 0.0896699 
0.010102 -0.0184261 -0.000346948 0.000412093 -0.0184261 0.0899551 0.000402032 -0.00101857 -0.000346948 0.000402032 0.00986332 -0.0182322 0.000412093 -0.00101857 -0.0182322 0.0895807 
0.010119 -0.0184557 -0.000373227 0.000441674 -0.0184557 0.0900309 0.000433616 -0.00107276 -0.000373227 0.000433616 0.00983824 -0.0181713 0.000441674 -0.00107276 -0.0181713 0.0894538 
0.0101017 -0.0184669 -0.000386707 0.000469607 -0.0184669 0.0900735 0.000464957 -0.00114468 -0.000386707 0.000464957 0.00987392 -0.0181508 0.000469607 -0.00114468 -0.0181508 0.089375 
0.0100826 -0.0184539 -0.00038269 0.000491617 -0.0184539 0.0900763 0.00049041 -0.00122052 -0.00038269 0.00049041 0.00992001 -0.0181836 0.000491617 -0.00122052 -0.0181836 0.0893839 
0.0100493 -0.0184394 -0.000368301 0.000467271 -0.0184394 0.0900579 0.000466346 -0.00118925 -0.000368301 0.000466346 0.00997588 -0.0182346 0.000467271 -0.00118925 -0.0182346 0.0894693 
0.0100624 -0.0184204 -0.000358896 0.00044611 -0.0184204 0.0900485 0.000443347 -0.00113038 -0.000358896 0.000443347 0.00998886 -0.0182941 0.00044611 -0.00113038 -0.0182941 0.089591 
0.0100551 -0.0184245 -0.000370375 0.000450908 -0.0184245 0.0900275 0.000450202 -0.0011334 -0.000370375 0.000450202 0.00999384 -0.0183163 0.000450908 -0.0011334 -0.0183163 0.0896884 
0.0100408 -0.0184309 -0.00034483 0.000450546 -0.0184309 0.0900476 0.000452198 -0.00112162 -0.00034483 0.000452198 0.00998625 -0.0183052 0.000450546 -0.00112162 -0.0183052 0.0896849 
0.0100341 -0.018384 -0.000320639 0.000424973 -0.018384 0.0899451 0.000427356 -0.00108179 -0.000320639 0.000427356 0.00994267 -0.0182963 0.000424973 -0.00108179 -0.0182963 0.0896528 
0.0100531 -0.0183725 -0.000316896 0.000389733 -0.0183725 0.0898834 0.000389529 -0.000998026 -0.000316896 0.000389529 0.00992792 -0.0182578 0.000389733 -0.000998026 -0.0182578 0.0896032 
0.0100559 -0.0183909 -0.000331125 0.0003834 -0.0183909 0.0898785 0.000381892 -0.000950142 -0.000331125 0.000381892 0.00992325 -0.0182315 0.0003834 -0.000950142 -0.0182315 0.0895214 
0.0100467 -0.0183963 -0.000343264 0.000418071 -0.0183963 0.0898911 0.000418287 -0.00101131 -0.000343264 0.000418287 0.00991474 -0.0182162 0.000418071 -0.00101131 -0.0182162 0.0894533 
0.0100281 -0.0183648 -0.00036009 0.000426877 -0.0183648 0.0898248 0.000428332 -0.00105252 -0.00036009 0.000428332 0.00991235 -0.018234 0.000426877 -0.00105252 -0.018234 0.0894941 
0.0100174 -0.0183446 -0.0003654 0.000433007 -0.0183446 0.0897721 0.000436331 -0.00106376 -0.0003654 0.000436331 0.00992057 -0.0182376 0.000433007 -0.00106376 -0.0182376 0.0895305 
0.00998705 -0.0183207 -0.000325697 0.000438018 -0.0183207 0.0897066 0.000439708 -0.00107326 -0.000325697 0.000439708 0.0099591 -0.0182632 0.000438018 -0.00107326 -0.0182632 0.0896016 
0.00997911 -0.0182901 -0.000292636 0.000415437 -0.0182901 0.0896387 0.000413771 -0.00106467 -0.000292636 0.000413771 0.00994452 -0.0182851 0.000415437 -0.00106467 -0.0182851 0.089627 
0.00998538 -0.0183115 -0.000261823 0.000368713 -0.0183115 0.0896797 0.000366111 -0.000971832 -0.000261823 0.000366111 0.00992506 -0.0182393 0.000368713 -0.000971832 -0.0182393 0.0895437 
0.00998284 -0.0183104 -0.000267178 0.000340145 -0.0183104 0.0896885 0.000339247 -0.000899847 -0.000267178 0.000339247 0.00992002 -0.0182166 0.000340145 -0.000899847 -0.0182166 0.089466 
0.00996707 -0.0183135 -0.000265077 0.000327696 -0.0183135 0.0897 0.000324899 -0.000828187 -0.000265077 0.000324899 0.00992392 -0.0182024 0.000327696 -0.000828187 -0.0182024 0.0894057 
0.0099533 -0.0182781 -0.00024399 0.000323616 -0.0182781 0.089641 0.000319586 -0.000799478 -0.00024399 0.000319586 0.00995185 -0.0182388 0.000323616 -0.000799478 -0.0182388 0.0894786 
0.0099699 -0.0182832 -0.000250804 0.000307686 -0.0182832 0.0896384 0.000306257 -0.000779446 -0.000250804 0.000306257 0.00993651 -0.01824 0.000307686 -0.000779446 -0.01824 0.0894762 
0.00996221 -0.0182822 -0.00028418 0.000320331 -0.0182822 0.0896115 0.000322462 -0.000796619 -0.00028418 0.000322462 0.0099212 -0.0182334 0.000320331 -0.000796619 -0.0182334 0.0894747 
0.00996829 -0.0182591 -0.00032997 0.000363526 -0.0182591 0.0895581 0.000368707 -0.000882407 -0.00032997 0.000368707 0.00992278 -0.0182394 0.000363526 -0.000882407 -0.0182394 0.0895143 
0.00997745 -0.0182731 -0.000333441 0.000411792 -0.0182731 0.0895574 0.000416392 -0.000989016 -0.000333441 0.000416392 0.00991804 -0.0182244 0.000411792 -0.000989016 -0.0182244 0.0894821 
0.00995661 -0.0182732 -0.000336723 0.000430488 -0.0182732 0.0895484 0.000430975 -0.00107504 -0.000336723 0.000430975 0.00992864 -0.0182261 0.000430488 -0.00107504 -0.0182261 0.089478 
0.00993938 -0.018261 -0.000329152 0.000435482 -0.018261 0.089546 0.000430843 -0.00110414 -0.000329152 0.000430843 0.00994819 -0.0182357 0.000435482 -0.00110414 -0.0182357 0.0894913 
0.00992495 -0.018244 -0.000320537 0.000436469 -0.018244 0.0895164 0.00042946 -0.0011193 -0.000320537 0.00042946 0.00993377 -0.0182427 0.000436469 -0.0011193 -0.0182427 0.089486 
0.00994227 -0.01822 -0.000304123 0.000394092 -0.01822 0.0894639 0.000388577 -0.00102466 -0.000304123 0.000388577 0.00991285 -0.0182461 0.000394092 -0.00102466 -0.0182461 0.0895225 
0.00994914 -0.0182367 -0.000303135 0.000374821 -0.0182367 0.0894579 0.000373367 -0.00095781 -0.000303135 0.000373367 0.00988265 -0.0182061 0.000374821 -0.00095781 -0.0182061 0.0894476 
0.00995662 -0.0182554 -0.000288688 0.00035713 -0.0182554 0.0895061 0.000359329 -0.000894575 -0.000288688 0.000359329 0.00986147 -0.0181644 0.00035713 -0.000894575 -0.0181644 0.0893472 
0.00994893 -0.0182662 -0.000298171 0.000354975 -0.0182662 0.0895422 0.000358777 -0.000886008 -0.000298171 0.000358777 0.00984212 -0.0181248 0.000354975 -0.000886008 -0.0181248 0.0892255 
0.00994226 -0.0182544 -0.000307142 0.000379492 -0.0182544 0.0895391 0.000382048 -0.00093406 -0.000307142 0.000382048 0.00982619 -0.0180979 0.000379492 -0.00093406 -0.0180979 0.0891319 
0.00993691 -0.0182451 -0.000299224 0.00037146 -0.0182451 0.0895228 0.00037303 -0.000925964 -0.000299224 0.00037303 0.00983647 -0.0180851 0.00037146 -0.000925964 -0.0180851 0.0890847 
0.00994017 -0.0182345 -0.000278754 0.00036234 -0.0182345 0.0894935 0.000363478 -0.000908285 -0.000278754 0.000363478 0.00986408 -0.018103 0.00036234 -0.000908285 -0.018103 0.0891014 
0.00993465 -0.0182292 -0.00025844 0.000343274 -0.0182292 0.0894551 0.000342898 -0.000874047 -0.00025844 0.000342898 0.00987173 -0.018137 0.000343274 -0.000874047 -0.018137 0.0891635 
0.00992615 -0.018218 -0.000263383 0.000344118 -0.018218 0.0894254 0.000339457 -0.000884695 -0.000263383 0.000339457 0.00988461 -0.0181612 0.000344118 -0.000884695 -0.0181612 0.0892478 
0.00991293 -0.0182003 -0.000271886 0.000334461 -0.0182003 0.0893798 0.000326266 -0.000852586 -0.000271886 0.000326266 0.0099046 -0.0181916 0.000334461 -0.000852586 -0.0181916 0.0893446 
0.00989155 -0.0181988 -0.000295616 0.000361916 -0.0181988 0.0893665 0.00035474 -0.00090039 -0.000295616 0.00035474 0.00989065 -0.0181833 0.000361916 -0.00090039 -0.0181833 0.0893299 
0.00990848 -0.0181929 -0.000317096 0.000404173 -0.0181929 0.0893743 0.000400986 -0.00101106 -0.000317096 0.000400986 0.00982972 -0.0181364 0.000404173 -0.00101106 -0.0181364 0.0892184 
0.00992655 -0.0182089 -0.000302735 0.000379089 -0.0182089 0.0893971 0.00037844 -0.000964517 -0.000302735 0.00037844 0.00979263 -0.0180729 0.000379089 -0.000964517 -0.0180729 0.0890897 
0.00992853 -0.0182253 -0.00030241 0.000376368 -0.0182253 0.0894306 0.000377994 -0.000955989 -0.00030241 0.000377994 0.00978653 -0.0180262 0.000376368 -0.000955989 -0.0180262 0.0889551 
0.00989613 -0.0181915 -0.000286278 0.000374766 -0.0181915 0.08935 0.000377319 -0.000949078 -0.000286278 0.000377319 0.00980907 -0.0180445 0.000374766 -0.000949078 -0.0180445 0.0889549 
0.00987165 -0.0181419 -0.00024646 0.000347269 -0.0181419 0.0892259 0.000350856 -0.000896978 -0.00024646 0.000350856 0.00982243 -0.0180801 0.000347269 -0.000896978 -0.0180801 0.089026 
0.00988255 -0.0181132 -0.000237625 0.000313147 -0.0181132 0.0891321 0.000317332 -0.000839763 -0.000237625 0.000317332 0.00980081 -0.0180949 0.000313147 -0.000839763 -0.0180949 0.0890808 
0.00990325 -0.0181455 -0.000233958 0.000302351 -0.0181455 0.089169 0.000307912 -0.000797328 -0.000233958 0.000307912 0.00976255 -0.0180402 0.000302351 -0.000797328 -0.0180402 0.0889776 
0.00990107 -0.0181703 -0.000234065 0.00030884 -0.0181703 0.08923 0.00031679 -0.000810891 -0.000234065 0.00031679 0.00976582 -0.0179971 0.00030884 -0.000810891 -0.0179971 0.0888735 
0.00989492 -0.0181849 -0.000231941 0.000296671 -0.0181849 0.0893003 0.000302563 -0.000782272 -0.000231941 0.000302563 0.00977387 -0.0179817 0.000296671 -0.000782272 -0.0179817 0.0887795 
0.00986864 -0.0181705 -0.000226634 0.000289354 -0.0181705 0.0892953 0.000287776 -0.000742734 -0.000226634 0.000287776 0.00979443 -0.0180011 0.000289354 -0.000742734 -0.0180011 0.0887889 
0.00984432 -0.0181496 -0.000217748 0.000276592 -0.0181496 0.0892682 0.000272647 -0.000699989 -0.000217748 0.000272647 0.00980785 -0.0180175 0.000276592 -0.000699989 -0.0180175 0.0888197 
0.0098245 -0.0180919 -0.000188137 0.000266973 -0.0180919 0.0891315 0.000263177 -0.000669384 -0.000188137 0.000263177 0.00981609 -0.0180587 0.000266973 -0.000669384 -0.0180587 0.0889277 
0.00981906 -0.0180649 -0.000161042 0.000248853 -0.0180649 0.0890276 0.000247097 -0.00065329 -0.000161042 0.000247097 0.00981116 -0.0180678 0.000248853 -0.00065329 -0.0180678 0.0889877 
0.0098403 -0.0180736 -0.000158003 0.000208484 -0.0180736 0.0890178 0.000209066 -0.000576084 -0.000158003 0.000209066 0.00978267 -0.018047 0.000208484 -0.000576084 -0.018047 0.0889635 
0.00987105 -0.0180931 -0.000182602 0.000193373 -0.0180931 0.0890396 0.000196815 -0.000508658 -0.000182602 0.000196815 0.00974698 -0.0180139 0.000193373 -0.000508658 -0.0180139 0.0888988 
0.00986741 -0.0181198 -0.000197402 0.000229264 -0.0181198 0.0890794 0.000234746 -0.000550958 -0.000197402 0.000234746 0.00974798 -0.0179763 0.000229264 -0.000550958 -0.0179763 0.0888177 
0.00985648 -0.0180774 -0.000190409 0.000248805 -0.0180774 0.0889918 0.000250108 -0.000603039 -0.000190409 0.000250108 0.00976217 -0.0180127 0.000248805 -0.000603039 -0.0180127 0.0888746 
0.00986248 -0.0180827 -0.000190772 0.000253019 -0.0180827 0.0889802 0.00025047 -0.000641077 -0.000190772 0.00025047 0.00976713 -0.0180165 0.000253019 -0.000641077 -0.0180165 0.0888979 
0.00988431 -0.0181141 -0.000204148 0.000251671 -0.0181141 0.0890551 0.000250423 -0.000648638 -0.000204148 0.000250423 0.00975332 -0.0179997 0.000251671 -0.000648638 -0.0179997 0.0888516 
0.00989601 -0.018166 -0.000215659 0.000248287 -0.018166 0.0891967 0.000248629 -0.000624716 -0.000215659 0.000248629 0.00974751 -0.0179563 0.000248287 -0.000624716 -0.0179563 0.0887317 
0.00989948 -0.0181854 -0.000221518 0.000257177 -0.0181854 0.089294 0.000257445 -0.000624424 -0.000221518 0.000257445 0.00975731 -0.0179537 0.000257177 -0.000624424 -0.0179537 0.0886845 
0.0099207 -0.0181803 -0.000218988 0.000263105 -0.0181803 0.0893085 0.000263144 -0.000635112 -0.000218988 0.000263144 0.00975407 -0.0179772 0.000263105 -0.000635112 -0.0179772 0.0887199 
0.0099226 -0.0182221 -0.000234294 0.000287371 -0.0182221 0.0893903 0.000285671 -0.000705708 -0.000234294 0.000285671 0.00977005 -0.0179566 0.000287371 -0.000705708 -0.0179566 0.0886892 
0.00991353 -0.0182008 -0.000243837 0.000303929 -0.0182008 0.0893698 0.000300869 -0.000755156 -0.000243837 0.000300869 0.00980108 -0.0180099 0.000303929 -0.000755156 -0.0180099 0.0887956 
0.00993303 -0.0181805 -0.000226478 0.000314009 -0.0181805 0.0893064 0.000311983 -0.000788568 -0.000226478 0.000311983 0.0097821 -0.0180578 0.000314009 -0.000788568 -0.0180578 0.0889343 
0.00994898 -0.0182064 -0.000222031 0.000302975 -0.0182064 0.0893241 0.000303595 -0.000800166 -0.000222031 0.000303595 0.00975142 -0.0180383 0.000302975 -0.000800166 -0.0180383 0.0889679 
0.00995101 -0.0182104 -0.000203156 0.000277404 -0.0182104 0.0893303 0.000281762 -0.000740787 -0.000203156 0.000281762 0.00971951 -0.0180164 0.000277404 -0.000740787 -0.0180164 0.0889538 
0.00994359 -0.0182142 -0.000179232 0.000248783 -0.0182142 0.0893435 0.000257194 -0.000671451 -0.000179232 0.000257194 0.00971848 -0.0179751 0.000248783 -0.000671451 -0.0179751 0.0888789 
0.00992542 -0.0182091 -0.000183546 0.000231802 -0.0182091 0.0893364 0.000240332 -0.000626576 -0.000183546 0.000240332 0.00969963 -0.0179383 0.000231802 -0.000626576 -0.0179383 0.0887353 
0.00992193 -0.0182053 -0.000183204 0.000217917 -0.0182053 0.0893533 0.000220483 -0.000558219 -0.000183204 0.000220483 0.00968768 -0.017901 0.000217917 -0.000558219 -0.017901 0.0886093 
0.00990006 -0.0181866 -0.000181886 0.000231645 -0.0181866 0.08931 0.000227858 -0.000562665 -0.000181886 0.000227858 0.0096951 -0.017889 0.000231645 -0.000562665 -0.017889 0.0885406 
0.00989133 -0.0181742 -0.000184248 0.000225961 -0.0181742 0.0892896 0.000221937 -0.000556051 -0.000184248 0.000221937 0.00969891 -0.0178844 0.000225961 -0.000556051 -0.0178844 0.0884955 
0.00985721 -0.0181538 -0.000172254 0.000227567 -0.0181538 0.0892347 0.000227087 -0.000557733 -0.000172254 0.000227087 0.00971656 -0.017892 0.000227567 -0.000557733 -0.017892 0.0884957 
0.0098445 -0.018105 -0.000147249 0.000212007 -0.018105 0.0891362 0.000213711 -0.000541091 -0.000147249 0.000213711 0.00973321 -0.017933 0.000212007 -0.000541091 -0.017933 0.0885896 
0.00982893 -0.0180862 -0.000139749 0.000180679 -0.0180862 0.0890562 0.000182521 -0.000482763 -0.000139749 0.000182521 0.00975686 -0.0179544 0.000180679 -0.000482763 -0.0179544 0.0886664 
0.00986019 -0.0180696 -0.000157842 0.000181926 -0.0180696 0.089006 0.000180926 -0.000465325 -0.000157842 0.000180926 0.00973511 -0.0179793 0.000181926 -0.000465325 -0.0179793 0.0887256 
0.00989599 -0.0180977 -0.000171074 0.000202852 -0.0180977 0.0890181 0.000201532 -0.000493746 -0.000171074 0.000201532 0.00972161 -0.0179663 0.000202852 -0.000493746 -0.0179663 0.0887468 
0.00990404 -0.018156 -0.000159892 0.000218248 -0.018156 0.0891355 0.000217002 -0.000532369 -0.000159892 0.000217002 0.00971473 -0.0179332 0.000218248 -0.000532369 -0.0179332 0.0886746 
0.00990153 -0.0181658 -0.000159789 0.000204197 -0.0181658 0.0892023 0.000202517 -0.000523559 -0.000159789 0.000202517 0.00969902 -0.017921 0.000204197 -0.000523559 -0.017921 0.0886174 
0.00988212 -0.0181552 -0.000173187 0.000215234 -0.0181552 0.0891998 0.000215887 -0.000549103 -0.000173187 0.000215887 0.00969389 -0.0179107 0.000215234 -0.000549103 -0.0179107 0.0885955 
0.00988596 -0.0181589 -0.00020056 0.000243478 -0.0181589 0.0892317 0.000245578 -0.000621532 -0.00020056 0.000245578 0.0096627 -0.0178683 0.000243478 -0.000621532 -0.0178683 0.0884798 
0.00988945 -0.0181579 -0.000207955 0.000263673 -0.0181579 0.0892358 0.000267484 -0.000671588 -0.000207955 0.000267484 0.00965038 -0.0178361 0.000263673 -0.000671588 -0.0178361 0.088392 
0.00988721 -0.0181482 -0.000185203 0.000249382 -0.0181482 0.089204 0.000253072 -0.000644128 -0.000185203 0.000253072 0.00964627 -0.0178295 0.000249382 -0.000644128 -0.0178295 0.0883552 
0.00986736 -0.0181408 -0.000192165 0.000237875 -0.0181408 0.0891688 0.000243009 -0.000632395 -0.000192165 0.000243009 0.009651 -0.0178172 0.000237875 -0.000632395 -0.0178172 0.0883129 
0.00984389 -0.0180996 -0.000187472 0.000232764 -0.0180996 0.089076 0.000236962 -0.000598578 -0.000187472 0.000236962 0.00967237 -0.0178409 0.000232764 -0.000598578 -0.0178409 0.0883552 
0.00984108 -0.0180737 -0.000189187 0.000244402 -0.0180737 0.0889945 0.000246541 -0.000622995 -0.000189187 0.000246541 0.00966429 -0.0178615 0.000244402 -0.000622995 -0.0178615 0.088403 
0.0098368 -0.018057 -0.000181346 0.000234655 -0.018057 0.0889249 0.000234046 -0.000603761 -0.000181346 0.000234046 0.00968269 -0.017877 0.000234655 -0.000603761 -0.017877 0.0884847 
0.00983349 -0.0180732 -0.000185032 0.0002314 -0.0180732 0.0889502 0.000231571 -0.000597901 -0.000185032 0.000231571 0.00969989 -0.0178795 0.0002314 -0.000597901 -0.0178795 0.0884927 
0.00984601 -0.0180743 -0.000163784 0.000233602 -0.0180743 0.0889711 0.000235208 -0.000597716 -0.000163784 0.000235208 0.00969496 -0.017899 0.000233602 -0.000597716 -0.017899 0.0885246 
0.00985321 -0.0180959 -0.000132175 0.000181408 -0.0180959 0.0890196 0.00018332 -0.000488238 -0.000132175 0.00018332 0.00969271 -0.0178899 0.000181408 -0.000488238 -0.0178899 0.088522 
0.00984405 -0.0180975 -9.63481e-05 0.00014622 -0.0180975 0.0890359 0.000147594 -0.000386309 -9.63481e-05 0.000147594 0.00969076 -0.0178905 0.00014622 -0.000386309 -0.0178905 0.0885199 
0.00984849 -0.0180712 -8.72084e-05 0.000122063 -0.0180712 0.0889811 0.000121789 -0.000330416 -8.72084e-05 0.000121789 0.00968239 -0.0179024 0.000122063 -0.000330416 -0.0179024 0.0885569 
