0.00685385 0 6.37303e-06 0 0 0.01 0 0 6.37303e-06 0 0.00777077 0 0 0 0 0.01 
0.00976809 -0.0121366 1.70701e-06 -2.0011e-06 -0.0121366 0.0324451 -2.0011e-06 3.94843e-06 1.70701e-06 -2.0011e-06 0.0108523 -0.0134711 -2.0011e-06 3.94843e-06 -0.0134711 0.0350044 
0.00997454 -0.0187197 7.93423e-06 -1.11065e-05 -0.0187197 0.0690346 -1.11065e-05 3.44335e-05 7.93423e-06 -1.11065e-05 0.010746 -0.0200438 -1.11065e-05 3.44335e-05 -0.0200438 0.0732418 
0.00945817 -0.0185714 -5.5518e-06 1.6661e-05 -0.0185714 0.0835429 2.92276e-05 -8.0353e-05 -5.5518e-06 2.92276e-05 0.0101258 -0.0195041 1.6661e-05 -8.0353e-05 -0.0195041 0.0868021 
0.00939256 -0.0179253 3.53453e-06 -6.09717e-06 -0.0179253 0.0871412 1.66964e-05 -4.08697e-05 3.53453e-06 1.66964e-05 0.0101571 -0.018754 -6.09717e-06 -4.08697e-05 -0.018754 0.0893762 
0.00949781 -0.0177412 -5.07118e-07 -2.63559e-05 -0.0177412 0.0880133 -4.03549e-06 2.74969e-05 -5.07118e-07 -4.03549e-06 0.010408 -0.0187732 -2.63559e-05 2.74969e-05 -0.0187732 0.0903481 
0.00956293 -0.0177815 -2.42821e-05 -1.12406e-05 -0.0177815 0.0883471 1.77598e-06 2.86e-05 -2.42821e-05 1.77598e-06 0.0105811 -0.0189806 -1.12406e-05 2.86e-05 -0.0189806 0.091115 
0.00957917 -0.0178228 -2.30446e-05 2.49054e-05 -0.0178228 0.0884969 2.73117e-05 -2.3125e-05 -2.30446e-05 2.73117e-05 0.0106316 -0.0190966 2.49054e-05 -2.3125e-05 -0.0190966 0.0915566 
0.00960694 -0.0178232 1.73787e-06 3.55674e-06 -0.0178232 0.088511 2.04801e-06 7.33068e-06 1.73787e-06 2.04801e-06 0.0106148 -0.0191277 3.55674e-06 7.33068e-06 -0.0191277 0.0917419 
0.00965816 -0.0178571 2.41908e-05 -1.44186e-05 -0.0178571 0.0885511 -1.53662e-05 3.95711e-05 2.41908e-05 -1.53662e-05 0.0105544 -0.0190931 -1.44186e-05 3.95711e-05 -0.0190931 0.0917178 
0.00968828 -0.0179272 6.02149e-05 -3.93942e-05 -0.0179272 0.0886906 -3.86765e-05 8.98388e-05 6.02149e-05 -3.86765e-05 0.0105208 -0.0190191 -3.93942e-05 8.98388e-05 -0.0190191 0.0915717 
0.0096974 -0.0179877 7.80352e-05 -8.15493e-05 -0.0179877 0.0888772 -8.09054e-05 0.000172873 7.80352e-05 -8.09054e-05 0.0105043 -0.0189601 -8.15493e-05 0.000172873 -0.0189601 0.0913877 
0.00967728 -0.0180005 8.00348e-05 -0.000108056 -0.0180005 0.0889727 -0.000108898 0.000255788 8.00348e-05 -0.000108898 0.0105079 -0.0189369 -0.000108056 0.000255788 -0.0189369 0.0912755 
0.00965789 -0.0179616 5.24848e-05 -9.05119e-05 -0.0179616 0.0889296 -9.29908e-05 0.000238205 5.24848e-05 -9.29908e-05 0.0105094 -0.0189566 -9.05119e-05 0.000238205 -0.0189566 0.0912876 
0.00963742 -0.0179266 4.03009e-05 -6.82456e-05 -0.0179266 0.0888366 -6.95562e-05 0.000202747 4.03009e-05 -6.95562e-05 0.0105136 -0.0189657 -6.82456e-05 0.000202747 -0.0189657 0.0913238 
0.00962617 -0.0179056 2.361e-05 -3.66231e-05 -0.0179056 0.0887725 -3.7102e-05 0.000116827 2.361e-05 -3.7102e-05 0.0105136 -0.0189668 -3.66231e-05 0.000116827 -0.0189668 0.0913354 
0.00962005 -0.0178705 3.46424e-05 -2.33316e-05 -0.0178705 0.0886721 -2.26851e-05 6.7168e-05 3.46424e-05 -2.26851e-05 0.01053 -0.0189968 -2.33316e-05 6.7168e-05 -0.0189968 0.0914293 
0.00963807 -0.0178751 3.58212e-05 -3.3725e-05 -0.0178751 0.0886515 -3.08577e-05 6.04423e-05 3.58212e-05 -3.08577e-05 0.0105201 -0.0190054 -3.3725e-05 6.04423e-05 -0.0190054 0.0914664 
0.0096512 -0.017909 4.14923e-05 -4.49902e-05 -0.017909 0.0887157 -4.32546e-05 9.05555e-05 4.14923e-05 -4.32546e-05 0.0104941 -0.0189725 -4.49902e-05 9.05555e-05 -0.0189725 0.0913987 
0.00963045 -0.0179046 5.3137e-05 -6.37278e-05 -0.0179046 0.0887187 -6.31027e-05 0.000148997 5.3137e-05 -6.31027e-05 0.0105201 -0.018966 -6.37278e-05 0.000148997 -0.018966 0.0913916 
0.00963486 -0.017915 7.69808e-05 -8.16439e-05 -0.017915 0.0887734 -8.27408e-05 0.000208557 7.69808e-05 -8.27408e-05 0.0105303 -0.0189726 -8.16439e-05 0.000208557 -0.0189726 0.0913721 
0.0096522 -0.0179225 8.06569e-05 -0.000104338 -0.0179225 0.0888085 -0.000106998 0.000260825 8.06569e-05 -0.000106998 0.010534 -0.0189909 -0.000104338 0.000260825 -0.0189909 0.0914075 
0.00965998 -0.0179476 7.29838e-05 -9.26126e-05 -0.0179476 0.0888632 -9.69375e-05 0.000249154 7.29838e-05 -9.69375e-05 0.0105157 -0.0189872 -9.26126e-05 0.000249154 -0.0189872 0.0914052 
0.00966045 -0.0179363 6.14754e-05 -7.01971e-05 -0.0179363 0.0888472 -7.74485e-05 0.000195658 6.14754e-05 -7.74485e-05 0.0104801 -0.0189815 -7.01971e-05 0.000195658 -0.0189815 0.091413 
0.00968048 -0.0179479 6.38155e-05 -6.95768e-05 -0.0179479 0.0888709 -7.80876e-05 0.000188424 6.38155e-05 -7.80876e-05 0.0104561 -0.0189335 -6.95768e-05 0.000188424 -0.0189335 0.0913417 
0.00968777 -0.0179684 5.7951e-05 -7.94716e-05 -0.0179684 0.0889064 -8.60014e-05 0.000206084 5.7951e-05 -8.60014e-05 0.0104522 -0.0189026 -7.94716e-05 0.000206084 -0.0189026 0.0912552 
0.00968046 -0.0179567 6.1123e-05 -8.24791e-05 -0.0179567 0.0888803 -8.72465e-05 0.000224566 6.1123e-05 -8.72465e-05 0.0104597 -0.0189135 -8.24791e-05 0.000224566 -0.0189135 0.0912574 
0.00968027 -0.0179152 8.38071e-05 -9.35644e-05 -0.0179152 0.0887639 -9.58642e-05 0.000253479 8.38071e-05 -9.58642e-05 0.0104428 -0.018946 -9.35644e-05 0.000253479 -0.018946 0.0913403 
0.00968161 -0.017937 0.000105691 -0.000104081 -0.017937 0.0887713 -0.000102134 0.000254995 0.000105691 -0.000102134 0.0103972 -0.0188868 -0.000104081 0.000254995 -0.0188868 0.0912291 
0.00969853 -0.0179785 0.000105566 -0.000111444 -0.0179785 0.0888988 -0.000109216 0.000246197 0.000105566 -0.000109216 0.0103816 -0.0188143 -0.000111444 0.000246197 -0.0188143 0.0910545 
0.00970631 -0.0179955 0.000102728 -0.000112731 -0.0179955 0.0889709 -0.000112245 0.000250017 0.000102728 -0.000112245 0.0103853 -0.0187895 -0.000112731 0.000250017 -0.0187895 0.0909311 
0.0097157 -0.0179747 9.65196e-05 -0.000132729 -0.0179747 0.0889269 -0.000133138 0.000304725 9.65196e-05 -0.000133138 0.0103669 -0.0188109 -0.000132729 0.000304725 -0.0188109 0.0909367 
0.00970712 -0.0179763 9.24002e-05 -0.000134903 -0.0179763 0.0888957 -0.000132374 0.000338308 9.24002e-05 -0.000132374 0.0103587 -0.0188046 -0.000134903 0.000338308 -0.0188046 0.0909627 
0.00968711 -0.0179652 7.99415e-05 -0.000119439 -0.0179652 0.0888708 -0.000118439 0.000314842 7.99415e-05 -0.000118439 0.0103873 -0.0188065 -0.000119439 0.000314842 -0.0188065 0.0909919 
0.00966144 -0.017947 6.13667e-05 -9.18948e-05 -0.017947 0.0888391 -9.14975e-05 0.000248944 6.13667e-05 -9.14975e-05 0.010418 -0.0188328 -9.18948e-05 0.000248944 -0.0188328 0.0910305 
0.00961694 -0.0179074 3.38762e-05 -7.92912e-05 -0.0179074 0.0887536 -7.88244e-05 0.000218098 3.38762e-05 -7.88244e-05 0.010456 -0.0188728 -7.92912e-05 0.000218098 -0.0188728 0.0911134 
0.00961206 -0.0178844 3.10132e-05 -5.11586e-05 -0.0178844 0.088715 -4.88111e-05 0.000166728 3.10132e-05 -4.88111e-05 0.0104435 -0.0188882 -5.11586e-05 0.000166728 -0.0188882 0.091136 
0.00963241 -0.0178887 5.39743e-05 -4.65083e-05 -0.0178887 0.0887189 -4.14232e-05 0.000129691 5.39743e-05 -4.14232e-05 0.010416 -0.0188674 -4.65083e-05 0.000129691 -0.0188674 0.0911106 
0.00964844 -0.0178716 7.30672e-05 -7.18247e-05 -0.0178716 0.0886492 -6.80499e-05 0.000155001 7.30672e-05 -6.80499e-05 0.0103857 -0.0188632 -7.18247e-05 0.000155001 -0.0188632 0.0911181 
0.00964918 -0.0178932 0.000101538 -0.000105541 -0.0178932 0.0886568 -0.000105925 0.000241629 0.000101538 -0.000105925 0.0103815 -0.0188242 -0.000105541 0.000241629 -0.0188242 0.0910594 
0.00964595 -0.0179108 0.000114004 -0.000127709 -0.0179108 0.0887101 -0.000131651 0.000303826 0.000114004 -0.000131651 0.0103837 -0.0188028 -0.000127709 0.000303826 -0.0188028 0.0909789 
0.00964749 -0.01792 0.000111351 -0.000130654 -0.01792 0.088758 -0.000135654 0.000321147 0.000111351 -0.000135654 0.0104033 -0.018807 -0.000130654 0.000321147 -0.018807 0.0909699 
0.00962451 -0.0179024 0.000121766 -0.000126974 -0.0179024 0.0887261 -0.000134656 0.000324861 0.000121766 -0.000134656 0.0104337 -0.0188456 -0.000126974 0.000324861 -0.0188456 0.0910422 
0.00963029 -0.0178932 0.000125897 -0.000149584 -0.0178932 0.0887162 -0.000155489 0.000367877 0.000125897 -0.000155489 0.0104083 -0.018856 -0.000149584 0.000367877 -0.018856 0.0910557 
0.00961744 -0.0178707 0.000121633 -0.000171381 -0.0178707 0.0886433 -0.000173666 0.000434903 0.000121633 -0.000173666 0.0103851 -0.0188411 -0.000171381 0.000434903 -0.0188411 0.0910515 
0.00962467 -0.0178552 9.66915e-05 -0.000141766 -0.0178552 0.0885905 -0.000141373 0.000383312 9.66915e-05 -0.000141373 0.0103578 -0.0188088 -0.000141766 0.000383312 -0.0188088 0.0909904 
0.00963145 -0.0178621 7.98989e-05 -0.000121616 -0.0178621 0.0885757 -0.000120428 0.000335867 7.98989e-05 -0.000120428 0.0103547 -0.0187745 -0.000121616 0.000335867 -0.0187745 0.0909112 
0.00966093 -0.0178775 9.18748e-05 -0.000121562 -0.0178775 0.0886021 -0.000119197 0.000333234 9.18748e-05 -0.000119197 0.0103329 -0.0187578 -0.000121562 0.000333234 -0.0187578 0.0908364 
0.00967469 -0.0178897 8.78902e-05 -0.000118221 -0.0178897 0.0886019 -0.000117602 0.000307707 8.78902e-05 -0.000117602 0.0103192 -0.018754 -0.000118221 0.000307707 -0.018754 0.0908323 
0.00965663 -0.0178875 9.55766e-05 -0.00010431 -0.0178875 0.0885805 -0.000106689 0.000273478 9.55766e-05 -0.000106689 0.0103231 -0.0187525 -0.00010431 0.000273478 -0.0187525 0.0908447 
0.00963251 -0.0178819 9.98642e-05 -0.000122985 -0.0178819 0.0885855 -0.000127342 0.000297974 9.98642e-05 -0.000127342 0.0103306 -0.0187452 -0.000122985 0.000297974 -0.0187452 0.0908243 
0.00964835 -0.0178758 9.52928e-05 -0.000118742 -0.0178758 0.0886039 -0.000121465 0.000292179 9.52928e-05 -0.000121465 0.0103176 -0.018739 -0.000118742 0.000292179 -0.018739 0.0907944 
0.0096379 -0.0178809 9.00164e-05 -0.000116337 -0.0178809 0.0885958 -0.000114978 0.000282492 9.00164e-05 -0.000114978 0.0103122 -0.0187243 -0.000116337 0.000282492 -0.0187243 0.0907575 
0.00964138 -0.0178662 9.251e-05 -0.000120367 -0.0178662 0.0885765 -0.000112702 0.000288311 9.251e-05 -0.000112702 0.0102926 -0.0187231 -0.000120367 0.000288311 -0.0187231 0.0907459 
0.009653 -0.017867 8.21352e-05 -0.000113235 -0.017867 0.0885636 -0.000104556 0.000269975 8.21352e-05 -0.000104556 0.0102722 -0.0187005 -0.000113235 0.000269975 -0.0187005 0.0907104 
0.0096382 -0.0179024 6.86358e-05 -0.000102715 -0.0179024 0.088642 -9.74967e-05 0.000254071 6.86358e-05 -9.74967e-05 0.0103117 -0.0186674 -0.000102715 0.000254071 -0.0186674 0.090639 
0.00962215 -0.0179011 5.75755e-05 -7.0439e-05 -0.0179011 0.0886889 -6.95331e-05 0.000187476 5.75755e-05 -6.95331e-05 0.0103263 -0.0186891 -7.0439e-05 0.000187476 -0.0186891 0.0906045 
0.00963767 -0.0178519 7.31462e-05 -9.17888e-05 -0.0178519 0.0885922 -9.26698e-05 0.000230933 7.31462e-05 -9.26698e-05 0.0103135 -0.01874 -9.17888e-05 0.000230933 -0.01874 0.0907239 
0.00964675 -0.0178729 7.18833e-05 -9.35983e-05 -0.0178729 0.0885801 -9.35529e-05 0.000235668 7.18833e-05 -9.35529e-05 0.0102895 -0.018713 -9.35983e-05 0.000235668 -0.018713 0.090716 
0.00965397 -0.0178896 7.75265e-05 -8.49453e-05 -0.0178896 0.0886198 -8.29499e-05 0.000213271 7.75265e-05 -8.29499e-05 0.0102776 -0.0186828 -8.49453e-05 0.000213271 -0.0186828 0.0906565 
0.00963286 -0.0178859 7.93155e-05 -9.21985e-05 -0.0178859 0.0886154 -9.06265e-05 0.000214965 7.93155e-05 -9.06265e-05 0.010277 -0.0186694 -9.21985e-05 0.000214965 -0.0186694 0.0906045 
0.00962707 -0.0178446 9.87717e-05 -9.85131e-05 -0.0178446 0.0885337 -9.55925e-05 0.000231869 9.87717e-05 -9.55925e-05 0.0102768 -0.0186925 -9.85131e-05 0.000231869 -0.0186925 0.090657 
0.00964074 -0.0178488 0.000117695 -0.000128367 -0.0178488 0.088513 -0.000125379 0.000292844 0.000117695 -0.000125379 0.0102575 -0.0186716 -0.000128367 0.000292844 -0.0186716 0.0906191 
0.00965567 -0.0178889 0.000111288 -0.000148467 -0.0178889 0.0885968 -0.000146783 0.000350516 0.000111288 -0.000146783 0.010243 -0.0186239 -0.000148467 0.000350516 -0.0186239 0.0905002 
0.00963653 -0.0178627 9.03736e-05 -0.000144047 -0.0178627 0.088542 -0.000143803 0.000374145 9.03736e-05 -0.000143803 0.0102504 -0.0186391 -0.000144047 0.000374145 -0.0186391 0.0905066 
0.00963092 -0.017857 5.48693e-05 -0.000111488 -0.017857 0.0885276 -0.000113622 0.000321532 5.48693e-05 -0.000113622 0.0102379 -0.0186327 -0.000111488 0.000321532 -0.0186327 0.0904875 
0.00962933 -0.0178588 1.77501e-05 -4.90753e-05 -0.0178588 0.0885371 -5.48057e-05 0.0001818 1.77501e-05 -5.48057e-05 0.010228 -0.0186145 -4.90753e-05 0.0001818 -0.0186145 0.0904513 
0.00963081 -0.0178561 1.22535e-05 -1.25833e-05 -0.0178561 0.0885333 -2.27278e-05 7.93555e-05 1.22535e-05 -2.27278e-05 0.0102041 -0.0185929 -1.25833e-05 7.93555e-05 -0.0185929 0.0903885 
0.00964382 -0.0178562 2.70014e-05 -8.07954e-06 -0.0178562 0.0885297 -1.91714e-05 3.7095e-05 2.70014e-05 -1.91714e-05 0.0101711 -0.0185602 -8.07954e-06 3.7095e-05 -0.0185602 0.0903093 
0.0096562 -0.0178984 5.28729e-05 -4.09692e-05 -0.0178984 0.088623 -4.89022e-05 8.82087e-05 5.28729e-05 -4.89022e-05 0.0101535 -0.0184947 -4.09692e-05 8.82087e-05 -0.0184947 0.0901509 
0.00963607 -0.0179013 6.25562e-05 -7.20339e-05 -0.0179013 0.0886556 -7.45426e-05 0.00015445 6.25562e-05 -7.45426e-05 0.0101735 -0.0184838 -7.20339e-05 0.00015445 -0.0184838 0.0900792 
0.00959671 -0.0178425 6.00915e-05 -7.74367e-05 -0.0178425 0.0885312 -7.33053e-05 0.000176365 6.00915e-05 -7.33053e-05 0.0101975 -0.0185265 -7.74367e-05 0.000176365 -0.0185265 0.0901377 
0.00958611 -0.0177863 6.08744e-05 -8.66221e-05 -0.0177863 0.0883749 -7.77172e-05 0.000203021 6.08744e-05 -7.77172e-05 0.010192 -0.0185627 -8.66221e-05 0.000203021 -0.0185627 0.0902386 
0.00959157 -0.0177751 6.60239e-05 -7.30433e-05 -0.0177751 0.0882971 -6.50084e-05 0.00017886 6.60239e-05 -6.50084e-05 0.0101703 -0.0185546 -7.30433e-05 0.00017886 -0.0185546 0.0902664 
0.00961832 -0.0177937 4.55991e-05 -7.76955e-05 -0.0177937 0.0883198 -7.50986e-05 0.000180104 4.55991e-05 -7.50986e-05 0.0101535 -0.018527 -7.76955e-05 0.000180104 -0.018527 0.0902329 
0.00963229 -0.0178237 2.87015e-05 -4.51929e-05 -0.0178237 0.0883747 -4.39689e-05 0.000127508 2.87015e-05 -4.39689e-05 0.0101552 -0.0185113 -4.51929e-05 0.000127508 -0.0185113 0.0901986 
0.00962418 -0.0178358 5.316e-05 -5.81202e-05 -0.0178358 0.088412 -5.44234e-05 0.000153995 5.316e-05 -5.44234e-05 0.0101637 -0.0185115 -5.81202e-05 0.000153995 -0.0185115 0.0901784 
0.00960974 -0.0177994 7.58583e-05 -8.31827e-05 -0.0177994 0.0883369 -8.22141e-05 0.000205125 7.58583e-05 -8.22141e-05 0.0101544 -0.01854 -8.31827e-05 0.000205125 -0.01854 0.090235 
0.00961321 -0.0177933 9.59126e-05 -0.000101784 -0.0177933 0.0883079 -0.000104822 0.000253324 9.59126e-05 -0.000104822 0.0101451 -0.0185189 -0.000101784 0.000253324 -0.0185189 0.0902209 
0.00960556 -0.0178224 6.52317e-05 -0.000108743 -0.0178224 0.0883725 -0.000107712 0.000258176 6.52317e-05 -0.000107712 0.010155 -0.0184842 -0.000108743 0.000258176 -0.0184842 0.0901264 
0.00959669 -0.0178309 5.97307e-05 -8.25369e-05 -0.0178309 0.0884348 -7.39179e-05 0.000221288 5.97307e-05 -7.39179e-05 0.0101615 -0.0184808 -8.25369e-05 0.000221288 -0.0184808 0.0900645 
0.0095852 -0.0178012 7.50072e-05 -7.99659e-05 -0.0178012 0.0883864 -7.12672e-05 0.000195965 7.50072e-05 -7.12672e-05 0.0101506 -0.0184983 -7.99659e-05 0.000195965 -0.0184983 0.0900804 
0.00959055 -0.01778 7.90712e-05 -7.6478e-05 -0.01778 0.0883242 -7.58108e-05 0.000170117 7.90712e-05 -7.58108e-05 0.010131 -0.0184967 -7.6478e-05 0.000170117 -0.0184967 0.0901084 
0.00960279 -0.0178023 9.35055e-05 -9.77821e-05 -0.0178023 0.0883539 -0.000103141 0.000223217 9.35055e-05 -0.000103141 0.0101037 -0.0184556 -9.77821e-05 0.000223217 -0.0184556 0.0900324 
0.00963028 -0.0178228 9.42849e-05 -0.000106544 -0.0178228 0.0884076 -0.000109533 0.000249688 9.42849e-05 -0.000109533 0.0100721 -0.0184169 -0.000106544 0.000249688 -0.0184169 0.0899338 
0.00961279 -0.0178224 8.82327e-05 -0.000110628 -0.0178224 0.0883913 -0.00011318 0.000268521 8.82327e-05 -0.00011318 0.0100746 -0.0184053 -0.000110628 0.000268521 -0.0184053 0.0899049 
0.00960378 -0.0178099 5.79036e-05 -9.14096e-05 -0.0178099 0.0883745 -9.46774e-05 0.000232697 5.79036e-05 -9.46774e-05 0.010079 -0.0184006 -9.14096e-05 0.000232697 -0.0184006 0.0898829 
0.00961148 -0.0178044 6.38054e-05 -9.37705e-05 -0.0178044 0.0883593 -9.81983e-05 0.000262741 6.38054e-05 -9.81983e-05 0.0100606 -0.0183876 -9.37705e-05 0.000262741 -0.0183876 0.0898324 
0.00960638 -0.0177958 7.10365e-05 -9.6877e-05 -0.0177958 0.0883166 -0.000103192 0.000270315 7.10365e-05 -0.000103192 0.0100539 -0.0183776 -9.6877e-05 0.000270315 -0.0183776 0.089812 
0.0095888 -0.0177902 5.55892e-05 -8.6308e-05 -0.0177902 0.0882916 -8.92791e-05 0.000231335 5.55892e-05 -8.92791e-05 0.0100574 -0.0183635 -8.6308e-05 0.000231335 -0.0183635 0.0897709 
0.00958583 -0.0177759 5.39097e-05 -7.96885e-05 -0.0177759 0.0882668 -7.89885e-05 0.000217474 5.39097e-05 -7.89885e-05 0.0100485 -0.0183544 -7.96885e-05 0.000217474 -0.0183544 0.0897222 
0.00959766 -0.017758 3.36653e-05 -6.20618e-05 -0.017758 0.0882089 -6.03371e-05 0.000163676 3.36653e-05 -6.03371e-05 0.0100396 -0.0183605 -6.20618e-05 0.000163676 -0.0183605 0.0897403 
0.0096267 -0.0178141 1.2769e-05 -3.23971e-05 -0.0178141 0.088324 -3.37064e-05 9.61529e-05 1.2769e-05 -3.37064e-05 0.0100505 -0.0183229 -3.23971e-05 9.61529e-05 -0.0183229 0.0896643 
0.00960603 -0.017803 2.53042e-05 -8.0195e-06 -0.017803 0.0883084 -1.21764e-05 3.79678e-05 2.53042e-05 -1.21764e-05 0.010108 -0.0183887 -8.0195e-06 3.79678e-05 -0.0183887 0.0897907 
0.00960557 -0.0177995 3.86534e-05 -2.51465e-05 -0.0177995 0.0883178 -2.72679e-05 4.09235e-05 3.86534e-05 -2.72679e-05 0.0101436 -0.0184443 -2.51465e-05 4.09235e-05 -0.0184443 0.0899186 
0.00962317 -0.0178011 5.85815e-05 -5.3103e-05 -0.0178011 0.0883232 -5.0406e-05 0.000101843 5.85815e-05 -5.0406e-05 0.0101405 -0.0184936 -5.3103e-05 0.000101843 -0.0184936 0.0900563 
0.0096288 -0.0178157 8.07228e-05 -9.00771e-05 -0.0178157 0.0883427 -8.4194e-05 0.000195502 8.07228e-05 -8.4194e-05 0.0101285 -0.018501 -9.00771e-05 0.000195502 -0.018501 0.0901361 
0.00962341 -0.01782 8.23784e-05 -9.3807e-05 -0.01782 0.0883617 -8.94744e-05 0.000215102 8.23784e-05 -8.94744e-05 0.0101193 -0.0184916 -9.3807e-05 0.000215102 -0.0184916 0.0901502 
0.00961728 -0.017833 8.48375e-05 -9.84751e-05 -0.017833 0.0884151 -9.6939e-05 0.000233206 8.48375e-05 -9.6939e-05 0.0101207 -0.0184594 -9.84751e-05 0.000233206 -0.0184594 0.090075 
0.00962587 -0.0178339 8.28865e-05 -0.000128852 -0.0178339 0.0884464 -0.000130923 0.000323084 8.28865e-05 -0.000130923 0.0101245 -0.0184551 -0.000128852 0.000323084 -0.0184551 0.0900329 
0.00962543 -0.0178298 7.26684e-05 -0.000117096 -0.0178298 0.0884306 -0.000121286 0.000333292 7.26684e-05 -0.000121286 0.0101173 -0.0184698 -0.000117096 0.000333292 -0.0184698 0.0900497 
0.00962449 -0.0178346 6.79664e-05 -0.000108515 -0.0178346 0.0884388 -0.000110884 0.00031854 6.79664e-05 -0.000110884 0.0101167 -0.0184622 -0.000108515 0.00031854 -0.0184622 0.0900543 
0.00963921 -0.01786 7.62742e-05 -9.9105e-05 -0.01786 0.0885135 -9.70362e-05 0.000286843 7.62742e-05 -9.70362e-05 0.0101152 -0.0184377 -9.9105e-05 0.000286843 -0.0184377 0.0899883 
0.0096045 -0.0178641 6.70266e-05 -9.22285e-05 -0.0178641 0.088536 -8.66218e-05 0.000238466 6.70266e-05 -8.66218e-05 0.0101576 -0.0184465 -9.22285e-05 0.000238466 -0.0184465 0.089983 
0.0095871 -0.0178392 6.38706e-05 -8.63669e-05 -0.0178392 0.0885244 -8.28435e-05 0.000219104 6.38706e-05 -8.28435e-05 0.0101906 -0.018487 -8.63669e-05 0.000219104 -0.018487 0.0900348 
0.00957402 -0.017806 4.95766e-05 -7.13389e-05 -0.017806 0.0884442 -7.37612e-05 0.00018505 4.95766e-05 -7.37612e-05 0.0102106 -0.0185373 -7.13389e-05 0.00018505 -0.0185373 0.0901517 
0.0095881 -0.0177784 5.08945e-05 -6.67915e-05 -0.0177784 0.0883547 -7.18142e-05 0.000183351 5.08945e-05 -7.18142e-05 0.0102018 -0.0185765 -6.67915e-05 0.000183351 -0.0185765 0.09028 
0.00960456 -0.0177731 3.71453e-05 -3.7223e-05 -0.0177731 0.0882872 -3.92538e-05 9.91576e-05 3.71453e-05 -3.92538e-05 0.0101908 -0.018585 -3.7223e-05 9.91576e-05 -0.018585 0.0903617 
0.00961905 -0.0177939 2.37744e-05 -4.00484e-05 -0.0177939 0.0882968 -4.1176e-05 9.00858e-05 2.37744e-05 -4.1176e-05 0.0101717 -0.018565 -4.00484e-05 9.00858e-05 -0.018565 0.0903443 
0.00963986 -0.0178365 8.71232e-06 -2.74204e-05 -0.0178365 0.0884041 -2.85365e-05 7.76965e-05 8.71232e-06 -2.85365e-05 0.010167 -0.018532 -2.74204e-05 7.76965e-05 -0.018532 0.0902771 
0.00963336 -0.0178564 1.84346e-05 -2.79969e-05 -0.0178564 0.0884723 -2.50593e-05 8.65858e-05 1.84346e-05 -2.50593e-05 0.0101747 -0.0185197 -2.79969e-05 8.65858e-05 -0.0185197 0.0902115 
0.00963423 -0.0178545 3.07899e-05 -2.29681e-05 -0.0178545 0.0885031 -1.69054e-05 5.88352e-05 3.07899e-05 -1.69054e-05 0.0101904 -0.0185307 -2.29681e-05 5.88352e-05 -0.0185307 0.0902109 
0.00960742 -0.0178498 2.97012e-05 -2.93221e-05 -0.0178498 0.0884944 -2.48758e-05 5.16779e-05 2.97012e-05 -2.48758e-05 0.010217 -0.0185531 -2.93221e-05 5.16779e-05 -0.0185531 0.0902492 
0.00961464 -0.0178501 4.9909e-05 -4.04773e-05 -0.0178501 0.0885337 -4.16645e-05 9.02685e-05 4.9909e-05 -4.16645e-05 0.0102248 -0.018576 -4.04773e-05 9.02685e-05 -0.018576 0.0903034 
0.00963326 -0.0178713 5.22875e-05 -4.05958e-05 -0.0178713 0.0885963 -4.42305e-05 8.12132e-05 5.22875e-05 -4.42305e-05 0.0102462 -0.018593 -4.05958e-05 8.12132e-05 -0.018593 0.0903705 
0.00964142 -0.0178596 6.50294e-05 -7.66418e-05 -0.0178596 0.088565 -7.96005e-05 0.00017197 6.50294e-05 -7.96005e-05 0.0102699 -0.0186522 -7.66418e-05 0.00017197 -0.0186522 0.0905237 
0.00966075 -0.0178783 6.78102e-05 -0.000100648 -0.0178783 0.0885903 -0.000101392 0.000251923 6.78102e-05 -0.000101392 0.0102724 -0.0186786 -0.000100648 0.000251923 -0.0186786 0.0906261 
0.00963865 -0.017904 6.44773e-05 -9.67601e-05 -0.017904 0.0886479 -9.46985e-05 0.000261677 6.44773e-05 -9.46985e-05 0.0102899 -0.018676 -9.67601e-05 0.000261677 -0.018676 0.090647 
0.00963054 -0.0178603 7.04282e-05 -0.000101147 -0.0178603 0.0885871 -9.52932e-05 0.000269536 7.04282e-05 -9.52932e-05 0.0102742 -0.0187043 -0.000101147 0.000269536 -0.0187043 0.0906951 
0.00962919 -0.0178705 8.54889e-05 -9.63915e-05 -0.0178705 0.0885905 -9.20705e-05 0.000255616 8.54889e-05 -9.20705e-05 0.0102579 -0.018659 -9.63915e-05 0.000255616 -0.018659 0.0906159 
0.00962163 -0.0178717 7.70161e-05 -9.84843e-05 -0.0178717 0.0886004 -9.97747e-05 0.000240767 7.70161e-05 -9.97747e-05 0.0102511 -0.0186227 -9.84843e-05 0.000240767 -0.0186227 0.0904925 
0.00963973 -0.0178596 6.02092e-05 -7.47758e-05 -0.0178596 0.0885812 -7.90819e-05 0.000192743 6.02092e-05 -7.90819e-05 0.0102436 -0.0186239 -7.47758e-05 0.000192743 -0.0186239 0.0904616 
0.00966799 -0.017879 4.44687e-05 -7.38025e-05 -0.017879 0.0885955 -7.96753e-05 0.00019024 4.44687e-05 -7.96753e-05 0.0102239 -0.0186165 -7.38025e-05 0.00019024 -0.0186165 0.0904432 
0.00967583 -0.0178946 2.73782e-05 -4.81318e-05 -0.0178946 0.0886064 -5.09944e-05 0.000140469 2.73782e-05 -5.09944e-05 0.0102283 -0.0186127 -4.81318e-05 0.000140469 -0.0186127 0.0904566 
0.00965328 -0.0179037 1.44209e-05 -3.58914e-05 -0.0179037 0.0886283 -3.36857e-05 9.82027e-05 1.44209e-05 -3.36857e-05 0.010265 -0.0186239 -3.58914e-05 9.82027e-05 -0.0186239 0.0904864 
0.0096186 -0.0178653 5.56465e-06 -1.43276e-05 -0.0178653 0.0885639 -7.49058e-06 4.04865e-05 5.56465e-06 -7.49058e-06 0.0102932 -0.0186759 -1.43276e-05 4.04865e-05 -0.0186759 0.0905852 
0.00960109 -0.0178507 3.6329e-05 -1.30126e-05 -0.0178507 0.0885413 -3.71884e-06 2.23911e-05 3.6329e-05 -3.71884e-06 0.0103032 -0.0186903 -1.30126e-05 2.23911e-05 -0.0186903 0.0906338 
0.00958912 -0.0178177 6.80288e-05 -5.29128e-05 -0.0178177 0.0884686 -4.49315e-05 8.4817e-05 6.80288e-05 -4.49315e-05 0.0103065 -0.0187099 -5.29128e-05 8.4817e-05 -0.0187099 0.0906885 
0.00959858 -0.0178069 0.000100118 -0.000107101 -0.0178069 0.0884265 -0.000103799 0.000222713 0.000100118 -0.000103799 0.010298 -0.018707 -0.000107101 0.000222713 -0.018707 0.090696 
0.00962186 -0.0178172 9.31674e-05 -0.000114227 -0.0178172 0.0884263 -0.000116781 0.000266817 9.31674e-05 -0.000116781 0.0102716 -0.0186924 -0.000114227 0.000266817 -0.0186924 0.090664 
0.00963705 -0.0178545 8.42432e-05 -0.000102675 -0.0178545 0.0884971 -0.000109931 0.000267114 8.42432e-05 -0.000109931 0.0102389 -0.0186463 -0.000102675 0.000267114 -0.0186463 0.0905586 
0.009643 -0.0178577 8.73752e-05 -0.000115528 -0.0178577 0.0885199 -0.000126517 0.000311494 8.73752e-05 -0.000126517 0.0102235 -0.0186217 -0.000115528 0.000311494 -0.0186217 0.090492 
0.00963234 -0.0178727 8.47736e-05 -0.000126713 -0.0178727 0.0885579 -0.000137278 0.000353501 8.47736e-05 -0.000137278 0.0102117 -0.0185819 -0.000126713 0.000353501 -0.0185819 0.0903732 
0.00964132 -0.0178608 7.35424e-05 -0.000103869 -0.0178608 0.0885568 -0.000107633 0.000303198 7.35424e-05 -0.000107633 0.0101927 -0.0185708 -0.000103869 0.000303198 -0.0185708 0.0903172 
0.0096587 -0.0178684 7.33502e-05 -8.63395e-05 -0.0178684 0.0885579 -8.33518e-05 0.000240183 7.33502e-05 -8.33518e-05 0.0101636 -0.0185492 -8.63395e-05 0.000240183 -0.0185492 0.0902682 
0.00965961 -0.0178847 7.73743e-05 -0.000104089 -0.0178847 0.0885808 -9.92789e-05 0.000258966 7.73743e-05 -9.92789e-05 0.0101638 -0.0185196 -0.000104089 0.000258966 -0.0185196 0.0902119 
0.00966378 -0.0178645 0.000101495 -0.000111701 -0.0178645 0.0885341 -0.00010874 0.000287833 0.000101495 -0.00010874 0.0101415 -0.0185313 -0.000111701 0.000287833 -0.0185313 0.0902155 
0.00965803 -0.0178868 0.000144321 -0.000141771 -0.0178868 0.0885684 -0.000140211 0.000347035 0.000144321 -0.000140211 0.0101275 -0.0184914 -0.000141771 0.000347035 -0.0184914 0.0901499 
0.00964224 -0.0178824 0.000148411 -0.000174665 -0.0178824 0.0885835 -0.000173547 0.000403621 0.000148411 -0.000173547 0.0101366 -0.0184749 -0.000174665 0.000403621 -0.0184749 0.0900984 
0.00962905 -0.017861 0.000138276 -0.000183117 -0.017861 0.0885511 -0.000184121 0.000449847 0.000138276 -0.000184121 0.0101619 -0.0184923 -0.000183117 0.000449847 -0.0184923 0.0901189 
0.0096213 -0.0178623 0.000135281 -0.000166243 -0.0178623 0.088553 -0.000170979 0.000437259 0.000135281 -0.000170979 0.0101883 -0.0185034 -0.000166243 0.000437259 -0.0185034 0.0901248 
0.00963987 -0.0178602 0.000113616 -0.000143437 -0.0178602 0.0885608 -0.000152062 0.000373933 0.000113616 -0.000152062 0.0101902 -0.0185282 -0.000143437 0.000373933 -0.0185282 0.0901551 
0.00964971 -0.0178875 7.66551e-05 -0.000124952 -0.0178875 0.0886087 -0.000133667 0.000327164 7.66551e-05 -0.000133667 0.010176 -0.0185204 -0.000124952 0.000327164 -0.0185204 0.0901406 
0.00962336 -0.0178675 7.12544e-05 -8.51338e-05 -0.0178675 0.0885662 -8.95319e-05 0.000249402 7.12544e-05 -8.95319e-05 0.0101806 -0.0185361 -8.51338e-05 0.000249402 -0.0185361 0.0901946 
0.00962544 -0.0178672 5.28941e-05 -7.91857e-05 -0.0178672 0.0885818 -7.80954e-05 0.000195971 5.28941e-05 -7.80954e-05 0.010172 -0.0185198 -7.91857e-05 0.000195971 -0.0185198 0.0901753 
0.00961428 -0.017856 8.90636e-05 -9.24679e-05 -0.017856 0.08855 -8.76338e-05 0.000235559 8.90636e-05 -8.76338e-05 0.0101626 -0.0185109 -9.24679e-05 0.000235559 -0.0185109 0.0901508 
0.00958944 -0.0178089 0.000117171 -0.000124276 -0.0178089 0.0884234 -0.000120147 0.000285656 0.000117171 -0.000120147 0.0101633 -0.0185195 -0.000124276 0.000285656 -0.0185195 0.0901765 
0.00959817 -0.0177732 0.000132113 -0.000157468 -0.0177732 0.0883097 -0.000156385 0.000367484 0.000132113 -0.000156385 0.0101446 -0.0185213 -0.000157468 0.000367484 -0.0185213 0.0901916 
0.00960705 -0.0177732 0.000113923 -0.000158538 -0.0177732 0.0882482 -0.000159565 0.000386053 0.000113923 -0.000159565 0.0101209 -0.0185004 -0.000158538 0.000386053 -0.0185004 0.0901658 
0.00963727 -0.0178118 0.000101342 -0.000138531 -0.0178118 0.0883226 -0.000140822 0.000362743 0.000101342 -0.000140822 0.0100888 -0.0184517 -0.000138531 0.000362743 -0.0184517 0.0900566 
