0.00751341 0 -0.000474732 0 0 0.01 0 0 -0.000474732 0 0.00722926 0 0 0 0 0.01 
0.010555 -0.0131063 -0.000566461 0.000698491 -0.0131063 0.0343048 0.000698491 -0.00133956 -0.000566461 0.000698491 0.0102255 -0.012701 0.000698491 -0.00133956 -0.012701 0.033527 
0.0105441 -0.0197146 -0.000402266 0.000736089 -0.0197146 0.0722031 0.000736089 -0.00234655 -0.000402266 0.000736089 0.0103083 -0.0193388 0.000736089 -0.00234655 -0.0193388 0.0710102 
0.00990061 -0.0192529 -0.000335103 0.00048779 -0.0192529 0.0859609 0.000489431 -0.0017802 -0.000335103 0.000489431 0.00971789 -0.0189926 0.00048779 -0.0017802 -0.0189926 0.0850977 
0.00983362 -0.0184608 -0.000373911 0.000395725 -0.0184608 0.088677 0.000406205 -0.00112723 -0.000373911 0.000406205 0.00970644 -0.0182631 0.000395725 -0.00112723 -0.0182631 0.0881618 
0.0100115 -0.0183665 -0.00043715 0.000468673 -0.0183665 0.0894911 0.000487525 -0.00106588 -0.00043715 0.000487525 0.00983711 -0.0181178 0.000468673 -0.00106588 -0.0181178 0.0888807 
0.0101633 -0.0184776 -0.00044261 0.000541749 -0.0184776 0.0899966 0.000562285 -0.00123919 -0.00044261 0.000562285 0.00991272 -0.0181998 0.000541749 -0.00123919 -0.0181998 0.0893012 
0.0102317 -0.0185707 -0.000438737 0.000557828 -0.0185707 0.0902828 0.000574409 -0.00137435 -0.000438737 0.000574409 0.00994613 -0.0182467 0.000557828 -0.00137435 -0.0182467 0.0895158 
0.0102723 -0.0186194 -0.00043746 0.000548466 -0.0186194 0.0904273 0.00055799 -0.00140078 -0.00043746 0.00055799 0.00995246 -0.0182738 0.000548466 -0.00140078 -0.0182738 0.0896012 
0.0102377 -0.0186388 -0.000444532 0.000562554 -0.0186388 0.0904562 0.000563197 -0.00142873 -0.000444532 0.000563197 0.0099854 -0.0182922 0.000562554 -0.00142873 -0.0182922 0.0896609 
0.0101957 -0.0186126 -0.000447466 0.000551549 -0.0186126 0.0904402 0.000547989 -0.00139457 -0.000447466 0.000547989 0.0100332 -0.018336 0.000551549 -0.00139457 -0.018336 0.0897547 
0.0101845 -0.0185702 -0.00043939 0.000550267 -0.0185702 0.0903687 0.000547997 -0.00137198 -0.00043939 0.000547997 0.0100431 -0.0183937 0.000550267 -0.00137198 -0.0183937 0.0898849 
0.0101806 -0.0185751 -0.000418699 0.000525487 -0.0185751 0.0903698 0.000527015 -0.00131327 -0.000418699 0.000527015 0.0100317 -0.0183981 0.000525487 -0.00131327 -0.0183981 0.0899388 
0.0101565 -0.0185581 -0.000404457 0.000497498 -0.0185581 0.0903385 0.000496801 -0.00123635 -0.000404457 0.000496801 0.010017 -0.0183969 0.000497498 -0.00123635 -0.0183969 0.089964 
0.0101633 -0.0185628 -0.000392073 0.00048282 -0.0185628 0.0903819 0.000478912 -0.00118155 -0.000392073 0.000478912 0.00998775 -0.0183544 0.00048282 -0.00118155 -0.0183544 0.0898828 
0.0101709 -0.018561 -0.00039763 0.000474077 -0.018561 0.0903876 0.000470921 -0.00115792 -0.00039763 0.000470921 0.00997894 -0.0183282 0.000474077 -0.00115792 -0.0183282 0.0898191 
0.0101781 -0.0185699 -0.000379328 0.000475938 -0.0185699 0.0904015 0.000473119 -0.00114941 -0.000379328 0.000473119 0.00996717 -0.0183117 0.000475938 -0.00114941 -0.0183117 0.0897598 
0.0101961 -0.0185854 -0.000361525 0.000452677 -0.0185854 0.0904449 0.000449992 -0.00111336 -0.000361525 0.000449992 0.00996992 -0.0183017 0.000452677 -0.00111336 -0.0183017 0.0897329 
0.0101858 -0.0185956 -0.000368125 0.000442879 -0.0185956 0.0904651 0.000441 -0.00109708 -0.000368125 0.000441 0.00999029 -0.0183076 0.000442879 -0.00109708 -0.0183076 0.0897272 
0.0101622 -0.0185886 -0.000379649 0.000476251 -0.0185886 0.0904661 0.000474294 -0.00116846 -0.000379649 0.000474294 0.00999883 -0.0183184 0.000476251 -0.00116846 -0.0183184 0.0897294 
0.0101216 -0.0185651 -0.000377633 0.000488672 -0.0185651 0.0904305 0.000485106 -0.00121775 -0.000377633 0.000485106 0.00999872 -0.0183105 0.000488672 -0.00121775 -0.0183105 0.0896952 
0.0101135 -0.0184951 -0.000372399 0.000480334 -0.0184951 0.0902844 0.000476197 -0.00121474 -0.000372399 0.000476197 0.00998995 -0.0183363 0.000480334 -0.00121474 -0.0183363 0.0897529 
0.010107 -0.0184667 -0.000373057 0.000471642 -0.0184667 0.090153 0.000471242 -0.00120054 -0.000373057 0.000471242 0.00999884 -0.0183454 0.000471642 -0.00120054 -0.0183454 0.0898189 
0.0101457 -0.0184701 -0.000385912 0.000477528 -0.0184701 0.0901253 0.000477557 -0.00120972 -0.000385912 0.000477557 0.00996341 -0.0183437 0.000477528 -0.00120972 -0.0183437 0.089823 
0.0101873 -0.0185286 -0.000411974 0.000474003 -0.0185286 0.0902256 0.000474881 -0.00119188 -0.000411974 0.000474881 0.00994208 -0.0183028 0.000474003 -0.00119188 -0.0183028 0.0897674 
0.0102101 -0.0185746 -0.000423313 0.000501066 -0.0185746 0.0903418 0.000502422 -0.00122223 -0.000423313 0.000502422 0.00993373 -0.0182822 0.000501066 -0.00122223 -0.0182822 0.0897101 
0.010206 -0.0186207 -0.000417936 0.000532963 -0.0186207 0.0904773 0.000532532 -0.00130684 -0.000417936 0.000532532 0.00993129 -0.0182451 0.000532963 -0.00130684 -0.0182451 0.0896003 
0.0101719 -0.0186053 -0.000394087 0.000514728 -0.0186053 0.0904995 0.000513388 -0.00129631 -0.000394087 0.000513388 0.00996447 -0.0182665 0.000514728 -0.00129631 -0.0182665 0.089621 
0.0101501 -0.0185813 -0.000375564 0.00047521 -0.0185813 0.0904812 0.000474399 -0.00121208 -0.000375564 0.000474399 0.00998899 -0.0182932 0.00047521 -0.00121208 -0.0182932 0.0896641 
0.0101515 -0.0185352 -0.000355247 0.00046342 -0.0185352 0.0903717 0.000463409 -0.00116825 -0.000355247 0.000463409 0.00996609 -0.0183294 0.00046342 -0.00116825 -0.0183294 0.0897456 
0.0101535 -0.0185412 -0.000361843 0.000439516 -0.0185412 0.0903411 0.000440974 -0.00112143 -0.000361843 0.000440974 0.00994922 -0.0182993 0.000439516 -0.00112143 -0.0182993 0.0897341 
0.0101712 -0.0185299 -0.000373586 0.000455314 -0.0185299 0.0903034 0.000460438 -0.00113872 -0.000373586 0.000460438 0.0099273 -0.0182902 0.000455314 -0.00113872 -0.0182902 0.0897186 
0.0101768 -0.0185409 -0.000369158 0.000470316 -0.0185409 0.0902898 0.00047867 -0.00118138 -0.000369158 0.00047867 0.00991519 -0.0182667 0.000470316 -0.00118138 -0.0182667 0.0896771 
0.0101765 -0.0185428 -0.000349741 0.000446111 -0.0185428 0.0902835 0.000453602 -0.00113923 -0.000349741 0.000453602 0.00991111 -0.0182504 0.000446111 -0.00113923 -0.0182504 0.0896293 
0.0101398 -0.0185486 -0.000366759 0.000438591 -0.0185486 0.0902956 0.000441365 -0.0011195 -0.000366759 0.000441365 0.00994947 -0.0182387 0.000438591 -0.0011195 -0.0182387 0.0895869 
0.0101136 -0.0185146 -0.00038114 0.000460145 -0.0185146 0.090257 0.000456769 -0.00113495 -0.00038114 0.000456769 0.00996656 -0.0182669 0.000460145 -0.00113495 -0.0182669 0.0895913 
0.0101024 -0.0184862 -0.000391155 0.000475814 -0.0184862 0.0901972 0.000467579 -0.00116475 -0.000391155 0.000467579 0.00998352 -0.018296 0.000475814 -0.00116475 -0.018296 0.0896618 
0.0101147 -0.0184888 -0.00037688 0.000492521 -0.0184888 0.0902017 0.00048291 -0.00120624 -0.00037688 0.00048291 0.00999788 -0.0183151 0.000492521 -0.00120624 -0.0183151 0.0897205 
0.0101446 -0.0185063 -0.000378194 0.000485742 -0.0185063 0.0902332 0.00047893 -0.00122325 -0.000378194 0.00047893 0.00997337 -0.018325 0.000485742 -0.00122325 -0.018325 0.0897489 
0.010177 -0.0185249 -0.000361322 0.000455694 -0.0185249 0.0902621 0.000454487 -0.0011532 -0.000361322 0.000454487 0.00995598 -0.0183239 0.000455694 -0.0011532 -0.0183239 0.0897888 
0.010173 -0.0185587 -0.000368168 0.000444748 -0.0185587 0.0903203 0.000448271 -0.00112243 -0.000368168 0.000448271 0.00994318 -0.0182963 0.000444748 -0.00112243 -0.0182963 0.089744 
0.0101669 -0.0185521 -0.000365931 0.00045255 -0.0185521 0.090341 0.00045629 -0.00112478 -0.000365931 0.00045629 0.00995088 -0.01829 0.00045255 -0.00112478 -0.01829 0.0897247 
0.0101416 -0.0185522 -0.000367091 0.000452934 -0.0185522 0.0903502 0.000452277 -0.00112929 -0.000367091 0.000452277 0.00997879 -0.0182865 0.000452934 -0.00112929 -0.0182865 0.0896954 
0.0101117 -0.0185382 -0.000395312 0.000471787 -0.0185382 0.0903447 0.000464685 -0.00116756 -0.000395312 0.000464685 0.00998779 -0.018295 0.000471787 -0.00116756 -0.018295 0.0896722 
0.0100954 -0.0185038 -0.000403622 0.000497701 -0.0185038 0.0902884 0.000487244 -0.00121041 -0.000403622 0.000487244 0.00999319 -0.0183123 0.000497701 -0.00121041 -0.0183123 0.0897065 
0.0100799 -0.0184519 -0.000388342 0.000505857 -0.0184519 0.0901388 0.000497301 -0.00124136 -0.000388342 0.000497301 0.00996479 -0.0183313 0.000505857 -0.00124136 -0.0183313 0.0897594 
0.0100832 -0.0184114 -0.00035134 0.000463967 -0.0184114 0.0899998 0.000461619 -0.00117201 -0.00035134 0.000461619 0.00995177 -0.0183276 0.000463967 -0.00117201 -0.0183276 0.0898108 
0.0100895 -0.0184145 -0.000334669 0.000435818 -0.0184145 0.0899463 0.000436373 -0.00111806 -0.000334669 0.000436373 0.00993587 -0.0182944 0.000435818 -0.00111806 -0.0182944 0.0897495 
0.0100778 -0.0184224 -0.000324682 0.000408128 -0.0184224 0.0899422 0.000408552 -0.00104002 -0.000324682 0.000408552 0.00993249 -0.0182656 0.000408128 -0.00104002 -0.0182656 0.0896619 
0.0100607 -0.0184043 -0.000303854 0.000401398 -0.0184043 0.089913 0.000402481 -0.00100912 -0.000303854 0.000402481 0.00994588 -0.0182707 0.000401398 -0.00100912 -0.0182707 0.0896493 
0.0100395 -0.0184067 -0.000300386 0.000397194 -0.0184067 0.0899291 0.000400714 -0.00101984 -0.000300386 0.000400714 0.0099453 -0.0182556 0.000397194 -0.00101984 -0.0182556 0.0895871 
0.0100324 -0.0183947 -0.000304769 0.000378128 -0.0183947 0.0899394 0.000386213 -0.000984218 -0.000304769 0.000386213 0.0099425 -0.0182499 0.000378128 -0.000984218 -0.0182499 0.089551 
0.0100277 -0.018391 -0.000324059 0.00037501 -0.018391 0.089942 0.000381903 -0.000952183 -0.000324059 0.000381903 0.00993405 -0.0182399 0.00037501 -0.000952183 -0.0182399 0.0895125 
0.0100346 -0.0183891 -0.000339471 0.000418128 -0.0183891 0.0899442 0.000417677 -0.00102021 -0.000339471 0.000417677 0.00991298 -0.0182165 0.000418128 -0.00102021 -0.0182165 0.0894445 
0.0100723 -0.0183807 -0.000309159 0.000414448 -0.0183807 0.089912 0.000407867 -0.00101736 -0.000309159 0.000407867 0.00986436 -0.0182096 0.000414448 -0.00101736 -0.0182096 0.0894289 
0.0101166 -0.0184114 -0.000288993 0.000382259 -0.0184114 0.0899354 0.000378208 -0.000975905 -0.000288993 0.000378208 0.00982771 -0.01817 0.000382259 -0.000975905 -0.01817 0.0893834 
0.0101413 -0.0184868 -0.000294919 0.000369991 -0.0184868 0.0900872 0.000374125 -0.000956083 -0.000294919 0.000374125 0.0098092 -0.0180915 0.000369991 -0.000956083 -0.0180915 0.0891972 
0.0101141 -0.0185188 -0.000288254 0.000346136 -0.0185188 0.0902031 0.000357497 -0.00088584 -0.000288254 0.000357497 0.00984044 -0.018066 0.000346136 -0.00088584 -0.018066 0.0890742 
0.0100787 -0.0184696 -0.000303023 0.00034974 -0.0184696 0.0901484 0.000360888 -0.000877987 -0.000303023 0.000360888 0.00988324 -0.0181261 0.00034974 -0.000877987 -0.0181261 0.0891546 
0.0100746 -0.0184181 -0.000311293 0.000372468 -0.0184181 0.0900224 0.000379357 -0.000914594 -0.000311293 0.000379357 0.0098852 -0.0181865 0.000372468 -0.000914594 -0.0181865 0.0893028 
0.0100747 -0.0184155 -0.000314683 0.0003862 -0.0184155 0.0899694 0.000389139 -0.000950757 -0.000314683 0.000389139 0.00988055 -0.0181885 0.0003862 -0.000950757 -0.0181885 0.0893696 
0.0100825 -0.0184062 -0.000329769 0.00040928 -0.0184062 0.0899348 0.000410311 -0.00101857 -0.000329769 0.000410311 0.00987886 -0.0181944 0.00040928 -0.00101857 -0.0181944 0.0894108 
0.0100792 -0.0184316 -0.000345892 0.000419138 -0.0184316 0.0899811 0.000415019 -0.00104528 -0.000345892 0.000415019 0.00989667 -0.0181805 0.000419138 -0.00104528 -0.0181805 0.0893884 
0.0100598 -0.0184363 -0.00037489 0.000456025 -0.0184363 0.0900213 0.000447994 -0.00112812 -0.00037489 0.000447994 0.00991551 -0.0181938 0.000456025 -0.00112812 -0.0181938 0.0893865 
0.0100711 -0.0184091 -0.000378959 0.000464598 -0.0184091 0.089993 0.000459946 -0.00115504 -0.000378959 0.000459946 0.00993199 -0.0182379 0.000464598 -0.00115504 -0.0182379 0.0894878 
0.0101095 -0.0184247 -0.000371144 0.000455824 -0.0184247 0.0899972 0.000454891 -0.00113891 -0.000371144 0.000454891 0.00993003 -0.0182637 0.000455824 -0.00113891 -0.0182637 0.0895872 
0.0101443 -0.0184936 -0.000370345 0.000447822 -0.0184936 0.0901342 0.000447572 -0.00111717 -0.000370345 0.000447572 0.00991519 -0.0182407 0.000447822 -0.00111717 -0.0182407 0.0895654 
0.010155 -0.0185506 -0.000371162 0.000458093 -0.0185506 0.0903055 0.000458185 -0.00113655 -0.000371162 0.000458185 0.00993132 -0.0182168 0.000458093 -0.00113655 -0.0182168 0.0895072 
0.0101395 -0.0185503 -0.000372164 0.000473486 -0.0185503 0.0903504 0.000472603 -0.00118395 -0.000372164 0.000472603 0.00994936 -0.0182368 0.000473486 -0.00118395 -0.0182368 0.0895075 
0.0101631 -0.0185298 -0.000362139 0.000458653 -0.0185298 0.0903309 0.000460441 -0.00116443 -0.000362139 0.000460441 0.00995412 -0.0182791 0.000458653 -0.00116443 -0.0182791 0.0896087 
0.0101574 -0.0185304 -0.000352677 0.000446952 -0.0185304 0.0902806 0.000450031 -0.00113414 -0.000352677 0.000450031 0.0099589 -0.0182937 0.000446952 -0.00113414 -0.0182937 0.0896744 
0.0101522 -0.0185384 -0.000345472 0.000445677 -0.0185384 0.0902929 0.000448312 -0.00113082 -0.000345472 0.000448312 0.00995466 -0.0182846 0.000445677 -0.00113082 -0.0182846 0.089668 
0.0101371 -0.0185236 -0.000350791 0.000444255 -0.0185236 0.0902642 0.000442787 -0.00112768 -0.000350791 0.000442787 0.00994785 -0.0182888 0.000444255 -0.00112768 -0.0182888 0.0896821 
0.0101027 -0.0185017 -0.000337894 0.000428899 -0.0185017 0.0902189 0.000423128 -0.00107558 -0.000337894 0.000423128 0.00998468 -0.0183036 0.000428899 -0.00107558 -0.0183036 0.0897431 
0.0100479 -0.0184587 -0.00035414 0.000407748 -0.0184587 0.0901319 0.000398789 -0.00101001 -0.00035414 0.000398789 0.0100154 -0.0183398 0.000407748 -0.00101001 -0.0183398 0.0898075 
0.0100444 -0.0183976 -0.000372627 0.000445939 -0.0183976 0.0900064 0.000436472 -0.00106177 -0.000372627 0.000436472 0.00999026 -0.0183653 0.000445939 -0.00106177 -0.0183653 0.0898657 
0.0100452 -0.0184147 -0.000383589 0.000481611 -0.0184147 0.0900009 0.00047629 -0.00116728 -0.000383589 0.00047629 0.00996724 -0.0183054 0.000481611 -0.00116728 -0.0183054 0.0897662 
0.0100337 -0.0184082 -0.000377387 0.00046305 -0.0184082 0.0899934 0.000463899 -0.00115515 -0.000377387 0.000463899 0.00997799 -0.0182815 0.00046305 -0.00115515 -0.0182815 0.0896761 
0.00999963 -0.0183682 -0.000368613 0.000475487 -0.0183682 0.0898924 0.00047974 -0.00119257 -0.000368613 0.00047974 0.00998613 -0.0183033 0.000475487 -0.00119257 -0.0183033 0.0896807 
0.00996956 -0.0183251 -0.000358026 0.000450763 -0.0183251 0.0897825 0.000452427 -0.00115113 -0.000358026 0.000452427 0.010004 -0.0183206 0.000450763 -0.00115113 -0.0183206 0.0897285 
0.00997512 -0.0182956 -0.000346428 0.000446775 -0.0182956 0.0897001 0.000444549 -0.00112703 -0.000346428 0.000444549 0.00998463 -0.0183286 0.000446775 -0.00112703 -0.0183286 0.089742 
0.00996692 -0.0182765 -0.000334474 0.000427872 -0.0182765 0.0896106 0.000427171 -0.00108717 -0.000334474 0.000427171 0.00998378 -0.018327 0.000427872 -0.00108717 -0.018327 0.0897684 
0.00997846 -0.0182842 -0.000332135 0.000405884 -0.0182842 0.0896117 0.000407375 -0.00103143 -0.000332135 0.000407375 0.00998823 -0.0183106 0.000405884 -0.00103143 -0.0183106 0.0897334 
0.00998548 -0.0183055 -0.0003554 0.000429208 -0.0183055 0.0896522 0.000432609 -0.00107457 -0.0003554 0.000432609 0.00999911 -0.0183029 0.000429208 -0.00107457 -0.0183029 0.0896905 
0.00999706 -0.018312 -0.000359363 0.000445248 -0.018312 0.089682 0.000445709 -0.00110356 -0.000359363 0.000445709 0.00999818 -0.0183235 0.000445248 -0.00110356 -0.0183235 0.0897114 
0.00998831 -0.0183203 -0.000362565 0.000447505 -0.0183203 0.0896999 0.000443083 -0.00111214 -0.000362565 0.000443083 0.00999557 -0.0183275 0.000447505 -0.00111214 -0.0183275 0.0897308 
0.00998668 -0.0182906 -0.000376293 0.000452155 -0.0182906 0.0896432 0.00044654 -0.00111989 -0.000376293 0.00044654 0.00997783 -0.0183461 0.000452155 -0.00111989 -0.0183461 0.0897915 
0.00999686 -0.0182779 -0.000364266 0.000461066 -0.0182779 0.0895866 0.000457425 -0.00113043 -0.000364266 0.000457425 0.00994724 -0.0183347 0.000461066 -0.00113043 -0.0183347 0.0898099 
0.0100152 -0.0183382 -0.000346978 0.000462498 -0.0183382 0.0897125 0.000462302 -0.00116004 -0.000346978 0.000462302 0.00990612 -0.0182399 0.000462498 -0.00116004 -0.0182399 0.0896016 
0.0100238 -0.018367 -0.000339521 0.000426036 -0.018367 0.0898235 0.000425522 -0.00109571 -0.000339521 0.000425522 0.00989688 -0.018184 0.000426036 -0.00109571 -0.018184 0.0894179 
0.0100287 -0.0184006 -0.000335724 0.000421501 -0.0184006 0.089944 0.000418043 -0.00105957 -0.000335724 0.000418043 0.00991771 -0.0181538 0.000421501 -0.00105957 -0.0181538 0.0892829 
0.0100279 -0.0184052 -0.000330614 0.000412852 -0.0184052 0.0899907 0.000411278 -0.001035 -0.000330614 0.000411278 0.00993596 -0.0181794 0.000412852 -0.001035 -0.0181794 0.0892743 
0.0100179 -0.0183931 -0.000320277 0.000408058 -0.0183931 0.0899706 0.00041151 -0.00102839 -0.000320277 0.00041151 0.00995456 -0.018221 0.000408058 -0.00102839 -0.018221 0.0893721 
0.0100222 -0.0183428 -0.000322891 0.000392004 -0.0183428 0.0898419 0.000397653 -0.00100139 -0.000322891 0.000397653 0.00995135 -0.0182847 0.000392004 -0.00100139 -0.0182847 0.0895581 
0.0100458 -0.0183477 -0.000330533 0.000411291 -0.0183477 0.0897948 0.000417351 -0.0010338 -0.000330533 0.000417351 0.00991665 -0.018276 0.000411291 -0.0010338 -0.018276 0.0896138 
0.0100619 -0.0183829 -0.000334878 0.000411225 -0.0183829 0.0898474 0.000417472 -0.00104095 -0.000334878 0.000417472 0.00990075 -0.0182326 0.000411225 -0.00104095 -0.0182326 0.0895596 
0.0100595 -0.0183989 -0.000324096 0.00040165 -0.0183989 0.0898937 0.000406519 -0.00100794 -0.000324096 0.000406519 0.00988502 -0.0182117 0.00040165 -0.00100794 -0.0182117 0.0894905 
0.0100339 -0.0183804 -0.000333503 0.000411664 -0.0183804 0.0898618 0.000413404 -0.00103242 -0.000333503 0.000413404 0.00988064 -0.0182002 0.000411664 -0.00103242 -0.0182002 0.0894586 
0.0100328 -0.0183649 -0.000316986 0.000410866 -0.0183649 0.0898434 0.000410966 -0.00102725 -0.000316986 0.000410966 0.00986993 -0.0181846 0.000410866 -0.00102725 -0.0181846 0.0894153 
0.0100255 -0.0183663 -0.000310657 0.000398411 -0.0183663 0.0898384 0.000401091 -0.00102035 -0.000310657 0.000401091 0.00986339 -0.0181617 0.000398411 -0.00102035 -0.0181617 0.0893499 
0.0099968 -0.0183453 -0.000327654 0.000395833 -0.0183453 0.0897947 0.000396711 -0.00101322 -0.000327654 0.000396711 0.00988171 -0.0181586 0.000395833 -0.00101322 -0.0181586 0.0893191 
0.00999644 -0.0183324 -0.000340507 0.00043346 -0.0183324 0.0897782 0.000430711 -0.00108114 -0.000340507 0.000430711 0.00986513 -0.0181494 0.00043346 -0.00108114 -0.0181494 0.0892589 
0.0100093 -0.0183482 -0.000343831 0.000444452 -0.0183482 0.0898122 0.00044207 -0.00112725 -0.000343831 0.00044207 0.00984825 -0.0181152 0.000444452 -0.00112725 -0.0181152 0.0891714 
0.00999969 -0.0183354 -0.000335638 0.000427462 -0.0183354 0.0897766 0.000425018 -0.00109403 -0.000335638 0.000425018 0.00984673 -0.0181168 0.000427462 -0.00109403 -0.0181168 0.089155 
0.0100129 -0.0183258 -0.000319958 0.000410526 -0.0183258 0.0897523 0.000406496 -0.00104396 -0.000319958 0.000406496 0.00985151 -0.0181239 0.000410526 -0.00104396 -0.0181239 0.0891791 
0.0100417 -0.0183554 -0.000297809 0.000382228 -0.0183554 0.0897998 0.000379627 -0.000970683 -0.000297809 0.000379627 0.0098457 -0.018117 0.000382228 -0.000970683 -0.018117 0.0891652 
0.0100626 -0.0183828 -0.000290179 0.000359802 -0.0183828 0.0898544 0.000362213 -0.000917286 -0.000290179 0.000362213 0.00984153 -0.0181246 0.000359802 -0.000917286 -0.0181246 0.0891935 
0.0100597 -0.0184225 -0.000295893 0.000355469 -0.0184225 0.0899547 0.0003641 -0.000902688 -0.000295893 0.0003641 0.00985475 -0.0181129 0.000355469 -0.000902688 -0.0181129 0.0891821 
0.0100434 -0.0183858 -0.000322792 0.000375407 -0.0183858 0.0899037 0.000385115 -0.000949358 -0.000322792 0.000385115 0.00988051 -0.0181648 0.000375407 -0.000949358 -0.0181648 0.0892973 
0.0100267 -0.0183589 -0.000320701 0.000406405 -0.0183589 0.0898214 0.000410988 -0.00100797 -0.000320701 0.000410988 0.00989901 -0.0182032 0.000406405 -0.00100797 -0.0182032 0.0894179 
0.00999963 -0.0183403 -0.000323433 0.000414187 -0.0183403 0.08976 0.000413168 -0.00105236 -0.000323433 0.000413168 0.00992806 -0.0182273 0.000414187 -0.00105236 -0.0182273 0.0895082 
0.0100224 -0.0183254 -0.000306353 0.0003961 -0.0183254 0.0897345 0.000392637 -0.00100767 -0.000306353 0.000392637 0.00991423 -0.0182415 0.0003961 -0.00100767 -0.0182415 0.0895357 
0.0100391 -0.018345 -0.000300536 0.00038094 -0.018345 0.0897442 0.000376934 -0.000969168 -0.000300536 0.000376934 0.0099172 -0.018232 0.00038094 -0.000969168 -0.018232 0.0895389 
0.0100534 -0.0183677 -0.000311036 0.000374147 -0.0183677 0.0897982 0.000368859 -0.000941734 -0.000311036 0.000368859 0.00994055 -0.0182445 0.000374147 -0.000941734 -0.0182445 0.0895609 
0.0100647 -0.0183954 -0.000331592 0.000392739 -0.0183954 0.0898733 0.000387972 -0.000965745 -0.000331592 0.000387972 0.00995131 -0.0182652 0.000392739 -0.000965745 -0.0182652 0.0895935 
0.010098 -0.0184396 -0.000342105 0.00042295 -0.0184396 0.0900067 0.000419091 -0.00103468 -0.000342105 0.000419091 0.00992977 -0.0182568 0.00042295 -0.00103468 -0.0182568 0.0895762 
0.0100935 -0.0184712 -0.00033508 0.000425995 -0.0184712 0.0900991 0.000422028 -0.00105665 -0.00033508 0.000422028 0.00993244 -0.0182407 0.000425995 -0.00105665 -0.0182407 0.0895528 
0.0100721 -0.0184605 -0.000341761 0.00043336 -0.0184605 0.0901167 0.000427192 -0.00108915 -0.000341761 0.000427192 0.00995038 -0.0182478 0.00043336 -0.00108915 -0.0182478 0.089555 
0.0100532 -0.018418 -0.000345556 0.000439702 -0.018418 0.0900352 0.000433475 -0.00110616 -0.000345556 0.000433475 0.00996313 -0.0182827 0.000439702 -0.00110616 -0.0182827 0.0896216 
0.0100604 -0.0183959 -0.000350363 0.000433764 -0.0183959 0.0899638 0.000433543 -0.00109819 -0.000350363 0.000433543 0.00995754 -0.0182973 0.000433764 -0.00109819 -0.0182973 0.0896734 
0.0100648 -0.0184027 -0.000370189 0.000456698 -0.0184027 0.0899402 0.000459971 -0.00115111 -0.000370189 0.000459971 0.00994399 -0.0182834 0.000456698 -0.00115111 -0.0182834 0.0896627 
0.0100859 -0.0184299 -0.000362029 0.000469832 -0.0184299 0.0900003 0.000475003 -0.00118287 -0.000362029 0.000475003 0.00990299 -0.0182369 0.000469832 -0.00118287 -0.0182369 0.0895446 
0.0100888 -0.0184664 -0.000334725 0.00045344 -0.0184664 0.0900904 0.000457809 -0.00116132 -0.000334725 0.000457809 0.00985817 -0.0181604 0.00045344 -0.00116132 -0.0181604 0.0893431 
0.0100772 -0.0184396 -0.000329336 0.000403968 -0.0184396 0.090061 0.000402841 -0.00105154 -0.000329336 0.000402841 0.00986988 -0.0181573 0.000403968 -0.00105154 -0.0181573 0.08932 
0.0100533 -0.018414 -0.000320468 0.000373145 -0.018414 0.0899891 0.000368233 -0.000921311 -0.000320468 0.000368233 0.00989993 -0.0181836 0.000373145 -0.000921311 -0.0181836 0.0893689 
0.0100368 -0.0183861 -0.000333994 0.000399675 -0.0183861 0.0899171 0.000397705 -0.000962085 -0.000333994 0.000397705 0.00990859 -0.0182098 0.000399675 -0.000962085 -0.0182098 0.0894204 
0.0100245 -0.0183575 -0.000342808 0.000424965 -0.0183575 0.0898349 0.00042593 -0.00103852 -0.000342808 0.00042593 0.0099198 -0.01823 0.000424965 -0.00103852 -0.01823 0.0894877 
0.0100453 -0.0183614 -0.000338053 0.00043564 -0.0183614 0.0898262 0.000439085 -0.00109068 -0.000338053 0.000439085 0.00990297 -0.0182168 0.00043564 -0.00109068 -0.0182168 0.089461 
0.0100607 -0.018391 -0.00032489 0.000409318 -0.018391 0.0898722 0.000414995 -0.00104761 -0.00032489 0.000414995 0.00988613 -0.0181885 0.000409318 -0.00104761 -0.0181885 0.0893921 
0.0100766 -0.0184222 -0.000334016 0.00041892 -0.0184222 0.0899615 0.000424118 -0.00107105 -0.000334016 0.000424118 0.00986324 -0.0181514 0.00041892 -0.00107105 -0.0181514 0.0892823 
0.0100772 -0.0184276 -0.000313153 0.000424686 -0.0184276 0.0899918 0.000427589 -0.00108199 -0.000313153 0.000427589 0.00987267 -0.0181457 0.000424686 -0.00108199 -0.0181457 0.0892584 
0.0100834 -0.0184114 -0.000298267 0.00038159 -0.0184114 0.0899576 0.000381624 -0.000995516 -0.000298267 0.000381624 0.0098782 -0.0181809 0.00038159 -0.000995516 -0.0181809 0.0893311 
0.0101101 -0.0184499 -0.000266093 0.000339915 -0.0184499 0.0900402 0.000340905 -0.000865337 -0.000266093 0.000340905 0.00986988 -0.0181721 0.000339915 -0.000865337 -0.0181721 0.0893392 
0.0101246 -0.0184739 -0.000251384 0.000323525 -0.0184739 0.0901083 0.000325674 -0.00081697 -0.000251384 0.000325674 0.00985948 -0.0181735 0.000323525 -0.00081697 -0.0181735 0.0893533 
0.0101322 -0.0184876 -0.00024555 0.00032699 -0.0184876 0.0901527 0.000327819 -0.000825291 -0.00024555 0.000327819 0.00983773 -0.0181594 0.00032699 -0.000825291 -0.0181594 0.0893356 
0.0101292 -0.0184841 -0.000249718 0.000324331 -0.0184841 0.0901458 0.000323696 -0.000827764 -0.000249718 0.000323696 0.00982438 -0.0181432 0.000324331 -0.000827764 -0.0181432 0.089318 
0.010119 -0.018477 -0.000262607 0.000317392 -0.018477 0.0901232 0.000318197 -0.000807877 -0.000262607 0.000318197 0.00982668 -0.0181271 0.000317392 -0.000807877 -0.0181271 0.0892861 
0.010087 -0.0184587 -0.000256898 0.000320734 -0.0184587 0.0900731 0.000321964 -0.000791997 -0.000256898 0.000321964 0.00984489 -0.0181283 0.000320734 -0.000791997 -0.0181283 0.0892733 
0.0100795 -0.0184387 -0.000261594 0.000302933 -0.0184387 0.0900379 0.00030398 -0.000752878 -0.000261594 0.00030398 0.00984317 -0.0181283 0.000302933 -0.000752878 -0.0181283 0.0892481 
0.0100648 -0.0184322 -0.000288428 0.000324543 -0.0184322 0.0900149 0.000327504 -0.000788038 -0.000288428 0.000327504 0.00986016 -0.0181227 0.000324543 -0.000788038 -0.0181227 0.0892286 
0.0100473 -0.0184022 -0.000296094 0.000356435 -0.0184022 0.0899394 0.000360811 -0.000856756 -0.000296094 0.000360811 0.00985609 -0.0181369 0.000356435 -0.000856756 -0.0181369 0.0892275 
0.0100386 -0.0183913 -0.000295315 0.00038129 -0.0183913 0.0899066 0.000385909 -0.000944078 -0.000295315 0.000385909 0.00986225 -0.0181268 0.00038129 -0.000944078 -0.0181268 0.0892146 
0.0100298 -0.018382 -0.000297398 0.000386181 -0.018382 0.0898862 0.000388818 -0.000989173 -0.000297398 0.000388818 0.00987847 -0.0181346 0.000386181 -0.000989173 -0.0181346 0.0892158 
0.0100202 -0.01836 -0.000296643 0.000394339 -0.01836 0.0898315 0.000390351 -0.00101235 -0.000296643 0.000390351 0.00989159 -0.0181645 0.000394339 -0.00101235 -0.0181645 0.0892721 
0.0100318 -0.0183513 -0.000291698 0.000365623 -0.0183513 0.0898018 0.000360648 -0.000942358 -0.000291698 0.000360648 0.00989113 -0.0181913 0.000365623 -0.000942358 -0.0181913 0.089356 
0.0100237 -0.0183676 -0.000296276 0.000355949 -0.0183676 0.0898229 0.00035127 -0.000891048 -0.000296276 0.00035127 0.00990718 -0.0181914 0.000355949 -0.000891048 -0.0181914 0.0893881 
0.0100254 -0.0183765 -0.000280885 0.000353204 -0.0183765 0.0898693 0.000349476 -0.000860353 -0.000280885 0.000349476 0.00990844 -0.0181893 0.000353204 -0.000860353 -0.0181893 0.0893678 
0.0100259 -0.0183637 -0.00029798 0.000362953 -0.0183637 0.0898466 0.000359706 -0.000898118 -0.00029798 0.000359706 0.00990511 -0.0182046 0.000362953 -0.000898118 -0.0182046 0.0894055 
0.010022 -0.0183501 -0.000324061 0.000380968 -0.0183501 0.0897982 0.000377066 -0.00093539 -0.000324061 0.000377066 0.00990362 -0.0182147 0.000380968 -0.00093539 -0.0182147 0.0894521 
0.0100431 -0.0183689 -0.000333013 0.000406662 -0.0183689 0.0898372 0.000402671 -0.000987651 -0.000333013 0.000402671 0.00989362 -0.0181954 0.000406662 -0.000987651 -0.0181954 0.0894205 
