0.00774933 0 0.000352806 0 0 0.01 0 0 0.000352806 0 0.00698107 0 0 0 0 0.01 
0.0108541 -0.0134763 0.000422666 -0.000520112 -0.0134763 0.0350142 -0.000520112 0.000997596 0.000422666 -0.000520112 0.00991103 -0.0123115 -0.000520112 0.000997596 -0.0123115 0.0327809 
0.0107429 -0.020167 0.000334489 -0.00057884 -0.020167 0.0736513 -0.00057884 0.00183874 0.000334489 -0.00057884 0.0100864 -0.0188445 -0.00057884 0.00183874 -0.0188445 0.0694245 
0.0100674 -0.0195578 0.000280635 -0.000405787 -0.0195578 0.0872244 -0.000407385 0.00143088 0.000280635 -0.000407385 0.00955891 -0.0186736 -0.000405787 0.00143088 -0.0186736 0.0837891 
0.0100574 -0.0187227 0.000286974 -0.000334325 -0.0187227 0.0896061 -0.00033433 0.000938354 0.000286974 -0.00033433 0.00951149 -0.0180302 -0.000334325 0.000938354 -0.0180302 0.0873338 
0.0102383 -0.0186078 0.00029766 -0.000346486 -0.0186078 0.090133 -0.000343973 0.000793942 0.00029766 -0.000343973 0.00965386 -0.0179331 -0.000346486 0.000793942 -0.0179331 0.0884169 
0.0103942 -0.0187285 0.000302944 -0.000358615 -0.0187285 0.0905816 -0.000355708 0.000815629 0.000302944 -0.000355708 0.00974028 -0.0180275 -0.000358615 0.000815629 -0.0180275 0.0889572 
0.0104304 -0.0188623 0.000304689 -0.000374792 -0.0188623 0.090968 -0.000373751 0.000885092 0.000304689 -0.000373751 0.00978521 -0.0180447 -0.000374792 0.000885092 -0.0180447 0.0890964 
0.0104196 -0.0188603 0.000312082 -0.000382618 -0.0188603 0.0910639 -0.0003829 0.000940942 0.000312082 -0.0003829 0.00979339 -0.0180712 -0.000382618 0.000940942 -0.0180712 0.0891186 
0.0104112 -0.0188602 0.000310941 -0.000400052 -0.0188602 0.0910879 -0.000401925 0.000997814 0.000310941 -0.000401925 0.00977292 -0.0180531 -0.000400052 0.000997814 -0.0180531 0.0890553 
0.0103991 -0.018844 0.000306978 -0.00038155 -0.018844 0.0910606 -0.000383739 0.000974419 0.000306978 -0.000383739 0.00977752 -0.0180553 -0.00038155 0.000974419 -0.0180553 0.0890599 
0.010372 -0.0188182 0.000285934 -0.000395401 -0.0188182 0.0909904 -0.000397056 0.000999022 0.000285934 -0.000397056 0.00977498 -0.0180652 -0.000395401 0.000999022 -0.0180652 0.0890782 
0.0103669 -0.0187832 0.000252546 -0.000355579 -0.0187832 0.0909074 -0.000352594 0.000927673 0.000252546 -0.000352594 0.00977071 -0.0180764 -0.000355579 0.000927673 -0.0180764 0.08913 
0.0103535 -0.0187974 0.000250648 -0.000305191 -0.0187974 0.0909231 -0.000302892 0.000804226 0.000250648 -0.000302892 0.00980936 -0.0180625 -0.000305191 0.000804226 -0.0180625 0.0891252 
0.010325 -0.0187989 0.000268707 -0.000296703 -0.0187989 0.0909508 -0.000298455 0.000736172 0.000268707 -0.000298455 0.00983046 -0.0180769 -0.000296703 0.000736172 -0.0180769 0.0891017 
0.0102833 -0.0187579 0.000290686 -0.000312683 -0.0187579 0.0908862 -0.000316436 0.000739436 0.000290686 -0.000316436 0.00982877 -0.0181078 -0.000312683 0.000739436 -0.0181078 0.0891563 
0.0102395 -0.0186837 0.000286296 -0.000355732 -0.0186837 0.0907203 -0.000358638 0.000829646 0.000286296 -0.000358638 0.00982593 -0.0181324 -0.000355732 0.000829646 -0.0181324 0.0892516 
0.0102485 -0.0186394 0.000261313 -0.00035102 -0.0186394 0.0906032 -0.00035208 0.000864728 0.000261313 -0.00035208 0.00980897 -0.0181278 -0.00035102 0.000864728 -0.0181278 0.0892809 
0.0102807 -0.0186323 0.000253815 -0.000333975 -0.0186323 0.0905225 -0.000333882 0.0008582 0.000253815 -0.000333882 0.0097694 -0.0181116 -0.000333975 0.0008582 -0.0181116 0.0892638 
0.0103309 -0.018698 0.000234202 -0.000318492 -0.018698 0.0906318 -0.000319284 0.000820439 0.000234202 -0.000319284 0.00972298 -0.0180402 -0.000318492 0.000820439 -0.0180402 0.0891217 
0.0103381 -0.0187481 0.000241095 -0.000302294 -0.0187481 0.0907584 -0.00030534 0.000793067 0.000241095 -0.00030534 0.00972419 -0.0180044 -0.000302294 0.000793067 -0.0180044 0.0890228 
0.0103276 -0.0187602 0.000265079 -0.000304303 -0.0187602 0.0908337 -0.000307807 0.00077677 0.000265079 -0.000307807 0.00972891 -0.0179965 -0.000304303 0.00077677 -0.0179965 0.0889568 
0.0103271 -0.0187467 0.000274714 -0.000317898 -0.0187467 0.0908349 -0.000319276 0.000774212 0.000274714 -0.000319276 0.0097273 -0.0180022 -0.000317898 0.000774212 -0.0180022 0.0889459 
0.0103289 -0.01874 0.000285483 -0.000336748 -0.01874 0.090815 -0.000337609 0.000815957 0.000285483 -0.000337609 0.00973075 -0.0180071 -0.000336748 0.000815957 -0.0180071 0.0889606 
0.0103231 -0.0187397 0.000279284 -0.000347251 -0.0187397 0.0907953 -0.000347769 0.000848422 0.000279284 -0.000347769 0.00973656 -0.0180073 -0.000347251 0.000848422 -0.0180073 0.0889637 
0.0103102 -0.0187468 0.000249885 -0.000339634 -0.0187468 0.0908111 -0.000340729 0.000849259 0.000249885 -0.000340729 0.00973424 -0.0179879 -0.000339634 0.000849259 -0.0179879 0.0889028 
0.0102854 -0.018711 0.000239199 -0.000306024 -0.018711 0.0907376 -0.000308067 0.000796572 0.000239199 -0.000308067 0.00975243 -0.0180013 -0.000306024 0.000796572 -0.0180013 0.0889165 
0.0102696 -0.0186856 0.000240644 -0.000302487 -0.0186856 0.0906659 -0.00030358 0.000772088 0.000240644 -0.00030358 0.00974345 -0.0180074 -0.000302487 0.000772088 -0.0180074 0.0889134 
0.0102523 -0.0186787 0.000244406 -0.000300188 -0.0186787 0.0906369 -0.000299666 0.000757011 0.000244406 -0.000299666 0.00971001 -0.0179789 -0.000300188 0.000757011 -0.0179789 0.0888524 
0.0102425 -0.0186559 0.000254859 -0.000288389 -0.0186559 0.0905943 -0.000287023 0.000714283 0.000254859 -0.000287023 0.00967993 -0.0179416 -0.000288389 0.000714283 -0.0179416 0.0887737 
0.0102342 -0.0186433 0.000267474 -0.000316068 -0.0186433 0.0905612 -0.000316847 0.000762831 0.000267474 -0.000316847 0.00967047 -0.0179049 -0.000316068 0.000762831 -0.0179049 0.0886852 
0.0102108 -0.0185989 0.000243427 -0.000324089 -0.0185989 0.0904451 -0.000323709 0.00078838 0.000243427 -0.000323709 0.00968999 -0.0179234 -0.000324089 0.00078838 -0.0179234 0.0887063 
0.010207 -0.0185686 0.000207525 -0.000298005 -0.0185686 0.090355 -0.000297212 0.000760502 0.000207525 -0.000297212 0.00971151 -0.0179579 -0.000298005 0.000760502 -0.0179579 0.0887861 
0.0102225 -0.0185626 0.000176079 -0.00025962 -0.0185626 0.0903124 -0.000259321 0.000690115 0.000176079 -0.000259321 0.00972312 -0.0179952 -0.00025962 0.000690115 -0.0179952 0.088892 
0.0102449 -0.0186107 0.000180537 -0.000219165 -0.0186107 0.090406 -0.000218552 0.000590313 0.000180537 -0.000218552 0.00970841 -0.0179774 -0.000219165 0.000590313 -0.0179774 0.08887 
0.0102486 -0.0186643 0.000196847 -0.000217743 -0.0186643 0.0905569 -0.000217598 0.000539463 0.000196847 -0.000217598 0.00967619 -0.0179175 -0.000217743 0.000539463 -0.0179175 0.0887138 
0.0102413 -0.0186443 0.00022907 -0.000257685 -0.0186443 0.0905613 -0.000257469 0.000612795 0.00022907 -0.000257469 0.00965079 -0.0179025 -0.000257685 0.000612795 -0.0179025 0.0886513 
0.0102222 -0.018636 0.000243077 -0.000281459 -0.018636 0.0905369 -0.000281827 0.00066906 0.000243077 -0.000281827 0.00962747 -0.0178549 -0.000281459 0.00066906 -0.0178549 0.0885333 
0.0102033 -0.0186003 0.000234114 -0.000305699 -0.0186003 0.0904669 -0.000304275 0.000736072 0.000234114 -0.000304275 0.00962863 -0.0178438 -0.000305699 0.000736072 -0.0178438 0.0884865 
0.0101524 -0.0185705 0.000221446 -0.000293291 -0.0185705 0.0903814 -0.000289744 0.000740183 0.000221446 -0.000289744 0.0096764 -0.0178487 -0.000293291 0.000740183 -0.0178487 0.0884832 
0.0101177 -0.0185086 0.000216921 -0.000275917 -0.0185086 0.0902438 -0.000272572 0.000707202 0.000216921 -0.000272572 0.00970162 -0.017896 -0.000275917 0.000707202 -0.017896 0.0885459 
0.0100931 -0.0184578 0.000222635 -0.000285715 -0.0184578 0.0900947 -0.000287997 0.000731963 0.000222635 -0.000287997 0.0097239 -0.0179339 -0.000285715 0.000731963 -0.0179339 0.08865 
0.0100834 -0.0184165 0.000237566 -0.000294829 -0.0184165 0.089959 -0.000300773 0.000767055 0.000237566 -0.000300773 0.00972141 -0.0179707 -0.000294829 0.000767055 -0.0179707 0.0887573 
0.0100851 -0.0184019 0.000236996 -0.000284788 -0.0184019 0.089886 -0.000286223 0.000728515 0.000236996 -0.000286223 0.00972733 -0.0179839 -0.000284788 0.000728515 -0.0179839 0.0888427 
0.0100778 -0.0183884 0.000228868 -0.000287067 -0.0183884 0.0898224 -0.000283507 0.000712674 0.000228868 -0.000283507 0.00974328 -0.0180038 -0.000287067 0.000712674 -0.0180038 0.0889151 
0.0100605 -0.0184 0.000202694 -0.000282258 -0.0184 0.0898347 -0.000278166 0.000702125 0.000202694 -0.000278166 0.00973483 -0.0179849 -0.000282258 0.000702125 -0.0179849 0.0888659 
0.0100425 -0.018374 0.000170706 -0.000266152 -0.018374 0.0897956 -0.000265854 0.000694957 0.000170706 -0.000265854 0.00971732 -0.0179737 -0.000266152 0.000694957 -0.0179737 0.0888264 
0.0100403 -0.0183707 0.000146559 -0.000211869 -0.0183707 0.0897957 -0.000214792 0.000593763 0.000146559 -0.000214792 0.00970859 -0.0179323 -0.000211869 0.000593763 -0.0179323 0.0887239 
0.0100509 -0.0183676 0.000129705 -0.000174633 -0.0183676 0.0897973 -0.000176417 0.000479534 0.000129705 -0.000176417 0.00971084 -0.0179295 -0.000174633 0.000479534 -0.0179295 0.088685 
0.0100514 -0.0183578 0.000116949 -0.000154556 -0.0183578 0.0897561 -0.00015406 0.00040216 0.000116949 -0.00015406 0.00972545 -0.0179585 -0.000154556 0.00040216 -0.0179585 0.0887464 
0.0100672 -0.0183833 0.000111572 -0.000131597 -0.0183833 0.089816 -0.000130441 0.000329295 0.000111572 -0.000130441 0.00972694 -0.0179657 -0.000131597 0.000329295 -0.0179657 0.0887766 
0.010099 -0.0184261 0.000131968 -0.000132567 -0.0184261 0.0899402 -0.000132939 0.00031578 0.000131968 -0.000132939 0.00970538 -0.0179483 -0.000132567 0.00031578 -0.0179483 0.0887386 
0.010105 -0.0184486 0.000138623 -0.000165058 -0.0184486 0.0900079 -0.000165103 0.000370349 0.000138623 -0.000165103 0.00969616 -0.0179413 -0.000165058 0.000370349 -0.0179413 0.0887337 
0.01012 -0.0184577 0.000171186 -0.000184781 -0.0184577 0.0900485 -0.000182132 0.000439644 0.000171186 -0.000182132 0.00967836 -0.0179262 -0.000184781 0.000439644 -0.0179262 0.088705 
0.0101096 -0.0184611 0.000154413 -0.000211439 -0.0184611 0.090049 -0.000209944 0.000494099 0.000154413 -0.000209944 0.00968862 -0.0179216 -0.000211439 0.000494099 -0.0179216 0.0887088 
0.0101362 -0.0184499 0.000131966 -0.000189725 -0.0184499 0.0900377 -0.000193712 0.00049206 0.000131966 -0.000193712 0.00968426 -0.0179352 -0.000189725 0.00049206 -0.0179352 0.0887291 
0.0101667 -0.0184772 0.00010904 -0.000156407 -0.0184772 0.0900577 -0.000165203 0.000429738 0.00010904 -0.000165203 0.00966532 -0.0179285 -0.000156407 0.000429738 -0.0179285 0.0887277 
0.0101795 -0.0185248 0.000106293 -0.000134442 -0.0185248 0.0901613 -0.000146091 0.000376336 0.000106293 -0.000146091 0.00966313 -0.0179026 -0.000134442 0.000376336 -0.0179026 0.0886801 
0.010186 -0.0185478 0.000108702 -0.000127033 -0.0185478 0.0902485 -0.000133982 0.000329816 0.000108702 -0.000133982 0.00964603 -0.0178885 -0.000127033 0.000329816 -0.0178885 0.0886216 
0.0102101 -0.0185563 9.66862e-05 -0.000123315 -0.0185563 0.0902994 -0.000122369 0.000293352 9.66862e-05 -0.000122369 0.00962728 -0.0178775 -0.000123315 0.000293352 -0.0178775 0.0885964 
0.0102247 -0.0185938 0.000113691 -0.00013415 -0.0185938 0.0903893 -0.000128382 0.000322741 0.000113691 -0.000128382 0.00963791 -0.0178556 -0.00013415 0.000322741 -0.0178556 0.0885543 
0.0102141 -0.0186122 0.000127724 -0.000150052 -0.0186122 0.09045 -0.000140586 0.000349 0.000127724 -0.000140586 0.00965642 -0.0178604 -0.000150052 0.000349 -0.0178604 0.0885324 
0.0101928 -0.0186032 0.00013806 -0.000195107 -0.0186032 0.090454 -0.000184925 0.000460967 0.00013806 -0.000184925 0.00964128 -0.017862 -0.000195107 0.000460967 -0.017862 0.088505 
0.0101691 -0.0185661 0.000143031 -0.000182411 -0.0185661 0.0903831 -0.000177799 0.000469514 0.000143031 -0.000177799 0.00963198 -0.0178552 -0.000182411 0.000469514 -0.0178552 0.0885005 
0.010133 -0.0185309 0.000139724 -0.000172121 -0.0185309 0.0902817 -0.000172333 0.000437958 0.000139724 -0.000172333 0.00963492 -0.0178355 -0.000172121 0.000437958 -0.0178355 0.0884559 
0.0101029 -0.0184716 0.000129766 -0.000155684 -0.0184716 0.0901327 -0.000160123 0.000394006 0.000129766 -0.000160123 0.00965798 -0.0178496 -0.000155684 0.000394006 -0.0178496 0.0884704 
0.0100823 -0.0184212 0.000116921 -0.000149712 -0.0184212 0.0899704 -0.000158066 0.000379577 0.000116921 -0.000158066 0.00967864 -0.0178822 -0.000149712 0.000379577 -0.0178822 0.088534 
0.0100803 -0.0183931 0.000124424 -0.000152202 -0.0183931 0.089853 -0.000161898 0.000398383 0.000124424 -0.000161898 0.00967426 -0.0178996 -0.000152202 0.000398383 -0.0178996 0.0885806 
0.010063 -0.0183882 0.000136968 -0.000177712 -0.0183882 0.0897966 -0.000185206 0.000460337 0.000136968 -0.000185206 0.00967093 -0.01789 -0.000177712 0.000460337 -0.01789 0.0885766 
0.010054 -0.0183961 0.000134921 -0.000175988 -0.0183961 0.0898311 -0.000177025 0.000458387 0.000134921 -0.000177025 0.00967156 -0.0178607 -0.000175988 0.000458387 -0.0178607 0.0884961 
0.0100438 -0.0183661 0.000112491 -0.00015673 -0.0183661 0.0897818 -0.000151932 0.000401018 0.000112491 -0.000151932 0.00967979 -0.0178848 -0.00015673 0.000401018 -0.0178848 0.0885245 
0.0100469 -0.0183572 0.000125151 -0.000164041 -0.0183572 0.089755 -0.000155811 0.000421773 0.000125151 -0.000155811 0.00968967 -0.0179021 -0.000164041 0.000421773 -0.0179021 0.0885816 
0.0100711 -0.0183501 0.000124939 -0.000162628 -0.0183501 0.0897258 -0.000158559 0.000414187 0.000124939 -0.000158559 0.0096816 -0.0179345 -0.000162628 0.000414187 -0.0179345 0.0886777 
0.0100928 -0.0183928 0.000116428 -0.000157892 -0.0183928 0.0897962 -0.000159609 0.000407303 0.000116428 -0.000159609 0.00965895 -0.0179132 -0.000157892 0.000407303 -0.0179132 0.0886724 
0.0100924 -0.0184135 0.000114197 -0.000133243 -0.0184135 0.0898546 -0.000137571 0.000352561 0.000114197 -0.000137571 0.00964646 -0.0178832 -0.000133243 0.000352561 -0.0178832 0.0886133 
0.0101114 -0.0184463 0.000121465 -0.000151076 -0.0184463 0.0899667 -0.000150866 0.000369962 0.000121465 -0.000150866 0.0096176 -0.0178318 -0.000151076 0.000369962 -0.0178318 0.0884706 
0.0101368 -0.0184438 0.00012295 -0.000155851 -0.0184438 0.0899784 -0.000150672 0.00037694 0.00012295 -0.000150672 0.00959155 -0.0178267 -0.000155851 0.00037694 -0.0178267 0.0884376 
0.010167 -0.0184931 0.000100932 -0.000144937 -0.0184931 0.0900763 -0.000141771 0.000352544 0.000100932 -0.000141771 0.00955962 -0.0177752 -0.000144937 0.000352544 -0.0177752 0.0883261 
0.0101685 -0.0185203 9.8929e-05 -0.000124547 -0.0185203 0.090157 -0.000129931 0.000332959 9.8929e-05 -0.000129931 0.00955736 -0.0177498 -0.000124547 0.000332959 -0.0177498 0.0882522 
0.0101555 -0.0185145 6.79093e-05 -0.000106537 -0.0185145 0.0901755 -0.000119341 0.000284691 6.79093e-05 -0.000119341 0.0095809 -0.0177595 -0.000106537 0.000284691 -0.0177595 0.0882504 
0.0101116 -0.0184965 5.47749e-05 -6.6233e-05 -0.0184965 0.0901389 -7.82319e-05 0.000201321 5.47749e-05 -7.82319e-05 0.00962537 -0.0177806 -6.6233e-05 0.000201321 -0.0177806 0.0882791 
0.0100768 -0.0184409 5.9767e-05 -6.05813e-05 -0.0184409 0.0900311 -6.54828e-05 0.000158402 5.9767e-05 -6.54828e-05 0.00965647 -0.0178401 -6.05813e-05 0.000158402 -0.0178401 0.0883956 
0.0100518 -0.0183853 7.66862e-05 -8.15674e-05 -0.0183853 0.089874 -8.16315e-05 0.000187452 7.66862e-05 -8.16315e-05 0.00965718 -0.0178824 -8.15674e-05 0.000187452 -0.0178824 0.0885197 
0.0100425 -0.0183501 9.88473e-05 -0.000114385 -0.0183501 0.0897566 -0.000111551 0.000265061 9.88473e-05 -0.000111551 0.00964025 -0.0178837 -0.000114385 0.000265061 -0.0178837 0.0885662 
0.0100385 -0.0183434 0.000122292 -0.00013496 -0.0183434 0.089704 -0.000131541 0.000322648 0.000122292 -0.000131541 0.00961232 -0.0178422 -0.00013496 0.000322648 -0.0178422 0.0884884 
0.0100235 -0.0183486 9.35727e-05 -0.000134783 -0.0183486 0.089714 -0.000136736 0.000321317 9.35727e-05 -0.000136736 0.00961448 -0.0177988 -0.000134783 0.000321317 -0.0177988 0.0883724 
0.0100284 -0.0183591 9.23798e-05 -0.000118227 -0.0183591 0.0897688 -0.00012437 0.000324104 9.23798e-05 -0.00012437 0.0096072 -0.0177662 -0.000118227 0.000324104 -0.0177662 0.0882323 
0.0100302 -0.0183545 0.00010319 -0.000130278 -0.0183545 0.0897651 -0.000135894 0.000353018 0.00010319 -0.000135894 0.00960098 -0.0177608 -0.000130278 0.000353018 -0.0177608 0.0881752 
0.0100225 -0.0183067 8.96603e-05 -0.000129855 -0.0183067 0.0896305 -0.000132255 0.000344106 8.96603e-05 -0.000132255 0.00960635 -0.0178064 -0.000129855 0.000344106 -0.0178064 0.088291 
0.0100094 -0.0183075 5.63587e-05 -8.88772e-05 -0.0183075 0.0895795 -8.86181e-05 0.000247751 5.63587e-05 -8.86181e-05 0.00960686 -0.0177935 -8.88772e-05 0.000247751 -0.0177935 0.0882989 
0.0100285 -0.0183027 5.16185e-05 -5.41864e-05 -0.0183027 0.0895756 -5.40967e-05 0.000158553 5.16185e-05 -5.40967e-05 0.00959037 -0.0177844 -5.41864e-05 0.000158553 -0.0177844 0.0882693 
0.0100293 -0.018309 5.53834e-05 -6.85268e-05 -0.018309 0.0895606 -6.68261e-05 0.000161414 5.53834e-05 -6.68261e-05 0.00959561 -0.0177826 -6.85268e-05 0.000161414 -0.0177826 0.088278 
0.0100294 -0.0183124 3.39715e-05 -8.33466e-05 -0.0183124 0.0895717 -7.80615e-05 0.000197936 3.39715e-05 -7.80615e-05 0.00960531 -0.017793 -8.33466e-05 0.000197936 -0.017793 0.0883 
0.0100148 -0.018333 7.48126e-06 -5.63269e-05 -0.018333 0.0896275 -4.78175e-05 0.000166474 7.48126e-06 -4.78175e-05 0.00959555 -0.0177741 -5.63269e-05 0.000166474 -0.0177741 0.0882428 
0.0100004 -0.0182904 -6.89407e-06 -1.2329e-05 -0.0182904 0.0895692 -4.03701e-06 6.8146e-05 -6.89407e-06 -4.03701e-06 0.0095979 -0.0178049 -1.2329e-05 6.8146e-05 -0.0178049 0.0883191 
0.0099946 -0.0182939 -1.25393e-05 4.04397e-06 -0.0182939 0.0895721 8.71125e-06 5.37839e-06 -1.25393e-05 8.71125e-06 0.00961086 -0.0177847 4.04397e-06 5.37839e-06 -0.0177847 0.0882954 
0.00997982 -0.0182881 7.41391e-07 -2.50682e-06 -0.0182881 0.0895588 -7.96119e-07 1.31188e-05 7.41391e-07 -7.96119e-07 0.00961368 -0.0177804 -2.50682e-06 1.31188e-05 -0.0177804 0.0882476 
0.00996782 -0.0182601 -3.46416e-06 1.00404e-06 -0.0182601 0.089497 6.06661e-07 -6.44044e-06 -3.46416e-06 6.06661e-07 0.00962137 -0.0177929 1.00404e-06 -6.44044e-06 -0.0177929 0.0882629 
0.0099508 -0.0182444 -1.5368e-05 -8.32502e-06 -0.0182444 0.0894467 -9.88225e-06 1.71191e-05 -1.5368e-05 -9.88225e-06 0.00963248 -0.0178049 -8.32502e-06 1.71191e-05 -0.0178049 0.0882914 
0.00994353 -0.0182243 9.34668e-06 8.75411e-06 -0.0182243 0.0893934 7.12229e-06 3.07133e-07 9.34668e-06 7.12229e-06 0.00962557 -0.0178121 8.75411e-06 3.07133e-07 -0.0178121 0.0883068 
0.00996362 -0.0182065 5.06602e-05 -2.17181e-05 -0.0182065 0.0893367 -2.26312e-05 3.49064e-05 5.06602e-05 -2.26312e-05 0.00959676 -0.0178124 -2.17181e-05 3.49064e-05 -0.0178124 0.0883243 
0.00996702 -0.0182366 7.59717e-05 -6.64109e-05 -0.0182366 0.0893663 -6.83167e-05 0.000121933 7.59717e-05 -6.83167e-05 0.00958868 -0.0177684 -6.64109e-05 0.000121933 -0.0177684 0.0882531 
0.00997191 -0.0182639 9.99683e-05 -0.000101398 -0.0182639 0.0894525 -0.000105045 0.00022426 9.99683e-05 -0.000105045 0.00956535 -0.0177275 -0.000101398 0.00022426 -0.0177275 0.0881155 
0.00996263 -0.0182514 0.000108624 -0.000138805 -0.0182514 0.0894485 -0.000145277 0.000335633 0.000108624 -0.000145277 0.00955613 -0.0177202 -0.000138805 0.000335633 -0.0177202 0.0880762 
0.00994084 -0.0182294 0.000100989 -0.000120113 -0.0182294 0.0894014 -0.000128911 0.000320885 0.000100989 -0.000128911 0.00956691 -0.0177197 -0.000120113 0.000320885 -0.0177197 0.088076 
0.00993995 -0.0181934 7.33338e-05 -0.000107724 -0.0181934 0.0893084 -0.000117305 0.000286764 7.33338e-05 -0.000117305 0.0095502 -0.0177272 -0.000107724 0.000286764 -0.0177272 0.0880774 
0.0099361 -0.0182062 4.37595e-05 -8.44533e-05 -0.0182062 0.0893043 -9.36603e-05 0.000249173 4.37595e-05 -9.36603e-05 0.00954329 -0.0176866 -8.44533e-05 0.000249173 -0.0176866 0.0879959 
0.00993625 -0.018196 2.92677e-05 -5.16736e-05 -0.018196 0.0892915 -5.90187e-05 0.00018279 2.92677e-05 -5.90187e-05 0.00954209 -0.017688 -5.16736e-05 0.00018279 -0.017688 0.0879692 
0.00990708 -0.0181903 4.64019e-06 -1.31343e-05 -0.0181903 0.0892719 -2.03613e-05 6.88111e-05 4.64019e-06 -2.03613e-05 0.0095804 -0.0176976 -1.31343e-05 6.88111e-05 -0.0176976 0.0879922 
0.00991239 -0.0181692 4.7992e-06 -1.93369e-05 -0.0181692 0.08925 -2.40372e-05 7.27718e-05 4.7992e-06 -2.40372e-05 0.00958477 -0.0177302 -1.93369e-05 7.27718e-05 -0.0177302 0.0880342 
0.00990343 -0.0181385 -3.92237e-07 -5.75294e-06 -0.0181385 0.0891488 -4.18329e-06 3.20475e-05 -3.92237e-07 -4.18329e-06 0.00961433 -0.0177838 -5.75294e-06 3.20475e-05 -0.0177838 0.0881998 
0.00990935 -0.0181435 1.51024e-05 -1.08654e-05 -0.0181435 0.0891362 -3.28048e-06 2.85141e-05 1.51024e-05 -3.28048e-06 0.00961542 -0.0178038 -1.08654e-05 2.85141e-05 -0.0178038 0.088275 
0.00991726 -0.018169 3.02636e-05 -2.78505e-05 -0.018169 0.0891922 -1.73905e-05 4.88834e-05 3.02636e-05 -1.73905e-05 0.00960987 -0.0177864 -2.78505e-05 4.88834e-05 -0.0177864 0.088257 
0.00993642 -0.0181747 4.42025e-05 -5.19183e-05 -0.0181747 0.0892248 -4.04662e-05 0.000102595 4.42025e-05 -4.04662e-05 0.00960531 -0.0177896 -5.19183e-05 0.000102595 -0.0177896 0.0882611 
0.00997073 -0.018213 5.34026e-05 -7.39734e-05 -0.018213 0.0893174 -6.23918e-05 0.000166731 5.34026e-05 -6.23918e-05 0.0095956 -0.0177785 -7.39734e-05 0.000166731 -0.0177785 0.0882392 
0.00997949 -0.018269 6.09439e-05 -8.71699e-05 -0.018269 0.0894583 -7.86534e-05 0.000216832 6.09439e-05 -7.86534e-05 0.00959858 -0.0177515 -8.71699e-05 0.000216832 -0.0177515 0.0881673 
0.0100094 -0.0182823 6.85676e-05 -8.65406e-05 -0.0182823 0.0895458 -8.16465e-05 0.000228097 6.85676e-05 -8.16465e-05 0.00960023 -0.0177723 -8.65406e-05 0.000228097 -0.0177723 0.0881955 
0.0100286 -0.0183192 5.45642e-05 -7.2422e-05 -0.0183192 0.0896231 -6.86527e-05 0.000179683 5.45642e-05 -6.86527e-05 0.00957475 -0.0177674 -7.2422e-05 0.000179683 -0.0177674 0.0881952 
0.0100289 -0.0183201 2.94724e-05 -5.07555e-05 -0.0183201 0.0896383 -4.70389e-05 0.000122497 2.94724e-05 -4.70389e-05 0.00957784 -0.0177707 -5.07555e-05 0.000122497 -0.0177707 0.0882417 
0.010051 -0.0183473 2.79808e-05 -4.6591e-05 -0.0183473 0.0897132 -4.50947e-05 0.00012429 2.79808e-05 -4.50947e-05 0.00955466 -0.0177421 -4.6591e-05 0.00012429 -0.0177421 0.0881757 
0.0100355 -0.0183421 4.50088e-05 -5.4799e-05 -0.0183421 0.0896971 -5.62044e-05 0.000152578 4.50088e-05 -5.62044e-05 0.00956444 -0.017744 -5.4799e-05 0.000152578 -0.017744 0.088182 
0.0100286 -0.018331 4.62875e-05 -5.66354e-05 -0.018331 0.0896843 -6.12229e-05 0.000152196 4.62875e-05 -6.12229e-05 0.0095871 -0.0177553 -5.66354e-05 0.000152196 -0.0177553 0.0882039 
0.0100366 -0.0183204 5.44412e-05 -5.3942e-05 -0.0183204 0.0896557 -6.07447e-05 0.000147887 5.44412e-05 -6.07447e-05 0.00959927 -0.0177854 -5.3942e-05 0.000147887 -0.0177854 0.0882631 
0.0100274 -0.0183353 6.15077e-05 -7.71088e-05 -0.0183353 0.0896649 -8.15456e-05 0.000192851 6.15077e-05 -8.15456e-05 0.00960981 -0.0177886 -7.71088e-05 0.000192851 -0.0177886 0.0882812 
0.0100363 -0.0183449 7.22419e-05 -8.19058e-05 -0.0183449 0.0897154 -8.53754e-05 0.00021767 7.22419e-05 -8.53754e-05 0.00961109 -0.0177884 -8.19058e-05 0.00021767 -0.0177884 0.0882723 
0.0100148 -0.0183302 6.09583e-05 -6.95759e-05 -0.0183302 0.0896776 -7.23338e-05 0.000175957 6.09583e-05 -7.23338e-05 0.00964563 -0.0178187 -6.95759e-05 0.000175957 -0.0178187 0.0883518 
0.0100036 -0.0183121 6.58786e-05 -6.94199e-05 -0.0183121 0.0896394 -6.61367e-05 0.000164381 6.58786e-05 -6.61367e-05 0.00966617 -0.0178513 -6.94199e-05 0.000164381 -0.0178513 0.0884221 
0.0100071 -0.0183068 7.66157e-05 -8.72679e-05 -0.0183068 0.0896252 -7.99396e-05 0.000195875 7.66157e-05 -7.99396e-05 0.0096676 -0.0178717 -8.72679e-05 0.000195875 -0.0178717 0.0884804 
0.0100342 -0.018317 9.79214e-05 -0.000107517 -0.018317 0.0896407 -0.00010064 0.00025121 9.79214e-05 -0.00010064 0.00963605 -0.0178641 -0.000107517 0.00025121 -0.0178641 0.0884797 
0.0100758 -0.0183711 0.000116341 -0.000138435 -0.0183711 0.0897603 -0.000134966 0.000330928 0.000116341 -0.000134966 0.00959864 -0.0178095 -0.000138435 0.000330928 -0.0178095 0.0883734 
0.0100883 -0.018404 0.000106434 -0.000154271 -0.018404 0.0898415 -0.000157685 0.000390516 0.000106434 -0.000157685 0.00959698 -0.0177793 -0.000154271 0.000390516 -0.0177793 0.0882952 
0.0100791 -0.0184015 8.4166e-05 -0.000122422 -0.0184015 0.0898513 -0.000128862 0.000343634 8.4166e-05 -0.000128862 0.00961645 -0.0178 -0.000122422 0.000343634 -0.0178 0.0883201 
0.0100732 -0.0184133 8.12552e-05 -0.00010575 -0.0184133 0.0898925 -0.000112164 0.000302727 8.12552e-05 -0.000112164 0.00962317 -0.0177976 -0.00010575 0.000302727 -0.0177976 0.0883011 
0.0100767 -0.0183988 7.68643e-05 -7.14878e-05 -0.0183988 0.0898743 -7.77111e-05 0.000198802 7.68643e-05 -7.77111e-05 0.00960759 -0.017808 -7.14878e-05 0.000198802 -0.017808 0.0883128 
0.0100674 -0.0184119 8.3794e-05 -7.69937e-05 -0.0184119 0.0898981 -8.04655e-05 0.000175816 8.3794e-05 -8.04655e-05 0.0096228 -0.0177881 -7.69937e-05 0.000175816 -0.0177881 0.0882896 
0.0100552 -0.0184045 9.83277e-05 -0.000129417 -0.0184045 0.0899011 -0.000128768 0.000295691 9.83277e-05 -0.000128768 0.00964109 -0.0178016 -0.000129417 0.000295691 -0.0178016 0.0882933 
0.0100411 -0.0183446 0.000120429 -0.000130211 -0.0183446 0.0897508 -0.0001265 0.000327791 0.000120429 -0.0001265 0.00965367 -0.0178725 -0.000130211 0.000327791 -0.0178725 0.0884662 
0.010052 -0.0183409 0.000129809 -0.000141653 -0.0183409 0.0896955 -0.000138255 0.000334147 0.000129809 -0.000138255 0.00964141 -0.0178756 -0.000141653 0.000334147 -0.0178756 0.0885349 
0.0100613 -0.0183657 0.000114349 -0.000153875 -0.0183657 0.0897275 -0.000152642 0.000363556 0.000114349 -0.000152642 0.00961999 -0.0178416 -0.000153875 0.000363556 -0.0178416 0.0884798 
0.0100517 -0.0183643 9.32347e-05 -0.000124458 -0.0183643 0.0897343 -0.000123368 0.000318908 9.32347e-05 -0.000123368 0.00963927 -0.017838 -0.000124458 0.000318908 -0.017838 0.0884744 
0.0100416 -0.0183337 9.90301e-05 -0.000133744 -0.0183337 0.0896704 -0.000130561 0.000345924 9.90301e-05 -0.000130561 0.00967326 -0.0178867 -0.000133744 0.000345924 -0.0178867 0.0885762 
0.0100413 -0.0183348 0.00011277 -0.000150263 -0.0183348 0.0896548 -0.000145616 0.000390578 0.00011277 -0.000145616 0.00968239 -0.0179103 -0.000150263 0.000390578 -0.0179103 0.0886373 
0.0100663 -0.0183492 0.000134082 -0.000164593 -0.0183492 0.0896973 -0.000157723 0.000425629 0.000134082 -0.000157723 0.00966698 -0.017917 -0.000164593 0.000425629 -0.017917 0.0886667 
0.0100873 -0.0183847 0.000152578 -0.000195991 -0.0183847 0.0897739 -0.0001919 0.000496849 0.000152578 -0.0001919 0.00963926 -0.0178939 -0.000195991 0.000496849 -0.0178939 0.0886373 
0.0100716 -0.0184195 0.000140987 -0.000198127 -0.0184195 0.0898716 -0.00019709 0.00051109 0.000140987 -0.00019709 0.0096346 -0.0178417 -0.000198127 0.00051109 -0.0178417 0.0885155 
0.0100492 -0.0184106 0.000123258 -0.000176958 -0.0184106 0.0899108 -0.000176102 0.000473154 0.000123258 -0.000176102 0.00963778 -0.017821 -0.000176958 0.000473154 -0.017821 0.0884126 
0.0100343 -0.0183977 9.76771e-05 -0.000136068 -0.0183977 0.0899186 -0.000137177 0.000369151 9.76771e-05 -0.000137177 0.00964994 -0.0178085 -0.000136068 0.000369151 -0.0178085 0.0883364 
0.010041 -0.0183315 9.08097e-05 -0.000112373 -0.0183315 0.0897621 -0.000113541 0.000297975 9.08097e-05 -0.000113541 0.00966028 -0.017879 -0.000112373 0.000297975 -0.017879 0.0884836 
0.0100704 -0.0183507 7.85906e-05 -0.000104265 -0.0183507 0.0897308 -0.000104713 0.000254257 7.85906e-05 -0.000104713 0.00962049 -0.0178719 -0.000104265 0.000254257 -0.0178719 0.088516 
0.0100864 -0.0183856 7.1739e-05 -8.78903e-05 -0.0183856 0.0897858 -8.77174e-05 0.000215271 7.1739e-05 -8.77174e-05 0.00960158 -0.0178295 -8.78903e-05 0.000215271 -0.0178295 0.0884628 
