0.00777454 0 0.000115408 0 0 0.01 0 0 0.000115408 0 0.00690296 0 0 0 0 0.01 
0.0108565 -0.013478 0.00013553 -0.000166128 -0.013478 0.0350172 -0.000166128 0.000318402 0.00013553 -0.000166128 0.00983364 -0.0122165 -0.000166128 0.000318402 -0.0122165 0.0325982 
0.0107789 -0.0201049 0.000103736 -0.000142657 -0.0201049 0.0734426 -0.000142657 0.000449649 0.000103736 -0.000142657 0.00995652 -0.0187399 -0.000142657 0.000449649 -0.0187399 0.0690921 
0.0101665 -0.0195553 8.52943e-05 -0.000124198 -0.0195553 0.0869907 -0.000129295 0.000383927 8.52943e-05 -0.000129295 0.00941656 -0.018519 -0.000124198 0.000383927 -0.018519 0.0834172 
0.0101578 -0.0188042 9.09841e-05 -0.000106865 -0.0188042 0.0895266 -0.000115871 0.000294039 9.09841e-05 -0.000115871 0.00941652 -0.0178786 -0.000106865 0.000294039 -0.0178786 0.0870144 
0.0103529 -0.0187591 9.3783e-05 -9.96047e-05 -0.0187591 0.0903393 -0.000113709 0.000242598 9.3783e-05 -0.000113709 0.00953043 -0.0177733 -9.96047e-05 0.000242598 -0.0177733 0.0880089 
0.0104662 -0.0188801 0.000103629 -0.000123176 -0.0188801 0.0908988 -0.000137835 0.000299314 0.000103629 -0.000137835 0.00962036 -0.0178532 -0.000123176 0.000299314 -0.0178532 0.0885072 
0.0105118 -0.0189501 0.000131864 -0.000153262 -0.0189501 0.0912255 -0.000162404 0.000392099 0.000131864 -0.000162404 0.00965352 -0.0178981 -0.000153262 0.000392099 -0.0178981 0.0886983 
0.0105379 -0.0189617 0.000126456 -0.000170527 -0.0189617 0.091314 -0.000175604 0.000433842 0.000126456 -0.000175604 0.00966313 -0.0179209 -0.000170527 0.000433842 -0.0179209 0.0887546 
0.0105346 -0.0189948 0.000131598 -0.000158597 -0.0189948 0.0913764 -0.000162658 0.000425359 0.000131598 -0.000162658 0.00967111 -0.0179126 -0.000158597 0.000425359 -0.0179126 0.088725 
0.0105109 -0.018978 0.000130435 -0.000140878 -0.018978 0.0913571 -0.000145295 0.000365183 0.000130435 -0.000145295 0.00968332 -0.0179466 -0.000140878 0.000365183 -0.0179466 0.0887869 
0.0104917 -0.0189464 0.000115911 -0.000147483 -0.0189464 0.0912944 -0.000153259 0.000363445 0.000115911 -0.000153259 0.00971127 -0.017986 -0.000147483 0.000363445 -0.017986 0.0889117 
0.0104906 -0.0189243 9.16638e-05 -0.000137101 -0.0189243 0.0912263 -0.000140766 0.000352313 9.16638e-05 -0.000140766 0.00971124 -0.0180075 -0.000137101 0.000352313 -0.0180075 0.0889796 
0.0104937 -0.0189672 7.00589e-05 -9.90377e-05 -0.0189672 0.0913126 -9.98683e-05 0.000269898 7.00589e-05 -9.98683e-05 0.00966792 -0.0179459 -9.90377e-05 0.000269898 -0.0179459 0.0888419 
0.0104578 -0.0189528 5.59245e-05 -8.39973e-05 -0.0189528 0.0913188 -8.30052e-05 0.000220895 5.59245e-05 -8.30052e-05 0.00967814 -0.0179255 -8.39973e-05 0.000220895 -0.0179255 0.088787 
0.0104429 -0.0188991 5.95288e-05 -8.2473e-05 -0.0188991 0.091234 -8.01189e-05 0.000214732 5.95288e-05 -8.01189e-05 0.00968774 -0.0179622 -8.2473e-05 0.000214732 -0.0179622 0.0888492 
0.0104526 -0.0188978 3.96266e-05 -6.35712e-05 -0.0188978 0.091208 -6.27737e-05 0.000162308 3.96266e-05 -6.27737e-05 0.00967621 -0.0179504 -6.35712e-05 0.000162308 -0.0179504 0.0888396 
0.0104533 -0.0189187 5.11251e-05 -3.76555e-05 -0.0189187 0.0912469 -3.83353e-05 0.000102654 5.11251e-05 -3.83353e-05 0.00966584 -0.0179263 -3.76555e-05 0.000102654 -0.0179263 0.0887854 
0.0104257 -0.0189098 7.89558e-05 -6.32822e-05 -0.0189098 0.0912468 -6.33026e-05 0.000128487 7.89558e-05 -6.33026e-05 0.00968038 -0.0179324 -6.32822e-05 0.000128487 -0.0179324 0.0887942 
0.0104448 -0.0188851 6.96717e-05 -9.80208e-05 -0.0188851 0.091233 -9.44489e-05 0.000195808 6.96717e-05 -9.44489e-05 0.00970488 -0.0179679 -9.80208e-05 0.000195808 -0.0179679 0.0888788 
0.0104699 -0.0189087 5.3953e-05 -7.73095e-05 -0.0189087 0.0912479 -7.29473e-05 0.000185162 5.3953e-05 -7.29473e-05 0.00969997 -0.0179754 -7.73095e-05 0.000185162 -0.0179754 0.0888961 
0.0104987 -0.0189441 4.79038e-05 -6.03675e-05 -0.0189441 0.0913242 -5.69085e-05 0.000150129 4.79038e-05 -5.69085e-05 0.00969338 -0.0179736 -6.03675e-05 0.000150129 -0.0179736 0.0889032 
0.0105352 -0.0189836 3.95694e-05 -5.57894e-05 -0.0189836 0.0914215 -5.33624e-05 0.000134176 3.95694e-05 -5.33624e-05 0.00965974 -0.0179601 -5.57894e-05 0.000134176 -0.0179601 0.0888761 
0.0105533 -0.0190207 5.44343e-05 -6.28215e-05 -0.0190207 0.091509 -6.32669e-05 0.000164974 5.44343e-05 -6.32669e-05 0.009647 -0.0179353 -6.28215e-05 0.000164974 -0.0179353 0.0888501 
0.010547 -0.0190361 5.98146e-05 -6.07294e-05 -0.0190361 0.0915658 -6.41235e-05 0.00015843 5.98146e-05 -6.41235e-05 0.0096817 -0.0179364 -6.07294e-05 0.00015843 -0.0179364 0.0888548 
0.0105346 -0.019035 5.91142e-05 -6.87398e-05 -0.019035 0.0915877 -7.26884e-05 0.000171471 5.91142e-05 -7.26884e-05 0.00972744 -0.0179768 -6.87398e-05 0.000171471 -0.0179768 0.0889245 
0.0105349 -0.0190248 6.76295e-05 -6.22382e-05 -0.0190248 0.091581 -6.26358e-05 0.000155511 6.76295e-05 -6.26358e-05 0.00975454 -0.0180305 -6.22382e-05 0.000155511 -0.0180305 0.0890392 
0.0105474 -0.0190263 6.1882e-05 -7.85713e-05 -0.0190263 0.0915789 -7.3559e-05 0.000171241 6.1882e-05 -7.3559e-05 0.00975806 -0.0180687 -7.85713e-05 0.000171241 -0.0180687 0.0891556 
0.0105791 -0.0190588 8.82641e-05 -8.84466e-05 -0.0190588 0.0916518 -8.42504e-05 0.000216006 8.82641e-05 -8.42504e-05 0.00974681 -0.0180607 -8.84466e-05 0.000216006 -0.0180607 0.0891752 
0.0105865 -0.0190833 8.68079e-05 -0.000115024 -0.0190833 0.0916977 -0.000116466 0.000273459 8.68079e-05 -0.000116466 0.00971946 -0.0180478 -0.000115024 0.000273459 -0.0180478 0.0891538 
0.0105508 -0.0190778 7.51363e-05 -0.000107279 -0.0190778 0.0916842 -0.000111088 0.000282708 7.51363e-05 -0.000111088 0.00970038 -0.0180116 -0.000107279 0.000282708 -0.0180116 0.0890835 
0.0105084 -0.0190356 6.83162e-05 -8.80777e-05 -0.0190356 0.0916114 -9.10186e-05 0.00024497 6.83162e-05 -9.10186e-05 0.00968758 -0.0179779 -8.80777e-05 0.00024497 -0.0179779 0.0889881 
0.0104576 -0.0189669 4.91895e-05 -7.35576e-05 -0.0189669 0.091446 -7.67362e-05 0.000197873 4.91895e-05 -7.67362e-05 0.00969442 -0.0179655 -7.35576e-05 0.000197873 -0.0179655 0.0889312 
0.0104262 -0.0189094 5.71607e-05 -5.86753e-05 -0.0189094 0.0912954 -6.32305e-05 0.00016519 5.71607e-05 -6.32305e-05 0.0097072 -0.017966 -5.86753e-05 0.00016519 -0.017966 0.0889011 
0.0104168 -0.0188731 7.36842e-05 -7.1314e-05 -0.0188731 0.0911848 -7.23492e-05 0.000170491 7.36842e-05 -7.23492e-05 0.00972546 -0.0179807 -7.1314e-05 0.000170491 -0.0179807 0.0889135 
0.0104383 -0.0188405 8.0325e-05 -0.00010507 -0.0188405 0.0910723 -0.000102786 0.000238467 8.0325e-05 -0.000102786 0.009712 -0.0180292 -0.00010507 0.000238467 -0.0180292 0.0890228 
0.0104553 -0.0188943 8.40845e-05 -0.000104406 -0.0188943 0.0911446 -0.000103024 0.000260592 8.40845e-05 -0.000103024 0.0096974 -0.0179857 -0.000104406 0.000260592 -0.0179857 0.088978 
0.0104635 -0.0189099 9.3102e-05 -0.000107432 -0.0189099 0.0912094 -0.000105573 0.000266441 9.3102e-05 -0.000105573 0.00969614 -0.0179789 -0.000107432 0.000266441 -0.0179789 0.0889467 
0.0104743 -0.018947 7.66121e-05 -0.000113619 -0.018947 0.0913106 -0.000113127 0.000275796 7.66121e-05 -0.000113127 0.00966035 -0.0179272 -0.000113619 0.000275796 -0.0179272 0.0887988 
0.0104789 -0.0189405 6.9069e-05 -9.37736e-05 -0.0189405 0.0913231 -9.52479e-05 0.00025453 6.9069e-05 -9.52479e-05 0.00963472 -0.0179077 -9.37736e-05 0.00025453 -0.0179077 0.0887334 
0.0104771 -0.0189395 5.66559e-05 -5.68605e-05 -0.0189395 0.0913162 -6.03658e-05 0.000154832 5.66559e-05 -6.03658e-05 0.00961235 -0.0178795 -5.68605e-05 0.000154832 -0.0178795 0.0886665 
0.0104725 -0.0189427 6.15842e-05 -5.4831e-05 -0.0189427 0.091329 -6.03773e-05 0.000129226 6.15842e-05 -6.03773e-05 0.00962157 -0.0178545 -5.4831e-05 0.000129226 -0.0178545 0.0886062 
0.0104465 -0.0189076 6.33168e-05 -7.18955e-05 -0.0189076 0.0912508 -7.38282e-05 0.000159385 6.33168e-05 -7.38282e-05 0.00968078 -0.0179082 -7.18955e-05 0.000159385 -0.0179082 0.0887141 
0.0104398 -0.0189042 5.22888e-05 -7.31843e-05 -0.0189042 0.0912386 -7.15678e-05 0.00017092 5.22888e-05 -7.15678e-05 0.00969721 -0.0179408 -7.31843e-05 0.00017092 -0.0179408 0.0887667 
0.0104417 -0.0189157 2.62222e-05 -6.34395e-05 -0.0189157 0.0912744 -6.20928e-05 0.000162832 2.62222e-05 -6.20928e-05 0.00967245 -0.0179312 -6.34395e-05 0.000162832 -0.0179312 0.0887411 
0.0104133 -0.0188965 1.67513e-05 -2.46169e-05 -0.0188965 0.0912338 -2.68223e-05 9.34343e-05 1.67513e-05 -2.68223e-05 0.00967299 -0.0179241 -2.46169e-05 9.34343e-05 -0.0179241 0.0887455 
0.0103802 -0.0188514 3.65783e-06 6.0445e-06 -0.0188514 0.0911417 -6.20381e-07 -2.23622e-06 3.65783e-06 -6.20381e-07 0.00969441 -0.0179478 6.0445e-06 -2.23622e-06 -0.0179478 0.088809 
0.0103686 -0.018805 1.6346e-05 3.94867e-06 -0.018805 0.091018 -3.3979e-06 -1.64917e-05 1.6346e-05 -3.3979e-06 0.00968987 -0.0179755 3.94867e-06 -1.64917e-05 -0.0179755 0.0888853 
0.0103858 -0.01879 2.19316e-05 -1.19275e-05 -0.01879 0.0909429 -1.35473e-05 1.13705e-06 2.19316e-05 -1.35473e-05 0.00966381 -0.0179682 -1.19275e-05 1.13705e-06 -0.0179682 0.0889061 
0.0104225 -0.0188203 3.40716e-05 -3.51278e-05 -0.0188203 0.0909745 -3.22144e-05 6.32925e-05 3.40716e-05 -3.22144e-05 0.00963499 -0.0179193 -3.51278e-05 6.32925e-05 -0.0179193 0.0888128 
0.0104365 -0.0188621 1.86205e-05 -2.67625e-05 -0.0188621 0.0910519 -2.21994e-05 4.71841e-05 1.86205e-05 -2.21994e-05 0.00961235 -0.0178777 -2.67625e-05 4.71841e-05 -0.0178777 0.0886925 
0.0104477 -0.0189092 2.85787e-05 -2.04277e-05 -0.0189092 0.0912052 -1.69879e-05 4.4542e-05 2.85787e-05 -1.69879e-05 0.00961574 -0.0178362 -2.04277e-05 4.4542e-05 -0.0178362 0.0885674 
0.0104247 -0.018906 4.59788e-05 -2.94009e-05 -0.018906 0.0912358 -3.05779e-05 6.03604e-05 4.59788e-05 -3.05779e-05 0.00962745 -0.0178527 -2.94009e-05 6.03604e-05 -0.0178527 0.0885559 
0.0104009 -0.0188658 4.86588e-05 -8.05846e-05 -0.0188658 0.0911705 -8.17375e-05 0.000179055 4.86588e-05 -8.17375e-05 0.00964781 -0.0178869 -8.05846e-05 0.000179055 -0.0178869 0.088637 
0.0103617 -0.0188311 2.58829e-05 -6.72565e-05 -0.0188311 0.0910704 -6.22465e-05 0.000181366 2.58829e-05 -6.22465e-05 0.00967585 -0.0179069 -6.72565e-05 0.000181366 -0.0179069 0.0886994 
0.0103183 -0.018793 6.42461e-06 -3.7558e-05 -0.018793 0.0909816 -2.73835e-05 0.000116511 6.42461e-06 -2.73835e-05 0.00969597 -0.0179223 -3.7558e-05 0.000116511 -0.0179223 0.0887239 
0.0103016 -0.0187314 1.09533e-05 -2.15378e-05 -0.0187314 0.0908369 -1.17555e-05 7.01742e-05 1.09533e-05 -1.17555e-05 0.0096808 -0.0179441 -2.15378e-05 7.01742e-05 -0.0179441 0.0887611 
0.0102713 -0.0187054 9.38754e-06 -1.82311e-05 -0.0187054 0.090736 -1.4689e-05 4.39861e-05 9.38754e-06 -1.4689e-05 0.00970329 -0.0179393 -1.82311e-05 4.39861e-05 -0.0179393 0.088787 
0.0102739 -0.0186797 1.48638e-05 -2.41506e-05 -0.0186797 0.0906667 -2.80314e-05 6.55555e-05 1.48638e-05 -2.80314e-05 0.00968528 -0.0179363 -2.41506e-05 6.55555e-05 -0.0179363 0.0887504 
0.010264 -0.0186557 2.52005e-06 -7.82429e-06 -0.0186557 0.0905629 -1.62582e-05 3.36941e-05 2.52005e-06 -1.62582e-05 0.00966515 -0.0179339 -7.82429e-06 3.36941e-05 -0.0179339 0.0887585 
0.0102754 -0.0186405 -9.21933e-06 2.25069e-05 -0.0186405 0.0905108 1.23992e-05 -3.92341e-05 -9.21933e-06 1.23992e-05 0.00967487 -0.0179328 2.25069e-05 -3.92341e-05 -0.0179328 0.0887894 
0.0103114 -0.0186668 -2.0373e-05 2.26954e-05 -0.0186668 0.0905428 1.30339e-05 -5.71814e-05 -2.0373e-05 1.30339e-05 0.00964229 -0.017922 2.26954e-05 -5.71814e-05 -0.017922 0.0887505 
0.0103328 -0.0187011 -8.52046e-06 2.55516e-05 -0.0187011 0.0906035 1.82192e-05 -5.74167e-05 -8.52046e-06 1.82192e-05 0.00962403 -0.0178967 2.55516e-05 -5.74167e-05 -0.0178967 0.0887142 
0.0103547 -0.0187376 1.44576e-05 -3.84546e-06 -0.0187376 0.0906983 -6.77017e-06 -1.29233e-06 1.44576e-05 -6.77017e-06 0.00958156 -0.0178537 -3.84546e-06 -1.29233e-06 -0.0178537 0.0886016 
0.0103442 -0.0187605 2.50972e-05 -3.0755e-05 -0.0187605 0.0907735 -2.98136e-05 6.11378e-05 2.50972e-05 -2.98136e-05 0.00957691 -0.0178091 -3.0755e-05 6.11378e-05 -0.0178091 0.0884941 
0.0103293 -0.0187554 2.94366e-05 -5.31984e-05 -0.0187554 0.0907971 -4.95518e-05 0.000128524 2.94366e-05 -4.95518e-05 0.00956801 -0.0177804 -5.31984e-05 0.000128524 -0.0177804 0.0883783 
0.0102788 -0.0187271 1.06313e-05 -4.46686e-05 -0.0187271 0.0907435 -3.7612e-05 0.000122193 1.06313e-05 -3.7612e-05 0.00959266 -0.0177721 -4.46686e-05 0.000122193 -0.0177721 0.0883245 
0.0102809 -0.0186859 -2.4083e-06 -1.62782e-05 -0.0186859 0.0906871 -8.52984e-06 6.39124e-05 -2.4083e-06 -8.52984e-06 0.00959099 -0.0177894 -1.62782e-05 6.39124e-05 -0.0177894 0.0883193 
0.0103078 -0.0186714 -1.87048e-06 1.81355e-05 -0.0186714 0.0906297 2.14441e-05 -2.90444e-05 -1.87048e-06 2.14441e-05 0.00959432 -0.0178259 1.81355e-05 -2.90444e-05 -0.0178259 0.0884262 
0.0103316 -0.0187092 1.83002e-05 1.15256e-05 -0.0187092 0.0906768 8.06191e-06 -4.19108e-05 1.83002e-05 8.06191e-06 0.00961016 -0.0178324 1.15256e-05 -4.19108e-05 -0.0178324 0.0884815 
0.0103342 -0.0187453 2.59973e-05 1.97195e-06 -0.0187453 0.0907657 -4.8375e-06 -3.53956e-05 2.59973e-05 -4.8375e-06 0.00962588 -0.0178391 1.97195e-06 -3.53956e-05 -0.0178391 0.0884907 
0.0103397 -0.0187571 2.72566e-05 -2.46856e-05 -0.0187571 0.0908358 -2.83627e-05 2.95176e-05 2.72566e-05 -2.83627e-05 0.00965439 -0.0178643 -2.46856e-05 2.95176e-05 -0.0178643 0.0885443 
0.0103454 -0.0187695 2.19259e-05 -3.95533e-05 -0.0187695 0.0908751 -3.67449e-05 8.2455e-05 2.19259e-05 -3.67449e-05 0.00965087 -0.0178877 -3.95533e-05 8.2455e-05 -0.0178877 0.0885951 
0.0103582 -0.0187623 -7.62758e-06 -3.00691e-05 -0.0187623 0.0908639 -2.25536e-05 7.59756e-05 -7.62758e-06 -2.25536e-05 0.00964971 -0.0179167 -3.00691e-05 7.59756e-05 -0.0179167 0.0887087 
0.0103688 -0.018763 -4.15475e-05 1.42557e-05 -0.018763 0.0908405 2.01198e-05 -5.83127e-06 -4.15475e-05 2.01198e-05 0.00965344 -0.0179324 1.42557e-05 -5.83127e-06 -0.0179324 0.0887948 
0.0103903 -0.0187818 -5.47536e-05 5.44813e-05 -0.0187818 0.0908666 5.4515e-05 -9.69907e-05 -5.47536e-05 5.4515e-05 0.00963785 -0.0179329 5.44813e-05 -9.69907e-05 -0.0179329 0.0888239 
0.0103865 -0.0188107 -3.22617e-05 6.15788e-05 -0.0188107 0.0909262 5.66187e-05 -0.000129525 -3.22617e-05 5.66187e-05 0.00965618 -0.0179108 6.15788e-05 -0.000129525 -0.0179108 0.0887965 
0.0103864 -0.0188215 -3.04497e-06 4.20952e-05 -0.0188215 0.0909858 3.67709e-05 -0.000117477 -3.04497e-06 3.67709e-05 0.00965498 -0.0179047 4.20952e-05 -0.000117477 -0.0179047 0.0887314 
0.010388 -0.0188355 4.19825e-05 -2.25918e-05 -0.0188355 0.0910473 -2.329e-05 2.06003e-05 4.19825e-05 -2.329e-05 0.00966466 -0.0178976 -2.25918e-05 2.06003e-05 -0.0178976 0.0886934 
0.0104361 -0.0188356 3.07566e-05 -5.50677e-05 -0.0188356 0.09108 -5.11025e-05 9.88836e-05 3.07566e-05 -5.11025e-05 0.00968248 -0.0179355 -5.50677e-05 9.88836e-05 -0.0179355 0.0887664 
0.0104534 -0.01891 -1.58171e-05 -1.94899e-05 -0.01891 0.0912091 -1.39223e-05 5.12572e-05 -1.58171e-05 -1.39223e-05 0.00967482 -0.0179226 -1.94899e-05 5.12572e-05 -0.0179226 0.0887388 
0.0104438 -0.0189415 -5.31789e-05 3.09468e-05 -0.0189415 0.0913311 3.05948e-05 -4.07538e-05 -5.31789e-05 3.05948e-05 0.00966633 -0.0179016 3.09468e-05 -4.07538e-05 -0.0179016 0.0886776 
0.0104511 -0.0189123 -4.8055e-05 6.53541e-05 -0.0189123 0.0913082 5.8868e-05 -0.000117224 -4.8055e-05 5.8868e-05 0.00965119 -0.017915 6.53541e-05 -0.000117224 -0.017915 0.0887056 
0.0104549 -0.0189098 -4.71708e-05 6.62638e-05 -0.0189098 0.0912615 5.91123e-05 -0.00015949 -4.71708e-05 5.91123e-05 0.00962277 -0.0178899 6.62638e-05 -0.00015949 -0.0178899 0.0886727 
0.0104464 -0.01891 -6.75909e-05 6.57427e-05 -0.01891 0.091237 6.18648e-05 -0.000171988 -6.75909e-05 6.18648e-05 0.00959708 -0.0178516 6.57427e-05 -0.000171988 -0.0178516 0.0885913 
0.0104214 -0.0188801 -7.11768e-05 8.60852e-05 -0.0188801 0.0911667 8.41839e-05 -0.000203053 -7.11768e-05 8.41839e-05 0.00960196 -0.0178468 8.60852e-05 -0.000203053 -0.0178468 0.0885773 
0.0103679 -0.0188319 -5.07392e-05 0.000101153 -0.0188319 0.091039 0.000100067 -0.000253096 -5.07392e-05 0.000100067 0.00964087 -0.0178622 0.000101153 -0.000253096 -0.0178622 0.0886059 
0.0103404 -0.0187847 -5.48699e-05 8.14417e-05 -0.0187847 0.0909335 8.23157e-05 -0.000248726 -5.48699e-05 8.23157e-05 0.00965217 -0.0178888 8.14417e-05 -0.000248726 -0.0178888 0.0886403 
0.0103053 -0.0187342 -5.33707e-05 6.58828e-05 -0.0187342 0.0907893 6.74621e-05 -0.000196125 -5.33707e-05 6.74621e-05 0.00967116 -0.017914 6.58828e-05 -0.000196125 -0.017914 0.0887101 
0.0102825 -0.0186915 -5.07203e-05 4.92856e-05 -0.0186915 0.0906685 4.87985e-05 -0.000133311 -5.07203e-05 4.87985e-05 0.00968287 -0.0179336 4.92856e-05 -0.000133311 -0.0179336 0.0887625 
0.0102975 -0.0186853 -5.99226e-05 4.36785e-05 -0.0186853 0.090637 4.20522e-05 -9.5494e-05 -5.99226e-05 4.20522e-05 0.00967118 -0.0179196 4.36785e-05 -9.5494e-05 -0.0179196 0.0887278 
0.0103169 -0.0187005 -4.25254e-05 6.22449e-05 -0.0187005 0.0906468 5.91079e-05 -0.000116394 -4.25254e-05 5.91079e-05 0.00965231 -0.0179036 6.22449e-05 -0.000116394 -0.0179036 0.0886809 
0.0103162 -0.0187263 -1.43719e-05 5.48921e-05 -0.0187263 0.0907003 4.99645e-05 -0.000130788 -1.43719e-05 4.99645e-05 0.00964207 -0.0178836 5.48921e-05 -0.000130788 -0.0178836 0.0886342 
0.0102981 -0.0187052 -2.02679e-06 2.73313e-05 -0.0187052 0.0906728 2.0521e-05 -9.22572e-05 -2.02679e-06 2.0521e-05 0.00964389 -0.0178979 2.73313e-05 -9.22572e-05 -0.0178979 0.0886677 
0.0102877 -0.0186974 -1.36561e-05 2.2618e-07 -0.0186974 0.0906566 -4.07933e-06 -2.2203e-05 -1.36561e-05 -4.07933e-06 0.00962374 -0.0178743 2.2618e-07 -2.2203e-05 -0.0178743 0.0886206 
0.0102874 -0.018671 -4.32283e-05 2.00558e-05 -0.018671 0.0906023 1.90379e-05 -3.42027e-05 -4.32283e-05 1.90379e-05 0.00961584 -0.0178714 2.00558e-05 -3.42027e-05 -0.0178714 0.0886209 
0.0102789 -0.0186681 -5.16634e-05 5.67685e-05 -0.0186681 0.0905681 5.68301e-05 -0.000106381 -5.16634e-05 5.68301e-05 0.0096069 -0.0178557 5.67685e-05 -0.000106381 -0.0178557 0.0885888 
0.0102549 -0.0186758 -3.53898e-05 7.04968e-05 -0.0186758 0.0905977 7.37796e-05 -0.000167938 -3.53898e-05 7.37796e-05 0.00960526 -0.0178231 7.04968e-05 -0.000167938 -0.0178231 0.0884934 
0.0102288 -0.0186548 -7.37551e-06 2.98985e-05 -0.0186548 0.0905885 3.50207e-05 -0.000103913 -7.37551e-06 3.50207e-05 0.00960851 -0.0178049 2.98985e-05 -0.000103913 -0.0178049 0.0884075 
0.0102085 -0.0186113 -3.13043e-06 3.00644e-06 -0.0186113 0.090499 6.51266e-06 -3.45778e-05 -3.13043e-06 6.51266e-06 0.00962386 -0.0178156 3.00644e-06 -3.45778e-05 -0.0178156 0.0884017 
0.0102124 -0.018593 7.87211e-06 -1.08231e-05 -0.018593 0.0904347 -8.51714e-06 2.71789e-05 7.87211e-06 -8.51714e-06 0.00962036 -0.0178181 -1.08231e-05 2.71789e-05 -0.0178181 0.088385 
0.0102276 -0.0185839 9.70599e-06 -1.07832e-05 -0.0185839 0.0903828 -6.04749e-06 3.00121e-05 9.70599e-06 -6.04749e-06 0.00962379 -0.0178353 -1.07832e-05 3.00121e-05 -0.0178353 0.0884336 
0.0102581 -0.0186082 2.03157e-05 -1.13778e-05 -0.0186082 0.0904104 -5.17256e-06 2.64863e-05 2.03157e-05 -5.17256e-06 0.00960034 -0.0178392 -1.13778e-05 2.64863e-05 -0.0178392 0.0884571 
0.0102662 -0.0186489 9.7649e-06 -1.22924e-05 -0.0186489 0.090499 -5.36462e-06 1.04647e-05 9.7649e-06 -5.36462e-06 0.00959881 -0.0178205 -1.22924e-05 1.04647e-05 -0.0178205 0.0884523 
0.0102595 -0.018657 1.06761e-05 -1.71745e-05 -0.018657 0.0905504 -1.26883e-05 3.71089e-05 1.06761e-05 -1.26883e-05 0.00960765 -0.0178226 -1.71745e-05 3.71089e-05 -0.0178226 0.0884542 
0.0102486 -0.0186465 -9.85761e-06 2.84382e-06 -0.0186465 0.0905456 4.23563e-06 -6.51572e-06 -9.85761e-06 4.23563e-06 0.00960106 -0.0178301 2.84382e-06 -6.51572e-06 -0.0178301 0.0884639 
0.010244 -0.0186275 -3.58851e-05 2.49437e-05 -0.0186275 0.0905051 2.48935e-05 -5.53025e-05 -3.58851e-05 2.48935e-05 0.00960907 -0.0178315 2.49437e-05 -5.53025e-05 -0.0178315 0.0884865 
0.0102483 -0.0186183 -4.57578e-05 3.98754e-05 -0.0186183 0.090471 3.72645e-05 -7.91458e-05 -4.57578e-05 3.72645e-05 0.00961821 -0.017847 3.98754e-05 -7.91458e-05 -0.017847 0.0885229 
0.0102506 -0.0186395 -3.8039e-05 5.05313e-05 -0.0186395 0.0905022 4.15745e-05 -9.51679e-05 -3.8039e-05 4.15745e-05 0.0095934 -0.0178265 5.05313e-05 -9.51679e-05 -0.0178265 0.0884678 
0.0102339 -0.0186355 -3.81745e-05 5.10285e-05 -0.0186355 0.0905061 3.91745e-05 -0.000111105 -3.81745e-05 3.91745e-05 0.0095857 -0.0178026 5.10285e-05 -0.000111105 -0.0178026 0.0884139 
0.010238 -0.01862 -1.03714e-05 4.16998e-05 -0.01862 0.0904904 3.46932e-05 -9.53228e-05 -1.03714e-05 3.46932e-05 0.00957614 -0.0177874 4.16998e-05 -9.53228e-05 -0.0177874 0.0883606 
0.0102221 -0.0185966 -3.00368e-06 2.07223e-05 -0.0185966 0.090406 2.09877e-05 -7.99955e-05 -3.00368e-06 2.09877e-05 0.00958659 -0.0177951 2.07223e-05 -7.99955e-05 -0.0177951 0.0883722 
0.0102032 -0.0185672 -4.13105e-06 4.12553e-06 -0.0185672 0.090321 9.80042e-06 -4.11687e-05 -4.13105e-06 9.80042e-06 0.00962113 -0.0178231 4.12553e-06 -4.11687e-05 -0.0178231 0.0884383 
0.0102192 -0.0185832 1.65939e-06 -1.99388e-05 -0.0185832 0.0903544 -1.34522e-05 3.58907e-05 1.65939e-06 -1.34522e-05 0.00961922 -0.0178234 -1.99388e-05 3.58907e-05 -0.0178234 0.088419 
0.0102408 -0.0185987 -3.27653e-06 -1.51265e-05 -0.0185987 0.0903948 -9.79841e-06 4.70428e-05 -3.27653e-06 -9.79841e-06 0.00962567 -0.0178439 -1.51265e-05 4.70428e-05 -0.0178439 0.088473 
0.0102582 -0.0186463 -4.41243e-07 7.28045e-06 -0.0186463 0.0905033 1.04431e-05 -4.4844e-06 -4.41243e-07 1.04431e-05 0.00961043 -0.0178252 7.28045e-06 -4.4844e-06 -0.0178252 0.0884375 
0.0102445 -0.0186669 -1.36889e-05 -3.20292e-06 -0.0186669 0.0905827 -1.85947e-06 -1.67865e-06 -1.36889e-05 -1.85947e-06 0.00961208 -0.0178103 -3.20292e-06 -1.67865e-06 -0.0178103 0.0884019 
0.010229 -0.0186162 -1.93097e-05 2.94688e-05 -0.0186162 0.0904983 2.81137e-05 -5.90498e-05 -1.93097e-05 2.81137e-05 0.00963484 -0.0178499 2.94688e-05 -5.90498e-05 -0.0178499 0.0884907 
0.0102288 -0.0185968 -1.73077e-06 1.35317e-05 -0.0185968 0.0904244 1.25781e-05 -3.59916e-05 -1.73077e-06 1.25781e-05 0.00964442 -0.0178767 1.35317e-05 -3.59916e-05 -0.0178767 0.0885704 
0.0102364 -0.0185871 -2.06169e-05 2.37017e-06 -0.0185871 0.0903702 2.97473e-06 -1.72214e-05 -2.06169e-05 2.97473e-06 0.00964948 -0.0178954 2.37017e-06 -1.72214e-05 -0.0178954 0.0886352 
0.0102186 -0.0185957 -2.27154e-05 1.20129e-05 -0.0185957 0.090361 1.14465e-05 -6.05965e-06 -2.27154e-05 1.14465e-05 0.00967334 -0.0179055 1.20129e-05 -6.05965e-06 -0.0179055 0.0886814 
0.0102134 -0.0185842 -2.0092e-05 1.97451e-05 -0.0185842 0.0903536 1.85e-05 -2.59424e-05 -2.0092e-05 1.85e-05 0.00967543 -0.017922 1.97451e-05 -2.59424e-05 -0.017922 0.0887083 
0.0102161 -0.0185705 -1.94472e-05 2.30992e-05 -0.0185705 0.0903144 2.18016e-05 -4.33816e-05 -1.94472e-05 2.18016e-05 0.00965945 -0.0179282 2.30992e-05 -4.33816e-05 -0.0179282 0.0887354 
0.0102338 -0.018606 -3.16698e-05 3.82595e-05 -0.018606 0.0903839 3.64263e-05 -8.95769e-05 -3.16698e-05 3.64263e-05 0.00960456 -0.0178586 3.82595e-05 -8.95769e-05 -0.0178586 0.0885802 
0.0102433 -0.0186073 -5.46835e-05 6.8098e-05 -0.0186073 0.0904053 6.44144e-05 -0.000167288 -5.46835e-05 6.44144e-05 0.00958795 -0.0178209 6.8098e-05 -0.000167288 -0.0178209 0.0884843 
0.0102576 -0.0186209 -3.80447e-05 7.76317e-05 -0.0186209 0.0904372 7.27621e-05 -0.000191332 -3.80447e-05 7.27621e-05 0.00957455 -0.0177952 7.76317e-05 -0.000191332 -0.0177952 0.0883964 
0.0102365 -0.0186553 -4.31503e-05 5.47124e-05 -0.0186553 0.0905216 5.20047e-05 -0.000164938 -4.31503e-05 5.20047e-05 0.00957725 -0.0177527 5.47124e-05 -0.000164938 -0.0177527 0.0882633 
0.0102093 -0.0186257 -4.14789e-05 4.48846e-05 -0.0186257 0.090509 4.44148e-05 -0.000116931 -4.14789e-05 4.44148e-05 0.00958745 -0.0177579 4.48846e-05 -0.000116931 -0.0177579 0.0882218 
0.010202 -0.018578 -2.58396e-05 3.90705e-05 -0.018578 0.0904071 4.1925e-05 -9.27439e-05 -2.58396e-05 4.1925e-05 0.00959244 -0.0177881 3.90705e-05 -9.27439e-05 -0.0177881 0.0882818 
0.0101761 -0.0185676 -6.99032e-08 2.08046e-05 -0.0185676 0.0903384 2.26998e-05 -5.54316e-05 -6.99032e-08 2.26998e-05 0.00960256 -0.0177829 2.08046e-05 -5.54316e-05 -0.0177829 0.0882869 
0.0101535 -0.01853 1.02767e-06 3.46155e-06 -0.01853 0.0902505 4.91509e-06 -2.59017e-05 1.02767e-06 4.91509e-06 0.0095992 -0.017801 3.46155e-06 -2.59017e-05 -0.017801 0.0883215 
0.0100972 -0.0184894 -8.01614e-06 3.50351e-06 -0.0184894 0.0901326 3.4673e-06 -1.43435e-05 -8.01614e-06 3.4673e-06 0.00963163 -0.0178027 3.50351e-06 -1.43435e-05 -0.0178027 0.0883494 
0.0100593 -0.0184193 -2.39578e-05 1.60128e-05 -0.0184193 0.0899777 1.33742e-05 -3.01092e-05 -2.39578e-05 1.33742e-05 0.0096536 -0.017841 1.60128e-05 -3.01092e-05 -0.017841 0.0884153 
0.0100733 -0.0183705 -2.09054e-05 3.37517e-05 -0.0183705 0.0898296 2.81955e-05 -6.18481e-05 -2.09054e-05 2.81955e-05 0.00962815 -0.017865 3.37517e-05 -6.18481e-05 -0.017865 0.0884825 
0.0100742 -0.0183584 -1.08847e-05 2.52354e-05 -0.0183584 0.0897219 2.43376e-05 -6.41455e-05 -1.08847e-05 2.43376e-05 0.00962643 -0.0178648 2.52354e-05 -6.41455e-05 -0.0178648 0.0885431 
0.0100655 -0.0183699 -1.42753e-05 5.75181e-06 -0.0183699 0.0897101 9.2822e-06 -2.87382e-05 -1.42753e-05 9.2822e-06 0.00960346 -0.0178323 5.75181e-06 -2.87382e-05 -0.0178323 0.0884688 
0.0100446 -0.018369 -1.65243e-05 1.20833e-05 -0.018369 0.0897271 1.86794e-05 -3.02952e-05 -1.65243e-05 1.86794e-05 0.00959944 -0.0177932 1.20833e-05 -3.02952e-05 -0.0177932 0.0883618 
0.0100377 -0.0183565 -3.4225e-05 1.99172e-05 -0.0183565 0.0897392 2.88348e-05 -5.50559e-05 -3.4225e-05 2.88348e-05 0.00961574 -0.0177843 1.99172e-05 -5.50559e-05 -0.0177843 0.0882998 
0.010022 -0.0183606 -5.77513e-05 3.65337e-05 -0.0183606 0.0897555 4.49169e-05 -8.63343e-05 -5.77513e-05 4.49169e-05 0.00963032 -0.0177799 3.65337e-05 -8.63343e-05 -0.0177799 0.088242 
0.0100105 -0.0183314 -4.92722e-05 5.73007e-05 -0.0183314 0.0897135 5.93219e-05 -0.000114274 -4.92722e-05 5.93219e-05 0.00964966 -0.0178203 5.73007e-05 -0.000114274 -0.0178203 0.088311 
0.0100249 -0.0183153 -5.57429e-05 7.89376e-05 -0.0183153 0.089667 7.2204e-05 -0.000187956 -5.57429e-05 7.2204e-05 0.00963807 -0.0178478 7.89376e-05 -0.000187956 -0.0178478 0.0883906 
0.0100385 -0.0183442 -6.00084e-05 7.69556e-05 -0.0183442 0.0896996 7.02798e-05 -0.000199041 -6.00084e-05 7.02798e-05 0.00961558 -0.0178118 7.69556e-05 -0.000199041 -0.0178118 0.088343 
0.0100493 -0.0183679 -5.40956e-05 8.05628e-05 -0.0183679 0.0897713 7.71613e-05 -0.000206298 -5.40956e-05 7.71613e-05 0.00961327 -0.0177865 8.05628e-05 -0.000206298 -0.0177865 0.0882817 
0.0100806 -0.0183759 -2.75242e-05 6.17829e-05 -0.0183759 0.0898046 5.89615e-05 -0.0001672 -2.75242e-05 5.89615e-05 0.00957889 -0.0177879 6.17829e-05 -0.0001672 -0.0177879 0.0882611 
0.0100882 -0.0184008 -6.07468e-06 2.98766e-05 -0.0184008 0.0898369 2.62033e-05 -0.0001005 -6.07468e-06 2.62033e-05 0.00957369 -0.017762 2.98766e-05 -0.0001005 -0.017762 0.0882373 
0.0101114 -0.0183965 -3.12847e-06 4.78595e-06 -0.0183965 0.0898297 2.34601e-06 -3.32278e-05 -3.12847e-06 2.34601e-06 0.00955113 -0.0177629 4.78595e-06 -3.32278e-05 -0.0177629 0.0882292 
0.0101247 -0.0184088 1.08474e-05 7.37621e-06 -0.0184088 0.0898212 9.07126e-06 -2.1104e-05 1.08474e-05 9.07126e-06 0.00953671 -0.0177485 7.37621e-06 -2.1104e-05 -0.0177485 0.0882214 
0.0101329 -0.0184589 1.881e-06 -4.65059e-06 -0.0184589 0.0899408 1.34821e-06 -1.48754e-05 1.881e-06 1.34821e-06 0.00952614 -0.0176964 -4.65059e-06 -1.48754e-05 -0.0176964 0.088093 
0.0101104 -0.018456 -3.89032e-06 1.17539e-06 -0.018456 0.0899755 8.99281e-06 -1.73861e-05 -3.89032e-06 8.99281e-06 0.00954341 -0.0177015 1.17539e-06 -1.73861e-05 -0.0177015 0.0880668 
0.0101041 -0.0184708 3.89806e-06 -4.58802e-06 -0.0184708 0.0900599 3.71082e-06 3.27077e-06 3.89806e-06 3.71082e-06 0.00954893 -0.0176849 -4.58802e-06 3.27077e-06 -0.0176849 0.0879971 
