0.00738228 0 -0.000477678 0 0 0.01 0 0 -0.000477678 0 0.00728967 0 0 0 0 0.01 
0.0103978 -0.0129121 -0.000567483 0.000700005 -0.0129121 0.0339326 0.000700005 -0.00134209 -0.000567483 0.000700005 0.0102878 -0.0127765 0.000700005 -0.00134209 -0.0127765 0.033672 
0.0104049 -0.0195394 -0.000438252 0.000761587 -0.0195394 0.0716426 0.000761587 -0.00242784 -0.000438252 0.000761587 0.0103703 -0.0193372 0.000761587 -0.00242784 -0.0193372 0.0709978 
0.00979429 -0.0190942 -0.000386897 0.000538131 -0.0190942 0.0854889 0.000541058 -0.00191167 -0.000386897 0.000541058 0.00979671 -0.0190513 0.000538131 -0.00191167 -0.0190513 0.0851384 
0.0097864 -0.0183235 -0.00039369 0.000444446 -0.0183235 0.0883051 0.00044943 -0.00123095 -0.00039369 0.00044943 0.00974925 -0.0183682 0.000444446 -0.00123095 -0.0183682 0.0883392 
0.00998106 -0.0182654 -0.000428714 0.000502034 -0.0182654 0.0891726 0.000509222 -0.00115471 -0.000428714 0.000509222 0.00988077 -0.0182192 0.000502034 -0.00115471 -0.0182192 0.0891534 
0.0101183 -0.0184266 -0.000474513 0.000566498 -0.0184266 0.0898124 0.000573678 -0.0013294 -0.000474513 0.000573678 0.00998386 -0.0182732 0.000566498 -0.0013294 -0.0182732 0.0895283 
0.0101562 -0.0185431 -0.000484004 0.000617806 -0.0185431 0.0902274 0.000619402 -0.00150022 -0.000484004 0.000619402 0.0100354 -0.0183105 0.000617806 -0.00150022 -0.0183105 0.0896562 
0.0101517 -0.0185542 -0.000451792 0.000612715 -0.0185542 0.0903455 0.000609833 -0.00154333 -0.000451792 0.000609833 0.0100508 -0.0183496 0.000612715 -0.00154333 -0.0183496 0.0897269 
0.0100966 -0.0185032 -0.000428003 0.000567079 -0.0185032 0.0902292 0.000562722 -0.00147544 -0.000428003 0.000562722 0.0100819 -0.0184005 0.000567079 -0.00147544 -0.0184005 0.0898627 
0.0100403 -0.0184308 -0.000412508 0.000522525 -0.0184308 0.0900506 0.000519652 -0.00135201 -0.000412508 0.000519652 0.0101006 -0.0184453 0.000522525 -0.00135201 -0.0184453 0.0899895 
0.0100166 -0.0183616 -0.000399382 0.000494938 -0.0183616 0.0898678 0.000492717 -0.00124917 -0.000399382 0.000492717 0.0101035 -0.0184834 0.000494938 -0.00124917 -0.0184834 0.0901236 
0.0100217 -0.0183458 -0.000396485 0.000490837 -0.0183458 0.0897928 0.000488734 -0.00121872 -0.000396485 0.000488734 0.0100867 -0.0184807 0.000490837 -0.00121872 -0.0184807 0.0901649 
0.0100457 -0.0183581 -0.000394466 0.000477149 -0.0183581 0.0898071 0.000475718 -0.00118119 -0.000394466 0.000475718 0.0100921 -0.0184725 0.000477149 -0.00118119 -0.0184725 0.0901797 
0.0100697 -0.0183888 -0.000392178 0.000474038 -0.0183888 0.0898675 0.0004758 -0.00116592 -0.000392178 0.0004758 0.0100859 -0.0184778 0.000474038 -0.00116592 -0.0184778 0.0901858 
0.0101193 -0.0184331 -0.000382616 0.000486558 -0.0184331 0.0899864 0.000491085 -0.00120244 -0.000382616 0.000491085 0.0100653 -0.0184649 0.000486558 -0.00120244 -0.0184649 0.0901672 
0.0101548 -0.0185269 -0.000371839 0.000456298 -0.0185269 0.0902247 0.000461012 -0.00115294 -0.000371839 0.000461012 0.0100819 -0.0184205 0.000456298 -0.00115294 -0.0184205 0.090067 
0.0101794 -0.018561 -0.000382942 0.000471193 -0.018561 0.0903632 0.000476048 -0.00117895 -0.000382942 0.000476048 0.0100661 -0.0184385 0.000471193 -0.00117895 -0.0184385 0.0900455 
0.0102027 -0.0185642 -0.000409609 0.000493813 -0.0185642 0.0903803 0.000500305 -0.0012413 -0.000409609 0.000500305 0.0100339 -0.0184454 0.000493813 -0.0012413 -0.0184454 0.0900919 
0.0102096 -0.01861 -0.00042932 0.000530278 -0.01861 0.0904679 0.000540363 -0.00133072 -0.00042932 0.000540363 0.00999901 -0.01838 0.000530278 -0.00133072 -0.01838 0.0899796 
0.0102229 -0.0186495 -0.000437531 0.000533945 -0.0186495 0.0906121 0.000541238 -0.00135139 -0.000437531 0.000541238 0.0100038 -0.0183291 0.000533945 -0.00135139 -0.0183291 0.0898429 
0.0102458 -0.0186763 -0.000436178 0.000534843 -0.0186763 0.0907127 0.000535019 -0.00133838 -0.000436178 0.000535019 0.0100001 -0.0183146 0.000534843 -0.00133838 -0.0183146 0.08974 
0.010262 -0.0186712 -0.000424103 0.000529073 -0.0186712 0.0907031 0.000523513 -0.00131342 -0.000424103 0.000523513 0.0100018 -0.0183516 0.000529073 -0.00131342 -0.0183516 0.0898125 
0.0102392 -0.0186756 -0.000440091 0.000546567 -0.0186756 0.0906854 0.000537122 -0.00135755 -0.000440091 0.000537122 0.0100153 -0.0183634 0.000546567 -0.00135755 -0.0183634 0.0898771 
0.0102243 -0.0186468 -0.000448213 0.000542582 -0.0186468 0.0906442 0.000533486 -0.00134184 -0.000448213 0.000533486 0.0100407 -0.0184034 0.000542582 -0.00134184 -0.0184034 0.0899929 
0.0102148 -0.0186441 -0.000453062 0.000545949 -0.0186441 0.0906304 0.000543409 -0.00134285 -0.000453062 0.000543409 0.0100444 -0.0184143 0.000545949 -0.00134285 -0.0184143 0.0900356 
0.0102033 -0.0186361 -0.000455152 0.000554451 -0.0186361 0.0906228 0.000561047 -0.00137808 -0.000455152 0.000561047 0.0100766 -0.0184281 0.000554451 -0.00137808 -0.0184281 0.0900883 
0.0101784 -0.0186085 -0.000449085 0.000552602 -0.0186085 0.090558 0.000562485 -0.00138597 -0.000449085 0.000562485 0.0101182 -0.0184766 0.000552602 -0.00138597 -0.0184766 0.0901935 
0.0101866 -0.0185921 -0.000458599 0.000563081 -0.0185921 0.0905201 0.000568104 -0.00141589 -0.000458599 0.000568104 0.0101335 -0.0185138 0.000563081 -0.00141589 -0.0185138 0.0902834 
0.0101951 -0.0186115 -0.000469865 0.000569379 -0.0186115 0.0905472 0.000564914 -0.0014164 -0.000469865 0.000564914 0.0101438 -0.0185295 0.000569379 -0.0014164 -0.0185295 0.0903392 
0.0101935 -0.0186326 -0.000453071 0.000570736 -0.0186326 0.0906091 0.000559931 -0.00139527 -0.000453071 0.000559931 0.0101389 -0.0185259 0.000570736 -0.00139527 -0.0185259 0.0903248 
0.0101736 -0.0186047 -0.000448653 0.000565672 -0.0186047 0.0905628 0.000553986 -0.00139723 -0.000448653 0.000553986 0.0101509 -0.0185433 0.000565672 -0.00139723 -0.0185433 0.0903701 
0.010136 -0.0185749 -0.000428367 0.000552933 -0.0185749 0.0904791 0.000544177 -0.00136664 -0.000428367 0.000544177 0.0101425 -0.0185405 0.000552933 -0.00136664 -0.0185405 0.090357 
0.0100896 -0.0185217 -0.000422582 0.000527617 -0.0185217 0.0903509 0.000521944 -0.00131926 -0.000422582 0.000521944 0.0101417 -0.0185288 0.000527617 -0.00131926 -0.0185288 0.0903316 
0.0100599 -0.018457 -0.000415874 0.000516798 -0.018457 0.0901859 0.000515256 -0.00128171 -0.000415874 0.000515256 0.0101321 -0.0185202 0.000516798 -0.00128171 -0.0185202 0.0902927 
0.010055 -0.0184264 -0.000419015 0.000517961 -0.0184264 0.0900737 0.000520772 -0.00128845 -0.000419015 0.000520772 0.0101095 -0.0184911 0.000517961 -0.00128845 -0.0184911 0.0902136 
0.0100605 -0.0184102 -0.000405552 0.000492903 -0.0184102 0.0900065 0.000498321 -0.00122866 -0.000405552 0.000498321 0.0101197 -0.0184975 0.000492903 -0.00122866 -0.0184975 0.0902323 
0.0100572 -0.0184214 -0.000409594 0.000510469 -0.0184214 0.0899992 0.000514517 -0.00126248 -0.000409594 0.000514517 0.010117 -0.0184918 0.000510469 -0.00126248 -0.0184918 0.0902134 
0.0100637 -0.0184009 -0.000428232 0.00051818 -0.0184009 0.0899494 0.000520868 -0.00129631 -0.000428232 0.000520868 0.0100981 -0.0185026 0.00051818 -0.00129631 -0.0185026 0.09024 
0.0100426 -0.018423 -0.000427883 0.00055187 -0.018423 0.0899752 0.00055582 -0.00137318 -0.000427883 0.00055582 0.0100902 -0.0184609 0.00055187 -0.00137318 -0.0184609 0.0901703 
0.0100517 -0.0183994 -0.000394006 0.000506989 -0.0183994 0.0899698 0.00050908 -0.0012894 -0.000394006 0.00050908 0.0100872 -0.0184746 0.000506989 -0.0012894 -0.0184746 0.0901863 
0.0100852 -0.0184334 -0.00037075 0.000456813 -0.0184334 0.0900393 0.000453764 -0.0011563 -0.00037075 0.000453764 0.0100904 -0.0184604 0.000456813 -0.0011563 -0.0184604 0.0901702 
0.0101111 -0.0184708 -0.000382318 0.000457422 -0.0184708 0.0901235 0.000447719 -0.00112209 -0.000382318 0.000447719 0.0100785 -0.0184516 0.000457422 -0.00112209 -0.0184516 0.0901261 
0.0101123 -0.0184852 -0.000412142 0.000477642 -0.0184852 0.0901652 0.000465919 -0.00115026 -0.000412142 0.000465919 0.0100725 -0.0184508 0.000477642 -0.00115026 -0.0184508 0.0901197 
0.0100991 -0.0184756 -0.000424953 0.000525829 -0.0184756 0.090154 0.000518902 -0.0012589 -0.000424953 0.000518902 0.0100823 -0.0184541 0.000525829 -0.0012589 -0.0184541 0.090137 
0.0100667 -0.0184534 -0.000422232 0.000527189 -0.0184534 0.0901003 0.00052871 -0.00130579 -0.000422232 0.00052871 0.0101037 -0.0184664 0.000527189 -0.00130579 -0.0184664 0.0901598 
0.0100047 -0.0184054 -0.000412495 0.000532849 -0.0184054 0.0899867 0.000534588 -0.00133685 -0.000412495 0.000534588 0.0101314 -0.018488 0.000532849 -0.00133685 -0.018488 0.0901976 
0.00997299 -0.0183456 -0.000413585 0.000522097 -0.0183456 0.0898648 0.000520434 -0.00132648 -0.000413585 0.000520434 0.0101258 -0.0185043 0.000522097 -0.00132648 -0.0185043 0.0902211 
0.00996078 -0.0183051 -0.000383397 0.000508404 -0.0183051 0.0897488 0.00050453 -0.00127894 -0.000383397 0.00050453 0.0101127 -0.0184978 0.000508404 -0.00127894 -0.0184978 0.090222 
0.00995864 -0.0183055 -0.000359966 0.000478811 -0.0183055 0.0897252 0.000470776 -0.00121692 -0.000359966 0.000470776 0.0100972 -0.0184548 0.000478811 -0.00121692 -0.0184548 0.0901135 
0.00995796 -0.0183096 -0.000349557 0.000460604 -0.0183096 0.0897353 0.000448861 -0.00116667 -0.000349557 0.000448861 0.0100782 -0.0184206 0.000460604 -0.00116667 -0.0184206 0.0899935 
0.00995027 -0.0182634 -0.000336069 0.000442699 -0.0182634 0.0896218 0.000432757 -0.00111796 -0.000336069 0.000432757 0.0100822 -0.0184425 0.000442699 -0.00111796 -0.0184425 0.0900316 
0.00995699 -0.0182477 -0.000356409 0.000435181 -0.0182477 0.0895407 0.000433918 -0.00110731 -0.000356409 0.000433918 0.010069 -0.0184457 0.000435181 -0.00110731 -0.0184457 0.090051 
0.00995381 -0.0182796 -0.000369577 0.00044009 -0.0182796 0.0895888 0.000447014 -0.0011016 -0.000369577 0.000447014 0.0100611 -0.0184091 0.00044009 -0.0011016 -0.0184091 0.0899766 
0.00994736 -0.0182722 -0.000368813 0.000445568 -0.0182722 0.0896037 0.000456487 -0.001108 -0.000368813 0.000456487 0.0100437 -0.0184072 0.000445568 -0.001108 -0.0184072 0.0899471 
0.00994138 -0.0182713 -0.000353355 0.00044648 -0.0182713 0.0896086 0.000459033 -0.00111838 -0.000353355 0.000459033 0.0100251 -0.018375 0.00044648 -0.00111838 -0.018375 0.0898822 
0.00995503 -0.0182858 -0.000322439 0.00042433 -0.0182858 0.0896529 0.000432581 -0.00107748 -0.000322439 0.000432581 0.0100045 -0.0183209 0.00042433 -0.00107748 -0.0183209 0.0897354 
0.00994008 -0.0182897 -0.000306086 0.000397866 -0.0182897 0.0896659 0.000400017 -0.0010227 -0.000306086 0.000400017 0.0100151 -0.0183123 0.000397866 -0.0010227 -0.0183123 0.0896808 
0.00993208 -0.0182528 -0.000316942 0.00038104 -0.0182528 0.0895938 0.000378772 -0.000970547 -0.000316942 0.000378772 0.0100368 -0.0183481 0.00038104 -0.000970547 -0.0183481 0.0897491 
0.00992319 -0.0182299 -0.000335865 0.000397155 -0.0182299 0.0895113 0.000393301 -0.000976356 -0.000335865 0.000393301 0.0100661 -0.0184004 0.000397155 -0.000976356 -0.0184004 0.0898995 
0.0099138 -0.0182237 -0.000338368 0.000414302 -0.0182237 0.0894777 0.00041253 -0.00100527 -0.000338368 0.00041253 0.0100676 -0.0184268 0.000414302 -0.00100527 -0.0184268 0.0899853 
0.0099102 -0.0182302 -0.000339834 0.000422742 -0.0182302 0.0895011 0.000422616 -0.00104626 -0.000339834 0.000422616 0.0100708 -0.0184194 0.000422742 -0.00104626 -0.0184194 0.0900016 
0.00990877 -0.0182215 -0.000331729 0.000416246 -0.0182215 0.0894921 0.000416066 -0.00104032 -0.000331729 0.000416066 0.0100624 -0.0184187 0.000416246 -0.00104032 -0.0184187 0.0899903 
0.00989395 -0.0182158 -0.000328072 0.000420552 -0.0182158 0.0894689 0.000418651 -0.00105404 -0.000328072 0.000418651 0.0100372 -0.0183926 0.000420552 -0.00105404 -0.0183926 0.0899214 
0.00989988 -0.0182067 -0.000316922 0.000409445 -0.0182067 0.089457 0.000408064 -0.00103485 -0.000316922 0.000408064 0.0100067 -0.0183549 0.000409445 -0.00103485 -0.0183549 0.0898314 
0.00991938 -0.0182066 -0.000298073 0.000384743 -0.0182066 0.0894478 0.000383872 -0.000976307 -0.000298073 0.000383872 0.00999069 -0.0183285 0.000384743 -0.000976307 -0.0183285 0.0897626 
0.00996107 -0.0182463 -0.000285668 0.000374684 -0.0182463 0.089525 0.000373471 -0.000948945 -0.000285668 0.000373471 0.00996406 -0.0182878 0.000374684 -0.000948945 -0.0182878 0.089645 
0.00995396 -0.0182952 -0.000286486 0.000365282 -0.0182952 0.089633 0.000362828 -0.000931015 -0.000286486 0.000362828 0.00998194 -0.018266 0.000365282 -0.000931015 -0.018266 0.0895818 
0.00991563 -0.0182474 -0.000280232 0.000364827 -0.0182474 0.0895605 0.000362345 -0.000921432 -0.000280232 0.000362345 0.0100081 -0.0183227 0.000364827 -0.000921432 -0.0183227 0.0896829 
0.00989034 -0.0182056 -0.000288728 0.000354947 -0.0182056 0.0894608 0.000355104 -0.000906774 -0.000288728 0.000355104 0.0100196 -0.0183551 0.000354947 -0.000906774 -0.0183551 0.08979 
0.00986689 -0.018156 -0.000320335 0.00037511 -0.018156 0.0893178 0.000377573 -0.000941666 -0.000320335 0.000377573 0.0100078 -0.0183727 0.00037511 -0.000941666 -0.0183727 0.0898607 
0.00985943 -0.01815 -0.000361778 0.000400065 -0.01815 0.0892794 0.000404887 -0.000986992 -0.000361778 0.000404887 0.0100142 -0.0183431 0.000400065 -0.000986992 -0.0183431 0.0898295 
0.00987093 -0.0181657 -0.000368061 0.000432953 -0.0181657 0.0893236 0.000437279 -0.00104003 -0.000368061 0.000437279 0.0100204 -0.0183258 0.000432953 -0.00104003 -0.0183258 0.0897496 
0.00990659 -0.0181725 -0.000355152 0.000456689 -0.0181725 0.0893474 0.000454665 -0.0011149 -0.000355152 0.000454665 0.0100258 -0.0183487 0.000456689 -0.0011149 -0.0183487 0.089772 
0.00996813 -0.0182292 -0.000358737 0.000452044 -0.0182292 0.0894615 0.000444976 -0.00113858 -0.000358737 0.000444976 0.0100006 -0.018349 0.000452044 -0.00113858 -0.018349 0.0897792 
0.00997626 -0.0183111 -0.000358993 0.00044615 -0.0183111 0.0896442 0.000438305 -0.00111869 -0.000358993 0.000438305 0.00999857 -0.0183127 0.00044615 -0.00111869 -0.0183127 0.0897157 
0.00997157 -0.0183007 -0.000351083 0.000429573 -0.0183007 0.0896885 0.000425859 -0.00107371 -0.000351083 0.000425859 0.0100027 -0.0183387 0.000429573 -0.00107371 -0.0183387 0.0897572 
0.00996508 -0.0183156 -0.000363471 0.000446667 -0.0183156 0.0897412 0.000448853 -0.00112051 -0.000363471 0.000448853 0.0099991 -0.0183218 0.000446667 -0.00112051 -0.0183218 0.0897318 
0.00997566 -0.0183153 -0.00037014 0.000464086 -0.0183153 0.089774 0.0004687 -0.00117417 -0.00037014 0.0004687 0.00998488 -0.0183121 0.000464086 -0.00117417 -0.0183121 0.0896972 
0.00997584 -0.018323 -0.000368311 0.000463156 -0.018323 0.0897894 0.000464863 -0.00118139 -0.000368311 0.000464863 0.0100126 -0.0183117 0.000463156 -0.00118139 -0.0183117 0.0897096 
0.00995246 -0.0183077 -0.000368804 0.000446481 -0.0183077 0.0897539 0.000445696 -0.00113534 -0.000368804 0.000445696 0.010061 -0.0183609 0.000446481 -0.00113534 -0.0183609 0.0898032 
0.00995954 -0.0182852 -0.000363935 0.000462062 -0.0182852 0.0897018 0.000461983 -0.00115342 -0.000363935 0.000461983 0.0100658 -0.0184034 0.000462062 -0.00115342 -0.0184034 0.089895 
0.00993213 -0.0182683 -0.000368512 0.000458164 -0.0182683 0.0896188 0.000459765 -0.00116221 -0.000368512 0.000459765 0.0100827 -0.0184271 0.000458164 -0.00116221 -0.0184271 0.0899873 
0.00991111 -0.0182514 -0.000349046 0.00044447 -0.0182514 0.089578 0.000446971 -0.00111757 -0.000349046 0.000446971 0.0100844 -0.0184267 0.00044447 -0.00111757 -0.0184267 0.0899932 
0.00989285 -0.0182083 -0.000356413 0.000429715 -0.0182083 0.0894771 0.000429131 -0.00108668 -0.000356413 0.000429131 0.0101032 -0.0184508 0.000429715 -0.00108668 -0.0184508 0.090059 
0.00989468 -0.0181765 -0.000361324 0.000450679 -0.0181765 0.0893677 0.0004493 -0.0011168 -0.000361324 0.0004493 0.01009 -0.0184643 0.000450679 -0.0011168 -0.0184643 0.0900875 
0.00991379 -0.0181893 -0.000360729 0.000445884 -0.0181893 0.0893606 0.000446113 -0.00111559 -0.000360729 0.000446113 0.0100746 -0.0184475 0.000445884 -0.00111559 -0.0184475 0.090074 
0.00993246 -0.0182212 -0.00033477 0.00044863 -0.0182212 0.0894255 0.000449951 -0.00112252 -0.00033477 0.000449951 0.0100497 -0.0184199 0.00044863 -0.00112252 -0.0184199 0.0900094 
0.00993719 -0.0182505 -0.000303911 0.000432266 -0.0182505 0.0895062 0.000433126 -0.00111778 -0.000303911 0.000433126 0.0100321 -0.0183807 0.000432266 -0.00111778 -0.0183807 0.0899153 
0.00990352 -0.0182514 -0.000302495 0.000399589 -0.0182514 0.0895323 0.000397578 -0.00106028 -0.000302495 0.000397578 0.0100371 -0.0183545 0.000399589 -0.00106028 -0.0183545 0.0898275 
0.00988866 -0.0182026 -0.000314175 0.000383579 -0.0182026 0.0894602 0.000379666 -0.000990686 -0.000314175 0.000379666 0.0100391 -0.0183752 0.000383579 -0.000990686 -0.0183752 0.0898456 
0.0099133 -0.0182053 -0.000295393 0.00035835 -0.0182053 0.0894595 0.000356072 -0.000889522 -0.000295393 0.000356072 0.0100383 -0.0183724 0.00035835 -0.000889522 -0.0183724 0.0898514 
0.0099434 -0.0182513 -0.000290503 0.000348133 -0.0182513 0.0895457 0.000350841 -0.000857386 -0.000290503 0.000350841 0.0100162 -0.0183492 0.000348133 -0.000857386 -0.0183492 0.0897911 
0.00991734 -0.0182675 -0.000313796 0.00037876 -0.0182675 0.089589 0.000380983 -0.000932072 -0.000313796 0.000380983 0.0100157 -0.0183369 0.00037876 -0.000932072 -0.0183369 0.0897634 
0.00988236 -0.0182289 -0.00033906 0.000410833 -0.0182289 0.0895428 0.000411343 -0.00101885 -0.00033906 0.000411343 0.0100551 -0.018358 0.000410833 -0.00101885 -0.018358 0.0898193 
0.00987062 -0.0181763 -0.000335143 0.000435471 -0.0181763 0.0894217 0.000434604 -0.00108516 -0.000335143 0.000434604 0.0100921 -0.0184142 0.000435471 -0.00108516 -0.0184142 0.0899387 
0.00986474 -0.0181366 -0.000326689 0.000421033 -0.0181366 0.0892749 0.000417863 -0.00107435 -0.000326689 0.000417863 0.0100886 -0.018468 0.000421033 -0.00107435 -0.018468 0.0900755 
0.00985734 -0.0181489 -0.000346105 0.000409687 -0.0181489 0.089263 0.000404427 -0.00104211 -0.000346105 0.000404427 0.0100858 -0.0184453 0.000409687 -0.00104211 -0.0184453 0.090073 
0.00987575 -0.0181398 -0.000358382 0.000435831 -0.0181398 0.089258 0.000433916 -0.00107721 -0.000358382 0.000433916 0.0100831 -0.0184517 0.000435831 -0.00107721 -0.0184517 0.0900829 
0.00989222 -0.0181623 -0.000362397 0.000444699 -0.0181623 0.089287 0.000446585 -0.00110933 -0.000362397 0.000446585 0.0100846 -0.0184459 0.000444699 -0.00110933 -0.0184459 0.0900724 
0.00991137 -0.0182006 -0.000355879 0.000445856 -0.0182006 0.0893784 0.000450222 -0.00111927 -0.000355879 0.000450222 0.0100719 -0.0184322 0.000445856 -0.00111927 -0.0184322 0.0900318 
0.00996728 -0.0182631 -0.000333297 0.000438525 -0.0182631 0.0895622 0.000442303 -0.00111127 -0.000333297 0.000442303 0.0100279 -0.0183885 0.000438525 -0.00111127 -0.0183885 0.0899186 
0.0100071 -0.0183182 -0.000307138 0.000398649 -0.0183182 0.0897056 0.000400012 -0.00102421 -0.000307138 0.000400012 0.00999081 -0.0183452 0.000398649 -0.00102421 -0.0183452 0.0898133 
0.010028 -0.0183517 -0.000297395 0.000371914 -0.0183517 0.0898033 0.000374391 -0.000950727 -0.000297395 0.000374391 0.00999089 -0.0183285 0.000371914 -0.000950727 -0.0183285 0.0897815 
0.0100157 -0.0183716 -0.000316344 0.00036953 -0.0183716 0.0898628 0.000374084 -0.000932307 -0.000316344 0.000374084 0.0100067 -0.0183273 0.00036953 -0.000932307 -0.0183273 0.0897617 
0.00999317 -0.0183367 -0.000350916 0.000399795 -0.0183367 0.0898067 0.000403628 -0.000982377 -0.000350916 0.000403628 0.0100208 -0.0183616 0.000399795 -0.000982377 -0.0183616 0.0898254 
0.00995345 -0.0183109 -0.000362138 0.000439333 -0.0183109 0.0897352 0.000443198 -0.00106652 -0.000362138 0.000443198 0.0100435 -0.0183722 0.000439333 -0.00106652 -0.0183722 0.0898657 
0.00996719 -0.0182818 -0.000354321 0.000436307 -0.0182818 0.0896864 0.000439244 -0.00108127 -0.000354321 0.000439244 0.0100444 -0.0183923 0.000436307 -0.00108127 -0.0183923 0.089907 
0.00999885 -0.0183098 -0.000367618 0.000446048 -0.0183098 0.0897163 0.000448651 -0.00111897 -0.000367618 0.000448651 0.0100264 -0.0183828 0.000446048 -0.00111897 -0.0183828 0.0899009 
0.0100391 -0.0183463 -0.000376054 0.000468962 -0.0183463 0.0897894 0.000473175 -0.00117541 -0.000376054 0.000473175 0.00999216 -0.0183588 0.000468962 -0.00117541 -0.0183588 0.089853 
0.0100816 -0.0184009 -0.000373744 0.000472538 -0.0184009 0.0899146 0.000475746 -0.00119816 -0.000373744 0.000475746 0.00997124 -0.018324 0.000472538 -0.00119816 -0.018324 0.0897908 
0.0100898 -0.0184409 -0.000379837 0.000466576 -0.0184409 0.090018 0.000463136 -0.00118339 -0.000379837 0.000463136 0.00998406 -0.0183135 0.000466576 -0.00118339 -0.0183135 0.0897601 
0.0100847 -0.0184646 -0.000368394 0.000461709 -0.0184646 0.0901122 0.000451756 -0.00114413 -0.000368394 0.000451756 0.0100049 -0.018321 0.000461709 -0.00114413 -0.018321 0.0897495 
0.0100877 -0.0184515 -0.000370153 0.000470901 -0.0184515 0.0901162 0.000462962 -0.00116987 -0.000370153 0.000462962 0.0100094 -0.0183537 0.000470901 -0.00116987 -0.0183537 0.089813 
0.0101194 -0.0184677 -0.000375365 0.000445483 -0.0184677 0.0901539 0.000445986 -0.00112186 -0.000375365 0.000445986 0.0100211 -0.0183633 0.000445483 -0.00112186 -0.0183633 0.0898666 
0.0101299 -0.0184989 -0.000376668 0.000451397 -0.0184989 0.0902081 0.000458633 -0.00111462 -0.000376668 0.000458633 0.0100272 -0.0183724 0.000451397 -0.00111462 -0.0183724 0.0898806 
0.0101247 -0.0185249 -0.000360908 0.000439576 -0.0185249 0.090289 0.000445695 -0.00108347 -0.000360908 0.000445695 0.0100648 -0.0183839 0.000439576 -0.00108347 -0.0183839 0.0899168 
0.0101341 -0.0185205 -0.000375723 0.000460781 -0.0185205 0.0903106 0.000460776 -0.00113907 -0.000375723 0.000460776 0.0100746 -0.0184282 0.000460781 -0.00113907 -0.0184282 0.0900023 
0.0101159 -0.0185185 -0.000375123 0.000476725 -0.0185185 0.0902869 0.000475251 -0.00117914 -0.000375123 0.000475251 0.0100928 -0.0184482 0.000476725 -0.00117914 -0.0184482 0.0900847 
0.0100986 -0.0185035 -0.000396931 0.0004671 -0.0185035 0.0902681 0.000465597 -0.00117286 -0.000396931 0.000465597 0.0100963 -0.0184668 0.0004671 -0.00117286 -0.0184668 0.0901347 
0.0100869 -0.0184944 -0.000408421 0.00048984 -0.0184944 0.0902579 0.000486538 -0.00119384 -0.000408421 0.000486538 0.0100982 -0.0184612 0.00048984 -0.00119384 -0.0184612 0.0901364 
0.0100772 -0.0184412 -0.000411533 0.00049993 -0.0184412 0.0901282 0.00049687 -0.0012202 -0.000411533 0.00049687 0.0101069 -0.0184965 0.00049993 -0.0012202 -0.0184965 0.0902218 
0.010081 -0.0184146 -0.000413596 0.000514348 -0.0184146 0.0900169 0.000517227 -0.00127366 -0.000413596 0.000517227 0.0101206 -0.0185225 0.000514348 -0.00127366 -0.0185225 0.0903152 
0.0100827 -0.0184478 -0.000426117 0.000520859 -0.0184478 0.0900588 0.000526541 -0.00131475 -0.000426117 0.000526541 0.0101261 -0.0185046 0.000520859 -0.00131475 -0.0185046 0.0902781 
0.0100901 -0.018474 -0.000441078 0.000535094 -0.018474 0.0901527 0.000538168 -0.00134335 -0.000441078 0.000538168 0.0101298 -0.0184917 0.000535094 -0.00134335 -0.0184917 0.0902176 
0.0101014 -0.0184827 -0.000451124 0.000551141 -0.0184827 0.0902004 0.000550069 -0.00136995 -0.000451124 0.000550069 0.0101213 -0.0185015 0.000551141 -0.00136995 -0.0185015 0.090218 
0.010128 -0.01849 -0.000439133 0.000544193 -0.01849 0.0902234 0.000537877 -0.00134428 -0.000439133 0.000537877 0.0101223 -0.0185124 0.000544193 -0.00134428 -0.0185124 0.0902658 
0.0101162 -0.0184986 -0.000451561 0.000560426 -0.0184986 0.0902161 0.000553721 -0.00138834 -0.000451561 0.000553721 0.0101236 -0.0185128 0.000560426 -0.00138834 -0.0185128 0.0902721 
0.0101361 -0.0184978 -0.00043821 0.000551492 -0.0184978 0.0902344 0.000547647 -0.00136984 -0.00043821 0.000547647 0.0101099 -0.0185166 0.000551492 -0.00136984 -0.0185166 0.0902848 
0.0101516 -0.0185447 -0.000418564 0.000531396 -0.0185447 0.090337 0.000529626 -0.00132818 -0.000418564 0.000529626 0.0101075 -0.0184863 0.000531396 -0.00132818 -0.0184863 0.0902333 
0.0101738 -0.0185683 -0.000445896 0.000520294 -0.0185683 0.0904259 0.000517898 -0.00130739 -0.000445896 0.000517898 0.0101243 -0.018492 0.000520294 -0.00130739 -0.018492 0.0902346 
0.0101631 -0.0185668 -0.000465741 0.000544646 -0.0185668 0.0904206 0.000545921 -0.00133103 -0.000465741 0.000545921 0.0101642 -0.0185375 0.000544646 -0.00133103 -0.0185375 0.0903327 
0.0101755 -0.018553 -0.000451629 0.000565403 -0.018553 0.0903932 0.000570533 -0.00138086 -0.000451629 0.000570533 0.0101646 -0.0185849 0.000565403 -0.00138086 -0.0185849 0.0904468 
0.0101859 -0.018581 -0.000433742 0.000542228 -0.018581 0.0904346 0.00054974 -0.00136034 -0.000433742 0.00054974 0.010136 -0.0185662 0.000542228 -0.00136034 -0.0185662 0.0904402 
0.0101795 -0.0185906 -0.000420902 0.000534662 -0.0185906 0.0904624 0.000544342 -0.00134982 -0.000420902 0.000544342 0.010089 -0.0185156 0.000534662 -0.00134982 -0.0185156 0.090332 
0.0101865 -0.0185919 -0.000401432 0.000505985 -0.0185919 0.0904873 0.000514195 -0.00128309 -0.000401432 0.000514195 0.0100498 -0.0184502 0.000505985 -0.00128309 -0.0184502 0.090173 
0.0101462 -0.0185758 -0.000399051 0.00050184 -0.0185758 0.0904379 0.000507439 -0.00126423 -0.000399051 0.000507439 0.0100412 -0.0184096 0.00050184 -0.00126423 -0.0184096 0.0900492 
0.0101309 -0.0185427 -0.00041065 0.000501655 -0.0185427 0.090388 0.000506083 -0.00126591 -0.00041065 0.000506083 0.0100578 -0.0183989 0.000501655 -0.00126591 -0.0183989 0.0899976 
0.0101211 -0.0185253 -0.000424684 0.00050697 -0.0185253 0.0903401 0.000509213 -0.00126583 -0.000424684 0.000509213 0.0100861 -0.0184249 0.00050697 -0.00126583 -0.0184249 0.0900275 
0.0101172 -0.0184958 -0.000422032 0.000524156 -0.0184958 0.0902497 0.000526859 -0.00129514 -0.000422032 0.000526859 0.0100916 -0.0184622 0.000524156 -0.00129514 -0.0184622 0.0901037 
0.0101026 -0.0184712 -0.000430244 0.000531066 -0.0184712 0.09015 0.000533173 -0.00133276 -0.000430244 0.000533173 0.0100917 -0.0184838 0.000531066 -0.00133276 -0.0184838 0.0901905 
0.0101093 -0.0184647 -0.000433654 0.000543298 -0.0184647 0.090115 0.000542356 -0.00136109 -0.000433654 0.000542356 0.0100684 -0.0184778 0.000543298 -0.00136109 -0.0184778 0.0902117 
0.0101123 -0.0184776 -0.000420999 0.000551377 -0.0184776 0.0901349 0.000547115 -0.00138616 -0.000420999 0.000547115 0.0100669 -0.018448 0.000551377 -0.00138616 -0.018448 0.0901655 
0.0101112 -0.0184961 -0.000411012 0.00053727 -0.0184961 0.0901885 0.00053419 -0.00137418 -0.000411012 0.00053419 0.0100428 -0.0184116 0.00053727 -0.00137418 -0.0184116 0.0900375 
0.0100984 -0.0185008 -0.000390941 0.00048296 -0.0185008 0.0902239 0.000483666 -0.00124356 -0.000390941 0.000483666 0.0100512 -0.0183883 0.00048296 -0.00124356 -0.0183883 0.0899648 
0.0100591 -0.0184702 -0.000389447 0.000474614 -0.0184702 0.0901718 0.000476628 -0.00119118 -0.000389447 0.000476628 0.010084 -0.0184077 0.000474614 -0.00119118 -0.0184077 0.089977 
0.0100391 -0.0184111 -0.000394517 0.000494586 -0.0184111 0.0900451 0.000494358 -0.00122607 -0.000394517 0.000494358 0.0100894 -0.0184606 0.000494586 -0.00122607 -0.0184606 0.0900856 
0.0100253 -0.0183842 -0.000404374 0.000504087 -0.0183842 0.0899485 0.00050064 -0.00125707 -0.000404374 0.00050064 0.0100934 -0.0184632 0.000504087 -0.00125707 -0.0184632 0.0901306 
0.0100241 -0.0183739 -0.00040007 0.000500587 -0.0183739 0.0899064 0.000496526 -0.00124489 -0.00040007 0.000496526 0.0100854 -0.0184625 0.000500587 -0.00124489 -0.0184625 0.0901335 
0.0100391 -0.0183949 -0.000390541 0.000501278 -0.0183949 0.0899533 0.000498686 -0.00125055 -0.000390541 0.000498686 0.0100719 -0.0184356 0.000501278 -0.00125055 -0.0184356 0.0900735 
