0.00700218 0 -0.000359644 0 0 0.01 0 0 -0.000359644 0 0.00762061 0 0 0 0 0.01 
0.00993998 -0.0123471 -0.000433457 0.000534112 -0.0123471 0.0328491 0.000534112 -0.00102384 -0.000433457 0.000534112 0.0106772 -0.013256 0.000534112 -0.00102384 -0.013256 0.0345918 
0.01002 -0.0188371 -0.000316955 0.000582357 -0.0188371 0.0694004 0.000582357 -0.00185354 -0.000316955 0.000582357 0.0106693 -0.0198856 0.000582357 -0.00185354 -0.0198856 0.072741 
0.00948268 -0.0186285 -0.000255337 0.000369369 -0.0186285 0.0837794 0.000370148 -0.00136532 -0.000255337 0.000370148 0.010087 -0.019421 0.000369369 -0.00136532 -0.019421 0.0864898 
0.0094431 -0.0179567 -0.000243779 0.000278814 -0.0179567 0.0872173 0.000277855 -0.000788774 -0.000243779 0.000277855 0.0100914 -0.0186997 0.000278814 -0.000788774 -0.0186997 0.0892162 
0.00957344 -0.0178048 -0.000280828 0.000323809 -0.0178048 0.0880905 0.000322158 -0.000738819 -0.000280828 0.000322158 0.0102717 -0.0186595 0.000323809 -0.000738819 -0.0186595 0.0900911 
0.00967343 -0.0178667 -0.000298651 0.00038584 -0.0178667 0.0884868 0.000385269 -0.00089325 -0.000298651 0.000385269 0.010409 -0.0188028 0.00038584 -0.00089325 -0.0188028 0.0907405 
0.00972757 -0.017941 -0.000267931 0.000378599 -0.017941 0.0887099 0.000382859 -0.000940289 -0.000267931 0.000382859 0.0104285 -0.0188786 0.000378599 -0.000940289 -0.0188786 0.0910566 
0.00975226 -0.0180026 -0.000243071 0.000338133 -0.0180026 0.0888728 0.000342153 -0.000894612 -0.000243071 0.000342153 0.0104475 -0.0188721 0.000338133 -0.000894612 -0.0188721 0.0911338 
0.00975377 -0.0180509 -0.000255287 0.000329127 -0.0180509 0.0890161 0.000328263 -0.000870549 -0.000255287 0.000328263 0.0104501 -0.0188527 0.000329127 -0.000870549 -0.0188527 0.0910525 
0.00974097 -0.0180496 -0.000248967 0.000309215 -0.0180496 0.0890629 0.000300781 -0.000779584 -0.000248967 0.000300781 0.0104585 -0.018873 0.000309215 -0.000779584 -0.018873 0.0910663 
0.00974412 -0.0180455 -0.000248001 0.000299139 -0.0180455 0.0890814 0.000290965 -0.000730289 -0.000248001 0.000290965 0.0104577 -0.0188888 0.000299139 -0.000730289 -0.0188888 0.0911127 
0.00974659 -0.0180405 -0.00024992 0.000298437 -0.0180405 0.0890744 0.000294777 -0.000718208 -0.00024992 0.000294777 0.0104417 -0.0189045 0.000298437 -0.000718208 -0.0189045 0.0911759 
0.00976245 -0.0180624 -0.000259367 0.000304863 -0.0180624 0.0891355 0.000305736 -0.000737102 -0.000259367 0.000305736 0.0104214 -0.018883 0.000304863 -0.000737102 -0.018883 0.0911703 
0.00976575 -0.0180564 -0.000263568 0.000307792 -0.0180564 0.0891296 0.000308969 -0.00074127 -0.000263568 0.000308969 0.0104178 -0.0188858 0.000307792 -0.00074127 -0.0188858 0.0912015 
0.00975431 -0.0180491 -0.000255422 0.000312679 -0.0180491 0.089101 0.000312394 -0.000749896 -0.000255422 0.000312394 0.0104332 -0.0188885 0.000312679 -0.000749896 -0.0188885 0.0912273 
0.00976153 -0.0180624 -0.000248142 0.000315667 -0.0180624 0.0891393 0.000316388 -0.000774434 -0.000248142 0.000316388 0.0104073 -0.018869 0.000315667 -0.000774434 -0.018869 0.0911566 
0.00975978 -0.0180508 -0.000236855 0.000299995 -0.0180508 0.0891164 0.000300499 -0.000750543 -0.000236855 0.000300499 0.0104097 -0.0188603 0.000299995 -0.000750543 -0.0188603 0.091145 
0.00975465 -0.0180533 -0.000239057 0.000295807 -0.0180533 0.0891096 0.000294011 -0.000739002 -0.000239057 0.000294011 0.010394 -0.0188386 0.000295807 -0.000739002 -0.0188386 0.091068 
0.00972235 -0.0180537 -0.0002241 0.000295796 -0.0180537 0.0891202 0.00029091 -0.00073025 -0.0002241 0.00029091 0.0104024 -0.0188184 0.000295796 -0.00073025 -0.0188184 0.0910062 
0.00970951 -0.0179975 -0.000219689 0.000274521 -0.0179975 0.0890176 0.000266766 -0.000686632 -0.000219689 0.000266766 0.0103911 -0.0188434 0.000274521 -0.000686632 -0.0188434 0.0910388 
0.00969661 -0.0179698 -0.000210801 0.000269235 -0.0179698 0.0889147 0.000262381 -0.000660395 -0.000210801 0.000262381 0.0103983 -0.0188468 0.000269235 -0.000660395 -0.0188468 0.0910899 
0.00970773 -0.0179758 -0.000210669 0.000277788 -0.0179758 0.0889095 0.000275353 -0.000691533 -0.000210669 0.000275353 0.0103889 -0.0188256 0.000277788 -0.000691533 -0.0188256 0.0910372 
0.00972905 -0.0179941 -0.00022401 0.000257979 -0.0179941 0.0889439 0.00025864 -0.000658116 -0.00022401 0.00025864 0.0103707 -0.0188108 0.000257979 -0.000658116 -0.0188108 0.090989 
0.00975202 -0.0180002 -0.000256615 0.000284899 -0.0180002 0.088949 0.000287908 -0.000700373 -0.000256615 0.000287908 0.0103569 -0.0188155 0.000284899 -0.000700373 -0.0188155 0.091012 
0.00976279 -0.0180353 -0.000262763 0.000316948 -0.0180353 0.0890133 0.000322759 -0.000767714 -0.000262763 0.000322759 0.0103287 -0.0187913 0.000316948 -0.000767714 -0.0187913 0.0909747 
0.00977151 -0.01804 -0.00026622 0.000336705 -0.01804 0.0890436 0.000343343 -0.000845248 -0.00026622 0.000343343 0.0103081 -0.0187705 0.000336705 -0.000845248 -0.0187705 0.0909442 
0.00975554 -0.0180451 -0.000268171 0.000338333 -0.0180451 0.0890556 0.000345015 -0.000871525 -0.000268171 0.000345015 0.0103257 -0.0187491 0.000338333 -0.000871525 -0.0187491 0.0909021 
0.0097483 -0.0180542 -0.000258437 0.000324046 -0.0180542 0.0891038 0.000329198 -0.000830785 -0.000258437 0.000329198 0.0103365 -0.0187347 0.000324046 -0.000830785 -0.0187347 0.0908178 
0.00976605 -0.018052 -0.000254219 0.00031456 -0.018052 0.0891213 0.000316301 -0.00079621 -0.000254219 0.000316301 0.0103336 -0.0187477 0.00031456 -0.00079621 -0.0187477 0.0908143 
0.00976359 -0.0180532 -0.00025107 0.000330806 -0.0180532 0.0890981 0.000328285 -0.000823584 -0.00025107 0.000328285 0.0103076 -0.0187464 0.000330806 -0.000823584 -0.0187464 0.0908117 
0.00973824 -0.0180691 -0.000260434 0.00033293 -0.0180691 0.0891408 0.000327804 -0.000842114 -0.000260434 0.000327804 0.0102945 -0.0186933 0.00033293 -0.000842114 -0.0186933 0.0906993 
0.00972286 -0.01803 -0.000255329 0.000324914 -0.01803 0.0890904 0.000318579 -0.000813521 -0.000255329 0.000318579 0.0102728 -0.0186754 0.000324914 -0.000813521 -0.0186754 0.0906123 
0.00974261 -0.0180007 -0.000229221 0.000310211 -0.0180007 0.0890029 0.00030413 -0.000771528 -0.000229221 0.00030413 0.010216 -0.0186492 0.000310211 -0.000771528 -0.0186492 0.0905418 
0.00976494 -0.0180229 -0.000204235 0.000265511 -0.0180229 0.089001 0.000261168 -0.000674758 -0.000204235 0.000261168 0.0101913 -0.0185794 0.000265511 -0.000674758 -0.0185794 0.0904059 
0.00976371 -0.0180246 -0.000208496 0.000254702 -0.0180246 0.0889808 0.000252182 -0.000640866 -0.000208496 0.000252182 0.0101965 -0.0185644 0.000254702 -0.000640866 -0.0185644 0.090336 
0.00977707 -0.0180213 -0.000221139 0.000262603 -0.0180213 0.088963 0.000263135 -0.000649913 -0.000221139 0.000263135 0.0102076 -0.0185787 0.000262603 -0.000649913 -0.0185787 0.090351 
0.00976414 -0.0180428 -0.00023923 0.000303066 -0.0180428 0.0889938 0.000303627 -0.00074562 -0.00023923 0.000303627 0.010221 -0.0185886 0.000303066 -0.00074562 -0.0185886 0.0903722 
0.0097533 -0.0180272 -0.000249521 0.000318771 -0.0180272 0.0889847 0.00031361 -0.000795819 -0.000249521 0.00031361 0.0101911 -0.0185925 0.000318771 -0.000795819 -0.0185925 0.0903666 
0.00972054 -0.0180323 -0.000262277 0.000326617 -0.0180323 0.0890089 0.000319666 -0.000819808 -0.000262277 0.000319666 0.0102061 -0.0185537 0.000326617 -0.000819808 -0.0185537 0.0903153 
0.0096909 -0.0179863 -0.000267032 0.000316406 -0.0179863 0.0889459 0.000314738 -0.000791318 -0.000267032 0.000314738 0.0102454 -0.0185849 0.000316406 -0.000791318 -0.0185849 0.0903534 
0.00968201 -0.0179481 -0.000230608 0.000317729 -0.0179481 0.0888469 0.000322847 -0.000786134 -0.000230608 0.000322847 0.0102519 -0.0186264 0.000317729 -0.000786134 -0.0186264 0.0904318 
0.00970873 -0.0179241 -0.000209563 0.00027907 -0.0179241 0.0887509 0.000286447 -0.000738596 -0.000209563 0.000286447 0.0102098 -0.0186434 0.00027907 -0.000738596 -0.0186434 0.0905059 
0.00971157 -0.0179522 -0.000179499 0.000249786 -0.0179522 0.0887566 0.000256793 -0.000659098 -0.000179499 0.000256793 0.0101905 -0.0185976 0.000249786 -0.000659098 -0.0185976 0.0904707 
0.00971541 -0.0179828 -0.000165539 0.000206321 -0.0179828 0.0888459 0.000207495 -0.000545925 -0.000165539 0.000207495 0.010168 -0.0185395 0.000206321 -0.000545925 -0.0185395 0.0903111 
0.00969183 -0.0179499 -0.000168083 0.000198985 -0.0179499 0.0887875 0.000191138 -0.000488264 -0.000168083 0.000191138 0.0101725 -0.0185398 0.000198985 -0.000488264 -0.0185398 0.0902775 
0.00968026 -0.0179303 -0.000168826 0.000204295 -0.0179303 0.0887376 0.000192298 -0.000476212 -0.000168826 0.000192298 0.0101806 -0.018534 0.000204295 -0.000476212 -0.018534 0.090251 
0.00968733 -0.0179097 -0.000165771 0.000218396 -0.0179097 0.0886761 0.000208172 -0.000514626 -0.000165771 0.000208172 0.0101704 -0.0185434 0.000218396 -0.000514626 -0.0185434 0.0902521 
0.00969621 -0.0178856 -0.00018886 0.000224444 -0.0178856 0.0885753 0.000223479 -0.000565468 -0.00018886 0.000223479 0.0101426 -0.0185519 0.000224444 -0.000565468 -0.0185519 0.0902869 
0.00970514 -0.0178984 -0.000188813 0.000238597 -0.0178984 0.0885616 0.000246351 -0.000599308 -0.000188813 0.000246351 0.0101043 -0.0185098 0.000238597 -0.000599308 -0.0185098 0.09022 
0.00972008 -0.0179613 -0.000192151 0.000244005 -0.0179613 0.0887224 0.000255745 -0.00063782 -0.000192151 0.000255745 0.0100752 -0.0184167 0.000244005 -0.00063782 -0.0184167 0.0899918 
0.00969424 -0.0179696 -0.000178573 0.000238441 -0.0179696 0.0887914 0.000245734 -0.00062804 -0.000178573 0.000245734 0.0100821 -0.0183832 0.000238441 -0.00062804 -0.0183832 0.0898422 
0.0096857 -0.0179361 -0.000166338 0.000221154 -0.0179361 0.0887625 0.000220989 -0.000585554 -0.000166338 0.000220989 0.0100963 -0.0183996 0.000221154 -0.000585554 -0.0183996 0.0898307 
0.00967128 -0.017911 -0.000144438 0.000200487 -0.017911 0.0886824 0.000197059 -0.000522599 -0.000144438 0.000197059 0.0101116 -0.0184224 0.000200487 -0.000522599 -0.0184224 0.0898719 
0.00967404 -0.0179135 -0.000111684 0.00015891 -0.0179135 0.0886799 0.000156408 -0.000416697 -0.000111684 0.000156408 0.0101281 -0.0184356 0.00015891 -0.000416697 -0.0184356 0.0899145 
0.00967801 -0.0179066 -0.000112656 0.000139748 -0.0179066 0.0886626 0.000137941 -0.000366979 -0.000112656 0.000137941 0.0101539 -0.0184738 0.000139748 -0.000366979 -0.0184738 0.0900115 
0.00965997 -0.0178868 -0.000126753 0.000163589 -0.0178868 0.0885922 0.000165112 -0.000410725 -0.000126753 0.000165112 0.0101642 -0.018523 0.000163589 -0.000410725 -0.018523 0.0901473 
0.00968133 -0.0178949 -0.000150379 0.00015845 -0.0178949 0.0886161 0.000165672 -0.000410058 -0.000150379 0.000165672 0.010163 -0.0185326 0.00015845 -0.000410058 -0.0185326 0.0902281 
0.00971549 -0.0179423 -0.000195325 0.000209495 -0.0179423 0.0887225 0.000219299 -0.000516708 -0.000195325 0.000219299 0.0101412 -0.0185108 0.000209495 -0.000516708 -0.0185108 0.0901984 
0.00974114 -0.0179827 -0.000218068 0.000244618 -0.0179827 0.0888326 0.000253235 -0.000599449 -0.000218068 0.000253235 0.0101113 -0.0184855 0.000244618 -0.000599449 -0.0184855 0.0901419 
0.00975384 -0.0180413 -0.000239705 0.000268945 -0.0180413 0.0889995 0.000272367 -0.000659797 -0.000239705 0.000272367 0.0101098 -0.0184311 0.000268945 -0.000659797 -0.0184311 0.0900182 
0.00972227 -0.0180121 -0.000241155 0.000300627 -0.0180121 0.0889665 0.000296406 -0.000724417 -0.000241155 0.000296406 0.0101609 -0.0184599 0.000300627 -0.000724417 -0.0184599 0.0900389 
0.00968276 -0.0179562 -0.000220704 0.000288047 -0.0179562 0.0888315 0.000278102 -0.000705206 -0.000220704 0.000278102 0.0101985 -0.0185314 0.000288047 -0.000705206 -0.0185314 0.0901741 
0.00966868 -0.0179154 -0.000203551 0.000286479 -0.0179154 0.0887161 0.000278064 -0.000716669 -0.000203551 0.000278064 0.0102158 -0.0185731 0.000286479 -0.000716669 -0.0185731 0.0902991 
0.00967278 -0.0179002 -0.000213897 0.000274044 -0.0179002 0.0886551 0.000271261 -0.000719793 -0.000213897 0.000271261 0.0102265 -0.0186041 0.000274044 -0.000719793 -0.0186041 0.0904088 
0.00966645 -0.0179109 -0.000207719 0.000278171 -0.0179109 0.0886591 0.000280069 -0.000718608 -0.000207719 0.000280069 0.0102282 -0.0186078 0.000278171 -0.000718608 -0.0186078 0.0904372 
0.00966299 -0.0179193 -0.000194194 0.00025224 -0.0179193 0.0886974 0.000253344 -0.000655787 -0.000194194 0.000253344 0.0102193 -0.0185936 0.00025224 -0.000655787 -0.0185936 0.090402 
0.00968169 -0.0179228 -0.000176962 0.000231414 -0.0179228 0.0887249 0.000231105 -0.000590677 -0.000176962 0.000231105 0.0101827 -0.0185729 0.000231414 -0.000590677 -0.0185729 0.090344 
0.00970442 -0.0179248 -0.000153877 0.000212724 -0.0179248 0.0887143 0.00021341 -0.000541429 -0.000153877 0.00021341 0.0101528 -0.0185441 0.000212724 -0.000541429 -0.0185441 0.0902943 
0.00971149 -0.0179316 -0.000139546 0.000186548 -0.0179316 0.0886959 0.000187694 -0.000484131 -0.000139546 0.000187694 0.0101392 -0.0185221 0.000186548 -0.000484131 -0.0185221 0.0902535 
0.00969257 -0.0179315 -0.000127422 0.000179233 -0.0179315 0.0886824 0.000178754 -0.000458941 -0.000127422 0.000178754 0.0101664 -0.0185164 0.000179233 -0.000458941 -0.0185164 0.0902409 
0.0096615 -0.0179041 -0.00012054 0.000154744 -0.0179041 0.0886287 0.00015118 -0.000399501 -0.00012054 0.00015118 0.0101923 -0.0185499 0.000154744 -0.000399501 -0.0185499 0.0902859 
0.00965469 -0.0178652 -0.000145423 0.000170965 -0.0178652 0.088541 0.000167004 -0.000424691 -0.000145423 0.000167004 0.0102012 -0.018585 0.000170965 -0.000424691 -0.018585 0.0903743 
0.00966605 -0.0178787 -0.000158977 0.00017576 -0.0178787 0.0885521 0.000176936 -0.000426647 -0.000158977 0.000176936 0.0101982 -0.0185826 0.00017576 -0.000426647 -0.0185826 0.0903928 
0.00966316 -0.0179118 -0.000189664 0.000219582 -0.0179118 0.0886378 0.000221898 -0.000533809 -0.000189664 0.000221898 0.0102137 -0.0185637 0.000219582 -0.000533809 -0.0185637 0.0903473 
0.00965723 -0.0179316 -0.000191399 0.000234021 -0.0179316 0.0887335 0.000235577 -0.000574493 -0.000191399 0.000235577 0.0102349 -0.0185684 0.000234021 -0.000574493 -0.0185684 0.0903192 
0.00966747 -0.0179331 -0.000184812 0.000235023 -0.0179331 0.0887801 0.000233868 -0.000582797 -0.000184812 0.000233868 0.0102461 -0.0185874 0.000235023 -0.000582797 -0.0185874 0.090334 
0.00970782 -0.0179451 -0.000195348 0.000235467 -0.0179451 0.0888123 0.000229998 -0.000588659 -0.000195348 0.000229998 0.0102266 -0.0186074 0.000235467 -0.000588659 -0.0186074 0.090383 
0.0097109 -0.0179583 -0.00018628 0.000220351 -0.0179583 0.0888067 0.000212406 -0.000532608 -0.00018628 0.000212406 0.0102431 -0.0186277 0.000220351 -0.000532608 -0.0186277 0.0904885 
0.00972158 -0.0179416 -0.000166833 0.000213146 -0.0179416 0.0887604 0.000207649 -0.000508088 -0.000166833 0.000207649 0.0102386 -0.0186665 0.000213146 -0.000508088 -0.0186665 0.0906031 
0.00972305 -0.0179742 -0.00018441 0.000227976 -0.0179742 0.0888133 0.000229445 -0.000574159 -0.00018441 0.000229445 0.010256 -0.0186504 0.000227976 -0.000574159 -0.0186504 0.09062 
0.00970615 -0.0179738 -0.000207783 0.000238346 -0.0179738 0.0888365 0.000246698 -0.000610779 -0.000207783 0.000246698 0.0103038 -0.0186762 0.000238346 -0.000610779 -0.0186762 0.0906631 
0.00972501 -0.0179666 -0.000243659 0.000276553 -0.0179666 0.0888457 0.000283791 -0.000695825 -0.000243659 0.000283791 0.0103155 -0.0187257 0.000276553 -0.000695825 -0.0187257 0.0907494 
0.00973258 -0.0180014 -0.000276302 0.000330932 -0.0180014 0.0889122 0.0003338 -0.000820575 -0.000276302 0.0003338 0.0103256 -0.0187336 0.000330932 -0.000820575 -0.0187336 0.090793 
0.00972987 -0.0180371 -0.000253103 0.000356035 -0.0180371 0.0890328 0.000358272 -0.000892624 -0.000253103 0.000358272 0.0103307 -0.0187242 0.000356035 -0.000892624 -0.0187242 0.0907618 
0.00972578 -0.0180493 -0.000230853 0.000314445 -0.0180493 0.0891218 0.000315344 -0.00084071 -0.000230853 0.000315344 0.0103659 -0.018734 0.000314445 -0.00084071 -0.018734 0.090773 
0.00971305 -0.0180018 -0.000219923 0.000287633 -0.0180018 0.0890259 0.000284547 -0.000761688 -0.000219923 0.000284547 0.0103861 -0.0188023 0.000287633 -0.000761688 -0.0188023 0.0909058 
0.00971569 -0.0179886 -0.000220935 0.000268771 -0.0179886 0.0889651 0.000263792 -0.000691901 -0.000220935 0.000263792 0.0104075 -0.0188363 0.000268771 -0.000691901 -0.0188363 0.0910342 
0.00972002 -0.0179824 -0.000232232 0.000272562 -0.0179824 0.0889204 0.00026638 -0.000670532 -0.000232232 0.00026638 0.0104113 -0.0188665 0.000272562 -0.000670532 -0.0188665 0.0911274 
0.00974699 -0.0179999 -0.000236194 0.000274819 -0.0179999 0.0889462 0.000269245 -0.000656986 -0.000236194 0.000269245 0.0103686 -0.0188595 0.000274819 -0.000656986 -0.0188595 0.0911375 
0.00975161 -0.0180351 -0.000210946 0.000266857 -0.0180351 0.0890181 0.000264806 -0.000632545 -0.000210946 0.000264806 0.0103107 -0.0187941 0.000266857 -0.000632545 -0.0187941 0.0910118 
0.00972321 -0.0180397 -0.000209451 0.000269654 -0.0180397 0.0890588 0.000271722 -0.000668154 -0.000209451 0.000271722 0.0102923 -0.0187161 0.000269654 -0.000668154 -0.0187161 0.090825 
0.00972592 -0.018013 -0.000220643 0.000279338 -0.018013 0.0890393 0.000283495 -0.000710835 -0.000220643 0.000283495 0.0102837 -0.0186813 0.000279338 -0.000710835 -0.0186813 0.090682 
0.00974473 -0.0179885 -0.000220405 0.000261128 -0.0179885 0.088946 0.000264593 -0.000663621 -0.000220405 0.000264593 0.0102807 -0.018688 0.000261128 -0.000663621 -0.018688 0.0906618 
0.00974028 -0.0180149 -0.000217783 0.00026518 -0.0180149 0.0889521 0.000262401 -0.000646894 -0.000217783 0.000262401 0.0102875 -0.0186796 0.00026518 -0.000646894 -0.0186796 0.0906388 
0.00975144 -0.0180195 -0.000228554 0.000294737 -0.0180195 0.0889836 0.000285431 -0.000717794 -0.000228554 0.000285431 0.0102664 -0.0186755 0.000294737 -0.000717794 -0.0186755 0.0906048 
0.00973163 -0.0180072 -0.000199744 0.000280473 -0.0180072 0.088947 0.000271539 -0.000694186 -0.000199744 0.000271539 0.0102779 -0.0186823 0.000280473 -0.000694186 -0.0186823 0.0906476 
0.00970103 -0.0179872 -0.000169787 0.000220762 -0.0179872 0.0889073 0.000216134 -0.000569758 -0.000169787 0.000216134 0.0103016 -0.0186898 0.000220762 -0.000569758 -0.0186898 0.0906626 
0.00967427 -0.0179474 -0.000165892 0.000198598 -0.0179474 0.0888263 0.000197619 -0.000501697 -0.000165892 0.000197619 0.010326 -0.0187212 0.000198598 -0.000501697 -0.0187212 0.0907227 
0.00967512 -0.0179166 -0.000198072 0.000204323 -0.0179166 0.0887464 0.000206401 -0.000503681 -0.000198072 0.000206401 0.0103437 -0.0187565 0.000204323 -0.000503681 -0.0187565 0.0908166 
0.00967582 -0.0179329 -0.000219058 0.000240219 -0.0179329 0.0887537 0.000248112 -0.000565812 -0.000219058 0.000248112 0.0103339 -0.0187547 0.000240219 -0.000565812 -0.0187547 0.0908196 
0.00969574 -0.0179526 -0.000189295 0.000266278 -0.0179526 0.0888192 0.000276282 -0.000647354 -0.000189295 0.000276282 0.0102983 -0.0187283 0.000266278 -0.000647354 -0.0187283 0.0907593 
0.00966131 -0.0179602 -0.00016148 0.000242813 -0.0179602 0.088836 0.000248083 -0.000647224 -0.00016148 0.000248083 0.0103064 -0.0186897 0.000242813 -0.000647224 -0.0186897 0.0906754 
0.00964016 -0.0178945 -0.000139681 0.000208175 -0.0178945 0.0887118 0.000206375 -0.000573183 -0.000139681 0.000206375 0.0102835 -0.0187048 0.000208175 -0.000573183 -0.0187048 0.0906622 
0.00962911 -0.0178659 -0.000147965 0.000191989 -0.0178659 0.0886042 0.000187126 -0.000522742 -0.000147965 0.000187126 0.010279 -0.0186832 0.000191989 -0.000522742 -0.0186832 0.0906465 
0.0096441 -0.0178374 -0.000163243 0.000183742 -0.0178374 0.0885004 0.00017776 -0.000472955 -0.000163243 0.00017776 0.0102578 -0.0186856 0.000183742 -0.000472955 -0.0186856 0.0906482 
0.00967863 -0.0178808 -0.00017851 0.000215405 -0.0178808 0.0885573 0.000210223 -0.000521613 -0.00017851 0.000210223 0.0102389 -0.0186424 0.000215405 -0.000521613 -0.0186424 0.0905692 
0.00970811 -0.017917 -0.000186804 0.000228636 -0.017917 0.0886392 0.000227996 -0.0005673 -0.000186804 0.000227996 0.0102176 -0.0186233 0.000228636 -0.0005673 -0.0186233 0.0905028 
0.00973564 -0.0179761 -0.000193206 0.000232799 -0.0179761 0.0887959 0.000237704 -0.000592244 -0.000193206 0.000237704 0.0101959 -0.0185817 0.000232799 -0.000592244 -0.0185817 0.0903955 
0.00970369 -0.0180158 -0.000193588 0.000223552 -0.0180158 0.0889279 0.00023005 -0.000568033 -0.000193588 0.00023005 0.0102227 -0.0185488 0.000223552 -0.000568033 -0.0185488 0.0902931 
0.00965232 -0.0179718 -0.000209577 0.000237602 -0.0179718 0.0889053 0.000242745 -0.000590017 -0.000209577 0.000242745 0.0102554 -0.0185863 0.000237602 -0.000590017 -0.0185863 0.0903194 
0.00964832 -0.017889 -0.000197645 0.000252236 -0.017889 0.0887327 0.000258208 -0.000616994 -0.000197645 0.000258208 0.0102541 -0.018652 0.000252236 -0.000616994 -0.018652 0.0904794 
0.00967416 -0.0178832 -0.000175579 0.00024685 -0.0178832 0.0886459 0.000252291 -0.000629278 -0.000175579 0.000252291 0.0102323 -0.0186495 0.00024685 -0.000629278 -0.0186495 0.090544 
0.00967167 -0.0179093 -0.000174674 0.000229344 -0.0179093 0.0886571 0.000234062 -0.000615216 -0.000174674 0.000234062 0.0102386 -0.0186245 0.000229344 -0.000615216 -0.0186245 0.0905202 
0.00967572 -0.0179132 -0.000178777 0.000221373 -0.0179132 0.0886811 0.000224751 -0.000582816 -0.000178777 0.000224751 0.0102351 -0.018625 0.000221373 -0.000582816 -0.018625 0.0904986 
0.00968717 -0.0179327 -0.000195821 0.000224687 -0.0179327 0.0887337 0.000227113 -0.000574406 -0.000195821 0.000227113 0.0102069 -0.0186065 0.000224687 -0.000574406 -0.0186065 0.0904474 
0.00966656 -0.0179226 -0.00019659 0.000253137 -0.0179226 0.0887122 0.000250536 -0.000618985 -0.00019659 0.000250536 0.0101958 -0.0185889 0.000253137 -0.000618985 -0.0185889 0.090417 
0.00967583 -0.0179165 -0.000176516 0.000235543 -0.0179165 0.088717 0.000229598 -0.000588457 -0.000176516 0.000229598 0.0101814 -0.0185577 0.000235543 -0.000588457 -0.0185577 0.0903371 
0.00970067 -0.0179429 -0.000172212 0.00020132 -0.0179429 0.0887711 0.000196583 -0.000509733 -0.000172212 0.000196583 0.0101573 -0.0185183 0.00020132 -0.000509733 -0.0185183 0.0902148 
0.00970927 -0.0179373 -0.000173546 0.000202543 -0.0179373 0.0887456 0.000201959 -0.000490953 -0.000173546 0.000201959 0.0101361 -0.0185156 0.000202543 -0.000490953 -0.0185156 0.0901891 
0.00970295 -0.017943 -0.000194676 0.000229033 -0.017943 0.0887339 0.000229969 -0.000557182 -0.000194676 0.000229969 0.0101259 -0.0184875 0.000229033 -0.000557182 -0.0184875 0.0901368 
0.00968902 -0.0179372 -0.000214719 0.000269875 -0.0179372 0.0887285 0.000266027 -0.000663111 -0.000214719 0.000266027 0.0101312 -0.018476 0.000269875 -0.000663111 -0.018476 0.0900977 
0.00965669 -0.0179395 -0.00020487 0.000284308 -0.0179395 0.0887467 0.000278873 -0.000714836 -0.00020487 0.000278873 0.0101472 -0.0184594 0.000284308 -0.000714836 -0.0184594 0.0900311 
0.00960935 -0.0178854 -0.000191407 0.000250991 -0.0178854 0.0886559 0.000247289 -0.000659995 -0.000191407 0.000247289 0.0102095 -0.0185051 0.000250991 -0.000659995 -0.0185051 0.090116 
0.00959869 -0.0178166 -0.000194817 0.000230575 -0.0178166 0.0884892 0.000228169 -0.00059795 -0.000194817 0.000228169 0.010244 -0.0185844 0.000230575 -0.00059795 -0.0185844 0.0902803 
0.00958939 -0.0178029 -0.000187329 0.000236386 -0.0178029 0.0883923 0.000232838 -0.000581613 -0.000187329 0.000232838 0.0102717 -0.0186307 0.000236386 -0.000581613 -0.0186307 0.0904315 
0.00959732 -0.0177955 -0.00016399 0.000231412 -0.0177955 0.088355 0.000228176 -0.000573806 -0.00016399 0.000228176 0.0102713 -0.0186614 0.000231412 -0.000573806 -0.0186614 0.0905307 
0.00957664 -0.0177925 -0.000141486 0.000193248 -0.0177925 0.0883231 0.000189532 -0.000499091 -0.000141486 0.000189532 0.0102777 -0.0186717 0.000193248 -0.000499091 -0.0186717 0.090593 
0.00959141 -0.0177979 -0.000132231 0.000173497 -0.0177979 0.0883609 0.000168083 -0.000441312 -0.000132231 0.000168083 0.0102497 -0.0186592 0.000173497 -0.000441312 -0.0186592 0.090575 
0.00960306 -0.017815 -0.000119227 0.000169119 -0.017815 0.0884011 0.000165549 -0.000421876 -0.000119227 0.000165549 0.0102456 -0.0186295 0.000169119 -0.000421876 -0.0186295 0.0905298 
0.00960518 -0.0178279 -0.000115576 0.000146609 -0.0178279 0.088438 0.000147672 -0.000381998 -0.000115576 0.000147672 0.0102389 -0.0186159 0.000146609 -0.000381998 -0.0186159 0.0904699 
0.00962849 -0.0178507 -0.000117903 0.000146223 -0.0178507 0.0885136 0.000149712 -0.00037097 -0.000117903 0.000149712 0.0102258 -0.0186016 0.000146223 -0.00037097 -0.0186016 0.0904266 
0.00966914 -0.0178695 -0.000146386 0.000143312 -0.0178695 0.088563 0.000146464 -0.000361305 -0.000146386 0.000146464 0.0101949 -0.0185952 0.000143312 -0.000361305 -0.0185952 0.0904076 
0.00968972 -0.0179087 -0.00017317 0.000187022 -0.0179087 0.0886322 0.000189209 -0.000432149 -0.00017317 0.000189209 0.0101728 -0.0185669 0.000187022 -0.000432149 -0.0185669 0.0903675 
0.00970757 -0.0179405 -0.000159613 0.000212612 -0.0179405 0.0887229 0.000211643 -0.000497897 -0.000159613 0.000211643 0.0101379 -0.0185287 0.000212612 -0.000497897 -0.0185287 0.0902712 
0.0097211 -0.0179481 -0.000146657 0.00019447 -0.0179481 0.0887506 0.00019229 -0.000492288 -0.000146657 0.00019229 0.0100975 -0.0184901 0.00019447 -0.000492288 -0.0184901 0.0901745 
0.00971252 -0.0179353 -0.000157077 0.000201287 -0.0179353 0.0887053 0.000198157 -0.000517438 -0.000157077 0.000198157 0.0101051 -0.0184639 0.000201287 -0.000517438 -0.0184639 0.0901238 
0.00969773 -0.0179545 -0.000143668 0.000196913 -0.0179545 0.0887488 0.000192228 -0.000499154 -0.000143668 0.000192228 0.0101472 -0.0184474 0.000196913 -0.000499154 -0.0184474 0.0900472 
0.00969093 -0.0179481 -0.000122045 0.000166856 -0.0179481 0.0887675 0.000164601 -0.000434785 -0.000122045 0.000164601 0.0101765 -0.0184825 0.000166856 -0.000434785 -0.0184825 0.0900466 
0.00967543 -0.0179399 -0.000115921 0.000139686 -0.0179399 0.0887582 0.000139347 -0.000365266 -0.000115921 0.000139347 0.0102035 -0.0185265 0.000139686 -0.000365266 -0.0185265 0.0901369 
0.00964128 -0.0178763 -0.000101124 0.00014128 -0.0178763 0.0886036 0.000139146 -0.000347501 -0.000101124 0.000139146 0.0102161 -0.0185936 0.00014128 -0.000347501 -0.0185936 0.0903138 
0.00961481 -0.017827 -9.606e-05 0.000132953 -0.017827 0.0884562 0.000130095 -0.000342966 -9.606e-05 0.000130095 0.010206 -0.0186146 0.000132953 -0.000342966 -0.0186146 0.0904248 
0.00962713 -0.0178255 -8.75714e-05 0.000116334 -0.0178255 0.0884354 0.000112748 -0.000297716 -8.75714e-05 0.000112748 0.0101895 -0.0185828 0.000116334 -0.000297716 -0.0185828 0.0903989 
0.00962761 -0.0178678 -7.54684e-05 0.00011035 -0.0178678 0.0885303 0.000108644 -0.000275603 -7.54684e-05 0.000108644 0.0101912 -0.0185364 0.00011035 -0.000275603 -0.0185364 0.0902764 
0.00960325 -0.0178766 -5.63013e-05 8.80819e-05 -0.0178766 0.0885979 8.75525e-05 -0.000227808 -5.63013e-05 8.75525e-05 0.0102192 -0.0185286 8.80819e-05 -0.000227808 -0.0185286 0.0901991 
0.00959245 -0.017843 -5.15904e-05 7.8636e-05 -0.017843 0.0885631 8.08643e-05 -0.000213379 -5.15904e-05 8.08643e-05 0.0102425 -0.0185695 7.8636e-05 -0.000213379 -0.0185695 0.09025 
0.00960142 -0.0178246 -5.23354e-05 8.07255e-05 -0.0178246 0.0885025 8.40955e-05 -0.000220578 -5.23354e-05 8.40955e-05 0.0102355 -0.0185979 8.07255e-05 -0.000220578 -0.0185979 0.0903218 
0.00959832 -0.0178249 -5.27786e-05 6.34277e-05 -0.0178249 0.0884655 6.49587e-05 -0.000178249 -5.27786e-05 6.49587e-05 0.0102275 -0.0185944 6.34277e-05 -0.000178249 -0.0185944 0.0903489 
0.00959699 -0.0178005 -7.77687e-05 7.08034e-05 -0.0178005 0.0883956 6.97209e-05 -0.000172905 -7.77687e-05 6.97209e-05 0.0102228 -0.018613 7.08034e-05 -0.000172905 -0.018613 0.0904224 
0.00961862 -0.017809 -9.37094e-05 0.000114976 -0.017809 0.0883903 0.000109413 -0.000254587 -9.37094e-05 0.000109413 0.0102113 -0.0186 0.000114976 -0.000254587 -0.0186 0.0904246 
