0.00780511 0 -0.000159073 0 0 0.01 0 0 -0.000159073 0 0.00694829 0 0 0 0 0.01 
0.010914 -0.0135506 -0.000186757 0.000230964 -0.0135506 0.0351563 0.000230964 -0.000443122 -0.000186757 0.000230964 0.00987898 -0.0122725 0.000230964 -0.000443122 -0.0122725 0.0327058 
0.0108061 -0.0202497 -0.000105809 0.000256486 -0.0202497 0.073912 0.000256486 -0.00082023 -0.000105809 0.000256486 0.00999813 -0.0187614 0.000256486 -0.00082023 -0.0187614 0.0691606 
0.0101203 -0.0196172 -7.98958e-05 0.000111788 -0.0196172 0.0873661 0.000124128 -0.000523119 -7.98958e-05 0.000124128 0.00941527 -0.0185251 0.000111788 -0.000523119 -0.0185251 0.0833475 
0.0100922 -0.0187507 -0.000123063 9.1347e-05 -0.0187507 0.0896024 0.000112226 -0.000290579 -0.000123063 0.000112226 0.0093543 -0.0178629 9.1347e-05 -0.000290579 -0.0178629 0.0869153 
0.0103009 -0.0186668 -0.00018173 0.00017099 -0.0186668 0.0902344 0.000188458 -0.00036989 -0.00018173 0.000188458 0.00947142 -0.0177099 0.00017099 -0.00036989 -0.0177099 0.0878758 
0.0104203 -0.0188059 -0.000209317 0.000230903 -0.0188059 0.0907474 0.000239533 -0.000509418 -0.000209317 0.000239533 0.00959702 -0.0177811 0.000230903 -0.000509418 -0.0177811 0.0883218 
0.0104871 -0.0188775 -0.00021206 0.000258709 -0.0188775 0.0910449 0.000256913 -0.00060081 -0.00021206 0.000256913 0.00966903 -0.0178769 0.000258709 -0.00060081 -0.0178769 0.0885881 
0.0105306 -0.0189366 -0.000205017 0.000267334 -0.0189366 0.0912099 0.000259978 -0.000647724 -0.000205017 0.000259978 0.00969855 -0.017924 0.000267334 -0.000647724 -0.017924 0.0886999 
0.0105199 -0.0189598 -0.000188525 0.000261731 -0.0189598 0.0912558 0.000252898 -0.000653501 -0.000188525 0.000252898 0.00972839 -0.0179782 0.000261731 -0.000653501 -0.0179782 0.0888305 
0.0105134 -0.0189571 -0.000176507 0.00023617 -0.0189571 0.0912768 0.000231044 -0.000606326 -0.000176507 0.000231044 0.00974284 -0.0180271 0.00023617 -0.000606326 -0.0180271 0.0889728 
0.0104976 -0.0189533 -0.00016719 0.000204099 -0.0189533 0.0912738 0.000203136 -0.00052167 -0.00016719 0.000203136 0.00974044 -0.0180475 0.000204099 -0.00052167 -0.0180475 0.0890649 
0.0104886 -0.0189462 -0.000174301 0.000207258 -0.0189462 0.0912807 0.000210293 -0.000516612 -0.000174301 0.000210293 0.00974116 -0.0180465 0.000207258 -0.000516612 -0.0180465 0.089104 
0.0104928 -0.0189463 -0.000165296 0.000210983 -0.0189463 0.0913015 0.000213854 -0.000520849 -0.000165296 0.000213854 0.00976143 -0.018049 0.000210983 -0.000520849 -0.018049 0.0891252 
0.0105206 -0.0189913 -0.000163664 0.000202614 -0.0189913 0.0914296 0.000203135 -0.000513014 -0.000163664 0.000203135 0.00975738 -0.0180354 0.000202614 -0.000513014 -0.0180354 0.0890695 
0.0105532 -0.0190521 -0.000162741 0.000203382 -0.0190521 0.0916149 0.000204899 -0.000509486 -0.000162741 0.000204899 0.00974537 -0.0180121 0.000203382 -0.000509486 -0.0180121 0.0889923 
0.010556 -0.019062 -0.000163615 0.000202959 -0.019062 0.0916657 0.000204603 -0.000510076 -0.000163615 0.000204603 0.00972198 -0.0180197 0.000202959 -0.000510076 -0.0180197 0.0889942 
0.0105598 -0.0190445 -0.000161356 0.000188698 -0.0190445 0.0916376 0.000189663 -0.000469811 -0.000161356 0.000189663 0.00970749 -0.0180299 0.000188698 -0.000469811 -0.0180299 0.0890643 
0.010546 -0.0190583 -0.000141048 0.000181071 -0.0190583 0.0916514 0.000183976 -0.000436012 -0.000141048 0.000183976 0.00968786 -0.0179901 0.000181071 -0.000436012 -0.0179901 0.089004 
0.0105144 -0.019033 -0.000112413 0.000162135 -0.019033 0.0916086 0.000166654 -0.000404194 -0.000112413 0.000166654 0.00969605 -0.0179677 0.000162135 -0.000404194 -0.0179677 0.0889432 
0.010522 -0.0190094 -9.98805e-05 0.000140544 -0.0190094 0.0915699 0.000146168 -0.000374146 -9.98805e-05 0.000146168 0.00969871 -0.0179633 0.000140544 -0.000374146 -0.0179633 0.0888983 
0.0105084 -0.0189952 -0.000110566 0.000140543 -0.0189952 0.0914886 0.000146363 -0.00037882 -0.000110566 0.000146363 0.0096993 -0.0179661 0.000140543 -0.00037882 -0.0179661 0.0888825 
0.0104699 -0.0189567 -0.000127757 0.000161954 -0.0189567 0.0913764 0.0001658 -0.000423598 -0.000127757 0.0001658 0.00971556 -0.0179965 0.000161954 -0.000423598 -0.0179965 0.0889609 
0.0104726 -0.0189363 -0.000105644 0.000156669 -0.0189363 0.091334 0.000156471 -0.000402321 -0.000105644 0.000156471 0.00969585 -0.0179908 0.000156669 -0.000402321 -0.0179908 0.088956 
0.0104836 -0.018938 -9.72217e-05 0.00013269 -0.018938 0.0913178 0.000130303 -0.000358838 -9.72217e-05 0.000130303 0.00968766 -0.0179653 0.00013269 -0.000358838 -0.0179653 0.0889096 
0.0105021 -0.0189315 -0.000111972 0.000125805 -0.0189315 0.0912808 0.000122067 -0.00032852 -0.000111972 0.000122067 0.0096853 -0.0179794 0.000125805 -0.00032852 -0.0179794 0.0889379 
0.0104955 -0.0189495 -0.000111982 0.000140871 -0.0189495 0.0912896 0.000138962 -0.000338975 -0.000111982 0.000138962 0.00969375 -0.0179782 0.000140871 -0.000338975 -0.0179782 0.0889501 
0.0104792 -0.0189497 -9.45416e-05 0.000142007 -0.0189497 0.09131 0.000142194 -0.000352827 -9.45416e-05 0.000142194 0.00969989 -0.0179855 0.000142007 -0.000352827 -0.0179855 0.0889622 
0.0104532 -0.0189505 -9.64905e-05 0.000108023 -0.0189505 0.0913454 0.000109889 -0.000288731 -9.64905e-05 0.000109889 0.00972229 -0.0179799 0.000108023 -0.000288731 -0.0179799 0.08895 
0.0104585 -0.0189288 -9.95375e-05 0.000115139 -0.0189288 0.0913429 0.000116082 -0.000275955 -9.95375e-05 0.000116082 0.00973508 -0.0180072 0.000115139 -0.000275955 -0.0180072 0.0889858 
0.0104584 -0.0189255 -0.000105008 0.000123071 -0.0189255 0.0913139 0.000122146 -0.000289767 -0.000105008 0.000122146 0.00973088 -0.018022 0.000123071 -0.000289767 -0.018022 0.0890274 
0.0104719 -0.0189049 -9.56171e-05 0.000132088 -0.0189049 0.0912556 0.000128482 -0.000311026 -9.56171e-05 0.000128482 0.00974213 -0.0180548 0.000132088 -0.000311026 -0.0180548 0.0891402 
0.0104931 -0.0189167 -7.36263e-05 0.000118165 -0.0189167 0.0912366 0.000115907 -0.000296791 -7.36263e-05 0.000115907 0.00971168 -0.0180554 0.000118165 -0.000296791 -0.0180554 0.0891648 
0.0104988 -0.0189588 -6.80191e-05 0.000100501 -0.0189588 0.0913237 0.000103839 -0.000280981 -6.80191e-05 0.000103839 0.00969375 -0.0180041 0.000100501 -0.000280981 -0.0180041 0.0890758 
0.0105061 -0.0189996 -8.13602e-05 9.66869e-05 -0.0189996 0.0914696 0.000102885 -0.000272425 -8.13602e-05 0.000102885 0.00968855 -0.0179529 9.66869e-05 -0.000272425 -0.0179529 0.0889209 
0.0105023 -0.0189945 -9.71178e-05 0.000117869 -0.0189945 0.0914946 0.000120601 -0.000300249 -9.71178e-05 0.000120601 0.00967552 -0.0179454 0.000117869 -0.000300249 -0.0179454 0.0888419 
0.0104794 -0.0189967 -9.64237e-05 0.000136444 -0.0189967 0.0915045 0.000137001 -0.000344195 -9.64237e-05 0.000137001 0.00965918 -0.0179064 0.000136444 -0.000344195 -0.0179064 0.0887275 
0.0104534 -0.018924 -0.000100159 0.000115751 -0.018924 0.0913493 0.000115724 -0.00030787 -0.000100159 0.000115724 0.00967939 -0.0179469 0.000115751 -0.00030787 -0.0179469 0.0888149 
0.0104779 -0.0189135 -9.00726e-05 0.000126808 -0.0189135 0.0912848 0.000127334 -0.00031286 -9.00726e-05 0.000127334 0.00965235 -0.0179419 0.000126808 -0.00031286 -0.0179419 0.0888142 
0.0104875 -0.0189351 -8.71419e-05 0.000109065 -0.0189351 0.0912829 0.00011232 -0.000288548 -8.71419e-05 0.00011232 0.00963948 -0.0179059 0.000109065 -0.000288548 -0.0179059 0.0887518 
0.0105032 -0.0189493 -5.94807e-05 9.79043e-05 -0.0189493 0.0913226 0.000103481 -0.000252659 -5.94807e-05 0.000103481 0.00963154 -0.0179031 9.79043e-05 -0.000252659 -0.0179031 0.0887321 
0.0105281 -0.0189721 -3.60207e-05 6.86311e-05 -0.0189721 0.0913822 7.28618e-05 -0.000201623 -3.60207e-05 7.28618e-05 0.00963286 -0.0178986 6.86311e-05 -0.000201623 -0.0178986 0.0887255 
0.0105494 -0.0189988 -1.93163e-05 4.42065e-05 -0.0189988 0.0914412 4.89996e-05 -0.000144255 -1.93163e-05 4.89996e-05 0.00963487 -0.0179029 4.42065e-05 -0.000144255 -0.0179029 0.088731 
0.0105296 -0.0190425 -3.82048e-05 2.92813e-05 -0.0190425 0.0915504 3.3531e-05 -0.000104194 -3.82048e-05 3.3531e-05 0.00964811 -0.0178825 2.92813e-05 -0.000104194 -0.0178825 0.0886785 
0.0104942 -0.0190107 -7.59705e-05 7.13004e-05 -0.0190107 0.0915328 7.59418e-05 -0.000178286 -7.59705e-05 7.59418e-05 0.00966213 -0.0179024 7.13004e-05 -0.000178286 -0.0179024 0.0886936 
0.010502 -0.0189437 -5.73938e-05 8.02142e-05 -0.0189437 0.0913968 8.84435e-05 -0.000195886 -5.73938e-05 8.84435e-05 0.00969114 -0.0179714 8.02142e-05 -0.000195886 -0.0179714 0.0888763 
0.0104905 -0.018946 -5.85075e-05 8.03763e-05 -0.018946 0.091318 8.92375e-05 -0.000230601 -5.85075e-05 8.92375e-05 0.00969722 -0.0179904 8.03763e-05 -0.000230601 -0.0179904 0.0889559 
0.0104922 -0.0189609 -5.79723e-05 8.47117e-05 -0.0189609 0.0913562 9.11374e-05 -0.000242771 -5.79723e-05 9.11374e-05 0.00966775 -0.0179663 8.47117e-05 -0.000242771 -0.0179663 0.0889114 
0.0104471 -0.0189392 -6.62883e-05 7.4168e-05 -0.0189392 0.0913057 7.62162e-05 -0.000215184 -6.62883e-05 7.62162e-05 0.00965657 -0.0179404 7.4168e-05 -0.000215184 -0.0179404 0.088859 
0.0103961 -0.018904 -5.4092e-05 8.54067e-05 -0.018904 0.091249 8.10884e-05 -0.000208539 -5.4092e-05 8.10884e-05 0.00964985 -0.0178918 8.54067e-05 -0.000208539 -0.0178918 0.0887226 
0.0103695 -0.0188407 -3.1892e-05 6.85891e-05 -0.0188407 0.0911295 5.96462e-05 -0.000174861 -3.1892e-05 5.96462e-05 0.00965379 -0.0178838 6.85891e-05 -0.000174861 -0.0178838 0.0886527 
0.0103487 -0.0187954 -2.95734e-05 4.7446e-05 -0.0187954 0.0909887 3.92304e-05 -0.000134771 -2.95734e-05 3.92304e-05 0.00967044 -0.0178938 4.7446e-05 -0.000134771 -0.0178938 0.0886511 
0.0103425 -0.0187732 -5.76925e-05 4.65847e-05 -0.0187732 0.0909055 3.80852e-05 -0.000117071 -5.76925e-05 3.80852e-05 0.0096761 -0.0179066 4.65847e-05 -0.000117071 -0.0179066 0.0886607 
0.0103426 -0.0187562 -6.11228e-05 7.62137e-05 -0.0187562 0.090842 6.56811e-05 -0.000151736 -6.11228e-05 6.56811e-05 0.00967847 -0.0179273 7.62137e-05 -0.000151736 -0.0179273 0.0887128 
0.010358 -0.0187477 -5.51635e-05 9.55364e-05 -0.0187477 0.0908031 8.5824e-05 -0.00021894 -5.51635e-05 8.5824e-05 0.00968497 -0.017955 9.55364e-05 -0.00021894 -0.017955 0.0888087 
0.0103746 -0.0187841 -3.32032e-05 4.65387e-05 -0.0187841 0.0908649 4.04122e-05 -0.000125433 -3.32032e-05 4.04122e-05 0.00967072 -0.017941 4.65387e-05 -0.000125433 -0.017941 0.0887983 
0.0103761 -0.0188128 -2.99259e-05 3.51445e-05 -0.0188128 0.0909504 3.12556e-05 -8.19308e-05 -2.99259e-05 3.12556e-05 0.00966314 -0.017916 3.51445e-05 -8.19308e-05 -0.017916 0.0887438 
0.0103983 -0.0188086 -5.04218e-05 4.65136e-05 -0.0188086 0.090977 4.45028e-05 -0.000105496 -5.04218e-05 4.45028e-05 0.00966143 -0.0179267 4.65136e-05 -0.000105496 -0.0179267 0.0887648 
0.010397 -0.0188275 -6.56459e-05 6.89053e-05 -0.0188275 0.0910016 6.91367e-05 -0.000152496 -6.56459e-05 6.91367e-05 0.0096913 -0.0179422 6.89053e-05 -0.000152496 -0.0179422 0.0888226 
0.0103693 -0.0188366 -7.20094e-05 8.59247e-05 -0.0188366 0.0910315 8.76121e-05 -0.000197558 -7.20094e-05 8.76121e-05 0.00970164 -0.0179529 8.59247e-05 -0.000197558 -0.0179529 0.0888302 
0.0103864 -0.0188168 -7.23581e-05 9.86841e-05 -0.0188168 0.0910347 0.000101031 -0.000242459 -7.23581e-05 0.000101031 0.00967987 -0.0179642 9.86841e-05 -0.000242459 -0.0179642 0.088857 
0.0103895 -0.0188196 -7.82586e-05 0.000102877 -0.0188196 0.0910106 0.000109759 -0.000276288 -7.82586e-05 0.000109759 0.0096613 -0.0179518 0.000102877 -0.000276288 -0.0179518 0.088864 
0.0103972 -0.0188377 -5.71748e-05 8.49283e-05 -0.0188377 0.0910587 9.32513e-05 -0.000235341 -5.71748e-05 9.32513e-05 0.00966265 -0.0179225 8.49283e-05 -0.000235341 -0.0179225 0.0888091 
0.0103983 -0.0188353 -3.65874e-05 5.37086e-05 -0.0188353 0.091064 5.97773e-05 -0.000160121 -3.65874e-05 5.97773e-05 0.00968696 -0.0179405 5.37086e-05 -0.000160121 -0.0179405 0.0888281 
0.0103889 -0.0188495 -7.32695e-06 3.39779e-05 -0.0188495 0.0910906 3.61658e-05 -9.62318e-05 -7.32695e-06 3.61658e-05 0.00968876 -0.0179377 3.39779e-05 -9.62318e-05 -0.0179377 0.0887959 
0.0104007 -0.0188431 1.22424e-05 1.4642e-05 -0.0188431 0.0911011 1.33792e-05 -5.81802e-05 1.22424e-05 1.33792e-05 0.00967263 -0.017937 1.4642e-05 -5.81802e-05 -0.017937 0.0887796 
0.0104096 -0.0188393 2.62372e-05 2.70192e-06 -0.0188393 0.0910822 -3.75298e-07 -3.39053e-05 2.62372e-05 -3.75298e-07 0.00968703 -0.0179553 2.70192e-06 -3.39053e-05 -0.0179553 0.0888486 
0.0104142 -0.0188516 2.19686e-05 -1.45745e-05 -0.0188516 0.0910964 -1.79788e-05 9.3796e-07 2.19686e-05 -1.79788e-05 0.00969277 -0.0179724 -1.45745e-05 9.3796e-07 -0.0179724 0.0888988 
0.0104087 -0.0188484 8.64666e-06 -2.15798e-05 -0.0188484 0.0910919 -2.30314e-05 3.56421e-05 8.64666e-06 -2.30314e-05 0.00970366 -0.0179929 -2.15798e-05 3.56421e-05 -0.0179929 0.0889649 
0.0103937 -0.0188387 -2.38454e-05 9.0291e-07 -0.0188387 0.0910577 1.97051e-06 3.25196e-06 -2.38454e-05 1.97051e-06 0.00969009 -0.0179882 9.0291e-07 3.25196e-06 -0.0179882 0.0889637 
0.0103783 -0.0188028 -4.25726e-05 3.3715e-05 -0.0188028 0.0909618 3.42445e-05 -5.68355e-05 -4.25726e-05 3.42445e-05 0.00966648 -0.0179771 3.3715e-05 -5.68355e-05 -0.0179771 0.0889507 
0.0103656 -0.0187821 -5.37741e-05 5.92426e-05 -0.0187821 0.0908848 5.82099e-05 -0.00012367 -5.37741e-05 5.82099e-05 0.00965086 -0.0179407 5.92426e-05 -0.00012367 -0.0179407 0.0888771 
0.0103559 -0.0187865 -2.93115e-05 5.22299e-05 -0.0187865 0.0908885 5.26711e-05 -0.000117599 -2.93115e-05 5.26711e-05 0.00965907 -0.0178972 5.22299e-05 -0.000117599 -0.0178972 0.0887468 
0.0103414 -0.0187717 -2.156e-05 5.077e-05 -0.0187717 0.0908584 5.3026e-05 -0.000141977 -2.156e-05 5.3026e-05 0.00965872 -0.017893 5.077e-05 -0.000141977 -0.017893 0.0886681 
0.0103327 -0.0187695 -3.79216e-05 5.3522e-05 -0.0187695 0.0908581 5.64198e-05 -0.000165173 -3.79216e-05 5.64198e-05 0.00965375 -0.0178783 5.3522e-05 -0.000165173 -0.0178783 0.0886076 
0.0103301 -0.0187427 -4.4287e-05 4.41397e-05 -0.0187427 0.0907989 4.4567e-05 -0.000123704 -4.4287e-05 4.4567e-05 0.00964678 -0.017889 4.41397e-05 -0.000123704 -0.017889 0.0886203 
0.0103377 -0.0187301 -3.97141e-05 4.77996e-05 -0.0187301 0.0907466 4.7597e-05 -0.0001095 -3.97141e-05 4.7597e-05 0.00963418 -0.0178933 4.77996e-05 -0.0001095 -0.0178933 0.0886474 
0.0103648 -0.0187663 -1.85467e-05 3.74033e-05 -0.0187663 0.0908173 3.61119e-05 -8.42091e-05 -1.85467e-05 3.61119e-05 0.00959933 -0.017848 3.74033e-05 -8.42091e-05 -0.017848 0.0885523 
0.0103608 -0.0187787 -2.81279e-06 2.44342e-05 -0.0187787 0.0908508 2.46714e-05 -6.90119e-05 -2.81279e-06 2.46714e-05 0.00959481 -0.0178287 2.44342e-05 -6.90119e-05 -0.0178287 0.088504 
0.0103231 -0.0187759 1.73931e-05 -2.99818e-06 -0.0187759 0.0908616 1.86505e-06 -1.35568e-05 1.73931e-05 1.86505e-06 0.00960449 -0.0178183 -2.99818e-06 -1.35568e-05 -0.0178183 0.088464 
0.0103264 -0.0187508 2.41213e-05 -4.2949e-05 -0.0187508 0.0908594 -3.47559e-05 8.39116e-05 2.41213e-05 -3.47559e-05 0.00961808 -0.0178254 -4.2949e-05 8.39116e-05 -0.0178254 0.0884627 
0.0103312 -0.0187334 3.61792e-05 -4.78878e-05 -0.0187334 0.0907946 -4.13419e-05 0.000131725 3.61792e-05 -4.13419e-05 0.00961489 -0.0178557 -4.78878e-05 0.000131725 -0.0178557 0.0885242 
0.0103299 -0.0187457 3.95701e-05 -4.02699e-05 -0.0187457 0.0907996 -4.07128e-05 0.000114322 3.95701e-05 -4.07128e-05 0.00961343 -0.017846 -4.02699e-05 0.000114322 -0.017846 0.0885313 
0.0103066 -0.0187212 2.67198e-05 -3.46314e-05 -0.0187212 0.0907422 -4.02419e-05 9.41549e-05 2.67198e-05 -4.02419e-05 0.00963114 -0.0178679 -3.46314e-05 9.41549e-05 -0.0178679 0.0885876 
0.0102803 -0.0186955 2.63822e-06 -2.29716e-05 -0.0186955 0.0906791 -2.95129e-05 7.23598e-05 2.63822e-06 -2.95129e-05 0.00964443 -0.0178837 -2.29716e-05 7.23598e-05 -0.0178837 0.0886299 
0.0102998 -0.0186672 -3.19399e-06 4.9171e-07 -0.0186672 0.090616 -3.84455e-06 2.82255e-05 -3.19399e-06 -3.84455e-06 0.00964657 -0.0179032 4.9171e-07 2.82255e-05 -0.0179032 0.0886862 
0.0103265 -0.0186983 -9.80395e-06 2.47049e-05 -0.0186983 0.0906392 2.35157e-05 -5.23486e-05 -9.80395e-06 2.35157e-05 0.00962813 -0.0178875 2.47049e-05 -5.23486e-05 -0.0178875 0.088661 
0.0103391 -0.0187623 -1.96758e-05 1.80438e-05 -0.0187623 0.0907945 2.00526e-05 -6.07033e-05 -1.96758e-05 2.00526e-05 0.00961806 -0.0178375 1.80438e-05 -6.07033e-05 -0.0178375 0.0885389 
0.0103448 -0.0187758 -1.10246e-05 1.40954e-05 -0.0187758 0.0908795 1.87059e-05 -4.02244e-05 -1.10246e-05 1.87059e-05 0.00961421 -0.0178289 1.40954e-05 -4.02244e-05 -0.0178289 0.088476 
0.0103495 -0.018754 -6.70979e-06 -3.21309e-06 -0.018754 0.090843 -4.58281e-07 2.59412e-06 -6.70979e-06 -4.58281e-07 0.00961975 -0.0178644 -3.21309e-06 2.59412e-06 -0.0178644 0.0885586 
0.0103319 -0.0187605 9.14616e-06 4.97392e-06 -0.0187605 0.0908335 6.59077e-06 -1.572e-06 9.14616e-06 6.59077e-06 0.00963436 -0.0178662 4.97392e-06 -1.572e-06 -0.0178662 0.0885914 
0.0103438 -0.0187187 1.17271e-05 -1.88301e-05 -0.0187187 0.0907503 -1.62165e-05 3.20385e-05 1.17271e-05 -1.62165e-05 0.00963663 -0.0179127 -1.88301e-05 3.20385e-05 -0.0179127 0.0887047 
0.0103512 -0.0187542 1.68953e-05 -2.63499e-05 -0.0187542 0.0907918 -2.45146e-05 6.57112e-05 1.68953e-05 -2.45146e-05 0.00965726 -0.017894 -2.63499e-05 6.57112e-05 -0.017894 0.0886983 
0.0103622 -0.0187903 2.62461e-05 -1.70445e-05 -0.0187903 0.0908971 -2.03833e-05 5.41085e-05 2.62461e-05 -2.03833e-05 0.00965866 -0.0178752 -1.70445e-05 5.41085e-05 -0.0178752 0.0886045 
0.0103653 -0.0188125 2.26511e-05 -2.38314e-05 -0.0188125 0.0909864 -3.21502e-05 5.98612e-05 2.26511e-05 -3.21502e-05 0.00967895 -0.0178838 -2.38314e-05 5.98612e-05 -0.0178838 0.0885944 
0.0103794 -0.0188146 6.30601e-06 -9.42045e-06 -0.0188146 0.0910279 -1.6202e-05 2.90448e-05 6.30601e-06 -1.6202e-05 0.00970554 -0.0179352 -9.42045e-06 2.90448e-05 -0.0179352 0.0887078 
0.0103993 -0.0188162 -5.66285e-06 8.08021e-06 -0.0188162 0.0910188 5.69005e-06 -1.38755e-05 -5.66285e-06 5.69005e-06 0.00969764 -0.0179864 8.08021e-06 -1.38755e-05 -0.0179864 0.0888624 
0.0103986 -0.0188441 9.77329e-06 5.29983e-06 -0.0188441 0.0910626 6.65525e-06 -1.39916e-05 9.77329e-06 6.65525e-06 0.00969324 -0.0179774 5.29983e-06 -1.39916e-05 -0.0179774 0.0889161 
0.0103824 -0.0188422 1.822e-05 6.57684e-06 -0.0188422 0.0910795 7.41279e-06 -3.64933e-05 1.822e-05 7.41279e-06 0.00969813 -0.0179704 6.57684e-06 -3.64933e-05 -0.0179704 0.088916 
0.0103872 -0.0188278 3.4168e-05 -2.54826e-05 -0.0188278 0.0910665 -2.65029e-05 3.26671e-05 3.4168e-05 -2.65029e-05 0.00967539 -0.0179669 -2.54826e-05 3.26671e-05 -0.0179669 0.0888977 
0.0103488 -0.0187916 2.16945e-05 -3.096e-05 -0.0187916 0.0909503 -3.20048e-05 5.80609e-05 2.16945e-05 -3.20048e-05 0.00969231 -0.0179811 -3.096e-05 5.80609e-05 -0.0179811 0.0889612 
0.0103534 -0.0187589 2.18626e-05 -3.1714e-05 -0.0187589 0.0908742 -3.058e-05 8.10106e-05 2.18626e-05 -3.058e-05 0.00969708 -0.0179865 -3.1714e-05 8.10106e-05 -0.0179865 0.0889749 
0.0103713 -0.0187767 3.57617e-05 -3.71997e-05 -0.0187767 0.090879 -3.24949e-05 9.57343e-05 3.57617e-05 -3.24949e-05 0.0096946 -0.0179675 -3.71997e-05 9.57343e-05 -0.0179675 0.0889191 
0.0103799 -0.0187981 3.02705e-05 -6.13456e-05 -0.0187981 0.0909096 -5.45993e-05 0.000143164 3.02705e-05 -5.45993e-05 0.00967018 -0.0179444 -6.13456e-05 0.000143164 -0.0179444 0.0888309 
0.0103868 -0.01883 1.67063e-05 -3.95634e-05 -0.01883 0.0910034 -3.67467e-05 0.000120859 1.67063e-05 -3.67467e-05 0.00967228 -0.0179002 -3.95634e-05 0.000120859 -0.0179002 0.0887134 
0.0104097 -0.0188159 -1.02416e-05 -7.60596e-06 -0.0188159 0.0909884 -8.10355e-06 4.2282e-05 -1.02416e-05 -8.10355e-06 0.00965326 -0.0179222 -7.60596e-06 4.2282e-05 -0.0179222 0.0887177 
0.0104194 -0.0188377 -4.24661e-05 3.06242e-05 -0.0188377 0.0910017 3.21563e-05 -5.77235e-05 -4.24661e-05 3.21563e-05 0.00964392 -0.0179119 3.06242e-05 -5.77235e-05 -0.0179119 0.0887304 
0.0104235 -0.0188692 -3.15868e-05 5.16651e-05 -0.0188692 0.0910904 5.94422e-05 -0.000121827 -3.15868e-05 5.94422e-05 0.00964943 -0.0178898 5.16651e-05 -0.000121827 -0.0178898 0.0886852 
0.0104083 -0.0188685 -2.2649e-05 5.6817e-05 -0.0188685 0.0911182 6.56037e-05 -0.000178986 -2.2649e-05 6.56037e-05 0.00966596 -0.0179036 5.6817e-05 -0.000178986 -0.0179036 0.0886951 
0.0103866 -0.0188406 -1.91424e-05 4.26426e-05 -0.0188406 0.091065 4.70135e-05 -0.0001627 -1.91424e-05 4.70135e-05 0.009663 -0.0179231 4.26426e-05 -0.0001627 -0.0179231 0.0887333 
0.0103699 -0.0188042 -3.64772e-06 1.22572e-05 -0.0188042 0.0909779 1.4066e-05 -7.20209e-05 -3.64772e-06 1.4066e-05 0.00966368 -0.0179396 1.22572e-05 -7.20209e-05 -0.0179396 0.0888027 
0.0103688 -0.0187674 -7.14866e-06 -1.22831e-05 -0.0187674 0.090868 -1.28192e-05 1.15483e-05 -7.14866e-06 -1.28192e-05 0.00966897 -0.0179601 -1.22831e-05 1.15483e-05 -0.0179601 0.0888832 
0.0103645 -0.0187779 -6.30936e-06 -1.32257e-05 -0.0187779 0.0908546 -1.77827e-05 5.65791e-05 -6.30936e-06 -1.77827e-05 0.00967648 -0.0179475 -1.32257e-05 5.65791e-05 -0.0179475 0.0888686 
0.0103721 -0.0187862 -1.66311e-05 1.28186e-05 -0.0187862 0.0908938 5.89746e-06 1.92525e-06 -1.66311e-05 5.89746e-06 0.00968694 -0.0179564 1.28186e-05 1.92525e-06 -0.0179564 0.0888733 
0.010402 -0.0188261 -6.0603e-06 2.91243e-05 -0.0188261 0.0910033 2.54632e-05 -5.32036e-05 -6.0603e-06 2.54632e-05 0.0096656 -0.0179295 2.91243e-05 -5.32036e-05 -0.0179295 0.0887908 
0.0104255 -0.0188517 -4.00518e-05 2.92006e-05 -0.0188517 0.0910752 2.83097e-05 -9.23183e-05 -4.00518e-05 2.83097e-05 0.00964133 -0.0179131 2.92006e-05 -9.23183e-05 -0.0179131 0.0887406 
0.0104421 -0.0188704 -5.86897e-05 5.66384e-05 -0.0188704 0.0911234 5.72369e-05 -0.000129388 -5.86897e-05 5.72369e-05 0.00963613 -0.0179013 5.66384e-05 -0.000129388 -0.0179013 0.0887226 
0.0104487 -0.0188849 -5.67745e-05 8.92894e-05 -0.0188849 0.0911535 9.06339e-05 -0.000209655 -5.67745e-05 9.06339e-05 0.00963122 -0.0178966 8.92894e-05 -0.000209655 -0.0178966 0.0887083 
0.0104314 -0.0188875 -3.28412e-05 6.66689e-05 -0.0188875 0.0911636 6.50057e-05 -0.000180151 -3.28412e-05 6.50057e-05 0.00964302 -0.0178934 6.66689e-05 -0.000180151 -0.0178934 0.0886997 
0.0104333 -0.0188963 -2.95252e-05 3.60994e-05 -0.0188963 0.0912164 3.16118e-05 -0.000110172 -2.95252e-05 3.16118e-05 0.00963826 -0.0178774 3.60994e-05 -0.000110172 -0.0178774 0.0886376 
0.0104107 -0.0189072 -2.60352e-05 2.85472e-05 -0.0189072 0.0912538 2.59006e-05 -6.52819e-05 -2.60352e-05 2.59006e-05 0.00963438 -0.0178434 2.85472e-05 -6.52819e-05 -0.0178434 0.0885246 
0.010397 -0.0188692 -2.79103e-05 2.78435e-05 -0.0188692 0.0911982 2.79635e-05 -6.02436e-05 -2.79103e-05 2.79635e-05 0.009631 -0.0178512 2.78435e-05 -6.02436e-05 -0.0178512 0.0885072 
0.0103733 -0.0188167 -2.53162e-05 2.97289e-05 -0.0188167 0.091054 3.20631e-05 -6.60791e-05 -2.53162e-05 3.20631e-05 0.00967413 -0.0179022 2.97289e-05 -6.60791e-05 -0.0179022 0.0886516 
0.0103785 -0.0187925 -1.62175e-05 3.04031e-05 -0.0187925 0.0909578 3.02044e-05 -6.90365e-05 -1.62175e-05 3.02044e-05 0.00967827 -0.017944 3.04031e-05 -6.90365e-05 -0.017944 0.0887651 
0.0103885 -0.0188009 -1.97591e-06 3.26348e-05 -0.0188009 0.0909415 2.77511e-05 -8.16283e-05 -1.97591e-06 2.77511e-05 0.00968649 -0.0179607 3.26348e-05 -8.16283e-05 -0.0179607 0.0888558 
0.0104024 -0.0188152 2.32289e-05 1.28844e-05 -0.0188152 0.0909661 6.08435e-06 -5.15884e-05 2.32289e-05 6.08435e-06 0.00969108 -0.0179735 1.28844e-05 -5.15884e-05 -0.0179735 0.0889108 
0.0104083 -0.0188388 2.38817e-05 -3.18222e-05 -0.0188388 0.0910206 -3.80382e-05 4.36834e-05 2.38817e-05 -3.80382e-05 0.00969639 -0.0179691 -3.18222e-05 4.36834e-05 -0.0179691 0.0889118 
0.0103955 -0.0188836 -6.0547e-06 -1.03478e-05 -0.0188836 0.0911526 -1.36197e-05 2.81789e-05 -6.0547e-06 -1.36197e-05 0.00968776 -0.0179215 -1.03478e-05 2.81789e-05 -0.0179215 0.0887704 
0.010398 -0.0188563 -2.55316e-05 1.70203e-05 -0.0188563 0.0911505 1.9169e-05 -2.68458e-05 -2.55316e-05 1.9169e-05 0.00967018 -0.0179312 1.70203e-05 -2.68458e-05 -0.0179312 0.0887535 
0.0104104 -0.0188461 -2.50887e-05 3.55777e-05 -0.0188461 0.0911004 4.12963e-05 -8.33932e-05 -2.50887e-05 4.12963e-05 0.0096297 -0.0179098 3.55777e-05 -8.33932e-05 -0.0179098 0.088719 
0.0103826 -0.0188323 -1.60536e-05 1.54875e-05 -0.0188323 0.0910255 2.10563e-05 -5.08504e-05 -1.60536e-05 2.10563e-05 0.00962853 -0.0178864 1.54875e-05 -5.08504e-05 -0.0178864 0.0886983 
0.0103606 -0.0187826 -4.02523e-06 1.41609e-05 -0.0187826 0.0909029 2.13574e-05 -4.27841e-05 -4.02523e-06 2.13574e-05 0.00962465 -0.0178968 1.41609e-05 -4.27841e-05 -0.0178968 0.0887151 
0.0103321 -0.018741 -9.945e-07 3.06368e-06 -0.018741 0.0907654 1.3922e-05 -3.29233e-05 -9.945e-07 1.3922e-05 0.00960257 -0.0178965 3.06368e-06 -3.29233e-05 -0.0178965 0.088729 
0.0102945 -0.0187063 1.6792e-05 5.05428e-06 -0.0187063 0.0906706 1.4341e-05 -3.18405e-05 1.6792e-05 1.4341e-05 0.00963169 -0.0178796 5.05428e-06 -3.18405e-05 -0.0178796 0.0887212 
0.0102503 -0.0186671 3.55014e-05 -1.80358e-05 -0.0186671 0.0905783 -1.67193e-05 1.25878e-05 3.55014e-05 -1.67193e-05 0.00966384 -0.0178891 -1.80358e-05 1.25878e-05 -0.0178891 0.0886904 
0.010266 -0.0186433 3.87176e-05 -3.82842e-05 -0.0186433 0.0905452 -4.14731e-05 6.83863e-05 3.87176e-05 -4.14731e-05 0.00966152 -0.017902 -3.82842e-05 6.83863e-05 -0.017902 0.0886746 
0.0102907 -0.0186506 4.44928e-05 -5.70468e-05 -0.0186506 0.0905249 -5.87846e-05 0.000134452 4.44928e-05 -5.87846e-05 0.0096473 -0.0179052 -5.70468e-05 0.000134452 -0.0179052 0.0886817 
0.0103082 -0.0186634 5.79739e-05 -7.56937e-05 -0.0186634 0.0905174 -7.52767e-05 0.000199127 5.79739e-05 -7.52767e-05 0.00962247 -0.017895 -7.56937e-05 0.000199127 -0.017895 0.08867 
0.0103224 -0.0187186 4.53437e-05 -7.16781e-05 -0.0187186 0.0906507 -7.25233e-05 0.000194775 4.53437e-05 -7.25233e-05 0.009603 -0.0178375 -7.16781e-05 0.000194775 -0.0178375 0.0885425 
0.010304 -0.0187238 4.87041e-05 -6.87311e-05 -0.0187238 0.0907035 -7.05666e-05 0.000200146 4.87041e-05 -7.05666e-05 0.00962069 -0.0178299 -6.87311e-05 0.000200146 -0.0178299 0.0884937 
0.0102902 -0.0187049 3.56912e-05 -4.57472e-05 -0.0187049 0.090693 -4.65239e-05 0.000134006 3.56912e-05 -4.65239e-05 0.00962949 -0.0178458 -4.57472e-05 0.000134006 -0.0178458 0.0884972 
0.010306 -0.0186961 1.73595e-05 -2.59624e-05 -0.0186961 0.0906801 -2.66397e-05 7.36183e-05 1.73595e-05 -2.66397e-05 0.00961178 -0.0178544 -2.59624e-05 7.36183e-05 -0.0178544 0.0885197 
0.0103085 -0.0187006 1.25115e-05 -1.76959e-05 -0.0187006 0.0906655 -1.79839e-05 5.04201e-05 1.25115e-05 -1.79839e-05 0.00960102 -0.0178489 -1.76959e-05 5.04201e-05 -0.0178489 0.0885389 
0.0103059 -0.0187012 2.27948e-05 -2.15064e-05 -0.0187012 0.0906662 -2.10703e-05 5.649e-05 2.27948e-05 -2.10703e-05 0.00959044 -0.0178353 -2.15064e-05 5.649e-05 -0.0178353 0.0885173 
0.0103182 -0.0187165 2.51826e-05 -3.73649e-05 -0.0187165 0.0907189 -4.1662e-05 9.45794e-05 2.51826e-05 -4.1662e-05 0.00959332 -0.0178151 -3.73649e-05 9.45794e-05 -0.0178151 0.0884706 
0.01033 -0.0187256 1.98304e-05 -2.0207e-05 -0.0187256 0.0907406 -2.85101e-05 6.89548e-05 1.98304e-05 -2.85101e-05 0.00957536 -0.0178085 -2.0207e-05 6.89548e-05 -0.0178085 0.0884237 
0.0103512 -0.0187512 3.31684e-05 -1.79764e-05 -0.0187512 0.0907979 -2.30574e-05 5.24156e-05 3.31684e-05 -2.30574e-05 0.00954718 -0.0177701 -1.79764e-05 5.24156e-05 -0.0177701 0.0883309 
0.0103306 -0.01876 4.92141e-05 -4.49807e-05 -0.01876 0.0908183 -4.17982e-05 8.61945e-05 4.92141e-05 -4.17982e-05 0.00956343 -0.0177572 -4.49807e-05 8.61945e-05 -0.0177572 0.0882961 
0.0103202 -0.0187307 4.85691e-05 -6.8002e-05 -0.0187307 0.0907796 -5.9918e-05 0.000136067 4.85691e-05 -5.9918e-05 0.00959136 -0.0177865 -6.8002e-05 0.000136067 -0.0177865 0.0883389 
0.0102733 -0.0186946 4.94239e-05 -8.47789e-05 -0.0186946 0.0906685 -7.69338e-05 0.000199115 4.94239e-05 -7.69338e-05 0.0096387 -0.017835 -8.47789e-05 0.000199115 -0.017835 0.08845 
