0.00693557 0 0.000243445 0 0 0.01 0 0 0.000243445 0 0.00770291 0 0 0 0 0.01 
0.00985767 -0.0122459 0.000293926 -0.000361921 -0.0122459 0.0326552 -0.000361921 0.000694084 0.000293926 -0.000361921 0.0107784 -0.0133803 -0.000361921 0.000694084 -0.0133803 0.0348304 
0.00998771 -0.0187305 0.000233432 -0.000396785 -0.0187305 0.069062 -0.000396785 0.00126378 0.000233432 -0.000396785 0.0107382 -0.0200203 -0.000396785 0.00126378 -0.0200203 0.0731695 
0.00944129 -0.0185526 0.000196134 -0.000312593 -0.0185526 0.0834192 -0.000305032 0.00108052 0.000196134 -0.000305032 0.0101663 -0.0195204 -0.000312593 0.00108052 -0.0195204 0.0868621 
0.00938255 -0.0179181 0.000219737 -0.000263706 -0.0179181 0.0870484 -0.000246953 0.000761662 0.000219737 -0.000246953 0.010193 -0.018786 -0.000263706 0.000761662 -0.018786 0.0894478 
0.00951691 -0.0177557 0.000234755 -0.00025059 -0.0177557 0.088005 -0.000232141 0.000575222 0.000234755 -0.000232141 0.010378 -0.0187921 -0.00025059 0.000575222 -0.0187921 0.0903862 
0.00960809 -0.0178259 0.000252526 -0.000300873 -0.0178259 0.0884283 -0.000286426 0.000658457 0.000252526 -0.000286426 0.0104996 -0.0189304 -0.000300873 0.000658457 -0.0189304 0.0910504 
0.00964984 -0.0178937 0.000246584 -0.000330153 -0.0178937 0.0886656 -0.00032062 0.000774993 0.000246584 -0.00032062 0.0105495 -0.0189911 -0.000330153 0.000774993 -0.0189911 0.0913623 
0.0096912 -0.0179218 0.000225278 -0.000313707 -0.0179218 0.0887517 -0.000306096 0.000791636 0.000225278 -0.000306096 0.0105418 -0.0190171 -0.000313707 0.000791636 -0.0190171 0.0914703 
0.0097398 -0.0179862 0.000226721 -0.00028766 -0.0179862 0.0888814 -0.000281868 0.000753544 0.000226721 -0.000281868 0.0105253 -0.0189892 -0.00028766 0.000753544 -0.0189892 0.0914351 
0.00976134 -0.0180334 0.000217047 -0.000278071 -0.0180334 0.0889948 -0.000274678 0.000707403 0.000217047 -0.000274678 0.0105126 -0.0189839 -0.000278071 0.000707403 -0.0189839 0.0914111 
0.00976114 -0.0180673 0.000188566 -0.000249328 -0.0180673 0.0891021 -0.000250065 0.000632766 0.000188566 -0.000250065 0.0105124 -0.018977 -0.000249328 0.000632766 -0.018977 0.0914033 
0.0097143 -0.0180775 0.000174786 -0.000226921 -0.0180775 0.0891759 -0.000230832 0.000583603 0.000174786 -0.000230832 0.0105581 -0.0189773 -0.000226921 0.000583603 -0.0189773 0.0914027 
0.00968001 -0.0180178 0.000166932 -0.000217919 -0.0180178 0.089106 -0.00022417 0.0005574 0.000166932 -0.00022417 0.0105822 -0.0190301 -0.000217919 0.0005574 -0.0190301 0.0914792 
0.00967307 -0.0179971 0.000173487 -0.00019923 -0.0179971 0.0890608 -0.000208013 0.000514798 0.000173487 -0.000208013 0.0106119 -0.019055 -0.00019923 0.000514798 -0.019055 0.0915618 
0.00968178 -0.0179614 0.000186765 -0.000220751 -0.0179614 0.0889586 -0.00022641 0.000541717 0.000186765 -0.00022641 0.0106207 -0.0191076 -0.000220751 0.000541717 -0.0191076 0.0916862 
0.00968666 -0.0179633 0.00016822 -0.000217587 -0.0179633 0.0889099 -0.00021906 0.000525832 0.00016822 -0.00021906 0.0106074 -0.0191225 -0.000217587 0.000525832 -0.0191225 0.0917621 
0.00969357 -0.0179776 0.000166822 -0.000205369 -0.0179776 0.0889323 -0.000203473 0.000509742 0.000166822 -0.000203473 0.0105853 -0.0191029 -0.000205369 0.000509742 -0.0191029 0.091753 
0.009673 -0.0179735 0.000166453 -0.000207133 -0.0179735 0.0889226 -0.000203329 0.000503185 0.000166453 -0.000203329 0.0105706 -0.0190774 -0.000207133 0.000503185 -0.0190774 0.0917036 
0.00966236 -0.0179562 0.000171569 -0.000206497 -0.0179562 0.0889015 -0.000200869 0.000501412 0.000171569 -0.000200869 0.0105652 -0.0190615 -0.000206497 0.000501412 -0.0190615 0.0916673 
0.0096722 -0.0179458 0.000172356 -0.000218714 -0.0179458 0.0888765 -0.000210985 0.000523243 0.000172356 -0.000210985 0.0105701 -0.0190593 -0.000218714 0.000523243 -0.0190593 0.091661 
0.00966545 -0.0179543 0.000173299 -0.000213922 -0.0179543 0.0888716 -0.000207419 0.000523215 0.000173299 -0.000207419 0.0105833 -0.0190571 -0.000213922 0.000523215 -0.0190571 0.0916419 
0.00966465 -0.0179506 0.000171059 -0.000210649 -0.0179506 0.0888773 -0.000205281 0.000513598 0.000171059 -0.000205281 0.0106044 -0.0190777 -0.000210649 0.000513598 -0.0190777 0.091675 
0.00965631 -0.0179254 0.000153201 -0.000185629 -0.0179254 0.0888096 -0.000180341 0.00044662 0.000153201 -0.000180341 0.0106057 -0.0191176 -0.000185629 0.00044662 -0.0191176 0.0917646 
0.00966962 -0.0179231 0.00015766 -0.000186581 -0.0179231 0.0887871 -0.000184667 0.000446473 0.00015766 -0.000184667 0.0105779 -0.0191187 -0.000186581 0.000446473 -0.0191187 0.0918083 
0.00966477 -0.0179616 0.000142624 -0.000206311 -0.0179616 0.0888655 -0.000208493 0.000497785 0.000142624 -0.000208493 0.0105667 -0.0190644 -0.000206311 0.000497785 -0.0190644 0.0917156 
0.00965582 -0.0179683 0.000140185 -0.00018837 -0.0179683 0.0889272 -0.000192165 0.000498493 0.000140185 -0.000192165 0.010539 -0.0190293 -0.00018837 0.000498493 -0.0190293 0.091585 
0.00963913 -0.0179579 0.00012466 -0.000156163 -0.0179579 0.0889351 -0.000161068 0.000410567 0.00012466 -0.000161068 0.0105556 -0.0190007 -0.000156163 0.000410567 -0.0190007 0.0915032 
0.00962554 -0.0179158 9.01586e-05 -0.000122824 -0.0179158 0.0888422 -0.000125235 0.000307965 9.01586e-05 -0.000125235 0.0105475 -0.0190218 -0.000122824 0.000307965 -0.0190218 0.0914957 
0.00963539 -0.0178867 7.97152e-05 -8.86753e-05 -0.0178867 0.0887403 -8.63205e-05 0.000214597 7.97152e-05 -8.63205e-05 0.0105504 -0.0190261 -8.86753e-05 0.000214597 -0.0190261 0.0915288 
0.00965846 -0.0178752 8.01315e-05 -7.78543e-05 -0.0178752 0.0886519 -7.3889e-05 0.000161399 8.01315e-05 -7.3889e-05 0.0105416 -0.0190428 -7.78543e-05 0.000161399 -0.0190428 0.091577 
0.00969998 -0.0179109 0.000100582 -0.000121021 -0.0179109 0.0886859 -0.000115074 0.00025853 0.000100582 -0.000115074 0.0105247 -0.0190358 -0.000121021 0.00025853 -0.0190358 0.0915946 
0.0097363 -0.0179811 0.000101166 -0.000136729 -0.0179811 0.0888377 -0.000129168 0.000313806 0.000101166 -0.000129168 0.0104993 -0.0190004 -0.000136729 0.000313806 -0.0190004 0.0915232 
0.00973133 -0.0180205 0.000116108 -0.000126771 -0.0180205 0.0889634 -0.000119781 0.000308012 0.000116108 -0.000119781 0.0104976 -0.0189752 -0.000126771 0.000308012 -0.0189752 0.0914563 
0.00970466 -0.0179808 0.000119921 -0.000125553 -0.0179808 0.0889123 -0.000120838 0.000283017 0.000119921 -0.000120838 0.0104929 -0.0190057 -0.000125553 0.000283017 -0.0190057 0.0915164 
0.00969846 -0.0179896 0.000123543 -0.000153806 -0.0179896 0.0889473 -0.000150792 0.000349449 0.000123543 -0.000150792 0.0104756 -0.0189708 -0.000153806 0.000349449 -0.0189708 0.0914637 
0.00967933 -0.018005 9.6591e-05 -0.000159898 -0.018005 0.0890162 -0.000157245 0.000391537 9.6591e-05 -0.000157245 0.0104672 -0.0189192 -0.000159898 0.000391537 -0.0189192 0.0913175 
0.00966956 -0.0179868 6.9034e-05 -0.000128512 -0.0179868 0.0890213 -0.000128353 0.000361209 6.9034e-05 -0.000128353 0.0104467 -0.0188982 -0.000128512 0.000361209 -0.0188982 0.091212 
0.00966162 -0.0179779 5.16599e-05 -6.94508e-05 -0.0179779 0.0890083 -7.24876e-05 0.000226673 5.16599e-05 -7.24876e-05 0.0104317 -0.018871 -6.94508e-05 0.000226673 -0.018871 0.0911337 
0.00964395 -0.0179683 6.75173e-05 -5.74603e-05 -0.0179683 0.0889872 -6.31259e-05 0.000162234 6.75173e-05 -6.31259e-05 0.0104534 -0.0188497 -5.74603e-05 0.000162234 -0.0188497 0.0910689 
0.00963961 -0.0179343 8.02877e-05 -7.63718e-05 -0.0179343 0.0889086 -8.27988e-05 0.000174466 8.02877e-05 -8.27988e-05 0.0104704 -0.0188813 -7.63718e-05 0.000174466 -0.0188813 0.0910958 
0.0096367 -0.0178964 8.10888e-05 -9.4361e-05 -0.0178964 0.0887737 -9.85306e-05 0.000213783 8.10888e-05 -9.85306e-05 0.0105065 -0.0189393 -9.4361e-05 0.000213783 -0.0189393 0.0912566 
0.00964862 -0.0178811 7.57477e-05 -9.92605e-05 -0.0178811 0.0886808 -9.85951e-05 0.000239271 7.57477e-05 -9.85951e-05 0.0105135 -0.0189897 -9.92605e-05 0.000239271 -0.0189897 0.0914039 
0.00964811 -0.0178893 5.62437e-05 -8.12266e-05 -0.0178893 0.0886556 -7.65148e-05 0.000200178 5.62437e-05 -7.65148e-05 0.0105369 -0.0190171 -8.12266e-05 0.000200178 -0.0190171 0.0915301 
0.00964001 -0.0178911 4.89719e-05 -6.93538e-05 -0.0178911 0.0886551 -6.28101e-05 0.000174577 4.89719e-05 -6.28101e-05 0.0105263 -0.0190298 -6.93538e-05 0.000174577 -0.0190298 0.0915662 
0.00965041 -0.0178999 3.66623e-05 -5.73843e-05 -0.0178999 0.0886927 -5.27802e-05 0.000144645 3.66623e-05 -5.27802e-05 0.0104798 -0.0189993 -5.73843e-05 0.000144645 -0.0189993 0.0915106 
0.00969328 -0.0179332 5.24211e-05 -4.33452e-05 -0.0179332 0.088787 -4.08396e-05 0.000115125 5.24211e-05 -4.08396e-05 0.0104288 -0.0189275 -4.33452e-05 0.000115125 -0.0189275 0.0913565 
0.00973261 -0.0179952 8.99719e-05 -6.47722e-05 -0.0179952 0.0889339 -6.41122e-05 0.000138675 8.99719e-05 -6.41122e-05 0.0104231 -0.0188646 -6.47722e-05 0.000138675 -0.0188646 0.0911947 
0.00973974 -0.0180155 0.000134963 -0.000108817 -0.0180155 0.0889911 -0.000109761 0.00022209 0.000134963 -0.000109761 0.0104325 -0.0188675 -0.000108817 0.00022209 -0.0188675 0.091135 
0.0097021 -0.0180023 0.00014195 -0.000166207 -0.0180023 0.0889616 -0.000170239 0.000359347 0.00014195 -0.000170239 0.0104536 -0.0188941 -0.000166207 0.000359347 -0.0188941 0.0911784 
0.009697 -0.0179626 0.000121701 -0.000184754 -0.0179626 0.0888956 -0.000187533 0.000454719 0.000121701 -0.000187533 0.0104561 -0.018932 -0.000184754 0.000454719 -0.018932 0.0912835 
0.00971876 -0.0179759 9.84665e-05 -0.000143437 -0.0179759 0.0889056 -0.000144749 0.00039975 9.84665e-05 -0.000144749 0.0104619 -0.0189273 -0.000143437 0.00039975 -0.0189273 0.091317 
0.00969576 -0.0180116 9.48339e-05 -9.8022e-05 -0.0180116 0.0889821 -9.87272e-05 0.000275679 9.48339e-05 -9.87272e-05 0.0105003 -0.0189274 -9.8022e-05 0.000275679 -0.0189274 0.0913137 
0.00968332 -0.0179987 0.000125074 -0.000122878 -0.0179987 0.0890149 -0.000124212 0.000292711 0.000125074 -0.000124212 0.0105281 -0.0189697 -0.000122878 0.000292711 -0.0189697 0.0913789 
0.00968096 -0.0179633 0.000142168 -0.000147704 -0.0179633 0.0889445 -0.00015094 0.000336886 0.000142168 -0.00015094 0.0105306 -0.0190166 -0.000147704 0.000336886 -0.0190166 0.0914938 
0.00967962 -0.0179609 0.000137637 -0.000157704 -0.0179609 0.088908 -0.000164973 0.000368275 0.000137637 -0.000164973 0.0105132 -0.0190128 -0.000157704 0.000368275 -0.0190128 0.0915254 
0.00967783 -0.0179815 0.000114103 -0.000150651 -0.0179815 0.0889561 -0.000156505 0.000366861 0.000114103 -0.000156505 0.0105019 -0.0189773 -0.000150651 0.000366861 -0.0189773 0.091462 
0.0096759 -0.0179697 0.000106307 -0.000135329 -0.0179697 0.0889508 -0.000136069 0.000348254 0.000106307 -0.000136069 0.0105032 -0.0189731 -0.000135329 0.000348254 -0.0189731 0.0914366 
0.00969349 -0.0179429 0.000105292 -0.000129835 -0.0179429 0.0888747 -0.00012656 0.000328048 0.000105292 -0.00012656 0.0104612 -0.0189743 -0.000129835 0.000328048 -0.0189743 0.0914193 
0.00970306 -0.0179782 0.000116209 -0.000140101 -0.0179782 0.0889155 -0.000136917 0.000347628 0.000116209 -0.000136917 0.0104414 -0.0189151 -0.000140101 0.000347628 -0.0189151 0.0913169 
0.00969451 -0.0179659 0.000125072 -0.00013746 -0.0179659 0.0888903 -0.00013702 0.000338743 0.000125072 -0.00013702 0.0104239 -0.0188991 -0.00013746 0.000338743 -0.0188991 0.0912456 
0.00968753 -0.0179735 0.000138732 -0.000153696 -0.0179735 0.0889068 -0.000156569 0.000369348 0.000138732 -0.000156569 0.0104045 -0.0188566 -0.000153696 0.000369348 -0.0188566 0.0911323 
0.00968971 -0.0179783 0.000148217 -0.000168797 -0.0179783 0.088939 -0.000172214 0.000406651 0.000148217 -0.000172214 0.0103843 -0.0188209 -0.000168797 0.000406651 -0.0188209 0.0910168 
0.00969995 -0.0179799 0.000144487 -0.000170563 -0.0179799 0.0889513 -0.000174152 0.000413566 0.000144487 -0.000174152 0.0103774 -0.0187983 -0.000170563 0.000413566 -0.0187983 0.090942 
0.00969825 -0.017975 0.000135965 -0.000173318 -0.017975 0.0889249 -0.000177362 0.000428718 0.000135965 -0.000177362 0.0103805 -0.0188022 -0.000173318 0.000428718 -0.0188022 0.0909357 
0.00966781 -0.0179766 0.000150381 -0.000173509 -0.0179766 0.088922 -0.000177428 0.000448231 0.000150381 -0.000177428 0.0104044 -0.0188045 -0.000173509 0.000448231 -0.0188045 0.0909395 
0.00968873 -0.0179553 0.000141247 -0.000173645 -0.0179553 0.088907 -0.000175536 0.000430907 0.000141247 -0.000175536 0.0103838 -0.0188244 -0.000173645 0.000430907 -0.0188244 0.0909655 
0.00966613 -0.017932 0.00014707 -0.00017217 -0.017932 0.0888001 -0.000171055 0.00043158 0.00014707 -0.000171055 0.0103755 -0.0188278 -0.00017217 0.00043158 -0.0188278 0.0910132 
0.00966972 -0.0179287 0.000159636 -0.000197944 -0.0179287 0.0887884 -0.000194794 0.000487932 0.000159636 -0.000194794 0.0103624 -0.0188017 -0.000197944 0.000487932 -0.0188017 0.090974 
0.00968154 -0.0179002 0.000163047 -0.000209027 -0.0179002 0.0887019 -0.000202656 0.000523527 0.000163047 -0.000202656 0.0103577 -0.0188149 -0.000209027 0.000523527 -0.0188149 0.0910094 
0.00969195 -0.0179524 0.000156262 -0.000202944 -0.0179524 0.0887865 -0.000192247 0.00050765 0.000156262 -0.000192247 0.0103477 -0.0187653 -0.000202944 0.00050765 -0.0187653 0.0908916 
0.00968916 -0.0179612 0.00015956 -0.000202296 -0.0179612 0.0888391 -0.000194913 0.00050997 0.00015956 -0.000194913 0.0103488 -0.0187633 -0.000202296 0.00050997 -0.0187633 0.0908532 
0.00966458 -0.0179514 0.000162929 -0.000191897 -0.0179514 0.0888314 -0.000195353 0.0004944 0.000162929 -0.000195353 0.0103687 -0.0187719 -0.000191897 0.0004944 -0.0187719 0.0908676 
0.00966883 -0.017949 0.000168156 -0.000188941 -0.017949 0.0888538 -0.000202533 0.000487692 0.000168156 -0.000202533 0.0103834 -0.018777 -0.000188941 0.000487692 -0.018777 0.0908663 
0.00969175 -0.0179467 0.00018504 -0.000216208 -0.0179467 0.0888451 -0.000233974 0.000554553 0.00018504 -0.000233974 0.0103793 -0.0187952 -0.000216208 0.000554553 -0.0187952 0.0908939 
0.00969146 -0.017947 0.000175978 -0.000230978 -0.017947 0.0888109 -0.000245651 0.00059434 0.000175978 -0.000245651 0.0103971 -0.0188158 -0.000230978 0.00059434 -0.0188158 0.090966 
0.00968495 -0.0179457 0.000166722 -0.000238717 -0.0179457 0.0887979 -0.00024744 0.000633435 0.000166722 -0.00024744 0.0104176 -0.01885 -0.000238717 0.000633435 -0.01885 0.0910649 
0.0096739 -0.0179328 0.000160264 -0.000198367 -0.0179328 0.0887699 -0.000200075 0.000539524 0.000160264 -0.000200075 0.0104363 -0.0188892 -0.000198367 0.000539524 -0.0188892 0.0911847 
0.00967642 -0.0179319 0.000178963 -0.000193284 -0.0179319 0.0887735 -0.00018969 0.000486027 0.000178963 -0.00018969 0.0104492 -0.0189127 -0.000193284 0.000486027 -0.0189127 0.0912734 
0.00966701 -0.0179554 0.000212464 -0.000222665 -0.0179554 0.0888375 -0.000215033 0.000516725 0.000212464 -0.000215033 0.0104711 -0.0189155 -0.000222665 0.000516725 -0.0189155 0.0912959 
0.0096945 -0.0179776 0.00022179 -0.00026445 -0.0179776 0.088941 -0.000256753 0.000601223 0.00022179 -0.000256753 0.0104674 -0.0189186 -0.00026445 0.000601223 -0.0189186 0.091281 
0.0096753 -0.0180065 0.000221964 -0.000275702 -0.0180065 0.0890135 -0.000271922 0.000659215 0.000221964 -0.000271922 0.0104966 -0.0189096 -0.000275702 0.000659215 -0.0189096 0.0912555 
0.0096717 -0.0179694 0.000192613 -0.000255542 -0.0179694 0.088972 -0.000256337 0.000630224 0.000192613 -0.000256337 0.0104994 -0.0189513 -0.000255542 0.000630224 -0.0189513 0.0913086 
0.00966338 -0.0179618 0.000158803 -0.000227918 -0.0179618 0.0889277 -0.000228671 0.000582831 0.000158803 -0.000228671 0.0105049 -0.0189568 -0.000227918 0.000582831 -0.0189568 0.091348 
0.00967323 -0.017931 0.000136162 -0.000184662 -0.017931 0.0888415 -0.000182059 0.00048398 0.000136162 -0.000182059 0.0104748 -0.0189668 -0.000184662 0.00048398 -0.0189668 0.0913692 
0.00971378 -0.0179416 0.000151881 -0.00019349 -0.0179416 0.0888231 -0.000188875 0.00049497 0.000151881 -0.000188875 0.0104324 -0.0189335 -0.00019349 0.00049497 -0.0189335 0.0913318 
0.00975075 -0.018004 0.000152156 -0.000196845 -0.018004 0.0889324 -0.000191827 0.000487505 0.000152156 -0.000191827 0.0103855 -0.0188651 -0.000196845 0.000487505 -0.0188651 0.0911791 
0.00973328 -0.0180318 0.000122655 -0.000179135 -0.0180318 0.089008 -0.000174744 0.000442846 0.000122655 -0.000174744 0.010364 -0.0188153 -0.000179135 0.000442846 -0.0188153 0.0910386 
0.0097011 -0.018014 0.000139095 -0.000153836 -0.018014 0.0890195 -0.000150945 0.000401084 0.000139095 -0.000150945 0.0103923 -0.0187995 -0.000153836 0.000401084 -0.0187995 0.0909793 
0.00968473 -0.0179811 0.000144191 -0.00015163 -0.0179811 0.0889704 -0.000150959 0.00035752 0.000144191 -0.000150959 0.0104337 -0.0188306 -0.00015163 0.00035752 -0.0188306 0.091008 
0.00970515 -0.0179578 0.000145719 -0.000182186 -0.0179578 0.0888979 -0.000184775 0.000427081 0.000145719 -0.000184775 0.0104115 -0.01887 -0.000182186 0.000427081 -0.01887 0.091071 
0.0096865 -0.0179674 0.000142307 -0.000188089 -0.0179674 0.0888675 -0.000191911 0.000474081 0.000142307 -0.000191911 0.0104149 -0.0188566 -0.000188089 0.000474081 -0.0188566 0.0910971 
0.00969312 -0.0179791 0.000148027 -0.000189671 -0.0179791 0.0889241 -0.000190716 0.000493037 0.000148027 -0.000190716 0.0104137 -0.0188386 -0.000189671 0.000493037 -0.0188386 0.0910492 
0.00967217 -0.0179615 0.000155414 -0.000193121 -0.0179615 0.0888865 -0.00019004 0.000498104 0.000155414 -0.00019004 0.0104176 -0.0188526 -0.000193121 0.000498104 -0.0188526 0.0910649 
0.00967783 -0.0179492 0.000165786 -0.000195446 -0.0179492 0.0888708 -0.000188748 0.000491783 0.000165786 -0.000188748 0.010429 -0.0188646 -0.000195446 0.000491783 -0.0188646 0.0911121 
0.00967661 -0.0179391 0.000182206 -0.000211688 -0.0179391 0.0888265 -0.000204911 0.000517114 0.000182206 -0.000204911 0.010461 -0.0188937 -0.000211688 0.000517114 -0.0188937 0.0911936 
0.00968498 -0.0179503 0.000177742 -0.000219511 -0.0179503 0.0888386 -0.000215325 0.000531996 0.000177742 -0.000215325 0.0104612 -0.0189173 -0.000219511 0.000531996 -0.0189173 0.0912422 
0.00968699 -0.0179457 0.0001598 -0.000210192 -0.0179457 0.0888192 -0.000208936 0.000522445 0.0001598 -0.000208936 0.010439 -0.0189309 -0.000210192 0.000522445 -0.0189309 0.0913003 
0.00967836 -0.0179483 0.000156199 -0.000201319 -0.0179483 0.0888191 -0.000202259 0.000515447 0.000156199 -0.000202259 0.0104261 -0.0189016 -0.000201319 0.000515447 -0.0189016 0.0912737 
0.00965334 -0.017938 0.000152092 -0.000161728 -0.017938 0.0888072 -0.000165927 0.000414931 0.000152092 -0.000165927 0.0104095 -0.0188735 -0.000161728 0.000414931 -0.0188735 0.0911887 
0.00968018 -0.0179264 0.000164384 -0.000170402 -0.0179264 0.0888054 -0.000178303 0.000406233 0.000164384 -0.000178303 0.0103659 -0.0188371 -0.000170402 0.000406233 -0.0188371 0.0910833 
0.00969138 -0.017951 0.000179654 -0.000195183 -0.017951 0.0888276 -0.000205967 0.000459936 0.000179654 -0.000205967 0.0103312 -0.0187778 -0.000195183 0.000459936 -0.0187778 0.0909397 
0.00967666 -0.0179442 0.00014399 -0.000184464 -0.0179442 0.0888041 -0.000195088 0.000436702 0.00014399 -0.000195088 0.0103078 -0.0187399 -0.000184464 0.000436702 -0.0187399 0.0908214 
0.00968832 -0.017932 0.000113267 -0.000153468 -0.017932 0.088781 -0.000160888 0.000385764 0.000113267 -0.000160888 0.0102741 -0.0187049 -0.000153468 0.000385764 -0.0187049 0.090719 
0.00973924 -0.0179455 9.39668e-05 -0.000139867 -0.0179455 0.08879 -0.000139621 0.000354595 9.39668e-05 -0.000139621 0.0102241 -0.01867 -0.000139867 0.000354595 -0.01867 0.0906404 
0.00974171 -0.0179841 8.16201e-05 -0.000125176 -0.0179841 0.088827 -0.000118861 0.000321839 8.16201e-05 -0.000118861 0.0102076 -0.0186153 -0.000125176 0.000321839 -0.0186153 0.0905221 
0.00971747 -0.0180043 0.00011045 -0.000126964 -0.0180043 0.0889025 -0.000121079 0.000331151 0.00011045 -0.000121079 0.0102167 -0.0185726 -0.000126964 0.000331151 -0.0185726 0.0903749 
0.00968844 -0.0179535 0.000136118 -0.000144034 -0.0179535 0.0888251 -0.00014244 0.000348148 0.000136118 -0.00014244 0.0102314 -0.0185998 -0.000144034 0.000348148 -0.0185998 0.0903804 
0.00968123 -0.017949 0.0001346 -0.00014954 -0.017949 0.088814 -0.000151771 0.000348968 0.0001346 -0.000151771 0.010227 -0.0185967 -0.00014954 0.000348968 -0.0185967 0.0903683 
0.00967528 -0.0179566 0.000112859 -0.000153133 -0.0179566 0.0888481 -0.000157976 0.00036499 0.000112859 -0.000157976 0.0102459 -0.0185951 -0.000153133 0.00036499 -0.0185951 0.090375 
0.00965762 -0.0179488 0.000114025 -0.000149125 -0.0179488 0.0888463 -0.000153566 0.000387225 0.000114025 -0.000153566 0.0102797 -0.0186171 -0.000149125 0.000387225 -0.0186171 0.0904145 
0.00962745 -0.0179022 0.00013297 -0.000177044 -0.0179022 0.0887392 -0.000175807 0.000456799 0.00013297 -0.000175807 0.0103092 -0.018674 -0.000177044 0.000456799 -0.018674 0.0905379 
0.00958429 -0.0178431 0.000133332 -0.000194816 -0.0178431 0.0885713 -0.000188425 0.000500352 0.000133332 -0.000188425 0.0103377 -0.0187235 -0.000194816 0.000500352 -0.0187235 0.0906823 
0.00957874 -0.017822 0.000115938 -0.000177675 -0.017822 0.0885062 -0.000169763 0.000469488 0.000115938 -0.000169763 0.0103434 -0.0187342 -0.000177675 0.000469488 -0.0187342 0.0907323 
0.00957297 -0.0178102 8.54932e-05 -0.000127563 -0.0178102 0.0884579 -0.000121856 0.000346213 8.54932e-05 -0.000121856 0.0103609 -0.0187504 -0.000127563 0.000346213 -0.0187504 0.0907868 
0.0095952 -0.0177938 9.8313e-05 -9.82276e-05 -0.0177938 0.0884073 -9.7755e-05 0.000263733 9.8313e-05 -9.7755e-05 0.0103369 -0.0187781 -9.82276e-05 0.000263733 -0.0187781 0.090854 
0.00962098 -0.0178322 0.000112639 -0.000119539 -0.0178322 0.0884633 -0.000119724 0.000272714 0.000112639 -0.000119724 0.0103186 -0.0187475 -0.000119539 0.000272714 -0.0187475 0.0908373 
0.00964042 -0.0178578 0.00011842 -0.000127011 -0.0178578 0.0885301 -0.000123512 0.000284068 0.00011842 -0.000123512 0.0102999 -0.018728 -0.000127011 0.000284068 -0.018728 0.0907889 
0.00964731 -0.0178826 0.000118129 -0.000147081 -0.0178826 0.0885983 -0.000140807 0.000331127 0.000118129 -0.000140807 0.0103039 -0.0187104 -0.000147081 0.000331127 -0.0187104 0.0907512 
0.00966275 -0.0179004 0.000105993 -0.000142233 -0.0179004 0.0886641 -0.000135515 0.000338696 0.000105993 -0.000135515 0.0103041 -0.0187091 -0.000142233 0.000338696 -0.0187091 0.0907248 
0.0096854 -0.0179404 0.000107047 -0.000136489 -0.0179404 0.0887725 -0.000130789 0.000341749 0.000107047 -0.000130789 0.0103079 -0.0186922 -0.000136489 0.000341749 -0.0186922 0.090673 
0.00967758 -0.0179617 9.82053e-05 -0.000143984 -0.0179617 0.0888346 -0.000140874 0.000359885 9.82053e-05 -0.000140874 0.0103076 -0.0186862 -0.000143984 0.000359885 -0.0186862 0.0906238 
0.00966035 -0.0179108 9.76602e-05 -0.000126834 -0.0179108 0.0887359 -0.000123039 0.000337195 9.76602e-05 -0.000123039 0.0103242 -0.0187298 -0.000126834 0.000337195 -0.0187298 0.0907266 
0.00962555 -0.0178736 9.47495e-05 -0.000119367 -0.0178736 0.0886072 -0.000117037 0.000306646 9.47495e-05 -0.000117037 0.0103545 -0.018762 -0.000119367 0.000306646 -0.018762 0.0908364 
0.0096324 -0.0178489 7.50152e-05 -0.000118515 -0.0178489 0.0885361 -0.00011907 0.00029865 7.50152e-05 -0.00011907 0.0103336 -0.0187772 -0.000118515 0.00029865 -0.0187772 0.0908744 
0.0096703 -0.017871 5.64692e-05 -8.30979e-05 -0.017871 0.0885638 -8.68746e-05 0.000234457 5.64692e-05 -8.68746e-05 0.010295 -0.0187447 -8.30979e-05 0.000234457 -0.0187447 0.0908309 
0.00965547 -0.0178958 5.82126e-05 -6.83355e-05 -0.0178958 0.0885983 -7.16795e-05 0.000191058 5.82126e-05 -7.16795e-05 0.0102932 -0.0187069 -6.83355e-05 0.000191058 -0.0187069 0.0907501 
0.00964912 -0.0178946 6.98936e-05 -8.1911e-05 -0.0178946 0.0886353 -8.28871e-05 0.000206963 6.98936e-05 -8.28871e-05 0.0102982 -0.0186925 -8.1911e-05 0.000206963 -0.0186925 0.0906796 
0.00964124 -0.0178838 7.78364e-05 -8.4703e-05 -0.0178838 0.0886207 -8.40747e-05 0.000207166 7.78364e-05 -8.40747e-05 0.0102998 -0.0186928 -8.4703e-05 0.000207166 -0.0186928 0.090649 
0.00964524 -0.017874 7.98674e-05 -8.51776e-05 -0.017874 0.0885964 -8.45655e-05 0.000199264 7.98674e-05 -8.45655e-05 0.0102673 -0.0186919 -8.51776e-05 0.000199264 -0.0186919 0.0906322 
0.00966046 -0.0178939 7.2503e-05 -9.76838e-05 -0.0178939 0.0886384 -9.93726e-05 0.000228364 7.2503e-05 -9.93726e-05 0.0102501 -0.0186489 -9.76838e-05 0.000228364 -0.0186489 0.0905649 
0.00968843 -0.0179181 6.5723e-05 -7.84277e-05 -0.0179181 0.0887045 -8.08841e-05 0.000203016 6.5723e-05 -8.08841e-05 0.0102317 -0.018623 -7.84277e-05 0.000203016 -0.018623 0.0904857 
0.00969982 -0.0179477 7.56753e-05 -8.59053e-05 -0.0179477 0.0887714 -8.5643e-05 0.000214554 7.56753e-05 -8.5643e-05 0.0102212 -0.0186044 -8.59053e-05 0.000214554 -0.0186044 0.0904307 
0.00966713 -0.0179321 8.89027e-05 -0.000103792 -0.0179321 0.08874 -0.000101638 0.000253329 8.89027e-05 -0.000101638 0.0102369 -0.0186131 -0.000103792 0.000253329 -0.0186131 0.0904489 
0.00963283 -0.01789 8.07223e-05 -0.000107294 -0.01789 0.0886572 -0.000106529 0.000261913 8.07223e-05 -0.000106529 0.0102594 -0.018633 -0.000107294 0.000261913 -0.018633 0.0904911 
0.00958577 -0.0178209 8.60075e-05 -0.000106369 -0.0178209 0.088477 -0.000105915 0.000274385 8.60075e-05 -0.000105915 0.0102798 -0.0186776 -0.000106369 0.000274385 -0.0186776 0.0905973 
0.009591 -0.01781 8.5272e-05 -0.000113405 -0.01781 0.0884392 -0.000112968 0.000285022 8.5272e-05 -0.000112968 0.0102683 -0.0186659 -0.000113405 0.000285022 -0.0186659 0.0905896 
0.00963607 -0.0178309 0.00010358 -9.83983e-05 -0.0178309 0.0884781 -0.000102661 0.000260095 0.00010358 -0.000102661 0.0102487 -0.0186449 -9.83983e-05 0.000260095 -0.0186449 0.0905456 
0.00964712 -0.0178615 0.000110059 -0.000122239 -0.0178615 0.0885136 -0.000130546 0.000288814 0.000110059 -0.000130546 0.0102416 -0.0186312 -0.000122239 0.000288814 -0.0186312 0.0905081 
0.0096669 -0.0179061 0.000124702 -0.000133385 -0.0179061 0.0886413 -0.000143046 0.000331208 0.000124702 -0.000143046 0.0102387 -0.0186064 -0.000133385 0.000331208 -0.0186064 0.0904396 
0.00967836 -0.0178963 0.000130065 -0.000165655 -0.0178963 0.0886348 -0.000171353 0.000406693 0.000130065 -0.000171353 0.0102113 -0.0186207 -0.000165655 0.000406693 -0.0186207 0.0904477 
0.00967792 -0.0179072 0.00010089 -0.000150768 -0.0179072 0.0886404 -0.000151378 0.000386224 0.00010089 -0.000151378 0.0101898 -0.0185855 -0.000150768 0.000386224 -0.0185855 0.0903969 
0.00966167 -0.0178789 9.21932e-05 -0.000133727 -0.0178789 0.08857 -0.000128667 0.000362089 9.21932e-05 -0.000128667 0.0101733 -0.0185688 -0.000133727 0.000362089 -0.0185688 0.0903475 
0.00965554 -0.0178948 7.82307e-05 -0.000107654 -0.0178948 0.088607 -9.89208e-05 0.000286641 7.82307e-05 -9.89208e-05 0.0101703 -0.0185191 -0.000107654 0.000286641 -0.0185191 0.0902198 
0.00964726 -0.0178854 7.29052e-05 -8.77599e-05 -0.0178854 0.0886052 -8.21311e-05 0.000225617 7.29052e-05 -8.21311e-05 0.0101743 -0.018515 -8.77599e-05 0.000225617 -0.018515 0.0901588 
0.00963256 -0.0178558 6.92765e-05 -8.07598e-05 -0.0178558 0.0885326 -8.34222e-05 0.00020095 6.92765e-05 -8.34222e-05 0.0101873 -0.0185384 -8.07598e-05 0.00020095 -0.0185384 0.0902004 
0.0096121 -0.0178441 5.81844e-05 -5.99831e-05 -0.0178441 0.0884905 -6.7608e-05 0.000149139 5.81844e-05 -6.7608e-05 0.0102001 -0.0185472 -5.99831e-05 0.000149139 -0.0185472 0.0902268 
0.00961259 -0.0178307 4.92527e-05 -6.42232e-05 -0.0178307 0.0884705 -6.94819e-05 0.00015108 4.92527e-05 -6.94819e-05 0.0102102 -0.018564 -6.42232e-05 0.00015108 -0.018564 0.0902732 
0.00961858 -0.0178364 4.34502e-05 -6.14931e-05 -0.0178364 0.0884734 -6.06705e-05 0.000151066 4.34502e-05 -6.06705e-05 0.010202 -0.0185664 -6.14931e-05 0.000151066 -0.0185664 0.090282 
0.00964372 -0.0178378 5.8107e-05 -7.04577e-05 -0.0178378 0.0884745 -6.51541e-05 0.00017633 5.8107e-05 -6.51541e-05 0.0101574 -0.0185579 -7.04577e-05 0.00017633 -0.0185579 0.0902707 
