0.00774242 0 -0.000328246 0 0 0.01 0 0 -0.000328246 0 0.00695587 0 0 0 0 0.01 
0.0108317 -0.0134473 -0.00039737 0.000490226 -0.0134473 0.0349588 0.000490226 -0.000939833 -0.00039737 0.000490226 0.00989097 -0.0122882 0.000490226 -0.000939833 -0.0122882 0.0327357 
0.0107067 -0.0200729 -0.000337657 0.000572638 -0.0200729 0.0733436 0.000572638 -0.00182441 -0.000337657 0.000572638 0.0100812 -0.0188673 0.000572638 -0.00182441 -0.0188673 0.0695042 
0.0100381 -0.0194768 -0.000277932 0.000409092 -0.0194768 0.0868668 0.000400445 -0.00142701 -0.000277932 0.000400445 0.00956313 -0.0187017 0.000409092 -0.00142701 -0.0187017 0.0839586 
0.0100299 -0.0186491 -0.000277233 0.000342566 -0.0186491 0.0892775 0.000326658 -0.000953287 -0.000277233 0.000326658 0.00952821 -0.0180706 0.000342566 -0.000953287 -0.0180706 0.0875362 
0.0102279 -0.0185684 -0.000294778 0.00035896 -0.0185684 0.0899368 0.000343569 -0.000840895 -0.000294778 0.000343569 0.00966503 -0.0179597 0.00035896 -0.000840895 -0.0179597 0.0885513 
0.0103778 -0.018759 -0.000292101 0.000379033 -0.018759 0.0906088 0.000367369 -0.000883733 -0.000292101 0.000367369 0.00974694 -0.0179894 0.000379033 -0.000883733 -0.0179894 0.0888874 
0.0104346 -0.0188481 -0.00029153 0.000386644 -0.0188481 0.090972 0.00037698 -0.000949443 -0.00029153 0.00037698 0.00976543 -0.0180437 0.000386644 -0.000949443 -0.0180437 0.08905 
0.0104411 -0.0188694 -0.00029294 0.000378339 -0.0188694 0.0910802 0.000372121 -0.000961517 -0.00029294 0.000372121 0.00977931 -0.018059 0.000378339 -0.000961517 -0.018059 0.0891085 
0.01042 -0.0188534 -0.000299927 0.000362975 -0.0188534 0.0910465 0.000360126 -0.00092656 -0.000299927 0.000360126 0.00979517 -0.0180865 0.000362975 -0.00092656 -0.0180865 0.089166 
0.0104063 -0.0188355 -0.000299904 0.000365018 -0.0188355 0.0910032 0.000365157 -0.000910622 -0.000299904 0.000365157 0.00978599 -0.018104 0.000365018 -0.000910622 -0.018104 0.0892114 
0.0103753 -0.0188131 -0.000304655 0.000379147 -0.0188131 0.0909344 0.000380384 -0.000941874 -0.000304655 0.000380384 0.0097477 -0.0180848 0.000379147 -0.000941874 -0.0180848 0.0891883 
0.0103459 -0.0188021 -0.000294545 0.000384678 -0.0188021 0.0909247 0.000386632 -0.000967481 -0.000294545 0.000386632 0.00972671 -0.0180101 0.000384678 -0.000967481 -0.0180101 0.0890309 
0.0103431 -0.0187834 -0.000263871 0.000348625 -0.0187834 0.0909197 0.000352143 -0.000897632 -0.000263871 0.000352143 0.00973094 -0.0179722 0.000348625 -0.000897632 -0.0179722 0.0888913 
0.0103766 -0.0187864 -0.000261605 0.000316543 -0.0187864 0.0909279 0.000323344 -0.00082502 -0.000261605 0.000323344 0.00972229 -0.017972 0.000316543 -0.00082502 -0.017972 0.088835 
0.010376 -0.0188085 -0.000261784 0.00029351 -0.0188085 0.0909439 0.000299966 -0.000735731 -0.000261784 0.000299966 0.00973018 -0.0179798 0.00029351 -0.000735731 -0.0179798 0.0888459 
0.0103558 -0.0187947 -0.000261421 0.000302492 -0.0187947 0.0909287 0.000307701 -0.000727871 -0.000261421 0.000307701 0.00976262 -0.0180258 0.000302492 -0.000727871 -0.0180258 0.0889701 
0.0103678 -0.0187884 -0.000265439 0.000330144 -0.0187884 0.0909334 0.000334092 -0.000803979 -0.000265439 0.000334092 0.00977824 -0.018055 0.000330144 -0.000803979 -0.018055 0.0890644 
0.0103763 -0.0188074 -0.000265789 0.000328121 -0.0188074 0.0909663 0.000331765 -0.000824306 -0.000265789 0.000331765 0.00977912 -0.0180685 0.000328121 -0.000824306 -0.0180685 0.0891162 
0.0103664 -0.0187999 -0.000252297 0.000314984 -0.0187999 0.0909537 0.000316289 -0.000790421 -0.000252297 0.000316289 0.00980124 -0.0180966 0.000314984 -0.000790421 -0.0180966 0.0892101 
0.0103505 -0.0187962 -0.000232913 0.000321708 -0.0187962 0.0909443 0.000320881 -0.000807133 -0.000232913 0.000320881 0.00977937 -0.0180953 0.000321708 -0.000807133 -0.0180953 0.0892098 
0.0103294 -0.0187811 -0.000225786 0.000307809 -0.0187811 0.0909292 0.000304631 -0.000796037 -0.000225786 0.000304631 0.00975291 -0.0180652 0.000307809 -0.000796037 -0.0180652 0.0891577 
0.0103251 -0.0187673 -0.000233082 0.000282806 -0.0187673 0.0909228 0.000278388 -0.000733182 -0.000233082 0.000278388 0.00975372 -0.0180305 0.000282806 -0.000733182 -0.0180305 0.0890751 
0.0103025 -0.0187422 -0.000242158 0.000306857 -0.0187422 0.0908478 0.00030157 -0.000758824 -0.000242158 0.00030157 0.00975864 -0.0180292 0.000306857 -0.000758824 -0.0180292 0.0890306 
0.0103197 -0.0187189 -0.000259577 0.000326016 -0.0187189 0.0907846 0.000319893 -0.000812508 -0.000259577 0.000319893 0.00972782 -0.0180214 0.000326016 -0.000812508 -0.0180214 0.0889888 
0.0103475 -0.0187327 -0.000241434 0.000316789 -0.0187327 0.0907703 0.000311216 -0.0007839 -0.000241434 0.000311216 0.00969636 -0.0179907 0.000316789 -0.0007839 -0.0179907 0.0889347 
0.0103643 -0.0187866 -0.000232725 0.000297794 -0.0187866 0.0908857 0.000294548 -0.000754036 -0.000232725 0.000294548 0.00969319 -0.0179464 0.000297794 -0.000754036 -0.0179464 0.0888338 
0.0103237 -0.0188086 -0.000255927 0.000282743 -0.0188086 0.0909705 0.000283355 -0.000716135 -0.000255927 0.000283355 0.00973565 -0.0179348 0.000282743 -0.000716135 -0.0179348 0.0887599 
0.0102906 -0.0187619 -0.000260532 0.000303615 -0.0187619 0.0909257 0.000305476 -0.000726626 -0.000260532 0.000305476 0.0097516 -0.0179762 0.000303615 -0.000726626 -0.0179762 0.0887906 
0.0102353 -0.0186905 -0.000247265 0.000325492 -0.0186905 0.0907496 0.000325291 -0.000786106 -0.000247265 0.000325291 0.00977938 -0.0180284 0.000325492 -0.000786106 -0.0180284 0.088935 
0.010217 -0.0186462 -0.00024133 0.000311729 -0.0186462 0.0906348 0.000307755 -0.000789215 -0.00024133 0.000307755 0.00977979 -0.0180363 0.000311729 -0.000789215 -0.0180363 0.0889778 
0.0101976 -0.0185936 -0.00025102 0.000326372 -0.0185936 0.0904719 0.000320372 -0.00082683 -0.00025102 0.000320372 0.00977817 -0.0180617 0.000326372 -0.00082683 -0.0180617 0.08906 
0.0102157 -0.0185701 -0.000242015 0.000302726 -0.0185701 0.0903844 0.000296597 -0.00076695 -0.000242015 0.000296597 0.00976928 -0.0180756 0.000302726 -0.00076695 -0.0180756 0.0891312 
0.010247 -0.0185995 -0.00024689 0.000297424 -0.0185995 0.0903992 0.000292394 -0.000741989 -0.00024689 0.000292394 0.00974335 -0.0180474 0.000297424 -0.000741989 -0.0180474 0.0890955 
0.0102537 -0.0186328 -0.00025391 0.000313872 -0.0186328 0.0904637 0.000309659 -0.000773018 -0.00025391 0.000309659 0.00974532 -0.0180253 0.000313872 -0.000773018 -0.0180253 0.0890505 
0.0102566 -0.0186575 -0.000247539 0.000314513 -0.0186575 0.0905515 0.000313201 -0.000781643 -0.000247539 0.000313201 0.00974801 -0.0180127 0.000314513 -0.000781643 -0.0180127 0.0889942 
0.0102552 -0.0186462 -0.000257452 0.00030646 -0.0186462 0.0905509 0.000308403 -0.000777048 -0.000257452 0.000308403 0.00975531 -0.0180346 0.00030646 -0.000777048 -0.0180346 0.0890284 
0.0102545 -0.0186367 -0.000282092 0.000326684 -0.0186367 0.0905234 0.000330156 -0.000816098 -0.000282092 0.000330156 0.009766 -0.0180472 0.000326684 -0.000816098 -0.0180472 0.089066 
0.01026 -0.0186316 -0.000296841 0.000361315 -0.0186316 0.0904981 0.000363079 -0.000888935 -0.000296841 0.000363079 0.00976516 -0.0180601 0.000361315 -0.000888935 -0.0180601 0.0890964 
0.0102381 -0.0186679 -0.000261073 0.000370675 -0.0186679 0.0905734 0.000369555 -0.000920584 -0.000261073 0.000369555 0.00976504 -0.0180214 0.000370675 -0.000920584 -0.0180214 0.0890061 
0.0102165 -0.0186176 -0.000222192 0.000320702 -0.0186176 0.0905115 0.000317846 -0.000844641 -0.000222192 0.000317846 0.00977353 -0.0180529 0.000320702 -0.000844641 -0.0180529 0.0890484 
0.0102076 -0.0185968 -0.000186005 0.000261597 -0.0185968 0.0904477 0.0002574 -0.000695607 -0.000186005 0.0002574 0.00976165 -0.0180535 0.000261597 -0.000695607 -0.0180535 0.0890639 
0.010217 -0.0186022 -0.000160774 0.000218847 -0.0186022 0.0904557 0.000214763 -0.000569419 -0.000160774 0.000214763 0.00974208 -0.0180227 0.000218847 -0.000569419 -0.0180227 0.0890014 
0.0102379 -0.0186326 -0.000164111 0.000202122 -0.0186326 0.0905313 0.000201149 -0.000515964 -0.000164111 0.000201149 0.00973011 -0.0179729 0.000202122 -0.000515964 -0.0179729 0.0888643 
0.0102212 -0.0186371 -0.000176259 0.000212087 -0.0186371 0.0905342 0.000214664 -0.000523598 -0.000176259 0.000214664 0.00971691 -0.0179572 0.000212087 -0.000523598 -0.0179572 0.0887798 
0.0102292 -0.01859 -0.000184294 0.000240608 -0.01859 0.0904337 0.000243142 -0.000594053 -0.000184294 0.000243142 0.00968703 -0.0179717 0.000240608 -0.000594053 -0.0179717 0.0888096 
0.0102099 -0.0185822 -0.000215398 0.00025661 -0.0185822 0.0903473 0.000258582 -0.000655681 -0.000215398 0.000258582 0.00967615 -0.0179398 0.00025661 -0.000655681 -0.0179398 0.0887807 
0.0101791 -0.0185913 -0.000230731 0.000261194 -0.0185913 0.090377 0.000265993 -0.000651426 -0.000230731 0.000265993 0.00969282 -0.017896 0.000261194 -0.000651426 -0.017896 0.0886577 
0.0101545 -0.0185675 -0.000246887 0.00029129 -0.0185675 0.0903708 0.000298093 -0.000717271 -0.000246887 0.000298093 0.00969712 -0.0179003 0.00029129 -0.000717271 -0.0179003 0.0885967 
0.0101323 -0.0185087 -0.000260199 0.000322822 -0.0185087 0.0902398 0.000327484 -0.000805757 -0.000260199 0.000327484 0.00971236 -0.0179371 0.000322822 -0.000805757 -0.0179371 0.0886774 
0.0101175 -0.0184599 -0.000272141 0.000344611 -0.0184599 0.0900815 0.000345058 -0.000872741 -0.000272141 0.000345058 0.00970985 -0.0179682 0.000344611 -0.000872741 -0.0179682 0.0887716 
0.0101162 -0.018465 -0.000247495 0.000335354 -0.018465 0.0900584 0.00033239 -0.000854214 -0.000247495 0.00033239 0.0097132 -0.0179482 0.000335354 -0.000854214 -0.0179482 0.0887628 
0.0101046 -0.018444 -0.000225514 0.000302836 -0.018444 0.0899939 0.000297088 -0.000784178 -0.000225514 0.000297088 0.00971102 -0.0179609 0.000302836 -0.000784178 -0.0179609 0.0887799 
0.0101104 -0.0184518 -0.000184946 0.000259287 -0.0184518 0.0900076 0.000253555 -0.000666 -0.000184946 0.000253555 0.00970346 -0.0179454 0.000259287 -0.000666 -0.0179454 0.0887577 
0.0100937 -0.0184517 -0.000137281 0.000210695 -0.0184517 0.0900108 0.000209245 -0.000547979 -0.000137281 0.000209245 0.00972194 -0.0179477 0.000210695 -0.000547979 -0.0179477 0.0887621 
0.0101043 -0.0184048 -0.000122421 0.000171211 -0.0184048 0.0899087 0.000175734 -0.000465895 -0.000122421 0.000175734 0.00970057 -0.0179852 0.000171211 -0.000465895 -0.0179852 0.0888331 
0.0101359 -0.0184196 -0.000139139 0.000155698 -0.0184196 0.0898949 0.000165681 -0.000422747 -0.000139139 0.000165681 0.00967636 -0.0179687 0.000155698 -0.000422747 -0.0179687 0.0888549 
0.0101756 -0.0184828 -0.000168974 0.000186991 -0.0184828 0.0900256 0.000196683 -0.000469903 -0.000168974 0.000196683 0.00964192 -0.0179123 0.000186991 -0.000469903 -0.0179123 0.0887352 
0.0101705 -0.0185398 -0.00020983 0.000248965 -0.0185398 0.0901862 0.000253223 -0.000613388 -0.00020983 0.000253223 0.00965227 -0.0178628 0.000248965 -0.000613388 -0.0178628 0.0885942 
0.0101553 -0.0185439 -0.000229641 0.000266609 -0.0185439 0.0902714 0.000265019 -0.000658218 -0.000229641 0.000265019 0.00968214 -0.0178706 0.000266609 -0.000658218 -0.0178706 0.0885441 
0.0101358 -0.0185233 -0.000220987 0.000277232 -0.0185233 0.0902546 0.00027536 -0.000677605 -0.000220987 0.00027536 0.0097071 -0.0179029 0.000277232 -0.000677605 -0.0179029 0.0885789 
0.0101178 -0.0184986 -0.00020834 0.000258704 -0.0184986 0.0902005 0.000260153 -0.000650701 -0.00020834 0.000260153 0.00971277 -0.0179282 0.000258704 -0.000650701 -0.0179282 0.0886301 
0.0100803 -0.0184775 -0.000226493 0.0002735 -0.0184775 0.090138 0.000275464 -0.000688086 -0.000226493 0.000275464 0.00971749 -0.0179214 0.0002735 -0.000688086 -0.0179214 0.0886281 
0.0100684 -0.018438 -0.000246399 0.000296496 -0.018438 0.0900642 0.000299928 -0.0007423 -0.000246399 0.000299928 0.00970619 -0.0179228 0.000296496 -0.0007423 -0.0179228 0.0886196 
0.0100601 -0.0183816 -0.000246512 0.000298365 -0.0183816 0.0899002 0.000300931 -0.000745763 -0.000246512 0.000300931 0.00971744 -0.0179579 0.000298365 -0.000745763 -0.0179579 0.0887287 
0.0100766 -0.0183742 -0.000227019 0.000298796 -0.0183742 0.0898191 0.000295538 -0.000736961 -0.000227019 0.000295538 0.0096976 -0.0179581 0.000298796 -0.000736961 -0.0179581 0.0887557 
0.0100729 -0.018384 -0.000210694 0.000274429 -0.018384 0.0897975 0.000268252 -0.000691794 -0.000210694 0.000268252 0.00970269 -0.0179459 0.000274429 -0.000691794 -0.0179459 0.0887598 
0.0100819 -0.0183871 -0.00020825 0.000272786 -0.0183871 0.0898144 0.00026569 -0.000689054 -0.00020825 0.00026569 0.00971631 -0.0179573 0.000272786 -0.000689054 -0.0179573 0.0887847 
0.0101043 -0.018419 -0.000206208 0.000258952 -0.018419 0.08989 0.000253255 -0.000659323 -0.000206208 0.000253255 0.00971796 -0.0179529 0.000258952 -0.000659323 -0.0179529 0.0887671 
0.0101008 -0.0184434 -0.000218285 0.000276934 -0.0184434 0.0899552 0.000272835 -0.000698731 -0.000218285 0.000272835 0.00972616 -0.0179599 0.000276934 -0.000698731 -0.0179599 0.0887771 
0.0100725 -0.0184324 -0.00020073 0.000270476 -0.0184324 0.0899596 0.000266239 -0.000682469 -0.00020073 0.000266239 0.00975109 -0.0179876 0.000270476 -0.000682469 -0.0179876 0.0888475 
0.0100727 -0.0184134 -0.000194565 0.000237099 -0.0184134 0.0899477 0.000232692 -0.000609666 -0.000194565 0.000232692 0.00975113 -0.0180017 0.000237099 -0.000609666 -0.0180017 0.0888797 
0.0100877 -0.018425 -0.000198999 0.000233972 -0.018425 0.0899685 0.000232116 -0.000581661 -0.000198999 0.000232116 0.00973715 -0.0179875 0.000233972 -0.000581661 -0.0179875 0.0888561 
0.0100761 -0.018432 -0.000219967 0.000242484 -0.018432 0.0899763 0.00024591 -0.000596754 -0.000219967 0.00024591 0.00975082 -0.0179781 0.000242484 -0.000596754 -0.0179781 0.0888364 
0.0100585 -0.0184098 -0.000246624 0.000281645 -0.0184098 0.0899341 0.000285068 -0.000679906 -0.000246624 0.000285068 0.009763 -0.0179964 0.000281645 -0.000679906 -0.0179964 0.0888546 
0.0100552 -0.0183762 -0.000261311 0.00032707 -0.0183762 0.0898477 0.000325961 -0.00079439 -0.000261311 0.000325961 0.00975775 -0.0180219 0.00032707 -0.00079439 -0.0180219 0.0889181 
0.0100707 -0.018391 -0.00027507 0.000346384 -0.018391 0.0898607 0.000341973 -0.000868641 -0.00027507 0.000341973 0.00974723 -0.0180053 0.000346384 -0.000868641 -0.0180053 0.0889099 
0.0100628 -0.0184037 -0.000261435 0.000337804 -0.0184037 0.0898932 0.000334514 -0.000856235 -0.000261435 0.000334514 0.00979012 -0.0180183 0.000337804 -0.000856235 -0.0180183 0.0889509 
0.0100711 -0.018411 -0.000264891 0.000335761 -0.018411 0.0899336 0.000334624 -0.000865767 -0.000264891 0.000334624 0.00980232 -0.0180487 0.000335761 -0.000865767 -0.0180487 0.0889874 
0.010048 -0.0184236 -0.000263448 0.000341939 -0.0184236 0.0899701 0.000337788 -0.000873887 -0.000263448 0.000337788 0.00983683 -0.0180667 0.000341939 -0.000873887 -0.0180667 0.0890408 
0.01004 -0.018379 -0.000248258 0.000330444 -0.018379 0.0898899 0.000322582 -0.000841611 -0.000248258 0.000322582 0.0098245 -0.0181134 0.000330444 -0.000841611 -0.0181134 0.089136 
0.0100481 -0.0183637 -0.000235 0.000308715 -0.0183637 0.0898247 0.000302382 -0.000791944 -0.000235 0.000302382 0.00980451 -0.0181093 0.000308715 -0.000791944 -0.0181093 0.089187 
0.0100615 -0.0183612 -0.000223763 0.000277569 -0.0183612 0.0897872 0.000276845 -0.000711403 -0.000223763 0.000276845 0.00978852 -0.0180935 0.000277569 -0.000711403 -0.0180935 0.0891795 
0.0100942 -0.018395 -0.000242596 0.000286864 -0.018395 0.0898479 0.000290169 -0.00072443 -0.000242596 0.000290169 0.00975595 -0.0180537 0.000286864 -0.00072443 -0.0180537 0.0890866 
0.0101082 -0.0184403 -0.000262146 0.000308829 -0.0184403 0.0899498 0.000314623 -0.000766348 -0.000262146 0.000314623 0.00973367 -0.0180012 0.000308829 -0.000766348 -0.0180012 0.0889483 
0.010117 -0.0184535 -0.000284445 0.000320455 -0.0184535 0.0900187 0.000325168 -0.000792215 -0.000284445 0.000325168 0.00974456 -0.0179939 0.000320455 -0.000792215 -0.0179939 0.0889048 
0.0101215 -0.0184868 -0.000289246 0.000349866 -0.0184868 0.0901148 0.000348557 -0.000842935 -0.000289246 0.000348557 0.00976049 -0.0179834 0.000349866 -0.000842935 -0.0179834 0.0888506 
0.0101116 -0.0184862 -0.000278542 0.000378834 -0.0184862 0.0901498 0.000372451 -0.000929763 -0.000278542 0.000372451 0.0097871 -0.0180123 0.000378834 -0.000929763 -0.0180123 0.0888829 
0.0101223 -0.018475 -0.000278029 0.000347228 -0.018475 0.0901487 0.000340585 -0.000894135 -0.000278029 0.000340585 0.00980139 -0.0180606 0.000347228 -0.000894135 -0.0180606 0.0889965 
0.0101407 -0.0184968 -0.00026196 0.000342493 -0.0184968 0.090188 0.000339539 -0.000862366 -0.00026196 0.000339539 0.00979117 -0.0180717 0.000342493 -0.000862366 -0.0180717 0.0890545 
0.0101555 -0.0185132 -0.000270441 0.000323477 -0.0185132 0.0902262 0.000325819 -0.000830408 -0.000270441 0.000325819 0.00977781 -0.0180679 0.000323477 -0.000830408 -0.0180679 0.0890786 
0.01015 -0.0185452 -0.00029151 0.000344403 -0.0185452 0.0903041 0.000349069 -0.000862885 -0.00029151 0.000349069 0.00977772 -0.0180325 0.000344403 -0.000862885 -0.0180325 0.0890085 
0.0101502 -0.0185387 -0.000322558 0.000371326 -0.0185387 0.0903275 0.000376126 -0.000925225 -0.000322558 0.000376126 0.00978605 -0.0180306 0.000371326 -0.000925225 -0.0180306 0.0889719 
0.0101585 -0.0185186 -0.000325678 0.000387731 -0.0185186 0.0902705 0.000393907 -0.000952196 -0.000325678 0.000393907 0.00977495 -0.0180592 0.000387731 -0.000952196 -0.0180592 0.0890261 
0.0101715 -0.0185159 -0.000317796 0.000395842 -0.0185159 0.0902255 0.000403285 -0.000984653 -0.000317796 0.000403285 0.00976237 -0.0180637 0.000395842 -0.000984653 -0.0180637 0.0890849 
0.0101612 -0.0185312 -0.00030997 0.000382198 -0.0185312 0.0902363 0.000391413 -0.000971883 -0.00030997 0.000391413 0.0097885 -0.018056 0.000382198 -0.000971883 -0.018056 0.0891002 
0.0101312 -0.0184948 -0.00029686 0.000384995 -0.0184948 0.0901604 0.000388565 -0.000972432 -0.00029686 0.000388565 0.00982805 -0.0181078 0.000384995 -0.000972432 -0.0181078 0.0892024 
0.0101181 -0.0184765 -0.000270399 0.000360318 -0.0184765 0.0901173 0.000354144 -0.000913229 -0.000270399 0.000354144 0.00986562 -0.0181482 0.000360318 -0.000913229 -0.0181482 0.0893072 
0.0101058 -0.0184727 -0.000263872 0.000327735 -0.0184727 0.0901044 0.000316633 -0.000828214 -0.000263872 0.000316633 0.00990106 -0.0181777 0.000327735 -0.000828214 -0.0181777 0.0893757 
0.0101033 -0.0184617 -0.000284886 0.000334046 -0.0184617 0.0900856 0.000321431 -0.000815539 -0.000284886 0.000321431 0.00991044 -0.01821 0.000334046 -0.000815539 -0.01821 0.0894372 
0.010102 -0.0184512 -0.000306836 0.000369358 -0.0184512 0.0900473 0.000359034 -0.000881829 -0.000306836 0.000359034 0.00988218 -0.0182163 0.000369358 -0.000881829 -0.0182163 0.0894622 
0.0101318 -0.0184729 -0.000295011 0.000382017 -0.0184729 0.0900951 0.000378112 -0.000928743 -0.000295011 0.000378112 0.00983463 -0.0181626 0.000382017 -0.000928743 -0.0181626 0.0893675 
0.0101488 -0.0185203 -0.000282254 0.000367678 -0.0185203 0.0902039 0.000369768 -0.000931958 -0.000282254 0.000369768 0.00981035 -0.0180873 0.000367678 -0.000931958 -0.0180873 0.0891829 
0.0101543 -0.0185238 -0.000264748 0.000346574 -0.0185238 0.0902381 0.000354983 -0.000895011 -0.000264748 0.000354983 0.00979298 -0.0180758 0.000346574 -0.000895011 -0.0180758 0.0891067 
0.0101676 -0.0185434 -0.00024681 0.000332951 -0.0185434 0.0902885 0.000345512 -0.000872359 -0.00024681 0.000345512 0.00976478 -0.0180396 0.000332951 -0.000872359 -0.0180396 0.089015 
0.0101736 -0.0185447 -0.000257395 0.00031967 -0.0185447 0.0902911 0.00033244 -0.000852584 -0.000257395 0.00033244 0.00972324 -0.018011 0.00031967 -0.000852584 -0.018011 0.0889408 
0.0101427 -0.0185246 -0.000274105 0.00032811 -0.0185246 0.0902264 0.000337042 -0.000847015 -0.000274105 0.000337042 0.0097154 -0.0179784 0.00032811 -0.000847015 -0.0179784 0.08888 
0.0101112 -0.0184822 -0.000282893 0.00034698 -0.0184822 0.0901285 0.000347136 -0.000866583 -0.000282893 0.000347136 0.00971443 -0.017966 0.00034698 -0.000866583 -0.017966 0.0888313 
0.010093 -0.0184163 -0.000281254 0.000346557 -0.0184163 0.0899588 0.000342344 -0.00085922 -0.000281254 0.000342344 0.00972364 -0.0179965 0.000346557 -0.00085922 -0.0179965 0.0888992 
0.0100731 -0.0184108 -0.00027145 0.000339973 -0.0184108 0.0898996 0.000338212 -0.000845771 -0.00027145 0.000338212 0.00974889 -0.0179872 0.000339973 -0.000845771 -0.0179872 0.0888915 
0.0100438 -0.0184057 -0.000259567 0.000333656 -0.0184057 0.0898934 0.000333508 -0.000840456 -0.000259567 0.000333508 0.00977137 -0.0179899 0.000333656 -0.000840456 -0.0179899 0.0888551 
0.0100309 -0.0183869 -0.000266473 0.000321129 -0.0183869 0.0898801 0.000318759 -0.000815435 -0.000266473 0.000318759 0.00977205 -0.0179924 0.000321129 -0.000815435 -0.0179924 0.0888169 
0.0100283 -0.0183536 -0.000234154 0.000310068 -0.0183536 0.0897993 0.000304429 -0.000760236 -0.000234154 0.000304429 0.00976913 -0.0180128 0.000310068 -0.000760236 -0.0180128 0.0888603 
0.0100093 -0.018341 -0.000223781 0.000297321 -0.018341 0.0897321 0.000291035 -0.000747731 -0.000223781 0.000291035 0.00976307 -0.0180081 0.000297321 -0.000747731 -0.0180081 0.0888681 
0.0100037 -0.0183394 -0.00021756 0.000289218 -0.0183394 0.0897379 0.000282302 -0.000731153 -0.00021756 0.000282302 0.00975982 -0.0179859 0.000289218 -0.000731153 -0.0179859 0.0888194 
0.0100008 -0.0183088 -0.000230011 0.000303173 -0.0183088 0.0896653 0.000296451 -0.000770596 -0.000230011 0.000296451 0.00974849 -0.0179997 0.000303173 -0.000770596 -0.0179997 0.0888392 
0.0100133 -0.0182916 -0.00025261 0.00031486 -0.0182916 0.0895953 0.000310582 -0.000807846 -0.00025261 0.000310582 0.00972884 -0.0180044 0.00031486 -0.000807846 -0.0180044 0.0888809 
0.0100317 -0.0183118 -0.000246737 0.000315415 -0.0183118 0.0896117 0.000314658 -0.000799264 -0.000246737 0.000314658 0.00972441 -0.0179839 0.000315415 -0.000799264 -0.0179839 0.0888692 
0.0100312 -0.0183165 -0.000232922 0.000306042 -0.0183165 0.0896105 0.000307805 -0.000783756 -0.000232922 0.000307805 0.00972243 -0.0179904 0.000306042 -0.000783756 -0.0179904 0.0888786 
0.0100172 -0.0183287 -0.000234269 0.000280892 -0.0183287 0.0896481 0.000285906 -0.000733637 -0.000234269 0.000285906 0.00974054 -0.0179849 0.000280892 -0.000733637 -0.0179849 0.088876 
0.0100205 -0.018321 -0.000237635 0.000280004 -0.018321 0.0896623 0.000285366 -0.000707042 -0.000237635 0.000285366 0.0097398 -0.0179974 0.000280004 -0.000707042 -0.0179974 0.0888821 
0.0100089 -0.0183267 -0.000257253 0.000284499 -0.0183267 0.089682 0.000288011 -0.000704327 -0.000257253 0.000288011 0.00976734 -0.0180016 0.000284499 -0.000704327 -0.0180016 0.0888989 
0.0100077 -0.0183159 -0.000259223 0.000324596 -0.0183159 0.0896758 0.000325008 -0.000779015 -0.000259223 0.000325008 0.00978343 -0.018026 0.000324596 -0.000779015 -0.018026 0.0889277 
0.0100329 -0.018336 -0.000245479 0.000338359 -0.018336 0.0897259 0.000334401 -0.000843902 -0.000245479 0.000334401 0.00978264 -0.0180258 0.000338359 -0.000843902 -0.0180258 0.0889205 
0.0100549 -0.0183833 -0.000216444 0.00030999 -0.0183833 0.0898372 0.000303024 -0.000803482 -0.000216444 0.000303024 0.00978603 -0.0180112 0.00030999 -0.000803482 -0.0180112 0.0888772 
0.0100706 -0.018405 -0.00022171 0.000276895 -0.018405 0.089914 0.000273219 -0.000735485 -0.00022171 0.000273219 0.00978551 -0.0180256 0.000276895 -0.000735485 -0.0180256 0.0888892 
0.0100923 -0.0184144 -0.000252984 0.000276954 -0.0184144 0.0899461 0.000280827 -0.000707022 -0.000252984 0.000280827 0.00977619 -0.0180421 0.000276954 -0.000707022 -0.0180421 0.0889441 
0.0101039 -0.0184654 -0.000285327 0.000318344 -0.0184654 0.0900651 0.00032806 -0.000778473 -0.000285327 0.00032806 0.00978286 -0.0180153 0.000318344 -0.000778473 -0.0180153 0.0889119 
0.0101139 -0.0184669 -0.000265116 0.000348254 -0.0184669 0.0901052 0.000356126 -0.000847352 -0.000265116 0.000356126 0.00977396 -0.0180401 0.000348254 -0.000847352 -0.0180401 0.0889472 
0.0101082 -0.0184793 -0.000259729 0.00033971 -0.0184793 0.090132 0.00034474 -0.00087399 -0.000259729 0.00034474 0.00974985 -0.018019 0.00033971 -0.00087399 -0.018019 0.088923 
0.0100814 -0.0184301 -0.000240502 0.000320517 -0.0184301 0.0900188 0.000323894 -0.000828455 -0.000240502 0.000323894 0.00974424 -0.0180286 0.000320517 -0.000828455 -0.0180286 0.0889673 
0.0100751 -0.0184148 -0.000235128 0.000297977 -0.0184148 0.0899634 0.000301567 -0.000776596 -0.000235128 0.000301567 0.00973139 -0.0179993 0.000297977 -0.000776596 -0.0179993 0.0889171 
0.0100756 -0.0184014 -0.000257844 0.000295648 -0.0184014 0.0899173 0.00029558 -0.000752144 -0.000257844 0.00029558 0.00973497 -0.01799 0.000295648 -0.000752144 -0.01799 0.0888893 
0.0100786 -0.0183908 -0.000263801 0.000321642 -0.0183908 0.0898645 0.00031479 -0.000773997 -0.000263801 0.00031479 0.00973277 -0.0179943 0.000321642 -0.000773997 -0.0179943 0.0888813 
0.0100808 -0.0184164 -0.00029673 0.000350239 -0.0184164 0.0899101 0.000339945 -0.000855566 -0.00029673 0.000339945 0.00973849 -0.017972 0.000350239 -0.000855566 -0.017972 0.0888265 
0.0100902 -0.0184311 -0.000290676 0.000364056 -0.0184311 0.0899749 0.000357713 -0.000885376 -0.000290676 0.000357713 0.00977046 -0.0179826 0.000364056 -0.000885376 -0.0179826 0.0888254 
0.0101154 -0.0184587 -0.000275973 0.000339653 -0.0184587 0.0900599 0.000340784 -0.000849961 -0.000275973 0.000340784 0.00978405 -0.0180145 0.000339653 -0.000849961 -0.0180145 0.0888694 
0.0101208 -0.018476 -0.00027933 0.000336283 -0.018476 0.0900996 0.000342758 -0.00084658 -0.00027933 0.000342758 0.00978536 -0.0180423 0.000336283 -0.00084658 -0.0180423 0.0889464 
0.0101492 -0.0184979 -0.000276998 0.000323015 -0.0184979 0.0901714 0.000330144 -0.000808038 -0.000276998 0.000330144 0.00979202 -0.0180508 0.000323015 -0.000808038 -0.0180508 0.0890093 
0.0101537 -0.0185085 -0.000302202 0.000353148 -0.0185085 0.0901755 0.000358016 -0.00087217 -0.000302202 0.000358016 0.00978987 -0.0180654 0.000353148 -0.00087217 -0.0180654 0.089057 
0.0101612 -0.0185121 -0.000294826 0.000374219 -0.0185121 0.0901884 0.00037486 -0.000918159 -0.000294826 0.00037486 0.00979618 -0.0180795 0.000374219 -0.000918159 -0.0180795 0.0891181 
0.0101531 -0.0185027 -0.000295625 0.000384351 -0.0185027 0.0901525 0.000382192 -0.000969914 -0.000295625 0.000382192 0.00979964 -0.0180959 0.000384351 -0.000969914 -0.0180959 0.0891709 
0.010145 -0.0185144 -0.000301938 0.000387088 -0.0185144 0.0901819 0.000382443 -0.000987713 -0.000301938 0.000382443 0.00979354 -0.0180802 0.000387088 -0.000987713 -0.0180802 0.0891449 
0.0101344 -0.0185116 -0.000283615 0.000348435 -0.0185116 0.0902009 0.00034361 -0.000877405 -0.000283615 0.00034361 0.00978741 -0.0180687 0.000348435 -0.000877405 -0.0180687 0.0891082 
0.0101281 -0.0184809 -0.000260236 0.000323279 -0.0184809 0.0901431 0.000318242 -0.000790372 -0.000260236 0.000318242 0.00979503 -0.018086 0.000323279 -0.000790372 -0.018086 0.0891507 
0.0101368 -0.0185005 -0.000244077 0.000302334 -0.0185005 0.0901788 0.000299557 -0.000737288 -0.000244077 0.000299557 0.00979152 -0.0180639 0.000302334 -0.000737288 -0.0180639 0.0890981 
0.0101401 -0.0184917 -0.000236279 0.000308763 -0.0184917 0.0901597 0.000309718 -0.000758688 -0.000236279 0.000309718 0.00978009 -0.0180675 0.000308763 -0.000758688 -0.0180675 0.0890842 
0.0101402 -0.0185019 -0.000237826 0.000308488 -0.0185019 0.0901673 0.000313515 -0.000785515 -0.000237826 0.000313515 0.00976484 -0.0180376 0.000308488 -0.000785515 -0.0180376 0.0890188 
0.0101342 -0.0185008 -0.000248151 0.000296117 -0.0185008 0.0901707 0.00030164 -0.000759968 -0.000248151 0.00030164 0.0097604 -0.0180166 0.000296117 -0.000759968 -0.0180166 0.0889485 
0.0101264 -0.0184915 -0.000237772 0.000309013 -0.0184915 0.0901531 0.000310601 -0.000764836 -0.000237772 0.000310601 0.00978336 -0.018013 0.000309013 -0.000764836 -0.018013 0.0889195 
