0.00747298 0 0.000474119 0 0 0.01 0 0 0.000474119 0 0.00720874 0 0 0 0 0.01 
0.0105001 -0.0130383 0.000566172 -0.000697545 -0.0130383 0.0341742 -0.000697545 0.0013375 0.000566172 -0.000697545 0.0101995 -0.0126687 -0.000697545 0.0013375 -0.0126687 0.0334657 
0.0105062 -0.0196108 0.000426963 -0.000742112 -0.0196108 0.0718685 -0.000742112 0.0023615 0.000426963 -0.000742112 0.0102779 -0.0192942 -0.000742112 0.0023615 -0.0192942 0.0708676 
0.00993638 -0.019224 0.000365847 -0.000494955 -0.019224 0.0858036 -0.000500642 0.0017659 0.000365847 -0.000500642 0.00969424 -0.0189705 -0.000494955 0.0017659 -0.0189705 0.0850451 
0.00992346 -0.0185028 0.000389522 -0.000435022 -0.0185028 0.0886862 -0.000445004 0.00118634 0.000389522 -0.000445004 0.00964005 -0.0182425 -0.000435022 0.00118634 -0.0182425 0.0881402 
0.010134 -0.0184747 0.00040846 -0.000470906 -0.0184747 0.0896941 -0.00047944 0.00106914 0.00040846 -0.00047944 0.00975488 -0.0180638 -0.000470906 0.00106914 -0.0180638 0.0888253 
0.0102641 -0.0186392 0.000415857 -0.000532359 -0.0186392 0.0903732 -0.000535149 0.00122867 0.000415857 -0.000535149 0.00986802 -0.0181054 -0.000532359 0.00122867 -0.0181054 0.0891315 
0.0102919 -0.0186983 0.000415669 -0.000524098 -0.0186983 0.0906549 -0.000524315 0.00129037 0.000415669 -0.000524315 0.00992737 -0.0182007 -0.000524098 0.00129037 -0.0182007 0.0893722 
0.0103063 -0.0187011 0.000419733 -0.000528062 -0.0187011 0.0907071 -0.000533316 0.00133292 0.000419733 -0.000533316 0.00992687 -0.0182406 -0.000528062 0.00133292 -0.0182406 0.0894862 
0.010326 -0.0187194 0.000409026 -0.000502062 -0.0187194 0.0907327 -0.000510261 0.00128239 0.000409026 -0.000510261 0.00989899 -0.0182292 -0.000502062 0.00128239 -0.0182292 0.0894841 
0.0103262 -0.0187515 0.000395415 -0.000489059 -0.0187515 0.090806 -0.00049225 0.00123098 0.000395415 -0.00049225 0.00990795 -0.0182056 -0.000489059 0.00123098 -0.0182056 0.0894471 
0.0103072 -0.0187635 0.000412153 -0.00050363 -0.0187635 0.0908653 -0.000499295 0.00125647 0.000412153 -0.000499295 0.00993625 -0.0182099 -0.00050363 0.00125647 -0.0182099 0.0894321 
0.0103003 -0.0187379 0.000415618 -0.000516195 -0.0187379 0.0908487 -0.000506154 0.00126719 0.000415618 -0.000506154 0.00996091 -0.0182734 -0.000516195 0.00126719 -0.0182734 0.089571 
0.010286 -0.0187203 0.000410263 -0.000513015 -0.0187203 0.0907941 -0.000501931 0.00125593 0.000410263 -0.000501931 0.00996985 -0.0183128 -0.000513015 0.00125593 -0.0183128 0.0897089 
0.0102466 -0.0186845 0.000412725 -0.000502549 -0.0186845 0.0906963 -0.000494895 0.00123407 0.000412725 -0.000494895 0.00997451 -0.0183415 -0.000502549 0.00123407 -0.0183415 0.0898288 
0.0102163 -0.0186446 0.000406859 -0.00050551 -0.0186446 0.0906124 -0.00050049 0.00123126 0.000406859 -0.00050049 0.00997686 -0.0183435 -0.00050551 0.00123126 -0.0183435 0.0898736 
0.0101798 -0.0186097 0.000386288 -0.000489863 -0.0186097 0.0905254 -0.000485943 0.00120262 0.000386288 -0.000485943 0.00996953 -0.0183284 -0.000489863 0.00120262 -0.0183284 0.0898383 
0.0101596 -0.0185608 0.000381483 -0.000469526 -0.0185608 0.0904176 -0.0004684 0.0011697 0.000381483 -0.0004684 0.00998116 -0.0183343 -0.000469526 0.0011697 -0.0183343 0.089854 
0.0102074 -0.0185526 0.000373413 -0.000464375 -0.0185526 0.0903838 -0.000466709 0.00115288 0.000373413 -0.000466709 0.00995844 -0.0183337 -0.000464375 0.00115288 -0.0183337 0.0898407 
0.0102307 -0.0186 0.00037456 -0.000465233 -0.0186 0.0904268 -0.000469868 0.00116586 0.00037456 -0.000469868 0.00993838 -0.0182996 -0.000465233 0.00116586 -0.0182996 0.0897701 
0.0102309 -0.0186329 0.000372485 -0.000464255 -0.0186329 0.0905153 -0.000470199 0.00116859 0.000372485 -0.000470199 0.00992259 -0.0182664 -0.000464255 0.00116859 -0.0182664 0.0896683 
0.0101924 -0.0186146 0.000372766 -0.000476469 -0.0186146 0.0904977 -0.00048164 0.00120302 0.000372766 -0.00048164 0.00992108 -0.0182514 -0.000476469 0.00120302 -0.0182514 0.0896065 
0.0101853 -0.0185797 0.000368811 -0.000465334 -0.0185797 0.0904439 -0.000468468 0.00118557 0.000368811 -0.000468468 0.00991137 -0.0182385 -0.000465334 0.00118557 -0.0182385 0.0895568 
0.0102045 -0.0185804 0.00036403 -0.000454431 -0.0185804 0.0904277 -0.000453277 0.00114677 0.00036403 -0.000453277 0.00989493 -0.0182165 -0.000454431 0.00114677 -0.0182165 0.089495 
0.0102173 -0.0186174 0.000351152 -0.000450036 -0.0186174 0.0905016 -0.000444169 0.00111857 0.000351152 -0.000444169 0.00989001 -0.0181864 -0.000450036 0.00111857 -0.0181864 0.0894083 
0.0101968 -0.0186039 0.000370477 -0.000461054 -0.0186039 0.0904808 -0.000452706 0.00115209 0.000370477 -0.000452706 0.00990889 -0.0182033 -0.000461054 0.00115209 -0.0182033 0.0894234 
0.0101678 -0.0185919 0.000377836 -0.000471192 -0.0185919 0.0904655 -0.000463673 0.00116527 0.000377836 -0.000463673 0.00992185 -0.0182175 -0.000471192 0.00116527 -0.0182175 0.0894484 
0.010136 -0.0185471 0.000388269 -0.000498507 -0.0185471 0.0903746 -0.000495717 0.00124205 0.000388269 -0.000495717 0.00992712 -0.0182364 -0.000498507 0.00124205 -0.0182364 0.0894953 
0.0101021 -0.0184926 0.000389192 -0.000486884 -0.0184926 0.0902275 -0.000489866 0.00123912 0.000389192 -0.000489866 0.00993695 -0.0182566 -0.000486884 0.00123912 -0.0182566 0.0895651 
0.0101001 -0.018459 0.000351588 -0.000457491 -0.018459 0.0901277 -0.000464087 0.00116171 0.000351588 -0.000464087 0.00992829 -0.0182625 -0.000457491 0.00116171 -0.0182625 0.0895944 
0.0100962 -0.0184535 0.000312538 -0.000399811 -0.0184535 0.0900752 -0.000407495 0.00102898 0.000312538 -0.000407495 0.00993471 -0.018253 -0.000399811 0.00102898 -0.018253 0.0895903 
0.0101071 -0.0184534 0.000303395 -0.000354747 -0.0184534 0.0900663 -0.000361175 0.000902973 0.000303395 -0.000361175 0.00993556 -0.0182617 -0.000354747 0.000902973 -0.0182617 0.0896038 
0.0101159 -0.0184653 0.000322798 -0.000389317 -0.0184653 0.0900807 -0.000394263 0.000954734 0.000322798 -0.000394263 0.0099129 -0.0182501 -0.000389317 0.000954734 -0.0182501 0.0895748 
0.0101025 -0.0184721 0.000332903 -0.000408046 -0.0184721 0.0900929 -0.000411206 0.00100697 0.000332903 -0.000411206 0.00990644 -0.0182237 -0.000408046 0.00100697 -0.0182237 0.0895224 
0.0101055 -0.0184655 0.000298415 -0.000414278 -0.0184655 0.0901014 -0.000412377 0.00102614 0.000298415 -0.000412377 0.00989573 -0.0182092 -0.000414278 0.00102614 -0.0182092 0.0894701 
0.0101166 -0.0184592 0.000282069 -0.000371985 -0.0184592 0.09008 -0.000368376 0.000966501 0.000282069 -0.000368376 0.00988702 -0.0182057 -0.000371985 0.000966501 -0.0182057 0.0894575 
0.0101262 -0.0184626 0.000303282 -0.000382148 -0.0184626 0.0900661 -0.000379779 0.000981603 0.000303282 -0.000379779 0.00989132 -0.0181989 -0.000382148 0.000981603 -0.0181989 0.089446 
0.0101535 -0.0184858 0.000335942 -0.000408005 -0.0184858 0.0901101 -0.000408729 0.00103493 0.000335942 -0.000408729 0.00987817 -0.0181877 -0.000408005 0.00103493 -0.0181877 0.0894003 
0.0101581 -0.0185101 0.000354549 -0.000429415 -0.0185101 0.0901534 -0.000430406 0.00107306 0.000354549 -0.000430406 0.00986292 -0.018181 -0.000429415 0.00107306 -0.018181 0.0893819 
0.0101315 -0.0185105 0.000360931 -0.000445093 -0.0185105 0.09017 -0.000442388 0.00110426 0.000360931 -0.000442388 0.00987224 -0.0181751 -0.000445093 0.00110426 -0.0181751 0.0893817 
0.010126 -0.0185061 0.000349468 -0.000450818 -0.0185061 0.0902078 -0.000444034 0.00111908 0.000349468 -0.000444034 0.0098841 -0.0181764 -0.000450818 0.00111908 -0.0181764 0.0893791 
0.0101294 -0.0185078 0.000338809 -0.000428576 -0.0185078 0.0902242 -0.000424195 0.00108277 0.000338809 -0.000424195 0.00988136 -0.0181781 -0.000428576 0.00108277 -0.0181781 0.0893708 
0.0101222 -0.0184998 0.000325587 -0.000413627 -0.0184998 0.0902085 -0.000415564 0.00104814 0.000325587 -0.000415564 0.00989307 -0.0181928 -0.000413627 0.00104814 -0.0181928 0.0894142 
0.0101163 -0.0184964 0.000313321 -0.00038126 -0.0184964 0.0902034 -0.000387819 0.000974968 0.000313321 -0.000387819 0.00990958 -0.0182122 -0.00038126 0.000974968 -0.0182122 0.0894733 
0.0101165 -0.0184886 0.000324634 -0.00037783 -0.0184886 0.0901857 -0.000381966 0.00094678 0.000324634 -0.000381966 0.00990484 -0.0182214 -0.00037783 0.00094678 -0.0182214 0.0894955 
0.0101147 -0.0185103 0.000345571 -0.000400408 -0.0185103 0.0902391 -0.00039978 0.000975301 0.000345571 -0.00039978 0.00990898 -0.0181962 -0.000400408 0.000975301 -0.0181962 0.0894442 
0.0101088 -0.0184897 0.000336006 -0.000441483 -0.0184897 0.0902084 -0.000438185 0.00106535 0.000336006 -0.000438185 0.00990134 -0.0182042 -0.000441483 0.00106535 -0.0182042 0.0894275 
0.0100749 -0.0184482 0.000307468 -0.000415354 -0.0184482 0.090088 -0.00041311 0.00105072 0.000307468 -0.00041311 0.00992458 -0.0182292 -0.000415354 0.00105072 -0.0182292 0.089502 
0.0100709 -0.0184234 0.000300902 -0.000387974 -0.0184234 0.0900212 -0.000387523 0.0010063 0.000300902 -0.000387523 0.00992102 -0.0182424 -0.000387974 0.0010063 -0.0182424 0.0895342 
0.0100877 -0.0184051 0.000322554 -0.000388781 -0.0184051 0.0899557 -0.000388804 0.0009951 0.000322554 -0.000388804 0.00990996 -0.0182513 -0.000388781 0.0009951 -0.0182513 0.0895745 
0.0100954 -0.0184294 0.000330695 -0.000398831 -0.0184294 0.0899712 -0.000400723 0.00099428 0.000330695 -0.000400723 0.00992556 -0.0182409 -0.000398831 0.00099428 -0.0182409 0.0895801 
0.0100945 -0.0184523 0.000335729 -0.000417549 -0.0184523 0.0900348 -0.000418931 0.0010335 0.000335729 -0.000418931 0.00992449 -0.0182395 -0.000417549 0.0010335 -0.0182395 0.0895459 
0.0100881 -0.018463 0.000352762 -0.000429679 -0.018463 0.0900886 -0.000426546 0.00107095 0.000352762 -0.000426546 0.0099148 -0.0182261 -0.000429679 0.00107095 -0.0182261 0.0895032 
0.0100926 -0.0184717 0.000351706 -0.000429931 -0.0184717 0.0901386 -0.000426008 0.00106196 0.000351706 -0.000426008 0.00989875 -0.0181992 -0.000429931 0.00106196 -0.0181992 0.0894288 
0.0100625 -0.0184524 0.000342595 -0.000425703 -0.0184524 0.0900952 -0.000421534 0.00105028 0.000342595 -0.000421534 0.00993284 -0.0182004 -0.000425703 0.00105028 -0.0182004 0.0894231 
0.0100382 -0.0183978 0.000337419 -0.000427341 -0.0183978 0.0899693 -0.000424381 0.00106232 0.000337419 -0.000424381 0.00996153 -0.0182497 -0.000427341 0.00106232 -0.0182497 0.0895036 
0.0100377 -0.0183807 0.000347235 -0.000439803 -0.0183807 0.089897 -0.000440405 0.00110885 0.000347235 -0.000440405 0.00995869 -0.0182658 -0.000439803 0.00110885 -0.0182658 0.0895495 
0.0100653 -0.0183898 0.00035554 -0.000449512 -0.0183898 0.0899015 -0.000451966 0.00114286 0.00035554 -0.000451966 0.00993469 -0.0182668 -0.000449512 0.00114286 -0.0182668 0.0895748 
0.0100669 -0.0184085 0.00034343 -0.00044534 -0.0184085 0.0899238 -0.000444921 0.00113101 0.00034343 -0.000444921 0.00994229 -0.0182601 -0.00044534 0.00113101 -0.0182601 0.0895963 
0.0100668 -0.0183931 0.000329749 -0.000420134 -0.0183931 0.0898963 -0.000413697 0.00106577 0.000329749 -0.000413697 0.00994433 -0.018287 -0.000420134 0.00106577 -0.018287 0.0896578 
0.0100725 -0.0184087 0.000346427 -0.000424246 -0.0184087 0.0899216 -0.000415345 0.00105857 0.000346427 -0.000415345 0.00991422 -0.0182633 -0.000424246 0.00105857 -0.0182633 0.0896179 
0.0100494 -0.018419 0.000352861 -0.000438256 -0.018419 0.0899568 -0.000433127 0.0010793 0.000352861 -0.000433127 0.00990808 -0.0182268 -0.000438256 0.0010793 -0.0182268 0.0895451 
0.0100269 -0.0183999 0.000360288 -0.000427978 -0.0183999 0.08995 -0.000431852 0.0010687 0.000360288 -0.000431852 0.00990836 -0.0182099 -0.000427978 0.0010687 -0.0182099 0.0894791 
0.0100146 -0.0183419 0.000346969 -0.000444753 -0.0183419 0.0898173 -0.00045306 0.00110411 0.000346969 -0.00045306 0.00989815 -0.0182287 -0.000444753 0.00110411 -0.0182287 0.0895015 
0.0100204 -0.0183366 0.000317604 -0.000420037 -0.0183366 0.0897649 -0.000427046 0.00107632 0.000317604 -0.000427046 0.00988391 -0.0182053 -0.000420037 0.00107632 -0.0182053 0.0894661 
0.0100285 -0.0183499 0.000304572 -0.000399429 -0.0183499 0.0897745 -0.000398104 0.00103351 0.000304572 -0.000398104 0.0098755 -0.0181704 -0.000399429 0.00103351 -0.0181704 0.0893698 
0.0100363 -0.0183722 0.000294419 -0.000386913 -0.0183722 0.0898313 -0.000375992 0.000983797 0.000294419 -0.000375992 0.00986549 -0.0181391 -0.000386913 0.000983797 -0.0181391 0.0892518 
0.0100272 -0.0183691 0.000290709 -0.000379544 -0.0183691 0.0898368 -0.000365513 0.000955367 0.000290709 -0.000365513 0.00987132 -0.0181365 -0.000379544 0.000955367 -0.0181365 0.0892104 
0.0100242 -0.0183644 0.000310968 -0.000371569 -0.0183644 0.0898358 -0.000363064 0.000937163 0.000310968 -0.000363064 0.00989537 -0.0181503 -0.000371569 0.000937163 -0.0181503 0.0892353 
0.0100027 -0.0183412 0.00033252 -0.000405175 -0.0183412 0.0897691 -0.000403808 0.000998579 0.00033252 -0.000403808 0.00990569 -0.0181879 -0.000405175 0.000998579 -0.0181879 0.0893131 
0.00997081 -0.0183211 0.000344573 -0.000419083 -0.0183211 0.0897158 -0.000425068 0.00104488 0.000344573 -0.000425068 0.00990173 -0.0181903 -0.000419083 0.00104488 -0.0181903 0.0893396 
0.00996694 -0.0182798 0.000318619 -0.000424862 -0.0182798 0.0896352 -0.000432536 0.00106616 0.000318619 -0.000432536 0.00988633 -0.0181978 -0.000424862 0.00106616 -0.0181978 0.0893771 
0.00995001 -0.0182556 0.000273633 -0.000379659 -0.0182556 0.0895377 -0.000380719 0.000979235 0.000273633 -0.000380719 0.00988265 -0.0181913 -0.000379659 0.000979235 -0.0181913 0.0893939 
0.00994082 -0.0182415 0.000238426 -0.000336068 -0.0182415 0.0894947 -0.000332913 0.000876791 0.000238426 -0.000332913 0.00988759 -0.0181835 -0.000336068 0.000876791 -0.0181835 0.0893828 
0.00996961 -0.0182437 0.000231312 -0.000297669 -0.0182437 0.089501 -0.00029552 0.000784494 0.000231312 -0.00029552 0.00987541 -0.0181824 -0.000297669 0.000784494 -0.0181824 0.0893712 
0.00998241 -0.018282 0.000253422 -0.000313178 -0.018282 0.089563 -0.000314742 0.000804259 0.000253422 -0.000314742 0.00985747 -0.0181514 -0.000313178 0.000804259 -0.0181514 0.0892972 
0.0099719 -0.0183019 0.000272864 -0.000331116 -0.0183019 0.0896307 -0.00033311 0.000837926 0.000272864 -0.00033311 0.00985294 -0.0181226 -0.000331116 0.000837926 -0.0181226 0.0892092 
0.00996016 -0.0182931 0.0003075 -0.000358637 -0.0182931 0.0896487 -0.000359607 0.000898221 0.0003075 -0.000359607 0.00986669 -0.0181135 -0.000358637 0.000898221 -0.0181135 0.0891575 
0.00996895 -0.0182809 0.000301878 -0.000375183 -0.0182809 0.0896332 -0.000374944 0.000921825 0.000301878 -0.000374944 0.00986398 -0.0181308 -0.000375183 0.000921825 -0.0181308 0.0891662 
0.00999041 -0.0182801 0.000304143 -0.000388068 -0.0182801 0.0896125 -0.000385952 0.000972911 0.000304143 -0.000385952 0.00986329 -0.0181466 -0.000388068 0.000972911 -0.0181466 0.0892252 
0.0100013 -0.0182831 0.000295051 -0.00038537 -0.0182831 0.0895847 -0.000380373 0.00097373 0.000295051 -0.000380373 0.00985968 -0.0181701 -0.00038537 0.00097373 -0.0181701 0.0893093 
0.00998595 -0.0183064 0.000285702 -0.000364587 -0.0183064 0.0896265 -0.000362966 0.00093295 0.000285702 -0.000362966 0.00989204 -0.0181642 -0.000364587 0.00093295 -0.0181642 0.0893339 
0.00996672 -0.0183043 0.000291145 -0.000358113 -0.0183043 0.0896599 -0.00036219 0.000917968 0.000291145 -0.00036219 0.00991999 -0.0181871 -0.000358113 0.000917968 -0.0181871 0.0893565 
0.0099837 -0.0183103 0.000320466 -0.000367379 -0.0183103 0.0897163 -0.000369817 0.000928364 0.000320466 -0.000369817 0.0099239 -0.0182071 -0.000367379 0.000928364 -0.0182071 0.0893899 
0.0099942 -0.0183184 0.000327449 -0.000399171 -0.0183184 0.0897319 -0.000394568 0.000971297 0.000327449 -0.000394568 0.00992465 -0.0182183 -0.000399171 0.000971297 -0.0182183 0.0894233 
0.00997217 -0.018313 0.000330267 -0.000430225 -0.018313 0.0897108 -0.000422851 0.0010607 0.000330267 -0.000422851 0.00993349 -0.0182308 -0.000430225 0.0010607 -0.0182308 0.0894655 
0.00994746 -0.0182844 0.000310913 -0.000426727 -0.0182844 0.0896559 -0.000422764 0.00108364 0.000310913 -0.000422764 0.00991896 -0.0182351 -0.000426727 0.00108364 -0.0182351 0.0894752 
0.00990815 -0.0182409 0.000307508 -0.000390325 -0.0182409 0.0895523 -0.000390458 0.00102581 0.000307508 -0.000390458 0.00994467 -0.018239 -0.000390325 0.00102581 -0.018239 0.089515 
0.00991368 -0.0181992 0.000297132 -0.000380495 -0.0181992 0.0894487 -0.000383749 0.000978624 0.000297132 -0.000383749 0.00994954 -0.0182645 -0.000380495 0.000978624 -0.0182645 0.0895656 
0.00991169 -0.0182127 0.000276435 -0.000362477 -0.0182127 0.0894243 -0.000365796 0.000928315 0.000276435 -0.000365796 0.00994069 -0.0182455 -0.000362477 0.000928315 -0.0182455 0.0895283 
0.00988745 -0.0182045 0.000275139 -0.000338892 -0.0182045 0.0894107 -0.00034079 0.00087271 0.000275139 -0.00034079 0.00996735 -0.0182502 -0.000338892 0.00087271 -0.0182502 0.0895347 
0.00989518 -0.0182012 0.000274431 -0.000339884 -0.0182012 0.0894272 -0.000342949 0.000854459 0.000274431 -0.000342949 0.00995796 -0.0182598 -0.000339884 0.000854459 -0.0182598 0.0895309 
0.00989383 -0.0181991 0.000273747 -0.000350548 -0.0181991 0.089409 -0.000354648 0.000880698 0.000273747 -0.000354648 0.00993617 -0.0182446 -0.000350548 0.000880698 -0.0182446 0.0895018 
0.00988182 -0.0181945 0.000275136 -0.00033859 -0.0181945 0.0893955 -0.000342094 0.000862094 0.000275136 -0.000342094 0.00993305 -0.0182221 -0.00033859 0.000862094 -0.0182221 0.0894567 
0.00986551 -0.0181756 0.000266599 -0.000324909 -0.0181756 0.0893576 -0.000328401 0.000814565 0.000266599 -0.000328401 0.00995423 -0.0182223 -0.000324909 0.000814565 -0.0182223 0.0894411 
0.00984702 -0.0181238 0.000269091 -0.000325231 -0.0181238 0.0892238 -0.000324524 0.000804798 0.000269091 -0.000324524 0.00997375 -0.0182734 -0.000325231 0.000804798 -0.0182734 0.0895412 
0.00985738 -0.0181114 0.000289674 -0.000347844 -0.0181114 0.0891623 -0.000342924 0.000851469 0.000289674 -0.000342924 0.00996298 -0.0182912 -0.000347844 0.000851469 -0.0182912 0.0896096 
0.00988273 -0.0181293 0.000290131 -0.0003726 -0.0181293 0.0891707 -0.000369638 0.000912464 0.000290131 -0.000369638 0.0099367 -0.0182738 -0.0003726 0.000912464 -0.0182738 0.0896077 
0.00988636 -0.018185 0.000293637 -0.000370676 -0.018185 0.0892947 -0.000371572 0.000939261 0.000293637 -0.000371572 0.00993125 -0.0182172 -0.000370676 0.000939261 -0.0182172 0.0894839 
0.00989901 -0.0182091 0.000287253 -0.00037261 -0.0182091 0.0894133 -0.000373873 0.000948319 0.000287253 -0.000373873 0.00993225 -0.0181972 -0.00037261 0.000948319 -0.0181972 0.0893843 
0.00990513 -0.0181992 0.00028141 -0.000375493 -0.0181992 0.0894048 -0.000371524 0.000960208 0.00028141 -0.000371524 0.00992819 -0.0182154 -0.000375493 0.000960208 -0.0182154 0.0893945 
0.00990052 -0.0181774 0.000263667 -0.000337799 -0.0181774 0.0893319 -0.000330334 0.000864773 0.000263667 -0.000330334 0.00993349 -0.0182426 -0.000337799 0.000864773 -0.0182426 0.0894825 
0.00989707 -0.0181511 0.000265634 -0.00033193 -0.0181511 0.0892359 -0.000329075 0.000838492 0.000265634 -0.000329075 0.00994255 -0.0182644 -0.00033193 0.000838492 -0.0182644 0.0895684 
0.00990725 -0.018162 0.000261087 -0.000336644 -0.018162 0.0892278 -0.000337435 0.000844801 0.000261087 -0.000337435 0.00994015 -0.018258 -0.000336644 0.000844801 -0.018258 0.0895725 
0.00990682 -0.0181661 0.000242008 -0.00032707 -0.0181661 0.0892328 -0.000329913 0.00083424 0.000242008 -0.000329913 0.00994009 -0.018266 -0.00032707 0.00083424 -0.018266 0.0895883 
0.00988873 -0.018171 0.000244785 -0.000307212 -0.018171 0.0892526 -0.000310118 0.000799422 0.000244785 -0.000310118 0.00994798 -0.0182651 -0.000307212 0.000799422 -0.0182651 0.0895932 
0.00987207 -0.0181775 0.000264384 -0.000304301 -0.0181775 0.0893082 -0.00031029 0.000774532 0.000264384 -0.00031029 0.00994557 -0.0182518 -0.000304301 0.000774532 -0.0182518 0.089548 
0.00985895 -0.0181687 0.000273155 -0.000323528 -0.0181687 0.0893274 -0.000327339 0.000787812 0.000273155 -0.000327339 0.00994744 -0.0182356 -0.000323528 0.000787812 -0.0182356 0.089493 
0.00987062 -0.018173 0.000268409 -0.000333624 -0.018173 0.0893603 -0.000331065 0.000808143 0.000268409 -0.000331065 0.00993313 -0.018212 -0.000333624 0.000808143 -0.018212 0.0894036 
0.00985649 -0.0181571 0.000288312 -0.000344848 -0.0181571 0.0893137 -0.000336702 0.000843408 0.000288312 -0.000336702 0.0099323 -0.0182175 -0.000344848 0.000843408 -0.0182175 0.0894012 
0.0098406 -0.018138 0.000282327 -0.000368678 -0.018138 0.0892651 -0.000360543 0.000892885 0.000282327 -0.000360543 0.00993767 -0.0182168 -0.000368678 0.000892885 -0.0182168 0.089401 
0.00981283 -0.0180919 0.000270898 -0.000381363 -0.0180919 0.0891396 -0.000375639 0.000961008 0.000270898 -0.000375639 0.00994534 -0.0182359 -0.000381363 0.000961008 -0.0182359 0.0894419 
0.00982988 -0.0180648 0.000262757 -0.000354692 -0.0180648 0.0890525 -0.000350329 0.000934539 0.000262757 -0.000350329 0.00993415 -0.0182448 -0.000354692 0.000934539 -0.0182448 0.0894788 
0.00985875 -0.0180905 0.000260851 -0.000320659 -0.0180905 0.089058 -0.000316317 0.000837698 0.000260851 -0.000316317 0.00989687 -0.0182137 -0.000320659 0.000837698 -0.0182137 0.0894176 
0.00987221 -0.0181288 0.000283791 -0.000326877 -0.0181288 0.0891395 -0.000325429 0.000823508 0.000283791 -0.000325429 0.00988864 -0.0181751 -0.000326877 0.000823508 -0.0181751 0.0893381 
0.0098801 -0.018135 0.000279146 -0.000354671 -0.018135 0.0891713 -0.000357092 0.000868782 0.000279146 -0.000357092 0.00987111 -0.0181704 -0.000354671 0.000868782 -0.0181704 0.0893004 
0.00989106 -0.0181646 0.000281118 -0.000358251 -0.0181646 0.0892543 -0.000363535 0.000914313 0.000281118 -0.000363535 0.00985764 -0.0181367 -0.000358251 0.000914313 -0.0181367 0.089228 
0.00984761 -0.0181562 0.000306512 -0.00036849 -0.0181562 0.0892494 -0.00037526 0.000954374 0.000306512 -0.00037526 0.00990064 -0.0181398 -0.00036849 0.000954374 -0.0181398 0.0892244 
0.00983609 -0.0181158 0.000333448 -0.000395635 -0.0181158 0.0891958 -0.000398177 0.000999555 0.000333448 -0.000398177 0.00992779 -0.0181796 -0.000395635 0.000999555 -0.0181796 0.0892726 
0.00985976 -0.01812 0.000347463 -0.000425937 -0.01812 0.089194 -0.000423328 0.0010593 0.000347463 -0.000423328 0.00994615 -0.0182067 -0.000425937 0.0010593 -0.0182067 0.0893406 
0.00988635 -0.0181457 0.000317765 -0.00042281 -0.0181457 0.0892295 -0.000420993 0.00105907 0.000317765 -0.000420993 0.00992955 -0.018233 -0.00042281 0.00105907 -0.018233 0.0894095 
0.00992056 -0.0181848 0.000304677 -0.00038009 -0.0181848 0.0893223 -0.000381604 0.000989547 0.000304677 -0.000381604 0.00991917 -0.0182281 -0.00038009 0.000989547 -0.0182281 0.0894547 
0.00993602 -0.0182208 0.000303021 -0.000376394 -0.0182208 0.0894087 -0.000379382 0.000959152 0.000303021 -0.000379382 0.00989859 -0.0182159 -0.000376394 0.000959152 -0.0182159 0.0894457 
0.00991736 -0.0182495 0.000311321 -0.000364534 -0.0182495 0.0895065 -0.000369333 0.000926028 0.000311321 -0.000369333 0.00992964 -0.0182017 -0.000364534 0.000926028 -0.0182017 0.0894405 
0.00990107 -0.0182082 0.000297739 -0.000371802 -0.0182082 0.0894565 -0.000375981 0.000921264 0.000297739 -0.000375981 0.00994686 -0.0182491 -0.000371802 0.000921264 -0.0182491 0.0895134 
0.00988424 -0.0181752 0.00028987 -0.000385245 -0.0181752 0.089355 -0.000387364 0.000973887 0.00028987 -0.000387364 0.00993719 -0.0182665 -0.000385245 0.000973887 -0.0182665 0.0895706 
0.00991022 -0.0181649 0.000283381 -0.00037141 -0.0181649 0.0893093 -0.000372427 0.00096467 0.000283381 -0.000372427 0.0098914 -0.0182422 -0.00037141 0.00096467 -0.0182422 0.0895421 
0.00994242 -0.0182058 0.000275461 -0.000360703 -0.0182058 0.0893654 -0.000359349 0.000931229 0.000275461 -0.000359349 0.00983911 -0.0181687 -0.000360703 0.000931229 -0.0181687 0.0893889 
0.00993377 -0.0182249 0.000292437 -0.000360714 -0.0182249 0.0893943 -0.00035709 0.000922702 0.000292437 -0.00035709 0.00982392 -0.0181035 -0.000360714 0.000922702 -0.0181035 0.089212 
0.00992889 -0.0182177 0.000286133 -0.000361059 -0.0182177 0.0894036 -0.000358458 0.000902095 0.000286133 -0.000358458 0.00982298 -0.0180799 -0.000361059 0.000902095 -0.0180799 0.0890941 
0.00993712 -0.018228 0.000277397 -0.000358598 -0.018228 0.0894352 -0.000357531 0.00090107 0.000277397 -0.000357531 0.00981075 -0.0180601 -0.000358598 0.00090107 -0.0180601 0.0890013 
0.00993843 -0.0182406 0.00027605 -0.000349479 -0.0182406 0.0894687 -0.000353385 0.000893234 0.00027605 -0.000353385 0.00979156 -0.018033 -0.000349479 0.000893234 -0.018033 0.0889054 
0.00993344 -0.0182121 0.000270747 -0.000329909 -0.0182121 0.0894079 -0.000337961 0.000842482 0.000270747 -0.000337961 0.00978082 -0.0180441 -0.000329909 0.000842482 -0.0180441 0.0889262 
0.00992036 -0.0182116 0.000281182 -0.000333152 -0.0182116 0.089389 -0.000341583 0.000839942 0.000281182 -0.000341583 0.00979534 -0.018027 -0.000333152 0.000839942 -0.018027 0.0889085 
0.00990168 -0.0182034 0.000251077 -0.000330001 -0.0182034 0.0893765 -0.000332355 0.000812153 0.000251077 -0.000332355 0.00981975 -0.0180385 -0.000330001 0.000812153 -0.0180385 0.0889125 
0.00989013 -0.0181844 0.000233046 -0.000331971 -0.0181844 0.0893419 -0.000328391 0.000843753 0.000233046 -0.000328391 0.00983997 -0.0180661 -0.000331971 0.000843753 -0.0180661 0.0889648 
0.00986598 -0.0181704 0.000222852 -0.000300015 -0.0181704 0.0893072 -0.000294081 0.000788332 0.000222852 -0.000294081 0.00987337 -0.0180966 -0.000300015 0.000788332 -0.0180966 0.0890423 
0.00986413 -0.0181628 0.000239607 -0.000288656 -0.0181628 0.0893105 -0.000283047 0.000747238 0.000239607 -0.000283047 0.00989149 -0.0181251 -0.000288656 0.000747238 -0.0181251 0.0891072 
0.00987127 -0.0181362 0.000276836 -0.000303028 -0.0181362 0.0892462 -0.000300314 0.000754427 0.000276836 -0.000300314 0.00989753 -0.0181824 -0.000303028 0.000754427 -0.0181824 0.0892646 
0.0098919 -0.0181422 0.000305606 -0.000362702 -0.0181422 0.089227 -0.000361793 0.00087112 0.000305606 -0.000361793 0.00987787 -0.0181896 -0.000362702 0.00087112 -0.0181896 0.0893369 
0.00990646 -0.0181786 0.000313279 -0.00039435 -0.0181786 0.0892903 -0.000392193 0.000970741 0.000313279 -0.000392193 0.00985827 -0.018147 -0.00039435 0.000970741 -0.018147 0.0892693 
0.00991356 -0.0181984 0.00029918 -0.000378791 -0.0181984 0.0893495 -0.000377655 0.000956126 0.00029918 -0.000377655 0.0098562 -0.0181185 -0.000378791 0.000956126 -0.0181185 0.0891863 
0.00991029 -0.0181932 0.000275488 -0.00035543 -0.0181932 0.0893426 -0.000354798 0.000899918 0.000275488 -0.000354798 0.00985834 -0.0181262 -0.00035543 0.000899918 -0.0181262 0.0891763 
0.0098877 -0.0181831 0.000270151 -0.000349039 -0.0181831 0.0893159 -0.000348441 0.000888722 0.000270151 -0.000348441 0.00987923 -0.0181357 -0.000349039 0.000888722 -0.0181357 0.0892019 
0.00987252 -0.0181739 0.000258446 -0.000342545 -0.0181739 0.0893156 -0.000343364 0.000877472 0.000258446 -0.000343364 0.00991508 -0.0181597 -0.000342545 0.000877472 -0.0181597 0.0892546 
0.00985714 -0.0181603 0.000252064 -0.000333416 -0.0181603 0.0892979 -0.000333149 0.000863744 0.000252064 -0.000333149 0.00993658 -0.0182005 -0.000333416 0.000863744 -0.0182005 0.089337 
0.00985306 -0.0181212 0.000241436 -0.000311877 -0.0181212 0.0892052 -0.000308795 0.000802214 0.000241436 -0.000308795 0.00991936 -0.018244 -0.000311877 0.000802214 -0.018244 0.0894581 
0.00982498 -0.0180888 0.000224045 -0.000306849 -0.0180888 0.0890846 -0.000299425 0.000772558 0.000224045 -0.000299425 0.00991157 -0.0182426 -0.000306849 0.000772558 -0.0182426 0.0895284 
0.00977542 -0.0180441 0.000208954 -0.000289317 -0.0180441 0.0889627 -0.000282505 0.000743229 0.000208954 -0.000282505 0.00993498 -0.0182393 -0.000289317 0.000743229 -0.0182393 0.0895488 
0.00975966 -0.0180032 0.000188301 -0.000262818 -0.0180032 0.0888732 -0.000260385 0.000684902 0.000188301 -0.000260385 0.00993607 -0.0182377 -0.000262818 0.000684902 -0.0182377 0.0895113 
