0.00693196 0 6.5899e-05 0 0 0.01 0 0 6.5899e-05 0 0.00771055 0 0 0 0 0.01 
0.00986045 -0.012249 7.80241e-05 -9.66703e-05 -0.012249 0.032661 -9.66703e-05 0.000185319 7.80241e-05 -9.66703e-05 0.0107839 -0.0133884 -9.66703e-05 0.000185319 -0.0133884 0.0348456 
0.00998958 -0.0188107 7.52686e-05 -0.000111536 -0.0188107 0.0693155 -0.000111536 0.000358513 7.52686e-05 -0.000111536 0.0107549 -0.020001 -0.000111536 0.000358513 -0.020001 0.0731162 
0.00942829 -0.0185805 7.97796e-05 -9.56214e-05 -0.0185805 0.0836446 -0.000101168 0.00032852 7.97796e-05 -0.000101168 0.0101758 -0.0195453 -9.56214e-05 0.00032852 -0.0195453 0.0869026 
0.00939829 -0.0178994 8.43997e-05 -8.34506e-05 -0.0178994 0.0871151 -9.42136e-05 0.000233307 8.43997e-05 -9.42136e-05 0.0102176 -0.0188384 -8.34506e-05 0.000233307 -0.0188384 0.0896622 
0.00950241 -0.0177524 7.86368e-05 -0.000112869 -0.0177524 0.0879919 -0.000124615 0.000272282 7.86368e-05 -0.000124615 0.0104482 -0.0188337 -0.000112869 0.000272282 -0.0188337 0.0905508 
0.00955533 -0.0177662 9.41735e-05 -0.000121427 -0.0177662 0.0882862 -0.000128538 0.000319066 9.41735e-05 -0.000128538 0.0105596 -0.0190212 -0.000121427 0.000319066 -0.0190212 0.0912385 
0.00958055 -0.0178058 0.00011938 -0.000130445 -0.0178058 0.0884374 -0.000130707 0.000334739 0.00011938 -0.000130707 0.0105881 -0.0190662 -0.000130445 0.000334739 -0.0190662 0.0915535 
0.00956636 -0.0177858 0.000152708 -0.000175483 -0.0177858 0.0883869 -0.00017255 0.000426658 0.000152708 -0.00017255 0.0105911 -0.0190735 -0.000175483 0.000426658 -0.0190735 0.0916262 
0.00958576 -0.0177607 0.000155732 -0.000173575 -0.0177607 0.0882964 -0.000170451 0.000419486 0.000155732 -0.000170451 0.0105495 -0.0190685 -0.000173575 0.000419486 -0.0190685 0.0916168 
0.00962345 -0.0178288 0.000135307 -0.000186788 -0.0178288 0.0884107 -0.000184044 0.000445364 0.000135307 -0.000184044 0.0105188 -0.0189955 -0.000186788 0.000445364 -0.0189955 0.0914753 
0.00964818 -0.0178746 9.94849e-05 -0.000155642 -0.0178746 0.0885425 -0.000157336 0.000409759 9.94849e-05 -0.000157336 0.0105008 -0.0189657 -0.000155642 0.000409759 -0.0189657 0.0913682 
0.00966699 -0.0178823 8.66407e-05 -0.000109841 -0.0178823 0.0885872 -0.000113381 0.000315182 8.66407e-05 -0.000113381 0.0104923 -0.0189775 -0.000109841 0.000315182 -0.0189775 0.0913907 
0.00967897 -0.0179223 7.32148e-05 -9.7241e-05 -0.0179223 0.0886835 -0.00010086 0.000258533 7.32148e-05 -0.00010086 0.0104951 -0.0189625 -9.7241e-05 0.000258533 -0.0189625 0.0913823 
0.00968243 -0.0179414 4.9159e-05 -9.26339e-05 -0.0179414 0.0887645 -9.64148e-05 0.0002469 4.9159e-05 -9.64148e-05 0.0104994 -0.0189679 -9.26339e-05 0.0002469 -0.0189679 0.091387 
0.0096972 -0.0179629 4.68164e-05 -6.11058e-05 -0.0179629 0.088849 -6.28709e-05 0.000190357 4.68164e-05 -6.28709e-05 0.0104738 -0.018952 -6.11058e-05 0.000190357 -0.018952 0.0913379 
0.00969265 -0.0179686 5.95327e-05 -6.28001e-05 -0.0179686 0.088878 -6.19675e-05 0.000167887 5.95327e-05 -6.19675e-05 0.0104608 -0.0189349 -6.28001e-05 0.000167887 -0.0189349 0.0913118 
0.00968953 -0.0179632 7.68589e-05 -9.12141e-05 -0.0179632 0.0888808 -9.00565e-05 0.000220622 7.68589e-05 -9.00565e-05 0.0104599 -0.0189283 -9.12141e-05 0.000220622 -0.0189283 0.0913078 
0.00969798 -0.0179775 9.86528e-05 -0.000118963 -0.0179775 0.0889239 -0.000119097 0.000295419 9.86528e-05 -0.000119097 0.0104734 -0.0189206 -0.000118963 0.000295419 -0.0189206 0.0912941 
0.009686 -0.0179892 0.00010593 -0.000149407 -0.0179892 0.0889601 -0.000149697 0.000374561 0.00010593 -0.000149697 0.0105009 -0.0189371 -0.000149407 0.000374561 -0.0189371 0.0913138 
0.00968727 -0.0179895 8.12337e-05 -0.00012204 -0.0179895 0.0889919 -0.000120084 0.000321445 8.12337e-05 -0.000120084 0.0105048 -0.0189589 -0.00012204 0.000321445 -0.0189589 0.0913462 
0.00971019 -0.0179839 6.16802e-05 -8.68158e-05 -0.0179839 0.0889871 -8.18839e-05 0.000231814 6.16802e-05 -8.18839e-05 0.0104887 -0.018974 -8.68158e-05 0.000231814 -0.018974 0.0913984 
0.00970848 -0.0180039 5.05946e-05 -7.83405e-05 -0.0180039 0.0890064 -7.16927e-05 0.000196689 5.05946e-05 -7.16927e-05 0.0104948 -0.0189599 -7.83405e-05 0.000196689 -0.0189599 0.0914029 
0.00970173 -0.0179776 3.07804e-05 -7.30976e-05 -0.0179776 0.0889502 -7.05398e-05 0.000187964 3.07804e-05 -7.05398e-05 0.0105041 -0.0189818 -7.30976e-05 0.000187964 -0.0189818 0.0914446 
0.00971577 -0.0179829 4.25815e-06 -3.20739e-05 -0.0179829 0.0889494 -3.64447e-05 0.000115139 4.25815e-06 -3.64447e-05 0.0105245 -0.0189955 -3.20739e-05 0.000115139 -0.0189955 0.0914937 
0.00971766 -0.0180033 -1.29427e-05 4.71474e-06 -0.0180033 0.0889841 -5.4563e-06 2.73768e-05 -1.29427e-05 -5.4563e-06 0.0105159 -0.019006 4.71474e-06 2.73768e-05 -0.019006 0.0915015 
0.00972177 -0.0180256 -1.14851e-05 1.91208e-05 -0.0180256 0.0890603 8.17214e-06 -1.98735e-05 -1.14851e-05 8.17214e-06 0.0105187 -0.0189934 1.91208e-05 -1.98735e-05 -0.0189934 0.0914923 
0.00970909 -0.0180182 -1.58729e-05 2.33767e-05 -0.0180182 0.0890631 1.65419e-05 -5.22287e-05 -1.58729e-05 1.65419e-05 0.0105122 -0.0189957 2.33767e-05 -5.22287e-05 -0.0189957 0.0914795 
0.00969622 -0.0179957 -5.37395e-06 1.52233e-05 -0.0179957 0.0890231 1.72844e-05 -4.56242e-05 -5.37395e-06 1.72844e-05 0.0105087 -0.0189908 1.52233e-05 -4.56242e-05 -0.0189908 0.0914702 
0.0096734 -0.0179853 2.58629e-06 -9.64939e-06 -0.0179853 0.0889893 2.20215e-06 -6.94732e-06 2.58629e-06 2.20215e-06 0.0105126 -0.0189751 -9.64939e-06 -6.94732e-06 -0.0189751 0.0914279 
0.00967186 -0.0179577 2.54438e-05 -2.33925e-05 -0.0179577 0.0889316 -8.60286e-06 3.25773e-05 2.54438e-05 -8.60286e-06 0.0105049 -0.0189777 -2.33925e-05 3.25773e-05 -0.0189777 0.0914147 
0.00967632 -0.01792 4.77768e-05 -4.74953e-05 -0.01792 0.0888071 -3.72545e-05 8.77537e-05 4.77768e-05 -3.72545e-05 0.0105038 -0.0189984 -4.74953e-05 8.77537e-05 -0.0189984 0.0914788 
0.00967982 -0.01793 3.85946e-05 -5.66029e-05 -0.01793 0.0887755 -5.30477e-05 0.000116838 3.85946e-05 -5.30477e-05 0.0104834 -0.0189785 -5.66029e-05 0.000116838 -0.0189785 0.0914433 
0.00968515 -0.0179411 1.07575e-05 -4.53419e-05 -0.0179411 0.0887975 -4.56063e-05 0.000117739 1.07575e-05 -4.56063e-05 0.0104785 -0.0189605 -4.53419e-05 0.000117739 -0.0189605 0.0914131 
0.00968613 -0.0179757 -1.1636e-05 -1.01981e-05 -0.0179757 0.0888939 -9.75604e-06 5.56023e-05 -1.1636e-05 -9.75604e-06 0.0104957 -0.0189336 -1.01981e-05 5.56023e-05 -0.0189336 0.0913346 
0.00967181 -0.0179943 -2.24302e-05 1.00445e-05 -0.0179943 0.0889833 1.37193e-05 -1.24649e-07 -2.24302e-05 1.37193e-05 0.0105332 -0.0189466 1.00445e-05 -1.24649e-07 -0.0189466 0.0913169 
0.009653 -0.0179625 1.98932e-06 -2.30431e-06 -0.0179625 0.0889506 1.3544e-06 2.39033e-05 1.98932e-06 1.3544e-06 0.0105565 -0.0190034 -2.30431e-06 2.39033e-05 -0.0190034 0.0914156 
0.00964913 -0.0179261 9.22026e-06 -1.10859e-05 -0.0179261 0.0888579 -8.87974e-06 2.85892e-05 9.22026e-06 -8.87974e-06 0.0105536 -0.0190445 -1.10859e-05 2.85892e-05 -0.0190445 0.0915425 
0.0096422 -0.0179233 -9.09882e-06 -4.35019e-06 -0.0179233 0.0888176 -3.86028e-06 9.2375e-06 -9.09882e-06 -3.86028e-06 0.0105546 -0.0190416 -4.35019e-06 9.2375e-06 -0.0190416 0.0915896 
0.00964752 -0.0179072 -7.36945e-06 6.87299e-06 -0.0179072 0.088777 5.19284e-06 -4.17195e-06 -7.36945e-06 5.19284e-06 0.0105597 -0.0190565 6.87299e-06 -4.17195e-06 -0.0190565 0.0916422 
0.00962933 -0.0178997 -3.68798e-06 8.26357e-06 -0.0178997 0.0887244 5.20607e-06 -1.6523e-05 -3.68798e-06 5.20607e-06 0.0105408 -0.0190517 8.26357e-06 -1.6523e-05 -0.0190517 0.0916314 
0.00962656 -0.0179088 -1.11448e-06 1.20615e-06 -0.0179088 0.0887579 -1.33443e-06 -3.92591e-06 -1.11448e-06 -1.33443e-06 0.0105186 -0.0189973 1.20615e-06 -3.92591e-06 -0.0189973 0.0915047 
0.00963294 -0.0178858 -7.53444e-06 -1.61555e-05 -0.0178858 0.0887133 -1.59752e-05 3.9653e-05 -7.53444e-06 -1.59752e-05 0.0105057 -0.0189815 -1.61555e-05 3.9653e-05 -0.0189815 0.0914356 
0.00965912 -0.0178993 -4.15604e-06 -1.74598e-05 -0.0178993 0.0887141 -1.45694e-05 6.70307e-05 -4.15604e-06 -1.45694e-05 0.0104637 -0.0189521 -1.74598e-05 6.70307e-05 -0.0189521 0.0913483 
0.00966908 -0.0179073 -4.7626e-06 -1.84952e-06 -0.0179073 0.0887066 2.54946e-06 2.73616e-05 -4.7626e-06 2.54946e-06 0.0104371 -0.0189224 -1.84952e-06 2.73616e-05 -0.0189224 0.0912919 
0.00967929 -0.01794 -2.32943e-05 2.87798e-05 -0.01794 0.0887806 2.99329e-05 -6.57504e-05 -2.32943e-05 2.99329e-05 0.0104168 -0.0188768 2.87798e-05 -6.57504e-05 -0.0188768 0.0911862 
0.00967302 -0.0179478 -2.7999e-05 4.4162e-05 -0.0179478 0.088817 4.27933e-05 -0.000114058 -2.7999e-05 4.27933e-05 0.0104262 -0.0188571 4.4162e-05 -0.000114058 -0.0188571 0.0911222 
0.00967884 -0.0179352 -2.24575e-05 2.10848e-05 -0.0179352 0.0888035 1.99111e-05 -6.85596e-05 -2.24575e-05 1.99111e-05 0.0104309 -0.0188734 2.10848e-05 -6.85596e-05 -0.0188734 0.091132 
0.00968276 -0.0179563 -4.43607e-05 2.31437e-05 -0.0179563 0.0888449 2.10773e-05 -5.597e-05 -4.43607e-05 2.10773e-05 0.010444 -0.0188755 2.31437e-05 -5.597e-05 -0.0188755 0.0911449 
0.00967486 -0.0179638 -6.29652e-05 5.44216e-05 -0.0179638 0.0888825 5.38493e-05 -0.000106241 -6.29652e-05 5.38493e-05 0.0104743 -0.0189005 5.44216e-05 -0.000106241 -0.0189005 0.0912015 
0.00965128 -0.0179504 -6.53125e-05 7.92442e-05 -0.0179504 0.088873 8.03653e-05 -0.000174548 -6.53125e-05 8.03653e-05 0.0105034 -0.0189394 7.92442e-05 -0.000174548 -0.0189394 0.0912878 
0.00965436 -0.0179318 -4.33488e-05 8.28792e-05 -0.0179318 0.088854 8.61911e-05 -0.000210854 -4.33488e-05 8.61911e-05 0.0105398 -0.0189891 8.28792e-05 -0.000210854 -0.0189891 0.0914271 
0.00965563 -0.0179418 -4.21722e-05 5.75976e-05 -0.0179418 0.0888623 6.1735e-05 -0.000185185 -4.21722e-05 6.1735e-05 0.0105519 -0.0190221 5.75976e-05 -0.000185185 -0.0190221 0.0915175 
0.00967295 -0.0179337 -4.38469e-05 3.52995e-05 -0.0179337 0.088847 3.63579e-05 -0.000104861 -4.38469e-05 3.63579e-05 0.010544 -0.019048 3.52995e-05 -0.000104861 -0.019048 0.0916057 
0.00967455 -0.0179274 -3.74713e-05 2.33365e-05 -0.0179274 0.0887986 2.50358e-05 -4.13717e-05 -3.74713e-05 2.50358e-05 0.0105633 -0.0190672 2.33365e-05 -4.13717e-05 -0.0190672 0.0917029 
0.00968423 -0.0179492 -3.62816e-05 3.2449e-05 -0.0179492 0.0888355 3.73133e-05 -5.61658e-05 -3.62816e-05 3.73133e-05 0.0105705 -0.0190738 3.2449e-05 -5.61658e-05 -0.0190738 0.0917254 
0.00970065 -0.0179773 -4.60044e-05 3.82062e-05 -0.0179773 0.0889146 4.3692e-05 -8.33059e-05 -4.60044e-05 4.3692e-05 0.0105594 -0.0190672 3.82062e-05 -8.33059e-05 -0.0190672 0.0917031 
0.00970728 -0.0179977 -6.8092e-05 6.99659e-05 -0.0179977 0.0889781 7.00226e-05 -0.000156864 -6.8092e-05 7.00226e-05 0.0105508 -0.0190496 6.99659e-05 -0.000156864 -0.0190496 0.0916582 
0.00970929 -0.0180146 -5.99176e-05 8.55283e-05 -0.0180146 0.0890386 8.17274e-05 -0.000194688 -5.99176e-05 8.17274e-05 0.010533 -0.0190227 8.55283e-05 -0.000194688 -0.0190227 0.0915727 
0.00969271 -0.0180036 -4.59922e-05 6.74182e-05 -0.0180036 0.0890322 6.49894e-05 -0.000174921 -4.59922e-05 6.49894e-05 0.0105292 -0.0190059 6.74182e-05 -0.000174921 -0.0190059 0.091513 
0.00966882 -0.0179849 -4.37542e-05 6.17731e-05 -0.0179849 0.0889989 5.84678e-05 -0.000165323 -4.37542e-05 5.84678e-05 0.0105434 -0.0189974 6.17731e-05 -0.000165323 -0.0189974 0.0914712 
0.00965141 -0.0179426 -4.50443e-05 4.27755e-05 -0.0179426 0.0889025 3.9856e-05 -0.00011426 -4.50443e-05 3.9856e-05 0.0105525 -0.019025 4.27755e-05 -0.00011426 -0.019025 0.0915103 
0.00966728 -0.0179242 -5.72683e-05 5.46367e-05 -0.0179242 0.0888335 5.55898e-05 -0.000126402 -5.72683e-05 5.55898e-05 0.0105204 -0.0190272 5.46367e-05 -0.000126402 -0.0190272 0.0915224 
0.00969384 -0.0179715 -6.35688e-05 7.79184e-05 -0.0179715 0.0889127 8.15648e-05 -0.000184047 -6.35688e-05 8.15648e-05 0.0104854 -0.018963 7.79184e-05 -0.000184047 -0.018963 0.0913984 
0.00970253 -0.0179831 -4.8602e-05 5.85097e-05 -0.0179831 0.0889478 6.1257e-05 -0.000149775 -4.8602e-05 6.1257e-05 0.0104775 -0.0189385 5.85097e-05 -0.000149775 -0.0189385 0.0913235 
0.00971321 -0.0179877 -4.68657e-05 5.35827e-05 -0.0179877 0.0889578 5.48696e-05 -0.00013634 -4.68657e-05 5.48696e-05 0.0104747 -0.0189322 5.35827e-05 -0.00013634 -0.0189322 0.0912908 
0.00972726 -0.0179965 -3.29008e-05 4.983e-05 -0.0179965 0.0889668 5.16388e-05 -0.000121797 -3.29008e-05 5.16388e-05 0.0104529 -0.0189267 4.983e-05 -0.000121797 -0.0189267 0.091268 
0.00970558 -0.0179818 -4.0449e-05 3.38039e-05 -0.0179818 0.0889144 3.85162e-05 -8.97842e-05 -4.0449e-05 3.85162e-05 0.0104505 -0.0189231 3.38039e-05 -8.97842e-05 -0.0189231 0.0912779 
0.00968336 -0.0179606 -3.87187e-05 4.48749e-05 -0.0179606 0.088867 4.91538e-05 -9.33347e-05 -3.87187e-05 4.91538e-05 0.0104493 -0.0189192 4.48749e-05 -9.33347e-05 -0.0189192 0.0912758 
0.00965909 -0.0179305 -4.57297e-05 3.86306e-05 -0.0179305 0.0887949 3.95176e-05 -8.51195e-05 -4.57297e-05 3.95176e-05 0.0104465 -0.0189195 3.86306e-05 -8.51195e-05 -0.0189195 0.0912819 
0.00966217 -0.0179263 -4.69661e-05 3.96539e-05 -0.0179263 0.0887864 4.01626e-05 -7.26463e-05 -4.69661e-05 4.01626e-05 0.010422 -0.0188945 3.96539e-05 -7.26463e-05 -0.0188945 0.0912271 
0.009679 -0.0179292 -4.94815e-05 5.83864e-05 -0.0179292 0.0887895 5.88858e-05 -0.000118867 -4.94815e-05 5.88858e-05 0.0104209 -0.0188747 5.83864e-05 -0.000118867 -0.0188747 0.0911924 
0.00968499 -0.0179652 -3.66656e-05 5.82289e-05 -0.0179652 0.088867 5.81635e-05 -0.000136634 -3.66656e-05 5.81635e-05 0.0104327 -0.0188592 5.82289e-05 -0.000136634 -0.0188592 0.0911354 
0.00969585 -0.0179875 -3.34671e-05 5.37302e-05 -0.0179875 0.0889581 5.29549e-05 -0.000146439 -3.34671e-05 5.29549e-05 0.0104609 -0.0188754 5.37302e-05 -0.000146439 -0.0188754 0.0911462 
0.00969675 -0.0180069 -4.08132e-05 4.59834e-05 -0.0180069 0.0890284 4.4117e-05 -0.00013083 -4.08132e-05 4.4117e-05 0.0104831 -0.0189002 4.59834e-05 -0.00013083 -0.0189002 0.091176 
0.00967478 -0.0179794 -5.04663e-05 5.27222e-05 -0.0179794 0.0889808 4.99634e-05 -0.000132492 -5.04663e-05 4.99634e-05 0.0105224 -0.0189578 5.27222e-05 -0.000132492 -0.0189578 0.0913164 
0.00969397 -0.0179665 -3.88039e-05 5.57512e-05 -0.0179665 0.0889504 5.08112e-05 -0.000128155 -3.88039e-05 5.08112e-05 0.0105181 -0.018992 5.57512e-05 -0.000128155 -0.018992 0.0914112 
0.00969985 -0.0179873 -2.58163e-05 5.67144e-05 -0.0179873 0.0889627 5.04626e-05 -0.000141012 -2.58163e-05 5.04626e-05 0.0105314 -0.0189908 5.67144e-05 -0.000141012 -0.0189908 0.0914518 
0.00970043 -0.0179876 -4.69129e-05 3.54943e-05 -0.0179876 0.0889687 3.15222e-05 -0.000107528 -4.69129e-05 3.15222e-05 0.0105611 -0.0190197 3.54943e-05 -0.000107528 -0.0190197 0.0915206 
0.00971255 -0.0179861 -4.09947e-05 3.60032e-05 -0.0179861 0.0889672 3.26304e-05 -6.49329e-05 -4.09947e-05 3.26304e-05 0.0105729 -0.0190604 3.60032e-05 -6.49329e-05 -0.0190604 0.0916139 
0.00969935 -0.0179963 -3.7646e-05 3.77397e-05 -0.0179963 0.0889769 3.36158e-05 -6.52392e-05 -3.7646e-05 3.36158e-05 0.0105886 -0.01908 3.77397e-05 -6.52392e-05 -0.01908 0.0916872 
0.00970497 -0.017988 -4.16216e-05 4.87616e-05 -0.017988 0.0889803 4.56965e-05 -0.000101617 -4.16216e-05 4.56965e-05 0.010594 -0.019101 4.87616e-05 -0.000101617 -0.019101 0.0917512 
0.00967782 -0.0179851 -5.42966e-05 5.12789e-05 -0.0179851 0.0889611 5.20651e-05 -0.000121014 -5.42966e-05 5.20651e-05 0.0106118 -0.0191072 5.12789e-05 -0.000121014 -0.0191072 0.0917821 
0.00968029 -0.0179555 -4.78458e-05 3.8853e-05 -0.0179555 0.0889134 4.42403e-05 -8.5062e-05 -4.78458e-05 4.42403e-05 0.0105864 -0.0191222 3.8853e-05 -8.5062e-05 -0.0191222 0.0918042 
0.00965975 -0.017952 -7.14374e-05 5.18696e-05 -0.017952 0.0888765 5.99188e-05 -0.000114639 -7.14374e-05 5.99188e-05 0.0105997 -0.0191007 5.18696e-05 -0.000114639 -0.0191007 0.0917965 
0.00964679 -0.017941 -9.35155e-05 8.59802e-05 -0.017941 0.0888636 9.51004e-05 -0.000184728 -9.35155e-05 9.51004e-05 0.0106041 -0.0190952 8.59802e-05 -0.000184728 -0.0190952 0.0917484 
0.00963524 -0.0179221 -9.51563e-05 0.0001122 -0.0179221 0.0888198 0.000118602 -0.000255028 -9.51563e-05 0.000118602 0.0105711 -0.0190823 0.0001122 -0.000255028 -0.0190823 0.091681 
0.00962788 -0.017892 -6.46729e-05 0.000123514 -0.017892 0.0887359 0.000124103 -0.000300682 -6.46729e-05 0.000124103 0.0105177 -0.0190477 0.000123514 -0.000300682 -0.0190477 0.0916085 
0.00962557 -0.0179137 -2.20013e-05 7.7001e-05 -0.0179137 0.0887732 7.20597e-05 -0.000225117 -2.20013e-05 7.20597e-05 0.0104888 -0.0189586 7.7001e-05 -0.000225117 -0.0189586 0.0914156 
0.00964475 -0.0179156 -2.92509e-06 6.31984e-06 -0.0179156 0.0888032 2.23456e-06 -5.9729e-05 -2.92509e-06 2.23456e-06 0.0104828 -0.0189293 6.31984e-06 -5.9729e-05 -0.0189293 0.0913018 
0.00965785 -0.0179196 -1.63655e-05 -1.02229e-05 -0.0179196 0.0887953 -1.15981e-05 2.47548e-05 -1.63655e-05 -1.15981e-05 0.0105078 -0.0189418 -1.02229e-05 2.47548e-05 -0.0189418 0.0913074 
0.00965117 -0.0179209 -4.71692e-05 1.53472e-05 -0.0179209 0.0887744 1.62235e-05 -1.01765e-06 -4.71692e-05 1.62235e-05 0.0105229 -0.0189737 1.53472e-05 -1.01765e-06 -0.0189737 0.0913606 
0.00963597 -0.0179105 -8.05848e-05 5.65301e-05 -0.0179105 0.0887488 5.88039e-05 -8.96171e-05 -8.05848e-05 5.88039e-05 0.0105394 -0.0189977 5.65301e-05 -8.96171e-05 -0.0189977 0.0914316 
0.00962529 -0.0178883 -9.44485e-05 9.67834e-05 -0.0178883 0.088698 0.000101694 -0.000194942 -9.44485e-05 0.000101694 0.0105329 -0.0190199 9.67834e-05 -0.000194942 -0.0190199 0.0914947 
0.00965673 -0.0178609 -9.60561e-05 0.000103089 -0.0178609 0.0886197 0.000108144 -0.00024022 -9.60561e-05 0.000108144 0.0105014 -0.0190285 0.000103089 -0.00024022 -0.0190285 0.0915534 
0.009682 -0.0179337 -8.01281e-05 0.000123773 -0.0179337 0.088741 0.000128596 -0.000298317 -8.01281e-05 0.000128596 0.0104856 -0.0189619 0.000123773 -0.000298317 -0.0189619 0.0914395 
0.00970579 -0.0179898 -7.64783e-05 0.00010449 -0.0179898 0.0889213 0.000108024 -0.000288039 -7.64783e-05 0.000108024 0.0104666 -0.0189272 0.00010449 -0.000288039 -0.0189272 0.0913128 
0.00971013 -0.0180026 -8.13523e-05 0.000104781 -0.0180026 0.0889919 0.00010586 -0.000279391 -8.13523e-05 0.00010586 0.0104487 -0.018915 0.000104781 -0.000279391 -0.018915 0.0912588 
0.00971169 -0.0180168 -7.3236e-05 0.000105533 -0.0180168 0.089046 0.000105434 -0.000270083 -7.3236e-05 0.000105434 0.0104483 -0.018889 0.000105533 -0.000270083 -0.018889 0.0912012 
0.0096765 -0.0180047 -4.26224e-05 6.41307e-05 -0.0180047 0.0890264 6.55363e-05 -0.00017194 -4.26224e-05 6.55363e-05 0.0104471 -0.0188774 6.41307e-05 -0.00017194 -0.0188774 0.091136 
0.00964352 -0.0179492 -4.07823e-05 5.52417e-05 -0.0179492 0.0889158 5.85804e-05 -0.000149107 -4.07823e-05 5.85804e-05 0.010449 -0.0188818 5.52417e-05 -0.000149107 -0.0188818 0.0911264 
0.00963437 -0.0178797 -4.85906e-05 5.91151e-05 -0.0178797 0.0887242 6.26498e-05 -0.00015844 -4.85906e-05 6.26498e-05 0.0104476 -0.0189075 5.91151e-05 -0.00015844 -0.0189075 0.091193 
0.00962759 -0.0179047 -6.22055e-05 8.38113e-05 -0.0179047 0.0887209 8.55304e-05 -0.000216182 -6.22055e-05 8.55304e-05 0.0104564 -0.0188708 8.38113e-05 -0.000216182 -0.0188708 0.0911269 
0.00963368 -0.0178714 -6.44569e-05 8.87616e-05 -0.0178714 0.088652 8.38827e-05 -0.00022997 -6.44569e-05 8.38827e-05 0.0104673 -0.0189167 8.87616e-05 -0.00022997 -0.0189167 0.0912113 
0.00964211 -0.0178856 -7.22643e-05 6.97653e-05 -0.0178856 0.0886487 5.88067e-05 -0.000174588 -7.22643e-05 5.88067e-05 0.0104748 -0.0189321 6.97653e-05 -0.000174588 -0.0189321 0.0912847 
0.0096374 -0.0178876 -8.43775e-05 8.54383e-05 -0.0178876 0.0886497 7.37847e-05 -0.000180049 -8.43775e-05 7.37847e-05 0.0104958 -0.0189527 8.54383e-05 -0.000180049 -0.0189527 0.0913571 
0.00962655 -0.0179019 -9.09158e-05 0.000108008 -0.0179019 0.0886958 9.87575e-05 -0.00023206 -9.09158e-05 9.87575e-05 0.0105261 -0.0189639 0.000108008 -0.00023206 -0.0189639 0.0913872 
0.00960944 -0.0178642 -8.18266e-05 9.58091e-05 -0.0178642 0.0886256 9.19212e-05 -0.000220596 -8.18266e-05 9.19212e-05 0.0105103 -0.0190056 9.58091e-05 -0.000220596 -0.0190056 0.0914594 
0.00962259 -0.017864 -5.90362e-05 7.95264e-05 -0.017864 0.0886226 8.09437e-05 -0.000187727 -5.90362e-05 8.09437e-05 0.0104861 -0.018982 7.95264e-05 -0.000187727 -0.018982 0.0914583 
0.00967372 -0.0178928 -5.84027e-05 7.27863e-05 -0.0178928 0.0886841 7.73748e-05 -0.000187881 -5.84027e-05 7.73748e-05 0.0104559 -0.0189469 7.27863e-05 -0.000187881 -0.0189469 0.0913913 
0.00970561 -0.0179641 -6.66556e-05 6.95163e-05 -0.0179641 0.088833 7.26385e-05 -0.000176868 -6.66556e-05 7.26385e-05 0.0104464 -0.0188989 6.95163e-05 -0.000176868 -0.0188989 0.0912675 
0.00971218 -0.0179754 -6.52309e-05 7.76595e-05 -0.0179754 0.0888876 7.98366e-05 -0.000179158 -6.52309e-05 7.98366e-05 0.0104655 -0.0189177 7.76595e-05 -0.000179158 -0.0189177 0.0912804 
0.00970545 -0.0179918 -6.428e-05 7.63557e-05 -0.0179918 0.0889361 7.90942e-05 -0.000181927 -6.428e-05 7.90942e-05 0.0104912 -0.0189396 7.63557e-05 -0.000181927 -0.0189396 0.0913272 
0.00965519 -0.0179764 -7.29452e-05 6.92603e-05 -0.0179764 0.0889211 7.08734e-05 -0.00016511 -7.29452e-05 7.08734e-05 0.0105396 -0.0189786 6.92603e-05 -0.00016511 -0.0189786 0.0914171 
0.00962671 -0.017931 -8.48104e-05 8.41377e-05 -0.017931 0.0888588 8.66085e-05 -0.000186791 -8.48104e-05 8.66085e-05 0.0105646 -0.0190255 8.41377e-05 -0.000186791 -0.0190255 0.0915173 
0.0096288 -0.0179018 -9.78486e-05 0.000102781 -0.0179018 0.0887856 0.000104403 -0.00023114 -9.78486e-05 0.000104403 0.0105584 -0.0190485 0.000102781 -0.00023114 -0.0190485 0.0915875 
0.00961942 -0.0178789 -0.000101564 0.000111321 -0.0178789 0.0886891 0.000108138 -0.000246689 -0.000101564 0.000108138 0.0105349 -0.0190468 0.000111321 -0.000246689 -0.0190468 0.0916097 
0.00963302 -0.0178629 -9.70405e-05 0.000136195 -0.0178629 0.0886294 0.000130689 -0.000311236 -9.70405e-05 0.000130689 0.0104836 -0.0190102 0.000136195 -0.000311236 -0.0190102 0.0915386 
0.00966181 -0.0178897 -6.92831e-05 0.000125137 -0.0178897 0.0886648 0.000121564 -0.00031842 -6.92831e-05 0.000121564 0.0104504 -0.0189473 0.000125137 -0.00031842 -0.0189473 0.0914108 
0.00967271 -0.0179599 -5.44459e-05 8.45218e-05 -0.0179599 0.0888327 8.38484e-05 -0.000253697 -5.44459e-05 8.38484e-05 0.0104323 -0.0188689 8.45218e-05 -0.000253697 -0.0188689 0.0911834 
0.00966575 -0.0179652 -6.73432e-05 8.22722e-05 -0.0179652 0.0889012 8.24593e-05 -0.00023478 -6.73432e-05 8.24593e-05 0.010415 -0.018848 8.22722e-05 -0.00023478 -0.018848 0.0910624 
0.00964508 -0.0179187 -8.28062e-05 9.53961e-05 -0.0179187 0.0888035 9.75869e-05 -0.0002514 -8.28062e-05 9.75869e-05 0.0103973 -0.0188523 9.53961e-05 -0.0002514 -0.0188523 0.0910588 
0.00963287 -0.0178946 -8.0104e-05 8.6932e-05 -0.0178946 0.0887216 9.32089e-05 -0.000221657 -8.0104e-05 9.32089e-05 0.0103856 -0.0188251 8.6932e-05 -0.000221657 -0.0188251 0.0910153 
0.00962002 -0.0178641 -6.44653e-05 8.30528e-05 -0.0178641 0.088621 8.96217e-05 -0.000202488 -6.44653e-05 8.96217e-05 0.0103806 -0.0188154 8.30528e-05 -0.000202488 -0.0188154 0.0909834 
0.00962671 -0.017853 -6.50157e-05 6.79245e-05 -0.017853 0.0885676 7.43673e-05 -0.000175789 -6.50157e-05 7.43673e-05 0.0103793 -0.0188056 6.79245e-05 -0.000175789 -0.0188056 0.090957 
0.00961966 -0.0178405 -6.94232e-05 7.86619e-05 -0.0178405 0.0885016 8.48314e-05 -0.000190204 -6.94232e-05 8.48314e-05 0.0103535 -0.0188047 7.86619e-05 -0.000190204 -0.0188047 0.0909362 
0.00961778 -0.0178681 -5.92211e-05 8.0155e-05 -0.0178681 0.0885622 8.19465e-05 -0.000191995 -5.92211e-05 8.19465e-05 0.0103338 -0.0187468 8.0155e-05 -0.000191995 -0.0187468 0.0908171 
0.00961323 -0.0178576 -4.82676e-05 7.41043e-05 -0.0178576 0.0885649 7.0482e-05 -0.000186131 -4.82676e-05 7.0482e-05 0.010321 -0.0187283 7.41043e-05 -0.000186131 -0.0187283 0.0907445 
0.00960205 -0.0178517 -3.69575e-05 5.42575e-05 -0.0178517 0.0885602 4.19016e-05 -0.000133326 -3.69575e-05 4.19016e-05 0.0103406 -0.0187257 5.42575e-05 -0.000133326 -0.0187257 0.0907357 
0.00961352 -0.0178291 -2.97929e-05 4.16466e-05 -0.0178291 0.0885109 2.47048e-05 -8.51308e-05 -2.97929e-05 2.47048e-05 0.0103252 -0.0187509 4.16466e-05 -8.51308e-05 -0.0187509 0.0907704 
0.00961266 -0.0178555 -3.74363e-05 4.79898e-05 -0.0178555 0.088543 3.33578e-05 -9.49441e-05 -3.74363e-05 3.33578e-05 0.0103261 -0.0187264 4.79898e-05 -9.49441e-05 -0.0187264 0.0907518 
0.00962693 -0.0178387 -3.60052e-05 4.47991e-05 -0.0178387 0.088522 3.65799e-05 -9.22891e-05 -3.60052e-05 3.65799e-05 0.0103324 -0.0187502 4.47991e-05 -9.22891e-05 -0.0187502 0.0908059 
0.00963307 -0.0178699 -1.33827e-05 3.94015e-05 -0.0178699 0.0885711 3.85254e-05 -9.07324e-05 -1.33827e-05 3.85254e-05 0.0103538 -0.0187453 3.94015e-05 -9.07324e-05 -0.0187453 0.0908082 
0.00964635 -0.0178801 -8.84862e-07 1.39184e-05 -0.0178801 0.088614 1.60018e-05 -5.56379e-05 -8.84862e-07 1.60018e-05 0.0103673 -0.0187702 1.39184e-05 -5.56379e-05 -0.0187702 0.0908402 
0.0096571 -0.017904 7.68946e-06 7.2493e-06 -0.017904 0.0886721 7.76286e-06 -3.32729e-05 7.68946e-06 7.76286e-06 0.0103628 -0.0187842 7.2493e-06 -3.32729e-05 -0.0187842 0.090878 
0.00964528 -0.017931 1.37958e-05 1.62838e-06 -0.017931 0.088757 2.94034e-06 -2.37124e-05 1.37958e-05 2.94034e-06 0.0103986 -0.0187829 1.62838e-06 -2.37124e-05 -0.0187829 0.0909029 
0.00963787 -0.0178932 8.9378e-06 -2.09739e-05 -0.0178932 0.0887081 -1.39095e-05 2.23335e-05 8.9378e-06 -1.39095e-05 0.0104181 -0.0188415 -2.09739e-05 2.23335e-05 -0.0188415 0.0910101 
0.00965516 -0.0179058 -4.34851e-06 -1.93234e-05 -0.0179058 0.0887259 -9.24384e-06 4.10903e-05 -4.34851e-06 -9.24384e-06 0.0104269 -0.0188579 -1.93234e-05 4.10903e-05 -0.0188579 0.0910825 
0.00966841 -0.0178993 -1.70391e-05 5.89262e-06 -0.0178993 0.0886927 1.3656e-05 -4.28468e-06 -1.70391e-05 1.3656e-05 0.0104189 -0.0188833 5.89262e-06 -4.28468e-06 -0.0188833 0.0911558 
0.00967088 -0.0179024 -9.9879e-06 -4.71708e-06 -0.0179024 0.088674 -1.7839e-06 2.30211e-05 -9.9879e-06 -1.7839e-06 0.0104324 -0.0188898 -4.71708e-06 2.30211e-05 -0.0188898 0.0912122 
0.00968998 -0.017933 -4.4087e-05 1.74984e-05 -0.017933 0.0887461 1.543e-05 -2.2987e-05 -4.4087e-05 1.543e-05 0.0104221 -0.0188827 1.74984e-05 -2.2987e-05 -0.0188827 0.0911906 
0.00971465 -0.0179851 -7.73445e-05 4.82986e-05 -0.0179851 0.0888924 4.61212e-05 -7.73539e-05 -7.73445e-05 4.61212e-05 0.0104118 -0.0188528 4.82986e-05 -7.73539e-05 -0.0188528 0.0911168 
0.0097375 -0.0180171 -8.58878e-05 0.000109464 -0.0180171 0.0890017 0.000112282 -0.000225231 -8.58878e-05 0.000112282 0.0103881 -0.0188354 0.000109464 -0.000225231 -0.0188354 0.0910497 
0.00973174 -0.0180422 -8.88538e-05 0.000101834 -0.0180422 0.0890846 0.000109583 -0.000265041 -8.88538e-05 0.000109583 0.0103955 -0.0188156 0.000101834 -0.000265041 -0.0188156 0.0910067 
0.0097404 -0.0180195 -8.98256e-05 7.78506e-05 -0.0180195 0.0890642 8.56898e-05 -0.000204655 -8.98256e-05 8.56898e-05 0.0103918 -0.0188345 7.78506e-05 -0.000204655 -0.0188345 0.0910263 
0.00969938 -0.0179899 -0.000101854 0.000103672 -0.0179899 0.0889525 0.000106498 -0.00023808 -0.000101854 0.000106498 0.010428 -0.0188629 0.000103672 -0.00023808 -0.0188629 0.0911218 
0.00968097 -0.0179568 -9.65961e-05 0.000135486 -0.0179568 0.088878 0.00013455 -0.000316969 -9.65961e-05 0.00013455 0.0104437 -0.0188929 0.000135486 -0.000316969 -0.0188929 0.091189 
0.00965461 -0.0179241 -9.23436e-05 0.000130855 -0.0179241 0.0887818 0.000127746 -0.000341 -9.23436e-05 0.000127746 0.0104631 -0.018923 0.000130855 -0.000341 -0.018923 0.0912811 
0.00967137 -0.0179288 -7.78213e-05 9.90958e-05 -0.0179288 0.0887981 9.44666e-05 -0.000264706 -7.78213e-05 9.44666e-05 0.0104336 -0.0189185 9.90958e-05 -0.000264706 -0.0189185 0.091277 
0.00966207 -0.0179563 -9.35205e-05 9.16367e-05 -0.0179563 0.0888579 8.87411e-05 -0.000234078 -9.35205e-05 8.87411e-05 0.0104365 -0.0188729 9.16367e-05 -0.000234078 -0.0188729 0.09119 
