0.00689803 0 -0.00011751 0 0 0.01 0 0 -0.00011751 0 0.00776554 0 0 0 0 0.01 
0.0098121 -0.0121903 -0.000139039 0.000171606 -0.0121903 0.0325484 0.000171606 -0.000329057 -0.000139039 0.000171606 0.0108617 -0.0134837 0.000171606 -0.000329057 -0.0134837 0.0350285 
0.00991524 -0.018666 -8.18684e-05 0.000150541 -0.018666 0.0688584 0.000150541 -0.000480968 -8.18684e-05 0.000150541 0.010838 -0.0201801 0.000150541 -0.000480968 -0.0201801 0.0736842 
0.00938372 -0.0184506 -5.35267e-05 0.000112512 -0.0184506 0.0831557 0.000109163 -0.000395565 -5.35267e-05 0.000109163 0.0102364 -0.0196889 0.000112512 -0.000395565 -0.0196889 0.0874758 
0.00938669 -0.0178283 -2.45023e-05 4.20394e-05 -0.0178283 0.086793 3.85062e-05 -0.000127647 -2.45023e-05 3.85062e-05 0.0101985 -0.0189096 4.20394e-05 -0.000127647 -0.0189096 0.0899588 
0.00955842 -0.0177766 -4.065e-05 3.53898e-05 -0.0177766 0.0879818 3.57693e-05 -7.7274e-05 -4.065e-05 3.57693e-05 0.0103714 -0.018805 3.53898e-05 -7.7274e-05 -0.018805 0.0906214 
0.00965676 -0.0178899 -6.77641e-05 7.50173e-05 -0.0178899 0.0885661 7.8522e-05 -0.000158473 -6.77641e-05 7.8522e-05 0.0104866 -0.0189233 7.50173e-05 -0.000158473 -0.0189233 0.0911168 
0.00968612 -0.0179496 -8.39704e-05 0.00012068 -0.0179496 0.0888215 0.000122933 -0.000287219 -8.39704e-05 0.000122933 0.0105107 -0.0189824 0.00012068 -0.000287219 -0.0189824 0.0913739 
0.00970034 -0.0179924 -0.000106086 0.000143442 -0.0179924 0.0889642 0.000142037 -0.000375687 -0.000106086 0.000142037 0.0104974 -0.0189451 0.000143442 -0.000375687 -0.0189451 0.0913277 
0.00968957 -0.0179958 -9.86835e-05 0.000139064 -0.0179958 0.0889916 0.000137454 -0.00036601 -9.86835e-05 0.000137454 0.0105182 -0.0189293 0.000139064 -0.00036601 -0.0189293 0.0912604 
0.00967183 -0.0179749 -8.74348e-05 0.000118923 -0.0179749 0.0889497 0.000117854 -0.000320714 -8.74348e-05 0.000117854 0.0105559 -0.018961 0.000118923 -0.000320714 -0.018961 0.091281 
0.00968558 -0.0179512 -5.26659e-05 9.1958e-05 -0.0179512 0.0888877 9.01561e-05 -0.000240809 -5.26659e-05 9.01561e-05 0.0105439 -0.019011 9.1958e-05 -0.000240809 -0.019011 0.0913731 
0.00968529 -0.0179565 -3.78319e-05 5.52134e-05 -0.0179565 0.0888583 5.29593e-05 -0.000160167 -3.78319e-05 5.29593e-05 0.0105348 -0.0190155 5.52134e-05 -0.000160167 -0.0190155 0.0914456 
0.00970489 -0.0179732 -3.57071e-05 3.29963e-05 -0.0179732 0.0889015 3.05982e-05 -9.01075e-05 -3.57071e-05 3.05982e-05 0.0105069 -0.0189902 3.29963e-05 -9.01075e-05 -0.0189902 0.0914106 
0.00964475 -0.0179828 -3.63635e-05 4.24086e-05 -0.0179828 0.0889199 4.04933e-05 -9.01542e-05 -3.63635e-05 4.04933e-05 0.0105376 -0.0189621 4.24086e-05 -9.01542e-05 -0.0189621 0.0913506 
0.00960705 -0.0179258 -4.70423e-05 5.02847e-05 -0.0179258 0.0888608 5.31508e-05 -0.00012093 -4.70423e-05 5.31508e-05 0.0105372 -0.0189873 5.02847e-05 -0.00012093 -0.0189873 0.0913544 
0.0096078 -0.0178834 -6.06227e-05 5.44952e-05 -0.0178834 0.0887629 6.02041e-05 -0.000135791 -6.06227e-05 6.02041e-05 0.0105151 -0.0189866 5.44952e-05 -0.000135791 -0.0189866 0.0913733 
0.00962843 -0.0178615 -7.33822e-05 7.92165e-05 -0.0178615 0.0886631 8.61405e-05 -0.000185677 -7.33822e-05 8.61405e-05 0.0104818 -0.018977 7.92165e-05 -0.000185677 -0.018977 0.0913884 
0.00964368 -0.0178693 -7.69482e-05 9.46182e-05 -0.0178693 0.0886195 0.000100624 -0.000228925 -7.69482e-05 0.000100624 0.0104471 -0.0189439 9.46182e-05 -0.000228925 -0.0189439 0.0913466 
0.00964961 -0.0178917 -7.66676e-05 9.79607e-05 -0.0178917 0.0886487 9.9904e-05 -0.000244058 -7.66676e-05 9.9904e-05 0.0104236 -0.0188933 9.79607e-05 -0.000244058 -0.0188933 0.0912352 
0.00967294 -0.0179147 -7.35804e-05 0.000110623 -0.0179147 0.0887171 0.000110054 -0.000279401 -7.35804e-05 0.000110054 0.0103948 -0.018848 0.000110623 -0.000279401 -0.018848 0.0910998 
0.00965962 -0.0179307 -7.8751e-05 0.000110911 -0.0179307 0.0887536 0.000109015 -0.000297398 -7.8751e-05 0.000109015 0.0103881 -0.0188179 0.000110911 -0.000297398 -0.0188179 0.0910036 
0.00964403 -0.0179311 -6.40959e-05 0.000106224 -0.0179311 0.0887904 0.000101142 -0.000280608 -6.40959e-05 0.000101142 0.01039 -0.0187996 0.000106224 -0.000280608 -0.0187996 0.090932 
0.00962655 -0.0178896 -3.93753e-05 6.6722e-05 -0.0178896 0.0887079 5.83398e-05 -0.000183807 -3.93753e-05 5.83398e-05 0.0103877 -0.0188193 6.6722e-05 -0.000183807 -0.0188193 0.0909594 
0.00964337 -0.0178531 -5.13404e-05 4.3945e-05 -0.0178531 0.0885943 3.34081e-05 -0.000111588 -5.13404e-05 3.34081e-05 0.0103553 -0.0188277 4.3945e-05 -0.000111588 -0.0188277 0.0910056 
0.00963987 -0.0178707 -6.71311e-05 6.00398e-05 -0.0178707 0.0885743 5.25995e-05 -0.000111648 -6.71311e-05 5.25995e-05 0.0103502 -0.0187934 6.00398e-05 -0.000111648 -0.0187934 0.0909784 
0.00965681 -0.0178995 -7.15767e-05 8.5845e-05 -0.0178995 0.0886611 8.56454e-05 -0.000178383 -7.15767e-05 8.56454e-05 0.010344 -0.018758 8.5845e-05 -0.000178383 -0.018758 0.0908703 
0.00967509 -0.0179398 -4.95093e-05 7.09673e-05 -0.0179398 0.0887811 7.37977e-05 -0.00016675 -4.95093e-05 7.37977e-05 0.0103315 -0.0187303 7.09673e-05 -0.00016675 -0.0187303 0.0907582 
0.00967196 -0.0179522 -4.17888e-05 6.33204e-05 -0.0179522 0.0888393 6.65969e-05 -0.000164041 -4.17888e-05 6.65969e-05 0.0103488 -0.0187314 6.33204e-05 -0.000164041 -0.0187314 0.0907416 
0.00966268 -0.0179193 -2.56243e-05 4.60952e-05 -0.0179193 0.0887723 4.89467e-05 -0.000126896 -2.56243e-05 4.89467e-05 0.0103698 -0.0187743 4.60952e-05 -0.000126896 -0.0187743 0.0908272 
0.00962797 -0.0179015 -2.04732e-05 1.71975e-05 -0.0179015 0.0887022 1.8245e-05 -5.49919e-05 -2.04732e-05 1.8245e-05 0.010402 -0.0188056 1.71975e-05 -5.49919e-05 -0.0188056 0.0909237 
0.00961045 -0.0178762 -1.99906e-05 2.55207e-05 -0.0178762 0.0886591 2.39526e-05 -4.97462e-05 -1.99906e-05 2.39526e-05 0.0104218 -0.0188418 2.55207e-05 -4.97462e-05 -0.0188418 0.0910182 
0.00958744 -0.0178643 -3.27763e-05 5.31281e-05 -0.0178643 0.0886278 5.03824e-05 -0.00012713 -3.27763e-05 5.03824e-05 0.0104391 -0.0188595 5.31281e-05 -0.00012713 -0.0188595 0.0910818 
0.00960625 -0.0178316 -4.08111e-05 5.87064e-05 -0.0178316 0.0885609 5.35856e-05 -0.000155705 -4.08111e-05 5.35856e-05 0.0104138 -0.018882 5.87064e-05 -0.000155705 -0.018882 0.0911411 
0.00965226 -0.0178413 -4.06636e-05 5.55315e-05 -0.0178413 0.0885317 4.92983e-05 -0.00014541 -4.06636e-05 4.92983e-05 0.0103847 -0.0188671 5.55315e-05 -0.00014541 -0.0188671 0.0911648 
0.00966682 -0.0178873 -2.21329e-05 2.84826e-05 -0.0178873 0.0885889 2.45314e-05 -7.40158e-05 -2.21329e-05 2.45314e-05 0.0103895 -0.0188376 2.84826e-05 -7.40158e-05 -0.0188376 0.0911231 
0.00968874 -0.0179272 -2.7508e-05 1.67691e-05 -0.0179272 0.088711 1.46007e-05 -3.94452e-05 -2.7508e-05 1.46007e-05 0.0104027 -0.0188372 1.67691e-05 -3.94452e-05 -0.0188372 0.0910946 
0.00971174 -0.0179725 -1.46256e-06 8.94814e-06 -0.0179725 0.0888506 8.31844e-06 -1.72874e-06 -1.46256e-06 8.31844e-06 0.0104092 -0.0188447 8.94814e-06 -1.72874e-06 -0.0188447 0.0910889 
0.00970621 -0.0180071 1.6784e-05 -1.34036e-06 -0.0180071 0.088967 1.96077e-06 -3.00205e-07 1.6784e-05 1.96077e-06 0.0104192 -0.0188428 -1.34036e-06 -3.00205e-07 -0.0188428 0.0910696 
0.00968885 -0.0180044 7.77314e-06 -1.99887e-05 -0.0180044 0.0890135 -1.45615e-05 2.69178e-05 7.77314e-06 -1.45615e-05 0.0104344 -0.0188555 -1.99887e-05 2.69178e-05 -0.0188555 0.0910846 
0.00966395 -0.0179683 -1.38375e-05 -5.78032e-06 -0.0179683 0.0889539 -6.78418e-07 1.25548e-05 -1.38375e-05 -6.78418e-07 0.0104656 -0.0188899 -5.78032e-06 1.25548e-05 -0.0188899 0.0911635 
0.00964535 -0.0179429 -3.6279e-05 2.67612e-05 -0.0179429 0.0888901 3.09699e-05 -5.59398e-05 -3.6279e-05 3.09699e-05 0.0105047 -0.0189271 2.67612e-05 -5.59398e-05 -0.0189271 0.0912553 
0.00961986 -0.0179249 -4.08625e-05 6.05095e-05 -0.0179249 0.0888408 5.99158e-05 -0.000140781 -4.08625e-05 5.99158e-05 0.010555 -0.0189715 6.05095e-05 -0.000140781 -0.0189715 0.0913563 
0.00961287 -0.0178872 -4.68729e-05 6.55455e-05 -0.0178872 0.0887525 6.08974e-05 -0.000175704 -4.68729e-05 6.08974e-05 0.0105486 -0.0190253 6.55455e-05 -0.000175704 -0.0190253 0.0914648 
0.0096387 -0.0178784 -5.45913e-05 7.04023e-05 -0.0178784 0.0887011 6.67106e-05 -0.000190327 -5.45913e-05 6.67106e-05 0.0105158 -0.0190258 7.04023e-05 -0.000190327 -0.0190258 0.091527 
0.00964619 -0.0179162 -3.83952e-05 6.42585e-05 -0.0179162 0.0887518 6.413e-05 -0.000171661 -3.83952e-05 6.413e-05 0.0105222 -0.0189811 6.42585e-05 -0.000171661 -0.0189811 0.0914673 
0.00966332 -0.017938 -3.5816e-05 5.09607e-05 -0.017938 0.0888284 5.32669e-05 -0.000150539 -3.5816e-05 5.32669e-05 0.0105321 -0.0189805 5.09607e-05 -0.000150539 -0.0189805 0.0914246 
0.00969325 -0.0179476 -2.19664e-05 4.84348e-05 -0.0179476 0.0888563 5.1148e-05 -0.000135771 -2.19664e-05 5.1148e-05 0.0105148 -0.0190029 4.84348e-05 -0.000135771 -0.0190029 0.0914597 
0.00968386 -0.0179616 -1.59349e-05 2.66066e-05 -0.0179616 0.0888651 2.8738e-05 -9.22757e-05 -1.59349e-05 2.8738e-05 0.0105214 -0.0190049 2.66066e-05 -9.22757e-05 -0.0190049 0.091505 
0.00967624 -0.0179635 -2.297e-05 3.00054e-05 -0.0179635 0.0888922 2.90999e-05 -8.39228e-05 -2.297e-05 2.90999e-05 0.0105371 -0.0190063 3.00054e-05 -8.39228e-05 -0.0190063 0.0915139 
0.0096843 -0.0179928 -3.13506e-05 3.3543e-05 -0.0179928 0.0889909 3.00456e-05 -8.2792e-05 -3.13506e-05 3.00456e-05 0.01054 -0.0189958 3.3543e-05 -8.2792e-05 -0.0189958 0.091469 
0.00968987 -0.0179726 -3.93058e-05 4.0904e-05 -0.0179726 0.0889657 3.47752e-05 -8.60289e-05 -3.93058e-05 3.47752e-05 0.0105274 -0.0190235 4.0904e-05 -8.60289e-05 -0.0190235 0.09152 
0.00968126 -0.0179705 -3.35783e-05 4.0413e-05 -0.0179705 0.0889377 3.31368e-05 -7.70829e-05 -3.35783e-05 3.31368e-05 0.0105078 -0.0190067 4.0413e-05 -7.70829e-05 -0.0190067 0.0915116 
0.00966361 -0.0179682 -1.21341e-05 3.9301e-05 -0.0179682 0.0889323 3.35643e-05 -7.75649e-05 -1.21341e-05 3.35643e-05 0.0104814 -0.0189627 3.9301e-05 -7.75649e-05 -0.0189627 0.0914065 
0.00962999 -0.0179311 -8.96005e-06 2.45687e-05 -0.0179311 0.0888583 2.33662e-05 -7.40807e-05 -8.96005e-06 2.33662e-05 0.0105224 -0.0189575 2.45687e-05 -7.40807e-05 -0.0189575 0.0913958 
0.00962339 -0.0178839 -8.19729e-06 -5.73859e-06 -0.0178839 0.0887401 -7.62057e-07 -5.52777e-06 -8.19729e-06 -7.62057e-07 0.0105415 -0.0190041 -5.73859e-06 -5.52777e-06 -0.0190041 0.0914565 
0.00965338 -0.0178912 1.01003e-05 -1.20972e-05 -0.0178912 0.0887159 -2.63658e-06 3.47579e-05 1.01003e-05 -2.63658e-06 0.0105174 -0.0190111 -1.20972e-05 3.47579e-05 -0.0190111 0.0914809 
0.00967587 -0.0179396 1.84761e-05 -4.13753e-05 -0.0179396 0.088802 -3.15331e-05 9.6136e-05 1.84761e-05 -3.15331e-05 0.0104886 -0.0189683 -4.13753e-05 9.6136e-05 -0.0189683 0.091402 
0.00966753 -0.01797 1.97644e-05 -4.1982e-05 -0.01797 0.0888967 -3.64554e-05 0.000119156 1.97644e-05 -3.64554e-05 0.0104892 -0.0189358 -4.1982e-05 0.000119156 -0.0189358 0.0913173 
0.00963149 -0.0179483 1.27327e-05 -1.62123e-05 -0.0179483 0.088889 -1.30155e-05 6.1134e-05 1.27327e-05 -1.30155e-05 0.0105284 -0.0189541 -1.62123e-05 6.1134e-05 -0.0189541 0.0913372 
0.00960327 -0.0178851 1.7027e-06 4.67089e-06 -0.0178851 0.0887548 5.29241e-06 -6.82905e-06 1.7027e-06 5.29241e-06 0.0105682 -0.0190149 4.67089e-06 -6.82905e-06 -0.0190149 0.091462 
0.00961223 -0.0178664 -9.982e-06 1.7256e-05 -0.0178664 0.0886812 1.491e-05 -4.51227e-05 -9.982e-06 1.491e-05 0.0105675 -0.0190449 1.7256e-05 -4.51227e-05 -0.0190449 0.0915416 
0.009643 -0.0178761 -1.23324e-05 1.87732e-05 -0.0178761 0.088667 1.39568e-05 -4.3687e-05 -1.23324e-05 1.39568e-05 0.01053 -0.0190414 1.87732e-05 -4.3687e-05 -0.0190414 0.091561 
0.00969151 -0.0179294 1.74261e-06 7.28682e-06 -0.0179294 0.0887697 -9.27787e-07 -6.52784e-06 1.74261e-06 -9.27787e-07 0.0104814 -0.0189902 7.28682e-06 -6.52784e-06 -0.0189902 0.0914817 
0.0097094 -0.0179763 1.75408e-06 -5.50969e-07 -0.0179763 0.0888781 -9.69283e-06 9.41073e-06 1.75408e-06 -9.69283e-06 0.0104599 -0.0189452 -5.50969e-07 9.41073e-06 -0.0189452 0.0913901 
0.00967946 -0.0179562 -1.41428e-05 4.96339e-06 -0.0179562 0.0888409 -1.99374e-07 -2.44446e-06 -1.41428e-05 -1.99374e-07 0.0104251 -0.0189375 4.96339e-06 -2.44446e-06 -0.0189375 0.0913527 
0.00969839 -0.0179455 -1.3131e-05 9.87549e-06 -0.0179455 0.0888351 1.06794e-05 -6.03677e-06 -1.3131e-05 1.06794e-05 0.0103735 -0.0188767 9.87549e-06 -6.03677e-06 -0.0188767 0.0912358 
0.00969604 -0.0179621 -1.27764e-05 2.44329e-05 -0.0179621 0.0888451 2.65356e-05 -5.38794e-05 -1.27764e-05 2.65356e-05 0.0103425 -0.0187935 2.44329e-05 -5.38794e-05 -0.0187935 0.0910204 
0.00967092 -0.0179749 1.17793e-05 1.51035e-05 -0.0179749 0.0888956 1.69286e-05 -4.70288e-05 1.17793e-05 1.69286e-05 0.0103602 -0.0187472 1.51035e-05 -4.70288e-05 -0.0187472 0.0908547 
0.00965419 -0.0179596 4.51621e-06 -8.97301e-06 -0.0179596 0.0889083 -5.81431e-06 -9.39337e-06 4.51621e-06 -5.81431e-06 0.0104089 -0.0187674 -8.97301e-06 -9.39337e-06 -0.0187674 0.0908316 
0.0096583 -0.0179105 2.10054e-05 -3.23262e-06 -0.0179105 0.0887936 -1.16767e-06 5.05492e-06 2.10054e-05 -1.16767e-06 0.010426 -0.0188533 -3.23262e-06 5.05492e-06 -0.0188533 0.0909983 
0.00966313 -0.0179275 2.70125e-05 -2.89391e-05 -0.0179275 0.0887864 -2.9625e-05 5.24392e-05 2.70125e-05 -2.9625e-05 0.010444 -0.01888 -2.89391e-05 5.24392e-05 -0.01888 0.0911308 
0.00967652 -0.0179356 7.50638e-06 -3.72397e-05 -0.0179356 0.0888091 -3.80213e-05 9.04938e-05 7.50638e-06 -3.80213e-05 0.0104141 -0.0188873 -3.72397e-05 9.04938e-05 -0.0188873 0.0911593 
0.00967281 -0.0179335 1.56688e-05 -2.79707e-05 -0.0179335 0.0887953 -2.95669e-05 0.000104015 1.56688e-05 -2.95669e-05 0.0103943 -0.0188624 -2.79707e-05 0.000104015 -0.0188624 0.091141 
0.00964516 -0.0179275 2.27312e-05 -1.86584e-05 -0.0179275 0.0887811 -2.13734e-05 6.68727e-05 2.27312e-05 -2.13734e-05 0.0104355 -0.0188488 -1.86584e-05 6.68727e-05 -0.0188488 0.0911255 
0.00962459 -0.0178924 3.09082e-05 -1.91366e-05 -0.0178924 0.0887113 -2.17563e-05 4.37104e-05 3.09082e-05 -2.17563e-05 0.0104534 -0.0188825 -1.91366e-05 4.37104e-05 -0.0188825 0.0911424 
0.00963373 -0.017892 4.35844e-05 -3.77884e-05 -0.017892 0.0886999 -3.85625e-05 7.62073e-05 4.35844e-05 -3.85625e-05 0.0104118 -0.0188705 -3.77884e-05 7.62073e-05 -0.0188705 0.0910975 
0.00963208 -0.0179034 4.35506e-05 -3.63007e-05 -0.0179034 0.0887177 -3.50208e-05 6.93214e-05 4.35506e-05 -3.50208e-05 0.0103718 -0.0188128 -3.63007e-05 6.93214e-05 -0.0188128 0.0909766 
0.00963403 -0.0178844 4.41958e-05 -4.80464e-05 -0.0178844 0.0886821 -4.98975e-05 0.000101973 4.41958e-05 -4.98975e-05 0.0103471 -0.0187779 -4.80464e-05 0.000101973 -0.0187779 0.0908844 
0.00964284 -0.0178677 4.70359e-05 -5.15557e-05 -0.0178677 0.0886171 -5.41858e-05 0.000124966 4.70359e-05 -5.41858e-05 0.0103255 -0.0187573 -5.15557e-05 0.000124966 -0.0187573 0.0908269 
0.00964574 -0.0178609 4.60904e-05 -6.29164e-05 -0.0178609 0.0885564 -6.53383e-05 0.000158111 4.60904e-05 -6.53383e-05 0.0102848 -0.0187372 -6.29164e-05 0.000158111 -0.0187372 0.0907801 
0.00966414 -0.0178922 5.15766e-05 -6.32273e-05 -0.0178922 0.0886217 -6.40836e-05 0.000170866 5.15766e-05 -6.40836e-05 0.0102699 -0.0186818 -6.32273e-05 0.000170866 -0.0186818 0.0906829 
0.00966614 -0.0179122 4.14417e-05 -5.40274e-05 -0.0179122 0.088678 -5.42554e-05 0.000141648 4.14417e-05 -5.42554e-05 0.010285 -0.0186618 -5.40274e-05 0.000141648 -0.0186618 0.0906061 
0.00965197 -0.0179056 3.26996e-05 -4.3592e-05 -0.0179056 0.0886805 -4.4588e-05 0.000114586 3.26996e-05 -4.4588e-05 0.010305 -0.0186884 -4.3592e-05 0.000114586 -0.0186884 0.0906275 
0.00964046 -0.0178839 5.72822e-05 -7.28263e-05 -0.0178839 0.0886372 -7.53971e-05 0.000194905 5.72822e-05 -7.53971e-05 0.0103047 -0.0187094 -7.28263e-05 0.000194905 -0.0187094 0.0906698 
0.00960591 -0.0178655 3.96945e-05 -8.11899e-05 -0.0178655 0.0885798 -8.16487e-05 0.000214629 3.96945e-05 -8.16487e-05 0.0103037 -0.0187034 -8.11899e-05 0.000214629 -0.0187034 0.0906704 
0.00959133 -0.0178423 1.25989e-05 -3.58203e-05 -0.0178423 0.0885477 -3.34583e-05 0.000124255 1.25989e-05 -3.34583e-05 0.0103025 -0.0186923 -3.58203e-05 0.000124255 -0.0186923 0.0906434 
0.00959722 -0.0178003 -7.48801e-06 -2.42231e-06 -0.0178003 0.0884395 -2.42281e-06 3.17365e-05 -7.48801e-06 -2.42281e-06 0.0102964 -0.018713 -2.42231e-06 3.17365e-05 -0.018713 0.0906918 
0.00961951 -0.0178121 -2.15155e-05 1.5937e-05 -0.0178121 0.0884146 1.33672e-05 -2.37313e-05 -2.15155e-05 1.33672e-05 0.0102658 -0.0186919 1.5937e-05 -2.37313e-05 -0.0186919 0.0906637 
0.00961904 -0.0178385 3.07493e-06 2.12386e-05 -0.0178385 0.0884504 1.99249e-05 -4.43178e-05 3.07493e-06 1.99249e-05 0.010243 -0.0186463 2.12386e-05 -4.43178e-05 -0.0186463 0.0905626 
0.00961551 -0.0178606 1.65077e-05 5.88904e-06 -0.0178606 0.0885337 4.66357e-06 -4.57177e-05 1.65077e-05 4.66357e-06 0.0102432 -0.0186107 5.88904e-06 -4.57177e-05 -0.0186107 0.0904642 
0.00961846 -0.0178558 3.30071e-05 -2.87181e-05 -0.0178558 0.0885542 -3.02764e-05 3.55124e-05 3.30071e-05 -3.02764e-05 0.0102366 -0.018602 -2.87181e-05 3.55124e-05 -0.018602 0.0903974 
0.00960178 -0.017833 4.31439e-05 -5.37714e-05 -0.017833 0.0884906 -5.59402e-05 0.000116916 4.31439e-05 -5.59402e-05 0.0102479 -0.0186113 -5.37714e-05 0.000116916 -0.0186113 0.0904099 
0.0095884 -0.017808 3.95263e-05 -5.72997e-05 -0.017808 0.0884158 -5.90824e-05 0.000144251 3.95263e-05 -5.90824e-05 0.0102459 -0.0186233 -5.72997e-05 0.000144251 -0.0186233 0.0904325 
0.00960061 -0.0177683 4.84547e-05 -6.63663e-05 -0.0177683 0.0883018 -6.66796e-05 0.000181523 4.84547e-05 -6.66796e-05 0.0102367 -0.018645 -6.63663e-05 0.000181523 -0.018645 0.0905052 
0.00959531 -0.0177966 4.89774e-05 -4.98979e-05 -0.0177966 0.0883137 -4.99521e-05 0.000141228 4.89774e-05 -4.99521e-05 0.0102399 -0.0186177 -4.98979e-05 0.000141228 -0.0186177 0.0904695 
0.00963662 -0.0178351 5.19041e-05 -4.04935e-05 -0.0178351 0.0884448 -3.94506e-05 9.66826e-05 5.19041e-05 -3.94506e-05 0.0102103 -0.0185942 -4.04935e-05 9.66826e-05 -0.0185942 0.0903846 
0.00965417 -0.0178874 4.52217e-05 -5.99534e-05 -0.0178874 0.0885796 -5.71949e-05 0.000125432 4.52217e-05 -5.71949e-05 0.0102176 -0.0185623 -5.99534e-05 0.000125432 -0.0185623 0.0903106 
0.00966185 -0.0178925 4.7228e-05 -7.14165e-05 -0.0178925 0.0886227 -6.64118e-05 0.000174791 4.7228e-05 -6.64118e-05 0.0102117 -0.0185805 -7.14165e-05 0.000174791 -0.0185805 0.0903154 
0.00965703 -0.0178813 5.94377e-05 -9.7055e-05 -0.0178813 0.0885938 -9.34918e-05 0.000255696 5.94377e-05 -9.34918e-05 0.0102154 -0.0186004 -9.7055e-05 0.000255696 -0.0186004 0.0903933 
0.00964004 -0.0178726 7.2989e-05 -7.84001e-05 -0.0178726 0.0885669 -8.06767e-05 0.000227474 7.2989e-05 -8.06767e-05 0.0102284 -0.0186086 -7.84001e-05 0.000227474 -0.0186086 0.0904383 
0.00962538 -0.0178724 8.5539e-05 -8.10974e-05 -0.0178724 0.0885774 -8.74237e-05 0.00020686 8.5539e-05 -8.74237e-05 0.0102161 -0.0185943 -8.10974e-05 0.00020686 -0.0185943 0.09039 
0.00963324 -0.0178511 8.75381e-05 -8.08403e-05 -0.0178511 0.0885438 -8.64287e-05 0.000187353 8.75381e-05 -8.64287e-05 0.0101764 -0.0185792 -8.08403e-05 0.000187353 -0.0185792 0.0903491 
0.00963522 -0.0178613 7.77068e-05 -9.96127e-05 -0.0178613 0.0885462 -0.0001009 0.000222952 7.77068e-05 -0.0001009 0.0101791 -0.0185318 -9.96127e-05 0.000222952 -0.0185318 0.0902627 
0.00964544 -0.0178783 6.98151e-05 -8.80033e-05 -0.0178783 0.0885923 -8.70735e-05 0.000217099 6.98151e-05 -8.70735e-05 0.0101718 -0.0185104 -8.80033e-05 0.000217099 -0.0185104 0.0901554 
0.00965327 -0.0178708 7.59267e-05 -7.8653e-05 -0.0178708 0.0885745 -8.07364e-05 0.000201421 7.59267e-05 -8.07364e-05 0.0101682 -0.0185201 -7.8653e-05 0.000201421 -0.0185201 0.0901554 
0.00965685 -0.0178691 8.15586e-05 -0.000100242 -0.0178691 0.0885509 -0.000103332 0.0002456 8.15586e-05 -0.000103332 0.0101746 -0.0185339 -0.000100242 0.0002456 -0.0185339 0.0902053 
0.00964838 -0.0178984 7.6411e-05 -0.000114603 -0.0178984 0.0886167 -0.000116677 0.000296268 7.6411e-05 -0.000116677 0.0102059 -0.0185287 -0.000114603 0.000296268 -0.0185287 0.0902085 
0.00962727 -0.0178792 7.33652e-05 -9.42588e-05 -0.0178792 0.0886083 -9.58874e-05 0.000265596 7.33652e-05 -9.58874e-05 0.0102417 -0.0185837 -9.42588e-05 0.000265596 -0.0185837 0.0903137 
0.00963302 -0.017863 8.76239e-05 -9.13608e-05 -0.017863 0.0885828 -9.35239e-05 0.000242915 8.76239e-05 -9.35239e-05 0.0102305 -0.0186214 -9.13608e-05 0.000242915 -0.0186214 0.0904172 
0.00964754 -0.017874 0.000110766 -0.000111153 -0.017874 0.0885934 -0.000113702 0.00027151 0.000110766 -0.000113702 0.0102094 -0.0186034 -0.000111153 0.00027151 -0.0186034 0.090427 
0.00967703 -0.0178902 8.49166e-05 -0.000103525 -0.0178902 0.0886258 -0.000105398 0.000234925 8.49166e-05 -0.000105398 0.0101818 -0.0185726 -0.000103525 0.000234925 -0.0185726 0.0903649 
0.00967762 -0.0178982 6.46352e-05 -9.08568e-05 -0.0178982 0.0886226 -8.94967e-05 0.000220146 6.46352e-05 -8.94967e-05 0.0102016 -0.018567 -9.08568e-05 0.000220146 -0.018567 0.090358 
0.00968251 -0.0179256 7.84557e-05 -9.86061e-05 -0.0179256 0.0886943 -9.23943e-05 0.000248851 7.84557e-05 -9.23943e-05 0.0102226 -0.0185729 -9.86061e-05 0.000248851 -0.0185729 0.0903461 
0.00966184 -0.0179182 0.00010047 -0.000126202 -0.0179182 0.0886951 -0.000117462 0.000310524 0.00010047 -0.000117462 0.010244 -0.0186035 -0.000126202 0.000310524 -0.0186035 0.0903914 
0.00966715 -0.0179217 0.000107042 -0.000147262 -0.0179217 0.0887286 -0.000137112 0.000361244 0.000107042 -0.000137112 0.0102429 -0.0186067 -0.000147262 0.000361244 -0.0186067 0.090395 
0.00965981 -0.0179125 0.000133132 -0.000159982 -0.0179125 0.0887052 -0.000154121 0.000412687 0.000133132 -0.000154121 0.0102454 -0.0186216 -0.000159982 0.000412687 -0.0186216 0.0904401 
0.00963708 -0.0179034 0.000133451 -0.00016781 -0.0179034 0.0886836 -0.000167803 0.000425071 0.000133451 -0.000167803 0.0102639 -0.0186337 -0.00016781 0.000425071 -0.0186337 0.0904911 
0.0096347 -0.0178631 0.000128796 -0.000156814 -0.0178631 0.0886018 -0.000162587 0.000408442 0.000128796 -0.000162587 0.0102813 -0.0186734 -0.000156814 0.000408442 -0.0186734 0.0905948 
0.00961879 -0.0178598 0.000125545 -0.000156924 -0.0178598 0.0885532 -0.000164541 0.000408836 0.000125545 -0.000164541 0.0102882 -0.018687 -0.000156924 0.000408836 -0.018687 0.0906487 
0.00963632 -0.0178555 0.000117551 -0.000149553 -0.0178555 0.0885539 -0.000157421 0.000393525 0.000117551 -0.000157421 0.010285 -0.0186928 -0.000149553 0.000393525 -0.0186928 0.0906787 
0.00965733 -0.0178479 8.97037e-05 -0.000126513 -0.0178479 0.0885067 -0.000132143 0.000331922 8.97037e-05 -0.000132143 0.0102884 -0.0187159 -0.000126513 0.000331922 -0.0187159 0.0907552 
0.00967347 -0.0178854 6.78443e-05 -0.000100264 -0.0178854 0.0885595 -0.000101459 0.000266581 6.78443e-05 -0.000101459 0.0102957 -0.0187104 -0.000100264 0.000266581 -0.0187104 0.0907647 
0.00966691 -0.0178832 8.54017e-05 -0.000103327 -0.0178832 0.0885547 -0.000101865 0.000268497 8.54017e-05 -0.000101865 0.0102916 -0.0187245 -0.000103327 0.000268497 -0.0187245 0.0907839 
0.00968344 -0.0179018 9.05553e-05 -0.000107608 -0.0179018 0.0886108 -0.000106671 0.000258991 9.05553e-05 -0.000106671 0.0102577 -0.0186933 -0.000107608 0.000258991 -0.0186933 0.0907116 
0.00969411 -0.0179376 9.71321e-05 -0.000117253 -0.0179376 0.088709 -0.000117294 0.000283605 9.71321e-05 -0.000117294 0.0102341 -0.0186362 -0.000117253 0.000283605 -0.0186362 0.0905695 
0.00969757 -0.0179859 0.000102437 -0.000138099 -0.0179859 0.0888709 -0.000138827 0.000343419 0.000102437 -0.000138827 0.0102482 -0.0185872 -0.000138099 0.000343419 -0.0185872 0.090415 
0.00967066 -0.0179532 0.000118863 -0.000150653 -0.0179532 0.0888397 -0.000151495 0.000391988 0.000118863 -0.000151495 0.010278 -0.0186307 -0.000150653 0.000391988 -0.0186307 0.0904463 
0.00965055 -0.0178947 0.000125554 -0.0001705 -0.0178947 0.088697 -0.000171478 0.000440211 0.000125554 -0.000171478 0.0102815 -0.0186801 -0.0001705 0.000440211 -0.0186801 0.0905569 
0.00965866 -0.0178964 9.7994e-05 -0.00015319 -0.0178964 0.08867 -0.000151663 0.000402634 9.7994e-05 -0.000151663 0.0102674 -0.0186725 -0.00015319 0.000402634 -0.0186725 0.0905862 
0.00966151 -0.0179083 4.95387e-05 -9.39007e-05 -0.0179083 0.0886875 -9.00311e-05 0.000262761 4.95387e-05 -9.00311e-05 0.0102818 -0.0186602 -9.39007e-05 0.000262761 -0.0186602 0.0905816 
0.00965412 -0.0179007 4.015e-05 -6.60339e-05 -0.0179007 0.0886701 -6.31523e-05 0.000191089 4.015e-05 -6.31523e-05 0.010294 -0.0186806 -6.60339e-05 0.000191089 -0.0186806 0.0906066 
0.009646 -0.0179076 4.78595e-05 -5.92004e-05 -0.0179076 0.0886901 -5.90977e-05 0.000162426 4.78595e-05 -5.90977e-05 0.0103048 -0.0186835 -5.92004e-05 0.000162426 -0.0186835 0.0906139 
0.00964642 -0.0178944 6.7674e-05 -6.29881e-05 -0.0178944 0.0886729 -6.54154e-05 0.000159091 6.7674e-05 -6.54154e-05 0.0103056 -0.0187015 -6.29881e-05 0.000159091 -0.0187015 0.0906526 
0.00964186 -0.0179003 7.62416e-05 -9.48378e-05 -0.0179003 0.0886798 -9.7998e-05 0.000220336 7.62416e-05 -9.7998e-05 0.0103064 -0.0186958 -9.48378e-05 0.000220336 -0.0186958 0.0906517 
0.00963349 -0.0178767 8.62271e-05 -0.000105614 -0.0178767 0.0886277 -0.000105338 0.000264442 8.62271e-05 -0.000105338 0.0103026 -0.0187122 -0.000105614 0.000264442 -0.0187122 0.0906913 
0.00960514 -0.0178783 0.000101937 -0.000124905 -0.0178783 0.0886229 -0.000119114 0.000310735 0.000101937 -0.000119114 0.0103283 -0.0186999 -0.000124905 0.000310735 -0.0186999 0.0906831 
0.00958187 -0.0178057 0.000105278 -0.000126942 -0.0178057 0.0884681 -0.000119574 0.000311664 0.000105278 -0.000119574 0.010366 -0.0187653 -0.000126942 0.000311664 -0.0187653 0.0908159 
0.00957883 -0.0177745 0.00010533 -0.000122095 -0.0177745 0.0883448 -0.000118416 0.00029741 0.00010533 -0.000118416 0.0103896 -0.018817 -0.000122095 0.00029741 -0.018817 0.090965 
0.00958462 -0.0177852 0.000104306 -0.000125303 -0.0177852 0.0883316 -0.000126084 0.000307298 0.000104306 -0.000126084 0.0103954 -0.0188369 -0.000125303 0.000307298 -0.0188369 0.0910449 
0.00963425 -0.0178305 0.000107159 -0.000137256 -0.0178305 0.0884491 -0.000141012 0.000346242 0.000107159 -0.000141012 0.0103783 -0.0188258 -0.000137256 0.000346242 -0.0188258 0.0910429 
0.00964859 -0.0178942 8.9087e-05 -0.000141639 -0.0178942 0.0886029 -0.000145194 0.000368967 8.9087e-05 -0.000145194 0.0104031 -0.0188068 -0.000141639 0.000368967 -0.0188068 0.0910091 
0.00964987 -0.0179367 8.81107e-05 -0.00010927 -0.0179367 0.0887656 -0.000109955 0.000314673 8.81107e-05 -0.000109955 0.0104193 -0.018816 -0.00010927 0.000314673 -0.018816 0.0909744 
0.00964186 -0.0179412 9.51803e-05 -0.000103133 -0.0179412 0.0888371 -0.000102992 0.000267631 9.51803e-05 -0.000102992 0.010422 -0.0188343 -0.000103133 0.000267631 -0.0188343 0.0909937 
0.00963431 -0.017927 7.45118e-05 -0.000101711 -0.017927 0.0888332 -0.000102801 0.000239326 7.45118e-05 -0.000102801 0.0104471 -0.018857 -0.000101711 0.000239326 -0.018857 0.0910703 
0.00963461 -0.0178908 8.12692e-05 -8.51999e-05 -0.0178908 0.0887347 -8.70124e-05 0.000217695 8.12692e-05 -8.70124e-05 0.0104379 -0.0188941 -8.51999e-05 0.000217695 -0.0188941 0.0911583 
0.00963371 -0.0178707 8.05903e-05 -9.27535e-05 -0.0178707 0.0886384 -9.14525e-05 0.000214728 8.05903e-05 -9.14525e-05 0.0104284 -0.0189013 -9.27535e-05 0.000214728 -0.0189013 0.0912267 
0.00965947 -0.0178491 8.31987e-05 -0.000103424 -0.0178491 0.0885531 -0.000100461 0.000243749 8.31987e-05 -0.000100461 0.0104288 -0.0189198 -0.000103424 0.000243749 -0.0189198 0.0913159 
0.00969123 -0.0179063 9.73332e-05 -0.000105336 -0.0179063 0.0886381 -0.000106082 0.000259524 9.73332e-05 -0.000106082 0.0104442 -0.0188992 -0.000105336 0.000259524 -0.0188992 0.09129 
0.00968516 -0.0179564 0.000122447 -0.000129786 -0.0179564 0.0887727 -0.00013274 0.00031375 0.000122447 -0.00013274 0.0104788 -0.0189094 -0.000129786 0.00031375 -0.0189094 0.0912762 
