0.007816 0 -1.94078e-05 0 0 0.01 0 0 -1.94078e-05 0 0.00682518 0 0 0 0 0.01 
0.0109192 -0.013555 -2.08217e-05 2.58781e-05 -0.013555 0.0351652 2.58781e-05 -5.00304e-05 -2.08217e-05 2.58781e-05 0.00972122 -0.0120766 2.58781e-05 -5.00304e-05 -0.0120766 0.0323305 
0.010828 -0.0202381 -1.87483e-05 2.21099e-05 -0.0202381 0.0738674 2.21099e-05 -7.218e-05 -1.87483e-05 2.21099e-05 0.00989626 -0.0185242 2.21099e-05 -7.218e-05 -0.0185242 0.0683979 
0.0101635 -0.0196102 -1.22311e-05 2.85269e-05 -0.0196102 0.0872594 3.30002e-05 -9.52494e-05 -1.22311e-05 3.30002e-05 0.00940073 -0.0184318 2.85269e-05 -9.52494e-05 -0.0184318 0.0829142 
0.0101659 -0.0187835 1.16697e-05 4.70609e-06 -0.0187835 0.0895632 1.48199e-05 -3.04242e-05 1.16697e-05 1.48199e-05 0.00939192 -0.0178626 4.70609e-06 -3.04242e-05 -0.0178626 0.0867984 
0.0103788 -0.0187624 3.97177e-06 -8.1225e-06 -0.0187624 0.0903626 2.91962e-06 -7.28162e-06 3.97177e-06 2.91962e-06 0.00953243 -0.0177561 -8.1225e-06 -7.28162e-06 -0.0177561 0.0879221 
0.0105082 -0.0189591 2.43935e-05 3.06124e-06 -0.0189591 0.0910973 8.175e-06 -7.16247e-06 2.43935e-05 8.175e-06 0.00962972 -0.0178048 3.06124e-06 -7.16247e-06 -0.0178048 0.0883377 
0.0105558 -0.019043 3.88635e-05 -2.97716e-05 -0.019043 0.0915063 -3.16447e-05 5.2985e-05 3.88635e-05 -3.16447e-05 0.00965948 -0.0178715 -2.97716e-05 5.2985e-05 -0.0178715 0.0885446 
0.0105533 -0.0190459 4.94935e-05 -6.34854e-05 -0.0190459 0.0915927 -6.88316e-05 0.000154146 4.94935e-05 -6.88316e-05 0.00967435 -0.0179046 -6.34854e-05 0.000154146 -0.0179046 0.0886496 
0.0105604 -0.0190303 1.52248e-05 -5.38105e-05 -0.0190303 0.0915667 -5.98739e-05 0.000152422 1.52248e-05 -5.98739e-05 0.0096708 -0.0179246 -5.38105e-05 0.000152422 -0.0179246 0.0887038 
0.0105582 -0.0190307 -7.17972e-06 -1.36236e-05 -0.0190307 0.0915379 -1.52284e-05 8.18644e-05 -7.17972e-06 -1.52284e-05 0.00967824 -0.0179403 -1.36236e-05 8.18644e-05 -0.0179403 0.0887682 
0.0105429 -0.0190054 1.35282e-06 1.54957e-05 -0.0190054 0.0914659 2.06729e-05 -9.59455e-06 1.35282e-06 2.06729e-05 0.00972062 -0.0179973 1.54957e-05 -9.59455e-06 -0.0179973 0.0889391 
0.0105346 -0.019002 3.85384e-05 2.53293e-06 -0.019002 0.0914395 1.30592e-05 -3.25716e-05 3.85384e-05 1.30592e-05 0.00972897 -0.018029 2.53293e-06 -3.25716e-05 -0.018029 0.0890406 
0.0105622 -0.0190245 6.8719e-05 -6.75415e-05 -0.0190245 0.0915053 -5.3585e-05 9.68974e-05 6.8719e-05 -5.3585e-05 0.00969846 -0.0180114 -6.75415e-05 9.68974e-05 -0.0180114 0.0890306 
0.0106054 -0.0190677 7.88752e-05 -9.9904e-05 -0.0190677 0.0916167 -8.47451e-05 0.000201136 7.88752e-05 -8.47451e-05 0.00966448 -0.0179742 -9.9904e-05 0.000201136 -0.0179742 0.0889629 
0.0106053 -0.0191162 9.96203e-05 -0.000115692 -0.0191162 0.0917348 -0.000100768 0.00026941 9.96203e-05 -0.000100768 0.00966765 -0.0179369 -0.000115692 0.00026941 -0.0179369 0.0888779 
0.0105952 -0.0190961 9.86997e-05 -0.000120273 -0.0190961 0.091739 -0.000111842 0.000283512 9.86997e-05 -0.000111842 0.0096889 -0.0179795 -0.000120273 0.000283512 -0.0179795 0.0889519 
0.0105857 -0.0190954 9.45213e-05 -9.72191e-05 -0.0190954 0.0917417 -9.76637e-05 0.000240536 9.45213e-05 -9.76637e-05 0.00969048 -0.0179873 -9.72191e-05 0.000240536 -0.0179873 0.0889826 
0.0105738 -0.0190718 8.81036e-05 -9.39935e-05 -0.0190718 0.0916854 -9.88209e-05 0.000223034 8.81036e-05 -9.88209e-05 0.00967408 -0.0179883 -9.39935e-05 0.000223034 -0.0179883 0.0889966 
0.0105611 -0.0190505 9.01411e-05 -0.000104447 -0.0190505 0.0916163 -0.000108562 0.000250604 9.01411e-05 -0.000108562 0.00965714 -0.017963 -0.000104447 0.000250604 -0.017963 0.0889546 
0.0105514 -0.0190433 6.85895e-05 -8.51639e-05 -0.0190433 0.091594 -8.57189e-05 0.000203503 6.85895e-05 -8.57189e-05 0.00966273 -0.0179401 -8.51639e-05 0.000203503 -0.0179401 0.0888944 
0.0105623 -0.0190411 7.04512e-05 -7.69768e-05 -0.0190411 0.0915958 -7.39631e-05 0.00018411 7.04512e-05 -7.39631e-05 0.00966077 -0.0179297 -7.69768e-05 0.00018411 -0.0179297 0.088827 
0.0105633 -0.0190543 7.55327e-05 -8.96642e-05 -0.0190543 0.0916075 -8.61785e-05 0.000205549 7.55327e-05 -8.61785e-05 0.00963913 -0.0179063 -8.96642e-05 0.000205549 -0.0179063 0.0887386 
0.0105386 -0.0190498 7.77427e-05 -9.73658e-05 -0.0190498 0.0916025 -9.77866e-05 0.000238037 7.77427e-05 -9.77866e-05 0.00963507 -0.0178845 -9.73658e-05 0.000238037 -0.0178845 0.0886753 
0.0104874 -0.0190058 4.68429e-05 -8.92613e-05 -0.0190058 0.091517 -9.09248e-05 0.000224283 4.68429e-05 -9.09248e-05 0.00966316 -0.017895 -8.92613e-05 0.000224283 -0.017895 0.0886844 
0.0104616 -0.0189636 3.59142e-05 -6.23972e-05 -0.0189636 0.0914333 -6.18808e-05 0.00018512 3.59142e-05 -6.18808e-05 0.0096767 -0.0179082 -6.23972e-05 0.00018512 -0.0179082 0.0886945 
0.0104658 -0.0189202 4.22502e-05 -3.54238e-05 -0.0189202 0.0913174 -3.75028e-05 0.00011079 4.22502e-05 -3.75028e-05 0.00967223 -0.0179417 -3.54238e-05 0.00011079 -0.0179417 0.0887747 
0.0104773 -0.0188923 6.4386e-05 -5.76006e-05 -0.0188923 0.0911924 -6.41365e-05 0.000138527 6.4386e-05 -6.41365e-05 0.00967163 -0.0179732 -5.76006e-05 0.000138527 -0.0179732 0.088898 
0.0104707 -0.0189095 6.73426e-05 -8.6707e-05 -0.0189095 0.0911806 -9.57811e-05 0.000209966 6.73426e-05 -9.57811e-05 0.0096887 -0.017974 -8.6707e-05 0.000209966 -0.017974 0.0889472 
0.010478 -0.0189444 5.78701e-05 -7.80917e-05 -0.0189444 0.091294 -8.67278e-05 0.00021493 5.78701e-05 -8.67278e-05 0.00968541 -0.0179529 -7.80917e-05 0.00021493 -0.0179529 0.0888792 
0.0104582 -0.0189526 6.33212e-05 -6.32956e-05 -0.0189526 0.0913451 -7.02429e-05 0.000180553 6.33212e-05 -7.02429e-05 0.0096898 -0.0179402 -6.32956e-05 0.000180553 -0.0179402 0.0888247 
0.010443 -0.0189321 8.08533e-05 -7.22604e-05 -0.0189321 0.0913358 -7.6785e-05 0.000176251 8.08533e-05 -7.6785e-05 0.00969148 -0.0179422 -7.22604e-05 0.000176251 -0.0179422 0.0888049 
0.010415 -0.0188842 4.58443e-05 -6.56024e-05 -0.0188842 0.0912158 -6.86562e-05 0.000133683 4.58443e-05 -6.86562e-05 0.00970085 -0.0179729 -6.56024e-05 0.000133683 -0.0179729 0.0888791 
0.0103988 -0.0188478 3.77406e-05 -5.66777e-05 -0.0188478 0.0911117 -5.46401e-05 0.000137177 3.77406e-05 -5.46401e-05 0.00970001 -0.017993 -5.66777e-05 0.000137177 -0.017993 0.0889541 
0.0104096 -0.0188246 5.70776e-05 -6.91489e-05 -0.0188246 0.0910361 -6.15636e-05 0.000169565 5.70776e-05 -6.15636e-05 0.00968137 -0.0179975 -6.91489e-05 0.000169565 -0.0179975 0.0889935 
0.0104397 -0.0188556 6.62098e-05 -6.82788e-05 -0.0188556 0.0910752 -5.91833e-05 0.000153102 6.62098e-05 -5.91833e-05 0.00964341 -0.0179444 -6.82788e-05 0.000153102 -0.0179444 0.0888886 
0.0104526 -0.0188849 6.39816e-05 -8.18771e-05 -0.0188849 0.0911437 -7.46085e-05 0.000176359 6.39816e-05 -7.46085e-05 0.00965532 -0.017918 -8.18771e-05 0.000176359 -0.017918 0.0888214 
0.0104598 -0.0189181 5.26735e-05 -6.64399e-05 -0.0189181 0.0912425 -6.34052e-05 0.00015987 5.26735e-05 -6.34052e-05 0.00967072 -0.0179128 -6.64399e-05 0.00015987 -0.0179128 0.08876 
0.010468 -0.0189287 6.42898e-05 -6.98134e-05 -0.0189287 0.0913051 -6.9331e-05 0.000174009 6.42898e-05 -6.9331e-05 0.00969189 -0.0179452 -6.98134e-05 0.000174009 -0.0179452 0.0888082 
0.0104962 -0.0189584 6.53248e-05 -6.21883e-05 -0.0189584 0.0913963 -6.47973e-05 0.000147344 6.53248e-05 -6.47973e-05 0.00969221 -0.0179569 -6.21883e-05 0.000147344 -0.0179569 0.0888375 
0.0105053 -0.018974 8.2815e-05 -8.43735e-05 -0.018974 0.0914271 -8.92921e-05 0.000198314 8.2815e-05 -8.92921e-05 0.00968375 -0.0179662 -8.43735e-05 0.000198314 -0.0179662 0.0888726 
0.0105301 -0.0189774 7.56036e-05 -8.62323e-05 -0.0189774 0.0914414 -9.21139e-05 0.00020224 7.56036e-05 -9.21139e-05 0.00968388 -0.0179768 -8.62323e-05 0.00020224 -0.0179768 0.0889265 
0.0105585 -0.0190129 6.42808e-05 -7.71742e-05 -0.0190129 0.0914992 -8.29168e-05 0.000191433 6.42808e-05 -8.29168e-05 0.00966001 -0.0179614 -7.71742e-05 0.000191433 -0.0179614 0.0889019 
0.0105575 -0.0190606 4.4883e-05 -7.40949e-05 -0.0190606 0.0916094 -7.50048e-05 0.000183288 4.4883e-05 -7.50048e-05 0.00963768 -0.0179085 -7.40949e-05 0.000183288 -0.0179085 0.0887802 
0.0105163 -0.0190308 5.14421e-05 -6.66675e-05 -0.0190308 0.0915817 -6.4622e-05 0.000180137 5.14421e-05 -6.4622e-05 0.00968019 -0.0179249 -6.66675e-05 0.000180137 -0.0179249 0.0888058 
0.0104948 -0.0189963 6.12291e-05 -5.90274e-05 -0.0189963 0.0915201 -5.62375e-05 0.000146734 6.12291e-05 -5.62375e-05 0.00970391 -0.0179509 -5.90274e-05 0.000146734 -0.0179509 0.088833 
0.0105076 -0.0189861 5.46472e-05 -6.53225e-05 -0.0189861 0.0914945 -6.27733e-05 0.000140759 5.46472e-05 -6.27733e-05 0.00969831 -0.0179679 -6.53225e-05 0.000140759 -0.0179679 0.088865 
0.0105019 -0.0189788 2.11238e-05 -5.04228e-05 -0.0189788 0.0914462 -4.78705e-05 0.000112239 2.11238e-05 -4.78705e-05 0.0097067 -0.0179852 -5.04228e-05 0.000112239 -0.0179852 0.0889305 
0.0105154 -0.0189579 1.99017e-05 -2.6049e-05 -0.0189579 0.0913915 -2.59071e-05 8.17154e-05 1.99017e-05 -2.59071e-05 0.00973482 -0.0180313 -2.6049e-05 8.17154e-05 -0.0180313 0.0890681 
0.0105521 -0.0190015 5.62476e-05 -2.61777e-05 -0.0190015 0.091469 -2.62043e-05 6.59612e-05 5.62476e-05 -2.62043e-05 0.0097585 -0.0180466 -2.61777e-05 6.59612e-05 -0.0180466 0.0891265 
0.0105483 -0.0190605 7.13727e-05 -7.46818e-05 -0.0190605 0.0916018 -7.28367e-05 0.000137895 7.13727e-05 -7.28367e-05 0.00976065 -0.0180353 -7.46818e-05 0.000137895 -0.0180353 0.0890791 
0.0105404 -0.0190692 0.000112979 -0.00010709 -0.0190692 0.0916898 -0.000105401 0.000245072 0.000112979 -0.000105401 0.00975668 -0.0180336 -0.00010709 0.000245072 -0.0180336 0.0890568 
0.0105529 -0.0190264 0.00014483 -0.000138936 -0.0190264 0.0916115 -0.000137984 0.000311477 0.00014483 -0.000137984 0.00974797 -0.0180738 -0.000138936 0.000311477 -0.0180738 0.0891656 
0.0105758 -0.0190295 0.000150978 -0.00017702 -0.0190295 0.0915543 -0.000176675 0.000398902 0.000150978 -0.000176675 0.00970443 -0.0180614 -0.00017702 0.000398902 -0.0180614 0.0891904 
0.0105696 -0.0190483 0.000144147 -0.000194313 -0.0190483 0.0915561 -0.000194463 0.000468601 0.000144147 -0.000194463 0.00968031 -0.0180082 -0.000194313 0.000468601 -0.0180082 0.0891071 
0.0105458 -0.0190386 0.000123193 -0.000170397 -0.0190386 0.091545 -0.000169531 0.000434974 0.000123193 -0.000169531 0.00966959 -0.0179749 -0.000170397 0.000434974 -0.0179749 0.0890081 
0.0105273 -0.0190244 0.000115007 -0.00012936 -0.0190244 0.0915334 -0.000125822 0.000333766 0.000115007 -0.000125822 0.0096584 -0.0179476 -0.00012936 0.000333766 -0.0179476 0.0889146 
0.0104929 -0.0189885 0.000115286 -0.000125819 -0.0189885 0.0914541 -0.000119155 0.000288077 0.000115286 -0.000119155 0.0096551 -0.0179385 -0.000125819 0.000288077 -0.0179385 0.0888692 
0.0104943 -0.018944 0.000117417 -0.000149315 -0.018944 0.0913589 -0.000141597 0.000337664 0.000117417 -0.000141597 0.00966458 -0.0179522 -0.000149315 0.000337664 -0.0179522 0.0888977 
0.0104923 -0.0189514 0.000126666 -0.000159136 -0.0189514 0.0913315 -0.000152807 0.000387304 0.000126666 -0.000152807 0.00968385 -0.0179405 -0.000159136 0.000387304 -0.0179405 0.0888636 
0.0104939 -0.0189529 0.000140359 -0.000167384 -0.0189529 0.0913298 -0.000163626 0.000419347 0.000140359 -0.000163626 0.0096624 -0.0179445 -0.000167384 0.000419347 -0.0179445 0.0888269 
0.010492 -0.0189657 0.000112552 -0.000177741 -0.0189657 0.0913719 -0.000176125 0.000445418 0.000112552 -0.000176125 0.00966376 -0.0179256 -0.000177741 0.000445418 -0.0179256 0.0887972 
0.0104895 -0.0189588 7.9549e-05 -0.000125685 -0.0189588 0.0913764 -0.000128467 0.000361238 7.9549e-05 -0.000128467 0.00968824 -0.0179365 -0.000125685 0.000361238 -0.0179365 0.0888083 
0.0104925 -0.0189575 8.60014e-05 -8.5336e-05 -0.0189575 0.0913744 -9.29647e-05 0.000260011 8.60014e-05 -9.29647e-05 0.00969984 -0.0179645 -8.5336e-05 0.000260011 -0.0179645 0.0888547 
0.0104711 -0.0189617 8.89037e-05 -8.04535e-05 -0.0189617 0.0913735 -8.91604e-05 0.000200351 8.89037e-05 -8.91604e-05 0.00969618 -0.0179666 -8.04535e-05 0.000200351 -0.0179666 0.0888682 
0.0104659 -0.018952 0.000109028 -9.6656e-05 -0.018952 0.0913814 -0.000102122 0.00021552 0.000109028 -0.000102122 0.00967683 -0.0179497 -9.6656e-05 0.00021552 -0.0179497 0.0888371 
0.0104453 -0.0189248 0.000116374 -0.000128471 -0.0189248 0.0913216 -0.000129101 0.000276579 0.000116374 -0.000129101 0.00970343 -0.0179633 -0.000128471 0.000276579 -0.0179633 0.0888892 
0.0104039 -0.018899 0.000126015 -0.000142864 -0.018899 0.0912491 -0.000137184 0.000323359 0.000126015 -0.000137184 0.00971695 -0.0179789 -0.000142864 0.000323359 -0.0179789 0.0889095 
0.0103774 -0.018855 0.000123896 -0.000145721 -0.018855 0.0911583 -0.000135268 0.00032812 0.000123896 -0.000135268 0.00970809 -0.0179796 -0.000145721 0.00032812 -0.0179796 0.088904 
0.010381 -0.0187988 0.000140555 -0.000159252 -0.0187988 0.0910125 -0.000146665 0.000366932 0.000140555 -0.000146665 0.00970554 -0.0180019 -0.000159252 0.000366932 -0.0180019 0.0889738 
0.0103948 -0.0187987 0.000151775 -0.000189754 -0.0187987 0.0909487 -0.000180078 0.000445799 0.000151775 -0.000180078 0.00970911 -0.0180037 -0.000189754 0.000445799 -0.0180037 0.0890087 
0.0104106 -0.0188454 0.000138502 -0.00018971 -0.0188454 0.091036 -0.000185304 0.000468546 0.000138502 -0.000185304 0.0096813 -0.0179648 -0.00018971 0.000468546 -0.0179648 0.0889052 
0.0104159 -0.0188727 0.000130374 -0.000167402 -0.0188727 0.0911331 -0.000166406 0.000438039 0.000130374 -0.000166406 0.00967574 -0.0179299 -0.000167402 0.000438039 -0.0179299 0.0888077 
0.0104362 -0.0188685 0.000126213 -0.000145917 -0.0188685 0.091158 -0.000149781 0.000379806 0.000126213 -0.000149781 0.00969587 -0.0179556 -0.000145917 0.000379806 -0.0179556 0.0888498 
0.010455 -0.0188744 0.000139473 -0.000159782 -0.0188744 0.0911443 -0.000166435 0.000403385 0.000139473 -0.000166435 0.00970874 -0.0179918 -0.000159782 0.000403385 -0.0179918 0.0889371 
0.0104675 -0.0189142 0.000157515 -0.000178458 -0.0189142 0.0912144 -0.000182883 0.000445735 0.000157515 -0.000182883 0.00968523 -0.017977 -0.000178458 0.000445735 -0.017977 0.0889153 
0.0104593 -0.0189184 0.00016386 -0.000189228 -0.0189184 0.091244 -0.00018919 0.000460937 0.00016386 -0.00018919 0.00968931 -0.0179683 -0.000189228 0.000460937 -0.0179683 0.0889137 
0.0104615 -0.0189191 0.000190055 -0.000217927 -0.0189191 0.0912723 -0.000215323 0.000530893 0.000190055 -0.000215323 0.00968592 -0.017969 -0.000217927 0.000530893 -0.017969 0.0889055 
0.0104895 -0.0189324 0.000200772 -0.00022722 -0.0189324 0.0913074 -0.000224216 0.000546094 0.000200772 -0.000224216 0.00964471 -0.0179407 -0.00022722 0.000546094 -0.0179407 0.0888297 
0.0105012 -0.0189538 0.000209369 -0.000247013 -0.0189538 0.0913421 -0.000244008 0.000592962 0.000209369 -0.000244008 0.00964512 -0.017913 -0.000247013 0.000592962 -0.017913 0.0887869 
0.0104709 -0.0189729 0.000182955 -0.000238846 -0.0189729 0.0913865 -0.000234941 0.000576107 0.000182955 -0.000234941 0.00966184 -0.0178935 -0.000238846 0.000576107 -0.0178935 0.0887087 
0.0104389 -0.0189126 0.000161117 -0.000226728 -0.0189126 0.0912833 -0.000225164 0.000574109 0.000161117 -0.000225164 0.00967376 -0.0179388 -0.000226728 0.000574109 -0.0179388 0.0887807 
0.0104122 -0.0188706 0.000150043 -0.000200423 -0.0188706 0.0911632 -0.000202444 0.000532879 0.000150043 -0.000202444 0.00968543 -0.017958 -0.000200423 0.000532879 -0.017958 0.0888563 
0.0103641 -0.0188218 0.000157846 -0.000187578 -0.0188218 0.0910209 -0.000190597 0.000495274 0.000157846 -0.000190597 0.009706 -0.0179804 -0.000187578 0.000495274 -0.0179804 0.0889247 
0.0103222 -0.0187799 0.000180676 -0.000200764 -0.0187799 0.0909265 -0.000203524 0.000504164 0.000180676 -0.000203524 0.00973525 -0.0179906 -0.000200764 0.000504164 -0.0179906 0.0889513 
0.0103052 -0.0187392 0.000194553 -0.000239864 -0.0187392 0.0908394 -0.000241191 0.000583195 0.000194553 -0.000241191 0.00975863 -0.0180148 -0.000239864 0.000583195 -0.0180148 0.0889848 
0.010324 -0.0187351 0.000199991 -0.000237618 -0.0187351 0.090817 -0.000237342 0.000590211 0.000199991 -0.000237342 0.00975663 -0.0180239 -0.000237618 0.000590211 -0.0180239 0.0889906 
0.0103359 -0.0187493 0.000217927 -0.000250741 -0.0187493 0.0908218 -0.000249702 0.00061712 0.000217927 -0.000249702 0.00975005 -0.018033 -0.000250741 0.00061712 -0.018033 0.0890208 
0.0103108 -0.0187599 0.000219007 -0.000257557 -0.0187599 0.0908377 -0.000252015 0.000616318 0.000219007 -0.000252015 0.0097539 -0.0180266 -0.000257557 0.000616318 -0.0180266 0.0890227 
0.0103163 -0.0187305 0.000225836 -0.000280861 -0.0187305 0.0908092 -0.000271418 0.000671343 0.000225836 -0.000271418 0.00975114 -0.0180419 -0.000280861 0.000671343 -0.0180419 0.0890608 
0.0103282 -0.0187151 0.000193904 -0.000264903 -0.0187151 0.0907429 -0.000256892 0.000646327 0.000193904 -0.000256892 0.00976068 -0.0180664 -0.000264903 0.000646327 -0.0180664 0.0891485 
0.0103464 -0.0187372 0.000167415 -0.000234363 -0.0187372 0.0907572 -0.000232019 0.000600294 0.000167415 -0.000232019 0.00974896 -0.0180623 -0.000234363 0.000600294 -0.0180623 0.0891557 
0.010348 -0.0187601 0.000143482 -0.000192247 -0.0187601 0.0908054 -0.000195652 0.000507538 0.000143482 -0.000195652 0.00973688 -0.0180477 -0.000192247 0.000507538 -0.0180477 0.0891323 
0.0103385 -0.0187708 0.000165165 -0.000193509 -0.0187708 0.0908487 -0.000199651 0.00050716 0.000165165 -0.000199651 0.00971754 -0.01801 -0.000193509 0.00050716 -0.01801 0.0890338 
0.0103209 -0.0187683 0.000156588 -0.000189643 -0.0187683 0.0908684 -0.000195484 0.000472829 0.000156588 -0.000195484 0.00969754 -0.0179663 -0.000189643 0.000472829 -0.0179663 0.0889011 
0.0103125 -0.0187231 0.000161857 -0.000196318 -0.0187231 0.0907816 -0.000200412 0.00048771 0.000161857 -0.000200412 0.00968858 -0.017971 -0.000196318 0.00048771 -0.017971 0.0888882 
0.0103078 -0.018714 0.000144484 -0.00019819 -0.018714 0.0907235 -0.000202159 0.000490197 0.000144484 -0.000202159 0.00966607 -0.0179418 -0.00019819 0.000490197 -0.0179418 0.0888173 
0.0102803 -0.0187378 0.00011239 -0.000174991 -0.0187378 0.0907757 -0.000176116 0.000452382 0.00011239 -0.000176116 0.00967696 -0.0178739 -0.000174991 0.000452382 -0.0178739 0.088634 
0.0102639 -0.0186857 0.000114598 -0.000150098 -0.0186857 0.0907036 -0.000147065 0.000407901 0.000114598 -0.000147065 0.00969267 -0.0179173 -0.000150098 0.000407901 -0.0179173 0.0886622 
0.0102553 -0.0186421 0.000148819 -0.000156817 -0.0186421 0.0905692 -0.000152093 0.00039873 0.000148819 -0.000152093 0.00970029 -0.0179588 -0.000156817 0.00039873 -0.0179588 0.0887753 
0.0102411 -0.0186367 0.00016943 -0.000197117 -0.0186367 0.0905184 -0.000191314 0.000457887 0.00016943 -0.000191314 0.00971323 -0.0179644 -0.000197117 0.000457887 -0.0179644 0.0888258 
0.0102677 -0.0186406 0.000175233 -0.000211698 -0.0186406 0.0905429 -0.000203281 0.000501722 0.000175233 -0.000203281 0.00970325 -0.0179777 -0.000211698 0.000501722 -0.0179777 0.0888653 
0.010272 -0.0186682 0.000169463 -0.000215035 -0.0186682 0.0905863 -0.000206548 0.000517595 0.000169463 -0.000206548 0.00969902 -0.0179658 -0.000215035 0.000517595 -0.0179658 0.0888618 
0.0102755 -0.0186539 0.0001519 -0.000206379 -0.0186539 0.0905624 -0.000207166 0.000518121 0.0001519 -0.000207166 0.00968982 -0.0179752 -0.000206379 0.000518121 -0.0179752 0.0888872 
0.0103168 -0.0186795 0.000124676 -0.00017398 -0.0186795 0.0906153 -0.000182929 0.000463393 0.000124676 -0.000182929 0.0096586 -0.0179471 -0.00017398 0.000463393 -0.0179471 0.0888386 
0.0103567 -0.0187376 0.000125806 -0.000154972 -0.0187376 0.0907367 -0.000166037 0.00042642 0.000125806 -0.000166037 0.00961816 -0.0178959 -0.000154972 0.00042642 -0.0178959 0.0887177 
0.0103566 -0.0187776 0.000127282 -0.000148415 -0.0187776 0.0908443 -0.000157842 0.000390369 0.000127282 -0.000157842 0.0096156 -0.0178602 -0.000148415 0.000390369 -0.0178602 0.0886274 
0.0103558 -0.0187799 0.000124662 -0.000163557 -0.0187799 0.0908958 -0.000166645 0.000407412 0.000124662 -0.000166645 0.0096191 -0.0178572 -0.000163557 0.000407412 -0.0178572 0.088586 
0.0103606 -0.0187697 0.000109854 -0.000162605 -0.0187697 0.090882 -0.00016058 0.000412073 0.000109854 -0.00016058 0.00963268 -0.0178744 -0.000162605 0.000412073 -0.0178744 0.0886171 
0.01037 -0.0187721 0.000100088 -0.000142974 -0.0187721 0.0908684 -0.000143145 0.000382216 0.000100088 -0.000143145 0.00963078 -0.0178863 -0.000142974 0.000382216 -0.0178863 0.0886457 
0.0103704 -0.0187982 0.000106034 -0.000116283 -0.0187982 0.0909249 -0.000118364 0.000313004 0.000106034 -0.000118364 0.00963721 -0.0178775 -0.000116283 0.000313004 -0.0178775 0.0886364 
0.0103767 -0.0187968 0.000109087 -0.000111128 -0.0187968 0.0909434 -0.000113234 0.000264892 0.000109087 -0.000113234 0.00963592 -0.0178852 -0.000111128 0.000264892 -0.0178852 0.0886404 
0.0103922 -0.0188204 0.000114582 -0.000134312 -0.0188204 0.0910014 -0.000135298 0.000306506 0.000114582 -0.000135298 0.00961834 -0.0178656 -0.000134312 0.000306506 -0.0178656 0.0885961 
0.0103924 -0.0188465 0.000103715 -0.00014842 -0.0188465 0.0910769 -0.000143582 0.000347262 0.000103715 -0.000143582 0.00962218 -0.0178426 -0.00014842 0.000347262 -0.0178426 0.0885405 
0.0103927 -0.018818 9.04998e-05 -0.000126099 -0.018818 0.091032 -0.000120675 0.000317357 9.04998e-05 -0.000120675 0.00963825 -0.0178833 -0.000126099 0.000317357 -0.0178833 0.088621 
0.0103891 -0.018818 5.97044e-05 -0.000102453 -0.018818 0.0910074 -0.000100322 0.000258793 5.97044e-05 -0.000100322 0.00965125 -0.0179057 -0.000102453 0.000258793 -0.0179057 0.0886967 
0.0103776 -0.0188183 3.54701e-05 -6.02702e-05 -0.0188183 0.0910019 -6.26765e-05 0.000172064 3.54701e-05 -6.26765e-05 0.00966278 -0.0179126 -6.02702e-05 0.000172064 -0.0179126 0.0887272 
0.0103806 -0.0187978 5.17201e-05 -4.70701e-05 -0.0187978 0.0909637 -5.53197e-05 0.000140191 5.17201e-05 -5.53197e-05 0.00967651 -0.0179416 -4.70701e-05 0.000140191 -0.0179416 0.0888024 
0.0103954 -0.0188185 5.58188e-05 -6.27374e-05 -0.0188185 0.090995 -7.33072e-05 0.000151497 5.58188e-05 -7.33072e-05 0.00967529 -0.0179385 -6.27374e-05 0.000151497 -0.0179385 0.0888067 
0.0104159 -0.0188511 8.54421e-05 -7.04206e-05 -0.0188511 0.0910793 -7.62799e-05 0.000171753 8.54421e-05 -7.62799e-05 0.00966481 -0.0179213 -7.04206e-05 0.000171753 -0.0179213 0.0887569 
0.0104463 -0.0188745 9.62299e-05 -9.81978e-05 -0.0188745 0.0911505 -9.89948e-05 0.000205315 9.62299e-05 -9.89948e-05 0.00964834 -0.0179158 -9.81978e-05 0.000205315 -0.0179158 0.0887354 
0.0104409 -0.0189126 0.000101232 -0.000116294 -0.0189126 0.0912355 -0.000115529 0.00026035 0.000101232 -0.000115529 0.0096672 -0.0179027 -0.000116294 0.00026035 -0.0179027 0.0887208 
0.0104318 -0.0188969 0.00010425 -0.000133951 -0.0188969 0.0912389 -0.000131011 0.000316063 0.00010425 -0.000131011 0.00969322 -0.017939 -0.000133951 0.000316063 -0.017939 0.0887827 
0.0104412 -0.0188761 0.000122095 -0.000156735 -0.0188761 0.0911922 -0.000152652 0.000389388 0.000122095 -0.000152652 0.0097132 -0.0179951 -0.000156735 0.000389388 -0.0179951 0.0889338 
0.0104486 -0.0188757 0.000113386 -0.00015312 -0.0188757 0.0911526 -0.000149524 0.000383639 0.000113386 -0.000149524 0.0097162 -0.018031 -0.00015312 0.000383639 -0.018031 0.0890639 
0.010478 -0.0188996 9.59745e-05 -0.000128595 -0.0188996 0.0911943 -0.000126071 0.00032989 9.59745e-05 -0.000126071 0.00969716 -0.0180236 -0.000128595 0.00032989 -0.0180236 0.0890933 
0.0105204 -0.018928 5.48435e-05 -9.06377e-05 -0.018928 0.0912568 -9.18993e-05 0.000232607 5.48435e-05 -9.18993e-05 0.00970523 -0.0180246 -9.06377e-05 0.000232607 -0.0180246 0.0891272 
0.0105302 -0.0189964 3.29229e-05 -4.13455e-05 -0.0189964 0.0913906 -4.44855e-05 0.000120496 3.29229e-05 -4.44855e-05 0.00968431 -0.0179864 -4.13455e-05 0.000120496 -0.0179864 0.0890202 
0.010506 -0.0189941 3.59315e-05 -4.16667e-05 -0.0189941 0.091426 -4.6125e-05 0.000104225 3.59315e-05 -4.6125e-05 0.00966232 -0.017968 -4.16667e-05 0.000104225 -0.017968 0.0889533 
0.0104882 -0.0189736 3.27452e-05 -3.34909e-05 -0.0189736 0.0914213 -3.82882e-05 7.93693e-05 3.27452e-05 -3.82882e-05 0.00968036 -0.0179478 -3.34909e-05 7.93693e-05 -0.0179478 0.0889089 
0.0104635 -0.018959 3.76313e-05 -2.69831e-05 -0.018959 0.0913907 -3.23194e-05 6.12712e-05 3.76313e-05 -3.23194e-05 0.00968605 -0.0179395 -2.69831e-05 6.12712e-05 -0.0179395 0.0888371 
0.0104742 -0.0189196 6.00662e-05 -5.48036e-05 -0.0189196 0.0913187 -5.94989e-05 0.000121434 6.00662e-05 -5.94989e-05 0.0097084 -0.017976 -5.48036e-05 0.000121434 -0.017976 0.0889023 
0.0104902 -0.0189428 8.6782e-05 -8.78496e-05 -0.0189428 0.0913269 -8.84073e-05 0.000199906 8.6782e-05 -8.84073e-05 0.00970389 -0.0179786 -8.78496e-05 0.000199906 -0.0179786 0.0889049 
0.0104816 -0.0189658 0.00010138 -0.000118854 -0.0189658 0.0913804 -0.000114121 0.000274988 0.00010138 -0.000114121 0.00971217 -0.0179732 -0.000118854 0.000274988 -0.0179732 0.0888947 
0.0104758 -0.0189613 9.88132e-05 -0.000126634 -0.0189613 0.0914 -0.000120006 0.000303174 9.88132e-05 -0.000120006 0.00969265 -0.0179674 -0.000126634 0.000303174 -0.0179674 0.0888591 
0.0104671 -0.0189724 9.40066e-05 -0.00011786 -0.0189724 0.0914341 -0.000113359 0.000292868 9.40066e-05 -0.000113359 0.00966035 -0.0179098 -0.00011786 0.000292868 -0.0179098 0.0887215 
0.0104498 -0.0189198 6.36238e-05 -9.91023e-05 -0.0189198 0.0913186 -0.000100919 0.000248847 6.36238e-05 -0.000100919 0.00965358 -0.0179166 -9.91023e-05 0.000248847 -0.0179166 0.0887264 
0.0104355 -0.0188674 6.45434e-05 -8.36438e-05 -0.0188674 0.0911537 -9.03865e-05 0.000234966 6.45434e-05 -9.03865e-05 0.00967071 -0.0179511 -8.36438e-05 0.000234966 -0.0179511 0.0888387 
0.0104347 -0.0188515 5.47928e-05 -7.07715e-05 -0.0188515 0.0910681 -7.74208e-05 0.000189794 5.47928e-05 -7.74208e-05 0.00968029 -0.0179711 -7.07715e-05 0.000189794 -0.0179711 0.0889132 
0.0104584 -0.0188684 3.68132e-05 -4.83697e-05 -0.0188684 0.091094 -4.99318e-05 0.000120559 3.68132e-05 -4.99318e-05 0.00967591 -0.0179799 -4.83697e-05 0.000120559 -0.0179799 0.0889542 
0.0104792 -0.018934 4.53844e-06 -1.56351e-05 -0.018934 0.091253 -1.37249e-05 2.91207e-05 4.53844e-06 -1.37249e-05 0.00966829 -0.0179345 -1.56351e-05 2.91207e-05 -0.0179345 0.0888543 
0.0104569 -0.0189815 3.79802e-06 -8.48281e-06 -0.0189815 0.0914251 -7.61196e-06 1.66023e-05 3.79802e-06 -7.61196e-06 0.00969912 -0.0179056 -8.48281e-06 1.66023e-05 -0.0179056 0.0887414 
0.0104242 -0.0189341 9.2928e-06 -9.59603e-06 -0.0189341 0.0913907 -7.81864e-06 1.43151e-05 9.2928e-06 -7.81864e-06 0.00972437 -0.0179595 -9.59603e-06 1.43151e-05 -0.0179595 0.0887984 
0.0104289 -0.0188923 2.87162e-05 -1.41864e-05 -0.0188923 0.0912884 -1.10627e-05 2.1704e-05 2.87162e-05 -1.10627e-05 0.00970551 -0.0179802 -1.41864e-05 2.1704e-05 -0.0179802 0.0888566 
0.010451 -0.0188913 6.68956e-05 -5.94078e-05 -0.0188913 0.0912349 -5.88081e-05 0.000124926 6.68956e-05 -5.88081e-05 0.00967191 -0.0179622 -5.94078e-05 0.000124926 -0.0179622 0.0888559 
0.0104661 -0.0189031 5.71572e-05 -7.15532e-05 -0.0189031 0.0912225 -7.50188e-05 0.00015721 5.71572e-05 -7.50188e-05 0.00966042 -0.0179419 -7.15532e-05 0.00015721 -0.0179419 0.0888404 
0.0105063 -0.0189083 6.67154e-05 -7.17214e-05 -0.0189083 0.0912229 -7.66904e-05 0.000185178 6.67154e-05 -7.66904e-05 0.00964711 -0.0179562 -7.17214e-05 0.000185178 -0.0179562 0.0888835 
0.010512 -0.0189617 8.88954e-05 -8.27015e-05 -0.0189617 0.091305 -8.44599e-05 0.00020327 8.88954e-05 -8.44599e-05 0.00965049 -0.0179257 -8.27015e-05 0.00020327 -0.0179257 0.0888374 
0.0105056 -0.0190083 0.000108876 -0.000105439 -0.0190083 0.0914645 -0.00010394 0.000239517 0.000108876 -0.00010394 0.00966408 -0.0178906 -0.000105439 0.000239517 -0.0178906 0.0887197 
0.0105008 -0.0190058 0.000116674 -0.000120396 -0.0190058 0.0915246 -0.000118055 0.000267394 0.000116674 -0.000118055 0.00965404 -0.0179025 -0.000120396 0.000267394 -0.0179025 0.0886887 
