0.00721401 0 -0.00049428 0 0 0.01 0 0 -0.00049428 0 0.00746264 0 0 0 0 0.01 
0.0102063 -0.0126764 -0.000598393 0.000736846 -0.0126764 0.0334806 0.000736846 -0.00141297 -0.000598393 0.000736846 0.0104863 -0.0130214 0.000736846 -0.00141297 -0.0130214 0.0341418 
0.0102897 -0.0193224 -0.000470642 0.000771668 -0.0193224 0.0709529 0.000771668 -0.00245535 -0.000470642 0.000771668 0.010481 -0.0195744 0.000771668 -0.00245535 -0.0195744 0.0717557 
0.00969745 -0.0190196 -0.000426755 0.000575959 -0.0190196 0.0852292 0.00057308 -0.00197646 -0.000426755 0.00057308 0.00992169 -0.0191684 0.000575959 -0.00197646 -0.0191684 0.0856279 
0.00964968 -0.0182456 -0.000403053 0.000514909 -0.0182456 0.0882303 0.000509214 -0.00139312 -0.000403053 0.000509214 0.00994701 -0.0185054 0.000514909 -0.00139312 -0.0185054 0.0886712 
0.00980139 -0.0180889 -0.000399054 0.000504937 -0.0180889 0.0889034 0.000501081 -0.00121095 -0.000399054 0.000501081 0.0101268 -0.0184824 0.000504937 -0.00121095 -0.0184824 0.0896736 
0.00991826 -0.0181317 -0.000397509 0.000515635 -0.0181317 0.0891681 0.000513688 -0.00123481 -0.000397509 0.000513688 0.0102203 -0.0186491 0.000515635 -0.00123481 -0.0186491 0.0903931 
0.00995211 -0.0181897 -0.000395286 0.000517422 -0.0181897 0.0892885 0.000518707 -0.00128811 -0.000395286 0.000518707 0.010229 -0.0186923 0.000517422 -0.00128811 -0.0186923 0.0906963 
0.00996025 -0.0182518 -0.000385048 0.000491999 -0.0182518 0.089445 0.00049361 -0.00125547 -0.000385048 0.00049361 0.0102053 -0.0186202 0.000491999 -0.00125547 -0.0186202 0.0905773 
0.00993416 -0.0182886 -0.000387243 0.000484269 -0.0182886 0.0895816 0.000481718 -0.00122983 -0.000387243 0.000481718 0.0102028 -0.0185487 0.000484269 -0.00122983 -0.0185487 0.0903395 
0.00994768 -0.0182831 -0.00039593 0.000469368 -0.0182831 0.0896562 0.000461474 -0.00117087 -0.00039593 0.000461474 0.0102094 -0.0185494 0.000469368 -0.00117087 -0.0185494 0.0902557 
0.00996968 -0.0182977 -0.000399673 0.000478023 -0.0182977 0.0896989 0.000468846 -0.00115613 -0.000399673 0.000468846 0.0102293 -0.0185794 0.000478023 -0.00115613 -0.0185794 0.0903067 
0.00995935 -0.0182812 -0.00037472 0.000471647 -0.0182812 0.0896455 0.000465771 -0.00113424 -0.00037472 0.000465771 0.0102498 -0.0186538 0.000471647 -0.00113424 -0.0186538 0.0905042 
0.00996024 -0.0182886 -0.00038021 0.000465491 -0.0182886 0.0896609 0.000463694 -0.00114699 -0.00038021 0.000463694 0.0102246 -0.0186636 0.000465491 -0.00114699 -0.0186636 0.0905894 
0.00993731 -0.0182712 -0.000377368 0.000482786 -0.0182712 0.0896258 0.000483065 -0.00118971 -0.000377368 0.000483065 0.0102118 -0.0186539 0.000482786 -0.00118971 -0.0186539 0.0906302 
0.0099215 -0.0182834 -0.000364015 0.00045076 -0.0182834 0.0896759 0.000452749 -0.00113236 -0.000364015 0.000452749 0.0102025 -0.0186035 0.00045076 -0.00113236 -0.0186035 0.0905276 
0.00991271 -0.0182809 -0.000380138 0.000461759 -0.0182809 0.0897066 0.000465097 -0.00115494 -0.000380138 0.000465097 0.0101736 -0.0185553 0.000461759 -0.00115494 -0.0185553 0.0903632 
0.00990816 -0.0182568 -0.000386227 0.000466711 -0.0182568 0.089665 0.000468966 -0.00115698 -0.000386227 0.000468966 0.0101611 -0.0185325 0.000466711 -0.00115698 -0.0185325 0.0902811 
0.00990241 -0.0182246 -0.000409057 0.00048777 -0.0182246 0.0895651 0.000490042 -0.00121118 -0.000409057 0.000490042 0.010165 -0.0185402 0.00048777 -0.00121118 -0.0185402 0.0902914 
0.00988558 -0.0181981 -0.00042499 0.000515638 -0.0181981 0.0894543 0.000519803 -0.00127886 -0.00042499 0.000519803 0.0101582 -0.0185468 0.000515638 -0.00127886 -0.0185468 0.0903077 
0.00986993 -0.0181917 -0.000449498 0.000532107 -0.0181917 0.0894235 0.000537939 -0.0013324 -0.000449498 0.000537939 0.0101812 -0.0185378 0.000532107 -0.0013324 -0.0185378 0.090307 
0.00988044 -0.0181784 -0.000441644 0.000537667 -0.0181784 0.0894035 0.000543544 -0.00133516 -0.000441644 0.000543544 0.0101964 -0.018569 0.000537667 -0.00133516 -0.018569 0.0903548 
0.00989605 -0.0181765 -0.000414456 0.000547362 -0.0181765 0.0893673 0.000553099 -0.00137293 -0.000414456 0.000553099 0.0101728 -0.0185926 0.000547362 -0.00137293 -0.0185926 0.0904199 
0.00989741 -0.0181901 -0.000357242 0.000506902 -0.0181901 0.0893771 0.000510836 -0.00131101 -0.000357242 0.000510836 0.0101525 -0.0185738 0.000506902 -0.00131101 -0.0185738 0.090429 
0.00990408 -0.0182051 -0.000327347 0.000437793 -0.0182051 0.0894246 0.000438875 -0.00116828 -0.000327347 0.000438875 0.0101254 -0.0185382 0.000437793 -0.00116828 -0.0185382 0.0903607 
0.00989817 -0.0182241 -0.000321145 0.000397518 -0.0182241 0.0894867 0.000395431 -0.00103415 -0.000321145 0.000395431 0.0101378 -0.0185005 0.000397518 -0.00103415 -0.0185005 0.0902726 
0.00990132 -0.0182218 -0.00033901 0.000392648 -0.0182218 0.089516 0.000389919 -0.000980593 -0.00033901 0.000389919 0.0101447 -0.0185124 0.000392648 -0.000980593 -0.0185124 0.0902488 
0.00991033 -0.0182293 -0.000366337 0.000420258 -0.0182293 0.0895376 0.000415277 -0.00101283 -0.000366337 0.000415277 0.0101437 -0.0185134 0.000420258 -0.00101283 -0.0185134 0.0902381 
0.00991037 -0.0182262 -0.000365356 0.00045714 -0.0182262 0.089528 0.000451931 -0.00109199 -0.000365356 0.000451931 0.0101499 -0.0185243 0.00045714 -0.00109199 -0.0185243 0.090262 
0.00987957 -0.0182271 -0.000331078 0.000473651 -0.0182271 0.0895214 0.000465569 -0.00117067 -0.000331078 0.000465569 0.010158 -0.018515 0.000473651 -0.00117067 -0.018515 0.0902318 
0.00986797 -0.0181956 -0.000301067 0.000417813 -0.0181956 0.0894724 0.000407035 -0.00108977 -0.000301067 0.000407035 0.0101342 -0.0185108 0.000417813 -0.00108977 -0.0185108 0.0901961 
0.00983537 -0.0181488 -0.000290006 0.000377855 -0.0181488 0.0893359 0.000367461 -0.000981887 -0.000290006 0.000367461 0.0101491 -0.018514 0.000377855 -0.000981887 -0.018514 0.0902316 
0.00982587 -0.0181127 -0.000300334 0.000363359 -0.0181127 0.089239 0.000353432 -0.00091906 -0.000300334 0.000353432 0.0101862 -0.0185441 0.000363359 -0.00091906 -0.0185441 0.0903082 
0.00984959 -0.0181187 -0.000299899 0.000359618 -0.0181187 0.0892302 0.000351218 -0.00087682 -0.000299899 0.000351218 0.0102108 -0.0185837 0.000359618 -0.00087682 -0.0185837 0.0903966 
0.00987019 -0.0181401 -0.000310024 0.000384351 -0.0181401 0.0892518 0.000378971 -0.000933371 -0.000310024 0.000378971 0.0101914 -0.0186043 0.000384351 -0.000933371 -0.0186043 0.0904472 
0.00986488 -0.0181697 -0.000306864 0.000383581 -0.0181697 0.0893214 0.000381873 -0.000947961 -0.000306864 0.000381873 0.0101994 -0.018588 0.000383581 -0.000947961 -0.018588 0.0904524 
0.00982705 -0.0181701 -0.000291131 0.000400046 -0.0181701 0.0893601 0.00040156 -0.00100279 -0.000291131 0.00040156 0.0102314 -0.0185884 0.000400046 -0.00100279 -0.0185884 0.0904365 
0.00979932 -0.0181332 -0.000285935 0.000370091 -0.0181332 0.0893241 0.000374458 -0.000969808 -0.000285935 0.000374458 0.0102363 -0.0186118 0.000370091 -0.000969808 -0.0186118 0.090445 
0.00979199 -0.0180891 -0.000310196 0.000366122 -0.0180891 0.0892189 0.000370916 -0.000943995 -0.000310196 0.000370916 0.0102105 -0.0186185 0.000366122 -0.000943995 -0.0186185 0.0904643 
0.00980752 -0.0180824 -0.000336524 0.000393695 -0.0180824 0.0891713 0.000398827 -0.000977133 -0.000336524 0.000398827 0.0101757 -0.0185859 0.000393695 -0.000977133 -0.0185859 0.09042 
0.00981355 -0.0180995 -0.000342172 0.000416787 -0.0180995 0.0891847 0.000420017 -0.00102132 -0.000342172 0.000420017 0.0101649 -0.0185445 0.000416787 -0.00102132 -0.0185445 0.0903308 
0.00981698 -0.0181198 -0.000325281 0.000401076 -0.0181198 0.0892384 0.000400598 -0.000989032 -0.000325281 0.000400598 0.0101589 -0.0185152 0.000401076 -0.000989032 -0.0185152 0.0902265 
0.00981089 -0.0181001 -0.000299257 0.000382635 -0.0181001 0.0892008 0.000379666 -0.000942464 -0.000299257 0.000379666 0.0101523 -0.0185273 0.000382635 -0.000942464 -0.0185273 0.0902285 
0.00980542 -0.0181006 -0.000270112 0.000363378 -0.0181006 0.0891911 0.000359483 -0.000908117 -0.000270112 0.000359483 0.0101568 -0.0185153 0.000363378 -0.000908117 -0.0185153 0.0902176 
0.00980533 -0.0180479 -0.000257243 0.000348609 -0.0180479 0.0890556 0.000346512 -0.000892904 -0.000257243 0.000346512 0.010129 -0.0185502 0.000348609 -0.000892904 -0.0185502 0.0902923 
0.00981349 -0.018054 -0.000265375 0.00033135 -0.018054 0.0890119 0.000331954 -0.000860999 -0.000265375 0.000331954 0.0101028 -0.0185083 0.00033135 -0.000860999 -0.0185083 0.0902556 
0.00980968 -0.0180727 -0.00026876 0.000339427 -0.0180727 0.08904 0.000342632 -0.000861141 -0.00026876 0.000342632 0.01007 -0.0184534 0.000339427 -0.000861141 -0.0184534 0.0901122 
0.00979876 -0.0180733 -0.000280858 0.000332454 -0.0180733 0.0890626 0.000337405 -0.000846345 -0.000280858 0.000337405 0.0100642 -0.0184147 0.000332454 -0.000846345 -0.0184147 0.0900014 
0.00979828 -0.0180516 -0.000279085 0.000347688 -0.0180516 0.0890231 0.000350616 -0.000863341 -0.000279085 0.000350616 0.0100609 -0.0184093 0.000347688 -0.000863341 -0.0184093 0.0899532 
0.00978763 -0.0180732 -0.000261727 0.00033856 -0.0180732 0.0890611 0.000336779 -0.000847043 -0.000261727 0.000336779 0.0100818 -0.0183872 0.00033856 -0.000847043 -0.0183872 0.089887 
0.00977519 -0.018069 -0.000271448 0.000336128 -0.018069 0.0890867 0.000332984 -0.000852624 -0.000271448 0.000332984 0.0101011 -0.0184066 0.000336128 -0.000852624 -0.0184066 0.0898824 
0.00978965 -0.0180589 -0.000295516 0.000359906 -0.0180589 0.0890862 0.000356973 -0.000905869 -0.000295516 0.000356973 0.0100996 -0.0184327 0.000359906 -0.000905869 -0.0184327 0.0899345 
0.00981024 -0.0180816 -0.000295418 0.000356293 -0.0180816 0.0891282 0.000352198 -0.000887456 -0.000295418 0.000352198 0.0101045 -0.0184394 0.000356293 -0.000887456 -0.0184394 0.0899797 
0.00983851 -0.0180992 -0.000295028 0.000366829 -0.0180992 0.0891694 0.000364495 -0.000909176 -0.000295028 0.000364495 0.0100978 -0.0184544 0.000366829 -0.000909176 -0.0184544 0.0900271 
0.00984888 -0.0181047 -0.000261973 0.00034411 -0.0181047 0.0891586 0.000348013 -0.000866158 -0.000261973 0.000348013 0.0101255 -0.0184846 0.00034411 -0.000866158 -0.0184846 0.0901425 
0.00984634 -0.0181086 -0.000281608 0.000344711 -0.0181086 0.0891426 0.000355949 -0.000897113 -0.000281608 0.000355949 0.0101117 -0.0185017 0.000344711 -0.000897113 -0.0185017 0.090186 
0.00983885 -0.0181025 -0.000321449 0.000363218 -0.0181025 0.0891301 0.000373815 -0.000932714 -0.000321449 0.000373815 0.0101188 -0.0185037 0.000363218 -0.000932714 -0.0185037 0.0902326 
0.00982314 -0.0181117 -0.000337612 0.000412141 -0.0181117 0.0891587 0.0004197 -0.00101947 -0.000337612 0.0004197 0.0101212 -0.0184873 0.000412141 -0.00101947 -0.0184873 0.0901854 
0.00980715 -0.0181064 -0.000339057 0.000423971 -0.0181064 0.0891795 0.000428942 -0.00106757 -0.000339057 0.000428942 0.0101215 -0.018479 0.000423971 -0.00106757 -0.018479 0.0901422 
0.00982911 -0.0181125 -0.000337903 0.000414857 -0.0181125 0.0892207 0.000417409 -0.00105308 -0.000337903 0.000417409 0.0100777 -0.018449 0.000414857 -0.00105308 -0.018449 0.0900446 
0.00984291 -0.018123 -0.000309595 0.000401468 -0.018123 0.0892371 0.000402406 -0.00100781 -0.000309595 0.000402406 0.0100712 -0.018424 0.000401468 -0.00100781 -0.018424 0.0900072 
0.00985989 -0.0181557 -0.000311526 0.000381766 -0.0181557 0.0893112 0.000379546 -0.000970994 -0.000311526 0.000379546 0.0100713 -0.0183995 0.000381766 -0.000970994 -0.0183995 0.0899355 
0.00988182 -0.0181678 -0.000327489 0.000393773 -0.0181678 0.0893474 0.000388036 -0.000976635 -0.000327489 0.000388036 0.0100462 -0.0183994 0.000393773 -0.000976635 -0.0183994 0.0899041 
0.00988602 -0.0181818 -0.00031112 0.000410261 -0.0181818 0.0893639 0.000403778 -0.00100315 -0.00031112 0.000403778 0.0100547 -0.018385 0.000410261 -0.00100315 -0.018385 0.0898996 
0.00988702 -0.018165 -0.000293544 0.000381516 -0.018165 0.0893213 0.000376624 -0.000966501 -0.000293544 0.000376624 0.0100906 -0.0184178 0.000381516 -0.000966501 -0.0184178 0.0899677 
0.00987503 -0.0181592 -0.000280578 0.0003691 -0.0181592 0.0892778 0.000366602 -0.0009387 -0.000280578 0.000366602 0.0101084 -0.0184593 0.0003691 -0.0009387 -0.0184593 0.0900558 
0.00986639 -0.0181593 -0.000273171 0.000351222 -0.0181593 0.0892834 0.000348976 -0.000895438 -0.000273171 0.000348976 0.0100987 -0.0184697 0.000351222 -0.000895438 -0.0184697 0.0900937 
0.00984114 -0.0181474 -0.000273357 0.000347238 -0.0181474 0.0892693 0.000346319 -0.000880064 -0.000273357 0.000346319 0.0101119 -0.0184701 0.000347238 -0.000880064 -0.0184701 0.0901278 
0.00982143 -0.0181371 -0.000283565 0.000355045 -0.0181371 0.0892751 0.000358167 -0.000901722 -0.000283565 0.000358167 0.0101283 -0.0184704 0.000355045 -0.000901722 -0.0184704 0.0901199 
0.00981417 -0.0180972 -0.000273776 0.000336599 -0.0180972 0.0891938 0.000341476 -0.000850111 -0.000273776 0.000341476 0.0101581 -0.0185093 0.000336599 -0.000850111 -0.0185093 0.0902019 
0.00979989 -0.0180742 -0.000286742 0.000334765 -0.0180742 0.0891007 0.000338615 -0.000836482 -0.000286742 0.000338615 0.0101835 -0.0185476 0.000334765 -0.000836482 -0.0185476 0.0902961 
0.00982807 -0.0180792 -0.000306923 0.000358546 -0.0180792 0.0891004 0.000361715 -0.000876574 -0.000306923 0.000361715 0.0101567 -0.0185567 0.000358546 -0.000876574 -0.0185567 0.0903221 
0.00985931 -0.018112 -0.000314169 0.00038488 -0.018112 0.0891538 0.000384745 -0.000935582 -0.000314169 0.000384745 0.0101134 -0.0185253 0.00038488 -0.000935582 -0.0185253 0.0902801 
0.00985883 -0.0181636 -0.000310344 0.000394762 -0.0181636 0.089275 0.000391588 -0.000972726 -0.000310344 0.000391588 0.0100827 -0.0184512 0.000394762 -0.000972726 -0.0184512 0.0901125 
0.00984037 -0.0181602 -0.000307796 0.000393164 -0.0181602 0.0893267 0.000388655 -0.000986777 -0.000307796 0.000388655 0.0100847 -0.0184151 0.000393164 -0.000986777 -0.0184151 0.0899823 
0.00982543 -0.0181214 -0.000295078 0.000382379 -0.0181214 0.0892573 0.000379547 -0.000966057 -0.000295078 0.000379547 0.0100973 -0.0184274 0.000382379 -0.000966057 -0.0184274 0.0899646 
0.00981531 -0.0181034 -0.000291755 0.00037918 -0.0181034 0.089189 0.000375958 -0.000964784 -0.000291755 0.000375958 0.010106 -0.0184405 0.00037918 -0.000964784 -0.0184405 0.0899879 
0.00978824 -0.0181022 -0.000276594 0.000362924 -0.0181022 0.0891808 0.000358484 -0.000922229 -0.000276594 0.000358484 0.0101264 -0.0184452 0.000362924 -0.000922229 -0.0184452 0.0899963 
0.00975105 -0.018044 -0.000257812 0.000346416 -0.018044 0.0890628 0.000344454 -0.000886964 -0.000257812 0.000344454 0.0101569 -0.0184935 0.000346416 -0.000886964 -0.0184935 0.090101 
0.00974938 -0.0180023 -0.000291855 0.000343293 -0.0180023 0.0889492 0.000342826 -0.000890037 -0.000291855 0.000342826 0.0101466 -0.0185241 0.000343293 -0.000890037 -0.0185241 0.0901897 
0.00975585 -0.0179927 -0.000277454 0.000363583 -0.0179927 0.0888809 0.000362696 -0.000899863 -0.000277454 0.000362696 0.0101365 -0.0185203 0.000363583 -0.000899863 -0.0185203 0.0902293 
0.00978881 -0.0179969 -0.000262048 0.000345866 -0.0179969 0.0888639 0.000345083 -0.000885258 -0.000262048 0.000345083 0.0100984 -0.0185108 0.000345866 -0.000885258 -0.0185108 0.0902259 
0.00983597 -0.018066 -0.000247185 0.000324718 -0.018066 0.0890004 0.000327108 -0.000842487 -0.000247185 0.000327108 0.0100591 -0.0184414 0.000324718 -0.000842487 -0.0184414 0.0900911 
0.00984139 -0.0181281 -0.000254396 0.000325008 -0.0181281 0.0891657 0.000326412 -0.000842568 -0.000254396 0.000326412 0.0100342 -0.0183785 0.000325008 -0.000842568 -0.0183785 0.0899074 
0.00983485 -0.0181431 -0.000265704 0.000329642 -0.0181431 0.0892708 0.00032577 -0.000839737 -0.000265704 0.00032577 0.0100313 -0.018346 0.000329642 -0.000839737 -0.018346 0.0897853 
0.00982344 -0.0181056 -0.000279308 0.000353069 -0.0181056 0.0892076 0.000343776 -0.000878572 -0.000279308 0.000343776 0.0100271 -0.0183608 0.000353069 -0.000878572 -0.0183608 0.0897848 
0.00980645 -0.0180756 -0.000284127 0.000349198 -0.0180756 0.0891077 0.000342387 -0.000871496 -0.000284127 0.000342387 0.0100409 -0.0183721 0.000349198 -0.000871496 -0.0183721 0.0898325 
0.00979431 -0.0180559 -0.00027436 0.000345903 -0.0180559 0.0890385 0.000343673 -0.000858089 -0.00027436 0.000343673 0.0100404 -0.0183841 0.000345903 -0.000858089 -0.0183841 0.0898591 
0.00981034 -0.0180753 -0.000244841 0.000311759 -0.0180753 0.0890863 0.000311086 -0.000780313 -0.000244841 0.000311086 0.0100521 -0.0183668 0.000311759 -0.000780313 -0.0183668 0.0898336 
0.00982592 -0.0180846 -0.000237148 0.000292569 -0.0180846 0.0891089 0.000294404 -0.000736763 -0.000237148 0.000294404 0.0100668 -0.0183863 0.000292569 -0.000736763 -0.0183863 0.0898517 
0.00980957 -0.0181047 -0.00022707 0.000294803 -0.0181047 0.0891473 0.00030081 -0.000739666 -0.00022707 0.00030081 0.0100929 -0.0183983 0.000294803 -0.000739666 -0.0183983 0.0898718 
0.00979632 -0.0180941 -0.000256342 0.00030955 -0.0180941 0.0891647 0.000318561 -0.000804012 -0.000256342 0.000318561 0.0101015 -0.0184286 0.00030955 -0.000804012 -0.0184286 0.0899252 
0.00978991 -0.0180969 -0.000281869 0.00034073 -0.0180969 0.0891892 0.00034664 -0.000868847 -0.000281869 0.00034664 0.0100936 -0.0184258 0.00034073 -0.000868847 -0.0184258 0.0899375 
0.00977793 -0.0180638 -0.000301616 0.000359955 -0.0180638 0.0891231 0.000362497 -0.000909575 -0.000301616 0.000362497 0.0100925 -0.0184399 0.000359955 -0.000909575 -0.0184399 0.0899852 
0.00982511 -0.0180737 -0.000304069 0.000376842 -0.0180737 0.0891355 0.000379546 -0.000944561 -0.000304069 0.000379546 0.0100664 -0.0184267 0.000376842 -0.000944561 -0.0184267 0.0899822 
0.00982048 -0.0181183 -0.000300582 0.000374749 -0.0181183 0.0891937 0.000378263 -0.000949572 -0.000300582 0.000378263 0.0100811 -0.0184027 0.000374749 -0.000949572 -0.0184027 0.0899466 
0.0098055 -0.0181217 -0.000292734 0.000384499 -0.0181217 0.0892417 0.000387003 -0.000975279 -0.000292734 0.000387003 0.0100825 -0.0184086 0.000384499 -0.000975279 -0.0184086 0.089922 
0.00977725 -0.0180835 -0.000281432 0.000361704 -0.0180835 0.0891712 0.000364639 -0.000937393 -0.000281432 0.000364639 0.0100999 -0.0184355 0.000361704 -0.000937393 -0.0184355 0.0899957 
0.0097717 -0.0180351 -0.000277963 0.000356417 -0.0180351 0.0890441 0.000357121 -0.000915595 -0.000277963 0.000357121 0.0100928 -0.0184605 0.000356417 -0.000915595 -0.0184605 0.0900684 
0.0097911 -0.0180156 -0.000288631 0.000335907 -0.0180156 0.0889476 0.000332981 -0.000854767 -0.000288631 0.000332981 0.0100896 -0.0184674 0.000335907 -0.000854767 -0.0184674 0.0901275 
0.00979095 -0.0180107 -0.000267743 0.000352086 -0.0180107 0.0888675 0.000349688 -0.000857239 -0.000267743 0.000349688 0.010095 -0.0184785 0.000352086 -0.000857239 -0.0184785 0.0901747 
0.00980676 -0.0180358 -0.000251197 0.000316255 -0.0180358 0.0889107 0.000317315 -0.000801291 -0.000251197 0.000317315 0.0100694 -0.0184563 0.000316255 -0.000801291 -0.0184563 0.0901178 
0.00981363 -0.0180734 -0.000265161 0.000317428 -0.0180734 0.0890132 0.000321141 -0.00079979 -0.000265161 0.000321141 0.0100583 -0.0184104 0.000317428 -0.00079979 -0.0184104 0.0900071 
0.00983335 -0.018102 -0.000275585 0.000332 -0.018102 0.0891218 0.000337316 -0.000824013 -0.000275585 0.000337316 0.0100448 -0.0183768 0.000332 -0.000824013 -0.0183768 0.0898842 
0.00983592 -0.0181313 -0.000268579 0.000341455 -0.0181313 0.0892123 0.000344921 -0.000846458 -0.000268579 0.000344921 0.0100385 -0.0183483 0.000341455 -0.000846458 -0.0183483 0.0897723 
0.00982843 -0.0181298 -0.00027139 0.000335299 -0.0181298 0.0892404 0.000335697 -0.000844155 -0.00027139 0.000335697 0.0100282 -0.0183446 0.000335299 -0.000844155 -0.0183446 0.0897303 
0.00981251 -0.018098 -0.000262905 0.000336631 -0.018098 0.0891759 0.000334602 -0.000836798 -0.000262905 0.000334602 0.0100289 -0.0183548 0.000336631 -0.000836798 -0.0183548 0.0897603 
0.00980192 -0.0180847 -0.000257505 0.000332759 -0.0180847 0.0891302 0.000325228 -0.000831092 -0.000257505 0.000325228 0.010036 -0.0183479 0.000332759 -0.000831092 -0.0183479 0.0897567 
0.00979843 -0.0180587 -0.000266862 0.000334207 -0.0180587 0.0890602 0.000325769 -0.000839376 -0.000266862 0.000325769 0.0100498 -0.0183731 0.000334207 -0.000839376 -0.0183731 0.0898133 
0.00982867 -0.0180727 -0.000284701 0.000328504 -0.0180727 0.0890797 0.000323626 -0.000820598 -0.000284701 0.000323626 0.0100706 -0.0183939 0.000328504 -0.000820598 -0.0183939 0.0898825 
0.00986237 -0.0180923 -0.000323227 0.000366725 -0.0180923 0.089099 0.00036574 -0.000894749 -0.000323227 0.00036574 0.010055 -0.0184242 0.000366725 -0.000894749 -0.0184242 0.0899524 
0.00985993 -0.0181441 -0.000336897 0.000416757 -0.0181441 0.0892026 0.000419979 -0.00101581 -0.000336897 0.000419979 0.0100587 -0.0184025 0.000416757 -0.00101581 -0.0184025 0.0899482 
0.00985035 -0.0181532 -0.000361496 0.000437477 -0.0181532 0.0892766 0.000442132 -0.00110702 -0.000361496 0.000442132 0.010071 -0.0184015 0.000437477 -0.00110702 -0.0184015 0.0899354 
0.00985199 -0.0181389 -0.000342322 0.00043932 -0.0181389 0.0892754 0.000442011 -0.00110564 -0.000342322 0.000442011 0.0100903 -0.018431 0.00043932 -0.00110564 -0.018431 0.0899994 
0.00985591 -0.018151 -0.00030527 0.000405857 -0.018151 0.0892977 0.000404224 -0.00103497 -0.00030527 0.000404224 0.0101197 -0.0184529 0.000405857 -0.00103497 -0.0184529 0.0900644 
0.0098431 -0.0181509 -0.000273854 0.000363963 -0.0181509 0.0893038 0.000361914 -0.00093956 -0.000273854 0.000361914 0.0101544 -0.0184969 0.000363963 -0.00093956 -0.0184969 0.0901647 
0.00984215 -0.0181494 -0.000271421 0.000337746 -0.0181494 0.0893205 0.000338513 -0.000874797 -0.000271421 0.000338513 0.0101707 -0.0185272 0.000337746 -0.000874797 -0.0185272 0.0902392 
0.00982757 -0.0181433 -0.000304556 0.000358656 -0.0181433 0.0893094 0.000359748 -0.000908312 -0.000304556 0.000359748 0.0101755 -0.0185433 0.000358656 -0.000908312 -0.0185433 0.0902857 
0.00981321 -0.0181351 -0.000325875 0.000383704 -0.0181351 0.0893077 0.000382999 -0.000945941 -0.000325875 0.000382999 0.0101814 -0.0185465 0.000383704 -0.000945941 -0.0185465 0.0903042 
0.00981514 -0.0181019 -0.00034272 0.000423386 -0.0181019 0.0892343 0.000420107 -0.00103963 -0.00034272 0.000420107 0.0101935 -0.0185725 0.000423386 -0.00103963 -0.0185725 0.0903752 
0.009841 -0.0181071 -0.000362768 0.0004382 -0.0181071 0.0892139 0.000434837 -0.00109412 -0.000362768 0.000434837 0.0102006 -0.018585 0.0004382 -0.00109412 -0.018585 0.0904192 
0.0098806 -0.018131 -0.000372363 0.00044237 -0.018131 0.0892386 0.000441404 -0.00109931 -0.000372363 0.000441404 0.0101919 -0.0186068 0.00044237 -0.00109931 -0.0186068 0.0904804 
0.00990006 -0.018178 -0.000366027 0.000464294 -0.018178 0.0893224 0.000465009 -0.00114681 -0.000366027 0.000465009 0.0101756 -0.0185909 0.000464294 -0.00114681 -0.0185909 0.0904682 
0.00991063 -0.0182422 -0.000342028 0.000462009 -0.0182422 0.0895107 0.000463583 -0.00117105 -0.000342028 0.000463583 0.0101595 -0.0185332 0.000462009 -0.00117105 -0.0185332 0.0903225 
0.00989293 -0.0182332 -0.00032535 0.000419384 -0.0182332 0.0895513 0.00041989 -0.00109326 -0.00032535 0.00041989 0.0101873 -0.0185454 0.000419384 -0.00109326 -0.0185454 0.0903177 
0.0098911 -0.0181999 -0.000316214 0.000378685 -0.0181999 0.0894903 0.000375892 -0.000965045 -0.000316214 0.000375892 0.0101925 -0.0185887 0.000378685 -0.000965045 -0.0185887 0.090397 
0.00988971 -0.0181894 -0.000324132 0.000391603 -0.0181894 0.0894352 0.000387073 -0.000960869 -0.000324132 0.000387073 0.0101903 -0.018595 0.000391603 -0.000960869 -0.018595 0.0904408 
0.00990425 -0.0181942 -0.000340446 0.000411553 -0.0181942 0.0894332 0.000407443 -0.0010115 -0.000340446 0.000407443 0.0101908 -0.0185922 0.000411553 -0.0010115 -0.0185922 0.0904537 
0.00992053 -0.0182273 -0.000345976 0.000430215 -0.0182273 0.0895011 0.000428179 -0.00106049 -0.000345976 0.000428179 0.0101815 -0.0185814 0.000430215 -0.00106049 -0.0185814 0.0904291 
0.009906 -0.0182499 -0.000358608 0.000428529 -0.0182499 0.0895631 0.000428541 -0.00106854 -0.000358608 0.000428541 0.0101622 -0.0185545 0.000428529 -0.00106854 -0.0185545 0.0903557 
0.00989126 -0.0182345 -0.000348012 0.000429956 -0.0182345 0.0895738 0.000430093 -0.00105371 -0.000348012 0.000430093 0.0101599 -0.0185378 0.000429956 -0.00105371 -0.0185378 0.0903107 
0.00988065 -0.0182306 -0.00036193 0.000425839 -0.0182306 0.0895759 0.000427844 -0.00105654 -0.00036193 0.000427844 0.0101573 -0.0185133 0.000425839 -0.00105654 -0.0185133 0.0902338 
0.00988681 -0.0181999 -0.000367845 0.000436208 -0.0181999 0.0895104 0.000441019 -0.00107245 -0.000367845 0.000441019 0.010184 -0.0185462 0.000436208 -0.00107245 -0.0185462 0.0903066 
0.00990689 -0.0182146 -0.00038585 0.000440819 -0.0182146 0.0895145 0.000447248 -0.00108745 -0.00038585 0.000447248 0.0102203 -0.0185826 0.000440819 -0.00108745 -0.0185826 0.0904004 
0.00992384 -0.0182423 -0.000421147 0.000480817 -0.0182423 0.0895692 0.000487367 -0.00117489 -0.000421147 0.000487367 0.0102476 -0.0186261 0.000480817 -0.00117489 -0.0186261 0.0905033 
0.00993297 -0.0182628 -0.000433314 0.000528497 -0.0182628 0.0896253 0.000534952 -0.00129179 -0.000433314 0.000534952 0.010257 -0.0186663 0.000528497 -0.00129179 -0.0186663 0.0906175 
0.00994771 -0.018282 -0.000411002 0.000540521 -0.018282 0.0896863 0.000546363 -0.00135533 -0.000411002 0.000546363 0.010245 -0.0186689 0.000540521 -0.00135533 -0.0186689 0.0906528 
0.00994418 -0.0182977 -0.000381724 0.000505312 -0.0182977 0.089729 0.000508505 -0.00130813 -0.000381724 0.000508505 0.0102522 -0.0186556 0.000505312 -0.00130813 -0.0186556 0.0906432 
0.00992749 -0.018282 -0.000362548 0.000468679 -0.018282 0.0897072 0.00046695 -0.00121543 -0.000362548 0.00046695 0.0102718 -0.0186694 0.000468679 -0.00121543 -0.0186694 0.0906583 
0.00992217 -0.0182559 -0.000374422 0.000438817 -0.0182559 0.0896428 0.000432927 -0.00111617 -0.000374422 0.000432927 0.0103091 -0.0187077 0.000438817 -0.00111617 -0.0187077 0.09075 
0.00993753 -0.0182333 -0.000399646 0.000466805 -0.0182333 0.0895591 0.000461505 -0.00113453 -0.000399646 0.000461505 0.0103027 -0.0187525 0.000466805 -0.00113453 -0.0187525 0.0908478 
0.00994314 -0.0182499 -0.000406237 0.000500177 -0.0182499 0.0895512 0.000497707 -0.00120989 -0.000406237 0.000497707 0.0103089 -0.0187565 0.000500177 -0.00120989 -0.0187565 0.0909121 
0.00994665 -0.018271 -0.000414132 0.00051467 -0.018271 0.0896065 0.00051411 -0.00127584 -0.000414132 0.00051411 0.0102907 -0.0187457 0.00051467 -0.00127584 -0.0187457 0.0908847 
0.00993044 -0.018277 -0.000400656 0.000519204 -0.018277 0.0896436 0.000516886 -0.00129464 -0.000400656 0.000516886 0.0102867 -0.0187286 0.000519204 -0.00129464 -0.0187286 0.090855 
0.00991469 -0.0182811 -0.000383368 0.000494402 -0.0182811 0.0896903 0.000489752 -0.00124823 -0.000383368 0.000489752 0.0102845 -0.0186975 0.000494402 -0.00124823 -0.0186975 0.0907615 
0.00990248 -0.0182547 -0.00038159 0.000467195 -0.0182547 0.0896545 0.000460839 -0.00117366 -0.00038159 0.000460839 0.0102697 -0.0186934 0.000467195 -0.00117366 -0.0186934 0.0907146 
0.00988513 -0.0182571 -0.00036905 0.000458055 -0.0182571 0.0896618 0.000454296 -0.00112839 -0.00036905 0.000454296 0.0102779 -0.0186641 0.000458055 -0.00112839 -0.0186641 0.0906455 
0.00987833 -0.0182345 -0.000374948 0.000440737 -0.0182345 0.0896316 0.000443249 -0.00109435 -0.000374948 0.000443249 0.0102956 -0.0186781 0.000440737 -0.00109435 -0.0186781 0.0906428 
0.00987502 -0.0181868 -0.000373733 0.000457618 -0.0181868 0.0894988 0.000462832 -0.00111856 -0.000373733 0.000462832 0.0103169 -0.0187344 0.000457618 -0.00111856 -0.0187344 0.0907751 
0.00987564 -0.0181703 -0.000373685 0.000464642 -0.0181703 0.0893998 0.00046897 -0.00115182 -0.000373685 0.00046897 0.010304 -0.0187586 0.000464642 -0.00115182 -0.0187586 0.0908614 
