0.00707495 0 -0.000385621 0 0 0.01 0 0 -0.000385621 0 0.00760983 0 0 0 0 0.01 
0.0100334 -0.0124631 -0.000455545 0.000560705 -0.0124631 0.0330718 0.000560705 -0.00107514 -0.000455545 0.000560705 0.0106703 -0.0132483 0.000560705 -0.00107514 -0.0132483 0.0345767 
0.0101289 -0.019029 -0.000363005 0.00063115 -0.019029 0.0700177 0.00063115 -0.0020059 -0.000363005 0.00063115 0.0106695 -0.0198925 0.00063115 -0.0020059 -0.0198925 0.0727702 
0.00956681 -0.0187582 -0.000341603 0.000420671 -0.0187582 0.08426 0.000418588 -0.00147849 -0.000341603 0.000418588 0.0100446 -0.0194499 0.000420671 -0.00147849 -0.0194499 0.0866228 
0.00954305 -0.0180832 -0.00037288 0.000388539 -0.0180832 0.0876418 0.000389192 -0.000986967 -0.00037288 0.000389192 0.0100191 -0.0186562 0.000388539 -0.000986967 -0.0186562 0.0892442 
0.0096591 -0.0179469 -0.000399323 0.000453612 -0.0179469 0.0884852 0.000455987 -0.000980364 -0.000399323 0.000455987 0.0101971 -0.0185621 0.000453612 -0.000980364 -0.0185621 0.0899417 
0.00976363 -0.0179825 -0.000414249 0.000527237 -0.0179825 0.0888265 0.000527257 -0.00120083 -0.000414249 0.000527257 0.0102891 -0.0186928 0.000527237 -0.00120083 -0.0186928 0.0904785 
0.00981288 -0.0180645 -0.000395698 0.000533772 -0.0180645 0.0890395 0.000533797 -0.00131158 -0.000395698 0.000533797 0.0102954 -0.0187063 0.000533772 -0.00131158 -0.0187063 0.0906566 
0.00983251 -0.0181024 -0.000389205 0.000509613 -0.0181024 0.0891436 0.000509729 -0.00131907 -0.000389205 0.000509729 0.0102646 -0.0186725 0.000509613 -0.00131907 -0.0186725 0.0906016 
0.00985369 -0.018118 -0.000407828 0.000485426 -0.018118 0.0891872 0.000485516 -0.00125939 -0.000407828 0.000485516 0.0102214 -0.0186306 0.000485426 -0.00125939 -0.0186306 0.0904866 
0.00987078 -0.0181646 -0.000392084 0.000464337 -0.0181646 0.0892921 0.000467383 -0.00115432 -0.000392084 0.000467383 0.0102108 -0.0185782 0.000464337 -0.00115432 -0.0185782 0.0903642 
0.00987611 -0.0181713 -0.000360236 0.000454353 -0.0181713 0.0893325 0.000458782 -0.00111243 -0.000360236 0.000458782 0.0102045 -0.0185793 0.000454353 -0.00111243 -0.0185793 0.0903253 
0.00990238 -0.0181835 -0.00035766 0.000430693 -0.0181835 0.0893735 0.000436472 -0.0010785 -0.00035766 0.000436472 0.0101933 -0.0185803 0.000430693 -0.0010785 -0.0185803 0.0903366 
0.00992029 -0.0182194 -0.000366501 0.000434339 -0.0182194 0.0894521 0.000440257 -0.00107338 -0.000366501 0.000440257 0.0101919 -0.0185764 0.000434339 -0.00107338 -0.0185764 0.0903528 
0.00991691 -0.0182545 -0.000367843 0.000453877 -0.0182545 0.0895632 0.000459185 -0.00111728 -0.000367843 0.000459185 0.0102104 -0.0185733 0.000453877 -0.00111728 -0.0185733 0.0903551 
0.00989481 -0.018242 -0.000355001 0.000444318 -0.018242 0.0895768 0.000450151 -0.00111258 -0.000355001 0.000450151 0.0102309 -0.0186058 0.000444318 -0.00111258 -0.0186058 0.0904193 
0.0098649 -0.0181875 -0.000329761 0.000428143 -0.0181875 0.0894601 0.000433266 -0.00108064 -0.000329761 0.000433266 0.0102391 -0.0186579 0.000428143 -0.00108064 -0.0186579 0.0905652 
0.00983724 -0.0181551 -0.00033713 0.000408113 -0.0181551 0.0893632 0.000409303 -0.00104197 -0.00033713 0.000409303 0.0102397 -0.0186557 0.000408113 -0.00104197 -0.0186557 0.0906074 
0.00982199 -0.0181526 -0.000340795 0.000416211 -0.0181526 0.0893581 0.00041215 -0.0010287 -0.000340795 0.00041215 0.0102339 -0.0186294 0.000416211 -0.0010287 -0.0186294 0.0905521 
0.00982021 -0.0181406 -0.000344976 0.000417116 -0.0181406 0.0893465 0.000408401 -0.00101889 -0.000344976 0.000408401 0.0102326 -0.0186169 0.000417116 -0.00101889 -0.0186169 0.0905051 
0.00982577 -0.0181479 -0.000360848 0.000413035 -0.0181479 0.0893634 0.000407933 -0.00100382 -0.000360848 0.000407933 0.0102406 -0.0186048 0.000413035 -0.00100382 -0.0186048 0.0904547 
0.00985141 -0.0181454 -0.000343016 0.000432226 -0.0181454 0.0893547 0.000430949 -0.00103354 -0.000343016 0.000430949 0.0102458 -0.0186229 0.000432226 -0.00103354 -0.0186229 0.0904738 
0.00987088 -0.0181492 -0.000325526 0.000426045 -0.0181492 0.0893267 0.00042738 -0.0010625 -0.000325526 0.00042738 0.0102392 -0.0186511 0.000426045 -0.0010625 -0.0186511 0.0905487 
0.00987643 -0.0181793 -0.000322092 0.000421876 -0.0181793 0.0893724 0.000425115 -0.00108355 -0.000322092 0.000425115 0.0102192 -0.0186397 0.000421876 -0.00108355 -0.0186397 0.09056 
0.00987874 -0.0181808 -0.000305596 0.000403836 -0.0181808 0.0893904 0.000407064 -0.00104592 -0.000305596 0.000407064 0.0101897 -0.0186184 0.000403836 -0.00104592 -0.0186184 0.0905287 
0.00985835 -0.0181635 -0.000324608 0.000379246 -0.0181635 0.0893427 0.000380788 -0.00098367 -0.000324608 0.000380788 0.0101993 -0.0186068 0.000379246 -0.00098367 -0.0186068 0.0905338 
0.00983899 -0.0181502 -0.000339172 0.000382436 -0.0181502 0.0893195 0.000384313 -0.000939835 -0.000339172 0.000384313 0.0102456 -0.0186201 0.000382436 -0.000939835 -0.0186201 0.0905606 
0.00986178 -0.0181563 -0.000348764 0.000402982 -0.0181563 0.0893509 0.000406047 -0.000968576 -0.000348764 0.000406047 0.0102819 -0.0186629 0.000402982 -0.000968576 -0.0186629 0.0906313 
0.00984074 -0.0181344 -0.000356998 0.000435622 -0.0181344 0.0892666 0.000436151 -0.00105269 -0.000356998 0.000436151 0.0103072 -0.0187341 0.000435622 -0.00105269 -0.0187341 0.0907958 
0.00983413 -0.0181421 -0.00034543 0.000441218 -0.0181421 0.0892841 0.000438453 -0.00108305 -0.00034543 0.000438453 0.0103106 -0.0187411 0.000441218 -0.00108305 -0.0187411 0.0908526 
0.00984946 -0.0181561 -0.000335507 0.000430773 -0.0181561 0.0893381 0.000425336 -0.00107485 -0.000335507 0.000425336 0.0102866 -0.01872 0.000430773 -0.00107485 -0.01872 0.0908055 
0.00985207 -0.018178 -0.000334296 0.000406823 -0.018178 0.0893957 0.000400365 -0.00101496 -0.000334296 0.000400365 0.0102776 -0.0186841 0.000406823 -0.00101496 -0.0186841 0.0907163 
0.00985103 -0.0181533 -0.000330745 0.000410129 -0.0181533 0.0893515 0.000405143 -0.000999775 -0.000330745 0.000405143 0.0102467 -0.0186822 0.000410129 -0.000999775 -0.0186822 0.0906737 
0.00985348 -0.0181664 -0.00032257 0.000399269 -0.0181664 0.0893716 0.000399713 -0.000984418 -0.00032257 0.000399713 0.0102338 -0.0186431 0.000399269 -0.000984418 -0.0186431 0.0906032 
0.00984738 -0.0181301 -0.00031406 0.000393106 -0.0181301 0.0892804 0.000395185 -0.000973891 -0.00031406 0.000395185 0.0102156 -0.0186495 0.000393106 -0.000973891 -0.0186495 0.0905986 
0.00983976 -0.0181167 -0.000337088 0.000397672 -0.0181167 0.0892113 0.000398929 -0.000992537 -0.000337088 0.000398929 0.0101988 -0.0186262 0.000397672 -0.000992537 -0.0186262 0.0905652 
0.00984195 -0.0181367 -0.000346692 0.000418238 -0.0181367 0.0892518 0.000418459 -0.00102308 -0.000346692 0.000418459 0.0101942 -0.018585 0.000418238 -0.00102308 -0.018585 0.0904662 
0.00985344 -0.0181514 -0.00035219 0.000431634 -0.0181514 0.0893123 0.000431866 -0.00106735 -0.00035219 0.000431866 0.010205 -0.0185764 0.000431634 -0.00106735 -0.0185764 0.0904103 
0.00985271 -0.0181802 -0.000367658 0.000458431 -0.0181802 0.0893918 0.000457528 -0.00114418 -0.000367658 0.000457528 0.0102002 -0.0185642 0.000458431 -0.00114418 -0.0185642 0.0903415 
0.00985827 -0.018158 -0.000370817 0.000450488 -0.018158 0.0893699 0.000446722 -0.00112696 -0.000370817 0.000446722 0.0101805 -0.018581 0.000450488 -0.00112696 -0.018581 0.090366 
0.00989093 -0.0181705 -0.000373035 0.000448391 -0.0181705 0.0893847 0.000446831 -0.00111414 -0.000373035 0.000446831 0.010168 -0.01857 0.000448391 -0.00111414 -0.01857 0.0903874 
0.00991111 -0.0182127 -0.00034961 0.000443932 -0.0182127 0.0894635 0.000442087 -0.00109451 -0.00034961 0.000442087 0.0101826 -0.0185532 0.000443932 -0.00109451 -0.0185532 0.0903594 
0.00989166 -0.0182347 -0.000331033 0.000439522 -0.0182347 0.0895247 0.000438207 -0.00110502 -0.000331033 0.000438207 0.0102033 -0.0185636 0.000439522 -0.00110502 -0.0185636 0.0903511 
0.00988146 -0.018224 -0.00031579 0.000411507 -0.018224 0.0895449 0.000412799 -0.00106004 -0.00031579 0.000412799 0.0102137 -0.0185853 0.000411507 -0.00106004 -0.0185853 0.0903884 
0.00986812 -0.0181949 -0.000297364 0.000398762 -0.0181949 0.0894823 0.000402068 -0.00102587 -0.000297364 0.000402068 0.010205 -0.0186055 0.000398762 -0.00102587 -0.0186055 0.0904423 
0.0098414 -0.0181743 -0.000282862 0.000363401 -0.0181743 0.0894138 0.000367059 -0.000943514 -0.000282862 0.000367059 0.0101972 -0.0185919 0.000363401 -0.000943514 -0.0185919 0.0904407 
0.00982029 -0.0181307 -0.000297595 0.000353178 -0.0181307 0.0893061 0.000357339 -0.000901707 -0.000297595 0.000357339 0.0101899 -0.0185853 0.000353178 -0.000901707 -0.0185853 0.0904291 
0.0098154 -0.0180997 -0.000307597 0.000370938 -0.0180997 0.0892075 0.000374592 -0.000916995 -0.000307597 0.000374592 0.010184 -0.0185772 0.000370938 -0.000916995 -0.0185772 0.0904123 
0.00981224 -0.0180776 -0.000294396 0.000382695 -0.0180776 0.0891184 0.000383367 -0.000945256 -0.000294396 0.000383367 0.0101845 -0.0185832 0.000382695 -0.000945256 -0.0185832 0.0904273 
0.00980678 -0.0180691 -0.00027193 0.00035661 -0.0180691 0.0890654 0.000353348 -0.000900964 -0.00027193 0.000353348 0.0101887 -0.0185828 0.00035661 -0.000900964 -0.0185828 0.0904275 
0.00981006 -0.0180509 -0.000277875 0.000356001 -0.0180509 0.0890046 0.000347734 -0.000897323 -0.000277875 0.000347734 0.0101579 -0.0185833 0.000356001 -0.000897323 -0.0185833 0.0904164 
0.00983384 -0.0180692 -0.000302486 0.000353338 -0.0180692 0.0890304 0.000346533 -0.000886904 -0.000302486 0.000346533 0.0101216 -0.0185466 0.000353338 -0.000886904 -0.0185466 0.0903629 
0.00985547 -0.0181275 -0.000312971 0.000367321 -0.0181275 0.0891691 0.000364932 -0.000894334 -0.000312971 0.000364932 0.010099 -0.0184738 0.000367321 -0.000894334 -0.0184738 0.090192 
0.0098295 -0.0181218 -0.000331645 0.000405467 -0.0181218 0.0891833 0.000405597 -0.000994125 -0.000331645 0.000405597 0.010103 -0.0184638 0.000405467 -0.000994125 -0.0184638 0.0901167 
0.00981984 -0.0181171 -0.000324122 0.000412008 -0.0181171 0.0892063 0.000413386 -0.00102664 -0.000324122 0.000413386 0.010104 -0.0184487 0.000412008 -0.00102664 -0.0184487 0.0900547 
0.00983397 -0.0181338 -0.000315662 0.000389814 -0.0181338 0.0892775 0.000391517 -0.000988936 -0.000315662 0.000391517 0.0100922 -0.0184317 0.000389814 -0.000988936 -0.0184317 0.0899851 
0.00983433 -0.0181184 -0.000306834 0.000381671 -0.0181184 0.0892399 0.000382785 -0.000954078 -0.000306834 0.000382785 0.0100723 -0.0184339 0.000381671 -0.000954078 -0.0184339 0.0899772 
0.00979672 -0.018098 -0.000299088 0.000381071 -0.018098 0.0891706 0.000383068 -0.000955775 -0.000299088 0.000383068 0.0100983 -0.018427 0.000381071 -0.000955775 -0.018427 0.0899862 
0.00978066 -0.018071 -0.000273969 0.000365823 -0.018071 0.0891193 0.000367988 -0.000927283 -0.000273969 0.000367988 0.0101014 -0.0184345 0.000365823 -0.000927283 -0.0184345 0.0899693 
0.00982714 -0.0180678 -0.000240773 0.000326865 -0.0180678 0.0891127 0.00032748 -0.000846004 -0.000240773 0.00032748 0.0100832 -0.0184371 0.000326865 -0.000846004 -0.0184371 0.0899784 
0.00983271 -0.0180957 -0.00026419 0.000306671 -0.0180957 0.0891197 0.000305272 -0.000801568 -0.00026419 0.000305272 0.010104 -0.0184385 0.000306671 -0.000801568 -0.0184385 0.0900061 
0.00983963 -0.0181152 -0.000286007 0.000343892 -0.0181152 0.0891734 0.000340099 -0.000844557 -0.000286007 0.000340099 0.010104 -0.0184497 0.000343892 -0.000844557 -0.0184497 0.0900137 
0.00985517 -0.0181364 -0.000307736 0.000361069 -0.0181364 0.0892451 0.000355794 -0.000887575 -0.000307736 0.000355794 0.0101088 -0.0184593 0.000361069 -0.000887575 -0.0184593 0.0900539 
0.00985378 -0.0181506 -0.000321282 0.000397181 -0.0181506 0.0892894 0.000394714 -0.000973452 -0.000321282 0.000394714 0.0101225 -0.0184764 0.000397181 -0.000973452 -0.0184764 0.0901133 
0.00985214 -0.0181682 -0.000333349 0.00040745 -0.0181682 0.0893553 0.000408645 -0.0010214 -0.000333349 0.000408645 0.0101331 -0.01848 0.00040745 -0.0010214 -0.01848 0.0901321 
0.00984054 -0.0181512 -0.000353175 0.000412911 -0.0181512 0.0893367 0.000415826 -0.00103854 -0.000353175 0.000415826 0.010154 -0.0185077 0.000412911 -0.00103854 -0.0185077 0.0901977 
0.00983193 -0.0181704 -0.000354367 0.00042225 -0.0181704 0.089393 0.000428026 -0.00104457 -0.000354367 0.000428026 0.0101795 -0.0185053 0.00042225 -0.00104457 -0.0185053 0.0901913 
0.00981441 -0.0181291 -0.000345658 0.000433439 -0.0181291 0.0893218 0.000440706 -0.00107935 -0.000345658 0.000440706 0.0102047 -0.0185671 0.000433439 -0.00107935 -0.0185671 0.0903146 
0.00982133 -0.0180948 -0.000376378 0.000437421 -0.0180948 0.089217 0.000444724 -0.00111458 -0.000376378 0.000444724 0.0102051 -0.0186113 0.000437421 -0.00111458 -0.0186113 0.0904564 
0.00984039 -0.0181265 -0.000384059 0.000466519 -0.0181265 0.0892475 0.000472113 -0.00115604 -0.000384059 0.000472113 0.0101782 -0.0185855 0.000466519 -0.00115604 -0.0185855 0.0904386 
0.00985503 -0.0181529 -0.000358632 0.00045392 -0.0181529 0.0893254 0.000457192 -0.0011349 -0.000358632 0.000457192 0.0101777 -0.018564 0.00045392 -0.0011349 -0.018564 0.0903996 
0.00985758 -0.0181455 -0.000337308 0.00042877 -0.0181455 0.0893149 0.000427674 -0.0010842 -0.000337308 0.000427674 0.0101924 -0.0185828 0.00042877 -0.0010842 -0.0185828 0.0904291 
0.00989876 -0.0181744 -0.00030709 0.000397835 -0.0181744 0.0893807 0.000393283 -0.00100053 -0.00030709 0.000393283 0.0101773 -0.0185766 0.000397835 -0.00100053 -0.0185766 0.0904055 
0.00990066 -0.018224 -0.000300196 0.000368803 -0.018224 0.0894802 0.000365094 -0.000930187 -0.000300196 0.000365094 0.010192 -0.0185579 0.000368803 -0.000930187 -0.0185579 0.0903676 
0.00993472 -0.0182371 -0.000320637 0.000379497 -0.0182371 0.0895628 0.000374958 -0.000940036 -0.000320637 0.000374958 0.0101913 -0.0185806 0.000379497 -0.000940036 -0.0185806 0.0903931 
0.00992819 -0.0182736 -0.000377039 0.00043534 -0.0182736 0.0896299 0.000430318 -0.00106763 -0.000377039 0.000430318 0.0102008 -0.0185735 0.00043534 -0.00106763 -0.0185735 0.0903934 
0.009909 -0.0182622 -0.000396793 0.000468799 -0.0182622 0.0896404 0.000467059 -0.0011375 -0.000396793 0.000467059 0.0102313 -0.0186031 0.000468799 -0.0011375 -0.0186031 0.0904608 
0.00990852 -0.0182278 -0.000377022 0.000477299 -0.0182278 0.0895751 0.000479705 -0.00117165 -0.000377022 0.000479705 0.0102385 -0.0186545 0.000477299 -0.00117165 -0.0186545 0.0905823 
0.00992824 -0.0182474 -0.000365521 0.000459507 -0.0182474 0.0895987 0.000463106 -0.0011626 -0.000365521 0.000463106 0.0102364 -0.0186502 0.000459507 -0.0011626 -0.0186502 0.0906171 
0.00998159 -0.0182759 -0.000365982 0.000434376 -0.0182759 0.0896615 0.000436502 -0.00109608 -0.000365982 0.000436502 0.010214 -0.0186467 0.000434376 -0.00109608 -0.0186467 0.0906175 
0.0100071 -0.018332 -0.000390055 0.000457428 -0.018332 0.0897608 0.000455616 -0.00112101 -0.000390055 0.000455616 0.0101918 -0.0186169 0.000457428 -0.00112101 -0.0186169 0.0905635 
0.0100116 -0.0183708 -0.000416756 0.000475897 -0.0183708 0.0898722 0.000473513 -0.00115095 -0.000416756 0.000473513 0.0101843 -0.0185827 0.000475897 -0.00115095 -0.0185827 0.0904768 
0.00999213 -0.01837 -0.00041743 0.000519676 -0.01837 0.0899076 0.000521568 -0.00125248 -0.00041743 0.000521568 0.0101986 -0.0185774 0.000519676 -0.00125248 -0.0185774 0.0904358 
0.00996567 -0.0183601 -0.000396156 0.000516693 -0.0183601 0.0899191 0.00051985 -0.00129248 -0.000396156 0.00051985 0.010224 -0.0185861 0.000516693 -0.00129248 -0.0185861 0.0904253 
0.00994618 -0.0183239 -0.000390221 0.000493674 -0.0183239 0.0898597 0.00049655 -0.00126819 -0.000390221 0.00049655 0.0102431 -0.0186245 0.000493674 -0.00126819 -0.0186245 0.0904964 
0.00992647 -0.0182637 -0.000390262 0.000480172 -0.0182637 0.0896954 0.00048438 -0.00122692 -0.000390262 0.00048438 0.0102478 -0.0186751 0.000480172 -0.00122692 -0.0186751 0.0906353 
0.00990889 -0.0182314 -0.000396572 0.000481893 -0.0182314 0.0895728 0.00048668 -0.00121701 -0.000396572 0.00048668 0.0102511 -0.0186841 0.000481893 -0.00121701 -0.0186841 0.090706 
0.00992702 -0.0182193 -0.000390056 0.000483221 -0.0182193 0.0895211 0.000484846 -0.00120725 -0.000390056 0.000484846 0.0102427 -0.0186893 0.000483221 -0.00120725 -0.0186893 0.0907415 
0.0099343 -0.0182375 -0.000378476 0.000476529 -0.0182375 0.0895269 0.000472599 -0.00118759 -0.000378476 0.000472599 0.0102366 -0.0186799 0.000476529 -0.00118759 -0.0186799 0.0907373 
0.0099466 -0.0182654 -0.000374323 0.000469065 -0.0182654 0.0896036 0.000459807 -0.00116558 -0.000374323 0.000459807 0.0102285 -0.0186481 0.000469065 -0.00116558 -0.0186481 0.0906489 
0.00996808 -0.0183059 -0.000357909 0.000466283 -0.0183059 0.0897253 0.000456714 -0.00115174 -0.000357909 0.000456714 0.0101903 -0.0186056 0.000466283 -0.00115174 -0.0186056 0.0905029 
0.00997946 -0.0183369 -0.00034501 0.000441631 -0.0183369 0.08983 0.000432636 -0.00110561 -0.00034501 0.000432636 0.0101457 -0.0185488 0.000441631 -0.00110561 -0.0185488 0.0903416 
0.00997176 -0.0183329 -0.000346811 0.00043166 -0.0183329 0.0898451 0.000425212 -0.00107793 -0.000346811 0.000425212 0.0101406 -0.0185218 0.00043166 -0.00107793 -0.0185218 0.0902765 
0.00997314 -0.0183328 -0.000380307 0.000435369 -0.0183328 0.0898572 0.000434098 -0.00108557 -0.000380307 0.000434098 0.0101507 -0.0185071 0.000435369 -0.00108557 -0.0185071 0.0902198 
0.0099621 -0.0183531 -0.000425624 0.000463055 -0.0183531 0.0899053 0.000470694 -0.00113079 -0.000425624 0.000470694 0.0101883 -0.018506 0.000463055 -0.00113079 -0.018506 0.0901925 
0.00995263 -0.0182992 -0.00044792 0.000513778 -0.0182992 0.0897933 0.000524622 -0.00123344 -0.00044792 0.000524622 0.0102199 -0.0185907 0.000513778 -0.00123344 -0.0185907 0.0903609 
0.00996965 -0.0183006 -0.000427447 0.000531154 -0.0183006 0.0897542 0.000543243 -0.00129856 -0.000427447 0.000543243 0.0102014 -0.0186177 0.000531154 -0.00129856 -0.0186177 0.090468 
0.00996199 -0.0182966 -0.00040906 0.000519922 -0.0182966 0.0897092 0.000530956 -0.00131623 -0.00040906 0.000530956 0.0101859 -0.0186159 0.000519922 -0.00131623 -0.0186159 0.0905287 
0.00996884 -0.0182904 -0.000382679 0.000485146 -0.0182904 0.0896986 0.000492774 -0.00124226 -0.000382679 0.000492774 0.010181 -0.0186038 0.000485146 -0.00124226 -0.0186038 0.0905343 
0.00996288 -0.0183092 -0.000356402 0.000467633 -0.0183092 0.0897315 0.000473938 -0.00119259 -0.000356402 0.000473938 0.0101768 -0.0185737 0.000467633 -0.00119259 -0.0185737 0.0904533 
0.0099326 -0.0182936 -0.000348246 0.000436365 -0.0182936 0.089705 0.000441764 -0.00112085 -0.000348246 0.000441764 0.0101607 -0.0185485 0.000436365 -0.00112085 -0.0185485 0.0903469 
0.00990852 -0.0182618 -0.000351752 0.000413249 -0.0182618 0.0896468 0.000416252 -0.00103776 -0.000351752 0.000416252 0.0101615 -0.0185296 0.000413249 -0.00103776 -0.0185296 0.0902864 
0.00989765 -0.0182069 -0.000358966 0.000426135 -0.0182069 0.0895054 0.000425619 -0.00103447 -0.000358966 0.000425619 0.0101607 -0.0185503 0.000426135 -0.00103447 -0.0185503 0.0903163 
0.00991327 -0.0182056 -0.000362065 0.000432969 -0.0182056 0.0894555 0.000429967 -0.00104428 -0.000362065 0.000429967 0.010135 -0.0185361 0.000432969 -0.00104428 -0.0185361 0.0902968 
0.00993541 -0.0182292 -0.000384904 0.00045486 -0.0182292 0.0894828 0.000449347 -0.0010988 -0.000384904 0.000449347 0.0101083 -0.018492 0.00045486 -0.0010988 -0.018492 0.0902021 
0.00994914 -0.0182434 -0.00038809 0.000487567 -0.0182434 0.0895092 0.00048004 -0.00117449 -0.00038809 0.00048004 0.010082 -0.0184692 0.000487567 -0.00117449 -0.0184692 0.0901323 
0.00994762 -0.0182712 -0.000381036 0.000489582 -0.0182712 0.0895776 0.000482514 -0.00121038 -0.000381036 0.000482514 0.0100825 -0.0184316 0.000489582 -0.00121038 -0.0184316 0.0900454 
0.00992664 -0.0182733 -0.000357727 0.000482033 -0.0182733 0.0896174 0.000475634 -0.00121206 -0.000357727 0.000475634 0.0101012 -0.0184322 0.000482033 -0.00121206 -0.0184322 0.0900096 
0.00989414 -0.0182361 -0.000344329 0.000446951 -0.0182361 0.0895605 0.000439412 -0.00114512 -0.000344329 0.000439412 0.0101279 -0.0184717 0.000446951 -0.00114512 -0.0184717 0.0900834 
0.0098742 -0.0181916 -0.00031958 0.000429343 -0.0181916 0.0894571 0.000424537 -0.00108846 -0.00031958 0.000424537 0.0101207 -0.0185037 0.000429343 -0.00108846 -0.0185037 0.0901667 
0.00987499 -0.0181833 -0.000320516 0.00039073 -0.0181833 0.0894192 0.000389498 -0.00100665 -0.000320516 0.000389498 0.0101029 -0.0184867 0.00039073 -0.00100665 -0.0184867 0.0901755 
0.00988102 -0.0182044 -0.000336131 0.000393322 -0.0182044 0.0894603 0.000394557 -0.000979094 -0.000336131 0.000394557 0.0100862 -0.0184382 0.000393322 -0.000979094 -0.0184382 0.0900685 
0.00989288 -0.018204 -0.000338718 0.000390017 -0.018204 0.0894791 0.000392293 -0.000949201 -0.000338718 0.000392293 0.0101169 -0.0184404 0.000390017 -0.000949201 -0.0184404 0.0900522 
0.00988691 -0.0181968 -0.000354105 0.000426529 -0.0181968 0.089443 0.000430496 -0.00103818 -0.000354105 0.000430496 0.0101321 -0.0184836 0.000426529 -0.00103818 -0.0184836 0.0901148 
0.0098828 -0.0181999 -0.000346067 0.00043701 -0.0181999 0.0894482 0.000441979 -0.00108661 -0.000346067 0.000441979 0.0101568 -0.0185096 0.00043701 -0.00108661 -0.0185096 0.0902032 
0.00989058 -0.0182233 -0.000342743 0.000426129 -0.0182233 0.0895191 0.000432087 -0.00108591 -0.000342743 0.000432087 0.01019 -0.0185204 0.000426129 -0.00108591 -0.0185204 0.0902343 
0.00987137 -0.0181912 -0.000357019 0.000430425 -0.0181912 0.0894501 0.000434598 -0.00109079 -0.000357019 0.000434598 0.0102005 -0.0185829 0.000430425 -0.00109079 -0.0185829 0.0903542 
0.00986807 -0.0181798 -0.000357126 0.000447836 -0.0181798 0.0894101 0.000445882 -0.00110849 -0.000357126 0.000445882 0.010168 -0.0185785 0.000447836 -0.00110849 -0.0185785 0.0903819 
0.00987199 -0.0181841 -0.000330479 0.000453936 -0.0181841 0.089415 0.00044741 -0.00112767 -0.000330479 0.00044741 0.0101378 -0.018537 0.000453936 -0.00112767 -0.018537 0.0903244 
0.0098766 -0.018188 -0.000324978 0.000402568 -0.018188 0.0894249 0.000395162 -0.00103378 -0.000324978 0.000395162 0.0101425 -0.0185013 0.000402568 -0.00103378 -0.0185013 0.0902387 
0.00987954 -0.0181826 -0.000329657 0.000388769 -0.0181826 0.0894084 0.000383804 -0.000962627 -0.000329657 0.000383804 0.0101706 -0.0185168 0.000388769 -0.000962627 -0.0185168 0.0902354 
0.00988154 -0.0181725 -0.000338672 0.000393617 -0.0181725 0.0893672 0.000390123 -0.000948397 -0.000338672 0.000390123 0.0101862 -0.0185658 0.000393617 -0.000948397 -0.0185658 0.0903327 
0.00987554 -0.018184 -0.000342075 0.000418342 -0.018184 0.089378 0.000417141 -0.0010029 -0.000342075 0.000417141 0.0101839 -0.0185725 0.000418342 -0.0010029 -0.0185725 0.090371 
0.00988491 -0.0182092 -0.000336184 0.00044308 -0.0182092 0.0894651 0.000445274 -0.00109811 -0.000336184 0.000445274 0.0101845 -0.0185486 0.00044308 -0.00109811 -0.0185486 0.090326 
0.00987667 -0.018196 -0.000327223 0.00042539 -0.018196 0.089448 0.000427169 -0.00109024 -0.000327223 0.000427169 0.0101791 -0.0185644 0.00042539 -0.00109024 -0.0185644 0.0903418 
0.00987557 -0.0181926 -0.000343193 0.000408572 -0.0181926 0.089444 0.000409118 -0.00104751 -0.000343193 0.000409118 0.0101727 -0.0185629 0.000408572 -0.00104751 -0.0185629 0.0903618 
0.0098727 -0.0182021 -0.000356189 0.000414626 -0.0182021 0.0894672 0.000415729 -0.00102651 -0.000356189 0.000415729 0.0101848 -0.0185529 0.000414626 -0.00102651 -0.0185529 0.0903573 
0.0099017 -0.0182141 -0.000361825 0.000420868 -0.0182141 0.0895209 0.000424718 -0.00102927 -0.000361825 0.000424718 0.0101941 -0.0185633 0.000420868 -0.00102927 -0.0185633 0.0903643 
0.00987742 -0.0181946 -0.000373962 0.000462325 -0.0181946 0.0894409 0.000465001 -0.00113162 -0.000373962 0.000465001 0.010195 -0.0185967 0.000462325 -0.00113162 -0.0185967 0.0904351 
0.00987222 -0.0181714 -0.000385421 0.000496053 -0.0181714 0.0893799 0.000494285 -0.0012407 -0.000385421 0.000494285 0.0101631 -0.0185844 0.000496053 -0.0012407 -0.0185844 0.0904315 
0.00986199 -0.0181722 -0.000379026 0.000494695 -0.0181722 0.0893602 0.000490364 -0.00125643 -0.000379026 0.000490364 0.0101361 -0.0185327 0.000494695 -0.00125643 -0.0185327 0.0903298 
0.00986915 -0.0181851 -0.000378098 0.000466849 -0.0181851 0.0894061 0.000462704 -0.00119242 -0.000378098 0.000462704 0.0101114 -0.0184852 0.000466849 -0.00119242 -0.0184852 0.0901987 
0.0098506 -0.0181947 -0.000386213 0.000439082 -0.0181947 0.0894517 0.000439678 -0.00109793 -0.000386213 0.000439678 0.0101409 -0.0184648 0.000439082 -0.00109793 -0.0184648 0.0901248 
0.00984793 -0.0181555 -0.000387517 0.000457354 -0.0181555 0.0893943 0.000460048 -0.00110382 -0.000387517 0.000460048 0.0101452 -0.0185052 0.000457354 -0.00110382 -0.0185052 0.0901547 
0.00985276 -0.0181272 -0.000376331 0.000468178 -0.0181272 0.089288 0.000468739 -0.00114081 -0.000376331 0.000468739 0.01016 -0.0185402 0.000468178 -0.00114081 -0.0185402 0.0902755 
0.00986617 -0.0181147 -0.000349978 0.000449366 -0.0181147 0.0892064 0.000448554 -0.00111957 -0.000349978 0.000448554 0.0101798 -0.0185837 0.000449366 -0.00111957 -0.0185837 0.0904188 
0.00987619 -0.0181648 -0.000357016 0.00044204 -0.0181648 0.0892886 0.000440889 -0.00112035 -0.000357016 0.000440889 0.0101825 -0.0185685 0.00044204 -0.00112035 -0.0185685 0.0904029 
0.00986327 -0.0181781 -0.000362361 0.000458814 -0.0181781 0.0893507 0.000456999 -0.00115172 -0.000362361 0.000456999 0.0101707 -0.0185594 0.000458814 -0.00115172 -0.0185594 0.0903565 
0.00986637 -0.018192 -0.000346147 0.000438606 -0.018192 0.0894293 0.000435547 -0.00110544 -0.000346147 0.000435547 0.0101525 -0.0185258 0.000438606 -0.00110544 -0.0185258 0.0902696 
0.00989512 -0.018199 -0.000318968 0.000417653 -0.018199 0.0894678 0.000413877 -0.00104849 -0.000318968 0.000413877 0.01012 -0.0184941 0.000417653 -0.00104849 -0.0184941 0.0901739 
0.00988444 -0.0181936 -0.000305679 0.000382668 -0.0181936 0.089428 0.000381648 -0.000970643 -0.000305679 0.000381648 0.0101224 -0.0184878 0.000382668 -0.000970643 -0.0184878 0.0901603 
0.00988337 -0.0181726 -0.000291561 0.000360489 -0.0181726 0.089376 0.000360335 -0.000897213 -0.000291561 0.000360335 0.0101145 -0.0185021 0.000360489 -0.000897213 -0.0185021 0.0901899 
0.00988449 -0.0181879 -0.000288852 0.000364891 -0.0181879 0.0893978 0.000366495 -0.000905783 -0.000288852 0.000366495 0.0101006 -0.018472 0.000364891 -0.000905783 -0.018472 0.0901313 
0.00985673 -0.0181808 -0.000297223 0.000356596 -0.0181808 0.0893885 0.000359652 -0.000895132 -0.000297223 0.000359652 0.0101278 -0.0184665 0.000356596 -0.000895132 -0.0184665 0.0901135 
0.0098274 -0.0181497 -0.000319654 0.000375933 -0.0181497 0.0893354 0.000379081 -0.000931164 -0.000319654 0.000379081 0.010149 -0.018489 0.000375933 -0.000931164 -0.018489 0.0901286 
0.00983244 -0.0181363 -0.000348482 0.000411251 -0.0181363 0.0893129 0.000411803 -0.00101017 -0.000348482 0.000411803 0.0101402 -0.0184909 0.000411251 -0.00101017 -0.0184909 0.0901173 
0.00980897 -0.0180993 -0.000355387 0.000436617 -0.0180993 0.0891959 0.000436926 -0.00107237 -0.000355387 0.000436926 0.0101488 -0.0185174 0.000436617 -0.00107237 -0.0185174 0.0901955 
0.00982635 -0.0181071 -0.000338995 0.000424674 -0.0181071 0.0892052 0.000425923 -0.00105906 -0.000338995 0.000425923 0.0101517 -0.0185106 0.000424674 -0.00105906 -0.0185106 0.0902064 
0.00984358 -0.0181187 -0.000330924 0.000405922 -0.0181187 0.0892145 0.000408866 -0.00102309 -0.000330924 0.000408866 0.0101443 -0.0185166 0.000405922 -0.00102309 -0.0185166 0.0902163 
0.00986612 -0.0181324 -0.000320757 0.000384452 -0.0181324 0.0892388 0.000390706 -0.000967629 -0.000320757 0.000390706 0.010147 -0.0185319 0.000384452 -0.000967629 -0.0185319 0.0902779 
