0.00757317 0 0.000420528 0 0 0.01 0 0 0.000420528 0 0.00708746 0 0 0 0 0.01 
0.0106224 -0.0131893 0.000507841 -0.000625912 -0.0131893 0.0344641 -0.000625912 0.00119997 0.000507841 -0.000625912 0.0100496 -0.0124829 -0.000625912 0.00119997 -0.0124829 0.0331092 
0.0106025 -0.0198127 0.000408398 -0.000699488 -0.0198127 0.0725167 -0.000699488 0.00222651 0.000408398 -0.000699488 0.0101602 -0.0190449 -0.000699488 0.00222651 -0.0190449 0.0700658 
0.0100446 -0.0193763 0.000326729 -0.000497452 -0.0193763 0.0864153 -0.000498883 0.00175755 0.000326729 -0.000498883 0.0095585 -0.0187809 -0.000497452 0.00175755 -0.0187809 0.0842825 
0.0100481 -0.0186931 0.00032831 -0.000388255 -0.0186931 0.0892875 -0.000387574 0.00112377 0.00032831 -0.000387574 0.00949715 -0.0180288 -0.000388255 0.00112377 -0.0180288 0.0874942 
0.010194 -0.0185865 0.000355228 -0.000406179 -0.0185865 0.0900258 -0.00041021 0.000959393 0.000355228 -0.00041021 0.0096847 -0.017926 -0.000406179 0.000959393 -0.017926 0.0884343 
0.0103133 -0.0186746 0.000388593 -0.000450773 -0.0186746 0.0904868 -0.000458306 0.00105258 0.000388593 -0.000458306 0.00980653 -0.0180548 -0.000450773 0.00105258 -0.0180548 0.0889619 
0.010357 -0.0187638 0.000409109 -0.000491789 -0.0187638 0.0907844 -0.000498084 0.00118221 0.000409109 -0.000498084 0.0098503 -0.0181219 -0.000491789 0.00118221 -0.0181219 0.0892091 
0.0103142 -0.0187618 0.000398139 -0.000498856 -0.0187618 0.0908263 -0.000503445 0.00123065 0.000398139 -0.000503445 0.00987878 -0.0181673 -0.000498856 0.00123065 -0.0181673 0.0893345 
0.0103281 -0.0187347 0.000362897 -0.000481601 -0.0187347 0.0908149 -0.00048442 0.00121644 0.000362897 -0.00048442 0.00987593 -0.0181828 -0.000481601 0.00121644 -0.0181828 0.0893796 
0.010314 -0.0187569 0.000332109 -0.000432934 -0.0187569 0.090825 -0.000434259 0.00111434 0.000332109 -0.000434259 0.00986094 -0.0181488 -0.000432934 0.00111434 -0.0181488 0.089296 
0.0103098 -0.0187328 0.000323044 -0.000399951 -0.0187328 0.0907912 -0.000400123 0.00101962 0.000323044 -0.000400123 0.00984689 -0.0181483 -0.000399951 0.00101962 -0.0181483 0.089278 
0.0103192 -0.0187166 0.000315794 -0.000398842 -0.0187166 0.0907377 -0.000399308 0.000992254 0.000315794 -0.000399308 0.00982406 -0.0181511 -0.000398842 0.000992254 -0.0181511 0.0893029 
0.0103011 -0.018712 0.000309959 -0.000389385 -0.018712 0.0906918 -0.000387956 0.000967434 0.000309959 -0.000387956 0.00981627 -0.0181362 -0.000389385 0.000967434 -0.0181362 0.0893024 
0.0103016 -0.0187067 0.000300634 -0.000374086 -0.0187067 0.090699 -0.000372217 0.000925659 0.000300634 -0.000372217 0.0097984 -0.0181185 -0.000374086 0.000925659 -0.0181185 0.089263 
0.0103092 -0.018709 0.000287682 -0.000372178 -0.018709 0.0907099 -0.000371139 0.000917964 0.000287682 -0.000371139 0.00978509 -0.0180928 -0.000372178 0.000917964 -0.0180928 0.089202 
0.0102949 -0.0187258 0.000291854 -0.000352877 -0.0187258 0.0907474 -0.000353873 0.000887595 0.000291854 -0.000353873 0.00979406 -0.0180647 -0.000352877 0.000887595 -0.0180647 0.0891236 
0.0102889 -0.0187199 0.00031634 -0.000372458 -0.0187199 0.0907747 -0.000373162 0.00092181 0.00031634 -0.000373162 0.00981953 -0.0180748 -0.000372458 0.00092181 -0.0180748 0.089113 
0.0102787 -0.0187086 0.0003152 -0.00040316 -0.0187086 0.0907509 -0.000403022 0.00098776 0.0003152 -0.000403022 0.00982619 -0.0180998 -0.00040316 0.00098776 -0.0180998 0.089146 
0.0102856 -0.0187096 0.000302471 -0.000399797 -0.0187096 0.0907529 -0.00040097 0.00101187 0.000302471 -0.00040097 0.00979357 -0.0180891 -0.000399797 0.00101187 -0.0180891 0.0891294 
0.0102863 -0.0187248 0.000299889 -0.000369243 -0.0187248 0.0907843 -0.000374938 0.000958287 0.000299889 -0.000374938 0.00977055 -0.0180446 -0.000369243 0.000958287 -0.0180446 0.0890486 
0.0102959 -0.0186954 0.000294575 -0.000360076 -0.0186954 0.0907227 -0.000367084 0.000913782 0.000294575 -0.000367084 0.00976294 -0.0180556 -0.000360076 0.000913782 -0.0180556 0.0890752 
0.0103043 -0.018697 0.000298307 -0.000369812 -0.018697 0.0906832 -0.000375882 0.000930619 0.000298307 -0.000375882 0.0097499 -0.0180462 -0.000369812 0.000930619 -0.0180462 0.0890708 
0.010311 -0.018711 0.000282638 -0.000362012 -0.018711 0.0907022 -0.00036663 0.000913559 0.000282638 -0.00036663 0.00974108 -0.0180314 -0.000362012 0.000913559 -0.0180314 0.0890429 
0.0103113 -0.0187274 0.000276381 -0.000342653 -0.0187274 0.090754 -0.000341996 0.000868558 0.000276381 -0.000341996 0.00975189 -0.0180176 -0.000342653 0.000868558 -0.0180176 0.0890028 
0.0102818 -0.0187319 0.000299619 -0.000345643 -0.0187319 0.0907866 -0.000339537 0.000856631 0.000299619 -0.000339537 0.00977125 -0.018025 -0.000345643 0.000856631 -0.018025 0.0889888 
0.010278 -0.0186784 0.000316582 -0.000377956 -0.0186784 0.0907049 -0.000372616 0.000911574 0.000316582 -0.000372616 0.00979758 -0.0180909 -0.000377956 0.000911574 -0.0180909 0.0891453 
0.0102941 -0.0186764 0.000305982 -0.000385974 -0.0186764 0.0906562 -0.000385115 0.000941729 0.000305982 -0.000385115 0.00978693 -0.0181074 -0.000385974 0.000941729 -0.0181074 0.0892204 
0.0103023 -0.0187091 0.000287273 -0.000383998 -0.0187091 0.0907064 -0.000386469 0.00096588 0.000287273 -0.000386469 0.00978483 -0.0180725 -0.000383998 0.00096588 -0.0180725 0.0891649 
0.0103232 -0.0187307 0.000270548 -0.000353785 -0.0187307 0.0907809 -0.000356802 0.000916062 0.000270548 -0.000356802 0.00977618 -0.0180603 -0.000353785 0.000916062 -0.0180603 0.0891052 
0.0103366 -0.0187642 0.000263365 -0.000331082 -0.0187642 0.0908702 -0.000332876 0.000853474 0.000263365 -0.000332876 0.00978242 -0.0180502 -0.000331082 0.000853474 -0.0180502 0.089071 
0.0103249 -0.0187774 0.000266803 -0.000318228 -0.0187774 0.0909208 -0.000317006 0.000799091 0.000266803 -0.000317006 0.00979697 -0.018065 -0.000318228 0.000799091 -0.018065 0.0890907 
0.0103681 -0.0187834 0.000269254 -0.000311878 -0.0187834 0.0909751 -0.000310166 0.000759464 0.000269254 -0.000310166 0.00977909 -0.0180812 -0.000311878 0.000759464 -0.0180812 0.0891329 
0.0104032 -0.0188148 0.000263415 -0.0003124 -0.0188148 0.091017 -0.000312197 0.000748055 0.000263415 -0.000312197 0.00977191 -0.0180869 -0.0003124 0.000748055 -0.0180869 0.0891919 
0.010423 -0.0188666 0.000274054 -0.000328946 -0.0188666 0.091131 -0.000329778 0.000800898 0.000274054 -0.000329778 0.00978643 -0.0180718 -0.000328946 0.000800898 -0.0180718 0.0891792 
0.0104105 -0.0188765 0.000283889 -0.000357277 -0.0188765 0.0911687 -0.000360935 0.000886523 0.000283889 -0.000360935 0.00978011 -0.0180806 -0.000357277 0.000886523 -0.0180806 0.0891689 
0.0103686 -0.0188375 0.000305553 -0.000379987 -0.0188375 0.0910875 -0.000385406 0.00096962 0.000305553 -0.000385406 0.00977978 -0.0180891 -0.000379987 0.00096962 -0.0180891 0.0892017 
0.0103232 -0.0187986 0.000312004 -0.000378214 -0.0187986 0.0909979 -0.000384733 0.000967357 0.000312004 -0.000384733 0.00978684 -0.0180657 -0.000378214 0.000967357 -0.0180657 0.0891512 
0.0102931 -0.018756 0.000308398 -0.000378657 -0.018756 0.0909018 -0.000382718 0.000954001 0.000308398 -0.000382718 0.00978709 -0.0180497 -0.000378657 0.000954001 -0.0180497 0.0890766 
0.010292 -0.0187253 0.000309825 -0.00037834 -0.0187253 0.0908267 -0.000377846 0.000950006 0.000309825 -0.000377846 0.00978662 -0.0180499 -0.00037834 0.000950006 -0.0180499 0.0890488 
0.0102775 -0.0186914 0.00031037 -0.000384775 -0.0186914 0.0907122 -0.000378747 0.00095392 0.00031037 -0.000378747 0.00980925 -0.0180917 -0.000384775 0.00095392 -0.0180917 0.0891541 
0.0102461 -0.0186815 0.000319443 -0.00039173 -0.0186815 0.0906639 -0.000380137 0.000962518 0.000319443 -0.000380137 0.00982786 -0.0181044 -0.00039173 0.000962518 -0.0181044 0.0891986 
0.0102148 -0.0186351 0.000302116 -0.000399322 -0.0186351 0.0905725 -0.000390708 0.000978151 0.000302116 -0.000390708 0.00985486 -0.0181427 -0.000399322 0.000978151 -0.0181427 0.089292 
0.0102082 -0.018594 0.000283992 -0.000384995 -0.018594 0.0904644 -0.000381778 0.000978906 0.000283992 -0.000381778 0.00985331 -0.0181732 -0.000384995 0.000978906 -0.0181732 0.0893754 
0.0102139 -0.0185967 0.000268978 -0.000344736 -0.0185967 0.0904359 -0.000346333 0.000896594 0.000268978 -0.000346333 0.00983967 -0.0181574 -0.000344736 0.000896594 -0.0181574 0.0893688 
0.0102121 -0.0185896 0.000266077 -0.000321895 -0.0185896 0.090402 -0.000322568 0.000816415 0.000266077 -0.000322568 0.00981518 -0.0181451 -0.000321895 0.000816415 -0.0181451 0.0893402 
0.0102116 -0.018587 0.000277572 -0.00032709 -0.018587 0.0903841 -0.00032634 0.000803368 0.000277572 -0.00032634 0.00979664 -0.0181084 -0.00032709 0.000803368 -0.0181084 0.0892632 
0.0102448 -0.0185913 0.000301305 -0.000359024 -0.0185913 0.090396 -0.00035614 0.00087115 0.000301305 -0.00035614 0.00978658 -0.0180903 -0.000359024 0.00087115 -0.0180903 0.0892102 
0.0102499 -0.0186224 0.000329726 -0.000404267 -0.0186224 0.0904353 -0.000400419 0.000992986 0.000329726 -0.000400419 0.00979306 -0.018083 -0.000404267 0.000992986 -0.018083 0.0891802 
0.0102566 -0.0186565 0.000332577 -0.000412076 -0.0186565 0.0905432 -0.00040872 0.00102366 0.000332577 -0.00040872 0.00979231 -0.0180688 -0.000412076 0.00102366 -0.0180688 0.0891238 
0.0102707 -0.0186582 0.000313378 -0.000401268 -0.0186582 0.090589 -0.000399163 0.00100247 0.000313378 -0.000399163 0.00979256 -0.0180908 -0.000401268 0.00100247 -0.0180908 0.0891646 
0.010283 -0.0186903 0.000292163 -0.000381958 -0.0186903 0.0906703 -0.000381654 0.000969622 0.000292163 -0.000381654 0.00978373 -0.01808 -0.000381958 0.000969622 -0.01808 0.0891547 
0.010294 -0.0187174 0.000282282 -0.000364037 -0.0187174 0.0907579 -0.00036342 0.00093324 0.000282282 -0.00036342 0.00975228 -0.0180452 -0.000364037 0.00093324 -0.0180452 0.0890666 
0.010299 -0.0187371 0.000288076 -0.000365883 -0.0187371 0.0908333 -0.000365745 0.000935978 0.000288076 -0.000365745 0.0097422 -0.017994 -0.000365883 0.000935978 -0.017994 0.0889329 
0.0102832 -0.0187269 0.000284559 -0.000381526 -0.0187269 0.0908277 -0.000382484 0.000971317 0.000284559 -0.000382484 0.00978272 -0.0180031 -0.000381526 0.000971317 -0.0180031 0.0889169 
0.0102468 -0.0186738 0.000296166 -0.000348674 -0.0186738 0.0906949 -0.000351647 0.00090951 0.000296166 -0.000351647 0.00982245 -0.0180884 -0.000348674 0.00090951 -0.0180884 0.0890873 
0.0102594 -0.0186573 0.000273166 -0.000338416 -0.0186573 0.0906434 -0.000346413 0.000842164 0.000273166 -0.000346413 0.00981555 -0.0181168 -0.000338416 0.000842164 -0.0181168 0.0891916 
0.0102672 -0.0186697 0.000267695 -0.000323863 -0.0186697 0.0906289 -0.000333184 0.000816447 0.000267695 -0.000333184 0.00976904 -0.018092 -0.000323863 0.000816447 -0.018092 0.0891725 
0.0102588 -0.0186788 0.000247189 -0.000313371 -0.0186788 0.0906462 -0.000321675 0.000784219 0.000247189 -0.000321675 0.00975838 -0.0180425 -0.000313371 0.000784219 -0.0180425 0.0890959 
0.010258 -0.0186598 0.000219841 -0.000286684 -0.0186598 0.0906235 -0.000291845 0.000725914 0.000219841 -0.000291845 0.00977867 -0.0180504 -0.000286684 0.000725914 -0.0180504 0.0890941 
0.0102694 -0.0186727 0.000219362 -0.000267472 -0.0186727 0.0906427 -0.000270659 0.00068405 0.000219362 -0.000270659 0.00980703 -0.0180637 -0.000267472 0.00068405 -0.0180637 0.0891115 
0.0102779 -0.018668 0.000246454 -0.000294364 -0.018668 0.0906237 -0.000295204 0.000737424 0.000246454 -0.000295204 0.00983376 -0.018118 -0.000294364 0.000737424 -0.018118 0.089224 
0.0103195 -0.0186747 0.000256957 -0.000307019 -0.0186747 0.0906197 -0.000301243 0.000752133 0.000256957 -0.000301243 0.00981041 -0.0181639 -0.000307019 0.000752133 -0.0181639 0.0893629 
0.0103768 -0.0187421 0.000257946 -0.000314178 -0.0187421 0.0907475 -0.000305293 0.000761696 0.000257946 -0.000305293 0.00977545 -0.018132 -0.000314178 0.000761696 -0.018132 0.0893669 
0.0104102 -0.0188158 0.000292999 -0.000341661 -0.0188158 0.0909295 -0.000334275 0.00083763 0.000292999 -0.000334275 0.00975619 -0.0180832 -0.000341661 0.00083763 -0.0180832 0.0892671 
0.0104222 -0.0188794 0.000317623 -0.00038804 -0.0188794 0.0911309 -0.000383534 0.000943801 0.000317623 -0.000383534 0.00975299 -0.0180359 -0.00038804 0.000943801 -0.0180359 0.0891233 
0.0103915 -0.0188949 0.000332105 -0.000397805 -0.0188949 0.0912292 -0.000398237 0.00098965 0.000332105 -0.000398237 0.00977837 -0.0180252 -0.000397805 0.00098965 -0.0180252 0.0890373 
0.0103645 -0.0188449 0.000344825 -0.00041296 -0.0188449 0.0911631 -0.000415871 0.00102802 0.000344825 -0.000415871 0.00978866 -0.0180645 -0.00041296 0.00102802 -0.0180645 0.0890814 
0.0103361 -0.0187766 0.000332365 -0.000433517 -0.0187766 0.090976 -0.000436181 0.00107773 0.000332365 -0.000436181 0.00979959 -0.0181064 -0.000433517 0.00107773 -0.0181064 0.0892068 
0.0103298 -0.0187336 0.000316738 -0.000399552 -0.0187336 0.0908258 -0.000404037 0.00102642 0.000316738 -0.000404037 0.00980622 -0.0181322 -0.000399552 0.00102642 -0.0181322 0.0893081 
0.0103343 -0.0187628 0.000305897 -0.000374858 -0.0187628 0.0908572 -0.000380591 0.000955702 0.000305897 -0.000380591 0.00980549 -0.0181019 -0.000374858 0.000955702 -0.0181019 0.0892555 
0.0103125 -0.0187849 0.000271293 -0.000350435 -0.0187849 0.0909294 -0.000353375 0.000874325 0.000271293 -0.000353375 0.00982292 -0.0180746 -0.000350435 0.000874325 -0.0180746 0.0891513 
0.0102607 -0.0187244 0.000283516 -0.000343091 -0.0187244 0.090819 -0.000340818 0.000863702 0.000283516 -0.000340818 0.00984593 -0.0181092 -0.000343091 0.000863702 -0.0181092 0.089174 
0.0102363 -0.0186642 0.000281538 -0.000345302 -0.0186642 0.0906816 -0.000340969 0.000842767 0.000281538 -0.000340969 0.00985888 -0.0181514 -0.000345302 0.000842767 -0.0181514 0.0892809 
0.0102533 -0.0186178 0.000300927 -0.000353554 -0.0186178 0.0905338 -0.000352632 0.000868213 0.000300927 -0.000352632 0.00983198 -0.0181811 -0.000353554 0.000868213 -0.0181811 0.0893857 
0.0102649 -0.0186663 0.000334501 -0.000386094 -0.0186663 0.0905786 -0.000389757 0.000945744 0.000334501 -0.000389757 0.00980433 -0.0181088 -0.000386094 0.000945744 -0.0181088 0.0892714 
0.010262 -0.0186648 0.000331826 -0.000410523 -0.0186648 0.0905998 -0.000410906 0.000994367 0.000331826 -0.000410906 0.00981188 -0.0181054 -0.000410523 0.000994367 -0.0181054 0.0892418 
0.0102526 -0.0186725 0.000330649 -0.00041674 -0.0186725 0.0906271 -0.000412091 0.00102961 0.000330649 -0.000412091 0.00981451 -0.0180964 -0.00041674 0.00102961 -0.0180964 0.0891985 
0.010243 -0.0186699 0.000300619 -0.00041109 -0.0186699 0.0906503 -0.000402715 0.00101985 0.000300619 -0.000402715 0.00981857 -0.0180931 -0.00041109 0.00101985 -0.0180931 0.0891683 
0.0102471 -0.0186553 0.000287024 -0.000389603 -0.0186553 0.0906314 -0.000380027 0.000996142 0.000287024 -0.000380027 0.0097973 -0.0180953 -0.000389603 0.000996142 -0.0180953 0.0891567 
0.0102433 -0.0186339 0.000249065 -0.000345755 -0.0186339 0.0905561 -0.000337989 0.000886517 0.000249065 -0.000337989 0.0097936 -0.0180989 -0.000345755 0.000886517 -0.0180989 0.0891959 
0.0102459 -0.0186308 0.000243298 -0.000304977 -0.0186308 0.0905216 -0.000299731 0.000787364 0.000243298 -0.000299731 0.00977678 -0.0180829 -0.000304977 0.000787364 -0.0180829 0.0891682 
0.0102237 -0.0186176 0.000269581 -0.000300139 -0.0186176 0.0904708 -0.000298248 0.000744219 0.000269581 -0.000298248 0.0097816 -0.018076 -0.000300139 0.000744219 -0.018076 0.0891601 
0.0101931 -0.018602 0.000314564 -0.000347889 -0.018602 0.0904381 -0.000349097 0.000826505 0.000314564 -0.000349097 0.00977576 -0.0180497 -0.000347889 0.000826505 -0.0180497 0.0890706 
0.0101704 -0.0185762 0.000311598 -0.000375026 -0.0185762 0.0903978 -0.000378101 0.000882334 0.000311598 -0.000378101 0.00975825 -0.0180251 -0.000375026 0.000882334 -0.0180251 0.0889739 
0.0101617 -0.0185356 0.000288611 -0.000384777 -0.0185356 0.0903016 -0.000389399 0.000939671 0.000288611 -0.000389399 0.00974795 -0.0180144 -0.000384777 0.000939671 -0.0180144 0.0889361 
0.0101805 -0.0185536 0.00027879 -0.000348551 -0.0185536 0.0903305 -0.000353368 0.000898445 0.00027879 -0.000353368 0.00975789 -0.0179889 -0.000348551 0.000898445 -0.0179889 0.0888766 
0.010182 -0.0185583 0.000270089 -0.000352749 -0.0185583 0.0903388 -0.000356637 0.000897185 0.000270089 -0.000356637 0.00978699 -0.0180184 -0.000352749 0.000897185 -0.0180184 0.0889057 
0.0101998 -0.0185764 0.000259734 -0.000331249 -0.0185764 0.0903882 -0.000332417 0.000851884 0.000259734 -0.000332417 0.00980172 -0.0180476 -0.000331249 0.000851884 -0.0180476 0.0889678 
0.0102094 -0.0185904 0.000260038 -0.000324965 -0.0185904 0.090419 -0.000324711 0.00082716 0.000260038 -0.000324711 0.00980858 -0.0180843 -0.000324965 0.00082716 -0.0180843 0.08908 
0.0102126 -0.018601 0.000261032 -0.000315653 -0.018601 0.0904485 -0.000315857 0.000793563 0.000261032 -0.000315857 0.00981984 -0.0181033 -0.000315653 0.000793563 -0.0181033 0.0891693 
0.0102114 -0.0186076 0.000270682 -0.000340446 -0.0186076 0.09047 -0.000341516 0.000845353 0.000270682 -0.000341516 0.0097982 -0.0181019 -0.000340446 0.000845353 -0.0181019 0.0891788 
0.0101945 -0.0186119 0.000282304 -0.000341348 -0.0186119 0.0904987 -0.00034093 0.000859555 0.000282304 -0.00034093 0.00980248 -0.0180843 -0.000341348 0.000859555 -0.0180843 0.0891671 
0.0101755 -0.0185923 0.000285558 -0.000364476 -0.0185923 0.0904681 -0.000359493 0.000900626 0.000285558 -0.000359493 0.0097878 -0.0180671 -0.000364476 0.000900626 -0.0180671 0.0891068 
0.010195 -0.0185611 0.000294448 -0.000368109 -0.0185611 0.0903979 -0.000361448 0.00092699 0.000294448 -0.000361448 0.00977408 -0.0180628 -0.000368109 0.00092699 -0.0180628 0.0890975 
0.0102056 -0.0185804 0.000288603 -0.000368638 -0.0185804 0.0903859 -0.000363186 0.000924099 0.000288603 -0.000363186 0.00976622 -0.0180435 -0.000368638 0.000924099 -0.0180435 0.08906 
0.0101942 -0.0185911 0.000289826 -0.00035803 -0.0185911 0.0904104 -0.000355136 0.000907933 0.000289826 -0.000355136 0.00977811 -0.0180421 -0.00035803 0.000907933 -0.0180421 0.0890451 
0.0101952 -0.0185635 0.000292892 -0.000365161 -0.0185635 0.090367 -0.000364918 0.000921495 0.000292892 -0.000364918 0.0097894 -0.0180791 -0.000365161 0.000921495 -0.0180791 0.0891246 
0.0101747 -0.0185402 0.000315093 -0.000387103 -0.0185402 0.090273 -0.000387516 0.00098112 0.000315093 -0.000387516 0.0097974 -0.0180987 -0.000387103 0.00098112 -0.0180987 0.0891932 
0.0101529 -0.0185383 0.00032277 -0.00039721 -0.0185383 0.0902573 -0.000398525 0.001003 0.00032277 -0.000398525 0.00979578 -0.0180815 -0.00039721 0.001003 -0.0180815 0.0891633 
0.010134 -0.0185009 0.000310999 -0.000408032 -0.0185009 0.090181 -0.000409655 0.0010298 0.000310999 -0.000409655 0.00978975 -0.0180768 -0.000408032 0.0010298 -0.0180768 0.0891307 
0.0101084 -0.0184753 0.000312468 -0.000392439 -0.0184753 0.0901076 -0.000392861 0.00101445 0.000312468 -0.000392861 0.00980763 -0.0180692 -0.000392439 0.00101445 -0.0180692 0.0891033 
0.0101071 -0.0184486 0.00033043 -0.000394832 -0.0184486 0.0900428 -0.00039471 0.0010059 0.00033043 -0.00039471 0.00979846 -0.0180822 -0.000394832 0.0010059 -0.0180822 0.0890997 
0.010113 -0.0184793 0.000329224 -0.000409126 -0.0184793 0.0901011 -0.000407542 0.00101655 0.000329224 -0.000407542 0.00980269 -0.0180442 -0.000409126 0.00101655 -0.0180442 0.0890192 
0.0101151 -0.0184965 0.000314884 -0.000402913 -0.0184965 0.090165 -0.000399838 0.0010054 0.000314884 -0.000399838 0.00979373 -0.0180281 -0.000402913 0.0010054 -0.0180281 0.0889278 
0.0101038 -0.0184761 0.000310488 -0.000376971 -0.0184761 0.0901318 -0.000377551 0.000955908 0.000310488 -0.000377551 0.00980131 -0.0180502 -0.000376971 0.000955908 -0.0180502 0.0889725 
0.0100964 -0.0184434 0.000315688 -0.000387119 -0.0184434 0.0900445 -0.000389648 0.000967069 0.000315688 -0.000389648 0.00979403 -0.0180752 -0.000387119 0.000967069 -0.0180752 0.0890486 
0.0100988 -0.0184223 0.000304867 -0.000387243 -0.0184223 0.0899711 -0.000386517 0.000966589 0.000304867 -0.000386517 0.00979902 -0.0180943 -0.000387243 0.000966589 -0.0180943 0.0891439 
0.010144 -0.0184468 0.00024767 -0.000357302 -0.0184468 0.0900127 -0.000354702 0.00089838 0.00024767 -0.000354702 0.00976247 -0.0180848 -0.000357302 0.00089838 -0.0180848 0.0891438 
0.0101907 -0.0185373 0.000215881 -0.000315481 -0.0185373 0.0902117 -0.000312151 0.000833746 0.000215881 -0.000312151 0.00971426 -0.0179978 -0.000315481 0.000833746 -0.0179978 0.0889594 
0.0101966 -0.01859 0.000221533 -0.000262425 -0.01859 0.0903809 -0.000261145 0.000708163 0.000221533 -0.000261145 0.00972469 -0.0179536 -0.000262425 0.000708163 -0.0179536 0.0888285 
0.0101861 -0.0185974 0.000231339 -0.000285957 -0.0185974 0.0904505 -0.000287138 0.000713651 0.000231339 -0.000287138 0.0097383 -0.0179507 -0.000285957 0.000713651 -0.0179507 0.0887511 
0.0101637 -0.0185662 0.000231807 -0.000297005 -0.0185662 0.0903935 -0.000302581 0.000751014 0.000231807 -0.000302581 0.00973938 -0.017978 -0.000297005 0.000751014 -0.017978 0.0887838 
0.0101284 -0.0185262 0.000246521 -0.000301971 -0.0185262 0.0902828 -0.000308381 0.000778058 0.000246521 -0.000308381 0.00975207 -0.0179898 -0.000301971 0.000778058 -0.0179898 0.088839 
0.0100794 -0.0184666 0.00025935 -0.000312495 -0.0184666 0.0901313 -0.000317139 0.000791859 0.00025935 -0.000317139 0.00978943 -0.0180238 -0.000312495 0.000791859 -0.0180238 0.0889303 
0.0100469 -0.0184053 0.000272591 -0.000316056 -0.0184053 0.0899668 -0.00031727 0.000786604 0.000272591 -0.00031727 0.00981613 -0.0180734 -0.000316056 0.000786604 -0.0180734 0.0890547 
0.0100396 -0.0183539 0.000280719 -0.000330647 -0.0183539 0.0898111 -0.000328817 0.00080145 0.000280719 -0.000328817 0.0098262 -0.0181158 -0.000330647 0.00080145 -0.0181158 0.0891807 
0.0100375 -0.0183472 0.000301759 -0.000370225 -0.0183472 0.0897457 -0.000364938 0.000898239 0.000301759 -0.000364938 0.0098218 -0.0181186 -0.000370225 0.000898239 -0.0181186 0.0892189 
0.0100473 -0.0183628 0.000320409 -0.000391479 -0.0183628 0.0897698 -0.000384126 0.000964731 0.000320409 -0.000384126 0.00980397 -0.0180926 -0.000391479 0.000964731 -0.0180926 0.0891654 
0.0100562 -0.0183827 0.000301668 -0.000401617 -0.0183827 0.0898251 -0.000393212 0.000989291 0.000301668 -0.000393212 0.00980037 -0.0180688 -0.000401617 0.000989291 -0.0180688 0.0891038 
0.0100396 -0.0183676 0.000290316 -0.000385506 -0.0183676 0.0897904 -0.000381499 0.000987203 0.000290316 -0.000381499 0.00980594 -0.0180804 -0.000385506 0.000987203 -0.0180804 0.0891109 
0.0100324 -0.018337 0.000263536 -0.000346521 -0.018337 0.0897219 -0.000349124 0.000899458 0.000263536 -0.000349124 0.00981545 -0.0181062 -0.000346521 0.000899458 -0.0181062 0.0891787 
0.0100392 -0.018347 0.000275307 -0.000332576 -0.018347 0.0897284 -0.000336487 0.000862469 0.000275307 -0.000336487 0.00979556 -0.0180893 -0.000332576 0.000862469 -0.0180893 0.0891439 
0.01004 -0.0183765 0.000293568 -0.000362372 -0.0183765 0.0898062 -0.000362219 0.000906276 0.000293568 -0.000362219 0.00977172 -0.0180377 -0.000362372 0.000906276 -0.0180377 0.0890139 
0.0100236 -0.0183873 0.000277224 -0.000352788 -0.0183873 0.0898682 -0.000352232 0.000878259 0.000277224 -0.000352232 0.00976318 -0.0179986 -0.000352788 0.000878259 -0.0179986 0.0888865 
0.0100073 -0.0183763 0.000311923 -0.000341731 -0.0183763 0.0898859 -0.000342508 0.00086297 0.000311923 -0.000342508 0.00976168 -0.017978 -0.000341731 0.00086297 -0.017978 0.0887959 
0.00999352 -0.0183421 0.000354069 -0.000394484 -0.0183421 0.0898175 -0.000393767 0.00094632 0.000354069 -0.000393767 0.00975681 -0.0179855 -0.000394484 0.00094632 -0.0179855 0.0887864 
0.00995836 -0.0182826 0.000344291 -0.000439811 -0.0182826 0.0896467 -0.000436257 0.00104883 0.000344291 -0.000436257 0.00977147 -0.0180223 -0.000439811 0.00104883 -0.0180223 0.088897 
0.00995572 -0.0182183 0.00029672 -0.000412698 -0.0182183 0.0894589 -0.000405043 0.00102982 0.00029672 -0.000405043 0.00978541 -0.0180637 -0.000412698 0.00102982 -0.0180637 0.0890308 
0.00995893 -0.0182282 0.000249313 -0.000365723 -0.0182282 0.0894096 -0.000354699 0.000949315 0.000249313 -0.000354699 0.00979935 -0.0180606 -0.000365723 0.000949315 -0.0180606 0.0890547 
0.00996404 -0.0182644 0.000250544 -0.000318896 -0.0182644 0.0894914 -0.000311197 0.000850036 0.000250544 -0.000311197 0.0097965 -0.0180338 -0.000318896 0.000850036 -0.0180338 0.08896 
0.00997052 -0.0182763 0.000259768 -0.00031315 -0.0182763 0.0895506 -0.000312903 0.000803654 0.000259768 -0.000312903 0.00979235 -0.0180305 -0.00031315 0.000803654 -0.0180305 0.088921 
0.00997521 -0.018284 0.000260203 -0.000323707 -0.018284 0.0895813 -0.000325991 0.000810717 0.000260203 -0.000325991 0.00978691 -0.0180263 -0.000323707 0.000810717 -0.0180263 0.0889032 
0.0099596 -0.0183028 0.000239622 -0.000312468 -0.0183028 0.0896297 -0.000312201 0.000782982 0.000239622 -0.000312201 0.009786 -0.0180012 -0.000312468 0.000782982 -0.0180012 0.0888366 
0.00995825 -0.0182789 0.000232958 -0.000298141 -0.0182789 0.0896162 -0.000296924 0.000761108 0.000232958 -0.000296924 0.0097886 -0.0180139 -0.000298141 0.000761108 -0.0180139 0.0888464 
0.00996837 -0.0182571 0.000239282 -0.000298023 -0.0182571 0.0895484 -0.000299457 0.000762451 0.000239282 -0.000299457 0.00979119 -0.0180405 -0.000298023 0.000762451 -0.0180405 0.0889252 
0.00996443 -0.0182683 0.000255561 -0.000307788 -0.0182683 0.0895304 -0.000311447 0.00078277 0.000255561 -0.000311447 0.00980002 -0.0180396 -0.000307788 0.00078277 -0.0180396 0.0889536 
0.00996629 -0.0182328 0.000267466 -0.000330161 -0.0182328 0.0894412 -0.000330245 0.00082625 0.000267466 -0.000330245 0.00979678 -0.0180815 -0.000330161 0.00082625 -0.0180815 0.0890581 
0.00998281 -0.0182361 0.000261982 -0.00033785 -0.0182361 0.0894123 -0.000333662 0.000845073 0.000261982 -0.000333662 0.00978442 -0.0180862 -0.00033785 0.000845073 -0.0180862 0.0891225 
0.00998212 -0.0182702 0.000255934 -0.000317422 -0.0182702 0.0894773 -0.000314392 0.000803866 0.000255934 -0.000314392 0.00978081 -0.0180589 -0.000317422 0.000803866 -0.0180589 0.0890835 
0.0099715 -0.0182886 0.000261928 -0.000314198 -0.0182886 0.0895591 -0.000314214 0.000783867 0.000261928 -0.000314214 0.00977514 -0.0180303 -0.000314198 0.000783867 -0.0180303 0.0889912 
0.00995918 -0.0182617 0.000271376 -0.000326797 -0.0182617 0.0895272 -0.000329049 0.000804759 0.000271376 -0.000329049 0.00975657 -0.0180251 -0.000326797 0.000804759 -0.0180251 0.0889459 
0.00993576 -0.0182353 0.000264997 -0.000335975 -0.0182353 0.0894567 -0.00033948 0.000831497 0.000264997 -0.00033948 0.00976667 -0.0180116 -0.000335975 0.000831497 -0.0180116 0.0889211 
0.00992829 -0.0182172 0.000257169 -0.000323994 -0.0182172 0.089409 -0.000328452 0.000820431 0.000257169 -0.000328452 0.00975814 -0.0180016 -0.000323994 0.000820431 -0.0180016 0.0888663 
0.0099083 -0.018215 0.000197291 -0.000282778 -0.018215 0.0893972 -0.000289316 0.000718301 0.000197291 -0.000289316 0.00978695 -0.0179888 -0.000282778 0.000718301 -0.0179888 0.0888246 
0.00992001 -0.0181868 0.000185374 -0.00025554 -0.0181868 0.0893445 -0.000260624 0.000685396 0.000185374 -0.000260624 0.00978197 -0.0180194 -0.00025554 0.000685396 -0.0180194 0.0888448 
0.00993967 -0.0181967 0.000172478 -0.000237665 -0.0181967 0.0893276 -0.000239126 0.000629906 0.000172478 -0.000239126 0.00976785 -0.0180201 -0.000237665 0.000629906 -0.0180201 0.0888712 
0.00995226 -0.0182104 0.000193503 -0.000231806 -0.0182104 0.0893363 -0.0002295 0.000606937 0.000193503 -0.0002295 0.00974723 -0.0180132 -0.000231806 0.000606937 -0.0180132 0.0888789 
0.00996004 -0.0182267 0.000201133 -0.00025149 -0.0182267 0.0893676 -0.000249187 0.000622684 0.000201133 -0.000249187 0.0097201 -0.0179814 -0.00025149 0.000622684 -0.0179814 0.0888207 
0.00998424 -0.0182451 0.000206974 -0.000270045 -0.0182451 0.0894289 -0.000269507 0.000678606 0.000206974 -0.000269507 0.00969739 -0.0179479 -0.000270045 0.000678606 -0.0179479 0.0887442 
