0.00768061 0 0.000383307 0 0 0.01 0 0 0.000383307 0 0.00701206 0 0 0 0 0.01 
0.0107635 -0.0133625 0.000461946 -0.000568981 -0.0133625 0.034796 -0.000568981 0.0010913 0.000461946 -0.000568981 0.00995041 -0.0123619 -0.000568981 0.0010913 -0.0123619 0.0328774 
0.0107147 -0.0200133 0.000337399 -0.000617996 -0.0200133 0.0731483 -0.000617996 0.00196561 0.000337399 -0.000617996 0.0100157 -0.0188621 -0.000617996 0.00196561 -0.0188621 0.0694902 
0.0100849 -0.0195003 0.000275698 -0.000393554 -0.0195003 0.0868525 -0.000395094 0.00144366 0.000275698 -0.000395094 0.00946272 -0.0185985 -0.000393554 0.00144366 -0.0185985 0.0837315 
0.0100546 -0.0186924 0.000303839 -0.000309347 -0.0186924 0.089363 -0.000314006 0.000870025 0.000303839 -0.000314006 0.0094598 -0.0179647 -0.000309347 0.000870025 -0.0179647 0.0872638 
0.0101917 -0.0185848 0.000322269 -0.000356291 -0.0185848 0.0899896 -0.000364051 0.000782455 0.000322269 -0.000364051 0.00963293 -0.017872 -0.000356291 0.000782455 -0.017872 0.0882681 
0.010295 -0.0186671 0.00032943 -0.000398258 -0.0186671 0.090428 -0.000406015 0.000899524 0.00032943 -0.000406015 0.00975762 -0.0179827 -0.000398258 0.000899524 -0.0179827 0.0887952 
0.0103278 -0.0186866 0.000317133 -0.000435009 -0.0186866 0.0905672 -0.000435559 0.00104722 0.000317133 -0.000435559 0.00980853 -0.0180996 -0.000435009 0.00104722 -0.0180996 0.089153 
0.010345 -0.0187075 0.000302822 -0.00041555 -0.0187075 0.090618 -0.000409364 0.00106794 0.000302822 -0.000409364 0.00981772 -0.0181207 -0.00041555 0.00106794 -0.0181207 0.0892586 
0.0103359 -0.0187296 0.000293839 -0.000370916 -0.0187296 0.0906562 -0.00036469 0.000967491 0.000293839 -0.00036469 0.00981948 -0.0181098 -0.000370916 0.000967491 -0.0181098 0.0892289 
0.0103209 -0.0187195 0.00028453 -0.000355512 -0.0187195 0.0906492 -0.000355314 0.000898244 0.00028453 -0.000355314 0.00979446 -0.0181092 -0.000355512 0.000898244 -0.0181092 0.0892022 
0.0103147 -0.0187216 0.0002718 -0.000342714 -0.0187216 0.0906771 -0.00034574 0.000858458 0.0002718 -0.00034574 0.0097782 -0.0180789 -0.000342714 0.000858458 -0.0180789 0.0891524 
0.0103177 -0.0187071 0.000262676 -0.000326511 -0.0187071 0.0906671 -0.000328065 0.000815042 0.000262676 -0.000328065 0.00977368 -0.0180863 -0.000326511 0.000815042 -0.0180863 0.0891769 
0.0103305 -0.018719 0.000254301 -0.000321165 -0.018719 0.0906967 -0.000319344 0.00078908 0.000254301 -0.000319344 0.00977371 -0.0180786 -0.000321165 0.00078908 -0.0180786 0.0891735 
0.0103511 -0.01874 0.000261557 -0.000324334 -0.01874 0.0907526 -0.000323352 0.000802894 0.000261557 -0.000323352 0.0097647 -0.0180746 -0.000324334 0.000802894 -0.0180746 0.0891609 
0.0103669 -0.0187754 0.000257321 -0.00031428 -0.0187754 0.0908473 -0.000316757 0.000778458 0.000257321 -0.000316757 0.00976669 -0.0180601 -0.00031428 0.000778458 -0.0180601 0.0891303 
0.0103943 -0.0188053 0.000272604 -0.000310995 -0.0188053 0.090947 -0.000316064 0.000771294 0.000272604 -0.000316064 0.00975888 -0.0180522 -0.000310995 0.000771294 -0.0180522 0.0890914 
0.0104159 -0.0188503 0.000292925 -0.00033965 -0.0188503 0.0910668 -0.000346625 0.000828085 0.000292925 -0.000346625 0.00975129 -0.01803 -0.00033965 0.000828085 -0.01803 0.0890315 
0.0104463 -0.0188773 0.000287018 -0.000358374 -0.0188773 0.0911512 -0.000365718 0.000876995 0.000287018 -0.000365718 0.00971683 -0.0180124 -0.000358374 0.000876995 -0.0180124 0.0889698 
0.0104472 -0.0189102 0.000259517 -0.000341943 -0.0189102 0.0912287 -0.000346535 0.000856161 0.000259517 -0.000346535 0.00969564 -0.0179757 -0.000341943 0.000856161 -0.0179757 0.0888952 
0.0103979 -0.0188994 0.000236878 -0.000318219 -0.0188994 0.0912352 -0.000319846 0.000814976 0.000236878 -0.000319846 0.00971537 -0.0179678 -0.000318219 0.000814976 -0.0179678 0.0888722 
0.0103355 -0.0188345 0.000238504 -0.00029305 -0.0188345 0.0911247 -0.000291835 0.000755166 0.000238504 -0.000291835 0.00973712 -0.0179933 -0.00029305 0.000755166 -0.0179933 0.0889099 
0.0102913 -0.0187648 0.000257128 -0.000299066 -0.0187648 0.0909667 -0.000295265 0.000740423 0.000257128 -0.000295265 0.00974501 -0.0180014 -0.000299066 0.000740423 -0.0180014 0.0889264 
0.0102448 -0.0187035 0.000284183 -0.000345883 -0.0187035 0.0907965 -0.000339852 0.000838082 0.000284183 -0.000339852 0.00976936 -0.0180112 -0.000345883 0.000838082 -0.0180112 0.0889508 
0.0102327 -0.0186488 0.000291704 -0.000367042 -0.0186488 0.0906517 -0.000358892 0.000899775 0.000291704 -0.000358892 0.0097747 -0.0180394 -0.000367042 0.000899775 -0.0180394 0.0889996 
0.0102477 -0.0186294 0.000277816 -0.0003623 -0.0186294 0.0905558 -0.000356451 0.000903974 0.000277816 -0.000356451 0.00974714 -0.0180421 -0.0003623 0.000903974 -0.0180421 0.0890182 
0.0102206 -0.0186245 0.000258778 -0.000342945 -0.0186245 0.0904926 -0.000339855 0.000874648 0.000258778 -0.000339855 0.00977348 -0.0180349 -0.000342945 0.000874648 -0.0180349 0.0890436 
0.0102086 -0.0185904 0.000251975 -0.000338361 -0.0185904 0.0904208 -0.000337655 0.000874558 0.000251975 -0.000337655 0.0097825 -0.0180603 -0.000338361 0.000874558 -0.0180603 0.0890748 
0.0102033 -0.0185774 0.000232885 -0.000316805 -0.0185774 0.090366 -0.000318724 0.000828989 0.000232885 -0.000318724 0.00976985 -0.018064 -0.000316805 0.000828989 -0.018064 0.0890898 
0.0101911 -0.0185836 0.00024711 -0.000293937 -0.0185836 0.090375 -0.000298135 0.000777276 0.00024711 -0.000298135 0.00978173 -0.0180397 -0.000293937 0.000777276 -0.0180397 0.0890476 
0.0101806 -0.0185626 0.000272411 -0.000302997 -0.0185626 0.0903407 -0.000309711 0.000763438 0.000272411 -0.000309711 0.00979216 -0.0180601 -0.000302997 0.000763438 -0.0180601 0.089064 
0.0101574 -0.0185325 0.000276697 -0.000328392 -0.0185325 0.0902577 -0.000334777 0.0007953 0.000276697 -0.000334777 0.00981368 -0.0180954 -0.000328392 0.0007953 -0.0180954 0.0891574 
0.0101386 -0.0185211 0.000266022 -0.000339176 -0.0185211 0.0902265 -0.000341224 0.000830863 0.000266022 -0.000341224 0.00982326 -0.0181043 -0.000339176 0.000830863 -0.0181043 0.0891931 
0.0101323 -0.018485 0.000273334 -0.000351137 -0.018485 0.090139 -0.000349665 0.000882763 0.000273334 -0.000349665 0.00980242 -0.0181124 -0.000351137 0.000882763 -0.0181124 0.0892111 
0.0101432 -0.0184909 0.000271128 -0.000338877 -0.0184909 0.0901243 -0.000336627 0.000859064 0.000271128 -0.000336627 0.00976781 -0.0180704 -0.000338877 0.000859064 -0.0180704 0.0891381 
0.0101668 -0.018511 0.000275937 -0.000318872 -0.018511 0.0901689 -0.000316246 0.000798556 0.000275937 -0.000316246 0.00973859 -0.0180285 -0.000318872 0.000798556 -0.0180285 0.0890365 
0.010173 -0.0185428 0.000268104 -0.000340792 -0.0185428 0.090241 -0.000341068 0.000832859 0.000268104 -0.000341068 0.00972106 -0.0179792 -0.000340792 0.000832859 -0.0179792 0.0888982 
0.0101513 -0.01855 0.000249961 -0.000318935 -0.01855 0.09028 -0.000321408 0.000810938 0.000249961 -0.000321408 0.00973067 -0.0179548 -0.000318935 0.000810938 -0.0179548 0.0888014 
0.0101238 -0.0185189 0.000251104 -0.000331065 -0.0185189 0.0902334 -0.00033146 0.000847167 0.000251104 -0.00033146 0.00971655 -0.0179518 -0.000331065 0.000847167 -0.0179518 0.0887431 
0.0100907 -0.0184586 0.000243033 -0.000343771 -0.0184586 0.0900984 -0.000337642 0.000884466 0.000243033 -0.000337642 0.00974158 -0.0179725 -0.000343771 0.000884466 -0.0179725 0.088802 
0.0100821 -0.0184156 0.000232628 -0.000321417 -0.0184156 0.0899729 -0.000310867 0.000846075 0.000232628 -0.000310867 0.00976879 -0.0180052 -0.000321417 0.000846075 -0.0180052 0.0888772 
0.0100953 -0.0184113 0.000231285 -0.000300566 -0.0184113 0.089924 -0.000292613 0.000788721 0.000231285 -0.000292613 0.00977923 -0.0180377 -0.000300566 0.000788721 -0.0180377 0.0889586 
0.010109 -0.0184233 0.000234725 -0.000300728 -0.0184233 0.0899224 -0.00029715 0.000774738 0.000234725 -0.00029715 0.0097747 -0.018057 -0.000300728 0.000774738 -0.018057 0.0890283 
0.0101129 -0.0184589 0.000242658 -0.000288781 -0.0184589 0.0900081 -0.00028505 0.000735303 0.000242658 -0.00028505 0.00978077 -0.0180416 -0.000288781 0.000735303 -0.0180416 0.0890194 
0.0101416 -0.0184813 0.000257242 -0.000301436 -0.0184813 0.0900976 -0.000295175 0.000735456 0.000257242 -0.000295175 0.00973823 -0.0180221 -0.000301436 0.000735456 -0.0180221 0.0889481 
0.0101711 -0.018515 0.00025197 -0.000303478 -0.018515 0.0901829 -0.000297846 0.000725548 0.00025197 -0.000297846 0.00971165 -0.0179821 -0.000303478 0.000725548 -0.0179821 0.088878 
0.0101676 -0.0185412 0.000274738 -0.000303643 -0.0185412 0.0902551 -0.000302835 0.000737866 0.000274738 -0.000302835 0.00973709 -0.0179702 -0.000303643 0.000737866 -0.0179702 0.0888504 
0.010146 -0.0185235 0.000288557 -0.00034569 -0.0185235 0.0902412 -0.000347069 0.000822475 0.000288557 -0.000347069 0.00977082 -0.0180109 -0.00034569 0.000822475 -0.0180109 0.0889109 
0.0101457 -0.0184988 0.000289353 -0.00037231 -0.0184988 0.0901909 -0.00037158 0.000910852 0.000289353 -0.00037158 0.00976688 -0.0180491 -0.00037231 0.000910852 -0.0180491 0.0889998 
0.0101213 -0.0184724 0.000276868 -0.000371208 -0.0184724 0.0900982 -0.000369791 0.000938497 0.000276868 -0.000369791 0.00979904 -0.0180767 -0.000371208 0.000938497 -0.0180767 0.089119 
0.0101262 -0.0184913 0.000275861 -0.000354003 -0.0184913 0.0901453 -0.000354462 0.000921865 0.000275861 -0.000354462 0.0098052 -0.0180659 -0.000354003 0.000921865 -0.0180659 0.0890912 
0.0101407 -0.0184859 0.000276821 -0.000359189 -0.0184859 0.0901371 -0.000360786 0.000923901 0.000276821 -0.000360786 0.00977748 -0.0180692 -0.000359189 0.000923901 -0.0180692 0.0890729 
0.0101518 -0.0184857 0.000256212 -0.000343626 -0.0184857 0.0901089 -0.000344934 0.000885434 0.000256212 -0.000344934 0.00974264 -0.0180535 -0.000343626 0.000885434 -0.0180535 0.0890669 
0.0101603 -0.0184881 0.00024101 -0.000312353 -0.0184881 0.0900921 -0.000314817 0.000814314 0.00024101 -0.000314817 0.00972366 -0.0180183 -0.000312353 0.000814314 -0.0180183 0.0890099 
0.0101591 -0.018521 0.000237021 -0.000297145 -0.018521 0.0901624 -0.000302061 0.000769543 0.000237021 -0.000302061 0.00971776 -0.0179651 -0.000297145 0.000769543 -0.0179651 0.0888653 
0.0101825 -0.018526 0.000243684 -0.000303912 -0.018526 0.0902086 -0.000311885 0.000779334 0.000243684 -0.000311885 0.00968273 -0.0179467 -0.000303912 0.000779334 -0.0179467 0.0887626 
0.0101718 -0.0185399 0.000242743 -0.000306124 -0.0185399 0.0902289 -0.000312842 0.00078253 0.000242743 -0.000312842 0.00967897 -0.0179185 -0.000306124 0.00078253 -0.0179185 0.0887005 
0.0101397 -0.0184999 0.000249555 -0.000297689 -0.0184999 0.0901561 -0.000299727 0.000753317 0.000249555 -0.000299727 0.00971316 -0.0179507 -0.000297689 0.000753317 -0.0179507 0.0887626 
0.010103 -0.0184824 0.000261862 -0.000313364 -0.0184824 0.090117 -0.000314415 0.00077216 0.000261862 -0.000314415 0.00974827 -0.0179621 -0.000313364 0.00077216 -0.0179621 0.0887734 
0.010087 -0.0184686 0.000268593 -0.000330602 -0.0184686 0.0901146 -0.000330669 0.000813891 0.000268593 -0.000330669 0.00976521 -0.0179696 -0.000330602 0.000813891 -0.0179696 0.0887514 
0.01007 -0.0184208 0.000249238 -0.000329931 -0.0184208 0.089997 -0.000329146 0.000818615 0.000249238 -0.000329146 0.00975812 -0.0180099 -0.000329931 0.000818615 -0.0180099 0.0888305 
0.0100683 -0.0183966 0.000219758 -0.000289805 -0.0183966 0.089909 -0.000289739 0.000739635 0.000219758 -0.000289739 0.00974655 -0.0180126 -0.000289805 0.000739635 -0.0180126 0.088888 
0.010072 -0.018399 0.000203541 -0.000243413 -0.018399 0.0898854 -0.000246761 0.000627163 0.000203541 -0.000246761 0.00974008 -0.0179897 -0.000243413 0.000627163 -0.0179897 0.0888593 
0.010079 -0.0184171 0.000215006 -0.000257327 -0.0184171 0.089917 -0.000261777 0.000641617 0.000215006 -0.000261777 0.00970928 -0.0179505 -0.000257327 0.000641617 -0.0179505 0.0887453 
0.0100653 -0.0184116 0.00021556 -0.000289929 -0.0184116 0.0899118 -0.000290458 0.000718218 0.00021556 -0.000290458 0.00969733 -0.0179258 -0.000289929 0.000718218 -0.0179258 0.0886753 
0.0100459 -0.0184018 0.000203512 -0.000280565 -0.0184018 0.0899026 -0.00027927 0.000725517 0.000203512 -0.00027927 0.00969946 -0.0179044 -0.000280565 0.000725517 -0.0179044 0.0886082 
0.010026 -0.0183739 0.000197406 -0.00026413 -0.0183739 0.0898523 -0.000261482 0.00069439 0.000197406 -0.000261482 0.00971611 -0.0179165 -0.00026413 0.00069439 -0.0179165 0.0886141 
0.0100311 -0.018336 0.000205589 -0.000264012 -0.018336 0.08976 -0.000258949 0.000687143 0.000205589 -0.000258949 0.00972955 -0.0179609 -0.000264012 0.000687143 -0.0179609 0.0887219 
0.0100426 -0.0183381 0.000213202 -0.000272967 -0.0183381 0.0897208 -0.000266277 0.000691078 0.000213202 -0.000266277 0.00973181 -0.0179819 -0.000272967 0.000691078 -0.0179819 0.0888042 
0.0100704 -0.0183673 0.000200607 -0.00025126 -0.0183673 0.0897761 -0.000244069 0.000625798 0.000200607 -0.000244069 0.00971263 -0.0179758 -0.00025126 0.000625798 -0.0179758 0.0888156 
0.0100706 -0.0183905 0.000175142 -0.000238145 -0.0183905 0.0898284 -0.000233195 0.000586095 0.000175142 -0.000233195 0.00972743 -0.0179724 -0.000238145 0.000586095 -0.0179724 0.088836 
0.0100807 -0.0183907 0.000178798 -0.00021927 -0.0183907 0.089853 -0.000221274 0.00056677 0.000178798 -0.000221274 0.00973062 -0.017992 -0.00021927 0.00056677 -0.017992 0.0888706 
0.0100985 -0.0184106 0.000196019 -0.000233874 -0.0184106 0.0898957 -0.000243825 0.000600011 0.000196019 -0.000243825 0.00973045 -0.0179889 -0.000233874 0.000600011 -0.0179889 0.0888784 
0.0101181 -0.0184443 0.000204062 -0.000235407 -0.0184443 0.0899782 -0.000247598 0.000604093 0.000204062 -0.000247598 0.00972475 -0.0179779 -0.000235407 0.000604093 -0.0179779 0.0888502 
0.0101405 -0.0185073 0.000204668 -0.000237599 -0.0185073 0.0901538 -0.000244994 0.000592205 0.000204668 -0.000244994 0.00970545 -0.0179283 -0.000237599 0.000592205 -0.0179283 0.0887087 
0.0101676 -0.0185364 0.000195354 -0.000239643 -0.0185364 0.0902696 -0.000239976 0.000582639 0.000195354 -0.000239976 0.00967136 -0.0179014 -0.000239643 0.000582639 -0.0179014 0.0886054 
0.0101701 -0.0185397 0.000193966 -0.00024014 -0.0185397 0.0902843 -0.000237394 0.00059025 0.000193966 -0.000237394 0.00968385 -0.0178972 -0.00024014 0.00059025 -0.0178972 0.088605 
0.0101749 -0.0185337 0.000194001 -0.000234446 -0.0185337 0.0902614 -0.000232747 0.000582108 0.000194001 -0.000232747 0.00969903 -0.0179208 -0.000234446 0.000582108 -0.0179208 0.0886534 
0.0101912 -0.0185312 0.000204347 -0.000246175 -0.0185312 0.0902361 -0.000244355 0.000606537 0.000204347 -0.000244355 0.00970911 -0.0179508 -0.000246175 0.000606537 -0.0179508 0.0887366 
0.0102037 -0.0185425 0.000215631 -0.000273114 -0.0185425 0.0902298 -0.000270352 0.000676852 0.000215631 -0.000270352 0.00971459 -0.0179749 -0.000273114 0.000676852 -0.0179749 0.0888231 
0.0102134 -0.0185579 0.000240331 -0.00029398 -0.0185579 0.0902598 -0.000291641 0.000742937 0.000240331 -0.000291641 0.0097052 -0.017988 -0.00029398 0.000742937 -0.017988 0.0888811 
0.0102001 -0.0185706 0.000260499 -0.000322919 -0.0185706 0.0902959 -0.000321356 0.000813128 0.000260499 -0.000321356 0.00970883 -0.0179784 -0.000322919 0.000813128 -0.0179784 0.0888895 
0.0101804 -0.0185713 0.000276299 -0.000325247 -0.0185713 0.0903302 -0.00032665 0.000824958 0.000276299 -0.00032665 0.00970853 -0.0179621 -0.000325247 0.000824958 -0.0179621 0.08884 
0.0101594 -0.018542 0.000268873 -0.000336705 -0.018542 0.0902886 -0.000341092 0.000839259 0.000268873 -0.000341092 0.00971204 -0.017961 -0.000336705 0.000839259 -0.017961 0.0888167 
0.010171 -0.0185194 0.000263038 -0.000324195 -0.0185194 0.0902387 -0.000329915 0.000827564 0.000263038 -0.000329915 0.00970078 -0.0179659 -0.000324195 0.000827564 -0.0179659 0.08882 
0.0101647 -0.0185298 0.000275746 -0.000323026 -0.0185298 0.0902261 -0.000326161 0.000819185 0.000275746 -0.000326161 0.0097097 -0.0179495 -0.000323026 0.000819185 -0.0179495 0.0887934 
0.0101217 -0.0185298 0.000281832 -0.000350212 -0.0185298 0.0902363 -0.00034809 0.000864093 0.000281832 -0.00034809 0.00975261 -0.0179484 -0.000350212 0.000864093 -0.0179484 0.0887605 
0.0101014 -0.018502 0.00026925 -0.000355773 -0.018502 0.0902246 -0.000349447 0.00088425 0.00026925 -0.000349447 0.00977212 -0.0179755 -0.000355773 0.00088425 -0.0179755 0.0887637 
0.0100783 -0.0184644 0.000269222 -0.000331927 -0.0184644 0.0901456 -0.000324986 0.000843399 0.000269222 -0.000324986 0.00981093 -0.0180238 -0.000331927 0.000843399 -0.0180238 0.0888769 
0.010073 -0.018416 0.000267612 -0.000330682 -0.018416 0.0900095 -0.000326198 0.000823213 0.000267612 -0.000326198 0.00981155 -0.0180857 -0.000330682 0.000823213 -0.0180857 0.0890336 
0.0100657 -0.0183854 0.000262872 -0.000348885 -0.0183854 0.0898851 -0.00034464 0.000868091 0.000262872 -0.00034464 0.0098103 -0.0181129 -0.000348885 0.000868091 -0.0181129 0.0891703 
0.0101063 -0.0183951 0.000256959 -0.000344532 -0.0183951 0.0898805 -0.000339699 0.000882238 0.000256959 -0.000339699 0.00978419 -0.0181004 -0.000344532 0.000882238 -0.0181004 0.0891878 
0.0101196 -0.0184488 0.00024679 -0.000325799 -0.0184488 0.0899646 -0.00032446 0.00084377 0.00024679 -0.00032446 0.00976842 -0.018051 -0.000325799 0.00084377 -0.018051 0.0890881 
0.0101159 -0.0184777 0.000255312 -0.000296029 -0.0184777 0.0900709 -0.000301524 0.000771667 0.000255312 -0.000301524 0.00976941 -0.0180241 -0.000296029 0.000771667 -0.0180241 0.0889895 
0.0100857 -0.0184756 0.000251592 -0.000306056 -0.0184756 0.0901116 -0.000314272 0.000761984 0.000251592 -0.000314272 0.00981078 -0.0180304 -0.000306056 0.000761984 -0.0180304 0.0889705 
0.0100652 -0.018445 0.000265091 -0.000327602 -0.018445 0.0900769 -0.000329608 0.000818619 0.000265091 -0.000329608 0.00983185 -0.0180665 -0.000327602 0.000818619 -0.0180665 0.0890087 
0.0100774 -0.0184284 0.000276276 -0.000343973 -0.0184284 0.0900423 -0.000340347 0.00085816 0.000276276 -0.000340347 0.00982506 -0.0180916 -0.000343973 0.00085816 -0.0180916 0.0890718 
0.0101038 -0.0184528 0.000297049 -0.00036482 -0.0184528 0.090078 -0.000355622 0.00090574 0.000297049 -0.000355622 0.00980426 -0.0180729 -0.00036482 0.00090574 -0.0180729 0.0890554 
0.0101438 -0.0184584 0.000322286 -0.000369319 -0.0184584 0.0900863 -0.000359449 0.000909606 0.000322286 -0.000359449 0.00980818 -0.018103 -0.000369319 0.000909606 -0.018103 0.0891593 
0.0101563 -0.0185198 0.000322538 -0.000405717 -0.0185198 0.0901945 -0.000401066 0.000982074 0.000322538 -0.000401066 0.00981245 -0.0180907 -0.000405717 0.000982074 -0.0180907 0.0891585 
0.0101687 -0.0185395 0.000328512 -0.00040572 -0.0185395 0.0902787 -0.000407347 0.00102109 0.000328512 -0.000407347 0.00978423 -0.0180822 -0.00040572 0.00102109 -0.0180822 0.0891212 
0.0101378 -0.0185284 0.000324659 -0.000409463 -0.0185284 0.090255 -0.000412413 0.00103459 0.000324659 -0.000412413 0.00979066 -0.0180696 -0.000409463 0.00103459 -0.0180696 0.0891166 
0.0101163 -0.0184947 0.000307149 -0.000390411 -0.0184947 0.0901976 -0.000389779 0.000989143 0.000307149 -0.000389779 0.00981253 -0.0180791 -0.000390411 0.000989143 -0.0180791 0.0891315 
0.0101087 -0.0184709 0.000298129 -0.000386325 -0.0184709 0.0901331 -0.00038443 0.00098066 0.000298129 -0.00038443 0.00982524 -0.0180989 -0.000386325 0.00098066 -0.0180989 0.0891637 
0.0101355 -0.0184626 0.0002828 -0.00035961 -0.0184626 0.0900916 -0.000363579 0.000927415 0.0002828 -0.000363579 0.00981 -0.0181161 -0.00035961 0.000927415 -0.0181161 0.0892084 
0.0101625 -0.0184881 0.000268692 -0.000337423 -0.0184881 0.0901055 -0.000343525 0.000865918 0.000268692 -0.000343525 0.0097739 -0.0180947 -0.000337423 0.000865918 -0.0180947 0.0891852 
0.0101742 -0.0185264 0.000263566 -0.000313373 -0.0185264 0.0901857 -0.000317892 0.000796147 0.000263566 -0.000317892 0.00976576 -0.0180501 -0.000313373 0.000796147 -0.0180501 0.089101 
0.0101998 -0.0185475 0.000274139 -0.000320057 -0.0185475 0.0902629 -0.000323846 0.000790394 0.000274139 -0.000323846 0.00974864 -0.0180248 -0.000320057 0.000790394 -0.0180248 0.0890013 
0.0102139 -0.0185926 0.000288088 -0.000342454 -0.0185926 0.0903755 -0.000347214 0.000839958 0.000288088 -0.000347214 0.00975143 -0.0179928 -0.000342454 0.000839958 -0.0179928 0.0889045 
0.0101901 -0.0186132 0.000306764 -0.000365335 -0.0186132 0.0904559 -0.000370665 0.000904577 0.000306764 -0.000370665 0.00977296 -0.0179888 -0.000365335 0.000904577 -0.0179888 0.0888473 
0.0101452 -0.0185626 0.000302464 -0.0003916 -0.0185626 0.0903811 -0.000393892 0.000971071 0.000302464 -0.000393892 0.00980651 -0.018045 -0.0003916 0.000971071 -0.018045 0.0889556 
0.0101519 -0.0185119 0.00029676 -0.000390818 -0.0185119 0.090276 -0.00038558 0.000993468 0.00029676 -0.00038558 0.00982228 -0.018102 -0.000390818 0.000993468 -0.018102 0.0891221 
0.0101661 -0.0185032 0.000293298 -0.000373161 -0.0185032 0.0901932 -0.000365438 0.000954804 0.000293298 -0.000365438 0.0098255 -0.0181377 -0.000373161 0.000954804 -0.0181377 0.0892637 
0.0101393 -0.0185114 0.000313087 -0.000388024 -0.0185114 0.090166 -0.000382559 0.000980022 0.000313087 -0.000382559 0.00984247 -0.0181374 -0.000388024 0.000980022 -0.0181374 0.0893069 
0.0101121 -0.0184772 0.000311255 -0.000394601 -0.0184772 0.0901004 -0.0003928 0.000987971 0.000311255 -0.0003928 0.00983296 -0.0181506 -0.000394601 0.000987971 -0.0181506 0.0893285 
0.0100729 -0.018461 0.000288634 -0.000384509 -0.018461 0.0900625 -0.000381851 0.000963641 0.000288634 -0.000381851 0.00982439 -0.0181074 -0.000384509 0.000963641 -0.0181074 0.0892315 
0.0100529 -0.0184138 0.000252019 -0.000339452 -0.0184138 0.0899774 -0.000332238 0.000860551 0.000252019 -0.000332238 0.00981491 -0.0180912 -0.000339452 0.000860551 -0.0180912 0.0891528 
0.0100583 -0.0184047 0.000242709 -0.000319054 -0.0184047 0.0899411 -0.000311527 0.000810876 0.000242709 -0.000311527 0.00978588 -0.0180529 -0.000319054 0.000810876 -0.0180529 0.0890342 
0.0100504 -0.0183843 0.000249715 -0.000307423 -0.0183843 0.0898671 -0.000304954 0.000780783 0.000249715 -0.000304954 0.00977575 -0.018035 -0.000307423 0.000780783 -0.018035 0.0889748 
0.0100524 -0.0183479 0.000274846 -0.000328161 -0.0183479 0.0897599 -0.000329196 0.000823465 0.000274846 -0.000329196 0.00978917 -0.0180618 -0.000328161 0.000823465 -0.0180618 0.0890423 
0.0100376 -0.0183684 0.000268181 -0.000351213 -0.0183684 0.0897638 -0.000351433 0.000871253 0.000268181 -0.000351433 0.00980418 -0.018055 -0.000351213 0.000871253 -0.018055 0.0890342 
0.0100368 -0.018353 0.00026152 -0.000334703 -0.018353 0.0897596 -0.000335347 0.000860656 0.00026152 -0.000335347 0.0098216 -0.018088 -0.000334703 0.000860656 -0.018088 0.0891025 
0.0100507 -0.0183802 0.000256878 -0.000312497 -0.0183802 0.0898329 -0.000312444 0.000796977 0.000256878 -0.000312444 0.00983629 -0.018089 -0.000312497 0.000796977 -0.018089 0.0891117 
0.0100901 -0.0184125 0.000255951 -0.000304922 -0.0184125 0.0899327 -0.000301735 0.00075426 0.000255951 -0.000301735 0.00982495 -0.0180941 -0.000304922 0.00075426 -0.0180941 0.0891046 
0.0101186 -0.018442 0.000266148 -0.000318134 -0.018442 0.0899971 -0.000311539 0.000770754 0.000266148 -0.000311539 0.00981692 -0.0181095 -0.000318134 0.000770754 -0.0181095 0.0891648 
0.0101192 -0.0184613 0.000280033 -0.000354174 -0.0184613 0.090038 -0.000346471 0.000858391 0.000280033 -0.000346471 0.0098121 -0.0181121 -0.000354174 0.000858391 -0.0181121 0.0892029 
0.0101512 -0.0184804 0.000305798 -0.000369994 -0.0184804 0.0901133 -0.000365016 0.000924235 0.000305798 -0.000365016 0.00981083 -0.0181081 -0.000369994 0.000924235 -0.0181081 0.0892169 
0.0101979 -0.0185228 0.000307794 -0.000372024 -0.0185228 0.0902096 -0.000371634 0.000924637 0.000307794 -0.000371634 0.00980427 -0.0181099 -0.000372024 0.000924637 -0.0181099 0.0892261 
0.0102335 -0.018581 0.00030592 -0.000377163 -0.018581 0.0903358 -0.000380339 0.000939749 0.00030592 -0.000380339 0.00976981 -0.0180922 -0.000377163 0.000939749 -0.0180922 0.0891872 
0.0102531 -0.0186416 0.000305545 -0.000377741 -0.0186416 0.0905048 -0.000383974 0.000955743 0.000305545 -0.000383974 0.00975496 -0.0180414 -0.000377741 0.000955743 -0.0180414 0.0890872 
0.0102435 -0.0186514 0.000299826 -0.000371525 -0.0186514 0.0905634 -0.000378157 0.000943418 0.000299826 -0.000378157 0.00975377 -0.0180211 -0.000371525 0.000943418 -0.0180211 0.0890041 
0.010241 -0.0186464 0.000310632 -0.000387245 -0.0186464 0.0905869 -0.000392937 0.000983131 0.000310632 -0.000392937 0.00977116 -0.0180212 -0.000387245 0.000983131 -0.0180212 0.0889789 
0.010208 -0.0186455 0.000301264 -0.000383328 -0.0186455 0.0905845 -0.000387411 0.000973351 0.000301264 -0.000387411 0.00981365 -0.018034 -0.000383328 0.000973351 -0.018034 0.0889793 
0.0101715 -0.01859 0.000295079 -0.000373855 -0.01859 0.0904782 -0.000376813 0.000953361 0.000295079 -0.000376813 0.00985174 -0.0181015 -0.000373855 0.000953361 -0.0181015 0.0891035 
0.0101616 -0.0185556 0.000295845 -0.000371232 -0.0185556 0.0903877 -0.000374045 0.000941897 0.000295845 -0.000374045 0.00985797 -0.0181396 -0.000371232 0.000941897 -0.0181396 0.0892129 
0.0101635 -0.0185378 0.000320164 -0.00037762 -0.0185378 0.090324 -0.000381666 0.000957637 0.000320164 -0.000381666 0.0098596 -0.018165 -0.00037762 0.000957637 -0.018165 0.0893174 
0.0101674 -0.0185479 0.000330982 -0.00040156 -0.0185479 0.0903264 -0.000403178 0.000990847 0.000330982 -0.000403178 0.00985138 -0.0181611 -0.00040156 0.000990847 -0.0181611 0.0893427 
0.0101987 -0.0185554 0.000350437 -0.000425453 -0.0185554 0.0903523 -0.000422097 0.00105454 0.000350437 -0.000422097 0.00983724 -0.0181568 -0.000425453 0.00105454 -0.0181568 0.08935 
0.010231 -0.0185824 0.000340353 -0.000422408 -0.0185824 0.0903844 -0.000413421 0.00103586 0.000340353 -0.000413421 0.0098107 -0.0181452 -0.000422408 0.00103586 -0.0181452 0.089339 
0.0102177 -0.0186087 0.000313186 -0.000416042 -0.0186087 0.0904269 -0.000405612 0.00102022 0.000313186 -0.000405612 0.00981648 -0.0181244 -0.000416042 0.00102022 -0.0181244 0.0893116 
0.0101732 -0.01858 0.000296325 -0.000378878 -0.01858 0.0903857 -0.000373348 0.000959677 0.000296325 -0.000373348 0.0098573 -0.0181376 -0.000378878 0.000959677 -0.0181376 0.0893244 
0.0101344 -0.0185272 0.000298319 -0.000346262 -0.0185272 0.0902818 -0.000347779 0.000873917 0.000298319 -0.000347779 0.00988925 -0.0181867 -0.000346262 0.000873917 -0.0181867 0.089408 
0.010107 -0.0184995 0.000313206 -0.000367926 -0.0184995 0.0902149 -0.000370312 0.000897475 0.000313206 -0.000370312 0.00991885 -0.018204 -0.000367926 0.000897475 -0.018204 0.089452 
0.0100937 -0.0184649 0.000306399 -0.000390302 -0.0184649 0.090138 -0.000390129 0.000947592 0.000306399 -0.000390129 0.00994035 -0.0182485 -0.000390302 0.000947592 -0.0182485 0.0895479 
0.0101051 -0.0184596 0.000313375 -0.000398927 -0.0184596 0.0901152 -0.000394478 0.000997608 0.000313375 -0.000394478 0.00993447 -0.0182666 -0.000398927 0.000997608 -0.0182666 0.0896061 
0.0101536 -0.018499 0.000320051 -0.00041323 -0.018499 0.0902042 -0.00040497 0.00103569 0.000320051 -0.00040497 0.00990799 -0.0182416 -0.00041323 0.00103569 -0.0182416 0.0895709 
0.010202 -0.0185564 0.000335734 -0.000421774 -0.0185564 0.0903265 -0.000418421 0.00107168 0.000335734 -0.000418421 0.00986972 -0.0182019 -0.000421774 0.00107168 -0.0182019 0.0894764 
0.0102239 -0.0186126 0.000343702 -0.000421015 -0.0186126 0.0904682 -0.000426142 0.00107265 0.000343702 -0.000426142 0.00987874 -0.0181754 -0.000421015 0.00107265 -0.0181754 0.0894201 
0.0102399 -0.018632 0.000358951 -0.000422758 -0.018632 0.0905456 -0.000432175 0.00107532 0.000358951 -0.000432175 0.0098977 -0.0181961 -0.000422758 0.00107532 -0.0181961 0.0894384 
0.0102534 -0.0186493 0.000372841 -0.000446051 -0.0186493 0.0905864 -0.000452826 0.00111226 0.000372841 -0.000452826 0.00988841 -0.018215 -0.000446051 0.00111226 -0.018215 0.0894767 
