83.197013 0.000000 -37.258600 0.000000 0.000000 100.000000 0.000000 0.000000 -37.258600 0.000000 1241.723118 0.000000 0.000000 0.000000 0.000000 100.000000 378.516281 0.000000 94.949640 0.000000 0.000000 100.000000 0.000000 0.000000 94.949640 0.000000 112.404517 0.000000 0.000000 0.000000 0.000000 100.000000 200.007576 0.000000 139.091201 0.000000 0.000000 100.000000 0.000000 0.000000 139.091201 0.000000 245.941695 0.000000 0.000000 0.000000 0.000000 100.000000 955.576915 0.000000 -459.746565 0.000000 0.000000 100.000000 0.000000 0.000000 -459.746565 0.000000 323.955689 0.000000 0.000000 0.000000 0.000000 100.000000
123.833922 52.405279 -27.905300 -2.350279 52.405279 42.369327 -2.350279 -1.801498 -27.905300 -2.350279 991.526721 125.485319 -2.350279 -1.801498 125.485319 98.385446 382.341528 99.643439 83.065686 15.150654 99.643439 78.577550 15.150654 11.613032 83.065686 15.150654 149.536473 57.181273 15.150654 11.613032 57.181273 46.030144 228.383370 72.852330 124.285291 24.189188 72.852330 58.042067 24.189188 18.541101 124.285291 24.189188 269.427918 80.840679 24.189188 18.541101 80.840679 64.165166 779.660167 109.310238 -345.620436 -29.987713 109.310238 85.987187 -29.987713 -22.985692 -345.620436 -29.987713 304.830728 68.111722 -29.987713 -22.985692 68.111722 54.408374
125.123493 35.649017 -30.664893 -4.913480 35.649017 19.795033 -4.960055 -2.022294 -30.664893 -4.960055 1065.575459 186.148967 -4.913480 -2.022294 186.148967 82.024979 445.784618 107.105077 91.329713 19.596419 107.105077 49.253753 20.141393 8.656020 91.329713 20.141393 150.080973 40.996542 19.596419 8.656020 40.996542 22.282231 244.985277 62.529640 152.307195 34.690902 62.529640 31.288731 34.256409 14.305759 152.307195 34.256409 316.116279 79.429980 34.690902 14.305759 79.429980 37.464137 852.412781 154.373933 -375.252593 -60.271599 154.373933 68.357862 -61.140127 -25.184072 -375.252593 -61.140127 317.477285 66.481770 -60.271599 -25.184072 66.481770 32.775910
112.520991 26.626826 -21.207213 -3.285939 26.626826 15.151989 -2.451291 -1.060274 -21.207213 -2.451291 1137.306780 190.273328 -3.285939 -1.060274 190.273328 62.769339 447.519111 88.857473 91.029297 16.680243 88.857473 33.238110 17.009240 5.173658 91.029297 17.009240 136.792659 31.142468 16.680243 5.173658 31.142468 16.614618 239.634675 50.595534 157.858250 29.567319 50.595534 22.253028 29.545442 8.636965 157.858250 29.545442 307.459772 62.959586 29.567319 8.636965 62.959586 25.595399 906.673372 154.277733 -408.567306 -65.423574 154.277733 52.006440 -65.788798 -19.122421 -408.567306 -65.788798 322.155789 60.284964 -65.423574 -19.122421 60.284964 25.041530
104.895999 23.947360 -20.762670 -3.070061 23.947360 14.555807 -2.686538 -0.798380 -20.762670 -2.686538 1149.266080 172.943286 -3.070061 -0.798380 172.943286 48.915694 421.726220 73.244664 87.952645 13.869154 73.244664 26.348663 13.891398 3.424574 87.952645 13.891398 128.879914 27.800664 13.869154 3.424574 27.800664 15.531376 221.394090 42.106419 148.888055 23.415208 42.106419 18.983428 23.166478 5.607578 148.888055 23.166478 294.129150 53.682221 23.415208 5.607578 53.682221 21.614444 906.964987 138.342030 -419.452442 -60.402870 138.342030 40.860400 -60.016990 -13.860809 -419.452442 -60.016990 323.730588 55.564356 -60.402870 -13.860809 55.564356 21.833901
102.242993 23.661427 -25.147010 -3.369059 23.661427 14.652718 -3.659053 -0.739439 -25.147010 -3.659053 1127.416560 154.184096 -3.369059 -0.739439 154.184096 40.739046 402.489835 65.423773 81.205664 11.172372 65.423773 23.968802 11.356457 2.549472 81.205664 11.356457 123.553356 26.602564 11.172372 2.549472 26.602564 15.329679 211.220238 38.870488 140.417377 19.719088 38.870488 18.125811 19.564183 4.438181 140.417377 19.564183 281.547432 48.781897 19.719088 4.438181 48.781897 20.272588 889.260791 124.161344 -405.201525 -51.255307 124.161344 34.758708 -51.737248 -10.313684 -405.201525 -51.737248 310.084383 49.929011 -51.255307 -10.313684 49.929011 19.917212
101.706589 23.806094 -24.949632 -2.980231 23.806094 14.702236 -3.160836 -0.564429 -24.949632 -3.160836 1085.408226 138.590331 -2.980231 -0.564429 138.590331 36.194104 380.452533 60.346917 77.224395 10.280106 60.346917 23.011260 10.216728 2.331292 77.224395 10.216728 122.426216 26.592617 10.280106 2.331292 26.592617 15.340418 208.093725 38.137533 135.293072 18.058185 38.137533 17.989149 18.128177 4.137552 135.293072 18.128177 272.120567 46.437243 18.058185 4.137552 46.437243 19.872574 860.935906 112.944794 -384.973628 -44.335821 112.944794 31.429540 -45.157446 -8.437093 -384.973628 -45.157446 296.117939 46.163681 -44.335821 -8.437093 46.163681 18.940629
101.725717 23.879456 -24.063908 -2.669832 23.879456 14.683317 -2.723485 -0.478905 -24.063908 -2.723485 1053.729928 129.237647 -2.669832 -0.478905 129.237647 34.063173 368.389993 58.639902 72.756801 9.399797 58.639902 22.866374 9.472183 2.217212 72.756801 9.472183 120.926205 26.366959 9.399797 2.217212 26.366959 15.271387 207.946934 38.255526 129.763094 16.974126 38.255526 18.043474 17.378294 4.063730 129.763094 17.378294 258.770747 44.222865 16.974126 4.063730 44.222865 19.574169 813.453241 102.483855 -366.603314 -40.926093 102.483855 29.356053 -40.604570 -7.627910 -366.603314 -40.604570 289.794826 44.933018 -40.926093 -7.627910 44.933018 18.633795
101.804321 23.884950 -24.500837 -2.642174 23.884950 14.659126 -2.749961 -0.482128 -24.500837 -2.749961 1041.038863 125.192295 -2.642174 -0.482128 125.192295 33.298922 363.521271 58.431817 69.903620 9.039598 58.431817 22.922502 9.182998 2.195159 69.903620 9.182998 119.792532 26.210747 9.039598 2.195159 26.210747 15.229116 204.737452 37.596692 127.277180 16.956637 37.596692 17.930662 16.991903 4.090709 127.277180 16.991903 257.586542 44.718495 16.956637 4.090709 44.718495 19.743383 794.272869 99.082191 -352.772678 -37.960671 99.082191 28.839098 -38.291721 -7.197124 -352.772678 -38.291721 280.720129 43.125282 -37.960671 -7.197124 43.125282 18.296591
101.870873 23.880335 -25.495466 -2.721343 23.880335 14.649139 -2.958684 -0.512504 -25.495466 -2.958684 1015.312462 121.049928 -2.721343 -0.512504 121.049928 32.788437 366.032094 59.241671 69.330544 9.104487 59.241671 23.067308 9.251176 2.212645 69.330544 9.251176 119.307560 26.173650 9.104487 2.212645 26.173650 15.215556 205.868386 37.938935 128.590514 17.380669 37.938935 18.020923 17.404618 4.180848 128.590514 17.404618 259.082867 45.189591 17.380669 4.180848 45.189591 19.797148 780.160080 97.139889 -343.083837 -36.616038 97.139889 28.627361 -37.036326 -7.053150 -343.083837 -37.036326 274.513272 42.287644 -36.616038 -7.053150 42.287644 18.190203
101.762282 23.852199 -23.176698 -2.421983 23.852199 14.643256 -2.400733 -0.453477 -23.176698 -2.400733 968.019224 115.492642 -2.421983 -0.453477 115.492642 32.225758 369.498329 59.853724 68.807953 9.063847 59.853724 23.132099 9.226737 2.189475 68.807953 9.226737 118.786116 26.107694 9.063847 2.189475 26.107694 15.196137 204.123580 37.580435 129.225929 17.592416 37.580435 17.945229 17.403716 4.180929 129.225929 17.403716 263.312762 45.986674 17.592416 4.180929 45.986674 19.908128 778.198480 97.499130 -332.083667 -34.740747 97.499130 28.779253 -36.042818 -6.873494 -332.083667 -36.042818 264.031284 40.774154 -34.740747 -6.873494 40.774154 17.975395
101.622196 23.830254 -20.340720 -2.127373 23.830254 14.640795 -1.859956 -0.401536 -20.340720 -1.859956 947.542215 114.188630 -2.127373 -0.401536 114.188630 32.215654 362.954511 58.685233 65.441844 8.511016 58.685233 22.913827 8.699271 2.081165 65.441844 8.699271 117.491756 25.908456 8.511016 2.081165 25.908456 15.155291 202.316620 37.319802 129.160082 17.563959 37.319802 17.895666 17.337874 4.158627 129.160082 17.337874 266.010641 46.286393 17.563959 4.158627 46.286393 19.932708 781.426693 98.078420 -328.497727 -34.752688 98.078420 28.889079 -35.866426 -6.886021 -328.497727 -35.866426 259.759914 40.565148 -34.752688 -6.886021 40.565148 17.962091
101.794045 23.869434 -23.512431 -2.587989 23.869434 14.647776 -2.875962 -0.530305 -23.512431 -2.875962 935.570305 113.807572 -2.587989 -0.530305 113.807572 32.232671 355.522847 57.642111 63.549961 8.408058 57.642111 22.758636 8.482191 2.054449 63.549961 8.482191 117.006717 25.893857 8.408058 2.054449 25.893857 15.151375 202.289977 37.361730 131.194412 17.874106 37.361730 17.887012 17.638337 4.200354 131.194412 17.638337 271.282449 47.011510 17.874106 4.200354 47.011510 20.055547 790.238919 99.131584 -330.721856 -35.540898 99.131584 29.034407 -36.237040 -6.950784 -330.721856 -36.237040 259.855749 40.882982 -35.540898 -6.950784 40.882982 17.988968
101.913017 23.884995 -25.428854 -2.796476 23.884995 14.649507 -3.151567 -0.554476 -25.428854 -3.151567 927.546761 113.616293 -2.796476 -0.554476 113.616293 32.206714 353.430772 57.661229 61.024212 7.984683 57.661229 22.782632 8.162764 1.973737 61.024212 8.162764 115.892984 25.711534 7.984683 1.973737 25.711534 15.110334 200.966218 37.158396 130.643682 17.669492 37.158396 17.834172 17.493750 4.161964 130.643682 17.493750 272.092749 46.906449 17.669492 4.161964 46.906449 20.043690 789.365275 98.706601 -332.124984 -36.187215 98.706601 28.967285 -36.281868 -6.974506 -332.124984 -36.281868 261.409134 41.313223 -36.187215 -6.974506 41.313223 18.025403
102.030277 23.898555 -26.966451 -2.949767 23.898555 14.651468 -3.326568 -0.578762 -26.966451 -3.326568 909.386714 111.896117 -2.949767 -0.578762 111.896117 31.957218 357.675597 58.529634 61.297935 8.176837 58.529634 22.907092 8.300123 1.992916 61.297935 8.300123 115.777748 25.740902 8.176837 1.992916 25.740902 15.112052 202.642982 37.506275 132.419463 17.887191 37.506275 17.884707 17.847848 4.213198 132.419463 17.847848 273.870721 47.059273 17.887191 4.213198 47.059273 20.089186 775.484931 96.707988 -331.606118 -36.653655 96.707988 28.704849 -36.009665 -6.983290 -331.606118 -36.009665 264.198628 41.885504 -36.653655 -6.983290 41.885504 18.097704
101.875782 23.861576 -24.501213 -2.621844 23.861576 14.645452 -2.509650 -0.489384 -24.501213 -2.509650 907.425865 112.268964 -2.621844 -0.489384 112.268964 31.980279 357.512483 58.363939 62.475930 8.522537 58.363939 22.837108 8.482220 2.024808 62.475930 8.482220 116.356163 25.877927 8.522537 2.024808 25.877927 15.131315 203.525140 37.572494 134.043517 18.086411 37.572494 17.876355 18.031850 4.240635 134.043517 18.031850 276.607454 47.445872 18.086411 4.240635 47.445872 20.174217 768.220040 96.356178 -325.658824 -35.378446 96.356178 28.718634 -35.399677 -6.837576 -325.658824 -35.399677 260.111783 41.045169 -35.378446 -6.837576 41.045169 17.950564
102.123477 23.911639 -28.337023 -3.148132 23.911639 14.654896 -3.523947 -0.631981 -28.337023 -3.523947 910.907524 112.958576 -3.148132 -0.631981 112.958576 32.011713 361.304737 59.014231 58.444227 7.445523 59.014231 22.946186 7.795472 1.836731 58.444227 7.795472 114.273099 25.434345 7.445523 1.836731 25.434345 15.038894 205.915993 37.970217 135.475151 18.178288 37.970217 17.947370 18.279929 4.271210 135.475151 18.279929 276.287935 47.215835 18.178288 4.271210 47.215835 20.133898 767.829493 96.875754 -319.022625 -34.131019 96.875754 28.816148 -34.858977 -6.719486 -319.022625 -34.858977 253.790011 40.064024 -34.131019 -6.719486 40.064024 17.815683
102.422872 23.956260 -32.343029 -3.599559 23.956260 14.661891 -4.197886 -0.713795 -32.343029 -4.197886 911.227013 112.974919 -3.599559 -0.713795 112.974919 31.953008 360.310268 58.662919 57.625828 7.577556 58.662919 22.872085 7.749527 1.859942 57.625828 7.749527 113.945925 25.470783 7.577556 1.859942 25.470783 15.052330 205.644350 37.770735 135.837313 18.208297 37.770735 17.904171 18.190349 4.267973 135.837313 18.190349 277.680635 47.473195 18.208297 4.267973 47.473195 20.197821 761.437967 95.901679 -320.043550 -35.186045 95.901679 28.643357 -35.017308 -6.838355 -320.043550 -35.017308 256.254987 40.872911 -35.186045 -6.838355 40.872911 17.969100
102.278463 23.910111 -30.544541 -3.299519 23.910111 14.653408 -3.330467 -0.613097 -30.544541 -3.330467 914.448427 113.325672 -3.299519 -0.613097 113.325672 31.958048 355.928048 57.917842 57.089746 7.659823 57.917842 22.764638 7.694592 1.853908 57.089746 7.694592 113.922920 25.514300 7.659823 1.853908 25.514300 15.054570 208.727097 38.321838 137.958482 18.461060 38.321838 18.017376 18.594286 4.332804 137.958482 18.594286 278.022957 47.404280 18.461060 4.332804 47.404280 20.177079 762.945689 96.556218 -315.892781 -34.209111 96.556218 28.762043 -34.689615 -6.715160 -315.892781 -34.689615 251.913264 40.094890 -34.209111 -6.715160 40.094890 17.823519
102.035080 23.868388 -27.173433 -2.903762 23.868388 14.648418 -2.532205 -0.536474 -27.173433 -2.532205 918.306877 113.675551 -2.903762 -0.536474 113.675551 31.972820 357.669881 58.389503 55.877786 7.385453 58.389503 22.869846 7.519988 1.795292 55.877786 7.519988 113.303444 25.392637 7.385453 1.795292 25.392637 15.023361 207.589829 38.009095 136.291036 18.143400 38.009095 17.963346 18.207913 4.277202 136.291036 18.207913 275.613220 47.015594 18.143400 4.277202 47.015594 20.122990 776.645186 98.491329 -315.959429 -33.956926 98.491329 29.008746 -34.873521 -6.686374 -315.959429 -34.873521 248.918064 39.637974 -33.956926 -6.686374 39.637974 17.743682
101.971531 23.869987 -26.273877 -2.867353 23.869987 14.649754 -2.609237 -0.556996 -26.273877 -2.609237 921.812993 113.928046 -2.867353 -0.556996 113.928046 31.984969 359.275348 58.635304 56.519880 7.621966 58.635304 22.899370 7.652808 1.825483 56.519880 7.652808 113.506116 25.461185 7.621966 1.825483 25.461185 15.034795 207.550660 37.957254 137.544534 18.436117 37.957254 17.963267 18.363683 4.325416 137.544534 18.363683 278.904392 47.679021 18.436117 4.325416 47.679021 20.247321 789.939353 100.036741 -313.438081 -33.282297 100.036741 29.193249 -34.630769 -6.588622 -313.438081 -34.630769 243.763979 38.902327 -33.282297 -6.588622 38.902327 17.618532
102.189434 23.917138 -29.428973 -3.290765 23.917138 14.657158 -3.547042 -0.663857 -29.428973 -3.547042 919.625584 113.471294 -3.290765 -0.663857 113.471294 31.919375 360.044654 58.715515 55.441968 7.354911 58.715515 22.906599 7.460161 1.770334 55.441968 7.460161 113.003452 25.358134 7.354911 1.770334 25.358134 15.010578 203.266998 37.161898 136.023838 18.262787 37.161898 17.824047 17.931421 4.271637 136.023838 17.931421 282.303954 48.267258 18.262787 4.271637 48.267258 20.350983 797.778619 100.507230 -312.465222 -33.378475 100.507230 29.231164 -34.443041 -6.565237 -312.465222 -34.443041 241.282900 38.774560 -33.378475 -6.565237 38.774560 17.588867
101.923793 23.860858 -25.427144 -2.743609 23.860858 14.646757 -2.402824 -0.507799 -25.427144 -2.402824 917.689077 113.223411 -2.743609 -0.507799 113.223411 31.901447 360.772767 58.793301 54.110212 7.115544 58.793301 22.920014 7.264468 1.728563 54.110212 7.264468 112.408272 25.263634 7.115544 1.728563 25.263634 14.992526 198.832705 36.496961 135.218062 18.231519 36.496961 17.708695 17.718548 4.250923 135.218062 17.718548 288.299817 49.195334 18.231519 4.250923 49.195334 20.516852 799.435461 100.115155 -314.697645 -34.253252 100.115155 29.173804 -34.534891 -6.620695 -314.697645 -34.534891 242.956393 39.287709 -34.253252 -6.620695 39.287709 17.647023
101.786350 23.846629 -23.051493 -2.500030 23.846629 14.645269 -2.118209 -0.477838 -23.051493 -2.118209 911.788568 112.537722 -2.500030 -0.477838 112.537722 31.829060 364.067407 59.271863 54.836717 7.362832 59.271863 22.998974 7.416550 1.762860 54.836717 7.416550 112.567161 25.326169 7.362832 1.762860 25.326169 15.003187 200.888517 37.225886 135.234668 18.077080 37.225886 17.846637 18.095314 4.276661 135.234668 18.095314 284.484423 48.132267 18.077080 4.276661 48.132267 20.321997 780.016657 97.093885 -316.632175 -35.507989 97.093885 28.784186 -34.431587 -6.712982 -316.632175 -34.431587 248.820240 40.460152 -35.507989 -6.712982 40.460152 17.817806
101.636127 23.830713 -20.084913 -2.186907 23.830713 14.642844 -1.740681 -0.424924 -20.084913 -1.740681 899.389337 111.172688 -2.186907 -0.424924 111.172688 31.678003 361.693928 58.725895 56.535454 7.798163 58.725895 22.902172 7.658927 1.818760 56.535454 7.658927 113.399714 25.496122 7.798163 1.818760 25.496122 15.031739 201.870546 37.409688 134.229007 17.863198 37.409688 17.845847 18.033262 4.248650 134.229007 18.033262 279.993457 47.430591 17.863198 4.248650 47.430591 20.248688 771.222623 96.375974 -318.101856 -35.591607 96.375974 28.754236 -34.547805 -6.718188 -318.101856 -34.547805 252.139994 40.723840 -35.591607 -6.718188 40.723840 17.831574
101.637266 23.840679 -20.020523 -2.237812 23.840679 14.643886 -2.066925 -0.452665 -20.020523 -2.066925 892.382796 110.671057 -2.237812 -0.452665 110.671057 31.640359 365.086633 59.321153 58.029769 7.943023 59.321153 23.015610 7.838387 1.835815 58.029769 7.838387 113.888351 25.538970 7.943023 1.835815 25.538970 15.033874 203.735555 37.677909 134.669970 17.957560 37.677909 17.881021 18.165200 4.268600 134.669970 18.165200 277.889427 47.267718 17.957560 4.268600 47.267718 20.241881 763.388542 95.901846 -316.134607 -34.992351 95.901846 28.716605 -34.376193 -6.678572 -316.134607 -34.376193 252.040918 40.469185 -34.992351 -6.678572 40.469185 17.801003
101.747092 23.863089 -22.063911 -2.497776 23.863089 14.646676 -2.651453 -0.506074 -22.063911 -2.651453 891.286321 110.870591 -2.497776 -0.506074 110.870591 31.671121 365.774012 59.372192 56.110738 7.361963 59.372192 23.022498 7.475891 1.749107 56.110738 7.475891 113.029695 25.333605 7.361963 1.749107 25.333605 14.996287 199.996456 36.766772 134.907924 18.189398 36.766772 17.700661 17.872229 4.251183 134.907924 17.872229 285.262992 48.830376 18.189398 4.251183 48.830376 20.521956 755.625197 95.401409 -311.646063 -34.167986 95.401409 28.652550 -33.995577 -6.622429 -311.646063 -33.995577 249.527106 40.008407 -34.167986 -6.622429 40.008407 17.760284
101.791355 23.865698 -22.866920 -2.552044 23.865698 14.646193 -2.693575 -0.497491 -22.866920 -2.693575 892.277401 111.168476 -2.552044 -0.497491 111.168476 31.692537 368.990089 59.833073 55.671855 7.328395 59.833073 23.100265 7.450964 1.758182 55.671855 7.450964 112.701821 25.301530 7.328395 1.758182 25.301530 14.996888 192.660412 35.546812 131.545850 17.734116 35.546812 17.501341 17.109124 4.141759 131.545850 17.109124 290.246684 49.567056 17.734116 4.141759 49.567056 20.625379 756.182404 95.843859 -310.580594 -34.014848 95.843859 28.696921 -34.078250 -6.637418 -310.580594 -34.078250 248.388121 39.874277 -34.014848 -6.637418 39.874277 17.763920
101.915122 23.884104 -24.920795 -2.776493 23.884104 14.649180 -3.057458 -0.543267 -24.920795 -3.057458 892.688846 111.249461 -2.776493 -0.543267 111.249461 31.677734 379.538306 61.401618 57.141415 7.610518 61.401618 23.352799 7.709974 1.800992 57.141415 7.709974 112.858325 25.347056 7.610518 1.800992 25.347056 15.003843 190.801904 35.630092 129.945406 17.460212 35.630092 17.532833 17.153522 4.133334 129.945406 17.153522 289.447473 49.078543 17.460212 4.133334 49.078543 20.531063 749.935718 95.072623 -309.493722 -34.196303 95.072623 28.560887 -34.002498 -6.659416 -309.493722 -34.002498 248.766330 40.098619 -34.196303 -6.659416 40.098619 17.815480
101.626803 23.825620 -19.858448 -2.104255 23.825620 14.639899 -1.634754 -0.370852 -19.858448 -1.634754 899.642751 112.121399 -2.104255 -0.370852 112.121399 31.769490 379.372758 60.909982 60.000992 8.278026 60.909982 23.246774 8.097832 1.892177 60.000992 8.097832 114.073490 25.592439 8.278026 1.892177 25.592439 15.047399 191.716585 35.986235 130.459992 17.533598 35.986235 17.564694 17.472072 4.160122 130.459992 17.472072 289.026280 48.905170 17.533598 4.160122 48.905170 20.535785 744.152894 94.516949 -307.849147 -34.072840 94.516949 28.481688 -33.867653 -6.639423 -307.849147 -33.867653 248.514399 40.102244 -34.072840 -6.639423 40.102244 17.814516
101.299116 23.785122 -11.450838 -1.141388 23.785122 14.636390 -0.024429 -0.185493 -11.450838 -0.024429 899.966934 111.987999 -1.141388 -0.185493 111.987999 31.728639 379.532470 60.811580 60.549554 8.177161 60.811580 23.260713 8.074806 1.868198 60.549554 8.074806 114.299921 25.570224 8.177161 1.868198 25.570224 15.036327 193.480556 36.287334 131.936525 17.730840 36.287334 17.581416 17.777029 4.187268 131.936525 17.777029 289.630397 49.004204 17.730840 4.187268 49.004204 20.576552 742.768760 94.678642 -304.898788 -33.472863 94.678642 28.510399 -33.640769 -6.571714 -304.898788 -33.640769 246.015193 39.671194 -33.472863 -6.571714 39.671194 17.743425
101.210737 23.787861 -7.957033 -0.876752 23.787861 14.636269 -0.039199 -0.183718 -7.957033 -0.039199 900.056123 111.880820 -0.876752 -0.183718 111.880820 31.708560 382.557854 61.283117 60.410298 7.992096 61.283117 23.364224 8.014142 1.852859 60.410298 8.014142 114.098268 25.495322 7.992096 1.852859 25.495322 15.024811 193.550601 36.195382 132.058359 17.701956 36.195382 17.544682 17.711330 4.167355 132.058359 17.711330 289.830187 49.055087 17.701956 4.167355 49.055087 20.593669 747.423598 95.330260 -307.067586 -33.915362 95.330260 28.570458 -33.984872 -6.624993 -307.067586 -33.984872 247.024692 39.897793 -33.915362 -6.624993 39.897793 17.780447
101.203582 23.794113 -7.555693 -0.914452 23.794113 14.635281 -0.524702 -0.207565 -7.555693 -0.524702 898.134683 111.583139 -0.914452 -0.207565 111.583139 31.674496 377.497792 60.383438 58.812110 7.716181 60.383438 23.229510 7.760742 1.822753 58.812110 7.760742 113.645944 25.423385 7.716181 1.822753 25.423385 15.018097 192.870478 35.992733 132.703660 17.820335 35.992733 17.504367 17.700353 4.173023 132.703660 17.700353 293.093225 49.629522 17.820335 4.173023 49.629522 20.693759 738.374997 93.993596 -305.622451 -34.007084 93.993596 28.363934 -33.718527 -6.614232 -305.622451 -33.718527 247.707636 40.119721 -34.007084 -6.614232 40.119721 17.817545
101.144301 23.787057 -2.940507 -0.338508 23.787057 14.633379 0.351570 -0.057267 -2.940507 0.351570 903.175492 112.233782 -0.338508 -0.057267 112.233782 31.765048 379.864826 60.959797 56.128665 7.143649 60.959797 23.358734 7.399674 1.742172 56.128665 7.399674 112.437213 25.208362 7.143649 1.742172 25.208362 14.980243 189.324489 35.380844 130.034163 17.392563 35.380844 17.402505 17.162619 4.092474 130.034163 17.162619 292.861815 49.531595 17.392563 4.092474 49.531595 20.678267 731.295057 93.190783 -305.428955 -34.150580 93.190783 28.260087 -33.682527 -6.623990 -305.428955 -33.682527 249.166755 40.360406 -34.150580 -6.623990 40.360406 17.851834
101.190370 23.797095 -6.723671 -0.858849 23.797095 14.634014 -0.990534 -0.200573 -6.723671 -0.990534 900.707356 111.828488 -0.858849 -0.200573 111.828488 31.709886 380.342424 61.005816 55.739523 7.298125 61.005816 23.360888 7.428777 1.766285 55.739523 7.428777 112.258510 25.243869 7.298125 1.766285 25.243869 14.989559 186.916722 35.097642 128.568718 17.235632 35.097642 17.359343 16.993736 4.073666 128.568718 16.993736 293.822897 49.682008 17.235632 4.073666 49.682008 20.719277 723.440758 92.447251 -303.440880 -33.867925 92.447251 28.168719 -33.479555 -6.594492 -303.440880 -33.479555 249.089524 40.301697 -33.867925 -6.594492 40.301697 17.844806
101.201226 23.796983 -7.413338 -0.869221 23.796983 14.633417 -0.998291 -0.171127 -7.413338 -0.998291 885.925655 110.003391 -0.869221 -0.171127 110.003391 31.490951 381.891611 61.265100 53.229348 6.795331 61.265100 23.408719 7.059609 1.669044 53.229348 7.059609 111.225879 25.067330 6.795331 1.669044 25.067330 14.950361 185.009385 34.897533 127.429178 17.115523 34.897533 17.315831 16.894848 4.053639 127.429178 16.894848 294.726547 49.814922 17.115523 4.053639 49.814922 20.757577 722.011191 92.638391 -302.006781 -33.518880 92.638391 28.198330 -33.439015 -6.570545 -302.006781 -33.439015 248.032016 40.066602 -33.518880 -6.570545 40.066602 17.813981
101.181260 23.791960 -6.278021 -0.681415 23.791960 14.632474 -0.609692 -0.118165 -6.278021 -0.609692 877.927307 109.364597 -0.681415 -0.118165 109.364597 31.444503 379.687162 60.872663 49.921223 6.279579 60.872663 23.348220 6.598110 1.574657 49.921223 6.598110 110.081268 24.904406 6.279579 1.574657 24.904406 14.918067 187.542505 35.520373 128.818377 17.295691 35.520373 17.419166 17.389315 4.108925 128.818377 17.389315 293.180452 49.420887 17.295691 4.108925 49.420887 20.688542 723.643754 93.116709 -299.790224 -33.020380 93.116709 28.253376 -33.310565 -6.525359 -299.790224 -33.310565 245.504609 39.651889 -33.020380 -6.525359 39.651889 17.757678
101.183481 23.792815 -6.469663 -0.713265 23.792815 14.632719 -0.695041 -0.135373 -6.469663 -0.695041 888.567866 111.059944 -0.713265 -0.135373 111.059944 31.670879 378.976471 60.810917 48.704193 6.295997 60.810917 23.351376 6.499922 1.560896 48.704193 6.499922 109.669843 24.893326 6.295997 1.560896 24.893326 14.912326 188.918586 35.697618 129.090813 17.281903 35.697618 17.426141 17.441008 4.099214 129.090813 17.441008 290.961593 49.090919 17.281903 4.099214 49.090919 20.645823 726.201977 93.484889 -298.589942 -32.875111 93.484889 28.281973 -33.252300 -6.509674 -298.589942 -33.252300 243.763900 39.471173 -32.875111 -6.509674 39.471173 17.736528
101.158338 23.788671 -4.683227 -0.491598 23.788671 14.632139 -0.285708 -0.085739 -4.683227 -0.285708 890.216148 111.181387 -0.491598 -0.085739 111.181387 31.651202 381.893632 61.352663 46.696386 5.953815 61.352663 23.448116 6.224872 1.481111 46.696386 6.224872 108.900980 24.774623 5.953815 1.481111 24.774623 14.882060 188.313178 35.410983 130.333611 17.542394 35.410983 17.358362 17.439118 4.110644 130.333611 17.439118 295.982003 50.105901 17.542394 4.110644 50.105901 20.828698 734.107961 94.595001 -296.372556 -32.284333 94.595001 28.432142 -33.090231 -6.434220 -296.372556 -33.090231 239.900706 38.873670 -32.284333 -6.434220 38.873670 17.633708
101.176459 23.793137 -5.992804 -0.687147 23.793137 14.632879 -0.754026 -0.145695 -5.992804 -0.754026 883.849838 110.278949 -0.687147 -0.145695 110.278949 31.517039 379.495458 60.832172 49.512979 6.850179 60.832172 23.346856 6.712650 1.602320 49.512979 6.712650 109.945279 25.028491 6.850179 1.602320 25.028491 14.926305 186.123995 34.948896 131.072737 17.679127 34.948896 17.277037 17.336701 4.103938 131.072737 17.336701 303.287102 51.239906 17.679127 4.103938 51.239906 21.002479 742.626741 95.537973 -294.635583 -31.968828 95.537973 28.550076 -32.923346 -6.381842 -294.635583 -32.923346 236.457839 38.456363 -31.968828 -6.381842 38.456363 17.561434
101.199812 23.796963 -7.350051 -0.840166 23.796963 14.633429 -1.018007 -0.171636 -7.350051 -1.018007 880.085624 109.894187 -0.840166 -0.171636 109.894187 31.473913 381.595083 61.229859 50.318797 6.833051 61.229859 23.421613 6.756509 1.574533 50.318797 6.756509 110.159781 25.019729 6.833051 1.574533 25.019729 14.913837 187.717185 35.353798 133.489459 17.942004 35.353798 17.357644 17.819290 4.167416 133.489459 17.819290 306.932926 51.428438 17.942004 4.167416 51.428438 21.004789 757.012769 97.218631 -293.183165 -31.513009 97.218631 28.783263 -32.790963 -6.306498 -293.183165 -32.790963 232.191280 37.860257 -31.513009 -6.306498 37.860257 17.448230
101.206158 23.796619 -7.666611 -0.848853 23.796619 14.633248 -0.958376 -0.162727 -7.666611 -0.958376 875.850584 109.494088 -0.848853 -0.162727 109.494088 31.429045 391.516998 62.777727 51.082162 6.777864 62.777727 23.662848 6.827662 1.567441 51.082162 6.827662 110.116949 24.973938 6.777864 1.567441 24.973938 14.903735 190.677250 35.886999 135.526293 18.074308 35.886999 17.439974 18.213702 4.208415 135.526293 18.213702 306.256103 50.992776 18.074308 4.208415 50.992776 20.938530 759.858550 96.886819 -295.022694 -32.385536 96.886819 28.714591 -32.852455 -6.368888 -295.022694 -32.852455 233.266163 38.344869 -32.385536 -6.368888 38.344869 17.513862
101.251613 23.804382 -9.638756 -1.084202 23.804382 14.634670 -1.353743 -0.217817 -9.638756 -1.353743 868.890426 108.778824 -1.084202 -0.217817 108.778824 31.342517 387.534290 61.716771 53.984232 7.493167 61.716771 23.454582 7.234147 1.684166 53.984232 7.234147 111.312379 25.216050 7.493167 1.684166 25.216050 14.953941 191.236393 35.828084 135.837899 18.032329 35.828084 17.413606 18.119824 4.196426 135.837899 18.119824 305.912334 50.922195 18.032329 4.196426 50.922195 20.962351 760.018220 96.570511 -296.037099 -32.712950 96.570511 28.699647 -32.816928 -6.366859 -296.037099 -32.816928 234.142795 38.538101 -32.712950 -6.366859 38.538101 17.513521
101.328394 23.816313 -12.271641 -1.382183 23.816313 14.636725 -1.788026 -0.277175 -12.271641 -1.788026 863.509120 108.334273 -1.382183 -0.277175 108.334273 31.291891 376.576971 59.989615 52.804250 7.116364 59.989615 23.210791 6.955683 1.626615 52.804250 6.955683 111.254666 25.154294 7.116364 1.626615 25.154294 14.940672 189.409466 35.409355 134.561702 17.844745 35.409355 17.345848 17.762299 4.160982 134.561702 17.762299 306.243596 51.059247 17.844745 4.160982 51.059247 21.010700 753.106776 95.439474 -297.534054 -33.276123 95.439474 28.571022 -32.823695 -6.408456 -297.534054 -32.823695 236.915383 39.029645 -33.276123 -6.408456 39.029645 17.578307
101.272242 23.800802 -10.422960 -1.102382 23.800802 14.633874 -1.054047 -0.193940 -10.422960 -1.054047 871.006474 109.512883 -1.102382 -0.193940 109.512883 31.439731 373.069828 59.851039 51.359189 6.766693 59.851039 23.237559 6.763263 1.596114 51.359189 6.763263 110.831126 25.056320 6.766693 1.596114 25.056320 14.927798 190.895409 35.783088 135.073503 17.910662 35.783088 17.435982 18.014185 4.207110 135.073503 18.014185 304.387937 50.683702 17.910662 4.207110 50.683702 20.943612 756.172303 95.962919 -301.244443 -33.662524 95.962919 28.670148 -33.233321 -6.457240 -301.244443 -33.233321 239.668832 39.286487 -33.662524 -6.457240 39.286487 17.602577
101.428971 23.831715 -15.169320 -1.729797 23.831715 14.639823 -2.226945 -0.359029 -15.169320 -2.226945 877.396927 110.220813 -1.729797 -0.359029 110.220813 31.496429 376.431468 60.643071 53.531164 7.305331 60.643071 23.358815 7.184999 1.699193 53.531164 7.184999 111.541003 25.211583 7.305331 1.699193 25.211583 14.962765 191.061726 35.848185 132.775107 17.512492 35.848185 17.455269 17.741031 4.160152 132.775107 17.741031 297.169079 49.544873 17.512492 4.160152 49.544873 20.763071 766.796941 97.528480 -302.200550 -33.129966 97.528480 28.890941 -33.390194 -6.414769 -302.200550 -33.390194 238.326039 38.788335 -33.129966 -6.414769 38.788335 17.517443
101.306268 23.801496 -11.687171 -1.225377 23.801496 14.634222 -1.025827 -0.209252 -11.687171 -1.025827 887.402592 111.272284 -1.225377 -0.209252 111.272284 31.601703 380.648992 61.316436 52.660293 6.935223 61.316436 23.434835 7.015139 1.637108 52.660293 7.015139 111.053550 25.083510 6.935223 1.637108 25.083510 14.936125 197.386106 37.117615 133.069037 17.482443 37.117615 17.708874 18.215054 4.219180 133.069037 18.215054 285.186021 47.660580 17.482443 4.219180 47.660580 20.438043 761.909701 96.366216 -305.614255 -34.150425 96.366216 28.682237 -33.621540 -6.536285 -305.614255 -33.621540 242.482911 39.607078 -34.150425 -6.536285 39.607078 17.672994
101.265732 23.797841 -10.348392 -1.107811 23.797841 14.634305 -0.873354 -0.208122 -10.348392 -0.873354 894.725113 111.833606 -1.107811 -0.208122 111.833606 31.646469 378.101965 60.720441 51.579712 6.781269 60.720441 23.308011 6.853059 1.616788 51.579712 6.853059 110.736335 25.045219 6.781269 1.616788 25.045219 14.933004 194.000055 36.125341 130.490057 17.327269 36.125341 17.509266 17.439292 4.134562 130.490057 17.439292 284.520542 48.285579 17.327269 4.134562 48.285579 20.577107 747.086248 94.264447 -307.105844 -34.752814 94.264447 28.403082 -33.608267 -6.598703 -307.105844 -33.608267 247.143671 40.357552 -34.752814 -6.598703 40.357552 17.797206
101.187570 23.788320 -6.720782 -0.698374 23.788320 14.633222 -0.195045 -0.124368 -6.720782 -0.195045 901.186375 112.298554 -0.698374 -0.124368 112.298554 31.696245 372.033628 59.752533 50.764599 6.751994 59.752533 23.160827 6.753999 1.610976 50.764599 6.753999 110.643204 25.055109 6.751994 1.610976 25.055109 14.935939 195.677949 36.484635 132.430203 17.765790 36.484635 17.615647 17.849843 4.215636 132.430203 17.849843 286.636791 48.765557 17.765790 4.215636 48.765557 20.590394 731.356851 92.631710 -304.919429 -34.372712 92.631710 28.223818 -33.325973 -6.572065 -304.919429 -33.325973 248.661034 40.426444 -34.372712 -6.572065 40.426444 17.814020
101.146036 23.786313 -3.485970 -0.367290 23.786313 14.632954 0.207693 -0.068352 -3.485970 0.207693 912.159950 113.358669 -0.367290 -0.068352 113.358669 31.831615 376.246314 60.633646 53.175030 7.292970 60.633646 23.321790 7.173591 1.694030 53.175030 7.173591 111.409269 25.206727 7.292970 1.694030 25.206727 14.961987 195.071597 36.298664 133.473608 17.968425 36.298664 17.582521 17.866154 4.217626 133.473608 17.866154 290.782999 49.445163 17.968425 4.217626 49.445163 20.661069 732.022848 93.577345 -301.317590 -33.177122 93.577345 28.393110 -33.177087 -6.486465 -301.317590 -33.177087 245.046813 39.560492 -33.177122 -6.486465 39.560492 17.689489
101.137958 23.787473 -2.391963 -0.295813 23.787473 14.632527 0.064938 -0.069270 -2.391963 0.064938 914.804193 113.303965 -0.295813 -0.069270 113.303965 31.825064 382.966097 61.655424 54.406466 7.346858 61.655424 23.465059 7.308420 1.694118 54.406466 7.308420 111.633313 25.205041 7.346858 1.694118 25.205041 14.956596 195.396887 36.436390 132.784281 17.746248 36.436390 17.619395 17.799877 4.190088 132.784281 17.799877 288.176647 48.760236 17.746248 4.190088 48.760236 20.508331 732.537024 93.806086 -301.563725 -33.380812 93.806086 28.381448 -33.362505 -6.544269 -301.563725 -33.362505 245.161384 39.692777 -33.380812 -6.544269 39.692777 17.746569
101.179032 23.796104 -6.148009 -0.778132 23.796104 14.633619 -1.045477 -0.182541 -6.148009 -1.045477 909.267538 112.398382 -0.778132 -0.182541 112.398382 31.732685 389.997694 62.513315 54.954387 7.289951 62.513315 23.575050 7.335880 1.687457 54.954387 7.335880 111.585224 25.168018 7.289951 1.687457 25.168018 14.950025 191.149130 35.614023 130.057215 17.400175 35.614023 17.461733 17.172495 4.105461 130.057215 17.172495 289.053677 49.051198 17.400175 4.105461 49.051198 20.589558 723.509999 92.444640 -303.689463 -34.293892 92.444640 28.147529 -33.564787 -6.644717 -303.689463 -33.564787 249.320562 40.552250 -34.293892 -6.644717 40.552250 17.899600
101.192354 23.796234 -7.008641 -0.806014 23.796234 14.633184 -1.009028 -0.155868 -7.008641 -1.009028 897.438748 110.987546 -0.806014 -0.155868 110.987546 31.596164 392.231291 62.547052 52.672476 6.715380 62.547052 23.573377 6.937708 1.601596 52.672476 6.937708 110.663814 24.988443 6.715380 1.601596 24.988443 14.919014 188.943544 35.383339 128.923817 17.310917 35.383339 17.431148 17.074556 4.097652 128.923817 17.074556 290.419141 49.274342 17.310917 4.097652 49.274342 20.632966 723.290087 92.990930 -298.574848 -32.856684 92.990930 28.257525 -33.109376 -6.483284 -298.574848 -33.109376 244.421895 39.506878 -32.856684 -6.483284 39.506878 17.716474
101.185540 23.793332 -6.589119 -0.710281 23.793332 14.632605 -0.751426 -0.125745 -6.589119 -0.751426 887.699827 110.111005 -0.710281 -0.125745 110.111005 31.532499 388.868073 61.820987 50.602563 6.465253 61.820987 23.479411 6.658303 1.568000 50.602563 6.658303 110.030326 24.918648 6.465253 1.568000 24.918648 14.910249 191.970640 36.161139 129.737123 17.373776 36.161139 17.573739 17.548247 4.147115 129.737123 17.548247 286.444564 48.425070 17.373776 4.147115 48.425070 20.477645 737.581331 95.346505 -292.781360 -31.243837 95.346505 28.590340 -32.712621 -6.319634 -292.781360 -32.712621 235.831067 38.063821 -31.243837 -6.319634 38.063821 17.498234
101.222542 23.800073 -8.511143 -0.950285 23.800073 14.633899 -1.179766 -0.189115 -8.511143 -1.179766 889.241003 110.706918 -0.950285 -0.189115 110.706918 31.634159 378.267915 60.207663 48.306526 6.256607 60.207663 23.265535 6.362050 1.528853 48.306526 6.362050 109.550810 24.880404 6.256607 1.528853 24.880404 14.902802 191.323270 35.829178 131.573006 17.764683 35.829178 17.468964 17.617605 4.163159 131.573006 17.617605 293.090381 49.778553 17.764683 4.163159 49.778553 20.741060 741.347708 95.237450 -294.131291 -32.234981 95.237450 28.505927 -32.865091 -6.420970 -294.131291 -32.865091 236.264316 38.615270 -32.234981 -6.420970 38.615270 17.606026
101.152893 23.786634 -4.027283 -0.364875 23.786634 14.631942 0.035552 -0.042372 -4.027283 0.035552 888.282127 110.753155 -0.364875 -0.042372 110.753155 31.630200 378.193543 60.602950 49.218916 6.619231 60.602950 23.375991 6.592221 1.577041 49.218916 6.592221 109.874769 24.972509 6.619231 1.577041 24.972509 14.916102 189.966760 35.500325 133.470477 18.054435 35.500325 17.400633 17.704632 4.177170 133.470477 17.704632 301.683955 51.071206 18.054435 4.177170 51.071206 20.937888 740.282731 94.796277 -293.425344 -32.402689 94.796277 28.452041 -32.691242 -6.395130 -293.425344 -32.691242 235.839932 38.706428 -32.402689 -6.395130 38.706428 17.592069
101.165597 23.791051 -5.175932 -0.585913 23.791051 14.632644 -0.565737 -0.129473 -5.175932 -0.565737 874.689998 109.133112 -0.585913 -0.129473 109.133112 31.411963 376.872588 60.559458 49.189092 6.602779 60.559458 23.357615 6.581409 1.558684 49.189092 6.581409 109.905345 24.968871 6.602779 1.558684 24.968871 14.910070 191.303273 35.859561 134.465618 18.010409 35.859561 17.472482 17.957098 4.193878 134.465618 17.957098 301.653342 50.577906 18.010409 4.193878 50.577906 20.824277 742.048170 95.097665 -290.082960 -31.704061 95.097665 28.533493 -32.290228 -6.286641 -290.082960 -32.290228 232.427163 38.144530 -31.704061 -6.286641 38.144530 17.476069
101.242023 23.806217 -9.251774 -1.098058 23.806217 14.635374 -1.535256 -0.241027 -9.251774 -1.535256 877.178652 109.780171 -1.098058 -0.241027 109.780171 31.503482 379.610220 61.110547 47.885105 6.244262 61.110547 23.430180 6.371986 1.497151 47.885105 6.371986 109.365912 24.853064 6.244262 1.497151 24.853064 14.886503 190.259355 35.634777 133.208011 17.727434 35.634777 17.417794 17.680060 4.147446 133.208011 17.680060 300.219901 50.242519 17.727434 4.147446 50.242519 20.806388 744.050736 95.284944 -288.985449 -31.698271 95.284944 28.571271 -32.164887 -6.272507 -288.985449 -32.164887 231.028144 38.048210 -31.698271 -6.272507 38.048210 17.455083
101.222927 23.797993 -8.448317 -0.920535 23.797993 14.633359 -1.007988 -0.166699 -8.448317 -1.007988 874.855976 109.583033 -0.920535 -0.166699 109.583033 31.459262 375.362304 60.335408 47.043434 6.213279 60.335408 23.276546 6.267879 1.491738 47.043434 6.267879 109.200735 24.852645 6.213279 1.491738 24.852645 14.889107 193.129710 36.185711 135.395863 18.039052 36.185711 17.518499 18.174869 4.228072 135.395863 18.174869 300.400208 50.229325 18.039052 4.228072 50.229325 20.824733 747.752574 95.752485 -287.550658 -31.474362 95.752485 28.651341 -32.012450 -6.231787 -287.550658 -32.012450 229.004927 37.788560 -31.474362 -6.231787 37.788560 17.402793
101.199770 23.793351 -7.281686 -0.770098 23.793351 14.632795 -0.689244 -0.138918 -7.281686 -0.689244 866.790653 108.647864 -0.770098 -0.138918 108.647864 31.327236 380.025380 61.243047 43.300755 5.346473 61.243047 23.437021 5.706568 1.348000 43.300755 5.706568 107.862506 24.600734 5.346473 1.348000 24.600734 14.839707 193.458413 36.107315 135.995925 18.107368 36.107315 17.492844 18.146204 4.227768 135.995925 18.146204 301.448967 50.457215 18.107368 4.227768 50.457215 20.878969 747.529216 95.399057 -291.041708 -32.516355 95.399057 28.587058 -32.346978 -6.334438 -291.041708 -32.346978 232.174986 38.474748 -32.516355 -6.334438 38.474748 17.506879
101.182612 23.791463 -6.264864 -0.670673 23.791463 14.632693 -0.545775 -0.129936 -6.264864 -0.545775 852.297608 107.036572 -0.670673 -0.129936 107.036572 31.125903 382.180369 61.438390 43.124900 5.611165 61.438390 23.445321 5.783228 1.385673 43.124900 5.783228 107.749657 24.649243 5.611165 1.385673 24.649243 14.850442 194.440759 36.218059 137.497634 18.319705 36.218059 17.518102 18.330595 4.264218 137.497634 18.330595 303.740401 50.801428 18.319705 4.264218 50.801428 20.931359 753.594889 96.424885 -287.748226 -31.379176 96.424885 28.766436 -31.981729 -6.189326 -287.748226 -31.981729 228.037159 37.603172 -31.379176 -6.189326 37.603172 17.342631
101.284341 23.812346 -10.630754 -1.251562 23.812346 14.636543 -1.687141 -0.274681 -10.630754 -1.687141 844.063264 106.425664 -1.251562 -0.274681 106.425664 31.063850 381.287966 61.126315 46.101030 6.432582 61.126315 23.386029 6.266233 1.490032 46.101030 6.266233 108.722320 24.866074 6.432582 1.490032 24.866074 14.885387 200.390532 37.306489 141.093977 18.708692 37.306489 17.726251 19.097857 4.368597 141.093977 19.097857 301.722020 50.212758 18.708692 4.368597 50.212758 20.803524 764.009764 97.642013 -288.024769 -31.330139 97.642013 28.921090 -32.051977 -6.186581 -288.024769 -32.051977 226.280860 37.383470 -31.330139 -6.186581 37.383470 17.311702
101.436031 23.836472 -15.039436 -1.739312 23.836472 14.640505 -2.390832 -0.356147 -15.039436 -2.390832 844.481897 106.862603 -1.739312 -0.356147 106.862603 31.116547 378.131946 60.593888 48.339300 6.782228 60.593888 23.310446 6.519345 1.523147 48.339300 6.519345 109.569145 24.986656 6.782228 1.523147 24.986656 14.899997 199.076513 36.702417 141.787226 18.831785 36.702417 17.593949 18.778117 4.340063 141.787226 18.778117 306.404276 51.169284 18.831785 4.340063 51.169284 20.990411 762.825164 96.915550 -291.336896 -32.427991 96.915550 28.790827 -32.300970 -6.293514 -291.336896 -32.300970 229.405804 38.110873 -32.427991 -6.293514 38.110873 17.429047
101.358515 23.811011 -13.087197 -1.397288 23.811011 14.635292 -1.426126 -0.242480 -13.087197 -1.426126 856.104841 108.492895 -1.397288 -0.242480 108.492895 31.295862 374.487960 60.102234 50.818561 7.150178 60.102234 23.242136 6.820760 1.586425 50.818561 6.820760 110.581193 25.129160 7.150178 1.586425 25.129160 14.926254 200.806306 37.030840 142.982402 18.910479 37.030840 17.684897 18.996793 4.380366 142.982402 18.996793 306.243101 50.912942 18.910479 4.380366 50.912942 20.916726 756.038785 95.885692 -291.473908 -32.561110 95.885692 28.675886 -32.174953 -6.285192 -291.473908 -32.174953 230.855280 38.317109 -32.561110 -6.285192 38.317109 17.444781
101.330130 23.806333 -12.396164 -1.333861 23.806333 14.635283 -1.247534 -0.246916 -12.396164 -1.247534 872.372157 110.302716 -1.333861 -0.246916 110.302716 31.471617 367.663339 59.243330 46.415929 5.938289 59.243330 23.119471 6.050158 1.413942 46.415929 6.050158 109.221792 24.800923 5.938289 1.413942 24.800923 14.867295 203.169336 37.492819 142.003724 18.608883 37.492819 17.788225 18.973882 4.370370 142.003724 18.973882 298.775062 49.546160 18.608883 4.370370 49.546160 20.686966 749.323912 94.974908 -295.203131 -33.411355 94.974908 28.564383 -32.516962 -6.382803 -295.203131 -32.516962 235.576442 39.046933 -33.411355 -6.382803 39.046933 17.558218
101.385604 23.818279 -14.189176 -1.591262 23.818279 14.637619 -1.725285 -0.318237 -14.189176 -1.725285 890.899786 112.087382 -1.591262 -0.318237 112.087382 31.643020 365.197619 59.140889 44.669008 5.777040 59.140889 23.108570 5.907792 1.423387 44.669008 5.907792 108.688704 24.751638 5.777040 1.423387 24.751638 14.870942 199.351788 36.611271 139.623680 18.420964 36.611271 17.626148 18.327163 4.308999 139.623680 18.327163 299.631320 50.114181 18.420964 4.308999 50.114181 20.832379 757.910926 96.620133 -294.513352 -32.405317 96.620133 28.825445 -32.549615 -6.290529 -294.513352 -32.549615 233.200428 38.269850 -32.405317 -6.290529 38.269850 17.419606
101.357893 23.811201 -13.458049 -1.477556 23.811201 14.636262 -1.439951 -0.280509 -13.458049 -1.439951 897.564873 112.208214 -1.477556 -0.280509 112.208214 31.620683 373.408104 60.651278 45.347371 6.023617 60.651278 23.338295 6.121784 1.463857 45.347371 6.121784 108.683007 24.787236 6.023617 1.463857 24.787236 14.878157 196.152396 36.066574 140.327028 18.748519 36.066574 17.545740 18.305774 4.338683 140.327028 18.305774 308.400013 51.724917 18.748519 4.338683 51.724917 21.097372 759.594861 96.738939 -293.552348 -32.211375 96.738939 28.809589 -32.448740 -6.290010 -293.552348 -32.448740 232.001304 38.114211 -32.211375 -6.290010 38.114211 17.422308
101.325873 23.806379 -12.411404 -1.352214 23.806379 14.635631 -1.238880 -0.258525 -12.411404 -1.238880 889.065759 110.661656 -1.352214 -0.258525 110.661656 31.435676 374.263085 60.520947 46.510514 6.337956 60.520947 23.264415 6.299309 1.494898 46.510514 6.299309 109.051166 24.874102 6.337956 1.494898 24.874102 14.890575 193.636073 35.800248 140.055247 18.698772 35.800248 17.503707 18.268957 4.322620 140.055247 18.268957 313.189031 52.216930 18.698772 4.322620 52.216930 21.148614 766.480339 97.752694 -289.110759 -31.109070 97.752694 28.959177 -32.025239 -6.173123 -289.110759 -32.025239 226.760518 37.254554 -31.109070 -6.173123 37.254554 17.293673
101.276423 23.799547 -10.709848 -1.160830 23.799547 14.634665 -0.931088 -0.221028 -10.709848 -0.931088 886.964210 110.403406 -1.160830 -0.221028 110.403406 31.457186 381.627070 61.565709 48.012291 6.517744 61.565709 23.425448 6.487181 1.509258 48.012291 6.487181 109.348779 24.906337 6.517744 1.509258 24.906337 14.890700 192.025636 35.723173 138.272710 18.333573 35.723173 17.479163 18.120950 4.275108 138.272710 18.120950 311.480607 51.625667 18.333573 4.275108 51.625667 21.056386 767.536936 97.557243 -288.520244 -31.476225 97.557243 28.915077 -31.959436 -6.210142 -288.520244 -31.959436 226.045922 37.424102 -31.476225 -6.210142 37.424102 17.333073
101.207999 23.791039 -7.748070 -0.826244 23.791039 14.633511 -0.417752 -0.154618 -7.748070 -0.417752 879.251799 109.543527 -0.826244 -0.154618 109.543527 31.390631 385.546078 61.928365 45.002783 5.674381 61.928365 23.476235 5.940475 1.371229 45.002783 5.940475 108.257531 24.670361 5.674381 1.371229 24.670361 14.844868 192.677118 35.990309 137.411574 18.155232 35.990309 17.509682 18.209494 4.269907 137.411574 18.209494 307.397389 50.880383 18.155232 4.269907 50.880383 20.967515 765.910248 97.326943 -284.315513 -30.878739 97.326943 28.916856 -31.467295 -6.117551 -284.315513 -31.467295 222.729361 37.001026 -30.878739 -6.117551 37.001026 17.253097
101.184525 23.790857 -6.454155 -0.721646 23.790857 14.633309 -0.420028 -0.148199 -6.454155 -0.420028 873.094099 109.032337 -0.721646 -0.148199 109.032337 31.362621 380.811852 60.936783 41.739308 5.195320 60.936783 23.328741 5.481625 1.303700 41.739308 5.481625 107.362383 24.552698 5.195320 1.303700 24.552698 14.828431 191.904765 35.843301 135.805012 17.944933 35.843301 17.463637 17.990895 4.231471 135.805012 17.990895 304.308673 50.565616 17.944933 4.231471 50.565616 20.954550 761.576429 96.721063 -282.305820 -30.973968 96.721063 28.858119 -31.237156 -6.110542 -282.305820 -31.237156 221.802778 37.054094 -30.973968 -6.110542 37.054094 17.256795
101.212837 23.797981 -7.922821 -0.934407 23.797981 14.634096 -0.975783 -0.202451 -7.922821 -0.975783 867.031371 108.556774 -0.934407 -0.202451 108.556774 31.322382 376.486887 60.363316 37.906697 4.631558 60.363316 23.285706 4.978252 1.207785 37.906697 4.978252 106.353006 24.417234 4.631558 1.207785 24.417234 14.802714 191.347382 35.703589 136.560662 18.184390 35.703589 17.429100 18.075956 4.253985 136.560662 18.075956 307.846272 51.370880 18.184390 4.253985 51.370880 21.100667 758.659494 96.423475 -282.026167 -31.212657 96.423475 28.841194 -31.223008 -6.121232 -282.026167 -31.223008 222.097620 37.204280 -31.212657 -6.121232 37.204280 17.268607
101.281102 23.810018 -10.654035 -1.246696 23.810018 14.635905 -1.566941 -0.260118 -10.654035 -1.566941 857.520348 107.640028 -1.246696 -0.260118 107.640028 31.213391 371.240637 59.687426 40.526216 5.640550 59.687426 23.201084 5.521501 1.351239 40.526216 5.521501 107.220181 24.655137 5.640550 1.351239 24.655137 14.844816 193.122903 36.014733 139.878519 18.700013 36.014733 17.479245 18.611081 4.329873 139.878519 18.611081 313.822537 52.249119 18.700013 4.329873 52.249119 21.215641 760.756153 96.866875 -282.252631 -31.203084 96.866875 28.915066 -31.290342 -6.110249 -282.252631 -31.290342 221.906128 37.147366 -31.203084 -6.110249 37.147366 17.245526
101.256958 23.801253 -9.743036 -1.068102 23.801253 14.633983 -1.101074 -0.196044 -9.743036 -1.101074 851.979537 107.292374 -1.068102 -0.196044 107.292374 31.174427 373.768865 60.363592 42.584213 5.956517 60.363592 23.322850 5.795939 1.368647 42.584213 5.795939 107.784420 24.729831 5.956517 1.368647 24.729831 14.847574 195.803235 36.497183 141.122302 18.685779 36.497183 17.562455 18.867022 4.340557 141.122302 18.867022 311.502967 51.523580 18.685779 4.340557 51.523580 21.060679 759.331752 96.629856 -283.250608 -31.519109 96.629856 28.868155 -31.381367 -6.138515 -283.250608 -31.381367 223.024829 37.365784 -31.519109 -6.138515 37.365784 17.278482
101.169714 23.786797 -5.323652 -0.512455 23.786797 14.632305 -0.044099 -0.073530 -5.323652 -0.044099 853.231431 107.736367 -0.512455 -0.073530 107.736367 31.222165 378.159078 61.097135 41.636552 5.497068 61.097135 23.416138 5.561668 1.288191 41.636552 5.561668 107.390259 24.606616 5.497068 1.288191 24.606616 14.820630 192.311887 35.667107 139.108843 18.391197 35.667107 17.397559 18.204560 4.253187 139.108843 18.204560 313.379359 51.969505 18.391197 4.253187 51.969505 21.172491 756.371438 96.230460 -284.185547 -31.747687 96.230460 28.806011 -31.451406 -6.158691 -284.185547 -31.451406 224.385194 37.570251 -31.747687 -6.158691 37.570251 17.307827
101.161165 23.788955 -4.778165 -0.530536 23.788955 14.632672 -0.293124 -0.114111 -4.778165 -0.293124 846.293013 106.933413 -0.530536 -0.114111 106.933413 31.093153 375.966966 60.507738 45.733738 6.523274 60.507738 23.280823 6.214065 1.462704 45.733738 6.214065 108.751657 24.890864 6.523274 1.462704 24.890864 14.880349 193.453502 36.038090 139.079299 18.347302 36.038090 17.492854 18.416415 4.289223 139.079299 18.416415 310.655941 51.368266 18.347302 4.289223 51.368266 21.061708 745.610860 94.828105 -284.045604 -31.977991 94.828105 28.611083 -31.360155 -6.181924 -284.045604 -31.360155 226.321059 37.902970 -31.977991 -6.181924 37.902970 17.366628
101.201229 23.797902 -7.258411 -0.875589 23.797902 14.633971 -1.042911 -0.196394 -7.258411 -1.042911 852.043701 107.832891 -0.875589 -0.196394 107.832891 31.197492 375.769399 60.497646 45.858720 6.247707 60.497646 23.287963 6.122542 1.416818 45.858720 6.122542 108.790458 24.829265 6.247707 1.416818 24.829265 14.864128 193.152620 35.959438 138.767420 18.337662 35.959438 17.471963 18.351187 4.284690 138.767420 18.351187 310.390404 51.432982 18.337662 4.284690 51.432982 21.095354 746.672342 95.429228 -282.409289 -31.293271 95.429228 28.718492 -31.273537 -6.119485 -282.409289 -31.273537 224.679251 37.447813 -31.293271 -6.119485 37.447813 17.290113
101.346189 23.824960 -12.645186 -1.509356 23.824960 14.638847 -2.159613 -0.321899 -12.645186 -2.159613 849.605038 107.444041 -1.509356 -0.321899 107.444041 31.118294 379.413821 61.119729 44.559927 5.803875 61.119729 23.393226 5.896188 1.367486 44.559927 5.896188 108.268105 24.703544 5.803875 1.367486 24.703544 14.845175 193.519645 36.023901 139.327102 18.451109 36.023901 17.483604 18.455571 4.303642 139.327102 18.455571 311.241753 51.615154 18.451109 4.303642 51.615154 21.126032 747.640686 95.610403 -283.261831 -31.498070 95.610403 28.716498 -31.435118 -6.160241 -283.261831 -31.435118 225.239185 37.573151 -31.498070 -6.160241 37.573151 17.325974
101.359317 23.817571 -13.137206 -1.455605 23.817571 14.636463 -1.757290 -0.267463 -13.137206 -1.757290 855.998478 108.255762 -1.455605 -0.267463 108.255762 31.211076 378.476158 60.847374 43.198752 5.601733 60.847374 23.339221 5.721776 1.351738 43.198752 5.721776 107.859637 24.651511 5.601733 1.351738 24.651511 14.841763 192.323411 35.805182 138.112878 18.262795 35.805182 17.445060 18.219098 4.266154 138.112878 18.219098 310.304176 51.473134 18.262795 4.266154 51.473134 21.100759 751.509000 96.078916 -285.553230 -31.826229 96.078916 28.755174 -31.730034 -6.202422 -285.553230 -31.730034 226.504649 37.756241 -31.826229 -6.202422 37.756241 17.355488
101.303641 23.803486 -11.481448 -1.214165 23.803486 14.634359 -1.143735 -0.211623 -11.481448 -1.143735 865.027259 109.237155 -1.214165 -0.211623 109.237155 31.315324 376.712168 60.551717 42.389349 5.563406 60.551717 23.302157 5.646097 1.346607 42.389349 5.646097 107.650626 24.641526 5.563406 1.346607 24.641526 14.841046 193.713371 36.097476 139.529046 18.497898 36.097476 17.500096 18.534817 4.315027 139.529046 18.534817 311.411152 51.638196 18.497898 4.315027 51.638196 21.122737 759.970452 97.106603 -287.860634 -31.891939 97.106603 28.874340 -32.004469 -6.209988 -287.860634 -32.004469 226.902735 37.708140 -31.891939 -6.209988 37.708140 17.339277
101.348871 23.813412 -12.995583 -1.441365 23.813412 14.636551 -1.567894 -0.285534 -12.995583 -1.567894 875.622878 110.263662 -1.441365 -0.285534 110.263662 31.422786 372.780098 59.987300 41.561202 5.499832 59.987300 23.225088 5.548067 1.328406 41.561202 5.548067 107.489164 24.630217 5.499832 1.328406 24.630217 14.837127 198.747200 36.991992 143.079569 18.935615 36.991992 17.656420 19.253450 4.408392 143.079569 19.253450 310.864603 51.393202 18.935615 4.408392 51.393202 21.059536 769.317735 98.310606 -284.058277 -30.660052 98.310606 29.039677 -31.568174 -6.065606 -284.058277 -31.568174 221.893896 36.773057 -30.660052 -6.065606 36.773057 17.187193
101.382258 23.818068 -13.985185 -1.556654 23.818068 14.637316 -1.715194 -0.307280 -13.985185 -1.715194 878.081683 110.173037 -1.556654 -0.307280 110.173037 31.395590 372.023135 60.025949 42.167454 5.708725 60.025949 23.243296 5.674905 1.354028 42.167454 5.674905 107.694597 24.681128 5.708725 1.354028 24.681128 14.844535 198.580703 36.708052 142.820143 18.828852 36.708052 17.589139 18.947447 4.362506 142.820143 18.947447 310.446949 51.398392 18.828852 4.362506 51.398392 21.068055 772.209666 98.245939 -283.198752 -30.828441 98.245939 29.010022 -31.423768 -6.080573 -283.198752 -31.423768 220.642695 36.797811 -30.828441 -6.080573 36.797811 17.204737
101.495245 23.837145 -16.745607 -1.884441 23.837145 14.640641 -2.268039 -0.379714 -16.745607 -2.268039 870.868105 109.027327 -1.884441 -0.379714 109.027327 31.262002 369.862689 59.721410 46.039405 6.601204 59.721410 23.180599 6.278249 1.488319 46.039405 6.278249 109.026125 24.938899 6.601204 1.488319 24.938899 14.892024 198.931646 36.803809 140.354255 18.358849 36.803809 17.638712 18.634108 4.317692 140.354255 18.634108 302.564653 50.069513 18.358849 4.317692 50.069513 20.835185 768.681421 97.415681 -284.141721 -31.461739 97.415681 28.906204 -31.439165 -6.131756 -284.141721 -31.439165 222.076616 37.221699 -31.461739 -6.131756 37.221699 17.265758
101.498351 23.830780 -16.811697 -1.843720 23.830780 14.639191 -2.010180 -0.351598 -16.811697 -2.010180 869.492170 108.939820 -1.843720 -0.351598 108.939820 31.288184 370.621529 59.957482 46.684993 6.424351 59.957482 23.213543 6.268880 1.455456 46.684993 6.268880 109.219222 24.900521 6.424351 1.455456 24.900521 14.879311 194.099791 35.877463 136.012147 17.885482 35.877463 17.486449 17.786952 4.222933 136.012147 17.786952 300.130806 50.100543 17.885482 4.222933 50.100543 20.878527 769.126187 97.440624 -286.116923 -31.817209 97.440624 28.941240 -31.621869 -6.157121 -286.116923 -31.621869 223.681307 37.447051 -31.817209 -6.157121 37.447051 17.281013
101.590617 23.845439 -18.802090 -2.087705 23.845439 14.642042 -2.376890 -0.411520 -18.802090 -2.376890 869.846850 109.079434 -2.087705 -0.411520 109.079434 31.327067 378.313876 61.229974 45.445752 5.907757 61.229974 23.405642 6.036500 1.393195 45.445752 6.036500 108.585489 24.739277 5.907757 1.393195 24.739277 14.852950 192.832742 35.828330 135.840620 18.067765 35.828330 17.502425 17.908481 4.261781 135.840620 17.908481 302.359786 50.655924 18.067765 4.261781 50.655924 20.959442 775.483435 98.214764 -290.813071 -32.427189 98.214764 29.049455 -32.136240 -6.226636 -290.813071 -32.136240 226.543030 37.788200 -32.427189 -6.226636 37.788200 17.321046
101.633870 23.847980 -19.666330 -2.170185 23.847980 14.642459 -2.386016 -0.421782 -19.666330 -2.386016 869.573329 109.098145 -2.170185 -0.421782 109.098145 31.336982 381.223131 61.409602 44.368288 5.738410 61.409602 23.401104 5.896990 1.383332 44.368288 5.896990 108.159742 24.685789 5.738410 1.383332 24.685789 14.850263 194.931182 36.344950 137.858704 18.398082 36.344950 17.591094 18.423492 4.322642 137.858704 18.423492 303.743781 50.779001 18.398082 4.322642 50.779001 20.945601 769.676487 97.276012 -291.580709 -32.561516 97.276012 28.913534 -32.082880 -6.238270 -291.580709 -32.082880 228.301517 38.002267 -32.561516 -6.238270 38.002267 17.357320
101.785125 23.872474 -22.308229 -2.488980 23.872474 14.646958 -2.891026 -0.496678 -22.308229 -2.891026 861.998921 108.175974 -2.488980 -0.496678 108.175974 31.222424 373.431970 59.897874 46.622388 6.492414 59.897874 23.152885 6.285499 1.501756 46.622388 6.285499 109.120136 24.916934 6.492414 1.501756 24.916934 14.896540 197.187628 36.685656 139.964951 18.648883 36.685656 17.626609 18.748325 4.349358 139.964951 18.748325 305.075167 50.893013 18.648883 4.349358 50.893013 20.948161 766.497998 96.984061 -291.217366 -32.325206 96.984061 28.890365 -32.017109 -6.225245 -291.217366 -32.017109 228.590429 37.926896 -32.325206 -6.225245 37.926896 17.350059
101.912992 23.886667 -24.469898 -2.721609 23.886667 14.649171 -3.109697 -0.533362 -24.469898 -3.109697 866.664698 108.956882 -2.721609 -0.533362 108.956882 31.334244 362.539920 58.353576 46.973168 6.521377 58.353576 22.948649 6.284540 1.495930 46.973168 6.284540 109.573781 24.971435 6.521377 1.495930 24.971435 14.901605 198.994751 36.861336 142.040633 18.881472 36.861336 17.641494 18.959827 4.372718 142.040633 18.959827 307.288627 51.168231 18.881472 4.372718 51.168231 20.984721 765.790738 97.055651 -290.610536 -32.086405 97.055651 28.908486 -31.989057 -6.219390 -290.610536 -31.989057 228.194959 37.796392 -32.086405 -6.219390 37.796392 17.341100
101.910398 23.876905 -24.356121 -2.669838 23.876905 14.647636 -2.834621 -0.512840 -24.356121 -2.834621 861.964351 108.353061 -2.669838 -0.512840 108.353061 31.245692 361.682088 58.734695 44.929590 5.903652 58.734695 23.050797 5.955421 1.409917 44.929590 5.955421 108.881169 24.793355 5.903652 1.409917 24.793355 14.867836 205.677092 38.062883 144.508857 18.998573 38.062883 17.872272 19.566034 4.440831 144.508857 19.566034 300.932892 49.819190 18.998573 4.440831 49.819190 20.727370 765.575572 97.156239 -289.105408 -31.762272 97.156239 28.924722 -31.872170 -6.198226 -289.105408 -31.872170 226.922864 37.584873 -31.762272 -6.198226 37.584873 17.319510
102.127499 23.914111 -27.580821 -3.081481 23.914111 14.654724 -3.497639 -0.613853 -27.580821 -3.497639 864.795557 108.791108 -3.081481 -0.613853 108.791108 31.300862 361.299336 58.890397 42.358691 5.424613 58.890397 23.053904 5.621546 1.351239 42.358691 5.621546 108.030064 24.654658 5.424613 1.351239 24.654658 14.848908 204.324428 37.381976 144.874670 19.132176 37.381976 17.728056 19.169790 4.414235 144.874670 19.169790 304.547334 50.768503 19.132176 4.414235 50.768503 20.926129 760.991709 96.446513 -290.681526 -32.404262 96.446513 28.811307 -32.047320 -6.276627 -290.681526 -32.047320 229.182574 38.079360 -32.404262 -6.276627 38.079360 17.410206
102.303915 23.935010 -29.884326 -3.327389 23.935010 14.658061 -3.760022 -0.655251 -29.884326 -3.760022 862.569571 108.479640 -3.327389 -0.655251 108.479640 31.250394 359.894290 58.708411 41.535455 5.478055 58.708411 22.992694 5.590591 1.360665 41.535455 5.590591 107.797653 24.663922 5.478055 1.360665 24.663922 14.853554 206.244924 37.744752 145.649261 19.172942 37.744752 17.836986 19.343166 4.452366 145.649261 19.343166 302.958772 50.360246 19.172942 4.452366 50.360246 20.818775 760.954857 96.609982 -291.148690 -32.328928 96.609982 28.843910 -32.130986 -6.268560 -291.148690 -32.130986 229.600469 38.051338 -32.328928 -6.268560 38.051338 17.396624
102.416497 23.942014 -31.425733 -3.479759 23.942014 14.659246 -3.800402 -0.674402 -31.425733 -3.800402 869.247224 109.352073 -3.479759 -0.674402 109.352073 31.358759 357.746788 58.403458 41.013755 5.493789 58.403458 22.926539 5.549308 1.346326 41.013755 5.549308 107.685571 24.668109 5.493789 1.346326 24.668109 14.850427 205.822167 37.546854 146.377706 19.333338 37.546854 17.808398 19.299353 4.467619 146.377706 19.299353 305.799622 50.904636 19.333338 4.467619 50.904636 20.915253 774.902379 98.731853 -289.938534 -31.399918 98.731853 29.141093 -32.127044 -6.174918 -289.938534 -32.127044 225.902404 37.246156 -31.399918 -6.174918 37.246156 17.260500
102.472764 23.942797 -32.117128 -3.540960 23.942797 14.659969 -3.750455 -0.685302 -32.117128 -3.750455 869.750684 109.268762 -3.540960 -0.685302 109.268762 31.331606 351.708497 57.473954 42.308290 5.912129 57.473954 22.763982 5.771824 1.398472 42.308290 5.771824 108.276934 24.799670 5.912129 1.398472 24.799670 14.872304 203.123022 37.048034 145.271825 19.194312 37.048034 17.732152 18.976053 4.433115 145.271825 18.976053 308.055457 51.251144 19.194312 4.433115 51.251144 20.971808 786.726555 99.894638 -291.431938 -31.619409 99.894638 29.251126 -32.308352 -6.201919 -291.431938 -32.308352 225.012853 37.209080 -31.619409 -6.201919 37.209080 17.264265
102.274881 23.902992 -29.440219 -3.199507 23.902992 14.654358 -3.045971 -0.612554 -29.440219 -3.045971 858.904914 107.832850 -3.199507 -0.612554 107.832850 31.150346 358.823920 58.876242 44.459829 6.204072 58.876242 22.999089 6.086556 1.436366 44.459829 6.086556 108.801584 24.862911 6.204072 1.436366 24.862911 14.878533 201.411316 36.838998 145.264100 19.235168 36.838998 17.702818 18.964891 4.440461 145.264100 18.964891 311.561615 51.734436 19.235168 4.440461 51.734436 21.055628 788.486717 99.531067 -293.299632 -32.228919 99.531067 29.173165 -32.386033 -6.247863 -293.299632 -32.386033 226.284212 37.567958 -32.228919 -6.247863 37.567958 17.316501
102.767627 24.002822 -35.022567 -3.960024 24.002822 14.672610 -4.545886 -0.814835 -35.022567 -4.545886 851.901451 107.140871 -3.960024 -0.814835 107.140871 31.085113 357.077893 58.402492 44.670981 6.121788 58.402492 22.877062 6.041593 1.422923 44.670981 6.041593 108.926958 24.855691 6.121788 1.422923 24.855691 14.877483 201.574201 37.032804 144.738473 19.081327 37.032804 17.738430 19.039092 4.437369 144.738473 19.039092 309.700694 51.215822 19.081327 4.437369 51.215822 20.970391 782.493623 98.312962 -296.794032 -33.203648 98.312962 29.012532 -32.599725 -6.333345 -296.794032 -32.599725 230.414374 38.309901 -33.203648 -6.333345 38.309901 17.421399
102.920887 24.006674 -36.822943 -4.112762 24.006674 14.671221 -4.511908 -0.805445 -36.822943 -4.511908 858.719821 108.285977 -4.112762 -0.805445 108.285977 31.246841 352.087400 57.546574 45.619628 6.333068 57.546574 22.732167 6.169950 1.468554 45.619628 6.169950 109.425149 24.944717 6.333068 1.468554 24.944717 14.898495 204.373991 37.563744 146.554617 19.318223 37.563744 17.817067 19.468545 4.491971 146.554617 19.468545 309.172023 51.085382 19.318223 4.491971 51.085382 20.966468 779.649411 97.897451 -301.367784 -33.892654 97.897451 28.980889 -33.007140 -6.405906 -301.367784 -33.007140 234.986642 38.880285 -33.892654 -6.405906 38.880285 17.493795
102.710359 23.953101 -34.623572 -3.790463 23.953101 14.662700 -3.707068 -0.718237 -34.623572 -3.707068 860.304927 108.471976 -3.790463 -0.718237 108.471976 31.250660 351.214826 57.590724 45.253450 6.139522 57.590724 22.757292 6.092942 1.448354 45.253450 6.092942 109.319930 24.894042 6.139522 1.448354 24.894042 14.889959 208.227519 38.201787 147.373383 19.305130 38.201787 17.923624 19.711821 4.509814 147.373383 19.711821 303.946861 50.180338 19.305130 4.509814 50.180338 20.815276 786.757272 99.241721 -299.439953 -32.629437 99.241721 29.202153 -32.836630 -6.284138 -299.439953 -32.836630 231.911799 37.987298 -32.629437 -6.284138 37.987298 17.341982
102.503834 23.922499 -32.339396 -3.543143 23.922499 14.659704 -3.254522 -0.681267 -32.339396 -3.254522 862.880549 108.732151 -3.543143 -0.681267 108.732151 31.268336 348.457232 57.207029 46.799023 6.528299 57.207029 22.684038 6.361262 1.524900 46.799023 6.361262 109.988497 25.029924 6.528299 1.524900 25.029924 14.920977 211.154554 38.510407 148.651882 19.482936 38.510407 17.973355 19.845591 4.537170 148.651882 19.845591 301.978866 50.046768 19.482936 4.537170 50.046768 20.799125 791.422833 99.612712 -301.907622 -33.094205 99.612712 29.215576 -33.120280 -6.365562 -301.907622 -33.120280 233.174536 38.242607 -33.094205 -6.365562 38.242607 17.410139
102.571947 23.948314 -33.018480 -3.688244 23.948314 14.664764 -3.676467 -0.739606 -33.018480 -3.676467 857.474933 107.935072 -3.688244 -0.739606 107.935072 31.156047 347.897487 57.239514 47.634971 6.598817 57.239514 22.684915 6.468736 1.541024 47.634971 6.468736 110.326711 25.063243 6.598817 1.541024 25.063243 14.926984 209.235094 37.935616 147.800346 19.435793 37.935616 17.880726 19.437889 4.501378 147.800346 19.437889 303.212837 50.491867 19.435793 4.501378 50.491867 20.869229 788.098872 98.792910 -306.076402 -34.108896 98.792910 29.077651 -33.482820 -6.482370 -306.076402 -33.482820 237.504825 39.013048 -34.108896 -6.482370 39.013048 17.541292
102.793349 23.988977 -35.492844 -4.002363 23.988977 14.670692 -4.260171 -0.803505 -35.492844 -4.260171 858.864110 108.175842 -4.002363 -0.803505 108.175842 31.196271 346.936261 57.118494 49.241829 6.884190 57.118494 22.647852 6.705979 1.597156 49.241829 6.705979 110.996868 25.172308 6.884190 1.597156 25.172308 14.950650 209.368880 38.007381 148.112172 19.507903 38.007381 17.927061 19.507212 4.525168 148.112172 19.507212 303.809654 50.548814 19.507903 4.525168 50.548814 20.845956 784.358241 98.238627 -309.432250 -34.586450 98.238627 29.010132 -33.768405 -6.537328 -309.432250 -33.768405 241.273508 39.473530 -34.586450 -6.537328 39.473530 17.605885
102.897861 23.995662 -36.714160 -4.107424 23.995662 14.670575 -4.317766 -0.803646 -36.714160 -4.317766 863.748641 108.799993 -4.107424 -0.803646 108.799993 31.274417 347.537379 57.256570 50.322739 6.975701 57.256570 22.658773 6.839227 1.621409 50.322739 6.839227 111.408671 25.212894 6.975701 1.621409 25.212894 14.959759 207.351146 37.657988 146.974168 19.372879 37.657988 17.872796 19.249848 4.493937 146.974168 19.249848 304.497621 50.671821 19.372879 4.493937 50.671821 20.863216 798.045385 100.373351 -310.368062 -33.734432 100.373351 29.322224 -33.983472 -6.468379 -310.368062 -33.983472 239.355868 38.756182 -33.734432 -6.468379 38.756182 17.479738
102.846716 23.976711 -36.288035 -4.017841 23.976711 14.667418 -4.032585 -0.772746 -36.288035 -4.032585 868.366261 109.273675 -4.017841 -0.772746 109.273675 31.323552 348.238604 57.352544 51.039311 7.017475 57.352544 22.660707 6.923005 1.641114 51.039311 6.923005 111.673123 25.234915 7.017475 1.641114 25.234915 14.967441 210.400057 38.399013 147.006521 19.275148 38.399013 18.023548 19.551768 4.522347 147.006521 19.551768 298.929122 49.577500 19.275148 4.522347 49.577500 20.662447 809.706500 101.701767 -309.681988 -33.181735 101.701767 29.472085 -33.930550 -6.428526 -309.681988 -33.930550 236.479438 38.235187 -33.181735 -6.428526 38.235187 17.417470
102.980698 24.000232 -37.870227 -4.217820 24.000232 14.672089 -4.359248 -0.823488 -37.870227 -4.359248 876.258963 110.089527 -4.217820 -0.823488 110.089527 31.415466 347.817947 57.211354 53.500604 7.519116 57.211354 22.623736 7.298386 1.734288 53.500604 7.298386 112.737404 25.429093 7.519116 1.734288 25.429093 15.008944 215.124393 39.185761 148.257229 19.410102 39.185761 18.153394 19.898875 4.563094 148.257229 19.898875 293.973527 48.861969 19.410102 4.563094 48.861969 20.551493 797.549814 99.327961 -312.490284 -34.644958 99.327961 29.105716 -34.020540 -6.583403 -312.490284 -34.020540 241.355861 39.389357 -34.644958 -6.583403 39.389357 17.626403
102.799441 23.960833 -36.155212 -3.977892 23.960833 14.665610 -3.804343 -0.756901 -36.155212 -3.804343 884.519637 110.872804 -3.977892 -0.756901 110.872804 31.504219 350.633509 57.702091 53.148739 7.191867 57.702091 22.708724 7.177239 1.689251 53.148739 7.177239 112.454274 25.309494 7.191867 1.689251 25.309494 14.985041 214.432223 38.861262 145.299078 18.972248 38.861262 18.095950 19.310793 4.478928 145.299078 19.310793 287.468662 48.091758 18.972248 4.478928 48.091758 20.429590 780.756527 97.148209 -313.394627 -35.162289 97.148209 28.857351 -33.963922 -6.625680 -313.394627 -33.963922 245.651383 40.062527 -35.162289 -6.625680 40.062527 17.721073
102.557931 23.924877 -33.624313 -3.684898 23.924877 14.660820 -3.292921 -0.699626 -33.624313 -3.292921 893.383634 111.673660 -3.684898 -0.699626 111.673660 31.598748 345.127208 56.726818 49.725457 6.473102 56.726818 22.543862 6.624575 1.590001 49.725457 6.624575 111.267343 25.088116 6.473102 1.590001 25.088116 14.951399 214.035303 38.692297 145.478396 19.201817 38.692297 18.087740 19.280968 4.506175 145.478396 19.280968 288.586293 48.629893 19.201817 4.506175 48.629893 20.509204 778.550379 97.597743 -311.107071 -34.171119 97.597743 28.985022 -33.832056 -6.539778 -311.107071 -33.832056 244.009052 39.450862 -34.171119 -6.539778 39.450862 17.612455
102.606228 23.947313 -34.402385 -3.828763 23.947313 14.664704 -3.710194 -0.750191 -34.402385 -3.710194 903.113409 112.528453 -3.828763 -0.750191 112.528453 31.702797 339.567500 55.984514 47.130530 6.162365 55.984514 22.446383 6.317667 1.552917 47.130530 6.317667 110.447290 24.995636 6.162365 1.552917 24.995636 14.940879 212.623829 38.408287 146.123411 19.428863 38.408287 18.052794 19.275614 4.519720 146.123411 19.275614 292.650379 49.399599 19.428863 4.519720 49.399599 20.603351 774.895715 97.504463 -307.888157 -33.565704 97.504463 28.972104 -33.590229 -6.505732 -307.888157 -33.590229 241.826552 39.082188 -33.565704 -6.505732 39.082188 17.583269
102.952898 24.013212 -38.182874 -4.284994 24.013212 14.674688 -4.660395 -0.853947 -38.182874 -4.660395 901.621761 111.949862 -4.284994 -0.853947 111.949862 31.631507 344.569828 57.117444 44.396879 5.672879 57.117444 22.656194 5.991485 1.467148 44.396879 5.991485 109.234100 24.806136 5.672879 1.467148 24.806136 14.902240 217.901324 39.465950 149.990623 19.899546 39.465950 18.253657 20.079871 4.620102 149.990623 20.079871 293.806299 49.273426 19.899546 4.620102 49.273426 20.525361 780.743612 98.564594 -306.425984 -33.156143 98.564594 29.106415 -33.615444 -6.484674 -306.425984 -33.615444 239.294496 38.691225 -33.156143 -6.484674 38.691225 17.537248
103.248318 24.050146 -40.991988 -4.552037 24.050146 14.679200 -5.046801 -0.890773 -40.991988 -5.046801 894.698874 110.963493 -4.552037 -0.890773 110.963493 31.536828 341.864978 56.523911 46.261615 6.438187 56.523911 22.518657 6.389317 1.573096 46.261615 6.389317 110.027697 25.044515 6.438187 1.573096 25.044515 14.945553 220.821543 39.797238 151.570441 19.982565 39.797238 18.289221 20.217306 4.622895 151.570441 20.217306 293.077171 49.018798 19.982565 4.622895 49.018798 20.476075 789.069388 99.724853 -303.387401 -32.461469 99.724853 29.247965 -33.396498 -6.407575 -303.387401 -33.396498 234.930073 38.061622 -32.461469 -6.407575 38.061622 17.443217
103.352491 24.047486 -41.868048 -4.591550 24.047486 14.678222 -4.914520 -0.882482 -41.868048 -4.914520 890.013363 110.521656 -4.591550 -0.882482 110.521656 31.521867 340.043124 56.231850 50.131710 7.274901 56.231850 22.465278 6.965530 1.677089 50.131710 6.965530 111.660177 25.345745 7.274901 1.677089 25.345745 14.991937 220.535205 39.569012 150.455963 19.736120 39.569012 18.250900 19.882464 4.577955 150.455963 19.882464 290.713021 48.651221 19.736120 4.577955 48.651221 20.423594 797.149936 100.415597 -304.837421 -32.964429 100.415597 29.305471 -33.581020 -6.448596 -304.837421 -33.581020 234.641703 38.233955 -32.964429 -6.448596 38.233955 17.467479
103.359271 24.036316 -41.927096 -4.580476 24.036316 14.677425 -4.723103 -0.879103 -41.927096 -4.723103 889.907528 110.715234 -4.580476 -0.879103 110.715234 31.572750 335.527643 55.603320 48.579336 6.639482 55.603320 22.364949 6.575033 1.562587 48.579336 6.575033 111.200809 25.159267 6.639482 1.562587 25.159267 14.947933 219.296495 39.295291 149.442618 19.638702 39.295291 18.223208 19.653439 4.566547 149.442618 19.653439 290.129059 48.675826 19.638702 4.566547 48.675826 20.438188 786.860752 98.498813 -307.021819 -34.113377 98.498813 29.023781 -33.618269 -6.536092 -307.021819 -33.618269 238.599402 39.136446 -34.113377 -6.536092 39.136446 17.600120
103.385049 24.038236 -42.074530 -4.611163 24.038236 14.679192 -4.712460 -0.896091 -42.074530 -4.712460 886.369500 110.384633 -4.611163 -0.896091 110.384633 31.536269 335.555418 55.777044 49.630145 6.870899 55.777044 22.391923 6.771513 1.625587 49.630145 6.771513 111.639043 25.242030 6.870899 1.625587 25.242030 14.972834 214.508146 38.386370 148.900755 19.770995 38.386370 18.069038 19.340225 4.555299 148.900755 19.340225 296.718018 49.971702 19.770995 4.555299 49.971702 20.672779 789.515208 98.980723 -309.833311 -34.274543 98.980723 29.125019 -33.905385 -6.537100 -309.833311 -33.905385 240.583536 39.241053 -34.274543 -6.537100 39.241053 17.580588
103.391899 24.038586 -41.987395 -4.615560 24.038586 14.680089 -4.685428 -0.903184 -41.987395 -4.685428 880.697483 109.811639 -4.615560 -0.903184 109.811639 31.468065 335.157498 55.785864 48.477122 6.540572 55.785864 22.379167 6.575878 1.581836 48.477122 6.575878 111.173723 25.131464 6.540572 1.581836 25.131464 14.954732 215.474625 38.921951 147.631133 19.428536 38.921951 18.197547 19.469804 4.549157 147.631133 19.469804 291.757521 48.781995 19.428536 4.549157 48.781995 20.435430 788.624394 98.861030 -311.191170 -34.333808 98.861030 29.107099 -33.991183 -6.545122 -311.191170 -33.991183 241.989770 39.332392 -34.333808 -6.545122 39.332392 17.591639
103.191566 24.000811 -40.259816 -4.416449 24.000811 14.674294 -4.216459 -0.850473 -40.259816 -4.216459 887.623957 110.882798 -4.416449 -0.850473 110.882798 31.608240 334.643877 55.736669 46.683872 6.197749 55.736669 22.360139 6.324485 1.535723 46.683872 6.324485 110.465154 25.013482 6.197749 1.535723 25.013482 14.937094 215.211878 38.931506 145.827298 19.164100 38.931506 18.180447 19.287609 4.513303 145.827298 19.287609 287.542982 48.192314 19.164100 4.513303 48.192314 20.372015 794.788333 99.906523 -308.704641 -33.320975 99.906523 29.263662 -33.769801 -6.447721 -308.704641 -33.769801 238.518921 38.569182 -33.320975 -6.447721 38.569182 17.473079
103.207745 24.014068 -40.433234 -4.476032 24.014068 14.677173 -4.414504 -0.878443 -40.433234 -4.414504 888.103116 110.857170 -4.476032 -0.878443 110.857170 31.581362 337.387010 56.200627 46.913581 6.363426 56.200627 22.429770 6.430452 1.563625 46.913581 6.430452 110.446197 25.049522 6.363426 1.563625 25.049522 14.945391 214.701428 38.761769 146.868345 19.490166 38.761769 18.130634 19.401710 4.545360 146.868345 19.401710 291.063172 49.039519 19.490166 4.545360 49.039519 20.536689 800.344361 100.555357 -306.254014 -32.815729 100.555357 29.339898 -33.542269 -6.405180 -306.254014 -33.542269 235.270585 38.123897 -32.815729 -6.405180 38.123897 17.422318
103.224113 24.017789 -40.903814 -4.539611 24.017789 14.677103 -4.497161 -0.882239 -40.903814 -4.497161 900.210859 112.302593 -4.539611 -0.882239 112.302593 31.750832 341.684826 56.802468 48.141620 6.633706 56.802468 22.515761 6.633361 1.594773 48.141620 6.633361 110.765039 25.120057 6.633706 1.594773 25.120057 14.954275 210.689520 37.955754 147.456084 19.718228 37.955754 17.973443 19.227724 4.531303 147.456084 19.227724 299.629757 50.538625 19.718228 4.531303 50.538625 20.782447 804.133446 100.819994 -305.012906 -32.795550 100.819994 29.369775 -33.414197 -6.398755 -305.012906 -33.414197 233.467154 38.012786 -32.795550 -6.398755 38.012786 17.411307
103.634461 24.092350 -44.830479 -5.010751 24.092350 14.689027 -5.405683 -0.988746 -44.830479 -5.405683 904.047483 112.436314 -5.010751 -0.988746 112.436314 31.737653 338.359411 56.058330 47.431939 6.457969 56.058330 22.382742 6.463145 1.553583 47.431939 6.463145 110.614065 25.080568 6.457969 1.553583 25.080568 14.943041 210.119963 38.060954 148.085890 19.701121 38.060954 18.000034 19.411647 4.538722 148.085890 19.411647 302.343988 50.578870 19.701121 4.538722 50.578870 20.752680 809.289061 101.354490 -303.440368 -32.559957 101.354490 29.457301 -33.244646 -6.355682 -303.440368 -33.244646 231.153666 37.742881 -32.559957 -6.355682 37.742881 17.358167
103.614760 24.066427 -44.825783 -4.929480 24.066427 14.683025 -5.050274 -0.938499 -44.825783 -5.050274 909.978259 112.934978 -4.929480 -0.938499 112.934978 31.795532 338.066186 56.045519 49.045633 6.844134 56.045519 22.400492 6.729637 1.618468 49.045633 6.729637 111.284417 25.214695 6.844134 1.618468 25.214695 14.968995 209.808517 38.093099 148.052547 19.590181 38.093099 17.985250 19.446841 4.526237 148.052547 19.446841 302.826599 50.420074 19.590181 4.526237 50.420074 20.743449 810.926757 101.303718 -303.637828 -32.877218 101.303718 29.456436 -33.221113 -6.370658 -303.637828 -33.221113 231.022526 37.878378 -32.877218 -6.370658 37.878378 17.370053
102.946329 23.944998 -38.092678 -4.074196 23.944998 14.665199 -3.427197 -0.748830 -38.092678 -3.427197 901.570007 111.686227 -4.074196 -0.748830 111.686227 31.645812 343.743383 57.029452 50.713387 7.036003 57.029452 22.571039 6.960054 1.649323 50.713387 6.960054 111.731226 25.260201 7.036003 1.649323 25.260201 14.974445 208.750800 37.862452 148.944947 19.738989 37.862452 17.917024 19.493933 4.536225 148.944947 19.493933 307.278333 51.128129 19.738989 4.536225 51.128129 20.898343 812.118027 101.318545 -304.086734 -33.061785 101.318545 29.475722 -33.220090 -6.370656 -304.086734 -33.220090 231.188249 37.953776 -33.061785 -6.370656 37.953776 17.365943
102.948974 23.976867 -37.915153 -4.169776 23.976867 14.672435 -3.947543 -0.827814 -37.915153 -3.947543 891.851704 110.552283 -4.169776 -0.827814 110.552283 31.535120 346.147497 57.256903 49.628754 6.638406 57.256903 22.592986 6.721614 1.589086 49.628754 6.721614 111.184429 25.120172 6.638406 1.589086 25.120172 14.948836 207.402677 37.734772 146.767936 19.292866 37.734772 17.895981 19.221758 4.480887 146.767936 19.221758 303.830531 50.377154 19.292866 4.480887 50.377154 20.783211 809.154527 100.924504 -301.970579 -32.756999 100.924504 29.447089 -32.926680 -6.321477 -301.970579 -32.926680 229.920663 37.769954 -32.756999 -6.321477 37.769954 17.328983
103.145174 24.022880 -39.667663 -4.424458 24.022880 14.678826 -4.577144 -0.890927 -39.667663 -4.577144 882.358262 109.651908 -4.424458 -0.890927 109.651908 31.457592 345.593732 57.003348 49.028851 6.576062 57.003348 22.551421 6.638727 1.590074 49.028851 6.638727 110.963675 25.101267 6.576062 1.590074 25.101267 14.950961 206.937612 37.750477 145.105489 19.047467 37.750477 17.898261 19.094811 4.461486 145.105489 19.094811 300.133238 49.834306 19.047467 4.461486 49.834306 20.725105 812.339513 101.352845 -303.237994 -33.007837 101.352845 29.515697 -33.093396 -6.349749 -303.237994 -33.093396 230.422011 37.869986 -33.007837 -6.349749 37.869986 17.340535
102.994455 23.988512 -37.937286 -4.182747 23.988512 14.671406 -4.097263 -0.816115 -37.937286 -4.097263 873.342364 108.916862 -4.182747 -0.816115 108.916862 31.391060 346.855226 57.168167 50.260405 6.908010 57.168167 22.595055 6.861003 1.645122 50.260405 6.861003 111.411215 25.206956 6.908010 1.645122 25.206956 14.971495 212.958645 38.974169 146.296873 19.139849 38.974169 18.126457 19.683158 4.530174 146.296873 19.683158 292.569501 48.583831 19.139849 4.530174 48.583831 20.512199 814.068228 101.425443 -306.343210 -33.635004 101.425443 29.514264 -33.406916 -6.415802 -306.343210 -33.406916 232.763846 38.259717 -33.635004 -6.415802 38.259717 17.397527
102.769590 23.952781 -35.475285 -3.897923 23.952781 14.665945 -3.614107 -0.756370 -35.475285 -3.614107 869.058444 108.780393 -3.897923 -0.756370 108.780393 31.383526 346.155645 57.015838 50.383679 6.881942 57.015838 22.580039 6.847111 1.634943 50.383679 6.847111 111.490634 25.205167 6.881942 1.634943 25.205167 14.967951 217.371478 39.620957 144.801888 18.822503 39.620957 18.238191 19.562580 4.493822 144.801888 19.562580 281.557087 47.029268 18.822503 4.493822 47.029268 20.253096 811.685834 100.948483 -309.621700 -34.256407 100.948483 29.438818 -33.680777 -6.479234 -309.621700 -33.680777 236.047972 38.739375 -34.256407 -6.479234 38.739375 17.467629
103.123905 24.029315 -39.129234 -4.407837 24.029315 14.679000 -4.690756 -0.890672 -39.129234 -4.690756 869.711932 109.108609 -4.407837 -0.890672 109.108609 31.410327 349.408976 57.566624 51.415869 7.041740 57.566624 22.680430 7.003291 1.663869 51.415869 7.003291 111.778012 25.247038 7.041740 1.663869 25.247038 14.975630 218.215389 39.355622 146.973602 19.445519 39.355622 18.183036 19.641223 4.551254 146.973602 19.641223 285.642812 48.328310 19.445519 4.551254 48.328310 20.471846 802.312989 99.553938 -314.508420 -35.329679 99.553938 29.236296 -34.080035 -6.598839 -314.508420 -34.080035 242.205665 39.676753 -35.329679 -6.598839 39.676753 17.617544
103.023551 23.997155 -38.071024 -4.221916 23.997155 14.671879 -4.231421 -0.820348 -38.071024 -4.231421 866.876556 108.851524 -4.221916 -0.820348 108.851524 31.353101 347.014120 57.073413 50.702424 6.851153 57.073413 22.593848 6.852352 1.634440 50.702424 6.852352 111.585436 25.197540 6.851153 1.634440 25.197540 14.967137 217.766960 39.106571 149.077563 19.858322 39.106571 18.167272 19.737290 4.583872 149.077563 19.737290 291.691969 49.372992 19.858322 4.583872 49.372992 20.576085 805.707447 100.446849 -314.902892 -34.560969 100.446849 29.383136 -34.176767 -6.536943 -314.902892 -34.176767 241.875625 39.196886 -34.560969 -6.536943 39.196886 17.529667
103.304539 24.047921 -40.850797 -4.572857 24.047921 14.680856 -4.870890 -0.905672 -40.850797 -4.870890 868.895868 109.168136 -4.572857 -0.905672 109.168136 31.372301 340.657503 56.070269 50.292457 6.864171 56.070269 22.441313 6.799218 1.643369 50.292457 6.799218 111.690530 25.232815 6.864171 1.643369 25.232815 14.977502 215.761876 38.747563 149.204235 19.828779 38.747563 18.125545 19.584824 4.561429 149.204235 19.584824 295.344492 49.741002 19.828779 4.561429 49.741002 20.589345 809.075179 101.013942 -313.744977 -33.974592 101.013942 29.441171 -34.104356 -6.506088 -313.744977 -34.104356 240.177597 38.790937 -33.974592 -6.506088 38.790937 17.489987
103.888458 24.141117 -46.093528 -5.183684 24.141117 14.696171 -5.861496 -1.030392 -46.093528 -5.861496 871.959719 109.497217 -5.183684 -1.030392 109.497217 31.388883 332.018963 54.863581 51.974274 7.367047 54.863581 22.257907 7.095488 1.729220 51.974274 7.095488 112.837355 25.468119 7.367047 1.729220 25.468119 15.025023 213.902825 38.501556 149.016115 19.756526 38.501556 18.088126 19.495220 4.549308 149.016115 19.495220 298.042625 49.961127 19.756526 4.549308 49.961127 20.623356 809.610708 100.965653 -313.349199 -33.971379 100.965653 29.410469 -34.081764 -6.525566 -313.349199 -34.081764 239.720274 38.788671 -33.971379 -6.525566 38.788671 17.513073
103.867733 24.098375 -46.502157 -5.133726 24.098375 14.687201 -5.331237 -0.970047 -46.502157 -5.331237 891.345461 111.844475 -5.133726 -0.970047 111.844475 31.666414 330.996190 55.107064 53.010412 7.431635 55.107064 22.309945 7.244733 1.744104 53.010412 7.244733 113.357092 25.505983 7.431635 1.744104 25.505983 15.029023 218.656051 39.537506 151.082038 19.887241 39.537506 18.275719 20.110564 4.619813 151.082038 20.110564 295.373702 49.179148 19.887241 4.619813 49.179148 20.488819 797.682903 99.052243 -316.909889 -35.322659 99.052243 29.126802 -34.357810 -6.672756 -316.909889 -34.357810 245.321843 39.910254 -35.322659 -6.672756 39.910254 17.705075
104.323340 24.172613 -50.328006 -5.580406 24.172613 14.701735 -6.068237 -1.084912 -50.328006 -6.068237 894.775735 111.724456 -5.580406 -1.084912 111.724456 31.601827 329.754030 55.121177 49.606756 6.529582 55.121177 22.287217 6.673558 1.610424 49.606756 6.673558 111.901977 25.177418 6.529582 1.610424 25.177418 14.970523 220.188281 39.601634 152.116403 20.005608 39.601634 18.253727 20.156311 4.627546 152.116403 20.156311 295.489056 49.283328 20.005608 4.627546 49.283328 20.544671 795.290389 99.138682 -316.950916 -34.914631 99.138682 29.178140 -34.397964 -6.631082 -316.950916 -34.397964 245.850409 39.725723 -34.914631 -6.631082 39.725723 17.655525
104.536828 24.186002 -52.050196 -5.728407 24.186002 14.703929 -6.109551 -1.103013 -52.050196 -6.109551 896.630209 111.614670 -5.728407 -1.103013 111.614670 31.583981 332.923505 55.759419 45.913418 5.836163 55.759419 22.369210 6.183682 1.515321 45.913418 6.183682 110.235124 24.912189 5.836163 1.515321 24.912189 14.930625 220.451850 39.479204 153.187267 20.177643 39.479204 18.229845 20.175238 4.644515 153.187267 20.175238 297.796421 49.729506 20.177643 4.644515 49.729506 20.627056 802.899548 100.632995 -312.978906 -33.497094 100.632995 29.400912 -34.115890 -6.498808 -312.978906 -34.115890 240.720552 38.656892 -33.497094 -6.498808 38.656892 17.491655
104.028346 24.077724 -47.891233 -5.176561 24.077724 14.687604 -4.901387 -0.972142 -47.891233 -4.901387 893.108486 111.026081 -5.176561 -0.972142 111.026081 31.530550 332.237076 55.525164 43.467861 5.635849 55.525164 22.300106 5.918649 1.475592 43.467861 5.918649 109.308740 24.837217 5.635849 1.475592 24.837217 14.918522 217.362990 38.832080 152.809379 20.174439 38.832080 18.123175 19.889032 4.621693 152.809379 19.889032 302.039991 50.454117 20.174439 4.621693 50.454117 20.750997 810.590051 101.607922 -309.742089 -32.874330 101.607922 29.507414 -33.863309 -6.446295 -309.742089 -33.863309 236.363318 38.089602 -32.874330 -6.446295 38.089602 17.427652
104.556585 24.194748 -51.843064 -5.743226 24.194748 14.710026 -6.127144 -1.146373 -51.843064 -6.127144 886.125645 110.132172 -5.743226 -1.146373 110.132172 31.443399 328.857980 54.886386 45.576313 6.435295 54.886386 22.187269 6.351778 1.578546 45.576313 6.351778 110.259896 25.102187 6.435295 1.578546 25.102187 14.961739 219.396912 39.268640 156.758205 20.756526 39.268640 18.209488 20.550188 4.727206 156.758205 20.550188 308.910075 51.338214 20.756526 4.727206 51.338214 20.879493 811.318722 101.253174 -310.894798 -33.661584 101.253174 29.425999 -33.966270 -6.521926 -310.894798 -33.966270 237.229849 38.547380 -33.661584 -6.521926 38.547380 17.507671
104.275697 24.124142 -49.627834 -5.433557 24.124142 14.696680 -5.356202 -1.046885 -49.627834 -5.356202 884.445815 110.148420 -5.433557 -1.046885 110.148420 31.482150 323.243790 54.080797 44.805341 6.207053 54.080797 22.069130 6.161237 1.506639 44.805341 6.161237 110.170873 25.049423 6.207053 1.506639 25.049423 14.937087 221.624940 39.691839 157.706315 20.660725 39.691839 18.276750 20.739672 4.729367 157.706315 20.739672 307.546277 50.728850 20.660725 4.729367 50.728850 20.767930 827.926861 103.508435 -309.159896 -32.712635 103.508435 29.761086 -33.857780 -6.394575 -309.159896 -33.857780 232.646011 37.680765 -32.712635 -6.394575 37.680765 17.338186
104.628170 24.193401 -52.570484 -5.834649 24.193401 14.709322 -6.083304 -1.147738 -52.570484 -6.083304 891.407065 111.145492 -5.834649 -1.147738 111.145492 31.615889 318.651721 53.541192 45.962337 6.509151 53.541192 21.985305 6.353996 1.554871 45.962337 6.353996 110.845134 25.176572 6.509151 1.554871 25.176572 14.961153 224.510062 40.150109 157.849066 20.513062 40.150109 18.351365 20.823322 4.731558 157.849066 20.823322 303.090028 49.887715 20.513062 4.731558 49.887715 20.652359 826.682532 102.756981 -308.491903 -33.160411 102.756981 29.635124 -33.648017 -6.417356 -308.491903 -33.648017 232.298999 37.918019 -33.160411 -6.417356 37.918019 17.377903
104.794042 24.211678 -53.441535 -5.904562 24.211678 14.711655 -6.179641 -1.157614 -53.441535 -6.179641 880.717672 109.721135 -5.904562 -1.157614 109.721135 31.423053 313.477641 52.951296 43.711365 5.933651 52.951296 21.883768 5.956872 1.461510 43.711365 5.956872 110.130519 24.999364 5.933651 1.461510 24.999364 14.926264 232.252147 41.438860 160.303503 20.721287 41.438860 18.587310 21.411951 4.810852 160.303503 21.411951 297.149833 48.912327 20.721287 4.810852 48.912327 20.495929 826.553829 102.492593 -309.421109 -33.564816 102.492593 29.622062 -33.665972 -6.434661 -309.421109 -33.665972 233.112580 38.145095 -33.564816 -6.434661 38.145095 17.394003
105.307207 24.290518 -57.070572 -6.335875 24.290518 14.724823 -6.847053 -1.247663 -57.070572 -6.847053 881.077167 109.945598 -6.335875 -1.247663 109.945598 31.464410 313.568659 53.207101 44.850809 6.295203 53.207101 21.908926 6.226509 1.536480 44.850809 6.226509 110.601283 25.119721 6.295203 1.536480 25.119721 14.956256 237.022079 41.918307 161.527172 20.865180 41.918307 18.670872 21.487362 4.833526 161.527172 21.487362 293.147321 48.513451 20.865180 4.833526 48.513451 20.431898 811.799794 100.408809 -309.293703 -34.129413 100.408809 29.367156 -33.482842 -6.473028 -309.293703 -33.482842 235.743352 38.699660 -34.129413 -6.473028 38.699660 17.475914
105.847644 24.357455 -60.778540 -6.739017 24.357455 14.735363 -7.331524 -1.316481 -60.778540 -7.331524 884.367208 110.432044 -6.739017 -1.316481 110.432044 31.519741 319.802556 54.321828 46.520606 6.549050 54.321828 22.063095 6.499400 1.574770 46.520606 6.499400 111.027746 25.181165 6.549050 1.574770 25.181165 14.965451 238.563206 41.891997 161.165510 20.845195 41.891997 18.696175 21.260275 4.824408 161.165510 21.260275 290.140118 48.273594 20.845195 4.824408 48.273594 20.368896 813.471507 101.056175 -310.353748 -33.960950 101.056175 29.501449 -33.670191 -6.461609 -310.353748 -33.670191 236.346151 38.585616 -33.960950 -6.461609 38.585616 17.440005
106.440469 24.429167 -64.426264 -7.123583 24.429167 14.747636 -7.782810 -1.388876 -64.426264 -7.782810 882.994395 110.200697 -7.123583 -1.388876 110.200697 31.472832 323.125890 54.650536 46.179702 6.329619 54.650536 22.074685 6.380479 1.534102 46.179702 6.380479 110.737619 25.095618 6.329619 1.534102 25.095618 14.947857 236.190867 41.262340 160.957583 21.015898 41.262340 18.619750 20.976278 4.826231 160.957583 20.976278 292.971295 49.017934 21.015898 4.826231 49.017934 20.473632 815.388251 101.428043 -311.894025 -34.076305 101.428043 29.540322 -33.876900 -6.490582 -311.894025 -33.876900 237.324933 38.655880 -34.076305 -6.490582 38.655880 17.457681
106.117373 24.334977 -61.741449 -6.726509 24.334977 14.733276 -6.856896 -1.296294 -61.741449 -6.856896 865.735895 108.080150 -6.726509 -1.296294 108.080150 31.205930 321.053920 54.085391 44.548940 5.998115 54.085391 21.970263 6.095849 1.483449 44.548940 6.095849 110.155243 24.993606 5.998115 1.483449 24.993606 14.931707 231.130360 40.470317 158.003479 20.662077 40.470317 18.525450 20.412974 4.760809 158.003479 20.412974 293.183206 49.064423 20.662077 4.760809 49.064423 20.454094 820.744589 102.141418 -313.447110 -34.081331 102.141418 29.615654 -34.083637 -6.504150 -313.447110 -34.083637 237.660961 38.612468 -34.081331 -6.504150 38.612468 17.454955
106.054613 24.326167 -61.245172 -6.724809 24.326167 14.736029 -6.758655 -1.316532 -61.245172 -6.758655 862.976024 108.135206 -6.724809 -1.316532 108.135206 31.241508 317.733018 53.501243 45.962640 6.480841 53.501243 21.891356 6.374211 1.567021 45.962640 6.374211 110.887320 25.177308 6.480841 1.567021 25.177308 14.969951 235.696473 41.625521 159.167515 20.741393 41.625521 18.760715 20.997679 4.828728 159.167515 20.997679 289.420814 48.202228 20.741393 4.828728 48.202228 20.279097 823.340822 102.363094 -313.371339 -33.924971 102.363094 29.625498 -34.056711 -6.491309 -313.371339 -34.056711 237.104232 38.490956 -33.924971 -6.491309 38.490956 17.441946
106.149081 24.348791 -61.835655 -6.850401 24.348791 14.741610 -6.936116 -1.352751 -61.835655 -6.936116 863.043767 108.395070 -6.850401 -1.352751 108.395070 31.272775 317.328106 53.607885 44.625107 6.078409 53.607885 21.937868 6.126017 1.493366 44.625107 6.126017 110.343806 25.035937 6.078409 1.493366 25.035937 14.936904 238.960659 42.033668 161.672999 21.154949 42.033668 18.794327 21.357455 4.879742 161.672999 21.357455 290.775474 48.546920 21.154949 4.879742 48.546920 20.353041 841.082015 104.741387 -312.017229 -32.942807 104.741387 29.949836 -34.014412 -6.390235 -312.017229 -34.014412 232.705248 37.626675 -32.942807 -6.390235 37.626675 17.299866
106.982006 24.499108 -66.705484 -7.473245 24.499108 14.766873 -8.056520 -1.494922 -66.705484 -8.056520 861.798836 108.302504 -7.473245 -1.494922 108.302504 31.239060 315.935984 53.455119 43.071512 5.804436 53.455119 21.912155 5.905562 1.454079 43.071512 5.905562 109.768083 24.942154 5.804436 1.454079 24.942154 14.922247 238.001269 41.670549 161.184487 21.066609 41.670549 18.719906 21.091979 4.839885 161.184487 21.091979 290.948556 48.633519 21.066609 4.839885 48.633519 20.361792 853.327597 105.866154 -310.058792 -32.533738 105.866154 30.073319 -33.777026 -6.337286 -310.058792 -33.777026 228.941075 37.174378 -32.533738 -6.337286 37.174378 17.237057
107.569832 24.560807 -70.138290 -7.824889 24.560807 14.774362 -8.405125 -1.535922 -70.138290 -8.405125 865.163686 108.776328 -7.824889 -1.535922 108.776328 31.281341 307.211796 52.038452 42.090435 5.814831 52.038452 21.667769 5.798982 1.454860 42.090435 5.798982 109.727830 24.980758 5.814831 1.454860 24.980758 14.932488 235.033208 41.090283 160.411927 21.025410 41.090283 18.629268 20.818522 4.816519 160.411927 20.818522 293.306148 49.082519 21.025410 4.816519 49.082519 20.435592 851.660315 104.881121 -312.018359 -33.626336 104.881121 29.921757 -33.836660 -6.430105 -312.018359 -33.836660 230.849581 37.819571 -33.626336 -6.430105 37.819571 17.336630
107.656076 24.532042 -70.623785 -7.810639 24.532042 14.769534 -8.098776 -1.511459 -70.623785 -8.098776 865.501696 108.762741 -7.810639 -1.511459 108.762741 31.257983 302.754613 51.652592 40.136353 5.460170 51.652592 21.624536 5.524596 1.389191 40.136353 5.524596 109.121327 24.869761 5.460170 1.389191 24.869761 14.907749 236.472673 41.403857 163.761408 21.564500 41.403857 18.690568 21.358811 4.905488 163.761408 21.358811 299.280156 49.931084 21.564500 4.905488 49.931084 20.561771 859.166336 105.742239 -312.248739 -33.375268 105.742239 30.084989 -33.807890 -6.373630 -312.248739 -33.807890 229.754122 37.556323 -33.375268 -6.373630 37.556323 17.261254
107.000485 24.393424 -67.384342 -7.393958 24.393424 14.749716 -7.068605 -1.406516 -67.384342 -7.068605 874.918209 109.934737 -7.393958 -1.406516 109.934737 31.398314 304.267117 52.191143 40.128166 5.562070 52.191143 21.703841 5.605715 1.403434 40.128166 5.605715 109.057679 24.884851 5.562070 1.403434 24.884851 14.910221 239.568619 41.971261 165.937801 21.690454 41.971261 18.780626 21.737661 4.937396 165.937801 21.737661 300.033770 49.716712 21.690454 4.937396 49.716712 20.507376 854.366234 104.775916 -313.356772 -33.953197 104.775916 29.967887 -33.787646 -6.420668 -313.356772 -33.787646 231.493586 37.952060 -33.953197 -6.420668 37.952060 17.319759
106.515479 24.338183 -64.556552 -7.105650 24.338183 14.745379 -6.670862 -1.375828 -64.556552 -6.670862 875.116668 109.707683 -7.105650 -1.375828 109.707683 31.347711 306.169890 52.532107 39.763454 5.495742 52.532107 21.722718 5.560149 1.379017 39.763454 5.560149 108.842114 24.850197 5.495742 1.379017 24.850197 14.899964 239.039327 41.806202 163.788691 21.206782 41.806202 18.742688 21.341872 4.866966 163.788691 21.341872 295.657511 48.903582 21.206782 4.866966 48.903582 20.393832 861.113450 106.093874 -305.613190 -31.843303 106.093874 30.218928 -32.987801 -6.182667 -305.613190 -32.987801 224.036729 36.548665 -31.843303 -6.182667 36.548665 17.086277
106.215215 24.320334 -62.639126 -6.934788 24.320334 14.743362 -6.572981 -1.361057 -62.639126 -6.572981 872.777294 109.280515 -6.934788 -1.361057 109.280515 31.297112 310.279852 53.136480 39.978723 5.539181 53.136480 21.797137 5.601146 1.376308 39.978723 5.601146 108.772528 24.844298 5.539181 1.376308 24.844298 14.896137 235.821152 41.189629 161.401334 20.957291 41.189629 18.640877 20.888684 4.825710 161.401334 20.888684 294.542043 48.942873 20.957291 4.825710 48.942873 20.440114 852.233604 104.671841 -303.005256 -32.324718 104.671841 30.024662 -32.677655 -6.239659 -303.005256 -32.677655 223.369665 36.846951 -32.324718 -6.239659 36.846951 17.161588
106.216722 24.341939 -62.996231 -7.022760 24.341939 14.744899 -6.834728 -1.378490 -62.996231 -6.834728 881.398394 110.354722 -7.022760 -1.378490 110.354722 31.447261 316.240482 53.936770 41.199506 5.768722 53.936770 21.913350 5.787224 1.405371 41.199506 5.787224 109.021316 24.894522 5.768722 1.405371 24.894522 14.902907 234.725266 41.120997 160.816810 20.975266 41.120997 18.648594 20.892400 4.840687 160.816810 20.892400 294.716634 49.068133 20.975266 4.840687 49.068133 20.465096 838.459983 102.862259 -304.411681 -33.445291 102.862259 29.809184 -32.800102 -6.346475 -304.411681 -32.800102 226.813966 37.658477 -33.445291 -6.346475 37.658477 17.285937
105.315490 24.189034 -57.289897 -6.301139 24.189034 14.718240 -5.549209 -1.198848 -57.289897 -5.549209 885.955206 110.784015 -6.301139 -1.198848 110.784015 31.501211 316.825785 53.712903 42.994961 6.128722 53.712903 21.863147 6.025092 1.456556 42.994961 6.025092 109.702570 25.020747 6.128722 1.456556 25.020747 14.925143 234.715362 41.161392 162.294803 21.292324 41.161392 18.649608 21.141802 4.883019 162.294803 21.141802 298.306612 49.696160 21.292324 4.883019 49.696160 20.566608 836.917394 103.120033 -306.129471 -33.574476 103.120033 29.883159 -33.055512 -6.353833 -306.129471 -33.055512 228.498311 37.775770 -33.574476 -6.353833 37.775770 17.279608
104.702105 24.127124 -52.879894 -5.830488 24.127124 14.709164 -5.048882 -1.128023 -52.879894 -5.048882 884.431289 110.409610 -5.830488 -1.128023 110.409610 31.454840 321.257290 54.370490 42.707196 5.858943 54.370490 22.001198 5.900729 1.410794 42.707196 5.900729 109.417747 24.917645 5.858943 1.410794 24.917645 14.901700 227.727815 39.947729 158.531862 20.788880 39.947729 18.427380 20.346308 4.765821 158.531862 20.346308 299.672315 49.957186 20.788880 4.765821 49.957186 20.620957 836.508775 103.438942 -304.566062 -32.987633 103.438942 29.928236 -32.936272 -6.295984 -304.566062 -32.936272 227.270655 37.427914 -32.987633 -6.295984 37.427914 17.223233
104.404998 24.117016 -50.672003 -5.635996 24.117016 14.705772 -5.060281 -1.107094 -50.672003 -5.060281 885.541000 110.497492 -5.635996 -1.107094 110.497492 31.481714 325.195185 54.851700 42.411125 5.754863 54.851700 22.092004 5.840450 1.404813 42.411125 5.840450 109.158752 24.868790 5.754863 1.404813 24.868790 14.896268 220.040943 38.877798 154.073524 20.244691 38.877798 18.248970 19.659269 4.670960 154.073524 19.659269 300.790545 50.156004 20.244691 4.670960 50.156004 20.675945 831.381469 102.872826 -303.113893 -32.901564 102.872826 29.829347 -32.798129 -6.297013 -303.113893 -32.798129 226.947802 37.432207 -32.901564 -6.297013 37.432207 17.240866
