0.00733821 0 -0.000527525 0 0 0.00989121 0 0 -0.000527525 0 0.00693097 0 0 0 0 0.00989121 
0.01039 -0.0128901 -0.000770911 0.000935567 -0.0128901 0.0338146 0.000935567 -0.00179322 -0.000770911 0.000935567 0.00986519 -0.0122555 0.000935567 -0.00179322 -0.0122555 0.0325968 
0.0103721 -0.0192185 -0.000672706 0.0010187 -0.0192185 0.0704791 0.0010187 -0.0031631 -0.000672706 0.0010187 0.00989632 -0.0186016 0.0010187 -0.0031631 -0.0186016 0.0685874 
0.00974338 -0.0185452 -0.000590195 0.000677485 -0.0185452 0.0826232 0.000679963 -0.00217063 -0.000590195 0.000679963 0.0092381 -0.0181455 0.000677485 -0.00217063 -0.0181455 0.0816645 
0.00979828 -0.0179496 -0.000623498 0.000658407 -0.0179496 0.0856294 0.000670564 -0.00188844 -0.000623498 0.000670564 0.00914821 -0.017448 0.000658407 -0.00188844 -0.017448 0.0848152 
0.0100141 -0.0181037 -0.000664689 0.000708759 -0.0181037 0.087502 0.000731641 -0.001944 -0.000664689 0.000731641 0.0092979 -0.017366 0.000708759 -0.001944 -0.017366 0.0861515 
0.0100958 -0.0182584 -0.000678894 0.000749522 -0.0182584 0.0885106 0.000777152 -0.00200225 -0.000678894 0.000777152 0.00942753 -0.0174411 0.000749522 -0.00200225 -0.0174411 0.0867505 
0.0101569 -0.0183483 -0.000666249 0.000765054 -0.0183483 0.0892172 0.000785312 -0.00200792 -0.000666249 0.000785312 0.00951338 -0.0176032 0.000765054 -0.00200792 -0.0176032 0.0874331 
0.0101749 -0.0183233 -0.000624568 0.000748553 -0.0183233 0.0892013 0.00076402 -0.00195375 -0.000624568 0.00076402 0.00953048 -0.0176299 0.000748553 -0.00195375 -0.0176299 0.0875528 
0.0101058 -0.0181882 -0.000612312 0.000693564 -0.0181882 0.0884653 0.000702804 -0.00182525 -0.000612312 0.000702804 0.00946439 -0.0175031 0.000693564 -0.00182525 -0.0175031 0.086892 
0.0101639 -0.018339 -0.000605393 0.000681077 -0.018339 0.0891166 0.000678678 -0.00173044 -0.000605393 0.000678678 0.00953616 -0.0176331 0.000681077 -0.00173044 -0.0176331 0.0875088 
0.0101355 -0.0182474 -0.00058839 0.00068412 -0.0182474 0.0887304 0.000670625 -0.00170629 -0.00058839 0.000670625 0.00946889 -0.0175786 0.00068412 -0.00170629 -0.0175786 0.0871804 
0.0101632 -0.0183755 -0.000593969 0.000683219 -0.0183755 0.089262 0.000666919 -0.00171906 -0.000593969 0.000666919 0.00953286 -0.0176401 0.000683219 -0.00171906 -0.0176401 0.0876198 
0.0101159 -0.0182304 -0.000577216 0.000675677 -0.0182304 0.0886929 0.000665068 -0.00170364 -0.000577216 0.000665068 0.00946082 -0.0175537 0.000675677 -0.00170364 -0.0175537 0.0871034 
0.010108 -0.0182513 -0.00055889 0.000655645 -0.0182513 0.0887048 0.000650496 -0.00167342 -0.00055889 0.000650496 0.0094812 -0.0175393 0.000655645 -0.00167342 -0.0175393 0.0870982 
0.0102024 -0.0183817 -0.000553236 0.000626141 -0.0183817 0.0893768 0.000619934 -0.00160202 -0.000553236 0.000619934 0.00953941 -0.0176989 0.000626141 -0.00160202 -0.0176989 0.0877913 
0.0102137 -0.0184058 -0.000564757 0.000613676 -0.0184058 0.0894082 0.000607466 -0.00154422 -0.000564757 0.000607466 0.00952186 -0.017685 0.000613676 -0.00154422 -0.017685 0.0877916 
0.010106 -0.0182936 -0.00059231 0.000633429 -0.0182936 0.0888332 0.000630361 -0.00156588 -0.00059231 0.000630361 0.00949116 -0.0175433 0.000633429 -0.00156588 -0.0175433 0.0871468 
0.0101035 -0.018341 -0.000614418 0.000676262 -0.018341 0.0892001 0.000672715 -0.00165624 -0.000614418 0.000672715 0.0095565 -0.0176488 0.000676262 -0.00165624 -0.0176488 0.0875355 
0.0100673 -0.0182959 -0.00061346 0.000704408 -0.0182959 0.0891415 0.000701903 -0.00174678 -0.00061346 0.000701903 0.00957086 -0.0176772 0.000704408 -0.00174678 -0.0176772 0.0876083 
0.0100439 -0.0182122 -0.00059585 0.00069617 -0.0182122 0.0888923 0.000697693 -0.00176291 -0.00059585 0.000697693 0.0095746 -0.0176891 0.00069617 -0.00176291 -0.0176891 0.0876037 
0.0101452 -0.0182575 -0.000565356 0.00067723 -0.0182575 0.0891468 0.000679263 -0.00173746 -0.000565356 0.000679263 0.00958458 -0.0178075 0.00067723 -0.00173746 -0.0178075 0.0881271 
0.01019 -0.0183035 -0.000551336 0.000641388 -0.0183035 0.0891 0.000641542 -0.00166802 -0.000551336 0.000641542 0.00952914 -0.017762 0.000641388 -0.00166802 -0.017762 0.0880764 
0.0102072 -0.0183878 -0.000552608 0.000619403 -0.0183878 0.0893177 0.000612327 -0.00158568 -0.000552608 0.000612327 0.00951508 -0.0177198 0.000619403 -0.00158568 -0.0177198 0.0880616 
0.0101694 -0.0183794 -0.00054225 0.00062672 -0.0183794 0.0892803 0.000614906 -0.00156763 -0.00054225 0.000614906 0.00950139 -0.0176506 0.00062672 -0.00156763 -0.0176506 0.0878002 
0.0100831 -0.0182351 -0.000553022 0.000619631 -0.0182351 0.0886912 0.000611978 -0.00156847 -0.000553022 0.000611978 0.0094287 -0.0175284 0.000619631 -0.00156847 -0.0175284 0.0871525 
0.0101658 -0.0183586 -0.000556833 0.000630912 -0.0183586 0.0893809 0.000630109 -0.00158638 -0.000556833 0.000630109 0.00951181 -0.0176775 0.000630912 -0.00158638 -0.0176775 0.0878961 
0.0100675 -0.018186 -0.000560278 0.000617691 -0.018186 0.0885362 0.000620327 -0.00156225 -0.000560278 0.000620327 0.00943037 -0.0175237 0.000617691 -0.00156225 -0.0175237 0.0871255 
0.0102093 -0.0183483 -0.000549691 0.000635145 -0.0183483 0.0893165 0.00064173 -0.00159533 -0.000549691 0.00064173 0.00946712 -0.0176714 0.000635145 -0.00159533 -0.0176714 0.087872 
0.0101783 -0.0182675 -0.000554408 0.000612381 -0.0182675 0.0887172 0.000626046 -0.00157622 -0.000554408 0.000626046 0.00934881 -0.0174796 0.000612381 -0.00157622 -0.0174796 0.0870959 
0.0101795 -0.0183246 -0.000553421 0.000618475 -0.0183246 0.0888418 0.000633038 -0.00157268 -0.000553421 0.000633038 0.00933453 -0.0174131 0.000618475 -0.00157268 -0.0174131 0.0869167 
0.0102129 -0.0184222 -0.000532789 0.000609903 -0.0184222 0.0893724 0.000613359 -0.00153595 -0.000532789 0.000613359 0.00939344 -0.0174945 0.000609903 -0.00153595 -0.0174945 0.0872984 
0.0102177 -0.0184094 -0.000526816 0.000603567 -0.0184094 0.0894014 0.000596074 -0.00151964 -0.000526816 0.000596074 0.00939839 -0.0175162 0.000603567 -0.00151964 -0.0175162 0.087342 
0.0101598 -0.0182972 -0.000521377 0.000601891 -0.0182972 0.0888589 0.00058538 -0.00150262 -0.000521377 0.00058538 0.00934152 -0.017423 0.000601891 -0.00150262 -0.017423 0.0868666 
0.0101814 -0.0183457 -0.000528863 0.000614115 -0.0183457 0.0890579 0.000593235 -0.00153197 -0.000528863 0.000593235 0.00936566 -0.0174442 0.000614115 -0.00153197 -0.0174442 0.0870142 
0.0102107 -0.0184057 -0.000542197 0.00062032 -0.0184057 0.0893738 0.000607766 -0.00156441 -0.000542197 0.000607766 0.00940953 -0.0175233 0.00062032 -0.00156441 -0.0175233 0.0873583 
0.0101809 -0.0183986 -0.000558123 0.000619401 -0.0183986 0.0893908 0.00061709 -0.0015683 -0.000558123 0.00061709 0.00947624 -0.0175639 0.000619401 -0.0015683 -0.0175639 0.0875087 
0.0101433 -0.0183125 -0.000564139 0.000619338 -0.0183125 0.089107 0.000617275 -0.00154686 -0.000564139 0.000617275 0.00951126 -0.0176057 0.000619338 -0.00154686 -0.0176057 0.087498 
0.0101159 -0.0182052 -0.000583087 0.00063066 -0.0182052 0.0886199 0.00062511 -0.0015589 -0.000583087 0.00062511 0.00944544 -0.0176041 0.00063066 -0.0015589 -0.0176041 0.0873269 
0.0101801 -0.0182625 -0.000599097 0.000675515 -0.0182625 0.0887868 0.000669415 -0.00165726 -0.000599097 0.000669415 0.00942648 -0.0176117 0.000675515 -0.00165726 -0.0176117 0.0875459 
0.0102311 -0.0182952 -0.000586323 0.000685327 -0.0182952 0.0887901 0.000681443 -0.00170723 -0.000586323 0.000681443 0.00936927 -0.0175546 0.000685327 -0.00170723 -0.0175546 0.0874153 
0.0102502 -0.0183404 -0.000573379 0.000682593 -0.0183404 0.088808 0.000675253 -0.00173394 -0.000573379 0.000675253 0.00935761 -0.0174711 0.000682593 -0.00173394 -0.0174711 0.0871695 
0.0103206 -0.0185305 -0.000572285 0.000674207 -0.0185305 0.0896372 0.000660305 -0.00172978 -0.000572285 0.000660305 0.00945907 -0.0175985 0.000674207 -0.00172978 -0.0175985 0.0877644 
0.0102547 -0.0184426 -0.000571051 0.00064883 -0.0184426 0.0892955 0.000634907 -0.00165847 -0.000571051 0.000634907 0.00945126 -0.0175588 0.00064883 -0.00165847 -0.0175588 0.0874223 
0.0102358 -0.0184103 -0.000575687 0.000643073 -0.0184103 0.0892252 0.000639254 -0.0016273 -0.000575687 0.000639254 0.00945404 -0.0175899 0.000643073 -0.0016273 -0.0175899 0.0874603 
0.0102123 -0.0183551 -0.000600031 0.000656336 -0.0183551 0.0889983 0.000667483 -0.0016697 -0.000600031 0.000667483 0.00940326 -0.0175632 0.000656336 -0.0016697 -0.0175632 0.0873278 
0.0102421 -0.0183499 -0.000596192 0.000676361 -0.0183499 0.088992 0.000695881 -0.0017162 -0.000596192 0.000695881 0.00936054 -0.0175413 0.000676361 -0.0017162 -0.0175413 0.0873436 
0.010273 -0.0183999 -0.0005958 0.000680744 -0.0183999 0.0890971 0.000698509 -0.00175538 -0.0005958 0.000698509 0.00935167 -0.0174776 0.000680744 -0.00175538 -0.0174776 0.087239 
0.0103273 -0.018453 -0.000572042 0.000675774 -0.018453 0.0893005 0.000685273 -0.00174311 -0.000572042 0.000685273 0.00932139 -0.0174888 0.000675774 -0.00174311 -0.0174888 0.087287 
0.0103652 -0.0184923 -0.000558159 0.000651794 -0.0184923 0.0893196 0.000655593 -0.00169813 -0.000558159 0.000655593 0.00925098 -0.0173869 0.000651794 -0.00169813 -0.0173869 0.0869822 
0.010386 -0.0185774 -0.000559653 0.000627675 -0.0185774 0.0895586 0.000627442 -0.00162293 -0.000559653 0.000627442 0.0092351 -0.0173084 0.000627675 -0.00162293 -0.0173084 0.0867804 
0.010373 -0.0185978 -0.000582321 0.000624428 -0.0185978 0.0896771 0.000624746 -0.00158009 -0.000582321 0.000624746 0.00924151 -0.0172842 0.000624428 -0.00158009 -0.0172842 0.0866421 
0.0103563 -0.0185924 -0.000588302 0.000663239 -0.0185924 0.0897474 0.000670983 -0.00165198 -0.000588302 0.000670983 0.00927301 -0.0173074 0.000663239 -0.00165198 -0.0173074 0.086677 
0.0103177 -0.018546 -0.000568928 0.000663463 -0.018546 0.0896152 0.000677025 -0.00168927 -0.000568928 0.000677025 0.00929263 -0.0173219 0.000663463 -0.00168927 -0.0173219 0.0866389 
0.010322 -0.0185466 -0.000579719 0.000648629 -0.0185466 0.0897328 0.00065658 -0.00168079 -0.000579719 0.00065658 0.00932714 -0.017411 0.000648629 -0.00168079 -0.017411 0.0869617 
0.0103172 -0.0185361 -0.000593909 0.000666792 -0.0185361 0.0897527 0.000667823 -0.00169469 -0.000593909 0.000667823 0.00936834 -0.0174724 0.000666792 -0.00169469 -0.0174724 0.0872321 
0.0102562 -0.018489 -0.00059793 0.000681118 -0.018489 0.0895675 0.000676608 -0.00171499 -0.00059793 0.000676608 0.00942145 -0.0174875 0.000681118 -0.00171499 -0.0174875 0.087251 
0.01018 -0.0183509 -0.000583297 0.000689685 -0.0183509 0.0890646 0.000677054 -0.00173322 -0.000583297 0.000677054 0.00942964 -0.0174912 0.000689685 -0.00173322 -0.0174912 0.0870538 
0.0101657 -0.0182892 -0.000583989 0.000678452 -0.0182892 0.0888643 0.00066023 -0.00172193 -0.000583989 0.00066023 0.00943497 -0.0175534 0.000678452 -0.00172193 -0.0175534 0.0872123 
0.0102652 -0.0183815 -0.000569421 0.000666832 -0.0183815 0.0893159 0.000650255 -0.00168035 -0.000569421 0.000650255 0.00943288 -0.0176916 0.000666832 -0.00168035 -0.0176916 0.0879142 
0.0102889 -0.0184177 -0.000571142 0.000649701 -0.0184177 0.0893042 0.000639706 -0.00164886 -0.000571142 0.000639706 0.0093646 -0.0176053 0.000649701 -0.00164886 -0.0176053 0.0878031 
0.0101966 -0.0183144 -0.00058655 0.000653563 -0.0183144 0.088689 0.000651466 -0.00165424 -0.00058655 0.000651466 0.00926988 -0.0173672 0.000653563 -0.00165424 -0.0173672 0.0868718 
0.0102064 -0.0183564 -0.000595558 0.00068373 -0.0183564 0.088942 0.000684507 -0.00172458 -0.000595558 0.000684507 0.00926249 -0.017357 0.00068373 -0.00172458 -0.017357 0.086857 
0.0102698 -0.0184294 -0.000568695 0.000681958 -0.0184294 0.089357 0.000686539 -0.0017401 -0.000568695 0.000686539 0.00929195 -0.0173946 0.000681958 -0.0017401 -0.0173946 0.0871044 
0.0102698 -0.0183672 -0.000537939 0.000633113 -0.0183672 0.0890043 0.000645078 -0.00166002 -0.000537939 0.000645078 0.00920778 -0.0173112 0.000633113 -0.00166002 -0.0173112 0.0866745 
0.0103331 -0.018482 -0.000532997 0.000603735 -0.018482 0.0893988 0.000619883 -0.00158741 -0.000532997 0.000619883 0.00919466 -0.017319 0.000603735 -0.00158741 -0.017319 0.0868712 
0.0103205 -0.0185127 -0.000542234 0.000596065 -0.0185127 0.0894919 0.00060772 -0.0015346 -0.000542234 0.00060772 0.00920798 -0.0172764 0.000596065 -0.0015346 -0.0172764 0.0867786 
0.0102503 -0.0184675 -0.000551846 0.000616373 -0.0184675 0.0893371 0.000614467 -0.00154258 -0.000551846 0.000614467 0.00924776 -0.0172414 0.000616373 -0.00154258 -0.0172414 0.0865382 
0.010274 -0.0185089 -0.000534577 0.000634801 -0.0185089 0.0897358 0.000619421 -0.00156954 -0.000534577 0.000619421 0.00934665 -0.0174065 0.000634801 -0.00156954 -0.0174065 0.0871016 
0.0102258 -0.0184155 -0.000504691 0.00061289 -0.0184155 0.0893637 0.000593672 -0.0015427 -0.000504691 0.000593672 0.00934824 -0.017421 0.00061289 -0.0015427 -0.017421 0.0870078 
0.0102286 -0.0183849 -0.000486763 0.00057772 -0.0183849 0.0892485 0.000565127 -0.00148083 -0.000486763 0.000565127 0.0093459 -0.0174591 0.00057772 -0.00148083 -0.0174591 0.0871204 
0.0102848 -0.0184488 -0.000491173 0.000549576 -0.0184488 0.0895179 0.000545953 -0.00141059 -0.000491173 0.000545953 0.00936132 -0.01753 0.000549576 -0.00141059 -0.01753 0.0874986 
0.0102842 -0.0183662 -0.000500968 0.000538806 -0.0183662 0.0890142 0.000535294 -0.00134883 -0.000500968 0.000535294 0.00922942 -0.0173994 0.000538806 -0.00134883 -0.0173994 0.0869488 
0.0103475 -0.0184986 -0.000518979 0.000565023 -0.0184986 0.0894066 0.000560546 -0.00138336 -0.000518979 0.000560546 0.00920015 -0.0173405 0.000565023 -0.00138336 -0.0173405 0.086984 
0.0103353 -0.0185274 -0.000522089 0.000586837 -0.0185274 0.089462 0.000584327 -0.00144033 -0.000522089 0.000584327 0.00919433 -0.0172465 0.000586837 -0.00144033 -0.0172465 0.086665 
0.010328 -0.0185089 -0.000515983 0.000594782 -0.0185089 0.0894417 0.00059748 -0.00148977 -0.000515983 0.00059748 0.00919304 -0.0172402 0.000594782 -0.00148977 -0.0172402 0.0865234 
0.0103054 -0.0184947 -0.000517173 0.000593108 -0.0184947 0.0894063 0.000600002 -0.00151786 -0.000517173 0.000600002 0.00924312 -0.0172661 0.000593108 -0.00151786 -0.0172661 0.0865718 
0.0102842 -0.0184419 -0.00050886 0.00058871 -0.0184419 0.0892175 0.00059395 -0.00151221 -0.00050886 0.00059395 0.0092625 -0.0172999 0.00058871 -0.00151221 -0.0172999 0.0865551 
0.0102848 -0.0184299 -0.000512094 0.000584372 -0.0184299 0.089147 0.000583917 -0.00150312 -0.000512094 0.000583917 0.00925212 -0.0173287 0.000584372 -0.00150312 -0.0173287 0.0866185 
0.0103184 -0.0185162 -0.000512553 0.000591845 -0.0185162 0.0895338 0.000582278 -0.00149959 -0.000512553 0.000582278 0.00927885 -0.0173982 0.000591845 -0.00149959 -0.0173982 0.0870216 
0.0102765 -0.0184144 -0.000521819 0.000589042 -0.0184144 0.0891067 0.000574629 -0.00148547 -0.000521819 0.000574629 0.00920032 -0.0173148 0.000589042 -0.00148547 -0.0173148 0.0866456 
0.0102888 -0.0184529 -0.000545403 0.000603946 -0.0184529 0.0892937 0.000594917 -0.00151086 -0.000545403 0.000594917 0.00923384 -0.01733 0.000603946 -0.00151086 -0.01733 0.0868574 
0.0102831 -0.0183802 -0.00051728 0.000626115 -0.0183802 0.0889944 0.000621139 -0.00155807 -0.00051728 0.000621139 0.00921281 -0.0172963 0.000626115 -0.00155807 -0.0172963 0.0866462 
0.0103025 -0.0184004 -0.000488714 0.000599168 -0.0184004 0.0889751 0.000594453 -0.00154942 -0.000488714 0.000594453 0.00921858 -0.0172928 0.000599168 -0.00154942 -0.0172928 0.0866362 
0.0103413 -0.0184351 -0.000471883 0.000551919 -0.0184351 0.0890526 0.0005448 -0.0014451 -0.000471883 0.0005448 0.00918161 -0.0173032 0.000551919 -0.0014451 -0.0173032 0.0866634 
0.010375 -0.0185068 -0.000468092 0.000529404 -0.0185068 0.0892819 0.000523143 -0.00136001 -0.000468092 0.000523143 0.00915321 -0.0172835 0.000529404 -0.00136001 -0.0172835 0.0867298 
0.0103536 -0.018493 -0.000479119 0.000520147 -0.018493 0.0891902 0.000520501 -0.00131727 -0.000479119 0.000520501 0.00912211 -0.017203 0.000520147 -0.00131727 -0.017203 0.0864648 
0.0103207 -0.0184845 -0.000497007 0.00054562 -0.0184845 0.0891858 0.000547108 -0.00136203 -0.000497007 0.000547108 0.00913798 -0.0171781 0.00054562 -0.00136203 -0.0171781 0.0863613 
0.0102999 -0.0184694 -0.000516216 0.000575315 -0.0184694 0.0892408 0.000570661 -0.00143366 -0.000516216 0.000570661 0.00914958 -0.0172164 0.000575315 -0.00143366 -0.0172164 0.0864617 
0.0103544 -0.018527 -0.000503202 0.000593137 -0.018527 0.0896315 0.000589457 -0.00148412 -0.000503202 0.000589457 0.00918455 -0.0173141 0.000593137 -0.00148412 -0.0173141 0.0869524 
0.0103043 -0.0184235 -0.000460407 0.000585416 -0.0184235 0.0891087 0.000583806 -0.00150527 -0.000460407 0.000583806 0.00913723 -0.0172089 0.000585416 -0.00150527 -0.0172089 0.0864936 
0.0103456 -0.018508 -0.000429165 0.000529817 -0.018508 0.0894665 0.000529219 -0.00141916 -0.000429165 0.000529219 0.00919246 -0.0172694 0.000529817 -0.00141916 -0.0172694 0.0868006 
0.0103019 -0.0184365 -0.000407084 0.000480648 -0.0184365 0.0891276 0.000480425 -0.00128742 -0.000407084 0.000480425 0.00916453 -0.01723 0.000480648 -0.00128742 -0.01723 0.0865013 
0.0103543 -0.0185325 -0.000409903 0.000455063 -0.0185325 0.0896144 0.000454018 -0.00119238 -0.000409903 0.000454018 0.00922483 -0.0173479 0.000455063 -0.00119238 -0.0173479 0.0870544 
0.0102766 -0.0183961 -0.000415504 0.000454194 -0.0183961 0.0889547 0.000453347 -0.00115235 -0.000415504 0.000453347 0.00913406 -0.0172255 0.000454194 -0.00115235 -0.0172255 0.0864392 
0.0103043 -0.0184501 -0.000431858 0.000467919 -0.0184501 0.0891936 0.0004736 -0.00117916 -0.000431858 0.0004736 0.00912764 -0.0172251 0.000467919 -0.00117916 -0.0172251 0.0865691 
0.0103369 -0.0185346 -0.000447601 0.000493212 -0.0185346 0.0895973 0.000504913 -0.00124497 -0.000447601 0.000504913 0.00916668 -0.0172582 0.000493212 -0.00124497 -0.0172582 0.0868237 
0.0103344 -0.018537 -0.00046295 0.0005095 -0.018537 0.0896812 0.000521709 -0.00129586 -0.00046295 0.000521709 0.00918383 -0.0172803 0.0005095 -0.00129586 -0.0172803 0.0868812 
0.0103224 -0.0185355 -0.000475023 0.000532876 -0.0185355 0.089729 0.000537565 -0.0013479 -0.000475023 0.000537565 0.00921247 -0.0173101 0.000532876 -0.0013479 -0.0173101 0.0869908 
0.0103012 -0.0184868 -0.00046257 0.000544981 -0.0184868 0.089543 0.000542819 -0.00137634 -0.00046257 0.000542819 0.00920537 -0.0172914 0.000544981 -0.00137634 -0.0172914 0.086856 
0.0102606 -0.0183617 -0.000433087 0.00052485 -0.0183617 0.0889381 0.000521844 -0.00134687 -0.000433087 0.000521844 0.00914092 -0.0171862 0.00052485 -0.00134687 -0.0171862 0.0863035 
0.0102366 -0.0184024 -0.000421837 0.000482972 -0.0184024 0.089002 0.000476592 -0.00125317 -0.000421837 0.000476592 0.0091697 -0.0171733 0.000482972 -0.00125317 -0.0171733 0.0862763 
0.0103366 -0.0185174 -0.000400877 0.000459624 -0.0185174 0.0896749 0.000454508 -0.0011602 -0.000400877 0.000454508 0.00921468 -0.0173323 0.000459624 -0.0011602 -0.0173323 0.0869404 
0.0103216 -0.0184924 -0.00039101 0.000431783 -0.0184924 0.0894518 0.000433783 -0.00109104 -0.00039101 0.000433783 0.00918986 -0.0172597 0.000431783 -0.00109104 -0.0172597 0.0866735 
0.0103335 -0.0185595 -0.000405631 0.000451068 -0.0185595 0.0897529 0.000457156 -0.00113844 -0.000405631 0.000457156 0.00922885 -0.0173241 0.000451068 -0.00113844 -0.0173241 0.0869493 
0.0102944 -0.0185409 -0.000410659 0.000467224 -0.0185409 0.0897528 0.000470859 -0.00118401 -0.000410659 0.000470859 0.00926505 -0.0173484 0.000467224 -0.00118401 -0.0173484 0.0870235 
0.0102421 -0.0184007 -0.000410618 0.000474164 -0.0184007 0.089264 0.000472926 -0.00120822 -0.000410618 0.000472926 0.00921935 -0.0173452 0.000474164 -0.00120822 -0.0173452 0.0868474 
0.0102554 -0.0184053 -0.000422181 0.000463648 -0.0184053 0.089294 0.000463042 -0.00118831 -0.000422181 0.000463042 0.00921542 -0.0173687 0.000463648 -0.00118831 -0.0173687 0.0870728 
0.0102567 -0.0183799 -0.000440307 0.000478961 -0.0183799 0.0891573 0.000476419 -0.00119967 -0.000440307 0.000476419 0.00917896 -0.017329 0.000478961 -0.00119967 -0.017329 0.086985 
0.0102427 -0.0183695 -0.000467831 0.00050693 -0.0183695 0.089042 0.000502516 -0.00125529 -0.000467831 0.000502516 0.00915593 -0.0172624 0.00050693 -0.00125529 -0.0172624 0.0867847 
0.0101983 -0.0183287 -0.000499065 0.000540981 -0.0183287 0.088842 0.00053962 -0.00133707 -0.000499065 0.00053962 0.00915496 -0.0171987 0.000540981 -0.00133707 -0.0171987 0.086492 
0.0101559 -0.0182892 -0.000514458 0.000587273 -0.0182892 0.0887221 0.000586575 -0.00145346 -0.000514458 0.000586575 0.00918015 -0.0171933 0.000587273 -0.00145346 -0.0171933 0.0863636 
0.0102068 -0.0184121 -0.000515947 0.000607427 -0.0184121 0.0893963 0.000605319 -0.00153091 -0.000515947 0.000605319 0.00931547 -0.0173582 0.000607427 -0.00153091 -0.0173582 0.0870645 
0.0102347 -0.0183919 -0.000487015 0.000593291 -0.0183919 0.0894011 0.000596006 -0.00152339 -0.000487015 0.000596006 0.00934016 -0.017452 0.000593291 -0.00152339 -0.017452 0.0872678 
0.0101944 -0.018278 -0.00045073 0.000548196 -0.018278 0.0887595 0.000554522 -0.0014417 -0.00045073 0.000554522 0.00925649 -0.0173687 0.000548196 -0.0014417 -0.0173687 0.0868027 
0.0103024 -0.0184416 -0.000403317 0.000495829 -0.0184416 0.0894219 0.000498629 -0.00130479 -0.000403317 0.000498629 0.00926525 -0.0174589 0.000495829 -0.00130479 -0.0174589 0.0873826 
0.0103212 -0.0184884 -0.00041512 0.000449657 -0.0184884 0.0895088 0.000450813 -0.00118699 -0.00041512 0.000450813 0.00923105 -0.0173806 0.000449657 -0.00118699 -0.0173806 0.0872119 
0.0102889 -0.0185201 -0.000441638 0.000460623 -0.0185201 0.0896314 0.000461469 -0.00115015 -0.000441638 0.000461469 0.00926139 -0.0173553 0.000460623 -0.00115015 -0.0173553 0.0871436 
0.0102401 -0.018424 -0.000441636 0.000487295 -0.018424 0.0893352 0.000484167 -0.00117748 -0.000441636 0.000484167 0.00925212 -0.0173335 0.000487295 -0.00117748 -0.0173335 0.0868951 
0.0102228 -0.0183441 -0.000435523 0.000502911 -0.0183441 0.0889972 0.000493785 -0.0012299 -0.000435523 0.000493785 0.00922557 -0.0173028 0.000502911 -0.0012299 -0.0173028 0.0866789 
0.0102407 -0.0183347 -0.000411607 0.000496976 -0.0183347 0.0888838 0.000487903 -0.0012403 -0.000411607 0.000487903 0.00916961 -0.017296 0.000496976 -0.0012403 -0.017296 0.0866365 
0.0102606 -0.0183861 -0.00040165 0.000461415 -0.0183861 0.0890066 0.00045654 -0.00118201 -0.00040165 0.00045654 0.00916332 -0.0172491 0.000461415 -0.00118201 -0.0172491 0.0866167 
0.0102959 -0.0184394 -0.000415867 0.000455486 -0.0184394 0.0892421 0.000453562 -0.00115734 -0.000415867 0.000453562 0.00916541 -0.0172635 0.000455486 -0.00115734 -0.0172635 0.0867091 
0.0103332 -0.0184982 -0.000426024 0.000463061 -0.0184982 0.0894805 0.000460274 -0.00114906 -0.000426024 0.000460274 0.00916225 -0.0172732 0.000463061 -0.00114906 -0.0172732 0.0868118 
0.0103097 -0.0185371 -0.000436465 0.000472688 -0.0185371 0.0896324 0.000471948 -0.00116185 -0.000436465 0.000471948 0.00920967 -0.0172701 0.000472688 -0.00116185 -0.0172701 0.0868519 
0.0102959 -0.0185184 -0.000479001 0.000501235 -0.0185184 0.0897232 0.00049875 -0.00123234 -0.000479001 0.00049875 0.00925231 -0.0173522 0.000501235 -0.00123234 -0.0173522 0.0870677 
0.0102505 -0.0183875 -0.000506319 0.000567079 -0.0183875 0.0891804 0.000561912 -0.00137797 -0.000506319 0.000561912 0.0092429 -0.0173072 0.000567079 -0.00137797 -0.0173072 0.0867616 
0.0102817 -0.0184113 -0.000499834 0.000593516 -0.0184113 0.0892447 0.000592667 -0.0014826 -0.000499834 0.000592667 0.00928095 -0.0173838 0.000593516 -0.0014826 -0.0173838 0.0870226 
0.0102891 -0.018471 -0.000502254 0.000585755 -0.018471 0.0894311 0.000589885 -0.00151746 -0.000502254 0.000589885 0.0093305 -0.0174384 0.000585755 -0.00151746 -0.0174384 0.0872551 
0.0102982 -0.018466 -0.000486679 0.000567913 -0.018466 0.0894646 0.00057192 -0.00147041 -0.000486679 0.00057192 0.00932927 -0.0174846 0.000567913 -0.00147041 -0.0174846 0.0873732 
0.0103133 -0.0184701 -0.000482852 0.00054334 -0.0184701 0.0894688 0.000546672 -0.00140465 -0.000482852 0.000546672 0.00929963 -0.0174858 0.00054334 -0.00140465 -0.0174858 0.0874304 
0.0103379 -0.0185157 -0.00049554 0.000534512 -0.0185157 0.0896195 0.000543485 -0.00136414 -0.00049554 0.000543485 0.00926564 -0.01746 0.000534512 -0.00136414 -0.01746 0.0874614 
0.0102444 -0.0183853 -0.000513111 0.000545041 -0.0183853 0.0889516 0.000559098 -0.00136664 -0.000513111 0.000559098 0.00918558 -0.017255 0.000545041 -0.00136664 -0.017255 0.0865972 
0.0102617 -0.018415 -0.000513331 0.000570301 -0.018415 0.0891665 0.000582015 -0.00140893 -0.000513331 0.000582015 0.0092222 -0.0172884 0.000570301 -0.00140893 -0.0172884 0.0867222 
0.0102638 -0.0183756 -0.000498855 0.000572972 -0.0183756 0.0890138 0.000576206 -0.00142709 -0.000498855 0.000576206 0.00921697 -0.0172892 0.000572972 -0.00142709 -0.0172892 0.0866307 
0.0102996 -0.0184728 -0.000476809 0.000560858 -0.0184728 0.08941 0.000556191 -0.001409 -0.000476809 0.000556191 0.00929406 -0.0173774 0.000560858 -0.001409 -0.0173774 0.08705 
0.0102904 -0.018444 -0.00050297 0.000545744 -0.018444 0.0892734 0.000537805 -0.00138768 -0.00050297 0.000537805 0.00928919 -0.0173709 0.000545744 -0.00138768 -0.0173709 0.0869076 
0.0102634 -0.0184758 -0.000524097 0.000566812 -0.0184758 0.089359 0.000558093 -0.00139383 -0.000524097 0.000558093 0.00932011 -0.0173719 0.000566812 -0.00139383 -0.0173719 0.086902 
0.0102914 -0.0185612 -0.000547754 0.000604207 -0.0185612 0.0898842 0.000597519 -0.0014787 -0.000547754 0.000597519 0.00939123 -0.0174921 0.000604207 -0.0014787 -0.0174921 0.0873875 
0.0102333 -0.0184153 -0.000534508 0.00062642 -0.0184153 0.0893161 0.000621808 -0.00154854 -0.000534508 0.000621808 0.00931546 -0.017424 0.00062642 -0.00154854 -0.017424 0.0869579 
0.0102237 -0.0183773 -0.000525754 0.00060219 -0.0183773 0.0891544 0.000600743 -0.00153301 -0.000525754 0.000600743 0.009291 -0.0174031 0.00060219 -0.00153301 -0.0174031 0.0869304 
0.01023 -0.0184404 -0.000511053 0.000594038 -0.0184404 0.0894516 0.000596758 -0.00151148 -0.000511053 0.000596758 0.00935722 -0.0174555 0.000594038 -0.00151148 -0.0174555 0.0872675 
0.0101784 -0.0183364 -0.000482705 0.000572079 -0.0183364 0.0890743 0.000578274 -0.00147209 -0.000482705 0.000578274 0.00933756 -0.0174413 0.000572079 -0.00147209 -0.0174413 0.0870638 
0.0101639 -0.0182785 -0.000477986 0.000552874 -0.0182785 0.0888242 0.00056078 -0.00144743 -0.000477986 0.00056078 0.00930632 -0.0174229 0.000552874 -0.00144743 -0.0174229 0.0869703 
0.0102082 -0.0183677 -0.000509535 0.000553643 -0.0183677 0.0892128 0.000566047 -0.00144968 -0.000509535 0.000566047 0.00932601 -0.0174927 0.000553643 -0.00144968 -0.0174927 0.0873986 
0.0102181 -0.0183782 -0.000525306 0.00057942 -0.0183782 0.0892528 0.000593268 -0.00147751 -0.000525306 0.000593268 0.00931572 -0.0174537 0.00057942 -0.00147751 -0.0174537 0.0873374 
0.0102213 -0.018391 -0.000532264 0.000592022 -0.018391 0.0893101 0.000605119 -0.00150449 -0.000532264 0.000605119 0.00931551 -0.0174468 0.000592022 -0.00150449 -0.0174468 0.0873185 
0.010203 -0.018392 -0.00050526 0.000588919 -0.018392 0.0892969 0.000600054 -0.00149202 -0.00050526 0.000600054 0.00931426 -0.017411 0.000588919 -0.00149202 -0.017411 0.0871783 
0.0101518 -0.0182838 -0.000463668 0.000554667 -0.0182838 0.0888371 0.000561143 -0.0014228 -0.000463668 0.000561143 0.00926756 -0.0173233 0.000554667 -0.0014228 -0.0173233 0.0866913 
0.0102162 -0.0184161 -0.000444644 0.000511758 -0.0184161 0.0894667 0.000511872 -0.00132232 -0.000444644 0.000511872 0.00933773 -0.0174449 0.000511758 -0.00132232 -0.0174449 0.0872881 
