0.00781499 0 -0.000762592 0 0 0.0100882 0 0 -0.000762592 0 0.00648109 0 0 0 0 0.0100882 
0.0109284 -0.0135451 -0.000950421 0.00115714 -0.0135451 0.0351475 0.00115714 -0.00221873 -0.000950421 0.00115714 0.00913948 -0.0113667 0.00115714 -0.00221873 -0.0113667 0.0309705 
0.0109186 -0.020078 -0.000771365 0.00118365 -0.020078 0.0733222 0.00118365 -0.0036758 -0.000771365 0.00118365 0.00931957 -0.0177396 0.00118365 -0.0036758 -0.0177396 0.0660325 
0.0101025 -0.0189523 -0.000672309 0.000676546 -0.0189523 0.0839298 0.000663297 -0.00189708 -0.000672309 0.000663297 0.00864776 -0.0174163 0.000676546 -0.00189708 -0.0174163 0.0793435 
0.0100684 -0.0183074 -0.000737456 0.000633746 -0.0183074 0.0865661 0.000604085 -0.000985434 -0.000737456 0.000604085 0.00862435 -0.0168072 0.000633746 -0.000985434 -0.0168072 0.0831434 
0.0102298 -0.0183594 -0.000792433 0.000785872 -0.0183594 0.08812 0.000747714 -0.00119161 -0.000792433 0.000747714 0.00879462 -0.0167029 0.000785872 -0.00119161 -0.0167029 0.0843524 
0.0102613 -0.0184557 -0.000781258 0.000865525 -0.0184557 0.0889268 0.0008306 -0.00157172 -0.000781258 0.0008306 0.00897143 -0.0168199 0.000865525 -0.00157172 -0.0168199 0.0849801 
0.0102373 -0.0183911 -0.000719318 0.000837342 -0.0183911 0.0890091 0.000811312 -0.00170595 -0.000719318 0.000811312 0.0090575 -0.0169703 0.000837342 -0.00170595 -0.0169703 0.0853933 
0.0104003 -0.0185891 -0.000695875 0.000757582 -0.0185891 0.0901522 0.000746488 -0.00163024 -0.000695875 0.000746488 0.00919624 -0.0173232 0.000757582 -0.00163024 -0.0173232 0.086992 
0.0103223 -0.0183921 -0.000688982 0.000699562 -0.0183921 0.089076 0.000700904 -0.0014804 -0.000688982 0.000700904 0.00905915 -0.0171401 0.000699562 -0.0014804 -0.0171401 0.0861769 
0.0104688 -0.0186666 -0.000728041 0.000711301 -0.0186666 0.09019 0.000719544 -0.00146087 -0.000728041 0.000719544 0.00916838 -0.0172856 0.000711301 -0.00146087 -0.0172856 0.0871159 
0.0104309 -0.018656 -0.000749344 0.000756684 -0.018656 0.0900288 0.000758099 -0.00152673 -0.000749344 0.000758099 0.00916402 -0.0172135 0.000756684 -0.00152673 -0.0172135 0.0867244 
0.0103902 -0.0185954 -0.000737909 0.000797227 -0.0185954 0.0897858 0.000788326 -0.00163031 -0.000737909 0.000788326 0.00915738 -0.0171878 0.000797227 -0.00163031 -0.0171878 0.0864339 
0.0103883 -0.0185701 -0.000719597 0.000787003 -0.0185701 0.0897057 0.000773447 -0.00165551 -0.000719597 0.000773447 0.00913857 -0.0172119 0.000787003 -0.00165551 -0.0172119 0.086436 
0.0104432 -0.018605 -0.000732626 0.000760378 -0.018605 0.0898583 0.000751833 -0.00161803 -0.000732626 0.000751833 0.0090927 -0.0172451 0.000760378 -0.00161803 -0.0172451 0.0866506 
0.0104277 -0.0186205 -0.000762046 0.000758178 -0.0186205 0.0897883 0.000761891 -0.00159221 -0.000762046 0.000761891 0.00905291 -0.0171464 0.000758178 -0.00159221 -0.0171464 0.0864318 
0.010398 -0.0185944 -0.000767207 0.000790304 -0.0185944 0.0896739 0.0007997 -0.00163989 -0.000767207 0.0007997 0.00903762 -0.0170675 0.000790304 -0.00163989 -0.0170675 0.0861229 
0.0104143 -0.0185984 -0.000747758 0.000807889 -0.0185984 0.0897258 0.000816382 -0.00170276 -0.000747758 0.000816382 0.00903582 -0.0170618 0.000807889 -0.00170276 -0.0170618 0.086058 
0.0104329 -0.0186435 -0.00076008 0.000781837 -0.0186435 0.0898861 0.000794797 -0.00168827 -0.00076008 0.000794797 0.00905509 -0.0170758 0.000781837 -0.00168827 -0.0170758 0.0861225 
0.0104717 -0.0186944 -0.000749355 0.000785444 -0.0186944 0.0901494 0.00080111 -0.00166747 -0.000749355 0.00080111 0.0090625 -0.0171449 0.000785444 -0.00166747 -0.0171449 0.0863984 
0.0105133 -0.0187361 -0.000753224 0.000774271 -0.0187361 0.0903309 0.00078995 -0.00164764 -0.000753224 0.00078995 0.00905763 -0.0171727 0.000774271 -0.00164764 -0.0171727 0.0866062 
0.010504 -0.0187044 -0.000739568 0.000765695 -0.0187044 0.0900884 0.000776111 -0.00160219 -0.000739568 0.000776111 0.0090113 -0.0170806 0.000765695 -0.00160219 -0.0170806 0.0862673 
0.0105436 -0.0187973 -0.000744364 0.000767226 -0.0187973 0.0904381 0.000771258 -0.00159674 -0.000744364 0.000771258 0.00903473 -0.0170944 0.000767226 -0.00159674 -0.0170944 0.0864077 
0.0105504 -0.0188197 -0.000715375 0.000775099 -0.0188197 0.0905629 0.000775459 -0.00160454 -0.000715375 0.000775459 0.00907055 -0.0171213 0.000775099 -0.00160454 -0.0171213 0.0864845 
0.0104786 -0.018695 -0.000677665 0.000735077 -0.018695 0.0900174 0.000736657 -0.00154822 -0.000677665 0.000736657 0.00905744 -0.0170722 0.000735077 -0.00154822 -0.0170722 0.0860923 
0.0104542 -0.0187136 -0.000682453 0.000685664 -0.0187136 0.0901228 0.000681681 -0.00142653 -0.000682453 0.000681681 0.00909628 -0.0171358 0.000685664 -0.00142653 -0.0171358 0.0863086 
0.0103978 -0.0186296 -0.000667993 0.000686227 -0.0186296 0.0898689 0.000672737 -0.00135774 -0.000667993 0.000672737 0.00909158 -0.0171394 0.000686227 -0.00135774 -0.0171394 0.0862477 
0.0104312 -0.0186403 -0.00064107 0.000700252 -0.0186403 0.0900587 0.000681309 -0.00139125 -0.00064107 0.000681309 0.0091016 -0.0172307 0.000700252 -0.00139125 -0.0172307 0.086673 
0.0104143 -0.0186004 -0.000626993 0.000666968 -0.0186004 0.0898149 0.000648496 -0.00135821 -0.000626993 0.000648496 0.00907385 -0.0171533 0.000666968 -0.00135821 -0.0171533 0.0864523 
0.0104289 -0.01867 -0.00061164 0.000648809 -0.01867 0.0900961 0.000632638 -0.00131033 -0.00061164 0.000632638 0.00909641 -0.0171709 0.000648809 -0.00131033 -0.0171709 0.0865912 
0.0104629 -0.0186305 -0.000607674 0.000631684 -0.0186305 0.0899851 0.000619194 -0.00127615 -0.000607674 0.000619194 0.0090478 -0.0171489 0.000631684 -0.00127615 -0.0171489 0.0864556 
0.0105074 -0.0186842 -0.000596663 0.000629247 -0.0186842 0.0900964 0.00062673 -0.00127636 -0.000596663 0.00062673 0.00903916 -0.0171436 0.000629247 -0.00127636 -0.0171436 0.0865348 
0.0104694 -0.0186766 -0.000603401 0.00062192 -0.0186766 0.0899457 0.00062756 -0.0012906 -0.000603401 0.00062756 0.00906013 -0.017082 0.00062192 -0.0012906 -0.017082 0.0862812 
0.0104396 -0.0186595 -0.000605668 0.000621455 -0.0186595 0.0899206 0.000620608 -0.00127627 -0.000605668 0.000620608 0.00908742 -0.0171104 0.000621455 -0.00127627 -0.0171104 0.0862457 
0.010443 -0.0187051 -0.000600382 0.000627019 -0.0187051 0.0901993 0.00061924 -0.00127212 -0.000600382 0.00061924 0.00914556 -0.0171914 0.000627019 -0.00127212 -0.0171914 0.086553 
0.0104181 -0.0186729 -0.000572332 0.000621859 -0.0186729 0.0901746 0.000614099 -0.00126478 -0.000572332 0.000614099 0.00916401 -0.0172444 0.000621859 -0.00126478 -0.0172444 0.0866937 
0.0103723 -0.018563 -0.000546055 0.000588028 -0.018563 0.0897639 0.000583055 -0.00121526 -0.000546055 0.000583055 0.00914787 -0.0172236 0.000588028 -0.00121526 -0.0172236 0.0865391 
0.0103635 -0.0184643 -0.000542157 0.000557622 -0.0184643 0.0892915 0.000550867 -0.00114353 -0.000542157 0.000550867 0.0090799 -0.0171635 0.000557622 -0.00114353 -0.0171635 0.0862322 
0.0103815 -0.0184888 -0.000537998 0.000550372 -0.0184888 0.0892408 0.000545551 -0.00110054 -0.000537998 0.000545551 0.00902421 -0.0171148 0.000550372 -0.00110054 -0.0171148 0.0861264 
0.0105429 -0.0187758 -0.000531706 0.000548151 -0.0187758 0.0905506 0.000548083 -0.00108927 -0.000531706 0.000548083 0.00911823 -0.0173023 0.000548151 -0.00108927 -0.0173023 0.087239 
0.0105031 -0.0187438 -0.000523284 0.000535583 -0.0187438 0.0902885 0.000542497 -0.00107581 -0.000523284 0.000542497 0.00909569 -0.0171546 0.000535583 -0.00107581 -0.0171546 0.086654 
0.010535 -0.0187884 -0.000547647 0.000522615 -0.0187884 0.0905112 0.000532817 -0.00104995 -0.000547647 0.000532817 0.00910561 -0.0171888 0.000522615 -0.00104995 -0.0171888 0.0866863 
0.0105999 -0.0188736 -0.000563057 0.000555269 -0.0188736 0.0908975 0.000560201 -0.00108346 -0.000563057 0.000560201 0.00911784 -0.0172658 0.000555269 -0.00108346 -0.0172658 0.0870306 
0.0106288 -0.0189497 -0.000539192 0.000582893 -0.0189497 0.0911903 0.000581444 -0.00115095 -0.000539192 0.000581444 0.00912783 -0.0172901 0.000582893 -0.00115095 -0.0172901 0.0872408 
0.0105763 -0.0188784 -0.000527907 0.000556728 -0.0188784 0.0908889 0.000551194 -0.00113964 -0.000527907 0.000551194 0.00913002 -0.0172282 0.000556728 -0.00113964 -0.0172282 0.0869508 
0.0105017 -0.0187618 -0.000497916 0.00053347 -0.0187618 0.0903664 0.000525688 -0.00107738 -0.000497916 0.000525688 0.00911842 -0.0171544 0.00053347 -0.00107738 -0.0171544 0.0864685 
0.0105019 -0.0187728 -0.000475161 0.000501302 -0.0187728 0.0904898 0.000494136 -0.00100658 -0.000475161 0.000494136 0.00914344 -0.0172456 0.000501302 -0.00100658 -0.0172456 0.0867471 
0.0104628 -0.0187001 -0.000461996 0.000474626 -0.0187001 0.0901922 0.000468853 -0.00093766 -0.000461996 0.000468853 0.00910465 -0.0172055 0.000474626 -0.00093766 -0.0172055 0.086569 
0.0104005 -0.0185868 -0.000418719 0.000456975 -0.0185868 0.0896543 0.000453254 -0.000888645 -0.000418719 0.000453254 0.00903346 -0.0170802 0.000456975 -0.000888645 -0.0170802 0.0860351 
0.0104074 -0.01856 -0.000423796 0.000419333 -0.01856 0.0895271 0.000418393 -0.000835405 -0.000423796 0.000418393 0.00900055 -0.0170335 0.000419333 -0.000835405 -0.0170335 0.0858623 
0.0106039 -0.0189001 -0.000449722 0.000433934 -0.0189001 0.0910766 0.00043574 -0.000840802 -0.000449722 0.00043574 0.00914677 -0.0172932 0.000433934 -0.000840802 -0.0172932 0.0872396 
0.0104827 -0.0187484 -0.000471954 0.000457241 -0.0187484 0.0902911 0.000461994 -0.000890248 -0.000471954 0.000461994 0.00907484 -0.0171353 0.000457241 -0.000890248 -0.0171353 0.0864216 
0.0104845 -0.0187555 -0.000493656 0.000492626 -0.0187555 0.0904641 0.000494575 -0.000974246 -0.000493656 0.000494575 0.00911635 -0.0172045 0.000492626 -0.000974246 -0.0172045 0.08669 
0.0104738 -0.0187346 -0.000516607 0.000522852 -0.0187346 0.0904128 0.000520101 -0.00105552 -0.000516607 0.000520101 0.00911702 -0.017214 0.000522852 -0.00105552 -0.017214 0.0867141 
0.0104994 -0.0187916 -0.000525809 0.000561299 -0.0187916 0.090692 0.000559219 -0.00116031 -0.000525809 0.000559219 0.00916042 -0.0172643 0.000561299 -0.00116031 -0.0172643 0.0869913 
0.0104637 -0.0187667 -0.000501308 0.000564194 -0.0187667 0.0906149 0.000565718 -0.00120248 -0.000501308 0.000565718 0.00918321 -0.0172735 0.000564194 -0.00120248 -0.0172735 0.0869707 
0.0103578 -0.0185225 -0.000514755 0.000519986 -0.0185225 0.0895474 0.000520776 -0.00112973 -0.000514755 0.000520776 0.00904153 -0.0171178 0.000519986 -0.00112973 -0.0171178 0.0860822 
0.0104224 -0.0185992 -0.000554846 0.000541551 -0.0185992 0.0898523 0.000540456 -0.00112188 -0.000554846 0.000540456 0.00903109 -0.0171336 0.000541551 -0.00112188 -0.0171336 0.086368 
0.0104053 -0.0185975 -0.000566306 0.000575203 -0.0185975 0.0897318 0.000575494 -0.00116427 -0.000566306 0.000575494 0.00902539 -0.0170386 0.000575203 -0.00116427 -0.0170386 0.0860708 
0.0103422 -0.018508 -0.000600597 0.000593366 -0.018508 0.0893589 0.000593785 -0.00122043 -0.000600597 0.000593785 0.00902075 -0.0170017 0.000593366 -0.00122043 -0.0170017 0.0857412 
0.0104517 -0.0187425 -0.000626639 0.000647465 -0.0187425 0.090542 0.000641278 -0.00132197 -0.000626639 0.000641278 0.00919085 -0.0172602 0.000647465 -0.00132197 -0.0172602 0.0869505 
0.0103904 -0.018664 -0.000608322 0.000671075 -0.018664 0.090269 0.000663775 -0.00139661 -0.000608322 0.000663775 0.00922538 -0.0172839 0.000671075 -0.00139661 -0.0172839 0.0868791 
0.0104144 -0.0186514 -0.000569182 0.000634454 -0.0186514 0.0903074 0.000628409 -0.0013484 -0.000569182 0.000628409 0.00921092 -0.0173663 0.000634454 -0.0013484 -0.0173663 0.0871266 
0.0104485 -0.0186728 -0.000545764 0.000578097 -0.0186728 0.0903186 0.000577864 -0.00122756 -0.000545764 0.000577864 0.00915594 -0.0173286 0.000578097 -0.00122756 -0.0173286 0.0871184 
0.0104819 -0.0187176 -0.000541543 0.000556014 -0.0187176 0.0904135 0.000563615 -0.00115824 -0.000541543 0.000563615 0.0091054 -0.0172619 0.000556014 -0.00115824 -0.0172619 0.087006 
0.0105157 -0.0187896 -0.000551333 0.000557137 -0.0187896 0.09066 0.000570043 -0.00115309 -0.000551333 0.000570043 0.00910145 -0.0172156 0.000557137 -0.00115309 -0.0172156 0.0869526 
0.0104562 -0.0187464 -0.000557332 0.000560512 -0.0187464 0.0904458 0.000575848 -0.00115648 -0.000557332 0.000575848 0.00910844 -0.017149 0.000560512 -0.00115648 -0.017149 0.0866047 
0.0104062 -0.0186027 -0.000540093 0.000571109 -0.0186027 0.0898942 0.000580543 -0.00117508 -0.000540093 0.000580543 0.00907394 -0.0171032 0.000571109 -0.00117508 -0.0171032 0.0861856 
0.0104266 -0.0186048 -0.000546029 0.000562399 -0.0186048 0.0898558 0.000566807 -0.00117706 -0.000546029 0.000566807 0.00905481 -0.0171326 0.000562399 -0.00117706 -0.0171326 0.0862832 
0.0104608 -0.0186773 -0.000539867 0.000561917 -0.0186773 0.0901074 0.000567396 -0.00116354 -0.000539867 0.000567396 0.00903629 -0.0171485 0.000561917 -0.00116354 -0.0171485 0.0864861 
0.0104353 -0.0186742 -0.000527716 0.000559033 -0.0186742 0.090069 0.000570772 -0.00117302 -0.000527716 0.000570772 0.00902616 -0.0170797 0.000559033 -0.00117302 -0.0170797 0.0863099 
0.0103849 -0.0186041 -0.000501964 0.000552699 -0.0186041 0.0898393 0.000562266 -0.001176 -0.000501964 0.000562266 0.00901961 -0.0170482 0.000552699 -0.001176 -0.0170482 0.0861025 
0.0103442 -0.018513 -0.00047472 0.000528966 -0.018513 0.0895061 0.000530576 -0.00113844 -0.00047472 0.000530576 0.00900453 -0.0170239 0.000528966 -0.00113844 -0.0170239 0.0859163 
0.0104719 -0.0187198 -0.000461767 0.000500503 -0.0187198 0.0905036 0.000497166 -0.00107103 -0.000461767 0.000497166 0.0091073 -0.0172246 0.000500503 -0.00107103 -0.0172246 0.0869316 
0.0104315 -0.0186471 -0.000430177 0.000475798 -0.0186471 0.0900997 0.000471454 -0.000997202 -0.000430177 0.000471454 0.00907751 -0.017143 0.000475798 -0.000997202 -0.017143 0.0865343 
0.0104168 -0.0186476 -0.000416827 0.000445287 -0.0186476 0.0900606 0.000437256 -0.000927153 -0.000416827 0.000437256 0.00910162 -0.0171388 0.000445287 -0.000927153 -0.0171388 0.0864639 
0.0104119 -0.0186695 -0.00039732 0.000415837 -0.0186695 0.0901835 0.000401944 -0.000825034 -0.00039732 0.000401944 0.00912538 -0.0171868 0.000415837 -0.000825034 -0.0171868 0.0865841 
0.0104635 -0.0187496 -0.00040495 0.000393419 -0.0187496 0.0906241 0.000381319 -0.000755483 -0.00040495 0.000381319 0.00918486 -0.0172901 0.000393419 -0.000755483 -0.0172901 0.0870562 
0.0103543 -0.0185373 -0.000438841 0.000401765 -0.0185373 0.0896115 0.00039411 -0.000748332 -0.000438841 0.00039411 0.00907885 -0.0171301 0.000401765 -0.000748332 -0.0171301 0.0861828 
0.0103996 -0.0186304 -0.000470115 0.000456037 -0.0186304 0.09006 0.000450088 -0.000848438 -0.000470115 0.000450088 0.00913265 -0.0172285 0.000456037 -0.000848438 -0.0172285 0.0867043 
0.0104708 -0.0187355 -0.000508462 0.000504838 -0.0187355 0.0905811 0.000495721 -0.000980041 -0.000508462 0.000495721 0.0091658 -0.017325 0.000504838 -0.000980041 -0.017325 0.0872098 
0.0104739 -0.0187209 -0.000513617 0.000551445 -0.0187209 0.0905066 0.000541803 -0.00110818 -0.000513617 0.000541803 0.00915035 -0.0173049 0.000551445 -0.00110818 -0.0173049 0.0871685 
0.0104311 -0.0186634 -0.000494128 0.00055281 -0.0186634 0.090173 0.000548864 -0.00116559 -0.000494128 0.000548864 0.00912979 -0.0172111 0.00055281 -0.00116559 -0.0172111 0.086768 
0.0104736 -0.0187484 -0.000462985 0.000536135 -0.0187484 0.0905922 0.000536151 -0.00116918 -0.000462985 0.000536151 0.00917715 -0.0172993 0.000536135 -0.00116918 -0.0172993 0.0871303 
0.0104996 -0.0187956 -0.000439417 0.000486752 -0.0187956 0.0908216 0.000486496 -0.00107259 -0.000439417 0.000486496 0.00918821 -0.0173344 0.000486752 -0.00107259 -0.0173344 0.0872996 
0.0104706 -0.0187029 -0.000423265 0.000458923 -0.0187029 0.0903851 0.000455276 -0.000982332 -0.000423265 0.000455276 0.00912324 -0.017243 0.000458923 -0.000982332 -0.017243 0.0868626 
0.0104258 -0.018638 -0.000379715 0.000425083 -0.018638 0.0900065 0.000422197 -0.000883371 -0.000379715 0.000422197 0.00906444 -0.0171482 0.000425083 -0.000883371 -0.0171482 0.0864529 
0.0103436 -0.0185066 -0.000348643 0.00037683 -0.0185066 0.089402 0.000377636 -0.000783956 -0.000348643 0.000377636 0.00901674 -0.017026 0.00037683 -0.000783956 -0.017026 0.0858744 
0.0104812 -0.0187063 -0.000347834 0.000349342 -0.0187063 0.0903916 0.000347121 -0.000700544 -0.000347834 0.000347121 0.00911574 -0.0172186 0.000349342 -0.000700544 -0.0172186 0.0868183 
0.0104888 -0.018774 -0.000386549 0.000341412 -0.018774 0.0905591 0.000337535 -0.000645474 -0.000386549 0.000337535 0.00914323 -0.0172016 0.000341412 -0.000645474 -0.0172016 0.0867874 
0.0104931 -0.018843 -0.000416215 0.000398725 -0.018843 0.0909473 0.000397774 -0.00073311 -0.000416215 0.000397774 0.00921449 -0.0172995 0.000398725 -0.00073311 -0.0172995 0.0871296 
0.0104479 -0.018758 -0.000401817 0.000428427 -0.018758 0.0906949 0.00043074 -0.000826137 -0.000401817 0.00043074 0.00920201 -0.0173146 0.000428427 -0.000826137 -0.0173146 0.0870479 
0.0104635 -0.0187622 -0.000378514 0.000409787 -0.0187622 0.0907922 0.000411323 -0.000830403 -0.000378514 0.000411323 0.00921167 -0.0173747 0.000409787 -0.000830403 -0.0173747 0.0873424 
0.0104032 -0.0186444 -0.000333341 0.000374884 -0.0186444 0.0902595 0.000374431 -0.000758843 -0.000333341 0.000374431 0.00917939 -0.0173042 0.000374884 -0.000758843 -0.0173042 0.0870289 
0.0103442 -0.0185098 -0.000314662 0.000325219 -0.0185098 0.0896011 0.000324379 -0.000653848 -0.000314662 0.000324379 0.00913171 -0.0171953 0.000325219 -0.000653848 -0.0171953 0.0864807 
0.010341 -0.0185514 -0.000322067 0.000304352 -0.0185514 0.0897444 0.00030763 -0.00058159 -0.000322067 0.00030763 0.00915066 -0.0172395 0.000304352 -0.00058159 -0.0172395 0.0866575 
0.0103042 -0.0185493 -0.000322201 0.000317631 -0.0185493 0.089775 0.00032449 -0.000590949 -0.000322201 0.00032449 0.0091689 -0.0172283 0.000317631 -0.000590949 -0.0172283 0.0866374 
0.0103108 -0.0185146 -0.000321981 0.000320702 -0.0185146 0.089803 0.000325623 -0.00060962 -0.000321981 0.000325623 0.0091671 -0.0172931 0.000320702 -0.00060962 -0.0172931 0.0868422 
0.010291 -0.0184651 -0.0003547 0.000333159 -0.0184651 0.0895682 0.000333792 -0.00064624 -0.0003547 0.000333792 0.00915867 -0.017258 0.000333159 -0.00064624 -0.017258 0.0867518 
0.0103261 -0.0185432 -0.000379697 0.000366517 -0.0185432 0.0898829 0.000360761 -0.000694631 -0.000379697 0.000360761 0.00917417 -0.0172924 0.000366517 -0.000694631 -0.0172924 0.0869723 
0.0103696 -0.0186166 -0.000367159 0.000409223 -0.0186166 0.0902696 0.00040181 -0.000796656 -0.000367159 0.00040181 0.00920903 -0.017364 0.000409223 -0.000796656 -0.017364 0.0873414 
0.0103585 -0.0186006 -0.00035205 0.000386986 -0.0186006 0.0902003 0.000382944 -0.000801687 -0.00035205 0.000382944 0.00920196 -0.0173433 0.000386986 -0.000801687 -0.0173433 0.0872632 
0.0103541 -0.0186043 -0.000363604 0.000373698 -0.0186043 0.0902472 0.000366883 -0.000776113 -0.000363604 0.000366883 0.00921784 -0.0173626 0.000373698 -0.000776113 -0.0173626 0.0873443 
0.0103246 -0.0185749 -0.000367416 0.000380642 -0.0185749 0.0900887 0.000369732 -0.000761385 -0.000367416 0.000369732 0.00921505 -0.0173066 0.000380642 -0.000761385 -0.0173066 0.0870946 
0.0103046 -0.018509 -0.000358124 0.000384736 -0.018509 0.0898069 0.000373632 -0.000767111 -0.000358124 0.000373632 0.00916872 -0.0172612 0.000384736 -0.000767111 -0.0172612 0.0867824 
0.0102713 -0.0184484 -0.000335612 0.000368096 -0.0184484 0.0894733 0.000362851 -0.000746963 -0.000335612 0.000362851 0.00913957 -0.0171859 0.000368096 -0.000746963 -0.0171859 0.0864478 
0.0102663 -0.0184352 -0.000346182 0.000337785 -0.0184352 0.089392 0.000337579 -0.000694248 -0.000346182 0.000337579 0.00914286 -0.0171795 0.000337785 -0.000694248 -0.0171795 0.0863723 
0.0103398 -0.0185368 -0.000375826 0.000351451 -0.0185368 0.0898644 0.000355403 -0.000692887 -0.000375826 0.000355403 0.00916092 -0.017286 0.000351451 -0.000692887 -0.017286 0.0868505 
0.0104372 -0.0186821 -0.000401461 0.000391935 -0.0186821 0.0905072 0.000402448 -0.000772981 -0.000401461 0.000402448 0.00917957 -0.0173837 0.000391935 -0.000772981 -0.0173837 0.087457 
0.0102976 -0.0184462 -0.0004113 0.000409552 -0.0184462 0.0892966 0.000424012 -0.000832704 -0.0004113 0.000424012 0.0090352 -0.0171027 0.000409552 -0.000832704 -0.0171027 0.0862067 
0.0103163 -0.0185074 -0.000412677 0.000438144 -0.0185074 0.0895697 0.000445825 -0.000906984 -0.000412677 0.000445825 0.00907438 -0.0171041 0.000438144 -0.000906984 -0.0171041 0.0863066 
0.0103176 -0.0184683 -0.000413588 0.000448688 -0.0184683 0.0894472 0.000447799 -0.000952058 -0.000413588 0.000447799 0.00908335 -0.017111 0.000448688 -0.000952058 -0.017111 0.0862103 
0.0104353 -0.0187362 -0.000386842 0.000440605 -0.0187362 0.0906601 0.000434527 -0.000931036 -0.000386842 0.000434527 0.00925351 -0.017354 0.000440605 -0.000931036 -0.017354 0.0873754 
0.0103891 -0.0186286 -0.000372129 0.000393158 -0.0186286 0.0902264 0.000384383 -0.000829139 -0.000372129 0.000384383 0.00923128 -0.0173368 0.000393158 -0.000829139 -0.0173368 0.0870739 
0.0104131 -0.0186905 -0.00037878 0.000369642 -0.0186905 0.0904978 0.000363366 -0.000737279 -0.00037878 0.000363366 0.00923812 -0.0174124 0.000369642 -0.000737279 -0.0174124 0.087416 
0.0103824 -0.0186659 -0.000378799 0.000387519 -0.0186659 0.0903793 0.000386297 -0.000750146 -0.000378799 0.000386297 0.0092266 -0.0173469 0.000387519 -0.000750146 -0.0173469 0.0872266 
0.0103329 -0.0185619 -0.000390905 0.00038603 -0.0185619 0.089949 0.00038705 -0.000764045 -0.000390905 0.00038705 0.00918311 -0.0172675 0.00038603 -0.000764045 -0.0172675 0.0867905 
0.0103189 -0.0185084 -0.00039092 0.000401423 -0.0185084 0.0896944 0.000402927 -0.000792533 -0.00039092 0.000402927 0.00912463 -0.0172211 0.000401423 -0.000792533 -0.0172211 0.086551 
0.0104564 -0.0187194 -0.000420042 0.000416527 -0.0187194 0.0906661 0.0004252 -0.000856597 -0.000420042 0.0004252 0.00919808 -0.0173732 0.000416527 -0.000856597 -0.0173732 0.0874429 
0.0104411 -0.0187406 -0.000425007 0.00043187 -0.0187406 0.090671 0.000447699 -0.000893421 -0.000425007 0.000447699 0.00918801 -0.0173356 0.00043187 -0.000893421 -0.0173356 0.0873331 
0.0104109 -0.0186881 -0.000406046 0.000430405 -0.0186881 0.0904607 0.000447476 -0.000901769 -0.000406046 0.000447476 0.00915423 -0.0172751 0.000430405 -0.000901769 -0.0172751 0.0870436 
0.0102624 -0.0184491 -0.000379912 0.000405507 -0.0184491 0.0893026 0.000413617 -0.000852459 -0.000379912 0.000413617 0.00904026 -0.0170343 0.000405507 -0.000852459 -0.0170343 0.0858668 
0.0103027 -0.018541 -0.000378806 0.000382906 -0.018541 0.0898414 0.000383832 -0.000787705 -0.000378806 0.000383832 0.00910562 -0.0171695 0.000382906 -0.000787705 -0.0171695 0.0864787 
0.0103666 -0.0186677 -0.000411663 0.000389323 -0.0186677 0.0905458 0.000383983 -0.000768234 -0.000411663 0.000383983 0.00918861 -0.0173276 0.000389323 -0.000768234 -0.0173276 0.0872762 
0.0102285 -0.0183984 -0.000400587 0.000424537 -0.0183984 0.0893373 0.000418242 -0.000816646 -0.000400587 0.000418242 0.00908387 -0.0171272 0.000424537 -0.000816646 -0.0171272 0.0862647 
0.0102785 -0.0184357 -0.000385806 0.000416227 -0.0184357 0.089532 0.000412692 -0.000838772 -0.000385806 0.000412692 0.0091265 -0.017189 0.000416227 -0.000838772 -0.017189 0.0865694 
0.0103124 -0.0184614 -0.000393335 0.000405096 -0.0184614 0.0895692 0.000399941 -0.000828536 -0.000393335 0.000399941 0.00913451 -0.0172185 0.000405096 -0.000828536 -0.0172185 0.086667 
0.0103366 -0.0184746 -0.000405243 0.000421045 -0.0184746 0.0895232 0.000415101 -0.000855222 -0.000405243 0.000415101 0.00911731 -0.0172064 0.000421045 -0.000855222 -0.0172064 0.0866059 
0.0103703 -0.0184879 -0.000415066 0.000440879 -0.0184879 0.0894896 0.000439019 -0.000914319 -0.000415066 0.000439019 0.00907155 -0.0171885 0.000440879 -0.000914319 -0.0171885 0.0865335 
0.0104655 -0.0186333 -0.000438407 0.000455462 -0.0186333 0.0899968 0.000458311 -0.000972343 -0.000438407 0.000458311 0.00905802 -0.0171943 0.000455462 -0.000972343 -0.0171943 0.0867517 
0.0105236 -0.0188148 -0.000415909 0.000474995 -0.0188148 0.0906672 0.000479713 -0.00101581 -0.000415909 0.000479713 0.00909253 -0.0171882 0.000474995 -0.00101581 -0.0171882 0.0869262 
0.01055 -0.0188738 -0.000412294 0.000445153 -0.0188738 0.0909981 0.000447831 -0.000983365 -0.000412294 0.000447831 0.00911342 -0.0171985 0.000445153 -0.000983365 -0.0171985 0.0869365 
0.0105124 -0.0188147 -0.000404717 0.000422688 -0.0188147 0.0907504 0.000424276 -0.00090269 -0.000404717 0.000424276 0.00910615 -0.0171495 0.000422688 -0.00090269 -0.0171495 0.0866143 
0.0105018 -0.018807 -0.000414258 0.000406869 -0.018807 0.0907708 0.000409846 -0.000840433 -0.000414258 0.000409846 0.00912536 -0.0172022 0.000406869 -0.000840433 -0.0172022 0.0867393 
0.0104724 -0.0186855 -0.000431125 0.000413979 -0.0186855 0.0902878 0.000419797 -0.000823732 -0.000431125 0.000419797 0.00906175 -0.0171766 0.000413979 -0.000823732 -0.0171766 0.0865308 
0.0103943 -0.0185881 -0.000447997 0.000424733 -0.0185881 0.0897003 0.000432823 -0.000828683 -0.000447997 0.000432823 0.00902094 -0.0170314 0.000424733 -0.000828683 -0.0170314 0.0859821 
0.0105027 -0.0188389 -0.000425109 0.000454362 -0.0188389 0.0909395 0.000457935 -0.000875796 -0.000425109 0.000457935 0.00918435 -0.0172719 0.000454362 -0.000875796 -0.0172719 0.0871417 
0.0105026 -0.0188043 -0.000413818 0.000436652 -0.0188043 0.0909218 0.000435137 -0.000881162 -0.000413818 0.000435137 0.0092144 -0.0173461 0.000436652 -0.000881162 -0.0173461 0.0873156 
0.0103931 -0.0185732 -0.000391992 0.000430579 -0.0185732 0.0898041 0.00042391 -0.000870507 -0.000391992 0.00042391 0.00911938 -0.0171875 0.000430579 -0.000870507 -0.0171875 0.0864468 
0.0104502 -0.0186092 -0.000383019 0.000418369 -0.0186092 0.0899403 0.000406542 -0.000855863 -0.000383019 0.000406542 0.00913146 -0.0172594 0.000418369 -0.000855863 -0.0172594 0.0867666 
0.0105532 -0.018818 -0.000406083 0.000399116 -0.018818 0.0907695 0.000387562 -0.000806306 -0.000406083 0.000387562 0.00919497 -0.0173867 0.000399116 -0.000806306 -0.0173867 0.0875035 
0.0105588 -0.0188582 -0.000422956 0.000417418 -0.0188582 0.0909454 0.000405817 -0.000802809 -0.000422956 0.000405817 0.00921029 -0.0173925 0.000417418 -0.000802809 -0.0173925 0.0875786 
0.0105297 -0.0188379 -0.000446319 0.000440139 -0.0188379 0.090885 0.000425921 -0.000844801 -0.000446319 0.000425921 0.00921751 -0.0173688 0.000440139 -0.000844801 -0.0173688 0.0874497 
0.0104454 -0.0187281 -0.00045366 0.00046107 -0.0187281 0.0903994 0.000450124 -0.000891799 -0.00045366 0.000450124 0.00920904 -0.0172705 0.00046107 -0.000891799 -0.0172705 0.0869112 
0.0103989 -0.0186182 -0.000430599 0.00047777 -0.0186182 0.0899754 0.000471592 -0.000955737 -0.000430599 0.000471592 0.00917602 -0.0172437 0.00047777 -0.000955737 -0.0172437 0.0865782 
0.0104171 -0.0185729 -0.000410499 0.000447175 -0.0185729 0.0897512 0.000448246 -0.000939059 -0.000410499 0.000448246 0.00912063 -0.0172247 0.000447175 -0.000939059 -0.0172247 0.0864611 
0.0104729 -0.0186597 -0.000395035 0.000409793 -0.0186597 0.089982 0.000420981 -0.00086016 -0.000395035 0.000420981 0.00909504 -0.0172071 0.000409793 -0.00086016 -0.0172071 0.0865507 
0.01053 -0.0187345 -0.000398065 0.000386952 -0.0187345 0.0902126 0.000400274 -0.000788881 -0.000398065 0.000400274 0.00905463 -0.0171642 0.000386952 -0.000788881 -0.0171642 0.0864955 
0.0105658 -0.0188249 -0.000386401 0.000392668 -0.0188249 0.0905375 0.000403971 -0.000769657 -0.000386401 0.000403971 0.00907118 -0.0171562 0.000392668 -0.000769657 -0.0171562 0.0865774 
0.0105318 -0.0187454 -0.000399443 0.00038344 -0.0187454 0.0901748 0.000393381 -0.000759383 -0.000399443 0.000393381 0.00905773 -0.0170837 0.00038344 -0.000759383 -0.0170837 0.0861625 
