0.00726632 0 -0.000896102 0 0 0.00996595 0 0 -0.000896102 0 0.00683461 0 0 0 0 0.00996595 
0.010251 -0.0127177 -0.00115017 0.00140049 -0.0127177 0.033467 0.00140049 -0.00268566 -0.00115017 0.00140049 0.00958155 -0.0119018 0.00140049 -0.00268566 -0.0119018 0.0319031 
0.0102883 -0.0190914 -0.000951881 0.00146254 -0.0190914 0.0701104 0.00146254 -0.00454959 -0.000951881 0.00146254 0.00964407 -0.0181624 0.00146254 -0.00454959 -0.0181624 0.0671961 
0.00960608 -0.0185387 -0.000916748 0.000876255 -0.0185387 0.082825 0.000875497 -0.00257706 -0.000916748 0.000875497 0.00915651 -0.0178418 0.000876255 -0.00257706 -0.0178418 0.0805519 
0.00954662 -0.0178799 -0.00101798 0.000891877 -0.0178799 0.0860654 0.000888641 -0.00165499 -0.00101798 0.000888641 0.00923535 -0.0173174 0.000891877 -0.00165499 -0.0173174 0.0840714 
0.00964437 -0.0177913 -0.0010748 0.0010852 -0.0177913 0.087256 0.00108587 -0.00197157 -0.0010748 0.00108587 0.00945559 -0.0173837 0.0010852 -0.00197157 -0.0173837 0.0856127 
0.00971603 -0.0178233 -0.00106413 0.00117834 -0.0178233 0.0877889 0.00118179 -0.00241689 -0.00106413 0.00118179 0.0095959 -0.017592 0.00117834 -0.00241689 -0.017592 0.0866677 
0.00973404 -0.0178104 -0.00103239 0.00115522 -0.0178104 0.087814 0.00115545 -0.00255803 -0.00103239 0.00115545 0.00962912 -0.0176774 0.00115522 -0.00255803 -0.0176774 0.0871182 
0.0098022 -0.0178791 -0.00100804 0.00110889 -0.0178791 0.0881231 0.00110666 -0.00250501 -0.00100804 0.00110666 0.0096523 -0.0177567 0.00110889 -0.00250501 -0.0177567 0.0876077 
0.00979095 -0.017816 -0.000983838 0.00106718 -0.017816 0.0876733 0.00106512 -0.00239702 -0.000983838 0.00106512 0.00956157 -0.017636 0.00106718 -0.00239702 -0.017636 0.0871267 
0.00982788 -0.0178692 -0.000973654 0.00104071 -0.0178692 0.0877583 0.00104448 -0.00231611 -0.000973654 0.00104448 0.00951895 -0.017579 0.00104071 -0.00231611 -0.017579 0.08699 
0.00996652 -0.0180805 -0.000943561 0.00103641 -0.0180805 0.0886367 0.00104914 -0.00229665 -0.000943561 0.00104914 0.0095375 -0.0176531 0.00103641 -0.00229665 -0.0176531 0.0874954 
0.00997209 -0.0181642 -0.000929515 0.000992473 -0.0181642 0.0888139 0.00100616 -0.00222164 -0.000929515 0.00100616 0.00952147 -0.0175454 0.000992473 -0.00222164 -0.0175454 0.0871612 
0.00992651 -0.0181714 -0.000954076 0.000971125 -0.0181714 0.0888906 0.000975979 -0.00213476 -0.000954076 0.000975979 0.00953831 -0.0175289 0.000971125 -0.00213476 -0.0175289 0.0869916 
0.00989609 -0.0181636 -0.000983598 0.00100599 -0.0181636 0.0890469 0.0010054 -0.00215041 -0.000983598 0.0010054 0.00959341 -0.0175996 0.00100599 -0.00215041 -0.0175996 0.0872008 
0.00988688 -0.0181096 -0.00100274 0.00105524 -0.0181096 0.089014 0.00105432 -0.00225846 -0.00100274 0.00105432 0.00963021 -0.0177001 0.00105524 -0.00225846 -0.0177001 0.0875184 
0.00986516 -0.0180606 -0.00099889 0.00107884 -0.0180606 0.0888112 0.00107969 -0.00234673 -0.00099889 0.00107969 0.0096522 -0.0177243 0.00107884 -0.00234673 -0.0177243 0.0876134 
0.00978057 -0.0178937 -0.000999886 0.00105728 -0.0178937 0.0880477 0.00106367 -0.00233699 -0.000999886 0.00106367 0.00959486 -0.0176585 0.00105728 -0.00233699 -0.0176585 0.087181 
0.00985124 -0.0179702 -0.00102766 0.00106355 -0.0179702 0.0884552 0.00107664 -0.00234324 -0.00102766 0.00107664 0.00962445 -0.0177931 0.00106355 -0.00234324 -0.0177931 0.0878508 
0.00984939 -0.0180075 -0.0010557 0.00109656 -0.0180075 0.0885329 0.001113 -0.00240378 -0.0010557 0.001113 0.00964724 -0.0177728 0.00109656 -0.00240378 -0.0177728 0.0879322 
0.00975773 -0.0178801 -0.00105028 0.00111812 -0.0178801 0.0879141 0.00113268 -0.00245566 -0.00105028 0.00113268 0.00957525 -0.0176248 0.00111812 -0.00245566 -0.0176248 0.0871942 
0.00978476 -0.0179004 -0.00104789 0.00112593 -0.0179004 0.0880905 0.00113456 -0.00249331 -0.00104789 0.00113456 0.00958166 -0.0176506 0.00112593 -0.00249331 -0.0176506 0.0873154 
0.00979603 -0.0179456 -0.00102826 0.00112048 -0.0179456 0.088297 0.00112608 -0.00248639 -0.00102826 0.00112608 0.00962415 -0.0176885 0.00112048 -0.00248639 -0.0176885 0.0875198 
0.00977562 -0.0179416 -0.00103129 0.00109897 -0.0179416 0.0883144 0.00109631 -0.00243962 -0.00103129 0.00109631 0.00965286 -0.0177113 0.00109897 -0.00243962 -0.0177113 0.0875579 
0.00977222 -0.0178878 -0.00103838 0.00110144 -0.0178878 0.0881435 0.00109171 -0.00240906 -0.00103838 0.00109171 0.0096267 -0.0177213 0.00110144 -0.00240906 -0.0177213 0.087502 
0.009828 -0.0179817 -0.00105407 0.00111815 -0.0179817 0.0885177 0.0011093 -0.00243503 -0.00105407 0.0011093 0.00964618 -0.0177654 0.00111815 -0.00243503 -0.0177654 0.0878219 
0.00980918 -0.0179703 -0.0010413 0.00112992 -0.0179703 0.0884123 0.00112645 -0.00246815 -0.0010413 0.00112645 0.00963862 -0.01772 0.00112992 -0.00246815 -0.01772 0.0876417 
0.00976373 -0.017947 -0.0010182 0.00111823 -0.017947 0.0883051 0.0011175 -0.00247526 -0.0010182 0.0011175 0.00965524 -0.0176934 0.00111823 -0.00247526 -0.0176934 0.0874723 
0.00970605 -0.0178554 -0.000973734 0.00107974 -0.0178554 0.0879658 0.00107871 -0.00240222 -0.000973734 0.00107871 0.00962965 -0.017657 0.00107974 -0.00240222 -0.017657 0.0871701 
0.00979024 -0.017947 -0.000949036 0.00104451 -0.017947 0.088505 0.00104492 -0.00233418 -0.000949036 0.00104492 0.0096692 -0.0177999 0.00104451 -0.00233418 -0.0177999 0.0878284 
0.00973482 -0.0178419 -0.000911953 0.000992074 -0.0178419 0.0878922 0.000998744 -0.00220875 -0.000911953 0.000998744 0.00957762 -0.0176498 0.000992074 -0.00220875 -0.0176498 0.0872172 
0.00973556 -0.0178325 -0.000913899 0.000950185 -0.0178325 0.0878557 0.000961847 -0.00210216 -0.000913899 0.000961847 0.0095682 -0.0176438 0.000950185 -0.00210216 -0.0176438 0.087228 
0.00975611 -0.0179677 -0.000917868 0.000959936 -0.0179677 0.0884629 0.000968822 -0.00207585 -0.000917868 0.000968822 0.00964492 -0.0177263 0.000959936 -0.00207585 -0.0177263 0.0877281 
0.00962691 -0.0178133 -0.000940914 0.000964878 -0.0178133 0.087872 0.000968085 -0.00207934 -0.000940914 0.000968085 0.00964385 -0.017619 0.000964878 -0.00207934 -0.017619 0.0871382 
0.00970406 -0.0178707 -0.000970564 0.00101099 -0.0178707 0.0884366 0.00100815 -0.00215874 -0.000970564 0.00100815 0.00972784 -0.0178434 0.00101099 -0.00215874 -0.0178434 0.0879875 
0.00967183 -0.0177743 -0.000957902 0.00102594 -0.0177743 0.0879155 0.00102743 -0.00220718 -0.000957902 0.00102743 0.00967321 -0.0177731 0.00102594 -0.00220718 -0.0177731 0.0876781 
0.00967539 -0.0177356 -0.000974295 0.0010181 -0.0177356 0.0876752 0.00102062 -0.00222452 -0.000974295 0.00102062 0.00964151 -0.0177426 0.0010181 -0.00222452 -0.0177426 0.0875613 
0.0096808 -0.0177459 -0.000951135 0.00103447 -0.0177459 0.0876147 0.00103678 -0.00224343 -0.000951135 0.00103678 0.00962902 -0.0177159 0.00103447 -0.00224343 -0.0177159 0.0874919 
0.00973785 -0.0179091 -0.00097924 0.00102492 -0.0179091 0.0883356 0.00102607 -0.00225597 -0.00097924 0.00102607 0.0097333 -0.0178253 0.00102492 -0.00225597 -0.0178253 0.0880754 
0.00967311 -0.0177849 -0.00100817 0.00103646 -0.0177849 0.0878079 0.00102946 -0.00223872 -0.00100817 0.00102946 0.0096829 -0.0177615 0.00103646 -0.00223872 -0.0177615 0.0875883 
0.00967429 -0.0177812 -0.00101126 0.00108194 -0.0177812 0.0877622 0.00107009 -0.00231113 -0.00101126 0.00107009 0.00967262 -0.0177382 0.00108194 -0.00231113 -0.0177382 0.0874993 
0.00975101 -0.0179218 -0.0010273 0.00108095 -0.0179218 0.0884379 0.00107212 -0.00233801 -0.0010273 0.00107212 0.00971142 -0.0178701 0.00108095 -0.00233801 -0.0178701 0.0881394 
0.00971711 -0.0178551 -0.00102821 0.00108684 -0.0178551 0.0881309 0.00109073 -0.00235435 -0.00102821 0.00109073 0.00967718 -0.01779 0.00108684 -0.00235435 -0.01779 0.0878344 
0.00964178 -0.017758 -0.00102294 0.001087 -0.017758 0.0876673 0.00109913 -0.00237285 -0.00102294 0.00109913 0.00965805 -0.0176993 0.001087 -0.00237285 -0.0176993 0.0873852 
0.00965518 -0.0177826 -0.0010469 0.00109363 -0.0177826 0.0878902 0.00110118 -0.00239596 -0.0010469 0.00110118 0.00971566 -0.0177912 0.00109363 -0.00239596 -0.0177912 0.0877185 
0.00966444 -0.0177734 -0.00106569 0.00111497 -0.0177734 0.0878887 0.00111719 -0.0024207 -0.00106569 0.00111719 0.00973 -0.017835 0.00111497 -0.0024207 -0.017835 0.0878582 
0.00967654 -0.0177968 -0.00108347 0.00113576 -0.0177968 0.087941 0.00113714 -0.00246194 -0.00108347 0.00113714 0.00973469 -0.0178381 0.00113576 -0.00246194 -0.0178381 0.0878992 
0.00969681 -0.017778 -0.00105471 0.00114825 -0.017778 0.0878267 0.0011493 -0.00248559 -0.00105471 0.0011493 0.00969978 -0.0178089 0.00114825 -0.00248559 -0.0178089 0.0877501 
0.00976025 -0.0178362 -0.00102202 0.00111483 -0.0178362 0.087977 0.00111339 -0.00244121 -0.00102202 0.00111339 0.00965531 -0.0177988 0.00111483 -0.00244121 -0.0177988 0.0877733 
0.00974182 -0.0178801 -0.000994005 0.00106712 -0.0178801 0.087968 0.00106669 -0.0023329 -0.000994005 0.00106669 0.00961158 -0.017674 0.00106712 -0.0023329 -0.017674 0.0873842 
0.00981063 -0.0180001 -0.000976134 0.00104672 -0.0180001 0.0886294 0.00104554 -0.00226599 -0.000976134 0.00104554 0.00965576 -0.0177601 0.00104672 -0.00226599 -0.0177601 0.0878184 
0.00972954 -0.0179364 -0.000993452 0.00102809 -0.0179364 0.0882991 0.00102582 -0.0022227 -0.000993452 0.00102582 0.00964695 -0.0176467 0.00102809 -0.0022227 -0.0176467 0.0873144 
0.00969706 -0.0179164 -0.00105684 0.00105544 -0.0179164 0.0883864 0.00105697 -0.00225953 -0.00105684 0.00105697 0.00970031 -0.017721 0.00105544 -0.00225953 -0.017721 0.0874866 
0.00965635 -0.0178337 -0.00110488 0.0011294 -0.0178337 0.0881585 0.00113772 -0.002404 -0.00110488 0.00113772 0.00970627 -0.0177555 0.0011294 -0.002404 -0.0177555 0.0875183 
0.00967758 -0.0178183 -0.00108974 0.00119596 -0.0178183 0.0881954 0.00121283 -0.00259659 -0.00108974 0.00121283 0.00971954 -0.0178439 0.00119596 -0.00259659 -0.0178439 0.0878972 
0.00966551 -0.0177325 -0.00105364 0.00117462 -0.0177325 0.0877632 0.00119005 -0.00264096 -0.00105364 0.00119005 0.00967688 -0.017799 0.00117462 -0.00264096 -0.017799 0.087737 
0.00968907 -0.0177533 -0.00106827 0.00113611 -0.0177533 0.0877117 0.00114168 -0.0025755 -0.00106827 0.00114168 0.00965236 -0.0177599 0.00113611 -0.0025755 -0.0177599 0.0876619 
0.00967282 -0.0177796 -0.00107266 0.0011429 -0.0177796 0.0876856 0.00114331 -0.00253073 -0.00107266 0.00114331 0.00964052 -0.0176892 0.0011429 -0.00253073 -0.0176892 0.087413 
0.00969356 -0.017893 -0.0010829 0.0011597 -0.017893 0.0882853 0.00116112 -0.00255692 -0.0010829 0.00116112 0.00975139 -0.0178 0.0011597 -0.00255692 -0.0178 0.0879021 
0.00965899 -0.0177782 -0.0010643 0.00115562 -0.0177782 0.0879201 0.00115771 -0.00254961 -0.0010643 0.00115771 0.00973874 -0.0178245 0.00115562 -0.00254961 -0.0178245 0.0877591 
0.00969361 -0.0178243 -0.00103793 0.00113894 -0.0178243 0.0880912 0.00113772 -0.00251816 -0.00103793 0.00113772 0.00974998 -0.0178827 0.00113894 -0.00251816 -0.0178827 0.0880495 
0.00969887 -0.0178293 -0.00103431 0.00109106 -0.0178293 0.0880519 0.0010912 -0.00240907 -0.00103431 0.0010912 0.00972528 -0.0178533 0.00109106 -0.00240907 -0.0178533 0.087978 
0.00960383 -0.0177728 -0.00106378 0.00107848 -0.0177728 0.0877237 0.0010808 -0.00233384 -0.00106378 0.0010808 0.00971899 -0.0177487 0.00107848 -0.00233384 -0.0177487 0.0875354 
0.00958579 -0.0177667 -0.00107786 0.00112095 -0.0177667 0.0879607 0.00112214 -0.00237381 -0.00107786 0.00112214 0.00979649 -0.0178722 0.00112095 -0.00237381 -0.0178722 0.0879487 
0.00958358 -0.0177537 -0.00109116 0.0011523 -0.0177537 0.0880888 0.00114907 -0.00245936 -0.00109116 0.00114907 0.00985235 -0.017987 0.0011523 -0.00245936 -0.017987 0.0883864 
0.0095178 -0.0176127 -0.0010959 0.00116669 -0.0176127 0.0874756 0.00116001 -0.0025135 -0.0010959 0.00116001 0.00981618 -0.017925 0.00116669 -0.0025135 -0.017925 0.0880433 
0.00952708 -0.0175984 -0.00110108 0.00117564 -0.0175984 0.087417 0.00117065 -0.00255169 -0.00110108 0.00117065 0.00981472 -0.0179453 0.00117564 -0.00255169 -0.0179453 0.088134 
0.00953035 -0.0175566 -0.00110535 0.00117831 -0.0175566 0.087148 0.00117947 -0.00257728 -0.00110535 0.00117947 0.00975309 -0.0178728 0.00117831 -0.00257728 -0.0178728 0.087839 
0.00959093 -0.0176627 -0.00110509 0.00119195 -0.0176627 0.0875078 0.00120118 -0.00262625 -0.00110509 0.00120118 0.00974487 -0.0178693 0.00119195 -0.00262625 -0.0178693 0.0879699 
0.00966875 -0.0177884 -0.00110394 0.00118683 -0.0177884 0.0880336 0.00120147 -0.0026367 -0.00110394 0.00120147 0.00976889 -0.0179028 0.00118683 -0.0026367 -0.0179028 0.0882371 
0.00967117 -0.0177945 -0.00109026 0.00117171 -0.0177945 0.0879651 0.00118763 -0.00260303 -0.00109026 0.00118763 0.00972528 -0.0178331 0.00117171 -0.00260303 -0.0178331 0.0879338 
0.00966877 -0.0177773 -0.00106324 0.00115946 -0.0177773 0.0878442 0.0011724 -0.00257219 -0.00106324 0.0011724 0.00968984 -0.0177769 0.00115946 -0.00257219 -0.0177769 0.0876834 
0.00971775 -0.0178673 -0.00104637 0.00113525 -0.0178673 0.0882791 0.00114045 -0.00251875 -0.00104637 0.00114045 0.00975333 -0.0178711 0.00113525 -0.00251875 -0.0178711 0.0881403 
0.00969109 -0.0178669 -0.0010248 0.00110556 -0.0178669 0.088256 0.00110341 -0.00242811 -0.0010248 0.00110341 0.00977944 -0.0178812 0.00110556 -0.00242811 -0.0178812 0.0881412 
0.00959966 -0.017784 -0.00100804 0.00107181 -0.017784 0.087918 0.00106095 -0.00232052 -0.00100804 0.00106095 0.00977972 -0.0178431 0.00107181 -0.00232052 -0.0178431 0.0878649 
0.00961989 -0.017733 -0.00102302 0.00106575 -0.017733 0.0878884 0.00104968 -0.00227432 -0.00102302 0.00104968 0.00976529 -0.0179041 0.00106575 -0.00227432 -0.0179041 0.0880358 
0.00963237 -0.0177537 -0.00106732 0.00108927 -0.0177537 0.0879224 0.0010791 -0.00230907 -0.00106732 0.0010791 0.00977933 -0.0179097 0.00108927 -0.00230907 -0.0179097 0.088177 
0.00961339 -0.017717 -0.00107722 0.00112639 -0.017717 0.0877263 0.00112229 -0.00237716 -0.00107722 0.00112229 0.00974985 -0.0178733 0.00112639 -0.00237716 -0.0178733 0.0879978 
0.00959385 -0.0176875 -0.00105904 0.00115278 -0.0176875 0.0875559 0.00114815 -0.00247113 -0.00105904 0.00114815 0.00973223 -0.017817 0.00115278 -0.00247113 -0.017817 0.087777 
0.009641 -0.0177309 -0.00103483 0.00114129 -0.0177309 0.087779 0.00112983 -0.00249137 -0.00103483 0.00112983 0.00973662 -0.0178585 0.00114129 -0.00249137 -0.0178585 0.0879614 
0.00959222 -0.0176823 -0.00100539 0.00110702 -0.0176823 0.0874418 0.00109681 -0.00243982 -0.00100539 0.00109681 0.00971097 -0.0177603 0.00110702 -0.00243982 -0.0177603 0.0875389 
0.00958539 -0.0176878 -0.000967207 0.00106802 -0.0176878 0.0875005 0.0010589 -0.00235137 -0.000967207 0.0010589 0.0097025 -0.0177752 0.00106802 -0.00235137 -0.0177752 0.0875405 
0.00965209 -0.0178176 -0.000942974 0.00103392 -0.0178176 0.0881869 0.00102262 -0.00227036 -0.000942974 0.00102262 0.00976789 -0.017901 0.00103392 -0.00227036 -0.017901 0.0882072 
0.00963885 -0.0177424 -0.000931161 0.00099992 -0.0177424 0.0878649 0.000989005 -0.0021856 -0.000931161 0.000989005 0.00971304 -0.0178355 0.00099992 -0.0021856 -0.0178355 0.0879075 
0.00968504 -0.017821 -0.000956082 0.00099718 -0.017821 0.0881554 0.000990731 -0.00216553 -0.000956082 0.000990731 0.00974115 -0.0178549 0.00099718 -0.00216553 -0.0178549 0.0881064 
0.00965073 -0.0177219 -0.000970935 0.00101936 -0.0177219 0.0876374 0.00101892 -0.00220074 -0.000970935 0.00101892 0.00966983 -0.0177633 0.00101936 -0.00220074 -0.0177633 0.0875928 
0.00968882 -0.0177807 -0.000991461 0.00104568 -0.0177807 0.087845 0.00105059 -0.00227699 -0.000991461 0.00105059 0.00969531 -0.0178003 0.00104568 -0.00227699 -0.0178003 0.0878068 
0.00970814 -0.0178021 -0.000964342 0.00105159 -0.0178021 0.0878958 0.00105927 -0.00229954 -0.000964342 0.00105927 0.00968733 -0.0178182 0.00105159 -0.00229954 -0.0178182 0.0878678 
0.00971255 -0.0177798 -0.000962312 0.00101598 -0.0177798 0.0876977 0.00102135 -0.00224665 -0.000962312 0.00102135 0.00962822 -0.0177399 0.00101598 -0.00224665 -0.0177399 0.0875609 
0.0097304 -0.0178303 -0.000946494 0.00100948 -0.0178303 0.0878225 0.00101166 -0.00219452 -0.000946494 0.00101166 0.0096002 -0.0177012 0.00100948 -0.00219452 -0.0177012 0.087481 
0.00977655 -0.0179825 -0.00093521 0.000996565 -0.0179825 0.0885365 0.000995975 -0.00215683 -0.00093521 0.000995975 0.00964285 -0.0177796 0.000996565 -0.00215683 -0.0177796 0.0879653 
0.0096596 -0.0178229 -0.000937692 0.00098382 -0.0178229 0.0878865 0.000982578 -0.00212913 -0.000937692 0.000982578 0.00958423 -0.0176236 0.00098382 -0.00212913 -0.0176236 0.0872408 
0.00964085 -0.0177571 -0.000968926 0.00101108 -0.0177571 0.087801 0.00101052 -0.00218695 -0.000968926 0.00101052 0.00961374 -0.0176706 0.00101108 -0.00218695 -0.0176706 0.0873618 
0.009675 -0.0177688 -0.000985641 0.00104516 -0.0177688 0.0879119 0.00104704 -0.00226711 -0.000985641 0.00104704 0.00963999 -0.0177411 0.00104516 -0.00226711 -0.0177411 0.087665 
0.00969237 -0.0177198 -0.000981012 0.00105582 -0.0177198 0.0875644 0.00106104 -0.00231598 -0.000981012 0.00106104 0.00956357 -0.0176491 0.00105582 -0.00231598 -0.0176491 0.087283 
0.00978403 -0.0178936 -0.00100855 0.00105802 -0.0178936 0.088176 0.00106407 -0.00234198 -0.00100855 0.00106407 0.00960524 -0.0176863 0.00105802 -0.00234198 -0.0176863 0.087625 
0.00980787 -0.0179437 -0.00101366 0.00107639 -0.0179437 0.0883237 0.00108047 -0.00235622 -0.00101366 0.00108047 0.00958568 -0.0176707 0.00107639 -0.00235622 -0.0176707 0.0875316 
0.00978207 -0.0179166 -0.000969473 0.00108129 -0.0179166 0.0881481 0.00107894 -0.002366 -0.000969473 0.00107894 0.00955213 -0.0175959 0.00108129 -0.002366 -0.0175959 0.0871993 
0.00980526 -0.017947 -0.000982253 0.0010421 -0.017947 0.0883054 0.00103134 -0.00231087 -0.000982253 0.00103134 0.00957371 -0.0176099 0.0010421 -0.00231087 -0.0176099 0.0872621 
0.00975443 -0.0179152 -0.00100049 0.00105286 -0.0179152 0.0880796 0.00103746 -0.00228569 -0.00100049 0.00103746 0.00957762 -0.0175445 0.00105286 -0.00228569 -0.0175445 0.0869105 
0.00977114 -0.0179869 -0.00101841 0.00108144 -0.0179869 0.0885427 0.00106875 -0.00233427 -0.00101841 0.00106875 0.00968683 -0.0176975 0.00108144 -0.00233427 -0.0176975 0.0874636 
0.00976823 -0.0179612 -0.00100487 0.00108698 -0.0179612 0.0885639 0.00108189 -0.00235855 -0.00100487 0.00108189 0.00971178 -0.0178077 0.00108698 -0.00235855 -0.0178077 0.0877813 
0.0097784 -0.0179673 -0.000991681 0.00106782 -0.0179673 0.0886183 0.00107186 -0.00234629 -0.000991681 0.00107186 0.0097154 -0.0178553 0.00106782 -0.00234629 -0.0178553 0.0880403 
0.00972004 -0.0178388 -0.000970507 0.0010381 -0.0178388 0.0880089 0.00104816 -0.00228661 -0.000970507 0.00104816 0.00963831 -0.0177521 0.0010381 -0.00228661 -0.0177521 0.0875876 
0.00978872 -0.0178785 -0.000945746 0.00102682 -0.0178785 0.0882072 0.00103645 -0.0022566 -0.000945746 0.00103645 0.0096098 -0.0177954 0.00102682 -0.0022566 -0.0177954 0.0878831 
0.00983592 -0.0179254 -0.000899333 0.000990357 -0.0179254 0.0882492 0.000999675 -0.00218267 -0.000899333 0.000999675 0.00954398 -0.0177165 0.000990357 -0.00218267 -0.0177165 0.087759 
0.00981802 -0.0179444 -0.000863833 0.000939066 -0.0179444 0.0881474 0.000940448 -0.00206884 -0.000863833 0.000940448 0.0095083 -0.017567 0.000939066 -0.00206884 -0.017567 0.0872724 
0.00977719 -0.0179183 -0.000881204 0.00090225 -0.0179183 0.0880629 0.00089284 -0.00195648 -0.000881204 0.00089284 0.00952068 -0.0175299 0.00090225 -0.00195648 -0.0175299 0.0870152 
0.00981341 -0.0179462 -0.000893034 0.000934498 -0.0179462 0.0882853 0.000917313 -0.00196309 -0.000893034 0.000917313 0.00953558 -0.0175896 0.000934498 -0.00196309 -0.0175896 0.0871937 
0.0098234 -0.0179214 -0.000886347 0.000952312 -0.0179214 0.088126 0.000938826 -0.00201758 -0.000886347 0.000938826 0.0095086 -0.0175643 0.000952312 -0.00201758 -0.0175643 0.0870687 
0.00984296 -0.0179659 -0.00088208 0.000952608 -0.0179659 0.0882292 0.000946007 -0.00206087 -0.00088208 0.000946007 0.00951025 -0.0175582 0.000952608 -0.00206087 -0.0175582 0.0870863 
0.00989075 -0.0181099 -0.000945115 0.000954811 -0.0181099 0.0888965 0.000951986 -0.00208961 -0.000945115 0.000951986 0.00958771 -0.0176775 0.000954811 -0.00208961 -0.0176775 0.0876674 
0.00980461 -0.0179878 -0.000990238 0.00101147 -0.0179878 0.0883976 0.00101391 -0.00217561 -0.000990238 0.00101391 0.00957284 -0.0175997 0.00101147 -0.00217561 -0.0175997 0.0872192 
0.00977849 -0.0179002 -0.00100015 0.00106772 -0.0179002 0.0880848 0.00106944 -0.00231158 -0.00100015 0.00106944 0.00955523 -0.0175932 0.00106772 -0.00231158 -0.0175932 0.0870557 
0.00986051 -0.0180542 -0.000970319 0.00109632 -0.0180542 0.0887904 0.00109195 -0.00241785 -0.000970319 0.00109195 0.00964049 -0.0177442 0.00109632 -0.00241785 -0.0177442 0.0878104 
0.00978796 -0.0179789 -0.000926656 0.00103987 -0.0179789 0.0884214 0.00103137 -0.0023435 -0.000926656 0.00103137 0.00962482 -0.0176821 0.00103987 -0.0023435 -0.0176821 0.0874797 
0.00982727 -0.0180176 -0.000915047 0.000987582 -0.0180176 0.0887567 0.00098085 -0.00221349 -0.000915047 0.00098085 0.00966847 -0.0178041 0.000987582 -0.00221349 -0.0178041 0.0879729 
0.0097649 -0.0179038 -0.000933173 0.000954564 -0.0179038 0.0882019 0.00095501 -0.00209627 -0.000933173 0.00095501 0.00961792 -0.0177101 0.000954564 -0.00209627 -0.0177101 0.0875452 
0.00976236 -0.0178668 -0.000957212 0.000984561 -0.0178668 0.0880463 0.000990182 -0.00211606 -0.000957212 0.000990182 0.0096124 -0.0176951 0.000984561 -0.00211606 -0.0176951 0.0874732 
0.0097658 -0.0179367 -0.000971471 0.00102306 -0.0179367 0.0883246 0.00102884 -0.00220409 -0.000971471 0.00102884 0.00966572 -0.0177475 0.00102306 -0.00220409 -0.0177475 0.087739 
0.00971674 -0.0178175 -0.000967243 0.00103485 -0.0178175 0.0878581 0.00103683 -0.00225362 -0.000967243 0.00103683 0.00963401 -0.0176942 0.00103485 -0.00225362 -0.0176942 0.0873732 
0.00976024 -0.0178883 -0.000960256 0.00103948 -0.0178883 0.0882273 0.00103602 -0.00227753 -0.000960256 0.00103602 0.00969674 -0.0178177 0.00103948 -0.00227753 -0.0178177 0.0879177 
0.00974381 -0.0178238 -0.00096762 0.00101502 -0.0178238 0.0878907 0.00100597 -0.00222417 -0.00096762 0.00100597 0.00964167 -0.0177647 0.00101502 -0.00222417 -0.0177647 0.0876517 
0.00983092 -0.017947 -0.00098329 0.00103314 -0.017947 0.0883855 0.00102811 -0.00223823 -0.00098329 0.00102811 0.00965103 -0.017815 0.00103314 -0.00223823 -0.017815 0.0880211 
0.00977028 -0.0178797 -0.00096285 0.00104208 -0.0178797 0.0879023 0.00104107 -0.00226346 -0.00096285 0.00104107 0.00956997 -0.0176354 0.00104208 -0.00226346 -0.0176354 0.0872763 
0.00982643 -0.0179587 -0.000941694 0.00104281 -0.0179587 0.0882993 0.0010363 -0.00229737 -0.000941694 0.0010363 0.00957297 -0.0176716 0.00104281 -0.00229737 -0.0176716 0.0874638 
0.00991348 -0.0180576 -0.000936807 0.00102581 -0.0180576 0.0887276 0.00101565 -0.0022847 -0.000936807 0.00101565 0.00957884 -0.0177127 0.00102581 -0.0022847 -0.0177127 0.087742 
0.00988007 -0.0180537 -0.000912188 0.00100398 -0.0180537 0.0885221 0.000999118 -0.00223293 -0.000912188 0.000999118 0.00954375 -0.0175886 0.00100398 -0.00223293 -0.0175886 0.0872577 
0.00989364 -0.0180947 -0.00090238 0.000969507 -0.0180947 0.0887856 0.000971527 -0.00216424 -0.00090238 0.000971527 0.00956171 -0.017637 0.000969507 -0.00216424 -0.017637 0.0874164 
0.00988784 -0.0180274 -0.00088172 0.000952193 -0.0180274 0.0885269 0.000961388 -0.00211079 -0.00088172 0.000961388 0.0095174 -0.0175962 0.000952193 -0.00211079 -0.0175962 0.0872062 
0.00994496 -0.018059 -0.00089301 0.000939946 -0.018059 0.0886305 0.000950147 -0.00208848 -0.00089301 0.000950147 0.00950523 -0.0176234 0.000939946 -0.00208848 -0.0176234 0.0873881 
0.00989999 -0.0180292 -0.000929782 0.000940929 -0.0180292 0.0882983 0.00095085 -0.00206716 -0.000929782 0.00095085 0.0094707 -0.0175077 0.000940929 -0.00206716 -0.0175077 0.0869481 
0.00997726 -0.0181612 -0.000985185 0.000989688 -0.0181612 0.0889774 0.000997052 -0.00213167 -0.000985185 0.000997052 0.00954506 -0.0176413 0.000989688 -0.00213167 -0.0176413 0.0875571 
0.00994783 -0.0181069 -0.000997758 0.00104201 -0.0181069 0.0886796 0.00104568 -0.00222917 -0.000997758 0.00104568 0.00951121 -0.0175741 0.00104201 -0.00222917 -0.0175741 0.0872178 
0.0099763 -0.0182075 -0.000984628 0.00107151 -0.0182075 0.0891366 0.00107113 -0.0023233 -0.000984628 0.00107113 0.0095874 -0.0176505 0.00107151 -0.0023233 -0.0176505 0.0875911 
0.00995755 -0.0181745 -0.00096911 0.00105516 -0.0181745 0.0890489 0.0010484 -0.00232431 -0.00096911 0.0010484 0.00960937 -0.0176679 0.00105516 -0.00232431 -0.0176679 0.087536 
0.00991863 -0.0180606 -0.00094544 0.001022 -0.0180606 0.0885238 0.00100958 -0.0022404 -0.00094544 0.00100958 0.00955078 -0.0176109 0.001022 -0.0022404 -0.0176109 0.0871334 
0.00999058 -0.0181742 -0.000945051 0.00100781 -0.0181742 0.0890381 0.000991884 -0.0021897 -0.000945051 0.000991884 0.00960735 -0.0177396 0.00100781 -0.0021897 -0.0177396 0.0877732 
0.0100039 -0.0182142 -0.000948822 0.00100931 -0.0182142 0.0891605 0.000996119 -0.00218108 -0.000948822 0.000996119 0.00964582 -0.017756 0.00100931 -0.00218108 -0.017756 0.0878945 
0.00996238 -0.0181128 -0.000942552 0.000997949 -0.0181128 0.088693 0.00098938 -0.00215627 -0.000942552 0.00098938 0.00958522 -0.0177127 0.000997949 -0.00215627 -0.0177127 0.0875424 
0.0100212 -0.0182066 -0.000954456 0.00100673 -0.0182066 0.0890853 0.00100332 -0.00218582 -0.000954456 0.00100332 0.00959248 -0.0177677 0.00100673 -0.00218582 -0.0177677 0.0879134 
0.00996604 -0.0181181 -0.000929408 0.000998548 -0.0181181 0.0885724 0.00100198 -0.00217517 -0.000929408 0.00100198 0.00949825 -0.0175968 0.000998548 -0.00217517 -0.0175968 0.0872232 
0.00998592 -0.0181615 -0.000910571 0.000979682 -0.0181615 0.0887984 0.000986578 -0.00215578 -0.000910571 0.000986578 0.00950398 -0.0176046 0.000979682 -0.00215578 -0.0176046 0.0873266 
0.00997541 -0.0181199 -0.000899008 0.000958193 -0.0181199 0.0886149 0.000961032 -0.00211173 -0.000899008 0.000961032 0.00944668 -0.0175381 0.000958193 -0.00211173 -0.0175381 0.0870464 
0.0100577 -0.0182802 -0.000908588 0.000965894 -0.0182802 0.0893441 0.000960932 -0.00211415 -0.000908588 0.000960932 0.00950872 -0.0176225 0.000965894 -0.00211415 -0.0176225 0.0876035 
0.010043 -0.0182523 -0.000915796 0.000980428 -0.0182523 0.0891998 0.00096789 -0.00213918 -0.000915796 0.00096789 0.00949211 -0.017564 0.000980428 -0.00213918 -0.017564 0.0873234 
0.0100072 -0.0182382 -0.000907798 0.000985945 -0.0182382 0.0891048 0.000971733 -0.00215393 -0.000907798 0.000971733 0.0095101 -0.0175289 0.000985945 -0.00215393 -0.0175289 0.0871204 
0.0100071 -0.0182373 -0.000888811 0.000979934 -0.0182373 0.0892019 0.000967586 -0.00215894 -0.000888811 0.000967586 0.00954362 -0.0175963 0.000979934 -0.00215894 -0.0175963 0.0872854 
0.0099793 -0.0180923 -0.000865583 0.00095356 -0.0180923 0.0885783 0.000944728 -0.00212317 -0.000865583 0.000944728 0.0094871 -0.0175454 0.00095356 -0.00212317 -0.0175454 0.0869202 
0.0100131 -0.018158 -0.000880674 0.000921453 -0.018158 0.0887255 0.00092221 -0.00206054 -0.000880674 0.00092221 0.00948845 -0.0175734 0.000921453 -0.00206054 -0.0175734 0.0871152 
