0.00677885 0 0.0010054 0 0 0.00991348 0 0 0.0010054 0 0.00712878 0 0 0 0 0.00991348 
0.00981428 -0.0121887 0.00130954 -0.00159564 -0.0121887 0.0326166 -0.00159564 0.0030596 0.00130954 -0.00159564 0.0102034 -0.0126593 -0.00159564 0.0030596 -0.0126593 0.0335196 
0.00975005 -0.0183026 0.00110484 -0.00166621 -0.0183026 0.0676412 -0.00166621 0.00519008 0.00110484 -0.00166621 0.0100535 -0.0186254 -0.00166621 0.00519008 -0.0186254 0.0686015 
0.00919907 -0.0181652 0.00101455 -0.00102513 -0.0181652 0.0818993 -0.0010378 0.00298893 0.00101455 -0.0010378 0.00955961 -0.0182336 -0.00102513 0.00298893 -0.0182336 0.0815475 
0.00901725 -0.017367 0.00110971 -0.000947833 -0.017367 0.0848027 -0.000978225 0.0017661 0.00110971 -0.000978225 0.00953692 -0.0175713 -0.000947833 0.0017661 -0.0175713 0.0842084 
0.00927778 -0.0173917 0.00120351 -0.00117861 -0.0173917 0.0868699 -0.00121768 0.00210976 0.00120351 -0.00121768 0.00981617 -0.0178956 -0.00117861 0.00210976 -0.0178956 0.0870311 
0.00935245 -0.0173029 0.00120483 -0.00130717 -0.0173029 0.0865279 -0.0013406 0.00266289 0.00120483 -0.0013406 0.00980979 -0.0178903 -0.00130717 0.00266289 -0.0178903 0.0873836 
0.00950701 -0.0175846 0.00117723 -0.00133162 -0.0175846 0.0876333 -0.00135225 0.00294621 0.00117723 -0.00135225 0.00993111 -0.0180956 -0.00133162 0.00294621 -0.0180956 0.0886791 
0.00949074 -0.0175489 0.00110397 -0.00126585 -0.0175489 0.0873297 -0.00127134 0.00288713 0.00110397 -0.00127134 0.00988322 -0.0179903 -0.00126585 0.00288713 -0.0179903 0.0882861 
0.00950219 -0.0176507 0.00103417 -0.00117115 -0.0176507 0.0877594 -0.00116396 0.00266467 0.00103417 -0.00116396 0.00995897 -0.0180661 -0.00117115 0.00266467 -0.0180661 0.088655 
0.00942631 -0.0175328 0.000998812 -0.00107724 -0.0175328 0.087286 -0.00105868 0.00239152 0.000998812 -0.00105868 0.00992836 -0.0180141 -0.00107724 0.00239152 -0.0180141 0.0882473 
0.00950683 -0.0176641 0.00102394 -0.00105427 -0.0176641 0.0880174 -0.00103178 0.00225241 0.00102394 -0.00103178 0.010028 -0.0182025 -0.00105427 0.00225241 -0.0182025 0.089107 
0.00952287 -0.0176933 0.00102098 -0.00107893 -0.0176933 0.0881692 -0.00105949 0.00224479 0.00102098 -0.00105949 0.0100451 -0.0182708 -0.00107893 0.00224479 -0.0182708 0.0893941 
0.00954702 -0.0177146 0.00102384 -0.00108222 -0.0177146 0.0882756 -0.00106884 0.0022803 0.00102384 -0.00106884 0.0100379 -0.0182897 -0.00108222 0.0022803 -0.0182897 0.0895391 
0.00941294 -0.017535 0.00103794 -0.0010787 -0.017535 0.0873129 -0.00107555 0.00230291 0.00103794 -0.00107555 0.00993618 -0.0180492 -0.0010787 0.00230291 -0.0180492 0.0884631 
0.00944833 -0.0175882 0.00105449 -0.00111269 -0.0175882 0.0877007 -0.00111819 0.0023896 0.00105449 -0.00111819 0.00997987 -0.018144 -0.00111269 0.0023896 -0.018144 0.0888544 
0.00949456 -0.0176755 0.00108688 -0.00113884 -0.0176755 0.0881574 -0.00115158 0.00248518 0.00108688 -0.00115158 0.010033 -0.0182386 -0.00113884 0.00248518 -0.0182386 0.0893331 
0.00947214 -0.0176177 0.00108894 -0.00116453 -0.0176177 0.0878798 -0.00117891 0.00255408 0.00108894 -0.00117891 0.0100047 -0.0181762 -0.00116453 0.00255408 -0.0181762 0.0890413 
0.00941501 -0.0175404 0.00105506 -0.0011591 -0.0175404 0.0874517 -0.0011745 0.0025684 0.00105506 -0.0011745 0.00996447 -0.0180744 -0.0011591 0.0025684 -0.0180744 0.0885508 
0.00931338 -0.0174012 0.00103037 -0.00111833 -0.0174012 0.0868222 -0.00112981 0.00250576 0.00103037 -0.00112981 0.00994231 -0.0179707 -0.00111833 0.00250576 -0.0179707 0.0879665 
0.0094604 -0.0176082 0.00106594 -0.00111146 -0.0176082 0.0880071 -0.00111264 0.00246159 0.00106594 -0.00111264 0.0100878 -0.0183054 -0.00111146 0.00246159 -0.0183054 0.0894081 
0.00946339 -0.0175947 0.00106412 -0.00113142 -0.0175947 0.0878859 -0.00112896 0.00244729 0.00106412 -0.00112896 0.0100794 -0.0183148 -0.00113142 0.00244729 -0.0183148 0.0894832 
0.00947613 -0.0176567 0.00104589 -0.00113348 -0.0176567 0.0881203 -0.00113473 0.00246075 0.00104589 -0.00113473 0.0101093 -0.0183516 -0.00113348 0.00246075 -0.0183516 0.0897268 
0.00934085 -0.0173969 0.00104855 -0.00110943 -0.0173969 0.0868581 -0.00111268 0.00243903 0.00104855 -0.00111268 0.00997499 -0.0180837 -0.00110943 0.00243903 -0.0180837 0.0884122 
0.00935501 -0.0174321 0.00106991 -0.00112299 -0.0174321 0.086987 -0.00113122 0.0024566 0.00106991 -0.00113122 0.00998964 -0.0180958 -0.00112299 0.0024566 -0.0180958 0.0884527 
0.00938127 -0.017502 0.00110183 -0.0011491 -0.017502 0.08734 -0.0011615 0.00251309 0.00110183 -0.0011615 0.010046 -0.0181811 -0.0011491 0.00251309 -0.0181811 0.0888112 
0.00935373 -0.0175364 0.00112367 -0.00118088 -0.0175364 0.0875572 -0.00118857 0.00257072 0.00112367 -0.00118857 0.0101213 -0.018252 -0.00118088 0.00257072 -0.018252 0.089092 
0.00936099 -0.0174459 0.00111077 -0.00119897 -0.0174459 0.0873097 -0.00119861 0.00260535 0.00111077 -0.00119861 0.0100731 -0.0182758 -0.00119897 0.00260535 -0.0182758 0.0890396 
0.00942837 -0.0175262 0.00110279 -0.00119442 -0.0175262 0.0875699 -0.00118941 0.00261458 0.00110279 -0.00118941 0.0100509 -0.0182992 -0.00119442 0.00261458 -0.0182992 0.0893205 
0.00944996 -0.017578 0.00108427 -0.00117582 -0.017578 0.0876793 -0.00117393 0.0025768 0.00108427 -0.00117393 0.0100233 -0.0182349 -0.00117582 0.0025768 -0.0182349 0.0892211 
0.00946245 -0.01762 0.00107596 -0.00115947 -0.01762 0.0878754 -0.00116225 0.00254732 0.00107596 -0.00116225 0.0100485 -0.0182357 -0.00115947 0.00254732 -0.0182357 0.0892729 
0.00945133 -0.0176573 0.00105109 -0.00115109 -0.0176573 0.0880758 -0.001151 0.00251931 0.00105109 -0.001151 0.0101079 -0.0182734 -0.00115109 0.00251931 -0.0182734 0.089409 
0.00941278 -0.017584 0.0010591 -0.00111468 -0.017584 0.087823 -0.00110607 0.0024375 0.0010591 -0.00110607 0.0101075 -0.0182649 -0.00111468 0.0024375 -0.0182649 0.0892154 
0.00935646 -0.0175131 0.00108811 -0.0011194 -0.0175131 0.0875383 -0.00110851 0.00239662 0.00108811 -0.00110851 0.0101299 -0.0182676 -0.0011194 0.00239662 -0.0182676 0.0891171 
0.00940239 -0.0175207 0.00111633 -0.00115797 -0.0175207 0.0876886 -0.00114874 0.00244966 0.00111633 -0.00114874 0.0101358 -0.0183798 -0.00115797 0.00244966 -0.0183798 0.0895147 
0.00943873 -0.0175877 0.00116505 -0.00119961 -0.0175877 0.0879003 -0.00119607 0.00255881 0.00116505 -0.00119607 0.010151 -0.0183994 -0.00119961 0.00255881 -0.0183994 0.0897569 
0.00947552 -0.0176195 0.00117833 -0.00124928 -0.0176195 0.0880175 -0.00125221 0.00267771 0.00117833 -0.00125221 0.0101378 -0.0184067 -0.00124928 0.00267771 -0.0184067 0.0898231 
0.00949191 -0.0176165 0.0011381 -0.00125173 -0.0176165 0.0878987 -0.00126345 0.00273006 0.0011381 -0.00126345 0.0100773 -0.0183361 -0.00125173 0.00273006 -0.0183361 0.0895709 
0.00948281 -0.0176184 0.00111092 -0.00120462 -0.0176184 0.0877672 -0.00122205 0.00268432 0.00111092 -0.00122205 0.0100327 -0.0182296 -0.00120462 0.00268432 -0.0182296 0.0891951 
0.00942395 -0.0175347 0.00109775 -0.00116942 -0.0175347 0.087311 -0.0011838 0.00259607 0.00109775 -0.0011838 0.00998993 -0.0180882 -0.00116942 0.00259607 -0.0180882 0.0885294 
0.00939474 -0.017538 0.00109333 -0.00115414 -0.017538 0.0873462 -0.00116122 0.00252356 0.00109333 -0.00116122 0.0100121 -0.0181057 -0.00115414 0.00252356 -0.0181057 0.0885014 
0.00937891 -0.0174886 0.00106954 -0.00115671 -0.0174886 0.0872139 -0.00115336 0.00249701 0.00106954 -0.00115336 0.00999871 -0.0181087 -0.00115671 0.00249701 -0.0181087 0.0884255 
0.00938313 -0.0175371 0.00107293 -0.00114037 -0.0175371 0.0874751 -0.00113146 0.00246817 0.00107293 -0.00113146 0.0100553 -0.0181843 -0.00114037 0.00246817 -0.0181843 0.0887893 
0.0093698 -0.017506 0.00105441 -0.00113229 -0.017506 0.0874212 -0.00112501 0.00242973 0.00105441 -0.00112501 0.0100568 -0.0182069 -0.00113229 0.00242973 -0.0182069 0.0888425 
0.00932939 -0.0173889 0.00102391 -0.00110123 -0.0173889 0.086895 -0.00109803 0.00236879 0.00102391 -0.00109803 0.0099947 -0.0181266 -0.00110123 0.00236879 -0.0181266 0.088448 
0.00935459 -0.0174218 0.000991514 -0.00107445 -0.0174218 0.0869781 -0.00107224 0.00231302 0.000991514 -0.00107224 0.00996394 -0.0181139 -0.00107445 0.00231302 -0.0181139 0.0884817 
0.00933643 -0.0173929 0.00096716 -0.00104142 -0.0173929 0.0867689 -0.00104221 0.00225435 0.00096716 -0.00104221 0.00991949 -0.0180076 -0.00104142 0.00225435 -0.0180076 0.0881083 
0.00935334 -0.017418 0.000984605 -0.00101809 -0.017418 0.0868731 -0.00102196 0.00220316 0.000984605 -0.00102196 0.00990993 -0.0179994 -0.00101809 0.00220316 -0.0179994 0.0880876 
0.00948703 -0.0176564 0.000973819 -0.0010479 -0.0176564 0.0880482 -0.00105815 0.00224016 0.000973819 -0.00105815 0.0100375 -0.018225 -0.0010479 0.00224016 -0.018225 0.08922 
0.0094605 -0.0176183 0.000960069 -0.00102377 -0.0176183 0.087821 -0.00103733 0.00223049 0.000960069 -0.00103733 0.0100132 -0.0181627 -0.00102377 0.00223049 -0.0181627 0.0889242 
0.00942078 -0.0176512 0.000937756 -0.00100587 -0.0176512 0.0880172 -0.0010188 0.00218828 0.000937756 -0.0010188 0.0100931 -0.0182299 -0.00100587 0.00218828 -0.0182299 0.089192 
0.00937181 -0.0175178 0.000931085 -0.000975005 -0.0175178 0.0875918 -0.000979919 0.00210896 0.000931085 -0.000979919 0.0100734 -0.0182266 -0.000975005 0.00210896 -0.0182266 0.0889858 
0.0093576 -0.0175268 0.000968579 -0.000974177 -0.0175268 0.087642 -0.000972501 0.00207005 0.000968579 -0.000972501 0.0101094 -0.0182767 -0.000974177 0.00207005 -0.0182767 0.0892214 
0.00927813 -0.017377 0.000978665 -0.00102069 -0.017377 0.0869934 -0.00101481 0.00212956 0.000978665 -0.00101481 0.0100834 -0.018186 -0.00102069 0.00212956 -0.018186 0.0887245 
0.00921777 -0.0172906 0.00097783 -0.00103827 -0.0172906 0.0866078 -0.00102935 0.00219396 0.00097783 -0.00102935 0.0100845 -0.0181715 -0.00103827 0.00219396 -0.0181715 0.0885227 
0.0092839 -0.0173596 0.000986967 -0.00104859 -0.0173596 0.08704 -0.00103779 0.00223814 0.000986967 -0.00103779 0.0101181 -0.0183335 -0.00104859 0.00223814 -0.0183335 0.0891948 
0.00935181 -0.0174546 0.00102725 -0.00106969 -0.0174546 0.087459 -0.00106554 0.00230536 0.00102725 -0.00106554 0.0101572 -0.0184132 -0.00106969 0.00230536 -0.0184132 0.0897172 
0.00925187 -0.017272 0.0010253 -0.00109271 -0.017272 0.0864529 -0.0011019 0.00236597 0.0010253 -0.0011019 0.0100302 -0.0181747 -0.00109271 0.00236597 -0.0181747 0.0886277 
0.00927528 -0.0173479 0.000992766 -0.00110769 -0.0173479 0.0868073 -0.00112456 0.00244183 0.000992766 -0.00112456 0.010088 -0.0182346 -0.00110769 0.00244183 -0.0182346 0.0889343 
0.00929712 -0.0174417 0.00100026 -0.00106547 -0.0174417 0.0873118 -0.00107936 0.00239747 0.00100026 -0.00107936 0.0101722 -0.018351 -0.00106547 0.00239747 -0.018351 0.0894323 
0.00930416 -0.0174393 0.00102252 -0.00106935 -0.0174393 0.0874341 -0.00107157 0.00234934 0.00102252 -0.00107157 0.0102104 -0.0184212 -0.00106935 0.00234934 -0.0184212 0.0896709 
0.00935061 -0.017461 0.00104426 -0.00109075 -0.017461 0.0875673 -0.00108525 0.00235161 0.00104426 -0.00108525 0.0102023 -0.0184802 -0.00109075 0.00235161 -0.0184802 0.0899174 
0.00934257 -0.0173726 0.00104979 -0.00110301 -0.0173726 0.0870119 -0.00110103 0.00236973 0.00104979 -0.00110103 0.0101017 -0.0183299 -0.00110301 0.00236973 -0.0183299 0.0893156 
0.00934019 -0.017371 0.00104052 -0.00110894 -0.017371 0.0867663 -0.00111295 0.00239451 0.00104052 -0.00111295 0.0100269 -0.0181893 -0.00110894 0.00239451 -0.0181893 0.0887838 
0.00930058 -0.0174158 0.00100082 -0.00109804 -0.0174158 0.0868573 -0.00110454 0.00238854 0.00100082 -0.00110454 0.0100406 -0.0181217 -0.00109804 0.00238854 -0.0181217 0.0885372 
0.00928565 -0.0173858 0.000974391 -0.00105298 -0.0173858 0.0869101 -0.00105673 0.00230983 0.000974391 -0.00105673 0.0100531 -0.0181589 -0.00105298 0.00230983 -0.0181589 0.0885583 
0.00927556 -0.0173653 0.000957248 -0.00102193 -0.0173653 0.0868677 -0.00102413 0.00222021 0.000957248 -0.00102413 0.0100546 -0.0181643 -0.00102193 0.00222021 -0.0181643 0.0885627 
0.00925351 -0.0173729 0.000926772 -0.00100037 -0.0173729 0.0869357 -0.00100813 0.00215874 0.000926772 -0.00100813 0.0100905 -0.0181869 -0.00100037 0.00215874 -0.0181869 0.0886708 
0.00922676 -0.017316 0.000921482 -0.000966385 -0.017316 0.0867787 -0.000973432 0.00208921 0.000921482 -0.000973432 0.0100925 -0.0181977 -0.000966385 0.00208921 -0.0181977 0.0886341 
0.00933158 -0.0175323 0.000940421 -0.000974909 -0.0175323 0.0878815 -0.000980896 0.00208059 0.000940421 -0.000980896 0.0102386 -0.0184385 -0.000974909 0.00208059 -0.0184385 0.0898136 
0.00926699 -0.0174087 0.000938977 -0.000981243 -0.0174087 0.0873585 -0.0009861 0.00208133 0.000938977 -0.0009861 0.0102003 -0.0183794 -0.000981243 0.00208133 -0.0183794 0.0894462 
0.00923444 -0.0173026 0.00092813 -0.000987596 -0.0173026 0.0868859 -0.000990361 0.0021038 0.00092813 -0.000990361 0.01015 -0.0183256 -0.000987596 0.0021038 -0.0183256 0.089147 
0.00921503 -0.0172268 0.000917885 -0.000981034 -0.0172268 0.0864501 -0.000981301 0.00210851 0.000917885 -0.000981301 0.0100923 -0.0182442 -0.000981034 0.00210851 -0.0182442 0.0887959 
0.00923109 -0.0172717 0.000917942 -0.000979552 -0.0172717 0.0865708 -0.000978592 0.00211641 0.000917942 -0.000978592 0.01011 -0.0182584 -0.000979552 0.00211641 -0.0182584 0.0889134 
0.00929281 -0.0173413 0.000927638 -0.000986217 -0.0173413 0.0869028 -0.000983108 0.00213204 0.000927638 -0.000983108 0.0101243 -0.0183339 -0.000986217 0.00213204 -0.0183339 0.0892537 
0.00935793 -0.0174536 0.000906333 -0.000990415 -0.0174536 0.0873477 -0.000987196 0.00213568 0.000906333 -0.000987196 0.010129 -0.0183913 -0.000990415 0.00213568 -0.0183913 0.0896309 
0.00935952 -0.0174901 0.000886288 -0.00096286 -0.0174901 0.0874216 -0.000963572 0.00210243 0.000886288 -0.000963572 0.0101037 -0.0183138 -0.00096286 0.00210243 -0.0183138 0.0894389 
0.00931332 -0.0174664 0.0008818 -0.000939495 -0.0174664 0.0873287 -0.000942804 0.00205336 0.0008818 -0.000942804 0.0101085 -0.0182529 -0.000939495 0.00205336 -0.0182529 0.0891684 
0.00929586 -0.0174306 0.000878955 -0.00093284 -0.0174306 0.0873172 -0.000932985 0.00201507 0.000878955 -0.000932985 0.0101223 -0.0182995 -0.00093284 0.00201507 -0.0182995 0.0892471 
0.00928067 -0.0173968 0.000858689 -0.000933052 -0.0173968 0.0872511 -0.000927765 0.00200138 0.000858689 -0.000927765 0.0101348 -0.0183398 -0.000933052 0.00200138 -0.0183398 0.0894001 
0.00930682 -0.0172772 0.000829767 -0.000905354 -0.0172772 0.0867402 -0.000896378 0.00195046 0.000829767 -0.000896378 0.0100264 -0.0182861 -0.000905354 0.00195046 -0.0182861 0.0891211 
0.00934706 -0.0173338 0.000833737 -0.000869501 -0.0173338 0.0866754 -0.000864336 0.00187696 0.000833737 -0.000864336 0.00994609 -0.0181639 -0.000869501 0.00187696 -0.0181639 0.0888572 
0.00936435 -0.0173736 0.000855554 -0.000876011 -0.0173736 0.0866744 -0.000876662 0.00186582 0.000855554 -0.000876662 0.00989788 -0.0180373 -0.000876011 0.00186582 -0.0180373 0.0884442 
0.00941473 -0.0174874 0.000861678 -0.000911924 -0.0174874 0.0871334 -0.000913469 0.00193221 0.000861678 -0.000913469 0.00991594 -0.0180457 -0.000911924 0.00193221 -0.0180457 0.088527 
0.00940923 -0.0175321 0.000877184 -0.000919402 -0.0175321 0.0872863 -0.000917249 0.00197189 0.000877184 -0.000917249 0.00992369 -0.0180042 -0.000919402 0.00197189 -0.0180042 0.0883466 
0.00937597 -0.0175101 0.00087734 -0.00092807 -0.0175101 0.0872656 -0.000921458 0.00197899 0.00087734 -0.000921458 0.00993307 -0.0180045 -0.00092807 0.00197899 -0.0180045 0.0882363 
0.00945907 -0.0177037 0.000888945 -0.000939645 -0.0177037 0.0883316 -0.000932287 0.00200561 0.000888945 -0.000932287 0.0100767 -0.0182402 -0.000939645 0.00200561 -0.0182402 0.0893296 
0.00944354 -0.0176315 0.000866505 -0.00094784 -0.0176315 0.0881421 -0.000943702 0.00203085 0.000866505 -0.000943702 0.0100756 -0.0182747 -0.00094784 0.00203085 -0.0182747 0.0893686 
0.00947745 -0.0176131 0.00085378 -0.000924586 -0.0176131 0.0880483 -0.000918632 0.00201072 0.00085378 -0.000918632 0.0100436 -0.0182906 -0.000924586 0.00201072 -0.0182906 0.0894531 
0.0093586 -0.0173811 0.000864773 -0.000896978 -0.0173811 0.0867347 -0.000890284 0.00194447 0.000864773 -0.000890284 0.00987655 -0.0179909 -0.000896978 0.00194447 -0.0179909 0.0881211 
0.00936467 -0.0174267 0.000905252 -0.000926532 -0.0174267 0.0868457 -0.000917913 0.00197357 0.000905252 -0.000917913 0.00988555 -0.0179603 -0.000926532 0.00197357 -0.0179603 0.0880577 
0.00942592 -0.0175775 0.000940249 -0.000985315 -0.0175775 0.0875897 -0.00097806 0.00209514 0.000940249 -0.00097806 0.00996225 -0.0180916 -0.000985315 0.00209514 -0.0180916 0.088659 
0.00939633 -0.0175467 0.000955293 -0.0010093 -0.0175467 0.0874967 -0.00100889 0.00217692 0.000955293 -0.00100889 0.00995532 -0.0180644 -0.0010093 0.00217692 -0.0180644 0.0885106 
0.00939998 -0.0175082 0.000980127 -0.00103667 -0.0175082 0.0874278 -0.00104415 0.00227056 0.000980127 -0.00104415 0.00996292 -0.0180952 -0.00103667 0.00227056 -0.0180952 0.0885828 
0.00941436 -0.0175006 0.0010097 -0.00106631 -0.0175006 0.087344 -0.00107688 0.00235659 0.0010097 -0.00107688 0.0099529 -0.0180948 -0.00106631 0.00235659 -0.0180948 0.0885825 
0.00943736 -0.0175741 0.00100188 -0.00110035 -0.0175741 0.0876179 -0.00110966 0.00243973 0.00100188 -0.00110966 0.00998428 -0.0181435 -0.00110035 0.00243973 -0.0181435 0.0888534 
0.00941323 -0.0176001 0.000976968 -0.00108721 -0.0176001 0.0877592 -0.00109006 0.00244136 0.000976968 -0.00109006 0.0100185 -0.01816 -0.00108721 0.00244136 -0.01816 0.0889481 
0.00940386 -0.0175893 0.000947251 -0.0010587 -0.0175893 0.0878714 -0.00105226 0.00237742 0.000947251 -0.00105226 0.0100443 -0.0182194 -0.0010587 0.00237742 -0.0182194 0.0891525 
0.00941482 -0.0175046 0.000923119 -0.00101681 -0.0175046 0.0876 -0.00100879 0.00227457 0.000923119 -0.00100879 0.0100032 -0.0182283 -0.00101681 0.00227457 -0.0182283 0.0891367 
0.00940058 -0.0174684 0.000906601 -0.000979705 -0.0174684 0.0872877 -0.000979529 0.00217475 0.000906601 -0.000979529 0.00996933 -0.0181548 -0.000979705 0.00217475 -0.0181548 0.0889173 
0.00934284 -0.0173686 0.00085813 -0.000945298 -0.0173686 0.0867164 -0.000950528 0.00207645 0.00085813 -0.000950528 0.00990072 -0.0180169 -0.000945298 0.00207645 -0.0180169 0.0882831 
0.00947708 -0.0176311 0.000838652 -0.000920527 -0.0176311 0.0879664 -0.000916257 0.00202082 0.000838652 -0.000916257 0.0100298 -0.0182387 -0.000920527 0.00202082 -0.0182387 0.089401 
0.00946358 -0.0175524 0.000814719 -0.000887637 -0.0175524 0.087573 -0.000874653 0.00192903 0.000814719 -0.000874653 0.0099659 -0.0181488 -0.000887637 0.00192903 -0.0181488 0.0889321 
0.00948504 -0.0176789 0.000809129 -0.000863368 -0.0176789 0.0880234 -0.000851358 0.00185961 0.000809129 -0.000851358 0.00999636 -0.0181715 -0.000863368 0.00185961 -0.0181715 0.0891411 
0.00931859 -0.0174403 0.000806454 -0.000839971 -0.0174403 0.0869568 -0.000835305 0.00179459 0.000806454 -0.000835305 0.00988874 -0.0179418 -0.000839971 0.00179459 -0.0179418 0.0879726 
0.00931848 -0.0174386 0.000804482 -0.000858074 -0.0174386 0.0871431 -0.00085774 0.00182595 0.000804482 -0.00085774 0.00991929 -0.0180085 -0.000858074 0.00182595 -0.0180085 0.0882313 
0.0093066 -0.0173761 0.000775322 -0.000854378 -0.0173761 0.0869577 -0.000856123 0.00184347 0.000775322 -0.000856123 0.00990156 -0.018012 -0.000854378 0.00184347 -0.018012 0.0882283 
0.00942939 -0.0176046 0.000782548 -0.000834255 -0.0176046 0.0880908 -0.000840326 0.00183727 0.000782548 -0.000840326 0.0100471 -0.0182526 -0.000834255 0.00183727 -0.0182526 0.0894741 
0.00922995 -0.017286 0.000784125 -0.000818077 -0.017286 0.0865034 -0.000827438 0.00179294 0.000784125 -0.000827438 0.0099083 -0.0179411 -0.000818077 0.00179294 -0.0179411 0.0879264 
0.00932961 -0.0174478 0.000807511 -0.00084744 -0.0174478 0.0874257 -0.000854135 0.00183982 0.000807511 -0.000854135 0.0100378 -0.0181792 -0.00084744 0.00183982 -0.0181792 0.088972 
0.00931856 -0.0173935 0.000800225 -0.000869355 -0.0173935 0.0871671 -0.000873191 0.00189339 0.000800225 -0.000873191 0.0100176 -0.0181744 -0.000869355 0.00189339 -0.0181744 0.0888803 
0.00932742 -0.0173856 0.000801777 -0.000859926 -0.0173856 0.0870856 -0.000865975 0.00190307 0.000801777 -0.000865975 0.0100039 -0.0181828 -0.000859926 0.00190307 -0.0181828 0.0889254 
0.00928867 -0.017317 0.000806835 -0.000855371 -0.017317 0.0866852 -0.000866595 0.00189478 0.000806835 -0.000866595 0.0099715 -0.0181011 -0.000855371 0.00189478 -0.0181011 0.0885698 
0.00927641 -0.0172651 0.000808451 -0.000865064 -0.0172651 0.0864341 -0.000876504 0.00191234 0.000808451 -0.000876504 0.00996041 -0.0180868 -0.000865064 0.00191234 -0.0180868 0.0884295 
0.00934701 -0.0173965 0.000822383 -0.00087236 -0.0173965 0.0870158 -0.00087909 0.00192969 0.000822383 -0.00087909 0.0100183 -0.0182274 -0.00087236 0.00192969 -0.0182274 0.0890895 
0.00940906 -0.0175243 0.000821006 -0.000882543 -0.0175243 0.0876057 -0.000884266 0.00193315 0.000821006 -0.000884266 0.0100579 -0.0183308 -0.000882543 0.00193315 -0.0183308 0.0896586 
0.00944372 -0.017594 0.000817273 -0.000886203 -0.017594 0.0879195 -0.000883849 0.00194285 0.000817273 -0.000883849 0.0100598 -0.0183278 -0.000886203 0.00194285 -0.0183278 0.0897816 
0.00931872 -0.0173418 0.00077755 -0.000866297 -0.0173418 0.0866162 -0.000865973 0.00190924 0.00077755 -0.000865973 0.00986391 -0.0179802 -0.000866297 0.00190924 -0.0179802 0.0881755 
0.00928794 -0.0173878 0.000774497 -0.000834135 -0.0173878 0.0867654 -0.000841677 0.00186917 0.000774497 -0.000841677 0.00990062 -0.0179316 -0.000834135 0.00186917 -0.0179316 0.0880419 
0.00936819 -0.0175956 0.000766078 -0.000838035 -0.0175956 0.0880102 -0.000844395 0.00185272 0.000766078 -0.000844395 0.0101124 -0.0182387 -0.000838035 0.00185272 -0.0182387 0.0893339 
0.00922271 -0.0172535 0.000765598 -0.000809799 -0.0172535 0.0865327 -0.000804648 0.00178206 0.000765598 -0.000804648 0.00997713 -0.018059 -0.000809799 0.00178206 -0.018059 0.0881717 
0.00924497 -0.0172452 0.000812428 -0.000818352 -0.0172452 0.0864634 -0.000809195 0.00176269 0.000812428 -0.000809195 0.00997939 -0.0181009 -0.000818352 0.00176269 -0.0181009 0.0883665 
0.00926875 -0.0173026 0.00083308 -0.000871169 -0.0173026 0.0866043 -0.000868781 0.00184392 0.00083308 -0.000868781 0.00996724 -0.0181013 -0.000871169 0.00184392 -0.0181013 0.088469 
0.00931848 -0.0174131 0.000802569 -0.000907212 -0.0174131 0.0871317 -0.000910735 0.00196276 0.000802569 -0.000910735 0.0100016 -0.0181722 -0.000907212 0.00196276 -0.0181722 0.0889022 
0.00930061 -0.0174037 0.000755767 -0.000867896 -0.0174037 0.0870942 -0.000871492 0.00194902 0.000755767 -0.000871492 0.0099894 -0.01812 -0.000867896 0.00194902 -0.01812 0.0887313 
0.00931386 -0.0173709 0.000769887 -0.000812118 -0.0173709 0.0869906 -0.000813699 0.00184456 0.000769887 -0.000813699 0.00995306 -0.0180907 -0.000812118 0.00184456 -0.0180907 0.0885735 
0.00930597 -0.0173238 0.000817327 -0.000823725 -0.0173238 0.0866612 -0.000827966 0.00181087 0.000817327 -0.000827966 0.0098997 -0.0179917 -0.000823725 0.00181087 -0.0179917 0.0881669 
0.00943886 -0.0175789 0.000848514 -0.000898761 -0.0175789 0.0878262 -0.000905237 0.00194005 0.000848514 -0.000905237 0.0100413 -0.0182074 -0.000898761 0.00194005 -0.0182074 0.0892474 
0.00937531 -0.0174754 0.000847001 -0.000916184 -0.0174754 0.0872508 -0.000920274 0.00201402 0.000847001 -0.000920274 0.00999037 -0.0180825 -0.000916184 0.00201402 -0.0180825 0.0885673 
0.00931245 -0.0173785 0.000820408 -0.000900012 -0.0173785 0.086756 -0.000898897 0.00198667 0.000820408 -0.000898897 0.009939 -0.0180046 -0.000900012 0.00198667 -0.0180046 0.0880742 
0.00947169 -0.0176492 0.000828427 -0.000891799 -0.0176492 0.0881625 -0.000887027 0.00196791 0.000828427 -0.000887027 0.0100932 -0.0183384 -0.000891799 0.00196791 -0.0183384 0.0896435 
0.00930406 -0.0173679 0.000811129 -0.000867725 -0.0173679 0.0867263 -0.000857773 0.00188607 0.000811129 -0.000857773 0.00992666 -0.0180396 -0.000867725 0.00188607 -0.0180396 0.0882513 
0.00934427 -0.0174088 0.000820199 -0.000877708 -0.0174088 0.0870171 -0.000863423 0.00189303 0.000820199 -0.000863423 0.00995681 -0.0181232 -0.000877708 0.00189303 -0.0181232 0.0886617 
0.00931785 -0.0173864 0.00083849 -0.000887728 -0.0173864 0.0868681 -0.000875334 0.00191787 0.00083849 -0.000875334 0.0099742 -0.0180861 -0.000887728 0.00191787 -0.0180861 0.0885407 
0.00937857 -0.0174802 0.000846445 -0.000908452 -0.0174802 0.0873842 -0.000903389 0.00196501 0.000846445 -0.000903389 0.0100381 -0.0182364 -0.000908452 0.00196501 -0.0182364 0.0891452 
0.00929122 -0.0173356 0.000834641 -0.000900051 -0.0173356 0.086614 -0.000898578 0.00196429 0.000834641 -0.000898578 0.00993673 -0.0180663 -0.000900051 0.00196429 -0.0180663 0.0883506 
0.00932657 -0.0174112 0.000845214 -0.000897245 -0.0174112 0.0870112 -0.000903884 0.00197548 0.000845214 -0.000903884 0.00998294 -0.0181278 -0.000897245 0.00197548 -0.0181278 0.0887006 
0.00932453 -0.0174612 0.000845291 -0.000895947 -0.0174612 0.0872662 -0.000908018 0.00196632 0.000845291 -0.000908018 0.010022 -0.0181568 -0.000895947 0.00196632 -0.0181568 0.0888581 
0.00941772 -0.0175829 0.00083208 -0.000894797 -0.0175829 0.08803 -0.000904153 0.00194999 0.00083208 -0.000904153 0.0101254 -0.0183558 -0.000894797 0.00194999 -0.0183558 0.0897299 
0.00937076 -0.0174818 0.000834429 -0.000868108 -0.0174818 0.0874575 -0.00087524 0.00189307 0.000834429 -0.00087524 0.0100591 -0.0182385 -0.000868108 0.00189307 -0.0182385 0.089164 
0.00938513 -0.0175277 0.000851797 -0.00088698 -0.0175277 0.0876463 -0.000892696 0.00190905 0.000851797 -0.000892696 0.0100912 -0.0182868 -0.00088698 0.00190905 -0.0182868 0.0893813 
0.0093757 -0.0175112 0.000844369 -0.00090704 -0.0175112 0.0875818 -0.000907591 0.0019451 0.000844369 -0.000907591 0.0100937 -0.018285 -0.00090704 0.0019451 -0.018285 0.0893382 
0.009385 -0.0175156 0.000832831 -0.0009047 -0.0175156 0.0875729 -0.000896949 0.00195536 0.000832831 -0.000896949 0.0100742 -0.0182685 -0.0009047 0.00195536 -0.0182685 0.0892628 
0.00938665 -0.0175234 0.000857642 -0.000889982 -0.0175234 0.087585 -0.00087963 0.00192839 0.000857642 -0.00087963 0.0100722 -0.0182605 -0.000889982 0.00192839 -0.0182605 0.0892473 
0.00940742 -0.0175478 0.000854266 -0.000913099 -0.0175478 0.0876833 -0.000904134 0.00194183 0.000854266 -0.000904134 0.0100508 -0.0182615 -0.000913099 0.00194183 -0.0182615 0.0892702 
0.00941949 -0.0175916 0.000874983 -0.000912696 -0.0175916 0.0878529 -0.000908885 0.00196646 0.000874983 -0.000908885 0.0100451 -0.0182513 -0.000912696 0.00196646 -0.0182513 0.0893264 
0.00938501 -0.0175826 0.000893853 -0.000934284 -0.0175826 0.0878754 -0.00093477 0.00200763 0.000893853 -0.00093477 0.0100807 -0.018254 -0.000934284 0.00200763 -0.018254 0.0893569 
0.00937658 -0.0175304 0.000926949 -0.000960923 -0.0175304 0.0877823 -0.000959544 0.00207134 0.000926949 -0.000959544 0.010094 -0.0182979 -0.000960923 0.00207134 -0.0182979 0.0894355 
0.00944038 -0.0175436 0.000937964 -0.00101561 -0.0175436 0.0878822 -0.00101063 0.00219087 0.000937964 -0.00101063 0.0101051 -0.0183822 -0.00101561 0.00219087 -0.0183822 0.0897893 
0.00932839 -0.0173145 0.000945158 -0.00100398 -0.0173145 0.0865158 -0.0010016 0.00221043 0.000945158 -0.0010016 0.00993017 -0.01807 -0.00100398 0.00221043 -0.01807 0.0883781 
