0.00686919 0 0.000711298 0 0 0.00988373 0 0 0.000711298 0 0.00728284 0 0 0 0 0.00988373 
0.00983205 -0.0122101 0.000970646 -0.00117951 -0.0122101 0.0325074 -0.00117951 0.00226132 0.000970646 -0.00117951 0.0102645 -0.0127378 -0.00117951 0.00226132 -0.0127378 0.0335197 
0.00987588 -0.0185533 0.000868114 -0.00123606 -0.0185533 0.0684206 -0.00123606 0.00383463 0.000868114 -0.00123606 0.010247 -0.0190196 -0.00123606 0.00383463 -0.0190196 0.0698618 
0.00937937 -0.01826 0.000778831 -0.000848792 -0.01826 0.0822186 -0.000841015 0.00246203 0.000778831 -0.000841015 0.0096008 -0.0184873 -0.000848792 0.00246203 -0.0184873 0.0825098 
0.00934841 -0.0176665 0.000837365 -0.000825734 -0.0176665 0.0856748 -0.000812043 0.00192545 0.000837365 -0.000812043 0.00956073 -0.0177343 -0.000825734 0.00192545 -0.0177343 0.0850663 
0.00940942 -0.0175624 0.000883887 -0.000911138 -0.0175624 0.0867997 -0.000901366 0.0020145 0.000883887 -0.000901366 0.0097764 -0.0177326 -0.000911138 0.0020145 -0.0177326 0.0863459 
0.00948319 -0.0176254 0.000896247 -0.00098975 -0.0176254 0.0875212 -0.000984915 0.00225849 0.000896247 -0.000984915 0.00995245 -0.0179768 -0.00098975 0.00225849 -0.0179768 0.087584 
0.00951319 -0.0175858 0.000877903 -0.000998208 -0.0175858 0.0874296 -0.000995657 0.00235999 0.000877903 -0.000995657 0.0099803 -0.0180451 -0.000998208 0.00235999 -0.0180451 0.0879484 
0.00953114 -0.0176312 0.000848815 -0.000964635 -0.0176312 0.0875095 -0.000962665 0.00231307 0.000848815 -0.000962665 0.0100269 -0.0180767 -0.000964635 0.00231307 -0.0180767 0.0881878 
0.00953779 -0.0176518 0.000842654 -0.000927242 -0.0176518 0.0875743 -0.000928077 0.00222419 0.000842654 -0.000928077 0.010062 -0.0181208 -0.000927242 0.00222419 -0.0181208 0.0883054 
0.00954526 -0.0176408 0.000829345 -0.000910336 -0.0176408 0.0874982 -0.000911196 0.0021461 0.000829345 -0.000911196 0.0100508 -0.0181393 -0.000910336 0.0021461 -0.0181393 0.0882852 
0.00957577 -0.0176774 0.00083105 -0.000894491 -0.0176774 0.0875827 -0.000890893 0.00208884 0.00083105 -0.000890893 0.00999628 -0.0181408 -0.000894491 0.00208884 -0.0181408 0.0883202 
0.00959672 -0.0176821 0.000839832 -0.000903478 -0.0176821 0.0875422 -0.000900748 0.00209171 0.000839832 -0.000900748 0.00991876 -0.0180695 -0.000903478 0.00209171 -0.0180695 0.0881621 
0.00958386 -0.0177276 0.000835947 -0.000923345 -0.0177276 0.0876472 -0.000925094 0.00214555 0.000835947 -0.000925094 0.00990879 -0.0179829 -0.000923345 0.00214555 -0.0179829 0.0879811 
0.00957608 -0.0177587 0.000828631 -0.000915101 -0.0177587 0.0878814 -0.000921032 0.00215717 0.000828631 -0.000921032 0.00993468 -0.0179988 -0.000915101 0.00215717 -0.0179988 0.0880403 
0.00955653 -0.0177075 0.000826186 -0.000901602 -0.0177075 0.087778 -0.000907879 0.00213151 0.000826186 -0.000907879 0.00994326 -0.0180107 -0.000901602 0.00213151 -0.0180107 0.0880171 
0.00955894 -0.0177462 0.000811398 -0.000897071 -0.0177462 0.0879816 -0.000898792 0.00210236 0.000811398 -0.000898792 0.00998279 -0.018067 -0.000897071 0.00210236 -0.018067 0.0882787 
0.00952036 -0.0176858 0.000781969 -0.000875939 -0.0176858 0.087743 -0.000879236 0.00205845 0.000781969 -0.000879236 0.00997931 -0.0180254 -0.000875939 0.00205845 -0.0180254 0.0880553 
0.00951157 -0.0176834 0.000797072 -0.00085154 -0.0176834 0.0877993 -0.000855696 0.00201556 0.000797072 -0.000855696 0.0100104 -0.01807 -0.00085154 0.00201556 -0.01807 0.0881865 
0.00952171 -0.017687 0.000826561 -0.000869977 -0.017687 0.0879115 -0.000872326 0.0020184 0.000826561 -0.000872326 0.010043 -0.0181512 -0.000869977 0.0020184 -0.0181512 0.0884894 
0.00955185 -0.0176572 0.000842398 -0.00090531 -0.0176572 0.0877976 -0.000908083 0.00208004 0.000842398 -0.000908083 0.0100354 -0.0181789 -0.00090531 0.00208004 -0.0181789 0.0885907 
0.00958125 -0.0177445 0.000846358 -0.000923563 -0.0177445 0.0880692 -0.000924296 0.00213468 0.000846358 -0.000924296 0.0100653 -0.0182406 -0.000923563 0.00213468 -0.0182406 0.0889388 
0.00951143 -0.0177436 0.000851963 -0.000934575 -0.0177436 0.0880507 -0.000934943 0.00218349 0.000851963 -0.000934943 0.0101043 -0.0182207 -0.000934575 0.00218349 -0.0182207 0.0888832 
0.00943458 -0.0176295 0.000825672 -0.000928763 -0.0176295 0.0877411 -0.000928608 0.00217524 0.000825672 -0.000928608 0.0100916 -0.0182218 -0.000928763 0.00217524 -0.0182218 0.0887187 
0.0093836 -0.0175492 0.000820435 -0.000899758 -0.0175492 0.0875364 -0.00089521 0.00212008 0.000820435 -0.00089521 0.0101187 -0.0182419 -0.000899758 0.00212008 -0.0182419 0.0887859 
0.00943496 -0.0175016 0.000808313 -0.000895606 -0.0175016 0.0874405 -0.000887881 0.00208309 0.000808313 -0.000887881 0.010085 -0.0182962 -0.000895606 0.00208309 -0.0182962 0.0889662 
0.00949549 -0.0174759 0.000778531 -0.000888222 -0.0174759 0.0870688 -0.000882194 0.0020739 0.000778531 -0.000882194 0.0099681 -0.0181654 -0.000888222 0.0020739 -0.0181654 0.0885423 
0.00952843 -0.0176269 0.000785591 -0.00085316 -0.0176269 0.0873823 -0.000854766 0.00202948 0.000785591 -0.000854766 0.00994448 -0.0180718 -0.00085316 0.00202948 -0.0180718 0.0883797 
0.00952908 -0.0177005 0.000809331 -0.000855183 -0.0177005 0.0877448 -0.000862127 0.00200757 0.000809331 -0.000862127 0.00995525 -0.0180639 -0.000855183 0.00200757 -0.0180639 0.0883739 
0.00952979 -0.0176726 0.000820068 -0.000888806 -0.0176726 0.0877689 -0.000896992 0.00206222 0.000820068 -0.000896992 0.00996085 -0.0180717 -0.000888806 0.00206222 -0.0180717 0.088364 
0.00954869 -0.0177201 0.000812826 -0.000910245 -0.0177201 0.0880028 -0.000914628 0.00212805 0.000812826 -0.000914628 0.0100342 -0.0181273 -0.000910245 0.00212805 -0.0181273 0.0886229 
0.00954257 -0.0177081 0.000798084 -0.00090467 -0.0177081 0.0879572 -0.000902555 0.00214165 0.000798084 -0.000902555 0.0100784 -0.0181727 -0.00090467 0.00214165 -0.0181727 0.0886655 
0.00953029 -0.0176392 0.000761419 -0.000867264 -0.0176392 0.0876106 -0.00085964 0.00205281 0.000761419 -0.00085964 0.0100454 -0.0181677 -0.000867264 0.00205281 -0.0181677 0.0884717 
0.00962606 -0.017734 0.000759197 -0.000819153 -0.017734 0.0879917 -0.000808644 0.00193017 0.000759197 -0.000808644 0.0100266 -0.0182588 -0.000819153 0.00193017 -0.0182588 0.0889351 
0.00960285 -0.017706 0.00076815 -0.000809139 -0.017706 0.0876331 -0.000796329 0.00185244 0.00076815 -0.000796329 0.00992477 -0.0180888 -0.000809139 0.00185244 -0.0180888 0.0883817 
0.00971 -0.0178452 0.000796031 -0.00083527 -0.0178452 0.0882828 -0.000821347 0.00188149 0.000796031 -0.000821347 0.00993574 -0.018151 -0.00083527 0.00188149 -0.018151 0.0888243 
0.00970198 -0.0178803 0.000815055 -0.000877648 -0.0178803 0.0883012 -0.000862588 0.00197741 0.000815055 -0.000862588 0.00993045 -0.0180658 -0.000877648 0.00197741 -0.0180658 0.0885801 
0.0097483 -0.0179081 0.000822658 -0.00090885 -0.0179081 0.0884703 -0.000900661 0.00208989 0.000822658 -0.000900661 0.00991297 -0.0180881 -0.00090885 0.00208989 -0.0180881 0.0886131 
0.0097312 -0.017924 0.000826361 -0.000909895 -0.017924 0.0884428 -0.000909564 0.00213633 0.000826361 -0.000909564 0.00993985 -0.0180504 -0.000909895 0.00213633 -0.0180504 0.088504 
0.00974425 -0.0179066 0.000816758 -0.000902062 -0.0179066 0.0883791 -0.000899319 0.00212291 0.000816758 -0.000899319 0.00989641 -0.0180524 -0.000902062 0.00212291 -0.0180524 0.0883868 
0.00970406 -0.017832 0.000793196 -0.000887734 -0.017832 0.0879202 -0.000883937 0.00209197 0.000793196 -0.000883937 0.0098029 -0.0179082 -0.000887734 0.00209197 -0.0179082 0.0878106 
0.00977803 -0.0179795 0.000791656 -0.000880411 -0.0179795 0.0886063 -0.00088277 0.00209817 0.000791656 -0.00088277 0.00985973 -0.0179835 -0.000880411 0.00209817 -0.0179835 0.0883025 
0.00979733 -0.0179976 0.000797866 -0.000868815 -0.0179976 0.0887346 -0.000876137 0.00207616 0.000797866 -0.000876137 0.00989037 -0.0180078 -0.000868815 0.00207616 -0.0180078 0.0883901 
0.00971103 -0.0178552 0.000787356 -0.000864498 -0.0178552 0.0879906 -0.0008757 0.00205618 0.000787356 -0.0008757 0.00981095 -0.0178665 -0.000864498 0.00205618 -0.0178665 0.0876307 
0.00978815 -0.0179878 0.000771822 -0.000875998 -0.0179878 0.0886468 -0.000884602 0.00209091 0.000771822 -0.000884602 0.00989379 -0.0180028 -0.000875998 0.00209091 -0.0180028 0.0882827 
0.0097206 -0.0179239 0.000761499 -0.000847954 -0.0179239 0.0882962 -0.000850223 0.00204682 0.000761499 -0.000850223 0.00986451 -0.0179338 -0.000847954 0.00204682 -0.0179338 0.0879119 
0.00967762 -0.0178407 0.000771862 -0.000833556 -0.0178407 0.0880317 -0.000825076 0.00198381 0.000771862 -0.000825076 0.00984474 -0.0179237 -0.000833556 0.00198381 -0.0179237 0.0877886 
0.00965505 -0.0178638 0.000797872 -0.000859761 -0.0178638 0.0882312 -0.000845759 0.00200768 0.000797872 -0.000845759 0.00992107 -0.0180006 -0.000859761 0.00200768 -0.0180006 0.088173 
0.0096284 -0.0178125 0.00082354 -0.000886614 -0.0178125 0.088182 -0.000875076 0.00206368 0.00082354 -0.000875076 0.00996049 -0.0180773 -0.000886614 0.00206368 -0.0180773 0.0884 
0.00963994 -0.0177852 0.000831452 -0.000921124 -0.0177852 0.0881155 -0.000910784 0.00214532 0.000831452 -0.000910784 0.00996511 -0.018121 -0.000921124 0.00214532 -0.018121 0.0885632 
0.00965488 -0.017821 0.000844497 -0.000937852 -0.017821 0.0882121 -0.000929241 0.00221757 0.000844497 -0.000929241 0.00996673 -0.0181369 -0.000937852 0.00221757 -0.0181369 0.088701 
0.00962518 -0.0177236 0.000816652 -0.00094099 -0.0177236 0.0877082 -0.000935531 0.00223757 0.000816652 -0.000935531 0.00988044 -0.0180149 -0.00094099 0.00223757 -0.0180149 0.0881538 
0.00969988 -0.0177864 0.000821612 -0.000918487 -0.0177864 0.0879145 -0.000915362 0.00222621 0.000821612 -0.000915362 0.00986949 -0.0180098 -0.000918487 0.00222621 -0.0180098 0.0882306 
0.00970828 -0.0178516 0.000811175 -0.000913668 -0.0178516 0.0880179 -0.000913896 0.00219554 0.000811175 -0.000913896 0.00986964 -0.0179669 -0.000913668 0.00219554 -0.0179669 0.0880988 
0.00976203 -0.0179619 0.000792408 -0.000894139 -0.0179619 0.0885542 -0.000900438 0.00215542 0.000792408 -0.000900438 0.00991254 -0.0180611 -0.000894139 0.00215542 -0.0180611 0.0884959 
0.00970833 -0.0179417 0.00081285 -0.000864992 -0.0179417 0.0884417 -0.000874069 0.00209151 0.00081285 -0.000874069 0.00990226 -0.0180093 -0.000864992 0.00209151 -0.0180093 0.0882751 
0.00962216 -0.0178717 0.000844917 -0.000881523 -0.0178717 0.0882406 -0.000888725 0.00207309 0.000844917 -0.000888725 0.00990486 -0.0179692 -0.000881523 0.00207309 -0.0179692 0.0880453 
0.00960269 -0.0178472 0.000857391 -0.000924062 -0.0178472 0.0884054 -0.00093192 0.00214028 0.000857391 -0.00093192 0.00997263 -0.0180688 -0.000924062 0.00214028 -0.0180688 0.0884172 
0.00956752 -0.017762 0.000851208 -0.000940463 -0.017762 0.0881635 -0.000954 0.00221005 0.000851208 -0.000954 0.0100033 -0.0181009 -0.000940463 0.00221005 -0.0181009 0.0884675 
0.00950068 -0.0176695 0.00083367 -0.000932431 -0.0176695 0.0877705 -0.000951059 0.00222948 0.00083367 -0.000951059 0.0100438 -0.0181002 -0.000932431 0.00222948 -0.0181002 0.088351 
0.00951107 -0.0176556 0.0008289 -0.000915785 -0.0176556 0.0877988 -0.00092881 0.00220284 0.0008289 -0.00092881 0.0100968 -0.0182092 -0.000915785 0.00220284 -0.0182092 0.0886678 
0.00952355 -0.0175871 0.000810858 -0.000894326 -0.0175871 0.0874367 -0.000903254 0.00213046 0.000810858 -0.000903254 0.0100535 -0.018194 -0.000894326 0.00213046 -0.018194 0.0885124 
0.00955798 -0.0176729 0.000816215 -0.000863664 -0.0176729 0.0876418 -0.000874032 0.00204358 0.000816215 -0.000874032 0.0100485 -0.0182068 -0.000863664 0.00204358 -0.0182068 0.0886668 
0.00962844 -0.0177155 0.000833953 -0.000875281 -0.0177155 0.0877869 -0.000885851 0.00203208 0.000833953 -0.000885851 0.00996994 -0.0181799 -0.000875281 0.00203208 -0.0181799 0.088629 
0.00969972 -0.0178342 0.000817069 -0.000908839 -0.0178342 0.0881421 -0.000913842 0.00209098 0.000817069 -0.000913842 0.00993236 -0.0181214 -0.000908839 0.00209098 -0.0181214 0.0886423 
0.00970267 -0.0178799 0.000776897 -0.000902896 -0.0178799 0.0882429 -0.000897919 0.00211805 0.000776897 -0.000897919 0.00990961 -0.0180335 -0.000902896 0.00211805 -0.0180335 0.0883684 
0.00972244 -0.0179339 0.000757163 -0.000857136 -0.0179339 0.088515 -0.000842171 0.00204163 0.000757163 -0.000842171 0.00991974 -0.0180382 -0.000857136 0.00204163 -0.0180382 0.0883926 
0.00970455 -0.01788 0.000751035 -0.000834732 -0.01788 0.08829 -0.000813572 0.00196394 0.000751035 -0.000813572 0.00988003 -0.0179821 -0.000834732 0.00196394 -0.0179821 0.0880987 
0.00969832 -0.0178809 0.000774552 -0.000823947 -0.0178809 0.0882587 -0.000800572 0.00191056 0.000774552 -0.000800572 0.00987084 -0.0179538 -0.000823947 0.00191056 -0.0179538 0.0880044 
0.00972204 -0.0179074 0.000801304 -0.000848855 -0.0179074 0.088397 -0.000831279 0.00193194 0.000801304 -0.000831279 0.00988648 -0.0179742 -0.000848855 0.00193194 -0.0179742 0.0881028 
0.00973557 -0.0178397 0.000821561 -0.000876363 -0.0178397 0.0880591 -0.000866399 0.00199919 0.000821561 -0.000866399 0.00982543 -0.0179274 -0.000876363 0.00199919 -0.0179274 0.0878281 
0.00978737 -0.017941 0.000831451 -0.000916321 -0.017941 0.0883502 -0.000910854 0.00211383 0.000831451 -0.000910854 0.00982931 -0.017943 -0.000916321 0.00211383 -0.017943 0.088023 
0.00983644 -0.0180564 0.00082038 -0.000923864 -0.0180564 0.0888157 -0.000924423 0.00217543 0.00082038 -0.000924423 0.00986632 -0.017977 -0.000923864 0.00217543 -0.017977 0.0882742 
0.00980273 -0.0180538 0.000836344 -0.000901429 -0.0180538 0.0888275 -0.000911383 0.00216544 0.000836344 -0.000911383 0.009915 -0.0179788 -0.000901429 0.00216544 -0.0179788 0.0882292 
0.00970407 -0.017897 0.000825244 -0.000904481 -0.017897 0.0882172 -0.000912353 0.00213885 0.000825244 -0.000912353 0.00991092 -0.017951 -0.000904481 0.00213885 -0.017951 0.0878523 
0.00978254 -0.017966 0.000814712 -0.000915699 -0.017966 0.0886727 -0.000913526 0.00216413 0.000814712 -0.000913526 0.00998938 -0.0181345 -0.000915699 0.00216413 -0.0181345 0.0885986 
0.00973447 -0.0178361 0.000810205 -0.000889264 -0.0178361 0.0879194 -0.000876624 0.00210674 0.000810205 -0.000876624 0.00986896 -0.0180009 -0.000889264 0.00210674 -0.0180009 0.0879642 
0.00976823 -0.0179402 0.000829701 -0.00088665 -0.0179402 0.088272 -0.000872764 0.00207213 0.000829701 -0.000872764 0.00986064 -0.0179907 -0.00088665 0.00207213 -0.0179907 0.0881243 
0.0097953 -0.018001 0.000848673 -0.000912336 -0.018001 0.0885795 -0.000906621 0.0021152 0.000848673 -0.000906621 0.00985969 -0.0179808 -0.000912336 0.0021152 -0.0179808 0.0881928 
0.00986218 -0.0180714 0.000866149 -0.000944725 -0.0180714 0.0889385 -0.000946405 0.00221102 0.000866149 -0.000946405 0.00985616 -0.0180057 -0.000944725 0.00221102 -0.0180057 0.0883737 
0.00977914 -0.0179442 0.000859577 -0.000959247 -0.0179442 0.0882258 -0.000959779 0.00226977 0.000859577 -0.000959779 0.00976094 -0.0178125 -0.000959247 0.00226977 -0.0178125 0.087525 
0.00980572 -0.0180284 0.000854223 -0.000969026 -0.0180284 0.0886853 -0.000967462 0.0023205 0.000854223 -0.000967462 0.00983767 -0.0178995 -0.000969026 0.0023205 -0.0178995 0.0879477 
0.00973692 -0.0179734 0.000837071 -0.000950829 -0.0179734 0.0885303 -0.000949883 0.0022995 0.000837071 -0.000949883 0.0098977 -0.017921 -0.000950829 0.0022995 -0.017921 0.0879295 
0.00962329 -0.0178215 0.00083112 -0.000921847 -0.0178215 0.0879875 -0.00092085 0.00223277 0.00083112 -0.00092085 0.00994301 -0.0179282 -0.000921847 0.00223277 -0.0179282 0.0877094 
0.0095923 -0.0177301 0.000828619 -0.000912153 -0.0177301 0.0877598 -0.000913235 0.00218622 0.000828619 -0.000913235 0.00997934 -0.0180406 -0.000912153 0.00218622 -0.0180406 0.0879571 
0.00965818 -0.0178333 0.000832382 -0.000912162 -0.0178333 0.0882986 -0.000918686 0.00217843 0.000832382 -0.000918686 0.0100432 -0.0182333 -0.000912162 0.00217843 -0.0182333 0.0888456 
0.00963136 -0.0177282 0.000825001 -0.000896793 -0.0177282 0.0877785 -0.000908372 0.00213691 0.000825001 -0.000908372 0.00996072 -0.0181336 -0.000896793 0.00213691 -0.0181336 0.0884689 
0.00965564 -0.0177319 0.000816391 -0.000889842 -0.0177319 0.0876743 -0.000906999 0.00211806 0.000816391 -0.000906999 0.009894 -0.0180561 -0.000889842 0.00211806 -0.0180561 0.0882585 
0.00969424 -0.0178636 0.00081444 -0.000889142 -0.0178636 0.0881728 -0.000906018 0.00212063 0.00081444 -0.000906018 0.00994664 -0.0180676 -0.000889142 0.00212063 -0.0180676 0.0884983 
0.00969431 -0.0178499 0.000807661 -0.000885272 -0.0178499 0.0881618 -0.000897952 0.00210933 0.000807661 -0.000897952 0.00991735 -0.0180578 -0.000885272 0.00210933 -0.0180578 0.0883628 
0.00970419 -0.0177848 0.000810821 -0.000884882 -0.0177848 0.0878085 -0.000893132 0.00210898 0.000810821 -0.000893132 0.00981473 -0.0179441 -0.000884882 0.00210898 -0.0179441 0.0878946 
0.00976895 -0.0179732 0.000836722 -0.000909066 -0.0179732 0.0885524 -0.000908801 0.00215351 0.000836722 -0.000908801 0.00989966 -0.0180153 -0.000909066 0.00215351 -0.0180153 0.088427 
0.00974362 -0.0179596 0.000840884 -0.000925903 -0.0179596 0.0885779 -0.000919829 0.00217465 0.000840884 -0.000919829 0.00992469 -0.0180411 -0.000925903 0.00217465 -0.0180411 0.0884258 
0.00964428 -0.017794 0.000831541 -0.000925846 -0.017794 0.0878558 -0.00092407 0.0021879 0.000831541 -0.00092407 0.00988418 -0.0179328 -0.000925846 0.0021879 -0.0179328 0.0878039 
0.00965651 -0.0178203 0.000834475 -0.000923651 -0.0178203 0.0880349 -0.000927526 0.00220432 0.000834475 -0.000927526 0.00993419 -0.0180107 -0.000923651 0.00220432 -0.0180107 0.0880877 
0.00964245 -0.0178419 0.000842567 -0.000923966 -0.0178419 0.0881657 -0.000927245 0.00220526 0.000842567 -0.000927245 0.00999078 -0.0180725 -0.000923966 0.00220526 -0.0180725 0.0883207 
0.00962573 -0.0177889 0.00082985 -0.000920218 -0.0177889 0.0880377 -0.000915373 0.00217018 0.00082985 -0.000915373 0.0100114 -0.0181217 -0.000920218 0.00217018 -0.0181217 0.088414 
0.00962056 -0.0178029 0.000824105 -0.000912538 -0.0178029 0.0880954 -0.00090573 0.00215176 0.000824105 -0.00090573 0.0100462 -0.0181596 -0.000912538 0.00215176 -0.0181596 0.0885777 
0.0095665 -0.0177492 0.000842123 -0.000904369 -0.0177492 0.0878945 -0.000904318 0.00214103 0.000842123 -0.000904318 0.0100515 -0.018156 -0.000904369 0.00214103 -0.018156 0.0884826 
0.00954972 -0.0176682 0.000856772 -0.000925454 -0.0176682 0.0876213 -0.000925428 0.00216642 0.000856772 -0.000925428 0.00999669 -0.0181399 -0.000925454 0.00216642 -0.0181399 0.0883468 
0.00958321 -0.0177397 0.000869946 -0.000946611 -0.0177397 0.0879081 -0.000938422 0.00220405 0.000869946 -0.000938422 0.00998731 -0.0181541 -0.000946611 0.00220405 -0.0181541 0.088592 
0.00957592 -0.0177461 0.000873123 -0.000963075 -0.0177461 0.0879676 -0.000953803 0.00224315 0.000873123 -0.000953803 0.00998581 -0.0181229 -0.000963075 0.00224315 -0.0181229 0.0885673 
0.00960985 -0.0177082 0.000855323 -0.000957448 -0.0177082 0.0878774 -0.000955822 0.002247 0.000855323 -0.000955822 0.00997208 -0.0181275 -0.000957448 0.002247 -0.0181275 0.0885525 
0.00960248 -0.0177275 0.000850735 -0.000930369 -0.0177275 0.0877844 -0.000936619 0.00220898 0.000850735 -0.000936619 0.00998311 -0.0180811 -0.000930369 0.00220898 -0.0180811 0.0883951 
0.00961784 -0.0177586 0.000841238 -0.000922126 -0.0177586 0.0879 -0.000931868 0.00217633 0.000841238 -0.000931868 0.00999701 -0.0181045 -0.000922126 0.00217633 -0.0181045 0.0884117 
0.00962953 -0.0178452 0.000834338 -0.000909351 -0.0178452 0.088292 -0.000921824 0.00214591 0.000834338 -0.000921824 0.010053 -0.0181803 -0.000909351 0.00214591 -0.0181803 0.0887425 
0.0096119 -0.0177588 0.000826011 -0.00089789 -0.0177588 0.0879535 -0.000910572 0.00211567 0.000826011 -0.000910572 0.00996902 -0.018112 -0.00089789 0.00211567 -0.018112 0.0883642 
0.00961343 -0.017762 0.000808365 -0.000889354 -0.017762 0.0879216 -0.000893217 0.00207934 0.000808365 -0.000893217 0.00994725 -0.0180705 -0.000889354 0.00207934 -0.0180705 0.0883036 
0.00963028 -0.0177456 0.000768746 -0.000877279 -0.0177456 0.087841 -0.000874523 0.00205101 0.000768746 -0.000874523 0.0098986 -0.0180318 -0.000877279 0.00205101 -0.0180318 0.0881681 
0.00960049 -0.0177608 0.00076027 -0.000831453 -0.0177608 0.0878111 -0.000832713 0.00197893 0.00076027 -0.000832713 0.0099008 -0.0179648 -0.000831453 0.00197893 -0.0179648 0.0879859 
0.00962943 -0.0178316 0.000771243 -0.000822738 -0.0178316 0.0882724 -0.0008318 0.00194029 0.000771243 -0.0008318 0.00998014 -0.0180718 -0.000822738 0.00194029 -0.0180718 0.0884261 
0.00953686 -0.0176704 0.000805663 -0.000834411 -0.0176704 0.0875616 -0.000844453 0.00195006 0.000805663 -0.000844453 0.0099336 -0.0179702 -0.000834411 0.00195006 -0.0179702 0.0878233 
0.0095581 -0.0177071 0.000831327 -0.000883773 -0.0177071 0.0878211 -0.000886107 0.00202653 0.000831327 -0.000886107 0.0100034 -0.0180858 -0.000883773 0.00202653 -0.0180858 0.0882808 
0.00959685 -0.0177131 0.000836904 -0.000910358 -0.0177131 0.0878924 -0.000904765 0.00208966 0.000836904 -0.000904765 0.010014 -0.0181702 -0.000910358 0.00208966 -0.0181702 0.0885896 
0.00966481 -0.0177552 0.000840732 -0.000927052 -0.0177552 0.0879689 -0.000919759 0.0021514 0.000840732 -0.000919759 0.00998274 -0.0181764 -0.000927052 0.0021514 -0.0181764 0.0887086 
0.0097558 -0.0178836 0.000827006 -0.000938438 -0.0178836 0.0883528 -0.000927043 0.00219418 0.000827006 -0.000927043 0.00995115 -0.0181764 -0.000938438 0.00219418 -0.0181764 0.0888848 
0.00976204 -0.0178982 0.000810391 -0.000920438 -0.0178982 0.0882392 -0.00090172 0.00217292 0.000810391 -0.00090172 0.0098762 -0.0180551 -0.000920438 0.00217292 -0.0180551 0.0884726 
0.00979689 -0.0179793 0.000801428 -0.000896459 -0.0179793 0.0885515 -0.000875243 0.00211286 0.000801428 -0.000875243 0.00985471 -0.0180281 -0.000896459 0.00211286 -0.0180281 0.0884757 
0.0097663 -0.0179801 0.000780815 -0.000881258 -0.0179801 0.0885206 -0.000865846 0.00206909 0.000780815 -0.000865846 0.00984628 -0.0179388 -0.000881258 0.00206909 -0.0179388 0.0881619 
0.00981333 -0.0180048 0.000780116 -0.000853946 -0.0180048 0.0887206 -0.00084135 0.00201109 0.000780116 -0.00084135 0.00983239 -0.0179641 -0.000853946 0.00201109 -0.0179641 0.0882208 
0.00976394 -0.0179117 0.000785322 -0.000840614 -0.0179117 0.0881756 -0.000838186 0.00196498 0.000785322 -0.000838186 0.00977442 -0.0178192 -0.000840614 0.00196498 -0.0178192 0.0875872 
0.00977241 -0.0179134 0.000800234 -0.000849936 -0.0179134 0.0881647 -0.000854324 0.0019777 0.000800234 -0.000854324 0.00977965 -0.0178306 -0.000849936 0.0019777 -0.0178306 0.087572 
0.00982822 -0.0180323 0.000838181 -0.000896783 -0.0180323 0.0887323 -0.00089966 0.00209184 0.000838181 -0.00089966 0.00986649 -0.0179655 -0.000896783 0.00209184 -0.0179655 0.0881902 
0.00983334 -0.0179747 0.000861948 -0.000944325 -0.0179747 0.088481 -0.000938839 0.00221021 0.000861948 -0.000938839 0.00983515 -0.0179564 -0.000944325 0.00221021 -0.0179564 0.0880575 
0.00987632 -0.0180545 0.000848932 -0.00097874 -0.0180545 0.0887311 -0.000962274 0.00230154 0.000848932 -0.000962274 0.00988193 -0.0179967 -0.00097874 0.00230154 -0.0179967 0.0883112 
0.00982888 -0.0179956 0.000819424 -0.00094984 -0.0179956 0.0883543 -0.000933863 0.00228429 0.000819424 -0.000933863 0.0098376 -0.0179162 -0.00094984 0.00228429 -0.0179162 0.0878572 
0.00983927 -0.0180232 0.000801825 -0.000898547 -0.0180232 0.088512 -0.000897073 0.00218722 0.000801825 -0.000897073 0.00985847 -0.0179534 -0.000898547 0.00218722 -0.0179534 0.0880006 
0.00982625 -0.0179656 0.000793243 -0.000862746 -0.0179656 0.0882467 -0.000872324 0.00208773 0.000793243 -0.000872324 0.00979955 -0.017898 -0.000862746 0.00208773 -0.017898 0.0877229 
0.00984989 -0.0180307 0.000806497 -0.0008655 -0.0180307 0.0885386 -0.000873068 0.00206325 0.000806497 -0.000873068 0.00983746 -0.0179477 -0.0008655 0.00206325 -0.0179477 0.088034 
0.00984157 -0.0179885 0.000782589 -0.000880553 -0.0179885 0.0883681 -0.000877729 0.00206862 0.000782589 -0.000877729 0.00979133 -0.0179226 -0.000880553 0.00206862 -0.0179226 0.0878956 
0.009891 -0.0181069 0.000752796 -0.000869482 -0.0181069 0.0888838 -0.000858458 0.00206762 0.000752796 -0.000858458 0.00985043 -0.0179803 -0.000869482 0.00206762 -0.0179803 0.08832 
0.00981456 -0.0179854 0.000721036 -0.000822029 -0.0179854 0.0882968 -0.000812614 0.00198191 0.000721036 -0.000812614 0.00978271 -0.0178505 -0.000822029 0.00198191 -0.0178505 0.0876482 
0.00982788 -0.0180248 0.000730838 -0.000784518 -0.0180248 0.0885447 -0.000780174 0.00189222 0.000730838 -0.000780174 0.00979663 -0.01791 -0.000784518 0.00189222 -0.01791 0.0879072 
0.00982808 -0.0180167 0.000754277 -0.00079519 -0.0180167 0.0885823 -0.000798996 0.00187852 0.000754277 -0.000798996 0.00979155 -0.0179193 -0.00079519 0.00187852 -0.0179193 0.0880035 
0.00988887 -0.0180606 0.000742116 -0.000825999 -0.0180606 0.0888102 -0.000831748 0.00193399 0.000742116 -0.000831748 0.0097862 -0.0179524 -0.000825999 0.00193399 -0.0179524 0.0882375 
0.00989642 -0.0180466 0.000740119 -0.000817961 -0.0180466 0.0885788 -0.000823059 0.00196063 0.000740119 -0.000823059 0.00971978 -0.017832 -0.000817961 0.00196063 -0.017832 0.0878086 
0.00993354 -0.0181825 0.000730666 -0.000807986 -0.0181825 0.0891358 -0.000811584 0.0019327 0.000730666 -0.000811584 0.00979531 -0.0178907 -0.000807986 0.0019327 -0.0178907 0.0881596 
0.00990479 -0.0181513 0.000729921 -0.000796373 -0.0181513 0.0890565 -0.000799858 0.00190452 0.000729921 -0.000799858 0.00978186 -0.0178834 -0.000796373 0.00190452 -0.0178834 0.0880017 
0.00984284 -0.0179969 0.000706966 -0.000786505 -0.0179969 0.0883739 -0.000787642 0.00186553 0.000706966 -0.000787642 0.00966193 -0.0177572 -0.000786505 0.00186553 -0.0177572 0.0873696 
0.00989048 -0.0180794 0.000695284 -0.000773772 -0.0180794 0.0887385 -0.000777347 0.00184845 0.000695284 -0.000777347 0.0097055 -0.0177872 -0.000773772 0.00184845 -0.0177872 0.0877004 
0.00988287 -0.0180834 0.000711367 -0.000752207 -0.0180834 0.0887312 -0.000756516 0.00179896 0.000711367 -0.000756516 0.00971008 -0.0177784 -0.000752207 0.00179896 -0.0177784 0.0876321 
0.00990453 -0.0181419 0.000723979 -0.000788054 -0.0181419 0.0890501 -0.000787172 0.00184461 0.000723979 -0.000787172 0.00975065 -0.0178573 -0.000788054 0.00184461 -0.0178573 0.0879727 
0.00991147 -0.0181121 0.000741414 -0.000815167 -0.0181121 0.0889606 -0.000810285 0.00192296 0.000741414 -0.000810285 0.00976479 -0.0178597 -0.000815167 0.00192296 -0.0178597 0.0879626 
0.00984434 -0.0179885 0.000738873 -0.000818528 -0.0179885 0.0882981 -0.000812468 0.00193869 0.000738873 -0.000812468 0.00972079 -0.0177579 -0.000818528 0.00193869 -0.0177579 0.0873905 
0.00982953 -0.0179953 0.000729222 -0.00081381 -0.0179953 0.0883249 -0.000803845 0.00192773 0.000729222 -0.000803845 0.00978183 -0.0178147 -0.00081381 0.00192773 -0.0178147 0.0875593 
0.00988556 -0.0179972 0.000713769 -0.000802089 -0.0179972 0.0884021 -0.000790131 0.00190243 0.000713769 -0.000790131 0.00975523 -0.0179037 -0.000802089 0.00190243 -0.0179037 0.087828 
0.00993013 -0.0180244 0.000699055 -0.000773833 -0.0180244 0.0883598 -0.000763887 0.00183703 0.000699055 -0.000763887 0.00969203 -0.0178561 -0.000773833 0.00183703 -0.0178561 0.0877909 
0.0100144 -0.0181233 0.000681209 -0.000768826 -0.0181233 0.0886194 -0.000761552 0.00182076 0.000681209 -0.000761552 0.00963904 -0.0177929 -0.000768826 0.00182076 -0.0177929 0.0877316 
0.0101037 -0.0183033 0.000669337 -0.000745522 -0.0183033 0.0892419 -0.000746223 0.00179057 0.000669337 -0.000746223 0.00962316 -0.0177711 -0.000745522 0.00179057 -0.0177711 0.08785 
0.0100786 -0.0182754 0.000676917 -0.000733011 -0.0182754 0.0890196 -0.000742312 0.00177522 0.000676917 -0.000742312 0.00956056 -0.0176192 -0.000733011 0.00177522 -0.0176192 0.0872242 
