0.00782255 0 -0.00032445 0 0 0.00990816 0 0 -0.00032445 0 0.00621804 0 0 0 0 0.00990816 
0.0109906 -0.0136178 -0.00046817 0.000569684 -0.0136178 0.0352363 0.000569684 -0.0010926 -0.00046817 0.000569684 0.00896597 -0.011157 0.000569684 -0.0010926 -0.011157 0.0305194 
0.0108446 -0.019814 -0.000431231 0.000654083 -0.019814 0.0723015 0.000654083 -0.00204612 -0.000431231 0.000654083 0.00909355 -0.0174337 0.000654083 -0.00204612 -0.0174337 0.0649513 
0.0102775 -0.0190007 -0.000389055 0.000463427 -0.0190007 0.0837986 0.000457737 -0.00149034 -0.000389055 0.000457737 0.00854584 -0.0175465 0.000463427 -0.00149034 -0.0175465 0.0802612 
0.010307 -0.0183023 -0.000400063 0.000443473 -0.0183023 0.0857159 0.000429926 -0.00123324 -0.000400063 0.000429926 0.00831476 -0.0166924 0.000443473 -0.00123324 -0.0166924 0.0834756 
0.0105815 -0.01859 -0.000407374 0.000478515 -0.01859 0.0879394 0.000474272 -0.00126611 -0.000407374 0.000474272 0.00841372 -0.0164647 0.000478515 -0.00126611 -0.0164647 0.0845464 
0.0107047 -0.0188241 -0.000354181 0.000478171 -0.0188241 0.0893029 0.00048574 -0.00128176 -0.000354181 0.00048574 0.00849018 -0.0164268 0.000478171 -0.00128176 -0.0164268 0.0846256 
0.0107478 -0.0189505 -0.000308886 0.000395668 -0.0189505 0.0901673 0.000412696 -0.0011338 -0.000308886 0.000412696 0.00859092 -0.0165025 0.000395668 -0.0011338 -0.0165025 0.0848726 
0.0106949 -0.0188631 -0.000287834 0.000323997 -0.0188631 0.0900093 0.00033651 -0.000913697 -0.000287834 0.00033651 0.00862037 -0.0165402 0.000323997 -0.000913697 -0.0165402 0.0847611 
0.0106674 -0.0188786 -0.000323786 0.000319869 -0.0188786 0.0902136 0.000317363 -0.000820938 -0.000323786 0.000317363 0.00874226 -0.0166743 0.000319869 -0.000820938 -0.0166743 0.085244 
0.0106035 -0.0188191 -0.000365351 0.00037922 -0.0188191 0.0901333 0.000361913 -0.0008836 -0.000365351 0.000361913 0.00884833 -0.0168183 0.00037922 -0.0008836 -0.0168183 0.0856308 
0.0105902 -0.0187287 -0.000381918 0.000429866 -0.0187287 0.0898884 0.000406558 -0.000994047 -0.000381918 0.000406558 0.00887559 -0.0169263 0.000429866 -0.000994047 -0.0169263 0.0858911 
0.0105697 -0.0186582 -0.000390514 0.000445639 -0.0186582 0.0894763 0.000422529 -0.00106379 -0.000390514 0.000422529 0.0088285 -0.0168987 0.000445639 -0.00106379 -0.0168987 0.085746 
0.010634 -0.0187381 -0.000373887 0.000447437 -0.0187381 0.0897482 0.000434635 -0.0010908 -0.000373887 0.000434635 0.00881726 -0.0169242 0.000447437 -0.0010908 -0.0169242 0.0859873 
0.0106175 -0.0187799 -0.000343399 0.00041189 -0.0187799 0.0898064 0.000415804 -0.00104949 -0.000343399 0.000415804 0.00879685 -0.0168628 0.00041189 -0.00104949 -0.0168628 0.0858278 
0.0105893 -0.0187495 -0.000338247 0.000386869 -0.0187495 0.0897155 0.000398208 -0.00101453 -0.000338247 0.000398208 0.00878313 -0.0167991 0.000386869 -0.00101453 -0.0167991 0.0855423 
0.0105935 -0.0187458 -0.000368018 0.000405963 -0.0187458 0.0897496 0.000418409 -0.00106274 -0.000368018 0.000418409 0.00878261 -0.0168097 0.000405963 -0.00106274 -0.0168097 0.0855276 
0.0105924 -0.0187885 -0.000381518 0.000428211 -0.0187885 0.0899477 0.000443507 -0.00110637 -0.000381518 0.000443507 0.00882106 -0.0168426 0.000428211 -0.00110637 -0.0168426 0.0856937 
0.0105829 -0.0187702 -0.000378807 0.000443319 -0.0187702 0.0899637 0.00045668 -0.00114751 -0.000378807 0.00045668 0.00883783 -0.0168811 0.000443319 -0.00114751 -0.0168811 0.0857868 
0.0105586 -0.0187299 -0.000378313 0.000434591 -0.0187299 0.0898195 0.000440843 -0.00113336 -0.000378313 0.000440843 0.00884063 -0.0168828 0.000434591 -0.00113336 -0.0168828 0.0857605 
0.0105422 -0.0187108 -0.000378738 0.00043447 -0.0187108 0.0897671 0.000432743 -0.00111044 -0.000378738 0.000432743 0.0088533 -0.0168993 0.00043447 -0.00111044 -0.0168993 0.0858121 
0.0105616 -0.0187427 -0.000376511 0.000430579 -0.0187427 0.0899816 0.000425071 -0.00108429 -0.000376511 0.000425071 0.00886676 -0.0169734 0.000430579 -0.00108429 -0.0169734 0.0861441 
0.0105789 -0.0187642 -0.000354895 0.00043042 -0.0187642 0.0901045 0.000425697 -0.00107583 -0.000354895 0.000425697 0.00885772 -0.0169777 0.00043042 -0.00107583 -0.0169777 0.0862766 
0.0105563 -0.0187234 -0.000331709 0.000402883 -0.0187234 0.0898838 0.000401001 -0.00103417 -0.000331709 0.000401001 0.008826 -0.0168862 0.000402883 -0.00103417 -0.0168862 0.0859436 
0.0106193 -0.018789 -0.000315251 0.000371532 -0.018789 0.0902172 0.000372559 -0.000963307 -0.000315251 0.000372559 0.00884002 -0.0169482 0.000371532 -0.000963307 -0.0169482 0.0862327 
0.0105669 -0.0187079 -0.0003329 0.000367373 -0.0187079 0.0897179 0.000364577 -0.000943601 -0.0003329 0.000364577 0.00875927 -0.0168138 0.000367373 -0.000943601 -0.0168138 0.0856407 
0.0105366 -0.0187131 -0.000351415 0.000387513 -0.0187131 0.0896938 0.000381595 -0.00095894 -0.000351415 0.000381595 0.00877961 -0.0167494 0.000387513 -0.00095894 -0.0167494 0.0854229 
0.0105457 -0.0187006 -0.000354694 0.000400173 -0.0187006 0.0897449 0.000392578 -0.000976684 -0.000354694 0.000392578 0.00879308 -0.0167964 0.000400173 -0.000976684 -0.0167964 0.0854794 
0.0105858 -0.0187106 -0.000325928 0.000406944 -0.0187106 0.0897736 0.000398479 -0.000998017 -0.000325928 0.000398479 0.00877175 -0.0168203 0.000406944 -0.000998017 -0.0168203 0.085565 
0.0106157 -0.0188015 -0.000295927 0.000362792 -0.0188015 0.0900729 0.000359598 -0.000931467 -0.000295927 0.000359598 0.00879342 -0.0168423 0.000362792 -0.000931467 -0.0168423 0.0857874 
0.0105974 -0.018836 -0.00028827 0.000322253 -0.018836 0.0902591 0.000322515 -0.000831456 -0.00028827 0.000322515 0.00884034 -0.016867 0.000322253 -0.000831456 -0.016867 0.0859092 
0.0106048 -0.0188273 -0.000321272 0.000326303 -0.0188273 0.0903827 0.000323253 -0.000810904 -0.000321272 0.000323253 0.00886671 -0.0169497 0.000326303 -0.000810904 -0.0169497 0.0861753 
0.0105832 -0.0187903 -0.000347503 0.000363952 -0.0187903 0.090236 0.000361978 -0.000862115 -0.000347503 0.000361978 0.00888817 -0.0169515 0.000363952 -0.000862115 -0.0169515 0.0861868 
0.0105592 -0.0187665 -0.000358283 0.000397906 -0.0187665 0.0901571 0.000399526 -0.000952183 -0.000358283 0.000399526 0.00892645 -0.0169886 0.000397906 -0.000952183 -0.0169886 0.0862711 
0.0105332 -0.0187337 -0.000333704 0.000400886 -0.0187337 0.0900885 0.000407863 -0.000990478 -0.000333704 0.000407863 0.00896348 -0.0170572 0.000400886 -0.000990478 -0.0170572 0.0864612 
0.0104721 -0.0186036 -0.000312662 0.000365151 -0.0186036 0.0895339 0.000377199 -0.000949959 -0.000312662 0.000377199 0.00893506 -0.0170124 0.000365151 -0.000949959 -0.0170124 0.0861591 
0.0105149 -0.0186464 -0.000323279 0.000343936 -0.0186464 0.0897164 0.00035307 -0.000894183 -0.000323279 0.00035307 0.0089557 -0.0170687 0.000343936 -0.000894183 -0.0170687 0.0864413 
0.0105597 -0.0187209 -0.000324527 0.000351029 -0.0187209 0.089985 0.000355573 -0.000866184 -0.000324527 0.000355573 0.00895615 -0.0171101 0.000351029 -0.000866184 -0.0171101 0.0866798 
0.0104901 -0.0186334 -0.000333937 0.000376111 -0.0186334 0.0895061 0.000379012 -0.00092956 -0.000333937 0.000379012 0.0089001 -0.0169777 0.000376111 -0.00092956 -0.0169777 0.0861073 
0.0105013 -0.0186668 -0.000366653 0.00039205 -0.0186668 0.0897168 0.000398957 -0.000993418 -0.000366653 0.000398957 0.00891324 -0.0170074 0.00039205 -0.000993418 -0.0170074 0.08625 
0.010506 -0.018651 -0.000391953 0.000430008 -0.018651 0.0896934 0.000438731 -0.00107786 -0.000391953 0.000438731 0.00889263 -0.0169971 0.000430008 -0.00107786 -0.0169971 0.0862152 
0.0104763 -0.0186314 -0.000391386 0.000452736 -0.0186314 0.0895638 0.00045777 -0.00113615 -0.000391386 0.00045777 0.00888173 -0.0169369 0.000452736 -0.00113615 -0.0169369 0.0860041 
0.0105154 -0.0186932 -0.000381792 0.0004458 -0.0186932 0.0899185 0.000445318 -0.00113084 -0.000381792 0.000445318 0.00891657 -0.0169993 0.0004458 -0.00113084 -0.0169993 0.0862945 
0.0105037 -0.0185837 -0.000379874 0.00043868 -0.0185837 0.0893942 0.000430197 -0.00110699 -0.000379874 0.000430197 0.0088167 -0.0168975 0.00043868 -0.00110699 -0.0168975 0.0857669 
0.0105234 -0.0186779 -0.000383456 0.000441109 -0.0186779 0.0896407 0.000429214 -0.00109828 -0.000383456 0.000429214 0.00881106 -0.0168617 0.000441109 -0.00109828 -0.0168617 0.0857916 
0.0105195 -0.0187556 -0.000388277 0.000446149 -0.0187556 0.0900414 0.000437779 -0.00110931 -0.000388277 0.000437779 0.0088569 -0.0168832 0.000446149 -0.00110931 -0.0168832 0.0859514 
0.0105205 -0.0186959 -0.000389847 0.000447391 -0.0186959 0.0899472 0.00044266 -0.00111533 -0.000389847 0.00044266 0.00882804 -0.0168871 0.000447391 -0.00111533 -0.0168871 0.0858632 
0.0105134 -0.0186617 -0.000403347 0.000449126 -0.0186617 0.0897197 0.000447392 -0.00112483 -0.000403347 0.000447392 0.00879122 -0.016811 0.000449126 -0.00112483 -0.016811 0.085591 
0.0104843 -0.0186421 -0.000377856 0.000463801 -0.0186421 0.0895415 0.000463361 -0.00114991 -0.000377856 0.000463361 0.00877839 -0.0167374 0.000463801 -0.00114991 -0.0167374 0.0852715 
0.010482 -0.0186373 -0.000347165 0.000435516 -0.0186373 0.0895528 0.000435512 -0.00112332 -0.000347165 0.000435512 0.00878229 -0.016751 0.000435516 -0.00112332 -0.016751 0.0852447 
0.0105254 -0.0187136 -0.000318868 0.00039047 -0.0187136 0.0899164 0.00039466 -0.00102799 -0.000318868 0.00039466 0.00882544 -0.0168261 0.00039047 -0.00102799 -0.0168261 0.0855975 
0.0105179 -0.0187372 -0.000304335 0.000343345 -0.0187372 0.0900326 0.000352833 -0.000904419 -0.000304335 0.000352833 0.00887507 -0.0168649 0.000343345 -0.000904419 -0.0168649 0.0857525 
0.0105137 -0.0187126 -0.000311679 0.000327052 -0.0187126 0.0900242 0.000335802 -0.000830129 -0.000311679 0.000335802 0.00891019 -0.0169439 0.000327052 -0.000830129 -0.0169439 0.085965 
0.0104909 -0.0186409 -0.00032338 0.000354246 -0.0186409 0.0897094 0.000351209 -0.000855408 -0.00032338 0.000351209 0.0089041 -0.0169544 0.000354246 -0.000855408 -0.0169544 0.0859287 
0.0105171 -0.0186584 -0.00032218 0.000374595 -0.0186584 0.0897567 0.000361719 -0.000897372 -0.00032218 0.000361719 0.00890413 -0.0170053 0.000374595 -0.000897372 -0.0170053 0.0861643 
0.010574 -0.0186904 -0.000317779 0.000365568 -0.0186904 0.0898386 0.000352403 -0.000890638 -0.000317779 0.000352403 0.00885685 -0.0170111 0.000365568 -0.000890638 -0.0170111 0.086281 
0.0106331 -0.0187927 -0.000303244 0.000356671 -0.0187927 0.0901373 0.000351181 -0.000876999 -0.000303244 0.000351181 0.00882981 -0.016977 0.000356671 -0.000876999 -0.016977 0.0863666 
0.010586 -0.0187267 -0.000313864 0.000337396 -0.0187267 0.0897079 0.000340549 -0.000851129 -0.000313864 0.000340549 0.0087484 -0.0167974 0.000337396 -0.000851129 -0.0167974 0.0856299 
0.0106251 -0.0187399 -0.000328738 0.000345925 -0.0187399 0.0897518 0.000355787 -0.000855612 -0.000328738 0.000355787 0.00870098 -0.0167537 0.000345925 -0.000855612 -0.0167537 0.0854473 
0.0106587 -0.0188035 -0.000350477 0.000378221 -0.0188035 0.0899161 0.000388319 -0.000932419 -0.000350477 0.000388319 0.00868344 -0.0167136 0.000378221 -0.000932419 -0.0167136 0.0853741 
0.0106933 -0.0189029 -0.000369453 0.000414621 -0.0189029 0.0903221 0.000416477 -0.00102517 -0.000369453 0.000416477 0.00870424 -0.0167331 0.000414621 -0.00102517 -0.0167331 0.0855344 
0.010648 -0.0188801 -0.000376142 0.000427923 -0.0188801 0.0902378 0.000423301 -0.00106256 -0.000376142 0.000423301 0.00872869 -0.0166829 0.000427923 -0.00106256 -0.0166829 0.0852899 
0.0106674 -0.0188806 -0.000369624 0.000432415 -0.0188806 0.0903776 0.000422149 -0.00107021 -0.000369624 0.000422149 0.00874558 -0.0167652 0.000432415 -0.00107021 -0.0167652 0.0854986 
0.0106832 -0.0188891 -0.000326106 0.000421086 -0.0188891 0.0904032 0.000411804 -0.0010502 -0.000326106 0.000411804 0.00875162 -0.0167818 0.000421086 -0.0010502 -0.0167818 0.0856043 
0.0106409 -0.0188959 -0.000349078 0.000366844 -0.0188959 0.0904115 0.000368078 -0.000969064 -0.000349078 0.000368078 0.00879947 -0.0167979 0.000366844 -0.000969064 -0.0167979 0.0856752 
0.010609 -0.0187895 -0.000372846 0.000395415 -0.0187895 0.0900713 0.000401658 -0.000980163 -0.000372846 0.000401658 0.00877849 -0.0168058 0.000395415 -0.000980163 -0.0168058 0.0855384 
0.0105899 -0.0187314 -0.000380437 0.000428117 -0.0187314 0.089775 0.000434614 -0.00105271 -0.000380437 0.000434614 0.0087519 -0.016782 0.000428117 -0.00105271 -0.016782 0.0854293 
0.0105691 -0.0187461 -0.000347318 0.000433373 -0.0187461 0.0897917 0.000434928 -0.00108318 -0.000347318 0.000434928 0.00876389 -0.0167787 0.000433373 -0.00108318 -0.0167787 0.0854702 
0.0105021 -0.0187078 -0.00034026 0.00040718 -0.0187078 0.089697 0.000400324 -0.00105755 -0.00034026 0.000400324 0.00881077 -0.0167745 0.00040718 -0.00105755 -0.0167745 0.0854158 
0.0105097 -0.0187116 -0.000335325 0.000399783 -0.0187116 0.0899395 0.000387568 -0.00102025 -0.000335325 0.000387568 0.00889539 -0.016913 0.000399783 -0.00102025 -0.016913 0.0858909 
0.0104405 -0.0185809 -0.000339164 0.000396954 -0.0185809 0.0894151 0.000379354 -0.00100068 -0.000339164 0.000379354 0.00886549 -0.0169158 0.000396954 -0.00100068 -0.0169158 0.0857355 
0.0104624 -0.0186086 -0.000312045 0.000393458 -0.0186086 0.0895929 0.000379038 -0.000979594 -0.000312045 0.000379038 0.00888136 -0.016977 0.000393458 -0.000979594 -0.016977 0.0861036 
0.0104534 -0.0185279 -0.000260218 0.000347405 -0.0185279 0.0892059 0.00034422 -0.000900435 -0.000260218 0.00034422 0.00880939 -0.0168876 0.000347405 -0.000900435 -0.0168876 0.0857554 
0.0105227 -0.0186296 -0.000219976 0.00027655 -0.0186296 0.0895362 0.000278527 -0.000750682 -0.000219976 0.000278527 0.00881422 -0.0168751 0.00027655 -0.000750682 -0.0168751 0.085874 
0.0105772 -0.0187624 -0.000230078 0.000237693 -0.0187624 0.0900732 0.000240912 -0.000636365 -0.000230078 0.000240912 0.00885702 -0.0169365 0.000237693 -0.000636365 -0.0169365 0.0862058 
0.0105237 -0.0186584 -0.000262285 0.000247996 -0.0186584 0.0896026 0.000254929 -0.000612358 -0.000262285 0.000254929 0.00879853 -0.0168439 0.000247996 -0.000612358 -0.0168439 0.0856926 
0.0105297 -0.0187108 -0.000310023 0.000306866 -0.0187108 0.0898334 0.000317543 -0.000733755 -0.000310023 0.000317543 0.00881396 -0.0168744 0.000306866 -0.000733755 -0.0168744 0.0858748 
0.0105185 -0.0186636 -0.000352548 0.00036059 -0.0186636 0.0896548 0.000371652 -0.00087019 -0.000352548 0.000371652 0.00875406 -0.0168136 0.00036059 -0.00087019 -0.0168136 0.0856142 
0.0105055 -0.0186515 -0.000347871 0.000417797 -0.0186515 0.0895461 0.000421474 -0.00101211 -0.000347871 0.000421474 0.00872876 -0.0167259 0.000417797 -0.00101211 -0.0167259 0.0853348 
0.0105677 -0.0187725 -0.000329679 0.000416031 -0.0187725 0.0901278 0.000417959 -0.00106768 -0.000329679 0.000417959 0.00879182 -0.0168044 0.000416031 -0.00106768 -0.0168044 0.0857375 
0.0105452 -0.018749 -0.000285235 0.000373576 -0.018749 0.0900457 0.000378996 -0.000991657 -0.000285235 0.000378996 0.00880162 -0.0168068 0.000373576 -0.000991657 -0.0168068 0.0856507 
0.0104988 -0.0186715 -0.000237342 0.00031492 -0.0186715 0.0897316 0.000320268 -0.000859896 -0.000237342 0.000320268 0.00879099 -0.0167866 0.00031492 -0.000859896 -0.0167866 0.0854544 
0.0105217 -0.018717 -0.00023636 0.000267521 -0.018717 0.089983 0.000263216 -0.000728673 -0.00023636 0.000263216 0.00881718 -0.0168623 0.000267521 -0.000728673 -0.0168623 0.0857972 
0.0105168 -0.0187022 -0.000237311 0.00026884 -0.0187022 0.0899491 0.000256135 -0.000666516 -0.000237311 0.000256135 0.00880879 -0.0168654 0.00026884 -0.000666516 -0.0168654 0.0858448 
0.0105256 -0.0186721 -0.000230514 0.000261733 -0.0186721 0.0898278 0.000247705 -0.000626602 -0.000230514 0.000247705 0.00876457 -0.0168443 0.000261733 -0.000626602 -0.0168443 0.0857821 
0.0104891 -0.0186704 -0.000231741 0.00026727 -0.0186704 0.089704 0.000251247 -0.00063675 -0.000231741 0.000251247 0.00875965 -0.016748 0.00026727 -0.00063675 -0.016748 0.0854937 
0.0104673 -0.0186783 -0.000245834 0.000273268 -0.0186783 0.0898085 0.00025604 -0.000654036 -0.000245834 0.00025604 0.00880318 -0.0167583 0.000273268 -0.000654036 -0.0167583 0.0854726 
0.0104119 -0.0185722 -0.00024064 0.000291174 -0.0185722 0.0894362 0.000277798 -0.000694147 -0.00024064 0.000277798 0.00881232 -0.0167522 0.000291174 -0.000694147 -0.0167522 0.0852368 
0.0105151 -0.0186968 -0.000260762 0.000284799 -0.0186968 0.0900987 0.000280574 -0.000715234 -0.000260762 0.000280574 0.00888038 -0.0169564 0.000284799 -0.000715234 -0.0169564 0.0861091 
0.0104389 -0.0185519 -0.000237917 0.000292262 -0.0185519 0.0893147 0.000295806 -0.000721329 -0.000237917 0.000295806 0.00878938 -0.0168219 0.000292262 -0.000721329 -0.0168219 0.0854865 
0.0104527 -0.0185897 -0.000207694 0.000282884 -0.0185897 0.0894526 0.000289382 -0.000739507 -0.000207694 0.000289382 0.00878798 -0.0168311 0.000282884 -0.000739507 -0.0168311 0.0856255 
0.0104845 -0.0186537 -0.000188616 0.00024102 -0.0186537 0.0897619 0.000249588 -0.000672585 -0.000188616 0.000249588 0.00880431 -0.0168628 0.00024102 -0.000672585 -0.0168628 0.0858622 
0.0104638 -0.0186334 -0.000169757 0.000209433 -0.0186334 0.0896844 0.000212556 -0.000573534 -0.000169757 0.000212556 0.00880317 -0.0168311 0.000209433 -0.000573534 -0.0168311 0.0857434 
0.0104687 -0.0186001 -0.000163818 0.00018635 -0.0186001 0.0895755 0.000179959 -0.000484621 -0.000163818 0.000179959 0.00878147 -0.0168222 0.00018635 -0.000484621 -0.0168222 0.0856577 
0.010509 -0.0186301 -0.000154194 0.000181511 -0.0186301 0.0896427 0.000166176 -0.000431759 -0.000154194 0.000166176 0.00875619 -0.0168122 0.000181511 -0.000431759 -0.0168122 0.0856755 
0.0105236 -0.0186736 -0.00016133 0.000172921 -0.0186736 0.089732 0.000158418 -0.000403975 -0.00016133 0.000158418 0.00874253 -0.0167788 0.000172921 -0.000403975 -0.0167788 0.0856186 
0.0104855 -0.0186659 -0.000150627 0.000167707 -0.0186659 0.0896579 0.000163934 -0.000382812 -0.000150627 0.000163934 0.00875113 -0.0167196 0.000167707 -0.000382812 -0.0167196 0.0853737 
0.0104464 -0.0186382 -0.000168415 0.000167845 -0.0186382 0.0896473 0.00017386 -0.000406524 -0.000168415 0.00017386 0.00879048 -0.0167565 0.000167845 -0.000406524 -0.0167565 0.0854063 
0.0104039 -0.0186023 -0.000146918 0.00019047 -0.0186023 0.0896359 0.000199667 -0.000457775 -0.000146918 0.000199667 0.00884331 -0.0168313 0.00019047 -0.000457775 -0.0168313 0.0856189 
0.0103931 -0.0185703 -0.000126661 0.000171907 -0.0185703 0.0896408 0.000180858 -0.000465086 -0.000126661 0.000180858 0.00888348 -0.0169116 0.000171907 -0.000465086 -0.0169116 0.0859012 
0.0104427 -0.0185917 -0.000134058 0.000148464 -0.0185917 0.0898116 0.000162183 -0.000432399 -0.000134058 0.000162183 0.00889418 -0.0170059 0.000148464 -0.000432399 -0.0170059 0.0863184 
0.010398 -0.0184992 -0.00014119 0.000151434 -0.0184992 0.0892607 0.000166591 -0.000414176 -0.00014119 0.000166591 0.00882528 -0.0168849 0.000151434 -0.000414176 -0.0168849 0.0858349 
0.0104323 -0.0184869 -0.000171588 0.000160319 -0.0184869 0.0891389 0.000170273 -0.000419746 -0.000171588 0.000170273 0.00876312 -0.0168317 0.000160319 -0.000419746 -0.0168317 0.0856437 
0.0105228 -0.0186899 -0.000202423 0.0001969 -0.0186899 0.089914 0.000197157 -0.000463616 -0.000202423 0.000197157 0.00882381 -0.0168907 0.0001969 -0.000463616 -0.0168907 0.0861469 
0.0104703 -0.0186844 -0.000219265 0.00023573 -0.0186844 0.0898563 0.000222795 -0.000529239 -0.000219265 0.000222795 0.00887003 -0.0168388 0.00023573 -0.000529239 -0.0168388 0.0858635 
0.0103861 -0.0185515 -0.000226682 0.00025337 -0.0185515 0.0893917 0.000231409 -0.000569134 -0.000226682 0.000231409 0.00889631 -0.0168425 0.00025337 -0.000569134 -0.0168425 0.0855455 
0.0104199 -0.0185379 -0.00023404 0.000258357 -0.0185379 0.0894773 0.000240459 -0.000588947 -0.00023404 0.000240459 0.00890227 -0.0170009 0.000258357 -0.000588947 -0.0170009 0.0860432 
0.0104589 -0.0185628 -0.000233378 0.000266354 -0.0185628 0.089509 0.000260083 -0.000621456 -0.000233378 0.000260083 0.00886451 -0.017008 0.000266354 -0.000621456 -0.017008 0.0862516 
0.0104555 -0.0185947 -0.000220833 0.000253341 -0.0185947 0.0895112 0.000256155 -0.000611536 -0.000220833 0.000256155 0.00884835 -0.01692 0.000253341 -0.000611536 -0.01692 0.0860711 
0.0104741 -0.0186712 -0.000202536 0.000237534 -0.0186712 0.0899005 0.000243646 -0.000585763 -0.000202536 0.000243646 0.00890709 -0.016967 0.000237534 -0.000585763 -0.016967 0.0863023 
0.0104301 -0.018612 -0.000195068 0.000227271 -0.018612 0.0897056 0.000233827 -0.000575451 -0.000195068 0.000233827 0.00890963 -0.016962 0.000227271 -0.000575451 -0.016962 0.086144 
0.0104162 -0.0185801 -0.000207292 0.000219562 -0.0185801 0.0896462 0.000228019 -0.000564383 -0.000207292 0.000228019 0.0089057 -0.0169965 0.000219562 -0.000564383 -0.0169965 0.086229 
0.0103312 -0.018474 -0.000206258 0.000224285 -0.018474 0.0891383 0.000232136 -0.000555042 -0.000206258 0.000232136 0.00886619 -0.0168844 0.000224285 -0.000555042 -0.0168844 0.0857431 
0.0103818 -0.0185334 -0.000200634 0.000230382 -0.0185334 0.0895283 0.000236476 -0.000569301 -0.000200634 0.000236476 0.00891367 -0.0169636 0.000230382 -0.000569301 -0.0169636 0.0861195 
0.0103482 -0.0184831 -0.000212198 0.000231924 -0.0184831 0.0892663 0.000237674 -0.000588315 -0.000212198 0.000237674 0.00890476 -0.0169235 0.000231924 -0.000588315 -0.0169235 0.0858827 
0.0103929 -0.0185258 -0.00022932 0.00024012 -0.0185258 0.0894774 0.000245484 -0.000600796 -0.00022932 0.000245484 0.00889772 -0.0169755 0.00024012 -0.000600796 -0.0169755 0.0860906 
0.0104414 -0.0186009 -0.000244894 0.000249986 -0.0186009 0.0897524 0.000257337 -0.000608972 -0.000244894 0.000257337 0.00888772 -0.0169827 0.000249986 -0.000608972 -0.0169827 0.0862519 
0.0104421 -0.0186349 -0.00025604 0.000279251 -0.0186349 0.0898494 0.000288532 -0.00067421 -0.00025604 0.000288532 0.00889088 -0.0169424 0.000279251 -0.00067421 -0.0169424 0.0861669 
0.0104335 -0.0185912 -0.000253253 0.000292444 -0.0185912 0.0896897 0.000299616 -0.000722216 -0.000253253 0.000299616 0.00886192 -0.0169126 0.000292444 -0.000722216 -0.0169126 0.085962 
0.0103893 -0.0185025 -0.000249057 0.000292358 -0.0185025 0.0892182 0.000289848 -0.000729736 -0.000249057 0.000289848 0.00879396 -0.0168131 0.000292358 -0.000729736 -0.0168131 0.0854892 
0.0103845 -0.0185456 -0.000243443 0.000293653 -0.0185456 0.0893849 0.000284238 -0.000728862 -0.000243443 0.000284238 0.00882109 -0.0168141 0.000293653 -0.000728862 -0.0168141 0.085577 
0.0103855 -0.0185685 -0.000193822 0.000285297 -0.0185685 0.0895766 0.000276407 -0.000714965 -0.000193822 0.000276407 0.0088578 -0.0168566 0.000285297 -0.000714965 -0.0168566 0.0857374 
0.0103739 -0.0185147 -0.000181167 0.000216107 -0.0185147 0.0894197 0.000214258 -0.000600898 -0.000181167 0.000214258 0.00884802 -0.0168688 0.000216107 -0.000600898 -0.0168688 0.0857041 
0.0103219 -0.0184555 -0.000172772 0.000192771 -0.0184555 0.0891175 0.00019455 -0.000500124 -0.000172772 0.00019455 0.00885853 -0.016826 0.000192771 -0.000500124 -0.016826 0.0855081 
0.0103111 -0.0184364 -0.000170887 0.000196608 -0.0184364 0.0891154 0.000196127 -0.000484408 -0.000170887 0.000196127 0.00889179 -0.0168935 0.000196608 -0.000484408 -0.0168935 0.0856916 
0.0103817 -0.0185363 -0.000175641 0.000193936 -0.0185363 0.0896261 0.000189464 -0.000475437 -0.000175641 0.000189464 0.00896256 -0.017031 0.000193936 -0.000475437 -0.017031 0.0863368 
0.0103884 -0.0185161 -0.000167377 0.000195831 -0.0185161 0.0894885 0.00019065 -0.000467806 -0.000167377 0.00019065 0.00894429 -0.0170276 0.000195831 -0.000467806 -0.0170276 0.0862911 
0.0103957 -0.0185763 -0.000186127 0.000184693 -0.0185763 0.0896877 0.000182178 -0.000454662 -0.000186127 0.000182178 0.00896742 -0.0170536 0.000184693 -0.000454662 -0.0170536 0.0864679 
0.0104102 -0.0185495 -0.000179032 0.000203304 -0.0185495 0.0896274 0.000204117 -0.000472319 -0.000179032 0.000204117 0.00893283 -0.0170538 0.000203304 -0.000472319 -0.0170538 0.0864313 
0.0104305 -0.0185695 -0.000174856 0.000211456 -0.0185695 0.0896354 0.000210265 -0.000516593 -0.000174856 0.000210265 0.00890211 -0.0170153 0.000211456 -0.000516593 -0.0170153 0.0863728 
0.0103903 -0.0185718 -0.000165814 0.000207494 -0.0185718 0.0895514 0.000197251 -0.00051405 -0.000165814 0.000197251 0.00891458 -0.0169353 0.000207494 -0.00051405 -0.0169353 0.0860913 
0.0103762 -0.0185151 -0.00017901 0.000211496 -0.0185151 0.0893991 0.000192316 -0.000524694 -0.00017901 0.000192316 0.00891166 -0.0169466 0.000211496 -0.000524694 -0.0169466 0.0859581 
0.010409 -0.018567 -0.000162904 0.000213887 -0.018567 0.0896467 0.000187933 -0.000505922 -0.000162904 0.000187933 0.00892867 -0.017029 0.000213887 -0.000505922 -0.017029 0.0863162 
0.0104112 -0.0185456 -0.000112265 0.000181885 -0.0185456 0.0895298 0.000160264 -0.00043942 -0.000112265 0.000160264 0.00889737 -0.0169973 0.000181885 -0.00043942 -0.0169973 0.0862347 
0.010467 -0.0185829 -0.000107893 0.000129191 -0.0185829 0.0896579 0.000118909 -0.000353205 -0.000107893 0.000118909 0.00885098 -0.0169956 0.000129191 -0.000353205 -0.0169956 0.0863176 
0.0105012 -0.018631 -0.000117704 0.000119611 -0.018631 0.0897098 0.000119296 -0.0003033 -0.000117704 0.000119296 0.00880493 -0.0169067 0.000119611 -0.0003033 -0.0169067 0.0861201 
0.0105365 -0.0187119 -0.000149705 0.000135397 -0.0187119 0.0899876 0.000139157 -0.000325604 -0.000149705 0.000139157 0.00878934 -0.0168759 0.000135397 -0.000325604 -0.0168759 0.0860873 
0.0104651 -0.018633 -0.000155087 0.000152686 -0.018633 0.0895678 0.00016266 -0.000348525 -0.000155087 0.00016266 0.00873891 -0.0167258 0.000152686 -0.000348525 -0.0167258 0.0854101 
0.0104525 -0.0186821 -0.00011408 0.000157808 -0.0186821 0.08989 0.000171677 -0.000372318 -0.00011408 0.000171677 0.00880737 -0.0167842 0.000157808 -0.000372318 -0.0167842 0.0856361 
0.0103816 -0.0185923 -7.03561e-05 0.000126957 -0.0185923 0.0896783 0.000137478 -0.000351386 -7.03561e-05 0.000137478 0.0088513 -0.0168269 0.000126957 -0.000351386 -0.0168269 0.0856445 
0.0103318 -0.0185309 -4.31656e-05 7.08567e-05 -0.0185309 0.0895855 7.02003e-05 -0.000228914 -4.31656e-05 7.02003e-05 0.00890888 -0.0169192 7.08567e-05 -0.000228914 -0.0169192 0.0859209 
0.0103056 -0.0184638 -6.34853e-05 5.05583e-05 -0.0184638 0.0894335 4.40017e-05 -0.000149273 -6.34853e-05 4.40017e-05 0.00894194 -0.0169873 5.05583e-05 -0.000149273 -0.0169873 0.0861432 
0.0102915 -0.0183514 -8.956e-05 7.5328e-05 -0.0183514 0.088948 6.74391e-05 -0.000156849 -8.956e-05 6.74391e-05 0.00889426 -0.0169591 7.5328e-05 -0.000156849 -0.0169591 0.0859528 
0.0104039 -0.0184602 -0.000111058 0.00010699 -0.0184602 0.0893166 9.77833e-05 -0.000216485 -0.000111058 9.77833e-05 0.0088776 -0.0170114 0.00010699 -0.000216485 -0.0170114 0.086336 
0.0104438 -0.0184789 -8.67815e-05 0.000125966 -0.0184789 0.0891136 0.000120878 -0.000271783 -8.67815e-05 0.000120878 0.00877534 -0.0168618 0.000125966 -0.000271783 -0.0168618 0.0858299 
0.0104391 -0.0185771 -7.52074e-05 0.000103365 -0.0185771 0.0892996 0.000104968 -0.000275725 -7.52074e-05 0.000104968 0.00877652 -0.0167532 0.000103365 -0.000275725 -0.0167532 0.0855065 
0.0104416 -0.0186238 -4.84544e-05 8.63406e-05 -0.0186238 0.0896198 9.3295e-05 -0.000245746 -4.84544e-05 9.3295e-05 0.00880637 -0.0168051 8.63406e-05 -0.000245746 -0.0168051 0.0856115 
0.0104157 -0.0186192 -5.97957e-05 5.70451e-05 -0.0186192 0.0897296 6.33704e-05 -0.000191804 -5.97957e-05 6.33704e-05 0.00884034 -0.0168565 5.70451e-05 -0.000191804 -0.0168565 0.0857823 
0.0104121 -0.0185694 -4.74829e-05 6.62376e-05 -0.0185694 0.0896358 6.70129e-05 -0.000165453 -4.74829e-05 6.70129e-05 0.0088336 -0.0168813 6.62376e-05 -0.000165453 -0.0168813 0.0858453 
0.0103935 -0.0185264 -2.04482e-05 5.56345e-05 -0.0185264 0.0894039 4.66272e-05 -0.00013916 -2.04482e-05 4.66272e-05 0.00881619 -0.0168396 5.56345e-05 -0.00013916 -0.0168396 0.0856942 
