0.00781577 0 -0.000674266 0 0 0.00998372 0 0 -0.000674266 0 0.00623974 0 0 0 0 0.00998372 
0.0108717 -0.0134731 -0.000892779 0.00108891 -0.0134731 0.0349352 0.00108891 -0.0020873 -0.000892779 0.00108891 0.00890308 -0.0110743 0.00108891 -0.0020873 -0.0110743 0.0303354 
0.0107076 -0.0196865 -0.000753641 0.0011734 -0.0196865 0.0718849 0.0011734 -0.00366383 -0.000753641 0.0011734 0.00909378 -0.0172162 0.0011734 -0.00366383 -0.0172162 0.0642015 
0.0100535 -0.0188702 -0.000680263 0.000743765 -0.0188702 0.0834948 0.000742876 -0.00231164 -0.000680263 0.000742876 0.00867993 -0.0174342 0.000743765 -0.00231164 -0.0174342 0.0794137 
0.0100684 -0.0180952 -0.000707272 0.000697607 -0.0180952 0.0854534 0.000693841 -0.00159048 -0.000707272 0.000693841 0.00855991 -0.0168775 0.000697607 -0.00159048 -0.0168775 0.0835352 
0.0103576 -0.0183344 -0.000780259 0.000789926 -0.0183344 0.0875553 0.000793993 -0.00170272 -0.000780259 0.000793993 0.00869727 -0.0168421 0.000789926 -0.00170272 -0.0168421 0.0854254 
0.0104749 -0.0185867 -0.000806443 0.000861758 -0.0185867 0.0888747 0.000878696 -0.00192266 -0.000806443 0.000878696 0.00879305 -0.0168205 0.000861758 -0.00192266 -0.0168205 0.0857719 
0.0104892 -0.0186367 -0.000803555 0.000891124 -0.0186367 0.0893688 0.000906205 -0.0020649 -0.000803555 0.000906205 0.00883523 -0.0168237 0.000891124 -0.0020649 -0.0168237 0.0856902 
0.0104805 -0.0186255 -0.00075973 0.000886421 -0.0186255 0.0894926 0.000890482 -0.00208475 -0.00075973 0.000890482 0.00887484 -0.0168571 0.000886421 -0.00208475 -0.0168571 0.0856925 
0.0104875 -0.0186616 -0.000715527 0.000836605 -0.0186616 0.0897544 0.00082843 -0.00199096 -0.000715527 0.00082843 0.00895462 -0.0169683 0.000836605 -0.00199096 -0.0169683 0.0860728 
0.0103881 -0.0185172 -0.000698534 0.000770451 -0.0185172 0.0891446 0.000758407 -0.00182081 -0.000698534 0.000758407 0.00894355 -0.0169443 0.000770451 -0.00182081 -0.0169443 0.085748 
0.010461 -0.0185898 -0.000690159 0.000761461 -0.0185898 0.0896023 0.0007506 -0.00174636 -0.000690159 0.0007506 0.00899032 -0.0171125 0.000761461 -0.00174636 -0.0171125 0.0864785 
0.0104658 -0.0185632 -0.000676923 0.00076409 -0.0185632 0.0894176 0.000751075 -0.00174582 -0.000676923 0.000751075 0.00894714 -0.0170914 0.00076409 -0.00174582 -0.0170914 0.0864574 
0.0104849 -0.0186171 -0.00066731 0.000744651 -0.0186171 0.0895395 0.000730365 -0.00171198 -0.00066731 0.000730365 0.00892404 -0.0170405 0.000744651 -0.00171198 -0.0170405 0.086408 
0.0104528 -0.0185764 -0.000691931 0.000733774 -0.0185764 0.0893201 0.000725363 -0.00169031 -0.000691931 0.000725363 0.00888624 -0.0169404 0.000733774 -0.00169031 -0.0169404 0.0859882 
0.0104974 -0.0186844 -0.00070714 0.000759681 -0.0186844 0.0898364 0.00076838 -0.00173581 -0.00070714 0.00076838 0.00896147 -0.0170053 0.000759681 -0.00173581 -0.0170053 0.086315 
0.010545 -0.0186956 -0.000685311 0.000761864 -0.0186956 0.0899531 0.000782145 -0.00176282 -0.000685311 0.000782145 0.00895375 -0.0170715 0.000761864 -0.00176282 -0.0170715 0.0864622 
0.0104697 -0.0185742 -0.000664633 0.000732751 -0.0185742 0.0892475 0.000749466 -0.00172691 -0.000664633 0.000749466 0.00885928 -0.0169255 0.000732751 -0.00172691 -0.0169255 0.0857964 
0.0105186 -0.0187034 -0.000665235 0.000723094 -0.0187034 0.0898318 0.000731139 -0.00169214 -0.000665235 0.000731139 0.00891187 -0.0169937 0.000723094 -0.00169214 -0.0169937 0.0862536 
0.0104522 -0.0185888 -0.000679103 0.000717291 -0.0185888 0.0893581 0.000719264 -0.00165535 -0.000679103 0.000719264 0.00886352 -0.0169027 0.000717291 -0.00165535 -0.0169027 0.0857693 
0.0104989 -0.0187319 -0.0006894 0.000747883 -0.0187319 0.0900668 0.000746833 -0.00169712 -0.0006894 0.000746833 0.00896934 -0.0170273 0.000747883 -0.00169712 -0.0170273 0.0864179 
0.0104788 -0.0186876 -0.000705423 0.000757398 -0.0186876 0.0899771 0.000756999 -0.00173608 -0.000705423 0.000756999 0.00899431 -0.0170515 0.000757398 -0.00173608 -0.0170515 0.0863906 
0.0103803 -0.0185364 -0.000732342 0.000782683 -0.0185364 0.0892907 0.000783054 -0.00180226 -0.000732342 0.000783054 0.00897125 -0.0169738 0.000782683 -0.00180226 -0.0169738 0.0858726 
0.010402 -0.018585 -0.000754253 0.000823461 -0.018585 0.0896215 0.000828996 -0.00190655 -0.000754253 0.000828996 0.0090403 -0.0171153 0.000823461 -0.00190655 -0.0171153 0.0864217 
0.0103763 -0.0184611 -0.000759399 0.000838239 -0.0184611 0.089092 0.000850106 -0.00197356 -0.000759399 0.000850106 0.00896934 -0.0170649 0.000838239 -0.00197356 -0.0170649 0.0861143 
0.0104528 -0.018588 -0.000761125 0.000848017 -0.018588 0.0895763 0.000853764 -0.002004 -0.000761125 0.000853764 0.0089831 -0.017129 0.000848017 -0.002004 -0.017129 0.0865955 
0.01048 -0.018656 -0.000745177 0.000839576 -0.018656 0.0898044 0.000831886 -0.00196971 -0.000745177 0.000831886 0.00896905 -0.0170891 0.000839576 -0.00196971 -0.0170891 0.0865896 
0.0104473 -0.018594 -0.000721763 0.000825388 -0.018594 0.0895031 0.000811002 -0.00192858 -0.000721763 0.000811002 0.00893266 -0.0169781 0.000825388 -0.00192858 -0.0169781 0.0860973 
0.0104413 -0.0186323 -0.000718593 0.000786923 -0.0186323 0.0896811 0.000777683 -0.00184388 -0.000718593 0.000777683 0.00896521 -0.0170081 0.000786923 -0.00184388 -0.0170081 0.08619 
0.0104282 -0.0185892 -0.000708701 0.000781013 -0.0185892 0.089582 0.000781663 -0.00180863 -0.000708701 0.000781663 0.00896391 -0.0170239 0.000781013 -0.00180863 -0.0170239 0.0861709 
0.0104352 -0.0185801 -0.000696133 0.000773579 -0.0185801 0.0895559 0.000780424 -0.00180263 -0.000696133 0.000780424 0.00895808 -0.0170405 0.000773579 -0.00180263 -0.0170405 0.086248 
0.0104414 -0.0185794 -0.000685613 0.000761343 -0.0185794 0.0895167 0.00076828 -0.00178696 -0.000685613 0.00076828 0.00895198 -0.0170276 0.000761343 -0.00178696 -0.0170276 0.0862367 
0.0104572 -0.0185397 -0.000650389 0.000740119 -0.0185397 0.0892919 0.000740446 -0.00172757 -0.000650389 0.000740446 0.00888582 -0.0169798 0.000740119 -0.00172757 -0.0169798 0.0860122 
0.0105158 -0.0186704 -0.000645936 0.000702334 -0.0186704 0.0897656 0.00070022 -0.00164446 -0.000645936 0.00070022 0.00891816 -0.0170102 0.000702334 -0.00164446 -0.0170102 0.0863366 
0.0103997 -0.0185687 -0.000639293 0.000699243 -0.0185687 0.0892553 0.000694858 -0.00160438 -0.000639293 0.000694858 0.00890401 -0.0168872 0.000699243 -0.00160438 -0.0168872 0.0857182 
0.0103829 -0.0185451 -0.000629709 0.000700328 -0.0185451 0.0893523 0.000693757 -0.00160204 -0.000629709 0.000693757 0.00895327 -0.0169681 0.000700328 -0.00160204 -0.0169681 0.085924 
0.0104437 -0.0186304 -0.000648782 0.000693561 -0.0186304 0.0898596 0.000687031 -0.00159833 -0.000648782 0.000687031 0.00903296 -0.0171234 0.000693561 -0.00159833 -0.0171234 0.0866051 
0.0104182 -0.018579 -0.000668052 0.000704879 -0.018579 0.0896277 0.000696985 -0.00159728 -0.000668052 0.000696985 0.00901977 -0.0171219 0.000704879 -0.00159728 -0.0171219 0.0865473 
0.0103649 -0.0185695 -0.0007091 0.000729572 -0.0185695 0.0895845 0.000727218 -0.00164671 -0.0007091 0.000727218 0.00905849 -0.0171206 0.000729572 -0.00164671 -0.0171206 0.0865669 
0.0102512 -0.0183872 -0.000707514 0.000767082 -0.0183872 0.0889004 0.000775567 -0.00172937 -0.000707514 0.000775567 0.00902192 -0.0170532 0.000767082 -0.00172937 -0.0170532 0.0860701 
0.0103419 -0.0184735 -0.000693712 0.000777825 -0.0184735 0.0894721 0.000792441 -0.00180565 -0.000693712 0.000792441 0.00905824 -0.0172223 0.000777825 -0.00180565 -0.0172223 0.0868622 
0.0103308 -0.0184264 -0.000680599 0.000760472 -0.0184264 0.0891429 0.000774856 -0.00180649 -0.000680599 0.000774856 0.00899782 -0.0171113 0.000760472 -0.00180649 -0.0171113 0.0865198 
0.0103067 -0.0183727 -0.000667225 0.000745716 -0.0183727 0.0887848 0.000755648 -0.00177497 -0.000667225 0.000755648 0.00893004 -0.0169793 0.000745716 -0.00177497 -0.0169793 0.0859735 
0.0103674 -0.0185408 -0.000666658 0.00074785 -0.0185408 0.0894879 0.000746269 -0.00176788 -0.000666658 0.000746269 0.00900754 -0.0170379 0.00074785 -0.00176788 -0.0170379 0.0863647 
0.0103168 -0.0185037 -0.000641834 0.000737567 -0.0185037 0.089356 0.000725013 -0.00172702 -0.000641834 0.000725013 0.00902554 -0.0170058 0.000737567 -0.00172702 -0.0170058 0.0860782 
0.0102841 -0.0184142 -0.000605607 0.000706159 -0.0184142 0.0890526 0.000686447 -0.00165098 -0.000605607 0.000686447 0.00900904 -0.0170052 0.000706159 -0.00165098 -0.0170052 0.0858668 
0.0103097 -0.0184335 -0.000615429 0.000663885 -0.0184335 0.089152 0.000646692 -0.00155632 -0.000615429 0.000646692 0.00900362 -0.0170663 0.000663885 -0.00155632 -0.0170663 0.0861175 
0.0103414 -0.0184605 -0.000606946 0.000673081 -0.0184605 0.0892254 0.000668825 -0.00154016 -0.000606946 0.000668825 0.00897935 -0.0170564 0.000673081 -0.00154016 -0.0170564 0.0861906 
0.0104406 -0.0186007 -0.000596793 0.000657395 -0.0186007 0.0898045 0.000666075 -0.00153098 -0.000596793 0.000666075 0.00899275 -0.0171103 0.000657395 -0.00153098 -0.0171103 0.0866011 
0.0104527 -0.0186021 -0.000594497 0.000636466 -0.0186021 0.0896964 0.000650968 -0.00149211 -0.000594497 0.000650968 0.00893785 -0.0170347 0.000636466 -0.00149211 -0.0170347 0.0863265 
0.0104457 -0.0186668 -0.000602343 0.000648522 -0.0186668 0.0899023 0.000660026 -0.00150698 -0.000602343 0.000660026 0.00896282 -0.0170117 0.000648522 -0.00150698 -0.0170117 0.0863222 
0.0103995 -0.018661 -0.000594722 0.000661729 -0.018661 0.0899875 0.000662163 -0.00152787 -0.000594722 0.000662163 0.00901379 -0.0170424 0.000661729 -0.00152787 -0.0170424 0.0863742 
0.0103479 -0.0185804 -0.000604543 0.000659409 -0.0185804 0.0898312 0.000653505 -0.00153381 -0.000604543 0.000653505 0.00904731 -0.0170986 0.000659409 -0.00153381 -0.0170986 0.0864559 
0.0103201 -0.0185207 -0.000609268 0.00066248 -0.0185207 0.0896934 0.000657799 -0.00152596 -0.000609268 0.000657799 0.00907057 -0.017155 0.00066248 -0.00152596 -0.017155 0.0866283 
0.010291 -0.0184838 -0.000593819 0.000667594 -0.0184838 0.0895534 0.000666797 -0.00153984 -0.000593819 0.000666797 0.00908563 -0.01716 0.000667594 -0.00153984 -0.01716 0.0866557 
0.0102894 -0.0184462 -0.000588806 0.000643789 -0.0184462 0.0894257 0.000649436 -0.00151039 -0.000588806 0.000649436 0.00907846 -0.0171631 0.000643789 -0.00151039 -0.0171631 0.0866311 
0.0101799 -0.0183147 -0.000581122 0.000627137 -0.0183147 0.0887571 0.000636343 -0.00146059 -0.000581122 0.000636343 0.00905102 -0.0170467 0.000627137 -0.00146059 -0.0170467 0.0860456 
0.0101662 -0.0182755 -0.000561158 0.000623789 -0.0182755 0.0886835 0.000629976 -0.00144068 -0.000561158 0.000629976 0.00905769 -0.0170751 0.000623789 -0.00144068 -0.0170751 0.0860663 
0.0101922 -0.0183238 -0.000557669 0.000615445 -0.0183238 0.0889386 0.000619056 -0.00143671 -0.000557669 0.000619056 0.00911286 -0.0171494 0.000615445 -0.00143671 -0.0171494 0.0864165 
0.0101972 -0.0183411 -0.000565397 0.000610413 -0.0183411 0.0890491 0.000610293 -0.00142045 -0.000565397 0.000610293 0.00913404 -0.0172089 0.000610413 -0.00142045 -0.0172089 0.0866293 
0.0102414 -0.0183378 -0.000591056 0.000630488 -0.0183378 0.0890724 0.000623271 -0.00144859 -0.000591056 0.000623271 0.00910678 -0.0172397 0.000630488 -0.00144859 -0.0172397 0.0867667 
0.0102802 -0.0183978 -0.000613613 0.000671252 -0.0183978 0.0892055 0.00065964 -0.00153191 -0.000613613 0.00065964 0.00909228 -0.0172206 0.000671252 -0.00153191 -0.0172206 0.0868341 
0.0102625 -0.0183343 -0.000600502 0.000690956 -0.0183343 0.088797 0.000683701 -0.00159932 -0.000600502 0.000683701 0.00902008 -0.017087 0.000690956 -0.00159932 -0.017087 0.0862568 
0.0103054 -0.0184074 -0.000579985 0.000659678 -0.0184074 0.089025 0.00065698 -0.00156196 -0.000579985 0.00065698 0.00898956 -0.0170786 0.000659678 -0.00156196 -0.0170786 0.0862753 
0.0103505 -0.0184927 -0.000587541 0.000636951 -0.0184927 0.0893665 0.000634997 -0.00150539 -0.000587541 0.000634997 0.00897073 -0.0170765 0.000636951 -0.00150539 -0.0170765 0.0863992 
0.0104285 -0.0185912 -0.000595456 0.000636455 -0.0185912 0.0897886 0.000634849 -0.0014662 -0.000595456 0.000634849 0.00894036 -0.0170684 0.000636455 -0.0014662 -0.0170684 0.0865302 
0.0103754 -0.0184983 -0.000603718 0.000651437 -0.0184983 0.089228 0.000651607 -0.00148881 -0.000603718 0.000651607 0.00884856 -0.0168694 0.000651437 -0.00148881 -0.0168694 0.0857113 
0.0103507 -0.0185146 -0.000594255 0.000667749 -0.0185146 0.0892526 0.000667466 -0.0015317 -0.000594255 0.000667466 0.00886528 -0.0168203 0.000667749 -0.0015317 -0.0168203 0.0855092 
0.0104104 -0.0186 -0.000600119 0.000663485 -0.0186 0.0897883 0.000665642 -0.00155459 -0.000600119 0.000665642 0.00892859 -0.0169581 0.000663485 -0.00155459 -0.0169581 0.0860437 
0.0103562 -0.0185287 -0.000577193 0.000655738 -0.0185287 0.0894286 0.00065929 -0.00153202 -0.000577193 0.00065929 0.00891725 -0.0168989 0.000655738 -0.00153202 -0.0168989 0.0857315 
0.010415 -0.0186025 -0.000564015 0.000632605 -0.0186025 0.0898367 0.000631756 -0.00148486 -0.000564015 0.000631756 0.00896567 -0.0170101 0.000632605 -0.00148486 -0.0170101 0.0861968 
0.0103068 -0.0184747 -0.00056715 0.000612403 -0.0184747 0.0891865 0.000603681 -0.00141847 -0.00056715 0.000603681 0.00893445 -0.0169105 0.000612403 -0.00141847 -0.0169105 0.0856623 
0.0103005 -0.0184868 -0.000556209 0.000612349 -0.0184868 0.089372 0.000601372 -0.00138059 -0.000556209 0.000601372 0.00897394 -0.0169918 0.000612349 -0.00138059 -0.0169918 0.0859694 
0.0102878 -0.0184541 -0.000545538 0.000602561 -0.0184541 0.0893329 0.000596494 -0.00136534 -0.000545538 0.000596494 0.00898457 -0.0170277 0.000602561 -0.00136534 -0.0170277 0.0861146 
0.0102749 -0.0183907 -0.000534732 0.000589499 -0.0183907 0.0890816 0.000590973 -0.00134992 -0.000534732 0.000590973 0.00895503 -0.0170093 0.000589499 -0.00134992 -0.0170093 0.0860269 
0.0102229 -0.0183781 -0.000531738 0.000581817 -0.0183781 0.0889601 0.0005885 -0.00134577 -0.000531738 0.0005885 0.00898122 -0.0169657 0.000581817 -0.00134577 -0.0169657 0.0859077 
0.0102417 -0.0183995 -0.000544529 0.000586868 -0.0183995 0.0892174 0.000591298 -0.00135916 -0.000544529 0.000591298 0.00904204 -0.0170651 0.000586868 -0.00135916 -0.0170651 0.0862512 
0.0102706 -0.0184363 -0.000550559 0.000601676 -0.0184363 0.0894319 0.000602825 -0.00138304 -0.000550559 0.000602825 0.00907929 -0.0171538 0.000601676 -0.00138304 -0.0171538 0.0865985 
0.0102012 -0.0182971 -0.00054775 0.000602219 -0.0182971 0.0887432 0.000597792 -0.00138449 -0.00054775 0.000597792 0.00900354 -0.0170427 0.000602219 -0.00138449 -0.0170427 0.0860256 
0.0102145 -0.0183533 -0.00052778 0.000600398 -0.0183533 0.0889907 0.000594204 -0.00137607 -0.00052778 0.000594204 0.00903296 -0.017084 0.000600398 -0.00137607 -0.017084 0.0862866 
0.0102502 -0.0183719 -0.000503031 0.000579652 -0.0183719 0.0891507 0.000574669 -0.00134524 -0.000503031 0.000574669 0.00903025 -0.0171273 0.000579652 -0.00134524 -0.0171273 0.0864887 
0.0102819 -0.0184029 -0.000485738 0.000549707 -0.0184029 0.0892218 0.000545214 -0.00128496 -0.000485738 0.000545214 0.00901205 -0.0171041 0.000549707 -0.00128496 -0.0171041 0.0864919 
0.0103041 -0.0183763 -0.000457212 0.000524845 -0.0183763 0.0890076 0.000516305 -0.0012088 -0.000457212 0.000516305 0.00894068 -0.0170229 0.000524845 -0.0012088 -0.0170229 0.0861591 
0.0103819 -0.0185426 -0.000440992 0.000499862 -0.0185426 0.0896184 0.000488887 -0.00114639 -0.000440992 0.000488887 0.00898522 -0.0170609 0.000499862 -0.00114639 -0.0170609 0.0865114 
0.0102936 -0.0184307 -0.000453856 0.00046976 -0.0184307 0.0890406 0.00045898 -0.00106447 -0.000453856 0.00045898 0.00892741 -0.0169256 0.00046976 -0.00106447 -0.0169256 0.0857881 
0.01039 -0.0185614 -0.00046873 0.000495987 -0.0185614 0.0897476 0.000488943 -0.00108531 -0.00046873 0.000488943 0.00898675 -0.017073 0.000495987 -0.00108531 -0.017073 0.0864604 
0.0103405 -0.0185393 -0.000491184 0.000499106 -0.0185393 0.0895941 0.000502849 -0.00110596 -0.000491184 0.000502849 0.00899762 -0.0170429 0.000499106 -0.00110596 -0.0170429 0.086334 
0.0103067 -0.0185092 -0.000504212 0.000516274 -0.0185092 0.0895514 0.000530993 -0.00114249 -0.000504212 0.000530993 0.00902308 -0.0170613 0.000516274 -0.00114249 -0.0170613 0.0863398 
0.010254 -0.0183923 -0.000498908 0.000546857 -0.0183923 0.0891065 0.00056085 -0.00122623 -0.000498908 0.00056085 0.00901193 -0.0170347 0.000546857 -0.00122623 -0.0170347 0.0860879 
0.0102981 -0.018463 -0.000461462 0.000537608 -0.018463 0.0894508 0.000544872 -0.00123392 -0.000461462 0.000544872 0.0090665 -0.0171383 0.000537608 -0.00123392 -0.0171383 0.0865524 
0.0102886 -0.0184749 -0.00043716 0.000505092 -0.0184749 0.0895154 0.000505091 -0.00118662 -0.00043716 0.000505091 0.00909264 -0.01719 0.000505092 -0.00118662 -0.01719 0.0867506 
0.0101509 -0.018299 -0.000431373 0.000464584 -0.018299 0.0887429 0.000462092 -0.00108273 -0.000431373 0.000462092 0.00905622 -0.0170764 0.000464584 -0.00108273 -0.0170764 0.0861376 
0.0101846 -0.0183727 -0.000453715 0.000459639 -0.0183727 0.0892763 0.000458584 -0.00103323 -0.000453715 0.000458584 0.00913557 -0.0172298 0.000459639 -0.00103323 -0.0172298 0.0868147 
0.0101036 -0.0182465 -0.000481587 0.000494719 -0.0182465 0.088803 0.000491327 -0.00108502 -0.000481587 0.000491327 0.00914074 -0.0171929 0.000494719 -0.00108502 -0.0171929 0.0865838 
0.0101521 -0.0182757 -0.000463962 0.000536772 -0.0182757 0.0890478 0.000532721 -0.00118433 -0.000463962 0.000532721 0.00918291 -0.017297 0.000536772 -0.00118433 -0.017297 0.0870078 
0.0101182 -0.0182692 -0.000444523 0.000506664 -0.0182692 0.0889453 0.000509536 -0.00118223 -0.000444523 0.000509536 0.00920509 -0.017291 0.000506664 -0.00118223 -0.017291 0.0869858 
0.0101208 -0.0182648 -0.000450759 0.000480215 -0.0182648 0.0890216 0.00048877 -0.00113193 -0.000450759 0.00048877 0.00921918 -0.017348 0.000480215 -0.00113193 -0.017348 0.0871652 
0.0101425 -0.0182272 -0.000457384 0.000472737 -0.0182272 0.088839 0.000484675 -0.00108464 -0.000457384 0.000484675 0.00916126 -0.0173047 0.000472737 -0.00108464 -0.0173047 0.0869928 
0.0101259 -0.0182006 -0.000479513 0.000476163 -0.0182006 0.0885474 0.000490922 -0.00107476 -0.000479513 0.000490922 0.00910597 -0.0171842 0.000476163 -0.00107476 -0.0171842 0.0865517 
0.0101256 -0.0182306 -0.000505675 0.000520127 -0.0182306 0.0886322 0.000531191 -0.00115794 -0.000505675 0.000531191 0.00909637 -0.0171622 0.000520127 -0.00115794 -0.0171622 0.0864719 
0.0101323 -0.0182518 -0.000505856 0.000557668 -0.0182518 0.0887453 0.000568395 -0.0012604 -0.000505856 0.000568395 0.00909653 -0.0171509 0.000557668 -0.0012604 -0.0171509 0.0864445 
0.0101201 -0.0183097 -0.000495024 0.00056392 -0.0183097 0.0890431 0.000575327 -0.00132167 -0.000495024 0.000575327 0.00916471 -0.0171939 0.00056392 -0.00132167 -0.0171939 0.0866563 
0.0101445 -0.0182929 -0.000478123 0.000534061 -0.0182929 0.0891221 0.000541106 -0.00127099 -0.000478123 0.000541106 0.00916582 -0.0172534 0.000534061 -0.00127099 -0.0172534 0.0867907 
0.0101649 -0.0182742 -0.000477006 0.00052192 -0.0182742 0.0889849 0.000518277 -0.00122122 -0.000477006 0.000518277 0.009127 -0.0172329 0.00052192 -0.00122122 -0.0172329 0.0867317 
0.0102096 -0.0183097 -0.000497699 0.000526213 -0.0183097 0.0890318 0.000516857 -0.00120383 -0.000497699 0.000516857 0.00908596 -0.0172066 0.000526213 -0.00120383 -0.0172066 0.0867127 
0.0102147 -0.0183373 -0.000510718 0.000543935 -0.0183373 0.0889802 0.000534861 -0.00121911 -0.000510718 0.000534861 0.00905161 -0.0171035 0.000543935 -0.00121911 -0.0171035 0.0863853 
0.0101733 -0.0183527 -0.000517247 0.000569102 -0.0183527 0.0890101 0.00056299 -0.0012866 -0.000517247 0.00056299 0.00907739 -0.0170709 0.000569102 -0.0012866 -0.0170709 0.0862176 
0.0101421 -0.0183124 -0.000500197 0.000579779 -0.0183124 0.0889652 0.000574934 -0.00133733 -0.000500197 0.000574934 0.00910335 -0.0170953 0.000579779 -0.00133733 -0.0170953 0.0861768 
0.0101698 -0.0183508 -0.000495679 0.000548434 -0.0183508 0.0892669 0.000550358 -0.00130273 -0.000495679 0.000550358 0.0091472 -0.0172178 0.000548434 -0.00130273 -0.0172178 0.0866502 
0.0101583 -0.0183324 -0.000506447 0.000536624 -0.0183324 0.0892284 0.000540982 -0.00126016 -0.000506447 0.000540982 0.00915628 -0.0172466 0.000536624 -0.00126016 -0.0172466 0.0867962 
0.0101159 -0.0182736 -0.00052141 0.000558306 -0.0182736 0.0889803 0.000562884 -0.00128639 -0.00052141 0.000562884 0.00916568 -0.0172114 0.000558306 -0.00128639 -0.0172114 0.0866504 
0.0100886 -0.0182182 -0.000538853 0.000576094 -0.0182182 0.0887741 0.000582912 -0.00133357 -0.000538853 0.000582912 0.00917541 -0.0172162 0.000576094 -0.00133357 -0.0172162 0.0865695 
0.0101356 -0.018256 -0.000554255 0.000592597 -0.018256 0.0889645 0.000596734 -0.0013705 -0.000554255 0.000596734 0.00917233 -0.0172857 0.000592597 -0.0013705 -0.0172857 0.0868533 
0.0101156 -0.018307 -0.000553233 0.000607416 -0.018307 0.0890941 0.000609325 -0.00139844 -0.000553233 0.000609325 0.0092081 -0.0172591 0.000607416 -0.00139844 -0.0172591 0.0868769 
0.0101074 -0.018281 -0.000530608 0.000609445 -0.018281 0.0890838 0.000609911 -0.00141507 -0.000530608 0.000609911 0.00923482 -0.0172741 0.000609445 -0.00141507 -0.0172741 0.0868272 
0.0101056 -0.0183009 -0.00050051 0.000571095 -0.0183009 0.0891806 0.00057481 -0.00135182 -0.00050051 0.00057481 0.00929391 -0.0173259 0.000571095 -0.00135182 -0.0173259 0.0869692 
0.0100529 -0.0182004 -0.000490045 0.000524231 -0.0182004 0.0887787 0.000528322 -0.0012376 -0.000490045 0.000528322 0.00928469 -0.0173436 0.000524231 -0.0012376 -0.0173436 0.0868198 
0.010098 -0.0182435 -0.000503227 0.000521606 -0.0182435 0.0890473 0.000522776 -0.00119161 -0.000503227 0.000522776 0.00931083 -0.0174718 0.000521606 -0.00119161 -0.0174718 0.087383 
0.0101334 -0.0182285 -0.00049924 0.000542931 -0.0182285 0.088954 0.000538925 -0.00121339 -0.00049924 0.000538925 0.0092545 -0.0174699 0.000542931 -0.00121339 -0.0174699 0.0874745 
0.0100754 -0.0181274 -0.000490261 0.000535382 -0.0181274 0.0882892 0.000533172 -0.00121786 -0.000490261 0.000533172 0.00914134 -0.0172622 0.000535382 -0.00121786 -0.0172622 0.0867093 
0.0101405 -0.0182535 -0.000517561 0.000544796 -0.0182535 0.0888379 0.000549612 -0.00126279 -0.000517561 0.000549612 0.00917867 -0.0172981 0.000544796 -0.00126279 -0.0172981 0.0870371 
0.0101646 -0.0183192 -0.000549967 0.000571805 -0.0183192 0.0891146 0.000587313 -0.0013306 -0.000549967 0.000587313 0.00920891 -0.0173072 0.000571805 -0.0013306 -0.0173072 0.0871104 
0.0100834 -0.0181909 -0.000558781 0.000589959 -0.0181909 0.0885234 0.000605926 -0.00136786 -0.000558781 0.000605926 0.00915273 -0.0172001 0.000589959 -0.00136786 -0.0172001 0.0864859 
0.0100801 -0.0181771 -0.000537464 0.000610808 -0.0181771 0.0885277 0.000615478 -0.00141083 -0.000537464 0.000615478 0.00915581 -0.0172299 0.000610808 -0.00141083 -0.0172299 0.0865813 
0.010182 -0.0182816 -0.000534196 0.000593977 -0.0182816 0.0890499 0.000586911 -0.00139271 -0.000534196 0.000586911 0.00917612 -0.0173359 0.000593977 -0.00139271 -0.0173359 0.0871494 
0.0101261 -0.0181989 -0.000532016 0.00058572 -0.0181989 0.0884564 0.000571018 -0.00135008 -0.000532016 0.000571018 0.00909731 -0.0171469 0.00058572 -0.00135008 -0.0171469 0.0863884 
0.0101859 -0.0182235 -0.000541121 0.000599572 -0.0182235 0.088545 0.000578301 -0.00136537 -0.000541121 0.000578301 0.00904725 -0.017144 0.000599572 -0.00136537 -0.017144 0.0863482 
0.010227 -0.018342 -0.000545004 0.000611331 -0.018342 0.08889 0.000582977 -0.00138426 -0.000545004 0.000582977 0.00904098 -0.0171083 0.000611331 -0.00138426 -0.0171083 0.0863927 
0.0102426 -0.0183899 -0.000564403 0.000610407 -0.0183899 0.0891 0.000580674 -0.00138194 -0.000564403 0.000580674 0.00903097 -0.0170825 0.000610407 -0.00138194 -0.0170825 0.0863208 
0.0102441 -0.0184176 -0.000573154 0.000634954 -0.0184176 0.0892835 0.000615715 -0.00142988 -0.000573154 0.000615715 0.00904647 -0.0170998 0.000634954 -0.00142988 -0.0170998 0.0864094 
0.0102362 -0.0183812 -0.000576833 0.000638067 -0.0183812 0.089168 0.000629779 -0.00146772 -0.000576833 0.000629779 0.00902862 -0.0170722 0.000638067 -0.00146772 -0.0170722 0.0862652 
0.0102281 -0.0183624 -0.000561042 0.000635754 -0.0183624 0.0890616 0.00063778 -0.00148114 -0.000561042 0.00063778 0.00901932 -0.0170475 0.000635754 -0.00148114 -0.0170475 0.0861539 
0.0103093 -0.0184442 -0.000525241 0.000621652 -0.0184442 0.0894628 0.000637652 -0.00148771 -0.000525241 0.000637652 0.00904475 -0.0171399 0.000621652 -0.00148771 -0.0171399 0.0865882 
0.0102885 -0.0184491 -0.000495151 0.000562244 -0.0184491 0.0893609 0.000586896 -0.00139016 -0.000495151 0.000586896 0.00904181 -0.0171054 0.000562244 -0.00139016 -0.0171054 0.0864756 
0.0103018 -0.0184606 -0.000458063 0.000533646 -0.0184606 0.0894599 0.000554982 -0.00130226 -0.000458063 0.000554982 0.00904798 -0.0171438 0.000533646 -0.00130226 -0.0171438 0.0866164 
0.0103348 -0.0184542 -0.000464142 0.000489303 -0.0184542 0.0894188 0.00050498 -0.00119412 -0.000464142 0.00050498 0.00900972 -0.0171382 0.000489303 -0.00119412 -0.0171382 0.086618 
0.010295 -0.0183892 -0.000494444 0.000503629 -0.0183892 0.0889674 0.000511953 -0.0011674 -0.000494444 0.000511953 0.00895896 -0.0170095 0.000503629 -0.0011674 -0.0170095 0.0861087 
0.0103141 -0.0184791 -0.0005034 0.000550043 -0.0184791 0.0893302 0.000547976 -0.0012331 -0.0005034 0.000547976 0.00900866 -0.0170533 0.000550043 -0.0012331 -0.0170533 0.0863309 
0.0102376 -0.0183917 -0.000500735 0.000550017 -0.0183917 0.0889776 0.000538722 -0.00124154 -0.000500735 0.000538722 0.00900235 -0.0170049 0.000550017 -0.00124154 -0.0170049 0.0859803 
0.0102802 -0.0184205 -0.00050897 0.000553341 -0.0184205 0.0892478 0.000536405 -0.00124209 -0.00050897 0.000536405 0.00903716 -0.0171085 0.000553341 -0.00124209 -0.0171085 0.086375 
0.0103223 -0.0184428 -0.000521513 0.000550881 -0.0184428 0.0893253 0.000535182 -0.00122273 -0.000521513 0.000535182 0.00902253 -0.0171409 0.000550881 -0.00122273 -0.0171409 0.086553 
0.0103135 -0.0183987 -0.000518667 0.000558006 -0.0183987 0.0889997 0.000548743 -0.0012254 -0.000518667 0.000548743 0.00894359 -0.0170483 0.000558006 -0.0012254 -0.0170483 0.0862015 
0.0103228 -0.018447 -0.000513959 0.000569423 -0.018447 0.0891366 0.000564179 -0.00126979 -0.000513959 0.000564179 0.0089441 -0.0170137 0.000569423 -0.00126979 -0.0170137 0.086198 
0.0103837 -0.0185054 -0.000523986 0.000565907 -0.0185054 0.0894597 0.000561543 -0.00128638 -0.000523986 0.000561543 0.00893239 -0.0170633 0.000565907 -0.00128638 -0.0170633 0.0864458 
0.0104247 -0.0185867 -0.000534057 0.00058042 -0.0185867 0.0897273 0.000574102 -0.00131305 -0.000534057 0.000574102 0.0089339 -0.0170363 0.00058042 -0.00131305 -0.0170363 0.0865092 
0.0103012 -0.0184348 -0.000542227 0.000584511 -0.0184348 0.0889698 0.000579557 -0.00132732 -0.000542227 0.000579557 0.0088784 -0.0168539 0.000584511 -0.00132732 -0.0168539 0.0856159 
0.0103333 -0.0185155 -0.000539698 0.000595899 -0.0185155 0.0894797 0.000598825 -0.00135959 -0.000539698 0.000598825 0.0089634 -0.0169698 0.000595899 -0.00135959 -0.0169698 0.086083 
0.01028 -0.0184106 -0.000528786 0.000585105 -0.0184106 0.0890831 0.000596246 -0.0013626 -0.000528786 0.000596246 0.00895679 -0.0169546 0.000585105 -0.0013626 -0.0169546 0.0858499 
0.0102891 -0.0183832 -0.00054184 0.000574601 -0.0183832 0.0889877 0.000588143 -0.00135049 -0.00054184 0.000588143 0.00894542 -0.0169878 0.000574601 -0.00135049 -0.0169878 0.0859332 
0.0102836 -0.0183831 -0.000578499 0.000596845 -0.0183831 0.0889185 0.000600677 -0.0013715 -0.000578499 0.000600677 0.008939 -0.0169694 0.000596845 -0.0013715 -0.0169694 0.0859136 
