0.00597618 0 7.63382e-05 0 0 0.00996822 0 0 7.63382e-05 0 0.00806 0 0 0 0 0.00996822 
0.0085108 -0.0105934 5.11069e-05 -6.25256e-05 -0.0105934 0.0293951 -6.25256e-05 0.000119552 5.11069e-05 -6.25256e-05 0.0112265 -0.0139067 -6.25256e-05 0.000119552 -0.0139067 0.0357478 
0.00875388 -0.0166196 4.1009e-05 -2.67897e-05 -0.0166196 0.0623092 -2.67897e-05 7.66608e-05 4.1009e-05 -2.67897e-05 0.0110528 -0.020245 -2.67897e-05 7.66608e-05 -0.020245 0.0736396 
0.0083223 -0.0169601 6.82068e-05 1.04374e-05 -0.0169601 0.0775893 -2.01613e-06 -0.000164991 6.82068e-05 -2.01613e-06 0.0103943 -0.0192236 1.04374e-05 -0.000164991 -0.0192236 0.0846734 
0.00830134 -0.0166305 0.000113656 -4.0662e-06 -0.0166305 0.0829755 -2.66733e-05 -0.000330426 0.000113656 -2.66733e-05 0.0105192 -0.0186993 -4.0662e-06 -0.000330426 -0.0186993 0.087501 
0.00832794 -0.0163062 0.000179971 -7.57703e-05 -0.0163062 0.0836026 -8.95452e-05 -0.000203752 0.000179971 -8.95452e-05 0.0106188 -0.0186715 -7.57703e-05 -0.000203752 -0.0186715 0.0883 
0.00852731 -0.016488 0.000204988 -0.000187848 -0.016488 0.0848767 -0.000191979 0.000106894 0.000204988 -0.000191979 0.0108067 -0.0190294 -0.000187848 0.000106894 -0.0190294 0.0902844 
0.00856711 -0.016462 0.00018881 -0.000218393 -0.016462 0.0845855 -0.000210357 0.000302269 0.00018881 -0.000210357 0.0107365 -0.0189465 -0.000218393 0.000302269 -0.0189465 0.090197 
0.00865683 -0.01665 0.000183206 -0.000206555 -0.01665 0.0853041 -0.000181584 0.000341095 0.000183206 -0.000181584 0.0108033 -0.0190237 -0.000206555 0.000341095 -0.0190237 0.0908051 
0.00860307 -0.0166362 0.000163789 -0.000192937 -0.0166362 0.0851469 -0.000154827 0.000299553 0.000163789 -0.000154827 0.0108013 -0.0189365 -0.000192937 0.000299553 -0.0189365 0.0904083 
0.00863018 -0.016642 0.000146706 -0.00016853 -0.016642 0.0853216 -0.000133378 0.000247335 0.000146706 -0.000133378 0.0108255 -0.0190184 -0.00016853 0.000247335 -0.0190184 0.0906052 
0.008604 -0.0165375 0.000129192 -0.000134684 -0.0165375 0.0847223 -0.000115376 0.000177202 0.000129192 -0.000115376 0.0107274 -0.0188918 -0.000134684 0.000177202 -0.0188918 0.0899915 
0.00870183 -0.0166962 0.000145655 -0.000100044 -0.0166962 0.0853658 -9.94166e-05 0.000101413 0.000145655 -9.94166e-05 0.0107703 -0.0189882 -0.000100044 0.000101413 -0.0189882 0.0905363 
0.00873265 -0.0167762 0.000165629 -0.000113806 -0.0167762 0.085616 -0.000119644 9.01146e-05 0.000165629 -0.000119644 0.0107566 -0.018978 -0.000113806 9.01146e-05 -0.018978 0.0905688 
0.0087709 -0.0168148 0.00018026 -0.000146332 -0.0168148 0.0857681 -0.000150239 0.000151127 0.00018026 -0.000150239 0.0107216 -0.0189528 -0.000146332 0.000151127 -0.0189528 0.0905176 
0.00876901 -0.0168725 0.000157452 -0.000164772 -0.0168725 0.085951 -0.000166108 0.000206236 0.000157452 -0.000166108 0.0107335 -0.0189214 -0.000164772 0.000206236 -0.0189214 0.0904879 
0.00873909 -0.0168726 0.000145339 -0.000144438 -0.0168726 0.0860285 -0.000144359 0.000204067 0.000145339 -0.000144359 0.0107506 -0.0189243 -0.000144438 0.000204067 -0.0189243 0.0904567 
0.00868121 -0.0167661 0.000137394 -0.000130889 -0.0167661 0.0856562 -0.000132405 0.000180455 0.000137394 -0.000132405 0.0107345 -0.0188819 -0.000130889 0.000180455 -0.0188819 0.0901703 
0.008661 -0.0166631 0.000142425 -0.000124527 -0.0166631 0.0852296 -0.000126155 0.000166726 0.000142425 -0.000126155 0.0106886 -0.018844 -0.000124527 0.000166726 -0.018844 0.0899117 
0.00870927 -0.0167621 0.000156772 -0.000137547 -0.0167621 0.0856239 -0.000143634 0.000196945 0.000156772 -0.000143634 0.0107384 -0.0189214 -0.000137547 0.000196945 -0.0189214 0.0903491 
0.0086993 -0.0167265 0.000149814 -0.000139495 -0.0167265 0.0854311 -0.000149632 0.000201494 0.000149814 -0.000149632 0.0107129 -0.0188904 -0.000139495 0.000201494 -0.0188904 0.0901801 
0.00873683 -0.0167667 0.000121636 -0.000123596 -0.0167667 0.0856197 -0.000136479 0.000172834 0.000121636 -0.000136479 0.0107194 -0.0189504 -0.000123596 0.000172834 -0.0189504 0.0904594 
0.0087561 -0.0168141 9.6492e-05 -8.88044e-05 -0.0168141 0.0857846 -9.89362e-05 0.000101172 9.6492e-05 -9.89362e-05 0.0107304 -0.0189612 -8.88044e-05 0.000101172 -0.0189612 0.0906102 
0.00869116 -0.0167091 8.79964e-05 -7.14603e-05 -0.0167091 0.085228 -7.52057e-05 4.8418e-05 8.79964e-05 -7.52057e-05 0.0106466 -0.0188154 -7.14603e-05 4.8418e-05 -0.0188154 0.0899505 
0.00874234 -0.0167393 8.72617e-05 -6.59495e-05 -0.0167393 0.085429 -6.52023e-05 1.87511e-05 8.72617e-05 -6.52023e-05 0.0106298 -0.0188548 -6.59495e-05 1.87511e-05 -0.0188548 0.0901583 
0.00872835 -0.0167515 8.37294e-05 -6.14581e-05 -0.0167515 0.0853628 -6.36471e-05 4.85699e-06 8.37294e-05 -6.36471e-05 0.01061 -0.0187756 -6.14581e-05 4.85699e-06 -0.0187756 0.0899532 
0.00874012 -0.0167217 7.82201e-05 -5.91789e-05 -0.0167217 0.0852516 -6.37362e-05 3.91271e-06 7.82201e-05 -6.37362e-05 0.0105752 -0.0187373 -5.91789e-05 3.91271e-06 -0.0187373 0.0897542 
0.00875747 -0.016793 7.97837e-05 -5.29353e-05 -0.016793 0.0854939 -5.44853e-05 -9.27797e-06 7.97837e-05 -5.44853e-05 0.0105973 -0.0187444 -5.29353e-05 -9.27797e-06 -0.0187444 0.0898617 
0.0087547 -0.0169015 0.000115068 -7.39375e-05 -0.0169015 0.0860427 -6.75285e-05 2.82284e-05 0.000115068 -6.75285e-05 0.0107003 -0.0188257 -7.39375e-05 2.82284e-05 -0.0188257 0.0902545 
0.00870975 -0.0167771 0.000137117 -0.000114646 -0.0167771 0.0856794 -0.000103575 9.94286e-05 0.000137117 -0.000103575 0.0106778 -0.0188307 -0.000114646 9.94286e-05 -0.0188307 0.0900421 
0.00871558 -0.016709 0.000117111 -0.000135563 -0.016709 0.0854121 -0.000127439 0.000164254 0.000117111 -0.000127439 0.0106555 -0.0188466 -0.000135563 0.000164254 -0.0188466 0.0900646 
0.00875871 -0.0167376 0.000114588 -0.000112193 -0.0167376 0.0854138 -0.000108311 0.000161741 0.000114588 -0.000108311 0.0106334 -0.0188436 -0.000112193 0.000161741 -0.0188436 0.0901349 
0.00879373 -0.0168717 0.000118336 -0.000100943 -0.0168717 0.0859119 -0.000101245 0.000127857 0.000118336 -0.000101245 0.0106952 -0.0189011 -0.000100943 0.000127857 -0.0189011 0.0905194 
0.00870668 -0.0167916 0.000103465 -0.000100167 -0.0167916 0.0855524 -0.000105844 0.000113851 0.000103465 -0.000105844 0.0106679 -0.0188143 -0.000100167 0.000113851 -0.0188143 0.0900531 
0.00866317 -0.0167617 7.45266e-05 -6.216e-05 -0.0167617 0.0856285 -7.16085e-05 3.18754e-05 7.45266e-05 -7.16085e-05 0.0107369 -0.0188897 -6.216e-05 3.18754e-05 -0.0188897 0.0902926 
0.00859859 -0.0166341 5.7774e-05 -4.00566e-05 -0.0166341 0.085194 -4.72942e-05 -2.58887e-05 5.7774e-05 -4.72942e-05 0.0107401 -0.0188804 -4.00566e-05 -2.58887e-05 -0.0188804 0.0901101 
0.008673 -0.0166526 5.6723e-05 -2.82027e-05 -0.0166526 0.0853997 -2.73423e-05 -7.03057e-05 5.6723e-05 -2.73423e-05 0.0107581 -0.0190149 -2.82027e-05 -7.03057e-05 -0.0190149 0.090639 
0.00869676 -0.0166381 6.42682e-05 -2.67339e-05 -0.0166381 0.0851109 -1.75004e-05 -0.000100928 6.42682e-05 -1.75004e-05 0.0106745 -0.0189236 -2.67339e-05 -0.000100928 -0.0189236 0.090365 
0.00869519 -0.0167132 7.68646e-05 -4.03437e-05 -0.0167132 0.0852459 -3.0971e-05 -8.24104e-05 7.68646e-05 -3.0971e-05 0.0106647 -0.0188481 -4.03437e-05 -8.24104e-05 -0.0188481 0.0902096 
0.00868325 -0.01671 0.000114885 -5.27931e-05 -0.01671 0.0852928 -4.34678e-05 -5.58046e-05 0.000114885 -4.34678e-05 0.0106617 -0.0188273 -5.27931e-05 -5.58046e-05 -0.0188273 0.090077 
0.00871057 -0.0167106 0.000121232 -9.74968e-05 -0.0167106 0.0853609 -9.63306e-05 3.59526e-05 0.000121232 -9.63306e-05 0.0106492 -0.0188484 -9.74968e-05 3.59526e-05 -0.0188484 0.0901372 
0.00872802 -0.0167009 0.000116029 -0.000112165 -0.0167009 0.0852153 -0.000120782 0.000127631 0.000116029 -0.000120782 0.0105955 -0.0187806 -0.000112165 0.000127631 -0.0187806 0.0899008 
0.0088397 -0.0168694 0.000116034 -0.000113563 -0.0168694 0.0859462 -0.000129654 0.000180065 0.000116034 -0.000129654 0.0106417 -0.0188885 -0.000113563 0.000180065 -0.0188885 0.0905111 
0.00883489 -0.0168519 0.000120307 -0.000119765 -0.0168519 0.0856733 -0.000134605 0.000213859 0.000120307 -0.000134605 0.0105642 -0.018748 -0.000119765 0.000213859 -0.018748 0.0899563 
0.0088218 -0.0168711 9.79342e-05 -0.000116714 -0.0168711 0.085661 -0.000127359 0.000207306 9.79342e-05 -0.000127359 0.0105414 -0.0186837 -0.000116714 0.000207306 -0.0186837 0.0897008 
0.00881806 -0.0168707 7.65753e-05 -7.9169e-05 -0.0168707 0.0857062 -8.55434e-05 0.00012589 7.65753e-05 -8.55434e-05 0.0105244 -0.0186819 -7.9169e-05 0.00012589 -0.0186819 0.0896642 
0.00884101 -0.0168575 2.93218e-05 -4.70177e-05 -0.0168575 0.0857062 -4.99527e-05 2.43902e-05 2.93218e-05 -4.99527e-05 0.0105119 -0.0186923 -4.70177e-05 2.43902e-05 -0.0186923 0.089731 
0.00883487 -0.0168845 1.34818e-05 4.59181e-07 -0.0168845 0.0857417 2.15016e-06 -8.46992e-05 1.34818e-05 2.15016e-06 0.0105246 -0.0186755 4.59181e-07 -8.46992e-05 -0.0186755 0.0897323 
0.0088753 -0.0169712 2.9643e-05 1.08133e-05 -0.0169712 0.0862157 1.43986e-05 -0.000140348 2.9643e-05 1.43986e-05 0.0105672 -0.0187805 1.08133e-05 -0.000140348 -0.0187805 0.0902018 
0.00874611 -0.0168536 3.97256e-05 -4.04801e-06 -0.0168536 0.0856428 -4.35331e-06 -0.000132313 3.97256e-05 -4.35331e-06 0.010546 -0.018634 -4.04801e-06 -0.000132313 -0.018634 0.0895669 
0.00869255 -0.0167459 5.98851e-05 -1.49676e-05 -0.0167459 0.0854395 -1.87343e-05 -0.00010139 5.98851e-05 -1.87343e-05 0.0105909 -0.0186969 -1.49676e-05 -0.00010139 -0.0186969 0.0896355 
0.00874717 -0.0167682 5.73287e-05 -3.83156e-05 -0.0167682 0.0857242 -4.34912e-05 -5.17215e-05 5.73287e-05 -4.34912e-05 0.0106681 -0.0188806 -3.83156e-05 -5.17215e-05 -0.0188806 0.0903598 
0.00877465 -0.0167088 4.8989e-05 -4.86653e-05 -0.0167088 0.0853283 -4.85894e-05 -4.15488e-06 4.8989e-05 -4.85894e-05 0.0105851 -0.018837 -4.86653e-05 -4.15488e-06 -0.018837 0.0901712 
0.0088228 -0.0167817 4.10653e-05 -4.63347e-05 -0.0167817 0.0853986 -4.04421e-05 1.21041e-05 4.10653e-05 -4.04421e-05 0.0105322 -0.0187673 -4.63347e-05 1.21041e-05 -0.0187673 0.0900745 
0.00882423 -0.0168162 2.88472e-05 -4.38102e-05 -0.0168162 0.0853811 -3.73625e-05 2.07483e-05 2.88472e-05 -3.73625e-05 0.0104806 -0.0186481 -4.38102e-05 2.07483e-05 -0.0186481 0.0896782 
0.00893259 -0.0169616 2.42491e-05 -1.94467e-05 -0.0169616 0.0861041 -1.55481e-05 -2.2382e-05 2.42491e-05 -1.55481e-05 0.0105154 -0.0187538 -1.94467e-05 -2.2382e-05 -0.0187538 0.090203 
0.008908 -0.0169385 3.73485e-05 -1.11535e-05 -0.0169385 0.0858048 -1.66613e-05 -4.36206e-05 3.73485e-05 -1.66613e-05 0.0104284 -0.0185974 -1.11535e-05 -4.36206e-05 -0.0185974 0.0895884 
0.00898451 -0.0170735 5.92576e-05 -1.84344e-05 -0.0170735 0.0864414 -3.27797e-05 -3.97927e-05 5.92576e-05 -3.27797e-05 0.0104536 -0.0186574 -1.84344e-05 -3.97927e-05 -0.0186574 0.0899636 
0.00895661 -0.0169885 3.08712e-05 -4.50627e-05 -0.0169885 0.0859659 -5.95974e-05 6.47805e-06 3.08712e-05 -5.95974e-05 0.0103622 -0.0184949 -4.50627e-05 6.47805e-06 -0.0184949 0.0892608 
0.00901094 -0.0171132 1.32195e-05 -2.79429e-05 -0.0171132 0.0864852 -2.73629e-05 3.33369e-06 1.32195e-05 -2.73629e-05 0.0104143 -0.0185536 -2.79429e-05 3.33369e-06 -0.0185536 0.0895957 
0.00898464 -0.0171191 -3.59779e-05 1.30221e-06 -0.0171191 0.086511 1.83863e-05 -8.8179e-05 -3.59779e-05 1.83863e-05 0.0104263 -0.0185499 1.30221e-06 -8.8179e-05 -0.0185499 0.0895261 
0.00899572 -0.0171065 -7.45301e-05 6.31097e-05 -0.0171065 0.0865991 8.60017e-05 -0.000232164 -7.45301e-05 8.60017e-05 0.0104454 -0.0186229 6.31097e-05 -0.000232164 -0.0186229 0.0897642 
0.0089424 -0.0169871 -7.44924e-05 0.000114575 -0.0169871 0.0860028 0.00012531 -0.000363023 -7.44924e-05 0.00012531 0.0103806 -0.0185245 0.000114575 -0.000363023 -0.0185245 0.0893042 
0.00898064 -0.0170443 -6.00009e-05 0.00011745 -0.0170443 0.0862715 0.000112429 -0.000400123 -6.00009e-05 0.000112429 0.0104244 -0.018595 0.00011745 -0.000400123 -0.018595 0.0896687 
0.0090384 -0.0171027 -6.72813e-05 0.00011091 -0.0171027 0.0865176 9.70404e-05 -0.000399453 -6.72813e-05 9.70404e-05 0.0104201 -0.0186472 0.00011091 -0.000399453 -0.0186472 0.0899237 
0.00898983 -0.0171259 -6.29618e-05 0.000105376 -0.0171259 0.086475 9.1295e-05 -0.000366513 -6.29618e-05 9.1295e-05 0.0104291 -0.0185635 0.000105376 -0.000366513 -0.0185635 0.0896842 
0.00896511 -0.0170945 -7.44734e-05 9.21316e-05 -0.0170945 0.0865055 8.11856e-05 -0.000329074 -7.44734e-05 8.11856e-05 0.0104563 -0.0185985 9.21316e-05 -0.000329074 -0.0185985 0.089709 
0.00897028 -0.0170948 -8.5568e-05 9.33383e-05 -0.0170948 0.0866242 8.80038e-05 -0.000305945 -8.5568e-05 8.80038e-05 0.0104723 -0.0186722 9.33383e-05 -0.000305945 -0.0186722 0.0899803 
0.00890092 -0.0169286 -9.1451e-05 0.000116548 -0.0169286 0.085846 0.000113103 -0.000349057 -9.1451e-05 0.000113103 0.0103773 -0.0185289 0.000116548 -0.000349057 -0.0185289 0.0893329 
0.00887399 -0.0169186 -9.74786e-05 0.000135648 -0.0169186 0.0857688 0.000129417 -0.000409181 -9.74786e-05 0.000129417 0.0103896 -0.0185089 0.000135648 -0.000409181 -0.0185089 0.0893096 
0.00887027 -0.0168849 -0.000120506 0.000143099 -0.0168849 0.0857005 0.000131236 -0.0004362 -0.000120506 0.000131236 0.010386 -0.0185279 0.000143099 -0.0004362 -0.0185279 0.089338 
0.00893039 -0.0169334 -0.000104308 0.000161789 -0.0169334 0.0859566 0.000154095 -0.000467602 -0.000104308 0.000154095 0.0104232 -0.0186042 0.000161789 -0.000467602 -0.0186042 0.0897211 
0.0089459 -0.0169842 -0.000108727 0.000140722 -0.0169842 0.0860594 0.000138395 -0.000458592 -0.000108727 0.000138395 0.010428 -0.0186086 0.000140722 -0.000458592 -0.0186086 0.0897842 
0.00894274 -0.0169718 -0.000120124 0.000137147 -0.0169718 0.0859787 0.000137445 -0.00043366 -0.000120124 0.000137445 0.0104212 -0.0185817 0.000137147 -0.00043366 -0.0185817 0.0896509 
0.00894921 -0.0169641 -0.000144948 0.000154685 -0.0169641 0.0859039 0.000151107 -0.000450784 -0.000144948 0.000151107 0.0104044 -0.0185645 0.000154685 -0.000450784 -0.0185645 0.0895366 
0.0090159 -0.0170215 -0.000166244 0.000184121 -0.0170215 0.0861185 0.000176381 -0.000500936 -0.000166244 0.000176381 0.0103596 -0.0185904 0.000184121 -0.000500936 -0.0185904 0.089684 
0.00903945 -0.017058 -0.000184296 0.000216857 -0.017058 0.0861163 0.000209334 -0.000582639 -0.000184296 0.000209334 0.0103125 -0.0184959 0.000216857 -0.000582639 -0.0184959 0.0894594 
0.00904089 -0.0171076 -0.000175752 0.0002452 -0.0171076 0.0862715 0.000242567 -0.000675508 -0.000175752 0.000242567 0.0103378 -0.0184672 0.0002452 -0.000675508 -0.0184672 0.0893946 
0.00904748 -0.017174 -0.00016809 0.000224778 -0.017174 0.0866703 0.000227191 -0.000676517 -0.00016809 0.000227191 0.0104196 -0.0185732 0.000224778 -0.000676517 -0.0185732 0.0897789 
0.0090217 -0.0170975 -0.000159841 0.000199412 -0.0170975 0.0864028 0.000200692 -0.000606293 -0.000159841 0.000200692 0.0104069 -0.0185626 0.000199412 -0.000606293 -0.0185626 0.0896055 
0.00909776 -0.0171489 -0.000181507 0.000186714 -0.0171489 0.0866374 0.000185706 -0.000549619 -0.000181507 0.000185706 0.0103957 -0.0186311 0.000186714 -0.000549619 -0.0186311 0.0899172 
0.00910903 -0.0172002 -0.000195101 0.000211093 -0.0172002 0.0866888 0.000218616 -0.000576232 -0.000195101 0.000218616 0.0103757 -0.018581 0.000211093 -0.000576232 -0.018581 0.0898438 
0.00901023 -0.0171015 -0.000191355 0.000227188 -0.0171015 0.0861481 0.000236829 -0.000623416 -0.000191355 0.000236829 0.0103046 -0.0184104 0.000227188 -0.000623416 -0.0184104 0.0890787 
0.00909546 -0.0171792 -0.000207928 0.000241411 -0.0171792 0.0867318 0.000244659 -0.000677224 -0.000207928 0.000244659 0.010359 -0.018564 0.000241411 -0.000677224 -0.018564 0.089733 
0.00907377 -0.0170834 -0.000222659 0.000262763 -0.0170834 0.0861634 0.000259988 -0.000721199 -0.000222659 0.000259988 0.010265 -0.0184356 0.000262763 -0.000721199 -0.0184356 0.0891873 
0.00909386 -0.017215 -0.000208359 0.000270586 -0.017215 0.0866786 0.000264496 -0.000735547 -0.000208359 0.000264496 0.0103445 -0.0185022 0.000270586 -0.000735547 -0.0185022 0.0896264 
0.00908452 -0.0172035 -0.000204094 0.000254639 -0.0172035 0.0867588 0.000249461 -0.000718378 -0.000204094 0.000249461 0.0103722 -0.0185419 0.000254639 -0.000718378 -0.0185419 0.0897169 
0.00907296 -0.017133 -0.000193811 0.000244104 -0.017133 0.086464 0.000238632 -0.000681714 -0.000193811 0.000238632 0.0103438 -0.018504 0.000244104 -0.000681714 -0.018504 0.0894837 
0.00905936 -0.0170914 -0.000187702 0.000223718 -0.0170914 0.0861723 0.000217985 -0.000626278 -0.000187702 0.000217985 0.0103096 -0.0184425 0.000223718 -0.000626278 -0.0184425 0.0891949 
0.00905596 -0.0171314 -0.000182307 0.000222973 -0.0171314 0.0863172 0.000222369 -0.0006194 -0.000182307 0.000222369 0.0103391 -0.0184771 0.000222973 -0.0006194 -0.0184771 0.0893447 
0.00902969 -0.0171327 -0.000185483 0.000218418 -0.0171327 0.0863908 0.000216425 -0.000611718 -0.000185483 0.000216425 0.0103839 -0.0185113 0.000218418 -0.000611718 -0.0185113 0.0894594 
0.00905861 -0.0171229 -0.000201046 0.000226847 -0.0171229 0.0864972 0.000221437 -0.000621515 -0.000201046 0.000221437 0.0104074 -0.0186047 0.000226847 -0.000621515 -0.0186047 0.0897674 
0.00911076 -0.0171275 -0.000247107 0.000245722 -0.0171275 0.0864342 0.000235126 -0.000649077 -0.000247107 0.000235126 0.0103728 -0.0185949 0.000245722 -0.000649077 -0.0185949 0.0897707 
0.00913673 -0.0171856 -0.000265186 0.000302299 -0.0171856 0.0864893 0.00029198 -0.000755143 -0.000265186 0.00029198 0.0103586 -0.0185523 0.000302299 -0.000755143 -0.0185523 0.0896867 
0.00913314 -0.017215 -0.000276436 0.000323882 -0.017215 0.0865373 0.000315222 -0.000841846 -0.000276436 0.000315222 0.0103436 -0.0185158 0.000323882 -0.000841846 -0.0185158 0.0895375 
0.00910031 -0.0172095 -0.00025692 0.0003301 -0.0172095 0.0865154 0.000323973 -0.000873107 -0.00025692 0.000323973 0.0103509 -0.0184815 0.0003301 -0.000873107 -0.0184815 0.0893794 
0.00908584 -0.0172091 -0.000210273 0.000301488 -0.0172091 0.0866382 0.000301645 -0.000843976 -0.000210273 0.000301645 0.0103689 -0.0185337 0.000301488 -0.000843976 -0.0185337 0.0895406 
0.00907226 -0.0171351 -0.000194204 0.000244899 -0.0171351 0.086407 0.000244482 -0.00073687 -0.000194204 0.000244482 0.0103422 -0.018527 0.000244899 -0.00073687 -0.018527 0.0894842 
0.00911976 -0.0171372 -0.000210003 0.00021923 -0.0171372 0.0863839 0.000211121 -0.000626319 -0.000210003 0.000211121 0.010292 -0.0185202 0.00021923 -0.000626319 -0.0185202 0.0895329 
0.00913778 -0.0171608 -0.000230184 0.000242929 -0.0171608 0.0863198 0.000229703 -0.000620253 -0.000230184 0.000229703 0.0102646 -0.0184411 0.000242929 -0.000620253 -0.0184411 0.0893486 
0.00918564 -0.0172308 -0.000262782 0.000282474 -0.0172308 0.0865609 0.000266356 -0.000702668 -0.000262782 0.000266356 0.0102713 -0.0184483 0.000282474 -0.000702668 -0.0184483 0.0894119 
0.00926314 -0.0173102 -0.000293109 0.000319382 -0.0173102 0.0868476 0.000308088 -0.00080002 -0.000293109 0.000308088 0.0102461 -0.0184705 0.000319382 -0.00080002 -0.0184705 0.0895376 
0.00925321 -0.01733 -0.000302281 0.000355096 -0.01733 0.0867446 0.000352972 -0.000908464 -0.000302281 0.000352972 0.0102078 -0.0183636 0.000355096 -0.000908464 -0.0183636 0.0891804 
0.0092713 -0.0173722 -0.000308862 0.000362348 -0.0173722 0.0869489 0.000372009 -0.000975008 -0.000308862 0.000372009 0.010212 -0.018374 0.000362348 -0.000975008 -0.018374 0.0892183 
0.00921819 -0.0173686 -0.000303004 0.000346155 -0.0173686 0.0869263 0.000356445 -0.000941892 -0.000303004 0.000356445 0.0102344 -0.0183405 0.000346155 -0.000941892 -0.0183405 0.0890808 
0.00920453 -0.017406 -0.000274089 0.000329936 -0.017406 0.0872955 0.000334327 -0.000877567 -0.000274089 0.000334327 0.0103259 -0.0184485 0.000329936 -0.000877567 -0.0184485 0.0894848 
0.00908808 -0.0172627 -0.000266059 0.000310856 -0.0172627 0.0868197 0.000311457 -0.000837855 -0.000266059 0.000311457 0.010343 -0.0184504 0.000310856 -0.000837855 -0.0184504 0.0892939 
0.00907544 -0.0172036 -0.000299547 0.000311935 -0.0172036 0.086832 0.000310287 -0.00083071 -0.000299547 0.000310287 0.0103868 -0.0185873 0.000311935 -0.00083071 -0.0185873 0.0897769 
0.00901555 -0.0170213 -0.000332421 0.000346744 -0.0170213 0.0860082 0.000345605 -0.0008763 -0.000332421 0.000345605 0.0102923 -0.0184804 0.000346744 -0.0008763 -0.0184804 0.0892918 
0.00909463 -0.0171021 -0.000323018 0.000392633 -0.0171021 0.0863504 0.00039414 -0.000983443 -0.000323018 0.00039414 0.0103187 -0.0185535 0.000392633 -0.000983443 -0.0185535 0.0897789 
0.00916933 -0.0171718 -0.000293349 0.000385894 -0.0171718 0.0865219 0.000387321 -0.00102513 -0.000293349 0.000387321 0.0103111 -0.0185397 0.000385894 -0.00102513 -0.0185397 0.0898374 
0.00923059 -0.0172246 -0.000288178 0.000342607 -0.0172246 0.08654 0.00034479 -0.000959711 -0.000288178 0.00034479 0.0102406 -0.0184806 0.000342607 -0.000959711 -0.0184806 0.0896129 
0.00926133 -0.0172837 -0.00029462 0.000334064 -0.0172837 0.0865759 0.000334325 -0.000906 -0.00029462 0.000334325 0.0101646 -0.0183763 0.000334064 -0.000906 -0.0183763 0.089288 
0.00924457 -0.0173413 -0.00027698 0.000337227 -0.0173413 0.0867155 0.000332735 -0.000879938 -0.00027698 0.000332735 0.0101376 -0.0182825 0.000337227 -0.000879938 -0.0182825 0.0890108 
0.00920371 -0.0173127 -0.000251432 0.000314178 -0.0173127 0.0866914 0.000305745 -0.000828549 -0.000251432 0.000305745 0.0101443 -0.018242 0.000314178 -0.000828549 -0.018242 0.0888014 
0.00928908 -0.0173716 -0.000267144 0.000286469 -0.0173716 0.0871408 0.000275108 -0.000760655 -0.000267144 0.000275108 0.0101781 -0.0183708 0.000286469 -0.000760655 -0.0183708 0.0893142 
0.009344 -0.0173805 -0.000288555 0.000299776 -0.0173805 0.087019 0.000291914 -0.0007485 -0.000288555 0.000291914 0.0101083 -0.0183139 0.000299776 -0.0007485 -0.0183139 0.0891403 
0.00937969 -0.0174791 -0.000295277 0.000326593 -0.0174791 0.0872375 0.000326781 -0.000807074 -0.000295277 0.000326781 0.0100934 -0.0182682 0.000326593 -0.000807074 -0.0182682 0.0891021 
0.00936182 -0.0175246 -0.000318138 0.000336124 -0.0175246 0.0874111 0.000340582 -0.000857543 -0.000318138 0.000340582 0.0101211 -0.0182508 0.000336124 -0.000857543 -0.0182508 0.089054 
0.00928757 -0.0173856 -0.000344406 0.000360883 -0.0173856 0.086862 0.000362664 -0.000903642 -0.000344406 0.000362664 0.0100765 -0.0181727 0.000360883 -0.000903642 -0.0181727 0.0885334 
0.00930087 -0.0173912 -0.000368025 0.00040679 -0.0173912 0.0869724 0.000403716 -0.00100557 -0.000368025 0.000403716 0.0101013 -0.0182459 0.00040679 -0.00100557 -0.0182459 0.0888208 
0.00932992 -0.0174495 -0.000366693 0.000440272 -0.0174495 0.0872515 0.000435153 -0.00110302 -0.000366693 0.000435153 0.0101416 -0.0183143 0.000440272 -0.00110302 -0.0183143 0.0891882 
0.00928263 -0.0174333 -0.000353256 0.000421513 -0.0174333 0.0871751 0.000412298 -0.00108667 -0.000353256 0.000412298 0.0101685 -0.0182976 0.000421513 -0.00108667 -0.0182976 0.0891261 
0.00922197 -0.0172878 -0.000330655 0.000404393 -0.0172878 0.0866198 0.000390559 -0.00103734 -0.000330655 0.000390559 0.0101143 -0.0182406 0.000404393 -0.00103734 -0.0182406 0.088712 
0.00922577 -0.0172643 -0.000324948 0.000373423 -0.0172643 0.0865194 0.000364412 -0.000970642 -0.000324948 0.000364412 0.010096 -0.0182446 0.000373423 -0.000970642 -0.0182446 0.0887534 
0.00930763 -0.0173894 -0.000325028 0.000353767 -0.0173894 0.0871012 0.000351575 -0.000902779 -0.000325028 0.000351575 0.0101309 -0.0183499 0.000353767 -0.000902779 -0.0183499 0.089356 
0.00925242 -0.0172859 -0.000339176 0.000357799 -0.0172859 0.0865381 0.000361681 -0.000899206 -0.000339176 0.000361681 0.0100362 -0.0182046 0.000357799 -0.000899206 -0.0182046 0.088753 
0.0092602 -0.0172881 -0.000334528 0.000376268 -0.0172881 0.0865586 0.000379753 -0.000927406 -0.000334528 0.000379753 0.0100347 -0.0181898 0.000376268 -0.000927406 -0.0181898 0.0887655 
0.00926147 -0.0172724 -0.000327322 0.000383584 -0.0172724 0.0864539 0.000382171 -0.000962439 -0.000327322 0.000382171 0.0100291 -0.0181571 0.000383584 -0.000962439 -0.0181571 0.0886301 
0.00933449 -0.0174085 -0.000330437 0.000378828 -0.0174085 0.0870664 0.000376074 -0.000969355 -0.000330437 0.000376074 0.0101029 -0.0182768 0.000378828 -0.000969355 -0.0182768 0.0892004 
0.00930803 -0.0174394 -0.000340511 0.000362587 -0.0174394 0.0871881 0.000368695 -0.0009327 -0.000340511 0.000368695 0.0101388 -0.0183041 0.000362587 -0.0009327 -0.0183041 0.0892942 
0.00929636 -0.0173952 -0.000358514 0.000376077 -0.0173952 0.087135 0.000384736 -0.00094251 -0.000358514 0.000384736 0.0101401 -0.0183412 0.000376077 -0.00094251 -0.0183412 0.0893642 
0.00919918 -0.0172292 -0.000355345 0.000404061 -0.0172292 0.086336 0.000407958 -0.000996592 -0.000355345 0.000407958 0.0100613 -0.0181926 0.000404061 -0.000996592 -0.0181926 0.0886614 
0.00925595 -0.0173028 -0.000362751 0.000411176 -0.0173028 0.0867327 0.000413015 -0.00104211 -0.000362751 0.000413015 0.0100942 -0.0182711 0.000411176 -0.00104211 -0.0182711 0.0890684 
0.00928662 -0.0173234 -0.000398676 0.000436121 -0.0173234 0.0868232 0.000440375 -0.0011176 -0.000398676 0.000440375 0.0100969 -0.0183003 0.000436121 -0.0011176 -0.0183003 0.0892188 
0.00932518 -0.0173693 -0.000400569 0.000451922 -0.0173693 0.0869479 0.000462142 -0.00114621 -0.000400569 0.000462142 0.010071 -0.018291 0.000451922 -0.00114621 -0.018291 0.0892501 
0.00936293 -0.0173914 -0.000394814 0.000459867 -0.0173914 0.0869444 0.000468163 -0.00117871 -0.000394814 0.000468163 0.00999988 -0.0182196 0.000459867 -0.00117871 -0.0182196 0.089038 
0.00939025 -0.0174271 -0.000379334 0.000449705 -0.0174271 0.0869361 0.000449626 -0.00115675 -0.000379334 0.000449626 0.00992197 -0.018096 0.000449705 -0.00115675 -0.018096 0.0886593 
0.00939666 -0.0174613 -0.000357813 0.000435574 -0.0174613 0.0869974 0.000426436 -0.00111373 -0.000357813 0.000426436 0.0098988 -0.018014 0.000435574 -0.00111373 -0.018014 0.0883896 
0.00941762 -0.0175689 -0.000315441 0.00040334 -0.0175689 0.0875091 0.000387273 -0.00102529 -0.000315441 0.000387273 0.00999464 -0.018073 0.00040334 -0.00102529 -0.018073 0.0886771 
0.009396 -0.0174734 -0.000296027 0.000341397 -0.0174734 0.0871647 0.000326034 -0.000880614 -0.000296027 0.000326034 0.00996062 -0.0180676 0.000341397 -0.000880614 -0.0180676 0.0883985 
0.00942904 -0.0174685 -0.000306034 0.000321873 -0.0174685 0.0870775 0.000309699 -0.000796215 -0.000306034 0.000309699 0.0099127 -0.0180706 0.000321873 -0.000796215 -0.0180706 0.0884072 
0.00946368 -0.0175675 -0.000322068 0.000332973 -0.0175675 0.0874005 0.000327162 -0.000792638 -0.000322068 0.000327162 0.00990995 -0.0180851 0.000332973 -0.000792638 -0.0180851 0.0886508 
0.00945518 -0.0176175 -0.000324381 0.000351867 -0.0176175 0.0876505 0.000353323 -0.000835733 -0.000324381 0.000353323 0.00994316 -0.0180856 0.000351867 -0.000835733 -0.0180856 0.0887679 
0.00934268 -0.0174709 -0.000335057 0.000359023 -0.0174709 0.0870779 0.000366436 -0.000884544 -0.000335057 0.000366436 0.00990898 -0.0179951 0.000359023 -0.000884544 -0.0179951 0.0882437 
0.00940036 -0.0174899 -0.000336497 0.000389331 -0.0174899 0.0873985 0.000396644 -0.000967843 -0.000336497 0.000396644 0.00994768 -0.0181263 0.000389331 -0.000967843 -0.0181263 0.0887932 
0.00940901 -0.0174525 -0.000339713 0.000394574 -0.0174525 0.0871359 0.00039723 -0.00101088 -0.000339713 0.00039723 0.00990316 -0.0180739 0.000394574 -0.00101088 -0.0180739 0.0886269 
0.00939016 -0.0174737 -0.000332559 0.000387496 -0.0174737 0.0870909 0.000381988 -0.000987053 -0.000332559 0.000381988 0.00992132 -0.0180211 0.000387496 -0.000987053 -0.0180211 0.088471 
0.00932767 -0.0174755 -0.000313603 0.000373664 -0.0174755 0.0871387 0.000367567 -0.000948684 -0.000313603 0.000367567 0.00998359 -0.0180417 0.000373664 -0.000948684 -0.0180417 0.088453 
0.009303 -0.0173785 -0.000293874 0.000344704 -0.0173785 0.0869237 0.000344082 -0.000885545 -0.000293874 0.000344082 0.00998916 -0.0180966 0.000344704 -0.000885545 -0.0180966 0.0884609 
