0.00715843 0 0.0010755 0 0 0.00989341 0 0 0.0010755 0 0.00674764 0 0 0 0 0.00989341 
0.0101766 -0.0126274 0.00138313 -0.00168618 -0.0126274 0.0333404 -0.00168618 0.00323356 0.00138313 -0.00168618 0.00962297 -0.0119504 -0.00168618 0.00323356 -0.0119504 0.0320422 
0.0100571 -0.0187874 0.00115966 -0.00174857 -0.0187874 0.0690936 -0.00174857 0.00544587 0.00115966 -0.00174857 0.00967537 -0.0180403 -0.00174857 0.00544587 -0.0180403 0.0667477 
0.00940817 -0.0182886 0.00106141 -0.00107287 -0.0182886 0.082007 -0.00105386 0.00306414 0.00106141 -0.00105386 0.0092227 -0.0179428 -0.00107287 0.00306414 -0.0179428 0.0807157 
0.00943209 -0.0176539 0.00112029 -0.00103403 -0.0176539 0.0853811 -0.000993261 0.00181287 0.00112029 -0.000993261 0.00922357 -0.0175168 -0.00103403 0.00181287 -0.0175168 0.0849238 
0.00960333 -0.017652 0.00113997 -0.00120398 -0.017652 0.0867539 -0.00116728 0.00206783 0.00113997 -0.00116728 0.00939182 -0.0174455 -0.00120398 0.00206783 -0.0174455 0.0863828 
0.00963945 -0.0176584 0.00111677 -0.00123732 -0.0176584 0.0869823 -0.00121559 0.00244952 0.00111677 -0.00121559 0.00944441 -0.0174304 -0.00123732 0.00244952 -0.0174304 0.0865077 
0.00966088 -0.0177019 0.00111412 -0.00121725 -0.0177019 0.0872729 -0.00120383 0.00261349 0.00111412 -0.00120383 0.00949222 -0.017476 -0.00121725 0.00261349 -0.017476 0.0867341 
0.00969704 -0.0177668 0.00109173 -0.00120137 -0.0177668 0.0876461 -0.00119015 0.00262737 0.00109173 -0.00119015 0.00955787 -0.0175587 -0.00120137 0.00262737 -0.0175587 0.0870978 
0.00970816 -0.0177491 0.00105452 -0.00116282 -0.0177491 0.0875402 -0.00115156 0.00255567 0.00105452 -0.00115156 0.00953252 -0.0175559 -0.00116282 0.00255567 -0.0175559 0.0869873 
0.00977656 -0.0178318 0.00104529 -0.00111655 -0.0178318 0.0878345 -0.00111056 0.00244685 0.00104529 -0.00111056 0.00952451 -0.0175953 -0.00111655 0.00244685 -0.0175953 0.0872141 
0.0098402 -0.017906 0.00102348 -0.00110028 -0.017906 0.0880972 -0.00110349 0.00237956 0.00102348 -0.00110349 0.00952517 -0.0176314 -0.00110028 0.00237956 -0.0176314 0.0874524 
0.00979816 -0.0178827 0.00102079 -0.00105796 -0.0178827 0.0878242 -0.00106692 0.0022873 0.00102079 -0.00106692 0.00948041 -0.0175245 -0.00105796 0.0022873 -0.0175245 0.0870205 
0.00985467 -0.0179915 0.00100794 -0.00106699 -0.0179915 0.088401 -0.00107356 0.00226721 0.00100794 -0.00107356 0.00952926 -0.0176348 -0.00106699 0.00226721 -0.0176348 0.0875411 
0.00984013 -0.0179794 0.00099766 -0.00105597 -0.0179794 0.0883523 -0.00105946 0.00225468 0.00099766 -0.00105946 0.00952213 -0.0176125 -0.00105597 0.00225468 -0.0176125 0.0874703 
0.0097981 -0.0178884 0.000982216 -0.0010454 -0.0178884 0.087941 -0.0010474 0.00223466 0.000982216 -0.0010474 0.00945668 -0.0175337 -0.0010454 0.00223466 -0.0175337 0.0870712 
0.0098472 -0.017998 0.000984203 -0.00104522 -0.017998 0.0884934 -0.00104632 0.00224322 0.000984203 -0.00104632 0.00952965 -0.0176364 -0.00104522 0.00224322 -0.0176364 0.0876517 
0.00982179 -0.0179334 0.00100409 -0.0010581 -0.0179334 0.0882026 -0.00105495 0.00228173 0.00100409 -0.00105495 0.0095196 -0.0175798 -0.0010581 0.00228173 -0.0175798 0.0873504 
0.00980561 -0.0179803 0.00102719 -0.00107487 -0.0179803 0.0883754 -0.00107202 0.00231678 0.00102719 -0.00107202 0.00956883 -0.0176174 -0.00107487 0.00231678 -0.0176174 0.0874723 
0.00974861 -0.0179009 0.00106766 -0.00110864 -0.0179009 0.0881096 -0.00110597 0.00239507 0.00106766 -0.00110597 0.0095747 -0.0176068 -0.00110864 0.00239507 -0.0176068 0.0872744 
0.00974993 -0.0178608 0.00109574 -0.00115733 -0.0178608 0.0880356 -0.00115464 0.00250162 0.00109574 -0.00115464 0.00959026 -0.0176647 -0.00115733 0.00250162 -0.0176647 0.0874209 
0.00977892 -0.0178684 0.00108368 -0.00117892 -0.0178684 0.0880454 -0.00118045 0.0025713 0.00108368 -0.00118045 0.00956357 -0.0176973 -0.00117892 0.0025713 -0.0176973 0.0875723 
0.00979631 -0.0179143 0.0010708 -0.00116414 -0.0179143 0.0881737 -0.00116922 0.00257792 0.0010708 -0.00116922 0.0095501 -0.0176819 -0.00116414 0.00257792 -0.0176819 0.0876621 
0.00979873 -0.0179353 0.00106328 -0.00115128 -0.0179353 0.0882893 -0.00115726 0.00255796 0.00106328 -0.00115726 0.00955829 -0.0176809 -0.00115128 0.00255796 -0.0176809 0.0877332 
0.00971471 -0.0177931 0.00103071 -0.001139 -0.0177931 0.0876346 -0.00114337 0.00252883 0.00103071 -0.00114337 0.00948971 -0.0175441 -0.001139 0.00252883 -0.0175441 0.0870689 
0.00970074 -0.0177962 0.000952771 -0.00110973 -0.0177962 0.0876576 -0.00110681 0.00247365 0.000952771 -0.00110681 0.00948749 -0.0175211 -0.00110973 0.00247365 -0.0175211 0.0869984 
0.00974027 -0.0179056 0.000925645 -0.00102704 -0.0179056 0.0882783 -0.00101738 0.00232568 0.000925645 -0.00101738 0.00958242 -0.0176465 -0.00102704 0.00232568 -0.0176465 0.0876109 
0.00972502 -0.0177689 0.000917805 -0.000979036 -0.0177689 0.0877571 -0.00096743 0.0021637 0.000917805 -0.00096743 0.00951298 -0.0176048 -0.000979036 0.0021637 -0.0176048 0.087271 
0.00976037 -0.0177821 0.000924966 -0.000965383 -0.0177821 0.0876606 -0.000956308 0.00208059 0.000924966 -0.000956308 0.00947076 -0.0175572 -0.000965383 0.00208059 -0.0175572 0.0871779 
0.00977965 -0.0177943 0.000937293 -0.000985703 -0.0177943 0.0875712 -0.000980989 0.00210854 0.000937293 -0.000980989 0.00945106 -0.0175043 -0.000985703 0.00210854 -0.0175043 0.086999 
0.00989435 -0.0179809 0.000945517 -0.0010171 -0.0179809 0.0883376 -0.00101244 0.00218971 0.000945517 -0.00101244 0.00950214 -0.0176227 -0.0010171 0.00218971 -0.0176227 0.0875915 
0.00984018 -0.0179462 0.000939462 -0.0010118 -0.0179462 0.0880139 -0.00100987 0.00220636 0.000939462 -0.00100987 0.009461 -0.0175039 -0.0010118 0.00220636 -0.0175039 0.0870552 
0.00984552 -0.0179779 0.000944671 -0.00100424 -0.0179779 0.0882395 -0.00100614 0.00219832 0.000944671 -0.00100614 0.00949568 -0.0175613 -0.00100424 0.00219832 -0.0175613 0.087241 
0.00985545 -0.018029 0.000972824 -0.00100168 -0.018029 0.0885531 -0.00100452 0.002178 0.000972824 -0.00100452 0.00954683 -0.0176487 -0.00100168 0.002178 -0.0176487 0.0876136 
0.00976665 -0.0179093 0.000998805 -0.00102455 -0.0179093 0.0880353 -0.0010231 0.0021893 0.000998805 -0.0010231 0.00951354 -0.0175581 -0.00102455 0.0021893 -0.0175581 0.0871402 
0.00982947 -0.0180056 0.00100701 -0.00107574 -0.0180056 0.0886349 -0.00107025 0.002287 0.00100701 -0.00107025 0.00960009 -0.0177133 -0.00107574 0.002287 -0.0177133 0.0878363 
0.00981277 -0.0179546 0.000981973 -0.00107168 -0.0179546 0.088394 -0.00106648 0.00231429 0.000981973 -0.00106648 0.00956976 -0.0176831 -0.00107168 0.00231429 -0.0176831 0.087659 
0.00979843 -0.0179593 0.000968558 -0.00104124 -0.0179593 0.0883679 -0.00103718 0.00227213 0.000968558 -0.00103718 0.00956487 -0.0176555 -0.00104124 0.00227213 -0.0176555 0.0875791 
0.00977625 -0.0178944 0.000943844 -0.00102397 -0.0178944 0.0880806 -0.00102322 0.00222615 0.000943844 -0.00102322 0.00951907 -0.0175836 -0.00102397 0.00222615 -0.0175836 0.0872247 
0.00981948 -0.017985 0.000963281 -0.00100072 -0.017985 0.088498 -0.00100753 0.002189 0.000963281 -0.00100753 0.00957437 -0.0176574 -0.00100072 0.002189 -0.0176574 0.0876126 
0.00976037 -0.0179062 0.000975874 -0.00101695 -0.0179062 0.0881082 -0.00102715 0.00219957 0.000975874 -0.00102715 0.00955717 -0.0175818 -0.00101695 0.00219957 -0.0175818 0.0871938 
0.00967518 -0.01783 0.000975642 -0.00103443 -0.01783 0.0878256 -0.00104507 0.00224149 0.000975642 -0.00104507 0.00957677 -0.017593 -0.00103443 0.00224149 -0.017593 0.0870922 
0.0096355 -0.0177564 0.0009743 -0.00104368 -0.0177564 0.0876871 -0.00104977 0.00227776 0.0009743 -0.00104977 0.0095858 -0.0176541 -0.00104368 0.00227776 -0.0176541 0.087259 
0.00972893 -0.0178557 0.000977502 -0.00105811 -0.0178557 0.0882965 -0.0010607 0.00232294 0.000977502 -0.0010607 0.00964948 -0.0178212 -0.00105811 0.00232294 -0.0178212 0.0881244 
0.00965414 -0.0177116 0.000969377 -0.00104576 -0.0177116 0.0875075 -0.00105163 0.00231802 0.000969377 -0.00105163 0.00956465 -0.017652 -0.00104576 0.00231802 -0.017652 0.0874077 
0.00967771 -0.0177122 0.000958871 -0.00104015 -0.0177122 0.0875108 -0.00104919 0.00231086 0.000958871 -0.00104919 0.00954757 -0.0176683 -0.00104015 0.00231086 -0.0176683 0.0874824 
0.00979021 -0.0178604 0.000954877 -0.00103589 -0.0178604 0.0881394 -0.00104878 0.00231355 0.000954877 -0.00104878 0.00957441 -0.0177542 -0.00103589 0.00231355 -0.0177542 0.0880347 
0.00978396 -0.0179001 0.000978562 -0.00102007 -0.0179001 0.0881618 -0.0010361 0.00228259 0.000978562 -0.0010361 0.00957454 -0.0176928 -0.00102007 0.00228259 -0.0176928 0.087866 
0.00972279 -0.0178672 0.000990598 -0.00104338 -0.0178672 0.088018 -0.00105522 0.00229293 0.000990598 -0.00105522 0.0095999 -0.0176502 -0.00104338 0.00229293 -0.0176502 0.0875933 
0.00968768 -0.017811 0.00097123 -0.0010581 -0.017811 0.0878814 -0.00105873 0.00231194 0.00097123 -0.00105873 0.00960594 -0.0176675 -0.0010581 0.00231194 -0.0176675 0.0874945 
0.00970269 -0.0177928 0.000928158 -0.00103923 -0.0177928 0.0878675 -0.00103087 0.00228115 0.000928158 -0.00103087 0.00958723 -0.0177041 -0.00103923 0.00228115 -0.0177041 0.0876044 
0.00969131 -0.0177711 0.000915771 -0.000989548 -0.0177711 0.0876975 -0.000982682 0.00219036 0.000915771 -0.000982682 0.00956993 -0.0176477 -0.000989548 0.00219036 -0.0176477 0.0874385 
0.00973783 -0.0178439 0.000923823 -0.000971513 -0.0178439 0.0880201 -0.000970835 0.00212074 0.000923823 -0.000970835 0.00960668 -0.0176944 -0.000971513 0.00212074 -0.0176944 0.0876746 
0.00973139 -0.0178921 0.000945292 -0.000971787 -0.0178921 0.0882161 -0.000977553 0.00209484 0.000945292 -0.000977553 0.00965383 -0.0177437 -0.000971787 0.00209484 -0.0177437 0.0878567 
0.00965774 -0.0177669 0.000950491 -0.000986998 -0.0177669 0.087736 -0.000993671 0.00210376 0.000950491 -0.000993671 0.00962303 -0.0177141 -0.000986998 0.00210376 -0.0177141 0.0875621 
0.00967059 -0.0178036 0.000964934 -0.00101256 -0.0178036 0.0879834 -0.00101335 0.0021621 0.000964934 -0.00101335 0.00966762 -0.0177888 -0.00101256 0.0021621 -0.0177888 0.0879424 
0.00962944 -0.0176954 0.00100126 -0.0010339 -0.0176954 0.08749 -0.00102941 0.00222049 0.00100126 -0.00102941 0.00961237 -0.0176964 -0.0010339 0.00222049 -0.0176964 0.087491 
0.00963858 -0.0177258 0.000985515 -0.00107947 -0.0177258 0.087542 -0.00107624 0.00231388 0.000985515 -0.00107624 0.00961632 -0.0176628 -0.00107947 0.00231388 -0.0176628 0.087395 
0.00972461 -0.0178279 0.00100172 -0.0010635 -0.0178279 0.0880647 -0.00106299 0.00233715 0.00100172 -0.00106299 0.00966296 -0.0177875 -0.0010635 0.00233715 -0.0177875 0.0879201 
0.00971832 -0.0178309 0.00100579 -0.00106652 -0.0178309 0.0879698 -0.00107037 0.0023277 0.00100579 -0.00107037 0.00965689 -0.0177575 -0.00106652 0.0023277 -0.0177575 0.0878008 
0.00972507 -0.0178627 0.000992393 -0.0010627 -0.0178627 0.0881124 -0.00106936 0.00231353 0.000992393 -0.00106936 0.00966599 -0.0177955 -0.0010627 0.00231353 -0.0177955 0.0879445 
0.00970511 -0.017826 0.00097098 -0.00103891 -0.017826 0.0879545 -0.00104687 0.00226425 0.00097098 -0.00104687 0.00963481 -0.017758 -0.00103891 0.00226425 -0.017758 0.0877932 
0.00963823 -0.0177391 0.000952315 -0.00100421 -0.0177391 0.0875387 -0.00101032 0.00217701 0.000952315 -0.00101032 0.00958867 -0.0176578 -0.00100421 0.00217701 -0.0176578 0.0873632 
0.0097071 -0.0178477 0.000953922 -0.00101165 -0.0178477 0.0881831 -0.00101012 0.00216947 0.000953922 -0.00101012 0.00965408 -0.0178036 -0.00101165 0.00216947 -0.0178036 0.0880731 
0.00965621 -0.0177295 0.000980235 -0.0010246 -0.0177295 0.0876535 -0.00102055 0.00220907 0.000980235 -0.00102055 0.00960508 -0.0177229 -0.0010246 0.00220907 -0.0177229 0.0876861 
0.00961276 -0.0176877 0.000988478 -0.00106585 -0.0176877 0.0873729 -0.00106363 0.00230805 0.000988478 -0.00106363 0.00958273 -0.0176314 -0.00106585 0.00230805 -0.0176314 0.0873188 
0.00961795 -0.0176993 0.000975574 -0.0010794 -0.0176993 0.0874752 -0.00108185 0.00238579 0.000975574 -0.00108185 0.00960396 -0.0176523 -0.0010794 0.00238579 -0.0176523 0.0873679 
0.00963579 -0.0177451 0.000945291 -0.00105378 -0.0177451 0.0877142 -0.00105849 0.00236438 0.000945291 -0.00105849 0.00964787 -0.0177049 -0.00105378 0.00236438 -0.0177049 0.0875873 
0.00959496 -0.0176778 0.00094156 -0.0010139 -0.0176778 0.0874531 -0.00101427 0.00228038 0.00094156 -0.00101427 0.00965174 -0.0177061 -0.0010139 0.00228038 -0.0177061 0.0874735 
0.00963417 -0.0177435 0.000948278 -0.00102268 -0.0177435 0.0878278 -0.00101543 0.00225521 0.000948278 -0.00101543 0.00970465 -0.017831 -0.00102268 0.00225521 -0.017831 0.0880095 
0.00959107 -0.0176427 0.000911709 -0.00100894 -0.0176427 0.087355 -0.00100128 0.00220835 0.000911709 -0.00100128 0.00964823 -0.0177628 -0.00100894 0.00220835 -0.0177628 0.0876796 
0.00960931 -0.01764 0.000877892 -0.000974593 -0.01764 0.0873059 -0.000972924 0.00215951 0.000877892 -0.000972924 0.00961233 -0.0177363 -0.000974593 0.00215951 -0.0177363 0.0876322 
0.00961314 -0.0176783 0.0008558 -0.000930095 -0.0176783 0.0873824 -0.000931346 0.002066 0.0008558 -0.000931346 0.00960182 -0.017688 -0.000930095 0.002066 -0.017688 0.0875425 
0.00966938 -0.0177609 0.000858328 -0.000908031 -0.0177609 0.0878315 -0.000908157 0.00199202 0.000858328 -0.000908157 0.00964296 -0.0177652 -0.000908031 0.00199202 -0.0177652 0.0879157 
0.00970284 -0.0178019 0.000867941 -0.000906629 -0.0178019 0.0880104 -0.000905411 0.00195572 0.000867941 -0.000905411 0.00966414 -0.017798 -0.000906629 0.00195572 -0.017798 0.0880765 
0.00966377 -0.0177015 0.000859361 -0.000910195 -0.0177015 0.0874604 -0.000908547 0.00194591 0.000859361 -0.000908547 0.00957621 -0.0176897 -0.000910195 0.00194591 -0.0176897 0.0875142 
0.00972401 -0.0178166 0.000890958 -0.000918414 -0.0178166 0.0878992 -0.000919801 0.00197837 0.000890958 -0.000919801 0.0095943 -0.0177158 -0.000918414 0.00197837 -0.0177158 0.0877749 
0.00971588 -0.0178049 0.000934634 -0.000944832 -0.0178049 0.0877602 -0.000951148 0.00202517 0.000934634 -0.000951148 0.0095427 -0.0176259 -0.000944832 0.00202517 -0.0176259 0.0873939 
0.00972969 -0.0178133 0.000958029 -0.00100441 -0.0178133 0.0877876 -0.00100863 0.00214386 0.000958029 -0.00100863 0.00953641 -0.0176022 -0.00100441 0.00214386 -0.0176022 0.0873003 
0.00979466 -0.017934 0.000993658 -0.00104612 -0.017934 0.0883228 -0.00104636 0.00226985 0.000993658 -0.00104636 0.0095903 -0.0176955 -0.00104612 0.00226985 -0.0176955 0.0877492 
0.00973376 -0.0178803 0.00102892 -0.00106538 -0.0178803 0.0880648 -0.00106455 0.00231902 0.00102892 -0.00106455 0.00958469 -0.0176616 -0.00106538 0.00231902 -0.0176616 0.0875293 
0.00972106 -0.0178738 0.00102603 -0.00110706 -0.0178738 0.0881418 -0.00110339 0.00239079 0.00102603 -0.00110339 0.00961424 -0.0177031 -0.00110706 0.00239079 -0.0177031 0.0876771 
0.00971206 -0.0178528 0.00100725 -0.00110508 -0.0178528 0.0881061 -0.00109808 0.00241753 0.00100725 -0.00109808 0.00962446 -0.0177146 -0.00110508 0.00241753 -0.0177146 0.0877051 
0.00975046 -0.0178501 0.00098705 -0.00107717 -0.0178501 0.0881159 -0.00107139 0.00237123 0.00098705 -0.00107139 0.0095967 -0.0177297 -0.00107717 0.00237123 -0.0177297 0.0877585 
0.00972726 -0.0177849 0.000997383 -0.00104095 -0.0177849 0.0876679 -0.0010415 0.00228682 0.000997383 -0.0010415 0.00953437 -0.0176047 -0.00104095 0.00228682 -0.0176047 0.0872597 
0.00980401 -0.0179716 0.00100337 -0.00105576 -0.0179716 0.0884558 -0.0010599 0.00227359 0.00100337 -0.0010599 0.00960584 -0.0177126 -0.00105576 0.00227359 -0.0177126 0.087848 
0.00980807 -0.0179744 0.000999634 -0.00106863 -0.0179744 0.0885119 -0.00107044 0.00230315 0.000999634 -0.00107044 0.00961209 -0.0177178 -0.00106863 0.00230315 -0.0177178 0.0878356 
0.00973424 -0.017886 0.00100734 -0.00105803 -0.017886 0.0881147 -0.00106075 0.00229687 0.00100734 -0.00106075 0.00960541 -0.0176726 -0.00105803 0.00229687 -0.0176726 0.087544 
0.00967019 -0.0178138 0.0010544 -0.00107367 -0.0178138 0.0878692 -0.00107685 0.00232146 0.0010544 -0.00107685 0.00963155 -0.0176756 -0.00107367 0.00232146 -0.0176756 0.0874551 
0.00968761 -0.0178093 0.00110846 -0.00113492 -0.0178093 0.0880262 -0.00113408 0.00242315 0.00110846 -0.00113408 0.00968696 -0.0178056 -0.00113492 0.00242315 -0.0178056 0.0879238 
0.00962802 -0.0176948 0.00115456 -0.00119142 -0.0176948 0.0874354 -0.00118583 0.0025479 0.00115456 -0.00118583 0.00963603 -0.0177131 -0.00119142 0.0025479 -0.0177131 0.0874734 
0.00964046 -0.0177138 0.00117859 -0.00125902 -0.0177138 0.0874898 -0.00125477 0.0027155 0.00117859 -0.00125477 0.00964892 -0.0177149 -0.00125902 0.0027155 -0.0177149 0.0875082 
0.00974379 -0.0178628 0.00117203 -0.00129374 -0.0178628 0.0882024 -0.00129419 0.00284576 0.00117203 -0.00129419 0.00971748 -0.0178635 -0.00129374 0.00284576 -0.0178635 0.0881989 
0.00975349 -0.017807 0.0011542 -0.00125591 -0.017807 0.0878433 -0.00126213 0.00281188 0.0011542 -0.00126213 0.00961324 -0.0177885 -0.00125591 0.00281188 -0.0177885 0.087832 
0.00982692 -0.0178988 0.00114753 -0.00123456 -0.0178988 0.0881135 -0.00124546 0.00275549 0.00114753 -0.00124546 0.00956596 -0.0177624 -0.00123456 0.00275549 -0.0177624 0.0879434 
0.00984088 -0.0179868 0.00111799 -0.00121633 -0.0179868 0.0883726 -0.00122689 0.00269301 0.00111799 -0.00122689 0.00954734 -0.0176971 -0.00121633 0.00269301 -0.0176971 0.087874 
0.00978892 -0.0179233 0.00107973 -0.00117966 -0.0179233 0.0881416 -0.00118502 0.00260658 0.00107973 -0.00118502 0.00951696 -0.0176068 -0.00117966 0.00260658 -0.0176068 0.0874742 
0.0097277 -0.0178152 0.00103885 -0.00114204 -0.0178152 0.0876934 -0.00113961 0.00251199 0.00103885 -0.00113961 0.00947575 -0.0175052 -0.00114204 0.00251199 -0.0175052 0.0869641 
0.0097415 -0.0178664 0.00101776 -0.0011066 -0.0178664 0.087946 -0.00109807 0.00242406 0.00101776 -0.00109807 0.00951036 -0.0175279 -0.0011066 0.00242406 -0.0175279 0.0870901 
0.0097452 -0.0178529 0.00100512 -0.00108256 -0.0178529 0.0879639 -0.00107292 0.00235463 0.00100512 -0.00107292 0.00952848 -0.0175606 -0.00108256 0.00235463 -0.0175606 0.0871491 
0.00966603 -0.0178009 0.000994381 -0.00106489 -0.0178009 0.0876778 -0.00105811 0.00230692 0.000994381 -0.00105811 0.00955046 -0.017512 -0.00106489 0.00230692 -0.017512 0.0868787 
0.00970362 -0.0178427 0.00098256 -0.00106887 -0.0178427 0.0880678 -0.00106041 0.00230938 0.00098256 -0.00106041 0.00962723 -0.0176652 -0.00106887 0.00230938 -0.0176652 0.0874225 
0.0097148 -0.0177825 0.000978268 -0.00104657 -0.0177825 0.0878002 -0.00103924 0.00227562 0.000978268 -0.00103924 0.00958761 -0.0176739 -0.00104657 0.00227562 -0.0176739 0.0873673 
0.00976816 -0.0178494 0.000976603 -0.00103891 -0.0178494 0.0880045 -0.00103912 0.00225017 0.000976603 -0.00103912 0.00957915 -0.0177206 -0.00103891 0.00225017 -0.0177206 0.0876792 
0.00974924 -0.0178465 0.000967947 -0.00102977 -0.0178465 0.0878714 -0.00103589 0.00223183 0.000967947 -0.00103589 0.0095551 -0.0176453 -0.00102977 0.00223183 -0.0176453 0.0874606 
0.00971909 -0.0178659 0.000944025 -0.00101422 -0.0178659 0.0879536 -0.00101985 0.00219502 0.000944025 -0.00101985 0.00956726 -0.017629 -0.00101422 0.00219502 -0.017629 0.0874083 
0.00967054 -0.0178093 0.000907476 -0.000998728 -0.0178093 0.0878231 -0.00100237 0.00217074 0.000907476 -0.00100237 0.00959222 -0.0176221 -0.000998728 0.00217074 -0.0176221 0.0873048 
0.00969511 -0.0177662 0.000944224 -0.00096112 -0.0177662 0.0877682 -0.000962127 0.00210528 0.000944224 -0.000962127 0.00958815 -0.0176904 -0.00096112 0.00210528 -0.0176904 0.0874765 
0.00973653 -0.0178116 0.000994917 -0.00100145 -0.0178116 0.0878803 -0.00100475 0.00213201 0.000994917 -0.00100475 0.00958687 -0.0177161 -0.00100145 0.00213201 -0.0177161 0.0876856 
0.00976694 -0.0179293 0.00103024 -0.00106311 -0.0179293 0.0883341 -0.00106779 0.00225282 0.00103024 -0.00106779 0.00962779 -0.0177632 -0.00106311 0.00225282 -0.0177632 0.0880283 
0.00971271 -0.0178577 0.00105164 -0.00111154 -0.0178577 0.0880624 -0.00111314 0.00239062 0.00105164 -0.00111314 0.00963017 -0.0177026 -0.00111154 0.00239062 -0.0177026 0.0877111 
0.0096839 -0.0177958 0.00105728 -0.00113932 -0.0177958 0.0878743 -0.00113736 0.00248421 0.00105728 -0.00113736 0.00964032 -0.0177284 -0.00113932 0.00248421 -0.0177284 0.0876758 
0.00968036 -0.0177596 0.00103823 -0.0011473 -0.0177596 0.0877253 -0.00114825 0.00253636 0.00103823 -0.00114825 0.00963883 -0.0177432 -0.0011473 0.00253636 -0.0177432 0.0876861 
0.00967925 -0.0177542 0.00102036 -0.00111677 -0.0177542 0.0876374 -0.00112234 0.00250365 0.00102036 -0.00112234 0.00963377 -0.0177322 -0.00111677 0.00250365 -0.0177322 0.0876409 
0.00975104 -0.0178734 0.00103286 -0.00109533 -0.0178734 0.0881735 -0.00109997 0.00244454 0.00103286 -0.00109997 0.00966235 -0.0178271 -0.00109533 0.00244454 -0.0178271 0.0881199 
0.00976553 -0.0178996 0.00106335 -0.0010998 -0.0178996 0.0882266 -0.00110407 0.00241395 0.00106335 -0.00110407 0.00964336 -0.0177829 -0.0010998 0.00241395 -0.0177829 0.0880167 
0.00972525 -0.0178313 0.00105842 -0.0011241 -0.0178313 0.0878557 -0.0011307 0.0024347 0.00105842 -0.0011307 0.00958796 -0.0176726 -0.0011241 0.0024347 -0.0176726 0.0875065 
0.00973466 -0.0178862 0.00100559 -0.00112893 -0.0178862 0.088103 -0.00113611 0.00246886 0.00100559 -0.00113611 0.00960015 -0.017693 -0.00112893 0.00246886 -0.017693 0.0876259 
0.00967827 -0.0178298 0.000995654 -0.00107356 -0.0178298 0.0878946 -0.001077 0.00240106 0.000995654 -0.001077 0.0095939 -0.0176428 -0.00107356 0.00240106 -0.0176428 0.0873819 
0.00966859 -0.0177889 0.000971153 -0.00106554 -0.0177889 0.0878658 -0.00105863 0.00233482 0.000971153 -0.00105863 0.00961731 -0.0176934 -0.00106554 0.00233482 -0.0176934 0.0875232 
0.00966811 -0.0178198 0.000993506 -0.00104862 -0.0178198 0.088035 -0.00103313 0.00229148 0.000993506 -0.00103313 0.00969585 -0.017753 -0.00104862 0.00229148 -0.017753 0.0878078 
0.00960656 -0.0177165 0.00100685 -0.00105814 -0.0177165 0.0876114 -0.00103796 0.00226598 0.00100685 -0.00103796 0.00969317 -0.0177419 -0.00105814 0.00226598 -0.0177419 0.0875553 
0.00961555 -0.0177025 0.00101609 -0.00107907 -0.0177025 0.0876028 -0.00106395 0.00230523 0.00101609 -0.00106395 0.00970357 -0.0178064 -0.00107907 0.00230523 -0.0178064 0.0877585 
0.00966395 -0.0177565 0.00102923 -0.00108529 -0.0177565 0.0878582 -0.00107958 0.00233596 0.00102923 -0.00107958 0.00971329 -0.0178895 -0.00108529 0.00233596 -0.0178895 0.0881796 
0.00965689 -0.0177381 0.00105442 -0.00110199 -0.0177381 0.0876842 -0.00110291 0.00238367 0.00105442 -0.00110291 0.00967212 -0.0178225 -0.00110199 0.00238367 -0.0178225 0.0879887 
0.00968569 -0.0177916 0.00107324 -0.00114091 -0.0177916 0.0879178 -0.00114448 0.00247495 0.00107324 -0.00114448 0.00969715 -0.0178436 -0.00114091 0.00247495 -0.0178436 0.0881623 
0.00968203 -0.0177654 0.00108494 -0.0011614 -0.0177654 0.0877558 -0.00116124 0.00254377 0.00108494 -0.00116124 0.00965497 -0.017791 -0.0011614 0.00254377 -0.017791 0.0879047 
0.00965598 -0.0177493 0.00106905 -0.00117283 -0.0177493 0.0876324 -0.00117563 0.00258659 0.00106905 -0.00117563 0.00964304 -0.0177467 -0.00117283 0.00258659 -0.0177467 0.0877314 
0.00966469 -0.0177903 0.00107871 -0.00115018 -0.0177903 0.0878823 -0.00115803 0.00256623 0.00107871 -0.00115803 0.00968719 -0.0177951 -0.00115018 0.00256623 -0.0177951 0.087955 
0.00966329 -0.017683 0.00107517 -0.00114245 -0.017683 0.0874503 -0.00115047 0.00251802 0.00107517 -0.00115047 0.00959114 -0.0177461 -0.00114245 0.00251802 -0.0177461 0.087628 
0.00970116 -0.0177955 0.00113463 -0.0011498 -0.0177955 0.0878126 -0.00115975 0.00252448 0.00113463 -0.00115975 0.00963317 -0.0177384 -0.0011498 0.00252448 -0.0177384 0.0878564 
0.00963683 -0.0177197 0.00115508 -0.00121118 -0.0177197 0.0874449 -0.00121929 0.00261219 0.00115508 -0.00121929 0.00962196 -0.0176487 -0.00121118 0.00261219 -0.0176487 0.087354 
0.00960887 -0.0176937 0.00114978 -0.0012487 -0.0176937 0.0874064 -0.0012526 0.00272568 0.00114978 -0.0012526 0.00965631 -0.0176917 -0.0012487 0.00272568 -0.0176917 0.0873905 
0.00968175 -0.0177779 0.00115131 -0.00124498 -0.0177779 0.0879286 -0.00124364 0.00275113 0.00115131 -0.00124364 0.0097189 -0.017868 -0.00124498 0.00275113 -0.017868 0.088124 
0.00968912 -0.0177704 0.00111636 -0.0012336 -0.0177704 0.087835 -0.00123163 0.00271978 0.00111636 -0.00123163 0.00969567 -0.0178542 -0.0012336 0.00271978 -0.0178542 0.0881176 
0.00970042 -0.0177531 0.00108601 -0.00118682 -0.0177531 0.0876511 -0.00118738 0.00263238 0.00108601 -0.00118738 0.00962665 -0.0177672 -0.00118682 0.00263238 -0.0177672 0.0878014 
0.0096646 -0.0177812 0.00107595 -0.00115004 -0.0177812 0.0875898 -0.00115495 0.00254365 0.00107595 -0.00115495 0.00961099 -0.0176298 -0.00115004 0.00254365 -0.0176298 0.0873271 
0.00967956 -0.0178831 0.0010745 -0.00114087 -0.0178831 0.0882105 -0.00115123 0.00249998 0.0010745 -0.00115123 0.00971819 -0.0177569 -0.00114087 0.00249998 -0.0177569 0.0878071 
0.00965505 -0.0177621 0.00106618 -0.00113225 -0.0177621 0.0878748 -0.00114607 0.00247391 0.00106618 -0.00114607 0.00970609 -0.0178094 -0.00113225 0.00247391 -0.0178094 0.0877921 
0.00964976 -0.0177746 0.00107944 -0.0011249 -0.0177746 0.0878956 -0.00114027 0.0024584 0.00107944 -0.00114027 0.00973138 -0.0178589 -0.0011249 0.0024584 -0.0178589 0.0880602 
0.00965233 -0.0177668 0.00105979 -0.00114724 -0.0177668 0.0878873 -0.00115783 0.00248915 0.00105979 -0.00115783 0.00973798 -0.0178746 -0.00114724 0.00248915 -0.0178746 0.0881512 
0.00964215 -0.017736 0.00105361 -0.00113276 -0.017736 0.0877329 -0.0011336 0.00248257 0.00105361 -0.0011336 0.00973412 -0.0178593 -0.00113276 0.00248257 -0.0178593 0.0880755 
0.00964187 -0.0177561 0.0010642 -0.00112338 -0.0177561 0.0878003 -0.00111849 0.00244774 0.0010642 -0.00111849 0.0097459 -0.0178813 -0.00112338 0.00244774 -0.0178813 0.0881691 
0.00959024 -0.0176918 0.00102745 -0.00112561 -0.0176918 0.0875336 -0.00112062 0.00242721 0.00102745 -0.00112062 0.00972815 -0.0178457 -0.00112561 0.00242721 -0.0178457 0.0879738 
0.00961411 -0.0177304 0.00101896 -0.001098 -0.0177304 0.0878165 -0.00109253 0.00239896 0.00101896 -0.00109253 0.00976835 -0.0179228 -0.001098 0.00239896 -0.0179228 0.0883446 
0.00954872 -0.0176143 0.000998338 -0.00108182 -0.0176143 0.0872579 -0.00107508 0.00235518 0.000998338 -0.00107508 0.00969907 -0.0178079 -0.00108182 0.00235518 -0.0178079 0.0877979 
0.0096067 -0.017734 0.000958255 -0.00107287 -0.017734 0.0878547 -0.00106655 0.00234079 0.000958255 -0.00106655 0.00976186 -0.0179027 -0.00107287 0.00234079 -0.0179027 0.0883295 
0.00954745 -0.0176446 0.000933276 -0.00101503 -0.0176446 0.0874961 -0.00101301 0.0022473 0.000933276 -0.00101301 0.0097402 -0.0178619 -0.00101503 0.0022473 -0.0178619 0.0880687 
0.00954075 -0.0176473 0.000954217 -0.000994701 -0.0176473 0.0875455 -0.000997139 0.0021843 0.000954217 -0.000997139 0.00976541 -0.0178601 -0.000994701 0.0021843 -0.0178601 0.0880905 
0.00956218 -0.0176433 0.00100147 -0.00101943 -0.0176433 0.0875708 -0.00102353 0.00220444 0.00100147 -0.00102353 0.00977285 -0.0178878 -0.00101943 0.00220444 -0.0178878 0.0881427 
