0.00759252 0 0.000836498 0 0 0.00995442 0 0 0.000836498 0 0.00639806 0 0 0 0 0.00995442 
0.0105803 -0.0131178 0.00108923 -0.00132712 -0.0131178 0.0342267 -0.00132712 0.00254492 0.00108923 -0.00132712 0.00910392 -0.0113165 -0.00132712 0.00254492 -0.0113165 0.030774 
0.0105313 -0.0194328 0.000917182 -0.00141195 -0.0194328 0.071136 -0.00141195 0.00439967 0.000917182 -0.00141195 0.00928369 -0.0175122 -0.00141195 0.00439967 -0.0175122 0.0651452 
0.00987337 -0.0187379 0.000819611 -0.000857748 -0.0187379 0.0832209 -0.00087429 0.00259669 0.000819611 -0.00087429 0.00886584 -0.0176051 -0.000857748 0.00259669 -0.0176051 0.0799322 
0.00981203 -0.0179207 0.000863181 -0.000770454 -0.0179207 0.0852297 -0.00079745 0.0015818 0.000863181 -0.00079745 0.00877261 -0.0170229 -0.000770454 0.0015818 -0.0170229 0.0837425 
0.010142 -0.0181954 0.000950728 -0.000937808 -0.0181954 0.0877912 -0.000958854 0.00181625 0.000950728 -0.000958854 0.00904851 -0.0171847 -0.000937808 0.00181625 -0.0171847 0.0864232 
0.0102623 -0.0183456 0.000986301 -0.00105557 -0.0183456 0.088691 -0.00106339 0.00222045 0.000986301 -0.00106339 0.00913272 -0.0172453 -0.00105557 0.00222045 -0.0172453 0.0869199 
0.0102223 -0.0182801 0.000963152 -0.00108139 -0.0182801 0.0884277 -0.00108167 0.00241079 0.000963152 -0.00108167 0.00908366 -0.017122 -0.00108139 0.00241079 -0.017122 0.086298 
0.0102589 -0.0182824 0.000934457 -0.00104763 -0.0182824 0.0885142 -0.00104986 0.0024121 0.000934457 -0.00104986 0.00904805 -0.0171266 -0.00104763 0.0024121 -0.0171266 0.086256 
0.0102747 -0.0183697 0.000916802 -0.00100778 -0.0183697 0.0888173 -0.00101878 0.00233622 0.000916802 -0.00101878 0.00908843 -0.0171345 -0.00100778 0.00233622 -0.0171345 0.0864155 
0.0103794 -0.0185498 0.000919945 -0.000983078 -0.0185498 0.0897435 -0.000999016 0.00226003 0.000919945 -0.000999016 0.00917461 -0.0173281 -0.000983078 0.00226003 -0.0173281 0.0872819 
0.0103319 -0.0184601 0.000917599 -0.000975907 -0.0184601 0.0892878 -0.000987846 0.00220778 0.000917599 -0.000987846 0.00911291 -0.0172298 -0.000975907 0.00220778 -0.0172298 0.0868183 
0.0103354 -0.0185434 0.000918638 -0.000989725 -0.0185434 0.0896231 -0.000993014 0.00221576 0.000918638 -0.000993014 0.00915775 -0.0172476 -0.000989725 0.00221576 -0.0172476 0.0869929 
0.0103373 -0.0185412 0.000903677 -0.000992492 -0.0185412 0.0897434 -0.000986786 0.00221717 0.000903677 -0.000986786 0.00918408 -0.0172944 -0.000992492 0.00221717 -0.0172944 0.0871116 
0.0103447 -0.0185264 0.000883158 -0.000975378 -0.0185264 0.089693 -0.00096474 0.00218612 0.000883158 -0.00096474 0.00918787 -0.017299 -0.000975378 0.00218612 -0.017299 0.0870969 
0.0103222 -0.0185148 0.000864054 -0.000952137 -0.0185148 0.0895955 -0.000937291 0.00213163 0.000864054 -0.000937291 0.00920793 -0.0173004 -0.000952137 0.00213163 -0.0173004 0.0870555 
0.0102713 -0.0184572 0.000858436 -0.000931257 -0.0184572 0.0893807 -0.000914594 0.0020773 0.000858436 -0.000914594 0.00923174 -0.0173148 -0.000931257 0.0020773 -0.0173148 0.0869903 
0.0101885 -0.018373 0.000856908 -0.000914894 -0.018373 0.0890984 -0.000905978 0.00203051 0.000856908 -0.000905978 0.00926874 -0.0173459 -0.000914894 0.00203051 -0.0173459 0.0869833 
0.0101429 -0.0182878 0.000870363 -0.000915206 -0.0182878 0.0889052 -0.000920115 0.00203693 0.000870363 -0.000920115 0.00929261 -0.0174212 -0.000915206 0.00203693 -0.0174212 0.0871792 
0.0102881 -0.0184398 0.000879959 -0.000943595 -0.0184398 0.0897517 -0.000960906 0.00211097 0.000879959 -0.000960906 0.00936394 -0.0176562 -0.000943595 0.00211097 -0.0176562 0.0883342 
0.0102717 -0.0183707 0.000881745 -0.000926374 -0.0183707 0.0892113 -0.000949884 0.00209986 0.000881745 -0.000949884 0.00925309 -0.0174875 -0.000926374 0.00209986 -0.0174875 0.087729 
0.010282 -0.0185141 0.000871724 -0.000941548 -0.0185141 0.0896782 -0.000962924 0.00212329 0.000871724 -0.000962924 0.00930408 -0.0174478 -0.000941548 0.00212329 -0.0174478 0.0877699 
0.0103009 -0.0185566 0.00085599 -0.000951514 -0.0185566 0.0900523 -0.000959454 0.00216217 0.00085599 -0.000959454 0.00936286 -0.0175352 -0.000951514 0.00216217 -0.0175352 0.0880129 
0.0101377 -0.0182677 0.000846781 -0.000911625 -0.0182677 0.0887454 -0.000906656 0.00208001 0.000846781 -0.000906656 0.00924764 -0.0173333 -0.000911625 0.00208001 -0.0173333 0.0868555 
0.0101155 -0.0182088 0.000847452 -0.00091194 -0.0182088 0.0885455 -0.000897923 0.00203954 0.000847452 -0.000897923 0.00922562 -0.0173479 -0.00091194 0.00203954 -0.0173479 0.0868685 
0.0102799 -0.0184323 0.000879465 -0.000941447 -0.0184323 0.0896526 -0.000928034 0.00210106 0.000879465 -0.000928034 0.00931309 -0.0175714 -0.000941447 0.00210106 -0.0175714 0.0880768 
0.0102474 -0.018419 0.000865128 -0.000956401 -0.018419 0.0894366 -0.000950886 0.00213955 0.000865128 -0.000950886 0.00927818 -0.0174661 -0.000956401 0.00213955 -0.0174661 0.0877345 
0.0101961 -0.0183056 0.000859302 -0.000943184 -0.0183056 0.0888986 -0.000946475 0.00215876 0.000859302 -0.000946475 0.00920378 -0.0173243 -0.000943184 0.00215876 -0.0173243 0.087043 
0.0102335 -0.0183305 0.000868302 -0.000944325 -0.0183305 0.0889441 -0.000952194 0.00217605 0.000868302 -0.000952194 0.00917227 -0.0172915 -0.000944325 0.00217605 -0.0172915 0.0869129 
0.0103179 -0.0185256 0.000883467 -0.00095643 -0.0185256 0.0897459 -0.000964385 0.0021991 0.000883467 -0.000964385 0.00923378 -0.0173865 -0.00095643 0.0021991 -0.0173865 0.0874676 
0.0103586 -0.0186141 0.000892536 -0.000965883 -0.0186141 0.0901837 -0.000969876 0.00220895 0.000892536 -0.000969876 0.00926642 -0.017437 -0.000965883 0.00220895 -0.017437 0.087724 
0.0102002 -0.0183425 0.00087291 -0.000951129 -0.0183425 0.0889082 -0.000950327 0.00216025 0.00087291 -0.000950327 0.00913533 -0.0171894 -0.000951129 0.00216025 -0.0171894 0.0864511 
0.0102238 -0.0183913 0.000862934 -0.000949718 -0.0183913 0.0892169 -0.000939706 0.0021414 0.000862934 -0.000939706 0.0091875 -0.0172797 -0.000949718 0.0021414 -0.0172797 0.0868591 
0.0102198 -0.0183488 0.000855266 -0.000932145 -0.0183488 0.0890631 -0.00091593 0.00209177 0.000855266 -0.00091593 0.00917722 -0.0172776 -0.000932145 0.00209177 -0.0172776 0.0868194 
0.0101678 -0.0182888 0.000874209 -0.000919836 -0.0182888 0.0887344 -0.000903696 0.00204712 0.000874209 -0.000903696 0.00916635 -0.0172251 -0.000919836 0.00204712 -0.0172251 0.0865721 
0.0103012 -0.0185273 0.000904288 -0.000957599 -0.0185273 0.0899425 -0.000949076 0.00210715 0.000904288 -0.000949076 0.00931259 -0.0174807 -0.000957599 0.00210715 -0.0174807 0.087801 
0.0103004 -0.0184769 0.000917422 -0.000978789 -0.0184769 0.0897464 -0.000981376 0.00217661 0.000917422 -0.000981376 0.00927653 -0.0174937 -0.000978789 0.00217661 -0.0174937 0.0877677 
0.0102937 -0.0184701 0.000909153 -0.00100587 -0.0184701 0.0896151 -0.00101601 0.00227252 0.000909153 -0.00101601 0.00925103 -0.0174338 -0.00100587 0.00227252 -0.0174338 0.0876131 
0.0103153 -0.0184786 0.000886871 -0.000997633 -0.0184786 0.0896076 -0.001008 0.00230318 0.000886871 -0.001008 0.00923021 -0.0173953 -0.000997633 0.00230318 -0.0173953 0.0874718 
0.0103307 -0.0185513 0.000873006 -0.000971072 -0.0185513 0.0898458 -0.000974098 0.00225683 0.000873006 -0.000974098 0.00926656 -0.0173995 -0.000971072 0.00225683 -0.0173995 0.0875283 
0.0103337 -0.0186318 0.000890481 -0.000952313 -0.0186318 0.090279 -0.000946313 0.0021907 0.000890481 -0.000946313 0.00934912 -0.0175044 -0.000952313 0.0021907 -0.0175044 0.0879231 
0.0101567 -0.0183267 0.000886848 -0.000948911 -0.0183267 0.0889785 -0.000936967 0.00212557 0.000886848 -0.000936967 0.00925564 -0.0173194 -0.000948911 0.00212557 -0.0173194 0.0868208 
0.0101763 -0.0183627 0.000889262 -0.000957752 -0.0183627 0.0892764 -0.000946533 0.00212758 0.000889262 -0.000946533 0.00931365 -0.0174505 -0.000957752 0.00212758 -0.0174505 0.0873665 
0.0102064 -0.0183956 0.00087567 -0.000961291 -0.0183956 0.089497 -0.000957857 0.00214692 0.00087567 -0.000957857 0.00935305 -0.0175247 -0.000961291 0.00214692 -0.0175247 0.0877464 
0.0101618 -0.0183798 0.000887738 -0.000943175 -0.0183798 0.089428 -0.000948743 0.00214056 0.000887738 -0.000948743 0.0094 -0.0175348 -0.000943175 0.00214056 -0.0175348 0.0877927 
0.0101124 -0.0182559 0.000898313 -0.000958258 -0.0182559 0.0890092 -0.000970067 0.0021682 0.000898313 -0.000970067 0.00939819 -0.0175456 -0.000958258 0.0021682 -0.0175456 0.087646 
0.0100961 -0.0181963 0.000892364 -0.00096573 -0.0181963 0.0887155 -0.000981167 0.00219606 0.000892364 -0.000981167 0.00937696 -0.0175312 -0.00096573 0.00219606 -0.0175312 0.0875365 
0.010128 -0.0182103 0.000909454 -0.000963516 -0.0182103 0.0887082 -0.000981227 0.00221281 0.000909454 -0.000981227 0.00934967 -0.0175237 -0.000963516 0.00221281 -0.0175237 0.0875452 
0.0101576 -0.0182783 0.000891794 -0.000975347 -0.0182783 0.0888978 -0.000994831 0.00222668 0.000891794 -0.000994831 0.00933426 -0.0175018 -0.000975347 0.00222668 -0.0175018 0.0875656 
0.0101356 -0.0182403 0.000888099 -0.000957958 -0.0182403 0.0886934 -0.000980266 0.00222095 0.000888099 -0.000980266 0.00930399 -0.0174221 -0.000957958 0.00222095 -0.0174221 0.087224 
0.0101312 -0.0181672 0.000896029 -0.000958034 -0.0181672 0.08833 -0.000975657 0.00221402 0.000896029 -0.000975657 0.00924347 -0.0173469 -0.000958034 0.00221402 -0.0173469 0.0868182 
0.0102993 -0.0185042 0.00090517 -0.0009882 -0.0185042 0.0898122 -0.000999369 0.0022661 0.00090517 -0.000999369 0.00940656 -0.0176017 -0.0009882 0.0022661 -0.0176017 0.0881602 
0.0101297 -0.0182417 0.000895985 -0.000962029 -0.0182417 0.0885234 -0.000971289 0.00221612 0.000895985 -0.000971289 0.00928371 -0.0173482 -0.000962029 0.00221612 -0.0173482 0.0868132 
0.0101714 -0.0183368 0.000909914 -0.000962736 -0.0183368 0.0890506 -0.000967511 0.00219173 0.000909914 -0.000967511 0.00934573 -0.0174745 -0.000962736 0.00219173 -0.0174745 0.0873595 
0.0101875 -0.0184232 0.000911421 -0.000988372 -0.0184232 0.0895305 -0.000982273 0.00221648 0.000911421 -0.000982273 0.00943874 -0.0175831 -0.000988372 0.00221648 -0.0175831 0.0878939 
0.0101808 -0.0183937 0.000917043 -0.000994684 -0.0183937 0.0895665 -0.000981115 0.00223762 0.000917043 -0.000981115 0.00947903 -0.0176687 -0.000994684 0.00223762 -0.0176687 0.0881548 
0.010143 -0.0183082 0.000936391 -0.00100042 -0.0183082 0.089212 -0.00098475 0.00224998 0.000936391 -0.00098475 0.00946664 -0.0176612 -0.00100042 0.00224998 -0.0176612 0.0880562 
0.0101662 -0.0182835 0.000948755 -0.00102434 -0.0182835 0.089112 -0.00101746 0.00230228 0.000948755 -0.00101746 0.00945348 -0.0176856 -0.00102434 0.00230228 -0.0176856 0.0881522 
0.0101921 -0.0183436 0.00094546 -0.00102943 -0.0183436 0.0892544 -0.00103216 0.00233632 0.00094546 -0.00103216 0.00945784 -0.01768 -0.00102943 0.00233632 -0.01768 0.0882382 
0.010178 -0.0183697 0.000934589 -0.00102291 -0.0183697 0.0893462 -0.00103112 0.00234317 0.000934589 -0.00103112 0.0094838 -0.0176763 -0.00102291 0.00234317 -0.0176763 0.0882364 
0.010226 -0.0184035 0.000945294 -0.00101973 -0.0184035 0.0896161 -0.0010288 0.00235321 0.000945294 -0.0010288 0.00949329 -0.0177662 -0.00101973 0.00235321 -0.0177662 0.0885705 
0.0100923 -0.0181401 0.000931042 -0.0010021 -0.0181401 0.0882611 -0.0010108 0.00229847 0.000931042 -0.0010108 0.00930076 -0.0174665 -0.0010021 0.00229847 -0.0174665 0.0872009 
0.0101438 -0.0181651 0.000909379 -0.00100551 -0.0181651 0.0882765 -0.00101197 0.00229866 0.000909379 -0.00101197 0.0092288 -0.0173735 -0.00100551 0.00229866 -0.0173735 0.0869617 
0.0102137 -0.0182739 0.000902607 -0.000982357 -0.0182739 0.0886069 -0.000983518 0.00226001 0.000902607 -0.000983518 0.00918832 -0.0173269 -0.000982357 0.00226001 -0.0173269 0.0869327 
0.0102413 -0.0184261 0.000901215 -0.000969578 -0.0184261 0.089174 -0.000961084 0.0021984 0.000901215 -0.000961084 0.00921053 -0.0172994 -0.000969578 0.0021984 -0.0172994 0.0870108 
0.0102186 -0.0183416 0.000893885 -0.000979389 -0.0183416 0.0889173 -0.000961988 0.00219542 0.000893885 -0.000961988 0.00916696 -0.0172267 -0.000979389 0.00219542 -0.0172267 0.0865871 
0.0103702 -0.0185739 0.000913345 -0.000994121 -0.0185739 0.0900421 -0.000977949 0.00224194 0.000913345 -0.000977949 0.00929078 -0.0174543 -0.000994121 0.00224194 -0.0174543 0.0877047 
0.01032 -0.0184829 0.000919609 -0.000993786 -0.0184829 0.0895286 -0.000986452 0.00225309 0.000919609 -0.000986452 0.009245 -0.0173735 -0.000993786 0.00225309 -0.0173735 0.0872532 
0.0102519 -0.018396 0.00092502 -0.000996675 -0.018396 0.0890709 -0.000993536 0.00226057 0.00092502 -0.000993536 0.00922571 -0.0172984 -0.000996675 0.00226057 -0.0172984 0.0868504 
0.0103658 -0.0186027 0.000928077 -0.0010255 -0.0186027 0.0901007 -0.00102332 0.00232891 0.000928077 -0.00102332 0.00937276 -0.0175282 -0.0010255 0.00232891 -0.0175282 0.0879097 
0.0103179 -0.0185802 0.000922988 -0.00100855 -0.0185802 0.0899997 -0.00100418 0.00230931 0.000922988 -0.00100418 0.00940878 -0.0175682 -0.00100855 0.00230931 -0.0175682 0.0879457 
0.0103124 -0.0185899 0.000915941 -0.000999794 -0.0185899 0.0901854 -0.00099007 0.00227182 0.000915941 -0.00099007 0.00944115 -0.0176802 -0.000999794 0.00227182 -0.0176802 0.0883505 
0.0102629 -0.018499 0.000909338 -0.000990731 -0.018499 0.0898733 -0.000981679 0.0022442 0.000909338 -0.000981679 0.00941645 -0.017658 -0.000990731 0.0022442 -0.017658 0.0882603 
0.0101957 -0.018434 0.000889995 -0.000981087 -0.018434 0.0896165 -0.000983303 0.00223175 0.000889995 -0.000983303 0.00943773 -0.0176122 -0.000981087 0.00223175 -0.0176122 0.0880926 
0.0101199 -0.0183345 0.000872506 -0.000963819 -0.0183345 0.0892962 -0.000975334 0.00222342 0.000872506 -0.000975334 0.00946753 -0.0176186 -0.000963819 0.00222342 -0.0176186 0.0879641 
0.0100834 -0.0182406 0.000857456 -0.000942055 -0.0182406 0.0890079 -0.000958067 0.00219014 0.000857456 -0.000958067 0.00947745 -0.0176586 -0.000942055 0.00219014 -0.0176586 0.0879815 
0.0101041 -0.0182663 0.000836732 -0.000915168 -0.0182663 0.0891564 -0.000934448 0.00212528 0.000836732 -0.000934448 0.00950696 -0.0177383 -0.000915168 0.00212528 -0.0177383 0.0883396 
0.0101289 -0.0183337 0.000822592 -0.000884597 -0.0183337 0.0894796 -0.000905442 0.0020479 0.000822592 -0.000905442 0.00953719 -0.0178076 -0.000884597 0.0020479 -0.0178076 0.0887247 
0.0101339 -0.0183138 0.000838886 -0.000869386 -0.0183138 0.0894243 -0.000883695 0.00198843 0.000838886 -0.000883695 0.00950223 -0.0177773 -0.000869386 0.00198843 -0.0177773 0.088644 
0.0101472 -0.0182734 0.000850024 -0.000894272 -0.0182734 0.0891678 -0.00089863 0.00199709 0.000850024 -0.00089863 0.00942625 -0.0176684 -0.000894272 0.00199709 -0.0176684 0.0882388 
0.0101677 -0.0183059 0.000861939 -0.000922626 -0.0183059 0.0891728 -0.000917715 0.00205812 0.000861939 -0.000917715 0.00938238 -0.0176 -0.000922626 0.00205812 -0.0176 0.0880297 
0.010183 -0.0184028 0.000868403 -0.00095012 -0.0184028 0.0895388 -0.000938452 0.00212955 0.000868403 -0.000938452 0.00941714 -0.0175912 -0.00095012 0.00212955 -0.0175912 0.0881044 
0.0101533 -0.0184322 0.00084327 -0.000956352 -0.0184322 0.0897734 -0.000938862 0.002159 0.00084327 -0.000938862 0.00947531 -0.0176357 -0.000956352 0.002159 -0.0176357 0.0882334 
0.0100825 -0.018309 0.000820528 -0.000922812 -0.018309 0.0893809 -0.000904962 0.00211672 0.000820528 -0.000904962 0.00947733 -0.0176118 -0.000922812 0.00211672 -0.0176118 0.0879564 
0.0100237 -0.0182253 0.000811868 -0.000902202 -0.0182253 0.0891113 -0.000887919 0.00207292 0.000811868 -0.000887919 0.009514 -0.0176495 -0.000902202 0.00207292 -0.0176495 0.0879798 
0.0100122 -0.018123 0.000827898 -0.000875282 -0.018123 0.0887131 -0.000867522 0.00200424 0.000827898 -0.000867522 0.00947328 -0.0176458 -0.000875282 0.00200424 -0.0176458 0.0878326 
0.010037 -0.0181014 0.000835177 -0.000895288 -0.0181014 0.0884923 -0.000902626 0.00202867 0.000835177 -0.000902626 0.00942779 -0.017604 -0.000895288 0.00202867 -0.017604 0.0876981 
0.0100706 -0.0181416 0.000846183 -0.000908674 -0.0181416 0.0885231 -0.000925003 0.00208537 0.000846183 -0.000925003 0.00939751 -0.017589 -0.000908674 0.00208537 -0.017589 0.0876999 
0.010123 -0.0182318 0.000840087 -0.000923755 -0.0182318 0.0888186 -0.000932853 0.0021216 0.000840087 -0.000932853 0.00938957 -0.0175832 -0.000923755 0.0021216 -0.0175832 0.0878045 
0.0101334 -0.0182756 0.000844368 -0.000914656 -0.0182756 0.0889457 -0.000915802 0.00210841 0.000844368 -0.000915802 0.00939198 -0.0175539 -0.000914656 0.00210841 -0.0175539 0.0877339 
0.0101738 -0.0183657 0.000847513 -0.000920305 -0.0183657 0.0893837 -0.00091822 0.00210239 0.000847513 -0.00091822 0.00942663 -0.0176225 -0.000920305 0.00210239 -0.0176225 0.0880479 
0.0101783 -0.0183838 0.000819745 -0.000915705 -0.0183838 0.089501 -0.000913363 0.00208464 0.000819745 -0.000913363 0.00943354 -0.017638 -0.000915705 0.00208464 -0.017638 0.0881276 
0.0101528 -0.0183326 0.000784029 -0.000879069 -0.0183326 0.0892949 -0.000878684 0.00201984 0.000784029 -0.000878684 0.00941704 -0.0175993 -0.000879069 0.00201984 -0.0175993 0.0879371 
0.0101517 -0.0184251 0.000758485 -0.000833254 -0.0184251 0.0897676 -0.000834932 0.00191697 0.000758485 -0.000834932 0.00949022 -0.0177055 -0.000833254 0.00191697 -0.0177055 0.0884498 
0.0101526 -0.0183663 0.000750191 -0.000803521 -0.0183663 0.0897059 -0.000806006 0.00183021 0.000750191 -0.000806006 0.00947768 -0.0177361 -0.000803521 0.00183021 -0.0177361 0.0885378 
0.0101637 -0.0182855 0.000791944 -0.000808497 -0.0182855 0.0892887 -0.000812738 0.00182815 0.000791944 -0.000812738 0.00940327 -0.0176432 -0.000808497 0.00182815 -0.0176432 0.0881826 
0.0101703 -0.0182973 0.000847602 -0.00085431 -0.0182973 0.0891091 -0.00086131 0.00189981 0.000847602 -0.00086131 0.00936079 -0.0175295 -0.00085431 0.00189981 -0.0175295 0.0877867 
0.0101685 -0.0182598 0.000898498 -0.000925879 -0.0182598 0.0887957 -0.000931928 0.00205509 0.000898498 -0.000931928 0.00928914 -0.0174074 -0.000925879 0.00205509 -0.0174074 0.087197 
0.0101794 -0.0182712 0.00091482 -0.000996877 -0.0182712 0.0886761 -0.00100205 0.00224403 0.00091482 -0.00100205 0.00924395 -0.0173105 -0.000996877 0.00224403 -0.0173105 0.086769 
0.010181 -0.0183985 0.000874039 -0.00101621 -0.0183985 0.0891839 -0.00101934 0.00234479 0.000874039 -0.00101934 0.00932621 -0.017369 -0.00101621 0.00234479 -0.017369 0.0870418 
0.0101292 -0.0184104 0.000840352 -0.000958979 -0.0184104 0.0894408 -0.000961095 0.00227835 0.000840352 -0.000961095 0.00943531 -0.0174758 -0.000958979 0.00227835 -0.0174758 0.0873506 
0.0101581 -0.0184285 0.000855596 -0.00090763 -0.0184285 0.0898664 -0.000907941 0.00213776 0.000855596 -0.000907941 0.00952723 -0.0177185 -0.00090763 0.00213776 -0.0177185 0.0882166 
0.0101069 -0.0181782 0.000874097 -0.000906771 -0.0181782 0.0887212 -0.000902759 0.00205239 0.000874097 -0.000902759 0.00935241 -0.0175624 -0.000906771 0.00205239 -0.0175624 0.0874461 
0.0101416 -0.0182899 0.000887679 -0.000945684 -0.0182899 0.089002 -0.000943505 0.00210695 0.000887679 -0.000943505 0.00936244 -0.0175397 -0.000945684 0.00210695 -0.0175397 0.0876798 
0.0101532 -0.0183084 0.000882652 -0.000959101 -0.0183084 0.0890781 -0.000959453 0.0021575 0.000882652 -0.000959453 0.00934488 -0.0174998 -0.000959101 0.0021575 -0.0174998 0.087561 
0.0101168 -0.0182478 0.000876314 -0.000955854 -0.0182478 0.0887966 -0.000951248 0.00216873 0.000876314 -0.000951248 0.00932325 -0.0174326 -0.000955854 0.00216873 -0.0174326 0.0872392 
0.010033 -0.0181783 0.000851337 -0.00095568 -0.0181783 0.0884735 -0.000948863 0.0021767 0.000851337 -0.000948863 0.00934437 -0.0173784 -0.00095568 0.0021767 -0.0173784 0.0869312 
0.0101561 -0.018405 0.000849246 -0.000957548 -0.018405 0.0897741 -0.000950484 0.00221412 0.000849246 -0.000950484 0.00954227 -0.0177226 -0.000957548 0.00221412 -0.0177226 0.0884204 
0.0101092 -0.0183399 0.000832699 -0.000924016 -0.0183399 0.089525 -0.000918856 0.00214683 0.000832699 -0.000918856 0.00956812 -0.0177388 -0.000924016 0.00214683 -0.0177388 0.0883738 
0.0100858 -0.0182726 0.000843846 -0.000902094 -0.0182726 0.0892681 -0.000899147 0.00208536 0.000843846 -0.000899147 0.00955888 -0.0177497 -0.000902094 0.00208536 -0.0177497 0.0882982 
0.0101259 -0.0183465 0.000847564 -0.00091044 -0.0183465 0.0895978 -0.000912328 0.0020731 0.000847564 -0.000912328 0.00959283 -0.017824 -0.00091044 0.0020731 -0.017824 0.0886744 
0.00994054 -0.0180319 0.000832982 -0.00089264 -0.0180319 0.088058 -0.000896467 0.00203217 0.000832982 -0.000896467 0.00944125 -0.0175189 -0.00089264 0.00203217 -0.0175189 0.0871657 
0.00996252 -0.0180148 0.000859703 -0.000900948 -0.0180148 0.0880207 -0.000904874 0.00205136 0.000859703 -0.000904874 0.00943083 -0.0175342 -0.000900948 0.00205136 -0.0175342 0.0871856 
0.0100012 -0.0180981 0.000853991 -0.0009421 -0.0180981 0.0883213 -0.000947409 0.002134 0.000853991 -0.000947409 0.00948375 -0.0175834 -0.0009421 0.002134 -0.0175834 0.0874714 
0.0099822 -0.0180835 0.000833108 -0.000934225 -0.0180835 0.0882256 -0.000940815 0.00216848 0.000833108 -0.000940815 0.00950502 -0.017582 -0.000934225 0.00216848 -0.017582 0.0873729 
0.00996338 -0.0181312 0.000843532 -0.000899505 -0.0181312 0.0885283 -0.000908094 0.00211081 0.000843532 -0.000908094 0.00959411 -0.0177204 -0.000899505 0.00211081 -0.0177204 0.0878784 
0.00996596 -0.0181317 0.000845265 -0.000896884 -0.0181317 0.0887186 -0.000911422 0.00206306 0.000845265 -0.000911422 0.00964693 -0.0178361 -0.000896884 0.00206306 -0.0178361 0.0883219 
0.00998539 -0.0180779 0.000865994 -0.000898612 -0.0180779 0.0885291 -0.000915371 0.00205758 0.000865994 -0.000915371 0.00961739 -0.0178408 -0.000898612 0.00205758 -0.0178408 0.0883349 
0.00997572 -0.0180924 0.000875484 -0.000930656 -0.0180924 0.088447 -0.000942018 0.00210778 0.000875484 -0.000942018 0.00962772 -0.0177984 -0.000930656 0.00210778 -0.0177984 0.0882433 
0.00996754 -0.0180829 0.000873463 -0.000947499 -0.0180829 0.0883867 -0.000954148 0.00216031 0.000873463 -0.000954148 0.00962386 -0.0177885 -0.000947499 0.00216031 -0.0177885 0.0881267 
0.00992412 -0.0180294 0.000876964 -0.000941647 -0.0180294 0.0881546 -0.000947817 0.00216925 0.000876964 -0.000947817 0.00962024 -0.0177697 -0.000941647 0.00216925 -0.0177697 0.0879633 
0.0100485 -0.0182129 0.000907741 -0.000958724 -0.0182129 0.0891397 -0.00096031 0.00219968 0.000907741 -0.00096031 0.00972716 -0.0180176 -0.000958724 0.00219968 -0.0180176 0.0891098 
0.0100486 -0.0181836 0.000919037 -0.000987695 -0.0181836 0.0889384 -0.000983151 0.00224281 0.000919037 -0.000983151 0.00968929 -0.0179759 -0.000987695 0.00224281 -0.0179759 0.0889718 
0.0101104 -0.018286 0.000904536 -0.00102533 -0.018286 0.0893298 -0.00101422 0.00234134 0.000904536 -0.00101422 0.00971112 -0.0180157 -0.00102533 0.00234134 -0.0180157 0.0892659 
0.010009 -0.0181009 0.000860274 -0.000992185 -0.0181009 0.0883401 -0.000979522 0.00231655 0.000860274 -0.000979522 0.0095731 -0.0177701 -0.000992185 0.00231655 -0.0177701 0.0881036 
0.0100995 -0.0182983 0.000855577 -0.000948558 -0.0182983 0.0892504 -0.000937478 0.00223903 0.000855577 -0.000937478 0.00963773 -0.0179033 -0.000948558 0.00223903 -0.0179033 0.0888284 
0.00995727 -0.0180676 0.000861067 -0.000914131 -0.0180676 0.0881591 -0.000903957 0.00212022 0.000861067 -0.000903957 0.00950232 -0.0176329 -0.000914131 0.00212022 -0.0176329 0.0875729 
0.00999724 -0.0181269 0.000875642 -0.000935044 -0.0181269 0.0885363 -0.000923964 0.00211578 0.000875642 -0.000923964 0.00952256 -0.0176978 -0.000935044 0.00211578 -0.0176978 0.0879046 
0.00995964 -0.0180901 0.000902147 -0.000948172 -0.0180901 0.0883827 -0.000940892 0.00214329 0.000902147 -0.000940892 0.00951302 -0.017646 -0.000948172 0.00214329 -0.017646 0.0877275 
0.00993498 -0.0179932 0.000925931 -0.000982055 -0.0179932 0.0880193 -0.000981141 0.00221827 0.000925931 -0.000981141 0.00946767 -0.0175945 -0.000982055 0.00221827 -0.0175945 0.0874331 
0.0101145 -0.0182119 0.000961023 -0.00103238 -0.0182119 0.0890543 -0.00102853 0.00234376 0.000961023 -0.00102853 0.00955645 -0.017811 -0.00103238 0.00234376 -0.017811 0.0885443 
0.0101169 -0.0182215 0.000959985 -0.00106181 -0.0182215 0.0888202 -0.00106051 0.00243419 0.000959985 -0.00106051 0.00952205 -0.0176905 -0.00106181 0.00243419 -0.0176905 0.0880986 
0.010142 -0.0182534 0.000958533 -0.00106154 -0.0182534 0.0888781 -0.00106541 0.00247666 0.000958533 -0.00106541 0.00951668 -0.0176985 -0.00106154 0.00247666 -0.0176985 0.0880416 
0.0102034 -0.0183126 0.000940354 -0.00104936 -0.0183126 0.089079 -0.00105276 0.00245256 0.000940354 -0.00105276 0.00949364 -0.0177309 -0.00104936 0.00245256 -0.0177309 0.0881857 
0.0101996 -0.0184071 0.000929804 -0.00101999 -0.0184071 0.0893893 -0.00102395 0.00238746 0.000929804 -0.00102395 0.00952731 -0.0177424 -0.00101999 0.00238746 -0.0177424 0.0883761 
0.010181 -0.0183951 0.000940661 -0.000999754 -0.0183951 0.0894575 -0.00100314 0.00231499 0.000940661 -0.00100314 0.00953493 -0.0177518 -0.000999754 0.00231499 -0.0177518 0.0883878 
0.0101401 -0.0183207 0.000936714 -0.00100864 -0.0183207 0.0891958 -0.0010124 0.00229655 0.000936714 -0.0010124 0.00951604 -0.0177142 -0.00100864 0.00229655 -0.0177142 0.0881857 
0.0100688 -0.0182623 0.000891126 -0.00100016 -0.0182623 0.0889155 -0.00100995 0.00228655 0.000891126 -0.00100995 0.00952081 -0.0176384 -0.00100016 0.00228655 -0.0176384 0.0878448 
0.010001 -0.0181312 0.000899829 -0.000958695 -0.0181312 0.0884993 -0.000968466 0.00223922 0.000899829 -0.000968466 0.00951854 -0.017656 -0.000958695 0.00223922 -0.017656 0.087697 
0.00995791 -0.018009 0.000902431 -0.000977458 -0.018009 0.0879824 -0.000981453 0.00224052 0.000902431 -0.000981453 0.00949547 -0.017615 -0.000977458 0.00224052 -0.017615 0.0874379 
0.0100147 -0.0180923 0.000896307 -0.000985217 -0.0180923 0.088333 -0.000982746 0.00225619 0.000896307 -0.000982746 0.0095085 -0.0177152 -0.000985217 0.00225619 -0.0177152 0.0879125 
0.0100203 -0.0181206 0.000907034 -0.000977763 -0.0181206 0.0883993 -0.000972982 0.00225009 0.000907034 -0.000972982 0.0094903 -0.0176799 -0.000977763 0.00225009 -0.0176799 0.0879023 
0.0100669 -0.0181609 0.000909106 -0.000985066 -0.0181609 0.0885616 -0.000977683 0.00224313 0.000909106 -0.000977683 0.0094555 -0.0176388 -0.000985066 0.00224313 -0.0176388 0.0878188 
0.0100431 -0.0181219 0.000889335 -0.000984388 -0.0181219 0.088252 -0.000973471 0.00223718 0.000889335 -0.000973471 0.00940166 -0.0174997 -0.000984388 0.00223718 -0.0174997 0.087244 
0.0101694 -0.0184016 0.000910742 -0.000995651 -0.0184016 0.0896021 -0.000985286 0.00228912 0.000910742 -0.000985286 0.00957655 -0.0177646 -0.000995651 0.00228912 -0.0177646 0.0884961 
0.00996248 -0.0181018 0.000883685 -0.00097659 -0.0181018 0.0882242 -0.000975886 0.00224604 0.000883685 -0.000975886 0.00949055 -0.0175307 -0.00097659 0.00224604 -0.0175307 0.0871824 
0.010003 -0.018132 0.000874447 -0.00095723 -0.018132 0.0885579 -0.00096698 0.00222449 0.000874447 -0.00096698 0.00953834 -0.0176907 -0.00095723 0.00222449 -0.0176907 0.0877475 
0.0100069 -0.0181212 0.000866769 -0.000939257 -0.0181212 0.0885059 -0.00095172 0.00218293 0.000866769 -0.00095172 0.0095384 -0.0177101 -0.000939257 0.00218293 -0.0177101 0.0878845 
0.0100404 -0.0181929 0.000847111 -0.000927593 -0.0181929 0.0888328 -0.000933138 0.00213242 0.000847111 -0.000933138 0.00956301 -0.0177781 -0.000927593 0.00213242 -0.0177781 0.0882686 
0.0100418 -0.0182357 0.000857622 -0.000907245 -0.0182357 0.0890606 -0.000906553 0.00207814 0.000857622 -0.000906553 0.00960273 -0.0178096 -0.000907245 0.00207814 -0.0178096 0.0884916 
