0.00761476 0 -0.000402243 0 0 0.00992054 0 0 -0.000402243 0 0.00667355 0 0 0 0 0.00992054 
0.0108233 -0.0134175 -0.000543792 0.000659866 -0.0134175 0.0348426 0.000659866 -0.00126605 -0.000543792 0.000659866 0.00943589 -0.0117325 0.000659866 -0.00126605 -0.0117325 0.0316118 
0.0107403 -0.0198249 -0.00046883 0.000670293 -0.0198249 0.072386 0.000670293 -0.00207537 -0.00046883 0.000670293 0.00949248 -0.0179508 0.000670293 -0.00207537 -0.0179508 0.0665548 
0.0101026 -0.0190643 -0.000382988 0.000439257 -0.0190643 0.0845987 0.000447493 -0.0012704 -0.000382988 0.000447493 0.0089743 -0.0177795 0.000439257 -0.0012704 -0.0177795 0.0804588 
0.0101088 -0.0184148 -0.000388619 0.000404042 -0.0184148 0.0874534 0.000416803 -0.000975172 -0.000388619 0.000416803 0.00897545 -0.0171696 0.000404042 -0.000975172 -0.0171696 0.0838938 
0.0102882 -0.0184573 -0.00036668 0.000427752 -0.0184573 0.088911 0.000443452 -0.00100139 -0.00036668 0.000443452 0.00915383 -0.0171475 0.000427752 -0.00100139 -0.0171475 0.0852895 
0.0103243 -0.0184888 -0.000342009 0.000398038 -0.0184888 0.0892465 0.000410921 -0.000988244 -0.000342009 0.000410921 0.00923034 -0.0172147 0.000398038 -0.000988244 -0.0172147 0.0857652 
0.0103708 -0.0185047 -0.000317394 0.000358706 -0.0185047 0.0894292 0.000364906 -0.000891832 -0.000317394 0.000364906 0.00925731 -0.0172909 0.000358706 -0.000891832 -0.0172909 0.0861885 
0.0104528 -0.0185666 -0.000316545 0.000335157 -0.0185666 0.0896407 0.000329962 -0.000801315 -0.000316545 0.000329962 0.00927292 -0.0173326 0.000335157 -0.000801315 -0.0173326 0.086513 
0.0104912 -0.0186475 -0.000320545 0.000344153 -0.0186475 0.0897801 0.00032789 -0.000774987 -0.000320545 0.00032789 0.00925066 -0.0173158 0.000344153 -0.000774987 -0.0173158 0.0865178 
0.010488 -0.0186873 -0.000308537 0.000353916 -0.0186873 0.0898572 0.000335919 -0.00078864 -0.000308537 0.000335919 0.0092197 -0.0172687 0.000353916 -0.00078864 -0.0172687 0.0863642 
0.0104486 -0.0186616 -0.000298861 0.000340594 -0.0186616 0.0897611 0.000325803 -0.000783035 -0.000298861 0.000325803 0.00922609 -0.017213 0.000340594 -0.000783035 -0.017213 0.0861242 
0.0105128 -0.0188072 -0.00029526 0.000319313 -0.0188072 0.0905335 0.000313838 -0.000744069 -0.00029526 0.000313838 0.00931074 -0.0173827 0.000319313 -0.000744069 -0.0173827 0.0868401 
0.0104381 -0.0186967 -0.000297658 0.00031113 -0.0186967 0.0900542 0.000313912 -0.000724484 -0.000297658 0.000313912 0.00924525 -0.0172834 0.00031113 -0.000724484 -0.0172834 0.0863464 
0.0104523 -0.0187172 -0.000300025 0.000312651 -0.0187172 0.0902396 0.000317163 -0.000717373 -0.000300025 0.000317163 0.00925691 -0.0173212 0.000312651 -0.000717373 -0.0173212 0.0865657 
0.0104801 -0.0187414 -0.000295073 0.000321865 -0.0187414 0.0904138 0.000321564 -0.000732075 -0.000295073 0.000321564 0.00923875 -0.0173606 0.000321865 -0.000732075 -0.0173606 0.0868015 
0.0104738 -0.0186941 -0.000252904 0.000314437 -0.0186941 0.0901847 0.000313069 -0.00072573 -0.000252904 0.000313069 0.00917055 -0.0172844 0.000314437 -0.00072573 -0.0172844 0.0865889 
0.0104499 -0.018611 -0.000231111 0.000275943 -0.018611 0.0897212 0.000273403 -0.000677646 -0.000231111 0.000273403 0.00911746 -0.0171435 0.000275943 -0.000677646 -0.0171435 0.0860648 
0.0104607 -0.0186605 -0.000220273 0.000245823 -0.0186605 0.0898462 0.000242199 -0.000600174 -0.000220273 0.000242199 0.00914018 -0.0171464 0.000245823 -0.000600174 -0.0171464 0.086078 
0.0104959 -0.0187717 -0.000250794 0.000238791 -0.0187717 0.0903835 0.000232596 -0.000562891 -0.000250794 0.000232596 0.00923949 -0.0172632 0.000238791 -0.000562891 -0.0172632 0.0865755 
0.0105109 -0.0187873 -0.000250847 0.000279477 -0.0187873 0.0905618 0.000270399 -0.000617787 -0.000250847 0.000270399 0.00928298 -0.017363 0.000279477 -0.000617787 -0.017363 0.0868811 
0.0104744 -0.0187207 -0.000227583 0.000279957 -0.0187207 0.0902804 0.000269836 -0.000652778 -0.000227583 0.000269836 0.00928772 -0.0173625 0.000279957 -0.000652778 -0.0173625 0.086812 
0.0104612 -0.0187115 -0.00024051 0.000258005 -0.0187115 0.0902409 0.00025362 -0.000640374 -0.00024051 0.00025362 0.00932071 -0.0173866 0.000258005 -0.000640374 -0.0173866 0.086879 
0.0104742 -0.0187002 -0.000255528 0.000264188 -0.0187002 0.090221 0.000268175 -0.000638934 -0.000255528 0.000268175 0.00929872 -0.0174236 0.000264188 -0.000638934 -0.0174236 0.0869584 
0.0104864 -0.0187034 -0.000260841 0.000279573 -0.0187034 0.0901641 0.000288429 -0.000671879 -0.000260841 0.000288429 0.00926454 -0.0173793 0.000279573 -0.000671879 -0.0173793 0.0868661 
0.0104811 -0.0187132 -0.000267419 0.000284307 -0.0187132 0.0901472 0.000294041 -0.000694229 -0.000267419 0.000294041 0.00923015 -0.0173323 0.000284307 -0.000694229 -0.0173323 0.0867256 
0.010483 -0.0187311 -0.000285961 0.000291327 -0.0187311 0.0902218 0.000303466 -0.000713409 -0.000285961 0.000303466 0.0091925 -0.0172854 0.000291327 -0.000713409 -0.0172854 0.0866032 
0.0104518 -0.0186883 -0.000275047 0.000307777 -0.0186883 0.0900341 0.000320508 -0.000736917 -0.000275047 0.000320508 0.00914664 -0.0171903 0.000307777 -0.000736917 -0.0171903 0.0862498 
0.0104205 -0.0186404 -0.000248216 0.000294509 -0.0186404 0.0898387 0.00029726 -0.000712685 -0.000248216 0.00029726 0.00913739 -0.0171257 0.000294509 -0.000712685 -0.0171257 0.0859678 
0.010451 -0.0186899 -0.000257955 0.000281067 -0.0186899 0.0901281 0.000271047 -0.000682673 -0.000257955 0.000271047 0.0091912 -0.0172109 0.000281067 -0.000682673 -0.0172109 0.0862986 
0.0104148 -0.0186263 -0.000274684 0.000295855 -0.0186263 0.0897991 0.000282647 -0.000691437 -0.000274684 0.000282647 0.00916631 -0.0171534 0.000295855 -0.000691437 -0.0171534 0.0859747 
0.0104429 -0.0186729 -0.000283208 0.000309914 -0.0186729 0.0900385 0.000299992 -0.000716778 -0.000283208 0.000299992 0.00921112 -0.0172321 0.000309914 -0.000716778 -0.0172321 0.0862956 
0.0104732 -0.0187391 -0.000297768 0.000320909 -0.0187391 0.0903675 0.000316567 -0.000755067 -0.000297768 0.000316567 0.00926284 -0.0173319 0.000320909 -0.000755067 -0.0173319 0.0867295 
0.0104491 -0.0187471 -0.000333704 0.000326009 -0.0187471 0.0904404 0.000326169 -0.000769511 -0.000333704 0.000326169 0.00930205 -0.0173814 0.000326009 -0.000769511 -0.0173814 0.0869306 
0.0103461 -0.0186012 -0.000330183 0.000363158 -0.0186012 0.0898735 0.000364883 -0.000826216 -0.000330183 0.000364883 0.00925937 -0.0173338 0.000363158 -0.000826216 -0.0173338 0.0865942 
0.0103074 -0.0185153 -0.000311976 0.000362319 -0.0185153 0.0896244 0.000367141 -0.000860818 -0.000311976 0.000367141 0.00924616 -0.0173266 0.000362319 -0.000860818 -0.0173266 0.0865788 
0.0103403 -0.0185246 -0.00030677 0.000341007 -0.0185246 0.0897318 0.000346765 -0.000837509 -0.00030677 0.000346765 0.00924381 -0.0173648 0.000341007 -0.000837509 -0.0173648 0.0868224 
0.0103225 -0.0184801 -0.000314411 0.000326484 -0.0184801 0.0894329 0.00033492 -0.000792848 -0.000314411 0.00033492 0.0092169 -0.0172678 0.000326484 -0.000792848 -0.0172678 0.0864779 
0.0104082 -0.0186174 -0.000323298 0.00033166 -0.0186174 0.0900192 0.000340119 -0.000774609 -0.000323298 0.000340119 0.0092852 -0.0173591 0.00033166 -0.000774609 -0.0173591 0.0869201 
0.0103892 -0.0186156 -0.000320125 0.000342131 -0.0186156 0.0899222 0.000349484 -0.000784921 -0.000320125 0.000349484 0.00929475 -0.0173324 0.000342131 -0.000784921 -0.0173324 0.0867142 
0.0103673 -0.0185661 -0.000351192 0.000349449 -0.0185661 0.0897262 0.000351283 -0.000808698 -0.000351192 0.000351283 0.0092836 -0.0173371 0.000349449 -0.000808698 -0.0173371 0.0865803 
0.0103646 -0.0185893 -0.00037086 0.000379832 -0.0185893 0.0898099 0.000379064 -0.000852025 -0.00037086 0.000379064 0.00929107 -0.0173579 0.000379832 -0.000852025 -0.0173579 0.0866783 
0.0103337 -0.0185595 -0.00040166 0.000418108 -0.0185595 0.0896946 0.00041773 -0.000954895 -0.00040166 0.00041773 0.00928092 -0.0173237 0.000418108 -0.000954895 -0.0173237 0.0865326 
0.0103255 -0.0185415 -0.000414415 0.000455026 -0.0185415 0.0896953 0.000458936 -0.00105946 -0.000414415 0.000458936 0.00927394 -0.0173477 0.000455026 -0.00105946 -0.0173477 0.0866064 
0.0103181 -0.0184998 -0.000396847 0.000473129 -0.0184998 0.0895282 0.000476591 -0.00113335 -0.000396847 0.000476591 0.00923751 -0.0173085 0.000473129 -0.00113335 -0.0173085 0.0864782 
0.0103891 -0.0186622 -0.000380966 0.000442136 -0.0186622 0.0902404 0.000445602 -0.00109749 -0.000380966 0.000445602 0.009301 -0.0173913 0.000442136 -0.00109749 -0.0173913 0.0870281 
0.0103492 -0.01857 -0.000355624 0.000412773 -0.01857 0.0898556 0.000413858 -0.00101286 -0.000355624 0.000413858 0.0092597 -0.0173177 0.000412773 -0.00101286 -0.0173177 0.0866275 
0.0103168 -0.0184952 -0.000359419 0.000392598 -0.0184952 0.0895342 0.000388735 -0.000952022 -0.000359419 0.000388735 0.00924956 -0.0173021 0.000392598 -0.000952022 -0.0173021 0.0864859 
0.0103885 -0.0185934 -0.000327455 0.000392307 -0.0185934 0.0899815 0.000390256 -0.000921667 -0.000327455 0.000390256 0.00927752 -0.0174038 0.000392307 -0.000921667 -0.0174038 0.0869891 
0.010388 -0.0186291 -0.000304507 0.000355919 -0.0186291 0.0900586 0.000354625 -0.000865267 -0.000304507 0.000354625 0.0092713 -0.0173817 0.000355919 -0.000865267 -0.0173817 0.0869936 
0.0102989 -0.0185405 -0.000332972 0.000323515 -0.0185405 0.089658 0.000320234 -0.000778503 -0.000332972 0.000320234 0.0092397 -0.0172805 0.000323515 -0.000778503 -0.0172805 0.0865211 
0.0102486 -0.0184704 -0.000338081 0.00035476 -0.0184704 0.0894908 0.000350651 -0.000785153 -0.000338081 0.000350651 0.00922294 -0.0172756 0.00035476 -0.000785153 -0.0172756 0.0864256 
0.0102603 -0.0184641 -0.000344664 0.000371211 -0.0184641 0.0896005 0.000374268 -0.00084687 -0.000344664 0.000374268 0.00923952 -0.0173207 0.000371211 -0.00084687 -0.0173207 0.0866749 
0.0102578 -0.0184411 -0.000357037 0.000368645 -0.0184411 0.0894898 0.000376927 -0.00086009 -0.000357037 0.000376927 0.00922591 -0.0172884 0.000368645 -0.00086009 -0.0172884 0.0865878 
0.0103177 -0.0185143 -0.000350667 0.000383806 -0.0185143 0.0898518 0.000392015 -0.000885028 -0.000350667 0.000392015 0.00926075 -0.0173702 0.000383806 -0.000885028 -0.0173702 0.0869945 
0.0102728 -0.0184532 -0.000346812 0.000377363 -0.0184532 0.0894882 0.000380572 -0.000882563 -0.000346812 0.000380572 0.00922144 -0.0172882 0.000377363 -0.000882563 -0.0172882 0.0866219 
0.0102187 -0.0183952 -0.000372001 0.000369903 -0.0183952 0.0891853 0.000373397 -0.000859576 -0.000372001 0.000373397 0.00922866 -0.0172058 0.000369903 -0.000859576 -0.0172058 0.0862329 
0.0102943 -0.0184985 -0.000388942 0.000411108 -0.0184985 0.089737 0.000415131 -0.000924724 -0.000388942 0.000415131 0.0093034 -0.0173518 0.000411108 -0.000924724 -0.0173518 0.0867732 
0.010265 -0.0184783 -0.000434828 0.000442616 -0.0184783 0.08954 0.000444065 -0.00102141 -0.000434828 0.000444065 0.00930917 -0.0173127 0.000442616 -0.00102141 -0.0173127 0.086534 
0.0102835 -0.0185211 -0.000468981 0.000488177 -0.0185211 0.0897925 0.000488209 -0.00111421 -0.000468981 0.000488209 0.00936513 -0.0174195 0.000488177 -0.00111421 -0.0174195 0.0868874 
0.0102848 -0.0185616 -0.000503233 0.000517248 -0.0185616 0.0900381 0.000521234 -0.00118726 -0.000503233 0.000521234 0.00941909 -0.0175252 0.000517248 -0.00118726 -0.0175252 0.0873046 
0.0102856 -0.0185031 -0.000486004 0.000540744 -0.0185031 0.0898544 0.000551029 -0.00123734 -0.000486004 0.000551029 0.00935636 -0.0175256 0.000540744 -0.00123734 -0.0175256 0.0872704 
0.0102276 -0.018415 -0.00045882 0.000515154 -0.018415 0.0893243 0.000523724 -0.00121128 -0.00045882 0.000523724 0.00924378 -0.0173482 0.000515154 -0.00121128 -0.0173482 0.0866506 
0.0102373 -0.0184429 -0.000436368 0.000486104 -0.0184429 0.0894654 0.000488546 -0.00113793 -0.000436368 0.000488546 0.00922834 -0.017303 0.000486104 -0.00113793 -0.017303 0.0866124 
0.0102457 -0.0185227 -0.000397294 0.000469123 -0.0185227 0.0898454 0.000470391 -0.00108826 -0.000397294 0.000470391 0.00927686 -0.0173081 0.000469123 -0.00108826 -0.0173081 0.0867463 
0.0102335 -0.0184887 -0.000384329 0.000414087 -0.0184887 0.0898744 0.000415275 -0.00097849 -0.000384329 0.000415275 0.00930398 -0.0173685 0.000414087 -0.00097849 -0.0173685 0.0868765 
0.0102116 -0.018436 -0.000398632 0.000403142 -0.018436 0.0896875 0.000403712 -0.00091426 -0.000398632 0.000403712 0.00929962 -0.0173737 0.000403142 -0.00091426 -0.0173737 0.0868622 
0.0101972 -0.018409 -0.000405336 0.000417778 -0.018409 0.0895542 0.000418845 -0.000912365 -0.000405336 0.000418845 0.00929375 -0.0173529 0.000417778 -0.000912365 -0.0173529 0.0867925 
0.0102104 -0.0184491 -0.000434891 0.000429333 -0.0184491 0.0897446 0.000429164 -0.000937755 -0.000434891 0.000429164 0.00934416 -0.0173884 0.000429333 -0.000937755 -0.0173884 0.0869778 
0.0101647 -0.0183573 -0.000463857 0.000465313 -0.0183573 0.089343 0.000462093 -0.00100074 -0.000463857 0.000462093 0.00931754 -0.0173558 0.000465313 -0.00100074 -0.0173558 0.0866782 
0.0101716 -0.0183285 -0.000471431 0.000496866 -0.0183285 0.0892518 0.00049372 -0.00107305 -0.000471431 0.00049372 0.00930989 -0.0174036 0.000496866 -0.00107305 -0.0174036 0.0868261 
0.0101373 -0.0182967 -0.000495892 0.000506146 -0.0182967 0.0889637 0.000505436 -0.00112424 -0.000495892 0.000505436 0.0092501 -0.0172984 0.000506146 -0.00112424 -0.0172984 0.086451 
0.0101303 -0.0183322 -0.000523699 0.000540589 -0.0183322 0.089116 0.000542867 -0.00119909 -0.000523699 0.000542867 0.00927912 -0.0172672 0.000540589 -0.00119909 -0.0172672 0.0864012 
0.0101938 -0.0183596 -0.000502269 0.00057328 -0.0183596 0.0893779 0.000577711 -0.00128371 -0.000502269 0.000577711 0.00930944 -0.0173649 0.00057328 -0.00128371 -0.0173649 0.0867174 
0.0102018 -0.0183759 -0.000508473 0.000542217 -0.0183759 0.089306 0.000545235 -0.00126295 -0.000508473 0.000545235 0.00929912 -0.017344 0.000542217 -0.00126295 -0.017344 0.0866397 
0.0102089 -0.0183696 -0.000487646 0.000546184 -0.0183696 0.0892045 0.000546777 -0.00124338 -0.000487646 0.000546777 0.00925764 -0.0173092 0.000546184 -0.00124338 -0.0173092 0.0864649 
0.010304 -0.018534 -0.000463777 0.000527165 -0.018534 0.0899265 0.000525097 -0.00121374 -0.000463777 0.000525097 0.00929465 -0.0174099 0.000527165 -0.00121374 -0.0174099 0.087057 
0.0103032 -0.0185469 -0.000417799 0.000493703 -0.0185469 0.0899421 0.000489996 -0.00113914 -0.000417799 0.000489996 0.00928516 -0.0173716 0.000493703 -0.00113914 -0.0173716 0.086957 
0.0102814 -0.0185024 -0.000388782 0.000445643 -0.0185024 0.0897208 0.000440789 -0.00104363 -0.000388782 0.000440789 0.00925517 -0.0173089 0.000445643 -0.00104363 -0.0173089 0.0866501 
0.0102098 -0.0184243 -0.000405938 0.000407483 -0.0184243 0.0893444 0.000398168 -0.000932908 -0.000405938 0.000398168 0.00925201 -0.0172517 0.000407483 -0.000932908 -0.0172517 0.0863225 
0.0102066 -0.0184749 -0.000424856 0.000433893 -0.0184749 0.0897003 0.000422052 -0.000933291 -0.000424856 0.000422052 0.00932578 -0.0173691 0.000433893 -0.000933291 -0.0173691 0.0867832 
0.0101866 -0.0184078 -0.000438448 0.00045505 -0.0184078 0.0895575 0.000451924 -0.000988865 -0.000438448 0.000451924 0.00932181 -0.017404 0.00045505 -0.000988865 -0.017404 0.086859 
0.0101903 -0.0183968 -0.000415108 0.00048107 -0.0183968 0.0895448 0.000488037 -0.00107902 -0.000415108 0.000488037 0.00931557 -0.0174288 0.00048107 -0.00107902 -0.0174288 0.0870213 
0.0101491 -0.0182879 -0.000368099 0.000449423 -0.0182879 0.0889968 0.000456327 -0.00106614 -0.000368099 0.000456327 0.00926596 -0.0173065 0.000449423 -0.00106614 -0.0173065 0.0865142 
0.0101544 -0.0183222 -0.000352208 0.000393394 -0.0183222 0.0890566 0.000390887 -0.00095302 -0.000352208 0.000390887 0.00927144 -0.0172932 0.000393394 -0.00095302 -0.0172932 0.0864594 
0.0101873 -0.0183884 -0.00033886 0.000368778 -0.0183884 0.089409 0.000358925 -0.000843265 -0.00033886 0.000358925 0.00930429 -0.0173786 0.000368778 -0.000843265 -0.0173786 0.0868152 
0.0102236 -0.018454 -0.000312048 0.000361545 -0.018454 0.0897438 0.00035386 -0.000806002 -0.000312048 0.00035386 0.00933521 -0.0174357 0.000361545 -0.000806002 -0.0174357 0.0871362 
0.0101472 -0.0182841 -0.000311395 0.00033004 -0.0182841 0.0889709 0.00032652 -0.000758264 -0.000311395 0.00032652 0.00926643 -0.0173154 0.00033004 -0.000758264 -0.0173154 0.0865042 
0.0102366 -0.0184303 -0.000297917 0.00033636 -0.0184303 0.089621 0.000332121 -0.000753249 -0.000297917 0.000332121 0.00933636 -0.0174371 0.00033636 -0.000753249 -0.0174371 0.0871445 
0.0102287 -0.0183872 -0.000301852 0.000324356 -0.0183872 0.0893832 0.000320133 -0.000747206 -0.000301852 0.000320133 0.00932866 -0.0174142 0.000324356 -0.000747206 -0.0174142 0.0869829 
0.0102506 -0.0183983 -0.000307476 0.000328372 -0.0183983 0.0893424 0.000327715 -0.000751503 -0.000307476 0.000327715 0.00930888 -0.0174075 0.000328372 -0.000751503 -0.0174075 0.0869215 
0.0102844 -0.0184392 -0.00029612 0.000326402 -0.0184392 0.0894139 0.000329039 -0.000747913 -0.00029612 0.000329039 0.00927896 -0.0173854 0.000326402 -0.000747913 -0.0173854 0.0868702 
0.0102996 -0.0185052 -0.000297434 0.000311149 -0.0185052 0.0896197 0.000315881 -0.000723748 -0.000297434 0.000315881 0.00929221 -0.0173691 0.000311149 -0.000723748 -0.0173691 0.0868857 
0.0103137 -0.0185405 -0.00032023 0.000307965 -0.0185405 0.089837 0.000312913 -0.000699442 -0.00032023 0.000312913 0.00932092 -0.0174173 0.000307965 -0.000699442 -0.0174173 0.0870543 
0.010259 -0.0184265 -0.000297111 0.000330685 -0.0184265 0.0893079 0.000334816 -0.000720462 -0.000297111 0.000334816 0.00925679 -0.017323 0.000330685 -0.000720462 -0.017323 0.0865501 
0.0102651 -0.0184516 -0.000269749 0.00031525 -0.0184516 0.0894191 0.000313497 -0.00071824 -0.000269749 0.000313497 0.00925815 -0.0173381 0.00031525 -0.00071824 -0.0173381 0.0866598 
0.010282 -0.0185 -0.000259386 0.000282932 -0.0185 0.0897029 0.000277554 -0.00065587 -0.000259386 0.000277554 0.00925031 -0.0173892 0.000282932 -0.00065587 -0.0173892 0.0869505 
0.0102484 -0.0184246 -0.000256077 0.000278308 -0.0184246 0.0894084 0.000268738 -0.00062713 -0.000256077 0.000268738 0.00919992 -0.0172955 0.000278308 -0.00062713 -0.0172955 0.0866487 
0.010294 -0.018513 -0.000264801 0.000286135 -0.018513 0.0898103 0.000275014 -0.000643617 -0.000264801 0.000275014 0.00923444 -0.017318 0.000286135 -0.000643617 -0.017318 0.0868892 
0.010205 -0.0184084 -0.000304654 0.000304546 -0.0184084 0.0892721 0.000295872 -0.000698307 -0.000304654 0.000295872 0.00919797 -0.0171721 0.000304546 -0.000698307 -0.0171721 0.0861747 
0.0102402 -0.0184724 -0.000334558 0.000361672 -0.0184724 0.0897296 0.000357675 -0.000826139 -0.000334558 0.000357675 0.00928687 -0.0173243 0.000361672 -0.000826139 -0.0173243 0.0867358 
0.0102011 -0.0184099 -0.000334712 0.000392534 -0.0184099 0.0894937 0.000395192 -0.000937876 -0.000334712 0.000395192 0.00928683 -0.0173452 0.000392534 -0.000937876 -0.0173452 0.0867141 
0.0102015 -0.0183968 -0.000308695 0.00036932 -0.0183968 0.0894826 0.000377018 -0.000923701 -0.000308695 0.000377018 0.0092658 -0.0173762 0.00036932 -0.000923701 -0.0173762 0.0868565 
0.0101762 -0.018372 -0.000289752 0.000338856 -0.018372 0.0893425 0.000347062 -0.000859713 -0.000289752 0.000347062 0.00926143 -0.0173159 0.000338856 -0.000859713 -0.0173159 0.0867127 
0.0101493 -0.0183451 -0.000299618 0.00031999 -0.0183451 0.0892577 0.000323015 -0.000796493 -0.000299618 0.000323015 0.00927711 -0.017309 0.00031999 -0.000796493 -0.017309 0.0866327 
0.0100956 -0.0182561 -0.000358559 0.000325359 -0.0182561 0.0888907 0.000325001 -0.000764214 -0.000358559 0.000325001 0.00928048 -0.0172766 0.000325359 -0.000764214 -0.0172766 0.0863694 
0.0100649 -0.0182321 -0.000395497 0.000392834 -0.0182321 0.0888469 0.000393387 -0.000855563 -0.000395497 0.000393387 0.00931437 -0.0173412 0.000392834 -0.000855563 -0.0173412 0.0865373 
0.0100718 -0.0182541 -0.000393227 0.000443905 -0.0182541 0.0890384 0.000447949 -0.000998146 -0.000393227 0.000447949 0.00934587 -0.0174255 0.000443905 -0.000998146 -0.0174255 0.0868999 
0.0100799 -0.0182574 -0.000370557 0.00044428 -0.0182574 0.0891271 0.000451573 -0.0010639 -0.000370557 0.000451573 0.00934225 -0.017462 0.00044428 -0.0010639 -0.017462 0.0871094 
0.0101106 -0.0182854 -0.000327338 0.000411158 -0.0182854 0.0893079 0.000420642 -0.0010237 -0.000327338 0.000420642 0.00935553 -0.0175029 0.000411158 -0.0010237 -0.0175029 0.0873919 
0.0100486 -0.018174 -0.000292381 0.000342991 -0.018174 0.0887591 0.000354817 -0.000878267 -0.000292381 0.000354817 0.00928637 -0.0173929 0.000342991 -0.000878267 -0.0173929 0.086902 
0.0100279 -0.0181293 -0.000274644 0.000298652 -0.0181293 0.0885094 0.000307637 -0.000739538 -0.000274644 0.000307637 0.009248 -0.0172967 0.000298652 -0.000739538 -0.0172967 0.0865401 
0.0100459 -0.018174 -0.000257174 0.00029428 -0.018174 0.088685 0.000291438 -0.000685175 -0.000257174 0.000291438 0.00924124 -0.0172936 0.00029428 -0.000685175 -0.0172936 0.0865603 
0.0100484 -0.0181991 -0.00024714 0.000279508 -0.0181991 0.0888127 0.000269715 -0.000644655 -0.00024714 0.000269715 0.00923726 -0.0172836 0.000279508 -0.000644655 -0.0172836 0.0865637 
0.0100865 -0.0182829 -0.000251711 0.00027499 -0.0182829 0.0892586 0.000266146 -0.000633151 -0.000251711 0.000266146 0.00928056 -0.0173409 0.00027499 -0.000633151 -0.0173409 0.0868954 
0.0100442 -0.018214 -0.000252467 0.000278207 -0.018214 0.08897 0.000273167 -0.00063658 -0.000252467 0.000273167 0.00927103 -0.0172823 0.000278207 -0.00063658 -0.0172823 0.0865807 
0.0100685 -0.0182598 -0.000267843 0.000282675 -0.0182598 0.0892298 0.00028175 -0.000657491 -0.000267843 0.00028175 0.00932617 -0.0173595 0.000282675 -0.000657491 -0.0173595 0.0868777 
0.0100377 -0.0182239 -0.00030735 0.000292282 -0.0182239 0.0890849 0.000295004 -0.000673535 -0.00030735 0.000295004 0.00935394 -0.0173838 0.000292282 -0.000673535 -0.0173838 0.0868763 
0.00995077 -0.018063 -0.000308957 0.000327137 -0.018063 0.0883765 0.000331622 -0.000721669 -0.000308957 0.000331622 0.00930032 -0.0173214 0.000327137 -0.000721669 -0.0173214 0.0864151 
0.00999085 -0.018123 -0.000291887 0.000335771 -0.018123 0.0886829 0.000339568 -0.000767149 -0.000291887 0.000339568 0.00932256 -0.0174023 0.000335771 -0.000767149 -0.0174023 0.0868395 
0.00997363 -0.0181058 -0.000304477 0.00032492 -0.0181058 0.0885623 0.000325381 -0.000771543 -0.000304477 0.000325381 0.00931131 -0.0173493 0.00032492 -0.000771543 -0.0173493 0.0866867 
0.0100063 -0.0181522 -0.000309197 0.000337188 -0.0181522 0.0888335 0.000334351 -0.000775405 -0.000309197 0.000334351 0.00932927 -0.0174178 0.000337188 -0.000775405 -0.0174178 0.0869854 
0.00999728 -0.0181363 -0.000309433 0.000340757 -0.0181363 0.0887803 0.000339747 -0.000787694 -0.000309433 0.000339747 0.00932055 -0.0174156 0.000340757 -0.000787694 -0.0174156 0.0870092 
0.00997618 -0.0180483 -0.000283145 0.000340076 -0.0180483 0.08835 0.00034274 -0.000796721 -0.000283145 0.00034274 0.00925841 -0.0173152 0.000340076 -0.000796721 -0.0173152 0.0865744 
0.0100547 -0.0181699 -0.000265016 0.000307265 -0.0181699 0.0888096 0.000309262 -0.000745445 -0.000265016 0.000309262 0.00929712 -0.0173572 0.000307265 -0.000745445 -0.0173572 0.0868775 
0.0100776 -0.0182115 -0.000238055 0.000279458 -0.0182115 0.0888879 0.000282443 -0.000669791 -0.000238055 0.000282443 0.00928879 -0.0173406 0.000279458 -0.000669791 -0.0173406 0.0867722 
0.0101153 -0.0182984 -0.000247852 0.000238045 -0.0182984 0.0892359 0.000243726 -0.000568116 -0.000247852 0.000243726 0.00930951 -0.0173825 0.000238045 -0.000568116 -0.0173825 0.0869688 
0.0100504 -0.018191 -0.000249304 0.000244639 -0.018191 0.0887241 0.000246512 -0.000522803 -0.000249304 0.000246512 0.00925514 -0.0172804 0.000244639 -0.000522803 -0.0172804 0.0864368 
0.0101299 -0.0183299 -0.000251799 0.000261075 -0.0183299 0.0894021 0.000257475 -0.000547955 -0.000251799 0.000257475 0.00931753 -0.0173984 0.000261075 -0.000547955 -0.0173984 0.0870391 
0.0100584 -0.0182292 -0.000228073 0.00026679 -0.0182292 0.0888983 0.000255653 -0.000563123 -0.000228073 0.000255653 0.00926498 -0.0172927 0.00026679 -0.000563123 -0.0172927 0.0865168 
0.0100405 -0.0181609 -0.000238187 0.000248936 -0.0181609 0.0886508 0.000234805 -0.000552302 -0.000238187 0.000234805 0.00922758 -0.0172657 0.000248936 -0.000552302 -0.0172657 0.0863443 
0.0101096 -0.0182718 -0.000241832 0.000257936 -0.0182718 0.0891643 0.000247623 -0.00055651 -0.000241832 0.000247623 0.00927709 -0.0173612 0.000257936 -0.00055651 -0.0173612 0.0868908 
0.0100747 -0.0182243 -0.000261919 0.000265874 -0.0182243 0.0888917 0.00025892 -0.000587733 -0.000261919 0.00025892 0.00926562 -0.0172982 0.000265874 -0.000587733 -0.0172982 0.0866092 
0.0100946 -0.0182931 -0.000280248 0.000283633 -0.0182931 0.0892118 0.000283218 -0.000625905 -0.000280248 0.000283218 0.00930207 -0.017358 0.000283633 -0.000625905 -0.017358 0.0868636 
0.0100331 -0.0181693 -0.000309168 0.000301647 -0.0181693 0.0887096 0.000302314 -0.000669959 -0.000309168 0.000302314 0.00925941 -0.0173017 0.000301647 -0.000669959 -0.0173017 0.0865024 
0.0100563 -0.0182103 -0.000306903 0.00033482 -0.0182103 0.0889473 0.000338887 -0.000737623 -0.000306903 0.000338887 0.00928672 -0.0173726 0.00033482 -0.000737623 -0.0173726 0.086861 
0.0100422 -0.0182197 -0.000302409 0.00034 -0.0182197 0.0889838 0.000349895 -0.000795508 -0.000302409 0.000349895 0.00930755 -0.0173583 0.00034 -0.000795508 -0.0173583 0.086867 
0.0100194 -0.0181725 -0.000300089 0.000329145 -0.0181725 0.0888308 0.000339499 -0.000789653 -0.000300089 0.000339499 0.00933193 -0.0173565 0.000329145 -0.000789653 -0.0173565 0.0867726 
0.00999036 -0.018076 -0.000262008 0.00032381 -0.018076 0.0883949 0.000328074 -0.000767327 -0.000262008 0.000328074 0.00931257 -0.0173334 0.00032381 -0.000767327 -0.0173334 0.0865007 
0.0100679 -0.0181935 -0.000238449 0.000274515 -0.0181935 0.088898 0.000275124 -0.000672439 -0.000238449 0.000275124 0.00933972 -0.0174616 0.000274515 -0.000672439 -0.0174616 0.0870883 
0.0100774 -0.0181966 -0.00024388 0.00024541 -0.0181966 0.0888165 0.000239661 -0.000572225 -0.00024388 0.000239661 0.00929064 -0.0174033 0.00024541 -0.000572225 -0.0174033 0.0869406 
0.0100441 -0.0181734 -0.000297641 0.000255276 -0.0181734 0.088591 0.000243154 -0.000542804 -0.000297641 0.000243154 0.00922215 -0.0172681 0.000255276 -0.000542804 -0.0172681 0.0864424 
0.0100986 -0.0183247 -0.000338094 0.000318995 -0.0183247 0.0893539 0.000310089 -0.000633033 -0.000338094 0.000310089 0.00929597 -0.0173605 0.000318995 -0.000633033 -0.0173605 0.0869771 
0.0100852 -0.0182979 -0.000377043 0.000373826 -0.0182979 0.0893612 0.000371979 -0.000785472 -0.000377043 0.000371979 0.00930009 -0.0173789 0.000373826 -0.000785472 -0.0173789 0.086993 
0.010025 -0.0181585 -0.000384511 0.000423701 -0.0181585 0.0887432 0.000426715 -0.000936299 -0.000384511 0.000426715 0.0092637 -0.0172812 0.000423701 -0.000936299 -0.0172812 0.0864886 
0.0100512 -0.018231 -0.000376344 0.000435784 -0.018231 0.0890202 0.000438829 -0.00101844 -0.000376344 0.000438829 0.00930769 -0.0173379 0.000435784 -0.00101844 -0.0173379 0.0867344 
0.010087 -0.0182877 -0.000364014 0.000430377 -0.0182877 0.089286 0.0004325 -0.00103972 -0.000364014 0.0004325 0.00935019 -0.0173911 0.000430377 -0.00103972 -0.0173911 0.0869451 
0.0100924 -0.0182817 -0.000354054 0.000401305 -0.0182817 0.0892704 0.000404093 -0.000981765 -0.000354054 0.000404093 0.00933205 -0.0174359 0.000401305 -0.000981765 -0.0174359 0.0870369 
0.0101182 -0.0183218 -0.00037125 0.000380627 -0.0183218 0.0894403 0.000386589 -0.000912859 -0.00037125 0.000386589 0.00933641 -0.017454 0.000380627 -0.000912859 -0.017454 0.0872343 
0.0100473 -0.0182073 -0.000337752 0.000387519 -0.0182073 0.088848 0.000396913 -0.000884868 -0.000337752 0.000396913 0.00925723 -0.0173043 0.000387519 -0.000884868 -0.0173043 0.0865717 
