0.00587496 0 -8.33669e-05 0 0 0.00995098 0 0 -8.33669e-05 0 0.00809378 0 0 0 0 0.00995098 
0.00841956 -0.0104818 -0.000103029 0.000126116 -0.0104818 0.0291803 0.000126116 -0.000241608 -0.000103029 0.000126116 0.0112563 -0.013942 0.000126116 -0.000241608 -0.013942 0.0358141 
0.00864581 -0.0165424 -8.44711e-05 0.000104259 -0.0165424 0.0620758 0.000104259 -0.000323409 -8.44711e-05 0.000104259 0.0110666 -0.0202373 0.000104259 -0.000323409 -0.0202373 0.0736055 
0.00825081 -0.0170005 -0.000121948 6.77261e-05 -0.0170005 0.0781038 6.21537e-05 -0.000131615 -0.000121948 6.21537e-05 0.0104262 -0.0192893 6.77261e-05 -0.000131615 -0.0192893 0.0848862 
0.00822983 -0.0165455 -0.000139437 0.000121262 -0.0165455 0.0831813 0.000111076 -0.000126455 -0.000139437 0.000111076 0.0104876 -0.0186805 0.000121262 -0.000126455 -0.0186805 0.0873429 
0.00835561 -0.0163716 -0.000107116 0.00016382 -0.0163716 0.0843891 0.000157142 -0.000279768 -0.000107116 0.000157142 0.0106737 -0.0187703 0.00016382 -0.000279768 -0.0187703 0.0887969 
0.00848373 -0.016443 -7.0976e-05 0.000121441 -0.016443 0.0848834 0.000120206 -0.000290255 -7.0976e-05 0.000120206 0.0107754 -0.018955 0.000121441 -0.000290255 -0.018955 0.0899691 
0.00849094 -0.0164259 -7.18645e-05 8.30475e-05 -0.0164259 0.0845519 8.09157e-05 -0.000226925 -7.18645e-05 8.09157e-05 0.0107256 -0.0188521 8.30475e-05 -0.000226925 -0.0188521 0.0897858 
0.00852255 -0.0165564 -0.000104304 8.31048e-05 -0.0165564 0.0850438 8.12509e-05 -0.000198182 -0.000104304 8.12509e-05 0.0107718 -0.0188837 8.31048e-05 -0.000198182 -0.0188837 0.0900998 
0.00854091 -0.016551 -0.000134124 0.000111585 -0.016551 0.0851222 0.000108481 -0.000219754 -0.000134124 0.000108481 0.0107621 -0.0189119 0.000111585 -0.000219754 -0.0189119 0.0901558 
0.0085972 -0.0165898 -0.000136821 0.000136206 -0.0165898 0.0852954 0.000134878 -0.000264075 -0.000136821 0.000134878 0.0107501 -0.0189502 0.000136206 -0.000264075 -0.0189502 0.0903714 
0.0085602 -0.0165177 -0.000123185 0.000147537 -0.0165177 0.0847625 0.000145796 -0.000311206 -0.000123185 0.000145796 0.0106654 -0.0187853 0.000147537 -0.000311206 -0.0187853 0.0897093 
0.00863461 -0.0166157 -0.000109266 0.000127262 -0.0166157 0.0852105 0.000129536 -0.000295549 -0.000109266 0.000129536 0.0107075 -0.0188728 0.000127262 -0.000295549 -0.0188728 0.0901179 
0.00861313 -0.0165835 -0.000100435 0.000102915 -0.0165835 0.0848914 0.000105882 -0.00023823 -0.000100435 0.000105882 0.0106578 -0.0187703 0.000102915 -0.00023823 -0.0187703 0.0896577 
0.00867577 -0.0166872 -0.000106378 9.44985e-05 -0.0166872 0.0853546 9.204e-05 -0.000192868 -0.000106378 9.204e-05 0.0107035 -0.018858 9.44985e-05 -0.000192868 -0.018858 0.0900492 
0.00866469 -0.0167654 -0.000136105 0.000122106 -0.0167654 0.0856243 0.00011295 -0.000235244 -0.000136105 0.00011295 0.0107203 -0.0188691 0.000122106 -0.000235244 -0.0188691 0.0901391 
0.00865011 -0.0167725 -0.000158157 0.000161149 -0.0167725 0.0858411 0.000146967 -0.000315681 -0.000158157 0.000146967 0.0107635 -0.0189342 0.000161149 -0.000315681 -0.0189342 0.0903947 
0.00858957 -0.016611 -0.000130125 0.000182578 -0.016611 0.0851779 0.0001668 -0.000380397 -0.000130125 0.0001668 0.0106716 -0.018836 0.000182578 -0.000380397 -0.018836 0.0898712 
0.00860565 -0.0166192 -0.000106127 0.000154304 -0.0166192 0.0852147 0.000136257 -0.00036438 -0.000106127 0.000136257 0.0106642 -0.0188417 0.000154304 -0.00036438 -0.0188417 0.0900079 
0.00864917 -0.0167175 -9.25061e-05 0.000124285 -0.0167175 0.0856845 0.000114318 -0.000311708 -9.25061e-05 0.000114318 0.0107276 -0.018921 0.000124285 -0.000311708 -0.018921 0.0904801 
0.00858604 -0.0166207 -7.9835e-05 9.6776e-05 -0.0166207 0.0852174 9.99894e-05 -0.000252004 -7.9835e-05 9.99894e-05 0.0106963 -0.018824 9.6776e-05 -0.000252004 -0.018824 0.0899929 
0.00856114 -0.0165436 -8.69811e-05 8.37661e-05 -0.0165436 0.0849049 9.44102e-05 -0.000222576 -8.69811e-05 9.44102e-05 0.0106755 -0.0188054 8.37661e-05 -0.000222576 -0.0188054 0.089792 
0.00860474 -0.0165416 -9.92408e-05 9.08909e-05 -0.0165416 0.0848645 9.86008e-05 -0.000216067 -9.92408e-05 9.86008e-05 0.0106312 -0.0188197 9.08909e-05 -0.000216067 -0.0188197 0.0898483 
0.00869057 -0.0167163 -8.76055e-05 0.000106694 -0.0167163 0.0855451 0.000106611 -0.000232469 -8.76055e-05 0.000106611 0.0106722 -0.0188955 0.000106694 -0.000232469 -0.0188955 0.0904116 
0.00867232 -0.0167206 -8.24173e-05 0.000100776 -0.0167206 0.0855064 9.16212e-05 -0.000230682 -8.24173e-05 9.16212e-05 0.0106631 -0.0188314 0.000100776 -0.000230682 -0.0188314 0.0901858 
0.0086478 -0.0166814 -5.15594e-05 8.93579e-05 -0.0166814 0.0853765 7.90696e-05 -0.000198787 -5.15594e-05 7.90696e-05 0.0106713 -0.0188164 8.93579e-05 -0.000198787 -0.0188164 0.0900368 
0.00865414 -0.0167208 -8.05771e-05 5.08746e-05 -0.0167208 0.0856065 5.1425e-05 -0.000141879 -8.05771e-05 5.1425e-05 0.0107175 -0.0188989 5.08746e-05 -0.000141879 -0.0188989 0.0903443 
0.00857615 -0.0166245 -0.000101052 8.24005e-05 -0.0166245 0.0851838 9.25297e-05 -0.000168664 -0.000101052 9.25297e-05 0.0106955 -0.0188375 8.24005e-05 -0.000168664 -0.0188375 0.0900092 
0.00855128 -0.0165586 -0.000144758 0.000102568 -0.0165586 0.0850243 0.000117204 -0.00022242 -0.000144758 0.000117204 0.010714 -0.0188678 0.000102568 -0.00022242 -0.0188678 0.0900654 
0.00853445 -0.0165111 -0.000161929 0.000144867 -0.0165111 0.0848274 0.000163129 -0.000302985 -0.000161929 0.000163129 0.0107149 -0.018877 0.000144867 -0.000302985 -0.018877 0.0900591 
0.0086041 -0.0165921 -0.000145733 0.000179206 -0.0165921 0.0852429 0.000191718 -0.000398514 -0.000145733 0.000191718 0.0107811 -0.019007 0.000179206 -0.000398514 -0.019007 0.0906488 
0.00861393 -0.0166401 -0.00013645 0.000179798 -0.0166401 0.0853447 0.000179239 -0.000443763 -0.00013645 0.000179239 0.0107973 -0.0190169 0.000179798 -0.000443763 -0.0190169 0.0907216 
0.00863619 -0.0166961 -9.8561e-05 0.000149223 -0.0166961 0.0856093 0.000141741 -0.000372582 -9.8561e-05 0.000141741 0.0108133 -0.0190622 0.000149223 -0.000372582 -0.0190622 0.0909188 
0.00859404 -0.016603 -4.92679e-05 0.000108482 -0.016603 0.0851316 0.00010496 -0.000291975 -4.92679e-05 0.00010496 0.0107127 -0.0189279 0.000108482 -0.000291975 -0.0189279 0.0903183 
0.00862559 -0.0166406 -8.94054e-06 3.23697e-05 -0.0166406 0.0853032 3.58975e-05 -0.000127843 -8.94054e-06 3.58975e-05 0.0106929 -0.0189168 3.23697e-05 -0.000127843 -0.0189168 0.0903814 
0.00864152 -0.0166398 3.02652e-06 -2.37588e-05 -0.0166398 0.0852563 -1.17881e-05 2.9203e-05 3.02652e-06 -1.17881e-05 0.0106573 -0.0188561 -2.37588e-05 2.9203e-05 -0.0188561 0.0901962 
0.00864251 -0.0166704 -1.83462e-05 -3.82787e-05 -0.0166704 0.0853145 -1.8472e-05 0.000101612 -1.83462e-05 -1.8472e-05 0.010652 -0.0188156 -3.82787e-05 0.000101612 -0.0188156 0.0900765 
0.00870139 -0.0167256 -6.06247e-05 -6.25687e-06 -0.0167256 0.0856196 1.55376e-05 6.38002e-05 -6.06247e-05 1.55376e-05 0.0106679 -0.0188672 -6.25687e-06 6.38002e-05 -0.0188672 0.090299 
0.00879926 -0.0167967 -9.03536e-05 5.60287e-05 -0.0167967 0.085868 6.90222e-05 -5.66026e-05 -9.03536e-05 6.90222e-05 0.0106206 -0.0188964 5.60287e-05 -5.66026e-05 -0.0188964 0.0904738 
0.00877933 -0.0168072 -0.000136306 0.000115424 -0.0168072 0.0855782 0.000112035 -0.000208445 -0.000136306 0.000112035 0.0105221 -0.0186918 0.000115424 -0.000208445 -0.0186918 0.0897834 
0.0088187 -0.0169402 -0.000179873 0.000179892 -0.0169402 0.0861824 0.000163363 -0.00036127 -0.000179873 0.000163363 0.0105397 -0.0187117 0.000179892 -0.00036127 -0.0187117 0.0899844 
0.00869083 -0.0168071 -0.000178388 0.000230187 -0.0168071 0.0856015 0.000207956 -0.0004933 -0.000178388 0.000207956 0.0104867 -0.0185296 0.000230187 -0.0004933 -0.0185296 0.0891575 
0.00868348 -0.016811 -0.000167341 0.000217735 -0.016811 0.0859503 0.000189777 -0.000501117 -0.000167341 0.000189777 0.0105939 -0.0186783 0.000217735 -0.000501117 -0.0186783 0.0896956 
0.00862908 -0.0167088 -0.000171053 0.000198671 -0.0167088 0.0856532 0.000170071 -0.000457207 -0.000171053 0.000170071 0.0106297 -0.0187354 0.000198671 -0.000457207 -0.0187354 0.0897886 
0.00860496 -0.0165921 -0.000147951 0.000204168 -0.0165921 0.0852076 0.000189746 -0.000468792 -0.000147951 0.000189746 0.0106138 -0.0187571 0.000204168 -0.000468792 -0.0187571 0.0897647 
0.00867027 -0.0166498 -0.000148276 0.00017284 -0.0166498 0.0854578 0.000172462 -0.000445605 -0.000148276 0.000172462 0.0106677 -0.018874 0.00017284 -0.000445605 -0.018874 0.0903309 
0.0086896 -0.0166661 -0.000148392 0.000154708 -0.0166661 0.085368 0.000161312 -0.000388435 -0.000148392 0.000161312 0.0106515 -0.0188578 0.000154708 -0.000388435 -0.0188578 0.0902875 
0.00872761 -0.0167295 -0.000140637 0.000164207 -0.0167295 0.0855365 0.000169125 -0.000388635 -0.000140637 0.000169125 0.0106371 -0.0188571 0.000164207 -0.000388635 -0.0188571 0.0903357 
0.0086743 -0.0166568 -0.00014575 0.000160192 -0.0166568 0.085056 0.000162659 -0.000394171 -0.00014575 0.000162659 0.0105627 -0.0186986 0.000160192 -0.000394171 -0.0186986 0.0896489 
0.00867383 -0.0167109 -0.000174647 0.000171961 -0.0167109 0.0853273 0.000169514 -0.000409901 -0.000174647 0.000169514 0.0106202 -0.0187386 0.000171961 -0.000409901 -0.0187386 0.089814 
0.00867922 -0.0167359 -0.000171196 0.000204299 -0.0167359 0.0855381 0.000203961 -0.000467817 -0.000171196 0.000203961 0.0106626 -0.0188103 0.000204299 -0.000467817 -0.0188103 0.0900301 
0.00868094 -0.0167762 -0.000163117 0.000196679 -0.0167762 0.0857821 0.000200322 -0.000486779 -0.000163117 0.000200322 0.010698 -0.0188751 0.000196679 -0.000486779 -0.0188751 0.0902975 
0.00865497 -0.0166533 -0.000143569 0.000175893 -0.0166533 0.0852614 0.000181729 -0.000447584 -0.000143569 0.000181729 0.0105955 -0.0187803 0.000175893 -0.000447584 -0.0187803 0.0898209 
0.00868383 -0.0166922 -0.0001235 0.000163429 -0.0166922 0.0853605 0.000167156 -0.00041837 -0.0001235 0.000167156 0.0105823 -0.0187531 0.000163429 -0.00041837 -0.0187531 0.0898643 
0.00868631 -0.01671 -0.000104896 0.000138662 -0.01671 0.0853806 0.000138057 -0.000360855 -0.000104896 0.000138057 0.0105812 -0.0187108 0.000138662 -0.000360855 -0.0187108 0.0897359 
0.00871293 -0.0167927 -0.000101744 0.000125047 -0.0167927 0.0857821 0.00011838 -0.000316184 -0.000101744 0.00011838 0.010625 -0.0187769 0.000125047 -0.000316184 -0.0187769 0.0900263 
0.00866557 -0.0167088 -0.00010395 0.000125081 -0.0167088 0.0854122 0.000117162 -0.000303485 -0.00010395 0.000117162 0.0105952 -0.0186939 0.000125081 -0.000303485 -0.0186939 0.0896055 
0.00871056 -0.016777 -0.000107905 0.000119423 -0.016777 0.08581 0.000114058 -0.000285952 -0.000107905 0.000114058 0.0106646 -0.0188122 0.000119423 -0.000285952 -0.0188122 0.0900895 
0.00866489 -0.0167032 -8.57291e-05 0.000111123 -0.0167032 0.0854066 0.000116616 -0.00026624 -8.57291e-05 0.000116616 0.0106347 -0.0187432 0.000111123 -0.00026624 -0.0187432 0.0897124 
0.00866987 -0.0167725 -5.61705e-05 8.18478e-05 -0.0167725 0.0857797 9.69601e-05 -0.00022503 -5.61705e-05 9.69601e-05 0.0107294 -0.0188553 8.18478e-05 -0.00022503 -0.0188553 0.0901747 
0.0086346 -0.016765 -2.05885e-05 4.06834e-05 -0.016765 0.0858781 5.84138e-05 -0.000134862 -2.05885e-05 5.84138e-05 0.0107948 -0.0189541 4.06834e-05 -0.000134862 -0.0189541 0.0904752 
0.00857462 -0.0166296 -2.23977e-05 -4.10673e-06 -0.0166296 0.0853923 1.4638e-05 -2.58498e-05 -2.23977e-05 1.4638e-05 0.0107631 -0.0189483 -4.10673e-06 -2.58498e-05 -0.0189483 0.0903068 
0.0086062 -0.0166259 -3.71186e-05 3.31007e-06 -0.0166259 0.0854445 1.78438e-05 8.97964e-06 -3.71186e-05 1.78438e-05 0.0107714 -0.0190147 3.31007e-06 8.97964e-06 -0.0190147 0.0906454 
0.0086052 -0.0166448 -3.71969e-05 2.12123e-05 -0.0166448 0.0854381 2.67816e-05 1.20332e-06 -3.71969e-05 2.67816e-05 0.0107796 -0.0189974 2.12123e-05 1.20332e-06 -0.0189974 0.0906815 
0.00857545 -0.0166046 -9.24254e-05 3.19127e-05 -0.0166046 0.0852288 3.5958e-05 -3.67928e-05 -9.24254e-05 3.5958e-05 0.0107721 -0.0189459 3.19127e-05 -3.67928e-05 -0.0189459 0.0904262 
0.00857237 -0.0165826 -0.000113559 9.22061e-05 -0.0165826 0.0851497 0.000101566 -0.000140031 -0.000113559 0.000101566 0.0107709 -0.0189536 9.22061e-05 -0.000140031 -0.0189536 0.090377 
0.00862379 -0.016605 -0.000110697 0.000125235 -0.016605 0.0852342 0.000132271 -0.000248851 -0.000110697 0.000132271 0.0107381 -0.0189793 0.000125235 -0.000248851 -0.0189793 0.090487 
0.00867629 -0.0167008 -9.70418e-05 0.000143476 -0.0167008 0.0855349 0.000145297 -0.000337711 -9.70418e-05 0.000145297 0.0107369 -0.0189783 0.000143476 -0.000337711 -0.0189783 0.0906496 
0.00863891 -0.0166861 -7.57992e-05 0.000114962 -0.0166861 0.0853406 0.000109065 -0.000298797 -7.57992e-05 0.000109065 0.0106903 -0.0188595 0.000114962 -0.000298797 -0.0188595 0.0901777 
0.00865119 -0.0167234 -8.22516e-05 8.88103e-05 -0.0167234 0.0855847 7.75566e-05 -0.000227073 -8.22516e-05 7.75566e-05 0.0107065 -0.0188788 8.88103e-05 -0.000227073 -0.0188788 0.0902614 
0.00861322 -0.0167214 -8.06329e-05 8.81585e-05 -0.0167214 0.0856223 7.40852e-05 -0.000178977 -8.06329e-05 7.40852e-05 0.0107372 -0.0188708 8.81585e-05 -0.000178977 -0.0188708 0.0902208 
0.00860134 -0.0166579 -6.84386e-05 9.2715e-05 -0.0166579 0.0854979 7.95925e-05 -0.000180454 -6.84386e-05 7.95925e-05 0.0107458 -0.0189047 9.2715e-05 -0.000180454 -0.0189047 0.0902334 
0.0085551 -0.0165662 -6.87589e-05 7.4178e-05 -0.0165662 0.0850347 6.6206e-05 -0.000159663 -6.87589e-05 6.6206e-05 0.0106964 -0.0188384 7.4178e-05 -0.000159663 -0.0188384 0.0898922 
0.00858453 -0.0165579 -8.43197e-05 7.27365e-05 -0.0165579 0.0850064 6.68166e-05 -0.000145751 -8.43197e-05 6.68166e-05 0.0106747 -0.0188445 7.27365e-05 -0.000145751 -0.0188445 0.0899432 
0.0086795 -0.0167126 -0.000104928 9.88888e-05 -0.0167126 0.0856524 9.27035e-05 -0.000192287 -0.000104928 9.27035e-05 0.0107207 -0.0189397 9.88888e-05 -0.000192287 -0.0189397 0.0905203 
0.00866699 -0.0167059 -0.000138508 0.000115051 -0.0167059 0.0854929 0.000108057 -0.000227416 -0.000138508 0.000108057 0.0106862 -0.0188452 0.000115051 -0.000227416 -0.0188452 0.0901545 
0.00866816 -0.0166794 -0.000153054 0.000151311 -0.0166794 0.0853321 0.000143131 -0.000289349 -0.000153054 0.000143131 0.0106416 -0.0187885 0.000151311 -0.000289349 -0.0187885 0.089853 
0.00871273 -0.0167998 -0.000135017 0.000160702 -0.0167998 0.0858627 0.000151099 -0.000320674 -0.000135017 0.000151099 0.0107103 -0.0188732 0.000160702 -0.000320674 -0.0188732 0.0902997 
0.00860599 -0.0166693 -0.000125449 0.000151255 -0.0166693 0.0852181 0.000138894 -0.000328805 -0.000125449 0.000138894 0.0106527 -0.0187301 0.000151255 -0.000328805 -0.0187301 0.0895629 
0.00865976 -0.0167741 -0.000137522 0.000144335 -0.0167741 0.0859197 0.000134772 -0.000324698 -0.000137522 0.000134772 0.0107465 -0.018926 0.000144335 -0.000324698 -0.018926 0.0903923 
0.00867466 -0.0167104 -0.000132698 0.000155547 -0.0167104 0.0856936 0.000154459 -0.000349513 -0.000132698 0.000154459 0.0106942 -0.0189145 0.000155547 -0.000349513 -0.0189145 0.0903355 
0.00868815 -0.0167196 -0.000111054 0.000132817 -0.0167196 0.0856203 0.000140994 -0.000321646 -0.000111054 0.000140994 0.0106756 -0.0188771 0.000132817 -0.000321646 -0.0188771 0.0903005 
0.00869877 -0.0167633 -9.26655e-05 0.000105697 -0.0167633 0.0857622 0.000117056 -0.000266989 -9.26655e-05 0.000117056 0.0106936 -0.0188828 0.000105697 -0.000266989 -0.0188828 0.0903807 
0.00868174 -0.0166644 -0.000102381 7.34579e-05 -0.0166644 0.0852824 9.15882e-05 -0.000192495 -0.000102381 9.15882e-05 0.0106298 -0.018789 7.34579e-05 -0.000192495 -0.018789 0.0898892 
0.00877128 -0.0168154 -0.000148349 9.52117e-05 -0.0168154 0.085879 0.000111479 -0.000201521 -0.000148349 0.000111479 0.0106709 -0.0188857 9.52117e-05 -0.000201521 -0.0188857 0.0904014 
0.0087165 -0.0167879 -0.000177218 0.00016354 -0.0167879 0.085576 0.000168947 -0.00032028 -0.000177218 0.000168947 0.0105979 -0.0187442 0.00016354 -0.00032028 -0.0187442 0.0898214 
0.00873201 -0.0168307 -0.000215213 0.000216219 -0.0168307 0.0859015 0.000212989 -0.000469406 -0.000215213 0.000212989 0.0106159 -0.0187879 0.000216219 -0.000469406 -0.0187879 0.0900419 
0.00873484 -0.0167758 -0.000237302 0.000256473 -0.0167758 0.0857248 0.000246775 -0.000573139 -0.000237302 0.000246775 0.0105784 -0.0187536 0.000256473 -0.000573139 -0.0187536 0.0898993 
0.00874021 -0.0167849 -0.000266103 0.00028803 -0.0167849 0.0856919 0.000273459 -0.000663231 -0.000266103 0.000273459 0.0105672 -0.0187237 0.00028803 -0.000663231 -0.0187237 0.0898419 
0.00874797 -0.0168077 -0.000262134 0.000319799 -0.0168077 0.0857714 0.000304262 -0.000740745 -0.000262134 0.000304262 0.0105595 -0.0187161 0.000319799 -0.000740745 -0.0187161 0.0898402 
0.00874437 -0.0168391 -0.000220149 0.000301782 -0.0168391 0.0859474 0.00028872 -0.000731794 -0.000220149 0.00028872 0.0106076 -0.0187409 0.000301782 -0.000731794 -0.0187409 0.0899874 
0.00871625 -0.0167869 -0.000169788 0.000251542 -0.0167869 0.0857817 0.000243572 -0.000651981 -0.000169788 0.000243572 0.0106091 -0.0187525 0.000251542 -0.000651981 -0.0187525 0.0899159 
0.00872002 -0.0167333 -0.000142804 0.000182383 -0.0167333 0.0855785 0.000176119 -0.000496815 -0.000142804 0.000176119 0.0105872 -0.0187608 0.000182383 -0.000496815 -0.0187608 0.0898991 
0.00871096 -0.0167191 -0.000152543 0.000151103 -0.0167191 0.085404 0.000150708 -0.000388593 -0.000152543 0.000150708 0.0105764 -0.0187211 0.000151103 -0.000388593 -0.0187211 0.0897713 
0.00868484 -0.0167439 -0.000178202 0.000161246 -0.0167439 0.085477 0.000167253 -0.000374369 -0.000178202 0.000167253 0.0106127 -0.0187333 0.000161246 -0.000374369 -0.0187333 0.0898167 
0.00867145 -0.0167401 -0.000191382 0.000201369 -0.0167401 0.0856013 0.000209696 -0.000455849 -0.000191382 0.000209696 0.0106563 -0.0188106 0.000201369 -0.000455849 -0.0188106 0.0900588 
0.00865134 -0.0166642 -0.000203982 0.000217686 -0.0166642 0.0853344 0.000221341 -0.000514759 -0.000203982 0.000221341 0.0106393 -0.0188091 0.000217686 -0.000514759 -0.0188091 0.0899851 
0.00865714 -0.0166462 -0.000205667 0.000220287 -0.0166462 0.0852221 0.000222735 -0.000519731 -0.000205667 0.000222735 0.0106315 -0.0188082 0.000220287 -0.000519731 -0.0188082 0.0899971 
0.00866548 -0.0166611 -0.000209579 0.000236512 -0.0166611 0.0852388 0.000245614 -0.000574164 -0.000209579 0.000245614 0.0106495 -0.0188179 0.000236512 -0.000574164 -0.0188179 0.0900564 
0.00873479 -0.0167645 -0.000182368 0.000234291 -0.0167645 0.0857154 0.000246037 -0.000587846 -0.000182368 0.000246037 0.0106824 -0.0189262 0.000234291 -0.000587846 -0.0189262 0.0905366 
0.00871072 -0.0166977 -0.000169705 0.000195368 -0.0166977 0.0852603 0.000201757 -0.000516882 -0.000169705 0.000201757 0.0105722 -0.0187714 0.000195368 -0.000516882 -0.0187714 0.0899067 
0.00870984 -0.0167365 -0.000172226 0.000178749 -0.0167365 0.0853568 0.000175714 -0.000438979 -0.000172226 0.000175714 0.0105595 -0.0187114 0.000178749 -0.000438979 -0.0187114 0.0897698 
0.00877463 -0.0168281 -0.000192919 0.00019275 -0.0168281 0.0858778 0.000183198 -0.000435646 -0.000192919 0.000183198 0.0106132 -0.0188023 0.00019275 -0.000435646 -0.0188023 0.0901919 
0.00876973 -0.0168266 -0.000200616 0.000229742 -0.0168266 0.0857902 0.000216807 -0.000507368 -0.000200616 0.000216807 0.0105815 -0.0187503 0.000229742 -0.000507368 -0.0187503 0.0899613 
0.00875043 -0.0168479 -0.000224449 0.000248638 -0.0168479 0.0858826 0.000233897 -0.00058186 -0.000224449 0.000233897 0.0106064 -0.0187498 0.000248638 -0.00058186 -0.0187498 0.0899712 
0.00871008 -0.0168202 -0.000227588 0.000275794 -0.0168202 0.0858728 0.000263105 -0.000651072 -0.000227588 0.000263105 0.0106493 -0.0187818 0.000275794 -0.000651072 -0.0187818 0.0900298 
0.00866543 -0.0167491 -0.000243692 0.000263174 -0.0167491 0.0856882 0.000253662 -0.000645286 -0.000243692 0.000253662 0.0106804 -0.0188218 0.000263174 -0.000645286 -0.0188218 0.0900754 
0.00866396 -0.0167449 -0.000269415 0.000272926 -0.0167449 0.0857756 0.000267108 -0.000643367 -0.000269415 0.000267108 0.0107087 -0.0189122 0.000272926 -0.000643367 -0.0189122 0.0904147 
0.00859778 -0.0165705 -0.00025583 0.00030192 -0.0165705 0.0849717 0.000300276 -0.000693988 -0.00025583 0.000300276 0.0106161 -0.0187835 0.00030192 -0.000693988 -0.0187835 0.0898117 
0.00860771 -0.0165875 -0.000246851 0.000283914 -0.0165875 0.0850183 0.000283428 -0.000689174 -0.000246851 0.000283428 0.0106322 -0.0188009 0.000283914 -0.000689174 -0.0188009 0.0899622 
0.00859085 -0.0165813 -0.000239095 0.000275037 -0.0165813 0.0849704 0.000273688 -0.00066839 -0.000239095 0.000273688 0.0106439 -0.0187911 0.000275037 -0.00066839 -0.0187911 0.0899305 
0.00865069 -0.0165735 -0.000256484 0.000266444 -0.0165735 0.0849885 0.000270293 -0.0006551 -0.000256484 0.000270293 0.0105971 -0.0188209 0.000266444 -0.0006551 -0.0188209 0.0900106 
0.00877062 -0.0167518 -0.000275181 0.000291571 -0.0167518 0.085648 0.00029778 -0.000695993 -0.000275181 0.00029778 0.0106222 -0.0188871 0.000291571 -0.000695993 -0.0188871 0.0905499 
0.0087778 -0.0167247 -0.000297726 0.000305195 -0.0167247 0.0852752 0.000306388 -0.000723065 -0.000297726 0.000306388 0.010517 -0.0187013 0.000305195 -0.000723065 -0.0187013 0.0898115 
0.00886269 -0.0169199 -0.000320493 0.000342678 -0.0169199 0.0860453 0.000340509 -0.000798718 -0.000320493 0.000340509 0.0105698 -0.0187654 0.000342678 -0.000798718 -0.0187654 0.090215 
0.00881021 -0.0168266 -0.000310891 0.000361155 -0.0168266 0.0855246 0.000357644 -0.000850684 -0.000310891 0.000357644 0.0104598 -0.0185984 0.000361155 -0.000850684 -0.0185984 0.0893993 
0.00879535 -0.0168641 -0.000277658 0.000346786 -0.0168641 0.0856948 0.000341096 -0.000839917 -0.000277658 0.000341096 0.0104759 -0.018592 0.000346786 -0.000839917 -0.018592 0.0894286 
0.00884056 -0.0169137 -0.000234996 0.000312465 -0.0169137 0.0861125 0.00030457 -0.000781991 -0.000234996 0.00030457 0.0105428 -0.0187135 0.000312465 -0.000781991 -0.0187135 0.0899395 
0.00880363 -0.0168074 -0.000197549 0.000263846 -0.0168074 0.0855447 0.000259404 -0.000687987 -0.000197549 0.000259404 0.0104406 -0.0186048 0.000263846 -0.000687987 -0.0186048 0.0894065 
0.00885519 -0.0169435 -0.000179508 0.000218724 -0.0169435 0.0861513 0.000213543 -0.000576535 -0.000179508 0.000213543 0.0105077 -0.0186883 0.000218724 -0.000576535 -0.0186883 0.0899676 
0.00884309 -0.0169271 -0.000209092 0.000205717 -0.0169271 0.0861297 0.000196058 -0.000516788 -0.000209092 0.000196058 0.0105134 -0.0186825 0.000205717 -0.000516788 -0.0186825 0.0899248 
0.00876228 -0.0168149 -0.000260162 0.000234381 -0.0168149 0.0855882 0.000227411 -0.000534908 -0.000260162 0.000227411 0.0104631 -0.0185701 0.000234381 -0.000534908 -0.0185701 0.0893637 
0.00878 -0.0168584 -0.000279038 0.000294736 -0.0168584 0.0859438 0.00029665 -0.000654405 -0.000279038 0.00029665 0.0105287 -0.0186901 0.000294736 -0.000654405 -0.0186901 0.0898672 
0.00880005 -0.016807 -0.000272291 0.00032046 -0.016807 0.0857864 0.00032697 -0.000762785 -0.000272291 0.00032697 0.0104968 -0.0187016 0.00032046 -0.000762785 -0.0187016 0.0898901 
0.00874383 -0.0167618 -0.000243781 0.00031068 -0.0167618 0.0854079 0.000315594 -0.000780499 -0.000243781 0.000315594 0.0104811 -0.0185858 0.00031068 -0.000780499 -0.0185858 0.0894729 
0.00875547 -0.0167819 -0.000205764 0.000267329 -0.0167819 0.0855808 0.000268469 -0.00069483 -0.000205764 0.000268469 0.0105311 -0.0186531 0.000267329 -0.00069483 -0.0186531 0.0896669 
0.00878167 -0.0167629 -0.00018985 0.000220692 -0.0167629 0.0855136 0.000222492 -0.000582315 -0.00018985 0.000222492 0.0105222 -0.0186929 0.000220692 -0.000582315 -0.0186929 0.0897323 
0.00879412 -0.016793 -0.000186493 0.000209668 -0.016793 0.0855104 0.000214907 -0.000531402 -0.000186493 0.000214907 0.0105204 -0.0186785 0.000209668 -0.000531402 -0.0186785 0.0897186 
0.0088226 -0.0168911 -0.000193604 0.000205818 -0.0168911 0.0859227 0.000212025 -0.000513062 -0.000193604 0.000212025 0.01057 -0.0187455 0.000205818 -0.000513062 -0.0187455 0.0900402 
0.00880911 -0.0168396 -0.000214878 0.000208377 -0.0168396 0.0857008 0.000213519 -0.000502687 -0.000214878 0.000213519 0.0105212 -0.0186976 0.000208377 -0.000502687 -0.0186976 0.0897631 
0.00884768 -0.0169309 -0.00024712 0.000221953 -0.0169309 0.0861062 0.000227845 -0.000506363 -0.00024712 0.000227845 0.010556 -0.0187518 0.000221953 -0.000506363 -0.0187518 0.090095 
0.00880397 -0.0168567 -0.000272304 0.000268743 -0.0168567 0.0857333 0.000275357 -0.000595387 -0.000272304 0.000275357 0.0104997 -0.0186439 0.000268743 -0.000595387 -0.0186439 0.0896036 
0.00882172 -0.0168697 -0.000265988 0.000300304 -0.0168697 0.0858179 0.000306308 -0.000683249 -0.000265988 0.000306308 0.010502 -0.018647 0.000300304 -0.000683249 -0.018647 0.0896236 
0.00881246 -0.016857 -0.000278709 0.000293455 -0.016857 0.0856957 0.000295976 -0.000703812 -0.000278709 0.000295976 0.0104819 -0.0185934 0.000293455 -0.000703812 -0.0185934 0.0893884 
0.0088574 -0.0169831 -0.000260782 0.000312666 -0.0169831 0.0863137 0.000313115 -0.00073411 -0.000260782 0.000313115 0.0105653 -0.0187076 0.000312666 -0.00073411 -0.0187076 0.0899227 
0.00880197 -0.016939 -0.000240495 0.000292245 -0.016939 0.0861676 0.000289751 -0.000718797 -0.000240495 0.000289751 0.0105846 -0.0186949 0.000292245 -0.000718797 -0.0186949 0.0897828 
0.00875818 -0.0168847 -0.000231213 0.000269225 -0.0168847 0.0860667 0.000262802 -0.000667023 -0.000231213 0.000262802 0.0106121 -0.0187406 0.000269225 -0.000667023 -0.0187406 0.0898565 
0.00869019 -0.0168192 -0.000226709 0.000265981 -0.0168192 0.0858727 0.000256394 -0.000645651 -0.000226709 0.000256394 0.0106419 -0.018757 0.000265981 -0.000645651 -0.018757 0.0898711 
0.00869974 -0.016759 -0.000238365 0.000269461 -0.016759 0.0858353 0.000262936 -0.000661691 -0.000238365 0.000262936 0.0106667 -0.0188672 0.000269461 -0.000661691 -0.0188672 0.0902398 
0.00869285 -0.0167127 -0.00025653 0.000266471 -0.0167127 0.0855745 0.000264736 -0.000651381 -0.00025653 0.000264736 0.0106533 -0.0188575 0.000266471 -0.000651381 -0.0188575 0.090245 
0.0087222 -0.0166904 -0.000262556 0.000280608 -0.0166904 0.0854037 0.000277724 -0.000656629 -0.000262556 0.000277724 0.0106174 -0.018838 0.000280608 -0.000656629 -0.018838 0.0901831 
0.00871498 -0.0167413 -0.000265697 0.000292444 -0.0167413 0.085446 0.00029236 -0.000690939 -0.000265697 0.00029236 0.0106222 -0.0187931 0.000292444 -0.000690939 -0.0187931 0.0900951 
0.00874847 -0.0168131 -0.000272795 0.000305561 -0.0168131 0.0858471 0.000310585 -0.000742899 -0.000272795 0.000310585 0.0106674 -0.018876 0.000305561 -0.000742899 -0.018876 0.0904327 
0.00870033 -0.0167714 -0.000286071 0.000311396 -0.0167714 0.0856301 0.000320389 -0.000774362 -0.000286071 0.000320389 0.0106297 -0.0188085 0.000311396 -0.000774362 -0.0188085 0.0901262 
0.00868272 -0.0167751 -0.000307042 0.000326281 -0.0167751 0.0857725 0.000336279 -0.000809422 -0.000307042 0.000336279 0.0106582 -0.0188386 0.000326281 -0.000809422 -0.0188386 0.0902802 
0.008639 -0.0166653 -0.00030444 0.000330194 -0.0166653 0.0854061 0.000334863 -0.000794747 -0.00030444 0.000334863 0.010652 -0.0188145 0.000330194 -0.000794747 -0.0188145 0.090093 
0.00861343 -0.0165602 -0.000275633 0.000329649 -0.0165602 0.0849215 0.000327032 -0.000780605 -0.000275633 0.000327032 0.0106174 -0.0187688 0.000329649 -0.000780605 -0.0187688 0.0898038 
0.00872804 -0.0166978 -0.000275928 0.000321088 -0.0166978 0.0855301 0.000307698 -0.000777678 -0.000275928 0.000307698 0.0106747 -0.0189282 0.000321088 -0.000777678 -0.0189282 0.0905561 
0.00877272 -0.0167254 -0.000272232 0.000318172 -0.0167254 0.0854245 0.000303856 -0.000764309 -0.000272232 0.000303856 0.0106085 -0.0188482 0.000318172 -0.000764309 -0.0188482 0.0903009 
0.0087828 -0.0168055 -0.000291747 0.000316197 -0.0168055 0.085574 0.000303405 -0.000763057 -0.000291747 0.000303405 0.010614 -0.0187844 0.000316197 -0.000763057 -0.0187844 0.09013 
