0.00766155 0 -0.0002737 0 0 0.00988294 0 0 -0.0002737 0 0.00656278 0 0 0 0 0.00988294 
0.0108823 -0.0134877 -0.000395355 0.000480117 -0.0134877 0.0349525 0.000480117 -0.000921931 -0.000395355 0.000480117 0.00930767 -0.0115752 0.000480117 -0.000921931 -0.0115752 0.0312849 
0.0108484 -0.0199445 -0.000331201 0.000543312 -0.0199445 0.0727766 0.000543312 -0.00169349 -0.000331201 0.000543312 0.00947026 -0.0179022 0.000543312 -0.00169349 -0.0179022 0.0664318 
0.0101344 -0.0190561 -0.000284577 0.000353396 -0.0190561 0.0843663 0.000353682 -0.0012039 -0.000284577 0.000353682 0.00896898 -0.0177259 0.000353396 -0.0012039 -0.0177259 0.0802414 
0.0100485 -0.0182899 -0.000291634 0.000306047 -0.0182899 0.0866216 0.000305326 -0.000911572 -0.000291634 0.000305326 0.00894489 -0.0170805 0.000306047 -0.000911572 -0.0170805 0.0833771 
0.0102339 -0.0183568 -0.00024595 0.00032695 -0.0183568 0.0882881 0.000328236 -0.000881776 -0.00024595 0.000328236 0.00914715 -0.0171322 0.00032695 -0.000881776 -0.0171322 0.085066 
0.0103666 -0.0186008 -0.000235836 0.000264886 -0.0186008 0.0896788 0.000273923 -0.000776329 -0.000235836 0.000273923 0.00934344 -0.0173691 0.000264886 -0.000776329 -0.0173691 0.0864384 
0.0103667 -0.0185475 -0.000218965 0.000241027 -0.0185475 0.0896252 0.00025638 -0.000664433 -0.000218965 0.00025638 0.00933534 -0.0174081 0.000241027 -0.000664433 -0.0174081 0.0865855 
0.0103664 -0.0185245 -0.000252372 0.000234668 -0.0185245 0.0895273 0.000248821 -0.000624261 -0.000252372 0.000248821 0.00931507 -0.0173981 0.000234668 -0.000624261 -0.0173981 0.0866628 
0.0104201 -0.0186082 -0.000294378 0.000282614 -0.0186082 0.0898991 0.000289034 -0.00067873 -0.000294378 0.000289034 0.00933559 -0.0174542 0.000282614 -0.00067873 -0.0174542 0.087054 
0.0104617 -0.0186188 -0.000324858 0.000331969 -0.0186188 0.0899238 0.00033507 -0.000781804 -0.000324858 0.00033507 0.00930372 -0.0174487 0.000331969 -0.000781804 -0.0174487 0.0870824 
0.010448 -0.0186032 -0.000347481 0.000377467 -0.0186032 0.0896614 0.000377283 -0.00090601 -0.000347481 0.000377283 0.00926639 -0.0173223 0.000377467 -0.00090601 -0.0173223 0.0866173 
0.0104945 -0.0186735 -0.000333281 0.000402723 -0.0186735 0.0898933 0.000399188 -0.000987037 -0.000333281 0.000399188 0.00927124 -0.0173201 0.000402723 -0.000987037 -0.0173201 0.0865785 
0.0104778 -0.0186879 -0.000332086 0.000380258 -0.0186879 0.0898332 0.000376178 -0.000974805 -0.000332086 0.000376178 0.00926091 -0.0172607 0.000380258 -0.000974805 -0.0172607 0.0862662 
0.0105024 -0.0187268 -0.000311183 0.000375417 -0.0187268 0.090047 0.00037175 -0.000946046 -0.000311183 0.00037175 0.00927051 -0.0173135 0.000375417 -0.000946046 -0.0173135 0.0864025 
0.0105494 -0.0187876 -0.000311665 0.000364446 -0.0187876 0.0903167 0.000359417 -0.000935198 -0.000311665 0.000359417 0.00924931 -0.0173487 0.000364446 -0.000935198 -0.0173487 0.0866056 
0.0106084 -0.0188981 -0.000275884 0.000368669 -0.0188981 0.0907963 0.000358111 -0.000933776 -0.000275884 0.000358111 0.00924734 -0.0173946 0.000368669 -0.000933776 -0.0173946 0.0869869 
0.0105626 -0.0187971 -0.000223488 0.00032403 -0.0187971 0.0903122 0.000310191 -0.000864621 -0.000223488 0.000310191 0.00913828 -0.017243 0.00032403 -0.000864621 -0.017243 0.0864015 
0.010556 -0.0187898 -0.000197858 0.000256366 -0.0187898 0.0902459 0.000241749 -0.000718402 -0.000197858 0.000241749 0.00910661 -0.0171582 0.000256366 -0.000718402 -0.0171582 0.0861811 
0.0105325 -0.0187643 -0.000203053 0.000216942 -0.0187643 0.0901123 0.000206848 -0.000588051 -0.000203053 0.000206848 0.00911748 -0.0170971 0.000216942 -0.000588051 -0.0170971 0.0859219 
0.0105631 -0.0188491 -0.000195737 0.000227857 -0.0188491 0.0905204 0.000221088 -0.000569324 -0.000195737 0.000221088 0.00918419 -0.0171833 0.000227857 -0.000569324 -0.0171833 0.0862402 
0.0104946 -0.0188019 -0.000199247 0.000229955 -0.0188019 0.0903908 0.000225731 -0.00059516 -0.000199247 0.000225731 0.00923052 -0.0172191 0.000229955 -0.00059516 -0.0172191 0.0862617 
0.010454 -0.0186637 -0.000160255 0.000236364 -0.0186637 0.0899536 0.000233742 -0.000619231 -0.000160255 0.000233742 0.00920584 -0.0172402 0.000236364 -0.000619231 -0.0172402 0.0861679 
0.0104954 -0.018715 -0.000105366 0.000188074 -0.018715 0.0901972 0.000185013 -0.000556954 -0.000105366 0.000185013 0.00925854 -0.0173452 0.000188074 -0.000556954 -0.0173452 0.0867042 
0.0104368 -0.0186288 -0.000101627 0.000118973 -0.0186288 0.0897368 0.000117907 -0.000414413 -0.000101627 0.000117907 0.00920466 -0.0172707 0.000118973 -0.000414413 -0.0172707 0.0863554 
0.0104174 -0.0185935 -0.000121778 0.000107752 -0.0185935 0.0896133 0.000109057 -0.000328247 -0.000121778 0.000109057 0.00917807 -0.0172477 0.000107752 -0.000328247 -0.0172477 0.0862992 
0.0104769 -0.0186884 -0.000172507 0.000144672 -0.0186884 0.0900958 0.000146075 -0.000374863 -0.000172507 0.000146075 0.00921091 -0.0173224 0.000144672 -0.000374863 -0.0173224 0.0867663 
0.0104455 -0.0186078 -0.000211043 0.000215555 -0.0186078 0.0897062 0.000218572 -0.000527048 -0.000211043 0.000218572 0.00918855 -0.0172363 0.000215555 -0.000527048 -0.0172363 0.086392 
0.0104272 -0.0185939 -0.000221039 0.000265606 -0.0185939 0.0895561 0.000273044 -0.000684403 -0.000221039 0.000273044 0.0091846 -0.0171966 0.000265606 -0.000684403 -0.0171966 0.0861602 
0.0105018 -0.0187056 -0.000205581 0.000275547 -0.0187056 0.090087 0.000288859 -0.000765844 -0.000205581 0.000288859 0.00923666 -0.0173085 0.000275547 -0.000765844 -0.0173085 0.0866361 
0.0104648 -0.0186823 -0.000181267 0.00024859 -0.0186823 0.0899127 0.000262187 -0.000739689 -0.000181267 0.000262187 0.00926115 -0.0172701 0.00024859 -0.000739689 -0.0172701 0.0864364 
0.0104337 -0.0186648 -0.00018381 0.000211384 -0.0186648 0.089885 0.000221016 -0.000648253 -0.00018381 0.000221016 0.00931835 -0.0173221 0.000211384 -0.000648253 -0.0173221 0.0864906 
0.0104479 -0.0186928 -0.000184819 0.00020351 -0.0186928 0.0901285 0.000209505 -0.000577253 -0.000184819 0.000209505 0.009345 -0.0174563 0.00020351 -0.000577253 -0.0174563 0.0869402 
0.0104665 -0.0187076 -0.000174431 0.000205211 -0.0187076 0.090259 0.0002084 -0.00055312 -0.000174431 0.0002084 0.0093086 -0.0174964 0.000205211 -0.00055312 -0.0174964 0.0872162 
0.0104475 -0.0186582 -0.000165561 0.00020211 -0.0186582 0.0900213 0.00019704 -0.000541996 -0.000165561 0.00019704 0.00923301 -0.017388 0.00020211 -0.000541996 -0.017388 0.086941 
0.0104389 -0.0186042 -0.000156613 0.000204671 -0.0186042 0.0897207 0.000189089 -0.000538723 -0.000156613 0.000189089 0.00917727 -0.0172521 0.000204671 -0.000538723 -0.0172521 0.0864712 
0.010442 -0.0186317 -0.000150467 0.000199601 -0.0186317 0.0897839 0.000178455 -0.000530682 -0.000150467 0.000178455 0.00917906 -0.017243 0.000199601 -0.000530682 -0.017243 0.0864324 
0.0105165 -0.0187595 -0.000146719 0.000198555 -0.0187595 0.0903946 0.000180959 -0.000540018 -0.000146719 0.000180959 0.00924569 -0.0173418 0.000198555 -0.000540018 -0.0173418 0.0869312 
0.0105089 -0.0187086 -0.000117599 0.000180072 -0.0187086 0.090149 0.000168733 -0.000507665 -0.000117599 0.000168733 0.00922838 -0.017317 0.000180072 -0.000507665 -0.017317 0.0867324 
0.0105398 -0.0187515 -0.000102542 0.000152764 -0.0187515 0.0902483 0.000143738 -0.000466432 -0.000102542 0.000143738 0.00918757 -0.0173214 0.000152764 -0.000466432 -0.0173214 0.0867633 
0.0105255 -0.0187639 -0.000117834 0.00013033 -0.0187639 0.0902343 0.000124342 -0.000407096 -0.000117834 0.000124342 0.00918237 -0.0172582 0.00013033 -0.000407096 -0.0172582 0.0866146 
0.0105439 -0.0188065 -0.00011934 0.000143469 -0.0188065 0.0904613 0.000142243 -0.000404048 -0.00011934 0.000142243 0.00925087 -0.0172914 0.000143469 -0.000404048 -0.0172914 0.086741 
0.0104841 -0.0187143 -0.000132197 0.000147182 -0.0187143 0.0900221 0.000149942 -0.000426929 -0.000132197 0.000149942 0.00923344 -0.0172497 0.000147182 -0.000426929 -0.0172497 0.0863268 
0.0105258 -0.0187961 -0.000151333 0.000164529 -0.0187961 0.0904615 0.000171946 -0.000470399 -0.000151333 0.000171946 0.00928921 -0.0173877 0.000164529 -0.000470399 -0.0173877 0.0868853 
0.0104735 -0.0186999 -0.00014682 0.000184518 -0.0186999 0.0900752 0.00019173 -0.000518286 -0.00014682 0.00019173 0.00923061 -0.0173565 0.000184518 -0.000518286 -0.0173565 0.0867087 
0.0104967 -0.0186973 -0.000109245 0.000180626 -0.0186973 0.0901142 0.000182318 -0.00052943 -0.000109245 0.000182318 0.00918601 -0.0173512 0.000180626 -0.00052943 -0.0173512 0.0868351 
0.0105438 -0.0187554 -6.46742e-05 0.000150294 -0.0187554 0.090308 0.000141854 -0.000488023 -6.46742e-05 0.000141854 0.00914413 -0.0172943 0.000150294 -0.000488023 -0.0172943 0.0868345 
0.0105979 -0.0188114 -2.31561e-05 9.26046e-05 -0.0188114 0.0904886 7.80511e-05 -0.000359814 -2.31561e-05 7.80511e-05 0.00910928 -0.0172385 9.26046e-05 -0.000359814 -0.0172385 0.0867429 
0.0105968 -0.0188186 1.973e-05 4.21701e-05 -0.0188186 0.090388 2.83949e-05 -0.000227195 1.973e-05 2.83949e-05 0.00907535 -0.0171439 4.21701e-05 -0.000227195 -0.0171439 0.0863805 
0.0105091 -0.0187698 -2.36988e-05 -1.07973e-05 -0.0187698 0.0900775 -1.75383e-05 -0.000103036 -2.36988e-05 -1.75383e-05 0.00904543 -0.0170277 -1.07973e-05 -0.000103036 -0.0170277 0.0858205 
0.0104699 -0.0187493 -6.11879e-05 3.71177e-05 -0.0187493 0.0901447 3.6501e-05 -0.000127675 -6.11879e-05 3.6501e-05 0.00908407 -0.0170435 3.71177e-05 -0.000127675 -0.0170435 0.0858099 
0.0104054 -0.018649 -7.33625e-05 7.28813e-05 -0.018649 0.0898795 7.39493e-05 -0.000201774 -7.33625e-05 7.39493e-05 0.00909246 -0.0170767 7.28813e-05 -0.000201774 -0.0170767 0.0857893 
0.0104427 -0.0187119 -6.96685e-05 9.56886e-05 -0.0187119 0.090316 0.000100277 -0.000280973 -6.96685e-05 0.000100277 0.00917362 -0.0172155 9.56886e-05 -0.000280973 -0.0172155 0.0864479 
0.0104014 -0.0186076 -4.85044e-05 7.79018e-05 -0.0186076 0.0898785 8.38456e-05 -0.000266114 -4.85044e-05 8.38456e-05 0.00913154 -0.0171769 7.79018e-05 -0.000266114 -0.0171769 0.0862092 
0.0104354 -0.0186742 -4.0287e-05 6.62346e-05 -0.0186742 0.0901976 7.18871e-05 -0.000250129 -4.0287e-05 7.18871e-05 0.00919067 -0.017257 6.62346e-05 -0.000250129 -0.017257 0.0866518 
0.0104518 -0.0186602 -5.24485e-05 5.99782e-05 -0.0186602 0.0901551 6.29182e-05 -0.000232489 -5.24485e-05 6.29182e-05 0.00917959 -0.0172856 5.99782e-05 -0.000232489 -0.0172856 0.0867286 
0.0104151 -0.0185492 -6.38649e-05 7.97618e-05 -0.0185492 0.0895505 7.87355e-05 -0.00025938 -6.38649e-05 7.87355e-05 0.00912142 -0.0171724 7.97618e-05 -0.00025938 -0.0171724 0.086218 
0.010468 -0.0185973 -5.19421e-05 9.28248e-05 -0.0185973 0.0896237 8.57244e-05 -0.000287779 -5.19421e-05 8.57244e-05 0.00908526 -0.0171601 9.28248e-05 -0.000287779 -0.0171601 0.0861859 
0.0105456 -0.0188153 -4.69766e-05 9.05153e-05 -0.0188153 0.0904732 7.79008e-05 -0.000303413 -4.69766e-05 7.79008e-05 0.00915638 -0.0172449 9.05153e-05 -0.000303413 -0.0172449 0.0867553 
0.0105135 -0.0188105 -6.93539e-05 8.45725e-05 -0.0188105 0.0905127 7.70082e-05 -0.000304484 -6.93539e-05 7.70082e-05 0.00915946 -0.0172263 8.45725e-05 -0.000304484 -0.0172263 0.0866278 
0.0105282 -0.018794 -6.81647e-05 9.41975e-05 -0.018794 0.0905822 9.65047e-05 -0.000313228 -6.81647e-05 9.65047e-05 0.00918754 -0.0172695 9.41975e-05 -0.000313228 -0.0172695 0.0867641 
0.0104708 -0.018639 -6.1548e-05 8.35253e-05 -0.018639 0.089811 9.06032e-05 -0.000297569 -6.1548e-05 9.06032e-05 0.00912432 -0.0171518 8.35253e-05 -0.000297569 -0.0171518 0.0861165 
0.0105346 -0.0187547 -7.05625e-05 6.9908e-05 -0.0187547 0.0902629 7.6071e-05 -0.000257465 -7.05625e-05 7.6071e-05 0.00916022 -0.0172523 6.9908e-05 -0.000257465 -0.0172523 0.086584 
0.0105428 -0.0187712 -0.000113028 9.94358e-05 -0.0187712 0.0903006 0.000105938 -0.000309787 -0.000113028 0.000105938 0.00915634 -0.0172414 9.94358e-05 -0.000309787 -0.0172414 0.0865813 
0.0104809 -0.0187177 -0.000157417 0.00015221 -0.0187177 0.090027 0.000158353 -0.000419225 -0.000157417 0.000158353 0.00915511 -0.0171763 0.00015221 -0.000419225 -0.0171763 0.0862693 
0.0104569 -0.01864 -0.000164763 0.000204894 -0.01864 0.0897631 0.000215818 -0.000557414 -0.000164763 0.000215818 0.00912803 -0.0171622 0.000204894 -0.000557414 -0.0171622 0.0860717 
0.0104932 -0.0186816 -0.000153429 0.000204823 -0.0186816 0.0899106 0.000218786 -0.000608365 -0.000153429 0.000218786 0.00913305 -0.0171798 0.000204823 -0.000608365 -0.0171798 0.0862033 
0.0105424 -0.01875 -0.000129068 0.000187914 -0.01875 0.0901678 0.000194304 -0.000578403 -0.000129068 0.000194304 0.00913112 -0.0172054 0.000187914 -0.000578403 -0.0172054 0.086367 
0.0105736 -0.0187829 -0.000115399 0.000159343 -0.0187829 0.090269 0.000155443 -0.000501019 -0.000115399 0.000155443 0.0091414 -0.0172028 0.000159343 -0.000501019 -0.0172028 0.0864028 
0.0106157 -0.0188619 -0.000100745 0.00014248 -0.0188619 0.0905492 0.000134268 -0.000434488 -0.000100745 0.000134268 0.00916628 -0.0172338 0.00014248 -0.000434488 -0.0172338 0.0865501 
0.0106224 -0.0188622 -9.48969e-05 0.000136282 -0.0188622 0.0904908 0.000125726 -0.000412486 -9.48969e-05 0.000125726 0.0091441 -0.0172024 0.000136282 -0.000412486 -0.0172024 0.0863687 
0.0106249 -0.0188923 -7.35298e-05 0.000127499 -0.0188923 0.090556 0.00011648 -0.00038914 -7.35298e-05 0.00011648 0.0091459 -0.0171774 0.000127499 -0.00038914 -0.0171774 0.0862744 
0.0106144 -0.0188834 -8.66212e-05 0.000106904 -0.0188834 0.0905514 9.95653e-05 -0.000361134 -8.66212e-05 9.95653e-05 0.00915036 -0.0171938 0.000106904 -0.000361134 -0.0171938 0.086275 
0.0106201 -0.0188338 -7.30456e-05 0.000116502 -0.0188338 0.0903545 0.000109385 -0.000357917 -7.30456e-05 0.000109385 0.00910986 -0.0171734 0.000116502 -0.000357917 -0.0171734 0.0861504 
0.0106637 -0.0189029 -2.80534e-05 0.000100859 -0.0189029 0.0905777 8.88643e-05 -0.000332732 -2.80534e-05 8.88643e-05 0.00910611 -0.0171921 0.000100859 -0.000332732 -0.0171921 0.0863422 
0.0107028 -0.0190289 5.26613e-06 6.62237e-05 -0.0190289 0.0911055 5.00535e-05 -0.000286438 5.26613e-06 5.00535e-05 0.00913637 -0.0172414 6.62237e-05 -0.000286438 -0.0172414 0.0866993 
0.0106231 -0.0188845 2.17147e-06 1.91713e-05 -0.0188845 0.090522 5.22791e-06 -0.000183571 2.17147e-06 5.22791e-06 0.00905192 -0.0171217 1.91713e-05 -0.000183571 -0.0171217 0.0861175 
0.0106263 -0.0188993 -1.09313e-05 1.54252e-05 -0.0188993 0.0906338 1.21342e-05 -0.000139755 -1.09313e-05 1.21342e-05 0.00908995 -0.0171203 1.54252e-05 -0.000139755 -0.0171203 0.0862201 
0.0106311 -0.0189023 -4.38162e-06 2.42532e-05 -0.0189023 0.0906967 3.08986e-05 -0.000149056 -4.38162e-06 3.08986e-05 0.00913633 -0.0171659 2.42532e-05 -0.000149056 -0.0171659 0.0863407 
0.0106265 -0.0188891 6.36892e-06 1.77227e-05 -0.0188891 0.090658 2.75419e-05 -0.000156518 6.36892e-06 2.75419e-05 0.00914482 -0.0172139 1.77227e-05 -0.000156518 -0.0172139 0.0864426 
0.0106037 -0.0188331 -2.5498e-06 1.82792e-05 -0.0188331 0.0904175 2.55551e-05 -0.000171545 -2.5498e-06 2.55551e-05 0.00910225 -0.0171988 1.82792e-05 -0.000171545 -0.0171988 0.0863567 
0.0105865 -0.0187753 -4.22959e-06 3.4836e-05 -0.0187753 0.0901106 3.4812e-05 -0.000198528 -4.22959e-06 3.4812e-05 0.00904108 -0.0171066 3.4836e-05 -0.000198528 -0.0171066 0.0860427 
0.0105933 -0.0188356 -2.98118e-06 4.86753e-05 -0.0188356 0.0903136 4.13506e-05 -0.00023936 -2.98118e-06 4.13506e-05 0.00907744 -0.017086 4.86753e-05 -0.00023936 -0.017086 0.0860758 
0.0105826 -0.0188499 -1.49234e-05 4.6473e-05 -0.0188499 0.0904355 4.02818e-05 -0.000250853 -1.49234e-05 4.02818e-05 0.00913442 -0.0171193 4.6473e-05 -0.000250853 -0.0171193 0.0861229 
0.0105705 -0.0188738 -6.42206e-05 5.34701e-05 -0.0188738 0.0906596 5.30929e-05 -0.000263068 -6.42206e-05 5.30929e-05 0.00922799 -0.0172464 5.34701e-05 -0.000263068 -0.0172464 0.0865187 
0.0104617 -0.0187154 -0.000119671 8.81136e-05 -0.0187154 0.0900675 9.222e-05 -0.000296435 -0.000119671 9.222e-05 0.00926988 -0.0172637 8.81136e-05 -0.000296435 -0.0172637 0.0863438 
0.0104837 -0.0186963 -0.00014419 0.000157125 -0.0186963 0.0901446 0.000164954 -0.000429964 -0.00014419 0.000164954 0.0092575 -0.0174244 0.000157125 -0.000429964 -0.0174244 0.0868711 
0.010514 -0.0187191 -0.000149075 0.000194933 -0.0187191 0.0901757 0.000206914 -0.000563397 -0.000149075 0.000206914 0.00921284 -0.0173874 0.000194933 -0.000563397 -0.0173874 0.0869844 
0.0104928 -0.01868 -9.57392e-05 0.000190043 -0.01868 0.0898999 0.000203273 -0.000590398 -9.57392e-05 0.000203273 0.00914085 -0.0172644 0.000190043 -0.000590398 -0.0172644 0.0865815 
0.0105253 -0.0187665 -5.6944e-05 0.000125126 -0.0187665 0.090272 0.000137694 -0.00049286 -5.6944e-05 0.000137694 0.00917268 -0.0172689 0.000125126 -0.00049286 -0.0172689 0.0867356 
0.0105659 -0.0188198 -3.36345e-05 7.47836e-05 -0.0188198 0.090567 8.62635e-05 -0.000357728 -3.36345e-05 8.62635e-05 0.00917283 -0.017309 7.47836e-05 -0.000357728 -0.017309 0.0869018 
0.0105453 -0.0187948 1.83209e-05 5.09288e-05 -0.0187948 0.0904101 5.61154e-05 -0.000262404 1.83209e-05 5.61154e-05 0.00914638 -0.0172372 5.09288e-05 -0.000262404 -0.0172372 0.0866363 
0.0105173 -0.018796 4.3552e-05 -6.98252e-06 -0.018796 0.090398 -1.10663e-05 -0.000132846 4.3552e-05 -1.10663e-05 0.00915765 -0.0171988 -6.98252e-06 -0.000132846 -0.0171988 0.086472 
0.0105367 -0.0188058 5.0816e-05 -3.32659e-05 -0.0188058 0.0905499 -4.32933e-05 -3.23315e-05 5.0816e-05 -4.32933e-05 0.0091676 -0.0172542 -3.32659e-05 -3.23315e-05 -0.0172542 0.0866345 
0.0104638 -0.018677 3.12991e-05 -3.20798e-05 -0.018677 0.0899516 -4.48959e-05 -8.87065e-06 3.12991e-05 -4.48959e-05 0.00908553 -0.017155 -3.20798e-05 -8.87065e-06 -0.017155 0.0861494 
0.010463 -0.0187248 -9.09685e-06 -1.35282e-05 -0.0187248 0.0901896 -2.45205e-05 -3.03907e-05 -9.09685e-06 -2.45205e-05 0.00913306 -0.0171673 -1.35282e-05 -3.03907e-05 -0.0171673 0.0863564 
0.0104738 -0.0186793 -2.49086e-05 3.97078e-05 -0.0186793 0.0901118 3.62448e-05 -0.000143513 -2.49086e-05 3.62448e-05 0.00913933 -0.0172009 3.97078e-05 -0.000143513 -0.0172009 0.0864027 
0.0104593 -0.0186606 -6.26198e-05 6.23233e-05 -0.0186606 0.0899362 6.76723e-05 -0.000245012 -6.26198e-05 6.76723e-05 0.00915436 -0.017179 6.23233e-05 -0.000245012 -0.017179 0.0862953 
0.0104956 -0.0187206 -7.517e-05 9.57113e-05 -0.0187206 0.090229 0.000103812 -0.000321334 -7.517e-05 0.000103812 0.00919276 -0.0172868 9.57113e-05 -0.000321334 -0.0172868 0.0866944 
0.0105041 -0.0187294 -6.22057e-05 0.000109306 -0.0187294 0.0902562 0.000115199 -0.000369809 -6.22057e-05 0.000115199 0.00920168 -0.0173013 0.000109306 -0.000369809 -0.0173013 0.0867838 
0.0105156 -0.0187338 -3.45999e-05 8.46829e-05 -0.0187338 0.0902372 8.83335e-05 -0.000330942 -3.45999e-05 8.83335e-05 0.00919072 -0.0172865 8.46829e-05 -0.000330942 -0.0172865 0.0867264 
0.0104853 -0.018685 -3.18613e-05 4.69482e-05 -0.018685 0.0899411 4.95415e-05 -0.000241839 -3.18613e-05 4.95415e-05 0.00913066 -0.01721 4.69482e-05 -0.000241839 -0.01721 0.0863633 
0.0105049 -0.0187154 -3.46342e-05 4.58596e-05 -0.0187154 0.0900677 4.95968e-05 -0.000204897 -3.46342e-05 4.95968e-05 0.00912028 -0.0171965 4.58596e-05 -0.000204897 -0.0171965 0.086384 
0.0104925 -0.0186876 -4.48137e-05 4.55573e-05 -0.0186876 0.0899007 5.3597e-05 -0.000194845 -4.48137e-05 5.3597e-05 0.00911043 -0.0171239 4.55573e-05 -0.000194845 -0.0171239 0.0860891 
0.01058 -0.0188675 -6.12879e-05 5.94868e-05 -0.0188675 0.0906982 6.64543e-05 -0.000215978 -6.12879e-05 6.64543e-05 0.00918549 -0.0172479 5.94868e-05 -0.000215978 -0.0172479 0.0866712 
0.0105774 -0.0188287 -6.98605e-05 8.10287e-05 -0.0188287 0.0905715 8.27984e-05 -0.000253155 -6.98605e-05 8.27984e-05 0.00913064 -0.0172477 8.10287e-05 -0.000253155 -0.0172477 0.0865817 
0.0104959 -0.0187204 -8.05273e-05 9.96047e-05 -0.0187204 0.0900136 9.11451e-05 -0.000296119 -8.05273e-05 9.11451e-05 0.00904229 -0.0171026 9.96047e-05 -0.000296119 -0.0171026 0.0860269 
0.0104746 -0.0187404 -0.000124664 0.000114541 -0.0187404 0.0901669 0.000103907 -0.000332197 -0.000124664 0.000103907 0.00908806 -0.0170846 0.000114541 -0.000332197 -0.0170846 0.0860772 
0.0104519 -0.0186999 -0.000146776 0.000162789 -0.0186999 0.0901289 0.000159838 -0.000422472 -0.000146776 0.000159838 0.00911973 -0.0171247 0.000162789 -0.000422472 -0.0171247 0.0861218 
0.0104861 -0.0187547 -0.000176098 0.000183167 -0.0187547 0.0904667 0.000186792 -0.000498876 -0.000176098 0.000186792 0.00920224 -0.0172506 0.000183167 -0.000498876 -0.0172506 0.0866387 
0.0104158 -0.0186081 -0.000196946 0.00021891 -0.0186081 0.0897509 0.000227199 -0.000587994 -0.000196946 0.000227199 0.00916309 -0.017147 0.00021891 -0.000587994 -0.017147 0.0860393 
0.010404 -0.0185712 -0.00020004 0.000232708 -0.0185712 0.0895795 0.000240326 -0.00063136 -0.00020004 0.000240326 0.00916872 -0.0171864 0.000232708 -0.00063136 -0.0171864 0.086078 
0.0104861 -0.018709 -0.000190874 0.00023238 -0.018709 0.0902629 0.000234632 -0.000630439 -0.000190874 0.000234632 0.00926727 -0.0173834 0.00023238 -0.000630439 -0.0173834 0.0869942 
0.0104754 -0.0186847 -0.000203283 0.000210414 -0.0186847 0.0901019 0.000215245 -0.000583036 -0.000203283 0.000215245 0.00924395 -0.0173568 0.000210414 -0.000583036 -0.0173568 0.086884 
0.010415 -0.0185803 -0.000207172 0.000219853 -0.0185803 0.0895591 0.000231868 -0.000575026 -0.000207172 0.000231868 0.00917015 -0.0172384 0.000219853 -0.000575026 -0.0172384 0.0863299 
0.0104229 -0.0186229 -0.000254387 0.000231434 -0.0186229 0.0897547 0.000243883 -0.000601727 -0.000254387 0.000243883 0.00919102 -0.0172524 0.000231434 -0.000601727 -0.0172524 0.0864559 
0.0104031 -0.0186094 -0.000295217 0.000293696 -0.0186094 0.0897334 0.00030483 -0.000713646 -0.000295217 0.00030483 0.00921191 -0.0172452 0.000293696 -0.000713646 -0.0172452 0.0863955 
0.0103994 -0.0185774 -0.000308643 0.000351531 -0.0185774 0.0896232 0.000364507 -0.00087229 -0.000308643 0.000364507 0.00919893 -0.0172404 0.000351531 -0.00087229 -0.0172404 0.0862878 
0.0104112 -0.0186262 -0.000312679 0.000367047 -0.0186262 0.0897713 0.000378336 -0.000958027 -0.000312679 0.000378336 0.00920641 -0.0172268 0.000367047 -0.000958027 -0.0172268 0.0862796 
0.0104703 -0.0187571 -0.000268409 0.00035874 -0.0187571 0.0904009 0.00036419 -0.000944721 -0.000268409 0.00036419 0.00925293 -0.017318 0.00035874 -0.000944721 -0.017318 0.0867254 
0.0103841 -0.0186001 -0.000229846 0.000296484 -0.0186001 0.0897431 0.000297473 -0.000819778 -0.000229846 0.000297473 0.00918789 -0.01721 0.000296484 -0.000819778 -0.01721 0.0861474 
0.0104479 -0.0187203 -0.000226525 0.000256182 -0.0187203 0.0904003 0.000255391 -0.000701791 -0.000226525 0.000255391 0.00930033 -0.017372 0.000256182 -0.000701791 -0.017372 0.0869378 
0.0103906 -0.0186075 -0.000250355 0.000241722 -0.0186075 0.0899262 0.000243038 -0.000622381 -0.000250355 0.000243038 0.00930676 -0.0173477 0.000241722 -0.000622381 -0.0173477 0.0866906 
0.0103705 -0.0185693 -0.000269814 0.000270905 -0.0185693 0.0897866 0.000275363 -0.000644666 -0.000269814 0.000275363 0.00932436 -0.0174121 0.000270905 -0.000644666 -0.0174121 0.0868435 
0.0104014 -0.0185983 -0.000272273 0.000294971 -0.0185983 0.0899238 0.000300683 -0.000701221 -0.000272273 0.000300683 0.00934002 -0.0174679 0.000294971 -0.000701221 -0.0174679 0.0871197 
0.0103796 -0.0185164 -0.000283959 0.000301285 -0.0185164 0.0894526 0.000307954 -0.00073972 -0.000283959 0.000307954 0.00923577 -0.0173509 0.000301285 -0.00073972 -0.0173509 0.0866143 
0.0104762 -0.0186555 -0.000309633 0.000317502 -0.0186555 0.0899724 0.000319526 -0.000771973 -0.000309633 0.000319526 0.00925658 -0.0173591 0.000317502 -0.000771973 -0.0173591 0.0868769 
0.0104727 -0.0186395 -0.00031524 0.00036042 -0.0186395 0.0897363 0.000350511 -0.000853921 -0.00031524 0.000350511 0.00919079 -0.0172434 0.00036042 -0.000853921 -0.0172434 0.0863454 
0.0105599 -0.0187985 -0.000300212 0.000372865 -0.0187985 0.0904021 0.000352285 -0.000903395 -0.000300212 0.000352285 0.00920526 -0.0173152 0.000372865 -0.000903395 -0.0173152 0.0867463 
0.0105852 -0.0188268 -0.000274119 0.000353553 -0.0188268 0.0904624 0.000333316 -0.000886564 -0.000274119 0.000333316 0.00917318 -0.0172491 0.000353553 -0.000886564 -0.0172491 0.0865475 
0.0105428 -0.0187665 -0.000254424 0.000322101 -0.0187665 0.0900976 0.000311394 -0.000840406 -0.000254424 0.000311394 0.00910276 -0.0171325 0.000322101 -0.000840406 -0.0171325 0.086003 
0.0105573 -0.0187914 -0.000238426 0.000294446 -0.0187914 0.0902145 0.000291203 -0.000783544 -0.000238426 0.000291203 0.00909096 -0.0171214 0.000294446 -0.000783544 -0.0171214 0.0859953 
0.0106287 -0.0188877 -0.000223806 0.000279456 -0.0188877 0.0906637 0.000276352 -0.000744771 -0.000223806 0.000276352 0.00911808 -0.0171752 0.000279456 -0.000744771 -0.0171752 0.0863272 
0.0105923 -0.0188498 -0.000226576 0.000256258 -0.0188498 0.0904185 0.000251988 -0.000686888 -0.000226576 0.000251988 0.0091191 -0.0171145 0.000256258 -0.000686888 -0.0171145 0.0860366 
0.0106397 -0.0189532 -0.000211661 0.000269008 -0.0189532 0.0909456 0.00026118 -0.000688974 -0.000211661 0.00026118 0.00921516 -0.0172526 0.000269008 -0.000688974 -0.0172526 0.086589 
0.0105592 -0.0188153 -0.000178705 0.000249834 -0.0188153 0.0903332 0.000240324 -0.000665235 -0.000178705 0.000240324 0.00919744 -0.0172044 0.000249834 -0.000665235 -0.0172044 0.086172 
0.010646 -0.0189532 -0.000143313 0.000216549 -0.0189532 0.0909966 0.000210101 -0.00061499 -0.000143313 0.000210101 0.00924387 -0.0173666 0.000216549 -0.00061499 -0.0173666 0.086898 
0.0106111 -0.0188808 -0.00013714 0.000163461 -0.0188808 0.0906421 0.000158199 -0.000497222 -0.00013714 0.000158199 0.00918824 -0.0172971 0.000163461 -0.000497222 -0.0172971 0.0866336 
0.0106392 -0.0189101 -0.000129058 0.000150635 -0.0189101 0.0907723 0.000147299 -0.000422599 -0.000129058 0.000147299 0.00917113 -0.0172965 0.000150635 -0.000422599 -0.0172965 0.0867388 
0.0106782 -0.0189743 -0.000122036 0.000146721 -0.0189743 0.0910195 0.000144648 -0.00040311 -0.000122036 0.000144648 0.00917894 -0.0172879 0.000146721 -0.00040311 -0.0172879 0.0868374 
0.0106063 -0.0188665 -0.00012774 0.000146368 -0.0188665 0.0904734 0.000143191 -0.00040585 -0.00012774 0.000143191 0.00912555 -0.0171588 0.000146368 -0.00040585 -0.0171588 0.0862065 
0.0105569 -0.0188706 -0.000133803 0.000165451 -0.0188706 0.0905421 0.000164448 -0.000456169 -0.000133803 0.000164448 0.00918455 -0.0171874 0.000165451 -0.000456169 -0.0171874 0.0862906 
0.0105114 -0.0188131 -0.000127243 0.00016917 -0.0188131 0.0904886 0.000175026 -0.000493987 -0.000127243 0.000175026 0.00924657 -0.0172602 0.00016917 -0.000493987 -0.0172602 0.0864519 
0.0104784 -0.0186686 -9.52101e-05 0.0001597 -0.0186686 0.0899856 0.000167438 -0.00049611 -9.52101e-05 0.000167438 0.00920878 -0.0172864 0.0001597 -0.00049611 -0.0172864 0.0863712 
0.010522 -0.0187582 -8.89264e-05 0.00013344 -0.0187582 0.0903226 0.000133658 -0.000460284 -8.89264e-05 0.000133658 0.00925855 -0.0173597 0.00013344 -0.000460284 -0.0173597 0.0868588 
0.0104868 -0.0186405 -9.97331e-05 0.000128419 -0.0186405 0.0897578 0.000117349 -0.000418821 -9.97331e-05 0.000117349 0.00916518 -0.0172612 0.000128419 -0.000418821 -0.0172612 0.086364 
0.0105331 -0.0187055 -0.000133696 0.000160049 -0.0187055 0.0899685 0.000139248 -0.000465874 -0.000133696 0.000139248 0.0091662 -0.0172669 0.000160049 -0.000465874 -0.0172669 0.0865367 
0.0105856 -0.0187701 -0.000120612 0.000182141 -0.0187701 0.0901535 0.000165967 -0.00050903 -0.000120612 0.000165967 0.00914364 -0.0172408 0.000182141 -0.00050903 -0.0172408 0.0865088 
0.0105395 -0.0187703 -0.000104716 0.000167944 -0.0187703 0.0900141 0.000159626 -0.000518225 -0.000104716 0.000159626 0.00912179 -0.0171457 0.000167944 -0.000518225 -0.0171457 0.0861233 
0.0105325 -0.0188102 -8.94711e-05 0.000135951 -0.0188102 0.0903423 0.000134814 -0.00045957 -8.94711e-05 0.000134814 0.00915793 -0.0172215 0.000135951 -0.00045957 -0.0172215 0.0864101 
