0.00748961 0 0.000472207 0 0 0.00994703 0 0 0.000472207 0 0.00687089 0 0 0 0 0.00994703 
0.0106437 -0.0131996 0.00067227 -0.00081569 -0.0131996 0.0344481 -0.00081569 0.00156361 0.00067227 -0.00081569 0.00971523 -0.0120742 -0.00081569 0.00156361 -0.0120742 0.0322898 
0.010539 -0.0195336 0.000621535 -0.000852247 -0.0195336 0.0714689 -0.000852247 0.00264147 0.000621535 -0.000852247 0.00973642 -0.0182925 -0.000852247 0.00264147 -0.0182925 0.0676091 
0.00984295 -0.0187563 0.000575533 -0.000613394 -0.0187563 0.0834773 -0.000608392 0.00178571 0.000575533 -0.000608392 0.00916006 -0.0179154 -0.000613394 0.00178571 -0.0179154 0.0806981 
0.00989581 -0.018227 0.000597726 -0.000632825 -0.018227 0.0870125 -0.000622452 0.0015864 0.000597726 -0.000622452 0.00926021 -0.017453 -0.000632825 0.0015864 -0.017453 0.0846377 
0.00998117 -0.0181552 0.00060998 -0.000677543 -0.0181552 0.0880019 -0.000668522 0.00168986 0.00060998 -0.000668522 0.00941946 -0.0173844 -0.000677543 0.00168986 -0.0173844 0.0856578 
0.0101221 -0.0182804 0.000596697 -0.000690534 -0.0182804 0.0889166 -0.000682658 0.0017418 0.000596697 -0.000682658 0.00953881 -0.0175928 -0.000690534 0.0017418 -0.0175928 0.0867676 
0.0102262 -0.018439 0.000599611 -0.000669564 -0.018439 0.0896579 -0.000661201 0.00169736 0.000599611 -0.000661201 0.0096124 -0.0177388 -0.000669564 0.00169736 -0.0177388 0.0876444 
0.0102222 -0.0184506 0.000610813 -0.000670569 -0.0184506 0.089657 -0.000657452 0.00165069 0.000610813 -0.000657452 0.00959927 -0.0177126 -0.000670569 0.00165069 -0.0177126 0.0876436 
0.0102167 -0.018379 0.000584797 -0.000690589 -0.018379 0.0893227 -0.000677252 0.00167035 0.000584797 -0.000677252 0.00952977 -0.0176344 -0.000690589 0.00167035 -0.0176344 0.0873001 
0.010232 -0.0184095 0.000582829 -0.000666435 -0.0184095 0.0893584 -0.000653155 0.00165647 0.000582829 -0.000653155 0.00952994 -0.0176171 -0.000666435 0.00165647 -0.0176171 0.0873017 
0.0102768 -0.0185107 0.000595199 -0.000672075 -0.0185107 0.089784 -0.000663873 0.00167123 0.000595199 -0.000663873 0.00958793 -0.0176808 -0.000672075 0.00167123 -0.0176808 0.0876191 
0.010285 -0.018466 0.00057027 -0.000665931 -0.018466 0.0895809 -0.000659395 0.00164844 0.00057027 -0.000659395 0.00955865 -0.0176705 -0.000665931 0.00164844 -0.0176705 0.087457 
0.0103234 -0.018525 0.000567841 -0.000632065 -0.018525 0.0897553 -0.000625671 0.00158743 0.000567841 -0.000625671 0.00952952 -0.0177071 -0.000632065 0.00158743 -0.0177071 0.0876604 
0.0102948 -0.0185076 0.000571802 -0.000629101 -0.0185076 0.0896151 -0.000621025 0.0015498 0.000571802 -0.000621025 0.00951283 -0.0176356 -0.000629101 0.0015498 -0.0176356 0.0874759 
0.0102539 -0.0184986 0.000583368 -0.000647587 -0.0184986 0.0895898 -0.000641202 0.00158773 0.000583368 -0.000641202 0.00950783 -0.017606 -0.000647587 0.00158773 -0.017606 0.0873466 
0.0102453 -0.0184367 0.000554883 -0.000659155 -0.0184367 0.0894371 -0.000659665 0.001632 0.000554883 -0.000659665 0.00947394 -0.0175932 -0.000659155 0.001632 -0.0175932 0.0872439 
0.0102188 -0.0184151 0.000523216 -0.000623312 -0.0184151 0.0892878 -0.000630315 0.00160251 0.000523216 -0.000630315 0.00945583 -0.0175361 -0.000623312 0.00160251 -0.0175361 0.0870658 
0.0102795 -0.0185315 0.000500572 -0.000589473 -0.0185315 0.0898739 -0.000598373 0.00153737 0.000500572 -0.000598373 0.00949259 -0.0176309 -0.000589473 0.00153737 -0.0176309 0.0875555 
0.0102899 -0.0185191 0.000485244 -0.000560484 -0.0185191 0.0898869 -0.000569304 0.00146174 0.000485244 -0.000569304 0.00948748 -0.0176429 -0.000560484 0.00146174 -0.0176429 0.0876429 
0.0102731 -0.0184932 0.000493317 -0.000536882 -0.0184932 0.0897551 -0.000547563 0.00139272 0.000493317 -0.000547563 0.00946506 -0.0176171 -0.000536882 0.00139272 -0.0176171 0.0875705 
0.0102495 -0.0184357 0.00049983 -0.000556482 -0.0184357 0.0894827 -0.000564754 0.00140644 0.00049983 -0.000564754 0.00941795 -0.0175458 -0.000556482 0.00140644 -0.0175458 0.0872943 
0.0102413 -0.01842 0.000482061 -0.000566426 -0.01842 0.0893848 -0.000564084 0.00142075 0.000482061 -0.000564084 0.00940174 -0.0175056 -0.000566426 0.00142075 -0.0175056 0.0871652 
0.0102093 -0.0183279 0.000466819 -0.000547676 -0.0183279 0.0889406 -0.000540564 0.00139207 0.000466819 -0.000540564 0.0093716 -0.0174191 -0.000547676 0.00139207 -0.0174191 0.0867334 
0.0102883 -0.0184339 0.000449263 -0.000542611 -0.0184339 0.0893839 -0.000531701 0.0013798 0.000449263 -0.000531701 0.00941829 -0.0175283 -0.000542611 0.0013798 -0.0175283 0.0871968 
0.0103214 -0.018468 0.000444473 -0.000511045 -0.018468 0.0894251 -0.00049806 0.0013131 0.000444473 -0.00049806 0.00938757 -0.0175236 -0.000511045 0.0013131 -0.0175236 0.087189 
0.0103832 -0.0186053 0.000466713 -0.000509451 -0.0186053 0.0899402 -0.000498715 0.00128594 0.000466713 -0.000498715 0.0094059 -0.0175537 -0.000509451 0.00128594 -0.0175537 0.0874754 
0.0103233 -0.0185078 0.000485854 -0.000534477 -0.0185078 0.0894433 -0.000521845 0.00131598 0.000485854 -0.000521845 0.00932582 -0.0174053 -0.000534477 0.00131598 -0.0174053 0.0867923 
0.010324 -0.0185107 0.000478604 -0.000559203 -0.0185107 0.0894746 -0.000545309 0.0013708 0.000478604 -0.000545309 0.00931957 -0.0173887 -0.000559203 0.0013708 -0.0173887 0.086731 
0.0104449 -0.0186476 0.000439047 -0.000548875 -0.0186476 0.0901531 -0.000540988 0.0013846 0.000439047 -0.000540988 0.00936958 -0.0175218 -0.000548875 0.0013846 -0.0175218 0.0873837 
0.0103611 -0.0185359 0.000414822 -0.000498331 -0.0185359 0.0894529 -0.000498746 0.00131938 0.000414822 -0.000498746 0.00930346 -0.0173562 -0.000498331 0.00131938 -0.0173562 0.086629 
0.0104038 -0.018685 0.000392039 -0.000467571 -0.018685 0.0901673 -0.000471152 0.00124119 0.000392039 -0.000471152 0.00937986 -0.0174876 -0.000467571 0.00124119 -0.0174876 0.0872393 
0.0103704 -0.0186496 0.000397268 -0.000436717 -0.0186496 0.0901411 -0.000443004 0.00116232 0.000397268 -0.000443004 0.00938514 -0.0174963 -0.000436717 0.00116232 -0.0174963 0.087246 
0.0102986 -0.0184902 0.000410596 -0.000453047 -0.0184902 0.0894867 -0.000452618 0.0011603 0.000410596 -0.000452618 0.00931721 -0.0173891 -0.000453047 0.0011603 -0.0173891 0.0867007 
0.010361 -0.0185525 0.000395122 -0.000474423 -0.0185525 0.0898034 -0.000464147 0.00118948 0.000395122 -0.000464147 0.0093385 -0.0174709 -0.000474423 0.00118948 -0.0174709 0.0871184 
0.0103918 -0.0186105 0.000382647 -0.000460187 -0.0186105 0.089979 -0.000448725 0.0011873 0.000382647 -0.000448725 0.00931568 -0.0174728 -0.000460187 0.0011873 -0.0174728 0.0872342 
0.0103783 -0.018593 0.000390044 -0.000446602 -0.018593 0.0898499 -0.000438725 0.00116694 0.000390044 -0.000438725 0.00924931 -0.0173891 -0.000446602 0.00116694 -0.0173891 0.0869652 
0.0103843 -0.0186233 0.000388772 -0.000464415 -0.0186233 0.0899715 -0.000459841 0.00120066 0.000388772 -0.000459841 0.00924077 -0.0173301 -0.000464415 0.00120066 -0.0173301 0.0868621 
0.0103774 -0.0185539 0.000378831 -0.000466683 -0.0185539 0.089689 -0.000459172 0.00122508 0.000378831 -0.000459172 0.00920063 -0.0172653 -0.000466683 0.00122508 -0.0172653 0.086521 
0.0104676 -0.0186846 0.000382329 -0.000458326 -0.0186846 0.0902273 -0.000453239 0.00122877 0.000382329 -0.000453239 0.0092465 -0.0173585 -0.000458326 0.00122877 -0.0173585 0.0870061 
0.0103914 -0.0185836 0.000361328 -0.000441574 -0.0185836 0.0896486 -0.00044001 0.0011813 0.000361328 -0.00044001 0.00917153 -0.0172375 -0.000441574 0.0011813 -0.0172375 0.0864091 
0.0103497 -0.0185701 0.000363811 -0.000417789 -0.0185701 0.0896003 -0.000422169 0.00113485 0.000363811 -0.000422169 0.00919059 -0.0172004 -0.000417789 0.00113485 -0.0172004 0.0862873 
0.0102875 -0.018536 0.000396101 -0.000419924 -0.018536 0.0895611 -0.000427556 0.00111856 0.000396101 -0.000427556 0.00925792 -0.0172237 -0.000419924 0.00111856 -0.0172237 0.0862874 
0.010264 -0.0184819 0.000408083 -0.000461176 -0.0184819 0.0895265 -0.000466182 0.0011788 0.000408083 -0.000466182 0.00929184 -0.0173268 -0.000461176 0.0011788 -0.0173268 0.0865253 
0.0102505 -0.018481 0.000422619 -0.000469829 -0.018481 0.0896211 -0.00047269 0.00121066 0.000422619 -0.00047269 0.00935704 -0.0174163 -0.000469829 0.00121066 -0.0174163 0.0869185 
0.0102057 -0.0183995 0.000451503 -0.000479715 -0.0183995 0.0893466 -0.000486216 0.00123128 0.000451503 -0.000486216 0.00934657 -0.0174348 -0.000479715 0.00123128 -0.0174348 0.0869097 
0.0102386 -0.0184154 0.000449262 -0.000520803 -0.0184154 0.0894752 -0.000527145 0.0013058 0.000449262 -0.000527145 0.00936643 -0.0174836 -0.000520803 0.0013058 -0.0174836 0.0871916 
0.0102628 -0.0184629 0.000439064 -0.000523857 -0.0184629 0.0896311 -0.000528259 0.001351 0.000439064 -0.000528259 0.00939259 -0.0175004 -0.000523857 0.001351 -0.0175004 0.0873318 
0.0101847 -0.0183574 0.000459885 -0.000496193 -0.0183574 0.0891064 -0.000501288 0.00130075 0.000459885 -0.000501288 0.00935974 -0.0174049 -0.000496193 0.00130075 -0.0174049 0.0868056 
0.0101393 -0.0183035 0.000473911 -0.000513408 -0.0183035 0.0889667 -0.000518863 0.00129063 0.000473911 -0.000518863 0.00939939 -0.0174498 -0.000513408 0.00129063 -0.0174498 0.0868811 
0.0101549 -0.0183213 0.000480154 -0.000529145 -0.0183213 0.0892052 -0.000536925 0.00131994 0.000480154 -0.000536925 0.00946563 -0.0175968 -0.000529145 0.00131994 -0.0175968 0.0874526 
0.0101174 -0.0182593 0.000470445 -0.000534702 -0.0182593 0.0888954 -0.000554408 0.00135729 0.000470445 -0.000554408 0.00944786 -0.0175483 -0.000534702 0.00135729 -0.0175483 0.0872441 
0.0100943 -0.0181989 0.000446388 -0.000521219 -0.0181989 0.0886077 -0.000548956 0.00135922 0.000446388 -0.000548956 0.00941691 -0.0175005 -0.000521219 0.00135922 -0.0175005 0.0869847 
0.0102002 -0.0183668 0.000449532 -0.000495066 -0.0183668 0.0893595 -0.000515393 0.00130778 0.000449532 -0.000515393 0.00946997 -0.0176256 -0.000495066 0.00130778 -0.0176256 0.0876368 
0.0101341 -0.0182772 0.000469638 -0.000494844 -0.0182772 0.0888112 -0.000497989 0.00125331 0.000469638 -0.000497989 0.00937399 -0.0174528 -0.000494844 0.00125331 -0.0174528 0.0868756 
0.0101551 -0.0183256 0.000470977 -0.000531002 -0.0183256 0.0890474 -0.00052446 0.00128913 0.000470977 -0.00052446 0.00937072 -0.0174464 -0.000531002 0.00128913 -0.0174464 0.0869071 
0.0101201 -0.0183025 0.000453438 -0.000526926 -0.0183025 0.0889771 -0.000517757 0.00129325 0.000453438 -0.000517757 0.00936018 -0.0174138 -0.000526926 0.00129325 -0.0174138 0.0867606 
0.0101931 -0.0183971 0.00043519 -0.000515778 -0.0183971 0.0895393 -0.000511867 0.00129366 0.00043519 -0.000511867 0.00938778 -0.0175206 -0.000515778 0.00129366 -0.0175206 0.0872924 
0.0101589 -0.0183868 0.000435166 -0.000496441 -0.0183868 0.0894624 -0.000495577 0.00126809 0.000435166 -0.000495577 0.00938307 -0.0174747 -0.000496441 0.00126809 -0.0174747 0.0871848 
0.0100707 -0.0183065 0.000457857 -0.000494217 -0.0183065 0.0891739 -0.000493501 0.00124944 0.000457857 -0.000493501 0.00941516 -0.0174233 -0.000494217 0.00124944 -0.0174233 0.0869139 
0.010065 -0.0183131 0.0004849 -0.000535721 -0.0183131 0.0894231 -0.0005326 0.00132509 0.0004849 -0.0005326 0.00950312 -0.0175603 -0.000535721 0.00132509 -0.0175603 0.0873655 
0.0100073 -0.0181935 0.000469867 -0.000560244 -0.0181935 0.0889899 -0.000550952 0.00138123 0.000469867 -0.000550952 0.00951671 -0.01758 -0.000560244 0.00138123 -0.01758 0.0872884 
0.0100048 -0.0180846 0.000444049 -0.00053643 -0.0180846 0.0885381 -0.000527555 0.0013605 0.000444049 -0.000527555 0.00944795 -0.0175913 -0.00053643 0.0013605 -0.0175913 0.0872122 
0.0101015 -0.0182027 0.000416482 -0.000507722 -0.0182027 0.0889439 -0.00050129 0.00130408 0.000416482 -0.00050129 0.00942885 -0.0176419 -0.000507722 0.00130408 -0.0176419 0.0876838 
0.0100621 -0.0181419 0.000410511 -0.000474872 -0.0181419 0.0884392 -0.0004682 0.00122674 0.000410511 -0.0004682 0.00932713 -0.017429 -0.000474872 0.00122674 -0.017429 0.0869189 
0.0101446 -0.0183227 0.000433527 -0.000476352 -0.0183227 0.0892306 -0.000465783 0.00119863 0.000433527 -0.000465783 0.00939525 -0.017509 -0.000476352 0.00119863 -0.017509 0.0874062 
0.0101469 -0.0182967 0.000434444 -0.00050168 -0.0182967 0.0890981 -0.000490868 0.00122944 0.000434444 -0.000490868 0.00934622 -0.0174593 -0.00050168 0.00122944 -0.0174593 0.0871152 
0.01017 -0.0183852 0.000456536 -0.000503329 -0.0183852 0.0894601 -0.000497818 0.00126077 0.000456536 -0.000497818 0.00938758 -0.0174958 -0.000503329 0.00126077 -0.0174958 0.0873673 
0.0101201 -0.0183257 0.00046068 -0.000526285 -0.0183257 0.0892173 -0.000520269 0.00129908 0.00046068 -0.000520269 0.00939263 -0.0174471 -0.000526285 0.00129908 -0.0174471 0.0870773 
0.0100651 -0.0182512 0.00046406 -0.000521142 -0.0182512 0.0889395 -0.000515041 0.00129535 0.00046406 -0.000515041 0.00941317 -0.0174366 -0.000521142 0.00129535 -0.0174366 0.0868841 
0.0100954 -0.0182585 0.000476877 -0.000515593 -0.0182585 0.0891008 -0.000519302 0.00128212 0.000476877 -0.000519302 0.00943509 -0.0175573 -0.000515593 0.00128212 -0.0175573 0.0872866 
0.0101222 -0.0182582 0.000466773 -0.000523107 -0.0182582 0.089073 -0.000535548 0.00128957 0.000466773 -0.000535548 0.00940558 -0.0175657 -0.000523107 0.00128957 -0.0175657 0.0874034 
0.0101628 -0.0183329 0.000451686 -0.000517418 -0.0183329 0.0893013 -0.000531094 0.00129646 0.000451686 -0.000531094 0.00940357 -0.0175457 -0.000517418 0.00129646 -0.0175457 0.087496 
0.0101795 -0.0183713 0.000425674 -0.000490274 -0.0183713 0.0894329 -0.000507092 0.00124789 0.000425674 -0.000507092 0.00942506 -0.0175291 -0.000490274 0.00124789 -0.0175291 0.0874607 
0.0101628 -0.0183517 0.000418509 -0.000458371 -0.0183517 0.0893211 -0.000480988 0.00118715 0.000418509 -0.000480988 0.00941749 -0.0175078 -0.000458371 0.00118715 -0.0175078 0.0872675 
0.0101463 -0.0183354 0.000414963 -0.000456222 -0.0183354 0.0892599 -0.000473545 0.00115852 0.000414963 -0.000473545 0.00940949 -0.0175081 -0.000456222 0.00115852 -0.0175081 0.087214 
0.0101077 -0.0182961 0.000428025 -0.000460934 -0.0182961 0.0890896 -0.000466171 0.00115381 0.000428025 -0.000466171 0.00938746 -0.0174635 -0.000460934 0.00115381 -0.0174635 0.0870157 
0.0100445 -0.0182107 0.00044215 -0.000484265 -0.0182107 0.0887378 -0.000478901 0.00118347 0.00044215 -0.000478901 0.0093641 -0.0173885 -0.000484265 0.00118347 -0.0173885 0.0866566 
0.0100125 -0.0181696 0.00046342 -0.000502144 -0.0181696 0.0886399 -0.000490454 0.00121756 0.00046342 -0.000490454 0.00936631 -0.0173978 -0.000502144 0.00121756 -0.0173978 0.0866375 
0.0100494 -0.0182436 0.000479369 -0.000536474 -0.0182436 0.0890787 -0.000522265 0.001289 0.000479369 -0.000522265 0.00944351 -0.0175015 -0.000536474 0.001289 -0.0175015 0.0871474 
0.00999213 -0.0181381 0.000485982 -0.000544053 -0.0181381 0.0886217 -0.000529391 0.00131741 0.000485982 -0.000529391 0.00942129 -0.0174536 -0.000544053 0.00131741 -0.0174536 0.0868185 
0.0100496 -0.0182549 0.000481595 -0.000560657 -0.0182549 0.0892227 -0.000545568 0.00136065 0.000481595 -0.000545568 0.00949288 -0.0176065 -0.000560657 0.00136065 -0.0176065 0.087523 
0.0100213 -0.0181803 0.000463039 -0.00054248 -0.0181803 0.0889324 -0.000535702 0.00134607 0.000463039 -0.000535702 0.00944969 -0.0175841 -0.00054248 0.00134607 -0.0175841 0.0873949 
0.0100064 -0.0181237 0.000433983 -0.000528074 -0.0181237 0.0886377 -0.000530023 0.00133367 0.000433983 -0.000530023 0.00940316 -0.0175083 -0.000528074 0.00133367 -0.0175083 0.0871388 
0.0100233 -0.0181026 0.000376988 -0.000481934 -0.0181026 0.0884765 -0.000485875 0.00124519 0.000376988 -0.000485875 0.00936027 -0.0174608 -0.000481934 0.00124519 -0.0174608 0.0869608 
0.0100381 -0.0181436 0.000331434 -0.000409209 -0.0181436 0.0885407 -0.000414997 0.00109133 0.000331434 -0.000414997 0.00934422 -0.0174334 -0.000409209 0.00109133 -0.0174334 0.0869172 
0.0100136 -0.0181499 0.000330108 -0.000359677 -0.0181499 0.0885297 -0.000367476 0.000957552 0.000330108 -0.000367476 0.00932614 -0.0173862 -0.000359677 0.000957552 -0.0173862 0.0867467 
0.00999961 -0.0181792 0.000356952 -0.000364504 -0.0181792 0.0887534 -0.000367524 0.000911444 0.000356952 -0.000367524 0.00937138 -0.0174199 -0.000364504 0.000911444 -0.0174199 0.0869171 
0.00996938 -0.0181278 0.000382557 -0.000403434 -0.0181278 0.0886554 -0.000402275 0.000967702 0.000382557 -0.000402275 0.00939238 -0.0174434 -0.000403434 0.000967702 -0.0174434 0.0869301 
0.00996859 -0.0180888 0.0003951 -0.00043946 -0.0180888 0.0885344 -0.000434837 0.00105477 0.0003951 -0.000434837 0.00938348 -0.0174569 -0.00043946 0.00105477 -0.0174569 0.0869394 
0.0100169 -0.0180743 0.000371291 -0.000450631 -0.0180743 0.0884316 -0.00044052 0.00109584 0.000371291 -0.00044052 0.00932086 -0.0174455 -0.000450631 0.00109584 -0.0174455 0.0869122 
0.0100791 -0.0182231 0.000369405 -0.000428598 -0.0182231 0.0889187 -0.000412335 0.00107588 0.000369405 -0.000412335 0.00933021 -0.0174471 -0.000428598 0.00107588 -0.0174471 0.0871781 
0.0100882 -0.0181941 0.000340685 -0.000422319 -0.0181941 0.0887295 -0.000409668 0.00104831 0.000340685 -0.000409668 0.00924786 -0.0173348 -0.000422319 0.00104831 -0.0173348 0.0867133 
0.0101537 -0.018314 0.000322196 -0.000376446 -0.018314 0.0892071 -0.000367266 0.000960029 0.000322196 -0.000367266 0.00923965 -0.0173623 -0.000376446 0.000960029 -0.0173623 0.0869726 
0.010104 -0.0182542 0.000309657 -0.000354165 -0.0182542 0.0888325 -0.000350571 0.000892647 0.000309657 -0.000350571 0.00916407 -0.0171911 -0.000354165 0.000892647 -0.0171911 0.0863047 
0.0101027 -0.0182687 0.000285053 -0.000329395 -0.0182687 0.08894 -0.000331361 0.000823755 0.000285053 -0.000331361 0.00917219 -0.0171758 -0.000329395 0.000823755 -0.0171758 0.086249 
0.0101012 -0.01834 0.000291192 -0.000317807 -0.01834 0.0892974 -0.00032399 0.000809008 0.000291192 -0.00032399 0.00923629 -0.0172123 -0.000317807 0.000809008 -0.0172123 0.0864371 
0.0100912 -0.0183202 0.000301619 -0.000317025 -0.0183202 0.0893965 -0.000323684 0.000792072 0.000301619 -0.000323684 0.00930066 -0.0173029 -0.000317025 0.000792072 -0.0173029 0.0866795 
0.00999367 -0.0181976 0.000317761 -0.000333431 -0.0181976 0.0889029 -0.000338331 0.000814525 0.000317761 -0.000338331 0.00932924 -0.0173047 -0.000333431 0.000814525 -0.0173047 0.0865036 
0.00995408 -0.0181376 0.000343518 -0.000358726 -0.0181376 0.0887718 -0.000364321 0.000873324 0.000343518 -0.000364321 0.00938492 -0.0173901 -0.000358726 0.000873324 -0.0173901 0.0867205 
0.00994444 -0.0181594 0.000373291 -0.000392135 -0.0181594 0.0889574 -0.000402685 0.000959993 0.000373291 -0.000402685 0.00947335 -0.0175071 -0.000392135 0.000959993 -0.0175071 0.087176 
0.00995745 -0.0181339 0.000384195 -0.000427496 -0.0181339 0.0889755 -0.00044027 0.00105529 0.000384195 -0.00044027 0.00949633 -0.0176158 -0.000427496 0.00105529 -0.0176158 0.087524 
0.00993508 -0.0180362 0.000360853 -0.000440355 -0.0180362 0.0884803 -0.000446694 0.0011067 0.000360853 -0.000446694 0.00940039 -0.0175554 -0.000440355 0.0011067 -0.0175554 0.0872581 
0.00992532 -0.018026 0.000343319 -0.000416835 -0.018026 0.0883287 -0.000416118 0.00108296 0.000343319 -0.000416118 0.00934983 -0.0174691 -0.000416835 0.00108296 -0.0174691 0.0870832 
0.0100009 -0.0181435 0.000312189 -0.000395985 -0.0181435 0.0888884 -0.000389267 0.00102382 0.000312189 -0.000389267 0.00938322 -0.0175281 -0.000395985 0.00102382 -0.0175281 0.0875126 
0.00993989 -0.01801 0.00028205 -0.000346371 -0.01801 0.0882097 -0.000334352 0.000901947 0.00028205 -0.000334352 0.00928591 -0.0173742 -0.000346371 0.000901947 -0.0173742 0.086787 
0.0100558 -0.0181763 0.00025245 -0.000319487 -0.0181763 0.0889372 -0.000313163 0.000826449 0.00025245 -0.000313163 0.00930633 -0.0174596 -0.000319487 0.000826449 -0.0174596 0.0873355 
0.0099969 -0.0181683 0.000254834 -0.000286171 -0.0181683 0.0887172 -0.000286528 0.000760727 0.000254834 -0.000286528 0.0092613 -0.0173001 -0.000286171 0.000760727 -0.0173001 0.0867556 
0.00996192 -0.0181278 0.000267769 -0.000288986 -0.0181278 0.0886581 -0.00029287 0.000741606 0.000267769 -0.00029287 0.00927051 -0.0172706 -0.000288986 0.000741606 -0.0172706 0.0865458 
0.00995276 -0.0180667 0.000260988 -0.000305858 -0.0180667 0.0884799 -0.000307427 0.000765656 0.000260988 -0.000307427 0.00926172 -0.0172806 -0.000305858 0.000765656 -0.0172806 0.0864651 
0.00995598 -0.0180866 0.000258565 -0.000302114 -0.0180866 0.0885473 -0.00030398 0.000779096 0.000258565 -0.00030398 0.00928909 -0.0173134 -0.000302114 0.000779096 -0.0173134 0.0866253 
0.00993151 -0.0180928 0.000265551 -0.000297872 -0.0180928 0.0886004 -0.000302952 0.000775137 0.000265551 -0.000302952 0.0093415 -0.0173484 -0.000297872 0.000775137 -0.0173484 0.0867509 
0.00987483 -0.0179887 0.00028105 -0.00029212 -0.0179887 0.0882322 -0.000297442 0.000746881 0.00028105 -0.000297442 0.00935501 -0.0173576 -0.00029212 0.000746881 -0.0173576 0.0866132 
0.00990733 -0.0180388 0.000289048 -0.000311467 -0.0180388 0.0885479 -0.000310773 0.000757025 0.000289048 -0.000310773 0.00943594 -0.0175005 -0.000311467 0.000757025 -0.0175005 0.0871912 
0.00987537 -0.0179433 0.000296787 -0.000318708 -0.0179433 0.0880934 -0.000313001 0.00076629 0.000296787 -0.000313001 0.00939579 -0.0174701 -0.000318708 0.00076629 -0.0174701 0.0869486 
0.00991903 -0.0180593 0.000318536 -0.000332523 -0.0180593 0.0885604 -0.000324711 0.000789463 0.000318536 -0.000324711 0.00945982 -0.0175489 -0.000332523 0.000789463 -0.0175489 0.0874021 
0.0099116 -0.018021 0.000326848 -0.000354387 -0.018021 0.0883911 -0.000350755 0.000832481 0.000326848 -0.000350755 0.00942205 -0.0175225 -0.000354387 0.000832481 -0.0175225 0.0872085 
0.00995747 -0.0180942 0.000330662 -0.00036265 -0.0180942 0.0887005 -0.000366262 0.000873584 0.000330662 -0.000366262 0.00944114 -0.0175679 -0.00036265 0.000873584 -0.0175679 0.0874841 
0.00991125 -0.0180435 0.00033675 -0.000364059 -0.0180435 0.0884058 -0.000372658 0.000895048 0.00033675 -0.000372658 0.00940896 -0.0174858 -0.000364059 0.000895048 -0.0174858 0.0871144 
0.00992337 -0.0181006 0.000342405 -0.000366515 -0.0181006 0.0887182 -0.000374241 0.000898937 0.000342405 -0.000374241 0.00944896 -0.0175351 -0.000366515 0.000898937 -0.0175351 0.087352 
0.00992721 -0.0180946 0.000328736 -0.00036873 -0.0180946 0.088783 -0.000374513 0.000894787 0.000328736 -0.000374513 0.00945996 -0.0175667 -0.00036873 0.000894787 -0.0175667 0.0874523 
0.00992011 -0.0180011 0.000333573 -0.000358802 -0.0180011 0.0883372 -0.000363502 0.000884649 0.000333573 -0.000363502 0.00938077 -0.0174774 -0.000358802 0.000884649 -0.0174774 0.0870239 
0.00997147 -0.0180825 0.000336128 -0.000368334 -0.0180825 0.0885525 -0.000366413 0.000884763 0.000336128 -0.000366413 0.00937383 -0.0174599 -0.000368334 0.000884763 -0.0174599 0.0870768 
0.00998402 -0.0181825 0.000375885 -0.000374233 -0.0181825 0.0889279 -0.000369935 0.000896461 0.000375885 -0.000369935 0.00941063 -0.0174757 -0.000374233 0.000896461 -0.0174757 0.0872159 
0.00996157 -0.0182083 0.000421133 -0.000432462 -0.0182083 0.0891433 -0.000430709 0.00100689 0.000421133 -0.000430709 0.00947408 -0.0175086 -0.000432462 0.00100689 -0.0175086 0.0873177 
0.00991856 -0.0180964 0.000466329 -0.00048381 -0.0180964 0.0887921 -0.00048069 0.0011354 0.000466329 -0.00048069 0.00947982 -0.017521 -0.00048381 0.0011354 -0.017521 0.0871543 
0.00993913 -0.0180542 0.000462575 -0.00052713 -0.0180542 0.0886185 -0.000519295 0.00123465 0.000462575 -0.000519295 0.00945998 -0.0175642 -0.00052713 0.00123465 -0.0175642 0.0872486 
0.00994881 -0.0180176 0.000447032 -0.000518391 -0.0180176 0.0883235 -0.000515795 0.00126285 0.000447032 -0.000515795 0.00939259 -0.0175158 -0.000518391 0.00126285 -0.0175158 0.0870854 
0.00997982 -0.0180943 0.000402018 -0.000490252 -0.0180943 0.0885297 -0.000496615 0.00122056 0.000402018 -0.000496615 0.00937484 -0.0174925 -0.000490252 0.00122056 -0.0174925 0.0871638 
0.0100002 -0.0181618 0.000359016 -0.000449957 -0.0181618 0.0887928 -0.000458276 0.00116131 0.000359016 -0.000458276 0.00937285 -0.0174653 -0.000449957 0.00116131 -0.0174653 0.0871666 
0.0100194 -0.0182251 0.000321095 -0.000400854 -0.0182251 0.0891177 -0.000404983 0.00105314 0.000321095 -0.000404983 0.00939442 -0.0174834 -0.000400854 0.00105314 -0.0174834 0.0872942 
0.00998185 -0.0181356 0.000288237 -0.000349943 -0.0181356 0.0887635 -0.00035356 0.000924676 0.000288237 -0.00035356 0.00933525 -0.0174202 -0.000349943 0.000924676 -0.0174202 0.0869414 
0.00995673 -0.0180957 0.000294443 -0.000310565 -0.0180957 0.0885521 -0.00031606 0.000814335 0.000294443 -0.00031606 0.00931534 -0.0173433 -0.000310565 0.000814335 -0.0173433 0.0866735 
0.00995103 -0.0181024 0.000310592 -0.000320517 -0.0181024 0.0886167 -0.000321275 0.000783119 0.000310592 -0.000321275 0.00933847 -0.0173688 -0.000320517 0.000783119 -0.0173688 0.0867535 
0.00987272 -0.0180126 0.000348449 -0.000338277 -0.0180126 0.0882565 -0.000337552 0.000799948 0.000348449 -0.000337552 0.00935596 -0.0173394 -0.000338277 0.000799948 -0.0173394 0.0865296 
0.00988976 -0.0180169 0.00038215 -0.000379348 -0.0180169 0.0884709 -0.000379515 0.000867705 0.00038215 -0.000379515 0.00941562 -0.0174869 -0.000379348 0.000867705 -0.0174869 0.0870621 
0.00989042 -0.0179841 0.000424457 -0.000438536 -0.0179841 0.0883406 -0.000438236 0.00101398 0.000424457 -0.000438236 0.0094382 -0.0175142 -0.000438536 0.00101398 -0.0175142 0.0871838 
0.00992194 -0.0180269 0.000447565 -0.000502064 -0.0180269 0.0884287 -0.000496882 0.00118216 0.000447565 -0.000496882 0.00944156 -0.0175257 -0.000502064 0.00118216 -0.0175257 0.0872456 
0.00992913 -0.0180693 0.000451268 -0.00053217 -0.0180693 0.0885231 -0.000522292 0.00129467 0.000451268 -0.000522292 0.00944112 -0.0175097 -0.00053217 0.00129467 -0.0175097 0.0871914 
0.00986721 -0.0180335 0.000440197 -0.000516641 -0.0180335 0.0883636 -0.000506679 0.00128473 0.000440197 -0.000506679 0.00944363 -0.0174746 -0.000516641 0.00128473 -0.0174746 0.0869687 
0.00982292 -0.0179657 0.000416811 -0.000486903 -0.0179657 0.0882538 -0.000480219 0.00120957 0.000416811 -0.000480219 0.00947849 -0.01753 -0.000486903 0.00120957 -0.01753 0.0870817 
0.00981997 -0.0179096 0.000389064 -0.000451376 -0.0179096 0.0880808 -0.00045646 0.00112814 0.000389064 -0.00045646 0.00946436 -0.0175472 -0.000451376 0.00112814 -0.0175472 0.0871015 
0.00983169 -0.017921 0.000391008 -0.000420014 -0.017921 0.0880567 -0.000434822 0.00106123 0.000391008 -0.000434822 0.00945199 -0.0175283 -0.000420014 0.00106123 -0.0175283 0.0870891 
0.00987233 -0.0180109 0.000401865 -0.0004167 -0.0180109 0.0884305 -0.00043218 0.00102007 0.000401865 -0.00043218 0.00945947 -0.0175646 -0.0004167 0.00102007 -0.0175646 0.0873321 
0.00988611 -0.0180744 0.000425084 -0.000431978 -0.0180744 0.088739 -0.000442985 0.00102834 0.000425084 -0.000442985 0.00947634 -0.0175753 -0.000431978 0.00102834 -0.0175753 0.0874805 
0.00986094 -0.0180268 0.000430918 -0.000471323 -0.0180268 0.088596 -0.000478402 0.00110322 0.000430918 -0.000478402 0.00946687 -0.017536 -0.000471323 0.00110322 -0.017536 0.0872863 
0.00982834 -0.0179894 0.000428051 -0.000482443 -0.0179894 0.0884532 -0.000485771 0.00115772 0.000428051 -0.000485771 0.00947574 -0.0175193 -0.000482443 0.00115772 -0.0175193 0.0871673 
0.00980896 -0.0179734 0.000433024 -0.000472899 -0.0179734 0.0884411 -0.000478745 0.00115606 0.000433024 -0.000478745 0.00949998 -0.0175473 -0.000472899 0.00115606 -0.0175473 0.0872294 
0.00981475 -0.017998 0.000456237 -0.000477076 -0.017998 0.0886446 -0.000489469 0.00116321 0.000456237 -0.000489469 0.00957746 -0.0176307 -0.000477076 0.00116321 -0.0176307 0.0875668 
0.00972018 -0.017833 0.000483896 -0.000502581 -0.017833 0.0878945 -0.000517706 0.00120904 0.000483896 -0.000517706 0.00952976 -0.0175493 -0.000502581 0.00120904 -0.0175493 0.0869977 
