0.00782415 0 -0.000695519 0 0 0.00995019 0 0 -0.000695519 0 0.00620193 0 0 0 0 0.00995019 
0.0110551 -0.0137 -0.000871701 0.00106159 -0.0137 0.0354423 0.00106159 -0.00203571 -0.000871701 0.00106159 0.0089004 -0.0110723 0.00106159 -0.00203571 -0.0110723 0.0304043 
0.0108677 -0.0199595 -0.000704114 0.00106869 -0.0199595 0.0727893 0.00106869 -0.00332006 -0.000704114 0.00106869 0.00898952 -0.0171124 0.00106869 -0.00332006 -0.0171124 0.0639004 
0.0101782 -0.0190596 -0.00061221 0.000601856 -0.0190596 0.0842483 0.000602801 -0.00165839 -0.00061221 0.000602801 0.00847694 -0.0172087 0.000601856 -0.00165839 -0.0172087 0.0786151 
0.0102274 -0.0184249 -0.000668102 0.000544509 -0.0184249 0.0869057 0.000544758 -0.00077309 -0.000668102 0.000544758 0.00842104 -0.0166824 0.000544509 -0.00077309 -0.0166824 0.0830328 
0.0103451 -0.0184147 -0.000702419 0.000664226 -0.0184147 0.087939 0.000668911 -0.000931961 -0.000702419 0.000668911 0.00852976 -0.0164381 0.000664226 -0.000931961 -0.0164381 0.0838377 
0.0104352 -0.018581 -0.000728232 0.000746482 -0.018581 0.0890393 0.000754884 -0.00132265 -0.000728232 0.000754884 0.00869342 -0.0165557 0.000746482 -0.00132265 -0.0165557 0.0845324 
0.0105133 -0.0186904 -0.00075266 0.000779985 -0.0186904 0.0898735 0.000780114 -0.00155276 -0.00075266 0.000780114 0.00881352 -0.0167839 0.000779985 -0.00155276 -0.0167839 0.0854226 
0.0105239 -0.0187025 -0.000747462 0.000806414 -0.0187025 0.0900105 0.000792239 -0.00165958 -0.000747462 0.000792239 0.0088807 -0.0168598 0.000806414 -0.00165958 -0.0168598 0.0857376 
0.0105068 -0.0186019 -0.000687271 0.000787273 -0.0186019 0.0895311 0.000767201 -0.00164746 -0.000687271 0.000767201 0.00886173 -0.016835 0.000787273 -0.00164746 -0.016835 0.0854557 
0.0105192 -0.0186812 -0.000635326 0.000698395 -0.0186812 0.0897217 0.000688132 -0.00148557 -0.000635326 0.000688132 0.00888473 -0.0168814 0.000698395 -0.00148557 -0.0168814 0.0856363 
0.0104464 -0.018613 -0.000620194 0.000635552 -0.018613 0.0894175 0.000639397 -0.00133033 -0.000620194 0.000639397 0.00890054 -0.0168442 0.000635552 -0.00133033 -0.0168442 0.0853827 
0.0104336 -0.0185819 -0.000618862 0.000627344 -0.0185819 0.0894208 0.000634282 -0.00126749 -0.000618862 0.000634282 0.0089225 -0.0169354 0.000627344 -0.00126749 -0.0169354 0.0856184 
0.0104303 -0.0185847 -0.000627623 0.00063328 -0.0185847 0.0894759 0.000629076 -0.00125616 -0.000627623 0.000629076 0.00894993 -0.0169897 0.00063328 -0.00125616 -0.0169897 0.0858844 
0.0104395 -0.0186142 -0.000652696 0.000644993 -0.0186142 0.0896538 0.000634482 -0.00126575 -0.000652696 0.000634482 0.00896753 -0.0170435 0.000644993 -0.00126575 -0.0170435 0.086155 
0.0105018 -0.0186566 -0.000692925 0.00068625 -0.0186566 0.0899059 0.000676386 -0.00135152 -0.000692925 0.000676386 0.00894836 -0.0170916 0.00068625 -0.00135152 -0.0170916 0.0864372 
0.0104966 -0.0186897 -0.000709718 0.000731772 -0.0186897 0.0899038 0.000721997 -0.00146081 -0.000709718 0.000721997 0.00894029 -0.0169971 0.000731772 -0.00146081 -0.0169971 0.0862115 
0.0104662 -0.0186626 -0.000697199 0.000746894 -0.0186626 0.0898068 0.000737266 -0.00152553 -0.000697199 0.000737266 0.00892912 -0.016965 0.000746894 -0.00152553 -0.016965 0.0859831 
0.0105177 -0.0186934 -0.00070604 0.000742125 -0.0186934 0.0900447 0.00073728 -0.00155929 -0.00070604 0.00073728 0.0089226 -0.0170354 0.000742125 -0.00155929 -0.0170354 0.0862688 
0.0104882 -0.0185832 -0.000691252 0.000731306 -0.0185832 0.0894077 0.000735449 -0.00153963 -0.000691252 0.000735449 0.00879956 -0.0168613 0.000731306 -0.00153963 -0.0168613 0.0855642 
0.0105747 -0.0187606 -0.000668674 0.000717179 -0.0187606 0.0900958 0.000731025 -0.00152224 -0.000668674 0.000731025 0.00883334 -0.0169023 0.000717179 -0.00152224 -0.0169023 0.0859849 
0.0105256 -0.0187184 -0.000649465 0.000681666 -0.0187184 0.089893 0.000697435 -0.0014554 -0.000649465 0.000697435 0.00881011 -0.0168281 0.000681666 -0.0014554 -0.0168281 0.0856389 
0.0105064 -0.0186852 -0.000658947 0.000665103 -0.0186852 0.089798 0.000676699 -0.0014021 -0.000658947 0.000676699 0.00880373 -0.0167964 0.000665103 -0.0014021 -0.0167964 0.0854676 
0.0104641 -0.0186339 -0.00064038 0.000680096 -0.0186339 0.0895559 0.000684599 -0.00140005 -0.00064038 0.000684599 0.0088116 -0.0167445 0.000680096 -0.00140005 -0.0167445 0.0851846 
0.0105025 -0.01873 -0.000629376 0.000668148 -0.01873 0.0900843 0.000671029 -0.00139486 -0.000629376 0.000671029 0.00890937 -0.0168914 0.000668148 -0.00139486 -0.0168914 0.0857641 
0.0104644 -0.0187005 -0.000640427 0.000642602 -0.0187005 0.0900235 0.000646277 -0.00133665 -0.000640427 0.000646277 0.00895695 -0.0169499 0.000642602 -0.00133665 -0.0169499 0.08589 
0.0104551 -0.0186181 -0.000661083 0.000652294 -0.0186181 0.0897751 0.000654175 -0.00131912 -0.000661083 0.000654175 0.00895146 -0.017005 0.000652294 -0.00131912 -0.017005 0.0859813 
0.010388 -0.0185318 -0.000653967 0.000684828 -0.0185318 0.0893214 0.000688806 -0.00138115 -0.000653967 0.000688806 0.00894652 -0.0169675 0.000684828 -0.00138115 -0.0169675 0.0858024 
0.0103848 -0.018552 -0.00064724 0.000683782 -0.018552 0.0894565 0.000686246 -0.00141522 -0.00064724 0.000686246 0.0089812 -0.0170239 0.000683782 -0.00141522 -0.0170239 0.0860404 
0.0104516 -0.0186065 -0.000654567 0.000674376 -0.0186065 0.089813 0.000671987 -0.00139885 -0.000654567 0.000671987 0.00897299 -0.0171336 0.000674376 -0.00139885 -0.0171336 0.0865365 
0.0104231 -0.0185571 -0.000651067 0.000672718 -0.0185571 0.0894281 0.000667789 -0.00137233 -0.000651067 0.000667789 0.00887985 -0.0169606 0.000672718 -0.00137233 -0.0169606 0.0859747 
0.0104343 -0.0185937 -0.00068449 0.000682047 -0.0185937 0.089524 0.000675766 -0.00139382 -0.00068449 0.000675766 0.00887209 -0.0168794 0.000682047 -0.00139382 -0.0168794 0.0857404 
0.0104473 -0.0186175 -0.000680747 0.000723754 -0.0186175 0.0896498 0.000719536 -0.00147125 -0.000680747 0.000719536 0.00888681 -0.0168881 0.000723754 -0.00147125 -0.0168881 0.0857147 
0.0104496 -0.0185736 -0.000661369 0.000724108 -0.0185736 0.0894804 0.000725647 -0.0015284 -0.000661369 0.000725647 0.00886778 -0.0168942 0.000724108 -0.0015284 -0.0168942 0.0856342 
0.0104735 -0.0186205 -0.000665458 0.00068621 -0.0186205 0.0895952 0.000694367 -0.00147576 -0.000665458 0.000694367 0.00887042 -0.0168943 0.00068621 -0.00147576 -0.0168943 0.0857031 
0.0105153 -0.0187421 -0.000657314 0.000700262 -0.0187421 0.0901614 0.000707638 -0.00147632 -0.000657314 0.000707638 0.00895872 -0.0170026 0.000700262 -0.00147632 -0.0170026 0.0862403 
0.0104962 -0.018687 -0.000630185 0.00069014 -0.018687 0.089987 0.000687288 -0.00145592 -0.000630185 0.000687288 0.00894396 -0.0170157 0.00069014 -0.00145592 -0.0170157 0.0861692 
0.0104863 -0.0186848 -0.000576674 0.0006559 -0.0186848 0.0899686 0.000648037 -0.00138376 -0.000576674 0.000648037 0.0089396 -0.0170196 0.0006559 -0.00138376 -0.0170196 0.0862189 
0.0104422 -0.0185925 -0.000562695 0.000585964 -0.0185925 0.0895527 0.000580802 -0.00124238 -0.000562695 0.000580802 0.00890035 -0.0169354 0.000585964 -0.00124238 -0.0169354 0.0858316 
0.0104815 -0.0186859 -0.000583053 0.000579106 -0.0186859 0.0900033 0.000573224 -0.00117651 -0.000583053 0.000573224 0.00897367 -0.0170308 0.000579106 -0.00117651 -0.0170308 0.0862984 
0.0104583 -0.0186906 -0.000592668 0.000609699 -0.0186906 0.090079 0.000597624 -0.00120574 -0.000592668 0.000597624 0.00903894 -0.0170833 0.000609699 -0.00120574 -0.0170833 0.0864525 
0.0103491 -0.0185205 -0.000591579 0.000613961 -0.0185205 0.0893442 0.000600683 -0.00122478 -0.000591579 0.000600683 0.00899308 -0.0169982 0.000613961 -0.00122478 -0.0169982 0.0858472 
0.0103585 -0.0185101 -0.000573816 0.000622052 -0.0185101 0.089422 0.000613349 -0.00126 -0.000573816 0.000613349 0.00900553 -0.017087 0.000622052 -0.00126 -0.017087 0.0861737 
0.0103964 -0.0185739 -0.00058585 0.000597708 -0.0185739 0.0897161 0.000597504 -0.001243 -0.00058585 0.000597504 0.00902131 -0.0171372 0.000597708 -0.001243 -0.0171372 0.0865288 
0.0103951 -0.01849 -0.000601082 0.000603706 -0.01849 0.0892778 0.000606261 -0.00123574 -0.000601082 0.000606261 0.00890939 -0.0170101 0.000603706 -0.00123574 -0.0170101 0.086003 
0.0104744 -0.0186264 -0.000603607 0.000628655 -0.0186264 0.0897335 0.000631286 -0.00128199 -0.000603607 0.000631286 0.00889671 -0.016985 0.000628655 -0.00128199 -0.016985 0.0861411 
0.0104424 -0.0186524 -0.000577538 0.000624001 -0.0186524 0.0897559 0.000627209 -0.00129077 -0.000577538 0.000627209 0.0088998 -0.0168994 0.000624001 -0.00129077 -0.0168994 0.0858356 
0.0104407 -0.0186415 -0.000559927 0.000606496 -0.0186415 0.0898788 0.000608222 -0.00127985 -0.000559927 0.000608222 0.00894287 -0.0169628 0.000606496 -0.00127985 -0.0169628 0.0859831 
0.0103475 -0.0185233 -0.000570235 0.000586365 -0.0185233 0.0893647 0.000584548 -0.00123896 -0.000570235 0.000584548 0.0089633 -0.0169191 0.000586365 -0.00123896 -0.0169191 0.0856468 
0.0103634 -0.0184827 -0.00058077 0.000604546 -0.0184827 0.0892844 0.000596762 -0.00124768 -0.00058077 0.000596762 0.00896382 -0.016993 0.000604546 -0.00124768 -0.016993 0.085794 
0.0103568 -0.0185003 -0.000602761 0.000618401 -0.0185003 0.0892574 0.000611243 -0.00127892 -0.000602761 0.000611243 0.00897295 -0.0169878 0.000618401 -0.00127892 -0.0169878 0.0858289 
0.0104304 -0.0186577 -0.000598358 0.000649145 -0.0186577 0.0900432 0.000646297 -0.00134719 -0.000598358 0.000646297 0.0090651 -0.0171561 0.000649145 -0.00134719 -0.0171561 0.0866268 
0.0104065 -0.0186065 -0.000611741 0.000634154 -0.0186065 0.0898856 0.000632355 -0.00135075 -0.000611741 0.000632355 0.00905631 -0.0171663 0.000634154 -0.00135075 -0.0171663 0.0866139 
0.0103547 -0.0185066 -0.000602424 0.000648035 -0.0185066 0.0894 0.000644768 -0.00136237 -0.000602424 0.000644768 0.00900948 -0.0170679 0.000648035 -0.00136237 -0.0170679 0.0861703 
0.0103971 -0.0185596 -0.000615333 0.000632522 -0.0185596 0.089648 0.000634898 -0.00134758 -0.000615333 0.000634898 0.00899821 -0.0171178 0.000632522 -0.00134758 -0.0171178 0.0864139 
0.0104205 -0.0185803 -0.000612356 0.000636959 -0.0185803 0.0896785 0.000650073 -0.00134456 -0.000612356 0.000650073 0.00895513 -0.0170617 0.000636959 -0.00134456 -0.0170617 0.0863067 
0.0105164 -0.0186811 -0.000605586 0.000636109 -0.0186811 0.0900818 0.000658278 -0.00136005 -0.000605586 0.000658278 0.00890577 -0.0170661 0.000636109 -0.00136005 -0.0170661 0.0864783 
0.0104925 -0.0186302 -0.000593973 0.000621958 -0.0186302 0.0896222 0.000645596 -0.00134253 -0.000593973 0.000645596 0.0087858 -0.0168361 0.000621958 -0.00134253 -0.0168361 0.085635 
0.0105651 -0.0188188 -0.000600787 0.000619419 -0.0188188 0.090402 0.000639801 -0.00133553 -0.000600787 0.000639801 0.00884591 -0.0168682 0.000619419 -0.00133553 -0.0168682 0.0859638 
0.010451 -0.0186891 -0.000601233 0.000630419 -0.0186891 0.0898671 0.000640923 -0.00134551 -0.000601233 0.000640923 0.00882285 -0.016771 0.000630419 -0.00134551 -0.016771 0.0853485 
0.0104001 -0.0186754 -0.000642846 0.000645656 -0.0186754 0.0899837 0.000642129 -0.00137227 -0.000642846 0.000642129 0.00891572 -0.0168474 0.000645656 -0.00137227 -0.0168474 0.0855837 
0.0103537 -0.018648 -0.000652607 0.000693762 -0.018648 0.090089 0.00067731 -0.00143178 -0.000652607 0.00067731 0.00903571 -0.0169843 0.000693762 -0.00143178 -0.0169843 0.0860024 
0.0103379 -0.0185391 -0.000645279 0.000704734 -0.0185391 0.0898335 0.000685657 -0.00147659 -0.000645279 0.000685657 0.0090702 -0.0171157 0.000704734 -0.00147659 -0.0171157 0.0863085 
0.0102762 -0.0184018 -0.00061851 0.000674792 -0.0184018 0.0891414 0.000666369 -0.0014352 -0.00061851 0.000666369 0.0090166 -0.0170654 0.000674792 -0.0014352 -0.0170654 0.0860193 
0.0102808 -0.0183609 -0.0006076 0.00065234 -0.0183609 0.088919 0.000655194 -0.00140378 -0.0006076 0.000655194 0.00899524 -0.0170561 0.00065234 -0.00140378 -0.0170561 0.0860157 
0.0103013 -0.0183908 -0.00060882 0.000630904 -0.0183908 0.0889466 0.000638921 -0.00135178 -0.00060882 0.000638921 0.00898959 -0.0170478 0.000630904 -0.00135178 -0.0170478 0.0860568 
0.01044 -0.0185591 -0.000608017 0.000632705 -0.0185591 0.0897011 0.000635172 -0.00132185 -0.000608017 0.000635172 0.00900574 -0.0171761 0.000632705 -0.00132185 -0.0171761 0.0867397 
0.0104593 -0.0186275 -0.000594182 0.000626766 -0.0186275 0.0898291 0.00062497 -0.00129439 -0.000594182 0.00062497 0.00898278 -0.017116 0.000626766 -0.00129439 -0.017116 0.0866603 
0.0104394 -0.0186111 -0.00058434 0.000609901 -0.0186111 0.0897126 0.000608017 -0.00125646 -0.00058434 0.000608017 0.00895152 -0.0170258 0.000609901 -0.00125646 -0.0170258 0.0862926 
0.0104414 -0.0186102 -0.00059803 0.000605246 -0.0186102 0.0897138 0.000603873 -0.00124286 -0.00059803 0.000603873 0.0089504 -0.017 0.000605246 -0.00124286 -0.017 0.0861502 
0.0104309 -0.0186278 -0.000612353 0.000623741 -0.0186278 0.0897715 0.000618574 -0.00126213 -0.000612353 0.000618574 0.00897413 -0.0170039 0.000623741 -0.00126213 -0.0170039 0.0861255 
0.0103897 -0.018603 -0.000584181 0.000627769 -0.018603 0.0897024 0.000621693 -0.00126232 -0.000584181 0.000621693 0.00899086 -0.0170083 0.000627769 -0.00126232 -0.0170083 0.0860484 
0.0104324 -0.0186415 -0.000581801 0.000607182 -0.0186415 0.0900016 0.000603248 -0.00125069 -0.000581801 0.000603248 0.00902614 -0.0171019 0.000607182 -0.00125069 -0.0171019 0.0864239 
0.0104533 -0.0186226 -0.000573746 0.000608014 -0.0186226 0.0898935 0.000604491 -0.00124677 -0.000573746 0.000604491 0.00901843 -0.0171037 0.000608014 -0.00124677 -0.0171037 0.0864246 
0.0104158 -0.0185368 -0.00058429 0.000600174 -0.0185368 0.0893998 0.00059529 -0.0012399 -0.00058429 0.00059529 0.00897362 -0.0170355 0.000600174 -0.0012399 -0.0170355 0.0860525 
0.010412 -0.0185627 -0.000584808 0.000602783 -0.0185627 0.089411 0.000595173 -0.00122284 -0.000584808 0.000595173 0.00894668 -0.0170111 0.000602783 -0.00122284 -0.0170111 0.0859782 
0.0104526 -0.0186441 -0.000576787 0.000614356 -0.0186441 0.0898345 0.000607102 -0.00124866 -0.000576787 0.000607102 0.00897619 -0.0170726 0.000614356 -0.00124866 -0.0170726 0.0863473 
0.0104531 -0.0186698 -0.00054409 0.000601936 -0.0186698 0.0900179 0.000597169 -0.00124013 -0.00054409 0.000597169 0.00899627 -0.0171079 0.000601936 -0.00124013 -0.0171079 0.0865539 
0.0104546 -0.0186456 -0.000516836 0.000561913 -0.0186456 0.0899957 0.000559263 -0.0011754 -0.000516836 0.000559263 0.00898355 -0.0171135 0.000561913 -0.0011754 -0.0171135 0.0865941 
0.0104332 -0.0185931 -0.000467975 0.000520038 -0.0185931 0.0896894 0.000518906 -0.00107069 -0.000467975 0.000518906 0.00894583 -0.0170038 0.000520038 -0.00107069 -0.0170038 0.086175 
0.0104332 -0.0185897 -0.000460312 0.000463638 -0.0185897 0.0896154 0.000466005 -0.000950851 -0.000460312 0.000466005 0.00893208 -0.0169639 0.000463638 -0.000950851 -0.0169639 0.0859652 
0.010435 -0.018585 -0.000465291 0.000457303 -0.018585 0.0895768 0.000459345 -0.000892898 -0.000465291 0.000459345 0.00891645 -0.0169564 0.000457303 -0.000892898 -0.0169564 0.0858834 
0.0104234 -0.0185798 -0.000463288 0.000466269 -0.0185798 0.0895179 0.000463619 -0.000889061 -0.000463288 0.000463619 0.00890559 -0.0169286 0.000466269 -0.000889061 -0.0169286 0.0857751 
0.0104823 -0.0186555 -0.00049314 0.000475241 -0.0186555 0.0898897 0.000469081 -0.000914745 -0.00049314 0.000469081 0.00895327 -0.0169905 0.000475241 -0.000914745 -0.0169905 0.0860912 
0.010513 -0.0187026 -0.00052496 0.000511775 -0.0187026 0.0900776 0.000505974 -0.000981662 -0.00052496 0.000505974 0.00895257 -0.0170517 0.000511775 -0.000981662 -0.0170517 0.0863091 
0.0104721 -0.0186752 -0.000566393 0.000555673 -0.0186752 0.0899118 0.000555763 -0.00109766 -0.000566393 0.000555763 0.00894353 -0.0170012 0.000555673 -0.00109766 -0.0170012 0.0861406 
0.0104169 -0.0185744 -0.000573689 0.000604929 -0.0185744 0.0895241 0.000608763 -0.00122924 -0.000573689 0.000608763 0.00891035 -0.0169483 0.000604929 -0.00122924 -0.0169483 0.0858251 
0.01042 -0.0185691 -0.000550035 0.000601376 -0.0185691 0.0895008 0.000610258 -0.00126949 -0.000550035 0.000610258 0.00887749 -0.0169281 0.000601376 -0.00126949 -0.0169281 0.0857644 
0.0104228 -0.0185878 -0.000538496 0.000570077 -0.0185878 0.0895315 0.000582144 -0.00122969 -0.000538496 0.000582144 0.00884712 -0.0168628 0.000570077 -0.00122969 -0.0168628 0.0855957 
0.0104111 -0.0186269 -0.00055865 0.000567663 -0.0186269 0.0897118 0.000576943 -0.0012138 -0.00055865 0.000576943 0.0088846 -0.016845 0.000567663 -0.0012138 -0.016845 0.0855768 
0.0103659 -0.0186014 -0.000574488 0.000592335 -0.0186014 0.0897264 0.000591946 -0.00123574 -0.000574488 0.000591946 0.00894796 -0.0168884 0.000592335 -0.00123574 -0.0168884 0.0856285 
0.0103235 -0.0185258 -0.000561504 0.000610738 -0.0185258 0.0895589 0.000599355 -0.00126299 -0.000561504 0.000599355 0.00898647 -0.0169631 0.000610738 -0.00126299 -0.0169631 0.085751 
0.0103005 -0.0184697 -0.000544439 0.000589923 -0.0184697 0.0893984 0.000576695 -0.00123298 -0.000544439 0.000576695 0.00900348 -0.0170241 0.000589923 -0.00123298 -0.0170241 0.0859325 
0.0103174 -0.018461 -0.000488683 0.000579036 -0.018461 0.0893975 0.000571236 -0.00121563 -0.000488683 0.000571236 0.0090148 -0.0170783 0.000579036 -0.00121563 -0.0170783 0.0861883 
0.0103906 -0.0185216 -0.000490638 0.000506218 -0.0185216 0.0896649 0.000505459 -0.00109977 -0.000490638 0.000505459 0.00899477 -0.0171544 0.000506218 -0.00109977 -0.0171544 0.0866026 
0.0103776 -0.0185029 -0.000519908 0.000497639 -0.0185029 0.0893824 0.00049766 -0.0010169 -0.000519908 0.00049766 0.00894839 -0.0170075 0.000497639 -0.0010169 -0.0170075 0.0861573 
0.0103277 -0.0184738 -0.000552121 0.000533113 -0.0184738 0.0891537 0.000533741 -0.00104868 -0.000552121 0.000533741 0.00894791 -0.0169147 0.000533113 -0.00104868 -0.0169147 0.0857022 
0.0103994 -0.0185954 -0.000550653 0.000580565 -0.0185954 0.0898194 0.000581381 -0.00114941 -0.000550653 0.000581381 0.00901898 -0.017076 0.000580565 -0.00114941 -0.017076 0.086322 
0.0103479 -0.0184856 -0.000514741 0.000580841 -0.0184856 0.0892817 0.00058446 -0.00120806 -0.000514741 0.00058446 0.00894305 -0.0169765 0.000580841 -0.00120806 -0.0169765 0.085808 
0.0104096 -0.0185516 -0.000505873 0.0005426 -0.0185516 0.0895755 0.000554461 -0.00118144 -0.000505873 0.000554461 0.00892832 -0.0170178 0.0005426 -0.00118144 -0.0170178 0.0860857 
0.0104112 -0.0186133 -0.000520695 0.00051661 -0.0186133 0.0897717 0.000533404 -0.00111056 -0.000520695 0.000533404 0.00893846 -0.0169937 0.00051661 -0.00111056 -0.0169937 0.0861444 
0.0103712 -0.0186001 -0.000519837 0.000525912 -0.0186001 0.0897808 0.000541749 -0.00108697 -0.000519837 0.000541749 0.00895867 -0.0169738 0.000525912 -0.00108697 -0.0169738 0.0860492 
0.0102866 -0.0184647 -0.000520381 0.000529398 -0.0184647 0.0893013 0.000539079 -0.00108665 -0.000520381 0.000539079 0.0089548 -0.01693 0.000529398 -0.00108665 -0.01693 0.0857025 
0.0103552 -0.0185395 -0.000533621 0.000535173 -0.0185395 0.0897829 0.000538291 -0.0010894 -0.000533621 0.000538291 0.00901583 -0.01709 0.000535173 -0.0010894 -0.01709 0.0863832 
0.010286 -0.0184477 -0.000538569 0.000554978 -0.0184477 0.0893155 0.000552596 -0.0011222 -0.000538569 0.000552596 0.0090147 -0.0170324 0.000554978 -0.0011222 -0.0170324 0.0861096 
0.0103217 -0.0184923 -0.000543847 0.00057088 -0.0184923 0.0895851 0.000563743 -0.00116609 -0.000543847 0.000563743 0.00904778 -0.0171285 0.00057088 -0.00116609 -0.0171285 0.0864843 
0.0103126 -0.0184624 -0.000553507 0.000567467 -0.0184624 0.0894038 0.000562213 -0.00116867 -0.000553507 0.000562213 0.0090232 -0.0170863 0.000567467 -0.00116867 -0.0170863 0.0863168 
0.0103245 -0.0185245 -0.00058137 0.00058298 -0.0185245 0.0896613 0.000585617 -0.00120727 -0.00058137 0.000585617 0.00906321 -0.0171229 0.00058298 -0.00120727 -0.0171229 0.0865246 
0.0102333 -0.0184046 -0.000583588 0.000616543 -0.0184046 0.0891729 0.000618368 -0.00127931 -0.000583588 0.000618368 0.00904523 -0.0170688 0.000616543 -0.00127931 -0.0170688 0.086147 
0.0102301 -0.0183208 -0.00058026 0.00062449 -0.0183208 0.0889077 0.000618861 -0.00131964 -0.00058026 0.000618861 0.0090101 -0.0170723 0.00062449 -0.00131964 -0.0170723 0.0860741 
0.0102767 -0.0183575 -0.000572863 0.000617901 -0.0183575 0.0889829 0.000612298 -0.0013148 -0.000572863 0.000612298 0.0089849 -0.0170699 0.000617901 -0.0013148 -0.0170699 0.0861793 
0.0103204 -0.0183739 -0.000576616 0.000610007 -0.0183739 0.0889016 0.000605961 -0.00130132 -0.000576616 0.000605961 0.00892446 -0.0169844 0.000610007 -0.00130132 -0.0169844 0.0859115 
0.0104169 -0.0185439 -0.000568571 0.000614245 -0.0185439 0.0894937 0.000610078 -0.0012987 -0.000568571 0.000610078 0.00892573 -0.0170017 0.000614245 -0.0012987 -0.0170017 0.0861484 
0.0104482 -0.0185949 -0.000553476 0.000598656 -0.0185949 0.0896319 0.000594165 -0.00126946 -0.000553476 0.000594165 0.00889336 -0.0169539 0.000598656 -0.00126946 -0.0169539 0.0859965 
0.0104395 -0.0186242 -0.000569478 0.000576298 -0.0186242 0.0896819 0.00057653 -0.00122225 -0.000569478 0.00057653 0.00890894 -0.0168955 0.000576298 -0.00122225 -0.0168955 0.0857872 
0.0104467 -0.0186232 -0.000563959 0.000600752 -0.0186232 0.0897194 0.000603255 -0.00124562 -0.000563959 0.000603255 0.0089332 -0.0169226 0.000600752 -0.00124562 -0.0169226 0.0857619 
0.0105055 -0.0187265 -0.000567877 0.000601819 -0.0187265 0.0902192 0.00060304 -0.00127121 -0.000567877 0.00060304 0.00900801 -0.0170697 0.000601819 -0.00127121 -0.0170697 0.0863573 
0.0105058 -0.0186292 -0.000574902 0.000604154 -0.0186292 0.0897511 0.00060044 -0.00127569 -0.000574902 0.00060044 0.0088995 -0.0170217 0.000604154 -0.00127569 -0.0170217 0.086037 
0.0105284 -0.0187087 -0.000597803 0.000612948 -0.0187087 0.0898875 0.000605577 -0.00128401 -0.000597803 0.000605577 0.00885414 -0.016939 0.000612948 -0.00128401 -0.016939 0.0859493 
0.0105386 -0.0188156 -0.000629491 0.000638166 -0.0188156 0.0903728 0.000627882 -0.00131703 -0.000629491 0.000627882 0.00889316 -0.0169382 0.000638166 -0.00131703 -0.0169382 0.0861122 
0.010426 -0.0186586 -0.000630819 0.000657173 -0.0186586 0.0897617 0.000647615 -0.00134357 -0.000630819 0.000647615 0.00885352 -0.0167994 0.000657173 -0.00134357 -0.0167994 0.0853677 
0.0104578 -0.0187124 -0.000629709 0.000674598 -0.0187124 0.0902099 0.000668064 -0.00140028 -0.000629709 0.000668064 0.0089362 -0.0169397 0.000674598 -0.00140028 -0.0169397 0.0859218 
0.0104233 -0.0186612 -0.000621357 0.000671474 -0.0186612 0.0900853 0.000671346 -0.00142553 -0.000621357 0.000671346 0.00896654 -0.0170006 0.000671474 -0.00142553 -0.0170006 0.0860934 
0.0104074 -0.018617 -0.000608148 0.00066464 -0.018617 0.0899622 0.000666634 -0.00142939 -0.000608148 0.000666634 0.00898307 -0.0170341 0.00066464 -0.00142939 -0.0170341 0.0862154 
0.0103685 -0.0185463 -0.00058206 0.000640377 -0.0185463 0.0896494 0.000643306 -0.00138467 -0.00058206 0.000643306 0.00898002 -0.0170135 0.000640377 -0.00138467 -0.0170135 0.0860919 
0.0103181 -0.0184213 -0.000584158 0.000608304 -0.0184213 0.0890834 0.00061278 -0.00131718 -0.000584158 0.00061278 0.00892814 -0.0169482 0.000608304 -0.00131718 -0.0169482 0.085702 
0.010401 -0.0185542 -0.000587886 0.00061701 -0.0185542 0.0896621 0.000621345 -0.00130401 -0.000587886 0.000621345 0.00896912 -0.0170543 0.00061701 -0.00130401 -0.0170543 0.0862913 
0.0103864 -0.0185283 -0.000592804 0.000607937 -0.0185283 0.0894562 0.000613229 -0.00128054 -0.000592804 0.000613229 0.0089255 -0.0169736 0.000607937 -0.00128054 -0.0169736 0.0859832 
0.0103966 -0.0185386 -0.000595118 0.000605705 -0.0185386 0.0894263 0.000616318 -0.00126239 -0.000595118 0.000616318 0.00889087 -0.016904 0.000605705 -0.00126239 -0.016904 0.0857231 
0.0104097 -0.0186112 -0.000599588 0.000617549 -0.0186112 0.0897129 0.00063187 -0.00128819 -0.000599588 0.00063187 0.00892054 -0.0169161 0.000617549 -0.00128819 -0.0169161 0.0858175 
0.0103771 -0.018585 -0.00059931 0.00062647 -0.018585 0.0896611 0.000639128 -0.001318 -0.00059931 0.000639128 0.00895066 -0.0169219 0.00062647 -0.001318 -0.0169219 0.0857515 
0.0103117 -0.0185248 -0.000608322 0.000618731 -0.0185248 0.0895049 0.000628497 -0.00130484 -0.000608322 0.000628497 0.00898818 -0.016975 0.000618731 -0.00130484 -0.016975 0.0858268 
0.0103489 -0.0185274 -0.000608621 0.000633176 -0.0185274 0.0897028 0.000638772 -0.0013176 -0.000608621 0.000638772 0.00900897 -0.0170997 0.000633176 -0.0013176 -0.0170997 0.086326 
0.0103134 -0.0184189 -0.000598772 0.000626996 -0.0184189 0.0891315 0.000634217 -0.00131267 -0.000598772 0.000634217 0.00891967 -0.0169876 0.000626996 -0.00131267 -0.0169876 0.085894 
0.0103112 -0.0184877 -0.000600119 0.000617536 -0.0184877 0.0893499 0.000627435 -0.00129856 -0.000600119 0.000627435 0.00895409 -0.0169686 0.000617536 -0.00129856 -0.0169686 0.0859958 
0.0103126 -0.0185181 -0.000637191 0.000628074 -0.0185181 0.089615 0.000633137 -0.00131024 -0.000637191 0.000633137 0.00901444 -0.0170366 0.000628074 -0.00131024 -0.0170366 0.0862431 
0.0102628 -0.0183643 -0.000650757 0.000676866 -0.0183643 0.088998 0.000673975 -0.00138851 -0.000650757 0.000673975 0.0089781 -0.0169833 0.000676866 -0.00138851 -0.0169833 0.0858281 
0.010294 -0.0183834 -0.000624449 0.000692067 -0.0183834 0.0889904 0.00068342 -0.00143981 -0.000624449 0.00068342 0.00896081 -0.0169963 0.000692067 -0.00143981 -0.0169963 0.085882 
0.0103406 -0.018472 -0.000620943 0.000659351 -0.018472 0.0892934 0.000652314 -0.00140759 -0.000620943 0.000652314 0.00896336 -0.0170219 0.000659351 -0.00140759 -0.0170219 0.0860968 
0.0103102 -0.0184416 -0.000599486 0.000643372 -0.0184416 0.0890943 0.000637757 -0.00135167 -0.000599486 0.000637757 0.00893833 -0.0169403 0.000643372 -0.00135167 -0.0169403 0.0857682 
0.0103099 -0.0185161 -0.000598625 0.000632026 -0.0185161 0.0895226 0.000627952 -0.00133248 -0.000598625 0.000627952 0.00903378 -0.0170476 0.000632026 -0.00133248 -0.0170476 0.0862303 
0.0102413 -0.0183926 -0.000568817 0.000630393 -0.0183926 0.0891065 0.000624675 -0.00132295 -0.000568817 0.000624675 0.00904723 -0.0170463 0.000630393 -0.00132295 -0.0170463 0.0860297 
0.0102486 -0.0183502 -0.000552974 0.000598024 -0.0183502 0.0890125 0.000591144 -0.00127234 -0.000552974 0.000591144 0.0090407 -0.0171259 0.000598024 -0.00127234 -0.0171259 0.0862577 
0.0102317 -0.0183229 -0.000537909 0.000573827 -0.0183229 0.0888025 0.000570977 -0.00120984 -0.000537909 0.000570977 0.00901982 -0.0170752 0.000573827 -0.00120984 -0.0170752 0.0861363 
0.0103255 -0.0184401 -0.000564467 0.000558118 -0.0184401 0.089322 0.000559809 -0.00116762 -0.000564467 0.000559809 0.0090195 -0.0171442 0.000558118 -0.00116762 -0.0171442 0.0865388 
0.0103308 -0.0184226 -0.000565382 0.000585452 -0.0184226 0.0891088 0.000586993 -0.00119147 -0.000565382 0.000586993 0.00895927 -0.0170322 0.000585452 -0.00119147 -0.0170322 0.0861485 
0.0103508 -0.0184711 -0.000583454 0.000592006 -0.0184711 0.0892226 0.000590967 -0.001222 -0.000583454 0.000590967 0.00893964 -0.0169904 0.000592006 -0.001222 -0.0169904 0.0860229 
0.0103499 -0.0184825 -0.00058861 0.000616405 -0.0184825 0.0892253 0.000613264 -0.00126795 -0.00058861 0.000613264 0.00892122 -0.0169367 0.000616405 -0.00126795 -0.0169367 0.0858029 
0.0104251 -0.0185791 -0.000590662 0.000630263 -0.0185791 0.0896858 0.000623058 -0.00131431 -0.000590662 0.000623058 0.00894846 -0.0170041 0.000630263 -0.00131431 -0.0170041 0.086129 
0.0104273 -0.0186487 -0.000563275 0.000628946 -0.0186487 0.0899086 0.000622526 -0.00132719 -0.000563275 0.000622526 0.0089764 -0.0170054 0.000628946 -0.00132719 -0.0170054 0.0861794 
