0.00692333 0 0.00100375 0 0 0.00997923 0 0 0.00100375 0 0.00708144 0 0 0 0 0.00997923 
0.00975497 -0.0121117 0.0012727 -0.00155126 -0.0121117 0.0323358 -0.00155126 0.00297354 0.0012727 -0.00155126 0.00998161 -0.0123878 -0.00155126 0.00297354 -0.0123878 0.0328655 
0.00988842 -0.0184732 0.00110685 -0.00164167 -0.0184732 0.0682413 -0.00164167 0.00510846 0.00110685 -0.00164167 0.0100977 -0.0188044 -0.00164167 0.00510846 -0.0188044 0.0692805 
0.00920634 -0.0178932 0.00102532 -0.00100282 -0.0178932 0.0804908 -0.000996289 0.00283226 0.00102532 -0.000996289 0.00935802 -0.0181432 -0.00100282 0.00283226 -0.0181432 0.0813359 
0.00935644 -0.017699 0.00114413 -0.00100173 -0.017699 0.0857531 -0.000989524 0.00174212 0.00114413 -0.000989524 0.00952227 -0.017866 -0.00100173 0.00174212 -0.017866 0.0863228 
0.00950388 -0.0176568 0.00121388 -0.00122316 -0.0176568 0.0872003 -0.00121253 0.00210915 0.00121388 -0.00121253 0.0096776 -0.0177977 -0.00122316 0.00210915 -0.0177977 0.0875577 
0.00953561 -0.0176544 0.00118664 -0.00131872 -0.0176544 0.0874866 -0.0013175 0.00261982 0.00118664 -0.0013175 0.00976263 -0.0178301 -0.00131872 0.00261982 -0.0178301 0.0878675 
0.00961497 -0.0177754 0.00117694 -0.0012969 -0.0177754 0.0882723 -0.00130408 0.00283286 0.00117694 -0.00130408 0.00990005 -0.0180614 -0.0012969 0.00283286 -0.0180614 0.0888944 
0.00957607 -0.0176619 0.00114366 -0.00125294 -0.0176619 0.0877525 -0.00126006 0.00279378 0.00114366 -0.00126006 0.00986659 -0.0179988 -0.00125294 0.00279378 -0.0179988 0.0885355 
0.00966542 -0.017793 0.00113671 -0.00122266 -0.017793 0.0883061 -0.00122752 0.00272141 0.00113671 -0.00122752 0.0099199 -0.0181246 -0.00122266 0.00272141 -0.0181246 0.0891251 
0.00955661 -0.0176311 0.0010984 -0.00118402 -0.0176311 0.0873933 -0.00118688 0.00259757 0.0010984 -0.00118688 0.00983411 -0.0179384 -0.00118402 0.00259757 -0.0179384 0.0882064 
0.00951353 -0.0175599 0.00106153 -0.00114537 -0.0175599 0.0870566 -0.00114457 0.00248912 0.00106153 -0.00114457 0.00978648 -0.0178906 -0.00114537 0.00248912 -0.0178906 0.0878932 
0.00965231 -0.0178377 0.00105626 -0.00113391 -0.0178377 0.0883971 -0.00112983 0.00245027 0.00105626 -0.00112983 0.00993072 -0.0181292 -0.00113391 0.00245027 -0.0181292 0.0891456 
0.00963153 -0.0177494 0.00102767 -0.00110179 -0.0177494 0.0879966 -0.00109644 0.00236361 0.00102767 -0.00109644 0.00986428 -0.0180502 -0.00110179 0.00236361 -0.0180502 0.0887189 
0.00962979 -0.0177159 0.000996759 -0.0010603 -0.0177159 0.0877682 -0.00106217 0.00226868 0.000996759 -0.00106217 0.00981063 -0.0180034 -0.0010603 0.00226868 -0.0180034 0.0885225 
0.00965933 -0.01775 0.00100568 -0.00103604 -0.01775 0.0878522 -0.00104368 0.00221361 0.00100568 -0.00104368 0.00979626 -0.0179922 -0.00103604 0.00221361 -0.0179922 0.0885678 
0.00968355 -0.0178106 0.00105275 -0.00104949 -0.0178106 0.0880579 -0.00105751 0.00221574 0.00105275 -0.00105751 0.00980391 -0.0179916 -0.00104949 0.00221574 -0.0179916 0.0886456 
0.0097239 -0.0179348 0.0011102 -0.00111813 -0.0179348 0.0886271 -0.00112346 0.00233629 0.0011102 -0.00112346 0.0098634 -0.0180692 -0.00111813 0.00233629 -0.0180692 0.0890571 
0.00972906 -0.0179623 0.00112224 -0.00119051 -0.0179623 0.0888574 -0.00118932 0.0025043 0.00112224 -0.00118932 0.009903 -0.018129 -0.00119051 0.0025043 -0.018129 0.0892874 
0.00961188 -0.0176746 0.00111561 -0.00119333 -0.0176746 0.0875111 -0.00118577 0.00257024 0.00111561 -0.00118577 0.00972882 -0.0178788 -0.00119333 0.00257024 -0.0178788 0.0880048 
0.00964308 -0.0177449 0.00112134 -0.00120227 -0.0177449 0.0877565 -0.00119558 0.00261244 0.00112134 -0.00119558 0.00974301 -0.0179007 -0.00120227 0.00261244 -0.0179007 0.0882325 
0.00963334 -0.0177633 0.00109699 -0.00119721 -0.0177633 0.087839 -0.00119201 0.00260607 0.00109699 -0.00119201 0.00974469 -0.0178917 -0.00119721 0.00260607 -0.0178917 0.0882375 
0.00959842 -0.0176487 0.00106587 -0.00117138 -0.0176487 0.0873516 -0.00116627 0.00257157 0.00106587 -0.00116627 0.00968169 -0.0177879 -0.00117138 0.00257157 -0.0177879 0.0877329 
0.00974954 -0.0179018 0.00104616 -0.00114097 -0.0179018 0.0885129 -0.00113588 0.00250676 0.00104616 -0.00113588 0.009771 -0.0179884 -0.00114097 0.00250676 -0.0179884 0.0887866 
0.00977033 -0.0179595 0.00103593 -0.00110449 -0.0179595 0.0887062 -0.00110106 0.00241316 0.00103593 -0.00110106 0.00975871 -0.0179702 -0.00110449 0.00241316 -0.0179702 0.0888083 
0.00977156 -0.0180195 0.00102431 -0.00109911 -0.0180195 0.0889829 -0.00109386 0.00237103 0.00102431 -0.00109386 0.00978374 -0.0179656 -0.00109911 0.00237103 -0.0179656 0.0888757 
0.00957546 -0.0176788 0.00100972 -0.00107428 -0.0176788 0.0874433 -0.00106784 0.0023192 0.00100972 -0.00106784 0.00964611 -0.017678 -0.00107428 0.0023192 -0.017678 0.0873671 
0.00971566 -0.0179221 0.0010601 -0.00109681 -0.0179221 0.0887485 -0.0010905 0.00236516 0.0010601 -0.0010905 0.00981565 -0.0179849 -0.00109681 0.00236516 -0.0179849 0.0887882 
0.00966321 -0.0177682 0.00107099 -0.00112955 -0.0177682 0.0880131 -0.00112856 0.00242454 0.00107099 -0.00112856 0.00974557 -0.0178776 -0.00112955 0.00242454 -0.0178776 0.0881949 
0.00968102 -0.0177595 0.00105972 -0.00114978 -0.0177595 0.0878417 -0.00115416 0.0025024 0.00105972 -0.00115416 0.0096932 -0.0178321 -0.00114978 0.0025024 -0.0178321 0.0879979 
0.00969049 -0.017767 0.00102064 -0.00112782 -0.017767 0.0877147 -0.00113433 0.00249159 0.00102064 -0.00113433 0.00962758 -0.0177462 -0.00112782 0.00249159 -0.0177462 0.0876964 
0.00965279 -0.0177464 0.000980405 -0.00108461 -0.0177464 0.0875374 -0.00109211 0.00241787 0.000980405 -0.00109211 0.00961155 -0.0176626 -0.00108461 0.00241787 -0.0176626 0.0873788 
0.00962673 -0.0177509 0.000970188 -0.00103819 -0.0177509 0.0876564 -0.00104188 0.00230666 0.000970188 -0.00104188 0.00965611 -0.0177211 -0.00103819 0.00230666 -0.0177211 0.0875628 
0.00959963 -0.0176993 0.000969709 -0.00103107 -0.0176993 0.0875703 -0.00102492 0.00224289 0.000969709 -0.00102492 0.00968207 -0.0177734 -0.00103107 0.00224289 -0.0177734 0.0877052 
0.00958857 -0.0176948 0.00094638 -0.00103318 -0.0176948 0.0876335 -0.00101812 0.00221817 0.00094638 -0.00101812 0.0097124 -0.0178415 -0.00103318 0.00221817 -0.0178415 0.0879989 
0.00962909 -0.0177516 0.000938351 -0.00102062 -0.0177516 0.0879798 -0.00100191 0.00220517 0.000938351 -0.00100191 0.00974258 -0.0179272 -0.00102062 0.00220517 -0.0179272 0.0884493 
0.00962634 -0.0177466 0.000960562 -0.00101597 -0.0177466 0.0879686 -0.000995263 0.00219498 0.000960562 -0.000995263 0.00974994 -0.0179174 -0.00101597 0.00219498 -0.0179174 0.0884727 
0.00959805 -0.0176981 0.000960325 -0.00103706 -0.0176981 0.0877401 -0.00101987 0.00222584 0.000960325 -0.00101987 0.00972949 -0.0178675 -0.00103706 0.00222584 -0.0178675 0.0882214 
0.00955143 -0.0176088 0.000931044 -0.00103918 -0.0176088 0.0872909 -0.00102965 0.00226686 0.000931044 -0.00102965 0.00967995 -0.0177593 -0.00103918 0.00226686 -0.0177593 0.0876924 
0.00955815 -0.0176046 0.000855073 -0.00100098 -0.0176046 0.0872363 -0.00100346 0.00223826 0.000855073 -0.00100346 0.00964558 -0.017728 -0.00100098 0.00223826 -0.017728 0.0875289 
0.00968757 -0.0178598 0.000823878 -0.00091094 -0.0178598 0.0884353 -0.00092065 0.00208778 0.000823878 -0.00092065 0.00976082 -0.0179223 -0.00091094 0.00208778 -0.0179223 0.0885712 
0.0096455 -0.0177975 0.000831819 -0.000851352 -0.0177975 0.0881191 -0.00085784 0.00189523 0.000831819 -0.00085784 0.00972389 -0.0178298 -0.000851352 0.00189523 -0.0178298 0.0881227 
0.00964428 -0.0178326 0.000844014 -0.000873148 -0.0178326 0.0882918 -0.00087556 0.00186007 0.000844014 -0.00087556 0.00975468 -0.0178517 -0.000873148 0.00186007 -0.0178517 0.0882025 
0.00966902 -0.0178709 0.000861763 -0.000894529 -0.0178709 0.0885541 -0.000896531 0.0019 0.000861763 -0.000896531 0.00978623 -0.0179285 -0.000894529 0.0019 -0.0179285 0.0884919 
0.0096444 -0.0178121 0.000893568 -0.000913105 -0.0178121 0.0882994 -0.00091888 0.00195132 0.000893568 -0.00091888 0.0097714 -0.0179005 -0.000913105 0.00195132 -0.0179005 0.0883365 
0.0096466 -0.0177748 0.000909911 -0.000951249 -0.0177748 0.0881506 -0.000964293 0.00204161 0.000909911 -0.000964293 0.00976401 -0.0179247 -0.000951249 0.00204161 -0.0179247 0.0883885 
0.0096794 -0.0178721 0.000904107 -0.000973302 -0.0178721 0.0885864 -0.000991959 0.00212388 0.000904107 -0.000991959 0.00982855 -0.0180421 -0.000973302 0.00212388 -0.0180421 0.0889866 
0.00952408 -0.017562 0.000871307 -0.000951569 -0.017562 0.0871114 -0.000969163 0.00211296 0.000871307 -0.000969163 0.0096743 -0.0177651 -0.000951569 0.00211296 -0.0177651 0.0876183 
0.00967396 -0.0178224 0.000875572 -0.000940012 -0.0178224 0.0884052 -0.000954109 0.00209768 0.000875572 -0.000954109 0.00983673 -0.0180569 -0.000940012 0.00209768 -0.0180569 0.089048 
0.00961787 -0.0177154 0.000869605 -0.000917555 -0.0177154 0.0878423 -0.000925234 0.00201823 0.000869605 -0.000925234 0.00978986 -0.017957 -0.000917555 0.00201823 -0.017957 0.0885393 
0.00957734 -0.0176727 0.000885247 -0.000913343 -0.0176727 0.0875652 -0.000916822 0.00197979 0.000885247 -0.000916822 0.00977043 -0.0178884 -0.000913343 0.00197979 -0.0178884 0.0881901 
0.00959945 -0.0177282 0.000882059 -0.000938858 -0.0177282 0.0878202 -0.000939318 0.00200674 0.000882059 -0.000939318 0.00978201 -0.0179176 -0.000938858 0.00200674 -0.0179176 0.0883022 
0.00958189 -0.0177161 0.000870814 -0.000934803 -0.0177161 0.0877657 -0.000932075 0.00201321 0.000870814 -0.000932075 0.0097709 -0.0178848 -0.000934803 0.00201321 -0.0178848 0.0881523 
0.00957879 -0.0177953 0.000859504 -0.000923571 -0.0177953 0.0881965 -0.000915639 0.00198778 0.000859504 -0.000915639 0.00983214 -0.0179646 -0.000923571 0.00198778 -0.0179646 0.088532 
0.00959544 -0.0177931 0.000874923 -0.00092428 -0.0177931 0.0884042 -0.000914819 0.00199302 0.000874923 -0.000914819 0.00987119 -0.0180507 -0.00092428 0.00199302 -0.0180507 0.0888678 
0.00947608 -0.0175475 0.00088146 -0.000926007 -0.0175475 0.0872502 -0.000922414 0.00199494 0.00088146 -0.000922414 0.00975117 -0.017863 -0.000926007 0.00199494 -0.017863 0.0879119 
0.0094958 -0.0175627 0.000873249 -0.000946475 -0.0175627 0.087304 -0.000956383 0.00205892 0.000873249 -0.000956383 0.00975715 -0.0178731 -0.000946475 0.00205892 -0.0178731 0.0880298 
0.00951612 -0.0176229 0.000864714 -0.000938053 -0.0176229 0.0875379 -0.000958562 0.00209236 0.000864714 -0.000958562 0.00979142 -0.0178983 -0.000938053 0.00209236 -0.0178983 0.0882053 
0.00953799 -0.0176798 0.000896283 -0.000927755 -0.0176798 0.0878499 -0.000950265 0.00208636 0.000896283 -0.000950265 0.00984992 -0.0179776 -0.000927755 0.00208636 -0.0179776 0.0885352 
0.00961198 -0.0177235 0.000939442 -0.000965323 -0.0177235 0.0881633 -0.000981278 0.00212662 0.000939442 -0.000981278 0.00987957 -0.0181145 -0.000965323 0.00212662 -0.0181145 0.0890703 
0.00949268 -0.017503 0.000983344 -0.000993633 -0.017503 0.086891 -0.00100459 0.00216797 0.000983344 -0.00100459 0.00970847 -0.0178236 -0.000993633 0.00216797 -0.0178236 0.087778 
0.00965177 -0.0178028 0.00103231 -0.0010879 -0.0178028 0.0882854 -0.00109168 0.00235609 0.00103231 -0.00109168 0.00984727 -0.0180469 -0.0010879 0.00235609 -0.0180469 0.0890064 
0.009647 -0.0178399 0.00102441 -0.00113496 -0.0178399 0.0884171 -0.00112685 0.00248792 0.00102441 -0.00112685 0.00986113 -0.0180334 -0.00113496 0.00248792 -0.0180334 0.0889518 
0.00955756 -0.0176993 0.000946547 -0.00111348 -0.0176993 0.0878285 -0.00109708 0.00248064 0.000946547 -0.00109708 0.00982944 -0.017949 -0.00111348 0.00248064 -0.017949 0.0884281 
0.00949028 -0.01755 0.000905483 -0.00101643 -0.01755 0.0872088 -0.00100115 0.00231488 0.000905483 -0.00100115 0.00978395 -0.01789 -0.00101643 0.00231488 -0.01789 0.0880129 
0.00962587 -0.0177692 0.000894684 -0.000975025 -0.0177692 0.0882795 -0.000962466 0.00217217 0.000894684 -0.000962466 0.00989333 -0.0181296 -0.000975025 0.00217217 -0.0181296 0.0891998 
0.00961908 -0.0177059 0.000878021 -0.000946012 -0.0177059 0.0879295 -0.000936896 0.00206785 0.000878021 -0.000936896 0.00982798 -0.0180625 -0.000946012 0.00206785 -0.0180625 0.0889171 
0.00962113 -0.0177119 0.000916577 -0.000935608 -0.0177119 0.0878184 -0.000932968 0.00203679 0.000916577 -0.000932968 0.00979651 -0.0179855 -0.000935608 0.00203679 -0.0179855 0.0886779 
0.0096225 -0.0177226 0.000893084 -0.000976407 -0.0177226 0.0877945 -0.000975733 0.0020872 0.000893084 -0.000975733 0.00976774 -0.0179372 -0.000976407 0.0020872 -0.0179372 0.0884729 
0.00964583 -0.0177921 0.00089633 -0.000955156 -0.0177921 0.0881198 -0.000952645 0.00209193 0.00089633 -0.000952645 0.00978505 -0.0179774 -0.000955156 0.00209193 -0.0179774 0.0886913 
0.00971234 -0.0178877 0.000898641 -0.000966112 -0.0178877 0.0886228 -0.000961264 0.00209961 0.000898641 -0.000961264 0.0098011 -0.018048 -0.000966112 0.00209961 -0.018048 0.0890851 
0.00974574 -0.0179267 0.00091101 -0.000968636 -0.0179267 0.0887284 -0.000965993 0.00211646 0.00091101 -0.000965993 0.00976941 -0.0179883 -0.000968636 0.00211646 -0.0179883 0.088949 
0.00957495 -0.0176726 0.000892274 -0.000966361 -0.0176726 0.0873747 -0.000969609 0.00211561 0.000892274 -0.000969609 0.00960974 -0.0176437 -0.000966361 0.00211561 -0.0176437 0.0873369 
0.00954873 -0.0176659 0.000885466 -0.00096801 -0.0176659 0.0874419 -0.000970268 0.00214207 0.000885466 -0.000970268 0.00964256 -0.0176611 -0.00096801 0.00214207 -0.0176611 0.0873456 
0.00967092 -0.0178564 0.000908532 -0.000983667 -0.0178564 0.0885553 -0.000982133 0.00219341 0.000908532 -0.000982133 0.00981118 -0.0179566 -0.000983667 0.00219341 -0.0179566 0.0886521 
0.00966952 -0.0178324 0.000896028 -0.000986093 -0.0178324 0.0884591 -0.00098095 0.00218842 0.000896028 -0.00098095 0.0098215 -0.0180154 -0.000986093 0.00218842 -0.0180154 0.0888159 
0.0096501 -0.0177872 0.000878024 -0.00096081 -0.0177872 0.0882199 -0.000956206 0.00213931 0.000878024 -0.000956206 0.0098004 -0.0180001 -0.00096081 0.00213931 -0.0180001 0.0887478 
0.00965398 -0.0177319 0.000843897 -0.000937463 -0.0177319 0.0879085 -0.000935053 0.00207903 0.000843897 -0.000935053 0.00973485 -0.0179265 -0.000937463 0.00207903 -0.0179265 0.0884424 
0.00968484 -0.0178569 0.000840342 -0.000899946 -0.0178569 0.0883702 -0.000900089 0.00200165 0.000840342 -0.000900089 0.00978224 -0.0179713 -0.000899946 0.00200165 -0.0179713 0.0887852 
0.00967259 -0.0179026 0.000895312 -0.000893216 -0.0179026 0.0886143 -0.000892352 0.00194972 0.000895312 -0.000892352 0.00982244 -0.0179726 -0.000893216 0.00194972 -0.0179726 0.0888101 
0.00953873 -0.0176185 0.000939921 -0.000949794 -0.0176185 0.0873582 -0.00094877 0.00201637 0.000939921 -0.00094877 0.0096887 -0.0177498 -0.000949794 0.00201637 -0.0177498 0.0875616 
0.0095629 -0.0176608 0.00095262 -0.0010235 -0.0176608 0.0875601 -0.00102714 0.00219211 0.00095262 -0.00102714 0.00971929 -0.0178102 -0.0010235 0.00219211 -0.0178102 0.0878378 
0.00966922 -0.0178818 0.000934151 -0.00104307 -0.0178818 0.0886654 -0.00105062 0.00230288 0.000934151 -0.00105062 0.00987204 -0.0180498 -0.00104307 0.00230288 -0.0180498 0.0890055 
0.00965151 -0.017843 0.000896099 -0.00100283 -0.017843 0.0885332 -0.00101079 0.0022618 0.000896099 -0.00101079 0.00987939 -0.0180666 -0.00100283 0.0022618 -0.0180666 0.0889837 
0.00952959 -0.0176024 0.000897882 -0.000943874 -0.0176024 0.0873461 -0.000949679 0.00212907 0.000897882 -0.000949679 0.00975022 -0.0178566 -0.000943874 0.00212907 -0.0178566 0.0879031 
0.00956024 -0.0176596 0.000936612 -0.000947766 -0.0176596 0.0876009 -0.000945805 0.00205865 0.000936612 -0.000945805 0.00976176 -0.0179074 -0.000947766 0.00205865 -0.0179074 0.0881908 
0.00960254 -0.0177361 0.000966841 -0.00100585 -0.0177361 0.0879713 -0.000995555 0.00212801 0.000966841 -0.000995555 0.00978512 -0.017959 -0.00100585 0.00212801 -0.017959 0.0885263 
0.00961856 -0.0177646 0.000989042 -0.00105094 -0.0177646 0.0881058 -0.00103734 0.00224305 0.000989042 -0.00103734 0.009794 -0.0179579 -0.00105094 0.00224305 -0.0179579 0.0885888 
0.00964912 -0.0178405 0.000997139 -0.00108277 -0.0178405 0.0884721 -0.00107449 0.00235018 0.000997139 -0.00107449 0.00984318 -0.0180188 -0.00108277 0.00235018 -0.0180188 0.0888953 
0.00967554 -0.0177937 0.00098397 -0.00108129 -0.0177937 0.0883025 -0.0010792 0.00238495 0.00098397 -0.0010792 0.00980373 -0.018014 -0.00108129 0.00238495 -0.018014 0.0887944 
0.00966758 -0.0177677 0.00098527 -0.00105122 -0.0177677 0.0879957 -0.00105501 0.00234111 0.00098527 -0.00105501 0.0097534 -0.0179181 -0.00105122 0.00234111 -0.0179181 0.0884339 
0.00967257 -0.017755 0.000973078 -0.00104402 -0.017755 0.0878445 -0.00104809 0.00229443 0.000973078 -0.00104809 0.00970773 -0.0178672 -0.00104402 0.00229443 -0.0178672 0.0881992 
0.00966986 -0.0178153 0.000985955 -0.00103094 -0.0178153 0.0880571 -0.00103599 0.00225922 0.000985955 -0.00103599 0.00973354 -0.0178752 -0.00103094 0.00225922 -0.0178752 0.0883098 
0.00961416 -0.0177261 0.00100667 -0.00104376 -0.0177261 0.087688 -0.0010493 0.00226301 0.00100667 -0.0010493 0.00971058 -0.0177924 -0.00104376 0.00226301 -0.0177924 0.087872 
0.00961614 -0.0177205 0.0010372 -0.00108681 -0.0177205 0.0877183 -0.00109068 0.00235202 0.0010372 -0.00109068 0.00973997 -0.0178372 -0.00108681 0.00235202 -0.0178372 0.087983 
0.00961637 -0.0176773 0.00103187 -0.00111131 -0.0176773 0.087507 -0.00111011 0.00241115 0.00103187 -0.00111011 0.00970391 -0.0178267 -0.00111131 0.00241115 -0.0178267 0.0878569 
0.00958096 -0.0176527 0.000975054 -0.00111091 -0.0176527 0.0873009 -0.00110599 0.00243568 0.000975054 -0.00110599 0.00969733 -0.0177751 -0.00111091 0.00243568 -0.0177751 0.0876682 
0.00957653 -0.0176441 0.000927322 -0.00104389 -0.0176441 0.087307 -0.00103806 0.00233706 0.000927322 -0.00103806 0.00970299 -0.0177985 -0.00104389 0.00233706 -0.0177985 0.0877094 
0.00955695 -0.0176619 0.000897561 -0.000974869 -0.0176619 0.0874006 -0.000968007 0.0021613 0.000897561 -0.000968007 0.00972122 -0.0178184 -0.000974869 0.0021613 -0.0178184 0.0878176 
0.00957794 -0.0176647 0.000885517 -0.000943461 -0.0176647 0.0875168 -0.000937242 0.00204653 0.000885517 -0.000937242 0.00970558 -0.0178413 -0.000943461 0.00204653 -0.0178413 0.0879297 
0.00959561 -0.0176822 0.000876573 -0.000933964 -0.0176822 0.0875915 -0.000933896 0.00200827 0.000876573 -0.000933896 0.00968898 -0.0178274 -0.000933964 0.00200827 -0.0178274 0.0879706 
0.0096258 -0.0177323 0.000878877 -0.000925112 -0.0177323 0.0877945 -0.000929678 0.00199577 0.000878877 -0.000929678 0.00967192 -0.0178148 -0.000925112 0.00199577 -0.0178148 0.0880245 
0.00964329 -0.0178082 0.000893642 -0.000940933 -0.0178082 0.0881273 -0.000944573 0.00203212 0.000893642 -0.000944573 0.00969858 -0.0178176 -0.000940933 0.00203212 -0.0178176 0.0881641 
0.00961956 -0.0177537 0.000917891 -0.000962596 -0.0177537 0.0879641 -0.000962856 0.0020868 0.000917891 -0.000962856 0.00969576 -0.0177904 -0.000962596 0.0020868 -0.0177904 0.0879805 
0.00955916 -0.0176393 0.000925402 -0.000988897 -0.0176393 0.0874347 -0.000986941 0.00214821 0.000925402 -0.000986941 0.00966467 -0.0177119 -0.000988897 0.00214821 -0.0177119 0.0875287 
0.00972426 -0.0178862 0.000935193 -0.00102545 -0.0178862 0.0886778 -0.00102072 0.00225169 0.000935193 -0.00102072 0.00980206 -0.0180074 -0.00102545 0.00225169 -0.0180074 0.0888997 
0.00970087 -0.0178522 0.000923564 -0.00101947 -0.0178522 0.0883765 -0.0010132 0.00226733 0.000923564 -0.0010132 0.009777 -0.0179298 -0.00101947 0.00226733 -0.0179298 0.0885751 
0.00964404 -0.0177267 0.000912519 -0.000992735 -0.0177267 0.087694 -0.000985178 0.00221336 0.000912519 -0.000985178 0.00970466 -0.0177858 -0.000992735 0.00221336 -0.0177858 0.087814 
0.00964314 -0.017802 0.000912148 -0.000974984 -0.017802 0.0879884 -0.000969446 0.0021529 0.000912148 -0.000969446 0.00975617 -0.0178584 -0.000974984 0.0021529 -0.0178584 0.0881014 
0.00967555 -0.0178157 0.000944614 -0.000971117 -0.0178157 0.0881965 -0.00096817 0.00211834 0.000944614 -0.00096817 0.00976798 -0.0179529 -0.000971117 0.00211834 -0.0179529 0.0884463 
0.00973567 -0.0179073 0.00100208 -0.00101589 -0.0179073 0.0886186 -0.00101544 0.0021818 0.00100208 -0.00101544 0.00979949 -0.0180401 -0.00101589 0.0021818 -0.0180401 0.0889613 
0.00965271 -0.0177856 0.00100891 -0.00106829 -0.0177856 0.0879421 -0.00107247 0.00228969 0.00100891 -0.00107247 0.00969532 -0.0178566 -0.00106829 0.00228969 -0.0178566 0.088178 
0.0096112 -0.0177538 0.000988982 -0.0010968 -0.0177538 0.0878024 -0.0011058 0.00241216 0.000988982 -0.0011058 0.00970534 -0.0177755 -0.0010968 0.00241216 -0.0177755 0.0878799 
0.00959446 -0.0177217 0.000962771 -0.00106763 -0.0177217 0.0877437 -0.00107349 0.00240101 0.000962771 -0.00107349 0.00971613 -0.0177912 -0.00106763 0.00240101 -0.0177912 0.0878119 
0.00957035 -0.017675 0.000960972 -0.00102753 -0.017675 0.0875386 -0.00102638 0.00230276 0.000960972 -0.00102638 0.00970436 -0.0177695 -0.00102753 0.00230276 -0.0177695 0.0876486 
0.00956692 -0.0176838 0.000958347 -0.0010205 -0.0176838 0.087607 -0.00101802 0.002236 0.000958347 -0.00101802 0.00971936 -0.0178057 -0.0010205 0.002236 -0.0178057 0.0877889 
0.00955781 -0.0176205 0.000944838 -0.00101559 -0.0176205 0.087393 -0.00101437 0.0022084 0.000944838 -0.00101437 0.00969665 -0.0178119 -0.00101559 0.0022084 -0.0178119 0.0877721 
0.00953778 -0.0175881 0.000948019 -0.00100293 -0.0175881 0.0871992 -0.00100676 0.00219052 0.000948019 -0.00100676 0.0096881 -0.0177837 -0.00100293 0.00219052 -0.0177837 0.0876976 
0.00951109 -0.0175628 0.000939102 -0.00101192 -0.0175628 0.0870813 -0.00101801 0.00220654 0.000939102 -0.00101801 0.00969871 -0.0177728 -0.00101192 0.00220654 -0.0177728 0.087643 
0.00949794 -0.0176047 0.000911524 -0.00101108 -0.0176047 0.0873482 -0.00101502 0.00222319 0.000911524 -0.00101502 0.00977062 -0.0178605 -0.00101108 0.00222319 -0.0178605 0.0880075 
0.00948622 -0.0175067 0.0008682 -0.000978675 -0.0175067 0.0870333 -0.000978007 0.00217667 0.0008682 -0.000978007 0.00973984 -0.0178617 -0.000978675 0.00217667 -0.0178617 0.0878872 
0.00959012 -0.0177346 0.000851787 -0.000939222 -0.0177346 0.088038 -0.000935487 0.00209794 0.000851787 -0.000935487 0.00987417 -0.0180376 -0.000939222 0.00209794 -0.0180376 0.0888631 
0.0096285 -0.0177922 0.000868803 -0.000903434 -0.0177922 0.0883191 -0.000895707 0.00198649 0.000868803 -0.000895707 0.00988383 -0.0180924 -0.000903434 0.00198649 -0.0180924 0.0890492 
0.00963017 -0.0177614 0.000886167 -0.000916675 -0.0177614 0.0881131 -0.000909512 0.00195642 0.000886167 -0.000909512 0.0098305 -0.0180137 -0.000916675 0.00195642 -0.0180137 0.0887189 
0.009552 -0.017674 0.000905833 -0.00093617 -0.017674 0.0875583 -0.000936518 0.0019981 0.000905833 -0.000936518 0.00978281 -0.0178463 -0.00093617 0.0019981 -0.0178463 0.0879714 
0.00954268 -0.0176681 0.000913503 -0.000967498 -0.0176681 0.0876271 -0.000973498 0.00207935 0.000913503 -0.000973498 0.00980337 -0.0179104 -0.000967498 0.00207935 -0.0179104 0.0881066 
0.00958814 -0.0177448 0.000891839 -0.00098456 -0.0177448 0.0880975 -0.000991175 0.00214859 0.000891839 -0.000991175 0.00985608 -0.0180589 -0.00098456 0.00214859 -0.0180589 0.0887793 
0.00962282 -0.0178088 0.000841209 -0.000959933 -0.0178088 0.0884598 -0.00096679 0.00213852 0.000841209 -0.00096679 0.00989066 -0.018148 -0.000959933 0.00213852 -0.018148 0.0892905 
0.00949056 -0.0175464 0.000810417 -0.000883963 -0.0175464 0.0871386 -0.000888389 0.0019984 0.000810417 -0.000888389 0.00970879 -0.0178307 -0.000883963 0.0019984 -0.0178307 0.087873 
0.00948435 -0.0175353 0.000796167 -0.00085137 -0.0175353 0.0870523 -0.000855266 0.00188442 0.000796167 -0.000855266 0.00967012 -0.0177611 -0.00085137 0.00188442 -0.0177611 0.0876476 
0.00958517 -0.0177805 0.000811644 -0.000849029 -0.0177805 0.0882636 -0.000858773 0.00186216 0.000811644 -0.000858773 0.00982243 -0.0179632 -0.000849029 0.00186216 -0.0179632 0.0887278 
0.00952514 -0.0176376 0.000829198 -0.000857237 -0.0176376 0.0877125 -0.000866333 0.00186424 0.000829198 -0.000866333 0.00978557 -0.0178982 -0.000857237 0.00186424 -0.0178982 0.088263 
0.00950505 -0.0175524 0.000838064 -0.000889171 -0.0175524 0.0873217 -0.000894116 0.00192523 0.000838064 -0.000894116 0.00975203 -0.0178749 -0.000889171 0.00192523 -0.0178749 0.0880672 
0.00946308 -0.0174807 0.00081433 -0.000906934 -0.0174807 0.0868839 -0.000907706 0.00198741 0.00081433 -0.000907706 0.0097134 -0.0177974 -0.000906934 0.00198741 -0.0177974 0.0877161 
0.00955093 -0.0177161 0.000772383 -0.000901523 -0.0177161 0.0879973 -0.000899124 0.00202137 0.000772383 -0.000899124 0.00986932 -0.0180107 -0.000901523 0.00202137 -0.0180107 0.088788 
0.00949461 -0.0175589 0.000708599 -0.000832149 -0.0175589 0.0873432 -0.000826701 0.00190438 0.000708599 -0.000826701 0.00979543 -0.017919 -0.000832149 0.00190438 -0.017919 0.0881868 
0.00952189 -0.0176183 0.000704752 -0.00076124 -0.0176183 0.0875661 -0.000755364 0.00174466 0.000704752 -0.000755364 0.00981027 -0.0179679 -0.00076124 0.00174466 -0.0179679 0.0884453 
0.00956318 -0.0176817 0.000725325 -0.000750696 -0.0176817 0.0878488 -0.000747029 0.00165565 0.000725325 -0.000747029 0.00980663 -0.0179967 -0.000750696 0.00165565 -0.0179967 0.0886516 
0.00958695 -0.0177744 0.000770019 -0.000777929 -0.0177744 0.0882693 -0.000779001 0.00168079 0.000770019 -0.000779001 0.00984849 -0.0180411 -0.000777929 0.00168079 -0.0180411 0.0889706 
0.00956528 -0.0176915 0.000790803 -0.000828742 -0.0176915 0.0879983 -0.00083105 0.00177762 0.000790803 -0.00083105 0.00982128 -0.0180199 -0.000828742 0.00177762 -0.0180199 0.0887977 
0.00957112 -0.017658 0.000756334 -0.000865188 -0.017658 0.0878021 -0.000867481 0.00189425 0.000756334 -0.000867481 0.00978661 -0.0179836 -0.000865188 0.00189425 -0.0179836 0.0886607 
0.00959194 -0.01768 0.000718673 -0.000827163 -0.01768 0.087802 -0.000831916 0.00188946 0.000718673 -0.000831916 0.00976543 -0.0179581 -0.000827163 0.00188946 -0.0179581 0.0886102 
0.00958757 -0.0176781 0.000691358 -0.000775259 -0.0176781 0.0876929 -0.000779078 0.00178553 0.000691358 -0.000779078 0.00973594 -0.0178878 -0.000775259 0.00178553 -0.0178878 0.0883407 
0.00956568 -0.0176383 0.000669558 -0.000734358 -0.0176383 0.0874178 -0.000736705 0.00166421 0.000669558 -0.000736705 0.00967917 -0.0177745 -0.000734358 0.00166421 -0.0177745 0.0878253 
0.00960838 -0.017753 0.00065349 -0.00070903 -0.017753 0.0879554 -0.000715028 0.00158306 0.00065349 -0.000715028 0.00971728 -0.0178604 -0.00070903 0.00158306 -0.0178604 0.08824 
0.0096159 -0.0177997 0.00063231 -0.000686484 -0.0177997 0.088247 -0.000692148 0.00151259 0.00063231 -0.000692148 0.00973849 -0.0178988 -0.000686484 0.00151259 -0.0178988 0.0884685 
0.0096205 -0.0177994 0.000651275 -0.000670609 -0.0177994 0.0883674 -0.000670323 0.00146688 0.000651275 -0.000670323 0.00974941 -0.0179293 -0.000670609 0.00146688 -0.0179293 0.0886326 
0.00955692 -0.0176987 0.000652155 -0.000693619 -0.0176987 0.087912 -0.000688694 0.00148182 0.000652155 -0.000688694 0.00971871 -0.0178312 -0.000693619 0.00148182 -0.0178312 0.0881993 
0.00952281 -0.0176688 0.000633679 -0.000706702 -0.0176688 0.0878205 -0.000698079 0.00152635 0.000633679 -0.000698079 0.0097343 -0.0178296 -0.000706702 0.00152635 -0.0178296 0.0881392 
0.00951627 -0.0176426 0.000624988 -0.000694893 -0.0176426 0.087807 -0.000683827 0.00153615 0.000624988 -0.000683827 0.00975395 -0.0178708 -0.000694893 0.00153615 -0.0178708 0.0882504 
