0.00766155 0 -0.0002737 0 0 0.00988294 0 0 -0.0002737 0 0.00656279 0 0 0 0 0.00988294 
0.0108824 -0.0134877 -0.000395356 0.000480119 -0.0134877 0.0349526 0.000480119 -0.000921935 -0.000395356 0.000480119 0.00930769 -0.0115752 0.000480119 -0.000921935 -0.0115752 0.031285 
0.0108484 -0.0199446 -0.000331201 0.000543312 -0.0199446 0.0727767 0.000543312 -0.00169349 -0.000331201 0.000543312 0.00947027 -0.0179022 0.000543312 -0.00169349 -0.0179022 0.066432 
0.0101344 -0.0190561 -0.000284577 0.000353397 -0.0190561 0.0843665 0.000353683 -0.0012039 -0.000284577 0.000353683 0.008969 -0.017726 0.000353397 -0.0012039 -0.017726 0.0802416 
0.0100485 -0.01829 -0.000291635 0.000306048 -0.01829 0.0866218 0.000305327 -0.000911575 -0.000291635 0.000305327 0.00894491 -0.0170805 0.000306048 -0.000911575 -0.0170805 0.0833772 
0.0102339 -0.0183569 -0.000245951 0.000326951 -0.0183569 0.0882883 0.000328237 -0.000881777 -0.000245951 0.000328237 0.00914717 -0.0171322 0.000326951 -0.000881777 -0.0171322 0.0850662 
0.0103666 -0.0186008 -0.000235837 0.000264887 -0.0186008 0.089679 0.000273924 -0.000776332 -0.000235837 0.000273924 0.00934346 -0.0173692 0.000264887 -0.000776332 -0.0173692 0.0864386 
0.0103667 -0.0185475 -0.000218964 0.000241027 -0.0185475 0.0896254 0.00025638 -0.000664433 -0.000218964 0.00025638 0.00933537 -0.0174081 0.000241027 -0.000664433 -0.0174081 0.0865858 
0.0103664 -0.0185246 -0.000252372 0.000234668 -0.0185246 0.0895275 0.00024882 -0.000624261 -0.000252372 0.00024882 0.00931509 -0.0173982 0.000234668 -0.000624261 -0.0173982 0.086663 
0.0104202 -0.0186082 -0.000294379 0.000282615 -0.0186082 0.0898993 0.000289035 -0.000678732 -0.000294379 0.000289035 0.00933562 -0.0174542 0.000282615 -0.000678732 -0.0174542 0.0870543 
0.0104617 -0.0186189 -0.000324859 0.00033197 -0.0186189 0.089924 0.000335071 -0.000781807 -0.000324859 0.000335071 0.00930375 -0.0174488 0.00033197 -0.000781807 -0.0174488 0.0870826 
0.010448 -0.0186032 -0.000347482 0.000377468 -0.0186032 0.0896616 0.000377284 -0.000906013 -0.000347482 0.000377284 0.00926641 -0.0173223 0.000377468 -0.000906013 -0.0173223 0.0866175 
0.0104945 -0.0186736 -0.000333282 0.000402725 -0.0186736 0.0898936 0.00039919 -0.000987043 -0.000333282 0.00039919 0.00927127 -0.0173202 0.000402725 -0.000987043 -0.0173202 0.0865787 
0.0104778 -0.018688 -0.000332087 0.000380259 -0.018688 0.0898335 0.00037618 -0.000974809 -0.000332087 0.00037618 0.00926093 -0.0172607 0.000380259 -0.000974809 -0.0172607 0.0862664 
0.0105024 -0.0187269 -0.000311183 0.000375418 -0.0187269 0.0900472 0.00037175 -0.000946047 -0.000311183 0.00037175 0.00927053 -0.0173135 0.000375418 -0.000946047 -0.0173135 0.0864027 
0.0105495 -0.0187877 -0.000311667 0.000364449 -0.0187877 0.0903169 0.000359419 -0.000935204 -0.000311667 0.000359419 0.00924933 -0.0173488 0.000364449 -0.000935204 -0.0173488 0.0866058 
0.0106084 -0.0188982 -0.000275885 0.00036867 -0.0188982 0.0907965 0.000358112 -0.000933778 -0.000275885 0.000358112 0.00924735 -0.0173946 0.00036867 -0.000933778 -0.0173946 0.0869871 
0.0105626 -0.0187971 -0.000223487 0.00032403 -0.0187971 0.0903125 0.000310191 -0.00086462 -0.000223487 0.000310191 0.0091383 -0.017243 0.00032403 -0.00086462 -0.017243 0.0864017 
0.010556 -0.0187899 -0.00019786 0.000256368 -0.0187899 0.0902461 0.000241751 -0.000718408 -0.00019786 0.000241751 0.00910663 -0.0171582 0.000256368 -0.000718408 -0.0171582 0.0861813 
0.0105325 -0.0187643 -0.000203053 0.000216942 -0.0187643 0.0901126 0.000206848 -0.000588053 -0.000203053 0.000206848 0.00911751 -0.0170972 0.000216942 -0.000588053 -0.0170972 0.0859222 
0.0105631 -0.0188492 -0.000195737 0.000227857 -0.0188492 0.0905207 0.000221088 -0.000569324 -0.000195737 0.000221088 0.00918421 -0.0171833 0.000227857 -0.000569324 -0.0171833 0.0862404 
0.0104946 -0.018802 -0.000199249 0.000229957 -0.018802 0.090391 0.000225733 -0.000595165 -0.000199249 0.000225733 0.00923055 -0.0172191 0.000229957 -0.000595165 -0.0172191 0.0862619 
0.010454 -0.0186637 -0.000160255 0.000236364 -0.0186637 0.0899537 0.000233742 -0.000619232 -0.000160255 0.000233742 0.00920586 -0.0172402 0.000236364 -0.000619232 -0.0172402 0.0861681 
0.0104954 -0.0187151 -0.000105367 0.000188076 -0.0187151 0.0901975 0.000185015 -0.000556958 -0.000105367 0.000185015 0.00925856 -0.0173452 0.000188076 -0.000556958 -0.0173452 0.0867044 
0.0104368 -0.0186288 -0.000101628 0.000118975 -0.0186288 0.0897371 0.000117908 -0.000414417 -0.000101628 0.000117908 0.00920468 -0.0172707 0.000118975 -0.000414417 -0.0172707 0.0863556 
0.0104174 -0.0185935 -0.000121779 0.000107753 -0.0185935 0.0896135 0.000109058 -0.000328249 -0.000121779 0.000109058 0.00917809 -0.0172477 0.000107753 -0.000328249 -0.0172477 0.0862994 
0.0104769 -0.0186884 -0.000172508 0.000144673 -0.0186884 0.090096 0.000146076 -0.000374865 -0.000172508 0.000146076 0.00921093 -0.0173225 0.000144673 -0.000374865 -0.0173225 0.0867664 
0.0104455 -0.0186078 -0.000211045 0.000215557 -0.0186078 0.0897065 0.000218574 -0.000527052 -0.000211045 0.000218574 0.00918858 -0.0172363 0.000215557 -0.000527052 -0.0172363 0.0863923 
0.0104272 -0.018594 -0.000221039 0.000265607 -0.018594 0.0895563 0.000273045 -0.000684406 -0.000221039 0.000273045 0.00918462 -0.0171966 0.000265607 -0.000684406 -0.0171966 0.0861604 
0.0105018 -0.0187056 -0.000205582 0.000275548 -0.0187056 0.0900872 0.00028886 -0.000765848 -0.000205582 0.00028886 0.00923668 -0.0173085 0.000275548 -0.000765848 -0.0173085 0.0866363 
0.0104648 -0.0186823 -0.000181268 0.000248591 -0.0186823 0.089913 0.000262188 -0.000739692 -0.000181268 0.000262188 0.00926118 -0.0172702 0.000248591 -0.000739692 -0.0172702 0.0864367 
0.0104337 -0.0186648 -0.00018381 0.000211384 -0.0186648 0.0898852 0.000221016 -0.000648253 -0.00018381 0.000221016 0.00931837 -0.0173221 0.000211384 -0.000648253 -0.0173221 0.0864908 
0.0104479 -0.0186928 -0.000184819 0.00020351 -0.0186928 0.0901287 0.000209505 -0.000577253 -0.000184819 0.000209505 0.00934502 -0.0174563 0.00020351 -0.000577253 -0.0174563 0.0869404 
0.0104665 -0.0187077 -0.000174432 0.000205212 -0.0187077 0.0902592 0.000208401 -0.000553123 -0.000174432 0.000208401 0.00930863 -0.0174965 0.000205212 -0.000553123 -0.0174965 0.0872165 
0.0104475 -0.0186583 -0.000165562 0.000202111 -0.0186583 0.0900215 0.000197041 -0.000541999 -0.000165562 0.000197041 0.00923304 -0.0173881 0.000202111 -0.000541999 -0.0173881 0.0869412 
0.0104389 -0.0186043 -0.000156613 0.000204672 -0.0186043 0.089721 0.00018909 -0.000538725 -0.000156613 0.00018909 0.0091773 -0.0172522 0.000204672 -0.000538725 -0.0172522 0.0864714 
0.010442 -0.0186317 -0.000150468 0.000199601 -0.0186317 0.0897841 0.000178455 -0.000530684 -0.000150468 0.000178455 0.00917909 -0.0172431 0.000199601 -0.000530684 -0.0172431 0.0864327 
0.0105166 -0.0187595 -0.000146719 0.000198556 -0.0187595 0.0903948 0.000180959 -0.000540018 -0.000146719 0.000180959 0.00924571 -0.0173418 0.000198556 -0.000540018 -0.0173418 0.0869314 
0.0105089 -0.0187086 -0.0001176 0.000180074 -0.0187086 0.0901492 0.000168735 -0.000507671 -0.0001176 0.000168735 0.0092284 -0.017317 0.000180074 -0.000507671 -0.017317 0.0867326 
0.0105398 -0.0187515 -0.000102542 0.000152764 -0.0187515 0.0902485 0.000143738 -0.000466432 -0.000102542 0.000143738 0.00918759 -0.0173214 0.000152764 -0.000466432 -0.0173214 0.0867635 
0.0105256 -0.018764 -0.000117835 0.00013033 -0.018764 0.0902345 0.000124343 -0.000407098 -0.000117835 0.000124343 0.00918239 -0.0172582 0.00013033 -0.000407098 -0.0172582 0.0866148 
0.0105439 -0.0188065 -0.00011934 0.000143469 -0.0188065 0.0904615 0.000142243 -0.000404049 -0.00011934 0.000142243 0.0092509 -0.0172915 0.000143469 -0.000404049 -0.0172915 0.0867412 
0.0104841 -0.0187144 -0.000132199 0.000147185 -0.0187144 0.0900223 0.000149945 -0.000426936 -0.000132199 0.000149945 0.00923346 -0.0172498 0.000147185 -0.000426936 -0.0172498 0.086327 
0.0105258 -0.0187961 -0.000151333 0.000164529 -0.0187961 0.0904617 0.000171945 -0.000470398 -0.000151333 0.000171945 0.00928923 -0.0173877 0.000164529 -0.000470398 -0.0173877 0.0868855 
0.0104735 -0.0186999 -0.000146821 0.000184519 -0.0186999 0.0900754 0.000191731 -0.000518289 -0.000146821 0.000191731 0.00923062 -0.0173566 0.000184519 -0.000518289 -0.0173566 0.0867089 
0.0104967 -0.0186974 -0.000109245 0.000180626 -0.0186974 0.0901144 0.000182318 -0.000529433 -0.000109245 0.000182318 0.00918603 -0.0173512 0.000180626 -0.000529433 -0.0173512 0.0868353 
0.0105439 -0.0187555 -6.46754e-05 0.000150296 -0.0187555 0.0903082 0.000141855 -0.000488028 -6.46754e-05 0.000141855 0.00914416 -0.0172944 0.000150296 -0.000488028 -0.0172944 0.0868347 
0.0105979 -0.0188114 -2.31566e-05 9.26054e-05 -0.0188114 0.0904888 7.80519e-05 -0.000359817 -2.31566e-05 7.80519e-05 0.0091093 -0.0172386 9.26054e-05 -0.000359817 -0.0172386 0.0867431 
0.0105968 -0.0188186 1.97293e-05 4.21712e-05 -0.0188186 0.0903883 2.8396e-05 -0.000227199 1.97293e-05 2.8396e-05 0.00907537 -0.0171439 4.21712e-05 -0.000227199 -0.0171439 0.0863808 
0.0105091 -0.0187698 -2.36996e-05 -1.07964e-05 -0.0187698 0.0900777 -1.75374e-05 -0.000103039 -2.36996e-05 -1.75374e-05 0.00904545 -0.0170278 -1.07964e-05 -0.000103039 -0.0170278 0.0858207 
0.0104699 -0.0187493 -6.11881e-05 3.71179e-05 -0.0187493 0.0901449 3.65012e-05 -0.000127676 -6.11881e-05 3.65012e-05 0.00908409 -0.0170435 3.71179e-05 -0.000127676 -0.0170435 0.0858101 
0.0104054 -0.0186491 -7.33626e-05 7.28815e-05 -0.0186491 0.0898797 7.39495e-05 -0.000201775 -7.33626e-05 7.39495e-05 0.00909248 -0.0170767 7.28815e-05 -0.000201775 -0.0170767 0.0857895 
0.0104427 -0.0187119 -6.96688e-05 9.5689e-05 -0.0187119 0.0903162 0.000100277 -0.000280975 -6.96688e-05 0.000100277 0.00917364 -0.0172155 9.5689e-05 -0.000280975 -0.0172155 0.0864481 
0.0104015 -0.0186076 -4.85051e-05 7.79027e-05 -0.0186076 0.0898788 8.38465e-05 -0.000266117 -4.85051e-05 8.38465e-05 0.00913156 -0.017177 7.79027e-05 -0.000266117 -0.017177 0.0862094 
0.0104354 -0.0186743 -4.02876e-05 6.62355e-05 -0.0186743 0.0901978 7.1888e-05 -0.000250132 -4.02876e-05 7.1888e-05 0.0091907 -0.0172571 6.62355e-05 -0.000250132 -0.0172571 0.0866521 
0.0104518 -0.0186602 -5.24492e-05 5.99793e-05 -0.0186602 0.0901553 6.29192e-05 -0.000232492 -5.24492e-05 6.29192e-05 0.00917961 -0.0172856 5.99793e-05 -0.000232492 -0.0172856 0.0867287 
0.0104151 -0.0185493 -6.38654e-05 7.97626e-05 -0.0185493 0.0895507 7.87362e-05 -0.000259382 -6.38654e-05 7.87362e-05 0.00912144 -0.0171724 7.97626e-05 -0.000259382 -0.0171724 0.0862182 
0.010468 -0.0185973 -5.19421e-05 9.28249e-05 -0.0185973 0.089624 8.57244e-05 -0.000287779 -5.19421e-05 8.57244e-05 0.00908528 -0.0171601 9.28249e-05 -0.000287779 -0.0171601 0.0861861 
0.0105456 -0.0188154 -4.69764e-05 9.05151e-05 -0.0188154 0.0904735 7.79005e-05 -0.000303412 -4.69764e-05 7.79005e-05 0.00915641 -0.0172449 9.05151e-05 -0.000303412 -0.0172449 0.0867555 
0.0105135 -0.0188106 -6.93552e-05 8.45742e-05 -0.0188106 0.0905129 7.70098e-05 -0.000304489 -6.93552e-05 7.70098e-05 0.00915948 -0.0172263 8.45742e-05 -0.000304489 -0.0172263 0.086628 
0.0105283 -0.0187941 -6.81656e-05 9.41987e-05 -0.0187941 0.0905824 9.65059e-05 -0.000313231 -6.81656e-05 9.65059e-05 0.00918756 -0.0172696 9.41987e-05 -0.000313231 -0.0172696 0.0867643 
0.0104709 -0.0186391 -6.15488e-05 8.35264e-05 -0.0186391 0.0898113 9.06043e-05 -0.000297572 -6.15488e-05 9.06043e-05 0.00912434 -0.0171518 8.35264e-05 -0.000297572 -0.0171518 0.0861167 
0.0105346 -0.0187547 -7.05627e-05 6.99082e-05 -0.0187547 0.0902631 7.60712e-05 -0.000257466 -7.05627e-05 7.60712e-05 0.00916024 -0.0172523 6.99082e-05 -0.000257466 -0.0172523 0.0865842 
0.0105429 -0.0187713 -0.000113029 9.94361e-05 -0.0187713 0.0903009 0.000105938 -0.000309788 -0.000113029 0.000105938 0.00915637 -0.0172414 9.94361e-05 -0.000309788 -0.0172414 0.0865816 
0.010481 -0.0187178 -0.000157418 0.000152211 -0.0187178 0.0900272 0.000158354 -0.000419228 -0.000157418 0.000158354 0.00915513 -0.0171763 0.000152211 -0.000419228 -0.0171763 0.0862695 
0.0104569 -0.01864 -0.000164763 0.000204894 -0.01864 0.0897633 0.000215818 -0.000557415 -0.000164763 0.000215818 0.00912806 -0.0171622 0.000204894 -0.000557415 -0.0171622 0.0860719 
0.0104933 -0.0186816 -0.000153429 0.000204824 -0.0186816 0.0899107 0.000218787 -0.000608367 -0.000153429 0.000218787 0.00913307 -0.0171799 0.000204824 -0.000608367 -0.0171799 0.0862034 
0.0105424 -0.0187501 -0.000129068 0.000187913 -0.0187501 0.0901681 0.000194304 -0.000578402 -0.000129068 0.000194304 0.00913115 -0.0172055 0.000187913 -0.000578402 -0.0172055 0.0863673 
0.0105736 -0.018783 -0.0001154 0.000159345 -0.018783 0.0902693 0.000155445 -0.000501023 -0.0001154 0.000155445 0.00914142 -0.0172028 0.000159345 -0.000501023 -0.0172028 0.0864031 
0.0106158 -0.018862 -0.000100746 0.00014248 -0.018862 0.0905493 0.000134268 -0.00043449 -0.000100746 0.000134268 0.0091663 -0.0172339 0.00014248 -0.00043449 -0.0172339 0.0865503 
0.0106224 -0.0188622 -9.48972e-05 0.000136282 -0.0188622 0.0904909 0.000125726 -0.000412488 -9.48972e-05 0.000125726 0.00914412 -0.0172024 0.000136282 -0.000412488 -0.0172024 0.0863689 
0.0106249 -0.0188924 -7.35309e-05 0.000127501 -0.0188924 0.0905563 0.000116481 -0.000389145 -7.35309e-05 0.000116481 0.00914593 -0.0171775 0.000127501 -0.000389145 -0.0171775 0.0862746 
0.0106144 -0.0188834 -8.66214e-05 0.000106904 -0.0188834 0.0905516 9.95655e-05 -0.000361134 -8.66214e-05 9.95655e-05 0.00915038 -0.0171938 0.000106904 -0.000361134 -0.0171938 0.0862752 
0.0106202 -0.0188339 -7.30464e-05 0.000116503 -0.0188339 0.0903547 0.000109386 -0.00035792 -7.30464e-05 0.000109386 0.00910988 -0.0171735 0.000116503 -0.00035792 -0.0171735 0.0861506 
0.0106637 -0.0189029 -2.80535e-05 0.000100859 -0.0189029 0.0905779 8.88646e-05 -0.000332734 -2.80535e-05 8.88646e-05 0.00910613 -0.0171921 0.000100859 -0.000332734 -0.0171921 0.0863424 
0.0107028 -0.019029 5.26527e-06 6.6225e-05 -0.019029 0.0911058 5.00548e-05 -0.000286442 5.26527e-06 5.00548e-05 0.00913639 -0.0172414 6.6225e-05 -0.000286442 -0.0172414 0.0866995 
0.0106231 -0.0188845 2.17069e-06 1.91724e-05 -0.0188845 0.0905222 5.229e-06 -0.000183575 2.17069e-06 5.229e-06 0.00905194 -0.0171217 1.91724e-05 -0.000183575 -0.0171217 0.0861178 
0.0106263 -0.0188993 -1.09318e-05 1.5426e-05 -0.0188993 0.090634 1.21349e-05 -0.000139758 -1.09318e-05 1.21349e-05 0.00908997 -0.0171204 1.5426e-05 -0.000139758 -0.0171204 0.0862203 
0.0106311 -0.0189024 -4.38196e-06 2.42538e-05 -0.0189024 0.0906969 3.08992e-05 -0.000149058 -4.38196e-06 3.08992e-05 0.00913635 -0.0171659 2.42538e-05 -0.000149058 -0.0171659 0.0863409 
0.0106265 -0.0188891 6.36806e-06 1.7724e-05 -0.0188891 0.0906583 2.75432e-05 -0.000156522 6.36806e-06 2.75432e-05 0.00914484 -0.0172139 1.7724e-05 -0.000156522 -0.0172139 0.0864429 
0.0106038 -0.0188331 -2.5503e-06 1.828e-05 -0.0188331 0.0904178 2.55559e-05 -0.000171548 -2.5503e-06 2.55559e-05 0.00910228 -0.0171988 1.828e-05 -0.000171548 -0.0171988 0.0863569 
0.0105866 -0.0187754 -4.22981e-06 3.48364e-05 -0.0187754 0.0901108 3.48124e-05 -0.00019853 -4.22981e-06 3.48124e-05 0.0090411 -0.0171067 3.48364e-05 -0.00019853 -0.0171067 0.0860429 
0.0105933 -0.0188356 -2.98157e-06 4.8676e-05 -0.0188356 0.0903139 4.13513e-05 -0.000239362 -2.98157e-06 4.13513e-05 0.00907746 -0.017086 4.8676e-05 -0.000239362 -0.017086 0.0860761 
0.0105827 -0.0188499 -1.4924e-05 4.64738e-05 -0.0188499 0.0904357 4.02826e-05 -0.000250855 -1.4924e-05 4.02826e-05 0.00913444 -0.0171193 4.64738e-05 -0.000250855 -0.0171193 0.0861231 
0.0105705 -0.0188738 -6.42216e-05 5.34714e-05 -0.0188738 0.0906598 5.30942e-05 -0.000263072 -6.42216e-05 5.30942e-05 0.00922802 -0.0172465 5.34714e-05 -0.000263072 -0.0172465 0.086519 
0.0104617 -0.0187155 -0.000119672 8.81144e-05 -0.0187155 0.0900677 9.22208e-05 -0.000296438 -0.000119672 9.22208e-05 0.00926991 -0.0172637 8.81144e-05 -0.000296438 -0.0172637 0.0863441 
0.0104837 -0.0186963 -0.000144191 0.000157126 -0.0186963 0.0901448 0.000164956 -0.000429968 -0.000144191 0.000164956 0.00925752 -0.0174244 0.000157126 -0.000429968 -0.0174244 0.0868713 
0.010514 -0.0187191 -0.000149076 0.000194935 -0.0187191 0.0901759 0.000206915 -0.000563402 -0.000149076 0.000206915 0.00921286 -0.0173875 0.000194935 -0.000563402 -0.0173875 0.0869846 
0.0104928 -0.01868 -9.57402e-05 0.000190045 -0.01868 0.0899002 0.000203274 -0.000590402 -9.57402e-05 0.000203274 0.00914087 -0.0172644 0.000190045 -0.000590402 -0.0172644 0.0865817 
0.0105253 -0.0187665 -5.69451e-05 0.000125128 -0.0187665 0.0902721 0.000137696 -0.000492864 -5.69451e-05 0.000137696 0.0091727 -0.0172689 0.000125128 -0.000492864 -0.0172689 0.0867357 
0.0105659 -0.0188199 -3.36347e-05 7.4784e-05 -0.0188199 0.0905672 8.62639e-05 -0.00035773 -3.36347e-05 8.62639e-05 0.00917286 -0.0173091 7.4784e-05 -0.00035773 -0.0173091 0.086902 
0.0105453 -0.0187948 1.83207e-05 5.09292e-05 -0.0187948 0.0904102 5.61158e-05 -0.000262406 1.83207e-05 5.61158e-05 0.0091464 -0.0172372 5.09292e-05 -0.000262406 -0.0172372 0.0866365 
0.0105173 -0.0187961 4.35508e-05 -6.98083e-06 -0.0187961 0.0903982 -1.10646e-05 -0.000132851 4.35508e-05 -1.10646e-05 0.00915767 -0.0171988 -6.98083e-06 -0.000132851 -0.0171988 0.0864722 
0.0105367 -0.0188059 5.08159e-05 -3.32657e-05 -0.0188059 0.0905502 -4.32931e-05 -3.23325e-05 5.08159e-05 -4.32931e-05 0.00916763 -0.0172543 -3.32657e-05 -3.23325e-05 -0.0172543 0.0866347 
0.0104639 -0.0186771 3.12991e-05 -3.20798e-05 -0.0186771 0.0899518 -4.4896e-05 -8.87095e-06 3.12991e-05 -4.4896e-05 0.00908555 -0.017155 -3.20798e-05 -8.87095e-06 -0.017155 0.0861496 
0.0104631 -0.0187248 -9.09703e-06 -1.3528e-05 -0.0187248 0.0901898 -2.45202e-05 -3.03918e-05 -9.09703e-06 -2.45202e-05 0.00913308 -0.0171674 -1.3528e-05 -3.03918e-05 -0.0171674 0.0863566 
0.0104738 -0.0186793 -2.49089e-05 3.97083e-05 -0.0186793 0.0901121 3.62453e-05 -0.000143515 -2.49089e-05 3.62453e-05 0.00913937 -0.0172009 3.97083e-05 -0.000143515 -0.0172009 0.086403 
0.0104593 -0.0186606 -6.26197e-05 6.23233e-05 -0.0186606 0.0899364 6.76723e-05 -0.000245013 -6.26197e-05 6.76723e-05 0.00915438 -0.017179 6.23233e-05 -0.000245013 -0.017179 0.0862955 
0.0104956 -0.0187206 -7.51698e-05 9.57112e-05 -0.0187206 0.0902292 0.000103812 -0.000321334 -7.51698e-05 0.000103812 0.00919278 -0.0172868 9.57112e-05 -0.000321334 -0.0172868 0.0866946 
0.0105042 -0.0187294 -6.22058e-05 0.000109306 -0.0187294 0.0902564 0.000115199 -0.000369811 -6.22058e-05 0.000115199 0.00920171 -0.0173013 0.000109306 -0.000369811 -0.0173013 0.0867841 
0.0105156 -0.0187338 -3.45996e-05 8.46826e-05 -0.0187338 0.0902373 8.83332e-05 -0.000330942 -3.45996e-05 8.83332e-05 0.00919074 -0.0172866 8.46826e-05 -0.000330942 -0.0172866 0.0867266 
0.0104853 -0.018685 -3.1861e-05 4.69478e-05 -0.018685 0.0899414 4.95412e-05 -0.000241838 -3.1861e-05 4.95412e-05 0.00913068 -0.01721 4.69478e-05 -0.000241838 -0.01721 0.0863636 
0.0105049 -0.0187154 -3.46347e-05 4.58603e-05 -0.0187154 0.0900679 4.95975e-05 -0.000204899 -3.46347e-05 4.95975e-05 0.0091203 -0.0171965 4.58603e-05 -0.000204899 -0.0171965 0.0863843 
0.0104926 -0.0186877 -4.48146e-05 4.55585e-05 -0.0186877 0.089901 5.35982e-05 -0.000194848 -4.48146e-05 5.35982e-05 0.00911046 -0.0171239 4.55585e-05 -0.000194848 -0.0171239 0.0860894 
0.0105801 -0.0188675 -6.12882e-05 5.94873e-05 -0.0188675 0.0906984 6.64547e-05 -0.000215979 -6.12882e-05 6.64547e-05 0.00918551 -0.0172479 5.94873e-05 -0.000215979 -0.0172479 0.0866714 
0.0105775 -0.0188288 -6.98612e-05 8.10296e-05 -0.0188288 0.0905717 8.27993e-05 -0.000253158 -6.98612e-05 8.27993e-05 0.00913065 -0.0172477 8.10296e-05 -0.000253158 -0.0172477 0.0865819 
0.0104959 -0.0187204 -8.05277e-05 9.96052e-05 -0.0187204 0.0900139 9.11456e-05 -0.00029612 -8.05277e-05 9.11456e-05 0.00904231 -0.0171026 9.96052e-05 -0.00029612 -0.0171026 0.0860271 
0.0104746 -0.0187404 -0.000124663 0.00011454 -0.0187404 0.0901671 0.000103906 -0.000332195 -0.000124663 0.000103906 0.00908808 -0.0170846 0.00011454 -0.000332195 -0.0170846 0.0860774 
0.0104519 -0.0187 -0.000146777 0.000162791 -0.0187 0.0901292 0.000159839 -0.000422475 -0.000146777 0.000159839 0.00911975 -0.0171247 0.000162791 -0.000422475 -0.0171247 0.0861221 
0.0104861 -0.0187547 -0.0001761 0.000183169 -0.0187547 0.0904669 0.000186794 -0.00049888 -0.0001761 0.000186794 0.00920225 -0.0172506 0.000183169 -0.00049888 -0.0172506 0.0866389 
0.0104158 -0.0186081 -0.000196947 0.00021891 -0.0186081 0.0897512 0.0002272 -0.000587995 -0.000196947 0.0002272 0.00916312 -0.0171471 0.00021891 -0.000587995 -0.0171471 0.0860396 
0.010404 -0.0185713 -0.00020004 0.000232709 -0.0185713 0.0895798 0.000240327 -0.000631362 -0.00020004 0.000240327 0.00916875 -0.0171865 0.000232709 -0.000631362 -0.0171865 0.0860782 
0.0104861 -0.0187091 -0.000190875 0.000232381 -0.0187091 0.0902632 0.000234632 -0.000630441 -0.000190875 0.000234632 0.0092673 -0.0173834 0.000232381 -0.000630441 -0.0173834 0.0869944 
0.0104754 -0.0186847 -0.000203283 0.000210415 -0.0186847 0.0901021 0.000215246 -0.000583038 -0.000203283 0.000215246 0.00924397 -0.0173568 0.000210415 -0.000583038 -0.0173568 0.0868841 
0.0104151 -0.0185803 -0.000207173 0.000219855 -0.0185803 0.0895593 0.000231869 -0.00057503 -0.000207173 0.000231869 0.00917017 -0.0172384 0.000219855 -0.00057503 -0.0172384 0.0863301 
0.0104229 -0.0186229 -0.000254389 0.000231436 -0.0186229 0.0897549 0.000243885 -0.000601732 -0.000254389 0.000243885 0.00919104 -0.0172524 0.000231436 -0.000601732 -0.0172524 0.0864561 
0.0104031 -0.0186094 -0.000295219 0.000293697 -0.0186094 0.0897337 0.000304831 -0.00071365 -0.000295219 0.000304831 0.00921193 -0.0172452 0.000293697 -0.00071365 -0.0172452 0.0863957 
0.0103994 -0.0185774 -0.000308644 0.000351532 -0.0185774 0.0896234 0.000364509 -0.000872295 -0.000308644 0.000364509 0.00919895 -0.0172404 0.000351532 -0.000872295 -0.0172404 0.0862879 
0.0104113 -0.0186263 -0.000312679 0.000367048 -0.0186263 0.0897715 0.000378337 -0.000958029 -0.000312679 0.000378337 0.00920643 -0.0172268 0.000367048 -0.000958029 -0.0172268 0.0862799 
0.0104703 -0.0187572 -0.00026841 0.000358741 -0.0187572 0.0904011 0.000364191 -0.000944725 -0.00026841 0.000364191 0.00925295 -0.0173181 0.000358741 -0.000944725 -0.0173181 0.0867256 
0.0103842 -0.0186001 -0.000229846 0.000296484 -0.0186001 0.0897433 0.000297472 -0.000819778 -0.000229846 0.000297472 0.00918791 -0.0172101 0.000296484 -0.000819778 -0.0172101 0.0861476 
0.0104479 -0.0187203 -0.000226526 0.000256183 -0.0187203 0.0904006 0.000255392 -0.000701794 -0.000226526 0.000255392 0.00930035 -0.017372 0.000256183 -0.000701794 -0.017372 0.086938 
0.0103906 -0.0186076 -0.000250356 0.000241723 -0.0186076 0.0899264 0.00024304 -0.000622384 -0.000250356 0.00024304 0.00930679 -0.0173477 0.000241723 -0.000622384 -0.0173477 0.0866908 
0.0103705 -0.0185693 -0.000269815 0.000270906 -0.0185693 0.0897868 0.000275364 -0.000644669 -0.000269815 0.000275364 0.00932439 -0.0174122 0.000270906 -0.000644669 -0.0174122 0.0868437 
0.0104014 -0.0185984 -0.000272274 0.000294971 -0.0185984 0.089924 0.000300684 -0.000701221 -0.000272274 0.000300684 0.00934004 -0.017468 0.000294971 -0.000701221 -0.017468 0.0871199 
0.0103796 -0.0185165 -0.00028396 0.000301286 -0.0185165 0.0894527 0.000307955 -0.00073972 -0.00028396 0.000307955 0.00923578 -0.017351 0.000301286 -0.00073972 -0.017351 0.0866145 
0.0104763 -0.0186555 -0.000309634 0.000317503 -0.0186555 0.0899727 0.000319527 -0.000771975 -0.000309634 0.000319527 0.00925661 -0.0173592 0.000317503 -0.000771975 -0.0173592 0.0868771 
0.0104728 -0.0186395 -0.000315241 0.000360421 -0.0186395 0.0897365 0.000350512 -0.000853923 -0.000315241 0.000350512 0.00919081 -0.0172434 0.000360421 -0.000853923 -0.0172434 0.0863456 
0.01056 -0.0187985 -0.000300213 0.000372867 -0.0187985 0.0904024 0.000352287 -0.0009034 -0.000300213 0.000352287 0.00920529 -0.0173153 0.000372867 -0.0009034 -0.0173153 0.0867466 
0.0105852 -0.0188268 -0.00027412 0.000353554 -0.0188268 0.0904626 0.000333318 -0.000886569 -0.00027412 0.000333318 0.0091732 -0.0172491 0.000353554 -0.000886569 -0.0172491 0.0865477 
0.0105428 -0.0187665 -0.000254426 0.000322103 -0.0187665 0.0900979 0.000311396 -0.000840411 -0.000254426 0.000311396 0.00910278 -0.0171325 0.000322103 -0.000840411 -0.0171325 0.0860032 
0.0105573 -0.0187915 -0.000238426 0.000294447 -0.0187915 0.0902147 0.000291204 -0.000783547 -0.000238426 0.000291204 0.00909098 -0.0171214 0.000294447 -0.000783547 -0.0171214 0.0859955 
0.0106287 -0.0188878 -0.000223808 0.000279458 -0.0188878 0.0906639 0.000276354 -0.000744777 -0.000223808 0.000276354 0.0091181 -0.0171753 0.000279458 -0.000744777 -0.0171753 0.0863275 
0.0105924 -0.0188499 -0.000226577 0.000256259 -0.0188499 0.0904187 0.000251989 -0.000686892 -0.000226577 0.000251989 0.00911912 -0.0171145 0.000256259 -0.000686892 -0.0171145 0.0860368 
0.0106397 -0.0189532 -0.000211662 0.000269009 -0.0189532 0.0909458 0.000261182 -0.000688978 -0.000211662 0.000261182 0.00921518 -0.0172527 0.000269009 -0.000688978 -0.0172527 0.0865893 
0.0105592 -0.0188154 -0.000178707 0.000249836 -0.0188154 0.0903334 0.000240326 -0.000665241 -0.000178707 0.000240326 0.00919746 -0.0172045 0.000249836 -0.000665241 -0.0172045 0.0861722 
0.010646 -0.0189533 -0.000143314 0.00021655 -0.0189533 0.0909969 0.000210102 -0.000614992 -0.000143314 0.000210102 0.00924389 -0.0173667 0.00021655 -0.000614992 -0.0173667 0.0868982 
0.0106111 -0.0188808 -0.000137141 0.000163462 -0.0188808 0.0906423 0.000158201 -0.000497226 -0.000137141 0.000158201 0.00918826 -0.0172972 0.000163462 -0.000497226 -0.0172972 0.0866338 
0.0106392 -0.0189101 -0.000129059 0.000150637 -0.0189101 0.0907726 0.0001473 -0.000422603 -0.000129059 0.0001473 0.00917115 -0.0172965 0.000150637 -0.000422603 -0.0172965 0.086739 
0.0106782 -0.0189743 -0.000122036 0.000146721 -0.0189743 0.0910197 0.000144648 -0.000403111 -0.000122036 0.000144648 0.00917895 -0.017288 0.000146721 -0.000403111 -0.017288 0.0868376 
0.0106063 -0.0188665 -0.00012774 0.000146369 -0.0188665 0.0904736 0.000143191 -0.00040585 -0.00012774 0.000143191 0.00912558 -0.0171589 0.000146369 -0.00040585 -0.0171589 0.0862067 
0.0105569 -0.0188707 -0.000133804 0.000165452 -0.0188707 0.0905423 0.000164449 -0.000456172 -0.000133804 0.000164449 0.00918458 -0.0171875 0.000165452 -0.000456172 -0.0171875 0.0862908 
0.0105114 -0.0188132 -0.000127244 0.000169171 -0.0188132 0.0904888 0.000175027 -0.000493991 -0.000127244 0.000175027 0.0092466 -0.0172603 0.000169171 -0.000493991 -0.0172603 0.0864521 
0.0104784 -0.0186686 -9.521e-05 0.0001597 -0.0186686 0.0899858 0.000167438 -0.000496111 -9.521e-05 0.000167438 0.0092088 -0.0172865 0.0001597 -0.000496111 -0.0172865 0.0863715 
0.0105221 -0.0187583 -8.89282e-05 0.000133442 -0.0187583 0.0903229 0.00013366 -0.000460291 -8.89282e-05 0.00013366 0.00925857 -0.0173598 0.000133442 -0.000460291 -0.0173598 0.086859 
0.0104868 -0.0186405 -9.97333e-05 0.00012842 -0.0186405 0.089758 0.000117349 -0.000418822 -9.97333e-05 0.000117349 0.00916521 -0.0172613 0.00012842 -0.000418822 -0.0172613 0.0863642 
0.0105332 -0.0187056 -0.000133695 0.000160048 -0.0187056 0.0899687 0.000139248 -0.000465873 -0.000133695 0.000139248 0.00916623 -0.017267 0.000160048 -0.000465873 -0.017267 0.0865369 
0.0105856 -0.0187701 -0.000120612 0.000182141 -0.0187701 0.0901537 0.000165967 -0.000509032 -0.000120612 0.000165967 0.00914366 -0.0172408 0.000182141 -0.000509032 -0.0172408 0.086509 
0.0105395 -0.0187704 -0.000104717 0.000167945 -0.0187704 0.0900143 0.000159627 -0.000518229 -0.000104717 0.000159627 0.00912181 -0.0171457 0.000167945 -0.000518229 -0.0171457 0.0861235 
0.0105325 -0.0188103 -8.94717e-05 0.000135952 -0.0188103 0.0903425 0.000134815 -0.000459573 -8.94717e-05 0.000134815 0.00915795 -0.0172215 0.000135952 -0.000459573 -0.0172215 0.0864103 
