0.00602055 0 0.000147659 0 0 0.00991391 0 0 0.000147659 0 0.00801053 0 0 0 0 0.00991391 
0.00868594 -0.0108119 0.000240622 -0.000292206 -0.0108119 0.0298728 -0.000292206 0.000559932 0.000240622 -0.000292206 0.0112827 -0.0139765 -0.000292206 0.000559932 -0.0139765 0.035942 
0.00885707 -0.0168831 0.000250366 -0.000343314 -0.0168831 0.0631709 -0.000343314 0.00107159 0.000250366 -0.000343314 0.0110174 -0.0202313 -0.000343314 0.00107159 -0.0202313 0.0736117 
0.00837784 -0.0170636 0.000251996 -0.000267992 -0.0170636 0.0781038 -0.00028162 0.000871107 0.000251996 -0.00028162 0.0102751 -0.0191375 -0.000267992 0.000871107 -0.0191375 0.0844011 
0.00839025 -0.0166031 0.00023068 -0.000291287 -0.0166031 0.0828502 -0.000317138 0.000905557 0.00023068 -0.000317138 0.010297 -0.0184803 -0.000291287 0.000905557 -0.0184803 0.0867758 
0.00857981 -0.016565 0.000206631 -0.000276569 -0.016565 0.0844755 -0.000301555 0.00091633 0.000206631 -0.000301555 0.0104995 -0.0185591 -0.000276569 0.00091633 -0.0185591 0.0883037 
0.00867915 -0.0166489 0.000181372 -0.000227714 -0.0166489 0.0849536 -0.000243697 0.000767726 0.000181372 -0.000243697 0.0105692 -0.0186645 -0.000227714 0.000767726 -0.0186645 0.0890603 
0.00873137 -0.0167369 0.000167609 -0.000199308 -0.0167369 0.0853194 -0.000208826 0.000633217 0.000167609 -0.000208826 0.010597 -0.0187243 -0.000199308 0.000633217 -0.0187243 0.0895468 
0.00878705 -0.0168323 0.00018342 -0.00019628 -0.0168323 0.085784 -0.000201044 0.000575889 0.00018342 -0.000201044 0.010648 -0.0187936 -0.00019628 0.000575889 -0.0187936 0.0900068 
0.00872466 -0.0167395 0.000186837 -0.000224066 -0.0167395 0.0852695 -0.000225408 0.000602761 0.000186837 -0.000225408 0.0106102 -0.0186688 -0.000224066 0.000602761 -0.0186688 0.0894079 
0.00871864 -0.0167726 0.000191182 -0.000232407 -0.0167726 0.0854543 -0.00023163 0.00063705 0.000191182 -0.00023163 0.0106749 -0.0187399 -0.000232407 0.00063705 -0.0187399 0.0896074 
0.00872646 -0.0168124 0.000186982 -0.000236443 -0.0168124 0.0857665 -0.000233654 0.00065325 0.000186982 -0.000233654 0.0107615 -0.0188889 -0.000236443 0.00065325 -0.0188889 0.0901282 
0.0087198 -0.0167441 0.000187844 -0.000229091 -0.0167441 0.0855287 -0.000223352 0.00064218 0.000187844 -0.000223352 0.010748 -0.0189271 -0.000229091 0.00064218 -0.0189271 0.0901744 
0.00871934 -0.016753 0.000186507 -0.000227944 -0.016753 0.08548 -0.000222372 0.000630718 0.000186507 -0.000222372 0.0107312 -0.0189249 -0.000227944 0.000630718 -0.0189249 0.0902284 
0.00869064 -0.016733 0.0001764 -0.000228756 -0.016733 0.0853435 -0.000220247 0.000627051 0.0001764 -0.000220247 0.0107085 -0.018866 -0.000228756 0.000627051 -0.018866 0.0900318 
0.0087066 -0.0167272 0.000165837 -0.000220028 -0.0167272 0.0853658 -0.000208927 0.000611446 0.000165837 -0.000208927 0.0106934 -0.018865 -0.000220028 0.000611446 -0.018865 0.090022 
0.00871705 -0.0167452 0.000148745 -0.000209495 -0.0167452 0.0853918 -0.00020001 0.000594973 0.000148745 -0.00020001 0.0106652 -0.0188417 -0.000209495 0.000594973 -0.0188417 0.0899768 
0.00872305 -0.0168242 0.000155484 -0.000188649 -0.0168242 0.0857637 -0.000185728 0.000563449 0.000155484 -0.000185728 0.0107026 -0.0188827 -0.000188649 0.000563449 -0.0188827 0.090265 
0.00873203 -0.0168002 0.000178474 -0.000195167 -0.0168002 0.0857926 -0.000199331 0.000566886 0.000178474 -0.000199331 0.0106823 -0.0188897 -0.000195167 0.000566886 -0.0188897 0.090296 
0.00879729 -0.0168186 0.000200119 -0.000212865 -0.0168186 0.0859057 -0.00022443 0.000598322 0.000200119 -0.00022443 0.0106708 -0.0189135 -0.000212865 0.000598322 -0.0189135 0.0904842 
0.00881032 -0.0167881 0.00020955 -0.000237484 -0.0167881 0.0855274 -0.000249483 0.000648894 0.00020955 -0.000249483 0.0105826 -0.0187758 -0.000237484 0.000648894 -0.0187758 0.0899568 
0.00884157 -0.0169197 0.000187599 -0.000250514 -0.0169197 0.0859663 -0.000254361 0.000680485 0.000187599 -0.000254361 0.0106126 -0.0187912 -0.000250514 0.000680485 -0.0187912 0.0901406 
0.0088615 -0.0169712 0.000205298 -0.000237074 -0.0169712 0.0862698 -0.000230147 0.000671049 0.000205298 -0.000230147 0.0106342 -0.018828 -0.000237074 0.000671049 -0.018828 0.0902933 
0.00887743 -0.0169777 0.000247796 -0.000247287 -0.0169777 0.0863202 -0.000236339 0.000654475 0.000247796 -0.000236339 0.0106108 -0.0188177 -0.000247287 0.000654475 -0.0188177 0.0902593 
0.00886386 -0.0169801 0.000264856 -0.000296274 -0.0169801 0.0862818 -0.000293029 0.000735971 0.000264856 -0.000293029 0.0106062 -0.0187665 -0.000296274 0.000735971 -0.0187665 0.0900972 
0.00885323 -0.0169855 0.000265754 -0.000325838 -0.0169855 0.0863739 -0.000331831 0.000850948 0.000265754 -0.000331831 0.0106314 -0.0188001 -0.000325838 0.000850948 -0.0188001 0.0901916 
0.00885185 -0.0169474 0.000250218 -0.000312371 -0.0169474 0.0862792 -0.000320179 0.000857427 0.000250218 -0.000320179 0.0106167 -0.018815 -0.000312371 0.000857427 -0.018815 0.0902086 
0.00887688 -0.0169283 0.000250983 -0.000295991 -0.0169283 0.086184 -0.000297066 0.000819385 0.000250983 -0.000297066 0.010582 -0.0188156 -0.000295991 0.000819385 -0.0188156 0.0902507 
0.00889773 -0.0169537 0.000267462 -0.000300742 -0.0169537 0.0861847 -0.000297882 0.000808437 0.000267462 -0.000297882 0.0105584 -0.0187803 -0.000300742 0.000808437 -0.0187803 0.0902244 
0.00888409 -0.0169493 0.000279898 -0.000328225 -0.0169493 0.0860675 -0.000322658 0.000852358 0.000279898 -0.000322658 0.0105506 -0.0187074 -0.000328225 0.000852358 -0.0187074 0.08996 
0.00882813 -0.0169133 0.000269973 -0.000333532 -0.0169133 0.085885 -0.00032614 0.000870979 0.000269973 -0.00032614 0.0105645 -0.0186699 -0.000333532 0.000870979 -0.0186699 0.0897005 
0.00876506 -0.0168235 0.000221154 -0.000318767 -0.0168235 0.0855759 -0.000308352 0.000845828 0.000221154 -0.000308352 0.0105759 -0.0186645 -0.000318767 0.000845828 -0.0186645 0.0895025 
0.00878568 -0.01688 0.000192617 -0.000272732 -0.01688 0.086009 -0.000265158 0.000783402 0.000192617 -0.000265158 0.0106837 -0.018852 -0.000272732 0.000783402 -0.018852 0.0902434 
0.00874116 -0.0168188 0.000161518 -0.000222381 -0.0168188 0.0857877 -0.00022366 0.000664917 0.000161518 -0.00022366 0.0106873 -0.018872 -0.000222381 0.000664917 -0.018872 0.0902567 
0.00874909 -0.0167791 0.000152256 -0.000184427 -0.0167791 0.0856909 -0.000188865 0.000561213 0.000152256 -0.000188865 0.0106661 -0.0189027 -0.000184427 0.000561213 -0.0189027 0.0903754 
0.00873586 -0.0167121 0.000177928 -0.000175794 -0.0167121 0.0852788 -0.000174702 0.000502093 0.000177928 -0.000174702 0.0105925 -0.0187918 -0.000175794 0.000502093 -0.0187918 0.0899765 
0.00879136 -0.0168027 0.000172636 -0.000206372 -0.0168027 0.0856365 -0.000203634 0.000526238 0.000172636 -0.000203634 0.0106201 -0.0188348 -0.000206372 0.000526238 -0.0188348 0.0902713 
0.00880199 -0.0168515 0.000177025 -0.000206568 -0.0168515 0.0858011 -0.000207036 0.000557667 0.000177025 -0.000207036 0.0106296 -0.0188412 -0.000206568 0.000557667 -0.0188412 0.0903325 
0.00878673 -0.0168666 0.00017195 -0.000188693 -0.0168666 0.0858961 -0.000197987 0.000521971 0.00017195 -0.000197987 0.0106376 -0.0188502 -0.000188693 0.000521971 -0.0188502 0.0903721 
0.00875409 -0.0168518 0.000178378 -0.000189776 -0.0168518 0.085943 -0.000211622 0.000533092 0.000178378 -0.000211622 0.0106761 -0.0188826 -0.000189776 0.000533092 -0.0188826 0.090504 
0.00869565 -0.0167298 0.00018476 -0.000201244 -0.0167298 0.0854921 -0.000223771 0.000560939 0.00018476 -0.000223771 0.0106315 -0.0188443 -0.000201244 0.000560939 -0.0188443 0.0902281 
0.00869616 -0.0167314 0.000185028 -0.000215745 -0.0167314 0.0855472 -0.000222885 0.000579822 0.000185028 -0.000222885 0.0106352 -0.0188604 -0.000215745 0.000579822 -0.0188604 0.0903785 
0.00867661 -0.0166394 0.000181145 -0.000226393 -0.0166394 0.0851543 -0.00021984 0.000600338 0.000181145 -0.00021984 0.010593 -0.01879 -0.000226393 0.000600338 -0.01879 0.0900661 
0.00867278 -0.0166472 0.000142819 -0.000219935 -0.0166472 0.085091 -0.000208445 0.000589443 0.000142819 -0.000208445 0.0105701 -0.0187541 -0.000219935 0.000589443 -0.0187541 0.0899415 
0.00865421 -0.0166692 0.000116928 -0.000170704 -0.0166692 0.0851904 -0.00016271 0.000507699 0.000116928 -0.00016271 0.0105908 -0.0187489 -0.000170704 0.000507699 -0.0187489 0.0899615 
0.0086856 -0.0166415 0.000115772 -0.000138134 -0.0166415 0.0851899 -0.000136716 0.00042395 0.000115772 -0.000136716 0.0105673 -0.0187826 -0.000138134 0.00042395 -0.0187826 0.0900396 
0.00868762 -0.0166175 0.000115335 -0.000143117 -0.0166175 0.0849378 -0.000145081 0.000410519 0.000115335 -0.000145081 0.0105214 -0.0186917 -0.000143117 0.000410519 -0.0186917 0.0897339 
0.00880712 -0.0167627 0.000109148 -0.000146406 -0.0167627 0.0855706 -0.000150859 0.000427216 0.000109148 -0.000150859 0.010548 -0.018801 -0.000146406 0.000427216 -0.018801 0.0902889 
0.00882902 -0.0168272 0.000111053 -0.000124845 -0.0168272 0.0856343 -0.000126606 0.000378044 0.000111053 -0.000126606 0.0105114 -0.0187185 -0.000124845 0.000378044 -0.0187185 0.0900618 
0.00881864 -0.0168485 0.00011185 -0.000131517 -0.0168485 0.0856468 -0.000130066 0.000367073 0.00011185 -0.000130066 0.0104772 -0.018642 -0.000131517 0.000367073 -0.018642 0.0897544 
0.00882347 -0.0168151 0.000112798 -0.000134067 -0.0168151 0.085536 -0.000131398 0.000370286 0.000112798 -0.000131398 0.0104317 -0.0185968 -0.000134067 0.000370286 -0.0185968 0.0895209 
0.0088995 -0.0169233 0.00013256 -0.000143971 -0.0169233 0.0859931 -0.000139705 0.000394235 0.00013256 -0.000139705 0.0104483 -0.0186473 -0.000143971 0.000394235 -0.0186473 0.0898534 
0.00895681 -0.0169602 0.000171568 -0.000167746 -0.0169602 0.0860666 -0.000169491 0.000448882 0.000171568 -0.000169491 0.0103955 -0.0186158 -0.000167746 0.000448882 -0.0186158 0.0897752 
0.00897983 -0.0170255 0.000156324 -0.000204106 -0.0170255 0.0861799 -0.000217747 0.000534456 0.000156324 -0.000217747 0.0103724 -0.0185498 -0.000204106 0.000534456 -0.0185498 0.0896292 
0.00896626 -0.016997 0.000151781 -0.000192921 -0.016997 0.0859801 -0.000205705 0.000564532 0.000151781 -0.000205705 0.0103091 -0.0184576 -0.000192921 0.000564532 -0.0184576 0.0892104 
0.00899893 -0.0170642 0.000142983 -0.000178031 -0.0170642 0.0862753 -0.000180727 0.000513954 0.000142983 -0.000180727 0.0103306 -0.0184722 -0.000178031 0.000513954 -0.0184722 0.0893552 
0.00901051 -0.0170811 0.000144741 -0.000166087 -0.0170811 0.0863216 -0.000162152 0.0004622 0.000144741 -0.000162152 0.01032 -0.0184479 -0.000166087 0.0004622 -0.0184479 0.0892458 
0.00900675 -0.0170444 0.000161894 -0.000162877 -0.0170444 0.0861085 -0.000156038 0.000424692 0.000161894 -0.000156038 0.0102972 -0.0183872 -0.000162877 0.000424692 -0.0183872 0.0889372 
0.00899213 -0.0170914 0.000157129 -0.000177748 -0.0170914 0.0862425 -0.000171284 0.000428695 0.000157129 -0.000171284 0.0103401 -0.0183996 -0.000177748 0.000428695 -0.0183996 0.0889617 
0.00897142 -0.0171263 0.000167032 -0.000173244 -0.0171263 0.0865147 -0.000166529 0.000431316 0.000167032 -0.000166529 0.0104005 -0.0184894 -0.000173244 0.000431316 -0.0184894 0.0892484 
0.00895682 -0.0171208 0.00018776 -0.000203638 -0.0171208 0.0867047 -0.000198913 0.000501483 0.00018776 -0.000198913 0.0104658 -0.0186034 -0.000203638 0.000501483 -0.0186034 0.0896702 
0.00889183 -0.0170613 0.000213986 -0.000232736 -0.0170613 0.0865733 -0.000229176 0.00058705 0.000213986 -0.000229176 0.0105253 -0.0186531 -0.000232736 0.00058705 -0.0186531 0.0898295 
0.00878288 -0.0168438 0.000243945 -0.000243412 -0.0168438 0.0857302 -0.000240638 0.000614579 0.000243945 -0.000240638 0.0104879 -0.0185973 -0.000243412 0.000614579 -0.0185973 0.0893766 
0.00878714 -0.0167884 0.000255106 -0.000289068 -0.0167884 0.0855709 -0.000283725 0.000701083 0.000255106 -0.000283725 0.0104982 -0.0186645 -0.000289068 0.000701083 -0.0186645 0.0896162 
0.00882149 -0.0168183 0.000255464 -0.000311122 -0.0168183 0.0856524 -0.000305985 0.000785421 0.000255464 -0.000305985 0.0105007 -0.0187075 -0.000311122 0.000785421 -0.0187075 0.0898838 
0.00884156 -0.0168506 0.000232894 -0.000304727 -0.0168506 0.0857076 -0.000301661 0.000801005 0.000232894 -0.000301661 0.0104895 -0.0186865 -0.000304727 0.000801005 -0.0186865 0.0898947 
0.00882259 -0.0168782 0.000207086 -0.000270493 -0.0168782 0.0857664 -0.000270317 0.000745099 0.000207086 -0.000270317 0.0104982 -0.0186483 -0.000270493 0.000745099 -0.0186483 0.0897832 
0.00880104 -0.0168015 0.000187562 -0.000243496 -0.0168015 0.0854867 -0.000248083 0.000686423 0.000187562 -0.000248083 0.0104668 -0.0186004 -0.000243496 0.000686423 -0.0186004 0.0894707 
0.00881777 -0.0168336 0.000189334 -0.00021875 -0.0168336 0.0856103 -0.000229915 0.000633336 0.000189334 -0.000229915 0.0104711 -0.0186288 -0.00021875 0.000633336 -0.0186288 0.0895984 
0.0088823 -0.0169455 0.0001891 -0.00021373 -0.0169455 0.0861669 -0.00022733 0.000599206 0.0001891 -0.00022733 0.0105355 -0.0187362 -0.00021373 0.000599206 -0.0187362 0.0901499 
0.00887111 -0.0169026 0.00017536 -0.000211004 -0.0169026 0.0859011 -0.000221361 0.000576358 0.00017536 -0.000221361 0.0104842 -0.0186591 -0.000211004 0.000576358 -0.0186591 0.0897933 
0.00887746 -0.0169139 0.000160166 -0.000190428 -0.0169139 0.0858953 -0.000201393 0.000533497 0.000160166 -0.000201393 0.0104701 -0.0186386 -0.000190428 0.000533497 -0.0186386 0.0897183 
0.00883171 -0.016942 0.000141048 -0.000180008 -0.016942 0.0859881 -0.000188859 0.000502841 0.000141048 -0.000188859 0.0105185 -0.0186294 -0.000180008 0.000502841 -0.0186294 0.0897061 
0.00879537 -0.0168368 0.000104919 -0.000157741 -0.0168368 0.0857026 -0.0001621 0.000451526 0.000104919 -0.0001621 0.0105229 -0.0186493 -0.000157741 0.000451526 -0.0186493 0.0895819 
0.00880668 -0.0168641 0.000100928 -0.000131344 -0.0168641 0.0858633 -0.000127055 0.000400692 0.000100928 -0.000127055 0.0105577 -0.0187423 -0.000131344 0.000400692 -0.0187423 0.0899584 
0.00882066 -0.016876 0.000125371 -0.000126062 -0.016876 0.0859674 -0.000108486 0.000347718 0.000125371 -0.000108486 0.0105829 -0.0187974 -0.000126062 0.000347718 -0.0187974 0.0902279 
0.00885222 -0.0168439 0.000111786 -0.000148106 -0.0168439 0.0857817 -0.00012785 0.000350513 0.000111786 -0.00012785 0.0105272 -0.0187611 -0.000148106 0.000350513 -0.0187611 0.090082 
0.00879963 -0.016831 0.000130017 -0.000144329 -0.016831 0.0854762 -0.00013344 0.000384815 0.000130017 -0.00013344 0.0104879 -0.0186151 -0.000144329 0.000384815 -0.0186151 0.0895473 
0.00870901 -0.0168364 0.0001458 -0.000158818 -0.0168364 0.0855608 -0.000161172 0.00042718 0.0001458 -0.000161172 0.0105387 -0.0186056 -0.000158818 0.00042718 -0.0186056 0.089444 
0.00870094 -0.0167341 0.000113147 -0.000174777 -0.0167341 0.085501 -0.000185202 0.000476889 0.000113147 -0.000185202 0.0105759 -0.0187133 -0.000174777 0.000476889 -0.0187133 0.0896873 
0.00869769 -0.0166724 7.86536e-05 -0.000136555 -0.0166724 0.0852081 -0.000141044 0.000434798 7.86536e-05 -0.000141044 0.0105702 -0.0187207 -0.000136555 0.000434798 -0.0187207 0.0896897 
0.00877882 -0.016808 9.0588e-05 -8.83385e-05 -0.016808 0.0857894 -8.44253e-05 0.000312056 9.0588e-05 -8.44253e-05 0.0106514 -0.0188583 -8.83385e-05 0.000312056 -0.0188583 0.09037 
0.00877122 -0.0167594 0.000133297 -0.000112682 -0.0167594 0.0854332 -0.00011068 0.000310744 0.000133297 -0.00011068 0.0105671 -0.0187657 -0.000112682 0.000310744 -0.0187657 0.0899265 
0.00880409 -0.0168703 0.000157446 -0.000158854 -0.0168703 0.0858539 -0.000170317 0.000406863 0.000157446 -0.000170317 0.0106016 -0.0187886 -0.000158854 0.000406863 -0.0187886 0.0901667 
0.00884228 -0.0169124 0.000162895 -0.000191889 -0.0169124 0.0861023 -0.000210215 0.0005191 0.000162895 -0.000210215 0.0106017 -0.018814 -0.000191889 0.0005191 -0.018814 0.0902735 
0.00883642 -0.0169153 0.000164886 -0.00019773 -0.0169153 0.0860505 -0.00021072 0.000564079 0.000164886 -0.00021072 0.0105769 -0.018758 -0.00019773 0.000564079 -0.018758 0.0900737 
0.00882778 -0.0169369 0.000140724 -0.000196432 -0.0169369 0.0861452 -0.000198728 0.000552808 0.000140724 -0.000198728 0.0105864 -0.0187413 -0.000196432 0.000552808 -0.0187413 0.0900186 
0.00881418 -0.0169153 0.000148271 -0.000170715 -0.0169153 0.0861262 -0.000167822 0.00050478 0.000148271 -0.000167822 0.010602 -0.0187529 -0.000170715 0.00050478 -0.0187529 0.0900077 
0.00872885 -0.0167747 0.000155154 -0.000181578 -0.0167747 0.0854669 -0.000180042 0.000500828 0.000155154 -0.000180042 0.010551 -0.0186443 -0.000181578 0.000500828 -0.0186443 0.089418 
0.00877578 -0.0168925 0.000135043 -0.000192857 -0.0168925 0.0861496 -0.000193151 0.000529745 0.000135043 -0.000193151 0.0106747 -0.0188393 -0.000192857 0.000529745 -0.0188393 0.0902756 
0.00873911 -0.0168437 0.000123347 -0.000177671 -0.0168437 0.085993 -0.000178564 0.000532332 0.000123347 -0.000178564 0.0106861 -0.0188539 -0.000177671 0.000532332 -0.0188539 0.0902661 
0.00869295 -0.0167877 0.000109004 -0.000156465 -0.0167877 0.0858242 -0.000158214 0.000488426 0.000109004 -0.000158214 0.0107194 -0.0188799 -0.000156465 0.000488426 -0.0188799 0.0903117 
0.00864607 -0.0166815 9.99248e-05 -0.000138912 -0.0166815 0.0854077 -0.000138538 0.000438531 9.99248e-05 -0.000138538 0.0107062 -0.0188603 -0.000138912 0.000438531 -0.0188603 0.0901106 
0.00861236 -0.0165996 0.000102255 -0.000126036 -0.0165996 0.0850153 -0.000125186 0.000395223 0.000102255 -0.000125186 0.0106769 -0.0188236 -0.000126036 0.000395223 -0.0188236 0.089888 
0.00862971 -0.0166293 0.000136636 -0.00012828 -0.0166293 0.0851502 -0.000128376 0.000382894 0.000136636 -0.000128376 0.0106876 -0.018877 -0.00012828 0.000382894 -0.018877 0.0901381 
0.0086364 -0.016625 0.000141572 -0.000152366 -0.016625 0.0851128 -0.000155998 0.000399125 0.000141572 -0.000155998 0.0106538 -0.0188542 -0.000152366 0.000399125 -0.0188542 0.0901028 
0.00867154 -0.0166623 0.000155044 -0.000173774 -0.0166623 0.085273 -0.00018214 0.000472757 0.000155044 -0.00018214 0.0106338 -0.0188542 -0.000173774 0.000472757 -0.0188542 0.0902107 
0.00867937 -0.0167035 0.000108764 -0.00018693 -0.0167035 0.0854092 -0.000197264 0.000518754 0.000108764 -0.000197264 0.0106262 -0.0188234 -0.00018693 0.000518754 -0.0188234 0.0902028 
0.00866614 -0.0166317 5.1887e-05 -0.000130583 -0.0166317 0.0850879 -0.000141537 0.000449318 5.1887e-05 -0.000141537 0.0105802 -0.0187367 -0.000130583 0.000449318 -0.0187367 0.0898041 
0.00868471 -0.0166511 4.29337e-05 -5.51209e-05 -0.0166511 0.0850846 -6.65695e-05 0.000283814 4.29337e-05 -6.65695e-05 0.0105589 -0.0187122 -5.51209e-05 0.000283814 -0.0187122 0.0897051 
0.00876485 -0.0167732 4.89886e-05 -3.39607e-05 -0.0167732 0.0856183 -4.8999e-05 0.000169063 4.89886e-05 -4.8999e-05 0.0105975 -0.0187913 -3.39607e-05 0.000169063 -0.0187913 0.0901305 
0.00878803 -0.0168037 2.85089e-05 -4.2113e-05 -0.0168037 0.0856392 -5.63498e-05 0.000145733 2.85089e-05 -5.63498e-05 0.0105502 -0.0187387 -4.2113e-05 0.000145733 -0.0187387 0.0899397 
0.00880596 -0.0168656 2.8545e-05 -3.02902e-05 -0.0168656 0.0858507 -3.85662e-05 0.000132205 2.8545e-05 -3.85662e-05 0.0105402 -0.0187134 -3.02902e-05 0.000132205 -0.0187134 0.089919 
0.00876486 -0.0168357 1.98588e-05 -3.71036e-05 -0.0168357 0.0856998 -3.64945e-05 0.000127673 1.98588e-05 -3.64945e-05 0.010516 -0.0186315 -3.71036e-05 0.000127673 -0.0186315 0.0895723 
0.00872449 -0.0167745 1.81913e-05 -4.69765e-05 -0.0167745 0.0855209 -3.80513e-05 0.000158949 1.81913e-05 -3.80513e-05 0.0105226 -0.0186184 -4.69765e-05 0.000158949 -0.0186184 0.0894281 
0.00874527 -0.0168542 1.54534e-05 -3.1787e-05 -0.0168542 0.0860276 -1.44574e-05 0.000120285 1.54534e-05 -1.44574e-05 0.0106367 -0.0187829 -3.1787e-05 0.000120285 -0.0187829 0.0901242 
0.00865057 -0.0166742 3.38268e-05 -2.70205e-05 -0.0166742 0.0852723 -1.05477e-05 9.47324e-05 3.38268e-05 -1.05477e-05 0.0105936 -0.0187154 -2.70205e-05 9.47324e-05 -0.0187154 0.0896456 
0.00866133 -0.0166224 8.03332e-05 -4.47796e-05 -0.0166224 0.0851243 -3.46597e-05 0.000115518 8.03332e-05 -3.46597e-05 0.0106064 -0.0187833 -4.47796e-05 0.000115518 -0.0187833 0.0898728 
0.00869951 -0.0166615 0.000132609 -0.000106653 -0.0166615 0.0852151 -0.000101397 0.000237629 0.000132609 -0.000101397 0.010607 -0.0188249 -0.000106653 0.000237629 -0.0188249 0.090123 
0.00874107 -0.0166984 0.000161696 -0.000177558 -0.0166984 0.0852735 -0.000171594 0.000410639 0.000161696 -0.000171594 0.0105753 -0.0188015 -0.000177558 0.000410639 -0.0188015 0.0901176 
0.00875502 -0.0168059 0.000193368 -0.000214495 -0.0168059 0.0856331 -0.000205197 0.00053828 0.000193368 -0.000205197 0.0106048 -0.0187929 -0.000214495 0.00053828 -0.0187929 0.0902254 
0.00872425 -0.0167865 0.000184266 -0.000241675 -0.0167865 0.0856078 -0.000234675 0.000615028 0.000184266 -0.000234675 0.0106115 -0.0187598 -0.000241675 0.000615028 -0.0187598 0.090025 
0.00870081 -0.0166894 0.000137751 -0.000224339 -0.0166894 0.085243 -0.000225451 0.000623373 0.000137751 -0.000225451 0.0105691 -0.0187176 -0.000224339 0.000623373 -0.0187176 0.0897016 
0.00873733 -0.0167291 9.82552e-05 -0.000166173 -0.0167291 0.0853936 -0.000168443 0.000530362 9.82552e-05 -0.000168443 0.0105601 -0.018759 -0.000166173 0.000530362 -0.018759 0.0899117 
0.00880273 -0.016747 0.000109343 -0.000117599 -0.016747 0.0854058 -0.00011282 0.000394486 0.000109343 -0.00011282 0.0104788 -0.018722 -0.000117599 0.000394486 -0.018722 0.0898595 
0.00882873 -0.0168192 0.000114654 -0.000130139 -0.0168192 0.0854725 -0.000120874 0.000350064 0.000114654 -0.000120874 0.0104149 -0.0185879 -0.000130139 0.000350064 -0.0185879 0.0895383 
0.00881753 -0.0168773 0.00012613 -0.000141996 -0.0168773 0.0856821 -0.000139079 0.000379293 0.00012613 -0.000139079 0.0104167 -0.0185267 -0.000141996 0.000379293 -0.0185267 0.0893633 
0.00880782 -0.0168711 0.000138733 -0.000151221 -0.0168711 0.0857981 -0.000153708 0.000408476 0.000138733 -0.000153708 0.0104377 -0.0185466 -0.000151221 0.000408476 -0.0185466 0.0893821 
0.00874156 -0.0167985 0.000155228 -0.00017771 -0.0167985 0.0855441 -0.000178917 0.000474005 0.000155228 -0.000178917 0.0104655 -0.0185339 -0.00017771 0.000474005 -0.0185339 0.0892416 
0.00875276 -0.0167817 0.000167028 -0.000196906 -0.0167817 0.085652 -0.000195056 0.000523261 0.000167028 -0.000195056 0.0105398 -0.0186587 -0.000196906 0.000523261 -0.0186587 0.0896528 
0.0087482 -0.0166947 0.000161153 -0.000203432 -0.0166947 0.08521 -0.000198032 0.00053912 0.000161153 -0.000198032 0.0104892 -0.0186415 -0.000203432 0.00053912 -0.0186415 0.0894607 
0.00877407 -0.0167377 0.00014392 -0.000200829 -0.0167377 0.0852681 -0.000190808 0.000539368 0.00014392 -0.000190808 0.0104759 -0.0186524 -0.000200829 0.000539368 -0.0186524 0.0895927 
0.00877554 -0.0167849 0.000106285 -0.000172377 -0.0167849 0.0854131 -0.000153587 0.000470675 0.000106285 -0.000153587 0.010485 -0.0186418 -0.000172377 0.000470675 -0.0186418 0.0896434 
0.00880526 -0.0168145 8.77347e-05 -0.000130872 -0.0168145 0.0856188 -0.000107073 0.000372576 8.77347e-05 -0.000107073 0.0104881 -0.0186829 -0.000130872 0.000372576 -0.0186829 0.0898248 
0.00879945 -0.0168295 4.76606e-05 -0.000103277 -0.0168295 0.085641 -8.53435e-05 0.000287778 4.76606e-05 -8.53435e-05 0.010491 -0.0186564 -0.000103277 0.000287778 -0.0186564 0.0897799 
0.00879162 -0.0168178 3.34338e-05 -6.41249e-05 -0.0168178 0.0855996 -5.95771e-05 0.000228372 3.34338e-05 -5.95771e-05 0.0104846 -0.0186363 -6.41249e-05 0.000228372 -0.0186363 0.0896697 
0.00885236 -0.0169089 6.77664e-05 -4.10302e-05 -0.0169089 0.0860876 -5.28409e-05 0.000185499 6.77664e-05 -5.28409e-05 0.0105482 -0.0187509 -4.10302e-05 0.000185499 -0.0187509 0.0901874 
0.00882366 -0.0168785 6.93304e-05 -6.49909e-05 -0.0168785 0.0858827 -9.11872e-05 0.00020457 6.93304e-05 -9.11872e-05 0.0105381 -0.0187037 -6.49909e-05 0.00020457 -0.0187037 0.0899511 
0.00879503 -0.0168577 4.6307e-05 -6.75755e-05 -0.0168577 0.085797 -9.84447e-05 0.000234645 4.6307e-05 -9.84447e-05 0.0105434 -0.0187006 -6.75755e-05 0.000234645 -0.0187006 0.0898708 
0.00878577 -0.0168468 2.00523e-05 -3.12049e-05 -0.0168468 0.0858284 -5.89037e-05 0.000171259 2.00523e-05 -5.89037e-05 0.0105657 -0.0187445 -3.12049e-05 0.000171259 -0.0187445 0.0900059 
0.00884688 -0.0168827 5.39148e-05 -1.77679e-05 -0.0168827 0.0860773 -3.6361e-05 0.000126699 5.39148e-05 -3.6361e-05 0.0105764 -0.0188405 -1.77679e-05 0.000126699 -0.0188405 0.0904201 
0.00882524 -0.0168436 8.00696e-05 -6.51312e-05 -0.0168436 0.08573 -7.96741e-05 0.000185253 8.00696e-05 -7.96741e-05 0.0105078 -0.0187281 -6.51312e-05 0.000185253 -0.0187281 0.0900242 
0.00882294 -0.0168858 9.07753e-05 -9.23109e-05 -0.0168858 0.0858749 -0.000101805 0.000249048 9.07753e-05 -0.000101805 0.0105165 -0.0187024 -9.23109e-05 0.000249048 -0.0187024 0.090005 
0.008825 -0.0168392 8.3411e-05 -0.000109534 -0.0168392 0.0857026 -0.000115652 0.000300395 8.3411e-05 -0.000115652 0.0104703 -0.0186524 -0.000109534 0.000300395 -0.0186524 0.0897374 
0.00889435 -0.0169581 4.37772e-05 -9.97444e-05 -0.0169581 0.0862084 -0.000105092 0.000301382 4.37772e-05 -0.000105092 0.0105103 -0.0187196 -9.97444e-05 0.000301382 -0.0187196 0.0901395 
0.00885052 -0.0169151 2.49136e-05 -5.25971e-05 -0.0169151 0.0859099 -5.6378e-05 0.00022244 2.49136e-05 -5.6378e-05 0.0104902 -0.0186163 -5.25971e-05 0.00022244 -0.0186163 0.0896703 
0.00884642 -0.0169966 2.83893e-05 -2.47106e-05 -0.0169966 0.0863499 -2.93573e-05 0.000135053 2.83893e-05 -2.93573e-05 0.0105628 -0.0187179 -2.47106e-05 0.000135053 -0.0187179 0.0900469 
0.00878277 -0.0168389 2.3849e-05 -2.52473e-05 -0.0168389 0.0857761 -3.34098e-05 0.000103279 2.3849e-05 -3.34098e-05 0.0105102 -0.0186597 -2.52473e-05 0.000103279 -0.0186597 0.0896305 
0.00880749 -0.0168836 2.29423e-05 -2.6545e-05 -0.0168836 0.0860212 -3.02844e-05 9.93031e-05 2.29423e-05 -3.02844e-05 0.010545 -0.0187358 -2.6545e-05 9.93031e-05 -0.0187358 0.0900163 
0.00876823 -0.0168573 1.68202e-05 -3.43826e-05 -0.0168573 0.0858859 -3.28351e-05 0.000114682 1.68202e-05 -3.28351e-05 0.0105443 -0.0186955 -3.43826e-05 0.000114682 -0.0186955 0.0898773 
0.0086851 -0.0167391 -2.75818e-06 -2.96916e-05 -0.0167391 0.0854062 -2.27224e-05 0.000109731 -2.75818e-06 -2.27224e-05 0.0105084 -0.0186192 -2.96916e-05 0.000109731 -0.0186192 0.0894493 
0.00868476 -0.016716 -8.72189e-06 -1.7276e-05 -0.016716 0.0854646 -5.85169e-06 9.58914e-05 -8.72189e-06 -5.85169e-06 0.01053 -0.0186871 -1.7276e-05 9.58914e-05 -0.0186871 0.0897141 
0.00875899 -0.0167575 -2.72956e-05 -2.01741e-06 -0.0167575 0.0857463 9.40847e-06 5.43837e-05 -2.72956e-05 9.40847e-06 0.0105597 -0.0187851 -2.01741e-06 5.43837e-05 -0.0187851 0.0902084 
0.00884036 -0.0167963 -5.11063e-05 2.68816e-05 -0.0167963 0.0857665 2.90663e-05 1.01941e-06 -5.11063e-05 2.90663e-05 0.0105204 -0.0187684 2.68816e-05 1.01941e-06 -0.0187684 0.0902267 
0.00890842 -0.0169054 -1.87105e-05 6.16551e-05 -0.0169054 0.0859755 5.1403e-05 -6.65463e-05 -1.87105e-05 5.1403e-05 0.0104826 -0.0187242 6.16551e-05 -6.65463e-05 -0.0187242 0.0901732 
0.0088599 -0.0168777 -8.23383e-06 2.59066e-05 -0.0168777 0.0856007 1.01643e-05 -3.97497e-05 -8.23383e-06 1.01643e-05 0.0103978 -0.0185276 2.59066e-05 -3.97497e-05 -0.0185276 0.0893648 
0.00887513 -0.0169608 4.41795e-07 7.91165e-06 -0.0169608 0.086019 -3.70286e-06 1.23324e-05 4.41795e-07 -3.70286e-06 0.0104252 -0.0185597 7.91165e-06 1.23324e-05 -0.0185597 0.0895079 
0.0088006 -0.016888 1.418e-05 -1.18213e-05 -0.016888 0.0857393 -2.04324e-05 6.83851e-05 1.418e-05 -2.04324e-05 0.010389 -0.0184765 -1.18213e-05 6.83851e-05 -0.0184765 0.0890974 
0.00876183 -0.0168402 1.33212e-05 -2.20154e-05 -0.0168402 0.0856976 -2.72373e-05 9.25736e-05 1.33212e-05 -2.72373e-05 0.0104091 -0.018488 -2.20154e-05 9.25736e-05 -0.018488 0.0891164 
0.00879644 -0.0168964 -1.75296e-05 -2.82301e-05 -0.0168964 0.0861787 -3.28884e-05 0.00012047 -1.75296e-05 -3.28884e-05 0.0105193 -0.0186614 -2.82301e-05 0.00012047 -0.0186614 0.0898566 
