0.00667848 0 0.000491319 0 0 0.0099008 0 0 0.000491319 0 0.00756767 0 0 0 0 0.0099008 
0.00961251 -0.0119489 0.00072723 -0.000883561 -0.0119489 0.0321142 -0.000883561 0.00169479 0.00072723 -0.000883561 0.0108201 -0.0134153 -0.000883561 0.00169479 -0.0134153 0.034926 
0.00957269 -0.0181667 0.000598568 -0.000954035 -0.0181667 0.0672487 -0.000954035 0.00297086 0.000598568 -0.000954035 0.0106874 -0.0196234 -0.000954035 0.00297086 -0.0196234 0.0717569 
0.00904533 -0.0179447 0.00052646 -0.000608331 -0.0179447 0.0812995 -0.000614728 0.00204224 0.00052646 -0.000614728 0.0100685 -0.0189921 -0.000608331 0.00204224 -0.0189921 0.0841164 
0.00907038 -0.0174114 0.000517368 -0.00058029 -0.0174114 0.0852645 -0.000592413 0.00170882 0.000517368 -0.000592413 0.0101591 -0.018461 -0.00058029 0.00170882 -0.018461 0.0875009 
0.00924224 -0.0172924 0.000499023 -0.000596376 -0.0172924 0.0862833 -0.000611496 0.00170666 0.000499023 -0.000611496 0.0103045 -0.0184882 -0.000596376 0.00170666 -0.0184882 0.0888325 
0.00941408 -0.0175111 0.00049699 -0.000572032 -0.0175111 0.0873613 -0.000579692 0.00162563 0.00049699 -0.000579692 0.0104317 -0.0187011 -0.000572032 0.00162563 -0.0187011 0.0901315 
0.00935828 -0.0174235 0.000511113 -0.000564175 -0.0174235 0.0867994 -0.000559608 0.00152293 0.000511113 -0.000559608 0.010353 -0.0185062 -0.000564175 0.00152293 -0.0185062 0.0894088 
0.00951767 -0.0176919 0.000539514 -0.000589477 -0.0176919 0.0881374 -0.000584714 0.00151722 0.000539514 -0.000584714 0.0104664 -0.0187532 -0.000589477 0.00151722 -0.0187532 0.090617 
0.00954306 -0.0176964 0.000542534 -0.000614378 -0.0176964 0.088109 -0.000618161 0.00155911 0.000542534 -0.000618161 0.0104388 -0.0187173 -0.000614378 0.00155911 -0.0187173 0.0905066 
0.00945497 -0.017552 0.000529861 -0.000615781 -0.017552 0.0872487 -0.000625115 0.00158907 0.000529861 -0.000625115 0.0103266 -0.0184986 -0.000615781 0.00158907 -0.0184986 0.0894911 
0.00948116 -0.0175535 0.000560885 -0.000627274 -0.0175535 0.0872396 -0.000629867 0.00164019 0.000560885 -0.000629867 0.0102935 -0.0185084 -0.000627274 0.00164019 -0.0185084 0.0894779 
0.00954432 -0.0175687 0.000598985 -0.000643094 -0.0175687 0.087175 -0.000642722 0.00165183 0.000598985 -0.000642722 0.0102059 -0.0184445 -0.000643094 0.00165183 -0.0184445 0.0892939 
0.00957136 -0.0176391 0.000605312 -0.000685669 -0.0176391 0.0872571 -0.00068717 0.00172403 0.000605312 -0.00068717 0.0101809 -0.0183596 -0.000685669 0.00172403 -0.0183596 0.0891096 
0.00957654 -0.0177178 0.00059012 -0.000691237 -0.0177178 0.0875466 -0.000687145 0.00175594 0.00059012 -0.000687145 0.0101966 -0.0183567 -0.000691237 0.00175594 -0.0183567 0.0891271 
0.00959175 -0.0177964 0.000619967 -0.000667306 -0.0177964 0.088044 -0.000656982 0.00170902 0.000619967 -0.000656982 0.010231 -0.0184652 -0.000667306 0.00170902 -0.0184652 0.0895984 
0.00952392 -0.0177502 0.000616935 -0.0007034 -0.0177502 0.0879803 -0.00069067 0.00173402 0.000616935 -0.00069067 0.0102678 -0.0184549 -0.0007034 0.00173402 -0.0184549 0.0896191 
0.0095002 -0.0176497 0.000600411 -0.000716559 -0.0176497 0.0877512 -0.000701206 0.00178889 0.000600411 -0.000701206 0.0103159 -0.0184992 -0.000716559 0.00178889 -0.0184992 0.0896763 
0.00952386 -0.0176908 0.000619316 -0.000706571 -0.0176908 0.0879593 -0.000688158 0.00180321 0.000619316 -0.000688158 0.0103871 -0.0186346 -0.000706571 0.00180321 -0.0186346 0.0901741 
0.00955167 -0.017727 0.000628404 -0.000725694 -0.017727 0.0881253 -0.000706876 0.00182582 0.000628404 -0.000706876 0.0104224 -0.018706 -0.000725694 0.00182582 -0.018706 0.0904764 
0.00954667 -0.0177267 0.000624045 -0.000741302 -0.0177267 0.0880989 -0.000732299 0.00188521 0.000624045 -0.000732299 0.0104357 -0.0187204 -0.000741302 0.00188521 -0.0187204 0.0905328 
0.00951705 -0.0176989 0.000621843 -0.000714515 -0.0176989 0.0879997 -0.00071972 0.00186405 0.000621843 -0.00071972 0.0104324 -0.0187342 -0.000714515 0.00186405 -0.0187342 0.0905496 
0.00953764 -0.0176482 0.000611121 -0.000696589 -0.0176482 0.0878199 -0.000707342 0.00180954 0.000611121 -0.000707342 0.0103923 -0.0187058 -0.000696589 0.00180954 -0.0187058 0.0904348 
0.00952083 -0.0176709 0.000563702 -0.000691355 -0.0176709 0.0877541 -0.000698578 0.00178661 0.000563702 -0.000698578 0.0104015 -0.0186433 -0.000691355 0.00178661 -0.0186433 0.0902478 
0.0094886 -0.0175928 0.000544528 -0.000631278 -0.0175928 0.0874168 -0.000632479 0.00167449 0.000544528 -0.000632479 0.010341 -0.0185933 -0.000631278 0.00167449 -0.0185933 0.0898832 
0.00951216 -0.017609 0.000589546 -0.000619557 -0.017609 0.0874522 -0.000613529 0.00160479 0.000589546 -0.000613529 0.0102693 -0.0185654 -0.000619557 0.00160479 -0.0185654 0.0898483 
0.00951518 -0.0175985 0.000620079 -0.00066782 -0.0175985 0.0872893 -0.00065942 0.00164276 0.000620079 -0.00065942 0.0101791 -0.0184083 -0.00066782 0.00164276 -0.0184083 0.0893772 
0.00951623 -0.0175876 0.000620145 -0.00071195 -0.0175876 0.0871506 -0.000707747 0.00175608 0.000620145 -0.000707747 0.0101197 -0.0182806 -0.00071195 0.00175608 -0.0182806 0.0889045 
0.0095144 -0.0176326 0.000641589 -0.00072129 -0.0176326 0.0872792 -0.000725385 0.00184111 0.000641589 -0.000725385 0.0101239 -0.0182333 -0.00072129 0.00184111 -0.0182333 0.0887306 
0.00953362 -0.0176521 0.000647883 -0.00074479 -0.0176521 0.0874628 -0.000755296 0.00190909 0.000647883 -0.000755296 0.010151 -0.0182875 -0.00074479 0.00190909 -0.0182875 0.0888769 
0.00956349 -0.0177541 0.000645041 -0.000747654 -0.0177541 0.0879874 -0.000757268 0.00193276 0.000645041 -0.000757268 0.0102315 -0.0184296 -0.000747654 0.00193276 -0.0184296 0.0895128 
0.00956468 -0.0177244 0.000637273 -0.000739679 -0.0177244 0.0879485 -0.000741632 0.00190966 0.000637273 -0.000741632 0.0102279 -0.0184515 -0.000739679 0.00190966 -0.0184515 0.0895969 
0.00960555 -0.0177582 0.000648762 -0.000742898 -0.0177582 0.0881181 -0.000737845 0.00190766 0.000648762 -0.000737845 0.0102515 -0.018505 -0.000742898 0.00190766 -0.018505 0.0898888 
0.00962579 -0.0178124 0.000646851 -0.000747987 -0.0178124 0.0883098 -0.000741046 0.00189993 0.000646851 -0.000741046 0.0102962 -0.0185432 -0.000747987 0.00189993 -0.0185432 0.0901068 
0.00966082 -0.017826 0.000654573 -0.000736365 -0.017826 0.0883663 -0.000727595 0.00186683 0.000654573 -0.000727595 0.0102824 -0.0185649 -0.000736365 0.00186683 -0.0185649 0.09015 
0.00965614 -0.0177942 0.000633929 -0.000738637 -0.0177942 0.0881186 -0.000729122 0.00184535 0.000633929 -0.000729122 0.0102433 -0.0185021 -0.000738637 0.00184535 -0.0185021 0.0898977 
0.00965669 -0.0177569 0.000631306 -0.000709382 -0.0177569 0.0878446 -0.00069585 0.0017853 0.000631306 -0.00069585 0.0101671 -0.0184235 -0.000709382 0.0017853 -0.0184235 0.0895547 
0.0096833 -0.0178055 0.000624867 -0.000701541 -0.0178055 0.0879561 -0.000689376 0.00173836 0.000624867 -0.000689376 0.0101334 -0.0183869 -0.000701541 0.00173836 -0.0183869 0.0895154 
0.00973547 -0.0178566 0.0006418 -0.000715812 -0.0178566 0.0881625 -0.000705973 0.00177583 0.0006418 -0.000705973 0.0101017 -0.0183808 -0.000715812 0.00177583 -0.0183808 0.0895837 
0.00978097 -0.0178906 0.00066777 -0.00073685 -0.0178906 0.0881871 -0.000727182 0.00182652 0.00066777 -0.000727182 0.0100461 -0.0182976 -0.00073685 0.00182652 -0.0182976 0.0893548 
0.00980067 -0.017974 0.000671456 -0.000758941 -0.017974 0.0884092 -0.000747472 0.00186768 0.000671456 -0.000747472 0.0100355 -0.0182464 -0.000758941 0.00186768 -0.0182464 0.0892431 
0.00980467 -0.0179847 0.000697504 -0.000774411 -0.0179847 0.0884667 -0.000763607 0.00192486 0.000697504 -0.000763607 0.0100322 -0.0182137 -0.000774411 0.00192486 -0.0182137 0.0890884 
0.00982784 -0.0179835 0.000709754 -0.000798539 -0.0179835 0.0884611 -0.000794874 0.00198188 0.000709754 -0.000794874 0.0100524 -0.0182113 -0.000798539 0.00198188 -0.0182113 0.0890206 
0.00983379 -0.0180494 0.000729285 -0.000807673 -0.0180494 0.088702 -0.000812015 0.00202733 0.000729285 -0.000812015 0.0101136 -0.0182943 -0.000807673 0.00202733 -0.0182943 0.0892973 
0.00980822 -0.0180209 0.000734831 -0.000824745 -0.0180209 0.0886713 -0.000834316 0.00206907 0.000734831 -0.000834316 0.010132 -0.0183605 -0.000824745 0.00206907 -0.0183605 0.0894707 
0.00977833 -0.0180204 0.000741489 -0.000826141 -0.0180204 0.088776 -0.000836717 0.00208407 0.000741489 -0.000836717 0.0101731 -0.0184377 -0.000826141 0.00208407 -0.0184377 0.0898289 
0.00974533 -0.0179139 0.000735326 -0.000839839 -0.0179139 0.0884135 -0.000843711 0.00210839 0.000735326 -0.000843711 0.0101229 -0.0184016 -0.000839839 0.00210839 -0.0184016 0.0896625 
0.00974504 -0.0179476 0.000736242 -0.000846468 -0.0179476 0.0885634 -0.000845712 0.0021389 0.000736242 -0.000845712 0.0101527 -0.0184226 -0.000846468 0.0021389 -0.0184226 0.0898828 
0.00973234 -0.0179417 0.000731848 -0.000844572 -0.0179417 0.0886207 -0.000845368 0.00214446 0.000731848 -0.000845368 0.0101755 -0.0184509 -0.000844572 0.00214446 -0.0184509 0.0899995 
0.00955351 -0.0176611 0.000706376 -0.000820927 -0.0176611 0.0872999 -0.000827315 0.00209727 0.000706376 -0.000827315 0.0100643 -0.0181874 -0.000820927 0.00209727 -0.0181874 0.0887021 
0.00970392 -0.0178829 0.000691132 -0.000812826 -0.0178829 0.0885495 -0.000823607 0.00209214 0.000691132 -0.000823607 0.0102275 -0.0185061 -0.000812826 0.00209214 -0.0185061 0.0901185 
0.00964627 -0.0177337 0.00063762 -0.000774002 -0.0177337 0.0877452 -0.000778238 0.0019986 0.00063762 -0.000778238 0.0101528 -0.0183471 -0.000774002 0.0019986 -0.0183471 0.0893522 
0.00961353 -0.0177055 0.000617388 -0.000724862 -0.0177055 0.0874747 -0.000720005 0.00189001 0.000617388 -0.000720005 0.0101336 -0.0182906 -0.000724862 0.00189001 -0.0182906 0.0890256 
0.00957383 -0.0176676 0.000603074 -0.00068241 -0.0176676 0.0872688 -0.0006742 0.00174704 0.000603074 -0.0006742 0.0101216 -0.0182474 -0.00068241 0.00174704 -0.0182474 0.0887539 
0.00958088 -0.0176603 0.00059535 -0.000674383 -0.0176603 0.0872952 -0.000669002 0.00169625 0.00059535 -0.000669002 0.0101257 -0.018282 -0.000674383 0.00169625 -0.018282 0.0888242 
0.00962172 -0.0177796 0.000595296 -0.000675664 -0.0177796 0.087866 -0.000674722 0.0016996 0.000595296 -0.000674722 0.0102088 -0.0184132 -0.000675664 0.0016996 -0.0184132 0.0894605 
0.00967759 -0.017815 0.00059633 -0.000667518 -0.017815 0.0881408 -0.000669241 0.00168537 0.00059633 -0.000669241 0.0102271 -0.018509 -0.000667518 0.00168537 -0.018509 0.0898642 
0.00966372 -0.0177433 0.00059398 -0.000658451 -0.0177433 0.0876548 -0.000659493 0.00165478 0.00059398 -0.000659493 0.0101159 -0.018357 -0.000658451 0.00165478 -0.018357 0.0892705 
0.00961946 -0.017743 0.000590537 -0.000666189 -0.017743 0.0874849 -0.000664682 0.00166712 0.000590537 -0.000664682 0.0100699 -0.018226 -0.000666189 0.00166712 -0.018226 0.0888161 
0.009589 -0.0177848 0.000590622 -0.000671271 -0.0177848 0.087777 -0.000670087 0.00169154 0.000590622 -0.000670087 0.0101155 -0.0182493 -0.000671271 0.00169154 -0.0182493 0.088929 
0.00956831 -0.0177363 0.000596675 -0.000671066 -0.0177363 0.087778 -0.00067096 0.00170072 0.000596675 -0.00067096 0.0101159 -0.0182825 -0.000671066 0.00170072 -0.0182825 0.0889848 
0.00953041 -0.0176666 0.000610785 -0.00067642 -0.0176666 0.0875245 -0.000680475 0.00171671 0.000610785 -0.000680475 0.0100986 -0.0182455 -0.00067642 0.00171671 -0.0182455 0.0888324 
0.00952333 -0.0175937 0.000635166 -0.000698669 -0.0175937 0.0872547 -0.000707133 0.00177057 0.000635166 -0.000707133 0.0100635 -0.0182273 -0.000698669 0.00177057 -0.0182273 0.088716 
0.0095538 -0.0176924 0.000632679 -0.000723962 -0.0176924 0.0876615 -0.000734966 0.00182824 0.000632679 -0.000734966 0.0101237 -0.0183013 -0.000723962 0.00182824 -0.0183013 0.0891609 
0.00956768 -0.0176607 0.000634808 -0.000709631 -0.0176607 0.0875982 -0.000718571 0.00181527 0.000634808 -0.000718571 0.0100995 -0.018321 -0.000709631 0.00181527 -0.018321 0.0891956 
0.00960582 -0.0177058 0.00064806 -0.00072565 -0.0177058 0.0877412 -0.000728978 0.00183534 0.00064806 -0.000728978 0.0100983 -0.0183279 -0.00072565 0.00183534 -0.0183279 0.0893445 
0.00960368 -0.0176682 0.000637442 -0.000733793 -0.0176682 0.0874567 -0.000731357 0.00184112 0.000637442 -0.000731357 0.0100253 -0.0182205 -0.000733793 0.00184112 -0.0182205 0.0889115 
0.00957806 -0.0176373 0.000622303 -0.000719708 -0.0176373 0.0871916 -0.000714601 0.00181735 0.000622303 -0.000714601 0.00997447 -0.0181101 -0.000719708 0.00181735 -0.0181101 0.0884677 
0.00975038 -0.0179289 0.000624962 -0.000715456 -0.0179289 0.0886259 -0.000710898 0.001811 0.000624962 -0.000710898 0.0101112 -0.0183938 -0.000715456 0.001811 -0.0183938 0.0898465 
0.00970003 -0.0177648 0.000577861 -0.000681258 -0.0177648 0.087732 -0.000680067 0.00171385 0.000577861 -0.000680067 0.00996876 -0.0181655 -0.000681258 0.00171385 -0.0181655 0.088822 
0.00968288 -0.0177903 0.000582017 -0.000653991 -0.0177903 0.087664 -0.000651582 0.00166917 0.000582017 -0.000651582 0.00992787 -0.0180914 -0.000653991 0.00166917 -0.0180914 0.0885631 
0.00965835 -0.0178237 0.000582395 -0.000655851 -0.0178237 0.0878347 -0.000652909 0.00164301 0.000582395 -0.000652909 0.00993719 -0.0180726 -0.000655851 0.00164301 -0.0180726 0.0885335 
0.00966243 -0.0177445 0.000612409 -0.000654473 -0.0177445 0.0876273 -0.000651496 0.00163285 0.000612409 -0.000651496 0.00987537 -0.0180463 -0.000654473 0.00163285 -0.0180463 0.0883465 
0.0096917 -0.0178051 0.000618045 -0.000688007 -0.0178051 0.0878314 -0.000685164 0.00167557 0.000618045 -0.000685164 0.0098807 -0.0180532 -0.000688007 0.00167557 -0.0180532 0.0885279 
0.00968145 -0.0178815 0.000618588 -0.000707001 -0.0178815 0.0882079 -0.000696988 0.00173543 0.000618588 -0.000696988 0.00995258 -0.0181138 -0.000707001 0.00173543 -0.0181138 0.0888679 
0.00970592 -0.0178844 0.000613405 -0.000701389 -0.0178844 0.0884397 -0.000685579 0.00172792 0.000613405 -0.000685579 0.00997876 -0.0182152 -0.000701389 0.00172792 -0.0182152 0.0892421 
0.00966146 -0.0177309 0.000589528 -0.00068178 -0.0177309 0.0876535 -0.000661023 0.00166899 0.000589528 -0.000661023 0.00985911 -0.0180314 -0.00068178 0.00166899 -0.0180314 0.0884537 
0.00963967 -0.017734 0.000594444 -0.000668712 -0.017734 0.0875267 -0.000647555 0.00164187 0.000594444 -0.000647555 0.0098292 -0.0179589 -0.000668712 0.00164187 -0.0179589 0.0882118 
0.00959559 -0.0177263 0.000568135 -0.000662851 -0.0177263 0.0875045 -0.000650629 0.00161609 0.000568135 -0.000650629 0.00985469 -0.0179228 -0.000662851 0.00161609 -0.0179228 0.0880566 
0.00956565 -0.0176669 0.000556142 -0.00063353 -0.0176669 0.0873897 -0.000630646 0.00158194 0.000556142 -0.000630646 0.00986952 -0.0179603 -0.00063353 0.00158194 -0.0179603 0.0880616 
0.00960813 -0.0176502 0.000557228 -0.000624511 -0.0176502 0.0873853 -0.00062525 0.00155944 0.000557228 -0.00062525 0.00985666 -0.0180165 -0.000624511 0.00155944 -0.0180165 0.0882682 
0.00967252 -0.0177189 0.000567051 -0.000626977 -0.0177189 0.0875446 -0.000625545 0.00155296 0.000567051 -0.000625545 0.00983423 -0.0180147 -0.000626977 0.00155296 -0.0180147 0.0884025 
0.00971172 -0.0177926 0.000571736 -0.000639664 -0.0177926 0.0877446 -0.000636571 0.00157209 0.000571736 -0.000636571 0.00982258 -0.0179996 -0.000639664 0.00157209 -0.0179996 0.0884503 
0.00983755 -0.0180367 0.000570209 -0.000644534 -0.0180367 0.0888859 -0.00064609 0.00159545 0.000570209 -0.00064609 0.0099268 -0.0181869 -0.000644534 0.00159545 -0.0181869 0.0894416 
0.0098077 -0.0179723 0.000556607 -0.000625782 -0.0179723 0.0885719 -0.000632133 0.0015611 0.000556607 -0.000632133 0.00987515 -0.0181053 -0.000625782 0.0015611 -0.0181053 0.0890579 
0.00979817 -0.0179175 0.00056071 -0.000614645 -0.0179175 0.0882712 -0.000619184 0.00153122 0.00056071 -0.000619184 0.00980999 -0.018027 -0.000614645 0.00153122 -0.018027 0.088713 
0.00981199 -0.0180073 0.000561503 -0.000614906 -0.0180073 0.0886147 -0.00061962 0.00151165 0.000561503 -0.00061962 0.00982873 -0.0180497 -0.000614906 0.00151165 -0.0180497 0.0889336 
0.00979944 -0.0180012 0.000562297 -0.000622119 -0.0180012 0.0886752 -0.000624285 0.00152026 0.000562297 -0.000624285 0.009834 -0.0180413 -0.000622119 0.00152026 -0.0180413 0.088925 
0.00978282 -0.0179859 0.000572479 -0.000636673 -0.0179859 0.0886759 -0.000633981 0.00155803 0.000572479 -0.000633981 0.00984591 -0.0180456 -0.000636673 0.00155803 -0.0180456 0.0889332 
0.00979623 -0.0179963 0.000578591 -0.000654416 -0.0179963 0.0888118 -0.000654297 0.00161116 0.000578591 -0.000654297 0.00985164 -0.018099 -0.000654416 0.00161116 -0.018099 0.0891557 
0.00977146 -0.0179121 0.000573084 -0.000649863 -0.0179121 0.088405 -0.000660511 0.00162719 0.000573084 -0.000660511 0.00977113 -0.0179961 -0.000649863 0.00162719 -0.0179961 0.0887451 
0.00971911 -0.0178339 0.000569486 -0.000644393 -0.0178339 0.0879347 -0.000662023 0.00163464 0.000569486 -0.000662023 0.00971343 -0.0178377 -0.000644393 0.00163464 -0.0178377 0.0881216 
0.00970499 -0.0177945 0.000566333 -0.000641953 -0.0177945 0.0877287 -0.000658965 0.00163107 0.000566333 -0.000658965 0.0096813 -0.0177689 -0.000641953 0.00163107 -0.0177689 0.0877608 
0.00967107 -0.0177779 0.000541211 -0.000612321 -0.0177779 0.0876002 -0.000623187 0.0015409 0.000541211 -0.000623187 0.00968711 -0.0177281 -0.000612321 0.0015409 -0.0177281 0.0875365 
0.0098539 -0.0180618 0.000538381 -0.00059474 -0.0180618 0.0890712 -0.000594986 0.00146956 0.000538381 -0.000594986 0.00984864 -0.01806 -0.00059474 0.00146956 -0.01806 0.0890439 
0.00987219 -0.0180632 0.000522392 -0.000576298 -0.0180632 0.089015 -0.000569897 0.00138728 0.000522392 -0.000569897 0.00982625 -0.0180701 -0.000576298 0.00138728 -0.0180701 0.0890744 
0.00973484 -0.0178223 0.000504938 -0.000570493 -0.0178223 0.0877375 -0.000555847 0.00135612 0.000504938 -0.000555847 0.00966428 -0.0177962 -0.000570493 0.00135612 -0.0177962 0.0878003 
0.00974118 -0.0178392 0.000514371 -0.000562024 -0.0178392 0.0878047 -0.000542522 0.00133899 0.000514371 -0.000542522 0.00964534 -0.0177839 -0.000562024 0.00133899 -0.0177839 0.0878193 
0.00977358 -0.017852 0.000508391 -0.000572565 -0.017852 0.0878912 -0.000554928 0.00134749 0.000508391 -0.000554928 0.00961798 -0.0177854 -0.000572565 0.00134749 -0.0177854 0.0878972 
0.00976532 -0.0178932 0.000489288 -0.000567228 -0.0178932 0.088002 -0.000548403 0.00134952 0.000489288 -0.000548403 0.00962185 -0.0177536 -0.000567228 0.00134952 -0.0177536 0.087896 
0.00977481 -0.0179149 0.000505685 -0.000563204 -0.0179149 0.0882286 -0.00054509 0.00136751 0.000505685 -0.00054509 0.00964552 -0.017813 -0.000563204 0.00136751 -0.017813 0.0881544 
0.0097853 -0.0179213 0.000543254 -0.000574539 -0.0179213 0.0883155 -0.000563965 0.00138493 0.000543254 -0.000563965 0.00965383 -0.0178285 -0.000574539 0.00138493 -0.0178285 0.0882788 
0.00975031 -0.0178593 0.00055602 -0.000612178 -0.0178593 0.0879901 -0.000612071 0.00145969 0.00055602 -0.000612071 0.0096349 -0.0177382 -0.000612178 0.00145969 -0.0177382 0.0878892 
0.00975773 -0.0178568 0.000594536 -0.0006363 -0.0178568 0.0879728 -0.000646327 0.00155854 0.000594536 -0.000646327 0.00965542 -0.0177462 -0.0006363 0.00155854 -0.0177462 0.0878399 
0.0098069 -0.0179672 0.000622559 -0.000676115 -0.0179672 0.0884829 -0.000695357 0.00165946 0.000622559 -0.000695357 0.00972876 -0.0178798 -0.000676115 0.00165946 -0.0178798 0.0883848 
0.00983558 -0.0180239 0.000622836 -0.00069679 -0.0180239 0.0888046 -0.00071007 0.00170989 0.000622836 -0.00071007 0.00977041 -0.0179797 -0.00069679 0.00170989 -0.0179797 0.0888079 
0.00980814 -0.0179992 0.000606524 -0.000695257 -0.0179992 0.088702 -0.000696045 0.00170687 0.000606524 -0.000696045 0.00976893 -0.0179622 -0.000695257 0.00170687 -0.0179622 0.0887527 
0.00980064 -0.0178935 0.00058226 -0.000679294 -0.0178935 0.0882574 -0.000673985 0.00167259 0.00058226 -0.000673985 0.00968668 -0.0178914 -0.000679294 0.00167259 -0.0178914 0.0883795 
0.00976132 -0.0178926 0.000560385 -0.000637501 -0.0178926 0.0880647 -0.000633613 0.00157813 0.000560385 -0.000633613 0.00966358 -0.0177827 -0.000637501 0.00157813 -0.0177827 0.0880315 
0.0097433 -0.0178657 0.000550812 -0.000619923 -0.0178657 0.0880161 -0.000617849 0.00152047 0.000550812 -0.000617849 0.00967343 -0.0177775 -0.000619923 0.00152047 -0.0177775 0.0879305 
0.00977217 -0.0178959 0.000558286 -0.000605211 -0.0178959 0.0881844 -0.000606042 0.0014776 0.000558286 -0.000606042 0.00969327 -0.0178235 -0.000605211 0.0014776 -0.0178235 0.0880956 
0.0097934 -0.0179706 0.000587413 -0.000625503 -0.0179706 0.0885143 -0.000625541 0.00150493 0.000587413 -0.000625541 0.00975329 -0.0178982 -0.000625503 0.00150493 -0.0178982 0.0884478 
0.0097778 -0.0179685 0.00060068 -0.000658657 -0.0179685 0.0885781 -0.000655566 0.00156646 0.00060068 -0.000655566 0.00978958 -0.017952 -0.000658657 0.00156646 -0.017952 0.0886113 
0.00974085 -0.0179358 0.000605018 -0.00068771 -0.0179358 0.0884878 -0.000682882 0.00165721 0.000605018 -0.000682882 0.00981709 -0.0179663 -0.00068771 0.00165721 -0.0179663 0.088624 
0.00967829 -0.0178432 0.000589599 -0.000679087 -0.0178432 0.0881637 -0.000680433 0.0016722 0.000589599 -0.000680433 0.00982667 -0.01797 -0.000679087 0.0016722 -0.01797 0.0885127 
0.00968709 -0.0178875 0.0005668 -0.000668845 -0.0178875 0.0885272 -0.000683082 0.00168341 0.0005668 -0.000683082 0.0099233 -0.0181361 -0.000668845 0.00168341 -0.0181361 0.0892037 
0.00972666 -0.0178481 0.000573133 -0.000632172 -0.0178481 0.0884842 -0.000650517 0.00162525 0.000573133 -0.000650517 0.00990639 -0.0182156 -0.000632172 0.00162525 -0.0182156 0.0894963 
0.00977854 -0.0178699 0.000586836 -0.000637617 -0.0178699 0.0884401 -0.000650376 0.00159317 0.000586836 -0.000650376 0.00985356 -0.0181875 -0.000637617 0.00159317 -0.0181875 0.0895395 
0.00972466 -0.017844 0.00057246 -0.000647507 -0.017844 0.0880459 -0.000648991 0.00157926 0.00057246 -0.000648991 0.00978354 -0.0179783 -0.000647507 0.00157926 -0.0179783 0.0887965 
0.00967885 -0.0177463 0.000550322 -0.000641469 -0.0177463 0.0876096 -0.000632172 0.00156589 0.000550322 -0.000632172 0.00972264 -0.0178572 -0.000641469 0.00156589 -0.0178572 0.0881527 
0.00970058 -0.0177888 0.000521812 -0.000611653 -0.0177888 0.0877619 -0.000598334 0.00149952 0.000521812 -0.000598334 0.00972082 -0.0178565 -0.000611653 0.00149952 -0.0178565 0.0881463 
0.00969976 -0.0177691 0.000529889 -0.000584151 -0.0177691 0.087644 -0.000572948 0.00143927 0.000529889 -0.000572948 0.00968808 -0.0178129 -0.000584151 0.00143927 -0.0178129 0.0879279 
0.00972933 -0.0178025 0.000534642 -0.000594207 -0.0178025 0.0877563 -0.000590943 0.00143903 0.000534642 -0.000590943 0.00967864 -0.0178117 -0.000594207 0.00143903 -0.0178117 0.0879485 
0.00978294 -0.0179487 0.00052852 -0.000586408 -0.0179487 0.088369 -0.000587363 0.00142284 0.00052852 -0.000587363 0.00972959 -0.0178792 -0.000586408 0.00142284 -0.0178792 0.0883584 
0.00979531 -0.0180269 0.000549086 -0.000573674 -0.0180269 0.0888095 -0.000576489 0.00139369 0.000549086 -0.000576489 0.00978928 -0.0179553 -0.000573674 0.00139369 -0.0179553 0.0887083 
0.00979823 -0.0180586 0.000565955 -0.000606488 -0.0180586 0.0891101 -0.000612016 0.00144264 0.000565955 -0.000612016 0.00986003 -0.0180456 -0.000606488 0.00144264 -0.0180456 0.0890715 
0.00972686 -0.0179333 0.000570804 -0.000639925 -0.0179333 0.0886294 -0.000643471 0.00153863 0.000570804 -0.000643471 0.00985892 -0.0180129 -0.000639925 0.00153863 -0.0180129 0.088787 
0.00964682 -0.0178084 0.00054877 -0.000645447 -0.0178084 0.0880995 -0.000647106 0.0015859 0.00054877 -0.000647106 0.00985401 -0.0179781 -0.000645447 0.0015859 -0.0179781 0.0884901 
0.0095893 -0.0176823 0.000524049 -0.000622666 -0.0176823 0.087569 -0.000624579 0.00157193 0.000524049 -0.000624579 0.00982274 -0.0179412 -0.000622666 0.00157193 -0.0179412 0.0881878 
0.00976442 -0.0179065 0.000507286 -0.000598272 -0.0179065 0.0886731 -0.000599481 0.00152496 0.000507286 -0.000599481 0.00991704 -0.0181994 -0.000598272 0.00152496 -0.0181994 0.089439 
0.00960797 -0.0176841 0.000496869 -0.000549934 -0.0176841 0.0873774 -0.000556952 0.00140654 0.000496869 -0.000556952 0.00976793 -0.0178964 -0.000549934 0.00140654 -0.0178964 0.0880929 
0.00956888 -0.0176761 0.000488259 -0.000525882 -0.0176761 0.0873692 -0.000539991 0.00131221 0.000488259 -0.000539991 0.00977933 -0.0178686 -0.000525882 0.00131221 -0.0178686 0.0879769 
0.00971629 -0.0179188 0.000501232 -0.000540865 -0.0179188 0.0887464 -0.000556023 0.00133124 0.000501232 -0.000556023 0.00993859 -0.0182004 -0.000540865 0.00133124 -0.0182004 0.0894896 
0.00973123 -0.0178808 0.000529737 -0.000564463 -0.0178808 0.0885954 -0.000569503 0.00137782 0.000529737 -0.000569503 0.00990062 -0.0181986 -0.000564463 0.00137782 -0.0181986 0.0894975 
0.00972998 -0.0179174 0.000535914 -0.000595718 -0.0179174 0.08864 -0.000586345 0.00142027 0.000535914 -0.000586345 0.00990941 -0.0181575 -0.000595718 0.00142027 -0.0181575 0.0894671 
0.00972579 -0.0178906 0.000508313 -0.000608181 -0.0178906 0.0885302 -0.000589976 0.00145554 0.000508313 -0.000589976 0.00988824 -0.0181259 -0.000608181 0.00145554 -0.0181259 0.0892695 
0.00959891 -0.0176952 0.000473141 -0.00056076 -0.0176952 0.0875124 -0.000540496 0.00137675 0.000473141 -0.000540496 0.00976217 -0.0178954 -0.00056076 0.00137675 -0.0178954 0.0881504 
0.00960362 -0.0177709 0.000467626 -0.000531162 -0.0177709 0.0879553 -0.000515457 0.00130884 0.000467626 -0.000515457 0.00983462 -0.0179783 -0.000531162 0.00130884 -0.0179783 0.0885649 
0.0095784 -0.0177358 0.000461802 -0.00051826 -0.0177358 0.0879515 -0.000513208 0.00126669 0.000461802 -0.000513208 0.00986711 -0.0180097 -0.00051826 0.00126669 -0.0180097 0.0886398 
0.00951659 -0.0176471 0.000449395 -0.000503547 -0.0176471 0.0876133 -0.000511265 0.00123973 0.000449395 -0.000511265 0.00989061 -0.0179887 -0.000503547 0.00123973 -0.0179887 0.0884465 
0.00951328 -0.0175868 0.000455665 -0.00047678 -0.0175868 0.0874194 -0.000489598 0.0011792 0.000455665 -0.000489598 0.00990036 -0.0180312 -0.00047678 0.0011792 -0.0180312 0.0884701 
0.00954255 -0.0176139 0.000464287 -0.000488052 -0.0176139 0.087476 -0.000498903 0.00117309 0.000464287 -0.000498903 0.00990748 -0.0180712 -0.000488052 0.00117309 -0.0180712 0.0886359 
0.00961372 -0.0176785 0.000473584 -0.000516613 -0.0176785 0.087695 -0.000520051 0.00123508 0.000473584 -0.000520051 0.00989002 -0.0181008 -0.000516613 0.00123508 -0.0181008 0.0888146 
0.00960368 -0.0177351 0.000471208 -0.000532487 -0.0177351 0.0877662 -0.00053222 0.00128958 0.000471208 -0.00053222 0.00988483 -0.0180356 -0.000532487 0.00128958 -0.0180356 0.0886527 
0.00959353 -0.0176954 0.000490751 -0.000526943 -0.0176954 0.0876447 -0.000528914 0.00130332 0.000490751 -0.000528914 0.00985173 -0.0180024 -0.000526943 0.00130332 -0.0180024 0.0884292 
0.00963745 -0.0177194 0.000508414 -0.000549226 -0.0177194 0.0877499 -0.00055341 0.00133935 0.000508414 -0.00055341 0.00983847 -0.0180174 -0.000549226 0.00133935 -0.0180174 0.0885244 
0.00968112 -0.0178182 0.000520383 -0.000582877 -0.0178182 0.08809 -0.000582319 0.00142046 0.000520383 -0.000582319 0.00984366 -0.0180334 -0.000582877 0.00142046 -0.0180334 0.0887175 
0.00964136 -0.0178858 0.00051071 -0.000604379 -0.0178858 0.0884042 -0.000600714 0.00149298 0.00051071 -0.000600714 0.00993558 -0.0180596 -0.000604379 0.00149298 -0.0180596 0.0889028 
0.0095949 -0.0177681 0.000488082 -0.00057265 -0.0177681 0.0881135 -0.00056835 0.00144658 0.000488082 -0.00056835 0.0099467 -0.0180867 -0.00057265 0.00144658 -0.0180867 0.0887617 
0.00952746 -0.0177397 0.00045717 -0.000533912 -0.0177397 0.0880345 -0.000536235 0.00135577 0.00045717 -0.000536235 0.0100192 -0.0181388 -0.000533912 0.00135577 -0.0181388 0.0889216 
