0.00611428 0 0.000268019 0 0 0.0101208 0 0 0.000268019 0 0.00813281 0 0 0 0 0.0101208 
0.00872416 -0.0108589 0.000377768 -0.000461357 -0.0108589 0.0300308 -0.000461357 0.000884581 0.000377768 -0.000461357 0.0112823 -0.0139759 -0.000461357 0.000884581 -0.0139759 0.0360072 
0.00889891 -0.0169769 0.000357002 -0.00052012 -0.0169769 0.0635287 -0.00052012 0.00163285 0.000357002 -0.00052012 0.0109851 -0.0201681 -0.00052012 0.00163285 -0.0201681 0.0734581 
0.00844761 -0.0171753 0.000269014 -0.000365835 -0.0171753 0.0786799 -0.000375747 0.00116863 0.000269014 -0.000375747 0.010264 -0.0190849 -0.000365835 0.00116863 -0.0190849 0.0842169 
0.00844614 -0.0169799 0.000222832 -0.000289103 -0.0169799 0.0846894 -0.00031679 0.000903244 0.000222832 -0.00031679 0.0105181 -0.0186744 -0.000289103 0.000903244 -0.0186744 0.0876851 
0.00830538 -0.016415 0.000175841 -0.000226163 -0.016415 0.0842617 -0.00026198 0.000723909 0.000175841 -0.00026198 0.0106057 -0.0185191 -0.000226163 0.000723909 -0.0185191 0.0877038 
0.00848725 -0.0166125 0.000152851 -0.000183793 -0.0166125 0.0858906 -0.000211169 0.000586757 0.000152851 -0.000211169 0.0109768 -0.0191541 -0.000183793 0.000586757 -0.0191541 0.0906946 
0.00841049 -0.0163561 0.000138502 -0.000170359 -0.0163561 0.0846311 -0.000186084 0.00050802 0.000138502 -0.000186084 0.0108849 -0.0190515 -0.000170359 0.00050802 -0.0190515 0.090277 
0.00854643 -0.0165922 0.000159276 -0.000164379 -0.0165922 0.0856873 -0.000173447 0.00047387 0.000159276 -0.000173447 0.0110327 -0.0193199 -0.000164379 0.00047387 -0.0193199 0.0917115 
0.00847485 -0.0164375 0.000170826 -0.000176402 -0.0164375 0.0847477 -0.000178973 0.000451636 0.000170826 -0.000178973 0.0108818 -0.0190852 -0.000176402 0.000451636 -0.0190852 0.0906692 
0.00859108 -0.0166616 0.000204454 -0.000209013 -0.0166616 0.0858069 -0.000206776 0.000513781 0.000204454 -0.000206776 0.0110043 -0.0192839 -0.000209013 0.000513781 -0.0192839 0.0916751 
0.00857013 -0.0165814 0.000220198 -0.000244469 -0.0165814 0.0853597 -0.000238688 0.000588183 0.000220198 -0.000238688 0.010933 -0.0191809 -0.000244469 0.000588183 -0.0191809 0.0911452 
0.00859845 -0.0165896 0.000228809 -0.000270132 -0.0165896 0.0852716 -0.000262087 0.000664385 0.000228809 -0.000262087 0.0108789 -0.0191338 -0.000270132 0.000664385 -0.0191338 0.0909513 
0.00859375 -0.0166177 0.000195787 -0.000267489 -0.0166177 0.0852165 -0.000260529 0.000674256 0.000195787 -0.000260529 0.0108254 -0.0190378 -0.000267489 0.000674256 -0.0190378 0.0906303 
0.00860474 -0.0166598 0.00018139 -0.000214768 -0.0166598 0.0854262 -0.00020987 0.000580618 0.00018139 -0.00020987 0.0108173 -0.019037 -0.000214768 0.000580618 -0.019037 0.0906745 
0.00859543 -0.0166129 0.000182505 -0.000206282 -0.0166129 0.0852332 -0.000205039 0.000535323 0.000182505 -0.000205039 0.0107762 -0.0189717 -0.000206282 0.000535323 -0.0189717 0.0904101 
0.00861064 -0.0166112 0.00017833 -0.000204535 -0.0166112 0.0851894 -0.00020903 0.000524401 0.00017833 -0.00020903 0.0107587 -0.0189506 -0.000204535 0.000524401 -0.0189506 0.0903405 
0.00877432 -0.016861 0.000189009 -0.00020641 -0.016861 0.0863845 -0.000217534 0.000543709 0.000189009 -0.000217534 0.0108758 -0.0191928 -0.00020641 0.000543709 -0.0191928 0.0915339 
0.00880602 -0.0169056 0.000221884 -0.000225104 -0.0169056 0.0864062 -0.000233538 0.00058553 0.000221884 -0.000233538 0.0108165 -0.019131 -0.000225104 0.00058553 -0.019131 0.0913485 
0.00878919 -0.0169323 0.000263814 -0.00026208 -0.0169323 0.0864068 -0.000263224 0.000647511 0.000263814 -0.000263224 0.0107926 -0.0190408 -0.00026208 0.000647511 -0.0190408 0.0910613 
0.00875176 -0.0168613 0.000311655 -0.000324476 -0.0168613 0.0861117 -0.000318023 0.000774757 0.000311655 -0.000318023 0.0107528 -0.0189555 -0.000324476 0.000774757 -0.0189555 0.0906183 
0.00874816 -0.0168677 0.00028455 -0.000380643 -0.0168677 0.0861862 -0.000368963 0.000908127 0.00028455 -0.000368963 0.0107753 -0.0189942 -0.000380643 0.000908127 -0.0189942 0.0907414 
0.00875064 -0.0168823 0.000253298 -0.000339532 -0.0168823 0.0863132 -0.000321079 0.000878807 0.000253298 -0.000321079 0.010806 -0.0190529 -0.000339532 0.000878807 -0.0190529 0.0909855 
0.00874923 -0.0168729 0.000214468 -0.000284745 -0.0168729 0.0862959 -0.000266632 0.000742336 0.000214468 -0.000266632 0.0107965 -0.0190602 -0.000284745 0.000742336 -0.0190602 0.0910316 
0.00875736 -0.0168156 0.000214004 -0.000245883 -0.0168156 0.0860375 -0.000238874 0.000651765 0.000214004 -0.000238874 0.0107498 -0.0190152 -0.000245883 0.000651765 -0.0190152 0.0908439 
0.00879579 -0.0169067 0.000229885 -0.000249213 -0.0169067 0.0863392 -0.000256089 0.000646376 0.000229885 -0.000256089 0.0107558 -0.019036 -0.000249213 0.000646376 -0.019036 0.0910551 
0.00880826 -0.0169253 0.000218548 -0.000261735 -0.0169253 0.0864196 -0.000272723 0.000667059 0.000218548 -0.000272723 0.010751 -0.0190195 -0.000261735 0.000667059 -0.0190195 0.0910372 
0.00879691 -0.0169185 0.000241689 -0.000255094 -0.0169185 0.08636 -0.000255461 0.000663284 0.000241689 -0.000255461 0.0107487 -0.0189846 -0.000255094 0.000663284 -0.0189846 0.0908913 
0.00874557 -0.0168706 0.000260623 -0.000278655 -0.0168706 0.0861299 -0.000274297 0.000681687 0.000260623 -0.000274297 0.010749 -0.0189363 -0.000278655 0.000681687 -0.0189363 0.090616 
0.00871734 -0.0168421 0.000259085 -0.000308681 -0.0168421 0.08609 -0.00031054 0.000758834 0.000259085 -0.00031054 0.0107698 -0.0189675 -0.000308681 0.000758834 -0.0189675 0.0906477 
0.00871278 -0.0168254 0.000207406 -0.000298809 -0.0168254 0.0861184 -0.0003062 0.00077352 0.000207406 -0.0003062 0.0107947 -0.0190263 -0.000298809 0.00077352 -0.0190263 0.0908492 
0.008699 -0.0167463 0.000205065 -0.000237798 -0.0167463 0.0857595 -0.0002418 0.000677511 0.000205065 -0.0002418 0.0107566 -0.0189839 -0.000237798 0.000677511 -0.0189839 0.090628 
0.00871204 -0.0168123 0.000218886 -0.00022502 -0.0168123 0.0859948 -0.000222469 0.000583948 0.000218886 -0.000222469 0.0107928 -0.0190275 -0.00022502 0.000583948 -0.0190275 0.0908833 
0.00875547 -0.016836 0.000241919 -0.000238887 -0.016836 0.0861624 -0.000236317 0.000571159 0.000241919 -0.000236317 0.010782 -0.0190713 -0.000238887 0.000571159 -0.0190713 0.0910661 
0.00878353 -0.0168402 0.00027377 -0.00027801 -0.0168402 0.0860848 -0.000282269 0.000658076 0.00027377 -0.000282269 0.0107445 -0.0190213 -0.00027801 0.000658076 -0.0190213 0.0909382 
0.00880949 -0.0169126 0.000280994 -0.000314686 -0.0169126 0.086272 -0.000324118 0.000758936 0.000280994 -0.000324118 0.0107328 -0.0189891 -0.000314686 0.000758936 -0.0189891 0.0908984 
0.00880958 -0.0169438 0.000255928 -0.000320825 -0.0169438 0.0863988 -0.000332636 0.000810773 0.000255928 -0.000332636 0.0107368 -0.0189695 -0.000320825 0.000810773 -0.0189695 0.0908386 
0.00885925 -0.0170325 0.000222149 -0.000290232 -0.0170325 0.0869055 -0.00030212 0.000780394 0.000222149 -0.00030212 0.0107867 -0.0190802 -0.000290232 0.000780394 -0.0190802 0.0913227 
0.00880627 -0.0169676 0.000182644 -0.000254139 -0.0169676 0.086585 -0.000255225 0.000694233 0.000182644 -0.000255225 0.010776 -0.0189983 -0.000254139 0.000694233 -0.0189983 0.0909688 
0.00876119 -0.016997 0.000199429 -0.000222014 -0.016997 0.0868051 -0.000209391 0.000608462 0.000199429 -0.000209391 0.010864 -0.0190744 -0.000222014 0.000608462 -0.0190744 0.0912255 
0.00857769 -0.0166452 0.000223157 -0.000230937 -0.0166452 0.0853098 -0.000220058 0.00057472 0.000223157 -0.000220058 0.0107281 -0.0188544 -0.000230937 0.00057472 -0.0188544 0.0899473 
0.00859192 -0.0166035 0.00025888 -0.000259399 -0.0166035 0.0852697 -0.000254942 0.000622556 0.00025888 -0.000254942 0.0107453 -0.0189455 -0.000259399 0.000622556 -0.0189455 0.0902953 
0.00873868 -0.016806 0.000274064 -0.000309061 -0.016806 0.0862656 -0.000305773 0.000730579 0.000274064 -0.000305773 0.0108812 -0.0191996 -0.000309061 0.000730579 -0.0191996 0.0915723 
0.00874347 -0.0168507 0.000252395 -0.000319296 -0.0168507 0.086278 -0.000314358 0.000784184 0.000252395 -0.000314358 0.010881 -0.0191703 -0.000319296 0.000784184 -0.0191703 0.0915048 
0.00874984 -0.0168552 0.000249838 -0.000292946 -0.0168552 0.0862669 -0.000286007 0.000756286 0.000249838 -0.000286007 0.010865 -0.0191482 -0.000292946 0.000756286 -0.0191482 0.091375 
0.00875132 -0.0168811 0.000262087 -0.000300854 -0.0168811 0.0863406 -0.000295213 0.000766018 0.000262087 -0.000295213 0.0108668 -0.0191384 -0.000300854 0.000766018 -0.0191384 0.0913414 
0.00867239 -0.0166607 0.000281381 -0.000311555 -0.0166607 0.0852378 -0.000312256 0.00079234 0.000281381 -0.000312256 0.0106991 -0.018893 -0.000311555 0.00079234 -0.018893 0.0901344 
0.00870236 -0.016734 0.000288311 -0.000330801 -0.016734 0.0854571 -0.000336176 0.000839108 0.000288311 -0.000336176 0.010698 -0.01889 -0.000330801 0.000839108 -0.01889 0.090227 
0.00872496 -0.0168094 0.000280943 -0.000330419 -0.0168094 0.0858051 -0.000330409 0.000838945 0.000280943 -0.000330409 0.0107198 -0.018921 -0.000330419 0.000838945 -0.018921 0.090428 
0.00874497 -0.0168144 0.000228378 -0.000324964 -0.0168144 0.0858967 -0.000319566 0.000825391 0.000228378 -0.000319566 0.0107151 -0.0189311 -0.000324964 0.000825391 -0.0189311 0.0904813 
0.00881365 -0.0168931 0.000242637 -0.000277948 -0.0168931 0.0862402 -0.000268391 0.000761711 0.000242637 -0.000268391 0.0107068 -0.0189792 -0.000277948 0.000761711 -0.0189792 0.0907716 
0.00881783 -0.0169187 0.000263428 -0.000273597 -0.0169187 0.08622 -0.000267538 0.0006947 0.000263428 -0.000267538 0.0106711 -0.0188872 -0.000273597 0.0006947 -0.0188872 0.0905186 
0.00875806 -0.0168708 0.000281657 -0.000294621 -0.0168708 0.0859393 -0.000297285 0.000718509 0.000281657 -0.000297285 0.0106385 -0.0187628 -0.000294621 0.000718509 -0.0187628 0.0899739 
0.00875119 -0.0167672 0.000269644 -0.000310119 -0.0167672 0.0855517 -0.000318838 0.000756572 0.000269644 -0.000318838 0.0105712 -0.018702 -0.000310119 0.000756572 -0.018702 0.0895589 
0.00892517 -0.0170615 0.000243629 -0.000299965 -0.0170615 0.0869314 -0.000311376 0.00076533 0.000243629 -0.000311376 0.0107256 -0.018995 -0.000299965 0.00076533 -0.018995 0.0910139 
0.00890459 -0.0170757 0.000241884 -0.000262747 -0.0170757 0.0868484 -0.000275635 0.000702599 0.000241884 -0.000275635 0.010709 -0.0189298 -0.000262747 0.000702599 -0.0189298 0.0907805 
0.00885837 -0.0170486 0.000234559 -0.000264871 -0.0170486 0.0867517 -0.00027636 0.000677097 0.000234559 -0.00027636 0.0107148 -0.0189032 -0.000264871 0.000677097 -0.0189032 0.0906112 
0.00884082 -0.0169694 0.000255352 -0.000267224 -0.0169694 0.08651 -0.00027258 0.000681055 0.000255352 -0.00027258 0.0106924 -0.0189024 -0.000267224 0.000681055 -0.0189024 0.0904951 
0.00883364 -0.0169788 0.000293086 -0.000289406 -0.0169788 0.0865348 -0.000288303 0.000704217 0.000293086 -0.000288303 0.0107068 -0.0189263 -0.000289406 0.000704217 -0.0189263 0.0906349 
0.00886507 -0.0170254 0.000320131 -0.000348622 -0.0170254 0.0868332 -0.000345203 0.00082235 0.000320131 -0.000345203 0.0107378 -0.0190132 -0.000348622 0.00082235 -0.0190132 0.0910428 
0.0088418 -0.0170108 0.000328246 -0.000377111 -0.0170108 0.0867707 -0.00037324 0.000918255 0.000328246 -0.00037324 0.0107484 -0.019001 -0.000377111 0.000918255 -0.019001 0.0910431 
0.00886079 -0.0169956 0.00033967 -0.0003873 -0.0169956 0.0867878 -0.000389127 0.000976247 0.00033967 -0.000389127 0.0107288 -0.0190372 -0.0003873 0.000976247 -0.0190372 0.0911736 
0.00886387 -0.0169927 0.000314039 -0.000392358 -0.0169927 0.0867094 -0.000395814 0.000993324 0.000314039 -0.000395814 0.0106936 -0.0189911 -0.000392358 0.000993324 -0.0189911 0.0910972 
0.00884866 -0.0169181 0.000245541 -0.000345802 -0.0169181 0.0863137 -0.000345869 0.000900323 0.000245541 -0.000345869 0.0106321 -0.0188779 -0.000345802 0.000900323 -0.0188779 0.0906441 
0.00885335 -0.0169392 0.000213289 -0.000266793 -0.0169392 0.0863043 -0.000259416 0.000726405 0.000213289 -0.000259416 0.0106277 -0.0188424 -0.000266793 0.000726405 -0.0188424 0.0905204 
0.00882661 -0.0168231 0.000198993 -0.00022557 -0.0168231 0.0856873 -0.000216081 0.000580022 0.000198993 -0.000216081 0.0105351 -0.0187003 -0.00022557 0.000580022 -0.0187003 0.0897979 
0.00883151 -0.0168639 0.000216217 -0.000215008 -0.0168639 0.0857035 -0.000208737 0.000525022 0.000216217 -0.000208737 0.0105058 -0.0186546 -0.000215008 0.000525022 -0.0186546 0.0896323 
0.00884483 -0.0168701 0.000255777 -0.000253229 -0.0168701 0.085716 -0.000250459 0.000593593 0.000255777 -0.000250459 0.0104744 -0.018623 -0.000253229 0.000593593 -0.018623 0.0895038 
0.008953 -0.01709 0.000279565 -0.000314335 -0.01709 0.0867685 -0.000309411 0.000737998 0.000279565 -0.000309411 0.0105961 -0.0188104 -0.000314335 0.000737998 -0.0188104 0.0904702 
0.00895345 -0.0171204 0.000261422 -0.000335995 -0.0171204 0.0869106 -0.000323829 0.000816408 0.000261422 -0.000323829 0.0106154 -0.0188334 -0.000335995 0.000816408 -0.0188334 0.0905419 
0.00898373 -0.017153 0.000253146 -0.000316934 -0.017153 0.087145 -0.000303028 0.000816654 0.000253146 -0.000303028 0.0106419 -0.0189119 -0.000316934 0.000816654 -0.0189119 0.0908531 
0.00887096 -0.0168916 0.000256703 -0.000306071 -0.0168916 0.085768 -0.000295758 0.000793555 0.000256703 -0.000295758 0.0104387 -0.0185969 -0.000306071 0.000793555 -0.0185969 0.0893947 
0.00889953 -0.0169593 0.000257106 -0.000298535 -0.0169593 0.0859667 -0.000298691 0.000771816 0.000257106 -0.000298691 0.0104239 -0.0185714 -0.000298535 0.000771816 -0.0185714 0.0894159 
0.00888301 -0.0169607 0.000258903 -0.000284881 -0.0169607 0.0859462 -0.000292815 0.000736764 0.000258903 -0.000292815 0.0104145 -0.0185167 -0.000284881 0.000736764 -0.0185167 0.0892205 
0.00897942 -0.0172121 0.000261396 -0.000277473 -0.0172121 0.0872797 -0.000288881 0.000701676 0.000261396 -0.000288881 0.010599 -0.0187976 -0.000277473 0.000701676 -0.0187976 0.0905383 
0.00891046 -0.0171204 0.000261705 -0.000280187 -0.0171204 0.0869989 -0.000287817 0.00068672 0.000261705 -0.000287817 0.0105987 -0.0187861 -0.000280187 0.00068672 -0.0187861 0.0903711 
0.00885377 -0.0169181 0.000257074 -0.000293452 -0.0169181 0.0861936 -0.000293262 0.00070619 0.000257074 -0.000293262 0.0105307 -0.0187105 -0.000293452 0.00070619 -0.0187105 0.0898875 
0.00887622 -0.0169376 0.000259202 -0.000306385 -0.0169376 0.0862092 -0.000306997 0.000760925 0.000259202 -0.000306997 0.0105411 -0.0187568 -0.000306385 0.000760925 -0.0187568 0.0901317 
0.0088777 -0.0170105 0.000235628 -0.000300944 -0.0170105 0.0864825 -0.000303215 0.000768218 0.000235628 -0.000303215 0.0105823 -0.0188017 -0.000300944 0.000768218 -0.0188017 0.0904243 
0.00883615 -0.0170131 0.000218542 -0.000268077 -0.0170131 0.0866081 -0.000270554 0.000712561 0.000218542 -0.000270554 0.0106484 -0.0188428 -0.000268077 0.000712561 -0.0188428 0.0905933 
0.00879517 -0.0169337 0.000243586 -0.000244506 -0.0169337 0.0864462 -0.000251985 0.000652951 0.000243586 -0.000251985 0.0106721 -0.018893 -0.000244506 0.000652951 -0.018893 0.0906556 
0.0087971 -0.0169392 0.00024289 -0.000276529 -0.0169392 0.0866049 -0.000285277 0.000678875 0.00024289 -0.000285277 0.0107376 -0.0190073 -0.000276529 0.000678875 -0.0190073 0.0911239 
0.00880955 -0.0168997 0.000233183 -0.000283933 -0.0168997 0.0864872 -0.000285795 0.000712025 0.000233183 -0.000285795 0.0107367 -0.0190485 -0.000283933 0.000712025 -0.0190485 0.0912636 
0.00883294 -0.0168923 0.000218938 -0.000270566 -0.0168923 0.0863398 -0.000264473 0.000687926 0.000218938 -0.000264473 0.0106985 -0.0190117 -0.000270566 0.000687926 -0.0190117 0.0911612 
0.00887327 -0.0169471 0.000189049 -0.000233243 -0.0169471 0.0864612 -0.000232286 0.000600012 0.000189049 -0.000232286 0.0106787 -0.0189921 -0.000233243 0.000600012 -0.0189921 0.0911612 
0.00890413 -0.0169951 0.00022163 -0.000195635 -0.0169951 0.0865777 -0.000205156 0.000516984 0.00022163 -0.000205156 0.0106544 -0.0189569 -0.000195635 0.000516984 -0.0189569 0.0910739 
0.00886453 -0.017004 0.000181991 -0.000221733 -0.017004 0.0865005 -0.000234238 0.000508612 0.000181991 -0.000234238 0.0106394 -0.0188627 -0.000221733 0.000508612 -0.0188627 0.0907134 
0.00885727 -0.0169508 0.000167343 -0.000190502 -0.0169508 0.0863679 -0.00019814 0.000483531 0.000167343 -0.00019814 0.010622 -0.0188514 -0.000190502 0.000483531 -0.0188514 0.0905395 
0.00892659 -0.0170335 0.000196383 -0.000198162 -0.0170335 0.0867513 -0.000202085 0.00050326 0.000196383 -0.000202085 0.0106247 -0.0189359 -0.000198162 0.00050326 -0.0189359 0.0909434 
0.00879229 -0.0168372 0.000218582 -0.000223494 -0.0168372 0.0856266 -0.000223612 0.000536851 0.000218582 -0.000223612 0.0104733 -0.0186239 -0.000223494 0.000536851 -0.0186239 0.089621 
0.00877096 -0.0168125 0.000232078 -0.000250995 -0.0168125 0.0856041 -0.000243456 0.000588047 0.000232078 -0.000243456 0.0104993 -0.0186179 -0.000250995 0.000588047 -0.0186179 0.0895627 
0.00876514 -0.0167921 0.000252815 -0.000274313 -0.0167921 0.0855722 -0.000261709 0.000648045 0.000252815 -0.000261709 0.0105267 -0.0186544 -0.000274313 0.000648045 -0.0186544 0.0896208 
0.0088073 -0.0168558 0.000264875 -0.00029947 -0.0168558 0.0859127 -0.000287492 0.00070965 0.000264875 -0.000287492 0.0105796 -0.0187735 -0.00029947 0.00070965 -0.0187735 0.0901058 
0.00883329 -0.0169038 0.000265653 -0.000316787 -0.0169038 0.0861123 -0.00030909 0.000773229 0.000265653 -0.00030909 0.0106159 -0.0188215 -0.000316787 0.000773229 -0.0188215 0.0903513 
0.00883109 -0.0169528 0.000252724 -0.000308918 -0.0169528 0.0863096 -0.000305202 0.000779992 0.000252724 -0.000305202 0.010656 -0.0188496 -0.000308918 0.000779992 -0.0188496 0.0904796 
0.00881328 -0.0169155 0.000252553 -0.000290995 -0.0169155 0.0862023 -0.00029214 0.000755767 0.000252553 -0.00029214 0.0106624 -0.0188456 -0.000290995 0.000755767 -0.0188456 0.0903663 
0.00880919 -0.0169443 0.000275346 -0.000291892 -0.0169443 0.0863682 -0.000298442 0.000752717 0.000275346 -0.000298442 0.0107131 -0.0189094 -0.000291892 0.000752717 -0.0189094 0.0905971 
0.00881875 -0.0169851 0.000259326 -0.000303234 -0.0169851 0.0866804 -0.000311813 0.000754763 0.000259326 -0.000311813 0.0107745 -0.0190303 -0.000303234 0.000754763 -0.0190303 0.0910687 
0.0088137 -0.0169661 0.000264223 -0.000290079 -0.0169661 0.0866843 -0.000292877 0.000738722 0.000264223 -0.000292877 0.010787 -0.0190692 -0.000290079 0.000738722 -0.0190692 0.0912332 
0.0088295 -0.0169583 0.000271322 -0.00029143 -0.0169583 0.0866942 -0.000288042 0.000714142 0.000271322 -0.000288042 0.0107917 -0.0191019 -0.00029143 0.000714142 -0.0191019 0.0913959 
0.00877955 -0.0168855 0.000266026 -0.000307688 -0.0168855 0.0862737 -0.000304372 0.000743033 0.000266026 -0.000304372 0.0107678 -0.0190068 -0.000307688 0.000743033 -0.0190068 0.090995 
0.00875753 -0.016844 0.000258549 -0.000319237 -0.016844 0.0860934 -0.000310142 0.000790665 0.000258549 -0.000310142 0.0107713 -0.0189976 -0.000319237 0.000790665 -0.0189976 0.0908546 
0.00877627 -0.0168617 0.000250247 -0.00031028 -0.0168617 0.0861644 -0.000293241 0.00078219 0.000250247 -0.000293241 0.0107694 -0.0190295 -0.00031028 0.00078219 -0.0190295 0.0909497 
0.00882856 -0.0169261 0.000266866 -0.000292932 -0.0169261 0.0864591 -0.000279641 0.000746292 0.000266866 -0.000279641 0.0107939 -0.0190926 -0.000292932 0.000746292 -0.0190926 0.0912747 
0.00874581 -0.016742 0.00027169 -0.000297394 -0.016742 0.0854071 -0.000298721 0.000739102 0.00027169 -0.000298721 0.0106189 -0.0188262 -0.000297394 0.000739102 -0.0188262 0.090059 
0.00875296 -0.0168286 0.000249524 -0.000300339 -0.0168286 0.0856992 -0.000310157 0.000752129 0.000249524 -0.000310157 0.0106326 -0.0187973 -0.000300339 0.000752129 -0.0187973 0.0900789 
0.00878193 -0.016826 0.0002394 -0.000271302 -0.016826 0.0857806 -0.000282642 0.000712816 0.0002394 -0.000282642 0.010598 -0.0187891 -0.000271302 0.000712816 -0.0187891 0.0900064 
0.00893439 -0.0170776 0.000267434 -0.000265975 -0.0170776 0.086971 -0.000278222 0.000691247 0.000267434 -0.000278222 0.0107164 -0.0189953 -0.000265975 0.000691247 -0.0189953 0.0911057 
0.00887744 -0.0170486 0.000298178 -0.000299453 -0.0170486 0.0866927 -0.000312502 0.000737772 0.000298178 -0.000312502 0.0107055 -0.0188839 -0.000299453 0.000737772 -0.0188839 0.0906181 
0.00885574 -0.0170074 0.000293332 -0.000345231 -0.0170074 0.0866074 -0.000354366 0.000839476 0.000293332 -0.000354366 0.0107273 -0.0189154 -0.000345231 0.000839476 -0.0189154 0.0905717 
0.00878448 -0.0169316 0.000283082 -0.000341234 -0.0169316 0.0862639 -0.000344076 0.00087364 0.000283082 -0.000344076 0.0107217 -0.0188903 -0.000341234 0.00087364 -0.0188903 0.0903553 
0.00872533 -0.0168141 0.000264269 -0.000325522 -0.0168141 0.0858193 -0.000324271 0.000842738 0.000264269 -0.000324271 0.0106899 -0.0188573 -0.000325522 0.000842738 -0.0188573 0.0901096 
0.00872455 -0.0167981 0.000282564 -0.000305541 -0.0167981 0.085811 -0.000301543 0.00079655 0.000282564 -0.000301543 0.0106865 -0.0189026 -0.000305541 0.00079655 -0.0189026 0.0903167 
0.00875037 -0.016817 0.000296858 -0.000323259 -0.016817 0.0859383 -0.00032293 0.000801352 0.000296858 -0.00032293 0.0106983 -0.0189417 -0.000323259 0.000801352 -0.0189417 0.0905869 
0.00877528 -0.0168409 0.000303702 -0.000343887 -0.0168409 0.0860211 -0.000349408 0.000855957 0.000303702 -0.000349408 0.0106993 -0.0189471 -0.000343887 0.000855957 -0.0189471 0.0906897 
0.00875806 -0.0168561 0.000273936 -0.0003393 -0.0168561 0.0860383 -0.000345209 0.000857809 0.000273936 -0.000345209 0.0107109 -0.0189292 -0.0003393 0.000857809 -0.0189292 0.090654 
0.00873818 -0.0168548 0.000239085 -0.000314837 -0.0168548 0.0861042 -0.00031402 0.000820825 0.000239085 -0.00031402 0.0107414 -0.0189529 -0.000314837 0.000820825 -0.0189529 0.090718 
0.00876323 -0.0168354 0.00025207 -0.000277411 -0.0168354 0.0861312 -0.000267279 0.000734568 0.00025207 -0.000267279 0.0107343 -0.0190052 -0.000277411 0.000734568 -0.0190052 0.0908773 
0.00876264 -0.0167793 0.000261182 -0.000295781 -0.0167793 0.0857608 -0.000281345 0.000721515 0.000261182 -0.000281345 0.0106776 -0.0189119 -0.000295781 0.000721515 -0.0189119 0.0905227 
0.00876768 -0.0167943 0.000229127 -0.000298824 -0.0167943 0.0856644 -0.000285219 0.00072319 0.000229127 -0.000285219 0.0106439 -0.0188462 -0.000298824 0.00072319 -0.0188462 0.0902727 
0.00879337 -0.0169147 0.000193353 -0.000257623 -0.0169147 0.0861917 -0.000245383 0.000660293 0.000193353 -0.000245383 0.0106987 -0.0189157 -0.000257623 0.000660293 -0.0189157 0.0906359 
0.0088066 -0.016966 0.000190268 -0.000223825 -0.016966 0.0865658 -0.000219616 0.000598852 0.000190268 -0.000219616 0.0107546 -0.0190002 -0.000223825 0.000598852 -0.0190002 0.0909908 
0.0088022 -0.0169489 0.000212784 -0.000215584 -0.0169489 0.0865914 -0.000223073 0.000569913 0.000212784 -0.000223073 0.010783 -0.0190345 -0.000215584 0.000569913 -0.0190345 0.091101 
0.0086677 -0.0167262 0.000224479 -0.000234848 -0.0167262 0.0854716 -0.000251357 0.000595936 0.000224479 -0.000251357 0.0106769 -0.0188127 -0.000234848 0.000595936 -0.0188127 0.0899895 
0.00865756 -0.0167319 0.000191612 -0.000242935 -0.0167319 0.0855833 -0.000262231 0.000620987 0.000191612 -0.000262231 0.0107154 -0.0188742 -0.000242935 0.000620987 -0.0188742 0.0901968 
0.00865346 -0.016678 0.000198699 -0.000219441 -0.016678 0.0854195 -0.000237109 0.000614311 0.000198699 -0.000237109 0.0107041 -0.0188874 -0.000219441 0.000614311 -0.0188874 0.0901916 
0.00863738 -0.0166631 0.000198314 -0.000207404 -0.0166631 0.0852917 -0.00022553 0.000557686 0.000198314 -0.00022553 0.0106922 -0.0188604 -0.000207404 0.000557686 -0.0188604 0.0901112 
0.00860939 -0.0166558 0.000178068 -0.000209968 -0.0166558 0.0852708 -0.000230017 0.000547762 0.000178068 -0.000230017 0.0107059 -0.0188517 -0.000209968 0.000547762 -0.0188517 0.0900794 
0.0085932 -0.0165884 0.000150923 -0.000182318 -0.0165884 0.0850485 -0.000197748 0.000492654 0.000150923 -0.000197748 0.0106844 -0.0188375 -0.000182318 0.000492654 -0.0188375 0.0899366 
0.00873527 -0.0168289 0.000171394 -0.000171453 -0.0168289 0.0862572 -0.000178835 0.00046283 0.000171394 -0.000178835 0.010829 -0.0191124 -0.000171453 0.00046283 -0.0191124 0.0912707 
0.00874539 -0.0168016 0.000188353 -0.000189726 -0.0168016 0.0860365 -0.000187824 0.000456606 0.000188353 -0.000187824 0.0107696 -0.0190477 -0.000189726 0.000456606 -0.0190477 0.0910058 
0.00875757 -0.0167566 0.000163444 -0.00021242 -0.0167566 0.0856835 -0.00020693 0.000496328 0.000163444 -0.00020693 0.0106947 -0.0189333 -0.00021242 0.000496328 -0.0189333 0.0905428 
0.00882321 -0.0168832 9.97078e-05 -0.000182009 -0.0168832 0.086081 -0.000174791 0.000463844 9.97078e-05 -0.000174791 0.0106899 -0.0189441 -0.000182009 0.000463844 -0.0189441 0.0906903 
0.00882449 -0.01698 6.53189e-05 -0.000117641 -0.01698 0.0864176 -0.000107303 0.000354494 6.53189e-05 -0.000107303 0.0107088 -0.018916 -0.000117641 0.000354494 -0.018916 0.0906726 
0.00885663 -0.0170533 6.67384e-05 -7.05893e-05 -0.0170533 0.0869211 -6.39077e-05 0.000228388 6.67384e-05 -6.39077e-05 0.0107587 -0.0190136 -7.05893e-05 0.000228388 -0.0190136 0.0910621 
0.0086975 -0.0167999 0.000100844 -7.83757e-05 -0.0167999 0.085686 -7.87573e-05 0.000208966 0.000100844 -7.87573e-05 0.0106084 -0.0187292 -7.83757e-05 0.000208966 -0.0187292 0.0897162 
0.00868869 -0.0167855 0.000125383 -0.000107202 -0.0167855 0.0857759 -0.000108155 0.000237521 0.000125383 -0.000108155 0.0106372 -0.0187742 -0.000107202 0.000237521 -0.0187742 0.0898917 
0.00869222 -0.0167625 0.000127579 -0.000131792 -0.0167625 0.085755 -0.000134258 0.000290562 0.000127579 -0.000134258 0.0106356 -0.0188031 -0.000131792 0.000290562 -0.0188031 0.0900052 
0.00866232 -0.0166853 0.000104664 -0.000136825 -0.0166853 0.0853769 -0.000141131 0.000325757 0.000104664 -0.000141131 0.0106116 -0.0187362 -0.000136825 0.000325757 -0.0187362 0.0897241 
0.00879928 -0.0169263 0.000125829 -0.000126672 -0.0169263 0.0865891 -0.00013261 0.00034485 0.000125829 -0.00013261 0.0107807 -0.0190256 -0.000126672 0.00034485 -0.0190256 0.0910723 
0.00877528 -0.0168882 0.000174402 -0.000146427 -0.0168882 0.0863225 -0.000152565 0.000366975 0.000174402 -0.000152565 0.01076 -0.0189755 -0.000146427 0.000366975 -0.0189755 0.0908008 
0.00877747 -0.0169255 0.000196865 -0.000195073 -0.0169255 0.086487 -0.000198931 0.000440634 0.000196865 -0.000198931 0.0107806 -0.0190195 -0.000195073 0.000440634 -0.0190195 0.0909685 
0.00877726 -0.0169265 0.000198206 -0.000215747 -0.0169265 0.0865628 -0.000218329 0.000499526 0.000198206 -0.000218329 0.0107892 -0.0190513 -0.000215747 0.000499526 -0.0190513 0.0911063 
0.00877152 -0.0169438 0.00019446 -0.000222724 -0.0169438 0.0866938 -0.000223455 0.000535536 0.00019446 -0.000223455 0.0108219 -0.0190903 -0.000222724 0.000535536 -0.0190903 0.0913135 
0.00861898 -0.0166688 0.00018099 -0.000222941 -0.0166688 0.0853809 -0.000222045 0.000551324 0.00018099 -0.000222045 0.0106831 -0.0188341 -0.000222941 0.000551324 -0.0188341 0.0900476 
0.00860523 -0.0166402 0.000164674 -0.000216068 -0.0166402 0.0853173 -0.000208653 0.000545854 0.000164674 -0.000208653 0.0106922 -0.0188504 -0.000216068 0.000545854 -0.0188504 0.090097 
0.00856004 -0.0165685 0.00014527 -0.000202268 -0.0165685 0.0849815 -0.000185451 0.000515429 0.00014527 -0.000185451 0.0106716 -0.0187903 -0.000202268 0.000515429 -0.0187903 0.089808 
0.00874627 -0.0168218 0.000171574 -0.000181723 -0.0168218 0.086356 -0.000165622 0.000474647 0.000171574 -0.000165622 0.0108218 -0.0191345 -0.000181723 0.000474647 -0.0191345 0.0913813 
0.00874181 -0.0167925 0.000163572 -0.000186116 -0.0167925 0.086021 -0.000185102 0.000452534 0.000163572 -0.000185102 0.0107677 -0.0190316 -0.000186116 0.000452534 -0.0190316 0.09101 
0.00878953 -0.0168604 0.000167822 -0.000180228 -0.0168604 0.0862192 -0.000187827 0.000458048 0.000167822 -0.000187827 0.010741 -0.0190283 -0.000180228 0.000458048 -0.0190283 0.0910432 
