0.00763765 0 0.000134867 0 0 0.00989497 0 0 0.000134867 0 0.00666471 0 0 0 0 0.00989497 
0.0108406 -0.0134348 0.000200157 -0.00024325 -0.0134348 0.0348449 -0.00024325 0.000467035 0.000200157 -0.00024325 0.00942081 -0.0117173 -0.00024325 0.000467035 -0.0117173 0.0315517 
0.0108175 -0.0198728 0.000190236 -0.000268872 -0.0198728 0.0725292 -0.000268872 0.000837752 0.000190236 -0.000268872 0.00953374 -0.0180596 -0.000268872 0.000837752 -0.0180596 0.066927 
0.010071 -0.0189111 0.00019411 -0.00019948 -0.0189111 0.0836918 -0.000197159 0.00062385 0.00019411 -0.000197159 0.00884954 -0.0176425 -0.00019948 0.00062385 -0.0176425 0.0798757 
0.0101456 -0.0184194 0.000225989 -0.000240313 -0.0184194 0.0871737 -0.000232956 0.000650954 0.000225989 -0.000232956 0.00889234 -0.0170856 -0.000240313 0.000650954 -0.0170856 0.0836872 
0.0103104 -0.0184054 0.000206462 -0.000270765 -0.0184054 0.0883888 -0.000264739 0.000710085 0.000206462 -0.000264739 0.00901281 -0.016961 -0.000270765 0.000710085 -0.016961 0.0845837 
0.010515 -0.0186907 0.000211775 -0.000260593 -0.0186907 0.0898687 -0.000261951 0.000738088 0.000211775 -0.000261951 0.00919601 -0.017193 -0.000260593 0.000738088 -0.017193 0.0859272 
0.0105687 -0.018774 0.000201501 -0.000248751 -0.018774 0.0902648 -0.000252657 0.000692106 0.000201501 -0.000252657 0.00924718 -0.0173114 -0.000248751 0.000692106 -0.0173114 0.0864731 
0.0105898 -0.0187887 0.000204887 -0.00022733 -0.0187887 0.0903035 -0.000230299 0.00062281 0.000204887 -0.000230299 0.00921692 -0.017327 -0.00022733 0.00062281 -0.017327 0.086619 
0.0105703 -0.0187773 0.000218116 -0.000230631 -0.0187773 0.0901175 -0.000228865 0.000590459 0.000218116 -0.000228865 0.00914732 -0.0172089 -0.000230631 0.000590459 -0.0172089 0.086258 
0.0105849 -0.0188592 0.000225947 -0.000241444 -0.0188592 0.0904481 -0.000238375 0.000586866 0.000225947 -0.000238375 0.009157 -0.0171788 -0.000241444 0.000586866 -0.0171788 0.0862616 
0.0105381 -0.0187762 0.000218384 -0.000248142 -0.0187762 0.0901242 -0.000249641 0.00060091 0.000218384 -0.000249641 0.0091136 -0.0170918 -0.000248142 0.00060091 -0.0170918 0.0857879 
0.0105791 -0.0188808 0.000211732 -0.000246449 -0.0188808 0.0906709 -0.000248814 0.000613268 0.000211732 -0.000248814 0.00919027 -0.0172036 -0.000246449 0.000613268 -0.0172036 0.0863068 
0.0105331 -0.0188156 0.000221299 -0.000248609 -0.0188156 0.0904684 -0.000248741 0.000631513 0.000221299 -0.000248741 0.00919268 -0.017219 -0.000248609 0.000631513 -0.017219 0.0862673 
0.0104886 -0.0187286 0.000252293 -0.000252005 -0.0187286 0.0901722 -0.000255835 0.000636763 0.000252293 -0.000255835 0.00919897 -0.0172279 -0.000252005 0.000636763 -0.0172279 0.0862474 
0.010497 -0.0186817 0.000258361 -0.000284056 -0.0186817 0.0900089 -0.000293564 0.000690255 0.000258361 -0.000293564 0.0092073 -0.0172654 -0.000284056 0.000690255 -0.0172654 0.0863647 
0.0105118 -0.0187418 0.000261266 -0.000294389 -0.0187418 0.0901489 -0.000299128 0.000732969 0.000261266 -0.000299128 0.00926705 -0.0172847 -0.000294389 0.000732969 -0.0172847 0.0865085 
0.0105495 -0.0187456 0.000227916 -0.000301618 -0.0187456 0.0902007 -0.000298104 0.000751511 0.000227916 -0.000298104 0.00927789 -0.0173667 -0.000301618 0.000751511 -0.0173667 0.0866914 
0.010552 -0.0187669 0.000206003 -0.000254712 -0.0187669 0.0901549 -0.000253372 0.000679206 0.000206003 -0.000253372 0.00924283 -0.0173465 -0.000254712 0.000679206 -0.0173465 0.0866365 
0.0105809 -0.0188045 0.000208911 -0.000228953 -0.0188045 0.0903034 -0.000230787 0.00060462 0.000208911 -0.000230787 0.00920811 -0.0173284 -0.000228953 0.00060462 -0.0173284 0.0866625 
0.0105977 -0.0188587 0.000206298 -0.000234072 -0.0188587 0.0904997 -0.000231019 0.000580054 0.000206298 -0.000231019 0.00922105 -0.0172902 -0.000234072 0.000580054 -0.0172902 0.0866409 
0.0106001 -0.0188982 0.000181115 -0.000231493 -0.0188982 0.0906809 -0.000221506 0.000564085 0.000181115 -0.000221506 0.00924851 -0.0172901 -0.000231493 0.000564085 -0.0172901 0.0866176 
0.0106234 -0.0189344 0.000197818 -0.000207991 -0.0189344 0.090937 -0.000197522 0.000528025 0.000197818 -0.000197522 0.00930227 -0.0173655 -0.000207991 0.000528025 -0.0173655 0.0868686 
0.0105646 -0.0188278 0.000234565 -0.000217177 -0.0188278 0.090477 -0.000212216 0.000515213 0.000234565 -0.000212216 0.0092682 -0.0173355 -0.000217177 0.000515213 -0.0173355 0.0865862 
0.0105585 -0.0188282 0.000250203 -0.000252713 -0.0188282 0.0905008 -0.000250501 0.000564454 0.000250203 -0.000250501 0.00927092 -0.0173654 -0.000252713 0.000564454 -0.0173654 0.0867336 
0.0105516 -0.0188173 0.000233401 -0.000265034 -0.0188173 0.0904626 -0.000265523 0.00060403 0.000233401 -0.000265523 0.00924221 -0.0173392 -0.000265034 0.00060403 -0.0173392 0.0866827 
0.0105068 -0.0187746 0.000244028 -0.000258038 -0.0187746 0.0902763 -0.000258223 0.000622712 0.000244028 -0.000258223 0.00921354 -0.0172759 -0.000258038 0.000622712 -0.0172759 0.0864575 
0.0105437 -0.0188299 0.000247861 -0.000278889 -0.0188299 0.0906417 -0.000280917 0.000668774 0.000247861 -0.000280917 0.00926231 -0.0173474 -0.000278889 0.000668774 -0.0173474 0.0868313 
0.0105459 -0.0187864 0.000260091 -0.000278521 -0.0187864 0.090463 -0.000282917 0.00068905 0.000260091 -0.000282917 0.00919976 -0.0173297 -0.000278521 0.00068905 -0.0173297 0.086715 
0.0104773 -0.0186719 0.000233379 -0.000293929 -0.0186719 0.0898685 -0.000296912 0.000718614 0.000233379 -0.000296912 0.00911751 -0.0171927 -0.000293929 0.000718614 -0.0171927 0.0861931 
0.0105298 -0.0188017 0.000247243 -0.000265597 -0.0188017 0.0904713 -0.000267222 0.000691773 0.000247243 -0.000267222 0.00915645 -0.0172495 -0.000265597 0.000691773 -0.0172495 0.0866297 
0.0104644 -0.0187171 0.000227666 -0.000276254 -0.0187171 0.0901034 -0.000274956 0.000676319 0.000227666 -0.000274956 0.00913131 -0.0171349 -0.000276254 0.000676319 -0.0171349 0.0861254 
0.0104621 -0.0187398 0.00021381 -0.000257493 -0.0187398 0.090283 -0.000257426 0.000654532 0.00021381 -0.000257426 0.00917566 -0.0171818 -0.000257493 0.000654532 -0.0171818 0.0862643 
0.0104828 -0.0187824 0.000171929 -0.000232728 -0.0187824 0.090596 -0.000237689 0.000599074 0.000171929 -0.000237689 0.00922682 -0.0172958 -0.000232728 0.000599074 -0.0172958 0.0867051 
0.0104378 -0.018682 0.000175567 -0.000184539 -0.018682 0.090167 -0.000192822 0.000509871 0.000175567 -0.000192822 0.00921708 -0.0172383 -0.000184539 0.000509871 -0.0172383 0.0864084 
0.0104433 -0.0186665 0.000180141 -0.000194746 -0.0186665 0.0901207 -0.000201027 0.000489315 0.000180141 -0.000201027 0.00924905 -0.0173026 -0.000194746 0.000489315 -0.0173026 0.0865857 
0.010383 -0.0185804 0.000183524 -0.000202159 -0.0185804 0.0896748 -0.000205702 0.000502057 0.000183524 -0.000205702 0.00921559 -0.0172652 -0.000202159 0.000502057 -0.0172652 0.0863307 
0.0103939 -0.0185762 0.000219339 -0.000204039 -0.0185762 0.0896771 -0.000209456 0.00051152 0.000219339 -0.000209456 0.00919754 -0.0172677 -0.000204039 0.00051152 -0.0172677 0.0863809 
0.0104039 -0.0185607 0.000242901 -0.000237903 -0.0185607 0.0895673 -0.000246354 0.000557155 0.000242901 -0.000246354 0.00916845 -0.017226 -0.000237903 0.000557155 -0.017226 0.0862607 
0.0104968 -0.0187605 0.000264832 -0.000260616 -0.0187605 0.0904101 -0.000268663 0.00060663 0.000264832 -0.000268663 0.00924442 -0.0173301 -0.000260616 0.00060663 -0.0173301 0.0868861 
0.0104763 -0.0187682 0.000289206 -0.00029072 -0.0187682 0.0904588 -0.000289271 0.000663113 0.000289206 -0.000289271 0.00926811 -0.0173203 -0.00029072 0.000663113 -0.0173203 0.0868082 
0.0104435 -0.0186999 0.000291727 -0.000334655 -0.0186999 0.0902311 -0.00032069 0.000753866 0.000291727 -0.00032069 0.00927102 -0.0173156 -0.000334655 0.000753866 -0.0173156 0.0866486 
0.0103969 -0.0186398 0.000306035 -0.000334121 -0.0186398 0.0899961 -0.000321085 0.000788002 0.000306035 -0.000321085 0.00929851 -0.0173345 -0.000334121 0.000788002 -0.0173345 0.0866232 
0.0103572 -0.0185442 0.000303244 -0.000331351 -0.0185442 0.0896175 -0.000333312 0.000786601 0.000303244 -0.000333312 0.00927801 -0.0173321 -0.000331351 0.000786601 -0.0173321 0.0864745 
0.0103813 -0.0185857 0.000314304 -0.000323524 -0.0185857 0.0897999 -0.000336374 0.000782325 0.000314304 -0.000336374 0.00927095 -0.0173861 -0.000323524 0.000782325 -0.0173861 0.0867626 
0.0104194 -0.0186466 0.000309383 -0.000331543 -0.0186466 0.0900929 -0.000345812 0.000783594 0.000309383 -0.000345812 0.00926806 -0.017416 -0.000331543 0.000783594 -0.017416 0.0870493 
0.0103319 -0.0185342 0.000284705 -0.000319507 -0.0185342 0.0895188 -0.000328987 0.00075369 0.000284705 -0.000328987 0.00919232 -0.0172422 -0.000319507 0.00075369 -0.0172422 0.0863478 
0.0103721 -0.0186252 0.000273555 -0.000296568 -0.0186252 0.0900414 -0.00030135 0.000703202 0.000273555 -0.00030135 0.0092589 -0.0173201 -0.000296568 0.000703202 -0.0173201 0.0867619 
0.0103126 -0.0185579 0.000277088 -0.000283238 -0.0185579 0.0897846 -0.000284421 0.000654373 0.000277088 -0.000284421 0.00927696 -0.0172868 -0.000283238 0.000654373 -0.0172868 0.0865235 
0.0103061 -0.0184708 0.000269809 -0.00029227 -0.0184708 0.0894893 -0.000290362 0.000652204 0.000269809 -0.000290362 0.00922767 -0.0172934 -0.00029227 0.000652204 -0.0172934 0.0863831 
0.0103776 -0.0185904 0.000298192 -0.000287424 -0.0185904 0.0899692 -0.000285278 0.000650389 0.000298192 -0.000285278 0.00926164 -0.0173653 -0.000287424 0.000650389 -0.0173653 0.0868802 
0.0103755 -0.0185715 0.000335481 -0.000318055 -0.0185715 0.0898122 -0.000316881 0.000692602 0.000335481 -0.000316881 0.00923256 -0.0173027 -0.000318055 0.000692602 -0.0173027 0.0866412 
0.0103909 -0.0186324 0.000366495 -0.000368375 -0.0186324 0.090022 -0.000368504 0.000801399 0.000366495 -0.000368504 0.00926047 -0.0173099 -0.000368375 0.000801399 -0.0173099 0.0867072 
0.0103391 -0.0185892 0.000370949 -0.000411486 -0.0185892 0.0898392 -0.000411209 0.00092437 0.000370949 -0.000411209 0.00924946 -0.0172836 -0.000411486 0.00092437 -0.0172836 0.0864888 
0.0103495 -0.0185791 0.000374164 -0.000409522 -0.0185791 0.0899162 -0.00041282 0.00096488 0.000374164 -0.00041282 0.00925346 -0.0173263 -0.000409522 0.00096488 -0.0173263 0.086648 
0.0103347 -0.0185186 0.000393493 -0.000403935 -0.0185186 0.0896456 -0.000410237 0.000954648 0.000393493 -0.000410237 0.00922721 -0.0172928 -0.000403935 0.000954648 -0.0172928 0.0865089 
0.0103199 -0.018497 0.000411785 -0.00042721 -0.018497 0.0894894 -0.000435262 0.000984261 0.000411785 -0.000435262 0.00922165 -0.0172594 -0.00042721 0.000984261 -0.0172594 0.086385 
0.0103258 -0.0184749 0.000417931 -0.000444717 -0.0184749 0.0893689 -0.000452868 0.00102254 0.000417931 -0.000452868 0.0092129 -0.0172465 -0.000444717 0.00102254 -0.0172465 0.0862819 
0.010423 -0.0186336 0.000405858 -0.000453883 -0.0186336 0.0900437 -0.000459728 0.00104967 0.000405858 -0.000459728 0.00926502 -0.017371 -0.000453883 0.00104967 -0.017371 0.0868999 
0.0104446 -0.0186933 0.000401902 -0.000449369 -0.0186933 0.0902492 -0.000451957 0.00106192 0.000401902 -0.000451957 0.00927327 -0.0173758 -0.000449369 0.00106192 -0.0173758 0.0869849 
0.0104478 -0.0186919 0.000368213 -0.000443644 -0.0186919 0.0902347 -0.000439594 0.00104344 0.000368213 -0.000439594 0.00927412 -0.0173467 -0.000443644 0.00104344 -0.0173467 0.0868541 
0.0104779 -0.0187463 0.000315823 -0.00040071 -0.0187463 0.0904345 -0.000390283 0.000960128 0.000315823 -0.000390283 0.0092722 -0.0173594 -0.00040071 0.000960128 -0.0173594 0.0868975 
0.0103986 -0.018593 0.000259894 -0.000336856 -0.018593 0.0897015 -0.000327729 0.000826186 0.000259894 -0.000327729 0.00919433 -0.0172219 -0.000336856 0.000826186 -0.0172219 0.086194 
0.0104955 -0.0187316 0.000235083 -0.000280437 -0.0187316 0.0903592 -0.000272703 0.000697383 0.000235083 -0.000272703 0.00926568 -0.0173554 -0.000280437 0.000697383 -0.0173554 0.0868558 
0.0105068 -0.0187621 0.000262884 -0.000251466 -0.0187621 0.0904286 -0.00024193 0.000599646 0.000262884 -0.00024193 0.00928824 -0.017372 -0.000251466 0.000599646 -0.017372 0.0869267 
0.0104322 -0.0186249 0.000272135 -0.000279492 -0.0186249 0.0897566 -0.000271524 0.000606373 0.000272135 -0.000271524 0.00921862 -0.0172618 -0.000279492 0.000606373 -0.0172618 0.0863054 
0.0104462 -0.018631 0.000260791 -0.000300158 -0.018631 0.0897654 -0.000294867 0.000669991 0.000260791 -0.000294867 0.00921576 -0.0172624 -0.000300158 0.000669991 -0.0172624 0.0863193 
0.0105149 -0.0187769 0.000212395 -0.000282696 -0.0187769 0.0903927 -0.000279606 0.000667545 0.000212395 -0.000279606 0.00927972 -0.0173605 -0.000282696 0.000667545 -0.0173605 0.0868429 
0.0105141 -0.0188004 0.000175598 -0.000228954 -0.0188004 0.0905453 -0.000224496 0.000583753 0.000175598 -0.000224496 0.00928761 -0.0174008 -0.000228954 0.000583753 -0.0174008 0.0869936 
0.0104361 -0.0186245 0.000156466 -0.000175537 -0.0186245 0.0897947 -0.000169585 0.000445514 0.000156466 -0.000169585 0.00921568 -0.0172778 -0.000175537 0.000445514 -0.0172778 0.0863841 
0.0105011 -0.0187225 0.000129623 -0.000148996 -0.0187225 0.0902397 -0.000144817 0.000347471 0.000129623 -0.000144817 0.00924569 -0.0173696 -0.000148996 0.000347471 -0.0173696 0.0868694 
0.0105075 -0.0187443 0.000130425 -0.000128601 -0.0187443 0.0902605 -0.000122135 0.000293952 0.000130425 -0.000122135 0.00925488 -0.0173206 -0.000128601 0.000293952 -0.0173206 0.0867536 
0.0104835 -0.0186795 0.000121326 -0.000132407 -0.0186795 0.0899168 -0.000123239 0.00027716 0.000121326 -0.000123239 0.00923016 -0.0172397 -0.000132407 0.00027716 -0.0172397 0.0862891 
0.0104664 -0.018663 0.000125745 -0.000132684 -0.018663 0.089807 -0.00012216 0.000290792 0.000125745 -0.00012216 0.00919519 -0.0172515 -0.000132684 0.000290792 -0.0172515 0.0862169 
0.0105022 -0.0187279 0.000128094 -0.00014241 -0.0187279 0.0901236 -0.000130593 0.000316439 0.000128094 -0.000130593 0.00921929 -0.0172836 -0.00014241 0.000316439 -0.0172836 0.0864929 
0.0104712 -0.0187147 0.000133504 -0.000141633 -0.0187147 0.0900937 -0.000128882 0.000323725 0.000133504 -0.000128882 0.00924257 -0.017294 -0.000141633 0.000323725 -0.017294 0.0865269 
0.0104978 -0.0187431 0.000138433 -0.000149693 -0.0187431 0.0903364 -0.000139081 0.000343971 0.000138433 -0.000139081 0.00924359 -0.0173769 -0.000149693 0.000343971 -0.0173769 0.0868634 
0.0104767 -0.0187018 0.000136427 -0.000160897 -0.0187018 0.0901263 -0.000160467 0.000391096 0.000136427 -0.000160467 0.00919398 -0.0172967 -0.000160897 0.000391096 -0.0172967 0.0866348 
0.0104494 -0.0186994 0.00012954 -0.000153754 -0.0186994 0.09008 -0.00016444 0.000408889 0.00012954 -0.00016444 0.00919325 -0.0172287 -0.000153754 0.000408889 -0.0172287 0.0864285 
0.0104249 -0.0186424 0.000130078 -0.00014698 -0.0186424 0.0899089 -0.000163194 0.00041222 0.000130078 -0.000163194 0.00920046 -0.0172181 -0.00014698 0.00041222 -0.0172181 0.0862754 
0.0104465 -0.0186656 0.00014256 -0.000150588 -0.0186656 0.0900689 -0.000166142 0.000422401 0.00014256 -0.000166142 0.00923794 -0.0173063 -0.000150588 0.000422401 -0.0173063 0.0865989 
0.0104353 -0.0186117 0.00013336 -0.000169996 -0.0186117 0.0897771 -0.000178746 0.000456129 0.00013336 -0.000178746 0.00920483 -0.0172591 -0.000169996 0.000456129 -0.0172591 0.0863728 
0.0105091 -0.0187322 9.67252e-05 -0.000154444 -0.0187322 0.0902857 -0.000156373 0.000432056 9.67252e-05 -0.000156373 0.00924285 -0.017359 -0.000154444 0.000432056 -0.017359 0.0868853 
0.0105034 -0.0186835 9.5674e-05 -0.000114446 -0.0186835 0.0900016 -0.000109864 0.000352075 9.5674e-05 -0.000109864 0.00919422 -0.0172848 -0.000114446 0.000352075 -0.0172848 0.0865726 
0.0105649 -0.0188025 0.000127522 -0.000106322 -0.0188025 0.0904553 -9.58246e-05 0.000283935 0.000127522 -9.58246e-05 0.00923556 -0.017334 -0.000106322 0.000283935 -0.017334 0.0868861 
0.0105294 -0.0188011 0.000193246 -0.000146538 -0.0188011 0.090404 -0.000136407 0.000325506 0.000193246 -0.000136407 0.00921963 -0.0173038 -0.000146538 0.000325506 -0.0173038 0.0867123 
0.0104241 -0.0186977 0.000239959 -0.000224629 -0.0186977 0.0899665 -0.000216808 0.00047348 0.000239959 -0.000216808 0.00918776 -0.0171862 -0.000224629 0.00047348 -0.0171862 0.0861561 
0.0103992 -0.018653 0.000265562 -0.000278777 -0.018653 0.0899572 -0.000276754 0.000629759 0.000265562 -0.000276754 0.00924018 -0.0172237 -0.000278777 0.000629759 -0.0172237 0.0862282 
0.0104603 -0.0187077 0.000275801 -0.00030814 -0.0187077 0.0903394 -0.000312295 0.000740634 0.000275801 -0.000312295 0.00929717 -0.0173852 -0.00030814 0.000740634 -0.0173852 0.0868393 
0.0104895 -0.0186814 0.000273154 -0.000311714 -0.0186814 0.0901762 -0.000318487 0.00077768 0.000273154 -0.000318487 0.00922308 -0.0173854 -0.000311714 0.00077768 -0.0173854 0.0868569 
0.0105066 -0.0187213 0.000267763 -0.000304293 -0.0187213 0.0902 -0.000312169 0.000767874 0.000267763 -0.000312169 0.00917822 -0.0173123 -0.000304293 0.000767874 -0.0173123 0.086786 
0.0104666 -0.0187011 0.000282608 -0.000297956 -0.0187011 0.0900228 -0.000309908 0.00075598 0.000282608 -0.000309908 0.00915669 -0.0171874 -0.000297956 0.00075598 -0.0171874 0.0863388 
0.0104314 -0.0186792 0.000293923 -0.00032126 -0.0186792 0.089993 -0.000338059 0.00079971 0.000293923 -0.000338059 0.00920009 -0.0171869 -0.00032126 0.00079971 -0.0171869 0.0862323 
0.0104288 -0.0186863 0.000298929 -0.000327888 -0.0186863 0.0901494 -0.000348198 0.000829193 0.000298929 -0.000348198 0.00924409 -0.0172905 -0.000327888 0.000829193 -0.0172905 0.0865276 
0.010441 -0.0186995 0.000299916 -0.000331135 -0.0186995 0.0903023 -0.000348932 0.000835269 0.000299916 -0.000348932 0.00930204 -0.017379 -0.000331135 0.000835269 -0.017379 0.0868995 
0.0103801 -0.018563 0.000332797 -0.000324763 -0.018563 0.0896701 -0.000336137 0.000808596 0.000332797 -0.000336137 0.0092551 -0.0173122 -0.000324763 0.000808596 -0.0173122 0.0864772 
0.0104006 -0.0185872 0.000361569 -0.00036243 -0.0185872 0.0897368 -0.000365103 0.000838438 0.000361569 -0.000365103 0.00924386 -0.0173329 -0.00036243 0.000838438 -0.0173329 0.0865952 
0.0104033 -0.0186017 0.000378863 -0.000390474 -0.0186017 0.0897338 -0.000385979 0.000881466 0.000378863 -0.000385979 0.00924951 -0.0172873 -0.000390474 0.000881466 -0.0172873 0.0864811 
0.010476 -0.0187402 0.000412357 -0.000427372 -0.0187402 0.0903593 -0.000420596 0.000969563 0.000412357 -0.000420596 0.00930513 -0.017381 -0.000427372 0.000969563 -0.017381 0.0869132 
0.0103861 -0.0186217 0.000407078 -0.000460022 -0.0186217 0.0898027 -0.000457129 0.00105149 0.000407078 -0.000457129 0.0092401 -0.01728 -0.000460022 0.00105149 -0.01728 0.0863518 
0.0103795 -0.0186497 0.000378681 -0.000450754 -0.0186497 0.0900152 -0.000453804 0.00107542 0.000378681 -0.000453804 0.00928464 -0.0173116 -0.000450754 0.00107542 -0.0173116 0.0865429 
0.0103303 -0.0185563 0.000393702 -0.00039991 -0.0185563 0.0897279 -0.000410468 0.000987334 0.000393702 -0.000410468 0.00929855 -0.0173217 -0.00039991 0.000987334 -0.0173217 0.0864558 
0.0103802 -0.0186203 0.000408934 -0.000420329 -0.0186203 0.0900977 -0.000430924 0.000975207 0.000408934 -0.000430924 0.00936177 -0.0174481 -0.000420329 0.000975207 -0.0174481 0.087005 
0.0103981 -0.0186391 0.000423093 -0.000447537 -0.0186391 0.0901839 -0.000448745 0.00102345 0.000423093 -0.000448745 0.00936738 -0.0175061 -0.000447537 0.00102345 -0.0175061 0.087255 
0.0103786 -0.0185882 0.000432488 -0.000467946 -0.0185882 0.0899051 -0.000459784 0.00106813 0.000432488 -0.000459784 0.00932447 -0.017439 -0.000467946 0.00106813 -0.017439 0.0870092 
0.0103558 -0.0185529 0.000430827 -0.000475487 -0.0185529 0.0896719 -0.000469996 0.00109471 0.000430827 -0.000469996 0.00929346 -0.0173573 -0.000475487 0.00109471 -0.0173573 0.0866837 
0.0103752 -0.0186432 0.000427688 -0.000469934 -0.0186432 0.0900858 -0.000471488 0.00109987 0.000427688 -0.000471488 0.00931487 -0.0174186 -0.000469934 0.00109987 -0.0174186 0.086985 
0.0102556 -0.0184795 0.000426496 -0.000460705 -0.0184795 0.0894303 -0.000468098 0.00108696 0.000426496 -0.000468098 0.00924392 -0.0172906 -0.000460705 0.00108696 -0.0172906 0.0863779 
0.0102663 -0.0184701 0.000448213 -0.000460113 -0.0184701 0.0895826 -0.0004744 0.00108828 0.000448213 -0.0004744 0.00926951 -0.0173472 -0.000460113 0.00108828 -0.0173472 0.0866747 
0.0102308 -0.0184492 0.000459425 -0.000482556 -0.0184492 0.0895063 -0.000498477 0.00112169 0.000459425 -0.000498477 0.00929407 -0.0173388 -0.000482556 0.00112169 -0.0173388 0.086684 
0.0102062 -0.0183388 0.000448575 -0.00050572 -0.0183388 0.089078 -0.000513557 0.00117668 0.000448575 -0.000513557 0.00923426 -0.017293 -0.00050572 0.00117668 -0.017293 0.0863705 
0.0103005 -0.0184923 0.000430462 -0.000496547 -0.0184923 0.0897287 -0.000497665 0.00117704 0.000430462 -0.000497665 0.00929025 -0.0173951 -0.000496547 0.00117704 -0.0173951 0.0869943 
0.0102255 -0.0184141 0.000423371 -0.000467861 -0.0184141 0.0892276 -0.000467305 0.0011147 0.000423371 -0.000467305 0.00926535 -0.0172414 -0.000467861 0.0011147 -0.0172414 0.0863048 
0.0102378 -0.0184884 0.000418348 -0.000453339 -0.0184884 0.0896759 -0.000457976 0.00106066 0.000418348 -0.000457976 0.00933907 -0.0173759 -0.000453339 0.00106066 -0.0173759 0.0867571 
0.0101505 -0.0183865 0.000455959 -0.000443494 -0.0183865 0.0893405 -0.000451722 0.00103 0.000455959 -0.000451722 0.0093461 -0.0173719 -0.000443494 0.00103 -0.0173719 0.0866263 
0.010124 -0.0183206 0.000472362 -0.00048882 -0.0183206 0.0892095 -0.000493199 0.00107946 0.000472362 -0.000493199 0.00935571 -0.0174073 -0.00048882 0.00107946 -0.0174073 0.0867275 
0.0101882 -0.0183672 0.000503523 -0.000512818 -0.0183672 0.0895126 -0.000513254 0.00114398 0.000503523 -0.000513254 0.00940028 -0.0175143 -0.000512818 0.00114398 -0.0175143 0.0872483 
0.0101677 -0.0182752 0.000524676 -0.000540096 -0.0182752 0.0889518 -0.000541839 0.00120064 0.000524676 -0.000541839 0.00930858 -0.0173958 -0.000540096 0.00120064 -0.0173958 0.0867211 
0.0102367 -0.018376 0.000542869 -0.000569111 -0.018376 0.0892643 -0.000572713 0.00127172 0.000542869 -0.000572713 0.00932654 -0.0173973 -0.000569111 0.00127172 -0.0173973 0.0868678 
0.0102681 -0.0184278 0.00053882 -0.000587337 -0.0184278 0.0893847 -0.000590207 0.001323 0.00053882 -0.000590207 0.00931776 -0.0173946 -0.000587337 0.001323 -0.0173946 0.0868287 
0.0102987 -0.0185221 0.000530228 -0.000585199 -0.0185221 0.0897342 -0.000588535 0.00134237 0.000530228 -0.000588535 0.00932308 -0.0174154 -0.000585199 0.00134237 -0.0174154 0.0869705 
0.0103208 -0.0185886 0.00050385 -0.000573772 -0.0185886 0.0900677 -0.000578211 0.00132754 0.00050385 -0.000578211 0.00934245 -0.0174379 -0.000573772 0.00132754 -0.0174379 0.0871314 
0.0102061 -0.0184163 0.00046289 -0.000533242 -0.0184163 0.0892967 -0.000535162 0.00124752 0.00046289 -0.000535162 0.00925357 -0.0172787 -0.000533242 0.00124752 -0.0172787 0.0863341 
0.0102359 -0.0184788 0.000463936 -0.000500168 -0.0184788 0.0897403 -0.000495624 0.0011685 0.000463936 -0.000495624 0.00931851 -0.0173924 -0.000500168 0.0011685 -0.0173924 0.0868839 
0.0102615 -0.0184442 0.000425024 -0.000486652 -0.0184442 0.0896646 -0.000481441 0.00109318 0.000425024 -0.000481441 0.00930168 -0.0174097 -0.000486652 0.00109318 -0.0174097 0.0869517 
0.0102571 -0.0184484 0.000419086 -0.000454461 -0.0184484 0.0895502 -0.000449156 0.0010392 0.000419086 -0.000449156 0.00929007 -0.0173666 -0.000454461 0.0010392 -0.0173666 0.0868332 
0.0102672 -0.0185022 0.000438798 -0.000444929 -0.0185022 0.0897577 -0.000440773 0.000996542 0.000438798 -0.000440773 0.00930949 -0.0173818 -0.000444929 0.000996542 -0.0173818 0.0869241 
0.0102706 -0.0185437 0.000455523 -0.000471917 -0.0185437 0.0899725 -0.000467356 0.00102842 0.000455523 -0.000467356 0.00934006 -0.017402 -0.000471917 0.00102842 -0.017402 0.0870197 
0.0101826 -0.0183789 0.00044916 -0.000484982 -0.0183789 0.0892723 -0.000480416 0.0010632 0.00044916 -0.000480416 0.00929231 -0.017304 -0.000484982 0.0010632 -0.017304 0.0864218 
0.0102041 -0.0184167 0.000478195 -0.000483888 -0.0184167 0.0894991 -0.00047919 0.00108162 0.000478195 -0.00047919 0.00932636 -0.0173895 -0.000483888 0.00108162 -0.0173895 0.0867732 
0.0102134 -0.0184487 0.000505228 -0.000522095 -0.0184487 0.0897008 -0.000521157 0.00115205 0.000505228 -0.000521157 0.00938481 -0.0174643 -0.000522095 0.00115205 -0.0174643 0.087132 
0.0101719 -0.0183405 0.000522159 -0.000553754 -0.0183405 0.089219 -0.000555275 0.00124015 0.000522159 -0.000555275 0.00933614 -0.0174049 -0.000553754 0.00124015 -0.0174049 0.0867701 
0.0102237 -0.0184641 0.000556839 -0.000580625 -0.0184641 0.0897526 -0.000582288 0.00132133 0.000556839 -0.000582288 0.00942191 -0.0174921 -0.000580625 0.00132133 -0.0174921 0.0872662 
0.0102035 -0.0184332 0.000592548 -0.000616091 -0.0184332 0.0896574 -0.000621143 0.00140367 0.000592548 -0.000621143 0.00943539 -0.0175183 -0.000616091 0.00140367 -0.0175183 0.0872459 
0.0101612 -0.0182898 0.000593258 -0.00064276 -0.0182898 0.0890268 -0.000656041 0.00147239 0.000593258 -0.000656041 0.00937253 -0.0174553 -0.00064276 0.00147239 -0.0174553 0.0868317 
0.0101861 -0.0183068 0.000564029 -0.000643508 -0.0183068 0.0889486 -0.000658365 0.00150373 0.000564029 -0.000658365 0.00931242 -0.0174034 -0.000643508 0.00150373 -0.0174034 0.0866856 
0.0102344 -0.0183839 0.000546257 -0.000606841 -0.0183839 0.0892102 -0.000614812 0.00144095 0.000546257 -0.000614812 0.00930767 -0.0174002 -0.000606841 0.00144095 -0.0174002 0.0868105 
0.0102655 -0.0184721 0.000539546 -0.000584517 -0.0184721 0.0895793 -0.000582989 0.00135546 0.000539546 -0.000582989 0.00933466 -0.0174363 -0.000584517 0.00135546 -0.0174363 0.0870492 
0.0101901 -0.0183811 0.000542267 -0.000580268 -0.0183811 0.0891554 -0.000571913 0.00131222 0.000542267 -0.000571913 0.00930452 -0.017329 -0.000580268 0.00131222 -0.017329 0.0865321 
0.0101886 -0.0184217 0.00058116 -0.000578269 -0.0184217 0.0894658 -0.000572117 0.0012888 0.00058116 -0.000572117 0.00937911 -0.0174254 -0.000578269 0.0012888 -0.0174254 0.0868991 
0.0101556 -0.0183799 0.000588069 -0.000613906 -0.0183799 0.0894327 -0.000616122 0.00133396 0.000588069 -0.000616122 0.00940588 -0.0174948 -0.000613906 0.00133396 -0.0174948 0.0870942 
0.0101239 -0.0182681 0.000563951 -0.000630688 -0.0182681 0.088996 -0.000635253 0.00140286 0.000563951 -0.000635253 0.00935796 -0.0174456 -0.000630688 0.00140286 -0.0174456 0.0868442 
0.0101754 -0.0183723 0.000569074 -0.000611833 -0.0183723 0.0894215 -0.000613894 0.00140493 0.000569074 -0.000613894 0.00939529 -0.0174983 -0.000611833 0.00140493 -0.0174983 0.0872209 
0.0101426 -0.0183327 0.00057855 -0.000613673 -0.0183327 0.0891825 -0.000614562 0.00139476 0.00057855 -0.000614562 0.00936648 -0.0174065 -0.000613673 0.00139476 -0.0174065 0.0868163 
0.0101307 -0.0183035 0.000586466 -0.000624368 -0.0183035 0.0891156 -0.000622435 0.00140578 0.000586466 -0.000622435 0.00935984 -0.0174316 -0.000624368 0.00140578 -0.0174316 0.0868256 
0.0101344 -0.0182988 0.000571686 -0.000635022 -0.0182988 0.089098 -0.000633555 0.00143033 0.000571686 -0.000633555 0.00933783 -0.0174233 -0.000635022 0.00143033 -0.0174233 0.0868323 
0.0101564 -0.0183342 0.000574347 -0.000625274 -0.0183342 0.0892338 -0.000626651 0.00143865 0.000574347 -0.000626651 0.0093339 -0.0174159 -0.000625274 0.00143865 -0.0174159 0.0868962 
0.0101717 -0.0183757 0.000564757 -0.000612701 -0.0183757 0.0893801 -0.000617989 0.00140356 0.000564757 -0.000617989 0.00931677 -0.0173887 -0.000612701 0.00140356 -0.0173887 0.0868524 
0.0101759 -0.0183586 0.000550866 -0.000603431 -0.0183586 0.0893353 -0.000610178 0.0013788 0.000550866 -0.000610178 0.00930442 -0.017367 -0.000603431 0.0013788 -0.017367 0.086766 
0.0102087 -0.0184094 0.000546062 -0.000588327 -0.0184094 0.0895462 -0.000589425 0.00133878 0.000546062 -0.000589425 0.00933483 -0.0174036 -0.000588327 0.00133878 -0.0174036 0.0869582 
