0.00782255 0 -0.00032445 0 0 0.00990816 0 0 -0.00032445 0 0.00621804 0 0 0 0 0.00990816 
0.0111101 -0.0137658 -0.000473259 0.000575876 -0.0137658 0.0356193 0.000575876 -0.00110448 -0.000473259 0.000575876 0.00906343 -0.0112783 0.000575876 -0.00110448 -0.0112783 0.0308512 
0.0108446 -0.019814 -0.000431231 0.000654083 -0.019814 0.0723015 0.000654083 -0.00204612 -0.000431231 0.000654083 0.00909355 -0.0174337 0.000654083 -0.00204612 -0.0174337 0.0649513 
0.0102775 -0.0190007 -0.000389055 0.000463427 -0.0190007 0.0837986 0.000457737 -0.00149034 -0.000389055 0.000457737 0.00854584 -0.0175465 0.000463427 -0.00149034 -0.0175465 0.0802612 
0.010307 -0.0183023 -0.000400063 0.000443473 -0.0183023 0.0857159 0.000429926 -0.00123324 -0.000400063 0.000429926 0.00831476 -0.0166924 0.000443473 -0.00123324 -0.0166924 0.0834756 
0.0105815 -0.01859 -0.000407374 0.000478515 -0.01859 0.0879394 0.000474272 -0.00126611 -0.000407374 0.000474272 0.00841372 -0.0164647 0.000478515 -0.00126611 -0.0164647 0.0845464 
0.0107047 -0.0188241 -0.000354181 0.000478171 -0.0188241 0.0893029 0.00048574 -0.00128176 -0.000354181 0.00048574 0.00849018 -0.0164268 0.000478171 -0.00128176 -0.0164268 0.0846256 
0.0107478 -0.0189505 -0.000308886 0.000395668 -0.0189505 0.0901673 0.000412696 -0.0011338 -0.000308886 0.000412696 0.00859092 -0.0165025 0.000395668 -0.0011338 -0.0165025 0.0848726 
0.0106949 -0.0188631 -0.000287834 0.000323997 -0.0188631 0.0900093 0.00033651 -0.000913697 -0.000287834 0.00033651 0.00862037 -0.0165402 0.000323997 -0.000913697 -0.0165402 0.0847611 
0.0106674 -0.0188786 -0.000323786 0.000319869 -0.0188786 0.0902136 0.000317363 -0.000820938 -0.000323786 0.000317363 0.00874226 -0.0166743 0.000319869 -0.000820938 -0.0166743 0.085244 
0.0107017 -0.0189933 -0.000368734 0.000382731 -0.0189933 0.0909678 0.000365264 -0.000891781 -0.000368734 0.000365264 0.00893026 -0.016974 0.000382731 -0.000891781 -0.016974 0.0864236 
0.0105902 -0.0187287 -0.000381918 0.000429866 -0.0187287 0.0898884 0.000406558 -0.000994047 -0.000381918 0.000406558 0.00887559 -0.0169263 0.000429866 -0.000994047 -0.0169263 0.0858911 
0.0105697 -0.0186582 -0.000390514 0.000445639 -0.0186582 0.0894763 0.000422529 -0.00106379 -0.000390514 0.000422529 0.0088285 -0.0168987 0.000445639 -0.00106379 -0.0168987 0.085746 
0.0107307 -0.0189085 -0.000377286 0.000451504 -0.0189085 0.0905641 0.000438586 -0.00110072 -0.000377286 0.000438586 0.00889741 -0.0170781 0.000451504 -0.00110072 -0.0170781 0.086769 
0.010714 -0.0189506 -0.000346521 0.000415634 -0.0189506 0.0906229 0.000419584 -0.00105903 -0.000346521 0.000419584 0.00887682 -0.0170161 0.000415634 -0.00105903 -0.0170161 0.086608 
0.0106856 -0.01892 -0.000341322 0.000390386 -0.01892 0.0905311 0.000401828 -0.00102375 -0.000341322 0.000401828 0.00886298 -0.0169518 0.000390386 -0.00102375 -0.0169518 0.0863199 
0.0106898 -0.0189162 -0.000371363 0.000409653 -0.0189162 0.0905655 0.000422213 -0.0010724 -0.000371363 0.000422213 0.00886245 -0.0169625 0.000409653 -0.0010724 -0.0169625 0.0863051 
0.0106887 -0.0189593 -0.000384986 0.000432104 -0.0189593 0.0907654 0.000447539 -0.00111643 -0.000384986 0.000447539 0.00890125 -0.0169957 0.000432104 -0.00111643 -0.0169957 0.0864727 
0.0106791 -0.0189408 -0.00038225 0.000447349 -0.0189408 0.0907816 0.000460832 -0.00115794 -0.00038225 0.000460832 0.00891817 -0.0170346 0.000447349 -0.00115794 -0.0170346 0.0865667 
0.0106546 -0.0189002 -0.000381753 0.000438542 -0.0189002 0.090636 0.000444851 -0.00114367 -0.000381753 0.000444851 0.008921 -0.0170363 0.000438542 -0.00114367 -0.0170363 0.0865402 
0.010638 -0.0188809 -0.000382181 0.00043842 -0.0188809 0.0905832 0.000436677 -0.00112053 -0.000382181 0.000436677 0.00893379 -0.0170529 0.00043842 -0.00112053 -0.0170529 0.0865922 
0.0106576 -0.0189131 -0.000379934 0.000434493 -0.0189131 0.0907996 0.000428935 -0.00109414 -0.000379934 0.000428935 0.00894737 -0.0171277 0.000434493 -0.00109414 -0.0171277 0.0869273 
0.0106751 -0.0189348 -0.000358121 0.000434333 -0.0189348 0.0909236 0.000429567 -0.00108561 -0.000358121 0.000429567 0.00893825 -0.017132 0.000434333 -0.00108561 -0.017132 0.0870609 
0.0106522 -0.0188936 -0.000334725 0.000406545 -0.0188936 0.090701 0.000404647 -0.00104357 -0.000334725 0.000404647 0.00890624 -0.0170397 0.000406545 -0.00104357 -0.0170397 0.0867249 
0.0106193 -0.018789 -0.000315251 0.000371532 -0.018789 0.0902172 0.000372559 -0.000963307 -0.000315251 0.000372559 0.00884002 -0.0169482 0.000371532 -0.000963307 -0.0169482 0.0862327 
0.0106629 -0.0188779 -0.000335926 0.000370713 -0.0188779 0.0905336 0.000367892 -0.000952179 -0.000335926 0.000367892 0.0088389 -0.0169667 0.000370713 -0.000952179 -0.0169667 0.0864193 
0.0106324 -0.0188832 -0.000354609 0.000391036 -0.0188832 0.0905092 0.000385064 -0.000967658 -0.000354609 0.000385064 0.00885943 -0.0169016 0.000391036 -0.000967658 -0.0169016 0.0861994 
0.0106416 -0.0188706 -0.000357919 0.000403811 -0.0188706 0.0905608 0.000396147 -0.000985563 -0.000357919 0.000396147 0.00887302 -0.0169491 0.000403811 -0.000985563 -0.0169491 0.0862565 
0.010682 -0.0188806 -0.000328891 0.000410643 -0.0188806 0.0905897 0.000402102 -0.00100709 -0.000328891 0.000402102 0.0088515 -0.0169732 0.000410643 -0.00100709 -0.0169732 0.0863429 
0.0107122 -0.0189725 -0.000298617 0.00036609 -0.0189725 0.0908917 0.000362867 -0.000939935 -0.000298617 0.000362867 0.00887336 -0.0169954 0.00036609 -0.000939935 -0.0169954 0.0865673 
0.0106938 -0.0190072 -0.000290891 0.000325182 -0.0190072 0.0910796 0.000325447 -0.000839015 -0.000290891 0.000325447 0.0089207 -0.0170203 0.000325182 -0.000839015 -0.0170203 0.0866902 
0.0107012 -0.0189985 -0.000324193 0.000329269 -0.0189985 0.0912043 0.000326192 -0.000818275 -0.000324193 0.000326192 0.00894731 -0.0171038 0.000329269 -0.000818275 -0.0171038 0.0869587 
0.0106794 -0.0189612 -0.000350662 0.00036726 -0.0189612 0.0910563 0.000365269 -0.000869953 -0.000350662 0.000365269 0.00896897 -0.0171057 0.00036726 -0.000869953 -0.0171057 0.0869703 
0.0106552 -0.0189371 -0.00036154 0.000401523 -0.0189371 0.0909767 0.000403159 -0.00096084 -0.00036154 0.000403159 0.0090076 -0.017143 0.000401523 -0.00096084 -0.017143 0.0870554 
0.0106289 -0.018904 -0.000336738 0.00040453 -0.018904 0.0909075 0.000411571 -0.000999483 -0.000336738 0.000411571 0.00904497 -0.0172122 0.00040453 -0.000999483 -0.0172122 0.0872472 
0.0105673 -0.0187727 -0.000315505 0.000368471 -0.0187727 0.0903478 0.000380628 -0.000958595 -0.000315505 0.000380628 0.00901629 -0.017167 0.000368471 -0.000958595 -0.017167 0.0869424 
0.0105149 -0.0186464 -0.000323279 0.000343936 -0.0186464 0.0897164 0.00035307 -0.000894183 -0.000323279 0.00035307 0.0089557 -0.0170687 0.000343936 -0.000894183 -0.0170687 0.0864413 
0.0105597 -0.0187209 -0.000324527 0.000351029 -0.0187209 0.089985 0.000355573 -0.000866184 -0.000324527 0.000355573 0.00895615 -0.0171101 0.000351029 -0.000866184 -0.0171101 0.0866798 
0.0105854 -0.0188027 -0.000336973 0.00037953 -0.0188027 0.0903198 0.000382457 -0.00093801 -0.000336973 0.000382457 0.00898101 -0.017132 0.00037953 -0.00093801 -0.017132 0.0868901 
0.0105968 -0.0188365 -0.000369986 0.000395614 -0.0188365 0.0905324 0.000402584 -0.00100245 -0.000369986 0.000402584 0.00899427 -0.0171621 0.000395614 -0.00100245 -0.0171621 0.0870341 
0.0106015 -0.0188205 -0.000395516 0.000433917 -0.0188205 0.0905088 0.000442719 -0.00108765 -0.000395516 0.000442719 0.00897348 -0.0171516 0.000433917 -0.00108765 -0.0171516 0.086999 
0.0105716 -0.0188007 -0.000394944 0.000456852 -0.0188007 0.090378 0.000461932 -0.00114648 -0.000394944 0.000461932 0.00896248 -0.0170908 0.000456852 -0.00114648 -0.0170908 0.0867859 
0.0105154 -0.0186932 -0.000381792 0.0004458 -0.0186932 0.0899185 0.000445318 -0.00113084 -0.000381792 0.000445318 0.00891657 -0.0169993 0.0004458 -0.00113084 -0.0169993 0.0862945 
0.0105037 -0.0185837 -0.000379874 0.00043868 -0.0185837 0.0893942 0.000430197 -0.00110699 -0.000379874 0.000430197 0.0088167 -0.0168975 0.00043868 -0.00110699 -0.0168975 0.0857669 
0.0105234 -0.0186779 -0.000383456 0.000441109 -0.0186779 0.0896407 0.000429214 -0.00109828 -0.000383456 0.000429214 0.00881106 -0.0168617 0.000441109 -0.00109828 -0.0168617 0.0857916 
0.0105195 -0.0187556 -0.000388277 0.000446149 -0.0187556 0.0900414 0.000437779 -0.00110931 -0.000388277 0.000437779 0.0088569 -0.0168832 0.000446149 -0.00110931 -0.0168832 0.0859514 
0.0105205 -0.0186959 -0.000389847 0.000447391 -0.0186959 0.0899472 0.00044266 -0.00111533 -0.000389847 0.00044266 0.00882804 -0.0168871 0.000447391 -0.00111533 -0.0168871 0.0858632 
0.0105134 -0.0186617 -0.000403347 0.000449126 -0.0186617 0.0897197 0.000447392 -0.00112483 -0.000403347 0.000447392 0.00879122 -0.016811 0.000449126 -0.00112483 -0.016811 0.085591 
0.0104843 -0.0186421 -0.000377856 0.000463801 -0.0186421 0.0895415 0.000463361 -0.00114991 -0.000377856 0.000463361 0.00877839 -0.0167374 0.000463801 -0.00114991 -0.0167374 0.0852715 
0.010482 -0.0186373 -0.000347165 0.000435516 -0.0186373 0.0895528 0.000435512 -0.00112332 -0.000347165 0.000435512 0.00878229 -0.016751 0.000435516 -0.00112332 -0.016751 0.0852447 
0.0105254 -0.0187136 -0.000318868 0.00039047 -0.0187136 0.0899164 0.00039466 -0.00102799 -0.000318868 0.00039466 0.00882544 -0.0168261 0.00039047 -0.00102799 -0.0168261 0.0855975 
0.0105179 -0.0187372 -0.000304335 0.000343345 -0.0187372 0.0900326 0.000352833 -0.000904419 -0.000304335 0.000352833 0.00887507 -0.0168649 0.000343345 -0.000904419 -0.0168649 0.0857525 
0.0105137 -0.0187126 -0.000311679 0.000327052 -0.0187126 0.0900242 0.000335802 -0.000830129 -0.000311679 0.000335802 0.00891019 -0.0169439 0.000327052 -0.000830129 -0.0169439 0.085965 
0.0104909 -0.0186409 -0.00032338 0.000354246 -0.0186409 0.0897094 0.000351209 -0.000855408 -0.00032338 0.000351209 0.0089041 -0.0169544 0.000354246 -0.000855408 -0.0169544 0.0859287 
0.0105171 -0.0186584 -0.00032218 0.000374595 -0.0186584 0.0897567 0.000361719 -0.000897372 -0.00032218 0.000361719 0.00890413 -0.0170053 0.000374595 -0.000897372 -0.0170053 0.0861643 
0.010574 -0.0186904 -0.000317779 0.000365568 -0.0186904 0.0898386 0.000352403 -0.000890638 -0.000317779 0.000352403 0.00885685 -0.0170111 0.000365568 -0.000890638 -0.0170111 0.086281 
0.0106331 -0.0187927 -0.000303244 0.000356671 -0.0187927 0.0901373 0.000351181 -0.000876999 -0.000303244 0.000351181 0.00882981 -0.016977 0.000356671 -0.000876999 -0.016977 0.0863666 
0.0106822 -0.018897 -0.000316717 0.000340464 -0.018897 0.0905234 0.000343644 -0.000858866 -0.000316717 0.000343644 0.00882793 -0.0169501 0.000340464 -0.000858866 -0.0169501 0.0864083 
0.0107217 -0.0189103 -0.000331726 0.00034907 -0.0189103 0.0905678 0.000359021 -0.00086339 -0.000331726 0.000359021 0.00878008 -0.016906 0.00034907 -0.00086339 -0.016906 0.0862241 
0.0107556 -0.0189744 -0.000353663 0.000381659 -0.0189744 0.0907335 0.00039185 -0.000940895 -0.000353663 0.00039185 0.00876238 -0.0168656 0.000381659 -0.000940895 -0.0168656 0.0861503 
0.0107905 -0.0190748 -0.000372812 0.000418391 -0.0190748 0.0911432 0.000420263 -0.00103449 -0.000372812 0.000420263 0.00878337 -0.0168852 0.000418391 -0.00103449 -0.0168852 0.086312 
0.0107448 -0.0190517 -0.000379562 0.000431813 -0.0190517 0.0910582 0.00042715 -0.00107222 -0.000379562 0.00042715 0.00880804 -0.0168346 0.000431813 -0.00107222 -0.0168346 0.0860653 
0.0107644 -0.0190522 -0.000372984 0.000436346 -0.0190522 0.0911992 0.000425987 -0.00107994 -0.000372984 0.000425987 0.00882508 -0.0169176 0.000436346 -0.00107994 -0.0169176 0.0862759 
0.0107803 -0.0190608 -0.00032907 0.000424914 -0.0190608 0.091225 0.000415548 -0.00105975 -0.00032907 0.000415548 0.00883118 -0.0169344 0.000424914 -0.00105975 -0.0169344 0.0863825 
0.0107376 -0.0190676 -0.000352251 0.000370179 -0.0190676 0.0912335 0.000371424 -0.000977874 -0.000352251 0.000371424 0.00887946 -0.0169506 0.000370179 -0.000977874 -0.0169506 0.086454 
0.0107055 -0.0189604 -0.000376236 0.000399009 -0.0189604 0.0908901 0.000405309 -0.000989073 -0.000376236 0.000405309 0.00885829 -0.0169586 0.000399009 -0.000989073 -0.0169586 0.0863161 
0.0106862 -0.0189016 -0.000383896 0.000432009 -0.0189016 0.0905911 0.000438565 -0.00106228 -0.000383896 0.000438565 0.00883147 -0.0169346 0.000432009 -0.00106228 -0.0169346 0.0862059 
0.0106652 -0.0189165 -0.000350475 0.000437312 -0.0189165 0.090608 0.000438882 -0.00109303 -0.000350475 0.000438882 0.00884357 -0.0169312 0.000437312 -0.00109303 -0.0169312 0.0862472 
0.0105976 -0.0188778 -0.000343354 0.000410881 -0.0188778 0.0905124 0.000403964 -0.00106716 -0.000343354 0.000403964 0.00889087 -0.016927 0.000410881 -0.00106716 -0.016927 0.0861923 
0.0105097 -0.0187116 -0.000335325 0.000399783 -0.0187116 0.0899395 0.000387568 -0.00102025 -0.000335325 0.000387568 0.00889539 -0.016913 0.000399783 -0.00102025 -0.016913 0.0858909 
0.0105354 -0.0187498 -0.000342247 0.000400562 -0.0187498 0.090228 0.000382802 -0.00100978 -0.000342247 0.000382802 0.00894609 -0.0170696 0.000400562 -0.00100978 -0.0170696 0.0865149 
0.0105576 -0.0187777 -0.000314882 0.000397035 -0.0187777 0.0904074 0.000382483 -0.0009885 -0.000314882 0.000382483 0.0089621 -0.0171314 0.000397035 -0.0009885 -0.0171314 0.0868864 
0.0105484 -0.0186963 -0.000262584 0.000350563 -0.0186963 0.0900168 0.000347349 -0.000908621 -0.000262584 0.000347349 0.00888947 -0.0170411 0.000350563 -0.000908621 -0.0170411 0.086535 
0.0105227 -0.0186296 -0.000219976 0.00027655 -0.0186296 0.0895362 0.000278527 -0.000750682 -0.000219976 0.000278527 0.00881422 -0.0168751 0.00027655 -0.000750682 -0.0168751 0.085874 
0.0106717 -0.0189299 -0.000232133 0.000239815 -0.0189299 0.0908774 0.000243063 -0.000642047 -0.000232133 0.000243063 0.0089361 -0.0170878 0.000239815 -0.000642047 -0.0170878 0.0869755 
0.0106177 -0.018825 -0.000264627 0.000250211 -0.018825 0.0904026 0.000257205 -0.000617825 -0.000264627 0.000257205 0.00887708 -0.0169943 0.000250211 -0.000617825 -0.0169943 0.0864577 
0.0106238 -0.0188779 -0.000312791 0.000309606 -0.0188779 0.0906355 0.000320378 -0.000740306 -0.000312791 0.000320378 0.00889265 -0.0170251 0.000309606 -0.000740306 -0.0170251 0.0866415 
0.0105185 -0.0186636 -0.000352548 0.00036059 -0.0186636 0.0896548 0.000371652 -0.00087019 -0.000352548 0.000371652 0.00875406 -0.0168136 0.00036059 -0.00087019 -0.0168136 0.0856142 
0.0105055 -0.0186515 -0.000347871 0.000417797 -0.0186515 0.0895461 0.000421474 -0.00101211 -0.000347871 0.000421474 0.00872876 -0.0167259 0.000417797 -0.00101211 -0.0167259 0.0853348 
0.0106621 -0.0189402 -0.000332622 0.000419745 -0.0189402 0.0909325 0.000421691 -0.00107721 -0.000332622 0.000421691 0.00887032 -0.0169544 0.000419745 -0.00107721 -0.0169544 0.086503 
0.0106393 -0.0189164 -0.000287782 0.000376912 -0.0189164 0.0908497 0.00038238 -0.00100051 -0.000287782 0.00038238 0.00888021 -0.0169569 0.000376912 -0.00100051 -0.0169569 0.0864155 
0.0105925 -0.0188383 -0.000239461 0.000317732 -0.0188383 0.0905328 0.000323127 -0.000867574 -0.000239461 0.000323127 0.00886948 -0.0169364 0.000317732 -0.000867574 -0.0169364 0.0862173 
0.0106156 -0.0188841 -0.000238471 0.00026991 -0.0188841 0.0907864 0.000265566 -0.000735179 -0.000238471 0.000265566 0.0088959 -0.0170129 0.00026991 -0.000735179 -0.0170129 0.0865632 
0.0106107 -0.0188692 -0.00023943 0.00027124 -0.0188692 0.0907523 0.000258422 -0.000672467 -0.00023943 0.000258422 0.00888744 -0.0170159 0.00027124 -0.000672467 -0.0170159 0.0866112 
0.0106196 -0.0188388 -0.000232573 0.00026407 -0.0188388 0.0906299 0.000249916 -0.000632197 -0.000232573 0.000249916 0.00884283 -0.0169947 0.00026407 -0.000632197 -0.0169947 0.086548 
0.0105827 -0.0188371 -0.00023381 0.000269656 -0.0188371 0.0905049 0.00025349 -0.000642435 -0.00023381 0.00025349 0.00883786 -0.0168975 0.000269656 -0.000642435 -0.0168975 0.0862571 
0.0105608 -0.0188451 -0.000248029 0.000275708 -0.0188451 0.0906104 0.000258326 -0.000659875 -0.000248029 0.000258326 0.00888178 -0.0169079 0.000275708 -0.000659875 -0.0169079 0.0862358 
0.0105049 -0.018738 -0.000242789 0.000293774 -0.018738 0.0902348 0.000280278 -0.000700345 -0.000242789 0.000280278 0.008891 -0.0169018 0.000293774 -0.000700345 -0.0169018 0.0859978 
0.0105151 -0.0186968 -0.000260762 0.000284799 -0.0186968 0.0900987 0.000280574 -0.000715234 -0.000260762 0.000280574 0.00888038 -0.0169564 0.000284799 -0.000715234 -0.0169564 0.0861091 
0.0105321 -0.0187175 -0.000240041 0.000294871 -0.0187175 0.0901121 0.000298448 -0.000727769 -0.000240041 0.000298448 0.00886786 -0.0169721 0.000294871 -0.000727769 -0.0169721 0.0862498 
0.010546 -0.0187557 -0.000209549 0.000285409 -0.0187557 0.0902512 0.000291965 -0.00074611 -0.000209549 0.000291965 0.00886645 -0.0169814 0.000285409 -0.00074611 -0.0169814 0.08639 
0.0105781 -0.0188202 -0.0001903 0.000243172 -0.0188202 0.0905634 0.000251817 -0.00067859 -0.0001903 0.000251817 0.00888292 -0.0170134 0.000243172 -0.00067859 -0.0170134 0.0866288 
0.0105573 -0.0187998 -0.000171272 0.000211303 -0.0187998 0.0904851 0.000214454 -0.000578655 -0.000171272 0.000214454 0.00888177 -0.0169814 0.000211303 -0.000578655 -0.0169814 0.086509 
0.0105622 -0.0187662 -0.00016528 0.000188014 -0.0187662 0.0903753 0.000181566 -0.000488948 -0.00016528 0.000181566 0.00885988 -0.0169724 0.000188014 -0.000488948 -0.0169724 0.0864225 
0.0106028 -0.0187965 -0.000155571 0.000183131 -0.0187965 0.0904431 0.00016766 -0.000435614 -0.000155571 0.00016766 0.00883437 -0.0169624 0.000183131 -0.000435614 -0.0169624 0.0864405 
0.0106175 -0.0188404 -0.000162771 0.000174465 -0.0188404 0.0905332 0.000159833 -0.000407582 -0.000162771 0.000159833 0.00882058 -0.0169286 0.000174465 -0.000407582 -0.0169286 0.0863831 
0.0105791 -0.0188325 -0.000151972 0.000169205 -0.0188325 0.0904585 0.000165398 -0.00038623 -0.000151972 0.000165398 0.00882927 -0.0168689 0.000169205 -0.00038623 -0.0168689 0.0861359 
0.0105397 -0.0188046 -0.000169918 0.000169344 -0.0188046 0.0904478 0.000175413 -0.000410154 -0.000169918 0.000175413 0.00886897 -0.0169061 0.000169344 -0.000410154 -0.0169061 0.0861689 
0.0104967 -0.0187684 -0.00014823 0.000192171 -0.0187684 0.0904363 0.00020145 -0.000461863 -0.00014823 0.00020145 0.00892227 -0.0169816 0.000192171 -0.000461863 -0.0169816 0.0863834 
0.0104859 -0.0187361 -0.000127792 0.000173442 -0.0187361 0.0904412 0.000182473 -0.000469238 -0.000127792 0.000182473 0.00896279 -0.0170626 0.000173442 -0.000469238 -0.0170626 0.0866682 
0.0105359 -0.0187577 -0.000135255 0.000149789 -0.0187577 0.0906135 0.000163631 -0.00043626 -0.000135255 0.000163631 0.00897359 -0.0171578 0.000149789 -0.00043626 -0.0171578 0.0870891 
0.010398 -0.0184992 -0.00014119 0.000151434 -0.0184992 0.0892607 0.000166591 -0.000414176 -0.00014119 0.000166591 0.00882528 -0.0168849 0.000151434 -0.000414176 -0.0168849 0.0858349 
0.0104323 -0.0184869 -0.000171588 0.000160319 -0.0184869 0.0891389 0.000170273 -0.000419746 -0.000171588 0.000170273 0.00876312 -0.0168317 0.000160319 -0.000419746 -0.0168317 0.0856437 
0.0106167 -0.0188567 -0.00020423 0.000198658 -0.0188567 0.0907168 0.000198917 -0.000467755 -0.00020423 0.000198917 0.0089026 -0.0170415 0.000198658 -0.000467755 -0.0170415 0.0869161 
0.0105638 -0.0188512 -0.000221222 0.000237835 -0.0188512 0.0906586 0.000224784 -0.000533964 -0.000221222 0.000224784 0.00894923 -0.0169891 0.000237835 -0.000533964 -0.0169891 0.0866301 
0.0104788 -0.0187171 -0.000228706 0.000255633 -0.0187171 0.0901898 0.000233476 -0.000574216 -0.000228706 0.000233476 0.00897574 -0.0169929 0.000255633 -0.000574216 -0.0169929 0.0863093 
0.0105129 -0.0187034 -0.000236129 0.000260664 -0.0187034 0.0902762 0.000242606 -0.000594205 -0.000236129 0.000242606 0.00898175 -0.0171527 0.000260664 -0.000594205 -0.0171527 0.0868115 
0.0105523 -0.0187285 -0.000235462 0.000268732 -0.0187285 0.0903082 0.000262405 -0.000627005 -0.000235462 0.000262405 0.00894366 -0.0171599 0.000268732 -0.000627005 -0.0171599 0.0870217 
0.0105488 -0.0187607 -0.000222805 0.000255603 -0.0187607 0.0903104 0.000258442 -0.000616996 -0.000222805 0.000258442 0.00892735 -0.0170711 0.000255603 -0.000616996 -0.0170711 0.0868396 
0.0104741 -0.0186712 -0.000202536 0.000237534 -0.0186712 0.0899005 0.000243646 -0.000585763 -0.000202536 0.000243646 0.00890709 -0.016967 0.000237534 -0.000585763 -0.016967 0.0863023 
0.0104301 -0.018612 -0.000195068 0.000227271 -0.018612 0.0897056 0.000233827 -0.000575451 -0.000195068 0.000233827 0.00890963 -0.016962 0.000227271 -0.000575451 -0.016962 0.086144 
0.0104162 -0.0185801 -0.000207292 0.000219562 -0.0185801 0.0896462 0.000228019 -0.000564383 -0.000207292 0.000228019 0.0089057 -0.0169965 0.000219562 -0.000564383 -0.0169965 0.086229 
0.0104235 -0.018639 -0.0002081 0.000226288 -0.018639 0.0899342 0.000234208 -0.000559997 -0.0002081 0.000234208 0.00894535 -0.0170352 0.000226288 -0.000559997 -0.0170352 0.0865086 
0.0103818 -0.0185334 -0.000200634 0.000230382 -0.0185334 0.0895283 0.000236476 -0.000569301 -0.000200634 0.000236476 0.00891367 -0.0169636 0.000230382 -0.000569301 -0.0169636 0.0861195 
0.0103482 -0.0184831 -0.000212198 0.000231924 -0.0184831 0.0892663 0.000237674 -0.000588315 -0.000212198 0.000237674 0.00890476 -0.0169235 0.000231924 -0.000588315 -0.0169235 0.0858827 
0.0103929 -0.0185258 -0.00022932 0.00024012 -0.0185258 0.0894774 0.000245484 -0.000600796 -0.00022932 0.000245484 0.00889772 -0.0169755 0.00024012 -0.000600796 -0.0169755 0.0860906 
0.0104414 -0.0186009 -0.000244894 0.000249986 -0.0186009 0.0897524 0.000257337 -0.000608972 -0.000244894 0.000257337 0.00888772 -0.0169827 0.000249986 -0.000608972 -0.0169827 0.0862519 
0.0104421 -0.0186349 -0.00025604 0.000279251 -0.0186349 0.0898494 0.000288532 -0.00067421 -0.00025604 0.000288532 0.00889088 -0.0169424 0.000279251 -0.00067421 -0.0169424 0.0861669 
0.0104335 -0.0185912 -0.000253253 0.000292444 -0.0185912 0.0896897 0.000299616 -0.000722216 -0.000253253 0.000299616 0.00886192 -0.0169126 0.000292444 -0.000722216 -0.0169126 0.085962 
0.0104821 -0.0186677 -0.00025128 0.000294968 -0.0186677 0.0900148 0.000292436 -0.000736251 -0.00025128 0.000292436 0.00887247 -0.0169632 0.000294968 -0.000736251 -0.0169632 0.0862525 
0.0104772 -0.0187111 -0.000245617 0.000296275 -0.0187111 0.090183 0.000286776 -0.000735369 -0.000245617 0.000286776 0.00889985 -0.0169642 0.000296275 -0.000735369 -0.0169642 0.086341 
0.0104782 -0.0187343 -0.000195552 0.000287845 -0.0187343 0.0903764 0.000278875 -0.000721349 -0.000195552 0.000278875 0.00893689 -0.0170071 0.000287845 -0.000721349 -0.0170071 0.0865029 
0.0104665 -0.01868 -0.000182785 0.000218036 -0.01868 0.0902181 0.000216171 -0.000606263 -0.000182785 0.000216171 0.00892702 -0.0170194 0.000218036 -0.000606263 -0.0170194 0.0864693 
0.0104141 -0.0186202 -0.000174315 0.000194492 -0.0186202 0.0899131 0.000196287 -0.000504589 -0.000174315 0.000196287 0.00893763 -0.0169762 0.000194492 -0.000504589 -0.0169762 0.0862716 
0.0104032 -0.018601 -0.000172412 0.000198363 -0.018601 0.0899111 0.000197878 -0.000488733 -0.000172412 0.000197878 0.00897118 -0.0170443 0.000198363 -0.000488733 -0.0170443 0.0864567 
0.0103817 -0.0185363 -0.000175641 0.000193936 -0.0185363 0.0896261 0.000189464 -0.000475437 -0.000175641 0.000189464 0.00896256 -0.017031 0.000193936 -0.000475437 -0.017031 0.0863368 
0.0103884 -0.0185161 -0.000167377 0.000195831 -0.0185161 0.0894885 0.00019065 -0.000467806 -0.000167377 0.00019065 0.00894429 -0.0170276 0.000195831 -0.000467806 -0.0170276 0.0862911 
0.0103957 -0.0185763 -0.000186127 0.000184693 -0.0185763 0.0896877 0.000182178 -0.000454662 -0.000186127 0.000182178 0.00896742 -0.0170536 0.000184693 -0.000454662 -0.0170536 0.0864679 
0.0104102 -0.0185495 -0.000179032 0.000203304 -0.0185495 0.0896274 0.000204117 -0.000472319 -0.000179032 0.000204117 0.00893283 -0.0170538 0.000203304 -0.000472319 -0.0170538 0.0864313 
0.0104305 -0.0185695 -0.000174856 0.000211456 -0.0185695 0.0896354 0.000210265 -0.000516593 -0.000174856 0.000210265 0.00890211 -0.0170153 0.000211456 -0.000516593 -0.0170153 0.0863728 
0.0103903 -0.0185718 -0.000165814 0.000207494 -0.0185718 0.0895514 0.000197251 -0.00051405 -0.000165814 0.000197251 0.00891458 -0.0169353 0.000207494 -0.00051405 -0.0169353 0.0860913 
0.0103762 -0.0185151 -0.00017901 0.000211496 -0.0185151 0.0893991 0.000192316 -0.000524694 -0.00017901 0.000192316 0.00891166 -0.0169466 0.000211496 -0.000524694 -0.0169466 0.0859581 
0.010409 -0.018567 -0.000162904 0.000213887 -0.018567 0.0896467 0.000187933 -0.000505922 -0.000162904 0.000187933 0.00892867 -0.017029 0.000213887 -0.000505922 -0.017029 0.0863162 
0.0104112 -0.0185456 -0.000112265 0.000181885 -0.0185456 0.0895298 0.000160264 -0.00043942 -0.000112265 0.000160264 0.00889737 -0.0169973 0.000181885 -0.00043942 -0.0169973 0.0862347 
0.010467 -0.0185829 -0.000107893 0.000129191 -0.0185829 0.0896579 0.000118909 -0.000353205 -0.000107893 0.000118909 0.00885098 -0.0169956 0.000129191 -0.000353205 -0.0169956 0.0863176 
0.0105012 -0.018631 -0.000117704 0.000119611 -0.018631 0.0897098 0.000119296 -0.0003033 -0.000117704 0.000119296 0.00880493 -0.0169067 0.000119611 -0.0003033 -0.0169067 0.0861201 
0.0105365 -0.0187119 -0.000149705 0.000135397 -0.0187119 0.0899876 0.000139157 -0.000325604 -0.000149705 0.000139157 0.00878934 -0.0168759 0.000135397 -0.000325604 -0.0168759 0.0860873 
0.0105585 -0.0187994 -0.000156471 0.000154049 -0.0187994 0.0903675 0.000164113 -0.000351637 -0.000156471 0.000164113 0.00881693 -0.0168751 0.000154049 -0.000351637 -0.0168751 0.0861727 
0.0105458 -0.0188489 -0.000115099 0.000159217 -0.0188489 0.0906925 0.00017321 -0.000375642 -0.000115099 0.00017321 0.00888601 -0.0169341 0.000159217 -0.000375642 -0.0169341 0.0864007 
0.0104743 -0.0187583 -7.09843e-05 0.00012809 -0.0187583 0.090479 0.000138706 -0.000354523 -7.09843e-05 0.000138706 0.00893033 -0.0169772 0.00012809 -0.000354523 -0.0169772 0.0864091 
0.010424 -0.0186964 -4.3551e-05 7.14894e-05 -0.0186964 0.0903853 7.0827e-05 -0.000230958 -4.3551e-05 7.0827e-05 0.00898843 -0.0170703 7.14894e-05 -0.000230958 -0.0170703 0.086688 
0.0103976 -0.0186286 -6.40522e-05 5.10097e-05 -0.0186286 0.090232 4.43945e-05 -0.000150605 -6.40522e-05 4.43945e-05 0.00902178 -0.0171389 5.10097e-05 -0.000150605 -0.0171389 0.0869124 
0.0103834 -0.0185153 -9.03596e-05 7.60006e-05 -0.0185153 0.0897421 6.80412e-05 -0.000158249 -9.03596e-05 6.80412e-05 0.00897368 -0.0171106 7.60006e-05 -0.000158249 -0.0171106 0.0867203 
0.0104039 -0.0184602 -0.000111058 0.00010699 -0.0184602 0.0893166 9.77833e-05 -0.000216485 -0.000111058 9.77833e-05 0.0088776 -0.0170114 0.00010699 -0.000216485 -0.0170114 0.086336 
0.0104438 -0.0184789 -8.67815e-05 0.000125966 -0.0184789 0.0891136 0.000120878 -0.000271783 -8.67815e-05 0.000120878 0.00877534 -0.0168618 0.000125966 -0.000271783 -0.0168618 0.0858299 
0.0104391 -0.0185771 -7.52074e-05 0.000103365 -0.0185771 0.0892996 0.000104968 -0.000275725 -7.52074e-05 0.000104968 0.00877652 -0.0167532 0.000103365 -0.000275725 -0.0167532 0.0855065 
0.0104416 -0.0186238 -4.84544e-05 8.63406e-05 -0.0186238 0.0896198 9.3295e-05 -0.000245746 -4.84544e-05 9.3295e-05 0.00880637 -0.0168051 8.63406e-05 -0.000245746 -0.0168051 0.0856115 
0.0104157 -0.0186192 -5.97957e-05 5.70451e-05 -0.0186192 0.0897296 6.33704e-05 -0.000191804 -5.97957e-05 6.33704e-05 0.00884034 -0.0168565 5.70451e-05 -0.000191804 -0.0168565 0.0857823 
0.0104121 -0.0185694 -4.74829e-05 6.62376e-05 -0.0185694 0.0896358 6.70129e-05 -0.000165453 -4.74829e-05 6.70129e-05 0.0088336 -0.0168813 6.62376e-05 -0.000165453 -0.0168813 0.0858453 
0.0103935 -0.0185264 -2.04482e-05 5.56345e-05 -0.0185264 0.0894039 4.66272e-05 -0.00013916 -2.04482e-05 4.66272e-05 0.00881619 -0.0168396 5.56345e-05 -0.00013916 -0.0168396 0.0856942 
