0.0069918 0 0.00055775 0 0 0.00998282 0 0 0.00055775 0 0.00738881 0 0 0 0 0.00998282 
0.00991724 -0.012319 0.00080739 -0.000980002 -0.012319 0.0327826 -0.000980002 0.00187971 0.00080739 -0.000980002 0.0104479 -0.0129615 -0.000980002 0.00187971 -0.0129615 0.0340148 
0.00982229 -0.0184626 0.000720407 -0.00105548 -0.0184626 0.0680943 -0.00105548 0.00328056 0.000720407 -0.00105548 0.0103087 -0.0190781 -0.00105548 0.00328056 -0.0190781 0.0699829 
0.00924961 -0.0180399 0.000645112 -0.000719931 -0.0180399 0.0811868 -0.000728522 0.00225973 0.000645112 -0.000728522 0.00968003 -0.0184518 -0.000719931 0.00225973 -0.0184518 0.0821966 
0.00920998 -0.0174685 0.000636775 -0.000724004 -0.0174685 0.0846348 -0.0007394 0.00202354 0.000636775 -0.0007394 0.00975283 -0.0178987 -0.000724004 0.00202354 -0.0178987 0.0854673 
0.00934915 -0.017393 0.00064014 -0.00074963 -0.017393 0.0859278 -0.000749702 0.00206844 0.00064014 -0.000749702 0.00994107 -0.0179825 -0.00074963 0.00206844 -0.0179825 0.0870646 
0.00949489 -0.0175491 0.000655436 -0.000746349 -0.0175491 0.0869676 -0.000731073 0.00201496 0.000655436 -0.000731073 0.010067 -0.0182262 -0.000746349 0.00201496 -0.0182262 0.0884545 
0.00963597 -0.0177118 0.000630915 -0.000741921 -0.0177118 0.0877325 -0.000729312 0.00192029 0.000630915 -0.000729312 0.0101325 -0.0183155 -0.000741921 0.00192029 -0.0183155 0.0891735 
0.00961025 -0.0177655 0.000626801 -0.000714913 -0.0177655 0.0877754 -0.000713437 0.00185176 0.000626801 -0.000713437 0.0101529 -0.0182409 -0.000714913 0.00185176 -0.0182409 0.0889179 
0.0095559 -0.0176383 0.000626634 -0.000696027 -0.0176383 0.0872832 -0.000703754 0.00178413 0.000626634 -0.000703754 0.0100842 -0.0181834 -0.000696027 0.00178413 -0.0181834 0.0884096 
0.00965532 -0.0177166 0.000633702 -0.00069609 -0.0177166 0.0876818 -0.000705555 0.00176011 0.000633702 -0.000705555 0.0100657 -0.0182915 -0.00069609 0.00176011 -0.0182915 0.088938 
0.00965524 -0.0177417 0.000650549 -0.000707753 -0.0177417 0.0875525 -0.000716569 0.00177775 0.000650549 -0.000716569 0.00999599 -0.0181666 -0.000707753 0.00177775 -0.0181666 0.0886268 
0.00970021 -0.0177948 0.00064647 -0.000750733 -0.0177948 0.0877498 -0.000751056 0.00186937 0.00064647 -0.000751056 0.00997383 -0.0181309 -0.000750733 0.00186937 -0.0181309 0.0885727 
0.00972584 -0.0178655 0.000636126 -0.000755575 -0.0178655 0.0880086 -0.000742071 0.00191497 0.000636126 -0.000742071 0.00998827 -0.0181418 -0.000755575 0.00191497 -0.0181418 0.0886736 
0.00975924 -0.0178949 0.000636781 -0.000732515 -0.0178949 0.0881752 -0.000710712 0.00186561 0.000636781 -0.000710712 0.00998782 -0.0181741 -0.000732515 0.00186561 -0.0181741 0.088812 
0.00976706 -0.0179391 0.000659227 -0.000729214 -0.0179391 0.0883381 -0.000707416 0.00183028 0.000659227 -0.000707416 0.0099953 -0.0181913 -0.000729214 0.00183028 -0.0181913 0.088955 
0.00974476 -0.0179201 0.000684394 -0.000755055 -0.0179201 0.0882962 -0.000739549 0.00186297 0.000684394 -0.000739549 0.0100076 -0.0181804 -0.000755055 0.00186297 -0.0181804 0.0889291 
0.00972258 -0.0179082 0.000690966 -0.000780624 -0.0179082 0.0883068 -0.000776078 0.00192887 0.000690966 -0.000776078 0.0100531 -0.0182117 -0.000780624 0.00192887 -0.0182117 0.0890241 
0.00972867 -0.0178612 0.000687241 -0.000789096 -0.0178612 0.0881622 -0.000790454 0.00198011 0.000687241 -0.000790454 0.0100705 -0.0182402 -0.000789096 0.00198011 -0.0182402 0.0890319 
0.00977013 -0.0178896 0.000691729 -0.000789147 -0.0178896 0.0882126 -0.000788361 0.00200188 0.000691729 -0.000788361 0.0100433 -0.0182817 -0.000789147 0.00200188 -0.0182817 0.0891725 
0.00970663 -0.0178044 0.000691961 -0.000783098 -0.0178044 0.0876494 -0.000780132 0.00198052 0.000691961 -0.000780132 0.00995273 -0.0181088 -0.000783098 0.00198052 -0.0181088 0.0884918 
0.00971295 -0.0178224 0.000668884 -0.000772947 -0.0178224 0.0877336 -0.000767523 0.00193819 0.000668884 -0.000767523 0.00994418 -0.0180812 -0.000772947 0.00193819 -0.0180812 0.0884187 
0.00976168 -0.0179258 0.00063742 -0.000753617 -0.0179258 0.0882713 -0.000750243 0.00190353 0.00063742 -0.000750243 0.0100333 -0.0181908 -0.000753617 0.00190353 -0.0181908 0.0889398 
0.0097447 -0.0178815 0.000624114 -0.000710673 -0.0178815 0.0880784 -0.000707078 0.00181631 0.000624114 -0.000707078 0.0100239 -0.018183 -0.000710673 0.00181631 -0.018183 0.0887896 
0.00973504 -0.0178996 0.000624619 -0.000696825 -0.0178996 0.0881526 -0.000696176 0.0017625 0.000624619 -0.000696176 0.0100527 -0.0182214 -0.000696825 0.0017625 -0.0182214 0.0889354 
0.00966222 -0.0177947 0.000651181 -0.000698837 -0.0177947 0.0877178 -0.000701533 0.00175496 0.000651181 -0.000701533 0.0100352 -0.0181738 -0.000698837 0.00175496 -0.0181738 0.0886344 
0.00963212 -0.0178391 0.000687834 -0.000745482 -0.0178391 0.088018 -0.000747327 0.00184262 0.000687834 -0.000747327 0.0101396 -0.0182689 -0.000745482 0.00184262 -0.0182689 0.0890495 
0.00955744 -0.0176967 0.000691064 -0.000784254 -0.0176967 0.0875981 -0.000785567 0.00194025 0.000691064 -0.000785567 0.0101641 -0.0182982 -0.000784254 0.00194025 -0.0182982 0.0889471 
0.00956479 -0.0176536 0.00068275 -0.000791888 -0.0176536 0.0875125 -0.000793864 0.00199766 0.00068275 -0.000793864 0.0101907 -0.0183894 -0.000791888 0.00199766 -0.0183894 0.0892403 
0.00958885 -0.0176839 0.000687951 -0.000777384 -0.0176839 0.0876002 -0.000783504 0.00199226 0.000687951 -0.000783504 0.0102143 -0.0184389 -0.000777384 0.00199226 -0.0184389 0.0895032 
0.00963679 -0.0177216 0.000707685 -0.000778148 -0.0177216 0.0877027 -0.000788042 0.00198573 0.000707685 -0.000788042 0.0102097 -0.0184415 -0.000778148 0.00198573 -0.0184415 0.0895567 
0.00969281 -0.0177911 0.000690064 -0.000795729 -0.0177911 0.087876 -0.000811961 0.00201273 0.000690064 -0.000811961 0.0101945 -0.0184209 -0.000795729 0.00201273 -0.0184209 0.0895228 
0.00964455 -0.0178099 0.000646035 -0.000777531 -0.0178099 0.0878195 -0.000796358 0.00201208 0.000646035 -0.000796358 0.0101833 -0.0183563 -0.000777531 0.00201208 -0.0183563 0.0892478 
0.00963916 -0.0177534 0.00061052 -0.00072251 -0.0177534 0.0876971 -0.000733684 0.00190919 0.00061052 -0.000733684 0.0101418 -0.0183433 -0.00072251 0.00190919 -0.0183433 0.0890951 
0.00961306 -0.017736 0.000603004 -0.000681572 -0.017736 0.0875597 -0.000683365 0.00178656 0.000603004 -0.000683365 0.0101153 -0.018282 -0.000681572 0.00178656 -0.018282 0.0888972 
0.00967157 -0.0178576 0.000594583 -0.000677574 -0.0178576 0.0882257 -0.000679702 0.00173517 0.000594583 -0.000679702 0.0101915 -0.0184228 -0.000677574 0.00173517 -0.0184228 0.0895779 
0.00959011 -0.0176915 0.000588689 -0.000665018 -0.0176915 0.0874736 -0.000670153 0.00170626 0.000588689 -0.000670153 0.0100922 -0.0182796 -0.000665018 0.00170626 -0.0182796 0.0888788 
0.00961269 -0.0176757 0.000581374 -0.000664702 -0.0176757 0.0873909 -0.000669618 0.00170201 0.000581374 -0.000669618 0.010047 -0.0182456 -0.000664702 0.00170201 -0.0182456 0.0887957 
0.00961543 -0.0177414 0.000581536 -0.000663275 -0.0177414 0.087558 -0.000667259 0.00170598 0.000581536 -0.000667259 0.0100612 -0.0181994 -0.000663275 0.00170598 -0.0181994 0.088743 
0.00953294 -0.0177698 0.000601002 -0.000653874 -0.0177698 0.0877326 -0.000654406 0.00167605 0.000601002 -0.000654406 0.010129 -0.0181994 -0.000653874 0.00167605 -0.0181994 0.0887087 
0.00952151 -0.0176799 0.000605731 -0.000685053 -0.0176799 0.0877257 -0.000683061 0.00171352 0.000605731 -0.000683061 0.0101663 -0.0183151 -0.000685053 0.00171352 -0.0183151 0.0889661 
0.00950016 -0.017669 0.000599055 -0.000693534 -0.017669 0.0876957 -0.000692684 0.0017543 0.000599055 -0.000692684 0.0102064 -0.0183513 -0.000693534 0.0017543 -0.0183513 0.0891403 
0.0094869 -0.0176555 0.000605645 -0.000684108 -0.0176555 0.0876995 -0.000686971 0.00175813 0.000605645 -0.000686971 0.0102125 -0.0183867 -0.000684108 0.00175813 -0.0183867 0.0892511 
0.0094366 -0.0175251 0.000580939 -0.000675742 -0.0175251 0.0871364 -0.000684462 0.0017302 0.000580939 -0.000684462 0.0101613 -0.0182938 -0.000675742 0.0017302 -0.0182938 0.0888031 
0.00950695 -0.0176627 0.000563679 -0.000660352 -0.0176627 0.0877718 -0.000671686 0.0017173 0.000563679 -0.000671686 0.0102378 -0.0184315 -0.000660352 0.0017173 -0.0184315 0.0894805 
0.0094687 -0.0175708 0.0005383 -0.000622666 -0.0175708 0.0873036 -0.000632272 0.00162737 0.0005383 -0.000632272 0.0101686 -0.0183257 -0.000622666 0.00162737 -0.0183257 0.0889786 
0.00946002 -0.0176108 0.000509769 -0.000596512 -0.0176108 0.0874605 -0.000605343 0.00155375 0.000509769 -0.000605343 0.0102066 -0.0183448 -0.000596512 0.00155375 -0.0183448 0.0891056 
0.0094213 -0.0176161 0.000506751 -0.000569946 -0.0176161 0.0876009 -0.000583208 0.00150061 0.000506751 -0.000583208 0.0102647 -0.0184201 -0.000569946 0.00150061 -0.0184201 0.0893522 
0.00933626 -0.0174356 0.00051802 -0.000569337 -0.0174356 0.0869364 -0.000586021 0.00148564 0.00051802 -0.000586021 0.0102184 -0.0183688 -0.000569337 0.00148564 -0.0183688 0.0889626 
0.00936969 -0.0175138 0.000529659 -0.000593209 -0.0175138 0.0874122 -0.000602727 0.00152174 0.000529659 -0.000602727 0.0102968 -0.0185311 -0.000593209 0.00152174 -0.0185311 0.0897326 
0.00931109 -0.0173614 0.000554391 -0.000616743 -0.0173614 0.0867275 -0.000614281 0.0015738 0.000554391 -0.000614281 0.0102073 -0.0184051 -0.000616743 0.0015738 -0.0184051 0.0891721 
0.00938152 -0.0174349 0.000554259 -0.000653532 -0.0174349 0.0870312 -0.000646351 0.0016509 0.000554259 -0.000646351 0.0102185 -0.0184353 -0.000653532 0.0016509 -0.0184353 0.0894376 
0.00938314 -0.0174248 0.000540655 -0.000640215 -0.0174248 0.0868009 -0.000632412 0.00164774 0.000540655 -0.000632412 0.0101346 -0.0183071 -0.000640215 0.00164774 -0.0183071 0.0889367 
0.00938734 -0.0174649 0.00053937 -0.000625901 -0.0174649 0.0869028 -0.000622779 0.00162693 0.00053937 -0.000622779 0.0101043 -0.0182552 -0.000625901 0.00162693 -0.0182552 0.0887876 
0.00947168 -0.0175977 0.000544106 -0.000615174 -0.0175977 0.0875652 -0.000619367 0.0015942 0.000544106 -0.000619367 0.0101291 -0.0183269 -0.000615174 0.0015942 -0.0183269 0.0892233 
0.00941382 -0.0175585 0.00055244 -0.000619386 -0.0175585 0.0873114 -0.000629773 0.00159624 0.00055244 -0.000629773 0.0100789 -0.018207 -0.000619386 0.00159624 -0.018207 0.0887498 
0.00937971 -0.0175189 0.000528376 -0.000625388 -0.0175189 0.0872371 -0.000634304 0.00159898 0.000528376 -0.000634304 0.0100793 -0.0181707 -0.000625388 0.00159898 -0.0181707 0.0885739 
0.00937936 -0.0175793 0.000489869 -0.000595547 -0.0175793 0.0876569 -0.000599154 0.00154592 0.000489869 -0.000599154 0.0101888 -0.0182857 -0.000595547 0.00154592 -0.0182857 0.0890618 
0.00936259 -0.0175192 0.000478803 -0.000544693 -0.0175192 0.0875543 -0.000548232 0.00143399 0.000478803 -0.000548232 0.010212 -0.018361 -0.000544693 0.00143399 -0.018361 0.0892111 
0.0093466 -0.0174301 0.000479482 -0.000533815 -0.0174301 0.0871561 -0.000534614 0.00136445 0.000479482 -0.000534614 0.0101846 -0.0183416 -0.000533815 0.00136445 -0.0183416 0.0890713 
0.00932346 -0.0173575 0.000457225 -0.000529454 -0.0173575 0.0866995 -0.000525364 0.00132299 0.000457225 -0.000525364 0.0101346 -0.0182644 -0.000529454 0.00132299 -0.0182644 0.0887194 
0.00941971 -0.0174903 0.000454789 -0.000519474 -0.0174903 0.0872457 -0.00051267 0.00131265 0.000454789 -0.00051267 0.0101563 -0.0183634 -0.000519474 0.00131265 -0.0183634 0.0892346 
0.00939873 -0.0175403 0.000435039 -0.000509781 -0.0175403 0.0873164 -0.000503393 0.00128451 0.000435039 -0.000503393 0.0101411 -0.0183009 -0.000509781 0.00128451 -0.0183009 0.0890892 
0.009373 -0.0175469 0.000415167 -0.000496005 -0.0175469 0.0874652 -0.000490734 0.00126593 0.000415167 -0.000490734 0.0101849 -0.0183199 -0.000496005 0.00126593 -0.0183199 0.0891621 
0.00934301 -0.017382 0.000425427 -0.000464639 -0.017382 0.0868305 -0.000460349 0.00120148 0.000425427 -0.000460349 0.0101032 -0.0182567 -0.000464639 0.00120148 -0.0182567 0.0886941 
0.00945102 -0.0175365 0.000455649 -0.000485414 -0.0175365 0.087441 -0.000481341 0.00121513 0.000455649 -0.000481341 0.0101489 -0.0183628 -0.000485414 0.00121513 -0.0183628 0.0893296 
0.00944157 -0.0175721 0.000458551 -0.000503907 -0.0175721 0.087459 -0.000503582 0.00123999 0.000458551 -0.000503582 0.0101446 -0.0183208 -0.000503907 0.00123999 -0.0183208 0.0892143 
0.00937179 -0.0174889 0.000457213 -0.00049935 -0.0174889 0.0870944 -0.000500432 0.00123807 0.000457213 -0.000500432 0.0101296 -0.0182451 -0.00049935 0.00123807 -0.0182451 0.0888044 
0.00935178 -0.017453 0.000471035 -0.000516977 -0.017453 0.0870129 -0.000516215 0.00128143 0.000471035 -0.000516215 0.0101327 -0.0182671 -0.000516977 0.00128143 -0.0182671 0.0888038 
0.00935186 -0.0174942 0.000481716 -0.00055317 -0.0174942 0.0872785 -0.000549835 0.0013767 0.000481716 -0.000549835 0.0101687 -0.0183558 -0.00055317 0.0013767 -0.0183558 0.0892115 
0.00928086 -0.0173672 0.000484133 -0.000550766 -0.0173672 0.0867738 -0.000555296 0.00140528 0.000484133 -0.000555296 0.0101224 -0.0182696 -0.000550766 0.00140528 -0.0182696 0.088824 
0.00930332 -0.0173782 0.000496364 -0.000553141 -0.0173782 0.0869017 -0.000562105 0.00142207 0.000496364 -0.000562105 0.0101311 -0.0183057 -0.000553141 0.00142207 -0.0183057 0.0890235 
0.00933165 -0.0173625 0.000485765 -0.000557194 -0.0173625 0.0867936 -0.000560042 0.00141111 0.000485765 -0.000560042 0.0100967 -0.0182621 -0.000557194 0.00141111 -0.0182621 0.0888806 
0.00937707 -0.0174674 0.000493841 -0.000563183 -0.0174674 0.087143 -0.000548701 0.00141504 0.000493841 -0.000548701 0.0101299 -0.0182808 -0.000563183 0.00141504 -0.0182808 0.0890574 
0.0093312 -0.0175038 0.000469111 -0.000570454 -0.0175038 0.0872804 -0.00055038 0.00141592 0.000469111 -0.00055038 0.0101925 -0.0182823 -0.000570454 0.00141592 -0.0182823 0.0890304 
0.00924336 -0.0174376 0.000454909 -0.000542979 -0.0174376 0.0871711 -0.000524979 0.00138221 0.000454909 -0.000524979 0.0102466 -0.0183251 -0.000542979 0.00138221 -0.0183251 0.0890059 
0.00921797 -0.0173359 0.000446262 -0.000535117 -0.0173359 0.0870058 -0.000525226 0.00137552 0.000446262 -0.000525226 0.0102748 -0.0184301 -0.000535117 0.00137552 -0.0184301 0.0892623 
0.00930146 -0.0173421 0.00046071 -0.000522477 -0.0173421 0.0871057 -0.000521369 0.00136315 0.00046071 -0.000521369 0.0102989 -0.0185371 -0.000522477 0.00136315 -0.0185371 0.0897451 
0.00933394 -0.0173169 0.000473585 -0.000515365 -0.0173169 0.0866683 -0.000518892 0.00132461 0.000473585 -0.000518892 0.0101959 -0.0184156 -0.000515365 0.00132461 -0.0184156 0.0892714 
0.00935206 -0.0173799 0.00049958 -0.000541335 -0.0173799 0.0866557 -0.00054498 0.00136488 0.00049958 -0.00054498 0.0101532 -0.018317 -0.000541335 0.00136488 -0.018317 0.0889683 
0.00938169 -0.0175123 0.000508047 -0.000581836 -0.0175123 0.0872022 -0.000581742 0.00145261 0.000508047 -0.000581742 0.0102118 -0.0183549 -0.000581836 0.00145261 -0.0183549 0.0892042 
0.00941786 -0.0175834 0.000531654 -0.00058686 -0.0175834 0.0876392 -0.000589535 0.00149662 0.000531654 -0.000589535 0.010243 -0.0184357 -0.00058686 0.00149662 -0.0184357 0.0895087 
0.00939977 -0.0175289 0.00052916 -0.000600137 -0.0175289 0.0874168 -0.000610788 0.00152256 0.00052916 -0.000610788 0.0102091 -0.0183831 -0.000600137 0.00152256 -0.0183831 0.0892694 
0.00935767 -0.0174711 0.000523504 -0.000591483 -0.0174711 0.0871211 -0.000606052 0.00152212 0.000523504 -0.000606052 0.010177 -0.0183174 -0.000591483 0.00152212 -0.0183174 0.0889682 
0.00937054 -0.0175526 0.000518754 -0.000585886 -0.0175526 0.0875697 -0.000598867 0.00150677 0.000518754 -0.000598867 0.0102608 -0.0184146 -0.000585886 0.00150677 -0.0184146 0.089441 
0.00931291 -0.0174326 0.000519657 -0.000579653 -0.0174326 0.087112 -0.000590575 0.00148582 0.000519657 -0.000590575 0.0102372 -0.0183656 -0.000579653 0.00148582 -0.0183656 0.0890886 
0.00930621 -0.0173427 0.000495704 -0.000585846 -0.0173427 0.086736 -0.00059697 0.00149674 0.000495704 -0.00059697 0.0101735 -0.0183548 -0.000585846 0.00149674 -0.0183548 0.0889395 
0.00944088 -0.0175005 0.000498238 -0.000553493 -0.0175005 0.0873697 -0.000560869 0.0014428 0.000498238 -0.000560869 0.010154 -0.0184422 -0.000553493 0.0014428 -0.0184422 0.0895599 
0.00950259 -0.0175686 0.000508367 -0.000553372 -0.0175686 0.0874529 -0.000558921 0.00140516 0.000508367 -0.000558921 0.0100853 -0.0183278 -0.000553372 0.00140516 -0.0183278 0.0893379 
0.00950321 -0.0176413 0.000499637 -0.000562203 -0.0176413 0.0875903 -0.000566954 0.00140357 0.000499637 -0.000566954 0.0100775 -0.018232 -0.000562203 0.00140357 -0.018232 0.0890521 
0.00950158 -0.0176716 0.000493964 -0.000562862 -0.0176716 0.0878 -0.000563438 0.00141634 0.000493964 -0.000563438 0.0100938 -0.0182591 -0.000562862 0.00141634 -0.0182591 0.0890884 
0.00938513 -0.017551 0.000488167 -0.000568772 -0.017551 0.0872902 -0.000560657 0.00143258 0.000488167 -0.000560657 0.0100755 -0.0181658 -0.000568772 0.00143258 -0.0181658 0.0885948 
0.00931698 -0.0175077 0.00045945 -0.00056915 -0.0175077 0.0873229 -0.00055176 0.00143347 0.00045945 -0.00055176 0.0101616 -0.018244 -0.00056915 0.00143347 -0.018244 0.088832 
0.00926311 -0.0173827 0.000427159 -0.000531835 -0.0173827 0.0869868 -0.000511391 0.00136743 0.000427159 -0.000511391 0.0102014 -0.0182918 -0.000531835 0.00136743 -0.0182918 0.0888445 
0.00928421 -0.0172871 0.000420764 -0.000481037 -0.0172871 0.0866069 -0.000469644 0.00125693 0.000420764 -0.000469644 0.0101547 -0.0183238 -0.000481037 0.00125693 -0.0183238 0.0888313 
0.00934335 -0.0173898 0.000444621 -0.00046667 -0.0173898 0.0868704 -0.000468301 0.00119651 0.000444621 -0.000468301 0.0101582 -0.0183494 -0.00046667 0.00119651 -0.0183494 0.0891241 
0.00939203 -0.017449 0.000448283 -0.000492759 -0.017449 0.0870404 -0.000497679 0.00121708 0.000448283 -0.000497679 0.01014 -0.0183275 -0.000492759 0.00121708 -0.0183275 0.0891232 
0.00943598 -0.0175929 0.000464171 -0.000514235 -0.0175929 0.0876069 -0.000515908 0.00128425 0.000464171 -0.000515908 0.0101907 -0.0183726 -0.000514235 0.00128425 -0.0183726 0.0894332 
0.00941074 -0.0175656 0.000465324 -0.000526561 -0.0175656 0.0875078 -0.000523797 0.00131538 0.000465324 -0.000523797 0.0101805 -0.018319 -0.000526561 0.00131538 -0.018319 0.0891406 
0.00939339 -0.0175363 0.000469623 -0.000524744 -0.0175363 0.0873943 -0.000517475 0.00131372 0.000469623 -0.000517475 0.0101629 -0.0182941 -0.000524744 0.00131372 -0.0182941 0.0889561 
0.0094175 -0.0176134 0.000504218 -0.000548625 -0.0176134 0.0877803 -0.000540868 0.00136842 0.000504218 -0.000540868 0.0102068 -0.0183648 -0.000548625 0.00136842 -0.0183648 0.0893035 
0.00935539 -0.0174484 0.000558435 -0.000580066 -0.0174484 0.0870318 -0.000577909 0.0014389 0.000558435 -0.000577909 0.0101027 -0.0182151 -0.000580066 0.0014389 -0.0182151 0.0885563 
0.00945753 -0.0175803 0.000592024 -0.000656499 -0.0175803 0.087654 -0.000665338 0.00161681 0.000592024 -0.000665338 0.0101541 -0.0183425 -0.000656499 0.00161681 -0.0183425 0.0892214 
0.00946 -0.0175988 0.000579982 -0.000680311 -0.0175988 0.0876208 -0.0006955 0.001723 0.000579982 -0.0006955 0.0101627 -0.0183075 -0.000680311 0.001723 -0.0183075 0.0891339 
0.00949587 -0.0176078 0.000576709 -0.000660386 -0.0176078 0.0876533 -0.000675753 0.00172351 0.000576709 -0.000675753 0.0101552 -0.0183387 -0.000660386 0.00172351 -0.0183387 0.089191 
0.00949791 -0.0176503 0.000550489 -0.000642677 -0.0176503 0.0877274 -0.000655028 0.00166493 0.000550489 -0.000655028 0.0101668 -0.0183363 -0.000642677 0.00166493 -0.0183363 0.0892303 
0.00947474 -0.0175992 0.000532328 -0.000614918 -0.0175992 0.0875167 -0.000617483 0.00159002 0.000532328 -0.000617483 0.0101404 -0.0183124 -0.000614918 0.00159002 -0.0183124 0.0890605 
0.00950773 -0.0176439 0.000552997 -0.000604976 -0.0176439 0.0877282 -0.00059325 0.00153481 0.000552997 -0.00059325 0.0101609 -0.0183597 -0.000604976 0.00153481 -0.0183597 0.089315 
0.00952542 -0.017662 0.000577057 -0.000635381 -0.017662 0.0877843 -0.000618435 0.0015593 0.000577057 -0.000618435 0.0101628 -0.0183711 -0.000635381 0.0015593 -0.0183711 0.0893943 
0.0095428 -0.0176678 0.000600426 -0.000675198 -0.0176678 0.0877755 -0.000660734 0.00165705 0.000600426 -0.000660734 0.0101487 -0.0183683 -0.000675198 0.00165705 -0.0183683 0.0893999 
0.00949847 -0.0176204 0.000614564 -0.000694791 -0.0176204 0.0874683 -0.000685947 0.00172726 0.000614564 -0.000685947 0.0101209 -0.0182872 -0.000694791 0.00172726 -0.0182872 0.0890549 
0.00952581 -0.017681 0.000642303 -0.000725124 -0.017681 0.0878152 -0.000717386 0.00181754 0.000642303 -0.000717386 0.0101776 -0.0183723 -0.000725124 0.00181754 -0.0183723 0.0894238 
0.00949166 -0.0175571 0.000655693 -0.000738157 -0.0175571 0.087221 -0.000729017 0.00184847 0.000655693 -0.000729017 0.0100791 -0.0182548 -0.000738157 0.00184847 -0.0182548 0.0888223 
0.00950685 -0.0176073 0.00065575 -0.000761417 -0.0176073 0.0873359 -0.000755118 0.00190644 0.00065575 -0.000755118 0.0100981 -0.0182227 -0.000761417 0.00190644 -0.0182227 0.0887996 
0.00948599 -0.0176217 0.000663931 -0.000753864 -0.0176217 0.0874014 -0.000751064 0.00191682 0.000663931 -0.000751064 0.010139 -0.018235 -0.000753864 0.00191682 -0.018235 0.0887717 
0.00949289 -0.0175916 0.000657494 -0.000757544 -0.0175916 0.0873587 -0.000756281 0.00191448 0.000657494 -0.000756281 0.0101544 -0.0182818 -0.000757544 0.00191448 -0.0182818 0.0888262 
0.00951743 -0.0176727 0.00065318 -0.000755619 -0.0176727 0.0877242 -0.00075695 0.00192313 0.00065318 -0.00075695 0.0102252 -0.0183983 -0.000755619 0.00192313 -0.0183983 0.0893374 
0.00951485 -0.0176122 0.000623779 -0.000739896 -0.0176122 0.0875004 -0.000744662 0.0018952 0.000623779 -0.000744662 0.0102113 -0.0183984 -0.000739896 0.0018952 -0.0183984 0.0892649 
0.0095169 -0.0176115 0.000612352 -0.000703785 -0.0176115 0.0873965 -0.000708782 0.00182718 0.000612352 -0.000708782 0.0101814 -0.0183766 -0.000703785 0.00182718 -0.0183766 0.0891913 
0.00949276 -0.0175964 0.0005797 -0.000683009 -0.0175964 0.0872291 -0.000685661 0.0017513 0.0005797 -0.000685661 0.0101449 -0.0182834 -0.000683009 0.0017513 -0.0182834 0.0888541 
0.00950231 -0.0176418 0.000571702 -0.000657191 -0.0176418 0.0874673 -0.000660009 0.00170204 0.000571702 -0.000660009 0.010171 -0.0183088 -0.000657191 0.00170204 -0.0183088 0.0889655 
0.00950966 -0.0176564 0.000586411 -0.000643379 -0.0176564 0.0876163 -0.000647308 0.00165702 0.000586411 -0.000647308 0.0101871 -0.018355 -0.000643379 0.00165702 -0.018355 0.0891293 
0.00953565 -0.0176911 0.000613778 -0.000671491 -0.0176911 0.0878351 -0.000673318 0.00169289 0.000613778 -0.000673318 0.0102201 -0.0184153 -0.000671491 0.00169289 -0.0184153 0.0894212 
0.00954253 -0.017691 0.000638451 -0.000707704 -0.017691 0.0878333 -0.000706344 0.00176983 0.000638451 -0.000706344 0.0102407 -0.018425 -0.000707704 0.00176983 -0.018425 0.0894663 
0.00955168 -0.0176803 0.000631776 -0.000733631 -0.0176803 0.0877438 -0.000732032 0.00183814 0.000631776 -0.000732032 0.0102436 -0.0184227 -0.000733631 0.00183814 -0.0184227 0.0894031 
0.00957542 -0.0176781 0.000637868 -0.000731725 -0.0176781 0.0876449 -0.000724612 0.0018651 0.000637868 -0.000724612 0.0102047 -0.0184029 -0.000731725 0.0018651 -0.0184029 0.089276 
0.00958037 -0.0177112 0.000622241 -0.000734709 -0.0177112 0.0876516 -0.000727209 0.0018685 0.000622241 -0.000727209 0.0101793 -0.018352 -0.000734709 0.0018685 -0.018352 0.0891302 
0.0096136 -0.0177114 0.000634598 -0.000714252 -0.0177114 0.0876536 -0.000710824 0.0018436 0.000634598 -0.000710824 0.0101413 -0.0183339 -0.000714252 0.0018436 -0.0183339 0.0890506 
0.0096299 -0.0177384 0.000636175 -0.000714628 -0.0177384 0.0876443 -0.000716297 0.00181827 0.000636175 -0.000716297 0.0101096 -0.0182778 -0.000714628 0.00181827 -0.0182778 0.0888949 
0.00964731 -0.0177953 0.000635476 -0.000717676 -0.0177953 0.0878519 -0.000716134 0.00181352 0.000635476 -0.000716134 0.0101228 -0.0182797 -0.000717676 0.00181352 -0.0182797 0.0889532 
0.0096632 -0.0178431 0.000634596 -0.00071867 -0.0178431 0.0881045 -0.000712809 0.0018097 0.000634596 -0.000712809 0.0101421 -0.0183253 -0.00071867 0.0018097 -0.0183253 0.0891486 
0.00969288 -0.0178624 0.000627572 -0.000728334 -0.0178624 0.0882434 -0.000719395 0.00183082 0.000627572 -0.000719395 0.0101498 -0.0183542 -0.000728334 0.00183082 -0.0183542 0.0893024 
0.00968003 -0.0177995 0.000642765 -0.000725091 -0.0177995 0.0878785 -0.000716588 0.00184456 0.000642765 -0.000716588 0.01009 -0.0182711 -0.000725091 0.00184456 -0.0182711 0.0889264 
0.00969465 -0.0178499 0.00065751 -0.000739038 -0.0178499 0.0880069 -0.000738645 0.00187534 0.00065751 -0.000738645 0.0100711 -0.0182483 -0.000739038 0.00187534 -0.0182483 0.0889104 
0.00967623 -0.0178816 0.000686743 -0.000756532 -0.0178816 0.0881681 -0.000759524 0.00192567 0.000686743 -0.000759524 0.0100765 -0.0182385 -0.000756532 0.00192567 -0.0182385 0.0889351 
0.00962521 -0.017796 0.000700803 -0.000787067 -0.017796 0.0879194 -0.000787165 0.00198171 0.000700803 -0.000787165 0.0100723 -0.0182023 -0.000787067 0.00198171 -0.0182023 0.0887353 
0.00961629 -0.0177024 0.000685558 -0.000806778 -0.0177024 0.0875707 -0.000802541 0.00203337 0.000685558 -0.000802541 0.010055 -0.0181845 -0.000806778 0.00203337 -0.0181845 0.0885659 
0.00969631 -0.0177996 0.000654769 -0.00079785 -0.0177996 0.0879488 -0.000789243 0.00204602 0.000654769 -0.000789243 0.0100987 -0.0182915 -0.00079785 0.00204602 -0.0182915 0.0890706 
0.00965264 -0.0178575 0.000629502 -0.000749747 -0.0178575 0.0880823 -0.00073729 0.00195153 0.000629502 -0.00073729 0.0101395 -0.0182994 -0.000749747 0.00195153 -0.0182994 0.0891626 
0.00964148 -0.0177874 0.000605579 -0.000714015 -0.0177874 0.0879711 -0.000702153 0.00184278 0.000605579 -0.000702153 0.0101355 -0.0183301 -0.000714015 0.00184278 -0.0183301 0.0891789 
0.00960625 -0.0177428 0.000601607 -0.000672825 -0.0177428 0.0877504 -0.000667867 0.00173172 0.000601607 -0.000667867 0.0101211 -0.0183063 -0.000672825 0.00173172 -0.0183063 0.0890864 
0.0095349 -0.0176486 0.000590499 -0.000657982 -0.0176486 0.0873257 -0.00066306 0.00166554 0.000590499 -0.00066306 0.0100914 -0.0182216 -0.000657982 0.00166554 -0.0182216 0.0886947 
0.00954292 -0.0176803 0.000567039 -0.000651098 -0.0176803 0.0875808 -0.000661767 0.00164615 0.000567039 -0.000661767 0.0101666 -0.0183059 -0.000651098 0.00164615 -0.0183059 0.089045 
0.00952391 -0.017668 0.000579929 -0.00063459 -0.017668 0.0876056 -0.000646061 0.00163154 0.000579929 -0.000646061 0.0101975 -0.0183802 -0.00063459 0.00163154 -0.0183802 0.0892564 
0.00951221 -0.0176522 0.000579841 -0.000659284 -0.0176522 0.0875969 -0.000670624 0.00167156 0.000579841 -0.000670624 0.0102247 -0.0184093 -0.000659284 0.00167156 -0.0184093 0.0893759 
0.00955104 -0.0176755 0.000608451 -0.000653551 -0.0176755 0.0877681 -0.000667709 0.00168338 0.000608451 -0.000667709 0.0102259 -0.0184823 -0.000653551 0.00168338 -0.0184823 0.0896666 
0.0095091 -0.0175766 0.000605116 -0.000681987 -0.0175766 0.0871829 -0.000693966 0.00171813 0.000605116 -0.000693966 0.0101264 -0.0183139 -0.000681987 0.00171813 -0.0183139 0.0889909 
0.0095596 -0.0177307 0.000586537 -0.000684067 -0.0177307 0.0878425 -0.000691226 0.00174091 0.000586537 -0.000691226 0.0102053 -0.0183856 -0.000684067 0.00174091 -0.0183856 0.0894444 
0.00945172 -0.017587 0.000565019 -0.000665823 -0.017587 0.0872283 -0.000665835 0.00171554 0.000565019 -0.000665835 0.0101658 -0.0182753 -0.000665823 0.00171554 -0.0182753 0.0887932 
0.00953879 -0.0176932 0.000558553 -0.000640531 -0.0176932 0.0879172 -0.000638478 0.0016553 0.000558553 -0.000638478 0.0102425 -0.018477 -0.000640531 0.0016553 -0.018477 0.0896471 
