0.00772595 0 0.000404438 0 0 0.00998155 0 0 0.000404438 0 0.00666415 0 0 0 0 0.00998155 
0.0110332 -0.0136777 0.000610017 -0.000741222 -0.0136777 0.0354843 -0.000741222 0.00142112 0.000610017 -0.000741222 0.00956271 -0.0118898 -0.000741222 0.00142112 -0.0118898 0.0320573 
0.0108183 -0.0199122 0.00054076 -0.000837246 -0.0199122 0.0726928 -0.000837246 0.00260934 0.00054076 -0.000837246 0.00954166 -0.0180393 -0.000837246 0.00260934 -0.0180393 0.0668736 
0.0101412 -0.0191313 0.000478634 -0.000597575 -0.0191313 0.0847248 -0.000594741 0.00199601 0.000478634 -0.000594741 0.00902295 -0.0178831 -0.000597575 0.00199601 -0.0178831 0.080955 
0.0102233 -0.0185453 0.000453004 -0.000571839 -0.0185453 0.0879038 -0.00056063 0.00176303 0.000453004 -0.00056063 0.00902985 -0.0174029 -0.000571839 0.00176303 -0.0174029 0.0851267 
0.0102987 -0.0184753 0.000434745 -0.000533313 -0.0184753 0.0887303 -0.000513628 0.00160431 0.000434745 -0.000513628 0.00916165 -0.0171868 -0.000533313 0.00160431 -0.0171868 0.0858274 
0.0103193 -0.0185074 0.000460704 -0.000503768 -0.0185074 0.0892058 -0.000487271 0.0014475 0.000460704 -0.000487271 0.00931047 -0.0172602 -0.000503768 0.0014475 -0.0172602 0.0862127 
0.0104062 -0.018687 0.000507847 -0.00052979 -0.018687 0.0903308 -0.000513769 0.0013908 0.000507847 -0.000513769 0.00947444 -0.0176064 -0.00052979 0.0013908 -0.0176064 0.0876201 
0.0103184 -0.0185107 0.000523148 -0.000595372 -0.0185107 0.089666 -0.00057589 0.00147315 0.000523148 -0.00057589 0.00943163 -0.0175555 -0.000595372 0.00147315 -0.0175555 0.0873386 
0.010437 -0.0186335 0.000503963 -0.000625978 -0.0186335 0.090274 -0.000613586 0.00158013 0.000503963 -0.000613586 0.0094703 -0.0176976 -0.000625978 0.00158013 -0.0176976 0.0880941 
0.0104232 -0.018619 0.000473872 -0.000589556 -0.018619 0.0899772 -0.000592775 0.00157176 0.000473872 -0.000592775 0.00939985 -0.0175678 -0.000589556 0.00157176 -0.0175678 0.0876342 
0.0103801 -0.0186089 0.000463978 -0.000534509 -0.0186089 0.0898317 -0.000549736 0.00146665 0.000463978 -0.000549736 0.00936878 -0.0174688 -0.000534509 0.00146665 -0.0174688 0.0872232 
0.0103993 -0.0185925 0.000457242 -0.000518529 -0.0185925 0.0898631 -0.000538966 0.0013988 0.000457242 -0.000538966 0.00932787 -0.0174808 -0.000518529 0.0013988 -0.0174808 0.0872066 
0.0103716 -0.0185624 0.000448396 -0.000505469 -0.0185624 0.0896323 -0.000526558 0.00135 0.000448396 -0.000526558 0.00929847 -0.0173774 -0.000505469 0.00135 -0.0173774 0.0868691 
0.0104472 -0.0187627 0.00046371 -0.00050556 -0.0187627 0.0906266 -0.00052378 0.00134131 0.00046371 -0.00052378 0.00945762 -0.0175767 -0.00050556 0.00134131 -0.0175767 0.087809 
0.0103597 -0.018659 0.000472521 -0.000524964 -0.018659 0.0902697 -0.00053328 0.00135663 0.000472521 -0.00053328 0.00948687 -0.0175882 -0.000524964 0.00135663 -0.0175882 0.0876257 
0.0102891 -0.0186077 0.00052982 -0.000545822 -0.0186077 0.0901927 -0.000544789 0.00139818 0.00052982 -0.000544789 0.00953691 -0.0176696 -0.000545822 0.00139818 -0.0176696 0.0878302 
0.0102621 -0.0185514 0.00053975 -0.000609822 -0.0185514 0.0901507 -0.000603593 0.00149644 0.00053975 -0.000603593 0.00957419 -0.0177489 -0.000609822 0.00149644 -0.0177489 0.0881104 
0.0103341 -0.0185663 0.000514222 -0.000625907 -0.0185663 0.0902949 -0.000624201 0.00158256 0.000514222 -0.000624201 0.0095625 -0.0178198 -0.000625907 0.00158256 -0.0178198 0.0884451 
0.0102345 -0.0183754 0.000490405 -0.000582605 -0.0183754 0.0891612 -0.000588053 0.00153861 0.000490405 -0.000588053 0.0094014 -0.0175401 -0.000582605 0.00153861 -0.0175401 0.0872452 
0.010359 -0.0185157 0.000467969 -0.00055948 -0.0185157 0.0897397 -0.000567069 0.00148017 0.000467969 -0.000567069 0.00939842 -0.0175933 -0.00055948 0.00148017 -0.0175933 0.0876216 
0.0103841 -0.0185661 0.000452065 -0.000515744 -0.0185661 0.0897367 -0.000520397 0.00136527 0.000452065 -0.000520397 0.00936096 -0.01748 -0.000515744 0.00136527 -0.01748 0.0872655 
0.0103746 -0.0185927 0.000438973 -0.000505117 -0.0185927 0.0897431 -0.000506865 0.00130659 0.000438973 -0.000506865 0.00935896 -0.0174101 -0.000505117 0.00130659 -0.0174101 0.0869352 
0.0103551 -0.0186223 0.000432499 -0.000489148 -0.0186223 0.0898992 -0.000489036 0.00126091 0.000432499 -0.000489036 0.00937636 -0.0174318 -0.000489148 0.00126091 -0.0174318 0.0869292 
0.0103073 -0.0185371 0.00043225 -0.000484018 -0.0185371 0.0896362 -0.000486121 0.00124223 0.00043225 -0.000486121 0.0093536 -0.0174087 -0.000484018 0.00124223 -0.0174087 0.0867343 
0.0102768 -0.0184898 0.000457646 -0.000488346 -0.0184898 0.0894701 -0.000495523 0.00125754 0.000457646 -0.000495523 0.00931692 -0.0173868 -0.000488346 0.00125754 -0.0173868 0.0866403 
0.0104146 -0.018771 0.000518116 -0.000533136 -0.018771 0.0908813 -0.000535615 0.00134206 0.000518116 -0.000535615 0.00946822 -0.01764 -0.000533136 0.00134206 -0.01764 0.0880202 
0.0103767 -0.0186836 0.00051798 -0.000597853 -0.0186836 0.090604 -0.000585422 0.00145004 0.00051798 -0.000585422 0.00945701 -0.0176293 -0.000597853 0.00145004 -0.0176293 0.0879158 
0.0103289 -0.0185668 0.000483393 -0.000600992 -0.0185668 0.0900873 -0.000581636 0.00150035 0.000483393 -0.000581636 0.00943071 -0.0175676 -0.000600992 0.00150035 -0.0175676 0.0875965 
0.010363 -0.018575 0.000459282 -0.000560779 -0.018575 0.0901001 -0.000543129 0.00145283 0.000459282 -0.000543129 0.00941443 -0.0176071 -0.000560779 0.00145283 -0.0176071 0.0877479 
0.010413 -0.0186482 0.000450465 -0.000536377 -0.0186482 0.0903299 -0.000523946 0.00139799 0.000450465 -0.000523946 0.00942712 -0.0176241 -0.000536377 0.00139799 -0.0176241 0.08796 
0.0104164 -0.0186289 0.000439415 -0.000514874 -0.0186289 0.0901332 -0.000510277 0.00134222 0.000439415 -0.000510277 0.00938951 -0.0175532 -0.000514874 0.00134222 -0.0175532 0.0876535 
0.0103331 -0.0185181 0.000421701 -0.000485602 -0.0185181 0.0895008 -0.000485989 0.00126483 0.000421701 -0.000485989 0.00932376 -0.0174065 -0.000485602 0.00126483 -0.0174065 0.0869329 
0.0102771 -0.018506 0.000436566 -0.000478958 -0.018506 0.0894454 -0.000476092 0.00123605 0.000436566 -0.000476092 0.00933162 -0.0173784 -0.000478958 0.00123605 -0.0173784 0.0867692 
0.0103441 -0.0185508 0.000418635 -0.000512389 -0.0185508 0.0898461 -0.000500041 0.00128421 0.000418635 -0.000500041 0.00930748 -0.0174904 -0.000512389 0.00128421 -0.0174904 0.0872223 
0.0104116 -0.0186192 0.000386804 -0.000490442 -0.0186192 0.0901057 -0.000476674 0.00127461 0.000386804 -0.000476674 0.00926553 -0.0174757 -0.000490442 0.00127461 -0.0174757 0.0874368 
0.0104903 -0.0187446 0.000355756 -0.000445923 -0.0187446 0.0905679 -0.00044028 0.00119804 0.000355756 -0.00044028 0.00925394 -0.0174568 -0.000445923 0.00119804 -0.0174568 0.0876244 
0.010498 -0.0188237 0.000351907 -0.00040751 -0.0188237 0.0908613 -0.000411751 0.00111639 0.000351907 -0.000411751 0.00927904 -0.0174288 -0.00040751 0.00111639 -0.0174288 0.0876316 
0.0104312 -0.0188054 0.000353348 -0.000394028 -0.0188054 0.0908813 -0.000407263 0.00106408 0.000353348 -0.000407263 0.00935974 -0.0174405 -0.000394028 0.00106408 -0.0174405 0.0875995 
0.0103006 -0.0185672 0.00034217 -0.000390513 -0.0185672 0.0900437 -0.000404131 0.00103757 0.00034217 -0.000404131 0.00936547 -0.017431 -0.000390513 0.00103757 -0.017431 0.0871762 
0.0102434 -0.0184119 0.000325507 -0.000378343 -0.0184119 0.0894352 -0.000389471 0.00100891 0.000325507 -0.000389471 0.00933914 -0.0174491 -0.000378343 0.00100891 -0.0174491 0.0870529 
0.0103001 -0.0184421 0.000333073 -0.000361232 -0.0184421 0.0895294 -0.000370184 0.000968458 0.000333073 -0.000370184 0.00930026 -0.0174981 -0.000361232 0.000968458 -0.0174981 0.0873507 
0.0103207 -0.0184475 0.000356045 -0.000386448 -0.0184475 0.0893928 -0.000387062 0.000996143 0.000356045 -0.000387062 0.00923702 -0.0174012 -0.000386448 0.000996143 -0.0174012 0.0871343 
0.0103092 -0.0184697 0.000374534 -0.000429524 -0.0184697 0.0893461 -0.000416689 0.00108066 0.000374534 -0.000416689 0.00923055 -0.0173044 -0.000429524 0.00108066 -0.0173044 0.0868214 
0.0103093 -0.0184458 0.000373988 -0.00044217 -0.0184458 0.0892621 -0.000421889 0.00111738 0.000373988 -0.000421889 0.00919442 -0.0172918 -0.00044217 0.00111738 -0.0172918 0.0866457 
0.0102805 -0.0184367 0.000368707 -0.000437055 -0.0184367 0.0891696 -0.000420797 0.00112183 0.000368707 -0.000420797 0.0091813 -0.0172454 -0.000437055 0.00112183 -0.0172454 0.0864888 
0.0104444 -0.0187098 0.00033558 -0.00042609 -0.0187098 0.0905475 -0.000422485 0.00111144 0.00033558 -0.000422485 0.00933029 -0.017506 -0.00042609 0.00111144 -0.017506 0.0877862 
0.0104404 -0.0187421 0.00032449 -0.00038539 -0.0187421 0.0906592 -0.000395378 0.00106504 0.00032449 -0.000395378 0.00935935 -0.0175223 -0.00038539 0.00106504 -0.0175223 0.0878396 
0.0104392 -0.0187416 0.000316047 -0.000360325 -0.0187416 0.0907097 -0.000378201 0.000997489 0.000316047 -0.000378201 0.00936856 -0.0175489 -0.000360325 0.000997489 -0.0175489 0.0878852 
0.0104353 -0.0187388 0.000321189 -0.000351696 -0.0187388 0.0907123 -0.00036914 0.000960493 0.000321189 -0.00036914 0.00936975 -0.0175529 -0.000351696 0.000960493 -0.0175529 0.0878917 
0.0104286 -0.0187229 0.00033429 -0.000365692 -0.0187229 0.0906488 -0.000376466 0.000968956 0.00033429 -0.000376466 0.00935838 -0.017539 -0.000365692 0.000968956 -0.017539 0.0878216 
0.0104052 -0.0187312 0.000347652 -0.000389197 -0.0187312 0.0906836 -0.000395483 0.00101575 0.000347652 -0.000395483 0.00937346 -0.0175373 -0.000389197 0.00101575 -0.0175373 0.0878314 
0.0102436 -0.0184212 0.000361703 -0.000402371 -0.0184212 0.0893251 -0.000402549 0.00104505 0.000361703 -0.000402549 0.00923348 -0.017323 -0.000402371 0.00104505 -0.017323 0.0866632 
0.0102921 -0.0184973 0.000382679 -0.000436473 -0.0184973 0.0897307 -0.000430335 0.00112081 0.000382679 -0.000430335 0.00928019 -0.0174173 -0.000436473 0.00112081 -0.0174173 0.0871935 
0.0102534 -0.018456 0.00040596 -0.000460663 -0.018456 0.0895261 -0.00044846 0.0011814 0.00040596 -0.00044846 0.00931071 -0.0173767 -0.000460663 0.0011814 -0.0173767 0.0870403 
0.0102245 -0.0183729 0.000423725 -0.000478561 -0.0183729 0.0891967 -0.000463271 0.00121734 0.000423725 -0.000463271 0.00930129 -0.0173785 -0.000478561 0.00121734 -0.0173785 0.0868584 
0.0103773 -0.0186359 0.000441153 -0.000508771 -0.0186359 0.0904373 -0.000494525 0.00128797 0.000441153 -0.000494525 0.00944257 -0.0176511 -0.000508771 0.00128797 -0.0176511 0.0881808 
0.0103869 -0.0186656 0.00043614 -0.00052213 -0.0186656 0.0904861 -0.000507327 0.00132868 0.00043614 -0.000507327 0.00942886 -0.0176281 -0.00052213 0.00132868 -0.0176281 0.0881124 
0.0102147 -0.0184197 0.000428957 -0.000503665 -0.0184197 0.0892854 -0.000495266 0.00130922 0.000428957 -0.000495266 0.00929326 -0.0173705 -0.000503665 0.00130922 -0.0173705 0.0868399 
0.0103327 -0.0186354 0.000447397 -0.000497556 -0.0186354 0.0904898 -0.000501228 0.00130182 0.000447397 -0.000501228 0.00943632 -0.0176209 -0.000497556 0.00130182 -0.0176209 0.0880673 
0.010307 -0.0186145 0.000466998 -0.000514858 -0.0186145 0.0904505 -0.000528583 0.00133578 0.000466998 -0.000528583 0.00945008 -0.0176309 -0.000514858 0.00133578 -0.0176309 0.0880911 
0.0102634 -0.0185623 0.000463277 -0.000530834 -0.0185623 0.0902932 -0.000545309 0.00136827 0.000463277 -0.000545309 0.00946474 -0.0176301 -0.000530834 0.00136827 -0.0176301 0.0880436 
0.0102223 -0.0184935 0.000480728 -0.00052148 -0.0184935 0.0900798 -0.000531265 0.00135336 0.000480728 -0.000531265 0.00949235 -0.0176441 -0.00052148 0.00135336 -0.0176441 0.088018 
0.010237 -0.018502 0.000480485 -0.000546225 -0.018502 0.090174 -0.000551255 0.00137736 0.000480485 -0.000551255 0.00952753 -0.0177158 -0.000546225 0.00137736 -0.0177158 0.0882641 
0.0100762 -0.0182073 0.000440003 -0.000529162 -0.0182073 0.0887181 -0.000535153 0.00134892 0.000440003 -0.000535153 0.00938187 -0.0174521 -0.000529162 0.00134892 -0.0174521 0.0869212 
0.0101608 -0.0182545 0.00041579 -0.000491431 -0.0182545 0.0889289 -0.000500727 0.00129217 0.00041579 -0.000500727 0.00934082 -0.0174967 -0.000491431 0.00129217 -0.0174967 0.0871403 
0.0102287 -0.0183799 0.000399175 -0.000461364 -0.0183799 0.0893077 -0.000473387 0.0012179 0.000399175 -0.000473387 0.00931259 -0.0174769 -0.000461364 0.0012179 -0.0174769 0.0873037 
0.01021 -0.0183921 0.000393382 -0.000443395 -0.0183921 0.089252 -0.000456835 0.00116299 0.000393382 -0.000456835 0.00930055 -0.0173559 -0.000443395 0.00116299 -0.0173559 0.0869016 
0.0101975 -0.0183733 0.000394488 -0.000446183 -0.0183733 0.08919 -0.000452176 0.00114992 0.000394488 -0.000452176 0.00931065 -0.017331 -0.000446183 0.00114992 -0.017331 0.0866663 
0.0103511 -0.0186166 0.000376254 -0.000446739 -0.0186166 0.0903884 -0.000440255 0.00113081 0.000376254 -0.000440255 0.00945244 -0.0176017 -0.000446739 0.00113081 -0.0176017 0.0878686 
0.0101873 -0.0183516 0.000366107 -0.000408293 -0.0183516 0.0890271 -0.00039991 0.00104616 0.000366107 -0.00039991 0.00929689 -0.0173519 -0.000408293 0.00104616 -0.0173519 0.0865723 
0.0103046 -0.01865 0.000382144 -0.000414444 -0.01865 0.0905016 -0.000407394 0.00103627 0.000382144 -0.000407394 0.00947191 -0.0176232 -0.000414444 0.00103627 -0.0176232 0.0879873 
0.0101962 -0.0184906 0.000381607 -0.000425388 -0.0184906 0.0899433 -0.000420007 0.00104862 0.000381607 -0.000420007 0.00946879 -0.0175675 -0.000425388 0.00104862 -0.0175675 0.0875946 
0.0101562 -0.018413 0.000380825 -0.000438866 -0.018413 0.0897657 -0.000434774 0.00109771 0.000380825 -0.000434774 0.00948023 -0.0176343 -0.000438866 0.00109771 -0.0176343 0.0877496 
0.0102101 -0.0184086 0.000371749 -0.000444036 -0.0184086 0.0898538 -0.000442324 0.00113703 0.000371749 -0.000442324 0.00944917 -0.0177133 -0.000444036 0.00113703 -0.0177133 0.0881449 
0.0102622 -0.0184578 0.000373775 -0.000428159 -0.0184578 0.0899528 -0.000430188 0.00112527 0.000373775 -0.000430188 0.00940602 -0.0176821 -0.000428159 0.00112527 -0.0176821 0.0882773 
0.0102612 -0.0184576 0.000382938 -0.00043658 -0.0184576 0.0898276 -0.000434917 0.00113343 0.000382938 -0.000434917 0.00935821 -0.0175805 -0.00043658 0.00113343 -0.0175805 0.0879961 
0.0102554 -0.0183965 0.000356429 -0.000444133 -0.0183965 0.0894729 -0.000435044 0.00113429 0.000356429 -0.000435044 0.0092833 -0.0174531 -0.000444133 0.00113429 -0.0174531 0.0874549 
0.010171 -0.0183628 0.000340914 -0.000416377 -0.0183628 0.0891317 -0.000402563 0.00109166 0.000340914 -0.000402563 0.00929812 -0.0173062 -0.000416377 0.00109166 -0.0173062 0.0868349 
0.0101433 -0.0183005 0.000341599 -0.000386524 -0.0183005 0.0889766 -0.000379297 0.00101707 0.000341599 -0.000379297 0.0093003 -0.0173293 -0.000386524 0.00101707 -0.0173293 0.0866381 
0.0101319 -0.0182846 0.000353658 -0.000375028 -0.0182846 0.0889328 -0.00037399 0.000959602 0.000353658 -0.00037399 0.00931718 -0.017372 -0.000375028 0.000959602 -0.017372 0.0867351 
0.0101441 -0.0183377 0.000394658 -0.000403266 -0.0183377 0.0892078 -0.00040122 0.000997546 0.000394658 -0.00040122 0.0093635 -0.0174544 -0.000403266 0.000997546 -0.0174544 0.0871072 
0.0101464 -0.0183502 0.000437471 -0.000458751 -0.0183502 0.089335 -0.000454409 0.00110911 0.000437471 -0.000454409 0.00940332 -0.0175012 -0.000458751 0.00110911 -0.0175012 0.0873099 
0.0101853 -0.0183991 0.000460254 -0.000517273 -0.0183991 0.0896047 -0.000516628 0.00126425 0.000460254 -0.000516628 0.00943383 -0.0175772 -0.000517273 0.00126425 -0.0175772 0.0876289 
0.0102393 -0.0184901 0.000467627 -0.000532759 -0.0184901 0.0900311 -0.00053659 0.00134462 0.000467627 -0.00053659 0.00947742 -0.0176708 -0.000532759 0.00134462 -0.0176708 0.0880957 
0.0102588 -0.0185354 0.000446525 -0.000529572 -0.0185354 0.0902483 -0.000539911 0.00136164 0.000446525 -0.000539911 0.00947285 -0.0177108 -0.000529572 0.00136164 -0.0177108 0.0883189 
0.0102547 -0.0185255 0.000445312 -0.000509826 -0.0185255 0.0902345 -0.000527702 0.00135146 0.000445312 -0.000527702 0.00945497 -0.0176821 -0.000509826 0.00135146 -0.0176821 0.0882867 
0.0102115 -0.0184351 0.000443029 -0.000508843 -0.0184351 0.0898031 -0.000525022 0.00133904 0.000443029 -0.000525022 0.00940828 -0.0175672 -0.000508843 0.00133904 -0.0175672 0.0877959 
0.0101697 -0.0184256 0.000448333 -0.000481661 -0.0184256 0.0897273 -0.000489811 0.00125173 0.000448333 -0.000489811 0.00941689 -0.0175351 -0.000481661 0.00125173 -0.0175351 0.0876371 
0.0101598 -0.0184051 0.000448743 -0.000497893 -0.0184051 0.0897276 -0.000500535 0.00124203 0.000448743 -0.000500535 0.00940761 -0.0175385 -0.000497893 0.00124203 -0.0175385 0.0875916 
0.0101546 -0.0183738 0.000434162 -0.000513334 -0.0183738 0.0896238 -0.000519459 0.00128939 0.000434162 -0.000519459 0.00939383 -0.0175206 -0.000513334 0.00128939 -0.0175206 0.0875164 
0.0101049 -0.0182882 0.000397707 -0.00049142 -0.0182882 0.0891758 -0.000500288 0.00127374 0.000397707 -0.000500288 0.00936648 -0.0174208 -0.00049142 0.00127374 -0.0174208 0.0870445 
0.0101811 -0.0184616 0.000376746 -0.000447919 -0.0184616 0.0900268 -0.000454879 0.00119381 0.000376746 -0.000454879 0.00950299 -0.0176131 -0.000447919 0.00119381 -0.0176131 0.0878999 
0.00999512 -0.0181473 0.000374926 -0.000413295 -0.0181473 0.0885805 -0.000413569 0.00108177 0.000374926 -0.000413569 0.00937088 -0.0174038 -0.000413295 0.00108177 -0.0174038 0.0866547 
0.00997449 -0.0181304 0.000394389 -0.000428733 -0.0181304 0.0885821 -0.000420511 0.00107074 0.000394389 -0.000420511 0.00937658 -0.0174414 -0.000428733 0.00107074 -0.0174414 0.0868255 
0.010185 -0.0183867 0.000383843 -0.000458316 -0.0183867 0.0899451 -0.000447645 0.00112076 0.000383843 -0.000447645 0.00944944 -0.0177384 -0.000458316 0.00112076 -0.0177384 0.088335 
0.0100054 -0.0181334 0.000388634 -0.000443169 -0.0181334 0.0884815 -0.000436802 0.00112918 0.000388634 -0.000436802 0.00928219 -0.017342 -0.000443169 0.00112918 -0.017342 0.0867358 
0.00999189 -0.0181262 0.000394894 -0.000446515 -0.0181262 0.0885286 -0.000439669 0.00112587 0.000394894 -0.000439669 0.00928804 -0.0173324 -0.000446515 0.00112587 -0.0173324 0.0866706 
0.00999286 -0.0181415 0.000405549 -0.000452358 -0.0181415 0.0886513 -0.000443662 0.0011291 0.000405549 -0.000443662 0.00931534 -0.0173514 -0.000452358 0.0011291 -0.0173514 0.0867511 
0.0100255 -0.0181659 0.000393838 -0.00046155 -0.0181659 0.0888203 -0.000451443 0.00113739 0.000393838 -0.000451443 0.00933335 -0.0174056 -0.00046155 0.00113739 -0.0174056 0.0869573 
0.0100636 -0.0182171 0.000393362 -0.000459369 -0.0182171 0.0890128 -0.000458046 0.00116538 0.000393362 -0.000458046 0.00933491 -0.017434 -0.000459369 0.00116538 -0.017434 0.0871281 
0.0100828 -0.0182547 0.000371355 -0.000446099 -0.0182547 0.0891412 -0.000455409 0.00115455 0.000371355 -0.000455409 0.00933466 -0.0174347 -0.000446099 0.00115455 -0.0174347 0.0871933 
0.0100697 -0.0182215 0.000338833 -0.000417026 -0.0182215 0.0889741 -0.000432773 0.00111031 0.000338833 -0.000432773 0.00930264 -0.0173892 -0.000417026 0.00111031 -0.0173892 0.0869889 
0.0100902 -0.0182347 0.000302227 -0.000372243 -0.0182347 0.0890135 -0.000387514 0.00101105 0.000302227 -0.000387514 0.00928247 -0.017376 -0.000372243 0.00101105 -0.017376 0.0869684 
0.0100965 -0.0182599 0.000284164 -0.000327849 -0.0182599 0.089063 -0.000339471 0.000894224 0.000284164 -0.000339471 0.00927042 -0.0173423 -0.000327849 0.000894224 -0.0173423 0.0868918 
0.0100029 -0.0182152 0.000318984 -0.000315008 -0.0182152 0.0888387 -0.000323651 0.000834132 0.000318984 -0.000323651 0.00929976 -0.0172727 -0.000315008 0.000834132 -0.0172727 0.0865669 
0.0100833 -0.0183101 0.000344764 -0.000365006 -0.0183101 0.0895982 -0.000369365 0.000892319 0.000344764 -0.000369365 0.00941515 -0.0175223 -0.000365006 0.000892319 -0.0175223 0.0875341 
0.0100177 -0.0182262 0.000386168 -0.000408318 -0.0182262 0.0891886 -0.000401728 0.00099588 0.000386168 -0.000401728 0.00943359 -0.017494 -0.000408318 0.00099588 -0.017494 0.0873534 
0.0100159 -0.0182349 0.000396718 -0.000458696 -0.0182349 0.0893306 -0.000439989 0.00109688 0.000396718 -0.000439989 0.00949242 -0.0176105 -0.000458696 0.00109688 -0.0176105 0.0877487 
0.0100158 -0.018265 0.000401876 -0.000473472 -0.018265 0.0895571 -0.000453282 0.00116524 0.000401876 -0.000453282 0.00954894 -0.0177207 -0.000473472 0.00116524 -0.0177207 0.0882194 
0.00998963 -0.0182009 0.00038446 -0.000461171 -0.0182009 0.0893552 -0.000443347 0.00114685 0.00038446 -0.000443347 0.00954272 -0.0177292 -0.000461171 0.00114685 -0.0177292 0.0882279 
0.00998299 -0.0180673 0.000334454 -0.000419284 -0.0180673 0.0887354 -0.000409046 0.00105322 0.000334454 -0.000409046 0.00943242 -0.0176302 -0.000419284 0.00105322 -0.0176302 0.0877524 
0.0100541 -0.0181692 0.000294069 -0.000361779 -0.0181692 0.0889875 -0.000358676 0.000935144 0.000294069 -0.000358676 0.00938366 -0.0176027 -0.000361779 0.000935144 -0.0176027 0.0878568 
0.0100966 -0.0182579 0.000261924 -0.000311154 -0.0182579 0.0892494 -0.00031681 0.000814831 0.000261924 -0.00031681 0.0093531 -0.0175387 -0.000311154 0.000814831 -0.0175387 0.0877857 
0.010119 -0.018312 0.000256472 -0.000278895 -0.018312 0.0894164 -0.000291579 0.000737747 0.000256472 -0.000291579 0.00931894 -0.0174621 -0.000278895 0.000737747 -0.0174621 0.0875541 
0.0101141 -0.0183136 0.000240798 -0.000265872 -0.0183136 0.0894214 -0.000280172 0.000682224 0.000240798 -0.000280172 0.00930287 -0.0174122 -0.000265872 0.000682224 -0.0174122 0.0873406 
0.0100761 -0.0182035 0.00023416 -0.000258437 -0.0182035 0.0888907 -0.00027034 0.000663282 0.00023416 -0.00027034 0.00923591 -0.0172882 -0.000258437 0.000663282 -0.0172882 0.0867062 
0.010071 -0.0182066 0.000240637 -0.000257459 -0.0182066 0.0887909 -0.000256703 0.000647081 0.000240637 -0.000256703 0.00922052 -0.0172383 -0.000257459 0.000647081 -0.0172383 0.0864719 
0.0101072 -0.01826 0.000239643 -0.000275652 -0.01826 0.0889986 -0.0002657 0.00066907 0.000239643 -0.0002657 0.00921676 -0.0172594 -0.000275652 0.00066907 -0.0172594 0.0865504 
0.0101333 -0.0183167 0.000223997 -0.000273602 -0.0183167 0.089218 -0.000262239 0.000677453 0.000223997 -0.000262239 0.00921106 -0.0172733 -0.000273602 0.000677453 -0.0172733 0.0866629 
0.0101546 -0.0183672 0.00023178 -0.000252306 -0.0183672 0.0894611 -0.000242887 0.000645938 0.00023178 -0.000242887 0.00922242 -0.0172937 -0.000252306 0.000645938 -0.0172937 0.0868243 
0.0101758 -0.0184548 0.000281403 -0.000264932 -0.0184548 0.0899136 -0.000255202 0.00065191 0.000281403 -0.000255202 0.00927975 -0.0173681 -0.000264932 0.00065191 -0.0173681 0.0872246 
0.0101072 -0.0183535 0.000320393 -0.000329843 -0.0183535 0.0895515 -0.000322507 0.000767544 0.000320393 -0.000322507 0.00927927 -0.0173245 -0.000329843 0.000767544 -0.0173245 0.0869484 
0.0100668 -0.0182636 0.000316076 -0.00038668 -0.0182636 0.0892302 -0.000384313 0.000932324 0.000316076 -0.000384313 0.00927982 -0.0173238 -0.00038668 0.000932324 -0.0173238 0.0868249 
0.0100845 -0.0182596 0.000311342 -0.000386851 -0.0182596 0.0892408 -0.000384783 0.00100682 0.000311342 -0.000384783 0.00928298 -0.0173725 -0.000386851 0.00100682 -0.0173725 0.0870095 
0.0100829 -0.0182391 0.000299329 -0.000363591 -0.0182391 0.0891048 -0.000358891 0.000965211 0.000299329 -0.000358891 0.00926136 -0.0173593 -0.000363591 0.000965211 -0.0173593 0.0869835 
0.0100943 -0.0183014 0.000287078 -0.000343289 -0.0183014 0.0893305 -0.000335582 0.000900166 0.000287078 -0.000335582 0.00928066 -0.0173634 -0.000343289 0.000900166 -0.0173634 0.0871138 
0.0100742 -0.0183089 0.000294025 -0.000323332 -0.0183089 0.089424 -0.000317788 0.000836923 0.000294025 -0.000317788 0.00931458 -0.0173757 -0.000323332 0.000836923 -0.0173757 0.0871592 
0.00997507 -0.0181979 0.000298938 -0.000331227 -0.0181979 0.0890199 -0.000330522 0.000828382 0.000298938 -0.000330522 0.00935749 -0.0173515 -0.000331227 0.000828382 -0.0173515 0.0869039 
0.00992216 -0.0180843 0.000288642 -0.000331488 -0.0180843 0.0887172 -0.000338092 0.00083408 0.000288642 -0.000338092 0.00938694 -0.0174411 -0.000331488 0.00083408 -0.0174411 0.0870268 
0.00991021 -0.0179972 0.000267795 -0.000315348 -0.0179972 0.0883933 -0.000327061 0.000813536 0.000267795 -0.000327061 0.00936691 -0.0174803 -0.000315348 0.000813536 -0.0174803 0.0871269 
0.00991222 -0.0179797 0.000260458 -0.00029468 -0.0179797 0.0881958 -0.000310292 0.000780139 0.000260458 -0.000310292 0.00933913 -0.0174316 -0.00029468 0.000780139 -0.0174316 0.0870171 
0.00995919 -0.0180651 0.00026866 -0.000290717 -0.0180651 0.0885211 -0.00030287 0.000760273 0.00026866 -0.00030287 0.00934598 -0.0174658 -0.000290717 0.000760273 -0.0174658 0.0872524 
0.00994165 -0.0180781 0.000285469 -0.000295529 -0.0180781 0.0885413 -0.000302549 0.000747702 0.000285469 -0.000302549 0.00935813 -0.0174302 -0.000295529 0.000747702 -0.0174302 0.0871518 
0.00991897 -0.0180268 0.000284594 -0.00031013 -0.0180268 0.088361 -0.000314812 0.00075677 0.000284594 -0.000314812 0.00935176 -0.0174094 -0.00031013 0.00075677 -0.0174094 0.0869583 
0.00992468 -0.0180433 0.000287355 -0.000315448 -0.0180433 0.0884315 -0.000319865 0.000781461 0.000287355 -0.000319865 0.0093761 -0.0174359 -0.000315448 0.000781461 -0.0174359 0.087041 
0.00991069 -0.017984 0.000264761 -0.00030927 -0.017984 0.0881647 -0.000313022 0.000767845 0.000264761 -0.000313022 0.00934384 -0.0174191 -0.00030927 0.000767845 -0.0174191 0.0868683 
0.00986601 -0.0180106 0.000286229 -0.000289977 -0.0180106 0.0882048 -0.000297091 0.00074685 0.000286229 -0.000297091 0.00938474 -0.0174038 -0.000289977 0.00074685 -0.0174038 0.0868595 
0.00985157 -0.0179772 0.000321997 -0.000321579 -0.0179772 0.0882144 -0.000333797 0.000793795 0.000321997 -0.000333797 0.00942111 -0.0174495 -0.000321579 0.000793795 -0.0174495 0.0869225 
0.00993094 -0.0180264 0.000332913 -0.000375309 -0.0180264 0.0885115 -0.000385407 0.000916623 0.000332913 -0.000385407 0.0094092 -0.0175578 -0.000375309 0.000916623 -0.0175578 0.0873449 
0.00996788 -0.0180836 0.000323194 -0.000383042 -0.0180836 0.0886116 -0.000379668 0.000957883 0.000323194 -0.000379668 0.00937503 -0.0175115 -0.000383042 0.000957883 -0.0175115 0.0873465 
0.0099644 -0.0181651 0.000324927 -0.000374843 -0.0181651 0.0888776 -0.000364101 0.000947712 0.000324927 -0.000364101 0.00940409 -0.017467 -0.000374843 0.000947712 -0.017467 0.0872965 
0.00992047 -0.0181261 0.00033498 -0.000370866 -0.0181261 0.0888397 -0.000359617 0.000925156 0.00033498 -0.000359617 0.00943312 -0.0174819 -0.000370866 0.000925156 -0.0174819 0.0872205 
0.0100033 -0.0182569 0.00033853 -0.00038136 -0.0182569 0.0896558 -0.000369473 0.000928902 0.00033853 -0.000369473 0.00956644 -0.0177202 -0.00038136 0.000928902 -0.0177202 0.0882443 
0.00997415 -0.0181716 0.000348392 -0.00037958 -0.0181716 0.0892957 -0.000369504 0.000927596 0.000348392 -0.000369504 0.00953888 -0.0177259 -0.00037958 0.000927596 -0.0177259 0.08816 
0.00997216 -0.0181674 0.000333962 -0.000400915 -0.0181674 0.089245 -0.000392976 0.000970598 0.000333962 -0.000392976 0.00954601 -0.0177361 -0.000400915 0.000970598 -0.0177361 0.0882624 
0.00993143 -0.0180762 0.000321306 -0.000390158 -0.0180762 0.0887827 -0.000383271 0.000987437 0.000321306 -0.000383271 0.00949014 -0.0176489 -0.000390158 0.000987437 -0.0176489 0.0878417 
0.00996384 -0.0180718 0.000302108 -0.000367936 -0.0180718 0.0887274 -0.000359303 0.000944134 0.000302108 -0.000359303 0.00943196 -0.0176321 -0.000367936 0.000944134 -0.0176321 0.0877887 
0.0100442 -0.0181758 0.000260553 -0.000350074 -0.0181758 0.0890697 -0.000341177 0.00090102 0.000260553 -0.000341177 0.0094077 -0.0176219 -0.000350074 0.00090102 -0.0176219 0.0879552 
0.010105 -0.0183317 0.000241412 -0.00029168 -0.0183317 0.0896418 -0.000289049 0.000793233 0.000241412 -0.000289049 0.00943513 -0.0176293 -0.00029168 0.000793233 -0.0176293 0.0881847 
