0.00792196 0 -0.000704213 0 0 0.0100746 0 0 -0.000704213 0 0.00627946 0 0 0 0 0.0100746 
0.0110551 -0.0137 -0.000871701 0.00106159 -0.0137 0.0354423 0.00106159 -0.00203571 -0.000871701 0.00106159 0.0089004 -0.0110723 0.00106159 -0.00203571 -0.0110723 0.0304043 
0.0108677 -0.0199595 -0.000704114 0.00106869 -0.0199595 0.0727893 0.00106869 -0.00332006 -0.000704114 0.00106869 0.00898952 -0.0171124 0.00106869 -0.00332006 -0.0171124 0.0639004 
0.0102938 -0.0192761 -0.000619166 0.000608696 -0.0192761 0.0852056 0.000609651 -0.00167724 -0.000619166 0.000609651 0.00857327 -0.0174043 0.000608696 -0.00167724 -0.0174043 0.0795085 
0.0102274 -0.0184249 -0.000668102 0.000544509 -0.0184249 0.0869057 0.000544758 -0.00077309 -0.000668102 0.000544758 0.00842104 -0.0166824 0.000544509 -0.00077309 -0.0166824 0.0830328 
0.0103451 -0.0184147 -0.000702419 0.000664226 -0.0184147 0.087939 0.000668911 -0.000931961 -0.000702419 0.000668911 0.00852976 -0.0164381 0.000664226 -0.000931961 -0.0164381 0.0838377 
0.0104352 -0.018581 -0.000728232 0.000746482 -0.018581 0.0890393 0.000754884 -0.00132265 -0.000728232 0.000754884 0.00869342 -0.0165557 0.000746482 -0.00132265 -0.0165557 0.0845324 
0.0105133 -0.0186904 -0.00075266 0.000779985 -0.0186904 0.0898735 0.000780114 -0.00155276 -0.00075266 0.000780114 0.00881352 -0.0167839 0.000779985 -0.00155276 -0.0167839 0.0854226 
0.0106231 -0.018879 -0.000754514 0.000814022 -0.018879 0.0908596 0.000799713 -0.00167523 -0.000754514 0.000799713 0.00896448 -0.0170188 0.000814022 -0.00167523 -0.0170188 0.0865465 
0.0106041 -0.0187741 -0.000693634 0.000794562 -0.0187741 0.0903601 0.000774305 -0.00166271 -0.000693634 0.000774305 0.00894378 -0.0169909 0.000794562 -0.00166271 -0.0169909 0.0862469 
0.0105192 -0.0186812 -0.000635326 0.000698395 -0.0186812 0.0897217 0.000688132 -0.00148557 -0.000635326 0.000688132 0.00888473 -0.0168814 0.000698395 -0.00148557 -0.0168814 0.0856363 
0.0104464 -0.018613 -0.000620194 0.000635552 -0.018613 0.0894175 0.000639397 -0.00133033 -0.000620194 0.000639397 0.00890054 -0.0168442 0.000635552 -0.00133033 -0.0168442 0.0853827 
0.0104336 -0.0185819 -0.000618862 0.000627344 -0.0185819 0.0894208 0.000634282 -0.00126749 -0.000618862 0.000634282 0.0089225 -0.0169354 0.000627344 -0.00126749 -0.0169354 0.0856184 
0.0104303 -0.0185847 -0.000627623 0.00063328 -0.0185847 0.0894759 0.000629076 -0.00125616 -0.000627623 0.000629076 0.00894993 -0.0169897 0.00063328 -0.00125616 -0.0169897 0.0858844 
0.0104395 -0.0186142 -0.000652696 0.000644993 -0.0186142 0.0896538 0.000634482 -0.00126575 -0.000652696 0.000634482 0.00896753 -0.0170435 0.000644993 -0.00126575 -0.0170435 0.086155 
0.0105018 -0.0186566 -0.000692925 0.00068625 -0.0186566 0.0899059 0.000676386 -0.00135152 -0.000692925 0.000676386 0.00894836 -0.0170916 0.00068625 -0.00135152 -0.0170916 0.0864372 
0.0104966 -0.0186897 -0.000709718 0.000731772 -0.0186897 0.0899038 0.000721997 -0.00146081 -0.000709718 0.000721997 0.00894029 -0.0169971 0.000731772 -0.00146081 -0.0169971 0.0862115 
0.0104662 -0.0186626 -0.000697199 0.000746894 -0.0186626 0.0898068 0.000737266 -0.00152553 -0.000697199 0.000737266 0.00892912 -0.016965 0.000746894 -0.00152553 -0.016965 0.0859831 
0.0105177 -0.0186934 -0.00070604 0.000742125 -0.0186934 0.0900447 0.00073728 -0.00155929 -0.00070604 0.00073728 0.0089226 -0.0170354 0.000742125 -0.00155929 -0.0170354 0.0862688 
0.0105853 -0.0187553 -0.000697653 0.000738077 -0.0187553 0.0902355 0.000742258 -0.00155389 -0.000697653 0.000742258 0.00888104 -0.0170174 0.000738077 -0.00155389 -0.0170174 0.0863565 
0.0105747 -0.0187606 -0.000668674 0.000717179 -0.0187606 0.0900958 0.000731025 -0.00152224 -0.000668674 0.000731025 0.00883334 -0.0169023 0.000717179 -0.00152224 -0.0169023 0.0859849 
0.0105256 -0.0187184 -0.000649465 0.000681666 -0.0187184 0.089893 0.000697435 -0.0014554 -0.000649465 0.000697435 0.00881011 -0.0168281 0.000681666 -0.0014554 -0.0168281 0.0856389 
0.0105064 -0.0186852 -0.000658947 0.000665103 -0.0186852 0.089798 0.000676699 -0.0014021 -0.000658947 0.000676699 0.00880373 -0.0167964 0.000665103 -0.0014021 -0.0167964 0.0854676 
0.0104641 -0.0186339 -0.00064038 0.000680096 -0.0186339 0.0895559 0.000684599 -0.00140005 -0.00064038 0.000684599 0.0088116 -0.0167445 0.000680096 -0.00140005 -0.0167445 0.0851846 
0.0105979 -0.0189003 -0.000635097 0.000674222 -0.0189003 0.0909032 0.000677129 -0.00140754 -0.000635097 0.000677129 0.00899036 -0.017045 0.000674222 -0.00140754 -0.017045 0.0865438 
0.0105595 -0.0188705 -0.000646249 0.000648444 -0.0188705 0.0908419 0.000652153 -0.0013488 -0.000646249 0.000652153 0.00903837 -0.017104 0.000648444 -0.0013488 -0.017104 0.0866708 
0.0105501 -0.0187873 -0.000667093 0.000658224 -0.0187873 0.0905913 0.000660122 -0.00133111 -0.000667093 0.000660122 0.00903284 -0.0171596 0.000658224 -0.00133111 -0.0171596 0.086763 
0.0104825 -0.0187002 -0.000659913 0.000691054 -0.0187002 0.0901334 0.000695068 -0.0013937 -0.000659913 0.000695068 0.00902785 -0.0171218 0.000691054 -0.0013937 -0.0171218 0.0865824 
0.0104792 -0.0187206 -0.000653124 0.000689998 -0.0187206 0.0902697 0.000692485 -0.00142808 -0.000653124 0.000692485 0.00906285 -0.0171786 0.000689998 -0.00142808 -0.0171786 0.0868226 
0.0105466 -0.0187756 -0.000660518 0.000680507 -0.0187756 0.0906295 0.000678096 -0.00141156 -0.000660518 0.000678096 0.00905456 -0.0172893 0.000680507 -0.00141156 -0.0172893 0.0873232 
0.0104231 -0.0185571 -0.000651067 0.000672718 -0.0185571 0.0894281 0.000667789 -0.00137233 -0.000651067 0.000667789 0.00887985 -0.0169606 0.000672718 -0.00137233 -0.0169606 0.0859747 
0.0104343 -0.0185937 -0.00068449 0.000682047 -0.0185937 0.089524 0.000675766 -0.00139382 -0.00068449 0.000675766 0.00887209 -0.0168794 0.000682047 -0.00139382 -0.0168794 0.0857404 
0.0104473 -0.0186175 -0.000680747 0.000723754 -0.0186175 0.0896498 0.000719536 -0.00147125 -0.000680747 0.000719536 0.00888681 -0.0168881 0.000723754 -0.00147125 -0.0168881 0.0857147 
0.0104496 -0.0185736 -0.000661369 0.000724108 -0.0185736 0.0894804 0.000725647 -0.0015284 -0.000661369 0.000725647 0.00886778 -0.0168942 0.000724108 -0.0015284 -0.0168942 0.0856342 
0.0104735 -0.0186205 -0.000665458 0.00068621 -0.0186205 0.0895952 0.000694367 -0.00147576 -0.000665458 0.000694367 0.00887042 -0.0168943 0.00068621 -0.00147576 -0.0168943 0.0857031 
0.0106109 -0.0189125 -0.00066329 0.000706628 -0.0189125 0.0909811 0.000714071 -0.00148974 -0.00066329 0.000714071 0.00904017 -0.0171572 0.000706628 -0.00148974 -0.0171572 0.0870243 
0.0105916 -0.0188569 -0.000635914 0.000696414 -0.0188569 0.0908051 0.000693536 -0.00146915 -0.000635914 0.000693536 0.00902527 -0.0171704 0.000696414 -0.00146915 -0.0171704 0.0869525 
0.0105816 -0.0188546 -0.000581917 0.000661863 -0.0188546 0.0907865 0.000653928 -0.00139634 -0.000581917 0.000653928 0.00902086 -0.0171743 0.000661863 -0.00139634 -0.0171743 0.0870027 
0.0105371 -0.0187615 -0.00056781 0.000591291 -0.0187615 0.0903668 0.000586082 -0.00125367 -0.00056781 0.000586082 0.00898126 -0.0170894 0.000591291 -0.00125367 -0.0170894 0.0866119 
0.0104815 -0.0186859 -0.000583053 0.000579106 -0.0186859 0.0900033 0.000573224 -0.00117651 -0.000583053 0.000573224 0.00897367 -0.0170308 0.000579106 -0.00117651 -0.0170308 0.0862984 
0.0105517 -0.0188574 -0.00059796 0.000615143 -0.0188574 0.0908833 0.00060296 -0.00121651 -0.00059796 0.00060296 0.00911965 -0.0172358 0.000615143 -0.00121651 -0.0172358 0.0872244 
0.0103491 -0.0185205 -0.000591579 0.000613961 -0.0185205 0.0893442 0.000600683 -0.00122478 -0.000591579 0.000600683 0.00899308 -0.0169982 0.000613961 -0.00122478 -0.0169982 0.0858472 
0.0103585 -0.0185101 -0.000573816 0.000622052 -0.0185101 0.089422 0.000613349 -0.00126 -0.000573816 0.000613349 0.00900553 -0.017087 0.000622052 -0.00126 -0.017087 0.0861737 
0.0103964 -0.0185739 -0.00058585 0.000597708 -0.0185739 0.0897161 0.000597504 -0.001243 -0.00058585 0.000597504 0.00902131 -0.0171372 0.000597708 -0.001243 -0.0171372 0.0865288 
0.0104896 -0.0186581 -0.000606546 0.000609195 -0.0186581 0.0900894 0.000611772 -0.00124697 -0.000606546 0.000611772 0.00899038 -0.0171648 0.000609195 -0.00124697 -0.0171648 0.0867848 
0.0105696 -0.0187957 -0.000609094 0.00063437 -0.0187957 0.0905493 0.000637025 -0.00129365 -0.000609094 0.000637025 0.00897759 -0.0171394 0.00063437 -0.00129365 -0.0171394 0.0869242 
0.0105373 -0.0188219 -0.000582788 0.000629674 -0.0188219 0.0905719 0.000632911 -0.00130251 -0.000582788 0.000632911 0.00898071 -0.017053 0.000629674 -0.00130251 -0.017053 0.0866159 
0.0104407 -0.0186415 -0.000559927 0.000606496 -0.0186415 0.0898788 0.000608222 -0.00127985 -0.000559927 0.000608222 0.00894287 -0.0169628 0.000606496 -0.00127985 -0.0169628 0.0859831 
0.0103475 -0.0185233 -0.000570235 0.000586365 -0.0185233 0.0893647 0.000584548 -0.00123896 -0.000570235 0.000584548 0.0089633 -0.0169191 0.000586365 -0.00123896 -0.0169191 0.0856468 
0.0103634 -0.0184827 -0.00058077 0.000604546 -0.0184827 0.0892844 0.000596762 -0.00124768 -0.00058077 0.000596762 0.00896382 -0.016993 0.000604546 -0.00124768 -0.016993 0.085794 
0.0103568 -0.0185003 -0.000602761 0.000618401 -0.0185003 0.0892574 0.000611243 -0.00127892 -0.000602761 0.000611243 0.00897295 -0.0169878 0.000618401 -0.00127892 -0.0169878 0.0858289 
0.0105236 -0.0188242 -0.0006037 0.000654941 -0.0188242 0.0908471 0.000652068 -0.00135921 -0.0006037 0.000652068 0.00914604 -0.0173093 0.000654941 -0.00135921 -0.0173093 0.0874003 
0.0104994 -0.0187726 -0.000617202 0.000639816 -0.0187726 0.0906881 0.000638001 -0.00136282 -0.000617202 0.000638001 0.00913717 -0.0173196 0.000639816 -0.00136282 -0.0173196 0.0873872 
0.0104472 -0.0186718 -0.000607803 0.000653822 -0.0186718 0.0901982 0.000650525 -0.00137454 -0.000607803 0.000650525 0.00908993 -0.0172203 0.000653822 -0.00137454 -0.0172203 0.0869396 
0.0104899 -0.0187253 -0.000620827 0.00063817 -0.0187253 0.0904484 0.000640566 -0.00135961 -0.000620827 0.000640566 0.00907855 -0.0172707 0.00063817 -0.00135961 -0.0172707 0.0871855 
0.0105136 -0.0187462 -0.000617823 0.000642646 -0.0187462 0.0904792 0.000655877 -0.00135656 -0.000617823 0.000655877 0.00903508 -0.017214 0.000642646 -0.00135656 -0.017214 0.0870773 
0.0106103 -0.0188479 -0.000610993 0.000641789 -0.0188479 0.0908861 0.000664155 -0.00137219 -0.000610993 0.000664155 0.00898529 -0.0172185 0.000641789 -0.00137219 -0.0172185 0.0872504 
0.0104925 -0.0186302 -0.000593973 0.000621958 -0.0186302 0.0896222 0.000645596 -0.00134253 -0.000593973 0.000645596 0.0087858 -0.0168361 0.000621958 -0.00134253 -0.0168361 0.085635 
0.0106594 -0.0189868 -0.000606151 0.000624949 -0.0189868 0.0912092 0.000645514 -0.00134745 -0.000606151 0.000645514 0.00892489 -0.0170188 0.000624949 -0.00134745 -0.0170188 0.0867313 
0.010451 -0.0186891 -0.000601233 0.000630419 -0.0186891 0.0898671 0.000640923 -0.00134551 -0.000601233 0.000640923 0.00882285 -0.016771 0.000630419 -0.00134551 -0.016771 0.0853485 
0.0104001 -0.0186754 -0.000642846 0.000645656 -0.0186754 0.0899837 0.000642129 -0.00137227 -0.000642846 0.000642129 0.00891572 -0.0168474 0.000645656 -0.00137227 -0.0168474 0.0855837 
0.0103537 -0.018648 -0.000652607 0.000693762 -0.018648 0.090089 0.00067731 -0.00143178 -0.000652607 0.00067731 0.00903571 -0.0169843 0.000693762 -0.00143178 -0.0169843 0.0860024 
0.0103379 -0.0185391 -0.000645279 0.000704734 -0.0185391 0.0898335 0.000685657 -0.00147659 -0.000645279 0.000685657 0.0090702 -0.0171157 0.000704734 -0.00147659 -0.0171157 0.0863085 
0.0103696 -0.0185691 -0.000624133 0.000680927 -0.0185691 0.0899518 0.000672427 -0.00144825 -0.000624133 0.000672427 0.00909856 -0.0172205 0.000680927 -0.00144825 -0.0172205 0.0868013 
0.0103742 -0.0185278 -0.000613124 0.000658271 -0.0185278 0.0897274 0.000661151 -0.00141654 -0.000613124 0.000661151 0.00907702 -0.0172111 0.000658271 -0.00141654 -0.0172111 0.0867977 
0.010395 -0.018558 -0.000614355 0.00063664 -0.018558 0.0897552 0.000644729 -0.00136407 -0.000614355 0.000644729 0.00907131 -0.0172027 0.00063664 -0.00136407 -0.0172027 0.0868391 
0.01044 -0.0185591 -0.000608017 0.000632705 -0.0185591 0.0897011 0.000635172 -0.00132185 -0.000608017 0.000635172 0.00900574 -0.0171761 0.000632705 -0.00132185 -0.0171761 0.0867397 
0.0104593 -0.0186275 -0.000594182 0.000626766 -0.0186275 0.0898291 0.00062497 -0.00129439 -0.000594182 0.00062497 0.00898278 -0.017116 0.000626766 -0.00129439 -0.017116 0.0866603 
0.0104394 -0.0186111 -0.00058434 0.000609901 -0.0186111 0.0897126 0.000608017 -0.00125646 -0.00058434 0.000608017 0.00895152 -0.0170258 0.000609901 -0.00125646 -0.0170258 0.0862926 
0.0104414 -0.0186102 -0.00059803 0.000605246 -0.0186102 0.0897138 0.000603873 -0.00124286 -0.00059803 0.000603873 0.0089504 -0.017 0.000605246 -0.00124286 -0.017 0.0861502 
0.0104309 -0.0186278 -0.000612353 0.000623741 -0.0186278 0.0897715 0.000618574 -0.00126213 -0.000612353 0.000618574 0.00897413 -0.0170039 0.000623741 -0.00126213 -0.0170039 0.0861255 
0.0103897 -0.018603 -0.000584181 0.000627769 -0.018603 0.0897024 0.000621693 -0.00126232 -0.000584181 0.000621693 0.00899086 -0.0170083 0.000627769 -0.00126232 -0.0170083 0.0860484 
0.0104324 -0.0186415 -0.000581801 0.000607182 -0.0186415 0.0900016 0.000603248 -0.00125069 -0.000581801 0.000603248 0.00902614 -0.0171019 0.000607182 -0.00125069 -0.0171019 0.0864239 
0.0104533 -0.0186226 -0.000573746 0.000608014 -0.0186226 0.0898935 0.000604491 -0.00124677 -0.000573746 0.000604491 0.00901843 -0.0171037 0.000608014 -0.00124677 -0.0171037 0.0864246 
0.0104158 -0.0185368 -0.00058429 0.000600174 -0.0185368 0.0893998 0.00059529 -0.0012399 -0.00058429 0.00059529 0.00897362 -0.0170355 0.000600174 -0.0012399 -0.0170355 0.0860525 
0.0105067 -0.0187314 -0.000590124 0.000608263 -0.0187314 0.0902238 0.000600584 -0.00123396 -0.000590124 0.000600584 0.00902801 -0.0171658 0.000608263 -0.00123396 -0.0171658 0.0867599 
0.0105476 -0.0188136 -0.000582031 0.000619941 -0.0188136 0.0906512 0.000612621 -0.00126001 -0.000582031 0.000612621 0.00905779 -0.0172278 0.000619941 -0.00126001 -0.0172278 0.0871323 
0.0105481 -0.0188396 -0.000549036 0.000607408 -0.0188396 0.0908362 0.000602598 -0.0012514 -0.000549036 0.000602598 0.00907805 -0.0172634 0.000607408 -0.0012514 -0.0172634 0.0873408 
0.0105496 -0.0188151 -0.000521535 0.000567021 -0.0188151 0.0908139 0.000564348 -0.00118609 -0.000521535 0.000564348 0.00906522 -0.0172691 0.000567021 -0.00118609 -0.0172691 0.0873813 
0.010528 -0.0187621 -0.000472229 0.000524766 -0.0187621 0.0905048 0.000523623 -0.00108043 -0.000472229 0.000523623 0.00902715 -0.0171584 0.000524766 -0.00108043 -0.0171584 0.0869585 
0.010528 -0.0187587 -0.000464497 0.000467853 -0.0187587 0.0904301 0.000470241 -0.000959496 -0.000464497 0.000470241 0.00901328 -0.0171181 0.000467853 -0.000959496 -0.0171181 0.0867467 
0.0105299 -0.0187539 -0.000469521 0.00046146 -0.0187539 0.0903912 0.00046352 -0.000901015 -0.000469521 0.00046352 0.00899751 -0.0171105 0.00046146 -0.000901015 -0.0171105 0.0866641 
0.0105182 -0.0187487 -0.0004675 0.000470507 -0.0187487 0.0903317 0.000467834 -0.000897144 -0.0004675 0.000467834 0.00898655 -0.0170825 0.000470507 -0.000897144 -0.0170825 0.0865549 
0.0104823 -0.0186555 -0.00049314 0.000475241 -0.0186555 0.0898897 0.000469081 -0.000914745 -0.00049314 0.000469081 0.00895327 -0.0169905 0.000475241 -0.000914745 -0.0169905 0.0860912 
0.010513 -0.0187026 -0.00052496 0.000511775 -0.0187026 0.0900776 0.000505974 -0.000981662 -0.00052496 0.000505974 0.00895257 -0.0170517 0.000511775 -0.000981662 -0.0170517 0.0863091 
0.0104721 -0.0186752 -0.000566393 0.000555673 -0.0186752 0.0899118 0.000555763 -0.00109766 -0.000566393 0.000555763 0.00894353 -0.0170012 0.000555673 -0.00109766 -0.0170012 0.0861406 
0.0104169 -0.0185744 -0.000573689 0.000604929 -0.0185744 0.0895241 0.000608763 -0.00122924 -0.000573689 0.000608763 0.00891035 -0.0169483 0.000604929 -0.00122924 -0.0169483 0.0858251 
0.01042 -0.0185691 -0.000550035 0.000601376 -0.0185691 0.0895008 0.000610258 -0.00126949 -0.000550035 0.000610258 0.00887749 -0.0169281 0.000601376 -0.00126949 -0.0169281 0.0857644 
0.0104228 -0.0185878 -0.000538496 0.000570077 -0.0185878 0.0895315 0.000582144 -0.00122969 -0.000538496 0.000582144 0.00884712 -0.0168628 0.000570077 -0.00122969 -0.0168628 0.0855957 
0.0104111 -0.0186269 -0.00055865 0.000567663 -0.0186269 0.0897118 0.000576943 -0.0012138 -0.00055865 0.000576943 0.0088846 -0.016845 0.000567663 -0.0012138 -0.016845 0.0855768 
0.0103659 -0.0186014 -0.000574488 0.000592335 -0.0186014 0.0897264 0.000591946 -0.00123574 -0.000574488 0.000591946 0.00894796 -0.0168884 0.000592335 -0.00123574 -0.0168884 0.0856285 
0.0103235 -0.0185258 -0.000561504 0.000610738 -0.0185258 0.0895589 0.000599355 -0.00126299 -0.000561504 0.000599355 0.00898647 -0.0169631 0.000610738 -0.00126299 -0.0169631 0.085751 
0.0103005 -0.0184697 -0.000544439 0.000589923 -0.0184697 0.0893984 0.000576695 -0.00123298 -0.000544439 0.000576695 0.00900348 -0.0170241 0.000589923 -0.00123298 -0.0170241 0.0859325 
0.0103174 -0.018461 -0.000488683 0.000579036 -0.018461 0.0893975 0.000571236 -0.00121563 -0.000488683 0.000571236 0.0090148 -0.0170783 0.000579036 -0.00121563 -0.0170783 0.0861883 
0.0103906 -0.0185216 -0.000490638 0.000506218 -0.0185216 0.0896649 0.000505459 -0.00109977 -0.000490638 0.000505459 0.00899477 -0.0171544 0.000506218 -0.00109977 -0.0171544 0.0866026 
0.0103776 -0.0185029 -0.000519908 0.000497639 -0.0185029 0.0893824 0.00049766 -0.0010169 -0.000519908 0.00049766 0.00894839 -0.0170075 0.000497639 -0.0010169 -0.0170075 0.0861573 
0.0103277 -0.0184738 -0.000552121 0.000533113 -0.0184738 0.0891537 0.000533741 -0.00104868 -0.000552121 0.000533741 0.00894791 -0.0169147 0.000533113 -0.00104868 -0.0169147 0.0857022 
0.0104923 -0.0187615 -0.00055557 0.000585749 -0.0187615 0.0906214 0.000586571 -0.00115968 -0.00055557 0.000586571 0.00909951 -0.0172285 0.000585749 -0.00115968 -0.0172285 0.0870928 
0.0103479 -0.0184856 -0.000514741 0.000580841 -0.0184856 0.0892817 0.00058446 -0.00120806 -0.000514741 0.00058446 0.00894305 -0.0169765 0.000580841 -0.00120806 -0.0169765 0.085808 
0.0104096 -0.0185516 -0.000505873 0.0005426 -0.0185516 0.0895755 0.000554461 -0.00118144 -0.000505873 0.000554461 0.00892832 -0.0170178 0.0005426 -0.00118144 -0.0170178 0.0860857 
0.0104112 -0.0186133 -0.000520695 0.00051661 -0.0186133 0.0897717 0.000533404 -0.00111056 -0.000520695 0.000533404 0.00893846 -0.0169937 0.00051661 -0.00111056 -0.0169937 0.0861444 
0.0103712 -0.0186001 -0.000519837 0.000525912 -0.0186001 0.0897808 0.000541749 -0.00108697 -0.000519837 0.000541749 0.00895867 -0.0169738 0.000525912 -0.00108697 -0.0169738 0.0860492 
0.0102866 -0.0184647 -0.000520381 0.000529398 -0.0184647 0.0893013 0.000539079 -0.00108665 -0.000520381 0.000539079 0.0089548 -0.01693 0.000529398 -0.00108665 -0.01693 0.0857025 
0.0104476 -0.018705 -0.000538385 0.000539952 -0.018705 0.0905845 0.000543097 -0.00109913 -0.000538385 0.000543097 0.00909633 -0.0172426 0.000539952 -0.00109913 -0.0172426 0.0871545 
0.0103779 -0.0186124 -0.000543378 0.000559934 -0.0186124 0.0901129 0.00055753 -0.00113222 -0.000543378 0.00055753 0.00909519 -0.0171845 0.000559934 -0.00113222 -0.0171845 0.0868784 
0.0104139 -0.0186574 -0.000548702 0.000575977 -0.0186574 0.0903849 0.000568776 -0.0011765 -0.000548702 0.000568776 0.00912857 -0.0172814 0.000575977 -0.0011765 -0.0172814 0.0872565 
0.0104046 -0.0186272 -0.000558449 0.000572534 -0.0186272 0.090202 0.000567233 -0.00117911 -0.000558449 0.000567233 0.00910377 -0.0172388 0.000572534 -0.00117911 -0.0172388 0.0870875 
0.0104167 -0.0186899 -0.000586561 0.000588185 -0.0186899 0.0904618 0.000590845 -0.00121805 -0.000586561 0.000590845 0.00914413 -0.0172758 0.000588185 -0.00121805 -0.0172758 0.0872971 
0.0102333 -0.0184046 -0.000583588 0.000616543 -0.0184046 0.0891729 0.000618368 -0.00127931 -0.000583588 0.000618368 0.00904523 -0.0170688 0.000616543 -0.00127931 -0.0170688 0.086147 
0.0102301 -0.0183208 -0.00058026 0.00062449 -0.0183208 0.0889077 0.000618861 -0.00131964 -0.00058026 0.000618861 0.0090101 -0.0170723 0.00062449 -0.00131964 -0.0170723 0.0860741 
0.0102767 -0.0183575 -0.000572863 0.000617901 -0.0183575 0.0889829 0.000612298 -0.0013148 -0.000572863 0.000612298 0.0089849 -0.0170699 0.000617901 -0.0013148 -0.0170699 0.0861793 
0.0103204 -0.0183739 -0.000576616 0.000610007 -0.0183739 0.0889016 0.000605961 -0.00130132 -0.000576616 0.000605961 0.00892446 -0.0169844 0.000610007 -0.00130132 -0.0169844 0.0859115 
0.0104169 -0.0185439 -0.000568571 0.000614245 -0.0185439 0.0894937 0.000610078 -0.0012987 -0.000568571 0.000610078 0.00892573 -0.0170017 0.000614245 -0.0012987 -0.0170017 0.0861484 
0.0104482 -0.0185949 -0.000553476 0.000598656 -0.0185949 0.0896319 0.000594165 -0.00126946 -0.000553476 0.000594165 0.00889336 -0.0169539 0.000598656 -0.00126946 -0.0169539 0.0859965 
0.0104395 -0.0186242 -0.000569478 0.000576298 -0.0186242 0.0896819 0.00057653 -0.00122225 -0.000569478 0.00057653 0.00890894 -0.0168955 0.000576298 -0.00122225 -0.0168955 0.0857872 
0.0104467 -0.0186232 -0.000563959 0.000600752 -0.0186232 0.0897194 0.000603255 -0.00124562 -0.000563959 0.000603255 0.0089332 -0.0169226 0.000600752 -0.00124562 -0.0169226 0.0857619 
0.0105993 -0.0188937 -0.000572947 0.000607193 -0.0188937 0.0910247 0.000608425 -0.00128256 -0.000572947 0.000608425 0.00908844 -0.0172222 0.000607193 -0.00128256 -0.0172222 0.0871283 
0.0105058 -0.0186292 -0.000574902 0.000604154 -0.0186292 0.0897511 0.00060044 -0.00127569 -0.000574902 0.00060044 0.0088995 -0.0170217 0.000604154 -0.00127569 -0.0170217 0.086037 
0.0106241 -0.0188788 -0.000603237 0.00061852 -0.0188788 0.0907047 0.000611083 -0.00129569 -0.000603237 0.000611083 0.00893464 -0.017093 0.00061852 -0.00129569 -0.017093 0.0867306 
0.0106344 -0.0189867 -0.000635214 0.000643968 -0.0189867 0.0911944 0.00063359 -0.001329 -0.000635214 0.00063359 0.008974 -0.0170922 0.000643968 -0.001329 -0.0170922 0.0868951 
0.010426 -0.0186586 -0.000630819 0.000657173 -0.0186586 0.0897617 0.000647615 -0.00134357 -0.000630819 0.000647615 0.00885352 -0.0167994 0.000657173 -0.00134357 -0.0167994 0.0853677 
0.0105529 -0.0188825 -0.000635434 0.00068073 -0.0188825 0.09103 0.000674137 -0.00141301 -0.000635434 0.000674137 0.00901744 -0.0170937 0.00068073 -0.00141301 -0.0170937 0.0867029 
0.0105181 -0.0188308 -0.000627006 0.000677579 -0.0188308 0.0909043 0.000677449 -0.00143849 -0.000627006 0.000677449 0.00904806 -0.0171552 0.000677579 -0.00143849 -0.0171552 0.0868761 
0.010502 -0.0187863 -0.000613676 0.000670682 -0.0187863 0.09078 0.000672694 -0.00144238 -0.000613676 0.000672694 0.00906474 -0.0171889 0.000670682 -0.00144238 -0.0171889 0.0869991 
0.0104628 -0.0187149 -0.000587351 0.000646199 -0.0187149 0.0904644 0.000649154 -0.00139726 -0.000587351 0.000649154 0.00906165 -0.0171681 0.000646199 -0.00139726 -0.0171681 0.0868745 
0.0104119 -0.0185888 -0.000589469 0.000613834 -0.0185888 0.0898932 0.000618351 -0.00132916 -0.000589469 0.000618351 0.0090093 -0.0171023 0.000613834 -0.00132916 -0.0171023 0.0864811 
0.010401 -0.0185542 -0.000587886 0.00061701 -0.0185542 0.0896621 0.000621345 -0.00130401 -0.000587886 0.000621345 0.00896912 -0.0170543 0.00061701 -0.00130401 -0.0170543 0.0862913 
0.0103864 -0.0185283 -0.000592804 0.000607937 -0.0185283 0.0894562 0.000613229 -0.00128054 -0.000592804 0.000613229 0.0089255 -0.0169736 0.000607937 -0.00128054 -0.0169736 0.0859832 
0.0103966 -0.0185386 -0.000595118 0.000605705 -0.0185386 0.0894263 0.000616318 -0.00126239 -0.000595118 0.000616318 0.00889087 -0.016904 0.000605705 -0.00126239 -0.016904 0.0857231 
0.0104097 -0.0186112 -0.000599588 0.000617549 -0.0186112 0.0897129 0.00063187 -0.00128819 -0.000599588 0.00063187 0.00892054 -0.0169161 0.000617549 -0.00128819 -0.0169161 0.0858175 
0.0103771 -0.018585 -0.00059931 0.00062647 -0.018585 0.0896611 0.000639128 -0.001318 -0.00059931 0.000639128 0.00895066 -0.0169219 0.00062647 -0.001318 -0.0169219 0.0857515 
0.0103117 -0.0185248 -0.000608322 0.000618731 -0.0185248 0.0895049 0.000628497 -0.00130484 -0.000608322 0.000628497 0.00898818 -0.016975 0.000618731 -0.00130484 -0.016975 0.0858268 
0.0103489 -0.0185274 -0.000608621 0.000633176 -0.0185274 0.0897028 0.000638772 -0.0013176 -0.000608621 0.000638772 0.00900897 -0.0170997 0.000633176 -0.0013176 -0.0170997 0.086326 
0.0104071 -0.0185864 -0.000604215 0.000632696 -0.0185864 0.0899418 0.000639983 -0.0013246 -0.000604215 0.000639983 0.00900076 -0.017142 0.000632696 -0.0013246 -0.017142 0.0866749 
0.0104049 -0.0186558 -0.000605575 0.00062315 -0.0186558 0.0901622 0.000633139 -0.00131036 -0.000605575 0.000633139 0.0090355 -0.0171229 0.00062315 -0.00131036 -0.0171229 0.0867776 
0.0104064 -0.0186864 -0.000642984 0.000633784 -0.0186864 0.0904297 0.000638893 -0.00132215 -0.000642984 0.000638893 0.00909639 -0.0171914 0.000633784 -0.00132215 -0.0171914 0.0870272 
0.0103561 -0.0185312 -0.000656673 0.00068302 -0.0185312 0.0898071 0.000680102 -0.00140113 -0.000656673 0.000680102 0.00905972 -0.0171377 0.00068302 -0.00140113 -0.0171377 0.0866083 
0.0103876 -0.0185505 -0.000630125 0.000698359 -0.0185505 0.0897995 0.000689633 -0.0014529 -0.000630125 0.000689633 0.00904227 -0.0171508 0.000698359 -0.0014529 -0.0171508 0.0866628 
0.0104346 -0.0186399 -0.000626588 0.000665345 -0.0186399 0.0901052 0.000658244 -0.00142038 -0.000626588 0.000658244 0.00904484 -0.0171767 0.000665345 -0.00142038 -0.0171767 0.0868795 
0.0104039 -0.0186093 -0.000604936 0.000649221 -0.0186093 0.0899043 0.000643554 -0.00136396 -0.000604936 0.000643554 0.00901959 -0.0170943 0.000649221 -0.00136396 -0.0170943 0.0865479 
0.0103099 -0.0185161 -0.000598625 0.000632026 -0.0185161 0.0895226 0.000627952 -0.00133248 -0.000598625 0.000627952 0.00903378 -0.0170476 0.000632026 -0.00133248 -0.0170476 0.0862303 
0.0102413 -0.0183926 -0.000568817 0.000630393 -0.0183926 0.0891065 0.000624675 -0.00132295 -0.000568817 0.000624675 0.00904723 -0.0170463 0.000630393 -0.00132295 -0.0170463 0.0860297 
0.0102486 -0.0183502 -0.000552974 0.000598024 -0.0183502 0.0890125 0.000591144 -0.00127234 -0.000552974 0.000591144 0.0090407 -0.0171259 0.000598024 -0.00127234 -0.0171259 0.0862577 
0.0102317 -0.0183229 -0.000537909 0.000573827 -0.0183229 0.0888025 0.000570977 -0.00120984 -0.000537909 0.000570977 0.00901982 -0.0170752 0.000573827 -0.00120984 -0.0170752 0.0861363 
0.0103255 -0.0184401 -0.000564467 0.000558118 -0.0184401 0.089322 0.000559809 -0.00116762 -0.000564467 0.000559809 0.0090195 -0.0171442 0.000558118 -0.00116762 -0.0171442 0.0865388 
0.0103308 -0.0184226 -0.000565382 0.000585452 -0.0184226 0.0891088 0.000586993 -0.00119147 -0.000565382 0.000586993 0.00895927 -0.0170322 0.000585452 -0.00119147 -0.0170322 0.0861485 
0.0103508 -0.0184711 -0.000583454 0.000592006 -0.0184711 0.0892226 0.000590967 -0.001222 -0.000583454 0.000590967 0.00893964 -0.0169904 0.000592006 -0.001222 -0.0169904 0.0860229 
0.0103499 -0.0184825 -0.00058861 0.000616405 -0.0184825 0.0892253 0.000613264 -0.00126795 -0.00058861 0.000613264 0.00892122 -0.0169367 0.000616405 -0.00126795 -0.0169367 0.0858029 
0.0105181 -0.018745 -0.000595936 0.00063589 -0.018745 0.0904866 0.000628621 -0.00132604 -0.000595936 0.000628621 0.00902836 -0.0171559 0.00063589 -0.00132604 -0.0171559 0.086898 
0.0105204 -0.0188152 -0.000568305 0.000634562 -0.0188152 0.0907114 0.000628085 -0.00133904 -0.000568305 0.000628085 0.00905655 -0.0171572 0.000634562 -0.00133904 -0.0171572 0.0869489 
