0.00662916 0 -0.000354648 0 0 0.00994012 0 0 -0.000354648 0 0.00762816 0 0 0 0 0.00994012 
0.00936945 -0.01165 -0.000471723 0.000573451 -0.01165 0.0314678 0.000573451 -0.00109911 -0.000471723 0.000573451 0.0108365 -0.0134318 0.000573451 -0.00109911 -0.0134318 0.0348838 
0.00949541 -0.0178687 -0.000413211 0.000592991 -0.0178687 0.0663132 0.000592991 -0.00183544 -0.000413211 0.000592991 0.0107531 -0.0198407 0.000592991 -0.00183544 -0.0198407 0.0724509 
0.00897803 -0.0176024 -0.00041054 0.000381832 -0.0176024 0.0795679 0.000381241 -0.00108563 -0.00041054 0.000381241 0.00999754 -0.0189107 0.000381832 -0.00108563 -0.0189107 0.0838882 
0.00898733 -0.0171441 -0.000475444 0.000417093 -0.0171441 0.083376 0.000417294 -0.000850786 -0.000475444 0.000417294 0.01001 -0.0182539 0.000417093 -0.000850786 -0.0182539 0.0867704 
0.00914083 -0.0171145 -0.000527559 0.000527247 -0.0171145 0.0848605 0.000527797 -0.00107311 -0.000527559 0.000527797 0.0102023 -0.0182966 0.000527247 -0.00107311 -0.0182966 0.0882 
0.00931128 -0.017352 -0.000545945 0.000587471 -0.017352 0.086303 0.000584655 -0.00128038 -0.000545945 0.000584655 0.0103828 -0.0185617 0.000587471 -0.00128038 -0.0185617 0.0895949 
0.00929391 -0.0173066 -0.00054208 0.000592869 -0.0173066 0.0861749 0.000590079 -0.00135147 -0.00054208 0.000590079 0.0103572 -0.018515 0.000592869 -0.00135147 -0.018515 0.0893703 
0.00936855 -0.0174526 -0.000532556 0.000595157 -0.0174526 0.0869737 0.000591921 -0.00137436 -0.000532556 0.000591921 0.0104674 -0.0186813 0.000595157 -0.00137436 -0.0186813 0.0901642 
0.00931 -0.0173754 -0.000513403 0.000579621 -0.0173754 0.0866277 0.000574146 -0.00134659 -0.000513403 0.000574146 0.0104439 -0.018629 0.000579621 -0.00134659 -0.018629 0.0898325 
0.00928505 -0.0173674 -0.000496071 0.000558811 -0.0173674 0.0866474 0.000551223 -0.00129562 -0.000496071 0.000551223 0.0104736 -0.0186614 0.000558811 -0.00129562 -0.0186614 0.0899245 
0.00928266 -0.017324 -0.000472582 0.000532074 -0.017324 0.0865829 0.000522573 -0.00122214 -0.000472582 0.000522573 0.0104931 -0.0187331 0.000532074 -0.00122214 -0.0187331 0.0901388 
0.00923061 -0.017248 -0.000473478 0.000501575 -0.017248 0.0861696 0.000494117 -0.00114765 -0.000473478 0.000494117 0.0104486 -0.0186722 0.000501575 -0.00114765 -0.0186722 0.0898656 
0.00926875 -0.0173102 -0.000500329 0.000504823 -0.0173102 0.0865042 0.000500114 -0.00112418 -0.000500329 0.000500114 0.0104943 -0.0187466 0.000504823 -0.00112418 -0.0187466 0.0902626 
0.00923938 -0.0172555 -0.000498643 0.000525519 -0.0172555 0.0861822 0.000525778 -0.00114757 -0.000498643 0.000525778 0.0104425 -0.018652 0.000525519 -0.00114757 -0.018652 0.0898353 
0.00926284 -0.0173549 -0.000490707 0.000529687 -0.0173549 0.0866914 0.000536553 -0.00118628 -0.000490707 0.000536553 0.0104999 -0.0187719 0.000529687 -0.00118628 -0.0187719 0.090389 
0.00925272 -0.0173177 -0.000471867 0.000516842 -0.0173177 0.0866294 0.00052654 -0.00117847 -0.000471867 0.00052654 0.0104724 -0.0187665 0.000516842 -0.00117847 -0.0187665 0.0903849 
0.00922128 -0.0172349 -0.00045028 0.000488646 -0.0172349 0.08622 0.00049735 -0.00112232 -0.00045028 0.00049735 0.0103872 -0.0186494 0.000488646 -0.00112232 -0.0186494 0.0899323 
0.00926142 -0.0173356 -0.000450452 0.000470936 -0.0173356 0.0866507 0.000475113 -0.00107091 -0.000450452 0.000475113 0.0103929 -0.0186685 0.000470936 -0.00107091 -0.0186685 0.0901866 
0.00929634 -0.0173839 -0.000459808 0.000487636 -0.0173839 0.0869073 0.000488025 -0.00109225 -0.000459808 0.000488025 0.0103832 -0.0186529 0.000487636 -0.00109225 -0.0186529 0.0902327 
0.00931801 -0.0174238 -0.000480979 0.000489471 -0.0174238 0.0870815 0.000485336 -0.00108936 -0.000480979 0.000485336 0.010381 -0.0186353 0.000489471 -0.00108936 -0.0186353 0.0902263 
0.0092596 -0.0172747 -0.000483414 0.000507824 -0.0172747 0.0863641 0.000505 -0.0011116 -0.000483414 0.000505 0.0103281 -0.0184857 0.000507824 -0.0011116 -0.0184857 0.0894735 
0.00922335 -0.017275 -0.000495026 0.000503756 -0.017275 0.0862985 0.000505721 -0.0011159 -0.000495026 0.000505721 0.0103256 -0.0185104 0.000503756 -0.0011159 -0.0185104 0.0894643 
0.00922981 -0.0173045 -0.000467278 0.000518167 -0.0173045 0.0865867 0.000521769 -0.0011345 -0.000467278 0.000521769 0.0103938 -0.0186128 0.000518167 -0.0011345 -0.0186128 0.0899343 
0.00924202 -0.0172996 -0.000459916 0.000491826 -0.0172996 0.086701 0.000494791 -0.00111172 -0.000459916 0.000494791 0.0104438 -0.0187189 0.000491826 -0.00111172 -0.0187189 0.09035 
0.0092456 -0.0172339 -0.000466712 0.000483211 -0.0172339 0.0863683 0.000484362 -0.00108157 -0.000466712 0.000484362 0.0103964 -0.0186862 0.000483211 -0.00108157 -0.0186862 0.0901826 
0.0092882 -0.0173096 -0.000457953 0.000499763 -0.0173096 0.086567 0.000504577 -0.0011128 -0.000457953 0.000504577 0.010394 -0.0186881 0.000499763 -0.0011128 -0.0186881 0.0903064 
0.0092957 -0.0173528 -0.000496791 0.000496469 -0.0173528 0.0866707 0.000506968 -0.00114438 -0.000496791 0.000506968 0.0103689 -0.0186457 0.000496469 -0.00114438 -0.0186457 0.0901881 
0.00929204 -0.017396 -0.000504209 0.000534746 -0.017396 0.0868762 0.000540839 -0.00119323 -0.000504209 0.000540839 0.0103838 -0.0186295 0.000534746 -0.00119323 -0.0186295 0.0901771 
0.00927764 -0.0173671 -0.000487957 0.000552779 -0.0173671 0.086829 0.000553073 -0.00125344 -0.000487957 0.000553073 0.010396 -0.0186193 0.000552779 -0.00125344 -0.0186193 0.0900663 
0.00927313 -0.0173725 -0.000470244 0.000529024 -0.0173725 0.0868759 0.000524092 -0.00122621 -0.000470244 0.000524092 0.0103823 -0.0186474 0.000529024 -0.00122621 -0.0186474 0.0901266 
0.00928603 -0.0172686 -0.000490854 0.00050963 -0.0172686 0.0864115 0.000501213 -0.00117518 -0.000490854 0.000501213 0.0102629 -0.0185385 0.00050963 -0.00117518 -0.0185385 0.0896716 
0.00930525 -0.017316 -0.000497217 0.000530618 -0.017316 0.0864056 0.000519736 -0.00117752 -0.000497217 0.000519736 0.0102217 -0.0184401 0.000530618 -0.00117752 -0.0184401 0.0894597 
0.00931613 -0.0173664 -0.000480886 0.000533379 -0.0173664 0.0865913 0.000524855 -0.00118609 -0.000480886 0.000524855 0.0102368 -0.0184211 0.000533379 -0.00118609 -0.0184211 0.0894273 
0.00936099 -0.0174686 -0.000478116 0.000515453 -0.0174686 0.0871468 0.000512212 -0.00116796 -0.000478116 0.000512212 0.0103153 -0.0185424 0.000515453 -0.00116796 -0.0185424 0.0899525 
0.00931215 -0.0173839 -0.000484206 0.000515941 -0.0173839 0.0867808 0.000516151 -0.001168 -0.000484206 0.000516151 0.0102972 -0.0184886 0.000515941 -0.001168 -0.0184886 0.0896287 
0.00930941 -0.0174183 -0.000469758 0.000529206 -0.0174183 0.0869582 0.00052491 -0.00118848 -0.000469758 0.00052491 0.0103275 -0.0185378 0.000529206 -0.00118848 -0.0185378 0.0898219 
0.00928677 -0.0173059 -0.000486254 0.000512716 -0.0173059 0.0865051 0.000501919 -0.00116911 -0.000486254 0.000501919 0.0102866 -0.0184743 0.000512716 -0.00116911 -0.0184743 0.089457 
0.00935435 -0.0173737 -0.000532118 0.000529971 -0.0173737 0.0867098 0.000518718 -0.00117772 -0.000532118 0.000518718 0.0102739 -0.0185056 0.000529971 -0.00117772 -0.0185056 0.0896237 
0.00940792 -0.017525 -0.000574594 0.000580414 -0.017525 0.0872615 0.000575837 -0.001268 -0.000574594 0.000575837 0.0103184 -0.0185492 0.000580414 -0.001268 -0.0185492 0.0899691 
0.00937639 -0.0174891 -0.000601361 0.000624345 -0.0174891 0.0871459 0.000623707 -0.00137444 -0.000601361 0.000623707 0.0103442 -0.0185344 0.000624345 -0.00137444 -0.0185344 0.0898257 
0.00938483 -0.017493 -0.00059864 0.000647553 -0.017493 0.0871915 0.000642473 -0.00142963 -0.00059864 0.000642473 0.0103318 -0.0185806 0.000647553 -0.00142963 -0.0185806 0.0899075 
0.00940044 -0.0175304 -0.0005857 0.000641949 -0.0175304 0.0873475 0.000635825 -0.00143482 -0.0005857 0.000635825 0.0102977 -0.0185945 0.000641949 -0.00143482 -0.0185945 0.0900643 
0.00938843 -0.0174497 -0.000559684 0.000626458 -0.0174497 0.086964 0.000622322 -0.00141383 -0.000559684 0.000622322 0.0101997 -0.018454 0.000626458 -0.00141383 -0.018454 0.0895777 
0.00936923 -0.0174673 -0.000546045 0.000601383 -0.0174673 0.0869442 0.000597518 -0.00137223 -0.000546045 0.000597518 0.0101934 -0.0183699 0.000601383 -0.00137223 -0.0183699 0.0893553 
0.00933198 -0.0174596 -0.000519643 0.000581702 -0.0174596 0.0869614 0.000580798 -0.00132313 -0.000519643 0.000580798 0.0102068 -0.0183484 0.000581702 -0.00132313 -0.0183484 0.0892169 
0.00931926 -0.0174269 -0.00048637 0.000547444 -0.0174269 0.0870101 0.000552776 -0.00125751 -0.00048637 0.000552776 0.0102409 -0.0184248 0.000547444 -0.00125751 -0.0184248 0.0894432 
0.00936253 -0.0174453 -0.000472171 0.000507209 -0.0174453 0.0871854 0.000517477 -0.00117501 -0.000472171 0.000517477 0.0102989 -0.0185111 0.000507209 -0.00117501 -0.0185111 0.0898288 
0.00934787 -0.0173832 -0.000462202 0.000487086 -0.0173832 0.086802 0.000497397 -0.001105 -0.000462202 0.000497397 0.0102627 -0.018479 0.000487086 -0.001105 -0.018479 0.0896 
0.00931199 -0.0173849 -0.000455002 0.000473175 -0.0173849 0.0866547 0.000481129 -0.001055 -0.000455002 0.000481129 0.0102428 -0.0184078 0.000473175 -0.001055 -0.0184078 0.089334 
0.00934716 -0.0174429 -0.000498186 0.000474994 -0.0174429 0.0870239 0.000483397 -0.00105331 -0.000498186 0.000483397 0.0102691 -0.0184889 0.000474994 -0.00105331 -0.0184889 0.0896753 
0.00934565 -0.0173955 -0.000518181 0.000537395 -0.0173955 0.0868191 0.000546224 -0.00116498 -0.000518181 0.000546224 0.0102516 -0.0184467 0.000537395 -0.00116498 -0.0184467 0.0894995 
0.0093289 -0.0173484 -0.000528125 0.000574066 -0.0173484 0.0865004 0.000577403 -0.00128895 -0.000528125 0.000577403 0.0102254 -0.0183821 0.000574066 -0.00128895 -0.0183821 0.089169 
0.00932426 -0.0173802 -0.000556816 0.000589316 -0.0173802 0.0865725 0.000587741 -0.0013563 -0.000556816 0.000587741 0.010224 -0.0183931 0.000589316 -0.0013563 -0.0183931 0.0891892 
0.0092979 -0.0173997 -0.000596722 0.000625572 -0.0173997 0.0867151 0.00061982 -0.00142914 -0.000596722 0.00061982 0.0102721 -0.0184204 0.000625572 -0.00142914 -0.0184204 0.0893249 
0.00930119 -0.0173825 -0.000605646 0.000666613 -0.0173825 0.0867954 0.000657601 -0.00150966 -0.000605646 0.000657601 0.0103179 -0.0184939 0.000666613 -0.00150966 -0.0184939 0.0895406 
0.00932892 -0.0173941 -0.000561202 0.000666544 -0.0173941 0.0868922 0.000655298 -0.00152667 -0.000561202 0.000655298 0.0103622 -0.0185831 0.000666544 -0.00152667 -0.0185831 0.0898656 
0.00932863 -0.0174029 -0.000551715 0.00060562 -0.0174029 0.0868548 0.00059798 -0.00142855 -0.000551715 0.00059798 0.0103663 -0.0185975 0.00060562 -0.00142855 -0.0185975 0.0899164 
0.00934781 -0.0174745 -0.000534232 0.000587734 -0.0174745 0.0872022 0.000581304 -0.00134168 -0.000534232 0.000581304 0.0104017 -0.0186836 0.000587734 -0.00134168 -0.0186836 0.0903238 
0.00930617 -0.0174144 -0.000513817 0.000571188 -0.0174144 0.0869598 0.000566971 -0.0012953 -0.000513817 0.000566971 0.0103873 -0.0186185 0.000571188 -0.0012953 -0.0186185 0.0900683 
0.00934336 -0.0174017 -0.00049539 0.000546481 -0.0174017 0.0869807 0.000547671 -0.00124633 -0.00049539 0.000547671 0.0103937 -0.0186616 0.000546481 -0.00124633 -0.0186616 0.0901925 
0.00937746 -0.0174635 -0.000498096 0.000511363 -0.0174635 0.0871501 0.000517193 -0.00116179 -0.000498096 0.000517193 0.0103875 -0.0186932 0.000511363 -0.00116179 -0.0186932 0.0903803 
0.00937926 -0.0174508 -0.000528994 0.000506787 -0.0174508 0.0870397 0.000514037 -0.00111121 -0.000528994 0.000514037 0.0103318 -0.0186385 0.000506787 -0.00111121 -0.0186385 0.090212 
0.00936858 -0.0174869 -0.00054747 0.000546763 -0.0174869 0.0871298 0.000552817 -0.0011577 -0.00054747 0.000552817 0.0103185 -0.0185731 0.000546763 -0.0011577 -0.0185731 0.090073 
0.00928605 -0.0173927 -0.00053295 0.000574805 -0.0173927 0.0867554 0.000572885 -0.00122485 -0.00053295 0.000572885 0.0103096 -0.0184819 0.000574805 -0.00122485 -0.0184819 0.08961 
0.00928939 -0.0173416 -0.000551521 0.000572256 -0.0173416 0.0867005 0.00056158 -0.00125203 -0.000551521 0.00056158 0.01033 -0.0185503 0.000572256 -0.00125203 -0.0185503 0.0897573 
0.00932413 -0.0173694 -0.000582673 0.000595818 -0.0173694 0.0868272 0.000584554 -0.00129007 -0.000582673 0.000584554 0.0103356 -0.0186246 0.000595818 -0.00129007 -0.0186246 0.0900925 
0.00933385 -0.0173407 -0.000592741 0.000626399 -0.0173407 0.0866058 0.000618995 -0.00135704 -0.000592741 0.000618995 0.0102884 -0.0185515 0.000626399 -0.00135704 -0.0185515 0.089864 
0.00935163 -0.0173652 -0.000611568 0.000637055 -0.0173652 0.0865611 0.000634957 -0.00140841 -0.000611568 0.000634957 0.0102621 -0.0184742 0.000637055 -0.00140841 -0.0184742 0.0895998 
0.00938943 -0.0174216 -0.000650661 0.000667066 -0.0174216 0.0867401 0.000665648 -0.00148125 -0.000650661 0.000665648 0.0102702 -0.0184704 0.000667066 -0.00148125 -0.0184704 0.0895733 
0.00944672 -0.0175082 -0.000706867 0.000708071 -0.0175082 0.0870702 0.000707069 -0.00156684 -0.000706867 0.000707069 0.0102629 -0.0185097 0.000708071 -0.00156684 -0.0185097 0.0897363 
0.00944075 -0.0175883 -0.000729443 0.00076773 -0.0175883 0.0873558 0.00076622 -0.0016823 -0.000729443 0.00076622 0.0102792 -0.0185009 0.00076773 -0.0016823 -0.0185009 0.0898107 
0.00941688 -0.0175441 -0.00075374 0.000795765 -0.0175441 0.0872919 0.000789395 -0.00177049 -0.00075374 0.000789395 0.0102657 -0.0184871 0.000795765 -0.00177049 -0.0184871 0.089707 
0.0094417 -0.017532 -0.000732372 0.0008218 -0.017532 0.0873182 0.000811587 -0.00182806 -0.000732372 0.000811587 0.0102777 -0.0185128 0.0008218 -0.00182806 -0.0185128 0.0898264 
0.00944966 -0.0175278 -0.0006838 0.000794096 -0.0175278 0.0872349 0.000784608 -0.00181037 -0.0006838 0.000784608 0.0102721 -0.0185168 0.000794096 -0.00181037 -0.0185168 0.0898318 
0.00943825 -0.0175625 -0.000643001 0.000721419 -0.0175625 0.0873048 0.000720085 -0.00167597 -0.000643001 0.000720085 0.0102593 -0.0185048 0.000721419 -0.00167597 -0.0185048 0.0898207 
0.00946942 -0.0175828 -0.000611965 0.000678405 -0.0175828 0.0874681 0.000685063 -0.00156319 -0.000611965 0.000685063 0.0102576 -0.0185148 0.000678405 -0.00156319 -0.0185148 0.0899123 
0.00940814 -0.0175071 -0.000579497 0.000635033 -0.0175071 0.0870608 0.000641137 -0.00144902 -0.000579497 0.000641137 0.0102087 -0.0184213 0.000635033 -0.00144902 -0.0184213 0.0894901 
0.0093775 -0.0174965 -0.000584848 0.000599533 -0.0174965 0.0870827 0.000603481 -0.00134889 -0.000584848 0.000603481 0.0102251 -0.0184308 0.000599533 -0.00134889 -0.0184308 0.089535 
0.00935368 -0.0175265 -0.000570001 0.000607348 -0.0175265 0.0873588 0.000606961 -0.00131517 -0.000570001 0.000606961 0.0103097 -0.0185077 0.000607348 -0.00131517 -0.0185077 0.0898827 
0.00930873 -0.0174099 -0.000561495 0.000604345 -0.0174099 0.0870135 0.00060472 -0.00132719 -0.000561495 0.00060472 0.0103113 -0.0185271 0.000604345 -0.00132719 -0.0185271 0.0897858 
0.00933279 -0.0174012 -0.000540784 0.000596554 -0.0174012 0.0869852 0.000601498 -0.00133004 -0.000540784 0.000601498 0.0103009 -0.0185626 0.000596554 -0.00133004 -0.0185626 0.0899222 
0.00936354 -0.0174503 -0.000529722 0.000569438 -0.0174503 0.0871432 0.00057947 -0.00129504 -0.000529722 0.00057947 0.0103124 -0.0185865 0.000569438 -0.00129504 -0.0185865 0.0901167 
0.00929073 -0.0173328 -0.00049677 0.000548995 -0.0173328 0.0864944 0.000559228 -0.00124179 -0.00049677 0.000559228 0.0102313 -0.0184204 0.000548995 -0.00124179 -0.0184204 0.08936 
0.00928709 -0.0173771 -0.000461359 0.000509319 -0.0173771 0.0867399 0.000521208 -0.00116032 -0.000461359 0.000521208 0.0102753 -0.0184754 0.000509319 -0.00116032 -0.0184754 0.0895964 
0.00929207 -0.0174181 -0.000446027 0.000471824 -0.0174181 0.0870315 0.000483761 -0.001074 -0.000446027 0.000483761 0.0103063 -0.0185377 0.000471824 -0.001074 -0.0185377 0.0898791 
0.00929145 -0.0173336 -0.00044881 0.000458429 -0.0173336 0.0867662 0.000468093 -0.00102314 -0.00044881 0.000468093 0.0102588 -0.0185206 0.000458429 -0.00102314 -0.0185206 0.0897681 
0.00933248 -0.0174161 -0.000435901 0.000463963 -0.0174161 0.087058 0.000472442 -0.00101588 -0.000435901 0.000472442 0.0102961 -0.0185423 0.000463963 -0.00101588 -0.0185423 0.0900279 
0.00932466 -0.0173836 -0.000469722 0.000451415 -0.0173836 0.0868636 0.000458186 -0.00100147 -0.000469722 0.000458186 0.0102568 -0.0184938 0.000451415 -0.00100147 -0.0184938 0.0897619 
0.00931445 -0.0173574 -0.000513462 0.000499717 -0.0173574 0.0866689 0.000498045 -0.00106329 -0.000513462 0.000498045 0.0101975 -0.0184223 0.000499717 -0.00106329 -0.0184223 0.0894667 
0.00937845 -0.0174637 -0.00055105 0.000569656 -0.0174637 0.0871294 0.000559849 -0.00121007 -0.00055105 0.000559849 0.0102094 -0.0184592 0.000569656 -0.00121007 -0.0184592 0.0897563 
0.00935479 -0.0174516 -0.000545524 0.000596553 -0.0174516 0.0869841 0.000586771 -0.00129513 -0.000545524 0.000586771 0.0101692 -0.0183568 0.000596553 -0.00129513 -0.0183568 0.0893633 
0.00931325 -0.0173859 -0.000520926 0.000572971 -0.0173859 0.0866941 0.000566871 -0.00127385 -0.000520926 0.000566871 0.010122 -0.0182729 0.000572971 -0.00127385 -0.0182729 0.0889447 
0.00930446 -0.0173462 -0.000474908 0.000550621 -0.0173462 0.0866032 0.000546345 -0.00123055 -0.000474908 0.000546345 0.010129 -0.0182941 0.000550621 -0.00123055 -0.0182941 0.0889938 
0.00939236 -0.0174627 -0.000491779 0.000509254 -0.0174627 0.0871857 0.000504218 -0.00116221 -0.000491779 0.000504218 0.0102023 -0.0184384 0.000509254 -0.00116221 -0.0184384 0.089698 
0.00937616 -0.0174259 -0.00054471 0.000524209 -0.0174259 0.0868906 0.000517533 -0.00114469 -0.00054471 0.000517533 0.0101609 -0.0183626 0.000524209 -0.00114469 -0.0183626 0.0893669 
0.00933548 -0.0173691 -0.000563353 0.000589041 -0.0173691 0.0865783 0.000582009 -0.00124948 -0.000563353 0.000582009 0.010122 -0.0183018 0.000589041 -0.00124948 -0.0183018 0.0890567 
0.0094018 -0.0175147 -0.000565085 0.000617689 -0.0175147 0.0872591 0.000611069 -0.00135237 -0.000565085 0.000611069 0.0101883 -0.0183958 0.000617689 -0.00135237 -0.0183958 0.0895869 
0.00933457 -0.0174043 -0.000543044 0.000611647 -0.0174043 0.0867144 0.000605864 -0.00137396 -0.000543044 0.000605864 0.0101306 -0.018257 0.000611647 -0.00137396 -0.018257 0.0888994 
0.00936881 -0.0174781 -0.000552284 0.000586837 -0.0174781 0.0871082 0.000582902 -0.00133961 -0.000552284 0.000582902 0.0101757 -0.0183507 0.000586837 -0.00133961 -0.0183507 0.089279 
0.00930161 -0.0173509 -0.000540633 0.00058292 -0.0173509 0.0865737 0.000583795 -0.00130556 -0.000540633 0.000583795 0.0101318 -0.0182946 0.00058292 -0.00130556 -0.0182946 0.0889306 
0.00933708 -0.0173887 -0.000533851 0.000576272 -0.0173887 0.0867974 0.000579347 -0.0012977 -0.000533851 0.000579347 0.0101483 -0.0183582 0.000576272 -0.0012977 -0.0183582 0.089271 
0.00937745 -0.0174345 -0.000559381 0.000576882 -0.0174345 0.0869933 0.000577765 -0.00130231 -0.000559381 0.000577765 0.0101459 -0.0183846 0.000576882 -0.00130231 -0.0183846 0.0894873 
0.00936966 -0.0174677 -0.000574173 0.000600024 -0.0174677 0.0870696 0.000599683 -0.00132651 -0.000574173 0.000599683 0.0101375 -0.0183424 0.000600024 -0.00132651 -0.0183424 0.0894181 
0.00938832 -0.0174971 -0.00061384 0.000623298 -0.0174971 0.0872598 0.000622913 -0.00138321 -0.00061384 0.000622913 0.0101648 -0.0183407 0.000623298 -0.00138321 -0.0183407 0.0894481 
0.0094232 -0.0174917 -0.000630455 0.000676415 -0.0174917 0.0872616 0.000678877 -0.00149911 -0.000630455 0.000678877 0.0101901 -0.0183714 0.000676415 -0.00149911 -0.0183714 0.0894791 
0.00934432 -0.0173849 -0.000613723 0.000690441 -0.0173849 0.0865921 0.000692032 -0.00156853 -0.000613723 0.000692032 0.0101252 -0.018262 0.000690441 -0.00156853 -0.018262 0.0888456 
0.00936641 -0.0174442 -0.000565959 0.00066911 -0.0174442 0.0869187 0.000667388 -0.00154903 -0.000565959 0.000667388 0.0101799 -0.0183614 0.00066911 -0.00154903 -0.0183614 0.089267 
0.00938266 -0.0174817 -0.000567747 0.000611434 -0.0174817 0.0871484 0.000605224 -0.00143661 -0.000567747 0.000605224 0.010208 -0.0184365 0.000611434 -0.00143661 -0.0184365 0.0896041 
0.00934983 -0.0174202 -0.000555453 0.000602364 -0.0174202 0.0868259 0.000589457 -0.00134387 -0.000555453 0.000589457 0.0101515 -0.0183369 0.000602364 -0.00134387 -0.0183369 0.0891981 
0.00939642 -0.0174893 -0.000558056 0.000599723 -0.0174893 0.0871749 0.00059124 -0.001332 -0.000558056 0.00059124 0.0101894 -0.0183923 0.000599723 -0.001332 -0.0183923 0.0894991 
0.00940863 -0.0174987 -0.00058024 0.000589521 -0.0174987 0.0871956 0.000589605 -0.00130964 -0.00058024 0.000589605 0.0101759 -0.0183896 0.000589521 -0.00130964 -0.0183896 0.0894783 
0.00934955 -0.0174126 -0.00057761 0.000603406 -0.0174126 0.0867592 0.00060953 -0.00131638 -0.00057761 0.00060953 0.01016 -0.0183004 0.000603406 -0.00131638 -0.0183004 0.0890584 
0.00938464 -0.0174853 -0.000580043 0.000606207 -0.0174853 0.0871766 0.000618378 -0.00134022 -0.000580043 0.000618378 0.0102378 -0.0184354 0.000606207 -0.00134022 -0.0184354 0.0895892 
0.00934316 -0.017456 -0.000565727 0.000609552 -0.017456 0.0870397 0.000625368 -0.00136253 -0.000565727 0.000625368 0.010238 -0.018428 0.000609552 -0.00136253 -0.018428 0.0895113 
0.00929952 -0.017342 -0.000586347 0.000599063 -0.017342 0.0865684 0.000612252 -0.00136106 -0.000586347 0.000612252 0.0101597 -0.0183484 0.000599063 -0.00136106 -0.0183484 0.0890932 
0.00937213 -0.0174781 -0.000607079 0.000637384 -0.0174781 0.0872242 0.000642515 -0.00141835 -0.000607079 0.000642515 0.0102333 -0.0184612 0.000637384 -0.00141835 -0.0184612 0.0897589 
0.00930622 -0.0173622 -0.00060444 0.000656176 -0.0173622 0.0866917 0.000652696 -0.00146338 -0.00060444 0.000652696 0.0101787 -0.0183703 0.000656176 -0.00146338 -0.0183703 0.0892918 
0.0092827 -0.0173042 -0.000631845 0.000657688 -0.0173042 0.0864364 0.000649392 -0.00147949 -0.000631845 0.000649392 0.0101454 -0.0183246 0.000657688 -0.00147949 -0.0183246 0.0890793 
0.00933324 -0.017413 -0.000635561 0.000691465 -0.017413 0.0869606 0.000681205 -0.00152678 -0.000635561 0.000681205 0.0102162 -0.0184258 0.000691465 -0.00152678 -0.0184258 0.0896122 
0.00930823 -0.0173151 -0.000623751 0.000689223 -0.0173151 0.0864713 0.000678962 -0.00154123 -0.000623751 0.000678962 0.0101363 -0.0183212 0.000689223 -0.00154123 -0.0183212 0.0890747 
0.00940947 -0.0174725 -0.000632618 0.000686424 -0.0174725 0.0871101 0.000675344 -0.0015462 -0.000632618 0.000675344 0.0101761 -0.0184052 0.000686424 -0.0015462 -0.0184052 0.0895742 
0.00936208 -0.0173929 -0.000617969 0.000679612 -0.0173929 0.0865975 0.000667204 -0.00151567 -0.000617969 0.000667204 0.0101013 -0.0182536 0.000679612 -0.00151567 -0.0182536 0.0888875 
0.00937756 -0.0174395 -0.000608761 0.000660028 -0.0174395 0.0868058 0.000651152 -0.00147435 -0.000608761 0.000651152 0.0100993 -0.0182846 0.000660028 -0.00147435 -0.0182846 0.0890201 
0.00935951 -0.017458 -0.000610293 0.000641014 -0.017458 0.0869423 0.000641165 -0.00143057 -0.000610293 0.000641165 0.0101174 -0.0183014 0.000641014 -0.00143057 -0.0183014 0.0891563 
0.00935696 -0.0174489 -0.000610534 0.000642525 -0.0174489 0.0870391 0.000652615 -0.00142739 -0.000610534 0.000652615 0.01014 -0.0183388 0.000642525 -0.00142739 -0.0183388 0.0893287 
0.00931775 -0.0173405 -0.000578153 0.000637474 -0.0173405 0.0865387 0.000647625 -0.00141671 -0.000578153 0.000647625 0.0100872 -0.0182351 0.000637474 -0.00141671 -0.0182351 0.0888474 
0.00932511 -0.0173849 -0.000577477 0.000608668 -0.0173849 0.0866865 0.000615833 -0.00137421 -0.000577477 0.000615833 0.0101124 -0.0182473 0.000608668 -0.00137421 -0.0182473 0.0889315 
0.00936638 -0.0174363 -0.000604233 0.000608753 -0.0174363 0.0869883 0.000609398 -0.00134158 -0.000604233 0.000609398 0.0101365 -0.0183289 0.000608753 -0.00134158 -0.0183289 0.0892565 
0.00935916 -0.0174098 -0.000625615 0.000648415 -0.0174098 0.0868175 0.00064572 -0.00139965 -0.000625615 0.00064572 0.0101005 -0.018288 0.000648415 -0.00139965 -0.018288 0.0890919 
0.00936932 -0.0174225 -0.000636966 0.000678263 -0.0174225 0.0868568 0.000672934 -0.00147871 -0.000636966 0.000672934 0.0100984 -0.0182886 0.000678263 -0.00147871 -0.0182886 0.0891325 
0.00935707 -0.0174118 -0.000639408 0.000687168 -0.0174118 0.0867947 0.000682468 -0.00152054 -0.000639408 0.000682468 0.0100796 -0.0182807 0.000687168 -0.00152054 -0.0182807 0.0891016 
0.00938109 -0.0174667 -0.0006469 0.000691922 -0.0174667 0.0871083 0.000690188 -0.00154692 -0.0006469 0.000690188 0.0101105 -0.0183459 0.000691922 -0.00154692 -0.0183459 0.0894663 
0.00939614 -0.0174166 -0.000659985 0.000694563 -0.0174166 0.0869163 0.00069999 -0.00156144 -0.000659985 0.00069999 0.010078 -0.0183136 0.000694563 -0.00156144 -0.0183136 0.0893324 
0.00941675 -0.0174514 -0.000651226 0.000708549 -0.0174514 0.086941 0.000716982 -0.00158993 -0.000651226 0.000716982 0.0100816 -0.0182918 0.000708549 -0.00158993 -0.0182918 0.0893001 
0.00941319 -0.0174211 -0.000637562 0.00069841 -0.0174211 0.0866647 0.000705817 -0.0015882 -0.000637562 0.000705817 0.0100294 -0.0181865 0.00069841 -0.0015882 -0.0181865 0.0887986 
0.0094482 -0.0175318 -0.000612764 0.000684734 -0.0175318 0.0870997 0.000690248 -0.00156023 -0.000612764 0.000690248 0.010073 -0.0182461 0.000684734 -0.00156023 -0.0182461 0.0890755 
0.00948641 -0.0175607 -0.000632117 0.000653999 -0.0175607 0.0872698 0.00065455 -0.00149197 -0.000632117 0.00065455 0.0100689 -0.0182674 0.000653999 -0.00149197 -0.0182674 0.0891444 
0.00951023 -0.0176386 -0.000689883 0.000670517 -0.0176386 0.0875663 0.000666975 -0.00146936 -0.000689883 0.000666975 0.0100669 -0.0182973 0.000670517 -0.00146936 -0.0182973 0.0893457 
0.0094987 -0.0176323 -0.000731574 0.000735461 -0.0176323 0.0875717 0.000731048 -0.00156133 -0.000731574 0.000731048 0.0100451 -0.0182559 0.000735461 -0.00156133 -0.0182559 0.0892429 
0.00949245 -0.017629 -0.000731995 0.000796132 -0.017629 0.0876219 0.000788495 -0.00170908 -0.000731995 0.000788495 0.0100536 -0.0182538 0.000796132 -0.00170908 -0.0182538 0.0892665 
0.00946169 -0.0176154 -0.000737126 0.000802056 -0.0176154 0.0875804 0.000790231 -0.00178032 -0.000737126 0.000790231 0.0100781 -0.0182338 0.000802056 -0.00178032 -0.0182338 0.0891815 
0.00936734 -0.01743 -0.000746862 0.000801462 -0.01743 0.0867861 0.000785661 -0.00178476 -0.000746862 0.000785661 0.0100197 -0.0181265 0.000801462 -0.00178476 -0.0181265 0.0885077 
0.00939423 -0.0174194 -0.000756273 0.00082021 -0.0174194 0.0867724 0.000801494 -0.00181502 -0.000756273 0.000801494 0.0100255 -0.0181721 0.00082021 -0.00181502 -0.0181721 0.0886551 
0.00947768 -0.0175572 -0.000771345 0.000837692 -0.0175572 0.0873434 0.000825248 -0.00187061 -0.000771345 0.000825248 0.0100944 -0.0182915 0.000837692 -0.00187061 -0.0182915 0.0892735 
0.00950328 -0.0175627 -0.000759418 0.000838807 -0.0175627 0.0873275 0.000831887 -0.00188208 -0.000759418 0.000831887 0.0100914 -0.018318 0.000838807 -0.00188208 -0.018318 0.0893447 
0.00946686 -0.0174729 -0.000732576 0.000805184 -0.0174729 0.0867709 0.00079936 -0.00181339 -0.000732576 0.00079936 0.00998425 -0.0181984 0.000805184 -0.00181339 -0.0181984 0.0887918 
0.00952559 -0.0175937 -0.00072451 0.000775071 -0.0175937 0.0872462 0.000770898 -0.00173342 -0.00072451 0.000770898 0.00997711 -0.0182179 0.000775071 -0.00173342 -0.0182179 0.0890878 
0.00956513 -0.0176924 -0.000724646 0.000766144 -0.0176924 0.0876776 0.000765583 -0.00169046 -0.000724646 0.000765583 0.0100052 -0.0182026 0.000766144 -0.00169046 -0.0182026 0.0892115 
0.0094598 -0.0175495 -0.000721174 0.00076194 -0.0175495 0.0870038 0.000764127 -0.00167297 -0.000721174 0.000764127 0.00994077 -0.0180418 0.00076194 -0.00167297 -0.0180418 0.0883731 
