0.00646283 0 0.000226143 0 0 0.00999505 0 0 0.000226143 0 0.00782383 0 0 0 0 0.00999505 
0.009093 -0.0113125 0.000242858 -0.000295016 -0.0113125 0.03078 -0.000295016 0.000565136 0.000242858 -0.000295016 0.0109558 -0.0135758 -0.000295016 0.000565136 -0.0135758 0.0351198 
0.00931169 -0.017626 0.000193164 -0.000257295 -0.017626 0.0655818 -0.000257295 0.000787695 0.000193164 -0.000257295 0.0109323 -0.0200587 -0.000257295 0.000787695 -0.0200587 0.0731365 
0.00880288 -0.0175837 0.000197913 -0.000111878 -0.0175837 0.0798423 -0.000115126 0.000142413 0.000197913 -0.000115126 0.0102369 -0.0191558 -0.000111878 0.000142413 -0.0191558 0.0846457 
0.0086535 -0.0169038 0.00022435 -0.000141911 -0.0169038 0.0831138 -0.000139847 -0.000125449 0.00022435 -0.000139847 0.010219 -0.0183833 -0.000141911 -0.000125449 -0.0183833 0.0867445 
0.00873966 -0.0167425 0.0002726 -0.000211693 -0.0167425 0.0842843 -0.00020172 3.32625e-05 0.0002726 -0.00020172 0.0104291 -0.0184972 -0.000211693 3.32625e-05 -0.0184972 0.0883161 
0.00891671 -0.0169143 0.000278795 -0.000289895 -0.0169143 0.0855095 -0.000280974 0.00032231 0.000278795 -0.000280974 0.0106172 -0.0188004 -0.000289895 0.00032231 -0.0188004 0.0899418 
0.00896379 -0.0169167 0.000278074 -0.000282472 -0.0169167 0.0854945 -0.00027722 0.000449317 0.000278074 -0.00027722 0.0106007 -0.018804 -0.000282472 0.000449317 -0.018804 0.0900501 
0.00897675 -0.0169846 0.000273423 -0.000280824 -0.0169846 0.0856808 -0.000280203 0.000497931 0.000273423 -0.000280203 0.0106018 -0.0187911 -0.000280824 0.000497931 -0.0187911 0.0901111 
0.00902939 -0.0170761 0.000256398 -0.000265567 -0.0170761 0.0861634 -0.000264326 0.000476921 0.000256398 -0.000264326 0.0106331 -0.0188687 -0.000265567 0.000476921 -0.0188687 0.090489 
0.00907344 -0.0170989 0.000269914 -0.000242193 -0.0170989 0.0862561 -0.000242689 0.000424841 0.000269914 -0.000242689 0.0106051 -0.0188642 -0.000242193 0.000424841 -0.0188642 0.0905047 
0.00905326 -0.0170189 0.000276313 -0.00024785 -0.0170189 0.085716 -0.000254815 0.000406674 0.000276313 -0.000254815 0.0104988 -0.0187041 -0.00024785 0.000406674 -0.0187041 0.0898297 
0.00914064 -0.0171938 0.000291563 -0.000263557 -0.0171938 0.0864311 -0.000273921 0.000440577 0.000291563 -0.000273921 0.010556 -0.0187987 -0.000263557 0.000440577 -0.0187987 0.0903822 
0.0091795 -0.0172312 0.000273533 -0.000277936 -0.0172312 0.0865367 -0.000285587 0.000470821 0.000273533 -0.000285587 0.0105249 -0.0187687 -0.000277936 0.000470821 -0.0187687 0.0902774 
0.00919607 -0.0173339 0.000269198 -0.000260755 -0.0173339 0.0868942 -0.000267399 0.000462488 0.000269198 -0.000267399 0.0105616 -0.0187676 -0.000260755 0.000462488 -0.0187676 0.0903693 
0.00914393 -0.0173428 0.000279014 -0.000260067 -0.0173428 0.0870016 -0.00026593 0.000455727 0.000279014 -0.00026593 0.0105921 -0.0187763 -0.000260067 0.000455727 -0.0187763 0.0903313 
0.00906798 -0.0172084 0.000264458 -0.000264248 -0.0172084 0.0865958 -0.000264937 0.000442973 0.000264458 -0.000264937 0.0105618 -0.0187483 -0.000264248 0.000442973 -0.0187483 0.0900611 
0.00900868 -0.017111 0.000236285 -0.000243644 -0.017111 0.0863228 -0.00024057 0.000400599 0.000236285 -0.00024057 0.0105885 -0.0187914 -0.000243644 0.000400599 -0.0187914 0.0901872 
0.00895886 -0.0170449 0.000239974 -0.000216466 -0.0170449 0.0861306 -0.000204324 0.000332008 0.000239974 -0.000204324 0.0106232 -0.0188297 -0.000216466 0.000332008 -0.0188297 0.0903188 
0.0089127 -0.0169194 0.000221156 -0.000225878 -0.0169194 0.0856329 -0.000204976 0.000309713 0.000221156 -0.000204976 0.0105878 -0.0187947 -0.000225878 0.000309713 -0.0187947 0.0900748 
0.00892651 -0.0169177 0.00020722 -0.000212405 -0.0169177 0.0855793 -0.000192141 0.00030212 0.00020722 -0.000192141 0.0105688 -0.0187848 -0.000212405 0.00030212 -0.0187848 0.0900794 
0.00902154 -0.0170458 0.000208147 -0.000197358 -0.0170458 0.0861588 -0.000187156 0.00028906 0.000208147 -0.000187156 0.0106257 -0.0188864 -0.000197358 0.00028906 -0.0188864 0.09063 
0.00905653 -0.0170808 0.000187138 -0.000180159 -0.0170808 0.0861677 -0.00018034 0.000248896 0.000187138 -0.00018034 0.010571 -0.0188378 -0.000180159 0.000248896 -0.0188378 0.0904491 
0.00906213 -0.0170617 0.000135588 -0.000149664 -0.0170617 0.0859162 -0.000152573 0.000186609 0.000135588 -0.000152573 0.010478 -0.0186988 -0.000149664 0.000186609 -0.0186988 0.0899154 
0.00907984 -0.0171587 0.000103346 -9.84391e-05 -0.0171587 0.0862429 -0.000105401 9.97731e-05 0.000103346 -0.000105401 0.0104886 -0.0186696 -9.84391e-05 9.97731e-05 -0.0186696 0.0899141 
0.00906691 -0.0171468 8.55733e-05 -5.10945e-05 -0.0171468 0.0862854 -6.22464e-05 -1.96053e-05 8.55733e-05 -6.22464e-05 0.010488 -0.0186807 -5.10945e-05 -1.96053e-05 -0.0186807 0.0898968 
0.00913142 -0.0171918 0.000109497 -3.85353e-05 -0.0171918 0.0865756 -5.08992e-05 -7.06652e-05 0.000109497 -5.08992e-05 0.0105221 -0.0187541 -3.85353e-05 -7.06652e-05 -0.0187541 0.0902412 
0.00911614 -0.0171471 0.000136682 -6.75841e-05 -0.0171471 0.0862077 -8.22895e-05 -3.75479e-05 0.000136682 -8.22895e-05 0.0105018 -0.0186634 -6.75841e-05 -3.75479e-05 -0.0186634 0.0898303 
0.00915666 -0.017283 0.000167112 -0.000112178 -0.017283 0.086776 -0.000119688 5.68122e-05 0.000167112 -0.000119688 0.0105918 -0.018796 -0.000112178 5.68122e-05 -0.018796 0.0903703 
0.00911694 -0.0172677 0.000222403 -0.000160318 -0.0172677 0.0867509 -0.000153924 0.000170759 0.000222403 -0.000153924 0.0106014 -0.0188109 -0.000160318 0.000170759 -0.0188109 0.090347 
0.0091082 -0.0172391 0.000224073 -0.000224525 -0.0172391 0.0867972 -0.000210818 0.000300735 0.000224073 -0.000210818 0.0106224 -0.0188916 -0.000224525 0.000300735 -0.0188916 0.0906353 
0.00904871 -0.0171301 0.000200044 -0.000221898 -0.0171301 0.086307 -0.000209304 0.000350358 0.000200044 -0.000209304 0.0105712 -0.0188151 -0.000221898 0.000350358 -0.0188151 0.0903059 
0.0090246 -0.0171349 0.00020618 -0.000184852 -0.0171349 0.0863716 -0.000175368 0.00029263 0.00020618 -0.000175368 0.0105881 -0.0188309 -0.000184852 0.00029263 -0.0188309 0.0904419 
0.00900348 -0.0170635 0.000232574 -0.000189389 -0.0170635 0.0861321 -0.000182303 0.000267593 0.000232574 -0.000182303 0.0105519 -0.0187799 -0.000189389 0.000267593 -0.0187799 0.0902154 
0.00899805 -0.017016 0.000233884 -0.000215083 -0.017016 0.085918 -0.000208658 0.000294287 0.000233884 -0.000208658 0.0105291 -0.0187494 -0.000215083 0.000294287 -0.0187494 0.0900776 
0.0089814 -0.017028 0.000221148 -0.000215963 -0.017028 0.0859078 -0.000214378 0.000319701 0.000221148 -0.000214378 0.0105273 -0.0187312 -0.000215963 0.000319701 -0.0187312 0.0900356 
0.00906237 -0.0171541 0.000208575 -0.000209193 -0.0171541 0.0865574 -0.000210969 0.000330751 0.000208575 -0.000210969 0.0105693 -0.0188311 -0.000209193 0.000330751 -0.0188311 0.0905584 
0.00901767 -0.017033 0.000208097 -0.000196555 -0.017033 0.0859333 -0.000202733 0.000323847 0.000208097 -0.000202733 0.0104641 -0.0186788 -0.000196555 0.000323847 -0.0186788 0.0898662 
0.00902645 -0.0170414 0.000231705 -0.000188613 -0.0170414 0.0859149 -0.000200324 0.00030529 0.000231705 -0.000200324 0.0104576 -0.0186513 -0.000188613 0.00030529 -0.0186513 0.0898082 
0.00902988 -0.0171088 0.000266356 -0.000218663 -0.0171088 0.0861674 -0.000227903 0.000342284 0.000266356 -0.000227903 0.0104785 -0.0186608 -0.000218663 0.000342284 -0.0186608 0.0898982 
0.0090322 -0.0171464 0.000300385 -0.000261342 -0.0171464 0.0864895 -0.000264115 0.000420213 0.000300385 -0.000264115 0.0105359 -0.0187571 -0.000261342 0.000420213 -0.0187571 0.0902896 
0.00896143 -0.01698 0.000311496 -0.000290449 -0.01698 0.0858092 -0.000286831 0.000478305 0.000311496 -0.000286831 0.0104655 -0.0186671 -0.000290449 0.000478305 -0.0186671 0.0897894 
0.00895639 -0.0170078 0.000318137 -0.000311951 -0.0170078 0.085949 -0.000303484 0.000534622 0.000318137 -0.000303484 0.0105021 -0.018701 -0.000311951 0.000534622 -0.018701 0.0900181 
0.00896894 -0.0169448 0.000333905 -0.000320341 -0.0169448 0.085738 -0.000306295 0.000561735 0.000333905 -0.000306295 0.0104768 -0.0186898 -0.000320341 0.000561735 -0.0186898 0.0899113 
0.00905819 -0.0171167 0.000358713 -0.000344269 -0.0171167 0.0863891 -0.000333835 0.00061484 0.000358713 -0.000333835 0.0105457 -0.0187624 -0.000344269 0.00061484 -0.0187624 0.0903806 
0.00903965 -0.017077 0.000354649 -0.000368861 -0.017077 0.0861022 -0.000362892 0.000677044 0.000354649 -0.000362892 0.0105196 -0.0186757 -0.000368861 0.000677044 -0.0186757 0.0898995 
0.00902492 -0.0171162 0.000365306 -0.000365083 -0.0171162 0.0862461 -0.000361319 0.000701455 0.000365306 -0.000361319 0.010553 -0.0187224 -0.000365083 0.000701455 -0.0187224 0.0900035 
0.00903834 -0.0171477 0.000357616 -0.000370404 -0.0171477 0.0865293 -0.000366916 0.000703362 0.000357616 -0.000366916 0.0105941 -0.0188292 -0.000370404 0.000703362 -0.0188292 0.09041 
0.00895237 -0.0170058 0.000341108 -0.000356472 -0.0170058 0.0858616 -0.000351324 0.00067787 0.000341108 -0.000351324 0.010515 -0.0186928 -0.000356472 0.00067787 -0.0186928 0.0897885 
0.0090045 -0.0171126 0.00033502 -0.000346491 -0.0171126 0.0864553 -0.000342509 0.000659797 0.00033502 -0.000342509 0.0105952 -0.0188137 -0.000346491 0.000659797 -0.0188137 0.0904117 
0.00897324 -0.0170046 0.000341873 -0.000333796 -0.0170046 0.0859633 -0.000331789 0.000630738 0.000341873 -0.000331789 0.0105526 -0.0187298 -0.000333796 0.000630738 -0.0187298 0.0899633 
0.00897996 -0.0170402 0.000328989 -0.000342321 -0.0170402 0.0860669 -0.000344775 0.000637131 0.000328989 -0.000344775 0.0105874 -0.018777 -0.000342321 0.000637131 -0.018777 0.0901388 
0.00900633 -0.0171266 0.000343819 -0.000325104 -0.0171266 0.0865185 -0.000331192 0.000619406 0.000343819 -0.000331192 0.0106519 -0.0189011 -0.000325104 0.000619406 -0.0189011 0.0906726 
0.00894011 -0.016941 0.000364847 -0.000333592 -0.016941 0.0856899 -0.000342401 0.000614729 0.000364847 -0.000342401 0.0105559 -0.0187617 -0.000333592 0.000614729 -0.0187617 0.0899662 
0.0089696 -0.017005 0.000374826 -0.000357282 -0.017005 0.0859587 -0.000365534 0.000645506 0.000374826 -0.000365534 0.0105714 -0.0188425 -0.000357282 0.000645506 -0.0188425 0.0903823 
0.00894709 -0.016991 0.000363852 -0.000371527 -0.016991 0.0859098 -0.000374551 0.000680393 0.000363852 -0.000374551 0.0105491 -0.0188175 -0.000371527 0.000680393 -0.0188175 0.0903806 
0.00890766 -0.0169788 0.000361805 -0.000376354 -0.0169788 0.0859099 -0.000371801 0.000714358 0.000361805 -0.000371801 0.010565 -0.0187829 -0.000376354 0.000714358 -0.0187829 0.0903283 
0.00891495 -0.0169443 0.00039501 -0.000373214 -0.0169443 0.0859172 -0.000360585 0.000708868 0.00039501 -0.000360585 0.0105902 -0.01882 -0.000373214 0.000708868 -0.01882 0.0904224 
0.00894375 -0.0168829 0.000420105 -0.000408176 -0.0168829 0.0856085 -0.00039287 0.000747251 0.000420105 -0.00039287 0.0105428 -0.0187988 -0.000408176 0.000747251 -0.0187988 0.090252 
0.00897124 -0.0169023 0.000428 -0.000425054 -0.0169023 0.0854527 -0.000415043 0.00078763 0.000428 -0.000415043 0.0104917 -0.0187246 -0.000425054 0.00078763 -0.0187246 0.0900018 
0.00907488 -0.0170871 0.000425706 -0.00044591 -0.0170871 0.0861207 -0.000446829 0.000863985 0.000425706 -0.000446829 0.0105038 -0.0187455 -0.00044591 0.000863985 -0.0187455 0.0902572 
0.00907527 -0.0171383 0.000410111 -0.000429121 -0.0171383 0.0862141 -0.000439366 0.000863135 0.000410111 -0.000439366 0.0104674 -0.0186629 -0.000429121 0.000863135 -0.0186629 0.0899385 
0.00906463 -0.017106 0.000377169 -0.000400084 -0.017106 0.0860796 -0.000409926 0.000798962 0.000377169 -0.000409926 0.0104183 -0.0185902 -0.000400084 0.000798962 -0.0185902 0.0895811 
0.00906895 -0.0171209 0.000367406 -0.000367181 -0.0171209 0.0861186 -0.000367085 0.000713379 0.000367406 -0.000367085 0.0104002 -0.0185596 -0.000367181 0.000713379 -0.0185596 0.0894743 
0.00915361 -0.0172729 0.000374064 -0.000363731 -0.0172729 0.0868526 -0.000357173 0.000669843 0.000374064 -0.000357173 0.0104504 -0.0186728 -0.000363731 0.000669843 -0.0186728 0.0900702 
0.00913837 -0.0172459 0.000395951 -0.000372304 -0.0172459 0.0866975 -0.000371928 0.000681785 0.000395951 -0.000371928 0.0104108 -0.0186044 -0.000372304 0.000681785 -0.0186044 0.0898068 
0.00909363 -0.017205 0.000397075 -0.000402409 -0.017205 0.0864712 -0.000409687 0.000755508 0.000397075 -0.000409687 0.0103785 -0.0185166 -0.000402409 0.000755508 -0.0185166 0.0894426 
0.00904096 -0.017189 0.000408084 -0.000411619 -0.017189 0.0864954 -0.000419162 0.000815218 0.000408084 -0.000419162 0.0104203 -0.0185372 -0.000411619 0.000815218 -0.0185372 0.0894948 
0.00901615 -0.0171244 0.000402968 -0.000421072 -0.0171244 0.0864826 -0.000423723 0.000837109 0.000402968 -0.000423723 0.0104632 -0.0186644 -0.000421072 0.000837109 -0.0186644 0.0898984 
0.00898818 -0.0170494 0.000391363 -0.000422734 -0.0170494 0.0862015 -0.000416737 0.000847426 0.000391363 -0.000416737 0.0104552 -0.0186624 -0.000422734 0.000847426 -0.0186624 0.089917 
0.00898001 -0.0170466 0.000353574 -0.000409023 -0.0170466 0.0862092 -0.000395405 0.000816134 0.000353574 -0.000395405 0.0104769 -0.0186972 -0.000409023 0.000816134 -0.0186972 0.0901066 
0.00898035 -0.0170169 0.000337706 -0.000364132 -0.0170169 0.0861004 -0.000348096 0.000729403 0.000337706 -0.000348096 0.0104652 -0.0186882 -0.000364132 0.000729403 -0.0186882 0.0900715 
0.00898237 -0.0170087 0.000337755 -0.00033506 -0.0170087 0.0860265 -0.000323493 0.000637402 0.000337755 -0.000323493 0.0104568 -0.018672 -0.00033506 0.000637402 -0.018672 0.0900187 
0.00901976 -0.0170434 0.000331158 -0.000340611 -0.0170434 0.086165 -0.000334051 0.00062463 0.000331158 -0.000334051 0.0104413 -0.0186956 -0.000340611 0.00062463 -0.0186956 0.0901438 
0.00902135 -0.0170355 0.000330223 -0.000325112 -0.0170355 0.0860237 -0.000321103 0.00059996 0.000330223 -0.000321103 0.0103972 -0.018612 -0.000325112 0.00059996 -0.018612 0.0898627 
0.00902588 -0.0170878 0.00034552 -0.000326652 -0.0170878 0.0862041 -0.000322384 0.000593046 0.00034552 -0.000322384 0.0104109 -0.0185974 -0.000326652 0.000593046 -0.0185974 0.0898552 
0.00905847 -0.0171223 0.000344088 -0.000341601 -0.0171223 0.0864489 -0.000340925 0.000613152 0.000344088 -0.000340925 0.010432 -0.0186563 -0.000341601 0.000613152 -0.0186563 0.0900718 
0.0090001 -0.0170482 0.000346108 -0.000346496 -0.0170482 0.0860211 -0.000351974 0.00065406 0.000346108 -0.000351974 0.0103812 -0.0185409 -0.000346496 0.00065406 -0.0185409 0.0895568 
0.00898915 -0.0170511 0.000363037 -0.000344337 -0.0170511 0.0860925 -0.000355689 0.000664197 0.000363037 -0.000355689 0.0104015 -0.0185579 -0.000344337 0.000664197 -0.0185579 0.0896082 
0.00900047 -0.017112 0.000387628 -0.000360463 -0.017112 0.0864636 -0.000374016 0.000687623 0.000387628 -0.000374016 0.0104761 -0.0186477 -0.000360463 0.000687623 -0.0186477 0.0900087 
0.00899696 -0.0170464 0.000408112 -0.000387171 -0.0170464 0.0862619 -0.000397569 0.000736647 0.000408112 -0.000397569 0.0104431 -0.0186575 -0.000387171 0.000736647 -0.0186575 0.0899421 
0.00901486 -0.0170727 0.000438654 -0.000426515 -0.0170727 0.086333 -0.000433071 0.000830212 0.000438654 -0.000433071 0.0104402 -0.0186698 -0.000426515 0.000830212 -0.0186698 0.0900871 
0.00899789 -0.0169709 0.000444279 -0.000461989 -0.0169709 0.0858154 -0.000464148 0.000917102 0.000444279 -0.000464148 0.0103611 -0.0185602 -0.000461989 0.000917102 -0.0185602 0.089598 
0.00907314 -0.017086 0.000424831 -0.000469681 -0.017086 0.0862805 -0.000468982 0.000959652 0.000424831 -0.000468982 0.0103868 -0.0186555 -0.000469681 0.000959652 -0.0186555 0.0901139 
0.00904083 -0.0170133 0.000421566 -0.000452813 -0.0170133 0.0857793 -0.000446114 0.000951687 0.000421566 -0.000446114 0.0102837 -0.0184807 -0.000452813 0.000951687 -0.0184807 0.0894173 
0.00913129 -0.0171727 0.00044037 -0.000459914 -0.0171727 0.0864608 -0.000447423 0.000955277 0.00044037 -0.000447423 0.0103412 -0.0185459 -0.000459914 0.000955277 -0.0185459 0.0898465 
0.00914298 -0.0172391 0.000422381 -0.000464725 -0.0172391 0.0866857 -0.000452393 0.000945132 0.000422381 -0.000452393 0.010353 -0.0185433 -0.000464725 0.000945132 -0.0185433 0.089823 
0.00907989 -0.0171625 0.000416611 -0.000433575 -0.0171625 0.0862983 -0.000424067 0.000888975 0.000416611 -0.000424067 0.0102784 -0.0184171 -0.000433575 0.000888975 -0.0184171 0.0892017 
0.00905165 -0.0171336 0.000403978 -0.000417233 -0.0171336 0.0862515 -0.000416852 0.000832522 0.000403978 -0.000416852 0.0102726 -0.0183932 -0.000417233 0.000832522 -0.0183932 0.0890915 
0.00903813 -0.0171168 0.000427849 -0.000410079 -0.0171168 0.0862994 -0.000412656 0.000813199 0.000427849 -0.000412656 0.0103178 -0.0184419 -0.000410079 0.000813199 -0.0184419 0.089268 
0.00905041 -0.0171612 0.000436291 -0.000443265 -0.0171612 0.0865823 -0.000441057 0.000854332 0.000436291 -0.000441057 0.0103785 -0.0185359 -0.000443265 0.000854332 -0.0185359 0.0896597 
0.00903965 -0.0171296 0.000425016 -0.000459715 -0.0171296 0.0865192 -0.000451867 0.000906706 0.000425016 -0.000451867 0.010383 -0.0185731 -0.000459715 0.000906706 -0.0185731 0.0897627 
0.0090191 -0.0170969 0.000401896 -0.000445505 -0.0170969 0.0863935 -0.000438216 0.000903334 0.000401896 -0.000438216 0.0103704 -0.0185752 -0.000445505 0.000903334 -0.0185752 0.0897858 
0.00897955 -0.0170327 0.000398171 -0.000411474 -0.0170327 0.0861225 -0.000407211 0.00084429 0.000398171 -0.000407211 0.010347 -0.0185264 -0.000411474 0.00084429 -0.0185264 0.0895989 
0.00893545 -0.0169327 0.000371477 -0.000407244 -0.0169327 0.0857082 -0.000402973 0.000811088 0.000371477 -0.000402973 0.0103195 -0.0184737 -0.000407244 0.000811088 -0.0184737 0.0893239 
0.00900756 -0.0169882 0.000367616 -0.00039133 -0.0169882 0.0859931 -0.000382431 0.000792642 0.000367616 -0.000382431 0.0103477 -0.0185575 -0.00039133 0.000792642 -0.0185575 0.0897163 
0.00904037 -0.0170156 0.000354638 -0.000380443 -0.0170156 0.0859495 -0.000372279 0.00075983 0.000354638 -0.000372279 0.0103064 -0.0185221 -0.000380443 0.00075983 -0.0185221 0.0896124 
0.00904936 -0.0171226 0.000388224 -0.000365595 -0.0171226 0.0862834 -0.000361648 0.000732041 0.000388224 -0.000361648 0.0103147 -0.018497 -0.000365595 0.000732041 -0.018497 0.0896475 
0.0090438 -0.017091 0.000394769 -0.000409903 -0.017091 0.0862372 -0.000411897 0.000803023 0.000394769 -0.000411897 0.0102864 -0.0184642 -0.000409903 0.000803023 -0.0184642 0.0894631 
0.00907518 -0.0170919 0.000400275 -0.000414138 -0.0170919 0.0862531 -0.000420165 0.000849766 0.000400275 -0.000420165 0.0102575 -0.0184591 -0.000414138 0.000849766 -0.0184591 0.0894563 
0.00909738 -0.0171329 0.000400625 -0.000412243 -0.0171329 0.0863363 -0.000421377 0.000855504 0.000400625 -0.000421377 0.0102361 -0.0184317 -0.000412243 0.000855504 -0.0184317 0.0894392 
0.00906729 -0.0170824 0.000397605 -0.000406508 -0.0170824 0.0860236 -0.000417156 0.00084261 0.000397605 -0.000417156 0.0101676 -0.0183142 -0.000406508 0.00084261 -0.0183142 0.0889512 
0.00911967 -0.0171372 0.000348959 -0.000404913 -0.0171372 0.0862963 -0.000415168 0.000833102 0.000348959 -0.000415168 0.0101564 -0.0183407 -0.000404913 0.000833102 -0.0183407 0.0891302 
0.00916965 -0.0172532 0.000313629 -0.000355064 -0.0172532 0.0867632 -0.000363428 0.000762309 0.000313629 -0.000363428 0.0102015 -0.018362 -0.000355064 0.000762309 -0.018362 0.089396 
0.00904824 -0.0171446 0.000341681 -0.000310396 -0.0171446 0.0861933 -0.000312379 0.000647153 0.000341681 -0.000312379 0.0101823 -0.0182131 -0.000310396 0.000647153 -0.0182131 0.0886336 
0.00900433 -0.0170715 0.000373224 -0.00034042 -0.0170715 0.0861123 -0.000340475 0.000636482 0.000373224 -0.000340475 0.0102504 -0.0183059 -0.00034042 0.000636482 -0.0183059 0.0887844 
0.009044 -0.0171099 0.000392642 -0.000385807 -0.0171099 0.0864587 -0.000386511 0.000723639 0.000392642 -0.000386511 0.0103458 -0.0185026 -0.000385807 0.000723639 -0.0185026 0.0895305 
0.00903442 -0.0170613 0.000395241 -0.000417849 -0.0170613 0.0861831 -0.000415787 0.000823017 0.000395241 -0.000415787 0.0103214 -0.0184955 -0.000417849 0.000823017 -0.0184955 0.0894613 
0.00903486 -0.0170922 0.000393949 -0.000429341 -0.0170922 0.0862623 -0.000422848 0.000882114 0.000393949 -0.000422848 0.0103437 -0.0185156 -0.000429341 0.000882114 -0.0185156 0.0896001 
0.00907251 -0.0171373 0.000382857 -0.000424635 -0.0171373 0.0865299 -0.000419155 0.000890544 0.000382857 -0.000419155 0.010372 -0.0185917 -0.000424635 0.000890544 -0.0185917 0.0899244 
0.00899308 -0.0170181 0.000353983 -0.000398947 -0.0170181 0.0858823 -0.00040052 0.000848549 0.000353983 -0.00040052 0.0103015 -0.0184464 -0.000398947 0.000848549 -0.0184464 0.0892558 
0.00903017 -0.0170182 0.000339324 -0.000364248 -0.0170182 0.0859379 -0.000372271 0.000784022 0.000339324 -0.000372271 0.0102971 -0.0184773 -0.000364248 0.000784022 -0.0184773 0.089363 
0.00912995 -0.0171455 0.000321176 -0.000343279 -0.0171455 0.0864442 -0.000356959 0.000725659 0.000321176 -0.000356959 0.0103055 -0.0185587 -0.000343279 0.000725659 -0.0185587 0.0898384 
0.00910744 -0.0171313 0.000319584 -0.000310247 -0.0171313 0.0861821 -0.000324408 0.000643915 0.000319584 -0.000324408 0.0102437 -0.018424 -0.000310247 0.000643915 -0.018424 0.0893602 
0.00910263 -0.0171763 0.000311039 -0.00032115 -0.0171763 0.0863554 -0.000327975 0.000630661 0.000311039 -0.000327975 0.0102561 -0.0183989 -0.00032115 0.000630661 -0.0183989 0.089289 
0.00908274 -0.0172185 0.000329405 -0.000321487 -0.0172185 0.0866387 -0.000318313 0.000630005 0.000329405 -0.000318313 0.0103042 -0.0184468 -0.000321487 0.000630005 -0.0184468 0.089468 
0.0090504 -0.0171628 0.000317156 -0.000350553 -0.0171628 0.086557 -0.000341528 0.000674505 0.000317156 -0.000341528 0.0103204 -0.0184637 -0.000350553 0.000674505 -0.0184637 0.0894579 
0.00904637 -0.0171234 0.000313354 -0.000350718 -0.0171234 0.0864757 -0.000341611 0.0007201 0.000313354 -0.000341611 0.0103294 -0.0185016 -0.000350718 0.0007201 -0.0185016 0.0895639 
0.00907032 -0.0171065 0.000313011 -0.0003444 -0.0171065 0.0864309 -0.000344742 0.000737065 0.000313011 -0.000344742 0.0103323 -0.0185505 -0.0003444 0.000737065 -0.0185505 0.0897645 
0.00898815 -0.0169911 0.000295534 -0.000333395 -0.0169911 0.0857527 -0.000346879 0.000735019 0.000295534 -0.000346879 0.0102707 -0.0184126 -0.000333395 0.000735019 -0.0184126 0.0891599 
0.00900004 -0.017011 0.000283797 -0.000310171 -0.017011 0.0859138 -0.000324774 0.0006969 0.000283797 -0.000324774 0.0102941 -0.0184741 -0.000310171 0.0006969 -0.0184741 0.089417 
0.00899222 -0.0169775 0.00030091 -0.000299721 -0.0169775 0.0857608 -0.000304849 0.000654657 0.00030091 -0.000304849 0.0103003 -0.0184476 -0.000299721 0.000654657 -0.0184476 0.0893118 
0.00902653 -0.0170497 0.000315435 -0.000323478 -0.0170497 0.0860379 -0.000317292 0.000659737 0.000315435 -0.000317292 0.010333 -0.0184927 -0.000323478 0.000659737 -0.0184927 0.089503 
0.00902497 -0.017029 0.000320489 -0.000328984 -0.017029 0.0859179 -0.000320866 0.0006567 0.000320489 -0.000320866 0.0103123 -0.0184699 -0.000328984 0.0006567 -0.0184699 0.0893444 
0.00909809 -0.0171094 0.000281675 -0.000335652 -0.0171094 0.0862572 -0.000336335 0.000677137 0.000281675 -0.000336335 0.0103275 -0.0185235 -0.000335652 0.000677137 -0.0185235 0.0896189 
0.00912182 -0.0171659 0.000245418 -0.000290558 -0.0171659 0.0863423 -0.000295154 0.000624364 0.000245418 -0.000295154 0.0102986 -0.0184763 -0.000290558 0.000624364 -0.0184763 0.0894751 
0.00917455 -0.0172699 0.00025125 -0.000235771 -0.0172699 0.0868312 -0.000238417 0.000490784 0.00025125 -0.000238417 0.0103533 -0.0185578 -0.000235771 0.000490784 -0.0185578 0.0898697 
0.00912154 -0.0172112 0.000265074 -0.000234553 -0.0172112 0.0864878 -0.000236353 0.000419483 0.000265074 -0.000236353 0.0103104 -0.0184595 -0.000234553 0.000419483 -0.0184595 0.089388 
0.00908851 -0.0172082 0.000291038 -0.00025849 -0.0172082 0.0865508 -0.000262727 0.00044579 0.000291038 -0.000262727 0.0103509 -0.018491 -0.00025849 0.00044579 -0.018491 0.0894815 
0.00905519 -0.0171558 0.000294471 -0.000298758 -0.0171558 0.0864359 -0.000299475 0.000534295 0.000294471 -0.000299475 0.0103566 -0.0185092 -0.000298758 0.000534295 -0.0185092 0.0894751 
0.00901095 -0.0170607 0.000322738 -0.000309046 -0.0170607 0.086068 -0.000304375 0.000589583 0.000322738 -0.000304375 0.0103405 -0.0184826 -0.000309046 0.000589583 -0.0184826 0.0892949 
0.00905147 -0.0171085 0.000340447 -0.000343754 -0.0171085 0.0863624 -0.000343118 0.000661746 0.000340447 -0.000343118 0.0103715 -0.0185911 -0.000343754 0.000661746 -0.0185911 0.0897897 
0.00901761 -0.0170423 0.000341481 -0.000356948 -0.0170423 0.0860045 -0.000364299 0.000718622 0.000341481 -0.000364299 0.0103308 -0.0185093 -0.000356948 0.000718622 -0.0185093 0.0894828 
0.0090354 -0.0170707 0.000363549 -0.000367 -0.0170707 0.0861334 -0.000373237 0.00076172 0.000363549 -0.000373237 0.0103714 -0.018524 -0.000367 0.00076172 -0.018524 0.0895848 
0.00905012 -0.0171179 0.000344266 -0.000377164 -0.0171179 0.0863346 -0.000381726 0.000768711 0.000344266 -0.000381726 0.0104084 -0.0185791 -0.000377164 0.000768711 -0.0185791 0.0897611 
0.00904636 -0.0171222 0.000330365 -0.000353379 -0.0171222 0.0863655 -0.000354308 0.000731733 0.000330365 -0.000354308 0.0104268 -0.0185929 -0.000353379 0.000731733 -0.0185929 0.0897814 
0.00899837 -0.0170356 0.00032324 -0.000326409 -0.0170356 0.0859564 -0.000326565 0.000654241 0.00032324 -0.000326565 0.0104035 -0.0185261 -0.000326409 0.000654241 -0.0185261 0.0893934 
0.00905001 -0.0171682 0.000321087 -0.000331101 -0.0171682 0.086618 -0.000324879 0.000633833 0.000321087 -0.000324879 0.010505 -0.0186831 -0.000331101 0.000633833 -0.0186831 0.0900862 
0.00899364 -0.0170995 0.00029314 -0.000337513 -0.0170995 0.0863251 -0.000326151 0.000643458 0.00029314 -0.000326151 0.0105153 -0.0186453 -0.000337513 0.000643458 -0.0186453 0.0898225 
0.00896345 -0.0170475 0.000295149 -0.000297827 -0.0170475 0.0862012 -0.000285661 0.000578527 0.000295149 -0.000285661 0.0105424 -0.0187147 -0.000297827 0.000578527 -0.0187147 0.0899565 
0.0089706 -0.0170253 0.000315768 -0.000287427 -0.0170253 0.0862015 -0.000279811 0.000518205 0.000315768 -0.000279811 0.0105622 -0.0188113 -0.000287427 0.000518205 -0.0188113 0.090324 
0.00900005 -0.0170354 0.000315065 -0.000299544 -0.0170354 0.0862361 -0.000301617 0.000514333 0.000315065 -0.000301617 0.010544 -0.0188441 -0.000299544 0.000514333 -0.0188441 0.0905552 
0.00894354 -0.0169218 0.000314928 -0.000295207 -0.0169218 0.085572 -0.000306957 0.000525414 0.000314928 -0.000306957 0.0104373 -0.018664 -0.000295207 0.000525414 -0.018664 0.089849 
0.00904226 -0.0170683 0.000327048 -0.000313252 -0.0170683 0.086233 -0.000324403 0.000571679 0.000327048 -0.000324403 0.0104798 -0.0187443 -0.000313252 0.000571679 -0.0187443 0.0903601 
0.00906183 -0.0171065 0.000327676 -0.0003433 -0.0171065 0.0862762 -0.000344096 0.000645491 0.000327676 -0.000344096 0.0104521 -0.0186781 -0.0003433 0.000645491 -0.0186781 0.0901369 
0.00901436 -0.0170752 0.00034863 -0.000344395 -0.0170752 0.0860515 -0.00033914 0.00067175 0.00034863 -0.00033914 0.0104197 -0.0185792 -0.000344395 0.00067175 -0.0185792 0.0896851 
0.00905453 -0.0171306 0.000323396 -0.000362208 -0.0171306 0.086462 -0.00035664 0.000693361 0.000323396 -0.00035664 0.0104696 -0.0186993 -0.000362208 0.000693361 -0.0186993 0.0901585 
0.00899582 -0.0170372 0.000288566 -0.00032759 -0.0170372 0.0859918 -0.000323824 0.00065471 0.000288566 -0.000323824 0.0104035 -0.0186049 -0.00032759 0.00065471 -0.0186049 0.0897261 
0.00897818 -0.0169793 0.000306062 -0.000280436 -0.0169793 0.0857495 -0.000276403 0.000549969 0.000306062 -0.000276403 0.010371 -0.0185452 -0.000280436 0.000549969 -0.0185452 0.0894949 
0.00905518 -0.0171085 0.000327662 -0.00030503 -0.0171085 0.0863753 -0.000302299 0.000543297 0.000327662 -0.000302299 0.0104385 -0.0186725 -0.00030503 0.000543297 -0.0186725 0.0901348 
