0.00757265 0 0.000442165 0 0 0.00989171 0 0 0.000442165 0 0.00664607 0 0 0 0 0.00989171 
0.0107227 -0.0132942 0.000654094 -0.00079482 -0.0132942 0.0345881 -0.00079482 0.00152409 0.000654094 -0.00079482 0.00945743 -0.0117571 -0.00079482 0.00152409 -0.0117571 0.031642 
0.0106319 -0.0196118 0.000570642 -0.000871921 -0.0196118 0.0716801 -0.000871921 0.0027179 0.000570642 -0.000871921 0.00951089 -0.0179828 -0.000871921 0.0027179 -0.0179828 0.0666244 
0.00994992 -0.0187838 0.000500122 -0.000610044 -0.0187838 0.0833448 -0.000607665 0.00199752 0.000500122 -0.000607665 0.00890889 -0.0177139 -0.000610044 0.00199752 -0.0177139 0.0801655 
0.0099446 -0.0181294 0.000499448 -0.000583965 -0.0181294 0.086059 -0.000576984 0.0017467 0.000499448 -0.000576984 0.00890057 -0.017085 -0.000583965 0.0017467 -0.017085 0.0836923 
0.0101821 -0.0183066 0.000488041 -0.000602093 -0.0183066 0.0881661 -0.000588849 0.00172806 0.000488041 -0.000588849 0.00916623 -0.0171507 -0.000602093 0.00172806 -0.0171507 0.0855891 
0.0102224 -0.0182909 0.000456445 -0.000562418 -0.0182909 0.0883787 -0.000552311 0.00159795 0.000456445 -0.000552311 0.0092213 -0.0171979 -0.000562418 0.00159795 -0.0171979 0.0857893 
0.0103014 -0.0184594 0.000446017 -0.000514859 -0.0184594 0.0892494 -0.000510538 0.00143539 0.000446017 -0.000510538 0.00931815 -0.0173845 -0.000514859 0.00143539 -0.0173845 0.0867196 
0.0103022 -0.0184305 0.000444451 -0.000498075 -0.0184305 0.0891873 -0.00049937 0.00132616 0.000444451 -0.00049937 0.00931917 -0.0173632 -0.000498075 0.00132616 -0.0173632 0.0866763 
0.0103342 -0.018444 0.000458461 -0.000517191 -0.018444 0.0891957 -0.000518 0.00133766 0.000458461 -0.000518 0.00931196 -0.0173687 -0.000517191 0.00133766 -0.0173687 0.0866725 
0.0104141 -0.018542 0.000429771 -0.000535728 -0.018542 0.0895299 -0.000534199 0.00137747 0.000429771 -0.000534199 0.00931634 -0.0174252 -0.000535728 0.00137747 -0.0174252 0.0869501 
0.0104425 -0.0186382 0.000430301 -0.000502258 -0.0186382 0.0898066 -0.000499658 0.0013483 0.000430301 -0.000499658 0.00931957 -0.017426 -0.000502258 0.0013483 -0.017426 0.0870441 
0.0104274 -0.0186125 0.000440992 -0.00048417 -0.0186125 0.0897284 -0.000481798 0.0012777 0.000440992 -0.000481798 0.00928162 -0.0174129 -0.00048417 0.0012777 -0.0174129 0.0869482 
0.0104175 -0.0185994 0.00043953 -0.000506617 -0.0185994 0.0896361 -0.000504672 0.00130148 0.00043953 -0.000504672 0.00924612 -0.0173402 -0.000506617 0.00130148 -0.0173402 0.0867344 
0.0104893 -0.0187274 0.000417143 -0.000513199 -0.0187274 0.0902497 -0.000509765 0.0013343 0.000417143 -0.000509765 0.00932829 -0.0174364 -0.000513199 0.0013343 -0.0174364 0.0872497 
0.0104945 -0.0187408 0.000405225 -0.000483321 -0.0187408 0.0902914 -0.000481872 0.00129941 0.000405225 -0.000481872 0.00936637 -0.0174603 -0.000483321 0.00129941 -0.0174603 0.0872622 
0.0104567 -0.018691 0.000432946 -0.00047265 -0.018691 0.0900385 -0.00047588 0.00127742 0.000432946 -0.00047588 0.00931935 -0.0174469 -0.00047265 0.00127742 -0.0174469 0.0870546 
0.0104576 -0.018728 0.000450867 -0.00050771 -0.018728 0.0902415 -0.000512886 0.00132512 0.000450867 -0.000512886 0.00933804 -0.0174659 -0.00050771 0.00132512 -0.0174659 0.0872493 
0.0104493 -0.0187074 0.000444197 -0.000517296 -0.0187074 0.0902576 -0.000522755 0.00135345 0.000444197 -0.000522755 0.00934723 -0.0174846 -0.000517296 0.00135345 -0.0174846 0.0873336 
0.0104275 -0.0186444 0.00042398 -0.000500317 -0.0186444 0.0899908 -0.000512614 0.00133544 0.00042398 -0.000512614 0.0093274 -0.0174389 -0.000500317 0.00133544 -0.0174389 0.0871213 
0.0103701 -0.0185882 0.000418048 -0.000465475 -0.0185882 0.0897126 -0.000485768 0.00126718 0.000418048 -0.000485768 0.00931687 -0.0174029 -0.000465475 0.00126718 -0.0174029 0.0869125 
0.0104041 -0.0186549 0.000428004 -0.000463955 -0.0186549 0.0901087 -0.000483379 0.00123585 0.000428004 -0.000483379 0.00938116 -0.0174876 -0.000463955 0.00123585 -0.0174876 0.0873155 
0.0103698 -0.0186175 0.000455479 -0.000479696 -0.0186175 0.089976 -0.000487351 0.00124046 0.000455479 -0.000487351 0.00938878 -0.0174961 -0.000479696 0.00124046 -0.0174961 0.0872703 
0.0102962 -0.0184806 0.000485007 -0.000526165 -0.0184806 0.0893755 -0.000519252 0.00131382 0.000485007 -0.000519252 0.00929556 -0.0173976 -0.000526165 0.00131382 -0.0173976 0.0867453 
0.0103084 -0.0184736 0.000460273 -0.000564706 -0.0184736 0.089372 -0.000547676 0.00139634 0.000460273 -0.000547676 0.00925146 -0.0173677 -0.000564706 0.00139634 -0.0173677 0.0867436 
0.0103316 -0.0184764 0.000427513 -0.000539064 -0.0184764 0.0893433 -0.000521239 0.00139532 0.000427513 -0.000521239 0.00920624 -0.0173032 -0.000539064 0.00139532 -0.0173032 0.0866042 
0.0104211 -0.0186449 0.000423375 -0.00050538 -0.0186449 0.0900688 -0.000493888 0.0013457 0.000423375 -0.000493888 0.0092601 -0.0173823 -0.00050538 0.0013457 -0.0173823 0.087133 
0.0103564 -0.0185738 0.000451197 -0.000485131 -0.0185738 0.0897252 -0.000481785 0.00128196 0.000451197 -0.000481785 0.00924874 -0.0173011 -0.000485131 0.00128196 -0.0173011 0.086724 
0.010312 -0.0185441 0.000488372 -0.000526798 -0.0185441 0.08965 -0.000524196 0.00133413 0.000488372 -0.000524196 0.00929688 -0.0173098 -0.000526798 0.00133413 -0.0173098 0.0866665 
0.010235 -0.0184444 0.000491244 -0.000569351 -0.0184444 0.0892994 -0.000562565 0.00142378 0.000491244 -0.000562565 0.00934651 -0.0173267 -0.000569351 0.00142378 -0.0173267 0.0865277 
0.0102716 -0.0185359 0.000476249 -0.000571655 -0.0185359 0.0898864 -0.000566861 0.00146783 0.000476249 -0.000566861 0.00945326 -0.0175563 -0.000571655 0.00146783 -0.0175563 0.0874063 
0.0102522 -0.0184557 0.000465528 -0.000534843 -0.0184557 0.0896549 -0.000538896 0.00140839 0.000465528 -0.000538896 0.00943616 -0.0176043 -0.000534843 0.00140839 -0.0176043 0.0875474 
0.0102665 -0.0184473 0.000470365 -0.000522603 -0.0184473 0.0895907 -0.000532097 0.00136412 0.000470365 -0.000532097 0.00942936 -0.0175996 -0.000522603 0.00136412 -0.0175996 0.0876372 
0.0102043 -0.0183292 0.000459911 -0.000522043 -0.0183292 0.0889578 -0.000532565 0.00134295 0.000459911 -0.000532565 0.009344 -0.0174695 -0.000522043 0.00134295 -0.0174695 0.0870355 
0.0101913 -0.0183395 0.000447185 -0.000520648 -0.0183395 0.0889349 -0.000527562 0.0013455 0.000447185 -0.000527562 0.00932475 -0.0174061 -0.000520648 0.0013455 -0.0174061 0.0868516 
0.0102604 -0.0184375 0.000433064 -0.000509481 -0.0184375 0.0894554 -0.000516775 0.00133315 0.000433064 -0.000516775 0.00937502 -0.017493 -0.000509481 0.00133315 -0.017493 0.0872817 
0.0102842 -0.0184463 0.000414826 -0.000497694 -0.0184463 0.0894456 -0.000505065 0.00131412 0.000414826 -0.000505065 0.00935712 -0.0174797 -0.000497694 0.00131412 -0.0174797 0.0872059 
0.0102943 -0.0184869 0.000394835 -0.000470879 -0.0184869 0.0895459 -0.000474977 0.00125467 0.000394835 -0.000474977 0.00934763 -0.0174721 -0.000470879 0.00125467 -0.0174721 0.0872074 
0.010297 -0.0185284 0.000403063 -0.000438452 -0.0185284 0.0897639 -0.000437663 0.00116114 0.000403063 -0.000437663 0.00936749 -0.0175005 -0.000438452 0.00116114 -0.0175005 0.0873707 
0.0101993 -0.0183946 0.000429708 -0.000456688 -0.0183946 0.089177 -0.000454579 0.00116096 0.000429708 -0.000454579 0.00929959 -0.017373 -0.000456688 0.00116096 -0.017373 0.0867578 
0.0101972 -0.0183633 0.000438137 -0.000498671 -0.0183633 0.0891484 -0.000495859 0.0012433 0.000438137 -0.000495859 0.0092974 -0.0173728 -0.000498671 0.0012433 -0.0173728 0.0867688 
0.0102451 -0.0184952 0.000447403 -0.000511914 -0.0184952 0.089748 -0.000506745 0.00130099 0.000447403 -0.000506745 0.00939874 -0.0174577 -0.000511914 0.00130099 -0.0174577 0.0872597 
0.0101423 -0.0183936 0.000470666 -0.000501079 -0.0183936 0.0893615 -0.00049478 0.00127331 0.000470666 -0.00049478 0.00943108 -0.0174379 -0.000501079 0.00127331 -0.0174379 0.0869569 
0.0101586 -0.0183254 0.000486091 -0.000528596 -0.0183254 0.0892847 -0.000521659 0.0012976 0.000486091 -0.000521659 0.00942448 -0.0175531 -0.000528596 0.0012976 -0.0175531 0.0872382 
0.0101616 -0.018301 0.000471011 -0.000549937 -0.018301 0.0890783 -0.000546913 0.00135411 0.000471011 -0.000546913 0.00939375 -0.0175232 -0.000549937 0.00135411 -0.0175232 0.0872224 
0.0101346 -0.018282 0.000467886 -0.00053338 -0.018282 0.0888778 -0.000540802 0.00136932 0.000467886 -0.000540802 0.0093922 -0.0174469 -0.00053338 0.00136932 -0.0174469 0.086958 
0.010118 -0.0182942 0.000505903 -0.000533558 -0.0182942 0.0889657 -0.000546153 0.00138056 0.000505903 -0.000546153 0.00941854 -0.0174912 -0.000533558 0.00138056 -0.0174912 0.0870567 
0.010114 -0.0182916 0.000535576 -0.000578145 -0.0182916 0.0890724 -0.000586823 0.00144503 0.000535576 -0.000586823 0.009453 -0.0175625 -0.000578145 0.00144503 -0.0175625 0.0873242 
0.010073 -0.0182268 0.000533352 -0.000609598 -0.0182268 0.0887998 -0.000612614 0.00151728 0.000533352 -0.000612614 0.00946258 -0.0175327 -0.000609598 0.00151728 -0.0175327 0.0871703 
0.0100989 -0.0182829 0.000512925 -0.000609673 -0.0182829 0.0891163 -0.000610578 0.0015457 0.000512925 -0.000610578 0.00954696 -0.0176412 -0.000609673 0.0015457 -0.0176412 0.0875951 
0.010062 -0.0182307 0.000538042 -0.000588033 -0.0182307 0.0888553 -0.00058889 0.00152271 0.000538042 -0.00058889 0.0095285 -0.0176211 -0.000588033 0.00152271 -0.0176211 0.087375 
0.0101318 -0.0183192 0.000542014 -0.000612139 -0.0183192 0.0893246 -0.000613352 0.00153356 0.000542014 -0.000613352 0.00954233 -0.0177318 -0.000612139 0.00153356 -0.0177318 0.0878897 
0.0100937 -0.0182503 0.000527041 -0.000604174 -0.0182503 0.0889305 -0.000611517 0.00152798 0.000527041 -0.000611517 0.0094803 -0.0176097 -0.000604174 0.00152798 -0.0176097 0.0874433 
0.0101379 -0.0183183 0.000529681 -0.000588744 -0.0183183 0.0892452 -0.000603329 0.00151156 0.000529681 -0.000603329 0.00947923 -0.0176372 -0.000588744 0.00151156 -0.0176372 0.0876436 
0.0101043 -0.0182813 0.000536573 -0.000578687 -0.0182813 0.0890214 -0.000593346 0.00147075 0.000536573 -0.000593346 0.00944251 -0.0175339 -0.000578687 0.00147075 -0.0175339 0.0872542 
0.0100751 -0.0182603 0.000542143 -0.000590537 -0.0182603 0.0889336 -0.000598653 0.00146699 0.000542143 -0.000598653 0.00945041 -0.0174881 -0.000590537 0.00146699 -0.0174881 0.0870313 
0.0101047 -0.0183569 0.000534349 -0.000605151 -0.0183569 0.0894826 -0.000608301 0.00149287 0.000534349 -0.000608301 0.0095367 -0.017622 -0.000605151 0.00149287 -0.017622 0.0875764 
0.0100314 -0.0182195 0.000497799 -0.000598014 -0.0182195 0.0889508 -0.000595884 0.00149208 0.000497799 -0.000595884 0.00949865 -0.0175703 -0.000598014 0.00149208 -0.0175703 0.0872054 
0.0100299 -0.0181595 0.000479595 -0.000559739 -0.0181595 0.088736 -0.000558388 0.00143645 0.000479595 -0.000558388 0.00945698 -0.0175755 -0.000559739 0.00143645 -0.0175755 0.087194 
0.01005 -0.0181571 0.000469458 -0.000540115 -0.0181571 0.0886414 -0.00054033 0.00138131 0.000469458 -0.00054033 0.00943346 -0.0175338 -0.000540115 0.00138131 -0.0175338 0.0871386 
0.0101548 -0.0182921 0.000443666 -0.000524307 -0.0182921 0.0891767 -0.000524092 0.00133178 0.000443666 -0.000524092 0.00945046 -0.0176031 -0.000524307 0.00133178 -0.0176031 0.0875588 
0.0101652 -0.0183769 0.000452322 -0.000491708 -0.0183769 0.0893845 -0.00049355 0.00126704 0.000452322 -0.00049355 0.00945679 -0.0175641 -0.000491708 0.00126704 -0.0175641 0.0875021 
0.0101017 -0.0182922 0.000488392 -0.000504217 -0.0182922 0.0890213 -0.000505425 0.00126019 0.000488392 -0.000505425 0.00939037 -0.0174753 -0.000504217 0.00126019 -0.0174753 0.0870125 
0.0101626 -0.0183647 0.000512092 -0.000563529 -0.0183647 0.0894633 -0.000562837 0.00136961 0.000512092 -0.000562837 0.0094168 -0.01755 -0.000563529 0.00136961 -0.01755 0.0874359 
0.0101199 -0.0182185 0.000487998 -0.000593462 -0.0182185 0.0887274 -0.000584513 0.00145934 0.000487998 -0.000584513 0.00930252 -0.0173941 -0.000593462 0.00145934 -0.0173941 0.0867229 
0.0102251 -0.0183923 0.000470309 -0.00057147 -0.0183923 0.0894429 -0.000555164 0.00145783 0.000470309 -0.000555164 0.00934853 -0.0174961 -0.00057147 0.00145783 -0.0174961 0.087363 
0.0101695 -0.0183048 0.000451947 -0.000545311 -0.0183048 0.0889157 -0.000522761 0.00139497 0.000451947 -0.000522761 0.00925593 -0.017339 -0.000545311 0.00139497 -0.017339 0.0866874 
0.0101192 -0.0183337 0.000448091 -0.000518249 -0.0183337 0.0890232 -0.00049843 0.00132084 0.000448091 -0.00049843 0.00929802 -0.0173026 -0.000518249 0.00132084 -0.0173026 0.08661 
0.0101418 -0.0183909 0.000449779 -0.000515523 -0.0183909 0.0895462 -0.000504457 0.00129979 0.000449779 -0.000504457 0.00937725 -0.017454 -0.000515523 0.00129979 -0.017454 0.0871787 
0.0100616 -0.0182388 0.00042616 -0.000498481 -0.0182388 0.0889505 -0.000495983 0.00125833 0.00042616 -0.000495983 0.00936041 -0.0173899 -0.000498481 0.00125833 -0.0173899 0.0867911 
0.0100576 -0.0182073 0.000391219 -0.000477707 -0.0182073 0.0888564 -0.000481545 0.00122678 0.000391219 -0.000481545 0.00937739 -0.0174337 -0.000477707 0.00122678 -0.0174337 0.0868992 
0.0100431 -0.0181841 0.000376001 -0.00043087 -0.0181841 0.0887328 -0.000444286 0.00114919 0.000376001 -0.000444286 0.00937482 -0.0174441 -0.00043087 0.00114919 -0.0174441 0.0869179 
0.0100307 -0.0182131 0.000387795 -0.000416648 -0.0182131 0.0888912 -0.000435065 0.00110026 0.000387795 -0.000435065 0.00943992 -0.0174941 -0.000416648 0.00110026 -0.0174941 0.0871691 
0.00999718 -0.0181326 0.000389817 -0.000428571 -0.0181326 0.0886345 -0.00043737 0.00108934 0.000389817 -0.00043737 0.0094203 -0.0175198 -0.000428571 0.00108934 -0.0175198 0.0871214 
0.010098 -0.0182174 0.000382986 -0.000438811 -0.0182174 0.0890622 -0.000433998 0.00109516 0.000382986 -0.000433998 0.00941439 -0.0176182 -0.000438811 0.00109516 -0.0176182 0.0876704 
0.0100495 -0.0181919 0.000398105 -0.000436399 -0.0181919 0.088722 -0.000428366 0.00109486 0.000398105 -0.000428366 0.00935697 -0.0174635 -0.000436399 0.00109486 -0.0174635 0.0871689 
0.0100261 -0.0181945 0.000382912 -0.000441495 -0.0181945 0.088758 -0.000440064 0.00108939 0.000382912 -0.000440064 0.00939186 -0.0174252 -0.000441495 0.00108939 -0.0174252 0.0870073 
0.010015 -0.0181828 0.00038336 -0.000421246 -0.0181828 0.0888196 -0.000430195 0.00107484 0.00038336 -0.000430195 0.00943782 -0.017501 -0.000421246 0.00107484 -0.017501 0.0871585 
0.0100854 -0.0182424 0.000373478 -0.00042109 -0.0182424 0.0891721 -0.000436124 0.00107264 0.000373478 -0.000436124 0.0094497 -0.0176265 -0.00042109 0.00107264 -0.0176265 0.087668 
0.0100792 -0.0182779 0.000388734 -0.000397221 -0.0182779 0.0892124 -0.000412581 0.00102003 0.000388734 -0.000412581 0.00945562 -0.017585 -0.000397221 0.00102003 -0.017585 0.0876471 
0.00999388 -0.0181397 0.000388063 -0.0004217 -0.0181397 0.0885709 -0.000429804 0.00103053 0.000388063 -0.000429804 0.00940778 -0.0174465 -0.0004217 0.00103053 -0.0174465 0.0869278 
0.0101013 -0.0182503 0.000395881 -0.000440139 -0.0182503 0.0891725 -0.00044196 0.00108524 0.000395881 -0.00044196 0.00946418 -0.0176061 -0.000440139 0.00108524 -0.0176061 0.0875887 
0.0101193 -0.0182695 0.000400578 -0.000446054 -0.0182695 0.0891035 -0.000444146 0.00110884 0.000400578 -0.000444146 0.0094308 -0.0175733 -0.000446054 0.00110884 -0.0175733 0.0874845 
0.010092 -0.0182488 0.000438413 -0.000452553 -0.0182488 0.0888767 -0.000447674 0.00112389 0.000438413 -0.000447674 0.00936074 -0.0174652 -0.000452553 0.00112389 -0.0174652 0.0870543 
0.0101539 -0.0183417 0.000454278 -0.000507637 -0.0183417 0.0893318 -0.000500639 0.00122259 0.000454278 -0.000500639 0.00934512 -0.0174975 -0.000507637 0.00122259 -0.0174975 0.0873176 
0.0101386 -0.0183952 0.000474207 -0.000532285 -0.0183952 0.0895301 -0.000520213 0.00131066 0.000474207 -0.000520213 0.00935026 -0.0174387 -0.000532285 0.00131066 -0.0174387 0.0872467 
0.0100164 -0.0182261 0.000481989 -0.000551796 -0.0182261 0.0888606 -0.000541473 0.00136814 0.000481989 -0.000541473 0.00932476 -0.0172981 -0.000551796 0.00136814 -0.0172981 0.0865077 
0.0100123 -0.0182012 0.000482172 -0.000564354 -0.0182012 0.0889493 -0.000557172 0.00141901 0.000482172 -0.000557172 0.00936449 -0.017399 -0.000564354 0.00141901 -0.017399 0.0867939 
0.0100377 -0.0182058 0.00045278 -0.000554983 -0.0182058 0.0890567 -0.000551501 0.00141551 0.00045278 -0.000551501 0.00941301 -0.0174812 -0.000554983 0.00141551 -0.0174812 0.0871572 
0.0100262 -0.0181471 0.000444298 -0.000506665 -0.0181471 0.0887338 -0.000507718 0.00132546 0.000444298 -0.000507718 0.00937994 -0.0174579 -0.000506665 0.00132546 -0.0174579 0.0869949 
0.00999069 -0.0181268 0.000455779 -0.000485917 -0.0181268 0.088534 -0.000492879 0.00124237 0.000455779 -0.000492879 0.00936668 -0.0174031 -0.000485917 0.00124237 -0.0174031 0.0867915 
0.010059 -0.018245 0.000478885 -0.000525638 -0.018245 0.0891425 -0.00053431 0.00130548 0.000478885 -0.00053431 0.00943045 -0.0175196 -0.000525638 0.00130548 -0.0175196 0.087346 
0.0100889 -0.0181933 0.000445529 -0.000538345 -0.0181933 0.0889219 -0.00054215 0.00133568 0.000445529 -0.00054215 0.00936241 -0.0175053 -0.000538345 0.00133568 -0.0175053 0.0872201 
0.0100498 -0.0181827 0.000405718 -0.000492216 -0.0181827 0.0886528 -0.000493723 0.00126572 0.000405718 -0.000493723 0.00933262 -0.0173855 -0.000492216 0.00126572 -0.0173855 0.0868379 
0.0101042 -0.0182913 0.000392015 -0.000442551 -0.0182913 0.0892211 -0.000444011 0.00114865 0.000392015 -0.000444011 0.00939236 -0.0174943 -0.000442551 0.00114865 -0.0174943 0.0873201 
0.0100113 -0.0182113 0.000397087 -0.000416239 -0.0182113 0.0888256 -0.000415827 0.00104319 0.000397087 -0.000415827 0.00939012 -0.0174004 -0.000416239 0.00104319 -0.0174004 0.0868561 
0.010008 -0.0182379 0.000398034 -0.000437642 -0.0182379 0.0891011 -0.000430379 0.00104544 0.000398034 -0.000430379 0.00942897 -0.017488 -0.000437642 0.00104544 -0.017488 0.0871315 
0.00998841 -0.018114 0.000370143 -0.00044216 -0.018114 0.0886299 -0.000438571 0.00107128 0.000370143 -0.000438571 0.00933553 -0.0174274 -0.00044216 0.00107128 -0.0174274 0.0867873 
0.0100017 -0.0181119 0.000350203 -0.000413995 -0.0181119 0.0885139 -0.000417065 0.00105361 0.000350203 -0.000417065 0.00929571 -0.0173568 -0.000413995 0.00105361 -0.0173568 0.0866447 
0.0100723 -0.0182615 0.000346253 -0.000390611 -0.0182615 0.0891639 -0.000395162 0.00100614 0.000346253 -0.000395162 0.00936674 -0.0174448 -0.000390611 0.00100614 -0.0174448 0.0871715 
0.00996502 -0.0181327 0.000359916 -0.000386917 -0.0181327 0.0885486 -0.000388128 0.000981722 0.000359916 -0.000388128 0.00933289 -0.0173307 -0.000386917 0.000981722 -0.0173307 0.0865471 
0.0100061 -0.0181704 0.000376634 -0.000417183 -0.0181704 0.088871 -0.000416317 0.00103368 0.000376634 -0.000416317 0.00936326 -0.0174419 -0.000417183 0.00103368 -0.0174419 0.0869764 
0.0100081 -0.0181399 0.00038605 -0.000433183 -0.0181399 0.0887161 -0.000430159 0.00107749 0.00038605 -0.000430159 0.00933425 -0.0174169 -0.000433183 0.00107749 -0.0174169 0.0869151 
0.00999597 -0.0181004 0.000374998 -0.000446072 -0.0181004 0.0884553 -0.000436544 0.00110648 0.000374998 -0.000436544 0.00931168 -0.0173435 -0.000446072 0.00110648 -0.0173435 0.0866359 
0.00998834 -0.01813 0.000374036 -0.000424028 -0.01813 0.0885447 -0.00041252 0.00107132 0.000374036 -0.00041252 0.00933567 -0.0173654 -0.000424028 0.00107132 -0.0173654 0.086707 
0.0100451 -0.0182133 0.000361058 -0.000422779 -0.0182133 0.0890371 -0.000411991 0.00105073 0.000361058 -0.000411991 0.00938605 -0.0174993 -0.000422779 0.00105073 -0.0174993 0.0872926 
0.00996059 -0.0180848 0.000327545 -0.000407398 -0.0180848 0.0884114 -0.00039658 0.00102248 0.000327545 -0.00039658 0.0093273 -0.0173807 -0.000407398 0.00102248 -0.0173807 0.0867507 
0.0099817 -0.0181809 0.00033345 -0.000385401 -0.0181809 0.08893 -0.000377207 0.000998634 0.00033345 -0.000377207 0.00941608 -0.0174865 -0.000385401 0.000998634 -0.0174865 0.0872837 
0.00991757 -0.0180756 0.000342786 -0.000370428 -0.0180756 0.0885938 -0.000368565 0.000944669 0.000342786 -0.000368565 0.00942533 -0.0174959 -0.000370428 0.000944669 -0.0174959 0.0871732 
0.00984797 -0.0179693 0.000367292 -0.000384295 -0.0179693 0.0881775 -0.000385978 0.000955029 0.000367292 -0.000385978 0.00943254 -0.0174789 -0.000384295 0.000955029 -0.0174789 0.087006 
0.00981797 -0.0179184 0.00038006 -0.000413684 -0.0179184 0.0880285 -0.000414922 0.0010083 0.00038006 -0.000414922 0.0094453 -0.017518 -0.000413684 0.0010083 -0.017518 0.0870929 
0.0098671 -0.0179586 0.000382482 -0.000433712 -0.0179586 0.0882585 -0.000433599 0.00106645 0.000382482 -0.000433599 0.00944933 -0.0175858 -0.000433712 0.00106645 -0.0175858 0.0874308 
0.00991957 -0.0180276 0.000383314 -0.000434919 -0.0180276 0.088486 -0.000436629 0.00108804 0.000383314 -0.000436629 0.00943544 -0.0175779 -0.000434919 0.00108804 -0.0175779 0.0875472 
0.00991901 -0.0180393 0.000370074 -0.000420547 -0.0180393 0.0884543 -0.000428864 0.00106054 0.000370074 -0.000428864 0.00941757 -0.0175173 -0.000420547 0.00106054 -0.0175173 0.0873398 
0.00988881 -0.0180063 0.000351186 -0.000402694 -0.0180063 0.0882648 -0.000415394 0.00102349 0.000351186 -0.000415394 0.00940076 -0.0174482 -0.000402694 0.00102349 -0.0174482 0.0869932 
0.00986232 -0.0180475 0.000362227 -0.000386497 -0.0180475 0.0884915 -0.000398286 0.000988897 0.000362227 -0.000398286 0.00946361 -0.0174985 -0.000386497 0.000988897 -0.0174985 0.0871663 
0.00985718 -0.0180486 0.000398595 -0.000406581 -0.0180486 0.0887031 -0.000414585 0.00100736 0.000398595 -0.000414585 0.00952633 -0.0176117 -0.000406581 0.00100736 -0.0176117 0.0875442 
0.00982198 -0.0179149 0.000402656 -0.000447235 -0.0179149 0.0881678 -0.000450846 0.00107336 0.000402656 -0.000450846 0.0094818 -0.0175726 -0.000447235 0.00107336 -0.0175726 0.0872595 
0.00986138 -0.0179502 0.000395674 -0.000460965 -0.0179502 0.0882653 -0.000456998 0.00112786 0.000395674 -0.000456998 0.00947469 -0.0176103 -0.000460965 0.00112786 -0.0176103 0.0874782 
0.00991432 -0.0180417 0.000388335 -0.000451135 -0.0180417 0.0885809 -0.000445101 0.00112601 0.000388335 -0.000445101 0.00947086 -0.0176188 -0.000451135 0.00112601 -0.0176188 0.087664 
0.00988825 -0.0180428 0.000394215 -0.00043306 -0.0180428 0.0884968 -0.000434075 0.00108973 0.000394215 -0.000434075 0.00946871 -0.0175312 -0.00043306 0.00108973 -0.0175312 0.0873426 
0.00991581 -0.0180406 0.000408884 -0.000444654 -0.0180406 0.0885163 -0.000448253 0.00110074 0.000408884 -0.000448253 0.0094486 -0.0175278 -0.000444654 0.00110074 -0.0175278 0.0872211 
0.00996067 -0.0181144 0.000423316 -0.000464305 -0.0181144 0.0887663 -0.00046321 0.0011352 0.000423316 -0.00046321 0.00945253 -0.01755 -0.000464305 0.0011352 -0.01755 0.0873619 
0.00995548 -0.0181949 0.00043491 -0.00048073 -0.0181949 0.0890883 -0.000477161 0.00116992 0.00043491 -0.000477161 0.00951434 -0.0175784 -0.00048073 0.00116992 -0.0175784 0.0875432 
0.00989861 -0.0180612 0.00044102 -0.000493178 -0.0180612 0.0885944 -0.000491766 0.00120579 0.00044102 -0.000491766 0.00947133 -0.0175305 -0.000493178 0.00120579 -0.0175305 0.087126 
0.0099289 -0.0180634 0.00043372 -0.000501256 -0.0180634 0.0886565 -0.000500204 0.00123369 0.00043372 -0.000500204 0.00946757 -0.0175954 -0.000501256 0.00123369 -0.0175954 0.0874021 
0.00993136 -0.0179899 0.000447532 -0.000483567 -0.0179899 0.0882329 -0.000484668 0.00121004 0.000447532 -0.000484668 0.0093616 -0.0175083 -0.000483567 0.00121004 -0.0175083 0.0870822 
0.00997567 -0.0181199 0.000449648 -0.000498196 -0.0181199 0.0886738 -0.000498941 0.00121352 0.000449648 -0.000498941 0.00938211 -0.0175001 -0.000498196 0.00121352 -0.0175001 0.0873404 
0.00998434 -0.0181488 0.000447129 -0.000510909 -0.0181488 0.0888318 -0.000508647 0.00125003 0.000447129 -0.000508647 0.00939892 -0.0174837 -0.000510909 0.00125003 -0.0174837 0.0873123 
0.00992026 -0.0180433 0.000428444 -0.00049841 -0.0180433 0.0883608 -0.000496401 0.00123551 0.000428444 -0.000496401 0.00939956 -0.0174044 -0.00049841 0.00123551 -0.0174044 0.0868371 
0.00994423 -0.0180208 0.000402941 -0.000474879 -0.0180208 0.0882839 -0.000475319 0.00119222 0.000402941 -0.000475319 0.00939889 -0.0174518 -0.000474879 0.00119222 -0.0174518 0.0868651 
0.0100333 -0.018118 0.00037842 -0.000451042 -0.018118 0.0885953 -0.000453709 0.0011479 0.00037842 -0.000453709 0.00936586 -0.017494 -0.000451042 0.0011479 -0.017494 0.0871142 
0.0100914 -0.0182191 0.00037155 -0.000417863 -0.0182191 0.0888902 -0.000426515 0.00108213 0.00037155 -0.000426515 0.00932934 -0.017467 -0.000417863 0.00108213 -0.017467 0.0871907 
0.010091 -0.0182325 0.000357309 -0.000404386 -0.0182325 0.0888545 -0.000414974 0.00102879 0.000357309 -0.000414974 0.00929185 -0.0173682 -0.000404386 0.00102879 -0.0173682 0.0868767 
0.0100927 -0.0182877 0.000396316 -0.000396558 -0.0182877 0.0890922 -0.000408457 0.00101466 0.000396316 -0.000408457 0.00931749 -0.0173663 -0.000396558 0.00101466 -0.0173663 0.0868995 
0.0100249 -0.0181896 0.000430308 -0.000441232 -0.0181896 0.0886996 -0.000450971 0.00107339 0.000430308 -0.000450971 0.00928414 -0.0172992 -0.000441232 0.00107339 -0.0172992 0.0864829 
0.0100353 -0.0182284 0.000448354 -0.000498097 -0.0182284 0.0889735 -0.000501316 0.00120313 0.000448354 -0.000501316 0.00933188 -0.0173655 -0.000498097 0.00120313 -0.0173655 0.0867878 
0.00999118 -0.0181929 0.000463514 -0.000520165 -0.0181929 0.0888959 -0.000517784 0.00128645 0.000463514 -0.000517784 0.0093909 -0.0173891 -0.000520165 0.00128645 -0.0173891 0.086836 
0.0100291 -0.0181865 0.000460045 -0.00051837 -0.0181865 0.0890553 -0.000515011 0.00128355 0.000460045 -0.000515011 0.00945868 -0.0175433 -0.00051837 0.00128355 -0.0175433 0.0873405 
0.00993869 -0.0180561 0.000465664 -0.000511731 -0.0180561 0.0883218 -0.000506657 0.00126542 0.000465664 -0.000506657 0.00941618 -0.0174435 -0.000511731 0.00126542 -0.0174435 0.0868032 
0.010003 -0.0181733 0.000483025 -0.000534056 -0.0181733 0.088906 -0.000528166 0.00130553 0.000483025 -0.000528166 0.00950763 -0.0175857 -0.000534056 0.00130553 -0.0175857 0.0874474 
0.00994019 -0.0181183 0.000505277 -0.000549833 -0.0181183 0.0886499 -0.00054423 0.00134599 0.000505277 -0.00054423 0.00952957 -0.0175742 -0.000549833 0.00134599 -0.0175742 0.0872853 
0.0099159 -0.01802 0.000488525 -0.000577598 -0.01802 0.0882919 -0.000570977 0.00140527 0.000488525 -0.000570977 0.00948788 -0.0175772 -0.000577598 0.00140527 -0.0175772 0.0871234 
0.0100006 -0.0180781 0.000455804 -0.000549267 -0.0180781 0.088554 -0.000541851 0.00137996 0.000455804 -0.000541851 0.00945275 -0.017656 -0.000549267 0.00137996 -0.017656 0.0875641 
0.0100774 -0.0181605 0.000449771 -0.000505956 -0.0181605 0.0887259 -0.000499178 0.00128883 0.000449771 -0.000499178 0.00938891 -0.0175795 -0.000505956 0.00128883 -0.0175795 0.0875328 
0.0100821 -0.0181913 0.000433306 -0.000498757 -0.0181913 0.088631 -0.000495169 0.00124087 0.000433306 -0.000495169 0.00932989 -0.0174142 -0.000498757 0.00124087 -0.0174142 0.0869855 
0.0101718 -0.0183458 0.000397956 -0.000490143 -0.0183458 0.0893109 -0.000490161 0.00123429 0.000397956 -0.000490161 0.00934404 -0.0174721 -0.000490143 0.00123429 -0.0174721 0.0872951 
0.0101044 -0.0182562 0.000392507 -0.000457032 -0.0182562 0.0887814 -0.000459828 0.00119939 0.000392507 -0.000459828 0.00925134 -0.0172796 -0.000457032 0.00119939 -0.0172796 0.0864525 
0.0101159 -0.0183089 0.000392095 -0.000440325 -0.0183089 0.0890792 -0.000440266 0.0011377 0.000392095 -0.000440266 0.00927045 -0.0173131 -0.000440325 0.0011377 -0.0173131 0.0866167 
0.0100701 -0.0182428 0.000402776 -0.000439895 -0.0182428 0.0888718 -0.000436651 0.00111072 0.000402776 -0.000436651 0.00926779 -0.0172883 -0.000439895 0.00111072 -0.0172883 0.0864734 
