0.00585073 0 1.75453e-05 0 0 0.00991087 0 0 1.75453e-05 0 0.00797706 0 0 0 0 0.00991087 
0.00847937 -0.0105543 3.0815e-05 -3.80763e-05 -0.0105543 0.0293853 -3.80763e-05 7.24086e-05 3.0815e-05 -3.80763e-05 0.0112183 -0.0138951 -3.80763e-05 7.24086e-05 -0.0138951 0.0357916 
0.00870027 -0.0165136 4.23675e-05 -4.49038e-05 -0.0165136 0.0619956 -4.49038e-05 0.000145225 4.23675e-05 -4.49038e-05 0.010996 -0.0201097 -4.49038e-05 0.000145225 -0.0201097 0.0732207 
0.00824905 -0.0168497 -3.11787e-06 -4.83269e-05 -0.0168497 0.0771883 -5.39344e-05 0.00015823 -3.11787e-06 -5.39344e-05 0.0102856 -0.0189881 -4.83269e-05 0.00015823 -0.0189881 0.0836302 
0.00824718 -0.0165711 -4.5601e-05 -8.50313e-06 -0.0165711 0.0829025 -1.52072e-05 0.000134229 -4.5601e-05 -1.52072e-05 0.010437 -0.0185028 -8.50313e-06 0.000134229 -0.0185028 0.0865163 
0.00834185 -0.016379 -5.65253e-05 4.59698e-05 -0.016379 0.0842179 4.077e-05 1.17624e-05 -5.65253e-05 4.077e-05 0.0106517 -0.0186683 4.59698e-05 1.17624e-05 -0.0186683 0.0881657 
0.00848875 -0.0164823 -6.13475e-05 7.25996e-05 -0.0164823 0.0850576 6.84527e-05 -0.000106951 -6.13475e-05 6.84527e-05 0.0108103 -0.0190054 7.25996e-05 -0.000106951 -0.0190054 0.0899969 
0.00856217 -0.0165493 -7.12056e-05 7.32618e-05 -0.0165493 0.0852408 7.12044e-05 -0.000150116 -7.12056e-05 7.12044e-05 0.0108081 -0.0190587 7.32618e-05 -0.000150116 -0.0190587 0.0906138 
0.0085415 -0.016575 -9.65235e-05 8.29667e-05 -0.016575 0.0851516 8.29527e-05 -0.000179344 -9.65235e-05 8.29527e-05 0.0107836 -0.0189418 8.29667e-05 -0.000179344 -0.0189418 0.0903868 
0.00848364 -0.0164922 -8.68342e-05 0.000109458 -0.0164922 0.0847714 0.000108525 -0.000226864 -8.68342e-05 0.000108525 0.0107387 -0.0188246 0.000109458 -0.000226864 -0.0188246 0.0898216 
0.00850226 -0.016446 -6.15651e-05 9.49161e-05 -0.016446 0.0846463 9.1275e-05 -0.000218008 -6.15651e-05 9.1275e-05 0.0107245 -0.0188407 9.49161e-05 -0.000218008 -0.0188407 0.0897704 
0.00855184 -0.0165039 -2.40066e-05 6.47621e-05 -0.0165039 0.0848094 5.57905e-05 -0.000152797 -2.40066e-05 5.57905e-05 0.0107363 -0.0188816 6.47621e-05 -0.000152797 -0.0188816 0.0899776 
0.00865265 -0.0166181 7.51656e-06 1.692e-05 -0.0166181 0.085263 4.14084e-06 -4.208e-05 7.51656e-06 4.14084e-06 0.0107582 -0.0189731 1.692e-05 -4.208e-05 -0.0189731 0.0904249 
0.00864885 -0.0166956 -1.30542e-05 -7.89905e-06 -0.0166956 0.0853642 -1.96703e-05 2.49495e-05 -1.30542e-05 -1.96703e-05 0.0107387 -0.0189056 -7.89905e-06 2.49495e-05 -0.0189056 0.0902473 
0.0086545 -0.0167361 -2.07533e-05 3.34802e-06 -0.0167361 0.0856113 2.58018e-07 3.95031e-05 -2.07533e-05 2.58018e-07 0.0107452 -0.0189249 3.34802e-06 3.95031e-05 -0.0189249 0.0903262 
0.0086142 -0.0167115 -4.96408e-05 2.12735e-05 -0.0167115 0.0855509 2.75417e-05 -1.86195e-05 -4.96408e-05 2.75417e-05 0.0107414 -0.0188928 2.12735e-05 -1.86195e-05 -0.0188928 0.0901981 
0.00858757 -0.0166406 -6.27033e-05 5.09268e-05 -0.0166406 0.0853551 6.00671e-05 -8.60786e-05 -6.27033e-05 6.00671e-05 0.0107312 -0.0188874 5.09268e-05 -8.60786e-05 -0.0188874 0.0901132 
0.00857033 -0.0166176 -3.98815e-05 7.17921e-05 -0.0166176 0.0852965 7.71593e-05 -0.000149097 -3.98815e-05 7.71593e-05 0.0107551 -0.018915 7.17921e-05 -0.000149097 -0.018915 0.0902246 
0.00852654 -0.0165952 -2.18237e-05 4.47524e-05 -0.0165952 0.0852344 4.45776e-05 -0.000121884 -2.18237e-05 4.45776e-05 0.0107911 -0.0189376 4.47524e-05 -0.000121884 -0.0189376 0.0902967 
0.00857964 -0.0166066 -3.02546e-05 2.78064e-05 -0.0166066 0.0854897 2.54868e-05 -8.03897e-05 -3.02546e-05 2.54868e-05 0.0108445 -0.0190827 2.78064e-05 -8.03897e-05 -0.0190827 0.0908531 
0.00858976 -0.0165851 -3.7059e-05 2.80048e-05 -0.0165851 0.0852606 2.34899e-05 -4.8375e-05 -3.7059e-05 2.34899e-05 0.0107998 -0.0190462 2.80048e-05 -4.8375e-05 -0.0190462 0.0907306 
0.00860359 -0.0166139 -4.46287e-05 3.82353e-05 -0.0166139 0.0852622 3.18887e-05 -5.66036e-05 -4.46287e-05 3.18887e-05 0.0107663 -0.0190032 3.82353e-05 -5.66036e-05 -0.0190032 0.0906374 
0.00862698 -0.0166524 -5.09914e-05 4.13828e-05 -0.0166524 0.0854037 3.51995e-05 -5.77289e-05 -5.09914e-05 3.51995e-05 0.0107509 -0.0189907 4.13828e-05 -5.77289e-05 -0.0189907 0.0906556 
0.00864178 -0.0167015 -3.815e-05 5.04885e-05 -0.0167015 0.0856153 4.83633e-05 -7.97957e-05 -3.815e-05 4.83633e-05 0.0107626 -0.0189966 5.04885e-05 -7.97957e-05 -0.0189966 0.0907562 
0.00866113 -0.0167 -1.03038e-05 4.17103e-05 -0.0167 0.0856384 4.38273e-05 -9.03037e-05 -1.03038e-05 4.38273e-05 0.010741 -0.0189871 4.17103e-05 -9.03037e-05 -0.0189871 0.0907194 
0.00866176 -0.0167157 3.00611e-05 1.8895e-06 -0.0167157 0.0856339 8.76437e-06 -2.99908e-05 3.00611e-05 8.76437e-06 0.0107258 -0.0189447 1.8895e-06 -2.99908e-05 -0.0189447 0.0906023 
0.00862577 -0.0166229 3.3437e-05 -5.44258e-05 -0.0166229 0.0851653 -5.05496e-05 9.9243e-05 3.3437e-05 -5.05496e-05 0.0106445 -0.0188257 -5.44258e-05 9.9243e-05 -0.0188257 0.0900372 
0.00862659 -0.016621 2.20098e-05 -5.62007e-05 -0.016621 0.0851038 -5.93136e-05 0.000168026 2.20098e-05 -5.93136e-05 0.0106296 -0.0187812 -5.62007e-05 0.000168026 -0.0187812 0.089887 
0.00863453 -0.0166728 -2.66813e-06 -3.15342e-05 -0.0166728 0.0853204 -3.99007e-05 0.000143547 -2.66813e-06 -3.99007e-05 0.0106483 -0.0188002 -3.15342e-05 0.000143547 -0.0188002 0.0899907 
0.00865631 -0.0166787 -3.78657e-05 6.64198e-06 -0.0166787 0.0854113 -3.156e-07 5.57002e-05 -3.78657e-05 -3.156e-07 0.0106272 -0.0188145 6.64198e-06 5.57002e-05 -0.0188145 0.0900407 
0.00866424 -0.0166462 -4.66269e-05 4.34981e-05 -0.0166462 0.0852045 4.88013e-05 -5.28155e-05 -4.66269e-05 4.88013e-05 0.010562 -0.0187344 4.34981e-05 -5.28155e-05 -0.0187344 0.089763 
0.00870094 -0.0166657 -6.54958e-05 4.73436e-05 -0.0166657 0.0852264 6.45857e-05 -0.000112832 -6.54958e-05 6.45857e-05 0.0105669 -0.0187093 4.73436e-05 -0.000112832 -0.0187093 0.0897333 
0.00869497 -0.0166918 -4.96994e-05 5.64453e-05 -0.0166918 0.0851838 7.96197e-05 -0.000134592 -4.96994e-05 7.96197e-05 0.01056 -0.0186721 5.64453e-05 -0.000134592 -0.0186721 0.0895398 
0.00872183 -0.0167398 -5.04332e-05 3.74249e-05 -0.0167398 0.0854152 5.43047e-05 -0.000104622 -5.04332e-05 5.43047e-05 0.0105697 -0.0187209 3.74249e-05 -0.000104622 -0.0187209 0.0897116 
0.00872435 -0.0167392 -2.74906e-05 4.07913e-05 -0.0167392 0.0853951 4.62209e-05 -7.58046e-05 -2.74906e-05 4.62209e-05 0.0105656 -0.018708 4.07913e-05 -7.58046e-05 -0.018708 0.0896766 
0.00874389 -0.0167603 -5.04544e-05 2.67361e-05 -0.0167603 0.0854699 2.42415e-05 -5.32642e-05 -5.04544e-05 2.42415e-05 0.0105638 -0.0187172 2.67361e-05 -5.32642e-05 -0.0187172 0.0897183 
0.00874688 -0.0167958 -6.16112e-05 5.24944e-05 -0.0167958 0.0855657 4.5563e-05 -7.05949e-05 -6.16112e-05 4.5563e-05 0.0105557 -0.0187015 5.24944e-05 -7.05949e-05 -0.0187015 0.0896929 
0.00874038 -0.0168179 -7.44228e-05 6.73026e-05 -0.0168179 0.0856927 6.08383e-05 -0.000111358 -7.44228e-05 6.08383e-05 0.0105557 -0.0186989 6.73026e-05 -0.000111358 -0.0186989 0.0897106 
0.00875346 -0.0168659 -8.5892e-05 7.94154e-05 -0.0168659 0.086025 7.32677e-05 -0.000142944 -8.5892e-05 7.32677e-05 0.010584 -0.0187606 7.94154e-05 -0.000142944 -0.0187606 0.090027 
0.00872152 -0.0168159 -0.00010588 0.000107972 -0.0168159 0.0858819 0.000102287 -0.000219647 -0.00010588 0.000102287 0.0105784 -0.0187316 0.000107972 -0.000219647 -0.0187316 0.0899244 
0.0087278 -0.016758 -8.40577e-05 0.000135717 -0.016758 0.0857017 0.000129301 -0.000297946 -8.40577e-05 0.000129301 0.0105537 -0.0187305 0.000135717 -0.000297946 -0.0187305 0.0898816 
0.00879098 -0.0168037 -5.62146e-05 0.000110476 -0.0168037 0.0858508 0.000104229 -0.000294129 -5.62146e-05 0.000104229 0.0105356 -0.0187592 0.000110476 -0.000294129 -0.0187592 0.090091 
0.00875971 -0.016778 -4.77458e-05 6.40718e-05 -0.016778 0.0855129 5.59859e-05 -0.000193003 -4.77458e-05 5.59859e-05 0.0104602 -0.0186071 6.40718e-05 -0.000193003 -0.0186071 0.0895449 
0.00873481 -0.0167999 -3.46318e-05 5.0382e-05 -0.0167999 0.0856075 4.05602e-05 -0.000119483 -3.46318e-05 4.05602e-05 0.0104834 -0.0185734 5.0382e-05 -0.000119483 -0.0185734 0.0894417 
0.00868688 -0.0167407 -1.50316e-05 3.46463e-05 -0.0167407 0.0854571 2.86688e-05 -7.67041e-05 -1.50316e-05 2.86688e-05 0.0105013 -0.0185685 3.46463e-05 -7.67041e-05 -0.0185685 0.0892914 
0.00866948 -0.0166796 2.12204e-05 6.80686e-06 -0.0166796 0.0852972 4.55476e-06 -1.78754e-05 2.12204e-05 4.55476e-06 0.0105293 -0.0186066 6.80686e-06 -1.78754e-05 -0.0186066 0.089331 
0.00869056 -0.0166887 6.01778e-05 -4.85285e-05 -0.0166887 0.0853658 -5.14364e-05 0.000107969 6.01778e-05 -5.14364e-05 0.0105722 -0.0186962 -4.85285e-05 0.000107969 -0.0186962 0.0896475 
0.00871632 -0.0167198 5.60952e-05 -8.40715e-05 -0.0167198 0.085477 -9.00948e-05 0.000210277 5.60952e-05 -9.00948e-05 0.0105883 -0.01877 -8.40715e-05 0.000210277 -0.01877 0.0899452 
0.00871501 -0.0167095 4.36133e-06 -6.86629e-05 -0.0167095 0.0853468 -6.59048e-05 0.000199328 4.36133e-06 -6.59048e-05 0.0105601 -0.0187327 -6.86629e-05 0.000199328 -0.0187327 0.0898332 
0.00871487 -0.0167923 -4.71297e-05 -8.29728e-06 -0.0167923 0.0856952 4.30066e-06 8.14289e-05 -4.71297e-05 4.30066e-06 0.0106082 -0.0187761 -8.29728e-06 8.14289e-05 -0.0187761 0.090106 
0.00864284 -0.0166676 -8.55933e-05 5.39989e-05 -0.0166676 0.0852123 7.20988e-05 -8.00159e-05 -8.55933e-05 7.20988e-05 0.0105659 -0.0186953 5.39989e-05 -8.00159e-05 -0.0186953 0.0896435 
0.00863895 -0.0166924 -8.45895e-05 9.96652e-05 -0.0166924 0.0854461 0.00011596 -0.000212868 -8.45895e-05 0.00011596 0.0106289 -0.0187824 9.96652e-05 -0.000212868 -0.0187824 0.0900185 
0.00867395 -0.0167 -4.94125e-05 9.26869e-05 -0.0167 0.0856297 0.000101566 -0.000236315 -4.94125e-05 0.000101566 0.0106642 -0.0188886 9.26869e-05 -0.000236315 -0.0188886 0.0904335 
0.0087026 -0.0166875 -6.7167e-05 5.99538e-05 -0.0166875 0.0855013 5.77885e-05 -0.00018037 -6.7167e-05 5.77885e-05 0.0106315 -0.0188669 5.99538e-05 -0.00018037 -0.0188669 0.0903861 
0.00871588 -0.0166927 -0.000120167 7.74523e-05 -0.0166927 0.0853293 7.16499e-05 -0.000165588 -0.000120167 7.16499e-05 0.0105641 -0.0187659 7.74523e-05 -0.000165588 -0.0187659 0.0900306 
0.00872591 -0.0166854 -0.00013439 0.000149149 -0.0166854 0.085166 0.00014264 -0.00028857 -0.00013439 0.00014264 0.010508 -0.0186651 0.000149149 -0.00028857 -0.0186651 0.0896338 
0.00878193 -0.0168693 -0.000144816 0.000176214 -0.0168693 0.0859552 0.000165538 -0.000396261 -0.000144816 0.000165538 0.0106041 -0.0187689 0.000176214 -0.000396261 -0.0187689 0.0901939 
0.00868818 -0.0167645 -0.000148131 0.000186247 -0.0167645 0.0855201 0.000171308 -0.000441951 -0.000148131 0.000171308 0.0105828 -0.0186849 0.000186247 -0.000441951 -0.0186849 0.0896691 
0.00868255 -0.0166991 -0.000117022 0.000170864 -0.0166991 0.0854072 0.000152983 -0.000402614 -0.000117022 0.000152983 0.010595 -0.0187412 0.000170864 -0.000402614 -0.0187412 0.0897673 
0.00877162 -0.0167681 -7.83446e-05 0.000132591 -0.0167681 0.0857285 0.00011667 -0.00032597 -7.83446e-05 0.00011667 0.0105935 -0.0188467 0.000132591 -0.00032597 -0.0188467 0.0902677 
0.00877571 -0.0168188 -5.91583e-05 7.78107e-05 -0.0168188 0.0857325 6.98309e-05 -0.000209128 -5.91583e-05 6.98309e-05 0.0105801 -0.0187618 7.78107e-05 -0.000209128 -0.0187618 0.090098 
0.00874942 -0.0169007 -8.49831e-05 5.62747e-05 -0.0169007 0.0861056 5.70913e-05 -0.000139151 -8.49831e-05 5.70913e-05 0.0106606 -0.0187934 5.62747e-05 -0.000139151 -0.0187934 0.0902438 
0.00869582 -0.0168455 -0.000119447 9.82026e-05 -0.0168455 0.0860902 0.000104329 -0.000201073 -0.000119447 0.000104329 0.0107233 -0.0188566 9.82026e-05 -0.000201073 -0.0188566 0.0903073 
0.00863747 -0.0166531 -0.000163709 0.000123494 -0.0166531 0.0853366 0.000128768 -0.000254505 -0.000163709 0.000128768 0.0106528 -0.0188094 0.000123494 -0.000254505 -0.0188094 0.0898574 
0.00865848 -0.0166722 -0.00017934 0.000182647 -0.0166722 0.0853542 0.000184378 -0.000369376 -0.00017934 0.000184378 0.0106489 -0.0188314 0.000182647 -0.000369376 -0.0188314 0.0900302 
0.00873851 -0.0167368 -0.00018389 0.000214459 -0.0167368 0.0856223 0.000209165 -0.000477542 -0.00018389 0.000209165 0.0106487 -0.0188724 0.000214459 -0.000477542 -0.0188724 0.0902996 
0.00876456 -0.016855 -0.000165274 0.000221525 -0.016855 0.0859863 0.000214732 -0.000525808 -0.000165274 0.000214732 0.0106745 -0.0188791 0.000221525 -0.000525808 -0.0188791 0.0904667 
0.00874528 -0.0168108 -0.000186355 0.000197609 -0.0168108 0.0857857 0.000196928 -0.00051397 -0.000186355 0.000196928 0.0106045 -0.0188004 0.000197609 -0.00051397 -0.0188004 0.0900795 
0.00870955 -0.0167703 -0.00020806 0.000207169 -0.0167703 0.0855643 0.000209833 -0.000499726 -0.00020806 0.000209833 0.0105484 -0.0186971 0.000207169 -0.000499726 -0.0186971 0.0897026 
0.00868624 -0.0167724 -0.000205716 0.00023418 -0.0167724 0.0856615 0.00023035 -0.000531632 -0.000205716 0.00023035 0.0105904 -0.0186999 0.00023418 -0.000531632 -0.0186999 0.0897573 
0.00861887 -0.0166727 -0.000191032 0.000231503 -0.0166727 0.0853014 0.000216614 -0.000531192 -0.000191032 0.000216614 0.0106047 -0.0186696 0.000231503 -0.000531192 -0.0186696 0.0894868 
0.00863473 -0.0166211 -0.000195623 0.00022063 -0.0166211 0.0851895 0.000204789 -0.000516728 -0.000195623 0.000204789 0.0105996 -0.0187379 0.00022063 -0.000516728 -0.0187379 0.0896305 
0.00867986 -0.0167438 -0.00018189 0.000213383 -0.0167438 0.0856955 0.000211316 -0.000504019 -0.00018189 0.000211316 0.0106676 -0.0188414 0.000213383 -0.000504019 -0.0188414 0.090225 
0.00867155 -0.0167265 -0.00016701 0.000204247 -0.0167265 0.0856592 0.000217394 -0.000518422 -0.00016701 0.000217394 0.0106639 -0.0188454 0.000204247 -0.000518422 -0.0188454 0.0902292 
0.00869656 -0.0166961 -0.000170689 0.000197147 -0.0166961 0.0855512 0.000210117 -0.000525228 -0.000170689 0.000210117 0.0106364 -0.0188446 0.000197147 -0.000525228 -0.0188446 0.0902188 
0.00868871 -0.0167311 -0.000181961 0.000199415 -0.0167311 0.0855696 0.000204227 -0.000514404 -0.000181961 0.000204227 0.0106545 -0.018815 0.000199415 -0.000514404 -0.018815 0.0901823 
0.0086783 -0.016697 -0.000198348 0.000214101 -0.016697 0.08542 0.000211114 -0.000524918 -0.000198348 0.000211114 0.0106369 -0.0187881 0.000214101 -0.000524918 -0.0187881 0.0899765 
0.00874515 -0.016778 -0.000236048 0.000226653 -0.016778 0.0857981 0.000223967 -0.000540123 -0.000236048 0.000223967 0.0106684 -0.0188706 0.000226653 -0.000540123 -0.0188706 0.0903521 
0.00875236 -0.0168171 -0.000222897 0.00025544 -0.0168171 0.0858623 0.000262042 -0.000586234 -0.000222897 0.000262042 0.0106618 -0.0188532 0.00025544 -0.000586234 -0.0188532 0.0903138 
0.00867661 -0.0167416 -0.000230992 0.000243418 -0.0167416 0.0854682 0.000253967 -0.000601727 -0.000230992 0.000253967 0.0106169 -0.0187461 0.000243418 -0.000601727 -0.0187461 0.0898072 
0.00867225 -0.0167174 -0.000248758 0.000255969 -0.0167174 0.0854964 0.000258686 -0.000610065 -0.000248758 0.000258686 0.0106142 -0.0187762 0.000255969 -0.000610065 -0.0187762 0.0898932 
0.00871619 -0.0167784 -0.000239047 0.000288926 -0.0167784 0.0858605 0.000281157 -0.000665581 -0.000239047 0.000281157 0.0106673 -0.0188711 0.000288926 -0.000665581 -0.0188711 0.0903826 
0.00867731 -0.0166449 -0.0002245 0.000287559 -0.0166449 0.0851679 0.000270673 -0.000688877 -0.0002245 0.000270673 0.0105645 -0.0187334 0.000287559 -0.000688877 -0.0187334 0.0897297 
0.00872392 -0.0167606 -0.000207671 0.000262812 -0.0167606 0.0856364 0.000244356 -0.000645111 -0.000207671 0.000244356 0.0106299 -0.0188129 0.000262812 -0.000645111 -0.0188129 0.0901978 
0.00872089 -0.0167447 -0.00017484 0.000233334 -0.0167447 0.0855442 0.000220071 -0.000575273 -0.00017484 0.000220071 0.0106237 -0.0187866 0.000233334 -0.000575273 -0.0187866 0.0900424 
0.0087431 -0.0167459 -0.000163095 0.000192293 -0.0167459 0.0855033 0.000180441 -0.000485203 -0.000163095 0.000180441 0.0105992 -0.0187743 0.000192293 -0.000485203 -0.0187743 0.0899487 
0.00874052 -0.0168213 -0.000170031 0.000181443 -0.0168213 0.0857406 0.000171009 -0.000435349 -0.000170031 0.000171009 0.0106308 -0.0187753 0.000181443 -0.000435349 -0.0187753 0.0900243 
0.00874673 -0.0167974 -0.000169528 0.000194648 -0.0167974 0.0857329 0.000189482 -0.000453586 -0.000169528 0.000189482 0.0106281 -0.0187874 0.000194648 -0.000453586 -0.0187874 0.0899832 
0.00876231 -0.0168401 -0.000191453 0.000196129 -0.0168401 0.0859005 0.000203415 -0.000491464 -0.000191453 0.000203415 0.0106424 -0.0188178 0.000196129 -0.000491464 -0.0188178 0.0901317 
0.00873795 -0.0167989 -0.000196402 0.000202421 -0.0167989 0.0857038 0.000218631 -0.000501851 -0.000196402 0.000218631 0.0106248 -0.018773 0.000202421 -0.000501851 -0.018773 0.0899187 
0.00867701 -0.0167827 -0.000202372 0.000203166 -0.0167827 0.0856233 0.000217635 -0.000500281 -0.000202372 0.000217635 0.0106533 -0.0187535 0.000203166 -0.000500281 -0.0187535 0.0898133 
0.0086247 -0.0167332 -0.000177836 0.000209351 -0.0167332 0.0856028 0.000218011 -0.000494494 -0.000177836 0.000218011 0.0107103 -0.0188221 0.000209351 -0.000494494 -0.0188221 0.0899703 
0.00856905 -0.0166183 -0.000139709 0.000183808 -0.0166183 0.0852488 0.000189734 -0.000455804 -0.000139709 0.000189734 0.0107211 -0.0188499 0.000183808 -0.000455804 -0.0188499 0.0899453 
0.00859679 -0.016642 -0.000114538 0.000150928 -0.016642 0.0854856 0.000152889 -0.00039503 -0.000114538 0.000152889 0.0107742 -0.0189922 0.000150928 -0.00039503 -0.0189922 0.090547 
0.00861724 -0.0166405 -0.000136169 0.000124672 -0.0166405 0.0854921 0.000127097 -0.000332262 -0.000136169 0.000127097 0.0107849 -0.019029 0.000124672 -0.000332262 -0.019029 0.0907687 
0.00863579 -0.0166571 -0.000145759 0.00015222 -0.0166571 0.085486 0.000157011 -0.000354867 -0.000145759 0.000157011 0.0107739 -0.019015 0.00015222 -0.000354867 -0.019015 0.090767 
0.0086422 -0.0166599 -0.000119851 0.000159525 -0.0166599 0.0854202 0.000156845 -0.000368993 -0.000119851 0.000156845 0.0107625 -0.0189763 0.000159525 -0.000368993 -0.0189763 0.0906214 
0.00861167 -0.0165728 -0.000117436 0.000134063 -0.0165728 0.0849024 0.000126238 -0.000334648 -0.000117436 0.000126238 0.0106789 -0.0188448 0.000134063 -0.000334648 -0.0188448 0.089975 
0.00866109 -0.0166348 -0.000101963 0.000124495 -0.0166348 0.0851044 0.000120015 -0.00029767 -0.000101963 0.000120015 0.0106766 -0.0188549 0.000124495 -0.00029767 -0.0188549 0.0900515 
0.00869602 -0.016745 -9.6192e-05 0.00010861 -0.016745 0.085491 0.000103937 -0.000262294 -9.6192e-05 0.000103937 0.0106877 -0.0188619 0.00010861 -0.000262294 -0.0188619 0.0901665 
0.00869792 -0.0167666 -8.48745e-05 0.000101301 -0.0167666 0.0855844 9.78226e-05 -0.00023749 -8.48745e-05 9.78226e-05 0.010665 -0.0188201 0.000101301 -0.00023749 -0.0188201 0.0900013 
0.00873672 -0.0168819 -8.6616e-05 9.03595e-05 -0.0168819 0.0861867 8.8723e-05 -0.000218171 -8.6616e-05 8.8723e-05 0.0107289 -0.0189069 9.03595e-05 -0.000218171 -0.0189069 0.0904493 
0.00871239 -0.016825 -0.000117135 9.35309e-05 -0.016825 0.0860169 9.58989e-05 -0.000222928 -0.000117135 9.58989e-05 0.0107184 -0.0188863 9.35309e-05 -0.000222928 -0.0188863 0.0902922 
0.00865574 -0.0166852 -0.000137125 0.000133642 -0.0166852 0.0853492 0.000141365 -0.000299636 -0.000137125 0.000141365 0.010636 -0.0187718 0.000133642 -0.000299636 -0.0187718 0.089701 
0.00867168 -0.0167424 -0.00016955 0.00016591 -0.0167424 0.0855912 0.000170974 -0.000394017 -0.00016955 0.000170974 0.0106589 -0.0188155 0.00016591 -0.000394017 -0.0188155 0.0899692 
0.00864376 -0.0167373 -0.000154493 0.000195517 -0.0167373 0.0856086 0.000194768 -0.00045466 -0.000154493 0.000194768 0.0106719 -0.0188059 0.000195517 -0.00045466 -0.0188059 0.0899675 
0.00858976 -0.0166897 -0.000127938 0.000169908 -0.0166897 0.0854995 0.000173518 -0.000437535 -0.000127938 0.000173518 0.010696 -0.0188034 0.000169908 -0.000437535 -0.0188034 0.0899195 
0.00854878 -0.0166199 -9.69693e-05 0.000134599 -0.0166199 0.085371 0.000147182 -0.000376872 -9.69693e-05 0.000147182 0.0107385 -0.0188613 0.000134599 -0.000376872 -0.0188613 0.0900548 
0.00858822 -0.0166152 -8.50336e-05 9.6754e-05 -0.0166152 0.0855081 0.000110835 -0.000288727 -8.50336e-05 0.000110835 0.0107971 -0.0189966 9.6754e-05 -0.000288727 -0.0189966 0.0905746 
0.00861257 -0.0165783 -9.78214e-05 7.93223e-05 -0.0165783 0.0852265 8.99388e-05 -0.00021307 -9.78214e-05 8.99388e-05 0.0107564 -0.0189813 7.93223e-05 -0.00021307 -0.0189813 0.0904955 
0.00863242 -0.0166418 -0.000137199 0.000107062 -0.0166418 0.0853157 0.000113878 -0.000240738 -0.000137199 0.000113878 0.0107528 -0.0189605 0.000107062 -0.000240738 -0.0189605 0.0905093 
0.00864476 -0.0166867 -0.000169019 0.000160861 -0.0166867 0.0854663 0.000162261 -0.000342376 -0.000169019 0.000162261 0.0107379 -0.0189489 0.000160861 -0.000342376 -0.0189489 0.0904863 
0.00861593 -0.016656 -0.000171741 0.000205812 -0.016656 0.0853225 0.000201056 -0.000458263 -0.000171741 0.000201056 0.0107177 -0.0188868 0.000205812 -0.000458263 -0.0188868 0.0902354 
0.0086259 -0.0166468 -0.000153903 0.000201288 -0.0166468 0.0853454 0.000199911 -0.00049395 -0.000153903 0.000199911 0.010709 -0.0189063 0.000201288 -0.00049395 -0.0189063 0.0902844 
0.0086502 -0.0166544 -9.49584e-05 0.000157505 -0.0166544 0.085358 0.000164435 -0.000419274 -9.49584e-05 0.000164435 0.0107103 -0.0189043 0.000157505 -0.000419274 -0.0189043 0.0903246 
0.00867575 -0.0167259 -6.63193e-05 9.57442e-05 -0.0167259 0.0855926 0.000102684 -0.000295518 -6.63193e-05 0.000102684 0.0107081 -0.0189233 9.57442e-05 -0.000295518 -0.0189233 0.0904525 
0.00869938 -0.0167553 -4.7715e-05 5.85325e-05 -0.0167553 0.0857422 5.99501e-05 -0.000168408 -4.7715e-05 5.99501e-05 0.0106977 -0.0189241 5.85325e-05 -0.000168408 -0.0189241 0.0905156 
0.00861043 -0.0166469 -6.2769e-05 4.04544e-05 -0.0166469 0.0851429 3.73997e-05 -9.28783e-05 -6.2769e-05 3.73997e-05 0.0106252 -0.0187483 4.04544e-05 -9.28783e-05 -0.0187483 0.0897562 
0.00864293 -0.0167257 -9.64236e-05 6.88339e-05 -0.0167257 0.0856773 6.70795e-05 -0.000124223 -9.64236e-05 6.70795e-05 0.0106931 -0.0188812 6.88339e-05 -0.000124223 -0.0188812 0.0903261 
0.00866275 -0.0166562 -9.5251e-05 9.37172e-05 -0.0166562 0.0854551 9.07051e-05 -0.000161733 -9.5251e-05 9.07051e-05 0.0106535 -0.0188717 9.37172e-05 -0.000161733 -0.0188717 0.0902604 
0.00868663 -0.0166671 -0.000114565 0.000100569 -0.0166671 0.08534 9.37299e-05 -0.000196974 -0.000114565 9.37299e-05 0.0106198 -0.0188182 0.000100569 -0.000196974 -0.0188182 0.0901281 
0.00869756 -0.0167442 -0.000133203 0.000132746 -0.0167442 0.0855666 0.000126892 -0.000268165 -0.000133203 0.000126892 0.0106434 -0.0188094 0.000132746 -0.000268165 -0.0188094 0.0901729 
0.00867989 -0.016698 -0.000149168 0.000154447 -0.016698 0.0853626 0.000155861 -0.000344773 -0.000149168 0.000155861 0.0106116 -0.0187511 0.000154447 -0.000344773 -0.0187511 0.0898363 
0.00873901 -0.0167807 -0.000167949 0.000188477 -0.0167807 0.0857597 0.000191665 -0.000448568 -0.000167949 0.000191665 0.0106558 -0.0188329 0.000188477 -0.000448568 -0.0188329 0.0902024 
0.00873307 -0.0168045 -0.000165667 0.00020004 -0.0168045 0.0857784 0.000208281 -0.000503014 -0.000165667 0.000208281 0.0106513 -0.0188156 0.00020004 -0.000503014 -0.0188156 0.0901225 
0.00870479 -0.0167958 -0.000144916 0.000179455 -0.0167958 0.0857669 0.000190657 -0.000472758 -0.000144916 0.000190657 0.0106654 -0.0188129 0.000179455 -0.000472758 -0.0188129 0.0900785 
0.00867702 -0.0167868 -0.000131121 0.000158011 -0.0167868 0.0858339 0.000169699 -0.000427269 -0.000131121 0.000169699 0.0107074 -0.0188636 0.000158011 -0.000427269 -0.0188636 0.0902366 
0.00860451 -0.0166321 -0.000127034 0.000148469 -0.0166321 0.085199 0.000155114 -0.000393774 -0.000127034 0.000155114 0.0106452 -0.018787 0.000148469 -0.000393774 -0.018787 0.0897731 
0.00864443 -0.0166251 -9.81948e-05 0.000143209 -0.0166251 0.085214 0.000138773 -0.000353976 -9.81948e-05 0.000138773 0.0106239 -0.0188242 0.000143209 -0.000353976 -0.0188242 0.0899683 
0.00867344 -0.0167325 -7.07587e-05 0.000113127 -0.0167325 0.0856024 0.000101977 -0.000289609 -7.07587e-05 0.000101977 0.0106831 -0.0188578 0.000113127 -0.000289609 -0.0188578 0.0903073 
0.00864819 -0.0167616 -3.98024e-05 7.77582e-05 -0.0167616 0.0857997 7.15055e-05 -0.000211618 -3.98024e-05 7.15055e-05 0.0107371 -0.0189052 7.77582e-05 -0.000211618 -0.0189052 0.090464 
0.00860206 -0.0167105 -1.84755e-05 3.52003e-05 -0.0167105 0.0857413 4.02244e-05 -0.000122629 -1.84755e-05 4.02244e-05 0.0107832 -0.0189581 3.52003e-05 -0.000122629 -0.0189581 0.0905767 
0.00854379 -0.0166005 -1.38041e-06 9.10959e-06 -0.0166005 0.0853619 2.11456e-05 -5.39378e-05 -1.38041e-06 2.11456e-05 0.0107911 -0.0189646 9.10959e-06 -5.39378e-05 -0.0189646 0.0904768 
0.00857362 -0.0165323 -1.19691e-05 -4.14012e-06 -0.0165323 0.0851474 2.80533e-06 -8.90308e-06 -1.19691e-05 2.80533e-06 0.0107756 -0.0190223 -4.14012e-06 -8.90308e-06 -0.0190223 0.090631 
0.00863152 -0.016609 -2.11665e-06 1.43333e-06 -0.016609 0.0853042 -1.29253e-06 2.27993e-05 -2.11665e-06 -1.29253e-06 0.0107619 -0.0190374 1.43333e-06 2.27993e-05 -0.0190374 0.0908355 
0.00863805 -0.0166025 2.9834e-05 -2.64589e-09 -0.0166025 0.0850658 -1.03975e-05 3.19116e-05 2.9834e-05 -1.03975e-05 0.010654 -0.018896 -2.64589e-09 3.19116e-05 -0.018896 0.090325 
0.00871273 -0.0167329 2.59261e-05 -4.50265e-05 -0.0167329 0.08558 -5.23166e-05 0.000107743 2.59261e-05 -5.23166e-05 0.0106332 -0.0188869 -4.50265e-05 0.000107743 -0.0188869 0.0904862 
0.008738 -0.016759 2.6636e-06 -4.13779e-05 -0.016759 0.0856084 -3.7511e-05 0.000126683 2.6636e-06 -3.7511e-05 0.0105698 -0.0187727 -4.13779e-05 0.000126683 -0.0187727 0.0901205 
0.00873259 -0.0167986 2.61411e-06 -8.2272e-06 -0.0167986 0.0857112 1.84774e-06 6.24147e-05 2.61411e-06 1.84774e-06 0.010558 -0.0187006 -8.2272e-06 6.24147e-05 -0.0187006 0.0898826 
0.00869169 -0.0167037 -1.94434e-05 -4.705e-06 -0.0167037 0.0853144 6.54413e-06 1.68892e-05 -1.94434e-05 6.54413e-06 0.0105228 -0.018609 -4.705e-06 1.68892e-05 -0.018609 0.0893721 
0.00867342 -0.0167013 -3.25363e-05 1.52962e-05 -0.0167013 0.0852923 2.63344e-05 -1.52938e-05 -3.25363e-05 2.63344e-05 0.0105426 -0.0186246 1.52962e-05 -1.52938e-05 -0.0186246 0.0893659 
0.00870858 -0.0167874 -1.61754e-05 2.94137e-05 -0.0167874 0.085802 3.70237e-05 -4.51738e-05 -1.61754e-05 3.70237e-05 0.0106376 -0.0187759 2.94137e-05 -4.51738e-05 -0.0187759 0.0900055 
0.00866297 -0.0167128 -7.36435e-06 2.40863e-05 -0.0167128 0.085504 2.35578e-05 -5.62973e-05 -7.36435e-06 2.35578e-05 0.0106418 -0.0187673 2.40863e-05 -5.62973e-05 -0.0187673 0.0898692 
0.00866106 -0.0166952 -9.41025e-06 8.84601e-06 -0.0166952 0.0854761 1.94093e-06 -1.84249e-05 -9.41025e-06 1.94093e-06 0.0106515 -0.0188189 8.84601e-06 -1.84249e-05 -0.0188189 0.0900288 
0.00863543 -0.0166991 -1.39771e-05 1.33091e-05 -0.0166991 0.0855051 6.33614e-06 -9.37115e-06 -1.39771e-05 6.33614e-06 0.0106867 -0.0188502 1.33091e-05 -9.37115e-06 -0.0188502 0.0901944 
0.00860614 -0.0166033 -3.31349e-05 8.34906e-06 -0.0166033 0.0851574 5.8159e-06 4.90354e-06 -3.31349e-05 5.8159e-06 0.0106681 -0.018833 8.34906e-06 4.90354e-06 -0.018833 0.0900262 
0.00862667 -0.0165697 -4.44546e-05 1.89987e-05 -0.0165697 0.0849654 2.26483e-05 1.99356e-06 -4.44546e-05 2.26483e-05 0.0106352 -0.0188272 1.89987e-05 1.99356e-06 -0.0188272 0.0899812 
0.00864498 -0.0166234 -4.14993e-05 3.43225e-05 -0.0166234 0.0850605 4.38583e-05 -3.48878e-05 -4.14993e-05 4.38583e-05 0.0106413 -0.0188159 3.43225e-05 -3.48878e-05 -0.0188159 0.0900285 
0.0086347 -0.0167108 -2.36051e-05 2.68854e-05 -0.0167108 0.0854303 4.39238e-05 -4.63669e-05 -2.36051e-05 4.39238e-05 0.0106991 -0.0188552 2.68854e-05 -4.63669e-05 -0.0188552 0.0902383 
0.00864446 -0.0167098 1.61913e-06 9.09539e-06 -0.0167098 0.085633 2.68038e-05 -2.58005e-05 1.61913e-06 2.68038e-05 0.0107282 -0.0189372 9.09539e-06 -2.58005e-05 -0.0189372 0.0905001 
