0.00766155 0 -0.0002737 0 0 0.00988294 0 0 -0.0002737 0 0.00656279 0 0 0 0 0.00988294 
0.0110006 -0.0136343 -0.000399654 0.000485338 -0.0136343 0.0353325 0.000485338 -0.000931956 -0.000399654 0.000485338 0.00940886 -0.011701 0.000485338 -0.000931956 -0.011701 0.031625 
0.0109689 -0.0201662 -0.000334881 0.000549349 -0.0201662 0.0735854 0.000549349 -0.00171231 -0.000334881 0.000549349 0.0095755 -0.0181011 0.000549349 -0.00171231 -0.0181011 0.0671701 
0.010247 -0.0192678 -0.000287739 0.000357324 -0.0192678 0.0853039 0.000357613 -0.00121728 -0.000287739 0.000357613 0.00906865 -0.0179229 0.000357324 -0.00121728 -0.0179229 0.0811332 
0.0101577 -0.0184888 -0.000294805 0.000309375 -0.0184888 0.0875633 0.000308646 -0.000921483 -0.000294805 0.000308646 0.00904214 -0.0172662 0.000309375 -0.000921483 -0.0172662 0.0842835 
0.0103405 -0.0185481 -0.000248513 0.000330356 -0.0185481 0.089208 0.000331656 -0.000890962 -0.000248513 0.000331656 0.00924245 -0.0173107 0.000330356 -0.000890962 -0.0173107 0.0859523 
0.0104703 -0.0187868 -0.000238195 0.000267536 -0.0187868 0.0905758 0.000276663 -0.000784096 -0.000238195 0.000276663 0.00943689 -0.0175429 0.000267536 -0.000784096 -0.0175429 0.0873029 
0.0104684 -0.0187293 -0.000221111 0.00024339 -0.0187293 0.0905041 0.000258893 -0.000670947 -0.000221111 0.000258893 0.00942689 -0.0175788 0.00024339 -0.000670947 -0.0175788 0.0874346 
0.0104661 -0.0187027 -0.000254798 0.000236925 -0.0187027 0.0903883 0.000251213 -0.000630263 -0.000254798 0.000251213 0.00940466 -0.0175655 0.000236925 -0.000630263 -0.0175655 0.0874963 
0.0105185 -0.0187838 -0.000297156 0.000285281 -0.0187838 0.0907474 0.000291762 -0.000685135 -0.000297156 0.000291762 0.00942369 -0.0176189 0.000285281 -0.000685135 -0.0176189 0.0878755 
0.0104617 -0.0186189 -0.000324859 0.00033197 -0.0186189 0.089924 0.000335071 -0.000781807 -0.000324859 0.000335071 0.00930375 -0.0174488 0.00033197 -0.000781807 -0.0174488 0.0870826 
0.0105447 -0.0187755 -0.000350699 0.000380963 -0.0187755 0.0904918 0.000380778 -0.000914402 -0.000350699 0.000380778 0.00935221 -0.0174827 0.000380963 -0.000914402 -0.0174827 0.0874195 
0.0104945 -0.0186736 -0.000333282 0.000402725 -0.0186736 0.0898936 0.00039919 -0.000987043 -0.000333282 0.00039919 0.00927127 -0.0173202 0.000402725 -0.000987043 -0.0173202 0.0865787 
0.0104778 -0.018688 -0.000332087 0.000380259 -0.018688 0.0898335 0.00037618 -0.000974809 -0.000332087 0.00037618 0.00926093 -0.0172607 0.000380259 -0.000974809 -0.0172607 0.0862664 
0.0105024 -0.0187269 -0.000311183 0.000375418 -0.0187269 0.0900472 0.00037175 -0.000946047 -0.000311183 0.00037175 0.00927053 -0.0173135 0.000375418 -0.000946047 -0.0173135 0.0864027 
0.0105495 -0.0187877 -0.000311667 0.000364449 -0.0187877 0.0903169 0.000359419 -0.000935204 -0.000311667 0.000359419 0.00924933 -0.0173488 0.000364449 -0.000935204 -0.0173488 0.0866058 
0.0106084 -0.0188982 -0.000275885 0.00036867 -0.0188982 0.0907965 0.000358112 -0.000933778 -0.000275885 0.000358112 0.00924735 -0.0173946 0.00036867 -0.000933778 -0.0173946 0.0869871 
0.0106604 -0.0189712 -0.000225557 0.00032703 -0.0189712 0.0911487 0.000313063 -0.000872626 -0.000225557 0.000313063 0.00922292 -0.0174027 0.00032703 -0.000872626 -0.0174027 0.0872018 
0.0106537 -0.0189638 -0.000199692 0.000258742 -0.0189638 0.0910817 0.000243989 -0.00072506 -0.000199692 0.000243989 0.00919095 -0.0173171 0.000258742 -0.00072506 -0.0173171 0.0869793 
0.0106301 -0.0189381 -0.000204933 0.000218951 -0.0189381 0.090947 0.000208763 -0.000593498 -0.000204933 0.000208763 0.00920193 -0.0172555 0.000218951 -0.000593498 -0.0172555 0.0867178 
0.0106609 -0.0190237 -0.000197549 0.000229967 -0.0190237 0.0913588 0.000223135 -0.000574595 -0.000197549 0.000223135 0.00926925 -0.0173424 0.000229967 -0.000574595 -0.0173424 0.0870389 
0.0105918 -0.018976 -0.000201094 0.000232086 -0.018976 0.091228 0.000227823 -0.000600676 -0.000201094 0.000227823 0.00931601 -0.0173786 0.000232086 -0.000600676 -0.0173786 0.0870606 
0.0105508 -0.0188365 -0.000161739 0.000238553 -0.0188365 0.0907866 0.000235906 -0.000624966 -0.000161739 0.000235906 0.0092911 -0.0173999 0.000238553 -0.000624966 -0.0173999 0.0869659 
0.0105926 -0.0188883 -0.000106342 0.000189817 -0.0188883 0.0910326 0.000186728 -0.000562115 -0.000106342 0.000186728 0.00934429 -0.0175058 0.000189817 -0.000562115 -0.0175058 0.0875072 
0.0104368 -0.0186288 -0.000101628 0.000118975 -0.0186288 0.0897371 0.000117908 -0.000414417 -0.000101628 0.000117908 0.00920468 -0.0172707 0.000118975 -0.000414417 -0.0172707 0.0863556 
0.0104174 -0.0185935 -0.000121779 0.000107753 -0.0185935 0.0896135 0.000109058 -0.000328249 -0.000121779 0.000109058 0.00917809 -0.0172477 0.000107753 -0.000328249 -0.0172477 0.0862994 
0.0105739 -0.0188614 -0.000174105 0.000146012 -0.0188614 0.0909303 0.000147428 -0.000378336 -0.000174105 0.000147428 0.00929622 -0.0174829 0.000146012 -0.000378336 -0.0174829 0.0875698 
0.0105422 -0.0187801 -0.000212999 0.000217553 -0.0187801 0.0905371 0.000220598 -0.000531932 -0.000212999 0.000220598 0.00927366 -0.0173959 0.000217553 -0.000531932 -0.0173959 0.0871922 
0.0105238 -0.0187661 -0.000223086 0.000268067 -0.0187661 0.0903855 0.000275573 -0.000690743 -0.000223086 0.000275573 0.00926967 -0.0173559 0.000268067 -0.000690743 -0.0173559 0.0869582 
0.0105018 -0.0187056 -0.000205582 0.000275548 -0.0187056 0.0900872 0.00028886 -0.000765848 -0.000205582 0.00028886 0.00923668 -0.0173085 0.000275548 -0.000765848 -0.0173085 0.0866363 
0.0104648 -0.0186823 -0.000181268 0.000248591 -0.0186823 0.089913 0.000262188 -0.000739692 -0.000181268 0.000262188 0.00926118 -0.0172702 0.000248591 -0.000739692 -0.0172702 0.0864367 
0.0104337 -0.0186648 -0.00018381 0.000211384 -0.0186648 0.0898852 0.000221016 -0.000648253 -0.00018381 0.000221016 0.00931837 -0.0173221 0.000211384 -0.000648253 -0.0173221 0.0864908 
0.0104479 -0.0186928 -0.000184819 0.00020351 -0.0186928 0.0901287 0.000209505 -0.000577253 -0.000184819 0.000209505 0.00934502 -0.0174563 0.00020351 -0.000577253 -0.0174563 0.0869404 
0.0104665 -0.0187077 -0.000174432 0.000205212 -0.0187077 0.0902592 0.000208401 -0.000553123 -0.000174432 0.000208401 0.00930863 -0.0174965 0.000205212 -0.000553123 -0.0174965 0.0872165 
0.0104475 -0.0186583 -0.000165562 0.000202111 -0.0186583 0.0900215 0.000197041 -0.000541999 -0.000165562 0.000197041 0.00923304 -0.0173881 0.000202111 -0.000541999 -0.0173881 0.0869412 
0.0104389 -0.0186043 -0.000156613 0.000204672 -0.0186043 0.089721 0.00018909 -0.000538725 -0.000156613 0.00018909 0.0091773 -0.0172522 0.000204672 -0.000538725 -0.0172522 0.0864714 
0.010442 -0.0186317 -0.000150468 0.000199601 -0.0186317 0.0897841 0.000178455 -0.000530684 -0.000150468 0.000178455 0.00917909 -0.0172431 0.000199601 -0.000530684 -0.0172431 0.0864327 
0.0106122 -0.0189301 -0.000148053 0.000200361 -0.0189301 0.0912166 0.000182604 -0.000544927 -0.000148053 0.000182604 0.00932976 -0.0174994 0.000200361 -0.000544927 -0.0174994 0.0877217 
0.0106044 -0.0188787 -0.000118669 0.000181711 -0.0188787 0.0909687 0.000170269 -0.000512286 -0.000118669 0.000170269 0.0093123 -0.0174745 0.000181711 -0.000512286 -0.0174745 0.0875211 
0.0106357 -0.018922 -0.000103475 0.000154153 -0.018922 0.0910689 0.000145044 -0.000470672 -0.000103475 0.000145044 0.00927111 -0.0174789 0.000154153 -0.000470672 -0.0174789 0.0875522 
0.0106212 -0.0189346 -0.000118906 0.000131515 -0.0189346 0.0910548 0.000125473 -0.000410798 -0.000118906 0.000125473 0.00926587 -0.0174151 0.000131515 -0.000410798 -0.0174151 0.0874022 
0.0106397 -0.0189775 -0.000120425 0.000144774 -0.0189775 0.0912839 0.000143536 -0.000407722 -0.000120425 0.000143536 0.009335 -0.0174487 0.000144774 -0.000407722 -0.0174487 0.0875298 
0.0104841 -0.0187144 -0.000132199 0.000147185 -0.0187144 0.0900223 0.000149945 -0.000426936 -0.000132199 0.000149945 0.00923346 -0.0172498 0.000147185 -0.000426936 -0.0172498 0.086327 
0.0105258 -0.0187961 -0.000151333 0.000164529 -0.0187961 0.0904617 0.000171945 -0.000470398 -0.000151333 0.000171945 0.00928923 -0.0173877 0.000164529 -0.000470398 -0.0173877 0.0868855 
0.0105705 -0.0188731 -0.00014818 0.000186228 -0.0188731 0.0909094 0.000193506 -0.000523087 -0.00014818 0.000193506 0.00931609 -0.0175173 0.000186228 -0.000523087 -0.0175173 0.0875118 
0.0105939 -0.0188705 -0.000110257 0.000182299 -0.0188705 0.0909488 0.000184007 -0.000534335 -0.000110257 0.000184007 0.00927109 -0.0175119 0.000182299 -0.000534335 -0.0175119 0.0876394 
0.0105439 -0.0187555 -6.46754e-05 0.000150296 -0.0187555 0.0903082 0.000141855 -0.000488028 -6.46754e-05 0.000141855 0.00914416 -0.0172944 0.000150296 -0.000488028 -0.0172944 0.0868347 
0.0106943 -0.0189824 -2.33671e-05 9.34473e-05 -0.0189824 0.0913114 7.87614e-05 -0.000363088 -2.33671e-05 7.87614e-05 0.00919211 -0.0173953 9.34473e-05 -0.000363088 -0.0173953 0.0875316 
0.0106932 -0.0189897 1.99087e-05 4.25546e-05 -0.0189897 0.09121 2.86542e-05 -0.000229264 1.99087e-05 2.86542e-05 0.00915788 -0.0172998 4.25546e-05 -0.000229264 -0.0172998 0.087166 
0.0105091 -0.0187698 -2.36996e-05 -1.07964e-05 -0.0187698 0.0900777 -1.75374e-05 -0.000103039 -2.36996e-05 -1.75374e-05 0.00904545 -0.0170278 -1.07964e-05 -0.000103039 -0.0170278 0.0858207 
0.0104699 -0.0187493 -6.11881e-05 3.71179e-05 -0.0187493 0.0901449 3.65012e-05 -0.000127676 -6.11881e-05 3.65012e-05 0.00908409 -0.0170435 3.71179e-05 -0.000127676 -0.0170435 0.0858101 
0.0104054 -0.0186491 -7.33626e-05 7.28815e-05 -0.0186491 0.0898797 7.39495e-05 -0.000201775 -7.33626e-05 7.39495e-05 0.00909248 -0.0170767 7.28815e-05 -0.000201775 -0.0170767 0.0857895 
0.0105376 -0.0188821 -7.03022e-05 9.65589e-05 -0.0188821 0.0911373 0.000101189 -0.000283529 -7.03022e-05 0.000101189 0.00925704 -0.017372 9.65589e-05 -0.000283529 -0.017372 0.087234 
0.010496 -0.0187768 -4.89461e-05 7.86109e-05 -0.0187768 0.0906958 8.46088e-05 -0.000268536 -4.89461e-05 8.46088e-05 0.00921458 -0.0173331 7.86109e-05 -0.000268536 -0.0173331 0.0869931 
0.0104354 -0.0186743 -4.02876e-05 6.62355e-05 -0.0186743 0.0901978 7.1888e-05 -0.000250132 -4.02876e-05 7.1888e-05 0.0091907 -0.0172571 6.62355e-05 -0.000250132 -0.0172571 0.0866521 
0.0104518 -0.0186602 -5.24492e-05 5.99793e-05 -0.0186602 0.0901553 6.29192e-05 -0.000232492 -5.24492e-05 6.29192e-05 0.00917961 -0.0172856 5.99793e-05 -0.000232492 -0.0172856 0.0867287 
0.0104151 -0.0185493 -6.38654e-05 7.97626e-05 -0.0185493 0.0895507 7.87362e-05 -0.000259382 -6.38654e-05 7.87362e-05 0.00912144 -0.0171724 7.97626e-05 -0.000259382 -0.0171724 0.0862182 
0.010468 -0.0185973 -5.19421e-05 9.28249e-05 -0.0185973 0.089624 8.57244e-05 -0.000287779 -5.19421e-05 8.57244e-05 0.00908528 -0.0171601 9.28249e-05 -0.000287779 -0.0171601 0.0861861 
0.0105456 -0.0188154 -4.69764e-05 9.05151e-05 -0.0188154 0.0904735 7.79005e-05 -0.000303412 -4.69764e-05 7.79005e-05 0.00915641 -0.0172449 9.05151e-05 -0.000303412 -0.0172449 0.0867555 
0.0106091 -0.0189816 -6.99857e-05 8.53431e-05 -0.0189816 0.0913357 7.77099e-05 -0.000307257 -6.99857e-05 7.77099e-05 0.00924274 -0.0173829 8.53431e-05 -0.000307257 -0.0173829 0.0874156 
0.010624 -0.0189649 -6.87852e-05 9.5055e-05 -0.0189649 0.0914058 9.73832e-05 -0.000316079 -6.87852e-05 9.73832e-05 0.00927108 -0.0174266 9.5055e-05 -0.000316079 -0.0174266 0.087553 
0.0104709 -0.0186391 -6.15488e-05 8.35264e-05 -0.0186391 0.0898113 9.06043e-05 -0.000297572 -6.15488e-05 9.06043e-05 0.00912434 -0.0171518 8.35264e-05 -0.000297572 -0.0171518 0.0861167 
0.0105346 -0.0187547 -7.05627e-05 6.99082e-05 -0.0187547 0.0902631 7.60712e-05 -0.000257466 -7.05627e-05 7.60712e-05 0.00916024 -0.0172523 6.99082e-05 -0.000257466 -0.0172523 0.0865842 
0.0105429 -0.0187713 -0.000113029 9.94361e-05 -0.0187713 0.0903009 0.000105938 -0.000309788 -0.000113029 0.000105938 0.00915637 -0.0172414 9.94361e-05 -0.000309788 -0.0172414 0.0865816 
0.010481 -0.0187178 -0.000157418 0.000152211 -0.0187178 0.0900272 0.000158354 -0.000419228 -0.000157418 0.000158354 0.00915513 -0.0171763 0.000152211 -0.000419228 -0.0171763 0.0862695 
0.0104569 -0.01864 -0.000164763 0.000204894 -0.01864 0.0897633 0.000215818 -0.000557415 -0.000164763 0.000215818 0.00912806 -0.0171622 0.000204894 -0.000557415 -0.0171622 0.0860719 
0.0104933 -0.0186816 -0.000153429 0.000204824 -0.0186816 0.0899107 0.000218787 -0.000608367 -0.000153429 0.000218787 0.00913307 -0.0171799 0.000204824 -0.000608367 -0.0171799 0.0862034 
0.0105424 -0.0187501 -0.000129068 0.000187913 -0.0187501 0.0901681 0.000194304 -0.000578402 -0.000129068 0.000194304 0.00913115 -0.0172055 0.000187913 -0.000578402 -0.0172055 0.0863673 
0.0105736 -0.018783 -0.0001154 0.000159345 -0.018783 0.0902693 0.000155445 -0.000501023 -0.0001154 0.000155445 0.00914142 -0.0172028 0.000159345 -0.000501023 -0.0172028 0.0864031 
0.0106158 -0.018862 -0.000100746 0.00014248 -0.018862 0.0905493 0.000134268 -0.00043449 -0.000100746 0.000134268 0.0091663 -0.0172339 0.00014248 -0.00043449 -0.0172339 0.0865503 
0.0106224 -0.0188622 -9.48972e-05 0.000136282 -0.0188622 0.0904909 0.000125726 -0.000412488 -9.48972e-05 0.000125726 0.00914412 -0.0172024 0.000136282 -0.000412488 -0.0172024 0.0863689 
0.0106249 -0.0188924 -7.35309e-05 0.000127501 -0.0188924 0.0905563 0.000116481 -0.000389145 -7.35309e-05 0.000116481 0.00914593 -0.0171775 0.000127501 -0.000389145 -0.0171775 0.0862746 
0.0106144 -0.0188834 -8.66214e-05 0.000106904 -0.0188834 0.0905516 9.95655e-05 -0.000361134 -8.66214e-05 9.95655e-05 0.00915038 -0.0171938 0.000106904 -0.000361134 -0.0171938 0.0862752 
0.0106202 -0.0188339 -7.30464e-05 0.000116503 -0.0188339 0.0903547 0.000109386 -0.00035792 -7.30464e-05 0.000109386 0.00910988 -0.0171735 0.000116503 -0.00035792 -0.0171735 0.0861506 
0.0106637 -0.0189029 -2.80535e-05 0.000100859 -0.0189029 0.0905779 8.88646e-05 -0.000332734 -2.80535e-05 8.88646e-05 0.00910613 -0.0171921 0.000100859 -0.000332734 -0.0171921 0.0863424 
0.0107028 -0.019029 5.26527e-06 6.6225e-05 -0.019029 0.0911058 5.00548e-05 -0.000286442 5.26527e-06 5.00548e-05 0.00913639 -0.0172414 6.6225e-05 -0.000286442 -0.0172414 0.0866995 
0.0107215 -0.0190594 2.19079e-06 1.93499e-05 -0.0190594 0.0913604 5.27742e-06 -0.000185275 2.19079e-06 5.27742e-06 0.00913576 -0.0172803 1.93499e-05 -0.000185275 -0.0172803 0.0869152 
0.0107247 -0.0190743 -1.1033e-05 1.55688e-05 -0.0190743 0.0914732 1.22473e-05 -0.000141052 -1.1033e-05 1.22473e-05 0.00917414 -0.0172789 1.55688e-05 -0.000141052 -0.0172789 0.0870186 
0.0107296 -0.0190774 -4.42253e-06 2.44784e-05 -0.0190774 0.0915367 3.11853e-05 -0.000150438 -4.42253e-06 3.11853e-05 0.00922095 -0.0173249 2.44784e-05 -0.000150438 -0.0173249 0.0871403 
0.0107249 -0.019064 6.42702e-06 1.78881e-05 -0.019064 0.0914977 2.77982e-05 -0.000157972 6.42702e-06 2.77982e-05 0.00922951 -0.0173733 1.78881e-05 -0.000157972 -0.0173733 0.0872433 
0.0107019 -0.0190075 -2.57392e-06 1.84493e-05 -0.0190075 0.091255 2.57926e-05 -0.000173137 -2.57392e-06 2.57926e-05 0.00918656 -0.0173581 1.84493e-05 -0.000173137 -0.0173581 0.0871565 
0.0106846 -0.0189492 -4.26897e-06 3.51589e-05 -0.0189492 0.0909452 3.51347e-05 -0.000200368 -4.26897e-06 3.51347e-05 0.00912481 -0.0172651 3.51589e-05 -0.000200368 -0.0172651 0.0868396 
0.0105933 -0.0188356 -2.98157e-06 4.8676e-05 -0.0188356 0.0903139 4.13513e-05 -0.000239362 -2.98157e-06 4.13513e-05 0.00907746 -0.017086 4.8676e-05 -0.000239362 -0.017086 0.0860761 
0.0106789 -0.0190213 -1.50596e-05 4.68963e-05 -0.0190213 0.0912578 4.06488e-05 -0.000253136 -1.50596e-05 4.06488e-05 0.00921748 -0.0172749 4.68963e-05 -0.000253136 -0.0172749 0.086906 
0.0105705 -0.0188738 -6.42216e-05 5.34714e-05 -0.0188738 0.0906598 5.30942e-05 -0.000263072 -6.42216e-05 5.30942e-05 0.00922802 -0.0172465 5.34714e-05 -0.000263072 -0.0172465 0.086519 
0.0104617 -0.0187155 -0.000119672 8.81144e-05 -0.0187155 0.0900677 9.22208e-05 -0.000296438 -0.000119672 9.22208e-05 0.00926991 -0.0172637 8.81144e-05 -0.000296438 -0.0172637 0.0863441 
0.0104837 -0.0186963 -0.000144191 0.000157126 -0.0186963 0.0901448 0.000164956 -0.000429968 -0.000144191 0.000164956 0.00925752 -0.0174244 0.000157126 -0.000429968 -0.0174244 0.0868713 
0.010514 -0.0187191 -0.000149076 0.000194935 -0.0187191 0.0901759 0.000206915 -0.000563402 -0.000149076 0.000206915 0.00921286 -0.0173875 0.000194935 -0.000563402 -0.0173875 0.0869846 
0.0105882 -0.0188498 -9.66105e-05 0.000191772 -0.0188498 0.0907174 0.000205122 -0.00059577 -9.66105e-05 0.000205122 0.00922397 -0.0174214 0.000191772 -0.00059577 -0.0174214 0.0873689 
0.010621 -0.0189371 -5.74628e-05 0.000126265 -0.0189371 0.0910928 0.000138948 -0.000497345 -5.74628e-05 0.000138948 0.00925609 -0.0174259 0.000126265 -0.000497345 -0.0174259 0.0875242 
0.010662 -0.018991 -3.39405e-05 7.54639e-05 -0.018991 0.0913905 8.70481e-05 -0.000360982 -3.39405e-05 8.70481e-05 0.00925625 -0.0174664 7.54639e-05 -0.000360982 -0.0174664 0.087692 
0.0106412 -0.0189657 1.84873e-05 5.13922e-05 -0.0189657 0.0912322 5.66259e-05 -0.000264791 1.84873e-05 5.66259e-05 0.00922955 -0.0173939 5.13922e-05 -0.000264791 -0.0173939 0.0874241 
0.010613 -0.0189669 4.39468e-05 -7.04429e-06 -0.0189669 0.09122 -1.11652e-05 -0.000134059 4.39468e-05 -1.11652e-05 0.00924092 -0.0173551 -7.04429e-06 -0.000134059 -0.0173551 0.0872584 
0.0106325 -0.0189768 5.12779e-05 -3.35681e-05 -0.0189768 0.0913734 -4.36867e-05 -3.26265e-05 5.12779e-05 -4.36867e-05 0.00925097 -0.0174111 -3.35681e-05 -3.26265e-05 -0.0174111 0.0874223 
0.0104639 -0.0186771 3.12991e-05 -3.20798e-05 -0.0186771 0.0899518 -4.4896e-05 -8.87095e-06 3.12991e-05 -4.4896e-05 0.00908555 -0.017155 -3.20798e-05 -8.87095e-06 -0.017155 0.0861496 
0.0104631 -0.0187248 -9.09703e-06 -1.3528e-05 -0.0187248 0.0901898 -2.45202e-05 -3.03918e-05 -9.09703e-06 -2.45202e-05 0.00913308 -0.0171674 -1.3528e-05 -3.03918e-05 -0.0171674 0.0863566 
0.010569 -0.0188491 -2.51354e-05 4.00693e-05 -0.0188491 0.0909313 3.65748e-05 -0.000144819 -2.51354e-05 3.65748e-05 0.00922245 -0.0173573 4.00693e-05 -0.000144819 -0.0173573 0.0871885 
0.0105544 -0.0188302 -6.3189e-05 6.28898e-05 -0.0188302 0.090754 6.82875e-05 -0.00024724 -6.3189e-05 6.82875e-05 0.0092376 -0.0173352 6.28898e-05 -0.00024724 -0.0173352 0.08708 
0.0105911 -0.0188908 -7.58532e-05 9.65813e-05 -0.0188908 0.0910495 0.000104756 -0.000324255 -7.58532e-05 0.000104756 0.00927636 -0.017444 9.65813e-05 -0.000324255 -0.017444 0.0874828 
0.0105996 -0.0188997 -6.27714e-05 0.0001103 -0.0188997 0.091077 0.000116247 -0.000373173 -6.27714e-05 0.000116247 0.00928536 -0.0174586 0.0001103 -0.000373173 -0.0174586 0.087573 
0.0106112 -0.0189041 -3.49142e-05 8.54524e-05 -0.0189041 0.0910577 8.91362e-05 -0.00033395 -3.49142e-05 8.91362e-05 0.00927429 -0.0174437 8.54524e-05 -0.00033395 -0.0174437 0.087515 
0.0104853 -0.018685 -3.1861e-05 4.69478e-05 -0.018685 0.0899414 4.95412e-05 -0.000241838 -3.1861e-05 4.95412e-05 0.00913068 -0.01721 4.69478e-05 -0.000241838 -0.01721 0.0863636 
0.0105049 -0.0187154 -3.46347e-05 4.58603e-05 -0.0187154 0.0900679 4.95975e-05 -0.000204899 -3.46347e-05 4.95975e-05 0.0091203 -0.0171965 4.58603e-05 -0.000204899 -0.0171965 0.0863843 
0.0104926 -0.0186877 -4.48146e-05 4.55585e-05 -0.0186877 0.089901 5.35982e-05 -0.000194848 -4.48146e-05 5.35982e-05 0.00911046 -0.0171239 4.55585e-05 -0.000194848 -0.0171239 0.0860894 
0.0106762 -0.019039 -6.18454e-05 6.00281e-05 -0.019039 0.091523 6.70589e-05 -0.000217943 -6.18454e-05 6.70589e-05 0.00926902 -0.0174047 6.00281e-05 -0.000217943 -0.0174047 0.0874594 
0.0106736 -0.0189999 -7.04963e-05 8.17662e-05 -0.0189999 0.091395 8.3552e-05 -0.000255459 -7.04963e-05 8.3552e-05 0.00921366 -0.0174045 8.17662e-05 -0.000255459 -0.0174045 0.087369 
0.0104959 -0.0187204 -8.05277e-05 9.96052e-05 -0.0187204 0.0900139 9.11456e-05 -0.00029612 -8.05277e-05 9.11456e-05 0.00904231 -0.0171026 9.96052e-05 -0.00029612 -0.0171026 0.0860271 
0.0105698 -0.0189108 -0.000125797 0.000115581 -0.0189108 0.0909868 0.000104851 -0.000335215 -0.000125797 0.000104851 0.0091707 -0.0172399 0.000115581 -0.000335215 -0.0172399 0.0868599 
0.010547 -0.01887 -0.000148111 0.000164271 -0.01887 0.0909485 0.000161292 -0.000426316 -0.000148111 0.000161292 0.00920266 -0.0172804 0.000164271 -0.000426316 -0.0172804 0.086905 
0.0105814 -0.0189252 -0.000177701 0.000184834 -0.0189252 0.0912893 0.000188492 -0.000503415 -0.000177701 0.000188492 0.00928591 -0.0174075 0.000184834 -0.000503415 -0.0174075 0.0874265 
0.0104158 -0.0186081 -0.000196947 0.00021891 -0.0186081 0.0897512 0.0002272 -0.000587995 -0.000196947 0.0002272 0.00916312 -0.0171471 0.00021891 -0.000587995 -0.0171471 0.0860396 
0.010404 -0.0185713 -0.00020004 0.000232709 -0.0185713 0.0895798 0.000240327 -0.000631362 -0.00020004 0.000240327 0.00916875 -0.0171865 0.000232709 -0.000631362 -0.0171865 0.0860782 
0.0105814 -0.0188791 -0.00019261 0.000234493 -0.0188791 0.0910837 0.000236765 -0.000636172 -0.00019261 0.000236765 0.00935154 -0.0175414 0.000234493 -0.000636172 -0.0175414 0.0877853 
0.0105706 -0.0188546 -0.000205131 0.000212328 -0.0188546 0.0909212 0.000217202 -0.000588338 -0.000205131 0.000217202 0.009328 -0.0175146 0.000212328 -0.000588338 -0.0175146 0.087674 
0.0104151 -0.0185803 -0.000207173 0.000219855 -0.0185803 0.0895593 0.000231869 -0.00057503 -0.000207173 0.000231869 0.00917017 -0.0172384 0.000219855 -0.00057503 -0.0172384 0.0863301 
0.0104229 -0.0186229 -0.000254389 0.000231436 -0.0186229 0.0897549 0.000243885 -0.000601732 -0.000254389 0.000243885 0.00919104 -0.0172524 0.000231436 -0.000601732 -0.0172524 0.0864561 
0.0104031 -0.0186094 -0.000295219 0.000293697 -0.0186094 0.0897337 0.000304831 -0.00071365 -0.000295219 0.000304831 0.00921193 -0.0172452 0.000293697 -0.00071365 -0.0172452 0.0863957 
0.0103994 -0.0185774 -0.000308644 0.000351532 -0.0185774 0.0896234 0.000364509 -0.000872295 -0.000308644 0.000364509 0.00919895 -0.0172404 0.000351532 -0.000872295 -0.0172404 0.0862879 
0.0104113 -0.0186263 -0.000312679 0.000367048 -0.0186263 0.0897715 0.000378337 -0.000958029 -0.000312679 0.000378337 0.00920643 -0.0172268 0.000367048 -0.000958029 -0.0172268 0.0862799 
0.0104703 -0.0187572 -0.00026841 0.000358741 -0.0187572 0.0904011 0.000364191 -0.000944725 -0.00026841 0.000364191 0.00925295 -0.0173181 0.000358741 -0.000944725 -0.0173181 0.0867256 
0.0104803 -0.0187724 -0.000231974 0.000299229 -0.0187724 0.0905743 0.000300227 -0.000827368 -0.000231974 0.000300227 0.00927298 -0.0173694 0.000299229 -0.000827368 -0.0173694 0.0869453 
0.0104479 -0.0187203 -0.000226526 0.000256183 -0.0187203 0.0904006 0.000255392 -0.000701794 -0.000226526 0.000255392 0.00930035 -0.017372 0.000256183 -0.000701794 -0.017372 0.086938 
0.0103906 -0.0186076 -0.000250356 0.000241723 -0.0186076 0.0899264 0.00024304 -0.000622384 -0.000250356 0.00024304 0.00930679 -0.0173477 0.000241723 -0.000622384 -0.0173477 0.0866908 
0.0103705 -0.0185693 -0.000269815 0.000270906 -0.0185693 0.0897868 0.000275364 -0.000644669 -0.000269815 0.000275364 0.00932439 -0.0174122 0.000270906 -0.000644669 -0.0174122 0.0868437 
0.0104014 -0.0185984 -0.000272274 0.000294971 -0.0185984 0.089924 0.000300684 -0.000701221 -0.000272274 0.000300684 0.00934004 -0.017468 0.000294971 -0.000701221 -0.017468 0.0871199 
0.0104757 -0.0186879 -0.000286589 0.000304075 -0.0186879 0.090281 0.000310806 -0.00074657 -0.000286589 0.000310806 0.0093213 -0.0175116 0.000304075 -0.00074657 -0.0175116 0.0874165 
0.0104763 -0.0186555 -0.000309634 0.000317503 -0.0186555 0.0899727 0.000319527 -0.000771975 -0.000309634 0.000319527 0.00925661 -0.0173592 0.000317503 -0.000771975 -0.0173592 0.0868771 
0.0104728 -0.0186395 -0.000315241 0.000360421 -0.0186395 0.0897365 0.000350512 -0.000853923 -0.000315241 0.000350512 0.00919081 -0.0172434 0.000360421 -0.000853923 -0.0172434 0.0863456 
0.010656 -0.0189694 -0.000302942 0.000376257 -0.0189694 0.0912242 0.000355489 -0.000911613 -0.000302942 0.000355489 0.00928897 -0.0174727 0.000376257 -0.000911613 -0.0174727 0.0875352 
0.0106814 -0.018998 -0.000276612 0.000356768 -0.018998 0.091285 0.000336348 -0.000894628 -0.000276612 0.000336348 0.0092566 -0.0174059 0.000356768 -0.000894628 -0.0174059 0.0873345 
0.0105428 -0.0187665 -0.000254426 0.000322103 -0.0187665 0.0900979 0.000311396 -0.000840411 -0.000254426 0.000311396 0.00910278 -0.0171325 0.000322103 -0.000840411 -0.0171325 0.0860032 
0.0105573 -0.0187915 -0.000238426 0.000294447 -0.0187915 0.0902147 0.000291204 -0.000783547 -0.000238426 0.000291204 0.00909098 -0.0171214 0.000294447 -0.000783547 -0.0171214 0.0859955 
0.0107253 -0.0190595 -0.000225842 0.000281999 -0.0190595 0.0914881 0.000278867 -0.000751547 -0.000225842 0.000278867 0.00920099 -0.0173314 0.000281999 -0.000751547 -0.0173314 0.0871122 
0.0106886 -0.0190212 -0.000228637 0.000258589 -0.0190212 0.0912407 0.00025428 -0.000693136 -0.000228637 0.00025428 0.00920202 -0.0172701 0.000258589 -0.000693136 -0.0172701 0.086819 
0.0106397 -0.0189532 -0.000211662 0.000269009 -0.0189532 0.0909458 0.000261182 -0.000688978 -0.000211662 0.000261182 0.00921518 -0.0172527 0.000269009 -0.000688978 -0.0172527 0.0865893 
0.0106552 -0.0189864 -0.000180331 0.000252108 -0.0189864 0.0911546 0.00024251 -0.000671288 -0.000180331 0.00024251 0.00928107 -0.0173609 0.000252108 -0.000671288 -0.0173609 0.0869556 
0.0107428 -0.0191256 -0.000144617 0.000218518 -0.0191256 0.0918241 0.000212012 -0.000620583 -0.000144617 0.000212012 0.00932793 -0.0175245 0.000218518 -0.000620583 -0.0175245 0.0876882 
0.0106111 -0.0188808 -0.000137141 0.000163462 -0.0188808 0.0906423 0.000158201 -0.000497226 -0.000137141 0.000158201 0.00918826 -0.0172972 0.000163462 -0.000497226 -0.0172972 0.0866338 
0.0106392 -0.0189101 -0.000129059 0.000150637 -0.0189101 0.0907726 0.0001473 -0.000422603 -0.000129059 0.0001473 0.00917115 -0.0172965 0.000150637 -0.000422603 -0.0172965 0.086739 
0.0106782 -0.0189743 -0.000122036 0.000146721 -0.0189743 0.0910197 0.000144648 -0.000403111 -0.000122036 0.000144648 0.00917895 -0.017288 0.000146721 -0.000403111 -0.017288 0.0868376 
0.0107045 -0.0190412 -0.000128923 0.000147724 -0.0190412 0.0913113 0.000144517 -0.000409608 -0.000128923 0.000144517 0.00921007 -0.0173177 0.000147724 -0.000409608 -0.0173177 0.0870049 
0.0106546 -0.0190454 -0.000135043 0.000166984 -0.0190454 0.0913807 0.000165971 -0.000460395 -0.000135043 0.000165971 0.00926962 -0.0173466 0.000166984 -0.000460395 -0.0173466 0.0870898 
0.0106088 -0.0189874 -0.000128422 0.000170738 -0.0189874 0.0913267 0.000176647 -0.000498565 -0.000128422 0.000176647 0.00933221 -0.0174201 0.000170738 -0.000498565 -0.0174201 0.0872526 
0.0105754 -0.0188415 -9.60916e-05 0.000161178 -0.0188415 0.090819 0.000168988 -0.000500704 -9.60916e-05 0.000168988 0.00929407 -0.0174465 0.000161178 -0.000500704 -0.0174465 0.0871712 
0.0105221 -0.0187583 -8.89282e-05 0.000133442 -0.0187583 0.0903229 0.00013366 -0.000460291 -8.89282e-05 0.00013366 0.00925857 -0.0173598 0.000133442 -0.000460291 -0.0173598 0.086859 
0.0104868 -0.0186405 -9.97333e-05 0.00012842 -0.0186405 0.089758 0.000117349 -0.000418822 -9.97333e-05 0.000117349 0.00916521 -0.0172613 0.00012842 -0.000418822 -0.0172613 0.0863642 
0.0106289 -0.0188756 -0.000134911 0.000161503 -0.0188756 0.0907866 0.000140513 -0.000470108 -0.000134911 0.000140513 0.00924956 -0.0174239 0.000161503 -0.000470108 -0.0174239 0.0873236 
0.0106819 -0.0189408 -0.000121709 0.000183797 -0.0189408 0.0909733 0.000167476 -0.000513659 -0.000121709 0.000167476 0.00922679 -0.0173975 0.000183797 -0.000513659 -0.0173975 0.0872955 
0.0105395 -0.0187704 -0.000104717 0.000167945 -0.0187704 0.0900143 0.000159627 -0.000518229 -0.000104717 0.000159627 0.00912181 -0.0171457 0.000167945 -0.000518229 -0.0171457 0.0861235 
0.0105325 -0.0188103 -8.94717e-05 0.000135952 -0.0188103 0.0903425 0.000134815 -0.000459573 -8.94717e-05 0.000134815 0.00915795 -0.0172215 0.000135952 -0.000459573 -0.0172215 0.0864103 
