0.00726632 0 -0.000896102 0 0 0.00996595 0 0 -0.000896102 0 0.00683462 0 0 0 0 0.00996595 
0.010251 -0.0127178 -0.00115017 0.00140049 -0.0127178 0.033467 0.00140049 -0.00268566 -0.00115017 0.00140049 0.00958156 -0.0119018 0.00140049 -0.00268566 -0.0119018 0.0319031 
0.0102884 -0.0190914 -0.000951882 0.00146254 -0.0190914 0.0701105 0.00146254 -0.0045496 -0.000951882 0.00146254 0.00964408 -0.0181625 0.00146254 -0.0045496 -0.0181625 0.0671962 
0.0096061 -0.0185388 -0.000916749 0.000876256 -0.0185388 0.0828251 0.000875497 -0.00257706 -0.000916749 0.000875497 0.00915652 -0.0178418 0.000876256 -0.00257706 -0.0178418 0.0805521 
0.00954663 -0.0178799 -0.00101798 0.000891877 -0.0178799 0.0860656 0.000888641 -0.00165499 -0.00101798 0.000888641 0.00923537 -0.0173174 0.000891877 -0.00165499 -0.0173174 0.0840715 
0.00964439 -0.0177914 -0.0010748 0.0010852 -0.0177914 0.0872562 0.00108587 -0.00197157 -0.0010748 0.00108587 0.00945561 -0.0173837 0.0010852 -0.00197157 -0.0173837 0.0856129 
0.00971606 -0.0178234 -0.00106413 0.00117834 -0.0178234 0.0877892 0.00118179 -0.00241689 -0.00106413 0.00118179 0.00959593 -0.017592 0.00117834 -0.00241689 -0.017592 0.086668 
0.00973407 -0.0178104 -0.00103239 0.00115522 -0.0178104 0.0878142 0.00115545 -0.00255803 -0.00103239 0.00115545 0.00962914 -0.0176775 0.00115522 -0.00255803 -0.0176775 0.0871184 
0.00980222 -0.0178791 -0.00100804 0.00110889 -0.0178791 0.0881233 0.00110666 -0.00250501 -0.00100804 0.00110666 0.00965232 -0.0177568 0.00110889 -0.00250501 -0.0177568 0.0876079 
0.00979097 -0.017816 -0.000983839 0.00106718 -0.017816 0.0876735 0.00106512 -0.00239702 -0.000983839 0.00106512 0.00956159 -0.017636 0.00106718 -0.00239702 -0.017636 0.0871269 
0.0098279 -0.0178693 -0.000973654 0.00104071 -0.0178693 0.0877584 0.00104448 -0.00231611 -0.000973654 0.00104448 0.00951896 -0.0175791 0.00104071 -0.00231611 -0.0175791 0.0869901 
0.00996654 -0.0180805 -0.000943563 0.00103641 -0.0180805 0.0886369 0.00104915 -0.00229666 -0.000943563 0.00104915 0.00953752 -0.0176532 0.00103641 -0.00229666 -0.0176532 0.0874957 
0.00997212 -0.0181643 -0.000929516 0.000992474 -0.0181643 0.0888141 0.00100616 -0.00222164 -0.000929516 0.00100616 0.00952149 -0.0175455 0.000992474 -0.00222164 -0.0175455 0.0871615 
0.00992653 -0.0181714 -0.000954077 0.000971126 -0.0181714 0.0888908 0.00097598 -0.00213476 -0.000954077 0.00097598 0.00953833 -0.017529 0.000971126 -0.00213476 -0.017529 0.0869919 
0.00989612 -0.0181637 -0.0009836 0.001006 -0.0181637 0.0890471 0.0010054 -0.00215042 -0.0009836 0.0010054 0.00959344 -0.0175997 0.001006 -0.00215042 -0.0175997 0.087201 
0.00988691 -0.0181096 -0.00100274 0.00105525 -0.0181096 0.0890142 0.00105432 -0.00225846 -0.00100274 0.00105432 0.00963023 -0.0177001 0.00105525 -0.00225846 -0.0177001 0.0875186 
0.00986519 -0.0180606 -0.000998892 0.00107884 -0.0180606 0.0888114 0.00107969 -0.00234673 -0.000998892 0.00107969 0.00965222 -0.0177243 0.00107884 -0.00234673 -0.0177243 0.0876136 
0.00978059 -0.0178938 -0.000999886 0.00105728 -0.0178938 0.0880479 0.00106367 -0.00233699 -0.000999886 0.00106367 0.00959488 -0.0176585 0.00105728 -0.00233699 -0.0176585 0.0871812 
0.00985127 -0.0179702 -0.00102766 0.00106355 -0.0179702 0.0884555 0.00107664 -0.00234324 -0.00102766 0.00107664 0.00962448 -0.0177932 0.00106355 -0.00234324 -0.0177932 0.0878511 
0.00984941 -0.0180075 -0.0010557 0.00109656 -0.0180075 0.0885331 0.001113 -0.00240379 -0.0010557 0.001113 0.00964726 -0.0177728 0.00109656 -0.00240379 -0.0177728 0.0879324 
0.00975775 -0.0178802 -0.00105028 0.00111812 -0.0178802 0.0879144 0.00113268 -0.00245566 -0.00105028 0.00113268 0.00957528 -0.0176249 0.00111812 -0.00245566 -0.0176249 0.0871945 
0.00978479 -0.0179004 -0.00104789 0.00112593 -0.0179004 0.0880908 0.00113456 -0.00249332 -0.00104789 0.00113456 0.00958169 -0.0176507 0.00112593 -0.00249332 -0.0176507 0.0873156 
0.00979605 -0.0179456 -0.00102826 0.00112048 -0.0179456 0.0882972 0.00112608 -0.0024864 -0.00102826 0.00112608 0.00962417 -0.0176885 0.00112048 -0.0024864 -0.0176885 0.08752 
0.00977565 -0.0179417 -0.00103129 0.00109898 -0.0179417 0.0883147 0.00109631 -0.00243962 -0.00103129 0.00109631 0.00965289 -0.0177113 0.00109898 -0.00243962 -0.0177113 0.0875582 
0.00977224 -0.0178879 -0.00103838 0.00110144 -0.0178879 0.0881437 0.00109171 -0.00240906 -0.00103838 0.00109171 0.00962672 -0.0177214 0.00110144 -0.00240906 -0.0177214 0.0875023 
0.00982803 -0.0179817 -0.00105407 0.00111815 -0.0179817 0.0885179 0.0011093 -0.00243503 -0.00105407 0.0011093 0.0096462 -0.0177654 0.00111815 -0.00243503 -0.0177654 0.0878221 
0.0098092 -0.0179703 -0.0010413 0.00112992 -0.0179703 0.0884125 0.00112645 -0.00246815 -0.0010413 0.00112645 0.00963864 -0.01772 0.00112992 -0.00246815 -0.01772 0.0876418 
0.00976375 -0.0179471 -0.0010182 0.00111823 -0.0179471 0.0883053 0.0011175 -0.00247527 -0.0010182 0.0011175 0.00965526 -0.0176935 0.00111823 -0.00247527 -0.0176935 0.0874725 
0.00970607 -0.0178555 -0.000973736 0.00107974 -0.0178555 0.0879661 0.00107871 -0.00240222 -0.000973736 0.00107871 0.00962967 -0.017657 0.00107974 -0.00240222 -0.017657 0.0871703 
0.00979027 -0.017947 -0.000949038 0.00104451 -0.017947 0.0885053 0.00104492 -0.00233419 -0.000949038 0.00104492 0.00966922 -0.0178 0.00104451 -0.00233419 -0.0178 0.0878287 
0.00973485 -0.017842 -0.000911955 0.000992076 -0.017842 0.0878924 0.000998746 -0.00220875 -0.000911955 0.000998746 0.00957765 -0.0176498 0.000992076 -0.00220875 -0.0176498 0.0872175 
0.00973559 -0.0178325 -0.0009139 0.000950186 -0.0178325 0.0878559 0.000961848 -0.00210216 -0.0009139 0.000961848 0.00956822 -0.0176439 0.000950186 -0.00210216 -0.0176439 0.0872282 
0.00975613 -0.0179677 -0.00091787 0.000959938 -0.0179677 0.0884632 0.000968824 -0.00207585 -0.00091787 0.000968824 0.00964495 -0.0177263 0.000959938 -0.00207585 -0.0177263 0.0877284 
0.00962694 -0.0178133 -0.000940914 0.000964878 -0.0178133 0.0878722 0.000968085 -0.00207934 -0.000940914 0.000968085 0.00964387 -0.0176191 0.000964878 -0.00207934 -0.0176191 0.0871384 
0.00970408 -0.0178708 -0.000970565 0.00101099 -0.0178708 0.0884369 0.00100816 -0.00215874 -0.000970565 0.00100816 0.00972787 -0.0178435 0.00101099 -0.00215874 -0.0178435 0.0879877 
0.00967185 -0.0177743 -0.000957903 0.00102594 -0.0177743 0.0879157 0.00102743 -0.00220719 -0.000957903 0.00102743 0.00967324 -0.0177731 0.00102594 -0.00220719 -0.0177731 0.0876783 
0.00967541 -0.0177357 -0.000974296 0.0010181 -0.0177357 0.0876754 0.00102062 -0.00222453 -0.000974296 0.00102062 0.00964154 -0.0177427 0.0010181 -0.00222453 -0.0177427 0.0875615 
0.00968083 -0.017746 -0.000951137 0.00103448 -0.017746 0.0876149 0.00103679 -0.00224343 -0.000951137 0.00103679 0.00962904 -0.0177159 0.00103448 -0.00224343 -0.0177159 0.0874921 
0.00973788 -0.0179092 -0.000979242 0.00102492 -0.0179092 0.0883359 0.00102607 -0.00225597 -0.000979242 0.00102607 0.00973333 -0.0178253 0.00102492 -0.00225597 -0.0178253 0.0880756 
0.00967313 -0.017785 -0.00100817 0.00103646 -0.017785 0.0878081 0.00102946 -0.00223872 -0.00100817 0.00102946 0.00968292 -0.0177615 0.00103646 -0.00223872 -0.0177615 0.0875885 
0.00967432 -0.0177813 -0.00101126 0.00108194 -0.0177813 0.0877624 0.00107009 -0.00231113 -0.00101126 0.00107009 0.00967265 -0.0177382 0.00108194 -0.00231113 -0.0177382 0.0874995 
0.00975103 -0.0179218 -0.0010273 0.00108095 -0.0179218 0.0884381 0.00107212 -0.00233801 -0.0010273 0.00107212 0.00971144 -0.0178701 0.00108095 -0.00233801 -0.0178701 0.0881396 
0.00971713 -0.0178551 -0.00102821 0.00108684 -0.0178551 0.0881311 0.00109073 -0.00235435 -0.00102821 0.00109073 0.0096772 -0.01779 0.00108684 -0.00235435 -0.01779 0.0878346 
0.00964181 -0.0177581 -0.00102294 0.001087 -0.0177581 0.0876676 0.00109913 -0.00237285 -0.00102294 0.00109913 0.00965807 -0.0176994 0.001087 -0.00237285 -0.0176994 0.0873855 
0.0096552 -0.0177826 -0.0010469 0.00109363 -0.0177826 0.0878904 0.00110118 -0.00239596 -0.0010469 0.00110118 0.00971568 -0.0177913 0.00109363 -0.00239596 -0.0177913 0.0877187 
0.00966446 -0.0177734 -0.00106569 0.00111497 -0.0177734 0.0878889 0.00111719 -0.0024207 -0.00106569 0.00111719 0.00973002 -0.0178351 0.00111497 -0.0024207 -0.0178351 0.0878584 
0.00967657 -0.0177969 -0.00108347 0.00113576 -0.0177969 0.0879412 0.00113714 -0.00246195 -0.00108347 0.00113714 0.00973472 -0.0178381 0.00113576 -0.00246195 -0.0178381 0.0878994 
0.00969683 -0.017778 -0.00105471 0.00114826 -0.017778 0.0878269 0.0011493 -0.00248559 -0.00105471 0.0011493 0.0096998 -0.017809 0.00114826 -0.00248559 -0.017809 0.0877503 
0.00976027 -0.0178363 -0.00102202 0.00111483 -0.0178363 0.0879773 0.00111339 -0.00244121 -0.00102202 0.00111339 0.00965534 -0.0177988 0.00111483 -0.00244121 -0.0177988 0.0877736 
0.00974183 -0.0178802 -0.000994006 0.00106712 -0.0178802 0.0879682 0.0010667 -0.0023329 -0.000994006 0.0010667 0.0096116 -0.017674 0.00106712 -0.0023329 -0.017674 0.0873843 
0.00981065 -0.0180001 -0.000976136 0.00104672 -0.0180001 0.0886296 0.00104554 -0.002266 -0.000976136 0.00104554 0.00965578 -0.0177601 0.00104672 -0.002266 -0.0177601 0.0878186 
0.00972956 -0.0179365 -0.000993453 0.00102809 -0.0179365 0.0882993 0.00102582 -0.0022227 -0.000993453 0.00102582 0.00964698 -0.0176467 0.00102809 -0.0022227 -0.0176467 0.0873146 
0.00969709 -0.0179165 -0.00105684 0.00105544 -0.0179165 0.0883866 0.00105697 -0.00225953 -0.00105684 0.00105697 0.00970034 -0.0177211 0.00105544 -0.00225953 -0.0177211 0.0874868 
0.00965638 -0.0178338 -0.00110488 0.0011294 -0.0178338 0.0881587 0.00113772 -0.002404 -0.00110488 0.00113772 0.0097063 -0.0177556 0.0011294 -0.002404 -0.0177556 0.0875185 
0.0096776 -0.0178184 -0.00108975 0.00119596 -0.0178184 0.0881956 0.00121283 -0.00259659 -0.00108975 0.00121283 0.00971956 -0.0178439 0.00119596 -0.00259659 -0.0178439 0.0878974 
0.00966554 -0.0177325 -0.00105364 0.00117462 -0.0177325 0.0877634 0.00119005 -0.00264096 -0.00105364 0.00119005 0.00967691 -0.017799 0.00117462 -0.00264096 -0.017799 0.0877372 
0.0096891 -0.0177533 -0.00106827 0.00113611 -0.0177533 0.087712 0.00114168 -0.0025755 -0.00106827 0.00114168 0.00965238 -0.01776 0.00113611 -0.0025755 -0.01776 0.0876621 
0.00967284 -0.0177796 -0.00107267 0.0011429 -0.0177796 0.0876858 0.00114331 -0.00253073 -0.00107267 0.00114331 0.00964055 -0.0176893 0.0011429 -0.00253073 -0.0176893 0.0874132 
0.00969359 -0.0178931 -0.0010829 0.00115971 -0.0178931 0.0882856 0.00116112 -0.00255692 -0.0010829 0.00116112 0.00975141 -0.0178 0.00115971 -0.00255692 -0.0178 0.0879023 
0.00965902 -0.0177783 -0.0010643 0.00115562 -0.0177783 0.0879204 0.00115771 -0.00254961 -0.0010643 0.00115771 0.00973876 -0.0178245 0.00115562 -0.00254961 -0.0178245 0.0877593 
0.00969364 -0.0178243 -0.00103794 0.00113894 -0.0178243 0.0880915 0.00113773 -0.00251817 -0.00103794 0.00113773 0.00975 -0.0178827 0.00113894 -0.00251817 -0.0178827 0.0880497 
0.0096989 -0.0178294 -0.00103432 0.00109106 -0.0178294 0.0880521 0.0010912 -0.00240908 -0.00103432 0.0010912 0.0097253 -0.0178534 0.00109106 -0.00240908 -0.0178534 0.0879782 
0.00960385 -0.0177729 -0.00106378 0.00107848 -0.0177729 0.0877239 0.0010808 -0.00233384 -0.00106378 0.0010808 0.00971901 -0.0177487 0.00107848 -0.00233384 -0.0177487 0.0875355 
0.00958581 -0.0177667 -0.00107786 0.00112095 -0.0177667 0.0879609 0.00112215 -0.00237381 -0.00107786 0.00112215 0.00979652 -0.0178723 0.00112095 -0.00237381 -0.0178723 0.087949 
0.0095836 -0.0177538 -0.00109116 0.0011523 -0.0177538 0.0880889 0.00114907 -0.00245937 -0.00109116 0.00114907 0.00985237 -0.0179871 0.0011523 -0.00245937 -0.0179871 0.0883866 
0.00951782 -0.0176128 -0.0010959 0.0011667 -0.0176128 0.0874758 0.00116001 -0.0025135 -0.0010959 0.00116001 0.0098162 -0.017925 0.0011667 -0.0025135 -0.017925 0.0880435 
0.00952711 -0.0175985 -0.00110108 0.00117564 -0.0175985 0.0874172 0.00117065 -0.00255169 -0.00110108 0.00117065 0.00981475 -0.0179454 0.00117564 -0.00255169 -0.0179454 0.0881342 
0.00953037 -0.0175566 -0.00110535 0.00117831 -0.0175566 0.0871482 0.00117947 -0.00257729 -0.00110535 0.00117947 0.00975311 -0.0178729 0.00117831 -0.00257729 -0.0178729 0.0878392 
0.00959094 -0.0176627 -0.00110509 0.00119195 -0.0176627 0.0875079 0.00120118 -0.00262625 -0.00110509 0.00120118 0.00974489 -0.0178694 0.00119195 -0.00262625 -0.0178694 0.08797 
0.00966877 -0.0177885 -0.00110395 0.00118683 -0.0177885 0.0880338 0.00120148 -0.0026367 -0.00110395 0.00120148 0.00976892 -0.0179028 0.00118683 -0.0026367 -0.0179028 0.0882373 
0.00967119 -0.0177945 -0.00109026 0.00117171 -0.0177945 0.0879653 0.00118763 -0.00260304 -0.00109026 0.00118763 0.00972531 -0.0178331 0.00117171 -0.00260304 -0.0178331 0.087934 
0.00966879 -0.0177773 -0.00106324 0.00115946 -0.0177773 0.0878445 0.0011724 -0.00257219 -0.00106324 0.0011724 0.00968987 -0.0177769 0.00115946 -0.00257219 -0.0177769 0.0876836 
0.00971777 -0.0178674 -0.00104637 0.00113525 -0.0178674 0.0882793 0.00114046 -0.00251876 -0.00104637 0.00114046 0.00975335 -0.0178711 0.00113525 -0.00251876 -0.0178711 0.0881405 
0.00969111 -0.0178669 -0.0010248 0.00110556 -0.0178669 0.0882562 0.00110341 -0.00242811 -0.0010248 0.00110341 0.00977946 -0.0178812 0.00110556 -0.00242811 -0.0178812 0.0881415 
0.00959968 -0.0177841 -0.00100804 0.00107181 -0.0177841 0.0879182 0.00106095 -0.00232052 -0.00100804 0.00106095 0.00977974 -0.0178431 0.00107181 -0.00232052 -0.0178431 0.0878651 
0.00961991 -0.017733 -0.00102302 0.00106575 -0.017733 0.0878886 0.00104968 -0.00227432 -0.00102302 0.00104968 0.00976531 -0.0179042 0.00106575 -0.00227432 -0.0179042 0.088036 
0.0096324 -0.0177537 -0.00106732 0.00108927 -0.0177537 0.0879227 0.0010791 -0.00230908 -0.00106732 0.0010791 0.00977936 -0.0179097 0.00108927 -0.00230908 -0.0179097 0.0881772 
0.00961341 -0.017717 -0.00107722 0.0011264 -0.017717 0.0877265 0.00112229 -0.00237716 -0.00107722 0.00112229 0.00974987 -0.0178733 0.0011264 -0.00237716 -0.0178733 0.0879979 
0.00959387 -0.0176876 -0.00105904 0.00115278 -0.0176876 0.0875561 0.00114816 -0.00247114 -0.00105904 0.00114816 0.00973225 -0.017817 0.00115278 -0.00247114 -0.017817 0.0877771 
0.00964103 -0.0177309 -0.00103483 0.00114129 -0.0177309 0.0877792 0.00112983 -0.00249137 -0.00103483 0.00112983 0.00973665 -0.0178586 0.00114129 -0.00249137 -0.0178586 0.0879616 
0.00959224 -0.0176823 -0.00100539 0.00110702 -0.0176823 0.087442 0.00109681 -0.00243982 -0.00100539 0.00109681 0.00971099 -0.0177604 0.00110702 -0.00243982 -0.0177604 0.0875392 
0.00958541 -0.0176879 -0.000967208 0.00106802 -0.0176879 0.0875007 0.0010589 -0.00235137 -0.000967208 0.0010589 0.00970252 -0.0177753 0.00106802 -0.00235137 -0.0177753 0.0875407 
0.00965211 -0.0178176 -0.000942975 0.00103392 -0.0178176 0.0881871 0.00102262 -0.00227037 -0.000942975 0.00102262 0.00976791 -0.0179011 0.00103392 -0.00227037 -0.0179011 0.0882074 
0.00963887 -0.0177424 -0.000931162 0.00099992 -0.0177424 0.0878652 0.000989006 -0.0021856 -0.000931162 0.000989006 0.00971306 -0.0178355 0.00099992 -0.0021856 -0.0178355 0.0879078 
0.00968507 -0.0178211 -0.000956083 0.000997182 -0.0178211 0.0881556 0.000990732 -0.00216553 -0.000956083 0.000990732 0.00974118 -0.017855 0.000997182 -0.00216553 -0.017855 0.0881066 
0.00965075 -0.0177219 -0.000970937 0.00101936 -0.0177219 0.0876376 0.00101892 -0.00220075 -0.000970937 0.00101892 0.00966986 -0.0177634 0.00101936 -0.00220075 -0.0177634 0.087593 
0.00968885 -0.0177808 -0.000991462 0.00104568 -0.0177808 0.0878452 0.00105059 -0.00227699 -0.000991462 0.00105059 0.00969533 -0.0178003 0.00104568 -0.00227699 -0.0178003 0.0878071 
0.00970816 -0.0178021 -0.000964343 0.0010516 -0.0178021 0.087896 0.00105927 -0.00229954 -0.000964343 0.00105927 0.00968734 -0.0178182 0.0010516 -0.00229954 -0.0178182 0.087868 
0.00971257 -0.0177798 -0.000962314 0.00101598 -0.0177798 0.0876979 0.00102135 -0.00224665 -0.000962314 0.00102135 0.00962824 -0.0177399 0.00101598 -0.00224665 -0.0177399 0.0875611 
0.00973042 -0.0178303 -0.000946496 0.00100948 -0.0178303 0.0878227 0.00101166 -0.00219452 -0.000946496 0.00101166 0.00960022 -0.0177013 0.00100948 -0.00219452 -0.0177013 0.0874812 
0.00977657 -0.0179826 -0.000935211 0.000996565 -0.0179826 0.0885367 0.000995975 -0.00215683 -0.000935211 0.000995975 0.00964288 -0.0177796 0.000996565 -0.00215683 -0.0177796 0.0879655 
0.00965962 -0.017823 -0.000937693 0.00098382 -0.017823 0.0878867 0.000982579 -0.00212913 -0.000937693 0.000982579 0.00958425 -0.0176236 0.00098382 -0.00212913 -0.0176236 0.087241 
0.00964087 -0.0177571 -0.000968927 0.00101108 -0.0177571 0.0878012 0.00101052 -0.00218695 -0.000968927 0.00101052 0.00961376 -0.0176706 0.00101108 -0.00218695 -0.0176706 0.087362 
0.00967502 -0.0177688 -0.000985644 0.00104516 -0.0177688 0.0879122 0.00104705 -0.00226711 -0.000985644 0.00104705 0.00964002 -0.0177412 0.00104516 -0.00226711 -0.0177412 0.0876652 
0.00969239 -0.0177198 -0.000981013 0.00105583 -0.0177198 0.0875646 0.00106104 -0.00231598 -0.000981013 0.00106104 0.00956359 -0.0176492 0.00105583 -0.00231598 -0.0176492 0.0872832 
0.00978405 -0.0178937 -0.00100856 0.00105802 -0.0178937 0.0881762 0.00106407 -0.00234198 -0.00100856 0.00106407 0.00960526 -0.0176864 0.00105802 -0.00234198 -0.0176864 0.0876252 
0.0098079 -0.0179437 -0.00101366 0.00107639 -0.0179437 0.0883239 0.00108047 -0.00235622 -0.00101366 0.00108047 0.0095857 -0.0176708 0.00107639 -0.00235622 -0.0176708 0.0875318 
0.00978209 -0.0179167 -0.000969475 0.00108129 -0.0179167 0.0881483 0.00107894 -0.00236601 -0.000969475 0.00107894 0.00955216 -0.0175959 0.00108129 -0.00236601 -0.0175959 0.0871995 
0.00980529 -0.0179471 -0.000982253 0.0010421 -0.0179471 0.0883056 0.00103135 -0.00231087 -0.000982253 0.00103135 0.00957373 -0.0176099 0.0010421 -0.00231087 -0.0176099 0.0872623 
0.00975445 -0.0179152 -0.00100049 0.00105286 -0.0179152 0.0880798 0.00103746 -0.00228569 -0.00100049 0.00103746 0.00957764 -0.0175445 0.00105286 -0.00228569 -0.0175445 0.0869107 
0.00977116 -0.0179869 -0.00101841 0.00108144 -0.0179869 0.0885429 0.00106875 -0.00233428 -0.00101841 0.00106875 0.00968685 -0.0176975 0.00108144 -0.00233428 -0.0176975 0.0874638 
0.00976825 -0.0179612 -0.00100487 0.00108698 -0.0179612 0.0885641 0.00108189 -0.00235856 -0.00100487 0.00108189 0.00971181 -0.0178077 0.00108698 -0.00235856 -0.0178077 0.0877815 
0.00977842 -0.0179673 -0.000991683 0.00106782 -0.0179673 0.0886185 0.00107186 -0.00234629 -0.000991683 0.00107186 0.00971542 -0.0178554 0.00106782 -0.00234629 -0.0178554 0.0880406 
0.00972006 -0.0178389 -0.00097051 0.0010381 -0.0178389 0.0880091 0.00104816 -0.00228662 -0.00097051 0.00104816 0.00963833 -0.0177522 0.0010381 -0.00228662 -0.0177522 0.0875878 
0.00978874 -0.0178786 -0.000945747 0.00102682 -0.0178786 0.0882074 0.00103645 -0.0022566 -0.000945747 0.00103645 0.00960982 -0.0177954 0.00102682 -0.0022566 -0.0177954 0.0878833 
0.00983595 -0.0179255 -0.000899335 0.000990358 -0.0179255 0.0882494 0.000999676 -0.00218267 -0.000899335 0.000999676 0.00954401 -0.0177165 0.000990358 -0.00218267 -0.0177165 0.0877592 
0.00981805 -0.0179445 -0.000863835 0.000939068 -0.0179445 0.0881476 0.00094045 -0.00206885 -0.000863835 0.00094045 0.00950833 -0.0175671 0.000939068 -0.00206885 -0.0175671 0.0872727 
0.00977722 -0.0179183 -0.000881206 0.000902252 -0.0179183 0.0880632 0.000892842 -0.00195649 -0.000881206 0.000892842 0.00952071 -0.01753 0.000902252 -0.00195649 -0.01753 0.0870154 
0.00981343 -0.0179462 -0.000893036 0.0009345 -0.0179462 0.0882855 0.000917315 -0.0019631 -0.000893036 0.000917315 0.0095356 -0.0175896 0.0009345 -0.0019631 -0.0175896 0.0871939 
0.00982342 -0.0179215 -0.000886347 0.000952312 -0.0179215 0.0881262 0.000938827 -0.00201758 -0.000886347 0.000938827 0.00950862 -0.0175643 0.000952312 -0.00201758 -0.0175643 0.0870689 
0.00984299 -0.0179659 -0.000882082 0.00095261 -0.0179659 0.0882295 0.000946009 -0.00206087 -0.000882082 0.000946009 0.00951028 -0.0175582 0.00095261 -0.00206087 -0.0175582 0.0870866 
0.00989077 -0.01811 -0.000945116 0.000954812 -0.01811 0.0888967 0.000951986 -0.00208961 -0.000945116 0.000951986 0.00958773 -0.0176775 0.000954812 -0.00208961 -0.0176775 0.0876676 
0.00980463 -0.0179878 -0.000990241 0.00101147 -0.0179878 0.0883978 0.00101391 -0.00217562 -0.000990241 0.00101391 0.00957286 -0.0175997 0.00101147 -0.00217562 -0.0175997 0.0872194 
0.00977851 -0.0179003 -0.00100015 0.00106773 -0.0179003 0.0880851 0.00106944 -0.00231159 -0.00100015 0.00106944 0.00955526 -0.0175933 0.00106773 -0.00231159 -0.0175933 0.0870559 
0.00986053 -0.0180542 -0.00097032 0.00109633 -0.0180542 0.0887907 0.00109195 -0.00241785 -0.00097032 0.00109195 0.00964051 -0.0177442 0.00109633 -0.00241785 -0.0177442 0.0878106 
0.00978799 -0.017979 -0.000926658 0.00103987 -0.017979 0.0884216 0.00103137 -0.0023435 -0.000926658 0.00103137 0.00962485 -0.0176821 0.00103987 -0.0023435 -0.0176821 0.08748 
0.0098273 -0.0180176 -0.000915049 0.000987584 -0.0180176 0.0887569 0.000980852 -0.00221349 -0.000915049 0.000980852 0.0096685 -0.0178041 0.000987584 -0.00221349 -0.0178041 0.0879731 
0.00976492 -0.0179039 -0.000933173 0.000954564 -0.0179039 0.0882021 0.000955011 -0.00209627 -0.000933173 0.000955011 0.00961794 -0.0177101 0.000954564 -0.00209627 -0.0177101 0.0875454 
0.00976239 -0.0178669 -0.000957214 0.000984564 -0.0178669 0.0880466 0.000990184 -0.00211607 -0.000957214 0.000990184 0.00961242 -0.0176952 0.000984564 -0.00211607 -0.0176952 0.0874735 
0.00976582 -0.0179367 -0.000971472 0.00102306 -0.0179367 0.0883248 0.00102884 -0.00220409 -0.000971472 0.00102884 0.00966574 -0.0177475 0.00102306 -0.00220409 -0.0177475 0.0877392 
0.00971676 -0.0178175 -0.000967244 0.00103485 -0.0178175 0.0878583 0.00103683 -0.00225362 -0.000967244 0.00103683 0.00963403 -0.0176943 0.00103485 -0.00225362 -0.0176943 0.0873734 
0.00976026 -0.0178884 -0.000960257 0.00103948 -0.0178884 0.0882275 0.00103602 -0.00227754 -0.000960257 0.00103602 0.00969676 -0.0178177 0.00103948 -0.00227754 -0.0178177 0.0879179 
0.00974384 -0.0178239 -0.00096762 0.00101502 -0.0178239 0.0878909 0.00100597 -0.00222417 -0.00096762 0.00100597 0.0096417 -0.0177647 0.00101502 -0.00222417 -0.0177647 0.0876519 
0.00983095 -0.017947 -0.000983291 0.00103314 -0.017947 0.0883857 0.00102811 -0.00223823 -0.000983291 0.00102811 0.00965105 -0.0178151 0.00103314 -0.00223823 -0.0178151 0.0880213 
0.00977031 -0.0178797 -0.000962852 0.00104208 -0.0178797 0.0879026 0.00104107 -0.00226346 -0.000962852 0.00104107 0.00956999 -0.0176355 0.00104208 -0.00226346 -0.0176355 0.0872765 
0.00982646 -0.0179587 -0.000941696 0.00104281 -0.0179587 0.0882995 0.0010363 -0.00229738 -0.000941696 0.0010363 0.00957299 -0.0176717 0.00104281 -0.00229738 -0.0176717 0.087464 
0.0099135 -0.0180577 -0.000936807 0.00102581 -0.0180577 0.0887277 0.00101565 -0.0022847 -0.000936807 0.00101565 0.00957886 -0.0177128 0.00102581 -0.0022847 -0.0177128 0.0877422 
0.00988009 -0.0180537 -0.000912189 0.00100398 -0.0180537 0.0885223 0.000999119 -0.00223294 -0.000912189 0.000999119 0.00954378 -0.0175886 0.00100398 -0.00223294 -0.0175886 0.0872579 
0.00989367 -0.0180947 -0.000902381 0.000969508 -0.0180947 0.0887859 0.000971528 -0.00216424 -0.000902381 0.000971528 0.00956173 -0.0176371 0.000969508 -0.00216424 -0.0176371 0.0874166 
0.00988786 -0.0180274 -0.000881721 0.000952193 -0.0180274 0.0885271 0.000961388 -0.00211079 -0.000881721 0.000961388 0.00951742 -0.0175962 0.000952193 -0.00211079 -0.0175962 0.0872064 
0.00994498 -0.0180591 -0.000893011 0.000939947 -0.0180591 0.0886307 0.000950148 -0.00208848 -0.000893011 0.000950148 0.00950525 -0.0176234 0.000939947 -0.00208848 -0.0176234 0.0873883 
0.00990002 -0.0180292 -0.000929785 0.000940932 -0.0180292 0.0882986 0.000950852 -0.00206716 -0.000929785 0.000950852 0.00947073 -0.0175077 0.000940932 -0.00206716 -0.0175077 0.0869484 
0.00997728 -0.0181612 -0.000985186 0.000989689 -0.0181612 0.0889776 0.000997053 -0.00213167 -0.000985186 0.000997053 0.00954509 -0.0176413 0.000989689 -0.00213167 -0.0176413 0.0875573 
0.00994785 -0.0181069 -0.000997759 0.00104202 -0.0181069 0.0886798 0.00104568 -0.00222917 -0.000997759 0.00104568 0.00951123 -0.0175742 0.00104202 -0.00222917 -0.0175742 0.087218 
0.00997632 -0.0182075 -0.000984629 0.00107151 -0.0182075 0.0891368 0.00107113 -0.00232331 -0.000984629 0.00107113 0.00958743 -0.0176505 0.00107151 -0.00232331 -0.0176505 0.0875913 
0.00995757 -0.0181746 -0.000969112 0.00105516 -0.0181746 0.0890491 0.0010484 -0.00232431 -0.000969112 0.0010484 0.00960939 -0.017668 0.00105516 -0.00232431 -0.017668 0.0875362 
0.00991866 -0.0180606 -0.000945442 0.00102201 -0.0180606 0.088524 0.00100958 -0.00224041 -0.000945442 0.00100958 0.0095508 -0.017611 0.00102201 -0.00224041 -0.017611 0.0871336 
0.00999062 -0.0181743 -0.000945053 0.00100782 -0.0181743 0.0890384 0.000991885 -0.0021897 -0.000945053 0.000991885 0.00960738 -0.0177396 0.00100782 -0.0021897 -0.0177396 0.0877735 
0.010004 -0.0182142 -0.000948824 0.00100931 -0.0182142 0.0891607 0.00099612 -0.00218108 -0.000948824 0.00099612 0.00964584 -0.017756 0.00100931 -0.00218108 -0.017756 0.0878947 
0.00996241 -0.0181128 -0.000942555 0.000997952 -0.0181128 0.0886933 0.000989383 -0.00215628 -0.000942555 0.000989383 0.00958525 -0.0177128 0.000997952 -0.00215628 -0.0177128 0.0875427 
0.0100212 -0.0182066 -0.000954457 0.00100673 -0.0182066 0.0890855 0.00100333 -0.00218582 -0.000954457 0.00100333 0.0095925 -0.0177678 0.00100673 -0.00218582 -0.0177678 0.0879136 
0.00996606 -0.0181181 -0.000929409 0.000998549 -0.0181181 0.0885726 0.00100198 -0.00217517 -0.000929409 0.00100198 0.00949828 -0.0175968 0.000998549 -0.00217517 -0.0175968 0.0872234 
0.00998595 -0.0181615 -0.000910572 0.000979683 -0.0181615 0.0887986 0.000986579 -0.00215578 -0.000910572 0.000986579 0.009504 -0.0176046 0.000979683 -0.00215578 -0.0176046 0.0873268 
0.00997544 -0.0181199 -0.000899009 0.000958194 -0.0181199 0.0886151 0.000961033 -0.00211174 -0.000899009 0.000961033 0.0094467 -0.0175381 0.000958194 -0.00211174 -0.0175381 0.0870466 
0.0100577 -0.0182803 -0.00090859 0.000965895 -0.0182803 0.0893444 0.000960933 -0.00211416 -0.00090859 0.000960933 0.00950875 -0.0176226 0.000965895 -0.00211416 -0.0176226 0.0876038 
0.010043 -0.0182524 -0.000915797 0.000980428 -0.0182524 0.0892001 0.00096789 -0.00213917 -0.000915797 0.00096789 0.00949213 -0.017564 0.000980428 -0.00213917 -0.017564 0.0873236 
0.0100072 -0.0182383 -0.0009078 0.000985947 -0.0182383 0.089105 0.000971735 -0.00215393 -0.0009078 0.000971735 0.00951012 -0.0175289 0.000985947 -0.00215393 -0.0175289 0.0871206 
0.0100071 -0.0182373 -0.000888813 0.000979936 -0.0182373 0.0892021 0.000967588 -0.00215894 -0.000888813 0.000967588 0.00954364 -0.0175963 0.000979936 -0.00215894 -0.0175963 0.0872856 
0.00997933 -0.0180923 -0.000865584 0.000953561 -0.0180923 0.0885785 0.000944729 -0.00212317 -0.000865584 0.000944729 0.00948713 -0.0175455 0.000953561 -0.00212317 -0.0175455 0.0869204 
0.0100131 -0.018158 -0.000880674 0.000921454 -0.018158 0.0887258 0.000922211 -0.00206054 -0.000880674 0.000922211 0.00948847 -0.0175734 0.000921454 -0.00206054 -0.0175734 0.0871155 
