0.00636836 0 0.000702896 0 0 0.00992243 0 0 0.000702896 0 0.00765506 0 0 0 0 0.00992243 
0.00917716 -0.0114111 0.000952605 -0.00116132 -0.0114111 0.0310303 -0.00116132 0.0022267 0.000952605 -0.00116132 0.0107806 -0.0133637 -0.00116132 0.0022267 -0.0133637 0.0347739 
0.00930465 -0.0175962 0.000792326 -0.00124643 -0.0175962 0.0654373 -0.00124643 0.00388904 0.000792326 -0.00124643 0.010649 -0.0195887 -0.00124643 0.00388904 -0.0195887 0.0716227 
0.00869072 -0.017543 0.000681082 -0.000765966 -0.017543 0.0796951 -0.000764302 0.00240382 0.000681082 -0.000764302 0.0100074 -0.0186801 -0.000765966 0.00240382 -0.0186801 0.0827652 
0.00858775 -0.0169693 0.000713129 -0.000701798 -0.0169693 0.0839894 -0.000706117 0.00167762 0.000713129 -0.000706117 0.010112 -0.0181442 -0.000701798 0.00167762 -0.0181442 0.0855623 
0.00873919 -0.0168467 0.000755456 -0.000788762 -0.0168467 0.0855689 -0.000797694 0.00175187 0.000755456 -0.000797694 0.0104124 -0.0184517 -0.000788762 0.00175187 -0.0184517 0.0879404 
0.00882028 -0.0167825 0.00076982 -0.000833102 -0.0167825 0.0855111 -0.000842065 0.00190944 0.00076982 -0.000842065 0.0104833 -0.0186248 -0.000833102 0.00190944 -0.0186248 0.0889549 
0.00887378 -0.0168062 0.00077213 -0.000838348 -0.0168062 0.0854067 -0.00084277 0.00195904 0.00077213 -0.00084277 0.0104599 -0.018639 -0.000838348 0.00195904 -0.018639 0.0893196 
0.00897073 -0.0169535 0.00077859 -0.00085337 -0.0169535 0.0858916 -0.000852337 0.0019928 0.00077859 -0.000852337 0.0104668 -0.0186622 -0.00085337 0.0019928 -0.0186622 0.0897211 
0.0090414 -0.0170903 0.000771046 -0.000866643 -0.0170903 0.0863687 -0.000864866 0.00202681 0.000771046 -0.000864866 0.0104897 -0.0186685 -0.000866643 0.00202681 -0.0186685 0.0899007 
0.00898306 -0.0170728 0.00074678 -0.000837141 -0.0170728 0.0861586 -0.000837618 0.00197586 0.00074678 -0.000837618 0.0104551 -0.0185671 -0.000837141 0.00197586 -0.0185671 0.0893992 
0.00903863 -0.0171544 0.000763374 -0.000833594 -0.0171544 0.0866999 -0.000837554 0.00198068 0.000763374 -0.000837554 0.0104888 -0.0186879 -0.000833594 0.00198068 -0.0186879 0.0898915 
0.00905322 -0.0171656 0.000784306 -0.000850103 -0.0171656 0.0867569 -0.000855923 0.00200694 0.000784306 -0.000855923 0.0104652 -0.0186783 -0.000850103 0.00200694 -0.0186783 0.0899325 
0.00907662 -0.0171733 0.0007632 -0.00086608 -0.0171733 0.0867722 -0.000871073 0.00203259 0.0007632 -0.000871073 0.0104327 -0.0186498 -0.00086608 0.00203259 -0.0186498 0.0898952 
0.00901235 -0.0170457 0.000739544 -0.00084787 -0.0170457 0.0860449 -0.000849043 0.00202629 0.000739544 -0.000849043 0.0103202 -0.0184463 -0.00084787 0.00202629 -0.0184463 0.0890235 
0.00906923 -0.0171121 0.000737096 -0.000825109 -0.0171121 0.0863411 -0.000820224 0.00197683 0.000737096 -0.000820224 0.0103245 -0.0184813 -0.000825109 0.00197683 -0.0184813 0.0892349 
0.00905775 -0.0171508 0.000731987 -0.000812718 -0.0171508 0.0864373 -0.000808717 0.00192522 0.000731987 -0.000808717 0.0103411 -0.0184609 -0.000812718 0.00192522 -0.0184609 0.089218 
0.00904843 -0.0171066 0.000734108 -0.000809073 -0.0171066 0.0863067 -0.000809665 0.00191343 0.000734108 -0.000809665 0.0103259 -0.018447 -0.000809073 0.00191343 -0.018447 0.0890776 
0.00904349 -0.0171392 0.000713215 -0.000803118 -0.0171392 0.0864515 -0.00080798 0.00189303 0.000713215 -0.00080798 0.0103691 -0.0184883 -0.000803118 0.00189303 -0.0184883 0.0892701 
0.00900476 -0.0171068 0.000697171 -0.000782533 -0.0171068 0.0863373 -0.000790456 0.00186446 0.000697171 -0.000790456 0.0103914 -0.0184773 -0.000782533 0.00186446 -0.0184773 0.0891594 
0.00906228 -0.0171388 0.000690433 -0.000775346 -0.0171388 0.0866013 -0.00078327 0.001852 0.000690433 -0.00078327 0.0104332 -0.0185825 -0.000775346 0.001852 -0.0185825 0.0895279 
0.00901458 -0.0170754 0.000662982 -0.000749742 -0.0170754 0.0861452 -0.000755868 0.00178577 0.000662982 -0.000755868 0.0103673 -0.0184852 -0.000749742 0.00178577 -0.0184852 0.0890604 
0.00900912 -0.0171385 0.000649713 -0.000708222 -0.0171385 0.0864757 -0.000715523 0.00168445 0.000649713 -0.000715523 0.010414 -0.0185474 -0.000708222 0.00168445 -0.0185474 0.0893865 
0.00898023 -0.0171289 0.000648 -0.000688016 -0.0171289 0.086606 -0.000693065 0.00159878 0.000648 -0.000693065 0.0104619 -0.0186066 -0.000688016 0.00159878 -0.0186066 0.0896323 
0.00897507 -0.0170707 0.000671245 -0.000687046 -0.0170707 0.0864945 -0.000692971 0.00156676 0.000671245 -0.000692971 0.0104601 -0.0186374 -0.000687046 0.00156676 -0.0186374 0.089714 
0.00899771 -0.0170747 0.000669459 -0.000729504 -0.0170747 0.0864797 -0.000737576 0.00164478 0.000669459 -0.000737576 0.0104409 -0.0186327 -0.000729504 0.00164478 -0.0186327 0.0897555 
0.0090361 -0.017122 0.000678292 -0.000740553 -0.017122 0.0866187 -0.000744059 0.00171063 0.000678292 -0.000744059 0.010435 -0.0186209 -0.000740553 0.00171063 -0.0186209 0.089801 
0.00895027 -0.0170266 0.000668588 -0.000741703 -0.0170266 0.0860458 -0.00073577 0.00171126 0.000668588 -0.00073577 0.0103782 -0.0184584 -0.000741703 0.00171126 -0.0184584 0.0890637 
0.00896181 -0.017008 0.000658139 -0.000735133 -0.017008 0.0860912 -0.000718223 0.00168847 0.000658139 -0.000718223 0.0104015 -0.018513 -0.000735133 0.00168847 -0.018513 0.0891891 
0.00898888 -0.0169911 0.000665539 -0.000726477 -0.0169911 0.0859647 -0.000707726 0.00166761 0.000665539 -0.000707726 0.0103745 -0.0185045 -0.000726477 0.00166761 -0.0185045 0.089124 
0.00901813 -0.0170843 0.000678159 -0.000731271 -0.0170843 0.0862373 -0.000719999 0.00167195 0.000678159 -0.000719999 0.0103884 -0.0185133 -0.000731271 0.00167195 -0.0185133 0.0892609 
0.00906989 -0.0171232 0.00070192 -0.000744778 -0.0171232 0.0864204 -0.000741936 0.00170706 0.00070192 -0.000741936 0.0103596 -0.0185199 -0.000744778 0.00170706 -0.0185199 0.0893024 
0.00908485 -0.0171913 0.000733513 -0.000770525 -0.0171913 0.0866091 -0.000774561 0.00176908 0.000733513 -0.000774561 0.0103551 -0.0184794 -0.000770525 0.00176908 -0.0184794 0.0892589 
0.00905038 -0.0171344 0.000741985 -0.000805083 -0.0171344 0.086368 -0.000808936 0.0018458 0.000741985 -0.000808936 0.0103207 -0.0184105 -0.000805083 0.0018458 -0.0184105 0.0889094 
0.00902286 -0.0170944 0.000726249 -0.00080835 -0.0170944 0.0862406 -0.000802447 0.00185954 0.000726249 -0.000802447 0.0103367 -0.0184156 -0.00080835 0.00185954 -0.0184156 0.0888851 
0.00904113 -0.0171291 0.000726408 -0.000806603 -0.0171291 0.0864731 -0.000791359 0.00186651 0.000726408 -0.000791359 0.0104079 -0.018512 -0.000806603 0.00186651 -0.018512 0.0892726 
0.00906043 -0.0171617 0.000728162 -0.000797203 -0.0171617 0.0866688 -0.000780732 0.00183758 0.000728162 -0.000780732 0.0104651 -0.0186121 -0.000797203 0.00183758 -0.0186121 0.089645 
0.0090983 -0.0171283 0.000722423 -0.000805882 -0.0171283 0.0864746 -0.000793171 0.00185524 0.000722423 -0.000793171 0.0104046 -0.0185972 -0.000805882 0.00185524 -0.0185972 0.0895218 
0.00919236 -0.0172605 0.000719019 -0.000799043 -0.0172605 0.0868765 -0.000791691 0.00186257 0.000719019 -0.000791691 0.0103798 -0.0186142 -0.000799043 0.00186257 -0.0186142 0.0897718 
0.00915671 -0.0172455 0.000712928 -0.000789982 -0.0172455 0.0865666 -0.000782354 0.00184717 0.000712928 -0.000782354 0.010294 -0.018426 -0.000789982 0.00184717 -0.018426 0.0890784 
0.00919508 -0.0173355 0.000726591 -0.000791352 -0.0173355 0.0870155 -0.00077882 0.00184452 0.000726591 -0.00077882 0.0103085 -0.0184582 -0.000791352 0.00184452 -0.0184582 0.0892678 
0.00922542 -0.0173421 0.000722954 -0.000806208 -0.0173421 0.08711 -0.000797398 0.00187043 0.000722954 -0.000797398 0.010307 -0.0184631 -0.000806208 0.00187043 -0.0184631 0.0893027 
0.00922005 -0.0173266 0.000707304 -0.000790531 -0.0173266 0.0869483 -0.000787649 0.00185774 0.000707304 -0.000787649 0.0102878 -0.018411 -0.000790531 0.00185774 -0.018411 0.0890775 
0.009213 -0.0173691 0.000708397 -0.000765645 -0.0173691 0.0870963 -0.000769122 0.0018106 0.000708397 -0.000769122 0.0103109 -0.0184267 -0.000765645 0.0018106 -0.0184267 0.0891449 
0.00922184 -0.0173607 0.000731733 -0.000767571 -0.0173607 0.0871406 -0.000780683 0.00180604 0.000731733 -0.000780683 0.0103127 -0.0184509 -0.000767571 0.00180604 -0.0184509 0.0892023 
0.00923629 -0.0173901 0.000745974 -0.000792802 -0.0173901 0.0872721 -0.000809643 0.00184719 0.000745974 -0.000809643 0.010316 -0.0184777 -0.000792802 0.00184719 -0.0184777 0.0893525 
0.00916596 -0.0173742 0.000744909 -0.0008122 -0.0173742 0.0872037 -0.000824575 0.00189607 0.000744909 -0.000824575 0.0103536 -0.0184506 -0.0008122 0.00189607 -0.0184506 0.0892754 
0.00910236 -0.0173225 0.000744265 -0.000821829 -0.0173225 0.0872213 -0.000825769 0.00193053 0.000744265 -0.000825769 0.0104331 -0.0185366 -0.000821829 0.00193053 -0.0185366 0.0895035 
0.00905182 -0.017192 0.000719334 -0.00082318 -0.017192 0.0868572 -0.000818851 0.0019348 0.000719334 -0.000818851 0.0104576 -0.0185943 -0.00082318 0.0019348 -0.0185943 0.0895649 
0.00902873 -0.0170998 0.000714716 -0.000801576 -0.0170998 0.0864594 -0.00079639 0.0019143 0.000714716 -0.00079639 0.0104324 -0.018598 -0.000801576 0.0019143 -0.018598 0.0895089 
0.0090879 -0.017153 0.000709042 -0.000791112 -0.017153 0.0866753 -0.000786453 0.00187707 0.000709042 -0.000786453 0.0104684 -0.0186704 -0.000791112 0.00187707 -0.0186704 0.0899023 
0.00906546 -0.0171527 0.000708786 -0.000767613 -0.0171527 0.0864988 -0.000769172 0.00181864 0.000708786 -0.000769172 0.010435 -0.0186027 -0.000767613 0.00181864 -0.0186027 0.0896294 
0.00912588 -0.0171561 0.000701584 -0.000766816 -0.0171561 0.0865445 -0.000773354 0.00179562 0.000701584 -0.000773354 0.0103954 -0.0186149 -0.000766816 0.00179562 -0.0186149 0.0896619 
0.00919379 -0.0172229 0.0006988 -0.000762856 -0.0172229 0.0866453 -0.000771757 0.00179368 0.0006988 -0.000771757 0.0103624 -0.0185735 -0.000762856 0.00179368 -0.0185735 0.0896174 
0.00921869 -0.0173324 0.000709631 -0.000757246 -0.0173324 0.0869333 -0.000763636 0.00177732 0.000709631 -0.000763636 0.0103712 -0.0185433 -0.000757246 0.00177732 -0.0185433 0.0895861 
0.00923352 -0.0174097 0.000714165 -0.000777872 -0.0174097 0.0873058 -0.000779805 0.00180408 0.000714165 -0.000779805 0.0104017 -0.0185798 -0.000777872 0.00180408 -0.0185798 0.0897306 
0.00921385 -0.0173065 0.000724636 -0.000767765 -0.0173065 0.0868717 -0.000763026 0.00177785 0.000724636 -0.000763026 0.0102893 -0.018484 -0.000767765 0.00177785 -0.018484 0.0892283 
0.00927897 -0.0174459 0.000739733 -0.000792907 -0.0174459 0.0874556 -0.000783977 0.00180865 0.000739733 -0.000783977 0.0103284 -0.0185272 -0.000792907 0.00180865 -0.0185272 0.0896607 
0.00922655 -0.0173456 0.000731951 -0.000822916 -0.0173456 0.0869046 -0.000805442 0.00187905 0.000731951 -0.000805442 0.0102359 -0.0183416 -0.000822916 0.00187905 -0.0183416 0.0888385 
0.00926036 -0.0174282 0.000751531 -0.000826725 -0.0174282 0.0872819 -0.000802778 0.00192014 0.000751531 -0.000802778 0.0102539 -0.0183774 -0.000826725 0.00192014 -0.0183774 0.089031 
0.00924436 -0.017427 0.000789902 -0.00084901 -0.017427 0.087309 -0.000830094 0.00197469 0.000789902 -0.000830094 0.0102484 -0.0183541 -0.00084901 0.00197469 -0.0183541 0.088948 
0.00919029 -0.017388 0.000790805 -0.000888486 -0.017388 0.0872225 -0.000880149 0.00206692 0.000790805 -0.000880149 0.0102745 -0.0183461 -0.000888486 0.00206692 -0.0183461 0.088892 
0.00916396 -0.0172846 0.000779197 -0.000886528 -0.0172846 0.0869454 -0.00088798 0.00211729 0.000779197 -0.00088798 0.0102608 -0.0183815 -0.000886528 0.00211729 -0.0183815 0.0889054 
0.00914912 -0.0172226 0.00075574 -0.000867351 -0.0172226 0.0866691 -0.000877793 0.00210722 0.00075574 -0.000877793 0.0102544 -0.0183781 -0.000867351 0.00210722 -0.0183781 0.0889212 
0.00919788 -0.0171925 0.000739551 -0.000829489 -0.0171925 0.086483 -0.000844104 0.00203436 0.000739551 -0.000844104 0.01019 -0.0183661 -0.000829489 0.00203436 -0.0183661 0.0888849 
0.00926048 -0.0172271 0.000722421 -0.000798039 -0.0172271 0.0863875 -0.000807769 0.0019296 0.000722421 -0.000807769 0.0101008 -0.0182764 -0.000798039 0.0019296 -0.0182764 0.0886774 
0.00932931 -0.0173225 0.000682626 -0.000778795 -0.0173225 0.0865826 -0.000784608 0.00185292 0.000682626 -0.000784608 0.0100488 -0.0182026 -0.000778795 0.00185292 -0.0182026 0.0885572 
0.00939266 -0.0175428 0.000671704 -0.000736836 -0.0175428 0.0874538 -0.000741396 0.00176683 0.000671704 -0.000741396 0.0101283 -0.0182578 -0.000736836 0.00176683 -0.0182578 0.0890034 
0.00929771 -0.0174554 0.000669129 -0.000715499 -0.0174554 0.0870946 -0.000720633 0.00168579 0.000669129 -0.000720633 0.0100935 -0.0181428 -0.000715499 0.00168579 -0.0181428 0.0883724 
0.00930482 -0.0174545 0.000676833 -0.000719455 -0.0174545 0.0873155 -0.000724942 0.00166975 0.000676833 -0.000724942 0.0101434 -0.0182337 -0.000719455 0.00166975 -0.0182337 0.0886677 
0.00931884 -0.0174513 0.000679759 -0.000725505 -0.0174513 0.0873671 -0.000734561 0.00167835 0.000679759 -0.000734561 0.0101525 -0.0182857 -0.000725505 0.00167835 -0.0182857 0.088862 
0.00928899 -0.0174025 0.000693084 -0.000747688 -0.0174025 0.0870951 -0.000755347 0.00174466 0.000693084 -0.000755347 0.0101437 -0.0182237 -0.000747688 0.00174466 -0.0182237 0.0886157 
0.00922842 -0.0173595 0.000691598 -0.000769495 -0.0173595 0.0868843 -0.000768546 0.00179875 0.000691598 -0.000768546 0.0101735 -0.0182058 -0.000769495 0.00179875 -0.0182058 0.0884393 
0.00918319 -0.0173177 0.000697498 -0.000778326 -0.0173177 0.0868055 -0.000769291 0.00183578 0.000697498 -0.000769291 0.0102112 -0.0182562 -0.000778326 0.00183578 -0.0182562 0.0884965 
0.00918659 -0.01736 0.000698861 -0.000790219 -0.01736 0.0871661 -0.00078247 0.00187347 0.000698861 -0.00078247 0.0103093 -0.0184082 -0.000790219 0.00187347 -0.0184082 0.0891031 
0.00911853 -0.0172996 0.000675249 -0.000768333 -0.0172996 0.0870137 -0.00076468 0.00183131 0.000675249 -0.00076468 0.0103602 -0.0184604 -0.000768333 0.00183131 -0.0184604 0.0892306 
0.00904415 -0.0172031 0.000644818 -0.000736505 -0.0172031 0.0867601 -0.000736807 0.00176259 0.000644818 -0.000736807 0.0104127 -0.0185164 -0.000736505 0.00176259 -0.0185164 0.0893387 
0.00894737 -0.0170395 0.000647386 -0.000686728 -0.0170395 0.0861602 -0.000692728 0.00164847 0.000647386 -0.000692728 0.0104066 -0.0185204 -0.000686728 0.00164847 -0.0185204 0.0891742 
0.00898239 -0.0170657 0.000684759 -0.000699696 -0.0170657 0.0864601 -0.000708498 0.00162939 0.000684759 -0.000708498 0.0104754 -0.0186853 -0.000699696 0.00162939 -0.0186853 0.0898923 
0.00902506 -0.017054 0.000714247 -0.000755399 -0.017054 0.08639 -0.000764945 0.00173259 0.000714247 -0.000764945 0.0104407 -0.0186912 -0.000755399 0.00173259 -0.0186912 0.0899864 
0.00907487 -0.0171155 0.000734754 -0.000802332 -0.0171155 0.0865147 -0.000806411 0.00186328 0.000734754 -0.000806411 0.0104132 -0.0186671 -0.000802332 0.00186328 -0.0186671 0.0900372 
0.00907 -0.0171266 0.00073281 -0.000834978 -0.0171266 0.0863958 -0.000835204 0.00197105 0.00073281 -0.000835204 0.0103746 -0.0185512 -0.000834978 0.00197105 -0.0185512 0.0896301 
0.0090654 -0.0170765 0.000693981 -0.000816361 -0.0170765 0.0861046 -0.000814602 0.00196051 0.000693981 -0.000814602 0.0103075 -0.018453 -0.000816361 0.00196051 -0.018453 0.0891319 
0.00905387 -0.0171277 0.000655793 -0.000763529 -0.0171277 0.086215 -0.000760038 0.00185664 0.000655793 -0.000760038 0.0103058 -0.0184116 -0.000763529 0.00185664 -0.0184116 0.0890055 
0.00905938 -0.0171819 0.000650666 -0.000712457 -0.0171819 0.0865716 -0.000706952 0.00171541 0.000650666 -0.000706952 0.0103478 -0.0184732 -0.000712457 0.00171541 -0.0184732 0.0892599 
0.00907587 -0.017166 0.000641604 -0.000702745 -0.017166 0.0866191 -0.000696875 0.00163537 0.000641604 -0.000696875 0.0103414 -0.0184986 -0.000702745 0.00163537 -0.0184986 0.0893404 
0.00911512 -0.0172036 0.000668744 -0.000710048 -0.0172036 0.0867654 -0.000701852 0.00164365 0.000668744 -0.000701852 0.0103249 -0.0185108 -0.000710048 0.00164365 -0.0185108 0.0894732 
0.00916929 -0.017217 0.000694706 -0.000750325 -0.017217 0.0867854 -0.000735003 0.00170964 0.000694706 -0.000735003 0.0102825 -0.0184948 -0.000750325 0.00170964 -0.0184948 0.0894837 
0.00921322 -0.0172469 0.00072199 -0.000776136 -0.0172469 0.0867498 -0.0007603 0.00177854 0.00072199 -0.0007603 0.0102311 -0.0184308 -0.000776136 0.00177854 -0.0184308 0.0893267 
0.00927018 -0.0173592 0.000734501 -0.00079693 -0.0173592 0.0870926 -0.000789 0.00183145 0.000734501 -0.000789 0.0102224 -0.0184107 -0.00079693 0.00183145 -0.0184107 0.0893873 
0.00918943 -0.0172829 0.000712429 -0.00079883 -0.0172829 0.0866192 -0.000802333 0.00185978 0.000712429 -0.000802333 0.0101717 -0.0182453 -0.00079883 0.00185978 -0.0182453 0.0886471 
0.00919259 -0.0173093 0.000689433 -0.00077814 -0.0173093 0.0868748 -0.000786881 0.0018495 0.000689433 -0.000786881 0.0102203 -0.0183238 -0.00077814 0.0018495 -0.0183238 0.0888963 
0.00920164 -0.0173574 0.000681074 -0.000754845 -0.0173574 0.0871981 -0.000762228 0.00180563 0.000681074 -0.000762228 0.0103071 -0.018421 -0.000754845 0.00180563 -0.018421 0.0893085 
0.00916113 -0.0172258 0.00067142 -0.000735085 -0.0172258 0.0866386 -0.000739899 0.00174265 0.00067142 -0.000739899 0.0102649 -0.0183707 -0.000735085 0.00174265 -0.0183707 0.0889025 
0.00923799 -0.0173232 0.000696276 -0.000747903 -0.0173232 0.0870226 -0.000746677 0.00175857 0.000696276 -0.000746677 0.0102971 -0.0184609 -0.000747903 0.00175857 -0.0184609 0.089331 
0.00917411 -0.0172792 0.000711283 -0.000763367 -0.0172792 0.0866417 -0.000758292 0.00177315 0.000711283 -0.000758292 0.010246 -0.018344 -0.000763367 0.00177315 -0.018344 0.0888191 
0.00916145 -0.0172894 0.00072268 -0.000788661 -0.0172894 0.0868004 -0.000784973 0.00183058 0.00072268 -0.000784973 0.0102781 -0.0183889 -0.000788661 0.00183058 -0.0183889 0.0889836 
0.00920092 -0.0172884 0.000738791 -0.000812212 -0.0172884 0.0869251 -0.000814656 0.00191168 0.000738791 -0.000814656 0.0102997 -0.0184635 -0.000812212 0.00191168 -0.0184635 0.0892705 
0.00922207 -0.0173252 0.000745839 -0.000813035 -0.0173252 0.0870119 -0.000815191 0.001921 0.000745839 -0.000815191 0.0103187 -0.0184911 -0.000813035 0.001921 -0.0184911 0.0894392 
0.00922435 -0.0173905 0.000752694 -0.000820339 -0.0173905 0.0872683 -0.000818965 0.00192677 0.000752694 -0.000818965 0.0103664 -0.0185301 -0.000820339 0.00192677 -0.0185301 0.0896434 
0.0091935 -0.0173254 0.000742453 -0.000829874 -0.0173254 0.0870093 -0.000823942 0.00194 0.000742453 -0.000823942 0.0103346 -0.0184845 -0.000829874 0.00194 -0.0184845 0.0893481 
0.00918548 -0.0173028 0.000723038 -0.000816593 -0.0173028 0.0869043 -0.00081011 0.00192357 0.000723038 -0.00081011 0.0103282 -0.0184619 -0.000816593 0.00192357 -0.0184619 0.0892352 
0.00922683 -0.0173587 0.000726039 -0.000796151 -0.0173587 0.0871675 -0.000795905 0.00189454 0.000726039 -0.000795905 0.0103484 -0.0185141 -0.000796151 0.00189454 -0.0185141 0.0894671 
0.00922067 -0.0173443 0.000734169 -0.000795869 -0.0173443 0.0870321 -0.000801916 0.00188546 0.000734169 -0.000801916 0.0103261 -0.0184616 -0.000795869 0.00188546 -0.0184616 0.0892437 
0.0092388 -0.0173268 0.000750049 -0.000804909 -0.0173268 0.0869281 -0.000808008 0.0018947 0.000750049 -0.000808008 0.0102858 -0.0184415 -0.000804909 0.0018947 -0.0184415 0.0891171 
0.00933587 -0.0174488 0.000780418 -0.000837103 -0.0174488 0.0874143 -0.000831801 0.00195255 0.000780418 -0.000831801 0.0102915 -0.0185004 -0.000837103 0.00195255 -0.0185004 0.0895078 
0.00930656 -0.0173792 0.000773703 -0.000868552 -0.0173792 0.0868883 -0.000856754 0.00201604 0.000773703 -0.000856754 0.0101743 -0.0183173 -0.000868552 0.00201604 -0.0183173 0.0887629 
0.00932497 -0.0174469 0.000764915 -0.000861598 -0.0174469 0.0871538 -0.000851946 0.00203711 0.000764915 -0.000851946 0.0101988 -0.0183287 -0.000861598 0.00203711 -0.0183287 0.0889053 
0.00930431 -0.0174464 0.000727013 -0.000851095 -0.0174464 0.0871879 -0.000848646 0.00203519 0.000727013 -0.000848646 0.0102395 -0.0183399 -0.000851095 0.00203519 -0.0183399 0.0889269 
0.00927097 -0.0174082 0.000714103 -0.00079411 -0.0174082 0.0870688 -0.000795726 0.00193915 0.000714103 -0.000795726 0.0102574 -0.0183562 -0.00079411 0.00193915 -0.0183562 0.0888833 
0.00928871 -0.0173904 0.000748679 -0.00077597 -0.0173904 0.0870322 -0.000773923 0.00185134 0.000748679 -0.000773923 0.0102377 -0.0183735 -0.00077597 0.00185134 -0.0183735 0.0889065 
0.00932319 -0.0174095 0.000769829 -0.0008201 -0.0174095 0.0870416 -0.000814744 0.00188711 0.000769829 -0.000814744 0.0102107 -0.0183526 -0.0008201 0.00188711 -0.0183526 0.0888819 
0.00935896 -0.0175245 0.00076165 -0.000844897 -0.0175245 0.0874753 -0.000843494 0.00195667 0.00076165 -0.000843494 0.0102344 -0.018388 -0.000844897 0.00195667 -0.018388 0.0891473 
0.0093492 -0.0175032 0.00075764 -0.000849109 -0.0175032 0.087414 -0.000854173 0.00202036 0.00075764 -0.000854173 0.0102224 -0.0183444 -0.000849109 0.00202036 -0.0183444 0.0889637 
0.00934432 -0.0174472 0.000768567 -0.000841129 -0.0174472 0.0871768 -0.000845193 0.00202377 0.000768567 -0.000845193 0.0101878 -0.0183161 -0.000841129 0.00202377 -0.0183161 0.088773 
0.00936223 -0.0175519 0.000782374 -0.000858333 -0.0175519 0.0875905 -0.00085403 0.0020398 0.000782374 -0.00085403 0.0102521 -0.0183734 -0.000858333 0.0020398 -0.0183734 0.0891273 
0.00933018 -0.0174927 0.000774271 -0.000874489 -0.0174927 0.0874073 -0.000861269 0.00206305 0.000774271 -0.000861269 0.0102418 -0.0183649 -0.000874489 0.00206305 -0.0183649 0.088986 
0.00935856 -0.0174989 0.000763977 -0.000866668 -0.0174989 0.087497 -0.000850256 0.00205958 0.000763977 -0.000850256 0.0102318 -0.018414 -0.000866668 0.00205958 -0.018414 0.0891913 
0.00931143 -0.0174059 0.000743009 -0.000854914 -0.0174059 0.0869694 -0.000839337 0.00204019 0.000743009 -0.000839337 0.0101584 -0.0182816 -0.000854914 0.00204019 -0.0182816 0.0886658 
0.00928275 -0.0174116 0.000743603 -0.000832632 -0.0174116 0.0869551 -0.000819244 0.00200406 0.000743603 -0.000819244 0.0101608 -0.0182452 -0.000832632 0.00200406 -0.0182452 0.0885598 
0.00933836 -0.0175197 0.000767215 -0.000830712 -0.0175197 0.087603 -0.000823539 0.00198566 0.000767215 -0.000823539 0.0102398 -0.01839 -0.000830712 0.00198566 -0.01839 0.0892201 
0.00938599 -0.0174788 0.000777556 -0.000842359 -0.0174788 0.0874598 -0.000840089 0.00198462 0.000777556 -0.000840089 0.0101646 -0.0183737 -0.000842359 0.00198462 -0.0183737 0.0891363 
0.00941866 -0.0175274 0.000787593 -0.000857881 -0.0175274 0.0874702 -0.000860536 0.00202522 0.000787593 -0.000860536 0.010128 -0.0182998 -0.000857881 0.00202522 -0.0182998 0.0890167 
0.00942007 -0.0175063 0.00077695 -0.000876961 -0.0175063 0.0872556 -0.000880734 0.00208155 0.00077695 -0.000880734 0.0100653 -0.0181984 -0.000876961 0.00208155 -0.0181984 0.0886004 
0.00949522 -0.0176264 0.000774382 -0.000872083 -0.0176264 0.0877331 -0.000874872 0.00210444 0.000774382 -0.000874872 0.0100796 -0.0182371 -0.000872083 0.00210444 -0.0182371 0.0888708 
0.00948968 -0.0176515 0.000778249 -0.000856374 -0.0176515 0.0877648 -0.000858183 0.00207015 0.000778249 -0.000858183 0.0100703 -0.0181885 -0.000856374 0.00207015 -0.0181885 0.0887064 
0.00944197 -0.0176539 0.000770049 -0.000865981 -0.0176539 0.0878045 -0.000871289 0.00207943 0.000770049 -0.000871289 0.0101183 -0.018181 -0.000865981 0.00207943 -0.018181 0.0886426 
0.00936249 -0.0175241 0.000766083 -0.000849942 -0.0175241 0.0873887 -0.000860056 0.00206423 0.000766083 -0.000860056 0.0101376 -0.0181879 -0.000849942 0.00206423 -0.0181879 0.0884395 
0.00930006 -0.0174853 0.000756735 -0.000846802 -0.0174853 0.0873115 -0.000861155 0.00205792 0.000756735 -0.000861155 0.0101893 -0.0182541 -0.000846802 0.00205792 -0.0182541 0.0886177 
0.00927663 -0.0174041 0.000722486 -0.000820575 -0.0174041 0.0871487 -0.000831803 0.00199 0.000722486 -0.000831803 0.0101929 -0.0183205 -0.000820575 0.00199 -0.0183205 0.0887973 
0.00922341 -0.0173264 0.000723165 -0.000787911 -0.0173264 0.0867761 -0.000792992 0.00191377 0.000723165 -0.000792992 0.0101746 -0.018258 -0.000787911 0.00191377 -0.018258 0.0885734 
0.00927565 -0.0173997 0.000711599 -0.000790854 -0.0173997 0.0872301 -0.000790167 0.00187467 0.000711599 -0.000790167 0.0102345 -0.0183903 -0.000790854 0.00187467 -0.0183903 0.0891692 
0.00920961 -0.0173334 0.000699743 -0.000774467 -0.0173334 0.08689 -0.000771092 0.00183546 0.000699743 -0.000771092 0.0102288 -0.0183257 -0.000774467 0.00183546 -0.0183257 0.0888874 
0.00924601 -0.0172269 0.000698337 -0.000765115 -0.0172269 0.0864954 -0.000760004 0.00180595 0.000698337 -0.000760004 0.0101427 -0.0183036 -0.000765115 0.00180595 -0.0183036 0.0886501 
0.00938729 -0.0174111 0.000689229 -0.000774617 -0.0174111 0.0871058 -0.000771329 0.00182286 0.000689229 -0.000771329 0.010155 -0.0183739 -0.000774617 0.00182286 -0.0183739 0.0892031 
0.00939455 -0.0175035 0.000658802 -0.000757873 -0.0175035 0.0872482 -0.000760382 0.00181155 0.000658802 -0.000760382 0.0101591 -0.0182951 -0.000757873 0.00181155 -0.0182951 0.0890088 
0.00935642 -0.0175409 0.000637159 -0.000716467 -0.0175409 0.0874497 -0.000722076 0.00174208 0.000637159 -0.000722076 0.0101993 -0.0183192 -0.000716467 0.00174208 -0.0183192 0.0890287 
0.0093905 -0.0175275 0.00063556 -0.000690979 -0.0175275 0.0876095 -0.000696537 0.00166981 0.00063556 -0.000696537 0.0101924 -0.0184064 -0.000690979 0.00166981 -0.0184064 0.0893031 
0.00932836 -0.0174629 0.000633762 -0.000686668 -0.0174629 0.0872006 -0.00069398 0.00163578 0.000633762 -0.00069398 0.0101391 -0.0182843 -0.000686668 0.00163578 -0.0182843 0.0888745 
0.0093556 -0.0174925 0.000667482 -0.000692547 -0.0174925 0.0874126 -0.000703819 0.00164953 0.000667482 -0.000703819 0.0101382 -0.0183039 -0.000692547 0.00164953 -0.0183039 0.089011 
0.00933919 -0.0174615 0.000676888 -0.000720111 -0.0174615 0.0872738 -0.000726262 0.00167302 0.000676888 -0.000726262 0.0101241 -0.0182648 -0.000720111 0.00167302 -0.0182648 0.0888691 
0.00929775 -0.0174172 0.000678171 -0.000745248 -0.0174172 0.0870383 -0.000743529 0.00173149 0.000678171 -0.000743529 0.0101264 -0.0181945 -0.000745248 0.00173149 -0.0181945 0.0885503 
0.00929406 -0.0173924 0.00067821 -0.000753658 -0.0173924 0.0869749 -0.000750091 0.00177424 0.00067821 -0.000750091 0.0101431 -0.018218 -0.000753658 0.00177424 -0.018218 0.0885168 
0.00928985 -0.0173857 0.000690789 -0.000748951 -0.0173857 0.0869181 -0.000744279 0.00177206 0.000690789 -0.000744279 0.0101532 -0.0182338 -0.000748951 0.00177206 -0.0182338 0.0885191 
0.00932015 -0.0173892 0.00072302 -0.00077432 -0.0173892 0.0869317 -0.000766749 0.00181692 0.00072302 -0.000766749 0.0101331 -0.0182605 -0.00077432 0.00181692 -0.0182605 0.0885908 
0.00933942 -0.0174603 0.000749379 -0.000801816 -0.0174603 0.0871709 -0.00079474 0.00186464 0.000749379 -0.00079474 0.0101533 -0.0182811 -0.000801816 0.00186464 -0.0182811 0.0887845 
0.00936009 -0.0174981 0.000755553 -0.000837061 -0.0174981 0.0873789 -0.00083542 0.00195437 0.000755553 -0.00083542 0.0101706 -0.0183109 -0.000837061 0.00195437 -0.0183109 0.0889364 
0.0093665 -0.0175353 0.000724181 -0.000834858 -0.0175353 0.0875768 -0.000839036 0.00198514 0.000724181 -0.000839036 0.0102064 -0.0183554 -0.000834858 0.00198514 -0.0183554 0.0891466 
0.00931744 -0.0174105 0.000702153 -0.000781072 -0.0174105 0.0870053 -0.00078989 0.00189958 0.000702153 -0.00078989 0.0101314 -0.0182486 -0.000781072 0.00189958 -0.0182486 0.0885938 
0.0093261 -0.0174694 0.00069722 -0.000763862 -0.0174694 0.0872233 -0.000770633 0.00183275 0.00069722 -0.000770633 0.0101735 -0.0182639 -0.000763862 0.00183275 -0.0182639 0.0887356 
