0.00681216 0 -0.000552023 0 0 0.0099836 0 0 -0.000552023 0 0.0076016 0 0 0 0 0.0099836 
0.00962796 -0.0119686 -0.000740816 0.000900117 -0.0119686 0.0321209 0.000900117 -0.00172616 -0.000740816 0.000900117 0.0108073 -0.0134002 0.000900117 -0.00172616 -0.0134002 0.0348663 
0.00957751 -0.0181027 -0.000619784 0.000907116 -0.0181027 0.0670043 0.000907116 -0.00281474 -0.000619784 0.000907116 0.0106281 -0.0196716 0.000907116 -0.00281474 -0.0196716 0.0718856 
0.00910358 -0.0179422 -0.000559812 0.000576305 -0.0179422 0.0810831 0.000585522 -0.00169847 -0.000559812 0.000585522 0.0100204 -0.0190264 0.000576305 -0.00169847 -0.0190264 0.0845778 
0.00906455 -0.017242 -0.000606821 0.000552885 -0.017242 0.0840127 0.000564666 -0.00122264 -0.000606821 0.000564666 0.00994619 -0.0182936 0.000552885 -0.00122264 -0.0182936 0.087151 
0.00923345 -0.0172626 -0.000651213 0.000660616 -0.0172626 0.0855389 0.000657251 -0.00137284 -0.000651213 0.000657251 0.0101364 -0.0182901 0.000660616 -0.00137284 -0.0182901 0.0885808 
0.0093526 -0.0174001 -0.000634485 0.000729092 -0.0174001 0.0864933 0.000717202 -0.00159738 -0.000634485 0.000717202 0.0102712 -0.0184442 0.000729092 -0.00159738 -0.0184442 0.0894304 
0.00938691 -0.0173577 -0.000601052 0.000701116 -0.0173577 0.086395 0.00069542 -0.00164672 -0.000601052 0.00069542 0.0102404 -0.0184287 0.000701116 -0.00164672 -0.0184287 0.089291 
0.00946879 -0.0175143 -0.000594514 0.000643934 -0.0175143 0.0870237 0.000647911 -0.00154754 -0.000594514 0.000647911 0.0102898 -0.0185129 0.000643934 -0.00154754 -0.0185129 0.0897794 
0.0094733 -0.0175484 -0.000582693 0.000618739 -0.0175484 0.0871439 0.00062122 -0.00143425 -0.000582693 0.00062122 0.0102849 -0.0185166 0.000618739 -0.00143425 -0.0185166 0.0897872 
0.00944565 -0.0175194 -0.000560543 0.000612996 -0.0175194 0.0870021 0.000610114 -0.00138495 -0.000560543 0.000610114 0.0102886 -0.0184654 0.000612996 -0.00138495 -0.0184654 0.089561 
0.00940484 -0.017465 -0.000536802 0.000588484 -0.017465 0.0867585 0.000585664 -0.0013318 -0.000536802 0.000585664 0.0102898 -0.0184459 0.000588484 -0.0013318 -0.0184459 0.0893429 
0.00944198 -0.0175732 -0.000514184 0.000565016 -0.0175732 0.0873618 0.000566285 -0.00128364 -0.000514184 0.000566285 0.0103816 -0.0186364 0.000565016 -0.00128364 -0.0186364 0.0901388 
0.00942025 -0.0175312 -0.000512662 0.00053399 -0.0175312 0.087255 0.000544352 -0.00122808 -0.000512662 0.000544352 0.0103674 -0.0186418 0.00053399 -0.00122808 -0.0186418 0.0901667 
0.00938485 -0.01749 -0.000500258 0.000537284 -0.01749 0.0870997 0.000546073 -0.00121605 -0.000500258 0.000546073 0.0103525 -0.0186136 0.000537284 -0.00121605 -0.0186136 0.0900889 
0.00935748 -0.0174855 -0.000493543 0.000530088 -0.0174855 0.0871012 0.000528111 -0.00119952 -0.000493543 0.000528111 0.0103653 -0.0185775 0.000530088 -0.00119952 -0.0185775 0.0899877 
0.00934052 -0.0173834 -0.000540539 0.00053832 -0.0173834 0.0867424 0.000531229 -0.00122049 -0.000540539 0.000531229 0.010318 -0.018547 0.00053832 -0.00122049 -0.018547 0.0897189 
0.00933181 -0.0173586 -0.000563846 0.000581422 -0.0173586 0.0865306 0.000578599 -0.00128545 -0.000563846 0.000578599 0.0102852 -0.0184899 0.000581422 -0.00128545 -0.0184899 0.0895078 
0.00935919 -0.0174348 -0.00057236 0.00062935 -0.0174348 0.0868918 0.000632352 -0.00142641 -0.00057236 0.000632352 0.0103352 -0.0185741 0.00062935 -0.00142641 -0.0185741 0.0899145 
0.00931473 -0.0173557 -0.000560979 0.000629316 -0.0173557 0.0865218 0.000637567 -0.00148042 -0.000560979 0.000637567 0.0102936 -0.0184922 0.000629316 -0.00148042 -0.0184922 0.0895199 
0.00931344 -0.0173292 -0.000548843 0.000618739 -0.0173292 0.0864273 0.000627134 -0.00148198 -0.000548843 0.000627134 0.0102579 -0.0184928 0.000618739 -0.00148198 -0.0184928 0.0894935 
0.00940398 -0.0174399 -0.00053794 0.00060542 -0.0174399 0.0869182 0.000609277 -0.00145053 -0.00053794 0.000609277 0.010279 -0.0185499 0.00060542 -0.00145053 -0.0185499 0.0899125 
0.00945899 -0.0175043 -0.000539929 0.000586762 -0.0175043 0.0870679 0.000584879 -0.00139233 -0.000539929 0.000584879 0.0102407 -0.0185085 0.000586762 -0.00139233 -0.0185085 0.0898301 
0.00942915 -0.0174955 -0.000528729 0.000582855 -0.0174955 0.0868449 0.000580774 -0.00135674 -0.000528729 0.000580774 0.0101677 -0.0183618 0.000582855 -0.00135674 -0.0183618 0.0892489 
0.00939411 -0.017533 -0.000530703 0.000568484 -0.017533 0.0870019 0.000565624 -0.00132281 -0.000530703 0.000565624 0.0101649 -0.0183022 0.000568484 -0.00132281 -0.0183022 0.0890467 
0.0094226 -0.0175724 -0.00054965 0.000583306 -0.0175724 0.0874165 0.000575452 -0.00133564 -0.00054965 0.000575452 0.010199 -0.018393 0.000583306 -0.00133564 -0.018393 0.0894154 
0.00940936 -0.0175648 -0.000558691 0.000605358 -0.0175648 0.0874576 0.000594808 -0.00137324 -0.000558691 0.000594808 0.0102066 -0.0184085 0.000605358 -0.00137324 -0.0184085 0.089517 
0.00931605 -0.0173875 -0.000541969 0.000609163 -0.0173875 0.0867113 0.000602017 -0.00139444 -0.000541969 0.000602017 0.0101463 -0.0182989 0.000609163 -0.00139444 -0.0182989 0.088954 
0.00938708 -0.0175125 -0.000521148 0.000595001 -0.0175125 0.0873722 0.000593225 -0.00138965 -0.000521148 0.000593225 0.0102549 -0.0184561 0.000595001 -0.00138965 -0.0184561 0.0897287 
0.00935503 -0.017463 -0.0004811 0.000552964 -0.017463 0.0871331 0.000557305 -0.00130809 -0.0004811 0.000557305 0.0102705 -0.0184409 0.000552964 -0.00130809 -0.0184409 0.0895742 
0.00929256 -0.0173437 -0.000443291 0.000497319 -0.0173437 0.0865853 0.000505667 -0.0011821 -0.000443291 0.000505667 0.0102206 -0.0183962 0.000497319 -0.0011821 -0.0183962 0.0892025 
0.00930825 -0.017355 -0.000400427 0.00045599 -0.017355 0.08668 0.00046586 -0.00107173 -0.000400427 0.00046586 0.0102368 -0.0184562 0.00045599 -0.00107173 -0.0184562 0.0894926 
0.00928954 -0.0173029 -0.000380317 0.000416613 -0.0173029 0.0864031 0.000423538 -0.000980726 -0.000380317 0.000423538 0.0101947 -0.0183999 0.000416613 -0.000980726 -0.0183999 0.0892844 
0.00927751 -0.0173128 -0.000400639 0.000389856 -0.0173128 0.0864053 0.000396065 -0.000899641 -0.000400639 0.000396065 0.0101835 -0.0183725 0.000389856 -0.000899641 -0.0183725 0.0892321 
0.00925999 -0.0173314 -0.000407945 0.000416998 -0.0173314 0.0865504 0.000425177 -0.000917413 -0.000407945 0.000425177 0.0102137 -0.0183868 0.000416998 -0.000917413 -0.0183868 0.089332 
0.00929936 -0.0174033 -0.000419755 0.000438956 -0.0174033 0.0870291 0.000444554 -0.000980462 -0.000419755 0.000444554 0.0102848 -0.0185002 0.000438956 -0.000980462 -0.0185002 0.0898349 
0.0092834 -0.0172872 -0.000405062 0.000453474 -0.0172872 0.0865064 0.000452785 -0.00102279 -0.000405062 0.000452785 0.010218 -0.0184156 0.000453474 -0.00102279 -0.0184156 0.0893727 
0.00933608 -0.0173578 -0.000389824 0.000450464 -0.0173578 0.0867265 0.000446804 -0.00104785 -0.000389824 0.000446804 0.0102507 -0.0184667 0.000450464 -0.00104785 -0.0184667 0.0896419 
0.00932571 -0.0173376 -0.000389538 0.000425818 -0.0173376 0.0864745 0.000421849 -0.00101038 -0.000389538 0.000421849 0.0102108 -0.0183858 0.000425818 -0.00101038 -0.0183858 0.0892544 
0.00936603 -0.0174863 -0.000364284 0.00042051 -0.0174863 0.0871324 0.000423508 -0.00098746 -0.000364284 0.000423508 0.0102903 -0.0185044 0.00042051 -0.00098746 -0.0185044 0.0898094 
0.00929944 -0.017459 -0.000314772 0.000382309 -0.017459 0.0871005 0.000400767 -0.000938078 -0.000314772 0.000400767 0.0103067 -0.0185065 0.000382309 -0.000938078 -0.0185065 0.0897613 
0.00926779 -0.0173827 -0.000289913 0.000317734 -0.0173827 0.0869634 0.000343148 -0.000816984 -0.000289913 0.000343148 0.0102999 -0.0185214 0.000317734 -0.000816984 -0.0185214 0.0897529 
0.00929149 -0.0173921 -0.000290203 0.000285792 -0.0173921 0.0870689 0.000307181 -0.000703916 -0.000290203 0.000307181 0.0102964 -0.0185545 0.000285792 -0.000703916 -0.0185545 0.0899531 
0.00930052 -0.0173767 -0.000316395 0.000310681 -0.0173767 0.0869558 0.000318832 -0.000713954 -0.000316395 0.000318832 0.010256 -0.0185047 0.000310681 -0.000713954 -0.0185047 0.0898137 
0.00924685 -0.017331 -0.000295499 0.000349682 -0.017331 0.0866337 0.000345161 -0.000779746 -0.000295499 0.000345161 0.0101963 -0.0183775 0.000349682 -0.000779746 -0.0183775 0.0893134 
0.00923811 -0.0173544 -0.000265909 0.000325173 -0.0173544 0.0868289 0.000317871 -0.000773676 -0.000265909 0.000317871 0.0102157 -0.0183868 0.000325173 -0.000773676 -0.0183868 0.0893894 
0.00922617 -0.0173056 -0.00026435 0.000292067 -0.0173056 0.0867428 0.000285586 -0.00071581 -0.00026435 0.000285586 0.0102211 -0.0184005 0.000292067 -0.00071581 -0.0184005 0.0893947 
0.0092465 -0.0173035 -0.000288646 0.000286283 -0.0173035 0.0867691 0.000283391 -0.000675528 -0.000288646 0.000283391 0.0102256 -0.0184418 0.000286283 -0.000675528 -0.0184418 0.0895675 
0.0092074 -0.0172323 -0.000300971 0.000315004 -0.0172323 0.0863261 0.00031507 -0.000713621 -0.000300971 0.00031507 0.0101598 -0.0183248 0.000315004 -0.000713621 -0.0183248 0.0890808 
0.0092255 -0.0172596 -0.00027515 0.000337122 -0.0172596 0.0864639 0.000338626 -0.00078268 -0.00027515 0.000338626 0.0101776 -0.0183494 0.000337122 -0.00078268 -0.0183494 0.0892182 
0.0092092 -0.0172213 -0.000249331 0.0003066 -0.0172213 0.0862454 0.000304489 -0.000761421 -0.000249331 0.000304489 0.0101523 -0.0182899 0.0003066 -0.000761421 -0.0182899 0.0889431 
0.00922787 -0.0172523 -0.00026148 0.000270777 -0.0172523 0.0863769 0.000265083 -0.000674581 -0.00026148 0.000265083 0.0101808 -0.0183204 0.000270777 -0.000674581 -0.0183204 0.0890653 
0.00920585 -0.0172723 -0.000270872 0.00027906 -0.0172723 0.0864575 0.000272795 -0.000640814 -0.000270872 0.000272795 0.0102361 -0.0183571 0.00027906 -0.000640814 -0.0183571 0.0891761 
0.00919248 -0.0172303 -0.000295762 0.000288117 -0.0172303 0.0863467 0.000285839 -0.000650174 -0.000295762 0.000285839 0.0102435 -0.0183906 0.000288117 -0.000650174 -0.0183906 0.0891693 
0.00929455 -0.017337 -0.000311682 0.000325828 -0.017337 0.0868959 0.000331514 -0.000733809 -0.000311682 0.000331514 0.0102946 -0.0185595 0.000325828 -0.000733809 -0.0185595 0.0899156 
0.00932279 -0.0173978 -0.000340576 0.000348781 -0.0173978 0.0870011 0.000357515 -0.00081955 -0.000340576 0.000357515 0.0102748 -0.0185377 0.000348781 -0.00081955 -0.0185377 0.0899569 
0.00927471 -0.0173122 -0.000351282 0.0003797 -0.0173122 0.0865064 0.000380067 -0.000882472 -0.000351282 0.000380067 0.0101731 -0.0183842 0.0003797 -0.000882472 -0.0183842 0.0892971 
0.0092912 -0.0173809 -0.000348065 0.00040554 -0.0173809 0.0868182 0.000399686 -0.000955179 -0.000348065 0.000399686 0.01019 -0.0183922 0.00040554 -0.000955179 -0.0183922 0.0894485 
0.00929376 -0.0174189 -0.000327498 0.000401197 -0.0174189 0.0870745 0.00039014 -0.000970739 -0.000327498 0.00039014 0.0102188 -0.0184237 0.000401197 -0.000970739 -0.0184237 0.0896228 
0.00923868 -0.0173319 -0.00030653 0.000367946 -0.0173319 0.0867683 0.000357903 -0.000910777 -0.00030653 0.000357903 0.0101993 -0.0183816 0.000367946 -0.000910777 -0.0183816 0.0893748 
0.00924705 -0.017305 -0.00031655 0.000342815 -0.017305 0.0867339 0.000337899 -0.000850086 -0.00031655 0.000337899 0.0101966 -0.0184006 0.000342815 -0.000850086 -0.0184006 0.0894491 
0.0092201 -0.0172463 -0.000332394 0.000340681 -0.0172463 0.0863945 0.000342743 -0.000813757 -0.000332394 0.000342743 0.0101563 -0.0183184 0.000340681 -0.000813757 -0.0183184 0.0891103 
0.00927827 -0.0173289 -0.000352964 0.000367168 -0.0173289 0.0868015 0.000374284 -0.000860013 -0.000352964 0.000374284 0.0102125 -0.0184132 0.000367168 -0.000860013 -0.0184132 0.0895576 
0.00930579 -0.0173317 -0.000376423 0.000391387 -0.0173317 0.0867707 0.000400185 -0.000921539 -0.000376423 0.000400185 0.0102124 -0.018426 0.000391387 -0.000921539 -0.018426 0.0895753 
0.00925548 -0.0172595 -0.000376632 0.000416596 -0.0172595 0.0862583 0.000420431 -0.000974066 -0.000376632 0.000420431 0.0101385 -0.0182963 0.000416596 -0.000974066 -0.0182963 0.0889688 
0.00927112 -0.0172713 -0.000365424 0.000420744 -0.0172713 0.0863094 0.000417261 -0.000995866 -0.000365424 0.000417261 0.0101449 -0.018301 0.000420744 -0.000995866 -0.018301 0.0889867 
0.00933418 -0.0173771 -0.000375823 0.00041069 -0.0173771 0.0867854 0.00040457 -0.000984158 -0.000375823 0.00040457 0.0101853 -0.0183973 0.00041069 -0.000984158 -0.0183973 0.0894412 
0.00933043 -0.0173714 -0.000389884 0.000414944 -0.0173714 0.0866613 0.000408041 -0.000968431 -0.000389884 0.000408041 0.0101638 -0.0183199 0.000414944 -0.000968431 -0.0183199 0.0891439 
0.00934572 -0.0174044 -0.000430495 0.000424739 -0.0174044 0.0867285 0.000417101 -0.000970482 -0.000430495 0.000417101 0.0101316 -0.018279 0.000424739 -0.000970482 -0.018279 0.088951 
0.00937045 -0.0175 -0.000456798 0.000477374 -0.0175 0.0871792 0.000464809 -0.00105047 -0.000456798 0.000464809 0.0101487 -0.0183385 0.000477374 -0.00105047 -0.0183385 0.08927 
0.00933592 -0.0174258 -0.000458917 0.000520316 -0.0174258 0.0869209 0.000502676 -0.00116556 -0.000458917 0.000502676 0.0101034 -0.0182628 0.000520316 -0.00116556 -0.0182628 0.0889689 
0.00932149 -0.0173755 -0.000460775 0.000519974 -0.0173755 0.0867244 0.000500718 -0.00120264 -0.000460775 0.000500718 0.0100784 -0.0182282 0.000519974 -0.00120264 -0.0182282 0.0888239 
0.00932158 -0.0173569 -0.000469127 0.000519454 -0.0173569 0.0866118 0.00050288 -0.0012073 -0.000469127 0.00050288 0.0100564 -0.0181996 0.000519454 -0.0012073 -0.0181996 0.0887242 
0.00940004 -0.0174871 -0.000479633 0.000525441 -0.0174871 0.0872299 0.000513972 -0.00121558 -0.000479633 0.000513972 0.0101141 -0.0183221 0.000525441 -0.00121558 -0.0183221 0.0893583 
0.00937603 -0.0174719 -0.000460211 0.000529875 -0.0174719 0.0870747 0.000526283 -0.00123123 -0.000460211 0.000526283 0.0100764 -0.0182405 0.000529875 -0.00123123 -0.0182405 0.0890538 
0.00931264 -0.0173668 -0.00043353 0.000506631 -0.0173668 0.0866228 0.00051076 -0.00121368 -0.00043353 0.00051076 0.0100382 -0.0181535 0.000506631 -0.00121368 -0.0181535 0.0886079 
0.00935214 -0.0174535 -0.000427905 0.000473641 -0.0174535 0.0871384 0.000479686 -0.00114924 -0.000427905 0.000479686 0.0101347 -0.0183053 0.000473641 -0.00114924 -0.0183053 0.0892734 
0.0092901 -0.0173309 -0.000434756 0.000458698 -0.0173309 0.086579 0.000467462 -0.00109396 -0.000434756 0.000467462 0.0100723 -0.018229 0.000458698 -0.00109396 -0.018229 0.0888247 
0.00934356 -0.017402 -0.000430094 0.000469419 -0.017402 0.0869459 0.000483116 -0.00109983 -0.000430094 0.000483116 0.0101004 -0.0183098 0.000469419 -0.00109983 -0.0183098 0.0892605 
0.00935702 -0.0174743 -0.000447476 0.000464068 -0.0174743 0.0871999 0.000476015 -0.00109822 -0.000447476 0.000476015 0.0101114 -0.0182957 0.000464068 -0.00109822 -0.0182957 0.0893362 
0.00927612 -0.0173548 -0.000467858 0.000494811 -0.0173548 0.0866903 0.000498572 -0.00114285 -0.000467858 0.000498572 0.0100674 -0.0181836 0.000494811 -0.00114285 -0.0181836 0.0887666 
0.00932666 -0.0174051 -0.000475088 0.000518914 -0.0174051 0.0870579 0.000512892 -0.00118331 -0.000475088 0.000512892 0.0101109 -0.0182956 0.000518914 -0.00118331 -0.0182956 0.0892291 
0.00932774 -0.0173401 -0.000498867 0.000534774 -0.0173401 0.0866952 0.000523409 -0.00122695 -0.000498867 0.000523409 0.0100637 -0.0182301 0.000534774 -0.00122695 -0.0182301 0.0889291 
0.00942045 -0.0174554 -0.00052551 0.000568731 -0.0174554 0.0870993 0.000555499 -0.00129486 -0.00052551 0.000555499 0.010102 -0.0182921 0.000568731 -0.00129486 -0.0182921 0.0892723 
0.00940709 -0.0174492 -0.000522393 0.000586723 -0.0174492 0.0868787 0.000571456 -0.00133612 -0.000522393 0.000571456 0.0100529 -0.0182376 0.000586723 -0.00133612 -0.0182376 0.0889725 
0.00942102 -0.017427 -0.000538728 0.000579855 -0.017427 0.0867139 0.000563047 -0.00133579 -0.000538728 0.000563047 0.00996809 -0.0181753 0.000579855 -0.00133579 -0.0181753 0.0887153 
0.00948555 -0.0175777 -0.000572175 0.000596766 -0.0175777 0.0873083 0.000583632 -0.00135331 -0.000572175 0.000583632 0.00996706 -0.0182 0.000596766 -0.00135331 -0.0182 0.0890769 
0.00942557 -0.0175258 -0.000560238 0.000628718 -0.0175258 0.0870511 0.000622155 -0.0014124 -0.000560238 0.000622155 0.00991048 -0.0180568 0.000628718 -0.0014124 -0.0180568 0.0885545 
0.0094266 -0.0175399 -0.000560417 0.000619744 -0.0175399 0.0872649 0.000616219 -0.00143592 -0.000560417 0.000616219 0.00993007 -0.0180799 0.000619744 -0.00143592 -0.0180799 0.0886825 
0.00939937 -0.0174659 -0.000558252 0.000617758 -0.0174659 0.0869904 0.000615903 -0.00143415 -0.000558252 0.000615903 0.00991242 -0.0180206 0.000617758 -0.00143415 -0.0180206 0.0883989 
0.00936879 -0.0174537 -0.000561938 0.000611787 -0.0174537 0.0869192 0.000609896 -0.00141934 -0.000561938 0.000609896 0.00993806 -0.0180131 0.000611787 -0.00141934 -0.0180131 0.0883312 
0.00935595 -0.0173959 -0.000560739 0.000612568 -0.0173959 0.0867779 0.000616608 -0.00141696 -0.000560739 0.000616608 0.00996041 -0.0180619 0.000612568 -0.00141696 -0.0180619 0.0883975 
0.00936846 -0.0174004 -0.00053673 0.000599965 -0.0174004 0.0867745 0.000608536 -0.00138938 -0.00053673 0.000608536 0.00996707 -0.0180962 0.000599965 -0.00138938 -0.0180962 0.0885214 
0.00938649 -0.0174102 -0.000563527 0.000584371 -0.0174102 0.0867847 0.000590502 -0.00136772 -0.000563527 0.000590502 0.00995256 -0.0181086 0.000584371 -0.00136772 -0.0181086 0.0885987 
0.00942167 -0.0174849 -0.00058224 0.000612211 -0.0174849 0.0870609 0.000608303 -0.00137332 -0.00058224 0.000608303 0.00997874 -0.018121 0.000612211 -0.00137332 -0.018121 0.0887707 
0.0094438 -0.017474 -0.000604296 0.000637819 -0.017474 0.0870015 0.000628688 -0.00141853 -0.000604296 0.000628688 0.00996201 -0.0181178 0.000637819 -0.00141853 -0.0181178 0.0886915 
0.00947166 -0.0175141 -0.000630341 0.000662258 -0.0175141 0.0870725 0.00065485 -0.00147311 -0.000630341 0.00065485 0.00996177 -0.0181174 0.000662258 -0.00147311 -0.0181174 0.0887126 
0.00951488 -0.0175893 -0.000655569 0.000690857 -0.0175893 0.0873623 0.000689271 -0.0015446 -0.000655569 0.000689271 0.00999173 -0.018166 0.000690857 -0.0015446 -0.018166 0.0889471 
0.00952897 -0.0175749 -0.000669047 0.000709429 -0.0175749 0.0872423 0.00071652 -0.00160325 -0.000669047 0.00071652 0.00994226 -0.0181442 0.000709429 -0.00160325 -0.0181442 0.088804 
0.00953519 -0.0176624 -0.000643661 0.000729856 -0.0176624 0.0875391 0.000739944 -0.00166433 -0.000643661 0.000739944 0.00996112 -0.0181485 0.000729856 -0.00166433 -0.0181485 0.0889631 
0.00945709 -0.0175698 -0.000612089 0.000690921 -0.0175698 0.0872111 0.000697241 -0.00161509 -0.000612089 0.000697241 0.00995167 -0.0180896 0.000690921 -0.00161509 -0.0180896 0.088643 
0.00943334 -0.0175173 -0.000577859 0.000648028 -0.0175173 0.0871057 0.00065202 -0.00150814 -0.000577859 0.00065202 0.00995738 -0.0181082 0.000648028 -0.00150814 -0.0181082 0.088648 
0.00943604 -0.0174923 -0.00057829 0.00060958 -0.0174923 0.08702 0.000618314 -0.00141298 -0.00057829 0.000618314 0.0099548 -0.0181103 0.00060958 -0.00141298 -0.0181103 0.0886484 
0.00947522 -0.0175273 -0.000583687 0.000612201 -0.0175273 0.087184 0.000618526 -0.00137541 -0.000583687 0.000618526 0.00995755 -0.0181699 0.000612201 -0.00137541 -0.0181699 0.0889207 
0.00950733 -0.017595 -0.000588414 0.000625613 -0.017595 0.0874102 0.000624448 -0.00138667 -0.000588414 0.000624448 0.00995602 -0.018167 0.000625613 -0.00138667 -0.018167 0.0890441 
0.00952197 -0.0176062 -0.000589179 0.000633911 -0.0176062 0.0874199 0.000626559 -0.00140142 -0.000589179 0.000626559 0.00991591 -0.0181117 0.000633911 -0.00140142 -0.0181117 0.0888616 
0.00949673 -0.0176561 -0.000573767 0.000639457 -0.0176561 0.0875733 0.000624704 -0.00141212 -0.000573767 0.000624704 0.00993024 -0.0180621 0.000639457 -0.00141212 -0.0180621 0.0887412 
0.00939718 -0.0175371 -0.00054266 0.000616731 -0.0175371 0.0871379 0.000603909 -0.00138106 -0.00054266 0.000603909 0.00990394 -0.0179667 0.000616731 -0.00138106 -0.0179667 0.0881893 
0.00941992 -0.0175522 -0.000542655 0.000582391 -0.0175522 0.0874614 0.000576945 -0.00132305 -0.000542655 0.000576945 0.00998373 -0.0181082 0.000582391 -0.00132305 -0.0181082 0.088722 
0.00937602 -0.0174673 -0.000517993 0.000564412 -0.0174673 0.087124 0.000570071 -0.00126452 -0.000517993 0.000570071 0.00998974 -0.0181208 0.000564412 -0.00126452 -0.0181208 0.0886788 
0.00939098 -0.0174295 -0.000519831 0.000538532 -0.0174295 0.0870182 0.000549334 -0.00121807 -0.000519831 0.000549334 0.00999581 -0.0181874 0.000538532 -0.00121807 -0.0181874 0.0889081 
0.00938988 -0.0174452 -0.000518699 0.000544255 -0.0174452 0.0870016 0.000553701 -0.00120791 -0.000518699 0.000553701 0.0100147 -0.018201 0.000544255 -0.00120791 -0.018201 0.0890393 
0.00935434 -0.0174085 -0.000509699 0.000544853 -0.0174085 0.0868192 0.00055095 -0.00120822 -0.000509699 0.00055095 0.01002 -0.0181807 0.000544853 -0.00120822 -0.0181807 0.088915 
0.0094134 -0.0174676 -0.000541217 0.000543653 -0.0174676 0.0871737 0.000548406 -0.0012146 -0.000541217 0.000548406 0.0100578 -0.0182889 0.000543653 -0.0012146 -0.0182889 0.0893701 
0.00937199 -0.0173665 -0.00055886 0.000584267 -0.0173665 0.0865642 0.000589178 -0.00128496 -0.00055886 0.000589178 0.00996894 -0.0181413 0.000584267 -0.00128496 -0.0181413 0.0887078 
0.00943262 -0.0174822 -0.000560687 0.000609627 -0.0174822 0.0870377 0.00061605 -0.00136749 -0.000560687 0.00061605 0.00999574 -0.0182065 0.000609627 -0.00136749 -0.0182065 0.0890764 
0.00943614 -0.0174899 -0.000534466 0.000609694 -0.0174899 0.0870246 0.000617518 -0.00140193 -0.000534466 0.000617518 0.00996863 -0.0181571 0.000609694 -0.00140193 -0.0181571 0.0889079 
0.00946876 -0.0175801 -0.000505648 0.000586851 -0.0175801 0.0874524 0.000597021 -0.00138957 -0.000505648 0.000597021 0.010026 -0.0182187 0.000586851 -0.00138957 -0.0182187 0.0892398 
0.0093875 -0.0174976 -0.000475063 0.00053236 -0.0174976 0.0870702 0.000538466 -0.00126706 -0.000475063 0.000538466 0.00998602 -0.0181329 0.00053236 -0.00126706 -0.0181329 0.0887707 
0.00935953 -0.0174339 -0.000458182 0.000499622 -0.0174339 0.0869031 0.000497856 -0.00115601 -0.000458182 0.000497856 0.00995889 -0.0181076 0.000499622 -0.00115601 -0.0181076 0.0886214 
0.00935443 -0.0173679 -0.000460618 0.000482868 -0.0173679 0.0866497 0.000475124 -0.00108249 -0.000460618 0.000475124 0.00992046 -0.0180745 0.000482868 -0.00108249 -0.0180745 0.0884749 
0.00943192 -0.0175011 -0.0004608 0.000495553 -0.0175011 0.0872606 0.000492881 -0.00109261 -0.0004608 0.000492881 0.00999369 -0.018201 0.000495553 -0.00109261 -0.018201 0.0891546 
0.00936349 -0.017399 -0.000464771 0.000486092 -0.017399 0.0866565 0.000489076 -0.00108741 -0.000464771 0.000489076 0.00989542 -0.018028 0.000486092 -0.00108741 -0.018028 0.0883801 
0.00941346 -0.0175167 -0.000473347 0.000492698 -0.0175167 0.0872424 0.000494341 -0.00109036 -0.000473347 0.000494341 0.00994582 -0.0181021 0.000492698 -0.00109036 -0.0181021 0.0888117 
0.00937618 -0.0174772 -0.000456406 0.000503054 -0.0174772 0.0871442 0.000500853 -0.00110601 -0.000456406 0.000500853 0.00995487 -0.0180985 0.000503054 -0.00110601 -0.0180985 0.0887509 
0.00931646 -0.0173341 -0.000441741 0.000489636 -0.0173341 0.086568 0.000485763 -0.0011011 -0.000441741 0.000485763 0.00991704 -0.0180335 0.000489636 -0.0011011 -0.0180335 0.0883496 
0.00932061 -0.0173243 -0.000451115 0.000471131 -0.0173243 0.0865143 0.000470978 -0.00106928 -0.000451115 0.000470978 0.00991306 -0.0180582 0.000471131 -0.00106928 -0.0180582 0.0884375 
0.00938365 -0.0173988 -0.000469742 0.000489518 -0.0173988 0.0868747 0.000494699 -0.00109951 -0.000469742 0.000494699 0.00995783 -0.0181453 0.000489518 -0.00109951 -0.0181453 0.0888931 
0.00937466 -0.0174369 -0.000458916 0.00050915 -0.0174369 0.0869524 0.000515812 -0.00114734 -0.000458916 0.000515812 0.00998237 -0.0181456 0.00050915 -0.00114734 -0.0181456 0.0889265 
0.00935744 -0.0174003 -0.000441607 0.000493561 -0.0174003 0.086771 0.000501304 -0.00114337 -0.000441607 0.000501304 0.0099356 -0.0180814 0.000493561 -0.00114337 -0.0180814 0.0885856 
0.0093554 -0.0174634 -0.000409441 0.000478439 -0.0174634 0.087054 0.000479981 -0.00110967 -0.000409441 0.000479981 0.00997006 -0.018101 0.000478439 -0.00110967 -0.018101 0.0887357 
0.00937991 -0.0174864 -0.000388442 0.000443093 -0.0174864 0.0873213 0.000438875 -0.0010393 -0.000388442 0.000438875 0.0100046 -0.01818 0.000443093 -0.0010393 -0.01818 0.0890362 
0.00939274 -0.0174504 -0.000398565 0.000423008 -0.0174504 0.0871863 0.000417502 -0.000981192 -0.000398565 0.000417502 0.00998686 -0.0181796 0.000423008 -0.000981192 -0.0181796 0.0890142 
0.00938772 -0.0174271 -0.000398427 0.000431921 -0.0174271 0.086879 0.000429007 -0.000975047 -0.000398427 0.000429007 0.00992913 -0.0180416 0.000431921 -0.000975047 -0.0180416 0.0884761 
0.00945006 -0.0175346 -0.000406804 0.00044147 -0.0175346 0.0873263 0.000438793 -0.00100728 -0.000406804 0.000438793 0.00996546 -0.0181154 0.00044147 -0.00100728 -0.0181154 0.0887981 
0.00943758 -0.0175123 -0.000414655 0.00044651 -0.0175123 0.0871553 0.000439085 -0.00101457 -0.000414655 0.000439085 0.00994395 -0.018074 0.00044651 -0.00101457 -0.018074 0.0885692 
0.00943845 -0.0175804 -0.000410658 0.00046175 -0.0175804 0.0874811 0.000452102 -0.00104518 -0.000410658 0.000452102 0.00999335 -0.0181574 0.00046175 -0.00104518 -0.0181574 0.0889354 
0.00937151 -0.0174985 -0.000414426 0.000458357 -0.0174985 0.0872 0.000451514 -0.0010607 -0.000414426 0.000451514 0.00997505 -0.0181215 0.000458357 -0.0010607 -0.0181215 0.0887297 
0.00940345 -0.0175182 -0.000426897 0.000460134 -0.0175182 0.0874423 0.000458823 -0.00107001 -0.000426897 0.000458823 0.0100092 -0.018198 0.000460134 -0.00107001 -0.018198 0.089094 
0.00935452 -0.017445 -0.000420257 0.00046644 -0.017445 0.0870738 0.000470735 -0.00108371 -0.000420257 0.000470735 0.0100078 -0.0181311 0.00046644 -0.00108371 -0.0181311 0.0887931 
0.00930775 -0.0173641 -0.000389983 0.000450822 -0.0173641 0.0867164 0.000464891 -0.00107431 -0.000389983 0.000464891 0.00999692 -0.0181035 0.000450822 -0.00107431 -0.0181035 0.0885279 
0.00931583 -0.0174241 -0.000343526 0.000418392 -0.0174241 0.087036 0.000437397 -0.00102752 -0.000343526 0.000437397 0.0100531 -0.0182009 0.000418392 -0.00102752 -0.0182009 0.0889422 
0.00929248 -0.0174198 -0.000323895 0.000360551 -0.0174198 0.0871013 0.000377625 -0.000911675 -0.000323895 0.000377625 0.0100825 -0.0182312 0.000360551 -0.000911675 -0.0182312 0.0890697 
0.00925386 -0.0172947 -0.000320807 0.000344465 -0.0172947 0.0866282 0.00035594 -0.000835802 -0.000320807 0.00035594 0.0100373 -0.0181874 0.000344465 -0.000835802 -0.0181874 0.0887685 
0.00925904 -0.0172547 -0.000342607 0.000344112 -0.0172547 0.0863684 0.000349969 -0.000808503 -0.000342607 0.000349969 0.0100127 -0.0181288 0.000344112 -0.000808503 -0.0181288 0.0885421 
0.00930101 -0.017375 -0.000361627 0.000375376 -0.017375 0.0868917 0.000378469 -0.000851939 -0.000361627 0.000378469 0.0101139 -0.0182694 0.000375376 -0.000851939 -0.0182694 0.08917 
0.00928364 -0.0173202 -0.000354283 0.000404601 -0.0173202 0.0867149 0.000406871 -0.000928544 -0.000354283 0.000406871 0.0101255 -0.0183194 0.000404601 -0.000928544 -0.0183194 0.0892408 
0.00928186 -0.0172839 -0.000360324 0.000402577 -0.0172839 0.0865048 0.000402806 -0.000961799 -0.000360324 0.000402806 0.010083 -0.0183044 0.000402577 -0.000961799 -0.0183044 0.089168 
0.00935228 -0.0173444 -0.000371521 0.000407213 -0.0173444 0.0866978 0.000403253 -0.000966586 -0.000371521 0.000403253 0.0100457 -0.0183004 0.000407213 -0.000966586 -0.0183004 0.0892873 
0.00935841 -0.0173757 -0.000364124 0.000411717 -0.0173757 0.0866073 0.000401058 -0.000955013 -0.000364124 0.000401058 0.00999592 -0.0181565 0.000411717 -0.000955013 -0.0181565 0.0888255 
