0.00610395 0 0.000328487 0 0 0.00994356 0 0 0.000328487 0 0.00795019 0 0 0 0 0.00994356 
0.00877907 -0.0109267 0.000380978 -0.00046361 -0.0109267 0.0301162 -0.00046361 0.000888866 0.000380978 -0.00046361 0.011213 -0.0138914 -0.00046361 0.000888866 -0.0138914 0.0357995 
0.00883775 -0.0169189 0.000309139 -0.000421531 -0.0169189 0.0632437 -0.000421531 0.00130192 0.000309139 -0.000421531 0.010922 -0.01999 -0.000421531 0.00130192 -0.01999 0.0728038 
0.0084116 -0.0170923 0.0002767 -0.000240521 -0.0170923 0.0783057 -0.000242601 0.000524052 0.0002767 -0.000242601 0.0102241 -0.0190728 -0.000240521 0.000524052 -0.0190728 0.0840759 
0.00841836 -0.0166761 0.000328957 -0.000200166 -0.0166761 0.0831189 -0.000209213 2.59879e-05 0.000328957 -0.000209213 0.0102857 -0.0184989 -0.000200166 2.59879e-05 -0.0184989 0.0869662 
0.00848853 -0.0165131 0.000378065 -0.000306986 -0.0165131 0.0842392 -0.000319669 0.000205431 0.000378065 -0.000319669 0.0104949 -0.018529 -0.000306986 0.000205431 -0.018529 0.0882761 
0.00855422 -0.0164729 0.000368835 -0.000383505 -0.0164729 0.0844317 -0.000392514 0.000517604 0.000368835 -0.000392514 0.0105784 -0.0186909 -0.000383505 0.000517604 -0.0186909 0.0891325 
0.00869007 -0.0166475 0.000355504 -0.000384317 -0.0166475 0.085263 -0.000389955 0.000684382 0.000355504 -0.000389955 0.0106809 -0.018894 -0.000384317 0.000684382 -0.018894 0.0903181 
0.00868033 -0.0166198 0.000316057 -0.000350208 -0.0166198 0.0849298 -0.000352613 0.000668673 0.000316057 -0.000352613 0.0106317 -0.0187623 -0.000350208 0.000668673 -0.0187623 0.0898624 
0.00874922 -0.0167345 0.000340138 -0.000306451 -0.0167345 0.0853707 -0.000307435 0.000588065 0.000340138 -0.000307435 0.0106563 -0.0188043 -0.000306451 0.000588065 -0.0188043 0.0900626 
0.00873876 -0.0167452 0.000367686 -0.00031816 -0.0167452 0.0853023 -0.000322328 0.000548562 0.000367686 -0.000322328 0.0106421 -0.0187442 -0.00031816 0.000548562 -0.0187442 0.0897631 
0.00876517 -0.0168282 0.00038061 -0.000353113 -0.0168282 0.0857152 -0.000359636 0.000597052 0.00038061 -0.000359636 0.0106914 -0.0188365 -0.000353113 0.000597052 -0.0188365 0.0901064 
0.00874186 -0.0168006 0.000370936 -0.000367089 -0.0168006 0.085642 -0.000370677 0.000636164 0.000370936 -0.000370677 0.0107113 -0.0188468 -0.000367089 0.000636164 -0.0188468 0.0900924 
0.00870209 -0.0167581 0.000364276 -0.000358901 -0.0167581 0.0854943 -0.000358255 0.000634835 0.000364276 -0.000358255 0.0107225 -0.0188743 -0.000358901 0.000634835 -0.0188743 0.0901105 
0.00871351 -0.016791 0.000375933 -0.000359167 -0.016791 0.0857566 -0.000355973 0.00063533 0.000375933 -0.000355973 0.0107583 -0.0189796 -0.000359167 0.00063533 -0.0189796 0.0905687 
0.00865591 -0.016647 0.000374354 -0.000371129 -0.016647 0.08511 -0.000370799 0.000661545 0.000374354 -0.000370799 0.010674 -0.0188642 -0.000371129 0.000661545 -0.0188642 0.0900596 
0.00868916 -0.0166566 0.000376058 -0.000373522 -0.0166566 0.0851468 -0.00037362 0.000684887 0.000376058 -0.00037362 0.0106574 -0.0188739 -0.000373522 0.000684887 -0.0188739 0.0901849 
0.00876193 -0.0167907 0.000375573 -0.000378669 -0.0167907 0.0856823 -0.000373554 0.000696921 0.000375573 -0.000373554 0.010691 -0.0189299 -0.000378669 0.000696921 -0.0189299 0.0906024 
0.00878624 -0.016735 0.000407784 -0.000379877 -0.016735 0.0853251 -0.000368318 0.000699594 0.000407784 -0.000368318 0.0105805 -0.0187974 -0.000379877 0.000699594 -0.0187974 0.0900346 
0.00886092 -0.0168553 0.000413459 -0.000424289 -0.0168553 0.0856352 -0.000415243 0.000776306 0.000413459 -0.000415243 0.0105449 -0.0187384 -0.000424289 0.000776306 -0.0187384 0.089957 
0.00893626 -0.0170108 0.000407938 -0.000435401 -0.0170108 0.0862389 -0.000433152 0.000844647 0.000407938 -0.000433152 0.0105697 -0.0187687 -0.000435401 0.000844647 -0.0187687 0.0901967 
0.00891193 -0.0170249 0.000386691 -0.000415338 -0.0170249 0.0862498 -0.000416285 0.000826945 0.000386691 -0.000416285 0.0105533 -0.0187203 -0.000415338 0.000826945 -0.0187203 0.0899752 
0.00888342 -0.0169932 0.00037512 -0.000392455 -0.0169932 0.0861853 -0.00039247 0.000783738 0.00037512 -0.00039247 0.0105418 -0.0187021 -0.000392455 0.000783738 -0.0187021 0.0898549 
0.00884055 -0.0169022 0.000336133 -0.000385389 -0.0169022 0.0858165 -0.000382138 0.000759418 0.000336133 -0.000382138 0.0105248 -0.0186445 -0.000385389 0.000759418 -0.0186445 0.0895528 
0.00884474 -0.0169445 0.000310598 -0.000332669 -0.0169445 0.0860686 -0.000329327 0.000662838 0.000310598 -0.000329327 0.0106019 -0.0187534 -0.000332669 0.000662838 -0.0187534 0.0899788 
0.00883949 -0.0169433 0.000330815 -0.000297857 -0.0169433 0.0861309 -0.00029458 0.000557139 0.000330815 -0.00029458 0.0106124 -0.0188104 -0.000297857 0.000557139 -0.0188104 0.0901722 
0.00881523 -0.0168585 0.000360102 -0.000319964 -0.0168585 0.0857423 -0.000322935 0.000559774 0.000360102 -0.000322935 0.0105465 -0.0187274 -0.000319964 0.000559774 -0.0187274 0.0898288 
0.00882014 -0.0168512 0.000349328 -0.00035729 -0.0168512 0.0856974 -0.000362647 0.000634114 0.000349328 -0.000362647 0.0105493 -0.0187274 -0.00035729 0.000634114 -0.0187274 0.0898765 
0.00881642 -0.016878 0.000331452 -0.000345148 -0.016878 0.0858022 -0.000344133 0.000642152 0.000331452 -0.000344133 0.0105692 -0.0187546 -0.000345148 0.000642152 -0.0187546 0.0900178 
0.00880605 -0.0169002 0.000318045 -0.00033453 -0.0169002 0.0859691 -0.000324323 0.00062219 0.000318045 -0.000324323 0.0106076 -0.0187966 -0.00033453 0.00062219 -0.0187966 0.0902179 
0.00880106 -0.0168842 0.000305622 -0.000326416 -0.0168842 0.0860147 -0.000314175 0.000605991 0.000305622 -0.000314175 0.0106225 -0.0188374 -0.000326416 0.000605991 -0.0188374 0.0903641 
0.00875115 -0.0167606 0.000309071 -0.000292794 -0.0167606 0.0854552 -0.000289645 0.000541396 0.000309071 -0.000289645 0.0105535 -0.0187458 -0.000292794 0.000541396 -0.0187458 0.0899181 
0.00879405 -0.0168144 0.000279767 -0.000291525 -0.0168144 0.0857012 -0.000301875 0.000521352 0.000279767 -0.000301875 0.0105571 -0.0187864 -0.000291525 0.000521352 -0.0187864 0.0901884 
0.00886279 -0.0168781 0.000258638 -0.000262946 -0.0168781 0.0859615 -0.000280976 0.000493774 0.000258638 -0.000280976 0.0105307 -0.0187963 -0.000262946 0.000493774 -0.0187963 0.0903561 
0.00889475 -0.0168552 0.000234032 -0.000240505 -0.0168552 0.0856702 -0.000258554 0.000447549 0.000234032 -0.000258554 0.010414 -0.0186367 -0.000240505 0.000447549 -0.0186367 0.0897902 
0.00889166 -0.0168944 0.000226036 -0.000219806 -0.0168944 0.0855887 -0.000230703 0.000400401 0.000226036 -0.000230703 0.0103551 -0.0184804 -0.000219806 0.000400401 -0.0184804 0.0892693 
0.00894827 -0.0169959 0.000209784 -0.000203347 -0.0169959 0.0860969 -0.000199474 0.000325078 0.000209784 -0.000199474 0.010399 -0.0185412 -0.000203347 0.000325078 -0.0185412 0.0895471 
0.0088904 -0.016961 0.000201276 -0.000196056 -0.016961 0.0858748 -0.000179682 0.000285479 0.000201276 -0.000179682 0.0103978 -0.018467 -0.000196056 0.000285479 -0.018467 0.089172 
0.00892103 -0.0170151 0.000205521 -0.000210269 -0.0170151 0.0862746 -0.000193674 0.000323165 0.000205521 -0.000193674 0.0104664 -0.0185904 -0.000210269 0.000323165 -0.0185904 0.0896118 
0.00890771 -0.0169346 0.000203682 -0.000199236 -0.0169346 0.0859371 -0.000197234 0.000327654 0.000203682 -0.000197234 0.0104443 -0.018582 -0.000199236 0.000327654 -0.018582 0.0894639 
0.00892714 -0.016952 0.000198496 -0.000192133 -0.016952 0.0859338 -0.000203593 0.00032963 0.000198496 -0.000203593 0.010439 -0.0186021 -0.000192133 0.00032963 -0.0186021 0.089562 
0.00890266 -0.0169665 0.00017508 -0.00018558 -0.0169665 0.0859243 -0.000201456 0.000328057 0.00017508 -0.000201456 0.0104378 -0.0185904 -0.00018558 0.000328057 -0.0185904 0.0895533 
0.00887729 -0.0169363 0.000174258 -0.000171795 -0.0169363 0.0858642 -0.00018054 0.0003138 0.000174258 -0.00018054 0.0104474 -0.018582 -0.000171795 0.0003138 -0.018582 0.0895125 
0.00886507 -0.0169068 0.00019803 -0.000158995 -0.0169068 0.0858218 -0.000159725 0.000257924 0.00019803 -0.000159725 0.0104758 -0.0186253 -0.000158995 0.000257924 -0.0186253 0.0896361 
0.00890416 -0.0169127 0.000220878 -0.000189144 -0.0169127 0.0858576 -0.000191295 0.000285972 0.000220878 -0.000191295 0.0104566 -0.0186564 -0.000189144 0.000285972 -0.0186564 0.0897533 
0.00891646 -0.0169446 0.000207931 -0.000211062 -0.0169446 0.0858484 -0.000219787 0.000341108 0.000207931 -0.000219787 0.0104239 -0.0185943 -0.000211062 0.000341108 -0.0185943 0.0896019 
0.00890785 -0.0169749 0.000182772 -0.00018564 -0.0169749 0.085938 -0.000193743 0.000311474 0.000182772 -0.000193743 0.0104076 -0.0185544 -0.00018564 0.000311474 -0.0185544 0.0894831 
0.00890016 -0.0169739 0.000201155 -0.000172261 -0.0169739 0.086016 -0.00017304 0.000281514 0.000201155 -0.00017304 0.0104255 -0.0185531 -0.000172261 0.000281514 -0.0185531 0.0894813 
0.008898 -0.0169727 0.0002012 -0.000176741 -0.0169727 0.0860774 -0.000180125 0.000254157 0.0002012 -0.000180125 0.0104295 -0.0185812 -0.000176741 0.000254157 -0.0185812 0.0895639 
0.00885306 -0.0168912 0.00021183 -0.000183617 -0.0168912 0.085718 -0.000190026 0.000273472 0.00021183 -0.000190026 0.0103853 -0.0185127 -0.000183617 0.000273472 -0.0185127 0.0892568 
0.00890428 -0.0169454 0.00022533 -0.000217366 -0.0169454 0.0860412 -0.000221614 0.00035719 0.00022533 -0.000221614 0.0104208 -0.0185868 -0.000217366 0.00035719 -0.0185868 0.0896457 
0.00893156 -0.0169441 0.000211313 -0.000235443 -0.0169441 0.0859635 -0.000240485 0.000428266 0.000211313 -0.000240485 0.0103809 -0.018561 -0.000235443 0.000428266 -0.018561 0.0895614 
0.00897878 -0.017024 0.000185316 -0.00021492 -0.017024 0.0862568 -0.000220222 0.000418961 0.000185316 -0.000220222 0.0103851 -0.0185969 -0.00021492 0.000418961 -0.0185969 0.0898258 
0.00890952 -0.0169302 0.000191386 -0.000182476 -0.0169302 0.0857137 -0.000191735 0.000365569 0.000191386 -0.000191735 0.0103168 -0.0184358 -0.000182476 0.000365569 -0.0184358 0.0891479 
0.00892953 -0.0169495 0.000212094 -0.00017943 -0.0169495 0.0858668 -0.000197262 0.000334106 0.000212094 -0.000197262 0.0103279 -0.0184705 -0.00017943 0.000334106 -0.0184705 0.0892843 
0.008905 -0.0169189 0.000209514 -0.000199492 -0.0169189 0.0857065 -0.000219816 0.000355559 0.000209514 -0.000219816 0.0103256 -0.0184379 -0.000199492 0.000355559 -0.0184379 0.0891416 
0.00887437 -0.0168943 0.000196324 -0.000200327 -0.0168943 0.0856375 -0.000214238 0.000365645 0.000196324 -0.000214238 0.0103594 -0.0184619 -0.000200327 0.000365645 -0.0184619 0.0891854 
0.00888576 -0.0169186 0.000185648 -0.000194632 -0.0169186 0.08583 -0.000193486 0.000349415 0.000185648 -0.000193486 0.0104104 -0.0185441 -0.000194632 0.000349415 -0.0185441 0.0894924 
0.00890268 -0.0169283 0.000179335 -0.000192415 -0.0169283 0.0859166 -0.000174736 0.000328201 0.000179335 -0.000174736 0.0104447 -0.0186023 -0.000192415 0.000328201 -0.0186023 0.089706 
0.00885946 -0.0168945 0.000166195 -0.000195316 -0.0168945 0.0856885 -0.00017115 0.000329413 0.000166195 -0.00017115 0.010434 -0.0185645 -0.000195316 0.000329413 -0.0185645 0.0894964 
0.00894532 -0.0169656 0.000144947 -0.000184739 -0.0169656 0.0861592 -0.000162382 0.000324136 0.000144947 -0.000162382 0.0104843 -0.0187193 -0.000184739 0.000324136 -0.0187193 0.0901419 
0.00891452 -0.0168984 0.000151057 -0.000149913 -0.0168984 0.0856622 -0.000138322 0.000271818 0.000151057 -0.000138322 0.0104078 -0.0186025 -0.000149913 0.000271818 -0.0186025 0.0896531 
0.00893797 -0.0169302 0.000187032 -0.000148164 -0.0169302 0.0857253 -0.000148152 0.000248312 0.000187032 -0.000148152 0.0103981 -0.0185814 -0.000148164 0.000248312 -0.0185814 0.0896171 
0.00896227 -0.0169681 0.000184584 -0.000184502 -0.0169681 0.085826 -0.000193797 0.000305392 0.000184584 -0.000193797 0.0103956 -0.0185686 -0.000184502 0.000305392 -0.0185686 0.089583 
0.00898871 -0.017038 0.000187152 -0.000189431 -0.017038 0.0860842 -0.000200561 0.000355925 0.000187152 -0.000200561 0.0103949 -0.018584 -0.000189431 0.000355925 -0.018584 0.0896785 
0.00900029 -0.0171146 0.000180109 -0.000187628 -0.0171146 0.0864588 -0.000199797 0.000361263 0.000180109 -0.000199797 0.0104386 -0.0186272 -0.000187628 0.000361263 -0.0186272 0.0899345 
0.00897026 -0.0171097 0.000158305 -0.000169614 -0.0171097 0.0865476 -0.000176565 0.000314105 0.000158305 -0.000176565 0.0104783 -0.0186559 -0.000169614 0.000314105 -0.0186559 0.0900201 
0.0088801 -0.0169876 0.000144883 -0.000142961 -0.0169876 0.0861134 -0.000139681 0.000234839 0.000144883 -0.000139681 0.0104752 -0.0186236 -0.000142961 0.000234839 -0.0186236 0.0897424 
0.00887067 -0.0169701 0.000138042 -0.00014287 -0.0169701 0.0862288 -0.000131844 0.000206935 0.000138042 -0.000131844 0.010511 -0.0187251 -0.00014287 0.000206935 -0.0187251 0.0901301 
0.00882469 -0.0167915 0.000127808 -0.000139191 -0.0167915 0.0854674 -0.000126222 0.000199479 0.000127808 -0.000126222 0.0104124 -0.0186231 -0.000139191 0.000199479 -0.0186231 0.08964 
0.00891097 -0.0169001 0.000129805 -0.000122134 -0.0169001 0.0859045 -0.000115275 0.000174741 0.000129805 -0.000115275 0.010442 -0.0186931 -0.000122134 0.000174741 -0.0186931 0.0901453 
0.00889295 -0.0168485 0.000144816 -0.000115948 -0.0168485 0.0854499 -0.00011731 0.000158362 0.000144816 -0.00011731 0.0103443 -0.0185153 -0.000115948 0.000158362 -0.0185153 0.0894362 
0.00897346 -0.0169728 0.000163652 -0.000143728 -0.0169728 0.0859466 -0.00014655 0.000208036 0.000163652 -0.00014655 0.0103566 -0.0185485 -0.000143728 0.000208036 -0.0185485 0.0896727 
0.00897572 -0.016984 0.000198602 -0.000171195 -0.016984 0.0858647 -0.000167868 0.000272239 0.000198602 -0.000167868 0.0103183 -0.018462 -0.000171195 0.000272239 -0.018462 0.0893183 
0.00896936 -0.0170856 0.000213534 -0.000207659 -0.0170856 0.0863371 -0.000200067 0.000339656 0.000213534 -0.000200067 0.0104091 -0.0185392 -0.000207659 0.000339656 -0.0185392 0.0896643 
0.00892934 -0.0170572 0.000246974 -0.0002274 -0.0170572 0.0863969 -0.000219952 0.000403885 0.000246974 -0.000219952 0.0104645 -0.0186042 -0.0002274 0.000403885 -0.0186042 0.089794 
0.00885414 -0.0169325 0.000229893 -0.000258989 -0.0169325 0.0859655 -0.000252653 0.000466326 0.000229893 -0.000252653 0.0104554 -0.0186057 -0.000258989 0.000466326 -0.0186057 0.0896313 
0.00878842 -0.0168116 0.000215914 -0.000231066 -0.0168116 0.0854968 -0.000224417 0.000441871 0.000215914 -0.000224417 0.0104261 -0.0185739 -0.000231066 0.000441871 -0.0185739 0.0894314 
0.00877527 -0.0167641 0.000215366 -0.000212202 -0.0167641 0.085352 -0.000207738 0.000392523 0.000215366 -0.000207738 0.0104361 -0.0185828 -0.000212202 0.000392523 -0.0185828 0.0894859 
0.00882841 -0.0168223 0.000231022 -0.000208187 -0.0168223 0.0856602 -0.00020646 0.000363336 0.000231022 -0.00020646 0.0104909 -0.0186776 -0.000208187 0.000363336 -0.0186776 0.0899251 
0.00883628 -0.0167676 0.000244491 -0.000235869 -0.0167676 0.0852693 -0.000240657 0.000418976 0.000244491 -0.000240657 0.0104171 -0.0185843 -0.000235869 0.000418976 -0.0185843 0.0894794 
0.00885319 -0.0168852 0.000272183 -0.000261483 -0.0168852 0.0856691 -0.000271048 0.000503473 0.000272183 -0.000271048 0.0104731 -0.0186304 -0.000261483 0.000503473 -0.0186304 0.089769 
0.00887336 -0.0168816 0.000285384 -0.000288664 -0.0168816 0.0857387 -0.000299919 0.000575995 0.000285384 -0.000299919 0.0104674 -0.0186563 -0.000288664 0.000575995 -0.0186563 0.0898025 
0.00886904 -0.0168996 0.000286954 -0.000300356 -0.0168996 0.0857474 -0.000307707 0.000613802 0.000286954 -0.000307707 0.0104539 -0.0186308 -0.000300356 0.000613802 -0.0186308 0.0897408 
0.00884654 -0.0168817 0.000281581 -0.000302534 -0.0168817 0.085683 -0.000302899 0.000619772 0.000281581 -0.000302899 0.0104645 -0.0186051 -0.000302534 0.000619772 -0.0186051 0.0896283 
0.00883975 -0.0169094 0.000260184 -0.000290606 -0.0169094 0.0858994 -0.000284785 0.000581131 0.000260184 -0.000284785 0.0105314 -0.0186898 -0.000290606 0.000581131 -0.0186898 0.08993 
0.00879685 -0.0167935 0.000248474 -0.000258561 -0.0167935 0.085438 -0.000252399 0.000507227 0.000248474 -0.000252399 0.0104993 -0.018658 -0.000258561 0.000507227 -0.018658 0.0896398 
0.00882733 -0.016844 0.000259886 -0.000246765 -0.016844 0.0856566 -0.000246195 0.000464343 0.000259886 -0.000246195 0.0105331 -0.0187217 -0.000246765 0.000464343 -0.0187217 0.0899504 
0.00884379 -0.0168197 0.000258716 -0.000258869 -0.0168197 0.0854902 -0.000264002 0.0004753 0.000258716 -0.000264002 0.0104909 -0.0186772 -0.000258869 0.0004753 -0.0186772 0.0897526 
0.00892581 -0.0169024 0.000212891 -0.000262511 -0.0169024 0.0857707 -0.000267695 0.000495969 0.000212891 -0.000267695 0.0104742 -0.0187069 -0.000262511 0.000495969 -0.0187069 0.0899525 
0.00891585 -0.0169804 0.000182538 -0.000218514 -0.0169804 0.0858952 -0.000220093 0.000446371 0.000182538 -0.000220093 0.0104692 -0.0186162 -0.000218514 0.000446371 -0.0186162 0.0897161 
0.00889958 -0.0170077 0.000150597 -0.000175757 -0.0170077 0.0861261 -0.000172265 0.000333711 0.000150597 -0.000172265 0.0104959 -0.0186478 -0.000175757 0.000333711 -0.0186478 0.0897838 
0.00889703 -0.0170104 0.00013444 -0.00013443 -0.0170104 0.0863032 -0.000124435 0.000213315 0.00013444 -0.000124435 0.0105107 -0.0187061 -0.00013443 0.000213315 -0.0187061 0.0900103 
0.00889708 -0.0169526 0.000138587 -0.000107888 -0.0169526 0.0861165 -0.000101009 0.000120233 0.000138587 -0.000101009 0.0104733 -0.0186763 -0.000107888 0.000120233 -0.0186763 0.0899105 
0.00891064 -0.0169457 0.00011756 -0.000106049 -0.0169457 0.0860438 -0.000105625 8.26996e-05 0.00011756 -0.000105625 0.0104651 -0.0186569 -0.000106049 8.26996e-05 -0.0186569 0.0898922 
0.00891374 -0.0168717 0.000125866 -8.12961e-05 -0.0168717 0.0856055 -8.44759e-05 4.13399e-05 0.000125866 -8.44759e-05 0.0104032 -0.0185621 -8.12961e-05 4.13399e-05 -0.0185621 0.0894462 
0.00891898 -0.0169359 0.000149708 -0.000107676 -0.0169359 0.0856828 -0.00010932 7.89821e-05 0.000149708 -0.00010932 0.0103962 -0.0185194 -0.000107676 7.89821e-05 -0.0185194 0.0893195 
0.00888813 -0.0169779 0.00016399 -0.000142501 -0.0169779 0.0858698 -0.000137356 0.000151739 0.00016399 -0.000137356 0.0104162 -0.0185152 -0.000142501 0.000151739 -0.0185152 0.0892955 
0.00886365 -0.0169715 0.000190775 -0.000162257 -0.0169715 0.0860554 -0.000152595 0.000213024 0.000190775 -0.000152595 0.0104664 -0.018586 -0.000162257 0.000213024 -0.018586 0.0895376 
0.00890349 -0.0169722 0.000203255 -0.00019048 -0.0169722 0.0862512 -0.000188475 0.000286367 0.000203255 -0.000188475 0.0104995 -0.0186888 -0.00019048 0.000286367 -0.0186888 0.0899436 
0.00887661 -0.0169168 0.000199341 -0.000193262 -0.0169168 0.0859157 -0.000199864 0.000317743 0.000199341 -0.000199864 0.0104775 -0.0186393 -0.000193262 0.000317743 -0.0186393 0.0897391 
0.00889202 -0.0169875 0.000212358 -0.000198857 -0.0169875 0.0862279 -0.000206217 0.000348813 0.000212358 -0.000206217 0.0105074 -0.0187031 -0.000198857 0.000348813 -0.0187031 0.0900578 
0.00886989 -0.016905 0.000232005 -0.000213378 -0.016905 0.0859119 -0.000219156 0.000378997 0.000232005 -0.000219156 0.0104722 -0.0186536 -0.000213378 0.000378997 -0.0186536 0.0898165 
0.00884269 -0.0168892 0.000276932 -0.00024314 -0.0168892 0.0857974 -0.000248276 0.000445563 0.000276932 -0.000248276 0.0104892 -0.0186366 -0.00024314 0.000445563 -0.0186366 0.0897559 
0.00882774 -0.0168889 0.000287169 -0.000293877 -0.0168889 0.0858872 -0.000297259 0.000543578 0.000287169 -0.000297259 0.0105338 -0.0187144 -0.000293877 0.000543578 -0.0187144 0.090014 
0.00881229 -0.016865 0.000266117 -0.000310688 -0.016865 0.0858625 -0.000310212 0.000616773 0.000266117 -0.000310212 0.0105498 -0.0187543 -0.000310688 0.000616773 -0.0187543 0.0901563 
0.00881903 -0.0168182 0.000242788 -0.000279223 -0.0168182 0.0856879 -0.000272259 0.00057641 0.000242788 -0.000272259 0.0105136 -0.018749 -0.000279223 0.00057641 -0.018749 0.0901247 
0.00881834 -0.0168118 0.000237049 -0.000253725 -0.0168118 0.0855437 -0.000244517 0.00051312 0.000237049 -0.000244517 0.0104874 -0.018678 -0.000253725 0.00051312 -0.018678 0.0899202 
0.00887161 -0.0168611 0.000233213 -0.000239352 -0.0168611 0.0857432 -0.000232319 0.000455249 0.000233213 -0.000232319 0.0104957 -0.0187065 -0.000239352 0.000455249 -0.0187065 0.0900556 
0.00887948 -0.0169366 0.000255767 -0.000226773 -0.0169366 0.0859793 -0.000224064 0.00041223 0.000255767 -0.000224064 0.0105365 -0.018727 -0.000226773 0.00041223 -0.018727 0.0901808 
0.00885558 -0.0168725 0.000283491 -0.000262176 -0.0168725 0.0857018 -0.00026283 0.000466441 0.000283491 -0.00026283 0.0105027 -0.0186802 -0.000262176 0.000466441 -0.0186802 0.0898503 
0.00889114 -0.0168915 0.000271971 -0.000288135 -0.0168915 0.0857859 -0.000293088 0.000528949 0.000271971 -0.000293088 0.010495 -0.0187185 -0.000288135 0.000528949 -0.0187185 0.0899932 
0.00892158 -0.0169858 0.000261104 -0.000280292 -0.0169858 0.086113 -0.000288923 0.000553462 0.000261104 -0.000288923 0.0105291 -0.0187336 -0.000280292 0.000553462 -0.0187336 0.090185 
0.00892019 -0.0170365 0.000235011 -0.000250312 -0.0170365 0.0863767 -0.000260439 0.000492317 0.000235011 -0.000260439 0.0105892 -0.0187779 -0.000250312 0.000492317 -0.0187779 0.0903522 
0.00881824 -0.0168652 0.00022039 -0.000213859 -0.0168652 0.0856151 -0.000216424 0.000391747 0.00022039 -0.000216424 0.0105293 -0.0186533 -0.000213859 0.000391747 -0.0186533 0.0896081 
0.00883722 -0.0168606 0.000242863 -0.000209897 -0.0168606 0.0856882 -0.0002065 0.000349003 0.000242863 -0.0002065 0.0105439 -0.0187225 -0.000209897 0.000349003 -0.0187225 0.0898357 
0.00885937 -0.0168755 0.000252451 -0.000242262 -0.0168755 0.0857071 -0.000238573 0.000391721 0.000252451 -0.000238573 0.0105406 -0.0187237 -0.000242262 0.000391721 -0.0187237 0.089891 
0.00888627 -0.0169328 0.000251547 -0.000256032 -0.0169328 0.0858905 -0.000250051 0.000435942 0.000251547 -0.000250051 0.0105335 -0.0187264 -0.000256032 0.000435942 -0.0187264 0.0899584 
0.00892936 -0.0170141 0.000246523 -0.000244945 -0.0170141 0.0862683 -0.000238764 0.000420221 0.000246523 -0.000238764 0.0105463 -0.018765 -0.000244945 0.000420221 -0.018765 0.0902057 
0.00885001 -0.0169073 0.000239382 -0.000231527 -0.0169073 0.0857204 -0.00022968 0.000387485 0.000239382 -0.00022968 0.0104989 -0.0186133 -0.000231527 0.000387485 -0.0186133 0.0895288 
0.00883989 -0.0169521 0.000217104 -0.000221797 -0.0169521 0.0860452 -0.000227669 0.000366508 0.000217104 -0.000227669 0.010593 -0.0187138 -0.000221797 0.000366508 -0.0187138 0.0898963 
0.00880152 -0.0168788 0.0002288 -0.000196339 -0.0168788 0.0858181 -0.000205052 0.000326543 0.0002288 -0.000205052 0.0105876 -0.0187202 -0.000196339 0.000326543 -0.0187202 0.0897722 
0.00883535 -0.0169244 0.000233524 -0.000224161 -0.0169244 0.0861171 -0.000228093 0.000356473 0.000233524 -0.000228093 0.0106311 -0.018819 -0.000224161 0.000356473 -0.018819 0.0902201 
0.00880429 -0.0168452 0.000225252 -0.000238193 -0.0168452 0.0857066 -0.000237967 0.000406697 0.000225252 -0.000237967 0.0105957 -0.0187379 -0.000238193 0.000406697 -0.0187379 0.0898519 
0.00880459 -0.0169002 0.00022579 -0.000220431 -0.0169002 0.0859628 -0.000218177 0.000385543 0.00022579 -0.000218177 0.0106586 -0.0188234 -0.000220431 0.000385543 -0.0188234 0.0902046 
0.00881684 -0.0168681 0.000232058 -0.000204082 -0.0168681 0.0859483 -0.000202224 0.000324587 0.000232058 -0.000202224 0.0106696 -0.0188961 -0.000204082 0.000324587 -0.0188961 0.0904326 
0.00874452 -0.0167765 0.000238826 -0.000213378 -0.0167765 0.0854404 -0.00021173 0.000317043 0.000238826 -0.00021173 0.0106486 -0.0188123 -0.000213378 0.000317043 -0.0188123 0.0900698 
0.00875966 -0.0167531 0.000253593 -0.000220374 -0.0167531 0.0854175 -0.000218005 0.00032304 0.000253593 -0.000218005 0.0106507 -0.0188617 -0.000220374 0.00032304 -0.0188617 0.0902102 
0.00879937 -0.0168088 0.00026235 -0.000242704 -0.0168088 0.0856073 -0.000242166 0.000368837 0.00026235 -0.000242166 0.0106634 -0.0188917 -0.000242704 0.000368837 -0.0188917 0.0904231 
0.00880696 -0.0168742 0.000276887 -0.000251255 -0.0168742 0.0858387 -0.000256413 0.000407991 0.000276887 -0.000256413 0.0106879 -0.0189035 -0.000251255 0.000407991 -0.0189035 0.0905404 
0.0088003 -0.016873 0.000265239 -0.000270817 -0.016873 0.0858888 -0.000281832 0.000463607 0.000265239 -0.000281832 0.0106915 -0.0189013 -0.000270817 0.000463607 -0.0189013 0.0905062 
0.00877329 -0.0167664 0.000221368 -0.000252178 -0.0167664 0.0854042 -0.000264276 0.000457065 0.000221368 -0.000264276 0.0106237 -0.0188072 -0.000252178 0.000457065 -0.0188072 0.0900238 
0.00888853 -0.0169013 0.000193826 -0.000199792 -0.0169013 0.0860003 -0.000202919 0.000353118 0.000193826 -0.000202919 0.0106636 -0.0189297 -0.000199792 0.000353118 -0.0189297 0.0906411 
0.00893455 -0.0169619 0.000157186 -0.000166516 -0.0169619 0.0860718 -0.000163642 0.000243303 0.000157186 -0.000163642 0.0106225 -0.0188788 -0.000166516 0.000243303 -0.0188788 0.0905246 
0.00893479 -0.0169651 0.000144378 -0.000139449 -0.0169651 0.0858871 -0.000134613 0.000181283 0.000144378 -0.000134613 0.0105532 -0.0187369 -0.000139449 0.000181283 -0.0187369 0.0899765 
0.00894211 -0.0170434 0.000121911 -0.000119306 -0.0170434 0.0861719 -0.000116377 0.000121965 0.000121911 -0.000116377 0.010551 -0.0187239 -0.000119306 0.000121965 -0.0187239 0.0899579 
0.0088937 -0.0170355 0.000150228 -9.65188e-05 -0.0170355 0.086204 -9.60025e-05 7.60059e-05 0.000150228 -9.60025e-05 0.0105611 -0.0186925 -9.65188e-05 7.60059e-05 -0.0186925 0.0898231 
0.00885772 -0.0169166 0.000157634 -0.000129247 -0.0169166 0.0858435 -0.000132059 0.000112002 0.000157634 -0.000132059 0.0105287 -0.018667 -0.000129247 0.000112002 -0.018667 0.0895816 
0.00892264 -0.0169423 0.000145118 -0.000134792 -0.0169423 0.0860004 -0.000138427 0.000141029 0.000145118 -0.000138427 0.0105393 -0.0187446 -0.000134792 0.000141029 -0.0187446 0.0899518 
0.00888484 -0.0169776 0.000155707 -0.000122413 -0.0169776 0.0859715 -0.000123101 0.000130623 0.000155707 -0.000123101 0.010553 -0.0187001 -0.000122413 0.000130623 -0.0187001 0.0898703 
0.00882491 -0.0169188 0.000154265 -0.000136689 -0.0169188 0.0858263 -0.000131071 0.000136048 0.000154265 -0.000131071 0.010573 -0.0186966 -0.000136689 0.000136048 -0.0186966 0.0897532 
0.00880977 -0.0168782 0.000165327 -0.000147105 -0.0168782 0.0858223 -0.000136785 0.000167988 0.000165327 -0.000136785 0.0106102 -0.0187775 -0.000147105 0.000167988 -0.0187775 0.0899962 
0.00882928 -0.0168347 0.000167637 -0.000159608 -0.0168347 0.0856855 -0.000150141 0.000200553 0.000167637 -0.000150141 0.01059 -0.0188148 -0.000159608 0.000200553 -0.0188148 0.0901255 
0.00887073 -0.0168516 0.000159792 -0.000161055 -0.0168516 0.0856502 -0.000162468 0.000231756 0.000159792 -0.000162468 0.0105539 -0.0187958 -0.000161055 0.000231756 -0.0187958 0.0901543 
0.00889971 -0.016905 0.000150994 -0.000150584 -0.016905 0.0857285 -0.000163586 0.000242387 0.000150994 -0.000163586 0.0105234 -0.0187453 -0.000150584 0.000242387 -0.0187453 0.0900665 
0.00892845 -0.0169618 0.000167627 -0.000134714 -0.0169618 0.0859264 -0.000148817 0.000215308 0.000167627 -0.000148817 0.0105171 -0.0187293 -0.000134714 0.000215308 -0.0187293 0.0900653 
0.00887473 -0.0169385 0.000167065 -0.000162589 -0.0169385 0.0857379 -0.000172348 0.00024967 0.000167065 -0.000172348 0.0104849 -0.0186299 -0.000162589 0.00024967 -0.0186299 0.089643 
0.00887833 -0.0169184 0.000147512 -0.00016237 -0.0169184 0.0857716 -0.000165759 0.0002624 0.000147512 -0.000165759 0.0104868 -0.0186364 -0.00016237 0.0002624 -0.0186364 0.0896198 
0.00892188 -0.0169914 0.000161939 -0.000132645 -0.0169914 0.0861451 -0.000134139 0.0002055 0.000161939 -0.000134139 0.0105334 -0.0187214 -0.000132645 0.0002055 -0.0187214 0.0900202 
0.00889465 -0.0169744 0.000185999 -0.000142954 -0.0169744 0.0860466 -0.000145148 0.000185458 0.000185999 -0.000145148 0.010536 -0.018704 -0.000142954 0.000185458 -0.018704 0.0899323 
