0.00620673 0 -0.000479667 0 0 0.00997904 0 0 -0.000479667 0 0.00790722 0 0 0 0 0.00997904 
0.00876805 -0.0109089 -0.000578935 0.000704954 -0.0109089 0.0300019 0.000704954 -0.00135178 -0.000578935 0.000704954 0.011061 -0.0137057 0.000704954 -0.00135178 -0.0137057 0.0353647 
0.00900256 -0.0170288 -0.000475488 0.000706953 -0.0170288 0.0636161 0.000706953 -0.00219298 -0.000475488 0.000706953 0.0108937 -0.0200595 0.000706953 -0.00219298 -0.0200595 0.0730894 
0.0086187 -0.0171768 -0.000447479 0.000385854 -0.0171768 0.0782346 0.000392953 -0.00102078 -0.000447479 0.000392953 0.0101367 -0.0190755 0.000385854 -0.00102078 -0.0190755 0.0843749 
0.00865875 -0.0167323 -0.000504706 0.000380037 -0.0167323 0.0824643 0.000397046 -0.000439874 -0.000504706 0.000397046 0.0100785 -0.0183011 0.000380037 -0.000439874 -0.0183011 0.0865547 
0.00885518 -0.0168121 -0.000521085 0.000492821 -0.0168121 0.0843921 0.000517789 -0.000631355 -0.000521085 0.000517789 0.0102626 -0.0183324 0.000492821 -0.000631355 -0.0183324 0.088002 
0.00897053 -0.0169825 -0.000509429 0.000532767 -0.0169825 0.0854498 0.000557384 -0.000910232 -0.000509429 0.000557384 0.0103947 -0.0184881 0.000532767 -0.000910232 -0.0184881 0.0889699 
0.00908356 -0.0171693 -0.000505477 0.000521642 -0.0171693 0.0864717 0.000534809 -0.00101185 -0.000505477 0.000534809 0.0105112 -0.0186757 0.000521642 -0.00101185 -0.0186757 0.0899357 
0.00906075 -0.0171223 -0.000490096 0.00049549 -0.0171223 0.0862982 0.000498687 -0.000970091 -0.000490096 0.000498687 0.0105132 -0.0186716 0.00049549 -0.000970091 -0.0186716 0.0898593 
0.00907023 -0.0171561 -0.000486081 0.000475436 -0.0171561 0.0864962 0.00047112 -0.00090173 -0.000486081 0.00047112 0.0105526 -0.0187581 0.000475436 -0.00090173 -0.0187581 0.0901966 
0.00902352 -0.0170422 -0.000477875 0.000474905 -0.0170422 0.0859315 0.000473371 -0.000883821 -0.000477875 0.000473371 0.0104942 -0.0186449 0.000474905 -0.000883821 -0.0186449 0.0896493 
0.0090495 -0.0171229 -0.000453527 0.000464127 -0.0171229 0.086269 0.00046827 -0.000865523 -0.000453527 0.00046827 0.0105611 -0.018721 0.000464127 -0.000865523 -0.018721 0.0899926 
0.00899248 -0.0170772 -0.000418292 0.000440156 -0.0170772 0.0860897 0.00044271 -0.000824338 -0.000418292 0.00044271 0.0105887 -0.0187322 0.000440156 -0.000824338 -0.0187322 0.0899164 
0.00897229 -0.0170265 -0.000408355 0.000407878 -0.0170265 0.0859611 0.000406325 -0.000764535 -0.000408355 0.000406325 0.010592 -0.018764 0.000407878 -0.000764535 -0.018764 0.0899394 
0.00897196 -0.0170026 -0.000391992 0.000399455 -0.0170026 0.0858708 0.000398681 -0.00073039 -0.000391992 0.000398681 0.0105669 -0.0187779 0.000399455 -0.00073039 -0.0187779 0.0899942 
0.00897955 -0.0169844 -0.000394241 0.000383265 -0.0169844 0.0857418 0.000386659 -0.000709033 -0.000394241 0.000386659 0.0105223 -0.0187282 0.000383265 -0.000709033 -0.0187282 0.0898677 
0.00906373 -0.0171106 -0.000414152 0.000388587 -0.0171106 0.0863006 0.000398345 -0.000718144 -0.000414152 0.000398345 0.0105488 -0.0188064 0.000388587 -0.000718144 -0.0188064 0.0903554 
0.00906916 -0.0171304 -0.000397444 0.000403999 -0.0171304 0.0863179 0.000419067 -0.000750741 -0.000397444 0.000419067 0.0105305 -0.0187692 0.000403999 -0.000750741 -0.0187692 0.0902725 
0.00904557 -0.0171656 -0.000378896 0.000382406 -0.0171656 0.0864745 0.000396965 -0.000734453 -0.000378896 0.000396965 0.0105612 -0.0187735 0.000382406 -0.000734453 -0.0187735 0.0903363 
0.00899427 -0.0170716 -0.000379528 0.000367162 -0.0170716 0.086154 0.0003744 -0.000697197 -0.000379528 0.0003744 0.0105475 -0.0187198 0.000367162 -0.000697197 -0.0187198 0.0900127 
0.00897657 -0.0170177 -0.000367064 0.000369253 -0.0170177 0.0859614 0.000370423 -0.000677363 -0.000367064 0.000370423 0.0105165 -0.0187233 0.000369253 -0.000677363 -0.0187233 0.0899422 
0.00899236 -0.0170517 -0.000342021 0.000364878 -0.0170517 0.0861221 0.000363426 -0.00067746 -0.000342021 0.000363426 0.010517 -0.0187435 0.000364878 -0.00067746 -0.0187435 0.0901349 
0.00899158 -0.0170219 -0.000348159 0.000332684 -0.0170219 0.085991 0.000333916 -0.000627592 -0.000348159 0.000333916 0.0104782 -0.0186905 0.000332684 -0.000627592 -0.0186905 0.0899605 
0.00907047 -0.0170959 -0.000318615 0.000341242 -0.0170959 0.0863397 0.000344054 -0.000617541 -0.000318615 0.000344054 0.0105054 -0.0187535 0.000341242 -0.000617541 -0.0187535 0.0903127 
0.00907265 -0.0170516 -0.000279941 0.000301132 -0.0170516 0.0859502 0.000302771 -0.000553582 -0.000279941 0.000302771 0.0104125 -0.0186387 0.000301132 -0.000553582 -0.0186387 0.0898149 
0.00906617 -0.0170898 -0.000232756 0.000260617 -0.0170898 0.0859675 0.000259372 -0.000463038 -0.000232756 0.000259372 0.0103733 -0.0185771 0.000260617 -0.000463038 -0.0185771 0.0896502 
0.00904633 -0.0171291 -0.000243234 0.000217109 -0.0171291 0.086177 0.000216016 -0.000378613 -0.000243234 0.000216016 0.0104097 -0.0185605 0.000217109 -0.000378613 -0.0185605 0.0896629 
0.00905141 -0.0171084 -0.000243777 0.000227005 -0.0171084 0.0862524 0.000225292 -0.000354218 -0.000243777 0.000225292 0.0104375 -0.0186142 0.000227005 -0.000354218 -0.0186142 0.0897832 
0.00907322 -0.0171494 -0.000238378 0.000228655 -0.0171494 0.0864372 0.000227311 -0.0003605 -0.000238378 0.000227311 0.0104487 -0.0186616 0.000228655 -0.0003605 -0.0186616 0.0899972 
0.00908537 -0.0171753 -0.000259301 0.000220447 -0.0171753 0.0865628 0.000221243 -0.000351135 -0.000259301 0.000221243 0.0104546 -0.0186722 0.000220447 -0.000351135 -0.0186722 0.0900999 
0.00906318 -0.0171256 -0.000277698 0.000246213 -0.0171256 0.0863246 0.000252922 -0.000394111 -0.000277698 0.000252922 0.0104291 -0.0186077 0.000246213 -0.000394111 -0.0186077 0.089813 
0.0090554 -0.0171236 -0.000275731 0.000271844 -0.0171236 0.0863036 0.000278904 -0.000460967 -0.000275731 0.000278904 0.0104354 -0.0186062 0.000271844 -0.000460967 -0.0186062 0.0897763 
0.00900259 -0.017133 -0.000297026 0.000278002 -0.017133 0.0863486 0.000278613 -0.000500512 -0.000297026 0.000278613 0.0104777 -0.0186094 0.000278002 -0.000500512 -0.0186094 0.0897793 
0.0089969 -0.0171074 -0.000345724 0.000306684 -0.0171074 0.0864841 0.000300992 -0.000548391 -0.000345724 0.000300992 0.010534 -0.0187241 0.000306684 -0.000548391 -0.0187241 0.0901383 
0.00897673 -0.0170227 -0.000353878 0.000357718 -0.0170227 0.0861673 0.0003479 -0.000634346 -0.000353878 0.0003479 0.0105255 -0.0187423 0.000357718 -0.000634346 -0.0187423 0.0901397 
0.00894501 -0.0169755 -0.000374929 0.000370754 -0.0169755 0.0859092 0.000360036 -0.000699664 -0.000374929 0.000360036 0.0105338 -0.0187336 0.000370754 -0.000699664 -0.0187336 0.0901012 
0.0089901 -0.0170105 -0.000403241 0.00040808 -0.0170105 0.0861104 0.000394968 -0.000787373 -0.000403241 0.000394968 0.0105756 -0.0188247 0.00040808 -0.000787373 -0.0188247 0.0904684 
0.00901752 -0.0170206 -0.000435546 0.000436934 -0.0170206 0.0860594 0.000428147 -0.000869249 -0.000435546 0.000428147 0.0105822 -0.018829 0.000436934 -0.000869249 -0.018829 0.09048 
0.0090299 -0.0170619 -0.000429865 0.000475235 -0.0170619 0.0860998 0.000471268 -0.000966325 -0.000429865 0.000471268 0.0105805 -0.0188187 0.000475235 -0.000966325 -0.0188187 0.0904259 
0.00896747 -0.0169969 -0.000436621 0.000451743 -0.0169969 0.0857329 0.000450754 -0.000954919 -0.000436621 0.000450754 0.0105041 -0.018731 0.000451743 -0.000954919 -0.018731 0.089976 
0.00896634 -0.0170244 -0.000432997 0.000456209 -0.0170244 0.0859574 0.000460715 -0.000948286 -0.000432997 0.000460715 0.0104921 -0.0187429 0.000456209 -0.000948286 -0.0187429 0.0901419 
0.00896491 -0.0170089 -0.000415632 0.000444277 -0.0170089 0.0859888 0.000454078 -0.000929941 -0.000415632 0.000454078 0.0104715 -0.0187111 0.000444277 -0.000929941 -0.0187111 0.0901195 
0.00893482 -0.0169292 -0.000387244 0.000422141 -0.0169292 0.085614 0.000435064 -0.000890994 -0.000387244 0.000435064 0.010432 -0.0185971 0.000422141 -0.000890994 -0.0185971 0.0896551 
0.00900676 -0.0170576 -0.000370071 0.000389568 -0.0170576 0.0862399 0.000404135 -0.000822961 -0.000370071 0.000404135 0.010508 -0.0187342 0.000389568 -0.000822961 -0.0187342 0.090277 
0.00898119 -0.0169724 -0.000347497 0.000367653 -0.0169724 0.0857882 0.000379096 -0.000756128 -0.000347497 0.000379096 0.0104437 -0.0186343 0.000367653 -0.000756128 -0.0186343 0.0897867 
0.00900935 -0.0169714 -0.000330236 0.000354391 -0.0169714 0.0856985 0.000355767 -0.000713733 -0.000330236 0.000355767 0.0104106 -0.0186049 0.000354391 -0.000713733 -0.0186049 0.089659 
0.00908904 -0.0171222 -0.000339394 0.000331675 -0.0171222 0.0862994 0.000326109 -0.000647601 -0.000339394 0.000326109 0.0104596 -0.0186972 0.000331675 -0.000647601 -0.0186972 0.0901707 
0.00910838 -0.0171821 -0.000333145 0.000336048 -0.0171821 0.0865066 0.000327619 -0.000616212 -0.000333145 0.000327619 0.0104532 -0.0186942 0.000336048 -0.000616212 -0.0186942 0.0902034 
0.00906417 -0.0171267 -0.0003361 0.000336255 -0.0171267 0.0862368 0.000329825 -0.000622255 -0.0003361 0.000329825 0.0104105 -0.018607 0.000336255 -0.000622255 -0.018607 0.0898153 
0.00907741 -0.0171573 -0.000318343 0.000341323 -0.0171573 0.0864584 0.000340266 -0.000640503 -0.000318343 0.000340266 0.0104374 -0.0186539 0.000341323 -0.000640503 -0.0186539 0.0900318 
0.00908144 -0.0171551 -0.000330987 0.000322545 -0.0171551 0.086465 0.000323191 -0.000627367 -0.000330987 0.000323191 0.01043 -0.0186445 0.000322545 -0.000627367 -0.0186445 0.0899997 
0.00902431 -0.0170439 -0.000325937 0.000330481 -0.0170439 0.0858924 0.000333099 -0.000623551 -0.000325937 0.000333099 0.010371 -0.0185066 0.000330481 -0.000623551 -0.0185066 0.0893586 
0.00905653 -0.0171028 -0.000324566 0.000315434 -0.0171028 0.0861621 0.000317839 -0.000589034 -0.000324566 0.000317839 0.0104333 -0.01856 0.000315434 -0.000589034 -0.01856 0.0895745 
0.00903654 -0.0171148 -0.000367331 0.000314418 -0.0171148 0.0861679 0.000316623 -0.000570694 -0.000367331 0.000316623 0.0104538 -0.018571 0.000314418 -0.000570694 -0.018571 0.0895139 
0.00908482 -0.0172031 -0.000409862 0.000377112 -0.0172031 0.08671 0.000377417 -0.000667372 -0.000409862 0.000377417 0.0105435 -0.0187376 0.000377112 -0.000667372 -0.0187376 0.0901841 
0.00900407 -0.0170955 -0.00042338 0.00042721 -0.0170955 0.0862124 0.000424022 -0.000793405 -0.00042338 0.000424022 0.0105 -0.018679 0.00042721 -0.000793405 -0.018679 0.0898379 
0.00899865 -0.0170597 -0.000448083 0.000455618 -0.0170597 0.0861751 0.000450019 -0.000900765 -0.000448083 0.000450019 0.0105205 -0.0187206 0.000455618 -0.000900765 -0.0187206 0.0900161 
0.00899374 -0.0170094 -0.000448172 0.000471713 -0.0170094 0.0859513 0.000465117 -0.000945653 -0.000448172 0.000465117 0.0104958 -0.0187164 0.000471713 -0.000945653 -0.0187164 0.0899799 
0.00898247 -0.0169697 -0.000443761 0.000470027 -0.0169697 0.0856779 0.000461798 -0.000954463 -0.000443761 0.000461798 0.0104543 -0.0186476 0.000470027 -0.000954463 -0.0186476 0.0897284 
0.00895075 -0.016983 -0.000457188 0.000462674 -0.016983 0.0856963 0.000449685 -0.000930463 -0.000457188 0.000449685 0.0104829 -0.0186485 0.000462674 -0.000930463 -0.0186485 0.0897547 
0.00903383 -0.0170479 -0.000493822 0.000473987 -0.0170479 0.0861741 0.00045315 -0.000914085 -0.000493822 0.00045315 0.0105349 -0.0187988 0.000473987 -0.000914085 -0.0187988 0.0903668 
0.00902204 -0.0170506 -0.000475338 0.000509499 -0.0170506 0.0860143 0.000487449 -0.000955487 -0.000475338 0.000487449 0.0104946 -0.0187242 0.000509499 -0.000955487 -0.0187242 0.0901165 
0.00902162 -0.0171027 -0.000479579 0.000504715 -0.0171027 0.0862335 0.000483472 -0.000990842 -0.000479579 0.000483472 0.0105082 -0.0187183 0.000504715 -0.000990842 -0.0187183 0.0901495 
0.00903582 -0.0171235 -0.000472546 0.000500832 -0.0171235 0.0863798 0.000484667 -0.000986014 -0.000472546 0.000484667 0.0104821 -0.0187033 0.000500832 -0.000986014 -0.0187033 0.0900889 
0.00899781 -0.0170844 -0.000463776 0.00048727 -0.0170844 0.0861907 0.000481572 -0.000974193 -0.000463776 0.000481572 0.0104379 -0.0186131 0.00048727 -0.000974193 -0.0186131 0.0897436 
0.00900564 -0.0170914 -0.000475045 0.000474419 -0.0170914 0.0863146 0.000478719 -0.000961262 -0.000475045 0.000478719 0.0104299 -0.0186239 0.000474419 -0.000961262 -0.0186239 0.0898111 
0.00897706 -0.0170334 -0.000468883 0.000473375 -0.0170334 0.0861046 0.000487565 -0.000948731 -0.000468883 0.000487565 0.0104059 -0.0185926 0.000473375 -0.000948731 -0.0185926 0.0896902 
0.00900294 -0.0170105 -0.000455261 0.000471817 -0.0170105 0.0860595 0.000485435 -0.000950667 -0.000455261 0.000485435 0.0103767 -0.018606 0.000471817 -0.000950667 -0.018606 0.0897766 
0.00900793 -0.0170405 -0.000454198 0.000467999 -0.0170405 0.0860622 0.000478 -0.000956388 -0.000454198 0.000478 0.010359 -0.018542 0.000467999 -0.000956388 -0.018542 0.0896584 
0.00900705 -0.0170601 -0.000436817 0.000477875 -0.0170601 0.086133 0.00048568 -0.000983955 -0.000436817 0.00048568 0.0103549 -0.0185146 0.000477875 -0.000983955 -0.0185146 0.0895645 
0.00899115 -0.0169878 -0.000409857 0.000456848 -0.0169878 0.0858173 0.000464648 -0.000967327 -0.000409857 0.000464648 0.0103127 -0.0184472 0.000456848 -0.000967327 -0.0184472 0.0892061 
0.00906233 -0.0171172 -0.000406001 0.000424257 -0.0171172 0.0864268 0.000432171 -0.000905562 -0.000406001 0.000432171 0.0103971 -0.0185921 0.000424257 -0.000905562 -0.0185921 0.0898875 
0.00898526 -0.0169927 -0.000405926 0.00041035 -0.0169927 0.0857559 0.000415795 -0.000845639 -0.000405926 0.000415795 0.0103226 -0.0184516 0.00041035 -0.000845639 -0.0184516 0.0891894 
0.00895242 -0.0169881 -0.000408533 0.000408008 -0.0169881 0.0857739 0.000411942 -0.00081466 -0.000408533 0.000411942 0.0103493 -0.0184784 0.000408008 -0.00081466 -0.0184784 0.08928 
0.0089235 -0.016926 -0.000395901 0.000413639 -0.016926 0.0856112 0.000417371 -0.00081851 -0.000395901 0.000417371 0.0103467 -0.0184903 0.000413639 -0.00081851 -0.0184903 0.0892686 
0.00897192 -0.0169649 -0.000360226 0.000407822 -0.0169649 0.0858344 0.000407549 -0.000817818 -0.000360226 0.000407549 0.0103573 -0.0185446 0.000407822 -0.000817818 -0.0185446 0.0895631 
0.00904144 -0.0170637 -0.000348857 0.000364421 -0.0170637 0.0862617 0.000358598 -0.000740172 -0.000348857 0.000358598 0.010414 -0.0186258 0.000364421 -0.000740172 -0.0186258 0.0900218 
0.00906538 -0.016996 -0.000363453 0.000348157 -0.016996 0.085795 0.000336233 -0.000668411 -0.000363453 0.000336233 0.0103041 -0.0185094 0.000348157 -0.000668411 -0.0185094 0.0894451 
0.00912761 -0.0170794 -0.000372564 0.000376508 -0.0170794 0.0858702 0.000364165 -0.000699221 -0.000372564 0.000364165 0.0102334 -0.01842 0.000376508 -0.000699221 -0.01842 0.0891925 
0.00917629 -0.0172176 -0.000370128 0.000387412 -0.0172176 0.0863343 0.000383504 -0.000746342 -0.000370128 0.000383504 0.0102303 -0.0184122 0.000387412 -0.000746342 -0.0184122 0.0892963 
0.00912609 -0.0172582 -0.000384437 0.000383108 -0.0172582 0.0865174 0.000388831 -0.000770512 -0.000384437 0.000388831 0.0102475 -0.0183803 0.000383108 -0.000770512 -0.0183803 0.0892057 
0.00914264 -0.017281 -0.000402461 0.000397816 -0.017281 0.0869186 0.000406086 -0.000798981 -0.000402461 0.000406086 0.0103217 -0.0184977 0.000397816 -0.000798981 -0.0184977 0.0896604 
0.00905144 -0.0171336 -0.000425862 0.000414417 -0.0171336 0.0862861 0.00041589 -0.000824166 -0.000425862 0.00041589 0.0102935 -0.0184123 0.000414417 -0.000824166 -0.0184123 0.0891756 
0.00906283 -0.0171476 -0.000475713 0.000443368 -0.0171476 0.0864924 0.000439912 -0.000869969 -0.000475713 0.000439912 0.0103724 -0.0185385 0.000443368 -0.000869969 -0.0185385 0.0896538 
0.00903093 -0.0170754 -0.000485864 0.000497328 -0.0170754 0.0861729 0.000493536 -0.000966795 -0.000485864 0.000493536 0.0103676 -0.0185338 0.000497328 -0.000966795 -0.0185338 0.0895352 
0.00903305 -0.0171194 -0.000495084 0.000516628 -0.0171194 0.086359 0.000512326 -0.00104723 -0.000495084 0.000512326 0.0104167 -0.0185817 0.000516628 -0.00104723 -0.0185817 0.0897665 
0.00903147 -0.0171173 -0.000489616 0.000527402 -0.0171173 0.0863968 0.000519655 -0.00108309 -0.000489616 0.000519655 0.0104194 -0.0185989 0.000527402 -0.00108309 -0.0185989 0.0897898 
0.0090157 -0.0170798 -0.000501252 0.000521168 -0.0170798 0.086249 0.000512286 -0.00108374 -0.000501252 0.000512286 0.0104159 -0.0185795 0.000521168 -0.00108374 -0.0185795 0.089683 
0.00896621 -0.0170365 -0.000538306 0.0005311 -0.0170365 0.0860209 0.000524055 -0.00109231 -0.000538306 0.000524055 0.0104216 -0.0185368 0.0005311 -0.00109231 -0.0185368 0.0894516 
0.00893605 -0.0170311 -0.000547788 0.000573034 -0.0170311 0.0861249 0.000566738 -0.00115781 -0.000547788 0.000566738 0.0104839 -0.0186242 0.000573034 -0.00115781 -0.0186242 0.0897214 
0.00889411 -0.0169383 -0.000542898 0.000583992 -0.0169383 0.0858411 0.000572107 -0.00120018 -0.000542898 0.000572107 0.0104721 -0.0186523 0.000583992 -0.00120018 -0.0186523 0.089727 
0.00894386 -0.0169511 -0.000523824 0.000573068 -0.0169511 0.085974 0.000559873 -0.00118676 -0.000523824 0.000559873 0.0104643 -0.0187181 0.000573068 -0.00118676 -0.0187181 0.0900844 
0.00895803 -0.0169002 -0.00052156 0.000543875 -0.0169002 0.0855751 0.000537621 -0.00113607 -0.00052156 0.000537621 0.0103491 -0.0185839 0.000543875 -0.00113607 -0.0185839 0.0896266 
0.00904676 -0.0170641 -0.000538668 0.000542082 -0.0170641 0.0861869 0.00054991 -0.00112565 -0.000538668 0.00054991 0.0103795 -0.0186175 0.000542082 -0.00112565 -0.0186175 0.0900164 
0.00906115 -0.0170499 -0.000515185 0.000544026 -0.0170499 0.0860624 0.000559393 -0.00111733 -0.000515185 0.000559393 0.0103349 -0.0185619 0.000544026 -0.00111733 -0.0185619 0.0897644 
0.00909161 -0.0171118 -0.000508831 0.000531509 -0.0171118 0.0862283 0.000538452 -0.00110642 -0.000508831 0.000538452 0.0103323 -0.0185437 0.000531509 -0.00110642 -0.0185437 0.089755 
0.00906797 -0.0171241 -0.000531737 0.000525433 -0.0171241 0.08619 0.000519094 -0.00107257 -0.000531737 0.000519094 0.0103315 -0.0184786 0.000525433 -0.00107257 -0.0184786 0.0894795 
0.00905524 -0.0171235 -0.000533053 0.000555873 -0.0171235 0.0862256 0.000539964 -0.00109549 -0.000533053 0.000539964 0.01032 -0.0184734 0.000555873 -0.00109549 -0.0184734 0.089369 
0.00904032 -0.0171405 -0.000555631 0.000563513 -0.0171405 0.0863749 0.000547699 -0.00113013 -0.000555631 0.000547699 0.0103438 -0.0185044 0.000563513 -0.00113013 -0.0185044 0.0895076 
0.00902054 -0.0171035 -0.000555326 0.000586831 -0.0171035 0.0863109 0.000577789 -0.00118106 -0.000555326 0.000577789 0.0103395 -0.0185038 0.000586831 -0.00118106 -0.0185038 0.0894809 
0.0090215 -0.0170424 -0.00054797 0.000581923 -0.0170424 0.0861067 0.000580233 -0.00120343 -0.00054797 0.000580233 0.0103147 -0.0185029 0.000581923 -0.00120343 -0.0185029 0.0894426 
0.00902148 -0.0170179 -0.000551838 0.000575205 -0.0170179 0.0859067 0.00057946 -0.00121083 -0.000551838 0.00057946 0.0102887 -0.018459 0.000575205 -0.00121083 -0.018459 0.0893029 
0.00906065 -0.0170451 -0.000523793 0.000589369 -0.0170451 0.0859407 0.000592206 -0.00124372 -0.000523793 0.000592206 0.0102589 -0.0184368 0.000589369 -0.00124372 -0.0184368 0.089247 
0.00911399 -0.0171628 -0.000529817 0.000555902 -0.0171628 0.0864001 0.000557554 -0.00120607 -0.000529817 0.000557554 0.010298 -0.0184958 0.000555902 -0.00120607 -0.0184958 0.0896038 
0.00910635 -0.0171581 -0.000545692 0.000543697 -0.0171581 0.0863387 0.00054657 -0.00114311 -0.000545692 0.00054657 0.0102431 -0.0184488 0.000543697 -0.00114311 -0.0184488 0.089401 
0.00913661 -0.0172457 -0.000595699 0.000570357 -0.0172457 0.0867924 0.000575902 -0.00117374 -0.000595699 0.000575902 0.010276 -0.0184967 0.000570357 -0.00117374 -0.0184967 0.0897601 
0.00904509 -0.0171086 -0.000599265 0.000632228 -0.0171086 0.0861626 0.000638145 -0.00129305 -0.000599265 0.000638145 0.0101993 -0.0183223 0.000632228 -0.00129305 -0.0183223 0.088985 
0.00901645 -0.0170618 -0.000588182 0.000649391 -0.0170618 0.086023 0.000650365 -0.00138469 -0.000588182 0.000650365 0.0101956 -0.0182812 0.000649391 -0.00138469 -0.0182812 0.088775 
0.00903125 -0.0171388 -0.000598011 0.000640961 -0.0171388 0.0864791 0.000638928 -0.00139977 -0.000598011 0.000638928 0.0103053 -0.0184016 0.000640961 -0.00139977 -0.0184016 0.0892878 
0.00897511 -0.0170661 -0.00057872 0.00064146 -0.0170661 0.0862543 0.000635674 -0.00138159 -0.00057872 0.000635674 0.0103301 -0.018431 0.00064146 -0.00138159 -0.018431 0.0892373 
0.00895182 -0.0169946 -0.000588165 0.000610459 -0.0169946 0.086106 0.000601218 -0.00131398 -0.000588165 0.000601218 0.0103503 -0.0185265 0.000610459 -0.00131398 -0.0185265 0.089519 
0.00893763 -0.0169105 -0.000600341 0.000619301 -0.0169105 0.0857474 0.000611639 -0.00129639 -0.000600341 0.000611639 0.0103191 -0.0185139 0.000619301 -0.00129639 -0.0185139 0.0894751 
0.00902056 -0.0170059 -0.000600682 0.000654632 -0.0170059 0.0861253 0.000649255 -0.00137638 -0.000600682 0.000649255 0.0103478 -0.018581 0.000654632 -0.00137638 -0.018581 0.0899099 
0.00903481 -0.0170515 -0.000580098 0.000652531 -0.0170515 0.0861573 0.000647166 -0.00140881 -0.000580098 0.000647166 0.0103379 -0.0185345 0.000652531 -0.00140881 -0.0185345 0.0897748 
0.00905211 -0.0170755 -0.000553337 0.000633085 -0.0170755 0.0862026 0.000625754 -0.00139086 -0.000553337 0.000625754 0.0103348 -0.0185076 0.000633085 -0.00139086 -0.0185076 0.0896304 
0.0089854 -0.0170137 -0.000536617 0.000581342 -0.0170137 0.0858321 0.000571048 -0.00126984 -0.000536617 0.000571048 0.010298 -0.0184266 0.000581342 -0.00126984 -0.0184266 0.0891735 
0.00904813 -0.0170659 -0.000548589 0.000559795 -0.0170659 0.0862016 0.000549063 -0.00117877 -0.000548589 0.000549063 0.0103166 -0.0185301 0.000559795 -0.00117877 -0.0185301 0.0896013 
0.00910204 -0.0170914 -0.000589164 0.000557391 -0.0170914 0.0862486 0.000557294 -0.00113589 -0.000589164 0.000557294 0.0102836 -0.0185218 0.000557391 -0.00113589 -0.0185218 0.0896556 
0.00906792 -0.0171557 -0.000606092 0.000603782 -0.0171557 0.0863467 0.000616074 -0.00120859 -0.000606092 0.000616074 0.0103155 -0.0184608 0.000603782 -0.00120859 -0.0184608 0.0895314 
0.00905689 -0.0171321 -0.000619285 0.000628536 -0.0171321 0.0863727 0.000636473 -0.0012865 -0.000619285 0.000636473 0.0103146 -0.0184713 0.000628536 -0.0012865 -0.0184713 0.0894374 
0.00907101 -0.0171736 -0.000637564 0.000652697 -0.0171736 0.0866029 0.000649586 -0.00134256 -0.000637564 0.000649586 0.0103281 -0.0185087 0.000652697 -0.00134256 -0.0185087 0.0896172 
0.00907324 -0.017165 -0.000664621 0.000679004 -0.017165 0.0866056 0.000670827 -0.00140148 -0.000664621 0.000670827 0.0103168 -0.0184956 0.000679004 -0.00140148 -0.0184956 0.0895849 
0.00906935 -0.0171607 -0.000672828 0.000707862 -0.0171607 0.0866046 0.000700764 -0.00146587 -0.000672828 0.000700764 0.0103414 -0.0184963 0.000707862 -0.00146587 -0.0184963 0.089603 
0.00902122 -0.0170809 -0.000659724 0.0007205 -0.0170809 0.08623 0.000717167 -0.00152579 -0.000659724 0.000717167 0.0103345 -0.0184562 0.0007205 -0.00152579 -0.0184562 0.0893043 
0.00902587 -0.0170986 -0.000666546 0.00071082 -0.0170986 0.0863513 0.000709835 -0.00154153 -0.000666546 0.000709835 0.0103681 -0.018534 0.00071082 -0.00154153 -0.018534 0.0895682 
0.00898995 -0.0170216 -0.00064881 0.000705783 -0.0170216 0.0860069 0.000707411 -0.00152437 -0.00064881 0.000707411 0.0103286 -0.0184996 0.000705783 -0.00152437 -0.0184996 0.0893654 
0.00901768 -0.0170616 -0.000596139 0.000687172 -0.0170616 0.0861877 0.000688445 -0.00149072 -0.000596139 0.000688445 0.0103264 -0.0185216 0.000687172 -0.00149072 -0.0185216 0.0895525 
0.00900733 -0.0170253 -0.000560613 0.000613128 -0.0170253 0.0859964 0.000614432 -0.00134814 -0.000560613 0.000614432 0.010279 -0.0184603 0.000613128 -0.00134814 -0.0184603 0.0893362 
0.00903817 -0.0171167 -0.000563311 0.000576667 -0.0171167 0.0864163 0.000578562 -0.0012298 -0.000563311 0.000578562 0.0103243 -0.0185065 0.000576667 -0.0012298 -0.0185065 0.0896685 
0.00905173 -0.0170679 -0.000606599 0.000589169 -0.0170679 0.0862415 0.000591065 -0.00122054 -0.000606599 0.000591065 0.0102832 -0.0184763 0.000589169 -0.00122054 -0.0184763 0.0894849 
0.00905258 -0.0170501 -0.000599092 0.000632266 -0.0170501 0.0860287 0.000640135 -0.00129007 -0.000599092 0.000640135 0.0102438 -0.0184076 0.000632266 -0.00129007 -0.0184076 0.0892244 
0.00908299 -0.0171001 -0.000615734 0.000631172 -0.0171001 0.0861636 0.000640201 -0.00133939 -0.000615734 0.000640201 0.0102356 -0.0183975 0.000631172 -0.00133939 -0.0183975 0.089221 
0.00911377 -0.0171677 -0.000620862 0.000657915 -0.0171677 0.0864119 0.000666348 -0.00139813 -0.000620862 0.000666348 0.0102444 -0.0184014 0.000657915 -0.00139813 -0.0184014 0.0892896 
0.00913419 -0.0172306 -0.000642797 0.000660126 -0.0172306 0.0866803 0.000669211 -0.0014247 -0.000642797 0.000669211 0.0102625 -0.0184211 0.000660126 -0.0014247 -0.0184211 0.0893983 
0.00909638 -0.0171934 -0.000666635 0.000681678 -0.0171934 0.0865639 0.000691556 -0.0014574 -0.000666635 0.000691556 0.0102712 -0.0184248 0.000681678 -0.0014574 -0.0184248 0.0893451 
0.00903202 -0.0170726 -0.000686267 0.000705871 -0.0170726 0.086081 0.000712462 -0.00150242 -0.000686267 0.000712462 0.0102406 -0.0183723 0.000705871 -0.00150242 -0.0183723 0.089022 
0.00907848 -0.0171025 -0.000676836 0.000728109 -0.0171025 0.0863255 0.000729547 -0.00154301 -0.000676836 0.000729547 0.0102953 -0.0184857 0.000728109 -0.00154301 -0.0184857 0.0895187 
0.00907225 -0.0171427 -0.000684608 0.000721678 -0.0171427 0.0863982 0.000717453 -0.00155012 -0.000684608 0.000717453 0.0103354 -0.0184892 0.000721678 -0.00155012 -0.0184892 0.0895783 
0.00908028 -0.0171489 -0.000664466 0.000727153 -0.0171489 0.0864536 0.000715921 -0.0015381 -0.000664466 0.000715921 0.0103473 -0.0185136 0.000727153 -0.0015381 -0.0185136 0.0895903 
0.00906592 -0.0171679 -0.000617871 0.000702742 -0.0171679 0.086522 0.000692235 -0.00149746 -0.000617871 0.000692235 0.0103724 -0.0185288 0.000702742 -0.00149746 -0.0185288 0.0896334 
0.00900003 -0.0170857 -0.000585942 0.000637713 -0.0170857 0.0862302 0.00063316 -0.00137243 -0.000585942 0.00063316 0.0103884 -0.0185191 0.000637713 -0.00137243 -0.0185191 0.0894704 
0.00901255 -0.0170816 -0.000582687 0.000603739 -0.0170816 0.0863351 0.000598188 -0.00126678 -0.000582687 0.000598188 0.0104053 -0.0186041 0.000603739 -0.00126678 -0.0186041 0.0897566 
0.00904189 -0.0170661 -0.000575633 0.000601271 -0.0170661 0.0862624 0.000593832 -0.00122283 -0.000575633 0.000593832 0.0103667 -0.0186039 0.000601271 -0.00122283 -0.0186039 0.0898043 
0.00906105 -0.0171046 -0.000589242 0.000596761 -0.0171046 0.0862912 0.000594609 -0.00121814 -0.000589242 0.000594609 0.0103363 -0.0185405 0.000596761 -0.00121814 -0.0185405 0.0896861 
0.00904141 -0.0170808 -0.000582769 0.000595826 -0.0170808 0.0860851 0.00060179 -0.00120784 -0.000582769 0.00060179 0.0102673 -0.018422 0.000595826 -0.00120784 -0.018422 0.0892067 
0.00902274 -0.0170826 -0.000603363 0.000603268 -0.0170826 0.0861083 0.000614824 -0.00124431 -0.000603363 0.000614824 0.0102816 -0.0183935 0.000603268 -0.00124431 -0.0183935 0.0891102 
0.00903454 -0.017063 -0.000612836 0.000629873 -0.017063 0.0860977 0.000642928 -0.001303 -0.000612836 0.000642928 0.010279 -0.0184164 0.000629873 -0.001303 -0.0184164 0.0891257 
0.0090536 -0.0170807 -0.000609846 0.000648015 -0.0170807 0.0861358 0.000657612 -0.0013614 -0.000609846 0.000657612 0.0102729 -0.0184311 0.000648015 -0.0013614 -0.0184311 0.0892089 
0.00909061 -0.0171121 -0.00061848 0.000647572 -0.0171121 0.0862557 0.000650082 -0.00137939 -0.00061848 0.000650082 0.0102703 -0.018455 0.000647572 -0.00137939 -0.018455 0.089362 
0.00910066 -0.0171352 -0.000601963 0.000647162 -0.0171352 0.0862398 0.000645768 -0.00136417 -0.000601963 0.000645768 0.0102295 -0.0183962 0.000647162 -0.00136417 -0.0183962 0.0891873 
