0.00753205 0 0.000917948 0 0 0.00993095 0 0 0.000917948 0 0.00641357 0 0 0 0 0.00993095 
0.0106082 -0.0131533 0.00118788 -0.00144853 -0.0131533 0.034362 -0.00144853 0.00277714 0.00118788 -0.00144853 0.00920017 -0.0114357 -0.00144853 0.00277714 -0.0114357 0.0310683 
0.010454 -0.0192993 0.00101706 -0.00149668 -0.0192993 0.0706951 -0.00149668 0.00466131 0.00101706 -0.00149668 0.00928948 -0.0175332 -0.00149668 0.00466131 -0.0175332 0.0651881 
0.00980342 -0.0185012 0.000932219 -0.000947227 -0.0185012 0.082271 -0.000942754 0.00270098 0.000932219 -0.000942754 0.00877779 -0.0175391 -0.000947227 0.00270098 -0.0175391 0.0795886 
0.00984098 -0.0179842 0.0010089 -0.000906605 -0.0179842 0.0854265 -0.000913384 0.00170516 0.0010089 -0.000913384 0.00881265 -0.0170665 -0.000906605 0.00170516 -0.0170665 0.0840992 
0.00994585 -0.0179392 0.00103495 -0.00106556 -0.0179392 0.0865279 -0.00108667 0.00195447 0.00103495 -0.00108667 0.00894123 -0.016906 -0.00106556 0.00195447 -0.016906 0.0850116 
0.0100787 -0.0181492 0.00102277 -0.00113686 -0.0181492 0.0879106 -0.00116708 0.00237517 0.00102277 -0.00116708 0.00910814 -0.0170961 -0.00113686 0.00237517 -0.0170961 0.0860282 
0.0100763 -0.018138 0.000980936 -0.00109534 -0.018138 0.0880798 -0.00112027 0.00246273 0.000980936 -0.00112027 0.00913155 -0.0171233 -0.00109534 0.00246273 -0.0171233 0.0860559 
0.0100927 -0.018143 0.00095726 -0.00104821 -0.018143 0.0882245 -0.00106017 0.00238824 0.00095726 -0.00106017 0.00915173 -0.0171761 -0.00104821 0.00238824 -0.0171761 0.0862395 
0.0101462 -0.0181888 0.000933485 -0.00101434 -0.0181888 0.0884256 -0.00101043 0.00226271 0.000933485 -0.00101043 0.00913391 -0.0172225 -0.00101434 0.00226271 -0.0172225 0.0864613 
0.0102286 -0.0183238 0.000935204 -0.000993302 -0.0183238 0.0889331 -0.000980665 0.00217419 0.000935204 -0.000980665 0.00914113 -0.0172569 -0.000993302 0.00217419 -0.0172569 0.0868039 
0.0102257 -0.0183607 0.00095637 -0.000988325 -0.0183607 0.0890109 -0.000976861 0.00212533 0.00095637 -0.000976861 0.00912151 -0.0172046 -0.000988325 0.00212533 -0.0172046 0.0866562 
0.0101778 -0.0183129 0.000973384 -0.00102291 -0.0183129 0.0888303 -0.00101337 0.00217977 0.000973384 -0.00101337 0.00911578 -0.0171483 -0.00102291 0.00217977 -0.0171483 0.0863826 
0.0101735 -0.0183494 0.000943351 -0.0010585 -0.0183494 0.0891033 -0.00104932 0.00228051 0.000943351 -0.00104932 0.00919621 -0.0172231 -0.0010585 0.00228051 -0.0172231 0.0866767 
0.0101351 -0.0182077 0.000920457 -0.00100537 -0.0182077 0.0885512 -0.00100198 0.00223477 0.000920457 -0.00100198 0.00914188 -0.0171928 -0.00100537 0.00223477 -0.0171928 0.0863167 
0.0101885 -0.0183303 0.000935651 -0.000983815 -0.0183303 0.089016 -0.00099307 0.00219012 0.000935651 -0.00099307 0.0092099 -0.0172643 -0.000983815 0.00219012 -0.0172643 0.0867644 
0.0102212 -0.01836 0.000949858 -0.000988353 -0.01836 0.0891599 -0.00100536 0.00217464 0.000949858 -0.00100536 0.00921109 -0.0173138 -0.000988353 0.00217464 -0.0173138 0.0869069 
0.0101765 -0.0182578 0.000968226 -0.000994951 -0.0182578 0.0885983 -0.0010139 0.00218044 0.000968226 -0.0010139 0.00911848 -0.0171968 -0.000994951 0.00218044 -0.0171968 0.0863557 
0.010202 -0.0183571 0.000971506 -0.00102775 -0.0183571 0.0889762 -0.00104445 0.0022397 0.000971506 -0.00104445 0.00914521 -0.0172045 -0.00102775 0.0022397 -0.0172045 0.0865526 
0.0101307 -0.018275 0.000942961 -0.001036 -0.018275 0.0886781 -0.00104369 0.00227963 0.000942961 -0.00104369 0.00915384 -0.0171614 -0.001036 0.00227963 -0.0171614 0.0862758 
0.0101279 -0.0183127 0.000910956 -0.00101142 -0.0183127 0.0890213 -0.00100943 0.00224842 0.000910956 -0.00100943 0.0092477 -0.0173028 -0.00101142 0.00224842 -0.0173028 0.0868212 
0.0100579 -0.0181843 0.000884271 -0.00097434 -0.0181843 0.0885984 -0.000968284 0.00217164 0.000884271 -0.000968284 0.00925977 -0.0173345 -0.00097434 0.00217164 -0.0173345 0.0867972 
0.0100954 -0.0181477 0.000881176 -0.000934181 -0.0181477 0.0885031 -0.000926962 0.00206123 0.000881176 -0.000926962 0.00920652 -0.0173777 -0.000934181 0.00206123 -0.0173777 0.0869716 
0.0101213 -0.0181944 0.000856872 -0.000936574 -0.0181944 0.0885288 -0.000930052 0.00202995 0.000856872 -0.000930052 0.00916044 -0.0172938 -0.000936574 0.00202995 -0.0172938 0.0868715 
0.0100752 -0.0181748 0.000823805 -0.000918099 -0.0181748 0.0883455 -0.000913277 0.00201662 0.000823805 -0.000913277 0.00914012 -0.017166 -0.000918099 0.00201662 -0.017166 0.0863926 
0.0101598 -0.0182992 0.000827076 -0.000891589 -0.0182992 0.0890378 -0.000884614 0.00197825 0.000827076 -0.000884614 0.00919826 -0.0172933 -0.000891589 0.00197825 -0.0172933 0.0869346 
0.0101477 -0.0182591 0.00084429 -0.000881477 -0.0182591 0.0887975 -0.000874344 0.00193128 0.00084429 -0.000874344 0.0091594 -0.0172206 -0.000881477 0.00193128 -0.0172206 0.0865928 
0.0102113 -0.0183352 0.000865952 -0.000901898 -0.0183352 0.0890646 -0.00089796 0.00194813 0.000865952 -0.00089796 0.00914433 -0.0172245 -0.000901898 0.00194813 -0.0172245 0.0866536 
0.0102104 -0.0184012 0.000878674 -0.000924217 -0.0184012 0.0892618 -0.000926534 0.00200084 0.000878674 -0.000926534 0.00916804 -0.0172137 -0.000924217 0.00200084 -0.0172137 0.0866703 
0.0101389 -0.0183177 0.000864823 -0.000939515 -0.0183177 0.0889458 -0.000940817 0.00204625 0.000864823 -0.000940817 0.00918115 -0.0171691 -0.000939515 0.00204625 -0.0171691 0.0863426 
0.0101396 -0.0182866 0.000842193 -0.000935167 -0.0182866 0.0889549 -0.000932832 0.00206577 0.000842193 -0.000932832 0.00921018 -0.0172729 -0.000935167 0.00206577 -0.0172729 0.0866183 
0.0101048 -0.0182541 0.00079273 -0.000899846 -0.0182541 0.088845 -0.000896695 0.00200513 0.00079273 -0.000896695 0.00923172 -0.0173259 -0.000899846 0.00200513 -0.0173259 0.0868338 
0.0100952 -0.0182837 0.000761707 -0.000826567 -0.0182837 0.0890668 -0.000827879 0.00185101 0.000761707 -0.000827879 0.00927138 -0.0173963 -0.000826567 0.00185101 -0.0173963 0.0872108 
0.0100484 -0.0181655 0.000740934 -0.000777788 -0.0181655 0.0886427 -0.000784356 0.00170231 0.000740934 -0.000784356 0.00922889 -0.0173394 -0.000777788 0.00170231 -0.0173394 0.0869364 
0.0100461 -0.0181474 0.000733126 -0.000768988 -0.0181474 0.0885761 -0.000779396 0.00165573 0.000733126 -0.000779396 0.00922113 -0.0173347 -0.000768988 0.00165573 -0.0173347 0.0869667 
0.0100086 -0.0180986 0.000740065 -0.000773569 -0.0180986 0.0883276 -0.000780516 0.00166602 0.000740065 -0.000780516 0.00921534 -0.0172752 -0.000773569 0.00166602 -0.0172752 0.0867265 
0.0100258 -0.018051 0.000766463 -0.000787784 -0.018051 0.0881389 -0.000784271 0.00168775 0.000766463 -0.000784271 0.00916164 -0.0172571 -0.000787784 0.00168775 -0.0172571 0.0865656 
0.0100348 -0.0181013 0.000770252 -0.000828165 -0.0181013 0.0882176 -0.000816384 0.00175917 0.000770252 -0.000816384 0.00914669 -0.0172069 -0.000828165 0.00175917 -0.0172069 0.0864914 
0.0100935 -0.0182238 0.000769658 -0.000845204 -0.0182238 0.0888001 -0.000829732 0.00182933 0.000769658 -0.000829732 0.00919678 -0.0172707 -0.000845204 0.00182933 -0.0172707 0.0868597 
0.0101038 -0.0182064 0.00076054 -0.000846894 -0.0182064 0.0887642 -0.000836284 0.00186913 0.00076054 -0.000836284 0.00917496 -0.0172695 -0.000846894 0.00186913 -0.0172695 0.0867907 
0.0101777 -0.0182725 0.000760057 -0.000838424 -0.0182725 0.0889936 -0.000832336 0.00187882 0.000760057 -0.000832336 0.00914317 -0.0172703 -0.000838424 0.00187882 -0.0172703 0.0868877 
0.0102451 -0.018336 0.000756762 -0.000827118 -0.018336 0.0890836 -0.000823211 0.00185348 0.000756762 -0.000823211 0.00907643 -0.0171853 -0.000827118 0.00185348 -0.0171853 0.0866566 
0.0102473 -0.0184141 0.000775665 -0.000814305 -0.0184141 0.089223 -0.000811336 0.00181312 0.000775665 -0.000811336 0.00906986 -0.0170949 -0.000814305 0.00181312 -0.0170949 0.0863775 
0.0102793 -0.0184696 0.000786432 -0.000834587 -0.0184696 0.0895447 -0.000829658 0.0018186 0.000786432 -0.000829658 0.0090804 -0.0171435 -0.000834587 0.0018186 -0.0171435 0.0865122 
0.0101971 -0.0183614 0.000786998 -0.000837918 -0.0183614 0.0890109 -0.000835578 0.00182693 0.000786998 -0.000835578 0.0090339 -0.0170198 -0.000837918 0.00182693 -0.0170198 0.085918 
0.0102359 -0.0184375 0.000783254 -0.000846693 -0.0184375 0.089469 -0.000845475 0.00184695 0.000783254 -0.000845475 0.00908425 -0.0171338 -0.000846693 0.00184695 -0.0171338 0.0864131 
0.0102305 -0.0184421 0.000777823 -0.000837011 -0.0184421 0.0895346 -0.000839401 0.00183905 0.000777823 -0.000839401 0.00911202 -0.0171516 -0.000837011 0.00183905 -0.0171516 0.086525 
0.0102094 -0.0184022 0.000770901 -0.000824165 -0.0184022 0.0894264 -0.000830117 0.00181261 0.000770901 -0.000830117 0.00912569 -0.0171757 -0.000824165 0.00181261 -0.0171757 0.086559 
0.0101248 -0.0182399 0.000754824 -0.000818526 -0.0182399 0.0886914 -0.000821486 0.00179329 0.000754824 -0.000821486 0.00907206 -0.0170823 -0.000818526 0.00179329 -0.0170823 0.08603 
0.0101783 -0.0183542 0.000774498 -0.00080686 -0.0183542 0.0892459 -0.000805497 0.00176598 0.000774498 -0.000805497 0.00915772 -0.0172064 -0.00080686 0.00176598 -0.0172064 0.0866586 
0.0101682 -0.0183607 0.000770639 -0.000821797 -0.0183607 0.0893036 -0.000820271 0.00176479 0.000770639 -0.000820271 0.0092165 -0.017241 -0.000821797 0.00176479 -0.017241 0.0867649 
0.0101551 -0.0183064 0.000761504 -0.00081775 -0.0183064 0.0891148 -0.000819275 0.00177099 0.000761504 -0.000819275 0.00922441 -0.0172863 -0.00081775 0.00177099 -0.0172863 0.0867689 
0.0101396 -0.0182634 0.000756269 -0.000806874 -0.0182634 0.0888878 -0.000815018 0.00176462 0.000756269 -0.000815018 0.00922141 -0.0173004 -0.000806874 0.00176462 -0.0173004 0.0867631 
0.0100563 -0.0181885 0.000745051 -0.000783037 -0.0181885 0.0884962 -0.000796959 0.0017131 0.000745051 -0.000796959 0.00920388 -0.0172569 -0.000783037 0.0017131 -0.0172569 0.0865214 
0.0101371 -0.0182267 0.000774038 -0.0007948 -0.0182267 0.0888832 -0.000801744 0.00172875 0.000774038 -0.000801744 0.0092234 -0.0174066 -0.0007948 0.00172875 -0.0174066 0.0871851 
0.010101 -0.0181602 0.000807473 -0.00081335 -0.0181602 0.0883908 -0.00081094 0.00173524 0.000807473 -0.00081094 0.00914079 -0.0172536 -0.00081335 0.00173524 -0.0172536 0.0866651 
0.0101083 -0.018222 0.000819104 -0.000869342 -0.018222 0.0886009 -0.000864172 0.00183957 0.000819104 -0.000864172 0.00913964 -0.0172216 -0.000869342 0.00183957 -0.0172216 0.0866401 
0.0101296 -0.0182647 0.000828627 -0.000888906 -0.0182647 0.0888239 -0.000885489 0.00192988 0.000828627 -0.000885489 0.00913499 -0.0172024 -0.000888906 0.00192988 -0.0172024 0.086598 
0.0101182 -0.0182495 0.000804152 -0.000905624 -0.0182495 0.0887682 -0.000898905 0.00199074 0.000804152 -0.000898905 0.00912296 -0.017163 -0.000905624 0.00199074 -0.017163 0.0864107 
0.0101167 -0.018267 0.000774747 -0.000875795 -0.018267 0.0888633 -0.000872598 0.00197346 0.000774747 -0.000872598 0.00913703 -0.0171641 -0.000875795 0.00197346 -0.0171641 0.0864094 
0.0100895 -0.0181949 0.000757711 -0.000831827 -0.0181949 0.0885675 -0.000835934 0.00189312 0.000757711 -0.000835934 0.00911368 -0.0171224 -0.000831827 0.00189312 -0.0171224 0.0861346 
0.0101087 -0.018203 0.000755825 -0.000814136 -0.018203 0.088613 -0.000828025 0.00184559 0.000755825 -0.000828025 0.00911303 -0.0171656 -0.000814136 0.00184559 -0.0171656 0.0862946 
0.0100969 -0.018246 0.000749717 -0.000807589 -0.018246 0.088747 -0.00082306 0.00181703 0.000749717 -0.00082306 0.00914437 -0.017166 -0.000807589 0.00181703 -0.017166 0.0863885 
0.0100827 -0.018273 0.000772868 -0.000798697 -0.018273 0.0889758 -0.000803112 0.0017771 0.000772868 -0.000803112 0.00919065 -0.0172284 -0.000798697 0.0017771 -0.0172284 0.0866236 
0.0100529 -0.0182358 0.000778606 -0.000834822 -0.0182358 0.0889374 -0.000828028 0.00180998 0.000778606 -0.000828028 0.00921587 -0.0172485 -0.000834822 0.00180998 -0.0172485 0.0866662 
0.010044 -0.0181987 0.000759649 -0.000845743 -0.0181987 0.088851 -0.000834955 0.00184913 0.000759649 -0.000834955 0.00921873 -0.0172639 -0.000845743 0.00184913 -0.0172639 0.0866765 
0.0100043 -0.0181088 0.000735755 -0.000828916 -0.0181088 0.0884483 -0.000825226 0.00185777 0.000735755 -0.000825226 0.00920469 -0.0172236 -0.000828916 0.00185777 -0.0172236 0.086432 
0.0099744 -0.0180821 0.000725159 -0.000788287 -0.0180821 0.0882945 -0.000793302 0.00179068 0.000725159 -0.000793302 0.00921775 -0.0172181 -0.000788287 0.00179068 -0.0172181 0.0863599 
0.0100325 -0.0182013 0.000748264 -0.000784717 -0.0182013 0.088942 -0.000789152 0.00176045 0.000748264 -0.000789152 0.00932134 -0.0173961 -0.000784717 0.00176045 -0.0173961 0.087144 
0.00997838 -0.0180848 0.000757053 -0.000802336 -0.0180848 0.088431 -0.000801659 0.00176328 0.000757053 -0.000801659 0.0092781 -0.0173496 -0.000802336 0.00176328 -0.0173496 0.0868167 
0.00997868 -0.0180426 0.000778464 -0.000835817 -0.0180426 0.0882487 -0.000830719 0.00184524 0.000778464 -0.000830719 0.00926937 -0.0173557 -0.000835817 0.00184524 -0.0173557 0.0868346 
0.00999911 -0.0180239 0.00080736 -0.000860097 -0.0180239 0.0880732 -0.000856043 0.00191541 0.00080736 -0.000856043 0.0092335 -0.0173255 -0.000860097 0.00191541 -0.0173255 0.0867136 
0.0100887 -0.0182254 0.00082877 -0.000894181 -0.0182254 0.0888896 -0.000896361 0.00199907 0.00082877 -0.000896361 0.00931217 -0.0174457 -0.000894181 0.00199907 -0.0174457 0.08741 
0.0100842 -0.0182384 0.000835154 -0.000898069 -0.0182384 0.0889347 -0.000907128 0.00202507 0.000835154 -0.000907128 0.00930502 -0.0174266 -0.000898069 0.00202507 -0.0174266 0.0873129 
0.0100229 -0.0181521 0.000809229 -0.000895076 -0.0181521 0.088524 -0.000903741 0.00201549 0.000809229 -0.000903741 0.00925001 -0.0173238 -0.000895076 0.00201549 -0.0173238 0.0868049 
0.00999814 -0.0181204 0.000780645 -0.000866179 -0.0181204 0.0883855 -0.00087239 0.00196499 0.000780645 -0.00087239 0.00922014 -0.0172616 -0.000866179 0.00196499 -0.0172616 0.0865398 
0.0100661 -0.0181993 0.000812841 -0.000838216 -0.0181993 0.0888356 -0.000840148 0.00189448 0.000812841 -0.000840148 0.00923892 -0.0173526 -0.000838216 0.00189448 -0.0173526 0.0869846 
0.010127 -0.0182509 0.000816565 -0.00087589 -0.0182509 0.0890462 -0.000873597 0.00191292 0.000816565 -0.000873597 0.00921844 -0.0173694 -0.00087589 0.00191292 -0.0173694 0.0871772 
0.010136 -0.018215 0.000808372 -0.000888764 -0.018215 0.0887519 -0.000886858 0.00196639 0.000808372 -0.000886858 0.0091526 -0.0172609 -0.000888764 0.00196639 -0.0172609 0.0867887 
0.0101551 -0.0182604 0.000789324 -0.000879313 -0.0182604 0.0887573 -0.000875552 0.00196632 0.000789324 -0.000875552 0.00913236 -0.0171678 -0.000879313 0.00196632 -0.0171678 0.0864741 
0.0101616 -0.0182652 0.000804023 -0.000857007 -0.0182652 0.0887196 -0.000851702 0.00192938 0.000804023 -0.000851702 0.00912339 -0.0171482 -0.000857007 0.00192938 -0.0171482 0.0862919 
0.0101279 -0.0182796 0.000794117 -0.00086437 -0.0182796 0.088771 -0.000856 0.00190293 0.000794117 -0.000856 0.00915935 -0.0171835 -0.00086437 0.00190293 -0.0171835 0.0863818 
0.0101746 -0.0183437 0.000795495 -0.00085614 -0.0183437 0.0892376 -0.000847335 0.0018859 0.000795495 -0.000847335 0.00919947 -0.0173339 -0.00085614 0.0018859 -0.0173339 0.0870134 
0.0101547 -0.018268 0.000793902 -0.000853388 -0.018268 0.0889118 -0.000849863 0.00187501 0.000793902 -0.000849863 0.00915899 -0.0172813 -0.000853388 0.00187501 -0.0172813 0.0868469 
0.0101922 -0.0183371 0.000792707 -0.000854479 -0.0183371 0.0891802 -0.000856289 0.00188225 0.000792707 -0.000856289 0.00918451 -0.0173046 -0.000854479 0.00188225 -0.0173046 0.087079 
0.0101355 -0.0182105 0.000777659 -0.000837259 -0.0182105 0.0885257 -0.00083745 0.00184255 0.000777659 -0.00083745 0.00907876 -0.0171503 -0.000837259 0.00184255 -0.0171503 0.0863203 
0.0101643 -0.0182552 0.000767733 -0.000837276 -0.0182552 0.0886802 -0.000830944 0.0018347 0.000767733 -0.000830944 0.00905628 -0.0171349 -0.000837276 0.0018347 -0.0171349 0.0863483 
0.0101739 -0.0183123 0.000771603 -0.000827454 -0.0183123 0.08889 -0.000818554 0.00181484 0.000771603 -0.000818554 0.00905921 -0.0171017 -0.000827454 0.00181484 -0.0171017 0.086323 
0.0101072 -0.018241 0.0007675 -0.000836619 -0.018241 0.0886225 -0.000830951 0.00183286 0.0007675 -0.000830951 0.00906605 -0.0170421 -0.000836619 0.00183286 -0.0170421 0.0859903 
0.0101668 -0.0183566 0.000755225 -0.000848262 -0.0183566 0.0893072 -0.000843428 0.00187752 0.000755225 -0.000843428 0.00917377 -0.0172147 -0.000848262 0.00187752 -0.0172147 0.0867146 
0.0100933 -0.0182347 0.00075367 -0.000818758 -0.0182347 0.0887825 -0.000809256 0.00183128 0.00075367 -0.000809256 0.00916609 -0.0171653 -0.000818758 0.00183128 -0.0171653 0.0863392 
0.0101162 -0.0182577 0.000751149 -0.000818698 -0.0182577 0.0889254 -0.000804592 0.00180039 0.000751149 -0.000804592 0.00921367 -0.01724 -0.000818698 0.00180039 -0.01724 0.0865878 
0.0100751 -0.018172 0.000739572 -0.000805768 -0.018172 0.0885004 -0.000795477 0.00176739 0.000739572 -0.000795477 0.00919112 -0.0172141 -0.000805768 0.00176739 -0.0172141 0.0863245 
0.0101274 -0.0182096 0.000753847 -0.000787873 -0.0182096 0.0886461 -0.000788715 0.00173301 0.000753847 -0.000788715 0.00917552 -0.0172711 -0.000787873 0.00173301 -0.0172711 0.0865627 
0.0101963 -0.0182662 0.00078139 -0.000800294 -0.0182662 0.0887876 -0.000809187 0.00174107 0.00078139 -0.000809187 0.00912509 -0.0172664 -0.000800294 0.00174107 -0.0172664 0.0866736 
0.0102694 -0.0184351 0.000787442 -0.000831807 -0.0184351 0.0893717 -0.000845598 0.00179783 0.000787442 -0.000845598 0.00912863 -0.0172644 -0.000831807 0.00179783 -0.0172644 0.0869376 
0.0102746 -0.018492 0.000795787 -0.0008397 -0.018492 0.0895961 -0.000849914 0.00183633 0.000795787 -0.000849914 0.00911143 -0.0172173 -0.0008397 0.00183633 -0.0172173 0.0868226 
0.0102106 -0.0183943 0.000791936 -0.000845246 -0.0183943 0.0892216 -0.000848182 0.00184472 0.000791936 -0.000848182 0.00905495 -0.0171178 -0.000845246 0.00184472 -0.0171178 0.0863442 
0.0102111 -0.0183306 0.000790461 -0.000864646 -0.0183306 0.0890147 -0.000863533 0.00190069 0.000790461 -0.000863533 0.00902106 -0.0170765 -0.000864646 0.00190069 -0.0170765 0.0861654 
0.0101842 -0.0183441 0.000793868 -0.000856706 -0.0183441 0.0889689 -0.000856692 0.00190485 0.000793868 -0.000856692 0.00904463 -0.0170254 -0.000856706 0.00190485 -0.0170254 0.0860123 
0.0101692 -0.0183453 0.000799496 -0.000857064 -0.0183453 0.0890662 -0.00085581 0.0018976 0.000799496 -0.00085581 0.00909345 -0.0170801 -0.000857064 0.0018976 -0.0170801 0.0861281 
0.0101198 -0.0183018 0.000760032 -0.000851616 -0.0183018 0.0889589 -0.000848873 0.00186857 0.000760032 -0.000848873 0.00914026 -0.0171239 -0.000851616 0.00186857 -0.0171239 0.0861955 
0.0101659 -0.0183512 0.00075759 -0.000802446 -0.0183512 0.0893498 -0.000803709 0.00178214 0.00075759 -0.000803709 0.00919319 -0.0172833 -0.000802446 0.00178214 -0.0172833 0.0868304 
0.0101643 -0.0183089 0.000769172 -0.000789751 -0.0183089 0.0891639 -0.000794502 0.00171362 0.000769172 -0.000794502 0.00918038 -0.0172832 -0.000789751 0.00171362 -0.0172832 0.0868647 
0.0101982 -0.0182874 0.000829133 -0.000816545 -0.0182874 0.088996 -0.000817056 0.00173975 0.000829133 -0.000817056 0.00913505 -0.0172521 -0.000816545 0.00173975 -0.0172521 0.0867649 
0.0101999 -0.0183225 0.000858227 -0.000892251 -0.0183225 0.0889859 -0.00088838 0.00187178 0.000858227 -0.00088838 0.00912598 -0.0172152 -0.000892251 0.00187178 -0.0172152 0.0866944 
0.0101878 -0.0182818 0.000865542 -0.000943804 -0.0182818 0.0887676 -0.000936643 0.00203392 0.000865542 -0.000936643 0.00909746 -0.0171538 -0.000943804 0.00203392 -0.0171538 0.0863929 
0.0102208 -0.018374 0.000855456 -0.000951315 -0.018374 0.0891173 -0.000943831 0.00210239 0.000855456 -0.000943831 0.00912982 -0.0171852 -0.000951315 0.00210239 -0.0171852 0.0865735 
0.0101724 -0.0182816 0.000834702 -0.000930646 -0.0182816 0.0887013 -0.000922067 0.00208165 0.000834702 -0.000922067 0.00907956 -0.0171147 -0.000930646 0.00208165 -0.0171147 0.086141 
0.0101804 -0.0182951 0.000829241 -0.000898116 -0.0182951 0.0887699 -0.000890476 0.00200805 0.000829241 -0.000890476 0.00907826 -0.017128 -0.000898116 0.00200805 -0.017128 0.0862222 
0.0102283 -0.0183879 0.00081255 -0.000890202 -0.0183879 0.0892408 -0.000886513 0.00196271 0.00081255 -0.000886513 0.00913039 -0.0172212 -0.000890202 0.00196271 -0.0172212 0.0867134 
0.010176 -0.0183164 0.000773675 -0.000858768 -0.0183164 0.0889227 -0.000862822 0.00189939 0.000773675 -0.000862822 0.00911602 -0.0171665 -0.000858768 0.00189939 -0.0171665 0.0864358 
0.010231 -0.0183789 0.000735917 -0.00081898 -0.0183789 0.0893054 -0.000828129 0.00182312 0.000735917 -0.000828129 0.0091574 -0.0172763 -0.00081898 0.00182312 -0.0172763 0.0869171 
0.0101967 -0.0183375 0.000718358 -0.000762528 -0.0183375 0.0890587 -0.000774081 0.00169558 0.000718358 -0.000774081 0.0091404 -0.0172287 -0.000762528 0.00169558 -0.0172287 0.0867187 
0.010196 -0.0183207 0.000699402 -0.00073267 -0.0183207 0.0889698 -0.000740225 0.00157753 0.000699402 -0.000740225 0.00910755 -0.0171937 -0.00073267 0.00157753 -0.0171937 0.0865608 
0.010237 -0.0183475 0.000711946 -0.000726836 -0.0183475 0.0890792 -0.000736768 0.0015508 0.000711946 -0.000736768 0.00908082 -0.0171968 -0.000726836 0.0015508 -0.0171968 0.0866252 
0.0102558 -0.0183945 0.000730346 -0.000741237 -0.0183945 0.0892085 -0.000754495 0.00156961 0.000730346 -0.000754495 0.00906497 -0.0171749 -0.000741237 0.00156961 -0.0171749 0.0866424 
0.0102129 -0.0183872 0.00074443 -0.00077004 -0.0183872 0.0891505 -0.000783209 0.00163609 0.00074443 -0.000783209 0.00907595 -0.017117 -0.00077004 0.00163609 -0.017117 0.0864409 
0.0101654 -0.0183817 0.000762688 -0.000800761 -0.0183817 0.0892622 -0.000808092 0.00172269 0.000762688 -0.000808092 0.00914422 -0.0171654 -0.000800761 0.00172269 -0.0171654 0.0865669 
0.0100856 -0.0182128 0.000768439 -0.000816561 -0.0182128 0.0886216 -0.000807257 0.00175361 0.000768439 -0.000807257 0.00909458 -0.0170914 -0.000816561 0.00175361 -0.0170914 0.086033 
0.0101224 -0.0182353 0.000777948 -0.000844362 -0.0182353 0.0887729 -0.00082295 0.00181334 0.000777948 -0.00082295 0.00910244 -0.0171513 -0.000844362 0.00181334 -0.0171513 0.0862999 
0.0102022 -0.0183503 0.000794423 -0.000863954 -0.0183503 0.0892725 -0.000842663 0.00187956 0.000794423 -0.000842663 0.00914986 -0.0172361 -0.000863954 0.00187956 -0.0172361 0.0867969 
0.0102399 -0.0183836 0.000801341 -0.000868901 -0.0183836 0.0893448 -0.000854349 0.001906 0.000801341 -0.000854349 0.00912963 -0.0172317 -0.000868901 0.001906 -0.0172317 0.0867931 
0.0102109 -0.0183633 0.000805318 -0.000877099 -0.0183633 0.0891356 -0.000864299 0.00193019 0.000805318 -0.000864299 0.00909889 -0.0171572 -0.000877099 0.00193019 -0.0171572 0.0864853 
0.0102311 -0.0184016 0.000800184 -0.000886351 -0.0184016 0.0893444 -0.000869338 0.00194978 0.000800184 -0.000869338 0.0091174 -0.0171945 -0.000886351 0.00194978 -0.0171945 0.0866552 
0.0102072 -0.0182799 0.000800382 -0.000874353 -0.0182799 0.0887783 -0.000857695 0.00193689 0.000800382 -0.000857695 0.00901539 -0.0170935 -0.000874353 0.00193689 -0.0170935 0.0861347 
0.0103072 -0.0184046 0.000810633 -0.000873299 -0.0184046 0.0891916 -0.00086759 0.00193433 0.000810633 -0.00086759 0.00900632 -0.0170876 -0.000873299 0.00193433 -0.0170876 0.0863321 
0.010291 -0.0184032 0.000809434 -0.000868077 -0.0184032 0.088992 -0.000880192 0.00193488 0.000809434 -0.000880192 0.00897202 -0.016978 -0.000868077 0.00193488 -0.016978 0.0858787 
0.0103693 -0.0185725 0.000810062 -0.000864323 -0.0185725 0.0897351 -0.000884444 0.00193069 0.000810062 -0.000884444 0.00902326 -0.0170757 -0.000864323 0.00193069 -0.0170757 0.0863514 
0.0103396 -0.0185071 0.000821252 -0.000858752 -0.0185071 0.089459 -0.000873054 0.00190701 0.000821252 -0.000873054 0.00897741 -0.0170246 -0.000858752 0.00190701 -0.0170246 0.0860576 
0.0102912 -0.0184464 0.000798842 -0.000871566 -0.0184464 0.0891606 -0.000872524 0.00189706 0.000798842 -0.000872524 0.00893987 -0.0169542 -0.000871566 0.00189706 -0.0169542 0.0857618 
0.0102933 -0.0184751 0.00074273 -0.000854223 -0.0184751 0.0893315 -0.000843881 0.00186183 0.00074273 -0.000843881 0.00896431 -0.0169631 -0.000854223 0.00186183 -0.0169631 0.0858652 
0.0102635 -0.018429 0.000705248 -0.000780531 -0.018429 0.0892108 -0.000770543 0.00172362 0.000705248 -0.000770543 0.00897325 -0.0169695 -0.000780531 0.00172362 -0.0169695 0.0858254 
0.0102581 -0.0184403 0.00070206 -0.000725241 -0.0184403 0.0893674 -0.000722935 0.00156872 0.00070206 -0.000722935 0.00903172 -0.0170509 -0.000725241 0.00156872 -0.0170509 0.0861655 
0.0102278 -0.0183705 0.000708736 -0.000726495 -0.0183705 0.0891344 -0.000729131 0.001524 0.000708736 -0.000729131 0.00903796 -0.0170678 -0.000726495 0.001524 -0.0170678 0.0861552 
0.0102738 -0.0184203 0.000713505 -0.000755649 -0.0184203 0.0893959 -0.000754399 0.00157921 0.000713505 -0.000754399 0.00909146 -0.0171562 -0.000755649 0.00157921 -0.0171562 0.0865694 
0.010223 -0.0182962 0.000731725 -0.000755397 -0.0182962 0.0887381 -0.000749485 0.00159829 0.000731725 -0.000749485 0.00901115 -0.0170566 -0.000755397 0.00159829 -0.0170566 0.086014 
0.0102638 -0.0183978 0.000753906 -0.000778045 -0.0183978 0.089078 -0.000772607 0.00163509 0.000753906 -0.000772607 0.00903292 -0.0170585 -0.000778045 0.00163509 -0.0170585 0.0861598 
0.0103122 -0.0185076 0.000781541 -0.000802949 -0.0185076 0.0895846 -0.00079722 0.00168556 0.000781541 -0.00079722 0.00907894 -0.0171282 -0.000802949 0.00168556 -0.0171282 0.0864867 
0.010313 -0.0184695 0.000783501 -0.00083103 -0.0184695 0.0894476 -0.000822093 0.0017431 0.000783501 -0.000822093 0.00905501 -0.017114 -0.00083103 0.0017431 -0.017114 0.0863477 
0.0103012 -0.0184195 0.000801879 -0.000845836 -0.0184195 0.0891901 -0.000836754 0.00180712 0.000801879 -0.000836754 0.00902116 -0.0170921 -0.000845836 0.00180712 -0.0170921 0.0862149 
0.0102896 -0.0184279 0.00081762 -0.0008743 -0.0184279 0.0891494 -0.000866753 0.00188294 0.00081762 -0.000866753 0.00902809 -0.0170657 -0.0008743 0.00188294 -0.0170657 0.0861638 
0.0103508 -0.0185183 0.000809058 -0.000899163 -0.0185183 0.0896138 -0.000890591 0.00195611 0.000809058 -0.000890591 0.00907862 -0.0171669 -0.000899163 0.00195611 -0.0171669 0.0866189 
0.0102737 -0.0183877 0.000778533 -0.000873965 -0.0183877 0.0889565 -0.000867805 0.001938 0.000778533 -0.000867805 0.00900953 -0.017052 -0.000873965 0.001938 -0.017052 0.086014 
0.0103037 -0.0184167 0.000745334 -0.000829064 -0.0184167 0.0890663 -0.000828683 0.0018474 0.000745334 -0.000828683 0.00899208 -0.0170484 -0.000829064 0.0018474 -0.0170484 0.0860457 
0.0103207 -0.018485 0.000761172 -0.000778151 -0.018485 0.089326 -0.000784069 0.00172101 0.000761172 -0.000784069 0.00900761 -0.0170598 -0.000778151 0.00172101 -0.0170598 0.0861842 
0.0103601 -0.0185463 0.000781718 -0.000804016 -0.0185463 0.0896981 -0.000811194 0.00171503 0.000781718 -0.000811194 0.00905955 -0.0171376 -0.000804016 0.00171503 -0.0171376 0.0865489 
0.0103536 -0.0185002 0.00079205 -0.000817447 -0.0185002 0.0894648 -0.000824918 0.00173221 0.00079205 -0.000824918 0.00902195 -0.0170951 -0.000817447 0.00173221 -0.0170951 0.0863063 
0.0103373 -0.0185196 0.000801631 -0.000823789 -0.0185196 0.0894558 -0.000835872 0.00174956 0.000801631 -0.000835872 0.00903151 -0.0170617 -0.000823789 0.00174956 -0.0170617 0.0861983 
0.0102901 -0.0184589 0.000815336 -0.000834948 -0.0184589 0.0892008 -0.000851266 0.00177859 0.000815336 -0.000851266 0.00901686 -0.0170168 -0.000834948 0.00177859 -0.0170168 0.0858925 
