0.00750528 0 -0.00071714 0 0 0.00991299 0 0 -0.00071714 0 0.00662426 0 0 0 0 0.00991299 
0.0105802 -0.0131221 -0.000997334 0.00121408 -0.0131221 0.0342916 0.00121408 -0.0023275 -0.000997334 0.00121408 0.00950565 -0.0118131 0.00121408 -0.0023275 -0.0118131 0.0317826 
0.0104362 -0.0192711 -0.000828042 0.00131673 -0.0192711 0.0705897 0.00131673 -0.00410542 -0.000828042 0.00131673 0.00955471 -0.017997 0.00131673 -0.00410542 -0.017997 0.0666387 
0.00991188 -0.0187735 -0.000708238 0.000831819 -0.0187735 0.0834115 0.000841167 -0.00270265 -0.000708238 0.000841167 0.00911263 -0.0179894 0.000831819 -0.00270265 -0.0179894 0.0813466 
0.00990417 -0.0180992 -0.000727611 0.000738085 -0.0180992 0.0859899 0.000751693 -0.00196394 -0.000727611 0.000751693 0.00905581 -0.0173934 0.000738085 -0.00196394 -0.0173934 0.0850747 
0.0100988 -0.0181219 -0.000755539 0.000793668 -0.0181219 0.0873426 0.000798105 -0.00191674 -0.000755539 0.000798105 0.00914881 -0.0172788 0.000793668 -0.00191674 -0.0172788 0.0862596 
0.0102225 -0.0183103 -0.000765454 0.000840124 -0.0183103 0.0883735 0.00083563 -0.00200851 -0.000765454 0.00083563 0.00924068 -0.0172997 0.000840124 -0.00200851 -0.0172997 0.0867103 
0.0102267 -0.0184168 -0.000777917 0.000852677 -0.0184168 0.0889996 0.000842834 -0.00204599 -0.000777917 0.000842834 0.00935723 -0.0173559 0.000852677 -0.00204599 -0.0173559 0.0869319 
0.0101957 -0.0184253 -0.00077624 0.000867299 -0.0184253 0.0893326 0.000854475 -0.00206261 -0.00077624 0.000854475 0.00949197 -0.0175063 0.000867299 -0.00206261 -0.0175063 0.0873315 
0.0101084 -0.0182201 -0.000781644 0.000854758 -0.0182201 0.0886039 0.000848728 -0.00204659 -0.000781644 0.000848728 0.00946728 -0.0175295 0.000854758 -0.00204659 -0.0175295 0.0870545 
0.0100979 -0.0181657 -0.000774744 0.000864521 -0.0181657 0.0883469 0.000869583 -0.00206718 -0.000774744 0.000869583 0.0094684 -0.0175591 0.000864521 -0.00206718 -0.0175591 0.0871484 
0.0101267 -0.0182613 -0.000792638 0.00086369 -0.0182613 0.0887431 0.00088127 -0.00210566 -0.000792638 0.00088127 0.00953761 -0.0176706 0.00086369 -0.00210566 -0.0176706 0.0876969 
0.0100991 -0.0182003 -0.000779433 0.000871105 -0.0182003 0.0884863 0.000893765 -0.00212454 -0.000779433 0.000893765 0.00949801 -0.0176365 0.000871105 -0.00212454 -0.0176365 0.0874951 
0.0102056 -0.0183382 -0.000762646 0.000861348 -0.0183382 0.08914 0.000883834 -0.00212537 -0.000762646 0.000883834 0.00952223 -0.0177526 0.000861348 -0.00212537 -0.0177526 0.0881339 
0.0102285 -0.0183478 -0.000750257 0.000833626 -0.0183478 0.0890618 0.000851737 -0.00206472 -0.000750257 0.000851737 0.00946955 -0.0176761 0.000833626 -0.00206472 -0.0176761 0.087922 
0.0101655 -0.018274 -0.000736471 0.000809853 -0.018274 0.0885766 0.00081939 -0.00197893 -0.000736471 0.00081939 0.00938969 -0.0175132 0.000809853 -0.00197893 -0.0175132 0.0872286 
0.0102249 -0.0184361 -0.000774223 0.000815028 -0.0184361 0.0893684 0.000815043 -0.00196388 -0.000774223 0.000815043 0.0094715 -0.017621 0.000815028 -0.00196388 -0.017621 0.0878113 
0.0100991 -0.0182861 -0.000779662 0.000848111 -0.0182861 0.0887455 0.000845285 -0.00199436 -0.000779662 0.000845285 0.00944431 -0.0175025 0.000848111 -0.00199436 -0.0175025 0.0871577 
0.0100846 -0.0182535 -0.000751603 0.000865803 -0.0182535 0.0887936 0.000861862 -0.00205161 -0.000751603 0.000861862 0.00947974 -0.0175721 0.000865803 -0.00205161 -0.0175721 0.0873421 
0.0100666 -0.0182587 -0.000733374 0.000838232 -0.0182587 0.0889137 0.000830837 -0.00203518 -0.000733374 0.000830837 0.00954997 -0.0176555 0.000838232 -0.00203518 -0.0176555 0.0876805 
0.0100607 -0.0182259 -0.000718675 0.000815039 -0.0182259 0.0889218 0.00080689 -0.00198002 -0.000718675 0.00080689 0.00958276 -0.0177561 0.000815039 -0.00198002 -0.0177561 0.0880121 
0.010026 -0.0181234 -0.000717724 0.000803155 -0.0181234 0.088449 0.000799408 -0.00195598 -0.000717724 0.000799408 0.00953938 -0.0176918 0.000803155 -0.00195598 -0.0176918 0.087723 
0.0100024 -0.0181154 -0.000726885 0.00079552 -0.0181154 0.088346 0.000798623 -0.00193697 -0.000726885 0.000798623 0.00953163 -0.0176672 0.00079552 -0.00193697 -0.0176672 0.0876505 
0.0100094 -0.0180849 -0.000730649 0.000806934 -0.0180849 0.0882248 0.000809076 -0.00194751 -0.000730649 0.000809076 0.00949678 -0.0176303 0.000806934 -0.00194751 -0.0176303 0.0874844 
0.00999443 -0.0181131 -0.000718249 0.00081181 -0.0181131 0.0882702 0.000811476 -0.00195831 -0.000718249 0.000811476 0.00952301 -0.017602 0.00081181 -0.00195831 -0.017602 0.0874219 
0.0100895 -0.0181941 -0.000717385 0.000804482 -0.0181941 0.0887764 0.000805043 -0.00196059 -0.000717385 0.000805043 0.00953653 -0.0177529 0.000804482 -0.00196059 -0.0177529 0.0880077 
0.0100702 -0.0182014 -0.000709214 0.000787416 -0.0182014 0.0886719 0.000790581 -0.0019166 -0.000709214 0.000790581 0.00951601 -0.0176903 0.000787416 -0.0019166 -0.0176903 0.0878836 
0.0101098 -0.0182146 -0.000721542 0.000783335 -0.0182146 0.0887635 0.000781131 -0.00188889 -0.000721542 0.000781131 0.00948753 -0.0176911 0.000783335 -0.00188889 -0.0176911 0.0879161 
0.0101856 -0.0182866 -0.000746435 0.000806332 -0.0182866 0.0889917 0.000795539 -0.00190963 -0.000746435 0.000795539 0.00944658 -0.0176824 0.000806332 -0.00190963 -0.0176824 0.0880128 
0.0102072 -0.0183334 -0.000738985 0.000832016 -0.0183334 0.0890177 0.00081965 -0.00195415 -0.000738985 0.00081965 0.0094176 -0.0175859 0.000832016 -0.00195415 -0.0175859 0.0877462 
0.0101631 -0.0183321 -0.000742141 0.000825204 -0.0183321 0.0889284 0.000816366 -0.00197441 -0.000742141 0.000816366 0.00939294 -0.0175146 0.000825204 -0.00197441 -0.0175146 0.0874022 
0.0100866 -0.0182276 -0.000729752 0.000814747 -0.0182276 0.088551 0.000811296 -0.00194922 -0.000729752 0.000811296 0.00936534 -0.0174423 0.000814747 -0.00194922 -0.0174423 0.086992 
0.0101416 -0.0182971 -0.000731911 0.000820503 -0.0182971 0.0890536 0.00081665 -0.00197005 -0.000731911 0.00081665 0.00943679 -0.0175948 0.000820503 -0.00197005 -0.0175948 0.0876673 
0.0101304 -0.0181889 -0.000715966 0.000809476 -0.0181889 0.0885543 0.000806234 -0.00194748 -0.000715966 0.000806234 0.00936324 -0.0175288 0.000809476 -0.00194748 -0.0175288 0.0873426 
0.0101633 -0.0181969 -0.000708327 0.000785246 -0.0181969 0.0884232 0.00078694 -0.00189898 -0.000708327 0.00078694 0.00929813 -0.0174623 0.000785246 -0.00189898 -0.0174623 0.0871666 
0.0101598 -0.0182985 -0.000681341 0.000772071 -0.0182985 0.0886901 0.000776005 -0.00185283 -0.000681341 0.000776005 0.00933038 -0.017402 0.000772071 -0.00185283 -0.017402 0.0870954 
0.0101553 -0.0182653 -0.000679683 0.000748054 -0.0182653 0.0886715 0.000745624 -0.00180397 -0.000679683 0.000745624 0.00932117 -0.0174141 0.000748054 -0.00180397 -0.0174141 0.0869865 
0.0101114 -0.0182594 -0.000677983 0.000731531 -0.0182594 0.0886415 0.000724934 -0.00172989 -0.000677983 0.000724934 0.00933522 -0.0174085 0.000731531 -0.00172989 -0.0174085 0.0869629 
0.0100866 -0.0181955 -0.000681289 0.000729637 -0.0181955 0.0884883 0.000724894 -0.00170104 -0.000681289 0.000724894 0.00933194 -0.0174096 0.000729637 -0.00170104 -0.0174096 0.0868991 
0.0101326 -0.0182736 -0.000687483 0.000750874 -0.0182736 0.088907 0.00074631 -0.00174633 -0.000687483 0.00074631 0.00939015 -0.0175184 0.000750874 -0.00174633 -0.0175184 0.087426 
0.0100969 -0.0181927 -0.000683495 0.000756026 -0.0181927 0.0885197 0.000754552 -0.00178001 -0.000683495 0.000754552 0.00935731 -0.0174543 0.000756026 -0.00178001 -0.0174543 0.0871007 
0.0101018 -0.0181944 -0.000670137 0.000752527 -0.0181944 0.0884739 0.000757162 -0.00179597 -0.000670137 0.000757162 0.00935578 -0.0174358 0.000752527 -0.00179597 -0.0174358 0.0870143 
0.0101169 -0.0181935 -0.00069364 0.000741132 -0.0181935 0.0884485 0.000747376 -0.00179381 -0.00069364 0.000747376 0.00932976 -0.0174421 0.000741132 -0.00179381 -0.0174421 0.0869915 
0.0100781 -0.0182411 -0.000713482 0.000766092 -0.0182411 0.0885701 0.000771681 -0.00182455 -0.000713482 0.000771681 0.00935791 -0.0174053 0.000766092 -0.00182455 -0.0174053 0.0869409 
0.0100967 -0.0183294 -0.00073722 0.000803466 -0.0183294 0.089208 0.000807721 -0.00191361 -0.00073722 0.000807721 0.00946405 -0.0175589 0.000803466 -0.00191361 -0.0175589 0.0875729 
0.0100713 -0.0182467 -0.000749219 0.000823575 -0.0182467 0.0889903 0.000830503 -0.00197741 -0.000749219 0.000830503 0.00945836 -0.0175709 0.000823575 -0.00197741 -0.0175709 0.0875057 
0.0100693 -0.0182483 -0.000765557 0.000846851 -0.0182483 0.0890259 0.000858428 -0.00205507 -0.000765557 0.000858428 0.00947962 -0.0176139 0.000846851 -0.00205507 -0.0176139 0.0876954 
0.0100228 -0.0181194 -0.000767802 0.000862425 -0.0181194 0.0884301 0.000874177 -0.00210612 -0.000767802 0.000874177 0.00940669 -0.017515 0.000862425 -0.00210612 -0.017515 0.0871946 
0.0100568 -0.0182042 -0.000738878 0.000867605 -0.0182042 0.0887594 0.000876182 -0.00212839 -0.000738878 0.000876182 0.00944874 -0.0175576 0.000867605 -0.00212839 -0.0175576 0.0874863 
0.010054 -0.0181989 -0.000732966 0.000827464 -0.0181989 0.0887599 0.00083035 -0.00206057 -0.000732966 0.00083035 0.00946629 -0.0175701 0.000827464 -0.00206057 -0.0175701 0.0874949 
0.0100733 -0.018088 -0.000732331 0.000813489 -0.018088 0.0882503 0.000813151 -0.00199048 -0.000732331 0.000813151 0.00935273 -0.0175082 0.000813489 -0.00199048 -0.0175082 0.0871047 
0.010195 -0.0183018 -0.000720538 0.000824714 -0.0183018 0.0889921 0.000819717 -0.00198616 -0.000720538 0.000819717 0.00938293 -0.0175711 0.000824714 -0.00198616 -0.0175711 0.0876906 
0.0102161 -0.0183899 -0.000708733 0.000798632 -0.0183899 0.0892583 0.000792961 -0.00193322 -0.000708733 0.000792961 0.00938765 -0.0175356 0.000798632 -0.00193322 -0.0175356 0.0876516 
0.010182 -0.0182818 -0.000689728 0.000763435 -0.0182818 0.0887376 0.000761542 -0.00183431 -0.000689728 0.000761542 0.00927716 -0.0173938 0.000763435 -0.00183431 -0.0173938 0.0869315 
0.0101886 -0.0183558 -0.000671173 0.000749086 -0.0183558 0.0890139 0.000746606 -0.0017802 -0.000671173 0.000746606 0.00929982 -0.0174021 0.000749086 -0.0017802 -0.0174021 0.0870842 
0.0101724 -0.0183605 -0.000669783 0.000734506 -0.0183605 0.0891466 0.000725383 -0.00173886 -0.000669783 0.000725383 0.00932855 -0.0174344 0.000734506 -0.00173886 -0.0174344 0.0872148 
0.010149 -0.0182879 -0.000661193 0.000727561 -0.0182879 0.0889229 0.000713564 -0.00169696 -0.000661193 0.000713564 0.00930882 -0.0174261 0.000727561 -0.00169696 -0.0174261 0.087119 
0.0101459 -0.0182138 -0.000631147 0.000720083 -0.0182138 0.0885297 0.000706215 -0.00167524 -0.000631147 0.000706215 0.00924376 -0.0173348 0.000720083 -0.00167524 -0.0173348 0.086736 
0.0102143 -0.0183884 -0.000631824 0.000703763 -0.0183884 0.0892152 0.000689515 -0.00166409 -0.000631824 0.000689515 0.00933218 -0.0174235 0.000703763 -0.00166409 -0.0174235 0.0872776 
0.0101337 -0.0182549 -0.000645329 0.000691385 -0.0182549 0.0886197 0.00067957 -0.00162713 -0.000645329 0.00067957 0.00928357 -0.0173402 0.000691385 -0.00162713 -0.0173402 0.0867094 
0.0101487 -0.0182664 -0.000678036 0.000712097 -0.0182664 0.0887108 0.000705455 -0.00165793 -0.000678036 0.000705455 0.00928881 -0.0173823 0.000712097 -0.00165793 -0.0173823 0.0868754 
0.0101859 -0.0183304 -0.0006938 0.000753718 -0.0183304 0.089022 0.000753561 -0.00174734 -0.0006938 0.000753561 0.00932523 -0.0174558 0.000753718 -0.00174734 -0.0174558 0.087262 
0.0101653 -0.0183097 -0.0006662 0.00076903 -0.0183097 0.0889071 0.000770865 -0.00181339 -0.0006662 0.000770865 0.0093317 -0.0174301 0.00076903 -0.00181339 -0.0174301 0.0871593 
0.0102155 -0.0183097 -0.000660653 0.000736217 -0.0183097 0.0889715 0.000739017 -0.00178941 -0.000660653 0.000739017 0.00930723 -0.0174922 0.000736217 -0.00178941 -0.0174922 0.0873607 
0.0102028 -0.0183248 -0.000660467 0.000715871 -0.0183248 0.0888918 0.000720574 -0.00172117 -0.000660467 0.000720574 0.00929307 -0.0174397 0.000715871 -0.00172117 -0.0174397 0.0872743 
0.0101647 -0.0182409 -0.000694381 0.000721203 -0.0182409 0.0885239 0.000723199 -0.00170877 -0.000694381 0.000723199 0.00922969 -0.0173704 0.000721203 -0.00170877 -0.0173704 0.0869299 
0.010199 -0.0183691 -0.000737748 0.000775621 -0.0183691 0.0890934 0.000775967 -0.00179966 -0.000737748 0.000775967 0.00929949 -0.0174245 0.000775621 -0.00179966 -0.0174245 0.0873577 
0.0101983 -0.0183463 -0.000773884 0.000827181 -0.0183463 0.089069 0.00082794 -0.00192568 -0.000773884 0.00082794 0.00928862 -0.0174097 0.000827181 -0.00192568 -0.0174097 0.0872276 
0.0102172 -0.0183388 -0.000768848 0.000877637 -0.0183388 0.0890033 0.000879918 -0.0020686 -0.000768848 0.000879918 0.00926397 -0.0173741 0.000877637 -0.0020686 -0.0173741 0.0870593 
0.010257 -0.0184154 -0.00074897 0.000881049 -0.0184154 0.0892899 0.000886252 -0.00214796 -0.00074897 0.000886252 0.00928023 -0.0174115 0.000881049 -0.00214796 -0.0174115 0.087253 
0.0102073 -0.0183311 -0.000724591 0.000838699 -0.0183311 0.088852 0.00084311 -0.00208159 -0.000724591 0.00084311 0.00923445 -0.0173108 0.000838699 -0.00208159 -0.0173108 0.0867547 
0.0102469 -0.0183834 -0.000710945 0.000809029 -0.0183834 0.0890938 0.000807076 -0.0019891 -0.000710945 0.000807076 0.00924984 -0.0173566 0.000809029 -0.0019891 -0.0173566 0.0869574 
0.0103093 -0.0184613 -0.000703955 0.000784656 -0.0184613 0.0894296 0.000782982 -0.00190331 -0.000703955 0.000782982 0.0092883 -0.0174174 0.000784656 -0.00190331 -0.0174174 0.0872749 
0.0103116 -0.0184952 -0.000685927 0.000751286 -0.0184952 0.0894989 0.000753827 -0.00179196 -0.000685927 0.000753827 0.00929286 -0.0174313 0.000751286 -0.00179196 -0.0174313 0.0873148 
0.010252 -0.0184295 -0.000678736 0.000738501 -0.0184295 0.0892322 0.000738937 -0.00174067 -0.000678736 0.000738937 0.00926799 -0.0174065 0.000738501 -0.00174067 -0.0174065 0.0871471 
0.0101999 -0.0183841 -0.000678442 0.000737333 -0.0183841 0.0891203 0.000733931 -0.00172268 -0.000678442 0.000733931 0.00929881 -0.0173981 0.000737333 -0.00172268 -0.0173981 0.0871398 
0.010157 -0.0183681 -0.000684422 0.000743593 -0.0183681 0.0891901 0.000737959 -0.00173335 -0.000684422 0.000737959 0.00935913 -0.0174615 0.000743593 -0.00173335 -0.0174615 0.0873534 
0.0100878 -0.0182299 -0.000702227 0.000749331 -0.0182299 0.0887224 0.000745581 -0.00174894 -0.000702227 0.000745581 0.00936164 -0.0174455 0.000749331 -0.00174894 -0.0174455 0.0871318 
0.0100654 -0.0181425 -0.000702497 0.000771106 -0.0181425 0.0883794 0.000770639 -0.00179376 -0.000702497 0.000770639 0.00935417 -0.0174529 0.000771106 -0.00179376 -0.0174529 0.0870501 
0.0101071 -0.0182158 -0.000699125 0.000777937 -0.0182158 0.0886592 0.000782938 -0.00184186 -0.000699125 0.000782938 0.00938948 -0.0175204 0.000777937 -0.00184186 -0.0175204 0.0873963 
0.0101429 -0.0182326 -0.000688306 0.000777062 -0.0182326 0.0886941 0.000783117 -0.00186531 -0.000688306 0.000783117 0.00937373 -0.0175173 0.000777062 -0.00186531 -0.0175173 0.0873899 
0.0101921 -0.0182989 -0.000684717 0.000764046 -0.0182989 0.0888935 0.000764002 -0.00184495 -0.000684717 0.000764002 0.00936224 -0.0175263 0.000764046 -0.00184495 -0.0175263 0.0874871 
0.0102215 -0.0183285 -0.000665404 0.000757938 -0.0183285 0.0889363 0.000749118 -0.0018094 -0.000665404 0.000749118 0.00933355 -0.0174949 0.000757938 -0.0018094 -0.0174949 0.0874021 
0.0102317 -0.0183938 -0.000665558 0.000730732 -0.0183938 0.0891718 0.000723169 -0.00175128 -0.000665558 0.000723169 0.00934438 -0.0175102 0.000730732 -0.00175128 -0.0175102 0.0875359 
0.0102224 -0.0183874 -0.000709099 0.000729775 -0.0183874 0.0892079 0.000728508 -0.00172964 -0.000709099 0.000728508 0.00935009 -0.0175118 0.000729775 -0.00172964 -0.0175118 0.0875514 
0.0101921 -0.0183333 -0.000722028 0.000775613 -0.0183333 0.0889836 0.000775634 -0.00178863 -0.000722028 0.000775634 0.00933869 -0.0174669 0.000775613 -0.00178863 -0.0174669 0.0873361 
0.0101824 -0.0182986 -0.000720497 0.000794814 -0.0182986 0.0888195 0.00079298 -0.00185487 -0.000720497 0.00079298 0.00931843 -0.0174386 0.000794814 -0.00185487 -0.0174386 0.087165 
0.0101912 -0.0182789 -0.000710956 0.000801866 -0.0182789 0.0886911 0.000803417 -0.0019063 -0.000710956 0.000803417 0.00927658 -0.0174073 0.000801866 -0.0019063 -0.0174073 0.0870149 
0.0101913 -0.018317 -0.00070655 0.000785018 -0.018317 0.0887862 0.00079114 -0.00189661 -0.00070655 0.00079114 0.00927562 -0.0173846 0.000785018 -0.00189661 -0.0173846 0.0870042 
0.0101908 -0.0183389 -0.000696216 0.0007813 -0.0183389 0.088931 0.000786965 -0.00188338 -0.000696216 0.000786965 0.00930233 -0.0173992 0.0007813 -0.00188338 -0.0173992 0.0870787 
0.0101223 -0.0182811 -0.00067826 0.000763857 -0.0182811 0.0887074 0.000766 -0.0018421 -0.00067826 0.000766 0.00933075 -0.0173697 0.000763857 -0.0018421 -0.0173697 0.0868682 
0.0100283 -0.0182071 -0.000683122 0.000747524 -0.0182071 0.0885435 0.000748461 -0.00180407 -0.000683122 0.000748461 0.00940826 -0.017434 0.000747524 -0.00180407 -0.017434 0.0869582 
0.0100188 -0.0181457 -0.000720024 0.000757208 -0.0181457 0.0885225 0.000758691 -0.00180677 -0.000720024 0.000758691 0.00943613 -0.0175553 0.000757208 -0.00180677 -0.0175553 0.0873083 
0.0100627 -0.0181677 -0.000752531 0.000810452 -0.0181677 0.0886687 0.000814745 -0.00190778 -0.000752531 0.000814745 0.00943877 -0.0176251 0.000810452 -0.00190778 -0.0176251 0.0876964 
0.0100704 -0.0180889 -0.000746463 0.000832909 -0.0180889 0.0881818 0.000843248 -0.00198086 -0.000746463 0.000843248 0.00932893 -0.0174818 0.000832909 -0.00198086 -0.0174818 0.0871569 
0.0101903 -0.0182705 -0.000740644 0.000825299 -0.0182705 0.0888232 0.000840298 -0.00199943 -0.000740644 0.000840298 0.00933214 -0.0175099 0.000825299 -0.00199943 -0.0175099 0.0875054 
0.0101904 -0.0183434 -0.000739333 0.000824275 -0.0183434 0.0890006 0.000837109 -0.002005 -0.000739333 0.000837109 0.00934154 -0.0174563 0.000824275 -0.002005 -0.0174563 0.0873667 
0.0100664 -0.0182384 -0.000725834 0.000824863 -0.0182384 0.0885697 0.000831069 -0.00200293 -0.000725834 0.000831069 0.00934559 -0.0173763 0.000824863 -0.00200293 -0.0173763 0.0868608 
0.0100871 -0.0182081 -0.00071156 0.000800889 -0.0182081 0.0886762 0.000798862 -0.00194162 -0.00071156 0.000798862 0.00935317 -0.0174661 0.000800889 -0.00194162 -0.0174661 0.0871101 
0.0101236 -0.0182168 -0.000718675 0.000789025 -0.0182168 0.0886798 0.000786174 -0.00189993 -0.000718675 0.000786174 0.00932009 -0.0174643 0.000789025 -0.00189993 -0.0174643 0.0871924 
0.0101539 -0.0182324 -0.000712713 0.000791736 -0.0182324 0.0886392 0.000787444 -0.00187749 -0.000712713 0.000787444 0.00926622 -0.0174081 0.000791736 -0.00187749 -0.0174081 0.0870645 
0.0102186 -0.0182865 -0.000700407 0.00078876 -0.0182865 0.0887696 0.000780476 -0.00186733 -0.000700407 0.000780476 0.00919421 -0.0173588 0.00078876 -0.00186733 -0.0173588 0.0869827 
0.0102722 -0.0183943 -0.000677061 0.000776854 -0.0183943 0.089102 0.000763594 -0.00184076 -0.000677061 0.000763594 0.00916488 -0.0173094 0.000776854 -0.00184076 -0.0173094 0.0869955 
0.0102695 -0.0183928 -0.000661077 0.000749949 -0.0183928 0.0890239 0.00073529 -0.00178491 -0.000661077 0.00073529 0.0091262 -0.0172058 0.000749949 -0.00178491 -0.0172058 0.0866154 
0.0102539 -0.0183711 -0.000653071 0.00072319 -0.0183711 0.088896 0.000706992 -0.00170644 -0.000653071 0.000706992 0.00910606 -0.017151 0.00072319 -0.00170644 -0.017151 0.0863374 
0.0102617 -0.0183643 -0.000655343 0.00072561 -0.0183643 0.0888602 0.000703697 -0.00168561 -0.000655343 0.000703697 0.00909305 -0.0171458 0.00072561 -0.00168561 -0.0171458 0.086273 
0.0102874 -0.0183862 -0.000647825 0.000729283 -0.0183862 0.0889318 0.000707273 -0.00168641 -0.000647825 0.000707273 0.00907277 -0.0171601 0.000729283 -0.00168641 -0.0171601 0.0863538 
0.0103456 -0.0184463 -0.000642566 0.000721551 -0.0184463 0.0891544 0.000709304 -0.00169105 -0.000642566 0.000709304 0.00903952 -0.017166 0.000721551 -0.00169105 -0.017166 0.0864988 
0.0103665 -0.0185354 -0.000649178 0.000710209 -0.0185354 0.0894763 0.000708652 -0.00168214 -0.000649178 0.000708652 0.00904165 -0.0171571 0.000710209 -0.00168214 -0.0171571 0.0866471 
0.0103446 -0.0185189 -0.000643485 0.00072631 -0.0185189 0.0894612 0.000727602 -0.00171629 -0.000643485 0.000727602 0.00904395 -0.0171183 0.00072631 -0.00171629 -0.0171183 0.0865191 
0.0103333 -0.0185459 -0.000626399 0.000708638 -0.0185459 0.0896419 0.000716007 -0.00170147 -0.000626399 0.000716007 0.00911415 -0.017141 0.000708638 -0.00170147 -0.017141 0.0866199 
0.0102356 -0.0184578 -0.000625442 0.000686593 -0.0184578 0.0893377 0.000692795 -0.0016545 -0.000625442 0.000692795 0.00918282 -0.0171579 0.000686593 -0.0016545 -0.0171579 0.0864593 
0.0101653 -0.0182999 -0.000641515 0.00068289 -0.0182999 0.088818 0.000685303 -0.0016188 -0.000641515 0.000685303 0.00919759 -0.0172081 0.00068289 -0.0016188 -0.0172081 0.0863427 
0.0101621 -0.0182558 -0.00066784 0.000704896 -0.0182558 0.0886645 0.000700829 -0.00163323 -0.00066784 0.000700829 0.00920599 -0.0172921 0.000704896 -0.00163323 -0.0172921 0.0866103 
0.0101727 -0.0182429 -0.00067863 0.000739323 -0.0182429 0.0885639 0.000734325 -0.0016978 -0.00067863 0.000734325 0.00917711 -0.0172994 0.000739323 -0.0016978 -0.0172994 0.0867019 
0.0101761 -0.0182805 -0.000644741 0.000742396 -0.0182805 0.0886663 0.000745815 -0.00173135 -0.000644741 0.000745815 0.00916431 -0.0172836 0.000742396 -0.00173135 -0.0172836 0.0867709 
0.0102691 -0.0183941 -0.000642326 0.000709504 -0.0183941 0.0892451 0.000716941 -0.00170621 -0.000642326 0.000716941 0.00917718 -0.0173575 0.000709504 -0.00170621 -0.0173575 0.0872367 
0.0102728 -0.0184255 -0.000623461 0.000710232 -0.0184255 0.0892989 0.000712196 -0.0016855 -0.000623461 0.000712196 0.00917094 -0.0173115 0.000710232 -0.0016855 -0.0173115 0.0871544 
0.0102352 -0.0184055 -0.000620745 0.000687388 -0.0184055 0.0892036 0.000685271 -0.00163951 -0.000620745 0.000685271 0.00917947 -0.017266 0.000687388 -0.00163951 -0.017266 0.0869349 
0.0101471 -0.0182752 -0.000618676 0.000682068 -0.0182752 0.0886758 0.00068179 -0.00161239 -0.000618676 0.00068179 0.00915111 -0.0171979 0.000682068 -0.00161239 -0.0171979 0.0864611 
0.01014 -0.0182537 -0.000629609 0.000692963 -0.0182537 0.0886864 0.000696579 -0.00164047 -0.000629609 0.000696579 0.00918576 -0.0172481 0.000692963 -0.00164047 -0.0172481 0.0866206 
0.0101159 -0.0181974 -0.000645749 0.000698387 -0.0181974 0.0884572 0.000703284 -0.00165653 -0.000645749 0.000703284 0.0091859 -0.0172524 0.000698387 -0.00165653 -0.0172524 0.086562 
0.0101942 -0.0182967 -0.000668391 0.00072579 -0.0182967 0.0889305 0.000728551 -0.0017081 -0.000668391 0.000728551 0.00923773 -0.0173659 0.00072579 -0.0017081 -0.0173659 0.0871102 
0.010203 -0.0183585 -0.0006672 0.000726391 -0.0183585 0.0891139 0.000727235 -0.00169845 -0.0006672 0.000727235 0.00926121 -0.0173785 0.000726391 -0.00169845 -0.0173785 0.0872133 
0.0101519 -0.018282 -0.000660613 0.000721004 -0.018282 0.0887756 0.000722257 -0.00168187 -0.000660613 0.000722257 0.00921843 -0.0173077 0.000721004 -0.00168187 -0.0173077 0.0868168 
0.0101328 -0.0182413 -0.000651668 0.000719192 -0.0182413 0.088641 0.000723677 -0.0016825 -0.000651668 0.000723677 0.00920315 -0.01729 0.000719192 -0.0016825 -0.01729 0.0867166 
0.0102008 -0.0183586 -0.000652588 0.000722474 -0.0183586 0.0892187 0.000730234 -0.00170928 -0.000652588 0.000730234 0.00926913 -0.0173973 0.000722474 -0.00170928 -0.0173973 0.0872855 
0.0101861 -0.0183468 -0.000652565 0.000718332 -0.0183468 0.0891457 0.000722403 -0.00170447 -0.000652565 0.000722403 0.00927111 -0.0173797 0.000718332 -0.00170447 -0.0173797 0.0871863 
0.0101335 -0.018263 -0.000650008 0.000725455 -0.018263 0.0887517 0.000725589 -0.00171868 -0.000650008 0.000725589 0.00923156 -0.0173069 0.000725455 -0.00171868 -0.0173069 0.0867801 
0.0102034 -0.0183358 -0.000652824 0.000719654 -0.0183358 0.0891157 0.000723179 -0.00171582 -0.000652824 0.000723179 0.00924112 -0.0173676 0.000719654 -0.00171582 -0.0173676 0.087089 
0.0102174 -0.0183335 -0.000680206 0.000724058 -0.0183335 0.0890145 0.000729538 -0.00172832 -0.000680206 0.000729538 0.00920682 -0.0173213 0.000724058 -0.00172832 -0.0173213 0.0869326 
0.0102368 -0.0183465 -0.000672483 0.000745179 -0.0183465 0.0889729 0.000743912 -0.0017398 -0.000672483 0.000743912 0.00917641 -0.0172709 0.000745179 -0.0017398 -0.0172709 0.0867555 
0.0102056 -0.0183857 -0.000666328 0.000745311 -0.0183857 0.0890694 0.000735248 -0.00174844 -0.000666328 0.000735248 0.00922324 -0.0172589 0.000745311 -0.00174844 -0.0172589 0.0867284 
0.0101859 -0.0184078 -0.000664343 0.000733532 -0.0184078 0.0893376 0.000718216 -0.00171708 -0.000664343 0.000718216 0.00929507 -0.0173689 0.000733532 -0.00171708 -0.0173689 0.0870757 
0.010061 -0.0182152 -0.000658492 0.000726278 -0.0182152 0.0886075 0.000713152 -0.00169095 -0.000658492 0.000713152 0.00926805 -0.0173121 0.000726278 -0.00169095 -0.0173121 0.0866418 
0.0100069 -0.0181496 -0.000628521 0.000719145 -0.0181496 0.088446 0.000716277 -0.00168269 -0.000628521 0.000716277 0.00931909 -0.0173409 0.000719145 -0.00168269 -0.0173409 0.0867255 
0.00995994 -0.0180878 -0.000631929 0.000701395 -0.0180878 0.0883317 0.00071147 -0.00169703 -0.000631929 0.00071147 0.00938255 -0.0174329 0.000701395 -0.00169703 -0.0174329 0.0869784 
0.00996476 -0.0180919 -0.000629619 0.000690727 -0.0180919 0.0885153 0.000705058 -0.00166782 -0.000629619 0.000705058 0.00944786 -0.0175829 0.000690727 -0.00166782 -0.0175829 0.0875604 
0.00992639 -0.0180393 -0.000631801 0.000697091 -0.0180393 0.0883475 0.000706213 -0.00167395 -0.000631801 0.000706213 0.009475 -0.0176163 0.000697091 -0.00167395 -0.0176163 0.0877074 
0.0099279 -0.0179821 -0.000637854 0.00068853 -0.0179821 0.0881619 0.000695887 -0.00164722 -0.000637854 0.000695887 0.00945804 -0.0176325 0.00068853 -0.00164722 -0.0176325 0.0877412 
0.00998763 -0.0180414 -0.000643018 0.000699458 -0.0180414 0.0883657 0.000707155 -0.00165704 -0.000643018 0.000707155 0.00945249 -0.0176562 0.000699458 -0.00165704 -0.0176562 0.087966 
0.00996032 -0.0179835 -0.000647611 0.000698246 -0.0179835 0.0879344 0.000705634 -0.00165517 -0.000647611 0.000705634 0.0093774 -0.0175129 0.000698246 -0.00165517 -0.0175129 0.0873758 
0.0100037 -0.0180559 -0.000654875 0.000711775 -0.0180559 0.0881837 0.000718515 -0.00168143 -0.000654875 0.000718515 0.00937213 -0.0175015 0.000711775 -0.00168143 -0.0175015 0.0873871 
0.0100794 -0.0180962 -0.000664432 0.000736321 -0.0180962 0.0882849 0.000734469 -0.00174003 -0.000664432 0.000734469 0.0093108 -0.0174662 0.000736321 -0.00174003 -0.0174662 0.0872539 
0.0101994 -0.0182873 -0.000655701 0.000747849 -0.0182873 0.0889241 0.00074515 -0.00178 -0.000655701 0.00074515 0.00928488 -0.0174729 0.000747849 -0.00178 -0.0174729 0.0874917 
0.0102365 -0.0183763 -0.000639846 0.000741257 -0.0183763 0.0891719 0.000738942 -0.00179369 -0.000639846 0.000738942 0.00923718 -0.0174041 0.000741257 -0.00179369 -0.0174041 0.08733 
0.0101845 -0.0183304 -0.000649624 0.000722826 -0.0183304 0.088897 0.000722729 -0.00177176 -0.000649624 0.000722729 0.00916896 -0.0172629 0.000722826 -0.00177176 -0.0172629 0.0867453 
0.0101806 -0.0183188 -0.000638069 0.00072744 -0.0183188 0.0888772 0.000733374 -0.00176391 -0.000638069 0.000733374 0.00914088 -0.0171974 0.00072744 -0.00176391 -0.0171974 0.0864868 
0.0101654 -0.0183358 -0.00062319 0.000722204 -0.0183358 0.0889666 0.000727635 -0.00176769 -0.00062319 0.000727635 0.0091641 -0.0171921 0.000722204 -0.00176769 -0.0171921 0.0864655 
0.0101122 -0.0183485 -0.000610606 0.000692236 -0.0183485 0.0890997 0.000690199 -0.0016962 -0.000610606 0.000690199 0.00923456 -0.0172237 0.000692236 -0.0016962 -0.0172237 0.0865541 
