0.00767194 0 0.000598081 0 0 0.00991972 0 0 0.000598081 0 0.00649347 0 0 0 0 0.00991972 
0.0108175 -0.01341 0.000853228 -0.00103903 -0.01341 0.0348405 -0.00103903 0.00199227 0.000853228 -0.00103903 0.00929682 -0.0115586 -0.00103903 0.00199227 -0.0115586 0.0312909 
0.0106636 -0.0197293 0.000731821 -0.00114213 -0.0197293 0.0720967 -0.00114213 0.00356777 0.000731821 -0.00114213 0.00948238 -0.0178442 -0.00114213 0.00356777 -0.0178442 0.0662363 
0.00993874 -0.0187068 0.000595489 -0.000729843 -0.0187068 0.0830622 -0.000715909 0.00235209 0.000595489 -0.000715909 0.00891106 -0.017658 -0.000729843 0.00235209 -0.017658 0.0799145 
0.00997777 -0.0181168 0.000591233 -0.000661928 -0.0181168 0.0858087 -0.000635128 0.00183611 0.000591233 -0.000635128 0.00891813 -0.0171401 -0.000661928 0.00183611 -0.0171401 0.0839902 
0.0102215 -0.0182921 0.000587882 -0.000683761 -0.0182921 0.0878489 -0.000670049 0.0017967 0.000587882 -0.000670049 0.00915429 -0.0172241 -0.000683761 0.0017967 -0.0172241 0.0860151 
0.0103008 -0.0184445 0.000587039 -0.000670977 -0.0184445 0.0888258 -0.00066686 0.00177159 0.000587039 -0.00066686 0.00928727 -0.0173409 -0.000670977 0.00177159 -0.0173409 0.0867182 
0.0102821 -0.0183938 0.000580051 -0.000657145 -0.0183938 0.0888567 -0.000653778 0.00170241 0.000580051 -0.000653778 0.00930243 -0.0173856 -0.000657145 0.00170241 -0.0173856 0.0867944 
0.010323 -0.0185023 0.000596936 -0.000665278 -0.0185023 0.0894745 -0.000662046 0.00169402 0.000596936 -0.000662046 0.00940326 -0.0175255 -0.000665278 0.00169402 -0.0175255 0.0874989 
0.0102779 -0.0183537 0.000599233 -0.000685162 -0.0183537 0.0888801 -0.000678987 0.00171694 0.000599233 -0.000678987 0.00935984 -0.0174741 -0.000685162 0.00171694 -0.0174741 0.0871075 
0.0103321 -0.0183777 0.000588915 -0.000674974 -0.0183777 0.0888773 -0.000669227 0.00169753 0.000588915 -0.000669227 0.00931591 -0.0174809 -0.000674974 0.00169753 -0.0174809 0.0871482 
0.0104122 -0.0185207 0.00057692 -0.000665732 -0.0185207 0.0893185 -0.00066633 0.00168543 0.00057692 -0.00066633 0.00929348 -0.0174783 -0.000665732 0.00168543 -0.0174783 0.0873367 
0.0104321 -0.0185806 0.00058334 -0.000649678 -0.0185806 0.0894819 -0.000656251 0.0016628 0.00058334 -0.000656251 0.00927639 -0.0174103 -0.000649678 0.0016628 -0.0174103 0.0871643 
0.010393 -0.0185959 0.00059037 -0.000656741 -0.0185959 0.0895096 -0.000662121 0.00166285 0.00059037 -0.000662121 0.00930131 -0.0173535 -0.000656741 0.00166285 -0.0173535 0.0869071 
0.0103839 -0.018573 0.000596695 -0.000673816 -0.018573 0.0895283 -0.000674775 0.00169773 0.000596695 -0.000674775 0.00931947 -0.0173814 -0.000673816 0.00169773 -0.0173814 0.0868574 
0.0104284 -0.0186712 0.000595261 -0.000675728 -0.0186712 0.0900383 -0.000678333 0.00171012 0.000595261 -0.000678333 0.00938452 -0.0175052 -0.000675728 0.00171012 -0.0175052 0.0873883 
0.0103649 -0.0185807 0.00058216 -0.000657968 -0.0185807 0.0896754 -0.000663317 0.00166988 0.00058216 -0.000663317 0.00938247 -0.0174702 -0.000657968 0.00166988 -0.0174702 0.0871478 
0.0102912 -0.0184727 0.000579337 -0.000640015 -0.0184727 0.0892511 -0.000638992 0.00161493 0.000579337 -0.000638992 0.00937071 -0.0174475 -0.000640015 0.00161493 -0.0174475 0.0869229 
0.0103002 -0.0185254 0.000603407 -0.000660399 -0.0185254 0.0895732 -0.000654804 0.00164556 0.000603407 -0.000654804 0.00941927 -0.0175425 -0.000660399 0.00164556 -0.0175425 0.0873625 
0.010259 -0.0184718 0.000609797 -0.000691815 -0.0184718 0.0894291 -0.000686914 0.00171435 0.000609797 -0.000686914 0.00943172 -0.0175384 -0.000691815 0.00171435 -0.0175384 0.087335 
0.0102555 -0.0183966 0.000587498 -0.000690057 -0.0183966 0.0891615 -0.000687661 0.00173498 0.000587498 -0.000687661 0.00940715 -0.0175219 -0.000690057 0.00173498 -0.0175219 0.0871935 
0.0103167 -0.0184891 0.000575156 -0.000655484 -0.0184891 0.0895256 -0.000660547 0.0016856 0.000575156 -0.000660547 0.00945068 -0.0176037 -0.000655484 0.0016856 -0.0176037 0.0876171 
0.0103276 -0.0184454 0.000571416 -0.000637389 -0.0184454 0.0892494 -0.00064695 0.00163614 0.000571416 -0.00064695 0.00936236 -0.0175497 -0.000637389 0.00163614 -0.0175497 0.0873497 
0.0103512 -0.0184993 0.000576302 -0.000641168 -0.0184993 0.0893297 -0.000653775 0.00163598 0.000576302 -0.000653775 0.00932512 -0.0174769 -0.000641168 0.00163598 -0.0174769 0.0872278 
0.0103836 -0.0185769 0.000564933 -0.000642423 -0.0185769 0.0896311 -0.000655926 0.00163524 0.000564933 -0.000655926 0.00932127 -0.0174602 -0.000642423 0.00163524 -0.0174602 0.0872552 
0.0103793 -0.0186478 0.000581725 -0.000631689 -0.0186478 0.0899632 -0.000640353 0.00161814 0.000581725 -0.000640353 0.00935519 -0.0174732 -0.000631689 0.00161814 -0.0174732 0.0873725 
0.0102624 -0.0184914 0.000605888 -0.000658715 -0.0184914 0.0893682 -0.00065568 0.00164359 0.000605888 -0.00065568 0.00932291 -0.0173696 -0.000658715 0.00164359 -0.0173696 0.0867793 
0.0102465 -0.0184445 0.000625284 -0.000702034 -0.0184445 0.0893316 -0.000691219 0.00173093 0.000625284 -0.000691219 0.00932484 -0.0174128 -0.000702034 0.00173093 -0.0174128 0.0868859 
0.0102053 -0.0183808 0.000644388 -0.000727553 -0.0183808 0.0890811 -0.000715035 0.00180777 0.000644388 -0.000715035 0.00931946 -0.0173764 -0.000727553 0.00180777 -0.0173764 0.0867505 
0.0102524 -0.0184473 0.000639879 -0.000749007 -0.0184473 0.0894728 -0.000742653 0.00187347 0.000639879 -0.000742653 0.00939228 -0.0174851 -0.000749007 0.00187347 -0.0174851 0.0872488 
0.0102324 -0.0184267 0.000615202 -0.000723019 -0.0184267 0.0893623 -0.000724917 0.00184634 0.000615202 -0.000724917 0.00940853 -0.0174936 -0.000723019 0.00184634 -0.0174936 0.087225 
0.0102615 -0.0184373 0.000597876 -0.00069907 -0.0184373 0.0894452 -0.000706302 0.00180603 0.000597876 -0.000706302 0.00942443 -0.0175467 -0.00069907 0.00180603 -0.0175467 0.0874021 
0.0102911 -0.0184706 0.000596103 -0.000670655 -0.0184706 0.0895476 -0.000684619 0.00174216 0.000596103 -0.000684619 0.00943077 -0.0175867 -0.000670655 0.00174216 -0.0175867 0.0875873 
0.010248 -0.0184117 0.000608717 -0.000661836 -0.0184117 0.0891917 -0.000676966 0.00169551 0.000608717 -0.000676966 0.00940004 -0.0175048 -0.000661836 0.00169551 -0.0175048 0.0872273 
0.0102761 -0.0184764 0.00064225 -0.000684384 -0.0184764 0.0895072 -0.000687915 0.00170786 0.00064225 -0.000687915 0.00941626 -0.0175681 -0.000684384 0.00170786 -0.0175681 0.0875167 
0.0102733 -0.0184746 0.000668494 -0.000720593 -0.0184746 0.089515 -0.000715813 0.00175493 0.000668494 -0.000715813 0.0094284 -0.0175453 -0.000720593 0.00175493 -0.0175453 0.0874754 
0.0102525 -0.0184001 0.000660628 -0.000761653 -0.0184001 0.0891921 -0.000755285 0.00185283 0.000660628 -0.000755285 0.00940972 -0.0175145 -0.000761653 0.00185283 -0.0175145 0.0872301 
0.0103001 -0.0184356 0.000633457 -0.000765533 -0.0184356 0.0893142 -0.000758932 0.00191782 0.000633457 -0.000758932 0.00941588 -0.0175688 -0.000765533 0.00191782 -0.0175688 0.0874461 
0.0103553 -0.0185272 0.000625274 -0.000744465 -0.0185272 0.0896319 -0.000731682 0.00191347 0.000625274 -0.000731682 0.00941607 -0.0176173 -0.000744465 0.00191347 -0.0176173 0.0877454 
0.0103551 -0.0185789 0.000628888 -0.000725568 -0.0185789 0.0898005 -0.000709648 0.00186012 0.000628888 -0.000709648 0.0094041 -0.0175907 -0.000725568 0.00186012 -0.0175907 0.0877576 
0.0103275 -0.0184847 0.000586214 -0.000710866 -0.0184847 0.0894047 -0.000697322 0.00179453 0.000586214 -0.000697322 0.00935082 -0.017472 -0.000710866 0.00179453 -0.017472 0.0872357 
0.0103104 -0.0184796 0.000605152 -0.000673053 -0.0184796 0.0893025 -0.000667304 0.00174219 0.000605152 -0.000667304 0.00935437 -0.0174353 -0.000673053 0.00174219 -0.0174353 0.0870479 
0.0102951 -0.0184384 0.00062642 -0.00068597 -0.0184384 0.0891585 -0.000688897 0.00173452 0.00062642 -0.000688897 0.00933027 -0.0174495 -0.00068597 0.00173452 -0.0174495 0.0869928 
0.0103214 -0.0184801 0.000635853 -0.00071183 -0.0184801 0.089341 -0.000724154 0.00179096 0.000635853 -0.000724154 0.00933701 -0.0174757 -0.00071183 0.00179096 -0.0174757 0.0872005 
0.0103532 -0.0185779 0.000647957 -0.000722868 -0.0185779 0.08978 -0.000736812 0.00183722 0.000647957 -0.000736812 0.0093689 -0.0175273 -0.000722868 0.00183722 -0.0175273 0.087543 
0.0102632 -0.0184244 0.00066588 -0.000738343 -0.0184244 0.0890987 -0.000749575 0.00187764 0.00066588 -0.000749575 0.00928548 -0.0173665 -0.000738343 0.00187764 -0.0173665 0.0867867 
0.0102387 -0.0184623 0.000654066 -0.000763498 -0.0184623 0.0893234 -0.000771971 0.00192897 0.000654066 -0.000771971 0.00936765 -0.0173926 -0.000763498 0.00192897 -0.0173926 0.0869445 
0.0101799 -0.0183416 0.000618498 -0.000745904 -0.0183416 0.0889705 -0.000749961 0.00191515 0.000618498 -0.000749961 0.00938486 -0.0174339 -0.000745904 0.00191515 -0.0174339 0.0868528 
0.010162 -0.0183304 0.000614979 -0.000710011 -0.0183304 0.0890073 -0.000708666 0.00184825 0.000614979 -0.000708666 0.00944317 -0.0175338 -0.000710011 0.00184825 -0.0175338 0.0872211 
0.0100998 -0.0182533 0.000622038 -0.000704802 -0.0182533 0.0887317 -0.00069846 0.00179864 0.000622038 -0.00069846 0.00947871 -0.0175513 -0.000704802 0.00179864 -0.0175513 0.0872243 
0.0100846 -0.0182201 0.000621613 -0.000707305 -0.0182201 0.0887129 -0.000698107 0.00177424 0.000621613 -0.000698107 0.00952315 -0.017645 -0.000707305 0.00177424 -0.017645 0.0875233 
0.010062 -0.0181585 0.000626383 -0.000708142 -0.0181585 0.0884752 -0.000696639 0.0017684 0.000626383 -0.000696639 0.00951218 -0.0176592 -0.000708142 0.0017684 -0.0176592 0.0875404 
0.0100838 -0.0181284 0.000614778 -0.00070408 -0.0181284 0.0882999 -0.000694176 0.00174811 0.000614778 -0.000694176 0.00945467 -0.017622 -0.00070408 0.00174811 -0.017622 0.0874259 
0.0101581 -0.0182529 0.000586993 -0.000685817 -0.0182529 0.0887248 -0.00068059 0.00171257 0.000586993 -0.00068059 0.00945057 -0.0176229 -0.000685817 0.00171257 -0.0176229 0.0876386 
0.0102061 -0.0183413 0.000550594 -0.000647568 -0.0183413 0.0890323 -0.000644798 0.00163407 0.000550594 -0.000644798 0.00943497 -0.0175935 -0.000647568 0.00163407 -0.0175935 0.0876233 
0.0102302 -0.0184247 0.000540462 -0.000605703 -0.0184247 0.0893866 -0.000609892 0.00154663 0.000540462 -0.000609892 0.00943409 -0.0176106 -0.000605703 0.00154663 -0.0176106 0.0877503 
0.0101315 -0.0182656 0.000535245 -0.000598897 -0.0182656 0.0886783 -0.00060851 0.00151416 0.000535245 -0.00060851 0.0093516 -0.0174444 -0.000598897 0.00151416 -0.0174444 0.0869719 
0.0101554 -0.0183016 0.000558014 -0.000613721 -0.0183016 0.0889401 -0.000625283 0.00155831 0.000558014 -0.000625283 0.00937247 -0.0175104 -0.000613721 0.00155831 -0.0175104 0.0872839 
0.0101941 -0.0183465 0.000590243 -0.000631761 -0.0183465 0.0891926 -0.000645505 0.00159594 0.000590243 -0.000645505 0.00936818 -0.0175566 -0.000631761 0.00159594 -0.0175566 0.0875769 
0.0101625 -0.0182982 0.000601066 -0.000655039 -0.0182982 0.0889219 -0.000669834 0.00162977 0.000601066 -0.000669834 0.00934624 -0.0174552 -0.000655039 0.00162977 -0.0174552 0.0872318 
0.010132 -0.018269 0.000578854 -0.000674167 -0.018269 0.0887908 -0.00068084 0.00167268 0.000578854 -0.00068084 0.00933777 -0.0174249 -0.000674167 0.00167268 -0.0174249 0.0870389 
0.0100614 -0.0182094 0.000573329 -0.000652541 -0.0182094 0.0885449 -0.000646835 0.00164533 0.000573329 -0.000646835 0.00934635 -0.0173738 -0.000652541 0.00164533 -0.0173738 0.0867643 
0.0100769 -0.0182538 0.000563943 -0.000646855 -0.0182538 0.0889037 -0.000637254 0.00160936 0.000563943 -0.000637254 0.00943071 -0.017485 -0.000646855 0.00160936 -0.017485 0.0871849 
0.0100522 -0.0181859 0.000535428 -0.000631698 -0.0181859 0.0886637 -0.000624108 0.00157127 0.000535428 -0.000624108 0.00943727 -0.0174988 -0.000631698 0.00157127 -0.0174988 0.0871014 
0.0100608 -0.0181479 0.000541416 -0.0006014 -0.0181479 0.0884895 -0.000602071 0.0015257 0.000541416 -0.000602071 0.00942469 -0.01752 -0.0006014 0.0015257 -0.01752 0.0871054 
0.0101781 -0.0182997 0.000559564 -0.00060566 -0.0182997 0.0891397 -0.000616006 0.00151747 0.000559564 -0.000616006 0.00945451 -0.0176625 -0.00060566 0.00151747 -0.0176625 0.0878327 
0.0101118 -0.0182426 0.000576414 -0.00061595 -0.0182426 0.0886867 -0.000634996 0.00153732 0.000576414 -0.000634996 0.00938515 -0.0175076 -0.00061595 0.00153732 -0.0175076 0.0872541 
0.0100874 -0.0182629 0.000575838 -0.000641909 -0.0182629 0.0888012 -0.000658099 0.00159161 0.000575838 -0.000658099 0.00940308 -0.0174758 -0.000641909 0.00159161 -0.0174758 0.0871602 
0.0100857 -0.0182921 0.000579349 -0.000655496 -0.0182921 0.0890633 -0.000663186 0.00164334 0.000579349 -0.000663186 0.00945007 -0.0175316 -0.000655496 0.00164334 -0.0175316 0.087352 
0.0100932 -0.0182811 0.000585757 -0.000668627 -0.0182811 0.089122 -0.000670624 0.00168362 0.000585757 -0.000670624 0.00946869 -0.0175717 -0.000668627 0.00168362 -0.0175717 0.0874639 
0.0100688 -0.0182309 0.000581418 -0.000659464 -0.0182309 0.0889034 -0.000660077 0.00166137 0.000581418 -0.000660077 0.00945696 -0.0175593 -0.000659464 0.00166137 -0.0175593 0.0873557 
0.0100363 -0.0181548 0.00058507 -0.000651541 -0.0181548 0.0885554 -0.000650315 0.00163256 0.00058507 -0.000650315 0.00942952 -0.0175163 -0.000651541 0.00163256 -0.0175163 0.087122 
0.0100164 -0.0181506 0.000581999 -0.000655197 -0.0181506 0.0885138 -0.000650867 0.00161999 0.000581999 -0.000650867 0.00944827 -0.0175209 -0.000655197 0.00161999 -0.0175209 0.0871459 
0.0100014 -0.0181239 0.000574588 -0.000654096 -0.0181239 0.0884518 -0.000641822 0.00160787 0.000574588 -0.000641822 0.00946169 -0.0175497 -0.000654096 0.00160787 -0.0175497 0.0872107 
0.0100601 -0.0182349 0.000571108 -0.000660653 -0.0182349 0.0890123 -0.000642217 0.00162249 0.000571108 -0.000642217 0.00954159 -0.0176836 -0.000660653 0.00162249 -0.0176836 0.0878574 
0.0100837 -0.0182318 0.00055187 -0.000656559 -0.0182318 0.0890228 -0.000647818 0.00163616 0.00055187 -0.000647818 0.00954279 -0.0177174 -0.000656559 0.00163616 -0.0177174 0.0879671 
0.0100581 -0.0181983 0.000540735 -0.000627449 -0.0181983 0.0887673 -0.000626695 0.0016026 0.000540735 -0.000626695 0.00949652 -0.0176541 -0.000627449 0.0016026 -0.0176541 0.0876976 
0.0100802 -0.0182122 0.000541241 -0.000603361 -0.0182122 0.0888243 -0.000599701 0.00152958 0.000541241 -0.000599701 0.00946353 -0.0176366 -0.000603361 0.00152958 -0.0176366 0.0876798 
0.0101478 -0.0182593 0.000548487 -0.000610047 -0.0182593 0.0890357 -0.000599394 0.00150668 0.000548487 -0.000599394 0.00941159 -0.0176555 -0.000610047 0.00150668 -0.0176555 0.0878663 
0.0101871 -0.0182761 0.000541419 -0.000627002 -0.0182761 0.0889446 -0.000612301 0.00153059 0.000541419 -0.000612301 0.0093337 -0.0175286 -0.000627002 0.00153059 -0.0175286 0.0875454 
0.0102326 -0.0183786 0.000548035 -0.00060979 -0.0183786 0.0892308 -0.000601071 0.0015134 0.000548035 -0.000601071 0.00932245 -0.017469 -0.00060979 0.0015134 -0.017469 0.0874526 
0.0101972 -0.0183747 0.000523551 -0.000598893 -0.0183747 0.0891419 -0.000597204 0.00146998 0.000523551 -0.000597204 0.00933634 -0.0173878 -0.000598893 0.00146998 -0.0173878 0.0870735 
0.0101517 -0.0183357 0.000536765 -0.000579539 -0.0183357 0.0890236 -0.000581044 0.00144754 0.000536765 -0.000581044 0.00934355 -0.0173886 -0.000579539 0.00144754 -0.0173886 0.0868851 
0.0101154 -0.0183132 0.000569503 -0.000591319 -0.0183132 0.0890129 -0.000596241 0.00144953 0.000569503 -0.000596241 0.00937658 -0.0174168 -0.000591319 0.00144953 -0.0174168 0.0869281 
0.0100635 -0.0182711 0.000573406 -0.000625414 -0.0182711 0.0889419 -0.000635108 0.00150838 0.000573406 -0.000635108 0.00940947 -0.0174502 -0.000625414 0.00150838 -0.0174502 0.0869861 
0.0100763 -0.0182665 0.000560415 -0.000650129 -0.0182665 0.0891112 -0.000663625 0.00160828 0.000560415 -0.000663625 0.00945185 -0.0175553 -0.000650129 0.00160828 -0.0175553 0.0873856 
0.0100756 -0.0182299 0.000541212 -0.000633841 -0.0182299 0.0889625 -0.00064817 0.00162127 0.000541212 -0.00064817 0.00945297 -0.0175615 -0.000633841 0.00162127 -0.0175615 0.0874071 
0.0100948 -0.0182616 0.000537734 -0.000606228 -0.0182616 0.0890415 -0.000621007 0.00157222 0.000537734 -0.000621007 0.00946988 -0.0175794 -0.000606228 0.00157222 -0.0175794 0.087504 
0.0101312 -0.0183097 0.000534457 -0.000596194 -0.0183097 0.0892335 -0.000608457 0.00152365 0.000534457 -0.000608457 0.00947091 -0.0176166 -0.000596194 0.00152365 -0.0176166 0.0876646 
0.0101302 -0.0183194 0.000542391 -0.000598499 -0.0183194 0.0892177 -0.000612557 0.00152103 0.000542391 -0.000612557 0.00947164 -0.017586 -0.000598499 0.00152103 -0.017586 0.0875698 
0.0100612 -0.0182488 0.000551769 -0.00060818 -0.0182488 0.0888633 -0.000620109 0.00153436 0.000551769 -0.000620109 0.0094428 -0.0175094 -0.00060818 0.00153436 -0.0175094 0.0871529 
0.0100489 -0.0182285 0.000555912 -0.000615026 -0.0182285 0.0888813 -0.000619227 0.00153405 0.000555912 -0.000619227 0.00946475 -0.0175409 -0.000615026 0.00153405 -0.0175409 0.0872358 
0.0100281 -0.0182071 0.00055979 -0.000618133 -0.0182071 0.0888146 -0.00061574 0.00152632 0.00055979 -0.00061574 0.00949355 -0.0175457 -0.000618133 0.00152632 -0.0175457 0.087229 
0.00999756 -0.0182025 0.00058131 -0.000630192 -0.0182025 0.0888449 -0.000619466 0.00153938 0.00058131 -0.000619466 0.00953959 -0.0175945 -0.000630192 0.00153938 -0.0175945 0.0873549 
0.00996285 -0.0181342 0.000591044 -0.000656538 -0.0181342 0.0886549 -0.000639587 0.00157772 0.000591044 -0.000639587 0.00955846 -0.0176237 -0.000656538 0.00157772 -0.0176237 0.0873588 
0.00999393 -0.0181296 0.000577393 -0.000670904 -0.0181296 0.0886777 -0.000648986 0.00161275 0.000577393 -0.000648986 0.00956997 -0.0176797 -0.000670904 0.00161275 -0.0176797 0.0875566 
0.00999872 -0.0181106 0.000545675 -0.000640084 -0.0181106 0.0884977 -0.000624418 0.00157024 0.000545675 -0.000624418 0.00955389 -0.0176589 -0.000640084 0.00157024 -0.0176589 0.087467 
0.0100088 -0.0181139 0.000546353 -0.000612542 -0.0181139 0.088432 -0.00060298 0.00153006 0.000546353 -0.00060298 0.00953932 -0.0176523 -0.000612542 0.00153006 -0.0176523 0.0874274 
0.0100519 -0.0181991 0.000556284 -0.000608137 -0.0181991 0.0887724 -0.000604409 0.00150436 0.000556284 -0.000604409 0.0095458 -0.0177051 -0.000608137 0.00150436 -0.0177051 0.087728 
0.0100661 -0.0182472 0.0005611 -0.000621674 -0.0182472 0.0889929 -0.000626088 0.00153224 0.0005611 -0.000626088 0.00956631 -0.0177257 -0.000621674 0.00153224 -0.0177257 0.0879135 
0.010086 -0.0182569 0.00057448 -0.00063031 -0.0182569 0.0891032 -0.000642292 0.00157677 0.00057448 -0.000642292 0.0095702 -0.0177624 -0.00063031 0.00157677 -0.0177624 0.0880823 
0.0100897 -0.0182649 0.000584166 -0.000649801 -0.0182649 0.0891097 -0.000665866 0.00163544 0.000584166 -0.000665866 0.00957538 -0.0177521 -0.000649801 0.00163544 -0.0177521 0.0880996 
0.0101005 -0.0182345 0.000600354 -0.000650166 -0.0182345 0.0889565 -0.000665148 0.00164576 0.000600354 -0.000665148 0.00952262 -0.0177231 -0.000650166 0.00164576 -0.0177231 0.0879465 
0.0101138 -0.0183012 0.000615307 -0.000674722 -0.0183012 0.0891701 -0.000687951 0.00168771 0.000615307 -0.000687951 0.00953366 -0.0177088 -0.000674722 0.00168771 -0.0177088 0.088029 
0.0100618 -0.0181711 0.000624662 -0.000690776 -0.0181711 0.0885934 -0.000701623 0.0017282 0.000624662 -0.000701623 0.00944901 -0.0175846 -0.000690776 0.0017282 -0.0175846 0.087396 
0.0101104 -0.018226 0.000629011 -0.000710943 -0.018226 0.0887765 -0.00071613 0.00177571 0.000629011 -0.00071613 0.00943975 -0.0175704 -0.000710943 0.00177571 -0.0175704 0.087433 
0.0101411 -0.0182825 0.000621145 -0.00072035 -0.0182825 0.0889439 -0.000719477 0.00180715 0.000621145 -0.000719477 0.00943257 -0.0175565 -0.00072035 0.00180715 -0.0175565 0.0874201 
0.0101262 -0.0183456 0.000608484 -0.000710188 -0.0183456 0.0891743 -0.000707147 0.00179792 0.000608484 -0.000707147 0.00947322 -0.0175453 -0.000710188 0.00179792 -0.0175453 0.0874221 
0.0100828 -0.0182914 0.00058707 -0.000694627 -0.0182914 0.0890622 -0.000691633 0.00176823 0.00058707 -0.000691633 0.00950518 -0.0175525 -0.000694627 0.00176823 -0.0175525 0.0873014 
0.0100862 -0.018251 0.000578618 -0.000666164 -0.018251 0.0889962 -0.000659093 0.00170327 0.000578618 -0.000659093 0.00949036 -0.017619 -0.000666164 0.00170327 -0.017619 0.0874443 
0.0101154 -0.0182567 0.000582767 -0.000648778 -0.0182567 0.0890125 -0.000642437 0.00163777 0.000582767 -0.000642437 0.00945402 -0.0176296 -0.000648778 0.00163777 -0.0176296 0.0875917 
0.0101074 -0.0182581 0.000593946 -0.000664322 -0.0182581 0.0889165 -0.000657827 0.00164804 0.000593946 -0.000657827 0.00945077 -0.0175533 -0.000664322 0.00164804 -0.0175533 0.0874161 
0.0100853 -0.0182532 0.000617914 -0.000675665 -0.0182532 0.0889161 -0.000671412 0.00167535 0.000617914 -0.000671412 0.00949074 -0.017578 -0.000675665 0.00167535 -0.017578 0.0874487 
0.0100749 -0.0181963 0.000615994 -0.000695391 -0.0181963 0.0887033 -0.000688519 0.00170289 0.000615994 -0.000688519 0.00948428 -0.0175849 -0.000695391 0.00170289 -0.0175849 0.087355 
0.0100891 -0.0182281 0.000633649 -0.000701803 -0.0182281 0.0887618 -0.000694225 0.00173726 0.000633649 -0.000694225 0.00949277 -0.0175855 -0.000701803 0.00173726 -0.0175855 0.0873785 
0.0101176 -0.0182711 0.000642305 -0.000719283 -0.0182711 0.0889504 -0.000720861 0.00178205 0.000642305 -0.000720861 0.00949376 -0.017626 -0.000719283 0.00178205 -0.017626 0.0875375 
0.0101174 -0.018303 0.000622192 -0.000724338 -0.018303 0.0890813 -0.000733521 0.00181365 0.000622192 -0.000733521 0.00952635 -0.0176371 -0.000724338 0.00181365 -0.0176371 0.0876401 
0.0101114 -0.0182427 0.000586341 -0.000693566 -0.0182427 0.0888553 -0.000698712 0.00176806 0.000586341 -0.000698712 0.0095041 -0.0176282 -0.000693566 0.00176806 -0.0176282 0.0874927 
0.0101612 -0.0182812 0.000587186 -0.000671942 -0.0182812 0.0889605 -0.000672604 0.00173134 0.000587186 -0.000672604 0.00948073 -0.0176527 -0.000671942 0.00173134 -0.0176527 0.0876338 
0.0102047 -0.0183628 0.000592917 -0.000674854 -0.0183628 0.0892307 -0.000670872 0.00171263 0.000592917 -0.000670872 0.00948362 -0.01767 -0.000674854 0.00171263 -0.01767 0.0878454 
0.0102353 -0.0184001 0.00060911 -0.000687449 -0.0184001 0.0893732 -0.000682142 0.00173625 0.00060911 -0.000682142 0.00946485 -0.0176668 -0.000687449 0.00173625 -0.0176668 0.0879019 
0.0101947 -0.0183811 0.00059429 -0.000687359 -0.0183811 0.089208 -0.000682857 0.00172527 0.00059429 -0.000682857 0.00943941 -0.0175756 -0.000687359 0.00172527 -0.0175756 0.0875764 
0.0102043 -0.0183989 0.000587421 -0.000668823 -0.0183989 0.0893849 -0.000666192 0.00169464 0.000587421 -0.000666192 0.00943761 -0.01761 -0.000668823 0.00169464 -0.01761 0.0877108 
0.0102152 -0.0183659 0.000582425 -0.000665471 -0.0183659 0.0892614 -0.000663109 0.00167808 0.000582425 -0.000663109 0.00940072 -0.0175695 -0.000665471 0.00167808 -0.0175695 0.0875844 
0.0101959 -0.0182937 0.000555127 -0.000640279 -0.0182937 0.0888449 -0.000640337 0.00161171 0.000555127 -0.000640337 0.00933975 -0.0174685 -0.000640279 0.00161171 -0.0174685 0.0871557 
0.0102382 -0.0184263 0.000565324 -0.000627677 -0.0184263 0.0893997 -0.000629337 0.00159138 0.000565324 -0.000629337 0.00941981 -0.017561 -0.000627677 0.00159138 -0.017561 0.0876613 
0.0101734 -0.0184152 0.000572247 -0.000643183 -0.0184152 0.089394 -0.000642196 0.00160754 0.000572247 -0.000642196 0.00946587 -0.0175666 -0.000643183 0.00160754 -0.0175666 0.0876173 
0.0100269 -0.0182064 0.000564492 -0.000644865 -0.0182064 0.0886065 -0.000639839 0.00160837 0.000564492 -0.000639839 0.00944768 -0.017476 -0.000644865 0.00160837 -0.017476 0.0869816 
0.0100699 -0.0182606 0.000562561 -0.000640364 -0.0182606 0.0891017 -0.000636093 0.00160459 0.000562561 -0.000636093 0.00955572 -0.0176791 -0.000640364 0.00160459 -0.0176791 0.0877793 
0.0100437 -0.0181833 0.000560404 -0.000626716 -0.0181833 0.0887906 -0.000626511 0.0015734 0.000560404 -0.000626511 0.00955814 -0.0176967 -0.000626716 0.0015734 -0.0176967 0.0877651 
0.0100027 -0.0181223 0.000576248 -0.000621221 -0.0181223 0.088464 -0.000623757 0.00155301 0.000576248 -0.000623757 0.00952469 -0.0176611 -0.000621221 0.00155301 -0.0176611 0.0875715 
0.00999182 -0.0180993 0.000595307 -0.000645956 -0.0180993 0.0883603 -0.000649834 0.00159066 0.000595307 -0.000649834 0.00950894 -0.0176334 -0.000645956 0.00159066 -0.0176334 0.0874829 
0.0100141 -0.0180907 0.000577881 -0.000664699 -0.0180907 0.0882884 -0.000668007 0.00163266 0.000577881 -0.000668007 0.00947872 -0.0175913 -0.000664699 0.00163266 -0.0175913 0.0873188 
0.0100385 -0.0181434 0.000566765 -0.000649549 -0.0181434 0.0884073 -0.000649123 0.00163148 0.000566765 -0.000649123 0.0094592 -0.0175626 -0.000649549 0.00163148 -0.0175626 0.087241 
0.0101263 -0.0183365 0.000558008 -0.000646713 -0.0183365 0.0892827 -0.000642665 0.00162414 0.000558008 -0.000642665 0.00955818 -0.0176828 -0.000646713 0.00162414 -0.0176828 0.0878914 
0.00998461 -0.0181996 0.00056074 -0.000629383 -0.0181996 0.0886804 -0.000625092 0.00159052 0.00056074 -0.000625092 0.00956336 -0.0175925 -0.000629383 0.00159052 -0.0175925 0.0873035 
0.00994658 -0.0181069 0.00053962 -0.00063109 -0.0181069 0.0885402 -0.000629267 0.00157823 0.00053962 -0.000629267 0.00960617 -0.0176977 -0.00063109 0.00157823 -0.0176977 0.0875168 
0.00991516 -0.0180733 0.000535647 -0.000601826 -0.0180733 0.08846 -0.00060586 0.00153757 0.000535647 -0.00060586 0.00964928 -0.017767 -0.000601826 0.00153757 -0.017767 0.0877816 
0.00992052 -0.0180973 0.000571124 -0.00060574 -0.0180973 0.0886713 -0.0006093 0.00153104 0.000571124 -0.0006093 0.00970746 -0.0178741 -0.00060574 0.00153104 -0.0178741 0.0882454 
0.00992751 -0.0180782 0.000599536 -0.000631454 -0.0180782 0.0886475 -0.000633973 0.00154759 0.000599536 -0.000633973 0.00969368 -0.0178976 -0.000631454 0.00154759 -0.0178976 0.0883567 
0.0098985 -0.0179317 0.000608904 -0.000673603 -0.0179317 0.0879286 -0.00067827 0.00163939 0.000608904 -0.00067827 0.00956439 -0.0177498 -0.000673603 0.00163939 -0.0177498 0.0877059 
0.00999025 -0.0180373 0.000609602 -0.000699831 -0.0180373 0.0882486 -0.000705895 0.001739 0.000609602 -0.000705895 0.00951702 -0.0177291 -0.000699831 0.001739 -0.0177291 0.0878454 
0.0100387 -0.0181082 0.000602712 -0.000689449 -0.0181082 0.0883751 -0.000690896 0.00173863 0.000602712 -0.000690896 0.00945057 -0.0176243 -0.000689449 0.00173863 -0.0176243 0.0875949 
0.0100571 -0.0181505 0.00058847 -0.000671984 -0.0181505 0.0884246 -0.000670561 0.00169026 0.00058847 -0.000670561 0.00938957 -0.0175066 -0.000671984 0.00169026 -0.0175066 0.087209 
0.0101269 -0.0182908 0.000581708 -0.000664702 -0.0182908 0.0890582 -0.000661449 0.00166514 0.000581708 -0.000661449 0.00943537 -0.0175561 -0.000664702 0.00166514 -0.0175561 0.0875399 
0.0100764 -0.0181929 0.000545619 -0.000632398 -0.0181929 0.0885837 -0.000628886 0.00157619 0.000545619 -0.000628886 0.009384 -0.0174471 -0.000632398 0.00157619 -0.0174471 0.0869612 
0.0100456 -0.0181957 0.000541087 -0.000610504 -0.0181957 0.0885866 -0.000604878 0.00152989 0.000541087 -0.000604878 0.00941451 -0.017461 -0.000610504 0.00152989 -0.017461 0.0869724 
0.0100843 -0.0183011 0.000536391 -0.000622368 -0.0183011 0.0892057 -0.000612851 0.0015405 0.000536391 -0.000612851 0.0095475 -0.0176245 -0.000622368 0.0015405 -0.0176245 0.0876656 
0.0101193 -0.0182535 0.00053113 -0.000612703 -0.0182535 0.0891141 -0.000603218 0.00153361 0.00053113 -0.000603218 0.00953334 -0.0177192 -0.000612703 0.00153361 -0.0177192 0.0878691 
0.0100724 -0.0181847 0.000548661 -0.000599673 -0.0181847 0.0885743 -0.000596395 0.00151041 0.000548661 -0.000596395 0.00947329 -0.0175844 -0.000599673 0.00151041 -0.0175844 0.0873532 
