0.00636837 0 0.000702897 0 0 0.00992245 0 0 0.000702897 0 0.00765507 0 0 0 0 0.00992245 
0.00917718 -0.0114111 0.000952608 -0.00116132 -0.0114111 0.0310304 -0.00116132 0.00222671 0.000952608 -0.00116132 0.0107807 -0.0133637 -0.00116132 0.00222671 -0.0133637 0.034774 
0.00930466 -0.0175962 0.000792328 -0.00124643 -0.0175962 0.0654374 -0.00124643 0.00388905 0.000792328 -0.00124643 0.010649 -0.0195887 -0.00124643 0.00388905 -0.0195887 0.0716228 
0.00869074 -0.0175431 0.000681083 -0.000765967 -0.0175431 0.0796952 -0.000764303 0.00240383 0.000681083 -0.000764303 0.0100074 -0.0186802 -0.000765967 0.00240383 -0.0186802 0.0827653 
0.00858776 -0.0169694 0.000713129 -0.000701798 -0.0169694 0.0839896 -0.000706117 0.00167762 0.000713129 -0.000706117 0.0101121 -0.0181442 -0.000701798 0.00167762 -0.0181442 0.0855625 
0.00873921 -0.0168467 0.000755457 -0.000788764 -0.0168467 0.0855691 -0.000797695 0.00175188 0.000755457 -0.000797695 0.0104124 -0.0184518 -0.000788764 0.00175188 -0.0184518 0.0879406 
0.0088203 -0.0167825 0.000769821 -0.000833104 -0.0167825 0.0855112 -0.000842066 0.00190944 0.000769821 -0.000842066 0.0104833 -0.0186248 -0.000833104 0.00190944 -0.0186248 0.0889551 
0.0088738 -0.0168062 0.000772132 -0.00083835 -0.0168062 0.0854069 -0.000842772 0.00195904 0.000772132 -0.000842772 0.0104599 -0.018639 -0.00083835 0.00195904 -0.018639 0.0893198 
0.00897076 -0.0169535 0.000778591 -0.000853371 -0.0169535 0.0858919 -0.000852338 0.00199281 0.000778591 -0.000852338 0.0104668 -0.0186622 -0.000853371 0.00199281 -0.0186622 0.0897214 
0.00904142 -0.0170904 0.000771048 -0.000866644 -0.0170904 0.0863689 -0.000864867 0.00202682 0.000771048 -0.000864867 0.0104897 -0.0186686 -0.000866644 0.00202682 -0.0186686 0.0899009 
0.00898308 -0.0170729 0.000746781 -0.000837142 -0.0170729 0.0861589 -0.00083762 0.00197586 0.000746781 -0.00083762 0.0104552 -0.0185671 -0.000837142 0.00197586 -0.0185671 0.0893995 
0.00903865 -0.0171544 0.000763376 -0.000833595 -0.0171544 0.0867001 -0.000837555 0.00198068 0.000763376 -0.000837555 0.0104888 -0.0186879 -0.000833595 0.00198068 -0.0186879 0.0898917 
0.00905324 -0.0171657 0.000784308 -0.000850105 -0.0171657 0.0867571 -0.000855925 0.00200695 0.000784308 -0.000855925 0.0104652 -0.0186783 -0.000850105 0.00200695 -0.0186783 0.0899327 
0.00907664 -0.0171734 0.000763202 -0.000866083 -0.0171734 0.0867725 -0.000871076 0.00203259 0.000763202 -0.000871076 0.0104327 -0.0186499 -0.000866083 0.00203259 -0.0186499 0.0898954 
0.00901238 -0.0170458 0.000739546 -0.000847873 -0.0170458 0.0860452 -0.000849046 0.00202629 0.000739546 -0.000849046 0.0103202 -0.0184464 -0.000847873 0.00202629 -0.0184464 0.0890238 
0.00906925 -0.0171122 0.000737097 -0.000825111 -0.0171122 0.0863412 -0.000820225 0.00197684 0.000737097 -0.000820225 0.0103245 -0.0184813 -0.000825111 0.00197684 -0.0184813 0.089235 
0.00905777 -0.0171509 0.000731989 -0.00081272 -0.0171509 0.0864375 -0.00080872 0.00192522 0.000731989 -0.00080872 0.0103411 -0.018461 -0.00081272 0.00192522 -0.018461 0.0892182 
0.00904845 -0.0171067 0.00073411 -0.000809075 -0.0171067 0.0863069 -0.000809668 0.00191343 0.00073411 -0.000809668 0.0103259 -0.018447 -0.000809075 0.00191343 -0.018447 0.0890777 
0.00904352 -0.0171392 0.000713217 -0.00080312 -0.0171392 0.0864517 -0.000807983 0.00189304 0.000713217 -0.000807983 0.0103691 -0.0184883 -0.00080312 0.00189304 -0.0184883 0.0892704 
0.00900479 -0.0171068 0.000697172 -0.000782534 -0.0171068 0.0863375 -0.000790458 0.00186446 0.000697172 -0.000790458 0.0103914 -0.0184774 -0.000782534 0.00186446 -0.0184774 0.0891596 
0.00906231 -0.0171389 0.000690435 -0.000775348 -0.0171389 0.0866015 -0.000783273 0.00185201 0.000690435 -0.000783273 0.0104332 -0.0185825 -0.000775348 0.00185201 -0.0185825 0.0895282 
0.0090146 -0.0170754 0.000662983 -0.000749743 -0.0170754 0.0861453 -0.000755869 0.00178578 0.000662983 -0.000755869 0.0103673 -0.0184853 -0.000749743 0.00178578 -0.0184853 0.0890606 
0.00900914 -0.0171385 0.000649713 -0.000708222 -0.0171385 0.0864759 -0.000715522 0.00168445 0.000649713 -0.000715522 0.010414 -0.0185475 -0.000708222 0.00168445 -0.0185475 0.0893867 
0.00898025 -0.0171289 0.000648001 -0.000688017 -0.0171289 0.0866062 -0.000693066 0.00159878 0.000648001 -0.000693066 0.0104619 -0.0186066 -0.000688017 0.00159878 -0.0186066 0.0896325 
0.00897509 -0.0170707 0.000671245 -0.000687046 -0.0170707 0.0864946 -0.000692971 0.00156676 0.000671245 -0.000692971 0.0104601 -0.0186375 -0.000687046 0.00156676 -0.0186375 0.0897142 
0.00899773 -0.0170747 0.000669461 -0.000729506 -0.0170747 0.08648 -0.000737578 0.00164478 0.000669461 -0.000737578 0.010441 -0.0186328 -0.000729506 0.00164478 -0.0186328 0.0897558 
0.00903612 -0.017122 0.000678292 -0.000740553 -0.017122 0.0866189 -0.000744059 0.00171063 0.000678292 -0.000744059 0.010435 -0.0186209 -0.000740553 0.00171063 -0.0186209 0.0898012 
0.00895029 -0.0170267 0.000668589 -0.000741705 -0.0170267 0.086046 -0.000735772 0.00171126 0.000668589 -0.000735772 0.0103783 -0.0184584 -0.000741705 0.00171126 -0.0184584 0.0890639 
0.00896183 -0.0170081 0.00065814 -0.000735135 -0.0170081 0.0860914 -0.000718225 0.00168847 0.00065814 -0.000718225 0.0104015 -0.0185131 -0.000735135 0.00168847 -0.0185131 0.0891893 
0.0089889 -0.0169911 0.00066554 -0.000726478 -0.0169911 0.085965 -0.000707727 0.00166762 0.00066554 -0.000707727 0.0103745 -0.0185045 -0.000726478 0.00166762 -0.0185045 0.0891242 
0.00901815 -0.0170843 0.000678158 -0.00073127 -0.0170843 0.0862374 -0.000719998 0.00167194 0.000678158 -0.000719998 0.0103885 -0.0185133 -0.00073127 0.00167194 -0.0185133 0.0892611 
0.00906991 -0.0171233 0.000701921 -0.000744779 -0.0171233 0.0864206 -0.000741938 0.00170706 0.000701921 -0.000741938 0.0103596 -0.01852 -0.000744779 0.00170706 -0.01852 0.0893026 
0.00908487 -0.0171914 0.000733515 -0.000770528 -0.0171914 0.0866093 -0.000774564 0.00176909 0.000733515 -0.000774564 0.0103551 -0.0184795 -0.000770528 0.00176909 -0.0184795 0.0892591 
0.00905041 -0.0171344 0.000741987 -0.000805085 -0.0171344 0.0863683 -0.000808939 0.00184581 0.000741987 -0.000808939 0.0103207 -0.0184106 -0.000805085 0.00184581 -0.0184106 0.0889097 
0.00902288 -0.0170944 0.00072625 -0.000808351 -0.0170944 0.0862408 -0.000802448 0.00185954 0.00072625 -0.000802448 0.0103367 -0.0184156 -0.000808351 0.00185954 -0.0184156 0.0888852 
0.00904115 -0.0171291 0.000726409 -0.000806605 -0.0171291 0.0864733 -0.000791361 0.00186652 0.000726409 -0.000791361 0.010408 -0.0185121 -0.000806605 0.00186652 -0.0185121 0.0892728 
0.00906045 -0.0171617 0.000728164 -0.000797205 -0.0171617 0.086669 -0.000780734 0.00183759 0.000728164 -0.000780734 0.0104651 -0.0186122 -0.000797205 0.00183759 -0.0186122 0.0896452 
0.00909832 -0.0171284 0.000722425 -0.000805884 -0.0171284 0.0864748 -0.000793173 0.00185525 0.000722425 -0.000793173 0.0104046 -0.0185972 -0.000805884 0.00185525 -0.0185972 0.089522 
0.00919238 -0.0172605 0.000719022 -0.000799047 -0.0172605 0.0868768 -0.000791694 0.00186258 0.000719022 -0.000791694 0.0103799 -0.0186142 -0.000799047 0.00186258 -0.0186142 0.0897721 
0.00915674 -0.0172455 0.000712929 -0.000789983 -0.0172455 0.0865668 -0.000782355 0.00184717 0.000712929 -0.000782355 0.010294 -0.0184261 -0.000789983 0.00184717 -0.0184261 0.0890787 
0.00919511 -0.0173355 0.000726592 -0.000791353 -0.0173355 0.0870158 -0.000778821 0.00184452 0.000726592 -0.000778821 0.0103085 -0.0184583 -0.000791353 0.00184452 -0.0184583 0.089268 
0.00922544 -0.0173422 0.000722957 -0.000806212 -0.0173422 0.0871103 -0.000797401 0.00187044 0.000722957 -0.000797401 0.0103071 -0.0184632 -0.000806212 0.00187044 -0.0184632 0.0893029 
0.00922007 -0.0173266 0.000707305 -0.000790532 -0.0173266 0.0869485 -0.000787649 0.00185774 0.000707305 -0.000787649 0.0102878 -0.018411 -0.000790532 0.00185774 -0.018411 0.0890777 
0.00921303 -0.0173692 0.0007084 -0.000765648 -0.0173692 0.0870965 -0.000769125 0.00181061 0.0007084 -0.000769125 0.0103109 -0.0184267 -0.000765648 0.00181061 -0.0184267 0.0891451 
0.00922187 -0.0173607 0.000731735 -0.000767574 -0.0173607 0.0871409 -0.000780685 0.00180605 0.000731735 -0.000780685 0.0103128 -0.018451 -0.000767574 0.00180605 -0.018451 0.0892025 
0.00923632 -0.0173901 0.000745974 -0.000792802 -0.0173901 0.0872723 -0.000809643 0.00184719 0.000745974 -0.000809643 0.010316 -0.0184777 -0.000792802 0.00184719 -0.0184777 0.0893527 
0.00916598 -0.0173742 0.00074491 -0.000812201 -0.0173742 0.0872039 -0.000824577 0.00189607 0.00074491 -0.000824577 0.0103537 -0.0184506 -0.000812201 0.00189607 -0.0184506 0.0892756 
0.00910238 -0.0173225 0.000744266 -0.00082183 -0.0173225 0.0872215 -0.00082577 0.00193054 0.000744266 -0.00082577 0.0104332 -0.0185366 -0.00082183 0.00193054 -0.0185366 0.0895037 
0.00905184 -0.0171921 0.000719335 -0.00082318 -0.0171921 0.0868574 -0.000818852 0.0019348 0.000719335 -0.000818852 0.0104576 -0.0185944 -0.00082318 0.0019348 -0.0185944 0.0895651 
0.00902875 -0.0170998 0.000714716 -0.000801576 -0.0170998 0.0864596 -0.00079639 0.0019143 0.000714716 -0.00079639 0.0104324 -0.0185981 -0.000801576 0.0019143 -0.0185981 0.0895091 
0.00908792 -0.017153 0.000709043 -0.000791112 -0.017153 0.0866755 -0.000786453 0.00187707 0.000709043 -0.000786453 0.0104684 -0.0186704 -0.000791112 0.00187707 -0.0186704 0.0899025 
0.00906549 -0.0171527 0.000708788 -0.000767615 -0.0171527 0.0864991 -0.000769174 0.00181865 0.000708788 -0.000769174 0.010435 -0.0186028 -0.000767615 0.00181865 -0.0186028 0.0896296 
0.0091259 -0.0171562 0.000701585 -0.000766817 -0.0171562 0.0865447 -0.000773355 0.00179562 0.000701585 -0.000773355 0.0103954 -0.018615 -0.000766817 0.00179562 -0.018615 0.0896622 
0.00919381 -0.0172229 0.000698801 -0.000762857 -0.0172229 0.0866455 -0.000771758 0.00179368 0.000698801 -0.000771758 0.0103624 -0.0185735 -0.000762857 0.00179368 -0.0185735 0.0896176 
0.00921872 -0.0173324 0.000709632 -0.000757248 -0.0173324 0.0869335 -0.000763637 0.00177732 0.000709632 -0.000763637 0.0103712 -0.0185434 -0.000757248 0.00177732 -0.0185434 0.0895863 
0.00923355 -0.0174098 0.000714167 -0.000777874 -0.0174098 0.087306 -0.000779807 0.00180409 0.000714167 -0.000779807 0.0104017 -0.0185798 -0.000777874 0.00180409 -0.0185798 0.0897308 
0.00921387 -0.0173065 0.000724638 -0.000767767 -0.0173065 0.086872 -0.000763027 0.00177785 0.000724638 -0.000763027 0.0102893 -0.0184841 -0.000767767 0.00177785 -0.0184841 0.0892286 
0.009279 -0.0174459 0.000739734 -0.000792908 -0.0174459 0.0874558 -0.000783978 0.00180865 0.000739734 -0.000783978 0.0103285 -0.0185273 -0.000792908 0.00180865 -0.0185273 0.0896609 
0.00922658 -0.0173456 0.000731952 -0.000822918 -0.0173456 0.0869048 -0.000805443 0.00187905 0.000731952 -0.000805443 0.0102359 -0.0183416 -0.000822918 0.00187905 -0.0183416 0.0888388 
0.00926038 -0.0174282 0.000751533 -0.000826728 -0.0174282 0.0872821 -0.00080278 0.00192015 0.000751533 -0.00080278 0.0102539 -0.0183775 -0.000826728 0.00192015 -0.0183775 0.0890311 
0.00924439 -0.017427 0.000789904 -0.000849012 -0.017427 0.0873093 -0.000830096 0.0019747 0.000789904 -0.000830096 0.0102484 -0.0183541 -0.000849012 0.0019747 -0.0183541 0.0889482 
0.00919031 -0.0173881 0.000790807 -0.00088849 -0.0173881 0.0872227 -0.000880152 0.00206692 0.000790807 -0.000880152 0.0102745 -0.0183461 -0.00088849 0.00206692 -0.0183461 0.0888922 
0.00916398 -0.0172846 0.000779199 -0.00088653 -0.0172846 0.0869456 -0.000887983 0.0021173 0.000779199 -0.000887983 0.0102608 -0.0183815 -0.00088653 0.0021173 -0.0183815 0.0889056 
0.00914914 -0.0172227 0.000755742 -0.000867353 -0.0172227 0.0866693 -0.000877795 0.00210722 0.000755742 -0.000877795 0.0102544 -0.0183782 -0.000867353 0.00210722 -0.0183782 0.0889215 
0.0091979 -0.0171925 0.000739552 -0.000829491 -0.0171925 0.0864832 -0.000844106 0.00203436 0.000739552 -0.000844106 0.01019 -0.0183661 -0.000829491 0.00203436 -0.0183661 0.0888851 
0.0092605 -0.0172271 0.000722423 -0.000798042 -0.0172271 0.0863877 -0.000807772 0.0019296 0.000722423 -0.000807772 0.0101009 -0.0182765 -0.000798042 0.0019296 -0.0182765 0.0886776 
0.00932933 -0.0173226 0.000682627 -0.000778796 -0.0173226 0.0865828 -0.000784609 0.00185292 0.000682627 -0.000784609 0.0100488 -0.0182026 -0.000778796 0.00185292 -0.0182026 0.0885575 
0.00939268 -0.0175429 0.000671704 -0.000736836 -0.0175429 0.087454 -0.000741396 0.00176683 0.000671704 -0.000741396 0.0101283 -0.0182579 -0.000736836 0.00176683 -0.0182579 0.0890036 
0.00929773 -0.0174555 0.000669131 -0.000715501 -0.0174555 0.0870948 -0.000720635 0.0016858 0.000669131 -0.000720635 0.0100935 -0.0181429 -0.000715501 0.0016858 -0.0181429 0.0883726 
0.00930484 -0.0174546 0.000676834 -0.000719456 -0.0174546 0.0873157 -0.000724944 0.00166976 0.000676834 -0.000724944 0.0101434 -0.0182338 -0.000719456 0.00166976 -0.0182338 0.0886679 
0.00931887 -0.0174514 0.000679762 -0.000725508 -0.0174514 0.0873673 -0.000734564 0.00167836 0.000679762 -0.000734564 0.0101525 -0.0182857 -0.000725508 0.00167836 -0.0182857 0.0888622 
0.00928902 -0.0174026 0.000693086 -0.00074769 -0.0174026 0.0870953 -0.000755349 0.00174466 0.000693086 -0.000755349 0.0101437 -0.0182238 -0.00074769 0.00174466 -0.0182238 0.0886159 
0.00922844 -0.0173595 0.000691598 -0.000769495 -0.0173595 0.0868845 -0.000768547 0.00179876 0.000691598 -0.000768547 0.0101736 -0.0182058 -0.000769495 0.00179876 -0.0182058 0.0884395 
0.00918321 -0.0173177 0.0006975 -0.000778329 -0.0173177 0.0868057 -0.000769293 0.00183579 0.0006975 -0.000769293 0.0102112 -0.0182563 -0.000778329 0.00183579 -0.0182563 0.0884967 
0.00918661 -0.01736 0.000698861 -0.000790219 -0.01736 0.0871664 -0.00078247 0.00187347 0.000698861 -0.00078247 0.0103093 -0.0184082 -0.000790219 0.00187347 -0.0184082 0.0891033 
0.00911855 -0.0172996 0.00067525 -0.000768334 -0.0172996 0.0870139 -0.000764681 0.00183131 0.00067525 -0.000764681 0.0103602 -0.0184604 -0.000768334 0.00183131 -0.0184604 0.0892308 
0.00904417 -0.0172031 0.000644819 -0.000736506 -0.0172031 0.0867603 -0.000736807 0.00176259 0.000644819 -0.000736807 0.0104127 -0.0185164 -0.000736506 0.00176259 -0.0185164 0.0893389 
0.00894739 -0.0170395 0.000647387 -0.000686729 -0.0170395 0.0861605 -0.000692729 0.00164847 0.000647387 -0.000692729 0.0104066 -0.0185205 -0.000686729 0.00164847 -0.0185205 0.0891745 
0.00898242 -0.0170657 0.000684761 -0.000699698 -0.0170657 0.0864603 -0.000708501 0.0016294 0.000684761 -0.000708501 0.0104754 -0.0186853 -0.000699698 0.0016294 -0.0186853 0.0898926 
0.00902508 -0.0170541 0.00071425 -0.000755402 -0.0170541 0.0863903 -0.000764948 0.00173259 0.00071425 -0.000764948 0.0104408 -0.0186913 -0.000755402 0.00173259 -0.0186913 0.0899866 
0.0090749 -0.0171155 0.000734756 -0.000802333 -0.0171155 0.0865149 -0.000806413 0.00186328 0.000734756 -0.000806413 0.0104133 -0.0186671 -0.000802333 0.00186328 -0.0186671 0.0900374 
0.00907001 -0.0171266 0.000732811 -0.000834978 -0.0171266 0.0863959 -0.000835205 0.00197105 0.000732811 -0.000835205 0.0103747 -0.0185513 -0.000834978 0.00197105 -0.0185513 0.0896303 
0.00906543 -0.0170766 0.000693983 -0.000816364 -0.0170766 0.0861048 -0.000814604 0.00196052 0.000693983 -0.000814604 0.0103076 -0.018453 -0.000816364 0.00196052 -0.018453 0.0891322 
0.0090539 -0.0171278 0.000655794 -0.00076353 -0.0171278 0.0862152 -0.000760039 0.00185664 0.000655794 -0.000760039 0.0103058 -0.0184117 -0.00076353 0.00185664 -0.0184117 0.0890057 
0.00905941 -0.017182 0.000650667 -0.000712459 -0.017182 0.0865718 -0.000706953 0.00171541 0.000650667 -0.000706953 0.0103479 -0.0184732 -0.000712459 0.00171541 -0.0184732 0.0892602 
0.0090759 -0.0171661 0.000641606 -0.000702748 -0.0171661 0.0866194 -0.000696877 0.00163537 0.000641606 -0.000696877 0.0103415 -0.0184987 -0.000702748 0.00163537 -0.0184987 0.0893407 
0.00911514 -0.0172036 0.000668744 -0.000710049 -0.0172036 0.0867655 -0.000701853 0.00164365 0.000668744 -0.000701853 0.0103249 -0.0185109 -0.000710049 0.00164365 -0.0185109 0.0894734 
0.00916931 -0.0172171 0.000694708 -0.000750327 -0.0172171 0.0867857 -0.000735004 0.00170965 0.000694708 -0.000735004 0.0102826 -0.0184948 -0.000750327 0.00170965 -0.0184948 0.0894839 
0.00921323 -0.0172469 0.000721991 -0.000776137 -0.0172469 0.0867499 -0.000760302 0.00177855 0.000721991 -0.000760302 0.0102311 -0.0184308 -0.000776137 0.00177855 -0.0184308 0.0893268 
0.0092702 -0.0173592 0.000734503 -0.000796933 -0.0173592 0.0870928 -0.000789003 0.00183146 0.000734503 -0.000789003 0.0102224 -0.0184107 -0.000796933 0.00183146 -0.0184107 0.0893876 
0.00918945 -0.017283 0.00071243 -0.00079883 -0.017283 0.0866194 -0.000802334 0.00185979 0.00071243 -0.000802334 0.0101718 -0.0182453 -0.00079883 0.00185979 -0.0182453 0.0886473 
0.00919261 -0.0173093 0.000689434 -0.000778141 -0.0173093 0.086875 -0.000786883 0.0018495 0.000689434 -0.000786883 0.0102203 -0.0183239 -0.000778141 0.0018495 -0.0183239 0.0888965 
0.00920166 -0.0173575 0.000681076 -0.000754846 -0.0173575 0.0871984 -0.00076223 0.00180563 0.000681076 -0.00076223 0.0103071 -0.018421 -0.000754846 0.00180563 -0.018421 0.0893087 
0.00916116 -0.0172259 0.00067142 -0.000735084 -0.0172259 0.0866389 -0.000739899 0.00174265 0.00067142 -0.000739899 0.0102649 -0.0183708 -0.000735084 0.00174265 -0.0183708 0.0889027 
0.00923801 -0.0173232 0.000696278 -0.000747905 -0.0173232 0.0870228 -0.000746679 0.00175858 0.000696278 -0.000746679 0.0102971 -0.018461 -0.000747905 0.00175858 -0.018461 0.0893312 
0.00917414 -0.0172793 0.000711285 -0.000763368 -0.0172793 0.0866419 -0.000758294 0.00177315 0.000711285 -0.000758294 0.010246 -0.018344 -0.000763368 0.00177315 -0.018344 0.0888193 
0.00916148 -0.0172894 0.000722681 -0.000788662 -0.0172894 0.0868006 -0.000784974 0.00183059 0.000722681 -0.000784974 0.0102781 -0.0183889 -0.000788662 0.00183059 -0.0183889 0.0889838 
0.00920095 -0.0172885 0.000738793 -0.000812215 -0.0172885 0.0869253 -0.000814658 0.00191169 0.000738793 -0.000814658 0.0102997 -0.0184636 -0.000812215 0.00191169 -0.0184636 0.0892707 
0.00922209 -0.0173253 0.000745842 -0.000813038 -0.0173253 0.0870121 -0.000815194 0.00192101 0.000745842 -0.000815194 0.0103188 -0.0184911 -0.000813038 0.00192101 -0.0184911 0.0894394 
0.00922438 -0.0173906 0.000752695 -0.00082034 -0.0173906 0.0872685 -0.000818966 0.00192677 0.000752695 -0.000818966 0.0103665 -0.0185301 -0.00082034 0.00192677 -0.0185301 0.0896436 
0.00919352 -0.0173255 0.000742453 -0.000829875 -0.0173255 0.0870095 -0.000823942 0.00194 0.000742453 -0.000823942 0.0103347 -0.0184846 -0.000829875 0.00194 -0.0184846 0.0893483 
0.0091855 -0.0173029 0.000723039 -0.000816593 -0.0173029 0.0869045 -0.000810111 0.00192357 0.000723039 -0.000810111 0.0103282 -0.0184619 -0.000816593 0.00192357 -0.0184619 0.0892353 
0.00922685 -0.0173588 0.000726042 -0.000796154 -0.0173588 0.0871677 -0.000795907 0.00189454 0.000726042 -0.000795907 0.0103484 -0.0185141 -0.000796154 0.00189454 -0.0185141 0.0894673 
0.00922069 -0.0173443 0.00073417 -0.00079587 -0.0173443 0.0870323 -0.000801917 0.00188547 0.00073417 -0.000801917 0.0103261 -0.0184616 -0.00079587 0.00188547 -0.0184616 0.0892439 
0.00923882 -0.0173268 0.00075005 -0.00080491 -0.0173268 0.0869283 -0.000808009 0.0018947 0.00075005 -0.000808009 0.0102859 -0.0184415 -0.00080491 0.0018947 -0.0184415 0.0891172 
0.0093359 -0.0174488 0.000780421 -0.000837106 -0.0174488 0.0874145 -0.000831804 0.00195256 0.000780421 -0.000831804 0.0102915 -0.0185004 -0.000837106 0.00195256 -0.0185004 0.089508 
0.00930658 -0.0173793 0.000773704 -0.000868553 -0.0173793 0.0868885 -0.000856755 0.00201604 0.000773704 -0.000856755 0.0101744 -0.0183173 -0.000868553 0.00201604 -0.0183173 0.0887631 
0.00932499 -0.017447 0.000764917 -0.0008616 -0.017447 0.087154 -0.000851947 0.00203712 0.000764917 -0.000851947 0.0101988 -0.0183287 -0.0008616 0.00203712 -0.0183287 0.0889055 
0.00930432 -0.0174464 0.000727014 -0.000851096 -0.0174464 0.087188 -0.000848647 0.0020352 0.000727014 -0.000848647 0.0102395 -0.0183399 -0.000851096 0.0020352 -0.0183399 0.088927 
0.009271 -0.0174083 0.000714103 -0.000794111 -0.0174083 0.087069 -0.000795726 0.00193915 0.000714103 -0.000795726 0.0102574 -0.0183562 -0.000794111 0.00193915 -0.0183562 0.0888835 
0.00928874 -0.0173904 0.00074868 -0.000775972 -0.0173904 0.0870325 -0.000773925 0.00185135 0.00074868 -0.000773925 0.0102377 -0.0183736 -0.000775972 0.00185135 -0.0183736 0.0889067 
0.00932321 -0.0174096 0.000769831 -0.000820102 -0.0174096 0.0870418 -0.000814745 0.00188711 0.000769831 -0.000814745 0.0102107 -0.0183527 -0.000820102 0.00188711 -0.0183527 0.0888821 
0.00935897 -0.0175246 0.000761651 -0.000844898 -0.0175246 0.0874755 -0.000843495 0.00195667 0.000761651 -0.000843495 0.0102344 -0.018388 -0.000844898 0.00195667 -0.018388 0.0891475 
0.00934922 -0.0175032 0.000757642 -0.000849111 -0.0175032 0.0874142 -0.000854175 0.00202037 0.000757642 -0.000854175 0.0102224 -0.0183444 -0.000849111 0.00202037 -0.0183444 0.0889639 
0.00934434 -0.0174472 0.000768568 -0.000841129 -0.0174472 0.087177 -0.000845194 0.00202377 0.000768568 -0.000845194 0.0101878 -0.0183162 -0.000841129 0.00202377 -0.0183162 0.0887732 
0.00936225 -0.017552 0.000782376 -0.000858335 -0.017552 0.0875907 -0.000854032 0.00203981 0.000782376 -0.000854032 0.0102521 -0.0183734 -0.000858335 0.00203981 -0.0183734 0.0891275 
0.0093302 -0.0174927 0.000774274 -0.000874492 -0.0174927 0.0874074 -0.000861272 0.00206306 0.000774274 -0.000861272 0.0102418 -0.0183649 -0.000874492 0.00206306 -0.0183649 0.0889862 
0.00935858 -0.017499 0.00076398 -0.000866672 -0.017499 0.0874972 -0.00085026 0.00205959 0.00076398 -0.00085026 0.0102318 -0.0184141 -0.000866672 0.00205959 -0.0184141 0.0891916 
0.00931146 -0.0174059 0.000743011 -0.000854916 -0.0174059 0.0869696 -0.00083934 0.00204019 0.000743011 -0.00083934 0.0101585 -0.0182817 -0.000854916 0.00204019 -0.0182817 0.088666 
0.00928277 -0.0174116 0.000743604 -0.000832633 -0.0174116 0.0869552 -0.000819246 0.00200407 0.000743604 -0.000819246 0.0101608 -0.0182452 -0.000832633 0.00200407 -0.0182452 0.08856 
0.00933839 -0.0175198 0.000767218 -0.000830715 -0.0175198 0.0876032 -0.000823542 0.00198567 0.000767218 -0.000823542 0.0102398 -0.01839 -0.000830715 0.00198567 -0.01839 0.0892203 
0.00938602 -0.0174788 0.000777557 -0.00084236 -0.0174788 0.08746 -0.00084009 0.00198462 0.000777557 -0.00084009 0.0101646 -0.0183738 -0.00084236 0.00198462 -0.0183738 0.0891365 
0.00941869 -0.0175274 0.000787594 -0.000857882 -0.0175274 0.0874704 -0.000860537 0.00202522 0.000787594 -0.000860537 0.010128 -0.0182998 -0.000857882 0.00202522 -0.0182998 0.0890169 
0.00942009 -0.0175063 0.000776952 -0.000876963 -0.0175063 0.0872558 -0.000880735 0.00208155 0.000776952 -0.000880735 0.0100654 -0.0181984 -0.000876963 0.00208155 -0.0181984 0.0886006 
0.00949524 -0.0176264 0.000774384 -0.000872086 -0.0176264 0.0877333 -0.000874875 0.00210445 0.000774384 -0.000874875 0.0100796 -0.0182371 -0.000872086 0.00210445 -0.0182371 0.088871 
0.00948971 -0.0176515 0.000778251 -0.000856377 -0.0176515 0.0877651 -0.000858186 0.00207016 0.000778251 -0.000858186 0.0100704 -0.0181885 -0.000856377 0.00207016 -0.0181885 0.0887067 
0.00944199 -0.017654 0.000770051 -0.000865984 -0.017654 0.0878047 -0.000871291 0.00207944 0.000770051 -0.000871291 0.0101183 -0.018181 -0.000865984 0.00207944 -0.018181 0.0886428 
0.00936251 -0.0175242 0.000766084 -0.000849943 -0.0175242 0.087389 -0.000860057 0.00206423 0.000766084 -0.000860057 0.0101376 -0.018188 -0.000849943 0.00206423 -0.018188 0.0884398 
0.00930008 -0.0174854 0.000756736 -0.000846803 -0.0174854 0.0873116 -0.000861157 0.00205792 0.000756736 -0.000861157 0.0101894 -0.0182541 -0.000846803 0.00205792 -0.0182541 0.0886179 
0.00927666 -0.0174041 0.000722488 -0.000820577 -0.0174041 0.087149 -0.000831805 0.00199001 0.000722488 -0.000831805 0.010193 -0.0183205 -0.000820577 0.00199001 -0.0183205 0.0887975 
0.00922344 -0.0173265 0.000723167 -0.000787913 -0.0173265 0.0867764 -0.000792993 0.00191378 0.000723167 -0.000792993 0.0101746 -0.018258 -0.000787913 0.00191378 -0.018258 0.0885736 
0.00927567 -0.0173997 0.0007116 -0.000790856 -0.0173997 0.0872303 -0.000790169 0.00187468 0.0007116 -0.000790169 0.0102346 -0.0183903 -0.000790856 0.00187468 -0.0183903 0.0891694 
0.00920963 -0.0173334 0.000699745 -0.000774469 -0.0173334 0.0868902 -0.000771094 0.00183546 0.000699745 -0.000771094 0.0102288 -0.0183257 -0.000774469 0.00183546 -0.0183257 0.0888877 
0.00924604 -0.0172269 0.000698339 -0.000765117 -0.0172269 0.0864957 -0.000760007 0.00180595 0.000698339 -0.000760007 0.0101428 -0.0183036 -0.000765117 0.00180595 -0.0183036 0.0886503 
0.00938732 -0.0174111 0.00068923 -0.000774618 -0.0174111 0.087106 -0.00077133 0.00182286 0.00068923 -0.00077133 0.010155 -0.018374 -0.000774618 0.00182286 -0.018374 0.0892034 
0.00939457 -0.0175035 0.000658804 -0.000757875 -0.0175035 0.0872483 -0.000760385 0.00181156 0.000658804 -0.000760385 0.0101591 -0.0182952 -0.000757875 0.00181156 -0.0182952 0.0890089 
0.00935644 -0.0175409 0.00063716 -0.000716468 -0.0175409 0.0874499 -0.000722076 0.00174208 0.00063716 -0.000722076 0.0101994 -0.0183193 -0.000716468 0.00174208 -0.0183193 0.0890289 
0.00939053 -0.0175275 0.000635561 -0.000690981 -0.0175275 0.0876097 -0.000696539 0.00166981 0.000635561 -0.000696539 0.0101924 -0.0184065 -0.000690981 0.00166981 -0.0184065 0.0893033 
0.00932838 -0.0174629 0.000633763 -0.000686669 -0.0174629 0.0872008 -0.000693981 0.00163578 0.000633763 -0.000693981 0.0101392 -0.0182843 -0.000686669 0.00163578 -0.0182843 0.0888746 
0.00935563 -0.0174925 0.000667483 -0.000692549 -0.0174925 0.0874129 -0.000703821 0.00164953 0.000667483 -0.000703821 0.0101383 -0.0183039 -0.000692549 0.00164953 -0.0183039 0.0890113 
0.00933922 -0.0174616 0.000676889 -0.000720112 -0.0174616 0.087274 -0.000726263 0.00167302 0.000676889 -0.000726263 0.0101241 -0.0182649 -0.000720112 0.00167302 -0.0182649 0.0888694 
0.00929777 -0.0174173 0.000678172 -0.000745249 -0.0174173 0.0870385 -0.00074353 0.00173149 0.000678172 -0.00074353 0.0101264 -0.0181946 -0.000745249 0.00173149 -0.0181946 0.0885505 
0.00929409 -0.0173924 0.000678212 -0.000753661 -0.0173924 0.0869751 -0.000750094 0.00177425 0.000678212 -0.000750094 0.0101432 -0.018218 -0.000753661 0.00177425 -0.018218 0.0885171 
0.00928987 -0.0173857 0.000690792 -0.000748954 -0.0173857 0.0869183 -0.000744283 0.00177207 0.000690792 -0.000744283 0.0101533 -0.0182338 -0.000748954 0.00177207 -0.0182338 0.0885193 
0.00932017 -0.0173892 0.000723021 -0.000774321 -0.0173892 0.0869318 -0.00076675 0.00181692 0.000723021 -0.00076675 0.0101331 -0.0182606 -0.000774321 0.00181692 -0.0182606 0.088591 
0.00933944 -0.0174603 0.000749381 -0.000801818 -0.0174603 0.0871711 -0.000794742 0.00186465 0.000749381 -0.000794742 0.0101534 -0.0182811 -0.000801818 0.00186465 -0.0182811 0.0887847 
0.00936011 -0.0174981 0.000755554 -0.000837062 -0.0174981 0.0873791 -0.000835421 0.00195437 0.000755554 -0.000835421 0.0101706 -0.018311 -0.000837062 0.00195437 -0.018311 0.0889366 
0.00936653 -0.0175354 0.000724182 -0.000834859 -0.0175354 0.087577 -0.000839037 0.00198514 0.000724182 -0.000839037 0.0102064 -0.0183554 -0.000834859 0.00198514 -0.0183554 0.0891469 
0.00931746 -0.0174105 0.000702155 -0.000781074 -0.0174105 0.0870055 -0.000789892 0.00189959 0.000702155 -0.000789892 0.0101314 -0.0182487 -0.000781074 0.00189959 -0.0182487 0.0885941 
0.00932613 -0.0174694 0.000697222 -0.000763864 -0.0174694 0.0872236 -0.000770635 0.00183275 0.000697222 -0.000770635 0.0101736 -0.0182639 -0.000763864 0.00183275 -0.0182639 0.0887358 
