0.00656373 0 0.000227526 0 0 0.00998017 0 0 0.000227526 0 0.00778029 0 0 0 0 0.00998017 
0.00933813 -0.0116148 0.000366076 -0.000443931 -0.0116148 0.0314326 -0.000443931 0.000850768 0.000366076 -0.000443931 0.0109824 -0.0136096 -0.000443931 0.000850768 -0.0136096 0.0352587 
0.0093844 -0.0177381 0.000358522 -0.000479116 -0.0177381 0.0658483 -0.000479116 0.0014904 0.000358522 -0.000479116 0.0107462 -0.019773 -0.000479116 0.0014904 -0.019773 0.0721492 
0.00881034 -0.0176411 0.000318957 -0.000395828 -0.0176411 0.0799243 -0.000393308 0.00123519 0.000318957 -0.000393308 0.0100781 -0.0188845 -0.000395828 0.00123519 -0.0188845 0.0835892 
0.00870787 -0.0170565 0.000286226 -0.000418418 -0.0170565 0.0838441 -0.000413266 0.0013413 0.000286226 -0.000413266 0.0102166 -0.0183234 -0.000418418 0.0013413 -0.0183234 0.0865597 
0.00878611 -0.0167915 0.000241504 -0.00036978 -0.0167915 0.0845833 -0.000373905 0.00129062 0.000241504 -0.000373905 0.0104062 -0.0184092 -0.00036978 0.00129062 -0.0184092 0.0878598 
0.00896989 -0.016977 0.000199837 -0.000295065 -0.016977 0.0857854 -0.000309356 0.00108197 0.000199837 -0.000309356 0.0106287 -0.0187994 -0.000295065 0.00108197 -0.0187994 0.0898105 
0.00898098 -0.0169819 0.000180947 -0.000234431 -0.0169819 0.0857295 -0.000248512 0.000853297 0.000180947 -0.000248512 0.0106174 -0.0188173 -0.000234431 0.000853297 -0.0188173 0.0900216 
0.00903444 -0.0170383 0.000197132 -0.000206965 -0.0170383 0.0859638 -0.000213267 0.000687425 0.000197132 -0.000213267 0.010621 -0.018822 -0.000206965 0.000687425 -0.018822 0.0902003 
0.00902355 -0.016997 0.000202819 -0.000236578 -0.016997 0.0856637 -0.00023947 0.000680324 0.000202819 -0.00023947 0.0105665 -0.0187441 -0.000236578 0.000680324 -0.0187441 0.0898334 
0.00905319 -0.0171032 0.000194792 -0.000245141 -0.0171032 0.0860912 -0.000249146 0.000706471 0.000194792 -0.000249146 0.0106118 -0.0188115 -0.000245141 0.000706471 -0.0188115 0.0901832 
0.00905921 -0.0170986 0.000197743 -0.000249991 -0.0170986 0.0861328 -0.000250035 0.00074026 0.000197743 -0.000250035 0.0106195 -0.0188387 -0.000249991 0.00074026 -0.0188387 0.0902599 
0.0090794 -0.0171433 0.000244393 -0.000264727 -0.0171433 0.0863456 -0.00026061 0.000784972 0.000244393 -0.00026061 0.0106275 -0.0188974 -0.000264727 0.000784972 -0.0188974 0.0905387 
0.00905463 -0.0171112 0.000272029 -0.000316331 -0.0171112 0.0861793 -0.000315476 0.000881157 0.000272029 -0.000315476 0.0106047 -0.0188292 -0.000316331 0.000881157 -0.0188292 0.090316 
0.0091367 -0.0171711 0.000298226 -0.000350951 -0.0171711 0.0865011 -0.000357819 0.000994341 0.000298226 -0.000357819 0.0106068 -0.0188893 -0.000350951 0.000994341 -0.0188893 0.0905987 
0.00913067 -0.0172012 0.00029013 -0.000374162 -0.0172012 0.0864218 -0.000388754 0.00107467 0.00029013 -0.000388754 0.0105705 -0.0187882 -0.000374162 0.00107467 -0.0187882 0.0902648 
0.00916459 -0.0172786 0.0002801 -0.00035729 -0.0172786 0.0867822 -0.000374898 0.00107448 0.0002801 -0.000374898 0.0105602 -0.0188167 -0.00035729 0.00107448 -0.0188167 0.0904047 
0.00917521 -0.0172989 0.000263001 -0.000345096 -0.0172989 0.0869076 -0.000359407 0.00104069 0.000263001 -0.000359407 0.0105491 -0.0187941 -0.000345096 0.00104069 -0.0187941 0.0903965 
0.00915385 -0.0173091 0.000250847 -0.000322518 -0.0173091 0.0869405 -0.000325648 0.000971233 0.000250847 -0.000325648 0.0105432 -0.0187468 -0.000322518 0.000971233 -0.0187468 0.0902462 
0.00913177 -0.0172766 0.000250978 -0.000314442 -0.0172766 0.0868897 -0.000305335 0.000919969 0.000250978 -0.000305335 0.0105362 -0.0187368 -0.000314442 0.000919969 -0.0187368 0.0901598 
0.00913472 -0.0171868 0.000278386 -0.000307894 -0.0171868 0.0865332 -0.000293588 0.000872797 0.000278386 -0.000293588 0.0104706 -0.018685 -0.000307894 0.000872797 -0.018685 0.0898861 
0.00923629 -0.0172998 0.000295465 -0.000340998 -0.0172998 0.0869261 -0.000326885 0.000903569 0.000295465 -0.000326885 0.0104776 -0.0187239 -0.000340998 0.000903569 -0.0187239 0.0902121 
0.00925111 -0.0173671 0.000305396 -0.000367587 -0.0173671 0.0870325 -0.000353796 0.000973802 0.000305396 -0.000353796 0.0104852 -0.0186861 -0.000367587 0.000973802 -0.0186861 0.090127 
0.00918273 -0.0172577 0.000289372 -0.000380255 -0.0172577 0.086474 -0.00036924 0.00102521 0.000289372 -0.00036924 0.0104324 -0.0185686 -0.000380255 0.00102521 -0.0185686 0.0894764 
0.00927018 -0.0173843 0.000272695 -0.000354934 -0.0173843 0.0871364 -0.00034982 0.00100641 0.000272695 -0.00034982 0.0105298 -0.0187414 -0.000354934 0.00100641 -0.0187414 0.0902145 
0.00916696 -0.0172881 0.000274659 -0.000325407 -0.0172881 0.0865752 -0.000325042 0.000942456 0.000274659 -0.000325042 0.0104915 -0.0186389 -0.000325407 0.000942456 -0.0186389 0.0896738 
0.00913638 -0.0173008 0.000288637 -0.000314988 -0.0173008 0.086794 -0.000319385 0.000889448 0.000288637 -0.000319385 0.0105199 -0.0187195 -0.000314988 0.000889448 -0.0187195 0.0899805 
0.00913938 -0.0172818 0.000308591 -0.000349924 -0.0172818 0.086944 -0.00035357 0.000945341 0.000308591 -0.00035357 0.0105554 -0.0187956 -0.000349924 0.000945341 -0.0187956 0.0903552 
0.00912915 -0.0172294 0.000332003 -0.00037784 -0.0172294 0.0867443 -0.000380006 0.0010213 0.000332003 -0.000380006 0.0105356 -0.0187747 -0.00037784 0.0010213 -0.0187747 0.090293 
0.00913375 -0.0172121 0.000346183 -0.000404298 -0.0172121 0.0866144 -0.000408714 0.00109294 0.000346183 -0.000408714 0.010511 -0.0187309 -0.000404298 0.00109294 -0.0187309 0.090148 
0.00915336 -0.0171755 0.000343086 -0.000421103 -0.0171755 0.0863563 -0.000427942 0.00115238 0.000343086 -0.000427942 0.0104378 -0.0186478 -0.000421103 0.00115238 -0.0186478 0.0897885 
0.00922186 -0.0173112 0.000331622 -0.000408991 -0.0173112 0.0868541 -0.000416547 0.00114742 0.000331622 -0.000416547 0.0104778 -0.0186938 -0.000408991 0.00114742 -0.0186938 0.090127 
0.00918074 -0.0172972 0.00029065 -0.000386879 -0.0172972 0.0867246 -0.00039103 0.00108864 0.00029065 -0.00039103 0.0104525 -0.0186385 -0.000386879 0.00108864 -0.0186385 0.0898574 
0.00916668 -0.0172831 0.000275723 -0.000346898 -0.0172831 0.0867583 -0.000345654 0.0010024 0.000275723 -0.000345654 0.0104413 -0.0186518 -0.000346898 0.0010024 -0.0186518 0.0898977 
0.00913718 -0.0172059 0.000274602 -0.000323959 -0.0172059 0.0864433 -0.000317478 0.000913272 0.000274602 -0.000317478 0.0104026 -0.0185771 -0.000323959 0.000913272 -0.0185771 0.0896024 
0.00908239 -0.0172097 0.000254877 -0.000319728 -0.0172097 0.0864642 -0.000310892 0.000868946 0.000254877 -0.000310892 0.0104403 -0.0185861 -0.000319728 0.000868946 -0.0185861 0.0896537 
0.00906953 -0.0171537 0.000240948 -0.000304757 -0.0171537 0.0864354 -0.000298782 0.000844304 0.000240948 -0.000298782 0.01047 -0.0186529 -0.000304757 0.000844304 -0.0186529 0.0898399 
0.00908715 -0.0171707 0.00023837 -0.000289441 -0.0171707 0.0865718 -0.000285501 0.000814309 0.00023837 -0.000285501 0.010513 -0.0187345 -0.000289441 0.000814309 -0.0187345 0.0901967 
0.00907441 -0.0171251 0.000218669 -0.000280207 -0.0171251 0.0863409 -0.000278577 0.00078268 0.000218669 -0.000278577 0.0105292 -0.0187137 -0.000280207 0.00078268 -0.0187137 0.0900784 
0.00903879 -0.0170562 0.000210101 -0.000259662 -0.0170562 0.0859423 -0.000262273 0.000753187 0.000210101 -0.000262273 0.0105173 -0.0186712 -0.000259662 0.000753187 -0.0186712 0.0897532 
0.00911291 -0.01711 0.000230839 -0.000246904 -0.01711 0.0861725 -0.000259132 0.000727486 0.000230839 -0.000259132 0.0105427 -0.0187616 -0.000246904 0.000727486 -0.0187616 0.0900762 
0.00911406 -0.0171624 0.000228036 -0.000250986 -0.0171624 0.0861914 -0.00027322 0.000711173 0.000228036 -0.00027322 0.0105145 -0.018727 -0.000250986 0.000711173 -0.018727 0.0899734 
0.00914375 -0.0172332 0.000247621 -0.00025775 -0.0172332 0.086548 -0.000279235 0.000732597 0.000247621 -0.000279235 0.0105339 -0.0187743 -0.00025775 0.000732597 -0.0187743 0.090233 
0.00919357 -0.0173064 0.000283126 -0.000289445 -0.0173064 0.0869519 -0.000299143 0.000784006 0.000283126 -0.000299143 0.010548 -0.0188513 -0.000289445 0.000784006 -0.0188513 0.0906281 
0.0091801 -0.0172495 0.000313865 -0.000349829 -0.0172495 0.0866472 -0.000343046 0.000901514 0.000313865 -0.000343046 0.0104754 -0.01875 -0.000349829 0.000901514 -0.01875 0.0902572 
0.00915789 -0.01726 0.000307187 -0.000391013 -0.01726 0.0866093 -0.000369912 0.00100408 0.000307187 -0.000369912 0.0104673 -0.0186751 -0.000391013 0.00100408 -0.0186751 0.0900377 
0.00912709 -0.0172981 0.000309108 -0.000394704 -0.0172981 0.0868635 -0.000370766 0.00106214 0.000309108 -0.000370766 0.0105147 -0.0187122 -0.000394704 0.00106214 -0.0187122 0.0901829 
0.00908474 -0.0171768 0.000286606 -0.000384115 -0.0171768 0.0864781 -0.000366721 0.00105341 0.000286606 -0.000366721 0.0104783 -0.0186599 -0.000384115 0.00105341 -0.0186599 0.0898417 
0.00909071 -0.0171738 0.000261747 -0.000369269 -0.0171738 0.0865111 -0.000358687 0.00105201 0.000261747 -0.000358687 0.0105043 -0.0187137 -0.000369269 0.00105201 -0.0187137 0.0900585 
0.00908235 -0.0171412 0.000223228 -0.000321547 -0.0171412 0.0863255 -0.000316689 0.000959342 0.000223228 -0.000316689 0.0104677 -0.0186777 -0.000321547 0.000959342 -0.0186777 0.0899068 
0.00910828 -0.0171033 0.000220499 -0.000260012 -0.0171033 0.0861058 -0.00025809 0.000806473 0.000220499 -0.00025809 0.0103943 -0.0186156 -0.000260012 0.000806473 -0.0186156 0.0896715 
0.0091782 -0.0172386 0.00022767 -0.000254643 -0.0172386 0.0865924 -0.000253009 0.000730744 0.00022767 -0.000253009 0.0104249 -0.0186521 -0.000254643 0.000730744 -0.0186521 0.0900216 
0.0091789 -0.0172405 0.000258628 -0.000268832 -0.0172405 0.0865365 -0.000269866 0.000739622 0.000258628 -0.000269866 0.0104118 -0.018606 -0.000268832 0.000739622 -0.018606 0.0898188 
0.00916102 -0.017273 0.000275539 -0.000313935 -0.017273 0.0866883 -0.000322959 0.000837419 0.000275539 -0.000322959 0.0104797 -0.0186517 -0.000313935 0.000837419 -0.0186517 0.0899728 
0.00914149 -0.0172883 0.000287102 -0.000326751 -0.0172883 0.0868869 -0.000343743 0.00090662 0.000287102 -0.000343743 0.0105572 -0.0187621 -0.000326751 0.00090662 -0.0187621 0.0903146 
0.00911998 -0.0172539 0.000281705 -0.00032529 -0.0172539 0.0868595 -0.000339472 0.000905092 0.000281705 -0.000339472 0.0105725 -0.0188223 -0.00032529 0.000905092 -0.0188223 0.0904814 
0.0090386 -0.0170956 0.000255863 -0.000323025 -0.0170956 0.0861852 -0.000325855 0.000887835 0.000255863 -0.000325855 0.0105196 -0.0187434 -0.000323025 0.000887835 -0.0187434 0.090065 
0.00906532 -0.0171341 0.000245809 -0.000298589 -0.0171341 0.0864272 -0.00029118 0.00083334 0.000245809 -0.00029118 0.0105379 -0.0188268 -0.000298589 0.00083334 -0.0188268 0.0904848 
0.00904146 -0.0170755 0.000223682 -0.000288096 -0.0170755 0.0860898 -0.000277782 0.00078683 0.000223682 -0.000277782 0.0104634 -0.0186991 -0.000288096 0.00078683 -0.0186991 0.0900395 
0.00912535 -0.0171774 0.00022199 -0.000282761 -0.0171774 0.0865876 -0.000272264 0.000789738 0.00022199 -0.000272264 0.0105096 -0.0187744 -0.000282761 0.000789738 -0.0187744 0.0904685 
0.00907737 -0.0170702 0.000223815 -0.000288528 -0.0170702 0.0859469 -0.000282545 0.000818549 0.000223815 -0.000282545 0.0104258 -0.0186267 -0.000288528 0.000818549 -0.0186267 0.0897479 
0.0091142 -0.0171559 0.000208094 -0.000271723 -0.0171559 0.0862529 -0.000268407 0.000785617 0.000208094 -0.000268407 0.0104489 -0.0186469 -0.000271723 0.000785617 -0.0186469 0.0898835 
0.00913096 -0.0172331 0.000204877 -0.000250621 -0.0172331 0.0865949 -0.000246882 0.000734863 0.000204877 -0.000246882 0.010489 -0.0186868 -0.000250621 0.000734863 -0.0186868 0.0900713 
0.00913342 -0.0172208 0.000200821 -0.000241157 -0.0172208 0.0866143 -0.000243779 0.000698299 0.000200821 -0.000243779 0.010493 -0.0187039 -0.000241157 0.000698299 -0.0187039 0.0900774 
0.00915625 -0.017252 0.000227231 -0.000241674 -0.017252 0.0867536 -0.000249591 0.00070258 0.000227231 -0.000249591 0.0105073 -0.0187343 -0.000241674 0.00070258 -0.0187343 0.0902168 
0.00916678 -0.0172643 0.000261149 -0.00027791 -0.0172643 0.0867764 -0.000287327 0.00076909 0.000261149 -0.000287327 0.0104969 -0.0187251 -0.00027791 0.00076909 -0.0187251 0.0901879 
0.00919053 -0.0172789 0.000267796 -0.000314698 -0.0172789 0.0868042 -0.000323485 0.000852571 0.000267796 -0.000323485 0.0104701 -0.0187033 -0.000314698 0.000852571 -0.0187033 0.0901194 
0.00915378 -0.0171873 0.00028507 -0.00032705 -0.0171873 0.0862625 -0.000329906 0.000905192 0.00028507 -0.000329906 0.0103776 -0.0185466 -0.00032705 0.000905192 -0.0185466 0.0894353 
0.00915053 -0.0172293 0.000312145 -0.000345929 -0.0172293 0.0863841 -0.000345489 0.000944659 0.000312145 -0.000345489 0.0103858 -0.0185311 -0.000345929 0.000944659 -0.0185311 0.0894145 
0.00913752 -0.0172194 0.000330689 -0.000378599 -0.0172194 0.0864025 -0.000376534 0.00100779 0.000330689 -0.000376534 0.0103975 -0.0185321 -0.000378599 0.00100779 -0.0185321 0.089384 
0.00918745 -0.0173282 0.000340076 -0.00040722 -0.0173282 0.0869906 -0.00040463 0.00108634 0.000340076 -0.00040463 0.0104685 -0.0186672 -0.00040722 0.00108634 -0.0186672 0.0900017 
0.00914399 -0.0172172 0.000341983 -0.000404975 -0.0172172 0.0865104 -0.000401741 0.00109654 0.000341983 -0.000401741 0.0104208 -0.0185909 -0.000404975 0.00109654 -0.0185909 0.0896128 
0.00909924 -0.0171867 0.000320305 -0.000400128 -0.0171867 0.0863331 -0.000399174 0.0010818 0.000320305 -0.000399174 0.0104214 -0.0185641 -0.000400128 0.0010818 -0.0185641 0.0894917 
0.00906226 -0.0171479 0.000281697 -0.000378902 -0.0171479 0.0862763 -0.000378468 0.00104877 0.000281697 -0.000378468 0.0104522 -0.0186064 -0.000378902 0.00104877 -0.0186064 0.0896101 
0.00907793 -0.0170551 0.000252805 -0.000348536 -0.0170551 0.0859654 -0.000345668 0.00100248 0.000252805 -0.000345668 0.0104265 -0.0186213 -0.000348536 0.00100248 -0.0186213 0.0895796 
0.00915839 -0.0172171 0.000229421 -0.000305833 -0.0172171 0.0865415 -0.00030362 0.000907655 0.000229421 -0.00030362 0.0104835 -0.0187148 -0.000305833 0.000907655 -0.0187148 0.090147 
0.00914456 -0.0172086 0.000206898 -0.000267147 -0.0172086 0.0864047 -0.000264332 0.000794218 0.000206898 -0.000264332 0.0104314 -0.0186412 -0.000267147 0.000794218 -0.0186412 0.0898382 
0.00916274 -0.0172277 0.000201664 -0.000241258 -0.0172277 0.0864997 -0.000234954 0.000706874 0.000201664 -0.000234954 0.0103886 -0.0186265 -0.000241258 0.000706874 -0.0186265 0.0898223 
0.00909889 -0.0171995 0.000208001 -0.00023748 -0.0171995 0.0863348 -0.000230443 0.000669324 0.000208001 -0.000230443 0.0103575 -0.0185356 -0.00023748 0.000669324 -0.0185356 0.0895352 
0.00913706 -0.017154 0.000226099 -0.00025142 -0.017154 0.0863225 -0.0002476 0.00069012 0.000226099 -0.0002476 0.0103247 -0.0185481 -0.00025142 0.00069012 -0.0185481 0.089573 
0.00914988 -0.0171684 0.000263765 -0.0002793 -0.0171684 0.0862504 -0.000274273 0.000753644 0.000263765 -0.000274273 0.0102828 -0.0184917 -0.0002793 0.000753644 -0.0184917 0.0894593 
0.00920523 -0.0172423 0.000284801 -0.000329248 -0.0172423 0.0865288 -0.000324091 0.000858687 0.000284801 -0.000324091 0.010279 -0.0184782 -0.000329248 0.000858687 -0.0184782 0.0895348 
0.00924946 -0.0173418 0.000265887 -0.000348958 -0.0173418 0.0868824 -0.000351253 0.000938358 0.000265887 -0.000351253 0.0102981 -0.018466 -0.000348958 0.000938358 -0.018466 0.0895771 
0.00926029 -0.0173263 0.000279699 -0.00032572 -0.0173263 0.0867803 -0.000337484 0.000945007 0.000279699 -0.000337484 0.0102663 -0.0184237 -0.00032572 0.000945007 -0.0184237 0.0893033 
0.00930211 -0.0173766 0.000283539 -0.000325029 -0.0173766 0.0869307 -0.000346611 0.000928041 0.000283539 -0.000346611 0.0102593 -0.0184325 -0.000325029 0.000928041 -0.0184325 0.0893444 
0.00930814 -0.0174489 0.000295527 -0.000314818 -0.0174489 0.0871556 -0.000333782 0.000885934 0.000295527 -0.000333782 0.0102739 -0.0184235 -0.000314818 0.000885934 -0.0184235 0.0893675 
0.00919158 -0.0173646 0.000303598 -0.000330979 -0.0173646 0.0868015 -0.000337409 0.000877118 0.000303598 -0.000337409 0.0102847 -0.0183446 -0.000330979 0.000877118 -0.0183446 0.0889266 
0.00919308 -0.017362 0.000301615 -0.000356067 -0.017362 0.0870984 -0.000354567 0.000921443 0.000301615 -0.000354567 0.0103391 -0.0184944 -0.000356067 0.000921443 -0.0184944 0.0894271 
0.00912958 -0.0172104 0.000306377 -0.000359475 -0.0172104 0.0864673 -0.0003562 0.000954001 0.000306377 -0.0003562 0.0102646 -0.0184051 -0.000359475 0.000954001 -0.0184051 0.0890159 
0.00916242 -0.0172248 0.000295809 -0.000367323 -0.0172248 0.0865497 -0.000367039 0.000981806 0.000295809 -0.000367039 0.0102577 -0.01842 -0.000367323 0.000981806 -0.01842 0.0891911 
0.00920542 -0.0172056 0.000278773 -0.000346996 -0.0172056 0.0863904 -0.00035422 0.000963621 0.000278773 -0.00035422 0.0102159 -0.0183745 -0.000346996 0.000963621 -0.0183745 0.0890446 
0.00929086 -0.0173644 0.000264392 -0.000316666 -0.0173644 0.0869461 -0.000325384 0.000894026 0.000264392 -0.000325384 0.0102505 -0.0184479 -0.000316666 0.000894026 -0.0184479 0.0894899 
0.00928306 -0.0173169 0.000274711 -0.000306301 -0.0173169 0.0866088 -0.0003068 0.000846157 0.000274711 -0.0003068 0.0101554 -0.0183422 -0.000306301 0.000846157 -0.0183422 0.0890142 
0.0093376 -0.0174192 0.000280346 -0.000330904 -0.0174192 0.0869863 -0.000321047 0.000865152 0.000280346 -0.000321047 0.0101446 -0.0183462 -0.000330904 0.000865152 -0.0183462 0.089197 
0.00931486 -0.0174642 0.00028208 -0.000334449 -0.0174642 0.0871436 -0.000319991 0.000872615 0.00028208 -0.000319991 0.0101665 -0.0183035 -0.000334449 0.000872615 -0.0183035 0.0891258 
0.00931386 -0.0174868 0.000317084 -0.000339012 -0.0174868 0.0874131 -0.000326374 0.00088419 0.000317084 -0.000326374 0.0102199 -0.0183772 -0.000339012 0.00088419 -0.0183772 0.0893792 
0.00927144 -0.017427 0.000331997 -0.000369167 -0.017427 0.0872216 -0.000363741 0.000931582 0.000331997 -0.000363741 0.0102265 -0.0183686 -0.000369167 0.000931582 -0.0183686 0.0892634 
0.00918842 -0.0172914 0.000321176 -0.000386274 -0.0172914 0.0866629 -0.000380995 0.000982883 0.000321176 -0.000380995 0.0101938 -0.0183115 -0.000386274 0.000982883 -0.0183115 0.0888896 
0.00919795 -0.0173311 0.000301626 -0.000382842 -0.0173311 0.0869794 -0.000370464 0.000998049 0.000301626 -0.000370464 0.010259 -0.0184322 -0.000382842 0.000998049 -0.0184322 0.0894313 
0.00914655 -0.0171975 0.000296192 -0.000367284 -0.0171975 0.0864505 -0.000351831 0.000978997 0.000296192 -0.000351831 0.0102181 -0.0183845 -0.000367284 0.000978997 -0.0183845 0.0891553 
0.00918181 -0.0171524 0.000294422 -0.000359012 -0.0171524 0.0862473 -0.000346457 0.000957948 0.000294422 -0.000346457 0.0101789 -0.0183806 -0.000359012 0.000957948 -0.0183806 0.0891545 
0.00927539 -0.0172615 0.00030113 -0.000339025 -0.0172615 0.0865486 -0.000331911 0.00090511 0.00030113 -0.000331911 0.0101537 -0.0183834 -0.000339025 0.00090511 -0.0183834 0.0893505 
0.00937248 -0.0174121 0.000309941 -0.000344873 -0.0174121 0.0870274 -0.000337168 0.000887773 0.000309941 -0.000337168 0.0101254 -0.0183641 -0.000344873 0.000887773 -0.0183641 0.0894691 
0.00937129 -0.0174661 0.000306553 -0.000352844 -0.0174661 0.0870775 -0.000346751 0.000891546 0.000306553 -0.000346751 0.0100974 -0.0182414 -0.000352844 0.000891546 -0.0182414 0.0890555 
0.00937085 -0.0175439 0.000324194 -0.000345683 -0.0175439 0.087467 -0.000346754 0.000891095 0.000324194 -0.000346754 0.0101374 -0.0182788 -0.000345683 0.000891095 -0.0182788 0.0891799 
0.00934682 -0.0174852 0.000341198 -0.000364027 -0.0174852 0.0873556 -0.000371219 0.000920596 0.000341198 -0.000371219 0.0101355 -0.0182868 -0.000364027 0.000920596 -0.0182868 0.0891076 
0.00934991 -0.0174581 0.000385711 -0.000405056 -0.0174581 0.08728 -0.000407301 0.00101813 0.000385711 -0.000407301 0.0101211 -0.0183082 -0.000405056 0.00101813 -0.0183082 0.0891789 
0.00935481 -0.01743 0.000405623 -0.000449529 -0.01743 0.0871153 -0.000446117 0.00110916 0.000405623 -0.000446117 0.0100901 -0.0182739 -0.000449529 0.00110916 -0.0182739 0.0890803 
0.0093198 -0.0174636 0.00040376 -0.000481995 -0.0174636 0.0871907 -0.000478676 0.00121002 0.00040376 -0.000478676 0.0101309 -0.018261 -0.000481995 0.00121002 -0.018261 0.0890986 
0.00930938 -0.0174405 0.000372725 -0.000470883 -0.0174405 0.0872577 -0.000473362 0.00122587 0.000372725 -0.000473362 0.0102037 -0.0183321 -0.000470883 0.00122587 -0.0183321 0.0892748 
0.00927563 -0.0173286 0.000359673 -0.000427411 -0.0173286 0.0867734 -0.000432241 0.00115503 0.000359673 -0.000432241 0.0101768 -0.0183298 -0.000427411 0.00115503 -0.0183298 0.089047 
0.00931958 -0.0173497 0.000377027 -0.000407306 -0.0173497 0.0868277 -0.000412459 0.00108351 0.000377027 -0.000412459 0.0101701 -0.0183894 -0.000407306 0.00108351 -0.0183894 0.0893129 
0.00935995 -0.0173969 0.000378814 -0.000420687 -0.0173969 0.0869117 -0.000421473 0.00106133 0.000378814 -0.000421473 0.0101352 -0.0183754 -0.000420687 0.00106133 -0.0183754 0.0893778 
0.00934378 -0.0174263 0.000385021 -0.00043753 -0.0174263 0.0869235 -0.000429185 0.00109065 0.000385021 -0.000429185 0.0101247 -0.0183026 -0.00043753 0.00109065 -0.0183026 0.0891944 
0.00931263 -0.0174227 0.000394302 -0.000442731 -0.0174227 0.0869631 -0.000434361 0.00110767 0.000394302 -0.000434361 0.0101334 -0.0182878 -0.000442731 0.00110767 -0.0182878 0.0891037 
0.00923814 -0.0173508 0.00039527 -0.000459369 -0.0173508 0.0867263 -0.000457196 0.00115479 0.00039527 -0.000457196 0.0101423 -0.0182432 -0.000459369 0.00115479 -0.0182432 0.0888449 
0.00923784 -0.0173361 0.000393567 -0.00045987 -0.0173361 0.0868448 -0.000468137 0.00118995 0.000393567 -0.000468137 0.0101691 -0.0183192 -0.00045987 0.00118995 -0.0183192 0.0890812 
0.00924247 -0.0173035 0.000372512 -0.000453268 -0.0173035 0.0867356 -0.000468461 0.00119736 0.000372512 -0.000468461 0.0101559 -0.0183118 -0.000453268 0.00119736 -0.0183118 0.0890591 
0.00920493 -0.0172415 0.000325354 -0.000418225 -0.0172415 0.0863798 -0.000430879 0.00113217 0.000325354 -0.000430879 0.0101365 -0.0182349 -0.000418225 0.00113217 -0.0182349 0.0887126 
0.00925579 -0.0172842 0.00027095 -0.000355574 -0.0172842 0.0865699 -0.000363547 0.000988823 0.00027095 -0.000363547 0.0101479 -0.01828 -0.000355574 0.000988823 -0.01828 0.0888708 
0.00932713 -0.0173385 0.000266799 -0.000291362 -0.0173385 0.0867212 -0.000297236 0.000824983 0.000266799 -0.000297236 0.0101133 -0.0183001 -0.000291362 0.000824983 -0.0183001 0.0889815 
0.00933574 -0.0174279 0.000308455 -0.000287602 -0.0174279 0.0869345 -0.000294274 0.000753373 0.000308455 -0.000294274 0.010098 -0.0182686 -0.000287602 0.000753373 -0.0182686 0.0889963 
0.0092928 -0.0173958 0.000332187 -0.000347459 -0.0173958 0.0868455 -0.000353506 0.000836772 0.000332187 -0.000353506 0.0100686 -0.0182182 -0.000347459 0.000836772 -0.0182182 0.0887943 
0.00934009 -0.0174653 0.000349616 -0.00038927 -0.0174653 0.0873211 -0.000390693 0.000957252 0.000349616 -0.000390693 0.0101107 -0.0183091 -0.00038927 0.000957252 -0.0183091 0.0892727 
0.009263 -0.0173896 0.000326742 -0.000413977 -0.0173896 0.0869541 -0.000403905 0.0010331 0.000326742 -0.000403905 0.0100935 -0.0182109 -0.000413977 0.0010331 -0.0182109 0.0888692 
0.0092151 -0.0173407 0.000279921 -0.000384018 -0.0173407 0.0868793 -0.000368558 0.00100442 0.000279921 -0.000368558 0.0101405 -0.0182322 -0.000384018 0.00100442 -0.0182322 0.088872 
0.0092421 -0.0173355 0.00025577 -0.000325486 -0.0173355 0.0870273 -0.000310778 0.00089166 0.00025577 -0.000310778 0.0101837 -0.0183445 -0.000325486 0.00089166 -0.0183445 0.0892502 
0.00929365 -0.017301 0.00027666 -0.000294426 -0.017301 0.0868472 -0.00028604 0.000795454 0.00027666 -0.00028604 0.0101467 -0.0183601 -0.000294426 0.000795454 -0.0183601 0.0892937 
0.00933179 -0.0173801 0.000298755 -0.000306776 -0.0173801 0.0869352 -0.000305146 0.000770328 0.000298755 -0.000305146 0.010107 -0.0183189 -0.000306776 0.000770328 -0.0183189 0.089263 
0.00938961 -0.0174593 0.000299964 -0.000332918 -0.0174593 0.0872117 -0.000332933 0.000812018 0.000299964 -0.000332933 0.0100985 -0.0183008 -0.000332918 0.000812018 -0.0183008 0.0893039 
0.00930488 -0.0173826 0.000294402 -0.00033636 -0.0173826 0.0866885 -0.000336923 0.000842566 0.000294402 -0.000336923 0.0100244 -0.0181264 -0.00033636 0.000842566 -0.0181264 0.0885173 
0.00938171 -0.0175092 0.000307716 -0.000330983 -0.0175092 0.0874232 -0.000333523 0.000845023 0.000307716 -0.000333523 0.0100931 -0.0182746 -0.000330983 0.000845023 -0.0182746 0.0891848 
0.00939796 -0.0175084 0.000322519 -0.000335928 -0.0175084 0.0874172 -0.000338441 0.000837288 0.000322519 -0.000338441 0.0100519 -0.0182619 -0.000335928 0.000837288 -0.0182619 0.089158 
0.00933281 -0.017423 0.000324575 -0.000355577 -0.017423 0.0869421 -0.000359026 0.000871453 0.000324575 -0.000359026 0.00997306 -0.0181222 -0.000355577 0.000871453 -0.0181222 0.0886126 
0.00937821 -0.0174752 0.000320771 -0.000370181 -0.0174752 0.0872837 -0.000370755 0.000918114 0.000320771 -0.000370755 0.00999401 -0.0181785 -0.000370181 0.000918114 -0.0181785 0.0889402 
0.00933498 -0.0174372 0.000311406 -0.000364848 -0.0174372 0.0870648 -0.000364243 0.000927098 0.000311406 -0.000364243 0.00999335 -0.0181059 -0.000364848 0.000927098 -0.0181059 0.0886678 
0.00927648 -0.0173943 0.000295215 -0.00035032 -0.0173943 0.0869433 -0.00035441 0.000907478 0.000295215 -0.00035441 0.0100326 -0.0181171 -0.00035032 0.000907478 -0.0181171 0.0886054 
0.00923901 -0.0173093 0.000289833 -0.000343219 -0.0173093 0.0867381 -0.000349557 0.000903591 0.000289833 -0.000349557 0.0100636 -0.018181 -0.000343219 0.000903591 -0.018181 0.0887094 
0.00922579 -0.0172417 0.000278361 -0.000331271 -0.0172417 0.0864629 -0.000339192 0.000877877 0.000278361 -0.000339192 0.0100634 -0.0181961 -0.000331271 0.000877877 -0.0181961 0.0887053 
0.00926435 -0.0172481 0.000270221 -0.00032011 -0.0172481 0.0864058 -0.000326411 0.000852656 0.000270221 -0.000326411 0.010021 -0.0181931 -0.00032011 0.000852656 -0.0181931 0.0887021 
0.00924997 -0.017341 0.000244342 -0.00028938 -0.017341 0.0866589 -0.000293382 0.000766901 0.000244342 -0.000293382 0.0100627 -0.0181609 -0.00028938 0.000766901 -0.0181609 0.0887295 
0.00921595 -0.0173484 0.000218006 -0.000276607 -0.0173484 0.0868917 -0.000278667 0.000732316 0.000218006 -0.000278667 0.0101386 -0.0182486 -0.000276607 0.000732316 -0.0182486 0.0889771 
0.00920958 -0.0173079 0.000201635 -0.000249638 -0.0173079 0.086914 -0.000245958 0.000674484 0.000201635 -0.000245958 0.0101612 -0.0183331 -0.000249638 0.000674484 -0.0183331 0.0892166 
0.00923147 -0.0172473 0.000214289 -0.000230042 -0.0172473 0.0866553 -0.000220494 0.000610238 0.000214289 -0.000220494 0.0101088 -0.018313 -0.000230042 0.000610238 -0.018313 0.0891355 
0.00925166 -0.0173171 0.000217418 -0.000239022 -0.0173171 0.0868053 -0.000228983 0.000590706 0.000217418 -0.000228983 0.0101231 -0.0182905 -0.000239022 0.000590706 -0.0182905 0.0891971 
0.00926511 -0.0173463 0.00025054 -0.000257619 -0.0173463 0.086944 -0.000250091 0.000640105 0.00025054 -0.000250091 0.0101349 -0.0183107 -0.000257619 0.000640105 -0.0183107 0.0892553 
0.00919831 -0.0172481 0.000236954 -0.000282367 -0.0172481 0.0864203 -0.0002834 0.000693893 0.000236954 -0.0002834 0.0100586 -0.0181748 -0.000282367 0.000693893 -0.0181748 0.0886105 
0.00926436 -0.017357 0.000233764 -0.000274368 -0.017357 0.0870291 -0.000278825 0.00072107 0.000233764 -0.000278825 0.0101295 -0.0183026 -0.000274368 0.00072107 -0.0183026 0.089234 
0.00918578 -0.0172726 0.000229378 -0.000264434 -0.0172726 0.0865974 -0.000265645 0.000699158 0.000229378 -0.000265645 0.0101044 -0.0182081 -0.000264434 0.000699158 -0.0182081 0.0887788 
0.00914752 -0.0171925 0.000237375 -0.000271803 -0.0171925 0.0863343 -0.000269265 0.000710526 0.000237375 -0.000269265 0.0101062 -0.0181908 -0.000271803 0.000710526 -0.0181908 0.088593 
