0.00722422 0 -0.00109499 0 0 0.00998211 0 0 -0.00109499 0 0.00674063 0 0 0 0 0.00998211 
0.0101586 -0.0126022 -0.00139963 0.00170747 -0.0126022 0.033267 0.00170747 -0.00327417 -0.00139963 0.00170747 0.00949537 -0.0117934 0.00170747 -0.00327417 -0.0117934 0.031716 
0.0102015 -0.0188941 -0.00119899 0.00186136 -0.0188941 0.0694777 0.00186136 -0.00581567 -0.00119899 0.00186136 0.0095924 -0.0179705 0.00186136 -0.00581567 -0.0179705 0.0665813 
0.00959881 -0.0183831 -0.00105438 0.00115531 -0.0183831 0.0820897 0.00115553 -0.00350859 -0.00105438 0.00115553 0.00906281 -0.0176994 0.00115531 -0.00350859 -0.0176994 0.0798963 
0.00956626 -0.0178284 -0.00105046 0.00102071 -0.0178284 0.0855168 0.0010137 -0.00204282 -0.00105046 0.0010137 0.00912871 -0.0172601 0.00102071 -0.00204282 -0.0172601 0.0839744 
0.00973079 -0.0178548 -0.00108018 0.00110691 -0.0178548 0.0872494 0.00109158 -0.00201228 -0.00108018 0.00109158 0.00935245 -0.017356 0.00110691 -0.00201228 -0.017356 0.0859125 
0.00985309 -0.0179364 -0.00109483 0.0011629 -0.0179364 0.0880087 0.00114651 -0.00228796 -0.00109483 0.00114651 0.00946233 -0.0175276 0.0011629 -0.00228796 -0.0175276 0.0869055 
0.00992146 -0.0180235 -0.00109925 0.00116466 -0.0180235 0.0884404 0.0011541 -0.0024307 -0.00109925 0.0011541 0.0094991 -0.0176272 0.00116466 -0.0024307 -0.0176272 0.0874955 
0.00992916 -0.0180194 -0.00110706 0.00115965 -0.0180194 0.0883797 0.00115606 -0.00247486 -0.00110706 0.00115606 0.00948893 -0.0175937 0.00115965 -0.00247486 -0.0175937 0.0874534 
0.00992357 -0.018007 -0.00112104 0.00116725 -0.018007 0.0882519 0.00116731 -0.00249763 -0.00112104 0.00116731 0.00947849 -0.0175579 0.00116725 -0.00249763 -0.0175579 0.0872876 
0.00999431 -0.0180288 -0.00109656 0.00117555 -0.0180288 0.088288 0.00117338 -0.00250255 -0.00109656 0.00117338 0.00940673 -0.0175503 0.00117555 -0.00250255 -0.0175503 0.0872333 
0.0100523 -0.0181627 -0.00109193 0.00115856 -0.0181627 0.0886285 0.00115456 -0.00248887 -0.00109193 0.00115456 0.00939487 -0.0174885 0.00115856 -0.00248887 -0.0174885 0.0872075 
0.0100376 -0.0181753 -0.00109289 0.00114437 -0.0181753 0.0886271 0.00114106 -0.00244857 -0.00109289 0.00114106 0.00936573 -0.0174311 0.00114437 -0.00244857 -0.0174311 0.0869303 
0.0100136 -0.0181713 -0.00108457 0.00115902 -0.0181713 0.0886297 0.00115588 -0.00247202 -0.00108457 0.00115588 0.00937351 -0.0173992 0.00115902 -0.00247202 -0.0173992 0.0867786 
0.00998366 -0.0181278 -0.0010731 0.00114681 -0.0181278 0.088489 0.00114224 -0.00246489 -0.0010731 0.00114224 0.00937127 -0.0173821 0.00114681 -0.00246489 -0.0173821 0.08661 
0.0100142 -0.0182005 -0.0010172 0.0011353 -0.0182005 0.0888952 0.00112979 -0.00243941 -0.0010172 0.00112979 0.00942996 -0.0174865 0.0011353 -0.00243941 -0.0174865 0.0870633 
0.0100109 -0.0181827 -0.000995316 0.0010753 -0.0181827 0.0888455 0.00107153 -0.00235357 -0.000995316 0.00107153 0.00942099 -0.0174842 0.0010753 -0.00235357 -0.0174842 0.0870288 
0.00997766 -0.0181531 -0.00100154 0.00104415 -0.0181531 0.0887106 0.00104205 -0.00225966 -0.00100154 0.00104205 0.00943402 -0.0174722 0.00104415 -0.00225966 -0.0174722 0.0869616 
0.00994678 -0.0180748 -0.000993435 0.00104484 -0.0180748 0.088442 0.00104089 -0.00221738 -0.000993435 0.00104089 0.00942145 -0.0174871 0.00104484 -0.00221738 -0.0174871 0.0869109 
0.00994106 -0.0180822 -0.00099159 0.0010318 -0.0180822 0.0884583 0.00102751 -0.00218112 -0.00099159 0.00102751 0.00942396 -0.0174974 0.0010318 -0.00218112 -0.0174974 0.087009 
0.00994145 -0.0180918 -0.000977624 0.00103179 -0.0180918 0.0885617 0.00103142 -0.00217216 -0.000977624 0.00103142 0.00944055 -0.0175335 0.00103179 -0.00217216 -0.0175335 0.087195 
0.00993893 -0.0180827 -0.000991543 0.00101701 -0.0180827 0.088605 0.00101842 -0.00215027 -0.000991543 0.00101842 0.00945455 -0.0175773 0.00101701 -0.00215027 -0.0175773 0.0873966 
0.00990515 -0.0180769 -0.00102362 0.0010325 -0.0180769 0.0885565 0.00103199 -0.00215758 -0.00102362 0.00103199 0.00946425 -0.017534 0.0010325 -0.00215758 -0.017534 0.0872816 
0.00990033 -0.0180279 -0.00101559 0.00107549 -0.0180279 0.0884123 0.00107785 -0.00224332 -0.00101559 0.00107785 0.00943543 -0.0175109 0.00107549 -0.00224332 -0.0175109 0.0871061 
0.00996772 -0.0181137 -0.00103663 0.00108086 -0.0181137 0.0887868 0.00109291 -0.00232214 -0.00103663 0.00109291 0.00944634 -0.017567 0.00108086 -0.00232214 -0.017567 0.0874308 
0.00995119 -0.0181078 -0.00105565 0.00109959 -0.0181078 0.0886938 0.00111723 -0.002378 -0.00105565 0.00111723 0.00943587 -0.0175301 0.00109959 -0.002378 -0.0175301 0.0873121 
0.00995386 -0.0181411 -0.00106021 0.00112892 -0.0181411 0.0888751 0.00114117 -0.00244679 -0.00106021 0.00114117 0.00947658 -0.0175541 0.00112892 -0.00244679 -0.0175541 0.0874397 
0.00986981 -0.0180198 -0.00109581 0.00112641 -0.0180198 0.0883495 0.00112813 -0.00245348 -0.00109581 0.00112813 0.00945285 -0.0174822 0.00112641 -0.00245348 -0.0174822 0.0869778 
0.00990746 -0.0180774 -0.00113453 0.0011708 -0.0180774 0.0887348 0.00116804 -0.00250334 -0.00113453 0.00116804 0.00951941 -0.0176071 0.0011708 -0.00250334 -0.0176071 0.0874975 
0.0098919 -0.017995 -0.00112451 0.00120775 -0.017995 0.0883289 0.00120493 -0.0025811 -0.00112451 0.00120493 0.00945648 -0.0175414 0.00120775 -0.0025811 -0.0175414 0.0871535 
0.00994303 -0.0180876 -0.00111539 0.00120401 -0.0180876 0.0886516 0.00120784 -0.00262309 -0.00111539 0.00120784 0.00947511 -0.0175585 0.00120401 -0.00262309 -0.0175585 0.0873537 
0.0099413 -0.0181074 -0.00110583 0.00117898 -0.0181074 0.0887011 0.00119139 -0.00259067 -0.00110583 0.00119139 0.00947059 -0.0175526 0.00117898 -0.00259067 -0.0175526 0.0873139 
0.00994457 -0.0181156 -0.00109335 0.00115755 -0.0181156 0.0887425 0.00117327 -0.00253241 -0.00109335 0.00117327 0.00947461 -0.0175395 0.00115755 -0.00253241 -0.0175395 0.0872675 
0.00992433 -0.0180512 -0.00107328 0.00114315 -0.0180512 0.0884245 0.00116257 -0.00249525 -0.00107328 0.00116257 0.00943423 -0.0174812 0.00114315 -0.00249525 -0.0174812 0.0869361 
0.00994633 -0.0181638 -0.00106808 0.00112616 -0.0181638 0.0889074 0.00114917 -0.00246382 -0.00106808 0.00114917 0.00952803 -0.0175729 0.00112616 -0.00246382 -0.0175729 0.0873969 
0.00986401 -0.0180639 -0.00104485 0.00111004 -0.0180639 0.088552 0.00112236 -0.00240348 -0.00104485 0.00112236 0.00955185 -0.017576 0.00111004 -0.00240348 -0.017576 0.0872097 
0.00978637 -0.0179352 -0.00102492 0.00108415 -0.0179352 0.088113 0.00108115 -0.00232217 -0.00102492 0.00108115 0.00954031 -0.0176078 0.00108415 -0.00232217 -0.0176078 0.0871478 
0.00977161 -0.0178909 -0.00103003 0.00107492 -0.0178909 0.0879749 0.00106621 -0.00228076 -0.00103003 0.00106621 0.00952623 -0.0176154 0.00107492 -0.00228076 -0.0176154 0.0872253 
0.00981093 -0.0180098 -0.001082 0.00108831 -0.0180098 0.088599 0.00108307 -0.00229173 -0.001082 0.00108307 0.00961819 -0.0177535 0.00108831 -0.00229173 -0.0177535 0.0879782 
0.00971416 -0.0178244 -0.0011023 0.00113291 -0.0178244 0.0878329 0.00113074 -0.00236215 -0.0011023 0.00113074 0.00955756 -0.0176367 0.00113291 -0.00236215 -0.0176367 0.0873615 
0.00974917 -0.0178566 -0.00115114 0.00119083 -0.0178566 0.0880595 0.00118872 -0.00252334 -0.00115114 0.00118872 0.00959954 -0.0177179 0.00119083 -0.00252334 -0.0177179 0.0877395 
0.00974775 -0.0178733 -0.00114771 0.00124679 -0.0178733 0.0880878 0.00124304 -0.00267054 -0.00114771 0.00124304 0.00962318 -0.0177145 0.00124679 -0.00267054 -0.0177145 0.0877587 
0.00973759 -0.0178326 -0.00113449 0.00123464 -0.0178326 0.0879201 0.00123314 -0.00270881 -0.00113449 0.00123314 0.00961053 -0.0177104 0.00123464 -0.00270881 -0.0177104 0.0876434 
0.00972286 -0.0177657 -0.00112962 0.00120938 -0.0177657 0.0875892 0.00121421 -0.0026728 -0.00112962 0.00121421 0.00957429 -0.0176739 0.00120938 -0.0026728 -0.0176739 0.0874321 
0.00975319 -0.0178284 -0.00112085 0.00120514 -0.0178284 0.0877736 0.00121164 -0.00264843 -0.00112085 0.00121164 0.00957468 -0.017678 0.00120514 -0.00264843 -0.017678 0.0875297 
0.00974279 -0.0177829 -0.00110906 0.00118847 -0.0177829 0.0875312 0.00118995 -0.002604 -0.00110906 0.00118995 0.00951049 -0.0176167 0.00118847 -0.002604 -0.0176167 0.0872448 
0.00976688 -0.0178302 -0.00110693 0.00118742 -0.0178302 0.0877008 0.00118372 -0.0025879 -0.00110693 0.00118372 0.00951813 -0.0176055 0.00118742 -0.0025879 -0.0176055 0.0873218 
0.00981256 -0.0178727 -0.00111458 0.00118647 -0.0178727 0.0878924 0.00118021 -0.00257773 -0.00111458 0.00118021 0.00951415 -0.0176264 0.00118647 -0.00257773 -0.0176264 0.0874315 
0.00981345 -0.0178791 -0.00111447 0.00117863 -0.0178791 0.0878007 0.00117502 -0.00254743 -0.00111447 0.00117502 0.00947471 -0.0175531 0.00117863 -0.00254743 -0.0175531 0.0871614 
0.00989272 -0.0180554 -0.00112762 0.00118649 -0.0180554 0.0885851 0.0011853 -0.00255511 -0.00112762 0.0011853 0.00953745 -0.0176411 0.00118649 -0.00255511 -0.0176411 0.0876813 
0.00979913 -0.0179027 -0.00113936 0.00119115 -0.0179027 0.0878733 0.00119179 -0.00256567 -0.00113936 0.00119179 0.00946478 -0.0174825 0.00119115 -0.00256567 -0.0174825 0.0868637 
0.0098523 -0.0180088 -0.00113607 0.00123217 -0.0180088 0.0884664 0.00123197 -0.0026561 -0.00113607 0.00123197 0.00956706 -0.017635 0.00123217 -0.0026561 -0.017635 0.0875296 
0.00980445 -0.0178789 -0.00112274 0.00120994 -0.0178789 0.087919 0.00120435 -0.00264088 -0.00112274 0.00120435 0.00952968 -0.0176083 0.00120994 -0.00264088 -0.0176083 0.0872341 
0.0098295 -0.0179016 -0.00110963 0.00119271 -0.0179016 0.0879654 0.0011893 -0.00259785 -0.00110963 0.0011893 0.00951388 -0.0176333 0.00119271 -0.00259785 -0.0176333 0.0873834 
0.00979357 -0.017879 -0.00108167 0.00116985 -0.017879 0.087763 0.00117355 -0.00254689 -0.00108167 0.00117355 0.00949646 -0.0175495 0.00116985 -0.00254689 -0.0175495 0.0870984 
0.00987216 -0.0180197 -0.00107717 0.00114688 -0.0180197 0.0884901 0.00115455 -0.00250353 -0.00107717 0.00115455 0.00957086 -0.0176886 0.00114688 -0.00250353 -0.0176886 0.0877442 
0.00986752 -0.0180426 -0.00109015 0.00112499 -0.0180426 0.0886057 0.00113648 -0.00243984 -0.00109015 0.00113648 0.00958915 -0.0177086 0.00112499 -0.00243984 -0.0177086 0.0878337 
0.00982052 -0.0179413 -0.00107937 0.00112765 -0.0179413 0.0881709 0.00114034 -0.00240855 -0.00107937 0.00114034 0.00954575 -0.0176339 0.00112765 -0.00240855 -0.0176339 0.08743 
0.00974067 -0.0178784 -0.0010674 0.00111437 -0.0178784 0.0878667 0.00112436 -0.00237655 -0.0010674 0.00112436 0.00955651 -0.0175873 0.00111437 -0.00237655 -0.0175873 0.0871862 
0.00977753 -0.0178762 -0.001071 0.00112231 -0.0178762 0.0880294 0.00112139 -0.0023804 -0.001071 0.00112139 0.00956327 -0.0176765 0.00112231 -0.0023804 -0.0176765 0.0874867 
0.00981909 -0.0179475 -0.00108914 0.00113231 -0.0179475 0.0882897 0.00112802 -0.00239942 -0.00108914 0.00112802 0.00957436 -0.0177037 0.00113231 -0.00239942 -0.0177037 0.0877448 
0.00981476 -0.0179958 -0.00111213 0.00115452 -0.0179958 0.0884822 0.0011549 -0.00244933 -0.00111213 0.0011549 0.00961018 -0.0177074 0.00115452 -0.00244933 -0.0177074 0.0878309 
0.00974355 -0.0178599 -0.00111179 0.00117372 -0.0178599 0.0879278 0.0011768 -0.00250254 -0.00111179 0.0011768 0.0095785 -0.0176264 0.00117372 -0.00250254 -0.0176264 0.0873216 
0.0097353 -0.0178476 -0.00112755 0.00119139 -0.0178476 0.0879112 0.00119573 -0.0025746 -0.00112755 0.00119573 0.00961203 -0.0176768 0.00119139 -0.0025746 -0.0176768 0.0874584 
0.00971676 -0.0178383 -0.00109552 0.00119553 -0.0178383 0.0878979 0.00119758 -0.00258859 -0.00109552 0.00119758 0.00962236 -0.0177184 0.00119553 -0.00258859 -0.0177184 0.0875884 
0.00970782 -0.0178483 -0.00108182 0.0011705 -0.0178483 0.0880434 0.00116718 -0.00256301 -0.00108182 0.00116718 0.00966439 -0.01779 0.0011705 -0.00256301 -0.01779 0.0879268 
0.00973216 -0.0178117 -0.00107077 0.00115985 -0.0178117 0.0880008 0.00115023 -0.00252658 -0.00107077 0.00115023 0.00965443 -0.0178419 0.00115985 -0.00252658 -0.0178419 0.0881321 
0.00967993 -0.0177249 -0.00107228 0.00113793 -0.0177249 0.0874362 0.00112659 -0.0024727 -0.00107228 0.00112659 0.00957142 -0.0176858 0.00113793 -0.0024727 -0.0176858 0.087527 
0.00971807 -0.0177948 -0.00108381 0.00115515 -0.0177948 0.0877374 0.00114721 -0.00249681 -0.00108381 0.00114721 0.00958151 -0.0176973 0.00115515 -0.00249681 -0.0176973 0.0876698 
0.00975062 -0.0178825 -0.00108952 0.00116133 -0.0178825 0.0881665 0.00115804 -0.00251686 -0.00108952 0.00115804 0.00962902 -0.0177579 0.00116133 -0.00251686 -0.0177579 0.0879976 
0.00972617 -0.0178397 -0.00109227 0.00117004 -0.0178397 0.0879857 0.00116958 -0.00255021 -0.00109227 0.00116958 0.00961105 -0.0177038 0.00117004 -0.00255021 -0.0177038 0.0877245 
0.00968668 -0.0177206 -0.00108873 0.00116973 -0.0177206 0.0874301 0.00117258 -0.00256772 -0.00108873 0.00117258 0.00954454 -0.0176057 0.00116973 -0.00256772 -0.0176057 0.0871817 
0.00976926 -0.0178992 -0.0010498 0.00118217 -0.0178992 0.0882163 0.00119028 -0.00261208 -0.0010498 0.00119028 0.00962833 -0.0177494 0.00118217 -0.00261208 -0.0177494 0.0879233 
0.0097045 -0.0178062 -0.000986403 0.00111377 -0.0178062 0.0877673 0.00112453 -0.00251308 -0.000986403 0.00112453 0.00956519 -0.0176515 0.00111377 -0.00251308 -0.0176515 0.087431 
0.00975187 -0.0178603 -0.00098203 0.00105061 -0.0178603 0.0880868 0.00106052 -0.00237535 -0.00098203 0.00106052 0.00959219 -0.0177032 0.00105061 -0.00237535 -0.0177032 0.0877304 
0.00971811 -0.0178102 -0.000973929 0.00103521 -0.0178102 0.0877584 0.00103987 -0.00227605 -0.000973929 0.00103987 0.00955333 -0.017598 0.00103521 -0.00227605 -0.017598 0.0872674 
0.00979101 -0.0179265 -0.00099688 0.00103821 -0.0179265 0.0883277 0.0010386 -0.00225588 -0.00099688 0.0010386 0.00960574 -0.0177129 0.00103821 -0.00225588 -0.0177129 0.0877816 
0.00981125 -0.0179054 -0.0010108 0.00106025 -0.0179054 0.0882009 0.00106049 -0.00228218 -0.0010108 0.00106049 0.00956721 -0.0177002 0.00106025 -0.00228218 -0.0177002 0.0876997 
0.00982335 -0.0179428 -0.000998631 0.00107752 -0.0179428 0.088273 0.00108088 -0.00232725 -0.000998631 0.00108088 0.00956565 -0.0177 0.00107752 -0.00232725 -0.0177 0.0877795 
0.00988727 -0.017958 -0.00100564 0.00106985 -0.017958 0.0883491 0.00107204 -0.00234124 -0.00100564 0.00107204 0.00951787 -0.0177177 0.00106985 -0.00234124 -0.0177177 0.0878795 
0.00983564 -0.0179358 -0.00101387 0.00107032 -0.0179358 0.0879884 0.00107009 -0.00233289 -0.00101387 0.00107009 0.00945598 -0.0175459 0.00107032 -0.00233289 -0.0175459 0.0872879 
0.00984986 -0.0180229 -0.000989583 0.00108809 -0.0180229 0.088442 0.00108216 -0.00235535 -0.000989583 0.00108216 0.00949477 -0.0175893 0.00108809 -0.00235535 -0.0175893 0.0875161 
0.00977116 -0.0178809 -0.000970894 0.0010581 -0.0178809 0.0878874 0.0010474 -0.00232027 -0.000970894 0.0010474 0.00946229 -0.0174828 0.0010581 -0.00232027 -0.0174828 0.0869457 
0.00983554 -0.0180002 -0.00095141 0.00105118 -0.0180002 0.0885142 0.0010385 -0.00229841 -0.00095141 0.0010385 0.00955001 -0.0176275 0.00105118 -0.00229841 -0.0176275 0.0875769 
0.00980408 -0.0178903 -0.000952034 0.00100832 -0.0178903 0.0880235 0.000997072 -0.00220988 -0.000952034 0.000997072 0.00950366 -0.0175782 0.00100832 -0.00220988 -0.0175782 0.0872249 
0.00982175 -0.0179683 -0.000944036 0.0010072 -0.0179683 0.0883523 0.000999317 -0.00216417 -0.000944036 0.000999317 0.0095516 -0.0176729 0.0010072 -0.00216417 -0.0176729 0.0876832 
0.00972843 -0.017838 -0.000932063 0.000991952 -0.017838 0.087752 0.000986103 -0.00213146 -0.000932063 0.000986103 0.00949637 -0.017538 0.000991952 -0.00213146 -0.017538 0.0870574 
0.00975511 -0.0178633 -0.000963403 0.00100252 -0.0178633 0.087973 0.000996632 -0.00215901 -0.000963403 0.000996632 0.00952235 -0.0175932 0.00100252 -0.00215901 -0.0175932 0.0872891 
0.00977172 -0.0178307 -0.000985987 0.00103663 -0.0178307 0.0878277 0.00103231 -0.00222404 -0.000985987 0.00103231 0.00949606 -0.0175831 0.00103663 -0.00222404 -0.0175831 0.0872212 
0.00985091 -0.0179314 -0.000985466 0.00106308 -0.0179314 0.0882276 0.00106184 -0.00229868 -0.000985466 0.00106184 0.00951725 -0.0176628 0.00106308 -0.00229868 -0.0176628 0.0876604 
0.00986631 -0.0179544 -0.000982365 0.00105285 -0.0179544 0.0881806 0.00105427 -0.00230969 -0.000982365 0.00105427 0.00947622 -0.0175951 0.00105285 -0.00230969 -0.0175951 0.0874477 
0.00985718 -0.0180096 -0.000984147 0.00103944 -0.0180096 0.0883388 0.00104259 -0.00227499 -0.000984147 0.00104259 0.00948494 -0.0175574 0.00103944 -0.00227499 -0.0175574 0.0873525 
0.00990121 -0.0180682 -0.000983055 0.00105592 -0.0180682 0.0887326 0.001057 -0.00229296 -0.000983055 0.001057 0.00952768 -0.0176456 0.00105592 -0.00229296 -0.0176456 0.0877012 
0.00984631 -0.017958 -0.000965179 0.00104835 -0.017958 0.088204 0.00104565 -0.00228333 -0.000965179 0.00104565 0.00948046 -0.0175614 0.00104835 -0.00228333 -0.0175614 0.087248 
0.00986504 -0.0180294 -0.000944774 0.00103112 -0.0180294 0.088502 0.00102442 -0.00224678 -0.000944774 0.00102442 0.00951691 -0.0176025 0.00103112 -0.00224678 -0.0176025 0.0874766 
0.00987013 -0.0180694 -0.000937142 0.0010052 -0.0180694 0.0887461 0.000995772 -0.0021857 -0.000937142 0.000995772 0.00955628 -0.0176506 0.0010052 -0.0021857 -0.0176506 0.0876804 
0.009787 -0.0178869 -0.000931224 0.00097186 -0.0178869 0.0879627 0.000960486 -0.00207962 -0.000931224 0.000960486 0.00945987 -0.0175324 0.00097186 -0.00207962 -0.0175324 0.0870117 
0.00983554 -0.0179613 -0.000940495 0.000981792 -0.0179613 0.0883252 0.000970409 -0.00206725 -0.000940495 0.000970409 0.00949886 -0.017596 0.000981792 -0.00206725 -0.017596 0.0874242 
0.00984212 -0.0179789 -0.000969913 0.000999061 -0.0179789 0.0883647 0.000993571 -0.00211068 -0.000969913 0.000993571 0.00951152 -0.0175823 0.000999061 -0.00211068 -0.0175823 0.0873955 
0.0098919 -0.0180439 -0.00100488 0.0010284 -0.0180439 0.0886683 0.00103064 -0.00217622 -0.00100488 0.00103064 0.00952523 -0.0176445 0.0010284 -0.00217622 -0.0176445 0.0876497 
0.00983184 -0.0179184 -0.00103827 0.00105893 -0.0179184 0.0880142 0.00106747 -0.00225491 -0.00103827 0.00106747 0.00944667 -0.0175095 0.00105893 -0.00225491 -0.0175095 0.0870127 
0.00984434 -0.0179364 -0.00103876 0.00110856 -0.0179364 0.0880572 0.00111683 -0.00236969 -0.00103876 0.00111683 0.00944148 -0.0175075 0.00110856 -0.00236969 -0.0175075 0.0870325 
0.00990441 -0.0180123 -0.00104823 0.00111998 -0.0180123 0.0884438 0.00112414 -0.00244373 -0.00104823 0.00112414 0.00948154 -0.017603 0.00111998 -0.00244373 -0.017603 0.0874926 
0.00984574 -0.017917 -0.0010538 0.00111404 -0.017917 0.0878934 0.00111681 -0.00243811 -0.0010538 0.00111681 0.00942553 -0.0174764 0.00111404 -0.00243811 -0.0174764 0.086915 
0.00987239 -0.0179918 -0.00106907 0.00113354 -0.0179918 0.0881902 0.00113832 -0.00247658 -0.00106907 0.00113832 0.00944912 -0.0175015 0.00113354 -0.00247658 -0.0175015 0.0870523 
0.00990683 -0.0181003 -0.00105452 0.00115822 -0.0181003 0.0887229 0.00116751 -0.00254362 -0.00105452 0.00116751 0.00952046 -0.0175929 0.00115822 -0.00254362 -0.0175929 0.0874774 
0.0099128 -0.0181044 -0.0010465 0.0011309 -0.0181044 0.0888498 0.00113901 -0.00251945 -0.0010465 0.00113901 0.00954908 -0.0176563 0.0011309 -0.00251945 -0.0176563 0.0876718 
0.00988773 -0.0180479 -0.00106327 0.00110909 -0.0180479 0.0885748 0.00111217 -0.00244629 -0.00106327 0.00111217 0.00950252 -0.017607 0.00110909 -0.00244629 -0.017607 0.0874236 
0.00985956 -0.0180497 -0.00106631 0.00112573 -0.0180497 0.0885939 0.00112888 -0.0024364 -0.00106631 0.00112888 0.00953112 -0.0176065 0.00112573 -0.0024364 -0.0176065 0.087477 
0.00988844 -0.0180551 -0.00104027 0.00113163 -0.0180551 0.088752 0.00113314 -0.00244868 -0.00104027 0.00113314 0.0095497 -0.0176734 0.00113163 -0.00244868 -0.0176734 0.0877248 
0.00983558 -0.0179393 -0.0010441 0.00110332 -0.0179393 0.0881603 0.00110202 -0.00241486 -0.0010441 0.00110202 0.00948559 -0.0175778 0.00110332 -0.00241486 -0.0175778 0.0872607 
0.00984677 -0.0179831 -0.00105731 0.00110851 -0.0179831 0.0883193 0.00110533 -0.00239382 -0.00105731 0.00110533 0.00950175 -0.017592 0.00110851 -0.00239382 -0.017592 0.0873993 
0.00980132 -0.0178847 -0.00105315 0.00111831 -0.0178847 0.0878711 0.00111347 -0.0024 -0.00105315 0.00111347 0.00945328 -0.0175019 0.00111831 -0.0024 -0.0175019 0.0869476 
0.00986548 -0.0180199 -0.00105931 0.00112828 -0.0180199 0.0885088 0.00112469 -0.00243286 -0.00105931 0.00112469 0.00952636 -0.0176226 0.00112828 -0.00243286 -0.0176226 0.0875559 
0.00982652 -0.0179804 -0.00105278 0.00112308 -0.0179804 0.0883604 0.00112301 -0.00243192 -0.00105278 0.00112301 0.00953253 -0.017611 0.00112308 -0.00243192 -0.017611 0.0874546 
0.00981923 -0.0179599 -0.00103084 0.00111822 -0.0179599 0.0883537 0.00112255 -0.00242995 -0.00103084 0.00112255 0.00954434 -0.0176493 0.00111822 -0.00242995 -0.0176493 0.0875697 
0.00973317 -0.0178291 -0.00100015 0.00108488 -0.0178291 0.0877518 0.00109306 -0.00237955 -0.00100015 0.00109306 0.00951975 -0.017556 0.00108488 -0.00237955 -0.017556 0.0871 
0.00972805 -0.0178714 -0.00100422 0.00106515 -0.0178714 0.0880031 0.00107569 -0.00234428 -0.00100422 0.00107569 0.00958603 -0.0176315 0.00106515 -0.00234428 -0.0176315 0.0873942 
0.00974146 -0.017836 -0.00100276 0.00106076 -0.017836 0.087948 0.00107025 -0.00231319 -0.00100276 0.00107025 0.00957198 -0.0176689 0.00106076 -0.00231319 -0.0176689 0.0874533 
0.00977037 -0.0178665 -0.00101954 0.00106421 -0.0178665 0.0880114 0.0010723 -0.00231367 -0.00101954 0.0010723 0.00956049 -0.0176646 0.00106421 -0.00231367 -0.0176646 0.0875196 
0.00976856 -0.0178535 -0.0010171 0.00107831 -0.0178535 0.0878389 0.00108411 -0.00232651 -0.0010171 0.00108411 0.00951219 -0.0175774 0.00107831 -0.00232651 -0.0175774 0.0871827 
0.00972519 -0.0178582 -0.00101378 0.00107699 -0.0178582 0.0878097 0.00108502 -0.00234031 -0.00101378 0.00108502 0.00953765 -0.0175465 0.00107699 -0.00234031 -0.0175465 0.0870532 
0.00969625 -0.0178185 -0.000989249 0.00107484 -0.0178185 0.0877882 0.00108298 -0.00234264 -0.000989249 0.00108298 0.00957429 -0.0176069 0.00107484 -0.00234264 -0.0176069 0.0871673 
0.00968698 -0.0177824 -0.000973572 0.0010423 -0.0177824 0.0877309 0.00104635 -0.00228285 -0.000973572 0.00104635 0.0095936 -0.017673 0.0010423 -0.00228285 -0.017673 0.0873813 
0.00975996 -0.0178445 -0.000972625 0.00102373 -0.0178445 0.0880157 0.00102394 -0.00221501 -0.000972625 0.00102394 0.00960114 -0.0177332 0.00102373 -0.00221501 -0.0177332 0.0877295 
0.00978381 -0.0178991 -0.000998039 0.00101815 -0.0178991 0.0881625 0.00101812 -0.00217496 -0.000998039 0.00101812 0.00960537 -0.0177485 0.00101815 -0.00217496 -0.0177485 0.0878842 
0.00977035 -0.0179157 -0.00101497 0.00104808 -0.0179157 0.0881963 0.00104625 -0.00220513 -0.00101497 0.00104625 0.00960806 -0.0177198 0.00104808 -0.00220513 -0.0177198 0.0878059 
0.00974355 -0.0178343 -0.00104609 0.00107977 -0.0178343 0.0878732 0.00107706 -0.00228844 -0.00104609 0.00107706 0.00955632 -0.0176673 0.00107977 -0.00228844 -0.0176673 0.0874954 
0.00981041 -0.0179182 -0.00107328 0.0011274 -0.0179182 0.0882502 0.00112817 -0.00240931 -0.00107328 0.00112817 0.00956328 -0.0177251 0.0011274 -0.00240931 -0.0177251 0.0878556 
0.00974891 -0.0178436 -0.00106945 0.00114686 -0.0178436 0.0877722 0.00115001 -0.0024855 -0.00106945 0.00115001 0.00949431 -0.0175644 0.00114686 -0.0024855 -0.0175644 0.087213 
0.00977645 -0.0179548 -0.00103486 0.00115568 -0.0179548 0.0883765 0.00115545 -0.00253132 -0.00103486 0.00115545 0.00956944 -0.0176751 0.00115568 -0.00253132 -0.0176751 0.0877534 
0.00969697 -0.0178044 -0.00100417 0.00110098 -0.0178044 0.0877878 0.00109336 -0.00244206 -0.00100417 0.00109336 0.00953193 -0.0175692 0.00110098 -0.00244206 -0.0175692 0.0871956 
0.0097387 -0.0178169 -0.00100329 0.00107272 -0.0178169 0.0879198 0.00106334 -0.00235402 -0.00100329 0.00106334 0.00955038 -0.0176378 0.00107272 -0.00235402 -0.0176378 0.0874458 
0.00977068 -0.0178147 -0.00100544 0.00108088 -0.0178147 0.0877906 0.00107225 -0.0023478 -0.00100544 0.00107225 0.00951108 -0.0175982 0.00108088 -0.0023478 -0.0175982 0.0872939 
0.00985161 -0.0179847 -0.00101838 0.00108514 -0.0179847 0.0884238 0.00108077 -0.00236286 -0.00101838 0.00108077 0.00956119 -0.0176645 0.00108514 -0.00236286 -0.0176645 0.0877238 
0.00979917 -0.0179669 -0.000994364 0.00108812 -0.0179669 0.0882784 0.00108708 -0.00237056 -0.000994364 0.00108708 0.00957033 -0.0176048 0.00108812 -0.00237056 -0.0176048 0.0874069 
0.00977171 -0.0179621 -0.000974585 0.00106221 -0.0179621 0.0884132 0.00106124 -0.00233556 -0.000974585 0.00106124 0.00963001 -0.0177005 0.00106221 -0.00233556 -0.0177005 0.087669 
0.00971484 -0.0178277 -0.000965559 0.00102544 -0.0178277 0.0879138 0.00102176 -0.00224312 -0.000965559 0.00102176 0.00957734 -0.0176781 0.00102544 -0.00224312 -0.0176781 0.0874276 
0.0096727 -0.0177841 -0.000948108 0.00101911 -0.0177841 0.0877261 0.00101827 -0.002202 -0.000948108 0.00101827 0.00956355 -0.0176559 0.00101911 -0.002202 -0.0176559 0.0874069 
0.00971197 -0.017841 -0.000973084 0.00101979 -0.017841 0.088102 0.00102375 -0.00222095 -0.000973084 0.00102375 0.00961213 -0.0177338 0.00101979 -0.00222095 -0.0177338 0.0878494 
0.00973946 -0.0178142 -0.000986121 0.00104729 -0.0178142 0.0880041 0.00105401 -0.00227495 -0.000986121 0.00105401 0.00959558 -0.0177321 0.00104729 -0.00227495 -0.0177321 0.0878369 
0.00970052 -0.0177622 -0.00103196 0.00104906 -0.0177622 0.0876027 0.00105852 -0.00229871 -0.00103196 0.00105852 0.00956199 -0.0176267 0.00104906 -0.00229871 -0.0176267 0.0873887 
0.00974975 -0.0178513 -0.00108383 0.00110473 -0.0178513 0.0880149 0.00111544 -0.00238622 -0.00108383 0.00111544 0.00960964 -0.017711 0.00110473 -0.00238622 -0.017711 0.0877454 
0.00971383 -0.0178143 -0.00107967 0.0011576 -0.0178143 0.0877966 0.00116844 -0.00250214 -0.00107967 0.00116844 0.00959406 -0.0176645 0.0011576 -0.00250214 -0.0176645 0.0874905 
0.00970195 -0.0177463 -0.00105612 0.00115154 -0.0177463 0.0874975 0.00115769 -0.00253398 -0.00105612 0.00115769 0.0095363 -0.0176184 0.00115154 -0.00253398 -0.0176184 0.0872094 
0.00979922 -0.0179221 -0.00101914 0.00113543 -0.0179221 0.0882921 0.00113836 -0.00251373 -0.00101914 0.00113836 0.00959698 -0.0177583 0.00113543 -0.00251373 -0.0177583 0.0879927 
0.00979191 -0.0178938 -0.000988715 0.00108307 -0.0178938 0.0881103 0.00108409 -0.00241291 -0.000988715 0.00108409 0.00955334 -0.0176798 0.00108307 -0.00241291 -0.0176798 0.087709 
0.00981084 -0.0179672 -0.00100852 0.00106388 -0.0179672 0.0883989 0.00106325 -0.00235333 -0.00100852 0.00106325 0.00959412 -0.0176935 0.00106388 -0.00235333 -0.0176935 0.0878382 
0.00979827 -0.0179744 -0.00103381 0.00107767 -0.0179744 0.088471 0.00107413 -0.00233961 -0.00103381 0.00107413 0.00962734 -0.0177166 0.00107767 -0.00233961 -0.0177166 0.0878533 
0.00978051 -0.0179259 -0.00104282 0.00110618 -0.0179259 0.0883144 0.00110013 -0.0023802 -0.00104282 0.00110013 0.00963472 -0.0177351 0.00110618 -0.0023802 -0.0177351 0.0878103 
