0.00760844 0 -0.000420372 0 0 0.00997457 0 0 -0.000420372 0 0.00677009 0 0 0 0 0.00997457 
0.0109146 -0.0135319 -0.000600852 0.000730211 -0.0135319 0.0352004 0.000730211 -0.00140029 -0.000600852 0.000730211 0.00966911 -0.0120207 0.000730211 -0.00140029 -0.0120207 0.0323031 
0.0108335 -0.0199486 -0.000490044 0.000792045 -0.0199486 0.0728983 0.000792045 -0.00246109 -0.000490044 0.000792045 0.00974829 -0.0183251 0.000792045 -0.00246109 -0.0183251 0.0678553 
0.010032 -0.0188818 -0.000403337 0.000464877 -0.0188818 0.0837427 0.000468951 -0.00152601 -0.000403337 0.000468951 0.00900108 -0.0178319 0.000464877 -0.00152601 -0.0178319 0.0804074 
0.0101686 -0.0184792 -0.000405114 0.000442523 -0.0184792 0.0876197 0.000441476 -0.00120878 -0.000405114 0.000441476 0.00903016 -0.0173293 0.000442523 -0.00120878 -0.0173293 0.0845291 
0.0103303 -0.0184921 -0.000417202 0.000468322 -0.0184921 0.0889049 0.00045733 -0.00121521 -0.000417202 0.00045733 0.00915063 -0.0171877 0.000468322 -0.00121521 -0.0171877 0.0855081 
0.0104223 -0.0186598 -0.000417389 0.000482552 -0.0186598 0.0898132 0.000465698 -0.00123001 -0.000417389 0.000465698 0.00925248 -0.0172529 0.000482552 -0.00123001 -0.0172529 0.0861101 
0.0104701 -0.0188023 -0.000445989 0.000479999 -0.0188023 0.0906579 0.000459282 -0.00120609 -0.000445989 0.000459282 0.00936648 -0.0174264 0.000479999 -0.00120609 -0.0174264 0.0869675 
0.0104208 -0.0186968 -0.00041131 0.000492189 -0.0186968 0.0903793 0.000476876 -0.00118245 -0.00041131 0.000476876 0.00934878 -0.0174444 0.000492189 -0.00118245 -0.0174444 0.0869863 
0.0104701 -0.018787 -0.000386001 0.000456202 -0.018787 0.0908305 0.000457017 -0.00114962 -0.000386001 0.000457017 0.00939021 -0.0175242 0.000456202 -0.00114962 -0.0175242 0.0875072 
0.0103532 -0.0185744 -0.000378541 0.000426506 -0.0185744 0.0898115 0.0004384 -0.00109827 -0.000378541 0.0004384 0.00931798 -0.017325 0.000426506 -0.00109827 -0.017325 0.0865477 
0.0103209 -0.0185324 -0.000381753 0.000410106 -0.0185324 0.0896221 0.000423597 -0.00104419 -0.000381753 0.000423597 0.0093307 -0.0173398 0.000410106 -0.00104419 -0.0173398 0.0864688 
0.010297 -0.0184792 -0.000373873 0.000414848 -0.0184792 0.0894006 0.000426549 -0.00103224 -0.000373873 0.000426549 0.00933997 -0.0173486 0.000414848 -0.00103224 -0.0173486 0.0864077 
0.0104712 -0.0187465 -0.000366422 0.000423153 -0.0187465 0.0907002 0.000430077 -0.00105996 -0.000366422 0.000430077 0.00950055 -0.0176595 0.000423153 -0.00105996 -0.0176595 0.087855 
0.0104994 -0.0187334 -0.00035907 0.00041092 -0.0187334 0.0905374 0.000412908 -0.00104468 -0.00035907 0.000412908 0.0094557 -0.01765 0.00041092 -0.00104468 -0.01765 0.087776 
0.0105114 -0.0187736 -0.000351235 0.000409178 -0.0187736 0.0905627 0.000400367 -0.00102722 -0.000351235 0.000400367 0.00940578 -0.0176184 0.000409178 -0.00102722 -0.0176184 0.0877393 
0.0105589 -0.0188803 -0.000340383 0.00040345 -0.0188803 0.0910168 0.000383386 -0.00100229 -0.000340383 0.000383386 0.00939499 -0.0176257 0.00040345 -0.00100229 -0.0176257 0.0879712 
0.0105538 -0.0188996 -0.000332001 0.000395866 -0.0188996 0.0911243 0.000377257 -0.000989941 -0.000332001 0.000377257 0.00939949 -0.0175825 0.000395866 -0.000989941 -0.0175825 0.0879006 
0.0105684 -0.0188995 -0.000312411 0.000374564 -0.0188995 0.0911986 0.000364256 -0.00094828 -0.000312411 0.000364256 0.00941781 -0.0175999 0.000374564 -0.00094828 -0.0175999 0.087941 
0.0104362 -0.0186427 -0.000297421 0.000340183 -0.0186427 0.0899479 0.000335105 -0.000873038 -0.000297421 0.000335105 0.00927904 -0.0173817 0.000340183 -0.000873038 -0.0173817 0.0867911 
0.0104817 -0.0187046 -0.000301212 0.00032869 -0.0187046 0.0901888 0.00032134 -0.00082922 -0.000301212 0.00032134 0.0092792 -0.0174054 0.00032869 -0.00082922 -0.0174054 0.0869883 
0.0104801 -0.0186871 -0.000293951 0.000345394 -0.0186871 0.0900362 0.000337093 -0.000852956 -0.000293951 0.000337093 0.00920033 -0.017329 0.000345394 -0.000852956 -0.017329 0.086707 
0.0106348 -0.0189793 -0.000282756 0.000349255 -0.0189793 0.0913667 0.000344595 -0.000892934 -0.000282756 0.000344595 0.00930689 -0.0174914 0.000349255 -0.000892934 -0.0174914 0.0877413 
0.0104712 -0.018698 -0.000269753 0.000338781 -0.018698 0.0899727 0.000341328 -0.000909312 -0.000269753 0.000341328 0.00912598 -0.0171552 0.000338781 -0.000909312 -0.0171552 0.0861194 
0.0105129 -0.0187295 -0.000277892 0.000318949 -0.0187295 0.0901398 0.000324953 -0.00088057 -0.000277892 0.000324953 0.00913655 -0.0171607 0.000318949 -0.00088057 -0.0171607 0.0861698 
0.0105384 -0.0187811 -0.000263972 0.000342628 -0.0187811 0.0903018 0.000339234 -0.000911285 -0.000263972 0.000339234 0.00916647 -0.017184 0.000342628 -0.000911285 -0.017184 0.0862678 
0.0105337 -0.0187794 -0.000247889 0.000330652 -0.0187794 0.090298 0.000317117 -0.000904171 -0.000247889 0.000317117 0.00918708 -0.0172163 0.000330652 -0.000904171 -0.0172163 0.0863259 
0.0105404 -0.0188123 -0.000235502 0.000298453 -0.0188123 0.0904809 0.000283068 -0.000828019 -0.000235502 0.000283068 0.00923552 -0.0172916 0.000298453 -0.000828019 -0.0172916 0.086625 
0.0104901 -0.0186672 -0.000243174 0.000281945 -0.0186672 0.0898638 0.000273504 -0.000776701 -0.000243174 0.000273504 0.00919976 -0.017236 0.000281945 -0.000776701 -0.017236 0.0862486 
0.0106368 -0.0189677 -0.000263344 0.0002945 -0.0189677 0.0912391 0.000289758 -0.000787283 -0.000263344 0.000289758 0.00937765 -0.0175381 0.0002945 -0.000787283 -0.0175381 0.0877211 
0.0106336 -0.0189315 -0.000243766 0.000312223 -0.0189315 0.0911267 0.000306552 -0.000815052 -0.000243766 0.000306552 0.00935018 -0.0175668 0.000312223 -0.000815052 -0.0175668 0.0877612 
0.0104744 -0.0186591 -0.000220587 0.000287775 -0.0186591 0.0897694 0.000280234 -0.000789894 -0.000220587 0.000280234 0.00918724 -0.0172851 0.000287775 -0.000789894 -0.0172851 0.0864786 
0.010519 -0.0187348 -0.000214982 0.000259059 -0.0187348 0.0901419 0.000256303 -0.000734585 -0.000214982 0.000256303 0.00918628 -0.0173244 0.000259059 -0.000734585 -0.0173244 0.0867814 
0.0105479 -0.0188125 -0.000206588 0.000248915 -0.0188125 0.0905137 0.000255081 -0.000703615 -0.000206588 0.000255081 0.00916889 -0.0173409 0.000248915 -0.000703615 -0.0173409 0.0870201 
0.0105378 -0.0188052 -0.000209087 0.000238081 -0.0188052 0.0905006 0.0002485 -0.00067908 -0.000209087 0.0002485 0.00914977 -0.017245 0.000238081 -0.00067908 -0.017245 0.0867657 
0.0105737 -0.0188156 -0.000195573 0.000244919 -0.0188156 0.0905812 0.000251754 -0.00067784 -0.000195573 0.000251754 0.00915172 -0.0172333 0.000244919 -0.00067784 -0.0172333 0.0867 
0.0105192 -0.0188145 -0.000203066 0.000233044 -0.0188145 0.0904622 0.000237719 -0.000665783 -0.000203066 0.000237719 0.00921384 -0.0171893 0.000233044 -0.000665783 -0.0171893 0.0864626 
0.0103946 -0.0186555 -0.00024434 0.000239316 -0.0186555 0.0898545 0.000246348 -0.000667378 -0.00024434 0.000246348 0.00926266 -0.017172 0.000239316 -0.000667378 -0.017172 0.0860124 
0.0103827 -0.0185825 -0.000255082 0.000285596 -0.0185825 0.0897309 0.000295075 -0.000740162 -0.000255082 0.000295075 0.00925834 -0.0173213 0.000285596 -0.000740162 -0.0173213 0.0863374 
0.0103764 -0.0185686 -0.000260669 0.000301754 -0.0185686 0.0896649 0.000311555 -0.000805723 -0.000260669 0.000311555 0.00926329 -0.0173425 0.000301754 -0.000805723 -0.0173425 0.0865718 
0.0105409 -0.0188265 -0.000294587 0.000305908 -0.0188265 0.0909435 0.000313785 -0.000825146 -0.000294587 0.000313785 0.00938105 -0.0176087 0.000305908 -0.000825146 -0.0176087 0.0879477 
0.0105344 -0.0188292 -0.000307024 0.000342891 -0.0188292 0.0908748 0.000344038 -0.000874016 -0.000307024 0.000344038 0.00936772 -0.0175562 0.000342891 -0.000874016 -0.0175562 0.0878234 
0.0105233 -0.0188419 -0.000325721 0.00035545 -0.0188419 0.090923 0.000353391 -0.00091017 -0.000325721 0.000353391 0.00938224 -0.0175448 0.00035545 -0.00091017 -0.0175448 0.0877785 
0.0105292 -0.018872 -0.00034252 0.000380701 -0.018872 0.0911088 0.000376357 -0.000959102 -0.00034252 0.000376357 0.00939615 -0.017579 0.000380701 -0.000959102 -0.017579 0.0879007 
0.0103594 -0.0185141 -0.000320451 0.000382905 -0.0185141 0.0894903 0.000379829 -0.000963658 -0.000320451 0.000379829 0.00921779 -0.0173072 0.000382905 -0.000963658 -0.0173072 0.0864899 
0.0103732 -0.0185469 -0.000289535 0.000368552 -0.0185469 0.0895511 0.000374388 -0.000967753 -0.000289535 0.000374388 0.00921318 -0.0172767 0.000368552 -0.000967753 -0.0172767 0.0864844 
0.0104075 -0.0185624 -0.000253767 0.000334872 -0.0185624 0.0895936 0.00034688 -0.000925523 -0.000253767 0.00034688 0.00920365 -0.0172573 0.000334872 -0.000925523 -0.0172573 0.0864124 
0.0104591 -0.0186737 -0.000240319 0.000296368 -0.0186737 0.0900051 0.000300431 -0.000841306 -0.000240319 0.000300431 0.00925813 -0.0173128 0.000296368 -0.000841306 -0.0173128 0.0866944 
0.0103924 -0.0185943 -0.000240914 0.000285653 -0.0185943 0.0896207 0.000277165 -0.000780234 -0.000240914 0.000277165 0.00926089 -0.0172595 0.000285653 -0.000780234 -0.0172595 0.0863171 
0.0105581 -0.0188817 -0.000236329 0.000288388 -0.0188817 0.0910947 0.000274687 -0.000760447 -0.000236329 0.000274687 0.00943376 -0.0176126 0.000288388 -0.000760447 -0.0176126 0.0878923 
0.0105383 -0.0187979 -0.000240872 0.000278783 -0.0187979 0.0907266 0.00026691 -0.000740725 -0.000240872 0.00026691 0.00937203 -0.0175889 0.000278783 -0.000740725 -0.0175889 0.087729 
0.0105228 -0.0187815 -0.000225745 0.000285957 -0.0187815 0.090551 0.00027916 -0.000750755 -0.000225745 0.00027916 0.00930638 -0.0175107 0.000285957 -0.000750755 -0.0175107 0.0875216 
0.0105871 -0.0188937 -0.000215594 0.000277029 -0.0188937 0.091082 0.000276248 -0.00076445 -0.000215594 0.000276248 0.00929223 -0.017552 0.000277029 -0.00076445 -0.017552 0.0879021 
0.0104199 -0.0186123 -0.000182837 0.000256212 -0.0186123 0.0897238 0.000258305 -0.000729389 -0.000182837 0.000258305 0.00912805 -0.0172135 0.000256212 -0.000729389 -0.0172135 0.0864303 
0.0105822 -0.0188965 -0.000154147 0.00021478 -0.0188965 0.0911456 0.000220554 -0.000653925 -0.000154147 0.000220554 0.00925865 -0.017456 0.00021478 -0.000653925 -0.017456 0.0876996 
0.0105742 -0.018882 -0.000155405 0.000169095 -0.018882 0.0910662 0.000179536 -0.000538258 -0.000155405 0.000179536 0.0092526 -0.0174081 0.000169095 -0.000538258 -0.0174081 0.0875146 
0.0104868 -0.018758 -0.000182142 0.000163429 -0.018758 0.090465 0.000175243 -0.000474124 -0.000182142 0.000175243 0.00920187 -0.0172897 0.000163429 -0.000474124 -0.0172897 0.0868763 
0.0103961 -0.0186436 -0.000236199 0.0002128 -0.0186436 0.0899364 0.000221368 -0.00054872 -0.000236199 0.000221368 0.00916626 -0.0171743 0.0002128 -0.00054872 -0.0171743 0.0862798 
0.0103672 -0.0186334 -0.000277112 0.000291924 -0.0186334 0.0899847 0.000291282 -0.000711512 -0.000277112 0.000291282 0.00920365 -0.0172095 0.000291924 -0.000711512 -0.0172095 0.086347 
0.0103626 -0.0185929 -0.000287092 0.000351993 -0.0185929 0.0899377 0.000340941 -0.000875575 -0.000287092 0.000340941 0.00921421 -0.0172652 0.000351993 -0.000875575 -0.0172652 0.0864857 
0.0103754 -0.0185726 -0.00027094 0.000365721 -0.0185726 0.0898434 0.000349283 -0.00095697 -0.00027094 0.000349283 0.00916865 -0.0172688 0.000365721 -0.00095697 -0.0172688 0.086521 
0.0104913 -0.018766 -0.000260426 0.000335945 -0.018766 0.0907223 0.000318214 -0.00092072 -0.000260426 0.000318214 0.00926793 -0.0174121 0.000335945 -0.00092072 -0.0174121 0.0874032 
0.0105022 -0.0188459 -0.00026275 0.00030757 -0.0188459 0.0910164 0.000294663 -0.000837901 -0.00026275 0.000294663 0.00934016 -0.0174438 0.00030757 -0.000837901 -0.0174438 0.0875702 
0.01037 -0.0185917 -0.000253364 0.000296348 -0.0185917 0.089896 0.000288649 -0.000776821 -0.000253364 0.000288649 0.00922464 -0.017301 0.000296348 -0.000776821 -0.017301 0.0866063 
0.0104178 -0.01872 -0.000248969 0.000289232 -0.01872 0.0905145 0.000289483 -0.000759609 -0.000248969 0.000289483 0.00927933 -0.0174188 0.000289232 -0.000759609 -0.0174188 0.0872648 
0.0103989 -0.0187566 -0.000271457 0.00028955 -0.0187566 0.0907943 0.000298175 -0.000770929 -0.000271457 0.000298175 0.00934155 -0.0174678 0.00028955 -0.000770929 -0.0174678 0.0875729 
0.0103396 -0.0186215 -0.000281842 0.000309916 -0.0186215 0.0903783 0.000323369 -0.000807434 -0.000281842 0.000323369 0.00933195 -0.0174601 0.000309916 -0.000807434 -0.0174601 0.0873983 
0.0102836 -0.0184553 -0.000287366 0.00032142 -0.0184553 0.0896146 0.000334228 -0.000841816 -0.000287366 0.000334228 0.00926061 -0.0173491 0.00032142 -0.000841816 -0.0173491 0.0868334 
0.0102416 -0.0183708 -0.000269913 0.000321215 -0.0183708 0.0891236 0.000328358 -0.000835425 -0.000269913 0.000328358 0.00922799 -0.0172742 0.000321215 -0.000835425 -0.0172742 0.086468 
0.0104005 -0.0186646 -0.000256142 0.000306345 -0.0186646 0.0904734 0.000311219 -0.000811802 -0.000256142 0.000311219 0.00936539 -0.0175297 0.000306345 -0.000811802 -0.0175297 0.087741 
0.0103877 -0.0186592 -0.00025568 0.000277505 -0.0186592 0.0904332 0.000283365 -0.000739696 -0.00025568 0.000283365 0.00934929 -0.0175203 0.000277505 -0.000739696 -0.0175203 0.0876795 
0.0103886 -0.0186578 -0.000244698 0.00026816 -0.0186578 0.0904548 0.000273938 -0.000679521 -0.000244698 0.000273938 0.0093576 -0.0175226 0.00026816 -0.000679521 -0.0175226 0.0877095 
0.0103849 -0.0186675 -0.000247529 0.000271325 -0.0186675 0.0904962 0.00027421 -0.000681997 -0.000247529 0.00027421 0.00935881 -0.0175305 0.000271325 -0.000681997 -0.0175305 0.087739 
0.0102277 -0.0183813 -0.000245817 0.000276855 -0.0183813 0.0891439 0.000277853 -0.000694644 -0.000245817 0.000277853 0.00920517 -0.0172703 0.000276855 -0.000694644 -0.0172703 0.0864379 
0.0102593 -0.0183979 -0.000238613 0.000285914 -0.0183979 0.089211 0.000284834 -0.000725595 -0.000238613 0.000284834 0.00918185 -0.0172534 0.000285914 -0.000725595 -0.0172534 0.086438 
0.0103983 -0.0187178 -0.000259003 0.000282123 -0.0187178 0.0906914 0.000276454 -0.000731707 -0.000259003 0.000276454 0.00936278 -0.0175103 0.000282123 -0.000731707 -0.0175103 0.0877993 
0.0102248 -0.0183932 -0.00024565 0.000290573 -0.0183932 0.0891941 0.000285806 -0.000729508 -0.00024565 0.000285806 0.00918375 -0.0172217 0.000290573 -0.000729508 -0.0172217 0.0862632 
0.0103797 -0.0186624 -0.000258713 0.000278656 -0.0186624 0.0904959 0.00027618 -0.000717606 -0.000258713 0.00027618 0.00931029 -0.0174457 0.000278656 -0.000717606 -0.0174457 0.0874623 
0.010317 -0.018537 -0.000280124 0.000290864 -0.018537 0.0898726 0.000287328 -0.000722005 -0.000280124 0.000287328 0.00926816 -0.0173202 0.000290864 -0.000722005 -0.0173202 0.0868242 
0.0102894 -0.0185298 -0.000302295 0.000322546 -0.0185298 0.0898169 0.000319924 -0.000782861 -0.000302295 0.000319924 0.00930643 -0.0173495 0.000322546 -0.000782861 -0.0173495 0.0868384 
0.0103552 -0.0185783 -0.000297769 0.000357135 -0.0185783 0.090133 0.000356648 -0.000878009 -0.000297769 0.000356648 0.00932905 -0.0174776 0.000357135 -0.000878009 -0.0174776 0.0873095 
0.0104397 -0.0187014 -0.000290661 0.000361353 -0.0187014 0.0906166 0.00035944 -0.000934462 -0.000290661 0.00035944 0.00935015 -0.0175664 0.000361353 -0.000934462 -0.0175664 0.0878454 
0.0103524 -0.0185187 -0.000250702 0.000339877 -0.0185187 0.0896166 0.000338526 -0.000906011 -0.000250702 0.000338526 0.00919197 -0.0173177 0.000339877 -0.000906011 -0.0173177 0.0867507 
0.010399 -0.018652 -0.000229086 0.000296044 -0.018652 0.0901331 0.000295329 -0.000828797 -0.000229086 0.000295329 0.0092389 -0.0173266 0.000296044 -0.000828797 -0.0173266 0.0869857 
0.0103915 -0.0186602 -0.000210357 0.000250421 -0.0186602 0.0902332 0.000252121 -0.000700766 -0.000210357 0.000252121 0.00927771 -0.0173456 0.000250421 -0.000700766 -0.0173456 0.0869887 
0.0103289 -0.0185657 -0.000240081 0.000227043 -0.0185657 0.0898867 0.000231164 -0.00061519 -0.000240081 0.000231164 0.00927745 -0.017348 0.000227043 -0.00061519 -0.017348 0.0868169 
0.0103162 -0.0184731 -0.00023488 0.00026442 -0.0184731 0.089513 0.000268584 -0.00064278 -0.00023488 0.000268584 0.00922279 -0.0173191 0.00026442 -0.00064278 -0.0173191 0.0866145 
0.0104465 -0.0187233 -0.000258886 0.000279325 -0.0187233 0.0906117 0.000282202 -0.000713606 -0.000258886 0.000282202 0.00934545 -0.0175075 0.000279325 -0.000713606 -0.0175075 0.0876849 
0.0104032 -0.0186842 -0.000246773 0.000305155 -0.0186842 0.0903856 0.000307374 -0.000776249 -0.000246773 0.000307374 0.00934433 -0.0174531 0.000305155 -0.000776249 -0.0174531 0.0873871 
0.0104322 -0.0187505 -0.000216905 0.000294311 -0.0187505 0.090744 0.000295894 -0.000792355 -0.000216905 0.000295894 0.00938897 -0.0175385 0.000294311 -0.000792355 -0.0175385 0.0877088 
0.010438 -0.0187373 -0.000214608 0.000243995 -0.0187373 0.090767 0.000243029 -0.000694568 -0.000214608 0.000243029 0.00937709 -0.017589 0.000243995 -0.000694568 -0.017589 0.0878761 
0.0103202 -0.0184699 -0.000211793 0.000226884 -0.0184699 0.0894398 0.000223746 -0.000598679 -0.000211793 0.000223746 0.0091998 -0.0173076 0.000226884 -0.000598679 -0.0173076 0.0866032 
0.0103925 -0.0185668 -0.000210264 0.000232589 -0.0185668 0.0897794 0.0002261 -0.000580452 -0.000210264 0.0002261 0.00917733 -0.0173081 0.000232589 -0.000580452 -0.0173081 0.0867812 
0.0104421 -0.0186339 -0.000204822 0.000240589 -0.0186339 0.0899728 0.000227617 -0.000591665 -0.000204822 0.000227617 0.00914583 -0.0172588 0.000240589 -0.000591665 -0.0172588 0.086712 
0.0104312 -0.0186487 -0.000210195 0.000243008 -0.0186487 0.0899242 0.00022508 -0.000605648 -0.000210195 0.00022508 0.00913193 -0.0171668 0.000243008 -0.000605648 -0.0171668 0.0863735 
0.0103644 -0.0185899 -0.000218557 0.000254953 -0.0185899 0.0896499 0.000235794 -0.000635316 -0.000218557 0.000235794 0.00913454 -0.017098 0.000254953 -0.000635316 -0.017098 0.0859557 
0.0103387 -0.0185656 -0.000222516 0.000261849 -0.0185656 0.0896617 0.000251238 -0.000666358 -0.000222516 0.000251238 0.0091729 -0.0171588 0.000261849 -0.000666358 -0.0171588 0.0860592 
0.010529 -0.0188456 -0.000221034 0.000267737 -0.0188456 0.091123 0.000268016 -0.000704737 -0.000221034 0.000268016 0.0093203 -0.0175037 0.000267737 -0.000704737 -0.0175037 0.0876683 
0.0104065 -0.0185808 -0.000212762 0.000259895 -0.0185808 0.0897889 0.000263807 -0.000708004 -0.000212762 0.000263807 0.00914306 -0.0172623 0.000259895 -0.000708004 -0.0172623 0.0865236 
0.0104683 -0.0186873 -0.000209636 0.000255302 -0.0186873 0.0901941 0.00025979 -0.000709395 -0.000209636 0.00025979 0.00914285 -0.0172821 0.000255302 -0.000709395 -0.0172821 0.0868425 
0.0104845 -0.0187827 -0.000202823 0.000247785 -0.0187827 0.0906281 0.000248945 -0.000688884 -0.000202823 0.000248945 0.0091757 -0.0173191 0.000247785 -0.000688884 -0.0173191 0.0871549 
0.010429 -0.0187472 -0.000227643 0.000234358 -0.0187472 0.0905823 0.000239083 -0.000656487 -0.000227643 0.000239083 0.00924151 -0.0172991 0.000234358 -0.000656487 -0.0172991 0.0870799 
0.0104145 -0.0187119 -0.000264393 0.000266556 -0.0187119 0.0905956 0.000280787 -0.000707648 -0.000264393 0.000280787 0.00930506 -0.0173907 0.000266556 -0.000707648 -0.0173907 0.0872607 
0.0104064 -0.0186484 -0.000262669 0.000296658 -0.0186484 0.0903539 0.00031913 -0.000776482 -0.000262669 0.00031913 0.00928987 -0.0174278 0.000296658 -0.000776482 -0.0174278 0.0872711 
0.0103499 -0.0185782 -0.000249947 0.000299305 -0.0185782 0.0899558 0.000320507 -0.000813487 -0.000249947 0.000320507 0.00927001 -0.0173636 0.000299305 -0.000813487 -0.0173636 0.0869951 
0.0103927 -0.0186546 -0.000249109 0.000291137 -0.0186546 0.0903372 0.000308623 -0.000810464 -0.000249109 0.000308623 0.00928556 -0.0174322 0.000291137 -0.000810464 -0.0174322 0.0873252 
0.0103521 -0.0185869 -0.000264535 0.000283697 -0.0185869 0.0899976 0.000298181 -0.000782594 -0.000264535 0.000298181 0.00927789 -0.0173315 0.000283697 -0.000782594 -0.0173315 0.0869117 
0.0103672 -0.0185976 -0.000292846 0.000306734 -0.0185976 0.0900248 0.000316221 -0.000804845 -0.000292846 0.000316221 0.00928201 -0.0173419 0.000306734 -0.000804845 -0.0173419 0.0868475 
0.0103771 -0.0185843 -0.000319227 0.000343 -0.0185843 0.0899506 0.000342493 -0.000863478 -0.000319227 0.000342493 0.00927508 -0.0173636 0.000343 -0.000863478 -0.0173636 0.0868609 
0.0103677 -0.0185982 -0.000339061 0.000380504 -0.0185982 0.089939 0.000374115 -0.000945911 -0.000339061 0.000374115 0.00929402 -0.0173592 0.000380504 -0.000945911 -0.0173592 0.086863 
0.0103234 -0.0185174 -0.000351298 0.000401047 -0.0185174 0.0895856 0.000394912 -0.00100956 -0.000351298 0.000394912 0.00929023 -0.0173244 0.000401047 -0.00100956 -0.0173244 0.0865901 
0.0103257 -0.0185554 -0.000364061 0.000409909 -0.0185554 0.0897996 0.000404829 -0.00103888 -0.000364061 0.000404829 0.00932748 -0.0174235 0.000409909 -0.00103888 -0.0174235 0.0869573 
0.0103578 -0.0186043 -0.000356144 0.000418345 -0.0186043 0.0901443 0.000416108 -0.00105408 -0.000356144 0.000416108 0.00937536 -0.0175384 0.000418345 -0.00105408 -0.0175384 0.0875033 
0.0104057 -0.0186654 -0.000350692 0.000409258 -0.0186654 0.0904508 0.000411917 -0.00105589 -0.000350692 0.000411917 0.00939489 -0.0175983 0.000409258 -0.00105589 -0.0175983 0.0878643 
0.0104189 -0.0187024 -0.00036971 0.000403782 -0.0187024 0.0905589 0.000406443 -0.00104738 -0.00036971 0.000406443 0.00938094 -0.0175695 0.000403782 -0.00104738 -0.0175695 0.087842 
0.0103836 -0.018656 -0.000384487 0.000416114 -0.018656 0.0903419 0.000417137 -0.00104403 -0.000384487 0.000417137 0.00937594 -0.017498 0.000416114 -0.00104403 -0.017498 0.0875286 
0.0103601 -0.0186398 -0.000413487 0.000424564 -0.0186398 0.0903087 0.000425429 -0.00104629 -0.000413487 0.000425429 0.00938169 -0.0175122 0.000424564 -0.00104629 -0.0175122 0.0874903 
0.0103681 -0.018634 -0.000401557 0.000462788 -0.018634 0.0903421 0.000465889 -0.00111156 -0.000401557 0.000465889 0.00937333 -0.0175293 0.000462788 -0.00111156 -0.0175293 0.0875525 
0.0103279 -0.0185692 -0.000371908 0.000455742 -0.0185692 0.0900213 0.00045975 -0.00114178 -0.000371908 0.00045975 0.00935224 -0.0174567 0.000455742 -0.00114178 -0.0174567 0.087246 
0.0103183 -0.0185857 -0.000370142 0.000421471 -0.0185857 0.09007 0.000426664 -0.0010979 -0.000370142 0.000426664 0.00935912 -0.0174443 0.000421471 -0.0010979 -0.0174443 0.0871793 
0.0102951 -0.0185695 -0.000386028 0.000409346 -0.0185695 0.0900589 0.000415981 -0.00104308 -0.000386028 0.000415981 0.00937562 -0.0174539 0.000409346 -0.00104308 -0.0174539 0.0871678 
0.0102574 -0.0184822 -0.000391794 0.000424373 -0.0184822 0.0897457 0.000430798 -0.00104054 -0.000391794 0.000430798 0.00936613 -0.0174452 0.000424373 -0.00104054 -0.0174452 0.0870228 
0.0102403 -0.0184217 -0.000407016 0.000430321 -0.0184217 0.0894732 0.000436902 -0.00105011 -0.000407016 0.000436902 0.00934889 -0.0174315 0.000430321 -0.00105011 -0.0174315 0.0869156 
0.0102151 -0.0183905 -0.000432114 0.000449337 -0.0183905 0.0892479 0.000449984 -0.00107569 -0.000432114 0.000449984 0.00932754 -0.0173767 0.000449337 -0.00107569 -0.0173767 0.0866894 
0.0103814 -0.0186615 -0.000442055 0.00049958 -0.0186615 0.0905661 0.000489871 -0.00117259 -0.000442055 0.000489871 0.00946712 -0.0176424 0.00049958 -0.00117259 -0.0176424 0.087983 
0.0102718 -0.0184139 -0.00042126 0.000495383 -0.0184139 0.0893201 0.000484921 -0.00119331 -0.00042126 0.000484921 0.00930618 -0.0174161 0.000495383 -0.00119331 -0.0174161 0.0868232 
0.010312 -0.0184674 -0.000416735 0.000473734 -0.0184674 0.0894544 0.000470892 -0.00117533 -0.000416735 0.000470892 0.00930364 -0.0174049 0.000473734 -0.00117533 -0.0174049 0.0868989 
0.010371 -0.0186056 -0.000411697 0.00047181 -0.0186056 0.0900167 0.000475073 -0.00117416 -0.000411697 0.000475073 0.00935149 -0.0174787 0.00047181 -0.00117416 -0.0174787 0.0873097 
0.0103937 -0.0186519 -0.000414539 0.000458099 -0.0186519 0.0902311 0.000467966 -0.00115568 -0.000414539 0.000467966 0.00937203 -0.0174895 0.000458099 -0.00115568 -0.0174895 0.0873765 
0.0104213 -0.0187037 -0.000429221 0.000448138 -0.0187037 0.0905043 0.000461688 -0.00111734 -0.000429221 0.000461688 0.00945207 -0.0175661 0.000448138 -0.00111734 -0.0175661 0.0876689 
0.0104406 -0.0187636 -0.000461948 0.000462941 -0.0187636 0.0908319 0.000474368 -0.00111798 -0.000461948 0.000474368 0.00953213 -0.0177113 0.000462941 -0.00111798 -0.0177113 0.0881668 
0.0102717 -0.0184599 -0.000465496 0.000493163 -0.0184599 0.0893977 0.000501782 -0.00115917 -0.000465496 0.000501782 0.00937975 -0.0174676 0.000493163 -0.00115917 -0.0174676 0.0868774 
0.0102854 -0.0184825 -0.000465711 0.000518725 -0.0184825 0.0895094 0.000528185 -0.00124576 -0.000465711 0.000528185 0.00935042 -0.0174724 0.000518725 -0.00124576 -0.0174724 0.0869695 
0.0102847 -0.0184774 -0.000497521 0.000521683 -0.0184774 0.0894885 0.000531118 -0.00128397 -0.000497521 0.000531118 0.00935181 -0.0174228 0.000521683 -0.00128397 -0.0174228 0.0868689 
0.0102836 -0.0184778 -0.000502984 0.00055344 -0.0184778 0.0894769 0.000560052 -0.00133328 -0.000502984 0.000560052 0.00935987 -0.0174108 0.00055344 -0.00133328 -0.0174108 0.0867756 
0.0102861 -0.0184809 -0.000487713 0.000562592 -0.0184809 0.0894588 0.000564802 -0.00137098 -0.000487713 0.000564802 0.00933699 -0.0173901 0.000562592 -0.00137098 -0.0173901 0.0866443 
0.0103081 -0.0184942 -0.000468414 0.000548182 -0.0184942 0.089525 0.000541089 -0.00135067 -0.000468414 0.000541089 0.00927946 -0.0173867 0.000548182 -0.00135067 -0.0173867 0.0866533 
0.0103341 -0.0185427 -0.000444942 0.000528639 -0.0185427 0.0896778 0.000512574 -0.00129823 -0.000444942 0.000512574 0.00928371 -0.0173246 0.000528639 -0.00129823 -0.0173246 0.0866012 
0.0104695 -0.0188508 -0.000442023 0.000518705 -0.0188508 0.0911359 0.000497934 -0.00127691 -0.000442023 0.000497934 0.00947994 -0.0175821 0.000518705 -0.00127691 -0.0175821 0.0878555 
0.0102894 -0.0185209 -0.000423378 0.000483061 -0.0185209 0.0897124 0.000468086 -0.00118402 -0.000423378 0.000468086 0.00937518 -0.0174111 0.000483061 -0.00118402 -0.0174111 0.0867042 
0.0104434 -0.0187293 -0.000423199 0.000478667 -0.0187293 0.0907909 0.000479248 -0.00117981 -0.000423199 0.000479248 0.00951437 -0.0176928 0.000478667 -0.00117981 -0.0176928 0.0880195 
0.0103177 -0.0184721 -0.000401931 0.000456157 -0.0184721 0.0894147 0.000466687 -0.00113764 -0.000401931 0.000466687 0.00934588 -0.0174349 0.000456157 -0.00113764 -0.0174349 0.0867519 
0.0103814 -0.0185959 -0.000398494 0.000434887 -0.0185959 0.0899176 0.000444795 -0.00108935 -0.000398494 0.000444795 0.00934953 -0.0175097 0.000434887 -0.00108935 -0.0175097 0.0872195 
0.0104782 -0.0187045 -0.000372482 0.000432796 -0.0187045 0.0904324 0.000440863 -0.00106506 -0.000372482 0.000440863 0.00932759 -0.017557 0.000432796 -0.00106506 -0.017557 0.0876316 
0.0105046 -0.018726 -0.000373496 0.000403032 -0.018726 0.0903677 0.00040823 -0.00101144 -0.000373496 0.00040823 0.0093034 -0.0174265 0.000403032 -0.00101144 -0.0174265 0.0872806 
0.0105457 -0.0188302 -0.000376958 0.00041522 -0.0188302 0.0907218 0.00041252 -0.00100706 -0.000376958 0.00041252 0.00936351 -0.017447 0.00041522 -0.00100706 -0.017447 0.0873452 
0.0106162 -0.0189253 -0.000363912 0.000422482 -0.0189253 0.0911744 0.00041579 -0.00102266 -0.000363912 0.00041579 0.00943481 -0.0175712 0.000422482 -0.00102266 -0.0175712 0.0877389 
0.0104649 -0.0186754 -0.000384705 0.000398298 -0.0186754 0.0898767 0.000386616 -0.000979852 -0.000384705 0.000386616 0.00929161 -0.0173387 0.000398298 -0.000979852 -0.0173387 0.0864764 
0.0106199 -0.0190314 -0.000449456 0.000439751 -0.0190314 0.0915336 0.000424993 -0.00103433 -0.000449456 0.000424993 0.00945307 -0.0176031 0.000439751 -0.00103433 -0.0176031 0.0878816 
0.0105856 -0.0189631 -0.000483193 0.000510389 -0.0189631 0.0913601 0.00049778 -0.00116949 -0.000483193 0.00049778 0.00944337 -0.0175815 0.000510389 -0.00116949 -0.0175815 0.0877074 
