0.00718196 0 0.000971257 0 0 0.0099244 0 0 0.000971257 0 0.00671196 0 0 0 0 0.0099244 
0.0102908 -0.0127671 0.00126037 -0.00153554 -0.0127671 0.0337392 -0.00153554 0.00294482 0.00126037 -0.00153554 0.00971296 -0.0120629 -0.00153554 0.00294482 -0.0120629 0.0323888 
0.0100464 -0.0186373 0.00105206 -0.00158821 -0.0186373 0.0685809 -0.00158821 0.00494601 0.00105206 -0.00158821 0.00960563 -0.0179614 -0.00158821 0.00494601 -0.0179614 0.0664837 
0.00966942 -0.018529 0.000985629 -0.000995607 -0.018529 0.082827 -0.000982929 0.00285066 0.000985629 -0.000982929 0.00928388 -0.0181506 -0.000995607 0.00285066 -0.0181506 0.0818225 
0.00960295 -0.017761 0.00106767 -0.000919762 -0.017761 0.0852115 -0.000897695 0.00159063 0.00106767 -0.000897695 0.00913092 -0.0174524 -0.000919762 0.00159063 -0.0174524 0.0849196 
0.00980087 -0.0178459 0.00115636 -0.00112393 -0.0178459 0.0869323 -0.00111053 0.00188395 0.00115636 -0.00111053 0.00926326 -0.0173891 -0.00112393 0.00188395 -0.0173891 0.0864573 
0.0099523 -0.018047 0.00117772 -0.00127446 -0.018047 0.0881388 -0.00126948 0.00248036 0.00117772 -0.00126948 0.00937015 -0.0174721 -0.00127446 0.00248036 -0.0174721 0.0872243 
0.0100725 -0.0182792 0.00113664 -0.00129576 -0.0182792 0.0893233 -0.00129437 0.00278165 0.00113664 -0.00129437 0.00948609 -0.0176283 -0.00129576 0.00278165 -0.0176283 0.0880587 
0.010007 -0.0181887 0.00108388 -0.00121079 -0.0181887 0.0889879 -0.00121332 0.00272402 0.00108388 -0.00121332 0.00948096 -0.0175729 -0.00121079 0.00272402 -0.0175729 0.0876826 
0.00988962 -0.0179516 0.00106511 -0.00113143 -0.0179516 0.0879225 -0.00113796 0.00254232 0.00106511 -0.00113796 0.00939181 -0.0174193 -0.00113143 0.00254232 -0.0174193 0.0867593 
0.00998645 -0.018161 0.00106433 -0.00112152 -0.018161 0.0889444 -0.00112426 0.00244392 0.00106433 -0.00112426 0.00952355 -0.0176735 -0.00112152 0.00244392 -0.0176735 0.087947 
0.00999025 -0.0181134 0.00104239 -0.00111858 -0.0181134 0.088783 -0.00111207 0.00239679 0.00104239 -0.00111207 0.00948569 -0.017683 -0.00111858 0.00239679 -0.017683 0.0879557 
0.00997961 -0.0181301 0.00104373 -0.0011018 -0.0181301 0.0887372 -0.00109117 0.00236205 0.00104373 -0.00109117 0.00946897 -0.0176127 -0.0011018 0.00236205 -0.0176127 0.0878013 
0.0099544 -0.0181439 0.00103713 -0.00109849 -0.0181439 0.0887877 -0.00108704 0.00233367 0.00103713 -0.00108704 0.00947257 -0.0175702 -0.00109849 0.00233367 -0.0175702 0.0876294 
0.00981941 -0.0179377 0.00104311 -0.00109683 -0.0179377 0.0879359 -0.00108576 0.00233988 0.00104311 -0.00108576 0.00945077 -0.0174384 -0.00109683 0.00233988 -0.0174384 0.0868511 
0.0099492 -0.0181466 0.00104784 -0.00112651 -0.0181466 0.0891309 -0.00111594 0.00240119 0.00104784 -0.00111594 0.00961789 -0.01779 -0.00112651 0.00240119 -0.01779 0.0883225 
0.00995409 -0.0181253 0.00104383 -0.00112024 -0.0181253 0.0890461 -0.00111041 0.00241475 0.00104383 -0.00111041 0.0096161 -0.017832 -0.00112024 0.00241475 -0.017832 0.0884859 
0.00995167 -0.0181366 0.00102603 -0.00110849 -0.0181366 0.0890443 -0.00110497 0.00239827 0.00102603 -0.00110497 0.0096099 -0.0178286 -0.00110849 0.00239827 -0.0178286 0.0885386 
0.00996784 -0.0181534 0.00100069 -0.00108688 -0.0181534 0.0891099 -0.00108984 0.0023689 0.00100069 -0.00108984 0.00959057 -0.0178106 -0.00108688 0.0023689 -0.0178106 0.0885202 
0.00983189 -0.0179097 0.000985799 -0.00103546 -0.0179097 0.08787 -0.00104509 0.00226984 0.000985799 -0.00104509 0.00942579 -0.0175194 -0.00103546 0.00226984 -0.0175194 0.0871525 
0.00983972 -0.0179196 0.000983776 -0.00103935 -0.0179196 0.0879339 -0.00105232 0.00225788 0.000983776 -0.00105232 0.00942499 -0.0175109 -0.00103935 0.00225788 -0.0175109 0.0871616 
0.00983396 -0.0178991 0.000974272 -0.0010367 -0.0178991 0.0878129 -0.00104556 0.00224945 0.000974272 -0.00104556 0.00940598 -0.0174637 -0.0010367 0.00224945 -0.0174637 0.08696 
0.00983657 -0.0179078 0.00098742 -0.0010323 -0.0179078 0.0878499 -0.00103579 0.00224158 0.00098742 -0.00103579 0.00941181 -0.0174802 -0.0010323 0.00224158 -0.0174802 0.0870136 
0.00985377 -0.017929 0.000989585 -0.00105458 -0.017929 0.0879762 -0.00105715 0.00227751 0.000989585 -0.00105715 0.00941969 -0.0175212 -0.00105458 0.00227751 -0.0175212 0.0872045 
0.00986809 -0.0179287 0.000982437 -0.00105933 -0.0179287 0.0879845 -0.00106474 0.00231221 0.000982437 -0.00106474 0.00940535 -0.0175275 -0.00105933 0.00231221 -0.0175275 0.0872719 
0.00999637 -0.0181975 0.00099093 -0.00106849 -0.0181975 0.0892629 -0.00107441 0.00235424 0.00099093 -0.00107441 0.00955825 -0.0177637 -0.00106849 0.00235424 -0.0177637 0.0885345 
0.00988873 -0.018041 0.000955415 -0.00104666 -0.018041 0.0885228 -0.00104876 0.00230372 0.000955415 -0.00104876 0.00950224 -0.0176056 -0.00104666 0.00230372 -0.0176056 0.0877281 
0.00978393 -0.0179179 0.000900443 -0.00100935 -0.0179179 0.0879796 -0.00100914 0.0022295 0.000900443 -0.00100914 0.00948923 -0.0175058 -0.00100935 0.0022295 -0.0175058 0.0871461 
0.00977535 -0.0178428 0.000876593 -0.000951459 -0.0178428 0.0877673 -0.000954037 0.0021202 0.000876593 -0.000954037 0.00946886 -0.0175256 -0.000951459 0.0021202 -0.0175256 0.087047 
0.00994773 -0.0181421 0.000893037 -0.000933706 -0.0181421 0.0891861 -0.000943728 0.00205756 0.000893037 -0.000943728 0.00962571 -0.0178229 -0.000933706 0.00205756 -0.0178229 0.0885404 
0.0098104 -0.0178902 0.000895765 -0.000923774 -0.0178902 0.0879065 -0.000936038 0.00200472 0.000895765 -0.000936038 0.00948296 -0.0175772 -0.000923774 0.00200472 -0.0175772 0.0873094 
0.0098946 -0.0180117 0.000932848 -0.000954372 -0.0180117 0.0884891 -0.000962775 0.00205296 0.000932848 -0.000962775 0.00951638 -0.0176943 -0.000954372 0.00205296 -0.0176943 0.0879102 
0.00989943 -0.0180215 0.000960097 -0.000998899 -0.0180215 0.0884578 -0.000999106 0.00213685 0.000960097 -0.000999106 0.00949956 -0.0176499 -0.000998899 0.00213685 -0.0176499 0.0878161 
0.00990158 -0.0180733 0.000987102 -0.00103842 -0.0180733 0.0886776 -0.00103091 0.00223273 0.000987102 -0.00103091 0.00952557 -0.0176654 -0.00103842 0.00223273 -0.0176654 0.0879293 
0.00989719 -0.0180646 0.00101114 -0.00106557 -0.0180646 0.0886785 -0.00105322 0.00230154 0.00101114 -0.00105322 0.00950853 -0.0176404 -0.00106557 0.00230154 -0.0176404 0.0878054 
0.0099616 -0.018077 0.0010182 -0.00110019 -0.018077 0.0887673 -0.00109209 0.0023919 0.0010182 -0.00109209 0.00946049 -0.0176506 -0.00110019 0.0023919 -0.0176506 0.0878631 
0.00999492 -0.0181743 0.00101264 -0.00111257 -0.0181743 0.0890294 -0.00110959 0.00246058 0.00101264 -0.00110959 0.00946941 -0.0176197 -0.00111257 0.00246058 -0.0176197 0.0879311 
0.0100011 -0.0182292 0.000972851 -0.00110596 -0.0182292 0.0892701 -0.00110152 0.00247115 0.000972851 -0.00110152 0.00950669 -0.017625 -0.00110596 0.00247115 -0.017625 0.0879659 
0.00995303 -0.0181635 0.000946956 -0.00104077 -0.0181635 0.0890472 -0.00103404 0.00234899 0.000946956 -0.00103404 0.00951551 -0.017623 -0.00104077 0.00234899 -0.017623 0.0878022 
0.00990571 -0.0180707 0.000928286 -0.00100367 -0.0180707 0.088712 -0.000995866 0.00222252 0.000928286 -0.000995866 0.00951149 -0.0176331 -0.00100367 0.00222252 -0.0176331 0.0877149 
0.00986829 -0.0179794 0.000919883 -0.000981057 -0.0179794 0.0883453 -0.000976693 0.0021458 0.000919883 -0.000976693 0.00949146 -0.0176332 -0.000981057 0.0021458 -0.0176332 0.0876507 
0.00989523 -0.0179882 0.00094104 -0.000974893 -0.0179882 0.0883987 -0.0009731 0.00211492 0.00094104 -0.0009731 0.00947577 -0.0176746 -0.000974893 0.00211492 -0.0176746 0.0878894 
0.00983439 -0.0178702 0.000921727 -0.000997997 -0.0178702 0.0877226 -0.000995042 0.0021403 0.000921727 -0.000995042 0.00939224 -0.0174863 -0.000997997 0.0021403 -0.0174863 0.0871427 
0.00996031 -0.0181388 0.000931737 -0.00100708 -0.0181388 0.0889628 -0.00100194 0.00219733 0.000931737 -0.00100194 0.00953568 -0.0176916 -0.00100708 0.00219733 -0.0176916 0.0881999 
0.00996695 -0.0181362 0.000938859 -0.00100353 -0.0181362 0.0890006 -0.000996152 0.00219525 0.000938859 -0.000996152 0.00953226 -0.0177179 -0.00100353 0.00219525 -0.0177179 0.0882075 
0.0099542 -0.0181726 0.000927003 -0.000999832 -0.0181726 0.0891096 -0.000995314 0.00217627 0.000927003 -0.000995314 0.00953964 -0.017694 -0.000999832 0.00217627 -0.017694 0.0881578 
0.00994879 -0.0181958 0.00093024 -0.000999358 -0.0181958 0.0893394 -0.00100303 0.00219732 0.00093024 -0.00100303 0.00959314 -0.0177561 -0.000999358 0.00219732 -0.0177561 0.0883912 
0.00981007 -0.0179119 0.000913172 -0.000986929 -0.0179119 0.0880916 -0.00099501 0.0021797 0.000913172 -0.00099501 0.00947572 -0.0175766 -0.000986929 0.0021797 -0.0175766 0.0873556 
0.00990245 -0.0180547 0.000941897 -0.000990412 -0.0180547 0.0887652 -0.00099772 0.00219732 0.000941897 -0.00099772 0.00953487 -0.0177128 -0.000990412 0.00219732 -0.0177128 0.0880828 
0.00993468 -0.0181397 0.000942589 -0.00100915 -0.0181397 0.0891092 -0.00101273 0.00220746 0.000942589 -0.00101273 0.00956039 -0.0177415 -0.00100915 0.00220746 -0.0177415 0.0883277 
0.00985951 -0.0179952 0.000948824 -0.000998835 -0.0179952 0.0884527 -0.00100255 0.00219519 0.000948824 -0.00100255 0.00950638 -0.0176126 -0.000998835 0.00219519 -0.0176126 0.0876692 
0.00985233 -0.0179225 0.000975182 -0.00101865 -0.0179225 0.0880683 -0.00102566 0.00223478 0.000975182 -0.00102566 0.00946696 -0.0175343 -0.00101865 0.00223478 -0.0175343 0.0872428 
0.00989306 -0.0180251 0.000975809 -0.00104759 -0.0180251 0.0884462 -0.00105901 0.00229611 0.000975809 -0.00105901 0.00951629 -0.0176262 -0.00104759 0.00229611 -0.0176262 0.0876321 
0.00992162 -0.0180609 0.00098195 -0.00104378 -0.0180609 0.0886268 -0.00105106 0.0023053 0.00098195 -0.00105106 0.00953114 -0.0176838 -0.00104378 0.0023053 -0.0176838 0.0878678 
0.00992363 -0.0180781 0.00101289 -0.00105048 -0.0180781 0.088726 -0.00105045 0.00230046 0.00101289 -0.00105045 0.00955894 -0.0177421 -0.00105048 0.00230046 -0.0177421 0.0881352 
0.00995276 -0.0181269 0.00102926 -0.00108355 -0.0181269 0.0889601 -0.00107808 0.00233317 0.00102926 -0.00107808 0.00957286 -0.0177772 -0.00108355 0.00233317 -0.0177772 0.0883553 
0.00984011 -0.0179163 0.0010231 -0.00109392 -0.0179163 0.0878754 -0.00108634 0.00236329 0.0010231 -0.00108634 0.00943253 -0.0175198 -0.00109392 0.00236329 -0.0175198 0.0871519 
0.00990039 -0.0179603 0.0010442 -0.00110234 -0.0179603 0.0880463 -0.0010973 0.00240289 0.0010442 -0.0010973 0.00940662 -0.0175111 -0.00110234 0.00240289 -0.0175111 0.0871667 
0.00990447 -0.0180249 0.00104674 -0.00111765 -0.0180249 0.0881858 -0.00112052 0.00243722 0.00104674 -0.00112052 0.00941683 -0.0174672 -0.00111765 0.00243722 -0.0174672 0.0870703 
0.0100222 -0.0183139 0.00105343 -0.00112897 -0.0183139 0.0896595 -0.00113417 0.00247393 0.00105343 -0.00113417 0.00960886 -0.017763 -0.00112897 0.00247393 -0.017763 0.0884493 
0.0100195 -0.0182287 0.00105829 -0.00112472 -0.0182287 0.0894894 -0.00112605 0.00246842 0.00105829 -0.00112605 0.00959603 -0.0178428 -0.00112472 0.00246842 -0.0178428 0.0886092 
0.00983415 -0.0179253 0.00102914 -0.0011115 -0.0179253 0.087918 -0.00110917 0.00242578 0.00102914 -0.00110917 0.00943681 -0.0175239 -0.0011115 0.00242578 -0.0175239 0.0871688 
0.00982197 -0.0178903 0.000995549 -0.00110046 -0.0178903 0.0877879 -0.00109314 0.00240718 0.000995549 -0.00109314 0.00941371 -0.0174932 -0.00110046 0.00240718 -0.0174932 0.0870429 
0.00998454 -0.018124 0.000989349 -0.00108095 -0.018124 0.0889552 -0.00107678 0.00238973 0.000989349 -0.00107678 0.00951877 -0.0177324 -0.00108095 0.00238973 -0.0177324 0.0882501 
0.0100107 -0.0181622 0.000980915 -0.0010474 -0.0181622 0.089022 -0.00104966 0.00231082 0.000980915 -0.00104966 0.00948909 -0.017708 -0.0010474 0.00231082 -0.017708 0.0882365 
0.0100409 -0.0182268 0.000956684 -0.00104241 -0.0182268 0.0892618 -0.00104569 0.00227823 0.000956684 -0.00104569 0.00948622 -0.0176952 -0.00104241 0.00227823 -0.0176952 0.0883015 
0.0100324 -0.0182251 0.000952556 -0.00101819 -0.0182251 0.0892506 -0.00102126 0.00223887 0.000952556 -0.00102126 0.00948891 -0.0176655 -0.00101819 0.00223887 -0.0176655 0.0881875 
0.00998683 -0.0181305 0.000985927 -0.00100427 -0.0181305 0.0887934 -0.0010021 0.00218255 0.000985927 -0.0010021 0.00944866 -0.0175679 -0.00100427 0.00218255 -0.0175679 0.0876642 
0.00995829 -0.0180873 0.00100719 -0.00104154 -0.0180873 0.0885433 -0.00103365 0.00220578 0.00100719 -0.00103365 0.00942467 -0.0175201 -0.00104154 0.00220578 -0.0175201 0.0873722 
0.0100222 -0.0181834 0.00104497 -0.00108843 -0.0181834 0.0889821 -0.00108153 0.00231868 0.00104497 -0.00108153 0.00945358 -0.0175966 -0.00108843 0.00231868 -0.0175966 0.0877313 
0.0100434 -0.0182944 0.00106813 -0.00111801 -0.0182944 0.0894592 -0.00111619 0.00239729 0.00106813 -0.00111619 0.00950821 -0.0176647 -0.00111801 0.00239729 -0.0176647 0.0881069 
0.0100252 -0.0182913 0.00107986 -0.00114384 -0.0182913 0.0895548 -0.00114352 0.00246839 0.00107986 -0.00114352 0.00954426 -0.0176883 -0.00114384 0.00246839 -0.0176883 0.0881779 
0.00986 -0.0180108 0.00106986 -0.00115387 -0.0180108 0.0883147 -0.00115023 0.00250904 0.00106986 -0.00115023 0.00946217 -0.0175062 -0.00115387 0.00250904 -0.0175062 0.0871317 
0.00987559 -0.0180238 0.00108733 -0.00116736 -0.0180238 0.0884809 -0.00116203 0.00256514 0.00108733 -0.00116203 0.00952922 -0.0176085 -0.00116736 0.00256514 -0.0176085 0.0875143 
0.00986587 -0.0180046 0.00106817 -0.00117459 -0.0180046 0.0884177 -0.00117091 0.00258217 0.00106817 -0.00117091 0.00957184 -0.0176722 -0.00117459 0.00258217 -0.0176722 0.0876993 
0.00988388 -0.0179891 0.00105614 -0.00113481 -0.0179891 0.0883933 -0.0011336 0.00251198 0.00105614 -0.0011336 0.00956985 -0.0177539 -0.00113481 0.00251198 -0.0177539 0.0879664 
0.00991437 -0.0180194 0.00103665 -0.00111387 -0.0180194 0.0884655 -0.0011192 0.00244133 0.00103665 -0.0011192 0.00955583 -0.0177661 -0.00111387 0.00244133 -0.0177661 0.0881427 
0.0099145 -0.0180271 0.00102386 -0.00108138 -0.0180271 0.08842 -0.00109368 0.00236488 0.00102386 -0.00109368 0.00952941 -0.0177162 -0.00108138 0.00236488 -0.0177162 0.0880262 
0.00988066 -0.0180082 0.00104369 -0.00106648 -0.0180082 0.0883063 -0.0010819 0.00231522 0.00104369 -0.0010819 0.009519 -0.017658 -0.00106648 0.00231522 -0.017658 0.0878059 
0.00988807 -0.0180216 0.00103358 -0.00109806 -0.0180216 0.0884263 -0.00110977 0.00234834 0.00103358 -0.00110977 0.009518 -0.0176666 -0.00109806 0.00234834 -0.0176666 0.0878356 
0.00987158 -0.0179509 0.00101836 -0.00108744 -0.0179509 0.0880921 -0.00109493 0.00235584 0.00101836 -0.00109493 0.00945709 -0.0175743 -0.00108744 0.00235584 -0.0175743 0.087422 
0.0100075 -0.0182179 0.000990249 -0.00108828 -0.0182179 0.0893093 -0.00109758 0.00237052 0.000990249 -0.00109758 0.00958435 -0.0177664 -0.00108828 0.00237052 -0.0177664 0.0884665 
0.00995114 -0.0181617 0.000972259 -0.00103124 -0.0181617 0.0890284 -0.00104362 0.002276 0.000972259 -0.00104362 0.00957503 -0.0177 -0.00103124 0.002276 -0.0177 0.0880858 
0.00991828 -0.0181543 0.000986083 -0.00101291 -0.0181543 0.0890901 -0.00102584 0.00220411 0.000986083 -0.00102584 0.00962325 -0.0177553 -0.00101291 0.00220411 -0.0177553 0.0882203 
0.00986644 -0.0180757 0.00100195 -0.00103372 -0.0180757 0.0888746 -0.0010375 0.00220517 0.00100195 -0.0010375 0.00964702 -0.0177938 -0.00103372 0.00220517 -0.0177938 0.0882562 
0.00984873 -0.0180225 0.00100483 -0.00107114 -0.0180225 0.0887402 -0.00106228 0.00227686 0.00100483 -0.00106228 0.00966227 -0.0178458 -0.00107114 0.00227686 -0.0178458 0.0884176 
0.00989182 -0.018008 0.0010425 -0.00109178 -0.018008 0.0887213 -0.00107941 0.00235889 0.0010425 -0.00107941 0.00964214 -0.017903 -0.00109178 0.00235889 -0.017903 0.0886678 
0.00979028 -0.0178069 0.00105993 -0.00111634 -0.0178069 0.0875332 -0.00110754 0.00241514 0.00105993 -0.00110754 0.00946912 -0.017604 -0.00111634 0.00241514 -0.017604 0.0873942 
0.00985487 -0.0179278 0.00108026 -0.00116419 -0.0179278 0.0880121 -0.00115576 0.00253841 0.00108026 -0.00115576 0.00948373 -0.0176309 -0.00116419 0.00253841 -0.0176309 0.0876653 
0.00996941 -0.01813 0.00110213 -0.00119142 -0.01813 0.0889245 -0.00117951 0.00262478 0.00110213 -0.00117951 0.00952343 -0.017735 -0.00119142 0.00262478 -0.017735 0.0882881 
0.00998591 -0.0181411 0.00106722 -0.00119787 -0.0181411 0.0889026 -0.00118345 0.00264255 0.00106722 -0.00118345 0.00946877 -0.0176364 -0.00119787 0.00264255 -0.0176364 0.0879535 
0.00995129 -0.0180078 0.00103472 -0.00114242 -0.0180078 0.0881902 -0.00113721 0.00256549 0.00103472 -0.00113721 0.00934974 -0.0174366 -0.00114242 0.00256549 -0.0174366 0.0870253 
0.0100359 -0.018219 0.00104035 -0.00110588 -0.018219 0.0890528 -0.00111425 0.00248004 0.00104035 -0.00111425 0.00945748 -0.0175549 -0.00110588 0.00248004 -0.0175549 0.0876812 
0.00991601 -0.0180711 0.00105158 -0.00108755 -0.0180711 0.0883788 -0.00110021 0.00239772 0.00105158 -0.00110021 0.00944912 -0.0174562 -0.00108755 0.00239772 -0.0174562 0.0870176 
0.00981685 -0.0179984 0.00103127 -0.00111116 -0.0179984 0.0881682 -0.00111785 0.00240576 0.00103127 -0.00111785 0.00952648 -0.0175069 -0.00111116 0.00240576 -0.0175069 0.0870137 
0.00982199 -0.0180119 0.00101055 -0.00109495 -0.0180119 0.0885175 -0.00109478 0.00238779 0.00101055 -0.00109478 0.0096121 -0.0177246 -0.00109495 0.00238779 -0.0177246 0.0877675 
0.00972118 -0.0178282 0.000969135 -0.00106113 -0.0178282 0.0877744 -0.00106056 0.00231607 0.000969135 -0.00106056 0.00959328 -0.0176708 -0.00106113 0.00231607 -0.0176708 0.0874519 
0.00986069 -0.0180347 0.000973186 -0.00103271 -0.0180347 0.0889141 -0.00103778 0.00226635 0.000973186 -0.00103778 0.00973752 -0.017999 -0.00103271 0.00226635 -0.017999 0.0889667 
0.00969734 -0.0177553 0.00097395 -0.00100399 -0.0177553 0.0874741 -0.0010125 0.0021825 0.00097395 -0.0010125 0.00958 -0.0177095 -0.00100399 0.0021825 -0.0177095 0.0876336 
0.00978351 -0.017853 0.00102076 -0.00104828 -0.017853 0.0879524 -0.00105112 0.00225273 0.00102076 -0.00105112 0.00960642 -0.0177847 -0.00104828 0.00225273 -0.0177847 0.0880626 
0.00991036 -0.0179928 0.00106078 -0.00110848 -0.0179928 0.0885182 -0.00110353 0.00237589 0.00106078 -0.00110353 0.00960222 -0.0178614 -0.00110848 0.00237589 -0.0178614 0.0885207 
0.00983594 -0.0178845 0.00104626 -0.00112513 -0.0178845 0.0877042 -0.00112153 0.00243227 0.00104626 -0.00112153 0.00944134 -0.0175739 -0.00112513 0.00243227 -0.0175739 0.0873441 
0.00987401 -0.0179752 0.00104184 -0.00112515 -0.0179752 0.0880657 -0.00112561 0.00246948 0.00104184 -0.00112561 0.00944419 -0.0175367 -0.00112515 0.00246948 -0.0175367 0.0873169 
0.0098554 -0.0179561 0.00103154 -0.00110971 -0.0179561 0.0880018 -0.00111548 0.00245144 0.00103154 -0.00111548 0.00944413 -0.0175035 -0.00110971 0.00245144 -0.0175035 0.0871155 
0.00984088 -0.0179717 0.00101551 -0.00109228 -0.0179717 0.0881192 -0.00110177 0.00241127 0.00101551 -0.00110177 0.00948743 -0.0175446 -0.00109228 0.00241127 -0.0175446 0.0872417 
0.00986648 -0.0179908 0.00102268 -0.0010722 -0.0179908 0.0883383 -0.00108246 0.00235985 0.00102268 -0.00108246 0.00952661 -0.0176498 -0.0010722 0.00235985 -0.0176498 0.0876308 
0.00989291 -0.0180501 0.00103168 -0.00108415 -0.0180501 0.0886383 -0.00109097 0.00235332 0.00103168 -0.00109097 0.00957696 -0.0177411 -0.00108415 0.00235332 -0.0177411 0.0880899 
0.00988773 -0.0180138 0.00107034 -0.00110683 -0.0180138 0.0884785 -0.00110317 0.00239328 0.00107034 -0.00110317 0.00957236 -0.0177173 -0.00110683 0.00239328 -0.0177173 0.0879861 
0.00985782 -0.0179565 0.00108554 -0.00114488 -0.0179565 0.0881258 -0.00113245 0.00244967 0.00108554 -0.00113245 0.00953562 -0.0176356 -0.00114488 0.00244967 -0.0176356 0.0875773 
0.00987263 -0.0180254 0.00108856 -0.00116182 -0.0180254 0.0884262 -0.00114819 0.00249847 0.00108856 -0.00114819 0.00955396 -0.0176911 -0.00116182 0.00249847 -0.0176911 0.0878207 
0.00987963 -0.018085 0.00109597 -0.00116723 -0.018085 0.0887683 -0.00116415 0.00253762 0.00109597 -0.00116415 0.00959022 -0.0177275 -0.00116723 0.00253762 -0.0177275 0.0880635 
0.00991749 -0.0180815 0.0011015 -0.00117633 -0.0180815 0.0888974 -0.00118723 0.00258536 0.0011015 -0.00118723 0.00958396 -0.017775 -0.00117633 0.00258536 -0.017775 0.0882506 
0.00984907 -0.0180162 0.00108708 -0.00118482 -0.0180162 0.0884976 -0.00120331 0.00263765 0.00108708 -0.00120331 0.00958526 -0.0176742 -0.00118482 0.00263765 -0.0176742 0.0878603 
0.00975766 -0.0179136 0.00105532 -0.00116886 -0.0179136 0.0881022 -0.00117934 0.00262772 0.00105532 -0.00117934 0.00961697 -0.0176551 -0.00116886 0.00262772 -0.0176551 0.0875809 
0.00968424 -0.017746 0.00103181 -0.00113494 -0.017746 0.0874913 -0.00113177 0.00255505 0.00103181 -0.00113177 0.00960656 -0.0176641 -0.00113494 0.00255505 -0.0176641 0.0873444 
0.00978273 -0.0179275 0.00101374 -0.00111297 -0.0179275 0.0884207 -0.0011062 0.00247941 0.00101374 -0.0011062 0.00974983 -0.0179335 -0.00111297 0.00247941 -0.0179335 0.0885938 
0.00974856 -0.017865 0.00100073 -0.0010723 -0.017865 0.0881156 -0.00107018 0.00237743 0.00100073 -0.00107018 0.00972908 -0.0179069 -0.0010723 0.00237743 -0.0179069 0.0884364 
0.00970414 -0.017823 0.000958296 -0.00105428 -0.017823 0.0878851 -0.00105677 0.00231047 0.000958296 -0.00105677 0.00972809 -0.0178564 -0.00105428 0.00231047 -0.0178564 0.0882092 
0.0096736 -0.0177211 0.000928394 -0.00100097 -0.0177211 0.0874559 -0.00100514 0.00220775 0.000928394 -0.00100514 0.00968097 -0.0178027 -0.00100097 0.00220775 -0.0178027 0.0878377 
0.00971021 -0.0177712 0.000955999 -0.000971167 -0.0177712 0.0876496 -0.000978244 0.00212578 0.000955999 -0.000978244 0.00967806 -0.0178569 -0.000971167 0.00212578 -0.0178569 0.0881041 
0.00978812 -0.0178971 0.000981 -0.00101454 -0.0178971 0.0881933 -0.00102576 0.00217723 0.000981 -0.00102576 0.00970075 -0.0179204 -0.00101454 0.00217723 -0.0179204 0.088553 
0.00982233 -0.0180053 0.000973088 -0.00104146 -0.0180053 0.0886606 -0.00105501 0.00225295 0.000973088 -0.00105501 0.00974257 -0.0179627 -0.00104146 0.00225295 -0.0179627 0.0888671 
0.0097647 -0.0178869 0.000956908 -0.00102974 -0.0178869 0.0881159 -0.00104024 0.00226697 0.000956908 -0.00104024 0.0096915 -0.0178254 -0.00102974 0.00226697 -0.0178254 0.0881961 
0.00973066 -0.0178568 0.000951518 -0.00100546 -0.0178568 0.087935 -0.00101805 0.00222249 0.000951518 -0.00101805 0.00969671 -0.0177864 -0.00100546 0.00222249 -0.0177864 0.0879362 
0.0098153 -0.0179578 0.000987197 -0.00100516 -0.0179578 0.0884853 -0.00101794 0.0022045 0.000987197 -0.00101794 0.00973325 -0.0179449 -0.00100516 0.0022045 -0.0179449 0.0885661 
0.00985375 -0.0180187 0.00101549 -0.00104664 -0.0180187 0.0887202 -0.00105416 0.00225489 0.00101549 -0.00105416 0.00974206 -0.0179905 -0.00104664 0.00225489 -0.0179905 0.0888817 
0.00984385 -0.0180062 0.00101867 -0.00108291 -0.0180062 0.0886589 -0.00108183 0.00233286 0.00101867 -0.00108183 0.00971459 -0.0179783 -0.00108291 0.00233286 -0.0179783 0.0888898 
0.00981451 -0.0180339 0.000991826 -0.00109187 -0.0180339 0.0887871 -0.00108321 0.00237295 0.000991826 -0.00108321 0.00973373 -0.0179561 -0.00109187 0.00237295 -0.0179561 0.0889299 
0.00978214 -0.0179178 0.000959659 -0.00107168 -0.0179178 0.088388 -0.00105682 0.0023648 0.000959659 -0.00105682 0.00968674 -0.0178802 -0.00107168 0.0023648 -0.0178802 0.0885226 
0.00980393 -0.0179268 0.00094395 -0.00104168 -0.0179268 0.0883637 -0.00102907 0.00232256 0.00094395 -0.00102907 0.00966647 -0.0178497 -0.00104168 0.00232256 -0.0178497 0.0884238 
0.00982925 -0.017953 0.000941189 -0.00102217 -0.017953 0.0884404 -0.0010176 0.00228588 0.000941189 -0.0010176 0.00965515 -0.017859 -0.00102217 0.00228588 -0.017859 0.0884746 
0.00986238 -0.0180717 0.000939161 -0.00101574 -0.0180717 0.0889431 -0.00101956 0.00226706 0.000939161 -0.00101956 0.00970716 -0.0179188 -0.00101574 0.00226706 -0.0179188 0.0888548 
0.00975699 -0.0178106 0.000935743 -0.000999199 -0.0178106 0.0877492 -0.000997133 0.00221891 0.000935743 -0.000997133 0.00954051 -0.0176812 -0.000999199 0.00221891 -0.0176812 0.0876381 
0.00984234 -0.0179893 0.000968534 -0.00101817 -0.0179893 0.0884584 -0.00100619 0.0022304 0.000968534 -0.00100619 0.00958529 -0.0177301 -0.00101817 0.0022304 -0.0177301 0.0880842 
0.00981035 -0.0179938 0.000982131 -0.00104138 -0.0179938 0.0884709 -0.00102643 0.00225307 0.000982131 -0.00102643 0.00960584 -0.017693 -0.00104138 0.00225307 -0.017693 0.0879121 
0.0097829 -0.0178616 0.00098541 -0.00105764 -0.0178616 0.0880347 -0.00104298 0.00229385 0.00098541 -0.00104298 0.00956862 -0.0177013 -0.00105764 0.00229385 -0.0177013 0.0877206 
0.00978222 -0.0177889 0.000986508 -0.00106811 -0.0177889 0.0875831 -0.00105611 0.00233684 0.000986508 -0.00105611 0.00949515 -0.0176202 -0.00106811 0.00233684 -0.0176202 0.0873926 
0.0099145 -0.0180833 0.00100789 -0.00108016 -0.0180833 0.0888164 -0.00107341 0.00238071 0.00100789 -0.00107341 0.00963092 -0.0178005 -0.00108016 0.00238071 -0.0178005 0.0884524 
0.00991777 -0.0180803 0.00104996 -0.00108158 -0.0180803 0.0887798 -0.0010791 0.00237997 0.00104996 -0.0010791 0.00961057 -0.0177637 -0.00108158 0.00237997 -0.0177637 0.0882145 
0.00985648 -0.01797 0.00106547 -0.00112233 -0.01797 0.0882287 -0.00112249 0.00243551 0.00106547 -0.00112249 0.00957108 -0.0176694 -0.00112233 0.00243551 -0.0176694 0.0876767 
0.00988715 -0.0179978 0.00105347 -0.00114268 -0.0179978 0.0883508 -0.00114323 0.00249646 0.00105347 -0.00114323 0.00956373 -0.0177203 -0.00114268 0.00249646 -0.0177203 0.0878386 
0.00994201 -0.0181473 0.00104909 -0.00113662 -0.0181473 0.0889734 -0.00113885 0.00251685 0.00104909 -0.00113885 0.00961863 -0.0177983 -0.00113662 0.00251685 -0.0177983 0.0883448 
0.00983053 -0.0179217 0.00103106 -0.00109501 -0.0179217 0.0879274 -0.00109797 0.00242058 0.00103106 -0.00109797 0.00947093 -0.0175783 -0.00109501 0.00242058 -0.0175783 0.0872453 
0.00997161 -0.0182132 0.00103467 -0.00111042 -0.0182132 0.0893619 -0.00111518 0.00243201 0.00103467 -0.00111518 0.00964265 -0.0178451 -0.00111042 0.00243201 -0.0178451 0.0886667 
0.00991029 -0.0181653 0.00103393 -0.00109855 -0.0181653 0.0892181 -0.00110391 0.00241248 0.00103393 -0.00110391 0.00968197 -0.0178464 -0.00109855 0.00241248 -0.0178464 0.0886016 
0.0097064 -0.0178075 0.00101244 -0.00108544 -0.0178075 0.0876527 -0.00108582 0.00237181 0.00101244 -0.00108582 0.00956081 -0.0176207 -0.00108544 0.00237181 -0.0176207 0.087296 
0.00986385 -0.0180524 0.00103559 -0.0011047 -0.0180524 0.0889982 -0.00110118 0.00241761 0.00103559 -0.00110118 0.00973466 -0.0179741 -0.0011047 0.00241761 -0.0179741 0.0889461 
0.00990458 -0.0180367 0.00105784 -0.00111812 -0.0180367 0.0888841 -0.00111522 0.0024492 0.00105784 -0.00111522 0.00969677 -0.0179652 -0.00111812 0.0024492 -0.0179652 0.0889432 
0.00992879 -0.0181139 0.00107379 -0.00113921 -0.0181139 0.0890164 -0.00114501 0.00250218 0.00107379 -0.00114501 0.00969043 -0.0179082 -0.00113921 0.00250218 -0.0179082 0.088845 
0.00981562 -0.0178872 0.00104029 -0.00112945 -0.0178872 0.0878543 -0.00114007 0.00249306 0.00104029 -0.00114007 0.00951495 -0.0176301 -0.00112945 0.00249306 -0.0176301 0.0874556 
