0.00796514 0 -0.000605219 0 0 0.00994712 0 0 -0.000605219 0 0.00604549 0 0 0 0 0.00994712 
0.0110989 -0.0137525 -0.000825917 0.0010074 -0.0137525 0.0354466 0.0010074 -0.00193169 -0.000825917 0.0010074 0.00863112 -0.0107392 0.0010074 -0.00193169 -0.0107392 0.0296678 
0.0109686 -0.02025 -0.000733765 0.00114957 -0.02025 0.0737469 0.00114957 -0.00359827 -0.000733765 0.00114957 0.00895727 -0.0169071 0.00114957 -0.00359827 -0.0169071 0.0632765 
0.0102389 -0.0192053 -0.00061581 0.000756161 -0.0192053 0.0849533 0.000753897 -0.00243447 -0.00061581 0.000753897 0.0085518 -0.0171797 0.000756161 -0.00243447 -0.0171797 0.0783529 
0.0102667 -0.0184581 -0.000581569 0.000660574 -0.0184581 0.0870566 0.000648924 -0.00173071 -0.000581569 0.000648924 0.00853099 -0.0168153 0.000660574 -0.00173071 -0.0168153 0.0833466 
0.0103918 -0.0184149 -0.000577896 0.000645836 -0.0184149 0.0878271 0.000629167 -0.00156331 -0.000577896 0.000629167 0.00860706 -0.0166281 0.000645836 -0.00156331 -0.0166281 0.0844662 
0.0105602 -0.0186908 -0.000568681 0.000645752 -0.0186908 0.0893302 0.000627092 -0.001531 -0.000568681 0.000627092 0.00874872 -0.0167723 0.000645752 -0.001531 -0.0167723 0.0855171 
0.0105863 -0.0187594 -0.000548732 0.000625578 -0.0187594 0.0898419 0.000606813 -0.00147731 -0.000548732 0.000606813 0.00880971 -0.0168301 0.000625578 -0.00147731 -0.0168301 0.0857801 
0.0105845 -0.0187695 -0.000555217 0.000603207 -0.0187695 0.0900678 0.000587213 -0.00141955 -0.000555217 0.000587213 0.00886004 -0.0169145 0.000603207 -0.00141955 -0.0169145 0.0860715 
0.0105105 -0.0186988 -0.000563798 0.000604879 -0.0186988 0.0898262 0.000592936 -0.00139071 -0.000563798 0.000592936 0.00890488 -0.0169159 0.000604879 -0.00139071 -0.0169159 0.0860032 
0.0105014 -0.0186503 -0.000584723 0.000624672 -0.0186503 0.0897794 0.000617484 -0.00143133 -0.000584723 0.000617484 0.00894827 -0.0170205 0.000624672 -0.00143133 -0.0170205 0.0862905 
0.0104127 -0.0184609 -0.000592952 0.000648342 -0.0184609 0.0888773 0.000642419 -0.00149167 -0.000592952 0.000642419 0.00888264 -0.0169161 0.000648342 -0.00149167 -0.0169161 0.0856989 
0.0104629 -0.0185823 -0.000618954 0.000671263 -0.0185823 0.089402 0.000665715 -0.00156563 -0.000618954 0.000665715 0.00895363 -0.0170384 0.000671263 -0.00156563 -0.0170384 0.0863213 
0.0104422 -0.0185527 -0.000595637 0.000682529 -0.0185527 0.0892876 0.000681516 -0.00159299 -0.000595637 0.000681516 0.00893754 -0.0170237 0.000682529 -0.00159299 -0.0170237 0.0862283 
0.0104248 -0.0185145 -0.000546649 0.000644512 -0.0185145 0.0891064 0.000650752 -0.00154441 -0.000546649 0.000650752 0.00891873 -0.0169734 0.000644512 -0.00154441 -0.0169734 0.0860109 
0.0104975 -0.0185788 -0.000500173 0.000588772 -0.0185788 0.0894171 0.000596781 -0.00143765 -0.000500173 0.000596781 0.00891971 -0.0170447 0.000588772 -0.00143765 -0.0170447 0.0863318 
0.0104816 -0.0185349 -0.000472463 0.000535581 -0.0185349 0.0890654 0.000537962 -0.00130534 -0.000472463 0.000537962 0.00884755 -0.0169425 0.000535581 -0.00130534 -0.0169425 0.0859312 
0.0105842 -0.018678 -0.000458198 0.000521845 -0.018678 0.0896373 0.000514045 -0.00123793 -0.000458198 0.000514045 0.00884685 -0.0169855 0.000521845 -0.00123793 -0.0169855 0.0862846 
0.0105632 -0.0187183 -0.00049632 0.00051516 -0.0187183 0.0896619 0.00050154 -0.00121326 -0.00049632 0.00050154 0.00883332 -0.0168935 0.00051516 -0.00121326 -0.0168935 0.0859899 
0.0106375 -0.0187841 -0.000524571 0.000558231 -0.0187841 0.0900537 0.000544523 -0.00126298 -0.000524571 0.000544523 0.0088135 -0.0169488 0.000558231 -0.00126298 -0.0169488 0.0862024 
0.0106584 -0.0188425 -0.000547193 0.000592158 -0.0188425 0.0901915 0.000582313 -0.0013521 -0.000547193 0.000582313 0.00880561 -0.0168913 0.000592158 -0.0013521 -0.0168913 0.086108 
0.0106902 -0.0188743 -0.00055536 0.000619079 -0.0188743 0.0903209 0.000612352 -0.00143369 -0.00055536 0.000612352 0.00878739 -0.0168806 0.000619079 -0.00143369 -0.0168806 0.0860465 
0.0106529 -0.0188185 -0.000553903 0.000616082 -0.0188185 0.0899814 0.000610758 -0.00144659 -0.000553903 0.000610758 0.00872882 -0.0167789 0.000616082 -0.00144659 -0.0167789 0.0855804 
0.010689 -0.018855 -0.000584007 0.000624636 -0.018855 0.0901741 0.000623279 -0.00147677 -0.000584007 0.000623279 0.00871323 -0.0168058 0.000624636 -0.00147677 -0.0168058 0.0857311 
0.0106827 -0.0188653 -0.000584784 0.000645669 -0.0188653 0.0901438 0.000656613 -0.00151723 -0.000584784 0.000656613 0.00870125 -0.0167358 0.000645669 -0.00151723 -0.0167358 0.0855445 
0.0106585 -0.0188162 -0.000559711 0.000644072 -0.0188162 0.0899225 0.000663386 -0.00154454 -0.000559711 0.000663386 0.00869032 -0.0166831 0.000644072 -0.00154454 -0.0166831 0.0852441 
0.0106661 -0.0188321 -0.000562389 0.000615325 -0.0188321 0.089978 0.000632779 -0.00150834 -0.000562389 0.000632779 0.00870714 -0.0167055 0.000615325 -0.00150834 -0.0167055 0.0852847 
0.0106755 -0.0188557 -0.000529146 0.000620109 -0.0188557 0.0901018 0.000630695 -0.00148526 -0.000529146 0.000630695 0.00873212 -0.0167619 0.000620109 -0.00148526 -0.0167619 0.0854893 
0.0106773 -0.0188996 -0.000509905 0.000580413 -0.0188996 0.0903339 0.000586419 -0.00141539 -0.000509905 0.000586419 0.00877897 -0.0168251 0.000580413 -0.00141539 -0.0168251 0.0857872 
0.0106746 -0.0188822 -0.000507906 0.000554607 -0.0188822 0.0903602 0.000556063 -0.00133069 -0.000507906 0.000556063 0.00879742 -0.0168752 0.000554607 -0.00133069 -0.0168752 0.0859598 
0.0106351 -0.018827 -0.000534421 0.000549427 -0.018827 0.0901062 0.00054718 -0.00128353 -0.000534421 0.00054718 0.00880001 -0.0168397 0.000549427 -0.00128353 -0.0168397 0.0857963 
0.0106259 -0.0188379 -0.000564839 0.000588311 -0.0188379 0.090233 0.000586462 -0.00133434 -0.000564839 0.000586462 0.00884032 -0.0169193 0.000588311 -0.00133434 -0.0169193 0.0860819 
0.0105766 -0.0187421 -0.00058021 0.000621097 -0.0187421 0.0898643 0.00062156 -0.00141498 -0.00058021 0.00062156 0.00881993 -0.0168838 0.000621097 -0.00141498 -0.0168838 0.0858727 
0.0105562 -0.0187844 -0.000561573 0.00063368 -0.0187844 0.0901036 0.000629488 -0.0014515 -0.000561573 0.000629488 0.00888316 -0.0169512 0.00063368 -0.0014515 -0.0169512 0.0862087 
0.0105084 -0.0186381 -0.000541745 0.000620365 -0.0186381 0.0896016 0.000609458 -0.00144851 -0.000541745 0.000609458 0.00884266 -0.0169162 0.000620365 -0.00144851 -0.0169162 0.0859142 
0.0105018 -0.0186227 -0.000545329 0.000603571 -0.0186227 0.0894555 0.00058928 -0.00141855 -0.000545329 0.00058928 0.00883814 -0.0168733 0.000603571 -0.00141855 -0.0168733 0.0857837 
0.0105153 -0.0186352 -0.000522775 0.000599678 -0.0186352 0.0894744 0.000586931 -0.00139028 -0.000522775 0.000586931 0.00882413 -0.0168715 0.000599678 -0.00139028 -0.0168715 0.0857443 
0.0105222 -0.0186578 -0.000555571 0.000590116 -0.0186578 0.0895544 0.000586873 -0.00140422 -0.000555571 0.000586873 0.00882109 -0.0168737 0.000590116 -0.00140422 -0.0168737 0.0857796 
0.0105858 -0.0187464 -0.000557629 0.000634863 -0.0187464 0.089994 0.000637257 -0.00148955 -0.000557629 0.000637257 0.00884012 -0.016946 0.000634863 -0.00148955 -0.016946 0.0861736 
0.010581 -0.0187176 -0.000534909 0.000625127 -0.0187176 0.0898218 0.000633791 -0.00151327 -0.000534909 0.000633791 0.0087869 -0.0168913 0.000625127 -0.00151327 -0.0168913 0.0859718 
0.0106451 -0.0188039 -0.000503835 0.000599614 -0.0188039 0.090155 0.00060628 -0.00147239 -0.000503835 0.00060628 0.00877062 -0.0168881 0.000599614 -0.00147239 -0.0168881 0.0861187 
0.0105907 -0.0187095 -0.000485424 0.000542771 -0.0187095 0.0895835 0.00054284 -0.00133525 -0.000485424 0.00054284 0.00867005 -0.0166927 0.000542771 -0.00133525 -0.0166927 0.0852891 
0.0106818 -0.0188941 -0.000508581 0.000536003 -0.0188941 0.0903923 0.000536614 -0.0012785 -0.000508581 0.000536614 0.00874222 -0.0167692 0.000536003 -0.0012785 -0.0167692 0.085776 
0.0106529 -0.0188598 -0.000522105 0.000560164 -0.0188598 0.0902644 0.000562371 -0.00129601 -0.000522105 0.000562371 0.00874485 -0.0167584 0.000560164 -0.00129601 -0.0167584 0.0855987 
0.0105973 -0.0188026 -0.000522926 0.000568898 -0.0188026 0.090031 0.000572438 -0.00131607 -0.000522926 0.000572438 0.00876864 -0.0167425 0.000568898 -0.00131607 -0.0167425 0.0854294 
0.0105501 -0.018764 -0.000553123 0.00058266 -0.018764 0.0899674 0.000585612 -0.00136091 -0.000553123 0.000585612 0.00881876 -0.0168133 0.00058266 -0.00136091 -0.0168133 0.0855904 
0.0105177 -0.0186915 -0.000560629 0.000608539 -0.0186915 0.0897827 0.000614386 -0.00140712 -0.000560629 0.000614386 0.00883596 -0.0168736 0.000608539 -0.00140712 -0.0168736 0.085733 
0.0104689 -0.0186322 -0.000551103 0.000631097 -0.0186322 0.0895664 0.000644481 -0.00149229 -0.000551103 0.000644481 0.00886062 -0.0168946 0.000631097 -0.00149229 -0.0168946 0.0858016 
0.0104602 -0.0186162 -0.000558508 0.000617359 -0.0186162 0.0895914 0.000631884 -0.00150408 -0.000558508 0.000631884 0.00889089 -0.0169561 0.000617359 -0.00150408 -0.0169561 0.0860379 
0.0104419 -0.018553 -0.000544368 0.000608578 -0.018553 0.0893368 0.000610993 -0.00145041 -0.000544368 0.000610993 0.00886415 -0.0169406 0.000608578 -0.00145041 -0.0169406 0.0859444 
0.0104619 -0.0185738 -0.000551575 0.0006043 -0.0185738 0.0893872 0.000592333 -0.00141853 -0.000551575 0.000592333 0.0088501 -0.0169324 0.0006043 -0.00141853 -0.0169324 0.0859899 
0.0104506 -0.0185954 -0.000550402 0.000631194 -0.0185954 0.0894211 0.000617845 -0.00146583 -0.000550402 0.000617845 0.0088611 -0.016888 0.000631194 -0.00146583 -0.016888 0.0858687 
0.0104739 -0.0185914 -0.000519475 0.000631659 -0.0185914 0.0894559 0.000624895 -0.00150329 -0.000519475 0.000624895 0.00885271 -0.016899 0.000631659 -0.00150329 -0.016899 0.0858338 
0.010563 -0.0187242 -0.000498995 0.000576811 -0.0187242 0.0900216 0.000578882 -0.00142102 -0.000498995 0.000578882 0.00888835 -0.0169942 0.000576811 -0.00142102 -0.0169942 0.0863337 
0.0105572 -0.0187468 -0.000491893 0.000532838 -0.0187468 0.0900381 0.000536731 -0.0012901 -0.000491893 0.000536731 0.0088819 -0.0169646 0.000532838 -0.0012901 -0.0169646 0.086248 
0.0104666 -0.0186171 -0.000507767 0.000525734 -0.0186171 0.0894458 0.000523493 -0.00122263 -0.000507767 0.000523493 0.00881022 -0.0168465 0.000525734 -0.00122263 -0.0168465 0.0856343 
0.0104503 -0.0186259 -0.000492034 0.000554954 -0.0186259 0.0895443 0.000552792 -0.00125725 -0.000492034 0.000552792 0.00883618 -0.0168387 0.000554954 -0.00125725 -0.0168387 0.0856615 
0.0105206 -0.0187109 -0.000467016 0.000542708 -0.0187109 0.0900657 0.000546937 -0.0012767 -0.000467016 0.000546937 0.00889193 -0.0169659 0.000542708 -0.0012767 -0.0169659 0.0862104 
0.0104643 -0.0185809 -0.00042161 0.000506629 -0.0185809 0.0894238 0.000512168 -0.00121962 -0.00042161 0.000512168 0.00881233 -0.0168658 0.000506629 -0.00121962 -0.0168658 0.0856885 
0.0104507 -0.0186139 -0.000457042 0.000460087 -0.0186139 0.0895538 0.000458101 -0.00112126 -0.000457042 0.000458101 0.00883317 -0.016888 0.000460087 -0.00112126 -0.016888 0.0858747 
0.0104192 -0.0185237 -0.000499089 0.000509387 -0.0185237 0.0892341 0.000497863 -0.00114622 -0.000499089 0.000497863 0.00879743 -0.01684 0.000509387 -0.00114622 -0.01684 0.0856365 
0.0104359 -0.0185601 -0.000528442 0.000564514 -0.0185601 0.0893696 0.000547533 -0.00125231 -0.000528442 0.000547533 0.00880049 -0.0168423 0.000564514 -0.00125231 -0.0168423 0.0857346 
0.0104251 -0.0185261 -0.000483102 0.000593015 -0.0185261 0.0891683 0.000575845 -0.00133624 -0.000483102 0.000575845 0.0087636 -0.0167556 0.000593015 -0.00133624 -0.0167556 0.0853741 
0.0105035 -0.0186478 -0.00040661 0.000549934 -0.0186478 0.0897064 0.00053968 -0.00132436 -0.00040661 0.00053968 0.0088067 -0.0168303 0.000549934 -0.00132436 -0.0168303 0.0857527 
0.010481 -0.0186159 -0.000368015 0.000450588 -0.0186159 0.0895029 0.000448529 -0.00115772 -0.000368015 0.000448529 0.00878534 -0.0167884 0.000450588 -0.00115772 -0.0167884 0.0855024 
0.0105428 -0.0186831 -0.000411421 0.000411366 -0.0186831 0.0898186 0.000412727 -0.00102957 -0.000411421 0.000412727 0.00880631 -0.0168536 0.000411366 -0.00102957 -0.0168536 0.0857996 
0.0105378 -0.0186711 -0.000421826 0.000451383 -0.0186711 0.0896523 0.000453922 -0.00103065 -0.000421826 0.000453922 0.00877816 -0.0168102 0.000451383 -0.00103065 -0.0168102 0.0856034 
0.0105632 -0.0187097 -0.00043718 0.000467254 -0.0187097 0.0897733 0.000474635 -0.00108575 -0.00043718 0.000474635 0.00876327 -0.0168136 0.000467254 -0.00108575 -0.0168136 0.0856419 
0.0105735 -0.0187771 -0.000429721 0.000483557 -0.0187771 0.0900489 0.000497511 -0.00113547 -0.000429721 0.000497511 0.00878667 -0.0168335 0.000483557 -0.00113547 -0.0168335 0.0858116 
0.0104835 -0.0187371 -0.000441611 0.000479781 -0.0187371 0.0899322 0.000493732 -0.00115629 -0.000441611 0.000493732 0.00882933 -0.0168139 0.000479781 -0.00115629 -0.0168139 0.0856851 
0.0104768 -0.0187128 -0.000473168 0.000494275 -0.0187128 0.0901144 0.000495456 -0.00116431 -0.000473168 0.000495456 0.0089 -0.0169408 0.000494275 -0.00116431 -0.0169408 0.0860959 
0.0104427 -0.0185403 -0.000441012 0.000521093 -0.0185403 0.0894099 0.000507862 -0.00117806 -0.000441012 0.000507862 0.00881581 -0.0168942 0.000521093 -0.00117806 -0.0168942 0.0857405 
0.01045 -0.0186007 -0.00042264 0.000492572 -0.0186007 0.0895364 0.000478361 -0.00115239 -0.00042264 0.000478361 0.00884281 -0.016892 0.000492572 -0.00115239 -0.016892 0.0859208 
0.010457 -0.0185869 -0.000418359 0.000464652 -0.0185869 0.0895093 0.000455488 -0.00108816 -0.000418359 0.000455488 0.00884308 -0.0168907 0.000464652 -0.00108816 -0.0168907 0.0858826 
0.0104786 -0.0186196 -0.000418881 0.000454127 -0.0186196 0.089636 0.000449808 -0.00104325 -0.000418881 0.000449808 0.0088627 -0.016927 0.000454127 -0.00104325 -0.016927 0.0860408 
0.010476 -0.0185408 -0.000414736 0.000455935 -0.0185408 0.0892475 0.000457994 -0.00104286 -0.000414736 0.000457994 0.00880601 -0.0168736 0.000455935 -0.00104286 -0.0168736 0.0857353 
0.0105871 -0.0187212 -0.000413727 0.00044954 -0.0187212 0.0899415 0.000453609 -0.00103505 -0.000413727 0.000453609 0.00884679 -0.0169716 0.00044954 -0.00103505 -0.0169716 0.0863378 
0.0105945 -0.0187666 -0.000415125 0.000447212 -0.0187666 0.0900446 0.000453689 -0.00103171 -0.000415125 0.000453689 0.00883673 -0.016949 0.000447212 -0.00103171 -0.016949 0.0862993 
0.0105588 -0.0187108 -0.00041876 0.000451095 -0.0187108 0.0897648 0.000456843 -0.00103984 -0.00041876 0.000456843 0.00877748 -0.016855 0.000451095 -0.00103984 -0.016855 0.0858709 
0.0106076 -0.0187763 -0.000417339 0.000459975 -0.0187763 0.0900737 0.000462439 -0.00105766 -0.000417339 0.000462439 0.00877338 -0.0168696 0.000459975 -0.00105766 -0.0168696 0.0860236 
0.0106165 -0.0188249 -0.000436094 0.000462539 -0.0188249 0.0902649 0.000464783 -0.00107355 -0.000436094 0.000464783 0.00879927 -0.0168638 0.000462539 -0.00107355 -0.0168638 0.0860758 
0.0106218 -0.0187822 -0.000463967 0.000479607 -0.0187822 0.0901074 0.000477759 -0.00109474 -0.000463967 0.000477759 0.00877845 -0.016845 0.000479607 -0.00109474 -0.016845 0.0858992 
0.0106024 -0.0187583 -0.000473497 0.000505697 -0.0187583 0.0899325 0.000495886 -0.00112706 -0.000473497 0.000495886 0.0087562 -0.0168259 0.000505697 -0.00112706 -0.0168259 0.0857858 
0.0105866 -0.0187114 -0.000445461 0.000515508 -0.0187114 0.0896852 0.000501155 -0.001146 -0.000445461 0.000501155 0.00871078 -0.01676 0.000515508 -0.001146 -0.01676 0.0855119 
0.0106265 -0.0187472 -0.000429308 0.000495798 -0.0187472 0.0897994 0.000479948 -0.00113879 -0.000429308 0.000479948 0.00867259 -0.0167478 0.000495798 -0.00113879 -0.0167478 0.0855281 
0.01058 -0.01875 -0.000448781 0.000477722 -0.01875 0.0896975 0.000470198 -0.00111387 -0.000448781 0.000470198 0.00867093 -0.0166489 0.000477722 -0.00111387 -0.0166489 0.0852093 
0.0105533 -0.0187282 -0.000486067 0.000508731 -0.0187282 0.0897419 0.000513816 -0.00117671 -0.000486067 0.000513816 0.00869557 -0.0166806 0.000508731 -0.00117671 -0.0166806 0.0852349 
0.0105292 -0.0186997 -0.000507221 0.000546151 -0.0186997 0.0897124 0.000559684 -0.00126942 -0.000507221 0.000559684 0.0087149 -0.0167062 0.000546151 -0.00126942 -0.0167062 0.0852937 
0.010543 -0.0186962 -0.000472451 0.000556432 -0.0186962 0.089769 0.000568377 -0.00130749 -0.000472451 0.000568377 0.00870817 -0.016738 0.000556432 -0.00130749 -0.016738 0.0854234 
0.0104957 -0.0186407 -0.000437379 0.000515689 -0.0186407 0.0894818 0.000519854 -0.00124919 -0.000437379 0.000519854 0.00869014 -0.0166625 0.000515689 -0.00124919 -0.0166625 0.0851345 
0.0104867 -0.0186529 -0.000426547 0.000489795 -0.0186529 0.0896127 0.000492368 -0.00119035 -0.000426547 0.000492368 0.00874426 -0.0167029 0.000489795 -0.00119035 -0.0167029 0.0852875 
0.0104746 -0.0187166 -0.000414484 0.000480563 -0.0187166 0.0899906 0.000485496 -0.00115737 -0.000414484 0.000485496 0.0088764 -0.0168212 0.000480563 -0.00115737 -0.0168212 0.0857428 
0.0103816 -0.0185436 -0.000371558 0.000470704 -0.0185436 0.0893899 0.00047172 -0.00113766 -0.000371558 0.00047172 0.00890653 -0.0168596 0.000470704 -0.00113766 -0.0168596 0.0855422 
0.0104005 -0.0185132 -0.000347306 0.000398842 -0.0185132 0.0893397 0.000398483 -0.000992851 -0.000347306 0.000398483 0.00891704 -0.0169849 0.000398842 -0.000992851 -0.0169849 0.0859342 
0.0104686 -0.0185734 -0.000356637 0.000364937 -0.0185734 0.0895509 0.000363654 -0.000861869 -0.000356637 0.000363654 0.00889453 -0.0170507 0.000364937 -0.000861869 -0.0170507 0.086354 
0.0104841 -0.0186176 -0.000359512 0.000379321 -0.0186176 0.0895969 0.000376754 -0.000837334 -0.000359512 0.000376754 0.00886205 -0.016982 0.000379321 -0.000837334 -0.016982 0.0862737 
0.0104859 -0.0186164 -0.000344463 0.000385233 -0.0186164 0.0895415 0.000379641 -0.000846625 -0.000344463 0.000379641 0.00881926 -0.0169039 0.000385233 -0.000846625 -0.0169039 0.0859944 
0.010466 -0.0186103 -0.000338235 0.000372624 -0.0186103 0.0894812 0.000364453 -0.000834463 -0.000338235 0.000364453 0.00880014 -0.0168472 0.000372624 -0.000834463 -0.0168472 0.0857707 
0.0104231 -0.0185705 -0.000355212 0.000376417 -0.0185705 0.0893441 0.000368234 -0.000845598 -0.000355212 0.000368234 0.00879795 -0.0168114 0.000376417 -0.000845598 -0.0168114 0.085579 
0.0103983 -0.0185514 -0.000370157 0.000387744 -0.0185514 0.0893344 0.000381913 -0.000859512 -0.000370157 0.000381913 0.0088138 -0.0168184 0.000387744 -0.000859512 -0.0168184 0.0855708 
0.0103933 -0.0185348 -0.000363519 0.000415648 -0.0185348 0.0893443 0.000416731 -0.000933959 -0.000363519 0.000416731 0.00882687 -0.016844 0.000415648 -0.000933959 -0.016844 0.0856425 
0.0104204 -0.0185853 -0.000362971 0.000405226 -0.0185853 0.0896005 0.000410266 -0.00095402 -0.000362971 0.000410266 0.00885752 -0.0168927 0.000405226 -0.00095402 -0.0168927 0.085894 
0.0104292 -0.0186365 -0.00033953 0.000383458 -0.0186365 0.0898499 0.000385403 -0.000891106 -0.00033953 0.000385403 0.00890176 -0.0169324 0.000383458 -0.000891106 -0.0169324 0.0860925 
0.0103996 -0.0185906 -0.000315788 0.000343947 -0.0185906 0.0897093 0.000344213 -0.000789291 -0.000315788 0.000344213 0.00891517 -0.0169337 0.000343947 -0.000789291 -0.0169337 0.0860002 
0.0103836 -0.0184782 -0.00035085 0.000332867 -0.0184782 0.0892411 0.000334463 -0.0007522 -0.00035085 0.000334463 0.0088648 -0.0169038 0.000332867 -0.0007522 -0.0169038 0.0857259 
0.0103813 -0.0185329 -0.000391217 0.000388107 -0.0185329 0.0893851 0.000388763 -0.000836378 -0.000391217 0.000388763 0.00890207 -0.0169398 0.000388107 -0.000836378 -0.0169398 0.0859627 
0.010403 -0.0185078 -0.000422168 0.000444551 -0.0185078 0.089353 0.000445197 -0.000981675 -0.000422168 0.000445197 0.00887221 -0.0169708 0.000444551 -0.000981675 -0.0169708 0.0860441 
0.0104574 -0.0185768 -0.000447643 0.000480188 -0.0185768 0.0895606 0.000478322 -0.00109238 -0.000447643 0.000478322 0.00884653 -0.0169545 0.000480188 -0.00109238 -0.0169545 0.0861576 
0.0104123 -0.0185523 -0.000480333 0.000499944 -0.0185523 0.0893179 0.000496164 -0.00114923 -0.000480333 0.000496164 0.00881329 -0.016826 0.000499944 -0.00114923 -0.016826 0.085678 
0.0103959 -0.0185355 -0.000487326 0.000549862 -0.0185355 0.0892833 0.000545389 -0.00125742 -0.000487326 0.000545389 0.00881326 -0.0167963 0.000549862 -0.00125742 -0.0167963 0.0854822 
0.0104013 -0.0185426 -0.000452848 0.000546976 -0.0185426 0.0893298 0.000550817 -0.00129707 -0.000452848 0.000550817 0.0088182 -0.0167975 0.000546976 -0.00129707 -0.0167975 0.0854394 
0.0103932 -0.0185549 -0.000439428 0.000498345 -0.0185549 0.0894038 0.000513264 -0.00123928 -0.000439428 0.000513264 0.00883704 -0.016827 0.000498345 -0.00123928 -0.016827 0.0855295 
0.0104602 -0.0186535 -0.000446086 0.000488225 -0.0186535 0.0899442 0.00050327 -0.00119724 -0.000446086 0.00050327 0.00890203 -0.0169518 0.000488225 -0.00119724 -0.0169518 0.0861156 
0.0103863 -0.0185316 -0.000449719 0.0004968 -0.0185316 0.089357 0.000502092 -0.00118603 -0.000449719 0.000502092 0.00885101 -0.016869 0.0004968 -0.00118603 -0.016869 0.0856531 
0.0103747 -0.0184941 -0.000451154 0.00051523 -0.0184941 0.0892019 0.000508909 -0.00121753 -0.000451154 0.000508909 0.00883002 -0.0168509 0.00051523 -0.00121753 -0.0168509 0.0855719 
0.0104201 -0.0185915 -0.000439573 0.000510535 -0.0185915 0.0896372 0.000501661 -0.00121013 -0.000439573 0.000501661 0.00886152 -0.0169126 0.000510535 -0.00121013 -0.0169126 0.0859544 
0.0104277 -0.0186098 -0.000420843 0.00048901 -0.0186098 0.0897455 0.000485957 -0.00116767 -0.000420843 0.000485957 0.00887838 -0.0169162 0.00048901 -0.00116767 -0.0169162 0.0860095 
0.0103864 -0.0185029 -0.00035653 0.000458547 -0.0185029 0.0892643 0.000461746 -0.00110117 -0.00035653 0.000461746 0.00882303 -0.0168469 0.000458547 -0.00110117 -0.0168469 0.0855927 
0.0104391 -0.0185588 -0.000329803 0.000394696 -0.0185588 0.0894998 0.000401063 -0.000996849 -0.000329803 0.000401063 0.00882564 -0.016898 0.000394696 -0.000996849 -0.016898 0.0858867 
0.010463 -0.0185475 -0.000356042 0.000358291 -0.0185475 0.0893698 0.000362461 -0.000881724 -0.000356042 0.000362461 0.00877402 -0.016852 0.000358291 -0.000881724 -0.016852 0.0857531 
0.0105103 -0.0186443 -0.00036553 0.000391934 -0.0186443 0.0896668 0.000387699 -0.000877602 -0.00036553 0.000387699 0.00879432 -0.0168362 0.000391934 -0.000877602 -0.0168362 0.0858521 
0.0105093 -0.0186744 -0.000338946 0.000394831 -0.0186744 0.0897511 0.000386918 -0.000879276 -0.000338946 0.000386918 0.00879636 -0.0168244 0.000394831 -0.000879276 -0.0168244 0.0857617 
0.0105205 -0.0187174 -0.000326058 0.000361584 -0.0187174 0.089972 0.000352832 -0.000825634 -0.000326058 0.000352832 0.00881928 -0.0168537 0.000361584 -0.000825634 -0.0168537 0.0858814 
0.0104971 -0.0187013 -0.000323705 0.000348408 -0.0187013 0.0899524 0.000339763 -0.000778008 -0.000323705 0.000339763 0.00883817 -0.0168657 0.000348408 -0.000778008 -0.0168657 0.0858857 
0.0104143 -0.0185505 -0.000335201 0.000344604 -0.0185505 0.0893329 0.000336515 -0.000753736 -0.000335201 0.000336515 0.00878534 -0.0168002 0.000344604 -0.000753736 -0.0168002 0.0854478 
0.0104126 -0.0185327 -0.000353676 0.000347585 -0.0185327 0.0892757 0.000337073 -0.000734045 -0.000353676 0.000337073 0.00877032 -0.0167906 0.000347585 -0.000734045 -0.0167906 0.0854581 
0.0103715 -0.0185287 -0.000363136 0.000379878 -0.0185287 0.0892397 0.000371671 -0.00079358 -0.000363136 0.000371671 0.00879689 -0.0167614 0.000379878 -0.00079358 -0.0167614 0.0853869 
0.0103749 -0.0185277 -0.000366032 0.000394602 -0.0185277 0.0893845 0.000393591 -0.000860687 -0.000366032 0.000393591 0.00884242 -0.01683 0.000394602 -0.000860687 -0.01683 0.0856023 
0.0103978 -0.0185205 -0.000388309 0.000412424 -0.0185205 0.0894182 0.000419282 -0.000941147 -0.000388309 0.000419282 0.0088591 -0.0168927 0.000412424 -0.000941147 -0.0168927 0.0858122 
0.0103643 -0.018468 -0.000376739 0.000433129 -0.018468 0.0890807 0.000441297 -0.00100077 -0.000376739 0.000441297 0.00882715 -0.0168304 0.000433129 -0.00100077 -0.0168304 0.0855222 
0.0103899 -0.0185158 -0.000391587 0.000422707 -0.0185158 0.0892835 0.000428103 -0.00101221 -0.000391587 0.000428103 0.00882456 -0.0168577 0.000422707 -0.00101221 -0.0168577 0.0856692 
0.0103673 -0.0185474 -0.00039155 0.00043252 -0.0185474 0.0894105 0.000436576 -0.00101421 -0.00039155 0.000436576 0.00884612 -0.0168425 0.00043252 -0.00101421 -0.0168425 0.0856789 
0.0103101 -0.0185154 -0.000376173 0.000437835 -0.0185154 0.0893787 0.000440175 -0.00102934 -0.000376173 0.000440175 0.00889535 -0.0168383 0.000437835 -0.00102934 -0.0168383 0.0855989 
0.0103412 -0.0185613 -0.00033616 0.000423897 -0.0185613 0.0898134 0.000423157 -0.00101627 -0.00033616 0.000423157 0.00899271 -0.0170043 0.000423897 -0.00101627 -0.0170043 0.086199 
0.0103025 -0.0184735 -0.000317277 0.000365521 -0.0184735 0.0894687 0.000364224 -0.000905348 -0.000317277 0.000364224 0.00899575 -0.0170212 0.000365521 -0.000905348 -0.0170212 0.0861291 
0.0103066 -0.0184962 -0.000298056 0.00033557 -0.0184962 0.0895998 0.000335704 -0.000796648 -0.000298056 0.000335704 0.00903508 -0.0171086 0.00033557 -0.000796648 -0.0171086 0.0864916 
0.0102945 -0.018439 -0.000283526 0.00031167 -0.018439 0.0893881 0.000315128 -0.000724731 -0.000283526 0.000315128 0.00901091 -0.0171103 0.00031167 -0.000724731 -0.0171103 0.08647 
0.0102654 -0.0184236 -0.000278069 0.000296794 -0.0184236 0.0892659 0.000305258 -0.000686915 -0.000278069 0.000305258 0.00900804 -0.0170749 0.000296794 -0.000686915 -0.0170749 0.0863876 
0.0102548 -0.018388 -0.00026355 0.000277859 -0.018388 0.0891347 0.000289969 -0.000633277 -0.00026355 0.000289969 0.00898878 -0.0170409 0.000277859 -0.000633277 -0.0170409 0.0862194 
0.0102296 -0.0183642 -0.000273981 0.000267653 -0.0183642 0.0889945 0.000281223 -0.000608668 -0.000273981 0.000281223 0.00898732 -0.017002 0.000267653 -0.000608668 -0.017002 0.086038 
0.0102758 -0.0183886 -0.000277526 0.000278371 -0.0183886 0.0891662 0.000284997 -0.000602626 -0.000277526 0.000284997 0.00897522 -0.0170652 0.000278371 -0.000602626 -0.0170652 0.0862629 
0.0103233 -0.0184466 -0.000291008 0.0002957 -0.0184466 0.0893521 0.000292019 -0.000634463 -0.000291008 0.000292019 0.00894725 -0.017067 0.0002957 -0.000634463 -0.017067 0.0864152 
0.01039 -0.0184812 -0.000298522 0.000317126 -0.0184812 0.0894169 0.000304751 -0.00067408 -0.000298522 0.000304751 0.00886492 -0.0170053 0.000317126 -0.00067408 -0.0170053 0.0862963 
0.0103961 -0.0185694 -0.000317712 0.000327814 -0.0185694 0.0895843 0.000317244 -0.000710488 -0.000317712 0.000317244 0.00885376 -0.0168872 0.000327814 -0.000710488 -0.0168872 0.0860323 
0.0103711 -0.0185986 -0.000323837 0.000351265 -0.0185986 0.0897749 0.000346143 -0.000767752 -0.000323837 0.000346143 0.00889005 -0.0168807 0.000351265 -0.000767752 -0.0168807 0.0859444 
0.0103552 -0.0185699 -0.00034595 0.000366778 -0.0185699 0.0898215 0.000369725 -0.000839626 -0.00034595 0.000369725 0.00892228 -0.0169397 0.000366778 -0.000839626 -0.0169397 0.0860565 
0.0102943 -0.0185404 -0.000395122 0.00039312 -0.0185404 0.0897676 0.000403499 -0.000917546 -0.000395122 0.000403499 0.00898949 -0.0169829 0.00039312 -0.000917546 -0.0169829 0.0861888 
0.0101915 -0.018393 -0.000427577 0.000445646 -0.018393 0.0892667 0.000453279 -0.00101951 -0.000427577 0.000453279 0.00901191 -0.0169856 0.000445646 -0.00101951 -0.0169856 0.0859864 
0.0101459 -0.0183052 -0.000431641 0.000480968 -0.0183052 0.0890203 0.000478153 -0.00110012 -0.000431641 0.000478153 0.0090514 -0.0170392 0.000480968 -0.00110012 -0.0170392 0.0860821 
0.0101935 -0.0183312 -0.00040091 0.000479698 -0.0183312 0.0892211 0.000471844 -0.00111331 -0.00040091 0.000471844 0.00909797 -0.017154 0.000479698 -0.00111331 -0.017154 0.0865422 
