0.00729854 0 0.000551752 0 0 0.00987847 0 0 0.000551752 0 0.00694962 0 0 0 0 0.00987847 
0.0103292 -0.0128165 0.000801638 -0.000973137 -0.0128165 0.0336568 -0.000973137 0.001866 0.000801638 -0.000973137 0.00988497 -0.012278 -0.000973137 0.001866 -0.012278 0.032625 
0.0103745 -0.0191956 0.000697847 -0.00106264 -0.0191956 0.0704325 -0.00106264 0.00329992 0.000697847 -0.00106264 0.00995035 -0.0186879 -0.00106264 0.00329992 -0.0186879 0.068878 
0.00977101 -0.0185705 0.000617876 -0.000708405 -0.0185705 0.0827228 -0.000713388 0.00228274 0.000617876 -0.000713388 0.00926308 -0.0182274 -0.000708405 0.00228274 -0.0182274 0.0819727 
0.00978394 -0.0179921 0.000621061 -0.000678505 -0.0179921 0.0858092 -0.000688012 0.00193181 0.000621061 -0.000688012 0.0092083 -0.0175191 -0.000678505 0.00193181 -0.0175191 0.0851628 
0.0100239 -0.0180768 0.000620836 -0.000718949 -0.0180768 0.0875766 -0.00071995 0.00196197 0.000620836 -0.00071995 0.00938102 -0.0174888 -0.000718949 0.00196197 -0.0174888 0.0866079 
0.0101433 -0.0182488 0.000613585 -0.000704007 -0.0182488 0.088479 -0.00069466 0.00189471 0.000613585 -0.00069466 0.00947358 -0.0175492 -0.000704007 0.00189471 -0.0175492 0.0871217 
0.0101725 -0.018368 0.00061479 -0.000704161 -0.018368 0.0891315 -0.000693594 0.00183906 0.00061479 -0.000693594 0.00956355 -0.017657 -0.000704161 0.00183906 -0.017657 0.0876181 
0.0101301 -0.0182852 0.000627719 -0.000691423 -0.0182852 0.0889302 -0.000684388 0.0017696 0.000627719 -0.000684388 0.0095483 -0.01766 -0.000691423 0.0017696 -0.01766 0.0875129 
0.0100571 -0.0181854 0.000659799 -0.000713135 -0.0181854 0.0884978 -0.000712675 0.00178809 0.000659799 -0.000712675 0.00951716 -0.0175864 -0.000713135 0.00178809 -0.0175864 0.0871729 
0.0100572 -0.0181667 0.000648216 -0.000758557 -0.0181667 0.0884925 -0.000766348 0.00189005 0.000648216 -0.000766348 0.00953351 -0.0176153 -0.000758557 0.00189005 -0.0176153 0.0872738 
0.0101081 -0.0182584 0.000641201 -0.000745921 -0.0182584 0.0889096 -0.000760154 0.00193248 0.000641201 -0.000760154 0.00957008 -0.0177038 -0.000745921 0.00193248 -0.0177038 0.0877067 
0.0100921 -0.0182325 0.000625119 -0.000719246 -0.0182325 0.0887868 -0.000738633 0.00188228 0.000625119 -0.000738633 0.00956375 -0.0176844 -0.000719246 0.00188228 -0.0176844 0.0876225 
0.0101095 -0.0182828 0.000635925 -0.00070815 -0.0182828 0.089043 -0.000727262 0.00185142 0.000635925 -0.000727262 0.00958896 -0.0177486 -0.00070815 0.00185142 -0.0177486 0.0879174 
0.0100685 -0.0181722 0.000622875 -0.000711845 -0.0181722 0.0885342 -0.000728671 0.00183186 0.000622875 -0.000728671 0.00951673 -0.0176343 -0.000711845 0.00183186 -0.0176343 0.0873966 
0.0101268 -0.0182613 0.000615232 -0.000698435 -0.0182613 0.0889005 -0.000711114 0.00180091 0.000615232 -0.000711114 0.00954082 -0.0176797 -0.000698435 0.00180091 -0.0176797 0.0876854 
0.0101526 -0.0183467 0.000606842 -0.00068278 -0.0183467 0.0892242 -0.000688613 0.00174317 0.000606842 -0.000688613 0.00956066 -0.0176984 -0.00068278 0.00174317 -0.0176984 0.0878308 
0.0101419 -0.0182979 0.000591663 -0.000675352 -0.0182979 0.0890099 -0.000671309 0.00169688 0.000591663 -0.000671309 0.00951751 -0.0176351 -0.000675352 0.00169688 -0.0176351 0.0875024 
0.010162 -0.0183997 0.000583224 -0.000669183 -0.0183997 0.0894396 -0.000660855 0.00167562 0.000583224 -0.000660855 0.00959522 -0.0176995 -0.000669183 0.00167562 -0.0176995 0.0878362 
0.0100601 -0.0183143 0.000581336 -0.000657416 -0.0183143 0.089133 -0.00064794 0.00164762 0.000581336 -0.00064794 0.00963183 -0.0176851 -0.000657416 0.00164762 -0.0176851 0.0875908 
0.0100213 -0.0182972 0.000608428 -0.000658852 -0.0182972 0.0893263 -0.000645888 0.00163882 0.000608428 -0.000645888 0.00971805 -0.017842 -0.000658852 0.00163882 -0.017842 0.0881007 
0.00993852 -0.0181904 0.000625834 -0.000687035 -0.0181904 0.0890465 -0.000671844 0.00167125 0.000625834 -0.000671844 0.0097639 -0.0178884 -0.000687035 0.00167125 -0.0178884 0.088213 
0.00994126 -0.0180821 0.00062162 -0.000709205 -0.0180821 0.0887334 -0.000695612 0.00172751 0.00062162 -0.000695612 0.00973982 -0.0179316 -0.000709205 0.00172751 -0.0179316 0.088288 
0.0100159 -0.0181142 0.000644164 -0.000723777 -0.0181142 0.088746 -0.000712982 0.00180333 0.000644164 -0.000712982 0.00968355 -0.0179268 -0.000723777 0.00180333 -0.0179268 0.0884006 
0.0100418 -0.0181851 0.000660751 -0.000734697 -0.0181851 0.088825 -0.000729335 0.0018322 0.000660751 -0.000729335 0.00965418 -0.0178439 -0.000734697 0.0018322 -0.0178439 0.0882557 
0.0100279 -0.018166 0.00065517 -0.000747386 -0.018166 0.0886528 -0.000747601 0.00186327 0.00065517 -0.000747601 0.00962131 -0.0177408 -0.000747386 0.00186327 -0.0177408 0.0878115 
0.0100377 -0.0182741 0.000653198 -0.000745159 -0.0182741 0.0891484 -0.000744159 0.00187632 0.000653198 -0.000744159 0.00969099 -0.0178208 -0.000745159 0.00187632 -0.0178208 0.0881556 
0.0100239 -0.0181846 0.000650862 -0.000752368 -0.0181846 0.0889045 -0.00075281 0.00190349 0.000650862 -0.00075281 0.00967645 -0.0178277 -0.000752368 0.00190349 -0.0178277 0.0880418 
0.0100299 -0.0182127 0.000646257 -0.000743052 -0.0182127 0.0889772 -0.000745192 0.0018954 0.000646257 -0.000745192 0.00970776 -0.0178565 -0.000743052 0.0018954 -0.0178565 0.0881955 
0.00997102 -0.018054 0.000642412 -0.000728415 -0.018054 0.088252 -0.000728817 0.00185512 0.000642412 -0.000728817 0.00960094 -0.0177585 -0.000728415 0.00185512 -0.0177585 0.0876172 
0.0100313 -0.0182071 0.000645594 -0.000725034 -0.0182071 0.0889176 -0.000724471 0.00183048 0.000645594 -0.000724471 0.00966499 -0.017856 -0.000725034 0.00183048 -0.017856 0.0882699 
0.0100177 -0.0181494 0.000630435 -0.000728777 -0.0181494 0.0887043 -0.000730181 0.00183139 0.000630435 -0.000730181 0.00963484 -0.017809 -0.000728777 0.00183139 -0.017809 0.0880604 
0.0100357 -0.01817 0.000621386 -0.000712987 -0.01817 0.0887383 -0.000721326 0.00182298 0.000621386 -0.000721326 0.00962833 -0.0177912 -0.000712987 0.00182298 -0.0177912 0.0880273 
0.0100006 -0.0180951 0.000636787 -0.000691327 -0.0180951 0.0882981 -0.000703514 0.00177478 0.000636787 -0.000703514 0.00955623 -0.0176683 -0.000691327 0.00177478 -0.0176683 0.0874539 
0.0100829 -0.0182661 0.00062503 -0.00071551 -0.0182661 0.089054 -0.00072583 0.00179259 0.00062503 -0.00072583 0.00963818 -0.0177699 -0.00071551 0.00179259 -0.0177699 0.0880121 
0.0100696 -0.0182813 0.000625095 -0.00070566 -0.0182813 0.0891094 -0.000708554 0.00178929 0.000625095 -0.000708554 0.00967996 -0.0177629 -0.00070566 0.00178929 -0.0177629 0.0879149 
0.010054 -0.0182884 0.000625611 -0.000692998 -0.0182884 0.0892079 -0.000690171 0.00173748 0.000625611 -0.000690171 0.00973564 -0.0178317 -0.000692998 0.00173748 -0.0178317 0.0880432 
0.00995705 -0.0181299 0.000605446 -0.000700337 -0.0181299 0.0885377 -0.0006992 0.00174144 0.000605446 -0.0006992 0.00971756 -0.0177722 -0.000700337 0.00174144 -0.0177722 0.0875654 
0.00995982 -0.0181181 0.000589155 -0.000685356 -0.0181181 0.0885939 -0.000683406 0.00173565 0.000589155 -0.000683406 0.00974412 -0.017881 -0.000685356 0.00173565 -0.017881 0.0879257 
0.00997741 -0.0181189 0.000618236 -0.000660304 -0.0181189 0.0886419 -0.000656877 0.00168061 0.000618236 -0.000656877 0.00975798 -0.017939 -0.000660304 0.00168061 -0.017939 0.088226 
0.00994055 -0.0180543 0.000634575 -0.00068671 -0.0180543 0.0882708 -0.00067929 0.00168014 0.000634575 -0.00067929 0.00973398 -0.0178556 -0.00068671 0.00168014 -0.0178556 0.0879035 
0.00994465 -0.0181219 0.000679356 -0.000711257 -0.0181219 0.0885642 -0.000706032 0.00173658 0.000679356 -0.000706032 0.00976653 -0.0179081 -0.000711257 0.00173658 -0.0179081 0.0881376 
0.00994983 -0.0181028 0.000709313 -0.000770705 -0.0181028 0.0885716 -0.000775031 0.00187225 0.000709313 -0.000775031 0.0097505 -0.017907 -0.000770705 0.00187225 -0.017907 0.0881238 
0.0100022 -0.018157 0.000727826 -0.000816464 -0.018157 0.0888096 -0.000824567 0.0020222 0.000727826 -0.000824567 0.0097382 -0.0179327 -0.000816464 0.0020222 -0.0179327 0.0883176 
0.0100187 -0.0182274 0.000729357 -0.000844689 -0.0182274 0.089065 -0.000854449 0.00213315 0.000729357 -0.000854449 0.00978042 -0.0179339 -0.000844689 0.00213315 -0.0179339 0.0884535 
0.0099831 -0.0181905 0.000711137 -0.00083667 -0.0181905 0.0889722 -0.000844402 0.002148 0.000711137 -0.000844402 0.00980886 -0.0179526 -0.00083667 0.002148 -0.0179526 0.0884123 
0.00993032 -0.0181122 0.000695632 -0.000808666 -0.0181122 0.0886889 -0.000811334 0.00209215 0.000695632 -0.000811334 0.00980382 -0.0179549 -0.000808666 0.00209215 -0.0179549 0.0883 
0.00989643 -0.0180193 0.00067985 -0.00077692 -0.0180193 0.0883146 -0.000776555 0.00199338 0.00067985 -0.000776555 0.00975953 -0.0179149 -0.00077692 0.00199338 -0.0179149 0.0880818 
0.00989309 -0.0179688 0.000659316 -0.000763314 -0.0179688 0.088041 -0.00076595 0.0019426 0.000659316 -0.00076595 0.00971276 -0.0178544 -0.000763314 0.0019426 -0.0178544 0.0878559 
0.0099718 -0.018132 0.000656245 -0.000744004 -0.018132 0.0887284 -0.000751541 0.00190594 0.000656245 -0.000751541 0.00978715 -0.0179574 -0.000744004 0.00190594 -0.0179574 0.0884504 
0.00993542 -0.0181172 0.000688299 -0.000736215 -0.0181172 0.0886176 -0.000748479 0.00187927 0.000688299 -0.000748479 0.00978676 -0.0179107 -0.000736215 0.00187927 -0.0179107 0.0882049 
0.00993661 -0.0181633 0.000707649 -0.000780677 -0.0181633 0.0889292 -0.000794219 0.00194695 0.000707649 -0.000794219 0.00985267 -0.0179919 -0.000780677 0.00194695 -0.0179919 0.0885053 
0.00988486 -0.0180959 0.000698294 -0.000806523 -0.0180959 0.0887361 -0.000815294 0.00202274 0.000698294 -0.000815294 0.00990129 -0.0180066 -0.000806523 0.00202274 -0.0180066 0.0884454 
0.00988962 -0.018058 0.000680795 -0.000794214 -0.018058 0.0886882 -0.000798258 0.00202594 0.000680795 -0.000798258 0.00992152 -0.018105 -0.000794214 0.00202594 -0.018105 0.0886905 
0.0098795 -0.0180057 0.000669649 -0.000765143 -0.0180057 0.0883947 -0.000767251 0.00196277 0.000669649 -0.000767251 0.00989552 -0.0180744 -0.000765143 0.00196277 -0.0180744 0.0885619 
0.00989544 -0.018051 0.00067544 -0.000748598 -0.018051 0.0885198 -0.00074943 0.00190186 0.00067544 -0.00074943 0.00990044 -0.018086 -0.000748598 0.00190186 -0.018086 0.0886628 
0.00989361 -0.018093 0.000655152 -0.000758479 -0.018093 0.0886899 -0.000757364 0.00189479 0.000655152 -0.000757364 0.00993278 -0.0180879 -0.000758479 0.00189479 -0.0180879 0.0887123 
0.00986409 -0.018042 0.000639594 -0.000734751 -0.018042 0.0884919 -0.000733872 0.00186327 0.000639594 -0.000733872 0.00992992 -0.0180494 -0.000734751 0.00186327 -0.0180494 0.0884449 
0.00982659 -0.0180279 0.000662083 -0.000710813 -0.0180279 0.0884505 -0.000713737 0.00180865 0.000662083 -0.000713737 0.00993211 -0.0180673 -0.000710813 0.00180865 -0.0180673 0.0884299 
0.0098205 -0.0180244 0.00069992 -0.000745166 -0.0180244 0.0885536 -0.000749915 0.00184875 0.00069992 -0.000749915 0.00994184 -0.0181001 -0.000745166 0.00184875 -0.0181001 0.0885805 
0.00982191 -0.0179606 0.000693137 -0.000792556 -0.0179606 0.088311 -0.000798881 0.00194974 0.000693137 -0.000798881 0.00991275 -0.0180547 -0.000792556 0.00194974 -0.0180547 0.0883821 
0.00982477 -0.0179408 0.000671968 -0.000777754 -0.0179408 0.0881233 -0.000787557 0.00197295 0.000671968 -0.000787557 0.00986914 -0.0180143 -0.000777754 0.00197295 -0.0180143 0.0881959 
0.00983682 -0.0180033 0.000658896 -0.000761186 -0.0180033 0.088321 -0.00076501 0.00194988 0.000658896 -0.00076501 0.00986754 -0.0180033 -0.000761186 0.00194988 -0.0180033 0.0882483 
0.00982971 -0.0180056 0.000654109 -0.000740808 -0.0180056 0.0883706 -0.000740214 0.00189359 0.000654109 -0.000740214 0.00984892 -0.0179865 -0.000740808 0.00189359 -0.0179865 0.0881999 
0.00978267 -0.0179837 0.000661489 -0.000737727 -0.0179837 0.0883079 -0.000737902 0.00186725 0.000661489 -0.000737902 0.00987493 -0.017951 -0.000737727 0.00186725 -0.017951 0.088089 
0.00974746 -0.017942 0.000682093 -0.000744553 -0.017942 0.0882896 -0.000746676 0.00186906 0.000682093 -0.000746676 0.0099236 -0.0180159 -0.000744553 0.00186906 -0.0180159 0.0882385 
0.00976507 -0.0179263 0.000711155 -0.000778026 -0.0179263 0.0883654 -0.00078142 0.00193619 0.000711155 -0.00078142 0.00994625 -0.0181203 -0.000778026 0.00193619 -0.0181203 0.088613 
0.0097529 -0.0179584 0.000727052 -0.000811495 -0.0179584 0.0884902 -0.000818452 0.00202011 0.000727052 -0.000818452 0.00999162 -0.0181564 -0.000811495 0.00202011 -0.0181564 0.0888719 
0.00972671 -0.0179314 0.000720666 -0.000821491 -0.0179314 0.0884716 -0.00082909 0.00206044 0.000720666 -0.00082909 0.010026 -0.0181871 -0.000821491 0.00206044 -0.0181871 0.0889588 
0.00969465 -0.0178578 0.000709865 -0.000818636 -0.0178578 0.0882064 -0.000830055 0.00208134 0.000709865 -0.000830055 0.0100445 -0.0181854 -0.000818636 0.00208134 -0.0181854 0.0888538 
0.00973663 -0.0178742 0.000694681 -0.000803811 -0.0178742 0.0882937 -0.000816458 0.00206159 0.000694681 -0.000816458 0.0100769 -0.0182584 -0.000803811 0.00206159 -0.0182584 0.089088 
0.00972173 -0.0178155 0.000699935 -0.00079584 -0.0178155 0.0878493 -0.000804525 0.00204734 0.000699935 -0.000804525 0.0100294 -0.0181645 -0.00079584 0.00204734 -0.0181645 0.0886154 
0.0097407 -0.0178736 0.000702939 -0.000792253 -0.0178736 0.0880169 -0.000794161 0.00201308 0.000702939 -0.000794161 0.0100318 -0.018195 -0.000792253 0.00201308 -0.018195 0.0887246 
0.00973953 -0.0178574 0.000701317 -0.000798439 -0.0178574 0.0879461 -0.000793152 0.00200639 0.000701317 -0.000793152 0.0100156 -0.0181763 -0.000798439 0.00200639 -0.0181763 0.0886442 
0.00969561 -0.0178556 0.000677873 -0.000795962 -0.0178556 0.0878814 -0.000791492 0.00200484 0.000677873 -0.000791492 0.0100183 -0.0181333 -0.000795962 0.00200484 -0.0181333 0.0884897 
0.00964226 -0.0178144 0.000659787 -0.000750368 -0.0178144 0.0878155 -0.000754596 0.00192425 0.000659787 -0.000754596 0.0100259 -0.0181354 -0.000750368 0.00192425 -0.0181354 0.0884299 
0.00968485 -0.0178815 0.00066224 -0.000726157 -0.0178815 0.0883466 -0.000733609 0.00184777 0.00066224 -0.000733609 0.0101002 -0.0182939 -0.000726157 0.00184777 -0.0182939 0.0891377 
0.00966352 -0.017792 0.000671635 -0.000734324 -0.017792 0.0879872 -0.000737526 0.00183255 0.000671635 -0.000737526 0.0100457 -0.0182528 -0.000734324 0.00183255 -0.0182528 0.08895 
0.00964142 -0.0177195 0.000654231 -0.000759427 -0.0177195 0.0875549 -0.000758703 0.00188051 0.000654231 -0.000758703 0.00998133 -0.0181319 -0.000759427 0.00188051 -0.0181319 0.0885001 
0.0096815 -0.0177491 0.000658835 -0.000750962 -0.0177491 0.0875897 -0.000749768 0.00190654 0.000658835 -0.000749768 0.00994165 -0.018097 -0.000750962 0.00190654 -0.018097 0.0883901 
0.00968359 -0.0177839 0.000668793 -0.000752482 -0.0177839 0.0876303 -0.000755163 0.00191328 0.000668793 -0.000755163 0.00993298 -0.0180525 -0.000752482 0.00191328 -0.0180525 0.0882648 
0.00971808 -0.0178732 0.000659137 -0.000758639 -0.0178732 0.0880531 -0.000759708 0.00191437 0.000659137 -0.000759708 0.00998742 -0.0181053 -0.000758639 0.00191437 -0.0181053 0.0885276 
0.00969879 -0.0179058 0.000666709 -0.000750426 -0.0179058 0.088226 -0.000748122 0.00190466 0.000666709 -0.000748122 0.01003 -0.0181365 -0.000750426 0.00190466 -0.0181365 0.0886061 
0.0096306 -0.0177789 0.000654587 -0.000754994 -0.0177789 0.087775 -0.000749223 0.00189419 0.000654587 -0.000749223 0.0100034 -0.0181099 -0.000754994 0.00189419 -0.0181099 0.0883126 
0.00971095 -0.0178641 0.000636635 -0.000737681 -0.0178641 0.0883007 -0.000726106 0.00185146 0.000636635 -0.000726106 0.0100481 -0.0182796 -0.000737681 0.00185146 -0.0182796 0.0890955 
0.00970873 -0.01783 0.000622736 -0.000716566 -0.01783 0.0880564 -0.000704998 0.00180053 0.000622736 -0.000704998 0.0099833 -0.0182073 -0.000716566 0.00180053 -0.0182073 0.0889073 
0.0097113 -0.0177998 0.000629365 -0.000695515 -0.0177998 0.0878232 -0.000686681 0.00174566 0.000629365 -0.000686681 0.009899 -0.0181029 -0.000695515 0.00174566 -0.0181029 0.0885633 
0.00968267 -0.0178343 0.000629371 -0.000710271 -0.0178343 0.0878737 -0.000704739 0.00175711 0.000629371 -0.000704739 0.00991108 -0.0180267 -0.000710271 0.00175711 -0.0180267 0.0883837 
0.00967955 -0.0178554 0.000634509 -0.000714556 -0.0178554 0.0881403 -0.000713205 0.00178542 0.000634509 -0.000713205 0.00995206 -0.0181129 -0.000714556 0.00178542 -0.0181129 0.0886665 
0.00963278 -0.017775 0.000630302 -0.000714974 -0.017775 0.0878666 -0.000711952 0.00178774 0.000630302 -0.000711952 0.00993103 -0.0180846 -0.000714974 0.00178774 -0.0180846 0.088518 
0.00963845 -0.0177703 0.000646267 -0.00071792 -0.0177703 0.0879039 -0.000713537 0.00179825 0.000646267 -0.000713537 0.00992468 -0.0180992 -0.00071792 0.00179825 -0.0180992 0.0886266 
0.00960222 -0.017733 0.000655473 -0.000727901 -0.017733 0.0876881 -0.000728609 0.00180912 0.000655473 -0.000728609 0.00991711 -0.01801 -0.000727901 0.00180912 -0.01801 0.0882997 
0.00963693 -0.0178011 0.000631921 -0.000733833 -0.0178011 0.0880673 -0.000737692 0.00182094 0.000631921 -0.000737692 0.00998753 -0.0180922 -0.000733833 0.00182094 -0.0180922 0.088604 
0.00958826 -0.0177854 0.000604809 -0.000708024 -0.0177854 0.0880103 -0.000711674 0.00179224 0.000604809 -0.000711674 0.0100257 -0.0181169 -0.000708024 0.00179224 -0.0181169 0.0885856 
0.00959269 -0.0177735 0.000582183 -0.000667587 -0.0177735 0.08813 -0.0006736 0.00170464 0.000582183 -0.0006736 0.0100584 -0.0182211 -0.000667587 0.00170464 -0.0182211 0.0889165 
0.00955673 -0.0177136 0.000575146 -0.000638974 -0.0177136 0.0878702 -0.000653227 0.00163223 0.000575146 -0.000653227 0.0100521 -0.0182003 -0.000638974 0.00163223 -0.0182003 0.0888246 
0.00948665 -0.0176284 0.000559005 -0.000633254 -0.0176284 0.0874829 -0.000654911 0.00161016 0.000559005 -0.000654911 0.0100629 -0.0181506 -0.000633254 0.00161016 -0.0181506 0.0885506 
0.00945945 -0.0175793 0.000564901 -0.000609252 -0.0175793 0.0873782 -0.000630304 0.00156125 0.000564901 -0.000630304 0.0100938 -0.0182212 -0.000609252 0.00156125 -0.0182212 0.0887021 
0.00953793 -0.0176293 0.000587928 -0.000629882 -0.0176293 0.0876923 -0.000641314 0.00157244 0.000587928 -0.000641314 0.0101157 -0.0183495 -0.000629882 0.00157244 -0.0183495 0.089258 
0.00951461 -0.0175767 0.000605327 -0.000663516 -0.0175767 0.0872471 -0.000668312 0.00163496 0.000605327 -0.000668312 0.0100413 -0.0182148 -0.000663516 0.00163496 -0.0182148 0.0887639 
0.00957242 -0.0176815 0.000630087 -0.000688194 -0.0176815 0.0876557 -0.000688535 0.00169923 0.000630087 -0.000688535 0.0100556 -0.018245 -0.000688194 0.00169923 -0.018245 0.0889902 
0.00961282 -0.0177364 0.000630664 -0.000714196 -0.0177364 0.0878736 -0.000717732 0.00176298 0.000630664 -0.000717732 0.0100627 -0.0182519 -0.000714196 0.00176298 -0.0182519 0.0890649 
0.00956825 -0.01765 0.000620358 -0.000699859 -0.01765 0.0873696 -0.00070483 0.0017528 0.000620358 -0.00070483 0.00997705 -0.0181159 -0.000699859 0.0017528 -0.0181159 0.0884216 
0.00963468 -0.0177312 0.000646426 -0.000705117 -0.0177312 0.0877107 -0.000712343 0.00177565 0.000646426 -0.000712343 0.00995825 -0.0181347 -0.000705117 0.00177565 -0.0181347 0.0885884 
0.0096622 -0.0177928 0.000655998 -0.000726526 -0.0177928 0.0878879 -0.000733588 0.00180512 0.000655998 -0.000733588 0.00992919 -0.0180822 -0.000726526 0.00180512 -0.0180822 0.0884979 
0.00963452 -0.0177565 0.000627604 -0.000727093 -0.0177565 0.0876728 -0.000732336 0.00180621 0.000627604 -0.000732336 0.00986826 -0.017966 -0.000727093 0.00180621 -0.017966 0.0880243 
0.00964765 -0.0178732 0.000607675 -0.0007069 -0.0178732 0.0882493 -0.000706911 0.00178304 0.000607675 -0.000706911 0.00996031 -0.0180325 -0.0007069 0.00178304 -0.0180325 0.0884057 
0.00954519 -0.0177602 0.000577174 -0.000678267 -0.0177602 0.0878812 -0.000669242 0.00170523 0.000577174 -0.000669242 0.010003 -0.018004 -0.000678267 0.00170523 -0.018004 0.0880817 
0.00955423 -0.0177888 0.000570871 -0.000646332 -0.0177888 0.0882713 -0.000631805 0.00161901 0.000570871 -0.000631805 0.0101304 -0.0182164 -0.000646332 0.00161901 -0.0182164 0.0888027 
0.0095115 -0.0177067 0.000577756 -0.000637195 -0.0177067 0.0880178 -0.000622832 0.00157052 0.000577756 -0.000622832 0.0101536 -0.0182947 -0.000637195 0.00157052 -0.0182947 0.0889794 
0.00953589 -0.0176326 0.000584504 -0.000650288 -0.0176326 0.0877453 -0.000639419 0.00158526 0.000584504 -0.000639419 0.0100985 -0.0183257 -0.000650288 0.00158526 -0.0183257 0.0890752 
0.00947786 -0.0175584 0.000613227 -0.00066868 -0.0175584 0.0871729 -0.000662097 0.00164677 0.000613227 -0.000662097 0.0100088 -0.0181603 -0.00066868 0.00164677 -0.0181603 0.0885065 
0.00947128 -0.0175737 0.000617942 -0.000702164 -0.0175737 0.0872355 -0.000694638 0.00171815 0.000617942 -0.000694638 0.00998992 -0.0181237 -0.000702164 0.00171815 -0.0181237 0.0884366 
0.0094965 -0.0175618 0.000611076 -0.000703433 -0.0175618 0.0872277 -0.000695957 0.00174518 0.000611076 -0.000695957 0.00994687 -0.0180964 -0.000703433 0.00174518 -0.0180964 0.0883582 
0.00954918 -0.0176394 0.000576928 -0.000684802 -0.0176394 0.0874903 -0.000684426 0.00171851 0.000576928 -0.000684426 0.00997574 -0.0180822 -0.000684802 0.00171851 -0.0180822 0.0884448 
0.00957416 -0.0177294 0.000566807 -0.000647632 -0.0177294 0.0878156 -0.000650619 0.00165772 0.000566807 -0.000650619 0.0100019 -0.018114 -0.000647632 0.00165772 -0.018114 0.0885524 
0.00951745 -0.0177085 0.000560438 -0.000628187 -0.0177085 0.0877572 -0.00063077 0.00158855 0.000560438 -0.00063077 0.0100322 -0.0181053 -0.000628187 0.00158855 -0.0181053 0.0884443 
0.0094905 -0.0176177 0.000558834 -0.000624274 -0.0176177 0.0875102 -0.000623808 0.00155539 0.000558834 -0.000623808 0.010039 -0.0181292 -0.000624274 0.00155539 -0.0181292 0.0883767 
0.00949594 -0.0175849 0.000551234 -0.000619663 -0.0175849 0.0873663 -0.00062332 0.00154137 0.000551234 -0.00062332 0.0100395 -0.0181653 -0.000619663 0.00154137 -0.0181653 0.0884742 
0.0094764 -0.0175837 0.000548649 -0.000600482 -0.0175837 0.0872777 -0.000608528 0.00150137 0.000548649 -0.000608528 0.0100426 -0.0181609 -0.000600482 0.00150137 -0.0181609 0.0884829 
0.0095089 -0.0176647 0.00056883 -0.000615018 -0.0176647 0.0876996 -0.000623167 0.00152692 0.00056883 -0.000623167 0.0100822 -0.0182478 -0.000615018 0.00152692 -0.0182478 0.0889075 
0.00951916 -0.0176742 0.000581984 -0.000632786 -0.0176742 0.0878059 -0.00064068 0.00156019 0.000581984 -0.00064068 0.0100816 -0.0182658 -0.000632786 0.00156019 -0.0182658 0.0890278 
0.0094926 -0.0176727 0.000571527 -0.000649325 -0.0176727 0.0878312 -0.000660191 0.00160644 0.000571527 -0.000660191 0.0101168 -0.0182733 -0.000649325 0.00160644 -0.0182733 0.0891005 
0.00942376 -0.0175075 0.000574911 -0.000631343 -0.0175075 0.0871281 -0.000641966 0.00159373 0.000574911 -0.000641966 0.0100195 -0.0181639 -0.000631343 0.00159373 -0.0181639 0.0884858 
0.00943736 -0.0175306 0.000597738 -0.000645354 -0.0175306 0.0872363 -0.000653968 0.0016105 0.000597738 -0.000653968 0.010027 -0.0181793 -0.000645354 0.0016105 -0.0181793 0.0886618 
0.00947972 -0.0175138 0.000629757 -0.000674496 -0.0175138 0.087137 -0.000678318 0.00165975 0.000629757 -0.000678318 0.0099634 -0.0181296 -0.000674496 0.00165975 -0.0181296 0.0884933 
0.00952611 -0.0175519 0.000634845 -0.000721601 -0.0175519 0.0871258 -0.00071629 0.00175223 0.000634845 -0.00071629 0.0099016 -0.0180511 -0.000721601 0.00175223 -0.0180511 0.0882859 
0.00958924 -0.0176819 0.000646119 -0.000729814 -0.0176819 0.0875742 -0.000715031 0.00179546 0.000646119 -0.000715031 0.00989216 -0.0180452 -0.000729814 0.00179546 -0.0180452 0.0884213 
0.00958131 -0.0176976 0.000641792 -0.000733623 -0.0176976 0.087577 -0.000717655 0.00179797 0.000641792 -0.000717655 0.0098645 -0.0179544 -0.000733623 0.00179797 -0.0179544 0.088102 
0.00956322 -0.0177163 0.000639583 -0.000735241 -0.0177163 0.0876919 -0.00072528 0.00181764 0.000639583 -0.00072528 0.00989089 -0.0179451 -0.000735241 0.00181764 -0.0179451 0.0880397 
0.0095248 -0.0176568 0.000629543 -0.00073373 -0.0176568 0.0874984 -0.000727774 0.0018309 0.000629543 -0.000727774 0.00989639 -0.0179265 -0.00073373 0.0018309 -0.0179265 0.0878381 
0.00963442 -0.0177684 0.000602506 -0.00071715 -0.0177684 0.088145 -0.000713253 0.00180355 0.000602506 -0.000713253 0.00996486 -0.0181196 -0.00071715 0.00180355 -0.0181196 0.0886489 
0.00963399 -0.0177179 0.000579034 -0.000669411 -0.0177179 0.0877533 -0.000670644 0.00170908 0.000579034 -0.000670644 0.0099028 -0.0180376 -0.000669411 0.00170908 -0.0180376 0.0883112 
0.00965693 -0.0178063 0.000558336 -0.000634347 -0.0178063 0.0880349 -0.000635894 0.00160254 0.000558336 -0.000635894 0.00995962 -0.0180722 -0.000634347 0.00160254 -0.0180722 0.0885447 
0.0096093 -0.0177737 0.000547487 -0.000615845 -0.0177737 0.0879028 -0.000610987 0.00153374 0.000547487 -0.000610987 0.00998488 -0.0180863 -0.000615845 0.00153374 -0.0180863 0.0884733 
0.00960415 -0.0177526 0.00056343 -0.000614454 -0.0177526 0.0878991 -0.000606519 0.00151717 0.00056343 -0.000606519 0.00997713 -0.0181414 -0.000614454 0.00151717 -0.0181414 0.0886214 
0.00958575 -0.0177168 0.000570125 -0.000628046 -0.0177168 0.0877536 -0.000623027 0.001531 0.000570125 -0.000623027 0.00995145 -0.0181195 -0.000628046 0.001531 -0.0181195 0.0885914 
0.00962285 -0.017714 0.000565333 -0.000632636 -0.017714 0.08776 -0.000629782 0.00154662 0.000565333 -0.000629782 0.00990146 -0.018111 -0.000632636 0.00154662 -0.018111 0.0886256 
0.00964732 -0.0177161 0.000544276 -0.000633795 -0.0177161 0.0876288 -0.000631599 0.00156333 0.000544276 -0.000631599 0.00985106 -0.0180107 -0.000633795 0.00156333 -0.0180107 0.0883436 
0.00966368 -0.0177784 0.000528518 -0.000612132 -0.0177784 0.087784 -0.000610637 0.00154117 0.000528518 -0.000610637 0.00986887 -0.0179856 -0.000612132 0.00154117 -0.0179856 0.0882889 
0.0096613 -0.0178084 0.000518114 -0.000591014 -0.0178084 0.0879114 -0.000586583 0.00148987 0.000518114 -0.000586583 0.00989725 -0.0180017 -0.000591014 0.00148987 -0.0180017 0.0882928 
0.00967824 -0.017805 0.000521198 -0.000573448 -0.017805 0.0879241 -0.000567485 0.00143152 0.000521198 -0.000567485 0.00988928 -0.0180163 -0.000573448 0.00143152 -0.0180163 0.0882782 
0.00971908 -0.0178678 0.000553762 -0.000579168 -0.0178678 0.0881618 -0.000574761 0.00142021 0.000553762 -0.000574761 0.00991507 -0.018054 -0.000579168 0.00142021 -0.018054 0.0884779 
0.00970739 -0.0178457 0.000590304 -0.000615725 -0.0178457 0.087966 -0.000612966 0.00147636 0.000590304 -0.000612966 0.00985749 -0.0179853 -0.000615725 0.00147636 -0.0179853 0.0881481 
0.00970658 -0.0178419 0.00062444 -0.000662907 -0.0178419 0.0879357 -0.00066222 0.00158538 0.00062444 -0.00066222 0.00981522 -0.0179556 -0.000662907 0.00158538 -0.0179556 0.0880559 
0.0097501 -0.0179125 0.000642128 -0.00072013 -0.0179125 0.0883037 -0.000723148 0.00174594 0.000642128 -0.000723148 0.00983528 -0.0180044 -0.00072013 0.00174594 -0.0180044 0.088409 
0.00974028 -0.0178968 0.000651176 -0.000730922 -0.0178968 0.088223 -0.000733309 0.00181457 0.000651176 -0.000733309 0.00983215 -0.017959 -0.000730922 0.00181457 -0.017959 0.0882801 
0.00977484 -0.0179161 0.000662378 -0.00074045 -0.0179161 0.0883315 -0.000743266 0.00184864 0.000662378 -0.000743266 0.00983465 -0.017987 -0.00074045 0.00184864 -0.017987 0.0883808 
0.00973557 -0.0179318 0.000670204 -0.000743862 -0.0179318 0.0883385 -0.000750041 0.00185748 0.000670204 -0.000750041 0.00987631 -0.0179773 -0.000743862 0.00185748 -0.0179773 0.0883701 
0.00970083 -0.0179202 0.000675802 -0.000754576 -0.0179202 0.0884447 -0.000758928 0.00187583 0.000675802 -0.000758928 0.00995512 -0.0180597 -0.000754576 0.00187583 -0.0180597 0.088602 
