0.00761477 0 -0.000402243 0 0 0.00992054 0 0 -0.000402243 0 0.00667355 0 0 0 0 0.00992054 
0.0108233 -0.0134175 -0.000543794 0.000659868 -0.0134175 0.0348427 0.000659868 -0.00126606 -0.000543794 0.000659868 0.00943591 -0.0117325 0.000659868 -0.00126606 -0.0117325 0.0316118 
0.0107403 -0.0198249 -0.000468831 0.000670294 -0.0198249 0.0723861 0.000670294 -0.00207537 -0.000468831 0.000670294 0.00949251 -0.0179509 0.000670294 -0.00207537 -0.0179509 0.0665549 
0.0101026 -0.0190644 -0.000382988 0.000439257 -0.0190644 0.0845989 0.000447494 -0.0012704 -0.000382988 0.000447494 0.00897432 -0.0177795 0.000439257 -0.0012704 -0.0177795 0.080459 
0.0101088 -0.0184148 -0.00038862 0.000404042 -0.0184148 0.0874536 0.000416804 -0.000975172 -0.00038862 0.000416804 0.00897547 -0.0171697 0.000404042 -0.000975172 -0.0171697 0.083894 
0.0102883 -0.0184573 -0.000366681 0.000427753 -0.0184573 0.0889112 0.000443452 -0.00100139 -0.000366681 0.000443452 0.00915385 -0.0171475 0.000427753 -0.00100139 -0.0171475 0.0852897 
0.0103243 -0.0184888 -0.00034201 0.000398039 -0.0184888 0.0892467 0.000410923 -0.000988248 -0.00034201 0.000410923 0.00923036 -0.0172148 0.000398039 -0.000988248 -0.0172148 0.0857654 
0.0103708 -0.0185047 -0.000317396 0.000358708 -0.0185047 0.0894294 0.000364908 -0.000891837 -0.000317396 0.000364908 0.00925733 -0.0172909 0.000358708 -0.000891837 -0.0172909 0.0861888 
0.0104528 -0.0185666 -0.000316545 0.000335157 -0.0185666 0.0896409 0.000329961 -0.000801314 -0.000316545 0.000329961 0.00927294 -0.0173327 0.000335157 -0.000801314 -0.0173327 0.0865132 
0.0104912 -0.0186476 -0.000320547 0.000344155 -0.0186476 0.0897804 0.000327891 -0.000774991 -0.000320547 0.000327891 0.00925069 -0.0173158 0.000344155 -0.000774991 -0.0173158 0.086518 
0.010488 -0.0186874 -0.000308539 0.000353918 -0.0186874 0.0898574 0.000335921 -0.000788645 -0.000308539 0.000335921 0.00921972 -0.0172688 0.000353918 -0.000788645 -0.0172688 0.0863644 
0.0104486 -0.0186616 -0.000298862 0.000340596 -0.0186616 0.0897614 0.000325804 -0.000783039 -0.000298862 0.000325804 0.00922611 -0.0172131 0.000340596 -0.000783039 -0.0172131 0.0861244 
0.0105128 -0.0188072 -0.00029526 0.000319313 -0.0188072 0.0905338 0.000313838 -0.000744069 -0.00029526 0.000313838 0.00931077 -0.0173828 0.000319313 -0.000744069 -0.0173828 0.0868404 
0.0104382 -0.0186967 -0.000297658 0.00031113 -0.0186967 0.0900544 0.000313911 -0.000724483 -0.000297658 0.000313911 0.00924527 -0.0172834 0.00031113 -0.000724483 -0.0172834 0.0863466 
0.0104523 -0.0187173 -0.000300026 0.000312651 -0.0187173 0.0902398 0.000317164 -0.000717374 -0.000300026 0.000317164 0.00925694 -0.0173213 0.000312651 -0.000717374 -0.0173213 0.0865659 
0.0104801 -0.0187415 -0.000295073 0.000321865 -0.0187415 0.0904139 0.000321565 -0.000732075 -0.000295073 0.000321565 0.00923876 -0.0173606 0.000321865 -0.000732075 -0.0173606 0.0868016 
0.0104738 -0.0186941 -0.000252906 0.000314439 -0.0186941 0.0901849 0.000313071 -0.000725734 -0.000252906 0.000313071 0.00917057 -0.0172844 0.000314439 -0.000725734 -0.0172844 0.0865891 
0.01045 -0.0186111 -0.000231112 0.000275944 -0.0186111 0.0897214 0.000273404 -0.000677649 -0.000231112 0.000273404 0.00911748 -0.0171435 0.000275944 -0.000677649 -0.0171435 0.0860651 
0.0104607 -0.0186606 -0.000220274 0.000245824 -0.0186606 0.0898464 0.0002422 -0.000600177 -0.000220274 0.0002422 0.00914021 -0.0171464 0.000245824 -0.000600177 -0.0171464 0.0860783 
0.0104959 -0.0187718 -0.000250794 0.000238791 -0.0187718 0.0903837 0.000232596 -0.000562891 -0.000250794 0.000232596 0.00923951 -0.0172633 0.000238791 -0.000562891 -0.0172633 0.0865757 
0.010511 -0.0187873 -0.000250847 0.000279477 -0.0187873 0.090562 0.000270399 -0.000617787 -0.000250847 0.000270399 0.00928299 -0.017363 0.000279477 -0.000617787 -0.017363 0.0868812 
0.0104745 -0.0187208 -0.000227584 0.000279958 -0.0187208 0.0902806 0.000269838 -0.000652783 -0.000227584 0.000269838 0.00928774 -0.0173626 0.000279958 -0.000652783 -0.0173626 0.0868122 
0.0104612 -0.0187116 -0.000240511 0.000258006 -0.0187116 0.0902411 0.000253622 -0.000640377 -0.000240511 0.000253622 0.00932073 -0.0173867 0.000258006 -0.000640377 -0.0173867 0.0868791 
0.0104742 -0.0187003 -0.000255529 0.000264189 -0.0187003 0.0902212 0.000268176 -0.000638936 -0.000255529 0.000268176 0.00929874 -0.0174236 0.000264189 -0.000638936 -0.0174236 0.0869586 
0.0104864 -0.0187035 -0.000260841 0.000279573 -0.0187035 0.0901642 0.000288429 -0.000671879 -0.000260841 0.000288429 0.00926455 -0.0173793 0.000279573 -0.000671879 -0.0173793 0.0868663 
0.0104811 -0.0187133 -0.00026742 0.000284307 -0.0187133 0.0901474 0.000294041 -0.00069423 -0.00026742 0.000294041 0.00923017 -0.0173323 0.000284307 -0.00069423 -0.0173323 0.0867257 
0.0104831 -0.0187312 -0.000285962 0.000291328 -0.0187312 0.0902221 0.000303468 -0.000713413 -0.000285962 0.000303468 0.00919252 -0.0172855 0.000291328 -0.000713413 -0.0172855 0.0866034 
0.0104518 -0.0186883 -0.000275048 0.000307778 -0.0186883 0.0900343 0.000320509 -0.000736919 -0.000275048 0.000320509 0.00914666 -0.0171903 0.000307778 -0.000736919 -0.0171903 0.08625 
0.0104205 -0.0186404 -0.000248216 0.00029451 -0.0186404 0.0898388 0.00029726 -0.000712687 -0.000248216 0.00029726 0.00913741 -0.0171257 0.00029451 -0.000712687 -0.0171257 0.085968 
0.0104511 -0.0186899 -0.000257955 0.000281067 -0.0186899 0.0901283 0.000271047 -0.000682673 -0.000257955 0.000271047 0.00919122 -0.0172109 0.000281067 -0.000682673 -0.0172109 0.0862988 
0.0104149 -0.0186264 -0.000274685 0.000295855 -0.0186264 0.0897994 0.000282648 -0.000691438 -0.000274685 0.000282648 0.00916633 -0.0171534 0.000295855 -0.000691438 -0.0171534 0.0859749 
0.0104429 -0.018673 -0.000283208 0.000309914 -0.018673 0.0900387 0.000299992 -0.000716779 -0.000283208 0.000299992 0.00921115 -0.0172321 0.000309914 -0.000716779 -0.0172321 0.0862958 
0.0104732 -0.0187391 -0.000297768 0.000320908 -0.0187391 0.0903678 0.000316566 -0.000755066 -0.000297768 0.000316566 0.00926286 -0.017332 0.000320908 -0.000755066 -0.017332 0.0867298 
0.0104492 -0.0187472 -0.000333706 0.00032601 -0.0187472 0.0904406 0.00032617 -0.000769515 -0.000333706 0.00032617 0.00930208 -0.0173814 0.00032601 -0.000769515 -0.0173814 0.0869308 
0.0103462 -0.0186013 -0.000330184 0.00036316 -0.0186013 0.0898737 0.000364885 -0.00082622 -0.000330184 0.000364885 0.00925939 -0.0173338 0.00036316 -0.00082622 -0.0173338 0.0865944 
0.0103075 -0.0185154 -0.000311977 0.00036232 -0.0185154 0.0896246 0.000367142 -0.000860819 -0.000311977 0.000367142 0.00924618 -0.0173267 0.00036232 -0.000860819 -0.0173267 0.086579 
0.0103404 -0.0185246 -0.00030677 0.000341007 -0.0185246 0.089732 0.000346766 -0.00083751 -0.00030677 0.000346766 0.00924383 -0.0173649 0.000341007 -0.00083751 -0.0173649 0.0868226 
0.0103225 -0.0184802 -0.000314411 0.000326484 -0.0184802 0.0894331 0.00033492 -0.000792848 -0.000314411 0.00033492 0.00921692 -0.0172678 0.000326484 -0.000792848 -0.0172678 0.0864782 
0.0104082 -0.0186174 -0.000323299 0.000331661 -0.0186174 0.0900194 0.00034012 -0.00077461 -0.000323299 0.00034012 0.00928522 -0.0173591 0.000331661 -0.00077461 -0.0173591 0.0869203 
0.0103892 -0.0186157 -0.000320126 0.000342132 -0.0186157 0.0899224 0.000349485 -0.000784923 -0.000320126 0.000349485 0.00929477 -0.0173324 0.000342132 -0.000784923 -0.0173324 0.0867144 
0.0103674 -0.0185661 -0.000351193 0.00034945 -0.0185661 0.0897265 0.000351285 -0.000808702 -0.000351193 0.000351285 0.00928362 -0.0173371 0.00034945 -0.000808702 -0.0173371 0.0865805 
0.0103646 -0.0185894 -0.000370861 0.000379833 -0.0185894 0.0898101 0.000379065 -0.000852026 -0.000370861 0.000379065 0.00929109 -0.0173579 0.000379833 -0.000852026 -0.0173579 0.0866785 
0.0103338 -0.0185596 -0.00040166 0.000418109 -0.0185596 0.0896948 0.00041773 -0.000954895 -0.00040166 0.00041773 0.00928094 -0.0173238 0.000418109 -0.000954895 -0.0173238 0.0865328 
0.0103255 -0.0185415 -0.000414416 0.000455027 -0.0185415 0.0896955 0.000458938 -0.00105946 -0.000414416 0.000458938 0.00927397 -0.0173477 0.000455027 -0.00105946 -0.0173477 0.0866066 
0.0103181 -0.0184998 -0.000396848 0.000473131 -0.0184998 0.0895284 0.000476592 -0.00113335 -0.000396848 0.000476592 0.00923752 -0.0173085 0.000473131 -0.00113335 -0.0173085 0.0864783 
0.0103891 -0.0186623 -0.000380967 0.000442137 -0.0186623 0.0902406 0.000445604 -0.00109749 -0.000380967 0.000445604 0.00930102 -0.0173914 0.000442137 -0.00109749 -0.0173914 0.0870284 
0.0103492 -0.0185701 -0.000355624 0.000412773 -0.0185701 0.0898559 0.000413859 -0.00101287 -0.000355624 0.000413859 0.00925973 -0.0173177 0.000412773 -0.00101287 -0.0173177 0.0866277 
0.0103168 -0.0184953 -0.00035942 0.000392599 -0.0184953 0.0895344 0.000388735 -0.000952022 -0.00035942 0.000388735 0.00924958 -0.0173022 0.000392599 -0.000952022 -0.0173022 0.0864862 
0.0103885 -0.0185935 -0.000327456 0.000392307 -0.0185935 0.0899817 0.000390256 -0.000921668 -0.000327456 0.000390256 0.00927753 -0.0174039 0.000392307 -0.000921668 -0.0174039 0.0869893 
0.0103881 -0.0186292 -0.000304508 0.00035592 -0.0186292 0.0900588 0.000354627 -0.000865271 -0.000304508 0.000354627 0.00927133 -0.0173817 0.00035592 -0.000865271 -0.0173817 0.0869938 
0.0102989 -0.0185405 -0.000332972 0.000323516 -0.0185405 0.0896582 0.000320235 -0.000778504 -0.000332972 0.000320235 0.00923972 -0.0172806 0.000323516 -0.000778504 -0.0172806 0.0865213 
0.0102487 -0.0184704 -0.000338082 0.000354761 -0.0184704 0.089491 0.000350653 -0.000785156 -0.000338082 0.000350653 0.00922296 -0.0172756 0.000354761 -0.000785156 -0.0172756 0.0864259 
0.0102603 -0.0184641 -0.000344664 0.000371211 -0.0184641 0.0896007 0.000374269 -0.000846871 -0.000344664 0.000374269 0.00923954 -0.0173207 0.000371211 -0.000846871 -0.0173207 0.0866751 
0.0102578 -0.0184412 -0.000357038 0.000368646 -0.0184412 0.08949 0.000376928 -0.000860093 -0.000357038 0.000376928 0.00922594 -0.0172885 0.000368646 -0.000860093 -0.0172885 0.0865881 
0.0103177 -0.0185144 -0.000350668 0.000383807 -0.0185144 0.089852 0.000392016 -0.00088503 -0.000350668 0.000392016 0.00926077 -0.0173702 0.000383807 -0.00088503 -0.0173702 0.0869946 
0.0102728 -0.0184532 -0.000346812 0.000377363 -0.0184532 0.0894885 0.000380572 -0.000882561 -0.000346812 0.000380572 0.00922147 -0.0172882 0.000377363 -0.000882561 -0.0172882 0.0866222 
0.0102188 -0.0183953 -0.000372001 0.000369904 -0.0183953 0.0891855 0.000373397 -0.000859578 -0.000372001 0.000373397 0.00922869 -0.0172059 0.000369904 -0.000859578 -0.0172059 0.0862331 
0.0102944 -0.0184985 -0.000388943 0.000411108 -0.0184985 0.0897372 0.000415132 -0.000924724 -0.000388943 0.000415132 0.00930342 -0.0173518 0.000411108 -0.000924724 -0.0173518 0.0867734 
0.010265 -0.0184784 -0.00043483 0.000442618 -0.0184784 0.0895402 0.000444067 -0.00102141 -0.00043483 0.000444067 0.00930919 -0.0173127 0.000442618 -0.00102141 -0.0173127 0.0865342 
0.0102835 -0.0185211 -0.000468981 0.000488178 -0.0185211 0.0897927 0.000488209 -0.00111421 -0.000468981 0.000488209 0.00936516 -0.0174195 0.000488178 -0.00111421 -0.0174195 0.0868876 
0.0102848 -0.0185616 -0.000503233 0.000517248 -0.0185616 0.0900383 0.000521235 -0.00118726 -0.000503233 0.000521235 0.00941911 -0.0175252 0.000517248 -0.00118726 -0.0175252 0.0873047 
0.0102857 -0.0185031 -0.000486005 0.000540745 -0.0185031 0.0898546 0.00055103 -0.00123734 -0.000486005 0.00055103 0.00935638 -0.0175256 0.000540745 -0.00123734 -0.0175256 0.0872706 
0.0102277 -0.0184151 -0.000458821 0.000515155 -0.0184151 0.0893246 0.000523725 -0.00121128 -0.000458821 0.000523725 0.00924381 -0.0173482 0.000515155 -0.00121128 -0.0173482 0.0866509 
0.0102374 -0.0184429 -0.000436368 0.000486104 -0.0184429 0.0894657 0.000488546 -0.00113793 -0.000436368 0.000488546 0.00922836 -0.0173031 0.000486104 -0.00113793 -0.0173031 0.0866127 
0.0102457 -0.0185227 -0.000397295 0.000469124 -0.0185227 0.0898456 0.000470392 -0.00108826 -0.000397295 0.000470392 0.00927689 -0.0173081 0.000469124 -0.00108826 -0.0173081 0.0867465 
0.0102336 -0.0184888 -0.000384329 0.000414088 -0.0184888 0.0898746 0.000415275 -0.000978492 -0.000384329 0.000415275 0.00930401 -0.0173685 0.000414088 -0.000978492 -0.0173685 0.0868768 
0.0102116 -0.018436 -0.000398633 0.000403143 -0.018436 0.0896877 0.000403713 -0.000914263 -0.000398633 0.000403713 0.00929964 -0.0173737 0.000403143 -0.000914263 -0.0173737 0.0868624 
0.0101972 -0.0184091 -0.000405336 0.000417779 -0.0184091 0.0895544 0.000418845 -0.000912366 -0.000405336 0.000418845 0.00929377 -0.0173529 0.000417779 -0.000912366 -0.0173529 0.0867927 
0.0102105 -0.0184492 -0.000434892 0.000429334 -0.0184492 0.0897449 0.000429165 -0.000937756 -0.000434892 0.000429165 0.00934419 -0.0173884 0.000429334 -0.000937756 -0.0173884 0.0869781 
0.0101647 -0.0183573 -0.000463859 0.000465315 -0.0183573 0.0893432 0.000462094 -0.00100074 -0.000463859 0.000462094 0.00931756 -0.0173559 0.000465315 -0.00100074 -0.0173559 0.0866784 
0.0101716 -0.0183285 -0.000471432 0.000496866 -0.0183285 0.089252 0.00049372 -0.00107305 -0.000471432 0.00049372 0.00930991 -0.0174037 0.000496866 -0.00107305 -0.0174037 0.0868264 
0.0101374 -0.0182967 -0.000495892 0.000506147 -0.0182967 0.088964 0.000505436 -0.00112424 -0.000495892 0.000505436 0.00925013 -0.0172984 0.000506147 -0.00112424 -0.0172984 0.0864512 
0.0101303 -0.0183323 -0.000523701 0.000540591 -0.0183323 0.0891162 0.00054287 -0.00119909 -0.000523701 0.00054287 0.00927914 -0.0172673 0.000540591 -0.00119909 -0.0172673 0.0864014 
0.0101939 -0.0183597 -0.00050227 0.000573282 -0.0183597 0.0893781 0.000577712 -0.00128371 -0.00050227 0.000577712 0.00930946 -0.017365 0.000573282 -0.00128371 -0.017365 0.0867177 
0.0102019 -0.018376 -0.000508475 0.000542219 -0.018376 0.0893063 0.000545237 -0.00126295 -0.000508475 0.000545237 0.00929915 -0.017344 0.000542219 -0.00126295 -0.017344 0.0866399 
0.010209 -0.0183696 -0.000487647 0.000546185 -0.0183696 0.0892047 0.000546779 -0.00124338 -0.000487647 0.000546779 0.00925766 -0.0173092 0.000546185 -0.00124338 -0.0173092 0.0864651 
0.010304 -0.0185341 -0.000463778 0.000527165 -0.0185341 0.0899267 0.000525097 -0.00121374 -0.000463778 0.000525097 0.00929468 -0.0174099 0.000527165 -0.00121374 -0.0174099 0.0870572 
0.0103032 -0.0185469 -0.000417799 0.000493703 -0.0185469 0.0899423 0.000489996 -0.00113914 -0.000417799 0.000489996 0.00928518 -0.0173716 0.000493703 -0.00113914 -0.0173716 0.0869572 
0.0102814 -0.0185025 -0.000388782 0.000445644 -0.0185025 0.089721 0.000440789 -0.00104363 -0.000388782 0.000440789 0.00925519 -0.017309 0.000445644 -0.00104363 -0.017309 0.0866503 
0.0102099 -0.0184243 -0.000405938 0.000407484 -0.0184243 0.0893446 0.000398168 -0.000932909 -0.000405938 0.000398168 0.00925203 -0.0172517 0.000407484 -0.000932909 -0.0172517 0.0863227 
0.0102066 -0.018475 -0.000424857 0.000433895 -0.018475 0.0897005 0.000422054 -0.000933295 -0.000424857 0.000422054 0.0093258 -0.0173691 0.000433895 -0.000933295 -0.0173691 0.0867834 
0.0101866 -0.0184078 -0.000438448 0.00045505 -0.0184078 0.0895576 0.000451924 -0.000988866 -0.000438448 0.000451924 0.00932183 -0.017404 0.00045505 -0.000988866 -0.017404 0.0868592 
0.0101903 -0.0183969 -0.000415108 0.00048107 -0.0183969 0.089545 0.000488037 -0.00107902 -0.000415108 0.000488037 0.00931559 -0.0174289 0.00048107 -0.00107902 -0.0174289 0.0870215 
0.0101491 -0.0182879 -0.000368099 0.000449424 -0.0182879 0.088997 0.000456327 -0.00106614 -0.000368099 0.000456327 0.00926598 -0.0173066 0.000449424 -0.00106614 -0.0173066 0.0865144 
0.0101544 -0.0183223 -0.000352209 0.000393395 -0.0183223 0.0890568 0.000390888 -0.000953022 -0.000352209 0.000390888 0.00927146 -0.0172933 0.000393395 -0.000953022 -0.0172933 0.0864596 
0.0101873 -0.0183885 -0.000338862 0.00036878 -0.0183885 0.0894092 0.000358927 -0.00084327 -0.000338862 0.000358927 0.00930432 -0.0173787 0.00036878 -0.00084327 -0.0173787 0.0868154 
0.0102237 -0.0184541 -0.000312048 0.000361545 -0.0184541 0.089744 0.000353861 -0.000806003 -0.000312048 0.000353861 0.00933523 -0.0174357 0.000361545 -0.000806003 -0.0174357 0.0871365 
0.0101472 -0.0182841 -0.000311396 0.000330041 -0.0182841 0.0889712 0.00032652 -0.000758266 -0.000311396 0.00032652 0.00926645 -0.0173154 0.000330041 -0.000758266 -0.0173154 0.0865045 
0.0102366 -0.0184303 -0.000297917 0.000336361 -0.0184303 0.0896212 0.000332121 -0.00075325 -0.000297917 0.000332121 0.00933639 -0.0174372 0.000336361 -0.00075325 -0.0174372 0.0871447 
0.0102288 -0.0183872 -0.000301853 0.000324357 -0.0183872 0.0893835 0.000320134 -0.00074721 -0.000301853 0.000320134 0.00932869 -0.0174142 0.000324357 -0.00074721 -0.0174142 0.0869831 
0.0102507 -0.0183984 -0.000307477 0.000328373 -0.0183984 0.0893426 0.000327716 -0.000751506 -0.000307477 0.000327716 0.0093089 -0.0174075 0.000328373 -0.000751506 -0.0174075 0.0869217 
0.0102844 -0.0184392 -0.00029612 0.000326402 -0.0184392 0.0894141 0.00032904 -0.000747915 -0.00029612 0.00032904 0.00927898 -0.0173855 0.000326402 -0.000747915 -0.0173855 0.0868704 
0.0102997 -0.0185053 -0.000297434 0.000311149 -0.0185053 0.0896199 0.000315882 -0.00072375 -0.000297434 0.000315882 0.00929223 -0.0173692 0.000311149 -0.00072375 -0.0173692 0.0868858 
0.0103137 -0.0185405 -0.000320231 0.000307965 -0.0185405 0.0898372 0.000312913 -0.000699443 -0.000320231 0.000312913 0.00932094 -0.0174174 0.000307965 -0.000699443 -0.0174174 0.0870545 
0.010259 -0.0184266 -0.000297111 0.000330685 -0.0184266 0.0893082 0.000334817 -0.000720464 -0.000297111 0.000334817 0.00925682 -0.017323 0.000330685 -0.000720464 -0.017323 0.0865504 
0.0102651 -0.0184517 -0.000269749 0.00031525 -0.0184517 0.0894193 0.000313497 -0.000718239 -0.000269749 0.000313497 0.00925817 -0.0173381 0.00031525 -0.000718239 -0.0173381 0.08666 
0.010282 -0.0185 -0.000259387 0.000282933 -0.0185 0.0897031 0.000277555 -0.000655873 -0.000259387 0.000277555 0.00925033 -0.0173892 0.000282933 -0.000655873 -0.0173892 0.0869508 
0.0102484 -0.0184246 -0.000256078 0.000278309 -0.0184246 0.0894086 0.000268739 -0.000627131 -0.000256078 0.000268739 0.00919994 -0.0172956 0.000278309 -0.000627131 -0.0172956 0.086649 
0.010294 -0.018513 -0.000264801 0.000286136 -0.018513 0.0898106 0.000275014 -0.000643618 -0.000264801 0.000275014 0.00923446 -0.017318 0.000286136 -0.000643618 -0.017318 0.0868894 
0.0102051 -0.0184085 -0.000304655 0.000304547 -0.0184085 0.0892724 0.000295873 -0.00069831 -0.000304655 0.000295873 0.009198 -0.0171722 0.000304547 -0.00069831 -0.0171722 0.086175 
0.0102402 -0.0184725 -0.000334558 0.000361671 -0.0184725 0.0897298 0.000357674 -0.000826136 -0.000334558 0.000357674 0.00928689 -0.0173243 0.000361671 -0.000826136 -0.0173243 0.086736 
0.0102011 -0.0184099 -0.000334713 0.000392534 -0.0184099 0.089494 0.000395192 -0.000937877 -0.000334713 0.000395192 0.00928685 -0.0173452 0.000392534 -0.000937877 -0.0173452 0.0867143 
0.0102015 -0.0183968 -0.000308696 0.000369321 -0.0183968 0.0894828 0.000377019 -0.000923704 -0.000308696 0.000377019 0.00926582 -0.0173762 0.000369321 -0.000923704 -0.0173762 0.0868567 
0.0101763 -0.018372 -0.000289752 0.000338857 -0.018372 0.0893428 0.000347062 -0.000859714 -0.000289752 0.000347062 0.00926145 -0.0173159 0.000338857 -0.000859714 -0.0173159 0.0867129 
0.0101493 -0.0183452 -0.00029962 0.000319992 -0.0183452 0.089258 0.000323017 -0.000796497 -0.00029962 0.000323017 0.00927714 -0.0173091 0.000319992 -0.000796497 -0.0173091 0.086633 
0.0100957 -0.0182561 -0.000358559 0.000325359 -0.0182561 0.0888909 0.000325002 -0.000764215 -0.000358559 0.000325002 0.0092805 -0.0172766 0.000325359 -0.000764215 -0.0172766 0.0863696 
0.0100649 -0.0182322 -0.000395499 0.000392836 -0.0182322 0.0888471 0.000393389 -0.000855567 -0.000395499 0.000393389 0.00931439 -0.0173412 0.000392836 -0.000855567 -0.0173412 0.0865376 
0.0100718 -0.0182541 -0.000393228 0.000443906 -0.0182541 0.0890387 0.000447951 -0.000998149 -0.000393228 0.000447951 0.00934589 -0.0174256 0.000443906 -0.000998149 -0.0174256 0.0869001 
0.01008 -0.0182574 -0.000370558 0.000444282 -0.0182574 0.0891273 0.000451575 -0.0010639 -0.000370558 0.000451575 0.00934227 -0.017462 0.000444282 -0.0010639 -0.017462 0.0871096 
0.0101106 -0.0182854 -0.00032734 0.00041116 -0.0182854 0.0893081 0.000420644 -0.0010237 -0.00032734 0.000420644 0.00935555 -0.0175029 0.00041116 -0.0010237 -0.0175029 0.0873921 
0.0100487 -0.0181741 -0.000292382 0.000342993 -0.0181741 0.0887594 0.000354818 -0.00087827 -0.000292382 0.000354818 0.00928639 -0.0173929 0.000342993 -0.00087827 -0.0173929 0.0869022 
0.0100279 -0.0181294 -0.000274645 0.000298653 -0.0181294 0.0885097 0.000307638 -0.000739539 -0.000274645 0.000307638 0.00924803 -0.0172967 0.000298653 -0.000739539 -0.0172967 0.0865404 
0.010046 -0.0181741 -0.000257175 0.000294281 -0.0181741 0.0886852 0.00029144 -0.000685179 -0.000257175 0.00029144 0.00924127 -0.0172936 0.000294281 -0.000685179 -0.0172936 0.0865606 
0.0100484 -0.0181992 -0.00024714 0.000279508 -0.0181992 0.0888129 0.000269715 -0.000644654 -0.00024714 0.000269715 0.00923728 -0.0172836 0.000279508 -0.000644654 -0.0172836 0.0865639 
0.0100865 -0.0182829 -0.000251711 0.00027499 -0.0182829 0.0892588 0.000266146 -0.000633152 -0.000251711 0.000266146 0.00928058 -0.0173409 0.00027499 -0.000633152 -0.0173409 0.0868956 
0.0100442 -0.0182141 -0.000252468 0.000278208 -0.0182141 0.0889702 0.000273168 -0.000636582 -0.000252468 0.000273168 0.00927106 -0.0172823 0.000278208 -0.000636582 -0.0172823 0.0865809 
0.0100685 -0.0182599 -0.000267843 0.000282675 -0.0182599 0.08923 0.00028175 -0.000657492 -0.000267843 0.00028175 0.00932619 -0.0173596 0.000282675 -0.000657492 -0.0173596 0.0868779 
0.0100377 -0.018224 -0.000307351 0.000292284 -0.018224 0.0890851 0.000295005 -0.000673539 -0.000307351 0.000295005 0.00935396 -0.0173838 0.000292284 -0.000673539 -0.0173838 0.0868765 
0.0099508 -0.018063 -0.000308958 0.000327137 -0.018063 0.0883767 0.000331623 -0.000721671 -0.000308958 0.000331623 0.00930035 -0.0173215 0.000327137 -0.000721671 -0.0173215 0.0864153 
0.00999087 -0.018123 -0.000291887 0.000335771 -0.018123 0.0886831 0.000339568 -0.00076715 -0.000291887 0.000339568 0.00932258 -0.0174023 0.000335771 -0.00076715 -0.0174023 0.0868397 
0.00997366 -0.0181058 -0.000304478 0.00032492 -0.0181058 0.0885625 0.000325382 -0.000771544 -0.000304478 0.000325382 0.00931133 -0.0173494 0.00032492 -0.000771544 -0.0173494 0.0866869 
0.0100063 -0.0181522 -0.000309198 0.000337189 -0.0181522 0.0888337 0.000334351 -0.000775407 -0.000309198 0.000334351 0.00932929 -0.0174179 0.000337189 -0.000775407 -0.0174179 0.0869856 
0.0099973 -0.0181363 -0.000309433 0.000340757 -0.0181363 0.0887805 0.000339747 -0.000787694 -0.000309433 0.000339747 0.00932058 -0.0174157 0.000340757 -0.000787694 -0.0174157 0.0870094 
0.00997621 -0.0180483 -0.000283146 0.000340077 -0.0180483 0.0883503 0.000342741 -0.000796725 -0.000283146 0.000342741 0.00925844 -0.0173152 0.000340077 -0.000796725 -0.0173152 0.0865747 
0.0100548 -0.01817 -0.000265017 0.000307266 -0.01817 0.0888097 0.000309263 -0.000745447 -0.000265017 0.000309263 0.00929714 -0.0173573 0.000307266 -0.000745447 -0.0173573 0.0868777 
0.0100776 -0.0182115 -0.000238055 0.000279458 -0.0182115 0.0888882 0.000282443 -0.000669793 -0.000238055 0.000282443 0.00928882 -0.0173407 0.000279458 -0.000669793 -0.0173407 0.0867725 
0.0101153 -0.0182984 -0.000247853 0.000238045 -0.0182984 0.0892362 0.000243726 -0.000568118 -0.000247853 0.000243726 0.00930954 -0.0173826 0.000238045 -0.000568118 -0.0173826 0.0869691 
0.0100504 -0.018191 -0.000249305 0.00024464 -0.018191 0.0887243 0.000246513 -0.000522805 -0.000249305 0.000246513 0.00925516 -0.0172804 0.00024464 -0.000522805 -0.0172804 0.086437 
0.0101299 -0.0183299 -0.000251799 0.000261076 -0.0183299 0.0894023 0.000257476 -0.000547956 -0.000251799 0.000257476 0.00931755 -0.0173985 0.000261076 -0.000547956 -0.0173985 0.0870393 
0.0100584 -0.0182293 -0.000228073 0.00026679 -0.0182293 0.0888985 0.000255653 -0.000563122 -0.000228073 0.000255653 0.009265 -0.0172928 0.00026679 -0.000563122 -0.0172928 0.0865169 
0.0100405 -0.018161 -0.000238188 0.000248938 -0.018161 0.0886511 0.000234807 -0.000552305 -0.000238188 0.000234807 0.0092276 -0.0172657 0.000248938 -0.000552305 -0.0172657 0.0863446 
0.0101096 -0.0182719 -0.000241832 0.000257936 -0.0182719 0.0891646 0.000247623 -0.000556509 -0.000241832 0.000247623 0.00927712 -0.0173612 0.000257936 -0.000556509 -0.0173612 0.086891 
0.0100747 -0.0182243 -0.000261919 0.000265873 -0.0182243 0.088892 0.00025892 -0.000587731 -0.000261919 0.00025892 0.00926565 -0.0172983 0.000265873 -0.000587731 -0.0172983 0.0866094 
0.0100946 -0.0182931 -0.000280248 0.000283634 -0.0182931 0.089212 0.000283219 -0.000625907 -0.000280248 0.000283219 0.00930209 -0.0173581 0.000283634 -0.000625907 -0.0173581 0.0868638 
0.0100331 -0.0181694 -0.000309168 0.000301646 -0.0181694 0.0887098 0.000302314 -0.000669958 -0.000309168 0.000302314 0.00925943 -0.0173017 0.000301646 -0.000669958 -0.0173017 0.0865026 
0.0100563 -0.0182104 -0.000306905 0.000334822 -0.0182104 0.0889476 0.000338889 -0.000737628 -0.000306905 0.000338889 0.00928675 -0.0173727 0.000334822 -0.000737628 -0.0173727 0.0868612 
0.0100422 -0.0182198 -0.00030241 0.000340001 -0.0182198 0.088984 0.000349896 -0.000795511 -0.00030241 0.000349896 0.00930758 -0.0173583 0.000340001 -0.000795511 -0.0173583 0.0868672 
0.0100194 -0.0181726 -0.000300091 0.000329147 -0.0181726 0.0888311 0.000339501 -0.000789657 -0.000300091 0.000339501 0.00933196 -0.0173566 0.000329147 -0.000789657 -0.0173566 0.0867728 
0.00999038 -0.0180761 -0.000262009 0.000323811 -0.0180761 0.0883952 0.000328075 -0.000767329 -0.000262009 0.000328075 0.0093126 -0.0173334 0.000323811 -0.000767329 -0.0173334 0.0865009 
0.0100679 -0.0181936 -0.00023845 0.000274516 -0.0181936 0.0888981 0.000275125 -0.000672441 -0.00023845 0.000275125 0.00933974 -0.0174616 0.000274516 -0.000672441 -0.0174616 0.0870885 
0.0100774 -0.0181967 -0.00024388 0.00024541 -0.0181967 0.0888167 0.000239661 -0.000572224 -0.00024388 0.000239661 0.00929066 -0.0174033 0.00024541 -0.000572224 -0.0174033 0.0869408 
0.0100441 -0.0181735 -0.000297642 0.000255277 -0.0181735 0.0885913 0.000243155 -0.000542806 -0.000297642 0.000243155 0.00922218 -0.0172681 0.000255277 -0.000542806 -0.0172681 0.0864427 
0.0100986 -0.0183248 -0.000338094 0.000318995 -0.0183248 0.0893541 0.000310089 -0.000633034 -0.000338094 0.000310089 0.00929599 -0.0173605 0.000318995 -0.000633034 -0.0173605 0.0869773 
0.0100852 -0.0182979 -0.000377044 0.000373826 -0.0182979 0.0893615 0.00037198 -0.000785473 -0.000377044 0.00037198 0.00930011 -0.017379 0.000373826 -0.000785473 -0.017379 0.0869933 
0.0100251 -0.0181585 -0.000384512 0.000423701 -0.0181585 0.0887435 0.000426715 -0.0009363 -0.000384512 0.000426715 0.00926373 -0.0172813 0.000423701 -0.0009363 -0.0172813 0.0864889 
0.0100512 -0.018231 -0.000376345 0.000435785 -0.018231 0.0890204 0.00043883 -0.00101844 -0.000376345 0.00043883 0.00930771 -0.0173379 0.000435785 -0.00101844 -0.0173379 0.0867346 
0.010087 -0.0182878 -0.000364015 0.000430378 -0.0182878 0.0892862 0.000432501 -0.00103972 -0.000364015 0.000432501 0.00935022 -0.0173912 0.000430378 -0.00103972 -0.0173912 0.0869454 
0.0100925 -0.0182817 -0.000354055 0.000401306 -0.0182817 0.0892706 0.000404094 -0.000981768 -0.000354055 0.000404094 0.00933207 -0.0174359 0.000401306 -0.000981768 -0.0174359 0.0870371 
0.0101182 -0.0183218 -0.000371251 0.000380628 -0.0183218 0.0894405 0.00038659 -0.000912861 -0.000371251 0.00038659 0.00933643 -0.0174541 0.000380628 -0.000912861 -0.0174541 0.0872346 
0.0100473 -0.0182074 -0.000337753 0.000387521 -0.0182074 0.0888483 0.000396915 -0.000884871 -0.000337753 0.000396915 0.00925726 -0.0173043 0.000387521 -0.000884871 -0.0173043 0.0865719 
