0.00724949 0 0.000716371 0 0 0.00991071 0 0 0.000716371 0 0.00689061 0 0 0 0 0.00991071 
0.0102084 -0.0126665 0.000985815 -0.00119804 -0.0126665 0.0334012 -0.00119804 0.00229827 0.000985815 -0.00119804 0.00985827 -0.0122433 -0.00119804 0.00229827 -0.0122433 0.0325899 
0.0101078 -0.0187582 0.000846567 -0.00125946 -0.0187582 0.068965 -0.00125946 0.00391402 0.000846567 -0.00125946 0.00986234 -0.0184762 -0.00125946 0.00391402 -0.0184762 0.0681332 
0.00964788 -0.0183295 0.000754365 -0.000816108 -0.0183295 0.08185 -0.000818587 0.00246729 0.000754365 -0.000818587 0.00932136 -0.01829 -0.000816108 0.00246729 -0.01829 0.0822619 
0.00960351 -0.0176443 0.000784594 -0.000771557 -0.0176443 0.084202 -0.000774416 0.00184422 0.000784594 -0.000774416 0.00918336 -0.0174869 -0.000771557 0.00184422 -0.0174869 0.0850377 
0.0097813 -0.0177182 0.000823815 -0.00088349 -0.0177182 0.0858374 -0.000880675 0.00202357 0.000823815 -0.000880675 0.00933449 -0.0173955 -0.00088349 0.00202357 -0.0173955 0.08625 
0.0100016 -0.0180693 0.000827655 -0.000939203 -0.0180693 0.0878212 -0.000938278 0.00222848 0.000827655 -0.000938278 0.00953006 -0.0176411 -0.000939203 0.00222848 -0.0176411 0.0876293 
0.00994139 -0.0180495 0.000792577 -0.00090887 -0.0180495 0.0878659 -0.0009087 0.00221383 0.000792577 -0.0009087 0.00957892 -0.0175867 -0.00090887 0.00221383 -0.0175867 0.0873066 
0.0100237 -0.0181525 0.000762254 -0.000875479 -0.0181525 0.088638 -0.000878503 0.00214445 0.000762254 -0.000878503 0.00970682 -0.0178101 -0.000875479 0.00214445 -0.0178101 0.0881003 
0.00998258 -0.0180653 0.00075186 -0.000821487 -0.0180653 0.0882123 -0.000835762 0.00202172 0.00075186 -0.000835762 0.00968442 -0.0177974 -0.000821487 0.00202172 -0.0177974 0.0878467 
0.0100494 -0.0181563 0.000785602 -0.000813898 -0.0181563 0.0886261 -0.00083691 0.00197334 0.000785602 -0.00083691 0.00972251 -0.0179283 -0.000813898 0.00197334 -0.0179283 0.0884135 
0.00999372 -0.018077 0.000811935 -0.000854344 -0.018077 0.0881554 -0.000873424 0.00202321 0.000811935 -0.000873424 0.00965734 -0.0178248 -0.000854344 0.00202321 -0.0178248 0.0879712 
0.00995654 -0.0180585 0.000816405 -0.000890596 -0.0180585 0.0880549 -0.000903141 0.00210641 0.000816405 -0.000903141 0.00962103 -0.0177786 -0.000890596 0.00210641 -0.0177786 0.0878094 
0.0100135 -0.0181616 0.000819457 -0.000907437 -0.0181616 0.0886325 -0.00091028 0.00216502 0.000819457 -0.00091028 0.0096671 -0.017861 -0.000907437 0.00216502 -0.017861 0.0883076 
0.00999964 -0.0181941 0.000802415 -0.000903394 -0.0181941 0.0888086 -0.000898218 0.00215723 0.000802415 -0.000898218 0.00969815 -0.0178708 -0.000903394 0.00215723 -0.0178708 0.0884048 
0.00989902 -0.0180359 0.00075567 -0.000888821 -0.0180359 0.0881728 -0.000872344 0.00212282 0.00075567 -0.000872344 0.00967899 -0.0177739 -0.000888821 0.00212282 -0.0177739 0.0878368 
0.00991431 -0.018035 0.000734767 -0.000842547 -0.018035 0.0882927 -0.000825714 0.0020456 0.000734767 -0.000825714 0.00971864 -0.0178715 -0.000842547 0.0020456 -0.0178715 0.0881453 
0.00996339 -0.0180834 0.000747939 -0.000811006 -0.0180834 0.088519 -0.000802673 0.0019635 0.000747939 -0.000802673 0.00970964 -0.0179409 -0.000811006 0.0019635 -0.0179409 0.0884764 
0.00995127 -0.0180723 0.000749326 -0.00082012 -0.0180723 0.0883998 -0.000822014 0.00195367 0.000749326 -0.000822014 0.00968542 -0.0178787 -0.00082012 0.00195367 -0.0178787 0.0883261 
0.0098899 -0.0179924 0.000739598 -0.000811415 -0.0179924 0.0880067 -0.000814862 0.00193573 0.000739598 -0.000814862 0.00961397 -0.0177737 -0.000811415 0.00193573 -0.0177737 0.0878545 
0.0099193 -0.0180103 0.000753808 -0.000810194 -0.0180103 0.0881584 -0.000809462 0.00193055 0.000753808 -0.000809462 0.00958249 -0.0177674 -0.000810194 0.00193055 -0.0177674 0.0879282 
0.00993667 -0.0180473 0.000763096 -0.000840541 -0.0180473 0.0883106 -0.000838644 0.00198928 0.000763096 -0.000838644 0.00957276 -0.0177417 -0.000840541 0.00198928 -0.0177417 0.0879637 
0.00993653 -0.0179802 0.000762345 -0.000849351 -0.0179802 0.0879848 -0.000848538 0.00202872 0.000762345 -0.000848538 0.00950369 -0.0176335 -0.000849351 0.00202872 -0.0176335 0.0875082 
0.00999391 -0.0180844 0.000765346 -0.000852987 -0.0180844 0.0883496 -0.000853937 0.00205521 0.000765346 -0.000853937 0.00952968 -0.0176503 -0.000852987 0.00205521 -0.0176503 0.08769 
0.00996313 -0.0180556 0.000771115 -0.000861193 -0.0180556 0.0881426 -0.000862371 0.00208398 0.000771115 -0.000862371 0.00950864 -0.0175835 -0.000861193 0.00208398 -0.0175835 0.0873373 
0.00999941 -0.0181374 0.000766127 -0.00086854 -0.0181374 0.0885454 -0.000864606 0.00209518 0.000766127 -0.000864606 0.00958679 -0.0176635 -0.00086854 0.00209518 -0.0176635 0.0876724 
0.00999148 -0.0181511 0.000759382 -0.000846104 -0.0181511 0.0886234 -0.00084071 0.00204251 0.000759382 -0.00084071 0.00961924 -0.0177217 -0.000846104 0.00204251 -0.0177217 0.0877939 
0.00999932 -0.0180537 0.000748751 -0.000827966 -0.0180537 0.0882347 -0.000825059 0.00198124 0.000748751 -0.000825059 0.00955834 -0.0177097 -0.000827966 0.00198124 -0.0177097 0.0876059 
0.0100404 -0.0181498 0.000758312 -0.000825804 -0.0181498 0.0885192 -0.000824204 0.00196748 0.000758312 -0.000824204 0.00956745 -0.0177552 -0.000825804 0.00196748 -0.0177552 0.0879517 
0.0100532 -0.0181874 0.000765826 -0.000832618 -0.0181874 0.0886573 -0.000829048 0.00196405 0.000765826 -0.000829048 0.00954847 -0.0177412 -0.000832618 0.00196405 -0.0177412 0.0879966 
0.0100494 -0.0181071 0.000770574 -0.000841852 -0.0181071 0.0882732 -0.000835582 0.00197794 0.000770574 -0.000835582 0.00945338 -0.0176253 -0.000841852 0.00197794 -0.0176253 0.0875209 
0.0101934 -0.0183069 0.000789163 -0.000865725 -0.0183069 0.0890655 -0.000855248 0.00203115 0.000789163 -0.000855248 0.00947571 -0.017699 -0.000865725 0.00203115 -0.017699 0.0880768 
0.0102184 -0.0183515 0.000792891 -0.000882813 -0.0183515 0.0890736 -0.000873923 0.00207848 0.000792891 -0.000873923 0.00943609 -0.0176135 -0.000882813 0.00207848 -0.0176135 0.0877913 
0.0102376 -0.0184019 0.000822536 -0.00088285 -0.0184019 0.0892227 -0.000879232 0.00209987 0.000822536 -0.000879232 0.00941794 -0.0175962 -0.00088285 0.00209987 -0.0175962 0.0877304 
0.0102648 -0.0184467 0.00084347 -0.000914554 -0.0184467 0.0894363 -0.000916447 0.00215491 0.00084347 -0.000916447 0.00941286 -0.017617 -0.000914554 0.00215491 -0.017617 0.0878568 
0.0102317 -0.0183731 0.000840112 -0.000939926 -0.0183731 0.0890794 -0.000945231 0.00222721 0.000840112 -0.000945231 0.00935449 -0.0175324 -0.000939926 0.00222721 -0.0175324 0.0874927 
0.0101974 -0.0183265 0.000836392 -0.000931756 -0.0183265 0.0888146 -0.000934198 0.00223384 0.000836392 -0.000934198 0.00931738 -0.017442 -0.000931756 0.00223384 -0.017442 0.0871401 
0.0101784 -0.0183407 0.000853936 -0.000937448 -0.0183407 0.0889021 -0.000931256 0.00223829 0.000853936 -0.000931256 0.0093594 -0.0174479 -0.000937448 0.00223829 -0.0174479 0.0871771 
0.0102166 -0.0183492 0.000863385 -0.000948278 -0.0183492 0.0890523 -0.000934602 0.00223008 0.000863385 -0.000934602 0.00937572 -0.0175176 -0.000948278 0.00223008 -0.0175176 0.0873897 
0.0101573 -0.0183053 0.000843676 -0.000947132 -0.0183053 0.0887321 -0.000935475 0.00221626 0.000843676 -0.000935475 0.00935948 -0.0174296 -0.000947132 0.00221626 -0.0174296 0.0870127 
0.0101456 -0.0183244 0.000834165 -0.000920025 -0.0183244 0.0889063 -0.000915952 0.00217429 0.000834165 -0.000915952 0.00940413 -0.0174739 -0.000920025 0.00217429 -0.0174739 0.0871505 
0.0101271 -0.0182609 0.000803864 -0.000917494 -0.0182609 0.0887441 -0.000923016 0.00217401 0.000803864 -0.000923016 0.00942605 -0.0175063 -0.000917494 0.00217401 -0.0175063 0.0871673 
0.0101621 -0.0183618 0.000792592 -0.000881724 -0.0183618 0.0892691 -0.000896219 0.00213473 0.000792592 -0.000896219 0.00955544 -0.0176832 -0.000881724 0.00213473 -0.0176832 0.0879336 
0.0100944 -0.0181978 0.000797431 -0.000844345 -0.0181978 0.0885972 -0.00086328 0.00203623 0.000797431 -0.00086328 0.00951221 -0.0176641 -0.000844345 0.00203623 -0.0176641 0.0876165 
0.0100697 -0.0181777 0.000802357 -0.000868229 -0.0181777 0.0884559 -0.000881005 0.00204754 0.000802357 -0.000881005 0.00954247 -0.0176659 -0.000868229 0.00204754 -0.0176659 0.0876603 
0.0100435 -0.0181591 0.000802413 -0.000888902 -0.0181591 0.0883955 -0.000889276 0.0020958 0.000802413 -0.000889276 0.00956569 -0.0176915 -0.000888902 0.0020958 -0.0176915 0.0876982 
0.0100047 -0.0181251 0.000779853 -0.000872089 -0.0181251 0.0882757 -0.0008654 0.00206001 0.000779853 -0.0008654 0.00956776 -0.0176849 -0.000872089 0.00206001 -0.0176849 0.0876165 
0.00996622 -0.0180893 0.000759887 -0.000841849 -0.0180893 0.0881968 -0.000836186 0.00199452 0.000759887 -0.000836186 0.00957124 -0.0176829 -0.000841849 0.00199452 -0.0176829 0.0875748 
0.00997873 -0.0180469 0.000761889 -0.000827654 -0.0180469 0.0881199 -0.000825607 0.00196001 0.000761889 -0.000825607 0.00954733 -0.0177004 -0.000827654 0.00196001 -0.0177004 0.0876171 
0.0099744 -0.0180566 0.000769725 -0.000828005 -0.0180566 0.0880881 -0.000825387 0.00194483 0.000769725 -0.000825387 0.00953061 -0.0176645 -0.000828005 0.00194483 -0.0176645 0.0875664 
0.0100703 -0.0181768 0.000773487 -0.000847197 -0.0181768 0.0886714 -0.000844075 0.00197892 0.000773487 -0.000844075 0.00956627 -0.0177529 -0.000847197 0.00197892 -0.0177529 0.088058 
0.0100374 -0.0181169 0.000774985 -0.000854317 -0.0181169 0.0882434 -0.000852154 0.00201723 0.000774985 -0.000852154 0.0095003 -0.0176088 -0.000854317 0.00201723 -0.0176088 0.0874407 
0.0101246 -0.0182718 0.000788705 -0.00086816 -0.0182718 0.0889039 -0.000871108 0.00207246 0.000788705 -0.000871108 0.00954014 -0.0176847 -0.00086816 0.00207246 -0.0176847 0.0878433 
0.0100997 -0.0182764 0.00077473 -0.000865182 -0.0182764 0.0888495 -0.000869974 0.00206982 0.00077473 -0.000869974 0.00953054 -0.0176217 -0.000865182 0.00206982 -0.0176217 0.0875585 
0.0101383 -0.0183373 0.000773872 -0.00085333 -0.0183373 0.0892498 -0.000853658 0.00204997 0.000773872 -0.000853658 0.00954604 -0.0177372 -0.00085333 0.00204997 -0.0177372 0.087997 
0.0100975 -0.0182688 0.000799436 -0.000851828 -0.0182688 0.0889718 -0.000849712 0.00203213 0.000799436 -0.000849712 0.00951727 -0.017689 -0.000851828 0.00203213 -0.017689 0.0878475 
0.010026 -0.0181371 0.000811597 -0.000878502 -0.0181371 0.0883993 -0.000874894 0.0020582 0.000811597 -0.000874894 0.00947801 -0.0175976 -0.000878502 0.0020582 -0.0175976 0.0874189 
0.0100352 -0.0181197 0.000824849 -0.000899215 -0.0181197 0.0883268 -0.00089448 0.00211138 0.000824849 -0.00089448 0.00945211 -0.017592 -0.000899215 0.00211138 -0.017592 0.0874034 
0.0101339 -0.018282 0.000810742 -0.000922178 -0.018282 0.0890412 -0.000918962 0.00217313 0.000810742 -0.000918962 0.00950505 -0.0176926 -0.000922178 0.00217313 -0.0176926 0.0880285 
0.0101237 -0.0182256 0.000795728 -0.000896009 -0.0182256 0.0887043 -0.000895577 0.00215474 0.000795728 -0.000895577 0.00943885 -0.0175929 -0.000896009 0.00215474 -0.0175929 0.087587 
0.0101005 -0.0181932 0.000779742 -0.000878003 -0.0181932 0.0884673 -0.000879552 0.00211385 0.000779742 -0.000879552 0.00941074 -0.0175231 -0.000878003 0.00211385 -0.0175231 0.0872839 
0.010117 -0.0182678 0.000789421 -0.000858865 -0.0182678 0.0888271 -0.00086924 0.00207795 0.000789421 -0.00086924 0.00948307 -0.0175997 -0.000858865 0.00207795 -0.0175997 0.0876316 
0.0100625 -0.0181831 0.000827933 -0.000864224 -0.0181831 0.0885099 -0.000879513 0.0020715 0.000827933 -0.000879513 0.00948463 -0.0175945 -0.000864224 0.0020715 -0.0175945 0.0874538 
0.010048 -0.0181879 0.000858775 -0.000913745 -0.0181879 0.0885645 -0.000926123 0.00214527 0.000858775 -0.000926123 0.00952377 -0.0176356 -0.000913745 0.00214527 -0.0176356 0.087601 
0.010064 -0.0182186 0.00083535 -0.000949242 -0.0182186 0.0887724 -0.000957182 0.00222903 0.00083535 -0.000957182 0.00957777 -0.0177083 -0.000949242 0.00222903 -0.0177083 0.0878754 
0.0100498 -0.0181622 0.000793947 -0.00091767 -0.0181622 0.0885373 -0.000921137 0.00220812 0.000793947 -0.000921137 0.00955479 -0.0177095 -0.00091767 0.00220812 -0.0177095 0.087765 
0.0100751 -0.0182579 0.000765639 -0.000867549 -0.0182579 0.0889328 -0.000865442 0.00210204 0.000765639 -0.000865442 0.00961785 -0.017771 -0.000867549 0.00210204 -0.017771 0.0881295 
0.010017 -0.0182428 0.000789764 -0.000839697 -0.0182428 0.0889586 -0.000827965 0.00200716 0.000789764 -0.000827965 0.00967956 -0.0178164 -0.000839697 0.00200716 -0.0178164 0.0882414 
0.0100067 -0.0181528 0.000820906 -0.00087414 -0.0181528 0.0887609 -0.000859108 0.00202304 0.000820906 -0.000859108 0.00968645 -0.0178711 -0.00087414 0.00202304 -0.0178711 0.088312 
0.00991747 -0.0179982 0.000835274 -0.000907827 -0.0179982 0.0879865 -0.000899636 0.00210243 0.000835274 -0.000899636 0.00963481 -0.0177689 -0.000907827 0.00210243 -0.0177689 0.087784 
0.00990843 -0.0180077 0.000825363 -0.000919273 -0.0180077 0.0880514 -0.000918072 0.00215754 0.000825363 -0.000918072 0.009647 -0.017812 -0.000919273 0.00215754 -0.017812 0.0879734 
0.00993484 -0.0179977 0.000810895 -0.000913573 -0.0179977 0.088085 -0.000919472 0.00218612 0.000810895 -0.000919472 0.00963901 -0.0178383 -0.000913573 0.00218612 -0.0178383 0.0881213 
0.0100191 -0.018078 0.000814285 -0.000896816 -0.018078 0.0884043 -0.000905606 0.00217088 0.000814285 -0.000905606 0.00962805 -0.0178857 -0.000896816 0.00217088 -0.0178857 0.0884518 
0.0100567 -0.0181194 0.000827827 -0.000899912 -0.0181194 0.0884175 -0.000910579 0.0021678 0.000827827 -0.000910579 0.009587 -0.0178076 -0.000899912 0.0021678 -0.0178076 0.0882652 
0.0100807 -0.0181773 0.000838016 -0.000913379 -0.0181773 0.0885257 -0.00092754 0.00219119 0.000838016 -0.00092754 0.00956615 -0.0177346 -0.000913379 0.00219119 -0.0177346 0.0880244 
0.0100726 -0.0181142 0.000854426 -0.000923019 -0.0181142 0.0881656 -0.000932911 0.00221347 0.000854426 -0.000932911 0.00946245 -0.0176167 -0.000923019 0.00221347 -0.0176167 0.0874354 
0.0101452 -0.0182402 0.000850955 -0.000952712 -0.0182402 0.0886338 -0.000955383 0.00226623 0.000850955 -0.000955383 0.00947336 -0.017627 -0.000952712 0.00226623 -0.017627 0.0876515 
0.0101134 -0.0182219 0.000836342 -0.000943491 -0.0182219 0.0884801 -0.000938581 0.00226203 0.000836342 -0.000938581 0.00944085 -0.0175594 -0.000943491 0.00226203 -0.0175594 0.08734 
0.0100418 -0.0182187 0.000803469 -0.000925209 -0.0182187 0.0884797 -0.000915703 0.0022175 0.000803469 -0.000915703 0.00948741 -0.0175296 -0.000925209 0.0022175 -0.0175296 0.0872168 
0.010136 -0.0183024 0.000813304 -0.000891859 -0.0183024 0.089152 -0.000882767 0.00215267 0.000813304 -0.000882767 0.00953771 -0.0177369 -0.000891859 0.00215267 -0.0177369 0.088016 
0.0101156 -0.018293 0.000831806 -0.00089985 -0.018293 0.0890376 -0.000893571 0.00213332 0.000831806 -0.000893571 0.00952385 -0.0176947 -0.00089985 0.00213332 -0.0176947 0.0879521 
0.0101481 -0.0182788 0.000846912 -0.000929979 -0.0182788 0.0890407 -0.000928506 0.00219592 0.000846912 -0.000928506 0.00948197 -0.0177101 -0.000929979 0.00219592 -0.0177101 0.0880192 
0.0100956 -0.018186 0.000833441 -0.000932734 -0.018186 0.0884585 -0.000935606 0.00221887 0.000833441 -0.000935606 0.00939115 -0.0175301 -0.000932734 0.00221887 -0.0175301 0.0873308 
0.0100938 -0.0182104 0.000822916 -0.000929811 -0.0182104 0.0885394 -0.000935679 0.00223925 0.000822916 -0.000935679 0.00940723 -0.0175105 -0.000929811 0.00223925 -0.0175105 0.0872937 
0.0100973 -0.0181946 0.000827331 -0.000921174 -0.0181946 0.0885043 -0.000925796 0.00223361 0.000827331 -0.000925796 0.00941922 -0.0175173 -0.000921174 0.00223361 -0.0175173 0.0872512 
0.0101058 -0.0182163 0.000820231 -0.000916537 -0.0182163 0.0885773 -0.000911306 0.00219488 0.000820231 -0.000911306 0.00942799 -0.0175507 -0.000916537 0.00219488 -0.0175507 0.0873575 
0.0101542 -0.0182515 0.000818709 -0.000931243 -0.0182515 0.0887609 -0.000915829 0.00221733 0.000818709 -0.000915829 0.00942764 -0.0176016 -0.000931243 0.00221733 -0.0176016 0.0876015 
0.0101169 -0.0182313 0.000810904 -0.000917167 -0.0182313 0.0885448 -0.000900685 0.00218932 0.000810904 -0.000900685 0.00939807 -0.017517 -0.000917167 0.00218932 -0.017517 0.087297 
0.0101548 -0.0183234 0.000811355 -0.00089323 -0.0183234 0.0890086 -0.000880541 0.00212289 0.000811355 -0.000880541 0.00943157 -0.0175668 -0.00089323 0.00212289 -0.0175668 0.0875789 
0.0101126 -0.0182005 0.000808842 -0.000875706 -0.0182005 0.0884754 -0.000864816 0.00205063 0.000808842 -0.000864816 0.00934279 -0.0174524 -0.000875706 0.00205063 -0.0174524 0.0870012 
0.010151 -0.0182781 0.000819635 -0.000887186 -0.0182781 0.0887809 -0.000876875 0.00205683 0.000819635 -0.000876875 0.00936231 -0.0174656 -0.000887186 0.00205683 -0.0174656 0.0871975 
0.0101775 -0.0182919 0.000811729 -0.000896004 -0.0182919 0.0888452 -0.000892082 0.0020782 0.000811729 -0.000892082 0.00937438 -0.0174652 -0.000896004 0.0020782 -0.0174652 0.0871938 
0.0101112 -0.0182464 0.000800887 -0.000876687 -0.0182464 0.0885447 -0.000885011 0.00206592 0.000800887 -0.000885011 0.00938222 -0.0174139 -0.000876687 0.00206592 -0.0174139 0.0868777 
0.0100921 -0.0182488 0.000789331 -0.00086715 -0.0182488 0.088674 -0.000881921 0.00205305 0.000789331 -0.000881921 0.00945207 -0.0175034 -0.00086715 0.00205305 -0.0175034 0.0871369 
0.0100725 -0.018267 0.000776407 -0.000863589 -0.018267 0.0888787 -0.000877495 0.00205567 0.000776407 -0.000877495 0.00955645 -0.0176286 -0.000863589 0.00205567 -0.0176286 0.0875796 
0.0100737 -0.0182529 0.000801131 -0.000850738 -0.0182529 0.0890195 -0.000858083 0.00203495 0.000801131 -0.000858083 0.00961737 -0.0177973 -0.000850738 0.00203495 -0.0177973 0.0881426 
0.0100105 -0.0181389 0.000808239 -0.000873427 -0.0181389 0.088538 -0.000872604 0.00203922 0.000808239 -0.000872604 0.00960113 -0.0177739 -0.000873427 0.00203922 -0.0177739 0.0880046 
0.0100343 -0.0181124 0.000819944 -0.000892587 -0.0181124 0.0884666 -0.000895611 0.00209679 0.000819944 -0.000895611 0.0095895 -0.0178033 -0.000892587 0.00209679 -0.0178033 0.0881403 
0.00999258 -0.0180501 0.000853462 -0.000914203 -0.0180501 0.0880416 -0.000922216 0.00217394 0.000853462 -0.000922216 0.00954138 -0.0176921 -0.000914203 0.00217394 -0.0176921 0.0877103 
0.0100246 -0.0181082 0.000865627 -0.000949719 -0.0181082 0.088273 -0.000961769 0.00225594 0.000865627 -0.000961769 0.00954843 -0.0176968 -0.000949719 0.00225594 -0.0176968 0.0877832 
0.00997377 -0.0180984 0.000866065 -0.000962331 -0.0180984 0.0881704 -0.000975789 0.00231522 0.000866065 -0.000975789 0.00954249 -0.0176319 -0.000962331 0.00231522 -0.0176319 0.0874929 
0.00996803 -0.0180957 0.000833048 -0.000959615 -0.0180957 0.0882929 -0.000971856 0.00232254 0.000833048 -0.000971856 0.00957819 -0.0176676 -0.000959615 0.00232254 -0.0176676 0.0875735 
0.0100282 -0.0181956 0.000779587 -0.000920153 -0.0181956 0.0888697 -0.000926772 0.0022549 0.000779587 -0.000926772 0.00966499 -0.0178364 -0.000920153 0.0022549 -0.0178364 0.0882809 
0.00991685 -0.0180076 0.000741891 -0.000845461 -0.0180076 0.0880008 -0.000843456 0.00208602 0.000741891 -0.000843456 0.00958259 -0.0177169 -0.000845461 0.00208602 -0.0177169 0.08762 
0.00993871 -0.0180883 0.00074571 -0.000801427 -0.0180883 0.0884571 -0.000797845 0.00193603 0.00074571 -0.000797845 0.00964803 -0.0178316 -0.000801427 0.00193603 -0.0178316 0.0882167 
0.00992234 -0.0180401 0.000740743 -0.000806559 -0.0180401 0.0883361 -0.000801196 0.00188473 0.000740743 -0.000801196 0.00963925 -0.0178252 -0.000806559 0.00188473 -0.0178252 0.0881988 
0.00989917 -0.0180216 0.000746385 -0.00081513 -0.0180216 0.0882781 -0.000804614 0.00189877 0.000746385 -0.000804614 0.00966906 -0.0178295 -0.00081513 0.00189877 -0.0178295 0.0882372 
0.00987844 -0.0179712 0.000739513 -0.000825999 -0.0179712 0.0881127 -0.000808502 0.00191879 0.000739513 -0.000808502 0.00966405 -0.0178432 -0.000825999 0.00191879 -0.0178432 0.0882043 
0.00987224 -0.0178759 0.000725577 -0.000809982 -0.0178759 0.0876324 -0.000790907 0.00189244 0.000725577 -0.000790907 0.00957097 -0.0177423 -0.000809982 0.00189244 -0.0177423 0.087745 
0.00998477 -0.0179805 0.000739232 -0.000809352 -0.0179805 0.0879944 -0.000796435 0.00190284 0.000739232 -0.000796435 0.00953662 -0.0177756 -0.000809352 0.00190284 -0.0177756 0.0880421 
0.0100321 -0.0181415 0.00075386 -0.000816417 -0.0181415 0.0884945 -0.00081299 0.00191994 0.00075386 -0.00081299 0.00956074 -0.0177577 -0.000816417 0.00191994 -0.0177577 0.0882223 
0.00997458 -0.0180873 0.00077166 -0.000831227 -0.0180873 0.0882538 -0.00083372 0.00195802 0.00077166 -0.00083372 0.00953514 -0.0176678 -0.000831227 0.00195802 -0.0176678 0.0877609 
0.0100055 -0.0181282 0.000763416 -0.00084706 -0.0181282 0.0885092 -0.000857481 0.00200071 0.000763416 -0.000857481 0.00953745 -0.0176997 -0.00084706 0.00200071 -0.0176997 0.087879 
0.0100483 -0.0182058 0.000743319 -0.000848007 -0.0182058 0.0888604 -0.000858179 0.00203627 0.000743319 -0.000858179 0.00954661 -0.0177322 -0.000848007 0.00203627 -0.0177322 0.0881003 
0.0100013 -0.018108 0.000739409 -0.000814179 -0.018108 0.0883647 -0.00082066 0.0019805 0.000739409 -0.00082066 0.00945717 -0.01759 -0.000814179 0.0019805 -0.01759 0.0874614 
0.0100368 -0.0181698 0.000754271 -0.000813158 -0.0181698 0.0886335 -0.000812246 0.00193983 0.000754271 -0.000812246 0.00945909 -0.0175972 -0.000813158 0.00193983 -0.0175972 0.0875829 
0.0100305 -0.0181907 0.000769117 -0.000842977 -0.0181907 0.0887303 -0.000837249 0.00197956 0.000769117 -0.000837249 0.0095002 -0.0175936 -0.000842977 0.00197956 -0.0175936 0.087598 
0.0100167 -0.0182185 0.000783259 -0.000854193 -0.0182185 0.088944 -0.000854553 0.00201749 0.000783259 -0.000854553 0.00956816 -0.0176824 -0.000854193 0.00201749 -0.0176824 0.0878805 
0.00998694 -0.0181406 0.000796306 -0.000868371 -0.0181406 0.0887056 -0.000871649 0.00205777 0.000796306 -0.000871649 0.00956938 -0.0177001 -0.000868371 0.00205777 -0.0177001 0.0878293 
0.0099914 -0.0181256 0.000808286 -0.000878861 -0.0181256 0.0886425 -0.00087976 0.00207864 0.000808286 -0.00087976 0.00957766 -0.017721 -0.000878861 0.00207864 -0.017721 0.087906 
0.0100112 -0.0181654 0.000815831 -0.000892981 -0.0181654 0.0887981 -0.000891162 0.00210109 0.000815831 -0.000891162 0.00962386 -0.0177692 -0.000892981 0.00210109 -0.0177692 0.0881299 
0.00993102 -0.0180834 0.000808554 -0.00089871 -0.0180834 0.088411 -0.000893953 0.00211534 0.000808554 -0.000893953 0.00963764 -0.0177435 -0.00089871 0.00211534 -0.0177435 0.0878793 
0.00998033 -0.0180786 0.000798519 -0.000902269 -0.0180786 0.0885404 -0.000898121 0.00214088 0.000798519 -0.000898121 0.00964413 -0.0178585 -0.000902269 0.00214088 -0.0178585 0.0882667 
0.00994477 -0.0179773 0.000755059 -0.00086746 -0.0179773 0.0878941 -0.000870111 0.00208038 0.000755059 -0.000870111 0.00954537 -0.0177009 -0.00086746 0.00208038 -0.0177009 0.0876416 
0.010077 -0.0181714 0.000738068 -0.000822986 -0.0181714 0.088692 -0.000833622 0.00200171 0.000738068 -0.000833622 0.00959294 -0.0178035 -0.000822986 0.00200171 -0.0178035 0.0882691 
0.00999501 -0.0180817 0.000757735 -0.000791308 -0.0180817 0.0881143 -0.00080155 0.00190726 0.000757735 -0.00080155 0.00953566 -0.0176508 -0.000791308 0.00190726 -0.0176508 0.0875641 
0.00999867 -0.018108 0.000770663 -0.000818062 -0.018108 0.0883034 -0.000819237 0.001898 0.000770663 -0.000819237 0.00956935 -0.0177044 -0.000818062 0.001898 -0.0177044 0.0877479 
0.0100101 -0.0180614 0.000766501 -0.000849409 -0.0180614 0.0881273 -0.000838725 0.00195876 0.000766501 -0.000838725 0.00954511 -0.0176933 -0.000849409 0.00195876 -0.0176933 0.0876455 
0.0100055 -0.0180881 0.000758907 -0.000846775 -0.0180881 0.0881309 -0.000830126 0.00197719 0.000758907 -0.000830126 0.00955676 -0.0176777 -0.000846775 0.00197719 -0.0176777 0.0876228 
0.0100133 -0.0181319 0.000773835 -0.000833249 -0.0181319 0.0883504 -0.000821227 0.00195885 0.000773835 -0.000821227 0.00959302 -0.0177222 -0.000833249 0.00195885 -0.0177222 0.0877917 
0.0100808 -0.0182311 0.000793087 -0.00085572 -0.0182311 0.0888836 -0.000851301 0.00199874 0.000793087 -0.000851301 0.00966377 -0.0178421 -0.00085572 0.00199874 -0.0178421 0.0883256 
0.0100688 -0.0182262 0.000801659 -0.000871555 -0.0182262 0.0888361 -0.000878841 0.00205474 0.000801659 -0.000878841 0.00967599 -0.0178532 -0.000871555 0.00205474 -0.0178532 0.0883182 
0.0100669 -0.0182332 0.000800741 -0.000876779 -0.0182332 0.0889045 -0.000891674 0.00209289 0.000800741 -0.000891674 0.00967912 -0.0178951 -0.000876779 0.00209289 -0.0178951 0.0884611 
0.0100623 -0.0182218 0.000802626 -0.000883692 -0.0182218 0.0888787 -0.000896513 0.00212513 0.000802626 -0.000896513 0.00967835 -0.0178866 -0.000883692 0.00212513 -0.0178866 0.088473 
0.0099669 -0.0180794 0.000799153 -0.000874249 -0.0180794 0.0881967 -0.000887999 0.00211146 0.000799153 -0.000887999 0.00961774 -0.0177501 -0.000874249 0.00211146 -0.0177501 0.0878028 
0.0100229 -0.0181775 0.000795897 -0.000878487 -0.0181775 0.0887388 -0.000893532 0.00211958 0.000795897 -0.000893532 0.00969847 -0.017868 -0.000878487 0.00211958 -0.017868 0.0883511 
0.0100031 -0.018161 0.000788012 -0.00087395 -0.018161 0.0886661 -0.000886591 0.00211503 0.000788012 -0.000886591 0.0097186 -0.0178742 -0.00087395 0.00211503 -0.0178742 0.088312 
0.00994757 -0.0181065 0.000787764 -0.000871009 -0.0181065 0.0884795 -0.000881551 0.0021151 0.000787764 -0.000881551 0.00975895 -0.0178984 -0.000871009 0.0021151 -0.0178984 0.0882965 
0.00987728 -0.0180157 0.000784352 -0.000867955 -0.0180157 0.08815 -0.00087523 0.00210177 0.000784352 -0.00087523 0.00976764 -0.0178991 -0.000867955 0.00210177 -0.0178991 0.0881548 
0.0099197 -0.0180616 0.000768022 -0.000865296 -0.0180616 0.0884906 -0.00087035 0.0020899 0.000768022 -0.00087035 0.00982292 -0.0180248 -0.000865296 0.0020899 -0.0180248 0.088681 
0.00987455 -0.0179513 0.000762433 -0.000837196 -0.0179513 0.0879827 -0.000841144 0.00203556 0.000762433 -0.000841144 0.00974803 -0.01797 -0.000837196 0.00203556 -0.01797 0.088381 
0.00983718 -0.017944 0.000768033 -0.000837881 -0.017944 0.0878952 -0.000840209 0.00201519 0.000768033 -0.000840209 0.00973216 -0.0179139 -0.000837881 0.00201519 -0.0179139 0.0882744 
0.00985122 -0.0179721 0.00075191 -0.000847802 -0.0179721 0.0881078 -0.000846207 0.00202075 0.00075191 -0.000846207 0.00975098 -0.0179254 -0.000847802 0.00202075 -0.0179254 0.0883813 
0.00985683 -0.0179774 0.000734346 -0.000841893 -0.0179774 0.0881647 -0.000835168 0.002027 0.000734346 -0.000835168 0.00978988 -0.0179296 -0.000841893 0.002027 -0.0179296 0.0883838 
0.00987557 -0.0180496 0.000752264 -0.00082022 -0.0180496 0.088514 -0.00081114 0.00199084 0.000752264 -0.00081114 0.00984335 -0.0180292 -0.00082022 0.00199084 -0.0180292 0.0887402 
0.0098081 -0.0178864 0.000777772 -0.000842224 -0.0178864 0.0878096 -0.000835205 0.00201142 0.000777772 -0.000835205 0.00975987 -0.0179222 -0.000842224 0.00201142 -0.0179222 0.0881424 
0.00988408 -0.0180317 0.000794221 -0.000880131 -0.0180317 0.0884906 -0.000877832 0.00209858 0.000794221 -0.000877832 0.0098156 -0.0180605 -0.000880131 0.00209858 -0.0180605 0.0888779 
0.00982417 -0.0178944 0.00078842 -0.000883027 -0.0178944 0.0878305 -0.000884395 0.00212947 0.00078842 -0.000884395 0.00971287 -0.0178953 -0.000883027 0.00212947 -0.0178953 0.0881753 
0.00987035 -0.0178957 0.00079768 -0.000878658 -0.0178957 0.0877839 -0.000876869 0.0021288 0.00079768 -0.000876869 0.00964762 -0.0178378 -0.000878658 0.0021288 -0.0178378 0.0880116 
0.00995657 -0.0180799 0.000812754 -0.000893106 -0.0180799 0.0884797 -0.000884526 0.00213824 0.000812754 -0.000884526 0.00968441 -0.0178781 -0.000893106 0.00213824 -0.0178781 0.0884231 
