0.00748195 0 0.00095103 0 0 0.00991805 0 0 0.00095103 0 0.00642706 0 0 0 0 0.00991805 
0.0105833 -0.0131232 0.00121567 -0.00148164 -0.0131232 0.0343049 -0.00148164 0.00284084 0.00121567 -0.00148164 0.0092027 -0.0114378 -0.00148164 0.00284084 -0.0114378 0.0310731 
0.0104505 -0.0193308 0.00104855 -0.00151783 -0.0193308 0.0708135 -0.00151783 0.00472374 0.00104855 -0.00151783 0.00930659 -0.0175099 -0.00151783 0.00472374 -0.0175099 0.0651195 
0.00985688 -0.0186833 0.000975552 -0.0009565 -0.0186833 0.0831334 -0.000946799 0.00262778 0.000975552 -0.000946799 0.00881455 -0.0175571 -0.0009565 0.00262778 -0.0175571 0.0796137 
0.00983612 -0.0180389 0.00104223 -0.000936355 -0.0180389 0.0858548 -0.000920022 0.00158508 0.00104223 -0.000920022 0.00877136 -0.0169779 -0.000936355 0.00158508 -0.0169779 0.0835732 
0.00999435 -0.0181008 0.00109429 -0.00112523 -0.0181008 0.087481 -0.00111183 0.00193365 0.00109429 -0.00111183 0.00896465 -0.016923 -0.00112523 0.00193365 -0.016923 0.085103 
0.0100942 -0.0182252 0.00108245 -0.00121327 -0.0182252 0.0884951 -0.00120504 0.00241828 0.00108245 -0.00120504 0.00911281 -0.0170934 -0.00121327 0.00241828 -0.0170934 0.0860118 
0.0101296 -0.0182444 0.00105041 -0.00118129 -0.0182444 0.08879 -0.00117816 0.00257714 0.00105041 -0.00117816 0.00914806 -0.0171787 -0.00118129 0.00257714 -0.0171787 0.0863598 
0.0100852 -0.018149 0.00100127 -0.00112221 -0.018149 0.088386 -0.00112454 0.00251647 0.00100127 -0.00112454 0.00912874 -0.0171296 -0.00112221 0.00251647 -0.0171296 0.0861166 
0.0100912 -0.0181326 0.000982015 -0.00106326 -0.0181326 0.0882664 -0.00106535 0.0023864 0.000982015 -0.00106535 0.0091431 -0.0171171 -0.00106326 0.0023864 -0.0171171 0.0860374 
0.010194 -0.0183184 0.000992892 -0.00104024 -0.0183184 0.0890537 -0.00103913 0.00228024 0.000992892 -0.00103913 0.0092389 -0.0172842 -0.00104024 0.00228024 -0.0172842 0.0867784 
0.0101801 -0.0182279 0.000974107 -0.00103484 -0.0182279 0.0885576 -0.00102927 0.00220974 0.000974107 -0.00102927 0.00915536 -0.0172226 -0.00103484 0.00220974 -0.0172226 0.0863449 
0.0102099 -0.0183028 0.000989874 -0.00102389 -0.0183028 0.0887346 -0.00102057 0.00218433 0.000989874 -0.00102057 0.00914168 -0.0172164 -0.00102389 0.00218433 -0.0172164 0.0864348 
0.0101907 -0.0183774 0.00101119 -0.00103592 -0.0183774 0.0890123 -0.00103569 0.00218461 0.00101119 -0.00103569 0.00918034 -0.0172033 -0.00103592 0.00218461 -0.0172033 0.0864769 
0.0101253 -0.0182918 0.000988628 -0.00107091 -0.0182918 0.0888163 -0.00106792 0.00225406 0.000988628 -0.00106792 0.00920543 -0.0172181 -0.00107091 0.00225406 -0.0172181 0.0863729 
0.0101305 -0.0182209 0.000966529 -0.00105424 -0.0182209 0.0886269 -0.00104665 0.00226828 0.000966529 -0.00104665 0.00918224 -0.0172536 -0.00105424 0.00226828 -0.0172536 0.0864091 
0.0101823 -0.018298 0.000956022 -0.00102155 -0.018298 0.0888813 -0.0010171 0.00220974 0.000956022 -0.0010171 0.00917574 -0.0172806 -0.00102155 0.00220974 -0.0172806 0.0866666 
0.0102063 -0.0183311 0.000953572 -0.000996759 -0.0183311 0.0889617 -0.0010009 0.00214322 0.000953572 -0.0010009 0.00914228 -0.0172418 -0.000996759 0.00214322 -0.0172418 0.0866071 
0.0101808 -0.0183366 0.000958701 -0.000991885 -0.0183366 0.0889303 -0.00100272 0.00211923 0.000958701 -0.00100272 0.0091334 -0.0171734 -0.000991885 0.00211923 -0.0171734 0.0863895 
0.0101953 -0.0183657 0.000934109 -0.00100789 -0.0183657 0.0891554 -0.00101821 0.00214749 0.000934109 -0.00101821 0.00914837 -0.0172142 -0.00100789 0.00214749 -0.0172142 0.0865447 
0.0101448 -0.0182631 0.000909549 -0.000979491 -0.0182631 0.0887156 -0.000985835 0.00212082 0.000909549 -0.000985835 0.00909457 -0.0171399 -0.000979491 0.00212082 -0.0171399 0.0861742 
0.0101341 -0.0182483 0.000900753 -0.000954715 -0.0182483 0.088665 -0.000955634 0.00206089 0.000900753 -0.000955634 0.00909066 -0.0171265 -0.000954715 0.00206089 -0.0171265 0.0861683 
0.0101863 -0.018355 0.00090821 -0.000954261 -0.018355 0.0892015 -0.000952247 0.00203984 0.00090821 -0.000952247 0.00916211 -0.0172185 -0.000954261 0.00203984 -0.0172185 0.0866696 
0.0101621 -0.0183474 0.000924586 -0.00095044 -0.0183474 0.0891667 -0.0009503 0.00201938 0.000924586 -0.0009503 0.00918166 -0.0172026 -0.00095044 0.00201938 -0.0172026 0.0865633 
0.0101211 -0.0182156 0.000930112 -0.000971698 -0.0182156 0.0886324 -0.000970137 0.0020492 0.000930112 -0.000970137 0.00913863 -0.0171545 -0.000971698 0.0020492 -0.0171545 0.0861687 
0.010189 -0.0183692 0.000908773 -0.000996077 -0.0183692 0.0893008 -0.00099607 0.00211918 0.000908773 -0.00099607 0.00923382 -0.0173025 -0.000996077 0.00211918 -0.0173025 0.0869033 
0.0100911 -0.0181959 0.000891927 -0.000949943 -0.0181959 0.0884989 -0.000950765 0.00206276 0.000891927 -0.000950765 0.00916104 -0.0171838 -0.000949943 0.00206276 -0.0171838 0.0862157 
0.010081 -0.0182016 0.000883933 -0.000940011 -0.0182016 0.0885887 -0.000938502 0.00201912 0.000883933 -0.000938502 0.00918667 -0.017246 -0.000940011 0.00201912 -0.017246 0.0864846 
0.0100558 -0.0182201 0.000871945 -0.000930444 -0.0182201 0.0887109 -0.000925843 0.00198461 0.000871945 -0.000925843 0.00922711 -0.0172579 -0.000930444 0.00198461 -0.0172579 0.0866091 
0.0100368 -0.0181418 0.000910932 -0.00092066 -0.0181418 0.0884991 -0.000912215 0.00196039 0.000910932 -0.000912215 0.0092143 -0.0172623 -0.00092066 0.00196039 -0.0172623 0.0865174 
0.0100352 -0.0180997 0.000919005 -0.000967712 -0.0180997 0.0883163 -0.000962033 0.00202811 0.000919005 -0.000962033 0.00918685 -0.0172659 -0.000967712 0.00202811 -0.0172659 0.0865159 
0.0101103 -0.0182608 0.000953931 -0.000994106 -0.0182608 0.0890056 -0.000999428 0.00213847 0.000953931 -0.000999428 0.00924224 -0.0173587 -0.000994106 0.00213847 -0.0173587 0.0871228 
0.0101244 -0.0182447 0.000987387 -0.00102224 -0.0182447 0.0889114 -0.00103075 0.00221345 0.000987387 -0.00103075 0.00920167 -0.0172864 -0.00102224 0.00221345 -0.0172864 0.0868432 
0.0101394 -0.0182315 0.000966347 -0.0010675 -0.0182315 0.0887632 -0.00107106 0.00231597 0.000966347 -0.00107106 0.00915542 -0.0172231 -0.0010675 0.00231597 -0.0172231 0.0865643 
0.0101029 -0.0182197 0.000919866 -0.00103258 -0.0182197 0.0885668 -0.00103784 0.00229852 0.000919866 -0.00103784 0.00913127 -0.0171278 -0.00103258 0.00229852 -0.0171278 0.0861663 
0.010111 -0.0182779 0.00090412 -0.000982391 -0.0182779 0.0888946 -0.000995306 0.00221617 0.00090412 -0.000995306 0.00920435 -0.0171925 -0.000982391 0.00221617 -0.0171925 0.0864149 
0.0101441 -0.0183259 0.000892836 -0.00094715 -0.0183259 0.0892424 -0.000959475 0.00210049 0.000892836 -0.000959475 0.0092604 -0.0173277 -0.00094715 0.00210049 -0.0173277 0.0868899 
0.0100666 -0.0181656 0.000879117 -0.000927459 -0.0181656 0.0884852 -0.000936432 0.00202047 0.000879117 -0.000936432 0.00917857 -0.0172219 -0.000927459 0.00202047 -0.0172219 0.0863189 
0.0100988 -0.0182946 0.00087898 -0.000935757 -0.0182946 0.0891226 -0.000942472 0.00202704 0.00087898 -0.000942472 0.00929255 -0.0173683 -0.000935757 0.00202704 -0.0173683 0.0870908 
0.0100409 -0.0181825 0.000877369 -0.000921992 -0.0181825 0.0886891 -0.000924843 0.00199399 0.000877369 -0.000924843 0.00925156 -0.0173162 -0.000921992 0.00199399 -0.0173162 0.0867398 
0.0100496 -0.0181319 0.000895463 -0.000933614 -0.0181319 0.0884973 -0.000932556 0.00200776 0.000895463 -0.000932556 0.00922528 -0.0173049 -0.000933614 0.00200776 -0.0173049 0.0866806 
0.0100703 -0.0181523 0.000910276 -0.000959515 -0.0181523 0.0884708 -0.000955362 0.00205681 0.000910276 -0.000955362 0.00921126 -0.0172718 -0.000959515 0.00205681 -0.0172718 0.0866082 
0.010064 -0.0182047 0.000896338 -0.000976082 -0.0182047 0.0886574 -0.000969093 0.00209853 0.000896338 -0.000969093 0.00924323 -0.017299 -0.000976082 0.00209853 -0.017299 0.0867412 
0.0101125 -0.0182306 0.000863296 -0.000964208 -0.0182306 0.0888859 -0.000952733 0.00209479 0.000863296 -0.000952733 0.00922955 -0.0173638 -0.000964208 0.00209479 -0.0173638 0.0869952 
0.0101394 -0.0182368 0.000851503 -0.000926029 -0.0182368 0.0888243 -0.000915395 0.00203437 0.000851503 -0.000915395 0.00918147 -0.0173023 -0.000926029 0.00203437 -0.0173023 0.0868629 
0.0100514 -0.0181836 0.000861765 -0.00090033 -0.0181836 0.088448 -0.000893107 0.00195933 0.000861765 -0.000893107 0.00917598 -0.0171693 -0.00090033 0.00195933 -0.0171693 0.0863307 
0.0100397 -0.0182494 0.000856314 -0.00091947 -0.0182494 0.0889527 -0.000913406 0.00196645 0.000856314 -0.000913406 0.00929963 -0.0173191 -0.00091947 0.00196645 -0.0173191 0.0868744 
0.010008 -0.0181742 0.000830319 -0.00090568 -0.0181742 0.0888698 -0.000900895 0.00195201 0.000830319 -0.000900895 0.0093332 -0.0174299 -0.00090568 0.00195201 -0.0174299 0.087149 
0.0099976 -0.0180939 0.000815846 -0.000882339 -0.0180939 0.0885982 -0.000877576 0.00191536 0.000815846 -0.000877576 0.00931587 -0.017456 -0.000882339 0.00191536 -0.017456 0.0872405 
0.0100689 -0.0181397 0.000804435 -0.000874444 -0.0181397 0.0887195 -0.000870629 0.00189644 0.000804435 -0.000870629 0.00928375 -0.0174542 -0.000874444 0.00189644 -0.0174542 0.0873724 
0.0100924 -0.0181218 0.000812638 -0.00085939 -0.0181218 0.0883722 -0.000855983 0.00186864 0.000812638 -0.000855983 0.00919894 -0.0172788 -0.00085939 0.00186864 -0.0172788 0.0867156 
0.0101372 -0.0181896 0.000829227 -0.000860416 -0.0181896 0.0884644 -0.000858751 0.00184913 0.000829227 -0.000858751 0.00915507 -0.0172267 -0.000860416 0.00184913 -0.0172267 0.0864881 
0.0101693 -0.0183162 0.000843237 -0.000872877 -0.0183162 0.0889041 -0.000873958 0.00185597 0.000843237 -0.000873958 0.00917187 -0.0172272 -0.000872877 0.00185597 -0.0172272 0.0865786 
0.0101511 -0.0183312 0.000834889 -0.00088483 -0.0183312 0.0890499 -0.000885788 0.00187316 0.000834889 -0.000885788 0.00918594 -0.0172432 -0.00088483 0.00187316 -0.0172432 0.0866085 
0.0101622 -0.0183168 0.000817138 -0.000877934 -0.0183168 0.0890847 -0.00087773 0.00187215 0.000817138 -0.00087773 0.00917715 -0.0172516 -0.000877934 0.00187215 -0.0172516 0.086633 
0.0101864 -0.0183734 0.000791574 -0.000857965 -0.0183734 0.0893339 -0.000858561 0.001838 0.000791574 -0.000858561 0.00922181 -0.0172902 -0.000857965 0.001838 -0.0172902 0.0868719 
0.0100936 -0.0182369 0.000769382 -0.000810342 -0.0182369 0.088701 -0.000813097 0.00173563 0.000769382 -0.000813097 0.00916871 -0.0171975 -0.000810342 0.00173563 -0.0171975 0.0863128 
0.0101225 -0.0182726 0.00076915 -0.000796791 -0.0182726 0.0889408 -0.000798064 0.00168051 0.00076915 -0.000798064 0.00919081 -0.0172588 -0.000796791 0.00168051 -0.0172588 0.086609 
0.0101327 -0.0182614 0.000790364 -0.000802627 -0.0182614 0.0889123 -0.000800726 0.00167645 0.000790364 -0.000800726 0.00919013 -0.017273 -0.000802627 0.00167645 -0.017273 0.0866884 
0.010138 -0.0182444 0.000803987 -0.000838141 -0.0182444 0.0887809 -0.000831124 0.00173705 0.000803987 -0.000831124 0.009176 -0.0172421 -0.000838141 0.00173705 -0.0172421 0.0865729 
0.0102173 -0.018354 0.000819712 -0.000869662 -0.018354 0.0892759 -0.00085804 0.00182761 0.000819712 -0.00085804 0.0092241 -0.0173583 -0.000869662 0.00182761 -0.0173583 0.0871206 
0.010163 -0.0183204 0.000815617 -0.000873768 -0.0183204 0.089022 -0.000865848 0.00186032 0.000815617 -0.000865848 0.00922247 -0.0173011 -0.000873768 0.00186032 -0.0173011 0.0868653 
0.0101909 -0.0183617 0.000811682 -0.000870696 -0.0183617 0.0892996 -0.000867001 0.00187126 0.000811682 -0.000867001 0.00923125 -0.0173731 -0.000870696 0.00187126 -0.0173731 0.0871378 
0.0102182 -0.0183839 0.000781477 -0.000858512 -0.0183839 0.0893796 -0.0008542 0.00184662 0.000781477 -0.0008542 0.00919462 -0.0173409 -0.000858512 0.00184662 -0.0173409 0.0871053 
0.0102153 -0.0184056 0.000764999 -0.000818957 -0.0184056 0.0893841 -0.000811213 0.00176742 0.000764999 -0.000811213 0.00916187 -0.0172517 -0.000818957 0.00176742 -0.0172517 0.0868372 
0.0101242 -0.0182875 0.000754312 -0.00080641 -0.0182875 0.0888437 -0.000795946 0.0017197 0.000754312 -0.000795946 0.00911474 -0.0171159 -0.00080641 0.0017197 -0.0171159 0.0861616 
0.0101009 -0.0182915 0.000744036 -0.000805183 -0.0182915 0.089007 -0.000793655 0.00171239 0.000744036 -0.000793655 0.00917596 -0.0171891 -0.000805183 0.00171239 -0.0171891 0.0864125 
0.0100831 -0.0182301 0.000740097 -0.000808046 -0.0182301 0.0889086 -0.000794469 0.00173347 0.000740097 -0.000794469 0.00921084 -0.0172617 -0.000808046 0.00173347 -0.0172617 0.0866094 
0.0101146 -0.0182288 0.000741788 -0.000802042 -0.0182288 0.0889318 -0.000787837 0.00172926 0.000741788 -0.000787837 0.00921022 -0.0173206 -0.000802042 0.00172926 -0.0173206 0.0868554 
0.0101545 -0.0182508 0.000759165 -0.000795338 -0.0182508 0.0889312 -0.000785642 0.00171431 0.000759165 -0.000785642 0.00917298 -0.0172993 -0.000795338 0.00171431 -0.0172993 0.0868667 
0.0101618 -0.0182762 0.000761794 -0.000800935 -0.0182762 0.0888509 -0.000799207 0.00170983 0.000761794 -0.000799207 0.00911517 -0.0171793 -0.000800935 0.00170983 -0.0171793 0.086476 
0.0101683 -0.0183521 0.000717575 -0.000812226 -0.0183521 0.0891501 -0.000820435 0.00175205 0.000717575 -0.000820435 0.00916089 -0.0171636 -0.000812226 0.00175205 -0.0171636 0.0864727 
0.0100941 -0.0182544 0.000699913 -0.000762375 -0.0182544 0.0887864 -0.000776356 0.00170999 0.000699913 -0.000776356 0.00917997 -0.0171385 -0.000762375 0.00170999 -0.0171385 0.0861337 
0.0100806 -0.0182745 0.000680211 -0.0007374 -0.0182745 0.0890166 -0.000748737 0.00163112 0.000680211 -0.000748737 0.00925595 -0.0172803 -0.0007374 0.00163112 -0.0172803 0.0865997 
0.0100686 -0.0181962 0.00068805 -0.000722472 -0.0181962 0.0888457 -0.00072435 0.00158 0.00068805 -0.00072435 0.00926778 -0.017373 -0.000722472 0.00158 -0.017373 0.0868872 
0.0101267 -0.0182309 0.0007385 -0.000736028 -0.0182309 0.0889913 -0.000729529 0.00157372 0.0007385 -0.000729529 0.00925616 -0.017438 -0.000736028 0.00157372 -0.017438 0.0872787 
0.0101386 -0.0182553 0.000746609 -0.000793777 -0.0182553 0.0889383 -0.000784844 0.00165674 0.000746609 -0.000784844 0.00922248 -0.0173596 -0.000793777 0.00165674 -0.0173596 0.0871215 
0.0101092 -0.0181703 0.00072575 -0.000804788 -0.0181703 0.0884453 -0.000800214 0.00173037 0.00072575 -0.000800214 0.00913456 -0.0171988 -0.000804788 0.00173037 -0.0171988 0.0864056 
0.0101468 -0.0182475 0.000721319 -0.000789033 -0.0182475 0.0887041 -0.000792673 0.00175175 0.000721319 -0.000792673 0.00913101 -0.0171938 -0.000789033 0.00175175 -0.0171938 0.0864319 
0.0102152 -0.0183692 0.000730205 -0.00077256 -0.0183692 0.0892488 -0.00077859 0.00171526 0.000730205 -0.00077859 0.00913798 -0.017257 -0.00077256 0.00171526 -0.017257 0.0867846 
0.0101522 -0.0182773 0.000725797 -0.000777154 -0.0182773 0.088752 -0.000782028 0.00170055 0.000725797 -0.000782028 0.0090619 -0.0170874 -0.000777154 0.00170055 -0.0170874 0.0860864 
0.010228 -0.0184463 0.000720099 -0.0007926 -0.0184463 0.0895858 -0.000792787 0.00173546 0.000720099 -0.000792787 0.00915466 -0.0172071 -0.0007926 0.00173546 -0.0172071 0.0867215 
0.0101923 -0.0183831 0.000674206 -0.000763022 -0.0183831 0.0893431 -0.000757349 0.00167249 0.000674206 -0.000757349 0.00911989 -0.0171638 -0.000763022 0.00167249 -0.0171638 0.0864234 
0.0101553 -0.018318 0.000657473 -0.000707447 -0.018318 0.0890633 -0.000705184 0.00156348 0.000657473 -0.000705184 0.00909356 -0.0171091 -0.000707447 0.00156348 -0.0171091 0.0861616 
0.0101216 -0.0182479 0.000651459 -0.000693794 -0.0182479 0.0887687 -0.000691836 0.00150058 0.000651459 -0.000691836 0.00907567 -0.0170721 -0.000693794 0.00150058 -0.0170721 0.0859516 
0.0101946 -0.0183809 0.000650434 -0.000700237 -0.0183809 0.089403 -0.00069453 0.00149899 0.000650434 -0.00069453 0.00915269 -0.0171976 -0.000700237 0.00149899 -0.0171976 0.0865802 
0.010166 -0.0183781 0.000629188 -0.000683798 -0.0183781 0.0893801 -0.000682978 0.00146692 0.000629188 -0.000682978 0.00918364 -0.0172012 -0.000683798 0.00146692 -0.0172012 0.0865609 
0.0101157 -0.0183105 0.000649518 -0.000645674 -0.0183105 0.0891265 -0.000652877 0.00139149 0.000649518 -0.000652877 0.00918004 -0.017187 -0.000645674 0.00139149 -0.017187 0.0863675 
0.0101341 -0.0183178 0.00066757 -0.000670667 -0.0183178 0.0892885 -0.000676364 0.00138729 0.00066757 -0.000676364 0.00921351 -0.0172914 -0.000670667 0.00138729 -0.0172914 0.0867736 
0.0101427 -0.0182423 0.000704287 -0.000699086 -0.0182423 0.0889461 -0.000703905 0.0014479 0.000704287 -0.000703905 0.00915929 -0.0172601 -0.000699086 0.0014479 -0.0172601 0.0866375 
0.0101404 -0.0182251 0.000713199 -0.000740671 -0.0182251 0.0886689 -0.00074701 0.00153723 0.000713199 -0.00074701 0.00910223 -0.0171551 -0.000740671 0.00153723 -0.0171551 0.0862858 
0.0101467 -0.0182587 0.000700352 -0.000758548 -0.0182587 0.0887236 -0.000768348 0.00161952 0.000700352 -0.000768348 0.0090904 -0.0171202 -0.000758548 0.00161952 -0.0171202 0.0861821 
0.0101496 -0.0182519 0.000693173 -0.000748635 -0.0182519 0.088697 -0.000754283 0.00163647 0.000693173 -0.000754283 0.00906659 -0.0171033 -0.000748635 0.00163647 -0.0171033 0.086087 
0.0102063 -0.0184034 0.000670181 -0.000753385 -0.0184034 0.0893989 -0.000752535 0.00165048 0.000670181 -0.000752535 0.00916868 -0.0172166 -0.000753385 0.00165048 -0.0172166 0.0867156 
0.0101632 -0.0183338 0.000622318 -0.000711561 -0.0183338 0.0891474 -0.000706398 0.00157133 0.000622318 -0.000706398 0.00917461 -0.0172062 -0.000711561 0.00157133 -0.0172062 0.0865193 
0.0102142 -0.0183656 0.000625588 -0.00065468 -0.0183656 0.0893559 -0.000650156 0.00144317 0.000625588 -0.000650156 0.00917608 -0.0172952 -0.00065468 0.00144317 -0.0172952 0.0868535 
0.0101741 -0.0182665 0.000632719 -0.000649818 -0.0182665 0.0887648 -0.000645262 0.00137222 0.000632719 -0.000645262 0.00906992 -0.0171488 -0.000649818 0.00137222 -0.0171488 0.086254 
0.0102289 -0.0184125 0.000635826 -0.000671016 -0.0184125 0.0893453 -0.00066827 0.00140072 0.000635826 -0.00066827 0.00912653 -0.0171763 -0.000671016 0.00140072 -0.0171763 0.0865913 
0.0101685 -0.0183308 0.000607592 -0.000673335 -0.0183308 0.0890176 -0.000670439 0.00142444 0.000607592 -0.000670439 0.00911654 -0.017122 -0.000673335 0.00142444 -0.017122 0.0862099 
0.0101794 -0.0184113 0.000619769 -0.000653054 -0.0184113 0.0895159 -0.000649637 0.00141496 0.000619769 -0.000649637 0.00922265 -0.017284 -0.000653054 0.00141496 -0.017284 0.0868667 
0.010144 -0.0183269 0.000641904 -0.000656958 -0.0183269 0.0892693 -0.000644577 0.00138533 0.000641904 -0.000644577 0.0092209 -0.0173097 -0.000656958 0.00138533 -0.0173097 0.0868567 
0.0101152 -0.0182236 0.000659429 -0.000687109 -0.0182236 0.0887765 -0.000663333 0.00141285 0.000659429 -0.000663333 0.00915447 -0.0172262 -0.000687109 0.00141285 -0.0172262 0.0864713 
0.0101948 -0.018304 0.000676381 -0.000726118 -0.018304 0.0890798 -0.000701837 0.00150723 0.000676381 -0.000701837 0.00914202 -0.0172571 -0.000726118 0.00150723 -0.0172571 0.0867248 
0.0101986 -0.0183023 0.000660408 -0.000731235 -0.0183023 0.0888761 -0.000719938 0.001559 0.000660408 -0.000719938 0.009084 -0.017126 -0.000731235 0.001559 -0.017126 0.0862565 
0.0102095 -0.0183261 0.000656124 -0.000707082 -0.0183261 0.088896 -0.000710248 0.00155405 0.000656124 -0.000710248 0.00905775 -0.01708 -0.000707082 0.00155405 -0.01708 0.0860502 
0.0102202 -0.0184099 0.000627422 -0.000689526 -0.0184099 0.0892683 -0.000699414 0.00151089 0.000627422 -0.000699414 0.00911148 -0.0171226 -0.000689526 0.00151089 -0.0171226 0.0862817 
0.0102027 -0.0183686 0.000591084 -0.000654119 -0.0183686 0.0892243 -0.000665364 0.00144008 0.000591084 -0.000665364 0.00910328 -0.01717 -0.000654119 0.00144008 -0.01717 0.0863666 
0.0101973 -0.0183361 0.000572161 -0.000616673 -0.0183361 0.089126 -0.000624907 0.00135525 0.000572161 -0.000624907 0.0090862 -0.0171692 -0.000616673 0.00135525 -0.0171692 0.0864248 
0.0102049 -0.0183543 0.000569798 -0.000605047 -0.0183543 0.0891917 -0.000609543 0.00130693 0.000569798 -0.000609543 0.00908727 -0.0171593 -0.000605047 0.00130693 -0.0171593 0.0864878 
0.0101484 -0.0182928 0.000567477 -0.000604316 -0.0182928 0.0888834 -0.00060631 0.00129494 0.000567477 -0.00060631 0.00908969 -0.0170763 -0.000604316 0.00129494 -0.0170763 0.0861184 
0.010193 -0.0183819 0.000596743 -0.000612564 -0.0183819 0.0893697 -0.000610507 0.00131163 0.000596743 -0.000610507 0.0091825 -0.0171943 -0.000612564 0.00131163 -0.0171943 0.0865704 
0.0101383 -0.0182843 0.000621347 -0.000638048 -0.0182843 0.0889679 -0.000634388 0.00134861 0.000621347 -0.000634388 0.00919226 -0.0172058 -0.000638048 0.00134861 -0.0172058 0.0863933 
0.0101136 -0.018247 0.000636362 -0.000666253 -0.018247 0.0888282 -0.000663316 0.00141008 0.000636362 -0.000663316 0.00918965 -0.0172513 -0.000666253 0.00141008 -0.0172513 0.0864819 
0.0101122 -0.0182762 0.00062468 -0.000690704 -0.0182762 0.0889867 -0.0006919 0.00148554 0.00062468 -0.0006919 0.00921146 -0.0172908 -0.000690704 0.00148554 -0.0172908 0.0867288 
0.0100819 -0.0181904 0.000607726 -0.000669494 -0.0181904 0.0886539 -0.000672015 0.0014775 0.000607726 -0.000672015 0.00916272 -0.0172355 -0.000669494 0.0014775 -0.0172355 0.0864677 
0.0101377 -0.0183114 0.000597599 -0.000653252 -0.0183114 0.089193 -0.000651316 0.00143738 0.000597599 -0.000651316 0.00921238 -0.0173025 -0.000653252 0.00143738 -0.0173025 0.0869186 
0.0100971 -0.0182419 0.00060512 -0.000631311 -0.0182419 0.0888693 -0.000629414 0.00137811 0.00060512 -0.000629414 0.00917714 -0.0172221 -0.000631311 0.00137811 -0.0172221 0.0865162 
0.0101415 -0.0183222 0.000635324 -0.000639847 -0.0183222 0.0892747 -0.000642164 0.00136894 0.000635324 -0.000642164 0.0091968 -0.0173 -0.000639847 0.00136894 -0.0173 0.0868845 
0.0100844 -0.0182479 0.000606748 -0.00067293 -0.0182479 0.0889021 -0.000680339 0.00142688 0.000606748 -0.000680339 0.00916109 -0.0171953 -0.00067293 0.00142688 -0.0171953 0.0864553 
0.0100637 -0.0181868 0.00059816 -0.000650884 -0.0181868 0.0886677 -0.000657554 0.00143696 0.00059816 -0.000657554 0.00913339 -0.0171536 -0.000650884 0.00143696 -0.0171536 0.0862151 
0.0100849 -0.018199 0.000614176 -0.000647881 -0.018199 0.0887293 -0.000651178 0.00142835 0.000614176 -0.000651178 0.00915064 -0.0171792 -0.000647881 0.00142835 -0.0171792 0.0863324 
0.0100748 -0.0181618 0.000633214 -0.000648671 -0.0181618 0.0885162 -0.000650278 0.00140342 0.000633214 -0.000650278 0.00912835 -0.0171591 -0.000648671 0.00140342 -0.0171591 0.0861961 
0.0101201 -0.0182118 0.000655088 -0.000670237 -0.0182118 0.0886829 -0.000671565 0.0014247 0.000655088 -0.000671565 0.00911021 -0.0171729 -0.000670237 0.0014247 -0.0171729 0.0863145 
0.0101867 -0.0183338 0.000670495 -0.000704047 -0.0183338 0.0891481 -0.000708059 0.00149842 0.000670495 -0.000708059 0.00913153 -0.0172001 -0.000704047 0.00149842 -0.0172001 0.086593 
0.0102052 -0.0184017 0.000674739 -0.000713291 -0.0184017 0.0894454 -0.000718776 0.00153415 0.000674739 -0.000718776 0.00915225 -0.0172293 -0.000713291 0.00153415 -0.0172293 0.0867576 
0.0101512 -0.018314 0.000662747 -0.000715136 -0.018314 0.0891032 -0.000717984 0.00154241 0.000662747 -0.000717984 0.00912879 -0.0171755 -0.000715136 0.00154241 -0.0171755 0.0864579 
0.010159 -0.0183059 0.000666013 -0.000711262 -0.0183059 0.0891141 -0.000710893 0.00154464 0.000666013 -0.000710893 0.00914985 -0.0171927 -0.000711262 0.00154464 -0.0171927 0.0865237 
0.0101511 -0.0182618 0.000690172 -0.000712729 -0.0182618 0.0888846 -0.000712297 0.00154356 0.000690172 -0.000712297 0.00913105 -0.0171823 -0.000712729 0.00154356 -0.0171823 0.0863948 
0.0102062 -0.0183711 0.000719705 -0.000746529 -0.0183711 0.0893181 -0.000746658 0.00159957 0.000719705 -0.000746658 0.00915689 -0.0172494 -0.000746529 0.00159957 -0.0172494 0.0867675 
0.0101516 -0.0183017 0.000696217 -0.000774359 -0.0183017 0.0889235 -0.000771517 0.00166029 0.000696217 -0.000771517 0.00909332 -0.0171214 -0.000774359 0.00166029 -0.0171214 0.0862102 
0.0101124 -0.0183133 0.000668423 -0.000750467 -0.0183133 0.0890195 -0.000750612 0.00165685 0.000668423 -0.000750612 0.00913007 -0.0171173 -0.000750467 0.00165685 -0.0171173 0.0862057 
0.0100785 -0.0182701 0.000646496 -0.000710958 -0.0182701 0.0889884 -0.000715085 0.00158352 0.000646496 -0.000715085 0.00915971 -0.0171448 -0.000710958 0.00158352 -0.0171448 0.0862177 
0.0100751 -0.0182539 0.000635731 -0.000681937 -0.0182539 0.0890534 -0.000684536 0.001501 0.000635731 -0.000684536 0.0092118 -0.017225 -0.000681937 0.001501 -0.017225 0.0864939 
0.0100824 -0.0182958 0.000606844 -0.000662163 -0.0182958 0.0892825 -0.000661382 0.00142484 0.000606844 -0.000661382 0.00927487 -0.0173108 -0.000662163 0.00142484 -0.0173108 0.086852 
0.0100033 -0.0181148 0.000591675 -0.000627053 -0.0181148 0.0885035 -0.000625574 0.00134695 0.000591675 -0.000625574 0.00919851 -0.0172299 -0.000627053 0.00134695 -0.0172299 0.086312 
0.0100767 -0.0182103 0.000586581 -0.000623405 -0.0182103 0.088958 -0.00062495 0.00132507 0.000586581 -0.00062495 0.00924161 -0.0173399 -0.000623405 0.00132507 -0.0173399 0.0869119 
0.0100614 -0.0181339 0.000582753 -0.000620877 -0.0181339 0.0885279 -0.000627206 0.00133346 0.000582753 -0.000627206 0.00918873 -0.0172627 -0.000620877 0.00133346 -0.0172627 0.0865736 
0.0101207 -0.0182507 0.000593427 -0.000624858 -0.0182507 0.0889649 -0.000635007 0.00135809 0.000593427 -0.000635007 0.0092235 -0.0173313 -0.000624858 0.00135809 -0.0173313 0.0869724 
0.01008 -0.0182036 0.00059994 -0.000628208 -0.0182036 0.0886833 -0.000634601 0.0013612 0.00059994 -0.000634601 0.00919253 -0.0172532 -0.000628208 0.0013612 -0.0172532 0.0866126 
0.0101061 -0.0182073 0.000611393 -0.000636493 -0.0182073 0.0887604 -0.000632997 0.00136059 0.000611393 -0.000632997 0.00917543 -0.0172891 -0.000636493 0.00136059 -0.0172891 0.0867387 
0.0101115 -0.0182643 0.000595564 -0.00065049 -0.0182643 0.0889061 -0.000636052 0.00136537 0.000595564 -0.000636052 0.00918498 -0.017241 -0.00065049 0.00136537 -0.017241 0.0866888 
0.0100765 -0.0181769 0.0005711 -0.000635437 -0.0181769 0.0885465 -0.000616251 0.00134548 0.0005711 -0.000616251 0.00915141 -0.0171743 -0.000635437 0.00134548 -0.0171743 0.0862754 
0.0101059 -0.0182394 0.000553761 -0.000599543 -0.0182394 0.0888071 -0.000586475 0.00127555 0.000553761 -0.000586475 0.00918944 -0.0172192 -0.000599543 0.00127555 -0.0172192 0.0864769 
0.0101218 -0.0182846 0.000538262 -0.000569247 -0.0182846 0.0890197 -0.000568396 0.00120377 0.000538262 -0.000568396 0.00921035 -0.017272 -0.000569247 0.00120377 -0.017272 0.0866689 
0.0100804 -0.0182282 0.000504452 -0.000551857 -0.0182282 0.0887729 -0.000555558 0.0011578 0.000504452 -0.000555558 0.00920063 -0.0172281 -0.000551857 0.0011578 -0.0172281 0.0864449 
0.0100716 -0.0182084 0.00048776 -0.000520055 -0.0182084 0.088753 -0.000525963 0.00110762 0.00048776 -0.000525963 0.00921527 -0.0172704 -0.000520055 0.00110762 -0.0172704 0.086562 
0.0101284 -0.0182898 0.000510598 -0.00050889 -0.0182898 0.089228 -0.000516371 0.00107909 0.000510598 -0.000516371 0.00926688 -0.0174239 -0.00050889 0.00107909 -0.0174239 0.0872717 
0.0101099 -0.0181714 0.000547756 -0.000541858 -0.0181714 0.0886579 -0.000542904 0.00112169 0.000547756 -0.000542904 0.00916637 -0.0173254 -0.000541858 0.00112169 -0.0173254 0.0868598 
0.0101202 -0.0181551 0.000579124 -0.000598274 -0.0181551 0.0883982 -0.000591447 0.00123789 0.000579124 -0.000591447 0.00909631 -0.0171998 -0.000598274 0.00123789 -0.0171998 0.0864773 
0.0101804 -0.0183284 0.000578522 -0.00063943 -0.0183284 0.0890725 -0.000632345 0.001354 0.000578522 -0.000632345 0.00915578 -0.0172428 -0.00063943 0.001354 -0.0172428 0.0868403 
