0.00656373 0 0.000227526 0 0 0.00998017 0 0 0.000227526 0 0.00778029 0 0 0 0 0.00998017 
0.00943963 -0.011741 0.000370055 -0.000448756 -0.011741 0.0317743 -0.000448756 0.000860015 0.000370055 -0.000448756 0.0111018 -0.0137576 -0.000448756 0.000860015 -0.0137576 0.0356419 
0.0093844 -0.0177381 0.000358522 -0.000479116 -0.0177381 0.0658483 -0.000479116 0.0014904 0.000358522 -0.000479116 0.0107462 -0.019773 -0.000479116 0.0014904 -0.019773 0.0721492 
0.00891046 -0.0178416 0.000322582 -0.000400326 -0.0178416 0.0808326 -0.000397778 0.00124922 0.000322582 -0.000397778 0.0101927 -0.0190991 -0.000400326 0.00124922 -0.0190991 0.0845391 
0.00870787 -0.0170565 0.000286226 -0.000418418 -0.0170565 0.0838441 -0.000413266 0.0013413 0.000286226 -0.000413266 0.0102166 -0.0183234 -0.000418418 0.0013413 -0.0183234 0.0865597 
0.00878611 -0.0167915 0.000241504 -0.00036978 -0.0167915 0.0845833 -0.000373905 0.00129062 0.000241504 -0.000373905 0.0104062 -0.0184092 -0.00036978 0.00129062 -0.0184092 0.0878598 
0.00905959 -0.0171467 0.000201835 -0.000298015 -0.0171467 0.0866433 -0.000312449 0.00109279 0.000201835 -0.000312449 0.010735 -0.0189874 -0.000298015 0.00109279 -0.0189874 0.0907086 
0.00898098 -0.0169819 0.000180947 -0.000234431 -0.0169819 0.0857295 -0.000248512 0.000853297 0.000180947 -0.000248512 0.0106174 -0.0188173 -0.000234431 0.000853297 -0.0188173 0.0900216 
0.00911967 -0.0171991 0.000198992 -0.000208917 -0.0171991 0.0867748 -0.000215279 0.00069391 0.000198992 -0.000215279 0.0107212 -0.0189996 -0.000208917 0.00069391 -0.0189996 0.0910512 
0.00902355 -0.016997 0.000202819 -0.000236578 -0.016997 0.0856637 -0.00023947 0.000680324 0.000202819 -0.00023947 0.0105665 -0.0187441 -0.000236578 0.000680324 -0.0187441 0.0898334 
0.00913702 -0.0172616 0.000196596 -0.000247411 -0.0172616 0.0868884 -0.000251453 0.000713012 0.000196596 -0.000251453 0.01071 -0.0189856 -0.000247411 0.000713012 -0.0189856 0.0910182 
0.00914309 -0.0172569 0.000199573 -0.000252306 -0.0172569 0.0869303 -0.00025235 0.000747114 0.000199573 -0.00025235 0.0107178 -0.0190131 -0.000252306 0.000747114 -0.0190131 0.0910957 
0.00916346 -0.017302 0.000246656 -0.000267178 -0.017302 0.0871451 -0.000263023 0.00079224 0.000246656 -0.000263023 0.0107259 -0.0190723 -0.000267178 0.00079224 -0.0190723 0.091377 
0.00913847 -0.0172696 0.000274548 -0.00031926 -0.0172696 0.0869773 -0.000318397 0.000889316 0.000274548 -0.000318397 0.0107029 -0.0190035 -0.00031926 0.000889316 -0.0190035 0.0911523 
0.0091367 -0.0171711 0.000298226 -0.000350951 -0.0171711 0.0865011 -0.000357819 0.000994341 0.000298226 -0.000357819 0.0106068 -0.0188893 -0.000350951 0.000994341 -0.0188893 0.0905987 
0.00913067 -0.0172012 0.00029013 -0.000374162 -0.0172012 0.0864218 -0.000388754 0.00107467 0.00029013 -0.000388754 0.0105705 -0.0187882 -0.000374162 0.00107467 -0.0187882 0.0902648 
0.00916459 -0.0172786 0.0002801 -0.00035729 -0.0172786 0.0867822 -0.000374898 0.00107448 0.0002801 -0.000374898 0.0105602 -0.0188167 -0.00035729 0.00107448 -0.0188167 0.0904047 
0.00917521 -0.0172989 0.000263001 -0.000345096 -0.0172989 0.0869076 -0.000359407 0.00104069 0.000263001 -0.000359407 0.0105491 -0.0187941 -0.000345096 0.00104069 -0.0187941 0.0903965 
0.00915385 -0.0173091 0.000250847 -0.000322518 -0.0173091 0.0869405 -0.000325648 0.000971233 0.000250847 -0.000325648 0.0105432 -0.0187468 -0.000322518 0.000971233 -0.0187468 0.0902462 
0.00913177 -0.0172766 0.000250978 -0.000314442 -0.0172766 0.0868897 -0.000305335 0.000919969 0.000250978 -0.000305335 0.0105362 -0.0187368 -0.000314442 0.000919969 -0.0187368 0.0901598 
0.00913472 -0.0171868 0.000278386 -0.000307894 -0.0171868 0.0865332 -0.000293588 0.000872797 0.000278386 -0.000293588 0.0104706 -0.018685 -0.000307894 0.000872797 -0.018685 0.0898861 
0.00932025 -0.0174571 0.000298151 -0.000344097 -0.0174571 0.0877164 -0.000329856 0.000911784 0.000298151 -0.000329856 0.0105729 -0.0188942 -0.000344097 0.000911784 -0.0188942 0.0910322 
0.00933521 -0.017525 0.000308172 -0.000370929 -0.017525 0.0878237 -0.000357013 0.000982655 0.000308172 -0.000357013 0.0105805 -0.0188559 -0.000370929 0.000982655 -0.0188559 0.0909463 
0.00918273 -0.0172577 0.000289372 -0.000380255 -0.0172577 0.086474 -0.00036924 0.00102521 0.000289372 -0.00036924 0.0104324 -0.0185686 -0.000380255 0.00102521 -0.0185686 0.0894764 
0.00935445 -0.0175423 0.000275174 -0.000358161 -0.0175423 0.0879286 -0.000353 0.00101556 0.000275174 -0.000353 0.0106255 -0.0189118 -0.000358161 0.00101556 -0.0189118 0.0910346 
0.00916696 -0.0172881 0.000274659 -0.000325407 -0.0172881 0.0865752 -0.000325042 0.000942456 0.000274659 -0.000325042 0.0104915 -0.0186389 -0.000325407 0.000942456 -0.0186389 0.0896738 
0.00913638 -0.0173008 0.000288637 -0.000314988 -0.0173008 0.086794 -0.000319385 0.000889448 0.000288637 -0.000319385 0.0105199 -0.0187195 -0.000314988 0.000889448 -0.0187195 0.0899805 
0.00913938 -0.0172818 0.000308591 -0.000349924 -0.0172818 0.086944 -0.00035357 0.000945341 0.000308591 -0.00035357 0.0105554 -0.0187956 -0.000349924 0.000945341 -0.0187956 0.0903552 
0.00912915 -0.0172294 0.000332003 -0.00037784 -0.0172294 0.0867443 -0.000380006 0.0010213 0.000332003 -0.000380006 0.0105356 -0.0187747 -0.00037784 0.0010213 -0.0187747 0.090293 
0.00913375 -0.0172121 0.000346183 -0.000404298 -0.0172121 0.0866144 -0.000408714 0.00109294 0.000346183 -0.000408714 0.010511 -0.0187309 -0.000404298 0.00109294 -0.0187309 0.090148 
0.00915336 -0.0171755 0.000343086 -0.000421103 -0.0171755 0.0863563 -0.000427942 0.00115238 0.000343086 -0.000427942 0.0104378 -0.0186478 -0.000421103 0.00115238 -0.0186478 0.0897885 
0.00930569 -0.0174686 0.000334637 -0.000412709 -0.0174686 0.0876437 -0.000420333 0.00115785 0.000334637 -0.000420333 0.0105731 -0.0188637 -0.000412709 0.00115785 -0.0188637 0.0909464 
0.0092642 -0.0174545 0.000293292 -0.000390396 -0.0174545 0.087513 -0.000394585 0.00109853 0.000293292 -0.000394585 0.0105475 -0.0188079 -0.000390396 0.00109853 -0.0188079 0.0906743 
0.00925002 -0.0174402 0.000278229 -0.000350051 -0.0174402 0.087547 -0.000348797 0.00101151 0.000278229 -0.000348797 0.0105362 -0.0188214 -0.000350051 0.00101151 -0.0188214 0.090715 
0.00922025 -0.0173623 0.000277099 -0.000326904 -0.0173623 0.0872292 -0.000320364 0.000921574 0.000277099 -0.000320364 0.0104972 -0.018746 -0.000326904 0.000921574 -0.018746 0.090417 
0.00916495 -0.0173661 0.000257195 -0.000322634 -0.0173661 0.0872503 -0.000313718 0.000876845 0.000257195 -0.000313718 0.0105352 -0.0187551 -0.000322634 0.000876845 -0.0187551 0.0904687 
0.00915198 -0.0173096 0.000243138 -0.000307528 -0.0173096 0.0872212 -0.000301499 0.00085198 0.000243138 -0.000301499 0.0105652 -0.0188224 -0.000307528 0.00085198 -0.0188224 0.0906566 
0.00916976 -0.0173268 0.000240537 -0.000292072 -0.0173268 0.0873588 -0.000288097 0.000821712 0.000240537 -0.000288097 0.0106086 -0.0189048 -0.000292072 0.000821712 -0.0189048 0.0910167 
0.0091569 -0.0172808 0.000220657 -0.000282754 -0.0172808 0.0871259 -0.000281109 0.000789795 0.000220657 -0.000281109 0.0106249 -0.0188839 -0.000282754 0.000789795 -0.0188839 0.0908973 
0.00912096 -0.0172113 0.000212011 -0.000262023 -0.0172113 0.0867236 -0.000264657 0.000760034 0.000212011 -0.000264657 0.010613 -0.0188409 -0.000262023 0.000760034 -0.0188409 0.0905691 
0.00911291 -0.01711 0.000230839 -0.000246904 -0.01711 0.0861725 -0.000259132 0.000727486 0.000230839 -0.000259132 0.0105427 -0.0187616 -0.000246904 0.000727486 -0.0187616 0.0900762 
0.00911406 -0.0171624 0.000228036 -0.000250986 -0.0171624 0.0861914 -0.00027322 0.000711173 0.000228036 -0.00027322 0.0105145 -0.018727 -0.000250986 0.000711173 -0.018727 0.0899734 
0.00914375 -0.0172332 0.000247621 -0.00025775 -0.0172332 0.086548 -0.000279235 0.000732597 0.000247621 -0.000279235 0.0105339 -0.0187743 -0.00025775 0.000732597 -0.0187743 0.090233 
0.00919357 -0.0173064 0.000283126 -0.000289445 -0.0173064 0.0869519 -0.000299143 0.000784006 0.000283126 -0.000299143 0.010548 -0.0188513 -0.000289445 0.000784006 -0.0188513 0.0906281 
0.00926355 -0.0174064 0.000316719 -0.000353009 -0.0174064 0.0874349 -0.000346165 0.00090971 0.000316719 -0.000346165 0.0105706 -0.0189204 -0.000353009 0.00090971 -0.0189204 0.0910777 
0.00924115 -0.0174169 0.00030998 -0.000394568 -0.0174169 0.0873966 -0.000373274 0.00101321 0.00030998 -0.000373274 0.0105625 -0.0188448 -0.000394568 0.00101321 -0.0188448 0.0908562 
0.00921006 -0.0174553 0.000311918 -0.000398292 -0.0174553 0.0876532 -0.000374137 0.0010718 0.000311918 -0.000374137 0.0106103 -0.0188824 -0.000398292 0.0010718 -0.0188824 0.0910028 
0.00916732 -0.0173329 0.000289211 -0.000387607 -0.0173329 0.0872642 -0.000370055 0.00106299 0.000289211 -0.000370055 0.0105735 -0.0188296 -0.000387607 0.00106299 -0.0188296 0.0906585 
0.00917335 -0.01733 0.000264126 -0.000372626 -0.01733 0.0872975 -0.000361947 0.00106158 0.000264126 -0.000361947 0.0105998 -0.0188839 -0.000372626 0.00106158 -0.0188839 0.0908772 
0.00916492 -0.017297 0.000225257 -0.000324471 -0.017297 0.0871103 -0.000319568 0.000968063 0.000225257 -0.000319568 0.0105628 -0.0188475 -0.000324471 0.000968063 -0.0188475 0.0907241 
0.00919109 -0.0172588 0.000222503 -0.000262375 -0.0172588 0.0868886 -0.000260437 0.000813805 0.000222503 -0.000260437 0.0104888 -0.0187849 -0.000262375 0.000813805 -0.0187849 0.0904867 
0.0091782 -0.0172386 0.00022767 -0.000254643 -0.0172386 0.0865924 -0.000253009 0.000730744 0.00022767 -0.000253009 0.0104249 -0.0186521 -0.000254643 0.000730744 -0.0186521 0.0900216 
0.0091789 -0.0172405 0.000258628 -0.000268832 -0.0172405 0.0865365 -0.000269866 0.000739622 0.000258628 -0.000269866 0.0104118 -0.018606 -0.000268832 0.000739622 -0.018606 0.0898188 
0.00916102 -0.017273 0.000275539 -0.000313935 -0.017273 0.0866883 -0.000322959 0.000837419 0.000275539 -0.000322959 0.0104797 -0.0186517 -0.000313935 0.000837419 -0.0186517 0.0899728 
0.00914149 -0.0172883 0.000287102 -0.000326751 -0.0172883 0.0868869 -0.000343743 0.00090662 0.000287102 -0.000343743 0.0105572 -0.0187621 -0.000326751 0.00090662 -0.0187621 0.0903146 
0.00911998 -0.0172539 0.000281705 -0.00032529 -0.0172539 0.0868595 -0.000339472 0.000905092 0.000281705 -0.000339472 0.0105725 -0.0188223 -0.00032529 0.000905092 -0.0188223 0.0904814 
0.00912077 -0.017251 0.000258189 -0.000325962 -0.017251 0.0869687 -0.000328817 0.000895906 0.000258189 -0.000328817 0.0106153 -0.0189137 -0.000325962 0.000895906 -0.0189137 0.0908838 
0.00914773 -0.0172898 0.000248044 -0.000301303 -0.0172898 0.0872129 -0.000293827 0.000840916 0.000248044 -0.000293827 0.0106337 -0.018998 -0.000301303 0.000840916 -0.018998 0.0913074 
0.00912365 -0.0172308 0.000225715 -0.000290715 -0.0172308 0.0868724 -0.000280307 0.000793983 0.000225715 -0.000280307 0.0105585 -0.0188691 -0.000290715 0.000793983 -0.0188691 0.0908581 
0.00912535 -0.0171774 0.00022199 -0.000282761 -0.0171774 0.0865876 -0.000272264 0.000789738 0.00022199 -0.000272264 0.0105096 -0.0187744 -0.000282761 0.000789738 -0.0187744 0.0904685 
0.00915989 -0.0172254 0.00022585 -0.000291151 -0.0172254 0.0867282 -0.000285114 0.00082599 0.00022585 -0.000285114 0.0105206 -0.0187961 -0.000291151 0.00082599 -0.0187961 0.0905638 
0.00919705 -0.0173118 0.000209985 -0.000274193 -0.0173118 0.087037 -0.000270847 0.000792759 0.000209985 -0.000270847 0.0105439 -0.0188164 -0.000274193 0.000792759 -0.0188164 0.0907007 
0.00921396 -0.0173898 0.000206739 -0.0002529 -0.0173898 0.0873821 -0.000249126 0.000741544 0.000206739 -0.000249126 0.0105844 -0.0188567 -0.0002529 0.000741544 -0.0188567 0.0908901 
0.00921645 -0.0173773 0.000202647 -0.00024335 -0.0173773 0.0874017 -0.000245995 0.000704647 0.000202647 -0.000245995 0.0105884 -0.018874 -0.00024335 0.000704647 -0.018874 0.0908963 
0.00923948 -0.0174088 0.000229297 -0.000243871 -0.0174088 0.0875422 -0.00025186 0.000708968 0.000229297 -0.00025186 0.0106028 -0.0189046 -0.000243871 0.000708968 -0.0189046 0.0910369 
0.00925012 -0.0174212 0.000263523 -0.000280437 -0.0174212 0.0875653 -0.000289939 0.000776082 0.000263523 -0.000289939 0.0105923 -0.0188953 -0.000280437 0.000776082 -0.0188953 0.0910078 
0.00927408 -0.0174359 0.000270231 -0.000317559 -0.0174359 0.0875934 -0.000326426 0.000860322 0.000270231 -0.000326426 0.0105653 -0.0188734 -0.000317559 0.000860322 -0.0188734 0.0909386 
0.00915378 -0.0171873 0.00028507 -0.00032705 -0.0171873 0.0862625 -0.000329906 0.000905192 0.00028507 -0.000329906 0.0103776 -0.0185466 -0.00032705 0.000905192 -0.0185466 0.0894353 
0.00915053 -0.0172293 0.000312145 -0.000345929 -0.0172293 0.0863841 -0.000345489 0.000944659 0.000312145 -0.000345489 0.0103858 -0.0185311 -0.000345929 0.000944659 -0.0185311 0.0894145 
0.00913752 -0.0172194 0.000330689 -0.000378599 -0.0172194 0.0864025 -0.000376534 0.00100779 0.000330689 -0.000376534 0.0103975 -0.0185321 -0.000378599 0.00100779 -0.0185321 0.089384 
0.00927098 -0.0174857 0.000343167 -0.000410922 -0.0174857 0.0877814 -0.000408309 0.00109621 0.000343167 -0.000408309 0.0105636 -0.0188369 -0.000410922 0.00109621 -0.0188369 0.0908199 
0.00922712 -0.0173737 0.000345092 -0.000408656 -0.0173737 0.0872968 -0.000405393 0.00110651 0.000345092 -0.000405393 0.0105156 -0.0187599 -0.000408656 0.00110651 -0.0187599 0.0904275 
0.00918196 -0.0173429 0.000323217 -0.000403765 -0.0173429 0.0871179 -0.000402802 0.00109163 0.000323217 -0.000402802 0.0105161 -0.0187329 -0.000403765 0.00109163 -0.0187329 0.0903053 
0.00914465 -0.0173038 0.000284258 -0.000382347 -0.0173038 0.0870606 -0.000381909 0.0010583 0.000284258 -0.000381909 0.0105472 -0.0187756 -0.000382347 0.0010583 -0.0187756 0.0904248 
0.00916046 -0.0172102 0.000255104 -0.000351705 -0.0172102 0.0867469 -0.000348811 0.0010116 0.000255104 -0.000348811 0.0105213 -0.0187906 -0.000351705 0.0010116 -0.0187906 0.090394 
0.00915839 -0.0172171 0.000229421 -0.000305833 -0.0172171 0.0865415 -0.00030362 0.000907655 0.000229421 -0.00030362 0.0104835 -0.0187148 -0.000305833 0.000907655 -0.0187148 0.090147 
0.00914456 -0.0172086 0.000206898 -0.000267147 -0.0172086 0.0864047 -0.000264332 0.000794218 0.000206898 -0.000264332 0.0104314 -0.0186412 -0.000267147 0.000794218 -0.0186412 0.0898382 
0.00916274 -0.0172277 0.000201664 -0.000241258 -0.0172277 0.0864997 -0.000234954 0.000706874 0.000201664 -0.000234954 0.0103886 -0.0186265 -0.000241258 0.000706874 -0.0186265 0.0898223 
0.00918161 -0.0173559 0.000209892 -0.000239639 -0.0173559 0.0871197 -0.000232538 0.000675409 0.000209892 -0.000232538 0.0104517 -0.0187041 -0.000239639 0.000675409 -0.0187041 0.0903491 
0.00922012 -0.01731 0.000228155 -0.000253705 -0.01731 0.0871073 -0.000249851 0.000696394 0.000228155 -0.000249851 0.0104185 -0.0187167 -0.000253705 0.000696394 -0.0187167 0.0903873 
0.00923306 -0.0173244 0.000266163 -0.000281839 -0.0173244 0.0870345 -0.000276766 0.000760495 0.000266163 -0.000276766 0.0103763 -0.0186598 -0.000281839 0.000760495 -0.0186598 0.0902725 
0.00920523 -0.0172423 0.000284801 -0.000329248 -0.0172423 0.0865288 -0.000324091 0.000858687 0.000284801 -0.000324091 0.010279 -0.0184782 -0.000329248 0.000858687 -0.0184782 0.0895348 
0.00933204 -0.0174966 0.000268261 -0.000352074 -0.0174966 0.0876582 -0.00035439 0.000946736 0.000268261 -0.00035439 0.01039 -0.0186309 -0.000352074 0.000946736 -0.0186309 0.0903769 
0.00934298 -0.017481 0.000282197 -0.000328629 -0.017481 0.0875552 -0.000340498 0.000953445 0.000282197 -0.000340498 0.010358 -0.0185882 -0.000328629 0.000953445 -0.0185882 0.0901006 
0.00938516 -0.0175317 0.000286071 -0.000327931 -0.0175317 0.0877069 -0.000349706 0.000936327 0.000286071 -0.000349706 0.0103509 -0.018597 -0.000327931 0.000936327 -0.018597 0.0901421 
0.00939124 -0.0176047 0.000298165 -0.000317629 -0.0176047 0.0879337 -0.000336762 0.000893844 0.000298165 -0.000336762 0.0103657 -0.018588 -0.000317629 0.000893844 -0.018588 0.0901654 
0.00919158 -0.0173646 0.000303598 -0.000330979 -0.0173646 0.0868015 -0.000337409 0.000877118 0.000303598 -0.000337409 0.0102847 -0.0183446 -0.000330979 0.000877118 -0.0183446 0.0889266 
0.00919308 -0.017362 0.000301615 -0.000356067 -0.017362 0.0870984 -0.000354567 0.000921443 0.000301615 -0.000354567 0.0103391 -0.0184944 -0.000356067 0.000921443 -0.0184944 0.0894271 
0.00912958 -0.0172104 0.000306377 -0.000359475 -0.0172104 0.0864673 -0.0003562 0.000954001 0.000306377 -0.0003562 0.0102646 -0.0184051 -0.000359475 0.000954001 -0.0184051 0.0890159 
0.00924423 -0.0173785 0.00029845 -0.000370603 -0.0173785 0.0873225 -0.000370316 0.000990572 0.00029845 -0.000370316 0.0103493 -0.0185845 -0.000370603 0.000990572 -0.0185845 0.0899875 
0.00920542 -0.0172056 0.000278773 -0.000346996 -0.0172056 0.0863904 -0.00035422 0.000963621 0.000278773 -0.00035422 0.0102159 -0.0183745 -0.000346996 0.000963621 -0.0183745 0.0890446 
0.00937236 -0.0175167 0.000266711 -0.000319444 -0.0175167 0.0877088 -0.000328238 0.000901868 0.000266711 -0.000328238 0.0103404 -0.0186098 -0.000319444 0.000901868 -0.0186098 0.0902749 
0.00928306 -0.0173169 0.000274711 -0.000306301 -0.0173169 0.0866088 -0.0003068 0.000846157 0.000274711 -0.0003068 0.0101554 -0.0183422 -0.000306301 0.000846157 -0.0183422 0.0890142 
0.0093376 -0.0174192 0.000280346 -0.000330904 -0.0174192 0.0869863 -0.000321047 0.000865152 0.000280346 -0.000321047 0.0101446 -0.0183462 -0.000330904 0.000865152 -0.0183462 0.089197 
0.00931486 -0.0174642 0.00028208 -0.000334449 -0.0174642 0.0871436 -0.000319991 0.000872615 0.00028208 -0.000319991 0.0101665 -0.0183035 -0.000334449 0.000872615 -0.0183035 0.0891258 
0.00931386 -0.0174868 0.000317084 -0.000339012 -0.0174868 0.0874131 -0.000326374 0.00088419 0.000317084 -0.000326374 0.0102199 -0.0183772 -0.000339012 0.00088419 -0.0183772 0.0893792 
0.00927144 -0.017427 0.000331997 -0.000369167 -0.017427 0.0872216 -0.000363741 0.000931582 0.000331997 -0.000363741 0.0102265 -0.0183686 -0.000369167 0.000931582 -0.0183686 0.0892634 
0.00927046 -0.0174458 0.000324044 -0.000389723 -0.0174458 0.0874367 -0.000384397 0.000991659 0.000324044 -0.000384397 0.0102848 -0.018475 -0.000389723 0.000991659 -0.018475 0.0896832 
0.00928008 -0.0174859 0.000304319 -0.00038626 -0.0174859 0.087756 -0.000373771 0.00100696 0.000304319 -0.000373771 0.0103506 -0.0185968 -0.00038626 0.00100696 -0.0185968 0.0902298 
0.00914655 -0.0171975 0.000296192 -0.000367284 -0.0171975 0.0864505 -0.000351831 0.000978997 0.000296192 -0.000351831 0.0102181 -0.0183845 -0.000367284 0.000978997 -0.0183845 0.0891553 
0.00918181 -0.0171524 0.000294422 -0.000359012 -0.0171524 0.0862473 -0.000346457 0.000957948 0.000294422 -0.000346457 0.0101789 -0.0183806 -0.000359012 0.000957948 -0.0183806 0.0891545 
0.00935821 -0.0174156 0.000303819 -0.000342052 -0.0174156 0.0873213 -0.000334874 0.000913191 0.000303819 -0.000334874 0.0102444 -0.0185475 -0.000342052 0.000913191 -0.0185475 0.0901482 
0.00937248 -0.0174121 0.000309941 -0.000344873 -0.0174121 0.0870274 -0.000337168 0.000887773 0.000309941 -0.000337168 0.0101254 -0.0183641 -0.000344873 0.000887773 -0.0183641 0.0894691 
0.00937129 -0.0174661 0.000306553 -0.000352844 -0.0174661 0.0870775 -0.000346751 0.000891546 0.000306553 -0.000346751 0.0100974 -0.0182414 -0.000352844 0.000891546 -0.0182414 0.0890555 
0.00937085 -0.0175439 0.000324194 -0.000345683 -0.0175439 0.087467 -0.000346754 0.000891095 0.000324194 -0.000346754 0.0101374 -0.0182788 -0.000345683 0.000891095 -0.0182788 0.0891799 
0.00934682 -0.0174852 0.000341198 -0.000364027 -0.0174852 0.0873556 -0.000371219 0.000920596 0.000341198 -0.000371219 0.0101355 -0.0182868 -0.000364027 0.000920596 -0.0182868 0.0891076 
0.00934991 -0.0174581 0.000385711 -0.000405056 -0.0174581 0.08728 -0.000407301 0.00101813 0.000385711 -0.000407301 0.0101211 -0.0183082 -0.000405056 0.00101813 -0.0183082 0.0891789 
0.00935481 -0.01743 0.000405623 -0.000449529 -0.01743 0.0871153 -0.000446117 0.00110916 0.000405623 -0.000446117 0.0100901 -0.0182739 -0.000449529 0.00110916 -0.0182739 0.0890803 
0.0093198 -0.0174636 0.00040376 -0.000481995 -0.0174636 0.0871907 -0.000478676 0.00121002 0.00040376 -0.000478676 0.0101309 -0.018261 -0.000481995 0.00121002 -0.018261 0.0890986 
0.00930938 -0.0174405 0.000372725 -0.000470883 -0.0174405 0.0872577 -0.000473362 0.00122587 0.000372725 -0.000473362 0.0102037 -0.0183321 -0.000470883 0.00122587 -0.0183321 0.0892748 
0.00935844 -0.0174833 0.000362884 -0.000431227 -0.0174833 0.0875482 -0.0004361 0.00116534 0.000362884 -0.0004361 0.0102676 -0.0184935 -0.000431227 0.00116534 -0.0184935 0.0898421 
0.00940279 -0.0175046 0.000380393 -0.000410942 -0.0175046 0.0876029 -0.000416141 0.00109319 0.000380393 -0.000416141 0.0102609 -0.0185536 -0.000410942 0.00109319 -0.0185536 0.0901103 
0.00944352 -0.0175522 0.000382196 -0.000424443 -0.0175522 0.0876877 -0.000425236 0.0010708 0.000382196 -0.000425236 0.0102257 -0.0185395 -0.000424443 0.0010708 -0.0185395 0.0901758 
0.00942721 -0.0175819 0.000388459 -0.000441437 -0.0175819 0.0876996 -0.000433017 0.00110039 0.000388459 -0.000433017 0.0102151 -0.018466 -0.000441437 0.00110039 -0.018466 0.0899908 
0.00939578 -0.0175783 0.000397822 -0.000446684 -0.0175783 0.0877396 -0.00043824 0.00111756 0.000397822 -0.00043824 0.0102239 -0.018451 -0.000446684 0.00111756 -0.018451 0.0898992 
0.00932062 -0.0175057 0.000398799 -0.000463471 -0.0175057 0.0875007 -0.000461278 0.0011651 0.000398799 -0.000461278 0.0102329 -0.0184061 -0.000463471 0.0011651 -0.0184061 0.0896382 
0.00932032 -0.0174909 0.000397081 -0.000463976 -0.0174909 0.0876202 -0.000472317 0.00120057 0.000397081 -0.000472317 0.0102599 -0.0184828 -0.000463976 0.00120057 -0.0184828 0.0898766 
0.00932499 -0.017458 0.000375838 -0.000457316 -0.017458 0.0875101 -0.000472644 0.00120805 0.000375838 -0.000472644 0.0102466 -0.0184753 -0.000457316 0.00120805 -0.0184753 0.0898543 
0.00928711 -0.0173954 0.000328258 -0.000421959 -0.0173954 0.0871511 -0.000434726 0.00114228 0.000328258 -0.000434726 0.010227 -0.0183977 -0.000421959 0.00114228 -0.0183977 0.0895047 
0.00925579 -0.0172842 0.00027095 -0.000355574 -0.0172842 0.0865699 -0.000363547 0.000988823 0.00027095 -0.000363547 0.0101479 -0.01828 -0.000355574 0.000988823 -0.01828 0.0888708 
0.00940895 -0.0174906 0.000269139 -0.000293918 -0.0174906 0.0874819 -0.000299843 0.00083222 0.000269139 -0.000299843 0.010202 -0.0184606 -0.000293918 0.00083222 -0.0184606 0.089762 
0.00941764 -0.0175808 0.000311161 -0.000290125 -0.0175808 0.0876971 -0.000296855 0.000759982 0.000311161 -0.000296855 0.0101866 -0.0184288 -0.000290125 0.000759982 -0.0184288 0.089777 
0.0092928 -0.0173958 0.000332187 -0.000347459 -0.0173958 0.0868455 -0.000353506 0.000836772 0.000332187 -0.000353506 0.0100686 -0.0182182 -0.000347459 0.000836772 -0.0182182 0.0887943 
0.00934009 -0.0174653 0.000349616 -0.00038927 -0.0174653 0.0873211 -0.000390693 0.000957252 0.000349616 -0.000390693 0.0101107 -0.0183091 -0.00038927 0.000957252 -0.0183091 0.0892727 
0.00934571 -0.0175449 0.00032966 -0.000417673 -0.0175449 0.0877305 -0.000407511 0.00104233 0.00032966 -0.000407511 0.0101836 -0.0183735 -0.000417673 0.00104233 -0.0183735 0.0896627 
0.00929738 -0.0174955 0.000282421 -0.000387447 -0.0174955 0.087655 -0.000371849 0.00101339 0.000282421 -0.000371849 0.0102311 -0.018395 -0.000387447 0.00101339 -0.018395 0.0896655 
0.0092421 -0.0173355 0.00025577 -0.000325486 -0.0173355 0.0870273 -0.000310778 0.00089166 0.00025577 -0.000310778 0.0101837 -0.0183445 -0.000325486 0.00089166 -0.0183445 0.0892502 
0.00937517 -0.0174527 0.000279087 -0.000297009 -0.0174527 0.087609 -0.00028855 0.000802431 0.000279087 -0.00028855 0.0102357 -0.0185211 -0.000297009 0.000802431 -0.0185211 0.090077 
0.00941364 -0.0175325 0.000301376 -0.000309467 -0.0175325 0.0876978 -0.000307823 0.000777085 0.000301376 -0.000307823 0.0101956 -0.0184796 -0.000309467 0.000777085 -0.0184796 0.090046 
0.00938961 -0.0174593 0.000299964 -0.000332918 -0.0174593 0.0872117 -0.000332933 0.000812018 0.000299964 -0.000332933 0.0100985 -0.0183008 -0.000332918 0.000812018 -0.0183008 0.0893039 
0.00938651 -0.0175351 0.000296985 -0.000339311 -0.0175351 0.087449 -0.000339878 0.000849957 0.000296985 -0.000339878 0.0101124 -0.0182854 -0.000339311 0.000849957 -0.0182854 0.0892938 
0.00938171 -0.0175092 0.000307716 -0.000330983 -0.0175092 0.0874232 -0.000333523 0.000845023 0.000307716 -0.000333523 0.0100931 -0.0182746 -0.000330983 0.000845023 -0.0182746 0.0891848 
0.00939796 -0.0175084 0.000322519 -0.000335928 -0.0175084 0.0874172 -0.000338441 0.000837288 0.000322519 -0.000338441 0.0100519 -0.0182619 -0.000335928 0.000837288 -0.0182619 0.089158 
0.00941468 -0.0175758 0.000327422 -0.000358696 -0.0175758 0.0877047 -0.000362175 0.000879097 0.000327422 -0.000362175 0.0100605 -0.0182812 -0.000358696 0.000879097 -0.0182812 0.0893899 
0.00946047 -0.0176284 0.000323585 -0.000373428 -0.0176284 0.0880494 -0.000374008 0.000926168 0.000323585 -0.000374008 0.0100817 -0.018338 -0.000373428 0.000926168 -0.018338 0.0897204 
0.00941686 -0.0175901 0.000314138 -0.000368048 -0.0175901 0.0878285 -0.000367438 0.000935231 0.000314138 -0.000367438 0.010081 -0.0182648 -0.000368048 0.000935231 -0.0182648 0.0894456 
0.00935786 -0.0175468 0.000297805 -0.000353393 -0.0175468 0.087706 -0.000357519 0.000915438 0.000297805 -0.000357519 0.0101207 -0.018276 -0.000353393 0.000915438 -0.018276 0.0893826 
0.00932005 -0.0174612 0.000292376 -0.000346229 -0.0174612 0.087499 -0.000352623 0.000911517 0.000292376 -0.000352623 0.0101519 -0.0183405 -0.000346229 0.000911517 -0.0183405 0.0894875 
0.00930671 -0.0173929 0.000280803 -0.000334177 -0.0173929 0.0872214 -0.000342167 0.000885578 0.000280803 -0.000342167 0.0101517 -0.0183557 -0.000334177 0.000885578 -0.0183557 0.0894834 
0.00934562 -0.0173994 0.000272591 -0.000322918 -0.0173994 0.0871637 -0.000329274 0.000860136 0.000272591 -0.000329274 0.0101089 -0.0183526 -0.000322918 0.000860136 -0.0183526 0.0894802 
0.00933111 -0.0174931 0.000246485 -0.000291919 -0.0174931 0.0874191 -0.000295955 0.000773628 0.000246485 -0.000295955 0.0101509 -0.0183202 -0.000291919 0.000773628 -0.0183202 0.0895078 
0.0092968 -0.0175005 0.000219919 -0.000279033 -0.0175005 0.0876539 -0.000281112 0.00073874 0.000219919 -0.000281112 0.0102276 -0.0184087 -0.000279033 0.00073874 -0.0184087 0.0897576 
0.00929037 -0.0174597 0.000203404 -0.000251827 -0.0174597 0.0876764 -0.000248116 0.0006804 0.000203404 -0.000248116 0.0102503 -0.0184939 -0.000251827 0.0006804 -0.0184939 0.0899992 
0.00931245 -0.0173986 0.000216169 -0.00023206 -0.0173986 0.0874154 -0.000222429 0.00061559 0.000216169 -0.000222429 0.0101974 -0.0184736 -0.00023206 0.00061559 -0.0184736 0.0899174 
0.00933282 -0.017469 0.000219325 -0.000241119 -0.017469 0.0875667 -0.000230991 0.000595888 0.000219325 -0.000230991 0.0102119 -0.018451 -0.000241119 0.000595888 -0.018451 0.0899796 
0.00934639 -0.0174985 0.000252738 -0.000259879 -0.0174985 0.0877067 -0.000252285 0.00064572 0.000252738 -0.000252285 0.0102238 -0.0184713 -0.000259879 0.00064572 -0.0184713 0.0900382 
0.00919831 -0.0172481 0.000236954 -0.000282367 -0.0172481 0.0864203 -0.0002834 0.000693893 0.000236954 -0.0002834 0.0100586 -0.0181748 -0.000282367 0.000693893 -0.0181748 0.0886105 
0.00934563 -0.0175093 0.000235815 -0.000276775 -0.0175093 0.0877925 -0.000281271 0.000727395 0.000235815 -0.000281271 0.0102184 -0.0184631 -0.000276775 0.000727395 -0.0184631 0.0900168 
0.00918578 -0.0172726 0.000229378 -0.000264434 -0.0172726 0.0865974 -0.000265645 0.000699158 0.000229378 -0.000265645 0.0101044 -0.0182081 -0.000264434 0.000699158 -0.0182081 0.0887788 
0.00914752 -0.0171925 0.000237375 -0.000271803 -0.0171925 0.0863343 -0.000269265 0.000710526 0.000237375 -0.000269265 0.0101062 -0.0181908 -0.000271803 0.000710526 -0.0181908 0.088593 
