0.00767907 0 0.000439904 0 0 0.00999296 0 0 0.000439904 0 0.0067021 0 0 0 0 0.00999296 
0.0107973 -0.0133853 0.000598225 -0.000727261 -0.0133853 0.034753 -0.000727261 0.00139489 0.000598225 -0.000727261 0.00938458 -0.0116688 -0.000727261 0.00139489 -0.0116688 0.031461 
0.0107562 -0.0198939 0.000483317 -0.000767886 -0.0198939 0.0726313 -0.000767886 0.00238648 0.000483317 -0.000767886 0.00957889 -0.0179735 -0.000767886 0.00238648 -0.0179735 0.0666463 
0.0100073 -0.0190286 0.000435313 -0.000454076 -0.0190286 0.084503 -0.000458186 0.00144461 0.000435313 -0.000458186 0.00905716 -0.0178127 -0.000454076 0.00144461 -0.0178127 0.0803586 
0.0099388 -0.0182094 0.000461163 -0.000443819 -0.0182094 0.0867957 -0.000445848 0.00106648 0.000461163 -0.000445848 0.00899442 -0.0172019 -0.000443819 0.00106648 -0.0172019 0.0836816 
0.0101227 -0.0181971 0.000482782 -0.000506579 -0.0181971 0.0880386 -0.000502673 0.00114189 0.000482782 -0.000502673 0.00915968 -0.0171589 -0.000506579 0.00114189 -0.0171589 0.0851445 
0.0102764 -0.0184173 0.000480603 -0.000546246 -0.0184173 0.0891376 -0.000540737 0.00127685 0.000480603 -0.000540737 0.00928727 -0.0173169 -0.000546246 0.00127685 -0.0173169 0.086202 
0.0102831 -0.0184334 0.000473207 -0.000536528 -0.0184334 0.0892068 -0.000531964 0.00130192 0.000473207 -0.000531964 0.00932644 -0.0173108 -0.000536528 0.00130192 -0.0173108 0.0862786 
0.0103195 -0.0184649 0.000474809 -0.000520914 -0.0184649 0.0893758 -0.000518466 0.00126616 0.000474809 -0.000518466 0.00936405 -0.0173753 -0.000520914 0.00126616 -0.0173753 0.0865197 
0.0103888 -0.0185914 0.000490862 -0.0005084 -0.0185914 0.0898887 -0.000509622 0.00120934 0.000490862 -0.000509622 0.00942205 -0.0174873 -0.0005084 0.00120934 -0.0174873 0.0870356 
0.0104166 -0.0186319 0.000519835 -0.000518157 -0.0186319 0.090015 -0.000523189 0.0011965 0.000519835 -0.000523189 0.00939491 -0.017502 -0.000518157 0.0011965 -0.017502 0.0870941 
0.0103364 -0.0185236 0.000534216 -0.000553487 -0.0185236 0.0894362 -0.000558491 0.00125139 0.000534216 -0.000558491 0.00933231 -0.0173512 -0.000553487 0.00125139 -0.0173512 0.0864451 
0.0103705 -0.0185896 0.0005284 -0.000581589 -0.0185896 0.089805 -0.000589304 0.00133643 0.0005284 -0.000589304 0.00938916 -0.0174327 -0.000581589 0.00133643 -0.0174327 0.086788 
0.0103383 -0.0185977 0.000515323 -0.000576226 -0.0185977 0.0898372 -0.000590719 0.00137413 0.000515323 -0.000590719 0.00940499 -0.017443 -0.000576226 0.00137413 -0.017443 0.0867839 
0.0103747 -0.0186644 0.000518214 -0.000558534 -0.0186644 0.090301 -0.000574806 0.00135418 0.000518214 -0.000574806 0.00944938 -0.0175685 -0.000558534 0.00135418 -0.0175685 0.0873255 
0.0103454 -0.0186329 0.000545329 -0.000562511 -0.0186329 0.0902214 -0.000572878 0.00134232 0.000545329 -0.000572878 0.00947604 -0.0175726 -0.000562511 0.00134232 -0.0175726 0.0873835 
0.0102845 -0.0184783 0.000543727 -0.00058803 -0.0184783 0.0895735 -0.000592683 0.00136449 0.000543727 -0.000592683 0.00940445 -0.0175081 -0.00058803 0.00136449 -0.0175081 0.0869557 
0.0102834 -0.0184489 0.000548416 -0.000586523 -0.0184489 0.0893608 -0.000587745 0.00136978 0.000548416 -0.000587745 0.00936343 -0.0174439 -0.000586523 0.00136978 -0.0174439 0.086761 
0.0103975 -0.0186107 0.00053698 -0.000600976 -0.0186107 0.0900353 -0.00059677 0.0013898 0.00053698 -0.00059677 0.00936702 -0.0175185 -0.000600976 0.0013898 -0.0175185 0.0872406 
0.0103929 -0.0186791 0.000510111 -0.00058885 -0.0186791 0.0902038 -0.000576629 0.00137266 0.000510111 -0.000576629 0.00936744 -0.0174457 -0.00058885 0.00137266 -0.0174457 0.0870951 
0.0103528 -0.0186161 0.000492878 -0.000563734 -0.0186161 0.0900411 -0.000551404 0.00133469 0.000492878 -0.000551404 0.0093437 -0.0174301 -0.000563734 0.00133469 -0.0174301 0.0869128 
0.0103371 -0.0185656 0.00045541 -0.000542244 -0.0185656 0.0898906 -0.000532686 0.00128702 0.00045541 -0.000532686 0.00933659 -0.017425 -0.000542244 0.00128702 -0.017425 0.0868911 
0.0103282 -0.0185372 0.000443803 -0.0004943 -0.0185372 0.0897537 -0.000490043 0.00120068 0.000443803 -0.000490043 0.00933494 -0.0174116 -0.0004943 0.00120068 -0.0174116 0.0868456 
0.0103378 -0.0185737 0.000448101 -0.00047562 -0.0185737 0.0899047 -0.000475604 0.0011322 0.000448101 -0.000475604 0.00934212 -0.0174487 -0.00047562 0.0011322 -0.0174487 0.0870215 
0.0102692 -0.0184929 0.000421161 -0.000466442 -0.0184929 0.0895404 -0.000468974 0.00108033 0.000421161 -0.000468974 0.00930608 -0.0173642 -0.000466442 0.00108033 -0.0173642 0.0866534 
0.0103047 -0.0185784 0.000395089 -0.000439489 -0.0185784 0.0900388 -0.000446127 0.00103115 0.000395089 -0.000446127 0.00934993 -0.0174505 -0.000439489 0.00103115 -0.0174505 0.0871017 
0.0102897 -0.0185242 0.000377938 -0.000414298 -0.0185242 0.0898539 -0.000420419 0.00097884 0.000377938 -0.000420419 0.00930192 -0.0173943 -0.000414298 0.00097884 -0.0173943 0.0868772 
0.0102877 -0.0185439 0.000405328 -0.000402839 -0.0185439 0.089929 -0.000407449 0.000945469 0.000405328 -0.000407449 0.00933308 -0.017373 -0.000402839 0.000945469 -0.017373 0.0868805 
0.0102452 -0.0184411 0.000450798 -0.000441968 -0.0184411 0.0895099 -0.000447377 0.00100573 0.000450798 -0.000447377 0.00933907 -0.0173421 -0.000441968 0.00100573 -0.0173421 0.0865768 
0.0102507 -0.0184162 0.000465624 -0.000501459 -0.0184162 0.0894011 -0.000507824 0.00113976 0.000465624 -0.000507824 0.00935339 -0.0174075 -0.000501459 0.00113976 -0.0174075 0.086713 
0.0102593 -0.0184097 0.000460109 -0.000529689 -0.0184097 0.0893077 -0.000531288 0.00125286 0.000460109 -0.000531288 0.00933434 -0.0174205 -0.000529689 0.00125286 -0.0174205 0.0867685 
0.0102775 -0.0184359 0.000422268 -0.000532317 -0.0184359 0.0893665 -0.000525455 0.00129628 0.000422268 -0.000525455 0.00934573 -0.0174183 -0.000532317 0.00129628 -0.0174183 0.0868406 
0.0102864 -0.0184208 0.000398638 -0.000485551 -0.0184208 0.089233 -0.000472646 0.00122859 0.000398638 -0.000472646 0.00932963 -0.0173892 -0.000485551 0.00122859 -0.0173892 0.0866727 
0.0103931 -0.0185832 0.000379824 -0.000456383 -0.0185832 0.0899023 -0.000441739 0.0011417 0.000379824 -0.000441739 0.00938544 -0.0175049 -0.000456383 0.0011417 -0.0175049 0.0872396 
0.0104324 -0.018649 0.000372781 -0.000422761 -0.018649 0.0900936 -0.000410407 0.0010479 0.000372781 -0.000410407 0.00937848 -0.0175195 -0.000422761 0.0010479 -0.0175195 0.0873192 
0.0104391 -0.0186945 0.000347422 -0.000401859 -0.0186945 0.0902408 -0.000392409 0.000965659 0.000347422 -0.000392409 0.00936559 -0.0175118 -0.000401859 0.000965659 -0.0175118 0.0873334 
0.0103575 -0.0185878 0.000310041 -0.000369601 -0.0185878 0.0897296 -0.000365298 0.000893275 0.000310041 -0.000365298 0.00930138 -0.0173647 -0.000369601 0.000893275 -0.0173647 0.0866799 
0.0103748 -0.0186018 0.000304846 -0.000339688 -0.0186018 0.0898829 -0.000338216 0.000840217 0.000304846 -0.000338216 0.00929339 -0.0173898 -0.000339688 0.000840217 -0.0173898 0.0867836 
0.0103633 -0.0185706 0.000317648 -0.000329076 -0.0185706 0.0897363 -0.000326561 0.000793876 0.000317648 -0.000326561 0.0092725 -0.0173413 -0.000329076 0.000793876 -0.0173413 0.0866225 
0.0104604 -0.0186732 0.000325282 -0.00035506 -0.0186732 0.0902436 -0.000350219 0.000829894 0.000325282 -0.000350219 0.00930962 -0.0174511 -0.00035506 0.000829894 -0.0174511 0.0871601 
0.0103878 -0.0185916 0.000310356 -0.000359184 -0.0185916 0.08971 -0.000352281 0.000849371 0.000310356 -0.000352281 0.00927168 -0.0173289 -0.000359184 0.000849371 -0.0173289 0.0866181 
0.0103866 -0.0186247 0.000306226 -0.00035025 -0.0186247 0.0898771 -0.00034532 0.000858088 0.000306226 -0.00034532 0.00928389 -0.0173493 -0.00035025 0.000858088 -0.0173493 0.08668 
0.0103574 -0.0185648 0.0002806 -0.000354944 -0.0185648 0.089654 -0.000353734 0.000884273 0.0002806 -0.000353734 0.00923964 -0.0173001 -0.000354944 0.000884273 -0.0173001 0.0864287 
0.0103739 -0.0186139 0.000257085 -0.00032554 -0.0186139 0.0899477 -0.000325092 0.000855064 0.000257085 -0.000325092 0.00926924 -0.0173683 -0.00032554 0.000855064 -0.0173683 0.0868005 
0.0104108 -0.0186605 0.000237439 -0.000283717 -0.0186605 0.0902357 -0.000284641 0.000760024 0.000237439 -0.000284641 0.00927414 -0.0174184 -0.000283717 0.000760024 -0.0174184 0.0871104 
0.0104183 -0.0186389 0.000225062 -0.000267491 -0.0186389 0.0901045 -0.000261803 0.000695082 0.000225062 -0.000261803 0.00920264 -0.0173377 -0.000267491 0.000695082 -0.0173377 0.0868686 
0.0104168 -0.0186373 0.000215751 -0.000257634 -0.0186373 0.090041 -0.000241215 0.000646747 0.000215751 -0.000241215 0.00915882 -0.0172628 -0.000257634 0.000646747 -0.0172628 0.0866713 
0.0103848 -0.0186133 0.000226952 -0.000250221 -0.0186133 0.0899172 -0.000230631 0.000616432 0.000226952 -0.000230631 0.00915796 -0.0171934 -0.000250221 0.000616432 -0.0171934 0.0864248 
0.0103615 -0.0186014 0.000239164 -0.00025912 -0.0186014 0.0899116 -0.000248944 0.00062595 0.000239164 -0.000248944 0.00920382 -0.0171944 -0.00025912 0.00062595 -0.0171944 0.0863638 
0.0103582 -0.0186146 0.00024461 -0.000271059 -0.0186146 0.0900717 -0.000269531 0.000661558 0.00024461 -0.000269531 0.00927861 -0.0173022 -0.000271059 0.000661558 -0.0173022 0.0866723 
0.0103471 -0.0185966 0.000224733 -0.000278816 -0.0185966 0.0900337 -0.000282313 0.000698083 0.000224733 -0.000282313 0.00928995 -0.0173565 -0.000278816 0.000698083 -0.0173565 0.0867937 
0.010272 -0.0184325 0.000193609 -0.000244903 -0.0184325 0.0893017 -0.000251518 0.000651732 0.000193609 -0.000251518 0.00921107 -0.0172699 -0.000244903 0.000651732 -0.0172699 0.0863129 
0.0103014 -0.0184858 0.000177934 -0.000214837 -0.0184858 0.0895689 -0.000220875 0.000587707 0.000177934 -0.000220875 0.00923275 -0.0173459 -0.000214837 0.000587707 -0.0173459 0.0867551 
0.0102246 -0.0184141 0.000177524 -0.000193073 -0.0184141 0.0892294 -0.000196166 0.000519513 0.000177524 -0.000196166 0.00921471 -0.0172637 -0.000193073 0.000519513 -0.0172637 0.0864556 
0.0102258 -0.018429 0.000196825 -0.00019781 -0.018429 0.089428 -0.000197502 0.000504417 0.000196825 -0.000197502 0.00924106 -0.0173076 -0.00019781 0.000504417 -0.0173076 0.0866539 
0.0102002 -0.018336 0.000232536 -0.000225467 -0.018336 0.0890536 -0.000223496 0.000548259 0.000232536 -0.000223496 0.009184 -0.017234 -0.000225467 0.000548259 -0.017234 0.0863062 
0.0102785 -0.0184487 0.00026403 -0.000272458 -0.0184487 0.0895347 -0.000270033 0.000644825 0.00026403 -0.000270033 0.00922625 -0.0172959 -0.000272458 0.000644825 -0.0172959 0.0867116 
0.0102849 -0.0185394 0.000305964 -0.000313336 -0.0185394 0.089845 -0.000309748 0.000751311 0.000305964 -0.000309748 0.00931446 -0.0173061 -0.000313336 0.000751311 -0.0173061 0.0868071 
0.0102515 -0.0184922 0.000325207 -0.000365116 -0.0184922 0.0897698 -0.00036171 0.000875397 0.000325207 -0.00036171 0.0093475 -0.017396 -0.000365116 0.000875397 -0.017396 0.0868883 
0.010239 -0.0184414 0.000330653 -0.000382218 -0.0184414 0.089613 -0.000386224 0.000953997 0.000330653 -0.000386224 0.00933013 -0.0174346 -0.000382218 0.000953997 -0.0174346 0.0869783 
0.0102214 -0.0184201 0.000339508 -0.000372673 -0.0184201 0.0895409 -0.000383524 0.000955813 0.000339508 -0.000383524 0.00933262 -0.0174601 -0.000372673 0.000955813 -0.0174601 0.0871509 
0.0101208 -0.0182543 0.00035233 -0.000372028 -0.0182543 0.0888092 -0.00038795 0.000943044 0.00035233 -0.00038795 0.00928263 -0.0173509 -0.000372028 0.000943044 -0.0173509 0.0866347 
0.0101174 -0.0182376 0.000357067 -0.000394788 -0.0182376 0.0887896 -0.000408781 0.000980166 0.000357067 -0.000408781 0.00929447 -0.0173716 -0.000394788 0.000980166 -0.0173716 0.0867311 
0.0101459 -0.0182235 0.000309448 -0.000400943 -0.0182235 0.0887188 -0.000406825 0.000996724 0.000309448 -0.000406825 0.00924769 -0.0173636 -0.000400943 0.000996724 -0.0173636 0.0867034 
0.0102228 -0.0183533 0.000275609 -0.000339106 -0.0183533 0.0891767 -0.000338792 0.000889465 0.000275609 -0.000338792 0.00924576 -0.0173652 -0.000339106 0.000889465 -0.0173652 0.0869282 
0.0102324 -0.0183813 0.000255284 -0.000295596 -0.0183813 0.0891782 -0.000292969 0.000758323 0.000255284 -0.000292969 0.00919516 -0.017262 -0.000295596 0.000758323 -0.017262 0.0865563 
0.0102312 -0.0184359 0.000263168 -0.000287654 -0.0184359 0.0893821 -0.000284843 0.000713752 0.000263168 -0.000284843 0.0092052 -0.0172237 -0.000287654 0.000713752 -0.0172237 0.0864335 
0.0102135 -0.0184874 0.000307228 -0.000295613 -0.0184874 0.0897119 -0.000295321 0.000715229 0.000307228 -0.000295321 0.00928978 -0.0172826 -0.000295613 0.000715229 -0.0172826 0.0866421 
0.0101688 -0.018452 0.000323973 -0.000346427 -0.018452 0.0897536 -0.000351686 0.00080367 0.000323973 -0.000351686 0.00935317 -0.0173721 -0.000346427 0.00080367 -0.0173721 0.0868403 
0.0100832 -0.018284 0.000342973 -0.000368213 -0.018284 0.0891392 -0.000378735 0.000893757 0.000342973 -0.000378735 0.00932877 -0.0173478 -0.000368213 0.000893757 -0.0173478 0.0865493 
0.0101283 -0.0182834 0.000357968 -0.000379522 -0.0182834 0.0892511 -0.000390186 0.000926442 0.000357968 -0.000390186 0.00933704 -0.0174561 -0.000379522 0.000926442 -0.0174561 0.0870159 
0.0101797 -0.0183256 0.000377198 -0.000406753 -0.0183256 0.0893393 -0.000408454 0.000975952 0.000377198 -0.000408454 0.00933226 -0.0174606 -0.000406753 0.000975952 -0.0174606 0.0872005 
0.0101778 -0.0183515 0.000387547 -0.000431804 -0.0183515 0.0892896 -0.000422428 0.00102247 0.000387547 -0.000422428 0.0093074 -0.0173986 -0.000431804 0.00102247 -0.0173986 0.0870027 
0.0101514 -0.0182955 0.000398963 -0.00043574 -0.0182955 0.0890235 -0.00042282 0.00103133 0.000398963 -0.00042282 0.00926545 -0.01734 -0.00043574 0.00103133 -0.01734 0.0866938 
0.0102184 -0.0184033 0.000414554 -0.000455135 -0.0184033 0.089487 -0.000447314 0.00107407 0.000414554 -0.000447314 0.00928775 -0.017394 -0.000455135 0.00107407 -0.017394 0.0870284 
0.0102062 -0.0184015 0.000434348 -0.000471965 -0.0184015 0.0894351 -0.000473563 0.00112727 0.000434348 -0.000473563 0.00930559 -0.0173642 -0.000471965 0.00112727 -0.0173642 0.0869088 
0.0101805 -0.0183743 0.00043229 -0.000496385 -0.0183743 0.0893011 -0.000502323 0.00119514 0.00043229 -0.000502323 0.00932019 -0.0173528 -0.000496385 0.00119514 -0.0173528 0.0867414 
0.010236 -0.018462 0.000388169 -0.000490527 -0.018462 0.0897476 -0.000495403 0.00120881 0.000388169 -0.000495403 0.00935706 -0.0174748 -0.000490527 0.00120881 -0.0174748 0.0872198 
0.0101482 -0.0183132 0.000358311 -0.00041992 -0.0183132 0.0890226 -0.000423135 0.00107788 0.000358311 -0.000423135 0.00929841 -0.0173432 -0.00041992 0.00107788 -0.0173432 0.086591 
0.0102237 -0.0184043 0.000344367 -0.000383515 -0.0184043 0.0894955 -0.000384164 0.000952159 0.000344367 -0.000384164 0.00934668 -0.0174654 -0.000383515 0.000952159 -0.0174654 0.0871407 
0.0102216 -0.0183821 0.000306153 -0.000363417 -0.0183821 0.0892884 -0.000361343 0.000865738 0.000306153 -0.000361343 0.00930268 -0.0174078 -0.000363417 0.000865738 -0.0174078 0.0869078 
0.0102285 -0.0184355 0.000306288 -0.000327127 -0.0184355 0.0894763 -0.000325867 0.00079314 0.000306288 -0.000325867 0.0093317 -0.0174136 -0.000327127 0.00079314 -0.0174136 0.0870045 
0.0102352 -0.0184469 0.000299899 -0.000325168 -0.0184469 0.089618 -0.00032199 0.000755773 0.000299899 -0.00032199 0.00933223 -0.0174694 -0.000325168 0.000755773 -0.0174694 0.0871904 
0.010255 -0.0184773 0.000264221 -0.000324756 -0.0184773 0.0897813 -0.000317638 0.000752135 0.000264221 -0.000317638 0.00932613 -0.017476 -0.000324756 0.000752135 -0.017476 0.08733 
0.0101907 -0.0184241 0.000245243 -0.000278746 -0.0184241 0.0895004 -0.000273777 0.000679485 0.000245243 -0.000273777 0.00928894 -0.017367 -0.000278746 0.000679485 -0.017367 0.0869111 
0.0101772 -0.0183652 0.000226566 -0.000249061 -0.0183652 0.0893669 -0.000253525 0.000601205 0.000226566 -0.000253525 0.00926704 -0.0173464 -0.000249061 0.000601205 -0.0173464 0.086778 
0.0101486 -0.0182822 0.000204606 -0.00022161 -0.0182822 0.0889638 -0.00023175 0.000530575 0.000204606 -0.00023175 0.00920097 -0.0172591 -0.00022161 0.000530575 -0.0172591 0.0863933 
0.0102322 -0.0184075 0.000239562 -0.000207533 -0.0184075 0.089533 -0.000215373 0.000494557 0.000239562 -0.000215373 0.00924397 -0.0173409 -0.000207533 0.000494557 -0.0173409 0.0869063 
0.0101929 -0.018371 0.000264721 -0.000253897 -0.018371 0.0892986 -0.000256428 0.000548748 0.000264721 -0.000256428 0.0092692 -0.0172809 -0.000253897 0.000548748 -0.0172809 0.0866422 
0.0101749 -0.0183171 0.000254454 -0.000292648 -0.0183171 0.0890801 -0.000293284 0.000651739 0.000254454 -0.000293284 0.00925829 -0.0172918 -0.000292648 0.000651739 -0.0172918 0.0864859 
0.0101822 -0.0183164 0.000239966 -0.000289332 -0.0183164 0.0890389 -0.000286806 0.000696789 0.000239966 -0.000286806 0.00926575 -0.0173022 -0.000289332 0.000696789 -0.0173022 0.0865116 
0.0102235 -0.0183919 0.000233139 -0.00026567 -0.0183919 0.0893641 -0.000260018 0.000659267 0.000233139 -0.000260018 0.00931046 -0.0173862 -0.00026567 0.000659267 -0.0173862 0.0868813 
0.0101664 -0.0183202 0.000244988 -0.000245827 -0.0183202 0.0889658 -0.000233545 0.000585601 0.000244988 -0.000233545 0.00923784 -0.0173015 -0.000245827 0.000585601 -0.0173015 0.0864491 
0.0102036 -0.0184278 0.000242452 -0.000259101 -0.0184278 0.0895048 -0.000245739 0.000572403 0.000242452 -0.000245739 0.00926989 -0.0173603 -0.000259101 0.000572403 -0.0173603 0.0868635 
0.0102055 -0.0184714 0.000237258 -0.000258228 -0.0184714 0.0897923 -0.000251699 0.000583644 0.000237258 -0.000251699 0.00929355 -0.0173726 -0.000258228 0.000583644 -0.0173726 0.0870074 
0.0101712 -0.0183887 0.000221397 -0.000244422 -0.0183887 0.0895439 -0.000249345 0.000570219 0.000221397 -0.000249345 0.00927249 -0.0173444 -0.000244422 0.000570219 -0.0173444 0.0868214 
0.0101493 -0.0183236 0.000219476 -0.000232944 -0.0183236 0.0892388 -0.000246732 0.000567418 0.000219476 -0.000246732 0.0092544 -0.0172815 -0.000232944 0.000567418 -0.0172815 0.0865417 
0.0101228 -0.0182715 0.00023608 -0.000237051 -0.0182715 0.0889478 -0.00025236 0.000583772 0.00023608 -0.00025236 0.00921899 -0.0172336 -0.000237051 0.000583772 -0.0172336 0.0862617 
0.0101553 -0.0183008 0.00023737 -0.000256142 -0.0183008 0.0890672 -0.000268162 0.000615345 0.00023737 -0.000268162 0.00922682 -0.0172537 -0.000256142 0.000615345 -0.0172537 0.0863795 
0.010209 -0.0184304 0.000257986 -0.000267694 -0.0184304 0.0896224 -0.000266961 0.000644159 0.000257986 -0.000266961 0.00929173 -0.0173514 -0.000267694 0.000644159 -0.0173514 0.0868855 
0.0101792 -0.0184063 0.000268401 -0.00028954 -0.0184063 0.0895778 -0.000276523 0.00066702 0.000268401 -0.000276523 0.00931027 -0.0173879 -0.00028954 0.00066702 -0.0173879 0.0869705 
0.0101169 -0.0182402 0.00023199 -0.00030088 -0.0182402 0.0888918 -0.000283122 0.00068805 0.00023199 -0.000283122 0.0092277 -0.0173144 -0.00030088 0.00068805 -0.0173144 0.0865344 
0.0101879 -0.0183824 0.000217599 -0.000273487 -0.0183824 0.0894909 -0.000261969 0.000682845 0.000217599 -0.000261969 0.0092763 -0.0173948 -0.000273487 0.000682845 -0.0173948 0.0871103 
0.010169 -0.0183157 0.000227357 -0.000247759 -0.0183157 0.0891606 -0.000248145 0.000640117 0.000227357 -0.000248145 0.00923717 -0.0173031 -0.000247759 0.000640117 -0.0173031 0.0867102 
0.0102122 -0.0183504 0.000212083 -0.000250122 -0.0183504 0.0892716 -0.00025978 0.000628485 0.000212083 -0.00025978 0.00922131 -0.0173232 -0.000250122 0.000628485 -0.0173232 0.0867844 
0.0102095 -0.0183662 0.00021753 -0.000235352 -0.0183662 0.0891955 -0.000242993 0.000610909 0.00021753 -0.000242993 0.00917204 -0.0172445 -0.000235352 0.000610909 -0.0172445 0.0865183 
0.0102564 -0.0184204 0.000215853 -0.00025226 -0.0184204 0.0894296 -0.000248061 0.000621846 0.000215853 -0.000248061 0.00917294 -0.0172382 -0.00025226 0.000621846 -0.0172382 0.0865726 
0.0102549 -0.0184414 0.000226262 -0.000256647 -0.0184414 0.0894272 -0.000246387 0.000638942 0.000226262 -0.000246387 0.00916553 -0.0171829 -0.000256647 0.000638942 -0.0171829 0.0863505 
0.0102493 -0.0184695 0.000249764 -0.000269958 -0.0184695 0.0895486 -0.000258387 0.000664255 0.000249764 -0.000258387 0.00919527 -0.0171895 -0.000269958 0.000664255 -0.0171895 0.0863313 
0.0101969 -0.0184494 0.00029894 -0.000287192 -0.0184494 0.0895275 -0.000283084 0.000697867 0.00029894 -0.000283084 0.00925064 -0.0172197 -0.000287192 0.000697867 -0.0172197 0.0863451 
0.0101793 -0.0184129 0.000318617 -0.00032875 -0.0184129 0.0895758 -0.000333598 0.000764568 0.000318617 -0.000333598 0.00930436 -0.0173395 -0.00032875 0.000764568 -0.0173395 0.0866911 
0.0101365 -0.0182989 0.000302483 -0.000351063 -0.0182989 0.0891322 -0.000359152 0.00083603 0.000302483 -0.000359152 0.00925994 -0.0173367 -0.000351063 0.00083603 -0.0173367 0.0865893 
0.0101255 -0.0182904 0.000302721 -0.000339152 -0.0182904 0.0890593 -0.000346609 0.000848718 0.000302721 -0.000346609 0.00925575 -0.0173083 -0.000339152 0.000848718 -0.0173083 0.0865987 
0.0101571 -0.018313 0.000287429 -0.000329863 -0.018313 0.0891846 -0.000333201 0.000811467 0.000287429 -0.000333201 0.00925208 -0.0173217 -0.000329863 0.000811467 -0.0173217 0.0867006 
0.0101612 -0.0182723 0.000288408 -0.000318641 -0.0182723 0.0889521 -0.000316881 0.00078215 0.000288408 -0.000316881 0.0092172 -0.0172699 -0.000318641 0.00078215 -0.0172699 0.0864812 
0.0101698 -0.0182905 0.000283626 -0.000318358 -0.0182905 0.0889315 -0.000311913 0.00076074 0.000283626 -0.000311913 0.00921278 -0.0172493 -0.000318358 0.00076074 -0.0172493 0.0864192 
0.0102039 -0.0183544 0.000297057 -0.000315453 -0.0183544 0.08921 -0.000309884 0.000754077 0.000297057 -0.000309884 0.00926288 -0.0173046 -0.000315453 0.000754077 -0.0173046 0.0866709 
0.01022 -0.0183524 0.000296735 -0.000332085 -0.0183524 0.0891762 -0.00033376 0.000787001 0.000296735 -0.00033376 0.0092551 -0.0173229 -0.000332085 0.000787001 -0.0173229 0.0866607 
0.0101778 -0.0183055 0.000297558 -0.000330778 -0.0183055 0.088878 -0.000337796 0.000809849 0.000297558 -0.000337796 0.00921884 -0.0172719 -0.000330778 0.000809849 -0.0172719 0.0864024 
0.0102487 -0.0184556 0.000307536 -0.000337598 -0.0184556 0.0896132 -0.000345866 0.000835436 0.000307536 -0.000345866 0.00928878 -0.0173894 -0.000337598 0.000835436 -0.0173894 0.0870472 
0.0102236 -0.018374 0.000316992 -0.000339247 -0.018374 0.0892502 -0.000348936 0.00083701 0.000316992 -0.000348936 0.00925058 -0.0173097 -0.000339247 0.00083701 -0.0173097 0.0866499 
0.0102087 -0.0183581 0.0003414 -0.000354826 -0.0183581 0.0891193 -0.000363141 0.000866432 0.0003414 -0.000363141 0.00923639 -0.0172876 -0.000354826 0.000866432 -0.0172876 0.0865078 
0.0102693 -0.018496 0.000382051 -0.000391019 -0.018496 0.0897762 -0.000396496 0.000939169 0.000382051 -0.000396496 0.00931791 -0.0174117 -0.000391019 0.000939169 -0.0174117 0.0871203 
0.010196 -0.0184253 0.000407224 -0.000437692 -0.0184253 0.0894411 -0.000441087 0.00104066 0.000407224 -0.000441087 0.00932014 -0.0173338 -0.000437692 0.00104066 -0.0173338 0.0867065 
0.0102184 -0.0184669 0.000388438 -0.000457229 -0.0184669 0.0897562 -0.000462666 0.00110152 0.000388438 -0.000462666 0.00935592 -0.0174392 -0.000457229 0.00110152 -0.0174392 0.0870534 
0.0102181 -0.0184331 0.000357887 -0.000442871 -0.0184331 0.0896511 -0.000446622 0.00110968 0.000357887 -0.000446622 0.00934447 -0.0174418 -0.000442871 0.00110968 -0.0174418 0.087059 
0.0101664 -0.018353 0.000330275 -0.000397098 -0.018353 0.0892373 -0.000395588 0.00101614 0.000330275 -0.000395588 0.0093169 -0.0173745 -0.000397098 0.00101614 -0.0173745 0.0867394 
0.0102049 -0.0184046 0.000312403 -0.000362869 -0.0184046 0.0895375 -0.000355435 0.000908859 0.000312403 -0.000355435 0.00933262 -0.0174632 -0.000362869 0.000908859 -0.0174632 0.0871344 
0.0101513 -0.0183082 0.000320157 -0.000338713 -0.0183082 0.08906 -0.000329904 0.00082479 0.000320157 -0.000329904 0.00926771 -0.0173541 -0.000338713 0.00082479 -0.0173541 0.0867032 
0.0101291 -0.0182942 0.00032295 -0.000352356 -0.0182942 0.0889668 -0.000345581 0.00082064 0.00032295 -0.000345581 0.00929911 -0.0172966 -0.000352356 0.00082064 -0.0172966 0.0865214 
0.0101512 -0.01829 0.000309672 -0.000349696 -0.01829 0.0890143 -0.000347295 0.000821609 0.000309672 -0.000347295 0.00929915 -0.0173645 -0.000349696 0.000821609 -0.0173645 0.0866415 
0.0101835 -0.0183492 0.000300676 -0.000337087 -0.0183492 0.0891993 -0.000340687 0.000813332 0.000300676 -0.000340687 0.00927348 -0.0173635 -0.000337087 0.000813332 -0.0173635 0.0867385 
0.0101676 -0.018321 0.000284362 -0.000316504 -0.018321 0.0890465 -0.00032156 0.000764284 0.000284362 -0.00032156 0.00924129 -0.0172933 -0.000316504 0.000764284 -0.0172933 0.0865059 
0.0102239 -0.0184232 0.000290821 -0.000301554 -0.0184232 0.0895608 -0.000304019 0.000721968 0.000290821 -0.000304019 0.00930811 -0.0173866 -0.000301554 0.000721968 -0.0173866 0.086988 
0.0102181 -0.0183441 0.000305883 -0.000310229 -0.0183441 0.0892151 -0.000309149 0.000715844 0.000305883 -0.000309149 0.00925793 -0.0173575 -0.000310229 0.000715844 -0.0173575 0.0867539 
0.010209 -0.018359 0.00035405 -0.000349589 -0.018359 0.0891122 -0.000344258 0.00080025 0.00035405 -0.000344258 0.00924868 -0.0172867 -0.000349589 0.00080025 -0.0172867 0.0865388 
0.0102797 -0.0185034 0.000388347 -0.000419897 -0.0185034 0.0897701 -0.000415234 0.000961692 0.000388347 -0.000415234 0.00933403 -0.0173923 -0.000419897 0.000961692 -0.0173923 0.0870247 
0.0102795 -0.0184974 0.000397091 -0.000449425 -0.0184974 0.08976 -0.000444083 0.00106729 0.000397091 -0.000444083 0.00932552 -0.0174238 -0.000449425 0.00106729 -0.0174238 0.0870314 
0.0102377 -0.0183997 0.000367283 -0.000460673 -0.0183997 0.0892583 -0.000452905 0.00112063 0.000367283 -0.000452905 0.00925388 -0.0173173 -0.000460673 0.00112063 -0.0173173 0.0865357 
0.0102399 -0.0184094 0.000344518 -0.00042944 -0.0184094 0.0892882 -0.000421293 0.00109482 0.000344518 -0.000421293 0.00923509 -0.017321 -0.00042944 0.00109482 -0.017321 0.0865882 
0.010273 -0.0184506 0.000313631 -0.000388166 -0.0184506 0.0894892 -0.000386437 0.00100273 0.000313631 -0.000386437 0.00922026 -0.0173331 -0.000388166 0.00100273 -0.0173331 0.0867475 
0.0103282 -0.0185463 0.000247294 -0.000341783 -0.0185463 0.0898905 -0.000347221 0.000891255 0.000247294 -0.000347221 0.00923215 -0.0173461 -0.000341783 0.000891255 -0.0173461 0.0869764 
0.0103041 -0.0184898 0.000217328 -0.000253448 -0.0184898 0.0896053 -0.00025963 0.000700871 0.000217328 -0.00025963 0.00919926 -0.0172646 -0.000253448 0.000700871 -0.0172646 0.0866045 
0.010333 -0.0185519 0.000230112 -0.000227733 -0.0185519 0.0898685 -0.000228459 0.000583765 0.000230112 -0.000228459 0.00923356 -0.0173109 -0.000227733 0.000583765 -0.0173109 0.086813 
0.0103407 -0.0185718 0.000239406 -0.000249933 -0.0185718 0.0899332 -0.000248283 0.000584863 0.000239406 -0.000248283 0.00922663 -0.0173056 -0.000249933 0.000584863 -0.0173056 0.0867773 
0.0103171 -0.0185155 0.000229677 -0.000273358 -0.0185155 0.0896596 -0.000269811 0.000645648 0.000229677 -0.000269811 0.00920535 -0.0172435 -0.000273358 0.000645648 -0.0172435 0.086469 
0.0103244 -0.0185058 0.000204573 -0.000268859 -0.0185058 0.0895726 -0.000264751 0.000674609 0.000204573 -0.000264751 0.0091687 -0.0172222 -0.000268859 0.000674609 -0.0172222 0.0863277 
0.0103424 -0.0185956 0.000214807 -0.000235485 -0.0185956 0.0899332 -0.000231553 0.000627362 0.000214807 -0.000231553 0.00920011 -0.0172546 -0.000235485 0.000627362 -0.0172546 0.0865777 
0.0102693 -0.0184836 0.000219514 -0.000237722 -0.0184836 0.0895036 -0.000229761 0.000588372 0.000219514 -0.000229761 0.00915211 -0.0171861 -0.000237722 0.000588372 -0.0171861 0.0861926 
0.0103269 -0.0185831 0.000238116 -0.000248457 -0.0185831 0.0900699 -0.000235923 0.00059468 0.000238116 -0.000235923 0.00920748 -0.0172901 -0.000248457 0.00059468 -0.0172901 0.0867687 
