0.00758323 0 0.00047811 0 0 0.0100714 0 0 0.00047811 0 0.00695678 0 0 0 0 0.0100714 
0.0106437 -0.0131996 0.00067227 -0.00081569 -0.0131996 0.0344481 -0.00081569 0.00156361 0.00067227 -0.00081569 0.00971523 -0.0120742 -0.00081569 0.00156361 -0.0120742 0.0322898 
0.0106561 -0.0197506 0.000628441 -0.000861717 -0.0197506 0.072263 -0.000861717 0.00267082 0.000628441 -0.000861717 0.0098446 -0.0184957 -0.000861717 0.00267082 -0.0184957 0.0683604 
0.00984295 -0.0187563 0.000575533 -0.000613394 -0.0187563 0.0834773 -0.000608392 0.00178571 0.000575533 -0.000608392 0.00916006 -0.0179154 -0.000613394 0.00178571 -0.0179154 0.0806981 
0.00989581 -0.018227 0.000597726 -0.000632825 -0.018227 0.0870125 -0.000622452 0.0015864 0.000597726 -0.000622452 0.00926021 -0.017453 -0.000632825 0.0015864 -0.017453 0.0846377 
0.0100851 -0.0183443 0.000616334 -0.000684601 -0.0183443 0.0889186 -0.000675486 0.00170746 0.000616334 -0.000675486 0.00951758 -0.0175655 -0.000684601 0.00170746 -0.0175655 0.0865501 
0.0102233 -0.0184632 0.000602664 -0.00069744 -0.0184632 0.0898057 -0.000689484 0.00175922 0.000602664 -0.000689484 0.0096342 -0.0177688 -0.00069744 0.00175922 -0.0177688 0.0876352 
0.0103245 -0.0186163 0.000605376 -0.000676002 -0.0186163 0.09052 -0.000667559 0.00171368 0.000605376 -0.000667559 0.00970483 -0.0179094 -0.000676002 0.00171368 -0.0179094 0.0884871 
0.0103186 -0.0186246 0.000616576 -0.000676895 -0.0186246 0.0905028 -0.000663654 0.00166626 0.000616576 -0.000663654 0.00968983 -0.0178797 -0.000676895 0.00166626 -0.0178797 0.0884704 
0.0102167 -0.018379 0.000584797 -0.000690589 -0.018379 0.0893227 -0.000677252 0.00167035 0.000584797 -0.000677252 0.00952977 -0.0176344 -0.000690589 0.00167035 -0.0176344 0.0873001 
0.0103267 -0.0185799 0.000588226 -0.000672606 -0.0185799 0.0901858 -0.000659203 0.00167181 0.000588226 -0.000659203 0.00961818 -0.0177802 -0.000672606 0.00167181 -0.0177802 0.0881101 
0.0102768 -0.0185107 0.000595199 -0.000672075 -0.0185107 0.089784 -0.000663873 0.00167123 0.000595199 -0.000663873 0.00958793 -0.0176808 -0.000672075 0.00167123 -0.0176808 0.0876191 
0.010285 -0.018466 0.00057027 -0.000665931 -0.018466 0.0895809 -0.000659395 0.00164844 0.00057027 -0.000659395 0.00955865 -0.0176705 -0.000665931 0.00164844 -0.0176705 0.087457 
0.0103234 -0.018525 0.000567841 -0.000632065 -0.018525 0.0897553 -0.000625671 0.00158743 0.000567841 -0.000625671 0.00952952 -0.0177071 -0.000632065 0.00158743 -0.0177071 0.0876604 
0.0102948 -0.0185076 0.000571802 -0.000629101 -0.0185076 0.0896151 -0.000621025 0.0015498 0.000571802 -0.000621025 0.00951283 -0.0176356 -0.000629101 0.0015498 -0.0176356 0.0874759 
0.0102539 -0.0184986 0.000583368 -0.000647587 -0.0184986 0.0895898 -0.000641202 0.00158773 0.000583368 -0.000641202 0.00950783 -0.017606 -0.000647587 0.00158773 -0.017606 0.0873466 
0.0102453 -0.0184367 0.000554883 -0.000659155 -0.0184367 0.0894371 -0.000659665 0.001632 0.000554883 -0.000659665 0.00947394 -0.0175932 -0.000659155 0.001632 -0.0175932 0.0872439 
0.0102188 -0.0184151 0.000523216 -0.000623312 -0.0184151 0.0892878 -0.000630315 0.00160251 0.000523216 -0.000630315 0.00945583 -0.0175361 -0.000623312 0.00160251 -0.0175361 0.0870658 
0.0102795 -0.0185315 0.000500572 -0.000589473 -0.0185315 0.0898739 -0.000598373 0.00153737 0.000500572 -0.000598373 0.00949259 -0.0176309 -0.000589473 0.00153737 -0.0176309 0.0875555 
0.0102899 -0.0185191 0.000485244 -0.000560484 -0.0185191 0.0898869 -0.000569304 0.00146174 0.000485244 -0.000569304 0.00948748 -0.0176429 -0.000560484 0.00146174 -0.0176429 0.0876429 
0.0102731 -0.0184932 0.000493317 -0.000536882 -0.0184932 0.0897551 -0.000547563 0.00139272 0.000493317 -0.000547563 0.00946506 -0.0176171 -0.000536882 0.00139272 -0.0176171 0.0875705 
0.0102495 -0.0184357 0.00049983 -0.000556482 -0.0184357 0.0894827 -0.000564754 0.00140644 0.00049983 -0.000564754 0.00941795 -0.0175458 -0.000556482 0.00140644 -0.0175458 0.0872943 
0.0102413 -0.01842 0.000482061 -0.000566426 -0.01842 0.0893848 -0.000564084 0.00142075 0.000482061 -0.000564084 0.00940174 -0.0175056 -0.000566426 0.00142075 -0.0175056 0.0871652 
0.0102093 -0.0183279 0.000466819 -0.000547676 -0.0183279 0.0889406 -0.000540564 0.00139207 0.000466819 -0.000540564 0.0093716 -0.0174191 -0.000547676 0.00139207 -0.0174191 0.0867334 
0.0103818 -0.0186015 0.000453348 -0.000547544 -0.0186015 0.0901964 -0.000536534 0.00139234 0.000453348 -0.000536534 0.00950391 -0.0176876 -0.000547544 0.00139234 -0.0176876 0.0879895 
0.0104153 -0.0186359 0.000448514 -0.000515691 -0.0186359 0.0902381 -0.000502588 0.00132504 0.000448514 -0.000502588 0.00947291 -0.0176829 -0.000515691 0.00132504 -0.0176829 0.0879817 
0.0104776 -0.0187744 0.000470956 -0.000514083 -0.0187744 0.0907579 -0.000503249 0.00129763 0.000470956 -0.000503249 0.00949141 -0.0177133 -0.000514083 0.00129763 -0.0177133 0.0882706 
0.0103233 -0.0185078 0.000485854 -0.000534477 -0.0185078 0.0894433 -0.000521845 0.00131598 0.000485854 -0.000521845 0.00932582 -0.0174053 -0.000534477 0.00131598 -0.0174053 0.0867923 
0.010324 -0.0185107 0.000478604 -0.000559203 -0.0185107 0.0894746 -0.000545309 0.0013708 0.000478604 -0.000545309 0.00931957 -0.0173887 -0.000559203 0.0013708 -0.0173887 0.086731 
0.0105398 -0.0188171 0.000443038 -0.000553865 -0.0188171 0.0909726 -0.000545906 0.00139719 0.000443038 -0.000545906 0.00945476 -0.0176811 -0.000553865 0.00139719 -0.0176811 0.0881781 
0.0103611 -0.0185359 0.000414822 -0.000498331 -0.0185359 0.0894529 -0.000498746 0.00131938 0.000414822 -0.000498746 0.00930346 -0.0173562 -0.000498331 0.00131938 -0.0173562 0.086629 
0.0104984 -0.0188549 0.000395603 -0.000471822 -0.0188549 0.090987 -0.000475435 0.00125247 0.000395603 -0.000475435 0.00946514 -0.0176466 -0.000471822 0.00125247 -0.0176466 0.0880324 
0.0104647 -0.0188192 0.000400879 -0.000440688 -0.0188192 0.0909605 -0.000447031 0.00117289 0.000400879 -0.000447031 0.00947046 -0.0176553 -0.000440688 0.00117289 -0.0176553 0.0880392 
0.0103923 -0.0186583 0.000414329 -0.000457165 -0.0186583 0.0903002 -0.000456733 0.00117085 0.000414329 -0.000456733 0.00940191 -0.0175472 -0.000457165 0.00117085 -0.0175472 0.0874889 
0.010361 -0.0185525 0.000395122 -0.000474423 -0.0185525 0.0898034 -0.000464147 0.00118948 0.000395122 -0.000464147 0.0093385 -0.0174709 -0.000474423 0.00118948 -0.0174709 0.0871184 
0.0103918 -0.0186105 0.000382647 -0.000460187 -0.0186105 0.089979 -0.000448725 0.0011873 0.000382647 -0.000448725 0.00931568 -0.0174728 -0.000460187 0.0011873 -0.0174728 0.0872342 
0.0104727 -0.018762 0.00039359 -0.000450663 -0.018762 0.0906667 -0.000442714 0.00117755 0.00039359 -0.000442714 0.00933339 -0.0175472 -0.000450663 0.00117755 -0.0175472 0.0877558 
0.0104787 -0.0187926 0.000392306 -0.000468637 -0.0187926 0.0907894 -0.000464021 0.00121157 0.000392306 -0.000464021 0.00932478 -0.0174876 -0.000468637 0.00121157 -0.0174876 0.0876518 
0.0104717 -0.0187226 0.000382275 -0.000470926 -0.0187226 0.0905044 -0.000463346 0.00123622 0.000382275 -0.000463346 0.00928427 -0.0174223 -0.000470926 0.00123622 -0.0174223 0.0873076 
0.0104676 -0.0186846 0.000382329 -0.000458326 -0.0186846 0.0902273 -0.000453239 0.00122877 0.000382329 -0.000453239 0.0092465 -0.0173585 -0.000458326 0.00122877 -0.0173585 0.0870061 
0.0104859 -0.0187525 0.000364613 -0.000445588 -0.0187525 0.0904636 -0.00044401 0.00119204 0.000364613 -0.00044401 0.00925491 -0.0173942 -0.000445588 0.00119204 -0.0173942 0.0871946 
0.0104437 -0.0187389 0.000367118 -0.000421587 -0.0187389 0.0904149 -0.000426007 0.00114516 0.000367118 -0.000426007 0.00927414 -0.0173568 -0.000421587 0.00114516 -0.0173568 0.0870718 
0.0103811 -0.0187045 0.000399702 -0.000423742 -0.0187045 0.0903753 -0.000431443 0.00112873 0.000399702 -0.000431443 0.00934208 -0.0173803 -0.000423742 0.00112873 -0.0173803 0.0870718 
0.0103573 -0.0186499 0.000411793 -0.000465369 -0.0186499 0.0903403 -0.00047042 0.00118951 0.000411793 -0.00047042 0.00937631 -0.0174843 -0.000465369 0.00118951 -0.0174843 0.0873118 
0.0103437 -0.018649 0.000426461 -0.0004741 -0.018649 0.0904359 -0.000476988 0.00122167 0.000426461 -0.000476988 0.0094421 -0.0175746 -0.0004741 0.00122167 -0.0175746 0.0877087 
0.0102985 -0.0185667 0.000455608 -0.000484076 -0.0185667 0.0901588 -0.000490636 0.00124248 0.000455608 -0.000490636 0.00943154 -0.0175933 -0.000484076 0.00124248 -0.0175933 0.0876997 
0.0103317 -0.0185828 0.000453346 -0.000525537 -0.0185828 0.0902886 -0.000531938 0.00131768 0.000453346 -0.000531938 0.00945158 -0.0176426 -0.000525537 0.00131768 -0.0176426 0.0879842 
0.0103561 -0.0186307 0.000443056 -0.00052862 -0.0186307 0.090446 -0.000533061 0.00136328 0.000443056 -0.000533061 0.00947797 -0.0176595 -0.00052862 0.00136328 -0.0176595 0.0881257 
0.0101847 -0.0183574 0.000459885 -0.000496193 -0.0183574 0.0891064 -0.000501288 0.00130075 0.000459885 -0.000501288 0.00935974 -0.0174049 -0.000496193 0.00130075 -0.0174049 0.0868056 
0.0101393 -0.0183035 0.000473911 -0.000513408 -0.0183035 0.0889667 -0.000518863 0.00129063 0.000473911 -0.000518863 0.00939939 -0.0174498 -0.000513408 0.00129063 -0.0174498 0.0868811 
0.0102472 -0.0184878 0.000484519 -0.000533956 -0.0184878 0.0900161 -0.000541806 0.00133194 0.000484519 -0.000541806 0.00955168 -0.0177568 -0.000533956 0.00133194 -0.0177568 0.0882476 
0.0102094 -0.0184253 0.000474721 -0.000539563 -0.0184253 0.0897035 -0.000559449 0.00136963 0.000474721 -0.000559449 0.00953375 -0.0177078 -0.000539563 0.00136963 -0.0177078 0.0880372 
0.010186 -0.0183643 0.000450446 -0.000525957 -0.0183643 0.0894132 -0.000553947 0.00137158 0.000450446 -0.000553947 0.00950252 -0.0176596 -0.000525957 0.00137158 -0.0176596 0.0877755 
0.0102002 -0.0183668 0.000449532 -0.000495066 -0.0183668 0.0893595 -0.000515393 0.00130778 0.000449532 -0.000515393 0.00946997 -0.0176256 -0.000495066 0.00130778 -0.0176256 0.0876368 
0.0102262 -0.0184433 0.000473907 -0.000499342 -0.0184433 0.0896186 -0.000502516 0.0012647 0.000473907 -0.000502516 0.00945921 -0.0176115 -0.000499342 0.0012647 -0.0176115 0.0876654 
0.0102474 -0.0184922 0.000475259 -0.000535829 -0.0184922 0.0898569 -0.000529228 0.00130085 0.000475259 -0.000529228 0.00945591 -0.017605 -0.000535829 0.00130085 -0.017605 0.0876972 
0.0102121 -0.0184689 0.00045756 -0.000531717 -0.0184689 0.0897859 -0.000522464 0.00130501 0.00045756 -0.000522464 0.00944527 -0.0175721 -0.000531717 0.00130501 -0.0175721 0.0875493 
0.0101931 -0.0183971 0.00043519 -0.000515778 -0.0183971 0.0895393 -0.000511867 0.00129366 0.00043519 -0.000511867 0.00938778 -0.0175206 -0.000515778 0.00129366 -0.0175206 0.0872924 
0.0101589 -0.0183868 0.000435166 -0.000496441 -0.0183868 0.0894624 -0.000495577 0.00126809 0.000435166 -0.000495577 0.00938307 -0.0174747 -0.000496441 0.00126809 -0.0174747 0.0871848 
0.0100707 -0.0183065 0.000457857 -0.000494217 -0.0183065 0.0891739 -0.000493501 0.00124944 0.000457857 -0.000493501 0.00941516 -0.0174233 -0.000494217 0.00124944 -0.0174233 0.0869139 
0.0101549 -0.0184766 0.00048923 -0.000540505 -0.0184766 0.0902215 -0.000537355 0.00133692 0.00048923 -0.000537355 0.00958797 -0.0177171 -0.000540505 0.00133692 -0.0177171 0.0881456 
0.0100966 -0.018356 0.000474063 -0.000565246 -0.018356 0.0897844 -0.000555872 0.00139356 0.000474063 -0.000555872 0.00960169 -0.017737 -0.000565246 0.00139356 -0.017737 0.0880677 
0.0100941 -0.0182461 0.000448014 -0.000541219 -0.0182461 0.0893286 -0.000532265 0.00137264 0.000448014 -0.000532265 0.00953231 -0.0177483 -0.000541219 0.00137264 -0.0177483 0.0879908 
0.0101015 -0.0182027 0.000416482 -0.000507722 -0.0182027 0.0889439 -0.00050129 0.00130408 0.000416482 -0.00050129 0.00942885 -0.0176419 -0.000507722 0.00130408 -0.0176419 0.0876838 
0.0100621 -0.0181419 0.000410511 -0.000474872 -0.0181419 0.0884392 -0.0004682 0.00122674 0.000410511 -0.0004682 0.00932713 -0.017429 -0.000474872 0.00122674 -0.017429 0.0869189 
0.0102336 -0.0184834 0.00043733 -0.00048053 -0.0184834 0.0900133 -0.000469869 0.00120915 0.00043733 -0.000469869 0.00947767 -0.0176626 -0.00048053 0.00120915 -0.0176626 0.0881729 
0.0101469 -0.0182967 0.000434444 -0.00050168 -0.0182967 0.0890981 -0.000490868 0.00122944 0.000434444 -0.000490868 0.00934622 -0.0174593 -0.00050168 0.00122944 -0.0174593 0.0871152 
0.01017 -0.0183852 0.000456536 -0.000503329 -0.0183852 0.0894601 -0.000497818 0.00126077 0.000456536 -0.000497818 0.00938758 -0.0174958 -0.000503329 0.00126077 -0.0174958 0.0873673 
0.0102105 -0.0184893 0.000464793 -0.000530984 -0.0184893 0.0900139 -0.000524915 0.00131068 0.000464793 -0.000524915 0.00947649 -0.0176029 -0.000530984 0.00131068 -0.0176029 0.0878548 
0.0100651 -0.0182512 0.00046406 -0.000521142 -0.0182512 0.0889395 -0.000515041 0.00129535 0.00046406 -0.000515041 0.00941317 -0.0174366 -0.000521142 0.00129535 -0.0174366 0.0868841 
0.0100954 -0.0182585 0.000476877 -0.000515593 -0.0182585 0.0891008 -0.000519302 0.00128212 0.000476877 -0.000519302 0.00943509 -0.0175573 -0.000515593 0.00128212 -0.0175573 0.0872866 
0.0101222 -0.0182582 0.000466773 -0.000523107 -0.0182582 0.089073 -0.000535548 0.00128957 0.000466773 -0.000535548 0.00940558 -0.0175657 -0.000523107 0.00128957 -0.0175657 0.0874034 
0.0101628 -0.0183329 0.000451686 -0.000517418 -0.0183329 0.0893013 -0.000531094 0.00129646 0.000451686 -0.000531094 0.00940357 -0.0175457 -0.000517418 0.00129646 -0.0175457 0.087496 
0.0101795 -0.0183713 0.000425674 -0.000490274 -0.0183713 0.0894329 -0.000507092 0.00124789 0.000425674 -0.000507092 0.00942506 -0.0175291 -0.000490274 0.00124789 -0.0175291 0.0874607 
0.0101628 -0.0183517 0.000418509 -0.000458371 -0.0183517 0.0893211 -0.000480988 0.00118715 0.000418509 -0.000480988 0.00941749 -0.0175078 -0.000458371 0.00118715 -0.0175078 0.0872675 
0.0101463 -0.0183354 0.000414963 -0.000456222 -0.0183354 0.0892599 -0.000473545 0.00115852 0.000414963 -0.000473545 0.00940949 -0.0175081 -0.000456222 0.00115852 -0.0175081 0.087214 
0.0101077 -0.0182961 0.000428025 -0.000460934 -0.0182961 0.0890896 -0.000466171 0.00115381 0.000428025 -0.000466171 0.00938746 -0.0174635 -0.000460934 0.00115381 -0.0174635 0.0870157 
0.0100445 -0.0182107 0.00044215 -0.000484265 -0.0182107 0.0887378 -0.000478901 0.00118347 0.00044215 -0.000478901 0.0093641 -0.0173885 -0.000484265 0.00118347 -0.0173885 0.0866566 
0.0100125 -0.0181696 0.00046342 -0.000502144 -0.0181696 0.0886399 -0.000490454 0.00121756 0.00046342 -0.000490454 0.00936631 -0.0173978 -0.000502144 0.00121756 -0.0173978 0.0866375 
0.0101391 -0.0184065 0.000483649 -0.000541264 -0.0184065 0.089874 -0.000526928 0.00130051 0.000483649 -0.000526928 0.00952783 -0.0176578 -0.000541264 0.00130051 -0.0176578 0.0879255 
0.0100813 -0.0183 0.000490321 -0.000548911 -0.0183 0.0894129 -0.000534118 0.00132918 0.000490321 -0.000534118 0.00950541 -0.0176094 -0.000548911 0.00132918 -0.0176094 0.0875937 
0.0100496 -0.0182549 0.000481595 -0.000560657 -0.0182549 0.0892227 -0.000545568 0.00136065 0.000481595 -0.000545568 0.00949288 -0.0176065 -0.000560657 0.00136065 -0.0176065 0.087523 
0.0100213 -0.0181803 0.000463039 -0.00054248 -0.0181803 0.0889324 -0.000535702 0.00134607 0.000463039 -0.000535702 0.00944969 -0.0175841 -0.00054248 0.00134607 -0.0175841 0.0873949 
0.0100064 -0.0181237 0.000433983 -0.000528074 -0.0181237 0.0886377 -0.000530023 0.00133367 0.000433983 -0.000530023 0.00940316 -0.0175083 -0.000528074 0.00133367 -0.0175083 0.0871388 
0.0100233 -0.0181026 0.000376988 -0.000481934 -0.0181026 0.0884765 -0.000485875 0.00124519 0.000376988 -0.000485875 0.00936027 -0.0174608 -0.000481934 0.00124519 -0.0174608 0.0869608 
0.0100381 -0.0181436 0.000331434 -0.000409209 -0.0181436 0.0885407 -0.000414997 0.00109133 0.000331434 -0.000414997 0.00934422 -0.0174334 -0.000409209 0.00109133 -0.0174334 0.0869172 
0.0100136 -0.0181499 0.000330108 -0.000359677 -0.0181499 0.0885297 -0.000367476 0.000957552 0.000330108 -0.000367476 0.00932614 -0.0173862 -0.000359677 0.000957552 -0.0173862 0.0867467 
0.00999961 -0.0181792 0.000356952 -0.000364504 -0.0181792 0.0887534 -0.000367524 0.000911444 0.000356952 -0.000367524 0.00937138 -0.0174199 -0.000364504 0.000911444 -0.0174199 0.0869171 
0.00996938 -0.0181278 0.000382557 -0.000403434 -0.0181278 0.0886554 -0.000402275 0.000967702 0.000382557 -0.000402275 0.00939238 -0.0174434 -0.000403434 0.000967702 -0.0174434 0.0869301 
0.00996859 -0.0180888 0.0003951 -0.00043946 -0.0180888 0.0885344 -0.000434837 0.00105477 0.0003951 -0.000434837 0.00938348 -0.0174569 -0.00043946 0.00105477 -0.0174569 0.0869394 
0.0100169 -0.0180743 0.000371291 -0.000450631 -0.0180743 0.0884316 -0.00044052 0.00109584 0.000371291 -0.00044052 0.00932086 -0.0174455 -0.000450631 0.00109584 -0.0174455 0.0869122 
0.0101675 -0.018383 0.000372645 -0.000432358 -0.018383 0.0896987 -0.000415951 0.00108532 0.000372645 -0.000415951 0.00941205 -0.0176002 -0.000432358 0.00108532 -0.0176002 0.0879428 
0.0101767 -0.0183536 0.000343673 -0.000426024 -0.0183536 0.0895078 -0.000413262 0.0010575 0.000343673 -0.000413262 0.00932898 -0.0174868 -0.000426024 0.0010575 -0.0174868 0.0874739 
0.0102428 -0.0184746 0.000325022 -0.000379748 -0.0184746 0.0899896 -0.000370487 0.000968451 0.000325022 -0.000370487 0.0093207 -0.0175146 -0.000379748 0.000968451 -0.0175146 0.0877355 
0.010104 -0.0182542 0.000309657 -0.000354165 -0.0182542 0.0888325 -0.000350571 0.000892647 0.000309657 -0.000350571 0.00916407 -0.0171911 -0.000354165 0.000892647 -0.0171911 0.0863047 
0.0101027 -0.0182687 0.000285053 -0.000329395 -0.0182687 0.08894 -0.000331361 0.000823755 0.000285053 -0.000331361 0.00917219 -0.0171758 -0.000329395 0.000823755 -0.0171758 0.086249 
0.0101898 -0.0185009 0.000293746 -0.000320595 -0.0185009 0.0900807 -0.000326832 0.000816104 0.000293746 -0.000326832 0.00931731 -0.0173633 -0.000320595 0.000816104 -0.0173633 0.0871953 
0.0100912 -0.0183202 0.000301619 -0.000317025 -0.0183202 0.0893965 -0.000323684 0.000792072 0.000301619 -0.000323684 0.00930066 -0.0173029 -0.000317025 0.000792072 -0.0173029 0.0866795 
0.00999367 -0.0181976 0.000317761 -0.000333431 -0.0181976 0.0889029 -0.000338331 0.000814525 0.000317761 -0.000338331 0.00932924 -0.0173047 -0.000333431 0.000814525 -0.0173047 0.0865036 
0.00995408 -0.0181376 0.000343518 -0.000358726 -0.0181376 0.0887718 -0.000364321 0.000873324 0.000343518 -0.000364321 0.00938492 -0.0173901 -0.000358726 0.000873324 -0.0173901 0.0867205 
0.00994444 -0.0181594 0.000373291 -0.000392135 -0.0181594 0.0889574 -0.000402685 0.000959993 0.000373291 -0.000402685 0.00947335 -0.0175071 -0.000392135 0.000959993 -0.0175071 0.087176 
0.00995745 -0.0181339 0.000384195 -0.000427496 -0.0181339 0.0889755 -0.00044027 0.00105529 0.000384195 -0.00044027 0.00949633 -0.0176158 -0.000427496 0.00105529 -0.0176158 0.087524 
0.0100222 -0.0181944 0.000364018 -0.000444218 -0.0181944 0.0892564 -0.000450612 0.00111641 0.000364018 -0.000450612 0.00948285 -0.0177094 -0.000444218 0.00111641 -0.0177094 0.0880236 
0.0100124 -0.0181841 0.000346331 -0.000420491 -0.0181841 0.0891035 -0.000419768 0.00109246 0.000346331 -0.000419768 0.00943184 -0.0176223 -0.000420491 0.00109246 -0.0176223 0.0878471 
0.0100009 -0.0181435 0.000312189 -0.000395985 -0.0181435 0.0888884 -0.000389267 0.00102382 0.000312189 -0.000389267 0.00938322 -0.0175281 -0.000395985 0.00102382 -0.0175281 0.0875126 
0.0100271 -0.0181679 0.000284524 -0.000349409 -0.0181679 0.0889834 -0.000337285 0.000909859 0.000284524 -0.000337285 0.00936736 -0.0175266 -0.000349409 0.000909859 -0.0175266 0.0875483 
0.0100558 -0.0181763 0.00025245 -0.000319487 -0.0181763 0.0889372 -0.000313163 0.000826449 0.00025245 -0.000313163 0.00930633 -0.0174596 -0.000319487 0.000826449 -0.0174596 0.0873355 
0.0100846 -0.0183276 0.00025707 -0.000288681 -0.0183276 0.0894954 -0.000289041 0.0007674 0.00025707 -0.000289041 0.00934254 -0.0174519 -0.000288681 0.0007674 -0.0174519 0.0875166 
0.0100493 -0.0182868 0.000270118 -0.000291521 -0.0182868 0.0894358 -0.000295439 0.000748112 0.000270118 -0.000295439 0.00935183 -0.0174221 -0.000291521 0.000748112 -0.0174221 0.0873049 
0.0100401 -0.0182251 0.000263277 -0.000308541 -0.0182251 0.089256 -0.000310123 0.000772372 0.000263277 -0.000310123 0.00934296 -0.0174322 -0.000308541 0.000772372 -0.0174322 0.0872236 
0.0100433 -0.0182452 0.000260833 -0.000304764 -0.0182452 0.089324 -0.000306646 0.00078593 0.000260833 -0.000306646 0.00937058 -0.0174653 -0.000304764 0.00078593 -0.0174653 0.0873852 
0.0100186 -0.0182515 0.00026788 -0.000300485 -0.0182515 0.0893776 -0.00030561 0.000781936 0.00026788 -0.00030561 0.00942344 -0.0175005 -0.000300485 0.000781936 -0.0175005 0.0875119 
0.00996145 -0.0181465 0.000283515 -0.000294682 -0.0181465 0.0890062 -0.000300051 0.000753433 0.000283515 -0.000300051 0.00943708 -0.0175099 -0.000294682 0.000753433 -0.0175099 0.087373 
0.00990733 -0.0180388 0.000289048 -0.000311467 -0.0180388 0.0885479 -0.000310773 0.000757025 0.000289048 -0.000310773 0.00943594 -0.0175005 -0.000311467 0.000757025 -0.0175005 0.0871912 
0.00987537 -0.0179433 0.000296787 -0.000318708 -0.0179433 0.0880934 -0.000313001 0.00076629 0.000296787 -0.000313001 0.00939579 -0.0174701 -0.000318708 0.00076629 -0.0174701 0.0869486 
0.0100045 -0.018215 0.000321282 -0.00033539 -0.018215 0.0893238 -0.00032751 0.000796268 0.000321282 -0.00032751 0.00954137 -0.0177002 -0.00033539 0.000796268 -0.0177002 0.0881556 
0.0099116 -0.018021 0.000326848 -0.000354387 -0.018021 0.0883911 -0.000350755 0.000832481 0.000326848 -0.000350755 0.00942205 -0.0175225 -0.000354387 0.000832481 -0.0175225 0.0872085 
0.00995747 -0.0180942 0.000330662 -0.00036265 -0.0180942 0.0887005 -0.000366262 0.000873584 0.000330662 -0.000366262 0.00944114 -0.0175679 -0.00036265 0.000873584 -0.0175679 0.0874841 
0.00999819 -0.0182018 0.000339704 -0.000367253 -0.0182018 0.0891813 -0.000375927 0.000902899 0.000339704 -0.000375927 0.00949149 -0.0176392 -0.000367253 0.000902899 -0.0176392 0.0878786 
0.0100104 -0.0182594 0.000345409 -0.00036973 -0.0182594 0.0894964 -0.000377524 0.000906823 0.000345409 -0.000377524 0.00953184 -0.0176889 -0.00036973 0.000906823 -0.0176889 0.0881182 
0.0100143 -0.0182533 0.00033162 -0.000371965 -0.0182533 0.0895618 -0.000377799 0.000902636 0.00033162 -0.000377799 0.00954294 -0.0177208 -0.000371965 0.000902636 -0.0177208 0.0882195 
0.0100071 -0.018159 0.000336499 -0.000361949 -0.018159 0.0891121 -0.000366691 0.000892409 0.000336499 -0.000366691 0.00946306 -0.0176307 -0.000361949 0.000892409 -0.0176307 0.0877873 
0.0100589 -0.0182411 0.000339076 -0.000371565 -0.0182411 0.0893293 -0.000369627 0.000892525 0.000339076 -0.000369627 0.00945605 -0.017613 -0.000371565 0.000892525 -0.017613 0.0878406 
0.0100716 -0.018342 0.000379182 -0.000377516 -0.018342 0.089708 -0.00037318 0.000904324 0.000379182 -0.00037318 0.00949318 -0.017629 -0.000377516 0.000904324 -0.017629 0.087981 
0.010049 -0.018368 0.000424828 -0.000436256 -0.018368 0.0899253 -0.000434487 0.00101572 0.000424828 -0.000434487 0.00955719 -0.0176621 -0.000436256 0.00101572 -0.0176621 0.0880836 
0.0100056 -0.0182552 0.000470419 -0.000488054 -0.0182552 0.089571 -0.000484907 0.00114536 0.000470419 -0.000484907 0.00956297 -0.0176747 -0.000488054 0.00114536 -0.0176747 0.0879188 
0.0100263 -0.0182126 0.000466633 -0.000531754 -0.0182126 0.0893959 -0.00052385 0.00124548 0.000466633 -0.00052385 0.00954296 -0.0177183 -0.000531754 0.00124548 -0.0177183 0.088014 
0.0100361 -0.0181757 0.000450953 -0.000522939 -0.0181757 0.0890983 -0.00052032 0.00127393 0.000450953 -0.00052032 0.00947498 -0.0176694 -0.000522939 0.00127393 -0.0176694 0.0878494 
0.0100674 -0.0182531 0.000405545 -0.000494552 -0.0182531 0.0893063 -0.000500971 0.00123127 0.000405545 -0.000500971 0.00945707 -0.0176459 -0.000494552 0.00123127 -0.0176459 0.0879284 
0.0100879 -0.0183211 0.000362166 -0.000453904 -0.0183211 0.0895716 -0.000462296 0.0011715 0.000362166 -0.000462296 0.00945507 -0.0176185 -0.000453904 0.0011715 -0.0176185 0.0879312 
0.0101073 -0.0183849 0.000323911 -0.00040437 -0.0183849 0.0898994 -0.000408536 0.00106238 0.000323911 -0.000408536 0.00947683 -0.0176368 -0.00040437 0.00106238 -0.0176368 0.0880599 
0.00998185 -0.0181356 0.000288237 -0.000349943 -0.0181356 0.0887635 -0.00035356 0.000924676 0.000288237 -0.00035356 0.00933525 -0.0174202 -0.000349943 0.000924676 -0.0174202 0.0869414 
0.00995673 -0.0180957 0.000294443 -0.000310565 -0.0180957 0.0885521 -0.00031606 0.000814335 0.000294443 -0.00031606 0.00931534 -0.0173433 -0.000310565 0.000814335 -0.0173433 0.0866735 
0.00995103 -0.0181024 0.000310592 -0.000320517 -0.0181024 0.0886167 -0.000321275 0.000783119 0.000310592 -0.000321275 0.00933847 -0.0173688 -0.000320517 0.000783119 -0.0173688 0.0867535 
0.00987272 -0.0180126 0.000348449 -0.000338277 -0.0180126 0.0882565 -0.000337552 0.000799948 0.000348449 -0.000337552 0.00935596 -0.0173394 -0.000338277 0.000799948 -0.0173394 0.0865296 
0.00997652 -0.0181749 0.000385502 -0.000382676 -0.0181749 0.0892469 -0.000382844 0.000875317 0.000385502 -0.000382844 0.00949821 -0.0176403 -0.000382676 0.000875317 -0.0176403 0.0878258 
0.00989042 -0.0179841 0.000424457 -0.000438536 -0.0179841 0.0883406 -0.000438236 0.00101398 0.000424457 -0.000438236 0.0094382 -0.0175142 -0.000438536 0.00101398 -0.0175142 0.0871838 
0.00992194 -0.0180269 0.000447565 -0.000502064 -0.0180269 0.0884287 -0.000496882 0.00118216 0.000447565 -0.000496882 0.00944156 -0.0175257 -0.000502064 0.00118216 -0.0175257 0.0872456 
0.00992913 -0.0180693 0.000451268 -0.00053217 -0.0180693 0.0885231 -0.000522292 0.00129467 0.000451268 -0.000522292 0.00944112 -0.0175097 -0.00053217 0.00129467 -0.0175097 0.0871914 
0.00995376 -0.0181917 0.000444058 -0.000521173 -0.0181917 0.0891388 -0.000511124 0.001296 0.000444058 -0.000511124 0.00952647 -0.0176279 -0.000521173 0.001296 -0.0176279 0.0877316 
0.00990908 -0.0181233 0.000420468 -0.000491174 -0.0181233 0.0890279 -0.000484431 0.00122019 0.000420468 -0.000484431 0.00956163 -0.0176837 -0.000491174 0.00122019 -0.0176837 0.0878456 
0.00990611 -0.0180667 0.000392477 -0.000455335 -0.0180667 0.0888534 -0.000460464 0.00113804 0.000392477 -0.000460464 0.00954738 -0.0177011 -0.000455335 0.00113804 -0.0177011 0.0878655 
0.00991794 -0.0180782 0.000394438 -0.000423698 -0.0180782 0.0888291 -0.000438636 0.00107054 0.000394438 -0.000438636 0.0095349 -0.017682 -0.000423698 0.00107054 -0.017682 0.0878531 
0.00995893 -0.0181689 0.00040539 -0.000420355 -0.0181689 0.0892062 -0.000435971 0.00102901 0.00040539 -0.000435971 0.00954245 -0.0177186 -0.000420355 0.00102901 -0.0177186 0.0880982 
0.00997283 -0.0182329 0.000428813 -0.000435767 -0.0182329 0.0895174 -0.000446871 0.00103736 0.000428813 -0.000446871 0.00955947 -0.0177295 -0.000435767 0.00103736 -0.0177295 0.0882479 
0.00994744 -0.0181849 0.000434698 -0.000475457 -0.0181849 0.0893731 -0.000482599 0.0011129 0.000434698 -0.000482599 0.00954991 -0.0176898 -0.000475457 0.0011129 -0.0176898 0.0880519 
0.00991456 -0.0181472 0.000431806 -0.000486675 -0.0181472 0.0892291 -0.000490032 0.00116787 0.000431806 -0.000490032 0.00955886 -0.0176729 -0.000486675 0.00116787 -0.0176729 0.0879319 
0.009895 -0.0181311 0.000436822 -0.000477047 -0.0181311 0.0892169 -0.000482944 0.00116621 0.000436822 -0.000482944 0.00958331 -0.0177012 -0.000477047 0.00116621 -0.0177012 0.0879946 
0.00981475 -0.017998 0.000456237 -0.000477076 -0.017998 0.0886446 -0.000489469 0.00116321 0.000456237 -0.000489469 0.00957746 -0.0176307 -0.000477076 0.00116321 -0.0176307 0.0875668 
0.00980544 -0.0179894 0.000488141 -0.00050699 -0.0179894 0.0886655 -0.000522247 0.00121964 0.000488141 -0.000522247 0.00961335 -0.0177033 -0.00050699 0.00121964 -0.0177033 0.0877608 
