0.00718168 0 0.000917595 0 0 0.0100514 0 0 0.000917595 0 0.00708249 0 0 0 0 0.0100514 
0.0101175 -0.0125549 0.00118705 -0.00144556 -0.0125549 0.0332032 -0.00144556 0.00277292 0.00118705 -0.00144556 0.00987924 -0.0122681 -0.00144556 0.00277292 -0.0122681 0.0326545 
0.0101813 -0.0188893 0.00100392 -0.00152608 -0.0188893 0.0694989 -0.00152608 0.00474978 0.00100392 -0.00152608 0.00988946 -0.0185636 -0.00152608 0.00474978 -0.0185636 0.0684961 
0.00958714 -0.0184452 0.000882278 -0.000947493 -0.0184452 0.0824901 -0.000941908 0.00281581 0.000882278 -0.000941908 0.00928213 -0.0180925 -0.000947493 0.00281581 -0.0180925 0.081418 
0.00967656 -0.0180481 0.000958176 -0.0008891 -0.0180481 0.0868383 -0.000873366 0.0018339 0.000958176 -0.000873366 0.00936134 -0.0176057 -0.0008891 0.0018339 -0.0176057 0.0852856 
0.00983195 -0.0179529 0.000984582 -0.00102314 -0.0179529 0.0879135 -0.00100314 0.00194715 0.000984582 -0.00100314 0.00946772 -0.0175264 -0.00102314 0.00194715 -0.0175264 0.0862948 
0.00988705 -0.0180448 0.00099856 -0.00107647 -0.0180448 0.0883973 -0.0010597 0.00223897 0.00099856 -0.0010597 0.00957426 -0.0175615 -0.00107647 0.00223897 -0.0175615 0.0867841 
0.00995879 -0.0182339 0.00101723 -0.00109394 -0.0182339 0.0894345 -0.001084 0.00239876 0.00101723 -0.001084 0.00974538 -0.017825 -0.00109394 0.00239876 -0.017825 0.0880011 
0.00995869 -0.0182118 0.000974235 -0.00108802 -0.0182118 0.0895072 -0.00108422 0.00242188 0.000974235 -0.00108422 0.00979028 -0.0179307 -0.00108802 0.00242188 -0.0179307 0.0884025 
0.0098573 -0.0179096 0.000934815 -0.0010149 -0.0179096 0.0880485 -0.00101319 0.00229622 0.000934815 -0.00101319 0.00958539 -0.0176907 -0.0010149 0.00229622 -0.0176907 0.0871981 
0.0100326 -0.0182492 0.000935896 -0.0010019 -0.0182492 0.0894341 -0.00100196 0.00223966 0.000935896 -0.00100196 0.00968025 -0.0178701 -0.0010019 0.00223966 -0.0178701 0.0883806 
0.0100267 -0.0183024 0.000923383 -0.000993489 -0.0183024 0.0896041 -0.000993661 0.00219824 0.000923383 -0.000993661 0.00966128 -0.0178112 -0.000993489 0.00219824 -0.0178112 0.088223 
0.00998899 -0.0182384 0.000903508 -0.000981502 -0.0182384 0.0893751 -0.000979629 0.00217078 0.000903508 -0.000979629 0.00963011 -0.0177264 -0.000981502 0.00217078 -0.0177264 0.0878207 
0.0099834 -0.0182732 0.000909004 -0.000967965 -0.0182732 0.0896063 -0.000967137 0.00214885 0.000909004 -0.000967137 0.00970738 -0.0177944 -0.000967965 0.00214885 -0.0177944 0.0880862 
0.00993323 -0.0181915 0.000932625 -0.000965126 -0.0181915 0.0893453 -0.000970796 0.00213628 0.000932625 -0.000970796 0.00975272 -0.0178325 -0.000965126 0.00213628 -0.0178325 0.0880583 
0.00990935 -0.0181507 0.000980555 -0.000982891 -0.0181507 0.0892385 -0.000995118 0.00215765 0.000980555 -0.000995118 0.00976661 -0.0179169 -0.000982891 0.00215765 -0.0179169 0.0882691 
0.00990673 -0.0181049 0.0010031 -0.00103541 -0.0181049 0.0890474 -0.00105164 0.00224831 0.0010031 -0.00105164 0.00973381 -0.0179059 -0.00103541 0.00224831 -0.0179059 0.0882534 
0.00991828 -0.0181446 0.00101486 -0.00106757 -0.0181446 0.0891765 -0.00108555 0.00234587 0.00101486 -0.00108555 0.00974317 -0.0179123 -0.00106757 0.00234587 -0.0179123 0.088394 
0.00988072 -0.0180989 0.000979772 -0.0010807 -0.0180989 0.0889419 -0.00109242 0.00239618 0.000979772 -0.00109242 0.00971051 -0.0178324 -0.0010807 0.00239618 -0.0178324 0.0880559 
0.0098823 -0.0180302 0.000926088 -0.00104933 -0.0180302 0.0886881 -0.00104891 0.0023624 0.000926088 -0.00104891 0.00966733 -0.0178074 -0.00104933 0.0023624 -0.0178074 0.0878801 
0.00991121 -0.01811 0.000878575 -0.000983764 -0.01811 0.0889652 -0.00097668 0.00222593 0.000878575 -0.00097668 0.00967184 -0.017836 -0.000983764 0.00222593 -0.017836 0.0881215 
0.00990792 -0.0180652 0.000826621 -0.00092234 -0.0180652 0.0887549 -0.000913296 0.00206464 0.000826621 -0.000913296 0.00960798 -0.0177552 -0.00092234 0.00206464 -0.0177552 0.0878173 
0.00988423 -0.0180507 0.000815947 -0.000873108 -0.0180507 0.0886011 -0.000861676 0.00194009 0.000815947 -0.000861676 0.00957168 -0.0176613 -0.000873108 0.00194009 -0.0176613 0.0874975 
0.00981626 -0.0179463 0.000834616 -0.000864962 -0.0179463 0.0881286 -0.000855348 0.00188861 0.000834616 -0.000855348 0.00953498 -0.0175509 -0.000864962 0.00188861 -0.0175509 0.0869528 
0.00995251 -0.0182366 0.000864312 -0.000907946 -0.0182366 0.0895943 -0.000902557 0.00196244 0.000864312 -0.000902557 0.00972984 -0.0178578 -0.000907946 0.00196244 -0.0178578 0.0883989 
0.00991289 -0.0181188 0.000866127 -0.000916678 -0.0181188 0.0891016 -0.000915482 0.00199934 0.000866127 -0.000915482 0.00966944 -0.0177994 -0.000916678 0.00199934 -0.0177994 0.087987 
0.00986869 -0.0180763 0.000888052 -0.000924744 -0.0180763 0.0888239 -0.000927989 0.00203895 0.000888052 -0.000927989 0.00963369 -0.0177284 -0.000924744 0.00203895 -0.0177284 0.087704 
0.00984378 -0.0179998 0.000894686 -0.000953159 -0.0179998 0.0885228 -0.000955259 0.00209669 0.000894686 -0.000955259 0.00959049 -0.0176811 -0.000953159 0.00209669 -0.0176811 0.0874591 
0.0098285 -0.0179741 0.00088416 -0.000969344 -0.0179741 0.0883833 -0.000972976 0.00215653 0.00088416 -0.000972976 0.00959765 -0.0176603 -0.000969344 0.00215653 -0.0176603 0.0873926 
0.00985502 -0.0180067 0.000887814 -0.000950229 -0.0180067 0.0885595 -0.000955912 0.00214417 0.000887814 -0.000955912 0.00963195 -0.0177382 -0.000950229 0.00214417 -0.0177382 0.08769 
0.009856 -0.0180087 0.000859409 -0.000945922 -0.0180087 0.0885205 -0.000949896 0.00211549 0.000859409 -0.000949896 0.00961708 -0.01773 -0.000945922 0.00211549 -0.01773 0.0876665 
0.0098777 -0.0180576 0.000810498 -0.000917164 -0.0180576 0.0887205 -0.000914484 0.0020582 0.000810498 -0.000914484 0.00960134 -0.0177403 -0.000917164 0.0020582 -0.0177403 0.0877836 
0.00989192 -0.0181054 0.000798377 -0.000865544 -0.0181054 0.0889658 -0.000856622 0.00194975 0.000798377 -0.000856622 0.00961437 -0.0177508 -0.000865544 0.00194975 -0.0177508 0.0879435 
0.0098778 -0.0180344 0.000771479 -0.00084697 -0.0180344 0.088696 -0.000834658 0.00186453 0.000771479 -0.000834658 0.00958909 -0.0177018 -0.00084697 0.00186453 -0.0177018 0.0877031 
0.00991095 -0.0181124 0.000759021 -0.000821732 -0.0181124 0.0890369 -0.000810018 0.00181015 0.000759021 -0.000810018 0.00963086 -0.0177817 -0.000821732 0.00181015 -0.0177817 0.0880907 
0.00992638 -0.0180921 0.000752101 -0.000807171 -0.0180921 0.0889505 -0.00079566 0.00176898 0.000752101 -0.00079566 0.00959826 -0.017759 -0.000807171 0.00176898 -0.017759 0.0880002 
0.0099407 -0.0180504 0.000746525 -0.00080514 -0.0180504 0.0886496 -0.000792623 0.00175844 0.000746525 -0.000792623 0.00953556 -0.0176649 -0.00080514 0.00175844 -0.0176649 0.0876245 
0.009984 -0.0180847 0.000728384 -0.000804981 -0.0180847 0.0886398 -0.000794234 0.00176754 0.000728384 -0.000794234 0.00948664 -0.0176163 -0.000804981 0.00176754 -0.0176163 0.0874578 
0.00997241 -0.0181337 0.000746232 -0.000783069 -0.0181337 0.0886531 -0.000780125 0.00175124 0.000746232 -0.000780125 0.00945976 -0.0175156 -0.000783069 0.00175124 -0.0175156 0.0871168 
0.00998201 -0.0182021 0.000789919 -0.000801858 -0.0182021 0.0890051 -0.000806348 0.0017755 0.000789919 -0.000806348 0.00949003 -0.0175384 -0.000801858 0.0017755 -0.0175384 0.0872078 
0.0099832 -0.0182007 0.000808995 -0.000849685 -0.0182007 0.0891341 -0.000858193 0.00186281 0.000808995 -0.000858193 0.00951468 -0.0175959 -0.000849685 0.00186281 -0.0175959 0.0873826 
0.0099576 -0.0181884 0.000837218 -0.000874625 -0.0181884 0.0891175 -0.000886422 0.00195014 0.000837218 -0.000886422 0.00956525 -0.0176164 -0.000874625 0.00195014 -0.0176164 0.0874605 
0.00992239 -0.0181118 0.000853202 -0.000900033 -0.0181118 0.0888437 -0.000911857 0.00201168 0.000853202 -0.000911857 0.00957586 -0.0176332 -0.000900033 0.00201168 -0.0176332 0.0873666 
0.00991377 -0.0181237 0.000855139 -0.00092187 -0.0181237 0.0889073 -0.000927386 0.00206392 0.000855139 -0.000927386 0.00963025 -0.0176962 -0.00092187 0.00206392 -0.0176962 0.0875928 
0.0099852 -0.0182703 0.000847868 -0.000934433 -0.0182703 0.0896937 -0.000930241 0.00209824 0.000847868 -0.000930241 0.00973519 -0.0179163 -0.000934433 0.00209824 -0.0179163 0.0885448 
0.00984855 -0.0180825 0.00085417 -0.000909553 -0.0180825 0.0888319 -0.000900452 0.00205014 0.00085417 -0.000900452 0.00966993 -0.0177669 -0.000909553 0.00205014 -0.0177669 0.0878113 
0.0098685 -0.0181258 0.000884207 -0.000925672 -0.0181258 0.0892384 -0.000920846 0.00205805 0.000884207 -0.000920846 0.0097325 -0.0178993 -0.000925672 0.00205805 -0.0178993 0.088393 
0.00977758 -0.0179151 0.000893604 -0.00095143 -0.0179151 0.0883198 -0.000957142 0.00211625 0.000893604 -0.000957142 0.00965049 -0.0177452 -0.00095143 0.00211625 -0.0177452 0.0876489 
0.00978484 -0.0178214 0.000850938 -0.000947924 -0.0178214 0.0878765 -0.000963808 0.00213246 0.000850938 -0.000963808 0.0095632 -0.0177022 -0.000947924 0.00213246 -0.0177022 0.0874058 
0.00983291 -0.0179316 0.000837233 -0.000908185 -0.0179316 0.0881967 -0.000924341 0.00208626 0.000837233 -0.000924341 0.00956276 -0.017699 -0.000908185 0.00208626 -0.017699 0.0876347 
0.0098306 -0.0179428 0.000851944 -0.000889762 -0.0179428 0.0881568 -0.000900385 0.00201936 0.000851944 -0.000900385 0.00953234 -0.017595 -0.000889762 0.00201936 -0.017595 0.0872773 
0.00998872 -0.0182302 0.000855772 -0.000923144 -0.0182302 0.0895503 -0.000927594 0.00204677 0.000855772 -0.000927594 0.00964732 -0.0178275 -0.000923144 0.00204677 -0.0178275 0.0884271 
0.00993769 -0.0181314 0.000808681 -0.000920041 -0.0181314 0.0890547 -0.000919467 0.00205569 0.000808681 -0.000919467 0.0095821 -0.0176957 -0.000920041 0.00205569 -0.0176957 0.0878185 
0.00989001 -0.0180885 0.000796153 -0.000875746 -0.0180885 0.0888286 -0.00086993 0.00199654 0.000796153 -0.00086993 0.00959565 -0.0176454 -0.000875746 0.00199654 -0.0176454 0.0875537 
0.00988535 -0.0180669 0.000775502 -0.00085321 -0.0180669 0.0888401 -0.000842458 0.00191257 0.000775502 -0.000842458 0.00960682 -0.0177258 -0.00085321 0.00191257 -0.0177258 0.0877457 
0.00987772 -0.0180915 0.000773653 -0.000829427 -0.0180915 0.088953 -0.000816036 0.00184354 0.000773653 -0.000816036 0.00962966 -0.01775 -0.000829427 0.00184354 -0.01775 0.0879276 
0.00980764 -0.0179334 0.000778489 -0.000815367 -0.0179334 0.0882356 -0.000804263 0.00178548 0.000778489 -0.000804263 0.00954559 -0.0176019 -0.000815367 0.00178548 -0.0176019 0.0872059 
0.00995923 -0.0181679 0.000843444 -0.000845553 -0.0181679 0.0893777 -0.000842267 0.00184242 0.000843444 -0.000842267 0.00966048 -0.0178388 -0.000845553 0.00184242 -0.0178388 0.0883723 
0.00996155 -0.0181536 0.000829763 -0.000905517 -0.0181536 0.0892057 -0.000910487 0.00195725 0.000829763 -0.000910487 0.00962941 -0.0177907 -0.000905517 0.00195725 -0.0177907 0.0881727 
0.00998736 -0.0181971 0.000808 -0.000901749 -0.0181971 0.0893168 -0.000909178 0.00202899 0.000808 -0.000909178 0.00963178 -0.0177868 -0.000901749 0.00202899 -0.0177868 0.088185 
0.00998585 -0.0182632 0.000818644 -0.000875928 -0.0182632 0.0895702 -0.000880878 0.00200392 0.000818644 -0.000880878 0.00967283 -0.0178157 -0.000875928 0.00200392 -0.0178157 0.0883253 
0.00993962 -0.0181684 0.000816459 -0.000880761 -0.0181684 0.0892341 -0.000880469 0.00197741 0.000816459 -0.000880469 0.00964757 -0.0177896 -0.000880761 0.00197741 -0.0177896 0.0880684 
0.00993 -0.0181377 0.000794706 -0.000875453 -0.0181377 0.089113 -0.000870892 0.00195665 0.000794706 -0.000870892 0.00961475 -0.0177877 -0.000875453 0.00195665 -0.0177877 0.088049 
0.00995838 -0.0181892 0.000787047 -0.000862841 -0.0181892 0.0893405 -0.000854232 0.00193944 0.000787047 -0.000854232 0.00961423 -0.0178017 -0.000862841 0.00193944 -0.0178017 0.0882499 
0.00993939 -0.018177 0.000775937 -0.000860984 -0.018177 0.0892339 -0.000853542 0.00194013 0.000775937 -0.000853542 0.00959194 -0.0177126 -0.000860984 0.00194013 -0.0177126 0.0879453 
0.00994473 -0.0182438 0.000768065 -0.000846714 -0.0182438 0.0896198 -0.000842702 0.00192188 0.000768065 -0.000842702 0.0096669 -0.0177968 -0.000846714 0.00192188 -0.0177968 0.0882982 
0.00981953 -0.017952 0.000751349 -0.000824107 -0.017952 0.0883586 -0.000819351 0.00186876 0.000751349 -0.000819351 0.00954208 -0.0176195 -0.000824107 0.00186876 -0.0176195 0.0872561 
0.00988216 -0.0180007 0.000748159 -0.000819526 -0.0180007 0.0885468 -0.000822326 0.00186365 0.000748159 -0.000822326 0.00954457 -0.0176711 -0.000819526 0.00186365 -0.0176711 0.0875589 
0.00992001 -0.0180085 0.000713161 -0.000802264 -0.0180085 0.0884743 -0.000811748 0.00183057 0.000713161 -0.000811748 0.00951928 -0.0176546 -0.000802264 0.00183057 -0.0176546 0.0875461 
0.00997196 -0.0181046 0.000706701 -0.000763347 -0.0181046 0.0887912 -0.000767916 0.00175512 0.000706701 -0.000767916 0.00952078 -0.0176929 -0.000763347 0.00175512 -0.0176929 0.0878092 
0.00997626 -0.0181607 0.000738414 -0.000751707 -0.0181607 0.0889618 -0.000749847 0.00168737 0.000738414 -0.000749847 0.00951443 -0.0176506 -0.000751707 0.00168737 -0.0176506 0.0877515 
0.00997043 -0.0181363 0.000712474 -0.000791683 -0.0181363 0.0888726 -0.000786923 0.00172535 0.000712474 -0.000786923 0.00948458 -0.0175916 -0.000791683 0.00172535 -0.0175916 0.0874852 
0.0100184 -0.0182197 0.000695498 -0.000784215 -0.0182197 0.0892413 -0.000777835 0.00176914 0.000695498 -0.000777835 0.00950118 -0.0176253 -0.000784215 0.00176914 -0.0176253 0.0876859 
0.0100144 -0.0182163 0.000691175 -0.000762295 -0.0182163 0.0891831 -0.000755976 0.00174404 0.000691175 -0.000755976 0.00949709 -0.0175766 -0.000762295 0.00174404 -0.0175766 0.0874782 
0.0100073 -0.0182733 0.000708809 -0.000753041 -0.0182733 0.0894263 -0.000750419 0.00171505 0.000708809 -0.000750419 0.00955982 -0.017609 -0.000753041 0.00171505 -0.017609 0.0875862 
0.00993737 -0.0181429 0.000736957 -0.000759043 -0.0181429 0.0889361 -0.000760955 0.00170354 0.000736957 -0.000760955 0.00956459 -0.0175838 -0.000759043 0.00170354 -0.0175838 0.0872335 
0.00995907 -0.0181379 0.00072922 -0.000787647 -0.0181379 0.0889508 -0.000793164 0.00174297 0.00072922 -0.000793164 0.00954591 -0.0176556 -0.000787647 0.00174297 -0.0176556 0.0874228 
0.00996737 -0.0181017 0.00071496 -0.000764781 -0.0181017 0.0887636 -0.000769542 0.00171034 0.00071496 -0.000769542 0.00948453 -0.0176412 -0.000764781 0.00171034 -0.0176412 0.0874341 
0.0099604 -0.0181429 0.000734627 -0.000764261 -0.0181429 0.0888046 -0.000761595 0.00169533 0.000734627 -0.000761595 0.0094711 -0.0175498 -0.000764261 0.00169533 -0.0175498 0.0872777 
0.00996097 -0.0181749 0.000786052 -0.000793809 -0.0181749 0.0890215 -0.00078741 0.00173653 0.000786052 -0.00078741 0.00952146 -0.0175782 -0.000793809 0.00173653 -0.0175782 0.0873911 
0.00998693 -0.0182002 0.000818303 -0.0008553 -0.0182002 0.0892132 -0.000851818 0.00185558 0.000818303 -0.000851818 0.00954001 -0.017642 -0.0008553 0.00185558 -0.017642 0.0875859 
0.00994268 -0.0181035 0.000817635 -0.0008852 -0.0181035 0.0887162 -0.00088666 0.00195652 0.000817635 -0.00088666 0.00950277 -0.0175415 -0.0008852 0.00195652 -0.0175415 0.0871052 
0.00989891 -0.0180757 0.000818617 -0.000887426 -0.0180757 0.0885241 -0.00089057 0.00200163 0.000818617 -0.00089057 0.00954839 -0.0175169 -0.000887426 0.00200163 -0.0175169 0.0869138 
0.00993816 -0.0181377 0.000832911 -0.00088306 -0.0181377 0.0889219 -0.000887851 0.00199887 0.000832911 -0.000887851 0.00961078 -0.0176906 -0.00088306 0.00199887 -0.0176906 0.0874832 
0.0099591 -0.0182041 0.000845602 -0.000900078 -0.0182041 0.0892852 -0.000904618 0.00201833 0.000845602 -0.000904618 0.00966451 -0.0178132 -0.000900078 0.00201833 -0.0178132 0.0880585 
0.00999883 -0.0182424 0.000865199 -0.000908883 -0.0182424 0.0895995 -0.000910134 0.00202778 0.000865199 -0.000910134 0.00971047 -0.0179342 -0.000908883 0.00202778 -0.0179342 0.0886341 
0.0100151 -0.0182175 0.000878189 -0.000923812 -0.0182175 0.0894729 -0.000922323 0.00204177 0.000878189 -0.000922323 0.00967982 -0.0179216 -0.000923812 0.00204177 -0.0179216 0.08864 
0.0100437 -0.01823 0.000849731 -0.000947183 -0.01823 0.0893478 -0.000947161 0.00209897 0.000849731 -0.000947161 0.00961361 -0.017806 -0.000947183 0.00209897 -0.017806 0.0882671 
0.0100888 -0.0183282 0.000821551 -0.000915383 -0.0183282 0.0896777 -0.000917013 0.00207926 0.000821551 -0.000917013 0.0096054 -0.0177985 -0.000915383 0.00207926 -0.0177985 0.0883234 
0.00993986 -0.018098 0.000777472 -0.000859827 -0.018098 0.0884924 -0.000859055 0.00195239 0.000777472 -0.000859055 0.00944293 -0.0174892 -0.000859827 0.00195239 -0.0174892 0.0868781 
0.0100532 -0.0182823 0.000766219 -0.000837005 -0.0182823 0.0894689 -0.000833997 0.00188848 0.000766219 -0.000833997 0.00954247 -0.0176558 -0.000837005 0.00188848 -0.0176558 0.0877242 
0.00998901 -0.0181326 0.000728918 -0.000808738 -0.0181326 0.0887131 -0.000800541 0.00180305 0.000728918 -0.000800541 0.00944472 -0.0174962 -0.000808738 0.00180305 -0.0174962 0.0869229 
0.00998894 -0.0181627 0.000716696 -0.000775459 -0.0181627 0.0887829 -0.000768166 0.00173296 0.000716696 -0.000768166 0.00947006 -0.0174987 -0.000775459 0.00173296 -0.0174987 0.0869568 
0.0100122 -0.0181851 0.000707115 -0.000757711 -0.0181851 0.0889364 -0.000754757 0.00167753 0.000707115 -0.000754757 0.00946562 -0.0175589 -0.000757711 0.00167753 -0.0175589 0.087152 
0.0100472 -0.0182385 0.00069554 -0.000748587 -0.0182385 0.0891745 -0.000746975 0.00164898 0.00069554 -0.000746975 0.00945666 -0.017587 -0.000748587 0.00164898 -0.017587 0.0873936 
0.00997411 -0.0181733 0.000718016 -0.000732907 -0.0181733 0.0887996 -0.000733077 0.00161695 0.000718016 -0.000733077 0.00943684 -0.0174468 -0.000732907 0.00161695 -0.0174468 0.0868692 
0.0099479 -0.0181406 0.000751329 -0.000765403 -0.0181406 0.0887824 -0.000764573 0.00165893 0.000751329 -0.000764573 0.00946614 -0.0174896 -0.000765403 0.00165893 -0.0174896 0.0869135 
0.00996702 -0.0181359 0.000741674 -0.000809367 -0.0181359 0.0888492 -0.000807746 0.00175593 0.000741674 -0.000807746 0.0094595 -0.0175485 -0.000809367 0.00175593 -0.0175485 0.0871225 
0.00997254 -0.0181339 0.000733836 -0.000805483 -0.0181339 0.0888003 -0.000806676 0.00180741 0.000733836 -0.000806676 0.00944058 -0.0175221 -0.000805483 0.00180741 -0.0175221 0.087109 
0.00997789 -0.0181054 0.000748684 -0.000790598 -0.0181054 0.0886574 -0.000792675 0.00179111 0.000748684 -0.000792675 0.00940885 -0.0174927 -0.000790598 0.00179111 -0.0174927 0.0870019 
0.0100661 -0.0182901 0.000784879 -0.00082685 -0.0182901 0.0894707 -0.000828913 0.00185531 0.000784879 -0.000828913 0.00951813 -0.0176186 -0.00082685 0.00185531 -0.0176186 0.0877214 
0.0100072 -0.0182478 0.000808932 -0.000861111 -0.0182478 0.0892475 -0.000863757 0.00193614 0.000808932 -0.000863757 0.00953479 -0.0175832 -0.000861111 0.00193614 -0.0175832 0.0874395 
0.0100069 -0.0182388 0.000795472 -0.000891469 -0.0182388 0.0893121 -0.00089369 0.00201857 0.000795472 -0.00089369 0.00955813 -0.017653 -0.000891469 0.00201857 -0.017653 0.0875954 
0.0100399 -0.0182644 0.00079548 -0.000879455 -0.0182644 0.0894736 -0.000878427 0.00203414 0.00079548 -0.000878427 0.00956313 -0.0177249 -0.000879455 0.00203414 -0.0177249 0.0879024 
0.0100474 -0.0183475 0.000819547 -0.000870819 -0.0183475 0.0898195 -0.00087179 0.00200565 0.000819547 -0.00087179 0.00964043 -0.0177779 -0.000870819 0.00200565 -0.0177779 0.0882649 
0.00991383 -0.0180722 0.000786334 -0.000870776 -0.0180722 0.0886129 -0.000874703 0.00196964 0.000786334 -0.000874703 0.00951093 -0.0175986 -0.000870776 0.00196964 -0.0175986 0.0872081 
0.0100072 -0.018208 0.000780145 -0.000851933 -0.018208 0.0893063 -0.000856259 0.00195 0.000780145 -0.000856259 0.00955917 -0.017765 -0.000851933 0.00195 -0.017765 0.0880629 
0.0100682 -0.0183428 0.000781194 -0.000852741 -0.0183428 0.0898692 -0.000851161 0.0019367 0.000781194 -0.000851161 0.00960212 -0.0178031 -0.000852741 0.0019367 -0.0178031 0.0884828 
0.0100687 -0.0183398 0.000760783 -0.000846667 -0.0183398 0.0898608 -0.000840505 0.00191013 0.000760783 -0.000840505 0.00959214 -0.0177603 -0.000846667 0.00191013 -0.0177603 0.0883053 
0.010057 -0.0183309 0.000756704 -0.000817983 -0.0183309 0.0898422 -0.000809743 0.00184815 0.000756704 -0.000809743 0.00959907 -0.01776 -0.000817983 0.00184815 -0.01776 0.0882615 
0.0100577 -0.018319 0.000743416 -0.000812264 -0.018319 0.0897891 -0.000807132 0.001814 0.000743416 -0.000807132 0.00959503 -0.01774 -0.000812264 0.001814 -0.01774 0.0881553 
0.0099405 -0.0180932 0.000741509 -0.000786999 -0.0180932 0.0886491 -0.000787383 0.0017693 0.000741509 -0.000787383 0.00949973 -0.0175067 -0.000786999 0.0017693 -0.0175067 0.0869821 
0.0100299 -0.0183048 0.00075116 -0.000794442 -0.0183048 0.089637 -0.000794023 0.00176297 0.00075116 -0.000794023 0.0096463 -0.0177315 -0.000794442 0.00176297 -0.0177315 0.0879573 
0.0100293 -0.0182562 0.000758677 -0.000801684 -0.0182562 0.0895167 -0.000796347 0.00176702 0.000758677 -0.000796347 0.00962714 -0.0177995 -0.000801684 0.00176702 -0.0177995 0.0880767 
0.0100548 -0.0183045 0.00073202 -0.000814222 -0.0183045 0.0897219 -0.000813715 0.00179746 0.00073202 -0.000813715 0.00964622 -0.0178578 -0.000814222 0.00179746 -0.0178578 0.0884537 
0.0099283 -0.0181083 0.000726567 -0.000775662 -0.0181083 0.0887387 -0.000780471 0.00175925 0.000726567 -0.000780471 0.00953276 -0.017643 -0.000775662 0.00175925 -0.017643 0.0874792 
0.00998779 -0.0181696 0.000720907 -0.000779349 -0.0181696 0.0891156 -0.000786439 0.00175117 0.000720907 -0.000786439 0.00954496 -0.0177164 -0.000779349 0.00175117 -0.0177164 0.0878711 
0.0100037 -0.0181744 0.000720181 -0.000778858 -0.0181744 0.0890876 -0.000784129 0.00176044 0.000720181 -0.000784129 0.00952427 -0.0176769 -0.000778858 0.00176044 -0.0176769 0.0878028 
0.0100149 -0.0181551 0.000717943 -0.000782144 -0.0181551 0.0889332 -0.00078487 0.00177087 0.000717943 -0.00078487 0.0094818 -0.0176196 -0.000782144 0.00177087 -0.0176196 0.0875717 
0.00997367 -0.0181021 0.000705029 -0.000777525 -0.0181021 0.0885569 -0.000772499 0.00175966 0.000705029 -0.000772499 0.00945223 -0.017506 -0.000777525 0.00175966 -0.017506 0.0870812 
0.010022 -0.018184 0.000688889 -0.000760289 -0.018184 0.0889067 -0.000749281 0.00171671 0.000688889 -0.000749281 0.00945468 -0.0175545 -0.000760289 0.00171671 -0.0175545 0.0872662 
0.0100524 -0.018281 0.000709569 -0.000746297 -0.018281 0.0892987 -0.000730177 0.00167326 0.000709569 -0.000730177 0.00946248 -0.0175599 -0.000746297 0.00167326 -0.0175599 0.0874099 
0.0100911 -0.0183203 0.000681816 -0.000765345 -0.0183203 0.0895447 -0.000755993 0.00168258 0.000681816 -0.000755993 0.00945645 -0.0175716 -0.000765345 0.00168258 -0.0175716 0.0875 
0.0100785 -0.0183212 0.000661564 -0.000730466 -0.0183212 0.0895014 -0.0007325 0.00165654 0.000661564 -0.0007325 0.0094553 -0.0175196 -0.000730466 0.00165654 -0.0175196 0.0873187 
0.0100754 -0.0182825 0.000665715 -0.000708591 -0.0182825 0.0893672 -0.000712193 0.00160976 0.000665715 -0.000712193 0.0094623 -0.0175203 -0.000708591 0.00160976 -0.0175203 0.0872215 
0.010048 -0.01824 0.000691414 -0.000701591 -0.01824 0.0891631 -0.000701192 0.00156023 0.000691414 -0.000701192 0.00946964 -0.017543 -0.000701591 0.00156023 -0.017543 0.0872169 
0.0100462 -0.0182003 0.000718588 -0.000745027 -0.0182003 0.0890075 -0.000740932 0.00162339 0.000718588 -0.000740932 0.00946613 -0.0175709 -0.000745027 0.00162339 -0.0175709 0.0872898 
0.0100419 -0.0182148 0.000722786 -0.00078271 -0.0182148 0.0889845 -0.000777874 0.00172118 0.000722786 -0.000777874 0.00947146 -0.0175566 -0.00078271 0.00172118 -0.0175566 0.0872851 
0.010007 -0.0181614 0.000724202 -0.000786869 -0.0181614 0.0887026 -0.000782335 0.00176848 0.000724202 -0.000782335 0.00945233 -0.0174847 -0.000786869 0.00176848 -0.0174847 0.086924 
0.00996019 -0.0181419 0.000722443 -0.000787817 -0.0181419 0.0885952 -0.000779792 0.00177737 0.000722443 -0.000779792 0.00944739 -0.0174598 -0.000787817 0.00177737 -0.0174598 0.0867362 
0.0100743 -0.0183732 0.000732571 -0.000793981 -0.0183732 0.0898465 -0.000787887 0.00179368 0.000732571 -0.000787887 0.00958458 -0.0177176 -0.000793981 0.00179368 -0.0177176 0.0879647 
0.0100875 -0.0183846 0.000720404 -0.00078945 -0.0183846 0.0900445 -0.000792647 0.00178604 0.000720404 -0.000792647 0.00960486 -0.0178036 -0.00078945 0.00178604 -0.0178036 0.0883354 
0.00994325 -0.0181379 0.000685475 -0.000762719 -0.0181379 0.0888725 -0.000777337 0.0017479 0.000685475 -0.000777337 0.00949061 -0.0175735 -0.000762719 0.0017479 -0.0175735 0.0872761 
0.0099713 -0.0181734 0.000690928 -0.000724087 -0.0181734 0.0891494 -0.000740194 0.00167267 0.000690928 -0.000740194 0.00952108 -0.0176662 -0.000724087 0.00167267 -0.0176662 0.0877074 
0.00999041 -0.0182603 0.000739282 -0.000733436 -0.0182603 0.0895753 -0.000744563 0.00164654 0.000739282 -0.000744563 0.00960627 -0.0177405 -0.000733436 0.00164654 -0.0177405 0.0881722 
0.0099652 -0.0181941 0.00077851 -0.000786398 -0.0181941 0.0893857 -0.000789973 0.00170638 0.00077851 -0.000789973 0.00963067 -0.0177581 -0.000786398 0.00170638 -0.0177581 0.0881217 
0.00990059 -0.0180123 0.000786247 -0.000831939 -0.0180123 0.0885258 -0.000829051 0.00180327 0.000786247 -0.000829051 0.00954362 -0.0176481 -0.000831939 0.00180327 -0.0176481 0.0874559 
0.00991829 -0.0180501 0.000770045 -0.000867897 -0.0180501 0.0885256 -0.000860659 0.00192252 0.000770045 -0.000860659 0.00950888 -0.0175997 -0.000867897 0.00192252 -0.0175997 0.0873239 
0.00988629 -0.0179872 0.000741851 -0.000847179 -0.0179872 0.0881751 -0.000843048 0.00194044 0.000741851 -0.000843048 0.00945133 -0.0174961 -0.000847179 0.00194044 -0.0174961 0.0868599 
0.0100503 -0.0182813 0.000720882 -0.00081882 -0.0182813 0.0895796 -0.000818314 0.00190262 0.000720882 -0.000818314 0.0095729 -0.0177502 -0.00081882 0.00190262 -0.0177502 0.0881474 
0.0100783 -0.0183217 0.000695632 -0.000769206 -0.0183217 0.0897506 -0.000775333 0.00178818 0.000695632 -0.000775333 0.00956134 -0.017758 -0.000769206 0.00178818 -0.017758 0.0882466 
0.0100844 -0.0183718 0.000708812 -0.00073175 -0.0183718 0.0899142 -0.000746057 0.00168261 0.000708812 -0.000746057 0.0095674 -0.0177192 -0.00073175 0.00168261 -0.0177192 0.0881919 
0.00991532 -0.0180812 0.00071694 -0.000732938 -0.0180812 0.0885448 -0.000751975 0.00163735 0.00071694 -0.000751975 0.00943757 -0.0174457 -0.000732938 0.00163735 -0.0174457 0.0867763 
0.00991794 -0.0180623 0.000740809 -0.000767367 -0.0180623 0.0885401 -0.000784469 0.00170222 0.000740809 -0.000784469 0.0094555 -0.0174954 -0.000767367 0.00170222 -0.0174954 0.0869019 
0.0099178 -0.0180795 0.000757466 -0.000799372 -0.0180795 0.0885977 -0.000809156 0.00177519 0.000757466 -0.000809156 0.00950118 -0.0175264 -0.000799372 0.00177519 -0.0175264 0.0870448 
0.00990664 -0.018077 0.000750236 -0.00081254 -0.018077 0.0885983 -0.000809833 0.00180074 0.000750236 -0.000809833 0.00951466 -0.0175601 -0.00081254 0.00180074 -0.0175601 0.0871016 
0.0100236 -0.0183127 0.000772492 -0.000829581 -0.0183127 0.0898228 -0.000810355 0.00183551 0.000772492 -0.000810355 0.00970412 -0.0178488 -0.000829581 0.00183551 -0.0178488 0.0884675 
0.00987365 -0.0180004 0.00073442 -0.000826048 -0.0180004 0.0883946 -0.000798392 0.00180551 0.00073442 -0.000798392 0.00955224 -0.0176545 -0.000826048 0.00180551 -0.0176545 0.0873188 
0.00988634 -0.0179799 0.000706061 -0.000791299 -0.0179799 0.0882555 -0.000764572 0.00175424 0.000706061 -0.000764572 0.00952171 -0.0176308 -0.000791299 0.00175424 -0.0176308 0.0872977 
0.00990837 -0.0179813 0.000696037 -0.000759746 -0.0179813 0.088179 -0.000741519 0.00169091 0.000696037 -0.000741519 0.00948623 -0.0175955 -0.000759746 0.00169091 -0.0175955 0.0872086 
