0.00652778 0 -0.000301345 0 0 0.00989006 0 0 -0.000301345 0 0.00772234 0 0 0 0 0.00989006 
0.00925036 -0.0115048 -0.000426017 0.000516409 -0.0115048 0.0311594 0.000516409 -0.000990657 -0.000426017 0.000516409 0.0109835 -0.0136138 0.000516409 -0.000990657 -0.0136138 0.0352035 
0.00938984 -0.0175973 -0.000379306 0.000535963 -0.0175973 0.0653767 0.000535963 -0.00166057 -0.000379306 0.000535963 0.0108335 -0.0200165 0.000535963 -0.00166057 -0.0200165 0.0729441 
0.00893914 -0.0175672 -0.000359924 0.000360412 -0.0175672 0.0793128 0.000356892 -0.00105467 -0.000359924 0.000356892 0.0100931 -0.0191082 0.000360412 -0.00105467 -0.0191082 0.084688 
0.00898247 -0.0171871 -0.000394611 0.000390235 -0.0171871 0.0836481 0.000378463 -0.000927845 -0.000394611 0.000378463 0.0101159 -0.0184652 0.000390235 -0.000927845 -0.0184652 0.087689 
0.00916004 -0.0171689 -0.000419854 0.000462345 -0.0171689 0.0852797 0.00043995 -0.00107585 -0.000419854 0.00043995 0.0102823 -0.0184939 0.000462345 -0.00107585 -0.0184939 0.0890756 
0.00923759 -0.0172107 -0.000427749 0.000488091 -0.0172107 0.0857 0.000463395 -0.00116844 -0.000427749 0.000463395 0.0102795 -0.0184704 0.000488091 -0.00116844 -0.0184704 0.0892066 
0.00940309 -0.0174144 -0.000432628 0.000496147 -0.0174144 0.0867069 0.000472063 -0.00120037 -0.000432628 0.000472063 0.0103051 -0.0185509 0.000496147 -0.00120037 -0.0185509 0.0898114 
0.00942801 -0.0174614 -0.000426516 0.000485514 -0.0174614 0.0867582 0.000463064 -0.00116981 -0.000426516 0.000463064 0.010252 -0.0184247 0.000485514 -0.00116981 -0.0184247 0.0893918 
0.00942961 -0.017555 -0.000385687 0.000487098 -0.017555 0.0871712 0.000467847 -0.00117023 -0.000385687 0.000467847 0.0103123 -0.0184592 0.000487098 -0.00117023 -0.0184592 0.089548 
0.00937817 -0.0175039 -0.000341489 0.000429341 -0.0175039 0.0870769 0.000417771 -0.00107949 -0.000341489 0.000417771 0.0103381 -0.0184805 0.000429341 -0.00107949 -0.0184805 0.0894801 
0.00938685 -0.0175197 -0.000319042 0.000370786 -0.0175197 0.0873123 0.000369274 -0.000950739 -0.000319042 0.000369274 0.0104209 -0.0186103 0.000370786 -0.000950739 -0.0186103 0.0899575 
0.00928524 -0.0173985 -0.000320024 0.000340995 -0.0173985 0.08677 0.000347949 -0.00086194 -0.000320024 0.000347949 0.0104017 -0.0185675 0.000340995 -0.00086194 -0.0185675 0.0896414 
0.00928797 -0.0174132 -0.00032658 0.000349996 -0.0174132 0.0870095 0.000362495 -0.000861879 -0.00032658 0.000362495 0.010466 -0.0186827 0.000349996 -0.000861879 -0.0186827 0.0901199 
0.00928324 -0.0172913 -0.000340748 0.000366331 -0.0172913 0.0865213 0.000382647 -0.000913373 -0.000340748 0.000382647 0.0103939 -0.0186482 0.000366331 -0.000913373 -0.0186482 0.0898816 
0.00929827 -0.0173747 -0.000353343 0.000397175 -0.0173747 0.0867306 0.000411561 -0.00100077 -0.000353343 0.000411561 0.0103858 -0.0186448 0.000397175 -0.00100077 -0.0186448 0.0900471 
0.00926578 -0.0173262 -0.000344288 0.000407596 -0.0173262 0.0865362 0.000413783 -0.00103605 -0.000344288 0.000413783 0.0103638 -0.0185646 0.000407596 -0.00103605 -0.0185646 0.0897415 
0.00932847 -0.0173917 -0.0003513 0.000395528 -0.0173917 0.0869093 0.000399828 -0.0010235 -0.0003513 0.000399828 0.0104146 -0.0186499 0.000395528 -0.0010235 -0.0186499 0.0901054 
0.00932705 -0.0174657 -0.000326303 0.000380366 -0.0174657 0.0871426 0.000391317 -0.000969108 -0.000326303 0.000391317 0.0104492 -0.0186714 0.000380366 -0.000969108 -0.0186714 0.0902132 
0.00922453 -0.0173322 -0.000285768 0.000335098 -0.0173322 0.0865518 0.000353019 -0.000870223 -0.000285768 0.000353019 0.0104051 -0.0185416 0.000335098 -0.000870223 -0.0185416 0.08952 
0.00921599 -0.0172977 -0.000265387 0.000297481 -0.0172977 0.0865244 0.000316471 -0.000783669 -0.000265387 0.000316471 0.0104145 -0.0185783 0.000297481 -0.000783669 -0.0185783 0.089566 
0.0092468 -0.0174151 -0.000239824 0.000289691 -0.0174151 0.0871512 0.000304026 -0.000749654 -0.000239824 0.000304026 0.0105089 -0.0187489 0.000289691 -0.000749654 -0.0187489 0.090353 
0.00914634 -0.01721 -0.000244678 0.000265625 -0.01721 0.0863015 0.000271873 -0.000703869 -0.000244678 0.000271873 0.0104343 -0.0186163 0.000265625 -0.000703869 -0.0186163 0.0896782 
0.00921796 -0.0173088 -0.000280976 0.000287465 -0.0173088 0.0868592 0.000287281 -0.000726532 -0.000280976 0.000287281 0.0105064 -0.0187812 0.000287465 -0.000726532 -0.0187812 0.0904517 
0.00922447 -0.0172915 -0.000305583 0.000335786 -0.0172915 0.0867511 0.000326579 -0.000810752 -0.000305583 0.000326579 0.0104955 -0.0187742 0.000335786 -0.000810752 -0.0187742 0.0904632 
0.00925917 -0.0172864 -0.000309315 0.000369567 -0.0172864 0.0866413 0.000347548 -0.000888308 -0.000309315 0.000347548 0.0104641 -0.0187309 0.000369567 -0.000888308 -0.0187309 0.0903115 
0.0093161 -0.0173299 -0.000332104 0.000372475 -0.0173299 0.086682 0.000343685 -0.000912576 -0.000332104 0.000343685 0.010431 -0.0187128 0.000372475 -0.000912576 -0.0187128 0.0902597 
0.00933104 -0.0173953 -0.00036235 0.000394199 -0.0173953 0.0867787 0.000371366 -0.000950375 -0.00036235 0.000371366 0.0104131 -0.0186583 0.000394199 -0.000950375 -0.0186583 0.090117 
0.00932554 -0.0174336 -0.000359757 0.000415618 -0.0174336 0.0869391 0.000404934 -0.000999748 -0.000359757 0.000404934 0.010416 -0.0186501 0.000415618 -0.000999748 -0.0186501 0.0900864 
0.00926992 -0.0173867 -0.00033562 0.00040019 -0.0173867 0.0867746 0.000397246 -0.000992965 -0.00033562 0.000397246 0.0103918 -0.0186 0.00040019 -0.000992965 -0.0186 0.0898358 
0.00924204 -0.0173326 -0.000346322 0.000376751 -0.0173326 0.0866586 0.000381475 -0.000963013 -0.000346322 0.000381475 0.0103968 -0.0185891 0.000376751 -0.000963013 -0.0185891 0.0897702 
0.00923944 -0.0172986 -0.000372273 0.000378872 -0.0172986 0.0865835 0.000392663 -0.00094597 -0.000372273 0.000392663 0.0104016 -0.018621 0.000378872 -0.00094597 -0.018621 0.0898585 
0.00923285 -0.0173077 -0.000373679 0.00040392 -0.0173077 0.0866125 0.000420679 -0.000979547 -0.000373679 0.000420679 0.0104283 -0.0186394 0.00040392 -0.000979547 -0.0186394 0.0899717 
0.00922322 -0.0172605 -0.000377144 0.000414048 -0.0172605 0.0864247 0.000428563 -0.00102417 -0.000377144 0.000428563 0.0104241 -0.0186235 0.000414048 -0.00102417 -0.0186235 0.0898435 
0.00929544 -0.0173693 -0.000390111 0.000429834 -0.0173693 0.0869162 0.000435543 -0.00106545 -0.000390111 0.000435543 0.0104891 -0.0187407 0.000429834 -0.00106545 -0.0187407 0.0903744 
0.00922972 -0.0172564 -0.000416572 0.000439472 -0.0172564 0.0862618 0.000434788 -0.00107405 -0.000416572 0.000434788 0.0104215 -0.0185973 0.000439472 -0.00107405 -0.0185973 0.0896626 
0.00926381 -0.0173661 -0.000432534 0.000476684 -0.0173661 0.0867983 0.00046539 -0.00112755 -0.000432534 0.00046539 0.0105062 -0.018735 0.000476684 -0.00112755 -0.018735 0.0902519 
0.00922038 -0.0172615 -0.000399964 0.000475723 -0.0172615 0.0863563 0.000464758 -0.00112816 -0.000399964 0.000464758 0.0104599 -0.0186712 0.000475723 -0.00112816 -0.0186712 0.0898776 
0.00924897 -0.01726 -0.000350864 0.000436855 -0.01726 0.0863666 0.000429723 -0.00106899 -0.000350864 0.000429723 0.010468 -0.0187127 0.000436855 -0.00106899 -0.0187127 0.0900541 
0.00928496 -0.0172793 -0.000352691 0.000389131 -0.0172793 0.0863466 0.000385226 -0.000984717 -0.000352691 0.000385226 0.0104607 -0.0187038 0.000389131 -0.000984717 -0.0187038 0.0900545 
0.00934265 -0.0174576 -0.000313107 0.000396088 -0.0174576 0.0870795 0.000395912 -0.000969768 -0.000313107 0.000395912 0.0105293 -0.018831 0.000396088 -0.000969768 -0.018831 0.0907088 
0.009282 -0.0174264 -0.00029522 0.000339095 -0.0174264 0.0869939 0.000340182 -0.000878125 -0.00029522 0.000340182 0.0105284 -0.0187832 0.000339095 -0.000878125 -0.0187832 0.0905199 
0.00923644 -0.0173337 -0.000296719 0.000317073 -0.0173337 0.0867109 0.000323732 -0.000805545 -0.000296719 0.000323732 0.0105109 -0.0187355 0.000317073 -0.000805545 -0.0187355 0.090233 
0.00918901 -0.0172666 -0.000320215 0.000325796 -0.0172666 0.0864601 0.000336627 -0.000810924 -0.000320215 0.000336627 0.0104997 -0.0187225 0.000325796 -0.000810924 -0.0187225 0.0901039 
0.00920693 -0.0172823 -0.000338857 0.000347545 -0.0172823 0.0866652 0.000361363 -0.000847833 -0.000338857 0.000361363 0.010539 -0.0188212 0.000347545 -0.000847833 -0.0188212 0.0905298 
0.00924683 -0.0172845 -0.000318577 0.00037079 -0.0172845 0.0866784 0.000385887 -0.000906291 -0.000318577 0.000385887 0.0105199 -0.0188247 0.00037079 -0.000906291 -0.0188247 0.0906033 
0.009241 -0.0172761 -0.000286381 0.000352372 -0.0172761 0.0864725 0.000362972 -0.000906593 -0.000286381 0.000362972 0.0104868 -0.0187275 0.000352372 -0.000906593 -0.0187275 0.0902576 
0.00918752 -0.0172423 -0.000247504 0.000321107 -0.0172423 0.0862206 0.000325936 -0.000849955 -0.000247504 0.000325936 0.0104498 -0.0186352 0.000321107 -0.000849955 -0.0186352 0.0898093 
0.00920767 -0.0172738 -0.000231419 0.000278333 -0.0172738 0.0864683 0.00027756 -0.000753184 -0.000231419 0.00027756 0.010466 -0.0186882 0.000278333 -0.000753184 -0.0186882 0.0900099 
0.00924231 -0.0173177 -0.000222353 0.000260436 -0.0173177 0.0867339 0.000256137 -0.000682664 -0.000222353 0.000256137 0.0104925 -0.0187535 0.000260436 -0.000682664 -0.0187535 0.0903325 
0.00916936 -0.0172318 -0.00021014 0.000242456 -0.0172318 0.0862529 0.000239026 -0.000624498 -0.00021014 0.000239026 0.0104336 -0.018619 0.000242456 -0.000624498 -0.018619 0.089754 
0.00918612 -0.0172124 -0.000225341 0.000230231 -0.0172124 0.0862704 0.000229325 -0.000589727 -0.000225341 0.000229325 0.010421 -0.018643 0.000230231 -0.000589727 -0.018643 0.0898228 
0.0092519 -0.0173313 -0.000255788 0.000249254 -0.0173313 0.0868125 0.000248091 -0.000604287 -0.000255788 0.000248091 0.0104846 -0.0187426 0.000249254 -0.000604287 -0.0187426 0.0903881 
0.00924389 -0.0173365 -0.000275096 0.00029303 -0.0173365 0.0868214 0.000291746 -0.000694867 -0.000275096 0.000291746 0.0104812 -0.0187386 0.00029303 -0.000694867 -0.0187386 0.0903731 
0.00927496 -0.0173375 -0.000307221 0.000312977 -0.0173375 0.0868563 0.000312456 -0.000763033 -0.000307221 0.000312456 0.0104567 -0.0187406 0.000312977 -0.000763033 -0.0187406 0.0903942 
0.00930231 -0.017329 -0.000338109 0.000359006 -0.017329 0.0867288 0.000359386 -0.000870713 -0.000338109 0.000359386 0.0103867 -0.0186861 0.000359006 -0.000870713 -0.0186861 0.0902252 
0.00930287 -0.017325 -0.000364866 0.000388906 -0.017325 0.0865361 0.000385305 -0.000945955 -0.000364866 0.000385305 0.010309 -0.0185563 0.000388906 -0.000945955 -0.0185563 0.0898038 
0.00929733 -0.0173619 -0.000386402 0.0004108 -0.0173619 0.0865893 0.000400208 -0.000980149 -0.000386402 0.000400208 0.0102712 -0.0184574 0.0004108 -0.000980149 -0.0184574 0.0894888 
0.00934493 -0.0174548 -0.000440197 0.000449906 -0.0174548 0.0870726 0.000431933 -0.00105548 -0.000440197 0.000431933 0.0103022 -0.0184978 0.000449906 -0.00105548 -0.0184978 0.0897189 
0.00932855 -0.0174053 -0.000464058 0.000514695 -0.0174053 0.0868495 0.000494149 -0.0011816 -0.000464058 0.000494149 0.0102771 -0.0184383 0.000514695 -0.0011816 -0.0184383 0.0894039 
0.00933577 -0.0173862 -0.000476964 0.00053697 -0.0173862 0.0867486 0.000520965 -0.00127302 -0.000476964 0.000520965 0.0102461 -0.0184422 0.00053697 -0.00127302 -0.0184422 0.0893553 
0.00938101 -0.0174162 -0.000458628 0.000549946 -0.0174162 0.0868849 0.00054126 -0.00133104 -0.000458628 0.00054126 0.0102661 -0.0184959 0.000549946 -0.00133104 -0.0184959 0.0896436 
0.00934341 -0.017421 -0.000428867 0.000512439 -0.017421 0.0867408 0.000513165 -0.00128689 -0.000428867 0.000513165 0.0102503 -0.0184258 0.000512439 -0.00128689 -0.0184258 0.0893906 
0.00932884 -0.0174314 -0.000424414 0.00047155 -0.0174314 0.0868541 0.000477843 -0.00119722 -0.000424414 0.000477843 0.0102687 -0.0184393 0.00047155 -0.00119722 -0.0184393 0.0894197 
0.00937929 -0.0174973 -0.000421069 0.000471909 -0.0174973 0.0872834 0.000475936 -0.00116149 -0.000421069 0.000475936 0.0103058 -0.018552 0.000471909 -0.00116149 -0.018552 0.0899021 
0.00933758 -0.0173989 -0.000414372 0.00046861 -0.0173989 0.0868118 0.000465856 -0.0011418 -0.000414372 0.000465856 0.0102317 -0.0184646 0.00046861 -0.0011418 -0.0184646 0.0895181 
0.00934531 -0.0174416 -0.000416005 0.000462117 -0.0174416 0.0869865 0.000456814 -0.00112099 -0.000416005 0.000456814 0.0102263 -0.0184603 0.000462117 -0.00112099 -0.0184603 0.0896387 
0.00928086 -0.0173631 -0.000398262 0.000459706 -0.0173631 0.0866359 0.000457911 -0.00110798 -0.000398262 0.000457911 0.0101907 -0.0183427 0.000459706 -0.00110798 -0.0183427 0.0891647 
0.009275 -0.0173413 -0.000377878 0.000433902 -0.0173413 0.0866298 0.000439699 -0.00106935 -0.000377878 0.000439699 0.0101951 -0.0183438 0.000433902 -0.00106935 -0.0183438 0.0891228 
0.00926154 -0.0173149 -0.000373844 0.000402687 -0.0173149 0.08652 0.000415473 -0.00100429 -0.000373844 0.000415473 0.0101868 -0.0183263 0.000402687 -0.00100429 -0.0183263 0.0890194 
0.00935458 -0.0173812 -0.000380413 0.000403507 -0.0173812 0.086886 0.000415857 -0.000980855 -0.000380413 0.000415857 0.0102194 -0.0184282 0.000403507 -0.000980855 -0.0184282 0.0894757 
0.00936255 -0.0174131 -0.000380832 0.000406374 -0.0174131 0.0868281 0.000411601 -0.000964065 -0.000380832 0.000411601 0.0101995 -0.0183925 0.000406374 -0.000964065 -0.0183925 0.0893669 
0.00934248 -0.017413 -0.000390401 0.000406041 -0.017413 0.0867481 0.000399463 -0.000940234 -0.000390401 0.000399463 0.0101683 -0.0183359 0.000406041 -0.000940234 -0.0183359 0.0891348 
0.00934951 -0.0174934 -0.00036886 0.00042117 -0.0174934 0.0871972 0.000405496 -0.000940538 -0.00036886 0.000405496 0.0102209 -0.0184208 0.00042117 -0.000940538 -0.0184208 0.089553 
0.00928989 -0.0174267 -0.000338397 0.000401428 -0.0174267 0.0870707 0.000387415 -0.000925597 -0.000338397 0.000387415 0.0102473 -0.0184405 0.000401428 -0.000925597 -0.0184405 0.0895993 
0.00926222 -0.0173252 -0.000337292 0.000370285 -0.0173252 0.0867778 0.000366492 -0.000887692 -0.000337292 0.000366492 0.0102325 -0.0184572 0.000370285 -0.000887692 -0.0184572 0.0895904 
0.00924963 -0.0172582 -0.000356523 0.000362217 -0.0172582 0.0864221 0.000365254 -0.000858284 -0.000356523 0.000365254 0.0101791 -0.0183888 0.000362217 -0.000858284 -0.0183888 0.0893347 
0.00931764 -0.0173593 -0.000379737 0.000400166 -0.0173593 0.0868453 0.000399583 -0.000921714 -0.000379737 0.000399583 0.0102238 -0.0184569 0.000400166 -0.000921714 -0.0184569 0.089749 
0.00932333 -0.0173522 -0.000362973 0.000434272 -0.0173522 0.0866833 0.000432422 -0.00101501 -0.000362973 0.000432422 0.0101927 -0.0183754 0.000434272 -0.00101501 -0.0183754 0.0893913 
0.00931311 -0.0174029 -0.000322925 0.00040316 -0.0174029 0.0867705 0.000399256 -0.000990428 -0.000322925 0.000399256 0.0101905 -0.0183213 0.00040316 -0.000990428 -0.0183213 0.089155 
0.00926979 -0.0173728 -0.000290606 0.000356734 -0.0173728 0.0867276 0.000353164 -0.000904961 -0.000290606 0.000353164 0.0101989 -0.0183367 0.000356734 -0.000904961 -0.0183367 0.0890907 
0.00929177 -0.0173528 -0.000301108 0.000330818 -0.0173528 0.0868057 0.000330598 -0.000846566 -0.000301108 0.000330598 0.01021 -0.0184147 0.000330818 -0.000846566 -0.0184147 0.0893723 
0.00926624 -0.0173457 -0.000294232 0.000331677 -0.0173457 0.0867091 0.000335325 -0.000815568 -0.000294232 0.000335325 0.0102098 -0.0183922 0.000331677 -0.000815568 -0.0183922 0.0893487 
0.00920603 -0.0173308 -0.000269483 0.000318159 -0.0173308 0.0867056 0.000328277 -0.00079201 -0.000269483 0.000328277 0.0102501 -0.0183997 0.000318159 -0.00079201 -0.0183997 0.089378 
0.00915265 -0.0172272 -0.000246098 0.000287628 -0.0172272 0.0864338 0.000306336 -0.000746619 -0.000246098 0.000306336 0.0102439 -0.0184083 0.000287628 -0.000746619 -0.0184083 0.0892844 
0.00917079 -0.0171571 -0.000224809 0.000260553 -0.0171571 0.0862352 0.000278834 -0.000684323 -0.000224809 0.000278834 0.0102197 -0.0184434 0.000260553 -0.000684323 -0.0184434 0.0893956 
0.00925053 -0.0172666 -0.000219959 0.000243699 -0.0172666 0.0866138 0.000252586 -0.000630951 -0.000219959 0.000252586 0.0102494 -0.0184911 0.000243699 -0.000630951 -0.0184911 0.0897899 
0.00925549 -0.0172969 -0.000220037 0.000237397 -0.0172969 0.0865945 0.000238748 -0.000590267 -0.000220037 0.000238748 0.0102279 -0.0184318 0.000237397 -0.000590267 -0.0184318 0.0895728 
0.00930654 -0.0173687 -0.000230623 0.000239267 -0.0173687 0.0869319 0.000239801 -0.000582584 -0.000230623 0.000239801 0.0102275 -0.018484 0.000239267 -0.000582584 -0.018484 0.0898016 
0.00924813 -0.017277 -0.000218117 0.000262869 -0.017277 0.0863829 0.000263516 -0.000633554 -0.000218117 0.000263516 0.0101198 -0.0183032 0.000262869 -0.000633554 -0.0183032 0.0890506 
0.00928348 -0.0173293 -0.000219948 0.000249863 -0.0173293 0.0866289 0.000247027 -0.000631829 -0.000219948 0.000247027 0.0101087 -0.0182887 0.000249863 -0.000631829 -0.0182887 0.0890901 
0.0093088 -0.0174332 -0.000226483 0.000255139 -0.0174332 0.0871052 0.000247097 -0.000629965 -0.000226483 0.000247097 0.010154 -0.0183336 0.000255139 -0.000629965 -0.0183336 0.0893888 
0.00925696 -0.0173649 -0.000221844 0.000259038 -0.0173649 0.0868698 0.000250563 -0.000633611 -0.000221844 0.000250563 0.0101574 -0.0182762 0.000259038 -0.000633611 -0.0182762 0.0890793 
0.0092667 -0.0173443 -0.000206237 0.000256473 -0.0173443 0.086887 0.000254036 -0.000644846 -0.000206237 0.000254036 0.0101854 -0.0183333 0.000256473 -0.000644846 -0.0183333 0.0892034 
0.00920703 -0.0172562 -0.000168063 0.000221987 -0.0172562 0.0863866 0.000230357 -0.000593042 -0.000168063 0.000230357 0.0101473 -0.0182413 0.000221987 -0.000593042 -0.0182413 0.0887267 
0.00927307 -0.0173963 -0.000133348 0.000165447 -0.0173963 0.0871215 0.000180992 -0.000477209 -0.000133348 0.000180992 0.0102684 -0.0184249 0.000165447 -0.000477209 -0.0184249 0.0895426 
0.00917481 -0.0172444 -0.0001187 0.00011806 -0.0172444 0.086426 0.00013856 -0.00035177 -0.0001187 0.00013856 0.0102213 -0.0183392 0.00011806 -0.00035177 -0.0183392 0.0889935 
0.00915722 -0.0171996 -9.12469e-05 0.00010791 -0.0171996 0.0862788 0.00012891 -0.000296268 -9.12469e-05 0.00012891 0.0102108 -0.0183422 0.00010791 -0.000296268 -0.0183422 0.0889657 
0.00920952 -0.0173116 -7.3095e-05 8.89978e-05 -0.0173116 0.0868762 9.7012e-05 -0.000251629 -7.3095e-05 9.7012e-05 0.0102839 -0.0184995 8.89978e-05 -0.000251629 -0.0184995 0.0897309 
0.00918235 -0.0172336 -4.41194e-05 7.88931e-05 -0.0172336 0.0865474 6.98647e-05 -0.00020726 -4.41194e-05 6.98647e-05 0.0102524 -0.0184417 7.88931e-05 -0.00020726 -0.0184417 0.089489 
0.0091955 -0.0172164 -4.28843e-05 5.63699e-05 -0.0172164 0.0864628 4.35635e-05 -0.000168813 -4.28843e-05 4.35635e-05 0.0102481 -0.0184482 5.63699e-05 -0.000168813 -0.0184482 0.0895104 
0.00919917 -0.0172379 -3.44825e-05 5.02943e-05 -0.0172379 0.0864693 4.49921e-05 -0.000149071 -3.44825e-05 4.49921e-05 0.0102466 -0.0184369 5.02943e-05 -0.000149071 -0.0184369 0.0894934 
0.00916787 -0.0171974 -3.81816e-05 3.27616e-05 -0.0171974 0.0862316 3.82521e-05 -0.000125337 -3.81816e-05 3.82521e-05 0.0102151 -0.0183608 3.27616e-05 -0.000125337 -0.0183608 0.0891432 
0.00918347 -0.0172025 -6.21008e-05 4.10632e-05 -0.0172025 0.0862782 5.12572e-05 -0.000138113 -6.21008e-05 5.12572e-05 0.0102082 -0.0183678 4.10632e-05 -0.000138113 -0.0183678 0.0891478 
0.00918377 -0.0172193 -3.9427e-05 6.43789e-05 -0.0172193 0.0862632 7.06511e-05 -0.000169839 -3.9427e-05 7.06511e-05 0.0101928 -0.018319 6.43789e-05 -0.000169839 -0.018319 0.0889668 
0.00920979 -0.0172587 -1.80955e-05 4.86009e-05 -0.0172587 0.0864703 4.80737e-05 -0.000169502 -1.80955e-05 4.80737e-05 0.0102189 -0.0183654 4.86009e-05 -0.000169502 -0.0183654 0.0891364 
0.00922185 -0.0172828 5.75862e-06 2.38645e-05 -0.0172828 0.0865559 2.20822e-05 -0.000122736 5.75862e-06 2.20822e-05 0.0102474 -0.0183847 2.38645e-05 -0.000122736 -0.0183847 0.0892005 
0.00918824 -0.017265 2.06502e-05 -9.0963e-06 -0.017265 0.0864402 -1.92778e-06 -6.15284e-05 2.06502e-05 -1.92778e-06 0.0102525 -0.0183745 -9.0963e-06 -6.15284e-05 -0.0183745 0.0890765 
0.00922004 -0.0173503 2.63346e-05 -1.75423e-05 -0.0173503 0.0869804 -2.7341e-06 -4.78188e-05 2.63346e-05 -2.7341e-06 0.0103252 -0.0185471 -1.75423e-05 -4.78188e-05 -0.0185471 0.0897981 
0.00916811 -0.0172188 7.44726e-06 -1.7079e-05 -0.0172188 0.0864362 -1.33725e-06 -5.2976e-05 7.44726e-06 -1.33725e-06 0.0102581 -0.0184602 -1.7079e-05 -5.2976e-05 -0.0184602 0.0894054 
0.00921881 -0.0173455 3.16183e-07 3.86182e-06 -0.0173455 0.0870252 1.75455e-05 -8.72612e-05 3.16183e-07 1.75455e-05 0.0103111 -0.018551 3.86182e-06 -8.72612e-05 -0.018551 0.0899661 
0.00915974 -0.0172907 -3.42621e-05 1.59035e-05 -0.0172907 0.0867979 2.31312e-05 -0.000119892 -3.42621e-05 2.31312e-05 0.010301 -0.0184642 1.59035e-05 -0.000119892 -0.0184642 0.0896227 
0.00913957 -0.0172771 -3.54291e-05 4.85294e-05 -0.0172771 0.0868946 5.38875e-05 -0.000169413 -3.54291e-05 5.38875e-05 0.0103458 -0.0185205 4.85294e-05 -0.000169413 -0.0185205 0.0897839 
0.00905817 -0.0170809 -1.0095e-05 5.18139e-05 -0.0170809 0.0860415 5.33235e-05 -0.000195201 -1.0095e-05 5.33235e-05 0.0102568 -0.01839 5.18139e-05 -0.000195201 -0.01839 0.089063 
0.00907003 -0.0171057 2.1208e-05 3.1083e-05 -0.0171057 0.0861486 2.69781e-05 -0.000175296 2.1208e-05 2.69781e-05 0.0102761 -0.0184287 3.1083e-05 -0.000175296 -0.0184287 0.0892732 
0.00905742 -0.0170964 6.27969e-05 -6.62857e-06 -0.0170964 0.0860839 -1.29594e-05 -9.9024e-05 6.27969e-05 -1.29594e-05 0.0102783 -0.0183998 -6.62857e-06 -9.9024e-05 -0.0183998 0.089173 
0.00910687 -0.0172006 9.5361e-05 -5.8595e-05 -0.0172006 0.0866442 -6.3908e-05 1.3882e-05 9.5361e-05 -6.3908e-05 0.0103565 -0.0185384 -5.8595e-05 1.3882e-05 -0.0185384 0.0897853 
0.00906212 -0.0170624 8.76956e-05 -9.87208e-05 -0.0170624 0.0860048 -0.000102147 0.000124575 8.76956e-05 -0.000102147 0.0102807 -0.0184301 -9.87208e-05 0.000124575 -0.0184301 0.0892197 
0.00910011 -0.0171689 7.2385e-05 -9.41714e-05 -0.0171689 0.0864384 -9.20071e-05 0.000156683 7.2385e-05 -9.20071e-05 0.0103433 -0.0185137 -9.41714e-05 0.000156683 -0.0185137 0.0896667 
0.00905391 -0.0170952 0.000100176 -7.30995e-05 -0.0170952 0.0861252 -6.40006e-05 0.000115456 0.000100176 -6.40006e-05 0.0103367 -0.0184843 -7.30995e-05 0.000115456 -0.0184843 0.0894381 
0.00905877 -0.0170072 9.8114e-05 -0.000100394 -0.0170072 0.0857815 -8.77734e-05 0.000122504 9.8114e-05 -8.77734e-05 0.0102987 -0.0184964 -0.000100394 0.000122504 -0.0184964 0.0893599 
0.00911339 -0.0170723 0.000121131 -0.000105771 -0.0170723 0.0859018 -9.53088e-05 0.00015661 0.000121131 -9.53088e-05 0.0102755 -0.0184962 -0.000105771 0.00015661 -0.0184962 0.0894836 
0.00914272 -0.0171858 0.000144869 -0.000124663 -0.0171858 0.0862928 -0.000119492 0.00019025 0.000144869 -0.000119492 0.0102817 -0.0185098 -0.000124663 0.00019025 -0.0185098 0.0896934 
0.00911819 -0.0171666 0.000142888 -0.000147192 -0.0171666 0.0861971 -0.000144572 0.000238294 0.000142888 -0.000144572 0.0102279 -0.0184076 -0.000147192 0.000238294 -0.0184076 0.0893125 
0.00920101 -0.0172806 0.000110919 -0.000141536 -0.0172806 0.0868434 -0.000138647 0.000244622 0.000110919 -0.000138647 0.0102829 -0.0185148 -0.000141536 0.000244622 -0.0185148 0.0898639 
0.00920163 -0.0172461 7.69476e-05 -9.75163e-05 -0.0172461 0.0866429 -9.5281e-05 0.000168322 7.69476e-05 -9.5281e-05 0.0102472 -0.018468 -9.75163e-05 0.000168322 -0.018468 0.0896469 
0.00917024 -0.0172486 6.58026e-05 -5.35302e-05 -0.0172486 0.0865108 -5.44028e-05 6.34053e-05 6.58026e-05 -5.44028e-05 0.010235 -0.018375 -5.35302e-05 6.34053e-05 -0.018375 0.0892914 
0.00913382 -0.0172715 9.61105e-05 -4.61569e-05 -0.0172715 0.0866923 -4.89089e-05 1.70982e-05 9.61105e-05 -4.89089e-05 0.0103056 -0.0184198 -4.61569e-05 1.70982e-05 -0.0184198 0.0893981 
0.0090855 -0.0171419 0.000103315 -8.03143e-05 -0.0171419 0.0862638 -8.2779e-05 5.41429e-05 0.000103315 -8.2779e-05 0.0102813 -0.0184152 -8.03143e-05 5.41429e-05 -0.0184152 0.089141 
0.00910505 -0.017191 0.000107412 -9.71917e-05 -0.017191 0.0865275 -9.43558e-05 0.000105146 0.000107412 -9.43558e-05 0.0103309 -0.018516 -9.71917e-05 0.000105146 -0.018516 0.0896062 
0.00907652 -0.0171755 0.000101493 -0.000105497 -0.0171755 0.0864924 -9.76539e-05 0.000134964 0.000101493 -9.76539e-05 0.0103384 -0.0185285 -0.000105497 0.000134964 -0.0185285 0.0896729 
0.00905899 -0.0171688 7.35557e-05 -9.48437e-05 -0.0171688 0.0866085 -8.48112e-05 0.000118212 7.35557e-05 -8.48112e-05 0.0103778 -0.0185939 -9.48437e-05 0.000118212 -0.0185939 0.0899711 
0.00902724 -0.0170188 8.77377e-05 -6.05873e-05 -0.0170188 0.0859828 -5.19083e-05 5.99257e-05 8.77377e-05 -5.19083e-05 0.0102943 -0.0184935 -6.05873e-05 5.99257e-05 -0.0184935 0.0894745 
0.00912262 -0.0171289 7.26703e-05 -6.24502e-05 -0.0171289 0.0864258 -6.8999e-05 3.39673e-05 7.26703e-05 -6.8999e-05 0.0103245 -0.0185751 -6.24502e-05 3.39673e-05 -0.0185751 0.0899709 
0.00914049 -0.0170969 3.08727e-05 -4.4278e-05 -0.0170969 0.0860297 -6.30051e-05 2.43053e-05 3.08727e-05 -6.30051e-05 0.0102142 -0.018406 -4.4278e-05 2.43053e-05 -0.018406 0.0892995 
0.00918847 -0.0171883 1.60994e-05 -1.36923e-08 -0.0171883 0.0862447 -2.03261e-05 -4.01922e-05 1.60994e-05 -2.03261e-05 0.0102 -0.0183616 -1.36923e-08 -4.01922e-05 -0.0183616 0.0892012 
0.00920149 -0.0172901 1.17269e-05 9.58342e-06 -0.0172901 0.0866217 -8.7006e-06 -8.12224e-05 1.17269e-05 -8.7006e-06 0.0102273 -0.0183712 9.58342e-06 -8.12224e-05 -0.0183712 0.0892842 
0.0091954 -0.0172915 8.12862e-06 1.2729e-05 -0.0172915 0.0867107 -3.94691e-06 -9.48613e-05 8.12862e-06 -3.94691e-06 0.0102377 -0.0183707 1.2729e-05 -9.48613e-05 -0.0183707 0.0892302 
0.00919786 -0.0172881 2.66191e-05 3.05346e-05 -0.0172881 0.0867636 1.36562e-05 -0.000140676 2.66191e-05 1.36562e-05 0.0102644 -0.0184099 3.05346e-05 -0.000140676 -0.0184099 0.0893396 
0.00923413 -0.0173189 2.30685e-05 -2.61096e-07 -0.0173189 0.0869292 -1.40572e-05 -0.000107557 2.30685e-05 -1.40572e-05 0.0102932 -0.0184762 -2.61096e-07 -0.000107557 -0.0184762 0.0896003 
0.0092645 -0.017341 -6.96985e-07 -5.84787e-06 -0.017341 0.0869381 -6.41366e-06 -8.41669e-05 -6.96985e-07 -6.41366e-06 0.0102931 -0.0184701 -5.84787e-06 -8.41669e-05 -0.0184701 0.0895824 
0.00926168 -0.0174054 4.39308e-06 7.01994e-06 -0.0174054 0.0871302 1.82051e-05 -9.65275e-05 4.39308e-06 1.82051e-05 0.0103469 -0.0184964 7.01994e-06 -9.65275e-05 -0.0184964 0.0896955 
0.00916165 -0.0172985 5.08843e-05 -3.08924e-07 -0.0172985 0.0867031 1.40981e-05 -9.97027e-05 5.08843e-05 1.40981e-05 0.0103423 -0.0184648 -3.08924e-07 -9.97027e-05 -0.0184648 0.0893592 
0.00911122 -0.017243 5.19721e-05 -4.89727e-05 -0.017243 0.0866426 -3.64419e-05 -2.90944e-05 5.19721e-05 -3.64419e-05 0.0103728 -0.0185306 -4.89727e-05 -2.90944e-05 -0.0185306 0.0895473 
0.00908197 -0.017226 8.20334e-05 -6.01239e-05 -0.017226 0.0867517 -4.63939e-05 3.65835e-05 8.20334e-05 -4.63939e-05 0.0104433 -0.0186264 -6.01239e-05 3.65835e-05 -0.0186264 0.0899613 
0.00902656 -0.0171538 9.31287e-05 -8.11245e-05 -0.0171538 0.0865974 -6.93888e-05 7.03946e-05 9.31287e-05 -6.93888e-05 0.0105023 -0.0186914 -8.11245e-05 7.03946e-05 -0.0186914 0.0901606 
0.00895962 -0.0169593 0.000103989 -9.62472e-05 -0.0169593 0.0858022 -8.50996e-05 0.000114607 0.000103989 -8.50996e-05 0.0104642 -0.0186329 -9.62472e-05 0.000114607 -0.0186329 0.0897215 
0.00898402 -0.0169932 0.000111256 -0.000112139 -0.0169932 0.0858794 -9.97058e-05 0.000153051 0.000111256 -9.97058e-05 0.0104871 -0.0186837 -0.000112139 0.000153051 -0.0186837 0.0899462 
0.00900128 -0.0170145 0.000132134 -0.00011341 -0.0170145 0.0859354 -0.000100181 0.000159145 0.000132134 -0.000100181 0.0104823 -0.0187055 -0.00011341 0.000159145 -0.0187055 0.0900473 
0.00903803 -0.0169956 0.000131845 -0.000128733 -0.0169956 0.0858211 -0.000121806 0.000177461 0.000131845 -0.000121806 0.0104188 -0.0186792 -0.000128733 0.000177461 -0.0186792 0.08996 
