0.00662917 0 -0.000354648 0 0 0.00994013 0 0 -0.000354648 0 0.00762817 0 0 0 0 0.00994013 
0.00936947 -0.0116501 -0.000471725 0.000573453 -0.0116501 0.0314679 0.000573453 -0.00109911 -0.000471725 0.000573453 0.0108365 -0.0134319 0.000573453 -0.00109911 -0.0134319 0.0348838 
0.00949543 -0.0178687 -0.000413212 0.000592993 -0.0178687 0.0663132 0.000592993 -0.00183544 -0.000413212 0.000592993 0.0107531 -0.0198407 0.000592993 -0.00183544 -0.0198407 0.072451 
0.00897804 -0.0176024 -0.00041054 0.000381833 -0.0176024 0.079568 0.000381242 -0.00108563 -0.00041054 0.000381242 0.00999756 -0.0189107 0.000381833 -0.00108563 -0.0189107 0.0838883 
0.00898736 -0.0171442 -0.000475445 0.000417093 -0.0171442 0.0833762 0.000417294 -0.000850786 -0.000475445 0.000417294 0.01001 -0.0182539 0.000417093 -0.000850786 -0.0182539 0.0867706 
0.00914084 -0.0171145 -0.00052756 0.000527249 -0.0171145 0.0848607 0.000527799 -0.00107312 -0.00052756 0.000527799 0.0102023 -0.0182966 0.000527249 -0.00107312 -0.0182966 0.0882002 
0.0093113 -0.0173521 -0.000545946 0.000587471 -0.0173521 0.0863032 0.000584656 -0.00128038 -0.000545946 0.000584656 0.0103829 -0.0185617 0.000587471 -0.00128038 -0.0185617 0.0895951 
0.00929393 -0.0173067 -0.00054208 0.00059287 -0.0173067 0.0861752 0.00059008 -0.00135147 -0.00054208 0.00059008 0.0103572 -0.018515 0.00059287 -0.00135147 -0.018515 0.0893705 
0.00936857 -0.0174526 -0.000532557 0.000595159 -0.0174526 0.0869739 0.000591923 -0.00137436 -0.000532557 0.000591923 0.0104674 -0.0186813 0.000595159 -0.00137436 -0.0186813 0.0901644 
0.00931002 -0.0173754 -0.000513404 0.000579621 -0.0173754 0.0866279 0.000574147 -0.00134659 -0.000513404 0.000574147 0.0104439 -0.0186291 0.000579621 -0.00134659 -0.0186291 0.0898327 
0.00928507 -0.0173675 -0.000496072 0.000558812 -0.0173675 0.0866476 0.000551223 -0.00129562 -0.000496072 0.000551223 0.0104736 -0.0186615 0.000558812 -0.00129562 -0.0186615 0.0899247 
0.00928269 -0.017324 -0.000472582 0.000532075 -0.017324 0.0865831 0.000522574 -0.00122214 -0.000472582 0.000522574 0.0104932 -0.0187331 0.000532075 -0.00122214 -0.0187331 0.090139 
0.00923063 -0.0172481 -0.00047348 0.000501576 -0.0172481 0.0861698 0.000494118 -0.00114765 -0.00047348 0.000494118 0.0104486 -0.0186723 0.000501576 -0.00114765 -0.0186723 0.0898658 
0.00926877 -0.0173102 -0.00050033 0.000504824 -0.0173102 0.0865044 0.000500115 -0.00112419 -0.00050033 0.000500115 0.0104943 -0.0187466 0.000504824 -0.00112419 -0.0187466 0.0902627 
0.00923941 -0.0172556 -0.000498644 0.00052552 -0.0172556 0.0861825 0.000525779 -0.00114757 -0.000498644 0.000525779 0.0104425 -0.0186521 0.00052552 -0.00114757 -0.0186521 0.0898356 
0.00926286 -0.0173549 -0.000490708 0.000529689 -0.0173549 0.0866916 0.000536555 -0.00118629 -0.000490708 0.000536555 0.0104999 -0.0187719 0.000529689 -0.00118629 -0.0187719 0.0903892 
0.00925275 -0.0173177 -0.000471869 0.000516843 -0.0173177 0.0866297 0.000526541 -0.00117847 -0.000471869 0.000526541 0.0104724 -0.0187666 0.000516843 -0.00117847 -0.0187666 0.0903852 
0.0092213 -0.017235 -0.000450281 0.000488647 -0.017235 0.0862202 0.000497351 -0.00112232 -0.000450281 0.000497351 0.0103872 -0.0186495 0.000488647 -0.00112232 -0.0186495 0.0899325 
0.00926144 -0.0173357 -0.000450452 0.000470937 -0.0173357 0.0866509 0.000475114 -0.00107091 -0.000450452 0.000475114 0.0103929 -0.0186685 0.000470937 -0.00107091 -0.0186685 0.0901868 
0.00929637 -0.017384 -0.000459809 0.000487637 -0.017384 0.0869075 0.000488027 -0.00109225 -0.000459809 0.000488027 0.0103832 -0.018653 0.000487637 -0.00109225 -0.018653 0.090233 
0.00931804 -0.0174238 -0.00048098 0.000489472 -0.0174238 0.0870817 0.000485337 -0.00108937 -0.00048098 0.000485337 0.010381 -0.0186353 0.000489472 -0.00108937 -0.0186353 0.0902265 
0.00925962 -0.0172747 -0.000483415 0.000507825 -0.0172747 0.0863643 0.000505001 -0.0011116 -0.000483415 0.000505001 0.0103281 -0.0184857 0.000507825 -0.0011116 -0.0184857 0.0894737 
0.00922337 -0.017275 -0.000495027 0.000503757 -0.017275 0.0862987 0.000505723 -0.0011159 -0.000495027 0.000505723 0.0103257 -0.0185104 0.000503757 -0.0011159 -0.0185104 0.0894645 
0.00922983 -0.0173046 -0.000467279 0.000518168 -0.0173046 0.0865869 0.00052177 -0.0011345 -0.000467279 0.00052177 0.0103938 -0.0186128 0.000518168 -0.0011345 -0.0186128 0.0899345 
0.00924204 -0.0172996 -0.000459917 0.000491827 -0.0172996 0.0867012 0.000494792 -0.00111172 -0.000459917 0.000494792 0.0104438 -0.0187189 0.000491827 -0.00111172 -0.0187189 0.0903502 
0.00924562 -0.0172339 -0.000466712 0.000483211 -0.0172339 0.0863686 0.000484362 -0.00108157 -0.000466712 0.000484362 0.0103964 -0.0186863 0.000483211 -0.00108157 -0.0186863 0.0901828 
0.00928822 -0.0173096 -0.000457954 0.000499764 -0.0173096 0.0865672 0.000504579 -0.0011128 -0.000457954 0.000504579 0.010394 -0.0186881 0.000499764 -0.0011128 -0.0186881 0.0903066 
0.00929572 -0.0173529 -0.000496792 0.00049647 -0.0173529 0.0866709 0.000506969 -0.00114438 -0.000496792 0.000506969 0.0103689 -0.0186458 0.00049647 -0.00114438 -0.0186458 0.0901884 
0.00929206 -0.017396 -0.00050421 0.000534747 -0.017396 0.0868764 0.00054084 -0.00119324 -0.00050421 0.00054084 0.0103838 -0.0186295 0.000534747 -0.00119324 -0.0186295 0.0901773 
0.00927766 -0.0173671 -0.000487958 0.00055278 -0.0173671 0.0868292 0.000553074 -0.00125344 -0.000487958 0.000553074 0.010396 -0.0186193 0.00055278 -0.00125344 -0.0186193 0.0900665 
0.00927316 -0.0173725 -0.000470245 0.000529025 -0.0173725 0.0868762 0.000524094 -0.00122621 -0.000470245 0.000524094 0.0103823 -0.0186475 0.000529025 -0.00122621 -0.0186475 0.0901268 
0.00928605 -0.0172686 -0.000490854 0.00050963 -0.0172686 0.0864117 0.000501214 -0.00117518 -0.000490854 0.000501214 0.010263 -0.0185385 0.00050963 -0.00117518 -0.0185385 0.0896718 
0.00930527 -0.017316 -0.000497218 0.00053062 -0.017316 0.0864058 0.000519738 -0.00117753 -0.000497218 0.000519738 0.0102217 -0.0184401 0.00053062 -0.00117753 -0.0184401 0.08946 
0.00931615 -0.0173664 -0.000480886 0.00053338 -0.0173664 0.0865914 0.000524855 -0.00118609 -0.000480886 0.000524855 0.0102369 -0.0184211 0.00053338 -0.00118609 -0.0184211 0.0894274 
0.00936102 -0.0174687 -0.000478117 0.000515453 -0.0174687 0.087147 0.000512213 -0.00116796 -0.000478117 0.000512213 0.0103153 -0.0185425 0.000515453 -0.00116796 -0.0185425 0.0899527 
0.00931218 -0.017384 -0.000484208 0.000515943 -0.017384 0.086781 0.000516153 -0.001168 -0.000484208 0.000516153 0.0102972 -0.0184886 0.000515943 -0.001168 -0.0184886 0.089629 
0.00930943 -0.0174184 -0.000469758 0.000529206 -0.0174184 0.0869583 0.00052491 -0.00118848 -0.000469758 0.00052491 0.0103276 -0.0185378 0.000529206 -0.00118848 -0.0185378 0.0898221 
0.00928679 -0.017306 -0.000486255 0.000512718 -0.017306 0.0865053 0.00050192 -0.00116912 -0.000486255 0.00050192 0.0102866 -0.0184744 0.000512718 -0.00116912 -0.0184744 0.0894572 
0.00935438 -0.0173737 -0.000532119 0.000529972 -0.0173737 0.08671 0.000518718 -0.00117772 -0.000532119 0.000518718 0.010274 -0.0185057 0.000529972 -0.00117772 -0.0185057 0.0896239 
0.00940794 -0.0175251 -0.000574595 0.000580416 -0.0175251 0.0872617 0.000575839 -0.001268 -0.000574595 0.000575839 0.0103184 -0.0185492 0.000580416 -0.001268 -0.0185492 0.0899693 
0.00937641 -0.0174892 -0.000601363 0.000624347 -0.0174892 0.0871461 0.000623709 -0.00137445 -0.000601363 0.000623709 0.0103442 -0.0185344 0.000624347 -0.00137445 -0.0185344 0.0898259 
0.00938485 -0.017493 -0.000598642 0.000647555 -0.017493 0.0871917 0.000642475 -0.00142963 -0.000598642 0.000642475 0.0103319 -0.0185806 0.000647555 -0.00142963 -0.0185806 0.0899077 
0.00940046 -0.0175304 -0.000585702 0.00064195 -0.0175304 0.0873477 0.000635826 -0.00143482 -0.000585702 0.000635826 0.0102978 -0.0185945 0.00064195 -0.00143482 -0.0185945 0.0900645 
0.00938846 -0.0174498 -0.000559685 0.000626459 -0.0174498 0.0869642 0.000622323 -0.00141383 -0.000559685 0.000622323 0.0101997 -0.018454 0.000626459 -0.00141383 -0.018454 0.089578 
0.00936925 -0.0174674 -0.000546046 0.000601385 -0.0174674 0.0869444 0.000597519 -0.00137223 -0.000546046 0.000597519 0.0101934 -0.01837 0.000601385 -0.00137223 -0.01837 0.0893556 
0.009332 -0.0174596 -0.000519644 0.000581702 -0.0174596 0.0869617 0.000580799 -0.00132314 -0.000519644 0.000580799 0.0102068 -0.0183484 0.000581702 -0.00132314 -0.0183484 0.0892171 
0.00931929 -0.017427 -0.000486371 0.000547444 -0.017427 0.0870103 0.000552776 -0.00125751 -0.000486371 0.000552776 0.0102409 -0.0184249 0.000547444 -0.00125751 -0.0184249 0.0894434 
0.00936256 -0.0174454 -0.000472171 0.000507209 -0.0174454 0.0871856 0.000517478 -0.00117501 -0.000472171 0.000517478 0.0102989 -0.0185112 0.000507209 -0.00117501 -0.0185112 0.089829 
0.0093479 -0.0173832 -0.000462203 0.000487087 -0.0173832 0.0868023 0.000497398 -0.001105 -0.000462203 0.000497398 0.0102627 -0.018479 0.000487087 -0.001105 -0.018479 0.0896003 
0.00931201 -0.0173849 -0.000455003 0.000473175 -0.0173849 0.0866549 0.00048113 -0.001055 -0.000455003 0.00048113 0.0102428 -0.0184078 0.000473175 -0.001055 -0.0184078 0.0893342 
0.00934719 -0.0174429 -0.000498187 0.000474995 -0.0174429 0.0870242 0.000483397 -0.00105331 -0.000498187 0.000483397 0.0102692 -0.0184889 0.000474995 -0.00105331 -0.0184889 0.0896756 
0.00934567 -0.0173956 -0.000518182 0.000537396 -0.0173956 0.0868193 0.000546225 -0.00116498 -0.000518182 0.000546225 0.0102516 -0.0184468 0.000537396 -0.00116498 -0.0184468 0.0894997 
0.00932892 -0.0173484 -0.000528127 0.000574068 -0.0173484 0.0865006 0.000577405 -0.00128895 -0.000528127 0.000577405 0.0102254 -0.0183822 0.000574068 -0.00128895 -0.0183822 0.0891692 
0.00932428 -0.0173802 -0.000556817 0.000589316 -0.0173802 0.0865728 0.000587741 -0.0013563 -0.000556817 0.000587741 0.0102241 -0.0183931 0.000589316 -0.0013563 -0.0183931 0.0891894 
0.00929792 -0.0173998 -0.000596723 0.000625574 -0.0173998 0.0867154 0.000619822 -0.00142914 -0.000596723 0.000619822 0.0102721 -0.0184205 0.000625574 -0.00142914 -0.0184205 0.0893251 
0.00930122 -0.0173825 -0.000605647 0.000666614 -0.0173825 0.0867956 0.000657601 -0.00150966 -0.000605647 0.000657601 0.010318 -0.018494 0.000666614 -0.00150966 -0.018494 0.0895409 
0.00932894 -0.0173941 -0.000561203 0.000666545 -0.0173941 0.0868925 0.0006553 -0.00152667 -0.000561203 0.0006553 0.0103622 -0.0185832 0.000666545 -0.00152667 -0.0185832 0.0898658 
0.00932865 -0.0174029 -0.000551716 0.000605621 -0.0174029 0.086855 0.000597981 -0.00142855 -0.000551716 0.000597981 0.0103663 -0.0185976 0.000605621 -0.00142855 -0.0185976 0.0899166 
0.00934783 -0.0174746 -0.000534233 0.000587734 -0.0174746 0.0872025 0.000581304 -0.00134169 -0.000534233 0.000581304 0.0104017 -0.0186836 0.000587734 -0.00134169 -0.0186836 0.0903241 
0.00930619 -0.0174144 -0.000513817 0.000571189 -0.0174144 0.0869599 0.000566971 -0.0012953 -0.000513817 0.000566971 0.0103874 -0.0186186 0.000571189 -0.0012953 -0.0186186 0.0900685 
0.00934338 -0.0174018 -0.00049539 0.000546481 -0.0174018 0.0869809 0.000547671 -0.00124633 -0.00049539 0.000547671 0.0103937 -0.0186617 0.000546481 -0.00124633 -0.0186617 0.0901928 
0.00937748 -0.0174635 -0.000498097 0.000511365 -0.0174635 0.0871503 0.000517194 -0.00116179 -0.000498097 0.000517194 0.0103876 -0.0186932 0.000511365 -0.00116179 -0.0186932 0.0903805 
0.00937928 -0.0174509 -0.000528995 0.000506787 -0.0174509 0.0870399 0.000514038 -0.00111121 -0.000528995 0.000514038 0.0103318 -0.0186385 0.000506787 -0.00111121 -0.0186385 0.0902122 
0.00936861 -0.0174869 -0.000547472 0.000546764 -0.0174869 0.08713 0.000552819 -0.0011577 -0.000547472 0.000552819 0.0103186 -0.0185732 0.000546764 -0.0011577 -0.0185732 0.0900733 
0.00928607 -0.0173928 -0.000532951 0.000574806 -0.0173928 0.0867556 0.000572885 -0.00122485 -0.000532951 0.000572885 0.0103096 -0.0184819 0.000574806 -0.00122485 -0.0184819 0.0896102 
0.00928942 -0.0173416 -0.000551523 0.000572258 -0.0173416 0.0867008 0.000561582 -0.00125203 -0.000551523 0.000561582 0.01033 -0.0185504 0.000572258 -0.00125203 -0.0185504 0.0897576 
0.00932415 -0.0173694 -0.000582674 0.000595819 -0.0173694 0.0868274 0.000584555 -0.00129007 -0.000582674 0.000584555 0.0103356 -0.0186246 0.000595819 -0.00129007 -0.0186246 0.0900927 
0.00933387 -0.0173407 -0.000592743 0.000626401 -0.0173407 0.086606 0.000618997 -0.00135705 -0.000592743 0.000618997 0.0102884 -0.0185516 0.000626401 -0.00135705 -0.0185516 0.0898642 
0.00935166 -0.0173653 -0.000611569 0.000637056 -0.0173653 0.0865613 0.000634958 -0.00140842 -0.000611569 0.000634958 0.0102622 -0.0184743 0.000637056 -0.00140842 -0.0184743 0.0896001 
0.00938946 -0.0174216 -0.000650661 0.000667066 -0.0174216 0.0867404 0.000665648 -0.00148125 -0.000650661 0.000665648 0.0102702 -0.0184704 0.000667066 -0.00148125 -0.0184704 0.0895736 
0.00944674 -0.0175082 -0.000706868 0.000708072 -0.0175082 0.0870704 0.00070707 -0.00156685 -0.000706868 0.00070707 0.010263 -0.0185097 0.000708072 -0.00156685 -0.0185097 0.0897365 
0.00944078 -0.0175883 -0.000729444 0.000767732 -0.0175883 0.087356 0.000766222 -0.0016823 -0.000729444 0.000766222 0.0102792 -0.0185009 0.000767732 -0.0016823 -0.0185009 0.0898109 
0.00941691 -0.0175441 -0.000753742 0.000795768 -0.0175441 0.0872921 0.000789397 -0.0017705 -0.000753742 0.000789397 0.0102657 -0.0184871 0.000795768 -0.0017705 -0.0184871 0.0897073 
0.00944172 -0.017532 -0.000732373 0.000821801 -0.017532 0.0873184 0.000811588 -0.00182806 -0.000732373 0.000811588 0.0102777 -0.0185129 0.000821801 -0.00182806 -0.0185129 0.0898267 
0.00944967 -0.0175279 -0.000683801 0.000794096 -0.0175279 0.0872351 0.000784609 -0.00181037 -0.000683801 0.000784609 0.0102721 -0.0185168 0.000794096 -0.00181037 -0.0185168 0.0898319 
0.00943827 -0.0175625 -0.000643001 0.00072142 -0.0175625 0.087305 0.000720086 -0.00167597 -0.000643001 0.000720086 0.0102593 -0.0185049 0.00072142 -0.00167597 -0.0185049 0.0898209 
0.00946944 -0.0175829 -0.000611966 0.000678406 -0.0175829 0.0874683 0.000685063 -0.00156319 -0.000611966 0.000685063 0.0102576 -0.0185148 0.000678406 -0.00156319 -0.0185148 0.0899125 
0.00940816 -0.0175071 -0.000579497 0.000635033 -0.0175071 0.087061 0.000641138 -0.00144902 -0.000579497 0.000641138 0.0102087 -0.0184213 0.000635033 -0.00144902 -0.0184213 0.0894903 
0.00937753 -0.0174965 -0.000584848 0.000599533 -0.0174965 0.087083 0.000603481 -0.00134889 -0.000584848 0.000603481 0.0102251 -0.0184309 0.000599533 -0.00134889 -0.0184309 0.0895353 
0.0093537 -0.0175265 -0.000570002 0.000607348 -0.0175265 0.087359 0.000606961 -0.00131517 -0.000570002 0.000606961 0.0103097 -0.0185077 0.000607348 -0.00131517 -0.0185077 0.0898829 
0.00930875 -0.0174099 -0.000561495 0.000604345 -0.0174099 0.0870137 0.00060472 -0.00132719 -0.000561495 0.00060472 0.0103114 -0.0185271 0.000604345 -0.00132719 -0.0185271 0.0897859 
0.00933282 -0.0174013 -0.000540786 0.000596556 -0.0174013 0.0869854 0.0006015 -0.00133005 -0.000540786 0.0006015 0.010301 -0.0185627 0.000596556 -0.00133005 -0.0185627 0.0899225 
0.00936357 -0.0174503 -0.000529724 0.000569439 -0.0174503 0.0871435 0.000579472 -0.00129504 -0.000529724 0.000579472 0.0103125 -0.0185865 0.000569439 -0.00129504 -0.0185865 0.090117 
0.00929075 -0.0173328 -0.000496771 0.000548996 -0.0173328 0.0864946 0.000559229 -0.00124179 -0.000496771 0.000559229 0.0102313 -0.0184204 0.000548996 -0.00124179 -0.0184204 0.0893602 
0.00928711 -0.0173771 -0.00046136 0.000509319 -0.0173771 0.0867401 0.000521209 -0.00116032 -0.00046136 0.000521209 0.0102753 -0.0184755 0.000509319 -0.00116032 -0.0184755 0.0895966 
0.0092921 -0.0174182 -0.000446028 0.000471826 -0.0174182 0.0870317 0.000483762 -0.00107401 -0.000446028 0.000483762 0.0103063 -0.0185378 0.000471826 -0.00107401 -0.0185378 0.0898794 
0.00929147 -0.0173336 -0.00044881 0.000458429 -0.0173336 0.0867664 0.000468093 -0.00102314 -0.00044881 0.000468093 0.0102588 -0.0185206 0.000458429 -0.00102314 -0.0185206 0.0897683 
0.00933251 -0.0174161 -0.000435902 0.000463964 -0.0174161 0.0870583 0.000472443 -0.00101589 -0.000435902 0.000472443 0.0102962 -0.0185424 0.000463964 -0.00101589 -0.0185424 0.0900281 
0.00932468 -0.0173836 -0.000469722 0.000451415 -0.0173836 0.0868638 0.000458186 -0.00100147 -0.000469722 0.000458186 0.0102568 -0.0184939 0.000451415 -0.00100147 -0.0184939 0.0897621 
0.00931447 -0.0173574 -0.000513463 0.000499718 -0.0173574 0.0866691 0.000498046 -0.0010633 -0.000513463 0.000498046 0.0101975 -0.0184223 0.000499718 -0.0010633 -0.0184223 0.0894669 
0.00937847 -0.0174638 -0.000551051 0.000569657 -0.0174638 0.0871296 0.00055985 -0.00121008 -0.000551051 0.00055985 0.0102094 -0.0184592 0.000569657 -0.00121008 -0.0184592 0.0897566 
0.00935481 -0.0174516 -0.000545524 0.000596553 -0.0174516 0.0869842 0.000586771 -0.00129513 -0.000545524 0.000586771 0.0101692 -0.0183568 0.000596553 -0.00129513 -0.0183568 0.0893634 
0.00931326 -0.017386 -0.000520928 0.000572973 -0.017386 0.0866943 0.000566872 -0.00127385 -0.000520928 0.000566872 0.0101221 -0.0182729 0.000572973 -0.00127385 -0.0182729 0.0889449 
0.00930449 -0.0173463 -0.00047491 0.000550622 -0.0173463 0.0866034 0.000546347 -0.00123056 -0.00047491 0.000546347 0.010129 -0.0182942 0.000550622 -0.00123056 -0.0182942 0.088994 
0.00939239 -0.0174628 -0.00049178 0.000509255 -0.0174628 0.0871859 0.000504219 -0.00116221 -0.00049178 0.000504219 0.0102023 -0.0184385 0.000509255 -0.00116221 -0.0184385 0.0896982 
0.00937619 -0.0174259 -0.000544712 0.000524211 -0.0174259 0.0868908 0.000517534 -0.00114469 -0.000544712 0.000517534 0.0101609 -0.0183626 0.000524211 -0.00114469 -0.0183626 0.0893672 
0.0093355 -0.0173692 -0.000563354 0.000589041 -0.0173692 0.0865785 0.00058201 -0.00124948 -0.000563354 0.00058201 0.0101221 -0.0183018 0.000589041 -0.00124948 -0.0183018 0.0890569 
0.00940182 -0.0175147 -0.000565086 0.00061769 -0.0175147 0.0872593 0.00061107 -0.00135238 -0.000565086 0.00061107 0.0101883 -0.0183959 0.00061769 -0.00135238 -0.0183959 0.0895871 
0.00933459 -0.0174044 -0.000543046 0.000611649 -0.0174044 0.0867146 0.000605866 -0.00137397 -0.000543046 0.000605866 0.0101306 -0.018257 0.000611649 -0.00137397 -0.018257 0.0888996 
0.00936884 -0.0174782 -0.000552285 0.000586838 -0.0174782 0.0871084 0.000582903 -0.00133962 -0.000552285 0.000582903 0.0101757 -0.0183507 0.000586838 -0.00133962 -0.0183507 0.0892793 
0.00930163 -0.0173509 -0.000540634 0.000582921 -0.0173509 0.0865739 0.000583797 -0.00130556 -0.000540634 0.000583797 0.0101318 -0.0182946 0.000582921 -0.00130556 -0.0182946 0.0889309 
0.00933711 -0.0173887 -0.000533852 0.000576273 -0.0173887 0.0867976 0.000579348 -0.00129771 -0.000533852 0.000579348 0.0101483 -0.0183583 0.000576273 -0.00129771 -0.0183583 0.0892712 
0.00937747 -0.0174346 -0.000559381 0.000576883 -0.0174346 0.0869935 0.000577765 -0.00130231 -0.000559381 0.000577765 0.010146 -0.0183847 0.000576883 -0.00130231 -0.0183847 0.0894876 
0.00936968 -0.0174677 -0.000574174 0.000600026 -0.0174677 0.0870698 0.000599684 -0.00132652 -0.000574174 0.000599684 0.0101375 -0.0183425 0.000600026 -0.00132652 -0.0183425 0.0894184 
0.00938834 -0.0174971 -0.000613841 0.000623299 -0.0174971 0.08726 0.000622914 -0.00138321 -0.000613841 0.000622914 0.0101648 -0.0183407 0.000623299 -0.00138321 -0.0183407 0.0894483 
0.00942323 -0.0174918 -0.000630456 0.000676416 -0.0174918 0.0872618 0.000678879 -0.00149911 -0.000630456 0.000678879 0.0101901 -0.0183715 0.000676416 -0.00149911 -0.0183715 0.0894794 
0.00934434 -0.017385 -0.000613724 0.000690442 -0.017385 0.0865924 0.000692033 -0.00156853 -0.000613724 0.000692033 0.0101253 -0.018262 0.000690442 -0.00156853 -0.018262 0.0888459 
0.00936643 -0.0174442 -0.00056596 0.000669111 -0.0174442 0.0869189 0.000667389 -0.00154903 -0.00056596 0.000667389 0.0101799 -0.0183615 0.000669111 -0.00154903 -0.0183615 0.0892673 
0.00938267 -0.0174817 -0.000567747 0.000611434 -0.0174817 0.0871485 0.000605223 -0.00143661 -0.000567747 0.000605223 0.010208 -0.0184366 0.000611434 -0.00143661 -0.0184366 0.0896043 
0.00934985 -0.0174202 -0.000555454 0.000602365 -0.0174202 0.086826 0.000589457 -0.00134387 -0.000555454 0.000589457 0.0101515 -0.018337 0.000602365 -0.00134387 -0.018337 0.0891983 
0.00939644 -0.0174894 -0.000558057 0.000599725 -0.0174894 0.0871751 0.000591241 -0.001332 -0.000558057 0.000591241 0.0101894 -0.0183924 0.000599725 -0.001332 -0.0183924 0.0894994 
0.00940865 -0.0174988 -0.000580242 0.000589523 -0.0174988 0.0871958 0.000589607 -0.00130965 -0.000580242 0.000589607 0.0101759 -0.0183897 0.000589523 -0.00130965 -0.0183897 0.0894785 
0.00934957 -0.0174126 -0.00057761 0.000603407 -0.0174126 0.0867593 0.000609531 -0.00131638 -0.00057761 0.000609531 0.01016 -0.0183004 0.000603407 -0.00131638 -0.0183004 0.0890586 
0.00938467 -0.0174853 -0.000580045 0.000606209 -0.0174853 0.0871768 0.00061838 -0.00134022 -0.000580045 0.00061838 0.0102378 -0.0184354 0.000606209 -0.00134022 -0.0184354 0.0895894 
0.00934319 -0.017456 -0.000565728 0.000609552 -0.017456 0.0870399 0.000625369 -0.00136253 -0.000565728 0.000625369 0.0102381 -0.018428 0.000609552 -0.00136253 -0.018428 0.0895115 
0.00929955 -0.017342 -0.000586349 0.000599065 -0.017342 0.0865686 0.000612254 -0.00136107 -0.000586349 0.000612254 0.0101597 -0.0183485 0.000599065 -0.00136107 -0.0183485 0.0890934 
0.00937215 -0.0174781 -0.00060708 0.000637385 -0.0174781 0.0872244 0.000642516 -0.00141835 -0.00060708 0.000642516 0.0102333 -0.0184612 0.000637385 -0.00141835 -0.0184612 0.0897591 
0.00930624 -0.0173623 -0.000604441 0.000656176 -0.0173623 0.0866919 0.000652696 -0.00146338 -0.000604441 0.000652696 0.0101787 -0.0183703 0.000656176 -0.00146338 -0.0183703 0.089292 
0.00928273 -0.0173043 -0.000631846 0.000657688 -0.0173043 0.0864366 0.000649393 -0.00147949 -0.000631846 0.000649393 0.0101454 -0.0183246 0.000657688 -0.00147949 -0.0183246 0.0890795 
0.00933326 -0.017413 -0.000635561 0.000691466 -0.017413 0.0869607 0.000681206 -0.00152678 -0.000635561 0.000681206 0.0102162 -0.0184259 0.000691466 -0.00152678 -0.0184259 0.0896124 
0.00930826 -0.0173151 -0.000623752 0.000689224 -0.0173151 0.0864716 0.000678963 -0.00154123 -0.000623752 0.000678963 0.0101364 -0.0183212 0.000689224 -0.00154123 -0.0183212 0.089075 
0.0094095 -0.0174725 -0.00063262 0.000686426 -0.0174725 0.0871104 0.000675346 -0.00154621 -0.00063262 0.000675346 0.0101761 -0.0184053 0.000686426 -0.00154621 -0.0184053 0.0895745 
0.00936211 -0.0173929 -0.00061797 0.000679613 -0.0173929 0.0865978 0.000667205 -0.00151567 -0.00061797 0.000667205 0.0101013 -0.0182537 0.000679613 -0.00151567 -0.0182537 0.0888878 
0.00937758 -0.0174395 -0.000608763 0.00066003 -0.0174395 0.086806 0.000651154 -0.00147435 -0.000608763 0.000651154 0.0100993 -0.0182847 0.00066003 -0.00147435 -0.0182847 0.0890204 
0.00935953 -0.017458 -0.000610294 0.000641015 -0.017458 0.0869424 0.000641166 -0.00143057 -0.000610294 0.000641166 0.0101175 -0.0183014 0.000641015 -0.00143057 -0.0183014 0.0891565 
0.00935698 -0.0174489 -0.000610535 0.000642526 -0.0174489 0.0870392 0.000652616 -0.00142739 -0.000610535 0.000652616 0.01014 -0.0183388 0.000642526 -0.00142739 -0.0183388 0.0893289 
0.00931777 -0.0173405 -0.000578155 0.000637477 -0.0173405 0.0865389 0.000647628 -0.00141672 -0.000578155 0.000647628 0.0100872 -0.0182352 0.000637477 -0.00141672 -0.0182352 0.0888476 
0.00932513 -0.0173849 -0.000577478 0.000608669 -0.0173849 0.0866867 0.000615834 -0.00137421 -0.000577478 0.000615834 0.0101124 -0.0182474 0.000608669 -0.00137421 -0.0182474 0.0889317 
0.00936641 -0.0174363 -0.000604234 0.000608754 -0.0174363 0.0869885 0.0006094 -0.00134159 -0.000604234 0.0006094 0.0101365 -0.0183289 0.000608754 -0.00134159 -0.0183289 0.0892567 
0.00935919 -0.0174098 -0.000625615 0.000648415 -0.0174098 0.0868177 0.00064572 -0.00139965 -0.000625615 0.00064572 0.0101005 -0.018288 0.000648415 -0.00139965 -0.018288 0.0890921 
0.00936935 -0.0174225 -0.000636967 0.000678264 -0.0174225 0.0868571 0.000672936 -0.00147872 -0.000636967 0.000672936 0.0100984 -0.0182886 0.000678264 -0.00147872 -0.0182886 0.0891328 
0.0093571 -0.0174118 -0.00063941 0.000687169 -0.0174118 0.0867949 0.00068247 -0.00152055 -0.00063941 0.00068247 0.0100797 -0.0182807 0.000687169 -0.00152055 -0.0182807 0.0891019 
0.00938111 -0.0174667 -0.000646902 0.000691924 -0.0174667 0.0871085 0.00069019 -0.00154693 -0.000646902 0.00069019 0.0101105 -0.018346 0.000691924 -0.00154693 -0.018346 0.0894665 
0.00939617 -0.0174166 -0.000659985 0.000694563 -0.0174166 0.0869166 0.000699991 -0.00156144 -0.000659985 0.000699991 0.0100781 -0.0183136 0.000694563 -0.00156144 -0.0183136 0.0893326 
0.00941678 -0.0174515 -0.000651226 0.00070855 -0.0174515 0.0869413 0.000716983 -0.00158993 -0.000651226 0.000716983 0.0100816 -0.0182918 0.00070855 -0.00158993 -0.0182918 0.0893004 
0.00941321 -0.0174212 -0.000637563 0.000698411 -0.0174212 0.0866649 0.000705819 -0.0015882 -0.000637563 0.000705819 0.0100294 -0.0181866 0.000698411 -0.0015882 -0.0181866 0.0887987 
0.00944822 -0.0175318 -0.000612765 0.000684735 -0.0175318 0.0870999 0.000690249 -0.00156023 -0.000612765 0.000690249 0.0100731 -0.0182462 0.000684735 -0.00156023 -0.0182462 0.0890758 
0.00948643 -0.0175608 -0.000632119 0.000654001 -0.0175608 0.08727 0.000654551 -0.00149197 -0.000632119 0.000654551 0.0100689 -0.0182675 0.000654001 -0.00149197 -0.0182675 0.0891446 
0.00951025 -0.0176386 -0.000689883 0.000670517 -0.0176386 0.0875665 0.000666975 -0.00146936 -0.000689883 0.000666975 0.0100669 -0.0182973 0.000670517 -0.00146936 -0.0182973 0.0893459 
0.00949873 -0.0176324 -0.000731576 0.000735463 -0.0176324 0.087572 0.00073105 -0.00156134 -0.000731576 0.00073105 0.0100451 -0.0182559 0.000735463 -0.00156134 -0.0182559 0.0892431 
0.00949247 -0.0176291 -0.000731996 0.000796133 -0.0176291 0.0876221 0.000788497 -0.00170908 -0.000731996 0.000788497 0.0100536 -0.0182538 0.000796133 -0.00170908 -0.0182538 0.0892667 
0.00946171 -0.0176155 -0.000737127 0.000802056 -0.0176155 0.0875806 0.000790231 -0.00178032 -0.000737127 0.000790231 0.0100781 -0.0182338 0.000802056 -0.00178032 -0.0182338 0.0891817 
0.00936736 -0.01743 -0.000746863 0.000801463 -0.01743 0.0867862 0.000785662 -0.00178476 -0.000746863 0.000785662 0.0100197 -0.0181266 0.000801463 -0.00178476 -0.0181266 0.0885079 
0.00939426 -0.0174195 -0.000756275 0.000820212 -0.0174195 0.0867726 0.000801496 -0.00181502 -0.000756275 0.000801496 0.0100255 -0.0181722 0.000820212 -0.00181502 -0.0181722 0.0886554 
0.0094777 -0.0175572 -0.000771346 0.000837693 -0.0175572 0.0873436 0.000825249 -0.00187061 -0.000771346 0.000825249 0.0100944 -0.0182916 0.000837693 -0.00187061 -0.0182916 0.0892737 
0.00950331 -0.0175628 -0.000759419 0.000838808 -0.0175628 0.0873277 0.000831888 -0.00188209 -0.000759419 0.000831888 0.0100914 -0.018318 0.000838808 -0.00188209 -0.018318 0.0893449 
0.00946688 -0.0174729 -0.000732577 0.000805186 -0.0174729 0.0867711 0.000799361 -0.00181339 -0.000732577 0.000799361 0.00998427 -0.0181985 0.000805186 -0.00181339 -0.0181985 0.088792 
0.00952562 -0.0175938 -0.000724511 0.000775072 -0.0175938 0.0872464 0.000770899 -0.00173342 -0.000724511 0.000770899 0.00997713 -0.0182179 0.000775072 -0.00173342 -0.0182179 0.089088 
0.00956515 -0.0176924 -0.000724647 0.000766145 -0.0176924 0.0876778 0.000765584 -0.00169046 -0.000724647 0.000765584 0.0100052 -0.0182026 0.000766145 -0.00169046 -0.0182026 0.0892117 
0.00945983 -0.0175496 -0.000721175 0.000761941 -0.0175496 0.087004 0.000764128 -0.00167297 -0.000721175 0.000764128 0.00994079 -0.0180418 0.000761941 -0.00167297 -0.0180418 0.0883733 
