0.00672184 0 -0.000733108 0 0 0.00994908 0 0 -0.000733108 0 0.00743013 0 0 0 0 0.00994908 
0.00963036 -0.0119643 -0.00100343 0.00122077 -0.0119643 0.0320939 0.00122077 -0.00234085 -0.00100343 0.00122077 0.0104643 -0.0129802 0.00122077 -0.00234085 -0.0129802 0.0340431 
0.00973754 -0.0182258 -0.000870228 0.00130669 -0.0182258 0.0674118 0.00130669 -0.00406444 -0.000870228 0.00130669 0.0103236 -0.0191877 0.00130669 -0.00406444 -0.0191877 0.0703968 
0.00913304 -0.0179018 -0.000770604 0.000837619 -0.0179018 0.0806739 0.000825495 -0.00252723 -0.000770604 0.000825495 0.00961945 -0.018358 0.000837619 -0.00252723 -0.018358 0.0819044 
0.00910602 -0.0173496 -0.000822799 0.000804735 -0.0173496 0.0845045 0.00078813 -0.00188234 -0.000822799 0.00078813 0.00964877 -0.0177283 0.000804735 -0.00188234 -0.0177283 0.0846764 
0.00924836 -0.0173829 -0.000875079 0.000925457 -0.0173829 0.0863632 0.000912569 -0.00205866 -0.000875079 0.000912569 0.00996323 -0.0178943 0.000925457 -0.00205866 -0.0178943 0.0866661 
0.00934767 -0.0173927 -0.000878593 0.000995436 -0.0173927 0.0868146 0.000980973 -0.00230054 -0.000878593 0.000980973 0.0100873 -0.0181259 0.000995436 -0.00230054 -0.0181259 0.0877419 
0.00942619 -0.0174463 -0.000852724 0.000988422 -0.0174463 0.0869716 0.000974298 -0.00236333 -0.000852724 0.000974298 0.010114 -0.0182163 0.000988422 -0.00236333 -0.0182163 0.0883082 
0.00947189 -0.0175634 -0.00081426 0.000953473 -0.0175634 0.0872929 0.000941816 -0.00231278 -0.00081426 0.000941816 0.0101332 -0.0182311 0.000953473 -0.00231278 -0.0182311 0.0885687 
0.00955888 -0.0176947 -0.000777129 0.000895827 -0.0176947 0.0878964 0.000889058 -0.00218319 -0.000777129 0.000889058 0.0101761 -0.0183288 0.000895827 -0.00218319 -0.0183288 0.0890537 
0.00954064 -0.0176768 -0.000768926 0.000835736 -0.0176768 0.0876877 0.000837907 -0.00202962 -0.000768926 0.000837907 0.0100929 -0.0182375 0.000835736 -0.00202962 -0.0182375 0.0886588 
0.0094997 -0.0176206 -0.000782775 0.000820745 -0.0176206 0.0873909 0.000826693 -0.00194289 -0.000782775 0.000826693 0.0100222 -0.0181135 0.000820745 -0.00194289 -0.0181135 0.0881867 
0.00946069 -0.0176589 -0.000804583 0.000850854 -0.0176589 0.0876206 0.000858294 -0.00197936 -0.000804583 0.000858294 0.0101005 -0.0181291 0.000850854 -0.00197936 -0.0181291 0.0883219 
0.00945256 -0.0176549 -0.000798707 0.000884793 -0.0176549 0.0878549 0.000890831 -0.00206269 -0.000798707 0.000890831 0.010174 -0.0182606 0.000884793 -0.00206269 -0.0182606 0.0887231 
0.00944748 -0.0175648 -0.000800712 0.000872202 -0.0175648 0.0875609 0.000880361 -0.0020771 -0.000800712 0.000880361 0.0101394 -0.0182961 0.000872202 -0.0020771 -0.0182961 0.0887637 
0.00944109 -0.0175456 -0.00079099 0.000877842 -0.0175456 0.087393 0.000889507 -0.00209298 -0.00079099 0.000889507 0.0101298 -0.0182746 0.000877842 -0.00209298 -0.0182746 0.0887763 
0.00942074 -0.0175648 -0.00078518 0.000868322 -0.0175648 0.0874425 0.000878091 -0.00208578 -0.00078518 0.000878091 0.0101532 -0.0182814 0.000868322 -0.00208578 -0.0182814 0.0888449 
0.0094394 -0.0175611 -0.000796567 0.00085974 -0.0175611 0.087525 0.000865381 -0.00205664 -0.000796567 0.000865381 0.0101591 -0.0183256 0.00085974 -0.00205664 -0.0183256 0.0889961 
0.00942131 -0.0175983 -0.000820452 0.000871957 -0.0175983 0.087664 0.000872977 -0.00205267 -0.000820452 0.000872977 0.0102128 -0.0183504 0.000871957 -0.00205267 -0.0183504 0.0891652 
0.00936303 -0.0175098 -0.000856707 0.000904971 -0.0175098 0.0873574 0.000900284 -0.00210639 -0.000856707 0.000900284 0.0101816 -0.0183288 0.000904971 -0.00210639 -0.0183288 0.0889422 
0.00933244 -0.0174186 -0.000858327 0.000960149 -0.0174186 0.086992 0.000948203 -0.00221907 -0.000858327 0.000948203 0.010129 -0.0182613 0.000960149 -0.00221907 -0.0182613 0.08865 
0.00937032 -0.0174306 -0.00085107 0.000977032 -0.0174306 0.0869965 0.000964275 -0.00231321 -0.00085107 0.000964275 0.010079 -0.0182271 0.000977032 -0.00231321 -0.0182271 0.0885804 
0.00936065 -0.0174718 -0.000852085 0.000967184 -0.0174718 0.0870625 0.000961968 -0.00233805 -0.000852085 0.000961968 0.0100868 -0.0181689 0.000967184 -0.00233805 -0.0181689 0.0884555 
0.00934731 -0.0174816 -0.000826778 0.000950085 -0.0174816 0.0872143 0.000951756 -0.00229965 -0.000826778 0.000951756 0.0101524 -0.0182261 0.000950085 -0.00229965 -0.0182261 0.0886196 
0.00932178 -0.0174524 -0.000806809 0.000911904 -0.0174524 0.0871626 0.000916447 -0.00222023 -0.000806809 0.000916447 0.0101848 -0.0182738 0.000911904 -0.00222023 -0.0182738 0.0886925 
0.00931803 -0.0174916 -0.000789059 0.000879186 -0.0174916 0.0874378 0.000887878 -0.00212536 -0.000789059 0.000887878 0.0102544 -0.0183865 0.000879186 -0.00212536 -0.0183865 0.0891406 
0.00927853 -0.0173454 -0.00078713 0.000844027 -0.0173454 0.0868602 0.000856991 -0.00202329 -0.00078713 0.000856991 0.0101734 -0.0183286 0.000844027 -0.00202329 -0.0183286 0.0887735 
0.00926264 -0.0173647 -0.000789203 0.000845539 -0.0173647 0.0868701 0.000859411 -0.00198892 -0.000789203 0.000859411 0.0101909 -0.0183067 0.000845539 -0.00198892 -0.0183067 0.0888177 
0.0093176 -0.017453 -0.000786278 0.000846892 -0.017453 0.0873984 0.000862708 -0.00197849 -0.000786278 0.000862708 0.010281 -0.0184408 0.000846892 -0.00197849 -0.0184408 0.0894059 
0.00931282 -0.0174631 -0.000792013 0.000839246 -0.0174631 0.0874289 0.000860994 -0.00197118 -0.000792013 0.000860994 0.0102912 -0.0184619 0.000839246 -0.00197118 -0.0184619 0.0894457 
0.00925557 -0.0173313 -0.000794827 0.000843286 -0.0173313 0.0867916 0.00086255 -0.00196556 -0.000794827 0.00086255 0.0102166 -0.0183355 0.000843286 -0.00196556 -0.0183355 0.0888079 
0.00937962 -0.0174657 -0.000803071 0.000881898 -0.0174657 0.0873916 0.000888892 -0.00204815 -0.000803071 0.000888892 0.0102416 -0.0184403 0.000881898 -0.00204815 -0.0184403 0.0893381 
0.00947111 -0.0175618 -0.000811186 0.000885999 -0.0175618 0.0876294 0.000875216 -0.00205909 -0.000811186 0.000875216 0.0101852 -0.0184214 0.000885999 -0.00205909 -0.0184214 0.0893725 
0.00950664 -0.0176834 -0.000822837 0.000901266 -0.0176834 0.0879142 0.000880158 -0.00207546 -0.000822837 0.000880158 0.0101741 -0.018325 0.000901266 -0.00207546 -0.018325 0.089173 
0.00946198 -0.0176477 -0.000832742 0.000910403 -0.0176477 0.0876736 0.000887559 -0.00209201 -0.000832742 0.000887559 0.0101173 -0.018193 0.000910403 -0.00209201 -0.018193 0.0885178 
0.00937449 -0.0176246 -0.00083725 0.000923488 -0.0176246 0.087608 0.000904468 -0.00212706 -0.00083725 0.000904468 0.0101644 -0.0181514 0.000923488 -0.00212706 -0.0181514 0.0882673 
0.00936919 -0.0175949 -0.000863441 0.000933159 -0.0175949 0.0877955 0.000913833 -0.0021599 -0.000863441 0.000913833 0.0102254 -0.0182985 0.000933159 -0.0021599 -0.0182985 0.0886784 
0.00931919 -0.0175018 -0.000852797 0.000955442 -0.0175018 0.0874418 0.00094493 -0.00220943 -0.000852797 0.00094493 0.0102169 -0.0182932 0.000955442 -0.00220943 -0.0182932 0.0886018 
0.00930055 -0.0174505 -0.000847306 0.000942325 -0.0174505 0.0872773 0.000942945 -0.00222871 -0.000847306 0.000942945 0.0102235 -0.0183176 0.000942325 -0.00222871 -0.0183176 0.0886842 
0.00929557 -0.0174345 -0.000831617 0.000925696 -0.0174345 0.0872297 0.000935546 -0.00220421 -0.000831617 0.000935546 0.0102395 -0.0183491 0.000925696 -0.00220421 -0.0183491 0.0888267 
0.00930589 -0.0174885 -0.000792076 0.000908279 -0.0174885 0.0875185 0.000921244 -0.00217055 -0.000792076 0.000921244 0.0102973 -0.0184396 0.000908279 -0.00217055 -0.0184396 0.0892559 
0.00922916 -0.0173951 -0.000759108 0.000849256 -0.0173951 0.0871525 0.000860467 -0.00205164 -0.000759108 0.000860467 0.0103016 -0.0184008 0.000849256 -0.00205164 -0.0184008 0.0890311 
0.00925178 -0.0173872 -0.000769473 0.000813818 -0.0173872 0.0872535 0.00082154 -0.00193915 -0.000769473 0.00082154 0.0103178 -0.0184743 0.000813818 -0.00193915 -0.0184743 0.0892903 
0.00921191 -0.0172679 -0.000787195 0.000809746 -0.0172679 0.086654 0.000819183 -0.00187196 -0.000787195 0.000819183 0.0102456 -0.0183816 0.000809746 -0.00187196 -0.0183816 0.0888553 
0.00925772 -0.017392 -0.00081941 0.000862757 -0.017392 0.0871602 0.000870727 -0.00196883 -0.00081941 0.000870727 0.0103001 -0.0184616 0.000862757 -0.00196883 -0.0184616 0.0893385 
0.00924605 -0.0173942 -0.000829777 0.000908922 -0.0173942 0.0872165 0.000909786 -0.0020891 -0.000829777 0.000909786 0.010313 -0.0184759 0.000908922 -0.0020891 -0.0184759 0.0893958 
0.00917347 -0.017273 -0.000826641 0.000923316 -0.017273 0.0866521 0.000921596 -0.0021626 -0.000826641 0.000921596 0.0102372 -0.0183516 0.000923316 -0.0021626 -0.0183516 0.0888011 
0.00919059 -0.0172425 -0.000814069 0.000923231 -0.0172425 0.0865815 0.000921687 -0.00218936 -0.000814069 0.000921687 0.0102353 -0.0183587 0.000923231 -0.00218936 -0.0183587 0.0888315 
0.00927759 -0.0173809 -0.000808551 0.000913869 -0.0173809 0.0871638 0.000912561 -0.00218782 -0.000808551 0.000912561 0.0102968 -0.0184679 0.000913869 -0.00218782 -0.0184679 0.0894008 
0.0092655 -0.0174028 -0.000797012 0.000882078 -0.0174028 0.0871893 0.000883895 -0.00210903 -0.000797012 0.000883895 0.0103091 -0.0184648 0.000882078 -0.00210903 -0.0184648 0.0893846 
0.00929669 -0.0173329 -0.000769699 0.000865284 -0.0173329 0.0869148 0.000870588 -0.00205252 -0.000769699 0.000870588 0.0102273 -0.0184389 0.000865284 -0.00205252 -0.0184389 0.0891799 
0.00930993 -0.0174575 -0.000760967 0.000834008 -0.0174575 0.0872645 0.00084184 -0.00198745 -0.000760967 0.00084184 0.0102377 -0.0184201 0.000834008 -0.00198745 -0.0184201 0.0893362 
0.00924991 -0.0173771 -0.000759448 0.000819303 -0.0173771 0.0869622 0.0008293 -0.00193266 -0.000759448 0.0008293 0.0101857 -0.0183209 0.000819303 -0.00193266 -0.0183209 0.0888764 
0.00925063 -0.0173938 -0.000751536 0.000815772 -0.0173938 0.0871614 0.00082548 -0.00190283 -0.000751536 0.00082548 0.0102234 -0.0183613 0.000815772 -0.00190283 -0.0183613 0.0890825 
0.00928447 -0.0173613 -0.000730298 0.000805631 -0.0173613 0.0870897 0.000817527 -0.00188123 -0.000730298 0.000817527 0.0101857 -0.0183703 0.000805631 -0.00188123 -0.0183703 0.0890856 
0.00929704 -0.0173723 -0.000705908 0.000784919 -0.0173723 0.0869741 0.000794851 -0.00184397 -0.000705908 0.000794851 0.0101425 -0.0182924 0.000784919 -0.00184397 -0.0182924 0.0888696 
0.00929677 -0.017396 -0.000696247 0.000749372 -0.017396 0.0869718 0.000749879 -0.00174947 -0.000696247 0.000749879 0.010109 -0.01822 0.000749372 -0.00174947 -0.01822 0.088621 
0.00928696 -0.0173671 -0.000708658 0.000740032 -0.0173671 0.0868236 0.000732433 -0.00168378 -0.000708658 0.000732433 0.0100666 -0.0181464 0.000740032 -0.00168378 -0.0181464 0.088292 
0.00931962 -0.0174744 -0.000736036 0.000770116 -0.0174744 0.0873398 0.000760154 -0.00172143 -0.000736036 0.000760154 0.0101329 -0.0182264 0.000770116 -0.00172143 -0.0182264 0.0887059 
0.00931114 -0.0174637 -0.000748934 0.000812837 -0.0174637 0.0873574 0.00080286 -0.00182206 -0.000748934 0.00080286 0.0101419 -0.0182362 0.000812837 -0.00182206 -0.0182362 0.088695 
0.00927621 -0.0173997 -0.000726316 0.000829631 -0.0173997 0.0870977 0.000815583 -0.00189124 -0.000726316 0.000815583 0.0101234 -0.018213 0.000829631 -0.00189124 -0.018213 0.0885284 
0.00928014 -0.0173989 -0.00071099 0.000821227 -0.0173989 0.0871148 0.000803606 -0.0019228 -0.00071099 0.000803606 0.0101227 -0.0182251 0.000821227 -0.0019228 -0.0182251 0.0885968 
0.00933825 -0.0174736 -0.000719274 0.000799535 -0.0174736 0.0875054 0.000783724 -0.00189315 -0.000719274 0.000783724 0.0101627 -0.0183161 0.000799535 -0.00189315 -0.0183161 0.0890578 
0.0093049 -0.01742 -0.000753415 0.000800888 -0.01742 0.0871889 0.000792979 -0.00188458 -0.000753415 0.000792979 0.0101338 -0.018248 0.000800888 -0.00188458 -0.018248 0.0887617 
0.00926898 -0.0173535 -0.000784338 0.000832451 -0.0173535 0.086857 0.000831832 -0.00192955 -0.000784338 0.000831832 0.0101048 -0.0181923 0.000832451 -0.00192955 -0.0181923 0.088461 
0.00925535 -0.0173747 -0.000807357 0.000871632 -0.0173747 0.0869628 0.000869192 -0.00201197 -0.000807357 0.000869192 0.0101496 -0.0182324 0.000871632 -0.00201197 -0.0182324 0.0886266 
0.00924829 -0.0173677 -0.000797732 0.000890169 -0.0173677 0.0870716 0.000891134 -0.00206787 -0.000797732 0.000891134 0.0102068 -0.0183352 0.000890169 -0.00206787 -0.0183352 0.0889761 
0.00923585 -0.0173129 -0.000779498 0.000867122 -0.0173129 0.0868777 0.000880049 -0.00205532 -0.000779498 0.000880049 0.0102276 -0.0183665 0.000867122 -0.00205532 -0.0183665 0.0890397 
0.0092837 -0.0173794 -0.00079214 0.000847212 -0.0173794 0.0871438 0.000871144 -0.00202928 -0.00079214 0.000871144 0.0102427 -0.0184474 0.000847212 -0.00202928 -0.0184474 0.0893939 
0.00927315 -0.0173996 -0.000772326 0.000861477 -0.0173996 0.0871438 0.000886062 -0.00203735 -0.000772326 0.000886062 0.0102233 -0.0184057 0.000861477 -0.00203735 -0.0184057 0.0892991 
0.00925987 -0.0173262 -0.000729401 0.000839964 -0.0173262 0.0867759 0.000852088 -0.00200143 -0.000729401 0.000852088 0.0101312 -0.0182754 0.000839964 -0.00200143 -0.0182754 0.0887388 
0.00928838 -0.0174106 -0.000700591 0.000799826 -0.0174106 0.0870915 0.000799457 -0.00191647 -0.000700591 0.000799457 0.0101494 -0.0182716 0.000799826 -0.00191647 -0.0182716 0.088844 
0.00930005 -0.0174525 -0.000699056 0.000758562 -0.0174525 0.087341 0.000749674 -0.00179318 -0.000699056 0.000749674 0.0101681 -0.0183033 0.000758562 -0.00179318 -0.0183033 0.0889826 
0.00931752 -0.0174399 -0.00069126 0.000745607 -0.0174399 0.0873642 0.000739149 -0.001713 -0.00069126 0.000739149 0.0101447 -0.0183136 0.000745607 -0.001713 -0.0183136 0.0890207 
0.00925063 -0.0173497 -0.000705065 0.000732948 -0.0173497 0.0868703 0.000733998 -0.0016763 -0.000705065 0.000733998 0.0100994 -0.0181817 0.000732948 -0.0016763 -0.0181817 0.0884939 
0.00921451 -0.0173248 -0.000729701 0.00075788 -0.0173248 0.0868053 0.000757979 -0.00170705 -0.000729701 0.000757979 0.0101156 -0.0181773 0.00075788 -0.00170705 -0.0181773 0.0884261 
0.0092062 -0.0172752 -0.00073431 0.000797306 -0.0172752 0.0867044 0.000797041 -0.00179678 -0.00073431 0.000797041 0.0101523 -0.0182159 0.000797306 -0.00179678 -0.0182159 0.0885016 
0.00923425 -0.0173667 -0.000736878 0.000813826 -0.0173667 0.0871424 0.00080967 -0.00186956 -0.000736878 0.00080967 0.0102444 -0.018359 0.000813826 -0.00186956 -0.018359 0.0890965 
0.0092527 -0.0173149 -0.000731024 0.000815363 -0.0173149 0.0869596 0.000808436 -0.00189384 -0.000731024 0.000808436 0.0102055 -0.0183783 0.000815363 -0.00189384 -0.0183783 0.0890807 
0.00925914 -0.0172691 -0.000738655 0.000813574 -0.0172691 0.0865856 0.000805051 -0.00190615 -0.000738655 0.000805051 0.0101457 -0.0182872 0.000813574 -0.00190615 -0.0182872 0.088749 
0.00930325 -0.0173034 -0.000756622 0.000820295 -0.0173034 0.0865656 0.000811119 -0.00191627 -0.000756622 0.000811119 0.0100871 -0.018242 0.000820295 -0.00191627 -0.018242 0.0886001 
0.00943584 -0.0175295 -0.000755244 0.000850106 -0.0175295 0.0874857 0.000842331 -0.00197518 -0.000755244 0.000842331 0.0101383 -0.0183491 0.000850106 -0.00197518 -0.0183491 0.0892793 
0.00939313 -0.0174693 -0.000754004 0.000833372 -0.0174693 0.0870038 0.000824359 -0.00196175 -0.000754004 0.000824359 0.0100223 -0.0181482 0.000833372 -0.00196175 -0.0181482 0.0884289 
0.00945948 -0.0176029 -0.000757254 0.000831861 -0.0176029 0.0876061 0.000821402 -0.00194223 -0.000757254 0.000821402 0.0100354 -0.0181914 0.000831861 -0.00194223 -0.0181914 0.0887353 
0.00942931 -0.017558 -0.000742858 0.00081778 -0.017558 0.0874014 0.000808381 -0.00189508 -0.000742858 0.000808381 0.00998203 -0.0181081 0.00081778 -0.00189508 -0.0181081 0.0883965 
0.00946686 -0.0176576 -0.000768988 0.000819728 -0.0176576 0.0879525 0.000812514 -0.00190357 -0.000768988 0.000812514 0.0100862 -0.0182064 0.000819728 -0.00190357 -0.0182064 0.0889288 
0.00944222 -0.0174793 -0.000753346 0.000839321 -0.0174793 0.0871489 0.000837326 -0.00193456 -0.000753346 0.000837326 0.00996374 -0.0180921 0.000839321 -0.00193456 -0.0180921 0.088211 
0.00951642 -0.0175868 -0.00072523 0.000835982 -0.0175868 0.0874341 0.00083712 -0.001972 -0.00072523 0.00083712 0.0099487 -0.0181044 0.000835982 -0.001972 -0.0181044 0.0884296 
0.00953526 -0.0176216 -0.000713282 0.000798056 -0.0176216 0.0874085 0.000798236 -0.00191939 -0.000713282 0.000798236 0.00989701 -0.0179973 0.000798056 -0.00191939 -0.0179973 0.0880854 
0.00957219 -0.0177654 -0.000723775 0.000785787 -0.0177654 0.0880127 0.000781753 -0.00186794 -0.000723775 0.000781753 0.0099418 -0.0180395 0.000785787 -0.00186794 -0.0180395 0.0883673 
0.00951761 -0.01767 -0.000730562 0.000795325 -0.01767 0.087639 0.00078801 -0.00185916 -0.000730562 0.00078801 0.00988352 -0.0179403 0.000795325 -0.00185916 -0.0179403 0.087848 
0.00949817 -0.0176713 -0.000734851 0.000803175 -0.0176713 0.0877075 0.000792636 -0.00186512 -0.000734851 0.000792636 0.0099114 -0.0179575 0.000803175 -0.00186512 -0.0179575 0.0879278 
0.00949475 -0.0176421 -0.000731644 0.000809568 -0.0176421 0.0877104 0.00080036 -0.00188112 -0.000731644 0.00080036 0.00993404 -0.0180202 0.000809568 -0.00188112 -0.0180202 0.0881293 
0.00948245 -0.017609 -0.000721581 0.000813011 -0.017609 0.0875906 0.000802877 -0.00190312 -0.000721581 0.000802877 0.00995677 -0.0180451 0.000813011 -0.00190312 -0.0180451 0.0882301 
0.00946647 -0.017576 -0.000723172 0.000804819 -0.017576 0.0874221 0.000798427 -0.00190981 -0.000723172 0.000798427 0.00996396 -0.0180455 0.000804819 -0.00190981 -0.0180455 0.0881854 
0.00948537 -0.0175767 -0.000721116 0.000796536 -0.0175767 0.0874558 0.000797663 -0.00189531 -0.000721116 0.000797663 0.00996962 -0.018108 0.000796536 -0.00189531 -0.018108 0.0884039 
0.00947148 -0.0175816 -0.000731763 0.000795049 -0.0175816 0.0874118 0.000801474 -0.0018982 -0.000731763 0.000801474 0.00996609 -0.018092 0.000795049 -0.0018982 -0.018092 0.0884068 
0.0094758 -0.0175533 -0.000715416 0.000797599 -0.0175533 0.0873377 0.000805584 -0.00189199 -0.000715416 0.000805584 0.00995108 -0.0181003 0.000797599 -0.00189199 -0.0181003 0.0884278 
0.00956932 -0.017661 -0.00069486 0.000796141 -0.017661 0.0877894 0.000805804 -0.00191503 -0.00069486 0.000805804 0.00997423 -0.0181617 0.000796141 -0.00191503 -0.0181617 0.0888253 
0.00959978 -0.0177295 -0.00068353 0.000763815 -0.0177295 0.0879172 0.000775599 -0.0018673 -0.00068353 0.000775599 0.00995717 -0.018115 0.000763815 -0.0018673 -0.018115 0.0887069 
0.00957963 -0.0177487 -0.000694776 0.00074329 -0.0177487 0.0879457 0.000749232 -0.00179342 -0.000694776 0.000749232 0.00997812 -0.0180806 0.00074329 -0.00179342 -0.0180806 0.0885409 
0.00953112 -0.0176457 -0.000722763 0.000755869 -0.0176457 0.0874975 0.000753346 -0.00177211 -0.000722763 0.000753346 0.00990062 -0.0180026 0.000755869 -0.00177211 -0.0180026 0.0880277 
0.00959802 -0.017705 -0.000756265 0.000807065 -0.017705 0.0877855 0.000800546 -0.00186107 -0.000756265 0.000800546 0.00988243 -0.0180432 0.000807065 -0.00186107 -0.0180432 0.088298 
0.00962267 -0.0177888 -0.000786098 0.000860308 -0.0177888 0.0880598 0.000849173 -0.00199494 -0.000786098 0.000849173 0.0099084 -0.0180251 0.000860308 -0.00199494 -0.0180251 0.0884032 
0.00958533 -0.0177905 -0.000803546 0.000886377 -0.0177905 0.0880914 0.000871765 -0.002076 -0.000803546 0.000871765 0.00993744 -0.0180169 0.000886377 -0.002076 -0.0180169 0.0883169 
0.00955932 -0.0177373 -0.000781136 0.000898126 -0.0177373 0.0880146 0.000888162 -0.00211636 -0.000781136 0.000888162 0.00996714 -0.0180687 0.000898126 -0.00211636 -0.0180687 0.0883981 
0.00954388 -0.0177041 -0.000760704 0.000860939 -0.0177041 0.0879072 0.000861278 -0.0020777 -0.000760704 0.000861278 0.0099788 -0.0180944 0.000860939 -0.0020777 -0.0180944 0.0884559 
0.00951074 -0.0176417 -0.000769813 0.000839566 -0.0176417 0.0876023 0.000842915 -0.00202775 -0.000769813 0.000842915 0.00994952 -0.0180488 0.000839566 -0.00202775 -0.0180488 0.088221 
0.00946928 -0.0176763 -0.000799438 0.000854673 -0.0176763 0.0877787 0.000855379 -0.00203095 -0.000799438 0.000855379 0.0100254 -0.0180869 0.000854673 -0.00203095 -0.0180869 0.0884217 
0.00939737 -0.0175144 -0.00079335 0.000877547 -0.0175144 0.0872617 0.000878786 -0.00205865 -0.00079335 0.000878786 0.010009 -0.0180908 0.000877547 -0.00205865 -0.0180908 0.0881953 
0.0094143 -0.0174767 -0.000775693 0.000885693 -0.0174767 0.0871527 0.000891498 -0.0021128 -0.000775693 0.000891498 0.0100144 -0.018137 0.000885693 -0.0021128 -0.018137 0.0883794 
0.00947428 -0.0175015 -0.000743387 0.000859561 -0.0175015 0.0871548 0.000867339 -0.0020897 -0.000743387 0.000867339 0.00997066 -0.0181335 0.000859561 -0.0020897 -0.0181335 0.0884325 
0.00958314 -0.0176814 -0.000717953 0.000815486 -0.0176814 0.0878161 0.000823388 -0.00199903 -0.000717953 0.000823388 0.00998567 -0.018188 0.000815486 -0.00199903 -0.018188 0.0888966 
0.00954129 -0.017636 -0.000695995 0.000767996 -0.017636 0.0874351 0.00077223 -0.00186054 -0.000695995 0.00077223 0.00991572 -0.0180129 0.000767996 -0.00186054 -0.0180129 0.0881925 
0.00953562 -0.0176786 -0.000679725 0.000762531 -0.0176786 0.0876181 0.000761703 -0.0018149 -0.000679725 0.000761703 0.00994127 -0.0180034 0.000762531 -0.0018149 -0.0180034 0.088136 
0.00951557 -0.0176764 -0.000672067 0.000748296 -0.0176764 0.0877161 0.000742937 -0.00178038 -0.000672067 0.000742937 0.00996437 -0.0180577 0.000748296 -0.00178038 -0.0180577 0.0882605 
0.00949935 -0.0176403 -0.000679142 0.000735812 -0.0176403 0.087666 0.000731784 -0.00174546 -0.000679142 0.000731784 0.00995391 -0.0180891 0.000735812 -0.00174546 -0.0180891 0.0883657 
0.0094586 -0.0176014 -0.000688154 0.000740268 -0.0176014 0.0875247 0.000737361 -0.00173362 -0.000688154 0.000737361 0.00997362 -0.0180663 0.000740268 -0.00173362 -0.0180663 0.0883349 
0.00952671 -0.0176237 -0.000700349 0.000757615 -0.0176237 0.0877292 0.000758406 -0.0017719 -0.000700349 0.000758406 0.00996091 -0.0181427 0.000757615 -0.0017719 -0.0181427 0.0886302 
0.00952135 -0.0176582 -0.000724387 0.000777057 -0.0176582 0.0877163 0.000783354 -0.00183346 -0.000724387 0.000783354 0.00994748 -0.0180799 0.000777057 -0.00183346 -0.0180799 0.0885172 
0.00950238 -0.0176823 -0.000733821 0.00080962 -0.0176823 0.0878593 0.000813875 -0.00190857 -0.000733821 0.000813875 0.00998533 -0.0180869 0.00080962 -0.00190857 -0.0180869 0.0885551 
0.00945047 -0.0176468 -0.000728996 0.000814905 -0.0176468 0.0878307 0.000814048 -0.00193438 -0.000728996 0.000814048 0.0100414 -0.0181287 0.000814905 -0.00193438 -0.0181287 0.088627 
0.00938525 -0.0175536 -0.000744527 0.000810862 -0.0175536 0.0875697 0.000807971 -0.00193441 -0.000744527 0.000807971 0.0100781 -0.018169 0.000810862 -0.00193441 -0.018169 0.0886368 
0.00937538 -0.0174912 -0.000764589 0.000822441 -0.0174912 0.087427 0.000823113 -0.00194357 -0.000764589 0.000823113 0.0100925 -0.0182432 0.000822441 -0.00194357 -0.0182432 0.0888424 
0.00937467 -0.0174599 -0.000768139 0.000845283 -0.0174599 0.0872638 0.000849338 -0.00198667 -0.000768139 0.000849338 0.0100824 -0.0182462 0.000845283 -0.00198667 -0.0182462 0.0888773 
0.0093997 -0.0174877 -0.000767721 0.000855397 -0.0174877 0.0873174 0.000860094 -0.00203048 -0.000767721 0.000860094 0.010077 -0.0182414 0.000855397 -0.00203048 -0.0182414 0.0889156 
0.00941524 -0.0174872 -0.00073883 0.000844273 -0.0174872 0.0872548 0.000855703 -0.00202467 -0.00073883 0.000855703 0.0100512 -0.0182148 0.000844273 -0.00202467 -0.0182148 0.0888056 
0.00940632 -0.0174931 -0.000713373 0.000809771 -0.0174931 0.0871814 0.00082363 -0.00197173 -0.000713373 0.00082363 0.0100225 -0.0181594 0.000809771 -0.00197173 -0.0181594 0.0885983 
0.00938167 -0.0175133 -0.000708876 0.000775097 -0.0175133 0.0872765 0.000785089 -0.0018794 -0.000708876 0.000785089 0.0100406 -0.0181527 0.000775097 -0.0018794 -0.0181527 0.0885919 
0.0093463 -0.0174703 -0.000707925 0.000769216 -0.0174703 0.0872029 0.000772141 -0.00181977 -0.000707925 0.000772141 0.0100683 -0.018166 0.000769216 -0.00181977 -0.018166 0.0885769 
0.00929624 -0.0174609 -0.000714722 0.000783608 -0.0174609 0.0872409 0.000783252 -0.00183773 -0.000714722 0.000783252 0.0101308 -0.0182096 0.000783608 -0.00183773 -0.0182096 0.0887023 
0.00926152 -0.0174142 -0.000734229 0.000792378 -0.0174142 0.0872574 0.000787635 -0.00185536 -0.000734229 0.000787635 0.0101992 -0.0183207 0.000792378 -0.00185536 -0.0183207 0.0890247 
0.00926669 -0.0173707 -0.000749884 0.000818599 -0.0173707 0.0871823 0.000814111 -0.00190673 -0.000749884 0.000814111 0.0102035 -0.0183875 0.000818599 -0.00190673 -0.0183875 0.0892405 
0.00930956 -0.0173596 -0.000754565 0.000829239 -0.0173596 0.08708 0.000829778 -0.0019441 -0.000754565 0.000829778 0.0101414 -0.0183719 0.000829239 -0.0019441 -0.0183719 0.089242 
0.00932853 -0.0173799 -0.000751176 0.000830218 -0.0173799 0.0869753 0.000833191 -0.0019573 -0.000751176 0.000833191 0.010075 -0.0182672 0.000830218 -0.0019573 -0.0182672 0.0889706 
0.00926094 -0.0173446 -0.000728648 0.000823419 -0.0173446 0.0866631 0.000826216 -0.0019464 -0.000728648 0.000826216 0.0100436 -0.0181046 0.000823419 -0.0019464 -0.0181046 0.0883353 
0.00929469 -0.0174124 -0.000700064 0.000801918 -0.0174124 0.0871428 0.000804775 -0.00191086 -0.000700064 0.000804775 0.0101243 -0.0182274 0.000801918 -0.00191086 -0.0182274 0.0887701 
0.00927671 -0.0173707 -0.00066916 0.000759966 -0.0173707 0.0869793 0.00076791 -0.00182869 -0.00066916 0.00076791 0.0101132 -0.0182278 0.000759966 -0.00182869 -0.0182278 0.0886698 
0.00936007 -0.0174397 -0.000666639 0.000729657 -0.0174397 0.0873084 0.000736921 -0.00174966 -0.000666639 0.000736921 0.0100946 -0.0183027 0.000729657 -0.00174966 -0.0183027 0.089037 
0.00935835 -0.0173747 -0.000646995 0.000717519 -0.0173747 0.0867841 0.000714867 -0.00167636 -0.000646995 0.000714867 0.00994379 -0.0181023 0.000717519 -0.00167636 -0.0181023 0.0883033 
0.00947629 -0.0175552 -0.000656537 0.000729399 -0.0175552 0.0874449 0.000719268 -0.00170103 -0.000656537 0.000719268 0.00992813 -0.0180919 0.000729399 -0.00170103 -0.0180919 0.0885377 
0.00940444 -0.0175932 -0.000665205 0.000729075 -0.0175932 0.0874454 0.000716649 -0.00169552 -0.000665205 0.000716649 0.0099529 -0.0179659 0.000729075 -0.00169552 -0.0179659 0.0880959 
0.00931599 -0.0175614 -0.000673629 0.000737778 -0.0175614 0.0875768 0.000728345 -0.00170942 -0.000673629 0.000728345 0.0100556 -0.0180521 0.000737778 -0.00170942 -0.0180521 0.0882308 
0.00925382 -0.0174152 -0.000652395 0.000731286 -0.0174152 0.0872977 0.000730401 -0.00169815 -0.000652395 0.000730401 0.010111 -0.0181819 0.000731286 -0.00169815 -0.0181819 0.0884915 
0.00925966 -0.0173539 -0.000659466 0.000704358 -0.0173539 0.0871531 0.000714503 -0.00166389 -0.000659466 0.000714503 0.0101368 -0.018294 0.000704358 -0.00166389 -0.018294 0.0889109 
0.00926353 -0.017358 -0.000663905 0.000698213 -0.017358 0.0871043 0.000718213 -0.0016297 -0.000663905 0.000718213 0.0101454 -0.0183184 0.000698213 -0.0016297 -0.0183184 0.0891036 
0.00920404 -0.0172332 -0.000660719 0.000702548 -0.0172332 0.0864465 0.000722429 -0.00162701 -0.000660719 0.000722429 0.0100638 -0.0181784 0.000702548 -0.00162701 -0.0181784 0.0884718 
0.00924005 -0.0172807 -0.000666428 0.000714487 -0.0172807 0.0866471 0.000730959 -0.00165866 -0.000666428 0.000730959 0.010085 -0.0182049 0.000714487 -0.00165866 -0.0182049 0.0886415 
0.00923838 -0.0172762 -0.000679135 0.000726174 -0.0172762 0.0865385 0.000732787 -0.0016832 -0.000679135 0.000732787 0.0100478 -0.018155 0.000726174 -0.0016832 -0.018155 0.0884134 
0.00931524 -0.0174185 -0.000696641 0.000759306 -0.0174185 0.0872091 0.000751692 -0.00174159 -0.000696641 0.000751692 0.0101165 -0.0182706 0.000759306 -0.00174159 -0.0182706 0.0890099 
