0.00733821 0 -0.000527526 0 0 0.00989122 0 0 -0.000527526 0 0.00693097 0 0 0 0 0.00989122 
0.0103901 -0.0128901 -0.000770913 0.00093557 -0.0128901 0.0338146 0.00093557 -0.00179323 -0.000770913 0.00093557 0.00986521 -0.0122556 0.00093557 -0.00179323 -0.0122556 0.0325969 
0.0103721 -0.0192185 -0.000672707 0.0010187 -0.0192185 0.0704793 0.0010187 -0.0031631 -0.000672707 0.0010187 0.00989634 -0.0186017 0.0010187 -0.0031631 -0.0186017 0.0685875 
0.0097434 -0.0185452 -0.000590198 0.000677489 -0.0185452 0.0826233 0.000679967 -0.00217065 -0.000590198 0.000679967 0.00923812 -0.0181455 0.000677489 -0.00217065 -0.0181455 0.0816647 
0.0097983 -0.0179497 -0.000623499 0.000658409 -0.0179497 0.0856295 0.000670566 -0.00188844 -0.000623499 0.000670566 0.00914823 -0.0174481 0.000658409 -0.00188844 -0.0174481 0.0848154 
0.0100141 -0.0181037 -0.000664691 0.000708761 -0.0181037 0.0875022 0.000731643 -0.001944 -0.000664691 0.000731643 0.00929792 -0.017366 0.000708761 -0.001944 -0.017366 0.0861517 
0.0100958 -0.0182584 -0.000678896 0.000749524 -0.0182584 0.0885108 0.000777154 -0.00200225 -0.000678896 0.000777154 0.00942755 -0.0174411 0.000749524 -0.00200225 -0.0174411 0.0867507 
0.0101569 -0.0183484 -0.000666251 0.000765056 -0.0183484 0.0892175 0.000785314 -0.00200792 -0.000666251 0.000785314 0.00951341 -0.0176032 0.000765056 -0.00200792 -0.0176032 0.0874334 
0.0101749 -0.0183234 -0.00062457 0.000748555 -0.0183234 0.0892015 0.000764022 -0.00195375 -0.00062457 0.000764022 0.0095305 -0.01763 0.000748555 -0.00195375 -0.01763 0.087553 
0.0101059 -0.0181883 -0.000612314 0.000693567 -0.0181883 0.0884655 0.000702807 -0.00182526 -0.000612314 0.000702807 0.00946442 -0.0175032 0.000693567 -0.00182526 -0.0175032 0.0868922 
0.0101639 -0.0183391 -0.000605395 0.000681079 -0.0183391 0.0891168 0.00067868 -0.00173045 -0.000605395 0.00067868 0.00953618 -0.0176331 0.000681079 -0.00173045 -0.0176331 0.087509 
0.0101355 -0.0182474 -0.000588393 0.000684123 -0.0182474 0.0887306 0.000670628 -0.0017063 -0.000588393 0.000670628 0.00946891 -0.0175786 0.000684123 -0.0017063 -0.0175786 0.0871806 
0.0101632 -0.0183756 -0.00059397 0.00068322 -0.0183756 0.0892622 0.00066692 -0.00171906 -0.00059397 0.00066692 0.00953288 -0.0176402 0.00068322 -0.00171906 -0.0176402 0.0876199 
0.0101159 -0.0182304 -0.000577217 0.000675679 -0.0182304 0.0886931 0.00066507 -0.00170364 -0.000577217 0.00066507 0.00946085 -0.0175537 0.000675679 -0.00170364 -0.0175537 0.0871036 
0.0101081 -0.0182513 -0.000558891 0.000655646 -0.0182513 0.088705 0.000650497 -0.00167342 -0.000558891 0.000650497 0.00948122 -0.0175394 0.000655646 -0.00167342 -0.0175394 0.0870984 
0.0102024 -0.0183818 -0.000553238 0.000626143 -0.0183818 0.089377 0.000619936 -0.00160202 -0.000553238 0.000619936 0.00953943 -0.0176989 0.000626143 -0.00160202 -0.0176989 0.0877915 
0.0102137 -0.0184058 -0.000564759 0.000613678 -0.0184058 0.0894085 0.000607468 -0.00154423 -0.000564759 0.000607468 0.00952189 -0.0176851 0.000613678 -0.00154423 -0.0176851 0.0877918 
0.010106 -0.0182937 -0.000592311 0.00063343 -0.0182937 0.0888335 0.000630362 -0.00156588 -0.000592311 0.000630362 0.00949118 -0.0175433 0.00063343 -0.00156588 -0.0175433 0.087147 
0.0101035 -0.018341 -0.000614421 0.000676266 -0.018341 0.0892003 0.000672719 -0.00165625 -0.000614421 0.000672719 0.00955652 -0.0176488 0.000676266 -0.00165625 -0.0176488 0.0875357 
0.0100674 -0.018296 -0.000613462 0.00070441 -0.018296 0.0891417 0.000701905 -0.00174679 -0.000613462 0.000701905 0.00957089 -0.0176773 0.00070441 -0.00174679 -0.0176773 0.0876086 
0.0100439 -0.0182123 -0.000595851 0.00069617 -0.0182123 0.0888925 0.000697693 -0.00176291 -0.000595851 0.000697693 0.00957463 -0.0176891 0.00069617 -0.00176291 -0.0176891 0.0876039 
0.0101452 -0.0182575 -0.000565357 0.000677232 -0.0182575 0.0891471 0.000679264 -0.00173746 -0.000565357 0.000679264 0.0095846 -0.0178076 0.000677232 -0.00173746 -0.0178076 0.0881274 
0.01019 -0.0183035 -0.000551336 0.000641389 -0.0183035 0.0891002 0.000641543 -0.00166802 -0.000551336 0.000641543 0.00952916 -0.017762 0.000641389 -0.00166802 -0.017762 0.0880766 
0.0102072 -0.0183878 -0.00055261 0.000619406 -0.0183878 0.0893179 0.00061233 -0.00158569 -0.00055261 0.00061233 0.0095151 -0.0177198 0.000619406 -0.00158569 -0.0177198 0.0880618 
0.0101694 -0.0183795 -0.000542252 0.000626723 -0.0183795 0.0892805 0.000614909 -0.00156763 -0.000542252 0.000614909 0.00950142 -0.0176507 0.000626723 -0.00156763 -0.0176507 0.0878005 
0.0100831 -0.0182352 -0.000553024 0.000619633 -0.0182352 0.0886914 0.000611979 -0.00156847 -0.000553024 0.000611979 0.00942872 -0.0175284 0.000619633 -0.00156847 -0.0175284 0.0871527 
0.0101659 -0.0183587 -0.000556834 0.000630913 -0.0183587 0.0893811 0.000630111 -0.00158638 -0.000556834 0.000630111 0.00951183 -0.0176776 0.000630913 -0.00158638 -0.0176776 0.0878963 
0.0100675 -0.0181861 -0.00056028 0.000617693 -0.0181861 0.0885364 0.000620329 -0.00156226 -0.00056028 0.000620329 0.00943039 -0.0175238 0.000617693 -0.00156226 -0.0175238 0.0871257 
0.0102093 -0.0183483 -0.000549693 0.000635147 -0.0183483 0.0893167 0.000641732 -0.00159534 -0.000549693 0.000641732 0.00946715 -0.0176714 0.000635147 -0.00159534 -0.0176714 0.0878723 
0.0101783 -0.0182675 -0.00055441 0.000612384 -0.0182675 0.0887174 0.000626049 -0.00157623 -0.00055441 0.000626049 0.00934883 -0.0174797 0.000612384 -0.00157623 -0.0174797 0.0870961 
0.0101795 -0.0183246 -0.000553423 0.000618478 -0.0183246 0.0888421 0.00063304 -0.00157269 -0.000553423 0.00063304 0.00933456 -0.0174132 0.000618478 -0.00157269 -0.0174132 0.086917 
0.0102129 -0.0184222 -0.00053279 0.000609904 -0.0184222 0.0893727 0.000613361 -0.00153595 -0.00053279 0.000613361 0.00939347 -0.0174946 0.000609904 -0.00153595 -0.0174946 0.0872986 
0.0102177 -0.0184095 -0.000526817 0.000603568 -0.0184095 0.0894016 0.000596075 -0.00151964 -0.000526817 0.000596075 0.00939841 -0.0175163 0.000603568 -0.00151964 -0.0175163 0.0873422 
0.0101598 -0.0182972 -0.000521379 0.000601894 -0.0182972 0.0888591 0.000585383 -0.00150263 -0.000521379 0.000585383 0.00934155 -0.017423 0.000601894 -0.00150263 -0.017423 0.0868668 
0.0101814 -0.0183457 -0.000528864 0.000614117 -0.0183457 0.0890581 0.000593237 -0.00153198 -0.000528864 0.000593237 0.00936568 -0.0174443 0.000614117 -0.00153198 -0.0174443 0.0870143 
0.0102107 -0.0184057 -0.000542198 0.000620321 -0.0184057 0.0893741 0.000607768 -0.00156441 -0.000542198 0.000607768 0.00940956 -0.0175233 0.000620321 -0.00156441 -0.0175233 0.0873585 
0.010181 -0.0183987 -0.000558125 0.000619403 -0.0183987 0.089391 0.000617092 -0.00156831 -0.000558125 0.000617092 0.00947627 -0.0175639 0.000619403 -0.00156831 -0.0175639 0.0875089 
0.0101434 -0.0183125 -0.000564141 0.000619341 -0.0183125 0.0891072 0.000617278 -0.00154687 -0.000564141 0.000617278 0.00951128 -0.0176057 0.000619341 -0.00154687 -0.0176057 0.0874982 
0.010116 -0.0182052 -0.000583088 0.000630661 -0.0182052 0.0886201 0.000625111 -0.0015589 -0.000583088 0.000625111 0.00944546 -0.0176042 0.000630661 -0.0015589 -0.0176042 0.087327 
0.0101801 -0.0182625 -0.000599098 0.000675517 -0.0182625 0.088787 0.000669417 -0.00165727 -0.000599098 0.000669417 0.0094265 -0.0176118 0.000675517 -0.00165727 -0.0176118 0.0875461 
0.0102311 -0.0182953 -0.000586325 0.000685329 -0.0182953 0.0887903 0.000681445 -0.00170723 -0.000586325 0.000681445 0.00936929 -0.0175547 0.000685329 -0.00170723 -0.0175547 0.0874155 
0.0102502 -0.0183404 -0.00057338 0.000682595 -0.0183404 0.0888082 0.000675255 -0.00173395 -0.00057338 0.000675255 0.00935763 -0.0174711 0.000682595 -0.00173395 -0.0174711 0.0871697 
0.0103206 -0.0185305 -0.000572286 0.000674208 -0.0185305 0.0896373 0.000660306 -0.00172978 -0.000572286 0.000660306 0.00945909 -0.0175985 0.000674208 -0.00172978 -0.0175985 0.0877646 
0.0102547 -0.0184427 -0.000571053 0.000648832 -0.0184427 0.0892957 0.000634909 -0.00165848 -0.000571053 0.000634909 0.00945128 -0.0175588 0.000648832 -0.00165848 -0.0175588 0.0874225 
0.0102359 -0.0184103 -0.000575689 0.000643075 -0.0184103 0.0892254 0.000639256 -0.00162731 -0.000575689 0.000639256 0.00945406 -0.01759 0.000643075 -0.00162731 -0.01759 0.0874605 
0.0102123 -0.0183551 -0.000600034 0.000656339 -0.0183551 0.0889985 0.000667487 -0.00166971 -0.000600034 0.000667487 0.00940328 -0.0175633 0.000656339 -0.00166971 -0.0175633 0.087328 
0.0102421 -0.0183499 -0.000596194 0.000676362 -0.0183499 0.0889922 0.000695883 -0.0017162 -0.000596194 0.000695883 0.00936056 -0.0175413 0.000676362 -0.0017162 -0.0175413 0.0873437 
0.0102731 -0.0184 -0.000595801 0.000680745 -0.0184 0.0890973 0.00069851 -0.00175538 -0.000595801 0.00069851 0.00935169 -0.0174776 0.000680745 -0.00175538 -0.0174776 0.0872392 
0.0103273 -0.0184531 -0.000572043 0.000675775 -0.0184531 0.0893006 0.000685274 -0.00174311 -0.000572043 0.000685274 0.00932141 -0.0174888 0.000675775 -0.00174311 -0.0174888 0.0872872 
0.0103652 -0.0184924 -0.000558161 0.000651795 -0.0184924 0.0893198 0.000655595 -0.00169813 -0.000558161 0.000655595 0.009251 -0.0173869 0.000651795 -0.00169813 -0.0173869 0.0869824 
0.010386 -0.0185774 -0.000559654 0.000627676 -0.0185774 0.0895588 0.000627443 -0.00162294 -0.000559654 0.000627443 0.00923513 -0.0173085 0.000627676 -0.00162294 -0.0173085 0.0867807 
0.0103731 -0.0185978 -0.000582324 0.000624432 -0.0185978 0.0896773 0.000624749 -0.0015801 -0.000582324 0.000624749 0.00924154 -0.0172842 0.000624432 -0.0015801 -0.0172842 0.0866424 
0.0103563 -0.0185924 -0.000588304 0.000663241 -0.0185924 0.0897476 0.000670985 -0.00165198 -0.000588304 0.000670985 0.00927303 -0.0173074 0.000663241 -0.00165198 -0.0173074 0.0866772 
0.0103178 -0.018546 -0.00056893 0.000663465 -0.018546 0.0896154 0.000677027 -0.00168927 -0.00056893 0.000677027 0.00929265 -0.017322 0.000663465 -0.00168927 -0.017322 0.0866392 
0.010322 -0.0185466 -0.00057972 0.000648631 -0.0185466 0.089733 0.000656582 -0.0016808 -0.00057972 0.000656582 0.00932716 -0.0174111 0.000648631 -0.0016808 -0.0174111 0.0869619 
0.0103172 -0.0185361 -0.00059391 0.000666793 -0.0185361 0.0897529 0.000667824 -0.0016947 -0.00059391 0.000667824 0.00936836 -0.0174725 0.000666793 -0.0016947 -0.0174725 0.0872323 
0.0102563 -0.0184891 -0.000597932 0.00068112 -0.0184891 0.0895677 0.00067661 -0.00171499 -0.000597932 0.00067661 0.00942147 -0.0174876 0.00068112 -0.00171499 -0.0174876 0.0872513 
0.01018 -0.0183509 -0.000583297 0.000689685 -0.0183509 0.0890647 0.000677054 -0.00173322 -0.000583297 0.000677054 0.00942966 -0.0174913 0.000689685 -0.00173322 -0.0174913 0.087054 
0.0101658 -0.0182893 -0.000583991 0.000678456 -0.0182893 0.0888646 0.000660233 -0.00172194 -0.000583991 0.000660233 0.009435 -0.0175534 0.000678456 -0.00172194 -0.0175534 0.0872125 
0.0102652 -0.0183815 -0.000569423 0.000666835 -0.0183815 0.0893162 0.000650259 -0.00168036 -0.000569423 0.000650259 0.00943291 -0.0176916 0.000666835 -0.00168036 -0.0176916 0.0879145 
0.0102889 -0.0184177 -0.000571143 0.000649703 -0.0184177 0.0893044 0.000639708 -0.00164886 -0.000571143 0.000639708 0.00936462 -0.0176054 0.000649703 -0.00164886 -0.0176054 0.0878033 
0.0101966 -0.0183145 -0.000586551 0.000653563 -0.0183145 0.0886892 0.000651467 -0.00165424 -0.000586551 0.000651467 0.00926991 -0.0173672 0.000653563 -0.00165424 -0.0173672 0.0868721 
0.0102065 -0.0183564 -0.000595559 0.000683732 -0.0183564 0.0889422 0.000684509 -0.00172459 -0.000595559 0.000684509 0.00926252 -0.0173571 0.000683732 -0.00172459 -0.0173571 0.0868572 
0.0102699 -0.0184295 -0.000568697 0.00068196 -0.0184295 0.0893573 0.000686541 -0.0017401 -0.000568697 0.000686541 0.00929197 -0.0173947 0.00068196 -0.0017401 -0.0173947 0.0871046 
0.0102698 -0.0183672 -0.000537942 0.000633117 -0.0183672 0.0890045 0.000645082 -0.00166003 -0.000537942 0.000645082 0.0092078 -0.0173113 0.000633117 -0.00166003 -0.0173113 0.0866747 
0.0103331 -0.018482 -0.000532998 0.000603736 -0.018482 0.089399 0.000619884 -0.00158742 -0.000532998 0.000619884 0.00919468 -0.0173191 0.000603736 -0.00158742 -0.0173191 0.0868714 
0.0103205 -0.0185127 -0.000542235 0.000596066 -0.0185127 0.089492 0.000607722 -0.00153461 -0.000542235 0.000607722 0.009208 -0.0172764 0.000596066 -0.00153461 -0.0172764 0.0867787 
0.0102503 -0.0184675 -0.000551847 0.000616374 -0.0184675 0.0893373 0.000614468 -0.00154258 -0.000551847 0.000614468 0.00924778 -0.0172414 0.000616374 -0.00154258 -0.0172414 0.0865384 
0.010274 -0.0185089 -0.000534579 0.000634803 -0.0185089 0.089736 0.000619423 -0.00156955 -0.000534579 0.000619423 0.00934667 -0.0174065 0.000634803 -0.00156955 -0.0174065 0.0871017 
0.0102259 -0.0184155 -0.000504695 0.000612895 -0.0184155 0.089364 0.000593677 -0.00154271 -0.000504695 0.000593677 0.00934827 -0.0174211 0.000612895 -0.00154271 -0.0174211 0.0870081 
0.0102287 -0.018385 -0.000486763 0.00057772 -0.018385 0.0892487 0.000565127 -0.00148083 -0.000486763 0.000565127 0.00934592 -0.0174592 0.00057772 -0.00148083 -0.0174592 0.0871206 
0.0102848 -0.0184489 -0.000491175 0.000549579 -0.0184489 0.0895181 0.000545955 -0.0014106 -0.000491175 0.000545955 0.00936134 -0.01753 0.000549579 -0.0014106 -0.01753 0.0874988 
0.0102842 -0.0183662 -0.00050097 0.000538808 -0.0183662 0.0890144 0.000535295 -0.00134884 -0.00050097 0.000535295 0.00922944 -0.0173994 0.000538808 -0.00134884 -0.0173994 0.086949 
0.0103475 -0.0184986 -0.000518981 0.000565025 -0.0184986 0.0894069 0.000560548 -0.00138337 -0.000518981 0.000560548 0.00920018 -0.0173405 0.000565025 -0.00138337 -0.0173405 0.0869842 
0.0103353 -0.0185275 -0.000522092 0.00058684 -0.0185275 0.0894623 0.00058433 -0.00144034 -0.000522092 0.00058433 0.00919435 -0.0172465 0.00058684 -0.00144034 -0.0172465 0.0866652 
0.010328 -0.018509 -0.000515985 0.000594785 -0.018509 0.089442 0.000597483 -0.00148978 -0.000515985 0.000597483 0.00919307 -0.0172402 0.000594785 -0.00148978 -0.0172402 0.0865236 
0.0103054 -0.0184948 -0.000517175 0.000593111 -0.0184948 0.0894065 0.000600006 -0.00151787 -0.000517175 0.000600006 0.00924314 -0.0172661 0.000593111 -0.00151787 -0.0172661 0.086572 
0.0102842 -0.018442 -0.000508861 0.000588712 -0.018442 0.0892177 0.000593952 -0.00151221 -0.000508861 0.000593952 0.00926252 -0.0172999 0.000588712 -0.00151221 -0.0172999 0.0865554 
0.0102849 -0.01843 -0.000512096 0.000584374 -0.01843 0.0891472 0.000583919 -0.00150313 -0.000512096 0.000583919 0.00925214 -0.0173287 0.000584374 -0.00150313 -0.0173287 0.0866187 
0.0103184 -0.0185162 -0.000512554 0.000591847 -0.0185162 0.089534 0.00058228 -0.00149959 -0.000512554 0.00058228 0.00927887 -0.0173982 0.000591847 -0.00149959 -0.0173982 0.0870218 
0.0102766 -0.0184144 -0.000521821 0.000589045 -0.0184144 0.0891069 0.000574632 -0.00148548 -0.000521821 0.000574632 0.00920034 -0.0173148 0.000589045 -0.00148548 -0.0173148 0.0866457 
0.0102888 -0.018453 -0.000545404 0.000603947 -0.018453 0.0892939 0.000594918 -0.00151086 -0.000545404 0.000594918 0.00923387 -0.01733 0.000603947 -0.00151086 -0.01733 0.0868577 
0.0102832 -0.0183803 -0.000517281 0.000626117 -0.0183803 0.0889945 0.00062114 -0.00155807 -0.000517281 0.00062114 0.00921282 -0.0172963 0.000626117 -0.00155807 -0.0172963 0.0866464 
0.0103025 -0.0184004 -0.000488715 0.000599169 -0.0184004 0.0889752 0.000594454 -0.00154943 -0.000488715 0.000594454 0.0092186 -0.0172928 0.000599169 -0.00154943 -0.0172928 0.0866363 
0.0103413 -0.0184351 -0.000471885 0.000551921 -0.0184351 0.0890528 0.000544801 -0.00144511 -0.000471885 0.000544801 0.00918162 -0.0173032 0.000551921 -0.00144511 -0.0173032 0.0866635 
0.010375 -0.0185069 -0.000468093 0.000529406 -0.0185069 0.0892822 0.000523144 -0.00136001 -0.000468093 0.000523144 0.00915324 -0.0172835 0.000529406 -0.00136001 -0.0172835 0.08673 
0.0103536 -0.0184931 -0.00047912 0.000520148 -0.0184931 0.0891905 0.000520503 -0.00131728 -0.00047912 0.000520503 0.00912214 -0.0172031 0.000520148 -0.00131728 -0.0172031 0.0864651 
0.0103207 -0.0184846 -0.000497009 0.000545623 -0.0184846 0.0891861 0.000547111 -0.00136204 -0.000497009 0.000547111 0.009138 -0.0171781 0.000545623 -0.00136204 -0.0171781 0.0863616 
0.0102999 -0.0184695 -0.000516217 0.000575316 -0.0184695 0.089241 0.000570661 -0.00143366 -0.000516217 0.000570661 0.0091496 -0.0172165 0.000575316 -0.00143366 -0.0172165 0.086462 
0.0103544 -0.018527 -0.000503204 0.00059314 -0.018527 0.0896317 0.000589459 -0.00148412 -0.000503204 0.000589459 0.00918457 -0.0173141 0.00059314 -0.00148412 -0.0173141 0.0869527 
0.0103043 -0.0184236 -0.000460407 0.000585416 -0.0184236 0.0891089 0.000583806 -0.00150527 -0.000460407 0.000583806 0.00913725 -0.0172089 0.000585416 -0.00150527 -0.0172089 0.0864938 
0.0103456 -0.018508 -0.000429166 0.000529819 -0.018508 0.0894667 0.00052922 -0.00141916 -0.000429166 0.00052922 0.00919248 -0.0172694 0.000529819 -0.00141916 -0.0172694 0.0868008 
0.010302 -0.0184365 -0.000407085 0.000480649 -0.0184365 0.0891278 0.000480425 -0.00128742 -0.000407085 0.000480425 0.00916455 -0.01723 0.000480649 -0.00128742 -0.01723 0.0865015 
0.0103543 -0.0185326 -0.000409904 0.000455064 -0.0185326 0.0896146 0.00045402 -0.00119239 -0.000409904 0.00045402 0.00922485 -0.017348 0.000455064 -0.00119239 -0.017348 0.0870546 
0.0102766 -0.0183961 -0.000415506 0.000454196 -0.0183961 0.088955 0.000453349 -0.00115236 -0.000415506 0.000453349 0.00913409 -0.0172255 0.000454196 -0.00115236 -0.0172255 0.0864394 
0.0103043 -0.0184501 -0.000431858 0.000467918 -0.0184501 0.0891938 0.000473599 -0.00117916 -0.000431858 0.000473599 0.00912766 -0.0172252 0.000467918 -0.00117916 -0.0172252 0.0865693 
0.0103369 -0.0185346 -0.000447603 0.000493213 -0.0185346 0.0895975 0.000504915 -0.00124497 -0.000447603 0.000504915 0.0091667 -0.0172583 0.000493213 -0.00124497 -0.0172583 0.086824 
0.0103344 -0.018537 -0.000462951 0.000509501 -0.018537 0.0896813 0.00052171 -0.00129586 -0.000462951 0.00052171 0.00918385 -0.0172803 0.000509501 -0.00129586 -0.0172803 0.0868813 
0.0103224 -0.0185356 -0.000475026 0.000532879 -0.0185356 0.0897293 0.000537568 -0.0013479 -0.000475026 0.000537568 0.00921249 -0.0173102 0.000532879 -0.0013479 -0.0173102 0.0869911 
0.0103012 -0.0184869 -0.000462572 0.000544983 -0.0184869 0.0895433 0.000542821 -0.00137635 -0.000462572 0.000542821 0.0092054 -0.0172915 0.000544983 -0.00137635 -0.0172915 0.0868563 
0.0102607 -0.0183617 -0.000433089 0.000524852 -0.0183617 0.0889384 0.000521846 -0.00134687 -0.000433089 0.000521846 0.00914094 -0.0171863 0.000524852 -0.00134687 -0.0171863 0.0863038 
0.0102366 -0.0184024 -0.000421839 0.000482975 -0.0184024 0.0890022 0.000476595 -0.00125317 -0.000421839 0.000476595 0.00916972 -0.0171733 0.000482975 -0.00125317 -0.0171733 0.0862765 
0.0103366 -0.0185174 -0.000400879 0.000459627 -0.0185174 0.0896751 0.000454511 -0.00116021 -0.000400879 0.000454511 0.0092147 -0.0173323 0.000459627 -0.00116021 -0.0173323 0.0869407 
0.0103216 -0.0184924 -0.000391011 0.000431784 -0.0184924 0.0894521 0.000433784 -0.00109104 -0.000391011 0.000433784 0.00918989 -0.0172597 0.000431784 -0.00109104 -0.0172597 0.0866738 
0.0103336 -0.0185595 -0.000405632 0.000451069 -0.0185595 0.0897531 0.000457157 -0.00113845 -0.000405632 0.000457157 0.00922887 -0.0173241 0.000451069 -0.00113845 -0.0173241 0.0869495 
0.0102944 -0.0185409 -0.000410659 0.000467225 -0.0185409 0.089753 0.00047086 -0.00118401 -0.000410659 0.00047086 0.00926507 -0.0173484 0.000467225 -0.00118401 -0.0173484 0.0870237 
0.0102421 -0.0184007 -0.00041062 0.000474165 -0.0184007 0.0892642 0.000472928 -0.00120822 -0.00041062 0.000472928 0.00921937 -0.0173453 0.000474165 -0.00120822 -0.0173453 0.0868476 
0.0102554 -0.0184053 -0.000422183 0.00046365 -0.0184053 0.0892943 0.000463044 -0.00118832 -0.000422183 0.000463044 0.00921545 -0.0173688 0.00046365 -0.00118832 -0.0173688 0.087073 
0.0102567 -0.0183799 -0.000440308 0.000478962 -0.0183799 0.0891575 0.00047642 -0.00119967 -0.000440308 0.00047642 0.00917899 -0.017329 0.000478962 -0.00119967 -0.017329 0.0869852 
0.0102427 -0.0183696 -0.000467831 0.00050693 -0.0183696 0.0890421 0.000502517 -0.00125529 -0.000467831 0.000502517 0.00915595 -0.0172624 0.00050693 -0.00125529 -0.0172624 0.0867848 
0.0101984 -0.0183287 -0.000499068 0.000540985 -0.0183287 0.0888422 0.000539624 -0.00133707 -0.000499068 0.000539624 0.00915498 -0.0171988 0.000540985 -0.00133707 -0.0171988 0.0864922 
0.010156 -0.0182893 -0.000514458 0.000587274 -0.0182893 0.0887223 0.000586576 -0.00145346 -0.000514458 0.000586576 0.00918017 -0.0171934 0.000587274 -0.00145346 -0.0171934 0.0863638 
0.0102068 -0.0184121 -0.000515949 0.000607429 -0.0184121 0.0893965 0.000605321 -0.00153091 -0.000515949 0.000605321 0.00931549 -0.0173582 0.000607429 -0.00153091 -0.0173582 0.0870646 
0.0102347 -0.018392 -0.000487017 0.000593294 -0.018392 0.0894013 0.000596008 -0.0015234 -0.000487017 0.000596008 0.00934019 -0.017452 0.000593294 -0.0015234 -0.017452 0.087268 
0.0101944 -0.0182781 -0.000450729 0.000548196 -0.0182781 0.0887596 0.000554522 -0.0014417 -0.000450729 0.000554522 0.00925651 -0.0173688 0.000548196 -0.0014417 -0.0173688 0.0868029 
0.0103025 -0.0184416 -0.000403319 0.000495832 -0.0184416 0.0894221 0.000498632 -0.0013048 -0.000403319 0.000498632 0.00926527 -0.0174589 0.000495832 -0.0013048 -0.0174589 0.0873828 
0.0103212 -0.0184884 -0.000415121 0.000449658 -0.0184884 0.089509 0.000450814 -0.001187 -0.000415121 0.000450814 0.00923107 -0.0173806 0.000449658 -0.001187 -0.0173806 0.087212 
0.0102889 -0.0185202 -0.000441639 0.000460624 -0.0185202 0.0896317 0.000461471 -0.00115015 -0.000441639 0.000461471 0.00926142 -0.0173553 0.000460624 -0.00115015 -0.0173553 0.0871439 
0.0102401 -0.0184241 -0.000441638 0.000487296 -0.0184241 0.0893354 0.000484168 -0.00117748 -0.000441638 0.000484168 0.00925214 -0.0173335 0.000487296 -0.00117748 -0.0173335 0.0868953 
0.0102228 -0.0183442 -0.000435525 0.000502913 -0.0183442 0.0889974 0.000493787 -0.00122991 -0.000435525 0.000493787 0.00922559 -0.0173028 0.000502913 -0.00122991 -0.0173028 0.086679 
0.0102407 -0.0183348 -0.000411609 0.000496978 -0.0183348 0.088884 0.000487905 -0.00124031 -0.000411609 0.000487905 0.00916964 -0.017296 0.000496978 -0.00124031 -0.017296 0.0866367 
0.0102607 -0.0183861 -0.000401651 0.000461416 -0.0183861 0.0890068 0.00045654 -0.00118201 -0.000401651 0.00045654 0.00916334 -0.0172491 0.000461416 -0.00118201 -0.0172491 0.0866169 
0.010296 -0.0184395 -0.000415869 0.000455489 -0.0184395 0.0892423 0.000453564 -0.00115734 -0.000415869 0.000453564 0.00916543 -0.0172636 0.000455489 -0.00115734 -0.0172636 0.0867094 
0.0103333 -0.0184983 -0.000426025 0.000463063 -0.0184983 0.0894807 0.000460276 -0.00114906 -0.000426025 0.000460276 0.00916228 -0.0172733 0.000463063 -0.00114906 -0.0172733 0.086812 
0.0103097 -0.0185372 -0.000436465 0.000472688 -0.0185372 0.0896327 0.000471949 -0.00116185 -0.000436465 0.000471949 0.00920969 -0.0172702 0.000472688 -0.00116185 -0.0172702 0.0868522 
0.0102959 -0.0185185 -0.000479002 0.000501237 -0.0185185 0.0897234 0.000498752 -0.00123235 -0.000479002 0.000498752 0.00925233 -0.0173522 0.000501237 -0.00123235 -0.0173522 0.0870679 
0.0102505 -0.0183875 -0.00050632 0.00056708 -0.0183875 0.0891806 0.000561913 -0.00137797 -0.00050632 0.000561913 0.00924293 -0.0173072 0.00056708 -0.00137797 -0.0173072 0.0867618 
0.0102817 -0.0184113 -0.000499837 0.000593519 -0.0184113 0.0892449 0.00059267 -0.0014826 -0.000499837 0.00059267 0.00928097 -0.0173839 0.000593519 -0.0014826 -0.0173839 0.0870228 
0.0102891 -0.018471 -0.000502256 0.000585758 -0.018471 0.0894314 0.000589888 -0.00151747 -0.000502256 0.000589888 0.00933053 -0.0174384 0.000585758 -0.00151747 -0.0174384 0.0872554 
0.0102982 -0.018466 -0.000486681 0.000567915 -0.018466 0.0894649 0.000571921 -0.00147042 -0.000486681 0.000571921 0.0093293 -0.0174846 0.000567915 -0.00147042 -0.0174846 0.0873735 
0.0103133 -0.0184701 -0.000482853 0.000543341 -0.0184701 0.089469 0.000546673 -0.00140466 -0.000482853 0.000546673 0.00929965 -0.0174859 0.000543341 -0.00140466 -0.0174859 0.0874306 
0.0103379 -0.0185158 -0.000495542 0.000534514 -0.0185158 0.0896197 0.000543487 -0.00136415 -0.000495542 0.000543487 0.00926567 -0.01746 0.000534514 -0.00136415 -0.01746 0.0874616 
0.0102444 -0.0183854 -0.000513113 0.000545043 -0.0183854 0.0889517 0.0005591 -0.00136665 -0.000513113 0.0005591 0.0091856 -0.017255 0.000545043 -0.00136665 -0.017255 0.0865974 
0.0102617 -0.0184151 -0.000513332 0.000570302 -0.0184151 0.0891668 0.000582017 -0.00140893 -0.000513332 0.000582017 0.00922222 -0.0172884 0.000570302 -0.00140893 -0.0172884 0.0867224 
0.0102639 -0.0183757 -0.000498858 0.000572976 -0.0183757 0.089014 0.00057621 -0.0014271 -0.000498858 0.00057621 0.009217 -0.0172893 0.000572976 -0.0014271 -0.0172893 0.086631 
0.0102996 -0.0184728 -0.000476809 0.000560859 -0.0184728 0.0894102 0.000556191 -0.001409 -0.000476809 0.000556191 0.00929409 -0.0173774 0.000560859 -0.001409 -0.0173774 0.0870502 
0.0102904 -0.018444 -0.000502971 0.000545745 -0.018444 0.0892737 0.000537807 -0.00138768 -0.000502971 0.000537807 0.00928921 -0.017371 0.000545745 -0.00138768 -0.017371 0.0869078 
0.0102634 -0.0184758 -0.000524097 0.000566813 -0.0184758 0.0893591 0.000558094 -0.00139383 -0.000524097 0.000558094 0.00932013 -0.0173719 0.000566813 -0.00139383 -0.0173719 0.0869022 
0.0102914 -0.0185612 -0.000547755 0.000604209 -0.0185612 0.0898844 0.000597521 -0.00147871 -0.000547755 0.000597521 0.00939125 -0.0174921 0.000604209 -0.00147871 -0.0174921 0.0873877 
0.0102333 -0.0184153 -0.00053451 0.000626422 -0.0184153 0.0893163 0.00062181 -0.00154854 -0.00053451 0.00062181 0.00931548 -0.017424 0.000626422 -0.00154854 -0.017424 0.0869581 
0.0102237 -0.0183774 -0.000525756 0.000602192 -0.0183774 0.0891547 0.000600745 -0.00153301 -0.000525756 0.000600745 0.00929102 -0.0174031 0.000602192 -0.00153301 -0.0174031 0.0869307 
0.01023 -0.0184405 -0.000511054 0.000594039 -0.0184405 0.0894518 0.000596759 -0.00151148 -0.000511054 0.000596759 0.00935725 -0.0174555 0.000594039 -0.00151148 -0.0174555 0.0872677 
0.0101784 -0.0183365 -0.000482706 0.000572081 -0.0183365 0.0890745 0.000578275 -0.00147209 -0.000482706 0.000578275 0.00933759 -0.0174413 0.000572081 -0.00147209 -0.0174413 0.087064 
0.010164 -0.0182786 -0.000477988 0.000552877 -0.0182786 0.0888244 0.000560783 -0.00144744 -0.000477988 0.000560783 0.00930634 -0.017423 0.000552877 -0.00144744 -0.017423 0.0869706 
0.0102082 -0.0183677 -0.000509536 0.000553644 -0.0183677 0.089213 0.000566048 -0.00144969 -0.000509536 0.000566048 0.00932603 -0.0174928 0.000553644 -0.00144969 -0.0174928 0.0873988 
0.0102182 -0.0183782 -0.000525307 0.00057942 -0.0183782 0.089253 0.000593268 -0.00147751 -0.000525307 0.000593268 0.00931573 -0.0174537 0.00057942 -0.00147751 -0.0174537 0.0873375 
0.0102213 -0.0183911 -0.000532266 0.000592025 -0.0183911 0.0893104 0.000605122 -0.00150449 -0.000532266 0.000605122 0.00931553 -0.0174468 0.000592025 -0.00150449 -0.0174468 0.0873187 
0.010203 -0.0183921 -0.000505261 0.000588921 -0.0183921 0.0892971 0.000600055 -0.00149203 -0.000505261 0.000600055 0.00931429 -0.017411 0.000588921 -0.00149203 -0.017411 0.0871786 
0.0101518 -0.0182839 -0.00046367 0.000554669 -0.0182839 0.0888374 0.000561145 -0.00142281 -0.00046367 0.000561145 0.00926759 -0.0173234 0.000554669 -0.00142281 -0.0173234 0.0866916 
0.0102162 -0.0184162 -0.000444647 0.000511762 -0.0184162 0.0894669 0.000511875 -0.00132233 -0.000444647 0.000511875 0.00933775 -0.0174449 0.000511762 -0.00132233 -0.0174449 0.0872883 
