0.00757429 0 0.000499598 0 0 0.00989668 0 0 0.000499598 0 0.00666633 0 0 0 0 0.00989668 
0.010817 -0.0134111 0.000736 -0.000893717 -0.0134111 0.034914 -0.000893717 0.00171404 0.000736 -0.000893717 0.00960991 -0.0119457 -0.000893717 0.00171404 -0.0119457 0.0321036 
0.0107124 -0.0197242 0.00064214 -0.000957561 -0.0197242 0.0721216 -0.000957561 0.00297915 0.00064214 -0.000957561 0.00960057 -0.0182407 -0.000957561 0.00297915 -0.0182407 0.0675301 
0.0101013 -0.0190247 0.000560403 -0.000647532 -0.0190247 0.0843476 -0.000655586 0.00206456 0.000560403 -0.000655586 0.00901022 -0.0179608 -0.000647532 0.00206456 -0.0179608 0.0814425 
0.00998551 -0.0181307 0.000535245 -0.00061788 -0.0181307 0.0858929 -0.000632408 0.00177656 0.000535245 -0.000632408 0.00884953 -0.0170405 -0.00061788 0.00177656 -0.0170405 0.0836827 
0.0102258 -0.0181931 0.000527335 -0.000626387 -0.0181931 0.0873685 -0.000640903 0.00179005 0.000527335 -0.000640903 0.00892342 -0.0169614 -0.000626387 0.00179005 -0.0169614 0.0848763 
0.0105987 -0.0187939 0.000529116 -0.000621747 -0.0187939 0.0902442 -0.000636394 0.00176257 0.000529116 -0.000636394 0.00914447 -0.0173248 -0.000621747 0.00176257 -0.0173248 0.0871593 
0.0105249 -0.0186985 0.000507641 -0.000598258 -0.0186985 0.0897342 -0.000608487 0.00164492 0.000507641 -0.000608487 0.00905126 -0.0170743 -0.000598258 0.00164492 -0.0170743 0.0861422 
0.0106475 -0.0189198 0.000464979 -0.000566728 -0.0189198 0.090872 -0.000574626 0.00152279 0.000464979 -0.000574626 0.00917969 -0.0172565 -0.000566728 0.00152279 -0.0172565 0.0870242 
0.0104789 -0.018693 0.000431616 -0.000516666 -0.018693 0.0897883 -0.000522179 0.00139152 0.000431616 -0.000522179 0.00913107 -0.0170749 -0.000516666 0.00139152 -0.0170749 0.0859651 
0.0105609 -0.018885 0.000460268 -0.000507137 -0.018885 0.0908805 -0.000506775 0.0013508 0.000460268 -0.000506775 0.0093157 -0.017402 -0.000507137 0.0013508 -0.017402 0.087286 
0.0104828 -0.0187028 0.000469975 -0.000528228 -0.0187028 0.0901629 -0.000521552 0.00134741 0.000469975 -0.000521552 0.00926973 -0.0173771 -0.000528228 0.00134741 -0.0173771 0.0869651 
0.0104507 -0.0186126 0.000473817 -0.000543574 -0.0186126 0.0897122 -0.000539345 0.00138841 0.000473817 -0.000539345 0.00920755 -0.017331 -0.000543574 0.00138841 -0.017331 0.0867559 
0.0104444 -0.0186717 0.000511558 -0.000559513 -0.0186717 0.0899231 -0.000560881 0.00145392 0.000511558 -0.000560881 0.00924478 -0.0173478 -0.000559513 0.00145392 -0.0173478 0.0869793 
0.0105075 -0.0187633 0.000562903 -0.000607875 -0.0187633 0.0904774 -0.000614483 0.00156313 0.000562903 -0.000614483 0.00930098 -0.0174746 -0.000607875 0.00156313 -0.0174746 0.0875567 
0.0104745 -0.0187077 0.000565096 -0.000649306 -0.0187077 0.0902125 -0.000657363 0.00165383 0.000565096 -0.000657363 0.00929817 -0.0174235 -0.000649306 0.00165383 -0.0174235 0.0873348 
0.0104511 -0.018702 0.000554884 -0.00065034 -0.018702 0.0901827 -0.000657218 0.00168828 0.000554884 -0.000657218 0.00934157 -0.0174321 -0.00065034 0.00168828 -0.0174321 0.0873098 
0.0104598 -0.0187281 0.00057437 -0.000642255 -0.0187281 0.0903835 -0.000648939 0.00168731 0.00057437 -0.000648939 0.0093904 -0.0175318 -0.000642255 0.00168731 -0.0175318 0.0876144 
0.0103789 -0.018585 0.000568882 -0.000654161 -0.018585 0.0897807 -0.000660873 0.00168557 0.000568882 -0.000660873 0.00937714 -0.0174821 -0.000654161 0.00168557 -0.0174821 0.0872587 
0.0103486 -0.0185189 0.000570596 -0.000658315 -0.0185189 0.0894942 -0.000661351 0.00170503 0.000570596 -0.000661351 0.00938115 -0.0174811 -0.000658315 0.00170503 -0.0174811 0.0871518 
0.0104273 -0.0185868 0.000560961 -0.000666616 -0.0185868 0.0898077 -0.000665431 0.00172501 0.000560961 -0.000665431 0.00938312 -0.0175813 -0.000666616 0.00172501 -0.0175813 0.0875782 
0.0105143 -0.0187915 0.000586882 -0.000662937 -0.0187915 0.0906313 -0.000661307 0.00173665 0.000586882 -0.000661307 0.00942293 -0.017685 -0.000662937 0.00173665 -0.017685 0.0882745 
0.0105106 -0.0188194 0.000620502 -0.000687476 -0.0188194 0.0907789 -0.000684513 0.00176561 0.000620502 -0.000684513 0.00942771 -0.0176326 -0.000687476 0.00176561 -0.0176326 0.0881837 
0.0104892 -0.0188076 0.000621605 -0.000720405 -0.0188076 0.0907758 -0.000714618 0.0018216 0.000621605 -0.000714618 0.00943979 -0.0176038 -0.000720405 0.0018216 -0.0176038 0.0880256 
0.0104442 -0.0187356 0.000616612 -0.000714889 -0.0187356 0.0904999 -0.000713656 0.00183767 0.000616612 -0.000713656 0.00944254 -0.0175652 -0.000714889 0.00183767 -0.0175652 0.0877377 
0.0103718 -0.0186298 0.000609291 -0.000692867 -0.0186298 0.0900485 -0.000695855 0.00178923 0.000609291 -0.000695855 0.00942662 -0.0175229 -0.000692867 0.00178923 -0.0175229 0.0873906 
0.010288 -0.0184821 0.000570274 -0.000680578 -0.0184821 0.0894013 -0.00068639 0.00174732 0.000570274 -0.00068639 0.00938257 -0.0174334 -0.000680578 0.00174732 -0.0174334 0.086862 
0.0102902 -0.0184527 0.000541554 -0.000642533 -0.0184527 0.0892976 -0.000654426 0.00169164 0.000541554 -0.000654426 0.00935935 -0.0174489 -0.000642533 0.00169164 -0.0174489 0.0868723 
0.0102791 -0.0184876 0.000544885 -0.00061535 -0.0184876 0.089426 -0.000629666 0.00163387 0.000544885 -0.000629666 0.00938988 -0.017471 -0.00061535 0.00163387 -0.017471 0.0870534 
0.0103026 -0.0184575 0.000551675 -0.00061724 -0.0184575 0.0894231 -0.000625868 0.00160331 0.000551675 -0.000625868 0.00935874 -0.017525 -0.00061724 0.00160331 -0.017525 0.0872344 
0.0103042 -0.0184558 0.000537312 -0.00062137 -0.0184558 0.0893238 -0.000621601 0.00158571 0.000537312 -0.000621601 0.00931869 -0.0174655 -0.00062137 0.00158571 -0.0174655 0.0871496 
0.0102926 -0.0184092 0.000505035 -0.000608003 -0.0184092 0.0890403 -0.000603182 0.00155783 0.000505035 -0.000603182 0.00925606 -0.0173495 -0.000608003 0.00155783 -0.0173495 0.086716 
0.0104139 -0.0187569 0.000525312 -0.000586274 -0.0187569 0.0906147 -0.000582043 0.00152971 0.000525312 -0.000582043 0.00946188 -0.0175915 -0.000586274 0.00152971 -0.0175915 0.0880207 
0.010217 -0.018411 0.000537614 -0.000586712 -0.018411 0.0891915 -0.000585605 0.00149379 0.000537614 -0.000585605 0.00933133 -0.017393 -0.000586712 0.00149379 -0.017393 0.0867487 
0.0102115 -0.018328 0.000542426 -0.000624094 -0.018328 0.0889289 -0.000623148 0.00156783 0.000542426 -0.000623148 0.00930268 -0.0173974 -0.000624094 0.00156783 -0.0173974 0.0867345 
0.0103699 -0.0185943 0.000548519 -0.000634781 -0.0185943 0.0901421 -0.000628761 0.00161596 0.000548519 -0.000628761 0.00942926 -0.0176288 -0.000634781 0.00161596 -0.0176288 0.0879934 
0.0102972 -0.0185527 0.00054007 -0.000623544 -0.0185527 0.0898471 -0.000613742 0.0015888 0.00054007 -0.000613742 0.00943246 -0.0175387 -0.000623544 0.0015888 -0.0175387 0.0876019 
0.0102248 -0.0184748 0.000524504 -0.00061115 -0.0184748 0.0896078 -0.00060414 0.00155835 0.000524504 -0.00060414 0.00945679 -0.0175365 -0.00061115 0.00155835 -0.0175365 0.0874149 
0.0102282 -0.0184073 0.000502418 -0.000594545 -0.0184073 0.0894631 -0.000589523 0.001524 0.000502418 -0.000589523 0.00943992 -0.0175975 -0.000594545 0.001524 -0.0175975 0.0875223 
0.0102507 -0.0184274 0.000482454 -0.000576263 -0.0184274 0.0894886 -0.000566297 0.00148474 0.000482454 -0.000566297 0.00940124 -0.0176008 -0.000576263 0.00148474 -0.0176008 0.0876445 
0.0101928 -0.0183525 0.000474044 -0.000551975 -0.0183525 0.0890628 -0.000542914 0.0014302 0.000474044 -0.000542914 0.00935622 -0.0174603 -0.000551975 0.0014302 -0.0174603 0.0871435 
0.0101786 -0.0183346 0.000480153 -0.00054929 -0.0183346 0.0890145 -0.000545843 0.00141861 0.000480153 -0.000545843 0.00936304 -0.0174506 -0.00054929 0.00141861 -0.0174506 0.0870558 
0.0102831 -0.0185347 0.000466784 -0.000542515 -0.0185347 0.0900001 -0.000541933 0.00139324 0.000466784 -0.000541933 0.00947256 -0.0176489 -0.000542515 0.00139324 -0.0176489 0.0880103 
0.0103002 -0.0185382 0.00046494 -0.000534932 -0.0185382 0.0900501 -0.000529897 0.00137732 0.00046494 -0.000529897 0.00945216 -0.0176717 -0.000534932 0.00137732 -0.0176717 0.0880903 
0.0102104 -0.0183242 0.000459875 -0.000523054 -0.0183242 0.0889695 -0.000517876 0.00133853 0.000459875 -0.000517876 0.00927657 -0.0174317 -0.000523054 0.00133853 -0.0174317 0.0870026 
0.01025 -0.0183822 0.000460267 -0.000522657 -0.0183822 0.0891358 -0.000521137 0.00133223 0.000460267 -0.000521137 0.00923983 -0.0173842 -0.000522657 0.00133223 -0.0173842 0.0869993 
0.0102655 -0.0184378 0.000451127 -0.000528761 -0.0184378 0.0893125 -0.000531763 0.0013538 0.000451127 -0.000531763 0.00923841 -0.0173329 -0.000528761 0.0013538 -0.0173329 0.0869157 
0.0102663 -0.0184473 0.000436125 -0.000521806 -0.0184473 0.0893743 -0.00051867 0.00134913 0.000436125 -0.00051867 0.00924019 -0.0173179 -0.000521806 0.00134913 -0.0173179 0.0868274 
0.0101618 -0.0183731 0.000426636 -0.00049014 -0.0183731 0.0890421 -0.000479963 0.001271 0.000426636 -0.000479963 0.00925965 -0.0172518 -0.00049014 0.001271 -0.0172518 0.0864668 
0.0102729 -0.0185492 0.000433778 -0.000490181 -0.0185492 0.0901406 -0.000475848 0.00124086 0.000433778 -0.000475848 0.00939668 -0.0175373 -0.000490181 0.00124086 -0.0175373 0.0876812 
0.0102079 -0.0184766 0.000451929 -0.000490499 -0.0184766 0.0898635 -0.000484076 0.00123311 0.000451929 -0.000484076 0.00941945 -0.0175382 -0.000490499 0.00123311 -0.0175382 0.0876378 
0.0102167 -0.0183994 0.000468042 -0.000509729 -0.0183994 0.0896347 -0.000514725 0.00127147 0.000468042 -0.000514725 0.00938963 -0.0175689 -0.000509729 0.00127147 -0.0175689 0.0876609 
0.0101963 -0.018384 0.000456618 -0.000523076 -0.018384 0.0894461 -0.000535239 0.00131585 0.000456618 -0.000535239 0.00936316 -0.0175297 -0.000523076 0.00131585 -0.0175297 0.0875806 
0.0102157 -0.0184229 0.000457303 -0.000522493 -0.0184229 0.089632 -0.000536399 0.00135279 0.000457303 -0.000536399 0.00936596 -0.0175452 -0.000522493 0.00135279 -0.0175452 0.0877322 
0.0102307 -0.0184826 0.000447057 -0.000524078 -0.0184826 0.0899277 -0.000535474 0.00136246 0.000447057 -0.000535474 0.00938949 -0.017578 -0.000524078 0.00136246 -0.017578 0.0879646 
0.0102078 -0.0183592 0.000395771 -0.000511776 -0.0183592 0.089429 -0.000520894 0.00134345 0.000395771 -0.000520894 0.00931826 -0.0174927 -0.000511776 0.00134345 -0.0174927 0.0875282 
0.0102085 -0.0183347 0.000377895 -0.000448266 -0.0183347 0.0891681 -0.00045219 0.00122538 0.000377895 -0.00045219 0.00926639 -0.0174021 -0.000448266 0.00122538 -0.0174021 0.0871909 
0.0101948 -0.0183526 0.000388448 -0.000431154 -0.0183526 0.0891323 -0.000428054 0.00113571 0.000388448 -0.000428054 0.0092701 -0.0173491 -0.000431154 0.00113571 -0.0173491 0.0869917 
0.0101802 -0.0183696 0.000399682 -0.000441079 -0.0183696 0.0892347 -0.000435344 0.00111347 0.000399682 -0.000435344 0.00930946 -0.0173743 -0.000441079 0.00111347 -0.0173743 0.087023 
0.010144 -0.0183582 0.000445439 -0.000460884 -0.0183582 0.0892713 -0.000456926 0.00115192 0.000445439 -0.000456926 0.00936579 -0.017432 -0.000460884 0.00115192 -0.017432 0.0871592 
0.0101142 -0.0183018 0.000455967 -0.000502717 -0.0183018 0.0891531 -0.000498839 0.00121676 0.000455967 -0.000498839 0.00938667 -0.0174878 -0.000502717 0.00121676 -0.0174878 0.0872641 
0.0100757 -0.018233 0.000420547 -0.000501828 -0.018233 0.0888779 -0.000494308 0.00122423 0.000420547 -0.000494308 0.00937866 -0.0174713 -0.000501828 0.00122423 -0.0174713 0.0871521 
0.0100469 -0.0182231 0.000427917 -0.000478568 -0.0182231 0.0888622 -0.000470194 0.00120979 0.000427917 -0.000470194 0.00939581 -0.0174872 -0.000478568 0.00120979 -0.0174872 0.0872098 
0.0100551 -0.0182326 0.000447169 -0.000477189 -0.0182326 0.0889996 -0.000470766 0.00118269 0.000447169 -0.000470766 0.00941796 -0.0175318 -0.000477189 0.00118269 -0.0175318 0.0874017 
0.0101287 -0.0183138 0.000437498 -0.00050071 -0.0183138 0.0894385 -0.000496813 0.00121593 0.000437498 -0.000496813 0.00942165 -0.0176351 -0.00050071 0.00121593 -0.0176351 0.0879094 
0.0101688 -0.0183531 0.000440356 -0.000505331 -0.0183531 0.0895311 -0.000510668 0.00127657 0.000440356 -0.000510668 0.00937577 -0.0175812 -0.000505331 0.00127657 -0.0175812 0.0878694 
0.0101391 -0.0183346 0.000431576 -0.000506532 -0.0183346 0.0893322 -0.000521754 0.00130927 0.000431576 -0.000521754 0.0093462 -0.0174555 -0.000506532 0.00130927 -0.0174555 0.0874253 
0.0100881 -0.0182653 0.000441947 -0.000482142 -0.0182653 0.0890385 -0.000500082 0.00127168 0.000441947 -0.000500082 0.00932986 -0.017394 -0.000482142 0.00127168 -0.017394 0.0870445 
0.0100354 -0.0181663 0.000454688 -0.000485716 -0.0181663 0.0886367 -0.000499294 0.00123899 0.000454688 -0.000499294 0.00930126 -0.0173541 -0.000485716 0.00123899 -0.0173541 0.0867404 
0.0100382 -0.0181508 0.000431997 -0.000504208 -0.0181508 0.0885775 -0.000508242 0.00124876 0.000431997 -0.000508242 0.00927679 -0.0173576 -0.000504208 0.00124876 -0.0173576 0.0867525 
0.0100581 -0.0181253 0.000372134 -0.000473323 -0.0181253 0.0884258 -0.000475572 0.00119898 0.000372134 -0.000475572 0.00921581 -0.0173068 -0.000473323 0.00119898 -0.0173068 0.0865948 
0.0102244 -0.0184275 0.000322659 -0.000420021 -0.0184275 0.0897619 -0.000425123 0.00111815 0.000322659 -0.000425123 0.00931657 -0.017503 -0.000420021 0.00111815 -0.017503 0.0877526 
0.0101972 -0.0184288 0.00031695 -0.000348749 -0.0184288 0.0897031 -0.000356999 0.0009606 0.00031695 -0.000356999 0.00929731 -0.0174312 -0.000348749 0.0009606 -0.0174312 0.087498 
0.0102063 -0.0184494 0.000334156 -0.000347146 -0.0184494 0.0898515 -0.000354597 0.000894371 0.000334156 -0.000354597 0.0093036 -0.0174314 -0.000347146 0.000894371 -0.0174314 0.0875013 
0.0102094 -0.0184743 0.000365693 -0.000382499 -0.0184743 0.0900013 -0.000390251 0.000949739 0.000365693 -0.000390251 0.0093472 -0.0174607 -0.000382499 0.000949739 -0.0174607 0.08762 
0.0100588 -0.0182016 0.000375955 -0.000416003 -0.0182016 0.0887333 -0.000421474 0.00102657 0.000375955 -0.000421474 0.0092257 -0.0172549 -0.000416003 0.00102657 -0.0172549 0.0864616 
0.0100668 -0.0182298 0.000381819 -0.000430972 -0.0182298 0.0888963 -0.000431129 0.00107794 0.000381819 -0.000431129 0.00925346 -0.0173028 -0.000430972 0.00107794 -0.0173028 0.0866954 
0.0100623 -0.018191 0.000364615 -0.00042915 -0.018191 0.0887694 -0.000422563 0.0010704 0.000364615 -0.000422563 0.00923991 -0.0173019 -0.00042915 0.0010704 -0.0173019 0.0866692 
0.0100645 -0.0182053 0.000356767 -0.00042247 -0.0182053 0.0887903 -0.000413156 0.00106914 0.000356767 -0.000413156 0.00924104 -0.0172922 -0.00042247 0.00106914 -0.0172922 0.0866799 
0.0101442 -0.0183998 0.000341268 -0.000419771 -0.0183998 0.0897414 -0.000407919 0.00106535 0.000341268 -0.000407919 0.00937877 -0.0174701 -0.000419771 0.00106535 -0.0174701 0.0875763 
0.0100779 -0.0183069 0.000339137 -0.000394037 -0.0183069 0.0894033 -0.000381208 0.001016 0.000339137 -0.000381208 0.00940042 -0.0174684 -0.000394037 0.001016 -0.0174684 0.0873784 
0.0100348 -0.0181852 0.000337455 -0.000382064 -0.0181852 0.0889438 -0.000371658 0.000965273 0.000337455 -0.000371658 0.00936943 -0.0174777 -0.000382064 0.000965273 -0.0174777 0.0872242 
0.00997001 -0.0181887 0.000336722 -0.000378777 -0.0181887 0.0889261 -0.00037017 0.000942784 0.000336722 -0.00037017 0.00943465 -0.017501 -0.000378777 0.000942784 -0.017501 0.0873829 
0.00999076 -0.0181527 0.000332321 -0.000382952 -0.0181527 0.0889926 -0.000375041 0.000948004 0.000332321 -0.000375041 0.00944374 -0.0175991 -0.000382952 0.000948004 -0.0175991 0.0876786 
0.010054 -0.0182434 0.000332983 -0.000383741 -0.0182434 0.0893802 -0.000383171 0.000969988 0.000332983 -0.000383171 0.0094729 -0.0176779 -0.000383741 0.000969988 -0.0176779 0.088166 
0.0100812 -0.0182312 0.000316887 -0.000357499 -0.0182312 0.0892829 -0.000364469 0.000912036 0.000316887 -0.000364469 0.00942816 -0.0176513 -0.000357499 0.000912036 -0.0176513 0.0880966 
0.0100904 -0.0182122 0.000305176 -0.000335446 -0.0182122 0.0890402 -0.000342487 0.000850206 0.000305176 -0.000342487 0.00936829 -0.017549 -0.000335446 0.000850206 -0.017549 0.0877361 
0.0101051 -0.0182525 0.000307604 -0.000334831 -0.0182525 0.089085 -0.000333429 0.000829034 0.000307604 -0.000333429 0.00935138 -0.0174978 -0.000334831 0.000829034 -0.0174978 0.0875727 
0.0101028 -0.0181867 0.000262145 -0.000331584 -0.0181867 0.0887221 -0.000323216 0.000801938 0.000262145 -0.000323216 0.00925953 -0.0174008 -0.000331584 0.000801938 -0.0174008 0.0870813 
0.0101945 -0.018363 0.000250497 -0.000300002 -0.018363 0.089406 -0.000296049 0.000781218 0.000250497 -0.000296049 0.00925208 -0.0174542 -0.000300002 0.000781218 -0.0174542 0.0875218 
0.0101987 -0.0184498 0.000261241 -0.00029106 -0.0184498 0.0897493 -0.000292293 0.000764348 0.000261241 -0.000292293 0.00927375 -0.0174059 -0.00029106 0.000764348 -0.0174059 0.0875284 
0.0101836 -0.0184165 0.000290483 -0.000307198 -0.0184165 0.0897411 -0.000306116 0.000787737 0.000290483 -0.000306116 0.00928069 -0.0174083 -0.000307198 0.000787737 -0.0174083 0.0874507 
0.0101701 -0.0183518 0.000326914 -0.000353484 -0.0183518 0.0894754 -0.000341479 0.000871512 0.000326914 -0.000341479 0.00925423 -0.0173735 -0.000353484 0.000871512 -0.0173735 0.0872371 
0.01017 -0.0183367 0.000334386 -0.000390542 -0.0183367 0.0893584 -0.00036781 0.000942519 0.000334386 -0.00036781 0.00924074 -0.0173611 -0.000390542 0.000942519 -0.0173611 0.0871764 
0.0102043 -0.0183578 0.000324358 -0.000400664 -0.0183578 0.0894016 -0.000377489 0.000987196 0.000324358 -0.000377489 0.00921771 -0.0173558 -0.000400664 0.000987196 -0.0173558 0.087186 
0.0101898 -0.0183668 0.000303656 -0.000361619 -0.0183668 0.0893214 -0.000352388 0.000925691 0.000303656 -0.000352388 0.00920598 -0.0172931 -0.000361619 0.000925691 -0.0172931 0.0869743 
0.0101647 -0.0183601 0.000283829 -0.000320662 -0.0183601 0.0893005 -0.000333016 0.000840424 0.000283829 -0.000333016 0.00921327 -0.0172801 -0.000320662 0.000840424 -0.0172801 0.086867 
0.0102531 -0.0184381 0.000268494 -0.000306543 -0.0184381 0.0897718 -0.000329434 0.000808957 0.000268494 -0.000329434 0.00920908 -0.0173993 -0.000306543 0.000808957 -0.0173993 0.087379 
0.0102497 -0.0184355 0.000245114 -0.000287725 -0.0184355 0.0896212 -0.000309287 0.000768082 0.000245114 -0.000309287 0.00916885 -0.0172988 -0.000287725 0.000768082 -0.0172988 0.0871239 
0.0102735 -0.0184497 0.000234554 -0.000276326 -0.0184497 0.0896422 -0.000291165 0.000747396 0.000234554 -0.000291165 0.00913427 -0.0172611 -0.000276326 0.000747396 -0.0172611 0.0869895 
0.0102839 -0.0185355 0.000228816 -0.000267723 -0.0185355 0.0899718 -0.000270951 0.000714164 0.000228816 -0.000270951 0.00916946 -0.0172742 -0.000267723 0.000714164 -0.0172742 0.0871486 
0.0102833 -0.0184867 0.00022816 -0.000264217 -0.0184867 0.0898413 -0.000254245 0.000682967 0.00022816 -0.000254245 0.00914071 -0.0172563 -0.000264217 0.000682967 -0.0172563 0.0869899 
0.0102718 -0.0184812 0.000227247 -0.000266798 -0.0184812 0.0897351 -0.000244268 0.000662843 0.000227247 -0.000244268 0.00911966 -0.0172026 -0.000266798 0.000662843 -0.0172026 0.0868029 
0.0102556 -0.0184669 0.000235705 -0.0002649 -0.0184669 0.0896457 -0.000243139 0.000652584 0.000235705 -0.000243139 0.00909952 -0.0171539 -0.0002649 0.000652584 -0.0171539 0.0865852 
0.0102485 -0.0185006 0.000240414 -0.000286047 -0.0185006 0.0898391 -0.000275256 0.0007078 0.000240414 -0.000275256 0.0091352 -0.0171859 -0.000286047 0.0007078 -0.0171859 0.0867294 
0.0101893 -0.0184783 0.000252948 -0.000278663 -0.0184783 0.0898676 -0.000273028 0.000713854 0.000252948 -0.000273028 0.00920164 -0.0172362 -0.000278663 0.000713854 -0.0172362 0.0868793 
0.0101309 -0.0183555 0.000267818 -0.000288754 -0.0183555 0.0895458 -0.00028416 0.000723305 0.000267818 -0.00028416 0.0092153 -0.0172881 -0.000288754 0.000723305 -0.0172881 0.0869168 
0.0100487 -0.0182206 0.000260563 -0.00030747 -0.0182206 0.0889822 -0.00030192 0.000754812 0.000260563 -0.00030192 0.00921677 -0.0172487 -0.00030747 0.000754812 -0.0172487 0.0866801 
0.0100389 -0.0181247 0.000205319 -0.000293728 -0.0181247 0.0886253 -0.000288485 0.000743908 0.000205319 -0.000288485 0.00918265 -0.0172668 -0.000293728 0.000743908 -0.0172668 0.0866338 
0.010036 -0.0180711 0.000169105 -0.000224445 -0.0180711 0.0882515 -0.000221031 0.000626894 0.000169105 -0.000221031 0.00912648 -0.0171932 -0.000224445 0.000626894 -0.0171932 0.0863728 
0.0101922 -0.0184023 0.000163987 -0.000192902 -0.0184023 0.0896979 -0.000189207 0.000534188 0.000163987 -0.000189207 0.00928493 -0.0174258 -0.000192902 0.000534188 -0.0174258 0.0876646 
0.0101708 -0.0183832 0.000186895 -0.000184841 -0.0183832 0.0896346 -0.000184812 0.000491535 0.000186895 -0.000184812 0.00928391 -0.0174221 -0.000184841 0.000491535 -0.0174221 0.0875518 
0.0101511 -0.0183667 0.000201198 -0.000203435 -0.0183667 0.0896077 -0.000205193 0.000498946 0.000201198 -0.000205193 0.00930203 -0.017443 -0.000203435 0.000498946 -0.017443 0.0875945 
0.0101289 -0.0183507 0.000197274 -0.000218377 -0.0183507 0.0895735 -0.00022335 0.000532919 0.000197274 -0.00022335 0.00933264 -0.0174589 -0.000218377 0.000532919 -0.0174589 0.0876259 
0.010149 -0.0183683 0.000200776 -0.000219309 -0.0183683 0.0897338 -0.000230293 0.000565769 0.000200776 -0.000230293 0.00936554 -0.0175422 -0.000219309 0.000565769 -0.0175422 0.0879177 
0.00999492 -0.0180726 0.000199392 -0.000220331 -0.0180726 0.0882802 -0.000237641 0.000582843 0.000199392 -0.000237641 0.00921226 -0.0172796 -0.000220331 0.000582843 -0.0172796 0.0865871 
0.0100044 -0.018117 0.000217085 -0.000225682 -0.018117 0.0884352 -0.000240637 0.00060529 0.000217085 -0.000240637 0.00922175 -0.0172844 -0.000225682 0.00060529 -0.0172844 0.0866798 
0.010073 -0.0182516 0.000247877 -0.000257381 -0.0182516 0.0891163 -0.000268032 0.000666942 0.000247877 -0.000268032 0.00927643 -0.017399 -0.000257381 0.000666942 -0.017399 0.0872661 
0.0101033 -0.0182421 0.000258891 -0.000280683 -0.0182421 0.0891221 -0.000287684 0.000708352 0.000258891 -0.000287684 0.00924774 -0.0173952 -0.000280683 0.000708352 -0.0173952 0.0872677 
0.0101464 -0.0182436 0.000245544 -0.000298779 -0.0182436 0.0890232 -0.000302464 0.000756695 0.000245544 -0.000302464 0.00918312 -0.0173333 -0.000298779 0.000756695 -0.0173333 0.0870826 
0.0101542 -0.0182814 0.00023647 -0.000283672 -0.0182814 0.0889865 -0.000280132 0.000742318 0.00023647 -0.000280132 0.00914683 -0.0172325 -0.000283672 0.000742318 -0.0172325 0.0867766 
0.0101887 -0.0183239 0.000223992 -0.000276938 -0.0183239 0.0891453 -0.000267215 0.000715477 0.000223992 -0.000267215 0.00912345 -0.0172138 -0.000276938 0.000715477 -0.0172138 0.0867011 
0.0102251 -0.0184337 0.000230109 -0.000252666 -0.0184337 0.0895781 -0.000243045 0.000654556 0.000230109 -0.000243045 0.00915888 -0.0172345 -0.000252666 0.000654556 -0.0172345 0.0868938 
0.010239 -0.0184534 0.000252567 -0.000255798 -0.0184534 0.0897177 -0.000247909 0.000629476 0.000252567 -0.000247909 0.00917878 -0.0172547 -0.000255798 0.000629476 -0.0172547 0.0869367 
0.0102037 -0.0184658 0.000275631 -0.000280088 -0.0184658 0.0897883 -0.00027375 0.000660092 0.000275631 -0.00027375 0.00924447 -0.0172888 -0.000280088 0.000660092 -0.0172888 0.0870362 
0.0101748 -0.0183734 0.00026455 -0.000298732 -0.0183734 0.0895321 -0.00029354 0.00069804 0.00026455 -0.00029354 0.00924855 -0.0173416 -0.000298732 0.00069804 -0.0173416 0.087047 
0.0101782 -0.018325 0.000245504 -0.000299933 -0.018325 0.0892944 -0.000298545 0.000740268 0.000245504 -0.000298545 0.0092268 -0.0173455 -0.000299933 0.000740268 -0.0173455 0.0870401 
0.0101953 -0.0183593 0.000233963 -0.000284225 -0.0183593 0.0893505 -0.00028679 0.000746051 0.000233963 -0.00028679 0.00921158 -0.0173504 -0.000284225 0.000746051 -0.0173504 0.0871356 
0.0101799 -0.0183679 0.000242275 -0.000261028 -0.0183679 0.0893478 -0.000265012 0.000699067 0.000242275 -0.000265012 0.00920272 -0.0173112 -0.000261028 0.000699067 -0.0173112 0.0870465 
0.010196 -0.0184049 0.00025996 -0.000284077 -0.0184049 0.0895753 -0.000286967 0.000728646 0.00025996 -0.000286967 0.00922118 -0.0173392 -0.000284077 0.000728646 -0.0173392 0.0871982 
0.0101645 -0.0183935 0.000295825 -0.000308626 -0.0183935 0.0895577 -0.000313554 0.000791218 0.000295825 -0.000313554 0.00925552 -0.0173337 -0.000308626 0.000791218 -0.0173337 0.0871698 
0.010038 -0.0182755 0.000315204 -0.000337615 -0.0182755 0.0890943 -0.000345943 0.000849954 0.000315204 -0.000345943 0.00931385 -0.0172906 -0.000337615 0.000849954 -0.0172906 0.0868095 
0.00995683 -0.0181254 0.000320764 -0.000362986 -0.0181254 0.088667 -0.000374696 0.000922405 0.000320764 -0.000374696 0.00935356 -0.0173664 -0.000362986 0.000922405 -0.0173664 0.0867824 
0.00996536 -0.018039 0.00032757 -0.000357825 -0.018039 0.0883864 -0.000368468 0.000924108 0.00032757 -0.000368468 0.00934009 -0.0174437 -0.000357825 0.000924108 -0.0174437 0.0869681 
0.0100206 -0.018102 0.000306312 -0.000354106 -0.018102 0.088552 -0.000356071 0.000886414 0.000306312 -0.000356071 0.00932592 -0.0174893 -0.000354106 0.000886414 -0.0174893 0.087306 
0.0100578 -0.0181725 0.000282986 -0.000335753 -0.0181725 0.0887459 -0.000332091 0.000846308 0.000282986 -0.000332091 0.00929162 -0.0174552 -0.000335753 0.000846308 -0.0174552 0.0873456 
0.0101414 -0.0182841 0.000267855 -0.000305832 -0.0182841 0.0892319 -0.000307339 0.000781428 0.000267855 -0.000307339 0.0092576 -0.0174696 -0.000305832 0.000781428 -0.0174696 0.0875831 
0.0101288 -0.0183033 0.000266189 -0.000290876 -0.0183033 0.0892052 -0.000297411 0.000743914 0.000266189 -0.000297411 0.00921942 -0.0173433 -0.000290876 0.000743914 -0.0173433 0.0872219 
0.0100558 -0.0182452 0.00026452 -0.000292195 -0.0182452 0.0889436 -0.000295265 0.000732895 0.00026452 -0.000295265 0.00921289 -0.0172312 -0.000292195 0.000732895 -0.0172312 0.0866995 
0.00996925 -0.0181213 0.000262142 -0.000297329 -0.0181213 0.0884979 -0.000300864 0.000748006 0.000262142 -0.000300864 0.00922061 -0.017179 -0.000297329 0.000748006 -0.017179 0.0862592 
0.0099225 -0.0181194 0.000274342 -0.000300419 -0.0181194 0.0886223 -0.000302828 0.000765842 0.000274342 -0.000302828 0.00931818 -0.017284 -0.000300419 0.000765842 -0.017284 0.0865663 
0.00989726 -0.0179924 0.000278923 -0.000311096 -0.0179924 0.0882552 -0.000308194 0.000776237 0.000278923 -0.000308194 0.00931311 -0.0173452 -0.000311096 0.000776237 -0.0173452 0.0865884 
0.0099362 -0.0179781 0.000271682 -0.00032057 -0.0179781 0.0881328 -0.000314941 0.000796254 0.000271682 -0.000314941 0.00927927 -0.0173653 -0.00032057 0.000796254 -0.0173653 0.0867053 
0.0100804 -0.0182657 0.000254614 -0.000291186 -0.0182657 0.0893482 -0.000289545 0.000736037 0.000254614 -0.000289545 0.00940766 -0.0175654 -0.000291186 0.000736037 -0.0175654 0.0878654 
0.0101013 -0.0183037 0.000246866 -0.000273917 -0.0183037 0.0894887 -0.000277806 0.00069516 0.000246866 -0.000277806 0.00940042 -0.0175726 -0.000273917 0.00069516 -0.0175726 0.0878875 
0.00995971 -0.0181045 0.000269231 -0.000267905 -0.0181045 0.0884824 -0.000271386 0.000673809 0.000269231 -0.000271386 0.00928427 -0.0173467 -0.000267905 0.000673809 -0.0173467 0.0867999 
0.00999454 -0.0181805 0.000312885 -0.000300135 -0.0181805 0.0889569 -0.000306536 0.000723653 0.000312885 -0.000306536 0.00933076 -0.0174318 -0.000300135 0.000723653 -0.0174318 0.0872349 
0.00994097 -0.0180999 0.000329071 -0.000348137 -0.0180999 0.0886498 -0.000358089 0.00082387 0.000329071 -0.000358089 0.00933337 -0.0173817 -0.000348137 0.00082387 -0.0173817 0.0869886 
0.00994215 -0.0180674 0.000337874 -0.000368648 -0.0180674 0.0885819 -0.000380582 0.000906968 0.000337874 -0.000380582 0.00932407 -0.0174167 -0.000368648 0.000906968 -0.0174167 0.0870515 
0.00991799 -0.0180761 0.000357048 -0.000390209 -0.0180761 0.0885743 -0.000401862 0.000981149 0.000357048 -0.000401862 0.00934085 -0.0173946 -0.000390209 0.000981149 -0.0173946 0.0870315 
