0.00668019 0 0.000711506 0 0 0.00999712 0 0 0.000711506 0 0.007521 0 0 0 0 0.00999712 
0.00947151 -0.011771 0.000959364 -0.00116709 -0.011771 0.0316596 -0.00116709 0.00223742 0.000959364 -0.00116709 0.0104544 -0.0129648 -0.00116709 0.00223742 -0.0129648 0.0339495 
0.00963283 -0.018125 0.000824598 -0.00123486 -0.018125 0.0671073 -0.00123486 0.00383927 0.000824598 -0.00123486 0.0104083 -0.0192375 -0.00123486 0.00383927 -0.0192375 0.0705339 
0.00911044 -0.0179902 0.000750951 -0.000788348 -0.0179902 0.0813155 -0.000792013 0.00237914 0.000750951 -0.000792013 0.00979444 -0.0185738 -0.000788348 0.00237914 -0.0185738 0.082621 
0.0090669 -0.0174242 0.000787428 -0.000770225 -0.0174242 0.0852305 -0.000786266 0.00179693 0.000787428 -0.000786266 0.00983225 -0.0179549 -0.000770225 0.00179693 -0.0179549 0.085418 
0.00910129 -0.0172259 0.000825166 -0.00085862 -0.0172259 0.0860137 -0.000877093 0.00193834 0.000825166 -0.000877093 0.0100084 -0.017936 -0.00085862 0.00193834 -0.017936 0.0865094 
0.00915306 -0.0172519 0.000842828 -0.000917319 -0.0172519 0.0865509 -0.000929678 0.00213637 0.000842828 -0.000929678 0.0102051 -0.0181958 -0.000917319 0.00213637 -0.0181958 0.0878386 
0.00918548 -0.0172926 0.000844335 -0.000936501 -0.0172926 0.0868838 -0.000939395 0.00222159 0.000844335 -0.000939395 0.0103082 -0.0183996 -0.000936501 0.00222159 -0.0183996 0.0888074 
0.00920197 -0.0173287 0.000860279 -0.000948497 -0.0173287 0.0870815 -0.000936241 0.00224765 0.000860279 -0.000936241 0.010352 -0.0184875 -0.000948497 0.00224765 -0.0184875 0.0893104 
0.00920409 -0.0172603 0.000864641 -0.000967039 -0.0172603 0.0867384 -0.00094391 0.00226259 0.000864641 -0.00094391 0.0102735 -0.0184205 -0.000967039 0.00226259 -0.0184205 0.089029 
0.00921529 -0.0172735 0.000846988 -0.000980556 -0.0172735 0.0866566 -0.00096285 0.00230876 0.000846988 -0.00096285 0.0102503 -0.0183549 -0.000980556 0.00230876 -0.0183549 0.0888532 
0.0092429 -0.0174138 0.000835454 -0.000952473 -0.0174138 0.0872547 -0.000946251 0.00229153 0.000835454 -0.000946251 0.0103358 -0.0184417 -0.000952473 0.00229153 -0.0184417 0.0892834 
0.00920139 -0.0173324 0.000822097 -0.000916301 -0.0173324 0.0869815 -0.000924158 0.00221573 0.000822097 -0.000924158 0.0103161 -0.0184186 -0.000916301 0.00221573 -0.0184186 0.0890227 
0.00916432 -0.0172814 0.000822496 -0.000901316 -0.0172814 0.0867743 -0.000915379 0.00217052 0.000822496 -0.000915379 0.010306 -0.0184088 -0.000901316 0.00217052 -0.0184088 0.0889247 
0.00913725 -0.0172624 0.000820697 -0.000897166 -0.0172624 0.0867622 -0.000909549 0.00213659 0.000820697 -0.000909549 0.0103242 -0.0184453 -0.000897166 0.00213659 -0.0184453 0.0890704 
0.00912473 -0.0172456 0.000813067 -0.000900176 -0.0172456 0.0868169 -0.000913532 0.00213703 0.000813067 -0.000913532 0.010369 -0.0185167 -0.000900176 0.00213703 -0.0185167 0.0893726 
0.00907074 -0.0171324 0.000793856 -0.000890512 -0.0171324 0.0863341 -0.000906134 0.00212896 0.000793856 -0.000906134 0.0103651 -0.0184725 -0.000890512 0.00212896 -0.0184725 0.0891093 
0.00914989 -0.0172084 0.000797217 -0.000877125 -0.0172084 0.086699 -0.000885519 0.00210227 0.000797217 -0.000885519 0.0103969 -0.0185912 -0.000877125 0.00210227 -0.0185912 0.0896026 
0.00918101 -0.0172674 0.000810549 -0.000887686 -0.0172674 0.0867849 -0.000890085 0.00210589 0.000810549 -0.000890085 0.0103669 -0.0185533 -0.000887686 0.00210589 -0.0185533 0.0895418 
0.00924047 -0.0173708 0.000825213 -0.000902711 -0.0173708 0.0872146 -0.000904481 0.00213114 0.000825213 -0.000904481 0.010368 -0.0185859 -0.000902711 0.00213114 -0.0185859 0.0897716 
0.00921444 -0.0173098 0.000791702 -0.000905235 -0.0173098 0.0868486 -0.000903569 0.00212584 0.000791702 -0.000903569 0.010272 -0.0184468 -0.000905235 0.00212584 -0.0184468 0.0892026 
0.00924054 -0.0173739 0.000767108 -0.000868664 -0.0173739 0.0871469 -0.000861823 0.00206398 0.000767108 -0.000861823 0.0102747 -0.0184605 -0.000868664 0.00206398 -0.0184605 0.0893814 
0.00928455 -0.0173965 0.000761184 -0.000837781 -0.0173965 0.0873059 -0.00082654 0.0019744 0.000761184 -0.00082654 0.010279 -0.0184721 -0.000837781 0.0019744 -0.0184721 0.0895028 
0.00929441 -0.017385 0.000775323 -0.000826785 -0.017385 0.0871469 -0.000818562 0.00192213 0.000775323 -0.000818562 0.0102277 -0.0184167 -0.000826785 0.00192213 -0.0184167 0.0892771 
0.00929658 -0.0173762 0.000766268 -0.000843849 -0.0173762 0.0869832 -0.0008411 0.00193992 0.000766268 -0.0008411 0.0101819 -0.0183304 -0.000843849 0.00193992 -0.0183304 0.0889631 
0.00935133 -0.0174144 0.000776388 -0.000843563 -0.0174144 0.0870944 -0.000843931 0.00197016 0.000776388 -0.000843931 0.0101314 -0.0183159 -0.000843563 0.00197016 -0.0183159 0.0889328 
0.00940985 -0.0175017 0.000786397 -0.000856332 -0.0175017 0.0873573 -0.000853114 0.00199314 0.000786397 -0.000853114 0.0101204 -0.018295 -0.000856332 0.00199314 -0.018295 0.0890025 
0.00940706 -0.0175117 0.000786328 -0.000874413 -0.0175117 0.0872588 -0.000864212 0.00203234 0.000786328 -0.000864212 0.0101022 -0.0182017 -0.000874413 0.00203234 -0.0182017 0.0886359 
0.00940352 -0.0175442 0.000785406 -0.000871292 -0.0175442 0.087338 -0.000855086 0.00203273 0.000785406 -0.000855086 0.0101161 -0.0181826 -0.000871292 0.00203273 -0.0181826 0.0884841 
0.00939071 -0.0175384 0.000771801 -0.000870207 -0.0175384 0.0873343 -0.000855965 0.00203135 0.000771801 -0.000855965 0.0101303 -0.0181898 -0.000870207 0.00203135 -0.0181898 0.0884007 
0.0094355 -0.0176175 0.000757368 -0.000851943 -0.0176175 0.0877601 -0.000844246 0.00200913 0.000757368 -0.000844246 0.0101681 -0.0183025 -0.000851943 0.00200913 -0.0183025 0.088853 
0.00934753 -0.0175322 0.000748465 -0.000827097 -0.0175322 0.0873489 -0.000821517 0.00195864 0.000748465 -0.000821517 0.0101397 -0.0182169 -0.000827097 0.00195864 -0.0182169 0.0884751 
0.00935511 -0.0175406 0.000745637 -0.000830686 -0.0175406 0.0875725 -0.000824413 0.00195728 0.000745637 -0.000824413 0.0101739 -0.0182964 -0.000830686 0.00195728 -0.0182964 0.08881 
0.00931766 -0.0174853 0.000757826 -0.000829013 -0.0174853 0.0873637 -0.00082807 0.00196943 0.000757826 -0.00082807 0.0101741 -0.0182643 -0.000829013 0.00196943 -0.0182643 0.0886876 
0.00930144 -0.0174073 0.000764826 -0.000823518 -0.0174073 0.0871143 -0.000829984 0.001951 0.000764826 -0.000829984 0.0101563 -0.0182851 -0.000823518 0.001951 -0.0182851 0.0886855 
0.00932865 -0.0174141 0.000768108 -0.000833774 -0.0174141 0.0871171 -0.000847405 0.00197021 0.000768108 -0.000847405 0.0101509 -0.0182987 -0.000833774 0.00197021 -0.0182987 0.0888197 
0.00935743 -0.0175161 0.000777439 -0.000842627 -0.0175161 0.0875063 -0.000854896 0.00199814 0.000777439 -0.000854896 0.0102029 -0.0183436 -0.000842627 0.00199814 -0.0183436 0.0891378 
0.00927851 -0.0174129 0.000757384 -0.00084312 -0.0174129 0.0870425 -0.000850001 0.00198766 0.000757384 -0.000850001 0.0101835 -0.0182509 -0.00084312 0.00198766 -0.0182509 0.0886299 
0.00926507 -0.017374 0.000744164 -0.000824649 -0.017374 0.0869667 -0.000824859 0.00195224 0.000744164 -0.000824859 0.0101792 -0.0182914 -0.000824649 0.00195224 -0.0182914 0.0886744 
0.00931512 -0.0173934 0.000750824 -0.000818821 -0.0173934 0.0870746 -0.000815756 0.0019324 0.000750824 -0.000815756 0.0101374 -0.0183204 -0.000818821 0.0019324 -0.0183204 0.0888551 
0.00930761 -0.0174369 0.000748173 -0.000825463 -0.0174369 0.0871485 -0.00082099 0.00193087 0.000748173 -0.00082099 0.0101288 -0.0182622 -0.000825463 0.00193087 -0.0182622 0.0888072 
0.00927804 -0.0174097 0.0007262 -0.000829681 -0.0174097 0.0870858 -0.000824009 0.0019494 0.0007262 -0.000824009 0.0101269 -0.0182259 -0.000829681 0.0019494 -0.0182259 0.0886519 
0.00931401 -0.0174043 0.000700372 -0.000808797 -0.0174043 0.0871457 -0.000806785 0.00193484 0.000700372 -0.000806785 0.0101182 -0.0182549 -0.000808797 0.00193484 -0.0182549 0.0887465 
0.009348 -0.0174002 0.000699588 -0.000774363 -0.0174002 0.0870272 -0.000776899 0.001877 0.000699588 -0.000776899 0.0100657 -0.0182147 -0.000774363 0.001877 -0.0182147 0.0886183 
0.00938107 -0.0174364 0.000702754 -0.000761876 -0.0174364 0.0870124 -0.000767553 0.00181774 0.000702754 -0.000767553 0.01002 -0.0181408 -0.000761876 0.00181774 -0.0181408 0.0884127 
0.00938285 -0.0175112 0.000708319 -0.000773332 -0.0175112 0.0872347 -0.000776009 0.00182043 0.000708319 -0.000776009 0.0100423 -0.0181134 -0.000773332 0.00182043 -0.0181134 0.0883766 
0.00938887 -0.0174979 0.000715452 -0.000780394 -0.0174979 0.0872581 -0.000772482 0.00182295 0.000715452 -0.000772482 0.010025 -0.0181271 -0.000780394 0.00182295 -0.0181271 0.0883442 
0.00937973 -0.0174567 0.000713425 -0.000782114 -0.0174567 0.0870538 -0.000771821 0.00181494 0.000713425 -0.000771821 0.00999735 -0.0180875 -0.000782114 0.00181494 -0.0180875 0.0881882 
0.009407 -0.0174597 0.000722136 -0.00077452 -0.0174597 0.0870363 -0.000770752 0.00180096 0.000722136 -0.000770752 0.0099808 -0.0180883 -0.00077452 0.00180096 -0.0180883 0.0882093 
0.00941576 -0.0174867 0.00070783 -0.000787249 -0.0174867 0.0870645 -0.000792244 0.00183022 0.00070783 -0.000792244 0.00998162 -0.0180753 -0.000787249 0.00183022 -0.0180753 0.088206 
0.00945682 -0.0176188 0.000706601 -0.000775991 -0.0176188 0.0876848 -0.000783584 0.00183895 0.000706601 -0.000783584 0.0100756 -0.0181892 -0.000775991 0.00183895 -0.0181892 0.0887694 
0.00942157 -0.0176203 0.000715629 -0.000762971 -0.0176203 0.0877873 -0.000765506 0.00179883 0.000715629 -0.000765506 0.0101176 -0.0182438 -0.000762971 0.00179883 -0.0182438 0.0889241 
0.00938504 -0.0174268 0.000701165 -0.00078081 -0.0174268 0.0870296 -0.000780556 0.00181642 0.000701165 -0.000780556 0.0100091 -0.0181602 -0.00078081 0.00181642 -0.0181602 0.0883968 
0.00942165 -0.0175201 0.000705688 -0.000785867 -0.0175201 0.0873053 -0.00078501 0.00186445 0.000705688 -0.00078501 0.0100396 -0.0181723 -0.000785867 0.00186445 -0.0181723 0.088659 
0.00942223 -0.0174852 0.000684245 -0.000785907 -0.0174852 0.0871029 -0.000780951 0.00186914 0.000684245 -0.000780951 0.00999174 -0.0181101 -0.000785907 0.00186914 -0.0181101 0.0883534 
0.00945243 -0.0175411 0.000662716 -0.000761268 -0.0175411 0.0872768 -0.000749705 0.00182354 0.000662716 -0.000749705 0.00998335 -0.0181068 -0.000761268 0.00182354 -0.0181068 0.0883995 
0.00950307 -0.017634 0.000658987 -0.000723632 -0.017634 0.0876885 -0.000710515 0.00172503 0.000658987 -0.000710515 0.00998777 -0.0181509 -0.000723632 0.00172503 -0.0181509 0.0886666 
0.00943174 -0.017555 0.000662541 -0.000707886 -0.017555 0.0872586 -0.000695218 0.00164628 0.000662541 -0.000695218 0.00992891 -0.0180035 -0.000707886 0.00164628 -0.0180035 0.0880653 
0.00942631 -0.0175542 0.00066618 -0.000715086 -0.0175542 0.0873536 -0.000708223 0.00163925 0.00066618 -0.000708223 0.00993864 -0.0180173 -0.000715086 0.00163925 -0.0180173 0.0881066 
0.00943543 -0.0176407 0.000664243 -0.000727334 -0.0176407 0.0878606 -0.000731932 0.00168565 0.000664243 -0.000731932 0.0100371 -0.01813 -0.000727334 0.00168565 -0.01813 0.0886437 
0.00930443 -0.017464 0.00066768 -0.000715824 -0.017464 0.0871686 -0.000725355 0.00168641 0.00066768 -0.000725355 0.0100361 -0.0180489 -0.000715824 0.00168641 -0.0180489 0.0881084 
0.00935712 -0.0175073 0.000661229 -0.00074205 -0.0175073 0.0876204 -0.00075246 0.00174565 0.000661229 -0.00075246 0.0101342 -0.0182603 -0.00074205 0.00174565 -0.0182603 0.0888994 
0.00925184 -0.0173691 0.000646652 -0.000728948 -0.0173691 0.0869023 -0.000735161 0.00174752 0.000646652 -0.000735161 0.0100903 -0.0181597 -0.000728948 0.00174752 -0.0181597 0.0883827 
0.00926462 -0.0173866 0.000662134 -0.000712008 -0.0173866 0.0871194 -0.000717032 0.0017132 0.000662134 -0.000717032 0.0101161 -0.0182551 -0.000712008 0.0017132 -0.0182551 0.0887794 
0.00925772 -0.0173246 0.000691891 -0.000719778 -0.0173246 0.0868885 -0.000721701 0.00169021 0.000691891 -0.000721701 0.0100722 -0.0182264 -0.000719778 0.00169021 -0.0182264 0.0887005 
0.00926507 -0.0172818 0.000702326 -0.000763503 -0.0172818 0.0866247 -0.000765401 0.00176082 0.000702326 -0.000765401 0.0100074 -0.0181481 -0.000763503 0.00176082 -0.0181481 0.0884477 
0.00937046 -0.0174062 0.000707685 -0.000795567 -0.0174062 0.0871107 -0.000795929 0.00186484 0.000707685 -0.000795929 0.0100166 -0.0181935 -0.000795567 0.00186484 -0.0181935 0.0888128 
0.00935557 -0.0174269 0.000710832 -0.00079342 -0.0174269 0.0869797 -0.000789283 0.00188622 0.000710832 -0.000789283 0.00999621 -0.0180802 -0.00079342 0.00188622 -0.0180802 0.0883964 
0.00928821 -0.0174106 0.000708151 -0.000790342 -0.0174106 0.0868834 -0.000783202 0.00187113 0.000708151 -0.000783202 0.0100413 -0.018046 -0.000790342 0.00187113 -0.018046 0.088131 
0.00921373 -0.0173504 0.000712842 -0.000788287 -0.0173504 0.0867946 -0.000780626 0.00186313 0.000712842 -0.000780626 0.0100917 -0.0181168 -0.000788287 0.00186313 -0.0181168 0.0881843 
0.00922464 -0.017386 0.000723957 -0.000802094 -0.017386 0.0872479 -0.000798501 0.0018933 0.000723957 -0.000798501 0.0102133 -0.0183351 -0.000802094 0.0018933 -0.0183351 0.0890437 
0.00924176 -0.0173163 0.000721002 -0.000814173 -0.0173163 0.0870446 -0.000817358 0.00193323 0.000721002 -0.000817358 0.0101957 -0.0183855 -0.000814173 0.00193323 -0.0183855 0.0891895 
0.00925296 -0.0173273 0.000687888 -0.000803906 -0.0173273 0.0869494 -0.00081508 0.00193982 0.000687888 -0.00081508 0.0101777 -0.0183573 -0.000803906 0.00193982 -0.0183573 0.0891701 
0.00925694 -0.0173365 0.000644732 -0.00075188 -0.0173365 0.0868976 -0.000763057 0.00184397 0.000644732 -0.000763057 0.0101534 -0.0183136 -0.00075188 0.00184397 -0.0183136 0.0890158 
0.00927522 -0.0173124 0.000603992 -0.000690245 -0.0173124 0.0867203 -0.000704128 0.00169409 0.000603992 -0.000704128 0.0100625 -0.0182424 -0.000690245 0.00169409 -0.0182424 0.0887024 
0.00928528 -0.0173736 0.000584574 -0.000627401 -0.0173736 0.0868658 -0.000643301 0.00151815 0.000584574 -0.000643301 0.0100221 -0.0181711 -0.000627401 0.00151815 -0.0181711 0.088589 
0.00931515 -0.0174006 0.000577194 -0.000610349 -0.0174006 0.0870449 -0.000626245 0.00142782 0.000577194 -0.000626245 0.010003 -0.0181462 -0.000610349 0.00142782 -0.0181462 0.0885773 
0.0093381 -0.0174905 0.000599434 -0.000619211 -0.0174905 0.0874516 -0.000631789 0.00142932 0.000599434 -0.000631789 0.0100591 -0.0181723 -0.000619211 0.00142932 -0.0181723 0.0888079 
0.00924257 -0.0174127 0.000604759 -0.000645347 -0.0174127 0.0871327 -0.000648087 0.00146073 0.000604759 -0.000648087 0.0100747 -0.0181103 -0.000645347 0.00146073 -0.0181103 0.0884185 
0.0091828 -0.0173567 0.000614466 -0.000673987 -0.0173567 0.0871068 -0.000667209 0.00153602 0.000614466 -0.000667209 0.0101545 -0.0181903 -0.000673987 0.00153602 -0.0181903 0.0885854 
0.00910078 -0.0171888 0.000622956 -0.000689531 -0.0171888 0.0865063 -0.00067581 0.00158719 0.000622956 -0.00067581 0.0101518 -0.0181979 -0.000689531 0.00158719 -0.0181979 0.0883713 
0.0092099 -0.017261 0.000619652 -0.000703699 -0.017261 0.086993 -0.000694059 0.00163561 0.000619652 -0.000694059 0.010199 -0.0184194 -0.000703699 0.00163561 -0.0184194 0.0893105 
0.0092241 -0.0172106 0.000613507 -0.000679138 -0.0172106 0.086526 -0.000679787 0.00160995 0.000613507 -0.000679787 0.0100771 -0.0182998 -0.000679138 0.00160995 -0.0182998 0.0889369 
0.00925305 -0.0173196 0.000640368 -0.000676461 -0.0173196 0.0867871 -0.000683792 0.0016028 0.000640368 -0.000683792 0.0100612 -0.0182206 -0.000676461 0.0016028 -0.0182206 0.0888802 
0.0092948 -0.017369 0.000651258 -0.000705444 -0.017369 0.0870443 -0.000709372 0.00163355 0.000651258 -0.000709372 0.0100568 -0.0182218 -0.000705444 0.00163355 -0.0182218 0.0889155 
0.0092928 -0.0173434 0.000651467 -0.000728307 -0.0173434 0.0868569 -0.000721153 0.00168588 0.000651467 -0.000721153 0.0100288 -0.0181502 -0.000728307 0.00168588 -0.0181502 0.088605 
0.00932449 -0.0174244 0.000655697 -0.000730601 -0.0174244 0.0871668 -0.000716774 0.00170128 0.000655697 -0.000716774 0.010071 -0.018196 -0.000730601 0.00170128 -0.018196 0.0888077 
0.0093484 -0.0174824 0.000651159 -0.000723605 -0.0174824 0.0874328 -0.000713242 0.00168358 0.000651159 -0.000713242 0.0100967 -0.0182456 -0.000723605 0.00168358 -0.0182456 0.0889909 
0.00928548 -0.0173612 0.000635534 -0.000712488 -0.0173612 0.0868109 -0.00071327 0.00167093 0.000635534 -0.00071327 0.0100085 -0.0180964 -0.000712488 0.00167093 -0.0180964 0.088264 
0.00937893 -0.0174674 0.00062974 -0.000694947 -0.0174674 0.087328 -0.00070481 0.00164937 0.00062974 -0.00070481 0.0100113 -0.0181875 -0.000694947 0.00164937 -0.0181875 0.0887246 
0.00936808 -0.017517 0.000616414 -0.000676378 -0.017517 0.0874328 -0.000689861 0.00160187 0.000616414 -0.000689861 0.0100305 -0.0181372 -0.000676378 0.00160187 -0.0181372 0.0886682 
0.00936825 -0.0175112 0.000621998 -0.000659485 -0.0175112 0.0875105 -0.00067224 0.00155492 0.000621998 -0.00067224 0.0100484 -0.0181709 -0.000659485 0.00155492 -0.0181709 0.0887277 
0.00933133 -0.0173823 0.000607031 -0.000663141 -0.0173823 0.0869027 -0.000670786 0.00153273 0.000607031 -0.000670786 0.00996253 -0.0180714 -0.000663141 0.00153273 -0.0180714 0.0881975 
0.00932146 -0.0173986 0.000625877 -0.000656802 -0.0173986 0.0868609 -0.000661538 0.00153 0.000625877 -0.000661538 0.00994617 -0.0180207 -0.000656802 0.00153 -0.0180207 0.0880732 
0.00932058 -0.017428 0.000639851 -0.000681949 -0.017428 0.0870455 -0.000682786 0.00155961 0.000639851 -0.000682786 0.00997619 -0.0180492 -0.000681949 0.00155961 -0.0180492 0.0882118 
0.00930954 -0.0174466 0.000638307 -0.000694547 -0.0174466 0.0872386 -0.000689671 0.00158437 0.000638307 -0.000689671 0.0100345 -0.0181207 -0.000694547 0.00158437 -0.0181207 0.0884968 
0.0092655 -0.0173204 0.000611135 -0.000695164 -0.0173204 0.0867477 -0.000687652 0.00159635 0.000611135 -0.000687652 0.0100133 -0.0180783 -0.000695164 0.00159635 -0.0180783 0.0881865 
0.00932593 -0.0173951 0.000601561 -0.000676306 -0.0173951 0.0870792 -0.000667702 0.00158549 0.000601561 -0.000667702 0.0100616 -0.0181814 -0.000676306 0.00158549 -0.0181814 0.0886394 
0.00931604 -0.01736 0.00061934 -0.0006664 -0.01736 0.0867999 -0.000657144 0.00156482 0.00061934 -0.000657144 0.0100232 -0.018122 -0.0006664 0.00156482 -0.018122 0.088352 
0.00934103 -0.0173786 0.000626583 -0.000689239 -0.0173786 0.0867965 -0.000677257 0.00158872 0.000626583 -0.000677257 0.0100031 -0.0181052 -0.000689239 0.00158872 -0.0181052 0.0882783 
0.00939935 -0.0174766 0.000624213 -0.00069894 -0.0174766 0.087171 -0.000681788 0.0016141 0.000624213 -0.000681788 0.0100085 -0.018152 -0.00069894 0.0016141 -0.018152 0.0885451 
0.00942181 -0.0175055 0.000642161 -0.000689626 -0.0175055 0.087228 -0.000669996 0.00159946 0.000642161 -0.000669996 0.00997622 -0.0181114 -0.000689626 0.00159946 -0.0181114 0.0884438 
0.00943188 -0.0175092 0.000658874 -0.000706049 -0.0175092 0.0871551 -0.000691641 0.00161657 0.000658874 -0.000691641 0.00992131 -0.0180297 -0.000706049 0.00161657 -0.0180297 0.0881449 
0.00940144 -0.0175871 0.000692068 -0.000730602 -0.0175871 0.0874486 -0.000730668 0.00169124 0.000692068 -0.000730668 0.0099766 -0.018021 -0.000730602 0.00169124 -0.018021 0.088199 
0.00939052 -0.0175898 0.000701655 -0.000771518 -0.0175898 0.0877417 -0.000778844 0.00179637 0.000701655 -0.000778844 0.0100501 -0.0181469 -0.000771518 0.00179637 -0.0181469 0.0886069 
0.00933172 -0.017452 0.000682073 -0.000784853 -0.017452 0.0872645 -0.00078973 0.00186445 0.000682073 -0.00078973 0.0100603 -0.0181516 -0.000784853 0.00186445 -0.0181516 0.0884954 
0.00937221 -0.0174071 0.000647965 -0.000763596 -0.0174071 0.087096 -0.000762283 0.00184944 0.000647965 -0.000762283 0.0100294 -0.0182087 -0.000763596 0.00184944 -0.0182087 0.0886666 
0.00937709 -0.0173941 0.00062633 -0.000711634 -0.0173941 0.0868126 -0.000705129 0.00173795 0.00062633 -0.000705129 0.00996312 -0.0181198 -0.000711634 0.00173795 -0.0181198 0.0884182 
0.00944792 -0.0174917 0.000606777 -0.000689682 -0.0174917 0.0871642 -0.000680662 0.00165382 0.000606777 -0.000680662 0.00996459 -0.0181346 -0.000689682 0.00165382 -0.0181346 0.0886279 
0.0094754 -0.0175733 0.000615666 -0.000663381 -0.0175733 0.0874115 -0.000656785 0.00158422 0.000615666 -0.000656785 0.00994619 -0.0181136 -0.000663381 0.00158422 -0.0181136 0.0886286 
0.00945235 -0.0175285 0.000613966 -0.000676946 -0.0175285 0.0871524 -0.000672901 0.00158562 0.000613966 -0.000672901 0.00988055 -0.017985 -0.000676946 0.00158562 -0.017985 0.0881024 
0.00952383 -0.0176711 0.000608347 -0.000683878 -0.0176711 0.087814 -0.00068504 0.00161871 0.000608347 -0.00068504 0.00992576 -0.0180636 -0.000683878 0.00161871 -0.0180636 0.0885369 
0.00949672 -0.0176473 0.000585751 -0.00066293 -0.0176473 0.0876949 -0.000665881 0.00158574 0.000585751 -0.000665881 0.00991132 -0.0180095 -0.00066293 0.00158574 -0.0180095 0.088286 
0.00945385 -0.0175895 0.000582147 -0.000635411 -0.0175895 0.087485 -0.000640091 0.00152837 0.000582147 -0.000640091 0.00988381 -0.0179908 -0.000635411 0.00152837 -0.0179908 0.0881181 
0.00948007 -0.0176126 0.000586004 -0.000628417 -0.0176126 0.0876995 -0.000636205 0.00149071 0.000586004 -0.000636205 0.00989088 -0.018052 -0.000628417 0.00149071 -0.018052 0.0884502 
0.00949388 -0.017605 0.000586446 -0.000636891 -0.017605 0.0876543 -0.000647263 0.00150064 0.000586446 -0.000647263 0.00985774 -0.0180159 -0.000636891 0.00150064 -0.0180159 0.0884119 
0.00947208 -0.0175964 0.000563266 -0.000641621 -0.0175964 0.0875509 -0.000648488 0.00151557 0.000563266 -0.000648488 0.00985143 -0.0179516 -0.000641621 0.00151557 -0.0179516 0.0882194 
0.00939955 -0.0175621 0.000565518 -0.000619069 -0.0175621 0.0874295 -0.000616326 0.00148029 0.000565518 -0.000616326 0.00989602 -0.0179275 -0.000619069 0.00148029 -0.0179275 0.0880543 
0.00935122 -0.0174629 0.00055086 -0.00062134 -0.0174629 0.0871803 -0.000611693 0.0014528 0.00055086 -0.000611693 0.00991494 -0.0179694 -0.00062134 0.0014528 -0.0179694 0.0880151 
0.00936071 -0.0174631 0.000557147 -0.000619884 -0.0174631 0.0872636 -0.000606605 0.00145874 0.000557147 -0.000606605 0.00993905 -0.0180508 -0.000619884 0.00145874 -0.0180508 0.0883347 
0.00937136 -0.0174517 0.000570377 -0.000616026 -0.0174517 0.0872171 -0.00061493 0.00145802 0.000570377 -0.00061493 0.00991087 -0.0180539 -0.000616026 0.00145802 -0.0180539 0.0883943 
0.00940063 -0.0174511 0.000559313 -0.000623877 -0.0174511 0.08717 -0.000637495 0.00148 0.000559313 -0.000637495 0.00986548 -0.0180126 -0.000623877 0.00148 -0.0180126 0.088325 
0.00938701 -0.0174525 0.000538803 -0.000612161 -0.0174525 0.0870664 -0.000630721 0.00148331 0.000538803 -0.000630721 0.0098556 -0.0179436 -0.000612161 0.00148331 -0.0179436 0.0881176 
0.0093997 -0.0175291 0.000547773 -0.00059468 -0.0175291 0.0874478 -0.000605747 0.00144992 0.000547773 -0.000605747 0.00994063 -0.0180132 -0.00059468 0.00144992 -0.0180132 0.0884211 
0.00932161 -0.0174453 0.000545238 -0.000609673 -0.0174453 0.0871372 -0.000613064 0.00145151 0.000545238 -0.000613064 0.00998094 -0.0180116 -0.000609673 0.00145151 -0.0180116 0.0882107 
0.00925226 -0.0173431 0.000540581 -0.000596031 -0.0173431 0.0868168 -0.000595272 0.00141862 0.000540581 -0.000595272 0.0100109 -0.0180692 -0.000596031 0.00141862 -0.0180692 0.0882149 
0.00920901 -0.0172593 0.000548372 -0.000591426 -0.0172593 0.0865462 -0.000583547 0.001384 0.000548372 -0.000583547 0.0100287 -0.0181192 -0.000591426 0.001384 -0.0181192 0.0883201 
0.00920701 -0.0172287 0.000562151 -0.000599252 -0.0172287 0.0864536 -0.000588544 0.00137773 0.000562151 -0.000588544 0.0100216 -0.0181625 -0.000599252 0.00137773 -0.0181625 0.0884889 
0.0092378 -0.0172215 0.000569843 -0.000623459 -0.0172215 0.0863915 -0.000617277 0.00142947 0.000569843 -0.000617277 0.0099785 -0.0181465 -0.000623459 0.00142947 -0.0181465 0.0885031 
0.00927882 -0.0172922 0.000565962 -0.000644988 -0.0172922 0.0865763 -0.000646653 0.00151131 0.000565962 -0.000646653 0.00995932 -0.0181103 -0.000644988 0.00151131 -0.0181103 0.0885165 
0.00928028 -0.0173228 0.000561586 -0.000629863 -0.0173228 0.0866488 -0.000636323 0.00151518 0.000561586 -0.000636323 0.00996058 -0.018069 -0.000629863 0.00151518 -0.018069 0.0883888 
0.00930243 -0.0173161 0.000537367 -0.000611987 -0.0173161 0.0866344 -0.000614199 0.00146278 0.000537367 -0.000614199 0.00992865 -0.0180593 -0.000611987 0.00146278 -0.0180593 0.0882906 
0.0093758 -0.0174158 0.000514935 -0.000599347 -0.0174158 0.0870102 -0.000594052 0.0014318 0.000514935 -0.000594052 0.0099162 -0.018088 -0.000599347 0.0014318 -0.018088 0.0885342 
0.00950975 -0.0175271 0.000481866 -0.00056235 -0.0175271 0.0874508 -0.00055089 0.00133932 0.000481866 -0.00055089 0.00986806 -0.0181124 -0.00056235 0.00133932 -0.0181124 0.0887967 
0.0095494 -0.0176593 0.00046329 -0.000520102 -0.0176593 0.0877182 -0.0005072 0.0012308 0.00046329 -0.0005072 0.00983311 -0.0179961 -0.000520102 0.0012308 -0.0179961 0.0885696 
0.00946522 -0.0175826 0.000461169 -0.000497672 -0.0175826 0.0872603 -0.000486135 0.00115599 0.000461169 -0.000486135 0.00975087 -0.0177929 -0.000497672 0.00115599 -0.0177929 0.0876422 
0.00950421 -0.0175951 0.000482781 -0.000505956 -0.0175951 0.087443 -0.000496545 0.00115658 0.000482781 -0.000496545 0.00971882 -0.0178052 -0.000505956 0.00115658 -0.0178052 0.0876452 
0.00952919 -0.0175867 0.00047476 -0.000529413 -0.0175867 0.0873419 -0.000527468 0.00120541 0.00047476 -0.000527468 0.00966356 -0.0177407 -0.000529413 0.00120541 -0.0177407 0.0874478 
0.00959516 -0.0177657 0.000482115 -0.000529466 -0.0177657 0.0880879 -0.000538941 0.00125894 0.000482115 -0.000538941 0.00973963 -0.0178246 -0.000529466 0.00125894 -0.0178246 0.0879999 
0.00947722 -0.0176575 0.000484358 -0.000537149 -0.0176575 0.0876133 -0.000549521 0.0012925 0.000484358 -0.000549521 0.00975997 -0.0177235 -0.000537149 0.0012925 -0.0177235 0.0874474 
0.00947869 -0.0176584 0.000492502 -0.000537953 -0.0176584 0.0878822 -0.000543353 0.00129337 0.000492502 -0.000543353 0.00985382 -0.0178967 -0.000537953 0.00129337 -0.0178967 0.0879739 
0.00948912 -0.0176085 0.000492207 -0.000541391 -0.0176085 0.0877699 -0.000537074 0.00127737 0.000492207 -0.000537074 0.00984568 -0.0179905 -0.000541391 0.00127737 -0.0179905 0.0882658 
0.00946577 -0.0175643 0.000490441 -0.000546034 -0.0175643 0.0874894 -0.000538149 0.00127915 0.000490441 -0.000538149 0.00982936 -0.0179489 -0.000546034 0.00127915 -0.0179489 0.0881866 
0.00944439 -0.0175332 0.000493491 -0.000551189 -0.0175332 0.0873116 -0.000542581 0.00129752 0.000493491 -0.000542581 0.00982243 -0.0179194 -0.000551189 0.00129752 -0.0179194 0.0880626 
0.00942339 -0.0174984 0.000507904 -0.000554747 -0.0174984 0.0871346 -0.000549947 0.00131515 0.000507904 -0.000549947 0.00979677 -0.0178936 -0.000554747 0.00131515 -0.0178936 0.0879086 
0.00940686 -0.0175142 0.000522708 -0.000559918 -0.0175142 0.0872276 -0.00056247 0.00132334 0.000522708 -0.00056247 0.00983282 -0.017911 -0.000559918 0.00132334 -0.017911 0.0880241 
0.00944741 -0.0175271 0.000499739 -0.000577994 -0.0175271 0.0873893 -0.00058123 0.00135769 0.000499739 -0.00058123 0.00982408 -0.017972 -0.000577994 0.00135769 -0.017972 0.0882475 
0.00942324 -0.0174958 0.000482487 -0.000559972 -0.0174958 0.0871392 -0.000560098 0.00135533 0.000482487 -0.000560098 0.00978974 -0.0178778 -0.000559972 0.00135533 -0.0178778 0.0879337 
0.00947025 -0.017593 0.000490697 -0.000548212 -0.017593 0.0876165 -0.000548253 0.00133755 0.000490697 -0.000548253 0.00985292 -0.0179605 -0.000548212 0.00133755 -0.0179605 0.0883381 
0.00946761 -0.0175985 0.000473936 -0.000541152 -0.0175985 0.0876866 -0.000543854 0.00130102 0.000473936 -0.000543854 0.00989106 -0.0180111 -0.000541152 0.00130102 -0.0180111 0.0884842 
