0.00753205 0 0.000917948 0 0 0.00993095 0 0 0.000917948 0 0.00641357 0 0 0 0 0.00993095 
0.010726 -0.0132994 0.00120108 -0.00146463 -0.0132994 0.0347438 -0.00146463 0.002808 0.00120108 -0.00146463 0.0093024 -0.0115628 -0.00146463 0.002808 -0.0115628 0.0314135 
0.0105728 -0.0195186 0.00102861 -0.00151368 -0.0195186 0.0714984 -0.00151368 0.00471428 0.00102861 -0.00151368 0.00939504 -0.0177325 -0.00151368 0.00471428 -0.0177325 0.0659289 
0.00980342 -0.0185012 0.000932219 -0.000947227 -0.0185012 0.082271 -0.000942754 0.00270098 0.000932219 -0.000942754 0.00877779 -0.0175391 -0.000947227 0.00270098 -0.0175391 0.0795886 
0.00984098 -0.0179842 0.0010089 -0.000906605 -0.0179842 0.0854265 -0.000913384 0.00170516 0.0010089 -0.000913384 0.00881265 -0.0170665 -0.000906605 0.00170516 -0.0170665 0.0840992 
0.00994585 -0.0179392 0.00103495 -0.00106556 -0.0179392 0.0865279 -0.00108667 0.00195447 0.00103495 -0.00108667 0.00894123 -0.016906 -0.00106556 0.00195447 -0.016906 0.0850116 
0.0100787 -0.0181492 0.00102277 -0.00113686 -0.0181492 0.0879106 -0.00116708 0.00237517 0.00102277 -0.00116708 0.00910814 -0.0170961 -0.00113686 0.00237517 -0.0170961 0.0860282 
0.0101732 -0.0183124 0.000990368 -0.00110588 -0.0183124 0.0889267 -0.00113104 0.00248641 0.000990368 -0.00113104 0.00921935 -0.017288 -0.00110588 0.00248641 -0.017288 0.0868834 
0.0101879 -0.0183142 0.00096629 -0.0010581 -0.0183142 0.0890568 -0.00107017 0.00241077 0.00096629 -0.00107017 0.00923806 -0.0173381 -0.0010581 0.00241077 -0.0173381 0.087053 
0.0101462 -0.0181888 0.000933485 -0.00101434 -0.0181888 0.0884256 -0.00101043 0.00226271 0.000933485 -0.00101043 0.00913391 -0.0172225 -0.00101434 0.00226271 -0.0172225 0.0864613 
0.0103233 -0.0184935 0.000943864 -0.0010025 -0.0184935 0.0897566 -0.000989746 0.00219432 0.000943864 -0.000989746 0.00922577 -0.0174167 -0.0010025 0.00219432 -0.0174167 0.0876076 
0.0103204 -0.0185308 0.000965226 -0.000997476 -0.0185308 0.0898351 -0.000985906 0.00214501 0.000965226 -0.000985906 0.00920597 -0.0173639 -0.000997476 0.00214501 -0.0173639 0.0874585 
0.010272 -0.0184824 0.000982397 -0.00103239 -0.0184824 0.0896528 -0.00102275 0.00219995 0.000982397 -0.00102275 0.00920019 -0.0173071 -0.00103239 0.00219995 -0.0173071 0.0871824 
0.0101735 -0.0183494 0.000943351 -0.0010585 -0.0183494 0.0891033 -0.00104932 0.00228051 0.000943351 -0.00104932 0.00919621 -0.0172231 -0.0010585 0.00228051 -0.0172231 0.0866767 
0.0101351 -0.0182077 0.000920457 -0.00100537 -0.0182077 0.0885512 -0.00100198 0.00223477 0.000920457 -0.00100198 0.00914188 -0.0171928 -0.00100537 0.00223477 -0.0171928 0.0863167 
0.0102811 -0.0184969 0.000944157 -0.000992759 -0.0184969 0.0898252 -0.0010021 0.00221004 0.000944157 -0.0010021 0.00929363 -0.0174213 -0.000992759 0.00221004 -0.0174213 0.0875531 
0.0103141 -0.0185269 0.000958493 -0.000997338 -0.0185269 0.0899704 -0.0010145 0.00219441 0.000958493 -0.0010145 0.00929483 -0.0174712 -0.000997338 0.00219441 -0.0174712 0.0876969 
0.0101765 -0.0182578 0.000968226 -0.000994951 -0.0182578 0.0885983 -0.0010139 0.00218044 0.000968226 -0.0010139 0.00911848 -0.0171968 -0.000994951 0.00218044 -0.0171968 0.0863557 
0.010202 -0.0183571 0.000971506 -0.00102775 -0.0183571 0.0889762 -0.00104445 0.0022397 0.000971506 -0.00104445 0.00914521 -0.0172045 -0.00102775 0.0022397 -0.0172045 0.0865526 
0.0101307 -0.018275 0.000942961 -0.001036 -0.018275 0.0886781 -0.00104369 0.00227963 0.000942961 -0.00104369 0.00915384 -0.0171614 -0.001036 0.00227963 -0.0171614 0.0862758 
0.01022 -0.0184792 0.000919237 -0.00102061 -0.0184792 0.0898306 -0.00101861 0.00226886 0.000919237 -0.00101861 0.00933177 -0.0174601 -0.00102061 0.00226886 -0.0174601 0.0876105 
0.0101493 -0.0183496 0.00089231 -0.000983197 -0.0183496 0.0894039 -0.000977086 0.00219138 0.00089231 -0.000977086 0.00934395 -0.0174921 -0.000983197 0.00219138 -0.0174921 0.0875862 
0.0101872 -0.0183126 0.000889187 -0.000942674 -0.0183126 0.0893077 -0.000935389 0.00207997 0.000889187 -0.000935389 0.00929022 -0.0175356 -0.000942674 0.00207997 -0.0175356 0.0877623 
0.0102134 -0.0183598 0.000864662 -0.000945088 -0.0183598 0.0893336 -0.000938507 0.00204841 0.000864662 -0.000938507 0.00924371 -0.017451 -0.000945088 0.00204841 -0.017451 0.0876613 
0.0101668 -0.0183401 0.000831294 -0.000926446 -0.0183401 0.0891486 -0.00092158 0.00203495 0.000831294 -0.00092158 0.00922321 -0.017322 -0.000926446 0.00203495 -0.017322 0.087178 
0.0101598 -0.0182992 0.000827076 -0.000891589 -0.0182992 0.0890378 -0.000884614 0.00197825 0.000827076 -0.000884614 0.00919826 -0.0172933 -0.000891589 0.00197825 -0.0172933 0.0869346 
0.0101477 -0.0182591 0.00084429 -0.000881477 -0.0182591 0.0887975 -0.000874344 0.00193128 0.00084429 -0.000874344 0.0091594 -0.0172206 -0.000881477 0.00193128 -0.0172206 0.0865928 
0.0102113 -0.0183352 0.000865952 -0.000901898 -0.0183352 0.0890646 -0.00089796 0.00194813 0.000865952 -0.00089796 0.00914433 -0.0172245 -0.000901898 0.00194813 -0.0172245 0.0866536 
0.0102104 -0.0184012 0.000878674 -0.000924217 -0.0184012 0.0892618 -0.000926534 0.00200084 0.000878674 -0.000926534 0.00916804 -0.0172137 -0.000924217 0.00200084 -0.0172137 0.0866703 
0.0101389 -0.0183177 0.000864823 -0.000939515 -0.0183177 0.0889458 -0.000940817 0.00204625 0.000864823 -0.000940817 0.00918115 -0.0171691 -0.000939515 0.00204625 -0.0171691 0.0863426 
0.0101396 -0.0182866 0.000842193 -0.000935167 -0.0182866 0.0889549 -0.000932832 0.00206577 0.000842193 -0.000932832 0.00921018 -0.0172729 -0.000935167 0.00206577 -0.0172729 0.0866183 
0.0101048 -0.0182541 0.00079273 -0.000899846 -0.0182541 0.088845 -0.000896695 0.00200513 0.00079273 -0.000896695 0.00923172 -0.0173259 -0.000899846 0.00200513 -0.0173259 0.0868338 
0.0100952 -0.0182837 0.000761707 -0.000826567 -0.0182837 0.0890668 -0.000827879 0.00185101 0.000761707 -0.000827879 0.00927138 -0.0173963 -0.000826567 0.00185101 -0.0173963 0.0872108 
0.0100484 -0.0181655 0.000740934 -0.000777788 -0.0181655 0.0886427 -0.000784356 0.00170231 0.000740934 -0.000784356 0.00922889 -0.0173394 -0.000777788 0.00170231 -0.0173394 0.0869364 
0.0100461 -0.0181474 0.000733126 -0.000768988 -0.0181474 0.0885761 -0.000779396 0.00165573 0.000733126 -0.000779396 0.00922113 -0.0173347 -0.000768988 0.00165573 -0.0173347 0.0869667 
0.0100086 -0.0180986 0.000740065 -0.000773569 -0.0180986 0.0883276 -0.000780516 0.00166602 0.000740065 -0.000780516 0.00921534 -0.0172752 -0.000773569 0.00166602 -0.0172752 0.0867265 
0.0100258 -0.018051 0.000766463 -0.000787784 -0.018051 0.0881389 -0.000784271 0.00168775 0.000766463 -0.000784271 0.00916164 -0.0172571 -0.000787784 0.00168775 -0.0172571 0.0865656 
0.0100348 -0.0181013 0.000770252 -0.000828165 -0.0181013 0.0882176 -0.000816384 0.00175917 0.000770252 -0.000816384 0.00914669 -0.0172069 -0.000828165 0.00175917 -0.0172069 0.0864914 
0.0101836 -0.0183865 0.00077653 -0.00085275 -0.0183865 0.089593 -0.00083714 0.00184566 0.00077653 -0.00083714 0.0092789 -0.0174249 -0.00085275 0.00184566 -0.0174249 0.0876352 
0.010194 -0.018369 0.00076733 -0.000854455 -0.018369 0.0895567 -0.00084375 0.00188582 0.00076733 -0.00084375 0.00925688 -0.0174237 -0.000854455 0.00188582 -0.0174237 0.0875656 
0.0102686 -0.0184356 0.000766843 -0.00084591 -0.0184356 0.0897882 -0.000839768 0.0018956 0.000766843 -0.000839768 0.0092248 -0.0174245 -0.00084591 0.0018956 -0.0174245 0.0876634 
0.0103366 -0.0184997 0.000763519 -0.000834503 -0.0184997 0.089879 -0.000830561 0.00187003 0.000763519 -0.000830561 0.00915747 -0.0173387 -0.000834503 0.00187003 -0.0173387 0.0874303 
0.0103388 -0.0185785 0.00078259 -0.000821576 -0.0185785 0.0900196 -0.00081858 0.00182931 0.00078259 -0.00081858 0.00915084 -0.0172475 -0.000821576 0.00182931 -0.0172475 0.0871487 
0.0103711 -0.0186345 0.000793454 -0.000842039 -0.0186345 0.0903442 -0.000837065 0.00183483 0.000793454 -0.000837065 0.00916147 -0.0172966 -0.000842039 0.00183483 -0.0172966 0.0872846 
0.0101971 -0.0183614 0.000786998 -0.000837918 -0.0183614 0.0890109 -0.000835578 0.00182693 0.000786998 -0.000835578 0.0090339 -0.0170198 -0.000837918 0.00182693 -0.0170198 0.085918 
0.0102359 -0.0184375 0.000783254 -0.000846693 -0.0184375 0.089469 -0.000845475 0.00184695 0.000783254 -0.000845475 0.00908425 -0.0171338 -0.000846693 0.00184695 -0.0171338 0.0864131 
0.0102305 -0.0184421 0.000777823 -0.000837011 -0.0184421 0.0895346 -0.000839401 0.00183905 0.000777823 -0.000839401 0.00911202 -0.0171516 -0.000837011 0.00183905 -0.0171516 0.086525 
0.0102094 -0.0184022 0.000770901 -0.000824165 -0.0184022 0.0894264 -0.000830117 0.00181261 0.000770901 -0.000830117 0.00912569 -0.0171757 -0.000824165 0.00181261 -0.0171757 0.086559 
0.0102168 -0.0184057 0.000761686 -0.000825967 -0.0184057 0.0894977 -0.000828954 0.00180959 0.000761686 -0.000828954 0.00915454 -0.0172376 -0.000825967 0.00180959 -0.0172376 0.0868121 
0.0101783 -0.0183542 0.000774498 -0.00080686 -0.0183542 0.0892459 -0.000805497 0.00176598 0.000774498 -0.000805497 0.00915772 -0.0172064 -0.00080686 0.00176598 -0.0172064 0.0866586 
0.010259 -0.0185246 0.00077752 -0.000829135 -0.0185246 0.090101 -0.000827595 0.00178055 0.00077752 -0.000827595 0.00929879 -0.017395 -0.000829135 0.00178055 -0.017395 0.0875396 
0.0102458 -0.0184699 0.000768303 -0.000825051 -0.0184699 0.0899105 -0.00082659 0.00178681 0.000768303 -0.00082659 0.00930677 -0.0174406 -0.000825051 0.00178681 -0.0174406 0.0875436 
0.0102301 -0.0184265 0.000763022 -0.000814078 -0.0184265 0.0896815 -0.000822295 0.00178038 0.000763022 -0.000822295 0.00930374 -0.0174549 -0.000814078 0.00178038 -0.0174549 0.0875378 
0.0100563 -0.0181885 0.000745051 -0.000783037 -0.0181885 0.0884962 -0.000796959 0.0017131 0.000745051 -0.000796959 0.00920388 -0.0172569 -0.000783037 0.0017131 -0.0172569 0.0865214 
0.0102276 -0.0183894 0.000780949 -0.000801896 -0.0183894 0.0896768 -0.000808903 0.00174418 0.000780949 -0.000808903 0.00930575 -0.017562 -0.000801896 0.00174418 -0.017562 0.0879636 
0.0101912 -0.0183223 0.000814682 -0.000820612 -0.0183223 0.08918 -0.000818181 0.00175074 0.000814682 -0.000818181 0.0092224 -0.0174076 -0.000820612 0.00175074 -0.0174076 0.0874388 
0.0101985 -0.0183847 0.000826418 -0.000877104 -0.0183847 0.089392 -0.000871887 0.001856 0.000826418 -0.000871887 0.00922124 -0.0173753 -0.000877104 0.001856 -0.0173753 0.0874137 
0.0102201 -0.0184278 0.000836025 -0.000896842 -0.0184278 0.089617 -0.000893396 0.00194711 0.000836025 -0.000893396 0.00921655 -0.017356 -0.000896842 0.00194711 -0.017356 0.0873712 
0.0102085 -0.0184124 0.000811332 -0.00091371 -0.0184124 0.0895608 -0.000906931 0.00200852 0.000811332 -0.000906931 0.00920441 -0.0173162 -0.00091371 0.00200852 -0.0173162 0.0871822 
0.0102071 -0.0184301 0.000781665 -0.000883615 -0.0184301 0.0896567 -0.000880389 0.00199108 0.000781665 -0.000880389 0.00921861 -0.0173174 -0.000883615 0.00199108 -0.0173174 0.087181 
0.0101796 -0.0183573 0.000764476 -0.000839254 -0.0183573 0.0893583 -0.000843398 0.00191002 0.000764476 -0.000843398 0.00919505 -0.0172753 -0.000839254 0.00191002 -0.0172753 0.0869036 
0.010199 -0.0183655 0.000762573 -0.000821405 -0.0183655 0.0894042 -0.000835418 0.00186206 0.000762573 -0.000835418 0.0091944 -0.0173189 -0.000821405 0.00186206 -0.0173189 0.0870651 
0.0101871 -0.0184089 0.000756411 -0.0008148 -0.0184089 0.0895394 -0.000830409 0.00183325 0.000756411 -0.000830409 0.00922601 -0.0173192 -0.0008148 0.00183325 -0.0173192 0.0871598 
0.0101728 -0.0184362 0.000779768 -0.000805828 -0.0184362 0.0897703 -0.000810283 0.00179296 0.000779768 -0.000810283 0.00927271 -0.0173823 -0.000805828 0.00179296 -0.0173823 0.087397 
0.0101427 -0.0183986 0.000785558 -0.000842275 -0.0183986 0.0897315 -0.000835421 0.00182615 0.000785558 -0.000835421 0.00929816 -0.0174025 -0.000842275 0.00182615 -0.0174025 0.08744 
0.0101337 -0.0183612 0.000766432 -0.000853294 -0.0183612 0.0896443 -0.00084241 0.00186564 0.000766432 -0.00084241 0.00930104 -0.017418 -0.000853294 0.00186564 -0.017418 0.0874504 
0.0100937 -0.0182705 0.000742324 -0.000836317 -0.0182705 0.0892381 -0.000832594 0.00187436 0.000742324 -0.000832594 0.00928688 -0.0173774 -0.000836317 0.00187436 -0.0173774 0.0872037 
0.0100635 -0.0182436 0.000731634 -0.000795325 -0.0182436 0.0890828 -0.000800385 0.00180667 0.000731634 -0.000800385 0.00930005 -0.0173718 -0.000795325 0.00180667 -0.0173718 0.087131 
0.0100325 -0.0182013 0.000748264 -0.000784717 -0.0182013 0.088942 -0.000789152 0.00176045 0.000748264 -0.000789152 0.00932134 -0.0173961 -0.000784717 0.00176045 -0.0173961 0.087144 
0.0100675 -0.0182463 0.000763812 -0.0008095 -0.0182463 0.0892206 -0.000808817 0.00177902 0.000763812 -0.000808817 0.00936094 -0.0175046 -0.0008095 0.00177902 -0.0175046 0.0875918 
0.0100678 -0.0182036 0.000785415 -0.000843279 -0.0182036 0.0890366 -0.000838136 0.00186171 0.000785415 -0.000838136 0.00935214 -0.0175106 -0.000843279 0.00186171 -0.0175106 0.0876099 
0.0100884 -0.0181849 0.000814568 -0.000867777 -0.0181849 0.0888596 -0.000863686 0.00193251 0.000814568 -0.000863686 0.00931594 -0.0174801 -0.000867777 0.00193251 -0.0174801 0.0874878 
0.0100887 -0.0182254 0.00082877 -0.000894181 -0.0182254 0.0888896 -0.000896361 0.00199907 0.00082877 -0.000896361 0.00931217 -0.0174457 -0.000894181 0.00199907 -0.0174457 0.08741 
0.0100842 -0.0182384 0.000835154 -0.000898069 -0.0182384 0.0889347 -0.000907128 0.00202507 0.000835154 -0.000907128 0.00930502 -0.0174266 -0.000898069 0.00202507 -0.0174266 0.0873129 
0.0101124 -0.0183142 0.000816455 -0.000903068 -0.0183142 0.0893144 -0.00091181 0.00203348 0.000816455 -0.00091181 0.0093326 -0.0174785 -0.000903068 0.00203348 -0.0174785 0.0875799 
0.00999814 -0.0181204 0.000780645 -0.000866179 -0.0181204 0.0883855 -0.00087239 0.00196499 0.000780645 -0.00087239 0.00922014 -0.0172616 -0.000866179 0.00196499 -0.0172616 0.0865398 
0.0100661 -0.0181993 0.000812841 -0.000838216 -0.0181993 0.0888356 -0.000840148 0.00189448 0.000812841 -0.000840148 0.00923892 -0.0173526 -0.000838216 0.00189448 -0.0173526 0.0869846 
0.010127 -0.0182509 0.000816565 -0.00087589 -0.0182509 0.0890462 -0.000873597 0.00191292 0.000816565 -0.000873597 0.00921844 -0.0173694 -0.00087589 0.00191292 -0.0173694 0.0871772 
0.010136 -0.018215 0.000808372 -0.000888764 -0.018215 0.0887519 -0.000886858 0.00196639 0.000808372 -0.000886858 0.0091526 -0.0172609 -0.000888764 0.00196639 -0.0172609 0.0867887 
0.0101551 -0.0182604 0.000789324 -0.000879313 -0.0182604 0.0887573 -0.000875552 0.00196632 0.000789324 -0.000875552 0.00913236 -0.0171678 -0.000879313 0.00196632 -0.0171678 0.0864741 
0.0101616 -0.0182652 0.000804023 -0.000857007 -0.0182652 0.0887196 -0.000851702 0.00192938 0.000804023 -0.000851702 0.00912339 -0.0171482 -0.000857007 0.00192938 -0.0171482 0.0862919 
0.0101279 -0.0182796 0.000794117 -0.00086437 -0.0182796 0.088771 -0.000856 0.00190293 0.000794117 -0.000856 0.00915935 -0.0171835 -0.00086437 0.00190293 -0.0171835 0.0863818 
0.0101746 -0.0183437 0.000795495 -0.00085614 -0.0183437 0.0892376 -0.000847335 0.0018859 0.000795495 -0.000847335 0.00919947 -0.0173339 -0.00085614 0.0018859 -0.0173339 0.0870134 
0.0101547 -0.018268 0.000793902 -0.000853388 -0.018268 0.0889118 -0.000849863 0.00187501 0.000793902 -0.000849863 0.00915899 -0.0172813 -0.000853388 0.00187501 -0.0172813 0.0868469 
0.0102832 -0.0185008 0.000799785 -0.000862109 -0.0185008 0.0899764 -0.000863935 0.00189906 0.000799785 -0.000863935 0.00926651 -0.0174591 -0.000862109 0.00189906 -0.0174591 0.0878564 
0.0101355 -0.0182105 0.000777659 -0.000837259 -0.0182105 0.0885257 -0.00083745 0.00184255 0.000777659 -0.00083745 0.00907876 -0.0171503 -0.000837259 0.00184255 -0.0171503 0.0863203 
0.0101643 -0.0182552 0.000767733 -0.000837276 -0.0182552 0.0886802 -0.000830944 0.0018347 0.000767733 -0.000830944 0.00905628 -0.0171349 -0.000837276 0.0018347 -0.0171349 0.0863483 
0.0101739 -0.0183123 0.000771603 -0.000827454 -0.0183123 0.08889 -0.000818554 0.00181484 0.000771603 -0.000818554 0.00905921 -0.0171017 -0.000827454 0.00181484 -0.0171017 0.086323 
0.0101072 -0.018241 0.0007675 -0.000836619 -0.018241 0.0886225 -0.000830951 0.00183286 0.0007675 -0.000830951 0.00906605 -0.0170421 -0.000836619 0.00183286 -0.0170421 0.0859903 
0.0102575 -0.0185205 0.000761968 -0.000855836 -0.0185205 0.0901046 -0.000850958 0.00189428 0.000761968 -0.000850958 0.00925568 -0.0173684 -0.000855836 0.00189428 -0.0173684 0.0874889 
0.0101834 -0.0183975 0.000760399 -0.000826069 -0.0183975 0.0895752 -0.000816482 0.00184763 0.000760399 -0.000816482 0.00924793 -0.0173186 -0.000826069 0.00184763 -0.0173186 0.0871101 
0.0101162 -0.0182577 0.000751149 -0.000818698 -0.0182577 0.0889254 -0.000804592 0.00180039 0.000751149 -0.000804592 0.00921367 -0.01724 -0.000818698 0.00180039 -0.01724 0.0865878 
0.0100751 -0.018172 0.000739572 -0.000805768 -0.018172 0.0885004 -0.000795477 0.00176739 0.000739572 -0.000795477 0.00919112 -0.0172141 -0.000805768 0.00176739 -0.0172141 0.0863245 
0.0101274 -0.0182096 0.000753847 -0.000787873 -0.0182096 0.0886461 -0.000788715 0.00173301 0.000753847 -0.000788715 0.00917552 -0.0172711 -0.000787873 0.00173301 -0.0172711 0.0865627 
0.0101963 -0.0182662 0.00078139 -0.000800294 -0.0182662 0.0887876 -0.000809187 0.00174107 0.00078139 -0.000809187 0.00912509 -0.0172664 -0.000800294 0.00174107 -0.0172664 0.0866736 
0.0102694 -0.0184351 0.000787442 -0.000831807 -0.0184351 0.0893717 -0.000845598 0.00179783 0.000787442 -0.000845598 0.00912863 -0.0172644 -0.000831807 0.00179783 -0.0172644 0.0869376 
0.0103664 -0.0186571 0.000802892 -0.000847197 -0.0186571 0.090396 -0.000857503 0.00185272 0.000802892 -0.000857503 0.00919278 -0.017371 -0.000847197 0.00185272 -0.017371 0.0875978 
0.0102106 -0.0183943 0.000791936 -0.000845246 -0.0183943 0.0892216 -0.000848182 0.00184472 0.000791936 -0.000848182 0.00905495 -0.0171178 -0.000845246 0.00184472 -0.0171178 0.0863442 
0.0102111 -0.0183306 0.000790461 -0.000864646 -0.0183306 0.0890147 -0.000863533 0.00190069 0.000790461 -0.000863533 0.00902106 -0.0170765 -0.000864646 0.00190069 -0.0170765 0.0861654 
0.0101842 -0.0183441 0.000793868 -0.000856706 -0.0183441 0.0889689 -0.000856692 0.00190485 0.000793868 -0.000856692 0.00904463 -0.0170254 -0.000856706 0.00190485 -0.0170254 0.0860123 
0.0101692 -0.0183453 0.000799496 -0.000857064 -0.0183453 0.0890662 -0.00085581 0.0018976 0.000799496 -0.00085581 0.00909345 -0.0170801 -0.000857064 0.0018976 -0.0170801 0.0861281 
0.0101198 -0.0183018 0.000760032 -0.000851616 -0.0183018 0.0889589 -0.000848873 0.00186857 0.000760032 -0.000848873 0.00914026 -0.0171239 -0.000851616 0.00186857 -0.0171239 0.0861955 
0.0101659 -0.0183512 0.00075759 -0.000802446 -0.0183512 0.0893498 -0.000803709 0.00178214 0.00075759 -0.000803709 0.00919319 -0.0172833 -0.000802446 0.00178214 -0.0172833 0.0868304 
0.0101643 -0.0183089 0.000769172 -0.000789751 -0.0183089 0.0891639 -0.000794502 0.00171362 0.000769172 -0.000794502 0.00918038 -0.0172832 -0.000789751 0.00171362 -0.0172832 0.0868647 
0.0101982 -0.0182874 0.000829133 -0.000816545 -0.0182874 0.088996 -0.000817056 0.00173975 0.000829133 -0.000817056 0.00913505 -0.0172521 -0.000816545 0.00173975 -0.0172521 0.0867649 
0.0101999 -0.0183225 0.000858227 -0.000892251 -0.0183225 0.0889859 -0.00088838 0.00187178 0.000858227 -0.00088838 0.00912598 -0.0172152 -0.000892251 0.00187178 -0.0172152 0.0866944 
0.0101878 -0.0182818 0.000865542 -0.000943804 -0.0182818 0.0887676 -0.000936643 0.00203392 0.000865542 -0.000936643 0.00909746 -0.0171538 -0.000943804 0.00203392 -0.0171538 0.0863929 
0.0102208 -0.018374 0.000855456 -0.000951315 -0.018374 0.0891173 -0.000943831 0.00210239 0.000855456 -0.000943831 0.00912982 -0.0171852 -0.000951315 0.00210239 -0.0171852 0.0865735 
0.0102648 -0.0184478 0.00084229 -0.000939106 -0.0184478 0.0895076 -0.000930449 0.00210057 0.00084229 -0.000930449 0.0091621 -0.0172703 -0.000939106 0.00210057 -0.0172703 0.0869241 
0.0102729 -0.0184614 0.000836779 -0.000906281 -0.0184614 0.0895769 -0.000898571 0.0020263 0.000836779 -0.000898571 0.00916079 -0.0172837 -0.000906281 0.0020263 -0.0172837 0.0870061 
0.0102283 -0.0183879 0.00081255 -0.000890202 -0.0183879 0.0892408 -0.000886513 0.00196271 0.00081255 -0.000886513 0.00913039 -0.0172212 -0.000890202 0.00196271 -0.0172212 0.0867134 
0.010176 -0.0183164 0.000773675 -0.000858768 -0.0183164 0.0889227 -0.000862822 0.00189939 0.000773675 -0.000862822 0.00911602 -0.0171665 -0.000858768 0.00189939 -0.0171665 0.0864358 
0.0103224 -0.018543 0.000742488 -0.000826292 -0.018543 0.0901027 -0.000835523 0.00183939 0.000742488 -0.000835523 0.00923916 -0.0174305 -0.000826292 0.00183939 -0.0174305 0.0876932 
0.0102878 -0.0185013 0.000724771 -0.000769336 -0.0185013 0.0898538 -0.000780992 0.00171072 0.000724771 -0.000780992 0.00922201 -0.0173825 -0.000769336 0.00171072 -0.0173825 0.087493 
0.0102871 -0.0184843 0.000705646 -0.000739212 -0.0184843 0.0897642 -0.000746834 0.00159161 0.000705646 -0.000746834 0.00918886 -0.0173472 -0.000739212 0.00159161 -0.0173472 0.0873337 
0.0103284 -0.0185113 0.000718302 -0.000733326 -0.0185113 0.0898745 -0.000743346 0.00156465 0.000718302 -0.000743346 0.0091619 -0.0173504 -0.000733326 0.00156465 -0.0173504 0.0873987 
0.0103474 -0.0185587 0.000736867 -0.000747856 -0.0185587 0.090005 -0.000761232 0.00158362 0.000736867 -0.000761232 0.00914591 -0.0173283 -0.000747856 0.00158362 -0.0173283 0.087416 
0.0103041 -0.0185513 0.000751077 -0.000776915 -0.0185513 0.0899465 -0.000790202 0.0016507 0.000751077 -0.000790202 0.00915698 -0.0172698 -0.000776915 0.0016507 -0.0172698 0.0872127 
0.0102561 -0.0185458 0.000769498 -0.00080791 -0.0185458 0.0900592 -0.000815307 0.00173807 0.000769498 -0.000815307 0.00922587 -0.0173186 -0.00080791 0.00173807 -0.0173186 0.0873398 
0.0100856 -0.0182128 0.000768439 -0.000816561 -0.0182128 0.0886216 -0.000807257 0.00175361 0.000768439 -0.000807257 0.00909458 -0.0170914 -0.000816561 0.00175361 -0.0170914 0.086033 
0.0101224 -0.0182353 0.000777948 -0.000844362 -0.0182353 0.0887729 -0.00082295 0.00181334 0.000777948 -0.00082295 0.00910244 -0.0171513 -0.000844362 0.00181334 -0.0171513 0.0862999 
0.0102933 -0.0185142 0.000801516 -0.000871667 -0.0185142 0.0900696 -0.000850187 0.00189634 0.000801516 -0.000850187 0.00923156 -0.01739 -0.000871667 0.00189634 -0.01739 0.0875719 
0.0103313 -0.0185477 0.000808496 -0.000876659 -0.0185477 0.0901426 -0.000861977 0.00192301 0.000808496 -0.000861977 0.00921114 -0.0173856 -0.000876659 0.00192301 -0.0173856 0.087568 
0.0102109 -0.0183633 0.000805318 -0.000877099 -0.0183633 0.0891356 -0.000864299 0.00193019 0.000805318 -0.000864299 0.00909889 -0.0171572 -0.000877099 0.00193019 -0.0171572 0.0864853 
0.0102311 -0.0184016 0.000800184 -0.000886351 -0.0184016 0.0893444 -0.000869338 0.00194978 0.000800184 -0.000869338 0.0091174 -0.0171945 -0.000886351 0.00194978 -0.0171945 0.0866552 
0.0103 -0.0184461 0.000807658 -0.000882302 -0.0184461 0.0895854 -0.000865492 0.0019545 0.000807658 -0.000865492 0.00909735 -0.0172489 -0.000882302 0.0019545 -0.0172489 0.0869178 
0.0103072 -0.0184046 0.000810633 -0.000873299 -0.0184046 0.0891916 -0.00086759 0.00193433 0.000810633 -0.00086759 0.00900632 -0.0170876 -0.000873299 0.00193433 -0.0170876 0.0863321 
0.010291 -0.0184032 0.000809434 -0.000868077 -0.0184032 0.088992 -0.000880192 0.00193488 0.000809434 -0.000880192 0.00897202 -0.016978 -0.000868077 0.00193488 -0.016978 0.0858787 
0.0103693 -0.0185725 0.000810062 -0.000864323 -0.0185725 0.0897351 -0.000884444 0.00193069 0.000810062 -0.000884444 0.00902326 -0.0170757 -0.000864323 0.00193069 -0.0170757 0.0863514 
0.0104335 -0.0186753 0.000828718 -0.000866559 -0.0186753 0.0902722 -0.000880991 0.00192434 0.000828718 -0.000880991 0.00905903 -0.0171794 -0.000866559 0.00192434 -0.0171794 0.0868399 
0.0102912 -0.0184464 0.000798842 -0.000871566 -0.0184464 0.0891606 -0.000872524 0.00189706 0.000798842 -0.000872524 0.00893987 -0.0169542 -0.000871566 0.00189706 -0.0169542 0.0857618 
0.0102933 -0.0184751 0.00074273 -0.000854223 -0.0184751 0.0893315 -0.000843881 0.00186183 0.00074273 -0.000843881 0.00896431 -0.0169631 -0.000854223 0.00186183 -0.0169631 0.0858652 
0.0102635 -0.018429 0.000705248 -0.000780531 -0.018429 0.0892108 -0.000770543 0.00172362 0.000705248 -0.000770543 0.00897325 -0.0169695 -0.000780531 0.00172362 -0.0169695 0.0858254 
0.0103514 -0.018608 0.000708442 -0.000731834 -0.018608 0.0901798 -0.000729507 0.00158298 0.000708442 -0.000729507 0.00911383 -0.0172059 -0.000731834 0.00158298 -0.0172059 0.0869488 
0.0103207 -0.0185375 0.000715179 -0.0007331 -0.0185375 0.0899447 -0.000735759 0.00153786 0.000715179 -0.000735759 0.00912012 -0.017223 -0.0007331 0.00153786 -0.017223 0.0869384 
0.0102738 -0.0184203 0.000713505 -0.000755649 -0.0184203 0.0893959 -0.000754399 0.00157921 0.000713505 -0.000754399 0.00909146 -0.0171562 -0.000755649 0.00157921 -0.0171562 0.0865694 
0.010316 -0.0184625 0.000738377 -0.000762264 -0.0184625 0.0895448 -0.000756299 0.00161282 0.000738377 -0.000756299 0.00909306 -0.0172117 -0.000762264 0.00161282 -0.0172117 0.0867959 
0.0103571 -0.0185651 0.00076076 -0.000785118 -0.0185651 0.0898878 -0.000779631 0.00164996 0.00076076 -0.000779631 0.00911504 -0.0172136 -0.000785118 0.00164996 -0.0172136 0.0869431 
0.010406 -0.0186758 0.000788646 -0.000810248 -0.0186758 0.090399 -0.000804468 0.00170088 0.000788646 -0.000804468 0.00916148 -0.0172839 -0.000810248 0.00170088 -0.0172839 0.0872729 
0.0104067 -0.0186374 0.000790623 -0.000838584 -0.0186374 0.0902607 -0.000829566 0.00175894 0.000790623 -0.000829566 0.00913733 -0.0172696 -0.000838584 0.00175894 -0.0172696 0.0871327 
0.0103949 -0.0185869 0.000809169 -0.000853525 -0.0185869 0.0900009 -0.000844361 0.00182355 0.000809169 -0.000844361 0.00910317 -0.0172474 -0.000853525 0.00182355 -0.0172474 0.0869987 
0.0103832 -0.0185955 0.000825053 -0.000882248 -0.0185955 0.0899599 -0.000874632 0.00190006 0.000825053 -0.000874632 0.00911016 -0.0172208 -0.000882248 0.00190006 -0.0172208 0.0869471 
0.0103508 -0.0185183 0.000809058 -0.000899163 -0.0185183 0.0896138 -0.000890591 0.00195611 0.000809058 -0.000890591 0.00907862 -0.0171669 -0.000899163 0.00195611 -0.0171669 0.0866189 
0.0103671 -0.0185549 0.000785611 -0.00088191 -0.0185549 0.0897652 -0.000875695 0.00195562 0.000785611 -0.000875695 0.00909143 -0.0172071 -0.00088191 0.00195562 -0.0172071 0.086796 
0.0103974 -0.0185841 0.00075211 -0.000836601 -0.0185841 0.089876 -0.000836216 0.0018642 0.00075211 -0.000836216 0.00907382 -0.0172034 -0.000836601 0.0018642 -0.0172034 0.0868279 
0.0104145 -0.018653 0.000768091 -0.000785225 -0.018653 0.0901381 -0.000791197 0.00173665 0.000768091 -0.000791197 0.00908949 -0.0172149 -0.000785225 0.00173665 -0.0172149 0.0869677 
0.0103601 -0.0185463 0.000781718 -0.000804016 -0.0185463 0.0896981 -0.000811194 0.00171503 0.000781718 -0.000811194 0.00905955 -0.0171376 -0.000804016 0.00171503 -0.0171376 0.0865489 
0.0103536 -0.0185002 0.00079205 -0.000817447 -0.0185002 0.0894648 -0.000824918 0.00173221 0.00079205 -0.000824918 0.00902195 -0.0170951 -0.000817447 0.00173221 -0.0170951 0.0863063 
0.0103373 -0.0185196 0.000801631 -0.000823789 -0.0185196 0.0894558 -0.000835872 0.00174956 0.000801631 -0.000835872 0.00903151 -0.0170617 -0.000823789 0.00174956 -0.0170617 0.0861983 
0.0103837 -0.0186267 0.000822748 -0.000842538 -0.0186267 0.0900117 -0.000859005 0.00179476 0.000822748 -0.000859005 0.00909883 -0.0171715 -0.000842538 0.00179476 -0.0171715 0.0866733 
