0.00785341 0 -0.00039543 0 0 0.00994541 0 0 -0.00039543 0 0.00620653 0 0 0 0 0.00994541 
0.0110433 -0.0136831 -0.000557924 0.000678914 -0.0136831 0.035402 0.000678914 -0.00130213 -0.000557924 0.000678914 0.0089551 -0.0111417 0.000678914 -0.00130213 -0.0111417 0.0305298 
0.010804 -0.0197986 -0.000472419 0.000741165 -0.0197986 0.0722348 0.000741165 -0.00231021 -0.000472419 0.000741165 0.00904853 -0.0172651 0.000741165 -0.00231021 -0.0172651 0.0643753 
0.0101698 -0.0188944 -0.000454768 0.000486006 -0.0188944 0.0834451 0.000501332 -0.00158894 -0.000454768 0.000501332 0.00852969 -0.0173924 0.000486006 -0.00158894 -0.0173924 0.0794439 
0.0103132 -0.0184342 -0.000507005 0.000485668 -0.0184342 0.0865657 0.000515631 -0.00128881 -0.000507005 0.000515631 0.0085015 -0.016865 0.000485668 -0.00128881 -0.016865 0.0841033 
0.0104881 -0.0185107 -0.000511186 0.000561591 -0.0185107 0.0878871 0.000592892 -0.00139607 -0.000511186 0.000592892 0.00853539 -0.0165799 0.000561591 -0.00139607 -0.0165799 0.0846726 
0.0106047 -0.0187893 -0.000474785 0.000563871 -0.0187893 0.0894262 0.000593515 -0.00144602 -0.000474785 0.000593515 0.00868029 -0.0166148 0.000563871 -0.00144602 -0.0166148 0.0851515 
0.0105742 -0.0187404 -0.000470104 0.000524748 -0.0187404 0.0895878 0.000545685 -0.0013807 -0.000470104 0.000545685 0.00873153 -0.0166428 0.000524748 -0.0013807 -0.0166428 0.0849901 
0.0105368 -0.0187102 -0.000521451 0.000534624 -0.0187102 0.0896803 0.000545324 -0.00135362 -0.000521451 0.000545324 0.00882445 -0.0167641 0.000534624 -0.00135362 -0.0167641 0.0853135 
0.0105619 -0.0187424 -0.000533336 0.000598873 -0.0187424 0.0900163 0.000604823 -0.00143812 -0.000533336 0.000604823 0.00894741 -0.0169638 0.000598873 -0.00143812 -0.0169638 0.0860522 
0.0105192 -0.0186602 -0.000506312 0.000606114 -0.0186602 0.0896966 0.000611567 -0.00148959 -0.000506312 0.000611567 0.00899377 -0.0170484 0.000606114 -0.00148959 -0.0170484 0.0862298 
0.0105325 -0.0186659 -0.000482421 0.000570249 -0.0186659 0.089758 0.000572711 -0.00144117 -0.000482421 0.000572711 0.00903689 -0.0171741 0.000570249 -0.00144117 -0.0171741 0.0867006 
0.0105417 -0.0186372 -0.000475464 0.000533588 -0.0186372 0.089616 0.00052567 -0.00133338 -0.000475464 0.00052567 0.00899895 -0.0172069 0.000533588 -0.00133338 -0.0172069 0.0868442 
0.0105105 -0.018576 -0.000517393 0.000546172 -0.018576 0.0891924 0.000528319 -0.00132179 -0.000517393 0.000528319 0.00890573 -0.017062 0.000546172 -0.00132179 -0.017062 0.086353 
0.0105389 -0.0186338 -0.000552272 0.000595153 -0.0186338 0.0893564 0.000576988 -0.00139411 -0.000552272 0.000576988 0.00887968 -0.0169804 0.000595153 -0.00139411 -0.0169804 0.0861697 
0.0106465 -0.0187862 -0.000535646 0.000634484 -0.0187862 0.090015 0.00062254 -0.00149664 -0.000535646 0.00062254 0.00890445 -0.0170199 0.000634484 -0.00149664 -0.0170199 0.0864432 
0.0106681 -0.0188544 -0.000516457 0.000609452 -0.0188544 0.0902138 0.00060676 -0.00151042 -0.000516457 0.00060676 0.00890107 -0.0169961 0.000609452 -0.00151042 -0.0169961 0.0863472 
0.0106483 -0.0188564 -0.000496168 0.00058464 -0.0188564 0.0902148 0.000589677 -0.00147569 -0.000496168 0.000589677 0.00889133 -0.0169638 0.00058464 -0.00147569 -0.0169638 0.0861661 
0.0106488 -0.0188809 -0.000471834 0.000555198 -0.0188809 0.0903869 0.000561948 -0.0014113 -0.000471834 0.000561948 0.00891067 -0.0169879 0.000555198 -0.0014113 -0.0169879 0.086257 
0.0106494 -0.0188816 -0.000476273 0.00052375 -0.0188816 0.0904799 0.000528149 -0.0013305 -0.000476273 0.000528149 0.00892695 -0.0170322 0.00052375 -0.0013305 -0.0170322 0.0864185 
0.0106426 -0.0188312 -0.000472073 0.000529499 -0.0188312 0.0902925 0.000535666 -0.00130754 -0.000472073 0.000535666 0.00890435 -0.0170226 0.000529499 -0.00130754 -0.0170226 0.0863589 
0.0105993 -0.0187198 -0.000457936 0.000535353 -0.0187198 0.0897265 0.00054547 -0.00133358 -0.000457936 0.00054547 0.00883074 -0.0169269 0.000535353 -0.00133358 -0.0169269 0.0859118 
0.0106385 -0.0188043 -0.000469352 0.000516959 -0.0188043 0.090051 0.000525996 -0.00131235 -0.000469352 0.000525996 0.00884246 -0.0169598 0.000516959 -0.00131235 -0.0169598 0.0861947 
0.0106287 -0.0187962 -0.000460071 0.000521792 -0.0187962 0.0900085 0.000519098 -0.00127991 -0.000460071 0.000519098 0.00882203 -0.0169168 0.000521792 -0.00127991 -0.0169168 0.0860659 
0.0106198 -0.0188015 -0.000476107 0.000526362 -0.0188015 0.0900528 0.000511714 -0.00128152 -0.000476107 0.000511714 0.0088301 -0.0169051 0.000526362 -0.00128152 -0.0169051 0.0860469 
0.0106281 -0.0187627 -0.000500749 0.000549329 -0.0187627 0.0899343 0.000535548 -0.00131928 -0.000500749 0.000535548 0.00880212 -0.0168986 0.000549329 -0.00131928 -0.0168986 0.0859725 
0.0106621 -0.0188013 -0.000496013 0.000563457 -0.0188013 0.0900074 0.000555748 -0.00134753 -0.000496013 0.000555748 0.0087816 -0.0168698 0.000563457 -0.00134753 -0.0168698 0.0859466 
0.0106741 -0.0188556 -0.000510027 0.000574606 -0.0188556 0.0901632 0.00056571 -0.00139726 -0.000510027 0.00056571 0.00880339 -0.0168508 0.000574606 -0.00139726 -0.0168508 0.0859279 
0.0106911 -0.0188404 -0.000477801 0.000588419 -0.0188404 0.0901209 0.000575066 -0.0014256 -0.000477801 0.000575066 0.00878822 -0.0168579 0.000588419 -0.0014256 -0.0168579 0.0858509 
0.0106767 -0.0188377 -0.000460362 0.00055174 -0.0188377 0.0900184 0.000537719 -0.00138638 -0.000460362 0.000537719 0.00877349 -0.0168282 0.00055174 -0.00138638 -0.0168282 0.0857254 
0.0106615 -0.018792 -0.00045242 0.0005209 -0.018792 0.0898142 0.00051097 -0.00130745 -0.00045242 0.00051097 0.00873254 -0.0167906 0.0005209 -0.00130745 -0.0167906 0.0855256 
0.0106722 -0.0187825 -0.000427127 0.000512196 -0.0187825 0.0897349 0.000509545 -0.00127179 -0.000427127 0.000509545 0.00869041 -0.0167542 0.000512196 -0.00127179 -0.0167542 0.0854189 
0.0107513 -0.0189021 -0.000401324 0.000481775 -0.0189021 0.0902059 0.000484388 -0.00122162 -0.000401324 0.000484388 0.00869268 -0.0167712 0.000481775 -0.00122162 -0.0167712 0.0856693 
0.010719 -0.0189061 -0.000415979 0.000447505 -0.0189061 0.0901233 0.000451439 -0.00114315 -0.000415979 0.000451439 0.00869087 -0.0166869 0.000447505 -0.00114315 -0.0166869 0.0853472 
0.0106784 -0.0188706 -0.00041944 0.000465836 -0.0188706 0.09004 0.000469952 -0.0011401 -0.00041944 0.000469952 0.0087045 -0.0166913 0.000465836 -0.0011401 -0.0166913 0.0852297 
0.0107134 -0.0189504 -0.000441857 0.000478757 -0.0189504 0.0905514 0.00048786 -0.00118265 -0.000441857 0.00048786 0.00878571 -0.0168418 0.000478757 -0.00118265 -0.0168418 0.0858716 
0.0106619 -0.0189071 -0.00045894 0.000493693 -0.0189071 0.0904229 0.000505673 -0.00121414 -0.00045894 0.000505673 0.00880922 -0.0168561 0.000493693 -0.00121414 -0.0168561 0.0858959 
0.0105796 -0.0187906 -0.000466649 0.000521353 -0.0187906 0.0900109 0.000532759 -0.00127794 -0.000466649 0.000532759 0.00880301 -0.0168332 0.000521353 -0.00127794 -0.0168332 0.0856883 
0.0105858 -0.01876 -0.000468551 0.000527761 -0.01876 0.0899903 0.000542195 -0.00131436 -0.000468551 0.000542195 0.00881413 -0.0168678 0.000527761 -0.00131436 -0.0168678 0.0858186 
0.0105259 -0.0187073 -0.000480371 0.00052341 -0.0187073 0.0897235 0.000538274 -0.00131109 -0.000480371 0.000538274 0.00883528 -0.0168293 0.00052341 -0.00131109 -0.0168293 0.0856346 
0.0104838 -0.0186543 -0.000504651 0.00054078 -0.0186543 0.0895857 0.000549858 -0.00132865 -0.000504651 0.000549858 0.0088772 -0.0168647 0.00054078 -0.00132865 -0.0168647 0.0856417 
0.0105242 -0.0186682 -0.000492209 0.000574359 -0.0186682 0.0897544 0.000572146 -0.00138225 -0.000492209 0.000572146 0.00891375 -0.0169775 0.000574359 -0.00138225 -0.0169775 0.0860383 
0.0105019 -0.0186373 -0.000489793 0.00055907 -0.0186373 0.089537 0.000553046 -0.00137719 -0.000489793 0.000553046 0.00890519 -0.016964 0.00055907 -0.00137719 -0.016964 0.0859693 
0.0105228 -0.0187236 -0.000474033 0.00054658 -0.0187236 0.0899452 0.000542262 -0.00133541 -0.000474033 0.000542262 0.00895326 -0.0170567 0.00054658 -0.00133541 -0.0170567 0.0864251 
0.0104631 -0.0185851 -0.00044762 0.000530258 -0.0185851 0.0893989 0.000524619 -0.00129846 -0.00044762 0.000524619 0.00887816 -0.0169791 0.000530258 -0.00129846 -0.0169791 0.0860099 
0.0105715 -0.0186647 -0.000413038 0.000517142 -0.0186647 0.0897932 0.000503957 -0.00127543 -0.000413038 0.000503957 0.00885502 -0.0170459 0.000517142 -0.00127543 -0.0170459 0.0864651 
0.0105913 -0.0186929 -0.000379934 0.000478743 -0.0186929 0.0896929 0.0004625 -0.00120599 -0.000379934 0.0004625 0.00878843 -0.0169284 0.000478743 -0.00120599 -0.0169284 0.0861743 
0.0106322 -0.0187225 -0.000341992 0.000438441 -0.0187225 0.0896862 0.000425459 -0.00111391 -0.000341992 0.000425459 0.00871347 -0.0168165 0.000438441 -0.00111391 -0.0168165 0.0857995 
0.0106959 -0.0188518 -0.000354298 0.000389549 -0.0188518 0.0901135 0.000390319 -0.0010159 -0.000354298 0.000390319 0.00873036 -0.0167766 0.000389549 -0.0010159 -0.0167766 0.0857834 
0.0107023 -0.0189488 -0.000383275 0.000392818 -0.0189488 0.0905008 0.000397869 -0.000971982 -0.000383275 0.000397869 0.00878095 -0.0168073 0.000392818 -0.000971982 -0.0168073 0.0858706 
0.0106249 -0.0188087 -0.000390238 0.000428496 -0.0188087 0.0899619 0.000430519 -0.0010179 -0.000390238 0.000430519 0.00873278 -0.0167398 0.000428496 -0.0010179 -0.0167398 0.0853511 
0.0106455 -0.0188705 -0.000350828 0.000433926 -0.0188705 0.0903013 0.000431398 -0.00103824 -0.000350828 0.000431398 0.00878892 -0.0168217 0.000433926 -0.00103824 -0.0168217 0.0857431 
0.0106561 -0.0189098 -0.00034932 0.000394783 -0.0189098 0.0905858 0.000390051 -0.000989073 -0.00034932 0.000390051 0.00885273 -0.0169237 0.000394783 -0.000989073 -0.0169237 0.086167 
0.0106156 -0.0188581 -0.000363159 0.000381102 -0.0188581 0.0904515 0.000377309 -0.00092534 -0.000363159 0.000377309 0.00888148 -0.0169632 0.000381102 -0.00092534 -0.0169632 0.0862657 
0.010514 -0.0186598 -0.000366788 0.000392959 -0.0186598 0.089625 0.000391181 -0.000918964 -0.000366788 0.000391181 0.00882091 -0.0168796 0.000392959 -0.000918964 -0.0168796 0.0857478 
0.0104971 -0.0186374 -0.000387904 0.000417395 -0.0186374 0.0895436 0.00041347 -0.000983703 -0.000387904 0.00041347 0.00883162 -0.016892 0.000417395 -0.000983703 -0.016892 0.0858411 
0.010486 -0.0185821 -0.000379401 0.000448472 -0.0185821 0.0893011 0.000438808 -0.00105646 -0.000379401 0.000438808 0.00881865 -0.0168551 0.000448472 -0.00105646 -0.0168551 0.0856681 
0.0105113 -0.0185938 -0.000371273 0.000429321 -0.0185938 0.0893027 0.000421144 -0.00104764 -0.000371273 0.000421144 0.00881519 -0.0168645 0.000429321 -0.00104764 -0.0168645 0.0856911 
0.0106251 -0.0187728 -0.000383049 0.00041143 -0.0187728 0.090064 0.000410232 -0.00100444 -0.000383049 0.000410232 0.00888009 -0.0169969 0.00041143 -0.00100444 -0.0169969 0.0863799 
0.0105624 -0.0187153 -0.000401297 0.000404442 -0.0187153 0.08969 0.000406403 -0.000956887 -0.000401297 0.000406403 0.00883806 -0.0169065 0.000404442 -0.000956887 -0.0169065 0.085938 
0.0105668 -0.0187499 -0.00045907 0.000445163 -0.0187499 0.0899201 0.000445155 -0.00102288 -0.00045907 0.000445155 0.00887118 -0.0169479 0.000445163 -0.00102288 -0.0169479 0.0861362 
0.0104876 -0.0186701 -0.000486121 0.000525641 -0.0186701 0.0896117 0.000521602 -0.00118827 -0.000486121 0.000521602 0.00890025 -0.0169058 0.000525641 -0.00118827 -0.0169058 0.0858796 
0.0104408 -0.0185744 -0.000487953 0.000554834 -0.0185744 0.0893277 0.000556319 -0.00131163 -0.000487953 0.000556319 0.00891685 -0.0169435 0.000554834 -0.00131163 -0.0169435 0.0858285 
0.0104832 -0.0186089 -0.000454188 0.000541901 -0.0186089 0.0895634 0.000556198 -0.00133323 -0.000454188 0.000556198 0.00895094 -0.0170571 0.000541901 -0.00133323 -0.0170571 0.0863036 
0.010484 -0.0186639 -0.000423629 0.000504692 -0.0186639 0.0897503 0.000520206 -0.00128596 -0.000423629 0.000520206 0.00901928 -0.0170872 0.000504692 -0.00128596 -0.0170872 0.0865277 
0.0105198 -0.018664 -0.000427027 0.0004622 -0.018664 0.0898565 0.000471794 -0.00117973 -0.000427027 0.000471794 0.00900309 -0.0171819 0.0004622 -0.00117973 -0.0171819 0.0867845 
0.0104758 -0.0185708 -0.000438233 0.000464563 -0.0185708 0.089307 0.000467102 -0.0011276 -0.000438233 0.000467102 0.00889159 -0.0170353 0.000464563 -0.0011276 -0.0170353 0.0862315 
0.0105043 -0.0186289 -0.000457688 0.000488965 -0.0186289 0.0895075 0.000490877 -0.00116327 -0.000457688 0.000490877 0.00885705 -0.0169822 0.000488965 -0.00116327 -0.0169822 0.0862015 
0.0104769 -0.0186017 -0.000445016 0.000515439 -0.0186017 0.0893466 0.000515144 -0.00122562 -0.000445016 0.000515144 0.00880427 -0.0168635 0.000515439 -0.00122562 -0.0168635 0.0857669 
0.0105558 -0.0187072 -0.000396223 0.000502411 -0.0187072 0.089858 0.000496293 -0.00122467 -0.000396223 0.000496293 0.00882287 -0.0168937 0.000502411 -0.00122467 -0.0168937 0.0860036 
0.0105831 -0.0188009 -0.000362024 0.000444169 -0.0188009 0.0902022 0.000431184 -0.00112151 -0.000362024 0.000431184 0.00884787 -0.0168941 0.000444169 -0.00112151 -0.0168941 0.0860709 
0.0105411 -0.0187752 -0.000328214 0.000394443 -0.0187752 0.0901267 0.000384684 -0.00098511 -0.000328214 0.000384684 0.00887581 -0.016876 0.000394443 -0.00098511 -0.016876 0.0858986 
0.0105747 -0.0187435 -0.000329135 0.000355559 -0.0187435 0.0901276 0.000357065 -0.000889895 -0.000329135 0.000357065 0.00885918 -0.0169579 0.000355559 -0.000889895 -0.0169579 0.0860873 
0.0105195 -0.0186292 -0.00033628 0.00036345 -0.0186292 0.0894669 0.000369869 -0.000880409 -0.00033628 0.000369869 0.00877417 -0.0168334 0.00036345 -0.000880409 -0.0168334 0.0855709 
0.0105585 -0.0186976 -0.000324866 0.000372059 -0.0186976 0.0897135 0.000380382 -0.000900626 -0.000324866 0.000380382 0.00877239 -0.0168434 0.000372059 -0.000900626 -0.0168434 0.0857495 
0.0106131 -0.0187353 -0.0003388 0.000369903 -0.0187353 0.0898716 0.000376102 -0.000918462 -0.0003388 0.000376102 0.00873614 -0.0168459 0.000369903 -0.000918462 -0.0168459 0.0858361 
0.010616 -0.0187405 -0.000345585 0.000385867 -0.0187405 0.0897552 0.000385928 -0.000937812 -0.000345585 0.000385928 0.00869079 -0.0167505 0.000385867 -0.000937812 -0.0167505 0.0855507 
0.0106882 -0.0188438 -0.000362319 0.000408456 -0.0188438 0.0901679 0.000405057 -0.000996086 -0.000362319 0.000405057 0.00870561 -0.016762 0.000408456 -0.000996086 -0.016762 0.0857072 
0.0107101 -0.0189289 -0.000371748 0.000421135 -0.0189289 0.0904836 0.000413431 -0.00102306 -0.000371748 0.000413431 0.00872887 -0.0167922 0.000421135 -0.00102306 -0.0167922 0.0858562 
0.0106283 -0.0188028 -0.00035021 0.00042037 -0.0188028 0.0899288 0.000407042 -0.00100912 -0.00035021 0.000407042 0.00866728 -0.016681 0.00042037 -0.00100912 -0.016681 0.0852662 
0.0106695 -0.0189084 -0.000345468 0.000390322 -0.0189084 0.0904758 0.000380279 -0.000950832 -0.000345468 0.000380279 0.00872832 -0.0167696 0.000390322 -0.000950832 -0.0167696 0.0857429 
0.0106078 -0.0187858 -0.00037088 0.000372058 -0.0187858 0.0899761 0.000367416 -0.000885665 -0.00037088 0.000367416 0.00869927 -0.0166899 0.000372058 -0.000885665 -0.0166899 0.08529 
0.0106416 -0.0188202 -0.000365618 0.000394823 -0.0188202 0.0901777 0.000391312 -0.00088531 -0.000365618 0.000391312 0.00873515 -0.0167706 0.000394823 -0.00088531 -0.0167706 0.0856082 
0.0107003 -0.018862 -0.000374815 0.000411525 -0.018862 0.0903721 0.000410457 -0.000953578 -0.000374815 0.000410457 0.00873904 -0.0168456 0.000411525 -0.000953578 -0.0168456 0.0859514 
0.0106996 -0.0189048 -0.000372932 0.000420818 -0.0189048 0.0904117 0.000419231 -0.000992462 -0.000372932 0.000419231 0.00875253 -0.0168032 0.000420818 -0.000992462 -0.0168032 0.0858955 
0.0106969 -0.0188971 -0.000380809 0.00042971 -0.0188971 0.0903956 0.000427752 -0.0010372 -0.000380809 0.000427752 0.00875991 -0.0168029 0.00042971 -0.0010372 -0.0168029 0.0858131 
0.0106806 -0.0188592 -0.00038966 0.000434638 -0.0188592 0.0902143 0.000434918 -0.00106068 -0.00038966 0.000434918 0.00875388 -0.0167889 0.000434638 -0.00106068 -0.0167889 0.085667 
0.0106814 -0.0188593 -0.000407167 0.000447483 -0.0188593 0.0901966 0.000450147 -0.00109566 -0.000407167 0.000450147 0.00875994 -0.0168073 0.000447483 -0.00109566 -0.0168073 0.0857092 
0.0106446 -0.0188323 -0.000424482 0.000460217 -0.0188323 0.0900429 0.000467577 -0.00112628 -0.000424482 0.000467577 0.00878012 -0.0167873 0.000460217 -0.00112628 -0.0167873 0.085595 
0.010692 -0.0188952 -0.000414104 0.000484265 -0.0188952 0.0904348 0.000494438 -0.00118579 -0.000414104 0.000494438 0.00882923 -0.0169246 0.000484265 -0.00118579 -0.0169246 0.0861285 
0.0107333 -0.0188887 -0.000392576 0.000464301 -0.0188887 0.090421 0.000476554 -0.00117337 -0.000392576 0.000476554 0.00877932 -0.0169615 0.000464301 -0.00117337 -0.0169615 0.0862987 
0.0106467 -0.0187861 -0.000388458 0.00043329 -0.0187861 0.0897486 0.000443151 -0.00110388 -0.000388458 0.000443151 0.00868661 -0.0167467 0.00043329 -0.00110388 -0.0167467 0.0855093 
0.0106811 -0.018868 -0.000392475 0.000431666 -0.018868 0.0901713 0.000439603 -0.00106864 -0.000392475 0.000439603 0.00870217 -0.0167804 0.000431666 -0.00106864 -0.0167804 0.0857395 
0.0106702 -0.0188897 -0.000387839 0.000429027 -0.0188897 0.0903343 0.000432938 -0.00103725 -0.000387839 0.000432938 0.00873203 -0.0167835 0.000429027 -0.00103725 -0.0167835 0.0858083 
0.0106568 -0.0188425 -0.000365822 0.000430223 -0.0188425 0.0902065 0.000428823 -0.0010297 -0.000365822 0.000428823 0.00874011 -0.0167702 0.000430223 -0.0010297 -0.0167702 0.0856786 
0.0106082 -0.0187655 -0.000366331 0.000418165 -0.0187655 0.0898479 0.000410449 -0.00102127 -0.000366331 0.000410449 0.00874347 -0.0167385 0.000418165 -0.00102127 -0.0167385 0.0854219 
0.0105859 -0.0187444 -0.000370568 0.000416338 -0.0187444 0.0897846 0.000407212 -0.00100423 -0.000370568 0.000407212 0.00878178 -0.0167895 0.000416338 -0.00100423 -0.0167895 0.0855301 
0.0106128 -0.0187723 -0.000387604 0.000408031 -0.0187723 0.0899764 0.000400008 -0.00097165 -0.000387604 0.000400008 0.00880589 -0.0168832 0.000408031 -0.00097165 -0.0168832 0.0858919 
0.010631 -0.0188022 -0.000395351 0.000426635 -0.0188022 0.0900925 0.000425026 -0.000992051 -0.000395351 0.000425026 0.00881556 -0.0169051 0.000426635 -0.000992051 -0.0169051 0.0860616 
0.0105844 -0.0186908 -0.000348223 0.000414316 -0.0186908 0.0895618 0.000419449 -0.000971359 -0.000348223 0.000419449 0.00872333 -0.0168066 0.000414316 -0.000971359 -0.0168066 0.0855756 
0.0106299 -0.0187153 -0.000351355 0.000387607 -0.0187153 0.0896247 0.000392173 -0.00095665 -0.000351355 0.000392173 0.00867845 -0.0167686 0.000387607 -0.00095665 -0.0167686 0.0855589 
0.0107292 -0.0188946 -0.00035401 0.000392361 -0.0188946 0.0903279 0.000391128 -0.00094135 -0.00035401 0.000391128 0.00872267 -0.0168149 0.000392361 -0.00094135 -0.0168149 0.0859967 
0.0107374 -0.0189191 -0.000398671 0.000404692 -0.0189191 0.090369 0.000397766 -0.00096589 -0.000398671 0.000397766 0.00871724 -0.016774 0.000404692 -0.00096589 -0.016774 0.0858087 
0.010725 -0.0189562 -0.000398703 0.000458098 -0.0189562 0.0905074 0.000441569 -0.00104664 -0.000398703 0.000441569 0.00874918 -0.0167769 0.000458098 -0.00104664 -0.0167769 0.0857904 
0.010712 -0.0189633 -0.000389884 0.000455258 -0.0189633 0.090633 0.000436853 -0.00107689 -0.000389884 0.000436853 0.00878801 -0.0168262 0.000455258 -0.00107689 -0.0168262 0.0859056 
0.0106659 -0.0188885 -0.000376997 0.000437168 -0.0188885 0.0903782 0.000426063 -0.00105423 -0.000376997 0.000426063 0.008803 -0.0168272 0.000437168 -0.00105423 -0.0168272 0.0857918 
0.0106802 -0.0188361 -0.000373369 0.000412575 -0.0188361 0.0902028 0.000411283 -0.00100502 -0.000373369 0.000411283 0.00877468 -0.0168631 0.000412575 -0.00100502 -0.0168631 0.085834 
0.0107021 -0.0188348 -0.000396549 0.000413233 -0.0188348 0.0901051 0.000420842 -0.00100211 -0.000396549 0.000420842 0.00873029 -0.0168572 0.000413233 -0.00100211 -0.0168572 0.0858831 
0.0107161 -0.0188794 -0.000423912 0.000447965 -0.0188794 0.0902029 0.000464789 -0.00107732 -0.000423912 0.000464789 0.00871976 -0.0168266 0.000447965 -0.00107732 -0.0168266 0.0859183 
0.0107116 -0.0189164 -0.00042185 0.000477557 -0.0189164 0.0903624 0.000498704 -0.00116318 -0.00042185 0.000498704 0.00873942 -0.0168187 0.000477557 -0.00116318 -0.0168187 0.085954 
0.01064 -0.0187672 -0.000410073 0.000467099 -0.0187672 0.0897313 0.000487168 -0.00117244 -0.000410073 0.000487168 0.00866151 -0.0167092 0.000467099 -0.00117244 -0.0167092 0.0853423 
0.0106708 -0.0188275 -0.000420399 0.000467822 -0.0188275 0.0899913 0.000481759 -0.0011829 -0.000420399 0.000481759 0.00866989 -0.0167266 0.000467822 -0.0011829 -0.0167266 0.0855264 
0.0106819 -0.0188591 -0.000426586 0.00049226 -0.0188591 0.0901537 0.000494523 -0.00122024 -0.000426586 0.000494523 0.00868563 -0.0167338 0.00049226 -0.00122024 -0.0167338 0.0856123 
0.0106879 -0.0187963 -0.000419347 0.000503375 -0.0187963 0.0898951 0.000492566 -0.00124276 -0.000419347 0.000492566 0.00862719 -0.016688 0.000503375 -0.00124276 -0.016688 0.0853553 
0.0107169 -0.0188558 -0.000388279 0.000487478 -0.0188558 0.0900209 0.000473459 -0.00121195 -0.000388279 0.000473459 0.0086372 -0.0166493 0.000487478 -0.00121195 -0.0166493 0.0853206 
0.0106831 -0.0188202 -0.000379595 0.00045174 -0.0188202 0.0898024 0.000441658 -0.00114824 -0.000379595 0.000441658 0.00862807 -0.0166026 0.00045174 -0.00114824 -0.0166026 0.0850082 
0.0107449 -0.0189257 -0.000357494 0.000436303 -0.0189257 0.0903142 0.00042783 -0.00108789 -0.000357494 0.00042783 0.0086873 -0.0167133 0.000436303 -0.00108789 -0.0167133 0.0854781 
0.0107241 -0.0189594 -0.000386048 0.000403837 -0.0189594 0.0904706 0.000393912 -0.00100905 -0.000386048 0.000393912 0.00872987 -0.0167664 0.000403837 -0.00100905 -0.0167664 0.0856812 
0.0106922 -0.0189196 -0.000388521 0.000436548 -0.0189196 0.0904057 0.000419757 -0.00101094 -0.000388521 0.000419757 0.00875226 -0.0167883 0.000436548 -0.00101094 -0.0167883 0.0857087 
0.0106984 -0.0188851 -0.000361339 0.000448119 -0.0188851 0.0903493 0.000435881 -0.0010586 -0.000361339 0.000435881 0.00874567 -0.0168362 0.000448119 -0.0010586 -0.0168362 0.0858452 
0.0107685 -0.0189295 -0.000349364 0.000406755 -0.0189295 0.090533 0.00041091 -0.0010194 -0.000349364 0.00041091 0.00871527 -0.0168797 0.000406755 -0.0010194 -0.0168797 0.0861296 
0.0107532 -0.0188969 -0.000358045 0.000373532 -0.0188969 0.0901956 0.000377599 -0.000921927 -0.000358045 0.000377599 0.00862676 -0.01674 0.000373532 -0.000921927 -0.01674 0.0856679 
0.0107635 -0.0189359 -0.000326791 0.00039149 -0.0189359 0.0902688 0.00038223 -0.000901562 -0.000326791 0.00038223 0.00860589 -0.0166556 0.00039149 -0.000901562 -0.0166556 0.085442 
0.010786 -0.019026 -0.000298333 0.000382266 -0.019026 0.0907024 0.00036742 -0.000914951 -0.000298333 0.00036742 0.0086505 -0.0167081 0.000382266 -0.000914951 -0.0167081 0.0856982 
0.0107744 -0.0189839 -0.000269447 0.000342457 -0.0189839 0.0906009 0.000331982 -0.000852719 -0.000269447 0.000331982 0.00865077 -0.0166974 0.000342457 -0.000852719 -0.0166974 0.0855868 
0.0107341 -0.0188964 -0.000258168 0.000296324 -0.0188964 0.0901998 0.000291197 -0.000746387 -0.000258168 0.000291197 0.00862023 -0.0166517 0.000296324 -0.000746387 -0.0166517 0.0852922 
0.0107005 -0.0188699 -0.000289106 0.000289178 -0.0188699 0.0900357 0.000283779 -0.000698818 -0.000289106 0.000283779 0.00862501 -0.0166222 0.000289178 -0.000698818 -0.0166222 0.0851543 
0.0107048 -0.0188657 -0.000298192 0.000321483 -0.0188657 0.0900864 0.000315693 -0.000726147 -0.000298192 0.000315693 0.00862231 -0.0166685 0.000321483 -0.000726147 -0.0166685 0.0852959 
0.0107195 -0.0188806 -0.000300967 0.000322505 -0.0188806 0.0901462 0.000327006 -0.000746713 -0.000300967 0.000327006 0.00861608 -0.0166611 0.000322505 -0.000746713 -0.0166611 0.0853457 
0.0107101 -0.0188908 -0.000317653 0.000327559 -0.0188908 0.0901748 0.000340214 -0.000774766 -0.000317653 0.000340214 0.00863428 -0.0166476 0.000327559 -0.000774766 -0.0166476 0.0853252 
0.0106841 -0.0189007 -0.000339989 0.000361191 -0.0189007 0.0902812 0.000371895 -0.00085349 -0.000339989 0.000371895 0.00868432 -0.0166945 0.000361191 -0.00085349 -0.0166945 0.0854722 
0.0106087 -0.0187953 -0.000330962 0.00037688 -0.0187953 0.0899063 0.000382197 -0.000890319 -0.000330962 0.000382197 0.00871321 -0.0166736 0.00037688 -0.000890319 -0.0166736 0.0852395 
0.0105999 -0.0187621 -0.00032969 0.000362727 -0.0187621 0.0899066 0.000364097 -0.000871562 -0.00032969 0.000364097 0.00874749 -0.016791 0.000362727 -0.000871562 -0.016791 0.0855727 
0.0106133 -0.0188002 -0.000337272 0.000369409 -0.0188002 0.0901241 0.000368076 -0.000873731 -0.000337272 0.000368076 0.0088042 -0.0168817 0.000369409 -0.000873731 -0.0168817 0.0860272 
0.0105859 -0.0187376 -0.000346578 0.000384559 -0.0187376 0.0899006 0.000383475 -0.000910045 -0.000346578 0.000383475 0.00880632 -0.0168935 0.000384559 -0.000910045 -0.0168935 0.0860223 
0.0106058 -0.0186892 -0.00035755 0.000380044 -0.0186892 0.0897058 0.000387869 -0.000911989 -0.00035755 0.000387869 0.00874677 -0.0169012 0.000380044 -0.000911989 -0.0169012 0.086027 
0.0105913 -0.0186503 -0.000358936 0.000395423 -0.0186503 0.089351 0.000406867 -0.000943485 -0.000358936 0.000406867 0.00866907 -0.0167601 0.000395423 -0.000943485 -0.0167601 0.0855837 
0.010604 -0.0187275 -0.000364373 0.000400976 -0.0187275 0.0895701 0.000411186 -0.000971852 -0.000364373 0.000411186 0.00866623 -0.0166941 0.000400976 -0.000971852 -0.0166941 0.0854412 
0.0105997 -0.0187702 -0.0003627 0.000402217 -0.0187702 0.0897797 0.000406185 -0.000969519 -0.0003627 0.000406185 0.00869187 -0.0166692 0.000402217 -0.000969519 -0.0166692 0.0853204 
0.0105641 -0.0187276 -0.000344937 0.000408983 -0.0187276 0.0896697 0.00040605 -0.000978765 -0.000344937 0.00040605 0.00872412 -0.0166634 0.000408983 -0.000978765 -0.0166634 0.0851389 
0.0106015 -0.0187743 -0.000351536 0.000400365 -0.0187743 0.0900161 0.000392063 -0.000980121 -0.000351536 0.000392063 0.00877561 -0.0168256 0.000400365 -0.000980121 -0.0168256 0.085699 
0.0105979 -0.0187286 -0.000350074 0.000404014 -0.0187286 0.0898389 0.000397925 -0.00098026 -0.000350074 0.000397925 0.00874962 -0.0168433 0.000404014 -0.00098026 -0.0168433 0.0857794 
0.0106293 -0.0187362 -0.000327805 0.000396141 -0.0187362 0.0898124 0.000402096 -0.000978672 -0.000327805 0.000402096 0.00870849 -0.0168166 0.000396141 -0.000978672 -0.0168166 0.0857901 
0.010636 -0.0187777 -0.000330572 0.000363748 -0.0187777 0.0898697 0.000376864 -0.0009318 -0.000330572 0.000376864 0.00869292 -0.016749 0.000363748 -0.0009318 -0.016749 0.0856503 
0.0106994 -0.0188518 -0.000335977 0.000361496 -0.0188518 0.0902015 0.000369714 -0.000889025 -0.000335977 0.000369714 0.00868646 -0.0167617 0.000361496 -0.000889025 -0.0167617 0.0857493 
0.0106614 -0.0188088 -0.000352248 0.000364413 -0.0188088 0.0898841 0.000366089 -0.00086904 -0.000352248 0.000366089 0.00863412 -0.0166396 0.000364413 -0.00086904 -0.0166396 0.0852195 
0.0107085 -0.0189523 -0.000391143 0.000387427 -0.0189523 0.0905441 0.000384323 -0.000892776 -0.000391143 0.000384323 0.00873501 -0.0167175 0.000387427 -0.000892776 -0.0167175 0.0856387 
0.0106748 -0.0188884 -0.000405454 0.000428116 -0.0188884 0.0903756 0.000422954 -0.000958632 -0.000405454 0.000422954 0.0087663 -0.0167646 0.000428116 -0.000958632 -0.0167646 0.0855956 
0.0106191 -0.018759 -0.000415942 0.000465687 -0.018759 0.0898365 0.000456377 -0.00107003 -0.000415942 0.000456377 0.00875131 -0.0167646 0.000465687 -0.00107003 -0.0167646 0.085396 
0.0106721 -0.0188409 -0.000419026 0.000481274 -0.0188409 0.0901947 0.00047331 -0.00114193 -0.000419026 0.00047331 0.00880865 -0.0168801 0.000481274 -0.00114193 -0.0168801 0.0859444 
