0.00622618 0 0.000513713 0 0 0.0100892 0 0 0.000513713 0 0.00798088 0 0 0 0 0.0100892 
0.00888153 -0.0110507 0.000684452 -0.000834739 -0.0110507 0.0303745 -0.000834739 0.00160046 0.000684452 -0.000834739 0.0110786 -0.0137272 -0.000834739 0.00160046 -0.0137272 0.0355056 
0.00907194 -0.0174203 0.000588187 -0.000937487 -0.0174203 0.0650381 -0.000937487 0.00293032 0.000588187 -0.000937487 0.0110612 -0.0201629 -0.000937487 0.00293032 -0.0201629 0.0735565 
0.00838449 -0.0172922 0.00048997 -0.000595819 -0.0172922 0.0792849 -0.000594588 0.0019105 0.00048997 -0.000594588 0.0103009 -0.0190427 -0.000595819 0.0019105 -0.0190427 0.083882 
0.00844219 -0.016858 0.000499976 -0.000521513 -0.016858 0.0846433 -0.000519399 0.00130494 0.000499976 -0.000519399 0.0104782 -0.0187599 -0.000521513 0.00130494 -0.0187599 0.0877854 
0.00853728 -0.0166063 0.000521899 -0.0005439 -0.0166063 0.0852942 -0.000544018 0.00122355 0.000521899 -0.000544018 0.0106301 -0.0187773 -0.0005439 0.00122355 -0.0187773 0.0890899 
0.00865256 -0.0167062 0.000527936 -0.000585336 -0.0167062 0.0858533 -0.000585623 0.00132262 0.000527936 -0.000585623 0.0107736 -0.0189813 -0.000585336 0.00132262 -0.0189813 0.0903929 
0.00859775 -0.0165999 0.000490174 -0.000572039 -0.0165999 0.0851801 -0.000570596 0.00132684 0.000490174 -0.000570596 0.0107208 -0.018859 -0.000572039 0.00132684 -0.018859 0.0899937 
0.00859511 -0.0165655 0.000463872 -0.000526974 -0.0165655 0.0849638 -0.000530753 0.00125878 0.000463872 -0.000530753 0.0106899 -0.0188138 -0.000526974 0.00125878 -0.0188138 0.0898283 
0.00867329 -0.0167371 0.000460692 -0.000492675 -0.0167371 0.0857441 -0.000504818 0.00117397 0.000460692 -0.000504818 0.010767 -0.0189615 -0.000492675 0.00117397 -0.0189615 0.0905733 
0.00865021 -0.016617 0.000446509 -0.000481531 -0.016617 0.0851307 -0.000498945 0.00112143 0.000446509 -0.000498945 0.0106357 -0.0188069 -0.000481531 0.00112143 -0.0188069 0.0898553 
0.00880747 -0.0168789 0.000453364 -0.000485063 -0.0168789 0.0863095 -0.000502564 0.00112982 0.000453364 -0.000502564 0.0107397 -0.0190013 -0.000485063 0.00112982 -0.0190013 0.0909428 
0.0088439 -0.0169477 0.000431145 -0.000485126 -0.0169477 0.0864887 -0.000496811 0.00111996 0.000431145 -0.000496811 0.0107141 -0.0189662 -0.000485126 0.00111996 -0.0189662 0.0908713 
0.0088188 -0.0169639 0.000415353 -0.000465862 -0.0169639 0.0864625 -0.000468019 0.00108374 0.000415353 -0.000468019 0.0106984 -0.0188815 -0.000465862 0.00108374 -0.0188815 0.0905554 
0.00875594 -0.0168547 0.00039611 -0.000432858 -0.0168547 0.0859961 -0.000424921 0.00098099 0.00039611 -0.000424921 0.0106484 -0.0187787 -0.000432858 0.00098099 -0.0187787 0.0899764 
0.00873533 -0.0168235 0.000370504 -0.000421786 -0.0168235 0.0859002 -0.000411443 0.000933939 0.000370504 -0.000411443 0.0106582 -0.0187924 -0.000421786 0.000933939 -0.0187924 0.0899584 
0.00875432 -0.0168917 0.000350278 -0.000396976 -0.0168917 0.0862894 -0.00039051 0.000891079 0.000350278 -0.00039051 0.0107221 -0.0189096 -0.000396976 0.000891079 -0.0189096 0.0904728 
0.00872613 -0.0168445 0.000355252 -0.000366965 -0.0168445 0.0861501 -0.000368329 0.000831984 0.000355252 -0.000368329 0.0107322 -0.0189137 -0.000366965 0.000831984 -0.0189137 0.0904675 
0.00867468 -0.0167433 0.000361165 -0.000356135 -0.0167433 0.0857112 -0.000367845 0.000784177 0.000361165 -0.000367845 0.0107192 -0.0188693 -0.000356135 0.000784177 -0.0188693 0.0901909 
0.00866718 -0.0166604 0.000379266 -0.000362068 -0.0166604 0.0853212 -0.000378392 0.000784784 0.000379266 -0.000378392 0.010657 -0.0188354 -0.000362068 0.000784784 -0.0188354 0.0899476 
0.0086835 -0.0167006 0.000393226 -0.000391852 -0.0167006 0.0853831 -0.00040416 0.000835721 0.000393226 -0.00040416 0.0106358 -0.0188166 -0.000391852 0.000835721 -0.0188166 0.0899892 
0.00869358 -0.0167512 0.000414979 -0.000426893 -0.0167512 0.0856047 -0.000433816 0.000928637 0.000414979 -0.000433816 0.010649 -0.0188226 -0.000426893 0.000928637 -0.0188226 0.0901112 
0.00868314 -0.0166901 0.000419842 -0.000459317 -0.0166901 0.0853616 -0.000465238 0.00102531 0.000419842 -0.000465238 0.0106155 -0.0187687 -0.000459317 0.00102531 -0.0187687 0.0898463 
0.0088062 -0.0169253 0.00042414 -0.000473159 -0.0169253 0.086493 -0.000478501 0.00109016 0.00042414 -0.000478501 0.0107564 -0.0190052 -0.000473159 0.00109016 -0.0190052 0.0910005 
0.00879764 -0.0169289 0.000396869 -0.000461778 -0.0169289 0.0864898 -0.000459121 0.00106451 0.000396869 -0.000459121 0.0107715 -0.0190161 -0.000461778 0.00106451 -0.0190161 0.0910166 
0.00879503 -0.0169318 0.000409035 -0.000433794 -0.0169318 0.0865182 -0.000424481 0.00100458 0.000409035 -0.000424481 0.0107864 -0.0190373 -0.000433794 0.00100458 -0.0190373 0.0910742 
0.00879547 -0.016898 0.000400646 -0.000443554 -0.016898 0.0863754 -0.000436193 0.000985694 0.000400646 -0.000436193 0.0107836 -0.0190332 -0.000443554 0.000985694 -0.0190332 0.0910001 
0.00878316 -0.0169126 0.000356263 -0.000429876 -0.0169126 0.0863465 -0.000428062 0.00097044 0.000356263 -0.000428062 0.0107868 -0.019018 -0.000429876 0.00097044 -0.019018 0.0909209 
0.00880347 -0.0169499 0.00036454 -0.000385132 -0.0169499 0.0865332 -0.000383807 0.00090327 0.00036454 -0.000383807 0.0107699 -0.0190411 -0.000385132 0.00090327 -0.0190411 0.0910135 
0.00879809 -0.0169461 0.000404706 -0.000402763 -0.0169461 0.0864861 -0.000400585 0.00090293 0.000404706 -0.000400585 0.010722 -0.0189732 -0.000402763 0.00090293 -0.0189732 0.090811 
0.00880422 -0.0169234 0.000416724 -0.000442988 -0.0169234 0.0864127 -0.000439619 0.000959066 0.000416724 -0.000439619 0.0106851 -0.0189297 -0.000442988 0.000959066 -0.0189297 0.0906694 
0.00879147 -0.0169516 0.000405851 -0.000456774 -0.0169516 0.0865042 -0.000449837 0.00100446 0.000405851 -0.000449837 0.0106922 -0.0189116 -0.000456774 0.00100446 -0.0189116 0.0906783 
0.00880135 -0.0169093 0.000375366 -0.000451122 -0.0169093 0.0864332 -0.000439648 0.00101262 0.000375366 -0.000439648 0.0106868 -0.0189267 -0.000451122 0.00101262 -0.0189267 0.0907 
0.0088118 -0.0169319 0.000366965 -0.000412927 -0.0169319 0.0864726 -0.00040473 0.000958916 0.000366965 -0.00040473 0.0106863 -0.0189294 -0.000412927 0.000958916 -0.0189294 0.0907644 
0.00878531 -0.0169315 0.000346308 -0.000381818 -0.0169315 0.0864577 -0.000383366 0.000869504 0.000346308 -0.000383366 0.0107012 -0.0189167 -0.000381818 0.000869504 -0.0189167 0.0907345 
0.00875387 -0.0169058 0.000328664 -0.000361315 -0.0169058 0.0864297 -0.000372969 0.000824689 0.000328664 -0.000372969 0.0107178 -0.0189311 -0.000361315 0.000824689 -0.0189311 0.0907444 
0.00872429 -0.0167874 0.000304739 -0.000331601 -0.0167874 0.0859922 -0.000350493 0.000762133 0.000304739 -0.000350493 0.0106842 -0.0189029 -0.000331601 0.000762133 -0.0189029 0.0905198 
0.00872017 -0.0167425 0.0002913 -0.000309608 -0.0167425 0.0857065 -0.000326794 0.000708136 0.0002913 -0.000326794 0.0106513 -0.0188647 -0.000309608 0.000708136 -0.0188647 0.0903601 
0.00872535 -0.0167214 0.000289039 -0.000309697 -0.0167214 0.0854819 -0.000318283 0.000693024 0.000289039 -0.000318283 0.0106041 -0.0187962 -0.000309697 0.000693024 -0.0187962 0.0900882 
0.00871217 -0.0167785 0.00030583 -0.000302326 -0.0167785 0.0856461 -0.000303978 0.000663905 0.00030583 -0.000303978 0.010633 -0.018791 -0.000302326 0.000663905 -0.018791 0.0901221 
0.00872355 -0.0167177 0.000334985 -0.000316076 -0.0167177 0.0854951 -0.000316774 0.000665174 0.000334985 -0.000316774 0.0106161 -0.0188087 -0.000316076 0.000665174 -0.0188087 0.0900674 
0.00878531 -0.0167959 0.000352322 -0.000362203 -0.0167959 0.085756 -0.000366091 0.000757371 0.000352322 -0.000366091 0.0106225 -0.0188597 -0.000362203 0.000757371 -0.0188597 0.090356 
0.00879349 -0.0168595 0.000363118 -0.000375757 -0.0168595 0.0859075 -0.000379581 0.000813111 0.000363118 -0.000379581 0.0106275 -0.0188333 -0.000375757 0.000813111 -0.0188333 0.0903428 
0.00878288 -0.01689 0.00036835 -0.000397418 -0.01689 0.0860613 -0.000397678 0.00087062 0.00036835 -0.000397678 0.0106412 -0.0188293 -0.000397418 0.00087062 -0.0188293 0.0903231 
0.0087509 -0.0168214 0.000378734 -0.000402253 -0.0168214 0.0858065 -0.000401328 0.000897051 0.000378734 -0.000401328 0.0106083 -0.018776 -0.000402253 0.000897051 -0.018776 0.09002 
0.0087261 -0.0167956 0.000381678 -0.000418328 -0.0167956 0.085703 -0.00041655 0.000931432 0.000381678 -0.00041655 0.0106086 -0.0187601 -0.000418328 0.000931432 -0.0187601 0.0899309 
0.00886415 -0.0169922 0.000378356 -0.000435204 -0.0169922 0.0867877 -0.000433159 0.000986229 0.000378356 -0.000433159 0.0107496 -0.0190346 -0.000435204 0.000986229 -0.0190346 0.0911797 
0.0087694 -0.0167719 0.000343111 -0.000402357 -0.0167719 0.0855514 -0.000402373 0.000930213 0.000343111 -0.000402373 0.0105653 -0.018767 -0.000402357 0.000930213 -0.018767 0.0899156 
0.00879144 -0.0168811 0.000315726 -0.000384007 -0.0168811 0.0859267 -0.000380416 0.000896475 0.000315726 -0.000380416 0.010577 -0.0187663 -0.000384007 0.000896475 -0.0187663 0.0900847 
0.00877472 -0.0169254 0.000298942 -0.000342924 -0.0169254 0.0862121 -0.000335234 0.000798666 0.000298942 -0.000335234 0.0106033 -0.0187771 -0.000342924 0.000798666 -0.0187771 0.09019 
0.00876679 -0.0169243 0.00026818 -0.000299542 -0.0169243 0.0864523 -0.000290018 0.000656082 0.00026818 -0.000290018 0.0106603 -0.0188702 -0.000299542 0.000656082 -0.0188702 0.0905585 
0.00873369 -0.0167964 0.000267717 -0.000264906 -0.0167964 0.085981 -0.000262717 0.000564353 0.000267717 -0.000262717 0.0106354 -0.0188354 -0.000264906 0.000564353 -0.0188354 0.0903295 
0.0087576 -0.0167149 0.000299329 -0.000271255 -0.0167149 0.085524 -0.000276042 0.00055543 0.000299329 -0.000276042 0.0105589 -0.0187751 -0.000271255 0.00055543 -0.0187751 0.0900279 
0.00876509 -0.0167568 0.000346048 -0.000315361 -0.0167568 0.0854261 -0.000323659 0.000640085 0.000346048 -0.000323659 0.010532 -0.0186894 -0.000315361 0.000640085 -0.0186894 0.0897785 
0.00876447 -0.0167674 0.000333822 -0.00037722 -0.0167674 0.085394 -0.000387109 0.000787298 0.000333822 -0.000387109 0.0105212 -0.0186469 -0.00037722 0.000787298 -0.0186469 0.0895569 
0.00876059 -0.0168472 0.000329521 -0.000367886 -0.0168472 0.0857327 -0.000368585 0.000831793 0.000329521 -0.000368585 0.0105566 -0.0186854 -0.000367886 0.000831793 -0.0186854 0.0897241 
0.00878711 -0.0168521 0.000309331 -0.000361146 -0.0168521 0.0859207 -0.00034779 0.000802116 0.000309331 -0.00034779 0.0105525 -0.0187448 -0.000361146 0.000802116 -0.0187448 0.0899361 
0.00878226 -0.0168663 0.000316939 -0.00034456 -0.0168663 0.0859573 -0.000321982 0.000763189 0.000316939 -0.000321982 0.0105466 -0.0187201 -0.00034456 0.000763189 -0.0187201 0.0899427 
0.00871874 -0.0167706 0.000328837 -0.000357913 -0.0167706 0.0855257 -0.000335082 0.000771354 0.000328837 -0.000335082 0.0105193 -0.0186169 -0.000357913 0.000771354 -0.0186169 0.0894678 
0.00872467 -0.0167522 0.000329933 -0.000370725 -0.0167522 0.0855366 -0.000359129 0.000812494 0.000329933 -0.000359129 0.010535 -0.0186709 -0.000370725 0.000812494 -0.0186709 0.0896055 
0.00871176 -0.0167217 0.000333655 -0.00035742 -0.0167217 0.085373 -0.000359567 0.000814098 0.000333655 -0.000359567 0.0105301 -0.0186632 -0.00035742 0.000814098 -0.0186632 0.0895628 
0.0087169 -0.0167348 0.000347025 -0.000352752 -0.0167348 0.0854356 -0.000365711 0.000807462 0.000347025 -0.000365711 0.010544 -0.0186967 -0.000352752 0.000807462 -0.0186967 0.0897112 
0.00874314 -0.0167971 0.000348841 -0.000372263 -0.0167971 0.0857439 -0.000392219 0.000848715 0.000348841 -0.000392219 0.010564 -0.018758 -0.000372263 0.000848715 -0.018758 0.0900376 
0.00870366 -0.0167787 0.000368673 -0.000373973 -0.0167787 0.0856795 -0.000394881 0.000872596 0.000368673 -0.000394881 0.0105676 -0.0187214 -0.000373973 0.000872596 -0.0187214 0.0899417 
0.00865727 -0.0166515 0.000374617 -0.000404807 -0.0166515 0.0852018 -0.000417854 0.000923793 0.000374617 -0.000417854 0.0105258 -0.0186563 -0.000404807 0.000923793 -0.0186563 0.0895595 
0.00881172 -0.0168303 0.000371411 -0.000417181 -0.0168303 0.0861416 -0.000418455 0.000952915 0.000371411 -0.000418455 0.0106194 -0.0189049 -0.000417181 0.000952915 -0.0189049 0.0907223 
0.00889191 -0.0169172 0.000374742 -0.000413095 -0.0169172 0.0863601 -0.000403503 0.00094124 0.000374742 -0.000403503 0.0105968 -0.0189226 -0.000413095 0.00094124 -0.0189226 0.0909456 
0.00890498 -0.0169527 0.000338954 -0.000401084 -0.0169527 0.0862799 -0.000387726 0.000892142 0.000338954 -0.000387726 0.0105411 -0.0188049 -0.000401084 0.000892142 -0.0188049 0.0905811 
0.00892942 -0.0170327 0.000309664 -0.00036846 -0.0170327 0.0865597 -0.000353185 0.000831886 0.000309664 -0.000353185 0.010539 -0.0187815 -0.00036846 0.000831886 -0.0187815 0.0905421 
0.00893405 -0.0170734 0.000290952 -0.000337418 -0.0170734 0.086734 -0.000324537 0.000765104 0.000290952 -0.000324537 0.0105257 -0.018753 -0.000337418 0.000765104 -0.018753 0.0904396 
0.00878134 -0.0168305 0.000288723 -0.000298566 -0.0168305 0.0855499 -0.0002963 0.000675837 0.000288723 -0.0002963 0.010368 -0.0184618 -0.000298566 0.000675837 -0.0184618 0.0890544 
0.00891851 -0.0170401 0.000284895 -0.00029935 -0.0170401 0.0867865 -0.000310054 0.000657928 0.000284895 -0.000310054 0.0105166 -0.0187503 -0.00029935 0.000657928 -0.0187503 0.0904135 
0.0089103 -0.0170062 0.000273031 -0.000298476 -0.0170062 0.0866002 -0.000317219 0.000674933 0.000273031 -0.000317219 0.0105094 -0.0187265 -0.000298476 0.000674933 -0.0187265 0.0903209 
0.00889632 -0.0169637 0.000264865 -0.000291271 -0.0169637 0.0863345 -0.000303418 0.000671582 0.000264865 -0.000303418 0.0104741 -0.0186739 -0.000291271 0.000671582 -0.0186739 0.0900622 
0.00892712 -0.0169759 0.000243236 -0.000278913 -0.0169759 0.0863503 -0.000280001 0.000629571 0.000243236 -0.000280001 0.0104509 -0.0186794 -0.000278913 0.000629571 -0.0186794 0.0900956 
0.00894614 -0.0169744 0.000246077 -0.000253159 -0.0169744 0.0862053 -0.000248464 0.000567291 0.000246077 -0.000248464 0.0103889 -0.0186 -0.000253159 0.000567291 -0.0186 0.0898251 
0.00895073 -0.0169757 0.000237183 -0.000250016 -0.0169757 0.0860719 -0.000244356 0.00052405 0.000237183 -0.000244356 0.0103435 -0.0185069 -0.000250016 0.00052405 -0.0185069 0.0894873 
0.00889674 -0.0169819 0.000203204 -0.000249264 -0.0169819 0.0859877 -0.000243043 0.000523046 0.000203204 -0.000243043 0.0103559 -0.0184275 -0.000249264 0.000523046 -0.0184275 0.0891517 
0.008839 -0.0169185 0.000209169 -0.000222105 -0.0169185 0.0858246 -0.000209878 0.000490268 0.000209169 -0.000209878 0.0103659 -0.0184229 -0.000222105 0.000490268 -0.0184229 0.0889496 
0.00897657 -0.0171518 0.000249266 -0.000247888 -0.0171518 0.0871694 -0.000234407 0.000528801 0.000249266 -0.000234407 0.0105318 -0.0187699 -0.000247888 0.000528801 -0.0187699 0.0904987 
0.0088451 -0.0168605 0.000241041 -0.000269242 -0.0168605 0.0857284 -0.000267979 0.000572985 0.000241041 -0.000267979 0.0103473 -0.0184927 -0.000269242 0.000572985 -0.0184927 0.0891841 
0.00888551 -0.0168952 0.000229414 -0.00025794 -0.0168952 0.0858503 -0.000268839 0.000592915 0.000229414 -0.000268839 0.0103285 -0.0185032 -0.00025794 0.000592915 -0.0185032 0.0893458 
0.00888014 -0.016932 0.000229484 -0.000243114 -0.016932 0.0859301 -0.000258565 0.000577388 0.000229484 -0.000258565 0.010336 -0.0184658 -0.000243114 0.000577388 -0.0184658 0.0893122 
0.00888368 -0.0169454 0.000249112 -0.000247933 -0.0169454 0.0860632 -0.000258256 0.000572016 0.000249112 -0.000258256 0.0103525 -0.0184926 -0.000247933 0.000572016 -0.0184926 0.0894048 
0.00881471 -0.0168564 0.0002577 -0.00026873 -0.0168564 0.0856705 -0.00027835 0.000599677 0.0002577 -0.00027835 0.0103511 -0.0184284 -0.00026873 0.000599677 -0.0184284 0.0890681 
0.00882005 -0.0167899 0.000249264 -0.000282951 -0.0167899 0.0854772 -0.000294686 0.000643449 0.000249264 -0.000294686 0.0103393 -0.0184699 -0.000282951 0.000643449 -0.0184699 0.0891014 
0.00887795 -0.0168502 0.000229822 -0.000269712 -0.0168502 0.0856634 -0.000279712 0.000634465 0.000229822 -0.000279712 0.0103161 -0.0185099 -0.000269712 0.000634465 -0.0185099 0.0893708 
0.00903079 -0.0171293 0.000229012 -0.000244925 -0.0171293 0.0869318 -0.000249049 0.000576193 0.000229012 -0.000249049 0.0104418 -0.0187165 -0.000244925 0.000576193 -0.0187165 0.0905666 
0.0090338 -0.0171557 0.000216714 -0.000233664 -0.0171557 0.0869617 -0.000233779 0.000514181 0.000216714 -0.000233779 0.0104252 -0.0186654 -0.000233664 0.000514181 -0.0186654 0.0903803 
0.00899558 -0.0171484 0.000210241 -0.000208969 -0.0171484 0.0869162 -0.000210189 0.000443644 0.000210241 -0.000210189 0.0104388 -0.0186301 -0.000208969 0.000443644 -0.0186301 0.0901958 
0.00894571 -0.0171231 0.000229246 -0.000217257 -0.0171231 0.0869106 -0.000216892 0.000444196 0.000229246 -0.000216892 0.0104808 -0.0186571 -0.000217257 0.000444196 -0.0186571 0.0902096 
0.00894305 -0.0170723 0.000243407 -0.000257033 -0.0170723 0.0868821 -0.000250036 0.000519312 0.000243407 -0.000250036 0.0105099 -0.0187467 -0.000257033 0.000519312 -0.0187467 0.0904554 
0.00882729 -0.0168165 0.000253339 -0.000278293 -0.0168165 0.0855881 -0.000264019 0.000588788 0.000253339 -0.000264019 0.0103553 -0.018515 -0.000278293 0.000588788 -0.018515 0.0893286 
0.00888659 -0.0168179 0.000239025 -0.000284026 -0.0168179 0.0855519 -0.000269887 0.000615254 0.000239025 -0.000269887 0.0103127 -0.0185164 -0.000284026 0.000615254 -0.0185164 0.089393 
0.00892666 -0.0169397 0.0002628 -0.000266634 -0.0169397 0.0858699 -0.000259989 0.000608218 0.0002628 -0.000259989 0.0103143 -0.0184857 -0.000266634 0.000608218 -0.0184857 0.0894707 
0.00891025 -0.0170108 0.000274898 -0.000278545 -0.0170108 0.0861828 -0.000277136 0.000601283 0.000274898 -0.000277136 0.0103579 -0.0184832 -0.000278545 0.000601283 -0.0184832 0.0895083 
0.00890604 -0.0170101 0.000267015 -0.000300383 -0.0170101 0.0863766 -0.000304568 0.000657387 0.000267015 -0.000304568 0.0103945 -0.0185501 -0.000300383 0.000657387 -0.0185501 0.0896918 
0.00891472 -0.016948 0.000223391 -0.000281037 -0.016948 0.0861913 -0.000283858 0.000637737 0.000223391 -0.000283858 0.0103746 -0.0185628 -0.000281037 0.000637737 -0.0185628 0.0896776 
0.00891358 -0.0169318 0.000214247 -0.0002297 -0.0169318 0.0859843 -0.000225254 0.000534369 0.000214247 -0.000225254 0.0103443 -0.0185036 -0.0002297 0.000534369 -0.0185036 0.0894717 
0.0089287 -0.0169854 0.000246956 -0.00022468 -0.0169854 0.0861554 -0.00022052 0.000484497 0.000246956 -0.00022052 0.0103547 -0.0185062 -0.00022468 0.000484497 -0.0185062 0.0895203 
0.00887074 -0.0169795 0.000252204 -0.000266441 -0.0169795 0.0861213 -0.000264374 0.00054023 0.000252204 -0.000264374 0.0103928 -0.0184776 -0.000266441 0.00054023 -0.0184776 0.0893724 
0.00883135 -0.0169319 0.000272187 -0.000272102 -0.0169319 0.0861082 -0.00026917 0.000581077 0.000272187 -0.00026917 0.0104367 -0.0185482 -0.000272102 0.000581077 -0.0185482 0.0894976 
0.00886495 -0.0169328 0.000302838 -0.000295842 -0.0169328 0.0862832 -0.000291152 0.000624696 0.000302838 -0.000291152 0.0104586 -0.0186716 -0.000295842 0.000624696 -0.0186716 0.0899694 
0.00890549 -0.0169233 0.000323339 -0.000340741 -0.0169233 0.0862025 -0.000339955 0.000729389 0.000323339 -0.000339955 0.0104231 -0.0186668 -0.000340741 0.000729389 -0.0186668 0.0900483 
0.00892285 -0.0169643 0.000355128 -0.000360197 -0.0169643 0.0862164 -0.00036648 0.000809062 0.000355128 -0.00036648 0.0104088 -0.0186139 -0.000360197 0.000809062 -0.0186139 0.0899631 
0.008932 -0.0169185 0.000358394 -0.000384707 -0.0169185 0.0859341 -0.000396183 0.000867692 0.000358394 -0.000396183 0.0103474 -0.0185314 -0.000384707 0.000867692 -0.0185314 0.0895633 
0.00896754 -0.0169362 0.00033227 -0.000379869 -0.0169362 0.0858493 -0.000391727 0.000873841 0.00033227 -0.000391727 0.0102916 -0.0184689 -0.000379869 0.000873841 -0.0184689 0.0893246 
0.00895199 -0.0170134 0.000316024 -0.000353023 -0.0170134 0.086012 -0.00035614 0.000823863 0.000316024 -0.00035614 0.0103096 -0.0184144 -0.000353023 0.000823863 -0.0184144 0.089194 
0.00893395 -0.0170246 0.000321664 -0.000344592 -0.0170246 0.0861837 -0.000337215 0.000783835 0.000321664 -0.000337215 0.0103559 -0.0184553 -0.000344592 0.000783835 -0.0184553 0.0892605 
0.00895326 -0.0170341 0.00032275 -0.000353753 -0.0170341 0.0863558 -0.000342192 0.000779339 0.00032275 -0.000342192 0.0103822 -0.0185392 -0.000353753 0.000779339 -0.0185392 0.089523 
0.00897047 -0.0171271 0.000336725 -0.000357729 -0.0171271 0.0868029 -0.000347834 0.000794881 0.000336725 -0.000347834 0.0104508 -0.0186349 -0.000357729 0.000794881 -0.0186349 0.0900113 
0.00895805 -0.0171215 0.00032648 -0.000379793 -0.0171215 0.0868932 -0.000377372 0.000853744 0.00032648 -0.000377372 0.0104793 -0.0186707 -0.000379793 0.000853744 -0.0186707 0.0901424 
0.00890676 -0.0170623 0.000322102 -0.000374387 -0.0170623 0.0866872 -0.00037862 0.000892012 0.000322102 -0.00037862 0.0105016 -0.0186551 -0.000374387 0.000892012 -0.0186551 0.0900202 
0.00889848 -0.0170606 0.000327398 -0.000359614 -0.0170606 0.0868268 -0.000367316 0.000870377 0.000327398 -0.000367316 0.010566 -0.0187622 -0.000359614 0.000870377 -0.0187622 0.09038 
0.00884851 -0.0170425 0.000331824 -0.000360713 -0.0170425 0.0868382 -0.000370262 0.00085734 0.000331824 -0.000370262 0.01064 -0.0188312 -0.000360713 0.00085734 -0.0188312 0.0906247 
0.00868295 -0.0167019 0.000334256 -0.000360361 -0.0167019 0.0853387 -0.000366837 0.000843262 0.000334256 -0.000366837 0.0105048 -0.0186205 -0.000360361 0.000843262 -0.0186205 0.0894137 
0.00871235 -0.0166645 0.00033243 -0.000364795 -0.0166645 0.0852343 -0.000365178 0.000834702 0.00033243 -0.000365178 0.0104989 -0.0186808 -0.000364795 0.000834702 -0.0186808 0.0896512 
0.00873717 -0.016717 0.000330171 -0.000359199 -0.016717 0.0853468 -0.000354491 0.000810181 0.000330171 -0.000354491 0.0105198 -0.0186975 -0.000359199 0.000810181 -0.0186975 0.0898473 
0.00869949 -0.0166971 0.000339519 -0.000350694 -0.0166971 0.0851581 -0.000343556 0.000776009 0.000339519 -0.000343556 0.0105024 -0.0186201 -0.000350694 0.000776009 -0.0186201 0.0895141 
0.00884957 -0.0169642 0.000336114 -0.000367613 -0.0169642 0.0865975 -0.000361131 0.000790295 0.000336114 -0.000361131 0.0106804 -0.0189517 -0.000367613 0.000790295 -0.0189517 0.0910151 
0.00876102 -0.0167011 0.000313515 -0.000360689 -0.0167011 0.0852383 -0.000354622 0.000794345 0.000313515 -0.000354622 0.0104685 -0.0186608 -0.000360689 0.000794345 -0.0186608 0.0896057 
0.00881715 -0.0168091 0.000321641 -0.000338711 -0.0168091 0.0855459 -0.000336664 0.00076889 0.000321641 -0.000336664 0.0104477 -0.0186362 -0.000338711 0.00076889 -0.0186362 0.0896885 
0.00883269 -0.0168785 0.000330316 -0.000335951 -0.0168785 0.0857962 -0.000336623 0.000736762 0.000330316 -0.000336623 0.0104601 -0.0186068 -0.000335951 0.000736762 -0.0186068 0.0896618 
0.00881761 -0.0169097 0.000339788 -0.000345341 -0.0169097 0.0859824 -0.000348668 0.000746928 0.000339788 -0.000348668 0.010501 -0.0186223 -0.000345341 0.000746928 -0.0186223 0.0896904 
0.00877752 -0.0168342 0.000342054 -0.000359996 -0.0168342 0.0857364 -0.000363692 0.00077977 0.000342054 -0.000363692 0.0105024 -0.0186081 -0.000359996 0.00077977 -0.0186081 0.089486 
0.00876216 -0.0167712 0.000309755 -0.000372393 -0.0167712 0.0854677 -0.000377129 0.000829836 0.000309755 -0.000377129 0.0104809 -0.0185972 -0.000372393 0.000829836 -0.0185972 0.089334 
0.00881229 -0.016786 0.000282642 -0.00033569 -0.016786 0.0854775 -0.000341846 0.000796496 0.000282642 -0.000341846 0.0104236 -0.0185983 -0.00033569 0.000796496 -0.0185983 0.089361 
0.00889061 -0.0168749 0.000293822 -0.000296727 -0.0168749 0.0857224 -0.000296325 0.000696205 0.000293822 -0.000296325 0.0103606 -0.0185633 -0.000296727 0.000696205 -0.0185633 0.0894212 
0.00893344 -0.0169775 0.000300644 -0.000316298 -0.0169775 0.0860281 -0.000305137 0.000676057 0.000300644 -0.000305137 0.0103361 -0.0184945 -0.000316298 0.000676057 -0.0184945 0.0893659 
0.00889034 -0.0170257 0.000307523 -0.000331053 -0.0170257 0.0862004 -0.000317534 0.000706314 0.000307523 -0.000317534 0.0103634 -0.0184308 -0.000331053 0.000706314 -0.0184308 0.0891694 
0.00881122 -0.0169579 0.000323129 -0.000340949 -0.0169579 0.0861099 -0.000337387 0.000751469 0.000323129 -0.000337387 0.010413 -0.0184438 -0.000340949 0.000751469 -0.0184438 0.0890581 
0.00870637 -0.0167971 0.000327427 -0.000339124 -0.0167971 0.0856371 -0.000346253 0.000757401 0.000327427 -0.000346253 0.010464 -0.0184824 -0.000339124 0.000757401 -0.0184824 0.0889747 
0.00879162 -0.0169129 0.000304077 -0.000356955 -0.0169129 0.0864889 -0.000370707 0.000807818 0.000304077 -0.000370707 0.0106354 -0.018831 -0.000356955 0.000807818 -0.018831 0.0904045 
0.00872419 -0.0167559 0.000310258 -0.000347773 -0.0167559 0.0857194 -0.000354942 0.000832782 0.000310258 -0.000354942 0.0105931 -0.0187587 -0.000347773 0.000832782 -0.0187587 0.0900145 
0.0087112 -0.0167267 0.000323322 -0.000348949 -0.0167267 0.0855361 -0.000349859 0.000819614 0.000323322 -0.000349859 0.0105854 -0.0187718 -0.000348949 0.000819614 -0.0187718 0.0900423 
0.00874774 -0.0167618 0.000313042 -0.000358917 -0.0167618 0.0857057 -0.000357937 0.000821523 0.000313042 -0.000357937 0.010588 -0.018833 -0.000358917 0.000821523 -0.018833 0.0903491 
0.00877789 -0.01681 0.000287918 -0.000349313 -0.01681 0.085873 -0.000352512 0.000819972 0.000287918 -0.000352512 0.010586 -0.0188414 -0.000349313 0.000819972 -0.0188414 0.0905098 
0.0088337 -0.016852 0.000250379 -0.000309148 -0.016852 0.0860454 -0.000320579 0.000753048 0.000250379 -0.000320579 0.0105617 -0.0188515 -0.000309148 0.000753048 -0.0188515 0.0906256 
0.00887481 -0.0169414 0.000223871 -0.000258854 -0.0169414 0.0863252 -0.000270727 0.000637514 0.000223871 -0.000270727 0.0105574 -0.018835 -0.000258854 0.000637514 -0.018835 0.0907125 
0.00887372 -0.0169582 0.00023084 -0.000223393 -0.0169582 0.0863562 -0.000236794 0.000529784 0.00023084 -0.000236794 0.0105554 -0.0187874 -0.000223393 0.000529784 -0.0187874 0.0905432 
0.00886272 -0.0170282 0.000225336 -0.000223783 -0.0170282 0.0867087 -0.00024238 0.000484431 0.000225336 -0.00024238 0.0106224 -0.0188463 -0.000223783 0.000484431 -0.0188463 0.0907867 
0.0088269 -0.0169442 0.000201793 -0.000219186 -0.0169442 0.0864866 -0.000235299 0.000467977 0.000201793 -0.000235299 0.0106287 -0.0188545 -0.000219186 0.000467977 -0.0188545 0.0906708 
0.00882524 -0.0168588 0.000175502 -0.000199566 -0.0168588 0.0861053 -0.000207245 0.000430136 0.000175502 -0.000207245 0.0105733 -0.0188199 -0.000199566 0.000430136 -0.0188199 0.0904343 
0.00883226 -0.0168335 0.000171502 -0.000178565 -0.0168335 0.0858122 -0.000177151 0.000377559 0.000171502 -0.000177151 0.0105053 -0.018729 -0.000178565 0.000377559 -0.018729 0.0900983 
0.00882167 -0.0168617 0.000191567 -0.000182715 -0.0168617 0.0857701 -0.000177966 0.000369259 0.000191567 -0.000177966 0.0104625 -0.0186386 -0.000182715 0.000369259 -0.0186386 0.0897991 
0.00882257 -0.0168874 0.000201376 -0.000210876 -0.0168874 0.0859425 -0.000203567 0.00041416 0.000201376 -0.000203567 0.0104745 -0.0186465 -0.000210876 0.00041416 -0.0186465 0.0898503 
0.00881476 -0.0168426 0.000203027 -0.000221045 -0.0168426 0.0857882 -0.00020891 0.000446657 0.000203027 -0.00020891 0.010443 -0.0186189 -0.000221045 0.000446657 -0.0186189 0.0896964 
0.00880168 -0.0167844 0.000208751 -0.000217832 -0.0167844 0.0854783 -0.000206135 0.000445854 0.000208751 -0.000206135 0.0103977 -0.0185507 -0.000217832 0.000445854 -0.0185507 0.0894104 
0.00891771 -0.016995 0.000225399 -0.000224267 -0.016995 0.0864752 -0.00021543 0.000455736 0.000225399 -0.00021543 0.0105209 -0.0187524 -0.000224267 0.000455736 -0.0187524 0.0904261 
0.00882581 -0.0168161 0.000229362 -0.0002497 -0.0168161 0.0854844 -0.0002428 0.000512322 0.000229362 -0.0002428 0.0103662 -0.0185203 -0.0002497 0.000512322 -0.0185203 0.0892984 
