0.00780457 0 -0.000248685 0 0 0.00992342 0 0 -0.000248685 0 0.00645825 0 0 0 0 0.00992342 
0.0112183 -0.0139028 -0.000323702 0.000393374 -0.0139028 0.0358902 0.000393374 -0.000754794 -0.000323702 0.000393374 0.00926216 -0.0115218 0.000393374 -0.000754794 -0.0115218 0.0313254 
0.0109879 -0.0201955 -0.000252949 0.000401133 -0.0201955 0.0735617 0.000401133 -0.00124462 -0.000252949 0.000401133 0.00927815 -0.0175706 0.000401133 -0.00124462 -0.0175706 0.0653629 
0.0104181 -0.0195829 -0.000217785 0.000207235 -0.0195829 0.086554 0.000218059 -0.000621661 -0.000217785 0.000218059 0.00889712 -0.0177377 0.000207235 -0.000621661 -0.0177377 0.0805181 
0.0103577 -0.0188205 -0.000280205 0.000194281 -0.0188205 0.0889753 0.000216587 -0.000360882 -0.000280205 0.000216587 0.00889942 -0.0171275 0.000194281 -0.000360882 -0.0171275 0.0841051 
0.0103204 -0.0185057 -0.000308849 0.000298227 -0.0185057 0.0887746 0.000319741 -0.000535755 -0.000308849 0.000319741 0.00899949 -0.0168379 0.000298227 -0.000535755 -0.0168379 0.0841822 
0.0106009 -0.018938 -0.00027868 0.000348344 -0.018938 0.0911376 0.000365385 -0.000732824 -0.00027868 0.000365385 0.00933468 -0.0173848 0.000348344 -0.000732824 -0.0173848 0.0867917 
0.0104941 -0.0187256 -0.000228771 0.000292419 -0.0187256 0.0902438 0.000299532 -0.000695315 -0.000228771 0.000299532 0.00929024 -0.0173508 0.000292419 -0.000695315 -0.0173508 0.0864896 
0.0104463 -0.0186295 -0.000167666 0.000235104 -0.0186295 0.089832 0.000233011 -0.000563056 -0.000167666 0.000233011 0.00926422 -0.0173387 0.000235104 -0.000563056 -0.0173387 0.0864906 
0.0104985 -0.0186825 -0.000127603 0.000170526 -0.0186825 0.0900765 0.000164264 -0.000412192 -0.000127603 0.000164264 0.00925989 -0.0173903 0.000170526 -0.000412192 -0.0173903 0.0868562 
0.0106192 -0.0189036 -0.000113094 0.000112778 -0.0189036 0.0910506 0.000102678 -0.0002432 -0.000113094 0.000102678 0.00933496 -0.0175415 0.000112778 -0.0002432 -0.0175415 0.0877657 
0.0106098 -0.018863 -0.000101774 9.75691e-05 -0.018863 0.0907864 7.96882e-05 -0.00014707 -0.000101774 7.96882e-05 0.00926121 -0.017423 9.75691e-05 -0.00014707 -0.017423 0.0872948 
0.0105791 -0.0188995 -0.000130754 9.3011e-05 -0.0188995 0.0908478 7.40264e-05 -0.00011897 -0.000130754 7.40264e-05 0.00927457 -0.0173546 9.3011e-05 -0.00011897 -0.0173546 0.0870723 
0.0105448 -0.0188796 -0.000139274 0.000128035 -0.0188796 0.0908967 0.00011098 -0.000168445 -0.000139274 0.00011098 0.00930874 -0.0173845 0.000128035 -0.000168445 -0.0173845 0.0870668 
0.010496 -0.0187613 -0.000147703 0.000145826 -0.0187613 0.0904784 0.000132059 -0.000241248 -0.000147703 0.000132059 0.00926942 -0.0173603 0.000145826 -0.000241248 -0.0173603 0.0868078 
0.0104395 -0.0186457 -0.000157817 0.000145752 -0.0186457 0.0899452 0.000138652 -0.000263639 -0.000157817 0.000138652 0.00921605 -0.0172848 0.000145752 -0.000263639 -0.0172848 0.0864546 
0.0104187 -0.0186341 -0.000160009 0.000154339 -0.0186341 0.0898773 0.00015309 -0.000286249 -0.000160009 0.00015309 0.0092174 -0.0172753 0.000154339 -0.000286249 -0.0172753 0.0864562 
0.010436 -0.0186837 -0.000155507 0.000158169 -0.0186837 0.0901403 0.00015941 -0.000304711 -0.000155507 0.00015941 0.00923541 -0.0173136 0.000158169 -0.000304711 -0.0173136 0.0866758 
0.0104239 -0.0186177 -0.000171395 0.000165562 -0.0186177 0.0899082 0.00016897 -0.000342821 -0.000171395 0.00016897 0.00920911 -0.0172914 0.000165562 -0.000342821 -0.0172914 0.0865495 
0.0104621 -0.0186859 -0.000182499 0.000190611 -0.0186859 0.090164 0.000196369 -0.000406226 -0.000182499 0.000196369 0.00922007 -0.0173194 0.000190611 -0.000406226 -0.0173194 0.0867685 
0.0104488 -0.0186267 -0.000161921 0.000190695 -0.0186267 0.0898761 0.000202555 -0.000428893 -0.000161921 0.000202555 0.00915296 -0.0172561 0.000190695 -0.000428893 -0.0172561 0.0864802 
0.0104306 -0.0185976 -0.000147731 0.000166542 -0.0185976 0.0896524 0.000180935 -0.000403507 -0.000147731 0.000180935 0.00907679 -0.0171543 0.000166542 -0.000403507 -0.0171543 0.0861378 
0.0105993 -0.0189081 -0.00014873 0.000158864 -0.0189081 0.0910729 0.000166979 -0.00037987 -0.00014873 0.000166979 0.00918306 -0.0173221 0.000158864 -0.00037987 -0.0173221 0.0872004 
0.0106071 -0.0189404 -0.000176889 0.000158098 -0.0189404 0.0912304 0.000155922 -0.000352168 -0.000176889 0.000155922 0.00918297 -0.0173161 0.000158098 -0.000352168 -0.0173161 0.0871818 
0.0105457 -0.0188705 -0.000197387 0.000198327 -0.0188705 0.0909118 0.000190067 -0.000402589 -0.000197387 0.000190067 0.00918054 -0.0172311 0.000198327 -0.000402589 -0.0172311 0.0867735 
0.010496 -0.0188013 -0.000235204 0.000218196 -0.0188013 0.0906497 0.000215219 -0.000464492 -0.000235204 0.000215219 0.00918993 -0.0172097 0.000218196 -0.000464492 -0.0172097 0.0865209 
0.0104931 -0.018769 -0.000239583 0.000266728 -0.018769 0.0905558 0.00026768 -0.000572114 -0.000239583 0.00026768 0.00917687 -0.0172418 0.000266728 -0.000572114 -0.0172418 0.0865368 
0.0104681 -0.0187153 -0.000203921 0.000266115 -0.0187153 0.0902725 0.000271474 -0.000617782 -0.000203921 0.000271474 0.00914457 -0.0171907 0.000266115 -0.000617782 -0.0171907 0.086329 
0.0104928 -0.0187481 -0.000171013 0.000221278 -0.0187481 0.0904253 0.000228024 -0.000559212 -0.000171013 0.000228024 0.00915043 -0.0172332 0.000221278 -0.000559212 -0.0172332 0.086543 
0.0104766 -0.0187128 -0.000104563 0.000177704 -0.0187128 0.0902257 0.000178148 -0.000445913 -0.000104563 0.000178148 0.00914472 -0.0171827 0.000177704 -0.000445913 -0.0171827 0.086356 
0.010457 -0.0187042 -2.36759e-05 0.000106527 -0.0187042 0.0901333 9.6684e-05 -0.000288022 -2.36759e-05 9.6684e-05 0.00915205 -0.0171585 0.000106527 -0.000288022 -0.0171585 0.0862012 
0.0104507 -0.0187379 3.09262e-05 2.12692e-05 -0.0187379 0.0903147 3.82917e-07 -8.871e-05 3.09262e-05 3.82917e-07 0.00920383 -0.0172116 2.12692e-05 -8.871e-05 -0.0172116 0.0863748 
0.0104307 -0.0186609 5.50497e-05 -5.13254e-05 -0.0186609 0.0900744 -7.38364e-05 0.000116809 5.50497e-05 -7.38364e-05 0.00919166 -0.0172367 -5.13254e-05 0.000116809 -0.0172367 0.086333 
0.0104962 -0.0187466 6.12956e-05 -6.77248e-05 -0.0187466 0.0904864 -8.74451e-05 0.000198739 6.12956e-05 -8.74451e-05 0.00921535 -0.0173581 -6.77248e-05 0.000198739 -0.0173581 0.086934 
0.0105445 -0.018824 5.19075e-05 -7.13373e-05 -0.018824 0.0908288 -8.43061e-05 0.000214637 5.19075e-05 -8.43061e-05 0.00923938 -0.0174178 -7.13373e-05 0.000214637 -0.0174178 0.0873617 
0.0105828 -0.0188861 2.13685e-06 -6.4792e-05 -0.0188861 0.0910896 -6.86093e-05 0.000198391 2.13685e-06 -6.86093e-05 0.00924716 -0.017434 -6.4792e-05 0.000198391 -0.017434 0.0875509 
0.0104427 -0.0186329 -2.76613e-05 -6.29584e-06 -0.0186329 0.0898005 -5.21013e-06 9.09008e-05 -2.76613e-05 -5.21013e-06 0.00909378 -0.0171297 -6.29584e-06 9.09008e-05 -0.0171297 0.0861228 
0.0106334 -0.0189468 -3.57797e-05 2.63938e-05 -0.0189468 0.0912821 3.50392e-05 -1.55064e-05 -3.57797e-05 3.50392e-05 0.00924669 -0.0173851 2.63938e-05 -1.55064e-05 -0.0173851 0.087419 
0.0106495 -0.0189801 -5.05881e-05 3.78223e-05 -0.0189801 0.0913382 5.41022e-05 -8.60248e-05 -5.05881e-05 5.41022e-05 0.00925462 -0.017372 3.78223e-05 -8.60248e-05 -0.017372 0.0873188 
0.010492 -0.0187255 -5.41212e-05 5.46217e-05 -0.0187255 0.0900836 7.31146e-05 -0.000136728 -5.41212e-05 7.31146e-05 0.00914579 -0.017146 5.46217e-05 -0.000136728 -0.017146 0.0860862 
0.0104902 -0.0187364 -8.04352e-05 5.91113e-05 -0.0187364 0.0902019 7.58251e-05 -0.000160521 -8.04352e-05 7.58251e-05 0.00920486 -0.0172213 5.91113e-05 -0.000160521 -0.0172213 0.0863341 
0.0104793 -0.0187381 -0.00015023 9.10243e-05 -0.0187381 0.0902713 9.94345e-05 -0.000206835 -0.00015023 9.94345e-05 0.00924707 -0.0172984 9.10243e-05 -0.000206835 -0.0172984 0.0865785 
0.0104868 -0.0187265 -0.000164423 0.000170969 -0.0187265 0.0903089 0.000174102 -0.000338608 -0.000164423 0.000174102 0.00924936 -0.017369 0.000170969 -0.000338608 -0.017369 0.0868401 
0.0104837 -0.0186965 -0.000126892 0.000190175 -0.0186965 0.0901319 0.000190679 -0.000430463 -0.000126892 0.000190679 0.00921895 -0.0173145 0.000190175 -0.000430463 -0.0173145 0.086695 
0.010482 -0.0186525 -0.000107087 0.000141754 -0.0186525 0.0898741 0.000138527 -0.000374357 -0.000107087 0.000138527 0.00919653 -0.0172565 0.000141754 -0.000374357 -0.0172565 0.0864366 
0.0105139 -0.0186955 -7.42219e-05 0.000107511 -0.0186955 0.0899737 0.000102717 -0.000265944 -7.42219e-05 0.000102717 0.00920864 -0.0172708 0.000107511 -0.000265944 -0.0172708 0.0864834 
0.0105752 -0.0187926 -5.59213e-05 7.17627e-05 -0.0187926 0.0903566 6.58118e-05 -0.000172159 -5.59213e-05 6.58118e-05 0.00922417 -0.0173403 7.17627e-05 -0.000172159 -0.0173403 0.0867937 
0.0105861 -0.0188466 -6.41465e-05 5.73258e-05 -0.0188466 0.0905054 4.96662e-05 -0.000119246 -6.41465e-05 4.96662e-05 0.00922615 -0.0173087 5.73258e-05 -0.000119246 -0.0173087 0.0867399 
0.0105937 -0.0188919 -8.6765e-05 7.08547e-05 -0.0188919 0.0907184 6.48941e-05 -0.000129741 -8.6765e-05 6.48941e-05 0.00922698 -0.0173102 7.08547e-05 -0.000129741 -0.0173102 0.0867449 
0.0105868 -0.0188724 -9.33141e-05 9.99145e-05 -0.0188724 0.0906889 9.55076e-05 -0.000191274 -9.33141e-05 9.55076e-05 0.0092075 -0.0172924 9.99145e-05 -0.000191274 -0.0172924 0.0866534 
0.0105687 -0.0188512 -9.8421e-05 0.000104258 -0.0188512 0.0906247 0.000102341 -0.000226252 -9.8421e-05 0.000102341 0.00920922 -0.0172803 0.000104258 -0.000226252 -0.0172803 0.0866148 
0.0105779 -0.0188711 -7.55435e-05 0.000107826 -0.0188711 0.0907597 0.000108348 -0.000243799 -7.55435e-05 0.000108348 0.00919778 -0.0173102 0.000107826 -0.000243799 -0.0173102 0.0867574 
0.0105485 -0.0188344 -3.32359e-05 8.44641e-05 -0.0188344 0.0906152 8.45337e-05 -0.000217814 -3.32359e-05 8.45337e-05 0.00920758 -0.0172628 8.44641e-05 -0.000217814 -0.0172628 0.0866281 
0.010501 -0.0187455 -8.33666e-06 3.8353e-05 -0.0187455 0.0902579 3.53742e-05 -0.000132396 -8.33666e-06 3.53742e-05 0.00917432 -0.0172283 3.8353e-05 -0.000132396 -0.0172283 0.0863593 
0.0104695 -0.0186664 1.00788e-05 1.00872e-05 -0.0186664 0.0899245 8.42503e-06 -5.33112e-05 1.00788e-05 8.42503e-06 0.00917211 -0.0171967 1.00872e-05 -5.33112e-05 -0.0171967 0.0861937 
0.0104987 -0.0186702 -1.39544e-05 -6.32638e-06 -0.0186702 0.0899437 -6.78113e-06 -1.03406e-05 -1.39544e-05 -6.78113e-06 0.00917465 -0.0172535 -6.32638e-06 -1.03406e-05 -0.0172535 0.086386 
0.0105063 -0.0186919 -5.31524e-05 1.29058e-05 -0.0186919 0.0899282 1.49185e-05 -1.53803e-05 -5.31524e-05 1.49185e-05 0.0091788 -0.017235 1.29058e-05 -1.53803e-05 -0.017235 0.086371 
0.0105525 -0.0188032 -4.87926e-05 6.13357e-05 -0.0188032 0.0904129 6.52631e-05 -0.00010237 -4.87926e-05 6.52631e-05 0.00921196 -0.0173157 6.13357e-05 -0.00010237 -0.0173157 0.0867601 
0.0105873 -0.0188435 -6.52005e-05 5.54477e-05 -0.0188435 0.0906149 5.93039e-05 -0.000135039 -6.52005e-05 5.93039e-05 0.00918827 -0.0173167 5.54477e-05 -0.000135039 -0.0173167 0.086827 
0.0105581 -0.0187996 -6.33958e-05 6.10824e-05 -0.0187996 0.090335 6.25073e-05 -0.000125448 -6.33958e-05 6.25073e-05 0.00915371 -0.0171918 6.10824e-05 -0.000125448 -0.0171918 0.0863534 
0.0106863 -0.0190229 -5.15736e-05 5.80728e-05 -0.0190229 0.0914039 5.60979e-05 -0.000113046 -5.15736e-05 5.60979e-05 0.00926572 -0.0173894 5.80728e-05 -0.000113046 -0.0173894 0.0872736 
0.0106812 -0.0190564 -4.55584e-05 6.10278e-05 -0.0190564 0.0915455 5.38425e-05 -0.000123916 -4.55584e-05 5.38425e-05 0.00928401 -0.0174243 6.10278e-05 -0.000123916 -0.0174243 0.0873862 
0.0104793 -0.0187365 -4.16842e-05 5.19663e-05 -0.0187365 0.0900724 4.27104e-05 -0.000109494 -4.16842e-05 4.27104e-05 0.00913981 -0.0171461 5.19663e-05 -0.000109494 -0.0171461 0.0859807 
0.0105824 -0.0188977 -2.12389e-05 5.76952e-05 -0.0188977 0.0909401 5.13477e-05 -0.000128374 -2.12389e-05 5.13477e-05 0.00924232 -0.0173099 5.76952e-05 -0.000128374 -0.0173099 0.0868088 
0.0105122 -0.0187794 2.04156e-05 1.8868e-05 -0.0187794 0.0904097 1.78543e-05 -6.85361e-05 2.04156e-05 1.78543e-05 0.00922265 -0.0172622 1.8868e-05 -6.85361e-05 -0.0172622 0.086464 
0.0104486 -0.0186639 3.38377e-05 -3.18759e-05 -0.0186639 0.0899077 -2.83334e-05 3.38794e-05 3.38377e-05 -2.83334e-05 0.00917202 -0.0172231 -3.18759e-05 3.38794e-05 -0.0172231 0.0861746 
0.010471 -0.0186859 -5.00063e-09 -4.7301e-05 -0.0186859 0.0900577 -4.52024e-05 0.000103163 -5.00063e-09 -4.52024e-05 0.00913999 -0.0172716 -4.7301e-05 0.000103163 -0.0172716 0.0864756 
0.0104953 -0.0187419 5.40546e-06 -1.20098e-06 -0.0187419 0.090284 -2.96544e-06 5.39898e-05 5.40546e-06 -2.96544e-06 0.00915717 -0.0172436 -1.20098e-06 5.39898e-05 -0.0172436 0.0866174 
0.0105072 -0.0187785 1.56332e-05 -1.24362e-05 -0.0187785 0.0904981 -1.26217e-05 4.2907e-05 1.56332e-05 -1.26217e-05 0.00919196 -0.0172839 -1.24362e-05 4.2907e-05 -0.0172839 0.0867972 
0.0105159 -0.0187935 4.38459e-05 -2.22931e-05 -0.0187935 0.0906463 -2.16946e-05 5.52093e-05 4.38459e-05 -2.16946e-05 0.00924279 -0.0173536 -2.22931e-05 5.52093e-05 -0.0173536 0.0870636 
0.0104106 -0.0186306 4.45698e-05 -4.77891e-05 -0.0186306 0.0898574 -4.80441e-05 9.12609e-05 4.45698e-05 -4.80441e-05 0.00917215 -0.0172189 -4.77891e-05 9.12609e-05 -0.0172189 0.0863388 
0.01046 -0.0187262 7.92204e-05 -4.93491e-05 -0.0187262 0.0903685 -5.28409e-05 0.000117124 7.92204e-05 -5.28409e-05 0.00923675 -0.0173259 -4.93491e-05 0.000117124 -0.0173259 0.0868603 
0.0104636 -0.0187098 9.85018e-05 -7.96323e-05 -0.0187098 0.090316 -8.4902e-05 0.00015542 9.85018e-05 -8.4902e-05 0.0092234 -0.0173113 -7.96323e-05 0.00015542 -0.0173113 0.0867862 
0.0103845 -0.0185775 0.000100824 -0.000109099 -0.0185775 0.0896382 -0.000112699 0.000229691 0.000100824 -0.000112699 0.00915568 -0.017159 -0.000109099 0.000229691 -0.017159 0.086063 
0.0105449 -0.0188953 8.10087e-05 -0.00011765 -0.0188953 0.0912058 -0.00012186 0.000277561 8.10087e-05 -0.00012186 0.00934091 -0.0174822 -0.00011765 0.000277561 -0.0174822 0.0876127 
0.0105478 -0.018837 6.11099e-05 -8.85065e-05 -0.018837 0.0910504 -9.14255e-05 0.000240713 6.11099e-05 -9.14255e-05 0.00931442 -0.0175228 -8.85065e-05 0.000240713 -0.0175228 0.0876876 
0.0105139 -0.0187901 5.88241e-05 -6.97923e-05 -0.0187901 0.0907706 -7.23522e-05 0.000195212 5.88241e-05 -7.23522e-05 0.00929722 -0.0174756 -6.97923e-05 0.000195212 -0.0174756 0.0875624 
0.0104932 -0.0188579 6.14781e-05 -6.96125e-05 -0.0188579 0.0910373 -7.19689e-05 0.000180394 6.14781e-05 -7.19689e-05 0.00935834 -0.0174806 -6.96125e-05 0.000180394 -0.0174806 0.0876722 
0.0104655 -0.0187819 7.88994e-05 -8.60401e-05 -0.0187819 0.0908947 -8.60526e-05 0.000219192 7.88994e-05 -8.60526e-05 0.00935027 -0.0175211 -8.60401e-05 0.000219192 -0.0175211 0.0876551 
0.0104513 -0.0187497 9.11029e-05 -9.83128e-05 -0.0187497 0.0907748 -9.548e-05 0.000242262 9.11029e-05 -9.548e-05 0.00933792 -0.0175105 -9.83128e-05 0.000242262 -0.0175105 0.0876483 
0.0104026 -0.018627 0.000107217 -9.49517e-05 -0.018627 0.0901787 -9.3156e-05 0.000223918 0.000107217 -9.3156e-05 0.00927061 -0.0173847 -9.49517e-05 0.000223918 -0.0173847 0.0870748 
0.01037 -0.018566 0.000126415 -0.000110134 -0.018566 0.0897877 -0.000109631 0.000233229 0.000126415 -0.000109631 0.00919506 -0.0172734 -0.000110134 0.000233229 -0.0172734 0.0865706 
0.0104033 -0.0186304 0.000148094 -0.000129542 -0.0186304 0.0900712 -0.000133078 0.000265674 0.000148094 -0.000133078 0.00918911 -0.0172993 -0.000129542 0.000265674 -0.0172993 0.0867655 
0.0103925 -0.0185902 0.000131331 -0.000154559 -0.0185902 0.0898583 -0.000163456 0.000322768 0.000131331 -0.000163456 0.00915523 -0.0172091 -0.000154559 0.000322768 -0.0172091 0.0864383 
0.0103726 -0.0185709 0.000108557 -0.000141621 -0.0185709 0.0896967 -0.000153175 0.000340906 0.000108557 -0.000153175 0.0091427 -0.0171499 -0.000141621 0.000340906 -0.0171499 0.0861531 
0.0103486 -0.0185451 0.000106996 -0.000114797 -0.0185451 0.0896202 -0.000123016 0.00029598 0.000106996 -0.000123016 0.00913026 -0.0171719 -0.000114797 0.00029598 -0.0171719 0.0861496 
0.0103433 -0.0184993 0.000116495 -0.000106376 -0.0184993 0.0894439 -0.000115219 0.000252436 0.000116495 -0.000115219 0.00907603 -0.0171329 -0.000106376 0.000252436 -0.0171329 0.0860207 
0.0104983 -0.0187702 0.000134114 -0.000122937 -0.0187702 0.0907161 -0.000131276 0.000268444 0.000134114 -0.000131276 0.00919603 -0.0173466 -0.000122937 0.000268444 -0.0173466 0.0872391 
0.0104751 -0.0187899 0.000155151 -0.000149189 -0.0187899 0.0907724 -0.000154059 0.000321639 0.000155151 -0.000154059 0.00922403 -0.0173334 -0.000149189 0.000321639 -0.0173334 0.0872178 
0.0104444 -0.0187575 0.000166178 -0.000169771 -0.0187575 0.0906983 -0.000173787 0.000369384 0.000166178 -0.000173787 0.00924855 -0.0173321 -0.000169771 0.000369384 -0.0173321 0.0871155 
0.0104057 -0.018696 0.000157495 -0.000183681 -0.018696 0.0904936 -0.000187405 0.000411787 0.000157495 -0.000187405 0.0092456 -0.0173455 -0.000183681 0.000411787 -0.0173455 0.0870351 
0.010419 -0.0187228 0.000130324 -0.000166717 -0.0187228 0.0906713 -0.000167716 0.00038814 0.000130324 -0.000167716 0.00926372 -0.0174032 -0.000166717 0.00038814 -0.0174032 0.0873064 
0.0102749 -0.0184822 0.000116803 -0.000140211 -0.0184822 0.0895263 -0.000138198 0.000336975 0.000116803 -0.000138198 0.00912703 -0.0171745 -0.000140211 0.000336975 -0.0171745 0.0862134 
0.0102318 -0.0184399 0.00013521 -0.000132358 -0.0184399 0.0893734 -0.000127401 0.000306895 0.00013521 -0.000127401 0.00913923 -0.0171191 -0.000132358 0.000306895 -0.0171191 0.0860326 
0.0102436 -0.0184817 0.000110397 -0.000145507 -0.0184817 0.0896478 -0.000137875 0.00030369 0.000110397 -0.000137875 0.00921427 -0.0171868 -0.000145507 0.00030369 -0.0171868 0.0862822 
0.0102679 -0.0185138 0.000105856 -0.000121922 -0.0185138 0.0899084 -0.00011272 0.000279125 0.000105856 -0.00011272 0.00927985 -0.0173188 -0.000121922 0.000279125 -0.0173188 0.086725 
0.0102596 -0.0184252 0.000118242 -0.00011203 -0.0184252 0.089564 -0.000105314 0.000243667 0.000118242 -0.000105314 0.00924047 -0.0173426 -0.00011203 0.000243667 -0.0173426 0.0867184 
0.0102273 -0.0183152 0.000153543 -0.000118557 -0.0183152 0.0889391 -0.000119174 0.000241265 0.000153543 -0.000119174 0.00915396 -0.0172256 -0.000118557 0.000241265 -0.0172256 0.086263 
0.0103294 -0.0184826 0.00017903 -0.000157658 -0.0184826 0.0895814 -0.000161876 0.000302993 0.00017903 -0.000161876 0.0091849 -0.0172858 -0.000157658 0.000302993 -0.0172858 0.0867433 
0.0103234 -0.0185182 0.000166286 -0.000198706 -0.0185182 0.0896275 -0.000199622 0.000406196 0.000166286 -0.000199622 0.00918395 -0.0172367 -0.000198706 0.000406196 -0.0172367 0.086581 
0.0103429 -0.0185868 0.000142491 -0.000189 -0.0185868 0.0899974 -0.000186037 0.000435012 0.000142491 -0.000186037 0.00923471 -0.0173091 -0.000189 0.000435012 -0.0173091 0.0868647 
0.0103166 -0.0185548 0.00013005 -0.000158243 -0.0185548 0.0899219 -0.000156428 0.000388873 0.00013005 -0.000156428 0.00927691 -0.0173286 -0.000158243 0.000388873 -0.0173286 0.0868655 
0.0103163 -0.0185316 0.000124539 -0.000134456 -0.0185316 0.0898855 -0.000135901 0.000321303 0.000124539 -0.000135901 0.00927911 -0.0173956 -0.000134456 0.000321303 -0.0173956 0.0870119 
0.0103399 -0.018595 0.00016765 -0.000127101 -0.018595 0.0901725 -0.000131358 0.000286178 0.00016765 -0.000131358 0.00929989 -0.0174589 -0.000127101 0.000286178 -0.0174589 0.0873821 
0.010372 -0.0186586 0.000259444 -0.00016821 -0.0186586 0.0904974 -0.000175902 0.000327052 0.000259444 -0.000175902 0.00929024 -0.0174879 -0.00016821 0.000327052 -0.0174879 0.087632 
0.0103809 -0.0186749 0.000313491 -0.000276375 -0.0186749 0.0905944 -0.000288974 0.000520195 0.000313491 -0.000288974 0.00928362 -0.017452 -0.000276375 0.000520195 -0.017452 0.0876139 
0.010374 -0.018653 0.00029238 -0.000337425 -0.018653 0.0904897 -0.000350287 0.000701055 0.00029238 -0.000350287 0.00926513 -0.0173959 -0.000337425 0.000701055 -0.0173959 0.0873818 
0.0103302 -0.018604 0.000255141 -0.000323487 -0.018604 0.0902272 -0.000332821 0.000756095 0.000255141 -0.000332821 0.00925038 -0.0173242 -0.000323487 0.000756095 -0.0173242 0.0870218 
0.0102701 -0.0184852 0.000229539 -0.000275713 -0.0184852 0.0897033 -0.000282188 0.000680787 0.000229539 -0.000282188 0.00924796 -0.0172469 -0.000275713 0.000680787 -0.0172469 0.0865387 
0.0102653 -0.0184485 0.000253689 -0.000241301 -0.0184485 0.0895629 -0.000243595 0.000578352 0.000253689 -0.000243595 0.00927326 -0.0173185 -0.000241301 0.000578352 -0.0173185 0.0866404 
0.0103002 -0.0184867 0.000240458 -0.000260117 -0.0184867 0.0897259 -0.000261014 0.000549493 0.000240458 -0.000261014 0.00929492 -0.0174236 -0.000260117 0.000549493 -0.0174236 0.0870602 
0.0103031 -0.0185294 0.000254093 -0.00024933 -0.0185294 0.0898479 -0.000249795 0.000539651 0.000254093 -0.000249795 0.00930253 -0.0174313 -0.00024933 0.000539651 -0.0174313 0.0872013 
0.0102897 -0.0185037 0.000268345 -0.000261425 -0.0185037 0.0897758 -0.00025988 0.000540784 0.000268345 -0.00025988 0.00928146 -0.0174187 -0.000261425 0.000540784 -0.0174187 0.0871492 
0.0103235 -0.018517 0.000326308 -0.000282483 -0.018517 0.0898719 -0.000280986 0.000581521 0.000326308 -0.000280986 0.00924908 -0.0174314 -0.000282483 0.000581521 -0.0174314 0.0872676 
0.0103422 -0.0185444 0.000396021 -0.000357029 -0.0185444 0.08989 -0.000357564 0.000718335 0.000396021 -0.000357564 0.00921573 -0.0173547 -0.000357029 0.000718335 -0.0173547 0.087103 
0.0104044 -0.0186488 0.000419618 -0.000437401 -0.0186488 0.090311 -0.000447178 0.000913769 0.000419618 -0.000447178 0.0092226 -0.0173678 -0.000437401 0.000913769 -0.0173678 0.0872584 
0.0103815 -0.0186718 0.000424545 -0.000455828 -0.0186718 0.0903508 -0.000473586 0.00102475 0.000424545 -0.000473586 0.0092365 -0.017314 -0.000455828 0.00102475 -0.017314 0.0870529 
0.0103633 -0.0186592 0.000405188 -0.000458796 -0.0186592 0.0903852 -0.000472772 0.00105559 0.000405188 -0.000472772 0.00926635 -0.0173367 -0.000458796 0.00105559 -0.0173367 0.0870313 
0.0103767 -0.0186808 0.000385424 -0.000432309 -0.0186808 0.0905707 -0.000434747 0.000999763 0.000385424 -0.000434747 0.00931101 -0.0174211 -0.000432309 0.000999763 -0.0174211 0.0873192 
0.0102679 -0.0184624 0.00036881 -0.000395251 -0.0184624 0.0895629 -0.000389541 0.000886424 0.00036881 -0.000389541 0.00919616 -0.0172753 -0.000395251 0.000886424 -0.0172753 0.0865099 
0.0103326 -0.0185761 0.000380285 -0.000395327 -0.0185761 0.0900846 -0.000385564 0.000854222 0.000380285 -0.000385564 0.00925835 -0.0173575 -0.000395327 0.000854222 -0.0173575 0.0870417 
0.0103352 -0.0185696 0.000361407 -0.000411307 -0.0185696 0.0900419 -0.000400463 0.000871074 0.000361407 -0.000400463 0.00926363 -0.0173456 -0.000411307 0.000871074 -0.0173456 0.0869691 
0.0103177 -0.0185368 0.000327496 -0.000378479 -0.0185368 0.0898614 -0.000370985 0.00082527 0.000327496 -0.000370985 0.0092772 -0.0173292 -0.000378479 0.00082527 -0.0173292 0.0868222 
0.0103457 -0.0185414 0.000350685 -0.000337244 -0.0185414 0.0898805 -0.000334795 0.000743793 0.000350685 -0.000334795 0.00929906 -0.0173828 -0.000337244 0.000743793 -0.0173828 0.0869481 
0.0103644 -0.0185666 0.000361393 -0.000361343 -0.0185666 0.0898949 -0.000364785 0.000747197 0.000361393 -0.000364785 0.00930868 -0.0174047 -0.000361343 0.000747197 -0.0174047 0.0870111 
0.0103662 -0.0185852 0.000367339 -0.000381641 -0.0185852 0.0899072 -0.000385345 0.000803361 0.000367339 -0.000385345 0.00928232 -0.0174008 -0.000381641 0.000803361 -0.0174008 0.0869795 
0.0103507 -0.0185741 0.000350235 -0.000396294 -0.0185741 0.0898592 -0.000398878 0.000857282 0.000350235 -0.000398878 0.00925475 -0.0173663 -0.000396294 0.000857282 -0.0173663 0.0868852 
0.010326 -0.0185372 0.000328999 -0.00037757 -0.0185372 0.0897067 -0.000381234 0.00085336 0.000328999 -0.000381234 0.0092222 -0.0173036 -0.00037757 0.00085336 -0.0173036 0.0866557 
0.0102917 -0.0184697 0.000325892 -0.000342928 -0.0184697 0.0893952 -0.000347183 0.000782314 0.000325892 -0.000347183 0.00916628 -0.0172131 -0.000342928 0.000782314 -0.0172131 0.0862577 
0.0103363 -0.0185447 0.000326713 -0.000342747 -0.0185447 0.0897768 -0.000346785 0.000754708 0.000326713 -0.000346785 0.00920609 -0.0172823 -0.000342747 0.000754708 -0.0172823 0.0866344 
0.010325 -0.018486 0.00033782 -0.000346738 -0.018486 0.0894864 -0.000346309 0.00075582 0.00033782 -0.000346309 0.0091818 -0.0172208 -0.000346738 0.00075582 -0.0172208 0.0863413 
0.0103298 -0.0184872 0.000320885 -0.000365862 -0.0184872 0.0893893 -0.000357885 0.000783547 0.000320885 -0.000357885 0.00916207 -0.0171889 -0.000365862 0.000783547 -0.0171889 0.0861726 
0.0103767 -0.0185881 0.000304876 -0.000351133 -0.0185881 0.0898308 -0.000338177 0.000775315 0.000304876 -0.000338177 0.00918361 -0.0172697 -0.000351133 0.000775315 -0.0172697 0.0865621 
0.0103842 -0.0186036 0.000258522 -0.000325651 -0.0186036 0.0899451 -0.000313211 0.000720621 0.000258522 -0.000313211 0.0091789 -0.0172821 -0.000325651 0.000720621 -0.0172821 0.0866855 
0.0103813 -0.0186149 0.000206186 -0.000270716 -0.0186149 0.0899977 -0.000262119 0.000620103 0.000206186 -0.000262119 0.00917206 -0.0172547 -0.000270716 0.000620103 -0.0172547 0.0866501 
0.0103609 -0.0185699 0.000194867 -0.000212958 -0.0185699 0.0898187 -0.000207088 0.000496687 0.000194867 -0.000207088 0.00916657 -0.0172102 -0.000212958 0.000496687 -0.0172102 0.0864414 
0.0103727 -0.0185531 0.000218633 -0.000202677 -0.0185531 0.0897393 -0.000197378 0.000434802 0.000218633 -0.000197378 0.00913102 -0.0172076 -0.000202677 0.000434802 -0.0172076 0.0863685 
0.0104022 -0.0186371 0.000229028 -0.000232777 -0.0186371 0.0900292 -0.000232115 0.000471814 0.000229028 -0.000232115 0.00917858 -0.0172085 -0.000232777 0.000471814 -0.0172085 0.0865116 
0.0104138 -0.0186915 0.000244879 -0.000247492 -0.0186915 0.0902993 -0.000250267 0.00052578 0.000244879 -0.000250267 0.00924648 -0.017272 -0.000247492 0.00052578 -0.017272 0.0866969 
0.0104638 -0.0187794 0.000254451 -0.000259493 -0.0187794 0.0907989 -0.000266762 0.000560867 0.000254451 -0.000266762 0.00931087 -0.0174298 -0.000259493 0.000560867 -0.0174298 0.0872819 
0.0102981 -0.0185331 0.000276338 -0.00025358 -0.0185331 0.089622 -0.000267857 0.000555413 0.000276338 -0.000267857 0.00920122 -0.017218 -0.00025358 0.000555413 -0.017218 0.086222 
0.0103132 -0.0185544 0.000293129 -0.000280206 -0.0185544 0.0898676 -0.000292637 0.000586516 0.000293129 -0.000292637 0.00924852 -0.0173003 -0.000280206 0.000586516 -0.0173003 0.0866013 
0.0103588 -0.0185803 0.000315024 -0.000306422 -0.0185803 0.0900866 -0.000309245 0.000636238 0.000315024 -0.000309245 0.00927392 -0.0173968 -0.000306422 0.000636238 -0.0173968 0.0870306 
0.010366 -0.018569 0.000325807 -0.000335162 -0.018569 0.0899674 -0.000332807 0.000697104 0.000325807 -0.000332807 0.00926459 -0.0173716 -0.000335162 0.000697104 -0.0173716 0.0869923 
0.010359 -0.0185168 0.000322863 -0.000358206 -0.0185168 0.0896565 -0.000355407 0.000770442 0.000322863 -0.000355407 0.00923314 -0.0173121 -0.000358206 0.000770442 -0.0173121 0.086705 
0.0104727 -0.0186737 0.000345984 -0.000347747 -0.0186737 0.0902841 -0.000348144 0.000777334 0.000345984 -0.000348144 0.00927123 -0.0174039 -0.000347747 0.000777334 -0.0174039 0.0871942 
0.0104185 -0.018543 0.000329079 -0.000369355 -0.018543 0.0894547 -0.000370502 0.000802586 0.000329079 -0.000370502 0.00913334 -0.0171761 -0.000369355 0.000802586 -0.0171761 0.0861374 
0.010462 -0.018667 0.000331995 -0.000348821 -0.018667 0.0899031 -0.000347425 0.00077897 0.000331995 -0.000347425 0.00914793 -0.0172159 -0.000348821 0.00077897 -0.0172159 0.0863888 
0.0105341 -0.0188034 0.000361313 -0.00034283 -0.0188034 0.090559 -0.000340747 0.000738509 0.000361313 -0.000340747 0.0091786 -0.0172954 -0.00034283 0.000738509 -0.0172954 0.0868462 
0.0105833 -0.0188991 0.000370308 -0.000379001 -0.0188991 0.0910203 -0.000375096 0.000775901 0.000370308 -0.000375096 0.0091945 -0.0173413 -0.000379001 0.000775901 -0.0173413 0.0871563 
