0.00631729 0 0.000825314 0 0 0.00998873 0 0 0.000825314 0 0.00774629 0 0 0 0 0.00998873 
0.00893273 -0.0111085 0.00103613 -0.0012631 -0.0111085 0.0303976 -0.0012631 0.00242167 0.00103613 -0.0012631 0.0108333 -0.0134276 -0.0012631 0.00242167 -0.0134276 0.0348433 
0.0090883 -0.0171935 0.000874048 -0.00131306 -0.0171935 0.0641144 -0.00131306 0.00408888 0.000874048 -0.00131306 0.0107209 -0.0197111 -0.00131306 0.00408888 -0.0197111 0.0719871 
0.00862866 -0.0173511 0.000784159 -0.000807176 -0.0173511 0.0789529 -0.000810563 0.00231732 0.000784159 -0.000810563 0.0101095 -0.0189671 -0.000807176 0.00231732 -0.0189671 0.0839957 
0.00853513 -0.0167139 0.000819073 -0.000743706 -0.0167139 0.0826626 -0.000751716 0.00133255 0.000819073 -0.000751716 0.0100615 -0.0182183 -0.000743706 0.00133255 -0.0182183 0.0861389 
0.00879033 -0.0167465 0.000888652 -0.000858316 -0.0167465 0.0847511 -0.000872812 0.00146635 0.000888652 -0.000872812 0.0103136 -0.018467 -0.000858316 0.00146635 -0.018467 0.0884888 
0.0089332 -0.0168163 0.000902874 -0.000943026 -0.0168163 0.085142 -0.00096437 0.00181869 0.000902874 -0.00096437 0.0103377 -0.0185235 -0.000943026 0.00181869 -0.0185235 0.0891122 
0.00904782 -0.0169434 0.000874888 -0.000944613 -0.0169434 0.0855233 -0.000968236 0.0019837 0.000874888 -0.000968236 0.0102881 -0.0185269 -0.000944613 0.0019837 -0.0185269 0.0894121 
0.00916952 -0.0171054 0.000846558 -0.000903919 -0.0171054 0.0860676 -0.00092876 0.00196823 0.000846558 -0.00092876 0.010257 -0.0184957 -0.000903919 0.00196823 -0.0184957 0.0895993 
0.00920141 -0.0172376 0.000805647 -0.000853778 -0.0172376 0.0864359 -0.000876094 0.00184716 0.000805647 -0.000876094 0.0102481 -0.0184212 -0.000853778 0.00184716 -0.0184212 0.0894576 
0.00920531 -0.0173157 0.000775631 -0.00082229 -0.0173157 0.086775 -0.000828477 0.0017408 0.000775631 -0.000828477 0.0102639 -0.0183971 -0.00082229 0.0017408 -0.0183971 0.0893573 
0.00921625 -0.0173211 0.000744094 -0.000793765 -0.0173211 0.0869235 -0.000783403 0.0016381 0.000744094 -0.000783403 0.0102777 -0.0184348 -0.000793765 0.0016381 -0.0184348 0.0894227 
0.00913022 -0.0172133 0.000724653 -0.000763744 -0.0172133 0.0863892 -0.000750453 0.00156342 0.000724653 -0.000750453 0.0102312 -0.0183338 -0.000763744 0.00156342 -0.0183338 0.0889026 
0.00911716 -0.0172057 0.00074148 -0.000754472 -0.0172057 0.0864541 -0.00074806 0.00154632 0.00074148 -0.00074806 0.0102583 -0.0183643 -0.000754472 0.00154632 -0.0183643 0.089008 
0.0090898 -0.0171565 0.000734001 -0.000770991 -0.0171565 0.0863391 -0.000773741 0.00157751 0.000734001 -0.000773741 0.0102995 -0.0184145 -0.000770991 0.00157751 -0.0184145 0.0891363 
0.00909132 -0.0171444 0.000751157 -0.000765141 -0.0171444 0.0863533 -0.000773013 0.00160004 0.000751157 -0.000773013 0.0103345 -0.0184974 -0.000765141 0.00160004 -0.0184974 0.0894192 
0.00911079 -0.0171787 0.000769317 -0.00078801 -0.0171787 0.0865099 -0.000797501 0.00164592 0.000769317 -0.000797501 0.010371 -0.0185575 -0.00078801 0.00164592 -0.0185575 0.0897027 
0.00904484 -0.0170786 0.000772799 -0.000798439 -0.0170786 0.085979 -0.000808002 0.00167766 0.000772799 -0.000808002 0.0103135 -0.0184487 -0.000798439 0.00167766 -0.0184487 0.0891718 
0.00912106 -0.0171867 0.000783194 -0.00081756 -0.0171867 0.086549 -0.000826146 0.00172951 0.000783194 -0.000826146 0.0103726 -0.0185675 -0.00081756 0.00172951 -0.0185675 0.0897432 
0.0090699 -0.0171549 0.000769771 -0.000828134 -0.0171549 0.0863183 -0.000835258 0.00176618 0.000769771 -0.000835258 0.010348 -0.0184984 -0.000828134 0.00176618 -0.0184984 0.0894494 
0.00909664 -0.0171614 0.000728217 -0.000829673 -0.0171614 0.0864794 -0.000833674 0.00180034 0.000728217 -0.000833674 0.0103847 -0.0185585 -0.000829673 0.00180034 -0.0185585 0.0896809 
0.00910593 -0.0171826 0.000719693 -0.000774155 -0.0171826 0.0865481 -0.000774728 0.00171547 0.000719693 -0.000774728 0.0104205 -0.0186035 -0.000774155 0.00171547 -0.0186035 0.0898485 
0.00906877 -0.0170856 0.000705791 -0.000739306 -0.0170856 0.0860864 -0.000734213 0.00158464 0.000705791 -0.000734213 0.0103559 -0.0185635 -0.000739306 0.00158464 -0.0185635 0.0895542 
0.0090958 -0.0171549 0.000726879 -0.000735872 -0.0171549 0.0863866 -0.000726613 0.00153603 0.000726879 -0.000726613 0.010371 -0.0186203 -0.000735872 0.00153603 -0.0186203 0.0899273 
0.00912593 -0.0171826 0.000767669 -0.000766556 -0.0171826 0.0865502 -0.000756611 0.00157216 0.000767669 -0.000756611 0.0103651 -0.0186294 -0.000766556 0.00157216 -0.0186294 0.0900711 
0.00908819 -0.0170817 0.000747223 -0.00080783 -0.0170817 0.0859916 -0.000801816 0.00165721 0.000747223 -0.000801816 0.0102711 -0.0184692 -0.00080783 0.00165721 -0.0184692 0.0893924 
0.0091245 -0.017129 0.000711992 -0.00078919 -0.017129 0.08609 -0.000784982 0.00167613 0.000711992 -0.000784982 0.0102192 -0.018406 -0.00078919 0.00167613 -0.018406 0.0892095 
0.00914186 -0.0171832 0.000681354 -0.000737118 -0.0171832 0.0862409 -0.000735308 0.00158422 0.000681354 -0.000735308 0.0101796 -0.0183404 -0.000737118 0.00158422 -0.0183404 0.0890361 
0.00914031 -0.0172557 0.000705442 -0.00070048 -0.0172557 0.0866109 -0.00070356 0.00148747 0.000705442 -0.00070356 0.0102117 -0.0183557 -0.00070048 0.00148747 -0.0183557 0.0891939 
0.00915049 -0.0172595 0.000734999 -0.000738811 -0.0172595 0.0868147 -0.000740527 0.00151554 0.000734999 -0.000740527 0.0102411 -0.018408 -0.000738811 0.00151554 -0.018408 0.0893946 
0.00912712 -0.0172507 0.000778812 -0.000787117 -0.0172507 0.0868225 -0.000785346 0.00162516 0.000778812 -0.000785346 0.0102867 -0.0184242 -0.000787117 0.00162516 -0.0184242 0.0894632 
0.00900538 -0.0170599 0.0007862 -0.000819268 -0.0170599 0.0859961 -0.00081362 0.00169674 0.0007862 -0.00081362 0.0102428 -0.0183243 -0.000819268 0.00169674 -0.0183243 0.088817 
0.00907893 -0.0171208 0.000784624 -0.000843251 -0.0171208 0.0864967 -0.000832277 0.0017646 0.000784624 -0.000832277 0.0103201 -0.0185413 -0.000843251 0.0017646 -0.0185413 0.0897096 
0.00904248 -0.0170209 0.000788926 -0.000834421 -0.0170209 0.0858712 -0.00082343 0.00177536 0.000788926 -0.00082343 0.0102276 -0.0183863 -0.000834421 0.00177536 -0.0183863 0.0891004 
0.00911215 -0.0171155 0.000780436 -0.000851527 -0.0171155 0.0862349 -0.000844712 0.00181733 0.000780436 -0.000844712 0.0102381 -0.0184254 -0.000851527 0.00181733 -0.0184254 0.0893668 
0.00908658 -0.0170716 0.000758313 -0.000832728 -0.0170716 0.0858976 -0.000829072 0.00180686 0.000758313 -0.000829072 0.0101862 -0.0183173 -0.000832728 0.00180686 -0.0183173 0.0888972 
0.00912348 -0.0171457 0.000764041 -0.000809751 -0.0171457 0.0862246 -0.000806157 0.0017639 0.000764041 -0.000806157 0.010205 -0.0183728 -0.000809751 0.0017639 -0.0183728 0.0891504 
0.00910611 -0.0171985 0.000762857 -0.00081508 -0.0171985 0.0864297 -0.000813958 0.00175549 0.000762857 -0.000813958 0.0102329 -0.0183655 -0.00081508 0.00175549 -0.0183655 0.0891906 
0.00905421 -0.0171265 0.000753506 -0.000819002 -0.0171265 0.0862283 -0.000815962 0.00176871 0.000753506 -0.000815962 0.0102481 -0.0183401 -0.000819002 0.00176871 -0.0183401 0.0889769 
0.0090986 -0.0171641 0.000784767 -0.000816225 -0.0171641 0.0865633 -0.000808715 0.00177175 0.000784767 -0.000808715 0.0103084 -0.0184983 -0.000816225 0.00177175 -0.0184983 0.0895589 
0.0090861 -0.0170526 0.000807102 -0.000837821 -0.0170526 0.0859581 -0.000830625 0.00178847 0.000807102 -0.000830625 0.0102093 -0.0183927 -0.000837821 0.00178847 -0.0183927 0.0890664 
0.00917124 -0.0171452 0.000826025 -0.000862526 -0.0171452 0.0862009 -0.000862101 0.00184239 0.000826025 -0.000862101 0.0101827 -0.0183759 -0.000862526 0.00184239 -0.0183759 0.0891633 
0.00917706 -0.0172022 0.000827939 -0.000870214 -0.0172022 0.0862626 -0.000877559 0.00187001 0.000827939 -0.000877559 0.0101622 -0.0183155 -0.000870214 0.00187001 -0.0183155 0.0889893 
0.00917689 -0.0172793 0.000811426 -0.000864333 -0.0172793 0.0866578 -0.000871727 0.00185745 0.000811426 -0.000871727 0.0102113 -0.0183782 -0.000864333 0.00185745 -0.0183782 0.0892786 
0.00912092 -0.0172045 0.000777263 -0.000843875 -0.0172045 0.0864465 -0.000842205 0.00180449 0.000777263 -0.000842205 0.010212 -0.0183543 -0.000843875 0.00180449 -0.0183543 0.0891109 
0.00912358 -0.0172633 0.000776868 -0.000832329 -0.0172633 0.0868288 -0.000821423 0.00178212 0.000776868 -0.000821423 0.0102841 -0.0184409 -0.000832329 0.00178212 -0.0184409 0.089511 
0.00907767 -0.017192 0.000781507 -0.000829054 -0.017192 0.0866487 -0.000817675 0.00176213 0.000781507 -0.000817675 0.0102901 -0.0184559 -0.000829054 0.00176213 -0.0184559 0.0894724 
0.00912441 -0.017175 0.00079145 -0.000840939 -0.017175 0.0866714 -0.000839247 0.00179953 0.00079145 -0.000839247 0.0102648 -0.0184877 -0.000840939 0.00179953 -0.0184877 0.0896136 
0.00906321 -0.017051 0.000761259 -0.000838445 -0.017051 0.0859108 -0.000849236 0.00182036 0.000761259 -0.000849236 0.0101615 -0.018301 -0.000838445 0.00182036 -0.018301 0.0888432 
0.00910784 -0.0171289 0.000762173 -0.00081516 -0.0171289 0.0862433 -0.000827583 0.00180784 0.000762173 -0.000827583 0.0102047 -0.0183454 -0.00081516 0.00180784 -0.0183454 0.089115 
0.00910568 -0.0170853 0.000788406 -0.000809162 -0.0170853 0.0860051 -0.000811251 0.0017675 0.000788406 -0.000811251 0.0101748 -0.0183129 -0.000809162 0.0017675 -0.0183129 0.088888 
0.00915702 -0.0171271 0.000810039 -0.000846154 -0.0171271 0.0860796 -0.000841752 0.00180582 0.000810039 -0.000841752 0.0101493 -0.0183032 -0.000846154 0.00180582 -0.0183032 0.0888711 
0.00922107 -0.0172127 0.000810686 -0.00086223 -0.0172127 0.0863151 -0.000855458 0.00183643 0.000810686 -0.000855458 0.010119 -0.018293 -0.00086223 0.00183643 -0.018293 0.0889122 
0.00921925 -0.0173303 0.000837766 -0.000858734 -0.0173303 0.0866892 -0.000856021 0.00184063 0.000837766 -0.000856021 0.010142 -0.0182558 -0.000858734 0.00184063 -0.0182558 0.0889079 
0.00921302 -0.0173906 0.000874503 -0.000891011 -0.0173906 0.0871733 -0.000890119 0.00188557 0.000874503 -0.000890119 0.0102317 -0.0183603 -0.000891011 0.00188557 -0.0183603 0.0893054 
0.00914507 -0.0172243 0.000878202 -0.000927711 -0.0172243 0.0865932 -0.00092628 0.00195868 0.000878202 -0.00092628 0.0101925 -0.0183231 -0.000927711 0.00195868 -0.0183231 0.0889395 
0.00913372 -0.017222 0.000882634 -0.000938291 -0.017222 0.0866062 -0.000940186 0.00201582 0.000882634 -0.000940186 0.0102235 -0.0183622 -0.000938291 0.00201582 -0.0183622 0.0891313 
0.00914527 -0.0172426 0.000852563 -0.000938677 -0.0172426 0.0867591 -0.000941345 0.00202846 0.000852563 -0.000941345 0.0102629 -0.0184179 -0.000938677 0.00202846 -0.0184179 0.0893788 
0.00912007 -0.0171694 0.000852499 -0.000902918 -0.0171694 0.0864327 -0.000899895 0.00197135 0.000852499 -0.000899895 0.0102394 -0.0183862 -0.000902918 0.00197135 -0.0183862 0.089165 
0.00913626 -0.0172396 0.000859149 -0.000906736 -0.0172396 0.0867221 -0.000901053 0.00194453 0.000859149 -0.000901053 0.0102753 -0.0184429 -0.000906736 0.00194453 -0.0184429 0.089453 
0.0091008 -0.0171633 0.000889633 -0.000908902 -0.0171633 0.0864236 -0.000903456 0.00193869 0.000889633 -0.000903456 0.010255 -0.0184003 -0.000908902 0.00193869 -0.0184003 0.0892146 
0.00905865 -0.0170647 0.000916274 -0.000941574 -0.0170647 0.0859716 -0.000939944 0.00198863 0.000916274 -0.000939944 0.0102251 -0.0183446 -0.000941574 0.00198863 -0.0183446 0.0888893 
0.00908674 -0.0171542 0.000938569 -0.000983463 -0.0171542 0.0864217 -0.00098263 0.00208618 0.000938569 -0.00098263 0.0103 -0.0184886 -0.000983463 0.00208618 -0.0184886 0.0895252 
0.00906182 -0.017113 0.00094543 -0.00101604 -0.017113 0.0862848 -0.00100738 0.00217697 0.00094543 -0.00100738 0.0102932 -0.0184847 -0.00101604 0.00217697 -0.0184847 0.0894984 
0.00910627 -0.0171482 0.000921724 -0.00103827 -0.0171482 0.0864837 -0.00102509 0.00225291 0.000921724 -0.00102509 0.0103032 -0.0185197 -0.00103827 0.00225291 -0.0185197 0.0897079 
0.0091189 -0.0171274 0.000888215 -0.000993372 -0.0171274 0.0862768 -0.000982129 0.00219985 0.000888215 -0.000982129 0.0102436 -0.0184381 -0.000993372 0.00219985 -0.0184381 0.0893869 
0.00916341 -0.0171795 0.00088864 -0.000940991 -0.0171795 0.0864035 -0.000939628 0.00208482 0.00088864 -0.000939628 0.0102232 -0.0184152 -0.000940991 0.00208482 -0.0184152 0.0893494 
0.0091422 -0.0171936 0.00088214 -0.000922251 -0.0171936 0.0863235 -0.000929423 0.00199305 0.00088214 -0.000929423 0.010205 -0.0183293 -0.000922251 0.00199305 -0.0183293 0.0890127 
0.00910923 -0.0172357 0.000858676 -0.000908978 -0.0172357 0.0866203 -0.000920296 0.00193613 0.000858676 -0.000920296 0.0102965 -0.0184194 -0.000908978 0.00193613 -0.0184194 0.0893314 
0.00910839 -0.0171664 0.000856721 -0.00088336 -0.0171664 0.0865214 -0.000884276 0.00186601 0.000856721 -0.000884276 0.0103028 -0.0184886 -0.00088336 0.00186601 -0.0184886 0.089463 
0.00909371 -0.0170887 0.000891074 -0.000884822 -0.0170887 0.0860514 -0.00087698 0.00183095 0.000891074 -0.00087698 0.0102103 -0.0183841 -0.000884822 0.00183095 -0.0183841 0.0890251 
0.00919874 -0.0172492 0.000915529 -0.000946567 -0.0172492 0.0867129 -0.000942332 0.00193743 0.000915529 -0.000942332 0.0102595 -0.0184553 -0.000946567 0.00193743 -0.0184553 0.0895352 
0.00921692 -0.0173105 0.000915026 -0.000963355 -0.0173105 0.0868882 -0.000964847 0.00201299 0.000915026 -0.000964847 0.0102721 -0.0184533 -0.000963355 0.00201299 -0.0184533 0.0895441 
0.00914484 -0.0172459 0.000915636 -0.000950603 -0.0172459 0.0865324 -0.000957635 0.00201575 0.000915636 -0.000957635 0.0102309 -0.0183479 -0.000950603 0.00201575 -0.0183479 0.0890175 
0.00909499 -0.0171877 0.000904177 -0.000951113 -0.0171877 0.0864091 -0.000958789 0.00200857 0.000904177 -0.000958789 0.0102547 -0.0183616 -0.000951113 0.00200857 -0.0183616 0.0889863 
0.00907198 -0.0171556 0.000893183 -0.000940967 -0.0171556 0.0864004 -0.00094564 0.00199173 0.000893183 -0.00094564 0.0102876 -0.0184232 -0.000940967 0.00199173 -0.0184232 0.0891808 
0.00907689 -0.0171487 0.000934636 -0.000939656 -0.0171487 0.0864631 -0.000940871 0.00199115 0.000934636 -0.000940871 0.0103179 -0.0184876 -0.000939656 0.00199115 -0.0184876 0.0894509 
0.00906065 -0.0171034 0.000946902 -0.000990809 -0.0171034 0.0862318 -0.000991881 0.00207363 0.000946902 -0.000991881 0.0102946 -0.0184429 -0.000990809 0.00207363 -0.0184429 0.0892638 
0.00904608 -0.0170715 0.000914822 -0.00100667 -0.0170715 0.0860516 -0.00101211 0.00215101 0.000914822 -0.00101211 0.0102715 -0.0184098 -0.00100667 0.00215101 -0.0184098 0.0891027 
0.00907559 -0.0171327 0.000892461 -0.000970318 -0.0171327 0.086383 -0.000978431 0.002127 0.000892461 -0.000978431 0.0103314 -0.018503 -0.000970318 0.002127 -0.018503 0.0895404 
0.00907479 -0.0171194 0.000851755 -0.000929683 -0.0171194 0.0863357 -0.000933078 0.00202328 0.000851755 -0.000933078 0.0103162 -0.018514 -0.000929683 0.00202328 -0.018514 0.0895601 
0.00907726 -0.0171082 0.000832924 -0.000884895 -0.0171082 0.0862603 -0.000885937 0.00191307 0.000832924 -0.000885937 0.0102947 -0.0184843 -0.000884895 0.00191307 -0.0184843 0.0894856 
0.00910021 -0.0170921 0.000823592 -0.000861944 -0.0170921 0.0861344 -0.000863248 0.00182959 0.000823592 -0.000863248 0.0102546 -0.0184325 -0.000861944 0.00182959 -0.0184325 0.0892875 
0.00915506 -0.0171842 0.00085976 -0.000861516 -0.0171842 0.0864095 -0.000865563 0.00181511 0.00085976 -0.000865563 0.0102494 -0.0184231 -0.000861516 0.00181511 -0.0184231 0.0893402 
0.00918146 -0.0172878 0.000866176 -0.000913234 -0.0172878 0.086787 -0.000925516 0.00191323 0.000866176 -0.000925516 0.0102869 -0.0184304 -0.000913234 0.00191323 -0.0184304 0.089439 
0.00916558 -0.0173058 0.0008408 -0.000917277 -0.0173058 0.0869389 -0.000934546 0.00197466 0.0008408 -0.000934546 0.0103319 -0.0184733 -0.000917277 0.00197466 -0.0184733 0.0895326 
0.0091118 -0.01718 0.00077735 -0.000866609 -0.01718 0.0864632 -0.000880353 0.00188889 0.00077735 -0.000880353 0.010279 -0.0184462 -0.000866609 0.00188889 -0.0184462 0.0892479 
0.00908732 -0.0171693 0.000778787 -0.000808999 -0.0171693 0.0864297 -0.00081544 0.0017698 0.000778787 -0.00081544 0.0102872 -0.0184532 -0.000808999 0.0017698 -0.0184532 0.0893572 
0.00905546 -0.0171042 0.000788428 -0.000814673 -0.0171042 0.086201 -0.000819752 0.00172961 0.000788428 -0.000819752 0.0102902 -0.0184269 -0.000814673 0.00172961 -0.0184269 0.0892325 
0.00909471 -0.0171612 0.000781822 -0.000833223 -0.0171612 0.0865403 -0.000837304 0.00175886 0.000781822 -0.000837304 0.0103616 -0.0185457 -0.000833223 0.00175886 -0.0185457 0.0897344 
0.0090886 -0.0171571 0.000767635 -0.000828761 -0.0171571 0.086501 -0.000825468 0.00176616 0.000767635 -0.000825468 0.0103803 -0.0185703 -0.000828761 0.00176616 -0.0185703 0.0898012 
0.00902614 -0.0170783 0.000742586 -0.00080301 -0.0170783 0.0861259 -0.000792959 0.00170625 0.000742586 -0.000792959 0.0103494 -0.0185267 -0.00080301 0.00170625 -0.0185267 0.0895301 
0.00907976 -0.017126 0.000734392 -0.000788142 -0.017126 0.0864497 -0.000776503 0.00166913 0.000734392 -0.000776503 0.0103732 -0.0186107 -0.000788142 0.00166913 -0.0186107 0.0899381 
0.00907362 -0.0171117 0.000756588 -0.000767294 -0.0171117 0.0862711 -0.000764621 0.00162549 0.000756588 -0.000764621 0.0103194 -0.0185211 -0.000767294 0.00162549 -0.0185211 0.0896352 
0.00908107 -0.0171786 0.000769163 -0.000793783 -0.0171786 0.0865718 -0.000804662 0.00166542 0.000769163 -0.000804662 0.0103751 -0.0185444 -0.000793783 0.00166542 -0.0185444 0.0898145 
0.00903616 -0.0171093 0.000735179 -0.000805507 -0.0171093 0.0862998 -0.000819042 0.00171289 0.000735179 -0.000819042 0.0103564 -0.0184986 -0.000805507 0.00171289 -0.0184986 0.0894849 
0.00902565 -0.017037 0.000715404 -0.000772983 -0.017037 0.0859912 -0.000779276 0.00168324 0.000715404 -0.000779276 0.0103089 -0.0184616 -0.000772983 0.00168324 -0.0184616 0.0892342 
0.00910396 -0.0171468 0.000703129 -0.000748058 -0.0171468 0.0864758 -0.000751523 0.00161138 0.000703129 -0.000751523 0.010347 -0.018566 -0.000748058 0.00161138 -0.018566 0.0897845 
0.00911302 -0.017119 0.000688784 -0.000727315 -0.017119 0.0862701 -0.000731318 0.00154632 0.000688784 -0.000731318 0.0103151 -0.0185264 -0.000727315 0.00154632 -0.0185264 0.0896294 
0.00915784 -0.0172087 0.000678804 -0.000711116 -0.0172087 0.0865803 -0.000717446 0.00150159 0.000678804 -0.000717446 0.0103256 -0.0185651 -0.000711116 0.00150159 -0.0185651 0.0898769 
0.00913395 -0.0171552 0.000664928 -0.000694714 -0.0171552 0.0862623 -0.000699538 0.00145633 0.000664928 -0.000699538 0.0102602 -0.0184656 -0.000694714 0.00145633 -0.0184656 0.0894586 
0.0091455 -0.0172032 0.00064669 -0.000682743 -0.0172032 0.0864349 -0.000691447 0.00142895 0.00064669 -0.000691447 0.0102661 -0.0184469 -0.000682743 0.00142895 -0.0184469 0.0894639 
0.00916883 -0.0172754 0.000637669 -0.000663087 -0.0172754 0.0868168 -0.000672746 0.00139069 0.000637669 -0.000672746 0.0103083 -0.0185052 -0.000663087 0.00139069 -0.0185052 0.0897427 
0.00911656 -0.0171845 0.000632971 -0.000659532 -0.0171845 0.0864151 -0.000666557 0.00137657 0.000632971 -0.000666557 0.0102684 -0.0184115 -0.000659532 0.00137657 -0.0184115 0.0892762 
0.00910925 -0.0171538 0.000619798 -0.000671723 -0.0171538 0.0862889 -0.0006728 0.00140793 0.000619798 -0.0006728 0.0102804 -0.0183901 -0.000671723 0.00140793 -0.0183901 0.0891331 
0.00913178 -0.0172078 0.000593205 -0.000658664 -0.0172078 0.0865094 -0.000653014 0.00139994 0.000593205 -0.000653014 0.0103238 -0.0184526 -0.000658664 0.00139994 -0.0184526 0.08934 
0.00906966 -0.0171557 0.000563659 -0.000607325 -0.0171557 0.0862555 -0.000601735 0.00129252 0.000563659 -0.000601735 0.0103091 -0.0184302 -0.000607325 0.00129252 -0.0184302 0.0891387 
0.00908352 -0.0171286 0.000582763 -0.000579584 -0.0171286 0.0862774 -0.000575856 0.00121043 0.000582763 -0.000575856 0.01031 -0.0184882 -0.000579584 0.00121043 -0.0184882 0.0893432 
0.009156 -0.017225 0.000599286 -0.000608493 -0.017225 0.0866966 -0.000605889 0.00123112 0.000599286 -0.000605889 0.0103152 -0.0185642 -0.000608493 0.00123112 -0.0185642 0.0898113 
0.00914686 -0.0172136 0.000616653 -0.000623848 -0.0172136 0.0865378 -0.000628573 0.00128239 0.000616653 -0.000628573 0.0102427 -0.0184688 -0.000623848 0.00128239 -0.0184688 0.0895314 
0.00916557 -0.0172538 0.000614781 -0.00065635 -0.0172538 0.0867152 -0.000662827 0.0013682 0.000614781 -0.000662827 0.0102361 -0.0184327 -0.00065635 0.0013682 -0.0184327 0.0895259 
0.00911744 -0.0172313 0.00060788 -0.000646477 -0.0172313 0.0866421 -0.00065116 0.00137795 0.00060788 -0.00065116 0.010266 -0.0184042 -0.000646477 0.00137795 -0.0184042 0.0894002 
0.00908729 -0.0171894 0.000647842 -0.000640631 -0.0171894 0.0866007 -0.000636412 0.00135583 0.000647842 -0.000636412 0.010302 -0.0184536 -0.000640631 0.00135583 -0.0184536 0.0894811 
0.00910126 -0.0171771 0.000679222 -0.000691014 -0.0171771 0.0866542 -0.000680223 0.00141344 0.000679222 -0.000680223 0.0103259 -0.0185331 -0.000691014 0.00141344 -0.0185331 0.08976 
0.00906042 -0.0170411 0.000725567 -0.000735712 -0.0170411 0.0859561 -0.000724531 0.00152915 0.000725567 -0.000724531 0.010261 -0.0184117 -0.000735712 0.00152915 -0.0184117 0.0891814 
0.00911158 -0.0171709 0.000715896 -0.000790706 -0.0171709 0.0864451 -0.000782892 0.00165763 0.000715896 -0.000782892 0.0103246 -0.0185012 -0.000790706 0.00165763 -0.0185012 0.0896252 
0.00909082 -0.0171634 0.000705043 -0.000759436 -0.0171634 0.0864085 -0.000756598 0.00164952 0.000705043 -0.000756598 0.0103265 -0.0184949 -0.000759436 0.00164952 -0.0184949 0.089546 
0.00907128 -0.0171505 0.00068771 -0.000737678 -0.0171505 0.0864092 -0.000737478 0.00158886 0.00068771 -0.000737478 0.0103369 -0.0185131 -0.000737678 0.00158886 -0.0185131 0.089586 
0.00910694 -0.0171402 0.000663169 -0.000714712 -0.0171402 0.0864595 -0.000717197 0.00152679 0.000663169 -0.000717197 0.0103471 -0.0185616 -0.000714712 0.00152679 -0.0185616 0.0897757 
0.00908484 -0.0170633 0.000633838 -0.000682762 -0.0170633 0.085952 -0.000686445 0.00145484 0.000633838 -0.000686445 0.010287 -0.0184535 -0.000682762 0.00145484 -0.0184535 0.0892868 
0.00918376 -0.0172395 0.000599694 -0.000650313 -0.0172395 0.0866774 -0.000656878 0.00137673 0.000599694 -0.000656878 0.010343 -0.018575 -0.000650313 0.00137673 -0.018575 0.0899026 
0.00911429 -0.0171834 0.000577061 -0.000602486 -0.0171834 0.0862685 -0.00060657 0.00126495 0.000577061 -0.00060657 0.0102789 -0.0184269 -0.000602486 0.00126495 -0.0184269 0.0892598 
0.00909163 -0.017238 0.000592243 -0.000583391 -0.017238 0.0866238 -0.000582335 0.00118609 0.000592243 -0.000582335 0.0103519 -0.0184809 -0.000583391 0.00118609 -0.0184809 0.0894962 
0.00905411 -0.0171123 0.000574566 -0.000596966 -0.0171123 0.0862275 -0.000590998 0.00117073 0.000574566 -0.000590998 0.0103078 -0.0184519 -0.000596966 0.00117073 -0.0184519 0.0891944 
0.00906548 -0.0170904 0.000567723 -0.000584077 -0.0170904 0.0861425 -0.000582476 0.00116955 0.000567723 -0.000582476 0.0103007 -0.0184736 -0.000584077 0.00116955 -0.0184736 0.0892998 
0.00908078 -0.0171201 0.000562842 -0.000577899 -0.0171201 0.0862188 -0.000586282 0.0011724 0.000562842 -0.000586282 0.0103091 -0.0184859 -0.000577899 0.0011724 -0.0184859 0.0894254 
0.00906833 -0.0171008 0.000554283 -0.000560176 -0.0171008 0.0861001 -0.000573662 0.00114135 0.000554283 -0.000573662 0.0102914 -0.0184521 -0.000560176 0.00114135 -0.0184521 0.0892866 
0.00911653 -0.0172043 0.000534246 -0.000560947 -0.0172043 0.0866348 -0.000572347 0.00113767 0.000534246 -0.000572347 0.0103812 -0.0185739 -0.000560947 0.00113767 -0.0185739 0.0898695 
0.00906908 -0.0170847 0.000544675 -0.000540625 -0.0170847 0.0860442 -0.000544006 0.00110557 0.000544675 -0.000544006 0.0103252 -0.0184701 -0.000540625 0.00110557 -0.0184701 0.0892889 
0.00912404 -0.0172349 0.000615015 -0.0005678 -0.0172349 0.0866953 -0.000565827 0.00113541 0.000615015 -0.000565827 0.0104098 -0.0185956 -0.0005678 0.00113541 -0.0185956 0.0898855 
0.00909468 -0.0172101 0.000649156 -0.000645721 -0.0172101 0.0866303 -0.000649391 0.00127522 0.000649156 -0.000649391 0.0104125 -0.0186 -0.000645721 0.00127522 -0.0186 0.0898315 
0.00904144 -0.0171282 0.00065045 -0.000681303 -0.0171282 0.0863471 -0.00069064 0.00140052 0.00065045 -0.00069064 0.0104096 -0.0185902 -0.000681303 0.00140052 -0.0185902 0.0897161 
0.00905888 -0.0171124 0.000651813 -0.00068545 -0.0171124 0.0863641 -0.000689436 0.00144709 0.000651813 -0.000689436 0.0104211 -0.0186335 -0.00068545 0.00144709 -0.0186335 0.0898945 
0.00902721 -0.0170266 0.000641121 -0.000685248 -0.0170266 0.0858836 -0.000683617 0.00144909 0.000641121 -0.000683617 0.0103767 -0.0185384 -0.000685248 0.00144909 -0.0185384 0.0894727 
0.00902375 -0.017092 0.000642841 -0.000693327 -0.017092 0.0861261 -0.000687468 0.00147882 0.000642841 -0.000687468 0.0104263 -0.0185853 -0.000693327 0.00147882 -0.0185853 0.0896931 
0.00897134 -0.0170486 0.000617752 -0.000684353 -0.0170486 0.086014 -0.000679438 0.00146592 0.000617752 -0.000679438 0.0104225 -0.0185795 -0.000684353 0.00146592 -0.0185795 0.0895935 
0.00899041 -0.0170649 0.000583247 -0.000649852 -0.0170649 0.0862761 -0.000650901 0.0014088 0.000583247 -0.000650901 0.0104588 -0.0186695 -0.000649852 0.0014088 -0.0186695 0.0899989 
0.00896563 -0.0169623 0.000527791 -0.000597471 -0.0169623 0.0858395 -0.000603134 0.00129457 0.000527791 -0.000603134 0.0104053 -0.0186158 -0.000597471 0.00129457 -0.0186158 0.0897468 
0.00898738 -0.0169625 0.000503968 -0.000537041 -0.0169625 0.0857745 -0.000541365 0.00115789 0.000503968 -0.000541365 0.0103887 -0.0185986 -0.000537041 0.00115789 -0.0185986 0.0897437 
0.00902534 -0.0170348 0.000525087 -0.000514419 -0.0170348 0.0859917 -0.000515482 0.00106691 0.000525087 -0.000515482 0.0104053 -0.0185978 -0.000514419 0.00106691 -0.0185978 0.0898233 
0.00908093 -0.0170701 0.000570521 -0.000533453 -0.0170701 0.0861064 -0.000535239 0.00105871 0.000570521 -0.000535239 0.0103861 -0.0186052 -0.000533453 0.00105871 -0.0186052 0.0898259 
0.00907099 -0.0170704 0.000570562 -0.000581497 -0.0170704 0.0859155 -0.000588921 0.00113845 0.000570562 -0.000588921 0.0103418 -0.0185114 -0.000581497 0.00113845 -0.0185114 0.0894544 
0.00904324 -0.0170901 0.000570754 -0.000587308 -0.0170901 0.0859641 -0.00060203 0.00120797 0.000570754 -0.00060203 0.0103554 -0.0184944 -0.000587308 0.00120797 -0.0184944 0.0893704 
0.00899733 -0.0170696 0.000571637 -0.000591087 -0.0170696 0.085963 -0.000599776 0.00122985 0.000571637 -0.000599776 0.0103747 -0.018499 -0.000591087 0.00122985 -0.018499 0.089326 
0.00899995 -0.0170524 0.000547958 -0.000602985 -0.0170524 0.0860581 -0.000602043 0.00125237 0.000547958 -0.000602043 0.0103976 -0.0185631 -0.000602985 0.00125237 -0.0185631 0.0895431 
0.00904896 -0.0170378 0.00055184 -0.000575339 -0.0170378 0.0860618 -0.000572249 0.0012179 0.00055184 -0.000572249 0.0103853 -0.0186205 -0.000575339 0.0012179 -0.0186205 0.0897846 
0.00905478 -0.0170564 0.000543512 -0.000578649 -0.0170564 0.0859525 -0.000581759 0.00121111 0.000543512 -0.000581759 0.0103448 -0.0185537 -0.000578649 0.00121111 -0.0185537 0.089631 
0.0091008 -0.0171592 0.00052248 -0.000567916 -0.0171592 0.0864116 -0.000571119 0.00119727 0.00052248 -0.000571119 0.0103663 -0.0186074 -0.000567916 0.00119727 -0.0186074 0.0899779 
0.0090704 -0.0171416 0.000530868 -0.000543184 -0.0171416 0.0863317 -0.000541655 0.00114815 0.000530868 -0.000541655 0.0103459 -0.0185502 -0.000543184 0.00114815 -0.0185502 0.0897825 
0.0090779 -0.0171783 0.000563264 -0.000566359 -0.0171783 0.0865847 -0.000560499 0.0011694 0.000563264 -0.000560499 0.0103798 -0.0185809 -0.000566359 0.0011694 -0.0185809 0.0899501 
