0.00654362 0 0.000228969 0 0 0.01012 0 0 0.000228969 0 0.00792164 0 0 0 0 0.01012 
0.00919186 -0.0114355 0.000245499 -0.000298223 -0.0114355 0.0311146 -0.000298223 0.00057128 0.000245499 -0.000298223 0.011075 -0.0137234 -0.000298223 0.00057128 -0.0137234 0.0355016 
0.00941517 -0.0178219 0.00019531 -0.000260152 -0.0178219 0.0663106 -0.000260152 0.000796443 0.00019531 -0.000260152 0.0110538 -0.0202816 -0.000260152 0.000796443 -0.0202816 0.0739493 
0.0088029 -0.0175838 0.000197914 -0.000111878 -0.0175838 0.0798424 -0.000115126 0.000142412 0.000197914 -0.000115126 0.010237 -0.0191558 -0.000111878 0.000142412 -0.0191558 0.0846459 
0.00865352 -0.0169039 0.00022435 -0.00014191 -0.0169039 0.083114 -0.000139847 -0.000125452 0.00022435 -0.000139847 0.0102191 -0.0183834 -0.00014191 -0.000125452 -0.0183834 0.0867447 
0.00873967 -0.0167425 0.000272601 -0.000211694 -0.0167425 0.0842844 -0.00020172 3.3263e-05 0.000272601 -0.00020172 0.0104291 -0.0184972 -0.000211694 3.3263e-05 -0.0184972 0.0883163 
0.00900589 -0.0170835 0.000281583 -0.000292793 -0.0170835 0.0863648 -0.000283784 0.000325532 0.000281583 -0.000283784 0.0107234 -0.0189884 -0.000292793 0.000325532 -0.0189884 0.0908414 
0.00896381 -0.0169168 0.000278074 -0.000282471 -0.0169168 0.0854948 -0.00027722 0.000449315 0.000278074 -0.00027722 0.0106007 -0.0188041 -0.000282471 0.000449315 -0.0188041 0.0900504 
0.00897677 -0.0169846 0.000273423 -0.000280824 -0.0169846 0.0856809 -0.000280203 0.000497931 0.000273423 -0.000280203 0.0106018 -0.0187912 -0.000280824 0.000497931 -0.0187912 0.0901113 
0.00902941 -0.0170762 0.000256398 -0.000265567 -0.0170762 0.0861636 -0.000264325 0.00047692 0.000256398 -0.000264325 0.0106332 -0.0188687 -0.000265567 0.00047692 -0.0188687 0.0904893 
0.00915746 -0.0172572 0.000272413 -0.000244436 -0.0172572 0.0870549 -0.000244936 0.000428776 0.000272413 -0.000244936 0.0107033 -0.0190389 -0.000244436 0.000428776 -0.0190389 0.0913428 
0.00913711 -0.0171765 0.000278872 -0.000250145 -0.0171765 0.0865099 -0.000257175 0.000410439 0.000278872 -0.000257175 0.010596 -0.0188773 -0.000250145 0.000410439 -0.0188773 0.0906617 
0.00914066 -0.0171939 0.000291563 -0.000263557 -0.0171939 0.0864313 -0.000273921 0.000440577 0.000291563 -0.000273921 0.010556 -0.0187987 -0.000263557 0.000440577 -0.0187987 0.0903825 
0.00917952 -0.0172313 0.000273533 -0.000277936 -0.0172313 0.086537 -0.000285586 0.00047082 0.000273533 -0.000285586 0.010525 -0.0187688 -0.000277936 0.00047082 -0.0187688 0.0902777 
0.00919609 -0.0173339 0.000269198 -0.000260753 -0.0173339 0.0868944 -0.000267398 0.000462484 0.000269198 -0.000267398 0.0105616 -0.0187676 -0.000260753 0.000462484 -0.0187676 0.0903694 
0.00914395 -0.0173428 0.000279014 -0.000260067 -0.0173428 0.0870018 -0.00026593 0.000455725 0.000279014 -0.00026593 0.0105921 -0.0187763 -0.000260067 0.000455725 -0.0187763 0.0903315 
0.009068 -0.0172085 0.000264457 -0.000264247 -0.0172085 0.0865959 -0.000264937 0.000442971 0.000264457 -0.000264937 0.0105618 -0.0187484 -0.000264247 0.000442971 -0.0187484 0.0900612 
0.0090087 -0.0171111 0.000236284 -0.000243643 -0.0171111 0.086323 -0.000240569 0.000400597 0.000236284 -0.000240569 0.0105885 -0.0187914 -0.000243643 0.000400597 -0.0187914 0.0901874 
0.00895888 -0.0170449 0.000239974 -0.000216466 -0.0170449 0.0861308 -0.000204324 0.000332007 0.000239974 -0.000204324 0.0106233 -0.0188297 -0.000216466 0.000332007 -0.0188297 0.090319 
0.00891272 -0.0169194 0.000221156 -0.000225879 -0.0169194 0.0856331 -0.000204976 0.000309713 0.000221156 -0.000204976 0.0105879 -0.0187947 -0.000225879 0.000309713 -0.0187947 0.090075 
0.00892653 -0.0169178 0.00020722 -0.000212405 -0.0169178 0.0855796 -0.00019214 0.000302118 0.00020722 -0.00019214 0.0105689 -0.0187848 -0.000212405 0.000302118 -0.0187848 0.0900797 
0.00910358 -0.0172008 0.000210041 -0.000199153 -0.0172008 0.0869423 -0.000188859 0.00029169 0.000210041 -0.000188859 0.0107223 -0.0190582 -0.000199153 0.00029169 -0.0190582 0.0914541 
0.00913888 -0.0172361 0.000188839 -0.000181796 -0.0172361 0.0869512 -0.000181979 0.000251156 0.000188839 -0.000181979 0.0106671 -0.0190091 -0.000181796 0.000251156 -0.0190091 0.0912715 
0.00914453 -0.0172169 0.000136821 -0.000151025 -0.0172169 0.0866974 -0.00015396 0.000188306 0.000136821 -0.00015396 0.0105733 -0.0188689 -0.000151025 0.000188306 -0.0188689 0.090733 
0.00916241 -0.0173147 0.000104285 -9.93334e-05 -0.0173147 0.0870271 -0.000106359 0.000100678 0.000104285 -0.000106359 0.010584 -0.0188394 -9.93334e-05 0.000100678 -0.0188394 0.0907317 
0.00914936 -0.0173028 8.63508e-05 -5.15582e-05 -0.0173028 0.08707 -6.28115e-05 -1.97862e-05 8.63508e-05 -6.28115e-05 0.0105834 -0.0188506 -5.15582e-05 -1.97862e-05 -0.0188506 0.0907143 
0.00921446 -0.0173482 0.000110493 -3.88857e-05 -0.0173482 0.0873629 -5.1362e-05 -7.1308e-05 0.000110493 -5.1362e-05 0.0106178 -0.0189246 -3.88857e-05 -7.1308e-05 -0.0189246 0.0910618 
0.00919904 -0.017303 0.000137924 -6.81979e-05 -0.017303 0.0869917 -8.3037e-05 -3.78917e-05 0.000137924 -8.3037e-05 0.0105973 -0.0188331 -6.81979e-05 -3.78917e-05 -0.0188331 0.0906472 
0.00915668 -0.0172831 0.000167112 -0.000112178 -0.0172831 0.0867762 -0.000119687 5.68103e-05 0.000167112 -0.000119687 0.0105918 -0.018796 -0.000112178 5.68103e-05 -0.018796 0.0903705 
0.00911695 -0.0172677 0.000222403 -0.000160318 -0.0172677 0.086751 -0.000153924 0.000170759 0.000222403 -0.000153924 0.0106014 -0.0188109 -0.000160318 0.000170759 -0.0188109 0.0903472 
0.00910822 -0.0172391 0.000224072 -0.000224525 -0.0172391 0.0867974 -0.000210817 0.000300733 0.000224072 -0.000210817 0.0106224 -0.0188917 -0.000224525 0.000300733 -0.0188917 0.0906356 
0.00913099 -0.0172858 0.000201862 -0.000223915 -0.0172858 0.0870919 -0.000211206 0.000353542 0.000201862 -0.000211206 0.0106673 -0.0189862 -0.000223915 0.000353542 -0.0189862 0.0911271 
0.00910667 -0.0172907 0.000208054 -0.000186533 -0.0172907 0.0871571 -0.000176962 0.000295289 0.000208054 -0.000176962 0.0106844 -0.0190022 -0.000186533 0.000295289 -0.0190022 0.0912643 
0.00908534 -0.0172186 0.000234689 -0.00019111 -0.0172186 0.0869153 -0.000183961 0.000270025 0.000234689 -0.000183961 0.0106478 -0.0189506 -0.00019111 0.000270025 -0.0189506 0.0910357 
0.00907987 -0.0171708 0.00023601 -0.000217037 -0.0171708 0.0866993 -0.000210555 0.00029696 0.00023601 -0.000210555 0.0106248 -0.0189199 -0.000217037 0.00029696 -0.0189199 0.0908967 
0.00906307 -0.0171828 0.000223158 -0.000217926 -0.0171828 0.086689 -0.000216327 0.000322606 0.000223158 -0.000216327 0.010623 -0.0189015 -0.000217926 0.000322606 -0.0189015 0.0908544 
0.00906239 -0.0171541 0.000208574 -0.000209192 -0.0171541 0.0865576 -0.000210968 0.000330747 0.000208574 -0.000210968 0.0105693 -0.0188312 -0.000209192 0.000330747 -0.0188312 0.0905586 
0.00909967 -0.0171878 0.000209989 -0.000198342 -0.0171878 0.0867147 -0.000204577 0.000326791 0.000209989 -0.000204577 0.0105593 -0.0188487 -0.000198342 0.000326791 -0.0188487 0.0906834 
0.00910854 -0.0171963 0.000233811 -0.000190326 -0.0171963 0.0866962 -0.000202144 0.000308062 0.000233811 -0.000202144 0.0105527 -0.018821 -0.000190326 0.000308062 -0.018821 0.0906249 
0.009112 -0.0172643 0.000268777 -0.000220651 -0.0172643 0.0869509 -0.000229975 0.000345394 0.000268777 -0.000229975 0.0105738 -0.0188305 -0.000220651 0.000345394 -0.0188305 0.0907157 
0.00911433 -0.0173023 0.000303115 -0.000263716 -0.0173023 0.0872759 -0.000266515 0.000424027 0.000303115 -0.000266515 0.0106317 -0.0189277 -0.000263716 0.000424027 -0.0189277 0.0911107 
0.00896145 -0.01698 0.000311496 -0.000290449 -0.01698 0.0858094 -0.000286831 0.000478303 0.000311496 -0.000286831 0.0104655 -0.0186671 -0.000290449 0.000478303 -0.0186671 0.0897896 
0.00895642 -0.0170078 0.000318138 -0.000311952 -0.0170078 0.0859493 -0.000303485 0.000534625 0.000318138 -0.000303485 0.0105021 -0.018701 -0.000311952 0.000534625 -0.018701 0.0900183 
0.00896897 -0.0169449 0.000333905 -0.000320341 -0.0169449 0.0857383 -0.000306295 0.000561733 0.000333905 -0.000306295 0.0104768 -0.0186899 -0.000320341 0.000561733 -0.0186899 0.0899115 
0.00914056 -0.0172724 0.000361974 -0.000347398 -0.0172724 0.0871747 -0.000336869 0.000620427 0.000361974 -0.000336869 0.0106416 -0.018933 -0.000347398 0.000620427 -0.018933 0.0912025 
0.00912185 -0.0172323 0.000357873 -0.000372214 -0.0172323 0.0868851 -0.000366192 0.000683199 0.000357873 -0.000366192 0.0106152 -0.0188455 -0.000372214 0.000683199 -0.0188455 0.090717 
0.00910699 -0.0172718 0.000368627 -0.000368402 -0.0172718 0.0870304 -0.000364603 0.000707831 0.000368627 -0.000364603 0.0106489 -0.0188927 -0.000368402 0.000707831 -0.0188927 0.0908219 
0.00912053 -0.0173037 0.000360868 -0.000373772 -0.0173037 0.0873162 -0.000370252 0.000709757 0.000360868 -0.000370252 0.0106904 -0.0190004 -0.000373772 0.000709757 -0.0190004 0.0912321 
0.00895239 -0.0170058 0.000341109 -0.000356473 -0.0170058 0.0858618 -0.000351325 0.000677873 0.000341109 -0.000351325 0.010515 -0.0186928 -0.000356473 0.000677873 -0.0186928 0.0897887 
0.00908639 -0.0172682 0.000338065 -0.000349641 -0.0172682 0.0872415 -0.000345622 0.000665793 0.000338065 -0.000345622 0.0106916 -0.0189848 -0.000349641 0.000665793 -0.0189848 0.0912338 
0.00905483 -0.0171592 0.000344981 -0.00033683 -0.0171592 0.086745 -0.000334805 0.00063647 0.000344981 -0.000334805 0.0106485 -0.0189001 -0.00033683 0.00063647 -0.0189001 0.0907814 
0.00906162 -0.0171951 0.000331979 -0.000345432 -0.0171951 0.0868495 -0.000347909 0.000642921 0.000331979 -0.000347909 0.0106837 -0.0189478 -0.000345432 0.000642921 -0.0189478 0.0909585 
0.00908823 -0.0172824 0.000346946 -0.00032806 -0.0172824 0.0873053 -0.000334203 0.000625036 0.000346946 -0.000334203 0.0107487 -0.019073 -0.00032806 0.000625036 -0.019073 0.0914971 
0.00894013 -0.0169411 0.000364847 -0.000333591 -0.0169411 0.0856901 -0.0003424 0.000614726 0.000364847 -0.0003424 0.0105559 -0.0187617 -0.000333591 0.000614726 -0.0187617 0.0899664 
0.00896962 -0.017005 0.000374826 -0.000357281 -0.017005 0.0859589 -0.000365533 0.000645502 0.000374826 -0.000365533 0.0105715 -0.0188426 -0.000357281 0.000645502 -0.0188426 0.0903825 
0.00894712 -0.0169911 0.000363853 -0.000371528 -0.0169911 0.0859101 -0.000374551 0.000680394 0.000363853 -0.000374551 0.0105491 -0.0188176 -0.000371528 0.000680394 -0.0188176 0.0903809 
0.00890768 -0.0169788 0.000361805 -0.000376353 -0.0169788 0.0859101 -0.000371801 0.000714355 0.000361805 -0.000371801 0.010565 -0.018783 -0.000376353 0.000714355 -0.018783 0.0903285 
0.00891497 -0.0169444 0.000395011 -0.000373215 -0.0169444 0.0859173 -0.000360586 0.000708869 0.000395011 -0.000360586 0.0105902 -0.0188201 -0.000373215 0.000708869 -0.0188201 0.0904225 
0.00894377 -0.0168829 0.000420105 -0.000408175 -0.0168829 0.0856086 -0.00039287 0.000747248 0.000420105 -0.00039287 0.0105428 -0.0187989 -0.000408175 0.000747248 -0.0187989 0.0902522 
0.00897126 -0.0169023 0.000428001 -0.000425055 -0.0169023 0.0854529 -0.000415044 0.000787631 0.000428001 -0.000415044 0.0104918 -0.0187246 -0.000425055 0.000787631 -0.0187246 0.090002 
0.0091574 -0.0172425 0.000429576 -0.000449963 -0.0172425 0.0869039 -0.000450892 0.000871839 0.000429576 -0.000450892 0.0105993 -0.018916 -0.000449963 0.000871839 -0.018916 0.091078 
0.0091578 -0.0172942 0.00041384 -0.000433022 -0.0172942 0.0869981 -0.00044336 0.00087098 0.00041384 -0.00044336 0.0105626 -0.0188326 -0.000433022 0.00087098 -0.0188326 0.0907563 
0.00914706 -0.0172616 0.000380598 -0.000403721 -0.0172616 0.0868624 -0.000413653 0.000806224 0.000380598 -0.000413653 0.0105131 -0.0187593 -0.000403721 0.000806224 -0.0187593 0.0903957 
0.00915142 -0.0172766 0.000370746 -0.000370518 -0.0172766 0.0869017 -0.000370422 0.000719862 0.000370746 -0.000370422 0.0104948 -0.0187283 -0.000370518 0.000719862 -0.0187283 0.0902879 
0.00915363 -0.017273 0.000374064 -0.000363731 -0.017273 0.0868528 -0.000357173 0.000669841 0.000374064 -0.000357173 0.0104505 -0.0186729 -0.000363731 0.000669841 -0.0186729 0.0900704 
0.00913839 -0.017246 0.000395951 -0.000372303 -0.017246 0.0866977 -0.000371927 0.000681783 0.000395951 -0.000371927 0.0104108 -0.0186045 -0.000372303 0.000681783 -0.0186045 0.089807 
0.00909365 -0.0172051 0.000397074 -0.000402408 -0.0172051 0.0864714 -0.000409686 0.000755504 0.000397074 -0.000409686 0.0103785 -0.0185166 -0.000402408 0.000755504 -0.0185166 0.0894428 
0.00904098 -0.017189 0.000408084 -0.000411618 -0.017189 0.0864957 -0.00041916 0.000815213 0.000408084 -0.00041916 0.0104204 -0.0185373 -0.000411618 0.000815213 -0.0185373 0.0894951 
0.00901618 -0.0171245 0.000402969 -0.000421072 -0.0171245 0.0864828 -0.000423724 0.000837109 0.000402969 -0.000423724 0.0104632 -0.0186645 -0.000421072 0.000837109 -0.0186645 0.0898986 
0.00898821 -0.0170494 0.000391363 -0.000422734 -0.0170494 0.0862017 -0.000416737 0.000847425 0.000391363 -0.000416737 0.0104552 -0.0186624 -0.000422734 0.000847425 -0.0186624 0.0899173 
0.00898004 -0.0170466 0.000353575 -0.000409023 -0.0170466 0.0862094 -0.000395405 0.000816133 0.000353575 -0.000395405 0.0104769 -0.0186972 -0.000409023 0.000816133 -0.0186972 0.0901069 
0.00898037 -0.0170169 0.000337706 -0.000364131 -0.0170169 0.0861006 -0.000348095 0.000729399 0.000337706 -0.000348095 0.0104652 -0.0186882 -0.000364131 0.000729399 -0.0186882 0.0900717 
0.00898239 -0.0170088 0.000337756 -0.00033506 -0.0170088 0.0860268 -0.000323494 0.000637403 0.000337756 -0.000323494 0.0104569 -0.018672 -0.00033506 0.000637403 -0.018672 0.090019 
0.00901978 -0.0170434 0.000331159 -0.000340612 -0.0170434 0.0861652 -0.000334051 0.000624631 0.000331159 -0.000334051 0.0104413 -0.0186957 -0.000340612 0.000624631 -0.0186957 0.0901441 
0.00902137 -0.0170356 0.000330224 -0.000325113 -0.0170356 0.0860239 -0.000321104 0.000599961 0.000330224 -0.000321104 0.0103972 -0.018612 -0.000325113 0.000599961 -0.018612 0.0898629 
0.00902591 -0.0170879 0.00034552 -0.000326652 -0.0170879 0.0862043 -0.000322384 0.000593045 0.00034552 -0.000322384 0.0104109 -0.0185974 -0.000326652 0.000593045 -0.0185974 0.0898555 
0.0090585 -0.0171224 0.000344088 -0.0003416 -0.0171224 0.0864491 -0.000340925 0.00061315 0.000344088 -0.000340925 0.010432 -0.0186564 -0.0003416 0.00061315 -0.0186564 0.090072 
0.00908194 -0.0172032 0.000349254 -0.000349645 -0.0172032 0.0868033 -0.000355173 0.000660003 0.000349254 -0.000355173 0.0104756 -0.0187095 -0.000349645 0.000660003 -0.0187095 0.0903711 
0.0090709 -0.0172062 0.000366337 -0.000347467 -0.0172062 0.0868755 -0.000358921 0.000670232 0.000366337 -0.000358921 0.0104961 -0.0187267 -0.000347467 0.000670232 -0.0187267 0.0904231 
0.00900049 -0.0171121 0.000387628 -0.000360463 -0.0171121 0.0864638 -0.000374016 0.000687623 0.000387628 -0.000374016 0.0104761 -0.0186477 -0.000360463 0.000687623 -0.0186477 0.0900089 
0.00899697 -0.0170464 0.000408113 -0.000387171 -0.0170464 0.086262 -0.00039757 0.000736648 0.000408113 -0.00039757 0.0104432 -0.0186575 -0.000387171 0.000736648 -0.0186575 0.0899423 
0.00901488 -0.0170727 0.000438654 -0.000426515 -0.0170727 0.0863332 -0.000433071 0.00083021 0.000438654 -0.000433071 0.0104403 -0.0186698 -0.000426515 0.00083021 -0.0186698 0.0900873 
0.00899791 -0.0169709 0.00044428 -0.00046199 -0.0169709 0.0858156 -0.000464149 0.000917104 0.00044428 -0.000464149 0.0103611 -0.0185602 -0.00046199 0.000917104 -0.0185602 0.0895983 
0.00915417 -0.0172386 0.000428625 -0.000473875 -0.0172386 0.0870511 -0.00047317 0.000968221 0.000428625 -0.00047317 0.0104796 -0.0188221 -0.000473875 0.000968221 -0.0188221 0.0909187 
0.00904085 -0.0170133 0.000421566 -0.000452813 -0.0170133 0.0857795 -0.000446114 0.000951686 0.000421566 -0.000446114 0.0102838 -0.0184807 -0.000452813 0.000951686 -0.0184807 0.0894175 
0.00921285 -0.017326 0.000444301 -0.00046402 -0.017326 0.087233 -0.000451417 0.000963803 0.000444301 -0.000451417 0.0104335 -0.0187116 -0.00046402 0.000963803 -0.0187116 0.0906489 
0.00922463 -0.017393 0.000426151 -0.000468874 -0.017393 0.0874599 -0.000456431 0.000953566 0.000426151 -0.000456431 0.0104455 -0.018709 -0.000468874 0.000953566 -0.018709 0.0906252 
0.00907991 -0.0171625 0.000416611 -0.000433575 -0.0171625 0.0862985 -0.000424067 0.000888973 0.000416611 -0.000424067 0.0102784 -0.0184172 -0.000433575 0.000888973 -0.0184172 0.0892019 
0.00905167 -0.0171337 0.000403979 -0.000417234 -0.0171337 0.0862518 -0.000416853 0.000832524 0.000403979 -0.000416853 0.0102727 -0.0183932 -0.000417234 0.000832524 -0.0183932 0.0890917 
0.00903815 -0.0171168 0.000427849 -0.000410078 -0.0171168 0.0862996 -0.000412654 0.000813195 0.000427849 -0.000412654 0.0103178 -0.018442 -0.000410078 0.000813195 -0.018442 0.0892682 
0.00913124 -0.0173145 0.000440186 -0.000447223 -0.0173145 0.0873556 -0.000444995 0.000861958 0.000440186 -0.000444995 0.0104712 -0.0187014 -0.000447223 0.000861958 -0.0187014 0.0904605 
0.0091204 -0.0172826 0.000428812 -0.000463821 -0.0172826 0.087292 -0.000455902 0.000914803 0.000428812 -0.000455902 0.0104757 -0.018739 -0.000463821 0.000914803 -0.018739 0.0905644 
0.00909965 -0.0172496 0.000405483 -0.000449482 -0.0172496 0.0871651 -0.000442128 0.000911397 0.000405483 -0.000442128 0.010463 -0.0187411 -0.000449482 0.000911397 -0.0187411 0.0905877 
0.00905975 -0.0171848 0.000401726 -0.000415149 -0.0171848 0.0868916 -0.000410847 0.000851829 0.000401726 -0.000410847 0.0104394 -0.0186919 -0.000415149 0.000851829 -0.0186919 0.090399 
0.00901525 -0.017084 0.000374794 -0.00041088 -0.017084 0.0864737 -0.00040657 0.000818328 0.000374794 -0.00040657 0.0104116 -0.0186387 -0.00041088 0.000818328 -0.0186387 0.0901216 
0.00900758 -0.0169882 0.000367617 -0.00039133 -0.0169882 0.0859933 -0.000382431 0.000792642 0.000367617 -0.000382431 0.0103478 -0.0185576 -0.00039133 0.000792642 -0.0185576 0.0897166 
0.00904039 -0.0170157 0.000354638 -0.000380444 -0.0170157 0.0859498 -0.000372279 0.00075983 0.000354638 -0.000372279 0.0103065 -0.0185222 -0.000380444 0.00075983 -0.0185222 0.0896127 
0.00904938 -0.0171226 0.000388224 -0.000365596 -0.0171226 0.0862836 -0.000361648 0.000732042 0.000388224 -0.000361648 0.0103148 -0.018497 -0.000365596 0.000732042 -0.018497 0.0896477 
0.00904382 -0.017091 0.000394769 -0.000409903 -0.017091 0.0862375 -0.000411897 0.000803023 0.000394769 -0.000411897 0.0102864 -0.0184643 -0.000409903 0.000803023 -0.0184643 0.0894633 
0.0090752 -0.017092 0.000400275 -0.000414137 -0.017092 0.0862533 -0.000420165 0.000849765 0.000400275 -0.000420165 0.0102576 -0.0184591 -0.000414137 0.000849765 -0.0184591 0.0894565 
0.0090974 -0.0171329 0.000400626 -0.000412244 -0.0171329 0.0863365 -0.000421378 0.000855506 0.000400626 -0.000421378 0.0102361 -0.0184317 -0.000412244 0.000855506 -0.0184317 0.0894394 
0.00914827 -0.017235 0.000401155 -0.000410137 -0.017235 0.086792 -0.00042088 0.000850131 0.000401155 -0.00042088 0.0102584 -0.0184778 -0.000410137 0.000850131 -0.0184778 0.0897457 
0.00920112 -0.0172903 0.000352076 -0.00040853 -0.0172903 0.087067 -0.000418876 0.000840542 0.000352076 -0.000418876 0.0102471 -0.0185045 -0.00040853 0.000840542 -0.0185045 0.0899262 
0.00916968 -0.0172532 0.00031363 -0.000355065 -0.0172532 0.0867635 -0.000363429 0.00076231 0.00031363 -0.000363429 0.0102016 -0.0183621 -0.000355065 0.00076231 -0.0183621 0.0893963 
0.00912905 -0.0172977 0.000344732 -0.000313168 -0.0172977 0.0869632 -0.000315168 0.000652931 0.000344732 -0.000315168 0.0102733 -0.0183758 -0.000313168 0.000652931 -0.0183758 0.0894252 
0.00908475 -0.017224 0.000376557 -0.000343459 -0.017224 0.0868814 -0.000343514 0.000642163 0.000376557 -0.000343514 0.0103419 -0.0184694 -0.000343459 0.000642163 -0.0184694 0.0895774 
0.00904403 -0.0171099 0.000392642 -0.000385806 -0.0171099 0.086459 -0.00038651 0.000723637 0.000392642 -0.00038651 0.0103458 -0.0185027 -0.000385806 0.000723637 -0.0185027 0.0895308 
0.00903443 -0.0170613 0.000395242 -0.00041785 -0.0170613 0.0861833 -0.000415788 0.00082302 0.000395242 -0.000415788 0.0103214 -0.0184955 -0.00041785 0.00082302 -0.0184955 0.0894615 
0.00903489 -0.0170922 0.00039395 -0.000429342 -0.0170922 0.0862626 -0.000422849 0.000882116 0.00039395 -0.000422849 0.0103437 -0.0185157 -0.000429342 0.000882116 -0.0185157 0.0896004 
0.00907253 -0.0171373 0.000382857 -0.000424635 -0.0171373 0.0865301 -0.000419155 0.000890544 0.000382857 -0.000419155 0.0103721 -0.0185918 -0.000424635 0.000890544 -0.0185918 0.0899246 
0.00907339 -0.01717 0.000357143 -0.000402508 -0.01717 0.0866493 -0.000404096 0.000856125 0.000357143 -0.000404096 0.0103934 -0.0186111 -0.000402508 0.000856125 -0.0186111 0.0900528 
0.00911081 -0.0171702 0.000342355 -0.000367501 -0.0171702 0.0867054 -0.000375596 0.000791024 0.000342355 -0.000375596 0.0103891 -0.0186423 -0.000367501 0.000791024 -0.0186423 0.090161 
0.00912998 -0.0171456 0.000321176 -0.000343279 -0.0171456 0.0864444 -0.000356959 0.000725658 0.000321176 -0.000356959 0.0103056 -0.0185588 -0.000343279 0.000725658 -0.0185588 0.0898386 
0.00910746 -0.0171314 0.000319585 -0.000310248 -0.0171314 0.0861824 -0.000324409 0.000643917 0.000319585 -0.000324409 0.0102437 -0.0184241 -0.000310248 0.000643917 -0.0184241 0.0893605 
0.00910265 -0.0171764 0.000311039 -0.000321151 -0.0171764 0.0863555 -0.000327975 0.000630661 0.000311039 -0.000327975 0.0102561 -0.0183989 -0.000321151 0.000630661 -0.0183989 0.0892892 
0.00908276 -0.0172185 0.000329406 -0.000321488 -0.0172185 0.0866388 -0.000318314 0.000630008 0.000329406 -0.000318314 0.0103043 -0.0184469 -0.000321488 0.000630008 -0.0184469 0.0894681 
0.00905042 -0.0171629 0.000317157 -0.000350554 -0.0171629 0.0865573 -0.000341529 0.000674506 0.000317157 -0.000341529 0.0103204 -0.0184637 -0.000350554 0.000674506 -0.0184637 0.0894582 
0.00904639 -0.0171234 0.000313354 -0.000350718 -0.0171234 0.0864759 -0.000341611 0.000720099 0.000313354 -0.000341611 0.0103295 -0.0185016 -0.000350718 0.000720099 -0.0185016 0.0895641 
0.00907034 -0.0171066 0.000313012 -0.000344401 -0.0171066 0.0864311 -0.000344743 0.000737065 0.000313012 -0.000344743 0.0103323 -0.0185506 -0.000344401 0.000737065 -0.0185506 0.0897647 
0.00906842 -0.0171429 0.000298174 -0.000336372 -0.0171429 0.0865186 -0.000349977 0.000741584 0.000298174 -0.000349977 0.0103624 -0.018577 -0.000336372 0.000741584 -0.018577 0.0899563 
0.00908041 -0.0171629 0.00028633 -0.00031294 -0.0171629 0.0866811 -0.000327673 0.00070312 0.00028633 -0.000327673 0.010386 -0.0186391 -0.00031294 0.00070312 -0.0186391 0.0902156 
0.00907254 -0.0171291 0.000303598 -0.000302398 -0.0171291 0.0865267 -0.000307572 0.000660505 0.000303598 -0.000307572 0.0103923 -0.0186124 -0.000302398 0.000660505 -0.0186124 0.0901095 
0.00910715 -0.017202 0.000318252 -0.000326366 -0.017202 0.0868063 -0.000320125 0.000665627 0.000318252 -0.000320125 0.0104253 -0.0186579 -0.000326366 0.000665627 -0.0186579 0.0903024 
0.00910557 -0.0171811 0.000323351 -0.000331922 -0.0171811 0.0866853 -0.000323731 0.000662563 0.000323351 -0.000323731 0.0104044 -0.0186349 -0.000331922 0.000662563 -0.0186349 0.0901424 
0.00909811 -0.0171094 0.000281676 -0.000335652 -0.0171094 0.0862573 -0.000336335 0.000677137 0.000281676 -0.000336335 0.0103275 -0.0185235 -0.000335652 0.000677137 -0.0185235 0.0896191 
0.00912184 -0.017166 0.000245418 -0.000290559 -0.017166 0.0863425 -0.000295155 0.000624364 0.000245418 -0.000295155 0.0102987 -0.0184763 -0.000290559 0.000624364 -0.0184763 0.0894754 
0.00917457 -0.0172699 0.00025125 -0.000235771 -0.0172699 0.0868314 -0.000238417 0.000490785 0.00025125 -0.000238417 0.0103533 -0.0185579 -0.000235771 0.000490785 -0.0185579 0.0898699 
0.00920301 -0.0173649 0.000267441 -0.000236647 -0.0173649 0.0872603 -0.000238462 0.000423226 0.000267441 -0.000238462 0.0104025 -0.0186243 -0.000236647 0.000423226 -0.0186243 0.0901864 
0.00916967 -0.0173618 0.000293637 -0.000260797 -0.0173618 0.0873238 -0.000265072 0.000449769 0.000293637 -0.000265072 0.0104433 -0.0186562 -0.000260797 0.000449769 -0.0186562 0.0902807 
0.00913607 -0.017309 0.000297101 -0.000301426 -0.017309 0.0872079 -0.000302149 0.000539065 0.000297101 -0.000302149 0.0104491 -0.0186745 -0.000301426 0.000539065 -0.0186745 0.0902743 
0.00901097 -0.0170607 0.000322738 -0.000309046 -0.0170607 0.0860682 -0.000304375 0.000589581 0.000322738 -0.000304375 0.0103405 -0.0184826 -0.000309046 0.000589581 -0.0184826 0.0892951 
0.00905149 -0.0171086 0.000340446 -0.000343754 -0.0171086 0.0863626 -0.000343117 0.000661743 0.000340446 -0.000343117 0.0103716 -0.0185911 -0.000343754 0.000661743 -0.0185911 0.0897899 
0.0090996 -0.0171972 0.000344585 -0.000360193 -0.0171972 0.0867866 -0.000367611 0.000725155 0.000344585 -0.000367611 0.0104248 -0.0186776 -0.000360193 0.000725155 -0.0186776 0.0902965 
0.00911756 -0.0172259 0.000366854 -0.000370336 -0.0172259 0.0869166 -0.00037663 0.000768645 0.000366854 -0.00037663 0.0104657 -0.0186925 -0.000370336 0.000768645 -0.0186925 0.0903994 
0.00913242 -0.0172736 0.000347396 -0.000380593 -0.0172736 0.0871196 -0.000385197 0.0007757 0.000347396 -0.000385197 0.010503 -0.018748 -0.000380593 0.0007757 -0.018748 0.0905773 
0.00912862 -0.0172779 0.000333368 -0.000356591 -0.0172779 0.0871509 -0.000357529 0.000738385 0.000333368 -0.000357529 0.0105217 -0.018762 -0.000356591 0.000738385 -0.018762 0.0905979 
0.00908019 -0.0171905 0.000326178 -0.000329376 -0.0171905 0.0867381 -0.000329533 0.000660186 0.000326178 -0.000329533 0.0104981 -0.0186946 -0.000329376 0.000660186 -0.0186946 0.0902063 
0.00905004 -0.0171683 0.000321088 -0.000331102 -0.0171683 0.0866182 -0.00032488 0.000633835 0.000321088 -0.00032488 0.0105051 -0.0186832 -0.000331102 0.000633835 -0.0186832 0.0900864 
0.00899367 -0.0170995 0.00029314 -0.000337513 -0.0170995 0.0863253 -0.000326151 0.000643458 0.00029314 -0.000326151 0.0105153 -0.0186454 -0.000337513 0.000643458 -0.0186454 0.0898227 
0.00896347 -0.0170475 0.000295149 -0.000297827 -0.0170475 0.0862013 -0.000285661 0.000578528 0.000295149 -0.000285661 0.0105424 -0.0187147 -0.000297827 0.000578528 -0.0187147 0.0899567 
0.00897062 -0.0170254 0.000315769 -0.000287428 -0.0170254 0.0862017 -0.000279813 0.000518208 0.000315769 -0.000279813 0.0105622 -0.0188114 -0.000287428 0.000518208 -0.0188114 0.0903242 
0.00900007 -0.0170355 0.000315064 -0.000299543 -0.0170355 0.0862363 -0.000301615 0.000514328 0.000315064 -0.000301615 0.010544 -0.0188442 -0.000299543 0.000514328 -0.0188442 0.0905554 
0.00902486 -0.0170757 0.000317791 -0.000297891 -0.0170757 0.0863501 -0.000309747 0.00053019 0.000317791 -0.000309747 0.0105322 -0.0188337 -0.000297891 0.00053019 -0.0188337 0.090666 
0.00904228 -0.0170683 0.000327049 -0.000313253 -0.0170683 0.0862332 -0.000324404 0.00057168 0.000327049 -0.000324404 0.0104798 -0.0187443 -0.000313253 0.00057168 -0.0187443 0.0903603 
0.00906185 -0.0171066 0.000327675 -0.000343299 -0.0171066 0.0862764 -0.000344096 0.000645488 0.000327675 -0.000344096 0.0104521 -0.0186781 -0.000343299 0.000645488 -0.0186781 0.0901371 
0.00901438 -0.0170752 0.00034863 -0.000344396 -0.0170752 0.0860517 -0.000339141 0.000671752 0.00034863 -0.000339141 0.0104197 -0.0185792 -0.000344396 0.000671752 -0.0185792 0.0896853 
0.00913539 -0.0172836 0.000326284 -0.000365443 -0.0172836 0.0872342 -0.000359825 0.000699553 0.000326284 -0.000359825 0.0105631 -0.0188663 -0.000365443 0.000699553 -0.0188663 0.0909637 
0.00899585 -0.0170373 0.000288566 -0.00032759 -0.0170373 0.085992 -0.000323824 0.000654709 0.000288566 -0.000323824 0.0104035 -0.018605 -0.00032759 0.000654709 -0.018605 0.0897264 
0.0089782 -0.0169794 0.000306063 -0.000280436 -0.0169794 0.0857497 -0.000276403 0.000549969 0.000306063 -0.000276403 0.0103711 -0.0185452 -0.000280436 0.000549969 -0.0185452 0.0894951 
0.00913605 -0.0172613 0.000330588 -0.000307755 -0.0172613 0.0871467 -0.000304999 0.00054815 0.000330588 -0.000304999 0.0105318 -0.0188393 -0.000307755 0.00054815 -0.0188393 0.0909398 
