0.00677885 0 0.0010054 0 0 0.00991348 0 0 0.0010054 0 0.00712878 0 0 0 0 0.00991348 
0.00970875 -0.0120576 0.00129546 -0.00157849 -0.0120576 0.0322659 -0.00157849 0.0030267 0.00129546 -0.00157849 0.0100936 -0.0125231 -0.00157849 0.0030267 -0.0125231 0.0331592 
0.00975005 -0.0183026 0.00110484 -0.00166621 -0.0183026 0.0676412 -0.00166621 0.00519008 0.00110484 -0.00166621 0.0100535 -0.0186254 -0.00166621 0.00519008 -0.0186254 0.0686015 
0.00909571 -0.0179611 0.00100315 -0.00101362 -0.0179611 0.080979 -0.00102614 0.00295534 0.00100315 -0.00102614 0.0094522 -0.0180287 -0.00101362 0.00295534 -0.0180287 0.0806313 
0.00901725 -0.017367 0.00110971 -0.000947833 -0.017367 0.0848027 -0.000978225 0.0017661 0.00110971 -0.000978225 0.00953692 -0.0175713 -0.000947833 0.0017661 -0.0175713 0.0842084 
0.00918213 -0.0172124 0.0011911 -0.00116646 -0.0172124 0.0859743 -0.00120513 0.00208801 0.0011911 -0.00120513 0.00971497 -0.0177111 -0.00116646 0.00208801 -0.0177111 0.0861339 
0.00935245 -0.0173029 0.00120483 -0.00130717 -0.0173029 0.0865279 -0.0013406 0.00266289 0.00120483 -0.0013406 0.00980979 -0.0178903 -0.00130717 0.00266289 -0.0178903 0.0873836 
0.00941647 -0.0174171 0.00116602 -0.00131893 -0.0174171 0.0867987 -0.00133938 0.00291815 0.00116602 -0.00133938 0.00983653 -0.0179233 -0.00131893 0.00291815 -0.0179233 0.0878345 
0.00949074 -0.0175489 0.00110397 -0.00126585 -0.0175489 0.0873297 -0.00127134 0.00288713 0.00110397 -0.00127134 0.00988322 -0.0179903 -0.00126585 0.00288713 -0.0179903 0.0882861 
0.00941502 -0.0174888 0.00102468 -0.0011604 -0.0174888 0.0869543 -0.00115329 0.00264022 0.00102468 -0.00115329 0.00986761 -0.0179003 -0.0011604 0.00264022 -0.0179003 0.0878417 
0.00942631 -0.0175328 0.000998812 -0.00107724 -0.0175328 0.087286 -0.00105868 0.00239152 0.000998812 -0.00105868 0.00992836 -0.0180141 -0.00107724 0.00239152 -0.0180141 0.0882473 
0.00942119 -0.017505 0.00101471 -0.00104477 -0.017505 0.0872245 -0.00102249 0.00223212 0.00101471 -0.00102249 0.00993764 -0.0180385 -0.00104477 0.00223212 -0.0180385 0.0883043 
0.00943708 -0.0175339 0.00101178 -0.00106921 -0.0175339 0.0873749 -0.00104994 0.00222456 0.00101178 -0.00104994 0.00995459 -0.0181062 -0.00106921 0.00222456 -0.0181062 0.0885887 
0.00946101 -0.017555 0.00101462 -0.00107247 -0.017555 0.0874804 -0.00105921 0.00225976 0.00101462 -0.00105921 0.00994745 -0.018125 -0.00107247 0.00225976 -0.018125 0.0887325 
0.00941294 -0.017535 0.00103794 -0.0010787 -0.017535 0.0873129 -0.00107555 0.00230291 0.00103794 -0.00107555 0.00993618 -0.0180492 -0.0010787 0.00230291 -0.0180492 0.0884631 
0.00936165 -0.0174268 0.00104482 -0.00110248 -0.0174268 0.0868961 -0.00110794 0.00236767 0.00104482 -0.00110794 0.00988831 -0.0179775 -0.00110248 0.00236767 -0.0179775 0.0880392 
0.00940745 -0.0175133 0.00107691 -0.0011284 -0.0175133 0.0873486 -0.00114102 0.00246238 0.00107691 -0.00114102 0.00994095 -0.0180712 -0.0011284 0.00246238 -0.0180712 0.0885135 
0.00938524 -0.017456 0.00107895 -0.00115385 -0.017456 0.0870736 -0.0011681 0.00253065 0.00107895 -0.0011681 0.00991292 -0.0180095 -0.00115385 0.00253065 -0.0180095 0.0882244 
0.00941501 -0.0175404 0.00105506 -0.0011591 -0.0175404 0.0874517 -0.0011745 0.0025684 0.00105506 -0.0011745 0.00996447 -0.0180744 -0.0011591 0.0025684 -0.0180744 0.0885508 
0.00931338 -0.0174012 0.00103037 -0.00111833 -0.0174012 0.0868222 -0.00112981 0.00250576 0.00103037 -0.00112981 0.00994231 -0.0179707 -0.00111833 0.00250576 -0.0179707 0.0879665 
0.00937517 -0.0174495 0.00105634 -0.00110144 -0.0174495 0.0872142 -0.00110262 0.00243942 0.00105634 -0.00110262 0.00999696 -0.0181405 -0.00110144 0.00243942 -0.0181405 0.0886026 
0.00937814 -0.0174362 0.00105453 -0.00112123 -0.0174362 0.0870941 -0.00111879 0.00242524 0.00105453 -0.00111879 0.0099886 -0.0181498 -0.00112123 0.00242524 -0.0181498 0.0886771 
0.00939076 -0.0174976 0.00103647 -0.00112327 -0.0174976 0.0873264 -0.0011245 0.00243858 0.00103647 -0.0011245 0.0100182 -0.0181863 -0.00112327 0.00243858 -0.0181863 0.0889184 
0.00934085 -0.0173969 0.00104855 -0.00110943 -0.0173969 0.0868581 -0.00111268 0.00243903 0.00104855 -0.00111268 0.00997499 -0.0180837 -0.00110943 0.00243903 -0.0180837 0.0884122 
0.00935501 -0.0174321 0.00106991 -0.00112299 -0.0174321 0.086987 -0.00113122 0.0024566 0.00106991 -0.00113122 0.00998964 -0.0180958 -0.00112299 0.0024566 -0.0180958 0.0884527 
0.00938127 -0.017502 0.00110183 -0.0011491 -0.017502 0.08734 -0.0011615 0.00251309 0.00110183 -0.0011615 0.010046 -0.0181811 -0.0011491 0.00251309 -0.0181811 0.0888112 
0.00926792 -0.0173755 0.00111336 -0.00117005 -0.0173755 0.0867539 -0.00117766 0.00254713 0.00111336 -0.00117766 0.0100285 -0.0180845 -0.00117005 0.00254713 -0.0180845 0.0882746 
0.00936099 -0.0174459 0.00111077 -0.00119897 -0.0174459 0.0873097 -0.00119861 0.00260535 0.00111077 -0.00119861 0.0100731 -0.0182758 -0.00119897 0.00260535 -0.0182758 0.0890396 
0.00934188 -0.0173654 0.00109267 -0.00118346 -0.0173654 0.0867665 -0.00117849 0.00259059 0.00109267 -0.00117849 0.00995872 -0.0181314 -0.00118346 0.00259059 -0.0181314 0.0885011 
0.00936326 -0.0174167 0.00107433 -0.00116503 -0.0174167 0.0868749 -0.00116316 0.00255316 0.00107433 -0.00116316 0.00993136 -0.0180676 -0.00116503 0.00255316 -0.0180676 0.0884025 
0.00937564 -0.0174584 0.00106609 -0.00114883 -0.0174584 0.0870692 -0.00115159 0.00252395 0.00106609 -0.00115159 0.0099563 -0.0180684 -0.00114883 0.00252395 -0.0180684 0.0884539 
0.00936462 -0.0174954 0.00104145 -0.00114053 -0.0174954 0.0872677 -0.00114044 0.0024962 0.00104145 -0.00114044 0.0100152 -0.0181057 -0.00114053 0.0024962 -0.0181057 0.0885888 
0.00932643 -0.0174227 0.00104938 -0.00110445 -0.0174227 0.0870172 -0.00109593 0.00241514 0.00104938 -0.00109593 0.0100147 -0.0180973 -0.00110445 0.00241514 -0.0180973 0.0883969 
0.00927062 -0.0173524 0.00107812 -0.00110913 -0.0173524 0.0867352 -0.00109834 0.00237464 0.00107812 -0.00109834 0.010037 -0.0181 -0.00110913 0.00237464 -0.0181 0.0882996 
0.00931613 -0.0173599 0.00110609 -0.00114735 -0.0173599 0.0868842 -0.0011382 0.00242719 0.00110609 -0.0011382 0.0100428 -0.0182111 -0.00114735 0.00242719 -0.0182111 0.0886935 
0.00935214 -0.0174263 0.00115436 -0.00118861 -0.0174263 0.0870939 -0.0011851 0.00253534 0.00115436 -0.0011851 0.0100579 -0.0182306 -0.00118861 0.00253534 -0.0182306 0.0889334 
0.00938859 -0.0174579 0.00116752 -0.00123782 -0.0174579 0.08721 -0.00124072 0.00265315 0.00116752 -0.00124072 0.0100448 -0.0182378 -0.00123782 0.00265315 -0.0182378 0.0889991 
0.00940483 -0.0174549 0.00112766 -0.00124025 -0.0174549 0.0870923 -0.00125186 0.00270501 0.00112766 -0.00125186 0.00998485 -0.0181679 -0.00124025 0.00270501 -0.0181679 0.0887491 
0.00939581 -0.0174568 0.00110073 -0.00119357 -0.0174568 0.086962 -0.00121083 0.00265969 0.00110073 -0.00121083 0.00994069 -0.0180623 -0.00119357 0.00265969 -0.0180623 0.0883768 
0.00942395 -0.0175347 0.00109775 -0.00116942 -0.0175347 0.087311 -0.0011838 0.00259607 0.00109775 -0.0011838 0.00998993 -0.0180882 -0.00116942 0.00259607 -0.0180882 0.0885294 
0.00939474 -0.017538 0.00109333 -0.00115414 -0.017538 0.0873462 -0.00116122 0.00252356 0.00109333 -0.00116122 0.0100121 -0.0181057 -0.00115414 0.00252356 -0.0181057 0.0885014 
0.00937891 -0.0174886 0.00106954 -0.00115671 -0.0174886 0.0872139 -0.00115336 0.00249701 0.00106954 -0.00115336 0.00999871 -0.0181087 -0.00115671 0.00249701 -0.0181087 0.0884255 
0.00938313 -0.0175371 0.00107293 -0.00114037 -0.0175371 0.0874751 -0.00113146 0.00246817 0.00107293 -0.00113146 0.0100553 -0.0181843 -0.00114037 0.00246817 -0.0181843 0.0887893 
0.0093698 -0.017506 0.00105441 -0.00113229 -0.017506 0.0874212 -0.00112501 0.00242973 0.00105441 -0.00112501 0.0100568 -0.0182069 -0.00113229 0.00242973 -0.0182069 0.0888425 
0.00932939 -0.0173889 0.00102391 -0.00110123 -0.0173889 0.086895 -0.00109803 0.00236879 0.00102391 -0.00109803 0.0099947 -0.0181266 -0.00110123 0.00236879 -0.0181266 0.088448 
0.00935459 -0.0174218 0.000991514 -0.00107445 -0.0174218 0.0869781 -0.00107224 0.00231302 0.000991514 -0.00107224 0.00996394 -0.0181139 -0.00107445 0.00231302 -0.0181139 0.0884817 
0.00933643 -0.0173929 0.00096716 -0.00104142 -0.0173929 0.0867689 -0.00104221 0.00225435 0.00096716 -0.00104221 0.00991949 -0.0180076 -0.00104142 0.00225435 -0.0180076 0.0881083 
0.00935334 -0.017418 0.000984605 -0.00101809 -0.017418 0.0868731 -0.00102196 0.00220316 0.000984605 -0.00102196 0.00990993 -0.0179994 -0.00101809 0.00220316 -0.0179994 0.0880876 
0.00940156 -0.0174973 0.000965045 -0.00103846 -0.0174973 0.087255 -0.00104862 0.00221998 0.000965045 -0.00104862 0.00994712 -0.0180608 -0.00103846 0.00221998 -0.0180608 0.0884162 
0.00937527 -0.0174596 0.00095142 -0.00101454 -0.0174596 0.0870298 -0.00102798 0.00221039 0.00095142 -0.00102798 0.00992303 -0.0179991 -0.00101454 0.00221039 -0.0179991 0.0881231 
0.00933591 -0.0174922 0.000929308 -0.000996812 -0.0174922 0.0872243 -0.00100962 0.00216857 0.000929308 -0.00100962 0.0100022 -0.0180657 -0.000996812 0.00216857 -0.0180657 0.0883884 
0.00928738 -0.01736 0.000922697 -0.000966221 -0.01736 0.0868027 -0.000971091 0.00208996 0.000922697 -0.000971091 0.00998266 -0.0180624 -0.000966221 0.00208996 -0.0180624 0.0881841 
0.0092733 -0.0173689 0.000959853 -0.0009654 -0.0173689 0.0868525 -0.00096374 0.0020514 0.000959853 -0.00096374 0.0100184 -0.0181121 -0.0009654 0.0020514 -0.0181121 0.0884176 
0.00927813 -0.017377 0.000978665 -0.00102069 -0.017377 0.0869934 -0.00101481 0.00212956 0.000978665 -0.00101481 0.0100834 -0.018186 -0.00102069 0.00212956 -0.018186 0.0887245 
0.00921777 -0.0172906 0.00097783 -0.00103827 -0.0172906 0.0866078 -0.00102935 0.00219396 0.00097783 -0.00102935 0.0100845 -0.0181715 -0.00103827 0.00219396 -0.0181715 0.0885227 
0.0092839 -0.0173596 0.000986967 -0.00104859 -0.0173596 0.08704 -0.00103779 0.00223814 0.000986967 -0.00103779 0.0101181 -0.0183335 -0.00104859 0.00223814 -0.0183335 0.0891948 
0.00926756 -0.0172974 0.001018 -0.00106005 -0.0172974 0.0866711 -0.00105594 0.00228459 0.001018 -0.00105594 0.0100657 -0.0182473 -0.00106005 0.00228459 -0.0182473 0.0889089 
0.00925187 -0.017272 0.0010253 -0.00109271 -0.017272 0.0864529 -0.0011019 0.00236597 0.0010253 -0.0011019 0.0100302 -0.0181747 -0.00109271 0.00236597 -0.0181747 0.0886277 
0.00927528 -0.0173479 0.000992766 -0.00110769 -0.0173479 0.0868073 -0.00112456 0.00244183 0.000992766 -0.00112456 0.010088 -0.0182346 -0.00110769 0.00244183 -0.0182346 0.0889343 
0.00921182 -0.0172817 0.000991084 -0.0010557 -0.0172817 0.0865108 -0.00106946 0.00237547 0.000991084 -0.00106946 0.0100789 -0.0181827 -0.0010557 0.00237547 -0.0181827 0.0886118 
0.0092188 -0.0172793 0.00101314 -0.00105954 -0.0172793 0.086632 -0.00106174 0.00232779 0.00101314 -0.00106174 0.0101167 -0.0182522 -0.00105954 0.00232779 -0.0182522 0.0888483 
0.00926482 -0.0173008 0.00103468 -0.00108075 -0.0173008 0.086764 -0.0010753 0.00233004 0.00103468 -0.0010753 0.0101087 -0.0183107 -0.00108075 0.00233004 -0.0183107 0.0890925 
0.00934257 -0.0173726 0.00104979 -0.00110301 -0.0173726 0.0870119 -0.00110103 0.00236973 0.00104979 -0.00110103 0.0101017 -0.0183299 -0.00110301 0.00236973 -0.0183299 0.0893156 
0.00934019 -0.017371 0.00104052 -0.00110894 -0.017371 0.0867663 -0.00111295 0.00239451 0.00104052 -0.00111295 0.0100269 -0.0181893 -0.00110894 0.00239451 -0.0181893 0.0887838 
0.00930058 -0.0174158 0.00100082 -0.00109804 -0.0174158 0.0868573 -0.00110454 0.00238854 0.00100082 -0.00110454 0.0100406 -0.0181217 -0.00109804 0.00238854 -0.0181217 0.0885372 
0.00928565 -0.0173858 0.000974391 -0.00105298 -0.0173858 0.0869101 -0.00105673 0.00230983 0.000974391 -0.00105673 0.0100531 -0.0181589 -0.00105298 0.00230983 -0.0181589 0.0885583 
0.00927556 -0.0173653 0.000957248 -0.00102193 -0.0173653 0.0868677 -0.00102413 0.00222021 0.000957248 -0.00102413 0.0100546 -0.0181643 -0.00102193 0.00222021 -0.0181643 0.0885627 
0.00925351 -0.0173729 0.000926772 -0.00100037 -0.0173729 0.0869357 -0.00100813 0.00215874 0.000926772 -0.00100813 0.0100905 -0.0181869 -0.00100037 0.00215874 -0.0181869 0.0886708 
0.00922676 -0.017316 0.000921482 -0.000966385 -0.017316 0.0867787 -0.000973432 0.00208921 0.000921482 -0.000973432 0.0100925 -0.0181977 -0.000966385 0.00208921 -0.0181977 0.0886341 
0.00924751 -0.0173743 0.000931948 -0.000966126 -0.0173743 0.0870898 -0.000972059 0.00206185 0.000931948 -0.000972059 0.0101464 -0.0182724 -0.000966126 0.00206185 -0.0182724 0.0890045 
0.0091835 -0.0172518 0.000930518 -0.000972403 -0.0172518 0.0865714 -0.000977216 0.00206257 0.000930518 -0.000977216 0.0101084 -0.0182138 -0.000972403 0.00206257 -0.0182138 0.0886404 
0.00923444 -0.0173026 0.00092813 -0.000987596 -0.0173026 0.0868859 -0.000990361 0.0021038 0.00092813 -0.000990361 0.01015 -0.0183256 -0.000987596 0.0021038 -0.0183256 0.089147 
0.00921503 -0.0172268 0.000917885 -0.000981034 -0.0172268 0.0864501 -0.000981301 0.00210851 0.000917885 -0.000981301 0.0100923 -0.0182442 -0.000981034 0.00210851 -0.0182442 0.0887959 
0.00923109 -0.0172717 0.000917942 -0.000979552 -0.0172717 0.0865708 -0.000978592 0.00211641 0.000917942 -0.000978592 0.01011 -0.0182584 -0.000979552 0.00211641 -0.0182584 0.0889134 
0.00929281 -0.0173413 0.000927638 -0.000986217 -0.0173413 0.0869028 -0.000983108 0.00213204 0.000927638 -0.000983108 0.0101243 -0.0183339 -0.000986217 0.00213204 -0.0183339 0.0892537 
0.00927362 -0.0172964 0.000898167 -0.000981493 -0.0172964 0.0865608 -0.000978302 0.00211644 0.000898167 -0.000978302 0.0100377 -0.0182256 -0.000981493 0.00211644 -0.0182256 0.0888234 
0.0092752 -0.0173325 0.000878303 -0.000954185 -0.0173325 0.086634 -0.000954891 0.00208349 0.000878303 -0.000954891 0.0100127 -0.0181488 -0.000954185 0.00208349 -0.0181488 0.0886332 
0.00922941 -0.0173091 0.000873855 -0.000931031 -0.0173091 0.086542 -0.00093431 0.00203486 0.000873855 -0.00093431 0.0100174 -0.0180885 -0.000931031 0.00203486 -0.0180885 0.0883651 
0.00921212 -0.0172736 0.000871037 -0.000924436 -0.0172736 0.0865305 -0.00092458 0.00199691 0.000871037 -0.00092458 0.0100311 -0.0181346 -0.000924436 0.00199691 -0.0181346 0.0884431 
0.00919706 -0.0172401 0.000850953 -0.000924646 -0.0172401 0.0864651 -0.000919407 0.00198334 0.000850953 -0.000919407 0.0100435 -0.0181746 -0.000924646 0.00198334 -0.0181746 0.0885947 
0.00930682 -0.0172772 0.000829767 -0.000905354 -0.0172772 0.0867402 -0.000896378 0.00195046 0.000829767 -0.000896378 0.0100264 -0.0182861 -0.000905354 0.00195046 -0.0182861 0.0891211 
0.00934706 -0.0173338 0.000833737 -0.000869501 -0.0173338 0.0866754 -0.000864336 0.00187696 0.000833737 -0.000864336 0.00994609 -0.0181639 -0.000869501 0.00187696 -0.0181639 0.0888572 
0.00936435 -0.0173736 0.000855554 -0.000876011 -0.0173736 0.0866744 -0.000876662 0.00186582 0.000855554 -0.000876662 0.00989788 -0.0180373 -0.000876011 0.00186582 -0.0180373 0.0884442 
0.00941473 -0.0174874 0.000861678 -0.000911924 -0.0174874 0.0871334 -0.000913469 0.00193221 0.000861678 -0.000913469 0.00991594 -0.0180457 -0.000911924 0.00193221 -0.0180457 0.088527 
0.00940923 -0.0175321 0.000877184 -0.000919402 -0.0175321 0.0872863 -0.000917249 0.00197189 0.000877184 -0.000917249 0.00992369 -0.0180042 -0.000919402 0.00197189 -0.0180042 0.0883466 
0.00937597 -0.0175101 0.00087734 -0.00092807 -0.0175101 0.0872656 -0.000921458 0.00197899 0.00087734 -0.000921458 0.00993307 -0.0180045 -0.00092807 0.00197899 -0.0180045 0.0882363 
0.00937536 -0.017547 0.000881078 -0.000931329 -0.017547 0.0875499 -0.000924037 0.00198786 0.000881078 -0.000924037 0.00998755 -0.0180788 -0.000931329 0.00198786 -0.0180788 0.088539 
0.00935997 -0.0174754 0.000858837 -0.000939452 -0.0174754 0.087362 -0.000935351 0.00201288 0.000858837 -0.000935351 0.00998643 -0.018113 -0.000939452 0.00201288 -0.018113 0.0885777 
0.00939358 -0.0174573 0.000846224 -0.000916404 -0.0174573 0.0872691 -0.000910502 0.00199292 0.000846224 -0.000910502 0.00995474 -0.0181287 -0.000916404 0.00199292 -0.0181287 0.0886615 
0.0093586 -0.0173811 0.000864773 -0.000896978 -0.0173811 0.0867347 -0.000890284 0.00194447 0.000864773 -0.000890284 0.00987655 -0.0179909 -0.000896978 0.00194447 -0.0179909 0.0881211 
0.00936467 -0.0174267 0.000905252 -0.000926532 -0.0174267 0.0868457 -0.000917913 0.00197357 0.000905252 -0.000917913 0.00988555 -0.0179603 -0.000926532 0.00197357 -0.0179603 0.0880577 
0.00942592 -0.0175775 0.000940249 -0.000985315 -0.0175775 0.0875897 -0.00097806 0.00209514 0.000940249 -0.00097806 0.00996225 -0.0180916 -0.000985315 0.00209514 -0.0180916 0.088659 
0.00939633 -0.0175467 0.000955293 -0.0010093 -0.0175467 0.0874967 -0.00100889 0.00217692 0.000955293 -0.00100889 0.00995532 -0.0180644 -0.0010093 0.00217692 -0.0180644 0.0885106 
0.00939998 -0.0175082 0.000980127 -0.00103667 -0.0175082 0.0874278 -0.00104415 0.00227056 0.000980127 -0.00104415 0.00996292 -0.0180952 -0.00103667 0.00227056 -0.0180952 0.0885828 
0.00941436 -0.0175006 0.0010097 -0.00106631 -0.0175006 0.087344 -0.00107688 0.00235659 0.0010097 -0.00107688 0.0099529 -0.0180948 -0.00106631 0.00235659 -0.0180948 0.0885825 
0.00935234 -0.0174158 0.000992852 -0.00109044 -0.0174158 0.0868286 -0.00109966 0.00241775 0.000992852 -0.00109966 0.00989433 -0.0179801 -0.00109044 0.00241775 -0.0179801 0.0880529 
0.00932842 -0.0174415 0.000968167 -0.00107741 -0.0174415 0.0869685 -0.00108024 0.00241937 0.000968167 -0.00108024 0.00992822 -0.0179964 -0.00107741 0.00241937 -0.0179964 0.0881467 
0.00931914 -0.0174308 0.000938718 -0.00104916 -0.0174308 0.0870798 -0.00104278 0.002356 0.000938718 -0.00104278 0.00995383 -0.0180553 -0.00104916 0.002356 -0.0180553 0.0883493 
0.00933001 -0.0173469 0.000914803 -0.00100765 -0.0173469 0.0868108 -0.000999699 0.00225408 0.000914803 -0.000999699 0.0099131 -0.0180641 -0.00100765 0.00225408 -0.0180641 0.0883336 
0.00931589 -0.017311 0.000898434 -0.000970878 -0.017311 0.0865013 -0.000970705 0.00215516 0.000898434 -0.000970705 0.00987951 -0.0179913 -0.000970878 0.00215516 -0.0179913 0.0881162 
0.00934284 -0.0173686 0.00085813 -0.000945298 -0.0173686 0.0867164 -0.000950528 0.00207645 0.00085813 -0.000950528 0.00990072 -0.0180169 -0.000945298 0.00207645 -0.0180169 0.0882831 
0.00939321 -0.017475 0.000831231 -0.000912381 -0.017475 0.087188 -0.000908148 0.00200294 0.000831231 -0.000908148 0.00994105 -0.0180773 -0.000912381 0.00200294 -0.0180773 0.0886098 
0.00937983 -0.017397 0.000807509 -0.000879782 -0.017397 0.086798 -0.000866913 0.00191196 0.000807509 -0.000866913 0.0098777 -0.0179882 -0.000879782 0.00191196 -0.0179882 0.0881451 
0.0094011 -0.0175225 0.000801968 -0.000855728 -0.0175225 0.0872444 -0.000843824 0.00184315 0.000801968 -0.000843824 0.0099079 -0.0180107 -0.000855728 0.00184315 -0.0180107 0.0883522 
0.00931859 -0.0174403 0.000806454 -0.000839971 -0.0174403 0.0869568 -0.000835305 0.00179459 0.000806454 -0.000835305 0.00988874 -0.0179418 -0.000839971 0.00179459 -0.0179418 0.0879726 
0.00931848 -0.0174386 0.000804482 -0.000858074 -0.0174386 0.0871431 -0.00085774 0.00182595 0.000804482 -0.00085774 0.00991929 -0.0180085 -0.000858074 0.00182595 -0.0180085 0.0882313 
0.0093066 -0.0173761 0.000775322 -0.000854378 -0.0173761 0.0869577 -0.000856123 0.00184347 0.000775322 -0.000856123 0.00990156 -0.018012 -0.000854378 0.00184347 -0.018012 0.0882283 
0.00934594 -0.0174488 0.000775623 -0.000826872 -0.0174488 0.0873112 -0.00083289 0.00182101 0.000775623 -0.00083289 0.0099582 -0.0180911 -0.000826872 0.00182101 -0.0180911 0.0886823 
0.00922995 -0.017286 0.000784125 -0.000818077 -0.017286 0.0865034 -0.000827438 0.00179294 0.000784125 -0.000827438 0.0099083 -0.0179411 -0.000818077 0.00179294 -0.0179411 0.0879264 
0.00924705 -0.0172934 0.000800365 -0.000839941 -0.0172934 0.086652 -0.000846576 0.00182354 0.000800365 -0.000846576 0.00994899 -0.0180183 -0.000839941 0.00182354 -0.0180183 0.0881847 
0.00923609 -0.0172396 0.000793143 -0.000861661 -0.0172396 0.0863957 -0.000865463 0.00187663 0.000793143 -0.000865463 0.00992891 -0.0180135 -0.000861661 0.00187663 -0.0180135 0.0880938 
0.00924488 -0.0172317 0.000794681 -0.000852316 -0.0172317 0.0863149 -0.000858311 0.00188623 0.000794681 -0.000858311 0.00991538 -0.0180219 -0.000852316 0.00188623 -0.0180219 0.0881384 
0.00928867 -0.017317 0.000806835 -0.000855371 -0.017317 0.0866852 -0.000866595 0.00189478 0.000806835 -0.000866595 0.0099715 -0.0181011 -0.000855371 0.00189478 -0.0181011 0.0885698 
0.00927641 -0.0172651 0.000808451 -0.000865064 -0.0172651 0.0864341 -0.000876504 0.00191234 0.000808451 -0.000876504 0.00996041 -0.0180868 -0.000865064 0.00191234 -0.0180868 0.0884295 
0.00934701 -0.0173965 0.000822383 -0.00087236 -0.0173965 0.0870158 -0.00087909 0.00192969 0.000822383 -0.00087909 0.0100183 -0.0182274 -0.00087236 0.00192969 -0.0182274 0.0890895 
0.0093258 -0.0173693 0.000813741 -0.000874733 -0.0173693 0.0868305 -0.000876441 0.00191604 0.000813741 -0.000876441 0.00996893 -0.0181685 -0.000874733 0.00191604 -0.0181685 0.0888651 
0.00936015 -0.0174383 0.00081004 -0.00087836 -0.0174383 0.0871414 -0.000876027 0.00192565 0.00081004 -0.000876027 0.00997075 -0.0181656 -0.00087836 0.00192565 -0.0181656 0.088987 
0.00931872 -0.0173418 0.00077755 -0.000866297 -0.0173418 0.0866162 -0.000865973 0.00190924 0.00077755 -0.000865973 0.00986391 -0.0179802 -0.000866297 0.00190924 -0.0179802 0.0881755 
0.00928794 -0.0173878 0.000774497 -0.000834135 -0.0173878 0.0867654 -0.000841677 0.00186917 0.000774497 -0.000841677 0.00990062 -0.0179316 -0.000834135 0.00186917 -0.0179316 0.0880419 
0.00928529 -0.0174399 0.000759299 -0.000830619 -0.0174399 0.0872313 -0.000836923 0.00183632 0.000759299 -0.000836923 0.0100229 -0.0180773 -0.000830619 0.00183632 -0.0180773 0.0885433 
0.00922271 -0.0172535 0.000765598 -0.000809799 -0.0172535 0.0865327 -0.000804648 0.00178206 0.000765598 -0.000804648 0.00997713 -0.018059 -0.000809799 0.00178206 -0.018059 0.0881717 
0.00924497 -0.0172452 0.000812428 -0.000818352 -0.0172452 0.0864634 -0.000809195 0.00176269 0.000812428 -0.000809195 0.00997939 -0.0181009 -0.000818352 0.00176269 -0.0181009 0.0883665 
0.00926875 -0.0173026 0.00083308 -0.000871169 -0.0173026 0.0866043 -0.000868781 0.00184392 0.00083308 -0.000868781 0.00996724 -0.0181013 -0.000871169 0.00184392 -0.0181013 0.088469 
0.00931848 -0.0174131 0.000802569 -0.000907212 -0.0174131 0.0871317 -0.000910735 0.00196276 0.000802569 -0.000910735 0.0100016 -0.0181722 -0.000907212 0.00196276 -0.0181722 0.0889022 
0.00930061 -0.0174037 0.000755767 -0.000867896 -0.0174037 0.0870942 -0.000871492 0.00194902 0.000755767 -0.000871492 0.0099894 -0.01812 -0.000867896 0.00194902 -0.01812 0.0887313 
0.00931386 -0.0173709 0.000769887 -0.000812118 -0.0173709 0.0869906 -0.000813699 0.00184456 0.000769887 -0.000813699 0.00995306 -0.0180907 -0.000812118 0.00184456 -0.0180907 0.0885735 
0.00930597 -0.0173238 0.000817327 -0.000823725 -0.0173238 0.0866612 -0.000827966 0.00181087 0.000817327 -0.000827966 0.0098997 -0.0179917 -0.000823725 0.00181087 -0.0179917 0.0881669 
0.00935533 -0.0174233 0.000841005 -0.000890807 -0.0174233 0.087049 -0.000897226 0.00192288 0.000841005 -0.000897226 0.00995247 -0.0180462 -0.000890807 0.00192288 -0.0180462 0.0884576 
0.00937531 -0.0174754 0.000847001 -0.000916184 -0.0174754 0.0872508 -0.000920274 0.00201402 0.000847001 -0.000920274 0.00999037 -0.0180825 -0.000916184 0.00201402 -0.0180825 0.0885673 
0.00931245 -0.0173785 0.000820408 -0.000900012 -0.0173785 0.086756 -0.000898897 0.00198667 0.000820408 -0.000898897 0.009939 -0.0180046 -0.000900012 0.00198667 -0.0180046 0.0880742 
0.00938933 -0.0174957 0.000821223 -0.000884044 -0.0174957 0.0873959 -0.000879314 0.0019508 0.000821223 -0.000879314 0.0100054 -0.0181789 -0.000884044 0.0019508 -0.0181789 0.088864 
0.00930406 -0.0173679 0.000811129 -0.000867725 -0.0173679 0.0867263 -0.000857773 0.00188607 0.000811129 -0.000857773 0.00992666 -0.0180396 -0.000867725 0.00188607 -0.0180396 0.0882513 
0.00934427 -0.0174088 0.000820199 -0.000877708 -0.0174088 0.0870171 -0.000863423 0.00189303 0.000820199 -0.000863423 0.00995681 -0.0181232 -0.000877708 0.00189303 -0.0181232 0.0886617 
0.00931785 -0.0173864 0.00083849 -0.000887728 -0.0173864 0.0868681 -0.000875334 0.00191787 0.00083849 -0.000875334 0.0099742 -0.0180861 -0.000887728 0.00191787 -0.0180861 0.0885407 
0.00929558 -0.0173255 0.000838954 -0.000900412 -0.0173255 0.0866109 -0.000895394 0.00194762 0.000838954 -0.000895394 0.00994929 -0.018075 -0.000900412 0.00194762 -0.018075 0.0883563 
0.00929122 -0.0173356 0.000834641 -0.000900051 -0.0173356 0.086614 -0.000898578 0.00196429 0.000834641 -0.000898578 0.00993673 -0.0180663 -0.000900051 0.00196429 -0.0180663 0.0883506 
0.00932657 -0.0174112 0.000845214 -0.000897245 -0.0174112 0.0870112 -0.000903884 0.00197548 0.000845214 -0.000903884 0.00998294 -0.0181278 -0.000897245 0.00197548 -0.0181278 0.0887006 
0.00932453 -0.0174612 0.000845291 -0.000895947 -0.0174612 0.0872662 -0.000908018 0.00196632 0.000845291 -0.000908018 0.010022 -0.0181568 -0.000895947 0.00196632 -0.0181568 0.0888581 
0.00933438 -0.0174273 0.000824717 -0.000886879 -0.0174273 0.087251 -0.000896152 0.00193273 0.000824717 -0.000896152 0.0100358 -0.0181934 -0.000886879 0.00193273 -0.0181934 0.0889358 
0.00928783 -0.0173271 0.000827045 -0.000860426 -0.0173271 0.0866836 -0.000867494 0.00187632 0.000827045 -0.000867494 0.00997006 -0.0180771 -0.000860426 0.00187632 -0.0180771 0.0883749 
0.00930208 -0.0173726 0.000844259 -0.000879131 -0.0173726 0.0868707 -0.000884796 0.00189216 0.000844259 -0.000884796 0.0100019 -0.0181249 -0.000879131 0.00189216 -0.0181249 0.0885903 
0.00929273 -0.0173562 0.000836897 -0.000899013 -0.0173562 0.0868067 -0.00089956 0.00192789 0.000836897 -0.00089956 0.0100044 -0.0181232 -0.000899013 0.00192789 -0.0181232 0.0885476 
0.00930195 -0.0173606 0.000825461 -0.000896694 -0.0173606 0.0867979 -0.000889011 0.00193805 0.000825461 -0.000889011 0.00998502 -0.0181068 -0.000896694 0.00193805 -0.0181068 0.0884729 
0.00930358 -0.0173684 0.000850053 -0.000882106 -0.0173684 0.0868099 -0.000871846 0.00191133 0.000850053 -0.000871846 0.00998307 -0.0180989 -0.000882106 0.00191133 -0.0180989 0.0884575 
0.00932417 -0.0173926 0.000846706 -0.000905018 -0.0173926 0.0869073 -0.000896132 0.00192464 0.000846706 -0.000896132 0.00996182 -0.0180999 -0.000905018 0.00192464 -0.0180999 0.0884802 
0.00933613 -0.0174359 0.00086724 -0.000904619 -0.0174359 0.0870755 -0.000900842 0.00194905 0.00086724 -0.000900842 0.00995618 -0.0180898 -0.000904619 0.00194905 -0.0180898 0.0885359 
0.00930195 -0.017427 0.000885943 -0.000926016 -0.017427 0.0870978 -0.000926498 0.00198986 0.000885943 -0.000926498 0.00999152 -0.0180925 -0.000926016 0.00198986 -0.0180925 0.0885662 
0.0092936 -0.0173753 0.000918746 -0.000952419 -0.0173753 0.0870054 -0.000951052 0.00205301 0.000918746 -0.000951052 0.0100047 -0.018136 -0.000952419 0.00205301 -0.018136 0.088644 
0.00935683 -0.0173884 0.000929663 -0.00100662 -0.0173884 0.0871044 -0.00100168 0.00217149 0.000929663 -0.00100168 0.0100157 -0.0182195 -0.00100662 0.00217149 -0.0182195 0.0889947 
0.00932839 -0.0173145 0.000945158 -0.00100398 -0.0173145 0.0865158 -0.0010016 0.00221043 0.000945158 -0.0010016 0.00993017 -0.01807 -0.00100398 0.00221043 -0.01807 0.0883781 
