0.00647034 0 -0.000440739 0 0 0.0101027 0 0 -0.000440739 0 0.00797715 0 0 0 0 0.0101027 
0.00908554 -0.0113037 -0.000530917 0.000645832 -0.0113037 0.0308487 0.000645832 -0.00123911 -0.000530917 0.000645832 0.01116 -0.0138294 0.000645832 -0.00123911 -0.0138294 0.035691 
0.00911071 -0.017294 -0.000406317 0.000628688 -0.017294 0.0644232 0.000628688 -0.00194802 -0.000406317 0.000628688 0.0108848 -0.0200222 0.000628688 -0.00194802 -0.0200222 0.0729343 
0.00862028 -0.0173253 -0.000368708 0.000348232 -0.0173253 0.0788193 0.000342845 -0.00094249 -0.000368708 0.000342845 0.0102145 -0.0191187 0.000348232 -0.00094249 -0.0191187 0.0845305 
0.00868536 -0.0169096 -0.000381518 0.000326246 -0.0169096 0.0834817 0.000314497 -0.000378047 -0.000381518 0.000314497 0.0103299 -0.0186709 0.000326246 -0.000378047 -0.0186709 0.0880749 
0.00882902 -0.0167532 -0.000415047 0.000376496 -0.0167532 0.0844153 0.000362794 -0.000437454 -0.000415047 0.000362794 0.0104323 -0.01863 0.000376496 -0.000437454 -0.01863 0.0890811 
0.00900795 -0.0169783 -0.00045234 0.000434438 -0.0169783 0.0855811 0.000426821 -0.000672065 -0.00045234 0.000426821 0.0105469 -0.0188048 0.000434438 -0.000672065 -0.0188048 0.0902319 
0.00916702 -0.0172592 -0.00046084 0.000469352 -0.0172592 0.0868744 0.000468531 -0.000843949 -0.00046084 0.000468531 0.0106403 -0.0189661 0.000469352 -0.000843949 -0.0189661 0.091223 
0.00909556 -0.0172071 -0.000438385 0.000460049 -0.0172071 0.0865656 0.000464424 -0.00089031 -0.000438385 0.000464424 0.0105842 -0.0188104 0.000460049 -0.00089031 -0.0188104 0.090577 
0.00914391 -0.0172886 -0.000431677 0.00044331 -0.0172886 0.0871409 0.000445427 -0.000881299 -0.000431677 0.000445427 0.0106647 -0.0189404 0.00044331 -0.000881299 -0.0189404 0.0911037 
0.00908414 -0.0171315 -0.000426708 0.00042527 -0.0171315 0.0863818 0.00042356 -0.000828553 -0.000426708 0.00042356 0.0105632 -0.0188056 0.00042527 -0.000828553 -0.0188056 0.0903743 
0.00910418 -0.0172337 -0.000458275 0.000427775 -0.0172337 0.086805 0.000427458 -0.000821539 -0.000458275 0.000427458 0.0106148 -0.0188859 0.000427775 -0.000821539 -0.0188859 0.0908113 
0.00910756 -0.0172331 -0.00044606 0.000467885 -0.0172331 0.086889 0.000471914 -0.000890852 -0.00044606 0.000471914 0.010616 -0.0188986 0.000467885 -0.000890852 -0.0188986 0.090878 
0.00909336 -0.0171883 -0.000398418 0.000452831 -0.0171883 0.0867099 0.000464397 -0.000915288 -0.000398418 0.000464397 0.0106006 -0.0188758 0.000452831 -0.000915288 -0.0188758 0.0907709 
0.00905397 -0.0171215 -0.000364347 0.000389851 -0.0171215 0.0863489 0.000400463 -0.000812829 -0.000364347 0.000400463 0.0105552 -0.0187943 0.000389851 -0.000812829 -0.0187943 0.0904041 
0.0090669 -0.0171091 -0.000354079 0.00034823 -0.0171091 0.0863096 0.000350575 -0.000682907 -0.000354079 0.000350575 0.0105329 -0.0187938 0.00034823 -0.000682907 -0.0187938 0.0903975 
0.00907066 -0.0170556 -0.000367702 0.00033382 -0.0170556 0.085986 0.000334401 -0.000605143 -0.000367702 0.000334401 0.0104765 -0.0187128 0.00033382 -0.000605143 -0.0187128 0.0900676 
0.00923577 -0.0173221 -0.000390114 0.000362773 -0.0173221 0.0871552 0.000363836 -0.000637508 -0.000390114 0.000363836 0.0105825 -0.01892 0.000362773 -0.000637508 -0.01892 0.0911459 
0.00923066 -0.0173684 -0.000378953 0.000390665 -0.0173684 0.0871678 0.000388497 -0.000706031 -0.000378953 0.000388497 0.0105512 -0.0188323 0.000390665 -0.000706031 -0.0188323 0.0908338 
0.00918011 -0.0173739 -0.000354218 0.000375694 -0.0173739 0.0872109 0.000373952 -0.000710029 -0.000354218 0.000373952 0.0105561 -0.0188008 0.000375694 -0.000710029 -0.0188008 0.0906713 
0.00915321 -0.0173306 -0.000334385 0.000351391 -0.0173306 0.0872113 0.000348737 -0.000674732 -0.000334385 0.000348737 0.0105735 -0.018826 0.000351391 -0.000674732 -0.018826 0.0907019 
0.00917004 -0.0173071 -0.000314574 0.000335471 -0.0173071 0.0872137 0.000331715 -0.000641515 -0.000314574 0.000331715 0.0105883 -0.0188735 0.000335471 -0.000641515 -0.0188735 0.0908684 
0.00916686 -0.0172862 -0.000323326 0.000312861 -0.0172862 0.0870332 0.000311391 -0.000600837 -0.000323326 0.000311391 0.0105678 -0.0188357 0.000312861 -0.000600837 -0.0188357 0.0907182 
0.00911966 -0.0171909 -0.000284917 0.00031123 -0.0171909 0.0865137 0.0003113 -0.000568253 -0.000284917 0.0003113 0.0105169 -0.0187309 0.00031123 -0.000568253 -0.0187309 0.0902003 
0.00906164 -0.017118 -0.000250273 0.000268794 -0.017118 0.0860963 0.000267613 -0.000500806 -0.000250273 0.000267613 0.010472 -0.0186397 0.000268794 -0.000500806 -0.0186397 0.0897377 
0.00906843 -0.0171314 -0.000251096 0.000235396 -0.0171314 0.0862245 0.00023454 -0.000424601 -0.000251096 0.00023454 0.0104875 -0.0186887 0.000235396 -0.000424601 -0.0186887 0.0899169 
0.00907768 -0.0171723 -0.000276134 0.00023016 -0.0171723 0.0864536 0.000235304 -0.000383853 -0.000276134 0.000235304 0.0105242 -0.0187479 0.00023016 -0.000383853 -0.0187479 0.0902116 
0.00909564 -0.0172651 -0.000319336 0.000260812 -0.0172651 0.0869835 0.000270092 -0.00042484 -0.000319336 0.000270092 0.0106174 -0.0188785 0.000260812 -0.00042484 -0.0188785 0.0908307 
0.00911041 -0.0172972 -0.000323557 0.000319091 -0.0172972 0.087324 0.000326461 -0.000543355 -0.000323557 0.000326461 0.0106879 -0.0190101 0.000319091 -0.000543355 -0.0190101 0.0913732 
0.00911996 -0.0172287 -0.000287012 0.000333954 -0.0172287 0.087053 0.000336732 -0.000630691 -0.000287012 0.000336732 0.0106539 -0.0189816 0.000333954 -0.000630691 -0.0189816 0.0912263 
0.0091642 -0.0172372 -0.000272025 0.000298579 -0.0172372 0.0870016 0.000299668 -0.000611756 -0.000272025 0.000299668 0.0106257 -0.0189941 0.000298579 -0.000611756 -0.0189941 0.0913044 
0.00920329 -0.0172864 -0.000278353 0.000271795 -0.0172864 0.0870196 0.000274371 -0.00054384 -0.000278353 0.000274371 0.0105718 -0.0189267 0.000271795 -0.00054384 -0.0189267 0.0911486 
0.00922907 -0.017362 -0.000311999 0.000275673 -0.017362 0.0872267 0.000281091 -0.000523451 -0.000311999 0.000281091 0.0105616 -0.0188731 0.000275673 -0.000523451 -0.0188731 0.0910418 
0.00916362 -0.01727 -0.000318335 0.000308668 -0.01727 0.0867185 0.000315165 -0.000566006 -0.000318335 0.000315165 0.0104705 -0.0187 0.000308668 -0.000566006 -0.0187 0.0902359 
0.00912348 -0.0172688 -0.000321229 0.000319 -0.0172688 0.0867337 0.000324352 -0.00060723 -0.000321229 0.000324352 0.0104554 -0.0186647 0.000319 -0.00060723 -0.0186647 0.0900819 
0.00913033 -0.0172892 -0.000305296 0.000318519 -0.0172892 0.0870541 0.000321832 -0.000607713 -0.000305296 0.000321832 0.0104947 -0.0187672 0.000318519 -0.000607713 -0.0187672 0.09053 
0.00914165 -0.0172753 -0.000281378 0.000302078 -0.0172753 0.0871231 0.000302636 -0.000577864 -0.000281378 0.000302636 0.0104999 -0.0188069 0.000302078 -0.000577864 -0.0188069 0.0907661 
0.0091135 -0.0172327 -0.00028315 0.000271045 -0.0172327 0.0868737 0.000270935 -0.000512767 -0.00028315 0.000270935 0.010466 -0.0187185 0.000271045 -0.000512767 -0.0187185 0.0904669 
0.00909704 -0.0172005 -0.0003046 0.000274423 -0.0172005 0.0867512 0.000274504 -0.000489088 -0.0003046 0.000274504 0.0104617 -0.0186967 0.000274423 -0.000489088 -0.0186967 0.0903488 
0.00906598 -0.0170862 -0.000322324 0.000300237 -0.0170862 0.0862618 0.000298821 -0.000524594 -0.000322324 0.000298821 0.0104256 -0.0186538 0.000300237 -0.000524594 -0.0186538 0.0900498 
0.00904773 -0.0170481 -0.000318288 0.000329957 -0.0170481 0.0859742 0.000323761 -0.000597093 -0.000318288 0.000323761 0.0103828 -0.0185988 0.000329957 -0.000597093 -0.0185988 0.0898085 
0.00905704 -0.017022 -0.00028146 0.000334279 -0.017022 0.0858039 0.000328205 -0.000646314 -0.00028146 0.000328205 0.0103387 -0.0185522 0.000334279 -0.000646314 -0.0185522 0.0896222 
0.00907552 -0.0170432 -0.000286695 0.000294766 -0.0170432 0.0857765 0.0002895 -0.000608199 -0.000286695 0.0002895 0.0103027 -0.0184933 0.000294766 -0.000608199 -0.0184933 0.0894386 
0.00909194 -0.0171009 -0.000290098 0.000294307 -0.0171009 0.0859126 0.00029026 -0.000577565 -0.000290098 0.00029026 0.0102795 -0.0184318 0.000294307 -0.000577565 -0.0184318 0.0892486 
0.00923915 -0.0173903 -0.00029795 0.000298691 -0.0173903 0.0873343 0.000293142 -0.000571572 -0.00029795 0.000293142 0.0104255 -0.0186772 0.000298691 -0.000571572 -0.0186772 0.0904596 
0.00912195 -0.0171657 -0.000307009 0.000293409 -0.0171657 0.0862438 0.00029225 -0.000555512 -0.000307009 0.00029225 0.0102803 -0.0184477 0.000293409 -0.000555512 -0.0184477 0.0892904 
0.00907451 -0.0171786 -0.000324212 0.000305098 -0.0171786 0.086276 0.000308779 -0.000570614 -0.000324212 0.000308779 0.0102921 -0.0184152 0.000305098 -0.000570614 -0.0184152 0.0892158 
0.00902069 -0.0171243 -0.000357293 0.000336121 -0.0171243 0.0862397 0.000336594 -0.000636804 -0.000357293 0.000336594 0.0103234 -0.0184479 0.000336121 -0.000636804 -0.0184479 0.0892811 
0.00900222 -0.0170312 -0.000360758 0.000377251 -0.0170312 0.0860391 0.000369824 -0.000719964 -0.000360758 0.000369824 0.010326 -0.0185066 0.000377251 -0.000719964 -0.0185066 0.0894359 
0.00899987 -0.0170163 -0.000367869 0.000389156 -0.0170163 0.085983 0.000378013 -0.000778922 -0.000367869 0.000378013 0.0103471 -0.0185364 0.000389156 -0.000778922 -0.0185364 0.0896282 
0.00901898 -0.0170222 -0.000369434 0.000391298 -0.0170222 0.0860048 0.000381274 -0.000794245 -0.000369434 0.000381274 0.0103758 -0.018559 0.000391298 -0.000794245 -0.018559 0.0897396 
0.00901409 -0.0169976 -0.000366602 0.000387655 -0.0169976 0.0858002 0.000377451 -0.000783476 -0.000366602 0.000377451 0.0103771 -0.0185255 0.000387655 -0.000783476 -0.0185255 0.0895265 
0.00916982 -0.0172812 -0.000343862 0.000388306 -0.0172812 0.0871548 0.000378828 -0.000780233 -0.000343862 0.000378828 0.0105556 -0.0188477 0.000388306 -0.000780233 -0.0188477 0.0909671 
0.00916542 -0.0173004 -0.000324373 0.000348584 -0.0173004 0.0871832 0.00034208 -0.000709115 -0.000324373 0.00034208 0.0105766 -0.0188673 0.000348584 -0.000709115 -0.0188673 0.0910033 
0.00916448 -0.0173269 -0.00030453 0.000320883 -0.0173269 0.0872967 0.000315299 -0.00062752 -0.00030453 0.000315299 0.0105913 -0.0188909 0.000320883 -0.00062752 -0.0188909 0.0910684 
0.00902063 -0.0170891 -0.000320747 0.000288288 -0.0170891 0.0861296 0.00028694 -0.000544346 -0.000320747 0.00028694 0.0104365 -0.018637 0.000288288 -0.000544346 -0.018637 0.0898254 
0.00903463 -0.0170994 -0.000323071 0.000313505 -0.0170994 0.0862648 0.000319707 -0.000562799 -0.000323071 0.000319707 0.0104166 -0.0186543 0.000313505 -0.000562799 -0.0186543 0.0899596 
0.00902004 -0.0170316 -0.000333201 0.00032082 -0.0170316 0.0859342 0.000330798 -0.000605679 -0.000333201 0.000330798 0.0103433 -0.0185393 0.00032082 -0.000605679 -0.0185393 0.0895509 
0.00902004 -0.0170219 -0.000327315 0.000344983 -0.0170219 0.0858479 0.000355313 -0.00067322 -0.000327315 0.000355313 0.0103237 -0.0184982 0.000344983 -0.00067322 -0.0184982 0.0894263 
0.00899349 -0.0170244 -0.00034989 0.000340837 -0.0170244 0.0858556 0.000349734 -0.000700406 -0.00034989 0.000349734 0.0103492 -0.018503 0.000340837 -0.000700406 -0.018503 0.0894554 
0.00914335 -0.0172554 -0.000351306 0.000375854 -0.0172554 0.0871477 0.000382254 -0.000763454 -0.000351306 0.000382254 0.010521 -0.018825 0.000375854 -0.000763454 -0.018825 0.090923 
0.00917534 -0.0172565 -0.000324485 0.000374946 -0.0172565 0.0870939 0.000375084 -0.000786485 -0.000324485 0.000375084 0.0105253 -0.0188399 0.000374946 -0.000786485 -0.0188399 0.0909737 
0.00904157 -0.0170355 -0.00029076 0.00033367 -0.0170355 0.0857782 0.000331277 -0.000714841 -0.00029076 0.000331277 0.0103586 -0.0185175 0.00033367 -0.000714841 -0.0185175 0.0894579 
0.00909636 -0.0172092 -0.000274208 0.000300844 -0.0172092 0.0866019 0.00029786 -0.000633098 -0.000274208 0.00029786 0.0104222 -0.0186612 0.000300844 -0.000633098 -0.0186612 0.0901405 
0.00912214 -0.0172578 -0.00027062 0.000269679 -0.0172578 0.0869564 0.000270339 -0.000541759 -0.00027062 0.000270339 0.0104475 -0.0186958 0.000269679 -0.000541759 -0.0186958 0.0903836 
0.00908155 -0.0171832 -0.000259649 0.000255607 -0.0171832 0.0866493 0.000259961 -0.000477719 -0.000259649 0.000259961 0.0104307 -0.0186264 0.000255607 -0.000477719 -0.0186264 0.090058 
0.00918161 -0.0172804 -0.000247073 0.000254962 -0.0172804 0.0872197 0.000258409 -0.000468701 -0.000247073 0.000258409 0.0105317 -0.0188053 0.000254962 -0.000468701 -0.0188053 0.0908099 
0.00916076 -0.0173045 -0.000225118 0.000244115 -0.0173045 0.0871306 0.000245563 -0.000455634 -0.000225118 0.000245563 0.0105168 -0.0187836 0.000244115 -0.000455634 -0.0187836 0.0906883 
0.00903842 -0.0170396 -0.000211879 0.000220586 -0.0170396 0.0858525 0.000220219 -0.000417534 -0.000211879 0.000220219 0.0103353 -0.0185169 0.000220586 -0.000417534 -0.0185169 0.0893774 
0.00907851 -0.0171147 -0.000226895 0.000210786 -0.0171147 0.0861967 0.000212885 -0.000394055 -0.000226895 0.000212885 0.0103532 -0.0185739 0.000210786 -0.000394055 -0.0185739 0.089748 
0.00908911 -0.017162 -0.000227956 0.000224973 -0.017162 0.0864337 0.000234791 -0.000415327 -0.000227956 0.000234791 0.010381 -0.0186019 0.000224973 -0.000415327 -0.0186019 0.089971 
0.00912149 -0.0171687 -0.000214284 0.000233357 -0.0171687 0.0865613 0.000250178 -0.000462951 -0.000214284 0.000250178 0.0103911 -0.018651 0.000233357 -0.000462951 -0.018651 0.0901838 
0.00913326 -0.0171142 -0.000178878 0.000212066 -0.0171142 0.08621 0.000228163 -0.000442718 -0.000178878 0.000228163 0.0103225 -0.0185602 0.000212066 -0.000442718 -0.0185602 0.089814 
0.00912587 -0.0170968 -0.000186869 0.000176766 -0.0170968 0.0858967 0.000188266 -0.000379414 -0.000186869 0.000188266 0.0102524 -0.0184175 0.000176766 -0.000379414 -0.0184175 0.0892547 
0.00928521 -0.017455 -0.000237014 0.000196477 -0.017455 0.0875353 0.000202235 -0.000381986 -0.000237014 0.000202235 0.0104245 -0.018681 0.000196477 -0.000381986 -0.018681 0.0905965 
0.00920313 -0.0173408 -0.000201268 0.000247955 -0.0173408 0.0869587 0.000248471 -0.000455798 -0.000201268 0.000248471 0.0103457 -0.0185013 0.000247955 -0.000455798 -0.0185013 0.0897049 
0.00915731 -0.0173092 -0.00017661 0.000211247 -0.0173092 0.0869193 0.000203572 -0.000432801 -0.00017661 0.000203572 0.0103622 -0.018531 0.000211247 -0.000432801 -0.018531 0.0897146 
0.00913752 -0.0172788 -0.000166303 0.000175924 -0.0172788 0.0869445 0.000162159 -0.000335376 -0.000166303 0.000162159 0.0103779 -0.0185924 0.000175924 -0.000335376 -0.0185924 0.0899357 
0.00911166 -0.0172452 -0.000185645 0.000160308 -0.0172452 0.0868829 0.000147492 -0.000266984 -0.000185645 0.000147492 0.010391 -0.0186127 0.000160308 -0.000266984 -0.0186127 0.0900616 
0.00910356 -0.0171781 -0.000211916 0.000186159 -0.0171781 0.086661 0.000176048 -0.000290644 -0.000211916 0.000176048 0.0103685 -0.0186078 0.000186159 -0.000290644 -0.0186078 0.0900269 
0.0090794 -0.0171155 -0.000256858 0.000226005 -0.0171155 0.086306 0.000222839 -0.000391634 -0.000256858 0.000222839 0.010342 -0.0185422 0.000226005 -0.000391634 -0.0185422 0.0897636 
0.00909848 -0.0171372 -0.000258735 0.000272025 -0.0171372 0.0863648 0.00027771 -0.000509443 -0.000258735 0.00027771 0.0103399 -0.0185596 0.000272025 -0.000509443 -0.0185596 0.089838 
0.00909025 -0.0171201 -0.000255222 0.000266994 -0.0171201 0.0862777 0.000279631 -0.000553075 -0.000255222 0.000279631 0.0103437 -0.0185671 0.000266994 -0.000553075 -0.0185671 0.0898611 
0.00908349 -0.0170823 -0.000253732 0.000268204 -0.0170823 0.0860658 0.000274555 -0.000561062 -0.000253732 0.000274555 0.0102977 -0.0185225 0.000268204 -0.000561062 -0.0185225 0.0896583 
0.00913085 -0.0171253 -0.000226335 0.000262627 -0.0171253 0.0861974 0.000260438 -0.000536466 -0.000226335 0.000260438 0.0102512 -0.0185063 0.000262627 -0.000536466 -0.0185063 0.0896855 
0.00915944 -0.0171858 -0.000200449 0.000228563 -0.0171858 0.0863576 0.000227094 -0.000473436 -0.000200449 0.000227094 0.0102064 -0.0184455 0.000228563 -0.000473436 -0.0184455 0.0895982 
0.00915144 -0.0172049 -0.000183657 0.000192256 -0.0172049 0.0863905 0.000195072 -0.000388189 -0.000183657 0.000195072 0.0101731 -0.0183496 0.000192256 -0.000388189 -0.0183496 0.0893007 
0.0091255 -0.0171854 -0.000160465 0.000179827 -0.0171854 0.0863401 0.000181246 -0.000341531 -0.000160465 0.000181246 0.0101588 -0.018298 0.000179827 -0.000341531 -0.018298 0.0890652 
0.00924396 -0.0173976 -0.000172785 0.000168773 -0.0173976 0.0874826 0.00016703 -0.000324413 -0.000172785 0.00016703 0.0103055 -0.0185281 0.000168773 -0.000324413 -0.0185281 0.0901629 
0.00925591 -0.0174054 -0.000161964 0.000176715 -0.0174054 0.0875457 0.00017549 -0.000322471 -0.000161964 0.00017549 0.0103232 -0.0185703 0.000176715 -0.000322471 -0.0185703 0.0902746 
0.00913547 -0.0171235 -0.000158192 0.000161302 -0.0171235 0.0861166 0.000159927 -0.000305796 -0.000158192 0.000159927 0.0101615 -0.018292 0.000161302 -0.000305796 -0.018292 0.0888788 
0.00914196 -0.0171474 -0.000156281 0.000155362 -0.0171474 0.0860965 0.00015241 -0.000279354 -0.000156281 0.00015241 0.0101469 -0.0182772 0.000155362 -0.000279354 -0.0182772 0.088822 
0.00915639 -0.0172324 -0.000184254 0.000152735 -0.0172324 0.0864727 0.000146695 -0.000260152 -0.000184254 0.000146695 0.0101838 -0.0183326 0.000152735 -0.000260152 -0.0183326 0.089122 
0.00915454 -0.0172694 -0.000234213 0.000190509 -0.0172694 0.0867418 0.000186157 -0.000317541 -0.000234213 0.000186157 0.0102313 -0.018375 0.000190509 -0.000317541 -0.018375 0.0893334 
0.00918087 -0.0172898 -0.000238986 0.000254872 -0.0172898 0.0869786 0.000253561 -0.000455465 -0.000238986 0.000253561 0.0102738 -0.0184642 0.000254872 -0.000455465 -0.0184642 0.0896687 
0.00920477 -0.0173377 -0.000243432 0.000267748 -0.0173377 0.0871985 0.000268353 -0.000550878 -0.000243432 0.000268353 0.0103105 -0.0185196 0.000267748 -0.000550878 -0.0185196 0.0899401 
0.00919975 -0.0173248 -0.000275718 0.00026987 -0.0173248 0.0871673 0.000270469 -0.000577325 -0.000275718 0.000270469 0.0103171 -0.0185455 0.00026987 -0.000577325 -0.0185455 0.0900178 
0.00917603 -0.0172536 -0.000274188 0.000297613 -0.0172536 0.0868398 0.000298047 -0.000614077 -0.000274188 0.000298047 0.0102832 -0.0185027 0.000297613 -0.000614077 -0.0185027 0.0898011 
0.00915451 -0.0172656 -0.000316244 0.000293366 -0.0172656 0.0868278 0.000290603 -0.000617282 -0.000316244 0.000290603 0.0102944 -0.0184812 0.000293366 -0.000617282 -0.0184812 0.0897542 
0.00913239 -0.0171982 -0.000334737 0.000332992 -0.0171982 0.0866194 0.000327426 -0.000653097 -0.000334737 0.000327426 0.0102875 -0.0184879 0.000332992 -0.000653097 -0.0184879 0.0896778 
0.00908166 -0.0170952 -0.000336252 0.000348026 -0.0170952 0.0861126 0.000340049 -0.000686801 -0.000336252 0.000340049 0.0102337 -0.0184113 0.000348026 -0.000686801 -0.0184113 0.089295 
0.00906268 -0.0170747 -0.000348888 0.000358542 -0.0170747 0.0859728 0.000348729 -0.000720948 -0.000348888 0.000348729 0.0102249 -0.0183648 0.000358542 -0.000720948 -0.0183648 0.0891225 
0.00906009 -0.017093 -0.000361341 0.000373088 -0.017093 0.086058 0.000362058 -0.0007502 -0.000361341 0.000362058 0.010252 -0.0183765 0.000373088 -0.0007502 -0.0183765 0.0891488 
0.00911061 -0.0171703 -0.000353705 0.000389901 -0.0171703 0.0864927 0.000375897 -0.000782181 -0.000353705 0.000375897 0.0102956 -0.0184942 0.000389901 -0.000782181 -0.0184942 0.0896213 
0.00912951 -0.0171722 -0.000347603 0.000380908 -0.0171722 0.086474 0.000371251 -0.00078963 -0.000347603 0.000371251 0.0102731 -0.0184787 0.000380908 -0.00078963 -0.0184787 0.0895892 
0.0091221 -0.0171562 -0.000357349 0.000367034 -0.0171562 0.0862922 0.000368931 -0.000778377 -0.000357349 0.000368931 0.0102265 -0.0183934 0.000367034 -0.000778377 -0.0183934 0.0892646 
0.00913288 -0.0171777 -0.00036225 0.00037547 -0.0171777 0.0863475 0.000384458 -0.000791246 -0.00036225 0.000384458 0.0102094 -0.0183668 0.00037547 -0.000791246 -0.0183668 0.0891772 
0.00913239 -0.0171863 -0.000351807 0.000382044 -0.0171863 0.0863466 0.000388406 -0.000806766 -0.000351807 0.000388406 0.0101853 -0.0183253 0.000382044 -0.000806766 -0.0183253 0.0890231 
0.00914441 -0.0172013 -0.000356456 0.000373547 -0.0172013 0.0864601 0.000374248 -0.00079686 -0.000356456 0.000374248 0.0101929 -0.0183552 0.000373547 -0.00079686 -0.0183552 0.0891559 
0.00916923 -0.0172285 -0.000410022 0.000378627 -0.0172285 0.0866119 0.00037647 -0.000791047 -0.000410022 0.00037647 0.0102056 -0.0183949 0.000378627 -0.000791047 -0.0183949 0.0893646 
0.00919404 -0.0172687 -0.000424976 0.000436018 -0.0172687 0.086779 0.000434836 -0.000870318 -0.000424976 0.000434836 0.0102183 -0.018419 0.000436018 -0.000870318 -0.018419 0.0895304 
0.00922455 -0.0173611 -0.000449747 0.000464725 -0.0173611 0.0872084 0.000462633 -0.000967126 -0.000449747 0.000462633 0.0102859 -0.0184941 0.000464725 -0.000967126 -0.0184941 0.0899213 
0.0092449 -0.0173963 -0.000421879 0.000481774 -0.0173963 0.0874382 0.000477973 -0.0010058 -0.000421879 0.000477973 0.0103002 -0.0185552 0.000481774 -0.0010058 -0.0185552 0.0901502 
0.00923536 -0.0173619 -0.000403111 0.000443712 -0.0173619 0.0872716 0.000443737 -0.000965581 -0.000403111 0.000443737 0.0102548 -0.0184957 0.000443712 -0.000965581 -0.0184957 0.0899323 
0.00921791 -0.0173216 -0.000391539 0.000424217 -0.0173216 0.0870392 0.00042759 -0.000917817 -0.000391539 0.00042759 0.010217 -0.0184078 0.000424217 -0.000917817 -0.0184078 0.0895914 
0.00921466 -0.0173246 -0.000405688 0.00041135 -0.0173246 0.0870243 0.000414731 -0.00088087 -0.000405688 0.000414731 0.0102115 -0.0183854 0.00041135 -0.00088087 -0.0183854 0.0894859 
0.00923424 -0.0173144 -0.000413675 0.000432421 -0.0173144 0.0869878 0.000435803 -0.000906215 -0.000413675 0.000435803 0.0101904 -0.0183787 0.000432421 -0.000906215 -0.0183787 0.0894269 
0.0091345 -0.0171843 -0.000386883 0.000437919 -0.0171843 0.0862215 0.000446132 -0.000935704 -0.000386883 0.000446132 0.0101151 -0.0181801 0.000437919 -0.000935704 -0.0181801 0.0885373 
0.00919542 -0.0173662 -0.000369775 0.000422502 -0.0173662 0.0872152 0.000429287 -0.000940007 -0.000369775 0.000429287 0.0102621 -0.0184188 0.000422502 -0.000940007 -0.0184188 0.0895869 
0.00917083 -0.0173355 -0.000376761 0.000401721 -0.0173355 0.0872614 0.000401048 -0.0008958 -0.000376761 0.000401048 0.0102945 -0.0185054 0.000401721 -0.0008958 -0.0185054 0.0898747 
0.00914617 -0.0172317 -0.000372884 0.000397937 -0.0172317 0.0868928 0.000392312 -0.000850232 -0.000372884 0.000392312 0.0102734 -0.0184943 0.000397937 -0.000850232 -0.0184943 0.0897895 
0.00921534 -0.0172841 -0.000383288 0.000394144 -0.0172841 0.0871208 0.000390127 -0.000829658 -0.000383288 0.000390127 0.0102659 -0.0185744 0.000394144 -0.000829658 -0.0185744 0.0902036 
0.00911746 -0.017086 -0.000379936 0.000398576 -0.017086 0.0859284 0.000400296 -0.000828788 -0.000379936 0.000400296 0.0100728 -0.0182491 0.000398576 -0.000828788 -0.0182491 0.0888467 
0.00912425 -0.0171357 -0.00038953 0.000399934 -0.0171357 0.0860904 0.000403043 -0.000838027 -0.00038953 0.000403043 0.0100787 -0.0182184 0.000399934 -0.000838027 -0.0182184 0.0888323 
0.00910804 -0.0171272 -0.000413368 0.000411538 -0.0171272 0.0860936 0.000410982 -0.000854567 -0.000413368 0.000410982 0.0100906 -0.018205 0.000411538 -0.000854567 -0.018205 0.0887454 
0.00926216 -0.0173911 -0.000430354 0.00045048 -0.0173911 0.0874911 0.000443136 -0.000919639 -0.000430354 0.000443136 0.0102685 -0.0185253 0.00045048 -0.000919639 -0.0185253 0.0902265 
0.00926688 -0.0173819 -0.000431882 0.000469505 -0.0173819 0.0874189 0.00046166 -0.000981609 -0.000431882 0.00046166 0.0102745 -0.0185287 0.000469505 -0.000981609 -0.0185287 0.090203 
0.00926966 -0.0173616 -0.000389524 0.000457704 -0.0173616 0.0872839 0.000450773 -0.000971077 -0.000389524 0.000450773 0.0102615 -0.0185283 0.000457704 -0.000971077 -0.0185283 0.0901382 
0.00925376 -0.0173736 -0.000336325 0.00040798 -0.0173736 0.0872014 0.000400528 -0.000888437 -0.000336325 0.000400528 0.0102235 -0.018457 0.00040798 -0.000888437 -0.018457 0.0898733 
0.00922013 -0.0173311 -0.000284475 0.000348433 -0.0173311 0.0870055 0.00033929 -0.000758234 -0.000284475 0.00033929 0.0101872 -0.0183751 0.000348433 -0.000758234 -0.0183751 0.08951 
0.00918837 -0.017309 -0.000260485 0.000285343 -0.017309 0.0869275 0.000274649 -0.000604077 -0.000260485 0.000274649 0.0101828 -0.0183358 0.000285343 -0.000604077 -0.0183358 0.0893187 
0.00919102 -0.0173263 -0.000255116 0.000253662 -0.0173263 0.0871171 0.000242901 -0.000488077 -0.000255116 0.000242901 0.0102136 -0.0183973 0.000253662 -0.000488077 -0.0183973 0.0895436 
0.00920792 -0.0173837 -0.000279053 0.000254099 -0.0173837 0.0874922 0.00024675 -0.000462006 -0.000279053 0.00024675 0.0102939 -0.0185067 0.000254099 -0.000462006 -0.0185067 0.0900425 
0.00920737 -0.017364 -0.000324146 0.000283981 -0.017364 0.0874987 0.000283373 -0.00051521 -0.000324146 0.000283373 0.0103321 -0.0185642 0.000283981 -0.00051521 -0.0185642 0.0902216 
0.00922751 -0.0173405 -0.000321472 0.00033798 -0.0173405 0.0873805 0.000345526 -0.000637985 -0.000321472 0.000345526 0.010317 -0.0185764 0.00033798 -0.000637985 -0.0185764 0.0902208 
0.00913976 -0.0171734 -0.000307635 0.000328205 -0.0171734 0.0864177 0.000340841 -0.000681221 -0.000307635 0.000340841 0.0101765 -0.0183679 0.000328205 -0.000681221 -0.0183679 0.0892507 
0.00913608 -0.0171601 -0.000311291 0.000319907 -0.0171601 0.0862648 0.000335884 -0.000689802 -0.000311291 0.000335884 0.0101279 -0.0182698 0.000319907 -0.000689802 -0.0182698 0.0889194 
0.00926621 -0.0174539 -0.000317801 0.000335679 -0.0174539 0.0876662 0.000353522 -0.000725981 -0.000317801 0.000353522 0.0102781 -0.0185053 0.000335679 -0.000725981 -0.0185053 0.0901408 
0.00921753 -0.0174103 -0.000316312 0.000339776 -0.0174103 0.0875601 0.000352228 -0.000740167 -0.000316312 0.000352228 0.0102995 -0.0185048 0.000339776 -0.000740167 -0.0185048 0.0900623 
0.00915183 -0.0172748 -0.000355956 0.000347512 -0.0172748 0.0870416 0.000346874 -0.000753594 -0.000355956 0.000346874 0.0102862 -0.0184627 0.000347512 -0.000753594 -0.0184627 0.0897296 
0.0091544 -0.0172319 -0.000390219 0.000392432 -0.0172319 0.0868907 0.000383112 -0.000810252 -0.000390219 0.000383112 0.0102885 -0.0185092 0.000392432 -0.000810252 -0.0185092 0.0898357 
0.00913636 -0.0171925 -0.000375655 0.000430202 -0.0171925 0.0866496 0.000421633 -0.000895339 -0.000375655 0.000421633 0.010266 -0.0185019 0.000430202 -0.000895339 -0.0185019 0.0897997 
0.00916906 -0.0172536 -0.000350327 0.000420537 -0.0172536 0.0868842 0.000411691 -0.000927718 -0.000350327 0.000411691 0.0102534 -0.0185175 0.000420537 -0.000927718 -0.0185175 0.089983 
0.00915537 -0.017177 -0.000315268 0.00038208 -0.017177 0.0864695 0.000377239 -0.000869648 -0.000315268 0.000377239 0.0101537 -0.0183757 0.00038208 -0.000869648 -0.0183757 0.0894272 
0.00919041 -0.0172017 -0.000264691 0.00033246 -0.0172017 0.0865066 0.000334048 -0.000763576 -0.000264691 0.000334048 0.0101169 -0.0183356 0.00033246 -0.000763576 -0.0183356 0.089345 
0.00920831 -0.0172298 -0.000242901 0.000262088 -0.0172298 0.0865242 0.000269365 -0.000604731 -0.000242901 0.000269365 0.0100901 -0.0182798 0.000262088 -0.000604731 -0.0182798 0.0891848 
0.00914541 -0.0171749 -0.00022633 0.000230755 -0.0171749 0.0861573 0.00023719 -0.000480328 -0.00022633 0.00023719 0.0100364 -0.0181435 0.000230755 -0.000480328 -0.0181435 0.0885881 
0.00921675 -0.0173178 -0.000172598 0.000217311 -0.0173178 0.0869531 0.000221409 -0.000420188 -0.000172598 0.000221409 0.0101291 -0.0182926 0.000217311 -0.000420188 -0.0182926 0.089286 
0.009206 -0.0172831 -0.000135284 0.000159168 -0.0172831 0.0868463 0.000154683 -0.000310216 -0.000135284 0.000154683 0.010123 -0.0182981 0.000159168 -0.000310216 -0.0182981 0.0892355 
0.00923706 -0.0173482 -0.000154592 0.000126105 -0.0173482 0.0871623 0.000115743 -0.000212244 -0.000154592 0.000115743 0.010167 -0.0183723 0.000126105 -0.000212244 -0.0183723 0.0895986 
