0.00763972 0 0.000303852 0 0 0.00998644 0 0 0.000303852 0 0.00697775 0 0 0 0 0.00998644 
0.0106913 -0.0132777 0.000363129 -0.000447118 -0.0132777 0.0346479 -0.000447118 0.000852241 0.000363129 -0.000447118 0.00992799 -0.0123365 -0.000447118 0.000852241 -0.0123365 0.0328397 
0.0106898 -0.0199387 0.000251465 -0.000460182 -0.0199387 0.072935 -0.000460182 0.00146353 0.000251465 -0.000460182 0.0100335 -0.0188348 -0.000460182 0.00146353 -0.0188348 0.0694195 
0.0101403 -0.019496 0.000167108 -0.000309998 -0.019496 0.0868212 -0.000302732 0.00111163 0.000167108 -0.000302732 0.00947189 -0.0186192 -0.000309998 0.00111163 -0.0186192 0.0837479 
0.0102086 -0.0188089 0.000144138 -0.000187608 -0.0188089 0.0895967 -0.000180745 0.00059028 0.000144138 -0.000180745 0.00940787 -0.0179418 -0.000187608 0.00059028 -0.0179418 0.0872333 
0.0103992 -0.0188109 0.000143828 -0.000174336 -0.0188109 0.0904871 -0.000169978 0.000416228 0.000143828 -0.000169978 0.00955799 -0.0177997 -0.000174336 0.000416228 -0.0177997 0.0881684 
0.0105536 -0.0189936 0.000153837 -0.000166481 -0.0189936 0.0912296 -0.000170696 0.000379324 0.000153837 -0.000170696 0.00964116 -0.0178577 -0.000166481 0.000379324 -0.0178577 0.0885364 
0.0105874 -0.0190755 0.000202689 -0.000206826 -0.0190755 0.0915907 -0.000215099 0.000481904 0.000202689 -0.000215099 0.00967944 -0.0179276 -0.000206826 0.000481904 -0.0179276 0.0887634 
0.0105737 -0.0190882 0.000248986 -0.000263272 -0.0190882 0.0917022 -0.000265313 0.000624505 0.000248986 -0.000265313 0.00970228 -0.0179351 -0.000263272 0.000624505 -0.0179351 0.088794 
0.0105593 -0.0190397 0.000265963 -0.000302507 -0.0190397 0.0916009 -0.000302507 0.000708558 0.000265963 -0.000302507 0.00969445 -0.0179779 -0.000302507 0.000708558 -0.0179779 0.0888763 
0.0105404 -0.0190092 0.000253618 -0.00032666 -0.0190092 0.0914851 -0.000322602 0.000777086 0.000253618 -0.000322602 0.00967604 -0.0179765 -0.00032666 0.000777086 -0.0179765 0.0889003 
0.0105069 -0.0189822 0.000233396 -0.000318637 -0.0189822 0.0913919 -0.000314578 0.000789489 0.000233396 -0.000314578 0.00967682 -0.0179695 -0.000318637 0.000789489 -0.0179695 0.0889139 
0.0104764 -0.0189683 0.00022342 -0.000290446 -0.0189683 0.0913746 -0.000284352 0.000743378 0.00022342 -0.000284352 0.00968016 -0.0179487 -0.000290446 0.000743378 -0.0179487 0.0888723 
0.0104798 -0.0189553 0.000208745 -0.000277652 -0.0189553 0.0913737 -0.000273598 0.000697169 0.000208745 -0.000273598 0.00968133 -0.017942 -0.000277652 0.000697169 -0.017942 0.0888303 
0.010488 -0.0189608 0.000196056 -0.000238501 -0.0189608 0.0913984 -0.000234459 0.000604337 0.000196056 -0.000234459 0.00970577 -0.0179563 -0.000238501 0.000604337 -0.0179563 0.0888618 
0.0104688 -0.0189693 0.000190159 -0.000240733 -0.0189693 0.0914259 -0.000242756 0.000598798 0.000190159 -0.000242756 0.00972237 -0.0179781 -0.000240733 0.000598798 -0.0179781 0.088881 
0.0104154 -0.0189286 0.000192652 -0.000247406 -0.0189286 0.0913639 -0.00024335 0.00061446 0.000192652 -0.00024335 0.00975835 -0.018016 -0.000247406 0.00061446 -0.018016 0.088977 
0.0103965 -0.0188671 0.000202502 -0.000245028 -0.0188671 0.0912292 -0.000240978 0.000605481 0.000202502 -0.000240978 0.00978693 -0.0180753 -0.000245028 0.000605481 -0.0180753 0.0891374 
0.0104225 -0.0188525 0.000242009 -0.00026621 -0.0188525 0.0911687 -0.000264193 0.00064939 0.000242009 -0.000264193 0.00979328 -0.0181043 -0.00026621 0.00064939 -0.0181043 0.0892346 
0.0104283 -0.0188784 0.000246512 -0.000315213 -0.0188784 0.0911732 -0.000313192 0.000755702 0.000246512 -0.000313192 0.00977361 -0.0180944 -0.000315213 0.000755702 -0.0180944 0.0892335 
0.010408 -0.0188866 0.000228548 -0.00030136 -0.0188866 0.0912009 -0.000299338 0.000754412 0.000228548 -0.000299338 0.00977095 -0.0180695 -0.00030136 0.000754412 -0.0180695 0.0891905 
0.0103852 -0.0188696 0.000202203 -0.000262864 -0.0188696 0.0911876 -0.000262864 0.000673337 0.000202203 -0.000262864 0.00978664 -0.0180689 -0.000262864 0.000673337 -0.0180689 0.0891676 
0.0103687 -0.0188421 0.000201844 -0.00024625 -0.0188421 0.0911467 -0.00024625 0.000629753 0.000201844 -0.00024625 0.00980558 -0.0180751 -0.00024625 0.000629753 -0.0180751 0.0891707 
0.0103482 -0.018811 0.000188333 -0.000251111 -0.018811 0.0910641 -0.000249086 0.000621702 0.000188333 -0.000249086 0.00979939 -0.0181002 -0.000251111 0.000621702 -0.0181002 0.0892091 
0.0103345 -0.0187881 0.000201084 -0.00022952 -0.0187881 0.0909894 -0.000233582 0.000587002 0.000201084 -0.000233582 0.00978811 -0.0180955 -0.00022952 0.000587002 -0.0180955 0.0892223 
0.0103179 -0.0187703 0.000232412 -0.000260954 -0.0187703 0.0909445 -0.000262993 0.00064423 0.000232412 -0.000262993 0.00977354 -0.0180731 -0.000260954 0.00064423 -0.0180731 0.0891769 
0.0103034 -0.0187503 0.00023843 -0.000301603 -0.0187503 0.0908967 -0.000303641 0.000729554 0.00023843 -0.000303641 0.00976338 -0.0180432 -0.000301603 0.000729554 -0.0180432 0.0890891 
0.0103075 -0.0187249 0.000230141 -0.000287167 -0.0187249 0.0908404 -0.00029124 0.000723008 0.000230141 -0.00029124 0.00975348 -0.0180426 -0.000287167 0.000723008 -0.0180426 0.0890685 
0.0103135 -0.0186991 0.000227296 -0.000273973 -0.0186991 0.0907316 -0.000280061 0.000698123 0.000227296 -0.000280061 0.00978387 -0.0180883 -0.000273973 0.000698123 -0.0180883 0.0891974 
0.0103683 -0.0187253 0.000190022 -0.000270883 -0.0187253 0.0907457 -0.000272904 0.000675185 0.000190022 -0.000272904 0.00977806 -0.0181107 -0.000270883 0.000675185 -0.0181107 0.0892781 
0.0103791 -0.0187791 0.000172714 -0.000256024 -0.0187791 0.0908234 -0.000256024 0.000666474 0.000172714 -0.000256024 0.00975531 -0.0180923 -0.000256024 0.000666474 -0.0180923 0.089269 
0.0103894 -0.0188124 0.000164878 -0.000205589 -0.0188124 0.0909437 -0.000213731 0.000571986 0.000164878 -0.000213731 0.00971969 -0.018043 -0.000205589 0.000571986 -0.018043 0.0891667 
0.0104082 -0.0188373 0.000160846 -0.00018935 -0.0188373 0.0910409 -0.000193422 0.000494754 0.000160846 -0.000193422 0.00969963 -0.0180025 -0.00018935 0.000494754 -0.0180025 0.0890639 
0.0104151 -0.0188664 0.000164834 -0.000205534 -0.0188664 0.0911189 -0.000197394 0.000490433 0.000164834 -0.000197394 0.00969675 -0.017969 -0.000205534 0.000490433 -0.017969 0.0889394 
0.0103745 -0.0188859 0.000187737 -0.000210183 -0.0188859 0.0912013 -0.000206102 0.000501992 0.000187737 -0.000206102 0.00971742 -0.017935 -0.000210183 0.000501992 -0.017935 0.088824 
0.0103446 -0.0188456 0.000198267 -0.000233014 -0.0188456 0.0911843 -0.000235058 0.000555964 0.000198267 -0.000235058 0.0097212 -0.0179442 -0.000233014 0.000555964 -0.0179442 0.0887601 
0.0103193 -0.0187847 0.000218474 -0.000251143 -0.0187847 0.091026 -0.000253185 0.000618669 0.000218474 -0.000253185 0.00972719 -0.017972 -0.000251143 0.000618669 -0.017972 0.0888107 
0.0103247 -0.0187479 0.000217597 -0.000270471 -0.0187479 0.0908967 -0.000276572 0.000658893 0.000217597 -0.000276572 0.00972477 -0.0179853 -0.000270471 0.000658893 -0.0179853 0.0888753 
0.0103673 -0.0187508 0.000189891 -0.000252515 -0.0187508 0.0908468 -0.000256555 0.000632298 0.000189891 -0.000256555 0.00970466 -0.0179973 -0.000252515 0.000632298 -0.0179973 0.0889277 
0.0103928 -0.0188264 0.000159238 -0.000229786 -0.0188264 0.0909894 -0.000233818 0.000598654 0.000159238 -0.000233818 0.00969739 -0.0179536 -0.000229786 0.000598654 -0.0179536 0.0888588 
0.0103783 -0.0188316 0.000145746 -0.000224691 -0.0188316 0.0910304 -0.000224691 0.000601201 0.000145746 -0.000224691 0.00969412 -0.0179692 -0.000224691 0.000601201 -0.0179692 0.0888745 
0.0103655 -0.018814 0.000152135 -0.000190676 -0.018814 0.0910173 -0.00019879 0.000539572 0.000152135 -0.00019879 0.00967579 -0.0179621 -0.000190676 0.000539572 -0.0179621 0.0888814 
0.0103611 -0.0187816 0.000173262 -0.000207915 -0.0187816 0.0909402 -0.000207915 0.00054017 0.000173262 -0.000207915 0.00964765 -0.0179561 -0.000207915 0.00054017 -0.0179561 0.0888917 
0.0103417 -0.0187587 0.000195743 -0.000203899 -0.0187587 0.0908572 -0.000203899 0.000507707 0.000195743 -0.000203899 0.00966071 -0.0179492 -0.000203899 0.000507707 -0.0179492 0.0889018 
0.0103223 -0.0187572 0.000187715 -0.000238725 -0.0187572 0.0908317 -0.000230563 0.000540702 0.000187715 -0.000230563 0.00966938 -0.0179288 -0.000238725 0.000540702 -0.0179288 0.0888485 
0.0103374 -0.0187254 0.000167027 -0.000226098 -0.0187254 0.0907834 -0.000222024 0.000545894 0.000167027 -0.000222024 0.00967536 -0.0179493 -0.000226098 0.000545894 -0.0179493 0.0888625 
0.0103501 -0.0187429 0.000166153 -0.000206679 -0.0187429 0.0907927 -0.000208705 0.000526828 0.000166153 -0.000208705 0.00967945 -0.0179486 -0.000206679 0.000526828 -0.0179486 0.0888596 
0.0103524 -0.018785 0.00016201 -0.000206562 -0.018785 0.0908772 -0.000206562 0.000516405 0.00016201 -0.000206562 0.0096659 -0.0179203 -0.000206562 0.000516405 -0.0179203 0.088763 
0.0103169 -0.0187876 0.000173205 -0.000203771 -0.0187876 0.0909306 -0.000203771 0.000509426 0.000173205 -0.000203771 0.00967503 -0.0179053 -0.000203771 0.000509426 -0.0179053 0.0887074 
0.0103024 -0.0187433 0.000173304 -0.000207965 -0.0187433 0.0908907 -0.000210004 0.000513795 0.000173304 -0.000210004 0.00967239 -0.0179217 -0.000207965 0.000513795 -0.0179217 0.0887295 
0.0103196 -0.018714 0.000187221 -0.000238097 -0.018714 0.0908105 -0.000244202 0.000596259 0.000187221 -0.000244202 0.00967649 -0.0179468 -0.000238097 0.000596259 -0.0179468 0.088808 
0.0103254 -0.0187382 0.000182931 -0.000243907 -0.0187382 0.0908067 -0.000243907 0.000617899 0.000182931 -0.000243907 0.00967499 -0.0179353 -0.000243907 0.000617899 -0.0179353 0.0888047 
0.0103298 -0.0187466 0.000148556 -0.000205537 -0.0187466 0.0908249 -0.000201467 0.00053114 0.000148556 -0.000201467 0.00968058 -0.0179367 -0.000205537 0.00053114 -0.0179367 0.0888082 
0.0103253 -0.0187535 0.000142783 -0.000187658 -0.0187535 0.0908549 -0.000187658 0.000493622 0.000142783 -0.000187658 0.0096807 -0.0179417 -0.000187658 0.000493622 -0.0179417 0.0888131 
0.0103018 -0.0187316 0.000136786 -0.000165369 -0.0187316 0.09082 -0.000173535 0.000438941 0.000136786 -0.000173535 0.00970571 -0.0179598 -0.000165369 0.000438941 -0.0179598 0.088856 
0.0103044 -0.018694 0.000152612 -0.000189239 -0.018694 0.090735 -0.000191274 0.000474115 0.000152612 -0.000191274 0.00972444 -0.0180001 -0.000189239 0.000474115 -0.0180001 0.0889627 
0.0103363 -0.0187171 0.000156858 -0.000195564 -0.0187171 0.0907293 -0.000199638 0.000488909 0.000156858 -0.000199638 0.00968651 -0.0179898 -0.000195564 0.000488909 -0.0179898 0.0889529 
0.0103601 -0.0187582 0.000136505 -0.000195589 -0.0187582 0.0908165 -0.000189477 0.000470636 0.000136505 -0.000189477 0.00966128 -0.0179473 -0.000195589 0.000470636 -0.0179473 0.088881 
0.0103662 -0.0188048 0.000144825 -0.000187661 -0.0188048 0.0909317 -0.000179501 0.000473231 0.000144825 -0.000179501 0.00965024 -0.0179032 -0.000187661 0.000473231 -0.0179032 0.0887553 
0.0103484 -0.0188067 0.000142428 -0.000187192 -0.0188067 0.0909873 -0.000189226 0.000480187 0.000142428 -0.000189226 0.00966885 -0.017887 -0.000187192 0.000480187 -0.017887 0.088678 
0.0103395 -0.0187698 0.000127824 -0.000184635 -0.0187698 0.0909275 -0.000188693 0.000476804 0.000127824 -0.000188693 0.00968825 -0.017938 -0.000184635 0.000476804 -0.017938 0.0887647 
0.0103414 -0.0187712 0.000135671 -0.000166045 -0.0187712 0.0909159 -0.000170095 0.000451562 0.000135671 -0.000170095 0.0097096 -0.0179612 -0.000166045 0.000451562 -0.0179612 0.0888221 
0.010351 -0.0187619 0.000149546 -0.000161671 -0.0187619 0.0908874 -0.000167734 0.000420345 0.000149546 -0.000167734 0.00972451 -0.017996 -0.000161671 0.000420345 -0.017996 0.0889292 
0.0103442 -0.0187793 0.000164162 -0.000204695 -0.0187793 0.090905 -0.000208749 0.000504645 0.000164162 -0.000208749 0.00973621 -0.0180152 -0.000204695 0.000504645 -0.0180152 0.0890121 
0.0103336 -0.0187804 0.000168936 -0.000225926 -0.0187804 0.0909363 -0.000229997 0.000582116 0.000168936 -0.000229997 0.00971279 -0.0179988 -0.000225926 0.000582116 -0.0179988 0.0889762 
0.0103209 -0.018767 0.000171369 -0.000222372 -0.018767 0.0909154 -0.000222372 0.000583471 0.000171369 -0.000222372 0.00969052 -0.0179672 -0.000222372 0.000583471 -0.0179672 0.0889202 
0.0103003 -0.0187411 0.000161262 -0.000208211 -0.0187411 0.0908516 -0.000208211 0.0005389 0.000161262 -0.000208211 0.00969203 -0.0179409 -0.000208211 0.0005389 -0.0179409 0.088845 
0.0103017 -0.0186989 0.000136757 -0.000189827 -0.0186989 0.0907432 -0.000185744 0.000479669 0.000136757 -0.000185744 0.00967707 -0.0179539 -0.000189827 0.000479669 -0.0179539 0.0888551 
0.0103369 -0.0186909 0.000115802 -0.000158466 -0.0186909 0.0906629 -0.000156434 0.000412418 0.000115802 -0.000156434 0.00967252 -0.0179676 -0.000158466 0.000412418 -0.0179676 0.0889177 
0.0103709 -0.018731 0.000125684 -0.000143928 -0.018731 0.0907073 -0.000139874 0.00037097 0.000125684 -0.000139874 0.00968172 -0.0179769 -0.000143928 0.00037097 -0.0179769 0.088968 
0.0104033 -0.0187884 0.000119439 -0.000143732 -0.0187884 0.0908506 -0.000141707 0.000346171 0.000119439 -0.000141707 0.0096948 -0.0179827 -0.000143732 0.000346171 -0.0179827 0.0889861 
0.0104426 -0.0188472 0.000127373 -0.000167809 -0.0188472 0.0910333 -0.000163765 0.000410424 0.000127373 -0.000163765 0.00969248 -0.0179879 -0.000167809 0.000410424 -0.0179879 0.0889832 
0.0104524 -0.0189269 0.00011956 -0.000180353 -0.0189269 0.0912545 -0.0001763 0.000460001 0.00011956 -0.0001763 0.00967421 -0.017936 -0.000180353 0.000460001 -0.017936 0.0888491 
0.0104133 -0.0189349 0.000118101 -0.000158826 -0.0189349 0.0913495 -0.000154754 0.000417428 0.000118101 -0.000154754 0.00968025 -0.0179188 -0.000158826 0.000417428 -0.0179188 0.0887635 
0.0104158 -0.0188982 0.000113857 -0.000138254 -0.0188982 0.0913333 -0.000136221 0.000359868 0.000113857 -0.000136221 0.00966967 -0.0179141 -0.000138254 0.000359868 -0.0179141 0.0887247 
0.010406 -0.0188742 0.000123639 -0.000131747 -0.0188742 0.0912478 -0.000125666 0.000316192 0.000123639 -0.000125666 0.00967832 -0.0179176 -0.000131747 0.000316192 -0.0179176 0.0887243 
0.0103647 -0.018826 0.000131764 -0.000147981 -0.018826 0.0910912 -0.000150008 0.000340558 0.000131764 -0.000150008 0.00971807 -0.0179604 -0.000147981 0.000340558 -0.0179604 0.0888329 
0.0103535 -0.0188013 0.000133515 -0.000173974 -0.0188013 0.0910086 -0.000171951 0.000406613 0.000133515 -0.000171951 0.00972838 -0.0179861 -0.000173974 0.000406613 -0.0179861 0.0889067 
0.0103668 -0.0188001 0.000117185 -0.000163655 -0.0188001 0.0910042 -0.000161634 0.000418229 0.000117185 -0.000161634 0.00973848 -0.018002 -0.000163655 0.000418229 -0.018002 0.0889676 
0.0104075 -0.0188124 0.000126798 -0.000161013 -0.0188124 0.0910267 -0.000165038 0.000426685 0.000126798 -0.000165038 0.00972922 -0.0180274 -0.000161013 0.000426685 -0.0180274 0.0890443 
0.0104452 -0.0188672 0.000132726 -0.000187023 -0.0188672 0.0911186 -0.000187023 0.000474597 0.000132726 -0.000187023 0.00969907 -0.0180025 -0.000187023 0.000474597 -0.0180025 0.0890191 
0.0104292 -0.0189036 0.00016138 -0.000181552 -0.0189036 0.0912179 -0.00018357 0.000492208 0.00016138 -0.00018357 0.00969893 -0.0179797 -0.000181552 0.000492208 -0.0179797 0.0889747 
0.0104083 -0.0188826 0.000174519 -0.000202929 -0.0188826 0.091229 -0.000206988 0.000503265 0.000174519 -0.000206988 0.00968785 -0.0179796 -0.000202929 0.000503265 -0.0179796 0.0889541 
0.0103722 -0.0188383 0.00018347 -0.000216087 -0.0188383 0.0911235 -0.000222203 0.000538179 0.00018347 -0.000222203 0.00969538 -0.0179903 -0.000216087 0.000538179 -0.0179903 0.0889953 
0.0103514 -0.0187896 0.000212797 -0.000235305 -0.0187896 0.0909954 -0.000237351 0.000591331 0.000212797 -0.000237351 0.00968842 -0.0179896 -0.000235305 0.000591331 -0.0179896 0.0889943 
0.010335 -0.0187622 0.000204694 -0.000268149 -0.0187622 0.0908942 -0.000276336 0.000659113 0.000204694 -0.000276336 0.00969224 -0.0179741 -0.000268149 0.000659113 -0.0179741 0.0889558 
0.010318 -0.0187489 0.000186444 -0.000252007 -0.0187489 0.0908353 -0.000252007 0.000659727 0.000186444 -0.000252007 0.00968282 -0.017954 -0.000252007 0.000659727 -0.017954 0.0888746 
0.0103386 -0.018745 0.000169352 -0.000224443 -0.018745 0.090834 -0.000226483 0.000595793 0.000169352 -0.000226483 0.0096796 -0.017935 -0.000224443 0.000595793 -0.017935 0.0888099 
0.0103593 -0.018771 0.000168924 -0.000197418 -0.018771 0.0908874 -0.000199453 0.000518985 0.000168924 -0.000199453 0.0096755 -0.0179243 -0.000197418 0.000518985 -0.0179243 0.0887667 
0.0103559 -0.0187772 0.000187547 -0.000220164 -0.0187772 0.0908809 -0.000220164 0.000542256 0.000187547 -0.000220164 0.00967499 -0.0179373 -0.000220164 0.000542256 -0.0179373 0.0887934 
0.0103475 -0.0187629 0.00018769 -0.000238693 -0.0187629 0.0908564 -0.000232573 0.000577352 0.00018769 -0.000232573 0.00967829 -0.017955 -0.000238693 0.000577352 -0.017955 0.088851 
0.0103703 -0.0187621 0.000168607 -0.000211267 -0.0187621 0.0908568 -0.000211267 0.000520041 0.000168607 -0.000211267 0.00968373 -0.0179556 -0.000211267 0.000520041 -0.0179556 0.0888782 
0.0103896 -0.0188135 0.000172247 -0.000208723 -0.0188135 0.0909588 -0.000206697 0.000514716 0.000172247 -0.000206697 0.00966815 -0.0179239 -0.000208723 0.000514716 -0.0179239 0.0887905 
0.0103915 -0.0188565 0.000172178 -0.000228896 -0.0188565 0.0910822 -0.000224844 0.000552995 0.000172178 -0.000224844 0.0096521 -0.0178903 -0.000228896 0.000552995 -0.0178903 0.0886757 
0.0103593 -0.0188172 0.000168428 -0.000227276 -0.0188172 0.0910342 -0.000231334 0.000578336 0.000168428 -0.000231334 0.00966532 -0.0179122 -0.000227276 0.000578336 -0.0179122 0.0887066 
0.0103635 -0.0187996 0.000142021 -0.000206945 -0.0187996 0.0910072 -0.000206945 0.000533594 0.000142021 -0.000206945 0.00965947 -0.017919 -0.000206945 0.000533594 -0.017919 0.0887288 
0.0103589 -0.018796 0.00013218 -0.000178952 -0.018796 0.0909745 -0.000183019 0.000471782 0.00013218 -0.000183019 0.00964509 -0.0179053 -0.000178952 0.000471782 -0.0179053 0.0887275 
0.0103732 -0.0187742 0.000128493 -0.000152968 -0.0187742 0.0909198 -0.000152968 0.000395676 0.000128493 -0.000152968 0.00962472 -0.0179196 -0.000152968 0.000395676 -0.0179196 0.0887742 
0.0103774 -0.01877 0.000145124 -0.000165564 -0.01877 0.0908742 -0.00017374 0.000414932 0.000145124 -0.00017374 0.00960475 -0.0178952 -0.000165564 0.000414932 -0.0178952 0.0887586 
0.0103564 -0.0188092 0.000116295 -0.00015302 -0.0188092 0.0909612 -0.000165262 0.000387651 0.000116295 -0.000165262 0.0096321 -0.0178462 -0.00015302 0.000387651 -0.0178462 0.0886312 
0.0103729 -0.0187838 9.95247e-05 -0.000150303 -0.0187838 0.0909534 -0.000154365 0.000404192 9.95247e-05 -0.000154365 0.00964171 -0.017882 -0.000150303 0.000404192 -0.017882 0.088642 
0.0103874 -0.0188054 8.33266e-05 -0.000126006 -0.0188054 0.0909804 -0.000121941 0.000341436 8.33266e-05 -0.000121941 0.00963946 -0.0178969 -0.000126006 0.000341436 -0.0178969 0.0886777 
0.0103771 -0.0188275 7.73958e-05 -9.97998e-05 -0.0188275 0.0910256 -8.96161e-05 0.000252555 7.73958e-05 -8.96161e-05 0.00963984 -0.0178825 -9.97998e-05 0.000252555 -0.0178825 0.0886609 
0.0103643 -0.0188058 7.95216e-05 -8.97166e-05 -0.0188058 0.0910033 -8.56386e-05 0.00020594 7.95216e-05 -8.56386e-05 0.00964046 -0.0178964 -8.97166e-05 0.00020594 -0.0178964 0.0886788 
0.0103605 -0.0188007 9.59115e-05 -0.000114278 -0.0188007 0.0909996 -0.000110196 0.000267328 9.59115e-05 -0.000110196 0.00963809 -0.0178885 -0.000114278 0.000267328 -0.0178885 0.0886712 
0.0103457 -0.0187837 8.41951e-05 -0.000119105 -0.0187837 0.0909554 -0.000117052 0.000277228 8.41951e-05 -0.000117052 0.00964548 -0.0178987 -0.000119105 0.000277228 -0.0178987 0.0886965 
0.0103581 -0.0187849 8.41454e-05 -0.000108773 -0.0187849 0.090957 -0.000112878 0.000283221 8.41454e-05 -0.000112878 0.00962951 -0.0178799 -0.000108773 0.000283221 -0.0178799 0.0886502 
0.0103525 -0.0187829 0.000123342 -0.000106896 -0.0187829 0.0909397 -0.000113063 0.00028163 0.000123342 -0.000113063 0.00961859 -0.0178681 -0.000106896 0.00028163 -0.0178681 0.0886004 
0.0103636 -0.0187721 0.00012706 -0.000145504 -0.0187721 0.0909072 -0.000149603 0.000336094 0.00012706 -0.000149603 0.00962991 -0.0178683 -0.000145504 0.000336094 -0.0178683 0.0886099 
0.0103501 -0.0187851 9.2174e-05 -0.000151575 -0.0187851 0.0909164 -0.00014543 0.000350261 9.2174e-05 -0.00014543 0.0096455 -0.0178654 -0.000151575 0.000350261 -0.0178654 0.0885874 
0.0103169 -0.0187662 7.37212e-05 -0.000124917 -0.0187662 0.0908737 -0.000114677 0.00032765 7.37212e-05 -0.000114677 0.00965748 -0.0178733 -0.000124917 0.00032765 -0.0178733 0.0885843 
0.0102764 -0.0187251 8.40148e-05 -0.000120899 -0.0187251 0.090777 -0.000120899 0.000329912 8.40148e-05 -0.000120899 0.00967195 -0.0178972 -0.000120899 0.000329912 -0.0178972 0.0886254 
0.0102604 -0.0186903 6.53791e-05 -0.000106241 -0.0186903 0.0907033 -0.000110327 0.000300335 6.53791e-05 -0.000110327 0.00968224 -0.0178975 -0.000106241 0.000300335 -0.0178975 0.0886377 
0.0102581 -0.0186669 4.06421e-05 -8.33164e-05 -0.0186669 0.0906442 -9.34769e-05 0.000256046 4.06421e-05 -9.34769e-05 0.00968502 -0.017911 -8.33164e-05 0.000256046 -0.017911 0.0886507 
0.0102726 -0.018661 4.6851e-05 -4.2777e-05 -0.018661 0.0906017 -5.4999e-05 0.000156849 4.6851e-05 -5.4999e-05 0.00966149 -0.0179215 -4.2777e-05 0.000156849 -0.0179215 0.0886808 
0.0102831 -0.0186678 5.11392e-05 -4.7048e-05 -0.0186678 0.0905879 -5.93214e-05 0.000128871 5.11392e-05 -5.93214e-05 0.00961212 -0.0178967 -4.7048e-05 0.000128871 -0.0178967 0.0886671 
0.0102751 -0.01866 5.93227e-05 -5.52314e-05 -0.01866 0.0905755 -6.54595e-05 0.000132965 5.93227e-05 -6.54595e-05 0.00961436 -0.0178725 -5.52314e-05 0.000132965 -0.0178725 0.0886649 
0.0102776 -0.0186664 6.7602e-05 -9.83302e-05 -0.0186664 0.0905867 -0.000100379 0.000229437 6.7602e-05 -0.000100379 0.00961178 -0.0178633 -9.83302e-05 0.000229437 -0.0178633 0.0886283 
0.0102711 -0.0186645 4.51477e-05 -9.02955e-05 -0.0186645 0.0905869 -9.02955e-05 0.000238052 4.51477e-05 -9.02955e-05 0.00961237 -0.017858 -9.02955e-05 0.000238052 -0.017858 0.0886066 
0.0102717 -0.0186642 2.87205e-05 -4.30807e-05 -0.0186642 0.0905988 -3.89778e-05 0.000143602 2.87205e-05 -3.89778e-05 0.00961931 -0.0178539 -4.30807e-05 0.000143602 -0.0178539 0.0885842 
0.0102703 -0.0186657 2.86252e-05 -3.68038e-05 -0.0186657 0.0905925 -3.27145e-05 9.20095e-05 2.86252e-05 -3.27145e-05 0.00963646 -0.0178621 -3.68038e-05 9.20095e-05 -0.0178621 0.0885867 
0.0103008 -0.0186633 4.2801e-05 -2.44577e-05 -0.0186633 0.0905954 -1.63051e-05 4.2801e-05 4.2801e-05 -1.63051e-05 0.00963633 -0.0178867 -2.44577e-05 4.2801e-05 -0.0178867 0.0886286 
0.0103039 -0.0186889 7.97013e-05 -6.53959e-05 -0.0186889 0.0906286 -6.13087e-05 0.000122617 7.97013e-05 -6.13087e-05 0.00962751 -0.0178878 -6.53959e-05 0.000122617 -0.0178878 0.0886483 
0.0103075 -0.0187116 7.9903e-05 -0.000106537 -0.0187116 0.0907001 -0.00010244 0.000219221 7.9903e-05 -0.00010244 0.00961089 -0.0178634 -0.000106537 0.000219221 -0.0178634 0.0886021 
0.0102958 -0.0187131 7.80138e-05 -0.000100597 -0.0187131 0.0907198 -0.00010265 0.000254572 7.80138e-05 -0.00010265 0.00960392 -0.0178405 -0.000100597 0.000254572 -0.0178405 0.0885375 
0.0102947 -0.0187163 8.59768e-05 -0.000106447 -0.0187163 0.0907669 -0.000110542 0.000284542 8.59768e-05 -0.000110542 0.00960279 -0.0178095 -0.000106447 0.000284542 -0.0178095 0.0884496 
0.0103024 -0.0187119 8.99415e-05 -0.000112427 -0.0187119 0.090753 -0.000114471 0.00029231 8.99415e-05 -0.000114471 0.00961352 -0.0178207 -0.000112427 0.00029231 -0.0178207 0.0884452 
0.0103124 -0.0187159 8.96373e-05 -0.000116121 -0.0187159 0.0907496 -0.000112047 0.000297433 8.96373e-05 -0.000112047 0.00962379 -0.0178439 -0.000116121 0.000297433 -0.0178439 0.0884904 
0.0103127 -0.0187256 9.37708e-05 -0.00012231 -0.0187256 0.0907579 -0.000118233 0.000301697 9.37708e-05 -0.000118233 0.00963189 -0.0178552 -0.00012231 0.000301697 -0.0178552 0.0885502 
0.0103277 -0.0187148 9.36658e-05 -0.000128281 -0.0187148 0.0907499 -0.000124209 0.000319685 9.36658e-05 -0.000124209 0.00963128 -0.0178963 -0.000128281 0.000319685 -0.0178963 0.0886567 
0.0103327 -0.0187413 8.97789e-05 -0.000106102 -0.0187413 0.0907766 -0.000104062 0.000273417 8.97789e-05 -0.000104062 0.00962674 -0.0178844 -0.000106102 0.000273417 -0.0178844 0.0886648 
0.0103394 -0.0187345 0.000108127 -0.000112207 -0.0187345 0.0907835 -0.000116287 0.000287658 0.000108127 -0.000116287 0.00962123 -0.0178878 -0.000112207 0.000287658 -0.0178878 0.0887026 
0.0103268 -0.0187506 0.000120721 -0.000145274 -0.0187506 0.0908068 -0.000145274 0.000343748 0.000120721 -0.000145274 0.00962495 -0.0178749 -0.000145274 0.000343748 -0.0178749 0.0886665 
0.0103025 -0.01873 0.000124867 -0.000147384 -0.01873 0.0907822 -0.000147384 0.000362318 0.000124867 -0.000147384 0.00964544 -0.0178805 -0.000147384 0.000362318 -0.0178805 0.0886615 
0.0102455 -0.0187003 0.000125271 -0.000154022 -0.0187003 0.0907209 -0.000149915 0.00037992 0.000125271 -0.000149915 0.00967462 -0.017885 -0.000154022 0.00037992 -0.017885 0.0886529 
0.0102159 -0.0186319 0.000129446 -0.00016643 -0.0186319 0.0905831 -0.000170539 0.000423267 0.000129446 -0.000170539 0.00968582 -0.0179169 -0.00016643 0.000423267 -0.0179169 0.0886846 
0.0102027 -0.018597 0.000138153 -0.000162897 -0.018597 0.0904654 -0.000164959 0.000422707 0.000138153 -0.000164959 0.00965421 -0.0179063 -0.000162897 0.000422707 -0.0179063 0.0886612 
0.0102194 -0.0185778 0.000129541 -0.00016244 -0.0185778 0.0903827 -0.000160384 0.000407129 0.000129541 -0.000160384 0.00963539 -0.017889 -0.00016244 0.000407129 -0.017889 0.0886431 
0.0102359 -0.0185926 0.000123225 -0.000158138 -0.0185926 0.0903772 -0.00014787 0.000390212 0.000123225 -0.00014787 0.00962591 -0.0178635 -0.000158138 0.000390212 -0.0178635 0.0885986 
0.0102425 -0.0186401 0.000112623 -0.000165862 -0.0186401 0.0905035 -0.000155624 0.000409536 0.000112623 -0.000155624 0.00963025 -0.0178189 -0.000165862 0.000409536 -0.0178189 0.088464 
0.010205 -0.0186263 0.000112121 -0.000144738 -0.0186263 0.090504 -0.000134545 0.000366941 0.000112121 -0.000134545 0.00967705 -0.0178537 -0.000144738 0.000366941 -0.0178537 0.0884899 
0.0101956 -0.0185658 0.000108095 -0.000144806 -0.0185658 0.0903877 -0.000140727 0.000358957 0.000108095 -0.000140727 0.00970406 -0.0179417 -0.000144806 0.000358957 -0.0179417 0.0886847 
0.0101832 -0.0185666 0.000102261 -0.000130895 -0.0185666 0.0903418 -0.000126804 0.000323146 0.000102261 -0.000126804 0.00970256 -0.017951 -0.000130895 0.000323146 -0.017951 0.0887711 
0.0101902 -0.0185659 8.76712e-05 -0.000114176 -0.0185659 0.0903523 -0.000112138 0.000277286 8.76712e-05 -0.000112138 0.00969888 -0.017944 -0.000114176 0.000277286 -0.017944 0.0887783 
0.0101981 -0.01859 7.72889e-05 -0.000115933 -0.01859 0.0904178 -0.000113899 0.000286782 7.72889e-05 -0.000113899 0.00969772 -0.0179269 -0.000115933 0.000286782 -0.0179269 0.0887337 
0.0102067 -0.0185836 7.35175e-05 -0.000114361 -0.0185836 0.0904102 -0.000116403 0.000304281 7.35175e-05 -0.000116403 0.00966552 -0.0179281 -0.000114361 0.000304281 -0.0179281 0.0887173 
0.0101944 -0.0185778 4.91098e-05 -8.79884e-05 -0.0185778 0.0903743 -8.59421e-05 0.000249641 4.91098e-05 -8.59421e-05 0.00964803 -0.0179046 -8.79884e-05 0.000249641 -0.0179046 0.0887005 
0.0101753 -0.018575 5.74761e-05 -5.54234e-05 -0.018575 0.0903791 -5.95288e-05 0.000170376 5.74761e-05 -5.95288e-05 0.00963956 -0.017871 -5.54234e-05 0.000170376 -0.017871 0.0886199 
0.010168 -0.0185369 6.3743e-05 -7.19679e-05 -0.0185369 0.0903033 -7.60803e-05 0.000172723 6.3743e-05 -7.60803e-05 0.00963753 -0.0178748 -7.19679e-05 0.000172723 -0.0178748 0.0886007 
0.0101527 -0.018534 8.06097e-05 -9.09442e-05 -0.018534 0.0902663 -9.92119e-05 0.000225294 8.06097e-05 -9.92119e-05 0.00960908 -0.0178375 -9.09442e-05 0.000225294 -0.0178375 0.0885073 
