0.00686026 0 -0.000100686 0 0 0.00998424 0 0 -0.000100686 0 0.00772017 0 0 0 0 0.00998424 
0.00977665 -0.0121446 -0.000111464 0.00013128 -0.0121446 0.0324732 0.00013128 -0.000252652 -0.000111464 0.00013128 0.0107996 -0.0134153 0.00013128 -0.000252652 -0.0134153 0.0349032 
0.00994904 -0.0186462 -0.000116333 0.000121391 -0.0186462 0.0688188 0.000121391 -0.000371761 -0.000116333 0.000121391 0.0107103 -0.0200321 0.000121391 -0.000371761 -0.0200321 0.0732344 
0.00942356 -0.0185062 -0.000136362 0.000136362 -0.0185062 0.0832438 0.000129056 -0.000345774 -0.000136362 0.000129056 0.0101248 -0.0195021 0.000136362 -0.000345774 -0.0195021 0.086911 
0.00940776 -0.017924 -0.000181051 0.000176467 -0.017924 0.0870922 0.000174175 -0.000371268 -0.000181051 0.000174175 0.0101778 -0.0187513 0.000176467 -0.000371268 -0.0187513 0.0894551 
0.0095279 -0.0177879 -0.000196407 0.000244417 -0.0177879 0.0881058 0.000240053 -0.000521569 -0.000196407 0.000240053 0.0104357 -0.0187896 0.000244417 -0.000521569 -0.0187896 0.0904212 
0.00962966 -0.0178378 -0.000200662 0.000287263 -0.0178378 0.0885004 0.000280927 -0.000686475 -0.000200662 0.000280927 0.0105654 -0.0190101 0.000287263 -0.000686475 -0.0190101 0.0912061 
0.00965086 -0.0178938 -0.000177534 0.00027043 -0.0178938 0.0886702 0.000262173 -0.000699816 -0.000177534 0.000262173 0.0106273 -0.0191056 0.00027043 -0.000699816 -0.0191056 0.0916449 
0.0096733 -0.0179184 -0.000148946 0.000226479 -0.0179184 0.0887389 0.000222398 -0.000624347 -0.000148946 0.000222398 0.0106221 -0.0191303 0.000226479 -0.000624347 -0.0191303 0.0917933 
0.00970224 -0.0179243 -0.000158156 0.000200736 -0.0179243 0.0887395 0.000208847 -0.000567738 -0.000158156 0.000208847 0.0105762 -0.0191186 0.000200736 -0.000567738 -0.0191186 0.0918013 
0.00971697 -0.0179649 -0.000167953 0.000208423 -0.0179649 0.0888166 0.000216517 -0.000554446 -0.000167953 0.000216517 0.0105486 -0.0190677 0.000208423 -0.000554446 -0.0190677 0.0917163 
0.00975477 -0.0180355 -0.000179709 0.000205959 -0.0180355 0.0890186 0.000209997 -0.000529031 -0.000179709 0.000209997 0.0105281 -0.0190148 0.000205959 -0.000529031 -0.0190148 0.0915668 
0.00972709 -0.0180631 -0.000164247 0.000218996 -0.0180631 0.0891274 0.000223052 -0.000535324 -0.000164247 0.000223052 0.010522 -0.0189878 0.000218996 -0.000535324 -0.0189878 0.0914593 
0.00968398 -0.0180097 -0.000131576 0.000192303 -0.0180097 0.0890626 0.000188255 -0.000469624 -0.000131576 0.000188255 0.0105544 -0.0190097 0.000192303 -0.000469624 -0.0190097 0.0914937 
0.00965269 -0.0179704 -0.000115468 0.000153957 -0.0179704 0.0889809 0.000153957 -0.000399072 -0.000115468 0.000153957 0.0105663 -0.0190339 0.000153957 -0.000399072 -0.0190339 0.0915374 
0.00965165 -0.0179384 -8.89739e-05 0.000139527 -0.0179384 0.0888971 0.000127394 -0.000333652 -8.89739e-05 0.000127394 0.0105778 -0.0190586 0.000139527 -0.000333652 -0.0190586 0.0916108 
0.00966878 -0.0179341 -7.26976e-05 9.49108e-05 -0.0179341 0.0888607 8.88526e-05 -0.000240306 -7.26976e-05 8.88526e-05 0.0105896 -0.0190851 9.49108e-05 -0.000240306 -0.0190851 0.091702 
0.00970829 -0.0179462 -6.84817e-05 8.05667e-05 -0.0179462 0.0888691 7.45242e-05 -0.000197388 -6.84817e-05 7.45242e-05 0.0105824 -0.0191084 8.05667e-05 -0.000197388 -0.0191084 0.0917836 
0.00971028 -0.017982 -8.84031e-05 9.44306e-05 -0.017982 0.0889114 9.44306e-05 -0.000218999 -8.84031e-05 9.44306e-05 0.0105802 -0.0190991 9.44306e-05 -0.000218999 -0.0190991 0.0917986 
0.00970532 -0.017983 -8.85963e-05 0.000112759 -0.017983 0.0889224 0.000110745 -0.000255721 -8.85963e-05 0.000110745 0.0105691 -0.0191066 0.000112759 -0.000255721 -0.0191066 0.0918159 
0.00970033 -0.0180034 -9.49033e-05 0.000117115 -0.0180034 0.0889991 0.000117115 -0.000286729 -9.49033e-05 0.000117115 0.0105545 -0.0190695 0.000117115 -0.000286729 -0.0190695 0.0917392 
0.00970909 -0.0179866 -0.000107316 0.000139714 -0.0179866 0.0889936 0.000139714 -0.000344222 -0.000107316 0.000139714 0.0105089 -0.0190395 0.000139714 -0.000344222 -0.0190395 0.0916401 
0.00971559 -0.0179966 -0.000109574 0.000137983 -0.0179966 0.0890089 0.000133924 -0.000342927 -0.000109574 0.000133924 0.0104664 -0.0189807 0.000137983 -0.000342927 -0.0189807 0.0915027 
0.00971075 -0.0180087 -8.94438e-05 0.000121969 -0.0180087 0.0890271 0.000121969 -0.000304922 -8.94438e-05 0.000121969 0.0104405 -0.0189153 0.000121969 -0.000304922 -0.0189153 0.0913343 
0.00970523 -0.0180139 -6.26535e-05 9.90329e-05 -0.0180139 0.089067 9.90329e-05 -0.000256677 -6.26535e-05 9.90329e-05 0.0104631 -0.018887 9.90329e-05 -0.000256677 -0.018887 0.0912214 
0.00971335 -0.0180204 -6.64884e-05 6.24588e-05 -0.0180204 0.0891005 6.44736e-05 -0.000165214 -6.64884e-05 6.44736e-05 0.0104971 -0.0189109 6.24588e-05 -0.000165214 -0.0189109 0.0912221 
0.00971563 -0.0180211 -8.2712e-05 7.46425e-05 -0.0180211 0.089103 8.06946e-05 -0.000165424 -8.2712e-05 8.06946e-05 0.0105044 -0.0189572 7.46425e-05 -0.000165424 -0.0189572 0.091308 
0.00969803 -0.0180155 -9.71625e-05 9.71625e-05 -0.0180155 0.0890818 0.000107284 -0.000218616 -9.71625e-05 0.000107284 0.0105057 -0.0189689 9.71625e-05 -0.000218616 -0.0189689 0.091361 
0.00967504 -0.0179752 -0.000113395 0.000131619 -0.0179752 0.088993 0.000131619 -0.000303737 -0.000113395 0.000131619 0.0105093 -0.0189856 0.000131619 -0.000303737 -0.0189856 0.091433 
0.00965849 -0.0179323 -0.000115561 0.000147999 -0.0179323 0.0888767 0.000145972 -0.000360875 -0.000115561 0.000145972 0.0104938 -0.0189926 0.000147999 -0.000360875 -0.0189926 0.0914637 
0.00967054 -0.0179211 -0.000101135 0.000123385 -0.0179211 0.0888108 0.000123385 -0.000311496 -0.000101135 0.000123385 0.0104877 -0.018979 0.000123385 -0.000311496 -0.018979 0.0914666 
0.00968784 -0.0179434 -0.000111261 0.000141606 -0.0179434 0.0888372 0.000141606 -0.000349968 -0.000111261 0.000141606 0.0104626 -0.0189549 0.000141606 -0.000349968 -0.0189549 0.0913963 
0.00970152 -0.0179524 -9.95548e-05 0.000142221 -0.0179524 0.0888415 0.000140189 -0.000365712 -9.95548e-05 0.000140189 0.0104167 -0.0189276 0.000142221 -0.000365712 -0.0189276 0.0913324 
0.00970034 -0.0179494 -9.13403e-05 0.000131936 -0.0179494 0.0888335 0.000131936 -0.000349123 -9.13403e-05 0.000131936 0.0103905 -0.0188831 0.000131936 -0.000349123 -0.0188831 0.091251 
0.00969417 -0.0179549 -7.94103e-05 0.00010588 -0.0179549 0.0888337 0.000116061 -0.000289135 -7.94103e-05 0.000116061 0.0103661 -0.0188426 0.00010588 -0.000289135 -0.0188426 0.0911447 
0.00967705 -0.0179437 -7.14399e-05 9.38925e-05 -0.0179437 0.0888101 0.000102057 -0.000249019 -7.14399e-05 0.000102057 0.0103506 -0.0188071 9.38925e-05 -0.000249019 -0.0188071 0.0910471 
0.00968859 -0.017966 -7.76068e-05 7.96491e-05 -0.017966 0.0888924 8.57759e-05 -0.000210355 -7.76068e-05 8.57759e-05 0.0103258 -0.0187441 7.96491e-05 -0.000210355 -0.0187441 0.0908632 
0.00967035 -0.017961 -7.14357e-05 0.000110215 -0.017961 0.0888905 0.000112256 -0.000255128 -7.14357e-05 0.000112256 0.0103337 -0.0187284 0.000110215 -0.000255128 -0.0187284 0.0907764 
0.00964601 -0.0179219 -9.17502e-05 9.99058e-05 -0.0179219 0.0888101 9.99058e-05 -0.000260978 -9.17502e-05 9.99058e-05 0.0103453 -0.0187456 9.99058e-05 -0.000260978 -0.0187456 0.0907777 
0.00962684 -0.017898 -0.000131061 0.000120822 -0.017898 0.0887304 0.000116726 -0.000294887 -0.000131061 0.000116726 0.0103313 -0.0187438 0.000120822 -0.000294887 -0.0187438 0.0907598 
0.00962498 -0.0178735 -0.000155671 0.000161816 -0.0178735 0.0886751 0.000167961 -0.000378936 -0.000155671 0.000167961 0.0103132 -0.0187256 0.000161816 -0.000378936 -0.0187256 0.0907255 
0.00965208 -0.0178635 -0.000128558 0.000183655 -0.0178635 0.0886216 0.000191817 -0.000438731 -0.000128558 0.000191817 0.0102969 -0.0187144 0.000183655 -0.000438731 -0.0187144 0.0907275 
0.00965209 -0.0178588 -0.000103677 0.00016263 -0.0178588 0.0885561 0.000168729 -0.000449266 -0.000103677 0.000168729 0.0103026 -0.0187248 0.00016263 -0.000449266 -0.0187248 0.0907699 
0.009653 -0.0178831 -8.54969e-05 0.000132317 -0.0178831 0.0886012 0.000134352 -0.000378629 -8.54969e-05 0.000134352 0.0102922 -0.0187136 0.000132317 -0.000378629 -0.0187136 0.0907387 
0.0096138 -0.017887 -8.13694e-05 0.000122054 -0.017887 0.0886195 0.000113917 -0.000339717 -8.13694e-05 0.000113917 0.0103237 -0.0187048 0.000122054 -0.000339717 -0.0187048 0.090729 
0.00960121 -0.0178649 -6.9426e-05 0.000100055 -0.0178649 0.0886305 8.98454e-05 -0.000259327 -6.9426e-05 8.98454e-05 0.0103159 -0.0187185 0.000100055 -0.000259327 -0.0187185 0.090699 
0.00959095 -0.0178439 -6.53696e-05 6.94552e-05 -0.0178439 0.0885963 6.33268e-05 -0.000179766 -6.53696e-05 6.33268e-05 0.0103223 -0.0187202 6.94552e-05 -0.000179766 -0.0187202 0.0907187 
0.00958766 -0.0178332 -6.76198e-05 7.17179e-05 -0.0178332 0.0885512 6.76198e-05 -0.000159829 -6.76198e-05 6.76198e-05 0.010311 -0.0187204 7.17179e-05 -0.000159829 -0.0187204 0.0907314 
0.00962059 -0.0178147 -6.3536e-05 7.58333e-05 -0.0178147 0.0884914 8.1982e-05 -0.00018036 -6.3536e-05 8.1982e-05 0.0102785 -0.0187288 7.58333e-05 -0.00018036 -0.0187288 0.0907725 
0.00964155 -0.0178537 -7.37247e-05 8.39643e-05 -0.0178537 0.0885229 8.19164e-05 -0.000210935 -7.37247e-05 8.19164e-05 0.0102723 -0.0186933 8.39643e-05 -0.000210935 -0.0186933 0.0907285 
0.00965534 -0.0179059 -9.43385e-05 0.000108694 -0.0179059 0.0886535 0.000102542 -0.000258405 -9.43385e-05 0.000102542 0.0102624 -0.0186524 0.000108694 -0.000258405 -0.0186524 0.0906141 
0.00965179 -0.0179048 -0.000121006 0.00012921 -0.0179048 0.0886832 0.000125108 -0.00030149 -0.000121006 0.000125108 0.010263 -0.0186514 0.00012921 -0.00030149 -0.0186514 0.0905783 
0.00963426 -0.0178866 -0.000131023 0.000145353 -0.0178866 0.0886512 0.000151495 -0.00033984 -0.000131023 0.000151495 0.0102853 -0.0186646 0.000145353 -0.00033984 -0.0186646 0.0905961 
0.00964317 -0.0178743 -0.000130783 0.000161435 -0.0178743 0.0886256 0.000161435 -0.000386217 -0.000130783 0.000161435 0.0102889 -0.0186876 0.000161435 -0.000386217 -0.0186876 0.0906527 
0.00966213 -0.0178916 -0.000150589 0.000146519 -0.0178916 0.0886462 0.000154659 -0.000380543 -0.000150589 0.000154659 0.0103113 -0.0187016 0.000146519 -0.000380543 -0.0187016 0.0907076 
0.00967332 -0.0179019 -0.000148758 0.000177287 -0.0179019 0.0886677 0.000189513 -0.000423857 -0.000148758 0.000189513 0.0103091 -0.0187333 0.000177287 -0.000423857 -0.0187333 0.0907666 
0.00965966 -0.0179018 -0.00013849 0.000183295 -0.0179018 0.088666 0.000189405 -0.000460275 -0.00013849 0.000189405 0.0103338 -0.0187511 0.000183295 -0.000460275 -0.0187511 0.0908534 
0.00962655 -0.0179267 -0.000150542 0.000191229 -0.0179267 0.0887547 0.000191229 -0.000496382 -0.000150542 0.000191229 0.0103813 -0.0187445 0.000191229 -0.000496382 -0.0187445 0.0908481 
0.00960901 -0.017886 -0.000162692 0.000193197 -0.017886 0.0887181 0.000195231 -0.000504346 -0.000162692 0.000195231 0.0104103 -0.0188072 0.000193197 -0.000504346 -0.0188072 0.0909307 
0.0096311 -0.0178599 -0.000154684 0.000187249 -0.0178599 0.0886541 0.000191319 -0.000478298 -0.000154684 0.000191319 0.0103903 -0.018849 0.000187249 -0.000478298 -0.018849 0.0910456 
0.00965322 -0.0178731 -0.000149045 0.000189879 -0.0178731 0.0886226 0.000189879 -0.000473677 -0.000149045 0.000189879 0.0103637 -0.018843 0.000189879 -0.000473677 -0.018843 0.0910971 
0.00967489 -0.0178943 -0.00015289 0.000187545 -0.0178943 0.08866 0.000189584 -0.000485172 -0.00015289 0.000189584 0.0103496 -0.0188137 0.000187545 -0.000485172 -0.0188137 0.0910757 
0.00967718 -0.017934 -0.000169381 0.000195911 -0.017934 0.0887455 0.000195911 -0.000499981 -0.000169381 0.000195911 0.0103506 -0.018785 0.000195911 -0.000499981 -0.018785 0.0909924 
0.00970138 -0.0179292 -0.000160572 0.000197158 -0.0179292 0.0887718 0.00019106 -0.00047765 -0.000160572 0.00019106 0.0103518 -0.0187971 0.000197158 -0.00047765 -0.0187971 0.0909974 
0.00970921 -0.0179467 -0.000150216 0.000196904 -0.0179467 0.0887775 0.000192844 -0.000479066 -0.000150216 0.000192844 0.0103507 -0.0188033 0.000196904 -0.000479066 -0.0188033 0.0910165 
0.00974114 -0.0180044 -0.000131774 0.000186511 -0.0180044 0.0889373 0.000176374 -0.000452086 -0.000131774 0.000176374 0.0103412 -0.0187727 0.000186511 -0.000452086 -0.0187727 0.0909402 
0.00977789 -0.0180666 -0.000135383 0.00015761 -0.0180666 0.0891306 0.00015559 -0.000402108 -0.000135383 0.00015559 0.0103518 -0.0187556 0.00015761 -0.000402108 -0.0187556 0.0908885 
0.00978545 -0.018109 -0.000176406 0.000176406 -0.018109 0.0892634 0.000182489 -0.000435945 -0.000176406 0.000182489 0.0103491 -0.0187578 0.000176406 -0.000435945 -0.0187578 0.090851 
0.00975365 -0.0181066 -0.000195725 0.000234463 -0.0181066 0.0892936 0.000240579 -0.000548439 -0.000195725 0.000240579 0.0103612 -0.0187672 0.000234463 -0.000548439 -0.0187672 0.0908676 
0.00971156 -0.018022 -0.000206585 0.000251584 -0.018022 0.0891242 0.00025772 -0.000621802 -0.000206585 0.00025772 0.0103743 -0.0188156 0.000251584 -0.000621802 -0.0188156 0.0909814 
0.00967302 -0.0179453 -0.000195456 0.00024432 -0.0179453 0.0888997 0.00024432 -0.000616907 -0.000195456 0.00024432 0.0104019 -0.0188472 0.00024432 -0.000616907 -0.0188472 0.0910905 
0.00967584 -0.0179083 -0.000218145 0.000260958 -0.0179083 0.0887564 0.000254842 -0.000646279 -0.000218145 0.000254842 0.0103853 -0.0188624 0.000260958 -0.000646279 -0.0188624 0.0911335 
0.00967219 -0.0179362 -0.000213671 0.000260475 -0.0179362 0.0887692 0.000254371 -0.000641014 -0.000213671 0.000254371 0.0103804 -0.0188153 0.000260475 -0.000641014 -0.0188153 0.0910525 
0.00968168 -0.017964 -0.000197585 0.00025462 -0.017964 0.0888645 0.000248509 -0.000625348 -0.000197585 0.000248509 0.0103559 -0.0187788 0.00025462 -0.000625348 -0.0187788 0.0909158 
0.00968588 -0.0179854 -0.000191638 0.000246683 -0.0179854 0.0889486 0.000242606 -0.000619766 -0.000191638 0.000242606 0.0103546 -0.018752 0.000246683 -0.000619766 -0.018752 0.0908161 
0.00971515 -0.0179983 -0.000190931 0.000227492 -0.0179983 0.0890024 0.000225461 -0.0005667 -0.000190931 0.000225461 0.010359 -0.0187559 0.000227492 -0.0005667 -0.0187559 0.0908142 
0.00970412 -0.0179719 -0.00022175 0.000248198 -0.0179719 0.0889198 0.000246163 -0.000612356 -0.00022175 0.000246163 0.0103633 -0.018802 0.000248198 -0.000612356 -0.018802 0.0909135 
0.00968045 -0.0179326 -0.000232282 0.000270996 -0.0179326 0.0887928 0.000277108 -0.000666282 -0.000232282 0.000277108 0.0103651 -0.018823 0.000270996 -0.000666282 -0.018823 0.0910219 
0.00968369 -0.0179268 -0.000225533 0.000288519 -0.0179268 0.0887644 0.000292583 -0.000717235 -0.000225533 0.000292583 0.0103603 -0.0188147 0.000288519 -0.000717235 -0.0188147 0.091036 
0.00969675 -0.0179404 -0.000224179 0.00027309 -0.0179404 0.088787 0.000277166 -0.000701068 -0.000224179 0.000277166 0.0103306 -0.0187903 0.00027309 -0.000701068 -0.0187903 0.0909758 
0.00971998 -0.017946 -0.00020993 0.000264961 -0.017946 0.0887964 0.000273113 -0.000678707 -0.00020993 0.000273113 0.0103029 -0.0187714 0.000264961 -0.000678707 -0.0187714 0.0909426 
0.00973573 -0.0179752 -0.000209962 0.000256847 -0.0179752 0.0888488 0.000269078 -0.000662503 -0.000209962 0.000269078 0.01028 -0.0187295 0.000256847 -0.000662503 -0.0187295 0.0908587 
0.00976186 -0.0180285 -0.000213318 0.000239729 -0.0180285 0.0889822 0.000249887 -0.000619639 -0.000213318 0.000249887 0.0102819 -0.0186908 0.000239729 -0.000619639 -0.0186908 0.0907578 
0.00978232 -0.0180651 -0.000224625 0.00025498 -0.0180651 0.0890992 0.000259027 -0.000617213 -0.000224625 0.000259027 0.0102903 -0.0186884 0.00025498 -0.000617213 -0.0186884 0.0906959 
0.00978499 -0.0180895 -0.000250793 0.000287199 -0.0180895 0.0891894 0.000279109 -0.000685637 -0.000250793 0.000279109 0.0103088 -0.0187003 0.000287199 -0.000685637 -0.0187003 0.0907063 
0.00975982 -0.0180769 -0.000264707 0.000317245 -0.0180769 0.0891862 0.000311183 -0.00075573 -0.000264707 0.000311183 0.0103478 -0.0187457 0.000317245 -0.00075573 -0.0187457 0.0908088 
0.0097366 -0.0180556 -0.000277841 0.000342738 -0.0180556 0.0891443 0.000338682 -0.000831495 -0.000277841 0.000338682 0.010347 -0.0187735 0.000342738 -0.000831495 -0.0187735 0.0908742 
0.00974611 -0.01802 -0.000267683 0.000346772 -0.01802 0.0890716 0.000342716 -0.000863887 -0.000267683 0.000342716 0.0103403 -0.0187906 0.000346772 -0.000863887 -0.0187906 0.0909555 
0.00973644 -0.0180176 -0.000256812 0.000330187 -0.0180176 0.0890139 0.000322034 -0.000843811 -0.000256812 0.000322034 0.0103132 -0.0187758 0.000330187 -0.000843811 -0.0187758 0.0909482 
0.00971246 -0.018009 -0.000249983 0.000317601 -0.018009 0.0889878 0.000311454 -0.000809371 -0.000249983 0.000311454 0.0102923 -0.0187344 0.000317601 -0.000809371 -0.0187344 0.0908545 
0.00971933 -0.0179934 -0.000241907 0.000293158 -0.0179934 0.0889848 0.000287008 -0.000750321 -0.000241907 0.000287008 0.010279 -0.0187006 0.000293158 -0.000750321 -0.0187006 0.090752 
0.00973555 -0.0179719 -0.000240686 0.00028556 -0.0179719 0.088907 0.00028148 -0.000715939 -0.000240686 0.00028148 0.0102863 -0.0187103 0.00028556 -0.000715939 -0.0187103 0.0907672 
0.00976712 -0.0179982 -0.000267229 0.000295788 -0.0179982 0.0889159 0.000293748 -0.000720091 -0.000267229 0.000293748 0.0102669 -0.0187081 0.000295788 -0.000720091 -0.0187081 0.090758 
0.0097949 -0.0180663 -0.000266819 0.000334033 -0.0180663 0.0890727 0.000334033 -0.000798419 -0.000266819 0.000334033 0.0102572 -0.0186671 0.000334033 -0.000798419 -0.0186671 0.0906736 
0.00982778 -0.018132 -0.000272204 0.000357522 -0.018132 0.0892788 0.000361584 -0.000897867 -0.000272204 0.000361584 0.0102564 -0.0186338 0.000357522 -0.000897867 -0.0186338 0.0905525 
0.0097942 -0.0181156 -0.000296179 0.000361095 -0.0181156 0.0892676 0.00036921 -0.000941281 -0.000296179 0.00036921 0.0102831 -0.0186613 0.000361095 -0.000941281 -0.0186613 0.0905902 
0.0097531 -0.0180821 -0.000286856 0.000356027 -0.0180821 0.0892122 0.00036213 -0.000897188 -0.000286856 0.00036213 0.0102943 -0.0186924 0.000356027 -0.000897188 -0.0186924 0.0906404 
0.00975028 -0.0180465 -0.000277356 0.000334458 -0.0180465 0.0891291 0.000342616 -0.0008545 -0.000277356 0.000342616 0.0102683 -0.0186991 0.000334458 -0.0008545 -0.0186991 0.0906668 
0.00976741 -0.0180505 -0.000275627 0.000330753 -0.0180505 0.0891276 0.000336878 -0.000833007 -0.000275627 0.000336878 0.0102431 -0.018661 0.000330753 -0.000833007 -0.018661 0.0906119 
0.00976287 -0.0180606 -0.000283247 0.000342342 -0.0180606 0.0891475 0.000346418 -0.000857893 -0.000283247 0.000346418 0.010256 -0.0186312 0.000342342 -0.000857893 -0.0186312 0.0905414 
0.00975806 -0.0180416 -0.00029083 0.000347776 -0.0180416 0.089114 0.000341675 -0.000862321 -0.00029083 0.000341675 0.0102787 -0.0186599 0.000347776 -0.000862321 -0.0186599 0.0905743 
0.00976112 -0.0180366 -0.000289834 0.000342531 -0.0180366 0.0890804 0.000340504 -0.00084518 -0.000289834 0.000340504 0.0103003 -0.0186953 0.000342531 -0.00084518 -0.0186953 0.0906734 
0.00976447 -0.0180405 -0.000309079 0.000366015 -0.0180405 0.0890596 0.000361948 -0.000888603 -0.000309079 0.000361948 0.0103013 -0.0187318 0.000366015 -0.000888603 -0.0187318 0.0907697 
0.00975397 -0.0180181 -0.000299589 0.000374996 -0.0180181 0.0889984 0.00038111 -0.000929338 -0.000299589 0.00038111 0.0102961 -0.0187498 0.000374996 -0.000929338 -0.0187498 0.0908652 
0.00975692 -0.01802 -0.000311043 0.000378572 -0.01802 0.0889827 0.000382664 -0.000951545 -0.000311043 0.000382664 0.0102603 -0.0187239 0.000378572 -0.000951545 -0.0187239 0.0908326 
0.0097512 -0.0180058 -0.000320548 0.000396091 -0.0180058 0.0889491 0.000396091 -0.00099227 -0.000320548 0.000396091 0.0102555 -0.018698 0.000396091 -0.00099227 -0.018698 0.0907825 
0.00977519 -0.0180462 -0.000303691 0.000383181 -0.0180462 0.0890406 0.000389295 -0.000970181 -0.000303691 0.000389295 0.0102358 -0.0186413 0.000383181 -0.000970181 -0.0186413 0.0906263 
0.0098021 -0.0180822 -0.000275054 0.000374888 -0.0180822 0.0891582 0.000381001 -0.000963707 -0.000275054 0.000381001 0.0102116 -0.0186079 0.000374888 -0.000963707 -0.0186079 0.0904948 
0.00980424 -0.0181065 -0.000249312 0.000312147 -0.0181065 0.0892232 0.000314173 -0.000822932 -0.000249312 0.000314173 0.0102421 -0.0186011 0.000312147 -0.000822932 -0.0186011 0.0904657 
0.00976783 -0.0180922 -0.000263557 0.000295995 -0.0180922 0.0892059 0.000295995 -0.000750124 -0.000263557 0.000295995 0.0102787 -0.0186477 0.000295995 -0.000750124 -0.0186477 0.0905298 
0.00976895 -0.0180947 -0.000292703 0.000333356 -0.0180947 0.0892397 0.000331323 -0.000790703 -0.000292703 0.000331323 0.010269 -0.0186517 0.000333356 -0.000790703 -0.0186517 0.0905366 
0.00979148 -0.0180683 -0.000310229 0.000371058 -0.0180683 0.0891959 0.000371058 -0.000890134 -0.000310229 0.000371058 0.0102599 -0.0186746 0.000371058 -0.000890134 -0.0186746 0.0906153 
0.0097974 -0.0180937 -0.000310352 0.000385405 -0.0180937 0.0892172 0.000389462 -0.000945256 -0.000310352 0.000389462 0.0102579 -0.0186536 0.000385405 -0.000945256 -0.0186536 0.0906006 
0.00976108 -0.0180763 -0.000294866 0.000374175 -0.0180763 0.0891878 0.000376208 -0.000943571 -0.000294866 0.000376208 0.0102634 -0.0186579 0.000374175 -0.000943571 -0.0186579 0.090597 
0.00976529 -0.0180311 -0.000295424 0.000356546 -0.0180311 0.0890856 0.000354509 -0.000902571 -0.000295424 0.000354509 0.0102339 -0.0186688 0.000356546 -0.000902571 -0.0186688 0.0906279 
0.00977884 -0.0180258 -0.000289653 0.000363086 -0.0180258 0.0890193 0.000363086 -0.000903635 -0.000289653 0.000363086 0.0102092 -0.0186479 0.000363086 -0.000903635 -0.0186479 0.0906307 
0.00978288 -0.0180503 -0.000287972 0.00038192 -0.0180503 0.0890466 0.000377836 -0.000963991 -0.000287972 0.000377836 0.010175 -0.0185854 0.00038192 -0.000963991 -0.0185854 0.0904804 
0.00978637 -0.0180793 -0.00027247 0.000370804 -0.0180793 0.089118 0.000366707 -0.00095057 -0.00027247 0.000366707 0.0101387 -0.0185238 0.000370804 -0.00095057 -0.0185238 0.090298 
0.00978035 -0.0180768 -0.000276686 0.000352519 -0.0180768 0.0891443 0.000352519 -0.000916139 -0.000276686 0.000352519 0.0101247 -0.0184868 0.000352519 -0.000916139 -0.0184868 0.0901711 
0.00976322 -0.0180435 -0.000283051 0.00033638 -0.0180435 0.0890812 0.000338431 -0.000861461 -0.000283051 0.000338431 0.0101324 -0.0184865 0.00033638 -0.000861461 -0.0184865 0.090156 
0.00976581 -0.0180436 -0.00029556 0.0003284 -0.0180436 0.0890684 0.000330453 -0.000814844 -0.00029556 0.000330453 0.0101312 -0.0184889 0.0003284 -0.000814844 -0.0184889 0.0901418 
0.0097669 -0.0180514 -0.000314134 0.00036341 -0.0180514 0.0890807 0.00036957 -0.000874648 -0.000314134 0.00036957 0.0101324 -0.0184764 0.00036341 -0.000874648 -0.0184764 0.090097 
0.00981211 -0.0180784 -0.000306309 0.000387992 -0.0180784 0.0891585 0.000390034 -0.000943433 -0.000306309 0.000390034 0.0101286 -0.0184643 0.000387992 -0.000943433 -0.0184643 0.0900754 
0.00981199 -0.0180875 -0.000299556 0.000383106 -0.0180875 0.0891557 0.000374955 -0.000949613 -0.000299556 0.000374955 0.0101584 -0.0185093 0.000383106 -0.000949613 -0.0185093 0.0901949 
0.00980622 -0.0180833 -0.000313571 0.000390946 -0.0180833 0.0891478 0.000380765 -0.000987545 -0.000313571 0.000380765 0.0101809 -0.0185516 0.000390946 -0.000987545 -0.0185516 0.0903003 
0.00981191 -0.0180801 -0.000333988 0.000403229 -0.0180801 0.0891442 0.00039712 -0.00101215 -0.000333988 0.00039712 0.0101805 -0.018575 0.000403229 -0.00101215 -0.018575 0.0903885 
0.00980231 -0.0180989 -0.000323086 0.000408429 -0.0180989 0.0891799 0.000400302 -0.00102006 -0.000323086 0.000400302 0.0101884 -0.0185602 0.000408429 -0.00102006 -0.0185602 0.0903747 
0.00978575 -0.0181062 -0.000306884 0.000396308 -0.0181062 0.0892261 0.000390211 -0.000993818 -0.000306884 0.000390211 0.0101963 -0.0185513 0.000396308 -0.000993818 -0.0185513 0.0903256 
0.00976296 -0.0180783 -0.000291158 0.000368529 -0.0180783 0.0891982 0.000364457 -0.000936593 -0.000291158 0.000364457 0.010217 -0.0185771 0.000368529 -0.000936593 -0.0185771 0.090373 
0.00976971 -0.0180596 -0.000301673 0.000350593 -0.0180596 0.0891585 0.000344478 -0.000870366 -0.000301673 0.000344478 0.0102202 -0.0186059 0.000350593 -0.000870366 -0.0186059 0.0904305 
0.00974962 -0.018046 -0.000333163 0.00036791 -0.018046 0.0891037 0.000365866 -0.000895248 -0.000333163 0.000365866 0.0102279 -0.0186162 0.00036791 -0.000895248 -0.0186162 0.0904916 
0.00974834 -0.0180242 -0.000356895 0.000430314 -0.0180242 0.0890505 0.000436432 -0.00103194 -0.000356895 0.000436432 0.0102378 -0.018632 0.000430314 -0.00103194 -0.018632 0.0905351 
0.00977165 -0.0180541 -0.00033976 0.000433346 -0.0180541 0.0891147 0.000441484 -0.00108438 -0.00033976 0.000441484 0.0102437 -0.0186217 0.000433346 -0.00108438 -0.0186217 0.0905185 
0.00977246 -0.0180532 -0.000299157 0.000415156 -0.0180532 0.0890958 0.000427367 -0.00108063 -0.000299157 0.000427367 0.0102487 -0.0186454 0.000415156 -0.00108063 -0.0186454 0.0905692 
0.00980886 -0.0180737 -0.000280369 0.000363667 -0.0180737 0.0891473 0.000369762 -0.000977229 -0.000280369 0.000369762 0.0102477 -0.0186608 0.000363667 -0.000977229 -0.0186608 0.0906243 
0.0098071 -0.0181034 -0.000253492 0.000338665 -0.0181034 0.0892049 0.000342721 -0.00088418 -0.000253492 0.000342721 0.0102634 -0.018659 0.000338665 -0.00088418 -0.018659 0.0906386 
0.00982586 -0.0181247 -0.000245697 0.000308644 -0.0181247 0.0892815 0.000310675 -0.000795978 -0.000245697 0.000310675 0.0102584 -0.0186608 0.000308644 -0.000795978 -0.0186608 0.0906237 
0.00982455 -0.0181262 -0.00026432 0.000292785 -0.0181262 0.0892953 0.000292785 -0.000740095 -0.00026432 0.000292785 0.0102576 -0.0186671 0.000292785 -0.000740095 -0.0186671 0.0906596 
0.00982708 -0.018145 -0.000291248 0.000321799 -0.018145 0.089344 0.000317725 -0.00075358 -0.000291248 0.000317725 0.0102548 -0.0186623 0.000321799 -0.00075358 -0.0186623 0.0906475 
0.0098387 -0.0181534 -0.000328024 0.000358586 -0.0181534 0.0893857 0.000360623 -0.000849604 -0.000328024 0.000360623 0.0102462 -0.0186505 0.000358586 -0.000849604 -0.0186505 0.090602 
0.0098553 -0.0181494 -0.000351685 0.000418769 -0.0181494 0.0893706 0.000420802 -0.000992035 -0.000351685 0.000420802 0.0102354 -0.0186474 0.000418769 -0.000992035 -0.0186474 0.0906045 
0.0098386 -0.0181681 -0.000356397 0.000446006 -0.0181681 0.0893722 0.000452115 -0.00109974 -0.000356397 0.000452115 0.0102255 -0.0186223 0.000446006 -0.00109974 -0.0186223 0.0905392 
0.00983192 -0.018131 -0.000346051 0.000435617 -0.018131 0.0893158 0.000447831 -0.00110533 -0.000346051 0.000447831 0.0102187 -0.0186277 0.000435617 -0.00110533 -0.0186277 0.0905351 
0.00983486 -0.0181032 -0.000315742 0.000401298 -0.0181032 0.0892246 0.000409446 -0.00102871 -0.000315742 0.000409446 0.0102076 -0.0186369 0.000401298 -0.00102871 -0.0186369 0.0905854 
0.00981447 -0.0181248 -0.000297965 0.000379599 -0.0181248 0.0892425 0.00038164 -0.000961242 -0.000297965 0.00038164 0.0102063 -0.0185983 0.000379599 -0.000961242 -0.0185983 0.0904996 
0.00981004 -0.0181041 -0.000308929 0.000392811 -0.0181041 0.0892233 0.000392811 -0.000994302 -0.000308929 0.000392811 0.0101722 -0.0185787 0.000392811 -0.000994302 -0.0185787 0.090414 
0.00978637 -0.0181089 -0.00031045 0.000394744 -0.0181089 0.0892225 0.000392688 -0.000995084 -0.00031045 0.000392688 0.0101462 -0.0185201 0.000394744 -0.000995084 -0.0185201 0.090271 
0.00976715 -0.0180672 -0.000322152 0.000391917 -0.0180672 0.089154 0.000389865 -0.000989026 -0.000322152 0.000389865 0.0101509 -0.0185083 0.000391917 -0.000989026 -0.0185083 0.0902127 
0.00979606 -0.0180576 -0.000299523 0.000400048 -0.0180576 0.0891185 0.0004021 -0.00100115 -0.000299523 0.0004021 0.0101202 -0.0184966 0.000400048 -0.00100115 -0.0184966 0.0901524 
0.00981259 -0.0180823 -0.000257152 0.000357155 -0.0180823 0.0891317 0.000353073 -0.000924522 -0.000257152 0.000353073 0.0101289 -0.0184741 0.000357155 -0.000924522 -0.0184741 0.0901297 
