0.00720058 0 -0.00049817 0 0 0.00998764 0 0 -0.00049817 0 0.00744832 0 0 0 0 0.00998764 
0.0101965 -0.0126671 -0.000599217 0.000739198 -0.0126671 0.0334727 0.000739198 -0.00141946 -0.000599217 0.000739198 0.0104789 -0.0130035 0.000739198 -0.00141946 -0.0130035 0.0341308 
0.0102831 -0.019305 -0.000472324 0.000773807 -0.019305 0.070944 0.000773807 -0.00245709 -0.000472324 0.000773807 0.0104665 -0.0195612 0.000773807 -0.00245709 -0.0195612 0.071743 
0.00968468 -0.0190066 -0.000430917 0.00057699 -0.0190066 0.0852169 0.00057699 -0.00197686 -0.000430917 0.00057699 0.00991352 -0.0191551 0.00057699 -0.00197686 -0.0191551 0.0856186 
0.00963504 -0.0182376 -0.000407017 0.000517395 -0.0182376 0.0882216 0.000515095 -0.00139582 -0.000407017 0.000515095 0.00993858 -0.0184928 0.000517395 -0.00139582 -0.0184928 0.0886608 
0.0097936 -0.0180736 -0.000402026 0.000505278 -0.0180736 0.0888982 0.000505278 -0.00121706 -0.000402026 0.000505278 0.0101143 -0.0184712 0.000505278 -0.00121706 -0.0184712 0.0896649 
0.00990921 -0.0181222 -0.000400114 0.000519297 -0.0181222 0.0891595 0.00051504 -0.00123652 -0.000400114 0.00051504 0.0102072 -0.0186394 0.000519297 -0.00123652 -0.0186394 0.0903811 
0.00994435 -0.0181809 -0.000398274 0.000521301 -0.0181809 0.0892802 0.000521301 -0.00129283 -0.000398274 0.000521301 0.0102217 -0.0186814 0.000521301 -0.00129283 -0.0186814 0.0906877 
0.00994872 -0.0182404 -0.000386998 0.000491981 -0.0182404 0.0894335 0.000496098 -0.0012598 -0.000386998 0.000496098 0.0101957 -0.0186109 0.000491981 -0.0012598 -0.0186109 0.0905657 
0.00992675 -0.0182808 -0.000384472 0.000488771 -0.0182808 0.0895738 0.00048468 -0.00122908 -0.000384472 0.00048468 0.0101946 -0.0185365 0.000488771 -0.00122908 -0.0185365 0.0903305 
0.00993604 -0.0182742 -0.000395414 0.000470441 -0.0182742 0.0896454 0.000464358 -0.00117002 -0.000395414 0.000464358 0.0102017 -0.0185398 0.000470441 -0.00117002 -0.0185398 0.0902477 
0.00996214 -0.0182881 -0.000404523 0.000478988 -0.0182881 0.0896915 0.000470938 -0.00116124 -0.000404523 0.000470938 0.0102218 -0.0185719 0.000478988 -0.00116124 -0.0185719 0.0902973 
0.00994804 -0.0182679 -0.000380372 0.000472949 -0.0182679 0.089639 0.000466912 -0.00113709 -0.000380372 0.000466912 0.0102399 -0.0186423 0.000472949 -0.00113709 -0.0186423 0.0904943 
0.00995162 -0.0182796 -0.000381667 0.000466482 -0.0182796 0.0896554 0.000462443 -0.00115308 -0.000381667 0.000462443 0.0102162 -0.0186552 0.000466482 -0.00115308 -0.0186552 0.0905803 
0.00992717 -0.0182599 -0.000380879 0.000486229 -0.0182599 0.089616 0.000486229 -0.00119126 -0.000380879 0.000486229 0.0101986 -0.0186428 0.000486229 -0.00119126 -0.0186428 0.0906209 
0.009913 -0.0182754 -0.000367826 0.000453177 -0.0182754 0.0896702 0.000453177 -0.00113396 -0.000367826 0.000453177 0.0101934 -0.0185945 0.000453177 -0.00113396 -0.0185945 0.0905176 
0.00990313 -0.0182713 -0.00038528 0.000462744 -0.0182713 0.089701 0.000466821 -0.00115992 -0.00038528 0.000466821 0.0101661 -0.0185465 0.000462744 -0.00115992 -0.0185465 0.0903554 
0.00989845 -0.0182457 -0.000387295 0.000470869 -0.0182457 0.0896588 0.000468831 -0.00115781 -0.000387295 0.000468831 0.0101512 -0.0185229 0.000470869 -0.00115781 -0.0185229 0.0902683 
0.00989003 -0.0182131 -0.000409032 0.000488397 -0.0182131 0.0895556 0.000488397 -0.00121082 -0.000409032 0.000488397 0.0101586 -0.0185285 0.000488397 -0.00121082 -0.0185285 0.0902821 
0.00987403 -0.018187 -0.000430015 0.000517648 -0.018187 0.0894451 0.000523762 -0.00128189 -0.000430015 0.000523762 0.0101471 -0.0185355 0.000517648 -0.00128189 -0.0185355 0.090299 
0.00985869 -0.0181808 -0.000452643 0.000535864 -0.0181808 0.0894142 0.000539924 -0.00133154 -0.000452643 0.000539924 0.0101713 -0.018532 0.000535864 -0.00133154 -0.018532 0.0902992 
0.00987058 -0.0181682 -0.000440759 0.000541851 -0.0181682 0.0893933 0.000545895 -0.00134047 -0.000440759 0.000545895 0.010188 -0.0185604 0.000541851 -0.00134047 -0.0185604 0.0903456 
0.00988597 -0.0181698 -0.000419257 0.000550908 -0.0181698 0.0893565 0.000552934 -0.00137525 -0.000419257 0.000552934 0.0101675 -0.018581 0.000550908 -0.00137525 -0.018581 0.0904118 
0.00988756 -0.0181813 -0.000361393 0.000507575 -0.0181813 0.0893677 0.000513666 -0.0013136 -0.000361393 0.000513666 0.0101434 -0.018561 0.000507575 -0.0013136 -0.018561 0.0904174 
0.00989456 -0.0181943 -0.000329954 0.000439939 -0.0181943 0.0894156 0.000439939 -0.00117113 -0.000329954 0.000439939 0.0101145 -0.0185263 0.000439939 -0.00117113 -0.0185263 0.0903484 
0.00988662 -0.0182119 -0.000321219 0.000398474 -0.0182119 0.0894777 0.000398474 -0.00103481 -0.000321219 0.000398474 0.0101306 -0.0184904 0.000398474 -0.00103481 -0.0184904 0.0902583 
0.00989222 -0.0182111 -0.000341953 0.000394875 -0.0182111 0.0895043 0.000394875 -0.000981081 -0.000341953 0.000394875 0.0101344 -0.0185021 0.000394875 -0.000981081 -0.0185021 0.0902411 
0.00989593 -0.0182165 -0.000368401 0.000419285 -0.0182165 0.0895254 0.000415214 -0.00101565 -0.000368401 0.000415214 0.0101341 -0.0185035 0.000419285 -0.00101565 -0.0185035 0.0902276 
0.00990216 -0.0182119 -0.000368102 0.00045962 -0.0182119 0.089518 0.000451485 -0.00109414 -0.000368102 0.000451485 0.0101442 -0.0185109 0.00045962 -0.00109414 -0.0185109 0.0902542 
0.00986978 -0.0182146 -0.000330284 0.000472999 -0.0182146 0.089511 0.000468922 -0.00116823 -0.000330284 0.000468922 0.0101491 -0.0185041 0.000472999 -0.00116823 -0.0185041 0.0902205 
0.00985903 -0.0181854 -0.000302851 0.00041949 -0.0181854 0.0894639 0.000409258 -0.00109681 -0.000302851 0.000409258 0.010121 -0.0184985 0.00041949 -0.00109681 -0.0184985 0.0901882 
0.00982285 -0.0181381 -0.000292517 0.000380477 -0.0181381 0.0893241 0.000370249 -0.000983922 -0.000292517 0.000370249 0.0101399 -0.0185043 0.000380477 -0.000983922 -0.0185043 0.0902221 
0.00981288 -0.018105 -0.000307416 0.000362384 -0.018105 0.089226 0.000354241 -0.000922248 -0.000307416 0.000354241 0.0101773 -0.0185345 0.000362384 -0.000922248 -0.0185345 0.0902989 
0.00983631 -0.018109 -0.000304216 0.000363031 -0.018109 0.0892204 0.000354918 -0.00087817 -0.000304216 0.000354918 0.0102014 -0.0185734 0.000363031 -0.00087817 -0.0185734 0.0903866 
0.00986316 -0.0181319 -0.000310763 0.000383883 -0.0181319 0.0892458 0.000381852 -0.000936351 -0.000310763 0.000381852 0.0101821 -0.018595 0.000383883 -0.000936351 -0.018595 0.090436 
0.00985546 -0.0181603 -0.00031052 0.000383583 -0.0181603 0.0893141 0.000385613 -0.000949826 -0.00031052 0.000385613 0.0101903 -0.0185784 0.000383583 -0.000949826 -0.0185784 0.0904405 
0.00981667 -0.0181623 -0.000294216 0.000403786 -0.0181623 0.0893463 0.000403786 -0.00100439 -0.000294216 0.000403786 0.0102225 -0.0185803 0.000403786 -0.00100439 -0.0185803 0.0904258 
0.00979058 -0.0181244 -0.000288916 0.000372335 -0.0181244 0.0893136 0.000376404 -0.000974582 -0.000288916 0.000376404 0.010226 -0.0186005 0.000372335 -0.000974582 -0.0186005 0.0904367 
0.00978193 -0.0180814 -0.000314033 0.000367052 -0.0180814 0.0892119 0.000373169 -0.000948217 -0.000314033 0.000373169 0.0101979 -0.0186095 0.000367052 -0.000948217 -0.0186095 0.0904579 
0.00979838 -0.0180728 -0.000340689 0.000395771 -0.0180728 0.0891606 0.000401891 -0.000975146 -0.000340689 0.000401891 0.0101676 -0.0185808 0.000395771 -0.000975146 -0.0185808 0.0904071 
0.00980622 -0.0180902 -0.000348475 0.000415725 -0.0180902 0.0891751 0.000419801 -0.00102301 -0.000348475 0.000419801 0.0101527 -0.0185364 0.000415725 -0.00102301 -0.0185364 0.0903224 
0.00980618 -0.0181105 -0.000326057 0.000403496 -0.0181105 0.0892297 0.000403496 -0.000992438 -0.000326057 0.000403496 0.0101465 -0.0185078 0.000403496 -0.000992438 -0.0185078 0.0902181 
0.00980284 -0.0180903 -0.000302254 0.000381902 -0.0180903 0.0891916 0.00037986 -0.000945566 -0.000302254 0.00037986 0.0101419 -0.0185172 0.000381902 -0.000945566 -0.0185172 0.0902208 
0.00979589 -0.0180929 -0.000271598 0.000369618 -0.0180929 0.0891841 0.000363492 -0.000910771 -0.000271598 0.000363492 0.0101512 -0.0185034 0.000369618 -0.000910771 -0.0185034 0.0902072 
0.00979613 -0.0180371 -0.000262268 0.000350374 -0.0180371 0.0890483 0.000348325 -0.000897449 -0.000262268 0.000348325 0.0101199 -0.0185411 0.000350374 -0.000897449 -0.0185411 0.0902817 
0.00980145 -0.0180465 -0.00026828 0.000335863 -0.0180465 0.0890036 0.000333815 -0.000862184 -0.00026828 0.000333815 0.0100923 -0.018497 0.000335863 -0.000862184 -0.018497 0.0902446 
0.00979838 -0.0180627 -0.000271435 0.000343406 -0.0180627 0.0890285 0.000349575 -0.000865712 -0.000271435 0.000349575 0.0100575 -0.0184411 0.000343406 -0.000865712 -0.0184411 0.0901019 
0.009791 -0.0180648 -0.000284096 0.000335562 -0.0180648 0.0890516 0.00033968 -0.000850228 -0.000284096 0.00033968 0.0100525 -0.0184024 0.000335562 -0.000850228 -0.0184024 0.0899924 
0.00978765 -0.0180406 -0.000279412 0.000349265 -0.0180406 0.0890133 0.000353374 -0.000867 -0.000279412 0.000353374 0.0100486 -0.0183981 0.000349265 -0.000867 -0.0183981 0.089944 
0.00977835 -0.0180616 -0.000264557 0.000340437 -0.0180616 0.0890531 0.000340437 -0.000851094 -0.000264557 0.000340437 0.0100696 -0.0183754 0.000340437 -0.000851094 -0.0183754 0.0898796 
0.00976108 -0.0180574 -0.000272851 0.000336448 -0.0180574 0.0890786 0.000332345 -0.000855479 -0.000272851 0.000332345 0.0100914 -0.0183959 0.000336448 -0.000855479 -0.0183959 0.0898725 
0.00978061 -0.0180486 -0.000299239 0.000358677 -0.0180486 0.0890769 0.000356628 -0.000907966 -0.000299239 0.000356628 0.0100901 -0.0184217 0.000358677 -0.000907966 -0.0184217 0.0899255 
0.00979938 -0.0180707 -0.000297013 0.000358464 -0.0180707 0.0891203 0.000352319 -0.000888991 -0.000297013 0.000352319 0.0100923 -0.0184271 0.000358464 -0.000888991 -0.0184271 0.0899704 
0.00982604 -0.0180881 -0.000296828 0.000366429 -0.0180881 0.089159 0.000370524 -0.000908909 -0.000296828 0.000370524 0.0100901 -0.0184422 0.000366429 -0.000908909 -0.0184422 0.0900188 
0.00984282 -0.0180961 -0.000264921 0.000348473 -0.0180961 0.0891478 0.000352548 -0.000866087 -0.000264921 0.000352548 0.0101179 -0.0184731 0.000348473 -0.000866087 -0.0184731 0.0901342 
0.00983776 -0.0181009 -0.00028388 0.000345149 -0.0181009 0.0891341 0.000359445 -0.000898612 -0.00028388 0.000359445 0.0101033 -0.0184889 0.000345149 -0.000898612 -0.0184889 0.0901798 
0.00982998 -0.0180943 -0.000324133 0.000364904 -0.0180943 0.0891222 0.000377135 -0.000935704 -0.000324133 0.000377135 0.0101093 -0.0184959 0.000364904 -0.000935704 -0.0184959 0.090221 
0.00981521 -0.0181037 -0.000338807 0.000414325 -0.0181037 0.0891512 0.000420448 -0.0010205 -0.000338807 0.000420448 0.0101071 -0.0184732 0.000414325 -0.0010205 -0.0184732 0.0901758 
0.00979562 -0.0180933 -0.000341731 0.000425629 -0.0180933 0.0891735 0.000429722 -0.00107226 -0.000341731 0.000429722 0.0101087 -0.0184699 0.000425629 -0.00107226 -0.0184699 0.0901311 
0.00982079 -0.018104 -0.000340771 0.000416727 -0.018104 0.0892103 0.000418779 -0.00105516 -0.000340771 0.000418779 0.0100733 -0.0184386 0.000416727 -0.00105516 -0.0184386 0.0900376 
0.00983018 -0.018113 -0.000311939 0.000406341 -0.018113 0.0892289 0.000404289 -0.0010097 -0.000311939 0.000404289 0.010058 -0.0184147 0.000406341 -0.0010097 -0.0184147 0.0899985 
0.00985036 -0.0181479 -0.000309747 0.000383594 -0.0181479 0.0893014 0.000383594 -0.00097642 -0.000309747 0.000383594 0.0100596 -0.0183899 0.000383594 -0.00097642 -0.0183899 0.089925 
0.00987028 -0.01816 -0.000331342 0.000393083 -0.01816 0.0893388 0.000391025 -0.000977561 -0.000331342 0.000391025 0.010037 -0.0183926 0.000393083 -0.000977561 -0.0183926 0.0898986 
0.00987655 -0.018172 -0.000316214 0.000410667 -0.018172 0.0893571 0.000408614 -0.00100614 -0.000316214 0.000408614 0.0100449 -0.0183753 0.000410667 -0.00100614 -0.0183753 0.089891 
0.00987626 -0.0181554 -0.000297429 0.00038299 -0.0181554 0.0893142 0.00038299 -0.000969699 -0.000297429 0.00038299 0.01008 -0.018408 0.00038299 -0.000969699 -0.018408 0.0899599 
0.00986391 -0.0181493 -0.000285143 0.000372722 -0.0181493 0.089268 0.000370686 -0.000940971 -0.000285143 0.000370686 0.0101002 -0.0184487 0.000372722 -0.000940971 -0.0184487 0.0900461 
0.00985556 -0.0181496 -0.000271835 0.000351546 -0.0181496 0.0892723 0.000349502 -0.000895217 -0.000271835 0.000349502 0.0100865 -0.0184603 0.000351546 -0.000895217 -0.0184603 0.0900858 
0.00982997 -0.018136 -0.000274477 0.000348217 -0.018136 0.0892583 0.000346169 -0.000882833 -0.000274477 0.000346169 0.0101024 -0.0184617 0.000348217 -0.000882833 -0.0184617 0.0901166 
0.00981241 -0.0181286 -0.000283228 0.000355061 -0.0181286 0.0892661 0.000357114 -0.000905098 -0.000283228 0.000357114 0.0101203 -0.0184611 0.000355061 -0.000905098 -0.0184611 0.0901096 
0.00980416 -0.0180871 -0.000273985 0.000339414 -0.0180871 0.0891841 0.000343503 -0.000852625 -0.000273985 0.000343503 0.0101518 -0.0185001 0.000339414 -0.000852625 -0.0185001 0.0901922 
0.0097865 -0.0180653 -0.000289698 0.000336621 -0.0180653 0.0890924 0.000340702 -0.000838493 -0.000289698 0.000340702 0.0101741 -0.0185387 0.000336621 -0.000838493 -0.0185387 0.0902859 
0.00981959 -0.0180692 -0.000309921 0.000360895 -0.0180692 0.08909 0.000360895 -0.000876749 -0.000309921 0.000360895 0.0101458 -0.0185483 0.000360895 -0.000876749 -0.0185483 0.0903113 
0.00984837 -0.0181037 -0.000316569 0.00038601 -0.0181037 0.0891439 0.000381926 -0.000937454 -0.000316569 0.000381926 0.0101057 -0.0185203 0.00038601 -0.000937454 -0.0185203 0.0902672 
0.00985105 -0.0181536 -0.000313806 0.000395847 -0.0181536 0.0892686 0.000395847 -0.000976286 -0.000313806 0.000395847 0.0100746 -0.0184407 0.000395847 -0.000976286 -0.0184407 0.0901055 
0.00983133 -0.0181519 -0.000309535 0.000391531 -0.0181519 0.0893184 0.000391531 -0.000990103 -0.000309535 0.000391531 0.0100732 -0.0184081 0.000391531 -0.000990103 -0.0184081 0.0899743 
0.00980923 -0.0181123 -0.000298364 0.000386238 -0.0181123 0.0892477 0.000384195 -0.000968662 -0.000298364 0.000384195 0.0100872 -0.0184168 0.000386238 -0.000968662 -0.0184168 0.0899527 
0.00980442 -0.0180921 -0.000293949 0.000379684 -0.0180921 0.0891788 0.000375601 -0.000967582 -0.000293949 0.000375601 0.0100963 -0.018433 0.000379684 -0.000967582 -0.018433 0.089979 
0.00977618 -0.0180918 -0.000276163 0.000366172 -0.0180918 0.0891701 0.000360035 -0.00092259 -0.000276163 0.000360035 0.0101137 -0.0184334 0.000366172 -0.00092259 -0.0184334 0.0899904 
0.00973653 -0.0180354 -0.000261768 0.000345615 -0.0180354 0.0890522 0.00034766 -0.000889601 -0.000261768 0.00034766 0.0101455 -0.0184833 0.000345615 -0.000889601 -0.0184833 0.0900952 
0.00974005 -0.0179922 -0.000290626 0.000343839 -0.0179922 0.0889417 0.000343839 -0.000892344 -0.000290626 0.000343839 0.0101392 -0.0185141 0.000343839 -0.000892344 -0.0185141 0.090182 
0.00974216 -0.0179857 -0.000278055 0.00036597 -0.0179857 0.0888694 0.000361881 -0.000901636 -0.000278055 0.000361881 0.0101286 -0.0185091 0.00036597 -0.000901636 -0.0185091 0.0902229 
0.00977966 -0.0179904 -0.000265918 0.000347739 -0.0179904 0.0888535 0.000347739 -0.000885712 -0.000265918 0.000347739 0.0100906 -0.0184997 0.000347739 -0.000885712 -0.0184997 0.0902179 
0.00982628 -0.018054 -0.000249077 0.000326658 -0.018054 0.0889918 0.000326658 -0.000843186 -0.000249077 0.000326658 0.0100488 -0.0184296 0.000326658 -0.000843186 -0.0184296 0.09008 
0.0098289 -0.0181163 -0.000258278 0.000325922 -0.0181163 0.0891571 0.000330022 -0.000846577 -0.000258278 0.000330022 0.0100236 -0.0183685 0.000325922 -0.000846577 -0.0183685 0.089897 
0.00982466 -0.018135 -0.0002647 0.000332413 -0.018135 0.0892612 0.000330361 -0.000839241 -0.0002647 0.000330361 0.0100216 -0.018334 0.000332413 -0.000839241 -0.018334 0.0897762 
0.00981542 -0.0180969 -0.000283374 0.000357298 -0.0180969 0.0891971 0.000344977 -0.000880923 -0.000283374 0.000344977 0.0100187 -0.0183495 0.000357298 -0.000880923 -0.0183495 0.0897741 
0.00979727 -0.0180649 -0.000285019 0.000348584 -0.0180649 0.0891002 0.000344483 -0.000873511 -0.000285019 0.000344483 0.010031 -0.0183622 0.000348584 -0.000873511 -0.0183622 0.0898199 
0.00978496 -0.0180446 -0.00027957 0.000345351 -0.0180446 0.0890287 0.000343296 -0.000859267 -0.00027957 0.000343296 0.0100316 -0.0183735 0.000345351 -0.000859267 -0.0183735 0.089853 
0.00980009 -0.0180695 -0.000245565 0.000309003 -0.0180695 0.0890746 0.000313095 -0.000785808 -0.000245565 0.000313095 0.0100436 -0.018356 0.000309003 -0.000785808 -0.018356 0.0898256 
0.00981961 -0.0180735 -0.000238212 0.000293183 -0.0180735 0.0890972 0.000297255 -0.000739067 -0.000238212 0.000297255 0.0100558 -0.0183769 0.000293183 -0.000739067 -0.0183769 0.0898424 
0.0097983 -0.0180932 -0.000227537 0.000298642 -0.0180932 0.0891355 0.000306768 -0.000741526 -0.000227537 0.000306768 0.0100787 -0.0183919 0.000298642 -0.000741526 -0.0183919 0.0898608 
0.00978646 -0.0180804 -0.000260267 0.000313134 -0.0180804 0.0891517 0.000321268 -0.000807235 -0.000260267 0.000321268 0.0100894 -0.018418 0.000313134 -0.000807235 -0.018418 0.0899163 
0.0097809 -0.0180891 -0.000283534 0.000340649 -0.0180891 0.0891806 0.000352888 -0.000871 -0.000283534 0.000352888 0.0100828 -0.0184154 0.000340649 -0.000871 -0.0184154 0.0899313 
0.00976813 -0.0180539 -0.000304233 0.000361404 -0.0180539 0.0891158 0.00036753 -0.000912699 -0.000304233 0.00036753 0.0100805 -0.0184296 0.000361404 -0.000912699 -0.0184296 0.0899775 
0.00981531 -0.0180622 -0.000307173 0.000382441 -0.0180622 0.0891271 0.000380407 -0.00095 -0.000307173 0.000380407 0.0100574 -0.0184162 0.000382441 -0.00095 -0.0184162 0.0899754 
0.00981282 -0.0181049 -0.000303342 0.000374597 -0.0181049 0.0891868 0.000380705 -0.00095278 -0.000303342 0.000380705 0.0100693 -0.018394 0.000374597 -0.00095278 -0.018394 0.089936 
0.00979698 -0.0181149 -0.000294585 0.000382551 -0.0181149 0.0892346 0.000388688 -0.000975811 -0.000294585 0.000388688 0.0100732 -0.0183972 0.000382551 -0.000975811 -0.0183972 0.0899138 
0.00976627 -0.0180746 -0.000285431 0.000363463 -0.0180746 0.0891594 0.00036757 -0.000938433 -0.000285431 0.00036757 0.0100887 -0.0184237 0.000363463 -0.000938433 -0.0184237 0.0899828 
0.009763 -0.0180237 -0.000279884 0.000360145 -0.0180237 0.089036 0.000356029 -0.000919912 -0.000279884 0.000356029 0.010084 -0.0184517 0.000360145 -0.000919912 -0.0184517 0.0900567 
0.0097824 -0.0180059 -0.000293329 0.000336405 -0.0180059 0.088938 0.000336405 -0.000857422 -0.000293329 0.000336405 0.0100778 -0.0184571 0.000336405 -0.000857422 -0.0184571 0.0901195 
0.00977826 -0.0180009 -0.000268487 0.000354567 -0.0180009 0.088857 0.000352518 -0.0008567 -0.000268487 0.000352518 0.0100836 -0.0184682 0.000354567 -0.0008567 -0.0184682 0.0901646 
0.00979766 -0.0180281 -0.000256752 0.000318373 -0.0180281 0.0888999 0.000318373 -0.000805174 -0.000256752 0.000318373 0.0100606 -0.0184492 0.000318373 -0.000805174 -0.0184492 0.0901097 
0.00980332 -0.0180641 -0.000267008 0.000318356 -0.0180641 0.0890001 0.00032041 -0.000803079 -0.000267008 0.00032041 0.0100498 -0.0183989 0.000318356 -0.000803079 -0.0183989 0.0899983 
0.00982293 -0.0180927 -0.000276616 0.000331939 -0.0180927 0.0891132 0.000338086 -0.000825749 -0.000276616 0.000338086 0.0100319 -0.0183652 0.000331939 -0.000825749 -0.0183652 0.0898775 
0.00982463 -0.018119 -0.000268354 0.0003421 -0.018119 0.0892021 0.000348246 -0.000850129 -0.000268354 0.000348246 0.0100295 -0.0183382 0.0003421 -0.000850129 -0.0183382 0.0897614 
0.00981961 -0.0181195 -0.000273509 0.00033726 -0.0181195 0.089232 0.00033726 -0.00084315 -0.000273509 0.00033726 0.010017 -0.0183313 0.00033726 -0.00084315 -0.0183313 0.0897234 
0.00980128 -0.0180864 -0.000265734 0.000337833 -0.0180864 0.0891632 0.000335773 -0.000838403 -0.000265734 0.000335773 0.0100176 -0.0183419 0.000337833 -0.000838403 -0.0183419 0.0897503 
0.00979082 -0.0180727 -0.000259387 0.000333497 -0.0180727 0.089122 0.000327321 -0.000831685 -0.000259387 0.000327321 0.0100296 -0.0183362 0.000333497 -0.000831685 -0.0183362 0.0897499 
0.00978758 -0.018048 -0.000269251 0.000335022 -0.018048 0.0890501 0.000328856 -0.000844749 -0.000269251 0.000328856 0.0100383 -0.0183646 0.000335022 -0.000844749 -0.0183646 0.0898044 
0.00981682 -0.0180643 -0.000281999 0.000328998 -0.0180643 0.0890707 0.000324912 -0.000823518 -0.000281999 0.000324912 0.01006 -0.0183871 0.000328998 -0.000823518 -0.0183871 0.0898738 
0.00985462 -0.0180794 -0.000326785 0.000367634 -0.0180794 0.0890858 0.000363549 -0.000900702 -0.000326785 0.000363549 0.0100446 -0.0184144 0.000367634 -0.000900702 -0.0184144 0.0899456 
0.00984992 -0.0181352 -0.000341557 0.000419276 -0.0181352 0.0891913 0.000421321 -0.00102262 -0.000341557 0.000421321 0.0100504 -0.018395 0.000419276 -0.00102262 -0.018395 0.0899419 
0.00984472 -0.0181441 -0.000363862 0.000437452 -0.0181441 0.0892689 0.000445629 -0.00111203 -0.000363862 0.000445629 0.0100635 -0.0183914 0.000437452 -0.00111203 -0.0183914 0.0899231 
0.00983706 -0.0181298 -0.000344766 0.000442688 -0.0181298 0.0892659 0.000444728 -0.00110978 -0.000344766 0.000444728 0.0100798 -0.0184236 0.000442688 -0.00110978 -0.0184236 0.0899901 
0.00984367 -0.0181468 -0.000305261 0.000407015 -0.0181468 0.089289 0.00040905 -0.00103789 -0.000305261 0.00040905 0.0101103 -0.0184398 0.000407015 -0.00103789 -0.0184398 0.0900542 
0.00983649 -0.0181453 -0.000270916 0.000366653 -0.0181453 0.0892964 0.000364616 -0.00093904 -0.000270916 0.000364616 0.0101441 -0.0184854 0.000366653 -0.00093904 -0.0184854 0.0901519 
0.00982808 -0.018141 -0.000276962 0.000340093 -0.018141 0.0893162 0.000340093 -0.000875689 -0.000276962 0.000340093 0.0101621 -0.0185157 0.000340093 -0.000875689 -0.0185157 0.0902285 
0.00981767 -0.0181325 -0.000306292 0.000361424 -0.0181325 0.0892984 0.000365508 -0.000910708 -0.000306292 0.000365508 0.0101648 -0.0185347 0.000361424 -0.000910708 -0.0185347 0.0902724 
0.00980105 -0.0181267 -0.000323765 0.000387288 -0.0181267 0.0892934 0.00038319 -0.000946704 -0.000323765 0.00038319 0.0101719 -0.0185345 0.000387288 -0.000946704 -0.0185345 0.0902975 
0.00980244 -0.0180894 -0.000343586 0.000423348 -0.0180894 0.0892282 0.000421302 -0.00104098 -0.000343586 0.000421302 0.0101869 -0.0185659 0.000423348 -0.00104098 -0.0185659 0.0903632 
0.00982711 -0.0180971 -0.000364344 0.000441691 -0.0180971 0.0892073 0.00043762 -0.00109507 -0.000364344 0.00043762 0.0101915 -0.0185734 0.000441691 -0.00109507 -0.0185734 0.0904062 
0.00987075 -0.0181221 -0.00037183 0.000444976 -0.0181221 0.0892289 0.000442944 -0.0011033 -0.00037183 0.000442944 0.0101816 -0.0185955 0.000444976 -0.0011033 -0.0185955 0.0904704 
0.0098873 -0.0181643 -0.000368004 0.000465596 -0.0181643 0.0893131 0.000467629 -0.00114671 -0.000368004 0.000467629 0.0101638 -0.0185791 0.000465596 -0.00114671 -0.0185791 0.0904557 
0.00990095 -0.0182294 -0.000339729 0.000459752 -0.0182294 0.0895032 0.00046789 -0.00117379 -0.000339729 0.00046789 0.0101451 -0.0185244 0.000459752 -0.00117379 -0.0185244 0.0903149 
0.00988341 -0.0182211 -0.000329041 0.000422472 -0.0182211 0.0895397 0.000420441 -0.00109477 -0.000329041 0.000420441 0.01018 -0.018536 0.000422472 -0.00109477 -0.018536 0.0903116 
0.0098783 -0.0181848 -0.000323312 0.000382281 -0.0181848 0.0894842 0.000376181 -0.000965869 -0.000323312 0.000376181 0.0101853 -0.0185793 0.000382281 -0.000965869 -0.0185793 0.0903871 
0.00987609 -0.01818 -0.000322974 0.000392037 -0.01818 0.0894292 0.000390006 -0.000962828 -0.000322974 0.000390006 0.0101788 -0.0185862 0.000392037 -0.000962828 -0.0185862 0.0904286 
0.00989115 -0.018186 -0.000343935 0.000414745 -0.018186 0.089423 0.000410698 -0.0010136 -0.000343935 0.000410698 0.0101825 -0.0185826 0.000414745 -0.0010136 -0.0185826 0.0904427 
0.00990983 -0.0182166 -0.000348139 0.000427078 -0.0182166 0.08949 0.000429102 -0.00106466 -0.000348139 0.000429102 0.0101689 -0.0185708 0.000427078 -0.00106466 -0.0185708 0.0904171 
0.00989452 -0.0182397 -0.000360356 0.000431613 -0.0182397 0.0895535 0.000429577 -0.00107496 -0.000360356 0.000429577 0.010151 -0.0185471 0.000431613 -0.00107496 -0.0185471 0.0903455 
0.00987733 -0.0182274 -0.000348684 0.000430247 -0.0182274 0.0895648 0.000432286 -0.00105625 -0.000348684 0.000432286 0.0101506 -0.0185271 0.000430247 -0.00105625 -0.0185271 0.0903009 
0.00986761 -0.01822 -0.000361458 0.000428849 -0.01822 0.0895661 0.000430891 -0.00105579 -0.000361458 0.000430891 0.0101474 -0.0185038 0.000428849 -0.00105579 -0.0185038 0.0902278 
0.00987732 -0.0181918 -0.000368314 0.0004375 -0.0181918 0.0895002 0.000445639 -0.00107035 -0.000368314 0.000445639 0.0101744 -0.0185317 0.0004375 -0.00107035 -0.0185317 0.0902979 
0.00989738 -0.0182053 -0.000385191 0.000441956 -0.0182053 0.0895042 0.000448038 -0.00108664 -0.000385191 0.000448038 0.0102116 -0.0185723 0.000441956 -0.00108664 -0.0185723 0.0903901 
0.00991606 -0.0182354 -0.00042295 0.000481637 -0.0182354 0.0895622 0.000489732 -0.00117778 -0.00042295 0.000489732 0.0102358 -0.0186139 0.000481637 -0.00117778 -0.0186139 0.0904952 
0.00992305 -0.0182531 -0.00043629 0.000529635 -0.0182531 0.0896179 0.000537752 -0.00129466 -0.00043629 0.000537752 0.0102477 -0.0186549 0.000529635 -0.00129466 -0.0186549 0.0906082 
0.00993842 -0.0182712 -0.000412576 0.00054265 -0.0182712 0.0896754 0.000544682 -0.00135967 -0.000412576 0.000544682 0.0102331 -0.0186594 0.00054265 -0.00135967 -0.0186594 0.0906449 
0.00993604 -0.0182862 -0.000384267 0.000506256 -0.0182862 0.0897212 0.000510322 -0.00131139 -0.000384267 0.000510322 0.010241 -0.0186481 0.000506256 -0.00131139 -0.0186481 0.0906341 
0.00991662 -0.0182767 -0.000367809 0.000469414 -0.0182767 0.0896987 0.000471446 -0.00121722 -0.000367809 0.000471446 0.0102621 -0.0186567 0.000469414 -0.00121722 -0.0186567 0.0906497 
0.00991411 -0.0182524 -0.000374232 0.000438964 -0.0182524 0.0896316 0.000436941 -0.00111865 -0.000374232 0.000436941 0.0102985 -0.0186954 0.000438964 -0.00111865 -0.0186954 0.0907401 
0.0099289 -0.0182235 -0.000399496 0.000470114 -0.0182235 0.0895497 0.000466079 -0.00113594 -0.000399496 0.000466079 0.0102921 -0.018742 0.000470114 -0.00113594 -0.018742 0.090837 
0.0099337 -0.0182396 -0.000412479 0.000498999 -0.0182396 0.0895442 0.000501011 -0.00121128 -0.000412479 0.000501011 0.0103019 -0.0187507 0.000498999 -0.00121128 -0.0187507 0.0909023 
0.00993519 -0.0182602 -0.000415142 0.00051792 -0.0182602 0.0895981 0.000513889 -0.00127767 -0.000415142 0.000513889 0.0102818 -0.0187358 0.00051792 -0.00127767 -0.0187358 0.0908757 
0.00991985 -0.0182682 -0.000403985 0.00052316 -0.0182682 0.0896342 0.000519121 -0.00129477 -0.000403985 0.000519121 0.0102774 -0.0187166 0.00052316 -0.00129477 -0.0187166 0.0908461 
0.00990193 -0.0182715 -0.000386131 0.000495299 -0.0182715 0.0896794 0.000491255 -0.00125139 -0.000386131 0.000491255 0.0102739 -0.0186899 0.000495299 -0.00125139 -0.0186899 0.0907529 
0.00989324 -0.018244 -0.000383082 0.000468211 -0.018244 0.0896473 0.000462131 -0.00117762 -0.000383082 0.000462131 0.0102662 -0.0186839 0.000468211 -0.00117762 -0.0186839 0.0907073 
0.00987204 -0.0182465 -0.000375401 0.000460628 -0.0182465 0.0896499 0.00045454 -0.00112823 -0.000375401 0.00045454 0.0102677 -0.0186544 0.000460628 -0.00112823 -0.0186544 0.0906401 
0.00986913 -0.0182276 -0.000379192 0.000442053 -0.0182276 0.0896231 0.00044408 -0.00109702 -0.000379192 0.00044408 0.0102868 -0.0186656 0.000442053 -0.00109702 -0.0186656 0.0906329 
0.00986446 -0.0181765 -0.000375982 0.000460881 -0.0181765 0.0894897 0.000462902 -0.00111986 -0.000375982 0.000462902 0.0103051 -0.0187223 0.000460881 -0.00111986 -0.0187223 0.0907652 
0.00986334 -0.0181583 -0.000374378 0.000463419 -0.0181583 0.0893934 0.000471514 -0.00115147 -0.000374378 0.000471514 0.0102944 -0.0187493 0.000463419 -0.00115147 -0.0187493 0.0908524 
