0.00769504 0 0.000274823 0 0 0.00998524 0 0 0.000274823 0 0.00695679 0 0 0 0 0.00998524 
0.0107804 -0.0133884 0.000333973 -0.000412554 -0.0133884 0.0348608 -0.000412554 0.000793185 0.000333973 -0.000412554 0.00988166 -0.0122809 -0.000412554 0.000793185 -0.0122809 0.0327367 
0.0106989 -0.0200156 0.000245836 -0.000489164 -0.0200156 0.073194 -0.000489164 0.00155278 0.000245836 -0.000489164 0.0100341 -0.018824 -0.000489164 0.00155278 -0.018824 0.0693886 
0.010118 -0.0195237 0.000209775 -0.000297588 -0.0195237 0.0870005 -0.000307345 0.00115864 0.000209775 -0.000307345 0.00943988 -0.0185968 -0.000297588 0.00115864 -0.0185968 0.083649 
0.0101339 -0.0187521 0.000199614 -0.000229788 -0.0187521 0.0895245 -0.000241393 0.000677758 0.000199614 -0.000241393 0.00938185 -0.0179235 -0.000229788 0.000677758 -0.0179235 0.0872034 
0.0103601 -0.0187294 0.000191813 -0.000211656 -0.0187294 0.0903573 -0.000220475 0.000493864 0.000191813 -0.000220475 0.00950468 -0.0177527 -0.000211656 0.000493864 -0.0177527 0.0880622 
0.0104986 -0.0189012 0.00021278 -0.000246825 -0.0189012 0.090989 -0.000253208 0.000572378 0.00021278 -0.000253208 0.00958787 -0.0177927 -0.000246825 0.000572378 -0.0177927 0.0883782 
0.0105162 -0.0189828 0.00022911 -0.000291595 -0.0189828 0.0913171 -0.000293678 0.000701911 0.00022911 -0.000293678 0.00963305 -0.0178373 -0.000291595 0.000701911 -0.0178373 0.0885095 
0.0105009 -0.0189726 0.000226847 -0.00030315 -0.0189726 0.0913821 -0.000299025 0.000756843 0.000226847 -0.000299025 0.00963274 -0.0178611 -0.00030315 0.000756843 -0.0178611 0.0885465 
0.0104823 -0.0189261 0.000218551 -0.000306379 -0.0189261 0.0912725 -0.000304337 0.000786374 0.000218551 -0.000304337 0.00966321 -0.0179007 -0.000306379 0.000786374 -0.0179007 0.0886723 
0.0104697 -0.0189033 0.000201576 -0.000276912 -0.0189033 0.0911856 -0.000278949 0.00074522 0.000201576 -0.000278949 0.00968583 -0.0179504 -0.000276912 0.00074522 -0.0179504 0.0887932 
0.0104964 -0.0189113 0.000180552 -0.000241412 -0.0189113 0.091201 -0.000243441 0.000653233 0.000180552 -0.000243441 0.00969503 -0.0179801 -0.000241412 0.000653233 -0.0179801 0.0889086 
0.0105285 -0.0189537 0.0001498 -0.000202432 -0.0189537 0.091295 -0.000206481 0.000536446 0.0001498 -0.000206481 0.00968842 -0.0179902 -0.000202432 0.000536446 -0.0179902 0.088961 
0.0105434 -0.0189854 0.000135639 -0.000176128 -0.0189854 0.0913742 -0.000178153 0.000461578 0.000135639 -0.000178153 0.00967491 -0.0179833 -0.000176128 0.000461578 -0.0179833 0.0889691 
0.0105322 -0.0190065 0.000137728 -0.000166084 -0.0190065 0.0914414 -0.000164059 0.00041521 0.000137728 -0.000164059 0.00967338 -0.0179634 -0.000166084 0.00041521 -0.0179634 0.088942 
0.0105065 -0.0190018 0.000144091 -0.00018671 -0.0190018 0.0914674 -0.00018468 0.000452568 0.000144091 -0.00018468 0.00967034 -0.0179485 -0.00018671 0.000452568 -0.0179485 0.0888859 
0.0104805 -0.0189907 0.000152186 -0.000172477 -0.0189907 0.0914839 -0.000174506 0.000428149 0.000152186 -0.000174506 0.00967089 -0.0179254 -0.000172477 0.000428149 -0.0179254 0.0888075 
0.0104383 -0.0189598 0.000148219 -0.000168523 -0.0189598 0.0914348 -0.000176644 0.000406079 0.000148219 -0.000176644 0.00970123 -0.0179345 -0.000168523 0.000406079 -0.0179345 0.0887851 
0.0103803 -0.0188985 0.000167063 -0.000189474 -0.0188985 0.0913021 -0.000193549 0.000454331 0.000167063 -0.000193549 0.00972634 -0.0179573 -0.000189474 0.000454331 -0.0179573 0.0888227 
0.0103476 -0.0188244 0.000168965 -0.000205608 -0.0188244 0.0911334 -0.000207644 0.000498753 0.000168965 -0.000207644 0.00975317 -0.018004 -0.000205608 0.000498753 -0.018004 0.0889307 
0.0103324 -0.0187835 0.000167309 -0.000222399 -0.0187835 0.0909918 -0.000224439 0.000552937 0.000167309 -0.000224439 0.00973455 -0.0180204 -0.000222399 0.000552937 -0.0180204 0.08898 
0.0103438 -0.018757 0.000171241 -0.000214051 -0.018757 0.090882 -0.000212013 0.000554494 0.000171241 -0.000212013 0.00970569 -0.0180109 -0.000214051 0.000554494 -0.0180109 0.0889882 
0.0103491 -0.0187691 0.000170758 -0.000207349 -0.0187691 0.0908594 -0.000203283 0.000514306 0.000170758 -0.000203283 0.00968847 -0.0179682 -0.000207349 0.000514306 -0.0179682 0.0889119 
0.0103426 -0.0187401 0.000171086 -0.000211821 -0.0187401 0.0907919 -0.000203674 0.000511222 0.000171086 -0.000203674 0.00969286 -0.0179824 -0.000211821 0.000511222 -0.0179824 0.0889507 
0.0103476 -0.0187524 0.000203014 -0.000233466 -0.0187524 0.090802 -0.000231436 0.000570469 0.000203014 -0.000231436 0.00970001 -0.0179769 -0.000233466 0.000570469 -0.0179769 0.0889546 
0.0103673 -0.0187657 0.000218771 -0.000263335 -0.0187657 0.0908487 -0.000257258 0.000640108 0.000218771 -0.000257258 0.00971708 -0.0179959 -0.000263335 0.000640108 -0.0179959 0.0889993 
0.0103665 -0.0187926 0.000224831 -0.000273443 -0.0187926 0.0909148 -0.000273443 0.000676519 0.000224831 -0.000273443 0.00974065 -0.0180169 -0.000273443 0.000676519 -0.0180169 0.0890412 
0.0103944 -0.0188021 0.000208822 -0.000285863 -0.0188021 0.0909611 -0.000285863 0.000717698 0.000208822 -0.000285863 0.00971325 -0.0180337 -0.000285863 0.000717698 -0.0180337 0.0890655 
0.0104505 -0.0188429 0.000192254 -0.000236775 -0.0188429 0.0910574 -0.000236775 0.000627354 0.000192254 -0.000236775 0.00967744 -0.0180071 -0.000236775 0.000627354 -0.0180071 0.0890559 
0.0105075 -0.01892 0.000184024 -0.000242668 -0.01892 0.0912231 -0.000244691 0.000612738 0.000184024 -0.000244691 0.00963596 -0.0179514 -0.000242668 0.000612738 -0.0179514 0.0889359 
0.0104871 -0.0189856 0.000188136 -0.000230619 -0.0189856 0.0913939 -0.000226573 0.000596777 0.000188136 -0.000226573 0.00964149 -0.0178912 -0.000230619 0.000596777 -0.0178912 0.0887721 
0.010451 -0.0189619 0.000190166 -0.000246811 -0.0189619 0.0914171 -0.000246811 0.000627142 0.000190166 -0.000246811 0.00965394 -0.0178837 -0.000246811 0.000627142 -0.0178837 0.0886657 
0.0104158 -0.0189152 0.000174035 -0.000216532 -0.0189152 0.0913381 -0.000212485 0.000554484 0.000174035 -0.000212485 0.00966502 -0.0179013 -0.000216532 0.000554484 -0.0179013 0.088679 
0.0103713 -0.0188713 0.000170121 -0.000222778 -0.0188713 0.0912294 -0.000224803 0.000560994 0.000170121 -0.000224803 0.00968475 -0.0179073 -0.000222778 0.000560994 -0.0179073 0.0886918 
0.0103352 -0.0187869 0.000168102 -0.000214684 -0.0187869 0.0910301 -0.000216709 0.000556963 0.000168102 -0.000216709 0.00971141 -0.0179727 -0.000214684 0.000556963 -0.0179727 0.0888549 
0.0103161 -0.0187464 0.000180273 -0.000224835 -0.0187464 0.0908717 -0.00022686 0.000583355 0.000180273 -0.00022686 0.00972056 -0.0179969 -0.000224835 0.000583355 -0.0179969 0.0889515 
0.0103159 -0.0187184 0.000159796 -0.000212387 -0.0187184 0.0907802 -0.000216432 0.00054816 0.000159796 -0.000216432 0.00973136 -0.0180286 -0.000212387 0.00054816 -0.0180286 0.0890487 
0.0103298 -0.0187266 0.000167652 -0.000206031 -0.0187266 0.0907767 -0.000201991 0.000531236 0.000167652 -0.000201991 0.00974606 -0.0180459 -0.000206031 0.000531236 -0.0180459 0.0891224 
0.0103493 -0.0187603 0.000181708 -0.000209973 -0.0187603 0.0908518 -0.000205935 0.000514838 0.000181708 -0.000205935 0.00975165 -0.0180516 -0.000209973 0.000514838 -0.0180516 0.0891357 
0.0103891 -0.0187892 0.000194037 -0.000226377 -0.0187892 0.0909367 -0.000226377 0.000537644 0.000194037 -0.000226377 0.00973621 -0.0180555 -0.000226377 0.000537644 -0.0180555 0.0891459 
0.0104428 -0.01884 0.000194624 -0.000269635 -0.01884 0.0910575 -0.000263553 0.000646718 0.000194624 -0.000263553 0.00967441 -0.0180148 -0.000269635 0.000646718 -0.0180148 0.0890788 
0.0104325 -0.0189085 0.000197493 -0.000278934 -0.0189085 0.0912154 -0.000274862 0.000716677 0.000197493 -0.000274862 0.00964867 -0.0179271 -0.000278934 0.000716677 -0.0179271 0.0888862 
0.0104172 -0.018883 0.000210015 -0.000256912 -0.018883 0.0912262 -0.00026099 0.00068306 0.000210015 -0.00026099 0.00965052 -0.0179186 -0.000256912 0.00068306 -0.0179186 0.0888039 
0.0103873 -0.018846 0.000200425 -0.000261779 -0.018846 0.0911298 -0.000267914 0.000660583 0.000200425 -0.000267914 0.00965719 -0.0179237 -0.000261779 0.000660583 -0.0179237 0.088786 
0.0103985 -0.0188328 0.000167421 -0.000228673 -0.0188328 0.0910995 -0.000232756 0.000592099 0.000167421 -0.000232756 0.00965121 -0.0179059 -0.000228673 0.000592099 -0.0179059 0.0887413 
0.0103982 -0.0188455 0.000143001 -0.00019203 -0.0188455 0.0910998 -0.000202244 0.000512761 0.000143001 -0.000202244 0.00964644 -0.0178915 -0.00019203 0.000512761 -0.0178915 0.0886892 
0.0103822 -0.0188334 0.000114676 -0.000161775 -0.0188334 0.091077 -0.00016587 0.000427986 0.000114676 -0.00016587 0.00965323 -0.0179017 -0.000161775 0.000427986 -0.0179017 0.0886934 
0.0103854 -0.0188321 0.000120784 -0.000161728 -0.0188321 0.0910937 -0.000157633 0.000421721 0.000120784 -0.000157633 0.00965863 -0.0178965 -0.000161728 0.000421721 -0.0178965 0.088678 
0.0103877 -0.0188314 0.000149067 -0.000165403 -0.0188314 0.0910799 -0.000161319 0.000414529 0.000149067 -0.000161319 0.0096771 -0.0179125 -0.000165403 0.000414529 -0.0179125 0.0887173 
0.0104046 -0.0188438 0.000180334 -0.000192491 -0.0188438 0.0911211 -0.000194517 0.000453873 0.000180334 -0.000194517 0.00970559 -0.017926 -0.000192491 0.000453873 -0.017926 0.0887423 
0.0104006 -0.0188664 0.000189836 -0.000220129 -0.0188664 0.0911535 -0.00021609 0.00051296 0.000189836 -0.00021609 0.00973615 -0.0179657 -0.000220129 0.00051296 -0.0179657 0.0888169 
0.0104131 -0.0188483 0.0001719 -0.000236616 -0.0188483 0.0911314 -0.000232571 0.000564237 0.0001719 -0.000232571 0.00972551 -0.0180273 -0.000236616 0.000564237 -0.0180273 0.0889594 
0.010417 -0.0188484 0.000134413 -0.000199583 -0.0188484 0.0910853 -0.000199583 0.000509141 0.000134413 -0.000199583 0.0096859 -0.0180236 -0.000199583 0.000509141 -0.0180236 0.0890366 
0.0104115 -0.018858 9.98751e-05 -0.000148793 -0.018858 0.0911003 -0.000150832 0.000407653 9.98751e-05 -0.000150832 0.0096675 -0.0179714 -0.000148793 0.000407653 -0.0179714 0.0889724 
0.0104116 -0.0188405 0.000109917 -0.000136378 -0.0188405 0.0910599 -0.000136378 0.000360283 0.000109917 -0.000136378 0.00964825 -0.0179409 -0.000136378 0.000360283 -0.0179409 0.0888779 
0.0103627 -0.0188307 0.000114212 -0.000152963 -0.0188307 0.0909985 -0.000157042 0.000385466 0.000114212 -0.000157042 0.00965296 -0.0179007 -0.000152963 0.000385466 -0.0179007 0.0887672 
0.0103289 -0.018786 0.000138808 -0.000155138 -0.018786 0.0909334 -0.000163303 0.000408258 0.000138808 -0.000163303 0.00964102 -0.0178878 -0.000155138 0.000408258 -0.0178878 0.0886757 
0.0103009 -0.018729 0.000144854 -0.000171376 -0.018729 0.0907948 -0.000181577 0.000424361 0.000144854 -0.000181577 0.00965013 -0.0178966 -0.000171376 0.000424361 -0.0178966 0.0886873 
0.0102824 -0.0186908 0.00014902 -0.000191889 -0.0186908 0.0906797 -0.00019393 0.000475639 0.00014902 -0.00019393 0.00965364 -0.0179089 -0.000191889 0.000475639 -0.0179089 0.0887159 
0.010258 -0.0186831 0.000134866 -0.000171648 -0.0186831 0.0906425 -0.000173692 0.000435251 0.000134866 -0.000173692 0.00966339 -0.0178984 -0.000171648 0.000435251 -0.0178984 0.088687 
0.0102734 -0.0186755 0.000112 -0.000142545 -0.0186755 0.0906547 -0.000138473 0.000348218 0.000112 -0.000138473 0.0096605 -0.0178955 -0.000142545 0.000348218 -0.0178955 0.0886652 
0.0102972 -0.0186503 9.14131e-05 -0.000127978 -0.0186503 0.0905721 -0.000123915 0.000308773 9.14131e-05 -0.000123915 0.00966744 -0.0179474 -0.000127978 0.000308773 -0.0179474 0.0887966 
0.0103041 -0.0186838 9.74386e-05 -0.000140068 -0.0186838 0.0906098 -0.000133978 0.000351185 9.74386e-05 -0.000133978 0.00966875 -0.0179368 -0.000140068 0.000351185 -0.0179368 0.0888234 
0.0102935 -0.0186874 9.35589e-05 -0.000132203 -0.0186874 0.0906301 -0.000132203 0.000339659 9.35589e-05 -0.000132203 0.00968131 -0.0179552 -0.000132203 0.000339659 -0.0179552 0.0888626 
0.0102581 -0.0186807 9.00374e-05 -0.000112547 -0.0186807 0.0906185 -0.000114593 0.000294668 9.00374e-05 -0.000114593 0.00967492 -0.0179461 -0.000112547 0.000294668 -0.0179461 0.0888423 
0.0102317 -0.0186415 0.0001085 -0.000128971 -0.0186415 0.0905603 -0.000131018 0.000327546 0.0001085 -0.000131018 0.00967898 -0.0179372 -0.000128971 0.000327546 -0.0179372 0.0888141 
0.0102166 -0.0186125 0.000120967 -0.000157872 -0.0186125 0.0904975 -0.000153771 0.000393655 0.000120967 -0.000153771 0.00966915 -0.0179256 -0.000157872 0.000393655 -0.0179256 0.0887671 
0.0102045 -0.0186095 0.00012297 -0.000155762 -0.0186095 0.090469 -0.000151663 0.000389405 0.00012297 -0.000151663 0.00967569 -0.0179044 -0.000155762 0.000389405 -0.0179044 0.0887044 
0.0102177 -0.0185834 9.61808e-05 -0.000155526 -0.0185834 0.0904202 -0.000157573 0.000397002 9.61808e-05 -0.000157573 0.0096631 -0.0179121 -0.000155526 0.000397002 -0.0179121 0.0886828 
0.0102269 -0.0185976 7.36782e-05 -0.000112564 -0.0185976 0.0904196 -0.00012075 0.000315179 7.36782e-05 -0.00012075 0.00965185 -0.0179018 -0.000112564 0.000315179 -0.0179018 0.0886697 
0.0102349 -0.0186141 6.77398e-05 -7.18453e-05 -0.0186141 0.090445 -8.00562e-05 0.000207325 6.77398e-05 -8.00562e-05 0.00963137 -0.0178874 -7.18453e-05 0.000207325 -0.0178874 0.0886345 
0.0102329 -0.0186205 7.61195e-05 -7.20049e-05 -0.0186205 0.0904628 -8.0234e-05 0.000185155 7.61195e-05 -8.0234e-05 0.00962191 -0.0178613 -7.20049e-05 0.000185155 -0.0178613 0.0885887 
0.0102392 -0.0186065 0.000113517 -0.000103197 -0.0186065 0.0904441 -0.000109389 0.000241482 0.000113517 -0.000109389 0.00959941 -0.0178552 -0.000103197 0.000241482 -0.0178552 0.0885742 
0.0102478 -0.0186177 0.000140014 -0.000158545 -0.0186177 0.0904737 -0.000166781 0.000368566 0.000140014 -0.000166781 0.00960537 -0.0178312 -0.000158545 0.000368566 -0.0178312 0.0885259 
0.0102698 -0.0186388 0.000153954 -0.000188851 -0.0186388 0.0905129 -0.000190904 0.000463916 0.000153954 -0.000190904 0.00960265 -0.0178238 -0.000188851 0.000463916 -0.0178238 0.0884725 
0.0102965 -0.0186605 0.000142695 -0.000189581 -0.0186605 0.0905625 -0.000189581 0.000485164 0.000142695 -0.000189581 0.00960747 -0.0178226 -0.000189581 0.000485164 -0.0178226 0.0884588 
0.0103065 -0.0186905 0.000124101 -0.000170894 -0.0186905 0.0906163 -0.000168859 0.00044351 0.000124101 -0.000168859 0.00960869 -0.0178319 -0.000170894 0.00044351 -0.0178319 0.088472 
0.0102934 -0.0187051 0.000126124 -0.00015257 -0.0187051 0.0906591 -0.000148501 0.000396682 0.000126124 -0.000148501 0.00962004 -0.0178364 -0.00015257 0.000396682 -0.0178364 0.0885007 
0.0102694 -0.0186873 0.000124392 -0.000161097 -0.0186873 0.0906529 -0.000163136 0.000405802 0.000124392 -0.000163136 0.00962301 -0.0178512 -0.000161097 0.000405802 -0.0178512 0.088528 
0.0102316 -0.0186354 0.000100289 -0.000167831 -0.0186354 0.0905511 -0.000169878 0.000437999 0.000100289 -0.000169878 0.00963597 -0.0178802 -0.000167831 0.000437999 -0.0178802 0.0886169 
0.0101895 -0.0186114 8.61259e-05 -0.00013329 -0.0186114 0.0904855 -0.000127138 0.000375263 8.61259e-05 -0.000127138 0.00965841 -0.0178773 -0.00013329 0.000375263 -0.0178773 0.0886277 
0.01018 -0.0185705 9.41836e-05 -0.000110563 -0.0185705 0.0903937 -9.82785e-05 0.000303025 9.41836e-05 -9.82785e-05 0.00967019 -0.017899 -0.000110563 0.000303025 -0.017899 0.0886533 
0.0101905 -0.0185389 9.21012e-05 -0.000116662 -0.0185389 0.0903001 -0.000108475 0.000276304 9.21012e-05 -0.000108475 0.00966039 -0.0179147 -0.000116662 0.000276304 -0.0179147 0.0886975 
0.0101858 -0.0185625 9.60729e-05 -0.000128779 -0.0185625 0.0903126 -0.000126734 0.00030866 9.60729e-05 -0.000126734 0.00966452 -0.01789 -0.000128779 0.00030866 -0.01789 0.0886609 
0.0101811 -0.0185814 0.000114763 -0.000139355 -0.0185814 0.0903759 -0.000133207 0.000348388 0.000114763 -0.000133207 0.00964419 -0.017862 -0.000139355 0.000348388 -0.017862 0.0885602 
0.0101768 -0.0185729 0.000127339 -0.000145823 -0.0185729 0.0903775 -0.000141715 0.000342993 0.000127339 -0.000141715 0.00963255 -0.0178582 -0.000145823 0.000342993 -0.0178582 0.088527 
0.0101622 -0.0185535 0.000160619 -0.000162678 -0.0185535 0.0903398 -0.000160619 0.000385073 0.000160619 -0.000160619 0.00963301 -0.0178493 -0.000162678 0.000385073 -0.0178493 0.0885092 
0.0101444 -0.0185256 0.00018625 -0.00018625 -0.0185256 0.0902691 -0.000192458 0.000434583 0.00018625 -0.000192458 0.00962084 -0.0178427 -0.00018625 0.000434583 -0.0178427 0.0884831 
0.0101136 -0.0184962 0.000172474 -0.000220268 -0.0184962 0.0901808 -0.000226502 0.000521577 0.000172474 -0.000226502 0.00960865 -0.0178209 -0.000220268 0.000521577 -0.0178209 0.0884416 
0.0101132 -0.018447 0.000168172 -0.000215924 -0.018447 0.0900488 -0.000220077 0.000552268 0.000168172 -0.000220077 0.00959203 -0.0178096 -0.000215924 0.000552268 -0.0178096 0.0884086 
0.0100877 -0.0184316 0.000168164 -0.000211761 -0.0184316 0.0899675 -0.000211761 0.000550165 0.000168164 -0.000211761 0.00961231 -0.0178066 -0.000211761 0.000550165 -0.0178066 0.088398 
0.0100818 -0.0184153 0.000171931 -0.000211289 -0.0184153 0.0899282 -0.000203003 0.000534436 0.000171931 -0.000203003 0.0096302 -0.0178166 -0.000211289 0.000534436 -0.0178166 0.088387 
0.0100914 -0.0184046 0.000167296 -0.000212734 -0.0184046 0.0898976 -0.000204472 0.000524606 0.000167296 -0.000204472 0.00962879 -0.0178304 -0.000212734 0.000524606 -0.0178304 0.0884167 
0.0100874 -0.0184268 0.000157035 -0.000206625 -0.0184268 0.0899192 -0.000204559 0.000520696 0.000157035 -0.000204559 0.00962254 -0.0178194 -0.000206625 0.000520696 -0.0178194 0.0883839 
0.0100791 -0.018406 0.000144458 -0.000181605 -0.018406 0.0899026 -0.000183668 0.000472585 0.000144458 -0.000183668 0.00963949 -0.0178427 -0.000181605 0.000472585 -0.0178427 0.0884374 
0.0100716 -0.0183893 0.000142377 -0.000179518 -0.0183893 0.0898397 -0.000183645 0.000453955 0.000142377 -0.000183645 0.00964447 -0.0178672 -0.000179518 0.000453955 -0.0178672 0.0885129 
0.0100825 -0.0184031 0.000158116 -0.000190971 -0.0184031 0.0898654 -0.000188918 0.000484616 0.000158116 -0.000188918 0.00964508 -0.0178568 -0.000190971 0.000484616 -0.0178568 0.088506 
0.0100674 -0.0184221 0.000162047 -0.000213328 -0.0184221 0.0899116 -0.000213328 0.000541525 0.000162047 -0.000213328 0.00966335 -0.0178437 -0.000213328 0.000541525 -0.0178437 0.0884676 
0.0100679 -0.0183862 0.000175984 -0.000229188 -0.0183862 0.0898766 -0.000235327 0.000605712 0.000175984 -0.000235327 0.00965865 -0.0178787 -0.000229188 0.000605712 -0.0178787 0.088522 
0.010069 -0.0183737 0.000172331 -0.000219516 -0.0183737 0.0898089 -0.000221568 0.000584693 0.000172331 -0.000221568 0.00964641 -0.0178978 -0.000219516 0.000584693 -0.0178978 0.0886149 
0.0100539 -0.0183769 0.000152488 -0.000210186 -0.0183769 0.0897928 -0.000212247 0.000541951 0.000152488 -0.000212247 0.0096459 -0.0178844 -0.000210186 0.000541951 -0.0178844 0.0886285 
0.0100516 -0.0183705 0.000138201 -0.00017533 -0.0183705 0.0898102 -0.000171205 0.000455858 0.000138201 -0.000171205 0.00963284 -0.0178713 -0.00017533 0.000455858 -0.0178713 0.0885809 
0.010053 -0.018356 0.000155138 -0.000173755 -0.018356 0.0897714 -0.000173755 0.000440593 0.000155138 -0.000173755 0.00962272 -0.0178637 -0.000173755 0.000440593 -0.0178637 0.0885572 
0.0100157 -0.0183486 0.00016392 -0.000188819 -0.0183486 0.089743 -0.000192969 0.00046686 0.00016392 -0.000192969 0.00962977 -0.017832 -0.000188819 0.00046686 -0.017832 0.0884876 
0.0099948 -0.0183266 0.000176697 -0.000195406 -0.0183266 0.08971 -0.000199563 0.000473963 0.000176697 -0.000199563 0.0096227 -0.0178131 -0.000195406 0.000473963 -0.0178131 0.08839 
0.00998589 -0.0182946 0.000151711 -0.000197432 -0.0182946 0.0896278 -0.000205745 0.000477993 0.000151711 -0.000205745 0.00962012 -0.0178146 -0.000197432 0.000477993 -0.0178146 0.0883517 
0.00998179 -0.0182799 0.00012472 -0.000168373 -0.0182799 0.0895784 -0.000176687 0.000440679 0.00012472 -0.000176687 0.00961594 -0.0178018 -0.000168373 0.000440679 -0.0178018 0.0883249 
0.00996049 -0.0182772 9.55941e-05 -0.000141313 -0.0182772 0.0895551 -0.000143391 0.000371986 9.55941e-05 -0.000143391 0.00963007 -0.017793 -0.000141313 0.000371986 -0.017793 0.0882874 
0.00994867 -0.0182631 5.60664e-05 -0.000118362 -0.0182631 0.089538 -0.000116286 0.000313556 5.60664e-05 -0.000116286 0.00964549 -0.017798 -0.000118362 0.000313556 -0.017798 0.0882693 
0.00993798 -0.018213 3.12188e-05 -8.32501e-05 -0.018213 0.0894189 -8.32501e-05 0.000253913 3.12188e-05 -8.32501e-05 0.00964036 -0.0178405 -8.32501e-05 0.000253913 -0.0178405 0.0883658 
0.00994741 -0.0182216 3.75059e-05 -5.83426e-05 -0.0182216 0.0893996 -5.41752e-05 0.00018753 3.75059e-05 -5.41752e-05 0.00962444 -0.0178257 -5.83426e-05 0.00018753 -0.0178257 0.0883702 
0.0099233 -0.0181945 5.01282e-05 -6.26603e-05 -0.0181945 0.089316 -5.8483e-05 0.00017336 5.01282e-05 -5.8483e-05 0.00963089 -0.0178331 -6.26603e-05 0.00017336 -0.0178331 0.088422 
0.0098958 -0.0181881 5.65953e-05 -6.91721e-05 -0.0181881 0.0892844 -6.28837e-05 0.000171882 5.65953e-05 -6.28837e-05 0.00964427 -0.0178233 -6.91721e-05 0.000171882 -0.0178233 0.0883873 
0.00990866 -0.0181683 8.57983e-05 -9.41689e-05 -0.0181683 0.0892553 -8.78909e-05 0.000228098 8.57983e-05 -8.78909e-05 0.00961987 -0.0178167 -9.41689e-05 0.000228098 -0.0178167 0.088345 
0.00993974 -0.0181812 0.000120861 -0.000114609 -0.0181812 0.0892701 -0.000114609 0.000277146 0.000120861 -0.000114609 0.00960633 -0.0177957 -0.000114609 0.000277146 -0.0177957 0.088297 
0.009988 -0.0182088 0.000142952 -0.000153311 -0.0182088 0.0893119 -0.000161598 0.000364632 0.000142952 -0.000161598 0.00958815 -0.0177924 -0.000153311 0.000364632 -0.0177924 0.0882926 
0.0100079 -0.0182551 0.000154985 -0.000181849 -0.0182551 0.0893889 -0.000192181 0.000456688 0.000154985 -0.000192181 0.00959458 -0.0177943 -0.000181849 0.000456688 -0.0177943 0.0883185 
0.0100064 -0.0183074 0.000151079 -0.000206957 -0.0183074 0.0895338 -0.000217305 0.000533949 0.000151079 -0.000217305 0.0095966 -0.0177776 -0.000206957 0.000533949 -0.0177776 0.0882713 
0.0100274 -0.0183188 0.000142599 -0.000188065 -0.0183188 0.0896328 -0.000188065 0.000508397 0.000142599 -0.000188065 0.00958927 -0.0177877 -0.000188065 0.000508397 -0.0177877 0.0882771 
0.0100428 -0.0183367 0.000126104 -0.000179853 -0.0183367 0.0896886 -0.000173651 0.000469271 0.000126104 -0.000173651 0.00958595 -0.0177744 -0.000179853 0.000469271 -0.0177744 0.0882808 
0.0100331 -0.018343 0.00011599 -0.000159486 -0.018343 0.08971 -0.000151201 0.000422535 0.00011599 -0.000151201 0.00957539 -0.0177693 -0.000159486 0.000422535 -0.0177693 0.088256 
0.0100167 -0.0183519 0.000103543 -0.000128393 -0.0183519 0.0897551 -0.000126322 0.00033755 0.000103543 -0.000126322 0.00959014 -0.0177514 -0.000128393 0.00033755 -0.0177514 0.0882019 
0.00999573 -0.0183341 8.28662e-05 -0.000109798 -0.0183341 0.089742 -0.000107726 0.00027553 8.28662e-05 -0.000107726 0.00961248 -0.0177582 -0.000109798 0.00027553 -0.0177582 0.0881945 
0.009994 -0.0183051 7.65903e-05 -9.52204e-05 -0.0183051 0.0896789 -9.31503e-05 0.000242191 7.65903e-05 -9.31503e-05 0.00961519 -0.0177896 -9.52204e-05 0.000242191 -0.0177896 0.0882444 
0.00997024 -0.0182788 8.27749e-05 -9.10524e-05 -0.0182788 0.0895915 -9.10524e-05 0.000217284 8.27749e-05 -9.10524e-05 0.00963707 -0.0178111 -9.10524e-05 0.000217284 -0.0178111 0.0883188 
0.00994216 -0.0182369 9.31301e-05 -9.72692e-05 -0.0182369 0.0894711 -9.72692e-05 0.000227651 9.31301e-05 -9.72692e-05 0.00966897 -0.0178582 -9.72692e-05 0.000227651 -0.0178582 0.088455 
0.00992247 -0.0181999 0.000114386 -0.000137263 -0.0181999 0.0893625 -0.000133104 0.000307802 0.000114386 -0.000133104 0.0096625 -0.0178837 -0.000137263 0.000307802 -0.0178837 0.0885181 
0.00994341 -0.0182126 9.79955e-05 -0.000150121 -0.0182126 0.0893635 -0.000139696 0.000356537 9.79955e-05 -0.000139696 0.00961607 -0.0178414 -0.000150121 0.000356537 -0.0178414 0.0884628 
0.00995324 -0.0182205 8.13787e-05 -0.000123111 -0.0182205 0.0893767 -0.000121025 0.000327601 8.13787e-05 -0.000121025 0.00959642 -0.0178011 -0.000123111 0.000327601 -0.0178011 0.0883647 
0.00995626 -0.0182122 7.50158e-05 -0.000106272 -0.0182122 0.0893501 -0.00011044 0.000293812 7.50158e-05 -0.00011044 0.00960202 -0.0177975 -0.000106272 0.000293812 -0.0177975 0.0883436 
0.00995868 -0.0182295 8.73021e-05 -0.000108088 -0.0182295 0.0893807 -0.000116403 0.000295164 8.73021e-05 -0.000116403 0.00960323 -0.0177785 -0.000108088 0.000295164 -0.0177785 0.0882811 
0.00994994 -0.0182229 8.72802e-05 -0.000116374 -0.0182229 0.0893666 -0.000124686 0.000315871 8.72802e-05 -0.000124686 0.0096216 -0.0178052 -0.000116374 0.000315871 -0.0178052 0.0883171 
0.00993537 -0.0182093 8.51484e-05 -0.0001163 -0.0182093 0.0893353 -0.0001163 0.000305288 8.51484e-05 -0.0001163 0.00964047 -0.0178251 -0.0001163 0.000305288 -0.0178251 0.0883737 
0.0099389 -0.0182033 7.68686e-05 -9.55663e-05 -0.0182033 0.0893296 -9.76439e-05 0.000245148 7.68686e-05 -9.76439e-05 0.00963143 -0.0178314 -9.55663e-05 0.000245148 -0.0178314 0.0883906 
0.0099579 -0.0182368 8.51991e-05 -0.000108057 -0.0182368 0.0894071 -0.000103901 0.000263909 8.51991e-05 -0.000103901 0.00960879 -0.0177983 -0.000108057 0.000263909 -0.0177983 0.0883244 
0.00996911 -0.0182399 7.49245e-05 -0.000116549 -0.0182399 0.0894307 -0.000114468 0.000285129 7.49245e-05 -0.000114468 0.00960074 -0.0178029 -0.000116549 0.000285129 -0.0178029 0.0883172 
0.00996113 -0.0182479 7.06316e-05 -0.000114257 -0.0182479 0.0894487 -0.000114257 0.000305378 7.06316e-05 -0.000114257 0.00962044 -0.0177909 -0.000114257 0.000305378 -0.0177909 0.0883144 
0.00995418 -0.0182456 6.81652e-05 -9.50182e-05 -0.0182456 0.0894575 -9.29525e-05 0.00026853 6.81652e-05 -9.29525e-05 0.00964847 -0.0178138 -9.50182e-05 0.00026853 -0.0178138 0.08834 
0.00997284 -0.0182293 7.82992e-05 -0.000100965 -0.0182293 0.0894321 -9.27227e-05 0.000269926 7.82992e-05 -9.27227e-05 0.00965346 -0.0178563 -0.000100965 0.000269926 -0.0178563 0.0884245 
0.0099887 -0.0182679 8.86693e-05 -0.000121663 -0.0182679 0.0894983 -0.000121663 0.00031756 8.86693e-05 -0.000121663 0.00963608 -0.0178432 -0.000121663 0.00031756 -0.0178432 0.0884322 
0.0100163 -0.018322 9.68653e-05 -0.000133963 -0.018322 0.089656 -0.000129841 0.000340059 9.68653e-05 -0.000129841 0.00961027 -0.0178026 -0.000133963 0.000340059 -0.0178026 0.0883349 
0.0100226 -0.018319 0.0001115 -0.00010737 -0.018319 0.0896747 -0.000113565 0.000291138 0.0001115 -0.000113565 0.00960963 -0.0178172 -0.00010737 0.000291138 -0.0178172 0.0883801 
0.010043 -0.0183199 9.29525e-05 -9.91494e-05 -0.0183199 0.0896847 -0.000103281 0.000225152 9.29525e-05 -0.000103281 0.00960716 -0.0178283 -9.91494e-05 0.000225152 -0.0178283 0.088433 
0.0100712 -0.0183549 5.98618e-05 -9.70174e-05 -0.0183549 0.0897432 -9.49532e-05 0.000210548 5.98618e-05 -9.49532e-05 0.00958615 -0.0178099 -9.70174e-05 0.000210548 -0.0178099 0.0884077 
0.0100872 -0.018406 3.71839e-05 -8.0565e-05 -0.018406 0.0898527 -8.26308e-05 0.000212774 3.71839e-05 -8.26308e-05 0.00956658 -0.0177636 -8.0565e-05 0.000212774 -0.0177636 0.0883034 
0.0100523 -0.0184065 4.5617e-05 -6.42785e-05 -0.0184065 0.0898801 -6.42785e-05 0.000194909 4.5617e-05 -6.42785e-05 0.00958787 -0.0177595 -6.42785e-05 0.000194909 -0.0177595 0.0882565 
0.010019 -0.0183667 6.64333e-05 -7.47375e-05 -0.0183667 0.0898262 -7.88896e-05 0.00020968 6.64333e-05 -7.88896e-05 0.00960169 -0.0177688 -7.47375e-05 0.00020968 -0.0177688 0.0882484 
0.00998186 -0.0183119 7.70719e-05 -8.1238e-05 -0.0183119 0.0897013 -7.29059e-05 0.000189555 7.70719e-05 -7.29059e-05 0.00961733 -0.0177932 -8.1238e-05 0.000189555 -0.0177932 0.0882849 
0.00996888 -0.0182825 6.67093e-05 -7.92173e-05 -0.0182825 0.0896031 -7.08787e-05 0.000164689 6.67093e-05 -7.08787e-05 0.00961865 -0.017801 -7.92173e-05 0.000164689 -0.017801 0.0883106 
0.00998415 -0.0182651 6.03838e-05 -7.91236e-05 -0.0182651 0.0895367 -7.70414e-05 0.000174905 6.03838e-05 -7.70414e-05 0.00959895 -0.0177966 -7.91236e-05 0.000174905 -0.0177966 0.088302 
