0.00734304 0 0.000392025 0 0 0.00998989 0 0 0.000392025 0 0.00733223 0 0 0 0 0.00998989 
0.0103432 -0.0128551 0.000455592 -0.000559024 -0.0128551 0.0338345 -0.000559024 0.00107372 0.000455592 -0.000559024 0.010353 -0.0128625 -0.000559024 0.00107372 -0.0128625 0.0338493 
0.010387 -0.0194186 0.000377892 -0.000649974 -0.0194186 0.071288 -0.000649974 0.00207589 0.000377892 -0.000649974 0.0103442 -0.0194539 -0.000649974 0.00207589 -0.0194539 0.0713938 
0.00981734 -0.0190763 0.000352007 -0.000475816 -0.0190763 0.085307 -0.000478244 0.00167507 0.000352007 -0.000478244 0.00974937 -0.0190302 -0.000475816 0.00167507 -0.0190302 0.0853046 
0.00979037 -0.0183803 0.000398619 -0.00043779 -0.0183803 0.0883506 -0.000440094 0.00118203 0.000398619 -0.000440094 0.00971663 -0.0182674 -0.00043779 0.00118203 -0.0182674 0.0881778 
0.00993971 -0.0182639 0.000471014 -0.000508431 -0.0182639 0.0891933 -0.000512833 0.00115112 0.000471014 -0.000512833 0.00988029 -0.0181847 -0.000508431 0.00115112 -0.0181847 0.0890436 
0.010055 -0.0183608 0.000496123 -0.000596631 -0.0183608 0.0896956 -0.000600908 0.00135578 0.000496123 -0.000600908 0.0099524 -0.018271 -0.000596631 0.00135578 -0.018271 0.0894903 
0.0101206 -0.0184602 0.000506759 -0.000627714 -0.0184602 0.0900362 -0.00063397 0.00152236 0.000506759 -0.00063397 0.00998711 -0.0182871 -0.000627714 0.00152236 -0.0182871 0.0896546 
0.0101386 -0.0184945 0.000482109 -0.000619561 -0.0184945 0.0901728 -0.000627767 0.00155506 0.000482109 -0.000627767 0.0100094 -0.0183058 -0.000619561 0.00155506 -0.0183058 0.0896927 
0.0101045 -0.0185212 0.00045104 -0.000602067 -0.0185212 0.0902365 -0.000602067 0.00154496 0.00045104 -0.000602067 0.0100208 -0.0183028 -0.000602067 0.00154496 -0.0183028 0.0896304 
0.010092 -0.0184746 0.000420754 -0.000550842 -0.0184746 0.0901857 -0.000542712 0.00141877 0.000420754 -0.000542712 0.010031 -0.0183485 -0.000550842 0.00141877 -0.0183485 0.0897161 
0.0100787 -0.0184339 0.00038366 -0.000507486 -0.0184339 0.0900646 -0.000501397 0.00128496 0.00038366 -0.000501397 0.010034 -0.0183872 -0.000507486 0.00128496 -0.0183872 0.0898576 
0.0101027 -0.0184574 0.000368622 -0.000467866 -0.0184574 0.0900895 -0.00046179 0.0011808 0.000368622 -0.00046179 0.0100176 -0.0183805 -0.000467866 0.0011808 -0.0183805 0.0898971 
0.0101274 -0.0184791 0.000340144 -0.000423155 -0.0184791 0.090136 -0.00042113 0.0010589 0.000340144 -0.00042113 0.0100059 -0.0183759 -0.000423155 0.0010589 -0.0183759 0.0899133 
0.0101123 -0.0184708 0.000367831 -0.000414572 -0.0184708 0.0901084 -0.000414572 0.00101814 0.000367831 -0.000414572 0.0099924 -0.0183834 -0.000414572 0.00101814 -0.0183834 0.089956 
0.0100748 -0.0184545 0.000383492 -0.000446727 -0.0184545 0.0900696 -0.000452847 0.00107296 0.000383492 -0.000452847 0.00998099 -0.0183505 -0.000446727 0.00107296 -0.0183505 0.0899023 
0.010073 -0.0184454 0.000400723 -0.000467849 -0.0184454 0.0900853 -0.000475985 0.00112894 0.000400723 -0.000475985 0.00997941 -0.0183173 -0.000467849 0.00112894 -0.0183173 0.0898046 
0.0100511 -0.0184363 0.000401231 -0.000490846 -0.0184363 0.0900753 -0.00050103 0.00119758 0.000401231 -0.00050103 0.00999208 -0.018312 -0.000490846 0.00119758 -0.018312 0.0897515 
0.0100638 -0.0184262 0.000414164 -0.000511614 -0.0184262 0.0900684 -0.000515674 0.00126482 0.000414164 -0.000515674 0.0099988 -0.0183267 -0.000511614 0.00126482 -0.0183267 0.0897598 
0.0101085 -0.0184295 0.000421525 -0.000510693 -0.0184295 0.0900786 -0.000508667 0.00128281 0.000421525 -0.000508667 0.00997676 -0.0183404 -0.000510693 0.00128281 -0.0183404 0.0897949 
0.0101291 -0.0184753 0.000418324 -0.000513767 -0.0184753 0.0901265 -0.000511736 0.00127731 0.000418324 -0.000511736 0.00996261 -0.0183332 -0.000513767 0.00127731 -0.0183332 0.089826 
0.0101289 -0.018531 0.00040931 -0.000509092 -0.018531 0.0902784 -0.000513165 0.00128088 0.00040931 -0.000513165 0.00995174 -0.0182785 -0.000509092 0.00128088 -0.0182785 0.0897021 
0.0101325 -0.0185023 0.00040147 -0.000491138 -0.0185023 0.0902573 -0.000503366 0.00124721 0.00040147 -0.000503366 0.00993281 -0.0182944 -0.000491138 0.00124721 -0.0182944 0.0897071 
0.0101427 -0.018501 0.00039879 -0.00048221 -0.018501 0.0902242 -0.000492383 0.00121265 0.00039879 -0.000492383 0.00993516 -0.0182833 -0.00048221 0.00121265 -0.0182833 0.0897135 
0.0101613 -0.0185306 0.000384021 -0.000495774 -0.0185306 0.0902816 -0.000505933 0.0012374 0.000384021 -0.000505933 0.0099297 -0.0182583 -0.000495774 0.0012374 -0.0182583 0.0896395 
0.0101385 -0.0185322 0.000377085 -0.000497345 -0.0185322 0.0902844 -0.000497345 0.00126375 0.000377085 -0.000497345 0.00991225 -0.0182387 -0.000497345 0.00126375 -0.0182387 0.0895772 
0.0101074 -0.0185159 0.000380716 -0.000485106 -0.0185159 0.0902788 -0.000491247 0.00125473 0.000380716 -0.000491247 0.00990476 -0.018215 -0.000485106 0.00125473 -0.018215 0.0895072 
0.0100738 -0.0184727 0.000392644 -0.000476489 -0.0184727 0.0901915 -0.000474444 0.00121065 0.000392644 -0.000474444 0.00991425 -0.0182068 -0.000476489 0.00121065 -0.0182068 0.0894757 
0.0100636 -0.0184314 0.000368179 -0.000458178 -0.0184314 0.0900831 -0.000456133 0.00113113 0.000368179 -0.000456133 0.00991833 -0.018233 -0.000458178 0.00113113 -0.018233 0.0895042 
0.0100344 -0.0184139 0.000365486 -0.000439404 -0.0184139 0.0900101 -0.000441458 0.00108824 0.000365486 -0.000441458 0.00993382 -0.0182373 -0.000439404 0.00108824 -0.0182373 0.0895276 
0.010034 -0.0183865 0.000377791 -0.000457866 -0.0183865 0.089943 -0.000459919 0.00112311 0.000377791 -0.000459919 0.00992317 -0.0182325 -0.000457866 0.00112311 -0.0182325 0.0895097 
0.0100283 -0.0183542 0.000383576 -0.000482033 -0.0183542 0.0898408 -0.000477931 0.00118765 0.000383576 -0.000477931 0.00991758 -0.0182475 -0.000482033 0.00118765 -0.0182475 0.0895454 
0.0100543 -0.0183635 0.000355146 -0.000467405 -0.0183635 0.0898316 -0.000469446 0.00116545 0.000355146 -0.000469446 0.00992164 -0.018239 -0.000467405 0.00116545 -0.018239 0.0895601 
0.0100576 -0.0183834 0.000346742 -0.000438527 -0.0183834 0.0898653 -0.000444646 0.00112589 0.000346742 -0.000444646 0.00992498 -0.0182386 -0.000438527 0.00112589 -0.0182386 0.0895512 
0.0100871 -0.0184327 0.000352398 -0.000435914 -0.0184327 0.089998 -0.000433877 0.0010959 0.000352398 -0.000433877 0.009914 -0.018229 -0.000435914 0.0010959 -0.018229 0.0895112 
0.0101096 -0.0184778 0.000344598 -0.000430237 -0.0184778 0.0901317 -0.000428198 0.00106642 0.000344598 -0.000428198 0.00990769 -0.0182168 -0.000430237 0.00106642 -0.0182168 0.0894853 
0.0101234 -0.0184783 0.000340642 -0.000422233 -0.0184783 0.0901742 -0.000418153 0.00105048 0.000340642 -0.000418153 0.00990105 -0.0182294 -0.000422233 0.00105048 -0.0182294 0.0895195 
0.0101202 -0.0184905 0.000328367 -0.00040383 -0.0184905 0.0901908 -0.000395672 0.000997338 0.000328367 -0.000395672 0.00992036 -0.0182397 -0.00040383 0.000997338 -0.0182397 0.0895667 
0.010135 -0.0184879 0.000335662 -0.000392623 -0.0184879 0.0901852 -0.000388554 0.000964265 0.000335662 -0.000388554 0.00992949 -0.018262 -0.000392623 0.000964265 -0.018262 0.0896177 
0.0101695 -0.0185368 0.000347881 -0.000430806 -0.0185368 0.0903075 -0.000422716 0.00102948 0.000347881 -0.000422716 0.00993079 -0.0182395 -0.000430806 0.00102948 -0.0182395 0.0895692 
0.0101752 -0.0185862 0.000369048 -0.000444074 -0.0185862 0.0904411 -0.000437991 0.00108484 0.000369048 -0.000437991 0.0099359 -0.0182395 -0.000444074 0.00108484 -0.0182395 0.0895488 
0.0101545 -0.0185789 0.000390322 -0.000473673 -0.0185789 0.0904715 -0.000473673 0.00116487 0.000390322 -0.000473673 0.00996339 -0.018276 -0.000473673 0.00116487 -0.018276 0.0896258 
0.0101328 -0.0185572 0.000421014 -0.000486098 -0.0185572 0.0904387 -0.000486098 0.00120813 0.000421014 -0.000486098 0.00999247 -0.018309 -0.000486098 0.00120813 -0.018309 0.0897248 
0.0101324 -0.0185231 0.000424722 -0.000503976 -0.0185231 0.0903641 -0.00050804 0.00122743 0.000424722 -0.00050804 0.0100125 -0.0183504 -0.000503976 0.00122743 -0.0183504 0.0898296 
0.0101584 -0.0185254 0.000413884 -0.000511268 -0.0185254 0.0903301 -0.000517355 0.0012518 0.000413884 -0.000517355 0.0100002 -0.018361 -0.000511268 0.0012518 -0.018361 0.0898899 
0.0101923 -0.0185478 0.000394032 -0.000491024 -0.0185478 0.0903505 -0.000501128 0.00123261 0.000394032 -0.000501128 0.0100003 -0.0183679 -0.000491024 0.00123261 -0.0183679 0.0899302 
0.0101887 -0.0185878 0.000395915 -0.000480754 -0.0185878 0.090408 -0.000490854 0.00122006 0.000395915 -0.000490854 0.00999887 -0.0183535 -0.000480754 0.00122006 -0.0183535 0.0899009 
0.0101533 -0.0185908 0.000371413 -0.000490508 -0.0185908 0.0904593 -0.000492526 0.00122122 0.000371413 -0.000492526 0.0100282 -0.0183506 -0.000490508 0.00122122 -0.0183506 0.089878 
0.0101153 -0.0185474 0.000366174 -0.000463281 -0.0185474 0.0903884 -0.000461258 0.00117742 0.000366174 -0.000461258 0.0100506 -0.0183876 -0.000463281 0.00117742 -0.0183876 0.0899393 
0.0100897 -0.0184982 0.00037407 -0.000465554 -0.0184982 0.0902748 -0.000459455 0.00116897 0.00037407 -0.000459455 0.0100369 -0.0184067 -0.000465554 0.00116897 -0.0184067 0.0899963 
0.010097 -0.0184458 0.000384202 -0.000465514 -0.0184458 0.0901309 -0.000451285 0.00114651 0.000384202 -0.000451285 0.0100177 -0.0184214 -0.000465514 0.00114651 -0.0184214 0.0900658 
0.0101273 -0.0184529 0.00039201 -0.000471225 -0.0184529 0.0900832 -0.0004631 0.00113744 0.00039201 -0.0004631 0.00998509 -0.018392 -0.000471225 0.00113744 -0.018392 0.0900385 
0.0101645 -0.018497 0.000408694 -0.00049206 -0.018497 0.0901466 -0.000481893 0.00117932 0.000408694 -0.000481893 0.00994083 -0.0183384 -0.00049206 0.00117932 -0.0183384 0.089925 
0.0101809 -0.0185615 0.000417501 -0.000494891 -0.0185615 0.0903187 -0.000496928 0.00121584 0.000417501 -0.000496928 0.00991819 -0.0182682 -0.000494891 0.00121584 -0.0182682 0.0897382 
0.0101946 -0.0185873 0.000392489 -0.000500271 -0.0185873 0.0904353 -0.000506372 0.00122628 0.000392489 -0.000506372 0.00991798 -0.0182396 -0.000500271 0.00122628 -0.0182396 0.0896116 
0.0101837 -0.0186091 0.000377624 -0.000489286 -0.0186091 0.0905221 -0.000489286 0.00122829 0.000377624 -0.000489286 0.00992988 -0.0182214 -0.000489286 0.00122829 -0.0182214 0.0895293 
0.0101539 -0.018563 0.000370121 -0.000461635 -0.018563 0.0904255 -0.000461635 0.00117544 0.000370121 -0.000461635 0.00994446 -0.0182702 -0.000461635 0.00117544 -0.0182702 0.0896018 
0.0101499 -0.0185454 0.00037449 -0.000449795 -0.0185454 0.0903823 -0.000449795 0.00112551 0.00037449 -0.000449795 0.00993619 -0.0182686 -0.000449795 0.00112551 -0.0182686 0.0896171 
0.0101499 -0.018532 0.00039218 -0.000461269 -0.018532 0.0903314 -0.000465333 0.001142 0.00039218 -0.000465333 0.00993861 -0.0182658 -0.000461269 0.001142 -0.0182658 0.0896263 
0.0101161 -0.0185302 0.000393868 -0.000483662 -0.0185302 0.0902998 -0.000485702 0.00118364 0.000393868 -0.000485702 0.00993445 -0.0182506 -0.000483662 0.00118364 -0.0182506 0.0895917 
0.010074 -0.0184937 0.000403864 -0.000506368 -0.0184937 0.0902236 -0.000504317 0.00124439 0.000403864 -0.000504317 0.00992644 -0.0182313 -0.000506368 0.00124439 -0.0182313 0.0895368 
0.0100558 -0.0184374 0.000387314 -0.000495926 -0.0184374 0.0901151 -0.000491827 0.00122547 0.000387314 -0.000491827 0.00993696 -0.0182488 -0.000495926 0.00122547 -0.0182488 0.0895618 
0.0100551 -0.0183972 0.000384296 -0.00047015 -0.0183972 0.0899887 -0.000474238 0.00118559 0.000384296 -0.000474238 0.00995082 -0.0182745 -0.00047015 0.00118559 -0.0182745 0.0896269 
0.0100755 -0.0183754 0.000393189 -0.000471007 -0.0183754 0.0898805 -0.000477151 0.00116933 0.000393189 -0.000477151 0.00992392 -0.0182935 -0.000471007 0.00116933 -0.0182935 0.0896839 
0.0100812 -0.0183948 0.000401937 -0.000490117 -0.0183948 0.0898677 -0.000490117 0.00120581 0.000401937 -0.000490117 0.00989051 -0.0182553 -0.000490117 0.00120581 -0.0182553 0.0896319 
0.0101074 -0.0184352 0.000400454 -0.000514869 -0.0184352 0.0899733 -0.000516912 0.00127083 0.000400454 -0.000516912 0.00986219 -0.0181859 -0.000514869 0.00127083 -0.0181859 0.0894707 
0.0101358 -0.0184833 0.000400794 -0.000512691 -0.0184833 0.0901156 -0.000510657 0.00130004 0.000400794 -0.000510657 0.00983065 -0.0181253 -0.000512691 0.00130004 -0.0181253 0.0892876 
0.0101442 -0.0185213 0.000372543 -0.000502832 -0.0185213 0.0902288 -0.000502832 0.00127642 0.000372543 -0.000502832 0.00982456 -0.0180958 -0.000502832 0.00127642 -0.0180958 0.0891763 
0.0101348 -0.0185159 0.000346664 -0.00045678 -0.0185159 0.0902426 -0.000450663 0.00118273 0.000346664 -0.000450663 0.00982689 -0.0181203 -0.00045678 0.00118273 -0.0181203 0.0892108 
0.0101285 -0.0185165 0.000332582 -0.000416238 -0.0185165 0.0902543 -0.000408077 0.001061 0.000332582 -0.000408077 0.00984281 -0.0181206 -0.000416238 0.001061 -0.0181206 0.0892341 
0.0101051 -0.0185099 0.00033554 -0.000409195 -0.0185099 0.0902479 -0.000405103 0.0010148 0.00033554 -0.000405103 0.0098575 -0.0181335 -0.000409195 0.0010148 -0.0181335 0.0892535 
0.0100909 -0.0184559 0.000348032 -0.000425827 -0.0184559 0.0901403 -0.000421733 0.00104205 0.000348032 -0.000421733 0.00986568 -0.0181714 -0.000425827 0.00104205 -0.0181714 0.08935 
0.01011 -0.0184583 0.000329429 -0.000415367 -0.0184583 0.0901163 -0.000413321 0.00102103 0.000329429 -0.000413321 0.00985628 -0.0181677 -0.000415367 0.00102103 -0.0181677 0.0893654 
0.0101417 -0.0184992 0.000302128 -0.00039195 -0.0184992 0.0902076 -0.000396032 0.000979874 0.000302128 -0.000396032 0.0098559 -0.018144 -0.00039195 0.000979874 -0.018144 0.0893135 
0.0101373 -0.0185213 0.000292891 -0.000370182 -0.0185213 0.0902634 -0.000372216 0.000933591 0.000292891 -0.000372216 0.00988508 -0.0181572 -0.000370182 0.000933591 -0.0181572 0.0893278 
0.0101512 -0.0184981 0.000283837 -0.000354797 -0.0184981 0.0902279 -0.000356824 0.000890033 0.000283837 -0.000356824 0.00992215 -0.0182305 -0.000354797 0.000890033 -0.0182305 0.0895021 
0.0101527 -0.0185221 0.000314483 -0.000381438 -0.0185221 0.0902344 -0.000387525 0.000957652 0.000314483 -0.000387525 0.00992753 -0.0182563 -0.000381438 0.000957652 -0.0182563 0.0895932 
0.0101666 -0.0185455 0.000351064 -0.000420059 -0.0185455 0.0903188 -0.000422088 0.00104913 0.000351064 -0.000422088 0.00992719 -0.0182573 -0.000420059 0.00104913 -0.0182573 0.0896308 
0.0101616 -0.018561 0.000348362 -0.00044411 -0.018561 0.0903642 -0.00044411 0.00110009 0.000348362 -0.00044411 0.00990692 -0.0182432 -0.00044411 0.00110009 -0.0182432 0.0896003 
0.0101985 -0.0185697 0.000312676 -0.000418255 -0.0185697 0.0904203 -0.000420286 0.00106594 0.000312676 -0.000420286 0.00988991 -0.0182205 -0.000418255 0.00106594 -0.0182205 0.0895595 
0.0101927 -0.0185872 0.00031865 -0.000403894 -0.0185872 0.0904336 -0.000405923 0.00104119 0.00031865 -0.000405923 0.00989235 -0.0182016 -0.000403894 0.00104119 -0.0182016 0.089502 
0.0101733 -0.0185869 0.000338976 -0.00040393 -0.0185869 0.09046 -0.000407989 0.00102911 0.000338976 -0.000407989 0.00990135 -0.0181992 -0.00040393 0.00102911 -0.0181992 0.0894735 
0.0101759 -0.0185529 0.000350475 -0.000415303 -0.0185529 0.090382 -0.000413277 0.00101901 0.000350475 -0.000413277 0.00990446 -0.0182368 -0.000415303 0.00101901 -0.0182368 0.0895453 
0.0101521 -0.0185377 0.000373283 -0.000432437 -0.0185377 0.090312 -0.000420198 0.00103622 0.000373283 -0.000420198 0.00989709 -0.0182419 -0.000432437 0.00103622 -0.0182419 0.0895858 
0.0101538 -0.0185182 0.000398985 -0.000472268 -0.0185182 0.0902603 -0.000466162 0.00112978 0.000398985 -0.000466162 0.00988914 -0.0182373 -0.000472268 0.00112978 -0.0182373 0.0896007 
0.010184 -0.0185352 0.000384878 -0.000494843 -0.0185352 0.0903058 -0.000488734 0.00119536 0.000384878 -0.000488734 0.00986835 -0.0182094 -0.000494843 0.00119536 -0.0182094 0.0895401 
0.0101999 -0.0185875 0.000377473 -0.000464738 -0.0185875 0.0904189 -0.000468797 0.00117909 0.000377473 -0.000468797 0.00986502 -0.0181654 -0.000464738 0.00117909 -0.0181654 0.0894184 
0.010216 -0.0186027 0.000356963 -0.000460401 -0.0186027 0.090476 -0.000470542 0.00116622 0.000356963 -0.000470542 0.009853 -0.0181605 -0.000460401 0.00116622 -0.0181605 0.0893625 
0.0102206 -0.0186023 0.000316981 -0.000440929 -0.0186023 0.0904696 -0.000449056 0.00112772 0.000316981 -0.000449056 0.0098447 -0.0181736 -0.000440929 0.00112772 -0.0181736 0.0894029 
0.0101858 -0.0186001 0.000296278 -0.000394356 -0.0186001 0.0904506 -0.00040253 0.0010523 0.000296278 -0.00040253 0.00985687 -0.018169 -0.000394356 0.0010523 -0.018169 0.0894147 
0.0101802 -0.0185754 0.00029683 -0.000364384 -0.0185754 0.0904349 -0.000370526 0.000960092 0.00029683 -0.000370526 0.00985066 -0.018164 -0.000364384 0.000960092 -0.018164 0.0893888 
0.0101872 -0.0185869 0.000308828 -0.00037632 -0.0185869 0.0904497 -0.000374274 0.000936709 0.000308828 -0.000374274 0.00982113 -0.0181145 -0.00037632 0.000936709 -0.0181145 0.0892532 
0.0101813 -0.0185825 0.000315096 -0.000403077 -0.0185825 0.0904305 -0.000394893 0.000990302 0.000315096 -0.000394893 0.00979253 -0.018073 -0.000403077 0.000990302 -0.018073 0.0891251 
0.0102042 -0.018595 0.000297487 -0.000376953 -0.018595 0.0904727 -0.00037084 0.000933212 0.000297487 -0.00037084 0.0097702 -0.0180346 -0.000376953 0.000933212 -0.0180346 0.0890056 
0.0102054 -0.0185906 0.000311166 -0.000388449 -0.0185906 0.0904273 -0.000386415 0.000970106 0.000311166 -0.000386415 0.0097641 -0.0180354 -0.000388449 0.000970106 -0.0180354 0.0889935 
0.0102082 -0.0185799 0.00031622 -0.000379058 -0.0185799 0.0904104 -0.000385139 0.000958794 0.00031622 -0.000385139 0.00979267 -0.018061 -0.000379058 0.000958794 -0.018061 0.0890746 
0.0101626 -0.0185724 0.000329399 -0.000400565 -0.0185724 0.090361 -0.000402599 0.00099633 0.000329399 -0.000402599 0.00981487 -0.0180864 -0.000400565 0.00099633 -0.0180864 0.0891471 
0.0101162 -0.0185158 0.000342093 -0.000409289 -0.0185158 0.0902636 -0.000415398 0.00102628 0.000342093 -0.000415398 0.00984127 -0.0181228 -0.000409289 0.00102628 -0.0181228 0.0892373 
0.0100896 -0.0184776 0.000330942 -0.00042287 -0.0184776 0.0901755 -0.000426956 0.00104798 0.000330942 -0.000426956 0.0098445 -0.0181405 -0.00042287 0.00104798 -0.0181405 0.0892828 
0.0100888 -0.0184566 0.000318852 -0.000396521 -0.0184566 0.0901248 -0.000404697 0.00101379 0.000318852 -0.000404697 0.00983945 -0.0181296 -0.000396521 0.00101379 -0.0181296 0.0892786 
0.0100952 -0.0184517 0.000294213 -0.000390241 -0.0184517 0.0900967 -0.000384112 0.000978668 0.000294213 -0.000384112 0.00983367 -0.0181227 -0.000390241 0.000978668 -0.0181227 0.089259 
0.0101078 -0.0184586 0.00029112 -0.000380695 -0.0184586 0.0900822 -0.000376623 0.000971077 0.00029112 -0.000376623 0.00983292 -0.0181207 -0.000380695 0.000971077 -0.0181207 0.0892536 
0.0101091 -0.0184578 0.000303925 -0.000373277 -0.0184578 0.0900841 -0.000373277 0.000960728 0.000303925 -0.000373277 0.00982962 -0.0181274 -0.000373277 0.000960728 -0.0181274 0.08926 
0.010117 -0.0184639 0.000309976 -0.00038543 -0.0184639 0.0900948 -0.000381352 0.000966635 0.000309976 -0.000381352 0.00983561 -0.0181336 -0.00038543 0.000966635 -0.0181336 0.0893016 
0.0101632 -0.0184829 0.000289272 -0.000395203 -0.0184829 0.090147 -0.00039724 0.00100227 0.000289272 -0.00039724 0.0098047 -0.0181345 -0.000395203 0.00100227 -0.0181345 0.0892996 
0.0101819 -0.0185328 0.00028578 -0.000375596 -0.0185328 0.0902308 -0.000375596 0.000971651 0.00028578 -0.000375596 0.00977775 -0.0180939 -0.000375596 0.000971651 -0.0180939 0.0892306 
0.0101794 -0.0185767 0.000282364 -0.000358071 -0.0185767 0.0903525 -0.000368302 0.000933031 0.000282364 -0.000368302 0.00975385 -0.0180365 -0.000358071 0.000933031 -0.0180365 0.0890737 
0.0101416 -0.0185396 0.000266668 -0.00033231 -0.0185396 0.090298 -0.000338464 0.000851287 0.000266668 -0.000338464 0.00975391 -0.0180247 -0.00033231 0.000851287 -0.0180247 0.0890098 
0.0101026 -0.0184836 0.000268829 -0.000324237 -0.0184836 0.0901789 -0.000330393 0.000829061 0.000268829 -0.000330393 0.00975994 -0.0180218 -0.000324237 0.000829061 -0.0180218 0.0889805 
0.0100782 -0.0184588 0.000260997 -0.00032265 -0.0184588 0.0901138 -0.000328815 0.000797376 0.000260997 -0.000328815 0.00977402 -0.018017 -0.00032265 0.000797376 -0.018017 0.0889568 
0.0100795 -0.0184397 0.000244139 -0.000320048 -0.0184397 0.0900668 -0.000320048 0.000793965 0.000244139 -0.000320048 0.00978198 -0.0180273 -0.000320048 0.000793965 -0.0180273 0.088961 
0.0100884 -0.0184186 0.000250008 -0.000303288 -0.0184186 0.0899946 -0.00029714 0.000762319 0.000250008 -0.00029714 0.00979128 -0.0180641 -0.000303288 0.000762319 -0.0180641 0.0890519 
0.0101009 -0.0184341 0.000284388 -0.000325307 -0.0184341 0.0900057 -0.000319169 0.000806107 0.000284388 -0.000319169 0.00980013 -0.0180678 -0.000325307 0.000806107 -0.0180678 0.0890912 
0.0100633 -0.0184356 0.000318068 -0.00037963 -0.0184356 0.0899928 -0.000373474 0.000923424 0.000318068 -0.000373474 0.00981907 -0.0180765 -0.00037963 0.000923424 -0.0180765 0.0891042 
0.0100474 -0.0183829 0.000325106 -0.000415642 -0.0183829 0.089896 -0.000409469 0.0010247 0.000325106 -0.000409469 0.00980669 -0.0181092 -0.000415642 0.0010247 -0.0181092 0.0891779 
0.0100202 -0.0183614 0.000312745 -0.000405334 -0.0183614 0.0898113 -0.000401219 0.00102259 0.000312745 -0.000401219 0.00982883 -0.0181063 -0.000405334 0.00102259 -0.0181063 0.0892126 
0.0100627 -0.0183549 0.000286571 -0.000368449 -0.0183549 0.0898216 -0.000368449 0.000941591 0.000286571 -0.000368449 0.00980687 -0.018097 -0.000368449 0.000941591 -0.018097 0.0891748 
0.0101154 -0.0184188 0.000272509 -0.00034572 -0.0184188 0.0899361 -0.000353855 0.000890738 0.000272509 -0.000353855 0.00978592 -0.0180629 -0.00034572 0.000890738 -0.0180629 0.0890962 
0.0101245 -0.0184695 0.000285024 -0.000335921 -0.0184695 0.0900411 -0.000344064 0.000851 0.000285024 -0.000344064 0.0097926 -0.0180644 -0.000335921 0.000851 -0.0180644 0.0890862 
0.010113 -0.0184724 0.000293958 -0.000359282 -0.0184724 0.0900859 -0.000365406 0.000892081 0.000293958 -0.000365406 0.00980676 -0.0180845 -0.000359282 0.000892081 -0.0180845 0.0891346 
0.0100673 -0.0184575 0.000317033 -0.00038044 -0.0184575 0.0900742 -0.000388621 0.000967462 0.000317033 -0.000388621 0.00983416 -0.0180913 -0.00038044 0.000967462 -0.0180913 0.0891702 
0.0100573 -0.0184094 0.000329178 -0.00039256 -0.0184094 0.0900108 -0.000394605 0.00098549 0.000329178 -0.000394605 0.00984672 -0.0181314 -0.00039256 0.00098549 -0.0181314 0.0892481 
0.0100781 -0.0183896 0.000353725 -0.000431422 -0.0183896 0.0899362 -0.000423244 0.00106527 0.000353725 -0.000423244 0.00983479 -0.0181484 -0.000431422 0.00106527 -0.0181484 0.0893044 
0.0101208 -0.0184258 0.00032437 -0.000442694 -0.0184258 0.0899872 -0.000434533 0.00108939 0.00032437 -0.000434533 0.00979434 -0.0181178 -0.000442694 0.00108939 -0.0181178 0.0892548 
0.0101547 -0.0185322 0.00028298 -0.000390879 -0.0185322 0.090228 -0.000384772 0.00100774 0.00028298 -0.000384772 0.00978624 -0.0180334 -0.000390879 0.00100774 -0.0180334 0.0890696 
0.010159 -0.0185453 0.000269275 -0.000338633 -0.0185453 0.0903314 -0.000334553 0.000885342 0.000269275 -0.000334553 0.00979384 -0.0180516 -0.000338633 0.000885342 -0.0180516 0.089036 
0.0101785 -0.0185545 0.000277299 -0.000328273 -0.0185545 0.0903749 -0.000332351 0.000833935 0.000277299 -0.000332351 0.00979313 -0.0180672 -0.000328273 0.000833935 -0.0180672 0.0890659 
0.0101834 -0.0185764 0.000278748 -0.000339787 -0.0185764 0.0904282 -0.000345891 0.000844382 0.000278748 -0.000345891 0.0098111 -0.0180698 -0.000339787 0.000844382 -0.0180698 0.0891036 
0.0101629 -0.0185865 0.000290542 -0.000345399 -0.0185865 0.0904601 -0.000351495 0.00086553 0.000290542 -0.000351495 0.00985607 -0.0180949 -0.000345399 0.00086553 -0.0180949 0.0891476 
0.0101492 -0.0185454 0.000322228 -0.00037492 -0.0185454 0.0903881 -0.000378973 0.000930206 0.000322228 -0.000378973 0.00987559 -0.0181522 -0.00037492 0.000930206 -0.0181522 0.0892613 
0.0101329 -0.0185388 0.000344586 -0.000425666 -0.0185388 0.0903404 -0.00042972 0.00105403 0.000344586 -0.00042972 0.0098876 -0.0181719 -0.000425666 0.00105403 -0.0181719 0.0893492 
0.0101093 -0.0184994 0.000358066 -0.000431307 -0.0184994 0.0902368 -0.000431307 0.00108234 0.000358066 -0.000431307 0.00988751 -0.0182065 -0.000431307 0.00108234 -0.0182065 0.0894556 
0.0101235 -0.0184594 0.0003665 -0.000445908 -0.0184594 0.0901283 -0.000437763 0.0010995 0.0003665 -0.000437763 0.00987309 -0.0182334 -0.000445908 0.0010995 -0.0182334 0.0895643 
0.0101562 -0.0184769 0.000360972 -0.000446626 -0.0184769 0.0901145 -0.000442547 0.00109515 0.000360972 -0.000442547 0.00984209 -0.0182117 -0.000446626 0.00109515 -0.0182117 0.0895679 
0.0101732 -0.0185312 0.000365868 -0.000439041 -0.0185312 0.0902169 -0.000432944 0.00109354 0.000365868 -0.000432944 0.00985404 -0.0181674 -0.000439041 0.00109354 -0.0181674 0.0894852 
0.0101862 -0.0185526 0.000361111 -0.000454432 -0.0185526 0.090292 -0.000450375 0.00112188 0.000361111 -0.000450375 0.0098697 -0.0181813 -0.000454432 0.00112188 -0.0181813 0.0894663 
0.010212 -0.0186022 0.000350183 -0.000451391 -0.0186022 0.0904483 -0.000449367 0.00112747 0.000350183 -0.000449367 0.00987596 -0.0181771 -0.000451391 0.00112747 -0.0181771 0.0894281 
0.0102196 -0.018641 0.000328423 -0.000433842 -0.018641 0.0905757 -0.000429788 0.00110285 0.000328423 -0.000429788 0.00987903 -0.0181727 -0.000433842 0.00110285 -0.0181727 0.0893938 
0.0101646 -0.0186107 0.000316751 -0.000404624 -0.0186107 0.0905295 -0.000398493 0.001032 0.000316751 -0.000398493 0.00989081 -0.0181979 -0.000404624 0.001032 -0.0181979 0.0894424 
0.0101332 -0.0185445 0.000341109 -0.000412599 -0.0185445 0.090402 -0.000406471 0.00103558 0.000341109 -0.000406471 0.00990032 -0.0182095 -0.000412599 0.00103558 -0.0182095 0.0894849 
0.0101007 -0.0184938 0.00032108 -0.00042947 -0.0184938 0.09025 -0.000427425 0.00105936 0.00032108 -0.000427425 0.00990235 -0.0182157 -0.00042947 0.00105936 -0.0182157 0.0894954 
0.0100974 -0.0184748 0.000306416 -0.000400383 -0.0184748 0.0901802 -0.00039834 0.00102139 0.000306416 -0.00039834 0.00988293 -0.0181888 -0.000400383 0.00102139 -0.0181888 0.0894244 
0.0100892 -0.0184588 0.000293385 -0.000356544 -0.0184588 0.0901262 -0.000362656 0.000918865 0.000293385 -0.000362656 0.00989359 -0.0181817 -0.000356544 0.000918865 -0.0181817 0.0893948 
0.0100957 -0.0184429 0.000282923 -0.000358234 -0.0184429 0.0900755 -0.000354163 0.000873195 0.000282923 -0.000354163 0.00988604 -0.0181946 -0.000358234 0.000873195 -0.0181946 0.0894058 
0.0100628 -0.0184447 0.000286632 -0.000364431 -0.0184447 0.0900412 -0.000364431 0.000909031 0.000286632 -0.000364431 0.0098765 -0.0181765 -0.000364431 0.000909031 -0.0181765 0.0893758 
0.0100554 -0.0183837 0.000296412 -0.000364339 -0.0183837 0.0899259 -0.000360222 0.000909819 0.000296412 -0.000360222 0.00984333 -0.0181881 -0.000364339 0.000909819 -0.0181881 0.0894113 
0.0100264 -0.0183824 0.000307647 -0.000386108 -0.0183824 0.0898681 -0.000384043 0.000955978 0.000307647 -0.000384043 0.00982819 -0.0181305 -0.000386108 0.000955978 -0.0181305 0.0893085 
0.0100205 -0.0183548 0.000321978 -0.000408665 -0.0183548 0.0898092 -0.000402473 0.00101341 0.000321978 -0.000402473 0.00981208 -0.0180968 -0.000408665 0.00101341 -0.0180968 0.0891941 
0.0100255 -0.0183383 0.000331032 -0.000409164 -0.0183383 0.0897652 -0.000405051 0.00102805 0.000331032 -0.000405051 0.00980965 -0.0180731 -0.000409164 0.00102805 -0.0180731 0.0891195 
0.0100101 -0.0183502 0.000324563 -0.000408785 -0.0183502 0.0897582 -0.000406731 0.00101683 0.000324563 -0.000406731 0.00981701 -0.0180667 -0.000408785 0.00101683 -0.0180667 0.089068 
