0.0069244 0 0.000240089 0 0 0.00998554 0 0 0.000240089 0 0.00768832 0 0 0 0 0.00998554 
0.00984754 -0.0122312 0.000292993 -0.000362517 -0.0122312 0.0326464 -0.000362517 0.000692755 0.000292993 -0.000362517 0.0107687 -0.0133709 -0.000362517 0.000692755 -0.0133709 0.0348165 
0.00997512 -0.01872 0.000233498 -0.000399206 -0.01872 0.0690475 -0.000399206 0.00126541 0.000233498 -0.000399206 0.0107208 -0.0200105 -0.000399206 0.00126541 -0.0200105 0.0731601 
0.00943023 -0.0185376 0.000197568 -0.000313217 -0.0185376 0.0834072 -0.000305989 0.00108421 0.000197568 -0.000305989 0.0101579 -0.0195086 -0.000313217 0.00108421 -0.0195086 0.0868502 
0.00937072 -0.0179066 0.000214998 -0.000267604 -0.0179066 0.08704 -0.000247019 0.000761642 0.000214998 -0.000247019 0.0101827 -0.0187735 -0.000267604 0.000761642 -0.0187735 0.0894347 
0.00950413 -0.017746 0.000232289 -0.000243246 -0.017746 0.0879959 -0.000232289 0.000574148 0.000232289 -0.000232289 0.0103675 -0.0187825 -0.000243246 0.000574148 -0.0187825 0.0903758 
0.00959559 -0.0178143 0.000250726 -0.000299597 -0.0178143 0.0884171 -0.000284723 0.000656563 0.000250726 -0.000284723 0.0104901 -0.0189192 -0.000299597 0.000656563 -0.0189192 0.0910433 
0.00964077 -0.0178826 0.000246986 -0.000325856 -0.0178826 0.0886577 -0.000319629 0.000772092 0.000246986 -0.000319629 0.0105395 -0.0189827 -0.000325856 0.000772092 -0.0189827 0.0913559 
0.00968185 -0.0179153 0.000223301 -0.000313441 -0.0179153 0.0887407 -0.000307295 0.000790773 0.000223301 -0.000307295 0.0105341 -0.0190052 -0.000313441 0.000790773 -0.0190052 0.0914613 
0.00972986 -0.0179784 0.00021915 -0.000284083 -0.0179784 0.0888735 -0.000280025 0.000750792 0.00021915 -0.000280025 0.0105192 -0.0189788 -0.000284083 0.000750792 -0.0189788 0.0914282 
0.0097502 -0.0180228 0.000216581 -0.000279329 -0.0180228 0.0889845 -0.000273257 0.000704395 0.000216581 -0.000273257 0.0104991 -0.0189721 -0.000279329 0.000704395 -0.0189721 0.0914054 
0.00975118 -0.0180581 0.000190405 -0.000251173 -0.0180581 0.0890914 -0.000251173 0.000629958 0.000190405 -0.000251173 0.0105027 -0.0189676 -0.000251173 0.000629958 -0.0189676 0.0913925 
0.00970258 -0.0180692 0.000170292 -0.000225028 -0.0180692 0.089166 -0.000227056 0.00058183 0.000170292 -0.000227056 0.010548 -0.0189693 -0.000225028 0.00058183 -0.0189693 0.091396 
0.00967048 -0.0180084 0.000162256 -0.000217018 -0.0180084 0.089097 -0.000221074 0.000555728 0.000162256 -0.000221074 0.010571 -0.0190205 -0.000217018 0.000555728 -0.0190205 0.09147 
0.00966081 -0.0179828 0.000171901 -0.000196169 -0.0179828 0.0890526 -0.000204258 0.000513679 0.000171901 -0.000204258 0.0106012 -0.0190446 -0.000196169 0.000513679 -0.0190446 0.0915522 
0.00967402 -0.017954 0.000183327 -0.000217575 -0.017954 0.0889498 -0.000225633 0.000539908 0.000183327 -0.000225633 0.0106108 -0.0190982 -0.000217575 0.000539908 -0.0190982 0.0916796 
0.00967456 -0.0179518 0.000163326 -0.000215752 -0.0179518 0.0889039 -0.000217768 0.000520224 0.000163326 -0.000217768 0.010596 -0.0191092 -0.000215752 0.000520224 -0.0191092 0.0917551 
0.00968257 -0.0179678 0.000163564 -0.00020395 -0.0179678 0.0889241 -0.000199911 0.000504826 0.000163564 -0.000199911 0.0105771 -0.0190925 -0.00020395 0.000504826 -0.0190925 0.0917451 
0.00966241 -0.0179639 0.000164044 -0.000202524 -0.0179639 0.088912 -0.000200499 0.000498209 0.000164044 -0.000200499 0.0105596 -0.0190717 -0.000202524 0.000498209 -0.0190717 0.0916947 
0.00965185 -0.0179469 0.000168334 -0.000202813 -0.0179469 0.0888928 -0.000196728 0.000496891 0.000168334 -0.000196728 0.0105584 -0.0190522 -0.000202813 0.000496891 -0.0190522 0.0916551 
0.00966645 -0.0179329 0.000169942 -0.000216473 -0.0179329 0.0888674 -0.000210404 0.000519941 0.000169942 -0.000210404 0.0105586 -0.0190497 -0.000216473 0.000519941 -0.0190497 0.0916492 
0.00965666 -0.0179477 0.000173739 -0.000212123 -0.0179477 0.0888635 -0.000206063 0.000519197 0.000173739 -0.000206063 0.0105718 -0.0190487 -0.000212123 0.000519197 -0.0190487 0.0916292 
0.00965638 -0.0179393 0.000171177 -0.00020944 -0.0179393 0.0888709 -0.000205412 0.000511516 0.000171177 -0.000205412 0.0105948 -0.0190671 -0.00020944 0.000511516 -0.0190671 0.0916681 
0.0096439 -0.0179159 0.00015311 -0.000183329 -0.0179159 0.0887976 -0.00017527 0.000447242 0.00015311 -0.00017527 0.0105988 -0.0191065 -0.000183329 0.000447242 -0.0191065 0.091753 
0.00966117 -0.0179113 0.000155435 -0.000183696 -0.0179113 0.0887774 -0.000183696 0.000444099 0.000155435 -0.000183696 0.0105635 -0.0191104 -0.000183696 0.000444099 -0.0191104 0.0917993 
0.00965629 -0.0179525 0.000139653 -0.00020442 -0.0179525 0.0888557 -0.000206443 0.000497893 0.000139653 -0.000206443 0.0105549 -0.0190555 -0.00020442 0.000497893 -0.0190555 0.0917074 
0.0096427 -0.0179588 0.000138568 -0.000185437 -0.0179588 0.0889178 -0.000189512 0.000497214 0.000138568 -0.000189512 0.0105271 -0.0190205 -0.000185437 0.000497214 -0.0190205 0.0915791 
0.00962926 -0.017948 0.00012006 -0.000156689 -0.017948 0.0889241 -0.000160759 0.00040495 0.00012006 -0.000160759 0.010545 -0.0189899 -0.000156689 0.00040495 -0.0189899 0.0914963 
0.00961187 -0.0179043 8.98687e-05 -0.000118463 -0.0179043 0.0888352 -0.000120506 0.000304328 8.98687e-05 -0.000120506 0.0105392 -0.0190134 -0.000118463 0.000304328 -0.0190134 0.0914864 
0.00962742 -0.0178775 7.92296e-05 -8.53242e-05 -0.0178775 0.0887311 -8.12612e-05 0.000213311 7.92296e-05 -8.12612e-05 0.0105416 -0.0190171 -8.53242e-05 0.000213311 -0.0190171 0.0915224 
0.00964875 -0.0178666 7.47809e-05 -7.6802e-05 -0.0178666 0.0886436 -7.07387e-05 0.000161688 7.47809e-05 -7.07387e-05 0.010532 -0.0190348 -7.6802e-05 0.000161688 -0.0190348 0.0915682 
0.00968894 -0.0178998 9.85384e-05 -0.00012267 -0.0178998 0.0886785 -0.000110604 0.000257406 9.85384e-05 -0.000110604 0.0105134 -0.0190239 -0.00012267 0.000257406 -0.0190239 0.0915884 
0.00972817 -0.0179688 9.83657e-05 -0.0001345 -0.0179688 0.0888303 -0.000130485 0.000309149 9.83657e-05 -0.000130485 0.010491 -0.0189906 -0.0001345 0.000309149 -0.0189906 0.0915142 
0.00972206 -0.0180123 0.000112301 -0.000126339 -0.0180123 0.0889544 -0.000118317 0.000304817 0.000112301 -0.000118317 0.0104881 -0.0189668 -0.000126339 0.000304817 -0.0189668 0.0914471 
0.00969726 -0.017971 0.000120638 -0.000122648 -0.017971 0.0889039 -0.000118627 0.000279477 0.000120638 -0.000118627 0.0104814 -0.0189944 -0.000122648 0.000279477 -0.0189944 0.0915057 
0.00968811 -0.017983 0.000120975 -0.000153235 -0.017983 0.088937 -0.000149203 0.000348812 0.000120975 -0.000149203 0.0104664 -0.0189588 -0.000153235 0.000348812 -0.0189588 0.0914533 
0.00966739 -0.0179922 9.70581e-05 -0.000159742 -0.0179922 0.0890043 -0.000153675 0.000390255 9.70581e-05 -0.000153675 0.010458 -0.0189102 -0.000159742 0.000390255 -0.0189102 0.0913074 
0.00966026 -0.0179782 6.90453e-05 -0.000127937 -0.0179782 0.0890076 -0.000127937 0.00035538 6.90453e-05 -0.000127937 0.0104421 -0.0188859 -0.000127937 0.00035538 -0.0188859 0.0912048 
0.00965138 -0.0179657 5.10331e-05 -6.73637e-05 -0.0179657 0.0889997 -7.34877e-05 0.000222504 5.10331e-05 -7.34877e-05 0.010423 -0.0188659 -6.73637e-05 0.000222504 -0.0188659 0.0911247 
0.00963166 -0.0179579 6.52718e-05 -5.5073e-05 -0.0179579 0.0889797 -6.3232e-05 0.00016114 6.52718e-05 -6.3232e-05 0.0104394 -0.0188391 -5.5073e-05 0.00016114 -0.0188391 0.0910602 
0.00962857 -0.0179262 7.94908e-05 -7.54143e-05 -0.0179262 0.0888992 -7.94908e-05 0.000173249 7.94908e-05 -7.94908e-05 0.0104622 -0.0188719 -7.54143e-05 0.000173249 -0.0188719 0.0910883 
0.00962678 -0.0178876 7.91576e-05 -9.13357e-05 -0.0178876 0.08876 -9.94544e-05 0.000209057 7.91576e-05 -9.94544e-05 0.0104955 -0.0189288 -9.13357e-05 0.000209057 -0.0189288 0.0912504 
0.00963968 -0.017869 7.29511e-05 -9.32153e-05 -0.017869 0.0886721 -9.32153e-05 0.000237091 7.29511e-05 -9.32153e-05 0.0105029 -0.0189774 -9.32153e-05 0.000237091 -0.0189774 0.0913956 
0.00963678 -0.0178821 5.4605e-05 -8.08963e-05 -0.0178821 0.0886462 -7.48291e-05 0.000198196 5.4605e-05 -7.48291e-05 0.0105246 -0.0190046 -8.08963e-05 0.000198196 -0.0190046 0.09152 
0.00962888 -0.0178822 4.46345e-05 -6.69518e-05 -0.0178822 0.0886462 -5.68076e-05 0.00017448 4.46345e-05 -5.68076e-05 0.0105195 -0.0190184 -6.69518e-05 0.00017448 -0.0190184 0.0915556 
0.00964031 -0.0178895 3.05977e-05 -5.50759e-05 -0.0178895 0.0886864 -5.09962e-05 0.000142789 3.05977e-05 -5.09962e-05 0.0104685 -0.018991 -5.50759e-05 0.000142789 -0.018991 0.0915014 
0.00968188 -0.0179247 5.29956e-05 -4.07658e-05 -0.0179247 0.0887757 -4.07658e-05 0.000114144 5.29956e-05 -4.07658e-05 0.0104177 -0.0189153 -4.07658e-05 0.000114144 -0.0189153 0.0913481 
0.0097248 -0.0179856 8.92184e-05 -6.28584e-05 -0.0179856 0.0889223 -6.08307e-05 0.000137883 8.92184e-05 -6.08307e-05 0.0104142 -0.0188555 -6.28584e-05 0.000137883 -0.0188555 0.0911832 
0.00973073 -0.0180067 0.000131332 -0.000107086 -0.0180067 0.0889828 -0.000109107 0.000218214 0.000131332 -0.000109107 0.0104197 -0.0188573 -0.000107086 0.000218214 -0.0188573 0.0911266 
0.00969277 -0.0179936 0.000139595 -0.000165896 -0.0179936 0.0889525 -0.000169942 0.000358092 0.000139595 -0.000169942 0.0104413 -0.0188858 -0.000165896 0.000358092 -0.0188858 0.0911699 
0.00968793 -0.0179523 0.000117282 -0.000184012 -0.0179523 0.0888899 -0.000186034 0.000454975 0.000117282 -0.000186034 0.0104462 -0.0189249 -0.000184012 0.000454975 -0.0189249 0.091276 
0.00970815 -0.0179679 9.25352e-05 -0.000140814 -0.0179679 0.0888942 -0.000144838 0.000398304 9.25352e-05 -0.000144838 0.0104504 -0.0189174 -0.000140814 0.000398304 -0.0189174 0.0913061 
0.00968471 -0.0180011 9.05489e-05 -9.65855e-05 -0.0180011 0.0889754 -9.45733e-05 0.000275671 9.05489e-05 -9.45733e-05 0.0104916 -0.0189187 -9.65855e-05 0.000275671 -0.0189187 0.0913035 
0.00967605 -0.0179896 0.000118737 -0.000116724 -0.0179896 0.0890044 -0.000122762 0.000291811 0.000118737 -0.000122762 0.0105193 -0.0189597 -0.000116724 0.000291811 -0.0189597 0.091371 
0.00967451 -0.0179531 0.000140793 -0.000146827 -0.0179531 0.088933 -0.000148839 0.000335892 0.000140793 -0.000148839 0.0105193 -0.0190051 -0.000146827 0.000335892 -0.0190051 0.0914874 
0.00966917 -0.0179536 0.000139081 -0.000157222 -0.0179536 0.0888991 -0.000163269 0.000366852 0.000139081 -0.000163269 0.0105016 -0.0190058 -0.000157222 0.000366852 -0.0190058 0.0915134 
0.00966952 -0.0179724 0.00011119 -0.00014758 -0.0179724 0.0889483 -0.000153645 0.000367939 0.00011119 -0.000153645 0.0104944 -0.0189671 -0.00014758 0.000367939 -0.0189671 0.0914531 
0.00966544 -0.0179596 0.000103147 -0.000131461 -0.0179596 0.0889407 -0.000135506 0.000341799 0.000103147 -0.000135506 0.0104926 -0.0189628 -0.000131461 0.000341799 -0.0189628 0.0914303 
0.00968591 -0.017932 0.000103279 -0.000125554 -0.017932 0.0888662 -0.000123529 0.000324011 0.000103279 -0.000123529 0.0104514 -0.0189668 -0.000125554 0.000324011 -0.0189668 0.0914076 
0.00969572 -0.0179696 0.000115449 -0.000137729 -0.0179696 0.0889061 -0.000135704 0.000344323 0.000115449 -0.000135704 0.010431 -0.0189033 -0.000137729 0.000344323 -0.0189033 0.0913083 
0.00968292 -0.0179559 0.000119692 -0.000137951 -0.0179559 0.0888828 -0.000135922 0.00033879 0.000119692 -0.000135922 0.0104132 -0.0188891 -0.000137951 0.00033879 -0.0188891 0.0912401 
0.00968047 -0.0179649 0.000138176 -0.0001524 -0.0179649 0.0888981 -0.000154432 0.000367793 0.000138176 -0.000154432 0.0103978 -0.0188468 -0.0001524 0.000367793 -0.0188468 0.0911232 
0.00967995 -0.0179677 0.000144507 -0.000168931 -0.0179677 0.0889269 -0.000168931 0.000402992 0.000144507 -0.000168931 0.010372 -0.0188083 -0.000168931 0.000402992 -0.0188083 0.091009 
0.00969023 -0.0179732 0.000144176 -0.000168543 -0.0179732 0.0889421 -0.000174635 0.00041222 0.000144176 -0.000174635 0.0103664 -0.0187895 -0.000168543 0.00041222 -0.0187895 0.0909322 
0.00968681 -0.0179634 0.000133919 -0.000172472 -0.0179634 0.0889162 -0.000172472 0.000422048 0.000133919 -0.000172472 0.0103686 -0.0187933 -0.000172472 0.000422048 -0.0187933 0.090927 
0.00965826 -0.0179684 0.000150466 -0.000168765 -0.0179684 0.088915 -0.000176899 0.000443263 0.000150466 -0.000176899 0.0103964 -0.018796 -0.000168765 0.000443263 -0.018796 0.090932 
0.00967853 -0.0179479 0.000136432 -0.000171049 -0.0179479 0.0888987 -0.000171049 0.000429659 0.000136432 -0.000171049 0.0103749 -0.0188154 -0.000171049 0.000429659 -0.0188154 0.0909574 
0.00965953 -0.0179228 0.000145149 -0.000171725 -0.0179228 0.088788 -0.000169681 0.000429313 0.000145149 -0.000169681 0.0103669 -0.0188182 -0.000171725 0.000429313 -0.0188182 0.0910061 
0.00965782 -0.0179187 0.000155441 -0.000196347 -0.0179187 0.0887775 -0.000190211 0.000486777 0.000155441 -0.000190211 0.0103512 -0.0187921 -0.000196347 0.000486777 -0.0187921 0.0909639 
0.0096709 -0.0178897 0.000161114 -0.000203941 -0.0178897 0.0886921 -0.000201902 0.00052209 0.000161114 -0.000201902 0.0103459 -0.0188075 -0.000203941 0.00052209 -0.0188075 0.0910007 
0.00968255 -0.017942 0.000150876 -0.000201847 -0.017942 0.0887781 -0.000189614 0.000505637 0.000150876 -0.000189614 0.0103391 -0.0187534 -0.000201847 0.000505637 -0.0187534 0.0908802 
0.00967898 -0.017949 0.000159274 -0.000202156 -0.017949 0.0888302 -0.000191946 0.000504369 0.000159274 -0.000191946 0.0103406 -0.0187535 -0.000202156 0.000504369 -0.0187535 0.0908456 
0.00965533 -0.0179381 0.000159558 -0.000192288 -0.0179381 0.0888229 -0.00019638 0.000492995 0.000159558 -0.00019638 0.010359 -0.0187624 -0.000192288 0.000492995 -0.0187624 0.0908583 
0.00966086 -0.0179398 0.000167376 -0.000187788 -0.0179398 0.0888419 -0.000197994 0.000483757 0.000167376 -0.000197994 0.0103712 -0.0187686 -0.000187788 0.000483757 -0.0187686 0.0908545 
0.00968636 -0.0179384 0.000183107 -0.000215659 -0.0179384 0.0888354 -0.000236005 0.000555424 0.000183107 -0.000236005 0.0103679 -0.0187868 -0.000215659 0.000555424 -0.0187868 0.0908862 
0.00968075 -0.0179354 0.000172183 -0.000230928 -0.0179354 0.088802 -0.000243082 0.0005915 0.000172183 -0.000243082 0.0103897 -0.0188065 -0.000230928 0.0005915 -0.0188065 0.0909553 
0.00967549 -0.0179323 0.000165947 -0.000234754 -0.0179323 0.0887875 -0.000246896 0.000631406 0.000165947 -0.000246896 0.0104101 -0.018837 -0.000234754 0.000631406 -0.018837 0.0910561 
0.0096618 -0.0179225 0.000161975 -0.000200444 -0.0179225 0.0887602 -0.000200444 0.000540591 0.000161975 -0.000200444 0.0104271 -0.0188802 -0.000200444 0.000540591 -0.0188802 0.0911756 
0.00966624 -0.0179241 0.000178068 -0.000190209 -0.0179241 0.0887627 -0.000188185 0.000483616 0.000178068 -0.000188185 0.0104372 -0.0189015 -0.000190209 0.000483616 -0.0189015 0.0912617 
0.00965835 -0.0179468 0.000212784 -0.000218863 -0.0179468 0.088828 -0.000210757 0.000514734 0.000212784 -0.000210757 0.0104608 -0.0189013 -0.000218863 0.000514734 -0.0189013 0.0912862 
0.00968474 -0.0179715 0.000220844 -0.000265419 -0.0179715 0.0889294 -0.000253262 0.000597698 0.000220844 -0.000253262 0.0104526 -0.0189116 -0.000265419 0.000597698 -0.0189116 0.0912696 
0.00966507 -0.0179978 0.000221043 -0.000275797 -0.0179978 0.0890054 -0.000267685 0.000657046 0.000221043 -0.000267685 0.0104864 -0.0189022 -0.000275797 0.000657046 -0.0189022 0.0912463 
0.00966388 -0.0179603 0.000186663 -0.00025159 -0.0179603 0.0889613 -0.000255648 0.000624916 0.000186663 -0.000255648 0.0104897 -0.0189402 -0.00025159 0.000624916 -0.0189402 0.0913007 
0.00965665 -0.0179547 0.000156375 -0.000227454 -0.0179547 0.0889183 -0.000225423 0.000582851 0.000156375 -0.000225423 0.0104974 -0.0189437 -0.000227454 0.000582851 -0.0189437 0.0913411 
0.00966407 -0.0179235 0.000134167 -0.000184988 -0.0179235 0.0888306 -0.000180922 0.000481781 0.000134167 -0.000180922 0.010467 -0.0189561 -0.000184988 0.000481781 -0.0189561 0.0913615 
0.00970396 -0.0179325 0.000149978 -0.000188485 -0.0179325 0.0888171 -0.000186459 0.000490467 0.000149978 -0.000186459 0.0104214 -0.0189276 -0.000188485 0.000490467 -0.0189276 0.0913222 
0.00974048 -0.0179976 0.000148136 -0.00019481 -0.0179976 0.0889245 -0.000188722 0.000482965 0.000148136 -0.000188722 0.0103756 -0.0188539 -0.00019481 0.000482965 -0.0188539 0.0911709 
0.00972146 -0.0180227 0.000120396 -0.000179574 -0.0180227 0.0889991 -0.000171411 0.000442812 0.000120396 -0.000171411 0.010354 -0.0188022 -0.000179574 0.000442812 -0.0188022 0.0910254 
0.0096907 -0.018004 0.00013448 -0.000148743 -0.018004 0.0890114 -0.000148743 0.000397327 0.00013448 -0.000148743 0.0103835 -0.0187925 -0.000148743 0.000397327 -0.0187925 0.0909736 
0.00967152 -0.0179718 0.000144018 -0.000152132 -0.0179718 0.0889625 -0.000148075 0.000352945 0.000144018 -0.000148075 0.0104261 -0.0188217 -0.000152132 0.000352945 -0.0188217 0.0909991 
0.00969522 -0.0179457 0.000144069 -0.000180593 -0.0179457 0.0888905 -0.000180593 0.00042409 0.000144069 -0.000180593 0.0104034 -0.0188588 -0.000180593 0.00042409 -0.0188588 0.0910596 
0.00967728 -0.0179576 0.000140103 -0.000184774 -0.0179576 0.0888559 -0.000190865 0.000473102 0.000140103 -0.000190865 0.0104022 -0.018849 -0.000184774 0.000473102 -0.018849 0.0910874 
0.00968204 -0.0179696 0.000147957 -0.000188493 -0.0179696 0.0889138 -0.000188493 0.000492513 0.000147957 -0.000188493 0.0104036 -0.018829 -0.000188493 0.000492513 -0.018829 0.0910419 
0.00966303 -0.0179526 0.000154413 -0.000193017 -0.0179526 0.0888751 -0.000188953 0.000493717 0.000154413 -0.000188953 0.0104087 -0.0188425 -0.000193017 0.000493717 -0.0188425 0.0910552 
0.00966951 -0.0179383 0.000162172 -0.000192579 -0.0179383 0.0888622 -0.000188525 0.000490571 0.000162172 -0.000188525 0.0104196 -0.0188545 -0.000192579 0.000490571 -0.0188545 0.0911022 
0.00966861 -0.0179301 0.000181438 -0.000209661 -0.0179301 0.0888178 -0.000203613 0.000512058 0.000181438 -0.000203613 0.0104508 -0.0188836 -0.000209661 0.000512058 -0.0188836 0.0911866 
0.009671 -0.0179388 0.000175397 -0.000217734 -0.0179388 0.0888313 -0.000209669 0.000528206 0.000175397 -0.000209669 0.0104532 -0.0189065 -0.000217734 0.000528206 -0.0189065 0.0912324 
0.00967488 -0.017935 0.000159899 -0.000208475 -0.017935 0.0888126 -0.000204427 0.000522201 0.000159899 -0.000204427 0.0104298 -0.0189227 -0.000208475 0.000522201 -0.0189227 0.09129 
0.00966908 -0.0179386 0.000155953 -0.000198485 -0.0179386 0.0888121 -0.000202536 0.000514442 0.000155953 -0.000202536 0.0104205 -0.0188905 -0.000198485 0.000514442 -0.0188905 0.0912608 
0.00964036 -0.0179271 0.000150631 -0.000162844 -0.0179271 0.0887988 -0.000162844 0.000409145 0.000150631 -0.000162844 0.0104017 -0.0188655 -0.000162844 0.000409145 -0.0188655 0.0911783 
0.00966885 -0.0179172 0.000164845 -0.000168915 -0.0179172 0.0887922 -0.000177055 0.000404988 0.000164845 -0.000177055 0.0103567 -0.0188289 -0.000168915 0.000404988 -0.0188289 0.0910736 
0.00968034 -0.0179411 0.000175413 -0.00019173 -0.0179411 0.088816 -0.000206008 0.000458929 0.000175413 -0.000206008 0.0103228 -0.0187692 -0.00019173 0.000458929 -0.0187692 0.0909332 
0.00966659 -0.0179353 0.000147363 -0.000184204 -0.0179353 0.0887963 -0.000190344 0.000437995 0.000147363 -0.000190344 0.010297 -0.0187315 -0.000184204 0.000437995 -0.0187315 0.0908123 
0.00967756 -0.0179238 0.000112625 -0.000151532 -0.0179238 0.0887752 -0.000161771 0.000380877 0.000112625 -0.000161771 0.0102653 -0.0186958 -0.000151532 0.000380877 -0.0186958 0.0907103 
0.00973111 -0.0179338 9.41192e-05 -0.000137087 -0.0179338 0.088783 -0.000137087 0.00035397 9.41192e-05 -0.000137087 0.010216 -0.0186561 -0.000137087 0.00035397 -0.0186561 0.0906286 
0.00973127 -0.0179768 8.18614e-05 -0.000126885 -0.0179768 0.0888175 -0.000120746 0.000321306 8.18614e-05 -0.000120746 0.0101958 -0.018605 -0.000126885 0.000321306 -0.018605 0.0905121 
0.00970741 -0.0179942 0.000110381 -0.000128778 -0.0179942 0.0888957 -0.000120602 0.000331143 0.000110381 -0.000120602 0.0102062 -0.0185645 -0.000128778 0.000331143 -0.0185645 0.0903694 
0.00967943 -0.0179435 0.000136646 -0.000144804 -0.0179435 0.0888158 -0.000138686 0.000348753 0.000136646 -0.000138686 0.0102199 -0.01859 -0.000144804 0.000348753 -0.01859 0.090374 
0.00967245 -0.0179368 0.000138966 -0.000147141 -0.0179368 0.0888075 -0.000149184 0.000351502 0.000138966 -0.000149184 0.0102161 -0.0185867 -0.000147141 0.000351502 -0.0185867 0.0903607 
0.0096657 -0.017945 0.000110418 -0.000153359 -0.017945 0.0888398 -0.000157448 0.000368061 0.000110418 -0.000157448 0.0102341 -0.018585 -0.000153359 0.000368061 -0.018585 0.0903652 
0.00964591 -0.0179392 0.000118505 -0.000151196 -0.0179392 0.088838 -0.000153239 0.000386163 0.000118505 -0.000153239 0.0102732 -0.0186053 -0.000151196 0.000386163 -0.0186053 0.0904031 
0.00962105 -0.0178907 0.000132887 -0.000177865 -0.0178907 0.0887299 -0.000177865 0.000459995 0.000132887 -0.000177865 0.0102998 -0.0186615 -0.000177865 0.000459995 -0.0186615 0.090529 
0.00957389 -0.0178306 0.000130897 -0.000196346 -0.0178306 0.0885621 -0.00019021 0.00050109 0.000130897 -0.00019021 0.0103286 -0.0187101 -0.000196346 0.00050109 -0.0187101 0.0906748 
0.0095703 -0.0178125 0.000116462 -0.000173671 -0.0178125 0.0885028 -0.000167541 0.000469933 0.000116462 -0.000167541 0.0103365 -0.0187238 -0.000173671 0.000469933 -0.0187238 0.0907237 
0.00956321 -0.0178005 8.36373e-05 -0.000126476 -0.0178005 0.0884495 -0.000122396 0.000342709 8.36373e-05 -0.000122396 0.0103506 -0.0187429 -0.000126476 0.000342709 -0.0187429 0.0907791 
0.00958652 -0.0177793 9.80927e-05 -9.60491e-05 -0.0177793 0.0883979 -9.80927e-05 0.000263624 9.80927e-05 -9.80927e-05 0.0103263 -0.0187684 -9.60491e-05 0.000263624 -0.0187684 0.0908482 
0.0096096 -0.0178248 0.000110408 -0.000120631 -0.0178248 0.0884554 -0.000118587 0.000271931 0.000110408 -0.000118587 0.0103109 -0.0187387 -0.000120631 0.000271931 -0.0187387 0.0908271 
0.00963171 -0.0178465 0.000116711 -0.000128996 -0.0178465 0.08852 -0.000124901 0.000282563 0.000116711 -0.000124901 0.010291 -0.0187167 -0.000128996 0.000282563 -0.0187167 0.0907825 
0.00963834 -0.0178723 0.000116692 -0.000145353 -0.0178723 0.0885896 -0.000139211 0.000329603 0.000116692 -0.000139211 0.0102955 -0.0186994 -0.000145353 0.000329603 -0.0186994 0.0907412 
0.00965271 -0.0178928 0.000104409 -0.000139212 -0.0178928 0.0886555 -0.000135117 0.000333699 0.000104409 -0.000135117 0.0102955 -0.0186974 -0.000139212 0.000333699 -0.0186974 0.090717 
0.00967758 -0.0179271 0.000106235 -0.000134836 -0.0179271 0.0887632 -0.000128707 0.000339134 0.000106235 -0.000128707 0.0102966 -0.018681 -0.000134836 0.000339134 -0.018681 0.0906652 
0.00966719 -0.0179495 0.00010038 -0.0001434 -0.0179495 0.0888218 -0.000141351 0.000356451 0.00010038 -0.000141351 0.0102961 -0.0186747 -0.0001434 0.000356451 -0.0186747 0.0906143 
0.00964958 -0.0179025 9.40624e-05 -0.000128825 -0.0179025 0.0887254 -0.000120645 0.000335353 9.40624e-05 -0.000120645 0.0103162 -0.0187205 -0.000128825 0.000335353 -0.0187205 0.090715 
0.00961191 -0.0178627 8.99264e-05 -0.000116496 -0.0178627 0.0885979 -0.000112408 0.00030248 8.99264e-05 -0.000112408 0.0103436 -0.0187517 -0.000116496 0.00030248 -0.0187517 0.0908277 
0.00962515 -0.0178381 7.57241e-05 -0.000116656 -0.0178381 0.0885255 -0.000114609 0.000298803 7.57241e-05 -0.000114609 0.010321 -0.0187673 -0.000116656 0.000298803 -0.0187673 0.0908669 
0.00965857 -0.0178608 5.31815e-05 -7.97722e-05 -0.0178608 0.0885533 -8.59085e-05 0.000229089 5.31815e-05 -8.59085e-05 0.0102845 -0.0187322 -7.97722e-05 0.000229089 -0.0187322 0.0908217 
0.00964801 -0.0178853 5.52836e-05 -6.55213e-05 -0.0178853 0.0885868 -7.37114e-05 0.000190421 5.52836e-05 -7.37114e-05 0.0102868 -0.0186981 -6.55213e-05 0.000190421 -0.0186981 0.0907429 
0.00963786 -0.0178863 6.94694e-05 -7.96855e-05 -0.0178863 0.0886246 -8.17287e-05 0.000206365 6.94694e-05 -8.17287e-05 0.0102876 -0.0186832 -7.96855e-05 0.000206365 -0.0186832 0.0906739 
0.00963088 -0.0178769 7.54643e-05 -8.36226e-05 -0.0178769 0.0886094 -8.36226e-05 0.000203958 7.54643e-05 -8.36226e-05 0.0102897 -0.0186825 -8.36226e-05 0.000203958 -0.0186825 0.0906408 
0.00963447 -0.0178657 7.7846e-05 -8.39918e-05 -0.0178657 0.0885888 -8.19432e-05 0.000196664 7.7846e-05 -8.19432e-05 0.0102531 -0.018683 -8.39918e-05 0.000196664 -0.018683 0.0906189 
0.00964876 -0.0178841 7.36391e-05 -9.40944e-05 -0.0178841 0.0886307 -9.61399e-05 0.000225008 7.36391e-05 -9.61399e-05 0.010242 -0.0186389 -9.40944e-05 0.000225008 -0.0186389 0.0905556 
0.00967473 -0.0179075 6.33136e-05 -7.76103e-05 -0.0179075 0.0886942 -7.76103e-05 0.000204238 6.33136e-05 -7.76103e-05 0.01022 -0.0186162 -7.76103e-05 0.000204238 -0.0186162 0.0904752 
0.00968937 -0.0179405 7.56982e-05 -8.79736e-05 -0.0179405 0.0887613 -8.38818e-05 0.000212773 7.56982e-05 -8.38818e-05 0.0102111 -0.0185931 -8.79736e-05 0.000212773 -0.0185931 0.0904184 
0.00965576 -0.0179207 8.61572e-05 -0.000100517 -0.0179207 0.0887317 -0.000102568 0.00025642 8.61572e-05 -0.000102568 0.010224 -0.0186038 -0.000100517 0.00025642 -0.0186038 0.0904363 
0.00961856 -0.0178792 8.20521e-05 -0.000104616 -0.0178792 0.0886471 -0.000108719 0.000256413 8.20521e-05 -0.000108719 0.0102524 -0.0186238 -0.000104616 0.000256413 -0.0186238 0.090483 
0.00957391 -0.0178101 8.43788e-05 -0.000109075 -0.0178101 0.088466 -0.000109075 0.000275775 8.43788e-05 -0.000109075 0.0102695 -0.0186662 -0.000109075 0.000275775 -0.0186662 0.0905899 
0.00958214 -0.0177984 8.03491e-05 -0.000113313 -0.0177984 0.0884273 -0.000115373 0.000284312 8.03491e-05 -0.000115373 0.01026 -0.0186595 -0.000113313 0.000284312 -0.0186595 0.0905823 
0.00962413 -0.0178235 0.000102646 -9.85406e-05 -0.0178235 0.0884689 -0.000102646 0.000260722 0.000102646 -0.000102646 0.0102338 -0.0186344 -9.85406e-05 0.000260722 -0.0186344 0.0905383 
0.00963754 -0.0178519 0.000106787 -0.000121162 -0.0178519 0.088506 -0.00013143 0.000289557 0.000106787 -0.00013143 0.010231 -0.018622 -0.000121162 0.000289557 -0.018622 0.090498 
0.009656 -0.0179 0.000127242 -0.000131346 -0.0179 0.0886299 -0.00014366 0.000328365 0.000127242 -0.00014366 0.0102306 -0.0185937 -0.000131346 0.000328365 -0.0185937 0.0904298 
0.00966811 -0.0178871 0.000129677 -0.000166727 -0.0178871 0.0886267 -0.000168785 0.000405497 0.000129677 -0.000168785 0.0102012 -0.0186117 -0.000166727 0.000405497 -0.0186117 0.090436 
0.00966669 -0.0179006 0.000101017 -0.000154617 -0.0179006 0.0886329 -0.000148433 0.000385513 0.000101017 -0.000148433 0.010178 -0.0185727 -0.000154617 0.000385513 -0.0185727 0.0903853 
0.00964856 -0.0178698 9.07518e-05 -0.000134065 -0.0178698 0.0885593 -0.000127878 0.000360945 9.07518e-05 -0.000127878 0.0101621 -0.0185567 -0.000134065 0.000360945 -0.0185567 0.0903372 
0.00964463 -0.017885 7.82442e-05 -0.000107071 -0.017885 0.0885992 -9.88348e-05 0.000286209 7.82442e-05 -9.88348e-05 0.0101573 -0.0185109 -0.000107071 0.000286209 -0.0185109 0.0902114 
0.00963937 -0.0178752 7.61436e-05 -8.43753e-05 -0.0178752 0.0885962 -8.23174e-05 0.000226373 7.61436e-05 -8.23174e-05 0.0101662 -0.018505 -8.43753e-05 0.000226373 -0.018505 0.0901499 
0.00962291 -0.0178468 6.98503e-05 -8.21769e-05 -0.0178468 0.088523 -8.42313e-05 0.000201333 6.98503e-05 -8.42313e-05 0.0101797 -0.0185309 -8.21769e-05 0.000201333 -0.0185309 0.0901891 
0.00960365 -0.0178304 5.95989e-05 -5.95989e-05 -0.0178304 0.0884797 -6.57643e-05 0.00014797 5.95989e-05 -6.57643e-05 0.0101894 -0.0185394 -5.95989e-05 0.00014797 -0.0185394 0.0902204 
0.00960178 -0.0178216 5.12587e-05 -6.35608e-05 -0.0178216 0.0884623 -6.97118e-05 0.000151726 5.12587e-05 -6.97118e-05 0.0101964 -0.0185516 -6.35608e-05 0.000151726 -0.0185516 0.0902666 
0.00960876 -0.0178246 3.89766e-05 -6.1542e-05 -0.0178246 0.0884646 -6.1542e-05 0.000151804 3.89766e-05 -6.1542e-05 0.0101934 -0.018557 -6.1542e-05 0.000151804 -0.018557 0.090276 
0.00963074 -0.0178316 5.96649e-05 -6.99519e-05 -0.0178316 0.0884645 -6.58371e-05 0.000176937 5.96649e-05 -6.58371e-05 0.0101451 -0.0185496 -6.99519e-05 0.000176937 -0.0185496 0.0902647 
