0.00772458 0 0.000288896 0 0 0.00998445 0 0 0.000288896 0 0.0069011 0 0 0 0 0.00998445 
0.0108191 -0.0134353 0.000354401 -0.000433157 -0.0134353 0.0349381 -0.000433157 0.000829398 0.000354401 -0.000433157 0.00982233 -0.0122022 -0.000433157 0.000829398 -0.0122022 0.0325852 
0.0107262 -0.0200526 0.000242472 -0.000477444 -0.0200526 0.0732964 -0.000477444 0.00150482 0.000242472 -0.000477444 0.0100138 -0.0187678 -0.000477444 0.00150482 -0.0187678 0.0692069 
0.0101109 -0.019507 0.000164759 -0.000266522 -0.019507 0.0869128 -0.000271368 0.00101521 0.000164759 -0.000271368 0.00949787 -0.0186347 -0.000266522 0.00101521 -0.0186347 0.0837727 
0.0101251 -0.0187392 0.000155209 -0.000164339 -0.0187392 0.089469 -0.000180317 0.000529538 0.000155209 -0.000180317 0.00950657 -0.0180317 -0.000164339 0.000529538 -0.0180317 0.0875015 
0.0103632 -0.0187213 0.000213137 -0.000195738 -0.0187213 0.0902983 -0.000219662 0.000476296 0.000213137 -0.000219662 0.00962379 -0.0179144 -0.000195738 0.000476296 -0.0179144 0.0884649 
0.0104991 -0.0189135 0.000238663 -0.000264008 -0.0189135 0.0909918 -0.000280904 0.000585041 0.000238663 -0.000280904 0.0097007 -0.017961 -0.000264008 0.000585041 -0.017961 0.0888439 
0.0105195 -0.0190292 0.000258999 -0.000312871 -0.0190292 0.0914454 -0.000323231 0.000743846 0.000258999 -0.000323231 0.00971351 -0.017958 -0.000312871 0.000743846 -0.017958 0.0888678 
0.0104779 -0.0190055 0.000246879 -0.000325057 -0.0190055 0.0915138 -0.000316827 0.000790011 0.000246879 -0.000316827 0.0097085 -0.017946 -0.000325057 0.000790011 -0.017946 0.0888001 
0.0104318 -0.0189394 0.000226733 -0.000306396 -0.0189394 0.091398 -0.000296183 0.000763948 0.000226733 -0.000296183 0.00972093 -0.0179467 -0.000306396 0.000763948 -0.0179467 0.0887834 
0.0104189 -0.0188476 0.000237115 -0.000291834 -0.0188476 0.0911412 -0.000285754 0.000745797 0.000237115 -0.000285754 0.00975413 -0.0180329 -0.000291834 0.000745797 -0.0180329 0.0889727 
0.010406 -0.0188361 0.000221791 -0.000280263 -0.0188361 0.091011 -0.000272198 0.000687553 0.000221791 -0.000272198 0.00979309 -0.0180699 -0.000280263 0.000687553 -0.0180699 0.0891157 
0.0103983 -0.0188397 0.000205349 -0.000257693 -0.0188397 0.0910198 -0.000255679 0.000640205 0.000205349 -0.000255679 0.00980641 -0.0180969 -0.000257693 0.000640205 -0.0180969 0.0891979 
0.0103952 -0.0188359 0.000200727 -0.000251416 -0.0188359 0.0910267 -0.000247361 0.000618402 0.000200727 -0.000247361 0.00975452 -0.0180938 -0.000251416 0.000618402 -0.0180938 0.08921 
0.0104018 -0.0188247 0.000193418 -0.00024839 -0.0188247 0.0910166 -0.000242282 0.000596543 0.000193418 -0.000242282 0.00970757 -0.0180612 -0.00024839 0.000596543 -0.0180612 0.0891924 
0.010409 -0.0188442 0.000211847 -0.000248512 -0.0188442 0.0910533 -0.000248512 0.000619244 0.000211847 -0.000248512 0.00967977 -0.0179927 -0.000248512 0.000619244 -0.0179927 0.0890449 
0.010414 -0.0188679 0.000213277 -0.000257963 -0.0188679 0.091124 -0.000259995 0.000623581 0.000213277 -0.000259995 0.00966652 -0.0179315 -0.000257963 0.000623581 -0.0179315 0.0888572 
0.0104037 -0.018839 0.000209007 -0.000267853 -0.018839 0.0910843 -0.000265824 0.000649341 0.000209007 -0.000265824 0.00967925 -0.0179462 -0.000267853 0.000649341 -0.0179462 0.088838 
0.0103814 -0.0188557 0.000223168 -0.000271859 -0.0188557 0.0911114 -0.000273888 0.000685735 0.000223168 -0.000273888 0.00968955 -0.0179245 -0.000271859 0.000685735 -0.0179245 0.0887682 
0.0103649 -0.0188394 0.000210949 -0.000269771 -0.0188394 0.0911178 -0.000267743 0.000677471 0.000210949 -0.000267743 0.00968743 -0.0179144 -0.000269771 0.000677471 -0.0179144 0.0887122 
0.0103097 -0.0187918 0.000217752 -0.000268629 -0.0187918 0.0910042 -0.000268629 0.000685818 0.000217752 -0.000268629 0.00970931 -0.0179452 -0.000268629 0.000685818 -0.0179452 0.0887737 
0.0102909 -0.0187427 0.00020525 -0.000272311 -0.0187427 0.0908991 -0.000278408 0.000697035 0.00020525 -0.000278408 0.00972192 -0.0179644 -0.000272311 0.000697035 -0.0179644 0.0888141 
0.010288 -0.0187093 0.000184839 -0.000253899 -0.0187093 0.0908025 -0.000257962 0.00066217 0.000184839 -0.000257962 0.0097213 -0.0179801 -0.000253899 0.00066217 -0.0179801 0.0888688 
0.0102898 -0.0186963 0.00018266 -0.000219192 -0.0186963 0.0907312 -0.000219192 0.000580453 0.00018266 -0.000219192 0.00973171 -0.0180082 -0.000219192 0.000580453 -0.0180082 0.0889554 
0.0102896 -0.0186949 0.000206887 -0.000225142 -0.0186949 0.0907118 -0.000223113 0.000551698 0.000206887 -0.000223113 0.00972977 -0.0180093 -0.000225142 0.000551698 -0.0180093 0.0889796 
0.0102752 -0.0186949 0.000216981 -0.000239288 -0.0186949 0.0906901 -0.000239288 0.000555634 0.000216981 -0.000239288 0.00975199 -0.0180216 -0.000239288 0.000555634 -0.0180216 0.0890252 
0.0102721 -0.0186761 0.000223131 -0.000249501 -0.0186761 0.0906622 -0.000251529 0.000574055 0.000223131 -0.000251529 0.00976502 -0.0180513 -0.000249501 0.000574055 -0.0180513 0.0891023 
0.0102549 -0.0186658 0.00021394 -0.000268954 -0.0186658 0.0906292 -0.000268954 0.000643859 0.00021394 -0.000268954 0.00976587 -0.0180606 -0.000268954 0.000643859 -0.0180606 0.0891398 
0.0102699 -0.0186485 0.000173238 -0.000252723 -0.0186485 0.0905932 -0.000250685 0.000621618 0.000173238 -0.000250685 0.00975227 -0.0180738 -0.000252723 0.000621618 -0.0180738 0.0891889 
0.0103042 -0.0186949 0.000146882 -0.000206043 -0.0186949 0.0906632 -0.000208083 0.000548769 0.000146882 -0.000208083 0.00971872 -0.0180278 -0.000206043 0.000548769 -0.0180278 0.0891046 
0.010333 -0.0187222 0.000144361 -0.000185026 -0.0187222 0.0907401 -0.000189093 0.000496114 0.000144361 -0.000189093 0.00970066 -0.0179923 -0.000185026 0.000496114 -0.0179923 0.0889997 
0.0103464 -0.0187849 0.000150036 -0.000176394 -0.0187849 0.0909056 -0.000180449 0.000452135 0.000150036 -0.000180449 0.00971179 -0.0179516 -0.000176394 0.000452135 -0.0179516 0.0888801 
0.0103496 -0.0188083 0.000166733 -0.000172833 -0.0188083 0.0909995 -0.000176899 0.000433098 0.000166733 -0.000176899 0.00969693 -0.0179482 -0.000172833 0.000433098 -0.0179482 0.0887954 
0.0103353 -0.0187839 0.00020106 -0.000215276 -0.0187839 0.0909704 -0.000219338 0.00051585 0.00020106 -0.000219338 0.0097057 -0.0179593 -0.000215276 0.00051585 -0.0179593 0.088844 
0.0103295 -0.0187424 0.000227156 -0.000255551 -0.0187424 0.0908523 -0.000255551 0.000616567 0.000227156 -0.000255551 0.00972106 -0.0180082 -0.000255551 0.000616567 -0.0180082 0.0889702 
0.0103413 -0.0187448 0.000227505 -0.000280319 -0.0187448 0.0908295 -0.000284382 0.000680485 0.000227505 -0.000284382 0.00971976 -0.0180217 -0.000280319 0.000680485 -0.0180217 0.0890399 
0.0103369 -0.0187657 0.000231346 -0.000298908 -0.0187657 0.0908495 -0.00030505 0.000761601 0.000231346 -0.00030505 0.00968379 -0.0179877 -0.000298908 0.000761601 -0.0179877 0.0889742 
0.0103185 -0.0187195 0.000236098 -0.000303848 -0.0187195 0.0907458 -0.000303848 0.000788362 0.000236098 -0.000303848 0.00965743 -0.0179722 -0.000303848 0.000788362 -0.0179722 0.0889555 
0.0103093 -0.0187357 0.000239703 -0.00029297 -0.0187357 0.0907633 -0.000288872 0.000753936 0.000239703 -0.000288872 0.00964547 -0.0178896 -0.00029297 0.000753936 -0.0178896 0.0887637 
0.0102803 -0.0187131 0.000239125 -0.000296352 -0.0187131 0.0907369 -0.000292264 0.000733727 0.000239125 -0.000292264 0.00967129 -0.0178894 -0.000296352 0.000733727 -0.0178894 0.0886869 
0.0102562 -0.0187012 0.0002343 -0.000295422 -0.0187012 0.090717 -0.000291347 0.000729387 0.0002343 -0.000291347 0.00970411 -0.0179005 -0.000295422 0.000729387 -0.0179005 0.088647 
0.0102489 -0.018651 0.000213096 -0.000282098 -0.018651 0.0906226 -0.00027398 0.000700172 0.000213096 -0.00027398 0.00974152 -0.0179731 -0.000282098 0.000700172 -0.0179731 0.0888082 
0.0102649 -0.018648 0.000183083 -0.000258351 -0.018648 0.0905814 -0.000248179 0.000652996 0.000183083 -0.000248179 0.00972171 -0.0180052 -0.000258351 0.000652996 -0.0180052 0.0888991 
0.0102616 -0.0186589 0.000165213 -0.000234562 -0.0186589 0.0905796 -0.000224363 0.000597623 0.000165213 -0.000224363 0.00969862 -0.0179858 -0.000234562 0.000597623 -0.0179858 0.0889173 
0.0102496 -0.0186549 0.000177491 -0.000199932 -0.0186549 0.0905814 -0.000193811 0.00051207 0.000177491 -0.000193811 0.0096967 -0.0179653 -0.000199932 0.00051207 -0.0179653 0.088884 
0.0102513 -0.0186294 0.000165277 -0.000212208 -0.0186294 0.0905272 -0.000216289 0.000516237 0.000165277 -0.000216289 0.00968812 -0.0179663 -0.000212208 0.000516237 -0.0179663 0.0888887 
0.0102235 -0.0186273 0.00015265 -0.000197427 -0.0186273 0.0904989 -0.000211674 0.000510868 0.00015265 -0.000211674 0.00971666 -0.0179638 -0.000197427 0.000510868 -0.0179638 0.0888747 
0.0102073 -0.0186289 0.000171244 -0.0002059 -0.0186289 0.0905145 -0.000212016 0.000540233 0.000171244 -0.000212016 0.00970789 -0.0179459 -0.0002059 0.000540233 -0.0179459 0.0887899 
0.0102063 -0.0186067 0.000194076 -0.000226762 -0.0186067 0.0904903 -0.000236977 0.000580184 0.000194076 -0.000236977 0.00969765 -0.0179571 -0.000226762 0.000580184 -0.0179571 0.0888049 
0.0102093 -0.0185913 0.000181907 -0.000230961 -0.0185913 0.0904509 -0.000230961 0.000572293 0.000181907 -0.000230961 0.0096881 -0.0179475 -0.000230961 0.000572293 -0.0179475 0.0888035 
0.0102076 -0.0185988 0.000186562 -0.000225514 -0.0185988 0.0904517 -0.000219364 0.000563786 0.000186562 -0.000219364 0.00967456 -0.0179304 -0.000225514 0.000563786 -0.0179304 0.0887645 
0.0102174 -0.0185819 0.000162892 -0.00022194 -0.0185819 0.0904232 -0.000213795 0.000537542 0.000162892 -0.000213795 0.00971445 -0.0179547 -0.00022194 0.000537542 -0.0179547 0.0888391 
0.0102396 -0.0185962 0.000158093 -0.000196603 -0.0185962 0.0904313 -0.000194576 0.000502655 0.000158093 -0.000194576 0.00974502 -0.0180024 -0.000196603 0.000502655 -0.0180024 0.0889456 
0.010266 -0.0186228 0.000158752 -0.000187246 -0.0186228 0.0904724 -0.000187246 0.000468115 0.000158752 -0.000187246 0.00973069 -0.0180469 -0.000187246 0.000468115 -0.0180469 0.0890498 
0.0103171 -0.0186928 0.000164668 -0.00018703 -0.0186928 0.0906424 -0.000191096 0.000463509 0.000164668 -0.000191096 0.00969506 -0.0179996 -0.00018703 0.000463509 -0.0179996 0.0890018 
0.0103249 -0.0187567 0.000179705 -0.000212379 -0.0187567 0.0908083 -0.000212379 0.000512568 0.000179705 -0.000212379 0.00966324 -0.0179358 -0.000212379 0.000512568 -0.0179358 0.0888581 
0.010336 -0.018746 0.00022514 -0.000241514 -0.018746 0.0908419 -0.000239467 0.000595597 0.00022514 -0.000239467 0.00965236 -0.0179396 -0.000241514 0.000595597 -0.0179396 0.0888382 
0.0103578 -0.0187537 0.000250838 -0.000279388 -0.0187537 0.0908542 -0.000277349 0.0006689 0.000250838 -0.000277349 0.00965827 -0.0179257 -0.000279388 0.0006689 -0.0179257 0.0888108 
0.0103794 -0.0187906 0.000241948 -0.00030091 -0.0187906 0.0909318 -0.000290744 0.000715678 0.000241948 -0.000290744 0.00966776 -0.0179143 -0.00030091 0.000715678 -0.0179143 0.0887706 
0.0103872 -0.0188053 0.000198933 -0.000278101 -0.0188053 0.0909694 -0.000280131 0.000696267 0.000198933 -0.000280131 0.00968887 -0.0179487 -0.000278101 0.000696267 -0.0179487 0.0888218 
0.0103966 -0.0188355 0.000189067 -0.000231759 -0.0188355 0.0910468 -0.000239891 0.000620057 0.000189067 -0.000239891 0.00967289 -0.017943 -0.000231759 0.000620057 -0.017943 0.0888105 
0.0104177 -0.0188576 0.000209575 -0.000236026 -0.0188576 0.0911161 -0.00023806 0.000592099 0.000209575 -0.00023806 0.00965467 -0.0179339 -0.000236026 0.000592099 -0.0179339 0.0887965 
0.0104157 -0.018863 0.000192583 -0.000247317 -0.018863 0.0911485 -0.000241235 0.000591939 0.000192583 -0.000241235 0.00968185 -0.0179305 -0.000247317 0.000591939 -0.0179305 0.0888132 
0.0103878 -0.0188789 0.000202412 -0.000226701 -0.0188789 0.0911864 -0.000228725 0.000576873 0.000202412 -0.000228725 0.00972385 -0.0179418 -0.000226701 0.000576873 -0.0179418 0.0888 
0.0103601 -0.018813 0.000231836 -0.000262076 -0.018813 0.0910652 -0.000258044 0.000626966 0.000231836 -0.000258044 0.00975929 -0.0180147 -0.000262076 0.000626966 -0.0180147 0.0889424 
0.0103251 -0.0188006 0.00022994 -0.000286417 -0.0188006 0.0910039 -0.000286417 0.00068377 0.00022994 -0.000286417 0.00978456 -0.0180382 -0.000286417 0.00068377 -0.0180382 0.0890252 
0.0102998 -0.0187584 0.000179671 -0.000268496 -0.0187584 0.0909194 -0.000268496 0.000658119 0.000179671 -0.000268496 0.009787 -0.01807 -0.000268496 0.000658119 -0.01807 0.0891025 
0.0103087 -0.0187136 0.000157972 -0.000234933 -0.0187136 0.0907955 -0.000241009 0.000627838 0.000157972 -0.000241009 0.00974566 -0.0180858 -0.000234933 0.000627838 -0.0180858 0.0891732 
0.0103081 -0.0187293 0.000170988 -0.00019745 -0.0187293 0.0907864 -0.00019745 0.00053739 0.000170988 -0.00019745 0.00971781 -0.018027 -0.00019745 0.00053739 -0.018027 0.0891132 
0.0103005 -0.0187452 0.000185576 -0.000216166 -0.0187452 0.0908364 -0.000218205 0.000534296 0.000185576 -0.000218205 0.00969686 -0.0179703 -0.000216166 0.000534296 -0.0179703 0.0889541 
0.010299 -0.0187354 0.000159294 -0.000220561 -0.0187354 0.0908322 -0.000220561 0.000537106 0.000159294 -0.000220561 0.00968221 -0.0179389 -0.000220561 0.000537106 -0.0179389 0.0888288 
0.0102757 -0.0187157 0.000143572 -0.000182542 -0.0187157 0.0907808 -0.000188695 0.000479942 0.000143572 -0.000188695 0.00965217 -0.0178973 -0.000182542 0.000479942 -0.0178973 0.0886949 
0.0102537 -0.0186759 0.000145953 -0.000158287 -0.0186759 0.0906822 -0.00016651 0.000415247 0.000145953 -0.00016651 0.00963086 -0.0178783 -0.000158287 0.000415247 -0.0178783 0.0886224 
0.0102643 -0.0186395 0.000148014 -0.00016446 -0.0186395 0.090566 -0.000166516 0.000392648 0.000148014 -0.000166516 0.0096024 -0.0178665 -0.00016446 0.000392648 -0.0178665 0.0885842 
0.0102711 -0.0186582 0.000132966 -0.000182061 -0.0186582 0.0905662 -0.000184107 0.000423445 0.000132966 -0.000184107 0.00961037 -0.0178215 -0.000182061 0.000423445 -0.0178215 0.0885083 
0.0102589 -0.0186482 0.00012424 -0.000175157 -0.0186482 0.0905401 -0.000181268 0.00045215 0.00012424 -0.000181268 0.00965199 -0.0178599 -0.000175157 0.00045215 -0.0178599 0.0885563 
0.0102415 -0.0186177 9.581e-05 -0.000146773 -0.0186177 0.0904651 -0.000146773 0.000395471 9.581e-05 -0.000146773 0.00968089 -0.0179287 -0.000146773 0.000395471 -0.0179287 0.0887099 
0.0102193 -0.0186165 0.000104174 -0.000134813 -0.0186165 0.0904475 -0.000134813 0.000367673 0.000104174 -0.000134813 0.00970247 -0.0179486 -0.000134813 0.000367673 -0.0179486 0.0888011 
0.010216 -0.018587 0.000110333 -0.000138937 -0.018587 0.0904094 -0.000140981 0.00035756 0.000110333 -0.000140981 0.00970723 -0.0179801 -0.000138937 0.00035756 -0.0179801 0.0888832 
0.0102427 -0.0186074 0.000102182 -0.000134881 -0.0186074 0.0904394 -0.000132837 0.000339245 0.000102182 -0.000132837 0.00966439 -0.0179473 -0.000134881 0.000339245 -0.0179473 0.0888188 
0.0102571 -0.0186302 0.000108184 -0.000130638 -0.0186302 0.090483 -0.000130638 0.000334759 0.000108184 -0.000130638 0.00965087 -0.0179096 -0.000130638 0.000334759 -0.0179096 0.08875 
0.0102769 -0.0186671 0.000118172 -0.000148734 -0.0186671 0.0905872 -0.000148734 0.000368779 0.000118172 -0.000148734 0.009629 -0.0178725 -0.000148734 0.000368779 -0.0178725 0.0886251 
0.0102342 -0.0186779 0.000143566 -0.000168177 -0.0186779 0.0906166 -0.000168177 0.000426595 0.000143566 -0.000168177 0.009623 -0.017837 -0.000168177 0.000426595 -0.017837 0.0885041 
0.0101923 -0.0186165 0.000156424 -0.000189355 -0.0186165 0.0905263 -0.000189355 0.000465156 0.000156424 -0.000189355 0.00961184 -0.0178385 -0.000189355 0.000465156 -0.0178385 0.0884681 
0.01018 -0.0185786 0.000166818 -0.000191532 -0.0185786 0.0904442 -0.000189472 0.000463383 0.000166818 -0.000189472 0.00961572 -0.0178186 -0.000191532 0.000463383 -0.0178186 0.0884362 
0.0101475 -0.0185305 0.000147899 -0.000195145 -0.0185305 0.0903068 -0.000195145 0.000466293 0.000147899 -0.000195145 0.00966069 -0.0178527 -0.000195145 0.000466293 -0.0178527 0.0885074 
0.0101412 -0.0185008 0.000129462 -0.000182891 -0.0185008 0.0902044 -0.000193166 0.00046853 0.000129462 -0.000193166 0.00967269 -0.0178946 -0.000182891 0.00046853 -0.0178946 0.0885831 
0.0101391 -0.0185002 0.00010459 -0.000149708 -0.0185002 0.0901773 -0.00015586 0.000410158 0.00010459 -0.00015586 0.00967768 -0.0179013 -0.000149708 0.000410158 -0.0179013 0.0886269 
0.0101482 -0.0185371 9.8427e-05 -0.000135337 -0.0185371 0.0902576 -0.000139438 0.000371152 9.8427e-05 -0.000139438 0.0096643 -0.0178727 -0.000135337 0.000371152 -0.0178727 0.0885536 
0.0101394 -0.0185146 9.2419e-05 -0.000112957 -0.0185146 0.0902379 -0.00011501 0.000297794 9.2419e-05 -0.00011501 0.00967729 -0.0178964 -0.000112957 0.000297794 -0.0178964 0.0886052 
0.0101631 -0.0184936 0.000121628 -0.000131935 -0.0184936 0.0901776 -0.000129874 0.000323653 0.000121628 -0.000129874 0.00962714 -0.0179019 -0.000131935 0.000323653 -0.0179019 0.0886377 
0.0101652 -0.0185078 0.000122198 -0.000163621 -0.0185078 0.0901573 -0.00016155 0.000374879 0.000122198 -0.00016155 0.00960186 -0.0178658 -0.000163621 0.000374879 -0.0178658 0.0886163 
0.0101709 -0.018504 0.000107738 -0.000155391 -0.018504 0.0901333 -0.000155391 0.000399874 0.000107738 -0.000155391 0.0095949 -0.017841 -0.000155391 0.000399874 -0.017841 0.0885731 
0.0102085 -0.018498 9.49248e-05 -0.000113497 -0.018498 0.0901064 -0.000121751 0.000319855 9.49248e-05 -0.000121751 0.0095709 -0.0178335 -0.000113497 0.000319855 -0.0178335 0.0885339 
0.0102086 -0.0185356 9.69694e-05 -0.000107285 -0.0185356 0.090132 -0.000111412 0.000282655 9.69694e-05 -0.000111412 0.00957109 -0.0178032 -0.000107285 0.000282655 -0.0178032 0.0884753 
0.0102016 -0.018573 8.44978e-05 -0.00011129 -0.018573 0.0902642 -0.000119533 0.000282346 8.44978e-05 -0.000119533 0.0095771 -0.0177713 -0.00011129 0.000282346 -0.0177713 0.0883558 
0.0101764 -0.0185793 7.64834e-05 -9.71546e-05 -0.0185793 0.090331 -0.000105423 0.000264591 7.64834e-05 -0.000105423 0.00958523 -0.0177566 -9.71546e-05 0.000264591 -0.0177566 0.0882619 
0.0101634 -0.018562 7.42152e-05 -0.000103077 -0.018562 0.0903508 -9.89536e-05 0.000257692 7.42152e-05 -9.89536e-05 0.00958819 -0.0177415 -0.000103077 0.000257692 -0.0177415 0.0881944 
0.0101289 -0.0185231 6.98831e-05 -9.24923e-05 -0.0185231 0.0902643 -8.63261e-05 0.000236369 6.98831e-05 -8.63261e-05 0.00962537 -0.017777 -9.24923e-05 0.000236369 -0.017777 0.0882459 
0.0101137 -0.0184662 8.44522e-05 -9.47512e-05 -0.0184662 0.0901187 -9.06316e-05 0.000236878 8.44522e-05 -9.06316e-05 0.0096399 -0.0178421 -9.47512e-05 0.000236878 -0.0178421 0.0884029 
0.0101377 -0.0184476 0.000106669 -0.000112823 -0.0184476 0.0900431 -0.000106669 0.000270775 0.000106669 -0.000106669 0.00963509 -0.0178753 -0.000112823 0.000270775 -0.0178753 0.0885292 
0.0101731 -0.0184747 0.000118506 -0.000134852 -0.0184747 0.0900461 -0.000126679 0.000306481 0.000118506 -0.000126679 0.00963167 -0.017878 -0.000134852 0.000306481 -0.017878 0.0886016 
0.0101984 -0.0185302 8.99623e-05 -0.000139033 -0.0185302 0.0901647 -0.00012472 0.000318957 8.99623e-05 -0.00012472 0.00962187 -0.0178677 -0.000139033 0.000318957 -0.0178677 0.0886026 
0.0102238 -0.0185533 6.94803e-05 -0.000126699 -0.0185533 0.0902488 -0.000118525 0.000331053 6.94803e-05 -0.000118525 0.00962303 -0.0178789 -0.000126699 0.000331053 -0.0178789 0.0886406 
0.0102199 -0.0185772 6.76952e-05 -8.20548e-05 -0.0185772 0.0903198 -8.20548e-05 0.000256421 6.76952e-05 -8.20548e-05 0.00962913 -0.0178756 -8.20548e-05 0.000256421 -0.0178756 0.0886582 
0.0102212 -0.0186089 8.41844e-05 -9.44508e-05 -0.0186089 0.0904428 -9.85574e-05 0.000258713 8.41844e-05 -9.85574e-05 0.00963193 -0.0178512 -9.44508e-05 0.000258713 -0.0178512 0.0885805 
0.0102343 -0.0186222 9.24232e-05 -9.4477e-05 -0.0186222 0.0905069 -9.65308e-05 0.0002403 9.24232e-05 -9.65308e-05 0.00962228 -0.0178397 -9.4477e-05 0.0002403 -0.0178397 0.0885167 
0.010235 -0.0186503 0.00011322 -0.00011322 -0.0186503 0.0905777 -0.000115278 0.00026761 0.00011322 -0.000115278 0.00960101 -0.0178022 -0.00011322 0.00026761 -0.0178022 0.0883956 
0.0102189 -0.018634 0.000129875 -0.000148429 -0.018634 0.090562 -0.000146367 0.000348395 0.000129875 -0.000146367 0.00959425 -0.0177846 -0.000148429 0.000348395 -0.0177846 0.0883294 
0.0101687 -0.0185819 0.000128508 -0.000174108 -0.0185819 0.0904263 -0.000178253 0.000426979 0.000128508 -0.000178253 0.00959874 -0.0177922 -0.000174108 0.000426979 -0.0177922 0.088337 
0.0101521 -0.0185269 0.000126357 -0.000157429 -0.0185269 0.0902978 -0.0001595 0.000416358 0.000126357 -0.0001595 0.00959901 -0.0177936 -0.000157429 0.000416358 -0.0177936 0.0883383 
0.0101606 -0.018516 0.000113722 -0.000157143 -0.018516 0.0902251 -0.000157143 0.000405264 0.000113722 -0.000157143 0.0095754 -0.0177758 -0.000157143 0.000405264 -0.0177758 0.0882918 
0.0101302 -0.0184976 9.93158e-05 -0.000132421 -0.0184976 0.0901373 -0.000128283 0.000343467 9.93158e-05 -0.000128283 0.00958604 -0.0177713 -0.000132421 0.000343467 -0.0177713 0.0882793 
0.0101139 -0.0184617 0.000126294 -0.000136646 -0.0184617 0.0900474 -0.000130435 0.000341614 0.000126294 -0.000130435 0.00959418 -0.0177888 -0.000136646 0.000341614 -0.0177888 0.0883124 
0.0101105 -0.0184424 0.000140624 -0.000159236 -0.0184424 0.0900014 -0.0001551 0.000380512 0.000140624 -0.0001551 0.00960379 -0.0178034 -0.000159236 0.000380512 -0.0178034 0.0883491 
0.0101211 -0.0184544 0.000132275 -0.000181878 -0.0184544 0.0900091 -0.000175678 0.000427827 0.000132275 -0.000175678 0.00959408 -0.0177951 -0.000181878 0.000427827 -0.0177951 0.0883391 
0.0101655 -0.0184827 0.000100852 -0.00016054 -0.0184827 0.0900918 -0.000154365 0.000411641 0.000100852 -0.000154365 0.00957683 -0.0177808 -0.00016054 0.000411641 -0.0177808 0.0883012 
0.0101697 -0.0185195 0.000111166 -0.000137929 -0.0185195 0.0901663 -0.00013587 0.000382907 0.000111166 -0.00013587 0.00957884 -0.0177702 -0.000137929 0.000382907 -0.0177702 0.0882909 
0.0101579 -0.0185303 0.000119166 -0.000145876 -0.0185303 0.090223 -0.00014793 0.000375989 0.000119166 -0.00014793 0.00961135 -0.0177866 -0.000145876 0.000375989 -0.0177866 0.0883123 
0.0101172 -0.0184981 0.000117403 -0.000146238 -0.0184981 0.0901672 -0.000150358 0.000376924 0.000117403 -0.000150358 0.00963319 -0.0178225 -0.000146238 0.000376924 -0.0178225 0.0883856 
0.0100814 -0.0184575 0.000113414 -0.000156717 -0.0184575 0.0900751 -0.000160841 0.000397978 0.000113414 -0.000160841 0.00965458 -0.0178513 -0.000156717 0.000397978 -0.0178513 0.0884687 
0.0100867 -0.0184339 8.86243e-05 -0.000144272 -0.0184339 0.0900217 -0.000142211 0.000381291 8.86243e-05 -0.000142211 0.00964563 -0.0178588 -0.000144272 0.000381291 -0.0178588 0.0884924 
0.0100762 -0.0184126 5.77198e-05 -0.000117501 -0.0184126 0.089946 -0.000117501 0.000327766 5.77198e-05 -0.000117501 0.0096557 -0.0178705 -0.000117501 0.000327766 -0.0178705 0.0885525 
0.0100663 -0.0183845 4.52973e-05 -5.97101e-05 -0.0183845 0.0898596 -6.17691e-05 0.000216192 4.52973e-05 -6.17691e-05 0.00967921 -0.017911 -5.97101e-05 0.000216192 -0.017911 0.0886551 
0.0100785 -0.018402 4.74331e-05 -3.91839e-05 -0.018402 0.0898879 -4.33085e-05 0.000119614 4.74331e-05 -4.33085e-05 0.00967636 -0.0179091 -3.91839e-05 0.000119614 -0.0179091 0.0886629 
0.0100905 -0.0184083 5.16505e-05 -4.95845e-05 -0.0184083 0.0899133 -5.99146e-05 0.000117763 5.16505e-05 -5.99146e-05 0.00966072 -0.0179 -4.95845e-05 0.000117763 -0.0179 0.0886468 
0.0101142 -0.0184174 4.33642e-05 -7.43387e-05 -0.0184174 0.0899168 -7.84686e-05 0.000175522 4.33642e-05 -7.84686e-05 0.00962067 -0.0178764 -7.43387e-05 0.000175522 -0.0178764 0.0885911 
0.0101421 -0.0184406 5.76139e-05 -8.23055e-05 -0.0184406 0.0899456 -8.02479e-05 0.000220167 5.76139e-05 -8.02479e-05 0.00959888 -0.0178418 -8.23055e-05 0.000220167 -0.0178418 0.088534 
0.0101462 -0.0184696 6.16543e-05 -8.6316e-05 -0.0184696 0.090005 -8.22057e-05 0.000228121 6.16543e-05 -8.22057e-05 0.00960985 -0.0178243 -8.6316e-05 0.000228121 -0.0178243 0.0884863 
0.0101565 -0.0184891 5.13471e-05 -8.42093e-05 -0.0184891 0.0900752 -7.80477e-05 0.000207442 5.13471e-05 -7.80477e-05 0.00960808 -0.0178359 -8.42093e-05 0.000207442 -0.0178359 0.0884814 
0.010165 -0.0185139 4.32904e-05 -6.18434e-05 -0.0185139 0.0901554 -5.56591e-05 0.000162854 4.32904e-05 -5.56591e-05 0.00959604 -0.0178212 -6.18434e-05 0.000162854 -0.0178212 0.0884382 
0.0101629 -0.0185421 7.00323e-05 -7.62117e-05 -0.0185421 0.0902531 -6.3853e-05 0.000189499 7.00323e-05 -6.3853e-05 0.00958825 -0.0177779 -7.62117e-05 0.000189499 -0.0177779 0.0883396 
0.0101546 -0.0185229 9.07583e-05 -9.48837e-05 -0.0185229 0.090253 -9.2821e-05 0.000226896 9.07583e-05 -9.2821e-05 0.00959151 -0.0177824 -9.48837e-05 0.000226896 -0.0177824 0.0883223 
0.0101258 -0.0184957 9.2633e-05 -0.000121452 -0.0184957 0.090171 -0.000125569 0.000298484 9.2633e-05 -0.000125569 0.00961736 -0.0178041 -0.000121452 0.000298484 -0.0178041 0.0883534 
0.0101053 -0.0184689 7.83193e-05 -0.000111296 -0.0184689 0.0901044 -0.000121601 0.000302972 7.83193e-05 -0.000121601 0.0096271 -0.0178197 -0.000111296 0.000302972 -0.0178197 0.0883813 
0.0101097 -0.0184584 7.01057e-05 -9.69108e-05 -0.0184584 0.0900858 -0.000105159 0.000286609 7.01057e-05 -0.000105159 0.00962716 -0.0178254 -9.69108e-05 0.000286609 -0.0178254 0.0884012 
0.0101237 -0.0184446 5.98182e-05 -7.63198e-05 -0.0184446 0.0900306 -8.66333e-05 0.000218646 5.98182e-05 -8.66333e-05 0.00961423 -0.0178465 -7.63198e-05 0.000218646 -0.0178465 0.0884691 
0.0101316 -0.0184713 4.34035e-05 -6.40718e-05 -0.0184713 0.0900499 -5.99382e-05 0.000165347 4.34035e-05 -5.99382e-05 0.00959424 -0.017812 -6.40718e-05 0.000165347 -0.017812 0.0884171 
0.0101593 -0.0184754 4.12811e-05 -5.36655e-05 -0.0184754 0.0900713 -5.57295e-05 0.000150676 4.12811e-05 -5.57295e-05 0.0095669 -0.0178045 -5.36655e-05 0.000150676 -0.0178045 0.0883891 
0.0101831 -0.0185061 5.56792e-05 -3.71194e-05 -0.0185061 0.0901219 -4.3306e-05 0.000115483 5.56792e-05 -4.3306e-05 0.0095562 -0.0177802 -3.71194e-05 0.000115483 -0.0177802 0.0883587 
0.0101699 -0.0185355 6.39227e-05 -5.97986e-05 -0.0185355 0.0901846 -6.39227e-05 0.000127845 6.39227e-05 -6.39227e-05 0.0095719 -0.0177602 -5.97986e-05 0.000127845 -0.0177602 0.0882978 
0.0101332 -0.0185189 7.03983e-05 -9.31743e-05 -0.0185189 0.0901865 -9.93859e-05 0.000207054 7.03983e-05 -9.93859e-05 0.0095866 -0.0177673 -9.31743e-05 0.000207054 -0.0177673 0.0882795 
0.0100898 -0.0184665 4.776e-05 -7.47547e-05 -0.0184665 0.0900877 -8.30608e-05 0.000203499 4.776e-05 -8.30608e-05 0.0096039 -0.0177875 -7.47547e-05 0.000203499 -0.0177875 0.0883082 
0.0100755 -0.0184202 3.94303e-05 -6.43336e-05 -0.0184202 0.0899779 -7.88606e-05 0.000197151 3.94303e-05 -7.88606e-05 0.00959816 -0.0177872 -6.43336e-05 0.000197151 -0.0177872 0.0883073 
0.0100983 -0.0184056 4.55533e-05 -6.00475e-05 -0.0184056 0.0899139 -7.04005e-05 0.000200849 4.55533e-05 -7.04005e-05 0.00957861 -0.0177844 -6.00475e-05 0.000200849 -0.0177844 0.0882947 
0.0101154 -0.0184105 4.53512e-05 -6.18425e-05 -0.0184105 0.0898861 -6.59654e-05 0.000187589 4.53512e-05 -6.59654e-05 0.00958147 -0.0177797 -6.18425e-05 0.000187589 -0.0177797 0.0883173 
0.0101099 -0.0184263 4.3293e-05 -6.18471e-05 -0.0184263 0.089901 -5.7724e-05 0.000169049 4.3293e-05 -5.7724e-05 0.00959661 -0.0177934 -6.18471e-05 0.000169049 -0.0177934 0.0883466 
0.010124 -0.0184553 2.46977e-05 -4.32209e-05 -0.0184553 0.0899942 -3.91046e-05 0.000115256 2.46977e-05 -3.91046e-05 0.00960122 -0.0177988 -4.32209e-05 0.000115256 -0.0177988 0.0883497 
0.0101384 -0.0184711 2.05898e-06 -1.85308e-05 -0.0184711 0.0900473 -1.23539e-05 4.32385e-05 2.05898e-06 -1.23539e-05 0.00959278 -0.017804 -1.85308e-05 4.32385e-05 -0.017804 0.0883672 
0.0101221 -0.0184785 -3.72591e-05 -2.06995e-06 -0.0184785 0.0900719 4.1399e-06 1.03498e-05 -3.72591e-05 4.1399e-06 0.00958595 -0.0177995 -2.06995e-06 1.03498e-05 -0.0177995 0.08836 
