0.00766641 0 0.000233302 0 0 0.00999129 0 0 0.000233302 0 0.00695565 0 0 0 0 0.00999129 
0.010742 -0.0133355 0.00028405 -0.000348269 -0.0133355 0.0347578 -0.000348269 0.000671839 0.00028405 -0.000348269 0.00988986 -0.0122858 -0.000348269 0.000671839 -0.0122858 0.0327472 
0.0107083 -0.0199743 0.000204231 -0.000380727 -0.0199743 0.073044 -0.000380727 0.0012153 0.000204231 -0.000380727 0.0099821 -0.0187918 -0.000380727 0.0012153 -0.0187918 0.0692771 
0.0101003 -0.0194841 0.00016932 -0.000272385 -0.0194841 0.0867386 -0.000265023 0.000979112 0.00016932 -0.000265023 0.00940586 -0.0185393 -0.000272385 0.000979112 -0.0185393 0.083492 
0.0101522 -0.0187378 0.000185133 -0.000212903 -0.0187378 0.0894377 -0.000199018 0.000615567 0.000185133 -0.000199018 0.00934227 -0.0178676 -0.000212903 0.000615567 -0.0178676 0.0870055 
0.0103741 -0.0187525 0.000210063 -0.000238509 -0.0187525 0.0903513 -0.000221004 0.000516406 0.000210063 -0.000221004 0.00950318 -0.0177066 -0.000238509 0.000516406 -0.0177066 0.0879115 
0.0105015 -0.0189263 0.000223706 -0.000265914 -0.0189263 0.0910419 -0.000255362 0.000571927 0.000223706 -0.000255362 0.00963411 -0.0177973 -0.000265914 0.000571927 -0.0177973 0.0883511 
0.0105377 -0.0190177 0.000222888 -0.000280674 -0.0190177 0.0914481 -0.000276546 0.000654218 0.000222888 -0.000276546 0.00971421 -0.0179177 -0.000280674 0.000654218 -0.0179177 0.088662 
0.0105501 -0.0190199 0.000246298 -0.000278867 -0.0190199 0.0915395 -0.000276831 0.000681901 0.000246298 -0.000276831 0.0097237 -0.0179879 -0.000278867 0.000681901 -0.0179879 0.0888527 
0.010565 -0.0189988 0.000266395 -0.000300704 -0.0189988 0.0914624 -0.000300704 0.000722497 0.000266395 -0.000300704 0.00972343 -0.0180422 -0.000300704 0.000722497 -0.0180422 0.0890507 
0.0105492 -0.01902 0.000258034 -0.000312463 -0.01902 0.0914591 -0.000308432 0.000741849 0.000258034 -0.000308432 0.00972669 -0.0180443 -0.000312463 0.000741849 -0.0180443 0.0891247 
0.0105179 -0.0190078 0.000232518 -0.000311372 -0.0190078 0.0914543 -0.000301262 0.000746079 0.000232518 -0.000301262 0.00974148 -0.0180494 -0.000311372 0.000746079 -0.0180494 0.0891574 
0.0105145 -0.0189957 0.000214252 -0.000280953 -0.0189957 0.0914574 -0.00027489 0.000715522 0.000214252 -0.00027489 0.00972018 -0.0180376 -0.000280953 0.000715522 -0.0180376 0.089133 
0.0105492 -0.0189913 0.000229636 -0.000275967 -0.0189913 0.0914618 -0.000271938 0.000698981 0.000229636 -0.000271938 0.00969106 -0.0180204 -0.000275967 0.000698981 -0.0180204 0.0890888 
0.0105253 -0.0190301 0.000257845 -0.000300147 -0.0190301 0.0915187 -0.000294104 0.000733246 0.000257845 -0.000294104 0.00970745 -0.0179826 -0.000300147 0.000733246 -0.0179826 0.0890229 
0.0104995 -0.0189996 0.000268338 -0.000328866 -0.0189996 0.0915013 -0.000328866 0.000794927 0.000268338 -0.000328866 0.00972474 -0.0180109 -0.000328866 0.000794927 -0.0180109 0.0890439 
0.0104547 -0.0189593 0.000267033 -0.000335814 -0.0189593 0.0914204 -0.000337837 0.000831444 0.000267033 -0.000337837 0.00975075 -0.0180429 -0.000335814 0.000831444 -0.0180429 0.0891142 
0.0104408 -0.0189002 0.000254008 -0.000335291 -0.0189002 0.0912946 -0.000337323 0.000847372 0.000254008 -0.000337323 0.00972344 -0.018059 -0.000335291 0.000847372 -0.018059 0.0891488 
0.0104443 -0.0188866 0.000235524 -0.000308618 -0.0188866 0.0912208 -0.000312678 0.000799969 0.000235524 -0.000312678 0.00969709 -0.0180237 -0.000308618 0.000799969 -0.0180237 0.0891093 
0.0104453 -0.018888 0.000229056 -0.000283786 -0.018888 0.0911925 -0.000283786 0.000735816 0.000229056 -0.000283786 0.00969534 -0.017992 -0.000283786 0.000735816 -0.017992 0.0890398 
0.0104497 -0.0189025 0.000233614 -0.000294557 -0.0189025 0.0912275 -0.000290495 0.000735378 0.000233614 -0.000290495 0.00967773 -0.0179639 -0.000294557 0.000735378 -0.0179639 0.088936 
0.0104611 -0.0189039 0.000235538 -0.000276148 -0.0189039 0.0912425 -0.000274117 0.000684278 0.000235538 -0.000274117 0.00964487 -0.0179395 -0.000276148 0.000684278 -0.0179395 0.0888485 
0.010443 -0.0189011 0.00022574 -0.00028675 -0.0189011 0.091209 -0.000284717 0.000691455 0.00022574 -0.000284717 0.00964172 -0.0179107 -0.00028675 0.000691455 -0.0179107 0.0887929 
0.0104105 -0.0188682 0.000217647 -0.000294943 -0.0188682 0.0911474 -0.000294943 0.000738374 0.000217647 -0.000294943 0.00964157 -0.0179081 -0.000294943 0.000738374 -0.0179081 0.0887493 
0.0103881 -0.0188204 0.000213245 -0.00026808 -0.0188204 0.0910232 -0.000272141 0.000700663 0.000213245 -0.000272141 0.00966711 -0.017941 -0.00026808 0.000700663 -0.017941 0.0888278 
0.0103525 -0.0188159 0.000205382 -0.000252152 -0.0188159 0.0909965 -0.00026232 0.000650716 0.000205382 -0.00026232 0.0096977 -0.0179354 -0.000252152 0.000650716 -0.0179354 0.0888105 
0.0103302 -0.018797 0.000201396 -0.000233945 -0.018797 0.0910088 -0.00023598 0.000587915 0.000201396 -0.00023598 0.00971585 -0.0179405 -0.000233945 0.000587915 -0.0179405 0.0887934 
0.0103187 -0.0187781 0.000187354 -0.00022401 -0.0187781 0.0909744 -0.000228083 0.000543733 0.000187354 -0.000228083 0.00970573 -0.0179513 -0.00022401 0.000543733 -0.0179513 0.0887934 
0.0103185 -0.0187458 0.000173403 -0.000232563 -0.0187458 0.0908874 -0.000232563 0.000571208 0.000173403 -0.000232563 0.00968402 -0.0179563 -0.000232563 0.000571208 -0.0179563 0.0888127 
0.0103291 -0.0187448 0.000165053 -0.000207845 -0.0187448 0.0908426 -0.00020377 0.000531839 0.000165053 -0.00020377 0.00966887 -0.0179399 -0.000207845 0.000531839 -0.0179399 0.0888171 
0.0103347 -0.0187535 0.000171769 -0.000212666 -0.0187535 0.090837 -0.000210621 0.000535754 0.000171769 -0.000210621 0.00963131 -0.0179069 -0.000212666 0.000535754 -0.0179069 0.0887369 
0.0103471 -0.0187322 0.000187832 -0.000212332 -0.0187322 0.0907821 -0.00021029 0.00051858 0.000187832 -0.00021029 0.00962231 -0.0179033 -0.000212332 0.00051858 -0.0179033 0.0887507 
0.0103213 -0.0187287 0.000214007 -0.000258847 -0.0187287 0.0907247 -0.000258847 0.00062164 0.000214007 -0.000258847 0.00964459 -0.0178951 -0.000258847 0.00062164 -0.0178951 0.0887436 
0.0103118 -0.0187033 0.000212236 -0.000283661 -0.0187033 0.0906716 -0.000287743 0.000704051 0.000212236 -0.000287743 0.00965469 -0.0179237 -0.000283661 0.000704051 -0.0179237 0.0887758 
0.0102874 -0.0187006 0.000183739 -0.000265401 -0.0187006 0.0906611 -0.000265401 0.000681878 0.000183739 -0.000265401 0.00965857 -0.0179064 -0.000265401 0.000681878 -0.0179064 0.0887482 
0.0102715 -0.0186931 0.00015535 -0.000216673 -0.0186931 0.0906612 -0.000210541 0.000582564 0.00015535 -0.000210541 0.00965829 -0.017898 -0.000216673 0.000582564 -0.017898 0.0886887 
0.0102602 -0.0186772 0.000138955 -0.000183911 -0.0186772 0.0906477 -0.000179824 0.000492473 0.000138955 -0.000179824 0.00964716 -0.0178823 -0.000183911 0.000492473 -0.0178823 0.088637 
0.0102269 -0.0186511 0.000167788 -0.000190297 -0.0186511 0.0905955 -0.000192343 0.00049518 0.000167788 -0.000192343 0.00967238 -0.0178879 -0.000190297 0.00049518 -0.0178879 0.0886434 
0.0101959 -0.0185933 0.000178407 -0.000198914 -0.0185933 0.0904792 -0.000196863 0.000481905 0.000178407 -0.000196863 0.00968937 -0.017933 -0.000198914 0.000481905 -0.017933 0.0887197 
0.0101901 -0.018584 0.000188857 -0.000223755 -0.018584 0.0904216 -0.000219649 0.000533727 0.000188857 -0.000219649 0.00968921 -0.0179312 -0.000223755 0.000533727 -0.0179312 0.0887466 
0.0101848 -0.0185603 0.000192824 -0.000254364 -0.0185603 0.0903545 -0.000252312 0.000617447 0.000192824 -0.000252312 0.00969659 -0.0179449 -0.000254364 0.000617447 -0.0179449 0.0887873 
0.010185 -0.0185556 0.000190661 -0.000231664 -0.0185556 0.090314 -0.000235764 0.000602736 0.000190661 -0.000235764 0.00970117 -0.0179468 -0.000231664 0.000602736 -0.0179468 0.088799 
0.0102215 -0.0185791 0.000194363 -0.000237328 -0.0185791 0.0903811 -0.00024142 0.000599458 0.000194363 -0.00024142 0.00965884 -0.0179203 -0.000237328 0.000599458 -0.0179203 0.0887239 
0.0102656 -0.0186122 0.0002182 -0.000256946 -0.0186122 0.0904469 -0.000256946 0.000646443 0.0002182 -0.000256946 0.00963546 -0.0179005 -0.000256946 0.000646443 -0.0179005 0.088683 
0.0102627 -0.018649 0.000208483 -0.000255494 -0.018649 0.0905165 -0.000255494 0.000639757 0.000208483 -0.000255494 0.00963928 -0.0178866 -0.000255494 0.000639757 -0.0178866 0.0886626 
0.0102355 -0.0186524 0.000206386 -0.000265645 -0.0186524 0.0905586 -0.000261559 0.00066207 0.000206386 -0.000261559 0.00966745 -0.0178861 -0.000265645 0.00066207 -0.0178861 0.088652 
0.0102338 -0.0186434 0.000196333 -0.000247461 -0.0186434 0.0905748 -0.000243371 0.000631946 0.000196333 -0.000243371 0.00966734 -0.017899 -0.000247461 0.000631946 -0.017899 0.0886462 
0.0102363 -0.0186203 0.000197871 -0.00022439 -0.0186203 0.090523 -0.00022235 0.000569135 0.000197871 -0.00022235 0.00968753 -0.0179349 -0.00022439 0.000569135 -0.0179349 0.0887503 
0.0102298 -0.0186114 0.000201744 -0.000254727 -0.0186114 0.0904811 -0.000252689 0.000609308 0.000201744 -0.000252689 0.00970205 -0.0179613 -0.000254727 0.000609308 -0.0179613 0.0888326 
0.0102065 -0.0186073 0.000222147 -0.000264945 -0.0186073 0.0904463 -0.000266984 0.000678668 0.000222147 -0.000266984 0.0097235 -0.0179755 -0.000264945 0.000678668 -0.0179755 0.0888831 
0.0102115 -0.0185962 0.000221989 -0.00028105 -0.0185962 0.0904412 -0.000283087 0.00070059 0.000221989 -0.000283087 0.00972068 -0.0179893 -0.00028105 0.00070059 -0.0179893 0.0889158 
0.0102224 -0.0185902 0.000218324 -0.000269334 -0.0185902 0.0904064 -0.000271374 0.000681496 0.000218324 -0.000271374 0.00969806 -0.0179903 -0.000269334 0.000681496 -0.0179903 0.0889251 
0.0102349 -0.0185796 0.000208209 -0.000253117 -0.0185796 0.0903669 -0.0002572 0.000647081 0.000208209 -0.0002572 0.00968377 -0.0179876 -0.000253117 0.000647081 -0.0179876 0.0889563 
0.0102537 -0.0185982 0.000206669 -0.00024964 -0.0185982 0.09038 -0.000257825 0.000638425 0.000206669 -0.000257825 0.00965413 -0.017968 -0.00024964 0.000638425 -0.017968 0.0889252 
0.0102495 -0.0186438 0.000204989 -0.000252136 -0.0186438 0.0904842 -0.000258286 0.000649815 0.000204989 -0.000258286 0.00965498 -0.0179078 -0.000252136 0.000649815 -0.0179078 0.088793 
0.0102283 -0.018649 0.000218799 -0.000286279 -0.018649 0.0905581 -0.000286279 0.000730011 0.000218799 -0.000286279 0.00968031 -0.0178945 -0.000286279 0.000730011 -0.0178945 0.0886994 
0.0102256 -0.0186207 0.000206556 -0.00027609 -0.0186207 0.090535 -0.00027609 0.000711699 0.000206556 -0.00027609 0.00969383 -0.0179356 -0.00027609 0.000711699 -0.0179356 0.0887292 
0.0102434 -0.0186039 0.000214897 -0.00026811 -0.0186039 0.0904655 -0.000264016 0.000695857 0.000214897 -0.000264016 0.00967651 -0.0179613 -0.00026811 0.000695857 -0.0179613 0.0888139 
0.0102486 -0.0186404 0.000213385 -0.000246213 -0.0186404 0.0905202 -0.000248265 0.000633998 0.000213385 -0.000248265 0.00966796 -0.0179202 -0.000246213 0.000633998 -0.0179202 0.0887618 
0.0102299 -0.0186515 0.000209107 -0.000258309 -0.0186515 0.0905803 -0.000260359 0.000631422 0.000209107 -0.000260359 0.00968454 -0.0179033 -0.000258309 0.000631422 -0.0179033 0.0886963 
0.0102366 -0.0186275 0.000212582 -0.000259595 -0.0186275 0.0905557 -0.000253463 0.000631613 0.000212582 -0.000253463 0.00970517 -0.0179427 -0.000259595 0.000631613 -0.0179427 0.0887487 
0.0102385 -0.0186266 0.000224663 -0.000279807 -0.0186266 0.0905227 -0.000271638 0.000680115 0.000224663 -0.000271638 0.00971768 -0.017971 -0.000279807 0.000680115 -0.017971 0.0888398 
0.0102496 -0.0186382 0.000253026 -0.000291796 -0.0186382 0.0905548 -0.000289756 0.000720308 0.000253026 -0.000289756 0.00971702 -0.0179791 -0.000291796 0.000720308 -0.0179791 0.0888652 
0.0102739 -0.0186529 0.000252121 -0.000315151 -0.0186529 0.0905827 -0.000313118 0.000764496 0.000252121 -0.000313118 0.00971073 -0.0179819 -0.000315151 0.000764496 -0.0179819 0.088889 
0.0102539 -0.018662 0.000225651 -0.000292737 -0.018662 0.0905859 -0.000288671 0.000731843 0.000225651 -0.000288671 0.00972538 -0.017983 -0.000292737 0.000731843 -0.017983 0.0889067 
0.010255 -0.0186473 0.000235887 -0.000292826 -0.0186473 0.0905706 -0.000290792 0.000744265 0.000235887 -0.000290792 0.00971409 -0.0179966 -0.000292826 0.000744265 -0.0179966 0.0889397 
0.010271 -0.0186529 0.000238434 -0.000295496 -0.0186529 0.0905704 -0.000301609 0.000745872 0.000238434 -0.000301609 0.00968003 -0.0179804 -0.000295496 0.000745872 -0.0179804 0.0889075 
0.0102765 -0.018672 0.000221043 -0.000284491 -0.018672 0.0906073 -0.000286538 0.000716344 0.000221043 -0.000286538 0.00964609 -0.0179311 -0.000284491 0.000716344 -0.0179311 0.0888123 
0.0102668 -0.0186716 0.000210528 -0.000257539 -0.0186716 0.0906293 -0.000257539 0.00064998 0.000210528 -0.000257539 0.00966181 -0.017901 -0.000257539 0.00064998 -0.017901 0.0887488 
0.0102424 -0.0186673 0.000203992 -0.000242751 -0.0186673 0.0906378 -0.000244791 0.000591577 0.000203992 -0.000244791 0.00970187 -0.0179125 -0.000242751 0.000591577 -0.0179125 0.0887141 
0.0102609 -0.0186193 0.000214579 -0.000259538 -0.0186193 0.090542 -0.000261582 0.000629431 0.000214579 -0.000261582 0.00969691 -0.0179796 -0.000259538 0.000629431 -0.0179796 0.0888519 
0.0102547 -0.0186344 0.000233621 -0.000278706 -0.0186344 0.0905017 -0.000280756 0.000692667 0.000233621 -0.000280756 0.00969324 -0.0179807 -0.000278706 0.000692667 -0.0179807 0.0889216 
0.010262 -0.0186677 0.000216948 -0.000296768 -0.0186677 0.090592 -0.000294721 0.00072657 0.000216948 -0.000294721 0.00967464 -0.017933 -0.000296768 0.00072657 -0.017933 0.0888032 
0.0102377 -0.0186706 0.000201223 -0.000277194 -0.0186706 0.0906158 -0.000275141 0.000720705 0.000201223 -0.000275141 0.00968332 -0.0179129 -0.000277194 0.000720705 -0.0179129 0.0887207 
0.0101873 -0.0186205 0.000195356 -0.000259104 -0.0186205 0.0905178 -0.000259104 0.000686832 0.000195356 -0.000259104 0.0096979 -0.0179214 -0.000259104 0.000686832 -0.0179214 0.0887061 
0.0101967 -0.0185565 0.000190881 -0.000244245 -0.0185565 0.0903913 -0.00024835 0.000640374 0.000190881 -0.00024835 0.00969182 -0.0179551 -0.000244245 0.000640374 -0.0179551 0.0887739 
0.0102099 -0.0185781 0.000220754 -0.000257547 -0.0185781 0.0903927 -0.000269811 0.000676571 0.000220754 -0.000269811 0.00971932 -0.0179465 -0.000257547 0.000676571 -0.0179465 0.0887922 
0.0102445 -0.0186011 0.000242075 -0.000274623 -0.0186011 0.0904486 -0.000284794 0.000697746 0.000242075 -0.000284794 0.00972369 -0.0179746 -0.000274623 0.000697746 -0.0179746 0.0888375 
0.010303 -0.0186646 0.000254369 -0.000303208 -0.0186646 0.09059 -0.000301173 0.000742758 0.000254369 -0.000301173 0.00969655 -0.0179747 -0.000303208 0.000742758 -0.0179747 0.088844 
0.0103395 -0.0187494 0.000229992 -0.000319546 -0.0187494 0.0907877 -0.000317511 0.000795812 0.000229992 -0.000317511 0.00965762 -0.017921 -0.000319546 0.000795812 -0.017921 0.0887504 
0.0103153 -0.0187778 0.000219647 -0.000292863 -0.0187778 0.0909035 -0.000284728 0.00075453 0.000219647 -0.000284728 0.00968686 -0.0178972 -0.000292863 0.00075453 -0.0178972 0.0886989 
0.0102837 -0.0187269 0.000210163 -0.000271375 -0.0187269 0.0908434 -0.000263214 0.000693742 0.000210163 -0.000263214 0.00970218 -0.0179516 -0.000271375 0.000693742 -0.0179516 0.0887806 
0.0102752 -0.0186831 0.000212703 -0.000272014 -0.0186831 0.09073 -0.000265879 0.000685149 0.000212703 -0.000265879 0.00971479 -0.0179938 -0.000272014 0.000685149 -0.0179938 0.0889159 
0.0102629 -0.018669 0.000224437 -0.000267284 -0.018669 0.0906581 -0.000257082 0.000654947 0.000224437 -0.000257082 0.00974871 -0.0180141 -0.000267284 0.000654947 -0.0180141 0.0890055 
0.0102772 -0.0186478 0.000258151 -0.000300837 -0.0186478 0.0905885 -0.000290673 0.000723635 0.000258151 -0.000290673 0.00976094 -0.0180563 -0.000300837 0.000723635 -0.0180563 0.0891067 
0.0102803 -0.0186595 0.000270427 -0.000331426 -0.0186595 0.0905607 -0.000325326 0.000799083 0.000270427 -0.000325326 0.00976995 -0.018078 -0.000331426 0.000799083 -0.018078 0.0891862 
0.0102909 -0.0186799 0.00027258 -0.000341743 -0.0186799 0.0906147 -0.000347845 0.000848254 0.00027258 -0.000347845 0.00976204 -0.0180737 -0.000341743 0.000848254 -0.0180737 0.0891948 
0.0102891 -0.0187235 0.000282366 -0.000329088 -0.0187235 0.0907288 -0.000333151 0.000832878 0.000282366 -0.000333151 0.00976905 -0.0180409 -0.000329088 0.000832878 -0.0180409 0.0890976 
0.0102669 -0.0187256 0.000297972 -0.000344593 -0.0187256 0.0907983 -0.000348647 0.000855403 0.000297972 -0.000348647 0.00979253 -0.0180344 -0.000344593 0.000855403 -0.0180344 0.0890389 
0.0102872 -0.0186886 0.000290748 -0.000377569 -0.0186886 0.0907477 -0.000379588 0.000928779 0.000290748 -0.000379588 0.00979054 -0.0180789 -0.000377569 0.000928779 -0.0180789 0.0891042 
0.0103052 -0.0186773 0.000284517 -0.000359178 -0.0186773 0.0906803 -0.000363214 0.000924177 0.000284517 -0.000363214 0.00978861 -0.0181183 -0.000359178 0.000924177 -0.0181183 0.0892497 
0.0102811 -0.0186965 0.000271463 -0.000348445 -0.0186965 0.0906746 -0.000352496 0.00089137 0.000271463 -0.000352496 0.00981318 -0.0181212 -0.000348445 0.00089137 -0.0181212 0.0893295 
0.010294 -0.0186945 0.000274262 -0.000341304 -0.0186945 0.0907076 -0.00034943 0.000875607 0.000274262 -0.00034943 0.00978608 -0.0181196 -0.000341304 0.000875607 -0.0181196 0.0893221 
0.0102927 -0.0187141 0.000262404 -0.000317325 -0.0187141 0.090753 -0.000315291 0.00080145 0.000262404 -0.000315291 0.00978827 -0.0180916 -0.000317325 0.00080145 -0.0180916 0.0892722 
0.0103063 -0.0187153 0.0002481 -0.000300973 -0.0187153 0.0907923 -0.00030504 0.000752433 0.0002481 -0.00030504 0.0097918 -0.0180909 -0.000300973 0.000752433 -0.0180909 0.0892345 
0.0103028 -0.0187349 0.00024482 -0.000312146 -0.0187349 0.090818 -0.000308065 0.000765063 0.00024482 -0.000308065 0.00978872 -0.018084 -0.000312146 0.000765063 -0.018084 0.089192 
0.0103266 -0.0187376 0.000256234 -0.000333511 -0.0187376 0.0908512 -0.00032741 0.000827677 0.000256234 -0.00032741 0.00976536 -0.0180625 -0.000333511 0.000827677 -0.0180625 0.0891328 
0.010328 -0.0187411 0.000270931 -0.00033408 -0.0187411 0.0908311 -0.000323895 0.000843349 0.000270931 -0.000323895 0.0097474 -0.0180485 -0.00033408 0.000843349 -0.0180485 0.0890935 
0.0103125 -0.0187398 0.000277174 -0.000360733 -0.0187398 0.0908152 -0.000356657 0.000900815 0.000277174 -0.000356657 0.00973369 -0.0180183 -0.000360733 0.000900815 -0.0180183 0.0890258 
0.010299 -0.0187122 0.000279621 -0.00035718 -0.0187122 0.0907523 -0.000355139 0.000900094 0.000279621 -0.000355139 0.0097255 -0.0180182 -0.00035718 0.000900094 -0.0180182 0.0890093 
0.0102933 -0.0187018 0.000257027 -0.000336584 -0.0187018 0.0907266 -0.000332504 0.000842479 0.000257027 -0.000332504 0.00972421 -0.0180042 -0.000336584 0.000842479 -0.0180042 0.0889947 
0.0102764 -0.0187193 0.000240934 -0.000314439 -0.0187193 0.0907586 -0.000310355 0.000790181 0.000240934 -0.000310355 0.00973944 -0.0179843 -0.000314439 0.000790181 -0.0179843 0.088923 
0.0102604 -0.0187121 0.000244976 -0.000312345 -0.0187121 0.0907699 -0.000312345 0.000788008 0.000244976 -0.000312345 0.00974394 -0.0179813 -0.000312345 0.000788008 -0.0179813 0.0888652 
0.0102379 -0.01868 0.000236714 -0.000306096 -0.01868 0.0907124 -0.000304055 0.000775442 0.000236714 -0.000304055 0.00975833 -0.0179964 -0.000306096 0.000775442 -0.0179964 0.0888861 
0.0102182 -0.0186365 0.0002446 -0.000309827 -0.0186365 0.0906039 -0.000307788 0.000788835 0.0002446 -0.000307788 0.00976158 -0.0180189 -0.000309827 0.000788835 -0.0180189 0.0889365 
0.0102314 -0.0185876 0.000264694 -0.00030338 -0.0185876 0.0904439 -0.00030338 0.000767613 0.000264694 -0.00030338 0.00974278 -0.0180562 -0.00030338 0.000767613 -0.0180562 0.0890553 
0.0102364 -0.0185935 0.000242029 -0.000323384 -0.0185935 0.0903969 -0.000327451 0.000787104 0.000242029 -0.000327451 0.00972795 -0.0180342 -0.000323384 0.000787104 -0.0180342 0.0890668 
0.0102531 -0.0186024 0.000222185 -0.000301682 -0.0186024 0.0903945 -0.000305759 0.000768473 0.000222185 -0.000305759 0.00968643 -0.0180092 -0.000301682 0.000768473 -0.0180092 0.0890145 
0.0102642 -0.018652 0.000205325 -0.000270378 -0.018652 0.0905136 -0.000274444 0.000707455 0.000205325 -0.000274444 0.00969295 -0.0179568 -0.000270378 0.000707455 -0.0179568 0.0889157 
0.010239 -0.0186543 0.000209873 -0.000242475 -0.0186543 0.0905573 -0.000244513 0.000619432 0.000209873 -0.000244513 0.00971123 -0.0179554 -0.000242475 0.000619432 -0.0179554 0.088862 
0.0101842 -0.0186275 0.000248693 -0.000277231 -0.0186275 0.0905303 -0.000277231 0.000676771 0.000248693 -0.000277231 0.00976425 -0.0179915 -0.000277231 0.000676771 -0.0179915 0.0889118 
0.010174 -0.0185563 0.000265586 -0.000326875 -0.0185563 0.0903995 -0.000324833 0.000772243 0.000265586 -0.000324833 0.00977358 -0.0180578 -0.000326875 0.000772243 -0.0180578 0.0890409 
0.0101948 -0.0185543 0.000266836 -0.000344239 -0.0185543 0.0903576 -0.000346276 0.000855505 0.000266836 -0.000346276 0.00976091 -0.0180512 -0.000344239 0.000855505 -0.0180512 0.0890764 
0.0102051 -0.0185731 0.000268556 -0.000341799 -0.0185731 0.0903672 -0.000345868 0.000878912 0.000268556 -0.000345868 0.00975348 -0.018038 -0.000341799 0.000878912 -0.018038 0.0890488 
0.0102318 -0.0185826 0.000270759 -0.000315546 -0.0185826 0.0904009 -0.000321653 0.000816348 0.000270759 -0.000321653 0.00973714 -0.0180391 -0.000315546 0.000816348 -0.0180391 0.0890634 
0.01025 -0.0186438 0.000297162 -0.000350081 -0.0186438 0.0905285 -0.000354152 0.000871132 0.000297162 -0.000354152 0.00971882 -0.0179905 -0.000350081 0.000871132 -0.0179905 0.0889511 
0.0102568 -0.0186375 0.000289555 -0.000365002 -0.0186375 0.090543 -0.000365002 0.000897212 0.000289555 -0.000365002 0.00971232 -0.0180034 -0.000365002 0.000897212 -0.0180034 0.0889647 
0.0102994 -0.0186667 0.000252446 -0.000344059 -0.0186667 0.0906219 -0.000344059 0.000869309 0.000252446 -0.000344059 0.00969269 -0.0179888 -0.000344059 0.000869309 -0.0179888 0.0889463 
0.0103364 -0.018739 0.000249583 -0.00030234 -0.018739 0.0907853 -0.000306399 0.00079339 0.000249583 -0.000306399 0.00969315 -0.0179497 -0.00030234 0.00079339 -0.0179497 0.0888637 
0.0103534 -0.0187978 0.00025479 -0.000297255 -0.0187978 0.09096 -0.000301299 0.000742126 0.00025479 -0.000301299 0.00971639 -0.0179465 -0.000297255 0.000742126 -0.0179465 0.0888186 
0.0103203 -0.0187997 0.000260686 -0.000309186 -0.0187997 0.0910098 -0.000315248 0.00076185 0.000260686 -0.000315248 0.00977674 -0.0179954 -0.000309186 0.00076185 -0.0179954 0.0889101 
0.0102997 -0.0187616 0.000265132 -0.000323825 -0.0187616 0.0909604 -0.000329897 0.000797419 0.000265132 -0.000329897 0.0098119 -0.0180755 -0.000323825 0.000797419 -0.0180755 0.0890721 
0.0102903 -0.0187217 0.000253957 -0.000331159 -0.0187217 0.0908657 -0.000333191 0.00082282 0.000253957 -0.000333191 0.00980679 -0.0181142 -0.000331159 0.00082282 -0.0181142 0.089216 
0.0102867 -0.0187135 0.000226373 -0.000295713 -0.0187135 0.0908123 -0.000299791 0.000764774 0.000226373 -0.000299791 0.00980338 -0.0181221 -0.000295713 0.000764774 -0.0181221 0.0892991 
0.0102544 -0.0186896 0.000236135 -0.000291576 -0.0186896 0.0907314 -0.000289522 0.000739206 0.000236135 -0.000289522 0.00980475 -0.0181188 -0.000291576 0.000739206 -0.0181188 0.0892981 
0.0102433 -0.0186429 0.000258701 -0.000310031 -0.0186429 0.0906132 -0.000303871 0.000765838 0.000258701 -0.000303871 0.00981628 -0.0181296 -0.000310031 0.000765838 -0.0181296 0.0893464 
0.010287 -0.0186631 0.00029193 -0.00034705 -0.0186631 0.0906372 -0.000338884 0.000851293 0.00029193 -0.000338884 0.00979702 -0.0181038 -0.00034705 0.000851293 -0.0181038 0.0892715 
0.0103602 -0.0187146 0.000294669 -0.000365796 -0.0187146 0.0907195 -0.0003597 0.000894169 0.000294669 -0.0003597 0.00976676 -0.0180907 -0.000365796 0.000894169 -0.0180907 0.0892279 
0.0103979 -0.0188188 0.000289676 -0.000374756 -0.0188188 0.090936 -0.000376781 0.000948031 0.000289676 -0.000376781 0.00974972 -0.0180369 -0.000374756 0.000948031 -0.0180369 0.0890987 
0.0103974 -0.0188525 0.000304137 -0.000375103 -0.0188525 0.0910709 -0.000381186 0.000971212 0.000304137 -0.000381186 0.0097689 -0.0180475 -0.000375103 0.000971212 -0.0180475 0.0891042 
0.0103992 -0.0188496 0.000326497 -0.000362999 -0.0188496 0.0911229 -0.000369083 0.000916624 0.000326497 -0.000369083 0.00977259 -0.0180749 -0.000362999 0.000916624 -0.0180749 0.0891538 
0.0104085 -0.0188388 0.000351939 -0.00039846 -0.0188388 0.0910976 -0.000402505 0.000962775 0.000351939 -0.000402505 0.00979563 -0.0181046 -0.00039846 0.000962775 -0.0181046 0.0892671 
0.0104316 -0.018852 0.000345298 -0.00042405 -0.018852 0.0911101 -0.000420011 0.0010157 0.000345298 -0.000420011 0.00979959 -0.0181271 -0.00042405 0.0010157 -0.0181271 0.0893352 
0.0104308 -0.0188941 0.000323888 -0.000418439 -0.0188941 0.0911935 -0.000410392 0.00102598 0.000323888 -0.000410392 0.0098152 -0.0181116 -0.000418439 0.00102598 -0.0181116 0.0893226 
0.010428 -0.0189044 0.000303806 -0.00040038 -0.0189044 0.0912665 -0.00039032 0.00099592 0.000303806 -0.00039032 0.00982641 -0.0181278 -0.00040038 0.00099592 -0.0181278 0.0893169 
0.0104194 -0.0188949 0.000306513 -0.000393224 -0.0188949 0.0912644 -0.000387175 0.00100222 0.000306513 -0.000387175 0.00981246 -0.0181408 -0.000393224 0.00100222 -0.0181408 0.0893345 
0.010426 -0.0188663 0.000312155 -0.000380628 -0.0188663 0.0912037 -0.000378614 0.000972716 0.000312155 -0.000378614 0.00981778 -0.0181553 -0.000380628 0.000972716 -0.0181553 0.0894053 
0.0104375 -0.0188882 0.000315071 -0.00037929 -0.0188882 0.0912282 -0.000381296 0.000957255 0.000315071 -0.000381296 0.00983544 -0.0181497 -0.00037929 0.000957255 -0.0181497 0.0894281 
0.0104297 -0.0189103 0.000321159 -0.00039342 -0.0189103 0.0912896 -0.00039342 0.000973514 0.000321159 -0.00039342 0.00984554 -0.0181515 -0.00039342 0.000973514 -0.0181515 0.0894007 
0.0104211 -0.018891 0.0003396 -0.000409932 -0.018891 0.0912741 -0.000409932 0.00101679 0.0003396 -0.000409932 0.00985443 -0.0181877 -0.000409932 0.00101679 -0.0181877 0.0894756 
0.0104237 -0.0188706 0.000326433 -0.000396958 -0.0188706 0.0912016 -0.000392928 0.000973253 0.000326433 -0.000392928 0.00984335 -0.0182077 -0.000396958 0.000973253 -0.0182077 0.0895513 
0.0103845 -0.0188669 0.000325083 -0.000387677 -0.0188669 0.0911767 -0.000383638 0.000946981 0.000325083 -0.000383638 0.00987566 -0.0182026 -0.000387677 0.000946981 -0.0182026 0.0895796 
0.01037 -0.0188424 0.000335822 -0.000402581 -0.0188424 0.0911493 -0.000398535 0.000967005 0.000335822 -0.000398535 0.00989258 -0.0182173 -0.000402581 0.000967005 -0.0182173 0.0895814 
0.010338 -0.0188112 0.000346966 -0.000434214 -0.0188112 0.0910775 -0.000432185 0.0010551 0.000346966 -0.000432185 0.00991186 -0.018237 -0.000434214 0.0010551 -0.018237 0.0896186 
0.0103797 -0.0188092 0.000349628 -0.000444614 -0.0188092 0.0910812 -0.000448656 0.00110547 0.000349628 -0.000448656 0.00988862 -0.0182373 -0.000444614 0.00110547 -0.0182373 0.089616 
0.0104488 -0.0188408 0.000340435 -0.000451228 -0.0188408 0.0911158 -0.000453242 0.00114419 0.000340435 -0.000453242 0.00985853 -0.0182344 -0.000451228 0.00114419 -0.0182344 0.0896292 
0.0104385 -0.0189113 0.000315155 -0.000436368 -0.0189113 0.0912252 -0.000434348 0.00111314 0.000315155 -0.000434348 0.00985262 -0.0181881 -0.000436368 0.00111314 -0.0181881 0.0895282 
0.0104003 -0.0189061 0.000326212 -0.000393075 -0.0189061 0.0912685 -0.000393075 0.00103334 0.000326212 -0.000393075 0.0098512 -0.0181645 -0.000393075 0.00103334 -0.0181645 0.089449 
0.0103721 -0.0188609 0.000351595 -0.00039605 -0.0188609 0.0912127 -0.00039605 0.000988104 0.000351595 -0.00039605 0.00988508 -0.0181819 -0.00039605 0.000988104 -0.0181819 0.0894588 
0.0103725 -0.0188226 0.000363877 -0.000428567 -0.0188226 0.0911149 -0.000428567 0.00103705 0.000363877 -0.000428567 0.00987321 -0.01821 -0.000428567 0.00103705 -0.01821 0.0895038 
