0.00765917 0 0.000369344 0 0 0.00998577 0 0 0.000369344 0 0.00696631 0 0 0 0 0.00998577 
0.0107475 -0.0133483 0.000430194 -0.000530983 -0.0133483 0.0347818 -0.000530983 0.00101034 0.000430194 -0.000530983 0.00988463 -0.0122888 -0.000530983 0.00101034 -0.0122888 0.0327439 
0.0106764 -0.019991 0.000331051 -0.000499085 -0.019991 0.0730971 -0.000499085 0.00159757 0.000331051 -0.000499085 0.0100845 -0.0188549 -0.000499085 0.00159757 -0.0188549 0.0694931 
0.00998755 -0.0194572 0.00033308 -0.000379274 -0.0194572 0.0867906 -0.000379274 0.00123021 0.00033308 -0.000379274 0.009618 -0.0187011 -0.000379274 0.00123021 -0.0187011 0.0839533 
0.00998569 -0.0186302 0.000388128 -0.000411094 -0.0186302 0.0893476 -0.000408798 0.000985249 0.000388128 -0.000408798 0.00959067 -0.0180973 -0.000411094 0.000985249 -0.0180973 0.0874827 
0.0101483 -0.0184984 0.000430959 -0.000507525 -0.0184984 0.0898867 -0.000514088 0.00112224 0.000430959 -0.000514088 0.0097633 -0.0180478 -0.000507525 0.00112224 -0.0180478 0.0886616 
0.010283 -0.0186184 0.00042881 -0.000574563 -0.0186184 0.0903311 -0.0005809 0.00134558 0.00042881 -0.0005809 0.00984362 -0.0181494 -0.000574563 0.00134558 -0.0181494 0.0892136 
0.0103323 -0.0187153 0.000407663 -0.000560796 -0.0187153 0.0906378 -0.000569073 0.00143613 0.000407663 -0.000569073 0.0098729 -0.0181896 -0.000560796 0.00143613 -0.0181896 0.0894293 
0.010332 -0.0187354 0.000383274 -0.000524697 -0.0187354 0.090752 -0.000528796 0.00139577 0.000383274 -0.000528796 0.00985651 -0.018184 -0.000524697 0.00139577 -0.018184 0.0894382 
0.0103688 -0.0187435 0.000373889 -0.000478088 -0.0187435 0.0907958 -0.000484217 0.00126877 0.000373889 -0.000484217 0.00980284 -0.0181632 -0.000478088 0.00126877 -0.0181632 0.0894003 
0.0103688 -0.0187863 0.000366244 -0.000441528 -0.0187863 0.0908632 -0.000449667 0.0011557 0.000366244 -0.000449667 0.00980721 -0.0181128 -0.000441528 0.0011557 -0.0181128 0.0893067 
0.0103815 -0.0188054 0.000376068 -0.000455347 -0.0188054 0.0909516 -0.000461446 0.00114243 0.000376068 -0.000461446 0.00978387 -0.0180858 -0.000455347 0.00114243 -0.0180858 0.0891973 
0.0103874 -0.0188075 0.00038457 -0.000473629 -0.0188075 0.0909812 -0.000477677 0.00117395 0.00038457 -0.000477677 0.00979237 -0.018093 -0.000473629 0.00117395 -0.018093 0.0892102 
0.0103843 -0.0188283 0.000381983 -0.000481015 -0.0188283 0.091023 -0.000478994 0.0011985 0.000381983 -0.000478994 0.00979816 -0.0180947 -0.000481015 0.0011985 -0.0180947 0.0892141 
0.0103854 -0.0188377 0.000346519 -0.000449867 -0.0188377 0.0910839 -0.000449867 0.00112872 0.000346519 -0.000449867 0.00979373 -0.018096 -0.000449867 0.00112872 -0.018096 0.0892115 
0.0103717 -0.0188341 0.000306065 -0.00040741 -0.0188341 0.0910816 -0.000413491 0.00105197 0.000306065 -0.000413491 0.00979001 -0.0180983 -0.00040741 0.00105197 -0.0180983 0.0892188 
0.0103367 -0.0187959 0.000283059 -0.000376733 -0.0187959 0.0909902 -0.00037266 0.000963215 0.000283059 -0.00037266 0.00978691 -0.0181015 -0.000376733 0.000963215 -0.0181015 0.0892267 
0.0102924 -0.0187586 0.000293486 -0.000360743 -0.0187586 0.0909113 -0.000360743 0.000933448 0.000293486 -0.000360743 0.00980528 -0.0180861 -0.000360743 0.000933448 -0.0180861 0.0892095 
0.0102641 -0.0186996 0.000297629 -0.000373055 -0.0186996 0.0907849 -0.000373055 0.000923465 0.000297629 -0.000373055 0.00981767 -0.0181064 -0.000373055 0.000923465 -0.0181064 0.0892214 
0.0102822 -0.018686 0.000307655 -0.000372424 -0.018686 0.0907359 -0.000362304 0.000922965 0.000307655 -0.000362304 0.00984091 -0.0181253 -0.000372424 0.000922965 -0.0181253 0.0892766 
0.0103075 -0.0187026 0.000295773 -0.00037073 -0.0187026 0.0907255 -0.000368704 0.000909605 0.000295773 -0.000368704 0.00982333 -0.0181455 -0.00037073 0.000909605 -0.0181455 0.0893114 
0.0103227 -0.0187109 0.000316001 -0.000384873 -0.0187109 0.0907268 -0.000384873 0.000962183 0.000316001 -0.000384873 0.00980617 -0.0181478 -0.000384873 0.000962183 -0.0181478 0.0893595 
0.010327 -0.0187412 0.000321834 -0.000396726 -0.0187412 0.0907935 -0.000400774 0.000987766 0.000321834 -0.000400774 0.00982099 -0.018136 -0.000396726 0.000987766 -0.018136 0.0893746 
0.0103222 -0.0187482 0.000327205 -0.000420692 -0.0187482 0.0908269 -0.000426789 0.00106088 0.000327205 -0.000426789 0.00981209 -0.0181385 -0.000420692 0.00106088 -0.0181385 0.0893636 
0.010317 -0.0187563 0.000325843 -0.000405267 -0.0187563 0.0908715 -0.00040934 0.00104677 0.000325843 -0.00040934 0.00982009 -0.0181291 -0.000405267 0.00104677 -0.0181291 0.0893482 
0.0103075 -0.0187443 0.000343652 -0.000424989 -0.0187443 0.0908623 -0.000420922 0.00107366 0.000343652 -0.000420922 0.00983169 -0.0181322 -0.000424989 0.00107366 -0.0181322 0.0893372 
0.010309 -0.0187366 0.000360865 -0.000431822 -0.0187366 0.0908488 -0.000431822 0.00108665 0.000360865 -0.000431822 0.00984067 -0.0181426 -0.000431822 0.00108665 -0.0181426 0.0893486 
0.0103167 -0.0187364 0.000378575 -0.000439309 -0.0187364 0.0908399 -0.000443358 0.00109726 0.000378575 -0.000443358 0.00985308 -0.0181615 -0.000439309 0.00109726 -0.0181615 0.0893863 
0.0103093 -0.0187474 0.000359201 -0.000440376 -0.0187474 0.0908574 -0.000442405 0.0010776 0.000359201 -0.000442405 0.00986685 -0.0181812 -0.000440376 0.0010776 -0.0181812 0.089443 
0.0103041 -0.0187369 0.000351114 -0.000432296 -0.0187369 0.090841 -0.000436355 0.00107567 0.000351114 -0.000436355 0.00988801 -0.0182092 -0.000432296 0.00107567 -0.0182092 0.0895056 
0.0103177 -0.0187464 0.000368489 -0.000447451 -0.0187464 0.090869 -0.000443402 0.00110344 0.000368489 -0.000443402 0.00989858 -0.0182159 -0.000447451 0.00110344 -0.0182159 0.0895307 
0.0103462 -0.0187611 0.000367272 -0.000470188 -0.0187611 0.0909078 -0.000458081 0.00114419 0.000367272 -0.000458081 0.00989817 -0.0182284 -0.000470188 0.00114419 -0.0182284 0.0895659 
0.0103595 -0.0188032 0.000377953 -0.00046641 -0.0188032 0.0910003 -0.00046239 0.00117608 0.000377953 -0.00046239 0.00991323 -0.0182242 -0.00046641 0.00117608 -0.0182242 0.0895629 
0.0103738 -0.0188017 0.000384735 -0.000455237 -0.0188017 0.0910272 -0.000457251 0.00113608 0.000384735 -0.000457251 0.00992054 -0.01828 -0.000455237 0.00113608 -0.01828 0.0896937 
0.0103939 -0.0188285 0.000379355 -0.000490337 -0.0188285 0.0910674 -0.000488319 0.00120667 0.000379355 -0.000488319 0.00991368 -0.0182877 -0.000490337 0.00120667 -0.0182877 0.0897538 
0.0104264 -0.0188454 0.000387358 -0.000486215 -0.0188454 0.0911239 -0.000486215 0.00124277 0.000387358 -0.000486215 0.00989376 -0.0182825 -0.000486215 0.00124277 -0.0182825 0.0897782 
0.0104222 -0.0188893 0.000384135 -0.000479158 -0.0188893 0.0911936 -0.000485223 0.00122923 0.000384135 -0.000485223 0.00988035 -0.0182444 -0.000479158 0.00122923 -0.0182444 0.0897015 
0.010414 -0.01888 0.000379498 -0.000458224 -0.01888 0.0912108 -0.000454187 0.00115262 0.000379498 -0.000454187 0.00988714 -0.0182321 -0.000458224 0.00115262 -0.0182321 0.0896544 
0.0104157 -0.0188682 0.000386585 -0.000463097 -0.0188682 0.091204 -0.00045907 0.00113761 0.000386585 -0.00045907 0.00990424 -0.018244 -0.000463097 0.00113761 -0.018244 0.0896516 
0.0104255 -0.0188815 0.00039349 -0.000483832 -0.0188815 0.0912294 -0.000485839 0.00119452 0.00039349 -0.000485839 0.00990751 -0.0182411 -0.000483832 0.00119452 -0.0182411 0.0896293 
0.0104436 -0.0189021 0.000385389 -0.000481736 -0.0189021 0.091279 -0.000485751 0.00119832 0.000385389 -0.000485751 0.00988161 -0.0182357 -0.000481736 0.00119832 -0.0182357 0.0895969 
0.0104286 -0.0189117 0.000366552 -0.000483365 -0.0189117 0.0912855 -0.000483365 0.00120438 0.000366552 -0.000483365 0.00984252 -0.0181987 -0.000483365 0.00120438 -0.0181987 0.0895132 
0.0104012 -0.0188759 0.000329842 -0.00042495 -0.0188759 0.0912246 -0.00042495 0.00108666 0.000329842 -0.00042495 0.00982444 -0.0181757 -0.00042495 0.00108666 -0.0181757 0.0894762 
0.0103881 -0.0188348 0.000303983 -0.000391125 -0.0188348 0.0911119 -0.000391125 0.000980853 0.000303983 -0.000391125 0.00981461 -0.018164 -0.000391125 0.000980853 -0.018164 0.0894542 
0.0103499 -0.0187992 0.000314742 -0.000387843 -0.0187992 0.0909929 -0.000383782 0.000962501 0.000314742 -0.000383782 0.00980167 -0.0181393 -0.000387843 0.000962501 -0.0181393 0.0893969 
0.0103206 -0.0187766 0.000306714 -0.000394056 -0.0187766 0.0909294 -0.000394056 0.000966859 0.000306714 -0.000394056 0.00982702 -0.0181306 -0.000394056 0.000966859 -0.0181306 0.0893593 
0.010331 -0.0187453 0.000307664 -0.000386604 -0.0187453 0.0908804 -0.000382556 0.000965499 0.000307664 -0.000382556 0.00983311 -0.0181421 -0.000386604 0.000965499 -0.0181421 0.0893684 
0.0103395 -0.018754 0.000302255 -0.000389482 -0.018754 0.090861 -0.000387454 0.00096762 0.000302255 -0.000387454 0.00980806 -0.0181414 -0.000389482 0.00096762 -0.0181414 0.0893395 
0.0103331 -0.0187546 0.000323984 -0.000398906 -0.0187546 0.0908432 -0.000394856 0.00101245 0.000323984 -0.000394856 0.00981268 -0.018135 -0.000398906 0.00101245 -0.018135 0.089361 
0.0103128 -0.0187495 0.000343152 -0.000438585 -0.0187495 0.0908297 -0.000432493 0.0010924 0.000343152 -0.000432493 0.00981943 -0.0181363 -0.000438585 0.0010924 -0.0181363 0.0893617 
0.0102901 -0.0187112 0.000350543 -0.000438178 -0.0187112 0.0907579 -0.000438178 0.00111888 0.000350543 -0.000438178 0.00981723 -0.0181589 -0.000438178 0.00111888 -0.0181589 0.0894128 
0.0102785 -0.0187103 0.000334658 -0.000412201 -0.0187103 0.0907373 -0.000414242 0.00104071 0.000334658 -0.000414242 0.00981324 -0.0181287 -0.000412201 0.00104071 -0.0181287 0.089366 
0.0102671 -0.0186922 0.00032936 -0.00040865 -0.0186922 0.0907102 -0.000402551 0.00101654 0.00032936 -0.000402551 0.00983607 -0.018127 -0.00040865 0.00101654 -0.018127 0.0893338 
0.0102773 -0.0186932 0.000320722 -0.000393797 -0.0186932 0.0907094 -0.000391768 0.000990583 0.000320722 -0.000391768 0.00982667 -0.0181269 -0.000393797 0.000990583 -0.0181269 0.0892804 
0.0102569 -0.0186926 0.000346421 -0.000399093 -0.0186926 0.0907137 -0.000401119 0.000992668 0.000346421 -0.000401119 0.00985173 -0.0181273 -0.000399093 0.000992668 -0.0181273 0.0892733 
0.0102288 -0.0186617 0.000356347 -0.000429237 -0.0186617 0.0906641 -0.000441385 0.00105689 0.000356347 -0.000441385 0.00987649 -0.0181595 -0.000429237 0.00105689 -0.0181595 0.0893258 
0.0102145 -0.0186405 0.000356485 -0.000451683 -0.0186405 0.0906121 -0.000465861 0.00113225 0.000356485 -0.000465861 0.00986614 -0.0181645 -0.000451683 0.00113225 -0.0181645 0.0893401 
0.0102058 -0.0186053 0.000349471 -0.000440903 -0.0186053 0.0905212 -0.000446998 0.00111953 0.000349471 -0.000446998 0.00985225 -0.0181827 -0.000440903 0.00111953 -0.0181827 0.0894118 
0.0101977 -0.0186055 0.000329878 -0.000409293 -0.0186055 0.0904985 -0.000411329 0.00104258 0.000329878 -0.000411329 0.00985764 -0.0181697 -0.000409293 0.00104258 -0.0181697 0.0894254 
0.0102048 -0.0185934 0.000303375 -0.000401107 -0.0185934 0.090473 -0.000392963 0.000995641 0.000303375 -0.000392963 0.0098546 -0.018174 -0.000401107 0.000995641 -0.018174 0.0894183 
0.0102218 -0.0186114 0.000291759 -0.000393773 -0.0186114 0.0904862 -0.000385612 0.000993614 0.000291759 -0.000385612 0.0098178 -0.0181401 -0.000393773 0.000993614 -0.0181401 0.0893416 
0.0102702 -0.0186214 0.000295707 -0.000363005 -0.0186214 0.090527 -0.000354848 0.000923828 0.000295707 -0.000354848 0.00976647 -0.0181074 -0.000363005 0.000923828 -0.0181074 0.0892707 
0.0103142 -0.0186765 0.000327693 -0.000380286 -0.0186765 0.0906294 -0.000382309 0.000944646 0.000327693 -0.000382309 0.00976404 -0.0180676 -0.000380286 0.000944646 -0.0180676 0.0891892 
0.0102913 -0.018724 0.000348241 -0.000429227 -0.018724 0.0907329 -0.000429227 0.00104472 0.000348241 -0.000429227 0.00978921 -0.0180498 -0.000429227 0.00104472 -0.0180498 0.0891092 
0.0102697 -0.0187102 0.000346786 -0.000425877 -0.0187102 0.0907727 -0.000427905 0.00106266 0.000346786 -0.000427905 0.00980531 -0.0180734 -0.000425877 0.00106266 -0.0180734 0.0891239 
0.010237 -0.0186607 0.000351667 -0.000441109 -0.0186607 0.0906692 -0.000447207 0.00110785 0.000351667 -0.000447207 0.00981417 -0.0181078 -0.000441109 0.00110785 -0.0181078 0.0892138 
0.0102015 -0.0186291 0.000342155 -0.000439913 -0.0186291 0.0905875 -0.000443986 0.00111608 0.000342155 -0.000443986 0.00982676 -0.0181199 -0.000439913 0.00111608 -0.0181199 0.0892535 
0.0101798 -0.01858 0.000305761 -0.000411758 -0.01858 0.0904664 -0.000411758 0.00105182 0.000305761 -0.000411758 0.00985772 -0.0181601 -0.000411758 0.00105182 -0.0181601 0.0893656 
0.0102027 -0.018585 0.000283693 -0.000373495 -0.018585 0.0904512 -0.000377577 0.000977619 0.000283693 -0.000377577 0.00982925 -0.0181482 -0.000373495 0.000977619 -0.0181482 0.0893348 
0.0102073 -0.018589 0.000285577 -0.000344732 -0.018589 0.0904483 -0.000342692 0.000885288 0.000285577 -0.000342692 0.00982996 -0.0181362 -0.000344732 0.000885288 -0.0181362 0.0893223 
0.0102269 -0.0186058 0.000291034 -0.00035209 -0.0186058 0.0904832 -0.00035209 0.000869033 0.000291034 -0.00035209 0.00981172 -0.0181113 -0.00035209 0.000869033 -0.0181113 0.0892519 
0.0102274 -0.0186049 0.000299488 -0.000362645 -0.0186049 0.0904596 -0.000360608 0.000890314 0.000299488 -0.000360608 0.00979753 -0.018116 -0.000362645 0.000890314 -0.018116 0.0892494 
0.0102369 -0.0186061 0.000309593 -0.000380881 -0.0186061 0.0904643 -0.000370697 0.000924706 0.000309593 -0.000370697 0.00977866 -0.0180969 -0.000380881 0.000924706 -0.0180969 0.0892178 
0.0102604 -0.0186429 0.000288911 -0.000390641 -0.0186429 0.0905351 -0.000378433 0.000952187 0.000288911 -0.000378433 0.00975178 -0.0180549 -0.000390641 0.000952187 -0.0180549 0.0891231 
0.0102673 -0.0186946 0.00028356 -0.00036924 -0.0186946 0.0906637 -0.00036108 0.00093636 0.00028356 -0.00036108 0.00972672 -0.0179887 -0.00036924 0.00093636 -0.0179887 0.0889399 
0.0102287 -0.0186743 0.000263796 -0.000345593 -0.0186743 0.0906784 -0.000347638 0.000881365 0.000263796 -0.000347638 0.00974001 -0.0179749 -0.000345593 0.000881365 -0.0179749 0.0888686 
0.0101741 -0.0186277 0.000261556 -0.000331032 -0.0186277 0.0905903 -0.000339205 0.000860274 0.000261556 -0.000339205 0.00977974 -0.0179983 -0.000331032 0.000860274 -0.0179983 0.0888779 
0.0101283 -0.0185386 0.000263523 -0.000320722 -0.0185386 0.0903947 -0.000332979 0.000835512 0.000263523 -0.000332979 0.00981574 -0.0180667 -0.000320722 0.000835512 -0.0180667 0.0890342 
0.010121 -0.0184661 0.000259252 -0.000318451 -0.0184661 0.0901748 -0.000320493 0.000804293 0.000259252 -0.000320493 0.00983728 -0.0181456 -0.000318451 0.000804293 -0.0181456 0.089248 
0.0101415 -0.0184606 0.000258889 -0.000307813 -0.0184606 0.0900813 -0.000307813 0.000754245 0.000258889 -0.000307813 0.0098378 -0.0181651 -0.000307813 0.000754245 -0.0181651 0.08938 
0.0101502 -0.018512 0.000270918 -0.000327953 -0.018512 0.0901626 -0.000323879 0.000790346 0.000270918 -0.000323879 0.00984063 -0.0181433 -0.000327953 0.000790346 -0.0181433 0.0893519 
0.0101257 -0.018531 0.000298294 -0.000341199 -0.018531 0.0902482 -0.000345286 0.000835632 0.000298294 -0.000345286 0.00984983 -0.0181265 -0.000341199 0.000835632 -0.0181265 0.0892859 
0.0101072 -0.0184953 0.000307708 -0.000373352 -0.0184953 0.0902159 -0.000377455 0.00090261 0.000307708 -0.000377455 0.0098364 -0.0181343 -0.000373352 0.00090261 -0.0181343 0.0892784 
0.0101225 -0.018465 0.000289157 -0.00037939 -0.018465 0.0901348 -0.000383491 0.000943348 0.000289157 -0.000383491 0.00980672 -0.0181246 -0.00037939 0.000943348 -0.0181246 0.0892694 
0.010133 -0.0184612 0.000281301 -0.000377806 -0.0184612 0.0900699 -0.000375753 0.000952729 0.000281301 -0.000375753 0.00977163 -0.0180936 -0.000377806 0.000952729 -0.0180936 0.0892259 
0.0101496 -0.0184669 0.0002603 -0.00036483 -0.0184669 0.0900371 -0.00036278 0.000938719 0.0002603 -0.00036278 0.00974792 -0.0180652 -0.00036483 0.000938719 -0.0180652 0.089166 
0.010188 -0.0185149 0.000253321 -0.000312566 -0.0185149 0.0901476 -0.000306437 0.000825337 0.000253321 -0.000306437 0.0097304 -0.0180165 -0.000312566 0.000825337 -0.0180165 0.0890343 
0.010183 -0.0185456 0.00025948 -0.000310558 -0.0185456 0.0902274 -0.000310558 0.000782525 0.00025948 -0.000310558 0.00972538 -0.017992 -0.000310558 0.000782525 -0.017992 0.0889402 
0.010158 -0.0185671 0.000253951 -0.000321535 -0.0185671 0.0903226 -0.000315391 0.000786429 0.000253951 -0.000315391 0.00973001 -0.0179711 -0.000321535 0.000786429 -0.0179711 0.088846 
0.0101267 -0.0185335 0.000241599 -0.000321449 -0.0185335 0.0903027 -0.000317354 0.000798505 0.000241599 -0.000317354 0.0097479 -0.0179684 -0.000321449 0.000798505 -0.0179684 0.088806 
0.0101067 -0.0184863 0.000240878 -0.000322531 -0.0184863 0.0902128 -0.000318449 0.000822659 0.000240878 -0.000318449 0.00976984 -0.0180046 -0.000322531 0.000822659 -0.0180046 0.0888655 
0.0101148 -0.0184602 0.000246652 -0.000315959 -0.0184602 0.0901278 -0.000313921 0.000805186 0.000246652 -0.000313921 0.00976008 -0.0180239 -0.000315959 0.000805186 -0.0180239 0.0889272 
0.0101066 -0.0184638 0.000243214 -0.000298396 -0.0184638 0.090083 -0.000298396 0.000762342 0.000243214 -0.000298396 0.0097592 -0.0180325 -0.000298396 0.000762342 -0.0180325 0.0889855 
0.0101031 -0.0184536 0.000226021 -0.000289717 -0.0184536 0.0900631 -0.000287663 0.000723266 0.000226021 -0.000287663 0.00973327 -0.0180221 -0.000289717 0.000723266 -0.0180221 0.088972 
0.0101153 -0.0184574 0.000229845 -0.00028115 -0.0184574 0.0900789 -0.000283202 0.00071211 0.000229845 -0.000283202 0.00971918 -0.0179875 -0.00028115 0.00071211 -0.0179875 0.0889173 
0.0101154 -0.0184514 0.000221909 -0.000277387 -0.0184514 0.0900541 -0.000285606 0.000698604 0.000221909 -0.000285606 0.0097147 -0.0179808 -0.000277387 0.000698604 -0.0179808 0.088883 
0.0101154 -0.0184791 0.000209709 -0.000256996 -0.0184791 0.0901009 -0.000261108 0.000647631 0.000209709 -0.000261108 0.00970624 -0.0179425 -0.000256996 0.000647631 -0.0179425 0.0887892 
0.0101199 -0.0184756 0.000212032 -0.000269672 -0.0184756 0.0901261 -0.000269672 0.000664917 0.000212032 -0.000269672 0.00969585 -0.0179322 -0.000269672 0.000664917 -0.0179322 0.0887304 
0.0101328 -0.0184644 0.000220502 -0.000267899 -0.0184644 0.0901028 -0.000261717 0.000659444 0.000220502 -0.000261717 0.00968353 -0.0179472 -0.000267899 0.000659444 -0.0179472 0.0887592 
0.0101552 -0.018488 0.00023038 -0.000283861 -0.018488 0.0901239 -0.000279747 0.000695254 0.00023038 -0.000279747 0.0096698 -0.0179203 -0.000283861 0.000695254 -0.0179203 0.0887149 
0.01018 -0.0185373 0.000239892 -0.000309604 -0.0185373 0.0902362 -0.000307554 0.000768884 0.000239892 -0.000307554 0.00965103 -0.0178791 -0.000309604 0.000768884 -0.0178791 0.0886062 
0.0101663 -0.0185379 0.000233284 -0.000313092 -0.0185379 0.0902522 -0.000317184 0.000812401 0.000233284 -0.000317184 0.00967719 -0.0178953 -0.000313092 0.000812401 -0.0178953 0.0886213 
0.0101522 -0.0185138 0.000219718 -0.000299803 -0.0185138 0.090216 -0.000301856 0.000786469 0.000219718 -0.000301856 0.00968609 -0.0179389 -0.000299803 0.000786469 -0.0179389 0.0887128 
0.0101573 -0.0185182 0.00021375 -0.00027952 -0.0185182 0.0902293 -0.000289796 0.000754292 0.00021375 -0.000289796 0.00968248 -0.0179324 -0.00027952 0.000754292 -0.0179324 0.088731 
0.0101625 -0.0185314 0.000223418 -0.00028286 -0.0185314 0.0902631 -0.000293108 0.000748144 0.000223418 -0.000293108 0.00967053 -0.0179042 -0.00028286 0.000748144 -0.0179042 0.0886684 
0.0101487 -0.0185369 0.000231865 -0.000279059 -0.0185369 0.0902612 -0.000285215 0.000724322 0.000231865 -0.000285215 0.00967268 -0.0178906 -0.000279059 0.000724322 -0.0178906 0.0886197 
0.0101376 -0.0185058 0.00023728 -0.000272054 -0.0185058 0.0902136 -0.000267963 0.000672976 0.00023728 -0.000267963 0.00969372 -0.0179106 -0.000272054 0.000672976 -0.0179106 0.0886611 
0.0100834 -0.0184654 0.000235163 -0.000286286 -0.0184654 0.0901002 -0.000284241 0.000687086 0.000235163 -0.000284241 0.00973576 -0.0179542 -0.000286286 0.000687086 -0.0179542 0.0887527 
0.0100641 -0.0184126 0.000245365 -0.000294438 -0.0184126 0.0899836 -0.000296483 0.000727917 0.000245365 -0.000296483 0.00975122 -0.0180016 -0.000294438 0.000727917 -0.0180016 0.088859 
0.0100426 -0.0183951 0.000255772 -0.00032125 -0.0183951 0.0899173 -0.000317158 0.000791871 0.000255772 -0.000317158 0.00976845 -0.0180105 -0.00032125 0.000791871 -0.0180105 0.0889167 
0.010057 -0.0183702 0.000243843 -0.000317611 -0.0183702 0.0898613 -0.000315561 0.000795051 0.000243843 -0.000315561 0.00974142 -0.0180259 -0.000317611 0.000795051 -0.0180259 0.0889494 
0.0100768 -0.0183858 0.000245526 -0.000298723 -0.0183858 0.0898645 -0.000292585 0.000765222 0.000245526 -0.000292585 0.00973101 -0.0180052 -0.000298723 0.000765222 -0.0180052 0.0889642 
0.0100984 -0.0184105 0.000259879 -0.000321268 -0.0184105 0.0898997 -0.000313083 0.0008001 0.000259879 -0.000313083 0.00971374 -0.0179951 -0.000321268 0.0008001 -0.0179951 0.0889359 
0.0101 -0.0184351 0.000239843 -0.00032594 -0.0184351 0.0899553 -0.00032389 0.000817925 0.000239843 -0.00032389 0.0097044 -0.0179636 -0.00032594 0.000817925 -0.0179636 0.088877 
0.0100686 -0.0184378 0.000212165 -0.00028838 -0.0184378 0.0899868 -0.000292499 0.000758027 0.000212165 -0.000292499 0.00971428 -0.0179537 -0.00028838 0.000758027 -0.0179537 0.0888251 
0.0100512 -0.0184183 0.000202262 -0.000282755 -0.0184183 0.0899841 -0.000282755 0.000747133 0.000202262 -0.000282755 0.00970653 -0.0179374 -0.000282755 0.000747133 -0.0179374 0.0887416 
0.0100555 -0.018364 0.000211932 -0.000248969 -0.018364 0.0898571 -0.000261314 0.000685178 0.000211932 -0.000261314 0.00971389 -0.017969 -0.000248969 0.000685178 -0.017969 0.0888221 
0.0100588 -0.018354 0.000221478 -0.000241986 -0.018354 0.0897726 -0.00025429 0.000629573 0.000221478 -0.00025429 0.0097389 -0.0179951 -0.000241986 0.000629573 -0.0179951 0.0889154 
0.0100484 -0.0183751 0.000253253 -0.000281846 -0.0183751 0.0897986 -0.000292058 0.000702573 0.000253253 -0.000292058 0.00977679 -0.0180096 -0.000281846 0.000702573 -0.0180096 0.0889326 
0.010045 -0.0183617 0.000281923 -0.000332996 -0.0183617 0.0897862 -0.000335038 0.000821253 0.000281923 -0.000335038 0.00978353 -0.0180533 -0.000332996 0.000821253 -0.0180533 0.0890181 
0.0100802 -0.0183777 0.000255843 -0.000329526 -0.0183777 0.0898338 -0.000331573 0.000816652 0.000255843 -0.000331573 0.00974866 -0.0180503 -0.000329526 0.000816652 -0.0180503 0.089054 
0.0100902 -0.0184318 0.00023217 -0.000310245 -0.0184318 0.0899361 -0.000302027 0.00077664 0.00023217 -0.000302027 0.00971827 -0.0179942 -0.000310245 0.00077664 -0.0179942 0.088952 
0.0100604 -0.0184307 0.000239092 -0.000311232 -0.0184307 0.0899728 -0.000302987 0.000787355 0.000239092 -0.000302987 0.00971002 -0.0179566 -0.000311232 0.000787355 -0.0179566 0.0888309 
0.0100323 -0.0183968 0.000220877 -0.000299319 -0.0183968 0.0899361 -0.000291062 0.000757587 0.000220877 -0.000291062 0.00971651 -0.0179426 -0.000299319 0.000757587 -0.0179426 0.0887532 
0.0100131 -0.01836 0.000214979 -0.000283194 -0.01836 0.0898468 -0.000276992 0.000737957 0.000214979 -0.000276992 0.0097216 -0.0179425 -0.000283194 0.000737957 -0.0179425 0.0887223 
0.0099987 -0.018334 0.000229926 -0.00027964 -0.018334 0.0897666 -0.000271355 0.000714636 0.000229926 -0.000271355 0.00971491 -0.0179467 -0.00027964 0.000714636 -0.0179467 0.0887206 
0.0100062 -0.0183061 0.000233422 -0.000278867 -0.0183061 0.0896898 -0.00027267 0.000689937 0.000233422 -0.00027267 0.00973762 -0.0179756 -0.000278867 0.000689937 -0.0179756 0.0888036 
0.0100376 -0.0183275 0.000246724 -0.000281677 -0.0183275 0.089711 -0.000283733 0.000703164 0.000246724 -0.000283733 0.00974561 -0.0179821 -0.000281677 0.000703164 -0.0179821 0.0888351 
0.0100783 -0.0183734 0.000259992 -0.000302983 -0.0183734 0.0898057 -0.000309124 0.000741079 0.000259992 -0.000309124 0.00974253 -0.0179927 -0.000302983 0.000741079 -0.0179927 0.0888517 
0.0101203 -0.018421 0.000269277 -0.000322317 -0.018421 0.0899141 -0.000328437 0.000797632 0.000269277 -0.000328437 0.00973682 -0.0180049 -0.000322317 0.000797632 -0.0180049 0.0888962 
0.0101404 -0.0184679 0.000259277 -0.000338897 -0.0184679 0.0900242 -0.00034298 0.000839077 0.000259277 -0.00034298 0.00971982 -0.0180003 -0.000338897 0.000839077 -0.0180003 0.0889074 
0.0101432 -0.0185056 0.000236885 -0.000332864 -0.0185056 0.090147 -0.000334906 0.000853603 0.000236885 -0.000334906 0.00971841 -0.0179706 -0.000332864 0.000853603 -0.0179706 0.0888625 
0.0101442 -0.0185227 0.000216139 -0.000307896 -0.0185227 0.090242 -0.000303817 0.000815617 0.000216139 -0.000303817 0.00972624 -0.0179619 -0.000307896 0.000815617 -0.0179619 0.0888207 
0.0101266 -0.018509 0.000216503 -0.000273693 -0.018509 0.0902267 -0.00026348 0.000729167 0.000216503 -0.00026348 0.00974469 -0.0179902 -0.000273693 0.000729167 -0.0179902 0.0888685 
0.0100991 -0.0184603 0.000242737 -0.000285573 -0.0184603 0.0901228 -0.000283533 0.000722092 0.000242737 -0.000283533 0.00977476 -0.0180299 -0.000285573 0.000722092 -0.0180299 0.0889765 
0.0101005 -0.0184369 0.000253484 -0.000312766 -0.0184369 0.0900481 -0.000306634 0.000762496 0.000253484 -0.000306634 0.00976731 -0.0180607 -0.000312766 0.000762496 -0.0180607 0.0890648 
0.0101062 -0.0184525 0.000260501 -0.000317934 -0.0184525 0.0900575 -0.000315883 0.000785606 0.000260501 -0.000315883 0.00975546 -0.0180423 -0.000317934 0.000785606 -0.0180423 0.0890565 
0.0100916 -0.0184552 0.000253877 -0.000331678 -0.0184552 0.0900711 -0.000331678 0.000823054 0.000253877 -0.000331678 0.00976813 -0.0180232 -0.000331678 0.000823054 -0.0180232 0.0890106 
0.0100623 -0.0184472 0.000246373 -0.000316178 -0.0184472 0.0900697 -0.000324391 0.000817136 0.000246373 -0.000324391 0.00977689 -0.0180119 -0.000316178 0.000817136 -0.0180119 0.0889426 
0.0100831 -0.0184305 0.000228976 -0.000288264 -0.0184305 0.0900692 -0.000298486 0.000750304 0.000228976 -0.000298486 0.00978258 -0.0180277 -0.000288264 0.000750304 -0.0180277 0.0889529 
0.0100909 -0.0184243 0.00025575 -0.00028644 -0.0184243 0.090018 -0.000294624 0.000732469 0.00025575 -0.000294624 0.00977785 -0.0180539 -0.00028644 0.000732469 -0.0180539 0.0890175 
0.0101095 -0.0184487 0.00025202 -0.000315538 -0.0184487 0.0900409 -0.000313489 0.000766306 0.00025202 -0.000313489 0.00975913 -0.0180369 -0.000315538 0.000766306 -0.0180369 0.0890082 
0.0101047 -0.0184576 0.000250259 -0.000320003 -0.0184576 0.0900461 -0.000311798 0.000783598 0.000250259 -0.000311798 0.00974369 -0.0180186 -0.000320003 0.000783598 -0.0180186 0.0889855 
0.0101193 -0.0184592 0.000253033 -0.000320373 -0.0184592 0.0900635 -0.00031017 0.00079379 0.000253033 -0.00031017 0.00973566 -0.017996 -0.000320373 0.00079379 -0.017996 0.0889249 
0.0101048 -0.0184532 0.000261719 -0.000327149 -0.0184532 0.0900395 -0.000316925 0.000805604 0.000261719 -0.000316925 0.0097429 -0.0180055 -0.000327149 0.000805604 -0.0180055 0.0889375 
0.0100988 -0.0184694 0.000253594 -0.000312902 -0.0184694 0.0900851 -0.000312902 0.000781232 0.000253594 -0.000312902 0.00975313 -0.0179929 -0.000312902 0.000781232 -0.0179929 0.088903 
0.0100749 -0.0184365 0.000263729 -0.00032915 -0.0184365 0.0900462 -0.00032915 0.000813676 0.000263729 -0.00032915 0.00976616 -0.0180133 -0.00032915 0.000813676 -0.0180133 0.0889279 
0.0100748 -0.0183857 0.000249923 -0.000331865 -0.0183857 0.0899027 -0.000333914 0.000825566 0.000249923 -0.000333914 0.00975315 -0.0180621 -0.000331865 0.000825566 -0.0180621 0.0890546 
0.0100921 -0.0184006 0.000231648 -0.000305447 -0.0184006 0.0898794 -0.000303397 0.000778993 0.000231648 -0.000303397 0.00972922 -0.0180337 -0.000305447 0.000778993 -0.0180337 0.0890451 
0.0100904 -0.0184356 0.000216091 -0.000275773 -0.0184356 0.0899555 -0.000277831 0.000718244 0.000216091 -0.000277831 0.00970968 -0.0179746 -0.000275773 0.000718244 -0.0179746 0.0889121 
