0.00729543 0 -0.000447822 0 0 0.00998236 0 0 -0.000447822 0 0.00731443 0 0 0 0 0.00998236 
0.0102822 -0.0127736 -0.00053141 0.000652522 -0.0127736 0.0336741 0.000652522 -0.00125314 -0.00053141 0.000652522 0.0103316 -0.0128354 0.000652522 -0.00125314 -0.0128354 0.0337903 
0.0103505 -0.0192929 -0.000434198 0.000752944 -0.0192929 0.0708721 0.000752944 -0.00240942 -0.000434198 0.000752944 0.0103655 -0.0194711 0.000752944 -0.00240942 -0.0194711 0.0714318 
0.00984294 -0.0190132 -0.000375038 0.000544411 -0.0190132 0.0849885 0.000541991 -0.00195504 -0.000375038 0.000541991 0.00974374 -0.0190665 0.000544411 -0.00195504 -0.0190665 0.0854265 
0.00989531 -0.0183845 -0.000412878 0.000479397 -0.0183845 0.0882252 0.000461047 -0.00133268 -0.000412878 0.000461047 0.00964759 -0.0183066 0.000479397 -0.00133268 -0.0183066 0.0883651 
0.0101013 -0.0183835 -0.000475511 0.000510411 -0.0183835 0.0893547 0.000501686 -0.00118005 -0.000475511 0.000501686 0.00980251 -0.018137 0.000510411 -0.00118005 -0.018137 0.0890907 
0.0101932 -0.0185587 -0.000481769 0.00060855 -0.0185587 0.0900908 0.000597985 -0.00136924 -0.000481769 0.000597985 0.00992275 -0.0181973 0.00060855 -0.00136924 -0.0181973 0.089404 
0.0101998 -0.0186252 -0.000483933 0.000624563 -0.0186252 0.0904748 0.000624563 -0.00153039 -0.000483933 0.000624563 0.00998681 -0.0182695 0.000624563 -0.00153039 -0.0182695 0.0895772 
0.0101637 -0.018604 -0.000478025 0.000601122 -0.018604 0.0905212 0.000605225 -0.0015346 -0.000478025 0.000605225 0.0099975 -0.0182963 0.000601122 -0.0015346 -0.0182963 0.0896266 
0.0101187 -0.0185322 -0.000471401 0.000594376 -0.0185322 0.0903574 0.000602574 -0.00152078 -0.000471401 0.000602574 0.00998141 -0.0183211 0.000594376 -0.00152078 -0.0183211 0.089681 
0.0100972 -0.0184638 -0.000447447 0.000545518 -0.0184638 0.0901576 0.000547561 -0.00139955 -0.000447447 0.000547561 0.00999095 -0.0183372 0.000545518 -0.00139955 -0.0183372 0.0897694 
0.0100782 -0.0184509 -0.000408576 0.00052444 -0.0184509 0.0900858 0.000528506 -0.00131923 -0.000408576 0.000528506 0.0100375 -0.0183432 0.00052444 -0.00131923 -0.0183432 0.0898236 
0.0100682 -0.0184143 -0.000396465 0.000518454 -0.0184143 0.0899731 0.000514388 -0.00129918 -0.000396465 0.000514388 0.0100336 -0.0184021 0.000518454 -0.00129918 -0.0184021 0.0899223 
0.0100558 -0.0184029 -0.000387387 0.000497487 -0.0184029 0.089931 0.000497487 -0.00127226 -0.000387387 0.000497487 0.010017 -0.0183927 0.000497487 -0.00127226 -0.0183927 0.0899493 
0.0100634 -0.0184063 -0.000357147 0.000453067 -0.0184063 0.0899582 0.000451026 -0.00114899 -0.000357147 0.000451026 0.00998992 -0.0183655 0.000453067 -0.00114899 -0.0183655 0.0898991 
0.0100778 -0.0184337 -0.00034927 0.000410546 -0.0184337 0.090026 0.000412588 -0.00102534 -0.00034927 0.000412588 0.00997157 -0.0183193 0.000410546 -0.00102534 -0.0183193 0.0897931 
0.0101045 -0.0184669 -0.000353687 0.000437027 -0.0184669 0.090121 0.000437027 -0.00105903 -0.000353687 0.000437027 0.00996624 -0.018284 0.000437027 -0.00105903 -0.018284 0.0896839 
0.0101056 -0.0184768 -0.000339565 0.000451398 -0.0184768 0.0901658 0.000453432 -0.0011163 -0.000339565 0.000453432 0.00996533 -0.0182837 0.000451398 -0.0011163 -0.0182837 0.0896494 
0.0100988 -0.0184706 -0.000327472 0.000425103 -0.0184706 0.0901565 0.000425103 -0.00108615 -0.000327472 0.000425103 0.00996857 -0.0182978 0.000425103 -0.00108615 -0.0182978 0.0896745 
0.0100995 -0.0184676 -0.000339358 0.000406417 -0.0184676 0.0901556 0.000410482 -0.00104652 -0.000339358 0.000410482 0.00997145 -0.018301 0.000406417 -0.00104652 -0.018301 0.0897085 
0.0100859 -0.0184678 -0.000370087 0.000435157 -0.0184678 0.0901488 0.000431091 -0.00107773 -0.000370087 0.000431091 0.00997609 -0.018303 0.000435157 -0.00107773 -0.018303 0.0897116 
0.010073 -0.0184498 -0.000368548 0.000460175 -0.0184498 0.0901109 0.000452031 -0.00110972 -0.000368548 0.000452031 0.00998133 -0.0183113 0.000460175 -0.00110972 -0.0183113 0.0897342 
0.0100824 -0.0184071 -0.000380892 0.000494956 -0.0184071 0.0900025 0.000482735 -0.001216 -0.000380892 0.000482735 0.00995411 -0.0183358 0.000494956 -0.001216 -0.0183358 0.0897988 
0.0101105 -0.0184398 -0.00038996 0.000495574 -0.0184398 0.090032 0.000491512 -0.00125315 -0.00038996 0.000491512 0.00992977 -0.0182936 0.000495574 -0.00125315 -0.0182936 0.0897477 
0.0101006 -0.0184587 -0.000403214 0.000508576 -0.0184587 0.0900625 0.000510602 -0.00128866 -0.000403214 0.000510602 0.00995066 -0.0182783 0.000508576 -0.00128866 -0.0182783 0.0897059 
0.0100944 -0.0184408 -0.00040102 0.000477983 -0.0184408 0.0900756 0.000486085 -0.00122736 -0.00040102 0.000486085 0.00997487 -0.0183173 0.000477983 -0.00122736 -0.0183173 0.0897758 
0.0101156 -0.0184737 -0.000405436 0.000470306 -0.0184737 0.0901487 0.000472333 -0.00117982 -0.000405436 0.000472333 0.00997575 -0.0183257 0.000470306 -0.00117982 -0.0183257 0.089798 
0.0101446 -0.0185137 -0.000397273 0.000492537 -0.0185137 0.0902579 0.000498618 -0.00120398 -0.000397273 0.000498618 0.00997033 -0.0183151 0.000492537 -0.00120398 -0.0183151 0.0897816 
0.0101064 -0.0185342 -0.000373255 0.000487475 -0.0185342 0.0903235 0.000491554 -0.00122175 -0.000373255 0.000491554 0.00997589 -0.0183017 0.000487475 -0.00122175 -0.0183017 0.0897259 
0.0100519 -0.0184974 -0.000343795 0.000456346 -0.0184974 0.0903013 0.000458393 -0.00117054 -0.000343795 0.000458393 0.0100007 -0.0182948 0.000456346 -0.00117054 -0.0182948 0.0896874 
0.0100298 -0.018428 -0.00033248 0.000443306 -0.018428 0.0901635 0.000439201 -0.0011411 -0.00033248 0.000439201 0.00999696 -0.0183131 0.000443306 -0.0011411 -0.0183131 0.0897079 
0.0100157 -0.0183628 -0.000332897 0.000427423 -0.0183628 0.0899479 0.000421259 -0.00109527 -0.000332897 0.000421259 0.00999102 -0.0183422 0.000427423 -0.00109527 -0.0183422 0.0897815 
0.0100075 -0.0183543 -0.000345228 0.000420811 -0.0183543 0.0898574 0.000418768 -0.0010745 -0.000345228 0.000418768 0.0100157 -0.0183318 0.000420811 -0.0010745 -0.0183318 0.0898023 
0.0100352 -0.0183341 -0.000364361 0.000427463 -0.0183341 0.0897997 0.000431534 -0.00106662 -0.000364361 0.000431534 0.0100271 -0.0183829 0.000427463 -0.00106662 -0.0183829 0.0899035 
0.0100799 -0.0183784 -0.00039565 0.000458548 -0.0183784 0.0898409 0.000456519 -0.00112811 -0.00039565 0.000456519 0.010013 -0.0183906 0.000458548 -0.00112811 -0.0183906 0.0899606 
0.0100967 -0.0184276 -0.000418578 0.000491728 -0.0184276 0.0899456 0.000489696 -0.0012029 -0.000418578 0.000489696 0.0100154 -0.018387 0.000491728 -0.0012029 -0.018387 0.0899822 
0.0100901 -0.0184508 -0.000431359 0.000508678 -0.0184508 0.0900564 0.000506643 -0.00124524 -0.000431359 0.000506643 0.0100311 -0.0183897 0.000508678 -0.00124524 -0.0183897 0.0900014 
0.0101056 -0.0184737 -0.000449636 0.000543225 -0.0184737 0.0901428 0.000543225 -0.00133263 -0.000449636 0.000543225 0.0100263 -0.0183842 0.000543225 -0.00133263 -0.0183842 0.089976 
0.0101058 -0.0184567 -0.000445277 0.000566717 -0.0184567 0.0901221 0.000566717 -0.00140667 -0.000445277 0.000566717 0.0100491 -0.0184142 0.000566717 -0.00140667 -0.0184142 0.0900391 
0.0101136 -0.0184711 -0.000433498 0.000548426 -0.0184711 0.0901374 0.000548426 -0.00139728 -0.000433498 0.000548426 0.0100713 -0.0184348 0.000548426 -0.00139728 -0.0184348 0.090083 
0.0101041 -0.0185088 -0.000421847 0.000542952 -0.0185088 0.0902309 0.000546989 -0.00138261 -0.000421847 0.000546989 0.0100799 -0.018424 0.000542952 -0.00138261 -0.018424 0.0900634 
0.0100858 -0.0185052 -0.00042117 0.000532537 -0.0185052 0.0902803 0.000524438 -0.00135058 -0.00042117 0.000524438 0.0100777 -0.0184343 0.000532537 -0.00135058 -0.0184343 0.0900393 
0.0100597 -0.0184855 -0.000408453 0.000515621 -0.0184855 0.0902701 0.000501467 -0.00128602 -0.000408453 0.000501467 0.0101122 -0.018441 0.000515621 -0.00128602 -0.018441 0.0900699 
0.0100535 -0.0184125 -0.000416022 0.000519521 -0.0184125 0.0901165 0.000511403 -0.00130286 -0.000416022 0.000511403 0.0101083 -0.018512 0.000519521 -0.00130286 -0.018512 0.0902302 
0.0100697 -0.0184189 -0.000411381 0.000502574 -0.0184189 0.090062 0.000502574 -0.00125643 -0.000411381 0.000502574 0.0101224 -0.0185162 0.000502574 -0.00125643 -0.0185162 0.0903214 
0.0100794 -0.0184491 -0.000405608 0.00048673 -0.0184491 0.0901241 0.000488758 -0.00121074 -0.000405608 0.000488758 0.010124 -0.0185079 0.00048673 -0.00121074 -0.0185079 0.0903046 
0.0100768 -0.0184646 -0.000418174 0.000523732 -0.0184646 0.090153 0.000525762 -0.00129106 -0.000418174 0.000525762 0.0101133 -0.0184951 0.000523732 -0.00129106 -0.0184951 0.0902444 
0.0100679 -0.0184595 -0.000415527 0.000518901 -0.0184595 0.0901591 0.000516874 -0.00129523 -0.000415527 0.000516874 0.0101226 -0.0184879 0.000518901 -0.00129523 -0.0184879 0.0902321 
0.0100539 -0.0184233 -0.000406382 0.000514073 -0.0184233 0.0900603 0.000516105 -0.00129839 -0.000406382 0.000516105 0.0101087 -0.0185087 0.000514073 -0.00129839 -0.0185087 0.0902513 
0.0100488 -0.0184224 -0.000407629 0.000515113 -0.0184224 0.0900433 0.000515113 -0.00130603 -0.000407629 0.000515113 0.0101096 -0.0184812 0.000515113 -0.00130603 -0.0184812 0.0902177 
0.010034 -0.018402 -0.000407901 0.000518963 -0.018402 0.0900048 0.000523002 -0.00131659 -0.000407901 0.000523002 0.010139 -0.0184969 0.000518963 -0.00131659 -0.0184969 0.090231 
0.01003 -0.0183958 -0.000389809 0.000502914 -0.0183958 0.0899874 0.000500895 -0.00127647 -0.000389809 0.000500895 0.0101492 -0.018527 0.000502914 -0.00127647 -0.018527 0.0902843 
0.0100479 -0.0184013 -0.000374093 0.000465088 -0.0184013 0.0899986 0.00046711 -0.00118496 -0.000374093 0.00046711 0.0101389 -0.0185449 0.000465088 -0.00118496 -0.0185449 0.0903484 
0.0100594 -0.0184361 -0.000375957 0.000457245 -0.0184361 0.0900812 0.000451148 -0.00112584 -0.000375957 0.000451148 0.0101122 -0.0185113 0.000457245 -0.00112584 -0.0185113 0.0902926 
0.0100595 -0.0184319 -0.000368353 0.000445686 -0.0184319 0.0900836 0.000445686 -0.00109692 -0.000368353 0.000445686 0.0101124 -0.0185072 0.000445686 -0.00109692 -0.0185072 0.090279 
0.0100499 -0.0184214 -0.0003845 0.000463841 -0.0184214 0.0900543 0.000465875 -0.00114943 -0.0003845 0.000465875 0.010115 -0.0184926 0.000463841 -0.00114943 -0.0184926 0.0902536 
0.0100207 -0.0183686 -0.0003887 0.000496559 -0.0183686 0.0899138 0.000496559 -0.00122919 -0.0003887 0.000496559 0.0101347 -0.0185334 0.000496559 -0.00122919 -0.0185334 0.0903411 
0.0100321 -0.0183682 -0.000380298 0.000496217 -0.0183682 0.0898967 0.000500285 -0.00126291 -0.000380298 0.000500285 0.0101236 -0.0185207 0.000496217 -0.00126291 -0.0185207 0.0903156 
0.0100515 -0.0183772 -0.000369944 0.00048987 -0.0183772 0.0899024 0.000479707 -0.00124602 -0.000369944 0.000479707 0.0101043 -0.0185053 0.00048987 -0.00124602 -0.0185053 0.0902865 
0.0100824 -0.018412 -0.000371692 0.000475278 -0.018412 0.0899718 0.000473247 -0.00122272 -0.000371692 0.000473247 0.0100763 -0.018479 0.000475278 -0.00122272 -0.018479 0.0902237 
0.0100967 -0.0184872 -0.000373274 0.000446306 -0.0184872 0.0901762 0.000444278 -0.00112794 -0.000373274 0.000444278 0.0100865 -0.0184243 0.000446306 -0.00112794 -0.0184243 0.0900829 
0.010086 -0.0184968 -0.000393462 0.000464447 -0.0184968 0.0902651 0.000456335 -0.00113779 -0.000393462 0.000456335 0.0101002 -0.018438 0.000464447 -0.00113779 -0.018438 0.090044 
0.0100388 -0.018444 -0.000424116 0.000505286 -0.018444 0.0901784 0.000497169 -0.00122364 -0.000424116 0.000497169 0.0101443 -0.0184866 0.000505286 -0.00122364 -0.0184866 0.0901378 
0.010012 -0.0183914 -0.000427377 0.000532702 -0.0183914 0.0900449 0.000522575 -0.00129428 -0.000427377 0.000522575 0.0101659 -0.0185393 0.000532702 -0.00129428 -0.0185393 0.0902799 
0.009987 -0.0183881 -0.000423298 0.000536718 -0.0183881 0.0900146 0.000532667 -0.00133065 -0.000423298 0.000532667 0.0101855 -0.0185319 0.000536718 -0.00133065 -0.0185319 0.090284 
0.00999062 -0.0183598 -0.000413993 0.00052155 -0.0183598 0.0899521 0.000525609 -0.00131707 -0.000413993 0.000525609 0.0101692 -0.0185587 0.00052155 -0.00131707 -0.0185587 0.0903296 
0.00999639 -0.0183244 -0.000415587 0.000523032 -0.0183244 0.0898398 0.000533168 -0.00132582 -0.000415587 0.000533168 0.0101565 -0.0185717 0.000523032 -0.00132582 -0.0185717 0.0904054 
0.010016 -0.0183344 -0.000398618 0.000505861 -0.0183344 0.0898146 0.000513955 -0.00129703 -0.000398618 0.000513955 0.0101375 -0.018559 0.000505861 -0.00129703 -0.018559 0.0904135 
0.0100189 -0.0183731 -0.000354849 0.000466373 -0.0183731 0.0898844 0.000466373 -0.00119027 -0.000354849 0.000466373 0.0101345 -0.0185333 0.000466373 -0.00119027 -0.0185333 0.0903649 
0.0100035 -0.0183877 -0.000334395 0.000423567 -0.0183877 0.0899544 0.000421541 -0.00108222 -0.000334395 0.000421541 0.0101697 -0.0185336 0.000423567 -0.00108222 -0.0185336 0.0903516 
0.00997355 -0.0183599 -0.000336917 0.000409983 -0.0183599 0.0899244 0.000409983 -0.00102902 -0.000336917 0.000409983 0.0102151 -0.0185751 0.000409983 -0.00102902 -0.0185751 0.0904236 
0.00999136 -0.0183526 -0.000376193 0.000428779 -0.0183526 0.0899324 0.000426757 -0.00106386 -0.000376193 0.000426757 0.0102179 -0.0186074 0.000428779 -0.00106386 -0.0186074 0.0904684 
0.0100177 -0.018356 -0.000411769 0.00048847 -0.018356 0.089921 0.000484434 -0.00117879 -0.000411769 0.000484434 0.0102115 -0.0186224 0.00048847 -0.00117879 -0.0186224 0.0905326 
0.0100452 -0.0184099 -0.00043123 0.000531985 -0.0184099 0.0900243 0.000525939 -0.00129167 -0.00043123 0.000525939 0.0102105 -0.0186033 0.000531985 -0.00129167 -0.0186033 0.090516 
0.0100358 -0.0184141 -0.0004687 0.000561233 -0.0184141 0.0900547 0.000559221 -0.00139604 -0.0004687 0.000559221 0.0102249 -0.0186233 0.000561233 -0.00139604 -0.0186233 0.0905536 
0.0100316 -0.0184132 -0.000491391 0.000583277 -0.0184132 0.0900663 0.000583277 -0.00145619 -0.000491391 0.000583277 0.0102653 -0.0186489 0.000583277 -0.00145619 -0.0186489 0.0906216 
0.0100075 -0.0184038 -0.000464349 0.000608458 -0.0184038 0.0900457 0.000604455 -0.00150513 -0.000464349 0.000604455 0.0102777 -0.0186881 0.000608458 -0.00150513 -0.0186881 0.0906922 
0.00999124 -0.0183596 -0.000428886 0.000563794 -0.0183596 0.0899554 0.000561781 -0.0014417 -0.000428886 0.000561781 0.0102429 -0.0187119 0.000563794 -0.0014417 -0.0187119 0.0907709 
0.00996848 -0.0183486 -0.000414259 0.000509235 -0.0183486 0.0899042 0.000509235 -0.00130744 -0.000414259 0.000509235 0.0102352 -0.018674 0.000509235 -0.00130744 -0.018674 0.0907489 
0.00994084 -0.0182907 -0.000401282 0.000500589 -0.0182907 0.0897614 0.000500589 -0.00124438 -0.000401282 0.000500589 0.0102266 -0.0186738 0.000500589 -0.00124438 -0.0186738 0.0907383 
0.00994006 -0.0182656 -0.000398088 0.000503167 -0.0182656 0.0896586 0.000507208 -0.00125489 -0.000398088 0.000507208 0.0102028 -0.0186475 0.000503167 -0.00125489 -0.0186475 0.090671 
0.00992682 -0.0182986 -0.000378145 0.000491387 -0.0182986 0.0897134 0.000489364 -0.00122543 -0.000378145 0.000489364 0.010216 -0.0185918 0.000491387 -0.00122543 -0.0185918 0.0905425 
0.00996403 -0.0182852 -0.000357662 0.000458697 -0.0182852 0.089743 0.000458697 -0.00116998 -0.000357662 0.000458697 0.0101924 -0.0186166 0.000458697 -0.00116998 -0.0186166 0.0905169 
0.0100138 -0.0183293 -0.000357419 0.00044425 -0.0183293 0.0898132 0.000446269 -0.0011288 -0.000357419 0.000446269 0.0101612 -0.0185818 0.00044425 -0.0011288 -0.0185818 0.0904694 
0.0100121 -0.0183737 -0.000376668 0.000459697 -0.0183737 0.0899142 0.000467797 -0.00115633 -0.000376668 0.000467797 0.0101397 -0.0185418 0.000459697 -0.00115633 -0.0185418 0.0903759 
0.0100165 -0.0183642 -0.000385718 0.000481132 -0.0183642 0.0899068 0.000485192 -0.00119573 -0.000385718 0.000485192 0.0101078 -0.0185287 0.000481132 -0.00119573 -0.0185287 0.090329 
0.0100014 -0.0183516 -0.000366502 0.000470344 -0.0183516 0.0898622 0.000476452 -0.00117891 -0.000366502 0.000476452 0.0100808 -0.018492 0.000470344 -0.00117891 -0.018492 0.0902429 
0.00995657 -0.0183422 -0.000343189 0.000447372 -0.0183422 0.0898359 0.000445329 -0.00113579 -0.000343189 0.000445329 0.0100894 -0.0184403 0.000447372 -0.00113579 -0.0184403 0.0901239 
0.00994333 -0.0182962 -0.000341393 0.000439518 -0.0182962 0.0897619 0.000433385 -0.00110799 -0.000341393 0.000433385 0.0100619 -0.018425 0.000439518 -0.00110799 -0.018425 0.0900195 
0.00991853 -0.018249 -0.000353576 0.00044146 -0.018249 0.0896183 0.000431241 -0.00109547 -0.000353576 0.000431241 0.0100657 -0.0184228 0.00044146 -0.00109547 -0.0184228 0.0899985 
0.00985064 -0.0181811 -0.00034327 0.000441348 -0.0181811 0.0894199 0.000437261 -0.00109111 -0.00034327 0.000437261 0.0101224 -0.018459 0.000441348 -0.00109111 -0.018459 0.0901024 
0.00984533 -0.0181293 -0.000342446 0.00043825 -0.0181293 0.0892847 0.000436211 -0.00110072 -0.000342446 0.000436211 0.0101246 -0.0184941 0.00043825 -0.00110072 -0.0184941 0.0901734 
0.00986699 -0.0181431 -0.000317764 0.000423686 -0.0181431 0.0892653 0.00042776 -0.00107551 -0.000317764 0.00042776 0.0101114 -0.0184935 0.000423686 -0.00107551 -0.0184935 0.0901921 
0.00988688 -0.018186 -0.000289054 0.000390834 -0.018186 0.0893707 0.000398977 -0.00101169 -0.000289054 0.000398977 0.0101006 -0.0184567 0.000390834 -0.00101169 -0.0184567 0.090132 
0.00985619 -0.0181918 -0.000303299 0.00036233 -0.0181918 0.089408 0.000366401 -0.000938394 -0.000303299 0.000366401 0.010129 -0.0184625 0.00036233 -0.000938394 -0.0184625 0.0901163 
0.00985517 -0.0181808 -0.000312441 0.000371662 -0.0181808 0.0894256 0.00036962 -0.000910777 -0.000312441 0.00036962 0.0101145 -0.0184728 0.000371662 -0.000910777 -0.0184728 0.0901015 
0.00984891 -0.018143 -0.00031546 0.000374865 -0.018143 0.0893428 0.000372816 -0.000903363 -0.00031546 0.000372816 0.010105 -0.0184933 0.000374865 -0.000903363 -0.0184933 0.0901703 
0.00985281 -0.0181307 -0.000317436 0.000393211 -0.0181307 0.0892754 0.000391163 -0.000954357 -0.000317436 0.000391163 0.0100883 -0.0184768 0.000393211 -0.000954357 -0.0184768 0.0901724 
0.00986371 -0.0181584 -0.000339142 0.000414733 -0.0181584 0.0893148 0.000408604 -0.00101742 -0.000339142 0.000408604 0.0100987 -0.0184485 0.000414733 -0.00101742 -0.0184485 0.0901116 
0.00990766 -0.0182038 -0.000336579 0.000416134 -0.0182038 0.0894504 0.000414094 -0.0010281 -0.000336579 0.000414094 0.0100729 -0.0184241 0.000416134 -0.0010281 -0.0184241 0.0900052 
0.00991879 -0.0182252 -0.000332257 0.000409716 -0.0182252 0.0895076 0.000405639 -0.00101919 -0.000332257 0.000405639 0.0100839 -0.0184291 0.000409716 -0.00101919 -0.0184291 0.0900172 
0.00992268 -0.0182513 -0.000350164 0.00042549 -0.0182513 0.089583 0.000423454 -0.00106271 -0.000350164 0.000423454 0.0100917 -0.0184325 0.00042549 -0.00106271 -0.0184325 0.0900126 
0.00991491 -0.0182265 -0.000335307 0.000453172 -0.0182265 0.089535 0.000455204 -0.00112785 -0.000335307 0.000455204 0.0101161 -0.0184784 0.000453172 -0.00112785 -0.0184784 0.0901304 
0.00990945 -0.018248 -0.000339811 0.000425272 -0.018248 0.0895818 0.000429342 -0.001111 -0.000339811 0.000429342 0.0101231 -0.018482 0.000425272 -0.001111 -0.018482 0.0901516 
0.0099029 -0.0182648 -0.000355781 0.000420838 -0.0182648 0.0896588 0.000420838 -0.00106734 -0.000355781 0.000420838 0.0101469 -0.0184782 0.000420838 -0.00106734 -0.0184782 0.0901426 
0.00990553 -0.0182417 -0.000373564 0.000446652 -0.0182417 0.0896289 0.000440562 -0.00110242 -0.000373564 0.000440562 0.0101492 -0.0185158 0.000446652 -0.00110242 -0.0185158 0.0901954 
0.00993365 -0.0182383 -0.0003865 0.000485654 -0.0182383 0.0895971 0.000479583 -0.00118378 -0.0003865 0.000479583 0.010132 -0.0185257 0.000485654 -0.00118378 -0.0185257 0.0902446 
0.00992618 -0.0182507 -0.000354796 0.000476441 -0.0182507 0.0895708 0.000478468 -0.00119414 -0.000354796 0.000478468 0.0101249 -0.0185204 0.000476441 -0.00119414 -0.0185204 0.0902764 
0.00991049 -0.0182267 -0.000326607 0.000438879 -0.0182267 0.089519 0.000442961 -0.00114313 -0.000326607 0.000442961 0.0101024 -0.0185166 0.000438879 -0.00114313 -0.0185166 0.0902906 
0.00987546 -0.0182078 -0.000314349 0.000387833 -0.0182078 0.0894773 0.000391916 -0.00102266 -0.000314349 0.000391916 0.0101184 -0.0184915 0.000387833 -0.00102266 -0.0184915 0.090255 
0.009841 -0.0181715 -0.000313512 0.000364406 -0.0181715 0.0894098 0.000372549 -0.000930356 -0.000313512 0.000372549 0.0101606 -0.0185013 0.000364406 -0.000930356 -0.0185013 0.0902323 
0.00983377 -0.0181343 -0.000320112 0.000383319 -0.0181343 0.0893317 0.000387397 -0.000939947 -0.000320112 0.000387397 0.0101559 -0.0185339 0.000383319 -0.000939947 -0.0185339 0.0902553 
0.00983911 -0.0181502 -0.000311767 0.000414322 -0.0181502 0.0893396 0.000414322 -0.00101734 -0.000311767 0.000414322 0.0101201 -0.018505 0.000414322 -0.00101734 -0.018505 0.0902052 
0.00980943 -0.0181316 -0.000298691 0.000416108 -0.0181316 0.0893025 0.000407868 -0.00105057 -0.000298691 0.000407868 0.0101143 -0.0184777 0.000416108 -0.00105057 -0.0184777 0.0901615 
0.0097799 -0.0180848 -0.00028096 0.000373925 -0.0180848 0.0891987 0.000371859 -0.000973032 -0.00028096 0.000371859 0.0101125 -0.0184711 0.000373925 -0.000973032 -0.0184711 0.090118 
0.00980521 -0.018068 -0.000291651 0.000349159 -0.018068 0.0891424 0.000349159 -0.000895491 -0.000291651 0.000349159 0.0101112 -0.0184644 0.000349159 -0.000895491 -0.0184644 0.0901077 
0.00980637 -0.0180774 -0.000303374 0.000368969 -0.0180774 0.0891039 0.000362819 -0.000906024 -0.000303374 0.000362819 0.0101179 -0.0184628 0.000368969 -0.000906024 -0.0184628 0.0900899 
0.00978398 -0.0180755 -0.000316142 0.000381834 -0.0180755 0.0890904 0.000377728 -0.000934056 -0.000316142 0.000377728 0.0101391 -0.0184779 0.000381834 -0.000934056 -0.0184779 0.0901148 
0.00978221 -0.0180632 -0.000328124 0.0003958 -0.0180632 0.0890919 0.0003958 -0.000978221 -0.000328124 0.0003958 0.0101431 -0.018496 0.0003958 -0.000978221 -0.018496 0.0901522 
0.00983762 -0.0180577 -0.000336555 0.000414065 -0.0180577 0.0890811 0.000414065 -0.00102802 -0.000336555 0.000414065 0.0101232 -0.0185167 0.000414065 -0.00102802 -0.0185167 0.0902275 
0.0098982 -0.0181399 -0.000336604 0.000420245 -0.0181399 0.0892185 0.000418205 -0.00105265 -0.000336604 0.000418205 0.01009 -0.0184826 0.000420245 -0.00105265 -0.0184826 0.0901956 
0.00992168 -0.0182309 -0.00034086 0.000424544 -0.0182309 0.0894523 0.000422503 -0.00107157 -0.00034086 0.000422503 0.0100768 -0.0184309 0.000424544 -0.00107157 -0.0184309 0.0900687 
0.00989732 -0.0182372 -0.00034452 0.000438295 -0.0182372 0.0895284 0.000438295 -0.00110899 -0.00034452 0.000438295 0.0101032 -0.0184329 0.000438295 -0.00110899 -0.0184329 0.0900381 
0.00984685 -0.0181995 -0.000338843 0.000426615 -0.0181995 0.0894851 0.000424574 -0.00107981 -0.000338843 0.000424574 0.0101347 -0.0184608 0.000426615 -0.00107981 -0.0184608 0.0900566 
0.00983922 -0.0181504 -0.000303969 0.000414133 -0.0181504 0.0893996 0.000416173 -0.00104451 -0.000303969 0.000416173 0.0101289 -0.0184911 0.000414133 -0.00104451 -0.0184911 0.0901177 
0.00984121 -0.0181408 -0.000296924 0.000388442 -0.0181408 0.0893437 0.000382341 -0.0010067 -0.000296924 0.000382341 0.0101341 -0.0184906 0.000388442 -0.0010067 -0.0184906 0.090149 
0.00983695 -0.0181415 -0.000283621 0.0003734 -0.0181415 0.0893181 0.0003734 -0.000952884 -0.000283621 0.0003734 0.0101124 -0.0184823 0.0003734 -0.000952884 -0.0184823 0.0901302 
0.0098221 -0.018115 -0.000273573 0.000357278 -0.018115 0.089238 0.000355237 -0.000922799 -0.000273573 0.000355237 0.0101079 -0.0184846 0.000357278 -0.000922799 -0.0184846 0.0901485 
0.00982824 -0.0180955 -0.000283252 0.000338272 -0.0180955 0.0891898 0.00034031 -0.00087421 -0.000283252 0.00034031 0.0101013 -0.0184746 0.000338272 -0.00087421 -0.0184746 0.0901557 
0.00982884 -0.0181098 -0.000294436 0.000357821 -0.0181098 0.0891915 0.000366 -0.000903754 -0.000294436 0.000366 0.0100844 -0.0184595 0.000357821 -0.000903754 -0.0184595 0.0901096 
0.00981619 -0.0181156 -0.000295966 0.000372012 -0.0181156 0.089211 0.000378178 -0.00093928 -0.000295966 0.000378178 0.010069 -0.01843 0.000372012 -0.00093928 -0.01843 0.0900393 
0.00981383 -0.0180816 -0.000282973 0.000369095 -0.0180816 0.0891529 0.000369095 -0.00093094 -0.000282973 0.000369095 0.0100681 -0.0184322 0.000369095 -0.00093094 -0.0184322 0.0900469 
0.00983879 -0.0180846 -0.000285182 0.000352404 -0.0180846 0.0891215 0.000346293 -0.00089425 -0.000285182 0.000346293 0.0100853 -0.0184411 0.000352404 -0.00089425 -0.0184411 0.0900728 
0.009873 -0.0181113 -0.000294444 0.00034521 -0.0181113 0.0891758 0.00034521 -0.000863025 -0.000294444 0.00034521 0.0100781 -0.0184484 0.00034521 -0.000863025 -0.0184484 0.0900856 
0.00990989 -0.0181966 -0.000307142 0.000370197 -0.0181966 0.0893579 0.000370197 -0.000897016 -0.000307142 0.000370197 0.0100523 -0.0184122 0.000370197 -0.000897016 -0.0184122 0.0900067 
0.00992563 -0.0182449 -0.000279279 0.000383245 -0.0182449 0.0895142 0.000391399 -0.000947919 -0.000279279 0.000391399 0.0100255 -0.0183815 0.000383245 -0.000947919 -0.0183815 0.0899137 
0.00993749 -0.0182436 -0.000276326 0.0003582 -0.0182436 0.0895561 0.000366387 -0.000945648 -0.000276326 0.000366387 0.00999071 -0.0183603 0.0003582 -0.000945648 -0.0183603 0.0898631 
0.00991743 -0.0182563 -0.000296868 0.000360336 -0.0182563 0.0895967 0.000368525 -0.00093974 -0.000296868 0.000368525 0.00999932 -0.0183157 0.000360336 -0.00093974 -0.0183157 0.0897728 
0.00988055 -0.0182216 -0.000327985 0.000375133 -0.0182216 0.0895338 0.000383333 -0.000955257 -0.000327985 0.000383333 0.0100138 -0.0183282 0.000375133 -0.000955257 -0.0183282 0.0897429 
0.00987288 -0.0181857 -0.000330053 0.000397703 -0.0181857 0.0894525 0.000397703 -0.000973758 -0.000330053 0.000397703 0.0100225 -0.0183476 0.000397703 -0.000973758 -0.0183476 0.0897702 
0.00989715 -0.0181824 -0.00033428 0.000434769 -0.0181824 0.089421 0.000422464 -0.00106642 -0.00033428 0.000422464 0.0100017 -0.0183464 0.000434769 -0.00106642 -0.0183464 0.0897798 
0.00989083 -0.0181868 -0.000335768 0.00041971 -0.0181868 0.0893922 0.000417663 -0.00107282 -0.000335768 0.000417663 0.0100157 -0.0183403 0.00041971 -0.00107282 -0.0183403 0.0898017 
0.00990915 -0.0182048 -0.000352878 0.00042223 -0.0182048 0.0894536 0.00042631 -0.00108923 -0.000352878 0.00042631 0.0100254 -0.0183395 0.00042223 -0.00108923 -0.0183395 0.0897861 
0.00991806 -0.0182157 -0.000368467 0.000439717 -0.0182157 0.0894783 0.00044786 -0.00111965 -0.000368467 0.00044786 0.0100443 -0.0183765 0.000439717 -0.00111965 -0.0183765 0.089859 
0.0099088 -0.0182519 -0.000374147 0.000465651 -0.0182519 0.0895757 0.000473784 -0.00118954 -0.000374147 0.000473784 0.0100796 -0.018384 0.000465651 -0.00118954 -0.018384 0.0898828 
0.00991207 -0.0182576 -0.000364175 0.000455727 -0.0182576 0.089646 0.000461831 -0.00115356 -0.000364175 0.000461831 0.0100992 -0.0184203 0.000455727 -0.00115356 -0.0184203 0.0899431 
0.00992316 -0.0182287 -0.000369858 0.000440984 -0.0182287 0.0895909 0.000451145 -0.00113802 -0.000369858 0.000451145 0.010102 -0.0184746 0.000440984 -0.00113802 -0.0184746 0.0901051 
0.00996152 -0.0182269 -0.000394556 0.000459637 -0.0182269 0.0895357 0.00045557 -0.00114096 -0.000394556 0.00045557 0.0100896 -0.0185157 0.000459637 -0.00114096 -0.0185157 0.0902699 
0.00996602 -0.018285 -0.000366232 0.00047467 -0.018285 0.0896062 0.000472624 -0.00115598 -0.000366232 0.000472624 0.0100622 -0.0184691 0.00047467 -0.00115598 -0.0184691 0.0902118 
0.00994765 -0.0183141 -0.00035184 0.000460255 -0.0183141 0.0897334 0.000460255 -0.00116803 -0.00035184 0.000460255 0.0100704 -0.018402 0.000460255 -0.00116803 -0.018402 0.0900526 
