0.00736908 0 -0.000480651 0 0 0.00998836 0 0 -0.000480651 0 0.00727457 0 0 0 0 0.00998836 
0.0103832 -0.0129009 -0.000563584 0.000698943 -0.0129009 0.0339209 0.000698943 -0.00133882 -0.000563584 0.000698943 0.0102725 -0.0127631 0.000698943 -0.00133882 -0.0127631 0.03366 
0.0103946 -0.0195262 -0.000441044 0.000759298 -0.0195262 0.0716271 0.000759298 -0.00242324 -0.000441044 0.000759298 0.0103595 -0.0193232 0.000759298 -0.00242324 -0.0193232 0.0709856 
0.00978317 -0.0190822 -0.000384417 0.000532831 -0.0190822 0.085472 0.000542563 -0.00191235 -0.000384417 0.000542563 0.00978317 -0.0190408 0.000532831 -0.00191235 -0.0190408 0.0851289 
0.00977058 -0.0183097 -0.000392764 0.000441282 -0.0183097 0.088291 0.000448213 -0.00123143 -0.000392764 0.000448213 0.00973823 -0.0183629 0.000441282 -0.00123143 -0.0183629 0.088328 
0.00997036 -0.0182563 -0.000428809 0.000499178 -0.0182563 0.0891593 0.000505775 -0.00115449 -0.000428809 0.000505775 0.0098714 -0.0182079 0.000499178 -0.00115449 -0.0182079 0.0891439 
0.0101089 -0.018416 -0.000470574 0.000565961 -0.018416 0.0898013 0.0005702 -0.00132693 -0.000470574 0.0005702 0.00997321 -0.0182634 0.000565961 -0.00132693 -0.0182634 0.0895172 
0.0101457 -0.0185328 -0.000482636 0.000617278 -0.0185328 0.0902157 0.000615206 -0.00149762 -0.000482636 0.000615206 0.0100235 -0.0183029 0.000617278 -0.00149762 -0.0183029 0.0896482 
0.010143 -0.0185422 -0.000448207 0.000609888 -0.0185422 0.0903392 0.000609888 -0.00154109 -0.000448207 0.000609888 0.0100427 -0.0183417 0.000609888 -0.00154109 -0.0183417 0.089715 
0.0100852 -0.0184926 -0.000426078 0.000564707 -0.0184926 0.0902185 0.00056063 -0.00147191 -0.000426078 0.00056063 0.0100709 -0.0183907 0.000564707 -0.00147191 -0.0183907 0.0898557 
0.0100297 -0.01842 -0.000409833 0.000517898 -0.01842 0.0900429 0.000519937 -0.00134776 -0.000409833 0.000519937 0.0100929 -0.0184364 0.000517898 -0.00134776 -0.0184364 0.0899817 
0.0100093 -0.0183508 -0.000397601 0.000493432 -0.0183508 0.0898598 0.000489355 -0.00124581 -0.000397601 0.000489355 0.0100929 -0.0184752 0.000493432 -0.00124581 -0.0184752 0.0901126 
0.01001 -0.018336 -0.000395991 0.000483762 -0.018336 0.0897838 0.000485804 -0.00121451 -0.000395991 0.000485804 0.0100794 -0.0184728 0.000483762 -0.00121451 -0.0184728 0.0901533 
0.010034 -0.0183503 -0.000394367 0.000473648 -0.0183503 0.0897958 0.000471615 -0.00118107 -0.000394367 0.000471615 0.0100828 -0.0184621 0.000473648 -0.00118107 -0.0184621 0.0901719 
0.0100602 -0.0183779 -0.000392881 0.000472271 -0.0183779 0.0898598 0.000478378 -0.00116439 -0.000392881 0.000478378 0.0100744 -0.0184654 0.000472271 -0.00116439 -0.0184654 0.0901794 
0.0101093 -0.0184221 -0.000379607 0.000487196 -0.0184221 0.089981 0.000491256 -0.00120378 -0.000379607 0.000491256 0.0100565 -0.0184566 0.000487196 -0.00120378 -0.0184566 0.0901556 
0.0101456 -0.0185178 -0.000371648 0.000454461 -0.0185178 0.0902135 0.00046052 -0.00115534 -0.000371648 0.00046052 0.0100688 -0.0184087 0.000454461 -0.00115534 -0.0184087 0.090058 
0.0101653 -0.0185504 -0.000380314 0.000471347 -0.0185504 0.090355 0.000475393 -0.0011814 -0.000380314 0.000475393 0.0100581 -0.018427 0.000471347 -0.0011814 -0.018427 0.0900354 
0.0101923 -0.0185546 -0.000408906 0.000493926 -0.0185546 0.0903743 0.000499999 -0.00124089 -0.000408906 0.000499999 0.0100202 -0.0184311 0.000493926 -0.00124089 -0.0184311 0.0900808 
0.0101976 -0.018599 -0.000429801 0.000531169 -0.018599 0.0904609 0.000539278 -0.00132792 -0.000429801 0.000539278 0.00998678 -0.0183699 0.000531169 -0.00132792 -0.0183699 0.0899702 
0.0102118 -0.0186402 -0.000432224 0.00053523 -0.0186402 0.0905993 0.000541289 -0.0013512 -0.000432224 0.000541289 0.00999164 -0.018319 0.00053523 -0.0013512 -0.018319 0.0898318 
0.0102354 -0.0186643 -0.000438544 0.000535105 -0.0186643 0.0907043 0.000535105 -0.00133776 -0.000438544 0.000535105 0.00998996 -0.0183042 0.000535105 -0.00133776 -0.0183042 0.0897286 
0.0102485 -0.0186611 -0.000421833 0.000526287 -0.0186611 0.0906942 0.000524279 -0.0013117 -0.000421833 0.000524279 0.00999343 -0.0183417 0.000526287 -0.0013117 -0.0183417 0.0898023 
0.0102304 -0.0186636 -0.000440256 0.000546802 -0.0186636 0.0906746 0.00053273 -0.00135695 -0.000440256 0.00053273 0.0100073 -0.018352 0.000546802 -0.00135695 -0.018352 0.0898645 
0.0102128 -0.0186348 -0.000446221 0.000546722 -0.0186348 0.0906332 0.000530642 -0.00134067 -0.000446221 0.000530642 0.0100299 -0.0183936 0.000546722 -0.00134067 -0.0183936 0.0899839 
0.010204 -0.0186354 -0.000455753 0.000542467 -0.0186354 0.0906222 0.000544483 -0.00134104 -0.000455753 0.000544483 0.0100346 -0.0184056 0.000542467 -0.00134104 -0.0184056 0.0900273 
0.010193 -0.018628 -0.000455079 0.000553747 -0.018628 0.0906131 0.000559788 -0.00138135 -0.000455079 0.000559788 0.0100681 -0.0184206 0.000553747 -0.00138135 -0.0184206 0.0900775 
0.0101659 -0.0185959 -0.00044909 0.000555824 -0.0185959 0.0905449 0.000559852 -0.00138352 -0.00044909 0.000559852 0.0101096 -0.018465 0.000555824 -0.00138352 -0.018465 0.0901865 
0.0101785 -0.0185802 -0.000455723 0.000564132 -0.0185802 0.0905121 0.000564132 -0.00141736 -0.000455723 0.000564132 0.0101243 -0.018506 0.000564132 -0.00141736 -0.018506 0.0902732 
0.010183 -0.0185969 -0.000469893 0.000570297 -0.0185969 0.0905367 0.000564273 -0.0014157 -0.000469893 0.000564273 0.0101348 -0.0185206 0.000570297 -0.0014157 -0.0185206 0.0903298 
0.0101847 -0.0186208 -0.000455248 0.000570067 -0.0186208 0.0905983 0.000559995 -0.00139394 -0.000455248 0.000559995 0.0101283 -0.0185161 0.000570067 -0.00139394 -0.0185161 0.0903123 
0.0101642 -0.0185954 -0.000447353 0.00056826 -0.0185954 0.0905488 0.000556169 -0.00139445 -0.000447353 0.000556169 0.010142 -0.0185329 0.00056826 -0.00139445 -0.0185329 0.0903613 
0.0101274 -0.0185656 -0.000425353 0.000552958 -0.0185656 0.0904664 0.000544856 -0.0013672 -0.000425353 0.000544856 0.0101335 -0.0185332 0.000552958 -0.0013672 -0.0185332 0.090351 
0.0100838 -0.0185134 -0.000420667 0.000526341 -0.0185134 0.0903377 0.000520245 -0.00131687 -0.000420667 0.000520245 0.0101305 -0.0185195 0.000526341 -0.00131687 -0.0185195 0.0903214 
0.0100488 -0.0184469 -0.000416752 0.000516366 -0.0184469 0.090175 0.0005123 -0.00128075 -0.000416752 0.0005123 0.01012 -0.0185099 0.000516366 -0.00128075 -0.0185099 0.0902848 
0.0100437 -0.0184155 -0.000413922 0.000515373 -0.0184155 0.0900624 0.000515373 -0.0012864 -0.000413922 0.000515373 0.0101005 -0.0184804 0.000515373 -0.0012864 -0.0184804 0.0902024 
0.0100497 -0.0184001 -0.00040304 0.00049418 -0.0184001 0.0899975 0.00049418 -0.00122532 -0.00040304 0.00049418 0.0101084 -0.0184872 0.00049418 -0.00122532 -0.0184872 0.0902183 
0.0100498 -0.0184118 -0.000407259 0.000502489 -0.0184118 0.0899901 0.00051262 -0.00126028 -0.000407259 0.00051262 0.0101085 -0.0184807 0.000502489 -0.00126028 -0.0184807 0.0902049 
0.0100522 -0.0183896 -0.000429219 0.000512229 -0.0183896 0.0899417 0.000520327 -0.00129576 -0.000429219 0.000520327 0.0100867 -0.0184949 0.000512229 -0.00129576 -0.0184949 0.0902312 
0.0100323 -0.0184148 -0.000424099 0.000549909 -0.0184148 0.0899699 0.000549909 -0.00137376 -0.000424099 0.000549909 0.010081 -0.0184514 0.000549909 -0.00137376 -0.0184514 0.0901627 
0.0100423 -0.0183917 -0.000393817 0.000507497 -0.0183917 0.0899629 0.000507497 -0.00128498 -0.000393817 0.000507497 0.0100728 -0.0184668 0.000507497 -0.00128498 -0.0184668 0.0901781 
0.0100774 -0.0184206 -0.000368736 0.000453829 -0.0184206 0.0900324 0.000449777 -0.00115483 -0.000368736 0.000449777 0.0100774 -0.018449 0.000453829 -0.00115483 -0.018449 0.09016 
0.0101009 -0.0184603 -0.000380708 0.000453609 -0.0184603 0.0901164 0.000443484 -0.00111985 -0.000380708 0.000443484 0.0100705 -0.0184441 0.000453609 -0.00111985 -0.0184441 0.0901164 
0.0101042 -0.0184743 -0.000409683 0.000476612 -0.0184743 0.0901546 0.000464443 -0.0011459 -0.000409683 0.000464443 0.0100616 -0.0184398 0.000476612 -0.0011459 -0.0184398 0.0901141 
0.0100873 -0.0184688 -0.000421403 0.000526754 -0.0184688 0.0901459 0.000516624 -0.00125813 -0.000421403 0.000516624 0.0100711 -0.0184485 0.000526754 -0.00125813 -0.0184485 0.0901256 
0.0100567 -0.0184451 -0.000421648 0.000523005 -0.0184451 0.0900907 0.000525032 -0.00130346 -0.000421648 0.000525032 0.0100932 -0.0184592 0.000523005 -0.00130346 -0.0184592 0.0901515 
0.00999788 -0.0183932 -0.000410816 0.000530807 -0.0183932 0.089981 0.000532841 -0.00133617 -0.000410816 0.000532841 0.0101199 -0.0184806 0.000530807 -0.00133617 -0.0184806 0.0901904 
0.00996503 -0.0183356 -0.000408319 0.000522648 -0.0183356 0.0898588 0.000518565 -0.00132091 -0.000408319 0.000518565 0.0101161 -0.0184928 0.000522648 -0.00132091 -0.0184928 0.0902099 
0.00994764 -0.0182953 -0.000380556 0.0005115 -0.0182953 0.0897375 0.000503316 -0.00127875 -0.000380556 0.000503316 0.0101011 -0.0184876 0.0005115 -0.00127875 -0.0184876 0.0902162 
0.00994678 -0.0182961 -0.00035999 0.000474533 -0.0182961 0.0897174 0.000468397 -0.00121292 -0.00035999 0.000468397 0.0100838 -0.0184454 0.000474533 -0.00121292 -0.0184454 0.090108 
0.00995162 -0.0183003 -0.000350078 0.000458581 -0.0183003 0.0897284 0.000448345 -0.00116488 -0.000350078 0.000448345 0.0100663 -0.0184108 0.000458581 -0.00116488 -0.0184108 0.0899802 
0.00994134 -0.0182554 -0.000332807 0.000438979 -0.0182554 0.089615 0.000430812 -0.0011148 -0.000332807 0.000430812 0.01007 -0.018433 0.000438979 -0.0011148 -0.018433 0.0900213 
0.00994638 -0.0182391 -0.000350282 0.000431743 -0.0182391 0.0895317 0.000433779 -0.00110583 -0.000350282 0.000433779 0.0100604 -0.0184366 0.000431743 -0.00110583 -0.0184366 0.0900428 
0.0099436 -0.01827 -0.000366622 0.000435873 -0.01827 0.089578 0.00044402 -0.00109987 -0.000366622 0.00044402 0.0100516 -0.0183983 0.000435873 -0.00109987 -0.0183983 0.089969 
0.00993785 -0.018264 -0.000368144 0.000445863 -0.018264 0.089596 0.000451999 -0.00110648 -0.000368144 0.000451999 0.0100319 -0.018397 0.000445863 -0.00110648 -0.018397 0.0899396 
0.0099343 -0.018258 -0.000352455 0.000442618 -0.018258 0.0895993 0.000456962 -0.00111884 -0.000352455 0.000456962 0.0100142 -0.0183645 0.000442618 -0.00111884 -0.0183645 0.0898739 
0.00994539 -0.018275 -0.000320292 0.000420256 -0.018275 0.0896431 0.000432497 -0.00107104 -0.000320292 0.000432497 0.00999639 -0.0183097 0.000420256 -0.00107104 -0.0183097 0.0897288 
0.00992949 -0.018281 -0.000302131 0.000396036 -0.018281 0.0896553 0.000402161 -0.00101663 -0.000302131 0.000402161 0.010003 -0.0183034 0.000396036 -0.00101663 -0.0183034 0.0896737 
0.00991973 -0.0182438 -0.000313041 0.000380121 -0.0182438 0.0895865 0.000378088 -0.000963515 -0.000313041 0.000378088 0.0100295 -0.0183373 0.000380121 -0.000963515 -0.0183373 0.089741 
0.00991227 -0.0182168 -0.000334942 0.000395841 -0.0182168 0.0895047 0.000391781 -0.000976408 -0.000334942 0.000391781 0.0100564 -0.0183894 0.000395841 -0.000976408 -0.0183894 0.0898925 
0.00990317 -0.0182115 -0.00033608 0.000411444 -0.0182115 0.0894687 0.000409407 -0.00100417 -0.00033608 0.000409407 0.0100559 -0.0184131 0.000411444 -0.00100417 -0.0184131 0.0899779 
0.00989833 -0.0182199 -0.000336123 0.000423719 -0.0182199 0.0894924 0.000417608 -0.00104708 -0.000336123 0.000417608 0.0100633 -0.0184073 0.000423719 -0.00104708 -0.0184073 0.0899915 
0.00989883 -0.0182094 -0.000326223 0.000413895 -0.0182094 0.089483 0.000415934 -0.0010378 -0.000326223 0.000415934 0.0100497 -0.0184071 0.000413895 -0.0010378 -0.0184071 0.0899805 
0.00988339 -0.0182066 -0.000325556 0.000417695 -0.0182066 0.0894604 0.000417695 -0.00105038 -0.000325556 0.000417695 0.0100288 -0.0183806 0.000417695 -0.00105038 -0.0183806 0.0899129 
0.00988742 -0.0181969 -0.000315578 0.000407792 -0.0181969 0.0894499 0.000405743 -0.00103075 -0.000315578 0.000405743 0.00999807 -0.0183465 0.000407792 -0.00103075 -0.0183465 0.0898187 
0.00990874 -0.018196 -0.000296485 0.000384409 -0.018196 0.0894425 0.000380319 -0.000975334 -0.000296485 0.000380319 0.00997622 -0.0183167 0.000384409 -0.000975334 -0.0183167 0.0897512 
0.00995332 -0.0182372 -0.000282984 0.000372562 -0.0182372 0.0895167 0.000370526 -0.000944639 -0.000282984 0.000370526 0.00995535 -0.018282 0.000372562 -0.000944639 -0.018282 0.0896328 
0.00994419 -0.0182874 -0.000285167 0.00036257 -0.0182874 0.0896219 0.000360533 -0.000930867 -0.000285167 0.000360533 0.00997067 -0.0182548 0.00036257 -0.000930867 -0.0182548 0.089571 
0.00990532 -0.0182357 -0.000277815 0.000361568 -0.0182357 0.0895523 0.000359525 -0.00091924 -0.000277815 0.000359525 0.00999316 -0.0183174 0.000361568 -0.00091924 -0.0183174 0.0896708 
0.00988129 -0.0181953 -0.000284781 0.000352391 -0.0181953 0.08945 0.000352391 -0.000907612 -0.000284781 0.000352391 0.0100083 -0.0183448 0.000352391 -0.000907612 -0.0183448 0.0897798 
0.00985681 -0.0181467 -0.000315039 0.000372693 -0.0181467 0.0893105 0.00038093 -0.000940999 -0.000315039 0.00038093 0.00999889 -0.0183649 0.000372693 -0.000940999 -0.0183649 0.0898479 
0.0098506 -0.0181375 -0.000357531 0.000400681 -0.0181375 0.0892677 0.000400681 -0.000984238 -0.000357531 0.000400681 0.0100027 -0.0183307 0.000400681 -0.000984238 -0.0183307 0.0898204 
0.00986227 -0.0181567 -0.000364814 0.000430398 -0.0181567 0.0893138 0.000438596 -0.0010391 -0.000364814 0.000438596 0.0100098 -0.0183206 0.000430398 -0.0010391 -0.0183206 0.0897381 
0.00989516 -0.0181625 -0.000350415 0.000454318 -0.0181625 0.0893396 0.000454318 -0.00111033 -0.000350415 0.000454318 0.0100133 -0.0183357 0.000454318 -0.00111033 -0.0183357 0.0897654 
0.00995694 -0.0182199 -0.000359522 0.000448895 -0.0182199 0.089452 0.00044077 -0.00113341 -0.000359522 0.00044077 0.00999553 -0.0183377 0.000448895 -0.00113341 -0.0183377 0.0897709 
0.00996925 -0.0183004 -0.000358152 0.000445655 -0.0183004 0.0896378 0.000435481 -0.00111719 -0.000358152 0.000435481 0.0099896 -0.0183024 0.000445655 -0.00111719 -0.0183024 0.089705 
0.00996275 -0.0182905 -0.000348605 0.000426072 -0.0182905 0.0896811 0.000424034 -0.00107435 -0.000348605 0.000424034 0.00999333 -0.0183293 0.000426072 -0.00107435 -0.0183293 0.0897463 
0.00995566 -0.0183045 -0.000363882 0.000443609 -0.0183045 0.0897318 0.000449742 -0.00112027 -0.000363882 0.000449742 0.00998632 -0.0183127 0.000443609 -0.00112027 -0.0183127 0.0897256 
0.00996457 -0.0183052 -0.000370651 0.000462802 -0.0183052 0.0897651 0.00046485 -0.00117134 -0.000370651 0.00046485 0.00997481 -0.0183032 0.000462802 -0.00117134 -0.0183032 0.0896893 
0.0099651 -0.018314 -0.000367791 0.000461782 -0.018314 0.0897779 0.000461782 -0.00117693 -0.000367791 0.000461782 0.0100019 -0.0183058 0.000461782 -0.00117693 -0.0183058 0.0897002 
0.00994258 -0.0182983 -0.000361957 0.0004458 -0.0182983 0.089745 0.000443756 -0.00113086 -0.000361957 0.000443756 0.010051 -0.0183514 0.0004458 -0.00113086 -0.0183514 0.0897961 
0.00995038 -0.0182754 -0.000361424 0.000461479 -0.0182754 0.0896923 0.000461479 -0.00115574 -0.000361424 0.000461479 0.0100566 -0.0183938 0.000461479 -0.00115574 -0.0183938 0.0898863 
0.00992302 -0.018259 -0.00036608 0.000456066 -0.018259 0.0896078 0.000458111 -0.00115959 -0.00036608 0.000458111 0.0100723 -0.0184185 0.000456066 -0.00115959 -0.0184185 0.089978 
0.00990152 -0.0182419 -0.000348284 0.000442526 -0.0182419 0.0895705 0.000444575 -0.00111656 -0.000348284 0.000444575 0.0100777 -0.0184222 0.000442526 -0.00111656 -0.0184222 0.0899823 
0.00988289 -0.018195 -0.000351791 0.000427468 -0.018195 0.0894696 0.000427468 -0.00108401 -0.000351791 0.000427468 0.0100936 -0.0184404 0.000427468 -0.00108401 -0.0184404 0.0900504 
0.00988662 -0.018169 -0.000357176 0.000451062 -0.018169 0.0893572 0.000444939 -0.00111643 -0.000357176 0.000444939 0.0100764 -0.0184548 0.000451062 -0.00111643 -0.0184548 0.0900797 
0.0099051 -0.018179 -0.000356372 0.000443938 -0.018179 0.0893496 0.000443938 -0.00111392 -0.000356372 0.000443938 0.010066 -0.0184377 0.000443938 -0.00111392 -0.0184377 0.0900644 
0.00991917 -0.0182096 -0.00033227 0.000448462 -0.0182096 0.0894153 0.000444386 -0.00111912 -0.00033227 0.000444386 0.0100374 -0.0184114 0.000448462 -0.00111912 -0.0184114 0.0899983 
0.00992689 -0.0182408 -0.000303843 0.000430274 -0.0182408 0.089495 0.000430274 -0.00111953 -0.000303843 0.000430274 0.0100227 -0.0183713 0.000430274 -0.00111953 -0.0183713 0.0899049 
0.00989312 -0.0182358 -0.000300287 0.000394254 -0.0182358 0.0895243 0.000396297 -0.0010602 -0.000300287 0.000396297 0.0100259 -0.018342 0.000394254 -0.0010602 -0.018342 0.0898205 
0.00987814 -0.018194 -0.000314499 0.00037985 -0.018194 0.0894526 0.000373723 -0.000988427 -0.000314499 0.000373723 0.0100293 -0.0183635 0.00037985 -0.000988427 -0.0183635 0.0898386 
0.00990498 -0.0181958 -0.000293119 0.000358257 -0.0181958 0.0894522 0.000354185 -0.000889535 -0.000293119 0.000354185 0.0100291 -0.0183627 0.000358257 -0.000889535 -0.0183627 0.089843 
0.00993284 -0.0182408 -0.000289504 0.000342512 -0.0182408 0.0895342 0.000348628 -0.000852202 -0.000289504 0.000348628 0.0100042 -0.0183407 0.000342512 -0.000852202 -0.0183407 0.0897809 
0.0099066 -0.0182593 -0.000312019 0.000373602 -0.0182593 0.0895802 0.000377707 -0.000931951 -0.000312019 0.000377707 0.0100031 -0.018327 0.000373602 -0.000931951 -0.018327 0.0897547 
0.00987253 -0.0182186 -0.000340574 0.000406226 -0.0182186 0.0895319 0.000408278 -0.00101557 -0.000340574 0.000408278 0.0100408 -0.0183458 0.000406226 -0.00101557 -0.0183458 0.0898068 
0.0098619 -0.0181687 -0.000333089 0.000431177 -0.0181687 0.0894131 0.000433221 -0.00108305 -0.000333089 0.000433221 0.0100806 -0.0184057 0.000431177 -0.00108305 -0.0184057 0.0899301 
0.0098565 -0.0181242 -0.000323903 0.000418204 -0.0181242 0.0892661 0.000416154 -0.00107216 -0.000323903 0.000416154 0.0100779 -0.0184584 0.000418204 -0.00107216 -0.0184584 0.0900656 
0.00984841 -0.0181378 -0.000342571 0.000408214 -0.0181378 0.0892552 0.000404111 -0.00104002 -0.000342571 0.000404111 0.0100741 -0.0184332 0.000408214 -0.00104002 -0.0184332 0.0900654 
0.00986753 -0.0181263 -0.000357742 0.000435423 -0.0181263 0.0892473 0.00042929 -0.00107527 -0.000357742 0.00042929 0.010072 -0.0184411 0.000435423 -0.00107527 -0.0184411 0.0900732 
0.00988502 -0.0181552 -0.000360901 0.0004445 -0.0181552 0.0892812 0.000442461 -0.00110921 -0.000360901 0.000442461 0.0100706 -0.0184345 0.0004445 -0.00110921 -0.0184345 0.0900622 
0.00990297 -0.0181905 -0.000352876 0.000442625 -0.0181905 0.0893695 0.000448744 -0.00111574 -0.000352876 0.000448744 0.0100621 -0.018423 0.000442625 -0.00111574 -0.018423 0.0900222 
0.00995568 -0.0182538 -0.000332332 0.000436313 -0.0182538 0.0895542 0.00044039 -0.00110709 -0.000332332 0.00044039 0.0100168 -0.0183802 0.000436313 -0.00110709 -0.0183802 0.089913 
0.00999537 -0.0183099 -0.000303941 0.000395735 -0.0183099 0.0896972 0.000395735 -0.00101994 -0.000303941 0.000395735 0.00997905 -0.0183303 0.000395735 -0.00101994 -0.0183303 0.0898053 
0.0100169 -0.0183415 -0.000295272 0.000370618 -0.0183415 0.0897913 0.000376727 -0.000950981 -0.000295272 0.000376727 0.00998224 -0.0183191 0.000370618 -0.000950981 -0.0183191 0.089775 
0.0100042 -0.0183652 -0.00031397 0.0003629 -0.0183652 0.0898545 0.000371055 -0.000931716 -0.00031397 0.000371055 0.00999403 -0.0183183 0.0003629 -0.000931716 -0.0183183 0.0897526 
0.00998102 -0.0183271 -0.000349029 0.000391893 -0.0183271 0.0897965 0.000400057 -0.000981773 -0.000349029 0.000400057 0.0100116 -0.0183516 0.000391893 -0.000981773 -0.0183516 0.0898128 
0.00993985 -0.0183008 -0.000362007 0.000439726 -0.0183008 0.0897225 0.000441771 -0.00106352 -0.000362007 0.000441771 0.010036 -0.0183621 0.000439726 -0.00106352 -0.0183621 0.0898554 
0.00995774 -0.0182735 -0.000352865 0.000436492 -0.0182735 0.0896768 0.000438532 -0.00107695 -0.000352865 0.000438532 0.0100332 -0.0183857 0.000436492 -0.00107695 -0.0183857 0.089897 
0.00999051 -0.0182972 -0.000367373 0.00044493 -0.0182972 0.0897084 0.000446971 -0.00112049 -0.000367373 0.000446971 0.010015 -0.0183727 0.00044493 -0.00112049 -0.0183727 0.0898962 
0.0100276 -0.0183337 -0.000375323 0.000467113 -0.0183337 0.0897796 0.000471193 -0.00117084 -0.000375323 0.000471193 0.00997868 -0.018352 0.000467113 -0.00117084 -0.018352 0.0898469 
0.0100719 -0.0183904 -0.000374691 0.0004704 -0.0183904 0.0899076 0.000474473 -0.00119942 -0.000374691 0.000474473 0.0099619 -0.018309 0.0004704 -0.00119942 -0.018309 0.0897772 
0.0100806 -0.018432 -0.00038044 0.000463852 -0.018432 0.0900097 0.000463852 -0.00118201 -0.00038044 0.000463852 0.00997485 -0.0183018 0.000463852 -0.00118201 -0.0183018 0.0897513 
0.0100763 -0.0184562 -0.000366558 0.000460234 -0.0184562 0.0900999 0.000452088 -0.0011404 -0.000366558 0.000452088 0.00999684 -0.0183136 0.000460234 -0.0011404 -0.0183136 0.0897374 
0.0100765 -0.018441 -0.000368901 0.00046877 -0.018441 0.0901037 0.000464693 -0.00116785 -0.000368901 0.000464693 0.00999906 -0.0183472 0.00046877 -0.00116785 -0.0183472 0.0898041 
0.01011 -0.018458 -0.000371067 0.000442036 -0.018458 0.0901428 0.000444063 -0.00111928 -0.000371067 0.000444063 0.0100087 -0.0183566 0.000442036 -0.00111928 -0.0183566 0.0898549 
0.0101196 -0.0184878 -0.000375026 0.000454086 -0.0184878 0.0901948 0.000454086 -0.00111089 -0.000375026 0.000454086 0.0100162 -0.0183641 0.000454086 -0.00111089 -0.0183641 0.0898704 
0.0101135 -0.0185161 -0.000359968 0.000438837 -0.0185161 0.090277 0.000440859 -0.0010799 -0.000359968 0.000440859 0.0100528 -0.0183745 0.000438837 -0.0010799 -0.0183745 0.0899049 
0.010126 -0.0185115 -0.00037399 0.000460917 -0.0185115 0.0903013 0.000456874 -0.00113612 -0.00037399 0.000456874 0.0100654 -0.0184185 0.000460917 -0.00113612 -0.0184185 0.0899981 
0.0101078 -0.0185086 -0.000372114 0.000473232 -0.0185086 0.0902781 0.000473232 -0.00117701 -0.000372114 0.000473232 0.0100835 -0.0184378 0.000473232 -0.00117701 -0.0184378 0.0900779 
0.0100884 -0.0184954 -0.000398012 0.000465024 -0.0184954 0.0902572 0.000465024 -0.0011717 -0.000398012 0.000465024 0.0100863 -0.0184588 0.000465024 -0.0011717 -0.0184588 0.0901313 
0.0100759 -0.0184846 -0.00040507 0.000490562 -0.0184846 0.0902492 0.000486491 -0.00119078 -0.00040507 0.000486491 0.0100901 -0.0184541 0.000490562 -0.00119078 -0.0184541 0.0901291 
0.0100671 -0.018431 -0.00041107 0.000498574 -0.018431 0.0901178 0.000494504 -0.00121896 -0.00041107 0.000494504 0.0100997 -0.0184859 0.000498574 -0.00121896 -0.0184859 0.0902094 
0.0100725 -0.018402 -0.000413938 0.000509305 -0.018402 0.0900071 0.000511335 -0.00127022 -0.000413938 0.000511335 0.010111 -0.0185136 0.000509305 -0.00127022 -0.0185136 0.0903074 
0.0100741 -0.0184361 -0.000423982 0.000519327 -0.0184361 0.0900504 0.000523384 -0.00131252 -0.000423982 0.000523384 0.0101167 -0.0184949 0.000519327 -0.00131252 -0.0184949 0.0902695 
0.0100796 -0.0184664 -0.000439388 0.00053253 -0.0184664 0.0901454 0.000538604 -0.00134449 -0.000439388 0.000538604 0.0101181 -0.0184806 0.00053253 -0.00134449 -0.0184806 0.0902081 
0.0100885 -0.018472 -0.000450092 0.000547409 -0.018472 0.0901927 0.000549436 -0.00136649 -0.000450092 0.000549436 0.0101129 -0.0184923 0.000547409 -0.00136649 -0.0184923 0.0902069 
0.0101176 -0.0184798 -0.000440861 0.000539954 -0.0184798 0.0902147 0.000535909 -0.00134078 -0.000440861 0.000535909 0.0101135 -0.018506 0.000539954 -0.00134078 -0.018506 0.0902572 
0.0101022 -0.0184872 -0.00045303 0.000558197 -0.0184872 0.0902055 0.000550107 -0.00138538 -0.00045303 0.000550107 0.0101123 -0.0185054 0.000558197 -0.00138538 -0.0185054 0.0902621 
0.0101237 -0.0184861 -0.000438317 0.000549411 -0.0184861 0.0902266 0.000543351 -0.00136545 -0.000438317 0.000543351 0.0100974 -0.0185062 0.000549411 -0.00136545 -0.0185062 0.090277 
0.0101413 -0.0185348 -0.00041826 0.000529391 -0.0185348 0.0903279 0.000527371 -0.0013255 -0.00041826 0.000527371 0.0100988 -0.0184782 0.000529391 -0.0013255 -0.0184782 0.0902248 
0.0101654 -0.0185597 -0.000444774 0.000519238 -0.0185597 0.0904158 0.000511188 -0.00130615 -0.000444774 0.000511188 0.0101151 -0.0184853 0.000519238 -0.00130615 -0.0184853 0.0902246 
0.0101538 -0.0185543 -0.000463909 0.000542231 -0.0185543 0.090412 0.000542231 -0.00132947 -0.000463909 0.000542231 0.0101538 -0.0185302 0.000542231 -0.00132947 -0.0185302 0.0903236 
0.0101684 -0.0185434 -0.000451348 0.000565689 -0.0185434 0.0903839 0.000569701 -0.00137611 -0.000451348 0.000569701 0.0101563 -0.0185735 0.000565689 -0.00137611 -0.0185735 0.090436 
0.010177 -0.0185714 -0.000434607 0.000541246 -0.0185714 0.0904244 0.000549295 -0.00135613 -0.000434607 0.000549295 0.0101267 -0.0185593 0.000541246 -0.00135613 -0.0185593 0.0904284 
0.0101663 -0.0185804 -0.000420397 0.000529539 -0.0185804 0.0904542 0.000541666 -0.0013481 -0.000420397 0.000541666 0.0100794 -0.0185056 0.000529539 -0.0013481 -0.0185056 0.0903228 
0.0101769 -0.0185791 -0.000402224 0.000507328 -0.0185791 0.0904782 0.00051137 -0.00128146 -0.000402224 0.00051137 0.0100415 -0.0184376 0.000507328 -0.00128146 -0.0184376 0.0901649 
0.0101367 -0.0185661 -0.000397917 0.000499426 -0.0185661 0.0904287 0.000507547 -0.00126684 -0.000397917 0.000507547 0.0100312 -0.0184016 0.000499426 -0.00126684 -0.0184016 0.0900389 
0.0101224 -0.0185308 -0.000404735 0.000501872 -0.0185308 0.0903794 0.000501872 -0.00126682 -0.000404735 0.000501872 0.0100455 -0.0183892 0.000501872 -0.00126682 -0.0183892 0.0899889 
0.0101105 -0.0185157 -0.000420766 0.000507751 -0.0185157 0.090327 0.000511797 -0.00126432 -0.000420766 0.000511797 0.0100781 -0.0184125 0.000507751 -0.00126432 -0.0184125 0.0900155 
0.0101052 -0.018482 -0.000418437 0.000525573 -0.018482 0.0902389 0.00052153 -0.00129372 -0.000418437 0.00052153 0.0100829 -0.0184517 0.000525573 -0.00129372 -0.0184517 0.0900954 
0.0100942 -0.0184645 -0.000426914 0.000532125 -0.0184645 0.0901395 0.000528078 -0.00133132 -0.000426914 0.000528078 0.01008 -0.0184746 0.000532125 -0.00133132 -0.0184746 0.09018 
0.0100986 -0.0184517 -0.000429815 0.000543352 -0.0184517 0.0901031 0.000543352 -0.00136243 -0.000429815 0.000543352 0.0100621 -0.0184699 0.000543352 -0.00136243 -0.0184699 0.0902045 
0.0101011 -0.0184657 -0.00041894 0.000552515 -0.0184657 0.0901227 0.000542396 -0.00138432 -0.00041894 0.000542396 0.0100525 -0.0184374 0.000552515 -0.00138432 -0.0184374 0.0901571 
0.010097 -0.0184851 -0.000407448 0.000533128 -0.0184851 0.0901797 0.000533128 -0.00137032 -0.000407448 0.000533128 0.0100342 -0.018402 0.000533128 -0.00137032 -0.018402 0.0900277 
0.0100899 -0.0184931 -0.000389243 0.000480472 -0.0184931 0.0902152 0.000478445 -0.00124274 -0.000389243 0.000478445 0.0100433 -0.0183796 0.000480472 -0.00124274 -0.0183796 0.0899557 
0.0100478 -0.0184613 -0.000389341 0.000470454 -0.0184613 0.0901629 0.000474509 -0.00119033 -0.000389341 0.000474509 0.0100742 -0.0183943 0.000470454 -0.00119033 -0.0183943 0.0899702 
0.010031 -0.0183996 -0.000390658 0.000492392 -0.0183996 0.0900386 0.000492392 -0.00122284 -0.000390658 0.000492392 0.0100798 -0.0184505 0.000492392 -0.00122284 -0.0184505 0.0900752 
0.0100178 -0.0183769 -0.000402502 0.000504144 -0.0183769 0.0899409 0.000500078 -0.00125223 -0.000402502 0.000500078 0.0100829 -0.018448 0.000504144 -0.00125223 -0.018448 0.0901218 
0.0100125 -0.0183613 -0.000399114 0.000498892 -0.0183613 0.0898963 0.000492783 -0.00124214 -0.000399114 0.000492783 0.0100756 -0.0184529 0.000498892 -0.00124214 -0.0184529 0.0901264 
0.0100299 -0.0183833 -0.000387017 0.000497012 -0.0183833 0.0899428 0.000499049 -0.0012466 -0.000387017 0.000499049 0.0100604 -0.0184281 0.000497012 -0.0012466 -0.0184281 0.0900651 
