0.00699478 0 -0.000269869 0 0 0.0099906 0 0 -0.000269869 0 0.00762993 0 0 0 0 0.0099906 
0.00994077 -0.0123491 -0.00031995 0.000399317 -0.0123491 0.032868 0.000399317 -0.000763912 -0.00031995 0.000399317 0.0106948 -0.0132866 0.000399317 -0.000763912 -0.0132866 0.0346612 
0.0100463 -0.0188507 -0.000289701 0.000483675 -0.0188507 0.0694753 0.000483675 -0.00154927 -0.000289701 0.000483675 0.0106686 -0.0199163 0.000483675 -0.00154927 -0.0199163 0.0728737 
0.00948571 -0.0186028 -0.000249751 0.000387963 -0.0186028 0.0836546 0.000392813 -0.00137 -0.000249751 0.000392813 0.010058 -0.0194151 0.000387963 -0.00137 -0.0194151 0.0865061 
0.00945993 -0.017953 -0.000249798 0.000321499 -0.017953 0.0871493 0.000316873 -0.000945993 -0.000249798 0.000316873 0.0100127 -0.0186562 0.000321499 -0.000945993 -0.0186562 0.0891176 
0.00963324 -0.0178578 -0.000291448 0.000331191 -0.0178578 0.0881983 0.000333399 -0.000810314 -0.000291448 0.000333399 0.0101543 -0.0185511 0.000331191 -0.000810314 -0.0185511 0.089872 
0.00973538 -0.0179855 -0.000311566 0.000358515 -0.0179855 0.0887751 0.000360649 -0.000830132 -0.000311566 0.000360649 0.0102838 -0.0186321 0.000358515 -0.000830132 -0.0186321 0.0903542 
0.00975363 -0.0180549 -0.000333386 0.00038131 -0.0180549 0.0890724 0.000393812 -0.000912645 -0.000333386 0.000393812 0.0103808 -0.0187155 0.00038131 -0.000912645 -0.0187155 0.0906477 
0.00974407 -0.0180214 -0.000330273 0.000428739 -0.0180214 0.0890485 0.000434893 -0.00105236 -0.000330273 0.000434893 0.0104149 -0.018805 0.000428739 -0.00105236 -0.018805 0.0908578 
0.00975975 -0.018023 -0.000281355 0.00039145 -0.018023 0.0890243 0.00039145 -0.000990858 -0.000281355 0.00039145 0.0103959 -0.0188263 0.00039145 -0.000990858 -0.0188263 0.0909306 
0.00974768 -0.0180633 -0.000260372 0.000331568 -0.0180633 0.0890981 0.000325465 -0.000852312 -0.000260372 0.000325465 0.0103966 -0.0187956 0.000331568 -0.000852312 -0.0187956 0.0908984 
0.00972053 -0.0180501 -0.000263979 0.000318806 -0.0180501 0.0891133 0.000310683 -0.000795999 -0.000263979 0.000310683 0.0104251 -0.0188177 0.000318806 -0.000795999 -0.0188177 0.0909327 
0.00972491 -0.0180073 -0.000289721 0.000328216 -0.0180073 0.0890437 0.00032619 -0.000798253 -0.000289721 0.00032619 0.0104381 -0.0188744 0.000328216 -0.000798253 -0.0188744 0.0910717 
0.0097582 -0.01801 -0.000294779 0.000367965 -0.01801 0.089011 0.000367965 -0.000876205 -0.000294779 0.000367965 0.0103844 -0.018876 0.000367965 -0.000876205 -0.018876 0.0911172 
0.00976618 -0.0180299 -0.000266702 0.000346102 -0.0180299 0.0890133 0.000348138 -0.000865254 -0.000266702 0.000348138 0.0103566 -0.0188361 0.000346102 -0.000865254 -0.0188361 0.0911103 
0.00978673 -0.0180537 -0.000239741 0.000323041 -0.0180537 0.0890802 0.000329137 -0.000826905 -0.000239741 0.000329137 0.0103434 -0.0187994 0.000323041 -0.000826905 -0.0187994 0.0910428 
0.0097797 -0.0180764 -0.000240367 0.000321848 -0.0180764 0.0891234 0.000325922 -0.000843323 -0.000240367 0.000325922 0.0103358 -0.0187813 0.000321848 -0.000843323 -0.0187813 0.0909791 
0.00979251 -0.0180851 -0.000238444 0.000291432 -0.0180851 0.0891761 0.000291432 -0.000766282 -0.000238444 0.000291432 0.0103265 -0.0187698 0.000291432 -0.000766282 -0.0187698 0.0909389 
0.00978277 -0.0180804 -0.000252616 0.000309659 -0.0180804 0.0891695 0.000303547 -0.00077211 -0.000252616 0.000303547 0.0103349 -0.018771 0.000309659 -0.00077211 -0.018771 0.0909337 
0.00980225 -0.0180932 -0.000263719 0.000312406 -0.0180932 0.0892102 0.000304292 -0.000760729 -0.000263719 0.000304292 0.01035 -0.0187667 0.000312406 -0.000760729 -0.0187667 0.0909203 
0.0098123 -0.0180985 -0.000282091 0.000322679 -0.0180985 0.0892178 0.000318621 -0.000773213 -0.000282091 0.000318621 0.010342 -0.0187844 0.000322679 -0.000773213 -0.0187844 0.0909449 
0.00981371 -0.018119 -0.000274069 0.000345124 -0.018119 0.0892654 0.000339034 -0.000820178 -0.000274069 0.000339034 0.0103537 -0.0187849 0.000345124 -0.000820178 -0.0187849 0.0909667 
0.00982529 -0.0181384 -0.000279738 0.000360821 -0.0181384 0.0893377 0.000360821 -0.000893945 -0.000279738 0.000360821 0.0103604 -0.0187891 0.000360821 -0.000893945 -0.0187891 0.0909594 
0.00981644 -0.0181479 -0.000279198 0.000347986 -0.0181479 0.0893636 0.000352032 -0.000888173 -0.000279198 0.000352032 0.0103829 -0.0187953 0.000347986 -0.000888173 -0.0187953 0.09097 
0.00976856 -0.0181243 -0.000300726 0.000361275 -0.0181243 0.08934 0.000363294 -0.000902179 -0.000300726 0.000363294 0.0104366 -0.0188247 0.000361275 -0.000902179 -0.0188247 0.0910192 
0.0097494 -0.0180773 -0.000324175 0.000382566 -0.0180773 0.0892648 0.00038458 -0.000956416 -0.000324175 0.00038458 0.0104602 -0.0188907 0.000382566 -0.000956416 -0.0188907 0.0911414 
0.00973007 -0.0180347 -0.000312508 0.000403236 -0.0180347 0.0891251 0.000403236 -0.000991959 -0.000312508 0.000403236 0.010466 -0.0189339 0.000403236 -0.000991959 -0.0189339 0.0912885 
0.00971672 -0.018024 -0.000282287 0.000373022 -0.018024 0.0890817 0.000375039 -0.000939613 -0.000282287 0.000375039 0.0104789 -0.0189415 0.000373022 -0.000939613 -0.0189415 0.0913521 
0.00971464 -0.0180227 -0.000250232 0.000324897 -0.0180227 0.0890905 0.000330951 -0.000847559 -0.000250232 0.000330951 0.0104815 -0.0189429 0.000324897 -0.000847559 -0.0189429 0.0913628 
0.00972844 -0.0180539 -0.000267718 0.000316028 -0.0180539 0.0891824 0.000316028 -0.000801142 -0.000267718 0.000316028 0.0105034 -0.0189295 0.000316028 -0.000801142 -0.0189295 0.0913322 
0.00972077 -0.0180508 -0.000290232 0.000334574 -0.0180508 0.08919 0.000334574 -0.000824341 -0.000290232 0.000334574 0.0105209 -0.0189659 0.000334574 -0.000824341 -0.0189659 0.091389 
0.00973857 -0.0180301 -0.00031194 0.000368291 -0.0180301 0.0891445 0.000362253 -0.000889533 -0.00031194 0.000362253 0.0105214 -0.0190102 0.000368291 -0.000889533 -0.0190102 0.0915031 
0.00974917 -0.0180135 -0.000310265 0.000366677 -0.0180135 0.0890622 0.000360633 -0.000886471 -0.000310265 0.000360633 0.0105107 -0.019039 0.000366677 -0.000886471 -0.019039 0.0916208 
0.00975648 -0.0180484 -0.000300168 0.000374707 -0.0180484 0.0891037 0.000374707 -0.000908563 -0.000300168 0.000374707 0.0104958 -0.0190013 0.000374707 -0.000908563 -0.0190013 0.0915836 
0.0097268 -0.0180379 -0.000275895 0.0003786 -0.0180379 0.0890939 0.000372559 -0.000934418 -0.000275895 0.000372559 0.0104961 -0.0189804 0.0003786 -0.000934418 -0.0189804 0.0915105 
0.00974209 -0.0180386 -0.000260085 0.000334683 -0.0180386 0.0891204 0.000336699 -0.000868966 -0.000260085 0.000336699 0.0104619 -0.0189539 0.000334683 -0.000868966 -0.0189539 0.0914148 
0.00975178 -0.0180507 -0.000254605 0.000333411 -0.0180507 0.0891441 0.000333411 -0.000842622 -0.000254605 0.000333411 0.0104085 -0.0189014 0.000333411 -0.000842622 -0.0189014 0.091278 
0.00976938 -0.0180528 -0.000241897 0.000302879 -0.0180528 0.0891339 0.000300847 -0.000766346 -0.000241897 0.000300847 0.0103426 -0.0188558 0.000302879 -0.000766346 -0.0188558 0.0911626 
0.0097696 -0.0180808 -0.00025019 0.000301041 -0.0180808 0.0891997 0.000303075 -0.000760739 -0.00025019 0.000303075 0.010329 -0.0187724 0.000301041 -0.000760739 -0.0187724 0.0909856 
0.00976331 -0.0180874 -0.000262225 0.00032524 -0.0180874 0.0892561 0.000327273 -0.000811068 -0.000262225 0.000327273 0.0103386 -0.018744 0.00032524 -0.000811068 -0.018744 0.0908518 
0.00973798 -0.0180845 -0.000255942 0.000318912 -0.0180845 0.0892527 0.000316881 -0.000808452 -0.000255942 0.000316881 0.0103697 -0.0187467 0.000318912 -0.000808452 -0.0187467 0.0908168 
0.00971201 -0.0180493 -0.000233169 0.000312244 -0.0180493 0.0891862 0.000306161 -0.000778582 -0.000233169 0.000306161 0.0104196 -0.0187955 0.000312244 -0.000778582 -0.0187955 0.0909015 
0.00970433 -0.0180058 -0.000222995 0.000287866 -0.0180058 0.0890722 0.000279757 -0.000725747 -0.000222995 0.000279757 0.0104179 -0.0188431 0.000287866 -0.000725747 -0.0188431 0.0909941 
0.00972823 -0.0179872 -0.000218566 0.000273208 -0.0179872 0.0889869 0.000263089 -0.000675937 -0.000218566 0.000263089 0.0104021 -0.0188696 0.000273208 -0.000675937 -0.0188696 0.0911139 
0.00972349 -0.017988 -0.000204386 0.000252952 -0.017988 0.088934 0.000252952 -0.000617204 -0.000204386 0.000252952 0.0104055 -0.0188763 0.000252952 -0.000617204 -0.0188763 0.0911964 
0.00973714 -0.0179934 -0.000190686 0.000243428 -0.0179934 0.0889346 0.000249514 -0.000604514 -0.000190686 0.000249514 0.0103802 -0.0188698 0.000243428 -0.000604514 -0.0188698 0.0911802 
0.00972865 -0.0180059 -0.000184979 0.000227666 -0.0180059 0.0889625 0.000233764 -0.000581361 -0.000184979 0.000233764 0.010373 -0.0188353 0.000227666 -0.000581361 -0.0188353 0.0911314 
0.0097278 -0.018028 -0.000204817 0.000255514 -0.018028 0.0890467 0.00025957 -0.00064487 -0.000204817 0.00025957 0.0103706 -0.0187925 0.000255514 -0.00064487 -0.0187925 0.0910118 
0.00972697 -0.0180175 -0.000234677 0.000273116 -0.0180175 0.0890539 0.000279185 -0.00068987 -0.000234677 0.000279185 0.0103865 -0.0188065 0.000273116 -0.00068987 -0.0188065 0.0909981 
0.00973519 -0.0180229 -0.000271661 0.000289907 -0.0180229 0.0890683 0.000295989 -0.000715644 -0.000271661 0.000295989 0.0103758 -0.0188156 0.000289907 -0.000715644 -0.0188156 0.0909983 
0.00974665 -0.0180394 -0.000286308 0.000324888 -0.0180394 0.0890945 0.000324888 -0.000769579 -0.000286308 0.000324888 0.0103538 -0.0187988 0.000324888 -0.000769579 -0.0187988 0.0909748 
0.00973868 -0.0180322 -0.000281276 0.000344461 -0.0180322 0.0890667 0.000344461 -0.000827523 -0.000281276 0.000344461 0.01034 -0.0187945 0.000344461 -0.000827523 -0.0187945 0.0909704 
0.00974321 -0.0180489 -0.000264706 0.000352263 -0.0180489 0.0891224 0.000354299 -0.000877602 -0.000264706 0.000354299 0.0103419 -0.0187514 0.000352263 -0.000877602 -0.0187514 0.0908837 
0.00975576 -0.0180435 -0.000265435 0.000367525 -0.0180435 0.0891168 0.000365484 -0.000939232 -0.000265435 0.000365484 0.010303 -0.0187356 0.000367525 -0.000939232 -0.0187356 0.0908033 
0.00974634 -0.0180304 -0.000250847 0.0003467 -0.0180304 0.0890569 0.0003467 -0.000917734 -0.000250847 0.0003467 0.0102827 -0.0187136 0.0003467 -0.000917734 -0.0187136 0.0907456 
0.00975871 -0.0180386 -0.000242389 0.00031368 -0.0180386 0.089077 0.000315717 -0.000845307 -0.000242389 0.000315717 0.010272 -0.0186721 0.00031368 -0.000845307 -0.0186721 0.0906536 
0.00975036 -0.0180467 -0.000234188 0.000297317 -0.0180467 0.0890993 0.000293244 -0.000763656 -0.000234188 0.000293244 0.0102717 -0.0186576 0.000297317 -0.000763656 -0.0186576 0.0905859 
0.00975728 -0.0180246 -0.000209944 0.000262939 -0.0180246 0.0890426 0.000256824 -0.000648175 -0.000209944 0.000256824 0.0102526 -0.0186707 0.000262939 -0.000648175 -0.0186707 0.0906059 
0.00974858 -0.0180324 -0.000223778 0.000250224 -0.0180324 0.0890229 0.00024819 -0.0006042 -0.000223778 0.00024819 0.0102612 -0.0186529 0.000250224 -0.0006042 -0.0186529 0.0905934 
0.0097083 -0.0179854 -0.000230713 0.000277672 -0.0179854 0.0888978 0.000279713 -0.000651304 -0.000230713 0.000279713 0.0102636 -0.0186795 0.000277672 -0.000651304 -0.0186795 0.0906353 
0.00968179 -0.0179265 -0.000214334 0.000289862 -0.0179265 0.0887528 0.000295985 -0.000706282 -0.000214334 0.000295985 0.0102533 -0.0186838 0.000289862 -0.000706282 -0.0186838 0.0906756 
0.00969886 -0.0179118 -0.000205579 0.000274784 -0.0179118 0.0886901 0.00028089 -0.000710367 -0.000205579 0.00028089 0.0102362 -0.0186731 0.000274784 -0.000710367 -0.0186731 0.0906808 
0.00973809 -0.0179685 -0.000183123 0.000240095 -0.0179685 0.0887884 0.000252303 -0.000636862 -0.000183123 0.000252303 0.0102183 -0.0186338 0.000240095 -0.000636862 -0.0186338 0.0906033 
0.00976179 -0.0180247 -0.000189135 0.000229809 -0.0180247 0.0889442 0.000231843 -0.00059791 -0.000189135 0.000231843 0.0102031 -0.0185901 0.000229809 -0.00059791 -0.0185901 0.0904735 
0.00975871 -0.0180435 -0.000191627 0.000240553 -0.0180435 0.0890332 0.000238515 -0.000587113 -0.000191627 0.000238515 0.0101766 -0.0185654 0.000240553 -0.000587113 -0.0185654 0.0903787 
0.00972926 -0.018028 -0.000200561 0.000259911 -0.018028 0.0890205 0.000253771 -0.000636475 -0.000200561 0.000253771 0.0101877 -0.0185662 0.000259911 -0.000636475 -0.0185662 0.0903733 
0.0097083 -0.0180013 -0.000204816 0.000243732 -0.0180013 0.0889825 0.000249876 -0.00062469 -0.000204816 0.000249876 0.0101978 -0.0185564 0.000243732 -0.00062469 -0.0185564 0.0903466 
0.00969672 -0.0179983 -0.000215119 0.00024585 -0.0179983 0.0889833 0.000241752 -0.000594137 -0.000215119 0.000241752 0.0102069 -0.0185535 0.00024585 -0.000594137 -0.0185535 0.0902924 
0.00969691 -0.0179557 -0.000234205 0.000279402 -0.0179557 0.0888808 0.000275294 -0.000663581 -0.000234205 0.000275294 0.0101797 -0.0185638 0.000279402 -0.000663581 -0.0185638 0.0902984 
0.00968835 -0.0179496 -0.00022965 0.000299365 -0.0179496 0.0888212 0.000295264 -0.000725858 -0.00022965 0.000295264 0.0101948 -0.0185545 0.000299365 -0.000725858 -0.0185545 0.090316 
0.00969619 -0.0179378 -0.00022535 0.000282712 -0.0179378 0.0888042 0.000282712 -0.000712925 -0.00022535 0.000282712 0.0101817 -0.0185545 0.000282712 -0.000712925 -0.0185545 0.0902936 
0.00971458 -0.0179543 -0.000200469 0.000274111 -0.0179543 0.0888161 0.000274111 -0.000701642 -0.000200469 0.000274111 0.010181 -0.0185598 0.000274111 -0.000701642 -0.0185598 0.0903053 
0.00971181 -0.0179983 -0.000187865 0.000245041 -0.0179983 0.0889153 0.000242999 -0.00062894 -0.000187865 0.000242999 0.0102141 -0.0185394 0.000245041 -0.00062894 -0.0185394 0.0902794 
0.00969975 -0.017965 -0.000183129 0.000227894 -0.017965 0.0888767 0.000229929 -0.000577875 -0.000183129 0.000229929 0.0102451 -0.0185998 0.000227894 -0.000577875 -0.0185998 0.0903702 
0.00972131 -0.0179707 -0.000217839 0.00025652 -0.0179707 0.0888802 0.000260592 -0.000649445 -0.000217839 0.000260592 0.010214 -0.0186099 0.00025652 -0.000649445 -0.0186099 0.0904112 
0.00972568 -0.0179973 -0.000212986 0.000286712 -0.0179973 0.0889135 0.000284664 -0.000712684 -0.000212986 0.000284664 0.0101742 -0.0185707 0.000286712 -0.000712684 -0.0185707 0.0903675 
0.00971802 -0.0180076 -0.000229867 0.000295543 -0.0180076 0.0889625 0.00029349 -0.000761433 -0.000229867 0.00029349 0.0101613 -0.0185268 0.000295543 -0.000761433 -0.0185268 0.090274 
0.00970075 -0.0179548 -0.000222249 0.000277811 -0.0179548 0.0888398 0.000269579 -0.000709961 -0.000222249 0.000269579 0.0101596 -0.0185454 0.000277811 -0.000709961 -0.0185454 0.0903091 
0.00967994 -0.0179273 -0.000235696 0.000270538 -0.0179273 0.0887366 0.000266439 -0.000680445 -0.000235696 0.000266439 0.0101964 -0.0185565 0.000270538 -0.000680445 -0.0185565 0.0903619 
0.00968019 -0.0179035 -0.00024758 0.000276226 -0.0179035 0.0886502 0.000276226 -0.000667035 -0.00024758 0.000276226 0.010202 -0.0185869 0.000276226 -0.000667035 -0.0185869 0.0904057 
0.009678 -0.017908 -0.000247472 0.000302693 -0.017908 0.0886543 0.000300648 -0.000721964 -0.000247472 0.000300648 0.0102057 -0.0185829 0.000302693 -0.000721964 -0.0185829 0.0904091 
0.00967723 -0.0179304 -0.000268413 0.000327833 -0.0179304 0.0887137 0.000329882 -0.000813436 -0.000268413 0.000329882 0.0101936 -0.0185636 0.000327833 -0.000813436 -0.0185636 0.0903508 
0.0096785 -0.0179289 -0.000272894 0.000340604 -0.0179289 0.0887356 0.000344708 -0.000863822 -0.000272894 0.000344708 0.0101915 -0.018567 0.000340604 -0.000863822 -0.018567 0.0903566 
0.00968528 -0.0179072 -0.000272969 0.000334542 -0.0179072 0.0886802 0.000334542 -0.000853799 -0.000272969 0.000334542 0.010182 -0.0185866 0.000334542 -0.000853799 -0.0185866 0.0904021 
0.00970072 -0.0179425 -0.000242467 0.000328768 -0.0179425 0.0887448 0.000328768 -0.000823975 -0.000242467 0.000328768 0.0101651 -0.0185466 0.000328768 -0.000823975 -0.0185466 0.0903311 
0.00969495 -0.0179407 -0.000202021 0.000280356 -0.0179407 0.0887573 0.000282417 -0.000735934 -0.000202021 0.000282417 0.0101546 -0.0185323 0.000280356 -0.000735934 -0.0185323 0.0902807 
0.00969766 -0.0179477 -0.000203577 0.000259098 -0.0179477 0.0887718 0.00026321 -0.000682702 -0.000203577 0.00026321 0.0101439 -0.0184988 0.000259098 -0.000682702 -0.0184988 0.0901886 
0.00968956 -0.0179168 -0.000186891 0.000254664 -0.0179168 0.0886929 0.000248503 -0.000640768 -0.000186891 0.000248503 0.0101311 -0.0184981 0.000254664 -0.000640768 -0.0184981 0.0901511 
0.00966477 -0.0178677 -0.000168119 0.000235776 -0.0178677 0.088537 0.000229625 -0.000598666 -0.000168119 0.000229625 0.0101384 -0.0185115 0.000235776 -0.000598666 -0.0185115 0.0902038 
0.00967258 -0.0178683 -0.000172066 0.000210986 -0.0178683 0.0885117 0.000206889 -0.000538731 -0.000172066 0.000206889 0.0101089 -0.0184951 0.000210986 -0.000538731 -0.0184951 0.0901668 
0.00969907 -0.0179216 -0.000176608 0.000203305 -0.0179216 0.0886388 0.000203305 -0.00049902 -0.000176608 0.000203305 0.0100646 -0.0184288 0.000203305 -0.00049902 -0.0184288 0.0900044 
0.00971432 -0.0179284 -0.000189588 0.000232863 -0.0179284 0.0886715 0.000228742 -0.000552278 -0.000189588 0.000228742 0.0100234 -0.0183921 0.000232863 -0.000552278 -0.0183921 0.0899038 
0.00976484 -0.0179761 -0.000208377 0.000257893 -0.0179761 0.0888017 0.000257893 -0.000639574 -0.000208377 0.000257893 0.00995259 -0.0183083 0.000257893 -0.000639574 -0.0183083 0.0896971 
0.00977016 -0.018036 -0.000206078 0.000272023 -0.018036 0.0889392 0.000274084 -0.000688301 -0.000206078 0.000274084 0.00995357 -0.0182317 0.000272023 -0.000688301 -0.0182317 0.0895244 
0.0097355 -0.0180103 -0.000175619 0.000245867 -0.0180103 0.0889315 0.000237602 -0.000632229 -0.000175619 0.000237602 0.00997103 -0.018252 0.000245867 -0.000632229 -0.018252 0.0894872 
0.0097207 -0.0179893 -0.000165953 0.000221962 -0.0179893 0.0889073 0.000219888 -0.000576687 -0.000165953 0.000219888 0.00996963 -0.0182507 0.000221962 -0.000576687 -0.0182507 0.0894612 
0.00969683 -0.0179421 -0.000172601 0.000222509 -0.0179421 0.0887874 0.000212112 -0.000561472 -0.000172601 0.000212112 0.00997756 -0.0182707 0.000222509 -0.000561472 -0.0182707 0.089509 
0.00966749 -0.0179024 -0.000161712 0.00020525 -0.0179024 0.088666 0.000209397 -0.000522455 -0.000161712 0.000209397 0.0100117 -0.0182901 0.00020525 -0.000522455 -0.0182901 0.0895886 
0.00966698 -0.0178795 -0.000169415 0.000202471 -0.0178795 0.088575 0.000210736 -0.000528905 -0.000169415 0.000210736 0.0100285 -0.0183299 0.000202471 -0.000528905 -0.0183299 0.0896597 
0.00967313 -0.0178914 -0.000195771 0.000230803 -0.0178914 0.0885872 0.000239046 -0.000587312 -0.000195771 0.000239046 0.0100502 -0.0183365 0.000230803 -0.000587312 -0.0183365 0.0896918 
0.00969723 -0.0179102 -0.000189657 0.000235009 -0.0179102 0.0886439 0.000247378 -0.000595769 -0.000189657 0.000247378 0.0100312 -0.0183452 0.000235009 -0.000595769 -0.0183452 0.0897056 
0.00972067 -0.0179331 -0.000190075 0.000229329 -0.0179331 0.0886885 0.000235527 -0.000597083 -0.000190075 0.000235527 0.0100037 -0.0183381 0.000229329 -0.000597083 -0.0183381 0.0897029 
0.0096982 -0.0179232 -0.000192968 0.000242766 -0.0179232 0.0886533 0.000246916 -0.000620403 -0.000192968 0.000246916 0.00999907 -0.018334 0.000242766 -0.000620403 -0.018334 0.0897343 
0.00971133 -0.0179332 -0.000182295 0.000244441 -0.0179332 0.0886926 0.000254798 -0.000625602 -0.000182295 0.000254798 0.00998892 -0.018304 0.000244441 -0.000625602 -0.018304 0.0896745 
0.00971563 -0.0179366 -0.0001739 0.000225656 -0.0179366 0.0886911 0.000233937 -0.000596229 -0.0001739 0.000233937 0.0099889 -0.0182968 0.000225656 -0.000596229 -0.0182968 0.0896414 
0.00972116 -0.0179498 -0.000186308 0.000204939 -0.0179498 0.0887242 0.00021322 -0.000532014 -0.000186308 0.00021322 0.0099882 -0.0182893 0.000204939 -0.000532014 -0.0182893 0.0896102 
0.00971621 -0.0179545 -0.000183714 0.000231191 -0.0179545 0.0887443 0.000231191 -0.000555271 -0.000183714 0.000231191 0.00999694 -0.0182785 0.000231191 -0.000555271 -0.0182785 0.0895741 
0.00970053 -0.017959 -0.00018155 0.000231063 -0.017959 0.0887613 0.000226937 -0.000565279 -0.00018155 0.000226937 0.01001 -0.0182808 0.000231063 -0.000565279 -0.0182808 0.0895452 
0.00968496 -0.0179376 -0.000169476 0.00023148 -0.0179376 0.0887333 0.000223213 -0.000564233 -0.000169476 0.000223213 0.0100115 -0.0182973 0.00023148 -0.000564233 -0.0182973 0.08956 
0.009661 -0.0179049 -0.00016343 0.000225492 -0.0179049 0.088666 0.000211011 -0.000558559 -0.00016343 0.000211011 0.0100251 -0.0183207 0.000225492 -0.000558559 -0.0183207 0.0896321 
0.00963282 -0.0178615 -0.000184054 0.000225414 -0.0178615 0.0885318 0.000221278 -0.000574909 -0.000184054 0.000221278 0.0100506 -0.0183516 0.000225414 -0.000574909 -0.0183516 0.089723 
0.00963052 -0.0178265 -0.000174951 0.000211999 -0.0178265 0.0884407 0.000214057 -0.000528969 -0.000174951 0.000214057 0.0100792 -0.0183925 0.000211999 -0.000528969 -0.0183925 0.0898444 
0.00963671 -0.0178214 -0.000195659 0.000224493 -0.0178214 0.0883822 0.000224493 -0.000558143 -0.000195659 0.000224493 0.0100733 -0.0184187 0.000224493 -0.000558143 -0.0184187 0.0899289 
0.00966484 -0.0178521 -0.000221944 0.000254825 -0.0178521 0.0884345 0.00025277 -0.000626787 -0.000221944 0.00025277 0.0100532 -0.0184029 0.000254825 -0.000626787 -0.0184029 0.0899244 
0.00968954 -0.0178898 -0.000228806 0.000283965 -0.0178898 0.0885317 0.000279879 -0.000690505 -0.000228806 0.000279879 0.0100573 -0.0183801 0.000283965 -0.000690505 -0.0183801 0.0898923 
0.00970749 -0.017911 -0.000227933 0.000288986 -0.017911 0.0886048 0.000291021 -0.000722465 -0.000227933 0.000291021 0.0100799 -0.0184076 0.000288986 -0.000722465 -0.0184076 0.089948 
0.00971092 -0.0179632 -0.000224412 0.000293776 -0.0179632 0.0887508 0.000299896 -0.00075076 -0.000224412 0.000299896 0.0100904 -0.018414 0.000293776 -0.00075076 -0.018414 0.0899545 
0.00971545 -0.0179635 -0.00022575 0.000285266 -0.0179635 0.0888223 0.000287318 -0.000738818 -0.00022575 0.000287318 0.0100767 -0.0184314 0.000285266 -0.000738818 -0.0184314 0.0899921 
0.00974538 -0.0179867 -0.000217797 0.000287656 -0.0179867 0.0888776 0.000289711 -0.000745852 -0.000217797 0.000289711 0.0100474 -0.0184079 0.000287656 -0.000745852 -0.0184079 0.0899604 
0.00974766 -0.0179924 -0.000224108 0.000283733 -0.0179924 0.0888906 0.000285789 -0.000738117 -0.000224108 0.000285789 0.0100458 -0.0183892 0.000283733 -0.000738117 -0.0183892 0.0899351 
0.00974105 -0.0180034 -0.000224477 0.0002842 -0.0180034 0.0889133 0.000288319 -0.000731094 -0.000224477 0.000288319 0.0100294 -0.0183659 0.0002842 -0.000731094 -0.0183659 0.0898524 
0.00970605 -0.0180049 -0.000231097 0.000288871 -0.0180049 0.0889206 0.000284744 -0.000738683 -0.000231097 0.000284744 0.0100527 -0.0183392 0.000288871 -0.000738683 -0.0183392 0.0897707 
0.00969578 -0.0179557 -0.000233459 0.000280977 -0.0179557 0.0888446 0.000278911 -0.000710707 -0.000233459 0.000278911 0.0100532 -0.0183668 0.000280977 -0.000710707 -0.0183668 0.0897722 
0.00968422 -0.0179321 -0.000235948 0.000285621 -0.0179321 0.088762 0.000277343 -0.000705775 -0.000235948 0.000277343 0.0100526 -0.0183729 0.000285621 -0.000705775 -0.0183729 0.089799 
0.00968289 -0.0179054 -0.000229609 0.000297871 -0.0179054 0.0886726 0.000291666 -0.000721925 -0.000229609 0.000291666 0.0100428 -0.018377 0.000297871 -0.000721925 -0.018377 0.0898145 
0.00967357 -0.0179057 -0.00021124 0.000287867 -0.0179057 0.0886361 0.00027337 -0.000704135 -0.00021124 0.00027337 0.010036 -0.0183531 0.000287867 -0.000704135 -0.0183531 0.0897565 
0.00966631 -0.0178882 -0.00018597 0.000250026 -0.0178882 0.0885899 0.000245894 -0.000636431 -0.00018597 0.000245894 0.0100444 -0.0183573 0.000250026 -0.000636431 -0.0183573 0.0897657 
0.00969506 -0.0178678 -0.00018565 0.000231031 -0.0178678 0.0885324 0.000231031 -0.000598206 -0.00018565 0.000231031 0.0100189 -0.0183711 0.000231031 -0.000598206 -0.0183711 0.0897886 
0.00971568 -0.017905 -0.000194148 0.000249914 -0.017905 0.0885626 0.000249914 -0.000623753 -0.000194148 0.000249914 0.00997798 -0.0183326 0.000249914 -0.000623753 -0.0183326 0.0897378 
0.00971993 -0.0179416 -0.000192453 0.000242119 -0.0179416 0.0886465 0.000246258 -0.000624956 -0.000192453 0.000246258 0.00995998 -0.0182769 0.000242119 -0.000624956 -0.0182769 0.0896232 
0.00969691 -0.0179336 -0.00019621 0.000231321 -0.0179336 0.0886684 0.000235452 -0.000586565 -0.00019621 0.000235452 0.00997573 -0.0182641 0.000231321 -0.000586565 -0.0182641 0.0895523 
0.00969677 -0.0179175 -0.000198188 0.000239477 -0.0179175 0.08865 0.000243606 -0.000596629 -0.000198188 0.000243606 0.00996722 -0.0182663 0.000239477 -0.000596629 -0.0182663 0.0895336 
0.00969971 -0.0179315 -0.000173912 0.000242234 -0.0179315 0.0886742 0.000244304 -0.000592128 -0.000173912 0.000244304 0.00994816 -0.0182462 0.000242234 -0.000592128 -0.0182462 0.0894651 
0.00967991 -0.0179231 -0.000162652 0.000221041 -0.0179231 0.0886727 0.000223126 -0.00057554 -0.000162652 0.000223126 0.00993014 -0.0182171 0.000221041 -0.00057554 -0.0182171 0.0893942 
0.00964713 -0.0178729 -0.000160716 0.00022542 -0.0178729 0.088567 0.000219158 -0.000573986 -0.000160716 0.000219158 0.00993726 -0.0182173 0.00022542 -0.000573986 -0.0182173 0.0893831 
0.00963888 -0.0178358 -0.000154422 0.000217026 -0.0178358 0.0884507 0.000219113 -0.000573867 -0.000154422 0.000219113 0.00993729 -0.0182177 0.000217026 -0.000573867 -0.0182177 0.0893814 
0.00963314 -0.0178639 -0.000145862 0.000197955 -0.0178639 0.0885007 0.000197955 -0.000520935 -0.000145862 0.000197955 0.0099457 -0.0181744 0.000197955 -0.000520935 -0.0181744 0.0892758 
0.00964898 -0.0178399 -0.000162238 0.000199677 -0.0178399 0.0884591 0.000197597 -0.000507513 -0.000162238 0.000197597 0.00993602 -0.0182081 0.000199677 -0.000507513 -0.0182081 0.0892952 
0.00969162 -0.0178516 -0.000178974 0.00021019 -0.0178516 0.0884525 0.000206028 -0.000520272 -0.000178974 0.000206028 0.00988933 -0.0181929 0.00021019 -0.000520272 -0.0181929 0.0892766 
0.00969894 -0.0178796 -0.000169168 0.000202583 -0.0178796 0.0884788 0.000202583 -0.000490795 -0.000169168 0.000202583 0.00985349 -0.0181511 0.000202583 -0.000490795 -0.0181511 0.0892224 
0.00967163 -0.0178876 -0.000158723 0.00017543 -0.0178876 0.0884983 0.000173342 -0.000415602 -0.000158723 0.000173342 0.0098763 -0.0181257 0.00017543 -0.000415602 -0.0181257 0.0891791 
0.00963542 -0.0178625 -0.000141667 0.000189583 -0.0178625 0.0884771 0.000189583 -0.000441667 -0.000141667 0.000189583 0.0099125 -0.0181333 0.000189583 -0.000441667 -0.0181333 0.0891479 
0.00960551 -0.0178171 -0.000125017 0.000177108 -0.0178171 0.0883832 0.000181275 -0.00045423 -0.000125017 0.000181275 0.00994097 -0.0181796 0.000177108 -0.00045423 -0.0181796 0.0892083 
0.00959636 -0.0177984 -0.000138807 0.000176099 -0.0177984 0.0883396 0.000182314 -0.000474431 -0.000138807 0.000182314 0.00996928 -0.0182024 0.000176099 -0.000474431 -0.0182024 0.0892739 
0.00962425 -0.017796 -0.000142566 0.000185956 -0.017796 0.0883331 0.000188022 -0.000489684 -0.000142566 0.000188022 0.00996723 -0.0182319 0.000185956 -0.000489684 -0.0182319 0.0893497 
0.00963436 -0.0178123 -0.000163435 0.000200673 -0.0178123 0.0883374 0.000194466 -0.000523404 -0.000163435 0.000194466 0.00995502 -0.018255 0.000200673 -0.000523404 -0.018255 0.0894401 
0.00964766 -0.017835 -0.000161797 0.000205358 -0.017835 0.0883888 0.000201209 -0.000531026 -0.000161797 0.000201209 0.00995466 -0.0182519 0.000205358 -0.000531026 -0.0182519 0.0894923 
0.00966612 -0.017838 -0.000172017 0.000209322 -0.017838 0.0883961 0.000205177 -0.000534704 -0.000172017 0.000205177 0.00993347 -0.0182566 0.000209322 -0.000534704 -0.0182566 0.089509 
0.00965127 -0.0178499 -0.000160023 0.000203666 -0.0178499 0.0884097 0.00019951 -0.000500852 -0.000160023 0.00019951 0.0099443 -0.0182364 0.000203666 -0.000500852 -0.0182364 0.0894904 
0.00963268 -0.0178341 -0.000162033 0.000193194 -0.0178341 0.0884059 0.000199426 -0.000492332 -0.000162033 0.000199426 0.00994636 -0.0182308 0.000193194 -0.000492332 -0.0182308 0.0894529 
