0.00773684 0 0.000354113 0 0 0.00998761 0 0 0.000354113 0 0.00696691 0 0 0 0 0.00998761 
0.0108427 -0.0134622 0.000423141 -0.000520977 -0.0134622 0.0350033 -0.000520977 0.000997928 0.000423141 -0.000520977 0.00989857 -0.0123004 -0.000520977 0.000997928 -0.0123004 0.0327702 
0.0107308 -0.0201515 0.000334403 -0.000581462 -0.0201515 0.0736411 -0.000581462 0.00183423 0.000334403 -0.000581462 0.0100745 -0.0188339 -0.000581462 0.00183423 -0.0188339 0.0694111 
0.0100529 -0.0195442 0.000283214 -0.000404246 -0.0195442 0.087213 -0.000409087 0.00143059 0.000283214 -0.000409087 0.0095494 -0.0186631 -0.000404246 0.00143059 -0.0186631 0.0837757 
0.0100453 -0.0187153 0.000291601 -0.000335227 -0.0187153 0.0895974 -0.000330635 0.000936798 0.000291601 -0.000330635 0.00950115 -0.0180173 -0.000335227 0.000936798 -0.0180173 0.087322 
0.0102281 -0.0185999 0.000298055 -0.000344078 -0.0185999 0.0901243 -0.000346269 0.000793352 0.000298055 -0.000346269 0.00964733 -0.0179227 -0.000344078 0.000793352 -0.0179227 0.0884061 
0.0103833 -0.0187192 0.000300658 -0.000357826 -0.0187192 0.0905722 -0.000355708 0.000813048 0.000300658 -0.000355708 0.00973328 -0.0180162 -0.000357826 0.000813048 -0.0180162 0.0889483 
0.0104203 -0.018852 0.000305136 -0.000375712 -0.018852 0.0909597 -0.000373636 0.000884272 0.000305136 -0.000373636 0.00977059 -0.0180363 -0.000375712 0.000884272 -0.0180363 0.0890832 
0.0104086 -0.0188511 0.000315723 -0.000383378 -0.0188511 0.0910554 -0.000381328 0.000941019 0.000315723 -0.000381328 0.00978332 -0.0180598 -0.000383378 0.000941019 -0.0180598 0.0891098 
0.0104008 -0.0188525 0.00031227 -0.000400032 -0.0188525 0.0910787 -0.000402073 0.000995998 0.00031227 -0.000402073 0.00976404 -0.0180423 -0.000400032 0.000995998 -0.0180423 0.0890438 
0.010389 -0.0188337 0.00030945 -0.000382741 -0.0188337 0.0910496 -0.000384777 0.000975175 0.00030945 -0.000384777 0.00977007 -0.0180458 -0.000382741 0.000975175 -0.0180458 0.0890524 
0.0103669 -0.0188101 0.000281509 -0.000395744 -0.0188101 0.0909844 -0.000395744 0.000999559 0.000281509 -0.000395744 0.00976712 -0.0180573 -0.000395744 0.000999559 -0.0180573 0.0890709 
0.0103563 -0.0187742 0.000252494 -0.00035227 -0.0187742 0.0909021 -0.000348198 0.000926492 0.000252494 -0.000348198 0.00975972 -0.0180676 -0.00035227 0.000926492 -0.0180676 0.0891203 
0.0103458 -0.0187882 0.000252829 -0.000303395 -0.0187882 0.0909133 -0.000303395 0.000805008 0.000252829 -0.000303395 0.00979966 -0.018054 -0.000303395 0.000805008 -0.018054 0.0891152 
0.0103163 -0.0187897 0.000270791 -0.00029302 -0.0187897 0.0909374 -0.000297062 0.000737603 0.000270791 -0.000297062 0.00981922 -0.0180662 -0.00029302 0.000737603 -0.0180662 0.0890924 
0.0102701 -0.0187456 0.000290645 -0.00031097 -0.0187456 0.0908784 -0.000317067 0.000737791 0.000290645 -0.000317067 0.00981689 -0.0180993 -0.00031097 0.000737791 -0.0180993 0.0891488 
0.0102269 -0.0186727 0.000287995 -0.000353356 -0.0186727 0.0907125 -0.000361526 0.000829264 0.000287995 -0.000361526 0.0098184 -0.0181212 -0.000353356 0.000829264 -0.0181212 0.0892418 
0.0102407 -0.0186294 0.000263105 -0.000348767 -0.0186294 0.0905917 -0.000350806 0.000864778 0.000263105 -0.000350806 0.00979606 -0.0181155 -0.000348767 0.000864778 -0.0181155 0.08927 
0.0102656 -0.0186204 0.000252867 -0.000332398 -0.0186204 0.0905163 -0.000330359 0.000858525 0.000252867 -0.000330359 0.0097619 -0.0181024 -0.000332398 0.000858525 -0.0181024 0.089254 
0.0103228 -0.0186886 0.000236229 -0.000319724 -0.0186886 0.0906225 -0.000321761 0.000818657 0.000236229 -0.000321761 0.00971188 -0.0180329 -0.000319724 0.000818657 -0.0180329 0.0891115 
0.010329 -0.0187373 0.000240588 -0.000301754 -0.0187373 0.0907506 -0.000305832 0.000795164 0.000240588 -0.000305832 0.00971323 -0.0179931 -0.000301754 0.000795164 -0.0179931 0.0890155 
0.010318 -0.0187502 0.000265612 -0.000304433 -0.0187502 0.0908231 -0.000310562 0.000776405 0.000265612 -0.000310562 0.00971937 -0.017986 -0.000304433 0.000776405 -0.017986 0.0889495 
0.0103151 -0.0187363 0.000275804 -0.00032075 -0.0187363 0.0908274 -0.000318707 0.00077838 0.000275804 -0.000318707 0.00971852 -0.0179886 -0.00032075 0.00077838 -0.0179886 0.0889356 
0.010318 -0.0187309 0.000283832 -0.000334881 -0.0187309 0.09081 -0.000336923 0.000818825 0.000283832 -0.000336923 0.00971768 -0.0179978 -0.000334881 0.000818825 -0.0179978 0.0889457 
0.0103141 -0.0187299 0.000277601 -0.000347002 -0.0187299 0.0907879 -0.000349043 0.000847093 0.000277601 -0.000349043 0.00972626 -0.0179971 -0.000347002 0.000847093 -0.0179971 0.088959 
0.0103022 -0.0187367 0.000249033 -0.000340889 -0.0187367 0.090799 -0.000342931 0.000851203 0.000249033 -0.000342931 0.00972453 -0.0179794 -0.000340889 0.000851203 -0.0179794 0.0888925 
0.0102773 -0.0186977 0.00024 -0.000307119 -0.0186977 0.0907283 -0.000307119 0.000793221 0.00024 -0.000307119 0.00974035 -0.0179899 -0.000307119 0.000793221 -0.0179899 0.0889038 
0.0102625 -0.018678 0.000240035 -0.000301061 -0.018678 0.0906561 -0.00030513 0.000770961 0.000240035 -0.00030513 0.00973364 -0.0179945 -0.000301061 0.000770961 -0.0179945 0.0889047 
0.0102431 -0.0186691 0.000243493 -0.000296693 -0.0186691 0.0906284 -0.000300785 0.000757078 0.000243493 -0.000300785 0.00969674 -0.0179694 -0.000296693 0.000757078 -0.0179694 0.0888421 
0.0102328 -0.0186477 0.000256488 -0.000289318 -0.0186477 0.0905812 -0.000287266 0.000716113 0.000256488 -0.000287266 0.00967061 -0.0179316 -0.000289318 0.000716113 -0.0179316 0.0887611 
0.0102229 -0.0186306 0.000268701 -0.000315877 -0.0186306 0.0905542 -0.000315877 0.000763028 0.000268701 -0.000315877 0.00965887 -0.0178942 -0.000315877 0.000763028 -0.0178942 0.0886774 
0.0102001 -0.0185895 0.000247833 -0.000323617 -0.0185895 0.0904386 -0.000325665 0.000786511 0.000247833 -0.000325665 0.00967982 -0.0179157 -0.000323617 0.000786511 -0.0179157 0.0886996 
0.0101958 -0.0185576 0.000206286 -0.000298196 -0.0185576 0.0903472 -0.000296153 0.000757744 0.000206286 -0.000296153 0.00970158 -0.0179469 -0.000298196 0.000757744 -0.0179469 0.0887746 
0.0102142 -0.0185507 0.000175333 -0.000258923 -0.0185507 0.0903049 -0.000258923 0.00069114 0.000175333 -0.000258923 0.0097147 -0.0179859 -0.000258923 0.00069114 -0.0179859 0.0888818 
0.0102314 -0.0186001 0.000181574 -0.000216256 -0.0186001 0.0903972 -0.000218297 0.000589605 0.000181574 -0.000218297 0.00969889 -0.0179636 -0.000216256 0.000589605 -0.0179636 0.088865 
0.0102395 -0.0186558 0.000196441 -0.000220996 -0.0186558 0.0905471 -0.00021895 0.000544306 0.000196441 -0.00021895 0.00966654 -0.0179068 -0.000220996 0.000544306 -0.0179068 0.0887014 
0.0102278 -0.0186374 0.000227785 -0.000260619 -0.0186374 0.0905498 -0.000258567 0.000613584 0.000227785 -0.000258567 0.00964291 -0.0178945 -0.000260619 0.000613584 -0.0178945 0.0886413 
0.0102156 -0.0186298 0.000242934 -0.000282051 -0.0186298 0.0905321 -0.000279992 0.00066704 0.000242934 -0.000279992 0.00961855 -0.0178495 -0.000282051 0.00066704 -0.0178495 0.0885269 
0.0101927 -0.0185909 0.000232824 -0.000309059 -0.0185909 0.0904573 -0.000306998 0.000735559 0.000232824 -0.000306998 0.00961996 -0.0178347 -0.000309059 0.000735559 -0.0178347 0.0884793 
0.0101419 -0.0185623 0.000218283 -0.000294476 -0.0185623 0.0903711 -0.000288298 0.000743396 0.000218283 -0.000288298 0.00966621 -0.0178353 -0.000294476 0.000743396 -0.0178353 0.0884765 
0.0101102 -0.0185008 0.000214191 -0.000275977 -0.0185008 0.0902343 -0.000271858 0.00070436 0.000214191 -0.000271858 0.0096901 -0.017887 -0.000275977 0.00070436 -0.017887 0.0885373 
0.0100838 -0.0184438 0.000221893 -0.000285584 -0.0184438 0.0900863 -0.000287639 0.000729369 0.000221893 -0.000287639 0.00971191 -0.0179219 -0.000285584 0.000729369 -0.0179219 0.088642 
0.0100719 -0.0184072 0.00023868 -0.000296293 -0.0184072 0.0899536 -0.000300408 0.00076748 0.00023868 -0.000300408 0.00971181 -0.0179607 -0.000296293 0.00076748 -0.0179607 0.0887479 
0.0100756 -0.0183918 0.000236373 -0.000285703 -0.0183918 0.0898771 -0.000287758 0.000727617 0.000236373 -0.000287758 0.00972005 -0.0179705 -0.000285703 0.000727617 -0.0179705 0.0888309 
0.0100695 -0.0183796 0.000229925 -0.000289459 -0.0183796 0.0898125 -0.000283301 0.000712357 0.000229925 -0.000283301 0.00973281 -0.0179937 -0.000289459 0.000712357 -0.0179937 0.0889071 
0.0100536 -0.0183918 0.000203873 -0.000282127 -0.0183918 0.0898255 -0.000275949 0.000700169 0.000203873 -0.000275949 0.00972617 -0.0179738 -0.000282127 0.000700169 -0.0179738 0.0888535 
0.0100333 -0.0183664 0.000171456 -0.000268545 -0.0183664 0.089785 -0.000264414 0.000696152 0.000171456 -0.000264414 0.00970687 -0.0179615 -0.000268545 0.000696152 -0.0179615 0.0888161 
0.0100304 -0.0183605 0.000146143 -0.00021201 -0.0183605 0.0897895 -0.000216127 0.000596923 0.000146143 -0.000216127 0.00969897 -0.0179221 -0.00021201 0.000596923 -0.0179221 0.0887151 
0.0100399 -0.0183614 0.00012714 -0.000174304 -0.0183614 0.0897872 -0.000178406 0.000479849 0.00012714 -0.000178406 0.00970157 -0.0179185 -0.000174304 0.000479849 -0.0179185 0.0886737 
0.0100398 -0.0183482 0.000116646 -0.000155528 -0.0183482 0.089746 -0.000155528 0.000401099 0.000116646 -0.000155528 0.00971643 -0.0179471 -0.000155528 0.000401099 -0.0179471 0.0887371 
0.0100544 -0.0183714 0.000110511 -0.000133022 -0.0183714 0.0898044 -0.000130976 0.000327439 0.000110511 -0.000130976 0.00971881 -0.017958 -0.000133022 0.000327439 -0.017958 0.0887688 
0.0100897 -0.0184172 0.000133028 -0.000133028 -0.0184172 0.089931 -0.000135075 0.000315174 0.000133028 -0.000135075 0.00969262 -0.0179383 -0.000133028 0.000315174 -0.0179383 0.0887276 
0.010094 -0.0184386 0.000137571 -0.000166317 -0.0184386 0.0899982 -0.000164264 0.000369594 0.000137571 -0.000164264 0.00968541 -0.0179315 -0.000166317 0.000369594 -0.0179315 0.0887292 
0.0101128 -0.0184478 0.000172447 -0.000184765 -0.0184478 0.0900401 -0.000180659 0.000441383 0.000172447 -0.000180659 0.00966527 -0.0179161 -0.000184765 0.000441383 -0.0179161 0.0886934 
0.0101023 -0.0184523 0.000154249 -0.000213892 -0.0184523 0.0900384 -0.000213892 0.000495654 0.000154249 -0.000213892 0.00968068 -0.0179094 -0.000213892 0.000495654 -0.0179094 0.0886995 
0.0101285 -0.018441 0.000128987 -0.000190409 -0.018441 0.0900285 -0.000194504 0.000493425 0.000128987 -0.000194504 0.00967399 -0.0179291 -0.000190409 0.000493425 -0.0179291 0.0887202 
0.0101578 -0.0184673 0.000108367 -0.000157438 -0.0184673 0.0900464 -0.000163572 0.000427332 0.000108367 -0.000163572 0.00965484 -0.0179152 -0.000157438 0.000427332 -0.0179152 0.0887215 
0.0101717 -0.0185121 0.000106274 -0.000132843 -0.0185121 0.0901511 -0.000147149 0.000376047 0.000106274 -0.000147149 0.00965459 -0.0178908 -0.000132843 0.000376047 -0.0178908 0.0886693 
0.0101794 -0.0185361 0.000106612 -0.000127114 -0.0185361 0.0902389 -0.000137365 0.000328037 0.000106612 -0.000137365 0.00963403 -0.0178801 -0.000127114 0.000328037 -0.0178801 0.088611 
0.0102032 -0.0185474 9.63344e-05 -0.00012093 -0.0185474 0.0902899 -0.00012503 0.000293102 9.63344e-05 -0.00012503 0.00961499 -0.0178629 -0.00012093 0.000293102 -0.0178629 0.0885887 
0.0102144 -0.0185839 0.000114539 -0.000134992 -0.0185839 0.0903792 -0.000128856 0.000321117 0.000114539 -0.000128856 0.00962738 -0.0178455 -0.000134992 0.000321117 -0.0178455 0.0885445 
0.0102043 -0.0186027 0.000128987 -0.000151508 -0.0186027 0.0904421 -0.000139224 0.000350106 0.000128987 -0.000139224 0.00965147 -0.0178493 -0.000151508 0.000350106 -0.0178493 0.0885216 
0.0101842 -0.0185938 0.000136037 -0.000193749 -0.0185938 0.0904438 -0.000183444 0.000461701 0.000136037 -0.000183444 0.00963388 -0.0178517 -0.000193749 0.000461701 -0.0178517 0.088494 
0.0101598 -0.0185584 0.000144874 -0.000186267 -0.0185584 0.0903747 -0.000177989 0.000469807 0.000144874 -0.000177989 0.00962587 -0.0178465 -0.000186267 0.000469807 -0.0178465 0.0884893 
0.010124 -0.0185222 0.000143293 -0.000172367 -0.0185222 0.0902727 -0.000174444 0.000440263 0.000143293 -0.000174444 0.00962557 -0.0178265 -0.000172367 0.000440263 -0.0178265 0.0884514 
0.0100934 -0.01846 0.000128526 -0.000155475 -0.01846 0.0901255 -0.000159621 0.000391796 0.000128526 -0.000159621 0.00964979 -0.0178402 -0.000155475 0.000391796 -0.0178402 0.088463 
0.0100737 -0.0184109 0.000117979 -0.000149026 -0.0184109 0.0899619 -0.000159375 0.000376704 0.000117979 -0.000159375 0.00966598 -0.0178707 -0.000149026 0.000376704 -0.0178707 0.0885254 
0.0100699 -0.0183817 0.000121897 -0.000150822 -0.0183817 0.0898443 -0.000159086 0.000396682 0.000121897 -0.000159086 0.00966499 -0.0178899 -0.000150822 0.000396682 -0.0178899 0.0885716 
0.0100539 -0.018379 0.000138546 -0.000175767 -0.018379 0.0897859 -0.000186106 0.00046113 0.000138546 -0.000186106 0.00966098 -0.0178807 -0.000175767 0.00046113 -0.0178807 0.0885679 
0.0100446 -0.0183859 0.0001361 -0.000177342 -0.0183859 0.0898218 -0.000181466 0.00045779 0.0001361 -0.000181466 0.00966309 -0.0178497 -0.000177342 0.00045779 -0.0178497 0.0884855 
0.0100334 -0.018355 0.00011329 -0.000156546 -0.018355 0.0897751 -0.000152426 0.000401664 0.00011329 -0.000152426 0.00966878 -0.017873 -0.000156546 0.000401664 -0.017873 0.0885145 
0.0100359 -0.0183464 0.000123241 -0.000160213 -0.0183464 0.0897439 -0.000160213 0.000421073 0.000123241 -0.000160213 0.00968056 -0.0178925 -0.000160213 0.000421073 -0.0178925 0.0885731 
0.0100571 -0.0183408 0.000123148 -0.000164197 -0.0183408 0.0897153 -0.00015804 0.000412545 0.000123148 -0.00015804 0.00966711 -0.0179242 -0.000164197 0.000412545 -0.0179242 0.0886644 
0.0100838 -0.0183831 0.000115267 -0.000154376 -0.0183831 0.0897871 -0.000158493 0.000403436 0.000115267 -0.000158493 0.00964953 -0.0179076 -0.000154376 0.000403436 -0.0179076 0.0886612 
0.0100823 -0.0184016 0.000113285 -0.000133882 -0.0184016 0.089841 -0.000138001 0.000352213 0.000113285 -0.000138001 0.00963333 -0.0178722 -0.000133882 0.000352213 -0.0178722 0.0886073 
0.0101023 -0.0184348 0.000117301 -0.000154344 -0.0184348 0.0899557 -0.000150228 0.000370425 0.000117301 -0.000150228 0.00960842 -0.0178216 -0.000154344 0.000370425 -0.0178216 0.0884596 
0.0101245 -0.0184343 0.000123444 -0.00015842 -0.0184343 0.0899661 -0.000148133 0.000380619 0.000123444 -0.000148133 0.0095772 -0.017813 -0.00015842 0.000380619 -0.017813 0.0884312 
0.0101573 -0.0184851 0.00010289 -0.000148161 -0.0184851 0.0900654 -0.00013993 0.000355998 0.00010289 -0.00013993 0.00955021 -0.017767 -0.000148161 0.000355998 -0.017767 0.0883183 
0.0101583 -0.0185119 9.68238e-05 -0.000121545 -0.0185119 0.0901491 -0.000127725 0.000335793 9.68238e-05 -0.000127725 0.00954847 -0.0177414 -0.000121545 0.000335793 -0.0177414 0.0882435 
0.01015 -0.0185041 6.7886e-05 -0.000106972 -0.0185041 0.090165 -0.000123429 0.000283887 6.7886e-05 -0.000123429 0.00956987 -0.017747 -0.000106972 0.000283887 -0.017747 0.0882415 
0.0101041 -0.0184862 5.54834e-05 -6.37032e-05 -0.0184862 0.0901338 -7.80878e-05 0.000205494 5.54834e-05 -7.80878e-05 0.00961712 -0.0177691 -6.37032e-05 0.000205494 -0.0177691 0.08827 
0.0100663 -0.0184312 5.96611e-05 -6.17184e-05 -0.0184312 0.0900203 -6.78902e-05 0.000156353 5.96611e-05 -6.78902e-05 0.00964864 -0.0178304 -6.17184e-05 0.000156353 -0.0178304 0.0883869 
0.0100371 -0.0183758 7.64453e-05 -7.85114e-05 -0.0183758 0.0898625 -8.05775e-05 0.000188014 7.64453e-05 -8.05775e-05 0.00964657 -0.0178717 -7.85114e-05 0.000188014 -0.0178717 0.0885113 
0.0100322 -0.0183412 9.95338e-05 -0.000114049 -0.0183412 0.0897464 -0.000109902 0.000261276 9.95338e-05 -0.000109902 0.00962783 -0.0178767 -0.000114049 0.000261276 -0.0178767 0.0885582 
0.0100284 -0.0183327 0.000120623 -0.000135182 -0.0183327 0.089696 -0.000137261 0.000322356 0.000120623 -0.000137261 0.00959789 -0.0178356 -0.000135182 0.000322356 -0.0178356 0.0884815 
0.0100136 -0.0183413 9.3663e-05 -0.00013321 -0.0183413 0.0897062 -0.000137372 0.000322617 9.3663e-05 -0.000137372 0.00960566 -0.0177876 -0.00013321 0.000322617 -0.0177876 0.0883616 
0.0100198 -0.0183491 9.14856e-05 -0.000118515 -0.0183491 0.0897599 -0.000122674 0.000326437 9.14856e-05 -0.000122674 0.00959767 -0.0177607 -0.000118515 0.000326437 -0.0177607 0.0882233 
0.0100176 -0.0183435 0.000105996 -0.000128858 -0.0183435 0.0897535 -0.000141328 0.000353319 0.000105996 -0.000141328 0.00959158 -0.0177512 -0.000128858 0.000353319 -0.0177512 0.0881677 
0.0100104 -0.0182987 8.94346e-05 -0.000128952 -0.0182987 0.0896218 -0.000133112 0.000347339 8.94346e-05 -0.000133112 0.00959447 -0.0177975 -0.000128952 0.000347339 -0.0177975 0.0882845 
0.00999773 -0.0182993 5.61904e-05 -8.94884e-05 -0.0182993 0.0895717 -8.74073e-05 0.000247654 5.61904e-05 -8.74073e-05 0.00959399 -0.0177853 -8.94884e-05 0.000247654 -0.0177853 0.0882897 
0.0100163 -0.0182893 5.38957e-05 -5.38957e-05 -0.0182893 0.0895664 -5.18228e-05 0.000157541 5.38957e-05 -5.18228e-05 0.00957893 -0.0177752 -5.38957e-05 0.000157541 -0.0177752 0.0882584 
0.0100189 -0.0182987 5.3765e-05 -7.03081e-05 -0.0182987 0.0895497 -6.61723e-05 0.000159227 5.3765e-05 -6.61723e-05 0.00958464 -0.0177735 -7.03081e-05 0.000159227 -0.0177735 0.0882677 
0.0100183 -0.0183012 3.3016e-05 -8.25399e-05 -0.0183012 0.0895641 -7.63494e-05 0.000193969 3.3016e-05 -7.63494e-05 0.0095932 -0.0177832 -8.25399e-05 0.000193969 -0.0177832 0.0882868 
0.0100024 -0.0183199 8.29046e-06 -5.3888e-05 -0.0183199 0.089622 -4.97428e-05 0.000167882 8.29046e-06 -4.97428e-05 0.00958585 -0.0177644 -5.3888e-05 0.000167882 -0.0177644 0.0882354 
0.00998843 -0.0182806 -8.32542e-06 -1.04068e-05 -0.0182806 0.0895608 -6.24407e-06 6.4522e-05 -8.32542e-06 -6.24407e-06 0.00958673 -0.0177956 -1.04068e-05 6.4522e-05 -0.0177956 0.0883078 
0.00998391 -0.018282 -1.24565e-05 2.07609e-06 -0.018282 0.0895625 6.22827e-06 4.15218e-06 -1.24565e-05 6.22827e-06 0.00960399 -0.0177734 2.07609e-06 4.15218e-06 -0.0177734 0.0882877 
0.00997037 -0.0182783 0 -4.15605e-06 -0.0182783 0.0895484 0 1.24682e-05 0 0 0.00960671 -0.0177692 -4.15605e-06 1.24682e-05 -0.0177692 0.0882413 
0.0099562 -0.0182492 -2.07378e-06 2.07378e-06 -0.0182492 0.0894855 -2.07378e-06 -6.22133e-06 -2.07378e-06 -2.07378e-06 0.00960988 -0.0177806 2.07378e-06 -6.22133e-06 -0.0177806 0.0882537 
0.0099415 -0.0182368 -1.66072e-05 -6.22771e-06 -0.0182368 0.0894361 -1.03795e-05 1.66072e-05 -1.66072e-05 -1.03795e-05 0.00962389 -0.0177967 -6.22771e-06 1.66072e-05 -0.0177967 0.0882819 
0.00993536 -0.0182141 8.31411e-06 4.15705e-06 -0.0182141 0.089387 8.31411e-06 2.07853e-06 8.31411e-06 8.31411e-06 0.00961734 -0.0178047 4.15705e-06 2.07853e-06 -0.0178047 0.0882937 
0.00995326 -0.018196 4.98806e-05 -2.07836e-05 -0.018196 0.0893278 -2.70187e-05 3.53321e-05 4.98806e-05 -2.70187e-05 0.00958539 -0.0177991 -2.07836e-05 3.53321e-05 -0.0177991 0.0883157 
0.00995749 -0.0182274 7.68036e-05 -6.4349e-05 -0.0182274 0.0893579 -6.85005e-05 0.000120395 7.68036e-05 -6.85005e-05 0.0095797 -0.0177603 -6.4349e-05 0.000120395 -0.0177603 0.0882432 
0.00996156 -0.0182528 9.98444e-05 -9.98444e-05 -0.0182528 0.0894439 -0.000104005 0.00022257 9.98444e-05 -0.000104005 0.00955594 -0.0177182 -9.98444e-05 0.00022257 -0.0177182 0.0881065 
0.00995501 -0.0182408 0.000110588 -0.00013354 -0.0182408 0.0894386 -0.00014606 0.000335937 0.000110588 -0.00014606 0.00954813 -0.0177066 -0.00013354 0.000335937 -0.0177066 0.0880678 
0.00992744 -0.0182181 0.000100341 -0.000119154 -0.0182181 0.0893888 -0.000131697 0.000321926 0.000100341 -0.000131697 0.00955535 -0.017708 -0.000119154 0.000321926 -0.017708 0.0880655 
0.00992828 -0.0181844 7.32483e-05 -0.00010464 -0.0181844 0.089298 -0.000115104 0.000284622 7.32483e-05 -0.000115104 0.0095432 -0.0177177 -0.00010464 0.000284622 -0.0177177 0.0880695 
0.00992792 -0.018198 3.972e-05 -8.15306e-05 -0.018198 0.0892948 -9.19832e-05 0.000248773 3.972e-05 -9.19832e-05 0.00953281 -0.0176775 -8.15306e-05 0.000248773 -0.0176775 0.0879862 
0.00992565 -0.0181869 2.9273e-05 -5.43642e-05 -0.0181869 0.0892806 -5.85461e-05 0.000181911 2.9273e-05 -5.85461e-05 0.00953255 -0.0176767 -5.43642e-05 0.000181911 -0.0176767 0.0879592 
0.00989516 -0.0181798 6.26672e-06 -1.25334e-05 -0.0181798 0.0892611 -2.2978e-05 6.8934e-05 6.26672e-06 -2.2978e-05 0.00957347 -0.0176868 -1.25334e-05 6.8934e-05 -0.0176868 0.0879806 
0.00990436 -0.0181583 4.17289e-06 -2.08645e-05 -0.0181583 0.0892394 -2.50373e-05 7.5112e-05 4.17289e-06 -2.50373e-05 0.00957261 -0.0177181 -2.08645e-05 7.5112e-05 -0.0177181 0.088023 
0.00989119 -0.0181245 -2.0828e-06 -6.24839e-06 -0.0181245 0.0891395 -8.33118e-06 3.54075e-05 -2.0828e-06 -8.33118e-06 0.00960377 -0.0177746 -6.24839e-06 3.54075e-05 -0.0177746 0.0881897 
0.00989938 -0.0181301 1.2515e-05 -1.04292e-05 -0.0181301 0.0891257 -2.08584e-06 3.12875e-05 1.2515e-05 -2.08584e-06 0.00960528 -0.0177922 -1.04292e-05 3.12875e-05 -0.0177922 0.0882643 
0.00990578 -0.0181582 3.12748e-05 -2.71048e-05 -0.0181582 0.0891812 -1.66799e-05 4.79547e-05 3.12748e-05 -1.66799e-05 0.0095972 -0.0177745 -2.71048e-05 4.79547e-05 -0.0177745 0.0882492 
0.0099278 -0.0181598 4.57215e-05 -4.9878e-05 -0.0181598 0.0892151 -3.94868e-05 0.000103913 4.57215e-05 -3.94868e-05 0.00959736 -0.0177794 -4.9878e-05 0.000103913 -0.0177794 0.0882508 
0.00996097 -0.0181975 5.38879e-05 -7.25414e-05 -0.0181975 0.0893068 -6.01057e-05 0.000167882 5.38879e-05 -6.01057e-05 0.00958376 -0.0177706 -7.25414e-05 0.000167882 -0.0177706 0.0882311 
0.0099687 -0.0182597 6.42073e-05 -8.90618e-05 -0.0182597 0.0894512 -7.66345e-05 0.000219548 6.42073e-05 -7.66345e-05 0.0095876 -0.017744 -8.90618e-05 0.000219548 -0.017744 0.0881546 
0.0100006 -0.0182687 6.80591e-05 -8.66206e-05 -0.0182687 0.0895327 -8.04334e-05 0.000224801 6.80591e-05 -8.04334e-05 0.00959014 -0.0177634 -8.66206e-05 0.000224801 -0.0177634 0.0881839 
0.0100169 -0.018307 5.59719e-05 -7.04831e-05 -0.018307 0.0896131 -6.84101e-05 0.000180354 5.59719e-05 -6.84101e-05 0.00956912 -0.0177597 -7.04831e-05 0.000180354 -0.0177597 0.0881847 
0.0100168 -0.0183098 2.69658e-05 -4.9783e-05 -0.0183098 0.0896302 -4.35602e-05 0.000122383 2.69658e-05 -4.35602e-05 0.00956871 -0.0177622 -4.9783e-05 0.000122383 -0.0177622 0.0882321 
0.0100414 -0.0183353 2.49064e-05 -4.56618e-05 -0.0183353 0.0897047 -4.56618e-05 0.000122457 2.49064e-05 -4.56618e-05 0.0095454 -0.0177292 -4.56618e-05 0.000122457 -0.0177292 0.0881647 
0.0100307 -0.018332 4.78642e-05 -5.61884e-05 -0.018332 0.0896913 -5.20263e-05 0.000151917 4.78642e-05 -5.20263e-05 0.00955203 -0.0177306 -5.61884e-05 0.000151917 -0.0177306 0.0881721 
0.0100192 -0.0183208 4.5693e-05 -5.81547e-05 -0.0183208 0.0896746 -6.23087e-05 0.000153695 4.5693e-05 -6.23087e-05 0.00957684 -0.0177414 -5.81547e-05 0.000153695 -0.0177414 0.0881938 
0.0100268 -0.0183092 5.60042e-05 -5.18557e-05 -0.0183092 0.089644 -5.80784e-05 0.00014727 5.60042e-05 -5.80784e-05 0.00958916 -0.0177782 -5.18557e-05 0.00014727 -0.0177782 0.0882501 
0.0100174 -0.0183272 6.23233e-05 -7.47879e-05 -0.0183272 0.0896562 -8.30977e-05 0.000193202 6.23233e-05 -8.30977e-05 0.00960194 -0.0177788 -7.47879e-05 0.000193202 -0.0177788 0.0882685 
0.0100227 -0.0183355 7.05532e-05 -8.09286e-05 -0.0183355 0.0897063 -8.50788e-05 0.000213735 7.05532e-05 -8.50788e-05 0.00960146 -0.0177773 -8.09286e-05 0.000213735 -0.0177773 0.0882641 
0.0100058 -0.0183195 6.01388e-05 -6.84338e-05 -0.0183195 0.0896669 -7.05075e-05 0.000174195 6.01388e-05 -7.05075e-05 0.00963465 -0.0178094 -6.84338e-05 0.000174195 -0.0178094 0.0883418 
0.00999341 -0.0183002 6.2161e-05 -6.6305e-05 -0.0183002 0.0896278 -6.6305e-05 0.000163691 6.2161e-05 -6.6305e-05 0.00965567 -0.0178402 -6.6305e-05 0.000163691 -0.0178402 0.0884095 
0.00999602 -0.0182994 7.67488e-05 -8.71203e-05 -0.0182994 0.0896157 -8.08974e-05 0.000192909 7.67488e-05 -8.08974e-05 0.00965998 -0.0178617 -8.71203e-05 0.000192909 -0.0178617 0.0884686 
0.0100258 -0.0183131 0.000101774 -0.000108005 -0.0183131 0.0896278 -0.000103851 0.00025132 0.000101774 -0.000103851 0.00962493 -0.017852 -0.000108005 0.00025132 -0.017852 0.0884709 
0.0100645 -0.0183645 0.000116257 -0.000139093 -0.0183645 0.0897526 -0.000132865 0.000334239 0.000116257 -0.000132865 0.00958706 -0.0178019 -0.000139093 0.000334239 -0.0178019 0.0883658 
0.0100753 -0.018391 0.000105576 -0.000155259 -0.018391 0.0898351 -0.000159399 0.000389183 0.000105576 -0.000159399 0.00958881 -0.0177679 -0.000155259 0.000389183 -0.0177679 0.0882866 
0.0100703 -0.0183914 8.69374e-05 -0.000122126 -0.0183914 0.0898436 -0.000126266 0.00034568 8.69374e-05 -0.000126266 0.00960659 -0.0177891 -0.000122126 0.00034568 -0.0177891 0.0883098 
0.0100662 -0.0184026 8.2764e-05 -0.000109662 -0.0184026 0.0898858 -0.0001138 0.000306227 8.2764e-05 -0.0001138 0.00961511 -0.0177901 -0.000109662 0.000306227 -0.0177901 0.0882906 
0.0100658 -0.0183895 7.66487e-05 -7.45771e-05 -0.0183895 0.0898654 -7.66487e-05 0.000200944 7.66487e-05 -7.66487e-05 0.00959766 -0.017797 -7.45771e-05 0.000200944 -0.017797 0.0883013 
0.0100541 -0.0184016 8.47142e-05 -7.64494e-05 -0.0184016 0.0898901 -8.05818e-05 0.000173561 8.47142e-05 -8.05818e-05 0.00961403 -0.0177776 -7.64494e-05 0.000173561 -0.0177776 0.0882784 
0.0100447 -0.0183985 9.48591e-05 -0.000127854 -0.0183985 0.0898954 -0.000129916 0.00029695 9.48591e-05 -0.000129916 0.00963026 -0.0177943 -0.000127854 0.00029695 -0.0177943 0.0882828 
0.0100321 -0.0183353 0.000121864 -0.000132191 -0.0183353 0.0897393 -0.000123929 0.000326347 0.000121864 -0.000123929 0.00964377 -0.0178603 -0.000132191 0.000326347 -0.0178603 0.0884566 
0.0100431 -0.0183349 0.000130108 -0.000140434 -0.0183349 0.0896859 -0.000138369 0.000332499 0.000130108 -0.000138369 0.00962801 -0.0178641 -0.000140434 0.000332499 -0.0178641 0.0885253 
0.0100521 -0.0183555 0.000115756 -0.000150896 -0.0183555 0.0897188 -0.00015503 0.000363803 0.000115756 -0.00015503 0.00960978 -0.0178346 -0.000150896 0.000363803 -0.0178346 0.0884703 
0.0100431 -0.0183542 9.27814e-05 -0.000123709 -0.0183542 0.0897217 -0.00012577 0.000321642 9.27814e-05 -0.00012577 0.00962659 -0.0178305 -0.000123709 0.000321642 -0.0178305 0.088466 
0.0100286 -0.0183249 9.86424e-05 -0.000133578 -0.0183249 0.0896598 -0.000129468 0.000345249 9.86424e-05 -0.000129468 0.00966696 -0.0178769 -0.000133578 0.000345249 -0.0178769 0.0885686 
0.0100342 -0.0183249 0.000108845 -0.000154025 -0.0183249 0.0896407 -0.000145811 0.000392251 0.000108845 -0.000145811 0.00967073 -0.0178977 -0.000154025 0.000392251 -0.0178977 0.0886282 
0.0100548 -0.0183379 0.000133434 -0.000162174 -0.0183379 0.0896841 -0.000158068 0.000426989 0.000133434 -0.000158068 0.00965857 -0.0179069 -0.000162174 0.000426989 -0.0179069 0.0886556 
0.0100766 -0.0183757 0.000152427 -0.000195683 -0.0183757 0.089765 -0.000191563 0.000498477 0.000152427 -0.000191563 0.00962966 -0.0178854 -0.000195683 0.000498477 -0.0178854 0.08863 
0.0100605 -0.0184091 0.000142482 -0.000196171 -0.0184091 0.089865 -0.000198236 0.000510045 0.000142482 -0.000198236 0.00962478 -0.0178351 -0.000196171 0.000510045 -0.0178351 0.0885062 
0.0100396 -0.0184017 0.000124098 -0.000175806 -0.0184017 0.0899011 -0.000173738 0.000473643 0.000124098 -0.000173738 0.00963004 -0.0178102 -0.000175806 0.000473643 -0.0178102 0.0884057 
0.0100223 -0.0183869 0.000101151 -0.000134181 -0.0183869 0.0899071 -0.000138309 0.000371577 0.000101151 -0.000138309 0.00964035 -0.0177985 -0.000134181 0.000371577 -0.0177985 0.0883259 
0.0100335 -0.0183202 9.06331e-05 -0.000111231 -0.0183202 0.0897535 -0.000113291 0.000296617 9.06331e-05 -0.000113291 0.00965036 -0.0178671 -0.000111231 0.000296617 -0.0178671 0.0884744 
0.0100633 -0.0183407 7.44968e-05 -0.000105537 -0.0183407 0.0897211 -0.000105537 0.000254531 7.44968e-05 -0.000105537 0.00960595 -0.0178585 -0.000105537 0.000254531 -0.0178585 0.0885043 
0.0100767 -0.0183791 7.24647e-05 -9.10984e-05 -0.0183791 0.0897754 -8.9028e-05 0.000217394 7.24647e-05 -8.9028e-05 0.00959639 -0.017818 -9.10984e-05 0.000217394 -0.017818 0.0884524 
