0.00698521 0 -0.000364351 0 0 0.00998431 0 0 -0.000364351 0 0.00761059 0 0 0 0 0.00998431 
0.00992959 -0.0123383 -0.000433228 0.000537203 -0.0123383 0.0328412 0.000537203 -0.00102489 -0.000433228 0.000537203 0.0106673 -0.0132444 0.000537203 -0.00102489 -0.0132444 0.0345815 
0.0100059 -0.0188242 -0.000318369 0.00058115 -0.0188242 0.0693918 0.00058115 -0.0018521 -0.000318369 0.00058115 0.0106578 -0.0198703 0.00058115 -0.0018521 -0.0198703 0.0727297 
0.00947141 -0.018611 -0.000253742 0.000370854 -0.018611 0.083769 0.000370854 -0.0013663 -0.000253742 0.000370854 0.010074 -0.0194088 0.000370854 -0.0013663 -0.0194088 0.0864821 
0.00943254 -0.0179455 -0.000243226 0.000275656 -0.0179455 0.0872024 0.000275656 -0.000789906 -0.000243226 0.000275656 0.0100788 -0.0186867 0.000275656 -0.000789906 -0.0186867 0.0892061 
0.00955953 -0.0177931 -0.000282396 0.000324314 -0.0177931 0.0880831 0.000322107 -0.000736876 -0.000282396 0.000322107 0.0102589 -0.0186513 0.000324314 -0.000736876 -0.0186513 0.090082 
0.00966346 -0.0178574 -0.000296881 0.000383824 -0.0178574 0.0884789 0.000383824 -0.000894883 -0.000296881 0.000383824 0.0103972 -0.0187925 0.000383824 -0.000894883 -0.0187925 0.090731 
0.00971281 -0.0179291 -0.000268126 0.000378286 -0.0179291 0.0886998 0.000382443 -0.000941559 -0.000268126 0.000382443 0.0104174 -0.0188665 0.000378286 -0.000941559 -0.0188665 0.0910444 
0.00973877 -0.0179952 -0.000239227 0.000337371 -0.0179952 0.0888594 0.000343505 -0.000893522 -0.000239227 0.000343505 0.0104401 -0.0188641 0.000337371 -0.000893522 -0.0188641 0.0911229 
0.00974468 -0.0180431 -0.000255585 0.000330638 -0.0180431 0.0890064 0.000328609 -0.000868177 -0.000255585 0.000328609 0.0104384 -0.0188403 0.000330638 -0.000868177 -0.0188403 0.0910409 
0.00973154 -0.0180382 -0.000250615 0.000311248 -0.0180382 0.0890552 0.000299121 -0.00078014 -0.000250615 0.000299121 0.010447 -0.0188628 0.000311248 -0.00078014 -0.0188628 0.0910581 
0.00973503 -0.0180333 -0.000245844 0.000296222 -0.0180333 0.0890722 0.000290177 -0.000729473 -0.000245844 0.000290177 0.0104464 -0.0188776 0.000296222 -0.000729473 -0.0188776 0.0911035 
0.00973315 -0.0180306 -0.000250396 0.00029886 -0.0180306 0.0890664 0.000294821 -0.000720899 -0.000250396 0.000294821 0.0104339 -0.0188948 0.00029886 -0.000720899 -0.0188948 0.0911644 
0.00975302 -0.0180552 -0.000259001 0.000303517 -0.0180552 0.0891288 0.000305541 -0.000736535 -0.000259001 0.000305541 0.0104106 -0.0188727 0.000303517 -0.000736535 -0.0188727 0.0911604 
0.00975462 -0.0180468 -0.000261284 0.00030787 -0.0180468 0.0891202 0.00030787 -0.000741318 -0.000261284 0.00030787 0.0104068 -0.0188773 0.00030787 -0.000741318 -0.0188773 0.0911943 
0.00974737 -0.0180421 -0.00025289 0.000313583 -0.0180421 0.089092 0.000309537 -0.000748553 -0.00025289 0.000309537 0.0104231 -0.0188797 0.000313583 -0.000748553 -0.0188797 0.0912183 
0.00975379 -0.0180527 -0.000245519 0.000314508 -0.0180527 0.0891314 0.000314508 -0.000779167 -0.000245519 0.000314508 0.010395 -0.0188583 0.000314508 -0.000779167 -0.0188583 0.0911463 
0.00975188 -0.0180433 -0.00023869 0.000299373 -0.0180433 0.089106 0.000299373 -0.000750456 -0.00023869 0.000299373 0.0103992 -0.0188484 0.000299373 -0.000750456 -0.0188484 0.0911309 
0.00974352 -0.0180454 -0.000238584 0.000295197 -0.0180454 0.0890989 0.000289131 -0.000737992 -0.000238584 0.000289131 0.0103824 -0.0188299 0.000295197 -0.000737992 -0.0188299 0.0910602 
0.00971285 -0.0180451 -0.000225032 0.000295988 -0.0180451 0.0891125 0.000291933 -0.00073186 -0.000225032 0.000291933 0.010394 -0.0188074 0.000295988 -0.00073186 -0.0188074 0.0909959 
0.00970115 -0.0179886 -0.000217341 0.000276247 -0.0179886 0.0890064 0.000268122 -0.000686555 -0.000217341 0.000268122 0.0103816 -0.0188335 0.000276247 -0.000686555 -0.0188335 0.0910275 
0.00968714 -0.0179605 -0.000209221 0.000272191 -0.0179605 0.0889048 0.000264066 -0.000660164 -0.000209221 0.000264066 0.0103879 -0.018836 0.000272191 -0.000660164 -0.018836 0.0910823 
0.00969832 -0.0179646 -0.000212682 0.0002775 -0.0179646 0.0888972 0.000275474 -0.000694762 -0.000212682 0.000275474 0.0103789 -0.0188133 0.0002775 -0.000694762 -0.0188133 0.091028 
0.00972019 -0.0179836 -0.000224592 0.000256966 -0.0179836 0.0889345 0.000261013 -0.000655567 -0.000224592 0.000261013 0.0103616 -0.018799 0.000256966 -0.000655567 -0.018799 0.0909821 
0.0097418 -0.0179909 -0.000256523 0.000282781 -0.0179909 0.0889386 0.000286821 -0.000696853 -0.000256523 0.000286821 0.0103478 -0.0188049 0.000282781 -0.000696853 -0.0188049 0.0910009 
0.0097505 -0.0180245 -0.000264021 0.000318856 -0.0180245 0.0890015 0.000322918 -0.000765661 -0.000264021 0.000322918 0.0103171 -0.0187821 0.000318856 -0.000765661 -0.0187821 0.0909654 
0.00976501 -0.0180301 -0.000264579 0.000339883 -0.0180301 0.0890309 0.000343953 -0.000844619 -0.000264579 0.000343953 0.0102982 -0.0187607 0.000339883 -0.000844619 -0.0187607 0.0909359 
0.00974417 -0.0180347 -0.000268356 0.000337478 -0.0180347 0.0890454 0.00034561 -0.00087419 -0.000268356 0.00034561 0.0103154 -0.0187382 0.000337478 -0.00087419 -0.0187382 0.0908934 
0.00973923 -0.0180431 -0.000257845 0.000324844 -0.0180431 0.0890946 0.000328905 -0.000828352 -0.000257845 0.000328905 0.0103219 -0.0187252 0.000324844 -0.000828352 -0.0187252 0.0908102 
0.00975622 -0.0180431 -0.000253329 0.000314128 -0.0180431 0.0891152 0.000318182 -0.000798494 -0.000253329 0.000318182 0.0103237 -0.0187362 0.000314128 -0.000798494 -0.0187362 0.0908074 
0.00975375 -0.0180455 -0.000250462 0.000331913 -0.0180455 0.0890911 0.000325804 -0.000822655 -0.000250462 0.000325804 0.0102995 -0.0187378 0.000331913 -0.000822655 -0.0187378 0.0908036 
0.0097281 -0.0180595 -0.000259716 0.000333336 -0.0180595 0.0891316 0.000327201 -0.000846633 -0.000259716 0.000327201 0.0102843 -0.0186811 0.000333336 -0.000846633 -0.0186811 0.0906899 
0.00971288 -0.0180189 -0.000254307 0.000326087 -0.0180189 0.0890833 0.000315833 -0.000812141 -0.000254307 0.000315833 0.0102605 -0.0186628 0.000326087 -0.000812141 -0.0186628 0.0906009 
0.00973337 -0.0179921 -0.000230668 0.000308931 -0.0179921 0.0889967 0.000300692 -0.000770267 -0.000230668 0.000300692 0.0102071 -0.0186409 0.000308931 -0.000770267 -0.0186409 0.0905352 
0.00975304 -0.0180096 -0.000207337 0.000266869 -0.0180096 0.0889927 0.000258658 -0.000675384 -0.000207337 0.000258658 0.01018 -0.0185679 0.000266869 -0.000675384 -0.0185679 0.0903948 
0.00975282 -0.0180118 -0.00020668 0.000255792 -0.0180118 0.0889725 0.000251699 -0.000642549 -0.00020668 0.000251699 0.0101846 -0.0185561 0.000255792 -0.000642549 -0.0185561 0.0903251 
0.00977006 -0.0180114 -0.000221585 0.000262243 -0.0180114 0.0889531 0.00026021 -0.000648491 -0.000221585 0.00026021 0.0101949 -0.0185704 0.000262243 -0.000648491 -0.0185704 0.0903415 
0.00975175 -0.0180342 -0.000240131 0.000301181 -0.0180342 0.0889827 0.000303216 -0.000742777 -0.000240131 0.000303216 0.0102117 -0.0185796 0.000301181 -0.000742777 -0.0185796 0.0903624 
0.00974323 -0.0180146 -0.000249407 0.000320958 -0.0180146 0.088975 0.000310737 -0.000795241 -0.000249407 0.000310737 0.0101787 -0.0185808 0.000320958 -0.000795241 -0.0185808 0.090359 
0.00971261 -0.0180243 -0.000261784 0.00032723 -0.0180243 0.0890006 0.000321095 -0.000820121 -0.000261784 0.000321095 0.0101953 -0.0185437 0.00032723 -0.000820121 -0.0185437 0.0903074 
0.00967725 -0.0179735 -0.000267226 0.000314143 -0.0179735 0.0889352 0.000318223 -0.000793518 -0.000267226 0.000318223 0.0102362 -0.0185753 0.000314143 -0.000793518 -0.0185753 0.0903448 
0.00967046 -0.0179381 -0.000230735 0.000316495 -0.0179381 0.0888392 0.000324663 -0.000788175 -0.000230735 0.000324663 0.0102401 -0.0186181 0.000316495 -0.000788175 -0.0186181 0.0904216 
0.00969997 -0.0179119 -0.000210825 0.00027837 -0.0179119 0.0887469 0.000286558 -0.000738909 -0.000210825 0.000286558 0.0101994 -0.0186344 0.00027837 -0.000738909 -0.0186344 0.090499 
0.00970021 -0.017939 -0.000180622 0.000248355 -0.017939 0.0887448 0.000256565 -0.000658859 -0.000180622 0.000256565 0.0101826 -0.0185856 0.000248355 -0.000658859 -0.0185856 0.0904607 
0.0097021 -0.0179697 -0.000164652 0.000207873 -0.0179697 0.0888378 0.000205815 -0.000549525 -0.000164652 0.000205815 0.010157 -0.0185274 0.000207873 -0.000549525 -0.0185274 0.0902991 
0.0096816 -0.0179406 -0.00017318 0.00019792 -0.0179406 0.0887796 0.000193797 -0.000488615 -0.00017318 0.000193797 0.010162 -0.0185282 0.00019792 -0.000488615 -0.0185282 0.090266 
0.009671 -0.0179228 -0.000168908 0.000199806 -0.0179228 0.0887301 0.000195686 -0.000477885 -0.000168908 0.000195686 0.0101736 -0.0185222 0.000199806 -0.000477885 -0.0185222 0.0902421 
0.00967632 -0.0178974 -0.000166727 0.000220244 -0.0178974 0.0886636 0.00021201 -0.00051253 -0.000166727 0.00021201 0.01016 -0.0185334 0.000220244 -0.00051253 -0.0185334 0.0902444 
0.00968578 -0.0178761 -0.000187453 0.000222472 -0.0178761 0.0885625 0.000220412 -0.00056236 -0.000187453 0.000220412 0.0101348 -0.0185435 0.000222472 -0.00056236 -0.0185435 0.0902784 
0.00969437 -0.0178879 -0.000194052 0.000239469 -0.0178879 0.0885499 0.000243598 -0.000598673 -0.000194052 0.000243598 0.0100907 -0.018499 0.000239469 -0.000598673 -0.018499 0.0902096 
0.00971527 -0.0179483 -0.000194058 0.000243604 -0.0179483 0.0887133 0.000258055 -0.000639978 -0.000194058 0.000258055 0.0100621 -0.0184025 0.000243604 -0.000639978 -0.0184025 0.0899788 
0.00968378 -0.0179611 -0.000179942 0.000237854 -0.0179611 0.0887838 0.000248196 -0.000626695 -0.000179942 0.000248196 0.0100726 -0.0183748 0.000237854 -0.000626695 -0.0183748 0.0898324 
0.00967653 -0.0179256 -0.000167086 0.000220718 -0.0179256 0.0887535 0.000222781 -0.000587894 -0.000167086 0.000222781 0.0100891 -0.0183877 0.000220718 -0.000587894 -0.0183877 0.0898179 
0.00966224 -0.0178998 -0.000146179 0.00019971 -0.0178998 0.0886773 0.00019971 -0.000527069 -0.000146179 0.00019971 0.0101049 -0.0184145 0.00019971 -0.000527069 -0.0184145 0.0898591 
0.00966438 -0.0179015 -0.000115003 0.000160183 -0.0179015 0.0886695 0.000158129 -0.000414833 -0.000115003 0.000158129 0.0101182 -0.0184272 0.000160183 -0.000414833 -0.0184272 0.0899037 
0.00966944 -0.0178956 -0.000112435 0.000141055 -0.0178956 0.0886522 0.000141055 -0.00036797 -0.000112435 0.000141055 0.0101417 -0.0184598 0.000141055 -0.00036797 -0.0184598 0.0900076 
0.00965535 -0.0178734 -0.000131226 0.000164032 -0.0178734 0.0885815 0.000168133 -0.000410081 -0.000131226 0.000168133 0.0101536 -0.018509 0.000164032 -0.000410081 -0.018509 0.0901378 
0.00967224 -0.0178876 -0.000153463 0.000159601 -0.0178876 0.0886094 0.00016574 -0.00041128 -0.000153463 0.00016574 0.010151 -0.0185219 0.000159601 -0.00041128 -0.0185219 0.0902177 
0.00970309 -0.0179317 -0.000196601 0.000208889 -0.0179317 0.0887143 0.000225272 -0.000518126 -0.000196601 0.000225272 0.0101311 -0.018501 0.000208889 -0.000518126 -0.018501 0.0901867 
0.0097326 -0.0179744 -0.000220027 0.000246759 -0.0179744 0.0888189 0.000254985 -0.000600447 -0.000220027 0.000254985 0.0100986 -0.0184761 0.000246759 -0.000600447 -0.0184761 0.0901309 
0.00974239 -0.0180316 -0.000244949 0.00026965 -0.0180316 0.0889927 0.000277884 -0.000662804 -0.000244949 0.000277884 0.0100964 -0.0184206 0.00026965 -0.000662804 -0.0184206 0.0900055 
0.00971446 -0.0179985 -0.000243527 0.000300827 -0.0179985 0.0889588 0.000294688 -0.000728533 -0.000243527 0.000294688 0.0101524 -0.0184487 0.000300827 -0.000728533 -0.0184487 0.090025 
0.00967536 -0.0179434 -0.000221245 0.000286799 -0.0179434 0.0888216 0.000278605 -0.000706754 -0.000221245 0.000278605 0.0101855 -0.0185231 0.000286799 -0.000706754 -0.0185231 0.0901655 
0.00965919 -0.0179061 -0.000204384 0.000288181 -0.0179061 0.0887088 0.000277962 -0.000717388 -0.000204384 0.000277962 0.0102049 -0.0185662 0.000288181 -0.000717388 -0.0185662 0.0902928 
0.00966118 -0.01789 -0.000212199 0.00027341 -0.01789 0.0886461 0.00027137 -0.000720252 -0.000212199 0.00027137 0.0102162 -0.018596 0.00027341 -0.000720252 -0.018596 0.0904009 
0.00965913 -0.0178992 -0.000206514 0.000276034 -0.0178992 0.0886497 0.000278078 -0.000715643 -0.000206514 0.000278078 0.0102194 -0.0185985 0.000276034 -0.000715643 -0.0185985 0.0904265 
0.00965294 -0.0179105 -0.000196706 0.000254079 -0.0179105 0.0886898 0.000256128 -0.000657736 -0.000196706 0.000256128 0.0102103 -0.0185846 0.000254079 -0.000657736 -0.0185846 0.0903946 
0.00967144 -0.0179095 -0.00017891 0.000228265 -0.0179095 0.0887169 0.000232378 -0.000594311 -0.00017891 0.000232378 0.0101732 -0.0185614 0.000228265 -0.000594311 -0.0185614 0.0903353 
0.00969403 -0.0179145 -0.000158245 0.000217843 -0.0179145 0.0887054 0.000213733 -0.000544609 -0.000158245 0.000213733 0.0101421 -0.0185372 0.000217843 -0.000544609 -0.0185372 0.0902899 
0.00970015 -0.0179221 -0.000143919 0.000189151 -0.0179221 0.0886851 0.000187095 -0.000491381 -0.000143919 0.000187095 0.0101299 -0.0185101 0.000189151 -0.000491381 -0.0185101 0.0902415 
0.00968039 -0.0179234 -0.000127131 0.000178393 -0.0179234 0.0886716 0.000180444 -0.000459311 -0.000127131 0.000180444 0.010152 -0.0185057 0.000178393 -0.000459311 -0.0185057 0.09023 
0.00965387 -0.0178943 -0.000125322 0.000154084 -0.0178943 0.0886208 0.000152029 -0.000400618 -0.000125322 0.000152029 0.0101798 -0.0185373 0.000154084 -0.000400618 -0.0185373 0.0902767 
0.00964533 -0.0178574 -0.000145582 0.000174289 -0.0178574 0.0885324 0.000170188 -0.000426494 -0.000145582 0.000170188 0.0101928 -0.0185751 0.000174289 -0.000426494 -0.0185751 0.0903655 
0.00965593 -0.0178707 -0.000164007 0.000176308 -0.0178707 0.0885455 0.000178358 -0.000428469 -0.000164007 0.000178358 0.0101849 -0.0185738 0.000176308 -0.000428469 -0.0185738 0.0903845 
0.00965377 -0.0178971 -0.00019242 0.000225173 -0.0178971 0.0886259 0.000223126 -0.00053632 -0.00019242 0.000223126 0.0102024 -0.0185522 0.000225173 -0.00053632 -0.0185522 0.0903352 
0.00964788 -0.0179216 -0.000190459 0.000237562 -0.0179216 0.0887252 0.000237562 -0.000573425 -0.000190459 0.000237562 0.0102233 -0.0185585 0.000237562 -0.000573425 -0.0185585 0.0903103 
0.00966039 -0.0179215 -0.000187937 0.000236964 -0.0179215 0.0887718 0.000232879 -0.000580154 -0.000187937 0.000232879 0.0102385 -0.0185751 0.000236964 -0.000580154 -0.0185751 0.0903243 
0.00969881 -0.0179319 -0.000198018 0.000234764 -0.0179319 0.088802 0.000230681 -0.00058793 -0.000198018 0.000230681 0.0102132 -0.0185994 0.000234764 -0.00058793 -0.0185994 0.0903739 
0.00970214 -0.0179482 -0.000183791 0.000222592 -0.0179482 0.0887936 0.000214423 -0.000530952 -0.000183791 0.000214423 0.0102372 -0.018616 0.000222592 -0.000530952 -0.018616 0.0904804 
0.00971321 -0.017931 -0.00016366 0.000212758 -0.017931 0.0887486 0.000204575 -0.000511437 -0.00016366 0.000204575 0.0102287 -0.0186552 0.000212758 -0.000511437 -0.0186552 0.0905939 
0.00971453 -0.0179639 -0.000185953 0.000230909 -0.0179639 0.088804 0.000230909 -0.000574208 -0.000185953 0.000230909 0.0102458 -0.0186382 0.000230909 -0.000574208 -0.0186382 0.0906083 
0.00969428 -0.0179662 -0.00020756 0.000238084 -0.0179662 0.0888276 0.000248258 -0.000610471 -0.00020756 0.000248258 0.0102925 -0.0186662 0.000238084 -0.000610471 -0.0186662 0.0906508 
0.00971502 -0.017957 -0.000241455 0.000280007 -0.017957 0.0888393 0.000284065 -0.00069393 -0.000241455 0.000284065 0.0103075 -0.0187179 0.000280007 -0.00069393 -0.0187179 0.0907425 
0.00972331 -0.0179904 -0.000275839 0.000328572 -0.0179904 0.0889032 0.000334657 -0.000823459 -0.000275839 0.000334657 0.0103135 -0.0187246 0.000328572 -0.000823459 -0.0187246 0.0907833 
0.00972026 -0.0180278 -0.000252052 0.000351653 -0.0180278 0.0890231 0.000357751 -0.000894378 -0.000252052 0.000357751 0.0103199 -0.0187128 0.000351653 -0.000894378 -0.0187128 0.0907529 
0.00971689 -0.0180387 -0.000229134 0.000316326 -0.0180387 0.0891107 0.000314298 -0.000839481 -0.000229134 0.000314298 0.0103556 -0.0187261 0.000316326 -0.000839481 -0.0187261 0.0907653 
0.0097053 -0.0179903 -0.000218825 0.000289741 -0.0179903 0.0890152 0.000283662 -0.000763861 -0.000218825 0.000283662 0.0103739 -0.0187946 0.000289741 -0.000763861 -0.0187946 0.0908955 
0.00970709 -0.017981 -0.000222038 0.000272501 -0.017981 0.0889524 0.00026039 -0.000690336 -0.000222038 0.00026039 0.0103994 -0.0188268 0.000272501 -0.000690336 -0.0188268 0.0910234 
0.00970987 -0.0179721 -0.000233876 0.000272183 -0.0179721 0.0889091 0.000266134 -0.000671385 -0.000233876 0.000266134 0.0104034 -0.0188552 0.000272183 -0.000671385 -0.0188552 0.0911208 
0.00973525 -0.0179887 -0.000238877 0.000273292 -0.0179887 0.0889351 0.000267218 -0.000657924 -0.000238877 0.000267218 0.0103588 -0.0188531 0.000273292 -0.000657924 -0.0188531 0.0911255 
0.00974239 -0.0180276 -0.000210503 0.000265683 -0.0180276 0.0890079 0.000265683 -0.000629464 -0.000210503 0.000265683 0.0103024 -0.0187838 0.000265683 -0.000629464 -0.0187838 0.0910046 
0.00971376 -0.0180272 -0.000209428 0.000273078 -0.0180272 0.08905 0.000273078 -0.000669348 -0.000209428 0.000273078 0.0102825 -0.0187068 0.000273078 -0.000669348 -0.0187068 0.0908158 
0.00971494 -0.0180049 -0.000223167 0.000280495 -0.0180049 0.0890273 0.000282542 -0.00071045 -0.000223167 0.000282542 0.0102718 -0.0186703 0.000280495 -0.00071045 -0.0186703 0.0906714 
0.00973721 -0.0179798 -0.000223984 0.000260636 -0.0179798 0.088936 0.000262672 -0.000665844 -0.000223984 0.000262672 0.0102687 -0.0186803 0.000260636 -0.000665844 -0.0186803 0.0906525 
0.00973011 -0.0180026 -0.000218127 0.000262976 -0.0180026 0.088945 0.000265015 -0.000646228 -0.000218127 0.000265015 0.0102765 -0.0186713 0.000262976 -0.000646228 -0.0186713 0.0906309 
0.00974013 -0.0180075 -0.00022846 0.000293734 -0.0180075 0.0889707 0.000285574 -0.000718016 -0.00022846 0.000285574 0.0102562 -0.0186684 0.000293734 -0.000718016 -0.0186684 0.0905964 
0.00971913 -0.0179988 -0.000198058 0.000279731 -0.0179988 0.0889382 0.000273606 -0.000692181 -0.000198058 0.000273606 0.0102643 -0.0186726 0.000279731 -0.000692181 -0.0186726 0.0906411 
0.0096925 -0.0179741 -0.000169471 0.000218474 -0.0179741 0.0888966 0.000214391 -0.000569667 -0.000169471 0.000214391 0.0102887 -0.0186785 0.000218474 -0.000569667 -0.0186785 0.0906546 
0.00966547 -0.0179373 -0.000165274 0.000197921 -0.0179373 0.0888154 0.00019588 -0.000501944 -0.000165274 0.00019588 0.0103184 -0.0187107 0.000197921 -0.000501944 -0.0187107 0.090713 
0.00966464 -0.0179068 -0.000199145 0.000203209 -0.0179068 0.0887375 0.000205242 -0.00050396 -0.000199145 0.000205242 0.0103352 -0.0187461 0.000203209 -0.00050396 -0.0187461 0.0908082 
0.00966605 -0.0179221 -0.000218016 0.000240429 -0.0179221 0.0887447 0.000248579 -0.000566434 -0.000218016 0.000248579 0.0103242 -0.0187473 0.000240429 -0.000566434 -0.0187473 0.0908107 
0.00968273 -0.0179451 -0.000190058 0.000265672 -0.0179451 0.0888101 0.000277934 -0.000645788 -0.000190058 0.000277934 0.0102897 -0.0187156 0.000265672 -0.000645788 -0.0187156 0.0907495 
0.00965217 -0.0179506 -0.000163839 0.000245759 -0.0179506 0.0888254 0.000247807 -0.000643068 -0.000163839 0.000247807 0.0102952 -0.0186777 0.000245759 -0.000643068 -0.0186777 0.0906665 
0.00962833 -0.0178856 -0.000139779 0.000203502 -0.0178856 0.0887044 0.000205558 -0.000573506 -0.000139779 0.000205558 0.0102738 -0.0186934 0.000203502 -0.000573506 -0.0186934 0.090651 
0.00962034 -0.0178573 -0.000145732 0.00019294 -0.0178573 0.0885946 0.000186783 -0.000519297 -0.000145732 0.000186783 0.0102689 -0.0186742 0.00019294 -0.000519297 -0.0186742 0.0906389 
0.00963379 -0.0178269 -0.000165994 0.000186487 -0.0178269 0.0884911 0.00017624 -0.00047134 -0.000165994 0.00017624 0.0102465 -0.0186774 0.000186487 -0.00047134 -0.0186774 0.0906408 
0.00967141 -0.0178708 -0.000179667 0.000214376 -0.0178708 0.0885495 0.000212334 -0.000520627 -0.000179667 0.000212334 0.0102288 -0.0186323 0.000214376 -0.000520627 -0.0186323 0.0905564 
0.00969754 -0.0179075 -0.000189509 0.000230263 -0.0179075 0.0886268 0.000226188 -0.000568526 -0.000189509 0.000226188 0.010209 -0.0186146 0.000230263 -0.000568526 -0.0186146 0.0904954 
0.00972524 -0.0179664 -0.000193405 0.000232087 -0.0179664 0.0887894 0.000238194 -0.000590396 -0.000193405 0.000238194 0.0101853 -0.018571 0.000232087 -0.000590396 -0.018571 0.0903875 
0.00969288 -0.0180048 -0.000195528 0.000226079 -0.0180048 0.0889223 0.000228116 -0.000568252 -0.000195528 0.000228116 0.0102143 -0.0185405 0.000226079 -0.000568252 -0.0185405 0.0902849 
0.00963989 -0.0179637 -0.000210496 0.000239107 -0.0179637 0.0888967 0.00024115 -0.000588571 -0.000210496 0.00024115 0.0102469 -0.0185768 0.000239107 -0.000588571 -0.0185768 0.0903088 
0.00964009 -0.0178782 -0.000198238 0.000253418 -0.0178782 0.0887268 0.000257505 -0.000617194 -0.000198238 0.000257505 0.010243 -0.0186405 0.000253418 -0.000617194 -0.0186405 0.090468 
0.00966442 -0.0178733 -0.000175568 0.000251103 -0.0178733 0.0886354 0.000249062 -0.000628779 -0.000175568 0.000249062 0.0102238 -0.0186347 0.000251103 -0.000628779 -0.0186347 0.0905361 
0.00966322 -0.0178971 -0.000175361 0.000226338 -0.0178971 0.0886472 0.000232456 -0.000615804 -0.000175361 0.000232456 0.0102281 -0.0186168 0.000226338 -0.000615804 -0.0186168 0.0905089 
0.0096659 -0.0179012 -0.000181376 0.000218059 -0.0179012 0.0886724 0.00022621 -0.000584886 -0.000181376 0.00022621 0.0102223 -0.0186145 0.000218059 -0.000584886 -0.0186145 0.0904882 
0.00967686 -0.0179251 -0.000198531 0.000227185 -0.0179251 0.0887271 0.000225139 -0.00057308 -0.000198531 0.000225139 0.0101988 -0.0185944 0.000227185 -0.00057308 -0.0185944 0.0904402 
0.00965668 -0.0179106 -0.000197453 0.00025093 -0.0179106 0.0887036 0.00025093 -0.000623211 -0.000197453 0.00025093 0.0101853 -0.0185811 0.00025093 -0.000623211 -0.0185811 0.0904067 
0.00966592 -0.0179091 -0.000176565 0.000236105 -0.0179091 0.0887117 0.000231999 -0.000585129 -0.000176565 0.000231999 0.010171 -0.0185496 0.000236105 -0.000585129 -0.0185496 0.0903275 
0.00968959 -0.0179322 -0.000174458 0.00020114 -0.0179322 0.08876 0.000194982 -0.000511059 -0.000174458 0.000194982 0.0101473 -0.0185069 0.00020114 -0.000511059 -0.0185069 0.0902049 
0.00969947 -0.017924 -0.000172801 0.000203658 -0.017924 0.0887332 0.000197487 -0.000491659 -0.000172801 0.000197487 0.0101274 -0.0185061 0.000203658 -0.000491659 -0.0185061 0.0901814 
0.00969483 -0.0179347 -0.00019756 0.000228428 -0.0179347 0.0887249 0.000228428 -0.000557695 -0.00019756 0.000228428 0.0101146 -0.018476 0.000228428 -0.000557695 -0.018476 0.0901284 
0.00967713 -0.0179271 -0.000212118 0.000269782 -0.0179271 0.088717 0.000267722 -0.000663127 -0.000212118 0.000267722 0.010122 -0.0184646 0.000269782 -0.000663127 -0.0184646 0.0900865 
0.00964766 -0.0179292 -0.000206676 0.000283147 -0.0179292 0.0887386 0.00028108 -0.000717167 -0.000206676 0.00028108 0.0101354 -0.0184479 0.000283147 -0.000717167 -0.0184479 0.0900241 
0.00960418 -0.0178764 -0.000191754 0.000249486 -0.0178764 0.088648 0.000251548 -0.000659798 -0.000191754 0.000251548 0.0102001 -0.018495 0.000249486 -0.000659798 -0.018495 0.0901098 
0.00958778 -0.0178079 -0.000196841 0.000233748 -0.0178079 0.0884778 0.000227597 -0.000602825 -0.000196841 0.000227597 0.0102337 -0.0185748 0.000233748 -0.000602825 -0.0185748 0.090272 
0.00958041 -0.0177922 -0.000186166 0.000237311 -0.0177922 0.088384 0.000233219 -0.000583049 -0.000186166 0.000233219 0.0102576 -0.0186207 0.000237311 -0.000583049 -0.0186207 0.0904216 
0.00959006 -0.0177877 -0.000163339 0.000232759 -0.0177877 0.0883441 0.000226633 -0.000573729 -0.000163339 0.000226633 0.0102598 -0.0186493 0.000232759 -0.000573729 -0.0186493 0.0905247 
0.00956605 -0.0177804 -0.000141098 0.000192221 -0.0177804 0.0883152 0.000190176 -0.000501001 -0.000141098 0.000190176 0.0102715 -0.0186577 0.000192221 -0.000501001 -0.0186577 0.0905871 
0.00957948 -0.017791 -0.000133305 0.000176372 -0.017791 0.0883482 0.000174321 -0.000445032 -0.000133305 0.000174321 0.0102398 -0.0186462 0.000176372 -0.000445032 -0.0186462 0.0905631 
0.00959385 -0.0178052 -0.00012271 0.000175884 -0.0178052 0.0883939 0.000163613 -0.000423348 -0.00012271 0.000163613 0.010234 -0.0186171 0.000175884 -0.000423348 -0.0186171 0.0905188 
0.00959301 -0.0178171 -0.000118685 0.000147333 -0.0178171 0.0884284 0.000151426 -0.000384703 -0.000118685 0.000151426 0.0102274 -0.0186069 0.000147333 -0.000384703 -0.0186069 0.0904624 
0.00962062 -0.0178432 -0.000116676 0.00014738 -0.0178432 0.0885056 0.000151474 -0.000370496 -0.000116676 0.000151474 0.0102163 -0.0185924 0.00014738 -0.000370496 -0.0185924 0.0904195 
0.00965945 -0.0178594 -0.000145332 0.000141238 -0.0178594 0.0885562 0.000145332 -0.000362306 -0.000145332 0.000145332 0.0101835 -0.0185841 0.000141238 -0.000362306 -0.0185841 0.0903964 
0.00968026 -0.017899 -0.000172422 0.00018679 -0.017899 0.0886269 0.000190896 -0.000431055 -0.000172422 0.000190896 0.0101647 -0.0185559 0.00018679 -0.000431055 -0.0185559 0.0903553 
0.00969824 -0.0179276 -0.000160915 0.000212491 -0.0179276 0.0887159 0.000212491 -0.000497187 -0.000160915 0.000212491 0.0101274 -0.0185197 0.000212491 -0.000497187 -0.0185197 0.0902632 
0.00971099 -0.0179358 -0.000143022 0.000190696 -0.0179358 0.0887379 0.000190696 -0.000495395 -0.000143022 0.000190696 0.0100882 -0.0184809 0.000190696 -0.000495395 -0.0184809 0.0901661 
0.00970445 -0.017924 -0.000156956 0.000196195 -0.017924 0.0886948 0.000196195 -0.000514239 -0.000156956 0.000196195 0.0100968 -0.0184527 0.000196195 -0.000514239 -0.0184527 0.0901136 
0.00968935 -0.0179429 -0.000143789 0.000195143 -0.0179429 0.0887407 0.000191035 -0.000497101 -0.000143789 0.000191035 0.0101372 -0.0184379 0.000195143 -0.000497101 -0.0184379 0.0900409 
0.00968037 -0.0179366 -0.000120723 0.000165739 -0.0179366 0.0887582 0.000161646 -0.000433785 -0.000120723 0.000161646 0.0101653 -0.0184707 0.000165739 -0.000433785 -0.0184707 0.090035 
0.00966474 -0.0179301 -0.000114569 0.00013912 -0.0179301 0.0887483 0.00013912 -0.000362121 -0.000114569 0.00013912 0.0101926 -0.0185132 0.00013912 -0.000362121 -0.0185132 0.0901333 
0.00963216 -0.0178622 -9.83919e-05 0.000139389 -0.0178622 0.0885917 0.000139389 -0.000342322 -9.83919e-05 0.000139389 0.0102082 -0.0185858 0.000139389 -0.000342322 -0.0185858 0.0903033 
0.00960705 -0.0178167 -9.67291e-05 0.000131716 -0.0178167 0.0884495 0.0001276 -0.000343697 -9.67291e-05 0.0001276 0.0101957 -0.018607 0.000131716 -0.000343697 -0.018607 0.090415 
0.0096177 -0.0178121 -8.62574e-05 0.00011501 -0.0178121 0.0884282 0.000110902 -0.00029574 -8.62574e-05 0.000110902 0.0101804 -0.0185741 0.00011501 -0.00029574 -0.0185741 0.0903895 
0.00961886 -0.0178563 -7.81186e-05 0.000106899 -0.0178563 0.0885227 0.000104843 -0.000271359 -7.81186e-05 0.000104843 0.010178 -0.0185285 0.000106899 -0.000271359 -0.0185285 0.0902681 
0.00959431 -0.0178647 -5.5506e-05 8.63426e-05 -0.0178647 0.0885896 9.04542e-05 -0.000226136 -5.5506e-05 9.04542e-05 0.0102069 -0.0185164 8.63426e-05 -0.000226136 -0.0185164 0.090189 
0.00957996 -0.0178342 -5.33588e-05 8.20905e-05 -0.0178342 0.0885551 8.00383e-05 -0.000215488 -5.33588e-05 8.00383e-05 0.0102367 -0.0185586 8.20905e-05 -0.000215488 -0.0185586 0.090238 
0.00959196 -0.0178172 -4.92527e-05 7.79834e-05 -0.0178172 0.0884927 8.82444e-05 -0.000221637 -4.92527e-05 8.82444e-05 0.0102281 -0.0185888 7.79834e-05 -0.000221637 -0.0185888 0.090311 
0.00959137 -0.017814 -5.13787e-05 6.16544e-05 -0.017814 0.0884577 6.37096e-05 -0.000176743 -5.13787e-05 6.37096e-05 0.0102161 -0.0185868 6.16544e-05 -0.000176743 -0.0185868 0.0903422 
0.00958553 -0.0177896 -7.61737e-05 6.79387e-05 -0.0177896 0.0883862 6.588e-05 -0.000170876 -7.61737e-05 6.588e-05 0.0102073 -0.0186029 6.79387e-05 -0.000170876 -0.0186029 0.0904141 
0.00961124 -0.0178028 -9.24552e-05 0.000110946 -0.0178028 0.088381 0.000106837 -0.000252711 -9.24552e-05 0.000106837 0.0102009 -0.0185938 0.000110946 -0.000252711 -0.0185938 0.0904171 
