0.00743245 0 -0.00041652 0 0 0.00998567 0 0 -0.00041652 0 0.0071701 0 0 0 0 0.00998567 
0.0104633 -0.0129966 -0.000492854 0.000603746 -0.0129966 0.0340981 0.000603746 -0.00116313 -0.000492854 0.000603746 0.0101479 -0.0126097 0.000603746 -0.00116313 -0.0126097 0.0333637 
0.0104958 -0.0195561 -0.00037269 0.000637098 -0.0195561 0.0717352 0.000637098 -0.00203469 -0.00037269 0.000637098 0.0102263 -0.0192237 0.000637098 -0.00203469 -0.0192237 0.0706726 
0.00991007 -0.0192152 -0.000334157 0.000465868 -0.0192152 0.085732 0.000456112 -0.0016342 -0.000334157 0.000456112 0.00967348 -0.0188957 0.000465868 -0.0016342 -0.0188957 0.0848271 
0.00990486 -0.0184811 -0.000370362 0.000435175 -0.0184811 0.08866 0.000416657 -0.00116664 -0.000370362 0.000416657 0.00966181 -0.0182357 0.000435175 -0.00116664 -0.0182357 0.0881206 
0.0100952 -0.0184161 -0.000409443 0.00048869 -0.0184161 0.0895293 0.000473281 -0.00110726 -0.000409443 0.000473281 0.00979361 -0.0181057 0.00048869 -0.00110726 -0.0181057 0.0889305 
0.0102131 -0.018543 -0.000439981 0.00053988 -0.018543 0.0900962 0.000529252 -0.00124555 -0.000439981 0.000529252 0.00989426 -0.018188 0.00053988 -0.00124555 -0.018188 0.0893437 
0.0102623 -0.018629 -0.000444833 0.000579946 -0.018629 0.0904113 0.000571632 -0.0014031 -0.000444833 0.000571632 0.00988819 -0.018207 0.000579946 -0.0014031 -0.018207 0.0894344 
0.0102696 -0.0186841 -0.000427474 0.000554284 -0.0186841 0.0906203 0.000552239 -0.00140923 -0.000427474 0.000552239 0.00988303 -0.0181543 0.000554284 -0.00140923 -0.0181543 0.0893379 
0.0102494 -0.0186733 -0.000417847 0.000529409 -0.0186733 0.0906323 0.000525352 -0.0013509 -0.000417847 0.000525352 0.00991272 -0.0181824 0.000529409 -0.0013509 -0.0181824 0.0893443 
0.0102106 -0.0186387 -0.000417871 0.000502657 -0.0186387 0.0905711 0.000500638 -0.00127986 -0.000417871 0.000500638 0.00996835 -0.018239 0.000502657 -0.00127986 -0.018239 0.0894709 
0.010184 -0.0186104 -0.00042778 0.000506475 -0.0186104 0.0905279 0.000506475 -0.001245 -0.00042778 0.000506475 0.00999835 -0.0183017 0.000506475 -0.001245 -0.0183017 0.089632 
0.0101724 -0.0185761 -0.000439647 0.0005304 -0.0185761 0.0904504 0.000532417 -0.00129272 -0.000439647 0.000532417 0.0100252 -0.0183664 0.0005304 -0.00129272 -0.0183664 0.0898312 
0.0101666 -0.0185527 -0.000421424 0.000526275 -0.0185527 0.0903802 0.000530308 -0.00130057 -0.000421424 0.000530308 0.0100436 -0.0184176 0.000526275 -0.00130057 -0.0184176 0.0900092 
0.0101769 -0.0185746 -0.000427719 0.000528122 -0.0185746 0.0904233 0.000534146 -0.00133135 -0.000427719 0.000534146 0.0100584 -0.018414 0.000528122 -0.00133135 -0.018414 0.0900558 
0.0101641 -0.0185532 -0.000433711 0.000538122 -0.0185532 0.0903744 0.00054013 -0.00135535 -0.000433711 0.00054013 0.0100838 -0.0184729 0.000538122 -0.00135535 -0.0184729 0.0901957 
0.0101735 -0.018567 -0.000445479 0.000548282 -0.018567 0.090396 0.000550298 -0.00137675 -0.000445479 0.000550298 0.0100565 -0.0184723 0.000548282 -0.00137675 -0.0184723 0.0902226 
0.0101731 -0.0185978 -0.000416762 0.000534676 -0.0185978 0.0904842 0.000534676 -0.00133771 -0.000416762 0.000534676 0.0100023 -0.0184046 0.000534676 -0.00133771 -0.0184046 0.0900735 
0.0101688 -0.0186014 -0.000393302 0.000505383 -0.0186014 0.0905288 0.000503345 -0.00127568 -0.000393302 0.000503345 0.00997316 -0.0183344 0.000505383 -0.00127568 -0.0183344 0.0899072 
0.010136 -0.0185561 -0.000387648 0.00048354 -0.0185561 0.0904281 0.000477419 -0.00122211 -0.000387648 0.000477419 0.009985 -0.0183215 0.00048354 -0.00122211 -0.0183215 0.0898324 
0.0101215 -0.018508 -0.000387795 0.000493929 -0.018508 0.0902972 0.000481683 -0.00122258 -0.000387795 0.000481683 0.00996226 -0.0183142 0.000493929 -0.00122258 -0.0183142 0.0897828 
0.0101493 -0.0184897 -0.000360944 0.000466984 -0.0184897 0.0902176 0.000462905 -0.0011644 -0.000360944 0.000462905 0.00991678 -0.018298 0.000466984 -0.0011644 -0.018298 0.0897221 
0.0101502 -0.01851 -0.000344249 0.000435913 -0.01851 0.0902074 0.000431839 -0.00109997 -0.000344249 0.000431839 0.00990785 -0.0182472 0.000435913 -0.00109997 -0.0182472 0.0896269 
0.010154 -0.0185211 -0.000329318 0.000418763 -0.0185211 0.0902455 0.000412665 -0.00104081 -0.000329318 0.000412665 0.00991411 -0.0182325 0.000418763 -0.00104081 -0.0182325 0.0895665 
0.0101539 -0.018514 -0.000324664 0.000415976 -0.018514 0.0902384 0.000413947 -0.00103284 -0.000324664 0.000413947 0.00991443 -0.0182421 0.000415976 -0.00103284 -0.0182421 0.0895606 
0.0101097 -0.0185198 -0.000326904 0.000408123 -0.0185198 0.0902459 0.000416244 -0.00103147 -0.000326904 0.000416244 0.00994926 -0.0182376 0.000408123 -0.00103147 -0.0182376 0.0895555 
0.0100769 -0.0184916 -0.000351543 0.000416568 -0.0184916 0.0902247 0.000424697 -0.00105666 -0.000351543 0.000424697 0.00996107 -0.0182559 0.000416568 -0.00105666 -0.0182559 0.0895561 
0.0100376 -0.0184356 -0.000382557 0.000457449 -0.0184356 0.0901155 0.00046757 -0.00114362 -0.000382557 0.00046757 0.0100113 -0.0182959 0.000457449 -0.00114362 -0.0182959 0.089658 
0.0100157 -0.0183852 -0.000374419 0.000478198 -0.0183852 0.0899969 0.000486338 -0.00119855 -0.000374419 0.000486338 0.0100157 -0.0183567 0.000478198 -0.00119855 -0.0183567 0.0897853 
0.0100216 -0.0183651 -0.000367017 0.000464889 -0.0183651 0.0899131 0.000468967 -0.00119688 -0.000367017 0.000468967 0.0100012 -0.0183631 0.000464889 -0.00119688 -0.0183631 0.0898662 
0.010018 -0.0183558 -0.000361802 0.000451741 -0.0183558 0.0898454 0.000453785 -0.00115082 -0.000361802 0.000453785 0.00998124 -0.0183517 0.000451741 -0.00115082 -0.0183517 0.0898822 
0.0100354 -0.0183315 -0.000367898 0.000453741 -0.0183315 0.0897712 0.000449653 -0.00114048 -0.000367898 0.000449653 0.00995777 -0.0183458 0.000453741 -0.00114048 -0.0183458 0.0898938 
0.0100647 -0.0183671 -0.000341837 0.00044623 -0.0183671 0.089809 0.000442136 -0.00110943 -0.000341837 0.000442136 0.00991532 -0.0182913 0.00044623 -0.00110943 -0.0182913 0.0897803 
0.010043 -0.0184064 -0.000327334 0.000435763 -0.0184064 0.0899042 0.000433717 -0.00110271 -0.000327334 0.000433717 0.00991821 -0.0182202 0.000435763 -0.00110271 -0.0182202 0.089581 
0.0100289 -0.0184006 -0.000306507 0.000400502 -0.0184006 0.0899515 0.000398458 -0.00103191 -0.000306507 0.000398458 0.00993081 -0.0182065 0.000400502 -0.00103191 -0.0182065 0.0894672 
0.0100325 -0.0183803 -0.000310388 0.000394112 -0.0183803 0.0899187 0.000390028 -0.00100672 -0.000310388 0.000390028 0.0099018 -0.0182129 0.000394112 -0.00100672 -0.0182129 0.0894266 
0.0100158 -0.0183691 -0.000329225 0.000413065 -0.0183691 0.0898682 0.000408975 -0.00104289 -0.000329225 0.000408975 0.00990129 -0.0181994 0.000413065 -0.00104289 -0.0181994 0.0894122 
0.0100167 -0.0183615 -0.000324964 0.000398541 -0.0183615 0.0898536 0.000400585 -0.00100964 -0.000324964 0.000400585 0.0098879 -0.0181878 0.000398541 -0.00100964 -0.0181878 0.0893917 
0.0100114 -0.018344 -0.000295177 0.00037922 -0.018344 0.0898014 0.00038127 -0.000940876 -0.000295177 0.00038127 0.00987818 -0.0181882 0.00037922 -0.000940876 -0.0181882 0.0893997 
0.0100047 -0.0183396 -0.000256742 0.000347115 -0.0183396 0.0897714 0.000353277 -0.000883193 -0.000256742 0.000353277 0.00986916 -0.0181814 0.000347115 -0.000883193 -0.0181814 0.0893935 
0.00998904 -0.0183136 -0.000261623 0.000331663 -0.0183136 0.0896995 0.000333723 -0.000859029 -0.000261623 0.000333723 0.00986132 -0.0181735 0.000331663 -0.000859029 -0.0181735 0.0893761 
0.00996165 -0.0182858 -0.000266719 0.000334949 -0.0182858 0.0896093 0.000337017 -0.000853914 -0.000266719 0.000337017 0.00984793 -0.0181514 0.000334949 -0.000853914 -0.0181514 0.0893385 
0.00994841 -0.0182467 -0.000254028 0.000332509 -0.0182467 0.0895026 0.000336639 -0.000832304 -0.000254028 0.000336639 0.00984721 -0.0181413 0.000332509 -0.000832304 -0.0181413 0.0893126 
0.00996658 -0.0182188 -0.000259944 0.000315646 -0.0182188 0.0894042 0.000315646 -0.000808714 -0.000259944 0.000315646 0.00982217 -0.0181445 0.000315646 -0.000808714 -0.0181445 0.0893031 
0.00999401 -0.0182568 -0.000282014 0.000331418 -0.0182568 0.0894541 0.000337594 -0.000839867 -0.000282014 0.000337594 0.00980051 -0.0181024 0.000331418 -0.000839867 -0.0181024 0.0892256 
0.0100125 -0.0182939 -0.000285778 0.000353624 -0.0182939 0.0895492 0.000357736 -0.000884061 -0.000285778 0.000357736 0.0097884 -0.0180739 0.000353624 -0.000884061 -0.0180739 0.0891318 
0.0100143 -0.0183438 -0.000260489 0.000359723 -0.0183438 0.0897032 0.000363857 -0.000909643 -0.000260489 0.000363857 0.00976213 -0.0180275 0.000359723 -0.000909643 -0.0180275 0.0889921 
0.00997085 -0.0183201 -0.000251558 0.000332639 -0.0183201 0.0896919 0.000332639 -0.000875256 -0.000251558 0.000332639 0.00976919 -0.0180166 0.000332639 -0.000875256 -0.0180166 0.0889331 
0.00993053 -0.0182827 -0.000237383 0.000312346 -0.0182827 0.0896497 0.0003061 -0.000803771 -0.000237383 0.0003061 0.00978477 -0.0180036 0.000312346 -0.000803771 -0.0180036 0.0888688 
0.00990899 -0.0182368 -0.000234791 0.000297124 -0.0182368 0.089557 0.000295047 -0.000764628 -0.000234791 0.000295047 0.00980303 -0.0180103 0.000297124 -0.000764628 -0.0180103 0.0888443 
0.00990932 -0.0182045 -0.000247214 0.000301227 -0.0182045 0.0894456 0.000307459 -0.000772802 -0.000247214 0.000307459 0.00979922 -0.01803 0.000301227 -0.000772802 -0.01803 0.0888598 
0.00988306 -0.0181612 -0.000249153 0.000319746 -0.0181612 0.0892819 0.000328051 -0.000815976 -0.000249153 0.000328051 0.00980209 -0.0180511 0.000319746 -0.000815976 -0.0180511 0.0889413 
0.00987865 -0.0181558 -0.00024448 0.000335642 -0.0181558 0.0892394 0.00033357 -0.000857752 -0.00024448 0.00033357 0.00979785 -0.0180397 0.000335642 -0.000857752 -0.0180397 0.0889327 
0.00987974 -0.0181373 -0.000235281 0.000311644 -0.0181373 0.0891859 0.000313708 -0.000831739 -0.000235281 0.000313708 0.00980544 -0.0180568 0.000311644 -0.000831739 -0.0180568 0.0889816 
0.00988004 -0.0181398 -0.000240575 0.000281699 -0.0181398 0.0891795 0.000281699 -0.000734063 -0.000240575 0.000281699 0.00982864 -0.0180699 0.000281699 -0.000734063 -0.0180699 0.0890335 
0.00988283 -0.0181629 -0.000259912 0.000292916 -0.0181629 0.0892549 0.000290854 -0.000721977 -0.000259912 0.000290854 0.00981889 -0.018068 0.000292916 -0.000721977 -0.018068 0.0890136 
0.00987681 -0.0181859 -0.000297047 0.000340366 -0.0181859 0.0893368 0.000330052 -0.000812753 -0.000297047 0.000330052 0.00982111 -0.0180497 0.000340366 -0.000812753 -0.0180497 0.0889655 
0.00986557 -0.018156 -0.000298957 0.000385551 -0.018156 0.0892994 0.000381428 -0.000921611 -0.000298957 0.000381428 0.00982228 -0.0180652 0.000385551 -0.000921611 -0.0180652 0.0889984 
0.00986096 -0.0181358 -0.000297005 0.000381568 -0.0181358 0.0892416 0.000379506 -0.000971452 -0.000297005 0.000379506 0.00983415 -0.0180905 0.000381568 -0.000971452 -0.0180905 0.0890828 
0.00984565 -0.0181114 -0.000283313 0.000363964 -0.0181114 0.0891671 0.00035776 -0.000926454 -0.000283313 0.00035776 0.00985392 -0.0181258 0.000363964 -0.000926454 -0.0181258 0.0891878 
0.00984092 -0.0181072 -0.000277267 0.000349688 -0.0181072 0.0891456 0.000351757 -0.000898015 -0.000277267 0.000351757 0.00986782 -0.0181341 0.000349688 -0.000898015 -0.0181341 0.0892242 
0.00984171 -0.0181213 -0.000284215 0.000340228 -0.0181213 0.0891729 0.000338153 -0.000867166 -0.000284215 0.000338153 0.00985208 -0.0181151 0.000340228 -0.000867166 -0.0181151 0.0891708 
0.00986627 -0.0181224 -0.000259039 0.000341931 -0.0181224 0.0891902 0.000339859 -0.000847575 -0.000259039 0.000339859 0.00982897 -0.0181016 0.000341931 -0.000847575 -0.0181016 0.089128 
0.00988595 -0.0181571 -0.000236317 0.000325455 -0.0181571 0.0892513 0.000325455 -0.00083333 -0.000236317 0.000325455 0.00979681 -0.0180576 0.000325455 -0.00083333 -0.0180576 0.0890191 
0.00988717 -0.0181566 -0.000215705 0.000290372 -0.0181566 0.0892542 0.00029452 -0.00077156 -0.000215705 0.00029452 0.00978969 -0.0180446 0.000290372 -0.00077156 -0.0180446 0.0889679 
0.00989675 -0.0181734 -0.000208984 0.00026899 -0.0181734 0.0893128 0.000271059 -0.000709719 -0.000208984 0.000271059 0.00979329 -0.0180223 0.00026899 -0.000709719 -0.0180223 0.0889156 
0.00989675 -0.018178 -0.000212235 0.000257567 -0.018178 0.0893242 0.000257567 -0.00065731 -0.000212235 0.000257567 0.00982257 -0.0180441 0.000257567 -0.00065731 -0.0180441 0.0889533 
0.00988749 -0.0181583 -0.00023272 0.000273909 -0.0181583 0.0892593 0.000275968 -0.000687861 -0.00023272 0.000275968 0.00984424 -0.0181027 0.000273909 -0.000687861 -0.0181027 0.0890822 
0.0098886 -0.0181682 -0.000244849 0.000310691 -0.0181682 0.0892855 0.000316863 -0.000777755 -0.000244849 0.000316863 0.00985363 -0.0181085 0.000310691 -0.000777755 -0.0181085 0.0891312 
0.00986565 -0.0181731 -0.000257293 0.000329335 -0.0181731 0.0892952 0.000331394 -0.000848038 -0.000257293 0.000331394 0.00987183 -0.0181176 0.000329335 -0.000848038 -0.0181176 0.089147 
0.00984149 -0.0181365 -0.000269039 0.00034092 -0.0181365 0.0892512 0.000338866 -0.000881052 -0.000269039 0.000338866 0.00989284 -0.0181406 0.00034092 -0.000881052 -0.0181406 0.089208 
0.00981889 -0.0180866 -0.00027737 0.000336953 -0.0180866 0.0891076 0.000332844 -0.000858819 -0.00027737 0.000332844 0.00990929 -0.0181955 0.000336953 -0.000858819 -0.0181955 0.089348 
0.00981112 -0.0180693 -0.000265332 0.000335265 -0.0180693 0.0890447 0.000331151 -0.000828906 -0.000265332 0.000331151 0.00990779 -0.0182071 0.000335265 -0.000828906 -0.0182071 0.0894108 
0.00980328 -0.018076 -0.000267793 0.000335771 -0.018076 0.0890349 0.000331651 -0.000838397 -0.000267793 0.000331651 0.00990215 -0.0181914 0.000335771 -0.000838397 -0.0181914 0.0893872 
0.00979903 -0.0180713 -0.000278147 0.00035232 -0.0180713 0.0890525 0.000348199 -0.00087771 -0.000278147 0.000348199 0.00990617 -0.0181805 0.00035232 -0.00087771 -0.0181805 0.089343 
0.00979279 -0.0180489 -0.000264726 0.000353657 -0.0180489 0.0890224 0.000351589 -0.000891382 -0.000264726 0.000351589 0.0098962 -0.0181834 0.000353657 -0.000891382 -0.0181834 0.089345 
0.00981285 -0.0180613 -0.000256599 0.00034972 -0.0180613 0.0890378 0.000345581 -0.000898097 -0.000256599 0.000345581 0.00987493 -0.0181627 0.00034972 -0.000898097 -0.0181627 0.0893089 
0.00983054 -0.018076 -0.000250052 0.000318248 -0.018076 0.0890494 0.000316181 -0.00083695 -0.000250052 0.000316181 0.00987394 -0.0181608 0.000318248 -0.00083695 -0.0181608 0.0893077 
0.00984149 -0.0180807 -0.000267049 0.000312593 -0.0180807 0.0890495 0.000312593 -0.000805288 -0.000267049 0.000312593 0.0098684 -0.0181697 0.000312593 -0.000805288 -0.0181697 0.0893207 
0.00984907 -0.0181056 -0.000302348 0.000349978 -0.0181056 0.0891055 0.000354119 -0.00087598 -0.000302348 0.000354119 0.00985943 -0.0181409 0.000349978 -0.00087598 -0.0181409 0.089265 
0.00984916 -0.0181129 -0.000330301 0.000394297 -0.0181129 0.0891502 0.000396361 -0.000976452 -0.000330301 0.000396361 0.00987806 -0.0181376 0.000394297 -0.000976452 -0.0181376 0.0892349 
0.00986394 -0.0181363 -0.000320778 0.000423592 -0.0181363 0.0892216 0.000421536 -0.00105692 -0.000320778 0.000421536 0.00987833 -0.0181301 0.000423592 -0.00105692 -0.0181301 0.0891949 
0.00987753 -0.0181641 -0.000298947 0.000403374 -0.0181641 0.089293 0.000405421 -0.00104427 -0.000298947 0.000405421 0.00989391 -0.0181457 0.000403374 -0.00104427 -0.0181457 0.0892152 
0.00984428 -0.0181506 -0.000261116 0.000355693 -0.0181506 0.0892646 0.000351581 -0.000933438 -0.000261116 0.000351581 0.00991829 -0.0181815 0.000355693 -0.000933438 -0.0181815 0.0892975 
0.00981487 -0.0181136 -0.000242749 0.000306522 -0.0181136 0.0891999 0.000314751 -0.000816706 -0.000242749 0.000314751 0.00994036 -0.0182103 0.000306522 -0.000816706 -0.0182103 0.0893851 
0.00980896 -0.018056 -0.00023109 0.000278546 -0.018056 0.0890729 0.000282673 -0.000713904 -0.00023109 0.000282673 0.00993482 -0.0182603 0.000278546 -0.000713904 -0.0182603 0.0895269 
0.00980994 -0.018048 -0.000241991 0.000285425 -0.018048 0.0889948 0.000281289 -0.000699085 -0.000241991 0.000281289 0.00992784 -0.018261 0.000285425 -0.000699085 -0.018261 0.0895739 
0.00983394 -0.0180734 -0.000242458 0.000297936 -0.0180734 0.089052 0.000291772 -0.000706827 -0.000242458 0.000291772 0.00993667 -0.0182357 0.000297936 -0.000706827 -0.0182357 0.0895287 
0.00985567 -0.0180931 -0.000228245 0.000316665 -0.0180931 0.0890897 0.000306383 -0.00076493 -0.000228245 0.000306383 0.00991736 -0.0182349 0.000316665 -0.00076493 -0.0182349 0.0894865 
0.00985178 -0.0181298 -0.000263318 0.00032709 -0.0181298 0.0891741 0.000316804 -0.000824925 -0.000263318 0.000316804 0.00991144 -0.0182018 0.00032709 -0.000824925 -0.0182018 0.089421 
0.00985795 -0.0181449 -0.00028994 0.00034546 -0.0181449 0.089248 0.000337235 -0.000855425 -0.00028994 0.000337235 0.00990525 -0.018186 0.00034546 -0.000855425 -0.018186 0.0893528 
0.00982032 -0.0181265 -0.00031725 0.000374932 -0.0181265 0.0892275 0.000374932 -0.000918788 -0.00031725 0.000374932 0.00992538 -0.0181904 0.000374932 -0.000918788 -0.0181904 0.0893511 
0.00979719 -0.0181088 -0.000300019 0.000386922 -0.0181088 0.0892134 0.000386922 -0.000949717 -0.000300019 0.000386922 0.00992547 -0.0181895 0.000386922 -0.000949717 -0.0181895 0.0893148 
0.00978995 -0.0180839 -0.000281785 0.000360519 -0.0180839 0.0891766 0.000360519 -0.0009158 -0.000281785 0.000360519 0.00992255 -0.0181875 0.000360519 -0.0009158 -0.0181875 0.0893071 
0.00980803 -0.0180885 -0.000271524 0.000344069 -0.0180885 0.0891739 0.000346141 -0.000876753 -0.000271524 0.000346141 0.00990544 -0.0181693 0.000344069 -0.000876753 -0.0181693 0.0892588 
0.00979295 -0.0180651 -0.000260704 0.000312431 -0.0180651 0.0890862 0.000316569 -0.000800733 -0.000260704 0.000316569 0.00993571 -0.0181975 0.000312431 -0.000800733 -0.0181975 0.0893345 
0.00979337 -0.0180336 -0.000266079 0.00031352 -0.0180336 0.0889963 0.000323833 -0.000785862 -0.000266079 0.000323833 0.00996663 -0.0182481 0.00031352 -0.000785862 -0.0182481 0.0894645 
0.0098041 -0.0180428 -0.000283879 0.00033942 -0.0180428 0.0889775 0.000347649 -0.000849579 -0.000283879 0.000347649 0.00996661 -0.018267 0.00033942 -0.000849579 -0.018267 0.0895288 
0.00984021 -0.0180582 -0.000283024 0.000354806 -0.0180582 0.0889926 0.000354806 -0.000885988 -0.000283024 0.000354806 0.00994071 -0.0182715 0.000354806 -0.000885988 -0.0182715 0.0895648 
0.00985536 -0.0180956 -0.000308623 0.00037652 -0.0180956 0.0890542 0.000380635 -0.000956731 -0.000308623 0.000380635 0.00990062 -0.0182376 0.00037652 -0.000956731 -0.0182376 0.0895233 
0.00984671 -0.0181334 -0.000300883 0.000395682 -0.0181334 0.0891501 0.000383317 -0.000980962 -0.000300883 0.000383317 0.00989617 -0.018189 0.000395682 -0.000980962 -0.018189 0.0894242 
0.00983437 -0.0181281 -0.000299451 0.000379993 -0.0181281 0.0891888 0.000373797 -0.000976829 -0.000299451 0.000373797 0.00988807 -0.0181674 0.000379993 -0.000976829 -0.0181674 0.0893292 
0.00983588 -0.0181019 -0.000278491 0.00037751 -0.0181019 0.0891583 0.000375447 -0.00096956 -0.000278491 0.000375447 0.00988332 -0.0181617 0.00037751 -0.00096956 -0.0181617 0.0892903 
0.0098142 -0.0180955 -0.000275145 0.000372377 -0.0180955 0.0891264 0.000372377 -0.000970249 -0.000275145 0.000372377 0.00987006 -0.018141 0.000372377 -0.000970249 -0.018141 0.0892236 
0.00980832 -0.0180636 -0.000263687 0.000342585 -0.0180636 0.0890452 0.000346738 -0.000905255 -0.000263687 0.000346738 0.009854 -0.0181404 0.000342585 -0.000905255 -0.0181404 0.0892154 
0.00978579 -0.0180487 -0.000251397 0.000328271 -0.0180487 0.0889925 0.000328271 -0.00085392 -0.000251397 0.000328271 0.00984605 -0.0181048 0.000328271 -0.00085392 -0.0181048 0.0891463 
0.00978993 -0.0180392 -0.000250229 0.000314337 -0.0180392 0.088978 0.000316405 -0.000814794 -0.000250229 0.000316405 0.0098499 -0.018095 0.000314337 -0.000814794 -0.018095 0.0890772 
0.00978093 -0.0180288 -0.00023347 0.000295453 -0.0180288 0.0889313 0.000297519 -0.000749995 -0.00023347 0.000297519 0.00986151 -0.0181053 0.000295453 -0.000749995 -0.0181053 0.0890862 
0.00976007 -0.0180256 -0.000226254 0.000280223 -0.0180256 0.0889054 0.000290602 -0.000718201 -0.000226254 0.000290602 0.00986178 -0.0181128 0.000280223 -0.000718201 -0.0181128 0.0890943 
0.00971629 -0.0179695 -0.000212583 0.000273023 -0.0179695 0.0887804 0.00028136 -0.0006836 -0.000212583 0.00028136 0.00987051 -0.0181321 0.000273023 -0.0006836 -0.0181321 0.0891597 
0.00972436 -0.0179479 -0.000214707 0.000254313 -0.0179479 0.0887283 0.000266821 -0.000654544 -0.000214707 0.000266821 0.00985777 -0.0181188 0.000254313 -0.000654544 -0.0181188 0.0891431 
0.00973151 -0.0179361 -0.000208876 0.000259006 -0.0179361 0.0886823 0.000263183 -0.000647514 -0.000208876 0.000263183 0.00983595 -0.0181032 0.000259006 -0.000647514 -0.0181032 0.0891063 
0.00974458 -0.0179304 -0.00020449 0.000262916 -0.0179304 0.0886318 0.000258742 -0.00064477 -0.00020449 0.000258742 0.00981969 -0.0180911 0.000262916 -0.00064477 -0.0180911 0.0890804 
0.00975508 -0.0179497 -0.00020862 0.000267034 -0.0179497 0.0886427 0.000267034 -0.00068636 -0.00020862 0.000267034 0.00980306 -0.0180728 0.000267034 -0.00068636 -0.0180728 0.0890433 
0.00976844 -0.0179761 -0.000212267 0.000274698 -0.0179761 0.0887109 0.000270536 -0.00069507 -0.000212267 0.000270536 0.0098059 -0.0180385 0.000274698 -0.00069507 -0.0180385 0.0889565 
0.00977732 -0.0179869 -0.00022278 0.000289405 -0.0179869 0.0887455 0.000291488 -0.000745375 -0.00022278 0.000291488 0.00978565 -0.0180389 0.000289405 -0.000745375 -0.0180389 0.0889245 
0.00978936 -0.0180082 -0.00020485 0.000289687 -0.0180082 0.0888036 0.00028348 -0.000738702 -0.00020485 0.00028348 0.00979143 -0.0180144 0.000289687 -0.000738702 -0.0180144 0.0888822 
0.00976724 -0.0180183 -0.000215119 0.00026683 -0.0180183 0.0888297 0.000256488 -0.000701206 -0.000215119 0.000256488 0.00981067 -0.0180266 0.00026683 -0.000701206 -0.0180266 0.0888814 
0.00976881 -0.0180146 -0.000209569 0.000271817 -0.0180146 0.0888717 0.000261442 -0.00067228 -0.000209569 0.000261442 0.00980616 -0.0180374 0.000271817 -0.00067228 -0.0180374 0.0888821 
0.00976266 -0.0180037 -0.000185262 0.000264362 -0.0180037 0.088861 0.000256036 -0.000659864 -0.000185262 0.000256036 0.00979388 -0.0180391 0.000264362 -0.000659864 -0.0180391 0.0888985 
0.00976297 -0.0179829 -0.000170988 0.000248141 -0.0179829 0.0887947 0.000241885 -0.000648502 -0.000170988 0.000241885 0.00977548 -0.0180329 0.000248141 -0.000648502 -0.0180329 0.0889052 
0.00976279 -0.0179656 -0.000142004 0.000198388 -0.0179656 0.088738 0.000204653 -0.000540869 -0.000142004 0.000204653 0.00976906 -0.018022 0.000198388 -0.000540869 -0.018022 0.0889093 
0.00976679 -0.0179813 -0.000133534 0.000150226 -0.0179813 0.0887587 0.000152313 -0.000398517 -0.000133534 0.000152313 0.00976679 -0.0179959 0.000150226 -0.000398517 -0.0179959 0.0888463 
0.00977131 -0.0179877 -0.000156324 0.000172999 -0.0179877 0.0887713 0.000172999 -0.000412696 -0.000156324 0.000172999 0.00976714 -0.0179898 0.000172999 -0.000412696 -0.0179898 0.0888068 
0.00976221 -0.0179918 -0.00018325 0.000214485 -0.0179918 0.0887741 0.000224897 -0.000524761 -0.00018325 0.000224897 0.00977679 -0.0179897 0.000214485 -0.000524761 -0.0179897 0.088797 
0.0097712 -0.0179972 -0.000215709 0.000257192 -0.0179972 0.0888037 0.000259266 -0.000630534 -0.000215709 0.000259266 0.0097878 -0.0179951 0.000257192 -0.000630534 -0.0179951 0.0887891 
0.00974715 -0.0180035 -0.00023015 0.000298572 -0.0180035 0.0888191 0.000298572 -0.000731917 -0.00023015 0.000298572 0.00981972 -0.0180139 0.000298572 -0.000731917 -0.0180139 0.088817 
0.00972306 -0.0179768 -0.000240742 0.0002864 -0.0179768 0.0888005 0.0002864 -0.000736753 -0.000240742 0.0002864 0.00984551 -0.0180515 0.0002864 -0.000736753 -0.0180515 0.0888877 
0.00971814 -0.0179551 -0.00022082 0.000291648 -0.0179551 0.088757 0.000293732 -0.000729121 -0.00022082 0.000293732 0.00983897 -0.018078 0.000291648 -0.000729121 -0.018078 0.0889653 
0.00971941 -0.0179213 -0.000204006 0.000274783 -0.0179213 0.088655 0.000274783 -0.000709856 -0.000204006 0.000274783 0.00982558 -0.018092 0.000274783 -0.000709856 -0.018092 0.089038 
0.00972428 -0.0179374 -0.000180348 0.000259121 -0.0179374 0.0886607 0.000257048 -0.000679932 -0.000180348 0.000257048 0.00983829 -0.0180659 0.000259121 -0.000679932 -0.0180659 0.0890089 
0.00972051 -0.0179548 -0.000165596 0.000223555 -0.0179548 0.0887059 0.000221485 -0.000608567 -0.000165596 0.000221485 0.00985092 -0.0180666 0.000223555 -0.000608567 -0.0180666 0.0889853 
0.00970805 -0.0179299 -0.000180085 0.000223554 -0.0179299 0.08866 0.000219414 -0.000579585 -0.000180085 0.000219414 0.00986123 -0.0180996 0.000223554 -0.000579585 -0.0180996 0.0890409 
0.00972852 -0.017923 -0.000169985 0.000221809 -0.017923 0.088645 0.000217663 -0.000551414 -0.000169985 0.000217663 0.00984875 -0.018122 0.000221809 -0.000551414 -0.018122 0.0891218 
0.00974853 -0.0179449 -0.000175011 0.000235431 -0.0179449 0.0886555 0.000237515 -0.000604204 -0.000175011 0.000237515 0.0098027 -0.0181011 0.000235431 -0.000604204 -0.0181011 0.0891097 
0.00978254 -0.0179785 -0.0001657 0.000207126 -0.0179785 0.0887491 0.000209197 -0.000548883 -0.0001657 0.000209197 0.00979497 -0.0180489 0.000207126 -0.000548883 -0.0180489 0.089035 
0.00977587 -0.0180182 -0.000159784 0.000188835 -0.0180182 0.0888336 0.000199211 -0.000489727 -0.000159784 0.000199211 0.00980907 -0.0180348 0.000188835 -0.000489727 -0.0180348 0.0889581 
0.00974863 -0.0180162 -0.000162027 0.000184877 -0.0180162 0.088876 0.0001828 -0.000452845 -0.000162027 0.0001828 0.00983587 -0.0180411 0.000184877 -0.000452845 -0.0180411 0.0889342 
0.00975139 -0.0179802 -0.000161797 0.000199135 -0.0179802 0.088835 0.000194986 -0.00047502 -0.000161797 0.000194986 0.00985096 -0.0180881 0.000199135 -0.00047502 -0.0180881 0.0890196 
0.00975374 -0.0179673 -0.000149451 0.000209646 -0.0179673 0.0887717 0.000209646 -0.000523078 -0.000149451 0.000209646 0.0098513 -0.0181168 0.000209646 -0.000523078 -0.0181168 0.0891017 
0.00974832 -0.0179808 -0.00014101 0.000194925 -0.0179808 0.08878 0.000194925 -0.00051427 -0.00014101 0.000194925 0.00986859 -0.0181094 0.000194925 -0.00051427 -0.0181094 0.0891284 
0.00970217 -0.017932 -0.000172363 0.000215973 -0.017932 0.0886776 0.000215973 -0.000579389 -0.000172363 0.000215973 0.00989737 -0.0181563 0.000215973 -0.000579389 -0.0181563 0.0892238 
0.0096968 -0.017922 -0.000209045 0.00025044 -0.017922 0.0886538 0.000248371 -0.000643694 -0.000209045 0.000248371 0.00991827 -0.0181724 0.00025044 -0.000643694 -0.0181724 0.0892685 
0.00970683 -0.0179046 -0.000220891 0.00027663 -0.0179046 0.0886043 0.00027663 -0.000699833 -0.000220891 0.00027663 0.0099236 -0.0182039 0.00027663 -0.000699833 -0.0182039 0.0893413 
0.00971368 -0.0179245 -0.000230885 0.000265931 -0.0179245 0.0886291 0.000267992 -0.000678226 -0.000230885 0.000267992 0.00993632 -0.018209 0.000265931 -0.000678226 -0.018209 0.0893795 
0.00970521 -0.0179295 -0.000258172 0.000291218 -0.0179295 0.0886605 0.000295349 -0.000722882 -0.000258172 0.000295349 0.00994686 -0.0182249 0.000291218 -0.000722882 -0.0182249 0.0894123 
0.00969563 -0.0179363 -0.000264164 0.000313694 -0.0179363 0.0886888 0.000317822 -0.000763598 -0.000264164 0.000317822 0.00995361 -0.0182252 0.000313694 -0.000763598 -0.0182252 0.0894297 
0.00969255 -0.0179374 -0.000265095 0.000323085 -0.0179374 0.0887158 0.000325156 -0.000801499 -0.000265095 0.000325156 0.00994936 -0.0182212 0.000323085 -0.000801499 -0.0182212 0.0893972 
0.0096921 -0.0179336 -0.000234169 0.000335711 -0.0179336 0.0887189 0.000327422 -0.00083306 -0.000234169 0.000327422 0.00993456 -0.0182134 0.000335711 -0.00083306 -0.0182134 0.0893737 
0.00968539 -0.0178932 -0.000203379 0.000302993 -0.0178932 0.0886025 0.000302993 -0.000796912 -0.000203379 0.000302993 0.00993027 -0.0182273 0.000302993 -0.000796912 -0.0182273 0.089416 
