0.00778429 0 6.24481e-05 0 0 0.00998626 0 0 6.24481e-05 0 0.00682042 0 0 0 0 0.00998626 
0.010883 -0.0135122 7.66754e-05 -9.15157e-05 -0.0135122 0.0350926 -9.15157e-05 0.000178085 7.66754e-05 -9.15157e-05 0.00973035 -0.01209 -9.15157e-05 0.000178085 -0.01209 0.0323718 
0.0107916 -0.0201322 8.74119e-05 -0.000129869 -0.0201322 0.0735584 -0.000129869 0.000409587 8.74119e-05 -0.000129869 0.00995747 -0.0186537 -0.000129869 0.000409587 -0.0186537 0.0688456 
0.010152 -0.0195955 5.58068e-05 -8.2497e-05 -0.0195955 0.0871727 -8.49234e-05 0.000271755 5.58068e-05 -8.49234e-05 0.00943378 -0.0185206 -8.2497e-05 0.000271755 -0.0185206 0.0832977 
0.0101593 -0.0187756 3.69009e-05 -5.99639e-05 -0.0187756 0.0895654 -7.14955e-05 0.000182198 3.69009e-05 -7.14955e-05 0.00937974 -0.0179246 -5.99639e-05 0.000182198 -0.0179246 0.0871045 
0.0103901 -0.0187224 3.52505e-05 -3.96568e-05 -0.0187224 0.090259 -4.62663e-05 0.000116767 3.52505e-05 -4.62663e-05 0.00946917 -0.0177839 -3.96568e-05 0.000116767 -0.0177839 0.0881549 
0.0105902 -0.0189317 4.68028e-05 -4.2548e-05 -0.0189317 0.0909805 -4.2548e-05 0.00010637 4.68028e-05 -4.2548e-05 0.00951161 -0.0177893 -4.2548e-05 0.00010637 -0.0177893 0.0884765 
0.0106624 -0.0191238 2.29703e-05 -4.80287e-05 -0.0191238 0.0915636 -4.38523e-05 9.81457e-05 2.29703e-05 -4.38523e-05 0.0095076 -0.0177435 -4.80287e-05 9.81457e-05 -0.0177435 0.0884042 
0.0106302 -0.0191577 1.02766e-05 -2.26086e-05 -0.0191577 0.0917931 -2.05533e-05 6.16599e-05 1.02766e-05 -2.05533e-05 0.00957372 -0.0177416 -2.26086e-05 6.16599e-05 -0.0177416 0.0883463 
0.0105615 -0.0190947 1.42833e-05 -6.12141e-06 -0.0190947 0.0917192 -1.02024e-05 3.26475e-05 1.42833e-05 -1.02024e-05 0.00963918 -0.0178133 -6.12141e-06 3.26475e-05 -0.0178133 0.0884116 
0.010521 -0.019013 4.67598e-05 -1.62643e-05 -0.019013 0.0915375 -2.84625e-05 3.65947e-05 4.67598e-05 -2.84625e-05 0.00967522 -0.0179131 -1.62643e-05 3.65947e-05 -0.0179131 0.0886282 
0.0105231 -0.0189959 6.29273e-05 -4.05983e-05 -0.0189959 0.0914679 -4.87179e-05 5.88675e-05 6.29273e-05 -4.87179e-05 0.00964615 -0.017912 -4.05983e-05 5.88675e-05 -0.017912 0.0886788 
0.0104995 -0.0189926 6.68112e-05 -6.27621e-05 -0.0189926 0.0914484 -6.88358e-05 0.000113377 6.68112e-05 -6.88358e-05 0.00966941 -0.0179054 -6.27621e-05 0.000113377 -0.0179054 0.0887132 
0.0104864 -0.0189494 6.66379e-05 -9.28891e-05 -0.0189494 0.0913726 -9.08698e-05 0.000203952 6.66379e-05 -9.08698e-05 0.00969278 -0.0179619 -9.28891e-05 0.000203952 -0.0179619 0.0888485 
0.0104788 -0.018935 4.23917e-05 -6.45969e-05 -0.018935 0.0913097 -6.25782e-05 0.000167548 4.23917e-05 -6.25782e-05 0.00971376 -0.0180044 -6.45969e-05 0.000167548 -0.0180044 0.0889963 
0.0104776 -0.0189308 3.63316e-05 -4.64237e-05 -0.0189308 0.0912851 -4.64237e-05 0.000131197 3.63316e-05 -4.64237e-05 0.00972878 -0.0180346 -4.64237e-05 0.000131197 -0.0180346 0.0891011 
0.0104869 -0.0189341 2.8272e-05 -3.63497e-05 -0.0189341 0.0912882 -3.43303e-05 8.88548e-05 2.8272e-05 -3.43303e-05 0.00972556 -0.0180476 -3.63497e-05 8.88548e-05 -0.0180476 0.0891658 
0.0105176 -0.0189555 5.87234e-05 -5.87234e-05 -0.0189555 0.091329 -5.66984e-05 0.000141746 5.87234e-05 -5.66984e-05 0.009661 -0.0180139 -5.87234e-05 0.000141746 -0.0180139 0.0890914 
0.0105271 -0.0189832 4.8727e-05 -6.69996e-05 -0.0189832 0.0913855 -6.90299e-05 0.000160393 4.8727e-05 -6.90299e-05 0.00962967 -0.0179498 -6.69996e-05 0.000160393 -0.0179498 0.0889816 
0.0105242 -0.0189954 5.66906e-05 -7.49126e-05 -0.0189954 0.091448 -7.69372e-05 0.000190318 5.66906e-05 -7.69372e-05 0.0096455 -0.0179183 -7.49126e-05 0.000190318 -0.0179183 0.0888868 
0.0105295 -0.0190117 5.24962e-05 -8.07634e-05 -0.0190117 0.0915251 -8.48015e-05 0.000214023 5.24962e-05 -8.48015e-05 0.0096694 -0.0179214 -8.07634e-05 0.000214023 -0.0179214 0.0888397 
0.0105388 -0.0190109 3.83448e-05 -3.83448e-05 -0.0190109 0.0915391 -3.83448e-05 0.000117053 3.83448e-05 -3.83448e-05 0.00967702 -0.0179514 -3.83448e-05 0.000117053 -0.0179514 0.0888711 
0.0105616 -0.0190326 4.24159e-05 -3.63565e-05 -0.0190326 0.0915699 -3.23169e-05 7.47328e-05 4.24159e-05 -3.23169e-05 0.00964457 -0.017948 -3.63565e-05 7.47328e-05 -0.017948 0.0888755 
0.0105765 -0.0190527 3.02648e-05 -3.22825e-05 -0.0190527 0.0916237 -3.02648e-05 5.44767e-05 3.02648e-05 -3.02648e-05 0.0096343 -0.0179228 -3.22825e-05 5.44767e-05 -0.0179228 0.0888454 
0.0105717 -0.0190577 1.81368e-05 -6.0456e-06 -0.0190577 0.0916371 -8.06079e-06 4.0304e-06 1.81368e-05 -8.06079e-06 0.00963668 -0.0179212 -6.0456e-06 4.0304e-06 -0.0179212 0.088836 
0.0105638 -0.0190564 8.05171e-06 -1.61034e-05 -0.0190564 0.0916425 -1.00646e-05 2.01293e-05 8.05171e-06 -1.00646e-05 0.00965802 -0.0179312 -1.61034e-05 2.01293e-05 -0.0179312 0.0888607 
0.0105543 -0.0190606 2.01572e-05 -3.22515e-05 -0.0190606 0.0916608 -2.82201e-05 7.65973e-05 2.01572e-05 -2.82201e-05 0.00969157 -0.0179641 -3.22515e-05 7.65973e-05 -0.0179641 0.0889315 
0.0105609 -0.0190419 5.42618e-05 -5.42618e-05 -0.0190419 0.0916361 -5.42618e-05 0.000154746 5.42618e-05 -5.42618e-05 0.00971285 -0.0180049 -5.42618e-05 0.000154746 -0.0180049 0.0890375 
0.0105799 -0.0190555 7.45065e-05 -8.65886e-05 -0.0190555 0.091647 -9.0616e-05 0.000223519 7.45065e-05 -9.0616e-05 0.00968987 -0.0180145 -8.65886e-05 0.000223519 -0.0180145 0.0890614 
0.0105833 -0.0190785 8.65012e-05 -0.000106618 -0.0190785 0.0916892 -0.000110641 0.000273585 8.65012e-05 -0.000110641 0.00968813 -0.0179902 -0.000106618 0.000273585 -0.0179902 0.0890459 
0.0105932 -0.0190741 6.04058e-05 -8.65817e-05 -0.0190741 0.091694 -8.85952e-05 0.000225515 6.04058e-05 -8.85952e-05 0.00966493 -0.0179888 -8.65817e-05 0.000225515 -0.0179888 0.0890281 
0.0105661 -0.0190931 4.04987e-05 -6.68229e-05 -0.0190931 0.0917255 -6.47979e-05 0.000186294 4.04987e-05 -6.47979e-05 0.00964882 -0.017945 -6.68229e-05 0.000186294 -0.017945 0.0889311 
0.0105707 -0.0190669 3.23202e-05 -3.43402e-05 -0.0190669 0.0917167 -3.03002e-05 0.000109081 3.23202e-05 -3.03002e-05 0.00964759 -0.0179296 -3.43402e-05 0.000109081 -0.0179296 0.0888725 
0.010555 -0.0190606 5.26536e-05 -2.43017e-05 -0.0190606 0.09167 -1.82263e-05 5.26536e-05 5.26536e-05 -1.82263e-05 0.00964372 -0.0179225 -2.43017e-05 5.26536e-05 -0.0179225 0.0888348 
0.0105266 -0.0190426 4.67127e-05 -7.10846e-05 -0.0190426 0.0916199 -6.70226e-05 0.000125921 4.67127e-05 -6.70226e-05 0.00963907 -0.0179072 -7.10846e-05 0.000125921 -0.0179072 0.0887887 
0.010473 -0.0190011 1.01937e-05 -5.09686e-05 -0.0190011 0.0915233 -4.48524e-05 0.000118247 1.01937e-05 -4.48524e-05 0.00964734 -0.0179022 -5.09686e-05 0.000118247 -0.0179022 0.0887425 
0.010433 -0.0189288 2.03492e-06 -4.06983e-06 -0.0189288 0.0913718 0 4.6803e-05 2.03492e-06 0 0.00966788 -0.0179154 -4.06983e-06 4.6803e-05 -0.0179154 0.0887671 
0.0103956 -0.0188712 3.45776e-05 0 -0.0188712 0.0911933 -2.03398e-06 1.01699e-05 3.45776e-05 -2.03398e-06 0.00969189 -0.0179315 0 1.01699e-05 -0.0179315 0.0887912 
0.0103796 -0.0187963 4.06407e-05 -2.84485e-05 -0.0187963 0.0909946 -3.65767e-05 3.65767e-05 4.06407e-05 -3.65767e-05 0.00968672 -0.0179835 -2.84485e-05 3.65767e-05 -0.0179835 0.0889057 
0.0104127 -0.0188145 6.27758e-05 -6.27758e-05 -0.0188145 0.0909722 -7.29009e-05 0.000149852 6.27758e-05 -7.29009e-05 0.0096614 -0.0179539 -6.27758e-05 0.000149852 -0.0179539 0.0888824 
0.0104363 -0.0188541 6.86999e-05 -7.67823e-05 -0.0188541 0.0910476 -8.2844e-05 0.000191956 6.86999e-05 -8.2844e-05 0.00966244 -0.0179367 -7.67823e-05 0.000191956 -0.0179367 0.0888613 
0.0104551 -0.0189069 8.08594e-05 -8.49023e-05 -0.0189069 0.0911993 -8.69238e-05 0.000208213 8.08594e-05 -8.69238e-05 0.0096445 -0.0179104 -8.49023e-05 0.000208213 -0.0179104 0.0887795 
0.0104549 -0.0189135 6.27011e-05 -8.29273e-05 -0.0189135 0.0912504 -7.88821e-05 0.000184058 6.27011e-05 -7.88821e-05 0.00964181 -0.0179062 -8.29273e-05 0.000184058 -0.0179062 0.0887545 
0.0104248 -0.0188975 6.68257e-05 -6.88507e-05 -0.0188975 0.0912333 -6.27757e-05 0.000172127 6.68257e-05 -6.27757e-05 0.00966138 -0.0179113 -6.88507e-05 0.000172127 -0.0179113 0.0887668 
0.0104141 -0.01887 6.09366e-05 -7.71864e-05 -0.01887 0.0911855 -7.10927e-05 0.000172654 6.09366e-05 -7.10927e-05 0.00965033 -0.0179296 -7.71864e-05 0.000172654 -0.0179296 0.0888029 
0.0104232 -0.0188691 5.89342e-05 -8.33208e-05 -0.0188691 0.0911672 -8.33208e-05 0.000207286 5.89342e-05 -8.33208e-05 0.00964692 -0.0179241 -8.33208e-05 0.000207286 -0.0179241 0.0888057 
0.0103963 -0.0188493 6.91867e-05 -8.54659e-05 -0.0188493 0.0911168 -8.54659e-05 0.000236049 6.91867e-05 -8.54659e-05 0.00966986 -0.0179397 -8.54659e-05 0.000236049 -0.0179397 0.0888479 
0.0103783 -0.018839 6.92837e-05 -7.5397e-05 -0.018839 0.0910958 -7.94725e-05 0.000203776 6.92837e-05 -7.94725e-05 0.00967934 -0.0179404 -7.5397e-05 0.000203776 -0.0179404 0.0888339 
0.0103642 -0.0188187 8.36477e-05 -9.18084e-05 -0.0188187 0.0910454 -8.97683e-05 0.00022238 8.36477e-05 -8.97683e-05 0.00967253 -0.0179394 -9.18084e-05 0.00022238 -0.0179394 0.0888175 
0.0103449 -0.0187897 6.53838e-05 -0.000100119 -0.0187897 0.0909611 -9.39892e-05 0.000234973 6.53838e-05 -9.39892e-05 0.00967476 -0.0179438 -0.000100119 0.000234973 -0.0179438 0.0888239 
0.0103467 -0.01878 5.30912e-05 -8.78047e-05 -0.01878 0.0909412 -8.57628e-05 0.000242995 5.30912e-05 -8.57628e-05 0.0096769 -0.0179285 -8.78047e-05 0.000242995 -0.0179285 0.0887849 
0.0103715 -0.0187623 3.86391e-05 -5.08409e-05 -0.0187623 0.0908934 -5.49082e-05 0.000162691 3.86391e-05 -5.49082e-05 0.00967808 -0.0179529 -5.08409e-05 0.000162691 -0.0179529 0.0888414 
0.0103793 -0.0187836 0 -1.83813e-05 -0.0187836 0.0908772 -2.45084e-05 6.53557e-05 0 -2.45084e-05 0.00966448 -0.0179585 -1.83813e-05 6.53557e-05 -0.0179585 0.0888756 
0.0104084 -0.0188078 4.08332e-06 2.04166e-06 -0.0188078 0.0909457 -1.02083e-05 3.26665e-05 4.08332e-06 -1.02083e-05 0.00963663 -0.0179319 2.04166e-06 3.26665e-05 -0.0179319 0.088857 
0.0104548 -0.0188564 3.66263e-05 -1.42436e-05 -0.0188564 0.0910632 -2.44175e-05 5.08699e-05 3.66263e-05 -2.44175e-05 0.00961441 -0.0178981 -1.42436e-05 5.08699e-05 -0.0178981 0.0887679 
0.0104738 -0.0189073 6.10241e-05 -5.08534e-05 -0.0189073 0.0911802 -5.08534e-05 0.000105775 6.10241e-05 -5.08534e-05 0.0096174 -0.0178801 -5.08534e-05 0.000105775 -0.0178801 0.0887128 
0.0104698 -0.018938 6.53597e-05 -6.74022e-05 -0.018938 0.091281 -6.33173e-05 0.000132762 6.53597e-05 -6.33173e-05 0.00961197 -0.0178596 -6.74022e-05 0.000132762 -0.0178596 0.088638 
0.010452 -0.0189333 6.54141e-05 -8.17677e-05 -0.0189333 0.0913263 -7.56351e-05 0.000177845 6.54141e-05 -7.56351e-05 0.00962405 -0.0178581 -8.17677e-05 0.000177845 -0.0178581 0.0886218 
0.0104716 -0.0189167 5.88864e-05 -0.000103559 -0.0189167 0.0913104 -9.94976e-05 0.000249759 5.88864e-05 -9.94976e-05 0.00962893 -0.017873 -0.000103559 0.000249759 -0.017873 0.0886321 
0.0104889 -0.0189385 5.24444e-05 -8.27008e-05 -0.0189385 0.091338 -8.06837e-05 0.000225914 5.24444e-05 -8.06837e-05 0.00964977 -0.0178876 -8.27008e-05 0.000225914 -0.0178876 0.0886654 
0.0105049 -0.0189606 7.47036e-05 -8.47986e-05 -0.0189606 0.0913725 -7.67226e-05 0.000224111 7.47036e-05 -7.67226e-05 0.0096408 -0.0179167 -8.47986e-05 0.000224111 -0.0179167 0.0887297 
0.0105074 -0.018959 9.3075e-05 -0.000111285 -0.018959 0.0913794 -0.000113309 0.000287319 9.3075e-05 -0.000113309 0.00964743 -0.0179412 -0.000111285 0.000287319 -0.0179412 0.0888421 
0.0105117 -0.0189733 0.000101386 -0.000127746 -0.0189733 0.0914092 -0.000129773 0.000326461 0.000101386 -0.000129773 0.00964379 -0.0179412 -0.000127746 0.000326461 -0.0179412 0.0888827 
0.0105264 -0.0189834 8.68113e-05 -9.89245e-05 -0.0189834 0.0914547 -0.000102962 0.000258415 8.68113e-05 -0.000102962 0.0096623 -0.0179417 -9.89245e-05 0.000258415 -0.0179417 0.0888888 
0.0105341 -0.0190115 8.28343e-05 -9.69767e-05 -0.0190115 0.0915097 -9.49564e-05 0.00023436 8.28343e-05 -9.49564e-05 0.00964919 -0.0179326 -9.69767e-05 0.00023436 -0.0179326 0.0888469 
0.0105169 -0.0190073 0.000103048 -0.000119212 -0.0190073 0.0915186 -0.000115171 0.000284897 0.000103048 -0.000115171 0.00966831 -0.0179364 -0.000119212 0.000284897 -0.0179364 0.0888615 
0.0104792 -0.0190026 0.000111244 -0.000133493 -0.0190026 0.0915258 -0.000131471 0.000317552 0.000111244 -0.000131471 0.00968231 -0.0179245 -0.000133493 0.000317552 -0.0179245 0.0888094 
0.0104553 -0.0189358 0.000103297 -0.000133679 -0.0189358 0.0913998 -0.000129628 0.000315968 0.000103297 -0.000129628 0.00968158 -0.0179636 -0.000133679 0.000315968 -0.0179636 0.0888761 
0.0104533 -0.0189186 0.000103358 -0.000129704 -0.0189186 0.0913299 -0.000129704 0.000334393 0.000103358 -0.000129704 0.00966903 -0.0179559 -0.000129704 0.000334393 -0.0179559 0.0888797 
0.0104727 -0.0188886 0.000115731 -0.000144157 -0.0188886 0.0912288 -0.000140096 0.000365467 0.000115731 -0.000140096 0.00965037 -0.017981 -0.000144157 0.000365467 -0.017981 0.0889446 
0.0104974 -0.0189356 0.000138097 -0.000160436 -0.0189356 0.0912822 -0.000156375 0.000402106 0.000138097 -0.000156375 0.009614 -0.017914 -0.000160436 0.000402106 -0.017914 0.0888411 
0.0104525 -0.0189554 0.000140125 -0.000166525 -0.0189554 0.091335 -0.000160433 0.000402097 0.000140125 -0.000160433 0.00965034 -0.0178771 -0.000166525 0.000402097 -0.0178771 0.0887396 
0.0104436 -0.0189227 0.000140033 -0.000166416 -0.0189227 0.0913259 -0.000160328 0.000403863 0.000140033 -0.000160328 0.00965619 -0.017908 -0.000166416 0.000403863 -0.017908 0.0887261 
0.0104348 -0.0188985 0.000133702 -0.000164089 -0.0188985 0.0912575 -0.000155985 0.000393002 0.000133702 -0.000155985 0.00968527 -0.0179383 -0.000164089 0.000393002 -0.0179383 0.0888104 
0.0104165 -0.0188815 0.00012362 -0.000166178 -0.0188815 0.0911934 -0.000154019 0.000399233 0.00012362 -0.000154019 0.00969914 -0.0179614 -0.000166178 0.000399233 -0.0179614 0.0888689 
0.0104046 -0.0188683 0.000106128 -0.000148987 -0.0188683 0.0911596 -0.000148987 0.000381651 0.000106128 -0.000148987 0.0096617 -0.017956 -0.000148987 0.000381651 -0.017956 0.0888554 
0.0103544 -0.0188241 0.000110502 -0.000135057 -0.0188241 0.0910512 -0.00013915 0.000360153 0.000110502 -0.00013915 0.00968116 -0.0179442 -0.000135057 0.000360153 -0.0179442 0.0888698 
0.0103453 -0.0187805 0.00012666 -0.00016139 -0.0187805 0.0909564 -0.000165476 0.000422882 0.00012666 -0.000165476 0.00966296 -0.0179347 -0.00016139 0.000422882 -0.0179347 0.0888134 
0.0103831 -0.0187708 0.000123946 -0.000160521 -0.0187708 0.0909178 -0.000166617 0.000426701 0.000123946 -0.000166617 0.00965157 -0.0179214 -0.000160521 0.000426701 -0.0179214 0.0887802 
0.0103846 -0.0187978 0.000107497 -0.000154147 -0.0187978 0.0909283 -0.000154147 0.000401593 0.000107497 -0.000154147 0.00966662 -0.0179216 -0.000154147 0.000401593 -0.0179216 0.0887824 
0.0103983 -0.0188 0.000115424 -0.000135674 -0.0188 0.0909362 -0.000133649 0.000358423 0.000115424 -0.000133649 0.00967134 -0.0179556 -0.000135674 0.000358423 -0.0179556 0.0888666 
0.0103914 -0.0188399 0.000115595 -0.000146014 -0.0188399 0.0910258 -0.00013993 0.000352868 0.000115595 -0.00013993 0.00968765 -0.0179476 -0.000146014 0.000352868 -0.0179476 0.0888599 
0.0103825 -0.0188231 0.00010777 -0.000142337 -0.0188231 0.0910328 -0.000134204 0.000333476 0.00010777 -0.000134204 0.00968503 -0.0179731 -0.000142337 0.000333476 -0.0179731 0.0889058 
0.0103777 -0.0188148 0.000105999 -0.00013046 -0.0188148 0.0910084 -0.000122307 0.000311882 0.000105999 -0.000122307 0.00967446 -0.0179628 -0.00013046 0.000311882 -0.0179628 0.0889088 
0.0103783 -0.018809 0.000104007 -0.000128479 -0.018809 0.090994 -0.000122361 0.000305903 0.000104007 -0.000122361 0.00965431 -0.0179382 -0.000128479 0.000305903 -0.0179382 0.0888568 
0.0103717 -0.0188076 0.000107657 -0.00012797 -0.0188076 0.0909686 -0.000132033 0.000316879 0.000107657 -0.000132033 0.00967089 -0.017926 -0.00012797 0.000316879 -0.017926 0.0888215 
0.0103463 -0.0187935 9.77024e-05 -0.000113986 -0.0187935 0.0909405 -0.000118057 0.000280894 9.77024e-05 -0.000118057 0.00968271 -0.0179284 -0.000113986 0.000280894 -0.0179284 0.0887952 
0.0103234 -0.0187608 9.17547e-05 -0.000124379 -0.0187608 0.0908739 -0.000128457 0.000307888 9.17547e-05 -0.000128457 0.00968114 -0.0179411 -0.000124379 0.000307888 -0.0179411 0.0888063 
0.0103071 -0.0187247 9.39606e-05 -0.000118472 -0.0187247 0.0907843 -0.000126643 0.000318649 9.39606e-05 -0.000126643 0.0096759 -0.0179444 -0.000118472 0.000318649 -0.0179444 0.0888336 
0.0103217 -0.0187157 8.56742e-05 -0.000118312 -0.0187157 0.0907453 -0.000118312 0.00030394 8.56742e-05 -0.000118312 0.00966283 -0.0179365 -0.000118312 0.00030394 -0.0179365 0.0888218 
0.0103022 -0.0187171 8.18769e-05 -0.000116675 -0.0187171 0.0907278 -0.000110534 0.000284522 8.18769e-05 -0.000110534 0.00966967 -0.0179249 -0.000116675 0.000284522 -0.0179249 0.0887996 
0.0102968 -0.0187138 8.60968e-05 -0.000108646 -0.0187138 0.0907317 -0.000102496 0.00027059 8.60968e-05 -0.000102496 0.00966334 -0.0179143 -0.000108646 0.00027059 -0.0179143 0.0887515 
0.0103 -0.0187025 9.23126e-05 -0.000110775 -0.0187025 0.0907207 -0.000110775 0.000276938 9.23126e-05 -0.000110775 0.0096559 -0.0179148 -0.000110775 0.000276938 -0.0179148 0.0887432 
0.0103005 -0.0186982 0.000110604 -0.000114701 -0.0186982 0.0907015 -0.000122893 0.000296992 0.000110604 -0.000122893 0.00967581 -0.017922 -0.000114701 0.000296992 -0.017922 0.0887639 
0.0103062 -0.0186906 0.000122937 -0.000141378 -0.0186906 0.0906662 -0.000145476 0.000344224 0.000122937 -0.000145476 0.00966696 -0.0179406 -0.000141378 0.000344224 -0.0179406 0.0887955 
0.010318 -0.0186981 0.000115078 -0.000154122 -0.0186981 0.0906569 -0.000156177 0.000382224 0.000115078 -0.000156177 0.00965012 -0.0179419 -0.000154122 0.000382224 -0.0179419 0.0888198 
0.0103447 -0.0187175 0.000106816 -0.000160224 -0.0187175 0.0906971 -0.00015817 0.000421102 0.000106816 -0.00015817 0.00962577 -0.0179143 -0.000160224 0.000421102 -0.0179143 0.0887847 
0.0103801 -0.0187785 8.60742e-05 -0.000112716 -0.0187785 0.0908349 -0.000108617 0.000309457 8.60742e-05 -0.000108617 0.00960342 -0.0178584 -0.000112716 0.000309457 -0.0178584 0.088638 
0.0104132 -0.0188468 8.37634e-05 -9.60214e-05 -0.0188468 0.0910447 -9.80645e-05 0.000249247 8.37634e-05 -9.80645e-05 0.00958171 -0.0177926 -9.60214e-05 0.000249247 -0.0177926 0.0884317 
0.010422 -0.0188809 5.28934e-05 -7.93401e-05 -0.0188809 0.0911577 -8.13744e-05 0.000189196 5.28934e-05 -8.13744e-05 0.00959201 -0.0177783 -7.93401e-05 0.000189196 -0.0177783 0.0883462 
0.0104324 -0.0188604 3.24934e-05 -5.88943e-05 -0.0188604 0.0911338 -6.29559e-05 0.000158405 3.24934e-05 -6.29559e-05 0.00959367 -0.0178328 -5.88943e-05 0.000158405 -0.0178328 0.088447 
0.0104187 -0.0188747 4.26662e-05 -5.68883e-05 -0.0188747 0.0911329 -6.09517e-05 0.000168633 4.26662e-05 -6.09517e-05 0.0095938 -0.0178243 -5.68883e-05 0.000168633 -0.0178243 0.0884755 
0.010399 -0.0188456 7.32184e-05 -6.91507e-05 -0.0188456 0.0910857 -7.93199e-05 0.000197283 7.32184e-05 -7.93199e-05 0.00960381 -0.017849 -6.91507e-05 0.000197283 -0.017849 0.0885495 
0.0103753 -0.0188139 8.72894e-05 -9.54094e-05 -0.0188139 0.0910124 -0.000101499 0.000227359 8.72894e-05 -0.000101499 0.0096262 -0.0178659 -9.54094e-05 0.000227359 -0.0178659 0.088611 
0.0103348 -0.0187948 9.56737e-05 -0.00011603 -0.0187948 0.0909592 -0.00011603 0.000278879 9.56737e-05 -0.00011603 0.00964269 -0.0178706 -0.00011603 0.000278879 -0.0178706 0.0886183 
0.0103036 -0.0187349 7.56264e-05 -0.000114462 -0.0187349 0.0908253 -0.000110374 0.000280022 7.56264e-05 -0.000110374 0.00962091 -0.0178908 -0.000114462 0.000280022 -0.0178908 0.0886546 
0.0102718 -0.0187001 7.79257e-05 -7.99764e-05 -0.0187001 0.0907158 -8.40777e-05 0.000231726 7.79257e-05 -8.40777e-05 0.00962998 -0.0178737 -7.99764e-05 0.000231726 -0.0178737 0.0886589 
0.0102536 -0.0186711 6.75524e-05 -5.32231e-05 -0.0186711 0.0906553 -5.73171e-05 0.000133058 6.75524e-05 -5.73171e-05 0.00964566 -0.0178625 -5.32231e-05 0.000133058 -0.0178625 0.0886164 
0.0102319 -0.0186364 7.38321e-05 -8.20356e-05 -0.0186364 0.0905571 -8.20356e-05 0.000176377 7.38321e-05 -8.20356e-05 0.00965354 -0.0178817 -8.20356e-05 0.000176377 -0.0178817 0.0886169 
0.010225 -0.0186137 6.55844e-05 -9.01785e-05 -0.0186137 0.0904962 -8.60795e-05 0.000207001 6.55844e-05 -8.60795e-05 0.0096573 -0.0178922 -9.01785e-05 0.000207001 -0.0178922 0.0886496 
0.0102513 -0.0186085 5.32431e-05 -8.80559e-05 -0.0186085 0.090456 -8.19125e-05 0.00021502 5.32431e-05 -8.19125e-05 0.0096411 -0.0178938 -8.80559e-05 0.00021502 -0.0178938 0.0886662 
0.0102495 -0.018652 5.31805e-05 -7.36345e-05 -0.018652 0.0905378 -6.95437e-05 0.000202495 5.31805e-05 -6.95437e-05 0.00964408 -0.0178605 -7.36345e-05 0.000202495 -0.0178605 0.0886028 
0.010251 -0.0186268 8.40247e-05 -7.37777e-05 -0.0186268 0.0904946 -6.55802e-05 0.000188543 8.40247e-05 -6.55802e-05 0.00963414 -0.0178973 -7.37777e-05 0.000188543 -0.0178973 0.0886583 
0.0102325 -0.0186394 0.000102674 -0.000110888 -0.0186394 0.090509 -0.000106781 0.00023615 0.000102674 -0.000106781 0.00963491 -0.0178652 -0.000110888 0.00023615 -0.0178652 0.0886055 
0.0102059 -0.0186174 0.000102655 -0.000133451 -0.0186174 0.0904798 -0.000133451 0.000307964 0.000102655 -0.000133451 0.00964748 -0.017864 -0.000133451 0.000307964 -0.017864 0.0885725 
0.0102265 -0.0185822 8.15995e-05 -0.000132599 -0.0185822 0.0904082 -0.000136679 0.000342718 8.15995e-05 -0.000136679 0.00964914 -0.0178825 -0.000132599 0.000342718 -0.0178825 0.0886089 
0.0102559 -0.0186184 7.93139e-05 -9.35497e-05 -0.0186184 0.0904524 -9.96508e-05 0.000282683 7.93139e-05 -9.96508e-05 0.00962952 -0.017868 -9.35497e-05 0.000282683 -0.017868 0.0885814 
0.0102555 -0.0186414 7.91695e-05 -8.93194e-05 -0.0186414 0.0905049 -9.94694e-05 0.000239538 7.91695e-05 -9.94694e-05 0.00964853 -0.017874 -8.93194e-05 0.000239538 -0.017874 0.0886211 
0.0102467 -0.0186362 7.11151e-05 -0.000105657 -0.0186362 0.0905112 -0.00010972 0.000268205 7.11151e-05 -0.00010972 0.00966962 -0.0179129 -0.000105657 0.000268205 -0.0179129 0.088709 
0.0102449 -0.0186346 4.27632e-05 -7.53448e-05 -0.0186346 0.0905216 -7.94174e-05 0.000207707 4.27632e-05 -7.94174e-05 0.00966042 -0.0179219 -7.53448e-05 0.000207707 -0.0179219 0.0887439 
0.0102625 -0.018637 4.29566e-05 -3.682e-05 -0.018637 0.0905281 -3.88655e-05 0.000120688 4.29566e-05 -3.88655e-05 0.00962433 -0.0179088 -3.682e-05 0.000120688 -0.0179088 0.0887382 
0.0102548 -0.0186395 8.3888e-05 -7.36577e-05 -0.0186395 0.0905192 -6.95656e-05 0.000159592 8.3888e-05 -6.95656e-05 0.00962257 -0.0178784 -7.36577e-05 0.000159592 -0.0178784 0.0887023 
0.0102489 -0.0186338 7.16135e-05 -8.389e-05 -0.0186338 0.0905092 -8.79822e-05 0.000169826 7.16135e-05 -8.79822e-05 0.00962689 -0.0178706 -8.389e-05 0.000169826 -0.0178706 0.0886554 
0.0102506 -0.0186261 4.91831e-05 -7.99226e-05 -0.0186261 0.090499 -8.40212e-05 0.000188535 4.91831e-05 -8.40212e-05 0.0096235 -0.017874 -7.99226e-05 0.000188535 -0.017874 0.0886444 
0.0102411 -0.0186296 6.16194e-05 -8.42131e-05 -0.0186296 0.0904962 -8.21591e-05 0.000227992 6.16194e-05 -8.21591e-05 0.009627 -0.0178717 -8.42131e-05 0.000227992 -0.0178717 0.0886251 
0.0102398 -0.0186265 5.11887e-05 -7.57593e-05 -0.0186265 0.0905057 -7.57593e-05 0.000210897 5.11887e-05 -7.57593e-05 0.00963576 -0.0178628 -7.57593e-05 0.000210897 -0.0178628 0.0885892 
0.0102398 -0.0186566 5.9403e-05 -7.98868e-05 -0.0186566 0.0905916 -8.19351e-05 0.000223273 5.9403e-05 -8.19351e-05 0.00964377 -0.0178393 -7.98868e-05 0.000223273 -0.0178393 0.0884961 
0.0102441 -0.0186435 4.71418e-05 -6.35389e-05 -0.0186435 0.090586 -6.96878e-05 0.000178319 4.71418e-05 -6.96878e-05 0.00962922 -0.0178544 -6.35389e-05 0.000178319 -0.0178544 0.0884954 
0.0102447 -0.0186474 3.29278e-05 -5.76236e-05 -0.0186474 0.0905781 -6.37976e-05 0.000166697 3.29278e-05 -6.37976e-05 0.00960462 -0.0178366 -5.76236e-05 0.000166697 -0.0178366 0.0884687 
0.0102428 -0.0186335 1.23605e-05 -2.88412e-05 -0.0186335 0.090545 -2.67812e-05 8.85838e-05 1.23605e-05 -2.67812e-05 0.00959383 -0.0178239 -2.88412e-05 8.85838e-05 -0.0178239 0.0884643 
0.0102506 -0.0186164 -1.44345e-05 0 -0.0186164 0.0904776 2.06207e-06 8.24829e-06 -1.44345e-05 2.06207e-06 0.00957833 -0.0178266 0 8.24829e-06 -0.0178266 0.0884856 
0.0102512 -0.0186116 -1.2331e-05 2.26069e-05 -0.0186116 0.0904315 2.05517e-05 -4.72689e-05 -1.2331e-05 2.05517e-05 0.00959969 -0.0178306 2.26069e-05 -4.72689e-05 -0.0178306 0.0885243 
0.0102755 -0.0186465 2.04569e-06 1.84112e-05 -0.0186465 0.0904994 1.43198e-05 -4.70509e-05 2.04569e-06 1.43198e-05 0.00961271 -0.0178241 1.84112e-05 -4.70509e-05 -0.0178241 0.0884987 
0.0102898 -0.0186416 -4.08003e-06 4.08003e-06 -0.0186416 0.090499 -2.04001e-06 -2.85602e-05 -4.08003e-06 -2.04001e-06 0.00963498 -0.0178766 4.08003e-06 -2.85602e-05 -0.0178766 0.088612 
0.010321 -0.0186872 6.12763e-06 -1.22553e-05 -0.0186872 0.0905827 -1.63403e-05 2.2468e-05 6.12763e-06 -1.63403e-05 0.00961833 -0.0178865 -1.22553e-05 2.2468e-05 -0.0178865 0.0886627 
0.0103576 -0.0187286 1.4278e-05 -2.85559e-05 -0.0187286 0.0907099 -3.26353e-05 7.75089e-05 1.4278e-05 -3.26353e-05 0.00959683 -0.0178658 -2.85559e-05 7.75089e-05 -0.0178658 0.0886417 
0.0103892 -0.0187898 -8.14999e-06 6.11249e-06 -0.0187898 0.0908663 1.01875e-05 -2.0375e-05 -8.14999e-06 1.01875e-05 0.00955994 -0.01782 6.11249e-06 -2.0375e-05 -0.01782 0.0885354 
0.0103956 -0.0188241 -8.15338e-06 4.07669e-06 -0.0188241 0.0909775 8.15338e-06 -2.03835e-05 -8.15338e-06 8.15338e-06 0.0095578 -0.0177866 4.07669e-06 -2.03835e-05 -0.0177866 0.0884458 
0.0103853 -0.018836 6.08987e-06 2.02996e-06 -0.018836 0.0910517 6.08987e-06 -1.82696e-05 6.08987e-06 6.08987e-06 0.00958952 -0.0177865 2.02996e-06 -1.82696e-05 -0.0177865 0.0884229 
0.0103444 -0.0188006 2.64511e-05 -3.45899e-05 -0.0188006 0.0909836 -2.64511e-05 5.90063e-05 2.64511e-05 -2.64511e-05 0.00963227 -0.0178423 -3.45899e-05 5.90063e-05 -0.0178423 0.0885176 
0.0103117 -0.0187619 3.86969e-05 -3.86969e-05 -0.0187619 0.0909113 -3.86969e-05 9.5724e-05 3.86969e-05 -3.86969e-05 0.0096559 -0.0178821 -3.86969e-05 9.5724e-05 -0.0178821 0.0886078 
0.0102998 -0.0187318 2.64516e-05 -4.6799e-05 -0.0187318 0.0908388 -4.47642e-05 0.000111911 2.64516e-05 -4.47642e-05 0.00967111 -0.0179098 -4.6799e-05 0.000111911 -0.0179098 0.088684 
0.0103102 -0.0187092 2.64311e-05 -4.8796e-05 -0.0187092 0.0907666 -5.48955e-05 0.000146388 2.64311e-05 -5.48955e-05 0.00966567 -0.0179284 -4.8796e-05 0.000146388 -0.0179284 0.0887599 
0.0103212 -0.0186904 2.02694e-05 -2.43233e-05 -0.0186904 0.0906793 -2.83772e-05 0.000101347 2.02694e-05 -2.83772e-05 0.0096827 -0.0179668 -2.43233e-05 0.000101347 -0.0179668 0.0888976 
0.0103438 -0.0187138 8.11436e-06 2.02859e-06 -0.0187138 0.0907003 -2.02859e-06 1.42001e-05 8.11436e-06 -2.02859e-06 0.00968246 -0.0179794 2.02859e-06 1.42001e-05 -0.0179794 0.0889537 
0.0103462 -0.0187604 2.64661e-05 2.03586e-06 -0.0187604 0.0908012 6.10757e-06 -1.4251e-05 2.64661e-05 6.10757e-06 0.00967642 -0.0179644 2.03586e-06 -1.4251e-05 -0.0179644 0.0889445 
0.0103595 -0.0187889 4.07612e-05 -1.63045e-05 -0.0187889 0.0909198 -2.03806e-05 6.11418e-06 4.07612e-05 -2.03806e-05 0.0096767 -0.0179451 -1.63045e-05 6.11418e-06 -0.0179451 0.0888838 
0.0103658 -0.0188018 2.85278e-05 -3.87163e-05 -0.0188018 0.0909893 -4.48293e-05 6.31686e-05 2.85278e-05 -4.48293e-05 0.00968314 -0.017944 -3.87163e-05 6.31686e-05 -0.017944 0.0888477 
0.0103793 -0.018815 2.24571e-05 -4.69558e-05 -0.018815 0.0910208 -4.69558e-05 0.000120452 2.24571e-05 -4.69558e-05 0.00965861 -0.0179269 -4.69558e-05 0.000120452 -0.0179269 0.0887894 
0.0103947 -0.0188103 2.0466e-06 -2.86524e-05 -0.0188103 0.091006 -1.84194e-05 8.39105e-05 2.0466e-06 -1.84194e-05 0.00962924 -0.0179241 -2.86524e-05 8.39105e-05 -0.0179241 0.0887793 
