0.00696497 0 -0.000332954 0 0 0.00998592 0 0 -0.000332954 0 0.00767961 0 0 0 0 0.00998592 
0.00990695 -0.012314 -0.000399533 0.000488319 -0.012314 0.0327938 0.000488319 -0.00094211 -0.000399533 0.000488319 0.0107627 -0.0133548 0.000488319 -0.00094211 -0.0133548 0.0347939 
0.0100525 -0.0188862 -0.00033283 0.00058558 -0.0188862 0.0695914 0.00058558 -0.00186685 -0.00033283 0.00058558 0.0107181 -0.0199773 0.00058558 -0.00186685 -0.0199773 0.0730623 
0.00948801 -0.0186544 -0.000275716 0.000442597 -0.0186544 0.0838926 0.000442597 -0.00160109 -0.000275716 0.000442597 0.0101168 -0.0195009 0.000442597 -0.00160109 -0.0195009 0.0867949 
0.00947051 -0.0180091 -0.000282325 0.000325936 -0.0180091 0.0874427 0.000332822 -0.00101912 -0.000282325 0.000332822 0.0100948 -0.0187207 0.000325936 -0.00101912 -0.0187207 0.0893433 
0.00956426 -0.0178873 -0.000283891 0.000347711 -0.0178873 0.0883781 0.000352113 -0.00084507 -0.000283891 0.000352113 0.0103059 -0.0186488 0.000347711 -0.00084507 -0.0186488 0.0900968 
0.00964049 -0.0178922 -0.000299129 0.000358954 -0.0178922 0.0886959 0.000361091 -0.000858927 -0.000299129 0.000361091 0.0104289 -0.0188259 0.000358954 -0.000858927 -0.0188259 0.0907556 
0.00968699 -0.0178941 -0.000308915 0.000388231 -0.0178941 0.0887087 0.000392406 -0.000937182 -0.000308915 0.000392406 0.0104509 -0.0189231 0.000388231 -0.000937182 -0.0189231 0.0911717 
0.00974754 -0.0179167 -0.000324302 0.000392036 -0.0179167 0.0886843 0.000396141 -0.000977011 -0.000324302 0.000396141 0.0104064 -0.0189204 0.000392036 -0.000977011 -0.0189204 0.0912849 
0.00977623 -0.0180033 -0.000318768 0.000395922 -0.0180033 0.0888226 0.000395922 -0.000990821 -0.000318768 0.000395922 0.0103914 -0.018852 0.000395922 -0.000990821 -0.018852 0.0911636 
0.00980667 -0.018082 -0.000322389 0.000380822 -0.018082 0.0890539 0.000386867 -0.000975226 -0.000322389 0.000386867 0.010395 -0.0188174 0.000380822 -0.000975226 -0.0188174 0.0910225 
0.00982333 -0.0181289 -0.000321221 0.000371411 -0.0181289 0.0892451 0.000373419 -0.000919494 -0.000321221 0.000373419 0.0104075 -0.0188235 0.000371411 -0.000919494 -0.0188235 0.0910078 
0.00981186 -0.0181749 -0.000307437 0.000369728 -0.0181749 0.0894199 0.000373747 -0.000906236 -0.000307437 0.000373747 0.0104388 -0.0188421 0.000369728 -0.000906236 -0.0188421 0.0910275 
0.00980184 -0.0181644 -0.000297086 0.000367343 -0.0181644 0.0894932 0.000363328 -0.00090531 -0.000297086 0.000363328 0.0104743 -0.0188911 0.000367343 -0.00090531 -0.0188911 0.0911412 
0.00979828 -0.018157 -0.000292757 0.000365442 -0.018157 0.0894848 0.000365442 -0.0009025 -0.000292757 0.000365442 0.0104605 -0.0189242 0.000365442 -0.0009025 -0.0189242 0.0912252 
0.00980002 -0.0181264 -0.000278087 0.000369429 -0.0181264 0.0894079 0.000373489 -0.000929662 -0.000278087 0.000373489 0.0104151 -0.018916 0.000369429 -0.000929662 -0.018916 0.0912673 
0.00982143 -0.0181228 -0.000276374 0.000355628 -0.0181228 0.0893663 0.000355628 -0.000908376 -0.000276374 0.000355628 0.01036 -0.0188605 0.000355628 -0.000908376 -0.0188605 0.0911851 
0.00985615 -0.0181308 -0.000294365 0.000353238 -0.0181308 0.0893407 0.000351208 -0.000901365 -0.000294365 0.000351208 0.0103028 -0.0187927 0.000353238 -0.000901365 -0.0187927 0.0910318 
0.00987602 -0.01818 -0.000298662 0.000357183 -0.01818 0.089433 0.000353147 -0.000875805 -0.000298662 0.000353147 0.0102978 -0.0187208 0.000357183 -0.000875805 -0.0187208 0.0908597 
0.00988505 -0.0182148 -0.000298935 0.000373669 -0.0182148 0.0895149 0.000369629 -0.000906904 -0.000298935 0.000369629 0.0102951 -0.0187097 0.000373669 -0.000906904 -0.0187097 0.0907651 
0.00986544 -0.0182021 -0.000296872 0.000375634 -0.0182021 0.0895039 0.000367556 -0.000926967 -0.000296872 0.000367556 0.0103077 -0.0187272 0.000375634 -0.000926967 -0.0187272 0.0907943 
0.00984543 -0.0181926 -0.000306913 0.000373545 -0.0181926 0.0894953 0.000369507 -0.000934872 -0.000306913 0.000369507 0.010324 -0.0187358 0.000373545 -0.000934872 -0.0187358 0.0908098 
0.00986573 -0.0181654 -0.000307545 0.000372292 -0.0181654 0.0894573 0.000370268 -0.000918589 -0.000307545 0.000370268 0.0103028 -0.0187643 0.000372292 -0.000918589 -0.0187643 0.0908695 
0.00985197 -0.0181963 -0.000303137 0.000361744 -0.0181963 0.0894922 0.000367807 -0.000895266 -0.000303137 0.000367807 0.010337 -0.01874 0.000361744 -0.000895266 -0.01874 0.0908847 
0.00982533 -0.0181601 -0.000312302 0.000387335 -0.0181601 0.0894359 0.000395447 -0.000953128 -0.000312302 0.000395447 0.0103323 -0.0187705 0.000387335 -0.000953128 -0.0187705 0.090894 
0.00979907 -0.0181337 -0.000323852 0.000405324 -0.0181337 0.0893669 0.000417545 -0.00102451 -0.000323852 0.000417545 0.0103062 -0.0187488 0.000405324 -0.00102451 -0.0187488 0.0908517 
0.0097828 -0.0181058 -0.000311502 0.000403121 -0.0181058 0.0893055 0.000409229 -0.00101798 -0.000311502 0.000409229 0.0103081 -0.0187186 0.000403121 -0.00101798 -0.0187186 0.0907917 
0.00979342 -0.0180783 -0.000302931 0.000384255 -0.0180783 0.0892203 0.000386288 -0.000979952 -0.000302931 0.000386288 0.0102854 -0.0187167 0.000384255 -0.000979952 -0.0187167 0.0907614 
0.00981535 -0.0180924 -0.000318193 0.000358727 -0.0180924 0.0892177 0.000364807 -0.000922152 -0.000318193 0.000364807 0.0102673 -0.0186903 0.000358727 -0.000922152 -0.0186903 0.0907134 
0.0098075 -0.0181082 -0.000336651 0.000387352 -0.0181082 0.0892227 0.000391408 -0.000934917 -0.000336651 0.000391408 0.0102679 -0.0186841 0.000387352 -0.000934917 -0.0186841 0.0906788 
0.00979411 -0.0180891 -0.000345794 0.000431226 -0.0180891 0.0891884 0.000425123 -0.00104145 -0.000345794 0.000425123 0.0102538 -0.0186831 0.000431226 -0.00104145 -0.0186831 0.0906774 
0.00979076 -0.0180823 -0.000322279 0.000434465 -0.0180823 0.0891694 0.000432425 -0.0010831 -0.000322279 0.000432425 0.0102273 -0.0186575 0.000434465 -0.0010831 -0.0186575 0.0906319 
0.0097824 -0.0180926 -0.000314442 0.000418575 -0.0180926 0.0892034 0.000410408 -0.00107809 -0.000314442 0.000410408 0.0102214 -0.0186092 0.000418575 -0.00107809 -0.0186092 0.0905265 
0.00979077 -0.0180772 -0.000297617 0.000366925 -0.0180772 0.0891953 0.000366925 -0.000951965 -0.000297617 0.000366925 0.010229 -0.0186173 0.000366925 -0.000951965 -0.0186173 0.0905142 
0.00979693 -0.0180974 -0.000304568 0.000355329 -0.0180974 0.0892222 0.00035736 -0.00089543 -0.000304568 0.00035736 0.0102518 -0.0186152 0.000355329 -0.00089543 -0.0186152 0.0904993 
0.00978915 -0.0180777 -0.000314731 0.000383769 -0.0180777 0.0891765 0.000377677 -0.00093404 -0.000314731 0.000377677 0.0102623 -0.0186625 0.000383769 -0.00093404 -0.0186625 0.0905776 
0.00978458 -0.0180738 -0.000333196 0.000392115 -0.0180738 0.0891502 0.000383988 -0.000960986 -0.000333196 0.000383988 0.0102661 -0.0186793 0.000392115 -0.000960986 -0.0186793 0.0906557 
0.0098142 -0.0180992 -0.000332616 0.000405629 -0.0180992 0.0892141 0.000403601 -0.000993792 -0.000332616 0.000403601 0.0102584 -0.0186711 0.000405629 -0.000993792 -0.0186711 0.0906622 
0.00985685 -0.0181492 -0.000334371 0.000403272 -0.0181492 0.089348 0.000407325 -0.00099906 -0.000334371 0.000407325 0.010248 -0.0186559 0.000403272 -0.00099906 -0.0186559 0.0906287 
0.00987179 -0.0181861 -0.000326089 0.000413181 -0.0181861 0.0894294 0.000411156 -0.00102485 -0.000326089 0.000411156 0.0102546 -0.01866 0.000413181 -0.00102485 -0.01866 0.0906467 
0.00991176 -0.0182052 -0.000318823 0.000399538 -0.0182052 0.0895025 0.000399538 -0.0010049 -0.000318823 0.000399538 0.0102588 -0.0186774 0.000399538 -0.0010049 -0.0186774 0.090689 
0.00993488 -0.0182493 -0.000324907 0.00038343 -0.0182493 0.0895996 0.000385448 -0.000962612 -0.000324907 0.000385448 0.0102416 -0.018673 0.00038343 -0.000962612 -0.018673 0.0906711 
0.00994445 -0.0183005 -0.00032131 0.000383956 -0.0183005 0.0897365 0.000383956 -0.000939681 -0.00032131 0.000383956 0.0102476 -0.0186481 0.000383956 -0.000939681 -0.0186481 0.0906357 
0.00990747 -0.0182862 -0.000321947 0.000396866 -0.0182862 0.0897422 0.00039889 -0.000971916 -0.000321947 0.00039889 0.0102659 -0.0186588 0.000396866 -0.000971916 -0.0186588 0.0906311 
0.00990266 -0.0182465 -0.00034504 0.000399841 -0.0182465 0.0896841 0.000401871 -0.000996558 -0.00034504 0.000401871 0.010266 -0.018689 0.000399841 -0.000996558 -0.018689 0.0906847 
0.00988206 -0.0182408 -0.000374213 0.000435226 -0.0182408 0.0896382 0.000439293 -0.00105959 -0.000374213 0.000439293 0.0102746 -0.0186781 0.000435226 -0.00105959 -0.0186781 0.0906937 
0.00985924 -0.0181896 -0.000391852 0.000479156 -0.0181896 0.0895189 0.000485247 -0.0011715 -0.000391852 0.000485247 0.01031 -0.0187175 0.000479156 -0.0011715 -0.0187175 0.0907919 
0.00982416 -0.0181669 -0.000357168 0.000495165 -0.0181669 0.089428 0.000499224 -0.00123791 -0.000357168 0.000499224 0.0103457 -0.0187513 0.000495165 -0.00123791 -0.0187513 0.0908628 
0.00981208 -0.018136 -0.000324836 0.00044665 -0.018136 0.0893624 0.000440559 -0.00116129 -0.000324836 0.000440559 0.0103602 -0.0187796 0.00044665 -0.00116129 -0.0187796 0.0909338 
0.00979967 -0.0181188 -0.000320436 0.000403587 -0.0181188 0.0893043 0.000401559 -0.00106271 -0.000320436 0.000401559 0.0103777 -0.0188104 0.000403587 -0.00106271 -0.0188104 0.0910059 
0.00981606 -0.0181257 -0.000341994 0.000405101 -0.0181257 0.0893135 0.000401029 -0.00102395 -0.000341994 0.000401029 0.0103453 -0.0187995 0.000405101 -0.00102395 -0.0187995 0.0909685 
0.00983112 -0.0181138 -0.000344773 0.000426376 -0.0181138 0.0892798 0.000422296 -0.00103432 -0.000344773 0.000422296 0.0103003 -0.0187809 0.000426376 -0.00103432 -0.0187809 0.0909547 
0.00984213 -0.0181194 -0.000344801 0.000450893 -0.0181194 0.0892585 0.000438652 -0.00110173 -0.000344801 0.000438652 0.0102706 -0.0187355 0.000450893 -0.00110173 -0.0187355 0.0908826 
0.00982592 -0.018148 -0.000346413 0.00042996 -0.018148 0.0893115 0.00042996 -0.00109222 -0.000346413 0.00042996 0.0102763 -0.0186778 0.00042996 -0.00109222 -0.0186778 0.0907379 
0.00981516 -0.0181281 -0.00034807 0.000421347 -0.0181281 0.0893012 0.000429489 -0.00107067 -0.00034807 0.000429489 0.0102731 -0.0186696 0.000421347 -0.00107067 -0.0186696 0.0906447 
0.00984361 -0.0181363 -0.000375555 0.000424276 -0.0181363 0.0893253 0.000436456 -0.00107794 -0.000375555 0.000436456 0.0102638 -0.0186763 0.000424276 -0.00107794 -0.0186763 0.0906529 
0.0098767 -0.0181477 -0.000396362 0.00045703 -0.0181477 0.0893231 0.000471186 -0.00113044 -0.000396362 0.000471186 0.0102508 -0.0186816 0.00045703 -0.00113044 -0.0186816 0.0906719 
0.00990391 -0.0181848 -0.000411822 0.00049459 -0.0181848 0.0893936 0.000500646 -0.00121932 -0.000411822 0.000500646 0.0102309 -0.0186652 0.00049459 -0.00121932 -0.0186652 0.0906593 
0.00991498 -0.0182491 -0.000401301 0.00049656 -0.0182491 0.0895611 0.000500613 -0.00123431 -0.000401301 0.000500613 0.0102068 -0.0186179 0.00049656 -0.00123431 -0.0186179 0.0905542 
0.00991262 -0.0182644 -0.000378515 0.000482301 -0.0182644 0.0896572 0.000488406 -0.00121084 -0.000378515 0.000488406 0.0102077 -0.0186042 0.000482301 -0.00121084 -0.0186042 0.0905099 
0.00988341 -0.0182435 -0.000377788 0.00047325 -0.0182435 0.0896311 0.000467157 -0.00119023 -0.000377788 0.000467157 0.0102551 -0.0186192 0.00047325 -0.00119023 -0.0186192 0.0905492 
0.00987206 -0.0181771 -0.00037658 0.00048186 -0.0181771 0.0894782 0.000475787 -0.00120263 -0.00037658 0.000475787 0.010275 -0.0186933 0.00048186 -0.00120263 -0.0186933 0.0906971 
0.00989534 -0.0181829 -0.000388291 0.000483341 -0.0181829 0.0894342 0.000477274 -0.00120532 -0.000388291 0.000477274 0.0102614 -0.0187027 0.000483341 -0.00120532 -0.0187027 0.0907528 
0.00990455 -0.018196 -0.000405792 0.000478471 -0.018196 0.0894276 0.00048049 -0.00119719 -0.000405792 0.00048049 0.01027 -0.0187189 0.000478471 -0.00119719 -0.0187189 0.0908408 
0.0099254 -0.0182264 -0.000404584 0.000487112 -0.0182264 0.0895078 0.000487112 -0.00120369 -0.000404584 0.000487112 0.0102817 -0.0187176 0.000487112 -0.00120369 -0.0187176 0.0908524 
0.00992192 -0.0182758 -0.000401069 0.000487732 -0.0182758 0.089652 0.000487732 -0.00119918 -0.000401069 0.000487732 0.0102948 -0.0187031 0.000487732 -0.00119918 -0.0187031 0.0908028 
0.00989045 -0.0182563 -0.000388734 0.000498065 -0.0182563 0.0896558 0.000498065 -0.00121277 -0.000388734 0.000498065 0.0102994 -0.0187321 0.000498065 -0.00121277 -0.0187321 0.09082 
0.00986277 -0.0182202 -0.000375821 0.0004713 -0.0182202 0.0895918 0.000473332 -0.00118841 -0.000375821 0.000473332 0.0102995 -0.0187281 0.0004713 -0.00118841 -0.0187281 0.090831 
0.00987554 -0.0181796 -0.000379672 0.000471037 -0.0181796 0.0894951 0.000475098 -0.00118571 -0.000379672 0.000475098 0.0102715 -0.0187298 0.000471037 -0.00118571 -0.0187298 0.090831 
0.00987436 -0.0181745 -0.000368265 0.000463367 -0.0181745 0.0894278 0.00047146 -0.00117157 -0.000368265 0.00047146 0.0102791 -0.0187127 0.000463367 -0.00117157 -0.0187127 0.090834 
0.00987188 -0.0181937 -0.000330278 0.000445775 -0.0181937 0.0894487 0.000449827 -0.00111646 -0.000330278 0.000449827 0.0102731 -0.0187002 0.000445775 -0.00111646 -0.0187002 0.0907779 
0.00989107 -0.0182082 -0.000311562 0.000388441 -0.0182082 0.0895072 0.00039451 -0.00100752 -0.000311562 0.00039451 0.0102734 -0.0186978 0.000388441 -0.00100752 -0.0186978 0.0907535 
0.00990988 -0.0182278 -0.000325677 0.000384339 -0.0182278 0.089545 0.000386362 -0.000964894 -0.000325677 0.000386362 0.0102558 -0.0186809 0.000384339 -0.000964894 -0.0186809 0.0907061 
0.00991525 -0.0182349 -0.000339743 0.0003903 -0.0182349 0.0895628 0.000392323 -0.000944405 -0.000339743 0.000392323 0.0102307 -0.0186596 0.0003903 -0.000944405 -0.0186596 0.0906548 
0.00992697 -0.0182823 -0.000334052 0.000398447 -0.0182823 0.089705 0.000398447 -0.000941784 -0.000334052 0.000398447 0.010253 -0.0186103 0.000398447 -0.000941784 -0.0186103 0.0905502 
0.00989484 -0.0182611 -0.000335453 0.000417809 -0.0182611 0.0896843 0.000413792 -0.00100033 -0.000335453 0.000413792 0.0103006 -0.0186688 0.000417809 -0.00100033 -0.0186688 0.0906244 
0.00985522 -0.0182006 -0.000324252 0.00043166 -0.0182006 0.08954 0.000427607 -0.00105179 -0.000324252 0.000427607 0.010293 -0.0187377 0.00043166 -0.00105179 -0.0187377 0.0907682 
0.00982984 -0.0181705 -0.000316503 0.000407801 -0.0181705 0.0894566 0.000401715 -0.00102255 -0.000316503 0.000401715 0.0103005 -0.0187244 0.000407801 -0.00102255 -0.0187244 0.0908322 
0.00981639 -0.0181424 -0.000326469 0.000403524 -0.0181424 0.0893776 0.00040758 -0.00102199 -0.000326469 0.00040758 0.010301 -0.0187223 0.000403524 -0.00102199 -0.0187223 0.0908254 
0.00982652 -0.0181244 -0.000347608 0.000418755 -0.0181244 0.0893291 0.000412657 -0.00103876 -0.000347608 0.000412657 0.0102697 -0.0187119 0.000418755 -0.00103876 -0.0187119 0.0907845 
0.00985679 -0.0181311 -0.000341713 0.000431209 -0.0181311 0.0893091 0.000427141 -0.00105972 -0.000341713 0.000427141 0.0102249 -0.0186783 0.000431209 -0.00105972 -0.0186783 0.0907227 
0.00986823 -0.0181506 -0.000328601 0.000424528 -0.0181506 0.0893284 0.000424528 -0.00105724 -0.000328601 0.000424528 0.0101744 -0.01862 0.000424528 -0.00105724 -0.01862 0.0905918 
0.00985992 -0.0181706 -0.000301689 0.000407687 -0.0181706 0.0893773 0.000399534 -0.00102737 -0.000301689 0.000399534 0.0101718 -0.0185681 0.000407687 -0.00102737 -0.0185681 0.0904495 
0.00985444 -0.0181803 -0.000287379 0.00038521 -0.0181803 0.0894155 0.000387248 -0.000990539 -0.000287379 0.000387248 0.0101683 -0.018541 0.00038521 -0.000990539 -0.018541 0.0903306 
0.00983383 -0.0181678 -0.000285689 0.000357112 -0.0181678 0.0894166 0.000355071 -0.000920327 -0.000285689 0.000355071 0.0101767 -0.018531 0.000357112 -0.000920327 -0.018531 0.0902676 
0.00981464 -0.0181267 -0.000271891 0.000343441 -0.0181267 0.0893212 0.000341397 -0.000850425 -0.000271891 0.000341397 0.0101908 -0.0185683 0.000343441 -0.000850425 -0.0185683 0.0903454 
0.00978143 -0.0181014 -0.000264418 0.00033411 -0.0181014 0.0892484 0.00033411 -0.000826052 -0.000264418 0.00033411 0.0102057 -0.0185687 0.00033411 -0.000826052 -0.0185687 0.0903655 
0.00975941 -0.0180606 -0.000274049 0.000323132 -0.0180606 0.0891456 0.000321087 -0.00079965 -0.000274049 0.000321087 0.010238 -0.0186067 0.000323132 -0.00079965 -0.0186067 0.0904586 
0.00976724 -0.0180536 -0.000283138 0.000332025 -0.0180536 0.0891151 0.000334062 -0.000812748 -0.000283138 0.000334062 0.0102643 -0.018624 0.000332025 -0.000812748 -0.018624 0.09049 
0.00977209 -0.018048 -0.000278506 0.00036592 -0.018048 0.089071 0.000359821 -0.000874142 -0.000278506 0.000359821 0.0102742 -0.0186639 0.00036592 -0.000874142 -0.0186639 0.0905875 
0.00979893 -0.0180674 -0.000283792 0.000370957 -0.0180674 0.0891148 0.000370957 -0.000938541 -0.000283792 0.000370957 0.0102692 -0.0186735 0.000370957 -0.000938541 -0.0186735 0.090633 
0.00982345 -0.0180985 -0.000285766 0.000362781 -0.0180985 0.0891812 0.000358727 -0.000926206 -0.000285766 0.000358727 0.0102491 -0.0186741 0.000362781 -0.000926206 -0.0186741 0.0906546 
0.00981557 -0.0181387 -0.000290365 0.000353312 -0.0181387 0.0892802 0.000353312 -0.000903584 -0.000290365 0.000353312 0.0102603 -0.0186565 0.000353312 -0.000903584 -0.0186565 0.0906265 
0.00980215 -0.0181407 -0.000296788 0.000384199 -0.0181407 0.0893475 0.000380133 -0.00095948 -0.000296788 0.000380133 0.0102575 -0.0186407 0.000384199 -0.00095948 -0.0186407 0.0905652 
0.00978966 -0.0181018 -0.000294685 0.000384107 -0.0181018 0.0892734 0.000382075 -0.000971446 -0.000294685 0.000382075 0.0102754 -0.018681 0.000384107 -0.000971446 -0.018681 0.0906554 
0.00981013 -0.0181032 -0.000287996 0.000352897 -0.0181032 0.0892788 0.000352897 -0.000898467 -0.000287996 0.000352897 0.0102847 -0.0186914 0.000352897 -0.000898467 -0.0186914 0.0907006 
0.00984097 -0.0181254 -0.000299561 0.000362306 -0.0181254 0.0893014 0.000356234 -0.00089261 -0.000299561 0.000356234 0.0102822 -0.0187043 0.000362306 -0.00089261 -0.0187043 0.0907446 
0.00986296 -0.0181549 -0.000312981 0.000371919 -0.0181549 0.0893479 0.000373951 -0.000908457 -0.000312981 0.000373951 0.0102593 -0.0187057 0.000371919 -0.000908457 -0.0187057 0.0907583 
0.0098517 -0.0181664 -0.000305764 0.000389339 -0.0181664 0.0893788 0.000391377 -0.000953983 -0.000305764 0.000391377 0.0102431 -0.0186781 0.000389339 -0.000953983 -0.0186781 0.0907119 
0.00980666 -0.0181529 -0.00029779 0.000389574 -0.0181529 0.0893634 0.000395693 -0.000989233 -0.00029779 0.000395693 0.0102656 -0.0186547 0.000389574 -0.000989233 -0.0186547 0.0906586 
0.009785 -0.0181146 -0.0003033 0.000388795 -0.0181146 0.0893108 0.00039083 -0.000997431 -0.0003033 0.00039083 0.0102837 -0.0186703 0.000388795 -0.000997431 -0.0186703 0.0906319 
0.00978695 -0.0180966 -0.000282062 0.000355114 -0.0180966 0.0892656 0.000357144 -0.000903005 -0.000282062 0.000357144 0.0102983 -0.0186851 0.000355114 -0.000903005 -0.0186851 0.0906495 
0.00977638 -0.0180973 -0.000249325 0.000318244 -0.0180973 0.0892361 0.000316217 -0.000798651 -0.000249325 0.000316217 0.0103237 -0.0187095 0.000318244 -0.000798651 -0.0187095 0.0906935 
0.00976523 -0.0180636 -0.000249196 0.000309975 -0.0180636 0.0891594 0.000303897 -0.000761769 -0.000249196 0.000303897 0.0103264 -0.0187444 0.000309975 -0.000761769 -0.0187444 0.0907802 
0.00976141 -0.0180446 -0.000283115 0.000331649 -0.0180446 0.0890944 0.000329627 -0.000808901 -0.000283115 0.000329627 0.0103196 -0.0187483 0.000331649 -0.000808901 -0.0187483 0.0908275 
0.00976555 -0.0180378 -0.00029907 0.000368242 -0.0180378 0.0890577 0.000364173 -0.000876865 -0.00029907 0.000364173 0.010266 -0.0187275 0.000368242 -0.000876865 -0.0187275 0.0907952 
0.00979357 -0.0180578 -0.000309936 0.000383342 -0.0180578 0.0890943 0.000383342 -0.000940003 -0.000309936 0.000383342 0.0102075 -0.0186573 0.000383342 -0.000940003 -0.0186573 0.0906705 
0.00980124 -0.0180864 -0.000286048 0.000384122 -0.0180864 0.0891469 0.000377992 -0.000941916 -0.000286048 0.000377992 0.0101629 -0.0185768 0.000384122 -0.000941916 -0.0185768 0.0904709 
0.00980422 -0.0180993 -0.000267518 0.000347161 -0.0180993 0.0891978 0.00033695 -0.00087607 -0.000267518 0.00033695 0.0101596 -0.0185343 0.000347161 -0.00087607 -0.0185343 0.0903312 
0.00979311 -0.0180896 -0.000260986 0.000326233 -0.0180896 0.089188 0.000322155 -0.000825777 -0.000260986 0.000322155 0.0101825 -0.0185382 0.000326233 -0.000825777 -0.0185382 0.0903054 
0.00978477 -0.01809 -0.000256423 0.0003073 -0.01809 0.0891924 0.00029916 -0.000761128 -0.000256423 0.00029916 0.0102325 -0.0185744 0.0003073 -0.000761128 -0.0185744 0.0903829 
0.00977013 -0.0180661 -0.000264332 0.000319232 -0.0180661 0.0891532 0.000311099 -0.000776731 -0.000264332 0.000311099 0.0102785 -0.0186436 0.000319232 -0.000776731 -0.0186436 0.0905379 
0.00977093 -0.0180454 -0.000285045 0.00034409 -0.0180454 0.089105 0.000337982 -0.000828666 -0.000285045 0.000337982 0.010282 -0.0186949 0.00034409 -0.000828666 -0.0186949 0.0906687 
0.00979771 -0.0180552 -0.000295419 0.000370801 -0.0180552 0.0891023 0.000372839 -0.000918854 -0.000295419 0.000372839 0.0102582 -0.0187071 0.000370801 -0.000918854 -0.0187071 0.0907444 
0.00982082 -0.0180846 -0.000289027 0.000362302 -0.0180846 0.0891364 0.000360266 -0.00090779 -0.000289027 0.000360266 0.0102523 -0.018687 0.000362302 -0.00090779 -0.018687 0.0907546 
0.00983101 -0.018099 -0.000290282 0.00033697 -0.018099 0.0891855 0.00033697 -0.000850546 -0.000290282 0.00033697 0.0102674 -0.0186897 0.00033697 -0.000850546 -0.0186897 0.0907587 
0.00985127 -0.0181521 -0.000321831 0.000354217 -0.0181521 0.0893112 0.000358265 -0.000878457 -0.000321831 0.000358265 0.0102703 -0.0186783 0.000354217 -0.000878457 -0.0186783 0.0907098 
0.00985738 -0.0181658 -0.0003514 0.000420065 -0.0181658 0.0893728 0.000424104 -0.00101987 -0.0003514 0.000424104 0.0102734 -0.0186808 0.000420065 -0.00101987 -0.0186808 0.0906835 
0.00981405 -0.0181588 -0.0003247 0.000466756 -0.0181588 0.0893756 0.000468785 -0.0011608 -0.0003247 0.000468785 0.0102889 -0.0186946 0.000466756 -0.0011608 -0.0186946 0.090711 
0.00975395 -0.018145 -0.000283166 0.000415582 -0.018145 0.0894153 0.000421693 -0.00111433 -0.000283166 0.000421693 0.0103244 -0.0186767 0.000415582 -0.00111433 -0.0186767 0.0906539 
0.00974286 -0.0180607 -0.000258913 0.000354731 -0.0180607 0.0892637 0.000354731 -0.000972451 -0.000258913 0.000354731 0.0103198 -0.0187334 0.000354731 -0.000972451 -0.0187334 0.0907356 
0.00973336 -0.0180187 -0.000250147 0.000309125 -0.0180187 0.0890828 0.000309125 -0.000825688 -0.000250147 0.000309125 0.0103272 -0.0187488 0.000309125 -0.000825688 -0.0187488 0.0908298 
0.00972388 -0.0180084 -0.000258192 0.000309017 -0.0180084 0.0890051 0.00031105 -0.000786774 -0.000258192 0.00031105 0.0103236 -0.0187464 0.000309017 -0.000786774 -0.0187464 0.0908165 
0.00972036 -0.0179934 -0.000250388 0.000307387 -0.0179934 0.088953 0.000313494 -0.000761343 -0.000250388 0.000313494 0.0103066 -0.0187404 0.000307387 -0.000761343 -0.0187404 0.0908116 
0.00972675 -0.0179889 -0.000248516 0.000319812 -0.0179889 0.088926 0.000321849 -0.000794437 -0.000248516 0.000321849 0.0102951 -0.0187304 0.000319812 -0.000794437 -0.0187304 0.0908102 
0.00971843 -0.0180124 -0.000242859 0.000300002 -0.0180124 0.0889822 0.000306124 -0.000767352 -0.000242859 0.000306124 0.0103041 -0.0187083 0.000300002 -0.000767352 -0.0187083 0.0907536 
0.00970381 -0.0180222 -0.000242799 0.000297888 -0.0180222 0.089042 0.000297888 -0.000748801 -0.000242799 0.000297888 0.0103445 -0.0187057 0.000297888 -0.000748801 -0.0187057 0.0907334 
0.00972737 -0.0179875 -0.000258447 0.000329672 -0.0179875 0.0889912 0.000327637 -0.000818076 -0.000258447 0.000327637 0.0103399 -0.0187608 0.000329672 -0.000818076 -0.0187608 0.0908186 
0.00974303 -0.0180168 -0.000264922 0.000315869 -0.0180168 0.0890118 0.000313831 -0.000788653 -0.000264922 0.000313831 0.0103279 -0.0187585 0.000315869 -0.000788653 -0.0187585 0.09085 
0.00976544 -0.0180296 -0.000266127 0.000312852 -0.0180296 0.089053 0.000304726 -0.00075572 -0.000266127 0.000304726 0.0103302 -0.0187528 0.000312852 -0.00075572 -0.0187528 0.0908672 
0.00976198 -0.0180534 -0.00025187 0.000314837 -0.0180534 0.0890949 0.000312806 -0.00075764 -0.00025187 0.000312806 0.010351 -0.0187663 0.000314837 -0.00075764 -0.0187663 0.0908986 
0.0097665 -0.0180639 -0.000259737 0.000338875 -0.0180639 0.0891424 0.000332787 -0.000833998 -0.000259737 0.000332787 0.0103651 -0.0187822 0.000338875 -0.000833998 -0.0187822 0.0909321 
0.00976134 -0.0180951 -0.000284291 0.000339119 -0.0180951 0.0892288 0.000339119 -0.000858965 -0.000284291 0.000339119 0.0103888 -0.0187855 0.000339119 -0.000858965 -0.0187855 0.0909407 
0.00976397 -0.0180839 -0.000293669 0.000360503 -0.0180839 0.0892428 0.000356453 -0.000885056 -0.000293669 0.000356453 0.0104262 -0.0188312 0.000360503 -0.000885056 -0.0188312 0.0910393 
0.00976507 -0.0180468 -0.000284949 0.00037387 -0.0180468 0.0891426 0.000365786 -0.000913454 -0.000284949 0.000365786 0.0104299 -0.0188935 0.00037387 -0.000913454 -0.0188935 0.0911858 
0.0097485 -0.0180554 -0.000271693 0.000360905 -0.0180554 0.0891153 0.000358878 -0.000914429 -0.000271693 0.000358878 0.0104257 -0.0188887 0.000360905 -0.000914429 -0.0188887 0.0912158 
0.0097434 -0.0180483 -0.00027352 0.000344433 -0.0180483 0.0891068 0.000346459 -0.000881343 -0.00027352 0.000346459 0.0104242 -0.018883 0.000344433 -0.000881343 -0.018883 0.091222 
0.0097498 -0.0180393 -0.000271785 0.000322492 -0.0180393 0.089101 0.00032452 -0.000809272 -0.000271785 0.00032452 0.010413 -0.018881 0.000322492 -0.000809272 -0.018881 0.0912205 
0.009734 -0.0180534 -0.000261819 0.000322708 -0.0180534 0.0891282 0.000320678 -0.000793577 -0.000261819 0.000320678 0.010418 -0.018853 0.000322708 -0.000793577 -0.018853 0.0911477 
0.0097126 -0.0180455 -0.000249561 0.000332748 -0.0180455 0.0891339 0.000336806 -0.000819697 -0.000249561 0.000336806 0.0104349 -0.018849 0.000332748 -0.000819697 -0.018849 0.0910959 
0.00968369 -0.0179962 -0.000237325 0.000328604 -0.0179962 0.0890335 0.000332661 -0.000845852 -0.000237325 0.000332661 0.0104464 -0.0188765 0.000328604 -0.000845852 -0.0188765 0.091137 
0.00971157 -0.0179722 -0.000213618 0.000300275 -0.0179722 0.08897 0.000294229 -0.000783939 -0.000213618 0.000294229 0.0104471 -0.0188951 0.000300275 -0.000783939 -0.0188951 0.0911929 
0.00972795 -0.0180072 -0.000217609 0.000267982 -0.0180072 0.0890002 0.000259922 -0.000699171 -0.000217609 0.000259922 0.0104392 -0.0188978 0.000267982 -0.000699171 -0.0188978 0.0912146 
0.0097235 -0.0180277 -0.000241928 0.000268137 -0.0180277 0.0890598 0.000264105 -0.000667319 -0.000241928 0.000264105 0.0104493 -0.0189006 0.000268137 -0.000667319 -0.0189006 0.0912392 
0.00972815 -0.0180155 -0.000264341 0.000296627 -0.0180155 0.0890365 0.000292591 -0.000698183 -0.000264341 0.000292591 0.0104485 -0.0189276 0.000296627 -0.000698183 -0.0189276 0.0913046 
0.0097278 -0.0180006 -0.000268033 0.000314385 -0.0180006 0.0890012 0.000310354 -0.00073558 -0.000268033 0.000310354 0.0104412 -0.0189276 0.000314385 -0.00073558 -0.0189276 0.0913429 
0.00970756 -0.0180012 -0.000264605 0.000337321 -0.0180012 0.0889819 0.000333281 -0.000814013 -0.000264605 0.000333281 0.0104428 -0.0189162 0.000337321 -0.000814013 -0.0189162 0.091329 
0.00970523 -0.0180005 -0.000245831 0.000333192 -0.0180005 0.0890049 0.000327097 -0.000824853 -0.000245831 0.000327097 0.0104102 -0.0188944 0.000333192 -0.000824853 -0.0188944 0.0912539 
0.00974251 -0.0180149 -0.00023245 0.00029566 -0.0180149 0.0890447 0.000283426 -0.000752404 -0.00023245 0.000283426 0.010344 -0.0188346 0.00029566 -0.000752404 -0.0188346 0.0911184 
0.00974946 -0.0180479 -0.000244552 0.000289386 -0.0180479 0.0891024 0.00028531 -0.000725503 -0.000244552 0.00028531 0.0103364 -0.0187693 0.000289386 -0.000725503 -0.0187693 0.0909732 
