0.00783276 0 -0.000130094 0 0 0.00998474 0 0 -0.000130094 0 0.00683266 0 0 0 0 0.00998474 
0.0109404 -0.0135891 -0.000160453 0.000204886 -0.0135891 0.0352429 0.000204886 -0.000382619 -0.000160453 0.000204886 0.00974814 -0.0121056 0.000204886 -0.000382619 -0.0121056 0.0324041 
0.0108332 -0.0202443 -0.000103197 0.000224014 -0.0202443 0.0739145 0.000224014 -0.000704762 -0.000103197 0.000224014 0.00994722 -0.0186636 0.000224014 -0.000704762 -0.0186636 0.0688729 
0.0101678 -0.0196271 -0.000102262 0.000138785 -0.0196271 0.0873492 0.000133915 -0.000530791 -0.000102262 0.000133915 0.0094398 -0.0185314 0.000138785 -0.000530791 -0.0185314 0.0834072 
0.0101534 -0.0188031 -0.000120296 0.000138803 -0.0188031 0.0896226 0.000129549 -0.000377081 -0.000120296 0.000129549 0.00937613 -0.0178824 0.000138803 -0.000377081 -0.0178824 0.0869946 
0.010376 -0.01875 -0.000136701 0.000143315 -0.01875 0.0903414 0.000136701 -0.000330727 -0.000136701 0.000136701 0.00946321 -0.0177248 0.000143315 -0.000330727 -0.0177248 0.087947 
0.0105234 -0.0189278 -0.000175885 0.000178004 -0.0189278 0.090994 0.000171647 -0.000394152 -0.000175885 0.000171647 0.00956349 -0.0177474 0.000178004 -0.000394152 -0.0177474 0.0882837 
0.0105775 -0.0190403 -0.000183616 0.000210436 -0.0190403 0.0914365 0.000208373 -0.000482765 -0.000183616 0.000208373 0.00962435 -0.0178066 0.000210436 -0.000482765 -0.0178066 0.0884285 
0.0105506 -0.0190771 -0.000173261 0.000220144 -0.0190771 0.0916307 0.000218105 -0.00052386 -0.000173261 0.000218105 0.00967409 -0.0178479 0.000220144 -0.00052386 -0.0178479 0.0884916 
0.01051 -0.0190151 -0.000133938 0.000198877 -0.0190151 0.0915565 0.000184671 -0.000478928 -0.000133938 0.000184671 0.00969424 -0.0179233 0.000198877 -0.000478928 -0.0179233 0.0886484 
0.010484 -0.0189622 -9.71487e-05 0.000143699 -0.0189622 0.0914129 0.000139651 -0.000376451 -9.71487e-05 0.000139651 0.0097088 -0.0179745 0.000143699 -0.000376451 -0.0179745 0.0888243 
0.0104825 -0.0189295 -0.000101065 9.29798e-05 -0.0189295 0.0913082 9.50011e-05 -0.000254684 -0.000101065 9.50011e-05 0.00970628 -0.0180057 9.29798e-05 -0.000254684 -0.0180057 0.0889574 
0.0105012 -0.0189584 -0.000119401 0.000121425 -0.0189584 0.0913558 0.000123448 -0.000269158 -0.000119401 0.000123448 0.00967956 -0.0179749 0.000121425 -0.000269158 -0.0179749 0.0889253 
0.010497 -0.018997 -0.000121516 0.000155946 -0.018997 0.0914592 0.000153921 -0.000358473 -0.000121516 0.000153921 0.00965649 -0.0179196 0.000155946 -0.000358473 -0.0179196 0.088796 
0.0104873 -0.0189575 -0.000107448 0.00014394 -0.0189575 0.0914161 0.000150022 -0.000364918 -0.000107448 0.000150022 0.00966831 -0.0179479 0.00014394 -0.000364918 -0.0179479 0.0888556 
0.0104871 -0.0189432 -0.000107425 0.000127693 -0.0189432 0.0913596 0.000127693 -0.000330382 -0.000107425 0.000127693 0.00967025 -0.0179602 0.000127693 -0.000330382 -0.0179602 0.088899 
0.0104892 -0.0189444 -8.74609e-05 0.000111869 -0.0189444 0.0913336 0.000109835 -0.000270519 -8.74609e-05 0.000109835 0.00964715 -0.0179417 0.000111869 -0.000270519 -0.0179417 0.0888725 
0.0104953 -0.018964 -8.2927e-05 0.000103153 -0.018964 0.0913855 0.000105176 -0.000252826 -8.2927e-05 0.000105176 0.00965796 -0.0179122 0.000103153 -0.000252826 -0.0179122 0.0888168 
0.0105008 -0.0189621 -9.50938e-05 0.00011128 -0.0189621 0.0913912 0.000107233 -0.000263025 -9.50938e-05 0.000107233 0.00966922 -0.0179343 0.00011128 -0.000263025 -0.0179343 0.0888378 
0.0104846 -0.0189753 -0.0001074 0.000119558 -0.0189753 0.0914336 0.000119558 -0.000285724 -0.0001074 0.000119558 0.00967813 -0.0179276 0.000119558 -0.000285724 -0.0179276 0.0888073 
0.010472 -0.0189602 -0.000126022 0.000146348 -0.0189602 0.0914124 0.000146348 -0.000345543 -0.000126022 0.000146348 0.00966098 -0.0179357 0.000146348 -0.000345543 -0.0179357 0.0888066 
0.0104613 -0.0189351 -0.000130055 0.0001646 -0.0189351 0.0913552 0.000166632 -0.000398292 -0.000130055 0.000166632 0.00965655 -0.0179272 0.0001646 -0.000398292 -0.0179272 0.088809 
0.0104429 -0.018933 -0.000117861 0.00014631 -0.018933 0.0913301 0.00014631 -0.000371872 -0.000117861 0.00014631 0.00966867 -0.0179189 0.00014631 -0.000371872 -0.0179189 0.0887758 
0.0104492 -0.0188882 -9.14632e-05 0.000132114 -0.0188882 0.0912356 0.000132114 -0.000325203 -9.14632e-05 0.000132114 0.00966461 -0.0179512 0.000132114 -0.000325203 -0.0179512 0.0888372 
0.0104439 -0.0189007 -7.31481e-05 0.000105658 -0.0189007 0.0912157 0.000105658 -0.000270242 -7.31481e-05 0.000105658 0.00965352 -0.0179213 0.000105658 -0.000270242 -0.0179213 0.0888039 
0.0104631 -0.0189229 -6.50132e-05 9.14248e-05 -0.0189229 0.0912825 9.34564e-05 -0.000243799 -6.50132e-05 9.34564e-05 0.00961789 -0.0178786 9.14248e-05 -0.000243799 -0.0178786 0.0886739 
0.0104497 -0.0189495 -7.71793e-05 9.13965e-05 -0.0189495 0.0913559 9.74896e-05 -0.000239662 -7.71793e-05 9.74896e-05 0.00960882 -0.0178304 9.13965e-05 -0.000239662 -0.0178304 0.0885389 
0.0104127 -0.0189107 -7.1292e-05 8.14765e-05 -0.0189107 0.0913067 8.96242e-05 -0.000211839 -7.1292e-05 8.96242e-05 0.00962238 -0.0178454 8.14765e-05 -0.000211839 -0.0178454 0.0885242 
0.0103784 -0.0188402 -7.32449e-05 9.35907e-05 -0.0188402 0.0911431 9.56252e-05 -0.000229908 -7.32449e-05 9.56252e-05 0.00965205 -0.0178901 9.35907e-05 -0.000229908 -0.0178901 0.0886446 
0.0103544 -0.0187914 -5.49575e-05 9.56667e-05 -0.0187914 0.090979 9.77022e-05 -0.000248326 -5.49575e-05 9.77022e-05 0.00966641 -0.0179283 9.56667e-05 -0.000248326 -0.0179283 0.0887583 
0.0103209 -0.0187707 -5.70105e-05 6.71909e-05 -0.0187707 0.0908971 7.12631e-05 -0.000203609 -5.70105e-05 7.12631e-05 0.00968363 -0.0179216 6.71909e-05 -0.000203609 -0.0179216 0.0887693 
0.0103108 -0.0187399 -6.51682e-05 7.94238e-05 -0.0187399 0.0908384 7.94238e-05 -0.000213833 -6.51682e-05 7.94238e-05 0.00968562 -0.0179416 7.94238e-05 -0.000213833 -0.0179416 0.0887937 
0.0103186 -0.0187103 -7.94364e-05 8.96205e-05 -0.0187103 0.0907367 8.75837e-05 -0.000228125 -7.94364e-05 8.75837e-05 0.00966679 -0.0179567 8.96205e-05 -0.000228125 -0.0179567 0.0888424 
0.010353 -0.018729 -8.34752e-05 0.000105871 -0.018729 0.0907497 0.000101799 -0.000254497 -8.34752e-05 0.000101799 0.00963222 -0.0179268 0.000105871 -0.000254497 -0.0179268 0.0888054 
0.0103591 -0.0187649 -7.91856e-05 0.00010355 -0.0187649 0.0908198 0.00010355 -0.000261921 -7.91856e-05 0.00010355 0.00964237 -0.0178959 0.00010355 -0.000261921 -0.0178959 0.0887609 
0.0103448 -0.0187742 -6.48575e-05 7.70183e-05 -0.0187742 0.0908614 7.49915e-05 -0.000200653 -6.48575e-05 7.49915e-05 0.00967999 -0.017921 7.70183e-05 -0.000200653 -0.017921 0.0887778 
0.0103455 -0.018775 -7.89886e-05 8.50647e-05 -0.018775 0.0908956 8.1014e-05 -0.000198484 -7.89886e-05 8.1014e-05 0.00968117 -0.0179365 8.50647e-05 -0.000198484 -0.0179365 0.0887792 
0.0103417 -0.0187837 -9.14298e-05 0.000105652 -0.0187837 0.0909117 0.000105652 -0.000241781 -9.14298e-05 0.000105652 0.00966514 -0.0179324 0.000105652 -0.000241781 -0.0179324 0.0887682 
0.0103273 -0.0187712 -8.38454e-05 0.000102251 -0.0187712 0.0908966 0.000104296 -0.000241311 -8.38454e-05 0.000104296 0.00963609 -0.0179061 0.000102251 -0.000241311 -0.0179061 0.0887248 
0.0103026 -0.0187303 -9.65164e-05 0.000108838 -0.0187303 0.0908055 0.000117052 -0.000273121 -9.65164e-05 0.000117052 0.009627 -0.0178925 0.000108838 -0.000273121 -0.0178925 0.088715 
0.0102801 -0.0187055 -0.00010886 0.00011913 -0.0187055 0.0907423 0.000125292 -0.000293718 -0.00010886 0.000125292 0.00963723 -0.0178675 0.00011913 -0.000293718 -0.0178675 0.0886596 
0.0102866 -0.018695 -0.00011687 0.000145574 -0.018695 0.0907031 0.000149675 -0.00035471 -0.00011687 0.000149675 0.00963662 -0.0178626 0.000145574 -0.00035471 -0.0178626 0.0885995 
0.0102675 -0.0186683 -9.42534e-05 0.000163919 -0.0186683 0.0906062 0.000159821 -0.000411846 -9.42534e-05 0.000159821 0.00963844 -0.0178733 0.000163919 -0.000411846 -0.0178733 0.0886064 
0.0102735 -0.0186595 -7.34547e-05 0.000116303 -0.0186595 0.0905962 0.000108142 -0.000332587 -7.34547e-05 0.000108142 0.00966541 -0.0178862 0.000116303 -0.000332587 -0.0178862 0.0886374 
0.0102755 -0.0186767 -7.13008e-05 8.75981e-05 -0.0186767 0.0906335 8.5561e-05 -0.000252609 -7.13008e-05 8.5561e-05 0.00966839 -0.0178904 8.75981e-05 -0.000252609 -0.0178904 0.0886188 
0.0102732 -0.0186838 -8.76313e-05 8.55934e-05 -0.0186838 0.0906658 8.15175e-05 -0.000209908 -8.76313e-05 8.15175e-05 0.00967817 -0.0179074 8.55934e-05 -0.000209908 -0.0179074 0.0886544 
0.0102797 -0.0186825 -9.1801e-05 0.000114241 -0.0186825 0.0906728 0.000110161 -0.000255003 -9.1801e-05 0.000110161 0.00967174 -0.0179257 0.000114241 -0.000255003 -0.0179257 0.0887205 
0.0102921 -0.0187013 -9.39354e-05 0.000120482 -0.0187013 0.0907233 0.000114356 -0.000287933 -9.39354e-05 0.000114356 0.00965697 -0.017909 0.000120482 -0.000287933 -0.017909 0.0886975 
0.0102931 -0.0186914 -0.000124951 0.000137241 -0.0186914 0.0906957 0.000124951 -0.000327739 -0.000124951 0.000124951 0.00964168 -0.0179109 0.000137241 -0.000327739 -0.0179109 0.0887252 
0.0103006 -0.0186875 -0.000139475 0.000157934 -0.0186875 0.0906728 0.000143577 -0.000360993 -0.000139475 0.000143577 0.00963195 -0.017902 0.000157934 -0.000360993 -0.017902 0.0887346 
0.0102918 -0.0187068 -0.000127313 0.000170435 -0.0187068 0.0907023 0.000160168 -0.000398366 -0.000127313 0.000160168 0.00962855 -0.017869 0.000170435 -0.000398366 -0.017869 0.0886406 
0.0102925 -0.0187091 -0.000133402 0.000162134 -0.0187091 0.0907296 0.00014982 -0.000391996 -0.000133402 0.00014982 0.00962134 -0.0178512 0.000162134 -0.000391996 -0.0178512 0.0885623 
0.0102873 -0.0186872 -0.000155744 0.000155744 -0.0186872 0.0906779 0.000145498 -0.000368868 -0.000155744 0.000145498 0.00962539 -0.0178552 0.000155744 -0.000368868 -0.0178552 0.0885528 
0.010266 -0.0186737 -0.000153499 0.000178059 -0.0186737 0.0906302 0.000180106 -0.000405239 -0.000153499 0.000180106 0.00965 -0.0178673 0.000178059 -0.000405239 -0.0178673 0.0885897 
0.0102727 -0.0186523 -0.000152837 0.000193594 -0.0186523 0.0905673 0.00019767 -0.000462587 -0.000152837 0.00019767 0.00966543 -0.0179003 0.000193594 -0.000462587 -0.0179003 0.088668 
0.0102652 -0.0186501 -0.000158897 0.000173157 -0.0186501 0.0905348 0.000175194 -0.000440023 -0.000158897 0.000175194 0.00966625 -0.0179208 0.000173157 -0.000440023 -0.0179208 0.0887258 
0.0102553 -0.0186497 -0.000155414 0.000186088 -0.0186497 0.0905187 0.000194268 -0.000449884 -0.000155414 0.000194268 0.00965819 -0.0179217 0.000186088 -0.000449884 -0.0179217 0.0887376 
0.0102386 -0.018651 -0.000144866 0.000189754 -0.018651 0.0905494 0.000191794 -0.000463163 -0.000144866 0.000191794 0.00966114 -0.017894 0.000189754 -0.000463163 -0.017894 0.0886805 
0.0102389 -0.0186306 -0.000118393 0.000187796 -0.0186306 0.0905216 0.000187796 -0.000479696 -0.000118393 0.000187796 0.00965515 -0.0179039 0.000187796 -0.000479696 -0.0179039 0.0886865 
0.0102512 -0.0186409 -0.000118771 0.000145392 -0.0186409 0.0905384 0.00014744 -0.00040546 -0.000118771 0.00014744 0.00964094 -0.0178894 0.000145392 -0.00040546 -0.0178894 0.0886483 
0.0102439 -0.018667 -0.000123025 0.000149681 -0.018667 0.0906081 0.000149681 -0.000377277 -0.000123025 0.000149681 0.00962672 -0.0178448 0.000149681 -0.000377277 -0.0178448 0.0885494 
0.0102142 -0.0186333 -0.000123087 0.000166167 -0.0186333 0.0905633 0.000162065 -0.000393878 -0.000123087 0.000162065 0.00964797 -0.0178579 0.000166167 -0.000393878 -0.0178579 0.0885447 
0.0101953 -0.0185795 -0.000120474 0.000140893 -0.0185795 0.0904307 0.000136809 -0.000345085 -0.000120474 0.000136809 0.00968077 -0.0179016 0.000140893 -0.000345085 -0.0179016 0.0886481 
0.0101979 -0.0185545 -0.000117755 0.000140087 -0.0185545 0.090336 0.000136027 -0.000330931 -0.000117755 0.000136027 0.00971069 -0.0179494 0.000140087 -0.000330931 -0.0179494 0.0887666 
0.0102158 -0.0185734 -0.000121713 0.00013997 -0.0185734 0.0903435 0.000137941 -0.000334711 -0.000121713 0.000137941 0.00969241 -0.0179608 0.00013997 -0.000334711 -0.0179608 0.0888018 
0.0102219 -0.0186112 -0.000105653 0.000154416 -0.0186112 0.0904207 0.000160511 -0.000379945 -0.000105653 0.000160511 0.00968554 -0.0179468 0.000154416 -0.000379945 -0.0179468 0.0887994 
0.0101949 -0.0186059 -0.000108305 0.000141 -0.0186059 0.0904508 0.000149174 -0.000386219 -0.000108305 0.000149174 0.00968408 -0.0179316 0.000141 -0.000386219 -0.0179316 0.0887751 
0.0101685 -0.0185635 -0.000133418 0.000155996 -0.0185635 0.0903915 0.000160101 -0.000414621 -0.000133418 0.000160101 0.00968407 -0.0179395 0.000155996 -0.000414621 -0.0179395 0.0887843 
0.0101699 -0.0185436 -0.000141962 0.000176939 -0.0185436 0.0903252 0.000178996 -0.000446462 -0.000141962 0.000178996 0.00966373 -0.0179222 0.000176939 -0.000446462 -0.0179222 0.0887492 
0.0101654 -0.0185395 -0.000140498 0.000177688 -0.0185395 0.0902904 0.000177688 -0.000454551 -0.000140498 0.000177688 0.00963235 -0.0178866 0.000177688 -0.000454551 -0.0178866 0.088654 
0.0101825 -0.0185307 -0.000115546 0.000160939 -0.0185307 0.0902681 0.000156812 -0.000402347 -0.000115546 0.000156812 0.00962332 -0.0178642 0.000160939 -0.000402347 -0.0178642 0.0886072 
0.0102096 -0.0185777 -8.45472e-05 0.000129914 -0.0185777 0.0903563 0.000134038 -0.000344375 -8.45472e-05 0.000134038 0.00960745 -0.0178188 0.000129914 -0.000344375 -0.0178188 0.0884673 
0.0102434 -0.0185871 -9.87908e-05 0.000100849 -0.0185871 0.0903977 0.000102907 -0.000281966 -9.87908e-05 0.000102907 0.00959712 -0.0178235 0.000100849 -0.000281966 -0.0178235 0.0884631 
0.01027 -0.0186324 -0.000135374 0.000125119 -0.0186324 0.0904752 0.000131272 -0.000301516 -0.000135374 0.000131272 0.00959517 -0.017812 0.000125119 -0.000301516 -0.017812 0.0884507 
0.0102792 -0.0186425 -0.000138304 0.000168812 -0.0186425 0.0905077 0.00016271 -0.000370166 -0.000138304 0.00016271 0.00964669 -0.0178575 0.000168812 -0.000370166 -0.0178575 0.0885511 
0.0102995 -0.0186791 -0.000136403 0.000175085 -0.0186791 0.0906004 0.000164906 -0.000411246 -0.000136403 0.000164906 0.00965818 -0.0178933 0.000175085 -0.000411246 -0.0178933 0.0886215 
0.0103208 -0.0187189 -0.000117998 0.000158687 -0.0187189 0.0907282 0.000158687 -0.000388579 -0.000117998 0.000158687 0.00966362 -0.0179072 0.000158687 -0.000388579 -0.0179072 0.0886856 
0.0103219 -0.0187496 -0.000130347 0.000140531 -0.0187496 0.0908256 0.000140531 -0.000358455 -0.000130347 0.000140531 0.00967014 -0.0179085 0.000140531 -0.000358455 -0.0179085 0.0887115 
0.0103539 -0.0187388 -0.000136423 0.000154749 -0.0187388 0.0908313 0.000158821 -0.000368546 -0.000136423 0.000158821 0.00966161 -0.0179488 0.000154749 -0.000368546 -0.0179488 0.0888135 
0.0103685 -0.0187847 -0.000152837 0.000173215 -0.0187847 0.0908932 0.000183404 -0.000429981 -0.000152837 0.000183404 0.00964911 -0.0179288 0.000173215 -0.000429981 -0.0179288 0.0888105 
0.0103791 -0.0188205 -0.000140588 0.000195601 -0.0188205 0.0910034 0.000203751 -0.000486965 -0.000140588 0.000203751 0.00964761 -0.0179036 0.000195601 -0.000486965 -0.0179036 0.088754 
0.0103782 -0.0188385 -0.000156937 0.000189547 -0.0188385 0.0910803 0.000187509 -0.000491191 -0.000156937 0.000187509 0.00967096 -0.017901 0.000189547 -0.000491191 -0.017901 0.0887161 
0.0103719 -0.0188232 -0.000155445 0.000196352 -0.0188232 0.0910764 0.000196352 -0.000486788 -0.000155445 0.000196352 0.009656 -0.017913 0.000196352 -0.000486788 -0.017913 0.0887141 
0.0103517 -0.0188148 -0.000147647 0.000200965 -0.0188148 0.0910472 0.000198914 -0.000506513 -0.000147647 0.000198914 0.00966476 -0.0179043 0.000200965 -0.000506513 -0.0179043 0.0887115 
0.0103546 -0.0187739 -0.000159395 0.000190048 -0.0187739 0.0909717 0.000181874 -0.000474098 -0.000159395 0.000181874 0.00967814 -0.0179299 0.000190048 -0.000474098 -0.0179299 0.0887688 
0.0103798 -0.0187813 -0.000168925 0.000179102 -0.0187813 0.0909287 0.000181137 -0.000443684 -0.000168925 0.000181137 0.00967556 -0.0179387 0.000179102 -0.000443684 -0.0179387 0.0887937 
0.0103711 -0.0187952 -0.000182912 0.000219494 -0.0187952 0.0909337 0.00021543 -0.000514186 -0.000182912 0.00021543 0.00968824 -0.0179437 0.000219494 -0.000514186 -0.0179437 0.0888119 
0.0103563 -0.0187876 -0.00022 0.000242407 -0.0187876 0.0909046 0.000236296 -0.000580554 -0.00022 0.000236296 0.00968202 -0.0179564 0.000242407 -0.000580554 -0.0179564 0.0888432 
0.010345 -0.0187693 -0.000231695 0.000258116 -0.0187693 0.090867 0.000260148 -0.00060769 -0.000231695 0.000260148 0.00968849 -0.0179563 0.000258116 -0.00060769 -0.0179563 0.088865 
0.0103218 -0.0187678 -0.000229644 0.00028858 -0.0187678 0.0908599 0.000284515 -0.000684869 -0.000229644 0.000284515 0.00969181 -0.0179346 0.00028858 -0.000684869 -0.0179346 0.0887992 
0.0103204 -0.018751 -0.000211784 0.000278984 -0.018751 0.0908511 0.000274912 -0.00069237 -0.000211784 0.000274912 0.00966671 -0.0179324 0.000278984 -0.00069237 -0.0179324 0.0887639 
0.0103166 -0.0187452 -0.000193691 0.000256895 -0.0187452 0.090837 0.000254857 -0.000654472 -0.000193691 0.000254857 0.00965804 -0.0179154 0.000256895 -0.000654472 -0.0179154 0.0887472 
0.0103223 -0.0187361 -0.000199602 0.000262741 -0.0187361 0.0908248 0.000260704 -0.000676201 -0.000199602 0.000260704 0.00966846 -0.0179153 0.000262741 -0.000676201 -0.0179153 0.0887555 
0.0102957 -0.0187314 -0.000201917 0.000250866 -0.0187314 0.0907973 0.000242708 -0.000632265 -0.000201917 0.000242708 0.00968385 -0.0179176 0.000250866 -0.000632265 -0.0179176 0.0887618 
0.0102647 -0.0186906 -0.000206357 0.00024722 -0.0186906 0.0907113 0.00024109 -0.000610899 -0.000206357 0.00024109 0.00970082 -0.017951 0.00024722 -0.000610899 -0.017951 0.0888152 
0.0102382 -0.0186451 -0.000184139 0.000249611 -0.0186451 0.0905905 0.000245519 -0.000605614 -0.000184139 0.000245519 0.00972052 -0.0179822 0.000249611 -0.000605614 -0.0179822 0.0889025 
0.0102242 -0.018616 -0.000190628 0.000231623 -0.018616 0.0905032 0.000231623 -0.000590332 -0.000190628 0.000231623 0.00972818 -0.0179969 0.000231623 -0.000590332 -0.0179969 0.0889454 
0.0102121 -0.0186024 -0.00017253 0.000227986 -0.0186024 0.0904507 0.000232093 -0.000568937 -0.00017253 0.000232093 0.00972738 -0.0180006 0.000227986 -0.000568937 -0.0180006 0.0889637 
0.0102292 -0.0185789 -0.000150849 0.000209965 -0.0185789 0.0903972 0.000214042 -0.000544279 -0.000150849 0.000214042 0.0097583 -0.0180366 0.000209965 -0.000544279 -0.0180366 0.0890478 
0.0102518 -0.0186226 -0.000136094 0.000166563 -0.0186226 0.0904683 0.000172657 -0.000442815 -0.000136094 0.000172657 0.00978255 -0.0180356 0.000166563 -0.000442815 -0.0180356 0.0890667 
0.0102598 -0.0186617 -0.000132266 0.000156684 -0.0186617 0.0905778 0.000162789 -0.000388658 -0.000132266 0.000162789 0.0097714 -0.018039 0.000156684 -0.000388658 -0.018039 0.0890252 
0.0102636 -0.0186748 -0.000122138 0.000152672 -0.0186748 0.0906384 0.000160815 -0.000374555 -0.000122138 0.000160815 0.00973641 -0.0180153 0.000152672 -0.000374555 -0.0180153 0.0889691 
0.0102745 -0.0186774 -9.55108e-05 0.000148347 -0.0186774 0.090654 0.000158507 -0.000373915 -9.55108e-05 0.000158507 0.00971568 -0.0179906 0.000148347 -0.000373915 -0.0179906 0.0889287 
0.0102951 -0.0186886 -9.76225e-05 0.000119994 -0.0186886 0.0906669 0.000124062 -0.000333543 -9.76225e-05 0.000124062 0.00967073 -0.0179585 0.000119994 -0.000333543 -0.0179585 0.0888446 
0.0102987 -0.0187126 -0.000117932 0.000144365 -0.0187126 0.0907102 0.000144365 -0.000363963 -0.000117932 0.000144365 0.00964604 -0.0179094 0.000144365 -0.000363963 -0.0179094 0.0887338 
0.0102824 -0.0187047 -0.000155175 0.000173551 -0.0187047 0.0907099 0.000173551 -0.000445107 -0.000155175 0.000173551 0.00964739 -0.0179023 0.000173551 -0.000445107 -0.0179023 0.0887049 
0.0102517 -0.0186825 -0.000172057 0.00019254 -0.0186825 0.090672 0.000186395 -0.000460867 -0.000172057 0.000186395 0.00965773 -0.017898 0.00019254 -0.000460867 -0.017898 0.0886975 
0.0102566 -0.0186519 -0.000198621 0.000231383 -0.0186519 0.0906202 0.00022524 -0.000540576 -0.000198621 0.00022524 0.00965051 -0.0179025 0.000231383 -0.000540576 -0.0179025 0.0886893 
0.0102685 -0.0186508 -0.000202749 0.000233468 -0.0186508 0.0905796 0.000233468 -0.000565239 -0.000202749 0.000233468 0.00965207 -0.0179054 0.000233468 -0.000565239 -0.0179054 0.0887139 
0.010292 -0.0186657 -0.000222673 0.00026353 -0.0186657 0.0906034 0.000259445 -0.000637376 -0.000222673 0.000259445 0.0096444 -0.0178996 0.00026353 -0.000637376 -0.0178996 0.0887035 
0.0103074 -0.0187179 -0.000218481 0.000259319 -0.0187179 0.0907147 0.000251152 -0.000622774 -0.000218481 0.000251152 0.00963973 -0.0178726 0.000259319 -0.000622774 -0.0178726 0.0886279 
0.0103343 -0.0187444 -0.000218101 0.000262944 -0.0187444 0.0908237 0.000260906 -0.000633919 -0.000218101 0.000260906 0.00963312 -0.01787 0.000262944 -0.000633919 -0.01787 0.0885937 
0.0103319 -0.0187531 -0.000218178 0.000265076 -0.0187531 0.0908498 0.000265076 -0.000656573 -0.000218178 0.000265076 0.00965285 -0.0178906 0.000265076 -0.000656573 -0.0178906 0.0886517 
0.010317 -0.0187235 -0.000215915 0.000272949 -0.0187235 0.090788 0.000268875 -0.000666076 -0.000215915 0.000268875 0.00969986 -0.0179535 0.000272949 -0.000666076 -0.0179535 0.0888223 
0.0103198 -0.018715 -0.000215888 0.000272915 -0.018715 0.0907502 0.000268841 -0.00068636 -0.000215888 0.000268841 0.00971291 -0.017992 0.000272915 -0.00068636 -0.017992 0.0889315 
0.0102985 -0.0187306 -0.000199891 0.000254963 -0.0187306 0.0907669 0.000246804 -0.000640467 -0.000199891 0.000246804 0.00973551 -0.0179943 0.000254963 -0.000640467 -0.0179943 0.0889719 
0.0102433 -0.0187019 -0.000178055 0.000237407 -0.0187019 0.090718 0.000239453 -0.000605796 -0.000178055 0.000239453 0.00974595 -0.0179917 0.000237407 -0.000605796 -0.0179917 0.0889375 
0.0102096 -0.0186476 -0.000164043 0.000215306 -0.0186476 0.0906213 0.000225559 -0.000563897 -0.000164043 0.000225559 0.00973388 -0.0179873 0.000215306 -0.000563897 -0.0179873 0.0888947 
0.0102192 -0.0186066 -0.000150942 0.000210094 -0.0186066 0.0905201 0.000214174 -0.000548693 -0.000150942 0.000214174 0.00972349 -0.0179824 0.000210094 -0.000548693 -0.0179824 0.0888862 
0.0102229 -0.0185945 -0.000165149 0.000201848 -0.0185945 0.0904199 0.000201848 -0.000536224 -0.000165149 0.000201848 0.00971115 -0.017989 0.000201848 -0.000536224 -0.017989 0.088903 
0.0102047 -0.0185948 -0.000173898 0.000206632 -0.0185948 0.0903922 0.000204586 -0.000519648 -0.000173898 0.000204586 0.00970965 -0.0179749 0.000206632 -0.000519648 -0.0179749 0.0888947 
0.0101978 -0.01857 -0.000177869 0.000228981 -0.01857 0.0903474 0.000222848 -0.000554053 -0.000177869 0.000222848 0.00970308 -0.017973 0.000228981 -0.000554053 -0.017973 0.0888877 
0.0101896 -0.0185699 -0.000167646 0.000226936 -0.0185699 0.0903389 0.000216714 -0.000554051 -0.000167646 0.000216714 0.00970304 -0.0179566 0.000226936 -0.000554051 -0.0179566 0.0888525 
0.0101613 -0.0185638 -0.000190639 0.000213188 -0.0185638 0.0903282 0.000207038 -0.00054117 -0.000190639 0.000207038 0.00971031 -0.0179447 0.000213188 -0.00054117 -0.0179447 0.0888031 
0.0101587 -0.0185283 -0.000192406 0.000221063 -0.0185283 0.0902796 0.000225157 -0.000532188 -0.000192406 0.000225157 0.00972676 -0.0179757 0.000221063 -0.000532188 -0.0179757 0.088855 
0.0101632 -0.0185352 -0.000170104 0.000219291 -0.0185352 0.0902864 0.000221341 -0.000530807 -0.000170104 0.000221341 0.00971644 -0.0179634 0.000219291 -0.000530807 -0.0179634 0.0888231 
0.0101625 -0.0185301 -0.00015946 0.000226924 -0.0185301 0.0902523 0.000224879 -0.000566287 -0.00015946 0.000224879 0.00972297 -0.017974 0.000226924 -0.000566287 -0.017974 0.0888437 
0.0101706 -0.0185458 -0.000163219 0.000204024 -0.0185458 0.090297 0.000206064 -0.000538624 -0.000163219 0.000206064 0.00971767 -0.0179602 0.000204024 -0.000538624 -0.0179602 0.0888117 
0.0101736 -0.0185423 -0.000177839 0.000208501 -0.0185423 0.090289 0.000220765 -0.000547825 -0.000177839 0.000220765 0.00970755 -0.0179658 0.000208501 -0.000547825 -0.0179658 0.0888254 
0.0101527 -0.0185364 -0.000198152 0.000234923 -0.0185364 0.0902695 0.000239008 -0.000590371 -0.000198152 0.000239008 0.00972375 -0.0179706 0.000234923 -0.000590371 -0.0179706 0.0888559 
0.0101362 -0.0185136 -0.000181806 0.000239004 -0.0185136 0.090229 0.000245132 -0.000606702 -0.000181806 0.000245132 0.00974604 -0.0179988 0.000239004 -0.000606702 -0.0179988 0.0889135 
0.0101285 -0.0185057 -0.000193003 0.000219694 -0.0185057 0.0901959 0.000219694 -0.000566689 -0.000193003 0.000219694 0.00973637 -0.0180047 0.000219694 -0.000566689 -0.0180047 0.088927 
0.0101439 -0.0184913 -0.000217883 0.000256937 -0.0184913 0.0901953 0.000252826 -0.000628983 -0.000217883 0.000252826 0.00971017 -0.0179877 0.000256937 -0.000628983 -0.0179877 0.0889126 
0.0101992 -0.0185231 -0.000231847 0.000264675 -0.0185231 0.0902499 0.000260571 -0.00064835 -0.000231847 0.000260571 0.00967601 -0.0179589 0.000264675 -0.00064835 -0.0179589 0.0888588 
0.0102449 -0.0185682 -0.000223294 0.000272459 -0.0185682 0.0903295 0.000270411 -0.000667833 -0.000223294 0.000270411 0.00966104 -0.0179373 0.000272459 -0.000667833 -0.0179373 0.0888136 
0.0102741 -0.0186324 -0.000210593 0.000273975 -0.0186324 0.0904712 0.000280109 -0.000693117 -0.000210593 0.000280109 0.00964843 -0.0179065 0.000273975 -0.000693117 -0.0179065 0.0887333 
0.0103045 -0.018693 -0.00023211 0.000250435 -0.018693 0.0906451 0.000262651 -0.00065561 -0.00023211 0.000262651 0.00965497 -0.0178847 0.000250435 -0.00065561 -0.0178847 0.088662 
0.0103049 -0.0187311 -0.000222334 0.000267209 -0.0187311 0.0907633 0.000275368 -0.000650684 -0.000222334 0.000275368 0.00965624 -0.0178867 0.000267209 -0.000650684 -0.0178867 0.0886297 
0.0103034 -0.018723 -0.000208852 0.00027028 -0.018723 0.0907792 0.000274375 -0.000667509 -0.000208852 0.000274375 0.00965226 -0.017906 0.00027028 -0.000667509 -0.017906 0.0886804 
0.0102992 -0.0187012 -0.000200779 0.000256096 -0.0187012 0.09074 0.000264291 -0.000657655 -0.000200779 0.000264291 0.0096538 -0.0179185 0.000256096 -0.000657655 -0.0179185 0.0887301 
0.0103059 -0.0186945 -0.000188461 0.000231479 -0.0186945 0.0906886 0.000239673 -0.000598158 -0.000188461 0.000239673 0.00964018 -0.0179079 0.000231479 -0.000598158 -0.0179079 0.0887139 
0.01031 -0.0187134 -0.000184915 0.00024039 -0.0187134 0.0907152 0.00024039 -0.000595837 -0.000184915 0.00024039 0.00960942 -0.017869 0.00024039 -0.000595837 -0.017869 0.0886216 
0.0102893 -0.0187245 -0.000176588 0.000236135 -0.0187245 0.0907478 0.000223815 -0.000597525 -0.000176588 0.000223815 0.00961379 -0.0178251 0.000236135 -0.000597525 -0.0178251 0.0885179 
0.0102686 -0.0186686 -0.000167102 0.00021601 -0.0186686 0.090657 0.000207859 -0.000550214 -0.000167102 0.000207859 0.00967766 -0.0178799 0.00021601 -0.000550214 -0.0178799 0.088613 
0.010268 -0.0186457 -0.000176824 0.000201213 -0.0186457 0.0905702 0.000195116 -0.000512178 -0.000176824 0.000195116 0.00971513 -0.0179567 0.000201213 -0.000512178 -0.0179567 0.0887715 
0.0102692 -0.0186814 -0.000174915 0.000223729 -0.0186814 0.0906347 0.000219661 -0.000543052 -0.000174915 0.000219661 0.00972408 -0.0179675 0.000223729 -0.000543052 -0.0179675 0.0888184 
0.0102803 -0.0186892 -0.000190789 0.000217175 -0.0186892 0.0906877 0.000211086 -0.000539892 -0.000190789 0.000211086 0.00973836 -0.0179951 0.000217175 -0.000539892 -0.0179951 0.0889056 
0.0102984 -0.0187021 -0.000222909 0.000241147 -0.0187021 0.0907322 0.000233042 -0.000571459 -0.000222909 0.000233042 0.00975127 -0.0180232 0.000241147 -0.000571459 -0.0180232 0.0889996 
0.0103095 -0.0187196 -0.000237162 0.00027973 -0.0187196 0.0907602 0.00027973 -0.000660811 -0.000237162 0.00027973 0.00975609 -0.0180466 0.00027973 -0.000660811 -0.0180466 0.0890818 
0.0103047 -0.0187363 -0.000224192 0.000299602 -0.0187363 0.0907998 0.000297564 -0.000727605 -0.000224192 0.000297564 0.00972789 -0.018021 0.000299602 -0.000727605 -0.018021 0.0890307 
