0.00782813 0 0.000184349 0 0 0.00998688 0 0 0.000184349 0 0.00688235 0 0 0 0 0.00998688 
0.0109451 -0.0135979 0.000217 -0.000268202 -0.0135979 0.0352515 -0.000268202 0.000512023 0.000217 -0.000268202 0.00980402 -0.0121788 -0.000268202 0.000512023 -0.0121788 0.0325427 
0.0108499 -0.0203252 0.000147465 -0.000247441 -0.0203252 0.0741774 -0.000247441 0.000804809 0.000147465 -0.000247441 0.00996513 -0.0187006 -0.000247441 0.000804809 -0.0187006 0.0690011 
0.010168 -0.0196868 0.000121568 -0.000211529 -0.0196868 0.0876824 -0.000211529 0.000739136 0.000121568 -0.000211529 0.00942885 -0.0185562 -0.000211529 0.000739136 -0.0185562 0.0835005 
0.010152 -0.0188002 0.00012262 -0.000150383 -0.0188002 0.0898087 -0.000143442 0.000434954 0.00012262 -0.000143442 0.00937927 -0.0179372 -0.000150383 0.000434954 -0.0179372 0.087192 
0.010376 -0.0187213 0.00012981 -0.000156212 -0.0187213 0.0903698 -0.000149612 0.000356428 0.00012981 -0.000149612 0.00949814 -0.0177862 -0.000156212 0.000356428 -0.0177862 0.0881675 
0.0105286 -0.0189204 0.000125441 -0.000163712 -0.0189204 0.0910088 -0.000157333 0.000357189 0.000125441 -0.000157333 0.00957182 -0.0177957 -0.000163712 0.000357189 -0.0177957 0.0884532 
0.0105347 -0.0190444 0.000131111 -0.000158166 -0.0190444 0.0914428 -0.000154004 0.000380847 0.000131111 -0.000154004 0.00963147 -0.0178041 -0.000158166 0.000380847 -0.0178041 0.0884772 
0.0104909 -0.0190007 0.000123181 -0.000162188 -0.0190007 0.0914804 -0.000156029 0.00038802 0.000123181 -0.000156029 0.00967998 -0.0178633 -0.000162188 0.00038802 -0.0178633 0.0885364 
0.0104302 -0.0189302 0.000142379 -0.000162718 -0.0189302 0.0913298 -0.000162718 0.000406796 0.000142379 -0.000162718 0.00973666 -0.0179316 -0.000162718 0.000406796 -0.0179316 0.0886856 
0.0104106 -0.0188482 0.000159542 -0.000203972 -0.0188482 0.0911147 -0.000201952 0.000496802 0.000159542 -0.000201952 0.00976842 -0.0180323 -0.000203972 0.000496802 -0.0180323 0.0889235 
0.0104034 -0.018839 0.000169885 -0.000192132 -0.018839 0.0910198 -0.000198199 0.000493475 0.000169885 -0.000198199 0.00975624 -0.0180543 -0.000192132 0.000493475 -0.0180543 0.089058 
0.0103957 -0.0188329 0.000172147 -0.000204551 -0.0188329 0.091007 -0.000204551 0.000498214 0.000172147 -0.000204551 0.00974555 -0.0180552 -0.000204551 0.000498214 -0.0180552 0.0891175 
0.0103831 -0.0188326 0.000174677 -0.000209206 -0.0188326 0.091021 -0.000213269 0.000519969 0.000174677 -0.000213269 0.0097413 -0.0180425 -0.000209206 0.000519969 -0.0180425 0.0891077 
0.0103878 -0.018843 0.000139338 -0.000216075 -0.018843 0.0910686 -0.000214056 0.000535139 0.000139338 -0.000214056 0.00974964 -0.0180191 -0.000216075 0.000535139 -0.0180191 0.0890533 
0.010396 -0.0188478 0.000111155 -0.000165722 -0.0188478 0.0911145 -0.000163701 0.000458766 0.000111155 -0.000163701 0.00974119 -0.0180192 -0.000165722 0.000458766 -0.0180192 0.0890248 
0.0104083 -0.018861 0.000133751 -0.000137804 -0.018861 0.0911434 -0.000131725 0.000366803 0.000133751 -0.000131725 0.0097071 -0.0180098 -0.000137804 0.000366803 -0.0180098 0.0889913 
0.0104036 -0.0188633 0.000157937 -0.000161986 -0.0188633 0.0911456 -0.000166036 0.000392817 0.000157937 -0.000166036 0.00971513 -0.0179906 -0.000161986 0.000392817 -0.0179906 0.0889953 
0.0104078 -0.018833 0.000175651 -0.000201897 -0.018833 0.091086 -0.000205935 0.000474459 0.000175651 -0.000205935 0.00973146 -0.0180274 -0.000201897 0.000474459 -0.0180274 0.0890671 
0.0104465 -0.0188627 0.000149639 -0.000196149 -0.0188627 0.0911405 -0.000202215 0.000477229 0.000149639 -0.000202215 0.0097205 -0.0180376 -0.000196149 0.000477229 -0.0180376 0.0891123 
0.0104611 -0.0189157 0.000142163 -0.000194966 -0.0189157 0.0912399 -0.000196997 0.000489445 0.000142163 -0.000196997 0.00969143 -0.0180079 -0.000194966 0.000489445 -0.0180079 0.0890649 
0.0104553 -0.0189401 0.0001569 -0.000193578 -0.0189401 0.0913301 -0.00019154 0.000501265 0.0001569 -0.00019154 0.00968298 -0.017964 -0.000193578 0.000501265 -0.017964 0.0889542 
0.0104195 -0.018918 0.000184126 -0.000227089 -0.018918 0.0913164 -0.000220952 0.000562608 0.000184126 -0.000220952 0.00967277 -0.0179421 -0.000227089 0.000562608 -0.0179421 0.0888573 
0.0104241 -0.0188821 0.000202549 -0.000245514 -0.0188821 0.0912413 -0.000239376 0.000609694 0.000202549 -0.000239376 0.00965689 -0.0179287 -0.000245514 0.000609694 -0.0179287 0.0888107 
0.0104255 -0.0188711 0.000217027 -0.00026207 -0.0188711 0.091184 -0.000255928 0.000649033 0.000217027 -0.000255928 0.00963517 -0.0179027 -0.00026207 0.000649033 -0.0179027 0.0887312 
0.0104346 -0.0188722 0.000191948 -0.000253208 -0.0188722 0.0911733 -0.00025525 0.000624852 0.000191948 -0.00025525 0.00963824 -0.0178879 -0.000253208 0.000624852 -0.0178879 0.0887004 
0.0104404 -0.018896 0.000203358 -0.000229794 -0.018896 0.0912121 -0.000237929 0.000599906 0.000203358 -0.000237929 0.0096473 -0.0178752 -0.000229794 0.000599906 -0.0178752 0.0886437 
0.0104434 -0.0188795 0.000174023 -0.000220564 -0.0188795 0.0911902 -0.000230682 0.000542305 0.000174023 -0.000230682 0.00968459 -0.0179264 -0.000220564 0.000542305 -0.0179264 0.0887458 
0.0104302 -0.0188791 0.000125348 -0.000204196 -0.0188791 0.0911464 -0.000206218 0.000511502 0.000125348 -0.000206218 0.00971247 -0.0179733 -0.000204196 0.000511502 -0.0179733 0.0888699 
0.0104411 -0.018865 0.000102779 -0.000153161 -0.018865 0.0911407 -0.000157191 0.000421192 0.000102779 -0.000157191 0.00972167 -0.0180206 -0.000153161 0.000421192 -0.0180206 0.0890085 
0.0104348 -0.0188941 0.000129149 -0.000141257 -0.0188941 0.0911832 -0.000145293 0.000381393 0.000129149 -0.000145293 0.00973863 -0.0180243 -0.000141257 0.000381393 -0.0180243 0.0890663 
0.010434 -0.0188964 0.000149635 -0.000181988 -0.0188964 0.0912266 -0.000177944 0.000438793 0.000149635 -0.000177944 0.00972423 -0.0180289 -0.000181988 0.000438793 -0.0180289 0.089067 
0.0104607 -0.0189111 0.000141716 -0.000176133 -0.0189111 0.0912877 -0.000174109 0.000433247 0.000141716 -0.000174109 0.00969948 -0.0180101 -0.000176133 0.000433247 -0.0180101 0.0890405 
0.0104891 -0.0189535 0.00013929 -0.00016957 -0.0189535 0.0913881 -0.00016957 0.000427962 0.00013929 -0.00016957 0.00969778 -0.0179744 -0.00016957 0.000427962 -0.0179744 0.0889717 
0.0105128 -0.0189794 0.000129788 -0.00016629 -0.0189794 0.0914618 -0.00016629 0.000413698 0.000129788 -0.00016629 0.00966513 -0.0179675 -0.00016629 0.000413698 -0.0179675 0.0889066 
0.0105502 -0.0190154 0.000135104 -0.000173417 -0.0190154 0.0915782 -0.000175433 0.000437575 0.000135104 -0.000175433 0.00966496 -0.0179345 -0.000173417 0.000437575 -0.0179345 0.08886 
0.0105597 -0.0190445 0.000161001 -0.000185152 -0.0190445 0.0916239 -0.000189177 0.000474954 0.000161001 -0.000189177 0.00967619 -0.0179436 -0.000185152 0.000474954 -0.0179436 0.0888587 
0.0105529 -0.0190587 0.000162723 -0.000200893 -0.0190587 0.0916676 -0.00020692 0.000506251 0.000162723 -0.00020692 0.00969711 -0.0179578 -0.000200893 0.000506251 -0.0179578 0.0888932 
0.0105229 -0.019051 0.00015236 -0.00019045 -0.019051 0.0916685 -0.000196464 0.000489155 0.00015236 -0.000196464 0.00973499 -0.0179905 -0.00019045 0.000489155 -0.0179905 0.0889681 
0.0105266 -0.0190089 0.000140435 -0.000184572 -0.0190089 0.0915777 -0.000186578 0.000473467 0.000140435 -0.000186578 0.00974218 -0.018066 -0.000184572 0.000473467 -0.018066 0.0891361 
0.0105164 -0.0189915 0.000136629 -0.000170787 -0.0189915 0.0915015 -0.000170787 0.000436008 0.000136629 -0.000170787 0.00976498 -0.0180893 -0.000170787 0.000436008 -0.0180893 0.0892672 
0.0105021 -0.0189734 0.000153877 -0.000182222 -0.0189734 0.091423 -0.000182222 0.000449482 0.000153877 -0.000182222 0.0097408 -0.0181028 -0.000182222 0.000449482 -0.0181028 0.0893315 
0.0105004 -0.0189749 0.000162231 -0.000196705 -0.0189749 0.0914231 -0.000194677 0.000472497 0.000162231 -0.000194677 0.00972167 -0.0180603 -0.000196705 0.000472497 -0.0180603 0.0892573 
0.010474 -0.0189801 0.000185003 -0.000207366 -0.0189801 0.0914465 -0.000207366 0.000506218 0.000185003 -0.000207366 0.00971776 -0.0180022 -0.000207366 0.000506218 -0.0180022 0.0890964 
0.0104677 -0.0189716 0.00019923 -0.000235824 -0.0189716 0.091465 -0.000235824 0.000567197 0.00019923 -0.000235824 0.00969926 -0.0179653 -0.000235824 0.000567197 -0.0179653 0.0889299 
0.0104446 -0.0189502 0.000209339 -0.000256084 -0.0189502 0.0914139 -0.000249987 0.000623951 0.000209339 -0.000249987 0.00969867 -0.0179482 -0.000256084 0.000623951 -0.0179482 0.0888449 
0.0104471 -0.0188965 0.000209104 -0.000263918 -0.0188965 0.0912769 -0.000259857 0.000653704 0.000209104 -0.000259857 0.00968375 -0.0179708 -0.000263918 0.000653704 -0.0179708 0.0888834 
0.0104475 -0.0188762 0.000204933 -0.000267834 -0.0188762 0.091167 -0.000261747 0.000667555 0.000204933 -0.000261747 0.00969883 -0.0179976 -0.000267834 0.000667555 -0.0179976 0.0889999 
0.0104565 -0.0189077 0.000209048 -0.000247611 -0.0189077 0.0912202 -0.000245581 0.000627145 0.000209048 -0.000245581 0.00970147 -0.0179842 -0.000247611 0.000627145 -0.0179842 0.0889795 
0.0104759 -0.0189373 0.000182754 -0.00023961 -0.0189373 0.0913099 -0.000233519 0.00057872 0.000182754 -0.000233519 0.00968595 -0.0179647 -0.00023961 0.00057872 -0.0179647 0.0889138 
0.0104651 -0.0189323 0.000161222 -0.000218363 -0.0189323 0.0913065 -0.000214282 0.000542847 0.000161222 -0.000214282 0.00967533 -0.0179691 -0.000218363 0.000542847 -0.0179691 0.0889147 
0.0104527 -0.0189262 0.000140784 -0.000195873 -0.0189262 0.0913136 -0.000199954 0.000506006 0.000140784 -0.000199954 0.00966512 -0.0179367 -0.000195873 0.000506006 -0.0179367 0.0888489 
0.0104435 -0.0189146 0.000136663 -0.000179498 -0.0189146 0.0912909 -0.000177458 0.000460983 0.000136663 -0.000177458 0.00965208 -0.017911 -0.000179498 0.000460983 -0.017911 0.0887636 
0.0104367 -0.0188914 0.000160596 -0.00018499 -0.0188914 0.0912185 -0.000189056 0.000475689 0.000160596 -0.000189056 0.00967234 -0.0179258 -0.00018499 0.000475689 -0.0179258 0.088779 
0.0104259 -0.0188861 0.000170218 -0.000212773 -0.0188861 0.0912005 -0.000214799 0.000522813 0.000170218 -0.000214799 0.00968826 -0.0179297 -0.000212773 0.000522813 -0.0179297 0.0887769 
0.0104146 -0.0188731 0.000176346 -0.000208778 -0.0188731 0.0911649 -0.000206751 0.000527011 0.000176346 -0.000206751 0.00969498 -0.0179549 -0.000208778 0.000527011 -0.0179549 0.0888237 
0.0103892 -0.018876 0.000166487 -0.000205063 -0.018876 0.0911719 -0.000209124 0.000503522 0.000166487 -0.000209124 0.00970497 -0.0179501 -0.000205063 0.000503522 -0.0179501 0.0888249 
0.0103469 -0.0188373 0.000185238 -0.000221878 -0.0188373 0.0911025 -0.000217807 0.000539429 0.000185238 -0.000217807 0.00971176 -0.0179579 -0.000221878 0.000539429 -0.0179579 0.0888308 
0.0103324 -0.0187847 0.000179446 -0.000248777 -0.0187847 0.0909994 -0.000250816 0.000609708 0.000179446 -0.000250816 0.00969007 -0.0179568 -0.000248777 0.000609708 -0.0179568 0.0888256 
0.0103222 -0.0187465 0.000154761 -0.00020567 -0.0187465 0.0908673 -0.000209742 0.000541664 0.000154761 -0.000209742 0.00970109 -0.0179666 -0.00020567 0.000541664 -0.0179666 0.0888879 
0.0103193 -0.0187242 0.000140523 -0.000181255 -0.0187242 0.0907739 -0.000183291 0.000464338 0.000140523 -0.000183291 0.00968796 -0.0179686 -0.000181255 0.000464338 -0.0179686 0.0888962 
0.010312 -0.0187236 0.00011191 -0.00015057 -0.0187236 0.090743 -0.00015464 0.00038253 0.00011191 -0.00015464 0.00970364 -0.0179728 -0.00015057 0.00038253 -0.0179728 0.088926 
0.0103174 -0.0187223 7.09869e-05 -0.000111551 -0.0187223 0.0907415 -0.000115607 0.000294088 7.09869e-05 -0.000115607 0.00970695 -0.0179759 -0.000111551 0.000294088 -0.0179759 0.0889242 
0.0103002 -0.0187141 5.69746e-05 -8.74967e-05 -0.0187141 0.0907097 -8.54619e-05 0.000227898 5.69746e-05 -8.54619e-05 0.00970807 -0.0179958 -8.74967e-05 0.000227898 -0.0179958 0.0889658 
0.0102935 -0.0186866 7.52837e-05 -9.15613e-05 -0.0186866 0.0906457 -8.74919e-05 0.000231955 7.52837e-05 -8.74919e-05 0.0097055 -0.018003 -9.15613e-05 0.000231955 -0.018003 0.0889935 
0.0102953 -0.0186679 9.18493e-05 -0.000110219 -0.0186679 0.0905838 -0.000106137 0.000269425 9.18493e-05 -0.000106137 0.00967887 -0.0179984 -0.000110219 0.000269425 -0.0179984 0.089004 
0.0103276 -0.0186965 0.000101911 -0.000116178 -0.0186965 0.0906413 -0.000112102 0.000277197 0.000101911 -0.000112102 0.00963667 -0.0179342 -0.000116178 0.000277197 -0.0179342 0.0888579 
0.0103556 -0.0187459 0.000105794 -0.000128174 -0.0187459 0.0907613 -0.000128174 0.000303141 0.000105794 -0.000128174 0.00960083 -0.0178711 -0.000128174 0.000303141 -0.0178711 0.08868 
0.0103308 -0.0187878 0.000120434 -0.000142888 -0.0187878 0.0908729 -0.000149012 0.000363345 0.000120434 -0.000149012 0.00961026 -0.0178202 -0.000142888 0.000363345 -0.0178202 0.0885295 
0.01027 -0.0187382 0.000110695 -0.000135294 -0.0187382 0.0908314 -0.000139394 0.000342334 0.000110695 -0.000139394 0.00964276 -0.0178444 -0.000135294 0.000342334 -0.0178444 0.0885293 
0.0102372 -0.0186509 7.5634e-05 -0.000114473 -0.0186509 0.0906484 -0.000114473 0.000282094 7.5634e-05 -0.000114473 0.00967502 -0.0179028 -0.000114473 0.000282094 -0.0179028 0.0886471 
0.0102418 -0.0186313 5.70575e-05 -9.98506e-05 -0.0186313 0.0905564 -9.78129e-05 0.000258797 5.70575e-05 -9.78129e-05 0.00969162 -0.0179242 -9.98506e-05 0.000258797 -0.0179242 0.0887102 
0.0102435 -0.0186507 6.52193e-05 -8.76385e-05 -0.0186507 0.0905734 -8.15242e-05 0.000232344 6.52193e-05 -8.15242e-05 0.00967081 -0.0179027 -8.76385e-05 0.000232344 -0.0179027 0.0886555 
0.0102446 -0.0186404 5.51552e-05 -7.76258e-05 -0.0186404 0.0905546 -7.96686e-05 0.000202236 5.51552e-05 -7.96686e-05 0.00965215 -0.017905 -7.76258e-05 0.000202236 -0.017905 0.0886732 
0.0102411 -0.0186235 5.73156e-05 -7.36915e-05 -0.0186235 0.0905096 -7.36915e-05 0.00019037 5.73156e-05 -7.36915e-05 0.00964745 -0.017907 -7.36915e-05 0.00019037 -0.017907 0.088698 
0.0102224 -0.0186152 9.9006e-05 -8.66303e-05 -0.0186152 0.0904647 -8.86929e-05 0.000220701 9.9006e-05 -8.86929e-05 0.0096304 -0.0178933 -8.66303e-05 0.000220701 -0.0178933 0.0886764 
0.01023 -0.0186098 0.00011977 -0.000138355 -0.0186098 0.0904615 -0.000138355 0.000320075 0.00011977 -0.000138355 0.00958574 -0.0178416 -0.000138355 0.000320075 -0.0178416 0.0885514 
0.0102483 -0.0186169 0.000152193 -0.000170703 -0.0186169 0.0904744 -0.000162476 0.000413388 0.000152193 -0.000162476 0.00958196 -0.0178004 -0.000170703 0.000413388 -0.0178004 0.0884506 
0.0102633 -0.0186532 0.000172734 -0.000183015 -0.0186532 0.0905412 -0.000176846 0.000429778 0.000172734 -0.000176846 0.00956821 -0.0177689 -0.000183015 0.000429778 -0.0177689 0.0883203 
0.0102639 -0.0186776 0.000170825 -0.000211988 -0.0186776 0.0906239 -0.000205814 0.000487779 0.000170825 -0.000205814 0.00956211 -0.0177453 -0.000211988 0.000487779 -0.0177453 0.0882303 
0.0102588 -0.0186569 0.000125559 -0.00019966 -0.0186569 0.0906003 -0.000203777 0.000502237 0.000125559 -0.000203777 0.0095775 -0.0177759 -0.00019966 0.000502237 -0.0177759 0.088297 
0.0102496 -0.0186394 9.46374e-05 -0.000162529 -0.0186394 0.0905535 -0.000168701 0.000471129 9.46374e-05 -0.000168701 0.00959952 -0.0178062 -0.000162529 0.000471129 -0.0178062 0.0883789 
0.0102265 -0.0186426 6.99456e-05 -0.000100804 -0.0186426 0.0905528 -0.00011109 0.000331213 6.99456e-05 -0.00011109 0.00961752 -0.0178053 -0.000100804 0.000331213 -0.0178053 0.0883783 
0.0101901 -0.0185995 6.79339e-05 -7.61684e-05 -0.0185995 0.0904757 -7.8227e-05 0.000226446 6.79339e-05 -7.8227e-05 0.00964044 -0.0178337 -7.61684e-05 0.000226446 -0.0178337 0.0884315 
0.0101539 -0.0185401 9.05497e-05 -8.23179e-05 -0.0185401 0.0903027 -8.64338e-05 0.000211969 9.05497e-05 -8.64338e-05 0.00965795 -0.0178712 -8.23179e-05 0.000211969 -0.0178712 0.0885309 
0.0101246 -0.0184906 0.000112998 -0.000115052 -0.0184906 0.0901538 -0.000112998 0.000252704 0.000112998 -0.000112998 0.00966645 -0.0178906 -0.000115052 0.000252704 -0.0178906 0.0885862 
0.0101062 -0.0184487 0.00013141 -0.000162209 -0.0184487 0.0900239 -0.000153996 0.00036959 0.00013141 -0.000153996 0.00966889 -0.0179046 -0.000162209 0.00036959 -0.0179046 0.0886359 
0.0101051 -0.0184462 0.00013775 -0.000170646 -0.0184462 0.0899961 -0.000162422 0.000405026 0.00013775 -0.000162422 0.00966101 -0.0178911 -0.000170646 0.000405026 -0.0178911 0.0886083 
0.0101185 -0.0184577 9.42977e-05 -0.000151696 -0.0184577 0.0900399 -0.000143496 0.000360791 9.42977e-05 -0.000143496 0.00966141 -0.0178797 -0.000151696 0.000360791 -0.0178797 0.0885947 
0.0101227 -0.018461 6.54792e-05 -0.00010845 -0.018461 0.090038 -0.000104357 0.000302841 6.54792e-05 -0.000104357 0.00967659 -0.0179024 -0.00010845 0.000302841 -0.0179024 0.0886281 
0.0101304 -0.018477 6.56085e-05 -9.22619e-05 -0.018477 0.0900784 -9.63624e-05 0.000258333 6.56085e-05 -9.63624e-05 0.0096629 -0.0179009 -9.22619e-05 0.000258333 -0.0179009 0.088637 
0.0101414 -0.0184734 7.81377e-05 -8.63627e-05 -0.0184734 0.0900722 -8.8419e-05 0.000236469 7.81377e-05 -8.8419e-05 0.00963355 -0.0178935 -8.63627e-05 0.000236469 -0.0178935 0.0886431 
0.0101284 -0.0184772 7.818e-05 -9.66963e-05 -0.0184772 0.0900654 -8.84668e-05 0.000224253 7.818e-05 -8.84668e-05 0.00963465 -0.0178744 -9.66963e-05 0.000224253 -0.0178744 0.0886335 
0.0101381 -0.0184844 9.0519e-05 -0.000109034 -0.0184844 0.0901075 -9.66907e-05 0.000253042 9.0519e-05 -9.66907e-05 0.00962998 -0.0178466 -0.000109034 0.000253042 -0.0178466 0.0885522 
0.0101435 -0.0184894 0.00011723 -0.00012957 -0.0184894 0.090127 -0.0001234 0.000310556 0.00011723 -0.0001234 0.00962106 -0.0178456 -0.00012957 0.000310556 -0.0178456 0.0885146 
0.0101625 -0.0185051 0.00013747 -0.000162092 -0.0185051 0.0901703 -0.000166195 0.000395997 0.00013747 -0.000166195 0.00960856 -0.017826 -0.000162092 0.000395997 -0.017826 0.0884632 
0.0101578 -0.01852 0.000166791 -0.000175027 -0.01852 0.0901968 -0.000179146 0.000438598 0.000166791 -0.000179146 0.00960798 -0.0178199 -0.000175027 0.000438598 -0.0178199 0.088428 
0.0101162 -0.0185025 0.000163465 -0.000202779 -0.0185025 0.0901642 -0.000204848 0.000488325 0.000163465 -0.000204848 0.00962993 -0.0178301 -0.000202779 0.000488325 -0.0178301 0.0884551 
0.0100952 -0.0184475 0.000153177 -0.000200787 -0.0184475 0.0900704 -0.000196647 0.000496792 0.000153177 -0.000196647 0.00965225 -0.0178659 -0.000200787 0.000496792 -0.0178659 0.0885345 
0.010086 -0.0184305 0.000161708 -0.000194878 -0.0184305 0.0900007 -0.000188659 0.000495489 0.000161708 -0.000188659 0.00966929 -0.0178874 -0.000194878 0.000495489 -0.0178874 0.0885951 
0.0100918 -0.0184291 0.00015275 -0.000183713 -0.0184291 0.0899988 -0.000177521 0.000452058 0.00015275 -0.000177521 0.00968313 -0.0178883 -0.000183713 0.000452058 -0.0178883 0.0885993 
0.0101093 -0.0184373 0.000140036 -0.000197697 -0.0184373 0.0899996 -0.000197697 0.000483946 0.000140036 -0.000197697 0.00968099 -0.0178998 -0.000197697 0.000483946 -0.0178998 0.0886137 
0.0101397 -0.0184594 0.000141743 -0.000168448 -0.0184594 0.0900415 -0.000164339 0.000443716 0.000141743 -0.000164339 0.00967753 -0.017913 -0.000168448 0.000443716 -0.017913 0.0886569 
0.0101677 -0.018494 0.000157718 -0.000182297 -0.018494 0.0901123 -0.000180249 0.000444478 0.000157718 -0.000180249 0.00966177 -0.0179 -0.000182297 0.000444478 -0.0179 0.0886437 
0.0101735 -0.0185444 0.000153462 -0.000194386 -0.0185444 0.0902257 -0.000194386 0.000476757 0.000153462 -0.000194386 0.00966404 -0.0178733 -0.000194386 0.000476757 -0.0178733 0.0885887 
0.0101177 -0.0185304 0.00015985 -0.00019469 -0.0185304 0.0902397 -0.000196739 0.000493897 0.00015985 -0.000196739 0.00970169 -0.0178951 -0.00019469 0.000493897 -0.0178951 0.0886023 
0.0100951 -0.0184729 0.00013714 -0.000184217 -0.0184729 0.0901642 -0.000188311 0.000468731 0.00013714 -0.000188311 0.00972259 -0.0179407 -0.000184217 0.000468731 -0.0179407 0.0886905 
0.0100888 -0.0184579 0.000141605 -0.00018265 -0.0184579 0.0901037 -0.00018265 0.000467911 0.000141605 -0.00018265 0.00971326 -0.0179428 -0.00018265 0.000467911 -0.0179428 0.0887184 
0.0100842 -0.018435 0.000139659 -0.000184843 -0.018435 0.0900493 -0.000184843 0.00047443 0.000139659 -0.000184843 0.00971247 -0.0179524 -0.000184843 0.00047443 -0.0179524 0.0887616 
0.0101173 -0.0184343 0.000161794 -0.000167938 -0.0184343 0.0900437 -0.000169987 0.000432134 0.000161794 -0.000169987 0.00969947 -0.0179592 -0.000167938 0.000432134 -0.0179592 0.0887944 
0.0101569 -0.0184717 0.000188091 -0.000208535 -0.0184717 0.0900852 -0.000204446 0.000480449 0.000188091 -0.000204446 0.00968871 -0.0179524 -0.000208535 0.000480449 -0.0179524 0.0887992 
0.0101689 -0.0185102 0.000210785 -0.000253761 -0.0185102 0.0901486 -0.000251714 0.000603705 0.000210785 -0.000251714 0.00967975 -0.0179433 -0.000253761 0.000603705 -0.0179433 0.0887877 
0.0101797 -0.0185261 0.000235832 -0.000282998 -0.0185261 0.0902189 -0.000280947 0.000699292 0.000235832 -0.000280947 0.00966089 -0.0179273 -0.000282998 0.000699292 -0.0179273 0.0887568 
0.0101787 -0.0185507 0.000226103 -0.000281601 -0.0185507 0.090285 -0.000281601 0.000696808 0.000226103 -0.000281601 0.00964432 -0.0178889 -0.000281601 0.000696808 -0.0178889 0.0886694 
0.0101688 -0.0185655 0.000237914 -0.000278933 -0.0185655 0.0903518 -0.000276882 0.000697333 0.000237914 -0.000276882 0.00966216 -0.0178661 -0.000278933 0.000697333 -0.0178661 0.0885879 
0.0101526 -0.0185488 0.000225704 -0.000293415 -0.0185488 0.0903329 -0.000285208 0.000714045 0.000225704 -0.000285208 0.00967039 -0.0178799 -0.000293415 0.000714045 -0.0178799 0.0885601 
0.0101404 -0.0185363 0.000229857 -0.000287322 -0.0185363 0.0903031 -0.000285269 0.000724461 0.000229857 -0.000285269 0.00966016 -0.0178632 -0.000287322 0.000724461 -0.0178632 0.0885053 
0.0101299 -0.018529 0.000223785 -0.000275112 -0.018529 0.0902859 -0.000271005 0.000687779 0.000223785 -0.000271005 0.00964533 -0.0178432 -0.000275112 0.000687779 -0.0178432 0.0884443 
0.0101049 -0.018472 0.000238005 -0.000305713 -0.018472 0.0901423 -0.000299558 0.00075505 0.000238005 -0.000299558 0.00965561 -0.0178688 -0.000305713 0.00075505 -0.0178688 0.088505 
0.010081 -0.0184289 0.000229439 -0.000297042 -0.0184289 0.0900159 -0.000292945 0.000751823 0.000229439 -0.000292945 0.00967741 -0.0178942 -0.000297042 0.000751823 -0.0178942 0.0885983 
0.0100527 -0.018383 0.00020759 -0.00026925 -0.018383 0.089868 -0.000271306 0.000690596 0.00020759 -0.000271306 0.00970946 -0.0179576 -0.00026925 0.000690596 -0.0179576 0.0887642 
0.0100476 -0.018365 0.000220125 -0.000271556 -0.018365 0.0898008 -0.000271556 0.000697406 0.000220125 -0.000271556 0.00971431 -0.0179721 -0.000271556 0.000697406 -0.0179721 0.0888401 
0.0100365 -0.018343 0.000228618 -0.000280108 -0.018343 0.0897272 -0.000275989 0.000696151 0.000228618 -0.000275989 0.00971522 -0.0179825 -0.000280108 0.000696151 -0.0179825 0.0888849 
0.0100405 -0.0183418 0.0002223 -0.000294342 -0.0183418 0.0897083 -0.000290225 0.000724533 0.0002223 -0.000290225 0.00970298 -0.0179672 -0.000294342 0.000724533 -0.0179672 0.0888624 
0.0100627 -0.0183939 0.000213358 -0.000274903 -0.0183939 0.0898462 -0.0002708 0.000703671 0.000213358 -0.0002708 0.00969137 -0.0179056 -0.000274903 0.000703671 -0.0179056 0.0887035 
0.0100681 -0.0184155 0.000229145 -0.000268018 -0.0184155 0.0899375 -0.000270064 0.000693573 0.000229145 -0.000270064 0.0096998 -0.0179061 -0.000268018 0.000693573 -0.0179061 0.0886342 
0.0100615 -0.0184205 0.000245853 -0.000282731 -0.0184205 0.089976 -0.000286828 0.00070068 0.000245853 -0.000286828 0.00970914 -0.0179165 -0.000282731 0.00070068 -0.0179165 0.0886422 
0.0100501 -0.01837 0.000250687 -0.000314386 -0.01837 0.0898692 -0.000314386 0.000770554 0.000250687 -0.000314386 0.00972336 -0.0179816 -0.000314386 0.000770554 -0.0179816 0.0888109 
0.010028 -0.018351 0.00023297 -0.000313376 -0.018351 0.0897883 -0.000309252 0.000781377 0.00023297 -0.000309252 0.00973938 -0.0180047 -0.000313376 0.000781377 -0.0180047 0.0889141 
0.0100359 -0.018341 0.000226916 -0.000299117 -0.018341 0.0897619 -0.000292928 0.000757076 0.000226916 -0.000292928 0.00972853 -0.0180068 -0.000299117 0.000757076 -0.0180068 0.0889409 
0.0100561 -0.0183555 0.000228876 -0.000276301 -0.0183555 0.0897731 -0.000278363 0.000709311 0.000228876 -0.000278363 0.00971384 -0.0179802 -0.000276301 0.000709311 -0.0179802 0.0888886 
0.0100823 -0.0183883 0.000218687 -0.000272328 -0.0183883 0.0898475 -0.000274391 0.000680819 0.000218687 -0.000274391 0.00967795 -0.0179386 -0.000272328 0.000680819 -0.0179386 0.0887727 
0.0100958 -0.0184133 0.00022898 -0.000268175 -0.0184133 0.0899088 -0.000276427 0.000678689 0.00022898 -0.000276427 0.00965636 -0.0179017 -0.000268175 0.000678689 -0.0179017 0.088669 
0.0100886 -0.0184064 0.000229099 -0.000274506 -0.0184064 0.0898978 -0.000282762 0.000681106 0.000229099 -0.000282762 0.00966345 -0.0179048 -0.000274506 0.000681106 -0.0179048 0.0886573 
0.0100668 -0.0184191 0.00021996 -0.00026313 -0.0184191 0.0899351 -0.000269297 0.00065577 0.00021996 -0.000269297 0.00971526 -0.0179052 -0.00026313 0.00065577 -0.0179052 0.0886585 
0.0100944 -0.0184238 0.000206802 -0.000260038 -0.0184238 0.0899832 -0.000264133 0.000647023 0.000206802 -0.000264133 0.00972786 -0.0179487 -0.000260038 0.000647023 -0.0179487 0.0887035 
0.0101217 -0.0184567 0.000159816 -0.00024792 -0.0184567 0.0900543 -0.000241773 0.000610579 0.000159816 -0.000241773 0.0097201 -0.017965 -0.00024792 0.000610579 -0.017965 0.0887573 
0.0101413 -0.0184985 0.000145933 -0.000203483 -0.0184985 0.0901535 -0.000199373 0.0005529 0.000145933 -0.000199373 0.00969527 -0.0179456 -0.000203483 0.0005529 -0.0179456 0.0887435 
0.010129 -0.0185224 0.000170875 -0.000216167 -0.0185224 0.0902301 -0.000218226 0.000578504 0.000170875 -0.000218226 0.00969251 -0.0179151 -0.000216167 0.000578504 -0.0179151 0.088684 
0.0101488 -0.018487 0.00019936 -0.000226078 -0.018487 0.0901866 -0.000232244 0.000591913 0.00019936 -0.000232244 0.00967613 -0.0179321 -0.000226078 0.000591913 -0.0179321 0.088713 
0.0101639 -0.0185057 0.00024595 -0.000262347 -0.0185057 0.0901858 -0.000268495 0.000651768 0.00024595 -0.000268495 0.00968428 -0.0179298 -0.000262347 0.000651768 -0.0179298 0.0887429 
0.0101876 -0.0185392 0.00022898 -0.000296448 -0.0185392 0.0902448 -0.000302581 0.000713519 0.00022898 -0.000302581 0.00968464 -0.01793 -0.000296448 0.000713519 -0.01793 0.088734 
0.0101819 -0.0185601 0.00021399 -0.000277169 -0.0185601 0.0902938 -0.000281245 0.000723492 0.00021399 -0.000281245 0.00971924 -0.0179426 -0.000277169 0.000723492 -0.0179426 0.0887755 
0.010189 -0.0185568 0.000217478 -0.000243901 -0.0185568 0.0903308 -0.000243901 0.000634142 0.000217478 -0.000243901 0.00975197 -0.0179979 -0.000243901 0.000634142 -0.0179979 0.0888816 
0.0102121 -0.018558 0.000217755 -0.000258456 -0.018558 0.0903335 -0.000256421 0.000620702 0.000217755 -0.000256421 0.00973994 -0.018039 -0.000258456 0.000620702 -0.018039 0.0890087 
0.0102159 -0.0186016 0.000242799 -0.000283605 -0.0186016 0.090419 -0.000277484 0.000685549 0.000242799 -0.000277484 0.00974051 -0.0180202 -0.000283605 0.000685549 -0.0180202 0.0890173 
0.0101993 -0.0185985 0.000251304 -0.000316684 -0.0185985 0.090447 -0.000308511 0.000766171 0.000251304 -0.000308511 0.00974774 -0.0180163 -0.000316684 0.000766171 -0.0180163 0.0889984 
0.0101854 -0.0185991 0.000246075 -0.000336302 -0.0185991 0.0904755 -0.000328099 0.000834603 0.000246075 -0.000328099 0.00973225 -0.0179922 -0.000336302 0.000834603 -0.0179922 0.088917 
0.0101709 -0.018572 0.000206901 -0.000288843 -0.018572 0.0904303 -0.000288843 0.000743616 0.000206901 -0.000288843 0.0097551 -0.0180004 -0.000288843 0.000743616 -0.0180004 0.0889369 
0.0101522 -0.0185469 0.000218656 -0.000251352 -0.0185469 0.090352 -0.000251352 0.000664142 0.000218656 -0.000251352 0.00977209 -0.0180095 -0.000251352 0.000664142 -0.0180095 0.088944 
