0.00741304 0 -0.00041915 0 0 0.00998705 0 0 -0.00041915 0 0.00724377 0 0 0 0 0.00998705 
0.010439 -0.0129581 -0.000490095 0.000600367 -0.0129581 0.0340347 0.000600367 -0.00115172 -0.000490095 0.000600367 0.010243 -0.0127253 0.000600367 -0.00115172 -0.0127253 0.0335862 
0.0104568 -0.0195915 -0.000378109 0.000605976 -0.0195915 0.0718357 0.000605976 -0.00193562 -0.000378109 0.000605976 0.0103141 -0.0193161 0.000605976 -0.00193562 -0.0193161 0.0709793 
0.00984487 -0.019181 -0.000341566 0.000465112 -0.019181 0.0857526 0.000465112 -0.00157944 -0.000341566 0.000465112 0.00977219 -0.0190114 0.000465112 -0.00157944 -0.0190114 0.0851736 
0.00983291 -0.0183952 -0.000403555 0.000440451 -0.0183952 0.0885215 0.000433533 -0.00117607 -0.000403555 0.000433533 0.00973605 -0.018356 0.000440451 -0.00117607 -0.018356 0.0884247 
0.0100272 -0.0183057 -0.000456484 0.000542488 -0.0183057 0.08929 0.000529257 -0.0012195 -0.000456484 0.000529257 0.00984418 -0.0182307 0.000542488 -0.0012195 -0.0182307 0.0892768 
0.0101723 -0.0184579 -0.000467424 0.000604023 -0.0184579 0.0898714 0.000595486 -0.00140014 -0.000467424 0.000595486 0.00991623 -0.0182658 0.000604023 -0.00140014 -0.0182658 0.0896217 
0.0102274 -0.018593 -0.000472737 0.00060602 -0.018593 0.0903178 0.000603938 -0.00150776 -0.000472737 0.000603938 0.00996081 -0.0182597 0.00060602 -0.00150776 -0.0182597 0.0896618 
0.0102304 -0.0186214 -0.000469567 0.000604312 -0.0186214 0.0904835 0.000596146 -0.00151691 -0.000469567 0.000596146 0.0100222 -0.0183009 0.000604312 -0.00151691 -0.0183009 0.0897077 
0.0102029 -0.0186076 -0.000484889 0.00060207 -0.0186076 0.0904701 0.00060005 -0.00153346 -0.000484889 0.00060005 0.0100756 -0.0183712 0.00060207 -0.00153346 -0.0183712 0.0898256 
0.0101942 -0.0185976 -0.000502475 0.00060297 -0.0185976 0.0904676 0.00060297 -0.00152149 -0.000502475 0.00060297 0.0101018 -0.0184408 0.00060297 -0.00152149 -0.0184408 0.0899752 
0.0101841 -0.0186046 -0.000472178 0.000585178 -0.0186046 0.0904907 0.000585178 -0.00144478 -0.000472178 0.000585178 0.0100832 -0.0184634 0.000585178 -0.00144478 -0.0184634 0.0900709 
0.0101798 -0.0185762 -0.000440319 0.000573626 -0.0185762 0.0904471 0.000569587 -0.00142801 -0.000440319 0.000569587 0.0100728 -0.0184752 0.000573626 -0.00142801 -0.0184752 0.0901684 
0.0101939 -0.0185839 -0.00042172 0.000538753 -0.0185839 0.090452 0.000530682 -0.00136202 -0.00042172 0.000530682 0.0100446 -0.0184508 0.000538753 -0.00136202 -0.0184508 0.0901432 
0.0101814 -0.0185838 -0.000397601 0.000517286 -0.0185838 0.0904359 0.000511201 -0.00130032 -0.000397601 0.000511201 0.010013 -0.0184195 0.000517286 -0.00130032 -0.0184195 0.0900809 
0.0101755 -0.0185948 -0.000390272 0.000502068 -0.0185948 0.0904739 0.000500036 -0.00127042 -0.000390272 0.000500036 0.00998648 -0.018355 0.000502068 -0.00127042 -0.018355 0.0899231 
0.0101613 -0.0185664 -0.000390272 0.000491905 -0.0185664 0.0904292 0.000491905 -0.00124196 -0.000390272 0.000491905 0.00997835 -0.0183306 0.000491905 -0.00124196 -0.0183306 0.0898519 
0.0101544 -0.0185409 -0.000396943 0.000494153 -0.0185409 0.0903531 0.000496178 -0.00124348 -0.000396943 0.000496178 0.00998432 -0.0183302 0.000494153 -0.00124348 -0.0183302 0.0898285 
0.0101606 -0.0185365 -0.0004002 0.000485091 -0.0185365 0.0903319 0.000493175 -0.00122687 -0.0004002 0.000493175 0.00999287 -0.0183465 0.000485091 -0.00122687 -0.0183465 0.0898469 
0.0101599 -0.018527 -0.000404697 0.000495754 -0.018527 0.0902838 0.000499801 -0.00123837 -0.000404697 0.000499801 0.0099859 -0.0183631 0.000495754 -0.00123837 -0.0183631 0.0898913 
0.0101519 -0.0185437 -0.000414735 0.000495659 -0.0185437 0.0903294 0.000501729 -0.00123814 -0.000414735 0.000501729 0.00999007 -0.0183475 0.000495659 -0.00123814 -0.0183475 0.0898863 
0.0101471 -0.0185505 -0.000410024 0.000507456 -0.0185505 0.0903596 0.000513545 -0.00126458 -0.000410024 0.000513545 0.00998875 -0.0183455 0.000507456 -0.00126458 -0.0183455 0.0898623 
0.0101553 -0.0185461 -0.000401107 0.000494293 -0.0185461 0.0903706 0.000506448 -0.00125397 -0.000401107 0.000506448 0.00999121 -0.0183436 0.000494293 -0.00125397 -0.0183436 0.0898662 
0.0101464 -0.0185462 -0.000411912 0.000492679 -0.0185462 0.0903643 0.000496718 -0.00123574 -0.000411912 0.000496718 0.0100232 -0.0183543 0.000492679 -0.00123574 -0.0183543 0.0898938 
0.0101125 -0.0185483 -0.000417135 0.000496107 -0.0185483 0.0903705 0.000496107 -0.00123116 -0.000417135 0.000496107 0.0100416 -0.018362 0.000496107 -0.00123116 -0.018362 0.0898784 
0.0100785 -0.0184863 -0.000412071 0.000515596 -0.0184863 0.0902638 0.000515596 -0.00126057 -0.000412071 0.000515596 0.0100561 -0.0184051 0.000515596 -0.00126057 -0.0184051 0.0899694 
0.0101017 -0.0184389 -0.000389855 0.000485288 -0.0184389 0.0901336 0.000487319 -0.0012122 -0.000389855 0.000487319 0.0100266 -0.0184328 0.000485288 -0.0012122 -0.0184328 0.0900646 
0.0101275 -0.0184594 -0.000378997 0.000476279 -0.0184594 0.0900958 0.000472226 -0.00118563 -0.000378997 0.000472226 0.0100079 -0.0184087 0.000476279 -0.00118563 -0.0184087 0.0900735 
0.0101477 -0.0185014 -0.000352716 0.000458125 -0.0185014 0.0901736 0.000452044 -0.00113923 -0.000352716 0.000452044 0.00998753 -0.0183615 0.000458125 -0.00113923 -0.0183615 0.0899547 
0.0101498 -0.0185137 -0.000340967 0.000444474 -0.0185137 0.0902242 0.000436356 -0.00111423 -0.000340967 0.000436356 0.00996921 -0.0183391 0.000444474 -0.00111423 -0.0183391 0.0898731 
0.010134 -0.0185315 -0.000321261 0.000435126 -0.0185315 0.0902804 0.000429026 -0.00109798 -0.000321261 0.000429026 0.00996316 -0.0183017 0.000435126 -0.00109798 -0.0183017 0.0897721 
0.0101213 -0.0185089 -0.00031502 0.000426801 -0.0185089 0.0902704 0.000420703 -0.00108733 -0.00031502 0.000420703 0.00996478 -0.0182915 0.000426801 -0.00108733 -0.0182915 0.0897135 
0.0101127 -0.0184925 -0.000317292 0.000398649 -0.0184925 0.0902229 0.000400683 -0.00103527 -0.000317292 0.000400683 0.00994793 -0.018283 0.000398649 -0.00103527 -0.018283 0.0896697 
0.010125 -0.018464 -0.000340079 0.000401171 -0.018464 0.0901432 0.000405243 -0.00100802 -0.000340079 0.000405243 0.00991522 -0.0182869 0.000401171 -0.00100802 -0.0182869 0.0896871 
0.0101433 -0.0184777 -0.000340969 0.000404263 -0.0184777 0.0901282 0.000404263 -0.000992282 -0.000340969 0.000404263 0.00988811 -0.0182613 0.000404263 -0.000992282 -0.0182613 0.0896688 
0.0101114 -0.0184958 -0.000353176 0.000445042 -0.0184958 0.090166 0.000453208 -0.00108811 -0.000353176 0.000453208 0.00991342 -0.0182222 0.000445042 -0.00108811 -0.0182222 0.0895923 
0.0100766 -0.0184587 -0.000333974 0.000430273 -0.0184587 0.0901054 0.00043642 -0.00108388 -0.000333974 0.00043642 0.00992702 -0.0182477 0.000430273 -0.00108388 -0.0182477 0.089587 
0.0100813 -0.0184441 -0.000338367 0.000420396 -0.0184441 0.0900877 0.000426548 -0.00107662 -0.000338367 0.000426548 0.00991108 -0.0182329 0.000420396 -0.00107662 -0.0182329 0.0895422 
0.0100731 -0.018449 -0.000371718 0.00042482 -0.018449 0.0900945 0.000430947 -0.00108656 -0.000371718 0.000430947 0.00993017 -0.0182142 0.00042482 -0.00108656 -0.0182142 0.0894982 
0.0101053 -0.018466 -0.000394929 0.000468215 -0.018466 0.090164 0.00046618 -0.00114204 -0.000394929 0.00046618 0.00993227 -0.0182258 0.000468215 -0.00114204 -0.0182258 0.0894759 
0.0101321 -0.0184877 -0.000428859 0.00051829 -0.0184877 0.0901925 0.000510159 -0.00126625 -0.000428859 0.000510159 0.00993083 -0.0182499 0.00051829 -0.00126625 -0.0182499 0.0895259 
0.0101327 -0.0185014 -0.000412543 0.000550735 -0.0185014 0.0902148 0.00054667 -0.00135956 -0.000412543 0.00054667 0.00992948 -0.0182616 0.000550735 -0.00135956 -0.0182616 0.0895868 
0.0101499 -0.0184989 -0.000373142 0.000498874 -0.0184989 0.0902192 0.000500902 -0.00129383 -0.000373142 0.000500902 0.00993693 -0.018288 0.000498874 -0.00129383 -0.018288 0.0896737 
0.0101546 -0.0185372 -0.000362521 0.000447582 -0.0185372 0.0903022 0.000453658 -0.00116857 -0.000362521 0.000453658 0.0099501 -0.0182719 0.000447582 -0.00116857 -0.0182719 0.0896724 
0.0101611 -0.0185452 -0.000371229 0.000419915 -0.0185452 0.0903426 0.000419915 -0.0010508 -0.000371229 0.000419915 0.0099603 -0.0182998 0.000419915 -0.0010508 -0.0182998 0.089736 
0.0101683 -0.0185625 -0.000387981 0.00044052 -0.0185625 0.0903914 0.00044254 -0.00106088 -0.000387981 0.00044254 0.00998848 -0.0183119 0.00044052 -0.00106088 -0.0183119 0.0897791 
0.010149 -0.0185634 -0.00037604 0.00048117 -0.0185634 0.0904073 0.00048117 -0.0011544 -0.00037604 0.00048117 0.0100116 -0.0183411 0.00048117 -0.0011544 -0.0183411 0.089819 
0.0101399 -0.0185361 -0.000378702 0.000490085 -0.0185361 0.090366 0.000490085 -0.00123129 -0.000378702 0.000490085 0.0100062 -0.018362 0.000490085 -0.00123129 -0.018362 0.0898698 
0.0101276 -0.0184963 -0.000372845 0.000484293 -0.0184963 0.0902467 0.000478214 -0.0012239 -0.000372845 0.000478214 0.00999994 -0.0183829 0.000484293 -0.0012239 -0.0183829 0.0899528 
0.0101474 -0.018495 -0.000394328 0.00047926 -0.018495 0.0902162 0.000473194 -0.00121938 -0.000394328 0.000473194 0.00996942 -0.0183555 0.00047926 -0.00121938 -0.0183555 0.0899169 
0.0101352 -0.0185552 -0.000396427 0.000483399 -0.0185552 0.0903349 0.000481376 -0.00120142 -0.000396427 0.000481376 0.00997136 -0.0182862 0.000483399 -0.00120142 -0.0182862 0.0897463 
0.0101258 -0.0185413 -0.000369688 0.000479376 -0.0185413 0.0903664 0.000483438 -0.00119844 -0.000369688 0.000483438 0.00994501 -0.0182792 0.000479376 -0.00119844 -0.0182792 0.0896473 
0.0101279 -0.0185151 -0.000353442 0.000469224 -0.0185151 0.0903084 0.000467193 -0.00119033 -0.000353442 0.000467193 0.00991668 -0.018253 0.000469224 -0.00119033 -0.018253 0.0895995 
0.0101274 -0.0185118 -0.000336763 0.000432689 -0.0185118 0.0902586 0.00043473 -0.0011205 -0.000336763 0.00043473 0.0098743 -0.0182179 0.000432689 -0.0011205 -0.0182179 0.0895177 
0.0101225 -0.018492 -0.000346102 0.000413286 -0.018492 0.0902063 0.000407179 -0.00103831 -0.000346102 0.000407179 0.00987815 -0.0181988 0.000413286 -0.00103831 -0.0181988 0.0894958 
0.0101139 -0.0184726 -0.000344562 0.000405367 -0.0184726 0.0901415 0.00040334 -0.000987069 -0.000344562 0.00040334 0.00993149 -0.0182294 0.000405367 -0.000987069 -0.0182294 0.0895679 
0.010077 -0.018444 -0.000348881 0.000415817 -0.018444 0.0900559 0.000413789 -0.00101216 -0.000348881 0.000413789 0.00997556 -0.018296 0.000415817 -0.00101216 -0.018296 0.0896989 
0.0100504 -0.0184162 -0.000349083 0.000452591 -0.0184162 0.0899884 0.000452591 -0.00110205 -0.000349083 0.000452591 0.00999961 -0.018337 0.000452591 -0.00110205 -0.018337 0.0898058 
0.0100398 -0.0183856 -0.000358346 0.000445897 -0.0183856 0.0899164 0.000452005 -0.00113612 -0.000358346 0.000452005 0.0099889 -0.0183612 0.000445897 -0.00113612 -0.0183612 0.0898859 
0.00999875 -0.0183806 -0.00034224 0.000454954 -0.0183806 0.0898945 0.000457004 -0.00115173 -0.00034224 0.000457004 0.0099885 -0.0183252 0.000454954 -0.00115173 -0.0183252 0.0898289 
0.00999633 -0.0183488 -0.00033 0.000432484 -0.0183488 0.0898501 0.000438633 -0.00112528 -0.00033 0.000438633 0.00996969 -0.0183078 0.000432484 -0.00112528 -0.0183078 0.0897682 
0.00999918 -0.0183257 -0.000330026 0.00041202 -0.0183257 0.0897856 0.00040997 -0.00105772 -0.000330026 0.00040997 0.00997048 -0.0183072 0.00041202 -0.00105772 -0.0183072 0.0897487 
0.0100321 -0.0183433 -0.00034256 0.00040781 -0.0183433 0.0898037 0.000399653 -0.00101952 -0.00034256 0.000399653 0.00997502 -0.0183025 0.00040781 -0.00101952 -0.0183025 0.0897385 
0.0100584 -0.0183775 -0.000367347 0.000430263 -0.0183775 0.0898559 0.000424174 -0.00104927 -0.000367347 0.000424174 0.00998332 -0.0183126 0.000430263 -0.00104927 -0.0183126 0.0897443 
0.01008 -0.0183995 -0.000383789 0.000469076 -0.0183995 0.0899041 0.000460953 -0.00112294 -0.000383789 0.000460953 0.00996633 -0.0183285 0.000469076 -0.00112294 -0.0183285 0.0897843 
0.0101182 -0.0184512 -0.000384569 0.000485771 -0.0184512 0.0900498 0.000483747 -0.00119621 -0.000384569 0.000483747 0.00996438 -0.0183095 0.000485771 -0.00119621 -0.0183095 0.0897684 
0.0101568 -0.0185028 -0.00038396 0.000489044 -0.0185028 0.0901943 0.000485002 -0.00123069 -0.00038396 0.000485002 0.00994053 -0.0182967 0.000489044 -0.00123069 -0.0182967 0.0897295 
0.010186 -0.0185628 -0.000373965 0.000454822 -0.0185628 0.090356 0.000448758 -0.00114817 -0.000373965 0.000448758 0.00992118 -0.0182616 0.000454822 -0.00114817 -0.0182616 0.0896404 
0.0101866 -0.0185811 -0.000377804 0.000460638 -0.0185811 0.0904385 0.000460638 -0.00114149 -0.000377804 0.000460638 0.00991179 -0.0182437 0.000460638 -0.00114149 -0.0182437 0.0895799 
0.0101758 -0.0185737 -0.000366184 0.000451627 -0.0185737 0.0904393 0.000455696 -0.0011189 -0.000366184 0.000455696 0.00990325 -0.0182543 0.000451627 -0.0011189 -0.0182543 0.0896073 
0.010178 -0.0185689 -0.000388335 0.000457463 -0.0185689 0.0904496 0.000461529 -0.00114671 -0.000388335 0.000461529 0.0099117 -0.0182416 0.000457463 -0.00114671 -0.0182416 0.0896038 
0.0101926 -0.018559 -0.000413955 0.00050121 -0.018559 0.0904147 0.000509327 -0.00124389 -0.000413955 0.000509327 0.00990449 -0.0182506 0.00050121 -0.00124389 -0.0182506 0.0896111 
0.0101636 -0.0185996 -0.000405403 0.000527635 -0.0185996 0.0904822 0.000529672 -0.00131196 -0.000405403 0.000529672 0.00990283 -0.0181942 0.000527635 -0.00131196 -0.0181942 0.0894677 
0.0101263 -0.0185696 -0.000370822 0.000511408 -0.0185696 0.0904703 0.000511408 -0.00130195 -0.000370822 0.000511408 0.0099042 -0.0181825 0.000511408 -0.00130195 -0.0181825 0.0893904 
0.0101206 -0.0185207 -0.000342863 0.000446947 -0.0185207 0.0903649 0.000448988 -0.0011837 -0.000342863 0.000448988 0.0098961 -0.0182024 0.000446947 -0.0011837 -0.0182024 0.0893976 
0.0100834 -0.018475 -0.000324481 0.000420396 -0.018475 0.0902035 0.000416315 -0.00108568 -0.000324481 0.000416315 0.00991196 -0.0182117 0.000420396 -0.00108568 -0.0182117 0.0894587 
0.0100612 -0.0184267 -0.00033585 0.000401382 -0.0184267 0.0900631 0.00040343 -0.00102189 -0.00033585 0.00040343 0.00990553 -0.0182281 0.000401382 -0.00102189 -0.0182281 0.0894959 
0.0100431 -0.0184086 -0.000356414 0.000426058 -0.0184086 0.0899762 0.000426058 -0.00105286 -0.000356414 0.000426058 0.00989971 -0.0182017 0.000426058 -0.00105286 -0.0182017 0.089462 
0.010044 -0.0183667 -0.000340578 0.000424193 -0.0183667 0.0898718 0.000424193 -0.00104825 -0.000340578 0.000424193 0.00990327 -0.0182219 0.000424193 -0.00104825 -0.0182219 0.0894965 
0.0100654 -0.0183703 -0.000349252 0.000410168 -0.0183703 0.0898492 0.000412199 -0.00102948 -0.000349252 0.000412199 0.00990698 -0.0182261 0.000410168 -0.00102948 -0.0182261 0.0895222 
0.0100574 -0.0183867 -0.000349682 0.000445234 -0.0183867 0.0898458 0.000447267 -0.0010958 -0.000349682 0.000447267 0.00990087 -0.0182261 0.000445234 -0.0010958 -0.0182261 0.0895287 
0.0100206 -0.0183926 -0.000326471 0.000436655 -0.0183926 0.0898776 0.000434615 -0.00110592 -0.000326471 0.000434615 0.00991249 -0.0182151 0.000436655 -0.00110592 -0.0182151 0.0895082 
0.0100262 -0.0183647 -0.000307239 0.000405556 -0.0183647 0.0898654 0.000407604 -0.00105076 -0.000307239 0.000407604 0.00988491 -0.0182193 0.000405556 -0.00105076 -0.0182193 0.0894988 
0.0100295 -0.0183386 -0.000296608 0.000362067 -0.0183386 0.0897946 0.000357976 -0.000932782 -0.000296608 0.000357976 0.00989445 -0.018224 0.000362067 -0.000932782 -0.018224 0.0895553 
0.0100254 -0.0183533 -0.000305478 0.000373134 -0.0183533 0.0897921 0.000364934 -0.000926685 -0.000305478 0.000364934 0.00988601 -0.0182077 0.000373134 -0.000926685 -0.0182077 0.0894928 
0.00998513 -0.0183703 -0.000300645 0.000397428 -0.0183703 0.0898497 0.000395369 -0.000978127 -0.000300645 0.000395369 0.00988629 -0.018154 0.000397428 -0.000978127 -0.018154 0.0893349 
0.00995182 -0.0183147 -0.000290579 0.000381256 -0.0183147 0.0897786 0.000383317 -0.000974779 -0.000290579 0.000383317 0.00989824 -0.0181622 0.000381256 -0.000974779 -0.0181622 0.0893026 
0.00995246 -0.0182806 -0.000306859 0.000384597 -0.0182806 0.0896949 0.000386642 -0.000990131 -0.000306859 0.000386642 0.0099095 -0.018166 0.000384597 -0.000990131 -0.018166 0.0892816 
0.00996516 -0.0182783 -0.000325084 0.000392555 -0.0182783 0.0896537 0.000392555 -0.000997743 -0.000325084 0.000392555 0.00989565 -0.0181761 0.000392555 -0.000997743 -0.0181761 0.0892898 
0.00998587 -0.0182887 -0.000321069 0.000421276 -0.0182887 0.089656 0.000419231 -0.00104296 -0.000321069 0.000419231 0.00986726 -0.0181701 0.000421276 -0.00104296 -0.0181701 0.0893002 
0.00998943 -0.0182877 -0.000286289 0.000396714 -0.0182877 0.0896104 0.000390579 -0.0010061 -0.000286289 0.000390579 0.00985242 -0.0181671 0.000396714 -0.0010061 -0.0181671 0.0893241 
0.0100016 -0.0183092 -0.000264548 0.000348629 -0.0183092 0.0896572 0.000344528 -0.000914639 -0.000264548 0.000344528 0.00982724 -0.018141 0.000348629 -0.000914639 -0.018141 0.0892922 
0.00999694 -0.0183243 -0.000289202 0.000352785 -0.0183243 0.0896977 0.000350734 -0.000906576 -0.000289202 0.000350734 0.00983286 -0.0181192 0.000352785 -0.000906576 -0.0181192 0.0892464 
0.00996997 -0.0182937 -0.000293899 0.000349391 -0.0182937 0.0896455 0.000357612 -0.000887864 -0.000293899 0.000357612 0.00985282 -0.0181334 0.000349391 -0.000887864 -0.0181334 0.0892694 
0.00995758 -0.0182607 -0.000339955 0.000385282 -0.0182607 0.0895749 0.000395583 -0.000974536 -0.000339955 0.000395583 0.00983808 -0.0181433 0.000385282 -0.000974536 -0.0181433 0.0892782 
0.00999212 -0.018264 -0.000335403 0.000407422 -0.018264 0.0895587 0.000415652 -0.00100415 -0.000335403 0.000415652 0.00981516 -0.0181261 0.000407422 -0.00100415 -0.0181261 0.0892727 
0.00999033 -0.0182816 -0.000296926 0.000414459 -0.0182816 0.0895583 0.000412397 -0.00103099 -0.000296926 0.000412397 0.00981094 -0.0181063 0.000414459 -0.00103099 -0.0181063 0.0892325 
0.0100078 -0.0183166 -0.000273166 0.000380777 -0.0183166 0.0896605 0.000376638 -0.0009954 -0.000273166 0.000376638 0.00975947 -0.0180517 0.000380777 -0.0009954 -0.0180517 0.0890665 
0.0100144 -0.0183301 -0.00026103 0.000352183 -0.0183301 0.0897051 0.000352183 -0.000928105 -0.00026103 0.000352183 0.0097306 -0.0179986 0.000352183 -0.000928105 -0.0179986 0.0889158 
0.00997722 -0.0183306 -0.000225766 0.00031483 -0.0183306 0.0897225 0.000318973 -0.000830572 -0.000225766 0.000318973 0.00976181 -0.017966 0.00031483 -0.000830572 -0.017966 0.088809 
0.00994276 -0.0182732 -0.00022118 0.00027079 -0.0182732 0.0896192 0.00027079 -0.000706949 -0.00022118 0.00027079 0.00980013 -0.0180148 0.00027079 -0.000706949 -0.0180148 0.0888668 
0.00996429 -0.0182285 -0.000232301 0.000267249 -0.0182285 0.0895018 0.000271361 -0.000666068 -0.000232301 0.000271361 0.00981011 -0.0180763 0.000267249 -0.000666068 -0.0180763 0.0890105 
0.00999185 -0.0182702 -0.000266778 0.000291403 -0.0182702 0.0895327 0.000295508 -0.000707987 -0.000266778 0.000295508 0.009801 -0.0180691 0.000291403 -0.000707987 -0.0180691 0.0890463 
0.0100208 -0.0182977 -0.000288944 0.000340175 -0.0182977 0.0895952 0.000346323 -0.000813551 -0.000288944 0.000346323 0.00977286 -0.01806 0.000340175 -0.000813551 -0.01806 0.0890296 
0.0100241 -0.0183001 -0.000296814 0.000384834 -0.0183001 0.0895906 0.000384834 -0.000941616 -0.000296814 0.000384834 0.00977233 -0.0180647 0.000384834 -0.000941616 -0.0180647 0.0890891 
0.0100338 -0.0183285 -0.000290183 0.000373969 -0.0183285 0.0896625 0.000376012 -0.000960466 -0.000290183 0.000376012 0.00976814 -0.0180547 0.000373969 -0.000960466 -0.0180547 0.0890781 
0.0100375 -0.0183524 -0.000288129 0.00034739 -0.0183524 0.089741 0.000349433 -0.000899126 -0.000288129 0.000349433 0.00978208 -0.01805 0.00034739 -0.000899126 -0.01805 0.0890666 
0.0100328 -0.0183689 -0.000265742 0.000347509 -0.0183689 0.0898127 0.000349553 -0.000874905 -0.000265742 0.000349553 0.00979566 -0.01805 0.000347509 -0.000874905 -0.01805 0.0890522 
0.0100056 -0.0183757 -0.000253514 0.000339382 -0.0183757 0.0898789 0.00034347 -0.000877076 -0.000253514 0.00034347 0.00981549 -0.0180486 0.000339382 -0.000877076 -0.0180486 0.0890141 
0.00999493 -0.0183605 -0.000255546 0.0003087 -0.0183605 0.0898746 0.000310744 -0.000805482 -0.000255546 0.000310744 0.00983342 -0.0180722 0.0003087 -0.000805482 -0.0180722 0.0890364 
0.01001 -0.0183472 -0.000264446 0.000327995 -0.0183472 0.0898461 0.000325945 -0.000824088 -0.000264446 0.000325945 0.00980706 -0.0180807 0.000327995 -0.000824088 -0.0180807 0.0890568 
0.0100391 -0.01834 -0.000256833 0.000336965 -0.01834 0.0898074 0.000332856 -0.000848577 -0.000256833 0.000332856 0.00977199 -0.018077 0.000336965 -0.000848577 -0.018077 0.0891027 
0.0100442 -0.0183794 -0.0002509 0.00031671 -0.0183794 0.0898591 0.000324936 -0.000826735 -0.0002509 0.000324936 0.00976658 -0.0180339 0.00031671 -0.000826735 -0.0180339 0.0890344 
0.0100518 -0.0183799 -0.000255049 0.000314697 -0.0183799 0.089884 0.000314697 -0.000806282 -0.000255049 0.000314697 0.00975561 -0.0180262 0.000314697 -0.000806282 -0.0180262 0.0889831 
0.0100575 -0.0183932 -0.000259523 0.000315135 -0.0183932 0.089898 0.000315135 -0.000790927 -0.000259523 0.000315135 0.00974653 -0.018006 0.000315135 -0.000790927 -0.018006 0.0889381 
0.0100278 -0.0183801 -0.000264106 0.000323942 -0.0183801 0.0898682 0.000317752 -0.000794381 -0.000264106 0.000317752 0.00976367 -0.0180005 0.000323942 -0.000794381 -0.0180005 0.0889212 
0.0100181 -0.0183462 -0.000268582 0.000330562 -0.0183462 0.0898034 0.000324364 -0.000809877 -0.000268582 0.000324364 0.00975571 -0.0180177 0.000330562 -0.000809877 -0.0180177 0.0889212 
0.0100175 -0.018314 -0.000285445 0.000349567 -0.018314 0.0896981 0.000341293 -0.000850131 -0.000285445 0.000341293 0.00974651 -0.0180286 0.000349567 -0.000850131 -0.0180286 0.0889555 
0.0100124 -0.0183129 -0.000256675 0.000364313 -0.0183129 0.0896521 0.000364313 -0.000906643 -0.000256675 0.000364313 0.0097433 -0.0180066 0.000364313 -0.000906643 -0.0180066 0.0889462 
0.00998129 -0.0183204 -0.000235486 0.000307784 -0.0183204 0.0896601 0.000311915 -0.000826265 -0.000235486 0.000311915 0.00977678 -0.0179919 0.000307784 -0.000826265 -0.0179919 0.0888958 
0.00996222 -0.0182822 -0.000224309 0.000279872 -0.0182822 0.0896065 0.000283988 -0.000734665 -0.000224309 0.000283988 0.00981405 -0.0180353 0.000279872 -0.000734665 -0.0180353 0.0889315 
0.00993629 -0.018257 -0.000245213 0.000296729 -0.018257 0.0895399 0.000298789 -0.000758306 -0.000245213 0.000298789 0.00982295 -0.0180634 0.000296729 -0.000758306 -0.0180634 0.0889918 
0.00993373 -0.0182376 -0.000266137 0.00032803 -0.0182376 0.0894964 0.000325967 -0.00081698 -0.000266137 0.000325967 0.00980582 -0.0180705 0.00032803 -0.00081698 -0.0180705 0.0890137 
0.00996497 -0.018234 -0.000276461 0.000348671 -0.018234 0.0894825 0.000348671 -0.000878898 -0.000276461 0.000348671 0.00977103 -0.0180525 0.000348671 -0.000878898 -0.0180525 0.0890101 
0.0099517 -0.0182272 -0.000266287 0.000348856 -0.0182272 0.0894146 0.000342664 -0.000883494 -0.000266287 0.000342664 0.00977624 -0.0180497 0.000348856 -0.000883494 -0.0180497 0.0890368 
0.00994005 -0.018232 -0.000251334 0.000341979 -0.018232 0.0894234 0.000341979 -0.000881729 -0.000251334 0.000341979 0.0097773 -0.0180239 0.000341979 -0.000881729 -0.0180239 0.0889681 
0.00991119 -0.0182219 -0.000244006 0.000322584 -0.0182219 0.0894199 0.000318448 -0.000847817 -0.000244006 0.000318448 0.00976644 -0.0180089 0.000322584 -0.000847817 -0.0180089 0.0888802 
0.00991076 -0.0181976 -0.000247614 0.000315708 -0.0181976 0.0893908 0.000311581 -0.000810936 -0.000247614 0.000311581 0.00976012 -0.0180015 0.000315708 -0.000810936 -0.0180015 0.0888398 
0.00991182 -0.0181941 -0.000248157 0.000316401 -0.0181941 0.0893574 0.000314333 -0.000806512 -0.000248157 0.000314333 0.00973604 -0.0179852 0.000316401 -0.000806512 -0.0179852 0.0888135 
0.00990412 -0.0181917 -0.000227396 0.000312152 -0.0181917 0.0893376 0.000310085 -0.000789684 -0.000227396 0.000310085 0.00974494 -0.0179746 0.000312152 -0.000789684 -0.0179746 0.0887981 
0.00992661 -0.0181926 -0.000204736 0.00028539 -0.0181926 0.0893581 0.000283322 -0.000736223 -0.000204736 0.000283322 0.00972187 -0.017961 0.00028539 -0.000736223 -0.017961 0.0887418 
0.00992286 -0.0181912 -0.00019306 0.000242882 -0.0181912 0.0893389 0.000244958 -0.000635229 -0.00019306 0.000244958 0.00970696 -0.0179525 0.000242882 -0.000635229 -0.0179525 0.0887307 
0.00991318 -0.0181974 -0.000195559 0.000228846 -0.0181974 0.089358 0.000224685 -0.000563793 -0.000195559 0.000224685 0.0097093 -0.0179332 0.000228846 -0.000563793 -0.0179332 0.0887006 
0.00991364 -0.0182111 -0.000195527 0.000224648 -0.0182111 0.0893995 0.000232968 -0.000542899 -0.000195527 0.000232968 0.00970147 -0.0179011 0.000224648 -0.000542899 -0.0179011 0.0886029 
0.00989591 -0.0181983 -0.000203611 0.000238931 -0.0181983 0.0893728 0.000245164 -0.000583823 -0.000203611 0.000245164 0.00971931 -0.0179053 0.000238931 -0.000583823 -0.0179053 0.0885749 
0.00987802 -0.0181715 -0.000201975 0.000262359 -0.0181715 0.0893082 0.000260277 -0.000641322 -0.000201975 0.000260277 0.00972602 -0.0179258 0.000262359 -0.000641322 -0.0179258 0.0886003 
0.00984829 -0.0181366 -0.000210915 0.000286093 -0.0181366 0.0892214 0.000281917 -0.000735071 -0.000210915 0.000281917 0.0097397 -0.0179424 0.000286093 -0.000735071 -0.0179424 0.0886534 
0.00985513 -0.0181094 -0.000216505 0.000278958 -0.0181094 0.0891521 0.000270631 -0.000728622 -0.000216505 0.000270631 0.00973855 -0.0179532 0.000278958 -0.000728622 -0.0179532 0.088692 
0.00985743 -0.0180838 -0.000216647 0.000283307 -0.0180838 0.0890439 0.000279141 -0.0007291 -0.000216647 0.000279141 0.00974286 -0.01799 0.000283307 -0.0007291 -0.01799 0.0887981 
0.00985868 -0.0181116 -0.000193185 0.000274199 -0.0181116 0.0890771 0.000265889 -0.000704192 -0.000193185 0.000265889 0.00975067 -0.0179683 0.000274199 -0.000704192 -0.0179683 0.088778 
0.00986336 -0.0181142 -0.000190436 0.000260815 -0.0181142 0.0890973 0.000264955 -0.000705857 -0.000190436 0.000264955 0.00976193 -0.0179735 0.000260815 -0.000705857 -0.0179735 0.088764 
0.00984975 -0.0181269 -0.000186235 0.000235897 -0.0181269 0.0891402 0.000246244 -0.000641475 -0.000186235 0.000246244 0.00976905 -0.0179799 0.000235897 -0.000641475 -0.0179799 0.0887533 
0.00984338 -0.0180987 -0.000180138 0.000221549 -0.0180987 0.0890936 0.000233972 -0.0006046 -0.000180138 0.000233972 0.0097792 -0.0180158 0.000221549 -0.0006046 -0.0180158 0.0888431 
0.00985436 -0.0180846 -0.000175639 0.000221098 -0.0180846 0.0890592 0.000227297 -0.000574442 -0.000175639 0.000227297 0.00977584 -0.0180309 0.000221098 -0.000574442 -0.0180309 0.0889124 
0.00986788 -0.0181194 -0.000194298 0.000225303 -0.0181194 0.0891189 0.00022737 -0.00057256 -0.000194298 0.00022737 0.00976453 -0.0180057 0.000225303 -0.00057256 -0.0180057 0.0888832 
0.00986876 -0.0181451 -0.00022307 0.000260248 -0.0181451 0.0891989 0.000251986 -0.000625834 -0.00022307 0.000251986 0.00977995 -0.0180025 0.000260248 -0.000625834 -0.0180025 0.0888684 
0.0098605 -0.0181236 -0.000249398 0.000294743 -0.0181236 0.0891671 0.000284438 -0.000702849 -0.000249398 0.000284438 0.00980485 -0.0180432 0.000294743 -0.000702849 -0.0180432 0.0889568 
0.00986899 -0.0181093 -0.000250083 0.000324488 -0.0181093 0.0891206 0.000318288 -0.000789519 -0.000250083 0.000318288 0.00979045 -0.0180783 0.000324488 -0.000789519 -0.0180783 0.0890358 
0.00986882 -0.0181305 -0.000246462 0.000333448 -0.0181305 0.0891528 0.000325164 -0.000834655 -0.000246462 0.000325164 0.0097839 -0.0180455 0.000333448 -0.000834655 -0.0180455 0.0890244 
0.00984976 -0.0181353 -0.00023027 0.000315325 -0.0181353 0.0891769 0.000313251 -0.000815282 -0.00023027 0.000313251 0.00978338 -0.0180254 0.000315325 -0.000815282 -0.0180254 0.0889487 
