0.00703924 0 -0.000365921 0 0 0.00998558 0 0 -0.000365921 0 0.00760845 0 0 0 0 0.00998558 
0.00999642 -0.0124239 -0.000442035 0.000535875 -0.0124239 0.0330119 0.000535875 -0.00103471 -0.000442035 0.000535875 0.0106632 -0.0132438 0.000535875 -0.00103471 -0.0132438 0.03458 
0.0101574 -0.0190642 -0.000352671 0.000615298 -0.0190642 0.070149 0.000615298 -0.00195095 -0.000352671 0.000615298 0.0106227 -0.0198096 0.000615298 -0.00195095 -0.0198096 0.0725452 
0.00957028 -0.0187762 -0.000330592 0.000444007 -0.0187762 0.0843348 0.000439181 -0.0015685 -0.000330592 0.000439181 0.0100336 -0.0193674 0.000444007 -0.0015685 -0.0193674 0.0863038 
0.00952448 -0.0180787 -0.00037897 0.000424629 -0.0180787 0.0876472 0.000417781 -0.00115517 -0.00037897 0.000417781 0.0100473 -0.0186495 0.000424629 -0.00115517 -0.0186495 0.08909 
0.00967576 -0.0179627 -0.00043467 0.000480311 -0.0179627 0.088564 0.000475964 -0.00111928 -0.00043467 0.000475964 0.0102495 -0.0185995 0.000480311 -0.00111928 -0.0185995 0.0899702 
0.00976598 -0.0180105 -0.000419929 0.000529659 -0.0180105 0.0889299 0.000527549 -0.00121969 -0.000419929 0.000527549 0.0103695 -0.0187828 0.000529659 -0.00121969 -0.0187828 0.0906751 
0.00979686 -0.0180824 -0.000380943 0.000523797 -0.0180824 0.0891427 0.000521726 -0.00128775 -0.000380943 0.000521726 0.0104097 -0.0188422 0.000523797 -0.00128775 -0.0188422 0.0910205 
0.00982583 -0.0181047 -0.00036013 0.000472671 -0.0181047 0.0892387 0.000474717 -0.0012359 -0.00036013 0.000474717 0.0103885 -0.0188414 0.000472671 -0.0012359 -0.0188414 0.0910639 
0.00982672 -0.0181279 -0.000364103 0.000437331 -0.0181279 0.0892744 0.000435296 -0.00114316 -0.000364103 0.000435296 0.0103719 -0.0188093 0.000437331 -0.00114316 -0.0188093 0.0910034 
0.0098349 -0.0181588 -0.000352913 0.000425929 -0.0181588 0.08937 0.000423901 -0.00106482 -0.000352913 0.000423901 0.0103562 -0.0187754 0.000425929 -0.00106482 -0.0187754 0.0908892 
0.00980488 -0.0181621 -0.000355323 0.000418266 -0.0181621 0.0894012 0.000418266 -0.00103551 -0.000355323 0.000418266 0.0103693 -0.0187671 0.000418266 -0.00103551 -0.0187671 0.0908469 
0.00979079 -0.0181141 -0.000361794 0.000434966 -0.0181141 0.0893224 0.000439031 -0.00105489 -0.000361794 0.000439031 0.0103701 -0.0188051 0.000434966 -0.00105489 -0.0188051 0.09092 
0.00979551 -0.0180865 -0.00035986 0.000453383 -0.0180865 0.0892331 0.00045135 -0.00111211 -0.00035986 0.00045135 0.0103404 -0.0187981 0.000453383 -0.00111211 -0.0187981 0.0909368 
0.00981265 -0.0180957 -0.000344873 0.000432106 -0.0180957 0.0892207 0.000430077 -0.00108128 -0.000344873 0.000430077 0.0103178 -0.0187733 0.000432106 -0.00108128 -0.0187733 0.0909227 
0.00981656 -0.0181219 -0.000327898 0.00039918 -0.0181219 0.0892676 0.000395106 -0.000991839 -0.000327898 0.000395106 0.0103094 -0.0187411 0.00039918 -0.000991839 -0.0187411 0.09085 
0.00979305 -0.0181032 -0.000317027 0.000378387 -0.0181032 0.0892317 0.000378387 -0.000926536 -0.000317027 0.000378387 0.0102962 -0.0187373 0.000378387 -0.000926536 -0.0187373 0.090823 
0.00979935 -0.0180755 -0.000310766 0.000384368 -0.0180755 0.0891796 0.000380279 -0.000936387 -0.000310766 0.000380279 0.0102778 -0.0187216 0.000384368 -0.000936387 -0.0187216 0.0908009 
0.0097985 -0.0180809 -0.000304035 0.000389736 -0.0180809 0.0891557 0.000391777 -0.000969239 -0.000304035 0.000391777 0.0102719 -0.018689 0.000389736 -0.000969239 -0.018689 0.090731 
0.00981649 -0.0180898 -0.000310274 0.000406214 -0.0180898 0.089171 0.000412337 -0.00103288 -0.000310274 0.000412337 0.010235 -0.0186593 0.000406214 -0.00103288 -0.0186593 0.0906326 
0.00980026 -0.0181094 -0.000322026 0.000397918 -0.0181094 0.0891951 0.000406122 -0.00102966 -0.000322026 0.000406122 0.010192 -0.0185975 0.000397918 -0.00102966 -0.0185975 0.090475 
0.00981285 -0.0180911 -0.000301587 0.000389806 -0.0180911 0.0891835 0.000389806 -0.000992979 -0.000301587 0.000389806 0.0101616 -0.0185671 0.000389806 -0.000992979 -0.0185671 0.0903878 
0.00979812 -0.0181029 -0.000303182 0.000383075 -0.0181029 0.089195 0.000383075 -0.000981246 -0.000303182 0.000383075 0.0101607 -0.0185146 0.000383075 -0.000981246 -0.0185146 0.0902562 
0.00981042 -0.0180848 -0.000295004 0.000364178 -0.0180848 0.0891829 0.000360109 -0.000927738 -0.000295004 0.000360109 0.0101624 -0.0185222 0.000364178 -0.000927738 -0.0185222 0.0902205 
0.00979977 -0.0180872 -0.000279236 0.000348536 -0.0180872 0.0891477 0.000346498 -0.00087032 -0.000279236 0.000346498 0.0101789 -0.0185437 0.000348536 -0.00087032 -0.0185437 0.0902667 
0.00977175 -0.0180516 -0.000269397 0.000348991 -0.0180516 0.0890621 0.00034695 -0.000869416 -0.000269397 0.00034695 0.0101983 -0.0185843 0.000348991 -0.000869416 -0.0185843 0.0903948 
0.00973987 -0.0180207 -0.000276643 0.000348365 -0.0180207 0.0889745 0.000346316 -0.000879109 -0.000276643 0.000346316 0.010203 -0.0186047 0.000348365 -0.000879109 -0.0186047 0.0904601 
0.00970572 -0.017997 -0.000293988 0.000355664 -0.017997 0.0889304 0.00035772 -0.000900468 -0.000293988 0.00035772 0.0102094 -0.0185912 0.000355664 -0.000900468 -0.0185912 0.0904497 
0.00970143 -0.0179724 -0.00032427 0.000379683 -0.0179724 0.0888993 0.000373526 -0.000935868 -0.00032427 0.000373526 0.0102104 -0.0185819 0.000379683 -0.000935868 -0.0185819 0.0904119 
0.00973884 -0.0179803 -0.000340676 0.000420235 -0.0179803 0.0889021 0.000418195 -0.00103631 -0.000340676 0.000418195 0.0101876 -0.0185679 0.000420235 -0.00103631 -0.0185679 0.0903546 
0.00976101 -0.0180108 -0.000325435 0.000418997 -0.0180108 0.0889434 0.000425099 -0.00105766 -0.000325435 0.000425099 0.0101902 -0.01856 0.000418997 -0.00105766 -0.01856 0.0903346 
0.00976964 -0.0180301 -0.000274943 0.000386957 -0.0180301 0.0889858 0.000393067 -0.00100609 -0.000274943 0.000393067 0.0101729 -0.0185576 0.000386957 -0.00100609 -0.0185576 0.0903279 
0.00976714 -0.0180489 -0.0002496 0.000321207 -0.0180489 0.0890397 0.000335528 -0.000881784 -0.0002496 0.000335528 0.0101477 -0.0185359 0.000321207 -0.000881784 -0.0185359 0.0902775 
0.00976422 -0.0180629 -0.000233996 0.000281206 -0.0180629 0.0891075 0.000281206 -0.000724568 -0.000233996 0.000281206 0.0101255 -0.018496 0.000281206 -0.000724568 -0.018496 0.090181 
0.00971466 -0.0180456 -0.000251579 0.000307256 -0.0180456 0.0890858 0.000299008 -0.000740302 -0.000251579 0.000299008 0.0101477 -0.0184746 0.000307256 -0.000740302 -0.0184746 0.0901169 
0.00969603 -0.0179966 -0.000265504 0.000345772 -0.0179966 0.0890137 0.000329307 -0.000841791 -0.000265504 0.000329307 0.0101735 -0.0184906 0.000345772 -0.000841791 -0.0184906 0.0901107 
0.00968574 -0.0179661 -0.000267108 0.000361623 -0.0179661 0.0889078 0.000349295 -0.000910221 -0.000267108 0.000349295 0.0101932 -0.0185229 0.000361623 -0.000910221 -0.0185229 0.0901797 
0.00967381 -0.0179147 -0.000266496 0.000334145 -0.0179147 0.0887555 0.000325945 -0.000860987 -0.000266496 0.000325945 0.0102253 -0.0185891 0.000334145 -0.000860987 -0.0185891 0.0903381 
0.00971438 -0.0178991 -0.000283498 0.000332447 -0.0178991 0.0886715 0.000328368 -0.000834176 -0.000283498 0.000328368 0.0102222 -0.0186354 0.000332447 -0.000834176 -0.0186354 0.0905132 
0.00977522 -0.0179491 -0.000258744 0.000328014 -0.0179491 0.0887165 0.000328014 -0.000810866 -0.000258744 0.000328014 0.010197 -0.0186499 0.000328014 -0.000810866 -0.0186499 0.0906072 
0.00983186 -0.0180549 -0.000276267 0.000345334 -0.0180549 0.088952 0.00033924 -0.000865366 -0.000276267 0.00033924 0.0101711 -0.0185891 0.000345334 -0.000865366 -0.0185891 0.0905283 
0.00982267 -0.0181452 -0.000278096 0.000355232 -0.0181452 0.0892261 0.000349142 -0.000895184 -0.000278096 0.000349142 0.0101962 -0.0185411 0.000355232 -0.000895184 -0.0185411 0.0903832 
0.00981018 -0.0181506 -0.000275715 0.000328425 -0.0181506 0.0893681 0.000334507 -0.000847418 -0.000275715 0.000334507 0.0102521 -0.0185844 0.000328425 -0.000847418 -0.0185844 0.0904102 
0.00977571 -0.0181094 -0.000279885 0.000334646 -0.0181094 0.0893118 0.000334646 -0.000823431 -0.000279885 0.000334646 0.0102929 -0.0186611 0.000334646 -0.000823431 -0.0186611 0.090551 
0.00976286 -0.0180694 -0.000256275 0.000353904 -0.0180694 0.0892102 0.000360006 -0.000868488 -0.000256275 0.000360006 0.0102815 -0.018702 0.000353904 -0.000868488 -0.018702 0.0906706 
0.00974286 -0.018056 -0.000248823 0.000336523 -0.018056 0.0891501 0.000338563 -0.000883118 -0.000248823 0.000338563 0.0102813 -0.0186862 0.000336523 -0.000883118 -0.0186862 0.0906859 
0.00975114 -0.0180385 -0.000254838 0.000309883 -0.0180385 0.089118 0.000311922 -0.000821599 -0.000254838 0.000311922 0.0102792 -0.0186847 0.000309883 -0.000821599 -0.0186847 0.0906878 
0.00976324 -0.0180605 -0.000266733 0.000301347 -0.0180605 0.0891539 0.000301347 -0.000753368 -0.000266733 0.000301347 0.0102723 -0.0186632 0.000301347 -0.000753368 -0.0186632 0.090622 
0.00976485 -0.0180595 -0.000266388 0.000323326 -0.0180595 0.0891485 0.000319259 -0.000770695 -0.000266388 0.000319259 0.0102712 -0.0186655 0.000323326 -0.000770695 -0.0186655 0.0905943 
0.00976526 -0.0180552 -0.000251334 0.000328982 -0.0180552 0.0891236 0.000328982 -0.000803044 -0.000251334 0.000328982 0.0102434 -0.0186621 0.000328982 -0.000803044 -0.0186621 0.0905846 
0.00975809 -0.0180439 -0.000267877 0.000331268 -0.0180439 0.0890845 0.000321044 -0.000826125 -0.000267877 0.000321044 0.0102305 -0.0186369 0.000331268 -0.000826125 -0.0186369 0.0905609 
0.00974055 -0.0180109 -0.000278477 0.000333763 -0.0180109 0.0889918 0.000325572 -0.000821097 -0.000278477 0.000325572 0.0102279 -0.0186354 0.000333763 -0.000821097 -0.0186354 0.0905562 
0.00973055 -0.0179867 -0.000289976 0.000334902 -0.0179867 0.0889064 0.00033286 -0.000818877 -0.000289976 0.00033286 0.0102288 -0.0186402 0.000334902 -0.000818877 -0.0186402 0.0905666 
0.00971391 -0.0179713 -0.000292933 0.000342097 -0.0179713 0.0888509 0.000350291 -0.000841927 -0.000292933 0.000350291 0.0102342 -0.018633 0.000342097 -0.000841927 -0.018633 0.090545 
0.00970661 -0.0179566 -0.000307301 0.00037081 -0.0179566 0.0888161 0.000374907 -0.000913708 -0.000307301 0.000374907 0.010229 -0.0186327 0.00037081 -0.000913708 -0.0186327 0.0905575 
0.0097246 -0.0179628 -0.000302171 0.000375672 -0.0179628 0.088824 0.000381797 -0.000943263 -0.000302171 0.000381797 0.0102228 -0.0186243 0.000375672 -0.000943263 -0.0186243 0.0905329 
0.00973174 -0.0179788 -0.000295705 0.000387475 -0.0179788 0.088846 0.000391554 -0.00099316 -0.000295705 0.000391554 0.0102069 -0.0186008 0.000387475 -0.00099316 -0.0186008 0.0904693 
0.00974332 -0.0180074 -0.000281175 0.000368787 -0.0180074 0.0889225 0.000372862 -0.000963737 -0.000281175 0.000372862 0.0101895 -0.0185698 0.000368787 -0.000963737 -0.0185698 0.0903855 
0.00978014 -0.0180498 -0.00028945 0.000324102 -0.0180498 0.0890649 0.000332256 -0.000854081 -0.00028945 0.000332256 0.0101715 -0.0185452 0.000324102 -0.000854081 -0.0185452 0.0903124 
0.00981517 -0.0180843 -0.000276656 0.000341751 -0.0180843 0.0891685 0.000341751 -0.000827932 -0.000276656 0.000341751 0.0101752 -0.0185481 0.000341751 -0.000827932 -0.0185481 0.090328 
0.00984294 -0.0181437 -0.000280762 0.000337728 -0.0181437 0.0893148 0.000337728 -0.000836182 -0.000280762 0.000337728 0.0101888 -0.0185547 0.000337728 -0.000836182 -0.0185547 0.0903381 
0.00985756 -0.0181831 -0.000303153 0.000360121 -0.0181831 0.0894484 0.000362156 -0.000893182 -0.000303153 0.000362156 0.0101994 -0.0185574 0.000360121 -0.000893182 -0.0185574 0.0903335 
0.00984743 -0.0181822 -0.000305378 0.000374597 -0.0181822 0.0894657 0.000374597 -0.00092835 -0.000305378 0.000374597 0.0102241 -0.0185935 0.000374597 -0.00092835 -0.0185935 0.0904184 
0.0097984 -0.0181396 -0.000308177 0.000375527 -0.0181396 0.0893816 0.000377568 -0.00094494 -0.000308177 0.000377568 0.0102576 -0.0186335 0.000375527 -0.00094494 -0.0186335 0.0905286 
0.00975475 -0.0180987 -0.000314867 0.000388473 -0.0180987 0.0892894 0.000392562 -0.000975271 -0.000314867 0.000392562 0.0102884 -0.018663 0.000388473 -0.000975271 -0.018663 0.0905979 
0.00973961 -0.0180462 -0.000328187 0.000393417 -0.0180462 0.0891588 0.000393417 -0.000988638 -0.000328187 0.000393417 0.0103165 -0.0187005 0.000393417 -0.000988638 -0.0187005 0.0906836 
0.00973553 -0.0180215 -0.000344656 0.000403451 -0.0180215 0.0890592 0.000403451 -0.000993421 -0.000344656 0.000403451 0.0103539 -0.0187432 0.000403451 -0.000993421 -0.0187432 0.0908027 
0.00973762 -0.0180173 -0.000340179 0.000437373 -0.0180173 0.0890236 0.000427248 -0.00106508 -0.000340179 0.000427248 0.0103755 -0.0187929 0.000437373 -0.00106508 -0.0187929 0.090929 
0.00974776 -0.0180107 -0.000318038 0.000409195 -0.0180107 0.0889979 0.000399067 -0.00101894 -0.000318038 0.000399067 0.0103818 -0.0188351 0.000409195 -0.00101894 -0.0188351 0.091054 
0.00979373 -0.0180534 -0.0002947 0.000399662 -0.0180534 0.0890923 0.000389569 -0.00100723 -0.0002947 0.000389569 0.010365 -0.0188265 0.000399662 -0.00100723 -0.0188265 0.0910764 
0.00983327 -0.0181102 -0.000295965 0.000368446 -0.0181102 0.0892202 0.000364419 -0.000958362 -0.000295965 0.000364419 0.0103547 -0.0188129 0.000368446 -0.000958362 -0.0188129 0.0910605 
0.00981563 -0.0181367 -0.000328329 0.000370629 -0.0181367 0.0892834 0.000372644 -0.000938659 -0.000328329 0.000372644 0.0103716 -0.0188155 0.000370629 -0.000938659 -0.0188155 0.0910741 
0.00981959 -0.018122 -0.000332015 0.00040043 -0.018122 0.0892938 0.000404454 -0.00097391 -0.000332015 0.000404454 0.0103709 -0.0188323 0.00040043 -0.00097391 -0.0188323 0.0911048 
0.00983439 -0.0181291 -0.000324454 0.000397003 -0.0181291 0.0893075 0.000403049 -0.0009915 -0.000324454 0.000403049 0.0103442 -0.0188224 0.000397003 -0.0009915 -0.0188224 0.091093 
0.00984211 -0.018159 -0.00033624 0.000386879 -0.018159 0.0893811 0.00039093 -0.000958081 -0.00033624 0.00039093 0.0103019 -0.0187707 0.000386879 -0.000958081 -0.0187707 0.0909691 
0.00983327 -0.0181526 -0.000341391 0.000398289 -0.0181526 0.0893874 0.000402353 -0.000967273 -0.000341391 0.000402353 0.0102742 -0.0187257 0.000398289 -0.000967273 -0.0187257 0.0908566 
0.00983029 -0.0181492 -0.000343319 0.000418483 -0.0181492 0.0893929 0.000420515 -0.00100964 -0.000343319 0.000420515 0.0102528 -0.0186753 0.000418483 -0.00100964 -0.0186753 0.0907255 
0.00982437 -0.0181697 -0.000339753 0.0004252 -0.0181697 0.0894386 0.000429269 -0.00105588 -0.000339753 0.000429269 0.0102516 -0.0186335 0.0004252 -0.00105588 -0.0186335 0.0905778 
0.0098166 -0.0181546 -0.000295313 0.000415474 -0.0181546 0.0894186 0.000415474 -0.00104887 -0.000295313 0.000415474 0.0102443 -0.0186291 0.000415474 -0.00104887 -0.0186291 0.0905082 
0.0098214 -0.0181141 -0.000293115 0.000390821 -0.0181141 0.0893229 0.000382679 -0.00101369 -0.000293115 0.000382679 0.0102285 -0.0186393 0.000390821 -0.00101369 -0.0186393 0.090532 
0.00982176 -0.0181186 -0.000304566 0.000353624 -0.0181186 0.089287 0.000349536 -0.000899391 -0.000304566 0.000349536 0.0102081 -0.0186215 0.000353624 -0.000899391 -0.0186215 0.0905278 
0.00981491 -0.018134 -0.000313503 0.000377024 -0.018134 0.0893013 0.000372926 -0.000901578 -0.000313503 0.000372926 0.0101981 -0.0185869 0.000377024 -0.000901578 -0.0185869 0.0904509 
0.0098315 -0.0181277 -0.000310748 0.000386391 -0.0181277 0.0892951 0.000388435 -0.0009486 -0.000310748 0.000388435 0.0101852 -0.0185733 0.000386391 -0.0009486 -0.0185733 0.090393 
0.00981156 -0.0181277 -0.00031505 0.000382561 -0.0181277 0.089284 0.000386653 -0.000951288 -0.00031505 0.000386653 0.0101921 -0.0185532 0.000382561 -0.000951288 -0.0185532 0.0903396 
0.00980712 -0.0180979 -0.000311467 0.000393432 -0.0180979 0.0892169 0.000401629 -0.000987679 -0.000311467 0.000401629 0.0101842 -0.0185774 0.000393432 -0.000987679 -0.0185774 0.0903664 
0.00978079 -0.0180671 -0.00029645 0.00039254 -0.0180671 0.0891025 0.000398674 -0.000997706 -0.00029645 0.000398674 0.0102101 -0.0185884 0.00039254 -0.000997706 -0.0185884 0.0904457 
0.00978452 -0.0180612 -0.000285263 0.00037288 -0.0180612 0.0890836 0.00037288 -0.000961744 -0.000285263 0.00037288 0.0102246 -0.0186012 0.00037288 -0.000961744 -0.0186012 0.0904569 
0.00975855 -0.0180756 -0.000272824 0.00034612 -0.0180756 0.0891076 0.00034612 -0.000891768 -0.000272824 0.00034612 0.0102676 -0.0186172 0.00034612 -0.000891768 -0.0186172 0.0905023 
0.00973341 -0.0180296 -0.000280127 0.000330875 -0.0180296 0.0890501 0.000328845 -0.000842412 -0.000280127 0.000328845 0.010318 -0.0186934 0.000330875 -0.000842412 -0.0186934 0.0906537 
0.00970858 -0.0179757 -0.000300475 0.000363412 -0.0179757 0.0888897 0.000359351 -0.000893303 -0.000300475 0.000359351 0.0103339 -0.0187614 0.000363412 -0.000893303 -0.0187614 0.0908286 
0.00972139 -0.017973 -0.000292739 0.000365924 -0.017973 0.0888769 0.000359826 -0.000894482 -0.000292739 0.000359826 0.0102947 -0.0187516 0.000365924 -0.000894482 -0.0187516 0.0908488 
0.00976101 -0.0180102 -0.000280046 0.000342954 -0.0180102 0.0889571 0.000336866 -0.000848254 -0.000280046 0.000336866 0.0102582 -0.0186961 0.000342954 -0.000848254 -0.0186961 0.0907672 
0.00977987 -0.0180525 -0.000272567 0.00033359 -0.0180525 0.0890522 0.000323419 -0.000813633 -0.000272567 0.000323419 0.0102314 -0.0186566 0.00033359 -0.000813633 -0.0186566 0.0906489 
0.00976655 -0.0180755 -0.000281728 0.000340931 -0.0180755 0.0891218 0.000336848 -0.000837017 -0.000281728 0.000336848 0.0102259 -0.0186267 0.000340931 -0.000837017 -0.0186267 0.0905631 
0.00977195 -0.0180676 -0.000300581 0.00035579 -0.0180676 0.0891458 0.000353745 -0.000873116 -0.000300581 0.000353745 0.0102116 -0.0186074 0.00035579 -0.000873116 -0.0186074 0.0904892 
0.00977952 -0.018052 -0.000292017 0.000375743 -0.018052 0.0891122 0.000377785 -0.000927104 -0.000292017 0.000377785 0.0102063 -0.0186054 0.000375743 -0.000927104 -0.0186054 0.0904784 
0.00976801 -0.0180512 -0.000306784 0.000376322 -0.0180512 0.0890799 0.000380412 -0.000963302 -0.000306784 0.000380412 0.0101996 -0.0185891 0.000376322 -0.000963302 -0.0185891 0.09044 
0.00976487 -0.0180482 -0.000316312 0.000377534 -0.0180482 0.0890695 0.000385697 -0.000975466 -0.000316312 0.000385697 0.0102077 -0.0185808 0.000377534 -0.000975466 -0.0185808 0.0904204 
0.00976141 -0.0180311 -0.000303643 0.000381082 -0.0180311 0.0890367 0.00038312 -0.000953724 -0.000303643 0.00038312 0.0102097 -0.0185895 0.000381082 -0.000953724 -0.0185895 0.0904102 
0.0097509 -0.0180332 -0.000290073 0.000344842 -0.0180332 0.0890178 0.000348899 -0.000868189 -0.000290073 0.000348899 0.0102296 -0.0186012 0.000344842 -0.000868189 -0.0186012 0.0904479 
0.00977256 -0.0180256 -0.000287309 0.000348008 -0.0180256 0.0890092 0.000352055 -0.000865974 -0.000287309 0.000352055 0.0102298 -0.0186407 0.000348008 -0.000865974 -0.0186407 0.0905166 
0.00976786 -0.0180602 -0.000282508 0.000357708 -0.0180602 0.0890631 0.000365837 -0.000896301 -0.000282508 0.000365837 0.010213 -0.018615 0.000357708 -0.000896301 -0.018615 0.0904899 
0.00975423 -0.0180635 -0.000271064 0.000348511 -0.0180635 0.0891108 0.000352587 -0.000884525 -0.000271064 0.000352587 0.0102006 -0.0185811 0.000348511 -0.000884525 -0.0185811 0.0904233 
0.00975959 -0.0180494 -0.000277621 0.000338861 -0.0180494 0.0891183 0.000344985 -0.000873689 -0.000277621 0.000344985 0.010176 -0.0185679 0.000338861 -0.000873689 -0.0185679 0.0903676 
0.00974712 -0.0180295 -0.000294995 0.000348258 -0.0180295 0.0890475 0.000350306 -0.00087679 -0.000294995 0.000350306 0.0101609 -0.018556 0.000348258 -0.00087679 -0.018556 0.090334 
0.00975565 -0.0180297 -0.000286023 0.000362159 -0.0180297 0.0890334 0.000364216 -0.000888935 -0.000286023 0.000364216 0.0101281 -0.0185112 0.000362159 -0.000888935 -0.0185112 0.0902474 
0.00979105 -0.0180327 -0.000272943 0.000336561 -0.0180327 0.0890429 0.000334509 -0.000849611 -0.000272943 0.000334509 0.010105 -0.0184883 0.000336561 -0.000849611 -0.0184883 0.0901901 
0.00980302 -0.0180821 -0.000309289 0.000346158 -0.0180821 0.0891161 0.000346158 -0.000878708 -0.000309289 0.000346158 0.0101123 -0.0184549 0.000346158 -0.000878708 -0.0184549 0.0900952 
0.00977686 -0.0180959 -0.000339887 0.000415645 -0.0180959 0.089167 0.000413597 -0.00101761 -0.000339887 0.000413597 0.0101413 -0.0184501 0.000415645 -0.00101761 -0.0184501 0.0900516 
0.00979239 -0.0180868 -0.000335622 0.000444085 -0.0180868 0.0891997 0.000442039 -0.0011051 -0.000335622 0.000442039 0.0101485 -0.0184858 0.000444085 -0.0011051 -0.0184858 0.0900879 
0.00978374 -0.0180677 -0.000308182 0.0004068 -0.0180677 0.0891364 0.000404745 -0.00105193 -0.000308182 0.000404745 0.0101433 -0.0185114 0.0004068 -0.00105193 -0.0185114 0.0901739 
0.00978673 -0.0180492 -0.000307308 0.000381062 -0.0180492 0.0890701 0.000381062 -0.000987482 -0.000307308 0.000381062 0.010133 -0.0185122 0.000381062 -0.000987482 -0.0185122 0.0902133 
0.0097965 -0.0180594 -0.000314895 0.000372149 -0.0180594 0.0890621 0.000370104 -0.00094264 -0.000314895 0.000370104 0.0101298 -0.018497 0.000372149 -0.00094264 -0.018497 0.0901949 
0.00980484 -0.0180657 -0.000322676 0.00037169 -0.0180657 0.0890687 0.00037169 -0.000923097 -0.000322676 0.00037169 0.0101275 -0.0185028 0.00037169 -0.000923097 -0.0185028 0.0902001 
0.00983599 -0.0181028 -0.000302394 0.000365734 -0.0181028 0.0891614 0.000367777 -0.000882665 -0.000302394 0.000367777 0.0101159 -0.018489 0.000365734 -0.000882665 -0.018489 0.0901851 
0.00986864 -0.0181412 -0.000290194 0.000382157 -0.0181412 0.0892632 0.00037807 -0.000929847 -0.000290194 0.00037807 0.0100873 -0.0184661 0.000382157 -0.000929847 -0.0184661 0.0901277 
0.00988724 -0.0181829 -0.0002905 0.000378469 -0.0181829 0.0893738 0.000374377 -0.000953332 -0.0002905 0.000374377 0.0100714 -0.0184284 0.000378469 -0.000953332 -0.0184284 0.0900428 
0.00984665 -0.0181751 -0.000295031 0.000387228 -0.0181751 0.0893738 0.000385179 -0.000983435 -0.000295031 0.000385179 0.0100864 -0.0184189 0.000387228 -0.000983435 -0.0184189 0.0900007 
0.00981504 -0.0181007 -0.000280488 0.000374667 -0.0181007 0.0892198 0.000370572 -0.000956117 -0.000280488 0.000370572 0.0100996 -0.018459 0.000374667 -0.000956117 -0.018459 0.0900736 
0.00980208 -0.0180366 -0.000263981 0.000362206 -0.0180366 0.0890065 0.000358113 -0.000931095 -0.000263981 0.000358113 0.0100763 -0.0184848 0.000362206 -0.000931095 -0.0184848 0.0901484 
0.00981547 -0.0180429 -0.000244156 0.000311863 -0.0180429 0.0889547 0.000315966 -0.000824795 -0.000244156 0.000315966 0.0100371 -0.0184389 0.000311863 -0.000824795 -0.0184389 0.0900975 
0.00983953 -0.0180974 -0.000240641 0.000296173 -0.0180974 0.0890844 0.000302343 -0.000761001 -0.000240641 0.000302343 0.00998556 -0.0183525 0.000296173 -0.000761001 -0.0183525 0.0898824 
0.00982788 -0.0181493 -0.000249355 0.000272024 -0.0181493 0.0892444 0.000276145 -0.000686241 -0.000249355 0.000276145 0.00998656 -0.0182709 0.000272024 -0.000686241 -0.0182709 0.0896441 
0.00982556 -0.0181111 -0.000268997 0.000326492 -0.0181111 0.0892329 0.000326492 -0.000784402 -0.000268997 0.000326492 0.0100145 -0.0183061 0.000326492 -0.000784402 -0.0183061 0.0896518 
0.0097885 -0.0180744 -0.000289832 0.000363831 -0.0180744 0.0891202 0.000355609 -0.000898273 -0.000289832 0.000355609 0.0100413 -0.018354 0.000363831 -0.000898273 -0.018354 0.0897533 
0.00980153 -0.018075 -0.000278581 0.000372806 -0.018075 0.0891192 0.000370758 -0.000946355 -0.000278581 0.000370758 0.0100617 -0.0183781 0.000372806 -0.000946355 -0.0183781 0.0898279 
0.00981523 -0.0180852 -0.000266774 0.000359119 -0.0180852 0.0891374 0.000359119 -0.000935761 -0.000266774 0.000359119 0.0100615 -0.0184012 0.000359119 -0.000935761 -0.0184012 0.0898884 
0.00980608 -0.0180895 -0.000275359 0.000343172 -0.0180895 0.0891486 0.000347281 -0.000908275 -0.000275359 0.000347281 0.0100732 -0.0184121 0.000343172 -0.000908275 -0.0184121 0.0899418 
0.00978302 -0.0181052 -0.000274942 0.000328289 -0.0181052 0.0892085 0.000332393 -0.000849449 -0.000274942 0.000332393 0.0101175 -0.0184129 0.000328289 -0.000849449 -0.0184129 0.0899492 
0.00978715 -0.0180848 -0.000286833 0.000350346 -0.0180848 0.089205 0.000352395 -0.000887133 -0.000286833 0.000352395 0.0101252 -0.0184557 0.000350346 -0.000887133 -0.0184557 0.0899959 
0.00981309 -0.0180802 -0.00030634 0.000367608 -0.0180802 0.0891797 0.000373735 -0.000931274 -0.00030634 0.000373735 0.0101296 -0.0184886 0.000367608 -0.000931274 -0.0184886 0.0900987 
0.00982457 -0.0181092 -0.000303517 0.000374813 -0.0181092 0.0892176 0.000380924 -0.000941106 -0.000303517 0.000380924 0.0101383 -0.018488 0.000374813 -0.000941106 -0.018488 0.0901404 
0.00982367 -0.0181407 -0.00031067 0.000357372 -0.0181407 0.0893125 0.000359403 -0.000901552 -0.00031067 0.000359403 0.010177 -0.0185021 0.000357372 -0.000901552 -0.0185021 0.0901755 
0.00980883 -0.0181164 -0.00033068 0.000371255 -0.0181164 0.0892817 0.000367197 -0.000896692 -0.00033068 0.000367197 0.0102227 -0.0185749 0.000371255 -0.000896692 -0.0185749 0.0903346 
0.00982305 -0.0181072 -0.000367556 0.000414006 -0.0181072 0.0892597 0.000409967 -0.000979477 -0.000367556 0.000409967 0.0102371 -0.0186222 0.000414006 -0.000979477 -0.0186222 0.0904694 
0.00985741 -0.0181251 -0.000410052 0.000464591 -0.0181251 0.0892641 0.000462571 -0.00111098 -0.000410052 0.000462571 0.0102069 -0.0186382 0.000464591 -0.00111098 -0.0186382 0.0905569 
0.00984157 -0.0181433 -0.000417927 0.000492992 -0.0181433 0.0892781 0.000497049 -0.00119292 -0.000417927 0.000497049 0.0101926 -0.0186221 0.000492992 -0.00119292 -0.0186221 0.0905644 
0.00984661 -0.0181699 -0.000372684 0.000488767 -0.0181699 0.0893811 0.000494876 -0.00121377 -0.000372684 0.000494876 0.0101684 -0.0185711 0.000488767 -0.00121377 -0.0185711 0.0904544 
0.00983864 -0.0181512 -0.000331847 0.00045885 -0.0181512 0.0893631 0.000462947 -0.00118195 -0.000331847 0.000462947 0.0101377 -0.0185466 0.00045885 -0.00118195 -0.0185466 0.0903627 
0.0098399 -0.0181564 -0.000336267 0.000438787 -0.0181564 0.089369 0.000438787 -0.00115643 -0.000336267 0.000438787 0.0101147 -0.0184885 0.000438787 -0.00115643 -0.0184885 0.0902241 
0.00983779 -0.0181217 -0.000313645 0.000416143 -0.0181217 0.0892924 0.000409993 -0.00107008 -0.000313645 0.000409993 0.0101043 -0.0184804 0.000416143 -0.00107008 -0.0184804 0.0901657 
0.00985254 -0.0181135 -0.000300732 0.000384609 -0.0181135 0.0892354 0.000384609 -0.000996301 -0.000300732 0.000384609 0.0100776 -0.0184612 0.000384609 -0.000996301 -0.0184612 0.090107 
0.00987387 -0.018142 -0.000294559 0.000376381 -0.018142 0.0892453 0.000380472 -0.000963454 -0.000294559 0.000380472 0.0100498 -0.0184304 0.000376381 -0.000963454 -0.0184304 0.090041 
0.00990553 -0.0181915 -0.000317354 0.000378777 -0.0181915 0.0893709 0.000389014 -0.000970488 -0.000317354 0.000389014 0.0100222 -0.0183738 0.000378777 -0.000970488 -0.0183738 0.0899135 
0.00989466 -0.0182099 -0.000327773 0.00039128 -0.0182099 0.0894268 0.000399474 -0.000977175 -0.000327773 0.000399474 0.0100217 -0.0183512 0.00039128 -0.000977175 -0.0183512 0.0898366 
0.00986207 -0.0181733 -0.000329828 0.00041587 -0.0181733 0.0893609 0.000424065 -0.00104889 -0.000329828 0.000424065 0.0100362 -0.0183638 0.00041587 -0.00104889 -0.0183638 0.0898382 
0.00987166 -0.0181639 -0.000302799 0.000394866 -0.0181639 0.0893482 0.000390774 -0.000994327 -0.000302799 0.000390774 0.0100374 -0.0183766 0.000394866 -0.000994327 -0.0183766 0.0898679 
0.00986436 -0.0181589 -0.000280028 0.000376097 -0.0181589 0.0893148 0.000365877 -0.000956594 -0.000280028 0.000365877 0.0100524 -0.0183838 0.000376097 -0.000956594 -0.0183838 0.0898953 
0.00984229 -0.0181384 -0.00025599 0.000346098 -0.0181384 0.0892769 0.000339954 -0.000886748 -0.00025599 0.000339954 0.0100553 -0.0184005 0.000346098 -0.000886748 -0.0184005 0.089924 
0.00980651 -0.0181214 -0.000243831 0.000305301 -0.0181214 0.0892421 0.000305301 -0.000788865 -0.000243831 0.000305301 0.010079 -0.0184021 0.000305301 -0.000788865 -0.0184021 0.0899306 
