0.0075806 0 0.000395557 0 0 0.00998916 0 0 0.000395557 0 0.00703062 0 0 0 0 0.00998916 
0.0106493 -0.0132203 0.000466337 -0.000579837 -0.0132203 0.034541 -0.000579837 0.00110539 0.000466337 -0.000579837 0.00996827 -0.0123789 -0.000579837 0.00110539 -0.0123789 0.0329298 
0.0106221 -0.0198414 0.000373893 -0.000629846 -0.0198414 0.0726431 -0.000629846 0.0020125 0.000373893 -0.000629846 0.0100826 -0.0189004 -0.000629846 0.0020125 -0.0189004 0.0696394 
0.0100211 -0.01941 0.000342643 -0.000499487 -0.01941 0.0865561 -0.000485009 0.00172046 0.000342643 -0.000485009 0.0095723 -0.0186644 -0.000499487 0.00172046 -0.0186644 0.083868 
0.0100244 -0.0186367 0.000354745 -0.000430272 -0.0186367 0.0892242 -0.000409674 0.0011924 0.000354745 -0.000409674 0.00956668 -0.0180897 -0.000430272 0.0011924 -0.0180897 0.0875008 
0.0102192 -0.0185822 0.000366452 -0.000462428 -0.0185822 0.0900229 -0.000440615 0.00106664 0.000366452 -0.000440615 0.00971753 -0.018002 -0.000462428 0.00106664 -0.018002 0.0885898 
0.0103417 -0.018721 0.000389976 -0.000503807 -0.018721 0.0905883 -0.000482727 0.00117625 0.000389976 -0.000482727 0.00983583 -0.0181054 -0.000503807 0.00117625 -0.0181054 0.0891338 
0.0103672 -0.0188022 0.000404614 -0.000505768 -0.0188022 0.0909226 -0.000499575 0.00124274 0.000404614 -0.000499575 0.00989653 -0.0181808 -0.000505768 0.00124274 -0.0181808 0.089397 
0.0103384 -0.0187964 0.000416972 -0.000504863 -0.0187964 0.0909713 -0.000504863 0.00125705 0.000416972 -0.000504863 0.0099276 -0.0182221 -0.000504863 0.00125705 -0.0182221 0.0895079 
0.0103251 -0.0187411 0.000432158 -0.00052143 -0.0187411 0.0908587 -0.000525488 0.00130662 0.000432158 -0.000525488 0.00992341 -0.0182663 -0.00052143 0.00130662 -0.0182663 0.0896211 
0.0103268 -0.0187179 0.000422284 -0.000525329 -0.0187179 0.0907506 -0.00052937 0.00131534 0.000422284 -0.00052937 0.00992872 -0.0182875 -0.000525329 0.00131534 -0.0182875 0.089712 
0.0103117 -0.018715 0.000415304 -0.000518624 -0.018715 0.0907025 -0.000518624 0.00130061 0.000415304 -0.000518624 0.00991463 -0.0182916 -0.000518624 0.00130061 -0.0182916 0.0897503 
0.0103281 -0.0187373 0.000419251 -0.000516001 -0.0187373 0.0907739 -0.000513985 0.00130008 0.000419251 -0.000513985 0.00990682 -0.0182495 -0.000516001 0.00130008 -0.0182495 0.0896774 
0.0103339 -0.0187809 0.000407228 -0.000524154 -0.0187809 0.0909045 -0.000524154 0.00130837 0.000407228 -0.000524154 0.00988434 -0.0182103 -0.000524154 0.00130837 -0.0182103 0.0895437 
0.0103232 -0.0187983 0.000397902 -0.000511011 -0.0187983 0.0909943 -0.000502932 0.00128056 0.000397902 -0.000502932 0.00987281 -0.0181823 -0.000511011 0.00128056 -0.0181823 0.089439 
0.0103135 -0.0187659 0.000393183 -0.000493999 -0.0187659 0.0909705 -0.000485934 0.00125012 0.000393183 -0.000485934 0.00988805 -0.0181993 -0.000493999 0.00125012 -0.0181993 0.0894704 
0.0103052 -0.0187411 0.000367393 -0.00047438 -0.0187411 0.0908893 -0.000470343 0.00118292 0.000367393 -0.000470343 0.00988528 -0.0182182 -0.00047438 0.00118292 -0.0182182 0.0895206 
0.0102909 -0.0187226 0.000361331 -0.000452169 -0.0187226 0.0908194 -0.000456206 0.00114657 0.000361331 -0.000456206 0.00988716 -0.018224 -0.000452169 0.00114657 -0.018224 0.0895658 
0.010291 -0.018701 0.000368542 -0.000441042 -0.018701 0.0907661 -0.000453126 0.00112577 0.000368542 -0.000453126 0.00989626 -0.0182358 -0.000441042 0.00112577 -0.0182358 0.0896061 
0.0102592 -0.0186797 0.000379447 -0.000437979 -0.0186797 0.0906898 -0.000450089 0.00109999 0.000379447 -0.000450089 0.00991002 -0.0182579 -0.000437979 0.00109999 -0.0182579 0.0896665 
0.0102565 -0.0186799 0.000372302 -0.000469425 -0.0186799 0.0906819 -0.000479542 0.00115535 0.000372302 -0.000479542 0.00990041 -0.0182469 -0.000469425 0.00115535 -0.0182469 0.0896439 
0.0102536 -0.018656 0.000347992 -0.000449153 -0.018656 0.0906277 -0.000451176 0.00112895 0.000347992 -0.000451176 0.00990159 -0.0182494 -0.000449153 0.00112895 -0.0182494 0.0896626 
0.0102608 -0.0186431 0.000327924 -0.000427111 -0.0186431 0.0905738 -0.000425087 0.00108296 0.000327924 -0.000425087 0.00988023 -0.0182463 -0.000427111 0.00108296 -0.0182463 0.0896568 
0.0102553 -0.0186744 0.000338465 -0.000409401 -0.0186744 0.0906316 -0.000413454 0.00104782 0.000338465 -0.000413454 0.00987021 -0.018194 -0.000409401 0.00104782 -0.018194 0.0895493 
0.0102392 -0.0186772 0.000341916 -0.000437571 -0.0186772 0.090683 -0.000437571 0.00109087 0.000341916 -0.000437571 0.00985654 -0.0181663 -0.000437571 0.00109087 -0.0181663 0.0894293 
0.0102063 -0.0186366 0.000333126 -0.000435311 -0.0186366 0.0906163 -0.000437355 0.00110361 0.000333126 -0.000437355 0.00986093 -0.0181768 -0.000435311 0.00110361 -0.0181768 0.0894268 
0.0102325 -0.0186254 0.000315754 -0.000397239 -0.0186254 0.090593 -0.000399276 0.0010206 0.000315754 -0.000399276 0.00985968 -0.0181712 -0.000397239 0.0010206 -0.0181712 0.0894114 
0.0102424 -0.0186327 0.000325285 -0.00038221 -0.0186327 0.0905757 -0.000386276 0.000969757 0.000325285 -0.000386276 0.00986224 -0.0181712 -0.00038221 0.000969757 -0.0181712 0.0894087 
0.0102616 -0.0186426 0.000359096 -0.000407787 -0.0186426 0.0905836 -0.000407787 0.000998166 0.000359096 -0.000407787 0.0098579 -0.01818 -0.000407787 0.000998166 -0.01818 0.0894332 
0.0102912 -0.0186727 0.000377492 -0.000434015 -0.0186727 0.0906323 -0.000431996 0.00104567 0.000377492 -0.000431996 0.00987131 -0.0181842 -0.000434015 0.00104567 -0.0181842 0.0894716 
0.0102954 -0.0187109 0.000398533 -0.000468981 -0.0187109 0.0907246 -0.000466968 0.00113723 0.000398533 -0.000466968 0.0098969 -0.0181997 -0.000468981 0.00113723 -0.0181997 0.0894908 
0.0102911 -0.0187315 0.000399144 -0.000501953 -0.0187315 0.0908112 -0.00049389 0.00122565 0.000399144 -0.00049389 0.009904 -0.0182195 -0.000501953 0.00122565 -0.0182195 0.0895271 
0.0102732 -0.0187302 0.000373756 -0.000496995 -0.0187302 0.090841 -0.000494974 0.00124855 0.000373756 -0.000494974 0.00990555 -0.0182191 -0.000496995 0.00124855 -0.0182191 0.0895399 
0.010232 -0.0186776 0.000358911 -0.000466382 -0.0186776 0.0907316 -0.000462326 0.00120245 0.000358911 -0.000462326 0.00991569 -0.0182497 -0.000466382 0.00120245 -0.0182497 0.0895981 
0.0102051 -0.0186126 0.000355473 -0.000452974 -0.0186126 0.0905562 -0.000452974 0.00115783 0.000355473 -0.000452974 0.00991058 -0.0182733 -0.000452974 0.00115783 -0.0182733 0.0896807 
0.0102078 -0.0186069 0.00034675 -0.000440028 -0.0186069 0.0905059 -0.000440028 0.00111528 0.00034675 -0.000440028 0.00990368 -0.0182379 -0.000440028 0.00111528 -0.0182379 0.089636 
0.0101893 -0.0185948 0.00033816 -0.000431306 -0.0185948 0.0904649 -0.000433331 0.00108738 0.00033816 -0.000433331 0.00992004 -0.0182343 -0.000431306 0.00108738 -0.0182343 0.0896043 
0.0101119 -0.0185795 0.000352053 -0.000451768 -0.0185795 0.090437 -0.000449733 0.00113756 0.000352053 -0.000449733 0.00994906 -0.0182213 -0.000451768 0.00113756 -0.0182213 0.0895233 
0.0100812 -0.0184848 0.000350578 -0.000450452 -0.0184848 0.0902739 -0.000450452 0.00114142 0.000350578 -0.000450452 0.00995479 -0.0182688 -0.000450452 0.00114142 -0.0182688 0.0896013 
0.0100973 -0.0184469 0.000354434 -0.000429803 -0.0184469 0.0901323 -0.000427766 0.00109386 0.000354434 -0.000427766 0.00993231 -0.0182819 -0.000429803 0.00109386 -0.0182819 0.0896678 
0.0101121 -0.0184604 0.000365007 -0.000432298 -0.0184604 0.0900975 -0.000434338 0.00108482 0.000365007 -0.000434338 0.00991635 -0.0182646 -0.000432298 0.00108482 -0.0182646 0.0896652 
0.010105 -0.0184638 0.00036805 -0.000464152 -0.0184638 0.0900843 -0.000462107 0.00113687 0.00036805 -0.000462107 0.00991486 -0.0182553 -0.000464152 0.00113687 -0.0182553 0.0896488 
0.0100963 -0.0184686 0.000374695 -0.000472976 -0.0184686 0.0901091 -0.000470928 0.00118756 0.000374695 -0.000470928 0.00991407 -0.0182413 -0.000472976 0.00118756 -0.0182413 0.0896054 
0.0101469 -0.0184689 0.000363336 -0.000449068 -0.0184689 0.090134 -0.00045315 0.00114716 0.000363336 -0.00045315 0.00989378 -0.0182403 -0.000449068 0.00114716 -0.0182403 0.0895951 
0.0101858 -0.0185259 0.000357753 -0.000447192 -0.0185259 0.0902291 -0.000445159 0.00112001 0.000357753 -0.000445159 0.00989107 -0.018221 -0.000447192 0.00112001 -0.018221 0.0895705 
0.0102276 -0.018587 0.000353441 -0.000428169 -0.018587 0.090382 -0.000426149 0.00107042 0.000353441 -0.000426149 0.00990847 -0.0182153 -0.000428169 0.00107042 -0.0182153 0.0895458 
0.0102509 -0.0186504 0.000347284 -0.000438143 -0.0186504 0.0905603 -0.000432086 0.00107618 0.000347284 -0.000432086 0.00991374 -0.0182263 -0.000438143 0.00107618 -0.0182263 0.0895286 
0.0102565 -0.018687 0.000320198 -0.000423554 -0.018687 0.0906992 -0.000417474 0.00105382 0.000320198 -0.000417474 0.00989575 -0.0182169 -0.000423554 0.00105382 -0.0182169 0.0894975 
0.0102341 -0.0186804 0.000331905 -0.000401137 -0.0186804 0.0907303 -0.000395028 0.00101404 0.000331905 -0.000395028 0.00987774 -0.0181978 -0.000401137 0.00101404 -0.0181978 0.0894617 
0.0102254 -0.0186476 0.00035498 -0.000413805 -0.0186476 0.090674 -0.000413805 0.0010122 0.00035498 -0.000413805 0.00989683 -0.0181973 -0.000413805 0.0010122 -0.0181973 0.0894731 
0.01024 -0.0186341 0.000358621 -0.000437639 -0.0186341 0.0906218 -0.000437639 0.00106371 0.000358621 -0.000437639 0.00989754 -0.0182167 -0.000437639 0.00106371 -0.0182167 0.0895114 
0.0102394 -0.0186369 0.000370391 -0.000465518 -0.0186369 0.0905838 -0.000457422 0.00114153 0.000370391 -0.000457422 0.00989327 -0.0182261 -0.000465518 0.00114153 -0.0182261 0.0895414 
0.0102154 -0.0186204 0.000371433 -0.00045871 -0.0186204 0.0905161 -0.00046074 0.00114678 0.000371433 -0.00046074 0.00989677 -0.0182368 -0.00045871 0.00114678 -0.0182368 0.0895865 
0.0101814 -0.0186117 0.000371747 -0.000453003 -0.0186117 0.0905032 -0.000453003 0.00112946 0.000371747 -0.000453003 0.00991732 -0.0182339 -0.000453003 0.00112946 -0.0182339 0.089587 
0.0101578 -0.0185708 0.000357053 -0.000466603 -0.0185708 0.0904338 -0.000466603 0.00115636 0.000357053 -0.000466603 0.00994474 -0.0182584 -0.000466603 0.00115636 -0.0182584 0.0896264 
0.0101866 -0.0185746 0.000326118 -0.00042132 -0.0185746 0.0904462 -0.000423346 0.00107356 0.000326118 -0.000423346 0.00993344 -0.0182606 -0.00042132 0.00107356 -0.0182606 0.0896238 
0.010199 -0.0185808 0.000327824 -0.000386509 -0.0185808 0.0904249 -0.000386509 0.000985497 0.000327824 -0.000386509 0.00994198 -0.0182792 -0.000386509 0.000985497 -0.0182792 0.0896883 
0.0101749 -0.0185933 0.000349667 -0.000412688 -0.0185933 0.0904519 -0.000414721 0.00101851 0.000349667 -0.000414721 0.00993094 -0.0182599 -0.000412688 0.00101851 -0.0182599 0.0896488 
0.0101369 -0.0185591 0.000368576 -0.000441884 -0.0185591 0.090405 -0.000450029 0.00108944 0.000368576 -0.000450029 0.00994137 -0.0182618 -0.000441884 0.00108944 -0.0182618 0.0896414 
0.010109 -0.0185071 0.000368229 -0.000445537 -0.0185071 0.0902873 -0.000445537 0.00110469 0.000368229 -0.000445537 0.00996863 -0.0182894 -0.000445537 0.00110469 -0.0182894 0.0897075 
0.010085 -0.0184606 0.000371252 -0.000458965 -0.0184606 0.090153 -0.000454886 0.00113211 0.000371252 -0.000454886 0.00997077 -0.0183137 -0.000458965 0.00113211 -0.0183137 0.0897553 
0.0100865 -0.0184345 0.00039179 -0.000477494 -0.0184345 0.0900647 -0.000471372 0.00117741 0.00039179 -0.000471372 0.00996003 -0.0183182 -0.000477494 0.00117741 -0.0183182 0.0897749 
0.010087 -0.0184202 0.000381374 -0.000473149 -0.0184202 0.08999 -0.00046907 0.00116452 0.000381374 -0.00046907 0.00994224 -0.0183039 -0.000473149 0.00116452 -0.0183039 0.0897637 
0.010132 -0.0184539 0.000382802 -0.000482575 -0.0184539 0.0900604 -0.000480539 0.00119117 0.000382802 -0.000480539 0.00988974 -0.0182483 -0.000482575 0.00119117 -0.0182483 0.0896267 
0.0101735 -0.0185235 0.000389029 -0.000492365 -0.0185235 0.0902224 -0.000486287 0.00122787 0.000389029 -0.000486287 0.00986959 -0.0181871 -0.000492365 0.00122787 -0.0181871 0.0894768 
0.010194 -0.0185897 0.000389979 -0.000491009 -0.0185897 0.0904083 -0.000488989 0.00123864 0.000389979 -0.000488989 0.00987474 -0.0181572 -0.000491009 0.00123864 -0.0181572 0.0893657 
0.0101899 -0.0186007 0.000374851 -0.000486294 -0.0186007 0.090479 -0.000486294 0.00122181 0.000374851 -0.000486294 0.00987784 -0.0181732 -0.000486294 0.00122181 -0.0181732 0.0893646 
0.0101994 -0.0185953 0.000338023 -0.000449348 -0.0185953 0.0905032 -0.000447324 0.00115373 0.000338023 -0.000447324 0.00987959 -0.0181925 -0.000449348 0.00115373 -0.0181925 0.0894243 
0.0101709 -0.0186008 0.000335571 -0.000447428 -0.0186008 0.0904944 -0.000443361 0.00114704 0.000335571 -0.000443361 0.00985766 -0.0181697 -0.000447428 0.00114704 -0.0181697 0.0893758 
0.0101662 -0.0185736 0.000319603 -0.000409174 -0.0185736 0.090462 -0.000405102 0.00104227 0.000319603 -0.000405102 0.00984052 -0.0181441 -0.000409174 0.00104227 -0.0181441 0.0893301 
0.0101285 -0.0185464 0.000318814 -0.00037808 -0.0185464 0.0903775 -0.000371949 0.000942135 0.000318814 -0.000371949 0.00984644 -0.0181315 -0.00037808 0.000942135 -0.0181315 0.0892903 
0.0100774 -0.0184851 0.000325737 -0.000385148 -0.0184851 0.0902373 -0.000379002 0.00093214 0.000325737 -0.000379002 0.00987454 -0.0181491 -0.000385148 0.00093214 -0.0181491 0.0893093 
0.0100502 -0.0184101 0.000342179 -0.000413894 -0.0184101 0.0900526 -0.000405698 0.000993755 0.000342179 -0.000405698 0.00990067 -0.018197 -0.000413894 0.000993755 -0.018197 0.0894174 
0.0100487 -0.0183974 0.000336325 -0.000459371 -0.0183974 0.0899609 -0.00045527 0.00111972 0.000336325 -0.00045527 0.00988469 -0.0181985 -0.000459371 0.00111972 -0.0181985 0.0894215 
0.0100162 -0.0183822 0.000313263 -0.000423827 -0.0183822 0.0899004 -0.000427922 0.00110768 0.000313263 -0.000427922 0.00990158 -0.0181775 -0.000423827 0.00110768 -0.0181775 0.0893968 
0.0100253 -0.0183471 0.000292099 -0.000373805 -0.0183471 0.0898378 -0.00037789 0.000982515 0.000292099 -0.00037789 0.00991094 -0.0182164 -0.000373805 0.000982515 -0.0182164 0.0894599 
0.0100533 -0.0183452 0.000290157 -0.000361674 -0.0183452 0.0897912 -0.000361674 0.000921554 0.000290157 -0.000361674 0.00989393 -0.018241 -0.000361674 0.000921554 -0.018241 0.0895399 
0.0100947 -0.0183765 0.000286143 -0.000351547 -0.0183765 0.0898264 -0.000347459 0.000872736 0.000286143 -0.000347459 0.00985967 -0.0182191 -0.000351547 0.000872736 -0.0182191 0.0895362 
0.0101031 -0.0184312 0.000268515 -0.000346404 -0.0184312 0.0899319 -0.000342305 0.000846539 0.000268515 -0.000342305 0.00984076 -0.0181729 -0.000346404 0.000846539 -0.0181729 0.0894502 
0.0101021 -0.0184658 0.000275028 -0.000342758 -0.0184658 0.0900612 -0.000344811 0.000855869 0.000275028 -0.000344811 0.00983121 -0.0181231 -0.000342758 0.000855869 -0.0181231 0.0893059 
0.0100649 -0.0184276 0.00028645 -0.000352395 -0.0184276 0.0899844 -0.000354456 0.000890261 0.00028645 -0.000354456 0.00982996 -0.0181267 -0.000352395 0.000890261 -0.0181267 0.0892775 
0.0100242 -0.0184082 0.000306632 -0.000376601 -0.0184082 0.0899522 -0.000380717 0.00094459 0.000306632 -0.000380717 0.00985543 -0.0181057 -0.000376601 0.00094459 -0.0181057 0.0892031 
0.00998962 -0.0183619 0.000337029 -0.00039046 -0.0183619 0.0898758 -0.000394571 0.000986426 0.000337029 -0.000394571 0.00988892 -0.0181297 -0.00039046 0.000986426 -0.0181297 0.089214 
0.0099848 -0.0183167 0.000341623 -0.000417312 -0.0183167 0.0897732 -0.000421403 0.00102487 0.000341623 -0.000421403 0.00992139 -0.0181797 -0.000417312 0.00102487 -0.0181797 0.0893088 
0.0100078 -0.0183035 0.000340805 -0.000430598 -0.0183035 0.089693 -0.000430598 0.00107139 0.000340805 -0.000430598 0.00990172 -0.0182096 -0.000430598 0.00107139 -0.0182096 0.089395 
0.00999978 -0.0183312 0.000346295 -0.000429813 -0.0183312 0.0897047 -0.00043185 0.00107963 0.000346295 -0.00043185 0.00991422 -0.0181988 -0.000429813 0.00107963 -0.0181988 0.0894174 
0.00999682 -0.0183299 0.000338047 -0.000443941 -0.0183299 0.0897433 -0.000441905 0.00111393 0.000338047 -0.000441905 0.00990518 -0.0182077 -0.000443941 0.00111393 -0.0182077 0.0894277 
0.00999841 -0.0183223 0.000324306 -0.000428328 -0.0183223 0.0897328 -0.000424249 0.00109326 0.000324306 -0.000424249 0.00990255 -0.0182142 -0.000428328 0.00109326 -0.0182142 0.0894574 
0.0100082 -0.0183251 0.000307125 -0.000405405 -0.0183251 0.0897441 -0.00040131 0.00103604 0.000307125 -0.00040131 0.00986691 -0.0181962 -0.000405405 0.00103604 -0.0181962 0.0894308 
0.00998019 -0.018333 0.000281508 -0.000351372 -0.018333 0.0897375 -0.000351372 0.00090206 0.000281508 -0.000351372 0.00986307 -0.0181542 -0.000351372 0.00090206 -0.0181542 0.0893635 
0.00993968 -0.0182981 0.000280747 -0.000357127 -0.0182981 0.0896821 -0.000361255 0.000893849 0.000280747 -0.000361255 0.00986949 -0.0181474 -0.000357127 0.000893849 -0.0181474 0.0893106 
0.00992175 -0.0182386 0.000286363 -0.000348168 -0.0182386 0.0895657 -0.000354348 0.000885871 0.000286363 -0.000354348 0.00988467 -0.0181624 -0.000348168 0.000885871 -0.0181624 0.0893102 
0.00992304 -0.0182228 0.000282221 -0.000356381 -0.0182228 0.0894969 -0.000360501 0.000887862 0.000282221 -0.000360501 0.00986536 -0.0181466 -0.000356381 0.000887862 -0.0181466 0.0892517 
0.00994688 -0.0182366 0.000289274 -0.000373989 -0.0182366 0.0895012 -0.000373989 0.000942205 0.000289274 -0.000373989 0.00981257 -0.0181065 -0.000373989 0.000942205 -0.0181065 0.0891541 
0.00994158 -0.0182317 0.000295192 -0.000361249 -0.0182317 0.0894577 -0.000361249 0.00092067 0.000295192 -0.000361249 0.00981772 -0.0180893 -0.000361249 0.00092067 -0.0180893 0.0891419 
0.00994109 -0.0182281 0.000314383 -0.000355479 -0.0182281 0.0894431 -0.000357534 0.000899999 0.000314383 -0.000357534 0.00983424 -0.0180925 -0.000355479 0.000899999 -0.0180925 0.0891287 
0.00992469 -0.0182223 0.000318428 -0.000400603 -0.0182223 0.0894228 -0.000398549 0.000973774 0.000318428 -0.000398549 0.00984457 -0.0181032 -0.000400603 0.000973774 -0.0181032 0.0891393 
0.00992581 -0.0182237 0.000316934 -0.000417777 -0.0182237 0.0894434 -0.000419835 0.00105782 0.000316934 -0.000419835 0.00983526 -0.0181023 -0.000417777 0.00105782 -0.0181023 0.0891326 
0.00992678 -0.018246 0.000264824 -0.00039103 -0.018246 0.0895003 -0.000382754 0.00100344 0.000264824 -0.000382754 0.00980264 -0.0180681 -0.00039103 0.00100344 -0.0180681 0.0890493 
0.00993265 -0.0182477 0.000225179 -0.000314011 -0.0182477 0.0895406 -0.000314011 0.000847002 0.000225179 -0.000314011 0.00979837 -0.0180412 -0.000314011 0.000847002 -0.0180412 0.0889786 
0.00992132 -0.0182406 0.000212364 -0.000280403 -0.0182406 0.0895311 -0.000278341 0.00073812 0.000212364 -0.000278341 0.00982029 -0.0180489 -0.000280403 0.00073812 -0.0180489 0.0889703 
0.00988067 -0.0182048 0.000239782 -0.000268721 -0.0182048 0.0894386 -0.000268721 0.000686272 0.000239782 -0.000268721 0.0098538 -0.0180849 -0.000268721 0.000686272 -0.0180849 0.0890397 
0.00988724 -0.0181613 0.000272296 -0.00031149 -0.0181613 0.08934 -0.000309428 0.000744689 0.000272296 -0.000309428 0.00984186 -0.0181098 -0.00031149 0.000744689 -0.0181098 0.0891048 
0.00990429 -0.0181609 0.000259178 -0.000333228 -0.0181609 0.089297 -0.000331171 0.000796046 0.000259178 -0.000331171 0.00985081 -0.018126 -0.000333228 0.000796046 -0.018126 0.08919 
0.00993271 -0.0181661 0.000250681 -0.000326707 -0.0181661 0.0892793 -0.000320542 0.000817794 0.000250681 -0.000320542 0.00984024 -0.0181517 -0.000326707 0.000817794 -0.0181517 0.0892711 
0.00996573 -0.0182223 0.000244168 -0.000326241 -0.0182223 0.0893818 -0.000322137 0.000822784 0.000244168 -0.000322137 0.00982211 -0.0181218 -0.000326241 0.000822784 -0.0181218 0.0892402 
0.00996648 -0.0182804 0.000261355 -0.000318977 -0.0182804 0.0895378 -0.000314861 0.00081905 0.000261355 -0.000314861 0.00981831 -0.0180829 -0.000318977 0.00081905 -0.0180829 0.0891324 
0.00996754 -0.0183006 0.000277905 -0.000339662 -0.0183006 0.0896625 -0.000337603 0.00084195 0.000277905 -0.000337603 0.00980903 -0.0180577 -0.000339662 0.00084195 -0.0180577 0.0890306 
0.00994385 -0.0182732 0.000312609 -0.000361969 -0.0182732 0.0896243 -0.000370195 0.000906978 0.000312609 -0.000370195 0.0098328 -0.0180799 -0.000361969 0.000906978 -0.0180799 0.0890587 
0.00993536 -0.0182399 0.000320827 -0.000386638 -0.0182399 0.0895396 -0.000390751 0.000958369 0.000320827 -0.000390751 0.00984282 -0.0181103 -0.000386638 0.000958369 -0.0181103 0.0891406 
0.00996151 -0.0182645 0.000332941 -0.000400762 -0.0182645 0.0895796 -0.000402817 0.000996767 0.000332941 -0.000402817 0.00983203 -0.0180959 -0.000400762 0.000996767 -0.0180959 0.0891254 
0.00997814 -0.0182843 0.000300249 -0.000401018 -0.0182843 0.0896202 -0.000401018 0.000991233 0.000300249 -0.000401018 0.00981773 -0.018089 -0.000401018 0.000991233 -0.018089 0.0891061 
0.00996729 -0.0182826 0.000281841 -0.000378531 -0.0182826 0.0896048 -0.000376473 0.000966899 0.000281841 -0.000376473 0.00980888 -0.018079 -0.000378531 0.000966899 -0.018079 0.0890884 
0.00993884 -0.0182686 0.00027436 -0.000367188 -0.0182686 0.0895733 -0.000367188 0.000959228 0.00027436 -0.000367188 0.00979444 -0.0180582 -0.000367188 0.000959228 -0.0180582 0.0890246 
0.00991483 -0.0182145 0.000254704 -0.000341676 -0.0182145 0.0894468 -0.000347889 0.000900783 0.000254704 -0.000347889 0.00978644 -0.0180654 -0.000341676 0.000900783 -0.0180654 0.0890367 
0.00993222 -0.0182077 0.00024552 -0.000334238 -0.0182077 0.0894292 -0.000338364 0.000868605 0.00024552 -0.000338364 0.00977129 -0.0180344 -0.000334238 0.000868605 -0.0180344 0.0889733 
0.00995779 -0.0182267 0.000224767 -0.000299002 -0.0182267 0.0894366 -0.000299002 0.000779467 0.000224767 -0.000299002 0.00975158 -0.0180164 -0.000299002 0.000779467 -0.0180164 0.0889314 
0.00997567 -0.0182516 0.000216862 -0.000293281 -0.0182516 0.0894712 -0.00028915 0.000743528 0.000216862 -0.00028915 0.00973609 -0.0179996 -0.000293281 0.000743528 -0.0179996 0.0888888 
0.00997548 -0.0182763 0.000221218 -0.000287377 -0.0182763 0.0895395 -0.000285309 0.000742217 0.000221218 -0.000285309 0.00973359 -0.0179724 -0.000287377 0.000742217 -0.0179724 0.0888221 
0.00998524 -0.0182658 0.000230587 -0.000284116 -0.0182658 0.089548 -0.00027794 0.00071029 0.000230587 -0.00027794 0.00973406 -0.0179858 -0.000284116 0.00071029 -0.0179858 0.0888295 
0.0099801 -0.018279 0.000226353 -0.00028397 -0.018279 0.0895678 -0.000281912 0.000707867 0.000226353 -0.000281912 0.00975786 -0.017993 -0.00028397 0.000707867 -0.017993 0.088862 
0.0100154 -0.0182997 0.000223568 -0.000258436 -0.0182997 0.0896384 -0.000258436 0.000652243 0.000223568 -0.000258436 0.00976314 -0.0180105 -0.000258436 0.000652243 -0.0180105 0.0889 
0.0100453 -0.0183403 0.000243609 -0.000290693 -0.0183403 0.0897238 -0.00029274 0.000710355 0.000243609 -0.00029274 0.00974845 -0.0180107 -0.000290693 0.000710355 -0.0180107 0.0889111 
0.0100498 -0.018355 0.000247764 -0.000325575 -0.018355 0.0897604 -0.00032148 0.000796532 0.000247764 -0.00032148 0.00974882 -0.0180213 -0.000325575 0.000796532 -0.0180213 0.0889536 
0.0100386 -0.0183386 0.00026794 -0.000335437 -0.0183386 0.0897273 -0.000331346 0.000846773 0.00026794 -0.000331346 0.00977266 -0.0180522 -0.000335437 0.000846773 -0.0180522 0.0890646 
0.010012 -0.0183404 0.000296275 -0.000341226 -0.0183404 0.0897303 -0.00033714 0.000854088 0.000296275 -0.00033714 0.00981792 -0.0180727 -0.000341226 0.000854088 -0.0180727 0.0891235 
0.00998672 -0.01835 0.000284925 -0.00034437 -0.01835 0.0897882 -0.000346419 0.000832226 0.000284925 -0.000346419 0.00983503 -0.0180856 -0.00034437 0.000832226 -0.0180856 0.0891179 
0.0100114 -0.0183263 0.000278322 -0.000349949 -0.0183263 0.0897772 -0.000351995 0.000859523 0.000278322 -0.000351995 0.00983131 -0.0181093 -0.000349949 0.000859523 -0.0181093 0.0891612 
0.0100428 -0.0183424 0.000259236 -0.000334761 -0.0183424 0.0897976 -0.000340885 0.000845067 0.000259236 -0.000340885 0.00981829 -0.0181138 -0.000334761 0.000845067 -0.0181138 0.0891933 
0.0100686 -0.0183922 0.000270353 -0.000337941 -0.0183922 0.0898882 -0.000342037 0.000860213 0.000270353 -0.000342037 0.009788 -0.0180768 -0.000337941 0.000860213 -0.0180768 0.0891263 
0.0100429 -0.0184014 0.000283826 -0.000337301 -0.0184014 0.0899215 -0.000347584 0.000861762 0.000283826 -0.000347584 0.00980023 -0.0180723 -0.000337301 0.000861762 -0.0180723 0.0891153 
0.0100513 -0.0183801 0.00029152 -0.000340791 -0.0183801 0.0899278 -0.000349003 0.000864295 0.00029152 -0.000349003 0.00981314 -0.0180845 -0.000340791 0.000864295 -0.0180845 0.0891435 
0.0100991 -0.0183956 0.000306219 -0.000342966 -0.0183956 0.0899489 -0.000347049 0.000845165 0.000306219 -0.000347049 0.00981331 -0.0180996 -0.000342966 0.000845165 -0.0180996 0.0891731 
0.0101248 -0.0184712 0.000313727 -0.000385028 -0.0184712 0.0900824 -0.000385028 0.000922846 0.000313727 -0.000385028 0.00980091 -0.0180698 -0.000385028 0.000922846 -0.0180698 0.0891025 
0.0100828 -0.018517 0.000329716 -0.000409092 -0.018517 0.0902262 -0.000402986 0.00100747 0.000329716 -0.000402986 0.00986298 -0.0180611 -0.000409092 0.00100747 -0.0180611 0.0890722 
0.0100538 -0.0184524 0.000340014 -0.000417383 -0.0184524 0.0901669 -0.000415347 0.00104855 0.000340014 -0.000415347 0.00990928 -0.0181612 -0.000417383 0.00104855 -0.0181612 0.0892446 
0.0100287 -0.0183904 0.000355468 -0.000433099 -0.0183904 0.0899907 -0.000433099 0.00108888 0.000355468 -0.000433099 0.00992043 -0.0182372 -0.000433099 0.00108888 -0.0182372 0.0894677 
0.0100417 -0.0183625 0.000355641 -0.000453748 -0.0183625 0.0898708 -0.000453748 0.0011405 0.000355641 -0.000453748 0.00991297 -0.0182603 -0.000453748 0.0011405 -0.0182603 0.0895989 
0.0100821 -0.018386 0.000355648 -0.000443036 -0.018386 0.0898815 -0.000443036 0.00112588 0.000355648 -0.000443036 0.00990532 -0.0182498 -0.000443036 0.00112588 -0.0182498 0.0896295 
0.0101232 -0.0184411 0.000362265 -0.000441194 -0.0184411 0.0900015 -0.000445241 0.00112525 0.000362265 -0.000445241 0.00990055 -0.0182286 -0.000441194 0.00112525 -0.0182286 0.0895846 
0.0101794 -0.0185184 0.000335742 -0.000436868 -0.0185184 0.0901951 -0.000436868 0.00109419 0.000335742 -0.000436868 0.0098619 -0.0181927 -0.000436868 0.00109419 -0.0181927 0.0894812 
0.0101913 -0.0185825 0.000349044 -0.000416011 -0.0185825 0.0903719 -0.00042007 0.00106742 0.000349044 -0.00042007 0.00982599 -0.0181401 -0.000416011 0.00106742 -0.0181401 0.0893329 
0.010187 -0.0185797 0.000352753 -0.000420041 -0.0185797 0.090419 -0.000432275 0.00105826 0.000352753 -0.000432275 0.00979349 -0.0181209 -0.000420041 0.00105826 -0.0181209 0.0892669 
0.0101742 -0.018571 0.000365258 -0.000461164 -0.018571 0.0904045 -0.000469326 0.00115291 0.000365258 -0.000469326 0.00977627 -0.0180752 -0.000461164 0.00115291 -0.0180752 0.0891822 
0.0101584 -0.018555 0.000347052 -0.000447085 -0.018555 0.0903805 -0.000453209 0.00113302 0.000347052 -0.000453209 0.00978483 -0.0180528 -0.000447085 0.00113302 -0.0180528 0.0891066 
0.0101306 -0.0185442 0.000310328 -0.000416493 -0.0185442 0.0903647 -0.000416493 0.00105757 0.000310328 -0.000416493 0.00981617 -0.0180542 -0.000416493 0.00105757 -0.0180542 0.0890622 
0.0100776 -0.0184822 0.000286355 -0.000388624 -0.0184822 0.0902161 -0.000384534 0.000992015 0.000286355 -0.000384534 0.00984038 -0.0180976 -0.000388624 0.000992015 -0.0180976 0.0891279 
0.0100539 -0.0184273 0.000286902 -0.000350431 -0.0184273 0.0900791 -0.000342233 0.000897594 0.000286902 -0.000342233 0.00984075 -0.018122 -0.000350431 0.000897594 -0.018122 0.0891836 
0.0100412 -0.0183856 0.00031353 -0.000360662 -0.0183856 0.089932 -0.000358613 0.00089141 0.00031353 -0.000358613 0.0098383 -0.0181356 -0.000360662 0.00089141 -0.0181356 0.0892394 
0.0100389 -0.0183753 0.000331492 -0.000401064 -0.0183753 0.0898752 -0.000392879 0.000971966 0.000331492 -0.000392879 0.0098363 -0.0181236 -0.000401064 0.000971966 -0.0181236 0.0892408 
