0.00704584 0 0.000355524 0 0 0.00998968 0 0 0.000355524 0 0.00759528 0 0 0 0 0.00998968 
0.0100101 -0.0124335 0.000427217 -0.000527883 -0.0124335 0.0330283 -0.000527883 0.00100666 0.000427217 -0.000527883 0.0106461 -0.0132192 -0.000527883 0.00100666 -0.0132192 0.0345358 
0.0100974 -0.0190022 0.000350779 -0.000626391 -0.0190022 0.0699678 -0.000626391 0.00199693 0.000350779 -0.000626391 0.0106236 -0.019824 -0.000626391 0.00199693 -0.019824 0.0725711 
0.00952141 -0.0187355 0.000275843 -0.000408925 -0.0187355 0.0842458 -0.000416184 0.00149294 0.000275843 -0.000416184 0.0100513 -0.0193864 -0.000408925 0.00149294 -0.0193864 0.0864114 
0.00945171 -0.0180348 0.000254399 -0.000291069 -0.0180348 0.0875911 -0.000291069 0.000854871 0.000254399 -0.000291069 0.0101255 -0.0186949 -0.000291069 0.000854871 -0.0186949 0.0892779 
0.00957832 -0.0178775 0.000312147 -0.000323061 -0.0178775 0.0884554 -0.000318695 0.00074435 0.000312147 -0.000318695 0.0103772 -0.0187157 -0.000323061 0.00074435 -0.0187157 0.0902715 
0.009669 -0.0178998 0.000369046 -0.000400678 -0.0178998 0.0887291 -0.000390134 0.000879383 0.000369046 -0.000390134 0.0105674 -0.0189689 -0.000400678 0.000879383 -0.0189689 0.0911501 
0.00971909 -0.0179426 0.000393569 -0.000463998 -0.0179426 0.0888307 -0.000457783 0.00106678 0.000393569 -0.000457783 0.0106077 -0.0191171 -0.000463998 0.00106678 -0.0191171 0.0916996 
0.00976062 -0.0180016 0.000392232 -0.00049491 -0.0180016 0.0889421 -0.000492857 0.00120339 0.000392232 -0.000492857 0.0105553 -0.0191023 -0.00049491 0.00120339 -0.0191023 0.091772 
0.00979479 -0.0180608 0.000372031 -0.000481811 -0.0180608 0.0890741 -0.000485877 0.00121368 0.000372031 -0.000485877 0.0105165 -0.0190183 -0.000481811 0.00121368 -0.0190183 0.0916173 
0.00980112 -0.0180852 0.000352427 -0.000461801 -0.0180852 0.0891377 -0.000471928 0.00119906 0.000352427 -0.000471928 0.0104796 -0.0189703 -0.000461801 0.00119906 -0.0189703 0.0914468 
0.0097939 -0.0181167 0.00030353 -0.00040066 -0.0181167 0.0892601 -0.000414824 0.00105628 0.00030353 -0.000414824 0.0104738 -0.0189241 -0.00040066 0.00105628 -0.0189241 0.0913221 
0.0098101 -0.0181405 0.000289068 -0.000349711 -0.0181405 0.0893684 -0.000357797 0.000915718 0.000289068 -0.000357797 0.010457 -0.0188986 -0.000349711 0.000915718 -0.0188986 0.0912079 
0.00980964 -0.0181635 0.000295605 -0.00033205 -0.0181635 0.0894509 -0.000338124 0.000826075 0.000295605 -0.000338124 0.0104373 -0.0188701 -0.00033205 0.000826075 -0.0188701 0.0911112 
0.00980253 -0.0181501 0.000323783 -0.000358185 -0.0181501 0.089437 -0.000362232 0.000851954 0.000323783 -0.000362232 0.0104238 -0.0188624 -0.000358185 0.000851954 -0.0188624 0.0910822 
0.00983078 -0.0181178 0.000345969 -0.000402619 -0.0181178 0.0893591 -0.000404642 0.000948886 0.000345969 -0.000404642 0.010377 -0.0188664 -0.000402619 0.000948886 -0.0188664 0.0911092 
0.00982955 -0.0181355 0.000337903 -0.000428955 -0.0181355 0.0893239 -0.000426932 0.00102383 0.000337903 -0.000426932 0.0103577 -0.0188234 -0.000428955 0.00102383 -0.0188234 0.091068 
0.00982985 -0.0181516 0.000335131 -0.000421943 -0.0181516 0.089359 -0.000415886 0.00104577 0.000335131 -0.000415886 0.0103568 -0.0187916 -0.000421943 0.00104577 -0.0187916 0.0909963 
0.00981763 -0.0181585 0.000324367 -0.000413013 -0.0181585 0.0893982 -0.000410999 0.00103354 0.000324367 -0.000410999 0.0103838 -0.0187951 -0.000413013 0.00103354 -0.0187951 0.0909758 
0.00978835 -0.018132 0.000310741 -0.000415667 -0.018132 0.0893543 -0.000409614 0.00104119 0.000310741 -0.000409614 0.0104139 -0.0188402 -0.000415667 0.00104119 -0.0188402 0.0910613 
0.00973786 -0.0180724 0.000318376 -0.000383268 -0.0180724 0.0892204 -0.000377185 0.000985547 0.000318376 -0.000377185 0.0104436 -0.0188978 -0.000383268 0.000985547 -0.0188978 0.0912138 
0.00972694 -0.0180141 0.00032335 -0.000396562 -0.0180141 0.0890738 -0.000400629 0.000984286 0.00032335 -0.000400629 0.0104184 -0.0189129 -0.000396562 0.000984286 -0.0189129 0.0912803 
0.00975622 -0.018047 0.000317077 -0.000373988 -0.018047 0.0891149 -0.000382118 0.000939036 0.000317077 -0.000382118 0.0103822 -0.0188519 -0.000373988 0.000939036 -0.0188519 0.0911678 
0.00977741 -0.018054 0.000305036 -0.000388412 -0.018054 0.0891293 -0.000390445 0.000955778 0.000305036 -0.000390445 0.0103366 -0.0188044 -0.000388412 0.000955778 -0.0188044 0.0910307 
0.00978597 -0.0180837 0.000292361 -0.000373572 -0.0180837 0.0891843 -0.000373572 0.000935961 0.000292361 -0.000373572 0.0103199 -0.0187497 -0.000373572 0.000935961 -0.0187497 0.0908816 
0.00979237 -0.0180865 0.000275727 -0.000362906 -0.0180865 0.0891978 -0.000356824 0.000906251 0.000275727 -0.000356824 0.0102972 -0.0187251 -0.000362906 0.000906251 -0.0187251 0.0907852 
0.00976909 -0.0180796 0.000255959 -0.000335184 -0.0180796 0.0891752 -0.00032909 0.000841007 0.000255959 -0.00032909 0.0103034 -0.0187175 -0.000335184 0.000841007 -0.0187175 0.0907617 
0.00972711 -0.0180731 0.000249256 -0.000316677 -0.0180731 0.0891784 -0.000312591 0.000798844 0.000249256 -0.000312591 0.0103094 -0.0187024 -0.000316677 0.000798844 -0.0187024 0.0907046 
0.00967695 -0.0179832 0.000254063 -0.000295041 -0.0179832 0.088996 -0.000292993 0.000741701 0.000254063 -0.000292993 0.0103203 -0.0187331 -0.000295041 0.000741701 -0.0187331 0.0907683 
0.00967056 -0.0179142 0.000281311 -0.000307811 -0.0179142 0.0888024 -0.000311888 0.0007522 0.000281311 -0.000311888 0.0103229 -0.01875 -0.000307811 0.0007522 -0.01875 0.0908348 
0.00967635 -0.0179268 0.000282744 -0.000331563 -0.0179268 0.0887612 -0.000337665 0.000791276 0.000282744 -0.000337665 0.0103273 -0.0187404 -0.000331563 0.000791276 -0.0187404 0.0908218 
0.0096897 -0.0179623 0.000276907 -0.000352242 -0.0179623 0.0888484 -0.000356314 0.000863298 0.000276907 -0.000356314 0.010327 -0.0187258 -0.000352242 0.000863298 -0.0187258 0.0907766 
0.00968309 -0.0179575 0.000269883 -0.000361889 -0.0179575 0.0888632 -0.000365978 0.000918013 0.000269883 -0.000365978 0.0103149 -0.0187385 -0.000361889 0.000918013 -0.0187385 0.0907851 
0.00969552 -0.0179849 0.000255468 -0.000331087 -0.0179849 0.0889438 -0.00033313 0.000872679 0.000255468 -0.00033313 0.0103148 -0.0187084 -0.000331087 0.000872679 -0.0187084 0.0907402 
0.00970448 -0.0179861 0.000243636 -0.000313246 -0.0179861 0.088966 -0.000309151 0.000800518 0.000243636 -0.000309151 0.0103044 -0.0187026 -0.000313246 0.000800518 -0.0187026 0.0907083 
0.00972437 -0.0179918 0.000234987 -0.000286071 -0.0179918 0.0889722 -0.000286071 0.000727438 0.000234987 -0.000286071 0.0103026 -0.018709 -0.000286071 0.000727438 -0.018709 0.0907192 
0.00976163 -0.0180086 0.000208216 -0.000277621 -0.0180086 0.0889774 -0.000277621 0.000689969 0.000208216 -0.000277621 0.010276 -0.0187129 -0.000277621 0.000689969 -0.0187129 0.0907269 
0.00975396 -0.0180335 0.000205969 -0.000271227 -0.0180335 0.0890072 -0.000273266 0.000693361 0.000205969 -0.000273266 0.0102903 -0.0186922 -0.000271227 0.000693361 -0.0186922 0.0907141 
0.00971199 -0.0180176 0.000233039 -0.000253481 -0.0180176 0.0889983 -0.000257569 0.000656188 0.000233039 -0.000257569 0.0103109 -0.0187024 -0.000253481 0.000656188 -0.0187024 0.0907114 
0.00968528 -0.0179793 0.000278242 -0.000315068 -0.0179793 0.0889229 -0.000315068 0.000759028 0.000278242 -0.000315068 0.0103154 -0.0187179 -0.000315068 0.000759028 -0.0187179 0.0907294 
0.0097178 -0.0179514 0.000268176 -0.000348015 -0.0179514 0.0888605 -0.000341873 0.000825 0.000268176 -0.000341873 0.0102685 -0.0187191 -0.000348015 0.000825 -0.0187191 0.0907254 
0.00974167 -0.0180052 0.000259641 -0.000343463 -0.0180052 0.0889323 -0.000339374 0.000856612 0.000259641 -0.000339374 0.0102385 -0.0186451 -0.000343463 0.000856612 -0.0186451 0.0905903 
0.00974533 -0.0180033 0.00024108 -0.000324844 -0.0180033 0.0889379 -0.000314629 0.000821305 0.00024108 -0.000314629 0.0102193 -0.0186183 -0.000324844 0.000821305 -0.0186183 0.090507 
0.00972025 -0.0179765 0.000222867 -0.000300563 -0.0179765 0.0888583 -0.000292385 0.000766743 0.000222867 -0.000292385 0.0102151 -0.0186206 -0.000300563 0.000766743 -0.0186206 0.0905002 
0.00973184 -0.0179732 0.000233074 -0.000282142 -0.0179732 0.088848 -0.000280097 0.000727844 0.000233074 -0.000280097 0.0101939 -0.0186029 -0.000282142 0.000727844 -0.0186029 0.0904673 
0.00973897 -0.0179957 0.000249089 -0.000294007 -0.0179957 0.088888 -0.00029809 0.000741142 0.000249089 -0.00029809 0.0101861 -0.0185694 -0.000294007 0.000741142 -0.0185694 0.0904009 
0.00972826 -0.0180119 0.000243155 -0.000300368 -0.0180119 0.0889397 -0.000306498 0.000741726 0.000243155 -0.000306498 0.0101962 -0.0185534 -0.000300368 0.000741726 -0.0185534 0.0903373 
0.00973901 -0.0180018 0.000232756 -0.000277674 -0.0180018 0.0889557 -0.000281757 0.000690102 0.000232756 -0.000281757 0.0101943 -0.0185776 -0.000277674 0.000690102 -0.0185776 0.0903645 
0.00975643 -0.0180395 0.000232636 -0.000283653 -0.0180395 0.0890322 -0.000283653 0.000687705 0.000232636 -0.000283653 0.0101993 -0.0185537 -0.000283653 0.000687705 -0.0185537 0.0903321 
0.00974425 -0.0180317 0.000224757 -0.000288098 -0.0180317 0.0890325 -0.000286055 0.000713093 0.000224757 -0.000286055 0.0101978 -0.0185731 -0.000288098 0.000713093 -0.0185731 0.0903401 
0.00972507 -0.0180132 0.000229259 -0.000294761 -0.0180132 0.088979 -0.000290667 0.000749185 0.000229259 -0.000290667 0.0102082 -0.0185863 -0.000294761 0.000749185 -0.0185863 0.0903996 
0.0097076 -0.0179753 0.000232111 -0.000295788 -0.0179753 0.0888802 -0.000287572 0.000743578 0.000232111 -0.000287572 0.0101944 -0.0185977 -0.000295788 0.000743578 -0.0185977 0.0904249 
0.00969787 -0.0179543 0.000219706 -0.000285413 -0.0179543 0.0888085 -0.000277199 0.000712505 0.000219706 -0.000277199 0.0101845 -0.0185785 -0.000285413 0.000712505 -0.0185785 0.0904122 
0.0097039 -0.0179512 0.000217466 -0.000279013 -0.0179512 0.0887917 -0.000281064 0.000711893 0.000217466 -0.000281064 0.0101819 -0.0185584 -0.000279013 0.000711893 -0.0185584 0.090357 
0.00973188 -0.017956 0.000220947 -0.000268 -0.017956 0.0887837 -0.000276183 0.000685343 0.000220947 -0.000276183 0.0101513 -0.0185452 -0.000268 0.000685343 -0.0185452 0.0903037 
0.00975201 -0.0179727 0.000218756 -0.000273956 -0.0179727 0.0887923 -0.000284178 0.000699201 0.000218756 -0.000284178 0.0101282 -0.0185227 -0.000273956 0.000699201 -0.0185227 0.0902603 
0.00973824 -0.0179948 0.000200831 -0.000276655 -0.0179948 0.0888512 -0.000278704 0.000700858 0.000200831 -0.000278704 0.0101276 -0.0184969 -0.000276655 0.000700858 -0.0184969 0.0902099 
0.00975872 -0.0180142 0.000192512 -0.000258048 -0.0180142 0.0889426 -0.000258048 0.000677888 0.000192512 -0.000258048 0.0101171 -0.018473 -0.000258048 0.000677888 -0.018473 0.0901346 
0.00976439 -0.0180247 0.000212536 -0.000251365 -0.0180247 0.088981 -0.000251365 0.000656 0.000212536 -0.000251365 0.0101302 -0.0184865 -0.000251365 0.000656 -0.0184865 0.0901541 
0.00976565 -0.0180382 0.000226728 -0.000275751 -0.0180382 0.0890245 -0.000277793 0.000694483 0.000226728 -0.000277793 0.0101517 -0.0184978 -0.000275751 0.000694483 -0.0184978 0.0901745 
0.00972017 -0.0180176 0.000230995 -0.000280055 -0.0180176 0.0889901 -0.000284144 0.000705249 0.000230995 -0.000284144 0.0101944 -0.0185327 -0.000280055 0.000705249 -0.0185327 0.0902535 
0.00970051 -0.017982 0.000230721 -0.000304226 -0.017982 0.088936 -0.000306267 0.000763627 0.000230721 -0.000306267 0.0102171 -0.01857 -0.000304226 0.000763627 -0.01857 0.0903366 
0.00968545 -0.0179683 0.000234786 -0.000296035 -0.0179683 0.088886 -0.000296035 0.000759483 0.000234786 -0.000296035 0.0102244 -0.0185828 -0.000296035 0.000759483 -0.0185828 0.090354 
0.00968879 -0.0179528 0.000233734 -0.000292676 -0.0179528 0.0888556 -0.000280481 0.000733722 0.000233734 -0.000280481 0.0102294 -0.018593 -0.000292676 0.000733722 -0.018593 0.090384 
0.00970183 -0.0179649 0.000229641 -0.00029264 -0.0179649 0.0888732 -0.000284511 0.0007316 0.000229641 -0.000284511 0.0102363 -0.018603 -0.00029264 0.0007316 -0.018603 0.0904156 
0.0097103 -0.017958 0.000219396 -0.000278308 -0.017958 0.0888391 -0.000272213 0.000684596 0.000219396 -0.000272213 0.0102364 -0.0186324 -0.000278308 0.000684596 -0.0186324 0.0905109 
0.00970767 -0.0179731 0.000243758 -0.000278291 -0.0179731 0.0888783 -0.000276259 0.000694711 0.000243758 -0.000276259 0.010246 -0.0186313 -0.000278291 0.000694711 -0.0186313 0.0905339 
0.00968325 -0.0179648 0.000241111 -0.00029015 -0.0179648 0.0888615 -0.000292193 0.000706985 0.000241111 -0.000292193 0.0102533 -0.0186534 -0.00029015 0.000706985 -0.0186534 0.090582 
0.00965889 -0.0179523 0.000239527 -0.000315275 -0.0179523 0.0888544 -0.00031937 0.000779999 0.000239527 -0.00031937 0.0102608 -0.0186463 -0.000315275 0.000779999 -0.0186463 0.0905802 
0.00970577 -0.0179392 0.000240302 -0.000301396 -0.0179392 0.0888406 -0.000301396 0.000773855 0.000240302 -0.000301396 0.0102638 -0.0186621 -0.000301396 0.000773855 -0.0186621 0.0906184 
0.00971897 -0.0179716 0.000250143 -0.000313187 -0.0179716 0.0888719 -0.000311153 0.000789069 0.000250143 -0.000311153 0.0102803 -0.0186692 -0.000313187 0.000789069 -0.0186692 0.0906453 
0.00973185 -0.0179966 0.000263791 -0.000294228 -0.0179966 0.088934 -0.000298286 0.000746731 0.000263791 -0.000298286 0.010302 -0.0186987 -0.000294228 0.000746731 -0.0186987 0.0907136 
0.00976773 -0.0180246 0.000271382 -0.000326063 -0.0180246 0.0890173 -0.000328089 0.000795919 0.000271382 -0.000328089 0.0103004 -0.0187254 -0.000326063 0.000795919 -0.0187254 0.0907773 
0.0097848 -0.0180535 0.00026588 -0.000332858 -0.0180535 0.0890699 -0.000332858 0.000821996 0.00026588 -0.000332858 0.0102983 -0.0187354 -0.000332858 0.000821996 -0.0187354 0.0908377 
0.00978464 -0.018079 0.000266706 -0.000331855 -0.018079 0.0891591 -0.000327783 0.000824548 0.000266706 -0.000327783 0.0102794 -0.0187101 -0.000331855 0.000824548 -0.0187101 0.0907919 
0.00976314 -0.0180637 0.0002811 -0.000329987 -0.0180637 0.0891292 -0.000329987 0.000829042 0.0002811 -0.000329987 0.0102826 -0.0187156 -0.000329987 0.000829042 -0.0187156 0.0907832 
0.00975906 -0.0180799 0.000296159 -0.000352957 -0.0180799 0.0891946 -0.000354985 0.00087225 0.000296159 -0.000354985 0.0103088 -0.0186763 -0.000352957 0.00087225 -0.0186763 0.0906978 
0.00975203 -0.0180819 0.000290106 -0.000359082 -0.0180819 0.089233 -0.000361111 0.000878433 0.000290106 -0.000361111 0.0103282 -0.0187027 -0.000359082 0.000878433 -0.0187027 0.0906815 
0.0097317 -0.0180685 0.000246037 -0.000331439 -0.0180685 0.089216 -0.000337539 0.000835714 0.000246037 -0.000337539 0.0103519 -0.0187314 -0.000331439 0.000835714 -0.0187314 0.0907309 
0.00972591 -0.0180427 0.000215544 -0.000313149 -0.0180427 0.089164 -0.000319249 0.000807273 0.000215544 -0.000319249 0.0103664 -0.0187605 -0.000313149 0.000807273 -0.0187605 0.0908152 
0.00970915 -0.018006 0.000199141 -0.000270263 -0.018006 0.0890588 -0.000268231 0.000721379 0.000199141 -0.000268231 0.0103797 -0.0187965 -0.000270263 0.000721379 -0.0187965 0.0909202 
0.00968876 -0.0179853 0.000200919 -0.000259774 -0.0179853 0.0889787 -0.000247597 0.000663641 0.000200919 -0.000247597 0.0104072 -0.0188153 -0.000259774 0.000663641 -0.0188153 0.0909858 
0.00970524 -0.0179483 0.000200212 -0.000240659 -0.0179483 0.0888518 -0.000226503 0.000598615 0.000200212 -0.000226503 0.0103949 -0.0188584 -0.000240659 0.000598615 -0.0188584 0.0911007 
0.00971747 -0.0179417 0.000242482 -0.000252585 -0.0179417 0.0887787 -0.000238441 0.000585998 0.000242482 -0.000238441 0.0103782 -0.0188631 -0.000252585 0.000585998 -0.0188631 0.0911813 
0.00972597 -0.017974 0.000258444 -0.000296807 -0.017974 0.0888219 -0.00028873 0.000670339 0.000258444 -0.00028873 0.010368 -0.0188381 -0.000296807 0.000670339 -0.0188381 0.091154 
0.00973915 -0.0180164 0.000261195 -0.000321939 -0.0180164 0.0889644 -0.000323963 0.000759289 0.000261195 -0.000323963 0.0103486 -0.0188081 -0.000321939 0.000759289 -0.0188081 0.09106 
0.00971735 -0.0180392 0.000257062 -0.000330508 -0.0180392 0.0890516 -0.000334589 0.00081403 0.000257062 -0.000334589 0.0103416 -0.0187757 -0.000330508 0.00081403 -0.0187757 0.0909632 
0.00970443 -0.0180295 0.000241485 -0.000321298 -0.0180295 0.0891019 -0.000325391 0.00082064 0.000241485 -0.000325391 0.0103327 -0.0187356 -0.000321298 0.00082064 -0.0187356 0.0908291 
0.00967355 -0.0179932 0.000237237 -0.000298592 -0.0179932 0.0890396 -0.000300637 0.000777157 0.000237237 -0.000300637 0.0103566 -0.0187397 -0.000298592 0.000777157 -0.0187397 0.0908087 
0.00965991 -0.0179131 0.000243937 -0.000276462 -0.0179131 0.0888195 -0.000278495 0.000711483 0.000243937 -0.000278495 0.0104019 -0.0188137 -0.000276462 0.000711483 -0.0188137 0.0909743 
0.00968209 -0.0178934 0.000238714 -0.000297381 -0.0178934 0.0887025 -0.000299404 0.000718166 0.000238714 -0.000299404 0.0104043 -0.0188625 -0.000297381 0.000718166 -0.0188625 0.091116 
0.00969624 -0.0179219 0.000214125 -0.000272707 -0.0179219 0.0887025 -0.000272707 0.000670657 0.000214125 -0.000272707 0.0104134 -0.0188794 -0.000272707 0.000670657 -0.0188794 0.0912174 
0.00972602 -0.0179705 0.00021367 -0.000258017 -0.0179705 0.0888303 -0.000258017 0.000636979 0.00021367 -0.000258017 0.0104094 -0.0188755 -0.000258017 0.000636979 -0.0188755 0.091229 
0.00972316 -0.0179966 0.000209403 -0.000249673 -0.0179966 0.0889159 -0.000245646 0.000606062 0.000209403 -0.000245646 0.0104098 -0.0188725 -0.000249673 0.000606062 -0.0188725 0.0912234 
0.00972969 -0.0180464 0.000199842 -0.00024627 -0.0180464 0.0890751 -0.000240214 0.000591452 0.000199842 -0.000240214 0.0103999 -0.0188437 -0.00024627 0.000591452 -0.0188437 0.091128 
0.00975626 -0.0180729 0.000193833 -0.00024431 -0.0180729 0.0891995 -0.000242291 0.000595632 0.000193833 -0.000242291 0.0103721 -0.0188099 -0.00024431 0.000595632 -0.0188099 0.0910005 
0.00975752 -0.0180459 0.000177593 -0.000226027 -0.0180459 0.0891577 -0.000224009 0.000563051 0.000177593 -0.000224009 0.0103549 -0.0188107 -0.000226027 0.000563051 -0.0188107 0.0910003 
0.00978439 -0.0180598 0.000192168 -0.000228579 -0.0180598 0.089166 -0.000218465 0.000558299 0.000192168 -0.000218465 0.0103225 -0.0187859 -0.000228579 0.000558299 -0.0187859 0.0909744 
0.00979274 -0.0181269 0.000218787 -0.000247148 -0.0181269 0.0893218 -0.000243097 0.00060369 0.000218787 -0.000243097 0.0103154 -0.0187184 -0.000247148 0.00060369 -0.0187184 0.0908229 
0.00978539 -0.0181035 0.000218577 -0.000255007 -0.0181035 0.0893051 -0.000248935 0.000615255 0.000218577 -0.000248935 0.0103379 -0.018745 -0.000255007 0.000615255 -0.018745 0.0908351 
0.00975528 -0.0180828 0.000249097 -0.0002815 -0.0180828 0.0892455 -0.00028555 0.000690585 0.000249097 -0.00028555 0.0103709 -0.0187774 -0.0002815 0.000690585 -0.0187774 0.0909142 
0.00971561 -0.0180528 0.000275678 -0.000318245 -0.0180528 0.0891797 -0.000324327 0.000778384 0.000275678 -0.000324327 0.010423 -0.0188251 -0.000318245 0.000778384 -0.0188251 0.0910243 
0.00970374 -0.0180131 0.000279682 -0.000344535 -0.0180131 0.0890989 -0.000350616 0.000847152 0.000279682 -0.000350616 0.0104516 -0.0188805 -0.000344535 0.000847152 -0.0188805 0.091156 
0.00971086 -0.0180021 0.000261252 -0.000340235 -0.0180021 0.0890503 -0.000340235 0.000846536 0.000261252 -0.000340235 0.0104663 -0.0189154 -0.000340235 0.000846536 -0.0189154 0.0912578 
0.00970647 -0.0179955 0.000201328 -0.000294875 -0.0179955 0.0890034 -0.000292841 0.000752439 0.000201328 -0.000292841 0.0104548 -0.0189371 -0.000294875 0.000752439 -0.0189371 0.0913217 
0.00973878 -0.0180118 0.000168505 -0.000239561 -0.0180118 0.0890376 -0.00022941 0.000625296 0.000168505 -0.00022941 0.0104473 -0.0189193 -0.000239561 0.000625296 -0.0189193 0.0913277 
0.00977627 -0.0180496 0.000165426 -0.000205774 -0.0180496 0.0891202 -0.000199722 0.000534608 0.000165426 -0.000199722 0.0104642 -0.018913 -0.000205774 0.000534608 -0.018913 0.0913212 
0.0097885 -0.0180747 0.000173892 -0.000188046 -0.0180747 0.089152 -0.00018198 0.000446862 0.000173892 -0.00018198 0.0104456 -0.0189279 -0.000188046 0.000446862 -0.0189279 0.0913135 
0.00974994 -0.0180704 0.00018979 -0.000230171 -0.0180704 0.0891547 -0.000228151 0.000522931 0.00018979 -0.000228151 0.0104687 -0.0189164 -0.000230171 0.000522931 -0.0189164 0.091309 
0.00971886 -0.0180378 0.000183565 -0.000244081 -0.0180378 0.0891198 -0.000248115 0.000589022 0.000183565 -0.000248115 0.0104834 -0.0189395 -0.000244081 0.000589022 -0.0189395 0.0913327 
0.00970514 -0.0179998 0.000184147 -0.00023676 -0.0179998 0.089038 -0.000240807 0.000592912 0.000184147 -0.000240807 0.0104599 -0.0189449 -0.00023676 0.000592912 -0.0189449 0.0913328 
0.00971074 -0.0180129 0.000183908 -0.000222306 -0.0180129 0.0890619 -0.000222306 0.000561828 0.000183908 -0.000222306 0.0104545 -0.0189082 -0.000222306 0.000561828 -0.0189082 0.0912789 
0.00973369 -0.018046 0.000203625 -0.000209674 -0.018046 0.0891617 -0.000209674 0.000520152 0.000203625 -0.000209674 0.0104635 -0.0188948 -0.000209674 0.000520152 -0.0188948 0.0912322 
0.00976314 -0.0180686 0.000201053 -0.000243274 -0.0180686 0.0892113 -0.000243274 0.00056697 0.000201053 -0.000243274 0.0104729 -0.0189171 -0.000243274 0.00056697 -0.0189171 0.091252 
0.00974154 -0.0180531 0.000197654 -0.000248076 -0.0180531 0.0891502 -0.00025211 0.000609098 0.000197654 -0.00025211 0.0104737 -0.0189486 -0.000248076 0.000609098 -0.0189486 0.0913466 
0.0097396 -0.0180338 0.000169104 -0.000231512 -0.0180338 0.0891119 -0.000233525 0.000577773 0.000169104 -0.000233525 0.0104825 -0.0189658 -0.000231512 0.000577773 -0.0189658 0.091429 
0.00972757 -0.0180378 0.000151206 -0.000201608 -0.0180378 0.0891065 -0.000201608 0.00052418 0.000151206 -0.000201608 0.0104896 -0.0189572 -0.000201608 0.00052418 -0.0189572 0.0914291 
0.00975016 -0.0180495 0.00014849 -0.000176582 -0.0180495 0.089156 -0.000176582 0.000457509 0.00014849 -0.000176582 0.0105107 -0.0189726 -0.000176582 0.000457509 -0.0189726 0.0914556 
0.00975472 -0.0180633 0.000176993 -0.000185038 -0.0180633 0.0891964 -0.000183027 0.00043846 0.000176993 -0.000183027 0.010521 -0.0189966 -0.000185038 0.00043846 -0.0189966 0.0914913 
0.00970789 -0.0180408 0.000173897 -0.000218382 -0.0180408 0.0891363 -0.000214338 0.00050147 0.000173897 -0.000214338 0.0105349 -0.0190235 -0.000218382 0.00050147 -0.0190235 0.0915648 
0.0096804 -0.0179842 0.000186239 -0.000216604 -0.0179842 0.0890346 -0.00021458 0.000524304 0.000186239 -0.00021458 0.0105407 -0.0190409 -0.000216604 0.000524304 -0.0190409 0.0916115 
0.00970555 -0.0179921 0.000195522 -0.000225757 -0.0179921 0.0890391 -0.000225757 0.000548268 0.000195522 -0.000225757 0.0105481 -0.0190261 -0.000225757 0.000548268 -0.0190261 0.0916051 
0.00968966 -0.0179925 0.000191495 -0.000241889 -0.0179925 0.089007 -0.000239873 0.000576501 0.000191495 -0.000239873 0.0105685 -0.0190447 -0.000241889 0.000576501 -0.0190447 0.0916335 
0.00967602 -0.017975 0.000157959 -0.000216688 -0.017975 0.0889777 -0.000218713 0.000530581 0.000157959 -0.000218713 0.010563 -0.0190645 -0.000216688 0.000530581 -0.0190645 0.0916569 
0.00968088 -0.017988 0.000139599 -0.000184109 -0.017988 0.0890095 -0.000186132 0.000475446 0.000139599 -0.000186132 0.0105448 -0.019032 -0.000184109 0.000475446 -0.019032 0.091587 
0.0096682 -0.0179581 0.00012972 -0.000154043 -0.0179581 0.0889373 -0.000156069 0.000403348 0.00012972 -0.000156069 0.0105377 -0.0190303 -0.000154043 0.000403348 -0.0190303 0.0915682 
0.00969186 -0.0179493 0.000137962 -0.000170424 -0.0179493 0.0889046 -0.000166366 0.000417945 0.000137962 -0.000166366 0.0104851 -0.0190043 -0.000170424 0.000417945 -0.0190043 0.0915157 
0.00969019 -0.0179619 0.000154005 -0.00019048 -0.0179619 0.0888915 -0.000182375 0.000464043 0.000154005 -0.000182375 0.0104825 -0.018967 -0.00019048 0.000464043 -0.018967 0.0914549 
0.00967094 -0.0179571 0.000150031 -0.000196663 -0.0179571 0.0888713 -0.000196663 0.000484561 0.000150031 -0.000196663 0.010484 -0.0189526 -0.000196663 0.000484561 -0.0189526 0.0913935 
0.00963811 -0.017926 0.000138064 -0.000166489 -0.017926 0.0888099 -0.00016852 0.000428406 0.000138064 -0.00016852 0.0104949 -0.0189615 -0.000166489 0.000428406 -0.0189615 0.0913884 
0.00964298 -0.0178948 0.000125734 -0.000148041 -0.0178948 0.0887478 -0.000156153 0.000377202 0.000125734 -0.000156153 0.0104927 -0.0189736 -0.000148041 0.000377202 -0.0189736 0.0914247 
0.00967021 -0.0179109 0.000127559 -0.000153881 -0.0179109 0.0887509 -0.00016198 0.000386727 0.000127559 -0.00016198 0.010468 -0.0189598 -0.000153881 0.000386727 -0.0189598 0.0914074 
0.00971072 -0.0179609 0.000135348 -0.000157569 -0.0179609 0.0888469 -0.00016363 0.000395944 0.000135348 -0.00016363 0.0104561 -0.0189305 -0.000157569 0.000395944 -0.0189305 0.0913519 
0.00969515 -0.0179708 0.000111695 -0.000142158 -0.0179708 0.088881 -0.000138096 0.000337117 0.000111695 -0.000138096 0.0104344 -0.0189212 -0.000142158 0.000337117 -0.0189212 0.0913119 
0.00968421 -0.0179739 0.000111968 -0.000150648 -0.0179739 0.0889127 -0.000142505 0.000350154 0.000111968 -0.000142505 0.0104049 -0.0188819 -0.000150648 0.000350154 -0.0188819 0.0912152 
0.00966372 -0.0179603 9.77985e-05 -0.000142623 -0.0179603 0.0889029 -0.00013651 0.00034637 9.77985e-05 -0.00013651 0.0103992 -0.0188425 -0.000142623 0.00034637 -0.0188425 0.0911095 
0.00967689 -0.0179533 9.98879e-05 -0.000122312 -0.0179533 0.0888941 -0.000122312 0.000309856 9.98879e-05 -0.000122312 0.010372 -0.0188095 -0.000122312 0.000309856 -0.0188095 0.0909917 
0.00968376 -0.0179368 0.000134894 -0.000136938 -0.0179368 0.0888318 -0.000141026 0.000347454 0.000134894 -0.000141026 0.0103317 -0.0187891 -0.000136938 0.000347454 -0.0187891 0.0909206 
0.00968399 -0.0179323 0.00012253 -0.000163374 -0.0179323 0.0887897 -0.000171543 0.000392098 0.00012253 -0.000171543 0.0103171 -0.0187472 -0.000163374 0.000392098 -0.0187472 0.0908564 
0.00970264 -0.0179407 0.000122046 -0.000152557 -0.0179407 0.0887964 -0.000162728 0.000402751 0.000122046 -0.000162728 0.0103068 -0.01873 -0.000152557 0.000402751 -0.01873 0.0908 
0.00970506 -0.0179518 0.000126278 -0.000158866 -0.0179518 0.0887937 -0.000162939 0.000413458 0.000126278 -0.000162939 0.0102855 -0.0187095 -0.000158866 0.000413458 -0.0187095 0.0907286 
0.00968885 -0.017972 0.000124451 -0.000148934 -0.017972 0.0888583 -0.000148934 0.000379475 0.000124451 -0.000148934 0.0102785 -0.0186738 -0.000148934 0.000379475 -0.0186738 0.0906476 
0.00966733 -0.0179387 0.000118367 -0.000130612 -0.0179387 0.0888182 -0.000122449 0.000310203 0.000118367 -0.000122449 0.0102979 -0.0186938 -0.000130612 0.000310203 -0.0186938 0.0906774 
0.00964787 -0.0179172 0.000114031 -0.000138467 -0.0179172 0.0887632 -0.000130322 0.000305441 0.000114031 -0.000130322 0.0103382 -0.0187235 -0.000138467 0.000305441 -0.0187235 0.0907425 
0.00962945 -0.0178739 8.9747e-05 -0.000146859 -0.0178739 0.0886517 -0.0001387 0.000338591 8.9747e-05 -0.0001387 0.0103393 -0.0187653 -0.000146859 0.000338591 -0.0187653 0.0908383 
0.00964342 -0.0178676 6.92306e-05 -0.000114027 -0.0178676 0.0886173 -0.000120136 0.00031561 6.92306e-05 -0.000120136 0.0103255 -0.0187615 -0.000114027 0.00031561 -0.0187615 0.0908611 
0.00967386 -0.0178654 6.9041e-05 -9.5439e-05 -0.0178654 0.0885816 -9.5439e-05 0.000266011 6.9041e-05 -9.5439e-05 0.0102973 -0.0187588 -9.5439e-05 0.000266011 -0.0187588 0.0908823 
0.00969321 -0.0179421 7.93359e-05 -8.34044e-05 -0.0179421 0.0887382 -8.95071e-05 0.000229871 7.93359e-05 -8.95071e-05 0.0102831 -0.0186989 -8.34044e-05 0.000229871 -0.0186989 0.0907602 
0.00970949 -0.0179711 7.94191e-05 -7.12735e-05 -0.0179711 0.0888618 -6.72007e-05 0.00016902 7.94191e-05 -6.72007e-05 0.0102736 -0.0186777 -7.12735e-05 0.00016902 -0.0186777 0.0906884 
0.00972724 -0.0179919 7.11948e-05 -0.000101707 -0.0179919 0.0889386 -0.000101707 0.000227823 7.11948e-05 -0.000101707 0.0102683 -0.0186774 -0.000101707 0.000227823 -0.0186774 0.0906533 
