0.00720182 0 -0.000433192 0 0 0.00998779 0 0 -0.000433192 0 0.0074482 0 0 0 0 0.00998779 
0.0101883 -0.0126639 -0.000517799 0.000641084 -0.0126639 0.0334695 0.000641084 -0.00122546 -0.000517799 0.000641084 0.0104768 -0.0130115 0.000641084 -0.00122546 -0.0130115 0.0341303 
0.0102482 -0.0192189 -0.000397355 0.000734353 -0.0192189 0.0706261 0.000734353 -0.00235395 -0.000397355 0.000734353 0.0104872 -0.0196263 0.000734353 -0.00235395 -0.0196263 0.0719465 
0.00966719 -0.0188904 -0.000344477 0.000519142 -0.0188904 0.0846807 0.00051429 -0.00192373 -0.000344477 0.00051429 0.00992676 -0.0192349 0.000519142 -0.00192373 -0.0192349 0.0859495 
0.00964537 -0.0181968 -0.000365407 0.000427457 -0.0181968 0.0879069 0.000415967 -0.0012433 -0.000365407 0.000415967 0.00992345 -0.0185186 0.000427457 -0.0012433 -0.0185186 0.0888514 
0.00978144 -0.0181177 -0.000409476 0.00045546 -0.0181177 0.0888826 0.000440132 -0.00104887 -0.000409476 0.000440132 0.0101427 -0.0184308 0.00045546 -0.00104887 -0.0184308 0.0896337 
0.00989157 -0.0181882 -0.000463866 0.000544354 -0.0181882 0.0893546 0.000529528 -0.00122003 -0.000463866 0.000529528 0.010258 -0.0185949 0.000544354 -0.00122003 -0.0185949 0.0902209 
0.00994367 -0.0182414 -0.000499143 0.000598147 -0.0182414 0.0895652 0.000594021 -0.00141286 -0.000499143 0.000594021 0.0103191 -0.0187014 0.000598147 -0.00141286 -0.0187014 0.0906275 
0.00997277 -0.0182695 -0.000495088 0.000626976 -0.0182695 0.0896251 0.000629005 -0.00154005 -0.000495088 0.000629005 0.010336 -0.0187565 0.000626976 -0.00154005 -0.0187565 0.0908161 
0.0100118 -0.0183059 -0.000507434 0.000640334 -0.0183059 0.089683 0.000646375 -0.00163305 -0.000507434 0.000646375 0.0102917 -0.0187489 0.000640334 -0.00163305 -0.0187489 0.0908368 
0.0100442 -0.0183462 -0.000487407 0.000634435 -0.0183462 0.0897715 0.000640477 -0.0016314 -0.000487407 0.000640477 0.0102194 -0.0187068 0.000634435 -0.0016314 -0.0187068 0.0907765 
0.010062 -0.0183942 -0.00047175 0.000602792 -0.0183942 0.0898967 0.00060884 -0.00156041 -0.00047175 0.00060884 0.0101588 -0.018622 0.000602792 -0.00156041 -0.018622 0.0906104 
0.0100522 -0.0184604 -0.000443807 0.000556776 -0.0184604 0.0900989 0.000554759 -0.00142018 -0.000443807 0.000554759 0.0101531 -0.018537 0.000556776 -0.00142018 -0.018537 0.0903994 
0.0100089 -0.0184432 -0.00043051 0.000537632 -0.0184432 0.0901484 0.000535611 -0.00135014 -0.00043051 0.000535611 0.0101968 -0.0185503 0.000537632 -0.00135014 -0.0185503 0.0903546 
0.0100063 -0.018395 -0.000412025 0.000499302 -0.018395 0.0900874 0.000503361 -0.00125637 -0.000412025 0.000503361 0.010187 -0.0185858 0.000499302 -0.00125637 -0.0185858 0.0904061 
0.010006 -0.0183603 -0.000407825 0.00049143 -0.0183603 0.08995 0.000497547 -0.00121532 -0.000407825 0.000497547 0.0101549 -0.0185866 0.00049143 -0.00121532 -0.0185866 0.0904536 
0.0100083 -0.0183481 -0.000398695 0.00049479 -0.0183481 0.0898883 0.00049888 -0.00121857 -0.000398695 0.00049888 0.0101064 -0.0185383 0.00049479 -0.00121857 -0.0185383 0.0903729 
0.00999512 -0.0183275 -0.000399805 0.000506419 -0.0183275 0.0897859 0.000514621 -0.00126502 -0.000399805 0.000514621 0.0100751 -0.0184915 0.000506419 -0.00126502 -0.0184915 0.0902657 
0.00998789 -0.0183207 -0.000394851 0.000482823 -0.0183207 0.089756 0.000488961 -0.00122956 -0.000394851 0.000488961 0.0100759 -0.0184475 0.000482823 -0.00122956 -0.0184475 0.0901611 
0.00997148 -0.0183165 -0.000402537 0.00049653 -0.0183165 0.0897474 0.000494487 -0.00123622 -0.000402537 0.000494487 0.0100798 -0.0184288 0.00049653 -0.00123622 -0.0184288 0.0900539 
0.0099528 -0.0182937 -0.000409606 0.00050946 -0.0182937 0.0896995 0.000507422 -0.00125735 -0.000409606 0.000507422 0.0101077 -0.0184526 0.00050946 -0.00125735 -0.0184526 0.0900684 
0.00994377 -0.0182603 -0.00039921 0.000502558 -0.0182603 0.0896074 0.000508638 -0.00126855 -0.00039921 0.000508638 0.0101403 -0.0185014 0.000502558 -0.00126855 -0.0185014 0.090193 
0.00996381 -0.0182761 -0.000391095 0.000498494 -0.0182761 0.0896358 0.000498494 -0.00125434 -0.000391095 0.000498494 0.0101219 -0.0185051 0.000498494 -0.00125434 -0.0185051 0.0902113 
0.00995834 -0.0183083 -0.000381297 0.000470537 -0.0183083 0.0897082 0.000474593 -0.00119865 -0.000381297 0.000474593 0.0101267 -0.0184929 0.000470537 -0.00119865 -0.0184929 0.0902132 
0.00995092 -0.0183043 -0.000386167 0.000467465 -0.0183043 0.0897351 0.000467465 -0.0011585 -0.000386167 0.000467465 0.0101277 -0.0184974 0.000467465 -0.0011585 -0.0184974 0.0902066 
0.00994728 -0.0183014 -0.000379917 0.000465704 -0.0183014 0.0897523 0.000467747 -0.00114179 -0.000379917 0.000467747 0.0100984 -0.0184811 0.000465704 -0.00114179 -0.0184811 0.0901649 
0.00991945 -0.018294 -0.000366859 0.000483031 -0.018294 0.0897459 0.000480993 -0.00119229 -0.000366859 0.000480993 0.0101273 -0.0184571 0.000483031 -0.00119229 -0.0184571 0.0901189 
0.00992038 -0.0182338 -0.000333595 0.000443437 -0.0182338 0.089613 0.000439369 -0.00112487 -0.000333595 0.000439369 0.0101482 -0.0185227 0.000443437 -0.00112487 -0.0185227 0.0902456 
0.00991922 -0.0182366 -0.00032645 0.000411611 -0.0182366 0.0895609 0.000413639 -0.0010564 -0.00032645 0.000413639 0.0101788 -0.0185489 0.000411611 -0.0010564 -0.0185489 0.0903496 
0.00990464 -0.0182192 -0.000337959 0.000409215 -0.0182192 0.089496 0.000411251 -0.00103424 -0.000337959 0.000411251 0.0101795 -0.0185816 0.000409215 -0.00103424 -0.0185816 0.0904305 
0.0099075 -0.0182233 -0.000324468 0.000399973 -0.0182233 0.0895123 0.000402014 -0.000989729 -0.000324468 0.000402014 0.0101483 -0.0185641 0.000399973 -0.000989729 -0.0185641 0.0904062 
0.00988935 -0.0182164 -0.000311652 0.000409425 -0.0182164 0.089489 0.000401278 -0.000989954 -0.000311652 0.000401278 0.0101562 -0.0185382 0.000409425 -0.000989954 -0.0185382 0.0903649 
0.00991844 -0.0182224 -0.000309062 0.000378194 -0.0182224 0.0895344 0.000374127 -0.000937352 -0.000309062 0.000374127 0.010138 -0.0185234 0.000378194 -0.000937352 -0.0185234 0.0902928 
0.00990755 -0.0182443 -0.000313749 0.000383018 -0.0182443 0.0895591 0.000378944 -0.000933098 -0.000313749 0.000378944 0.0101459 -0.0185112 0.000383018 -0.000933098 -0.0185112 0.0902518 
0.00990499 -0.0182407 -0.000332941 0.000403995 -0.0182407 0.0895936 0.000403995 -0.000994762 -0.000332941 0.000403995 0.0101628 -0.0185107 0.000403995 -0.000994762 -0.0185107 0.0902229 
0.00992867 -0.0182289 -0.000362109 0.000428867 -0.0182289 0.0895664 0.000426844 -0.00105598 -0.000362109 0.000426844 0.0101552 -0.0185444 0.000428867 -0.00105598 -0.0185444 0.0902765 
0.00994908 -0.0182629 -0.000386549 0.000463454 -0.0182629 0.0896105 0.000465478 -0.00113738 -0.000386549 0.000465478 0.0101434 -0.0185341 0.000463454 -0.00113738 -0.0185341 0.0903007 
0.00993845 -0.0182809 -0.000394946 0.000490138 -0.0182809 0.0896628 0.000486087 -0.00120509 -0.000394946 0.000486087 0.0101511 -0.018528 0.000490138 -0.00120509 -0.018528 0.0903088 
0.0099357 -0.018267 -0.000390433 0.000506342 -0.018267 0.0896491 0.000502275 -0.00126891 -0.000390433 0.000502275 0.0101207 -0.0185313 0.000506342 -0.00126891 -0.0185313 0.0902876 
0.00992592 -0.0182501 -0.000376521 0.000494566 -0.0182501 0.0896162 0.000486425 -0.00125371 -0.000376521 0.000486425 0.0100887 -0.0184882 0.000494566 -0.00125371 -0.0184882 0.0902064 
0.00990698 -0.0182425 -0.000360291 0.000464103 -0.0182425 0.0895801 0.000466139 -0.00118672 -0.000360291 0.000466139 0.010082 -0.0184481 0.000464103 -0.00118672 -0.0184481 0.0901052 
0.0098835 -0.0182366 -0.000351603 0.000449158 -0.0182366 0.0895836 0.00045119 -0.0011483 -0.000351603 0.00045119 0.010103 -0.0184256 0.000449158 -0.0011483 -0.0184256 0.0900328 
0.00988158 -0.0182122 -0.000331761 0.000421316 -0.0182122 0.0895489 0.000433528 -0.00107873 -0.000331761 0.000433528 0.0101055 -0.0184524 0.000421316 -0.00107873 -0.0184524 0.0900415 
0.00990133 -0.0181983 -0.000315978 0.000403637 -0.0181983 0.0894932 0.000407714 -0.0010254 -0.000315978 0.000407714 0.0100868 -0.0184674 0.000403637 -0.0010254 -0.0184674 0.0901048 
0.00989811 -0.0182138 -0.000299259 0.000385348 -0.0182138 0.0894786 0.000385348 -0.000969519 -0.000299259 0.000385348 0.010058 -0.0184373 0.000385348 -0.000969519 -0.0184373 0.0900668 
0.00990538 -0.0182057 -0.000289403 0.000359188 -0.0182057 0.0894686 0.000361241 -0.000907206 -0.000289403 0.000361241 0.0100388 -0.0184151 0.000359188 -0.000907206 -0.0184151 0.0900166 
0.00992424 -0.0182135 -0.000312687 0.000351518 -0.0182135 0.0894776 0.000359692 -0.000886969 -0.000312687 0.000359692 0.0100366 -0.0183893 0.000351518 -0.000886969 -0.0183893 0.0899558 
0.00992592 -0.0182224 -0.000320586 0.00038797 -0.0182224 0.089468 0.000394096 -0.000943381 -0.000320586 0.000394096 0.0100403 -0.0183878 0.00038797 -0.000943381 -0.0183878 0.0899275 
0.00994136 -0.0182245 -0.000327153 0.000402807 -0.0182245 0.0894865 0.000404852 -0.000995772 -0.000327153 0.000404852 0.0100272 -0.0184003 0.000402807 -0.000995772 -0.0184003 0.0899425 
0.00994326 -0.0182259 -0.000337025 0.000418728 -0.0182259 0.089473 0.000418728 -0.00105193 -0.000337025 0.000418728 0.010025 -0.0184016 0.000418728 -0.00105193 -0.0184016 0.0899734 
0.00994579 -0.0182418 -0.000340202 0.000454969 -0.0182418 0.0894957 0.00045087 -0.00113537 -0.000340202 0.00045087 0.00998678 -0.0183648 0.000454969 -0.00113537 -0.0183648 0.089879 
0.00993851 -0.0182777 -0.000358828 0.000451098 -0.0182777 0.0896044 0.000444947 -0.0011585 -0.000358828 0.000444947 0.00995696 -0.0182777 0.000451098 -0.0011585 -0.0182777 0.089666 
0.00992357 -0.0182677 -0.000344597 0.00045536 -0.0182677 0.0896301 0.000443053 -0.00114045 -0.000344597 0.000443053 0.00995844 -0.0182534 0.00045536 -0.00114045 -0.0182534 0.0895624 
0.009911 -0.0182611 -0.000324077 0.000420479 -0.0182611 0.0896318 0.000418428 -0.00106658 -0.000324077 0.000418428 0.00996638 -0.0182406 0.000420479 -0.00106658 -0.0182406 0.0894923 
0.00988896 -0.0182209 -0.000319594 0.000399492 -0.0182209 0.0895292 0.000393346 -0.00100795 -0.000319594 0.000393346 0.0099832 -0.018264 0.000399492 -0.00100795 -0.018264 0.0895149 
0.00987371 -0.018168 -0.000307273 0.000385116 -0.018168 0.0893878 0.000389213 -0.000970983 -0.000307273 0.000389213 0.00999252 -0.0183114 0.000385116 -0.000970983 -0.0183114 0.0896398 
0.0098454 -0.0181391 -0.000272629 0.000371022 -0.0181391 0.0892769 0.000379221 -0.000942928 -0.000272629 0.000379221 0.0100155 -0.0183338 0.000371022 -0.000942928 -0.0183338 0.089736 
0.00983762 -0.0181182 -0.000249624 0.000337606 -0.0181182 0.0892159 0.000341698 -0.000888005 -0.000249624 0.000341698 0.01003 -0.0183576 0.000337606 -0.000888005 -0.0183576 0.0898072 
0.00982358 -0.0181041 -0.000256839 0.000320535 -0.0181041 0.089154 0.000326699 -0.000846542 -0.000256839 0.000326699 0.010027 -0.0183671 0.000320535 -0.000846542 -0.0183671 0.0898423 
0.00983858 -0.0180956 -0.00026291 0.000343015 -0.0180956 0.0891387 0.000340961 -0.000866781 -0.00026291 0.000340961 0.0100008 -0.0183544 0.000343015 -0.000866781 -0.0183544 0.0898309 
0.00986699 -0.0181165 -0.000262737 0.000338684 -0.0181165 0.0891785 0.000340736 -0.000864157 -0.000262737 0.000340736 0.00997783 -0.0183279 0.000338684 -0.000864157 -0.0183279 0.08978 
0.0098684 -0.0181506 -0.000271212 0.00033285 -0.0181506 0.0892409 0.00033696 -0.000846509 -0.000271212 0.00033696 0.00996702 -0.0182903 0.00033285 -0.000846509 -0.0182903 0.0896868 
0.0099032 -0.0181798 -0.000301527 0.000346653 -0.0181798 0.0893545 0.000352807 -0.000873812 -0.000301527 0.000352807 0.00994218 -0.0182619 0.000346653 -0.000873812 -0.0182619 0.0895801 
0.0099131 -0.0182236 -0.000332008 0.00039554 -0.0182236 0.0894618 0.000399639 -0.000969381 -0.000332008 0.000399639 0.00992745 -0.0182215 0.00039554 -0.000969381 -0.0182215 0.0894618 
0.00991958 -0.0182192 -0.000335524 0.00041992 -0.0182192 0.0894779 0.000421978 -0.00103745 -0.000335524 0.000421978 0.00989282 -0.0182089 0.00041992 -0.00103745 -0.0182089 0.0894079 
0.00992682 -0.0182212 -0.000311632 0.000416885 -0.0182212 0.0894652 0.000416885 -0.00104015 -0.000311632 0.000416885 0.00985871 -0.0181758 0.000416885 -0.00104015 -0.0181758 0.0893517 
0.00993838 -0.018207 -0.000305099 0.000383435 -0.018207 0.0894207 0.000381373 -0.000983325 -0.000305099 0.000381373 0.00983531 -0.0181451 0.000383435 -0.000983325 -0.0181451 0.089295 
0.0099151 -0.0182117 -0.000296526 0.000372717 -0.0182117 0.0894047 0.000370658 -0.000930763 -0.000296526 0.000370658 0.0098595 -0.0181272 0.000372717 -0.000930763 -0.0181272 0.0892462 
0.00990223 -0.0181998 -0.000261615 0.000352253 -0.0181998 0.0894023 0.000350193 -0.000887843 -0.000261615 0.000350193 0.00987957 -0.0181441 0.000352253 -0.000887843 -0.0181441 0.0892334 
0.00985322 -0.0181566 -0.000230822 0.000323563 -0.0181566 0.0892849 0.000319441 -0.000824365 -0.000230822 0.000319441 0.00991711 -0.0181834 0.000323563 -0.000824365 -0.0181834 0.0893179 
0.009846 -0.018114 -0.000247854 0.000313948 -0.018114 0.0891841 0.000307752 -0.000811722 -0.000247854 0.000307752 0.00989351 -0.0181987 0.000313948 -0.000811722 -0.0181987 0.0893555 
0.00982945 -0.018098 -0.000256709 0.000327096 -0.018098 0.0891131 0.000320886 -0.000819811 -0.000256709 0.000320886 0.00987293 -0.0181704 0.000327096 -0.000819811 -0.0181704 0.0893284 
0.009811 -0.0180627 -0.000258511 0.000330894 -0.0180627 0.0890166 0.000326758 -0.000827234 -0.000258511 0.000326758 0.00987097 -0.0181723 0.000330894 -0.000827234 -0.0181723 0.0893227 
0.00982597 -0.0180654 -0.000234589 0.00029838 -0.0180654 0.089012 0.000294265 -0.000755211 -0.000234589 0.000294265 0.00987536 -0.0181518 0.00029838 -0.000755211 -0.0181518 0.0892754 
0.00985427 -0.0180905 -0.000246408 0.000318277 -0.0180905 0.0890622 0.000318277 -0.000798773 -0.000246408 0.000318277 0.00986043 -0.0181377 0.000318277 -0.000798773 -0.0181377 0.0892264 
0.00986769 -0.0181216 -0.000260757 0.000324406 -0.0181216 0.0891254 0.000326459 -0.000829494 -0.000260757 0.000326459 0.00983689 -0.0181257 0.000324406 -0.000829494 -0.0181257 0.0891891 
0.00987014 -0.018131 -0.000278177 0.000350297 -0.018131 0.0891672 0.000354418 -0.000896349 -0.000278177 0.000354418 0.00982275 -0.0181104 0.000350297 -0.000896349 -0.0181104 0.0891569 
0.00984446 -0.0181389 -0.000275239 0.00035181 -0.0181389 0.0892044 0.00035181 -0.00089401 -0.000275239 0.00035181 0.00982376 -0.0180851 0.00035181 -0.00089401 -0.0180851 0.089103 
0.00983117 -0.0180935 -0.00027881 0.000347472 -0.0180935 0.0891297 0.000353714 -0.00089885 -0.00027881 0.000353714 0.00979996 -0.0180852 0.000347472 -0.00089885 -0.0180852 0.0890902 
0.00982725 -0.0180555 -0.000245681 0.000324799 -0.0180555 0.0890095 0.000322717 -0.000820326 -0.000245681 0.000322717 0.00979186 -0.0180784 0.000324799 -0.000820326 -0.0180784 0.0890907 
0.00986249 -0.018094 -0.000229456 0.000293539 -0.018094 0.0890725 0.000295606 -0.000762788 -0.000229456 0.000295606 0.00977774 -0.0180216 0.000293539 -0.000762788 -0.0180216 0.0889526 
0.00983765 -0.0181332 -0.000201777 0.000267663 -0.0181332 0.0891648 0.000265604 -0.000683571 -0.000201777 0.000265604 0.00983765 -0.0180137 0.000267663 -0.000683571 -0.0180137 0.0888868 
0.0098173 -0.0180931 -0.000207872 0.000267557 -0.0180931 0.0891275 0.000267557 -0.000691533 -0.000207872 0.000267557 0.00986464 -0.0180951 0.000267557 -0.000691533 -0.0180951 0.0890081 
0.00981041 -0.0180671 -0.000193694 0.000255512 -0.0180671 0.0890499 0.000261693 -0.000655263 -0.000193694 0.000261693 0.00988459 -0.0181537 0.000255512 -0.000655263 -0.0181537 0.0891859 
0.00981272 -0.0180726 -0.000199033 0.000238424 -0.0180726 0.0890547 0.000240498 -0.000628197 -0.000199033 0.000240498 0.00986248 -0.0181576 0.000238424 -0.000628197 -0.0181576 0.0892433 
0.0098086 -0.0180893 -0.000216489 0.000266447 -0.0180893 0.0890871 0.000274774 -0.000676527 -0.000216489 0.000274774 0.00983566 -0.0181059 0.000266447 -0.000676527 -0.0181059 0.0891475 
0.00984163 -0.018061 -0.000239481 0.000283212 -0.018061 0.0890557 0.000287377 -0.000718443 -0.000239481 0.000287377 0.0097854 -0.0180798 0.000283212 -0.000718443 -0.0180798 0.0890661 
0.00984099 -0.0180946 -0.0002479 0.000308312 -0.0180946 0.0890689 0.000304146 -0.000756198 -0.0002479 0.000304146 0.00976808 -0.0180217 0.000308312 -0.000756198 -0.0180217 0.0889418 
0.00986379 -0.0181169 -0.000247322 0.000315907 -0.0181169 0.0891399 0.000313829 -0.00078769 -0.000247322 0.000313829 0.00975987 -0.017988 0.000315907 -0.00078769 -0.017988 0.0888281 
0.00988289 -0.018137 -0.000261441 0.000346513 -0.018137 0.0891909 0.000340288 -0.000877695 -0.000261441 0.000340288 0.00975425 -0.0179772 0.000346513 -0.000877695 -0.0179772 0.0887593 
0.00988119 -0.018169 -0.000265211 0.000341874 -0.018169 0.0892809 0.000335658 -0.000870225 -0.000265211 0.000335658 0.00976309 -0.0179639 0.000341874 -0.000870225 -0.0179639 0.0887173 
0.00988578 -0.0181584 -0.000273339 0.000335462 -0.0181584 0.0892743 0.000333391 -0.000859363 -0.000273339 0.000333391 0.00976982 -0.0179928 0.000335462 -0.000859363 -0.0179928 0.088767 
0.00989267 -0.0181348 -0.000263004 0.000337556 -0.0181348 0.0892079 0.000339627 -0.00085528 -0.000263004 0.000339627 0.00975392 -0.0180126 0.000337556 -0.00085528 -0.0180126 0.0888414 
0.00989521 -0.0181388 -0.000241548 0.000328257 -0.0181388 0.0891704 0.000328257 -0.000834063 -0.000241548 0.000328257 0.00975482 -0.0180129 0.000328257 -0.000834063 -0.0180129 0.0888917 
0.00990765 -0.0181637 -0.000235356 0.000303485 -0.0181637 0.0892391 0.000303485 -0.000786584 -0.000235356 0.000303485 0.00974249 -0.0179903 0.000303485 -0.000786584 -0.0179903 0.0888324 
0.00989668 -0.0181802 -0.00025089 0.000290286 -0.0181802 0.0892795 0.000296506 -0.000756817 -0.00025089 0.000296506 0.00974324 -0.0179811 0.000290286 -0.000756817 -0.0179811 0.0888192 
0.0098788 -0.0181586 -0.000234962 0.0003015 -0.0181586 0.0892627 0.000311896 -0.000754789 -0.000234962 0.000311896 0.00975196 -0.0179943 0.0003015 -0.000754789 -0.0179943 0.0888447 
0.00986681 -0.0181477 -0.000232796 0.000290995 -0.0181477 0.0892419 0.000303466 -0.000758665 -0.000232796 0.000303466 0.00976704 -0.0179876 0.000290995 -0.000758665 -0.0179876 0.0888345 
0.00984289 -0.0181275 -0.000230013 0.000273529 -0.0181275 0.0891973 0.000279745 -0.000712832 -0.000230013 0.000279745 0.0098118 -0.0180197 0.000273529 -0.000712832 -0.0180197 0.0888906 
0.00983098 -0.0181026 -0.000242612 0.000277864 -0.0181026 0.0891279 0.000279937 -0.000698806 -0.000242612 0.000279937 0.00982683 -0.0180591 0.000277864 -0.000698806 -0.0180591 0.088964 
0.0098449 -0.0180773 -0.000258749 0.000322919 -0.0180773 0.0890636 0.000316709 -0.000778318 -0.000258749 0.000316709 0.00981178 -0.0180752 0.000322919 -0.000778318 -0.0180752 0.0890139 
0.00986973 -0.0181017 -0.000231596 0.000320513 -0.0181017 0.089084 0.000316377 -0.000800248 -0.000231596 0.000316377 0.00979115 -0.0180645 0.000320513 -0.000800248 -0.0180645 0.0890323 
0.00990236 -0.0181505 -0.000231296 0.000291185 -0.0181505 0.089177 0.000287055 -0.000764103 -0.000231296 0.000287055 0.00977226 -0.0180349 0.000291185 -0.000764103 -0.0180349 0.0889643 
0.00988996 -0.0181625 -0.000208362 0.000278503 -0.0181625 0.0892263 0.00027644 -0.000705542 -0.000208362 0.00027644 0.00980125 -0.0180346 0.000278503 -0.000705542 -0.0180346 0.0889787 
0.0099168 -0.0181565 -0.000230193 0.000269244 -0.0181565 0.0892553 0.000267188 -0.000690579 -0.000230193 0.000267188 0.00981198 -0.0180804 0.000269244 -0.000690579 -0.0180804 0.0890642 
0.00997811 -0.0182098 -0.000256217 0.00030746 -0.0182098 0.0893582 0.000301311 -0.000760452 -0.000256217 0.000301311 0.00978953 -0.0180848 0.00030746 -0.000760452 -0.0180848 0.089102 
0.0100062 -0.0183084 -0.000258356 0.000340373 -0.0183084 0.089594 0.000340373 -0.000850933 -0.000258356 0.000340373 0.0097724 -0.0180316 0.000340373 -0.000850933 -0.0180316 0.0890014 
0.00999303 -0.0183459 -0.000236363 0.000322687 -0.0183459 0.0897461 0.000326798 -0.000836521 -0.000236363 0.000326798 0.00978133 -0.018015 0.000322687 -0.000836521 -0.018015 0.0889363 
0.00996085 -0.018303 -0.000244451 0.000279372 -0.018303 0.0896928 0.000293752 -0.000764165 -0.000244451 0.000293752 0.00982527 -0.0180606 0.000279372 -0.000764165 -0.0180606 0.0890211 
0.00994508 -0.0182689 -0.00025858 0.000305782 -0.0182689 0.0896084 0.000307834 -0.000761375 -0.00025858 0.000307834 0.00984247 -0.0180965 0.000305782 -0.000761375 -0.0180965 0.0891179 
0.00992156 -0.0182409 -0.000281769 0.000329073 -0.0182409 0.0895264 0.000329073 -0.000810343 -0.000281769 0.000329073 0.00985369 -0.0181175 0.000329073 -0.000810343 -0.0181175 0.0891788 
0.00992617 -0.0182202 -0.000273386 0.000353552 -0.0182202 0.0894753 0.000347385 -0.000863324 -0.000273386 0.000347385 0.00985011 -0.0181298 0.000353552 -0.000863324 -0.0181298 0.0892224 
0.00991883 -0.0182267 -0.000257178 0.000339475 -0.0182267 0.0894629 0.00033536 -0.00085383 -0.000257178 0.00033536 0.00986123 -0.018128 0.000339475 -0.00085383 -0.018128 0.0892387 
0.00991555 -0.0182107 -0.00025672 0.000318333 -0.0182107 0.089433 0.000314225 -0.000809181 -0.00025672 0.000314225 0.00987858 -0.0181532 0.000318333 -0.000809181 -0.0181532 0.0892831 
0.00993751 -0.0181996 -0.000259347 0.000319038 -0.0181996 0.0893964 0.000321096 -0.000806857 -0.000259347 0.000321096 0.00984694 -0.0181687 0.000319038 -0.000806857 -0.0181687 0.0893161 
0.00996722 -0.0182221 -0.000278184 0.00033176 -0.0182221 0.0894103 0.00033382 -0.000836611 -0.000278184 0.00033382 0.00981473 -0.0181376 0.00033176 -0.000836611 -0.0181376 0.0893031 
0.0099736 -0.018267 -0.000291034 0.000369469 -0.018267 0.0894941 0.000369469 -0.000916448 -0.000291034 0.000369469 0.0097899 -0.0180813 0.000369469 -0.000916448 -0.0180813 0.0891721 
0.00997564 -0.0182839 -0.000287203 0.000369851 -0.0182839 0.0895783 0.000369851 -0.000938057 -0.000287203 0.000369851 0.00978761 -0.0180524 0.000369851 -0.000938057 -0.0180524 0.0890741 
0.00998116 -0.018319 -0.000269428 0.000359922 -0.018319 0.0897029 0.000357866 -0.000919344 -0.000269428 0.000357866 0.00980428 -0.0180187 0.000359922 -0.000919344 -0.0180187 0.088942 
0.00997701 -0.0182984 -0.000262283 0.000340149 -0.0182984 0.0897029 0.00033605 -0.000883157 -0.000262283 0.00033605 0.00982128 -0.0180484 0.000340149 -0.000883157 -0.0180484 0.088955 
0.00997941 -0.0182675 -0.000258619 0.000344825 -0.0182675 0.0895992 0.000338668 -0.000874379 -0.000258619 0.000338668 0.009807 -0.0180972 0.000344825 -0.000874379 -0.0180972 0.0890614 
0.00996661 -0.0182794 -0.000235383 0.000311779 -0.0182794 0.0895901 0.00030765 -0.000794934 -0.000235383 0.00030765 0.00979524 -0.018077 0.000311779 -0.000794934 -0.018077 0.0890801 
0.00997984 -0.018274 -0.000243763 0.000295408 -0.018274 0.0896058 0.000295408 -0.000749882 -0.000243763 0.000295408 0.00978152 -0.0180633 0.000295408 -0.000749882 -0.0180633 0.0890583 
0.0100146 -0.0183103 -0.000247325 0.000307096 -0.0183103 0.0896781 0.000311218 -0.000766708 -0.000247325 0.000311218 0.00974668 -0.0180094 0.000307096 -0.000766708 -0.0180094 0.088932 
0.00998281 -0.0183166 -0.000251477 0.000321561 -0.0183166 0.0896659 0.000325683 -0.000812147 -0.000251477 0.000325683 0.0097705 -0.017993 0.000321561 -0.000812147 -0.017993 0.0888827 
0.00994082 -0.0182674 -0.000253256 0.000335616 -0.0182674 0.0895786 0.000337675 -0.000864778 -0.000253256 0.000337675 0.00980287 -0.0180306 0.000335616 -0.000864778 -0.0180306 0.0889259 
0.0099299 -0.0182384 -0.000271601 0.000339501 -0.0182384 0.0895213 0.000341559 -0.000884761 -0.000271601 0.000341559 0.00981056 -0.0180491 0.000339501 -0.000884761 -0.0180491 0.0889596 
0.00994262 -0.0182426 -0.000263817 0.000329772 -0.0182426 0.0895207 0.000338016 -0.000847101 -0.000263817 0.000338016 0.00978804 -0.0180447 0.000329772 -0.000847101 -0.0180447 0.088958 
0.00996898 -0.0182243 -0.000245105 0.000343971 -0.0182243 0.0894654 0.000346031 -0.000877435 -0.000245105 0.000346031 0.00976919 -0.0180657 0.000343971 -0.000877435 -0.0180657 0.0890267 
0.00996565 -0.0182334 -0.000224063 0.000296009 -0.0182334 0.0894298 0.000293954 -0.000783192 -0.000224063 0.000293954 0.00978887 -0.0180627 0.000296009 -0.000783192 -0.0180627 0.0890824 
0.00996326 -0.0182646 -0.000237122 0.00025568 -0.0182646 0.0895044 0.000259803 -0.000663942 -0.000237122 0.000259803 0.00977356 -0.0180357 0.00025568 -0.000663942 -0.0180357 0.0889971 
0.00997287 -0.0182571 -0.000247415 0.000284527 -0.0182571 0.0895084 0.000290712 -0.000682452 -0.000247415 0.000290712 0.00975844 -0.0180324 0.000284527 -0.000682452 -0.0180324 0.0889847 
0.00997729 -0.0182944 -0.000245715 0.00031592 -0.0182944 0.089587 0.00032005 -0.000772249 -0.000245715 0.00032005 0.00973157 -0.0179765 0.00031592 -0.000772249 -0.0179765 0.088852 
0.00996763 -0.0183066 -0.000220041 0.000308468 -0.0183066 0.0896593 0.000308468 -0.000775283 -0.000220041 0.000308468 0.0097661 -0.017959 0.000308468 -0.000775283 -0.017959 0.0887812 
0.00998711 -0.0182724 -0.000184985 0.000258978 -0.0182724 0.089625 0.000265145 -0.00069472 -0.000184985 0.000265145 0.00976719 -0.0180175 0.000258978 -0.00069472 -0.0180175 0.0888769 
0.0100096 -0.0182853 -0.000187848 0.000255969 -0.0182853 0.0895953 0.000255969 -0.000677079 -0.000187848 0.000255969 0.00972888 -0.0180231 0.000255969 -0.000677079 -0.0180231 0.0889244 
0.0100389 -0.0183408 -0.000215312 0.000248436 -0.0183408 0.0897021 0.000250507 -0.000648005 -0.000215312 0.000250507 0.00968488 -0.0179578 0.000248436 -0.000648005 -0.0179578 0.0888202 
0.0100466 -0.0183671 -0.000243629 0.00026634 -0.0183671 0.0898 0.000260146 -0.000654495 -0.000243629 0.000260146 0.00969561 -0.0179129 0.00026634 -0.000654495 -0.0179129 0.0887222 
0.0100325 -0.0183691 -0.000254695 0.000296109 -0.0183691 0.0898203 0.000289896 -0.000699893 -0.000254695 0.000289896 0.00970739 -0.0179301 0.000296109 -0.000699893 -0.0179301 0.0887063 
0.0100098 -0.0183544 -0.000266186 0.000321899 -0.0183544 0.0898057 0.000317772 -0.000775859 -0.000266186 0.000317772 0.00975395 -0.0179479 0.000321899 -0.000775859 -0.0179479 0.0887348 
0.0100274 -0.018317 -0.000271454 0.000329035 -0.018317 0.0897362 0.000329035 -0.000822588 -0.000271454 0.000329035 0.00976412 -0.0180188 0.000329035 -0.000822588 -0.0180188 0.0888745 
0.0100521 -0.0183408 -0.000268903 0.000338695 -0.0183408 0.0897336 0.000344853 -0.000851869 -0.000268903 0.000344853 0.00976878 -0.018035 0.000338695 -0.000851869 -0.018035 0.0889659 
0.0100785 -0.0183996 -0.00025837 0.000344493 -0.0183996 0.0898553 0.000344493 -0.000877637 -0.00025837 0.000344493 0.00975654 -0.0180182 0.000344493 -0.000877637 -0.0180182 0.0889448 
0.0100853 -0.0184203 -0.000246234 0.000324208 -0.0184203 0.0899409 0.000324208 -0.000845402 -0.000246234 0.000324208 0.00975085 -0.0180079 0.000324208 -0.000845402 -0.0180079 0.0889211 
0.0100805 -0.0184235 -0.000248218 0.000320017 -0.0184235 0.0899658 0.000315914 -0.000830814 -0.000248218 0.000315914 0.00974411 -0.0179969 0.000320017 -0.000830814 -0.0179969 0.088895 
0.0100776 -0.0184117 -0.000248196 0.000309733 -0.0184117 0.0899476 0.00030563 -0.000791767 -0.000248196 0.00030563 0.0097494 -0.0180035 0.000309733 -0.000791767 -0.0180035 0.0889302 
0.0101016 -0.018413 -0.000246081 0.000311703 -0.018413 0.0899365 0.000311703 -0.000783358 -0.000246081 0.000311703 0.00973251 -0.0180131 0.000311703 -0.000783358 -0.0180131 0.0889542 
0.0101198 -0.0184353 -0.000287378 0.000318169 -0.0184353 0.0899719 0.000316116 -0.000800553 -0.000287378 0.000316116 0.00972775 -0.0180166 0.000318169 -0.000800553 -0.0180166 0.0889866 
0.0101182 -0.0184693 -0.00030686 0.000350109 -0.0184693 0.0900542 0.000352169 -0.000840262 -0.00030686 0.000352169 0.00973097 -0.0179997 0.000350109 -0.000840262 -0.0179997 0.0889565 
0.0101049 -0.0184807 -0.000319451 0.000379219 -0.0184807 0.0901284 0.000379219 -0.000908889 -0.000319451 0.000379219 0.00973809 -0.0179758 0.000379219 -0.000908889 -0.0179758 0.0888712 
