0.00772389 0 -0.000226618 0 0 0.00999007 0 0 -0.000226618 0 0.00687947 0 0 0 0 0.00999007 
0.0108084 -0.0134171 -0.000277832 0.000341758 -0.0134171 0.0349208 0.000341758 -0.000656471 -0.000277832 0.000341758 0.00980035 -0.0121804 0.000341758 -0.000656471 -0.0121804 0.0325408 
0.0107433 -0.0200746 -0.000225332 0.000373049 -0.0200746 0.073368 0.000373049 -0.00118925 -0.000225332 0.000373049 0.00996467 -0.018695 0.000373049 -0.00118925 -0.018695 0.0689691 
0.0101207 -0.0195448 -0.000186881 0.000291242 -0.0195448 0.0870329 0.000296096 -0.00100964 -0.000186881 0.000296096 0.00944596 -0.0185449 0.000291242 -0.00100964 -0.0185449 0.0834288 
0.0101302 -0.018779 -0.000177117 0.00021162 -0.018779 0.0896212 0.000216221 -0.000634861 -0.000177117 0.000216221 0.0094171 -0.0179187 0.00021162 -0.000634861 -0.0179187 0.0871254 
0.0103415 -0.0187232 -0.000168599 0.000208012 -0.0187232 0.0903712 0.000205822 -0.000477332 -0.000168599 0.000205822 0.00955321 -0.0178036 0.000208012 -0.000477332 -0.0178036 0.0881554 
0.0105061 -0.0188762 -0.000152415 0.000209571 -0.0188762 0.0909476 0.000203221 -0.000484766 -0.000152415 0.000203221 0.00964028 -0.0179003 0.000209571 -0.000484766 -0.0179003 0.0886677 
0.010567 -0.0190388 -0.000153355 0.000201019 -0.0190388 0.091447 0.000194802 -0.000493221 -0.000153355 0.000194802 0.00967791 -0.0179031 0.000201019 -0.000493221 -0.0179031 0.0887508 
0.0105754 -0.0190505 -0.000153534 0.000192429 -0.0190505 0.0916005 0.000186288 -0.000472885 -0.000153534 0.000186288 0.00969516 -0.0179471 0.000192429 -0.000472885 -0.0179471 0.0888205 
0.0105596 -0.019054 -0.000158547 0.000191069 -0.019054 0.0916135 0.000191069 -0.00047564 -0.000158547 0.000191069 0.00971199 -0.0179666 0.000191069 -0.00047564 -0.0179666 0.0888552 
0.010524 -0.0190146 -0.000180435 0.000212873 -0.0190146 0.091519 0.000208818 -0.00052914 -0.000180435 0.000208818 0.00972726 -0.0179989 0.000212873 -0.00052914 -0.0179989 0.088932 
0.0104957 -0.0189807 -0.000221154 0.000219125 -0.0189807 0.0914259 0.000225212 -0.000535639 -0.000221154 0.000225212 0.00972266 -0.0180129 0.000219125 -0.000535639 -0.0180129 0.0889892 
0.0104699 -0.0189376 -0.000251798 0.000274134 -0.0189376 0.0913233 0.000278196 -0.000631525 -0.000251798 0.000278196 0.0097267 -0.0180238 0.000274134 -0.000631525 -0.0180238 0.0890389 
0.0104581 -0.0189151 -0.000247362 0.000302106 -0.0189151 0.0912543 0.000304134 -0.000713701 -0.000247362 0.000304134 0.00972823 -0.0180291 0.000302106 -0.000713701 -0.0180291 0.0890747 
0.0104554 -0.0189112 -0.000240843 0.000325846 -0.0189112 0.0912268 0.000319775 -0.000793365 -0.000240843 0.000319775 0.00972884 -0.0180187 0.000325846 -0.000793365 -0.0180187 0.0890613 
0.0104401 -0.0188902 -0.000247994 0.000304911 -0.0188902 0.0911745 0.000302878 -0.000776506 -0.000247994 0.000302878 0.00970836 -0.0180263 0.000304911 -0.000776506 -0.0180263 0.0890645 
0.0104634 -0.0188886 -0.000231662 0.000302786 -0.0188886 0.0911893 0.000304818 -0.000764077 -0.000231662 0.000304818 0.00968915 -0.0180025 0.000302786 -0.000764077 -0.0180025 0.0890373 
0.0104837 -0.0189411 -0.000222455 0.000268969 -0.0189411 0.0913119 0.000273014 -0.000697701 -0.000222455 0.000273014 0.0096849 -0.0179461 0.000268969 -0.000697701 -0.0179461 0.0889053 
0.0104802 -0.0189686 -0.000191908 0.000244431 -0.0189686 0.0913989 0.000242411 -0.000604006 -0.000191908 0.000242411 0.0097045 -0.0179485 0.000244431 -0.000604006 -0.0179485 0.0888576 
0.0104682 -0.0189555 -0.000175682 0.000240301 -0.0189555 0.0914071 0.000238281 -0.000595703 -0.000175682 0.000238281 0.00970491 -0.01797 0.000240301 -0.000595703 -0.01797 0.0888688 
0.0104472 -0.0189432 -0.000139377 0.000224216 -0.0189432 0.091375 0.000224216 -0.000573669 -0.000139377 0.000224216 0.00970793 -0.0179736 0.000224216 -0.000573669 -0.0179736 0.0888884 
0.0104043 -0.0189134 -0.000111243 0.000173944 -0.0189134 0.0913046 0.000175967 -0.000483403 -0.000111243 0.000175967 0.00972066 -0.0179648 0.000173944 -0.000483403 -0.0179648 0.0888815 
0.0103493 -0.0188441 -0.000107657 0.000146251 -0.0188441 0.0911613 0.000148283 -0.00040016 -0.000107657 0.000148283 0.00973384 -0.017995 0.000146251 -0.00040016 -0.017995 0.088931 
0.0103301 -0.0187721 -0.000122081 0.00013022 -0.0187721 0.0909792 0.00013429 -0.000337759 -0.000122081 0.00013429 0.00972786 -0.0180192 0.00013022 -0.000337759 -0.0180192 0.0890076 
0.0103129 -0.0187426 -0.000171202 0.000158973 -0.0187426 0.0908533 0.000154897 -0.000360747 -0.000171202 0.000154897 0.00971776 -0.0180088 0.000158973 -0.000360747 -0.0180088 0.0890068 
0.0103097 -0.0187282 -0.000174499 0.000200877 -0.0187282 0.0908045 0.00019479 -0.000426103 -0.000174499 0.00019479 0.00974761 -0.0180079 0.000200877 -0.000426103 -0.0180079 0.0890068 
0.0103296 -0.0187491 -0.000172531 0.000213127 -0.0187491 0.0908428 0.000213127 -0.000493237 -0.000172531 0.000213127 0.00972874 -0.0180062 0.000213127 -0.000493237 -0.0180062 0.0889612 
0.0103539 -0.0187661 -0.000162319 0.000208985 -0.0187661 0.0908903 0.000211014 -0.000513332 -0.000162319 0.000211014 0.00972288 -0.0180072 0.000208985 -0.000513332 -0.0180072 0.088981 
0.0103625 -0.0187934 -0.000166908 0.000211688 -0.0187934 0.0909526 0.000213723 -0.000535326 -0.000166908 0.000213723 0.00970508 -0.0179914 0.000211688 -0.000535326 -0.0179914 0.0889558 
0.0103873 -0.0188053 -0.00016462 0.000229655 -0.0188053 0.0909882 0.000231688 -0.000585316 -0.00016462 0.000231688 0.0096821 -0.0179781 0.000229655 -0.000585316 -0.0179781 0.0889396 
0.0104136 -0.0188308 -0.00015996 0.000208556 -0.0188308 0.0910459 0.000208556 -0.000558849 -0.00015996 0.000208556 0.00968875 -0.0179662 0.000208556 -0.000558849 -0.0179662 0.0889319 
0.0104442 -0.0188734 -0.000131234 0.000179689 -0.0188734 0.0911387 0.000185746 -0.000470422 -0.000131234 0.000185746 0.00967696 -0.0179568 0.000179689 -0.000470422 -0.0179568 0.0888835 
0.0104727 -0.0189183 -0.000121142 0.000141332 -0.0189183 0.0912602 0.000147389 -0.000381597 -0.000121142 0.000147389 0.00966308 -0.0179472 0.000141332 -0.000381597 -0.0179472 0.0888556 
0.0105159 -0.0189081 -9.49748e-05 0.000121244 -0.0189081 0.0912546 0.000127307 -0.000303111 -9.49748e-05 0.000127307 0.00964904 -0.0179886 0.000121244 -0.000303111 -0.0179886 0.0889874 
0.0105609 -0.0190148 -8.89678e-05 0.000119298 -0.0190148 0.091465 0.000125364 -0.000311387 -8.89678e-05 0.000125364 0.00962065 -0.0179189 0.000119298 -0.000311387 -0.0179189 0.0888768 
0.0105629 -0.0190626 -8.48752e-05 0.000109125 -0.0190626 0.0916228 0.000117209 -0.000286959 -8.48752e-05 0.000117209 0.00964142 -0.0178925 0.000109125 -0.000286959 -0.0178925 0.0887916 
0.0105792 -0.0190662 -9.24473e-05 0.000116564 -0.0190662 0.0917057 0.000114554 -0.000305478 -9.24473e-05 0.000114554 0.00967481 -0.0179247 0.000116564 -0.000305478 -0.0179247 0.0888237 
0.0105773 -0.0190915 -0.000110599 0.000122665 -0.0190915 0.0917453 0.000118643 -0.000307668 -0.000110599 0.000118643 0.00968449 -0.0179453 0.000122665 -0.000307668 -0.0179453 0.0888556 
0.0105687 -0.019072 -0.000138903 0.000157021 -0.019072 0.0917323 0.000159034 -0.000386512 -0.000138903 0.000159034 0.00969703 -0.0179809 0.000157021 -0.000386512 -0.0179809 0.0889441 
0.0105426 -0.0190589 -0.000182188 0.000194334 -0.0190589 0.0916851 0.000194334 -0.000471665 -0.000182188 0.000194334 0.00968836 -0.0179921 0.000194334 -0.000471665 -0.0179921 0.0889928 
0.0105256 -0.0190359 -0.000166076 0.000220759 -0.0190359 0.0916456 0.000212658 -0.000508354 -0.000166076 0.000212658 0.00970532 -0.0179848 0.000220759 -0.000508354 -0.0179848 0.0890046 
0.0105244 -0.0190132 -0.00016593 0.000218542 -0.0190132 0.0915873 0.000216519 -0.000552426 -0.00016593 0.000216519 0.00969679 -0.0179791 0.000218542 -0.000552426 -0.0179791 0.088977 
0.0105341 -0.0190112 -0.000173951 0.000200246 -0.0190112 0.0915608 0.000188109 -0.000501625 -0.000173951 0.000188109 0.00968663 -0.0179776 0.000200246 -0.000501625 -0.0179776 0.0889616 
0.0105271 -0.0190296 -0.000214179 0.000230344 -0.0190296 0.0915799 0.000222262 -0.000545552 -0.000214179 0.000222262 0.00970274 -0.0179689 0.000230344 -0.000545552 -0.0179689 0.0889451 
0.0105105 -0.0190295 -0.000207829 0.00027038 -0.0190295 0.0916043 0.000260291 -0.000627523 -0.000207829 0.000260291 0.00971753 -0.0179682 0.00027038 -0.000627523 -0.0179682 0.0889025 
0.0104736 -0.0189867 -0.000189404 0.000255897 -0.0189867 0.0915264 0.000249852 -0.000636719 -0.000189404 0.000249852 0.00974624 -0.0180055 0.000255897 -0.000636719 -0.0180055 0.0889654 
0.0104617 -0.018935 -0.000169748 0.00022633 -0.018935 0.0913889 0.000228351 -0.000592096 -0.000169748 0.000228351 0.00974635 -0.0180559 0.00022633 -0.000592096 -0.0180559 0.0891034 
0.0104668 -0.0189252 -0.000147506 0.000198021 -0.0189252 0.0913222 0.000200042 -0.000521322 -0.000147506 0.000200042 0.0097273 -0.0180462 0.000198021 -0.000521322 -0.0180462 0.0891278 
0.0104669 -0.0189367 -0.000147108 0.000181366 -0.0189367 0.0913341 0.000187412 -0.000477598 -0.000147108 0.000187412 0.00974341 -0.0180278 0.000181366 -0.000477598 -0.0180278 0.0891134 
0.0104498 -0.0189349 -0.000171805 0.000202124 -0.0189349 0.0913234 0.000198081 -0.000503288 -0.000171805 0.000198081 0.00973023 -0.0180254 0.000202124 -0.000503288 -0.0180254 0.0890819 
0.0104567 -0.0189107 -0.000194205 0.000220503 -0.0189107 0.0912924 0.00021848 -0.00053204 -0.000194205 0.00021848 0.00970821 -0.0180287 0.000220503 -0.00053204 -0.0180287 0.0890873 
0.0104864 -0.018931 -0.000181042 0.00022932 -0.018931 0.0913238 0.000217251 -0.000543127 -0.000181042 0.000217251 0.00972198 -0.0180137 0.00022932 -0.000543127 -0.0180137 0.089089 
0.0104719 -0.0189726 -0.000177013 0.00021322 -0.0189726 0.0913972 0.000209197 -0.000525005 -0.000177013 0.000209197 0.00974377 -0.0180051 0.00021322 -0.000525005 -0.0180051 0.0890336 
0.010433 -0.0189401 -0.000183708 0.000218028 -0.0189401 0.0913637 0.000220046 -0.000532956 -0.000183708 0.000220046 0.00976885 -0.0180458 0.000218028 -0.000532956 -0.0180458 0.0890986 
0.0104071 -0.0188912 -0.000196552 0.000243157 -0.0188912 0.091281 0.000245183 -0.000591681 -0.000196552 0.000245183 0.00976274 -0.0180686 0.000243157 -0.000591681 -0.0180686 0.0891554 
0.0104156 -0.0188635 -0.000166682 0.000235794 -0.0188635 0.0911913 0.000237827 -0.000583387 -0.000166682 0.000237827 0.00972243 -0.0180545 0.000235794 -0.000583387 -0.0180545 0.0891525 
0.010417 -0.018858 -0.000173515 0.00022659 -0.018858 0.0911301 0.00022659 -0.000589951 -0.000173515 0.00022659 0.00967806 -0.0179986 0.00022659 -0.000589951 -0.0179986 0.0890479 
0.0104274 -0.0188661 -0.00016064 0.000223676 -0.0188661 0.0911542 0.00022571 -0.000577492 -0.00016064 0.00022571 0.00967502 -0.017949 0.000223676 -0.000577492 -0.017949 0.0889276 
0.010413 -0.0188828 -0.000144314 0.000184966 -0.0188828 0.0911903 0.000182934 -0.000481725 -0.000144314 0.000182934 0.00969141 -0.0179295 0.000184966 -0.000481725 -0.0179295 0.0888264 
0.0104334 -0.0188594 -0.00012546 0.000167954 -0.0188594 0.0911504 0.000167954 -0.00041685 -0.00012546 0.000167954 0.00968265 -0.017961 0.000167954 -0.00041685 -0.017961 0.0888396 
0.0104571 -0.0188916 -0.000121359 0.000145631 -0.0188916 0.0911956 0.000145631 -0.000372169 -0.000121359 0.000145631 0.00968044 -0.0179551 0.000145631 -0.000372169 -0.0179551 0.0888594 
0.0104637 -0.0189175 -0.000129406 0.000155691 -0.0189175 0.0912554 0.000161757 -0.000388218 -0.000129406 0.000161757 0.00967713 -0.017947 0.000155691 -0.000388218 -0.017947 0.0888594 
0.0104446 -0.0189255 -0.000154494 0.000158559 -0.0189255 0.0912853 0.000162625 -0.000400463 -0.000154494 0.000162625 0.00967414 -0.0179497 0.000158559 -0.000400463 -0.0179497 0.0888582 
0.0104346 -0.0189161 -0.000185133 0.000193271 -0.0189161 0.0913053 0.000207512 -0.000467919 -0.000185133 0.000207512 0.00966355 -0.0179274 0.000193271 -0.000467919 -0.0179274 0.088811 
0.0104633 -0.0189052 -0.000176381 0.000223011 -0.0189052 0.0912965 0.000229093 -0.00053928 -0.000176381 0.000229093 0.00964825 -0.017926 0.000223011 -0.00053928 -0.017926 0.0887947 
0.0104635 -0.0189116 -0.000185248 0.000227998 -0.0189116 0.0912683 0.000225962 -0.000574066 -0.000185248 0.000225962 0.0096614 -0.0179406 0.000227998 -0.000574066 -0.0179406 0.0888479 
0.010481 -0.0189471 -0.000180952 0.000229748 -0.0189471 0.0913562 0.000231781 -0.000593684 -0.000180952 0.000231781 0.0096616 -0.0179203 0.000229748 -0.000593684 -0.0179203 0.0888168 
0.010488 -0.0189595 -0.000184427 0.000233067 -0.0189595 0.0913988 0.000226987 -0.000593815 -0.000184427 0.000226987 0.00968951 -0.0179401 0.000233067 -0.000593815 -0.0179401 0.0888432 
0.0105049 -0.0189759 -0.000177912 0.000230477 -0.0189759 0.0914467 0.00022239 -0.000582257 -0.000177912 0.00022239 0.00971439 -0.0179752 0.000230477 -0.000582257 -0.0179752 0.0889074 
0.0105049 -0.0189769 -0.000194385 0.000232858 -0.0189769 0.0914624 0.000228808 -0.000585181 -0.000194385 0.000228808 0.0097294 -0.0180131 0.000232858 -0.000585181 -0.0180131 0.0890124 
0.0105208 -0.019007 -0.00018202 0.000228537 -0.019007 0.091532 0.000224492 -0.000562241 -0.00018202 0.000224492 0.00971787 -0.0179998 0.000228537 -0.000562241 -0.0179998 0.0889938 
0.0105087 -0.0189857 -0.000190039 0.000236538 -0.0189857 0.0914834 0.000232494 -0.00058629 -0.000190039 0.000232494 0.00971826 -0.0180173 0.000236538 -0.00058629 -0.0180173 0.0890493 
0.0104902 -0.018969 -0.00018599 0.000240574 -0.018969 0.0914182 0.000240574 -0.000600425 -0.00018599 0.000240574 0.00972607 -0.0180228 0.000240574 -0.000600425 -0.0180228 0.0890872 
0.0104891 -0.0189503 -0.000195738 0.000238114 -0.0189503 0.0913815 0.000234079 -0.000605376 -0.000195738 0.000234079 0.00974655 -0.0180523 0.000238114 -0.000605376 -0.0180523 0.0891537 
0.010485 -0.0189543 -0.000206223 0.000258789 -0.0189543 0.0913668 0.000260811 -0.000648995 -0.000206223 0.000260811 0.00974301 -0.0180586 0.000258789 -0.000648995 -0.0180586 0.0891711 
0.010466 -0.0189492 -0.000204779 0.000257495 -0.0189492 0.0913437 0.000263577 -0.000658943 -0.000204779 0.000263577 0.00973208 -0.0180449 0.000257495 -0.000658943 -0.0180449 0.0891479 
0.0104697 -0.0189223 -0.000188918 0.000233608 -0.0189223 0.0913043 0.000239702 -0.000599256 -0.000188918 0.000239702 0.00969982 -0.0180264 0.000233608 -0.000599256 -0.0180264 0.0891063 
0.0104749 -0.0189404 -0.000192628 0.000202767 -0.0189404 0.0913382 0.000204794 -0.000498806 -0.000192628 0.000204794 0.00970441 -0.0179874 0.000202767 -0.000498806 -0.0179874 0.0890226 
0.0104951 -0.0189671 -0.000160154 0.000208808 -0.0189671 0.0914093 0.00021489 -0.000472352 -0.000160154 0.00021489 0.00968626 -0.0179615 0.000208808 -0.000472352 -0.0179615 0.0889117 
0.0105393 -0.018972 -0.000127247 0.000177742 -0.018972 0.0914342 0.000181782 -0.000442336 -0.000127247 0.000181782 0.00967079 -0.0179722 0.000177742 -0.000442336 -0.0179722 0.0889277 
0.0105367 -0.0190332 -0.000125365 0.000153673 -0.0190332 0.0915365 0.000157717 -0.00040238 -0.000125365 0.000157717 0.00966319 -0.0179251 0.000153673 -0.00040238 -0.0179251 0.0888351 
0.0105128 -0.019053 -0.000113411 0.000147839 -0.019053 0.0916441 0.000157965 -0.000378711 -0.000113411 0.000157965 0.00967435 -0.0179088 0.000147839 -0.000378711 -0.0179088 0.0887541 
0.0104956 -0.0189927 -0.000123764 0.000146082 -0.0189927 0.091551 0.000154198 -0.000385495 -0.000123764 0.000154198 0.00967795 -0.0179559 0.000146082 -0.000385495 -0.0179559 0.0888261 
0.0105019 -0.018967 -0.000120057 0.000170929 -0.018967 0.0914591 0.000168894 -0.000431391 -0.000120057 0.000168894 0.0096473 -0.0179516 0.000170929 -0.000431391 -0.0179516 0.0888544 
0.0105154 -0.0189673 -0.000116226 0.000154969 -0.0189673 0.0914151 0.00015293 -0.00041189 -0.000116226 0.00015293 0.00961213 -0.0179233 0.000154969 -0.00041189 -0.0179233 0.0888317 
0.0105288 -0.0190023 -0.000101649 0.00013621 -0.0190023 0.0914842 0.00013621 -0.000351706 -0.000101649 0.00013621 0.00961398 -0.0178679 0.00013621 -0.000351706 -0.0178679 0.0887214 
0.0105043 -0.0190019 -9.50703e-05 0.000115298 -0.0190019 0.0915021 0.000119344 -0.000305439 -9.50703e-05 0.000119344 0.00967087 -0.0178874 0.000115298 -0.000305439 -0.0178874 0.0887046 
0.0105112 -0.0189774 -8.46215e-05 0.000122903 -0.0189774 0.0914718 0.000120888 -0.00029819 -8.46215e-05 0.000120888 0.00969722 -0.0179498 0.000122903 -0.00029819 -0.0179498 0.0888082 
0.0105154 -0.0189796 -0.000100549 0.000106582 -0.0189796 0.0914511 0.000104571 -0.000269471 -0.000100549 0.000104571 0.00973111 -0.0180063 0.000106582 -0.000269471 -0.0180063 0.0889776 
0.0104939 -0.0189967 -0.000139059 0.000147121 -0.0189967 0.0914849 0.000145105 -0.00034261 -0.000139059 0.000145105 0.00974826 -0.0180293 0.000147121 -0.00034261 -0.0180293 0.0890544 
0.0104823 -0.0189956 -0.000161733 0.000185993 -0.0189956 0.0915068 0.000179928 -0.00042455 -0.000161733 0.000179928 0.00973231 -0.0180212 0.000185993 -0.00042455 -0.0180212 0.0890545 
0.0104633 -0.0189598 -0.000139619 0.000174018 -0.0189598 0.0914483 0.000169971 -0.000406715 -0.000139619 0.000169971 0.00973284 -0.018025 0.000174018 -0.000406715 -0.018025 0.0890808 
0.0104649 -0.0189194 -0.000139559 0.000175966 -0.0189194 0.0913384 0.000171921 -0.000436881 -0.000139559 0.000171921 0.00973273 -0.0180436 0.000175966 -0.000436881 -0.0180436 0.0891338 
0.0104523 -0.0189321 -0.00013785 0.000180422 -0.0189321 0.0913156 0.000184476 -0.000464231 -0.00013785 0.000184476 0.00971439 -0.0180036 0.000180422 -0.000464231 -0.0180036 0.0890654 
0.0104435 -0.0189149 -0.000171139 0.000187438 -0.0189149 0.0912943 0.000189475 -0.000493042 -0.000171139 0.000189475 0.00968971 -0.0180022 0.000187438 -0.000493042 -0.0180022 0.0890288 
0.0104642 -0.0188966 -0.000193217 0.000213555 -0.0188966 0.0912369 0.000215589 -0.000532871 -0.000193217 0.000215589 0.00967914 -0.0179854 0.000213555 -0.000532871 -0.0179854 0.0890139 
0.0104775 -0.0189102 -0.000216846 0.000231033 -0.0189102 0.0912396 0.000229006 -0.000559342 -0.000216846 0.000229006 0.00968918 -0.017978 0.000231033 -0.000559342 -0.017978 0.0890002 
0.0105072 -0.0189409 -0.000226353 0.000252626 -0.0189409 0.0912969 0.000256668 -0.000608323 -0.000226353 0.000256668 0.00970689 -0.0179991 0.000252626 -0.000608323 -0.0179991 0.0890334 
0.0105346 -0.018995 -0.00022259 0.000279249 -0.018995 0.0914236 0.000275202 -0.000661698 -0.00022259 0.000275202 0.00968265 -0.0179812 0.000279249 -0.000661698 -0.0179812 0.0889711 
0.0105317 -0.0190302 -0.00021348 0.000268375 -0.0190302 0.0915342 0.000268375 -0.000675004 -0.00021348 0.000268375 0.00963914 -0.0179283 0.000268375 -0.000675004 -0.0179283 0.0888525 
0.0105119 -0.0190132 -0.000191088 0.000266303 -0.0190132 0.091533 0.000260204 -0.000658642 -0.000191088 0.000260204 0.00963976 -0.0179073 0.000266303 -0.000658642 -0.0179073 0.0887947 
0.0104949 -0.0189903 -0.000172014 0.000228677 -0.0189903 0.0915072 0.000228677 -0.000592941 -0.000172014 0.000228677 0.00967728 -0.0179097 0.000228677 -0.000592941 -0.0179097 0.0887772 
0.0104731 -0.0189573 -0.000149876 0.00020051 -0.0189573 0.0914125 0.00020051 -0.000520517 -0.000149876 0.00020051 0.00968728 -0.0179507 0.00020051 -0.000520517 -0.0179507 0.0888241 
0.0104634 -0.0189479 -0.000157984 0.000178238 -0.0189479 0.0913795 0.000182289 -0.000469901 -0.000157984 0.000182289 0.00969373 -0.0179575 0.000178238 -0.000469901 -0.0179575 0.0888579 
0.0104503 -0.0189114 -0.000127616 0.000198513 -0.0189114 0.0912938 0.000198513 -0.000476026 -0.000127616 0.000198513 0.00971094 -0.0179938 0.000198513 -0.000476026 -0.0179938 0.0889501 
0.0104373 -0.0189053 -0.000111661 0.000170537 -0.0189053 0.0912577 0.000172567 -0.000462887 -0.000111661 0.000172567 0.00970641 -0.0179917 0.000170537 -0.000462887 -0.0179917 0.0889595 
0.0104438 -0.0189115 -9.55537e-05 0.00014638 -0.0189115 0.0912843 0.00014638 -0.000402545 -9.55537e-05 0.00014638 0.00966922 -0.0179519 0.00014638 -0.000402545 -0.0179519 0.0888609 
0.0104032 -0.0189053 -8.97534e-05 0.000118311 -0.0189053 0.091267 0.000122391 -0.000330456 -8.97534e-05 0.000122391 0.00967093 -0.017914 0.000118311 -0.000330456 -0.017914 0.0887702 
0.0103892 -0.0188686 -0.00010803 0.000110068 -0.0188686 0.0912141 0.000110068 -0.000277209 -0.00010803 0.000110068 0.00965341 -0.0178963 0.000110068 -0.000277209 -0.0178963 0.0886764 
0.0103841 -0.0188118 -0.000147031 0.000140905 -0.0188118 0.091045 0.000142947 -0.000328778 -0.000147031 0.000142947 0.00963463 -0.0179092 0.000140905 -0.000328778 -0.0179092 0.0887109 
0.0103935 -0.0188136 -0.000147077 0.000173633 -0.0188136 0.0910019 0.000177718 -0.000394248 -0.000147077 0.000177718 0.00960291 -0.0178719 0.000173633 -0.000394248 -0.0178719 0.0886487 
0.0103724 -0.0188316 -0.000148906 0.000177464 -0.0188316 0.0910205 0.000179504 -0.000426321 -0.000148906 0.000179504 0.00962588 -0.0178361 0.000177464 -0.000426321 -0.0178361 0.0885687 
0.0103272 -0.0187905 -0.000162164 0.000190902 -0.0187905 0.0909494 0.000195007 -0.000468018 -0.000162164 0.000195007 0.00962515 -0.0178606 0.000190902 -0.000468018 -0.0178606 0.088558 
0.0103163 -0.0187356 -0.00015144 0.000190323 -0.0187356 0.0908332 0.000196462 -0.000462505 -0.00015144 0.000196462 0.00963075 -0.0178781 0.000190323 -0.000462505 -0.0178781 0.0886128 
0.0103577 -0.0187375 -0.000144621 0.000181285 -0.0187375 0.0908115 0.000181285 -0.000452194 -0.000144621 0.000181285 0.00961828 -0.0178759 0.000181285 -0.000452194 -0.0178759 0.0886239 
0.0103629 -0.0187518 -0.000173156 0.000185379 -0.0187518 0.0907867 0.000181304 -0.000464465 -0.000173156 0.000181304 0.00963358 -0.0178921 0.000185379 -0.000464465 -0.0178921 0.0887129 
0.0103799 -0.0187855 -0.000170962 0.000205562 -0.0187855 0.0908869 0.000195386 -0.000480323 -0.000170962 0.000195386 0.0096492 -0.0179042 0.000205562 -0.000480323 -0.0179042 0.0887336 
0.0103948 -0.0188276 -0.000187441 0.000222076 -0.0188276 0.0910086 0.000218002 -0.000535836 -0.000187441 0.000218002 0.00965931 -0.0179128 0.000222076 -0.000535836 -0.0179128 0.0887491 
0.0103904 -0.0188523 -0.000203413 0.000244096 -0.0188523 0.0911007 0.000242062 -0.000602103 -0.000203413 0.000242062 0.00969468 -0.0179248 0.000244096 -0.000602103 -0.0179248 0.0887777 
0.0103856 -0.0188511 -0.000183456 0.000242569 -0.0188511 0.0911285 0.000238492 -0.00059725 -0.000183456 0.000238492 0.00969461 -0.0179481 0.000242569 -0.00059725 -0.0179481 0.0887945 
0.0103987 -0.0188331 -0.000150942 0.000226414 -0.0188331 0.091106 0.000224374 -0.000583372 -0.000150942 0.000224374 0.0096746 -0.0179581 0.000226414 -0.000583372 -0.0179581 0.088846 
0.0103966 -0.0188196 -0.000142866 0.00017348 -0.0188196 0.0910343 0.00017348 -0.00047554 -0.000142866 0.00017348 0.00968429 -0.0179705 0.00017348 -0.00047554 -0.0179705 0.0889179 
0.0104032 -0.0188155 -0.000144829 0.000177466 -0.0188155 0.0910035 0.000173387 -0.000442646 -0.000144829 0.000173387 0.00968925 -0.0179792 0.000177466 -0.000442646 -0.0179792 0.0889514 
0.0104335 -0.0188487 -0.000155571 0.000167853 -0.0188487 0.0910643 0.000167853 -0.000411444 -0.000155571 0.000167853 0.00964745 -0.0179521 0.000167853 -0.000411444 -0.0179521 0.0888822 
0.0104631 -0.0188858 -0.000167149 0.000193649 -0.0188858 0.0911617 0.000195687 -0.000456603 -0.000167149 0.000195687 0.00963963 -0.0179115 0.000193649 -0.000456603 -0.0179115 0.0888053 
0.0104813 -0.0189202 -0.000180154 0.000196348 -0.0189202 0.0912471 0.000200396 -0.000479737 -0.000180154 0.000200396 0.00967773 -0.0179223 0.000196348 -0.000479737 -0.0179223 0.0888019 
0.0104972 -0.0189506 -0.000173009 0.000221291 -0.0189506 0.0913389 0.000225314 -0.000527075 -0.000173009 0.000225314 0.00974485 -0.0179809 0.000221291 -0.000527075 -0.0179809 0.0889208 
0.0104946 -0.0189872 -0.000191913 0.000216154 -0.0189872 0.0914494 0.000218174 -0.000549476 -0.000191913 0.000218174 0.00976128 -0.0180297 0.000216154 -0.000549476 -0.0180297 0.0890212 
0.0105026 -0.0189935 -0.000213137 0.000235465 -0.0189935 0.0915066 0.000237495 -0.000584603 -0.000213137 0.000237495 0.00973932 -0.0180516 0.000235465 -0.000584603 -0.0180516 0.0890931 
0.0105132 -0.0189951 -0.000214885 0.00026962 -0.0189951 0.091527 0.000267593 -0.000646684 -0.000214885 0.000267593 0.00972053 -0.0180261 0.00026962 -0.000646684 -0.0180261 0.0890822 
0.0105503 -0.0190095 -0.000218198 0.000268707 -0.0190095 0.0915422 0.000266687 -0.000668737 -0.000218198 0.000266687 0.00969769 -0.0180114 0.000268707 -0.000668737 -0.0180114 0.089045 
0.0105871 -0.0190556 -0.000197363 0.000255766 -0.0190556 0.0916268 0.00025778 -0.000644451 -0.000197363 0.00025778 0.00968287 -0.0179761 0.000255766 -0.000644451 -0.0179761 0.0889724 
0.010589 -0.0191063 -0.00016878 0.000231068 -0.0191063 0.0917563 0.000231068 -0.00059475 -0.00016878 0.000231068 0.00967875 -0.0179369 0.000231068 -0.00059475 -0.0179369 0.0888569 
0.0105639 -0.0191009 -0.000159325 0.000201678 -0.0191009 0.0917734 0.000199661 -0.000528395 -0.000159325 0.000199661 0.00966439 -0.0179312 0.000201678 -0.000528395 -0.0179312 0.0888067 
0.0105261 -0.019029 -0.000161691 0.000198071 -0.019029 0.0916202 0.000204135 -0.000509327 -0.000161691 0.000204135 0.00967518 -0.017972 0.000198071 -0.000509327 -0.017972 0.0889199 
0.010505 -0.018974 -0.000167643 0.000208039 -0.018974 0.0914625 0.000212079 -0.000527167 -0.000167643 0.000212079 0.00969503 -0.0179984 0.000208039 -0.000527167 -0.0179984 0.0890226 
0.0104822 -0.0189529 -0.000185991 0.000220359 -0.0189529 0.0913801 0.000220359 -0.000562016 -0.000185991 0.000220359 0.00972206 -0.0180189 0.000220359 -0.000562016 -0.0180189 0.0890916 
0.0104875 -0.01896 -0.000205955 0.000248357 -0.01896 0.0913955 0.000244319 -0.000615846 -0.000205955 0.000244319 0.00972834 -0.018017 0.000248357 -0.000615846 -0.018017 0.0890694 
0.0104725 -0.018962 -0.000210016 0.000266558 -0.018962 0.0914073 0.000252423 -0.000646202 -0.000210016 0.000252423 0.00973948 -0.0180169 0.000266558 -0.000646202 -0.0180169 0.0890648 
0.0104712 -0.0189434 -0.000204761 0.000259499 -0.0189434 0.0913802 0.000255444 -0.000640638 -0.000204761 0.000255444 0.00972108 -0.0180352 0.000259499 -0.000640638 -0.0180352 0.0890893 
0.0104665 -0.0189419 -0.000204986 0.000253695 -0.0189419 0.0913689 0.000247607 -0.000629164 -0.000204986 0.000247607 0.00971349 -0.0180164 0.000253695 -0.000629164 -0.0180164 0.0890674 
0.0104398 -0.0189393 -0.000223246 0.000251659 -0.0189393 0.091346 0.0002476 -0.000623058 -0.000223246 0.0002476 0.00972742 -0.0179916 0.000251659 -0.000623058 -0.0179916 0.0889999 
0.0103901 -0.0188925 -0.000216334 0.000259192 -0.0188925 0.0912622 0.000265315 -0.000626551 -0.000216334 0.000265315 0.00972277 -0.0179883 0.000259192 -0.000626551 -0.0179883 0.0889417 
0.0103952 -0.0188286 -0.000205744 0.000252597 -0.0188286 0.0911284 0.000258708 -0.000621307 -0.000205744 0.000258708 0.00971072 -0.0180077 0.000252597 -0.000621307 -0.0180077 0.0889772 
0.0104012 -0.0188248 -0.000212973 0.000267738 -0.0188248 0.091049 0.000269766 -0.000677457 -0.000212973 0.000269766 0.00972983 -0.0180054 0.000267738 -0.000677457 -0.0180054 0.0890228 
0.0104201 -0.0188431 -0.000223476 0.000288487 -0.0188431 0.0910705 0.00029255 -0.000731376 -0.000223476 0.00029255 0.00970698 -0.0180081 0.000288487 -0.000731376 -0.0180081 0.0889983 
0.0104053 -0.0188753 -0.000217964 0.000291298 -0.0188753 0.0911417 0.000295372 -0.000755745 -0.000217964 0.000295372 0.00970858 -0.017977 0.000291298 -0.000755745 -0.017977 0.0889335 
0.0104159 -0.0188728 -0.000201402 0.000260399 -0.0188728 0.0911904 0.000260399 -0.000679478 -0.000201402 0.000260399 0.00969375 -0.0179573 0.000260399 -0.000679478 -0.0179573 0.0888692 
0.0104256 -0.0188743 -0.000211522 0.000258301 -0.0188743 0.0911801 0.000256267 -0.000654904 -0.000211522 0.000256267 0.00967712 -0.0179509 0.000258301 -0.000654904 -0.0179509 0.0888412 
0.0104159 -0.0188765 -0.00023124 0.000265723 -0.0188765 0.0911815 0.000265723 -0.000653151 -0.00023124 0.000265723 0.00969381 -0.0179474 0.000265723 -0.000653151 -0.0179474 0.0888427 
