0.00718016 0 0.000424416 0 0 0.00998453 0 0 0.000424416 0 0.00749444 0 0 0 0 0.00998453 
0.0101606 -0.0126224 0.000504601 -0.000624628 -0.0126224 0.033387 -0.000624628 0.00119782 0.000504601 -0.000624628 0.0105452 -0.0130927 -0.000624628 0.00119782 -0.0130927 0.0342982 
0.0102291 -0.0192119 0.00040124 -0.000689631 -0.0192119 0.0706307 -0.000689631 0.00221183 0.00040124 -0.000689631 0.0105351 -0.0197134 -0.000689631 0.00221183 -0.0197134 0.0722382 
0.00967722 -0.0189645 0.000351238 -0.000479622 -0.0189645 0.0850385 -0.000479622 0.00170775 0.000351238 -0.000479622 0.00995337 -0.0192624 -0.000479622 0.00170775 -0.0192624 0.086051 
0.00967257 -0.0182796 0.000393306 -0.000445899 -0.0182796 0.0883062 -0.000441325 0.00122565 0.000393306 -0.000441325 0.00995155 -0.0185174 -0.000445899 0.00122565 -0.0185174 0.0888139 
0.00979909 -0.0181452 0.000446408 -0.000514245 -0.0181452 0.0890847 -0.000505491 0.00118167 0.000446408 -0.000505491 0.0101514 -0.0184778 -0.000514245 0.00118167 -0.0184778 0.0896886 
0.00989696 -0.0181904 0.000441185 -0.000557844 -0.0181904 0.089429 -0.000551481 0.00127901 0.000441185 -0.000551481 0.0102575 -0.0186316 -0.000557844 0.00127901 -0.0186316 0.0903135 
0.00991735 -0.0182384 0.000391283 -0.000536973 -0.0182384 0.08956 -0.000532811 0.00130497 0.000391283 -0.000532811 0.0102941 -0.0186983 -0.000536973 0.00130497 -0.0186983 0.090634 
0.00988948 -0.0182139 0.000373808 -0.000484718 -0.0182139 0.0895106 -0.000482664 0.00124466 0.000373808 -0.000482664 0.0103167 -0.0187171 -0.000484718 0.00124466 -0.0187171 0.0907491 
0.009892 -0.0181903 0.000372477 -0.000439645 -0.0181903 0.089429 -0.000439645 0.00111336 0.000372477 -0.000439645 0.0103235 -0.0187337 -0.000439645 0.00111336 -0.0187337 0.0907866 
0.00987563 -0.0181885 0.000381549 -0.000444464 -0.0181885 0.0893901 -0.000444464 0.00108782 0.000381549 -0.000444464 0.0103262 -0.0187467 -0.000444464 0.00108782 -0.0187467 0.0908148 
0.00988574 -0.0181911 0.000387001 -0.0004721 -0.0181911 0.0894012 -0.0004721 0.00114277 0.000387001 -0.0004721 0.0103315 -0.0187624 -0.0004721 0.00114277 -0.0187624 0.0908804 
0.00991014 -0.0182114 0.000386057 -0.000477012 -0.0182114 0.0894621 -0.000477012 0.00117232 0.000386057 -0.000477012 0.0103366 -0.0187753 -0.000477012 0.00117232 -0.0187753 0.0909416 
0.00992274 -0.018226 0.000367509 -0.000464434 -0.018226 0.0895127 -0.000466454 0.00115301 0.000367509 -0.000466454 0.0103327 -0.0187874 -0.000464434 0.00115301 -0.0187874 0.0909847 
0.0099269 -0.0182508 0.000373495 -0.000452232 -0.0182508 0.0895763 -0.000446175 0.00113058 0.000373495 -0.000446175 0.0103226 -0.0187797 -0.000452232 0.00113058 -0.0187797 0.0909854 
0.00993565 -0.0182847 0.000388048 -0.000464849 -0.0182847 0.0896896 -0.000454744 0.00113989 0.000388048 -0.000454744 0.0103075 -0.0187476 -0.000464849 0.00113989 -0.0187476 0.0908942 
0.00991075 -0.0182837 0.00039359 -0.000486915 -0.0182837 0.0897161 -0.000480829 0.00118686 0.00039359 -0.000480829 0.0102861 -0.0187117 -0.000486915 0.00118686 -0.0187117 0.0907975 
0.0098782 -0.0182339 0.00040099 -0.0005048 -0.0182339 0.0896223 -0.000500729 0.00124775 0.00040099 -0.000500729 0.010271 -0.018704 -0.0005048 0.00124775 -0.018704 0.090752 
0.00986411 -0.0182077 0.000392855 -0.000500737 -0.0182077 0.0895525 -0.000498701 0.00124777 0.000392855 -0.000498701 0.0102529 -0.0186657 -0.000500737 0.00124777 -0.0186657 0.090672 
0.00984371 -0.0181877 0.000391222 -0.000503291 -0.0181877 0.0894818 -0.000507366 0.00127555 0.000391222 -0.000507366 0.010237 -0.0186319 -0.000503291 0.00127555 -0.0186319 0.0905577 
0.00981981 -0.0181758 0.000355228 -0.000483845 -0.0181758 0.0894399 -0.00048997 0.00124738 0.000355228 -0.00048997 0.0102322 -0.0186046 -0.000483845 0.00124738 -0.0186046 0.090477 
0.00981479 -0.0181384 0.000362605 -0.000431867 -0.0181384 0.0893781 -0.000437978 0.00113263 0.000362605 -0.000437978 0.0102385 -0.018609 -0.000431867 0.00113263 -0.018609 0.0904578 
0.00978032 -0.0180947 0.000344564 -0.00040369 -0.0180947 0.0892441 -0.000399613 0.000996993 0.000344564 -0.000399613 0.0102574 -0.0186411 -0.00040369 0.000996993 -0.0186411 0.0905143 
0.00982298 -0.0180705 0.000321598 -0.000398944 -0.0180705 0.0891762 -0.00040505 0.000979041 0.000321598 -0.00040505 0.0102219 -0.0186588 -0.000398944 0.000979041 -0.0186588 0.0905766 
0.00986403 -0.0181336 0.00033396 -0.000403195 -0.0181336 0.0892487 -0.000403195 0.000997807 0.00033396 -0.000403195 0.0101715 -0.0185959 -0.000403195 0.000997807 -0.0185959 0.0904828 
0.00986386 -0.018163 0.000344776 -0.000408019 -0.018163 0.0893174 -0.000414139 0.00101189 0.000344776 -0.000414139 0.0101556 -0.0185608 -0.000408019 0.00101189 -0.0185608 0.090413 
0.00984075 -0.0181446 0.000355616 -0.000425104 -0.0181446 0.0892964 -0.000429192 0.0010505 0.000355616 -0.000429192 0.0101555 -0.0185493 -0.000425104 0.0010505 -0.0185493 0.0903653 
0.00981986 -0.0181159 0.000337487 -0.000421348 -0.0181159 0.0892501 -0.000423393 0.00103905 0.000337487 -0.000423393 0.0101655 -0.0185495 -0.000421348 0.00103905 -0.0185495 0.0903505 
0.00981448 -0.0181058 0.000341889 -0.000427874 -0.0181058 0.0892106 -0.000423779 0.00107071 0.000341889 -0.000423779 0.0101564 -0.0185378 -0.000427874 0.00107071 -0.0185378 0.09031 
0.00979549 -0.0180908 0.000323378 -0.000435947 -0.0180908 0.0891726 -0.000437993 0.00109703 0.000323378 -0.000437993 0.0101619 -0.0185288 -0.000435947 0.00109703 -0.0185288 0.090286 
0.00978276 -0.0181028 0.000300725 -0.000405058 -0.0181028 0.0892293 -0.000400966 0.00104129 0.000300725 -0.000400966 0.0101694 -0.0184997 -0.000405058 0.00104129 -0.0184997 0.0901786 
0.00976994 -0.0180674 0.000293262 -0.000369141 -0.0180674 0.0891743 -0.000367091 0.000955666 0.000293262 -0.000367091 0.0101616 -0.0185227 -0.000369141 0.000955666 -0.0185227 0.0901874 
0.00980999 -0.0180847 0.000305409 -0.000379199 -0.0180847 0.089202 -0.00037305 0.000949023 0.000305409 -0.00037305 0.0101256 -0.0184926 -0.000379199 0.000949023 -0.0184926 0.0901367 
0.00984007 -0.0181147 0.000295448 -0.000365207 -0.0181147 0.0892295 -0.000357 0.000896603 0.000295448 -0.000357 0.0101006 -0.0184655 -0.000365207 0.000896603 -0.0184655 0.0901035 
0.00987133 -0.0181237 0.000286898 -0.000352474 -0.0181237 0.0892374 -0.000352474 0.00086889 0.000286898 -0.000352474 0.0100681 -0.0184557 -0.000352474 0.00086889 -0.0184557 0.0900879 
0.00990608 -0.0181891 0.000282446 -0.000368408 -0.0181891 0.0893635 -0.000374548 0.000908739 0.000282446 -0.000374548 0.0100391 -0.0183938 -0.000368408 0.000908739 -0.0183938 0.0899509 
0.00989387 -0.0181994 0.00028823 -0.000382263 -0.0181994 0.0894087 -0.000386351 0.000975077 0.00028823 -0.000386351 0.0100431 -0.0183732 -0.000382263 0.000975077 -0.0183732 0.0898829 
0.00985664 -0.0181848 0.000273455 -0.000361206 -0.0181848 0.0894016 -0.000357125 0.000928524 0.000273455 -0.000357125 0.0100628 -0.0183766 -0.000361206 0.000928524 -0.0183766 0.0898587 
0.00984223 -0.0181227 0.000269482 -0.00033277 -0.0181227 0.0892742 -0.00033277 0.000855402 0.000269482 -0.00033277 0.0100668 -0.0184228 -0.00033277 0.000855402 -0.0184228 0.0899357 
0.00985403 -0.0181101 0.000255763 -0.000327376 -0.0181101 0.0891937 -0.000329423 0.000820487 0.000255763 -0.000329423 0.0100402 -0.0184292 -0.000327376 0.000820487 -0.0184292 0.0900019 
0.00986599 -0.0181425 0.000247519 -0.000315024 -0.0181425 0.0892481 -0.000312979 0.000791652 0.000247519 -0.000312979 0.0100337 -0.018386 -0.000315024 0.000791652 -0.018386 0.0899538 
0.00984197 -0.0181587 0.000289048 -0.000336197 -0.0181587 0.0893116 -0.000336197 0.000850743 0.000289048 -0.000336197 0.0100449 -0.0183699 -0.000336197 0.000850743 -0.0183699 0.0898753 
0.00979573 -0.0181405 0.00031811 -0.000373523 -0.0181405 0.0892986 -0.00037147 0.000915336 0.00031811 -0.00037147 0.010081 -0.0183744 -0.000373523 0.000915336 -0.0183744 0.0898548 
0.00978821 -0.0180699 0.000338657 -0.000404336 -0.0180699 0.0891714 -0.000410493 0.000989288 0.000338657 -0.000410493 0.0100858 -0.018425 -0.000404336 0.000989288 -0.018425 0.0899431 
0.00981032 -0.0180571 0.000322154 -0.00041244 -0.0180571 0.0890849 -0.000418595 0.00103623 0.000322154 -0.000418595 0.0100627 -0.0184326 -0.00041244 0.00103623 -0.0184326 0.0900042 
0.0098319 -0.0180918 0.00030905 -0.000401764 -0.0180918 0.0891196 -0.000401764 0.0010281 0.00030905 -0.000401764 0.0100173 -0.0183864 -0.000401764 0.0010281 -0.0183864 0.0899169 
0.00984203 -0.0180881 0.000294869 -0.00038766 -0.0180881 0.089102 -0.000385598 0.000983584 0.000294869 -0.000385598 0.00998431 -0.018352 -0.00038766 0.000983584 -0.018352 0.0898382 
0.00982444 -0.0180975 0.000290104 -0.000368288 -0.0180975 0.0891071 -0.00037446 0.000948495 0.000290104 -0.00037446 0.00998698 -0.0183053 -0.000368288 0.000948495 -0.0183053 0.0897326 
0.00979504 -0.0180711 0.000277859 -0.00036842 -0.0180711 0.0890651 -0.000362246 0.000932371 0.000277859 -0.000362246 0.0100029 -0.018314 -0.00036842 0.000932371 -0.018314 0.0896908 
0.00977455 -0.0180614 0.000272375 -0.000356976 -0.0180614 0.089048 -0.000352849 0.000920297 0.000272375 -0.000352849 0.0100015 -0.0183069 -0.000356976 0.000920297 -0.0183069 0.0896464 
0.00974874 -0.0180366 0.00027275 -0.000343004 -0.0180366 0.0890053 -0.000338871 0.000880238 0.00027275 -0.000338871 0.0100112 -0.0183052 -0.000343004 0.000880238 -0.0183052 0.0896293 
0.00975653 -0.0180299 0.000268547 -0.000353243 -0.0180299 0.0890028 -0.000353243 0.000892403 0.000268547 -0.000353243 0.00999822 -0.0182922 -0.000353243 0.000892403 -0.0182922 0.0895895 
0.00974563 -0.0180126 0.000281642 -0.000352052 -0.0180126 0.0889553 -0.000362407 0.000919477 0.000281642 -0.000362407 0.0100004 -0.0182984 -0.000352052 0.000919477 -0.0182984 0.0895973 
0.00974196 -0.0179791 0.000294332 -0.000348223 -0.0179791 0.0888571 -0.00036066 0.000907868 0.000294332 -0.00036066 0.00999691 -0.0183211 -0.000348223 0.000907868 -0.0183211 0.0896654 
0.00976135 -0.0179918 0.00029831 -0.000366672 -0.0179918 0.0888465 -0.000366672 0.000921859 0.00029831 -0.000366672 0.00998301 -0.0183046 -0.000366672 0.000921859 -0.0183046 0.0896524 
0.00978822 -0.0180183 0.000288921 -0.000363215 -0.0180183 0.088905 -0.000363215 0.000916291 0.000288921 -0.000363215 0.00997602 -0.0182804 -0.000363215 0.000916291 -0.0182804 0.0896108 
0.00978341 -0.0180463 0.00028805 -0.00036212 -0.0180463 0.0889683 -0.000360062 0.000921759 0.00028805 -0.000360062 0.0100015 -0.0182829 -0.00036212 0.000921759 -0.0182829 0.0895958 
0.0097668 -0.0180345 0.000297768 -0.000377858 -0.0180345 0.088967 -0.00037375 0.000959019 0.000297768 -0.00037375 0.0100317 -0.018324 -0.000377858 0.000959019 -0.018324 0.0896755 
0.00976125 -0.018023 0.000304012 -0.000382069 -0.018023 0.0889461 -0.000384123 0.000983931 0.000304012 -0.000384123 0.0100427 -0.0183557 -0.000382069 0.000983931 -0.0183557 0.0897554 
0.00978339 -0.0180101 0.000281344 -0.000373757 -0.0180101 0.0889068 -0.000373757 0.000959035 0.000281344 -0.000373757 0.0100113 -0.0183757 -0.000373757 0.000959035 -0.0183757 0.0898268 
0.00982091 -0.0180451 0.000253084 -0.000345676 -0.0180451 0.0889622 -0.000343619 0.000895054 0.000253084 -0.000343619 0.00996494 -0.0183311 -0.000345676 0.000895054 -0.0183311 0.0897729 
0.00983241 -0.0181121 0.00026324 -0.000318767 -0.0181121 0.089121 -0.000320823 0.000855529 0.00026324 -0.000320823 0.00994552 -0.0182479 -0.000318767 0.000855529 -0.0182479 0.089592 
0.00984681 -0.0181062 0.000260476 -0.000322006 -0.0181062 0.0891628 -0.000324057 0.00082655 0.000260476 -0.000324057 0.00995346 -0.0182559 -0.000322006 0.00082655 -0.0182559 0.0895463 
0.00986166 -0.0181142 0.000241878 -0.000325921 -0.0181142 0.089171 -0.00033207 0.000821976 0.000241878 -0.00033207 0.0099457 -0.0182679 -0.000325921 0.000821976 -0.0182679 0.0895728 
0.00985844 -0.0181366 0.000247234 -0.000300801 -0.0181366 0.089208 -0.000302861 0.000784967 0.000247234 -0.000302861 0.00994291 -0.0182561 -0.000300801 0.000784967 -0.0182561 0.0895851 
0.00989121 -0.0181765 0.000261814 -0.000311291 -0.0181765 0.0893466 -0.000313352 0.000779258 0.000261814 -0.000313352 0.00991595 -0.018228 -0.000311291 0.000779258 -0.018228 0.0894971 
0.00988381 -0.0181967 0.000269353 -0.0003187 -0.0181967 0.0894046 -0.000316644 0.000783385 0.000269353 -0.000316644 0.00993932 -0.018205 -0.0003187 0.000783385 -0.018205 0.0894272 
0.00985686 -0.0181606 0.000282385 -0.00033968 -0.0181606 0.0893461 -0.000335588 0.00083283 0.000282385 -0.000335588 0.00997964 -0.0182486 -0.00033968 0.00083283 -0.0182486 0.0894894 
0.00980723 -0.0181151 0.000297003 -0.000366645 -0.0181151 0.0892155 -0.000370741 0.000905346 0.000297003 -0.000370741 0.0100244 -0.0183056 -0.000366645 0.000905346 -0.0183056 0.0896211 
0.00977034 -0.0180717 0.000313454 -0.000385159 -0.0180717 0.0891213 -0.00038311 0.000966995 0.000313454 -0.00038311 0.0100408 -0.018334 -0.000385159 0.000966995 -0.018334 0.0897011 
0.00973481 -0.0180186 0.000282378 -0.000399863 -0.0180186 0.0889737 -0.000401924 0.00100172 0.000282378 -0.000401924 0.0100316 -0.0183628 -0.000399863 0.00100172 -0.0183628 0.0897775 
0.00974972 -0.0179981 0.000245757 -0.000351081 -0.0179981 0.0889061 -0.000351081 0.000927266 0.000245757 -0.000351081 0.00998722 -0.0183326 -0.000351081 0.000927266 -0.0183326 0.0897383 
0.00974969 -0.0179832 0.000227217 -0.000324301 -0.0179832 0.0888234 -0.000322235 0.00086136 0.000227217 -0.000322235 0.00996864 -0.0183034 -0.000324301 0.00086136 -0.0183034 0.0896868 
0.0097494 -0.0179891 0.000232422 -0.000281786 -0.0179891 0.0888203 -0.000283843 0.000761029 0.000232422 -0.000283843 0.00998182 -0.018277 -0.000281786 0.000761029 -0.018277 0.0896368 
0.00974607 -0.0179861 0.000248268 -0.000283149 -0.0179861 0.0888205 -0.000276994 0.000705821 0.000248268 -0.000276994 0.0100128 -0.0183 -0.000283149 0.000705821 -0.0183 0.0896577 
0.00976422 -0.0180269 0.000281029 -0.000317953 -0.0180269 0.0889344 -0.000315901 0.000763086 0.000281029 -0.000315901 0.0100104 -0.0182997 -0.000317953 0.000763086 -0.0182997 0.089636 
0.00976528 -0.0180412 0.000294172 -0.000349715 -0.0180412 0.0889943 -0.000345601 0.000839316 0.000294172 -0.000345601 0.0100183 -0.0183189 -0.000349715 0.000839316 -0.0183189 0.0896711 
0.00974378 -0.0180181 0.000277329 -0.000358045 -0.0180181 0.0889461 -0.000358045 0.00087545 0.000277329 -0.000358045 0.010017 -0.0183431 -0.000358045 0.00087545 -0.0183431 0.0897492 
0.00974583 -0.017982 0.000251958 -0.000338698 -0.017982 0.088869 -0.000334568 0.000848811 0.000251958 -0.000334568 0.0100164 -0.0183517 -0.000338698 0.000848811 -0.0183517 0.0897984 
0.00975626 -0.0179878 0.000246578 -0.000322606 -0.0179878 0.0888358 -0.000318496 0.000826035 0.000246578 -0.000318496 0.0100213 -0.0183413 -0.000322606 0.000826035 -0.0183413 0.0897974 
0.00977135 -0.0180044 0.000217414 -0.000297407 -0.0180044 0.0888692 -0.000291253 0.000754797 0.000217414 -0.000291253 0.0100195 -0.0183449 -0.000297407 0.000754797 -0.0183449 0.0897758 
0.00977899 -0.0180192 0.000211604 -0.000271182 -0.0180192 0.0889045 -0.000265019 0.000696445 0.000211604 -0.000265019 0.0100235 -0.0183582 -0.000271182 0.000696445 -0.0183582 0.0898085 
0.00979466 -0.0180173 0.000235695 -0.000268487 -0.0180173 0.0889123 -0.000266438 0.000680441 0.000235695 -0.000266438 0.0100263 -0.018376 -0.000268487 0.000680441 -0.018376 0.0898674 
0.00982354 -0.0180792 0.0002511 -0.00029193 -0.0180792 0.089063 -0.000289888 0.00071043 0.0002511 -0.000289888 0.0100318 -0.0183548 -0.00029193 0.00071043 -0.0183548 0.0898286 
0.00982853 -0.0181168 0.000274094 -0.000329322 -0.0181168 0.0891829 -0.000335459 0.000814101 0.000274094 -0.000335459 0.0100372 -0.0183541 -0.000329322 0.000814101 -0.0183541 0.0898027 
0.00983822 -0.018138 0.000306869 -0.000345739 -0.018138 0.0892866 -0.000349831 0.000869462 0.000306869 -0.000349831 0.0100489 -0.0183651 -0.000345739 0.000869462 -0.0183651 0.0898103 
0.00985055 -0.0181335 0.000309431 -0.000372956 -0.0181335 0.0892984 -0.000375005 0.0009078 0.000309431 -0.000375005 0.0100432 -0.0183876 -0.000372956 0.0009078 -0.0183876 0.0898681 
0.00985603 -0.0181411 0.000292895 -0.000374824 -0.0181411 0.0893065 -0.000374824 0.000925795 0.000292895 -0.000374824 0.0100342 -0.0183807 -0.000374824 0.000925795 -0.0183807 0.0898779 
0.0098724 -0.0181562 0.000287346 -0.00036534 -0.0181562 0.0893236 -0.00036534 0.000927718 0.000287346 -0.00036534 0.0100161 -0.0183696 -0.00036534 0.000927718 -0.0183696 0.0898634 
0.00986383 -0.0181733 0.000289509 -0.00035316 -0.0181733 0.0893596 -0.000359319 0.000909591 0.000289509 -0.000359319 0.0100199 -0.0183397 -0.00035316 0.000909591 -0.0183397 0.089797 
0.00985991 -0.0181767 0.00029637 -0.000369951 -0.0181767 0.0894055 -0.000369951 0.000923856 0.00029637 -0.000369951 0.0100296 -0.0183197 -0.000369951 0.000923856 -0.0183197 0.08971 
0.00985207 -0.0181457 0.000286695 -0.000372703 -0.0181457 0.0893341 -0.000376799 0.000944045 0.000286695 -0.000376799 0.0100323 -0.0183567 -0.000372703 0.000944045 -0.0183567 0.0897519 
0.00984426 -0.0181515 0.000290507 -0.000368799 -0.0181515 0.0893277 -0.00037292 0.000945692 0.000290507 -0.00037292 0.0100153 -0.0183493 -0.000368799 0.000945692 -0.0183493 0.0897748 
0.00981209 -0.0181532 0.000295023 -0.000369295 -0.0181532 0.0893445 -0.000375484 0.000946962 0.000295023 -0.000375484 0.010039 -0.0183203 -0.000369295 0.000946962 -0.0183203 0.0897159 
0.00978569 -0.0180801 0.000300718 -0.000362509 -0.0180801 0.0891917 -0.000366629 0.00092687 0.000300718 -0.000366629 0.0100514 -0.0183664 -0.000362509 0.00092687 -0.0183664 0.0897787 
0.00980112 -0.0180548 0.000286029 -0.00035805 -0.0180548 0.0890887 -0.000370397 0.000903357 0.000286029 -0.000370397 0.0100357 -0.0183779 -0.00035805 0.000903357 -0.0183779 0.0898233 
0.00985314 -0.0180927 0.000257679 -0.000357887 -0.0180927 0.0891282 -0.000370158 0.000912101 0.000257679 -0.000370158 0.0100106 -0.0183484 -0.000357887 0.000912101 -0.0183484 0.0897929 
0.00984861 -0.0181205 0.000263474 -0.000332917 -0.0181205 0.0891624 -0.000330874 0.000870077 0.000263474 -0.000330874 0.0100283 -0.0183513 -0.000332917 0.000870077 -0.0183513 0.0897997 
0.00983057 -0.0181156 0.000272616 -0.000336158 -0.0181156 0.089172 -0.000332058 0.000842444 0.000272616 -0.000332058 0.0100273 -0.0183636 -0.000336158 0.000842444 -0.0183636 0.0898238 
0.00982113 -0.0180963 0.000278846 -0.000334205 -0.0180963 0.0891508 -0.000328054 0.000822186 0.000278846 -0.000328054 0.01002 -0.0183628 -0.000334205 0.000822186 -0.0183628 0.0898315 
0.00980062 -0.0180797 0.000308002 -0.000365496 -0.0180797 0.0890885 -0.000361389 0.000889099 0.000308002 -0.000361389 0.0100203 -0.0183549 -0.000365496 0.000889099 -0.0183549 0.0898277 
0.00980011 -0.0180536 0.000306446 -0.00037843 -0.0180536 0.0890401 -0.00037226 0.000915225 0.000306446 -0.00037226 0.0100058 -0.0183539 -0.00037843 0.000915225 -0.0183539 0.0898155 
0.00979462 -0.0180772 0.000296246 -0.00039088 -0.0180772 0.0890753 -0.00039088 0.000973085 0.000296246 -0.00039088 0.00998801 -0.0183014 -0.00039088 0.000973085 -0.0183014 0.0897007 
0.00981042 -0.0180819 0.000289326 -0.000369353 -0.0180819 0.0891125 -0.000371405 0.000960317 0.000289326 -0.000371405 0.00998484 -0.018285 -0.000369353 0.000960317 -0.018285 0.0896214 
0.0098455 -0.0180977 0.000293774 -0.000367217 -0.0180977 0.0891542 -0.000367217 0.000944564 0.000293774 -0.000367217 0.00998627 -0.0182895 -0.000367217 0.000944564 -0.0182895 0.0896255 
0.00984813 -0.0181347 0.000309856 -0.000383243 -0.0181347 0.0892223 -0.000375089 0.00095607 0.000309856 -0.000375089 0.0100071 -0.018306 -0.000383243 0.00095607 -0.018306 0.0896647 
0.00985607 -0.0181463 0.00029768 -0.000395548 -0.0181463 0.0892878 -0.000389431 0.000994986 0.00029768 -0.000389431 0.0100314 -0.018344 -0.000395548 0.000994986 -0.018344 0.0897527 
0.00985585 -0.0181565 0.000302064 -0.000391866 -0.0181565 0.0893414 -0.000379621 0.000989871 0.000302064 -0.000379621 0.0100293 -0.0183544 -0.000391866 0.000989871 -0.0183544 0.0897945 
0.00984044 -0.0181703 0.000303755 -0.000352682 -0.0181703 0.0893875 -0.000344527 0.000892917 0.000303755 -0.000344527 0.010081 -0.0183721 -0.000352682 0.000892917 -0.0183721 0.0898646 
0.00982825 -0.0181495 0.000312429 -0.000385942 -0.0181495 0.089369 -0.000379816 0.000933203 0.000312429 -0.000379816 0.0101019 -0.0184252 -0.000385942 0.000933203 -0.0184252 0.0899551 
0.00980034 -0.0180986 0.00032246 -0.000395932 -0.0180986 0.0892317 -0.000395932 0.000993912 0.00032246 -0.000395932 0.010135 -0.0184884 -0.000395932 0.000993912 -0.0184884 0.0901317 
0.00979348 -0.0180837 0.000348312 -0.00038905 -0.0180837 0.0891883 -0.000393124 0.000981792 0.000348312 -0.000393124 0.0101662 -0.0185176 -0.00038905 0.000981792 -0.0185176 0.0902332 
0.00979199 -0.0180775 0.000366436 -0.000427509 -0.0180775 0.0891478 -0.000433616 0.00105249 0.000366436 -0.000433616 0.010189 -0.0185539 -0.000427509 0.00105249 -0.0185539 0.0903306 
0.00982407 -0.0180935 0.000368301 -0.000461902 -0.0180935 0.0891899 -0.000468007 0.0011517 0.000368301 -0.000468007 0.0101741 -0.0185677 -0.000461902 0.0011517 -0.0185677 0.0903884 
0.00987727 -0.0181386 0.000355019 -0.000454995 -0.0181386 0.089279 -0.000463157 0.00117115 0.000355019 -0.000463157 0.0101303 -0.0185528 -0.000454995 0.00117115 -0.0185528 0.0903788 
0.0098969 -0.0181733 0.00034536 -0.000425058 -0.0181733 0.089346 -0.000429145 0.0010933 0.00034536 -0.000429145 0.0101156 -0.0185288 -0.000425058 0.0010933 -0.0185288 0.0903636 
0.00992378 -0.0182198 0.000334945 -0.000424809 -0.0182198 0.0894631 -0.000426851 0.00107632 0.000334945 -0.000426851 0.0101035 -0.0184935 -0.000424809 0.00107632 -0.0184935 0.090276 
0.00991716 -0.0182547 0.000316744 -0.00039031 -0.0182547 0.0895711 -0.000388267 0.000982929 0.000316744 -0.000388267 0.0101154 -0.0184611 -0.00039031 0.000982929 -0.0184611 0.0901719 
0.0099231 -0.0182692 0.000310923 -0.000377984 -0.0182692 0.0896615 -0.000375952 0.000940896 0.000310923 -0.000375952 0.0101487 -0.0184725 -0.000377984 0.000940896 -0.0184725 0.090135 
0.00990698 -0.0182583 0.000326983 -0.000387912 -0.0182583 0.0896421 -0.000396036 0.000978919 0.000326983 -0.000396036 0.010169 -0.0185081 -0.000387912 0.000978919 -0.0185081 0.0901763 
0.00989291 -0.0182334 0.000353101 -0.000422098 -0.0182334 0.0896044 -0.000428186 0.00105524 0.000353101 -0.000428186 0.010173 -0.0185378 -0.000422098 0.00105524 -0.0185378 0.0902457 
0.00988012 -0.0182127 0.00037977 -0.000454912 -0.0182127 0.0895506 -0.000463035 0.00113931 0.00037977 -0.000463035 0.0101888 -0.0185661 -0.000454912 0.00113931 -0.0185661 0.0903406 
0.00989842 -0.0182444 0.000399261 -0.000488436 -0.0182444 0.0896269 -0.000504649 0.00123426 0.000399261 -0.000504649 0.0101882 -0.0185524 -0.000488436 0.00123426 -0.0185524 0.0903342 
0.00989743 -0.0182492 0.000402153 -0.000487458 -0.0182492 0.0896435 -0.00049152 0.00123489 0.000402153 -0.00049152 0.010196 -0.0185681 -0.000487458 0.00123489 -0.0185681 0.0903524 
0.00991681 -0.0182151 0.000376176 -0.000473778 -0.0182151 0.0895624 -0.000473778 0.00117936 0.000376176 -0.000473778 0.0101751 -0.0186014 -0.000473778 0.00117936 -0.0186014 0.0904571 
0.00994554 -0.0182501 0.000372576 -0.000468265 -0.0182501 0.0895831 -0.000464193 0.00116863 0.000372576 -0.000464193 0.010139 -0.0185657 -0.000468265 0.00116863 -0.0185657 0.0904382 
0.00992795 -0.01826 0.000360757 -0.000448399 -0.01826 0.0896023 -0.000442284 0.00111284 0.000360757 -0.000442284 0.0101583 -0.0185433 -0.000448399 0.00111284 -0.0185433 0.0904033 
0.00992285 -0.0182698 0.000359907 -0.000451409 -0.0182698 0.0896656 -0.000451409 0.00112649 0.000359907 -0.000451409 0.010175 -0.0185382 -0.000451409 0.00112649 -0.0185382 0.0903386 
0.00995599 -0.0182844 0.000356294 -0.000457514 -0.0182844 0.0897213 -0.000451441 0.00113974 0.000356294 -0.000451441 0.0101827 -0.0185536 -0.000457514 0.00113974 -0.0185536 0.0903367 
0.00994975 -0.0182843 0.000356002 -0.000453649 -0.0182843 0.0896841 -0.000437374 0.00112904 0.000356002 -0.000437374 0.0101756 -0.0185813 -0.000453649 0.00112904 -0.0185813 0.0904205 
0.00995 -0.0182623 0.000364148 -0.000443488 -0.0182623 0.0896334 -0.000433316 0.00110262 0.000364148 -0.000433316 0.0101717 -0.018598 -0.000443488 0.00110262 -0.018598 0.090502 
0.00994187 -0.0182733 0.000364447 -0.000445888 -0.0182733 0.0896255 -0.000445888 0.00110759 0.000364447 -0.000445888 0.0101536 -0.0185624 -0.000445888 0.00110759 -0.0185624 0.0904338 
0.00995718 -0.0182946 0.000375358 -0.000440637 -0.0182946 0.0897023 -0.000454917 0.00111383 0.000375358 -0.000454917 0.0101122 -0.0185068 -0.000440637 0.00111383 -0.0185068 0.0902674 
0.00995194 -0.018282 0.000378362 -0.000458125 -0.018282 0.0896922 -0.000466305 0.00113713 0.000378362 -0.000466305 0.010089 -0.0184763 -0.000458125 0.00113713 -0.0184763 0.0901749 
0.00992166 -0.0182936 0.000372088 -0.000476354 -0.0182936 0.0897079 -0.000480443 0.00118373 0.000372088 -0.000480443 0.0100995 -0.0184347 -0.000476354 0.00118373 -0.0184347 0.0900657 
0.00991155 -0.0182717 0.000361795 -0.000468085 -0.0182717 0.0896966 -0.000466041 0.00117737 0.000361795 -0.000466041 0.010116 -0.0184413 -0.000468085 0.00117737 -0.0184413 0.0900236 
0.00990535 -0.0182496 0.000338749 -0.000436701 -0.0182496 0.0896502 -0.000438741 0.00112032 0.000338749 -0.000438741 0.0101217 -0.0184578 -0.000436701 0.00112032 -0.0184578 0.0900338 
0.00992379 -0.0182306 0.000345777 -0.000445442 -0.0182306 0.0895744 -0.000443408 0.00112682 0.000345777 -0.000443408 0.0101028 -0.0184746 -0.000445442 0.00112682 -0.0184746 0.0900728 
0.0099494 -0.0182352 0.000346507 -0.000443772 -0.0182352 0.0895284 -0.000445798 0.00113476 0.000346507 -0.000445798 0.0100933 -0.0184783 -0.000443772 0.00113476 -0.0184783 0.0901404 
0.00994355 -0.0182728 0.000343161 -0.000436566 -0.0182728 0.0895915 -0.000440627 0.00112086 0.000343161 -0.000440627 0.0100796 -0.0184515 -0.000436566 0.00112086 -0.0184515 0.0900889 
0.00993507 -0.0182693 0.000344204 -0.000444003 -0.0182693 0.0896254 -0.000446039 0.00113445 0.000344204 -0.000446039 0.0100613 -0.0184322 -0.000444003 0.00113445 -0.0184322 0.0900429 
0.00990864 -0.0182504 0.000313784 -0.000411586 -0.0182504 0.0895873 -0.000417699 0.00105749 0.000313784 -0.000417699 0.0100716 -0.0184215 -0.000411586 0.00105749 -0.0184215 0.0900274 
0.00988765 -0.0182168 0.000299005 -0.000378876 -0.0182168 0.0895152 -0.000380924 0.000974839 0.000299005 -0.000380924 0.0100638 -0.0184236 -0.000378876 0.000974839 -0.0184236 0.0900128 
0.00988545 -0.0182118 0.000305271 -0.000381076 -0.0182118 0.0894997 -0.000376979 0.000950642 0.000305271 -0.000376979 0.0100432 -0.0183921 -0.000381076 0.000950642 -0.0183921 0.0899381 
0.00987398 -0.018191 0.000320437 -0.000375897 -0.018191 0.0894348 -0.000369735 0.0009305 0.000320437 -0.000369735 0.0100342 -0.0183779 -0.000375897 0.0009305 -0.0183779 0.089899 
0.00988843 -0.0181827 0.000315545 -0.000368818 -0.0181827 0.0894159 -0.000372916 0.000895409 0.000315545 -0.000372916 0.0100298 -0.0183631 -0.000368818 0.000895409 -0.0183631 0.0898565 
0.00991975 -0.0182289 0.000341778 -0.000399082 -0.0182289 0.089507 -0.000392943 0.000959844 0.000341778 -0.000392943 0.0100016 -0.0183209 -0.000399082 0.000959844 -0.0183209 0.0897239 
0.0099157 -0.018227 0.000356753 -0.000440336 -0.018227 0.0895145 -0.000438297 0.00106414 0.000356753 -0.000438297 0.0100237 -0.018329 -0.000440336 0.00106414 -0.018329 0.0897265 
0.00991711 -0.0182382 0.000342739 -0.000454281 -0.0182382 0.0895521 -0.000452253 0.00111542 0.000342739 -0.000452253 0.0100347 -0.0183416 -0.000454281 0.00111542 -0.0183416 0.0897489 
0.00991681 -0.0182337 0.000341538 -0.000433022 -0.0182337 0.0895318 -0.000430989 0.00109983 0.000341538 -0.000430989 0.0100429 -0.0183821 -0.000433022 0.00109983 -0.0183821 0.0898551 
