0.00679645 0 -0.000163115 0 0 0.00998807 0 0 -0.000163115 0 0.00782679 0 0 0 0 0.00998807 
0.00968347 -0.0120381 -0.000195601 0.000240168 -0.0120381 0.0322667 0.000240168 -0.00046548 -0.000195601 0.000240168 0.0109487 -0.0135856 0.000240168 -0.00046548 -0.0135856 0.0352378 
0.00992854 -0.0185434 -0.000125108 0.000212683 -0.0185434 0.0685064 0.000212683 -0.000690594 -0.000125108 0.000212683 0.0108268 -0.0202649 0.000212683 -0.000690594 -0.0202649 0.0739711 
0.009454 -0.0185251 -0.000134851 0.000202276 -0.0185251 0.083239 0.000207092 -0.000724823 -0.000134851 0.000207092 0.0101764 -0.0196208 0.000202276 -0.000724823 -0.0196208 0.0873736 
0.00943774 -0.0179585 -0.000146357 0.000176086 -0.0179585 0.0871464 0.000176086 -0.000507676 -0.000146357 0.000176086 0.0101627 -0.0187977 0.000176086 -0.000507676 -0.0187977 0.0896482 
0.00954034 -0.0178271 -0.000165691 0.000185313 -0.0178271 0.0882111 0.000185313 -0.00044257 -0.000165691 0.000185313 0.0103928 -0.0187624 0.000185313 -0.00044257 -0.0187624 0.0903956 
0.0096251 -0.0178755 -0.000155787 0.000208418 -0.0178755 0.0886322 0.000210523 -0.000469466 -0.000155787 0.000210523 0.010543 -0.0189428 0.000208418 -0.000469466 -0.0189428 0.0910532 
0.00965521 -0.0179023 -0.000152342 0.000193516 -0.0179023 0.0887538 0.000193516 -0.000479673 -0.000152342 0.000193516 0.0106063 -0.0190757 0.000193516 -0.000479673 -0.0190757 0.0915351 
0.00970027 -0.0179414 -0.000148765 0.000169143 -0.0179414 0.088839 0.000173219 -0.000432029 -0.000148765 0.000173219 0.0105888 -0.0190989 0.000169143 -0.000432029 -0.0190989 0.09169 
0.00969295 -0.0180096 -0.000138036 0.000160365 -0.0180096 0.0889762 0.000166455 -0.000397868 -0.000138036 0.000166455 0.0105841 -0.0190469 0.000160365 -0.000397868 -0.0190469 0.0916091 
0.00967657 -0.0180093 -0.000150213 0.000158333 -0.0180093 0.0890521 0.000160363 -0.000383653 -0.000150213 0.000160363 0.0105636 -0.0190223 0.000158333 -0.000383653 -0.0190223 0.0914839 
0.0096559 -0.017969 -0.000148521 0.000170901 -0.017969 0.0889804 0.00017497 -0.000402838 -0.000148521 0.00017497 0.0105389 -0.0190188 0.000170901 -0.000402838 -0.0190188 0.0914666 
0.00964357 -0.0179342 -0.000140381 0.000179037 -0.0179342 0.0888775 0.000177002 -0.000431316 -0.000140381 0.000177002 0.0105225 -0.0190023 0.000179037 -0.000431316 -0.0190023 0.0914532 
0.00966277 -0.0178992 -0.000113943 0.00016481 -0.0178992 0.0887697 0.000162776 -0.000406939 -0.000113943 0.000162776 0.0104746 -0.0189918 0.00016481 -0.000406939 -0.0189918 0.0914392 
0.00968177 -0.0179329 -0.000117699 0.00014408 -0.0179329 0.0887979 0.000142051 -0.000379478 -0.000117699 0.000142051 0.0104448 -0.0189232 0.00014408 -0.000379478 -0.0189232 0.0913142 
0.00970168 -0.017968 -0.000145768 0.000163989 -0.017968 0.0888862 0.000163989 -0.000408961 -0.000145768 0.000163989 0.0104467 -0.0188972 0.000163989 -0.000408961 -0.0188972 0.0912367 
0.00970642 -0.0179958 -0.000135825 0.000182451 -0.0179958 0.0889633 0.000180424 -0.000443965 -0.000135825 0.000180424 0.0104443 -0.0188898 0.000182451 -0.000443965 -0.0188898 0.0911912 
0.00971819 -0.0180008 -0.000129765 0.000172344 -0.0180008 0.0890128 0.000172344 -0.000442012 -0.000129765 0.000172344 0.0104339 -0.0188889 0.000172344 -0.000442012 -0.0188889 0.0911863 
0.00971297 -0.0180268 -0.000111527 0.000156138 -0.0180268 0.0890754 0.00015411 -0.000411635 -0.000111527 0.00015411 0.010443 -0.0188703 0.000156138 -0.000411635 -0.0188703 0.0911438 
0.00970057 -0.0180023 -0.000122173 0.000148644 -0.0180023 0.0890482 0.000138463 -0.000384846 -0.000122173 0.000138463 0.0104133 -0.0188677 0.000148644 -0.000384846 -0.0188677 0.0911129 
0.00968572 -0.0179904 -0.000118318 0.000148917 -0.0179904 0.0890054 0.000138717 -0.000354953 -0.000118318 0.000138717 0.0103936 -0.018837 0.000148917 -0.000354953 -0.018837 0.0910536 
0.00968008 -0.0179616 -0.000103977 0.000130481 -0.0179616 0.0889352 0.000124365 -0.000309893 -0.000103977 0.000124365 0.0103814 -0.0188178 0.000130481 -0.000309893 -0.0188178 0.0910005 
0.00969028 -0.0179456 -8.71537e-05 0.000117556 -0.0179456 0.0888745 0.000113503 -0.000283756 -8.71537e-05 0.000113503 0.0103774 -0.018811 0.000117556 -0.000283756 -0.018811 0.0909642 
0.00971768 -0.0179685 -9.10463e-05 0.000105209 -0.0179685 0.0889037 0.000107232 -0.000271116 -9.10463e-05 0.000107232 0.0103611 -0.018794 0.000105209 -0.000271116 -0.018794 0.0909209 
0.0097193 -0.0179984 -0.000111251 0.000117319 -0.0179984 0.0889524 0.00012541 -0.000301389 -0.000111251 0.00012541 0.0103686 -0.0187934 0.000117319 -0.000301389 -0.0187934 0.0909225 
0.0096672 -0.0179699 -0.000113708 0.000158379 -0.0179699 0.0888871 0.000168531 -0.000389856 -0.000113708 0.000168531 0.010388 -0.0188187 0.000158379 -0.000389856 -0.0188187 0.0909988 
0.00965784 -0.0179322 -0.000124105 0.000156658 -0.0179322 0.0888391 0.000164796 -0.000417075 -0.000124105 0.000164796 0.0103842 -0.0188294 0.000156658 -0.000417075 -0.0188294 0.0910424 
0.00967278 -0.0179626 -0.000111859 0.000164738 -0.0179626 0.0889119 0.000176941 -0.000437268 -0.000111859 0.000176941 0.0103744 -0.0187822 0.000164738 -0.000437268 -0.0187822 0.0909477 
0.00965922 -0.0179578 -0.000110158 0.000157077 -0.0179578 0.0889016 0.000159117 -0.000424312 -0.000110158 0.000159117 0.0103793 -0.0187983 0.000157077 -0.000424312 -0.0187983 0.0909436 
0.00964747 -0.017924 -0.000106241 0.000122585 -0.017924 0.0888274 0.000124628 -0.000326894 -0.000106241 0.000124628 0.0103993 -0.0188311 0.000122585 -0.000326894 -0.0188311 0.0910278 
0.00965206 -0.0178835 -0.000110379 0.000126732 -0.0178835 0.0887184 0.000124688 -0.000310697 -0.000110379 0.000124688 0.01039 -0.0188606 0.000126732 -0.000310697 -0.0188606 0.0911243 
0.00966578 -0.0178797 -8.58817e-05 0.000118598 -0.0178797 0.0886503 0.000114509 -0.000282183 -8.58817e-05 0.000114509 0.0103712 -0.018851 0.000118598 -0.000282183 -0.018851 0.0911511 
0.00969052 -0.0179133 -9.79872e-05 0.00010207 -0.0179133 0.0886906 0.000100029 -0.000257216 -9.79872e-05 0.000100029 0.010354 -0.0188176 0.00010207 -0.000257216 -0.0188176 0.091075 
0.00968829 -0.0179433 -0.000103978 0.000122327 -0.0179433 0.0887604 0.000114172 -0.000269119 -0.000103978 0.000114172 0.0103631 -0.0187915 0.000122327 -0.000269119 -0.0187915 0.090999 
0.00968892 -0.0179672 -0.000114324 0.000130655 -0.0179672 0.0888682 0.000130655 -0.000306224 -0.000114324 0.000130655 0.0103585 -0.0187674 0.000130655 -0.000306224 -0.0187674 0.0909035 
0.00970414 -0.0179739 -0.000122424 0.000161192 -0.0179739 0.0889227 0.000161192 -0.000383595 -0.000122424 0.000161192 0.0103448 -0.0187676 0.000161192 -0.000383595 -0.0187676 0.0908651 
0.00969572 -0.0179729 -0.000119901 0.000142255 -0.0179729 0.0889177 0.00014632 -0.000377993 -0.000119901 0.00014632 0.0103765 -0.0187757 0.000142255 -0.000377993 -0.0187757 0.0909032 
0.00969482 -0.0179661 -0.000137889 0.000137889 -0.0179661 0.088902 0.000141945 -0.00034675 -0.000137889 0.000141945 0.0103944 -0.0188117 0.000137889 -0.00034675 -0.0188117 0.0909642 
0.00968274 -0.0179568 -0.000145727 0.000161919 -0.0179568 0.0888731 0.000163943 -0.000382533 -0.000145727 0.000163943 0.0104235 -0.0188514 0.000161919 -0.000382533 -0.0188514 0.0910712 
0.00966799 -0.0179748 -0.000137536 0.000184056 -0.0179748 0.0889253 0.000184056 -0.00044497 -0.000137536 0.000184056 0.0104487 -0.0188587 0.000184056 -0.00044497 -0.0188587 0.0911036 
0.00964977 -0.0179691 -0.000164277 0.000194699 -0.0179691 0.088945 0.000188615 -0.000498916 -0.000164277 0.000188615 0.0104712 -0.0188878 0.000194699 -0.000498916 -0.0188878 0.0911475 
0.00965268 -0.017938 -0.000195045 0.000215362 -0.017938 0.0889038 0.000207235 -0.000534341 -0.000195045 0.000207235 0.0104674 -0.0189234 0.000215362 -0.000534341 -0.0189234 0.0912443 
0.0096447 -0.017934 -0.000201482 0.000246256 -0.017934 0.0888558 0.000248291 -0.000596307 -0.000201482 0.000248291 0.010471 -0.0189271 0.000246256 -0.000596307 -0.0189271 0.091298 
0.00964833 -0.0179131 -0.000217708 0.000260436 -0.0179131 0.0888127 0.000264505 -0.000657193 -0.000217708 0.000264505 0.0104785 -0.0189386 0.000260436 -0.000657193 -0.0189386 0.0913458 
0.00966071 -0.0179064 -0.000197782 0.000244678 -0.0179064 0.0887611 0.000252834 -0.000625969 -0.000197782 0.000252834 0.0104661 -0.0189564 0.000244678 -0.000625969 -0.0189564 0.0913955 
0.00969327 -0.0179245 -0.000194392 0.00023894 -0.0179245 0.0887723 0.00024704 -0.000611524 -0.000194392 0.00024704 0.0104627 -0.0189411 0.00023894 -0.000611524 -0.0189411 0.0913925 
0.00969846 -0.0179513 -0.000166028 0.000216646 -0.0179513 0.0888128 0.000228794 -0.000562875 -0.000166028 0.000228794 0.0104598 -0.0189353 0.000216646 -0.000562875 -0.0189353 0.09137 
0.00970333 -0.018004 -0.000165973 0.000202406 -0.018004 0.0889614 0.000206454 -0.000522207 -0.000165973 0.000206454 0.0104603 -0.0189027 0.000202406 -0.000522207 -0.0189027 0.0912607 
0.00967789 -0.0180088 -0.000169894 0.000204277 -0.0180088 0.0890467 0.000202255 -0.000503614 -0.000169894 0.000202255 0.0104869 -0.0188987 0.000204277 -0.000503614 -0.0188987 0.0912209 
0.00965632 -0.0179698 -0.000177959 0.000226494 -0.0179698 0.0889878 0.000220427 -0.000543989 -0.000177959 0.000220427 0.0105117 -0.0189486 0.000226494 -0.000543989 -0.0189486 0.0913093 
0.00966434 -0.0179362 -0.000168234 0.000224988 -0.0179362 0.0888905 0.000218907 -0.000555375 -0.000168234 0.000218907 0.0105015 -0.0189963 0.000224988 -0.000555375 -0.0189963 0.0914363 
0.00967341 -0.0179249 -0.000150101 0.000208925 -0.0179249 0.0888173 0.000194726 -0.00051724 -0.000150101 0.000194726 0.0104807 -0.0189878 0.000208925 -0.00051724 -0.0189878 0.0914805 
0.00965719 -0.0179505 -0.000154483 0.000193103 -0.0179505 0.0888498 0.000184973 -0.000485807 -0.000154483 0.000184973 0.0104642 -0.0189322 0.000193103 -0.000485807 -0.0189322 0.0913622 
0.00965686 -0.0179498 -0.000148379 0.000191064 -0.0179498 0.0888874 0.000189031 -0.000471562 -0.000148379 0.000189031 0.0104496 -0.018897 0.000191064 -0.000471562 -0.018897 0.0912371 
0.00967147 -0.0179395 -0.000144199 0.000176694 -0.0179395 0.0888813 0.000178725 -0.000452906 -0.000144199 0.000178725 0.010427 -0.018886 0.000176694 -0.000452906 -0.018886 0.0911844 
0.00968392 -0.0179329 -0.000132489 0.000158987 -0.0179329 0.0888226 0.000163063 -0.000403582 -0.000132489 0.000163063 0.0103871 -0.0188725 0.000158987 -0.000403582 -0.0188725 0.0911524 
0.00968024 -0.0179685 -0.000141034 0.00015943 -0.0179685 0.0888841 0.000167606 -0.000398574 -0.000141034 0.000167606 0.0103629 -0.0188025 0.00015943 -0.000398574 -0.0188025 0.0910118 
0.00968523 -0.017958 -0.000157168 0.000185744 -0.017958 0.0888898 0.000185744 -0.000457217 -0.000157168 0.000185744 0.0103547 -0.0187826 0.000185744 -0.000457217 -0.0187826 0.0909269 
0.00967536 -0.0179519 -0.000165164 0.000207985 -0.0179519 0.0888604 0.000210024 -0.000511805 -0.000165164 0.000210024 0.0103605 -0.0187716 0.000207985 -0.000511805 -0.0187716 0.0908913 
0.00964805 -0.0179245 -0.000153306 0.000190099 -0.0179245 0.0887886 0.000183967 -0.000478314 -0.000153306 0.000183967 0.0103635 -0.0187851 0.000190099 -0.000478314 -0.0187851 0.0909002 
0.00965832 -0.017888 -0.000142664 0.000195653 -0.017888 0.0886878 0.000189539 -0.00048098 -0.000142664 0.000189539 0.0103614 -0.0188051 0.000195653 -0.00048098 -0.0188051 0.0909623 
0.00966437 -0.0178905 -0.000122231 0.000167049 -0.0178905 0.0886539 0.000165011 -0.000427807 -0.000122231 0.000165011 0.0103448 -0.018793 0.000167049 -0.000427807 -0.018793 0.09096 
0.00967602 -0.017922 -0.000112203 0.000148925 -0.017922 0.0887101 0.000153005 -0.000393732 -0.000112203 0.000153005 0.0103064 -0.0187502 0.000148925 -0.000393732 -0.0187502 0.090846 
0.00968999 -0.017938 -0.000114216 0.000146849 -0.017938 0.0887763 0.000150928 -0.00037732 -0.000114216 0.000150928 0.0102753 -0.0187008 0.000146849 -0.00037732 -0.0187008 0.0907261 
0.00969084 -0.0179511 -0.000130792 0.00016349 -0.0179511 0.0888116 0.000167577 -0.000420986 -0.000130792 0.000167577 0.0102467 -0.0186623 0.00016349 -0.000420986 -0.0186623 0.0906141 
0.00966149 -0.0179314 -0.000133022 0.000173952 -0.0179314 0.0887707 0.000169859 -0.000446135 -0.000133022 0.000169859 0.010255 -0.0186476 0.000173952 -0.000446135 -0.0186476 0.0905818 
0.00965459 -0.0179159 -0.000137075 0.000163672 -0.0179159 0.0887388 0.000153442 -0.000405088 -0.000137075 0.000153442 0.010254 -0.0186463 0.000163672 -0.000405088 -0.0186463 0.0905494 
0.00967528 -0.0179216 -0.000132874 0.000165582 -0.0179216 0.0887681 0.00015536 -0.000380224 -0.000132874 0.00015536 0.0102374 -0.0186289 0.000165582 -0.000380224 -0.0186289 0.0904893 
0.00968647 -0.017943 -0.000130733 0.000183843 -0.017943 0.0887981 0.000179757 -0.000453479 -0.000130733 0.000179757 0.01024 -0.018613 0.000183843 -0.000453479 -0.018613 0.0904608 
0.00967263 -0.0179739 -0.000116145 0.000156898 -0.0179739 0.0888815 0.000167086 -0.000423827 -0.000116145 0.000167086 0.0102778 -0.0186056 0.000156898 -0.000423827 -0.0186056 0.0904362 
0.00963095 -0.0179309 -0.000110068 0.000136566 -0.0179309 0.0888228 0.000146757 -0.000368931 -0.000110068 0.000146757 0.010326 -0.0186708 0.000136566 -0.000368931 -0.0186708 0.090535 
0.00960403 -0.0178457 -0.000112006 0.000114043 -0.0178457 0.0886132 0.000120152 -0.000295289 -0.000112006 0.000120152 0.0103453 -0.018758 0.000114043 -0.000295289 -0.018758 0.0907577 
0.00960745 -0.0178077 -0.000106205 0.000136841 -0.0178077 0.0884645 0.000138883 -0.000320657 -0.000106205 0.000138883 0.0103162 -0.0187819 0.000136841 -0.000320657 -0.0187819 0.0908991 
0.0096218 -0.0178036 -0.000108409 0.000137045 -0.0178036 0.0883818 0.000137045 -0.00034159 -0.000108409 0.000137045 0.0102804 -0.0187568 0.000137045 -0.00034159 -0.0187568 0.0909182 
0.00963797 -0.0178385 -0.000112617 0.000131045 -0.0178385 0.0884453 0.00013514 -0.000337851 -0.000112617 0.00013514 0.0102441 -0.0186883 0.000131045 -0.000337851 -0.0186883 0.0907652 
0.00964857 -0.0178676 -0.00012903 0.000145415 -0.0178676 0.0885247 0.000137222 -0.000352272 -0.00012903 0.000137222 0.0102179 -0.0186295 0.000145415 -0.000352272 -0.0186295 0.0905954 
0.00963032 -0.0178963 -0.000115063 0.000154102 -0.0178963 0.0886289 0.000145883 -0.000361625 -0.000115063 0.000145883 0.0102159 -0.0185805 0.000154102 -0.000361625 -0.0185805 0.0904206 
0.00961519 -0.0178736 -9.48528e-05 0.000138155 -0.0178736 0.0886255 0.000138155 -0.000348481 -9.48528e-05 0.000138155 0.0102152 -0.0185808 0.000138155 -0.000348481 -0.0185808 0.090372 
0.0095992 -0.0178309 -8.67584e-05 0.000117744 -0.0178309 0.0885245 0.000121875 -0.000311917 -8.67584e-05 0.000121875 0.010223 -0.0185911 0.000117744 -0.000311917 -0.0185911 0.090394 
0.00957894 -0.0177845 -5.98942e-05 0.000109462 -0.0177845 0.0883791 0.000109462 -0.000280883 -5.98942e-05 0.000109462 0.0102295 -0.018623 0.000109462 -0.000280883 -0.018623 0.0904733 
0.00958636 -0.017785 -5.97089e-05 9.47106e-05 -0.017785 0.0883485 0.000100887 -0.000280014 -5.97089e-05 0.000100887 0.010237 -0.0186148 9.47106e-05 -0.000280014 -0.0186148 0.0904733 
0.00961272 -0.0178011 -9.45446e-05 0.000100711 -0.0178011 0.0883807 0.000106876 -0.0002898 -9.45446e-05 0.000106876 0.0102252 -0.0186109 0.000100711 -0.0002898 -0.0186109 0.0904524 
0.00962679 -0.0178355 -0.000119027 0.000125183 -0.0178355 0.088447 0.000129288 -0.000316036 -0.000119027 0.000129288 0.0102219 -0.0185989 0.000125183 -0.000316036 -0.0185989 0.0904335 
0.00963933 -0.0178649 -0.000133566 0.00013973 -0.0178649 0.0885314 0.000137675 -0.000330832 -0.000133566 0.000137675 0.0102106 -0.0185882 0.00013973 -0.000330832 -0.0185882 0.0903911 
0.009667 -0.0179004 -0.000150147 0.000176886 -0.0179004 0.0886423 0.000176886 -0.000413419 -0.000150147 0.000176886 0.0101812 -0.0185606 0.000176886 -0.000413419 -0.0185606 0.0903165 
0.00968654 -0.0179132 -0.000127482 0.000180942 -0.0179132 0.0886881 0.000180942 -0.000444129 -0.000127482 0.000180942 0.0101574 -0.0185403 0.000180942 -0.000444129 -0.0185403 0.0902775 
0.00967931 -0.017942 -0.000119421 0.00016266 -0.017942 0.0887548 0.000160601 -0.000430329 -0.000119421 0.000160601 0.0101591 -0.0185041 0.00016266 -0.000430329 -0.0185041 0.0901879 
0.00967115 -0.0179407 -0.000123304 0.000129469 -0.0179407 0.0887728 0.000121249 -0.000334976 -0.000123304 0.000121249 0.0101726 -0.0185059 0.000129469 -0.000334976 -0.0185059 0.0901455 
0.00965553 -0.0179077 -0.000139312 0.00015775 -0.0179077 0.0887149 0.000149555 -0.000358523 -0.000139312 0.000149555 0.0102107 -0.0185448 0.00015775 -0.000358523 -0.0185448 0.0902412 
0.00965567 -0.0178979 -0.000146854 0.00017133 -0.0178979 0.0886837 0.00017337 -0.000409968 -0.000146854 0.00017337 0.0102512 -0.0185934 0.00017133 -0.000409968 -0.0185934 0.0903602 
0.00965198 -0.0178774 -0.00013838 0.000189254 -0.0178774 0.0886179 0.000191289 -0.000466014 -0.00013838 0.000191289 0.0102869 -0.0186711 0.000189254 -0.000466014 -0.0186711 0.0905654 
0.00965277 -0.0178922 -0.000132369 0.000177171 -0.0178922 0.0886385 0.000181244 -0.000476529 -0.000132369 0.000181244 0.0103044 -0.0187048 0.000177171 -0.000476529 -0.0187048 0.0907034 
0.00966598 -0.0179053 -0.000135969 0.000160322 -0.0179053 0.0886843 0.000164381 -0.00043226 -0.000135969 0.000164381 0.0103276 -0.0187353 0.000160322 -0.00043226 -0.0187353 0.090799 
0.0096954 -0.0179505 -0.000158011 0.000190424 -0.0179505 0.0888205 0.000194475 -0.000482137 -0.000158011 0.000194475 0.0103315 -0.0187324 0.000190424 -0.000482137 -0.0187324 0.0907956 
0.00971193 -0.0179816 -0.000173716 0.000214115 -0.0179816 0.0889204 0.000214115 -0.000543367 -0.000173716 0.000214115 0.0103462 -0.0187492 0.000214115 -0.000543367 -0.0187492 0.0908272 
0.00969992 -0.017985 -0.000175592 0.000207884 -0.017985 0.0889422 0.000207884 -0.000526775 -0.000175592 0.000207884 0.010368 -0.0187822 0.000207884 -0.000526775 -0.0187822 0.090908 
0.00967627 -0.017987 -0.000163867 0.000194213 -0.017987 0.0889679 0.000198259 -0.000481487 -0.000163867 0.000198259 0.0103965 -0.0188063 0.000194213 -0.000481487 -0.0188063 0.0909788 
0.00964775 -0.0179622 -0.000172753 0.000201206 -0.0179622 0.0889271 0.000207304 -0.000506065 -0.000172753 0.000207304 0.010418 -0.0188402 0.000201206 -0.000506065 -0.0188402 0.0910632 
0.00964776 -0.0179173 -0.00016083 0.000195439 -0.0179173 0.0888535 0.000207654 -0.000486562 -0.00016083 0.000207654 0.0104193 -0.0188741 0.000195439 -0.000486562 -0.0188741 0.091158 
0.00967131 -0.0179196 -0.000144957 0.000195999 -0.0179196 0.0888181 0.000202124 -0.000496122 -0.000144957 0.000202124 0.01039 -0.0188669 0.000195999 -0.000496122 -0.0188669 0.0911578 
0.00967314 -0.0179292 -0.000129194 0.000188664 -0.0179292 0.0887829 0.000184563 -0.000481914 -0.000129194 0.000184563 0.0103519 -0.0188234 0.000188664 -0.000481914 -0.0188234 0.0910674 
0.00968385 -0.0179261 -0.000131056 0.000163821 -0.0179261 0.0887887 0.000153582 -0.000425934 -0.000131056 0.000153582 0.010333 -0.0187779 0.000163821 -0.000425934 -0.0187779 0.0909716 
0.00969138 -0.0179341 -0.000128728 0.000177767 -0.0179341 0.0887774 0.000167551 -0.00043318 -0.000128728 0.000167551 0.0103411 -0.0187657 0.000177767 -0.00043318 -0.0187657 0.090931 
0.00970817 -0.0179713 -0.000129712 0.000168221 -0.0179713 0.0888753 0.000160114 -0.000421566 -0.000129712 0.000160114 0.0103831 -0.0187657 0.000168221 -0.000421566 -0.0187657 0.0909102 
0.0096839 -0.0179855 -0.000141666 0.00017 -0.0179855 0.088928 0.000167976 -0.000418927 -0.000141666 0.000167976 0.0104368 -0.0188173 0.00017 -0.000418927 -0.0188173 0.0909821 
0.0096853 -0.0179789 -0.000148099 0.000174473 -0.0179789 0.0889408 0.000178531 -0.00042604 -0.000148099 0.000178531 0.0104359 -0.0188776 0.000174473 -0.00042604 -0.0188776 0.0910933 
0.00967854 -0.0179892 -0.000157835 0.000180094 -0.0179892 0.0889948 0.000182118 -0.000441129 -0.000157835 0.000182118 0.0104657 -0.0188816 0.000180094 -0.000441129 -0.0188816 0.091158 
0.00966086 -0.0179671 -0.000164501 0.000190902 -0.0179671 0.0889604 0.000188871 -0.000454916 -0.000164501 0.000188871 0.0104712 -0.0189115 0.000190902 -0.000454916 -0.0189115 0.0912065 
0.00965522 -0.0179105 -0.000150799 0.000193593 -0.0179105 0.0888166 0.000195631 -0.000472776 -0.000150799 0.000195631 0.0104316 -0.0189334 0.000193593 -0.000472776 -0.0189334 0.0912824 
0.00968241 -0.0179151 -0.000142929 0.000181724 -0.0179151 0.0887772 0.000181724 -0.000461456 -0.000142929 0.000181724 0.0103766 -0.0188789 0.000181724 -0.000461456 -0.0188789 0.0912213 
0.0097068 -0.0179448 -0.000127988 0.000180809 -0.0179448 0.0887996 0.000180809 -0.000459133 -0.000127988 0.000180809 0.0103528 -0.0188102 0.000180809 -0.000459133 -0.0188102 0.0910831 
0.00969468 -0.0179676 -0.000127962 0.000170617 -0.0179676 0.0888344 0.000174679 -0.000450915 -0.000127962 0.000174679 0.0103568 -0.01878 0.000170617 -0.000450915 -0.01878 0.090961 
0.0096853 -0.0179333 -0.000136012 0.000160373 -0.0179333 0.0887897 0.000164433 -0.000406007 -0.000136012 0.000164433 0.0103512 -0.0188063 0.000160373 -0.000406007 -0.0188063 0.0909781 
0.00966771 -0.017943 -0.000144751 0.000154944 -0.017943 0.0887932 0.000159022 -0.000389399 -0.000144751 0.000159022 0.0103507 -0.018787 0.000154944 -0.000389399 -0.018787 0.0909523 
0.00966803 -0.0179357 -0.000144939 0.000165353 -0.0179357 0.0888087 0.000167394 -0.000391947 -0.000144939 0.000167394 0.0103458 -0.0187747 0.000165353 -0.000391947 -0.0187747 0.0909215 
0.00967346 -0.0179388 -0.000128382 0.000163024 -0.0179388 0.0888239 0.000160987 -0.000374956 -0.000128382 0.000160987 0.0103398 -0.018756 0.000163024 -0.000374956 -0.018756 0.0908678 
0.00968247 -0.0179411 -0.000122048 0.000146458 -0.0179411 0.0888285 0.000146458 -0.00036411 -0.000122048 0.000146458 0.0103395 -0.0187567 0.000146458 -0.00036411 -0.0187567 0.0908403 
0.00969603 -0.0179654 -0.00011584 0.000140228 -0.0179654 0.088882 0.000146325 -0.000349553 -0.00011584 0.000146325 0.0103362 -0.0187458 0.000140228 -0.000349553 -0.0187458 0.0908126 
0.00969457 -0.0179949 -9.14582e-05 0.000142268 -0.0179949 0.0889624 0.000146333 -0.000355671 -9.14582e-05 0.000146333 0.0103429 -0.0187266 0.000142268 -0.000355671 -0.0187266 0.090757 
0.00966686 -0.0179725 -8.54574e-05 0.000128186 -0.0179725 0.0889367 0.000130221 -0.000347934 -8.54574e-05 0.000130221 0.0103688 -0.0187599 0.000128186 -0.000347934 -0.0187599 0.0908209 
0.00964476 -0.0179245 -9.75039e-05 0.000119849 -0.0179245 0.0888423 0.00012188 -0.000329076 -9.75039e-05 0.00012188 0.0104106 -0.0188162 0.000119849 -0.000329076 -0.0188162 0.0909691 
0.00962387 -0.0179001 -0.000125458 0.000151764 -0.0179001 0.0887577 0.000147717 -0.000378399 -0.000125458 0.000147717 0.0104636 -0.0188754 0.000151764 -0.000378399 -0.0188754 0.0911333 
0.00961734 -0.0178817 -0.000142732 0.000156804 -0.0178817 0.0887051 0.000150773 -0.00038397 -0.000142732 0.000150773 0.01052 -0.0189412 0.000156804 -0.00038397 -0.0189412 0.0912943 
0.00964641 -0.0178871 -0.000142984 0.000161109 -0.0178871 0.0887067 0.000159095 -0.000372565 -0.000142984 0.000159095 0.0105023 -0.0189927 0.000161109 -0.000372565 -0.0189927 0.0914334 
0.0096694 -0.0179398 -0.000141513 0.000175881 -0.0179398 0.0888118 0.000169816 -0.000404324 -0.000141513 0.000169816 0.010474 -0.0189648 0.000175881 -0.000404324 -0.0189648 0.0914257 
0.00967283 -0.0179699 -0.00013353 0.00017804 -0.0179699 0.0889168 0.000173994 -0.000432961 -0.00013353 0.000173994 0.0104619 -0.0189248 0.00017804 -0.000432961 -0.0189248 0.0913487 
0.00967638 -0.0179733 -0.000132247 0.000179042 -0.0179733 0.0889633 0.000168869 -0.000435397 -0.000132247 0.000168869 0.0104332 -0.0188991 0.000179042 -0.000435397 -0.0188991 0.0912563 
0.00969388 -0.0179725 -0.0001316 0.000172093 -0.0179725 0.0889658 0.000163994 -0.000429219 -0.0001316 0.000163994 0.0104308 -0.0188816 0.000172093 -0.000429219 -0.0188816 0.0912111 
0.00970064 -0.0179566 -0.000115171 0.000165685 -0.0179566 0.0888939 0.000155582 -0.00040613 -0.000115171 0.000155582 0.0104321 -0.0189002 0.000165685 -0.00040613 -0.0189002 0.0912498 
0.00971068 -0.0179699 -0.000131035 0.000157242 -0.0179699 0.0888979 0.000155226 -0.000403184 -0.000131035 0.000155226 0.0104364 -0.0188992 0.000157242 -0.000403184 -0.0188992 0.0912626 
0.0097042 -0.0179854 -0.000101064 0.000135426 -0.0179854 0.0889347 0.00014149 -0.000337555 -0.000101064 0.00014149 0.0104238 -0.018891 0.000135426 -0.000337555 -0.018891 0.0912308 
0.00968629 -0.0179894 -8.51809e-05 0.000131828 -0.0179894 0.0889776 0.000135884 -0.000340724 -8.51809e-05 0.000135884 0.0104124 -0.0188696 0.000131828 -0.000340724 -0.0188696 0.091174 
0.00965066 -0.0179822 -6.91075e-05 9.14658e-05 -0.0179822 0.088982 9.34984e-05 -0.000254072 -6.91075e-05 9.34984e-05 0.0104271 -0.018844 9.14658e-05 -0.000254072 -0.018844 0.0911 
0.0096335 -0.017948 -6.50363e-05 8.12954e-05 -0.017948 0.0889453 8.53601e-05 -0.000203238 -6.50363e-05 8.53601e-05 0.0104505 -0.0188585 8.12954e-05 -0.000203238 -0.0188585 0.0910955 
0.0096272 -0.0178977 -6.71239e-05 5.89877e-05 -0.0178977 0.0888172 6.10217e-05 -0.000152554 -6.71239e-05 6.10217e-05 0.0104571 -0.0189025 5.89877e-05 -0.000152554 -0.0189025 0.0911889 
0.00962018 -0.0178731 -7.97083e-05 9.40149e-05 -0.0178731 0.0886888 9.19711e-05 -0.000200293 -7.97083e-05 9.19711e-05 0.0104295 -0.0189072 9.40149e-05 -0.000200293 -0.0189072 0.0912251 
0.00964359 -0.0178634 -8.1708e-05 0.000104178 -0.0178634 0.0886287 0.000102135 -0.000243081 -8.1708e-05 0.000102135 0.0103851 -0.0188786 0.000104178 -0.000243081 -0.0188786 0.0911984 
0.0096604 -0.0178815 -6.73696e-05 9.59507e-05 -0.0178815 0.0886319 9.18677e-05 -0.00023069 -6.73696e-05 9.18677e-05 0.0103606 -0.0188267 9.59507e-05 -0.00023069 -0.0188267 0.091098 
0.00965899 -0.0178905 -5.49037e-05 8.54058e-05 -0.0178905 0.0886349 8.13388e-05 -0.000217581 -5.49037e-05 8.13388e-05 0.0103666 -0.0188116 8.54058e-05 -0.000217581 -0.0188116 0.0910426 
0.00967638 -0.0179359 -6.29259e-05 7.91648e-05 -0.0179359 0.088758 7.30752e-05 -0.000202987 -6.29259e-05 7.30752e-05 0.0103604 -0.0187783 7.91648e-05 -0.000202987 -0.0187783 0.0909279 
0.00967029 -0.0179318 -6.49558e-05 6.49558e-05 -0.0179318 0.0887803 6.0896e-05 -0.00015427 -6.49558e-05 6.0896e-05 0.0103686 -0.0187925 6.49558e-05 -0.00015427 -0.0187925 0.090936 
0.00968292 -0.0179369 -8.50089e-05 8.50089e-05 -0.0179369 0.0888221 8.50089e-05 -0.000188234 -8.50089e-05 8.50089e-05 0.0103772 -0.0188052 8.50089e-05 -0.000188234 -0.0188052 0.0909777 
0.00969515 -0.0179801 -0.000107229 0.000105206 -0.0179801 0.0889173 0.000115322 -0.000254922 -0.000107229 0.000115322 0.010381 -0.0187955 0.000105206 -0.000254922 -0.0187955 0.0909507 
0.00970066 -0.0179913 -0.000131308 0.000121208 -0.0179913 0.0889806 0.000127268 -0.000288878 -0.000131308 0.000127268 0.0103895 -0.0188114 0.000121208 -0.000288878 -0.0188114 0.0909745 
0.00968771 -0.018012 -0.000149914 0.000168147 -0.018012 0.0890512 0.000168147 -0.000382889 -0.000149914 0.000168147 0.010417 -0.0188143 0.000168147 -0.000382889 -0.0188143 0.0909879 
0.00969148 -0.0179953 -0.000172699 0.000207239 -0.0179953 0.0890519 0.000205207 -0.000495749 -0.000172699 0.000205207 0.0104148 -0.0188445 0.000207239 -0.000495749 -0.0188445 0.091045 
0.0096915 -0.017975 -0.000158477 0.000195049 -0.017975 0.088985 0.000190985 -0.000471368 -0.000158477 0.000190985 0.0104148 -0.0188608 0.000195049 -0.000471368 -0.0188608 0.0911204 
0.00968342 -0.0179387 -0.000130389 0.000185397 -0.0179387 0.0888601 0.000181322 -0.000458399 -0.000130389 0.000181322 0.0103924 -0.0188718 0.000185397 -0.000458399 -0.0188718 0.0911602 
0.00967578 -0.0178943 -0.000113499 0.000166195 -0.0178943 0.0887054 0.000162141 -0.000423594 -0.000113499 0.000162141 0.0103872 -0.0188773 0.000166195 -0.000423594 -0.0188773 0.0912105 
0.00964234 -0.0179023 -8.75466e-05 0.00012623 -0.0179023 0.0886664 0.000128266 -0.000344078 -8.75466e-05 0.000128266 0.0103773 -0.0188327 0.00012623 -0.000344078 -0.0188327 0.0911095 
