0.00771493 0 -0.000238132 0 0 0.00998801 0 0 -0.000238132 0 0.00695995 0 0 0 0 0.00998801 
0.0107962 -0.013404 -0.000276066 0.000342618 -0.013404 0.0348928 0.000342618 -0.000653192 -0.000276066 0.000342618 0.00989648 -0.0123022 0.000342618 -0.000653192 -0.0123022 0.0327705 
0.0107585 -0.0200938 -0.000240524 0.000390852 -0.0200938 0.0734351 0.000390852 -0.00124772 -0.000240524 0.000390852 0.0100068 -0.0187985 0.000390852 -0.00124772 -0.0187985 0.0693161 
0.0101664 -0.0195614 -0.000221796 0.000298942 -0.0195614 0.0871031 0.000296531 -0.00101496 -0.000221796 0.000296531 0.0094673 -0.0186236 0.000298942 -0.00101496 -0.0186236 0.0837617 
0.0101887 -0.018816 -0.000235458 0.000249174 -0.018816 0.0896362 0.00025146 -0.000681227 -0.000235458 0.00025146 0.00943202 -0.0179725 0.000249174 -0.000681227 -0.0179725 0.0873182 
0.0104041 -0.0187886 -0.00029726 0.000316932 -0.0187886 0.0904457 0.000314746 -0.000730035 -0.00029726 0.000314746 0.00953636 -0.0178269 0.000316932 -0.000730035 -0.0178269 0.0882469 
0.010509 -0.0189612 -0.00032231 0.000385924 -0.0189612 0.09111 0.000385924 -0.000892715 -0.00032231 0.000385924 0.00963963 -0.0178628 0.000385924 -0.000892715 -0.0178628 0.0886142 
0.0105339 -0.0190055 -0.00033745 0.00040619 -0.0190055 0.0914198 0.000399941 -0.000981105 -0.00033745 0.000399941 0.00967982 -0.0179411 0.00040619 -0.000981105 -0.0179411 0.0888056 
0.0105259 -0.0190043 -0.000337817 0.000416092 -0.0190043 0.0914784 0.000416092 -0.00102375 -0.000337817 0.000416092 0.00966692 -0.017929 0.000416092 -0.00102375 -0.017929 0.0887944 
0.0105021 -0.0189873 -0.000298949 0.000393138 -0.0189873 0.0914456 0.000393138 -0.00097056 -0.000298949 0.000393138 0.00967079 -0.0179144 0.000393138 -0.00097056 -0.0179144 0.0887284 
0.0104599 -0.0189488 -0.000269618 0.000349278 -0.0189488 0.0913534 0.00035132 -0.000884428 -0.000269618 0.00035132 0.00968581 -0.0179173 0.000349278 -0.000884428 -0.0179173 0.0887083 
0.0104152 -0.0189085 -0.000251654 0.000326744 -0.0189085 0.0912589 0.000332832 -0.000836139 -0.000251654 0.000332832 0.00973331 -0.0179425 0.000326744 -0.000836139 -0.0179425 0.0887464 
0.0104036 -0.0188542 -0.000253698 0.000293968 -0.0188542 0.0911441 0.000300008 -0.000767135 -0.000253698 0.000300008 0.00977745 -0.0180186 0.000293968 -0.000767135 -0.0180186 0.0889152 
0.0104236 -0.0188485 -0.000253351 0.000291555 -0.0188485 0.09111 0.000297587 -0.00072185 -0.000253351 0.000297587 0.00978419 -0.0180784 0.000291555 -0.00072185 -0.0180784 0.0890932 
0.0104533 -0.0188798 -0.00026314 0.000317376 -0.0188798 0.0911631 0.000313358 -0.000765317 -0.00026314 0.000313358 0.00977838 -0.0180984 0.000317376 -0.000765317 -0.0180984 0.0892227 
0.0104623 -0.0189226 -0.000287437 0.000313567 -0.0189226 0.0912541 0.000305527 -0.000755777 -0.000287437 0.000305527 0.00977485 -0.0180924 0.000313567 -0.000755777 -0.0180924 0.0892481 
0.0104635 -0.0189167 -0.000315312 0.000361505 -0.0189167 0.0912699 0.000351463 -0.000831461 -0.000315312 0.000351463 0.00978874 -0.0181234 0.000361505 -0.000831461 -0.0181234 0.0893418 
0.0104596 -0.0189269 -0.000308526 0.00037507 -0.0189269 0.0913054 0.000371037 -0.000881214 -0.000308526 0.000371037 0.00977603 -0.0181123 0.00037507 -0.000881214 -0.0181123 0.0893393 
0.0104126 -0.0189306 -0.000294907 0.000371663 -0.0189306 0.0913322 0.000375703 -0.000917038 -0.000294907 0.000375703 0.00980665 -0.0180923 0.000371663 -0.000917038 -0.0180923 0.08929 
0.0103927 -0.0188785 -0.000294914 0.000371672 -0.0188785 0.0912778 0.000373692 -0.00093322 -0.000294914 0.000373692 0.00981699 -0.018113 0.000371672 -0.00093322 -0.018113 0.0892962 
0.0103571 -0.0188447 -0.000304143 0.000360916 -0.0188447 0.0911598 0.000356861 -0.000900263 -0.000304143 0.000356861 0.00981571 -0.0181168 0.000360916 -0.000900263 -0.0181168 0.0893025 
0.0103162 -0.0187771 -0.00030616 0.000364959 -0.0187771 0.0909944 0.000369014 -0.000896177 -0.00030616 0.000369014 0.00984781 -0.0181506 0.000364959 -0.000896177 -0.0181506 0.0893947 
0.0103028 -0.0187455 -0.000294772 0.00034966 -0.0187455 0.0908792 0.00034966 -0.000853822 -0.000294772 0.00034966 0.00985961 -0.0181783 0.00034966 -0.000853822 -0.0181783 0.0894622 
0.0103043 -0.0187023 -0.000288886 0.000360091 -0.0187023 0.090751 0.000366194 -0.000882934 -0.000288886 0.000366194 0.00985672 -0.018208 0.000360091 -0.000882934 -0.018208 0.0895527 
0.0103017 -0.018698 -0.000277158 0.000358676 -0.018698 0.0906879 0.000356638 -0.000896689 -0.000277158 0.000356638 0.0098269 -0.0181783 0.000358676 -0.000896689 -0.0181783 0.0895038 
0.0103142 -0.0187194 -0.000252359 0.000343941 -0.0187194 0.0907374 0.000341906 -0.000862906 -0.000252359 0.000341906 0.00978706 -0.0181108 0.000343941 -0.000862906 -0.0181108 0.0893372 
0.0103306 -0.0187556 -0.000252464 0.000321687 -0.0187556 0.0908278 0.000319651 -0.000826615 -0.000252464 0.000319651 0.00974631 -0.018043 0.000321687 -0.000826615 -0.018043 0.0891257 
0.0103425 -0.0187772 -0.000251662 0.000298341 -0.0187772 0.0909109 0.000296312 -0.000750927 -0.000251662 0.000296312 0.0097235 -0.0179898 0.000298341 -0.000750927 -0.0179898 0.0889606 
0.0103265 -0.0187594 -0.000239491 0.000286171 -0.0187594 0.0908888 0.000284142 -0.000700206 -0.000239491 0.000284142 0.009742 -0.0180065 0.000286171 -0.000700206 -0.0180065 0.0889688 
0.0103297 -0.0187497 -0.000223719 0.000284733 -0.0187497 0.0908645 0.000284733 -0.000689462 -0.000223719 0.000284733 0.00974398 -0.0180338 0.000284733 -0.000689462 -0.0180338 0.0890239 
0.0103502 -0.0187552 -0.000227656 0.00028457 -0.0187552 0.0908755 0.000288635 -0.000719556 -0.000227656 0.000288635 0.0097262 -0.0180275 0.00028457 -0.000719556 -0.0180275 0.089042 
0.0103378 -0.0187811 -0.000252341 0.000291006 -0.0187811 0.0909017 0.000293041 -0.000730567 -0.000252341 0.000293041 0.00972122 -0.0179956 0.000291006 -0.000730567 -0.0179956 0.0889806 
0.0103284 -0.018764 -0.000273883 0.0003104 -0.018764 0.0909047 0.0003104 -0.000756727 -0.000273883 0.0003104 0.00972385 -0.017987 0.0003104 -0.000756727 -0.017987 0.0889266 
0.0103135 -0.018744 -0.000270444 0.000331446 -0.018744 0.0908366 0.000341613 -0.000799131 -0.000270444 0.000341613 0.00971971 -0.0179937 0.000331446 -0.000799131 -0.0179937 0.0889354 
0.0102732 -0.0187149 -0.000220272 0.00031817 -0.0187149 0.0907559 0.00032021 -0.000787267 -0.000220272 0.00032021 0.00971234 -0.0179827 0.00031817 -0.000787267 -0.0179827 0.0889163 
0.0102459 -0.0186712 -0.000174459 0.000256558 -0.0186712 0.0906654 0.000260663 -0.00067526 -0.000174459 0.000260663 0.00969788 -0.0179775 0.000256558 -0.00067526 -0.0179775 0.0888941 
0.0102141 -0.0186407 -0.000191514 0.000220344 -0.0186407 0.0905738 0.000224463 -0.000591017 -0.000191514 0.000224463 0.00967455 -0.0179323 0.000220344 -0.000591017 -0.0179323 0.0887966 
0.0102295 -0.0186065 -0.000217212 0.000235655 -0.0186065 0.0904935 0.000233606 -0.000577866 -0.000217212 0.000233606 0.00966594 -0.0179139 0.000235655 -0.000577866 -0.0179139 0.0887332 
0.0102321 -0.0186008 -0.000234962 0.000281954 -0.0186008 0.0904317 0.000277868 -0.000670152 -0.000234962 0.000277868 0.0096743 -0.0179204 0.000281954 -0.000670152 -0.0179204 0.088738 
0.0102225 -0.0186204 -0.000226804 0.000296276 -0.0186204 0.0904601 0.000302406 -0.000735581 -0.000226804 0.000302406 0.00968924 -0.0179196 0.000296276 -0.000735581 -0.0179196 0.0887172 
0.0102546 -0.0186178 -0.0001963 0.000259689 -0.0186178 0.0904719 0.000271958 -0.000676827 -0.0001963 0.000271958 0.00966369 -0.017941 0.000259689 -0.000676827 -0.017941 0.0887563 
0.0102771 -0.0186469 -0.000198502 0.000245569 -0.0186469 0.090527 0.000253755 -0.000646665 -0.000198502 0.000253755 0.00964063 -0.0179184 0.000245569 -0.000646665 -0.0179184 0.0887425 
0.0102807 -0.0186451 -0.000204509 0.000245411 -0.0186451 0.0905322 0.000243366 -0.000623754 -0.000204509 0.000243366 0.0096508 -0.0179232 0.000245411 -0.000623754 -0.0179232 0.0887857 
0.0102682 -0.0186797 -0.000202219 0.000253285 -0.0186797 0.0906105 0.000253285 -0.000631169 -0.000202219 0.000253285 0.00968609 -0.0179117 0.000253285 -0.000631169 -0.0179117 0.0887599 
0.0102765 -0.0186801 -0.000209683 0.000248363 -0.0186801 0.0906667 0.00024022 -0.000612764 -0.000209683 0.00024022 0.00969836 -0.017933 0.000248363 -0.000612764 -0.017933 0.0887551 
0.0103074 -0.0186912 -0.000229777 0.000280613 -0.0186912 0.0906786 0.000272479 -0.000666964 -0.000229777 0.000272479 0.00967504 -0.0179511 0.000280613 -0.000666964 -0.0179511 0.0887936 
0.0103132 -0.0187253 -0.000241683 0.000276209 -0.0187253 0.0907427 0.000268085 -0.000678336 -0.000241683 0.000268085 0.00969371 -0.0179455 0.000276209 -0.000678336 -0.0179455 0.0888194 
0.0103105 -0.0187309 -0.000239307 0.000290008 -0.0187309 0.0907968 0.000292036 -0.000705754 -0.000239307 0.000292036 0.00971222 -0.0179602 0.000290008 -0.000705754 -0.0179602 0.0888499 
0.0102923 -0.0187117 -0.000214845 0.000289837 -0.0187117 0.0907698 0.000301998 -0.000721553 -0.000214845 0.000301998 0.00974908 -0.0180125 0.000289837 -0.000721553 -0.0180125 0.088972 
0.010306 -0.0187305 -0.000202953 0.000253691 -0.0187305 0.0908133 0.00025978 -0.000667715 -0.000202953 0.00025978 0.00973565 -0.0180202 0.000253691 -0.000667715 -0.0180202 0.0889766 
0.0103314 -0.0187409 -0.000190572 0.00025342 -0.0187409 0.0908542 0.000255448 -0.000644701 -0.000190572 0.000255448 0.0096989 -0.0179969 0.00025342 -0.000644701 -0.0179969 0.0889484 
0.0103527 -0.0187636 -0.000166391 0.000231324 -0.0187636 0.0908879 0.000233353 -0.000592513 -0.000166391 0.000233353 0.00968516 -0.0179763 0.000231324 -0.000592513 -0.0179763 0.0889277 
0.0103484 -0.0187925 -0.000154788 0.000197559 -0.0187925 0.0909422 0.000203669 -0.000523429 -0.000154788 0.000203669 0.00965391 -0.017931 0.000197559 -0.000523429 -0.017931 0.0888159 
0.0103376 -0.0187709 -0.000148992 0.000177566 -0.0187709 0.0909095 0.000185729 -0.00045718 -0.000148992 0.000185729 0.00965181 -0.0179178 0.000177566 -0.00045718 -0.0179178 0.0887746 
0.0103059 -0.0187299 -0.00014524 0.000184107 -0.0187299 0.0907997 0.000188199 -0.000452086 -0.00014524 0.000188199 0.00966359 -0.0179259 0.000184107 -0.000452086 -0.0179259 0.088795 
0.0102901 -0.0186957 -0.000139443 0.000176355 -0.0186957 0.0907038 0.000182507 -0.000438837 -0.000139443 0.000182507 0.00964415 -0.0179144 0.000176355 -0.000438837 -0.0179144 0.0887557 
0.0102788 -0.0186942 -0.000139097 0.000173871 -0.0186942 0.090683 0.000171826 -0.000431609 -0.000139097 0.000171826 0.00966314 -0.0178883 0.000173871 -0.000431609 -0.0178883 0.088709 
0.0102732 -0.0186827 -0.000137222 0.000176136 -0.0186827 0.0906589 0.000163847 -0.000415763 -0.000137222 0.000163847 0.00965266 -0.0178901 0.000176136 -0.000415763 -0.0178901 0.0886599 
0.01029 -0.0186757 -0.000144757 0.000177378 -0.0186757 0.0906424 0.000161068 -0.000411844 -0.000144757 0.000161068 0.00965387 -0.0178969 0.000177378 -0.000411844 -0.0178969 0.0886688 
0.0102864 -0.0186726 -0.000163633 0.000184087 -0.0186726 0.0905997 0.000171815 -0.000435674 -0.000163633 0.000171815 0.00964618 -0.0179076 0.000184087 -0.000435674 -0.0179076 0.0886974 
0.0102569 -0.0186643 -0.000173707 0.000206405 -0.0186643 0.0905728 0.000200274 -0.000480249 -0.000173707 0.000200274 0.00966628 -0.0179061 0.000206405 -0.000480249 -0.0179061 0.0887234 
0.0102356 -0.0186238 -0.000170184 0.000217343 -0.0186238 0.0904906 0.000225545 -0.000531055 -0.000170184 0.000225545 0.00967177 -0.0179349 0.000217343 -0.000531055 -0.0179349 0.0887662 
0.0102133 -0.0186278 -0.000162213 0.00019712 -0.0186278 0.0904984 0.000207386 -0.000507172 -0.000162213 0.000207386 0.00966707 -0.0178989 0.00019712 -0.000507172 -0.0178989 0.0886977 
0.0101963 -0.0185984 -0.000150037 0.000184977 -0.0185984 0.0904618 0.000189087 -0.000464497 -0.000150037 0.000189087 0.00966606 -0.0178955 0.000184977 -0.000464497 -0.0178955 0.0886531 
0.0102255 -0.0185828 -0.00014165 0.000180655 -0.0185828 0.0904199 0.000182708 -0.000449585 -0.00014165 0.000182708 0.00963836 -0.0178931 0.000180655 -0.000449585 -0.0178931 0.0886401 
0.0102523 -0.0185898 -0.000141453 0.000194754 -0.0185898 0.0903863 0.000198854 -0.00049201 -0.000141453 0.000198854 0.00961469 -0.0178784 0.000194754 -0.00049201 -0.0178784 0.0886315 
0.0102665 -0.018635 -0.000129125 0.000184465 -0.018635 0.0904513 0.000180366 -0.00046936 -0.000129125 0.000180366 0.00959627 -0.0178336 0.000184465 -0.00046936 -0.0178336 0.088539 
0.0102691 -0.0186552 -8.98652e-05 0.000130713 -0.0186552 0.0905433 0.000138883 -0.000357419 -8.98652e-05 0.000138883 0.00961354 -0.017826 0.000130713 -0.000357419 -0.017826 0.0884887 
0.0102618 -0.0186615 -6.11186e-05 8.96406e-05 -0.0186615 0.090592 9.37152e-05 -0.000252624 -6.11186e-05 9.37152e-05 0.0096547 -0.0178527 8.96406e-05 -0.000252624 -0.0178527 0.0885282 
0.0102502 -0.0186645 -8.36334e-05 9.38325e-05 -0.0186645 0.0906259 0.000101992 -0.000263139 -8.36334e-05 0.000101992 0.00966883 -0.0178853 9.38325e-05 -0.000263139 -0.0178853 0.0885881 
0.0102363 -0.0186477 -0.000114441 0.000112397 -0.0186477 0.0906042 0.000120571 -0.000288145 -0.000114441 0.000120571 0.00968249 -0.0179161 0.000112397 -0.000288145 -0.0179161 0.0886792 
0.0102439 -0.018637 -0.000143472 0.000125026 -0.018637 0.0905698 0.000133224 -0.000295142 -0.000143472 0.000133224 0.00966182 -0.0179238 0.000125026 -0.000295142 -0.0179238 0.0887067 
0.0102629 -0.0186531 -0.000151286 0.00017173 -0.0186531 0.0905957 0.000175819 -0.000386392 -0.000151286 0.000175819 0.00964141 -0.0178926 0.00017173 -0.000386392 -0.0178926 0.0886638 
0.0102929 -0.0186784 -0.000158948 0.00019359 -0.0186784 0.090649 0.000189514 -0.00046054 -0.000158948 0.000189514 0.00962244 -0.0178612 0.00019359 -0.00046054 -0.0178612 0.0885806 
0.0102939 -0.018694 -0.000141125 0.000198393 -0.018694 0.0906657 0.000190212 -0.000480643 -0.000141125 0.000190212 0.00960878 -0.0178554 0.000198393 -0.000480643 -0.0178554 0.0885631 
0.0102745 -0.0186976 -0.000137212 0.000186362 -0.0186976 0.0906866 0.000182266 -0.000483312 -0.000137212 0.000182266 0.00961915 -0.0178436 0.000186362 -0.000483312 -0.0178436 0.0885404 
0.0102518 -0.0186589 -0.000132636 0.000169366 -0.0186589 0.0906253 0.000167326 -0.000448923 -0.000132636 0.000167326 0.00966816 -0.0178835 0.000169366 -0.000448923 -0.0178835 0.0886276 
0.0102555 -0.0186275 -0.000136877 0.000161392 -0.0186275 0.0905326 0.000161392 -0.000406544 -0.000136877 0.000161392 0.00966717 -0.0179308 0.000161392 -0.000406544 -0.0179308 0.0887328 
0.0102545 -0.018651 -0.000137411 0.000170225 -0.018651 0.0905373 0.000166124 -0.000410182 -0.000137411 0.000166124 0.00963721 -0.0178983 0.000170225 -0.000410182 -0.0178983 0.0886894 
0.0102464 -0.0186745 -0.000119168 0.000162315 -0.0186745 0.0906151 0.00016437 -0.000406816 -0.000119168 0.00016437 0.00961359 -0.0178341 0.000162315 -0.000406816 -0.0178341 0.0885235 
0.01025 -0.0186559 -0.000115261 0.00015231 -0.0186559 0.0906161 0.000148193 -0.000380774 -0.000115261 0.000148193 0.00958728 -0.01781 0.00015231 -0.000380774 -0.01781 0.0884261 
0.0102235 -0.0186355 -0.000123646 0.000140132 -0.0186355 0.0905563 0.000136011 -0.000354452 -0.000123646 0.000136011 0.00959081 -0.0177865 0.000140132 -0.000354452 -0.0177865 0.0883657 
0.0102016 -0.0186053 -0.000125767 0.000154632 -0.0186053 0.0904862 0.000150508 -0.000373177 -0.000125767 0.000150508 0.00960983 -0.0177971 0.000154632 -0.000373177 -0.0177971 0.0883626 
0.0101811 -0.0185479 -0.000127831 0.00016082 -0.0185479 0.0903312 0.00016082 -0.000408235 -0.000127831 0.00016082 0.00962032 -0.0178324 0.00016082 -0.000408235 -0.0178324 0.0884364 
0.0101673 -0.0185172 -0.000127606 0.000177001 -0.0185172 0.0902234 0.000177001 -0.00045691 -0.000127606 0.000177001 0.00963834 -0.0178648 0.000177001 -0.00045691 -0.0178648 0.0885357 
0.0101826 -0.0185295 -0.000135823 0.000166691 -0.0185295 0.0902212 0.000170807 -0.000448626 -0.000135823 0.000170807 0.00961665 -0.0178524 0.000166691 -0.000448626 -0.0178524 0.0885152 
0.0101668 -0.0185306 -0.000154542 0.000197814 -0.0185306 0.0902051 0.000195753 -0.000511019 -0.000154542 0.000195753 0.00961251 -0.0178321 0.000197814 -0.000511019 -0.0178321 0.0884846 
0.0101769 -0.0185226 -0.00014609 0.000199588 -0.0185226 0.0901992 0.00019753 -0.000512344 -0.00014609 0.00019753 0.00960284 -0.0178353 0.000199588 -0.000512344 -0.0178353 0.088477 
0.0101732 -0.018516 -0.000123262 0.000174621 -0.018516 0.0901762 0.000168458 -0.000454014 -0.000123262 0.000168458 0.00961236 -0.017838 0.000174621 -0.000454014 -0.017838 0.0884917 
0.0101848 -0.0185211 -0.000118738 0.000151493 -0.0185211 0.0901753 0.000147399 -0.000399205 -0.000118738 0.000147399 0.00961777 -0.0178516 0.000151493 -0.000399205 -0.0178516 0.0885273 
0.0101839 -0.0185573 -0.000124793 0.000135022 -0.0185573 0.0902557 0.00013093 -0.000341645 -0.000124793 0.00013093 0.00963767 -0.0178372 0.000135022 -0.000341645 -0.0178372 0.0885107 
0.010173 -0.0185479 -0.000142708 0.00015494 -0.0185479 0.0902891 0.000152901 -0.000373079 -0.000142708 0.000152901 0.00968374 -0.0178813 0.00015494 -0.000373079 -0.0178813 0.088593 
0.0102017 -0.01854 -0.000187149 0.000176978 -0.01854 0.0902996 0.000176978 -0.000425154 -0.000187149 0.000176978 0.00969718 -0.017946 0.000176978 -0.000425154 -0.017946 0.0887495 
0.0102184 -0.018615 -0.000202204 0.000226713 -0.018615 0.0904443 0.000232841 -0.000524913 -0.000202204 0.000232841 0.0096731 -0.0179185 0.000226713 -0.000524913 -0.0179185 0.0887021 
0.0102223 -0.0186291 -0.000208535 0.00024738 -0.0186291 0.0905409 0.000253513 -0.00060516 -0.000208535 0.000253513 0.00968051 -0.0179074 0.00024738 -0.00060516 -0.0179074 0.0886968 
0.0102062 -0.0186205 -0.000211177 0.000256283 -0.0186205 0.0905456 0.000260383 -0.000654033 -0.000211177 0.000260383 0.00969773 -0.0179316 0.000256283 -0.000654033 -0.0179316 0.0887373 
0.0102001 -0.0185741 -0.000224942 0.000284245 -0.0185741 0.0904349 0.00027402 -0.000707545 -0.000224942 0.00027402 0.00971749 -0.0179749 0.000284245 -0.000707545 -0.0179749 0.0888562 
0.0102211 -0.0185702 -0.000225044 0.000302787 -0.0185702 0.0903736 0.000290512 -0.000761058 -0.000225044 0.000290512 0.00969736 -0.0179892 0.000302787 -0.000761058 -0.0179892 0.0889149 
0.0102412 -0.0186174 -0.000194272 0.00028834 -0.0186174 0.0904549 0.000282205 -0.000736187 -0.000194272 0.000282205 0.009687 -0.0179548 0.00028834 -0.000736187 -0.0179548 0.0888599 
0.0102458 -0.0186347 -0.000175491 0.000238749 -0.0186347 0.0905247 0.000236709 -0.000650949 -0.000175491 0.000236709 0.00970709 -0.0179511 0.000238749 -0.000650949 -0.0179511 0.0888351 
0.0102674 -0.0186659 -0.000154549 0.000197254 -0.0186659 0.0906148 0.000199287 -0.000528722 -0.000154549 0.000199287 0.00971018 -0.017946 0.000197254 -0.000528722 -0.017946 0.088809 
0.010296 -0.0186789 -0.000169289 0.000187645 -0.0186789 0.0906571 0.000193764 -0.000493588 -0.000169289 0.000193764 0.00967597 -0.017965 0.000187645 -0.000493588 -0.017965 0.0888214 
0.0102995 -0.018707 -0.000175327 0.000207946 -0.018707 0.0907136 0.000214062 -0.00051375 -0.000175327 0.000214062 0.00968786 -0.0179486 0.000207946 -0.00051375 -0.0179486 0.0888339 
0.0102813 -0.0187213 -0.000161797 0.000202758 -0.0187213 0.0907577 0.000206854 -0.000505871 -0.000161797 0.000206854 0.00968323 -0.0179328 0.000202758 -0.000505871 -0.0179328 0.0887732 
0.0102473 -0.0186785 -0.000153741 0.000194738 -0.0186785 0.0906886 0.000200888 -0.000489921 -0.000153741 0.000200888 0.00969592 -0.0179426 0.000194738 -0.000489921 -0.0179426 0.0887904 
0.0102221 -0.0186218 -0.000153916 0.000170334 -0.0186218 0.0905354 0.000178542 -0.00044533 -0.000153916 0.000178542 0.0096967 -0.0179651 0.000170334 -0.00044533 -0.0179651 0.088828 
0.0102431 -0.0186037 -0.000159952 0.000168155 -0.0186037 0.0904654 0.000170206 -0.000401932 -0.000159952 0.000170206 0.00966482 -0.0179413 0.000168155 -0.000401932 -0.0179413 0.0887982 
0.010261 -0.0186198 -0.000159721 0.000198627 -0.0186198 0.0904471 0.000192484 -0.000456638 -0.000159721 0.000192484 0.00964059 -0.0179072 0.000198627 -0.000456638 -0.0179072 0.0887413 
0.0102547 -0.0186554 -0.000147993 0.000197325 -0.0186554 0.0905144 0.000184992 -0.00046659 -0.000147993 0.000184992 0.00963191 -0.0178702 0.000197325 -0.00046659 -0.0178702 0.0886378 
0.010246 -0.0186465 -0.00012728 0.000182708 -0.0186465 0.0905472 0.000174496 -0.000457797 -0.00012728 0.000174496 0.00964863 -0.0178664 0.000182708 -0.000457797 -0.0178664 0.0885949 
0.0102471 -0.0186457 -0.000131452 0.000174585 -0.0186457 0.0905687 0.000174585 -0.000462138 -0.000131452 0.000174585 0.00963916 -0.0178632 0.000174585 -0.000462138 -0.0178632 0.0885517 
0.0102367 -0.0186505 -0.000143371 0.000167948 -0.0186505 0.0905775 0.000172045 -0.000442401 -0.000143371 0.000172045 0.00965294 -0.0178537 0.000167948 -0.000442401 -0.0178537 0.0885211 
0.0102207 -0.0186342 -0.000143261 0.000184193 -0.0186342 0.0905595 0.000190333 -0.000460482 -0.000143261 0.000190333 0.00967832 -0.017877 0.000184193 -0.000460482 -0.017877 0.0885579 
0.0102002 -0.0185899 -0.000147296 0.000173891 -0.0185899 0.0904559 0.000180028 -0.000454161 -0.000147296 0.000180028 0.00970105 -0.0179271 0.000173891 -0.000454161 -0.0179271 0.0886863 
0.0101897 -0.0185611 -0.000155442 0.000196348 -0.0185611 0.0903489 0.000200439 -0.00048678 -0.000155442 0.000200439 0.00970697 -0.0179659 0.000196348 -0.00048678 -0.0179659 0.0888047 
0.0101903 -0.0185461 -0.000124896 0.000182226 -0.0185461 0.0902878 0.000178131 -0.000462731 -0.000124896 0.000178131 0.00969892 -0.0179769 0.000182226 -0.000462731 -0.0179769 0.0888627 
0.0101815 -0.0185422 -0.000102183 0.000157362 -0.0185422 0.0902503 0.000157362 -0.000420995 -0.000102183 0.000157362 0.00970332 -0.017972 0.000157362 -0.000420995 -0.017972 0.088881 
0.0101929 -0.0185544 -8.6033e-05 0.000116759 -0.0185544 0.0902834 0.000112662 -0.000319551 -8.6033e-05 0.000112662 0.0096869 -0.0179522 0.000116759 -0.000319551 -0.0179522 0.088827 
0.0101688 -0.0185767 -0.0001089 0.000125338 -0.0185767 0.0903315 0.000119174 -0.000310262 -0.0001089 0.000119174 0.00967155 -0.0179028 0.000125338 -0.000310262 -0.0179028 0.088696 
0.0101765 -0.0185465 -0.000110725 0.000145583 -0.0185465 0.0903148 0.000143533 -0.000346529 -0.000110725 0.000143533 0.00964949 -0.0178842 0.000145583 -0.000346529 -0.0178842 0.088617 
0.0101593 -0.0185155 -0.000112314 0.000134777 -0.0185155 0.0902068 0.000134777 -0.000338985 -0.000112314 0.000134777 0.00967945 -0.0179029 0.000134777 -0.000338985 -0.0179029 0.0886732 
0.010134 -0.0184996 -0.000102343 0.000139187 -0.0184996 0.090146 0.00013714 -0.000343873 -0.000102343 0.00013714 0.00968986 -0.0179224 0.000139187 -0.000343873 -0.0179224 0.0886988 
0.0101265 -0.0184918 -9.84149e-05 0.00012917 -0.0184918 0.0901419 0.00012917 -0.00033215 -9.84149e-05 0.00012917 0.00968362 -0.0179218 0.00012917 -0.00033215 -0.0179218 0.0886985 
0.0101261 -0.0184821 -0.000119518 0.000136004 -0.0184821 0.0901272 0.000144246 -0.000356494 -0.000119518 0.000144246 0.00965626 -0.0179072 0.000136004 -0.000356494 -0.0179072 0.0886682 
0.0101302 -0.0184922 -0.000140296 0.000150611 -0.0184922 0.090142 0.00016299 -0.000387876 -0.000140296 0.00016299 0.00963088 -0.0178629 0.000150611 -0.000387876 -0.0178629 0.088576 
0.0101265 -0.0184896 -0.000162931 0.000175306 -0.0184896 0.0901402 0.000183555 -0.000437233 -0.000162931 0.000183555 0.00963563 -0.0178441 0.000175306 -0.000437233 -0.0178441 0.0885274 
0.0101478 -0.0185059 -0.000174855 0.000189255 -0.0185059 0.0902027 0.000193369 -0.00045051 -0.000174855 0.000193369 0.00964173 -0.0178414 0.000189255 -0.00045051 -0.0178414 0.088483 
0.0101747 -0.0185252 -0.000163976 0.00020702 -0.0185252 0.0902567 0.000200871 -0.000491929 -0.000163976 0.000200871 0.00965411 -0.017857 0.00020702 -0.000491929 -0.017857 0.0884981 
0.0102021 -0.0185573 -0.000179989 0.000227031 -0.0185573 0.0903115 0.000216805 -0.000556329 -0.000179989 0.000216805 0.00965804 -0.0178762 0.000227031 -0.000556329 -0.0178762 0.0885607 
0.0102228 -0.0185753 -0.00017264 0.000246629 -0.0185753 0.0903463 0.000234297 -0.000606296 -0.00017264 0.000234297 0.0096288 -0.0178929 0.000246629 -0.000606296 -0.0178929 0.088622 
0.0102472 -0.0185876 -0.000160273 0.000203424 -0.0185876 0.0903838 0.000197259 -0.000534244 -0.000160273 0.000197259 0.00960817 -0.0178807 0.000203424 -0.000534244 -0.0178807 0.0886475 
0.0102676 -0.0186172 -0.000141241 0.00018218 -0.0186172 0.090429 0.000184227 -0.000464662 -0.000141241 0.000184227 0.00961462 -0.017866 0.00018218 -0.000464662 -0.017866 0.088644 
0.0102657 -0.0186397 -0.000135129 0.000171983 -0.0186397 0.0904793 0.000178125 -0.000440194 -0.000135129 0.000178125 0.00962285 -0.0178657 0.000171983 -0.000440194 -0.0178657 0.0886182 
0.0102592 -0.0186556 -0.00013321 0.000163951 -0.0186556 0.0905421 0.000176248 -0.000426273 -0.00013321 0.000176248 0.00963623 -0.0178645 0.000163951 -0.000426273 -0.0178645 0.0885931 
0.010261 -0.0186491 -0.000108723 0.000141545 -0.0186491 0.090546 0.000157956 -0.000375403 -0.000108723 0.000157956 0.00962304 -0.0178758 0.000141545 -0.000375403 -0.0178758 0.0885951 
0.010266 -0.0186639 -8.64071e-05 0.000119324 -0.0186639 0.0905917 0.000133725 -0.000316826 -8.64071e-05 0.000133725 0.00959736 -0.0178348 0.000119324 -0.000316826 -0.0178348 0.0885118 
0.0102701 -0.0186811 -8.41305e-05 0.000112858 -0.0186811 0.0906619 0.000121066 -0.000295483 -8.41305e-05 0.000121066 0.00961345 -0.017809 0.000112858 -0.000295483 -0.017809 0.0884396 
0.0102688 -0.0186668 -9.57792e-05 9.98549e-05 -0.0186668 0.0906356 0.000103931 -0.000258808 -9.57792e-05 0.000103931 0.00965332 -0.0178475 9.98549e-05 -0.000258808 -0.0178475 0.088502 
0.0102742 -0.0186765 -0.000118141 0.000122215 -0.0186765 0.0906369 0.000122215 -0.000283132 -0.000118141 0.000122215 0.0096713 -0.0178903 0.000122215 -0.000283132 -0.0178903 0.0885877 
0.0102711 -0.0186756 -0.000132307 0.000156732 -0.0186756 0.0906443 0.000146555 -0.000348068 -0.000132307 0.000146555 0.00969299 -0.0179265 0.000156732 -0.000348068 -0.0179265 0.0887024 
0.0102575 -0.0186722 -0.000126384 0.000163076 -0.0186722 0.0906458 0.000152884 -0.000368959 -0.000126384 0.000152884 0.00971117 -0.0179587 0.000163076 -0.000368959 -0.0179587 0.088801 
0.0102453 -0.0186608 -0.00014312 0.00016561 -0.0186608 0.0906297 0.000155387 -0.000392558 -0.00014312 0.000155387 0.00971785 -0.0179841 0.00016561 -0.000392558 -0.0179841 0.0888816 
0.0102365 -0.0186352 -0.000182538 0.000196894 -0.0186352 0.0905653 0.000194843 -0.000473777 -0.000182538 0.000194843 0.00973192 -0.0180097 0.000196894 -0.000473777 -0.0180097 0.0889655 
0.0102575 -0.0186393 -0.000194736 0.000235733 -0.0186393 0.0905604 0.000229583 -0.00055141 -0.000194736 0.000229583 0.0096999 -0.0179813 0.000235733 -0.00055141 -0.0179813 0.0889144 
0.0102853 -0.0186548 -0.000164907 0.000228019 -0.0186548 0.0905806 0.000221911 -0.000559868 -0.000164907 0.000221911 0.00970303 -0.0179667 0.000228019 -0.000559868 -0.0179667 0.0888969 
0.0103226 -0.018679 -0.000119841 0.000194996 -0.018679 0.0906083 0.000199059 -0.000513897 -0.000119841 0.000199059 0.00968888 -0.0179762 0.000194996 -0.000513897 -0.0179762 0.0889 
0.0103313 -0.0187573 -0.000105732 0.000142332 -0.0187573 0.0907793 0.000150465 -0.000416829 -0.000105732 0.000150465 0.00967451 -0.0179176 0.000142332 -0.000416829 -0.0179176 0.0887806 
0.0103432 -0.0187648 -0.000113997 0.000116033 -0.0187648 0.090868 0.000126211 -0.000331813 -0.000113997 0.000126211 0.0096633 -0.017924 0.000116033 -0.000331813 -0.017924 0.0887611 
0.0103687 -0.0187815 -0.000133633 0.000131608 -0.0187815 0.0909292 0.000149831 -0.000332058 -0.000133633 0.000149831 0.00967422 -0.017925 0.000131608 -0.000332058 -0.017925 0.0887748 
0.0103957 -0.0188013 -0.000130802 0.000152938 -0.0188013 0.0909636 0.000162999 -0.00037027 -0.000130802 0.000162999 0.00970952 -0.0179621 0.000152938 -0.00037027 -0.0179621 0.0888708 
