0.00728758 0 0.000438229 0 0 0.00998458 0 0 0.000438229 0 0.00736062 0 0 0 0 0.00998458 
0.010296 -0.0127967 0.000522313 -0.0006455 -0.0127967 0.0337187 -0.0006455 0.00123926 0.000522313 -0.0006455 0.0103699 -0.0128755 -0.0006455 0.00123926 -0.0128755 0.0338814 
0.0102892 -0.0193433 0.000439279 -0.000788192 -0.0193433 0.0710503 -0.000788192 0.00251519 0.000439279 -0.000788192 0.0104323 -0.0194814 -0.000788192 0.00251519 -0.0194814 0.0714795 
0.00963754 -0.0189473 0.000407938 -0.000563343 -0.0189473 0.084992 -0.000563343 0.00205183 0.000407938 -0.000563343 0.00992893 -0.019161 -0.000563343 0.00205183 -0.019161 0.0855942 
0.00959561 -0.0181677 0.000432068 -0.000487521 -0.0181677 0.0879617 -0.00048521 0.00136552 0.000432068 -0.00048521 0.00993295 -0.0185166 -0.000487521 0.00136552 -0.0185166 0.0886988 
0.00974726 -0.0180442 0.00047757 -0.00053479 -0.0180442 0.0887641 -0.000536991 0.00124124 0.00047757 -0.000536991 0.010117 -0.0184426 -0.00053479 0.00124124 -0.0184426 0.0896246 
0.00987768 -0.0181221 0.000497163 -0.000579671 -0.0181221 0.089191 -0.000588133 0.00135398 0.000497163 -0.000588133 0.0102543 -0.0185981 -0.000579671 0.00135398 -0.0185981 0.0902573 
0.00997837 -0.018229 0.000516051 -0.000617197 -0.018229 0.0894771 -0.00062339 0.00149448 0.000516051 -0.00062339 0.0102674 -0.0186811 -0.000617197 0.00149448 -0.0186811 0.0905856 
0.0100217 -0.018344 0.000485581 -0.000642681 -0.018344 0.089755 -0.000646762 0.00158732 0.000485581 -0.000646762 0.0102462 -0.0186418 -0.000642681 0.00158732 -0.0186418 0.0905671 
0.0100158 -0.0183951 0.000454801 -0.000611139 -0.0183951 0.0899268 -0.00061926 0.00158368 0.000454801 -0.00061926 0.010233 -0.0186062 -0.000611139 0.00158368 -0.0186062 0.0904648 
0.0099872 -0.0183876 0.00047039 -0.000583445 -0.0183876 0.0899757 -0.000583445 0.0015323 0.00047039 -0.000583445 0.0102597 -0.0186117 -0.000583445 0.0015323 -0.0186117 0.090444 
0.0099956 -0.0183407 0.00047012 -0.000573022 -0.0183407 0.0898878 -0.000568987 0.00145071 0.00047012 -0.000568987 0.0102539 -0.0186696 -0.000573022 0.00145071 -0.0186696 0.0905798 
0.0100305 -0.0183353 0.000454095 -0.000559041 -0.0183353 0.089818 -0.000555005 0.00138852 0.000454095 -0.000555005 0.0102121 -0.0186865 -0.000559041 0.00138852 -0.0186865 0.0906999 
0.0100486 -0.0183855 0.000441541 -0.000570576 -0.0183855 0.0898768 -0.000564528 0.00140729 0.000441541 -0.000564528 0.0101917 -0.0186294 -0.000570576 0.00140729 -0.0186294 0.090645 
0.01004 -0.0183906 0.00040823 -0.000543633 -0.0183906 0.0899299 -0.000539591 0.00136211 0.00040823 -0.000539591 0.0101734 -0.0186068 -0.000543633 0.00136211 -0.0186068 0.0905786 
0.0100244 -0.0184102 0.000388906 -0.000508413 -0.0184102 0.0900033 -0.000500311 0.0012923 0.000388906 -0.000500311 0.0101642 -0.0185601 -0.000508413 0.0012923 -0.0185601 0.0904591 
0.0100378 -0.0184063 0.000375225 -0.000482721 -0.0184063 0.0900438 -0.000476637 0.001221 0.000375225 -0.000476637 0.0101351 -0.0185341 -0.000482721 0.001221 -0.0185341 0.0903642 
0.0100064 -0.0183723 0.000367974 -0.000457426 -0.0183723 0.0899381 -0.00045336 0.00115678 0.000367974 -0.00045336 0.0101325 -0.0185369 -0.000457426 0.00115678 -0.0185369 0.0903569 
0.00997768 -0.0183597 0.000389244 -0.000450382 -0.0183597 0.089899 -0.000450382 0.00111678 0.000389244 -0.000450382 0.0101366 -0.0185186 -0.000450382 0.00111678 -0.0185186 0.0903046 
0.0099558 -0.0183272 0.000390503 -0.000486095 -0.0183272 0.0898422 -0.000482028 0.00116541 0.000390503 -0.000482028 0.0101612 -0.0185164 -0.000486095 0.00116541 -0.0185164 0.0902754 
0.00992099 -0.0182972 0.000378059 -0.000485785 -0.0182972 0.0897625 -0.00048985 0.00120938 0.000378059 -0.00048985 0.0101791 -0.0185269 -0.000485785 0.00120938 -0.0185269 0.0902666 
0.00992753 -0.0182651 0.000373628 -0.000475157 -0.0182651 0.0896869 -0.000479218 0.0012082 0.000373628 -0.000479218 0.0101651 -0.0185474 -0.000475157 0.0012082 -0.0185474 0.0902839 
0.00995382 -0.0182554 0.000367382 -0.000440453 -0.0182554 0.0896392 -0.000444512 0.0011265 0.000367382 -0.000444512 0.0101507 -0.0185579 -0.000440453 0.0011265 -0.0185579 0.0903415 
0.00996386 -0.0182935 0.000382131 -0.000455305 -0.0182935 0.0896808 -0.000457338 0.00113216 0.000382131 -0.000457338 0.0101366 -0.0185273 -0.000455305 0.00113216 -0.0185273 0.0903028 
0.00996052 -0.0182965 0.00038427 -0.000481862 -0.0182965 0.0897097 -0.000485928 0.00119957 0.00038427 -0.000485928 0.0101252 -0.01851 -0.000481862 0.00119957 -0.01851 0.0902526 
0.00997663 -0.0182996 0.000355945 -0.000480017 -0.0182996 0.0897225 -0.000473915 0.00120411 0.000355945 -0.000473915 0.0100987 -0.0184969 -0.000480017 0.00120411 -0.0184969 0.0902168 
0.00997153 -0.018312 0.000362009 -0.000461664 -0.018312 0.0897397 -0.000461664 0.00119992 0.000362009 -0.000461664 0.0101058 -0.0184706 -0.000461664 0.00119992 -0.0184706 0.0901749 
0.00998444 -0.0183072 0.000367687 -0.000434724 -0.0183072 0.0897442 -0.000436756 0.00110916 0.000367687 -0.000436756 0.0100962 -0.0184839 -0.000434724 0.00110916 -0.0184839 0.0901809 
0.00997709 -0.0183195 0.000368918 -0.000456561 -0.0183195 0.089751 -0.0004586 0.00112714 0.000368918 -0.0004586 0.0101055 -0.0184785 -0.000456561 0.00112714 -0.0184785 0.0901913 
0.00997727 -0.0183212 0.000374733 -0.00046638 -0.0183212 0.0897771 -0.00047249 0.00117715 0.000374733 -0.00047249 0.0101056 -0.018476 -0.00046638 0.00117715 -0.018476 0.0901661 
0.0100026 -0.0183534 0.000375886 -0.000477477 -0.0183534 0.0898795 -0.000485605 0.001213 0.000375886 -0.000485605 0.0100961 -0.0184489 -0.000477477 0.001213 -0.0184489 0.0900949 
0.00998928 -0.0183638 0.000379828 -0.000459044 -0.0183638 0.0899014 -0.000469199 0.00119229 0.000379828 -0.000469199 0.0101213 -0.0184572 -0.000459044 0.00119229 -0.0184572 0.0901066 
0.00997881 -0.0183422 0.000392162 -0.00047344 -0.0183422 0.0898743 -0.000485631 0.0012029 0.000392162 -0.000485631 0.0101434 -0.0185007 -0.00047344 0.0012029 -0.0185007 0.0901892 
0.00998446 -0.0183215 0.00040068 -0.000488138 -0.0183215 0.0898032 -0.000492206 0.00122848 0.00040068 -0.000492206 0.0101451 -0.0185411 -0.000488138 0.00122848 -0.0185411 0.0903117 
0.010011 -0.0183294 0.000395629 -0.000505752 -0.0183294 0.0898036 -0.000503713 0.00126642 0.000395629 -0.000503713 0.0101069 -0.0185211 -0.000505752 0.00126642 -0.0185211 0.0903032 
0.0100192 -0.0183589 0.000395278 -0.000512018 -0.0183589 0.0898428 -0.000514066 0.00130053 0.000395278 -0.000514066 0.010054 -0.0184634 -0.000512018 0.00130053 -0.0184634 0.0901889 
0.0100191 -0.0183853 0.000382516 -0.000480702 -0.0183853 0.089922 -0.000480702 0.00122119 0.000382516 -0.000480702 0.0100477 -0.0184017 -0.000480702 0.00122119 -0.0184017 0.0900325 
0.0100337 -0.0183687 0.000374788 -0.000468485 -0.0183687 0.0899105 -0.000464411 0.0011814 0.000374788 -0.000464411 0.0100602 -0.0184115 -0.000468485 0.0011814 -0.0184115 0.0900103 
0.0100497 -0.0183767 0.000390043 -0.000473333 -0.0183767 0.0898967 -0.000475364 0.00118841 0.000390043 -0.000475364 0.0100639 -0.0184275 -0.000473333 0.00118841 -0.0184275 0.0900328 
0.0100679 -0.0184054 0.000397123 -0.000484247 -0.0184054 0.0899564 -0.000486273 0.00120353 0.000397123 -0.000486273 0.0100679 -0.0184297 -0.000484247 0.00120353 -0.0184297 0.0900557 
0.0100527 -0.0184457 0.000402754 -0.000485734 -0.0184457 0.090053 -0.000485734 0.00121636 0.000402754 -0.000485734 0.0100911 -0.0184174 -0.000485734 0.00121636 -0.0184174 0.0900287 
0.0100589 -0.0184137 0.00039324 -0.000504154 -0.0184137 0.09005 -0.000500121 0.00124425 0.00039324 -0.000500121 0.0100972 -0.0184621 -0.000504154 0.00124425 -0.0184621 0.0900964 
0.0100469 -0.0184345 0.000385566 -0.000494575 -0.0184345 0.0900732 -0.000492556 0.00124754 0.000385566 -0.000492556 0.0100893 -0.0184466 -0.000494575 0.00124754 -0.0184466 0.0900853 
0.0100529 -0.0184262 0.00039209 -0.000483039 -0.0184262 0.0900716 -0.000481018 0.00121467 0.00039209 -0.000481018 0.010063 -0.0184464 -0.000483039 0.00121467 -0.0184464 0.0900838 
0.0100554 -0.0184042 0.000400267 -0.000493731 -0.0184042 0.0900033 -0.000493731 0.00123534 0.000400267 -0.000493731 0.0100331 -0.0184428 -0.000493731 0.00123534 -0.0184428 0.0901049 
0.0100559 -0.0183972 0.000402235 -0.000495683 -0.0183972 0.0899644 -0.000495683 0.00124124 0.000402235 -0.000495683 0.0100173 -0.0184114 -0.000495683 0.00124124 -0.0184114 0.0900884 
0.0100622 -0.0184082 0.000387713 -0.000485662 -0.0184082 0.089978 -0.000483621 0.00121415 0.000387713 -0.000483621 0.00998872 -0.0183776 -0.000485662 0.00121415 -0.0183776 0.089976 
0.0100263 -0.0184191 0.000374147 -0.000476374 -0.0184191 0.090008 -0.000474329 0.001194 0.000374147 -0.000474329 0.00999771 -0.018321 -0.000476374 0.001194 -0.018321 0.0898301 
0.00996142 -0.0183679 0.00036479 -0.000462611 -0.0183679 0.0899381 -0.000466687 0.00117996 0.00036479 -0.000466687 0.0100735 -0.0183455 -0.000462611 0.00117996 -0.0183455 0.0898301 
0.00992714 -0.0182828 0.000367973 -0.00044726 -0.0182828 0.089763 -0.000445227 0.00113035 0.000367973 -0.000445227 0.0101121 -0.0184332 -0.00044726 0.00113035 -0.0184332 0.0899663 
0.00991938 -0.0182313 0.000366254 -0.000449679 -0.0182313 0.0895736 -0.000449679 0.00111911 0.000366254 -0.000449679 0.010131 -0.0185019 -0.000449679 0.00111911 -0.0185019 0.0901697 
0.00991906 -0.0182087 0.000377267 -0.00048127 -0.0182087 0.0894551 -0.000477192 0.00119502 0.000377267 -0.000477192 0.0101067 -0.0185228 -0.00048127 0.00119502 -0.0185228 0.0902851 
0.00992703 -0.0182362 0.000354537 -0.000460491 -0.0182362 0.0895043 -0.000460491 0.00116956 0.000354537 -0.000460491 0.0101043 -0.0184848 -0.000460491 0.00116956 -0.0184848 0.090248 
0.00994169 -0.0182349 0.000322795 -0.000428364 -0.0182349 0.0895037 -0.000424303 0.00107801 0.000322795 -0.000424303 0.0101041 -0.0184927 -0.000428364 0.00107801 -0.0184927 0.0902426 
0.00995146 -0.018259 0.000310027 -0.000395692 -0.018259 0.0895427 -0.000389573 0.000999429 0.000310027 -0.000389573 0.0100759 -0.0184752 -0.000395692 0.000999429 -0.0184752 0.0901974 
0.00996105 -0.0182949 0.000314409 -0.000394032 -0.0182949 0.0896535 -0.000389949 0.000977934 0.000314409 -0.000389949 0.0100529 -0.0184215 -0.000394032 0.000977934 -0.0184215 0.0900679 
0.009974 -0.0183051 0.000326548 -0.000414308 -0.0183051 0.0897231 -0.000408185 0.0010225 0.000326548 -0.000408185 0.0100209 -0.0183765 -0.000414308 0.0010225 -0.0183765 0.0899211 
0.00999886 -0.0183377 0.000339737 -0.000429249 -0.0183377 0.0898128 -0.00042518 0.00107007 0.000339737 -0.00042518 0.0100009 -0.0183357 -0.000429249 0.00107007 -0.0183357 0.0897924 
0.0100105 -0.0183417 0.000350854 -0.00042792 -0.0183417 0.0898348 -0.000423864 0.00107487 0.000350854 -0.000423864 0.0100105 -0.0183458 -0.00042792 0.00107487 -0.0183458 0.0897983 
0.00999708 -0.0183567 0.000358703 -0.000427607 -0.0183567 0.0898623 -0.00043166 0.00107408 0.000358703 -0.00043166 0.0100417 -0.0183567 -0.000427607 0.00107408 -0.0183567 0.0898238 
0.00997636 -0.0183262 0.00036957 -0.000432519 -0.0183262 0.0898157 -0.000442672 0.00109044 0.00036957 -0.000442672 0.0100677 -0.0184115 -0.000432519 0.00109044 -0.0184115 0.0899457 
0.00997917 -0.0183188 0.000374928 -0.00044586 -0.0183188 0.0898024 -0.00045802 0.00111668 0.000374928 -0.00045802 0.0100805 -0.0184343 -0.00044586 0.00111668 -0.0184343 0.0900354 
0.00998348 -0.0183396 0.000379454 -0.000462649 -0.0183396 0.0898412 -0.000472795 0.00115459 0.000379454 -0.000472795 0.0100789 -0.0184289 -0.000462649 0.00115459 -0.0184289 0.090038 
0.0099733 -0.0183419 0.000401691 -0.000470668 -0.0183419 0.0898612 -0.000472697 0.00118681 0.000401691 -0.000472697 0.0101031 -0.0184392 -0.000470668 0.00118681 -0.0184392 0.090064 
0.00999204 -0.018309 0.000410189 -0.000499097 -0.018309 0.0898031 -0.000495056 0.00123057 0.000410189 -0.000495056 0.0101193 -0.0184969 -0.000499097 0.00123057 -0.0184969 0.0901931 
0.0100244 -0.0183583 0.000395888 -0.000511018 -0.0183583 0.0898766 -0.000504959 0.00126442 0.000395888 -0.000504959 0.0100931 -0.0184734 -0.000511018 0.00126442 -0.0184734 0.0901573 
0.0100405 -0.0183977 0.000383286 -0.000492797 -0.0183977 0.0899567 -0.000488741 0.00125531 0.000383286 -0.000488741 0.0100506 -0.0184403 -0.000492797 0.00125531 -0.0184403 0.0900905 
0.0100256 -0.0183776 0.000364716 -0.000478183 -0.0183776 0.0899288 -0.000476157 0.00121572 0.000364716 -0.000476157 0.010056 -0.0184344 -0.000478183 0.00121572 -0.0184344 0.0900949 
0.0100133 -0.0183723 0.000341017 -0.00044657 -0.0183723 0.0899148 -0.00044657 0.0011489 0.000341017 -0.00044657 0.0100478 -0.0184149 -0.00044657 0.0011489 -0.0184149 0.0900285 
0.0100025 -0.0183695 0.000348286 -0.00043383 -0.0183695 0.089925 -0.000437903 0.00111614 0.000348286 -0.000437903 0.010027 -0.0183818 -0.00043383 0.00111614 -0.0183818 0.0899372 
0.0100038 -0.0183681 0.000366588 -0.000443979 -0.0183681 0.0899282 -0.000452126 0.00113235 0.000366588 -0.000452126 0.0100201 -0.0183559 -0.000443979 0.00113235 -0.0183559 0.0898732 
0.0100073 -0.0183403 0.000372754 -0.000464414 -0.0183403 0.0898601 -0.000466451 0.00116104 0.000372754 -0.000466451 0.0100155 -0.0183708 -0.000464414 0.00116104 -0.0183708 0.0898825 
0.0100245 -0.0183374 0.000358599 -0.000446211 -0.0183374 0.0898168 -0.000450286 0.00112673 0.000358599 -0.000450286 0.00999595 -0.0183639 -0.000446211 0.00112673 -0.0183639 0.0898922 
0.0100673 -0.0183675 0.000354238 -0.000429565 -0.0183675 0.0898625 -0.0004316 0.00108307 0.000354238 -0.0004316 0.00995124 -0.0183288 -0.000429565 0.00108307 -0.0183288 0.0898136 
0.010083 -0.0184245 0.00033935 -0.000426728 -0.0184245 0.0899745 -0.000434856 0.00107088 0.00033935 -0.000434856 0.00993057 -0.018268 -0.000426728 0.00107088 -0.018268 0.0896799 
0.010071 -0.0184378 0.000343284 -0.000428597 -0.0184378 0.0900399 -0.000424534 0.00107251 0.000343284 -0.000424534 0.00993898 -0.018257 -0.000428597 0.00107251 -0.018257 0.0896072 
0.0100718 -0.0184396 0.000338769 -0.000428025 -0.0184396 0.0900759 -0.000425996 0.00105891 0.000338769 -0.000425996 0.00995411 -0.0182631 -0.000428025 0.00105891 -0.0182631 0.0896033 
0.0100524 -0.0184386 0.000355174 -0.000448534 -0.0184386 0.0900864 -0.000454623 0.00114062 0.000355174 -0.000454623 0.00996517 -0.0182762 -0.000448534 0.00114062 -0.0182762 0.0896175 
0.0100352 -0.0184135 0.00036073 -0.000460593 -0.0184135 0.0900398 -0.000464669 0.00118001 0.00036073 -0.000464669 0.00995981 -0.0182933 -0.000460593 0.00118001 -0.0182933 0.0896526 
0.010025 -0.0183755 0.000343085 -0.000439067 -0.0183755 0.0899495 -0.000439067 0.00111298 0.000343085 -0.000439067 0.00995354 -0.0183019 -0.000439067 0.00111298 -0.0183019 0.0896983 
0.0100198 -0.0183724 0.000331402 -0.000392773 -0.0183724 0.0899102 -0.000390727 0.000990115 0.000331402 -0.000390727 0.00994411 -0.0182783 -0.000392773 0.000990115 -0.0182783 0.0896729 
0.010042 -0.0183751 0.000343804 -0.000405198 -0.0183751 0.0899253 -0.000394966 0.000978205 0.000343804 -0.000394966 0.0099294 -0.0182544 -0.000405198 0.000978205 -0.0182544 0.0895917 
0.0100366 -0.0183919 0.000339945 -0.000438243 -0.0183919 0.0899319 -0.000434147 0.00105465 0.000339945 -0.000434147 0.0099137 -0.018228 -0.000438243 0.00105465 -0.018228 0.0895203 
0.0100289 -0.0183764 0.000320744 -0.000431064 -0.0183764 0.0899043 -0.000429021 0.00107868 0.000320744 -0.000429021 0.00993285 -0.0182313 -0.000431064 0.00107868 -0.0182313 0.0895162 
0.00998317 -0.0183486 0.0002932 -0.00040597 -0.0183486 0.0898198 -0.00040802 0.00105388 0.0002932 -0.00040802 0.00995446 -0.0182563 -0.00040597 0.00105388 -0.0182563 0.0895532 
0.00994876 -0.0182968 0.000286944 -0.000393523 -0.0182968 0.0897008 -0.000397622 0.00104325 0.000286944 -0.000397622 0.00996516 -0.0182722 -0.000393523 0.00104325 -0.0182722 0.0896024 
0.00992432 -0.0182402 0.000308602 -0.000363783 -0.0182402 0.089558 -0.000363783 0.00096055 0.000308602 -0.000363783 0.010002 -0.018322 -0.000363783 0.00096055 -0.018322 0.0897317 
0.00990837 -0.0182094 0.000311236 -0.000382902 -0.0182094 0.0894477 -0.000386998 0.00095009 0.000311236 -0.000386998 0.00999846 -0.0183404 -0.000382902 0.00095009 -0.0183404 0.0897794 
0.00989317 -0.0182152 0.00029254 -0.000384598 -0.0182152 0.0894456 -0.000384598 0.000963541 0.00029254 -0.000384598 0.0100057 -0.0183196 -0.000384598 0.000963541 -0.0183196 0.0897505 
0.00990704 -0.0182077 0.000278928 -0.000354259 -0.0182077 0.0894586 -0.000352223 0.000895827 0.000278928 -0.000352223 0.0100068 -0.0183217 -0.000354259 0.000895827 -0.0183217 0.0897253 
0.00989889 -0.0182087 0.000286895 -0.000349971 -0.0182087 0.0894299 -0.000341832 0.000870859 0.000286895 -0.000341832 0.0100149 -0.0183328 -0.000349971 0.000870859 -0.0183328 0.0897391 
0.00988598 -0.0182133 0.000307663 -0.000368789 -0.0182133 0.0894628 -0.000360639 0.000896503 0.000307663 -0.000360639 0.0100082 -0.0183253 -0.000368789 0.000896503 -0.0183253 0.0897196 
0.00988899 -0.018215 0.000326909 -0.000386161 -0.018215 0.0895036 -0.000382075 0.000950079 0.000326909 -0.000382075 0.00999524 -0.0183151 -0.000386161 0.000950079 -0.0183151 0.0896936 
0.00991953 -0.0182183 0.000333998 -0.000422108 -0.0182183 0.0895176 -0.000415961 0.00103068 0.000333998 -0.000415961 0.00995232 -0.0182961 -0.000422108 0.00103068 -0.0182961 0.0896508 
0.00995577 -0.0182297 0.000317519 -0.000426091 -0.0182297 0.0895139 -0.000424042 0.00107137 0.000317519 -0.000424042 0.0099189 -0.0182748 -0.000426091 0.00107137 -0.0182748 0.0896327 
0.00996082 -0.018266 0.000316739 -0.00042369 -0.018266 0.0895692 -0.000421633 0.00109625 0.000316739 -0.000421633 0.00989295 -0.0182228 -0.00042369 0.00109625 -0.0182228 0.0895301 
0.00999603 -0.0182895 0.000315513 -0.000391318 -0.0182895 0.0896528 -0.000397464 0.00103669 0.000315513 -0.000397464 0.00988949 -0.0181932 -0.000391318 0.00103669 -0.0181932 0.089452 
0.00998939 -0.0182985 0.000317611 -0.00038933 -0.0182985 0.0896483 -0.000395477 0.000997914 0.000317611 -0.000395477 0.00989923 -0.0182063 -0.00038933 0.000997914 -0.0182063 0.0894537 
0.00997839 -0.01828 0.000305796 -0.000394046 -0.01828 0.0896064 -0.00039815 0.000993324 0.000305796 -0.00039815 0.00990245 -0.0182287 -0.000394046 0.000993324 -0.0182287 0.0895079 
0.00997406 -0.0182796 0.000298316 -0.000382668 -0.0182796 0.089604 -0.000386783 0.000979301 0.000298316 -0.000386783 0.00989999 -0.0182302 -0.000382668 0.000979301 -0.0182302 0.0895155 
0.00998272 -0.0183182 0.00027902 -0.000357559 -0.0183182 0.0896998 -0.000367893 0.000923867 0.00027902 -0.000367893 0.00986491 -0.0181714 -0.000357559 0.000923867 -0.0181714 0.0893712 
0.00997854 -0.0183122 0.000286515 -0.000362781 -0.0183122 0.0897265 -0.000368965 0.00093581 0.000286515 -0.000368965 0.0098796 -0.0181494 -0.000362781 0.00093581 -0.0181494 0.0893101 
0.00996858 -0.0182819 0.000304321 -0.000359839 -0.0182819 0.0896617 -0.000363952 0.000921189 0.000304321 -0.000363952 0.00991306 -0.0181873 -0.000359839 0.000921189 -0.0181873 0.0893697 
0.00998196 -0.0182832 0.000336148 -0.00038739 -0.0182832 0.0896327 -0.000385341 0.000963352 0.000336148 -0.000385341 0.00991842 -0.0182114 -0.00038739 0.000963352 -0.0182114 0.0894277 
0.00998787 -0.0182841 0.000357223 -0.000424972 -0.0182841 0.0896116 -0.000424972 0.00104087 0.000357223 -0.000424972 0.00990369 -0.0182327 -0.000424972 0.00104087 -0.0182327 0.0894781 
0.00999435 -0.0182867 0.000359288 -0.000457835 -0.0182867 0.0896002 -0.000453729 0.00112303 0.000359288 -0.000453729 0.00989375 -0.0182292 -0.000457835 0.00112303 -0.0182292 0.089516 
0.00999459 -0.018304 0.000346053 -0.000460722 -0.018304 0.0896176 -0.000458674 0.00115897 0.000346053 -0.000458674 0.00989221 -0.0182057 -0.000460722 0.00115897 -0.0182057 0.0894824 
0.0100076 -0.0182984 0.000308964 -0.00041127 -0.0182984 0.0896344 -0.000409224 0.0010558 0.000308964 -0.000409224 0.00987662 -0.0182002 -0.00041127 0.0010558 -0.0182002 0.0894461 
0.0100014 -0.0183492 0.000290964 -0.000377024 -0.0183492 0.089748 -0.000374975 0.000979442 0.000290964 -0.000374975 0.00987228 -0.0181545 -0.000377024 0.000979442 -0.0181545 0.0893321 
0.00997643 -0.018352 0.000301322 -0.000379215 -0.018352 0.0898165 -0.000379215 0.00097161 0.000301322 -0.000379215 0.00988624 -0.0181306 -0.000379215 0.00097161 -0.0181306 0.0892262 
0.00995711 -0.0183139 0.000314305 -0.000406748 -0.0183139 0.0897639 -0.000408802 0.0010333 0.000314305 -0.000408802 0.00987494 -0.0181434 -0.000406748 0.0010333 -0.0181434 0.089201 
0.00992194 -0.0182703 0.000295809 -0.000396467 -0.0182703 0.0896508 -0.000398521 0.00102917 0.000295809 -0.000398521 0.00989523 -0.0181532 -0.000396467 0.00102917 -0.0181532 0.0892564 
0.00992837 -0.0182267 0.000280253 -0.000352377 -0.0182267 0.0895408 -0.00036268 0.00093555 0.000280253 -0.00036268 0.00986861 -0.0181752 -0.000352377 0.00093555 -0.0181752 0.0892956 
0.00995398 -0.0182397 0.000266348 -0.000330354 -0.0182397 0.0895177 -0.000336548 0.000854791 0.000266348 -0.000336548 0.00983422 -0.0181406 -0.000330354 0.000854791 -0.0181406 0.0892658 
0.0099679 -0.0182539 0.000248786 -0.000320749 -0.0182539 0.0895364 -0.000322805 0.00080393 0.000248786 -0.000322805 0.00982398 -0.0181079 -0.000320749 0.00080393 -0.0181079 0.0891848 
0.00996781 -0.0182863 0.000221826 -0.000295769 -0.0182863 0.0895953 -0.000291661 0.00074353 0.000221826 -0.000291661 0.00983431 -0.018085 -0.000295769 0.00074353 -0.018085 0.0891126 
0.00998398 -0.0182985 0.000242609 -0.000287841 -0.0182985 0.0896708 -0.000285785 0.000725771 0.000242609 -0.000285785 0.00981745 -0.0180826 -0.000287841 0.000725771 -0.0180826 0.0890725 
0.00998953 -0.0183186 0.000267816 -0.000317259 -0.0183186 0.0897101 -0.000315199 0.000766366 0.000267816 -0.000315199 0.0098103 -0.0180735 -0.000317259 0.000766366 -0.0180735 0.0890529 
0.00995378 -0.0182812 0.00026763 -0.00033145 -0.0182812 0.0896293 -0.000335567 0.000807008 0.00026763 -0.000335567 0.00984467 -0.0181 -0.00033145 0.000807008 -0.0181 0.0891311 
0.00995997 -0.0182391 0.000262374 -0.000325918 -0.0182391 0.0895331 -0.000327968 0.00080762 0.000262374 -0.000327968 0.00985338 -0.0181489 -0.000325918 0.00080762 -0.0181489 0.0892359 
0.00996733 -0.0182365 0.000262514 -0.000332244 -0.0182365 0.0894537 -0.000330193 0.000832662 0.000262514 -0.000330193 0.00983812 -0.0181627 -0.000332244 0.000832662 -0.0181627 0.0892978 
0.01001 -0.0182817 0.000254197 -0.000334146 -0.0182817 0.0895513 -0.000330047 0.000840491 0.000254197 -0.000330047 0.00979685 -0.0181116 -0.000334146 0.000840491 -0.0181116 0.0892171 
0.0100246 -0.0183303 0.000259873 -0.000329445 -0.0183303 0.0896665 -0.000329445 0.000845099 0.000259873 -0.000329445 0.00977901 -0.018052 -0.000329445 0.000845099 -0.018052 0.0890853 
0.01003 -0.0183491 0.000268423 -0.000344237 -0.0183491 0.0897495 -0.000342188 0.000874935 0.000268423 -0.000342188 0.00976157 -0.0180315 -0.000344237 0.000874935 -0.0180315 0.0890057 
0.0100157 -0.018342 0.000255178 -0.000337494 -0.018342 0.0897425 -0.000335436 0.000856082 0.000255178 -0.000335436 0.00975439 -0.018025 -0.000337494 0.000856082 -0.018025 0.0889769 
0.00999626 -0.0183316 0.000250268 -0.000314387 -0.0183316 0.0897388 -0.000318523 0.000810787 0.000250268 -0.000318523 0.00975219 -0.0180131 -0.000314387 0.000810787 -0.0180131 0.0889508 
0.00997047 -0.0183248 0.000254856 -0.000298368 -0.0183248 0.0897363 -0.000304584 0.000768713 0.000254856 -0.000304584 0.00976742 -0.0179891 -0.000298368 0.000768713 -0.0179891 0.0888868 
0.00996413 -0.0182944 0.000257551 -0.000319363 -0.0182944 0.089706 -0.000323484 0.000799438 0.000257551 -0.000323484 0.00980342 -0.0180121 -0.000319363 0.000799438 -0.0180121 0.088886 
0.00995077 -0.0182619 0.000264397 -0.000329984 -0.0182619 0.0895959 -0.000334083 0.000836234 0.000264397 -0.000334083 0.00985854 -0.0180856 -0.000329984 0.000836234 -0.0180856 0.0890486 
0.00994087 -0.0182369 0.000266621 -0.000344557 -0.0182369 0.0894986 -0.000342506 0.000869596 0.000266621 -0.000342506 0.00989165 -0.0181692 -0.000344557 0.000869596 -0.0181692 0.0892586 
0.00995779 -0.0182652 0.000243973 -0.000311629 -0.0182652 0.0895524 -0.00031368 0.000801625 0.000243973 -0.00031368 0.00989013 -0.018177 -0.000311629 0.000801625 -0.018177 0.0893269 
0.00997272 -0.0182854 0.000258871 -0.000310235 -0.0182854 0.0896086 -0.000314344 0.00079716 0.000258871 -0.000314344 0.00986588 -0.0181662 -0.000310235 0.00079716 -0.0181662 0.0893292 
0.0100042 -0.0183028 0.000268557 -0.000317758 -0.0183028 0.089663 -0.000317758 0.000797469 0.000268557 -0.000317758 0.00985049 -0.0181491 -0.000317758 0.000797469 -0.0181491 0.0893166 
0.0100349 -0.0183366 0.0002742 -0.000341726 -0.0183366 0.0897308 -0.000345819 0.000843062 0.0002742 -0.000345819 0.00984254 -0.0181422 -0.000341726 0.000843062 -0.0181422 0.0893031 
0.010056 -0.0183793 0.000280584 -0.00034817 -0.0183793 0.0898238 -0.00034817 0.000874522 0.000280584 -0.00034817 0.00983683 -0.0181253 -0.00034817 0.000874522 -0.0181253 0.0892606 
0.0100535 -0.018388 0.000300806 -0.000351964 -0.018388 0.0898796 -0.000358102 0.000888094 0.000300806 -0.000358102 0.00984475 -0.0181282 -0.000351964 0.000888094 -0.0181282 0.0892596 
0.0100365 -0.0183732 0.000309223 -0.000376802 -0.0183732 0.0898509 -0.000376802 0.000933814 0.000309223 -0.000376802 0.00985624 -0.01815 -0.000376802 0.000933814 -0.01815 0.089296 
0.0100183 -0.018333 0.000314033 -0.000404343 -0.018333 0.0897395 -0.000400238 0.00100367 0.000314033 -0.000400238 0.00984586 -0.0181708 -0.000404343 0.00100367 -0.0181708 0.0893537 
0.0100233 -0.0183164 0.000290083 -0.000401178 -0.0183164 0.089685 -0.000401178 0.00102249 0.000290083 -0.000401178 0.00980933 -0.0181415 -0.000401178 0.00102249 -0.0181415 0.0893188 
0.0100239 -0.0183333 0.00027136 -0.000380316 -0.0183333 0.0896949 -0.000380316 0.0009991 0.00027136 -0.000380316 0.00979775 -0.0180886 -0.000380316 0.0009991 -0.0180886 0.0892179 
0.0100295 -0.0183607 0.000269014 -0.000338835 -0.0183607 0.089783 -0.000340888 0.000905613 0.000269014 -0.000340888 0.00978924 -0.0180507 -0.000338835 0.000905613 -0.0180507 0.0890766 
0.0100208 -0.0183526 0.000271555 -0.000337387 -0.0183526 0.0897799 -0.000331215 0.000857868 0.000271555 -0.000331215 0.00978833 -0.0180522 -0.000337387 0.000857868 -0.0180522 0.0890351 
0.0100019 -0.0183598 0.000268147 -0.000334153 -0.0183598 0.0898149 -0.00033209 0.000835382 0.000268147 -0.00033209 0.00979563 -0.0180339 -0.000334153 0.000835382 -0.0180339 0.0889754 
0.0100096 -0.018331 0.000259401 -0.000335574 -0.018331 0.0897897 -0.000329398 0.000833788 0.000259401 -0.000329398 0.00980164 -0.018051 -0.000335574 0.000833788 -0.018051 0.0889991 
0.0100386 -0.0183378 0.000248196 -0.000322039 -0.0183378 0.0897792 -0.000313835 0.000797919 0.000248196 -0.000313835 0.00978836 -0.0180527 -0.000322039 0.000797919 -0.0180527 0.0890121 
0.0100381 -0.0183583 0.00027091 -0.000316062 -0.0183583 0.0897883 -0.000311957 0.00079426 0.00027091 -0.000311957 0.00978972 -0.0180545 -0.000316062 0.00079426 -0.0180545 0.0890413 
0.0100234 -0.0183522 0.000273178 -0.000349175 -0.0183522 0.089779 -0.000345067 0.000844182 0.000273178 -0.000345067 0.00980771 -0.018077 -0.000349175 0.000844182 -0.018077 0.0891094 
0.0100521 -0.0183465 0.000280646 -0.000346199 -0.0183465 0.0897843 -0.000338005 0.00085423 0.000280646 -0.000338005 0.00980418 -0.0181007 -0.000346199 0.00085423 -0.0181007 0.0891554 
0.0100921 -0.0183939 0.000308609 -0.00034744 -0.0183939 0.0898623 -0.000343353 0.000850206 0.000308609 -0.000343353 0.00978759 -0.0180832 -0.00034744 0.000850206 -0.0180832 0.0891572 
0.0100909 -0.0184298 0.000319474 -0.00038052 -0.0184298 0.0899472 -0.00038459 0.000921794 0.000319474 -0.00038459 0.00983247 -0.018092 -0.00038052 0.000921794 -0.018092 0.0891963 
