0.00725235 0 -0.000485816 0 0 0.0099901 0 0 -0.000485816 0 0.00742144 0 0 0 0 0.0099901 
0.0102489 -0.0127335 -0.000587472 0.000724549 -0.0127335 0.033601 0.000724549 -0.0013928 -0.000587472 0.000724549 0.0104399 -0.0129636 0.000724549 -0.0013928 -0.0129636 0.0340489 
0.0103092 -0.0193536 -0.000455112 0.000837306 -0.0193536 0.0710956 0.000837306 -0.00265273 -0.000455112 0.000837306 0.0104123 -0.0195246 0.000837306 -0.00265273 -0.0195246 0.0716136 
0.00972008 -0.0190151 -0.000391038 0.000561054 -0.0190151 0.0852365 0.000565912 -0.00204748 -0.000391038 0.000565912 0.00983423 -0.0191026 0.000561054 -0.00204748 -0.0191026 0.0854915 
0.00967906 -0.0182579 -0.000395064 0.000452486 -0.0182579 0.0882393 0.000452486 -0.00129774 -0.000395064 0.000452486 0.00984214 -0.0184072 0.000452486 -0.00129774 -0.0184072 0.088485 
0.00982985 -0.0181567 -0.000474756 0.000492258 -0.0181567 0.0890681 0.000490071 -0.0011311 -0.000474756 0.000490071 0.0100399 -0.0183317 0.000492258 -0.0011311 -0.0183317 0.0893679 
0.00995606 -0.018239 -0.000506992 0.000587266 -0.018239 0.0894989 0.000591491 -0.00131184 -0.000506992 0.000591491 0.0101779 -0.018501 0.000587266 -0.00131184 -0.018501 0.0900144 
0.0100061 -0.0183069 -0.000508467 0.000642818 -0.0183069 0.0897135 0.000644885 -0.00152127 -0.000508467 0.000644885 0.0102252 -0.0186087 0.000642818 -0.00152127 -0.0186087 0.0904183 
0.0100371 -0.0183643 -0.000516873 0.000621065 -0.0183643 0.0898501 0.000627194 -0.00156083 -0.000516873 0.000627194 0.010221 -0.0186258 0.000621065 -0.00156083 -0.0186258 0.0905345 
0.0100591 -0.0184214 -0.000489404 0.0006249 -0.0184214 0.0899998 0.000614788 -0.00154708 -0.000489404 0.000614788 0.010237 -0.0186054 0.0006249 -0.00154708 -0.0186054 0.0905175 
0.0100969 -0.0184514 -0.000470278 0.000580813 -0.0184514 0.0901025 0.000576794 -0.00145304 -0.000470278 0.000576794 0.0102336 -0.0186302 0.000580813 -0.00145304 -0.0186302 0.0905345 
0.0100972 -0.0185105 -0.000469636 0.000557944 -0.0185105 0.0902464 0.000549916 -0.00137278 -0.000469636 0.000549916 0.0102457 -0.0186269 0.000557944 -0.00137278 -0.0186269 0.0905274 
0.0100665 -0.0184941 -0.0004499 0.000564384 -0.0184941 0.0902653 0.000560367 -0.00137179 -0.0004499 0.000560367 0.0102674 -0.0186568 0.000564384 -0.00137179 -0.0186568 0.0905846 
0.0100109 -0.0184484 -0.000443229 0.000560081 -0.0184484 0.0901931 0.000556051 -0.00137804 -0.000443229 0.000556051 0.0102688 -0.01867 0.000560081 -0.00137804 -0.01867 0.0906223 
0.00998907 -0.0183909 -0.000441673 0.000540495 -0.0183909 0.090073 0.000542512 -0.00134922 -0.000441673 0.000542512 0.0102593 -0.0186773 0.000540495 -0.00134922 -0.0186773 0.0906519 
0.00999541 -0.0183586 -0.00043634 0.000535324 -0.0183586 0.0899709 0.000539365 -0.0013272 -0.00043634 0.000539365 0.0102338 -0.0186697 0.000535324 -0.0013272 -0.0186697 0.0906678 
0.00998591 -0.0183529 -0.000439517 0.000520162 -0.0183529 0.0899175 0.000528227 -0.00129637 -0.000439517 0.000528227 0.0102359 -0.0186492 0.000520162 -0.00129637 -0.0186492 0.0906453 
0.00997493 -0.0183268 -0.000445219 0.0005545 -0.0183268 0.089831 0.000562595 -0.00136196 -0.000445219 0.000562595 0.0102056 -0.0186486 0.0005545 -0.00136196 -0.0186486 0.0906162 
0.00997435 -0.0183146 -0.000427241 0.000544681 -0.0183146 0.0897975 0.000544681 -0.00136676 -0.000427241 0.000544681 0.0101849 -0.0186184 0.000544681 -0.00136676 -0.0186184 0.0905831 
0.00997927 -0.0183295 -0.000419945 0.000513266 -0.0183295 0.0898154 0.00050718 -0.00128824 -0.000419945 0.00050718 0.0101781 -0.0185891 0.000513266 -0.00128824 -0.0185891 0.0905153 
0.0099767 -0.018317 -0.000419751 0.000504918 -0.018317 0.0898004 0.000496807 -0.00123898 -0.000419751 0.000496807 0.0101775 -0.0185846 0.000504918 -0.00123898 -0.0185846 0.0904798 
0.0099963 -0.0183208 -0.000404299 0.000509417 -0.0183208 0.0897888 0.000505374 -0.0012412 -0.000404299 0.000505374 0.0101762 -0.0185877 0.000509417 -0.0012412 -0.0185877 0.0904883 
0.00999804 -0.0183378 -0.000403961 0.000480714 -0.0183378 0.0898188 0.000476674 -0.00117957 -0.000403961 0.000476674 0.0101919 -0.0185903 0.000480714 -0.00117957 -0.0185903 0.0905035 
0.00999228 -0.0183515 -0.000440598 0.000483041 -0.0183515 0.0898719 0.00048102 -0.00116819 -0.000440598 0.00048102 0.0102085 -0.0186082 0.000483041 -0.00116819 -0.0186082 0.0905227 
0.00999732 -0.0183654 -0.000443608 0.000530314 -0.0183654 0.0899214 0.000534346 -0.00125219 -0.000443608 0.000534346 0.0102252 -0.0186134 0.000530314 -0.00125219 -0.0186134 0.0905364 
0.0100153 -0.0183765 -0.000435185 0.00054801 -0.0183765 0.0899704 0.000541966 -0.00133175 -0.000435185 0.000541966 0.0102188 -0.0186283 0.00054801 -0.00133175 -0.0186283 0.0905547 
0.0100293 -0.0183911 -0.000420415 0.000523498 -0.0183911 0.0899972 0.000519455 -0.00129561 -0.000420415 0.000519455 0.0101991 -0.0186317 0.000523498 -0.00129561 -0.0186317 0.0905793 
0.0100312 -0.0184131 -0.000421426 0.000514626 -0.0184131 0.0900495 0.000516652 -0.00128657 -0.000421426 0.000516652 0.0101953 -0.0186096 0.000514626 -0.00128657 -0.0186096 0.090554 
0.0100541 -0.0184329 -0.000434499 0.000513315 -0.0184329 0.0901292 0.000513315 -0.00128127 -0.000434499 0.000513315 0.0101976 -0.0185885 0.000513315 -0.00128127 -0.0185885 0.090499 
0.0100559 -0.0184139 -0.000466021 0.000549094 -0.0184139 0.0900778 0.000549094 -0.00135146 -0.000466021 0.000549094 0.0101775 -0.0186104 0.000549094 -0.00135146 -0.0186104 0.0905256 
0.0100307 -0.0184312 -0.000471552 0.00056505 -0.0184312 0.0900929 0.000575213 -0.00140043 -0.000471552 0.000575213 0.010175 -0.0185775 0.00056505 -0.00140043 -0.0185775 0.090473 
0.0100563 -0.0183953 -0.000456182 0.000569721 -0.0183953 0.0900362 0.000579858 -0.0014091 -0.000456182 0.000579858 0.0101597 -0.0185859 0.000569721 -0.0014091 -0.0185859 0.0904721 
0.0100897 -0.018426 -0.000444925 0.000548067 -0.018426 0.0900691 0.000558179 -0.00137725 -0.000444925 0.000558179 0.0101322 -0.0185514 0.000548067 -0.00137725 -0.0185514 0.0904028 
0.0101025 -0.0184628 -0.000427437 0.000524674 -0.0184628 0.0901203 0.000534803 -0.0013208 -0.000427437 0.000534803 0.0101106 -0.0185297 0.000524674 -0.0013208 -0.0185297 0.0903452 
0.0100812 -0.0184781 -0.000432747 0.000524172 -0.0184781 0.0901697 0.000532299 -0.00130637 -0.000432747 0.000532299 0.0101015 -0.0184923 0.000524172 -0.00130637 -0.0184923 0.090253 
0.0100509 -0.0184517 -0.000421161 0.000526959 -0.0184517 0.0901467 0.000531029 -0.001294 -0.000421161 0.000531029 0.010118 -0.0184822 0.000526959 -0.001294 -0.0184822 0.0902179 
0.0100486 -0.0184336 -0.000412344 0.000509844 -0.0184336 0.0901125 0.000507813 -0.00126141 -0.000412344 0.000507813 0.0101177 -0.0184824 0.000509844 -0.00126141 -0.0184824 0.0901876 
0.0100676 -0.0184159 -0.000396475 0.000493571 -0.0184159 0.0900606 0.000487503 -0.00121977 -0.000396475 0.000487503 0.0101142 -0.0185008 0.000493571 -0.00121977 -0.0185008 0.0902224 
0.0100641 -0.0184135 -0.000394315 0.000483289 -0.0184135 0.090007 0.000479245 -0.00119306 -0.000394315 0.000479245 0.0101167 -0.0185126 0.000483289 -0.00119306 -0.0185126 0.0902679 
0.0100786 -0.0184292 -0.000384448 0.000477525 -0.0184292 0.0900479 0.000471455 -0.0011756 -0.000384448 0.000471455 0.0101069 -0.0185081 0.000477525 -0.0011756 -0.0185081 0.0902664 
0.0100747 -0.018466 -0.000391469 0.000470574 -0.018466 0.0901433 0.000474631 -0.00116629 -0.000391469 0.000474631 0.0101113 -0.0184842 0.000470574 -0.00116629 -0.0184842 0.0902224 
0.0100877 -0.0184724 -0.000403425 0.000484516 -0.0184724 0.0902193 0.000490598 -0.00119203 -0.000403425 0.000490598 0.0101181 -0.0184826 0.000484516 -0.00119203 -0.0184826 0.0902031 
0.0101054 -0.0184699 -0.000398792 0.000495959 -0.0184699 0.0902059 0.000502032 -0.00122674 -0.000398792 0.000502032 0.0101236 -0.0185185 0.000495959 -0.00122674 -0.0185185 0.0902788 
0.0101377 -0.0184898 -0.000391853 0.000492847 -0.0184898 0.0902273 0.000502946 -0.00125232 -0.000391853 0.000502946 0.0101074 -0.0185161 0.000492847 -0.00125232 -0.0185161 0.0903 
0.0101138 -0.0185305 -0.000405039 0.000490097 -0.0185305 0.0903115 0.000492122 -0.00123334 -0.000405039 0.000492122 0.0101179 -0.0184839 0.000490097 -0.00123334 -0.0184839 0.0902345 
0.0100829 -0.0185205 -0.000436182 0.000497044 -0.0185205 0.0903423 0.000495015 -0.00122739 -0.000436182 0.000495015 0.0101336 -0.018484 0.000497044 -0.00122739 -0.018484 0.0902044 
0.0100598 -0.0184678 -0.000457445 0.000532337 -0.0184678 0.0902443 0.000522216 -0.00126911 -0.000457445 0.000522216 0.0101711 -0.0185245 0.000532337 -0.00126911 -0.0185245 0.0902908 
0.0100549 -0.0184242 -0.000473504 0.000562539 -0.0184242 0.0901135 0.000556468 -0.00135374 -0.000473504 0.000556468 0.0101702 -0.0185658 0.000562539 -0.00135374 -0.0185658 0.0903867 
0.0100682 -0.0184141 -0.000488315 0.000593677 -0.0184141 0.0900424 0.000585573 -0.00144468 -0.000488315 0.000585573 0.0101411 -0.0185661 0.000593677 -0.00144468 -0.0185661 0.0904173 
0.0100952 -0.0184402 -0.000476397 0.000607608 -0.0184402 0.0900714 0.000601552 -0.00149379 -0.000476397 0.000601552 0.0101194 -0.018531 0.000607608 -0.00149379 -0.018531 0.0903742 
0.010117 -0.0185104 -0.000466191 0.000589298 -0.0185104 0.0902433 0.000589298 -0.00148132 -0.000466191 0.000589298 0.0100927 -0.018466 0.000589298 -0.00148132 -0.018466 0.0902009 
0.0101189 -0.0185282 -0.000476112 0.000570531 -0.0185282 0.0903468 0.000576558 -0.00144843 -0.000476112 0.000576558 0.0101329 -0.018474 0.000570531 -0.00144843 -0.018474 0.0901861 
0.0101231 -0.0185226 -0.000468088 0.000562509 -0.0185226 0.090351 0.000568536 -0.00139623 -0.000468088 0.000568536 0.0101533 -0.0185306 0.000562509 -0.00139623 -0.0185306 0.0902827 
0.0100918 -0.0185322 -0.000450724 0.000561889 -0.0185322 0.0903691 0.000574016 -0.00140068 -0.000450724 0.000574016 0.0101564 -0.0185383 0.000561889 -0.00140068 -0.0185383 0.0903226 
0.0100735 -0.0184846 -0.00043789 0.000539253 -0.0184846 0.0903005 0.000547362 -0.00136638 -0.00043789 0.000547362 0.0101586 -0.0185637 0.000539253 -0.00136638 -0.0185637 0.0903918 
0.0100632 -0.0184486 -0.000413891 0.000523451 -0.0184486 0.0901999 0.000531566 -0.00131268 -0.000413891 0.000531566 0.0101606 -0.0185703 0.000523451 -0.00131268 -0.0185703 0.0904332 
0.0100672 -0.018416 -0.000390014 0.000499705 -0.018416 0.090077 0.000505799 -0.00126755 -0.000390014 0.000505799 0.0101444 -0.0185785 0.000499705 -0.00126755 -0.0185785 0.090467 
0.0100726 -0.0184116 -0.000392731 0.00049244 -0.0184116 0.0900149 0.000490406 -0.00123721 -0.000392731 0.000490406 0.0101133 -0.018552 0.00049244 -0.00123721 -0.018552 0.0904259 
0.0101306 -0.0184499 -0.000413946 0.000480581 -0.0184499 0.0900867 0.000476542 -0.00119741 -0.000413946 0.000476542 0.0101023 -0.0185104 0.000480581 -0.00119741 -0.0185104 0.0903694 
0.0101427 -0.0184983 -0.000428648 0.000515183 -0.0184983 0.090165 0.00051317 -0.00124972 -0.000428648 0.00051317 0.0101085 -0.0184963 0.000515183 -0.00124972 -0.0184963 0.0902858 
0.0101412 -0.0185391 -0.000446457 0.000541404 -0.0185391 0.0902913 0.000541404 -0.00132523 -0.000446457 0.000541404 0.0100867 -0.0184785 0.000541404 -0.00132523 -0.0184785 0.0902226 
0.0101253 -0.018566 -0.000445957 0.000555419 -0.018566 0.0904158 0.000559473 -0.0013622 -0.000445957 0.000559473 0.0100786 -0.0184383 0.000555419 -0.0013622 -0.0184383 0.0901016 
0.0100698 -0.0185242 -0.000430748 0.000548594 -0.0185242 0.0903657 0.000548594 -0.00135929 -0.000430748 0.000548594 0.0100941 -0.0184328 0.000548594 -0.00135929 -0.0184328 0.0900589 
0.0100536 -0.0184479 -0.000411266 0.000519173 -0.0184479 0.0902098 0.000515101 -0.00130302 -0.000411266 0.000515101 0.0100923 -0.0184683 0.000519173 -0.00130302 -0.0184683 0.0901101 
0.0100783 -0.0184384 -0.000407759 0.00051122 -0.0184384 0.0901391 0.000509192 -0.00127805 -0.000407759 0.000509192 0.0100641 -0.0184384 0.00051122 -0.00127805 -0.0184384 0.0900803 
0.0100758 -0.0184373 -0.000393889 0.000504096 -0.0184373 0.0900862 0.000495933 -0.00124902 -0.000393889 0.000495933 0.0100268 -0.0184107 0.000504096 -0.00124902 -0.0184107 0.0900107 
0.0100722 -0.0184419 -0.000389905 0.000491974 -0.0184419 0.0900823 0.000496057 -0.00123708 -0.000389905 0.000496057 0.0100089 -0.0183725 0.000491974 -0.00123708 -0.0183725 0.0899313 
0.0100776 -0.0184594 -0.000401556 0.000495321 -0.0184594 0.0901403 0.000493283 -0.0012434 -0.000401556 0.000493283 0.0100002 -0.0183289 0.000495321 -0.0012434 -0.0183289 0.0897897 
0.0100976 -0.0184501 -0.000392728 0.00049597 -0.0184501 0.0901371 0.000493946 -0.00124499 -0.000392728 0.000493946 0.0100166 -0.0183388 0.00049597 -0.00124499 -0.0183388 0.0897889 
0.0101161 -0.0184681 -0.000377149 0.00049881 -0.0184681 0.0901507 0.000502865 -0.00125919 -0.000377149 0.000502865 0.00999647 -0.0183546 0.00049881 -0.00125919 -0.0183546 0.0898202 
0.010114 -0.0185028 -0.000357659 0.000465363 -0.0185028 0.0902195 0.000465363 -0.00118678 -0.000357659 0.000465363 0.00996974 -0.0183178 0.000465363 -0.00118678 -0.0183178 0.0897683 
0.0101112 -0.0184913 -0.000355172 0.000436354 -0.0184913 0.0902157 0.000438384 -0.00111828 -0.000355172 0.000438384 0.00996511 -0.0183106 0.000436354 -0.00111828 -0.0183106 0.0897428 
0.0100747 -0.0184436 -0.000353784 0.000437147 -0.0184436 0.0900951 0.000437147 -0.00108982 -0.000353784 0.000437147 0.00998323 -0.0183399 0.000437147 -0.00108982 -0.0183399 0.0898226 
0.0100286 -0.0184269 -0.000356203 0.000445763 -0.0184269 0.0900359 0.000447798 -0.00110525 -0.000356203 0.000447798 0.0100062 -0.0183292 0.000445763 -0.00110525 -0.0183292 0.08981 
0.0100051 -0.0183793 -0.000350199 0.000447928 -0.0183793 0.0899542 0.000452 -0.00112186 -0.000350199 0.000452 0.0100214 -0.0183508 0.000447928 -0.00112186 -0.0183508 0.089832 
0.0100106 -0.0183545 -0.000336201 0.000425854 -0.0183545 0.0898818 0.00042993 -0.00107992 -0.000336201 0.00042993 0.0100025 -0.0183606 0.000425854 -0.00107992 -0.0183606 0.0898512 
0.0100096 -0.0183546 -0.000342696 0.000428369 -0.0183546 0.0898413 0.00042633 -0.00106888 -0.000342696 0.00042633 0.00998917 -0.0183342 0.000428369 -0.00106888 -0.0183342 0.0898107 
0.00999186 -0.0183177 -0.000336068 0.000424183 -0.0183177 0.0897403 0.000424183 -0.00105738 -0.000336068 0.000424183 0.00996113 -0.0183341 0.000424183 -0.00105738 -0.0183341 0.0898141 
0.00999355 -0.0183181 -0.000348994 0.000420846 -0.0183181 0.0897182 0.00041674 -0.00105109 -0.000348994 0.00041674 0.00994223 -0.0182935 0.000420846 -0.00105109 -0.0182935 0.0897387 
0.00998669 -0.0183363 -0.000361063 0.00042466 -0.0183363 0.0897632 0.000422608 -0.00104216 -0.000361063 0.000422608 0.00995181 -0.0182563 0.00042466 -0.00104216 -0.0182563 0.0896442 
0.00997699 -0.0183233 -0.000363061 0.000447159 -0.0183233 0.0897539 0.000443057 -0.00108508 -0.000363061 0.000443057 0.00996878 -0.018274 0.000447159 -0.00108508 -0.018274 0.0896165 
0.00996937 -0.0183107 -0.000357222 0.000449607 -0.0183107 0.0897531 0.00045166 -0.00111683 -0.000357222 0.00045166 0.00997758 -0.018282 0.000449607 -0.00111683 -0.018282 0.0896155 
0.00996157 -0.0183117 -0.000350139 0.000450472 -0.0183117 0.0897524 0.000450472 -0.00113437 -0.000350139 0.000450472 0.00999638 -0.0182871 0.000450472 -0.00113437 -0.0182871 0.0896234 
0.00994069 -0.0183065 -0.000348149 0.000446451 -0.0183065 0.0897386 0.000442355 -0.00113456 -0.000348149 0.000442355 0.0100206 -0.0183065 0.000446451 -0.00113456 -0.0183065 0.0896546 
0.00990962 -0.0182691 -0.00035062 0.000434686 -0.0182691 0.0896561 0.000432636 -0.00110517 -0.00035062 0.000432636 0.010047 -0.0183491 0.000434686 -0.00110517 -0.0183491 0.0897525 
0.00988338 -0.0182263 -0.000351217 0.000425158 -0.0182263 0.0895481 0.00042105 -0.00105776 -0.000351217 0.00042105 0.0100641 -0.0183845 0.000425158 -0.00105776 -0.0183845 0.08985 
0.00990636 -0.0181811 -0.00035007 0.000421722 -0.0181811 0.0894336 0.00041558 -0.00103793 -0.00035007 0.00041558 0.0100579 -0.0184227 0.000421722 -0.00103793 -0.0184227 0.0899741 
0.00993192 -0.0182112 -0.000362271 0.000425363 -0.0182112 0.0894321 0.000423328 -0.00104204 -0.000362271 0.000423328 0.0100703 -0.0184229 0.000425363 -0.00104204 -0.0184229 0.0900284 
0.00997595 -0.0182603 -0.000369854 0.000462823 -0.0182603 0.089543 0.000462823 -0.00113988 -0.000369854 0.000462823 0.010073 -0.018426 0.000462823 -0.00113988 -0.018426 0.0900261 
0.00998596 -0.0182968 -0.000394023 0.000486972 -0.0182968 0.089621 0.000488993 -0.00122046 -0.000394023 0.000488993 0.0100728 -0.0184443 0.000486972 -0.00122046 -0.0184443 0.0900696 
0.00998726 -0.0183174 -0.000399085 0.000508479 -0.0183174 0.0896969 0.000504427 -0.00126816 -0.000399085 0.000504427 0.0100561 -0.018441 0.000508479 -0.00126816 -0.018441 0.0900818 
0.00997549 -0.0183365 -0.000375705 0.000477247 -0.0183365 0.0897916 0.000475217 -0.00120023 -0.000375705 0.000475217 0.0100547 -0.0184096 0.000477247 -0.00120023 -0.0184096 0.0900251 
0.00995144 -0.0183425 -0.000381414 0.000463 -0.0183425 0.089875 0.00046096 -0.00116668 -0.000381414 0.00046096 0.0100657 -0.0183935 0.000463 -0.00116668 -0.0183935 0.0899545 
0.00994164 -0.0182951 -0.000375618 0.00046544 -0.0182951 0.089783 0.000455233 -0.0011391 -0.000375618 0.000455233 0.0100743 -0.0184278 0.00046544 -0.0011391 -0.0184278 0.0900157 
0.00993755 -0.0182413 -0.000379857 0.000477885 -0.0182413 0.0896054 0.000471758 -0.00118042 -0.000379857 0.000471758 0.0100785 -0.0184639 0.000477885 -0.00118042 -0.0184639 0.0901282 
0.00995305 -0.0182456 -0.00037647 0.000463974 -0.0182456 0.0895693 0.000459904 -0.0011579 -0.00037647 0.000459904 0.0100772 -0.0184613 0.000463974 -0.0011579 -0.0184613 0.0901595 
0.00999931 -0.0183031 -0.00038241 0.000463343 -0.0183031 0.0896802 0.00045525 -0.00114521 -0.00038241 0.00045525 0.0100722 -0.0184346 0.000463343 -0.00114521 -0.0184346 0.090101 
0.0100049 -0.0183289 -0.000388855 0.000467841 -0.0183289 0.0897466 0.000461766 -0.00114834 -0.000388855 0.000461766 0.0100718 -0.0184483 0.000467841 -0.00114834 -0.0184483 0.090101 
0.0100142 -0.0183644 -0.000397243 0.000456019 -0.0183644 0.08986 0.000460072 -0.00112485 -0.000397243 0.000460072 0.0100729 -0.0184434 0.000456019 -0.00112485 -0.0184434 0.0900951 
0.0100178 -0.0183972 -0.000445371 0.000473584 -0.0183972 0.089981 0.000475599 -0.00114063 -0.000445371 0.000475599 0.0101186 -0.0184436 0.000473584 -0.00114063 -0.0184436 0.0900918 
0.010003 -0.0184042 -0.000447501 0.000536596 -0.0184042 0.0900367 0.000540646 -0.00125746 -0.000447501 0.000540646 0.0101325 -0.0184751 0.000536596 -0.00125746 -0.0184751 0.0901157 
0.00998889 -0.0183679 -0.000433503 0.00054544 -0.0183679 0.0899712 0.000543405 -0.00132697 -0.000433503 0.000543405 0.0101354 -0.0185206 0.00054544 -0.00132697 -0.0185206 0.090246 
0.00999442 -0.0183536 -0.000431707 0.00054167 -0.0183536 0.0899274 0.000539634 -0.00134603 -0.000431707 0.000539634 0.0101227 -0.0185125 0.00054167 -0.00134603 -0.0185125 0.0902654 
0.00999057 -0.0183211 -0.000419568 0.000537128 -0.0183211 0.0898179 0.000537128 -0.00134383 -0.000419568 0.000537128 0.0101406 -0.0185279 0.000537128 -0.00134383 -0.0185279 0.0903206 
0.00996724 -0.0183077 -0.000388492 0.000511919 -0.0183077 0.0897537 0.000513942 -0.00130307 -0.000388492 0.000513942 0.0101595 -0.0185424 0.000511919 -0.00130307 -0.0185424 0.0903466 
0.00998142 -0.0182973 -0.000357779 0.000468953 -0.0182973 0.0897176 0.000468953 -0.00120675 -0.000357779 0.000468953 0.0101472 -0.0185641 0.000468953 -0.00120675 -0.0185641 0.0903907 
0.00999609 -0.0183346 -0.000356208 0.000431093 -0.0183346 0.0897969 0.000429069 -0.00109898 -0.000356208 0.000429069 0.0101337 -0.0185269 0.000431093 -0.00109898 -0.0185269 0.0903413 
0.0100359 -0.018392 -0.000368326 0.000431063 -0.018392 0.0899506 0.000429039 -0.00105641 -0.000368326 0.000429039 0.0100986 -0.018477 0.000431063 -0.00105641 -0.018477 0.0902056 
0.0100266 -0.0184133 -0.000379551 0.000462768 -0.0184133 0.0900328 0.000458709 -0.00110618 -0.000379551 0.000458709 0.0100896 -0.0184458 0.000462768 -0.00110618 -0.0184458 0.0901079 
0.0100307 -0.0183946 -0.00041111 0.000502243 -0.0183946 0.0900108 0.000502243 -0.00122725 -0.00041111 0.000502243 0.0100712 -0.0184412 0.000502243 -0.00122725 -0.0184412 0.0900797 
0.010015 -0.0183674 -0.000407033 0.00050065 -0.0183674 0.0899196 0.000502685 -0.00123534 -0.000407033 0.000502685 0.0100476 -0.0184365 0.00050065 -0.00123534 -0.0184365 0.0900723 
0.0100344 -0.0183795 -0.000393904 0.000479182 -0.0183795 0.0899441 0.000487304 -0.00119186 -0.000393904 0.000487304 0.0100303 -0.0183998 0.000479182 -0.00119186 -0.0183998 0.0900009 
0.0100548 -0.0184298 -0.000389675 0.000478512 -0.0184298 0.0900572 0.000484569 -0.00119123 -0.000389675 0.000484569 0.0100427 -0.0183591 0.000478512 -0.00119123 -0.0183591 0.0898836 
0.0100481 -0.0184027 -0.000361313 0.00047233 -0.0184027 0.0900153 0.000478386 -0.00118486 -0.000361313 0.000478386 0.0100582 -0.0184148 0.00047233 -0.00118486 -0.0184148 0.0899688 
0.0100227 -0.0183943 -0.000367602 0.000458995 -0.0183943 0.0899793 0.000456964 -0.0011678 -0.000367602 0.000456964 0.0100593 -0.0184329 0.000458995 -0.0011678 -0.0184329 0.0900382 
0.010014 -0.0183607 -0.000360773 0.000456572 -0.0183607 0.0899059 0.000454533 -0.00113735 -0.000360773 0.000454533 0.0100425 -0.0184361 0.000456572 -0.00113735 -0.0184361 0.0900771 
0.0100189 -0.0183741 -0.000344144 0.000421526 -0.0183741 0.0899276 0.000423562 -0.0010528 -0.000344144 0.000423562 0.0100352 -0.0183863 0.000421526 -0.0010528 -0.0183863 0.0899927 
0.010007 -0.0183631 -0.000348512 0.000419845 -0.0183631 0.0898999 0.000423921 -0.00103535 -0.000348512 0.000423921 0.0100457 -0.0183978 0.000419845 -0.00103535 -0.0183978 0.0899834 
0.0100076 -0.0183674 -0.000341006 0.000424726 -0.0183674 0.089897 0.000424726 -0.0010271 -0.000341006 0.000424726 0.0100423 -0.0183939 0.000424726 -0.0010271 -0.0183939 0.0899624 
0.00999828 -0.0183445 -0.000351678 0.000435508 -0.0183445 0.0898537 0.000433463 -0.00107548 -0.000351678 0.000433463 0.0100453 -0.0184038 0.000435508 -0.00107548 -0.0184038 0.0899866 
0.0099963 -0.0183531 -0.000367962 0.000457908 -0.0183531 0.0898502 0.000455864 -0.00113659 -0.000367962 0.000455864 0.0100372 -0.0183838 0.000457908 -0.00113659 -0.0183838 0.089934 
0.0100083 -0.0183499 -0.000373322 0.000454923 -0.0183499 0.0898524 0.000463083 -0.00114853 -0.000373322 0.000463083 0.0100348 -0.0183846 0.000454923 -0.00114853 -0.0183846 0.0899238 
0.0100168 -0.0183499 -0.000389815 0.000465329 -0.0183499 0.0898391 0.000471452 -0.00117353 -0.000389815 0.000471452 0.0100168 -0.0183744 0.000465329 -0.00117353 -0.0183744 0.0898901 
0.0100205 -0.0183359 -0.000398207 0.000481933 -0.0183359 0.0897885 0.000483975 -0.00119054 -0.000398207 0.000483975 0.0100042 -0.0183788 0.000481933 -0.00119054 -0.0183788 0.0899192 
0.0100363 -0.0183383 -0.000398349 0.000498446 -0.0183383 0.0897714 0.000500489 -0.0012359 -0.000398349 0.000500489 0.00996893 -0.0183588 0.000498446 -0.0012359 -0.0183588 0.0898879 
0.0100373 -0.0183762 -0.000403693 0.000493402 -0.0183762 0.0898461 0.000493402 -0.00123147 -0.000403693 0.000493402 0.00997407 -0.0183069 0.000493402 -0.00123147 -0.0183069 0.0898033 
0.0100314 -0.0184015 -0.000388261 0.000498609 -0.0184015 0.0899357 0.000502696 -0.00123631 -0.000388261 0.000502696 0.0099681 -0.0182871 0.000498609 -0.00123631 -0.0182871 0.0896863 
0.0100407 -0.0184202 -0.000387279 0.000470849 -0.0184202 0.0900341 0.000474926 -0.00119037 -0.000387279 0.000474926 0.00996529 -0.0182612 0.000470849 -0.00119037 -0.0182612 0.0895938 
0.0100334 -0.0184057 -0.000413247 0.000474018 -0.0184057 0.0900088 0.000474018 -0.00117897 -0.000413247 0.000474018 0.0100131 -0.0182963 0.000474018 -0.00117897 -0.0182963 0.0896583 
0.0100463 -0.0183759 -0.000413553 0.00048416 -0.0183759 0.0899428 0.00048416 -0.00118216 -0.000413553 0.00048416 0.0100463 -0.0183799 0.00048416 -0.00118216 -0.0183799 0.08985 
0.010052 -0.0183973 -0.000395858 0.000500882 -0.0183973 0.0899305 0.000496842 -0.00121585 -0.000395858 0.000496842 0.010052 -0.0184155 0.000500882 -0.00121585 -0.0184155 0.089989 
0.0100479 -0.0184136 -0.000396145 0.000463185 -0.0184136 0.0899879 0.000465216 -0.00115796 -0.000396145 0.000465216 0.0100438 -0.0184238 0.000463185 -0.00115796 -0.0184238 0.0900427 
0.0100275 -0.0184303 -0.000393914 0.000477595 -0.0184303 0.0900593 0.000477595 -0.0011695 -0.000393914 0.000477595 0.0100356 -0.0183833 0.000477595 -0.0011695 -0.0183833 0.0899532 
0.0100009 -0.0183878 -0.000386616 0.00050526 -0.0183878 0.0900079 0.000499123 -0.00124781 -0.000386616 0.000499123 0.0100213 -0.0183612 0.00050526 -0.00124781 -0.0183612 0.0898668 
0.00999774 -0.0183597 -0.000360554 0.000497035 -0.0183597 0.0899348 0.000492961 -0.00126703 -0.000360554 0.000492961 0.0100222 -0.0183414 0.000497035 -0.00126703 -0.0183414 0.0898106 
0.00998037 -0.0183467 -0.000363402 0.000464911 -0.0183467 0.0898659 0.000462881 -0.00122014 -0.000363402 0.000462881 0.0100494 -0.0183528 0.000464911 -0.00122014 -0.0183528 0.0898091 
0.00999265 -0.0183117 -0.000374826 0.000461947 -0.0183117 0.0897798 0.000459921 -0.0011731 -0.000374826 0.000459921 0.0100453 -0.0183968 0.000461947 -0.0011731 -0.0183968 0.0898973 
0.00999292 -0.0182973 -0.000382465 0.00046791 -0.0182973 0.0896759 0.00046791 -0.00116774 -0.000382465 0.00046791 0.0100092 -0.0184133 0.00046791 -0.00116774 -0.0184133 0.0899831 
0.0100088 -0.0183062 -0.000369945 0.00046548 -0.0183062 0.0896791 0.00046548 -0.00116472 -0.000369945 0.00046548 0.00999258 -0.0183794 0.00046548 -0.00116472 -0.0183794 0.0899739 
0.0100179 -0.0183594 -0.000361702 0.000459239 -0.0183594 0.0898057 0.000455175 -0.00115013 -0.000361702 0.000455175 0.00997322 -0.0183106 0.000459239 -0.00115013 -0.0183106 0.0898057 
0.0100124 -0.0183489 -0.000344131 0.000441872 -0.0183489 0.0898243 0.000441872 -0.00111384 -0.000344131 0.000441872 0.00996962 -0.0183163 0.000441872 -0.00111384 -0.0183163 0.0897693 
0.0100331 -0.0183532 -0.000326278 0.000407848 -0.0183532 0.0898407 0.000407848 -0.00102982 -0.000326278 0.000407848 0.0099576 -0.0183144 0.000407848 -0.00102982 -0.0183144 0.0897755 
0.0100181 -0.0183908 -0.000333597 0.000409321 -0.0183908 0.0899176 0.000411368 -0.00101921 -0.000333597 0.000411368 0.00995059 -0.0182741 0.000409321 -0.00101921 -0.0182741 0.0896782 
0.00999986 -0.0183834 -0.000330659 0.000398433 -0.0183834 0.0899617 0.000406648 -0.0010043 -0.000330659 0.000406648 0.00996494 -0.0182622 0.000398433 -0.0010043 -0.0182622 0.0896085 
0.00997379 -0.0183509 -0.000304921 0.000389392 -0.0183509 0.0899063 0.000397633 -0.000976571 -0.000304921 0.000397633 0.00997585 -0.0182767 0.000389392 -0.000976571 -0.0182767 0.0896014 
0.00998869 -0.0183232 -0.000293483 0.000371472 -0.0183232 0.0898305 0.000373524 -0.00093381 -0.000293483 0.000373524 0.00998048 -0.0182924 0.000371472 -0.00093381 -0.0182924 0.0896355 
0.00999147 -0.0183099 -0.000306049 0.00037542 -0.0183099 0.0897335 0.00037542 -0.00094263 -0.000306049 0.00037542 0.0100037 -0.018314 0.00037542 -0.00094263 -0.018314 0.089711 
0.00998023 -0.0183035 -0.000325686 0.000394894 -0.0183035 0.0896837 0.00039693 -0.000987235 -0.000325686 0.00039693 0.0100352 -0.0183585 0.000394894 -0.000987235 -0.0183585 0.0898221 
0.00997329 -0.0183108 -0.00037344 0.000409972 -0.0183108 0.0897048 0.000412002 -0.00102087 -0.00037344 0.000412002 0.0100667 -0.0183899 0.000409972 -0.00102087 -0.0183899 0.0899098 
0.00999949 -0.0183037 -0.000405084 0.000453694 -0.0183037 0.0896957 0.000455719 -0.00108562 -0.000405084 0.000455719 0.0100704 -0.0184414 0.000453694 -0.00108562 -0.0184414 0.0900481 
