0.00662727 0 -3.52293e-05 0 0 0.00928524 0 0 -3.52293e-05 0 0.00647917 0 0 0 0 0.00928524 
0.00971517 -0.0120559 -3.6941e-05 4.41855e-05 -0.0120559 0.0319515 4.41855e-05 -8.38665e-05 -3.6941e-05 4.41855e-05 0.00954613 -0.011852 4.41855e-05 -8.38665e-05 -0.011852 0.0315604 
0.0100154 -0.0186172 -9.35175e-06 2.70567e-06 -0.0186172 0.0685891 2.70567e-06 5.92362e-06 -9.35175e-06 2.70567e-06 0.0098943 -0.0185144 2.70567e-06 5.92362e-06 -0.0185144 0.0683088 
0.00869631 -0.0166904 -4.43943e-06 -7.17947e-05 -0.0166904 0.0747361 -7.00045e-05 0.000362989 -4.43943e-06 -7.00045e-05 0.0086115 -0.0168109 -7.17947e-05 0.000362989 -0.0168109 0.0756178 
0.00919084 -0.0170509 -2.62985e-05 -7.46587e-05 -0.0170509 0.0819784 -6.79841e-05 0.000538852 -2.62985e-05 -6.79841e-05 0.00908551 -0.0171938 -7.46587e-05 0.000538852 -0.0171938 0.0834825 
0.00899 -0.016425 -5.38308e-05 -2.39897e-05 -0.016425 0.0803088 -1.54426e-05 0.000393456 -5.38308e-05 -1.54426e-05 0.00889298 -0.016473 -2.39897e-05 0.000393456 -0.016473 0.0814879 
0.00947433 -0.0172651 -5.54125e-05 2.50571e-05 -0.0172651 0.0847321 2.99563e-05 0.00021563 -5.54125e-05 2.99563e-05 0.0093813 -0.0172741 2.50571e-05 0.00021563 -0.0172741 0.0855624 
0.00921851 -0.0168197 -2.2889e-05 2.79333e-05 -0.0168197 0.0827192 2.73936e-05 0.000112697 -2.2889e-05 2.73936e-05 0.00915647 -0.0168365 2.79333e-05 0.000112697 -0.0168365 0.0833351 
0.00969112 -0.0176843 -8.13651e-06 -1.38947e-05 -0.0176843 0.0871312 -1.76159e-05 0.000158064 -8.13651e-06 -1.76159e-05 0.00965561 -0.0177457 -1.38947e-05 0.000158064 -0.0177457 0.0877728 
0.00954621 -0.0173798 -8.75607e-06 -3.99907e-05 -0.0173798 0.085716 -4.44238e-05 0.000234834 -8.75607e-06 -4.44238e-05 0.0094982 -0.0174971 -3.99907e-05 0.000234834 -0.0174971 0.0864706 
0.00945637 -0.0172409 -1.33359e-05 -4.28001e-05 -0.0172409 0.0849765 -4.80857e-05 0.000277249 -1.33359e-05 -4.80857e-05 0.00942361 -0.0173551 -4.28001e-05 0.000277249 -0.0173551 0.0858035 
0.00939777 -0.0170908 -1.7744e-05 -3.31306e-05 -0.0170908 0.0842666 -3.97284e-05 0.000272273 -1.7744e-05 -3.97284e-05 0.00933893 -0.0172263 -3.31306e-05 0.000272273 -0.0172263 0.0851523 
0.00939425 -0.0170798 -2.6268e-05 -2.36574e-05 -0.0170798 0.0841123 -3.08578e-05 0.000249031 -2.6268e-05 -3.08578e-05 0.00930894 -0.0171748 -2.36574e-05 0.000249031 -0.0171748 0.084956 
0.00937372 -0.017089 -1.24203e-05 -1.20522e-05 -0.017089 0.0840869 -1.91662e-05 0.000217795 -1.24203e-05 -1.91662e-05 0.00930283 -0.0171396 -1.20522e-05 0.000217795 -0.0171396 0.084818 
0.00933453 -0.0170691 -8.35805e-06 -2.51291e-05 -0.0170691 0.0840458 -3.17789e-05 0.000218049 -8.35805e-06 -3.17789e-05 0.00931787 -0.0171269 -2.51291e-05 0.000218049 -0.0171269 0.0847213 
0.00933593 -0.0170152 -8.3519e-06 -3.20129e-05 -0.0170152 0.0839084 -3.46151e-05 0.000230059 -8.3519e-06 -3.46151e-05 0.00930791 -0.0171336 -3.20129e-05 0.000230059 -0.0171336 0.0846508 
0.00934262 -0.0170201 -1.82738e-05 -3.73535e-05 -0.0170201 0.0838641 -3.39126e-05 0.00023918 -1.82738e-05 -3.39126e-05 0.00930914 -0.0171322 -3.73535e-05 0.00023918 -0.0171322 0.0846455 
0.00932992 -0.0170142 -1.59738e-05 -2.64196e-05 -0.0170142 0.0837864 -1.94131e-05 0.000221433 -1.59738e-05 -1.94131e-05 0.0093093 -0.0171171 -2.64196e-05 0.000221433 -0.0171171 0.0845537 
0.00933502 -0.01702 -1.19134e-05 -2.58191e-05 -0.01702 0.0838343 -1.74912e-05 0.000205207 -1.19134e-05 -1.74912e-05 0.00932407 -0.0171457 -2.58191e-05 0.000205207 -0.0171457 0.0846367 
0.00935712 -0.0170688 -1.54822e-05 -2.89814e-05 -0.0170688 0.0840728 -2.24193e-05 0.000205822 -1.54822e-05 -2.24193e-05 0.00934128 -0.0172128 -2.89814e-05 0.000205822 -0.0172128 0.0849327 
0.00935698 -0.0170585 -1.70088e-05 -2.60611e-05 -0.0170585 0.0840473 -2.16897e-05 0.000206735 -1.70088e-05 -2.16897e-05 0.00933035 -0.0172052 -2.60611e-05 0.000206735 -0.0172052 0.0849464 
0.00934832 -0.0170292 -2.39963e-05 -2.41088e-05 -0.0170292 0.0838925 -2.07053e-05 0.000203814 -2.39963e-05 -2.07053e-05 0.0093004 -0.0171599 -2.41088e-05 0.000203814 -0.0171599 0.0847768 
0.00935286 -0.0170491 -1.13849e-05 -1.7767e-05 -0.0170491 0.0839575 -1.59933e-05 0.000197871 -1.13849e-05 -1.59933e-05 0.00930177 -0.0171515 -1.7767e-05 0.000197871 -0.0171515 0.0847885 
0.00938713 -0.0171029 6.12537e-06 -3.24727e-05 -0.0171029 0.0842252 -3.16674e-05 0.000219007 6.12537e-06 -3.16674e-05 0.00932692 -0.0171928 -3.24727e-05 0.000219007 -0.0171928 0.085003 
0.00944079 -0.0171493 2.09393e-05 -5.45673e-05 -0.0171493 0.0844311 -5.44866e-05 0.000268527 2.09393e-05 -5.44866e-05 0.00933369 -0.0172253 -5.45673e-05 0.000268527 -0.0172253 0.0851632 
0.0094765 -0.0172172 1.18285e-05 -7.10442e-05 -0.0172172 0.0846381 -6.97513e-05 0.000312276 1.18285e-05 -6.97513e-05 0.00934607 -0.0172363 -7.10442e-05 0.000312276 -0.0172363 0.0852656 
0.00947961 -0.017231 3.8826e-06 -5.91178e-05 -0.017231 0.0846498 -6.04747e-05 0.000312317 3.8826e-06 -6.04747e-05 0.00933454 -0.0172167 -5.91178e-05 0.000312317 -0.0172167 0.0851655 
0.00947556 -0.0172457 7.99559e-07 -4.3727e-05 -0.0172457 0.0847117 -4.95068e-05 0.000281319 7.99559e-07 -4.95068e-05 0.00934002 -0.0172163 -4.3727e-05 0.000281319 -0.0172163 0.0851637 
0.00946293 -0.0172374 -4.90903e-06 -4.15021e-05 -0.0172374 0.0847052 -4.81906e-05 0.000267885 -4.90903e-06 -4.81906e-05 0.00934719 -0.0172155 -4.15021e-05 0.000267885 -0.0172155 0.0851427 
0.00946636 -0.0172519 -2.05464e-05 -3.87065e-05 -0.0172519 0.0848222 -4.11662e-05 0.00026072 -2.05464e-05 -4.11662e-05 0.00937633 -0.0172558 -3.87065e-05 0.00026072 -0.0172558 0.0853042 
0.00947511 -0.0173352 -3.29154e-05 -2.28525e-05 -0.0173352 0.0852725 -2.0579e-05 0.000231873 -3.29154e-05 -2.0579e-05 0.00946902 -0.0173707 -2.28525e-05 0.000231873 -0.0173707 0.0858257 
0.00948977 -0.0173051 -4.20707e-05 -5.31672e-06 -0.0173051 0.0853019 -3.71425e-06 0.000187303 -4.20707e-05 -3.71425e-06 0.00948935 -0.0174476 -5.31672e-06 0.000187303 -0.0174476 0.0860548 
0.00953429 -0.0173404 -4.43294e-05 4.6153e-06 -0.0173404 0.0854467 4.85953e-06 0.000158837 -4.43294e-05 4.85953e-06 0.00949285 -0.0175074 4.6153e-06 0.000158837 -0.0175074 0.0863602 
0.00950808 -0.017277 -6.54617e-05 6.47613e-06 -0.017277 0.0850403 1.0587e-05 0.000140917 -6.54617e-05 1.0587e-05 0.00943583 -0.0174021 6.47613e-06 0.000140917 -0.0174021 0.0859494 
0.00948808 -0.0172307 -6.90653e-05 2.73996e-05 -0.0172307 0.0847322 3.05819e-05 0.000110526 -6.90653e-05 3.05819e-05 0.00938793 -0.0173113 2.73996e-05 0.000110526 -0.0173113 0.0855511 
0.00944814 -0.0172027 -4.45625e-05 3.50111e-05 -0.0172027 0.0845292 3.20913e-05 8.78012e-05 -4.45625e-05 3.20913e-05 0.00936829 -0.017245 3.50111e-05 8.78012e-05 -0.017245 0.0852454 
0.00941644 -0.0171617 -2.5545e-05 7.32264e-06 -0.0171617 0.0843809 1.84121e-06 0.000127163 -2.5545e-05 1.84121e-06 0.00936849 -0.0172192 7.32264e-06 0.000127163 -0.0172192 0.0850676 
0.00942215 -0.0171443 -9.24328e-06 -2.17015e-05 -0.0171443 0.084346 -2.6765e-05 0.000203153 -9.24328e-06 -2.6765e-05 0.00935885 -0.0172397 -2.17015e-05 0.000203153 -0.0172397 0.0850878 
0.00943339 -0.0171674 1.80854e-06 -4.11133e-05 -0.0171674 0.0844139 -4.6448e-05 0.000264776 1.80854e-06 -4.6448e-05 0.00936184 -0.0172424 -4.11133e-05 0.000264776 -0.0172424 0.0851479 
0.00943114 -0.0171992 -6.19003e-06 -5.5271e-05 -0.0171992 0.0845532 -6.08739e-05 0.000311049 -6.19003e-06 -6.08739e-05 0.00938195 -0.0172578 -5.5271e-05 0.000311049 -0.0172578 0.0852378 
0.00945415 -0.0172327 -2.14269e-05 -4.2504e-05 -0.0172327 0.0847898 -5.21398e-05 0.000311046 -2.14269e-05 -5.21398e-05 0.00940303 -0.0173186 -4.2504e-05 0.000311046 -0.0173186 0.0854927 
0.00940339 -0.017184 -2.1335e-05 -2.18952e-05 -0.017184 0.0845718 -3.5034e-05 0.000276652 -2.1335e-05 -3.5034e-05 0.00940366 -0.0172749 -2.18952e-05 0.000276652 -0.0172749 0.0853036 
0.00941445 -0.0171755 -2.43942e-05 -2.40237e-05 -0.0171755 0.0846424 -3.38744e-05 0.000261185 -2.43942e-05 -3.38744e-05 0.00941724 -0.0173273 -2.40237e-05 0.000261185 -0.0173273 0.0854747 
0.00942675 -0.0171813 -3.56169e-05 -2.91403e-05 -0.0171813 0.0846612 -3.34674e-05 0.000270431 -3.56169e-05 -3.34674e-05 0.00941423 -0.017341 -2.91403e-05 0.000270431 -0.017341 0.0855633 
0.00942729 -0.0171855 -3.69028e-05 -1.95533e-05 -0.0171855 0.0846533 -2.19205e-05 0.000264717 -3.69028e-05 -2.19205e-05 0.00941239 -0.0173307 -1.95533e-05 0.000264717 -0.0173307 0.085558 
0.00939604 -0.0171593 -2.07199e-05 -1.64259e-05 -0.0171593 0.0845166 -1.89772e-05 0.000254129 -2.07199e-05 -1.89772e-05 0.0094155 -0.0172924 -1.64259e-05 0.000254129 -0.0172924 0.0853849 
0.00939413 -0.0171281 -1.20722e-05 -3.2196e-05 -0.0171281 0.0844206 -3.7988e-05 0.000275315 -1.20722e-05 -3.7988e-05 0.00940678 -0.0172953 -3.2196e-05 0.000275315 -0.0172953 0.0853158 
0.00943803 -0.0171533 -1.67246e-05 -4.56859e-05 -0.0171533 0.084515 -4.81754e-05 0.000308995 -1.67246e-05 -4.81754e-05 0.00938443 -0.0173221 -4.56859e-05 0.000308995 -0.0173221 0.0854447 
0.00943184 -0.0171606 -1.22853e-05 -4.13392e-05 -0.0171606 0.0844107 -3.55573e-05 0.000304036 -1.22853e-05 -3.55573e-05 0.00934885 -0.0172442 -4.13392e-05 0.000304036 -0.0172442 0.0852137 
0.00941134 -0.017143 -1.64718e-06 -4.52569e-05 -0.017143 0.084296 -3.34806e-05 0.000292647 -1.64718e-06 -3.34806e-05 0.00931949 -0.0171799 -4.52569e-05 0.000292647 -0.0171799 0.0849444 
0.00941341 -0.0171111 -3.59688e-06 -5.83445e-05 -0.0171111 0.0841642 -4.15621e-05 0.000300033 -3.59688e-06 -4.15621e-05 0.00927234 -0.0171372 -5.83445e-05 0.000300033 -0.0171372 0.0847386 
0.00936607 -0.0170705 -5.54482e-06 -5.4321e-05 -0.0170705 0.083896 -4.10394e-05 0.000301354 -5.54482e-06 -4.10394e-05 0.00924125 -0.017042 -5.4321e-05 0.000301354 -0.017042 0.0843698 
0.00934281 -0.0170354 -8.65575e-06 -4.60566e-05 -0.0170354 0.0837851 -3.9043e-05 0.000287801 -8.65575e-06 -3.9043e-05 0.00922784 -0.0170153 -4.60566e-05 0.000287801 -0.0170153 0.0842098 
0.00932333 -0.0170011 -3.07591e-05 -3.69692e-05 -0.0170011 0.0836536 -3.80988e-05 0.000270956 -3.07591e-05 -3.80988e-05 0.0092183 -0.0169928 -3.69692e-05 0.000270956 -0.0169928 0.0840873 
0.00932013 -0.017002 -4.09844e-05 -8.86207e-06 -0.017002 0.0836745 -1.76434e-05 0.000230642 -4.09844e-05 -1.76434e-05 0.00922888 -0.0170036 -8.86207e-06 0.000230642 -0.0170036 0.084125 
0.00934664 -0.0170139 -3.58991e-05 6.37197e-06 -0.0170139 0.0837556 -4.40208e-06 0.000186057 -3.58991e-05 -4.40208e-06 0.00922895 -0.017031 6.37197e-06 0.000186057 -0.017031 0.0842317 
0.00935235 -0.0170219 -2.41592e-05 -1.63069e-06 -0.0170219 0.0837284 -1.03586e-05 0.000181439 -2.41592e-05 -1.03586e-05 0.00920177 -0.0170117 -1.63069e-06 0.000181439 -0.0170117 0.0841783 
0.00933419 -0.0170403 -1.70042e-05 -1.96779e-05 -0.0170403 0.0837819 -2.40352e-05 0.000209775 -1.70042e-05 -2.40352e-05 0.00920152 -0.0169856 -1.96779e-05 0.000209775 -0.0169856 0.0841397 
0.00930535 -0.016981 -1.08865e-05 -2.98284e-05 -0.016981 0.0835855 -3.12842e-05 0.0002371 -1.08865e-05 -3.12842e-05 0.00917297 -0.0169424 -2.98284e-05 0.0002371 -0.0169424 0.0839159 
0.00927229 -0.0169296 -1.91159e-05 -3.56385e-05 -0.0169296 0.0833614 -3.44353e-05 0.00024895 -1.91159e-05 -3.44353e-05 0.00914417 -0.0168908 -3.56385e-05 0.00024895 -0.0168908 0.0836878 
0.00924638 -0.0168955 -2.23156e-05 -2.33721e-05 -0.0168955 0.0832254 -2.48076e-05 0.000234137 -2.23156e-05 -2.48076e-05 0.00913873 -0.0168528 -2.33721e-05 0.000234137 -0.0168528 0.0835277 
0.0092362 -0.0168826 -2.42124e-05 -1.63006e-05 -0.0168826 0.0832058 -2.2233e-05 0.00021602 -2.42124e-05 -2.2233e-05 0.00915462 -0.0168603 -1.63006e-05 0.00021602 -0.0168603 0.0835211 
0.00925042 -0.0168874 -2.2564e-05 -1.53522e-05 -0.0168874 0.0832712 -2.00808e-05 0.000208641 -2.2564e-05 -2.00808e-05 0.00917036 -0.0169031 -1.53522e-05 0.000208641 -0.0169031 0.0836594 
0.00921833 -0.0168516 -2.86469e-05 -2.00144e-05 -0.0168516 0.0830674 -2.03716e-05 0.000209091 -2.86469e-05 -2.03716e-05 0.00917388 -0.01687 -2.00144e-05 0.000209091 -0.01687 0.0834932 
0.00919746 -0.0168307 -1.82368e-05 -1.51925e-05 -0.0168307 0.0830002 -1.06858e-05 0.000199962 -1.82368e-05 -1.06858e-05 0.00918721 -0.0168882 -1.51925e-05 0.000199962 -0.0168882 0.0834901 
0.00919503 -0.0168037 -2.35197e-07 -2.64485e-05 -0.0168037 0.0829292 -2.15089e-05 0.000209648 -2.35197e-07 -2.15089e-05 0.0091885 -0.016915 -2.64485e-05 0.000209648 -0.016915 0.0835508 
0.00920462 -0.016807 6.92599e-06 -4.9661e-05 -0.016807 0.0829122 -4.43236e-05 0.000253936 6.92599e-06 -4.43236e-05 0.00918607 -0.0169168 -4.9661e-05 0.000253936 -0.0169168 0.0835833 
0.00921127 -0.01682 -6.15544e-06 -5.91894e-05 -0.01682 0.0829333 -5.49937e-05 0.00029189 -6.15544e-06 -5.49937e-05 0.00918324 -0.0169162 -5.91894e-05 0.00029189 -0.0169162 0.0835953 
0.0091896 -0.0168053 -1.64862e-05 -4.12582e-05 -0.0168053 0.0828447 -4.02817e-05 0.000278772 -1.64862e-05 -4.02817e-05 0.0091798 -0.0168915 -4.12582e-05 0.000278772 -0.0168915 0.0834843 
0.00915077 -0.0167504 -1.31925e-05 -2.77562e-05 -0.0167504 0.0826177 -2.68105e-05 0.000245872 -1.31925e-05 -2.68105e-05 0.00917173 -0.0168564 -2.77562e-05 0.000245872 -0.0168564 0.0832762 
0.00912303 -0.0167349 -6.81607e-06 -3.01629e-05 -0.0167349 0.0825955 -2.70656e-05 0.000231175 -6.81607e-06 -2.70656e-05 0.00920119 -0.0168818 -3.01629e-05 0.000231175 -0.0168818 0.0833367 
0.00910702 -0.0166811 -6.97816e-06 -3.54436e-05 -0.0166811 0.0824358 -3.21033e-05 0.000232268 -6.97816e-06 -3.21033e-05 0.00920156 -0.0169016 -3.54436e-05 0.000232268 -0.0169016 0.0833345 
0.00910966 -0.016682 -8.03974e-06 -3.71882e-05 -0.016682 0.0824453 -3.47958e-05 0.00024057 -8.03974e-06 -3.47958e-05 0.00920757 -0.0169331 -3.71882e-05 0.00024057 -0.0169331 0.0834758 
0.00912817 -0.0166466 -1.9952e-05 -3.50592e-05 -0.0166466 0.0822723 -3.37528e-05 0.000239527 -1.9952e-05 -3.37528e-05 0.00914782 -0.0169029 -3.50592e-05 0.000239527 -0.0169029 0.083357 
0.00915078 -0.0166752 -3.46529e-05 -2.01225e-05 -0.0166752 0.0822529 -2.11842e-05 0.00021814 -3.46529e-05 -2.11842e-05 0.00909791 -0.0168261 -2.01225e-05 0.00021814 -0.0168261 0.0831789 
0.00915077 -0.01673 -3.17342e-05 -6.93386e-07 -0.01673 0.0824082 -3.7396e-06 0.000177985 -3.17342e-05 -3.7396e-06 0.00909485 -0.0167712 -6.93386e-07 0.000177985 -0.0167712 0.0830511 
0.00913012 -0.0167121 -2.04223e-05 6.7548e-09 -0.0167121 0.0823868 -6.26289e-06 0.000158866 -2.04223e-05 -6.26289e-06 0.00909391 -0.0167467 6.7548e-09 0.000158866 -0.0167467 0.0828922 
0.0091238 -0.0166854 -8.49943e-06 -1.13448e-05 -0.0166854 0.0823295 -1.95719e-05 0.000170508 -8.49943e-06 -1.95719e-05 0.00908777 -0.016753 -1.13448e-05 0.000170508 -0.016753 0.0828605 
0.00908535 -0.0166241 -3.42101e-06 -2.69234e-05 -0.0166241 0.0820262 -3.40581e-05 0.000201371 -3.42101e-06 -3.40581e-05 0.00905717 -0.0166946 -2.69234e-05 0.000201371 -0.0166946 0.0825868 
0.00909216 -0.0166171 -7.97253e-06 -3.43648e-05 -0.0166171 0.0820116 -3.94667e-05 0.000224125 -7.97253e-06 -3.94667e-05 0.00904035 -0.0166933 -3.43648e-05 0.000224125 -0.0166933 0.082585 
0.00912038 -0.0166349 -6.67506e-06 -3.06089e-05 -0.0166349 0.0820593 -3.29513e-05 0.000224505 -6.67506e-06 -3.29513e-05 0.00901009 -0.0166758 -3.06089e-05 0.000224505 -0.0166758 0.0825743 
0.00913091 -0.0166601 -1.95312e-05 -3.08657e-05 -0.0166601 0.0820903 -3.48723e-05 0.000222418 -1.95312e-05 -3.48723e-05 0.00898802 -0.016626 -3.08657e-05 0.000222418 -0.016626 0.0824506 
0.00909456 -0.0166553 -2.97753e-05 -1.45668e-05 -0.0166553 0.0820305 -1.94979e-05 0.000198678 -2.97753e-05 -1.94979e-05 0.00899043 -0.0165705 -1.45668e-05 0.000198678 -0.0165705 0.082224 
0.00973119 -0.0177976 -2.57049e-05 -9.68558e-07 -0.0177976 0.0877829 -3.747e-06 0.000171159 -2.57049e-05 -3.747e-06 0.00962285 -0.0177559 -9.68558e-07 0.000171159 -0.0177559 0.0879928 
0.00972703 -0.0177506 -2.48265e-05 -8.6947e-06 -0.0177506 0.0875477 -6.73129e-06 0.000158237 -2.48265e-05 -6.73129e-06 0.00958585 -0.0177137 -8.6947e-06 0.000158237 -0.0177137 0.0877848 
0.00971286 -0.0177449 -1.33332e-05 -1.39028e-05 -0.0177449 0.0874272 -5.90609e-06 0.000162144 -1.33332e-05 -5.90609e-06 0.00956765 -0.0176622 -1.39028e-05 0.000162144 -0.0176622 0.087591 
0.00971232 -0.0177734 -9.12059e-06 -2.85563e-05 -0.0177734 0.0875622 -2.03825e-05 0.000186483 -9.12059e-06 -2.03825e-05 0.00958468 -0.0176753 -2.85563e-05 0.000186483 -0.0176753 0.087646 
0.00969625 -0.0177898 2.66813e-06 -3.35482e-05 -0.0177898 0.0876947 -3.22381e-05 0.000216242 2.66813e-06 -3.22381e-05 0.00961632 -0.0177076 -3.35482e-05 0.000216242 -0.0177076 0.0877669 
0.00970942 -0.0177627 -2.31839e-06 -4.40772e-05 -0.0177627 0.0877007 -4.90222e-05 0.000248636 -2.31839e-06 -4.90222e-05 0.0096058 -0.0177528 -4.40772e-05 0.000248636 -0.0177528 0.0878999 
0.00909652 -0.0166277 2.75672e-06 -3.48195e-05 -0.0166277 0.0820523 -4.2571e-05 0.000240694 2.75672e-06 -4.2571e-05 0.00897135 -0.0165955 -3.48195e-05 0.000240694 -0.0165955 0.082269 
0.00910652 -0.0166627 -1.74144e-06 -3.82498e-05 -0.0166627 0.0821818 -4.89261e-05 0.000245947 -1.74144e-06 -4.89261e-05 0.00898097 -0.0165895 -3.82498e-05 0.000245947 -0.0165895 0.0823232 
0.00969164 -0.0177649 -1.28852e-05 -3.08983e-05 -0.0177649 0.0876439 -4.37366e-05 0.000247778 -1.28852e-05 -4.37366e-05 0.00960256 -0.0176851 -3.08983e-05 0.000247778 -0.0176851 0.0877499 
0.00967749 -0.0177384 -1.90718e-05 -2.2717e-05 -0.0177384 0.0875941 -2.8609e-05 0.000223699 -1.90718e-05 -2.8609e-05 0.00961272 -0.0177138 -2.2717e-05 0.000223699 -0.0177138 0.0877739 
0.00966323 -0.0177129 -4.03721e-05 -1.99304e-05 -0.0177129 0.0875061 -1.9067e-05 0.000205393 -4.03721e-05 -1.9067e-05 0.00961053 -0.0177247 -1.99304e-05 0.000205393 -0.0177247 0.0877943 
0.00963097 -0.0176588 -4.55804e-05 7.31934e-06 -0.0176588 0.087261 5.90062e-06 0.00015884 -4.55804e-05 5.90062e-06 0.00959212 -0.0176847 7.31934e-06 0.00015884 -0.0176847 0.0876112 
0.00963159 -0.0176395 -4.10221e-05 1.79646e-05 -0.0176395 0.0871918 1.30354e-05 0.00011873 -4.10221e-05 1.30354e-05 0.00957654 -0.0176808 1.79646e-05 0.00011873 -0.0176808 0.0875829 
0.00962048 -0.0176314 -4.38959e-05 8.99916e-06 -0.0176314 0.0871146 8.03028e-06 0.000119025 -4.38959e-05 8.03028e-06 0.0095711 -0.0176479 8.99916e-06 0.000119025 -0.0176479 0.0874751 
0.0096046 -0.0175979 -5.88967e-05 1.14351e-05 -0.0175979 0.0869597 1.44328e-05 0.000114529 -5.88967e-05 1.44328e-05 0.00955526 -0.0176175 1.14351e-05 0.000114529 -0.0176175 0.0872984 
0.00957807 -0.0175698 -5.75317e-05 3.23896e-05 -0.0175698 0.0868086 3.59225e-05 7.46827e-05 -5.75317e-05 3.59225e-05 0.00954268 -0.017585 3.23896e-05 7.46827e-05 -0.017585 0.0871298 
0.00953245 -0.017521 -4.91298e-05 3.39864e-05 -0.017521 0.0866056 3.6757e-05 4.74412e-05 -4.91298e-05 3.6757e-05 0.00954371 -0.0175513 3.39864e-05 4.74412e-05 -0.0175513 0.086938 
0.0095195 -0.0175106 -4.2195e-05 2.38783e-05 -0.0175106 0.0866544 2.85591e-05 5.16582e-05 -4.2195e-05 2.85591e-05 0.00956898 -0.0176031 2.38783e-05 5.16582e-05 -0.0176031 0.0870941 
0.00953548 -0.0175053 -2.7791e-05 1.44285e-05 -0.0175053 0.0867055 1.70604e-05 7.36837e-05 -2.7791e-05 1.70604e-05 0.00956418 -0.0176479 1.44285e-05 7.36837e-05 -0.0176479 0.0872805 
0.00953658 -0.0174885 -2.20932e-05 -4.73525e-06 -0.0174885 0.0865909 -5.01646e-06 0.000117057 -2.20932e-05 -5.01646e-06 0.00953334 -0.0176107 -4.73525e-06 0.000117057 -0.0176107 0.0871956 
0.00954502 -0.0174838 -1.77621e-05 -1.31889e-05 -0.0174838 0.0865198 -9.1076e-06 0.00014595 -1.77621e-05 -9.1076e-06 0.00949553 -0.0175644 -1.31889e-05 0.00014595 -0.0175644 0.0870572 
0.00952176 -0.0174605 3.65123e-07 -2.12707e-05 -0.0174605 0.0863384 -1.11201e-05 0.000162323 3.65123e-07 -1.11201e-05 0.00947346 -0.017479 -2.12707e-05 0.000162323 -0.017479 0.0867371 
0.00950208 -0.0174414 8.04139e-06 -4.39176e-05 -0.0174414 0.086249 -3.1719e-05 0.000200289 8.04139e-06 -3.1719e-05 0.00946479 -0.0174508 -4.39176e-05 0.000200289 -0.0174508 0.0865574 
0.00950886 -0.0174335 1.23528e-06 -4.92729e-05 -0.0174335 0.0862469 -4.19389e-05 0.000228128 1.23528e-06 -4.19389e-05 0.00945217 -0.0174593 -4.92729e-05 0.000228128 -0.0174593 0.0865572 
0.00951336 -0.0174368 -9.61597e-06 -3.59536e-05 -0.0174368 0.0862304 -3.15949e-05 0.0002134 -9.61597e-06 -3.15949e-05 0.00944414 -0.0174397 -3.59536e-05 0.0002134 -0.0174397 0.0865142 
0.00953448 -0.0174779 -2.44691e-05 -2.23353e-05 -0.0174779 0.0864065 -1.69091e-05 0.000180053 -2.44691e-05 -1.69091e-05 0.00945745 -0.0174635 -2.23353e-05 0.000180053 -0.0174635 0.0866445 
0.00950619 -0.0174486 -3.46571e-05 -2.16889e-06 -0.0174486 0.0862547 3.3948e-06 0.000130713 -3.46571e-05 3.3948e-06 0.00945543 -0.0174253 -2.16889e-06 0.000130713 -0.0174253 0.0864613 
0.00949579 -0.0174614 -2.50429e-05 1.3372e-05 -0.0174614 0.0863684 1.73071e-05 8.47785e-05 -2.50429e-05 1.73071e-05 0.0094906 -0.0174757 1.3372e-05 8.47785e-05 -0.0174757 0.0866295 
0.00948246 -0.017401 -1.61705e-06 4.3374e-06 -0.017401 0.0861641 5.30522e-06 8.0148e-05 -1.61705e-06 5.30522e-06 0.0094662 -0.0174761 4.3374e-06 8.0148e-05 -0.0174761 0.0865581 
0.00947976 -0.0173915 7.38498e-06 -2.40986e-05 -0.0173915 0.0860813 -2.58447e-05 0.000130489 7.38498e-06 -2.58447e-05 0.00945123 -0.0174556 -2.40986e-05 0.000130489 -0.0174556 0.086523 
0.00946581 -0.0173638 -6.5317e-06 -3.50274e-05 -0.0173638 0.0859133 -4.17544e-05 0.000178469 -6.5317e-06 -4.17544e-05 0.00942359 -0.0174006 -3.50274e-05 0.000178469 -0.0174006 0.0863036 
0.00946266 -0.017333 -2.33947e-05 -1.64685e-05 -0.017333 0.0857471 -2.49547e-05 0.000167797 -2.33947e-05 -2.49547e-05 0.00938642 -0.0173545 -1.64685e-05 0.000167797 -0.0173545 0.0860868 
0.00945063 -0.0173343 -2.73877e-05 5.28327e-06 -0.0173343 0.0856943 -1.16416e-06 0.000118596 -2.73877e-05 -1.16416e-06 0.00937846 -0.0173207 5.28327e-06 0.000118596 -0.0173207 0.0859681 
0.00942488 -0.0173199 -3.2024e-05 8.00904e-06 -0.0173199 0.0856485 6.07233e-06 8.74731e-05 -3.2024e-05 6.07233e-06 0.00939674 -0.0173121 8.00904e-06 8.74731e-05 -0.0173121 0.0859019 
0.00941688 -0.0172687 -1.28957e-05 9.81001e-06 -0.0172687 0.0854789 1.15081e-05 7.53128e-05 -1.28957e-05 1.15081e-05 0.00938303 -0.0173178 9.81001e-06 7.53128e-05 -0.0173178 0.0858236 
0.00938535 -0.0172421 -9.56466e-06 -1.5031e-05 -0.0172421 0.085303 -6.9009e-06 0.00010172 -9.56466e-06 -6.9009e-06 0.00938848 -0.0172913 -1.5031e-05 0.00010172 -0.0172913 0.0857046 
0.00936877 -0.017189 -2.2664e-05 -2.42246e-05 -0.017189 0.0850896 -1.16395e-05 0.000132099 -2.2664e-05 -1.16395e-05 0.00936351 -0.0172794 -2.42246e-05 0.000132099 -0.0172794 0.0855652 
0.00938657 -0.0172024 -2.16862e-05 -3.85955e-06 -0.0172024 0.0851191 9.14253e-06 0.000104996 -2.16862e-05 9.14253e-06 0.00934465 -0.0172805 -3.85955e-06 0.000104996 -0.0172805 0.0856112 
0.00941022 -0.0172902 -2.55802e-05 2.53909e-06 -0.0172902 0.0854896 1.36542e-05 7.13375e-05 -2.55802e-05 1.36542e-05 0.00937724 -0.0173179 2.53909e-06 7.13375e-05 -0.0173179 0.085894 
0.00942133 -0.0173093 -1.06195e-05 9.75536e-06 -0.0173093 0.0856492 1.63017e-05 4.98882e-05 -1.06195e-05 1.63017e-05 0.00939333 -0.0173373 9.75536e-06 4.98882e-05 -0.0173373 0.0859938 
0.00943812 -0.017349 -4.19236e-06 -7.63827e-06 -0.017349 0.085873 -7.88446e-06 7.45962e-05 -4.19236e-06 -7.88446e-06 0.00942927 -0.0173843 -7.63827e-06 7.45962e-05 -0.0173843 0.0862142 
0.00946586 -0.0173661 1.12451e-06 -1.44117e-05 -0.0173661 0.0859922 -1.92645e-05 0.000104619 1.12451e-06 -1.92645e-05 0.00943986 -0.0174243 -1.44117e-05 0.000104619 -0.0174243 0.0863682 
0.00949169 -0.0174245 -4.67002e-07 -2.08236e-05 -0.0174245 0.0862282 -2.62487e-05 0.000125875 -4.67002e-07 -2.62487e-05 0.00946847 -0.0174674 -2.08236e-05 0.000125875 -0.0174674 0.0866043 
0.00952626 -0.0174812 -2.66348e-05 -1.96935e-05 -0.0174812 0.0865224 -2.18018e-05 0.0001287 -2.66348e-05 -2.18018e-05 0.00949922 -0.0175369 -1.96935e-05 0.0001287 -0.0175369 0.0869276 
0.00957172 -0.0175272 -2.77691e-05 9.62565e-06 -0.0175272 0.0867432 1.15651e-05 8.15234e-05 -2.77691e-05 1.15651e-05 0.00949793 -0.0175815 9.62565e-06 8.15234e-05 -0.0175815 0.0871713 
0.00957962 -0.0175333 -7.33926e-06 1.25952e-05 -0.0175333 0.0866887 1.57936e-05 4.56907e-05 -7.33926e-06 1.57936e-05 0.00947366 -0.0175303 1.25952e-05 4.56907e-05 -0.0175303 0.0870372 
0.00961488 -0.0175949 -5.6081e-06 -1.05887e-05 -0.0175949 0.0869344 -8.22432e-06 7.03598e-05 -5.6081e-06 -8.22432e-06 0.00948166 -0.0175447 -1.05887e-05 7.03598e-05 -0.0175447 0.0871596 
0.00963603 -0.0176403 -4.41878e-06 -1.68523e-05 -0.0176403 0.0871237 -1.3356e-05 0.000100765 -4.41878e-06 -1.3356e-05 0.00949193 -0.0175574 -1.68523e-05 0.000100765 -0.0175574 0.0872492 
0.00961882 -0.017643 -8.70748e-06 -1.81404e-05 -0.017643 0.0871296 -1.00016e-05 0.000106114 -8.70748e-06 -1.00016e-05 0.00950542 -0.0175423 -1.81404e-05 0.000106114 -0.0175423 0.087184 
0.00957936 -0.0175395 -1.11785e-05 -1.29862e-05 -0.0175395 0.0866987 -1.93338e-06 9.30255e-05 -1.11785e-05 -1.93338e-06 0.00948144 -0.0174846 -1.29862e-05 9.30255e-05 -0.0174846 0.0868072 
0.00957408 -0.0174764 4.534e-06 -8.80409e-06 -0.0174764 0.0863564 2.12617e-06 7.75296e-05 4.534e-06 2.12617e-06 0.00943636 -0.0174508 -8.80409e-06 7.75296e-05 -0.0174508 0.0865614 
0.00958998 -0.0174908 -2.16322e-06 -2.51632e-05 -0.0174908 0.0862889 -1.49963e-05 9.36143e-05 -2.16322e-06 -1.49963e-05 0.00940902 -0.0174187 -2.51632e-05 9.36143e-05 -0.0174187 0.0864639 
0.00961969 -0.0175839 -2.22168e-05 -2.10133e-05 -0.0175839 0.0866415 -1.05612e-05 0.000103028 -2.22168e-05 -1.05612e-05 0.00942607 -0.0174517 -2.10133e-05 0.000103028 -0.0174517 0.0866902 
0.00959644 -0.0175918 -4.65699e-05 6.07023e-06 -0.0175918 0.0867022 1.55348e-05 6.02108e-05 -4.65699e-05 1.55348e-05 0.00944489 -0.0174367 6.07023e-06 6.02108e-05 -0.0174367 0.08665 
0.00961062 -0.0176004 -4.98184e-05 3.61781e-05 -0.0176004 0.0868658 4.39112e-05 -5.99299e-06 -4.98184e-05 4.39112e-05 0.00946514 -0.0174986 3.61781e-05 -5.99299e-06 -0.0174986 0.0868625 
0.00960075 -0.0176375 -4.87442e-05 4.40119e-05 -0.0176375 0.0870791 4.90708e-05 -4.85157e-05 -4.87442e-05 4.90708e-05 0.00952647 -0.0175609 4.40119e-05 -4.85157e-05 -0.0175609 0.0871747 
0.00958345 -0.0175942 -2.27896e-05 4.56218e-05 -0.0175942 0.0870139 4.52137e-05 -6.05702e-05 -2.27896e-05 4.52137e-05 0.00956665 -0.017608 4.56218e-05 -6.05702e-05 -0.017608 0.0872871 
0.00957689 -0.0175696 -6.43958e-06 1.65961e-05 -0.0175696 0.0869455 9.54742e-06 -1.25251e-05 -6.43958e-06 9.54742e-06 0.00958856 -0.0176635 1.65961e-05 -1.25251e-05 -0.0176635 0.0874411 
0.00956415 -0.017504 -3.10042e-06 -6.18685e-06 -0.017504 0.0866266 -1.59371e-05 5.59563e-05 -3.10042e-06 -1.59371e-05 0.00956225 -0.0176372 -6.18685e-06 5.59563e-05 -0.0176372 0.0872819 
0.00955421 -0.0175118 -1.41194e-05 -1.08899e-05 -0.0175118 0.0865718 -1.86329e-05 8.86041e-05 -1.41194e-05 -1.86329e-05 0.00956143 -0.017624 -1.08899e-05 8.86041e-05 -0.017624 0.0872496 
0.00956222 -0.0175038 -2.22138e-05 2.32534e-06 -0.0175038 0.0865432 -4.54712e-06 7.67045e-05 -2.22138e-05 -4.54712e-06 0.00954409 -0.0176195 2.32534e-06 7.67045e-05 -0.0176195 0.0872118 
0.00954602 -0.0174915 -2.12107e-05 1.52282e-05 -0.0174915 0.0864194 9.30212e-06 4.22142e-05 -2.12107e-05 9.30212e-06 0.00952753 -0.0175651 1.52282e-05 4.22142e-05 -0.0175651 0.0870087 
0.00957165 -0.0175279 -1.14807e-05 1.42706e-05 -0.0175279 0.0866155 1.276e-05 2.23916e-05 -1.14807e-05 1.276e-05 0.00954282 -0.0176064 1.42706e-05 2.23916e-05 -0.0176064 0.0871783 
0.00959891 -0.0175644 -1.93804e-06 -2.49956e-06 -0.0175644 0.0867737 1.86589e-06 3.99989e-05 -1.93804e-06 1.86589e-06 0.00955716 -0.0176334 -2.49956e-06 3.99989e-05 -0.0176334 0.0873235 
0.00963641 -0.0176208 1.36802e-05 -1.92258e-05 -0.0176208 0.087014 -1.06617e-05 7.64289e-05 1.36802e-05 -1.06617e-05 0.00956486 -0.0176784 -1.92258e-05 7.64289e-05 -0.0176784 0.0875494 
0.00966496 -0.0176761 1.56502e-05 -3.81798e-05 -0.0176761 0.0872464 -3.02554e-05 0.000121818 1.56502e-05 -3.02554e-05 0.00957077 -0.017704 -3.81798e-05 0.000121818 -0.017704 0.0877395 
0.00966394 -0.0176554 4.67127e-06 -4.07949e-05 -0.0176554 0.0871375 -3.68837e-05 0.0001502 4.67127e-06 -3.68837e-05 0.00954303 -0.0176579 -4.07949e-05 0.0001502 -0.0176579 0.0875729 
