0.00663289 0 -9.48395e-05 0 0 0.00937264 0 0 -9.48395e-05 0 0.00661056 0 0 0 0 0.00937264 
0.00973351 -0.0120826 -0.000107933 0.000129679 -0.0120826 0.0320653 0.000129679 -0.000248743 -0.000107933 0.000129679 0.00968302 -0.0120182 0.000129679 -0.000248743 -0.0120182 0.0319415 
0.00919927 -0.0172012 -7.16557e-05 4.80297e-05 -0.0172012 0.0633808 4.80297e-05 -0.000124948 -7.16557e-05 4.80297e-05 0.00916464 -0.0170451 4.80297e-05 -0.000124948 -0.0170451 0.0628633 
0.00868435 -0.0169233 -5.87162e-05 -7.34033e-05 -0.0169233 0.0760045 -7.49468e-05 0.000563338 -5.87162e-05 -7.49468e-05 0.0087268 -0.0167565 -7.34033e-05 0.000563338 -0.0167565 0.075126 
0.00911432 -0.0171912 -4.73757e-05 -7.43701e-05 -0.0171912 0.0833078 -7.75827e-05 0.000898969 -4.73757e-05 -7.75827e-05 0.00922769 -0.0171461 -7.43701e-05 0.000898969 -0.0171461 0.0825213 
0.00888752 -0.0164139 -3.53595e-05 -4.33285e-05 -0.0164139 0.0810349 -4.38606e-05 0.000719246 -3.53595e-05 -4.38606e-05 0.00900022 -0.0164941 -4.33285e-05 0.000719246 -0.0164941 0.0806963 
0.009401 -0.0172056 -2.31506e-05 -3.62373e-05 -0.0172056 0.0851054 -3.62476e-05 0.000554487 -2.31506e-05 -3.62476e-05 0.00943909 -0.017322 -3.62373e-05 0.000554487 -0.017322 0.0850732 
0.00915435 -0.0167289 -8.99556e-06 -4.55478e-05 -0.0167289 0.0826087 -4.48506e-05 0.00044009 -8.99556e-06 -4.48506e-05 0.00911885 -0.0167478 -4.55478e-05 0.00044009 -0.0167478 0.0825635 
0.00963234 -0.0176198 2.92917e-06 -7.08652e-05 -0.0176198 0.0868929 -7.11353e-05 0.000460764 2.92917e-06 -7.11353e-05 0.00955761 -0.0175203 -7.08652e-05 0.000460764 -0.0175203 0.0865961 
0.00945454 -0.0173707 3.55167e-06 -8.71556e-05 -0.0173707 0.0856134 -9.17473e-05 0.000493039 3.55167e-06 -9.17473e-05 0.00943036 -0.0172037 -8.71556e-05 0.000493039 -0.0172037 0.0850753 
0.00934519 -0.017159 -8.96361e-06 -8.95905e-05 -0.017159 0.0846867 -9.84137e-05 0.000521008 -8.96361e-06 -9.84137e-05 0.00935258 -0.0170457 -8.95905e-05 0.000521008 -0.0170457 0.084127 
0.00927903 -0.0170256 -2.25838e-05 -7.48026e-05 -0.0170256 0.0840392 -8.38078e-05 0.000509993 -2.25838e-05 -8.38078e-05 0.00930716 -0.0169607 -7.48026e-05 0.000509993 -0.0169607 0.0835789 
0.0092687 -0.0169985 -2.00482e-05 -5.9958e-05 -0.0169985 0.0838875 -6.55289e-05 0.000478375 -2.00482e-05 -6.55289e-05 0.00929169 -0.0169744 -5.9958e-05 0.000478375 -0.0169744 0.0835508 
0.00928211 -0.0170212 -2.54889e-05 -5.89176e-05 -0.0170212 0.0839626 -6.15202e-05 0.000454784 -2.54889e-05 -6.15202e-05 0.00927743 -0.0169935 -5.89176e-05 0.000454784 -0.0169935 0.0836756 
0.00929455 -0.0170566 -2.25272e-05 -5.05722e-05 -0.0170566 0.0841137 -5.17814e-05 0.000429886 -2.25272e-05 -5.17814e-05 0.00927288 -0.0169985 -5.05722e-05 0.000429886 -0.0169985 0.0837985 
0.00928621 -0.0170875 -2.89223e-05 -5.47649e-05 -0.0170875 0.0842738 -5.41596e-05 0.000422248 -2.89223e-05 -5.41596e-05 0.00929273 -0.0170001 -5.47649e-05 0.000422248 -0.0170001 0.0838856 
0.00926048 -0.0170632 -4.17518e-05 -4.39833e-05 -0.0170632 0.084255 -4.1057e-05 0.000396102 -4.17518e-05 -4.1057e-05 0.00930123 -0.0170032 -4.39833e-05 0.000396102 -0.0170032 0.0838694 
0.00922721 -0.0169926 -5.15652e-05 -2.65967e-05 -0.0169926 0.0840116 -2.39811e-05 0.000352875 -5.15652e-05 -2.39811e-05 0.00928965 -0.0169812 -2.65967e-05 0.000352875 -0.0169812 0.0837224 
0.0092093 -0.0169401 -6.81342e-05 -1.03923e-05 -0.0169401 0.0837985 -7.39007e-06 0.000301702 -6.81342e-05 -7.39007e-06 0.00928039 -0.01697 -1.03923e-05 0.000301702 -0.01697 0.0836372 
0.00919071 -0.0169049 -7.67546e-05 9.05726e-06 -0.0169049 0.0836149 1.39784e-05 0.000248855 -7.67546e-05 1.39784e-05 0.0092638 -0.0169526 9.05726e-06 0.000248855 -0.0169526 0.083544 
0.00914384 -0.0168362 -9.08594e-05 1.89655e-05 -0.0168362 0.0832729 2.52685e-05 0.000208976 -9.08594e-05 2.52685e-05 0.00924792 -0.0168872 1.89655e-05 0.000208976 -0.0168872 0.0832419 
0.00911812 -0.0167769 -9.21321e-05 3.3535e-05 -0.0167769 0.0830117 3.90887e-05 0.000175071 -9.21321e-05 3.90887e-05 0.00923459 -0.0168602 3.3535e-05 0.000175071 -0.0168602 0.0830357 
0.00913535 -0.0167759 -7.02676e-05 3.6956e-05 -0.0167759 0.0829957 4.24091e-05 0.000154929 -7.02676e-05 4.24091e-05 0.00921544 -0.0168808 3.6956e-05 0.000154929 -0.0168808 0.083089 
0.00915892 -0.0168049 -3.00269e-05 1.00654e-05 -0.0168049 0.0830615 1.32404e-05 0.000193373 -3.00269e-05 1.32404e-05 0.0091898 -0.0168682 1.00654e-05 0.000193373 -0.0168682 0.0831213 
0.00919578 -0.0168707 -1.3307e-05 -3.73265e-05 -0.0168707 0.08331 -3.81047e-05 0.000291334 -1.3307e-05 -3.81047e-05 0.00917997 -0.0168649 -3.73265e-05 0.000291334 -0.0168649 0.0832295 
0.00918894 -0.0168877 -1.70415e-05 -5.67098e-05 -0.0168877 0.0833484 -6.22203e-05 0.000371342 -1.70415e-05 -6.22203e-05 0.00917942 -0.016817 -5.67098e-05 0.000371342 -0.016817 0.083093 
0.00922188 -0.0169486 -3.97875e-05 -5.00096e-05 -0.0169486 0.0836829 -5.69733e-05 0.000388229 -3.97875e-05 -5.69733e-05 0.00921203 -0.0168752 -5.00096e-05 0.000388229 -0.0168752 0.0833358 
0.00923251 -0.0169598 -6.58117e-05 -1.70958e-05 -0.0169598 0.0837491 -2.66322e-05 0.00033493 -6.58117e-05 -2.66322e-05 0.0092145 -0.0168842 -1.70958e-05 0.00033493 -0.0168842 0.0833687 
0.00923117 -0.0169562 -7.04542e-05 1.79022e-05 -0.0169562 0.0837176 7.49812e-06 0.000249439 -7.04542e-05 7.49812e-06 0.00920933 -0.0168704 1.79022e-05 0.000249439 -0.0168704 0.0833075 
0.00920485 -0.0169547 -4.30877e-05 2.99141e-05 -0.0169547 0.0837016 1.76422e-05 0.000188469 -4.30877e-05 1.76422e-05 0.00922076 -0.0168609 2.99141e-05 0.000188469 -0.0168609 0.0832593 
0.00918514 -0.0169111 -2.20638e-05 -3.57891e-06 -0.0169111 0.0835884 -1.72052e-05 0.000221273 -2.20638e-05 -1.72052e-05 0.00920832 -0.0168629 -3.57891e-06 0.000221273 -0.0168629 0.0832022 
0.00915464 -0.0168564 -9.27267e-06 -3.17851e-05 -0.0168564 0.0833647 -4.41545e-05 0.000286962 -9.27267e-06 -4.41545e-05 0.00919711 -0.0168331 -3.17851e-05 0.000286962 -0.0168331 0.0830683 
0.0091515 -0.0168298 -1.85657e-05 -4.81882e-05 -0.0168298 0.0832601 -6.0209e-05 0.000338801 -1.85657e-05 -6.0209e-05 0.00920091 -0.0168277 -4.81882e-05 0.000338801 -0.0168277 0.0830264 
0.00917385 -0.0168517 -2.43019e-05 -4.015e-05 -0.0168517 0.083328 -5.07126e-05 0.000348172 -2.43019e-05 -5.07126e-05 0.00921498 -0.0168517 -4.015e-05 0.000348172 -0.0168517 0.0831157 
0.00920047 -0.0168804 -2.21323e-05 -3.19542e-05 -0.0168804 0.0834042 -4.02968e-05 0.000328793 -2.21323e-05 -4.02968e-05 0.00919759 -0.0168626 -3.19542e-05 0.000328793 -0.0168626 0.0831554 
0.00919013 -0.0168924 -1.99357e-05 -3.67271e-05 -0.0168924 0.0833813 -4.17748e-05 0.000324076 -1.99357e-05 -4.17748e-05 0.00918766 -0.0168167 -3.67271e-05 0.000324076 -0.0168167 0.0830167 
0.00916669 -0.01689 3.96771e-08 -4.04802e-05 -0.01689 0.0833942 -4.13703e-05 0.000327498 3.96771e-08 -4.13703e-05 0.00920272 -0.0168085 -4.04802e-05 0.000327498 -0.0168085 0.0829536 
0.00915065 -0.0168774 -1.844e-07 -6.65939e-05 -0.0168774 0.0834172 -6.44827e-05 0.000366541 -1.844e-07 -6.44827e-05 0.00921622 -0.0168337 -6.65939e-05 0.000366541 -0.0168337 0.0830008 
0.00913818 -0.0168335 -1.33312e-05 -6.81017e-05 -0.0168335 0.0832759 -6.59935e-05 0.000391898 -1.33312e-05 -6.59935e-05 0.0091953 -0.0168283 -6.81017e-05 0.000391898 -0.0168283 0.0829401 
0.00913978 -0.016814 -3.21697e-05 -5.1507e-05 -0.016814 0.0831731 -4.88574e-05 0.000370876 -3.21697e-05 -4.88574e-05 0.00917013 -0.0168016 -5.1507e-05 0.000370876 -0.0168016 0.0828628 
0.00913165 -0.0167994 -4.21018e-05 -2.65741e-05 -0.0167994 0.0830564 -2.5275e-05 0.000318712 -4.21018e-05 -2.5275e-05 0.00915003 -0.0167551 -2.65741e-05 0.000318712 -0.0167551 0.0826994 
0.00910232 -0.0167766 -4.81905e-05 -1.23178e-05 -0.0167766 0.082921 -1.42288e-05 0.000274654 -4.81905e-05 -1.42288e-05 0.00914425 -0.0167137 -1.23178e-05 0.000274654 -0.0167137 0.0825074 
0.00909054 -0.0167573 -4.22412e-05 -1.72524e-06 -0.0167573 0.0828932 -5.91838e-06 0.00024222 -4.22412e-05 -5.91838e-06 0.00914822 -0.0167308 -1.72524e-06 0.00024222 -0.0167308 0.0825225 
0.00907305 -0.0167267 -2.63676e-05 -5.31316e-06 -0.0167267 0.0827854 -9.82336e-06 0.000228916 -2.63676e-05 -9.82336e-06 0.0091509 -0.0167305 -5.31316e-06 0.000228916 -0.0167305 0.0825053 
0.00910131 -0.0167326 -1.42312e-05 -2.325e-05 -0.0167326 0.0828492 -2.60074e-05 0.000250342 -1.42312e-05 -2.60074e-05 0.00913637 -0.0167687 -2.325e-05 0.000250342 -0.0167687 0.082667 
0.00909256 -0.0167158 -1.86476e-05 -3.99197e-05 -0.0167158 0.082685 -3.98341e-05 0.00028395 -1.86476e-05 -3.98341e-05 0.00910375 -0.0167044 -3.99197e-05 0.00028395 -0.0167044 0.082479 
0.00909957 -0.016741 -1.92555e-05 -3.62577e-05 -0.016741 0.0827737 -3.20125e-05 0.000288939 -1.92555e-05 -3.20125e-05 0.00909366 -0.0166933 -3.62577e-05 0.000288939 -0.0166933 0.0824763 
0.00909807 -0.0167493 -3.02342e-05 -3.57244e-05 -0.0167493 0.0828245 -2.8634e-05 0.000281693 -3.02342e-05 -2.8634e-05 0.00909462 -0.0166808 -3.57244e-05 0.000281693 -0.0166808 0.082461 
0.00908146 -0.0166988 -3.39566e-05 -2.09675e-05 -0.0166988 0.0826074 -1.52857e-05 0.000254685 -3.39566e-05 -1.52857e-05 0.00906701 -0.0166359 -2.09675e-05 0.000254685 -0.0166359 0.0822335 
0.00905553 -0.0166815 -3.1687e-05 -1.34309e-05 -0.0166815 0.0824865 -1.22089e-05 0.000232246 -3.1687e-05 -1.22089e-05 0.00907052 -0.0166019 -1.34309e-05 0.000232246 -0.0166019 0.0820842 
0.0090474 -0.016689 -3.08715e-05 -1.25226e-05 -0.016689 0.0825685 -1.38583e-05 0.000222556 -3.08715e-05 -1.38583e-05 0.00910006 -0.0166384 -1.25226e-05 0.000222556 -0.0166384 0.0821875 
0.0090542 -0.0166858 -3.08291e-05 -1.24284e-05 -0.0166858 0.0826197 -1.35163e-05 0.000216808 -3.08291e-05 -1.35163e-05 0.00911672 -0.0166815 -1.24284e-05 0.000216808 -0.0166815 0.0823267 
0.00906491 -0.0167201 -2.84438e-05 -1.82498e-05 -0.0167201 0.0827845 -1.85519e-05 0.000229224 -2.84438e-05 -1.85519e-05 0.00915407 -0.0167299 -1.82498e-05 0.000229224 -0.0167299 0.0825559 
0.00909228 -0.0167347 -2.77542e-05 -2.62981e-05 -0.0167347 0.0829014 -2.26562e-05 0.000249916 -2.77542e-05 -2.26562e-05 0.00916686 -0.0167853 -2.62981e-05 0.000249916 -0.0167853 0.0827657 
0.00909398 -0.0167104 -1.51066e-05 -3.40619e-05 -0.0167104 0.0827399 -2.39439e-05 0.000270977 -1.51066e-05 -2.39439e-05 0.00915274 -0.0167637 -3.40619e-05 0.000270977 -0.0167637 0.0826807 
0.00909728 -0.0167219 -2.03725e-05 -4.92026e-05 -0.0167219 0.0827175 -3.37135e-05 0.000297551 -2.03725e-05 -3.37135e-05 0.00913732 -0.0167545 -4.92026e-05 0.000297551 -0.0167545 0.0826538 
0.00909557 -0.0167184 -4.34349e-05 -4.07569e-05 -0.0167184 0.0826722 -2.71831e-05 0.000296546 -4.34349e-05 -2.71831e-05 0.00912492 -0.0167265 -4.07569e-05 0.000296546 -0.0167265 0.0825636 
0.00908519 -0.0167323 -4.739e-05 -1.17678e-05 -0.0167323 0.0827164 -1.02873e-06 0.000252118 -4.739e-05 -1.02873e-06 0.00913394 -0.0167208 -1.17678e-05 0.000252118 -0.0167208 0.0825489 
0.00908185 -0.0167507 -3.74918e-05 -6.26603e-06 -0.0167507 0.0828637 1.71219e-06 0.000223499 -3.74918e-05 1.71219e-06 0.0091617 -0.0167584 -6.26603e-06 0.000223499 -0.0167584 0.0826966 
0.0090899 -0.016744 -3.28282e-05 -2.03539e-05 -0.016744 0.082904 -1.44242e-05 0.000242637 -3.28282e-05 -1.44242e-05 0.00915829 -0.0167859 -2.03539e-05 0.000242637 -0.0167859 0.0827934 
0.00910498 -0.0167618 -1.91821e-05 -2.97517e-05 -0.0167618 0.0829932 -2.55571e-05 0.000276974 -1.91821e-05 -2.55571e-05 0.00916968 -0.0168031 -2.97517e-05 0.000276974 -0.0168031 0.0829256 
0.00912183 -0.0167969 -2.33353e-05 -4.4469e-05 -0.0167969 0.0831535 -4.35115e-05 0.000317194 -2.33353e-05 -4.35115e-05 0.00919666 -0.0168361 -4.4469e-05 0.000317194 -0.0168361 0.0831 
0.00916611 -0.0168541 -3.78205e-05 -3.69359e-05 -0.0168541 0.0834456 -4.10818e-05 0.000328046 -3.78205e-05 -4.10818e-05 0.00921562 -0.016907 -3.69359e-05 0.000328046 -0.016907 0.0834215 
0.00916059 -0.0168411 -3.04276e-05 -1.64591e-05 -0.0168411 0.0833449 -2.30783e-05 0.000296907 -3.04276e-05 -2.30783e-05 0.00920584 -0.0168735 -1.64591e-05 0.000296907 -0.0168735 0.0833196 
0.00911335 -0.0167363 -2.3168e-05 -2.20783e-05 -0.0167363 0.0828056 -2.87855e-05 0.000283032 -2.3168e-05 -2.87855e-05 0.00915618 -0.0167615 -2.20783e-05 0.000283032 -0.0167615 0.0827629 
0.0091028 -0.0167277 -1.43803e-05 -3.11551e-05 -0.0167277 0.0827056 -3.63314e-05 0.00029467 -1.43803e-05 -3.63314e-05 0.00914608 -0.0167475 -3.11551e-05 0.00029467 -0.0167475 0.0826452 
0.00911356 -0.016756 -1.00702e-05 -4.40666e-05 -0.016756 0.0828282 -4.90945e-05 0.000323936 -1.00702e-05 -4.90945e-05 0.00914577 -0.0167671 -4.40666e-05 0.000323936 -0.0167671 0.0827341 
0.00912636 -0.0168048 -5.78245e-06 -4.95298e-05 -0.0168048 0.0830773 -5.34079e-05 0.000344343 -5.78245e-06 -5.34079e-05 0.00917384 -0.0168031 -4.95298e-05 0.000344343 -0.0168031 0.0829491 
0.0091512 -0.016867 -5.92629e-06 -5.60086e-05 -0.016867 0.0834377 -5.60659e-05 0.00035751 -5.92629e-06 -5.60659e-05 0.00922214 -0.0168763 -5.60086e-05 0.00035751 -0.0168763 0.0832979 
0.00914565 -0.0168213 -7.12489e-06 -5.98648e-05 -0.0168213 0.0832791 -5.81201e-05 0.000369974 -7.12489e-06 -5.81201e-05 0.00921078 -0.016863 -5.98648e-05 0.000369974 -0.016863 0.0831934 
0.00912854 -0.0167885 -2.14594e-05 -5.58708e-05 -0.0167885 0.0830694 -5.57875e-05 0.000367107 -2.14594e-05 -5.57875e-05 0.0091922 -0.0168225 -5.58708e-05 0.000367107 -0.0168225 0.0829979 
0.00914002 -0.0167755 -3.57892e-05 -3.6776e-05 -0.0167755 0.0829696 -3.75159e-05 0.000334023 -3.57892e-05 -3.75159e-05 0.00915553 -0.0167945 -3.6776e-05 0.000334023 -0.0167945 0.0828567 
0.00917121 -0.0168125 -3.87482e-05 -1.58631e-05 -0.0168125 0.0830518 -1.98843e-05 0.000284896 -3.87482e-05 -1.98843e-05 0.00912142 -0.016767 -1.58631e-05 0.000284896 -0.016767 0.0828082 
0.00917518 -0.0168676 -3.75022e-05 -9.43026e-06 -0.0168676 0.0832237 -1.61911e-05 0.000255159 -3.75022e-05 -1.61911e-05 0.00911633 -0.0167323 -9.43026e-06 0.000255159 -0.0167323 0.0827623 
0.00913657 -0.0168293 -4.33094e-05 -8.96063e-06 -0.0168293 0.0830888 -1.73198e-05 0.000242448 -4.33094e-05 -1.73198e-05 0.00910683 -0.0166746 -8.96063e-06 0.000242448 -0.0166746 0.0824887 
0.00908854 -0.0167287 -3.95245e-05 -2.22254e-06 -0.0167287 0.0826898 -8.73388e-06 0.00022651 -3.95245e-05 -8.73388e-06 0.00907732 -0.0166169 -2.22254e-06 0.00022651 -0.0166169 0.0821202 
0.00906181 -0.0166831 -3.98864e-05 -4.16953e-06 -0.0166831 0.0824861 -1.03464e-05 0.000217663 -3.98864e-05 -1.03464e-05 0.00907266 -0.0166048 -4.16953e-06 0.000217663 -0.0166048 0.0820087 
0.00903938 -0.016694 -3.69076e-05 -4.42348e-06 -0.016694 0.0825539 -1.02478e-05 0.000216732 -3.69076e-05 -1.02478e-05 0.00911092 -0.0166379 -4.42348e-06 0.000216732 -0.0166379 0.0821401 
0.0090078 -0.0166319 -2.74288e-05 -8.11523e-06 -0.0166319 0.0823783 -1.01655e-05 0.000214936 -2.74288e-05 -1.01655e-05 0.00911773 -0.0166555 -8.11523e-06 0.000214936 -0.0166555 0.0821184 
0.00901004 -0.016607 -4.37021e-05 -1.8143e-05 -0.016607 0.0823097 -1.92345e-05 0.000227383 -4.37021e-05 -1.92345e-05 0.00911337 -0.0166832 -1.8143e-05 0.000227383 -0.0166832 0.0822129 
0.00965142 -0.0177638 -3.9143e-05 -1.23124e-07 -0.0177638 0.0880078 -1.36915e-06 0.000221482 -3.9143e-05 -1.36915e-06 0.00973469 -0.0178405 -1.23124e-07 0.000221482 -0.0178405 0.0879698 
0.00968958 -0.0177828 -3.12556e-05 -7.98444e-06 -0.0177828 0.0880345 -9.10706e-06 0.000217101 -3.12556e-05 -9.10706e-06 0.00969555 -0.0178235 -7.98444e-06 0.000217101 -0.0178235 0.0879524 
0.00970798 -0.0178027 -2.33763e-05 -2.06911e-05 -0.0178027 0.0879787 -1.76887e-05 0.000237065 -2.33763e-05 -1.76887e-05 0.00964856 -0.0177423 -2.06911e-05 0.000237065 -0.0177423 0.0877085 
0.00907742 -0.0166981 -2.22369e-05 -2.68162e-05 -0.0166981 0.0824142 -2.41784e-05 0.000240649 -2.22369e-05 -2.41784e-05 0.00901894 -0.016556 -2.68162e-05 0.000240649 -0.016556 0.081931 
0.00907001 -0.0167105 -2.54348e-05 -2.43751e-05 -0.0167105 0.0825358 -2.66745e-05 0.000248632 -2.54348e-05 -2.66745e-05 0.00903513 -0.0165608 -2.43751e-05 0.000248632 -0.0165608 0.0819414 
0.00906794 -0.0166772 -2.22943e-05 -1.82496e-05 -0.0166772 0.0824629 -2.49472e-05 0.000243422 -2.22943e-05 -2.49472e-05 0.00902405 -0.0165701 -1.82496e-05 0.000243422 -0.0165701 0.0819219 
0.00969736 -0.0178325 -2.44528e-05 -2.75493e-05 -0.0178325 0.0881583 -3.22602e-05 0.000270802 -2.44528e-05 -3.22602e-05 0.0096533 -0.0177174 -2.75493e-05 0.000270802 -0.0177174 0.0876325 
0.0090673 -0.01667 -2.35091e-05 -3.04869e-05 -0.01667 0.0823982 -3.06083e-05 0.000266877 -2.35091e-05 -3.06083e-05 0.00901467 -0.0165609 -3.04869e-05 0.000266877 -0.0165609 0.0819127 
0.00969595 -0.0178297 -2.10509e-05 -3.37536e-05 -0.0178297 0.0881086 -3.2424e-05 0.000293269 -2.10509e-05 -3.2424e-05 0.00964842 -0.0176912 -3.37536e-05 0.000293269 -0.0176912 0.0875489 
0.00966786 -0.0177632 -2.48724e-05 -3.67303e-05 -0.0177632 0.0877768 -3.31174e-05 0.00029532 -2.48724e-05 -3.31174e-05 0.00961946 -0.0176331 -3.67303e-05 0.00029532 -0.0176331 0.0872062 
0.00961124 -0.017708 -1.79204e-05 -3.02247e-05 -0.017708 0.0874657 -2.27453e-05 0.000278543 -1.79204e-05 -2.27453e-05 0.00961313 -0.0175791 -3.02247e-05 0.000278543 -0.0175791 0.086899 
0.00959545 -0.017694 -2.44496e-05 -3.39847e-05 -0.017694 0.0874791 -2.31893e-05 0.000263957 -2.44496e-05 -2.31893e-05 0.00963509 -0.0176232 -3.39847e-05 0.000263957 -0.0176232 0.0869977 
0.00959463 -0.0177183 -3.11122e-05 -2.60161e-05 -0.0177183 0.0876691 -1.75871e-05 0.000250846 -3.11122e-05 -1.75871e-05 0.0096796 -0.0177016 -2.60161e-05 0.000250846 -0.0177016 0.0873282 
0.00958355 -0.0176838 -4.13495e-05 -2.01979e-05 -0.0176838 0.0875997 -1.41816e-05 0.000240538 -4.13495e-05 -1.41816e-05 0.00968619 -0.0177314 -2.01979e-05 0.000240538 -0.0177314 0.0874268 
0.00959525 -0.0176463 -4.43059e-05 -1.15272e-05 -0.0176463 0.0874397 -4.62766e-06 0.000226885 -4.43059e-05 -4.62766e-06 0.00966483 -0.0177252 -1.15272e-05 0.000226885 -0.0177252 0.0874024 
0.00959894 -0.0176985 -4.44208e-05 -9.48972e-06 -0.0176985 0.0875879 -2.44938e-06 0.000221198 -4.44208e-05 -2.44938e-06 0.00969668 -0.0177426 -9.48972e-06 0.000221198 -0.0177426 0.0875552 
0.00961638 -0.0177622 -2.92553e-05 -9.06404e-06 -0.0177622 0.0879574 -4.28798e-06 0.000224088 -2.92553e-05 -4.28798e-06 0.00975044 -0.0178353 -9.06404e-06 0.000224088 -0.0178353 0.0879511 
0.00899338 -0.0166214 -1.98275e-05 -2.60344e-05 -0.0166214 0.0824041 -2.2261e-05 0.000239442 -1.98275e-05 -2.2261e-05 0.00915373 -0.0167413 -2.60344e-05 0.000239442 -0.0167413 0.0825138 
0.00901394 -0.0166274 -1.05855e-05 -3.50709e-05 -0.0166274 0.0825123 -3.54129e-05 0.000275554 -1.05855e-05 -3.54129e-05 0.00916726 -0.0167962 -3.50709e-05 0.000275554 -0.0167962 0.082759 
0.00902566 -0.016604 -2.25077e-05 -4.53275e-05 -0.016604 0.082374 -5.00705e-05 0.00030963 -2.25077e-05 -5.00705e-05 0.00914401 -0.0167683 -4.53275e-05 0.00030963 -0.0167683 0.0826766 
0.00904625 -0.0166158 -6.25406e-06 -3.35427e-05 -0.0166158 0.082333 -3.76209e-05 0.000308062 -6.25406e-06 -3.76209e-05 0.00911692 -0.0167386 -3.35427e-05 0.000308062 -0.0167386 0.0825862 
0.00907263 -0.0166594 -1.81245e-06 -5.46242e-05 -0.0166594 0.0824341 -5.54842e-05 0.000332553 -1.81245e-06 -5.54842e-05 0.00909094 -0.0167084 -5.46242e-05 0.000332553 -0.0167084 0.0825249 
0.00908096 -0.0166924 -1.35361e-05 -6.10382e-05 -0.0166924 0.0825217 -5.85422e-05 0.000355559 -1.35361e-05 -5.85422e-05 0.00907825 -0.0166654 -6.10382e-05 0.000355559 -0.0166654 0.0824047 
0.0090707 -0.0166699 -2.54807e-05 -4.7026e-05 -0.0166699 0.0824016 -4.16934e-05 0.000336837 -2.54807e-05 -4.16934e-05 0.0090517 -0.0166079 -4.7026e-05 0.000336837 -0.0166079 0.0821309 
0.0096864 -0.0178382 -2.95565e-05 -3.04087e-05 -0.0178382 0.0881475 -2.59979e-05 0.000313841 -2.95565e-05 -2.59979e-05 0.00968765 -0.0177427 -3.04087e-05 0.000313841 -0.0177427 0.0877427 
0.00904296 -0.0166662 -3.15597e-05 -2.18675e-05 -0.0166662 0.0824234 -2.08813e-05 0.000263956 -3.15597e-05 -2.08813e-05 0.0090629 -0.0166067 -2.18675e-05 0.000263956 -0.0166067 0.0820537 
0.00904258 -0.0166542 -2.29685e-05 -1.60186e-05 -0.0166542 0.0824294 -1.77157e-05 0.000246219 -2.29685e-05 -1.77157e-05 0.00906528 -0.0166276 -1.60186e-05 0.000246219 -0.0166276 0.082137 
0.00901988 -0.0166291 -1.43287e-05 -2.20925e-05 -0.0166291 0.0823151 -3.03592e-05 0.000251675 -1.43287e-05 -3.03592e-05 0.00906967 -0.0166098 -2.20925e-05 0.000251675 -0.0166098 0.082076 
0.00902247 -0.0166159 -8.01778e-06 -3.27454e-05 -0.0166159 0.0823028 -4.17623e-05 0.000273346 -8.01778e-06 -4.17623e-05 0.00907944 -0.016634 -3.27454e-05 0.000273346 -0.016634 0.0821422 
0.00903895 -0.0166175 -2.23055e-05 -4.47476e-05 -0.0166175 0.0822942 -4.9677e-05 0.000301122 -2.23055e-05 -4.9677e-05 0.009088 -0.0166458 -4.47476e-05 0.000301122 -0.0166458 0.0821896 
0.00907342 -0.0166503 -4.42288e-05 -3.18487e-05 -0.0166503 0.0823828 -3.2056e-05 0.000292543 -4.42288e-05 -3.2056e-05 0.0090782 -0.0166663 -3.18487e-05 0.000292543 -0.0166663 0.0822757 
0.00909386 -0.0167173 -4.63418e-05 -7.74345e-06 -0.0167173 0.0826107 -2.02325e-06 0.000243017 -4.63418e-05 -2.02325e-06 0.00909306 -0.0166807 -7.74345e-06 0.000243017 -0.0166807 0.0824195 
0.00909025 -0.0167321 -5.80402e-05 -4.19217e-06 -0.0167321 0.0826973 3.00497e-06 0.000211046 -5.80402e-05 3.00497e-06 0.00910805 -0.0166869 -4.19217e-06 0.000211046 -0.0166869 0.0824493 
0.00910366 -0.0167325 -4.79521e-05 7.43841e-06 -0.0167325 0.0827478 1.14384e-05 0.000193413 -4.79521e-05 1.14384e-05 0.00911512 -0.0167113 7.43841e-06 0.000193413 -0.0167113 0.0825226 
0.00911171 -0.0167507 -3.25809e-05 -3.70796e-06 -0.0167507 0.0828036 -5.36374e-06 0.000209353 -3.25809e-05 -5.36374e-06 0.00913181 -0.0167239 -3.70796e-06 0.000209353 -0.0167239 0.082589 
0.00913584 -0.0168109 -1.47641e-05 -2.20821e-05 -0.0168109 0.0830884 -2.59199e-05 0.000252938 -1.47641e-05 -2.59199e-05 0.00917202 -0.0167877 -2.20821e-05 0.000252938 -0.0167877 0.0828693 
0.00914105 -0.0168279 -1.22083e-05 -4.35247e-05 -0.0168279 0.083191 -4.55847e-05 0.000302664 -1.22083e-05 -4.55847e-05 0.0091915 -0.0168153 -4.35247e-05 0.000302664 -0.0168153 0.0829747 
0.00915253 -0.0168655 -2.23844e-05 -4.64986e-05 -0.0168655 0.0833995 -4.82885e-05 0.000328046 -2.23844e-05 -4.82885e-05 0.00922027 -0.016866 -4.64986e-05 0.000328046 -0.016866 0.0831966 
0.00917453 -0.0169281 -3.22545e-05 -3.51071e-05 -0.0169281 0.0837577 -3.89059e-05 0.000321602 -3.22545e-05 -3.89059e-05 0.00927217 -0.0169475 -3.51071e-05 0.000321602 -0.0169475 0.0835827 
0.0091931 -0.0169236 -3.21017e-05 -2.121e-05 -0.0169236 0.0838205 -2.69875e-05 0.000295422 -3.21017e-05 -2.69875e-05 0.00928525 -0.0169875 -2.121e-05 0.000295422 -0.0169875 0.0837351 
0.00920079 -0.0169059 -4.00908e-05 -2.36755e-05 -0.0169059 0.0836875 -2.9182e-05 0.000290194 -4.00908e-05 -2.9182e-05 0.00927034 -0.0169621 -2.36755e-05 0.000290194 -0.0169621 0.0836309 
0.00925115 -0.0169479 -5.24726e-05 -1.95334e-05 -0.0169479 0.0838048 -2.27436e-05 0.000289343 -5.24726e-05 -2.27436e-05 0.00925248 -0.0169729 -1.95334e-05 0.000289343 -0.0169729 0.0836966 
0.0092804 -0.0170046 -4.8448e-05 -5.8635e-06 -0.0170046 0.083921 -7.19598e-06 0.000267287 -4.8448e-05 -7.19598e-06 0.00922863 -0.0169385 -5.8635e-06 0.000267287 -0.0169385 0.0836359 
0.0092683 -0.0170357 -3.11546e-05 -9.61326e-06 -0.0170357 0.0839858 -9.4845e-06 0.000258872 -3.11546e-05 -9.4845e-06 0.00922409 -0.0168853 -9.61326e-06 0.000258872 -0.0168853 0.0834601 
0.00924347 -0.0170221 -2.1807e-05 -3.11142e-05 -0.0170221 0.0839947 -3.08024e-05 0.000294165 -2.1807e-05 -3.08024e-05 0.00924542 -0.0168836 -3.11142e-05 0.000294165 -0.0168836 0.0833884 
0.00924904 -0.0170041 -2.33108e-05 -4.55118e-05 -0.0170041 0.0840142 -4.66679e-05 0.000339769 -2.33108e-05 -4.66679e-05 0.00925435 -0.0169332 -4.55118e-05 0.000339769 -0.0169332 0.0835085 
0.00921847 -0.0169587 -2.13898e-05 -4.15706e-05 -0.0169587 0.0837795 -4.40318e-05 0.00034982 -2.13898e-05 -4.40318e-05 0.00924331 -0.0169005 -4.15706e-05 0.00034982 -0.0169005 0.0833613 
0.00919952 -0.0168945 -2.05426e-05 -4.27434e-05 -0.0168945 0.0834916 -4.28993e-05 0.000346528 -2.05426e-05 -4.28993e-05 0.00921746 -0.0168637 -4.27434e-05 0.000346528 -0.0168637 0.0831477 
0.00922101 -0.0169283 -1.35389e-05 -4.88023e-05 -0.0169283 0.0836065 -4.58463e-05 0.000358003 -1.35389e-05 -4.58463e-05 0.00922573 -0.0168933 -4.88023e-05 0.000358003 -0.0168933 0.0832962 
0.00923203 -0.016979 -1.39896e-05 -6.2942e-05 -0.016979 0.0838177 -5.8614e-05 0.000390895 -1.39896e-05 -5.8614e-05 0.00923959 -0.0169251 -6.2942e-05 0.000390895 -0.0169251 0.0834848 
0.00922884 -0.0169771 -8.65599e-06 -6.62924e-05 -0.0169771 0.0838556 -6.24619e-05 0.000417176 -8.65599e-06 -6.24619e-05 0.00923986 -0.0169223 -6.62924e-05 0.000417176 -0.0169223 0.0835037 
0.00921919 -0.0169813 -1.81169e-05 -7.07704e-05 -0.0169813 0.0839043 -6.64908e-05 0.000431689 -1.81169e-05 -6.64908e-05 0.00925574 -0.0169281 -7.07704e-05 0.000431689 -0.0169281 0.0835494 
0.00923151 -0.0169802 -2.77677e-05 -5.74517e-05 -0.0169802 0.0839717 -5.19054e-05 0.000413755 -2.77677e-05 -5.19054e-05 0.00928109 -0.0169669 -5.74517e-05 0.000413755 -0.0169669 0.0836887 
0.00926095 -0.0170174 -4.95196e-05 -4.5595e-05 -0.0170174 0.0841394 -3.94937e-05 0.000384009 -4.95196e-05 -3.94937e-05 0.0093173 -0.0170225 -4.5595e-05 0.000384009 -0.0170225 0.0839235 
0.00929777 -0.0170739 -7.00814e-05 -1.68185e-05 -0.0170739 0.0843735 -1.1751e-05 0.000326254 -7.00814e-05 -1.1751e-05 0.00934834 -0.0170846 -1.68185e-05 0.000326254 -0.0170846 0.0841889 
0.0093531 -0.0171905 -7.10013e-05 9.15307e-06 -0.0171905 0.0849028 1.327e-05 0.000260738 -7.10013e-05 1.327e-05 0.00940615 -0.0171932 9.15307e-06 0.000260738 -0.0171932 0.0847139 
0.00938036 -0.0172321 -4.58413e-05 9.02671e-06 -0.0172321 0.0851153 1.32713e-05 0.000235404 -4.58413e-05 1.32713e-05 0.00941892 -0.0172315 9.02671e-06 0.000235404 -0.0172315 0.084908 
0.00938029 -0.0172496 -2.34863e-05 -2.40047e-05 -0.0172496 0.0851922 -2.1756e-05 0.000286818 -2.34863e-05 -2.1756e-05 0.00943376 -0.0172355 -2.40047e-05 0.000286818 -0.0172355 0.0849612 
0.00936793 -0.0172307 -1.12315e-05 -5.23562e-05 -0.0172307 0.0851368 -5.54375e-05 0.000368758 -1.12315e-05 -5.54375e-05 0.00943931 -0.0172341 -5.23562e-05 0.000368758 -0.0172341 0.0849204 
0.00934541 -0.0171767 -2.77966e-05 -6.70363e-05 -0.0171767 0.0849026 -7.51094e-05 0.000432803 -2.77966e-05 -7.51094e-05 0.00943533 -0.0172101 -6.70363e-05 0.000432803 -0.0172101 0.0847564 
0.00933337 -0.017115 -4.09769e-05 -4.69088e-05 -0.017115 0.0845823 -5.52249e-05 0.000425168 -4.09769e-05 -5.52249e-05 0.00939177 -0.0171667 -4.69088e-05 0.000425168 -0.0171667 0.0844889 
0.009326 -0.0171003 -4.21892e-05 -2.89909e-05 -0.0171003 0.0844143 -3.47464e-05 0.000381483 -4.21892e-05 -3.47464e-05 0.00936523 -0.0171158 -2.89909e-05 0.000381483 -0.0171158 0.0842864 
0.00933638 -0.0171253 -4.68249e-05 -2.71352e-05 -0.0171253 0.0844785 -3.0378e-05 0.000355132 -4.68249e-05 -3.0378e-05 0.00935001 -0.0171053 -2.71352e-05 0.000355132 -0.0171053 0.0842514 
0.00935084 -0.0171698 -3.79105e-05 -2.18475e-05 -0.0171698 0.0846725 -2.69911e-05 0.000344774 -3.79105e-05 -2.69911e-05 0.00935493 -0.0171139 -2.18475e-05 0.000344774 -0.0171139 0.0843424 
0.00932559 -0.0171523 -2.47436e-05 -3.1881e-05 -0.0171523 0.0846013 -3.96955e-05 0.000357463 -2.47436e-05 -3.96955e-05 0.00934696 -0.0170744 -3.1881e-05 0.000357463 -0.0170744 0.0841787 
0.00930981 -0.0171302 -2.1101e-05 -4.81772e-05 -0.0171302 0.0845577 -5.68101e-05 0.000391475 -2.1101e-05 -5.68101e-05 0.00934109 -0.0170697 -4.81772e-05 0.000391475 -0.0170697 0.0841203 
0.00928813 -0.01712 -1.83372e-05 -5.47076e-05 -0.01712 0.0845514 -5.96147e-05 0.000413916 -1.83372e-05 -5.96147e-05 0.00935895 -0.0170712 -5.47076e-05 0.000413916 -0.0170712 0.0841294 
0.00927409 -0.0170904 -3.5719e-05 -6.15401e-05 -0.0170904 0.0844965 -5.97734e-05 0.000426126 -3.5719e-05 -5.97734e-05 0.00937553 -0.0170917 -6.15401e-05 0.000426126 -0.0170917 0.084162 
0.00926112 -0.0170375 -4.0591e-05 -3.88905e-05 -0.0170375 0.0842842 -3.58129e-05 0.000392259 -4.0591e-05 -3.58129e-05 0.00936784 -0.0170885 -3.88905e-05 0.000392259 -0.0170885 0.0840857 
0.00926455 -0.0170246 -4.12658e-05 -2.73036e-05 -0.0170246 0.0841847 -2.61081e-05 0.000350217 -4.12658e-05 -2.61081e-05 0.00934769 -0.0170856 -2.73036e-05 0.000350217 -0.0170856 0.0840625 
