0.00655954 0 -2.42509e-05 0 0 0.00939002 0 0 -2.42509e-05 0 0.00666635 0 0 0 0 0.00939002 
0.00964798 -0.0119777 -3.02095e-05 3.6311e-05 -0.0119777 0.0318849 3.6311e-05 -6.97625e-05 -3.02095e-05 3.6311e-05 0.00975136 -0.0121008 3.6311e-05 -6.97625e-05 -0.0121008 0.0321204 
0.00911196 -0.0170205 -1.41698e-05 2.30652e-05 -0.0170205 0.0627918 2.30652e-05 -6.83458e-05 -1.41698e-05 2.30652e-05 0.00918493 -0.0170204 2.30652e-05 -6.83458e-05 -0.0170204 0.0627466 
0.00862182 -0.0167992 -1.43022e-05 -8.58816e-06 -0.0167992 0.0755 -1.56855e-06 4.71991e-05 -1.43022e-05 -1.56855e-06 0.00868858 -0.0166067 -8.58816e-06 4.71991e-05 -0.0166067 0.0742965 
0.00914244 -0.0172767 -8.98313e-06 -1.65903e-05 -0.0172767 0.0837763 4.04635e-06 0.000115693 -8.98313e-06 4.04635e-06 0.00921013 -0.0170768 -1.65903e-05 0.000115693 -0.0170768 0.0819389 
0.00892956 -0.0165651 -3.14127e-06 -1.91456e-05 -0.0165651 0.0818191 4.62516e-06 0.00010908 -3.14127e-06 4.62516e-06 0.00900467 -0.0164378 -1.91456e-05 0.00010908 -0.0164378 0.0802996 
0.00941383 -0.0173859 8.04676e-06 -2.34853e-05 -0.0173859 0.0860663 -2.02711e-06 0.000103841 8.04676e-06 -2.02711e-06 0.00950615 -0.0172985 -2.34853e-05 0.000103841 -0.0172985 0.0848675 
0.00913494 -0.0168491 -1.4858e-06 -3.22229e-05 -0.0168491 0.0834428 -1.51775e-05 0.000105996 -1.4858e-06 -1.51775e-05 0.00923238 -0.0167886 -3.22229e-05 0.000105996 -0.0167886 0.0825356 
0.00961911 -0.0177298 -1.84302e-05 -2.26887e-05 -0.0177298 0.0877914 -1.09753e-05 0.000106893 -1.84302e-05 -1.09753e-05 0.00973142 -0.0176678 -2.26887e-05 0.000106893 -0.0176678 0.0869439 
0.0094781 -0.0174721 -2.09237e-05 1.61067e-06 -0.0174721 0.086473 4.8215e-06 7.05811e-05 -2.09237e-05 4.8215e-06 0.00960566 -0.0174168 1.61067e-06 7.05811e-05 -0.0174168 0.0856724 
0.00941159 -0.0173414 -2.8455e-05 9.08437e-06 -0.0173414 0.0857956 7.78879e-06 4.32355e-05 -2.8455e-05 7.78879e-06 0.00953034 -0.0173029 9.08437e-06 4.32355e-05 -0.0173029 0.0850267 
0.00936828 -0.0172317 -3.78072e-05 1.89916e-05 -0.0172317 0.0852042 1.96062e-05 1.61899e-05 -3.78072e-05 1.96062e-05 0.00944002 -0.0171826 1.89916e-05 1.61899e-05 -0.0171826 0.0844305 
0.00935966 -0.017231 -1.47695e-05 3.18677e-05 -0.017231 0.0851016 3.55649e-05 -2.10086e-05 -1.47695e-05 3.55649e-05 0.00940104 -0.0171273 3.18677e-05 -2.10086e-05 -0.0171273 0.0842394 
0.00928645 -0.017171 1.71289e-05 5.18587e-06 -0.017171 0.0847848 9.94775e-06 -8.58026e-07 1.71289e-05 9.94775e-06 0.00937882 -0.017028 5.18587e-06 -8.58026e-07 -0.017028 0.0838156 
0.00923292 -0.01711 4.59074e-05 -3.34059e-05 -0.01711 0.0846413 -3.11652e-05 7.66618e-05 4.59074e-05 -3.11652e-05 0.00938646 -0.0170367 -3.34059e-05 7.66618e-05 -0.0170367 0.08375 
0.00921123 -0.0170312 3.36301e-05 -6.79598e-05 -0.0170312 0.0844237 -6.87826e-05 0.000168145 3.36301e-05 -6.87826e-05 0.00937763 -0.0170586 -6.79598e-05 0.000168145 -0.0170586 0.0837787 
0.00922777 -0.0170336 1.60552e-05 -5.51208e-05 -0.0170336 0.0844427 -6.0242e-05 0.000195007 1.60552e-05 -6.0242e-05 0.00937869 -0.017093 -5.51208e-05 0.000195007 -0.017093 0.083983 
0.00921928 -0.016981 1.77409e-05 -2.88471e-05 -0.016981 0.0841341 -3.86341e-05 0.0001565 1.77409e-05 -3.86341e-05 0.00932567 -0.0170232 -2.88471e-05 0.0001565 -0.0170232 0.0837228 
0.00923462 -0.0169899 1.04734e-05 -2.67598e-05 -0.0169899 0.0840767 -3.67326e-05 0.000129397 1.04734e-05 -3.67326e-05 0.00929027 -0.0169765 -2.67598e-05 0.000129397 -0.0169765 0.0835907 
0.00925597 -0.017034 -1.15488e-05 -1.77622e-05 -0.017034 0.0841953 -2.47878e-05 0.000104291 -1.15488e-05 -2.47878e-05 0.00928093 -0.0169478 -1.77622e-05 0.000104291 -0.0169478 0.0835433 
0.00928564 -0.0171044 -2.15917e-05 3.46294e-06 -0.0171044 0.084498 5.7402e-06 5.44544e-05 -2.15917e-05 5.7402e-06 0.00930698 -0.0169752 3.46294e-06 5.44544e-05 -0.0169752 0.0836996 
0.00927447 -0.0171101 -1.64408e-05 1.16091e-05 -0.0171101 0.0845298 2.05476e-05 1.43777e-05 -1.64408e-05 2.05476e-05 0.0093305 -0.016972 1.16091e-05 1.43777e-05 -0.016972 0.0836559 
0.00928911 -0.017133 -2.20008e-05 2.58725e-06 -0.017133 0.0846964 1.36492e-05 1.52572e-05 -2.20008e-05 1.36492e-05 0.00936763 -0.0170377 2.58725e-06 1.52572e-05 -0.0170377 0.0838644 
0.00930788 -0.0171482 -2.97301e-05 6.27549e-06 -0.0171482 0.0847761 1.55777e-05 2.18597e-05 -2.97301e-05 1.55777e-05 0.0093906 -0.0170779 6.27549e-06 2.18597e-05 -0.0170779 0.0840075 
0.00935632 -0.017197 -3.42264e-05 2.00973e-05 -0.017197 0.0849714 2.4342e-05 3.58728e-06 -3.42264e-05 2.4342e-05 0.00938191 -0.0171284 2.00973e-05 3.58728e-06 -0.0171284 0.0842218 
0.00937783 -0.0172779 -3.02394e-05 3.45345e-05 -0.0172779 0.0852485 2.95786e-05 -2.5104e-05 -3.02394e-05 2.95786e-05 0.00938853 -0.0171295 3.45345e-05 -2.5104e-05 -0.0171295 0.0843634 
0.00940736 -0.0173364 -1.61272e-05 3.47767e-05 -0.0173364 0.0855652 2.27692e-05 -3.5372e-05 -1.61272e-05 2.27692e-05 0.00939288 -0.0171541 3.47767e-05 -3.5372e-05 -0.0171541 0.0845316 
0.00939345 -0.0173014 4.30972e-06 1.85928e-05 -0.0173014 0.0854123 4.06223e-06 -1.14528e-05 4.30972e-06 4.06223e-06 0.00936286 -0.0170876 1.85928e-05 -1.14528e-05 -0.0170876 0.0842744 
0.00934708 -0.0172582 9.44401e-06 -9.20271e-06 -0.0172582 0.0851898 -2.13928e-05 4.36834e-05 9.44401e-06 -2.13928e-05 0.00935478 -0.0170245 -9.20271e-06 4.36834e-05 -0.0170245 0.0839793 
0.00933575 -0.0172087 1.45807e-06 -2.03847e-05 -0.0172087 0.0850419 -2.72033e-05 8.25346e-05 1.45807e-06 -2.72033e-05 0.00934797 -0.0170252 -2.03847e-05 8.25346e-05 -0.0170252 0.0838839 
0.00931404 -0.0171633 3.35289e-06 -1.57784e-05 -0.0171633 0.0848059 -1.74035e-05 8.92285e-05 3.35289e-06 -1.74035e-05 0.00932894 -0.0169981 -1.57784e-05 8.92285e-05 -0.0169981 0.0837302 
0.00929566 -0.0171217 -6.48979e-06 -1.93611e-05 -0.0171217 0.0845951 -1.72059e-05 8.96265e-05 -6.48979e-06 -1.72059e-05 0.00929925 -0.0169679 -1.93611e-05 8.96265e-05 -0.0169679 0.083577 
0.00928881 -0.0171092 -9.86848e-07 -9.84106e-06 -0.0171092 0.0845144 -4.61737e-06 7.58382e-05 -9.86848e-07 -4.61737e-06 0.00927967 -0.0169425 -9.84106e-06 7.58382e-05 -0.0169425 0.083499 
0.00928323 -0.0171081 -7.03771e-06 -1.62334e-05 -0.0171081 0.0845011 -1.07727e-05 7.76784e-05 -7.03771e-06 -1.07727e-05 0.00927527 -0.0169276 -1.62334e-05 7.76784e-05 -0.0169276 0.0834661 
0.00926247 -0.0170413 -1.51465e-05 -1.28245e-05 -0.0170413 0.0841841 -6.38863e-06 8.07556e-05 -1.51465e-05 -6.38863e-06 0.00922853 -0.0168605 -1.28245e-05 8.07556e-05 -0.0168605 0.0831416 
0.00927339 -0.0170226 -2.55495e-05 -4.23132e-06 -0.0170226 0.0840366 5.91771e-06 6.52826e-05 -2.55495e-05 5.91771e-06 0.00917459 -0.0168161 -4.23132e-06 6.52826e-05 -0.0168161 0.0829635 
0.00925416 -0.0170206 -3.27973e-05 1.10047e-05 -0.0170206 0.0839108 2.2661e-05 2.95196e-05 -3.27973e-05 2.2661e-05 0.00914557 -0.0167332 1.10047e-05 2.95196e-05 -0.0167332 0.0826964 
0.00925263 -0.0170507 -2.75868e-05 2.25818e-05 -0.0170507 0.0840813 3.16627e-05 -3.77084e-06 -2.75868e-05 3.16627e-05 0.00916391 -0.0167498 2.25818e-05 -3.77084e-06 -0.0167498 0.0827738 
0.00923743 -0.0170548 -1.2496e-05 1.79821e-05 -0.0170548 0.0841757 2.2591e-05 -5.90311e-06 -1.2496e-05 2.2591e-05 0.00918987 -0.0167756 1.79821e-05 -5.90311e-06 -0.0167756 0.0828723 
0.00922513 -0.017013 -1.21493e-06 2.80583e-06 -0.017013 0.0840802 4.01348e-06 2.04099e-05 -1.21493e-06 4.01348e-06 0.00918225 -0.0167901 2.80583e-06 2.04099e-05 -0.0167901 0.0828815 
0.0091921 -0.0169975 6.81984e-07 -1.30405e-05 -0.0169975 0.0840137 -1.35058e-05 6.22615e-05 6.81984e-07 -1.35058e-05 0.00920354 -0.0167819 -1.30405e-05 6.22615e-05 -0.0167819 0.0828811 
0.00915078 -0.0169552 6.56294e-06 -1.61659e-05 -0.0169552 0.0839194 -1.79828e-05 8.76118e-05 6.56294e-06 -1.79828e-05 0.00924012 -0.0168057 -1.61659e-05 8.76118e-05 -0.0168057 0.0829072 
0.00911631 -0.0168846 4.89411e-06 -2.17083e-05 -0.0168846 0.0837147 -2.59611e-05 0.000104982 4.89411e-06 -2.59611e-05 0.00925934 -0.0168425 -2.17083e-05 0.000104982 -0.0168425 0.0829454 
0.00912016 -0.0168662 1.49936e-06 -1.87765e-05 -0.0168662 0.0836933 -2.53889e-05 0.000108842 1.49936e-06 -2.53889e-05 0.0092802 -0.0169064 -1.87765e-05 0.000108842 -0.0169064 0.0831828 
0.00912333 -0.0168282 -3.40179e-06 -1.45422e-05 -0.0168282 0.0834991 -2.25574e-05 0.000103309 -3.40179e-06 -2.25574e-05 0.00926348 -0.0168994 -1.45422e-05 0.000103309 -0.0168994 0.0831556 
0.00913377 -0.0168519 -1.20354e-06 -7.98812e-06 -0.0168519 0.0835246 -1.53786e-05 8.89124e-05 -1.20354e-06 -1.53786e-05 0.00926989 -0.0169004 -7.98812e-06 8.89124e-05 -0.0169004 0.0832073 
0.00911873 -0.016826 -3.42061e-06 -1.15436e-05 -0.016826 0.0833639 -1.59837e-05 8.40854e-05 -3.42061e-06 -1.59837e-05 0.00925522 -0.0168649 -1.15436e-05 8.40854e-05 -0.0168649 0.0830267 
0.00914521 -0.0168316 -1.22546e-05 -1.27016e-05 -0.0168316 0.0833779 -1.2719e-05 8.50473e-05 -1.22546e-05 -1.2719e-05 0.00922521 -0.0168708 -1.27016e-05 8.50473e-05 -0.0168708 0.0830327 
0.00917326 -0.0168918 -2.97388e-05 -2.55119e-06 -0.0168918 0.0835692 1.57921e-06 6.49968e-05 -2.97388e-05 1.57921e-06 0.00922757 -0.0168672 -2.55119e-06 6.49968e-05 -0.0168672 0.0831333 
0.00921455 -0.0169859 -3.95342e-05 2.28355e-05 -0.0169859 0.0839942 2.69304e-05 1.06608e-05 -3.95342e-05 2.69304e-05 0.00925088 -0.016916 2.28355e-05 1.06608e-05 -0.016916 0.0834198 
0.00921105 -0.0170013 -3.10783e-05 4.34166e-05 -0.0170013 0.0840841 4.51692e-05 -5.43426e-05 -3.10783e-05 4.51692e-05 0.00926327 -0.0169051 4.34166e-05 -5.43426e-05 -0.0169051 0.083409 
0.00918912 -0.0169642 -1.60935e-05 3.50574e-05 -0.0169642 0.0839482 3.46801e-05 -6.87597e-05 -1.60935e-05 3.46801e-05 0.00926843 -0.0168802 3.50574e-05 -6.87597e-05 -0.0168802 0.0832446 
0.00917695 -0.0168944 -7.46166e-07 9.00255e-06 -0.0168944 0.0836293 9.32728e-06 -2.08285e-05 -7.46166e-07 9.32728e-06 0.00923027 -0.016845 9.00255e-06 -2.08285e-05 -0.016845 0.0829789 
0.00915335 -0.0168751 2.09896e-06 -1.67258e-05 -0.0168751 0.0834362 -1.66333e-05 5.254e-05 2.09896e-06 -1.66333e-05 0.00921757 -0.0167957 -1.67258e-05 5.254e-05 -0.0167957 0.0827668 
0.00914625 -0.0168501 -2.44607e-06 -2.90757e-05 -0.0168501 0.0833236 -2.44894e-05 0.000109279 -2.44607e-06 -2.44894e-05 0.00919958 -0.0167841 -2.90757e-05 0.000109279 -0.0167841 0.0826521 
0.00917018 -0.0168955 -9.68036e-06 -2.32202e-05 -0.0168955 0.0835146 -1.29281e-05 0.000114437 -9.68036e-06 -1.29281e-05 0.00920707 -0.0168146 -2.32202e-05 0.000114437 -0.0168146 0.0828219 
0.00919638 -0.0169787 -1.76095e-05 -1.3579e-05 -0.0169787 0.0839057 -4.02378e-06 9.85043e-05 -1.76095e-05 -4.02378e-06 0.00924277 -0.0168716 -1.3579e-05 9.85043e-05 -0.0168716 0.0831508 
0.00920133 -0.0169533 -2.9723e-06 -3.09647e-06 -0.0169533 0.0838484 3.66784e-06 7.80582e-05 -2.9723e-06 3.66784e-06 0.00922012 -0.0168553 -3.09647e-06 7.80582e-05 -0.0168553 0.0830773 
0.00922768 -0.0170088 1.35066e-05 -1.77314e-05 -0.0170088 0.0840803 -1.47368e-05 9.3172e-05 1.35066e-05 -1.47368e-05 0.00923793 -0.01688 -1.77314e-05 9.3172e-05 -0.01688 0.0832638 
0.00922843 -0.0170208 2.86654e-05 -3.76731e-05 -0.0170208 0.0841406 -3.61644e-05 0.000137179 2.86654e-05 -3.61644e-05 0.00924549 -0.0168804 -3.76731e-05 0.000137179 -0.0168804 0.0832816 
0.00922207 -0.0170196 2.21446e-05 -5.47132e-05 -0.0170196 0.0841594 -5.23371e-05 0.00017936 2.21446e-05 -5.23371e-05 0.00926643 -0.0168857 -5.47132e-05 0.00017936 -0.0168857 0.0832916 
0.00920799 -0.0169775 1.1302e-06 -4.70502e-05 -0.0169775 0.0839863 -4.64353e-05 0.000186369 1.1302e-06 -4.64353e-05 0.00926429 -0.0168777 -4.70502e-05 0.000186369 -0.0168777 0.0831726 
0.0091727 -0.0169595 -1.50184e-05 -1.73416e-05 -0.0169595 0.0838683 -2.09408e-05 0.00014021 -1.50184e-05 -2.09408e-05 0.00929689 -0.016871 -1.73416e-05 0.00014021 -0.016871 0.0830965 
0.0091536 -0.0169537 -1.31963e-05 2.93179e-06 -0.0169537 0.0839327 -9.60379e-07 8.51551e-05 -1.31963e-05 -9.60379e-07 0.00934435 -0.016948 2.93179e-06 8.51551e-05 -0.016948 0.0832993 
0.00918856 -0.0170026 9.51907e-06 -1.0512e-06 -0.0170026 0.0842856 -2.14826e-06 6.78617e-05 9.51907e-06 -2.14826e-06 0.00938405 -0.017086 -1.0512e-06 6.78617e-05 -0.017086 0.0838645 
0.00919622 -0.0170153 1.5804e-05 -3.20353e-05 -0.0170153 0.0843771 -3.28874e-05 0.000117625 1.5804e-05 -3.28874e-05 0.00939321 -0.017113 -3.20353e-05 0.000117625 -0.017113 0.0840807 
0.00918298 -0.0169591 2.14298e-05 -4.62704e-05 -0.0169591 0.0841219 -4.73717e-05 0.000176087 2.14298e-05 -4.73717e-05 0.00936046 -0.0170566 -4.62704e-05 0.000176087 -0.0170566 0.083861 
0.0091933 -0.0169704 1.9814e-05 -5.44235e-05 -0.0169704 0.0841226 -5.66914e-05 0.000213754 1.9814e-05 -5.66914e-05 0.00936259 -0.0170445 -5.44235e-05 0.000213754 -0.0170445 0.083838 
0.00920662 -0.0169716 1.12891e-05 -5.13854e-05 -0.0169716 0.0840845 -5.36483e-05 0.000223722 1.12891e-05 -5.36483e-05 0.00935752 -0.0170305 -5.13854e-05 0.000223722 -0.0170305 0.0837553 
0.0092281 -0.0169869 -5.62398e-06 -4.44003e-05 -0.0169869 0.0840834 -4.38418e-05 0.000214311 -5.62398e-06 -4.38418e-05 0.00934096 -0.017022 -4.44003e-05 0.000214311 -0.017022 0.0836973 
0.00925528 -0.0170298 -2.38858e-05 -2.13882e-05 -0.0170298 0.0841946 -1.71694e-05 0.000165703 -2.38858e-05 -1.71694e-05 0.00932279 -0.0170129 -2.13882e-05 0.000165703 -0.0170129 0.0836973 
0.00930603 -0.0170995 -2.94858e-05 4.55374e-06 -0.0170995 0.0844668 8.68516e-06 9.87007e-05 -2.94858e-05 8.68516e-06 0.00930946 -0.0170224 4.55374e-06 9.87007e-05 -0.0170224 0.0838175 
0.00929693 -0.0171456 -2.43496e-05 1.41181e-05 -0.0171456 0.0845979 1.88179e-05 5.09706e-05 -2.43496e-05 1.88179e-05 0.00931144 -0.016984 1.41181e-05 5.09706e-05 -0.016984 0.083745 
0.00925089 -0.0170922 -1.89265e-05 6.88948e-06 -0.0170922 0.0844233 1.21029e-05 4.55223e-05 -1.89265e-05 1.21029e-05 0.00930126 -0.0169368 6.88948e-06 4.55223e-05 -0.0169368 0.0834808 
0.00923978 -0.0170768 -2.42106e-05 -8.53709e-07 -0.0170768 0.0844602 4.92354e-06 6.0733e-05 -2.42106e-05 4.92354e-06 0.00931098 -0.0169721 -8.53709e-07 6.0733e-05 -0.0169721 0.0835816 
0.00920533 -0.0170709 -2.22045e-05 5.54675e-06 -0.0170709 0.0844993 1.06988e-05 5.71673e-05 -2.22045e-05 1.06988e-05 0.00934082 -0.0169975 5.54675e-06 5.71673e-05 -0.0169975 0.0837139 
0.00918389 -0.0170029 -2.70713e-05 6.86214e-06 -0.0170029 0.0843436 8.01597e-06 5.16157e-05 -2.70713e-05 8.01597e-06 0.00935089 -0.0170179 6.86214e-06 5.16157e-05 -0.0170179 0.0837432 
0.00919707 -0.016975 -3.31607e-05 1.20383e-05 -0.016975 0.0842326 9.93326e-06 4.86115e-05 -3.31607e-05 9.93326e-06 0.00934582 -0.0170332 1.20383e-05 4.86115e-05 -0.0170332 0.083793 
0.00919854 -0.0169497 -3.93998e-05 1.67091e-05 -0.0169497 0.084025 1.53125e-05 4.21262e-05 -3.93998e-05 1.53125e-05 0.00932529 -0.0169975 1.67091e-05 4.21262e-05 -0.0169975 0.0836494 
0.00927206 -0.017016 -3.54776e-05 2.32401e-05 -0.017016 0.0842584 2.25409e-05 3.05157e-05 -3.54776e-05 2.25409e-05 0.00931154 -0.0170384 2.32401e-05 3.05157e-05 -0.0170384 0.08386 
0.00929099 -0.0170914 -3.56263e-05 1.84862e-05 -0.0170914 0.0844183 1.75292e-05 3.33624e-05 -3.56263e-05 1.75292e-05 0.00930486 -0.0169973 1.84862e-05 3.33624e-05 -0.0169973 0.0838167 
0.00929083 -0.0171109 -3.49651e-05 1.51973e-05 -0.0171109 0.0844881 1.65357e-05 4.30194e-05 -3.49651e-05 1.65357e-05 0.00929312 -0.0169658 1.51973e-05 4.30194e-05 -0.0169658 0.083681 
0.00925551 -0.0170651 -1.96817e-05 8.89317e-06 -0.0170651 0.0842793 1.42329e-05 5.86292e-05 -1.96817e-05 1.42329e-05 0.00927141 -0.0169036 8.89317e-06 5.86292e-05 -0.0169036 0.0833712 
0.00921822 -0.0169918 -4.56564e-06 -1.0148e-05 -0.0169918 0.0839652 -4.06448e-06 9.43131e-05 -4.56564e-06 -4.06448e-06 0.00924867 -0.0168512 -1.0148e-05 9.43131e-05 -0.0168512 0.0830594 
0.00918101 -0.0169199 3.73501e-06 -2.92727e-05 -0.0169199 0.083619 -2.52917e-05 0.000145582 3.73501e-06 -2.52917e-05 0.0092278 -0.0168013 -2.92727e-05 0.000145582 -0.0168013 0.0827626 
0.00917702 -0.016929 -5.80661e-06 -4.0168e-05 -0.016929 0.0836647 -3.67602e-05 0.000186028 -5.80661e-06 -3.67602e-05 0.00923033 -0.0168372 -4.0168e-05 0.000186028 -0.0168372 0.082879 
0.00917774 -0.0169009 -3.35364e-06 -2.75669e-05 -0.0169009 0.0835682 -2.25217e-05 0.000178527 -3.35364e-06 -2.25217e-05 0.00920697 -0.0168252 -2.75669e-05 0.000178527 -0.0168252 0.0828492 
0.00917449 -0.0169443 4.42688e-06 -2.59537e-05 -0.0169443 0.0837365 -2.07819e-05 0.000162464 4.42688e-06 -2.07819e-05 0.00922462 -0.0168392 -2.59537e-05 0.000162464 -0.0168392 0.0829981 
0.00915509 -0.0168969 4.35082e-06 -3.33392e-05 -0.0168969 0.0835951 -2.94064e-05 0.000166866 4.35082e-06 -2.94064e-05 0.00919821 -0.0168125 -3.33392e-05 0.000166866 -0.0168125 0.0828649 
0.00913975 -0.0168535 -1.62613e-05 -3.29156e-05 -0.0168535 0.083401 -3.04903e-05 0.000170645 -1.62613e-05 -3.04903e-05 0.00916902 -0.0167661 -3.29156e-05 0.000170645 -0.0167661 0.0826881 
0.00913513 -0.016829 -2.04427e-05 -7.62996e-06 -0.016829 0.0832631 -7.06704e-06 0.000134808 -2.04427e-05 -7.06704e-06 0.00913898 -0.0167269 -7.62996e-06 0.000134808 -0.0167269 0.0825351 
0.00914227 -0.016883 -1.28231e-05 -2.40107e-06 -0.016883 0.0834918 -2.69057e-06 0.000109257 -1.28231e-05 -2.69057e-06 0.00915864 -0.0167514 -2.40107e-06 0.000109257 -0.0167514 0.082712 
0.00913665 -0.0168728 -2.47922e-05 -1.35991e-05 -0.0168728 0.0835234 -1.26904e-05 0.000119381 -2.47922e-05 -1.26904e-05 0.00917038 -0.0167607 -1.35991e-05 0.000119381 -0.0167607 0.0827586 
0.00912449 -0.016814 -2.79995e-05 -2.92539e-06 -0.016814 0.0832769 1.90308e-06 0.000111302 -2.79995e-05 1.90308e-06 0.00914463 -0.0167302 -2.92539e-06 0.000111302 -0.0167302 0.0825845 
0.00910495 -0.0167474 -2.512e-05 1.06192e-06 -0.0167474 0.0828933 1.01049e-05 9.15157e-05 -2.512e-05 1.01049e-05 0.00909659 -0.0166524 1.06192e-06 9.15157e-05 -0.0166524 0.0822259 
0.00911949 -0.0167664 -2.30536e-05 -1.32315e-06 -0.0167664 0.0828944 7.86737e-06 8.70315e-05 -2.30536e-05 7.86737e-06 0.00908007 -0.0166352 -1.32315e-06 8.70315e-05 -0.0166352 0.0821723 
0.00914161 -0.0168393 -1.6214e-05 -4.5444e-07 -0.0168393 0.0831815 5.48632e-06 8.54982e-05 -1.6214e-05 5.48632e-06 0.00909311 -0.0166611 -4.5444e-07 8.54982e-05 -0.0166611 0.0823489 
0.00911818 -0.0168187 -2.59583e-05 -5.42982e-06 -0.0168187 0.0831207 -2.94664e-06 9.22167e-05 -2.59583e-05 -2.94664e-06 0.00908645 -0.0166329 -5.42982e-06 9.22167e-05 -0.0166329 0.0822329 
0.00906898 -0.0167416 -2.69513e-05 6.04561e-06 -0.0167416 0.0828125 6.2716e-06 8.17802e-05 -2.69513e-05 6.2716e-06 0.0090692 -0.0165828 6.04561e-06 8.17802e-05 -0.0165828 0.0819593 
0.00904058 -0.016713 -1.78253e-05 8.49453e-06 -0.016713 0.0827402 3.87433e-06 7.52013e-05 -1.78253e-05 3.87433e-06 0.00908912 -0.0165992 8.49453e-06 7.52013e-05 -0.0165992 0.0819859 
0.00899429 -0.0166514 -1.74287e-05 1.80469e-06 -0.0166514 0.0825202 -7.46531e-06 8.57111e-05 -1.74287e-05 -7.46531e-06 0.00910528 -0.0165979 1.80469e-06 8.57111e-05 -0.0165979 0.0819084 
0.00895312 -0.016588 -6.88803e-06 1.23905e-06 -0.016588 0.0823041 -9.75837e-06 9.53833e-05 -6.88803e-06 -9.75837e-06 0.00911845 -0.0166138 1.23905e-06 9.53833e-05 -0.0166138 0.081881 
0.00958021 -0.017729 1.22867e-05 -1.48016e-05 -0.017729 0.0880493 -2.35766e-05 0.00012686 1.22867e-05 -2.35766e-05 0.00977375 -0.0178304 -1.48016e-05 0.00012686 -0.0178304 0.0877982 
0.00895802 -0.0165659 1.60517e-05 -3.73591e-05 -0.0165659 0.0822642 -4.06243e-05 0.000159711 1.60517e-05 -4.06243e-05 0.00915662 -0.0166785 -3.73591e-05 0.000159711 -0.0166785 0.0821334 
0.00897762 -0.0165789 1.74416e-05 -4.56388e-05 -0.0165789 0.0823023 -4.53754e-05 0.000191305 1.74416e-05 -4.53754e-05 0.00917571 -0.0167131 -4.56388e-05 0.000191305 -0.0167131 0.0822377 
0.00902166 -0.0166605 1.48481e-05 -4.68829e-05 -0.0166605 0.0826476 -4.5615e-05 0.000201245 1.48481e-05 -4.5615e-05 0.00921174 -0.016799 -4.68829e-05 0.000201245 -0.016799 0.0826187 
0.00907184 -0.0167298 1.5525e-05 -4.26202e-05 -0.0167298 0.0829693 -4.28331e-05 0.000196085 1.5525e-05 -4.28331e-05 0.00922773 -0.0168655 -4.26202e-05 0.000196085 -0.0168655 0.0829588 
0.00909517 -0.0167435 1.84966e-05 -4.35074e-05 -0.0167435 0.0829666 -4.53135e-05 0.000196645 1.84966e-05 -4.53135e-05 0.00919189 -0.0168292 -4.35074e-05 0.000196645 -0.0168292 0.0828761 
0.0091136 -0.0167996 1.0367e-05 -4.32073e-05 -0.0167996 0.0831379 -4.78666e-05 0.000196762 1.0367e-05 -4.78666e-05 0.00919229 -0.0168026 -4.32073e-05 0.000196762 -0.0168026 0.0828637 
0.00912494 -0.0168187 3.94235e-06 -3.23496e-05 -0.0168187 0.083228 -3.82021e-05 0.000180977 3.94235e-06 -3.82021e-05 0.00918905 -0.0167909 -3.23496e-05 0.000180977 -0.0167909 0.0828079 
0.00916395 -0.0168572 -1.31761e-06 -2.42249e-05 -0.0168572 0.0833978 -2.76443e-05 0.000156312 -1.31761e-06 -2.76443e-05 0.00917456 -0.0168042 -2.42249e-05 0.000156312 -0.0168042 0.0828753 
0.00919494 -0.0169143 6.23085e-07 -1.95732e-05 -0.0169143 0.0835848 -1.96238e-05 0.000136348 6.23085e-07 -1.96238e-05 0.0091698 -0.0167883 -1.95732e-05 0.000136348 -0.0167883 0.0828996 
0.009209 -0.0169591 -6.69074e-06 -2.47217e-05 -0.0169591 0.0837526 -2.30676e-05 0.000137432 -6.69074e-06 -2.30676e-05 0.00918793 -0.0167781 -2.47217e-05 0.000137432 -0.0167781 0.0828902 
0.0092107 -0.0169802 -1.60983e-05 -1.92117e-05 -0.0169802 0.0838606 -1.75329e-05 0.000135898 -1.60983e-05 -1.75329e-05 0.00919856 -0.016793 -1.92117e-05 0.000135898 -0.016793 0.0828991 
0.00922136 -0.0170155 -2.0095e-05 -8.98106e-06 -0.0170155 0.0840704 -6.35492e-06 0.000118626 -2.0095e-05 -6.35492e-06 0.00922534 -0.0168395 -8.98106e-06 0.000118626 -0.0168395 0.0830909 
0.00922048 -0.0170143 -2.4184e-05 4.20369e-07 -0.0170143 0.0841187 1.57187e-07 9.50987e-05 -2.4184e-05 1.57187e-07 0.00923931 -0.016862 4.20369e-07 9.50987e-05 -0.016862 0.0831767 
0.00919897 -0.0169618 -2.06471e-05 1.10064e-05 -0.0169618 0.0838856 7.05115e-06 6.82298e-05 -2.06471e-05 7.05115e-06 0.00921132 -0.0168263 1.10064e-05 6.82298e-05 -0.0168263 0.0829847 
0.00916857 -0.0169186 1.8037e-07 4.67502e-06 -0.0169186 0.0836712 -5.92473e-07 7.06731e-05 1.8037e-07 -5.92473e-07 0.00920121 -0.0167884 4.67502e-06 7.06731e-05 -0.0167884 0.0828124 
0.00912975 -0.0168655 1.43848e-05 -2.11016e-05 -0.0168655 0.0834441 -2.51979e-05 0.00011211 1.43848e-05 -2.51979e-05 0.00919174 -0.0167627 -2.11016e-05 0.00011211 -0.0167627 0.0826454 
0.00910451 -0.0168572 2.96722e-06 -4.22808e-05 -0.0168572 0.0834635 -4.4546e-05 0.000167728 2.96722e-06 -4.4546e-05 0.00921665 -0.0167941 -4.22808e-05 0.000167728 -0.0167941 0.0827604 
0.00908432 -0.0167776 2.03311e-06 -3.4658e-05 -0.0167776 0.0831898 -3.44618e-05 0.000183127 2.03311e-06 -3.44618e-05 0.00918793 -0.0167807 -3.4658e-05 0.000183127 -0.0167807 0.08264 
0.00906523 -0.0167285 1.326e-05 -3.29165e-05 -0.0167285 0.0829229 -3.14959e-05 0.00017831 1.326e-05 -3.14959e-05 0.00916026 -0.0167347 -3.29165e-05 0.00017831 -0.0167347 0.0824668 
0.00907311 -0.0167299 1.43362e-05 -4.2727e-05 -0.0167299 0.0828961 -4.21049e-05 0.000188505 1.43362e-05 -4.21049e-05 0.00914913 -0.0167254 -4.2727e-05 0.000188505 -0.0167254 0.0824522 
0.00909295 -0.0167649 2.67315e-05 -4.25547e-05 -0.0167649 0.0830346 -4.22078e-05 0.000192628 2.67315e-05 -4.22078e-05 0.00914933 -0.0167435 -4.25547e-05 0.000192628 -0.0167435 0.082573 
0.009128 -0.0167968 1.73761e-05 -5.51335e-05 -0.0167968 0.0831738 -5.40607e-05 0.000207253 1.73761e-05 -5.40607e-05 0.00913758 -0.0167535 -5.51335e-05 0.000207253 -0.0167535 0.082677 
0.00912547 -0.0167618 1.45488e-05 -4.41419e-05 -0.0167618 0.0829166 -4.16417e-05 0.000195674 1.45488e-05 -4.16417e-05 0.00907542 -0.0166592 -4.41419e-05 0.000195674 -0.0166592 0.0823141 
0.00907775 -0.0167193 1.98e-05 -3.68687e-05 -0.0167193 0.0825921 -3.49817e-05 0.000170724 1.98e-05 -3.49817e-05 0.00903637 -0.0165354 -3.68687e-05 0.000170724 -0.0165354 0.0818037 
0.0096797 -0.0178677 1.04563e-05 -4.03246e-05 -0.0178677 0.0883031 -4.28497e-05 0.000172292 1.04563e-05 -4.28497e-05 0.009683 -0.0176734 -4.03246e-05 0.000172292 -0.0176734 0.0873633 
0.00964542 -0.0178231 -9.69352e-06 -2.57522e-05 -0.0178231 0.0881717 -3.20633e-05 0.000149893 -9.69352e-06 -3.20633e-05 0.00969234 -0.0176844 -2.57522e-05 0.000149893 -0.0176844 0.0872894 
0.00965035 -0.0178319 -4.13052e-05 2.02587e-06 -0.0178319 0.0882987 -8.25019e-06 9.76786e-05 -4.13052e-05 -8.25019e-06 0.00971794 -0.0177557 2.02587e-06 9.76786e-05 -0.0177557 0.0875558 
0.00962242 -0.0177679 -3.94727e-05 3.98737e-05 -0.0177679 0.088016 3.00507e-05 1.4194e-05 -3.94727e-05 3.00507e-05 0.00969292 -0.0177151 3.98737e-05 1.4194e-05 -0.0177151 0.087373 
0.00961186 -0.0177366 -2.96872e-05 3.90665e-05 -0.0177366 0.0878558 3.15492e-05 -2.69397e-05 -2.96872e-05 3.15492e-05 0.00966807 -0.0176904 3.90665e-05 -2.69397e-05 -0.0176904 0.0872602 
0.00960345 -0.0177194 -3.20457e-05 2.33545e-05 -0.0177194 0.0877455 1.85938e-05 -1.28137e-05 -3.20457e-05 1.85938e-05 0.00964583 -0.0176573 2.33545e-05 -1.28137e-05 -0.0176573 0.0871434 
0.00960715 -0.0177324 -2.446e-05 2.2428e-05 -0.0177324 0.0878014 1.97693e-05 1.29258e-06 -2.446e-05 1.97693e-05 0.00964061 -0.0176576 2.2428e-05 1.29258e-06 -0.0176576 0.0871798 
0.00959325 -0.0177319 -1.18704e-05 1.28234e-05 -0.0177319 0.087814 1.20855e-05 1.70717e-05 -1.18704e-05 1.20855e-05 0.00965457 -0.0176512 1.28234e-05 1.70717e-05 -0.0176512 0.0871834 
0.00960499 -0.0177602 -8.03288e-06 -4.50877e-06 -0.0177602 0.0880235 -7.49221e-07 4.84627e-05 -8.03288e-06 -7.49221e-07 0.00969043 -0.0177166 -4.50877e-06 4.84627e-05 -0.0177166 0.0874518 
0.00960977 -0.017773 -1.45975e-05 -1.32238e-05 -0.017773 0.0881403 -3.19922e-06 7.20506e-05 -1.45975e-05 -3.19922e-06 0.00971951 -0.0177642 -1.32238e-05 7.20506e-05 -0.0177642 0.0876644 
0.00961403 -0.0177439 -1.55833e-05 -5.26171e-06 -0.0177439 0.0880398 4.57403e-06 6.70204e-05 -1.55833e-05 4.57403e-06 0.00970444 -0.0177687 -5.26171e-06 6.70204e-05 -0.0177687 0.0876613 
0.00897748 -0.0165824 -8.30129e-06 1.90654e-06 -0.0165824 0.0822281 4.3522e-06 4.91409e-05 -8.30129e-06 4.3522e-06 0.00906869 -0.0165898 1.90654e-06 4.91409e-05 -0.0165898 0.0818969 
0.00899271 -0.0165959 -1.91537e-05 1.00286e-06 -0.0165959 0.082305 -2.27353e-06 4.48055e-05 -1.91537e-05 -2.27353e-06 0.00906957 -0.016605 1.00286e-06 4.48055e-05 -0.016605 0.0819664 
0.00960635 -0.017738 -2.24278e-05 1.45818e-05 -0.017738 0.087939 8.85437e-06 3.00731e-05 -2.24278e-05 8.85437e-06 0.00968733 -0.0177284 1.45818e-05 3.00731e-05 -0.0177284 0.0875471 
0.00957247 -0.0176755 -1.61833e-05 1.92866e-05 -0.0176755 0.0876406 1.38861e-05 7.52602e-06 -1.61833e-05 1.38861e-05 0.00966095 -0.0176642 1.92866e-05 7.52602e-06 -0.0176642 0.0872283 
0.00960791 -0.0177017 -9.88552e-06 1.56601e-05 -0.0177017 0.0877772 6.98758e-06 3.9067e-06 -9.88552e-06 6.98758e-06 0.00966187 -0.0177055 1.56601e-05 3.9067e-06 -0.0177055 0.0873906 
0.00959879 -0.0176471 -3.26107e-06 9.39678e-06 -0.0176471 0.0874153 -3.80945e-06 1.76091e-05 -3.26107e-06 -3.80945e-06 0.00959753 -0.0176078 9.39678e-06 1.76091e-05 -0.0176078 0.0869796 
0.0096314 -0.0176932 9.11181e-07 1.00069e-06 -0.0176932 0.0875076 -1.51894e-05 4.09721e-05 9.11181e-07 -1.51894e-05 0.00956632 -0.0175782 1.00069e-06 4.09721e-05 -0.0175782 0.0869115 
0.00961824 -0.0177489 3.01217e-06 -2.05058e-06 -0.0177489 0.0876689 -1.62623e-05 4.94608e-05 3.01217e-06 -1.62623e-05 0.00958345 -0.0175431 -2.05058e-06 4.94608e-05 -0.0175431 0.0868436 
0.00962568 -0.0177942 1.07386e-05 -6.22184e-06 -0.0177942 0.0880017 -1.3253e-05 4.89114e-05 1.07386e-05 -1.3253e-05 0.00963795 -0.0176131 -6.22184e-06 4.89114e-05 -0.0176131 0.0870977 
0.00960217 -0.0177734 -1.04542e-06 -2.05151e-05 -0.0177734 0.0880046 -1.71934e-05 6.16412e-05 -1.04542e-06 -1.71934e-05 0.00966382 -0.017647 -2.05151e-05 6.16412e-05 -0.017647 0.0871702 
0.00957624 -0.0177138 -8.58565e-06 -1.19737e-05 -0.0177138 0.0878209 -2.7299e-06 5.41929e-05 -8.58565e-06 -2.7299e-06 0.00967147 -0.0176585 -1.19737e-05 5.41929e-05 -0.0176585 0.0871468 
0.00959551 -0.0176973 -4.66946e-06 -3.23651e-06 -0.0176973 0.0877818 7.73368e-06 3.29569e-05 -4.66946e-06 7.73368e-06 0.00966231 -0.0176973 -3.23651e-06 3.29569e-05 -0.0176973 0.0872794 
