0.00672717 0 5.80003e-05 0 0 0.00936413 0 0 5.80003e-05 0 0.00649455 0 0 0 0 0.00936413 
0.00983613 -0.0122048 7.53156e-05 -9.14418e-05 -0.0122048 0.0322947 -9.14418e-05 0.000175317 7.53156e-05 -9.14418e-05 0.00955652 -0.011867 -9.14418e-05 0.000175317 -0.011867 0.0316468 
0.00926105 -0.0171986 5.03758e-05 -7.06087e-05 -0.0171986 0.0633273 -7.06087e-05 0.000214331 5.03758e-05 -7.06087e-05 0.00908901 -0.0170059 -7.06087e-05 0.000214331 -0.0170059 0.0627744 
0.0087019 -0.0166509 2.11411e-05 -1.36679e-05 -0.0166509 0.0744972 -1.40381e-05 -2.38853e-05 2.11411e-05 -1.40381e-05 0.00858228 -0.0167629 -1.36679e-05 -2.38853e-05 -0.0167629 0.0754218 
0.00920384 -0.0170573 1.9828e-05 1.57898e-05 -0.0170573 0.0818531 1.45598e-05 -0.000184177 1.9828e-05 1.45598e-05 0.0090883 -0.0172014 1.57898e-05 -0.000184177 -0.0172014 0.0835464 
0.00895495 -0.0164051 9.27035e-06 4.88673e-06 -0.0164051 0.0800988 5.94288e-06 -0.000169078 9.27035e-06 5.94288e-06 0.00890712 -0.016461 4.88673e-06 -0.000169078 -0.016461 0.0814334 
0.0093972 -0.0171911 -1.90841e-06 8.55774e-06 -0.0171911 0.0844304 1.07387e-05 -0.000137883 -1.90841e-06 1.07387e-05 0.00942834 -0.0172878 8.55774e-06 -0.000137883 -0.0172878 0.0855162 
0.00913381 -0.0166994 -1.24082e-05 2.30538e-05 -0.0166994 0.0823174 2.22413e-05 -0.00013096 -1.24082e-05 2.22413e-05 0.00921399 -0.0168942 2.30538e-05 -0.00013096 -0.0168942 0.083377 
0.00964433 -0.0176081 -1.71073e-05 4.33803e-05 -0.0176081 0.0869658 3.93844e-05 -0.000168156 -1.71073e-05 3.93844e-05 0.00974257 -0.0178996 4.33803e-05 -0.000168156 -0.0178996 0.0882502 
0.00952538 -0.0173426 -2.63489e-05 4.90285e-05 -0.0173426 0.0856891 4.322e-05 -0.000188746 -2.63489e-05 4.322e-05 0.00959314 -0.0176633 4.90285e-05 -0.000188746 -0.0176633 0.0870972 
0.00943971 -0.0171802 -3.14996e-05 6.17267e-05 -0.0171802 0.0847953 5.67305e-05 -0.000218933 -3.14996e-05 5.67305e-05 0.00949173 -0.017472 6.17267e-05 -0.000218933 -0.017472 0.0862185 
0.00935971 -0.0170321 -3.2363e-05 6.95973e-05 -0.0170321 0.0840038 6.6935e-05 -0.000250258 -3.2363e-05 6.6935e-05 0.00940541 -0.017305 6.95973e-05 -0.000250258 -0.017305 0.0853995 
0.00931865 -0.0169923 -2.86392e-05 6.4291e-05 -0.0169923 0.0837587 6.73893e-05 -0.000254261 -2.86392e-05 6.73893e-05 0.00939074 -0.017256 6.4291e-05 -0.000254261 -0.017256 0.0851348 
0.00929227 -0.0169548 1.5275e-06 5.40473e-05 -0.0169548 0.0836098 6.26173e-05 -0.000239617 1.5275e-06 6.26173e-05 0.00938571 -0.0172432 5.40473e-05 -0.000239617 -0.0172432 0.0850073 
0.00929875 -0.0169522 9.6305e-06 1.59373e-05 -0.0169522 0.0836296 2.62667e-05 -0.000175073 9.6305e-06 2.62667e-05 0.00938749 -0.0172732 1.59373e-05 -0.000175073 -0.0172732 0.0851 
0.00933254 -0.0169945 3.25099e-06 2.34353e-06 -0.0169945 0.0838154 1.14426e-05 -0.000114112 3.25099e-06 1.14426e-05 0.0093796 -0.0173112 2.34353e-06 -0.000114112 -0.0173112 0.0853132 
0.00934568 -0.0170163 8.60602e-06 1.14948e-05 -0.0170163 0.0838654 1.68295e-05 -0.000102235 8.60602e-06 1.68295e-05 0.00933617 -0.0172763 1.14948e-05 -0.000102235 -0.0172763 0.0852715 
0.0093515 -0.0170015 1.74031e-05 1.02242e-05 -0.0170015 0.083753 1.03805e-05 -9.96135e-05 1.74031e-05 1.03805e-05 0.00927436 -0.0171787 1.02242e-05 -9.96135e-05 -0.0171787 0.0849607 
0.00935507 -0.0169933 2.61011e-05 -1.22763e-07 -0.0169933 0.0836312 -3.86584e-06 -7.58154e-05 2.61011e-05 -3.86584e-06 0.0092203 -0.0170768 -1.22763e-07 -7.58154e-05 -0.0170768 0.0845884 
0.0093437 -0.0169888 2.54456e-05 -1.06205e-05 -0.0169888 0.0835279 -1.452e-05 -4.84345e-05 2.54456e-05 -1.452e-05 0.00918569 -0.0169885 -1.06205e-05 -4.84345e-05 -0.0169885 0.0842296 
0.00932346 -0.0169859 1.4521e-05 -9.85613e-06 -0.0169859 0.0834959 -1.21394e-05 -3.95845e-05 1.4521e-05 -1.21394e-05 0.00916721 -0.0169428 -9.85613e-06 -3.95845e-05 -0.0169428 0.0840067 
0.00929347 -0.0169401 1.03833e-05 3.28308e-06 -0.0169401 0.0833281 1.40821e-06 -5.83882e-05 1.03833e-05 1.40821e-06 0.00914234 -0.0168936 3.28308e-06 -5.83882e-05 -0.0168936 0.0837525 
0.00928016 -0.0169036 2.7258e-05 6.70683e-06 -0.0169036 0.0831898 5.68095e-06 -7.34116e-05 2.7258e-05 5.68095e-06 0.0091246 -0.0168624 6.70683e-06 -7.34116e-05 -0.0168624 0.0835909 
0.00928089 -0.0168989 3.69055e-05 -1.60805e-05 -0.0168989 0.0831634 -1.52229e-05 -4.22382e-05 3.69055e-05 -1.52229e-05 0.00912535 -0.0168585 -1.60805e-05 -4.22382e-05 -0.0168585 0.0835647 
0.00928939 -0.0169579 3.68374e-05 -3.06911e-05 -0.0169579 0.0834349 -3.2432e-05 5.68629e-06 3.68374e-05 -3.2432e-05 0.00918258 -0.0169142 -3.06911e-05 5.68629e-06 -0.0169142 0.0838273 
0.00928253 -0.0169461 3.56691e-05 -3.13074e-05 -0.0169461 0.0834619 -3.6809e-05 3.23515e-05 3.56691e-05 -3.6809e-05 0.00921774 -0.0169622 -3.13074e-05 3.23515e-05 -0.0169622 0.0839426 
0.00931784 -0.0169837 3.34519e-05 -2.99576e-05 -0.0169837 0.0836893 -3.67254e-05 4.12438e-05 3.34519e-05 -3.67254e-05 0.00924298 -0.0170572 -2.99576e-05 4.12438e-05 -0.0170572 0.0843168 
0.00933293 -0.0169819 4.27043e-05 -2.55119e-05 -0.0169819 0.0836425 -2.95964e-05 3.16001e-05 4.27043e-05 -2.95964e-05 0.00921436 -0.0170462 -2.55119e-05 3.16001e-05 -0.0170462 0.0843197 
0.00931833 -0.0169835 4.50653e-05 -3.46186e-05 -0.0169835 0.0835674 -3.27622e-05 2.91272e-05 4.50653e-05 -3.27622e-05 0.00919589 -0.0169856 -3.46186e-05 2.91272e-05 -0.0169856 0.0841418 
0.00927477 -0.0169386 4.85597e-05 -4.05118e-05 -0.0169386 0.0833687 -3.48063e-05 3.72163e-05 4.85597e-05 -3.48063e-05 0.00919197 -0.0169286 -4.05118e-05 3.72163e-05 -0.0169286 0.0838591 
0.00926084 -0.01691 5.27857e-05 -4.42495e-05 -0.01691 0.0833087 -4.16729e-05 4.98989e-05 5.27857e-05 -4.16729e-05 0.00919531 -0.016945 -4.42495e-05 4.98989e-05 -0.016945 0.0838395 
0.00927046 -0.0169222 4.6546e-05 -4.70552e-05 -0.0169222 0.0834002 -5.10624e-05 6.47344e-05 4.6546e-05 -5.10624e-05 0.00919724 -0.0169845 -4.70552e-05 6.47344e-05 -0.0169845 0.0840104 
0.00926823 -0.0169 3.00982e-05 -3.84834e-05 -0.0169 0.0832966 -4.66854e-05 6.2905e-05 3.00982e-05 -4.66854e-05 0.00917749 -0.0169535 -3.84834e-05 6.2905e-05 -0.0169535 0.0839242 
0.00925698 -0.0169041 2.40737e-05 -1.94807e-05 -0.0169041 0.0832898 -2.53206e-05 2.92378e-05 2.40737e-05 -2.53206e-05 0.00918004 -0.0169402 -1.94807e-05 2.92378e-05 -0.0169402 0.0838941 
0.00925092 -0.01689 2.13596e-05 -1.18306e-05 -0.01689 0.0832665 -1.3443e-05 -6.22584e-06 2.13596e-05 -1.3443e-05 0.00918253 -0.0169425 -1.18306e-05 -6.22584e-06 -0.0169425 0.0838847 
0.00924367 -0.0168574 1.82252e-05 -8.16351e-06 -0.0168574 0.0831211 -6.76856e-06 -2.88175e-05 1.82252e-05 -6.76856e-06 0.00917254 -0.0169216 -8.16351e-06 -2.88175e-05 -0.0169216 0.0837687 
0.00924851 -0.0168755 1.8429e-05 -3.35142e-06 -0.0168755 0.0831749 -1.35423e-06 -4.80982e-05 1.8429e-05 -1.35423e-06 0.00918367 -0.0169384 -3.35142e-06 -4.80982e-05 -0.0169384 0.0838381 
0.00924101 -0.0168939 1.05996e-05 -4.81789e-06 -0.0168939 0.0832741 -2.37803e-06 -5.31289e-05 1.05996e-05 -2.37803e-06 0.00920711 -0.0169681 -4.81789e-06 -5.31289e-05 -0.0169681 0.0839642 
0.00919217 -0.0168212 -7.44065e-07 5.76171e-06 -0.0168212 0.0829939 1.04055e-05 -7.43275e-05 -7.44065e-07 1.04055e-05 0.00920059 -0.0169351 5.76171e-06 -7.43275e-05 -0.0169351 0.083758 
0.00918899 -0.0168006 -6.63964e-06 2.16372e-05 -0.0168006 0.0829664 2.81091e-05 -0.000115433 -6.63964e-06 2.81091e-05 0.00920883 -0.0169656 2.16372e-05 -0.000115433 -0.0169656 0.0838439 
0.00921936 -0.0168444 -1.62499e-05 2.80075e-05 -0.0168444 0.0831888 3.63332e-05 -0.000145534 -1.62499e-05 3.63332e-05 0.00923317 -0.0170286 2.80075e-05 -0.000145534 -0.0170286 0.0841542 
0.00921657 -0.0168184 -8.2466e-06 3.84351e-05 -0.0168184 0.0830293 4.53016e-05 -0.00016826 -8.2466e-06 4.53016e-05 0.00920809 -0.0169822 3.84351e-05 -0.00016826 -0.0169822 0.0839767 
0.0091955 -0.0168054 1.12317e-05 2.62223e-05 -0.0168054 0.0829067 2.88486e-05 -0.000148831 1.12317e-05 2.88486e-05 0.00920533 -0.0169389 2.62223e-05 -0.000148831 -0.0169389 0.083786 
0.00921059 -0.0168195 3.66611e-05 4.04897e-06 -0.0168195 0.0829978 2.99661e-06 -9.97434e-05 3.66611e-05 2.99661e-06 0.00920974 -0.0169679 4.04897e-06 -9.97434e-05 -0.0169679 0.0838589 
0.00923567 -0.0168199 4.02496e-05 -2.93574e-05 -0.0168199 0.0829835 -3.12808e-05 -2.09412e-05 4.02496e-05 -3.12808e-05 0.00918131 -0.0169646 -2.93574e-05 -2.09412e-05 -0.0169646 0.0838477 
0.00927086 -0.0168569 2.60254e-05 -3.62538e-05 -0.0168569 0.0830514 -3.61056e-05 2.6623e-05 2.60254e-05 -3.61056e-05 0.00916194 -0.0169359 -3.62538e-05 2.6623e-05 -0.0169359 0.0838131 
0.00925055 -0.0168701 2.17342e-05 -1.477e-05 -0.0168701 0.0830038 -1.73393e-05 6.19858e-06 2.17342e-05 -1.73393e-05 0.00917696 -0.0168841 -1.477e-05 6.19858e-06 -0.0168841 0.0836138 
0.00924908 -0.0168777 1.72283e-05 -5.82599e-06 -0.0168777 0.0830932 -1.24884e-05 -2.12612e-05 1.72283e-05 -1.24884e-05 0.00920668 -0.0169325 -5.82599e-06 -2.12612e-05 -0.0169325 0.0837029 
0.00928533 -0.016936 2.31431e-05 1.13519e-06 -0.016936 0.0834204 -8.24416e-06 -3.94636e-05 2.31431e-05 -8.24416e-06 0.00924682 -0.0170402 1.13519e-06 -3.94636e-05 -0.0170402 0.0841437 
0.00931125 -0.0169732 1.82432e-05 -7.84814e-06 -0.0169732 0.0836097 -1.54265e-05 -3.22616e-05 1.82432e-05 -1.54265e-05 0.0092648 -0.0170926 -7.84814e-06 -3.22616e-05 -0.0170926 0.0844224 
0.00933103 -0.01702 -1.34043e-06 -8.99993e-06 -0.01702 0.0838316 -1.10647e-05 -2.3015e-05 -1.34043e-06 -1.10647e-05 0.00929078 -0.017138 -8.99993e-06 -2.3015e-05 -0.017138 0.0846867 
0.00933568 -0.0170281 -1.65929e-05 1.33442e-05 -0.0170281 0.0839084 1.429e-05 -5.55319e-05 -1.65929e-05 1.429e-05 0.00929826 -0.0171629 1.33442e-05 -5.55319e-05 -0.0171629 0.0848148 
0.00932068 -0.0170079 -4.1384e-06 3.71595e-05 -0.0170079 0.0838253 3.73458e-05 -0.000115301 -4.1384e-06 3.73458e-05 0.00929818 -0.0171432 3.71595e-05 -0.000115301 -0.0171432 0.0847574 
0.00929656 -0.0169726 -6.09677e-06 2.79776e-05 -0.0169726 0.0836716 2.21344e-05 -0.000125886 -6.09677e-06 2.21344e-05 0.00929436 -0.0171174 2.79776e-05 -0.000125886 -0.0171174 0.0846158 
0.00929037 -0.0169659 -1.00156e-05 2.70992e-05 -0.0169659 0.0836618 1.76086e-05 -0.000111911 -1.00156e-05 1.76086e-05 0.00930278 -0.0171265 2.70992e-05 -0.000111911 -0.0171265 0.0846253 
0.00927791 -0.0169235 -1.10718e-05 2.97123e-05 -0.0169235 0.0834729 2.21275e-05 -0.000110538 -1.10718e-05 2.21275e-05 0.00928619 -0.0170983 2.97123e-05 -0.000110538 -0.0170983 0.0844585 
0.00929398 -0.016962 -1.60992e-05 2.81074e-05 -0.016962 0.0836438 2.19713e-05 -0.000106272 -1.60992e-05 2.19713e-05 0.0093064 -0.017148 2.81074e-05 -0.000106272 -0.017148 0.0846767 
0.00927846 -0.0169426 -1.88999e-05 3.2859e-05 -0.0169426 0.0835626 2.60807e-05 -0.000109021 -1.88999e-05 2.60807e-05 0.00931603 -0.0171365 3.2859e-05 -0.000109021 -0.0171365 0.0846297 
0.00928025 -0.0169161 -2.26849e-05 3.95792e-05 -0.0169161 0.0834644 3.00787e-05 -0.000120985 -2.26849e-05 3.00787e-05 0.0093047 -0.017146 3.95792e-05 -0.000120985 -0.017146 0.0846099 
0.00926397 -0.0168852 -7.97552e-06 4.32927e-05 -0.0168852 0.0832579 3.33312e-05 -0.000128906 -7.97552e-06 3.33312e-05 0.00928173 -0.0170998 4.32927e-05 -0.000128906 -0.0170998 0.0844195 
0.00925873 -0.0168938 1.23261e-05 2.38603e-05 -0.0168938 0.0832631 1.60867e-05 -0.000103441 1.23261e-05 1.60867e-05 0.00929051 -0.0170896 2.38603e-05 -0.000103441 -0.0170896 0.0843832 
0.00927099 -0.0169086 1.48529e-05 -5.40291e-06 -0.0169086 0.0833543 -8.0942e-06 -4.43167e-05 1.48529e-05 -8.0942e-06 0.00928972 -0.0171201 -5.40291e-06 -4.43167e-05 -0.0171201 0.0844781 
0.00930375 -0.016938 7.70722e-06 -1.57182e-05 -0.016938 0.0834889 -1.06778e-05 -3.50817e-06 7.70722e-06 -1.06778e-05 0.00928437 -0.0171388 -1.57182e-05 -3.50817e-06 -0.0171388 0.0846099 
0.00936997 -0.0170327 3.48691e-06 -9.02104e-06 -0.0170327 0.0838804 3.28211e-08 -4.06434e-06 3.48691e-06 3.28211e-08 0.00928774 -0.0171863 -9.02104e-06 -4.06434e-06 -0.0171863 0.0849251 
0.00942587 -0.0171296 2.7086e-06 -2.689e-06 -0.0171296 0.0842608 3.9487e-06 -1.48357e-05 2.7086e-06 3.9487e-06 0.00928119 -0.0171987 -2.689e-06 -1.48357e-05 -0.0171987 0.0851274 
0.00944157 -0.0172054 -8.49607e-06 2.63162e-06 -0.0172054 0.0845735 9.45529e-07 -2.04937e-05 -8.49607e-06 9.45529e-07 0.00928833 -0.0171866 2.63162e-06 -2.04937e-05 -0.0171866 0.0852059 
0.00940861 -0.0171103 -1.41889e-05 1.97627e-05 -0.0171103 0.0841782 1.08462e-05 -4.15619e-05 -1.41889e-05 1.08462e-05 0.00923138 -0.0170711 1.97627e-05 -4.15619e-05 -0.0170711 0.0846619 
0.00936467 -0.0170542 -1.15412e-05 2.76607e-05 -0.0170542 0.0838561 1.66192e-05 -6.27821e-05 -1.15412e-05 1.66192e-05 0.00921599 -0.0169885 2.76607e-05 -6.27821e-05 -0.0169885 0.0842533 
0.00930898 -0.0169878 -1.81369e-06 2.22912e-05 -0.0169878 0.0835618 1.37813e-05 -6.22216e-05 -1.81369e-06 1.37813e-05 0.00923395 -0.0169576 2.22912e-05 -6.22216e-05 -0.0169576 0.0839777 
0.00930395 -0.0169766 -3.16254e-06 6.00752e-06 -0.0169766 0.0836059 2.71362e-06 -3.54648e-05 -3.16254e-06 2.71362e-06 0.0092575 -0.0170496 6.00752e-06 -3.54648e-05 -0.0170496 0.0842182 
0.00933761 -0.0169889 -1.40337e-05 3.27519e-06 -0.0169889 0.0837099 2.90637e-06 -1.71152e-05 -1.40337e-05 2.90637e-06 0.00924901 -0.0171124 3.27519e-06 -1.71152e-05 -0.0171124 0.0845207 
0.0093444 -0.0169926 -2.32804e-05 1.79624e-05 -0.0169926 0.0836461 1.37907e-05 -3.00378e-05 -2.32804e-05 1.37907e-05 0.00922651 -0.0170695 1.79624e-05 -3.00378e-05 -0.0170695 0.0844653 
0.00931962 -0.0170153 -1.30389e-05 3.07184e-05 -0.0170153 0.0837005 2.19909e-05 -5.28017e-05 -1.30389e-05 2.19909e-05 0.00925111 -0.0170443 3.07184e-05 -5.28017e-05 -0.0170443 0.084415 
0.00930878 -0.0170199 -4.87282e-06 1.61531e-05 -0.0170199 0.083846 7.4373e-06 -3.60901e-05 -4.87282e-06 7.4373e-06 0.00929344 -0.0171039 1.61531e-05 -3.60901e-05 -0.0171039 0.0845935 
0.00930941 -0.0170037 4.87779e-07 5.35076e-06 -0.0170037 0.0838785 -1.45525e-06 -8.98913e-06 4.87779e-07 -1.45525e-06 0.00932686 -0.0171596 5.35076e-06 -8.98913e-06 -0.0171596 0.0847769 
0.00932596 -0.0169915 3.09235e-07 -2.1885e-06 -0.0169915 0.0838404 -6.30017e-06 1.2662e-05 3.09235e-07 -6.30017e-06 0.00931308 -0.0171931 -2.1885e-06 1.2662e-05 -0.0171931 0.0848853 
0.00932158 -0.0169858 -1.16075e-05 1.856e-07 -0.0169858 0.0837349 -2.51992e-07 9.39157e-06 -1.16075e-05 -2.51992e-07 0.00927938 -0.01715 1.856e-07 9.39157e-06 -0.01715 0.0847768 
0.00928005 -0.016898 -2.77953e-05 1.50076e-05 -0.016898 0.0832755 1.68428e-05 -2.06647e-05 -2.77953e-05 1.68428e-05 0.00921121 -0.0170201 1.50076e-05 -2.06647e-05 -0.0170201 0.0842243 
0.00926084 -0.0168617 -2.26789e-05 3.48182e-05 -0.0168617 0.0830527 3.69764e-05 -6.88122e-05 -2.26789e-05 3.69764e-05 0.00917747 -0.016945 3.48182e-05 -6.88122e-05 -0.016945 0.0838919 
0.00926427 -0.0168669 -5.61227e-06 2.85657e-05 -0.0168669 0.0830343 3.09183e-05 -7.978e-05 -5.61227e-06 3.09183e-05 0.00917058 -0.0169157 2.85657e-05 -7.978e-05 -0.0169157 0.0837548 
0.00925965 -0.0168918 2.04877e-05 8.46614e-06 -0.0168918 0.0831176 1.12251e-05 -5.0009e-05 2.04877e-05 1.12251e-05 0.00917946 -0.0169184 8.46614e-06 -5.0009e-05 -0.0169184 0.0837448 
0.0092315 -0.0168557 3.36055e-05 -2.58233e-05 -0.0168557 0.082988 -2.50681e-05 2.37397e-05 3.36055e-05 -2.50681e-05 0.00917279 -0.0168942 -2.58233e-05 2.37397e-05 -0.0168942 0.0835852 
0.0092387 -0.0168741 3.20417e-05 -4.21119e-05 -0.0168741 0.0831325 -4.59074e-05 8.86942e-05 3.20417e-05 -4.59074e-05 0.00918772 -0.0169446 -4.21119e-05 8.86942e-05 -0.0169446 0.0837813 
0.00921698 -0.0168353 3.07263e-05 -3.82167e-05 -0.0168353 0.0829847 -4.46616e-05 0.000108999 3.07263e-05 -4.46616e-05 0.00917287 -0.0169244 -3.82167e-05 0.000108999 -0.0169244 0.0836968 
0.00923316 -0.0168418 1.24585e-05 -3.50207e-05 -0.0168418 0.083044 -3.92818e-05 0.00010235 1.24585e-05 -3.92818e-05 0.00916892 -0.0169398 -3.50207e-05 0.00010235 -0.0169398 0.0837944 
0.00922039 -0.0168166 -1.44978e-05 -1.38026e-05 -0.0168166 0.0828851 -1.72991e-05 6.60486e-05 -1.44978e-05 -1.72991e-05 0.00915114 -0.01689 -1.38026e-05 6.60486e-05 -0.01689 0.0836093 
0.00922569 -0.0168093 -1.76805e-05 1.7035e-05 -0.0168093 0.0828241 1.45432e-05 2.5044e-06 -1.76805e-05 1.45432e-05 0.00913374 -0.0168676 1.7035e-05 2.5044e-06 -0.0168676 0.0834965 
0.00921968 -0.0167989 -4.30842e-06 2.13185e-05 -0.0167989 0.0827226 2.13329e-05 -3.6628e-05 -4.30842e-06 2.13329e-05 0.00912453 -0.0168292 2.13185e-05 -3.6628e-05 -0.0168292 0.0833277 
0.00924844 -0.0168682 4.81776e-06 3.7972e-06 -0.0168682 0.0830344 9.2128e-06 -2.70695e-05 4.81776e-06 9.2128e-06 0.00915848 -0.0168903 3.7972e-06 -2.70695e-05 -0.0168903 0.0835942 
0.0092501 -0.0168735 1.5245e-05 -1.20906e-05 -0.0168735 0.0830791 -4.3871e-06 9.35456e-06 1.5245e-05 -4.3871e-06 0.00917043 -0.0169022 -1.20906e-05 9.35456e-06 -0.0169022 0.083633 
0.00926216 -0.0169025 2.53007e-05 -2.44753e-05 -0.0169025 0.0832369 -1.98562e-05 4.80617e-05 2.53007e-05 -1.98562e-05 0.00919739 -0.0169479 -2.44753e-05 4.80617e-05 -0.0169479 0.0838218 
0.00928401 -0.016927 3.96993e-06 -3.40908e-05 -0.016927 0.083387 -3.4283e-05 8.18605e-05 3.96993e-06 -3.4283e-05 0.00921405 -0.0169985 -3.40908e-05 8.18605e-05 -0.0169985 0.0840383 
0.00931513 -0.0169802 -1.17322e-05 -7.85484e-06 -0.0169802 0.0836313 -9.04256e-06 5.60791e-05 -1.17322e-05 -9.04256e-06 0.00923646 -0.0170524 -7.85484e-06 5.60791e-05 -0.0170524 0.084327 
0.0093276 -0.0169988 -3.82709e-05 1.25295e-05 -0.0169988 0.083711 1.3956e-05 1.77755e-06 -3.82709e-05 1.3956e-05 0.00924289 -0.01706 1.25295e-05 1.77755e-06 -0.01706 0.0844042 
0.00932767 -0.0170008 -3.7997e-05 4.59085e-05 -0.0170008 0.0837113 4.96215e-05 -7.5165e-05 -3.7997e-05 4.96215e-05 0.00923872 -0.0170563 4.59085e-05 -7.5165e-05 -0.0170563 0.0843954 
0.00933684 -0.0170055 -3.23333e-05 4.39973e-05 -0.0170055 0.0837349 5.02511e-05 -0.000107741 -3.23333e-05 5.02511e-05 0.00923182 -0.0170542 4.39973e-05 -0.000107741 -0.0170542 0.0844035 
0.00932703 -0.0170094 -2.43795e-05 3.57649e-05 -0.0170094 0.0837378 4.58186e-05 -0.00010608 -2.43795e-05 4.58186e-05 0.00922891 -0.0170463 3.57649e-05 -0.00010608 -0.0170463 0.0843921 
0.00931459 -0.0169773 -1.93588e-05 2.65546e-05 -0.0169773 0.0836241 3.5903e-05 -8.86585e-05 -1.93588e-05 3.5903e-05 0.00921751 -0.0170237 2.65546e-05 -8.86585e-05 -0.0170237 0.084288 
0.00927879 -0.0169467 -8.50679e-06 2.31957e-05 -0.0169467 0.0834721 3.06952e-05 -7.75722e-05 -8.50679e-06 3.06952e-05 0.00922541 -0.0169938 2.31957e-05 -7.75722e-05 -0.0169938 0.0841471 
0.00928313 -0.0169691 -6.09353e-06 1.22446e-05 -0.0169691 0.0836539 1.35956e-05 -5.37342e-05 -6.09353e-06 1.35956e-05 0.00926185 -0.0170601 1.22446e-05 -5.37342e-05 -0.0170601 0.0843903 
0.00926761 -0.0169455 7.51635e-06 1.0796e-05 -0.0169455 0.0836019 2.68064e-06 -2.96335e-05 7.51635e-06 2.68064e-06 0.00928335 -0.0170754 1.0796e-05 -2.96335e-05 -0.0170754 0.0844281 
0.00925259 -0.0169083 2.40292e-05 -2.79241e-06 -0.0169083 0.083468 -1.84128e-05 6.47396e-06 2.40292e-05 -1.84128e-05 0.00929027 -0.017088 -2.79241e-06 6.47396e-06 -0.017088 0.0844107 
0.00923734 -0.0168766 2.49678e-05 -2.15558e-05 -0.0168766 0.0833191 -3.94115e-05 5.38806e-05 2.49678e-05 -3.94115e-05 0.00928674 -0.0170885 -2.15558e-05 5.38806e-05 -0.0170885 0.0843678 
0.00923803 -0.0168248 1.06037e-05 -2.66194e-05 -0.0168248 0.0830614 -3.983e-05 8.07346e-05 1.06037e-05 -3.983e-05 0.00925813 -0.0170532 -2.66194e-05 8.07346e-05 -0.0170532 0.0841761 
0.00927266 -0.0168783 -6.59814e-06 -1.46477e-05 -0.0168783 0.0832025 -1.89016e-05 6.53123e-05 -6.59814e-06 -1.89016e-05 0.00927222 -0.0170732 -1.46477e-05 6.53123e-05 -0.0170732 0.0842963 
0.00928716 -0.0169173 -1.69588e-05 4.60596e-06 -0.0169173 0.0833171 7.48674e-06 1.79092e-05 -1.69588e-05 7.48674e-06 0.0092755 -0.0170895 4.60596e-06 1.79092e-05 -0.0170895 0.0843619 
0.00930969 -0.0169458 -2.87189e-05 2.03422e-05 -0.0169458 0.0834503 2.35277e-05 -3.12937e-05 -2.87189e-05 2.35277e-05 0.00926751 -0.0171111 2.03422e-05 -3.12937e-05 -0.0171111 0.0844726 
0.00932643 -0.0169631 -2.0627e-05 3.37885e-05 -0.0169631 0.0835004 3.2892e-05 -6.31663e-05 -2.0627e-05 3.2892e-05 0.00924563 -0.0170955 3.37885e-05 -6.31663e-05 -0.0170955 0.0844759 
0.00930488 -0.0169346 -2.31374e-05 2.26412e-05 -0.0169346 0.0833057 1.93394e-05 -5.30303e-05 -2.31374e-05 1.93394e-05 0.00920737 -0.0170118 2.26412e-05 -5.30303e-05 -0.0170118 0.0841642 
0.00928082 -0.0169319 -2.36476e-05 2.23206e-05 -0.0169319 0.0832787 1.90101e-05 -3.68183e-05 -2.36476e-05 1.90101e-05 0.00920483 -0.0169756 2.23206e-05 -3.68183e-05 -0.0169756 0.0840177 
0.00926133 -0.0168834 -1.6797e-05 2.26898e-05 -0.0168834 0.0831167 2.23758e-05 -3.69667e-05 -1.6797e-05 2.23758e-05 0.00917725 -0.0169442 2.26898e-05 -3.69667e-05 -0.0169442 0.0838212 
0.00925927 -0.0168164 -1.55457e-05 1.33677e-05 -0.0168164 0.08279 1.56143e-05 -2.54032e-05 -1.55457e-05 1.56143e-05 0.00910417 -0.016866 1.33677e-05 -2.54032e-05 -0.016866 0.0834679 
0.00927081 -0.0168332 -6.72928e-06 1.09797e-05 -0.0168332 0.082726 1.50955e-05 -1.63463e-05 -6.72928e-06 1.50955e-05 0.00906353 -0.0167876 1.09797e-05 -1.63463e-05 -0.0167876 0.0832285 
0.00924536 -0.0168546 1.06058e-05 8.73389e-07 -0.0168546 0.082742 1.0532e-05 -6.86233e-06 1.06058e-05 1.0532e-05 0.0090619 -0.0167285 8.73389e-07 -6.86233e-06 -0.0167285 0.0830076 
0.00922537 -0.0168635 1.96348e-05 -1.93692e-05 -0.0168635 0.0828874 -7.61927e-06 2.423e-05 1.96348e-05 -7.61927e-06 0.00909521 -0.0167598 -1.93692e-05 2.423e-05 -0.0167598 0.0830777 
0.00921194 -0.0168463 1.00039e-05 -2.85401e-05 -0.0168463 0.0829478 -1.89372e-05 5.22688e-05 1.00039e-05 -1.89372e-05 0.00912511 -0.016816 -2.85401e-05 5.22688e-05 -0.016816 0.0832495 
0.00921708 -0.0168535 3.20193e-06 -1.85613e-05 -0.0168535 0.083074 -1.20232e-05 5.37766e-05 3.20193e-06 -1.20232e-05 0.00915963 -0.0168864 -1.85613e-05 5.37766e-05 -0.0168864 0.0835455 
0.00923011 -0.0168831 -1.34095e-05 -5.2445e-06 -0.0168831 0.0832761 -2.33695e-06 2.74708e-05 -1.34095e-05 -2.33695e-06 0.00920202 -0.016962 -5.2445e-06 2.74708e-05 -0.016962 0.0838998 
0.00925764 -0.0169109 -8.82974e-06 1.84918e-05 -0.0169109 0.0834676 1.58914e-05 -1.70839e-05 -8.82974e-06 1.58914e-05 0.00922087 -0.0170317 1.84918e-05 -1.70839e-05 -0.0170317 0.0842235 
0.00925052 -0.0168887 3.24453e-06 1.58038e-05 -0.0168887 0.0833497 1.17056e-05 -3.48437e-05 3.24453e-06 1.17056e-05 0.00920479 -0.017005 1.58038e-05 -3.48437e-05 -0.017005 0.0841597 
0.00924514 -0.016861 8.04833e-06 1.63709e-06 -0.016861 0.0831959 -2.51457e-06 -1.76454e-05 8.04833e-06 -2.51457e-06 0.00918007 -0.0169621 1.63709e-06 -1.76454e-05 -0.0169621 0.0839906 
0.00922671 -0.0168433 2.0025e-05 -7.68238e-06 -0.0168433 0.0830626 -9.98934e-06 7.72323e-06 2.0025e-05 -9.98934e-06 0.00917019 -0.0169183 -7.68238e-06 7.72323e-06 -0.0169183 0.0838063 
0.00918855 -0.0168055 1.73764e-05 -2.46001e-05 -0.0168055 0.0828817 -2.57425e-05 4.519e-05 1.73764e-05 -2.57425e-05 0.0091629 -0.016879 -2.46001e-05 4.519e-05 -0.016879 0.0835834 
0.00913871 -0.016746 5.45402e-06 -2.1562e-05 -0.016746 0.0826587 -2.5846e-05 6.12448e-05 5.45402e-06 -2.5846e-05 0.00916218 -0.0168536 -2.1562e-05 6.12448e-05 -0.0168536 0.0833921 
0.00913056 -0.0166981 -1.07123e-05 -3.95447e-06 -0.0166981 0.0825196 -1.19785e-05 3.91303e-05 -1.07123e-05 -1.19785e-05 0.0091463 -0.0168627 -3.95447e-06 3.91303e-05 -0.0168627 0.0833569 
0.00911779 -0.0166719 -1.99555e-05 1.66705e-05 -0.0166719 0.082363 7.68799e-06 -4.5049e-06 -1.99555e-05 7.68799e-06 0.00912888 -0.0168302 1.66705e-05 -4.5049e-06 -0.0168302 0.0832425 
0.00912016 -0.016675 -1.75749e-05 2.78057e-05 -0.016675 0.0823629 2.30133e-05 -4.54289e-05 -1.75749e-05 2.30133e-05 0.00912811 -0.0168244 2.78057e-05 -4.54289e-05 -0.0168244 0.0832287 
0.00911677 -0.016645 -2.02059e-05 2.42283e-05 -0.016645 0.0821967 2.35357e-05 -6.0512e-05 -2.02059e-05 2.35357e-05 0.00910327 -0.0167835 2.42283e-05 -6.0512e-05 -0.0167835 0.0830273 
0.0091293 -0.0166712 -1.53681e-05 2.47724e-05 -0.0166712 0.0822555 2.63549e-05 -6.38418e-05 -1.53681e-05 2.63549e-05 0.00909223 -0.0167788 2.47724e-05 -6.38418e-05 -0.0167788 0.0830184 
0.00913216 -0.016671 -5.90014e-06 1.63194e-05 -0.016671 0.0822272 1.85107e-05 -4.94196e-05 -5.90014e-06 1.85107e-05 0.00907223 -0.0167513 1.63194e-05 -4.94196e-05 -0.0167513 0.0829171 
0.00913687 -0.0166767 8.38641e-07 8.45881e-07 -0.0166767 0.0822306 3.88836e-06 -1.30346e-05 8.38641e-07 3.88836e-06 0.0090554 -0.0167328 8.45881e-07 -1.30346e-05 -0.0167328 0.0828564 
0.0091455 -0.0167152 -3.87739e-06 -9.70034e-06 -0.0167152 0.082407 -6.44525e-06 2.30798e-05 -3.87739e-06 -6.44525e-06 0.00907019 -0.0167528 -9.70034e-06 2.30798e-05 -0.0167528 0.0829905 
0.00911559 -0.0166569 -1.61986e-05 -4.63708e-06 -0.0166569 0.0821634 -2.5512e-06 3.2478e-05 -1.61986e-05 -2.5512e-06 0.00904175 -0.0167013 -4.63708e-06 3.2478e-05 -0.0167013 0.0827399 
0.00972059 -0.0177609 -2.36782e-05 1.30547e-05 -0.0177609 0.087616 1.3987e-05 7.99215e-06 -2.36782e-05 1.3987e-05 0.00964225 -0.0178055 1.30547e-05 7.99215e-06 -0.0178055 0.088225 
0.00971245 -0.0177145 -2.68829e-05 2.28166e-05 -0.0177145 0.0873875 2.22681e-05 -2.04896e-05 -2.68829e-05 2.22681e-05 0.00960513 -0.0177585 2.28166e-05 -2.04896e-05 -0.0177585 0.0879866 
0.00971105 -0.0177163 -3.35687e-05 3.22737e-05 -0.0177163 0.0873176 2.85517e-05 -4.88501e-05 -3.35687e-05 2.85517e-05 0.00958349 -0.0177197 3.22737e-05 -4.88501e-05 -0.0177197 0.0878436 
0.00972972 -0.0177568 -2.46993e-05 4.08973e-05 -0.0177568 0.0874753 3.38977e-05 -7.00106e-05 -2.46993e-05 3.38977e-05 0.00957447 -0.0177199 4.08973e-05 -7.00106e-05 -0.0177199 0.087881 
0.0097191 -0.0177638 -1.85531e-05 3.0714e-05 -0.0177638 0.0874963 2.28672e-05 -6.20816e-05 -1.85531e-05 2.28672e-05 0.00956837 -0.0176856 3.0714e-05 -6.20816e-05 -0.0176856 0.0877722 
0.00972918 -0.0177901 -1.53851e-05 2.27374e-05 -0.0177901 0.0876784 1.49449e-05 -4.15828e-05 -1.53851e-05 1.49449e-05 0.00958048 -0.0177179 2.27374e-05 -4.15828e-05 -0.0177179 0.08791 
0.00975156 -0.0178119 -2.44766e-05 1.16466e-05 -0.0178119 0.0878287 6.75211e-06 -1.2388e-05 -2.44766e-05 6.75211e-06 0.00959389 -0.0177459 1.16466e-05 -1.2388e-05 -0.0177459 0.0880641 
0.00974599 -0.0178063 -2.20844e-05 1.9228e-05 -0.0178063 0.0877827 1.64981e-05 -1.01708e-05 -2.20844e-05 1.64981e-05 0.00960305 -0.0177325 1.9228e-05 -1.01708e-05 -0.0177325 0.0880126 
0.00907879 -0.0166345 -1.72005e-05 1.66325e-05 -0.0166345 0.0820128 1.67128e-05 -1.3322e-05 -1.72005e-05 1.67128e-05 0.00901093 -0.0165818 1.66325e-05 -1.3322e-05 -0.0165818 0.0822448 
0.00907347 -0.016624 -2.29794e-05 1.25938e-05 -0.016624 0.0820679 1.20546e-05 -7.00235e-06 -2.29794e-05 1.20546e-05 0.00904677 -0.0166526 1.25938e-05 -7.00235e-06 -0.0166526 0.0824385 
0.00907599 -0.0166269 -2.77991e-05 2.23936e-05 -0.0166269 0.0821348 1.7838e-05 -1.64285e-05 -2.77991e-05 1.7838e-05 0.00907859 -0.0167162 2.23936e-05 -1.64285e-05 -0.0167162 0.0826824 
0.00911793 -0.0166682 -2.08552e-05 2.62694e-05 -0.0166682 0.0823672 1.88942e-05 -2.07694e-05 -2.08552e-05 1.88942e-05 0.00910175 -0.0167979 2.62694e-05 -2.07694e-05 -0.0167979 0.0830548 
0.00914412 -0.0167008 -7.78252e-06 1.38607e-05 -0.0167008 0.0824636 9.81346e-06 -1.59955e-06 -7.78252e-06 9.81346e-06 0.00909421 -0.0168046 1.38607e-05 -1.59955e-06 -0.0168046 0.0831622 
0.00915405 -0.0167114 1.32604e-05 -1.28841e-06 -0.0167114 0.0824564 -4.06873e-06 2.96033e-05 1.32604e-05 -4.06873e-06 0.00907361 -0.0167693 -1.28841e-06 2.96033e-05 -0.0167693 0.0830691 
0.00914477 -0.016725 2.71651e-05 -2.66456e-05 -0.016725 0.0824748 -3.04868e-05 8.38903e-05 2.71651e-05 -3.04868e-05 0.0090792 -0.0167401 -2.66456e-05 8.38903e-05 -0.0167401 0.0829738 
0.00911943 -0.016701 2.65532e-05 -4.9049e-05 -0.016701 0.0823977 -5.04674e-05 0.000146776 2.65532e-05 -5.04674e-05 0.00910071 -0.0167319 -4.9049e-05 0.000146776 -0.0167319 0.082872 
0.00911122 -0.016702 1.88333e-05 -5.11823e-05 -0.016702 0.0824831 -4.81279e-05 0.000171672 1.88333e-05 -4.81279e-05 0.00914768 -0.0168064 -5.11823e-05 0.000171672 -0.0168064 0.0830928 
