0.00651781 0 6.34497e-05 0 0 0.00936835 0 0 6.34497e-05 0 0.00670065 0 0 0 0 0.00936835 
0.00958692 -0.0119031 7.61797e-05 -9.2634e-05 -0.0119031 0.0317211 -9.2634e-05 0.000177455 7.61797e-05 -9.2634e-05 0.00980233 -0.0121632 -9.2634e-05 0.000177455 -0.0121632 0.0322204 
0.00993348 -0.0184654 6.69286e-05 -6.48911e-05 -0.0184654 0.0681477 -6.48911e-05 0.000191777 6.69286e-05 -6.48911e-05 0.00997922 -0.018622 -6.48911e-05 0.000191777 -0.018622 0.0685949 
0.00941926 -0.0182375 4.51638e-05 1.68917e-05 -0.0182375 0.0818041 1.44319e-05 -0.000238474 4.51638e-05 1.44319e-05 0.00934214 -0.0180048 1.68917e-05 -0.000238474 -0.0180048 0.0807543 
0.00909966 -0.017192 2.5609e-05 3.01043e-05 -0.017192 0.0830395 3.32711e-05 -0.000445512 2.5609e-05 3.32711e-05 0.00907308 -0.0168174 3.01043e-05 -0.000445512 -0.0168174 0.0810732 
0.00886427 -0.016475 -1.22264e-06 2.39289e-05 -0.016475 0.0811922 3.15126e-05 -0.000390645 -1.22264e-06 3.15126e-05 0.00891835 -0.0162297 2.39289e-05 -0.000390645 -0.0162297 0.0794389 
0.00930497 -0.0172012 -8.33622e-06 4.6916e-05 -0.0172012 0.0851078 5.31224e-05 -0.000355794 -8.33622e-06 5.31224e-05 0.00941564 -0.0170985 4.6916e-05 -0.000355794 -0.0170985 0.083838 
0.00904904 -0.016718 -6.31037e-06 5.61154e-05 -0.016718 0.0827918 5.65648e-05 -0.000324206 -6.31037e-06 5.65648e-05 0.00919932 -0.0167059 5.61154e-05 -0.000324206 -0.0167059 0.0820088 
0.00953183 -0.0175992 -1.96603e-06 6.00215e-05 -0.0175992 0.0872096 5.66966e-05 -0.000327012 -1.96603e-06 5.66966e-05 0.00971436 -0.0176433 6.00215e-05 -0.000327012 -0.0176433 0.0866683 
0.00944478 -0.0174124 4.62269e-06 5.3114e-05 -0.0174124 0.0862878 5.13715e-05 -0.00030731 4.62269e-06 5.13715e-05 0.00960743 -0.0174825 5.3114e-05 -0.00030731 -0.0174825 0.0858931 
0.00941071 -0.0173373 1.40808e-05 4.2062e-05 -0.0173373 0.0858563 4.05303e-05 -0.000279763 1.40808e-05 4.05303e-05 0.00954715 -0.0173836 4.2062e-05 -0.000279763 -0.0173836 0.0854713 
0.00937079 -0.0172481 1.94638e-05 2.89229e-05 -0.0172481 0.0853718 2.95098e-05 -0.000248809 1.94638e-05 2.95098e-05 0.00948358 -0.0172707 2.89229e-05 -0.000248809 -0.0172707 0.0849519 
0.00935822 -0.0172182 2.11866e-05 1.77317e-05 -0.0172182 0.0851658 1.97727e-05 -0.000216569 2.11866e-05 1.97727e-05 0.00944292 -0.0172139 1.77317e-05 -0.000216569 -0.0172139 0.0846901 
0.00934836 -0.0172162 2.59473e-05 1.61289e-05 -0.0172162 0.0851015 1.82989e-05 -0.000201719 2.59473e-05 1.82989e-05 0.00942561 -0.0171733 1.61289e-05 -0.000201719 -0.0171733 0.0845403 
0.00934201 -0.0172144 1.58532e-05 1.03865e-05 -0.0172144 0.0850869 1.27843e-05 -0.000188696 1.58532e-05 1.27843e-05 0.00941885 -0.017152 1.03865e-05 -0.000188696 -0.017152 0.0844449 
0.00932545 -0.0171913 2.78726e-06 2.1824e-05 -0.0171913 0.0849857 2.42674e-05 -0.000197949 2.78726e-06 2.42674e-05 0.00941326 -0.01713 2.1824e-05 -0.000197949 -0.01713 0.0843189 
0.00927551 -0.017136 2.36503e-06 3.62215e-05 -0.017136 0.0847233 3.84911e-05 -0.000224884 2.36503e-06 3.84911e-05 0.00940109 -0.017083 3.62215e-05 -0.000224884 -0.017083 0.0840574 
0.00925226 -0.0170544 1.40797e-06 3.80176e-05 -0.0170544 0.0844072 3.83749e-05 -0.000238368 1.40797e-06 3.83749e-05 0.00935514 -0.0170512 3.80176e-05 -0.000238368 -0.0170512 0.0838234 
0.00924474 -0.0170371 2.66427e-06 4.04297e-05 -0.0170371 0.0842725 3.81032e-05 -0.000242137 2.66427e-06 3.81032e-05 0.00932778 -0.0170124 4.04297e-05 -0.000242137 -0.0170124 0.0837054 
0.00925758 -0.0170768 1.03938e-06 3.86323e-05 -0.0170768 0.084441 3.60605e-05 -0.000239168 1.03938e-06 3.60605e-05 0.00933675 -0.0170255 3.86323e-05 -0.000239168 -0.0170255 0.0838228 
0.00928934 -0.0171082 3.64667e-06 3.59252e-05 -0.0171082 0.0846226 3.9656e-05 -0.000235985 3.64667e-06 3.9656e-05 0.00932861 -0.0170546 3.59252e-05 -0.000235985 -0.0170546 0.0839795 
0.00926541 -0.0170841 3.20694e-06 3.11231e-05 -0.0170841 0.0844632 4.09343e-05 -0.000234198 3.20694e-06 4.09343e-05 0.00930505 -0.0169907 3.11231e-05 -0.000234198 -0.0169907 0.0837661 
0.00921357 -0.0170069 -8.2602e-07 3.22584e-05 -0.0170069 0.0841074 4.12536e-05 -0.000233784 -8.2602e-07 4.12536e-05 0.00927632 -0.0169091 3.22584e-05 -0.000233784 -0.0169091 0.0833733 
0.00918534 -0.0169416 9.82498e-06 4.13093e-05 -0.0169416 0.0838366 4.37188e-05 -0.000243839 9.82498e-06 4.37188e-05 0.00924605 -0.0168745 4.13093e-05 -0.000243839 -0.0168745 0.0831463 
0.0091759 -0.0169002 2.36943e-05 2.95534e-05 -0.0169002 0.0836345 2.67981e-05 -0.000225909 2.36943e-05 2.67981e-05 0.00921185 -0.0168425 2.95534e-05 -0.000225909 -0.0168425 0.0830019 
0.00915094 -0.0168862 2.50266e-05 1.10012e-05 -0.0168862 0.0835115 8.19595e-06 -0.000183496 2.50266e-05 8.19595e-06 0.0092003 -0.0167971 1.10012e-05 -0.000183496 -0.0167971 0.0828506 
0.00912466 -0.0168315 2.37555e-05 6.22416e-06 -0.0168315 0.0833009 5.39497e-06 -0.000154399 2.37555e-05 5.39497e-06 0.0091745 -0.0167669 6.22416e-06 -0.000154399 -0.0167669 0.0826702 
0.00907503 -0.0167491 1.52008e-05 6.44e-06 -0.0167491 0.0829159 5.6516e-06 -0.000143183 1.52008e-05 5.6516e-06 0.00915754 -0.0167003 6.44e-06 -0.000143183 -0.0167003 0.0823563 
0.00903564 -0.0166838 2.68119e-05 1.49511e-05 -0.0166838 0.0826229 1.27558e-05 -0.000147943 2.68119e-05 1.27558e-05 0.00915368 -0.0166766 1.49511e-05 -0.000147943 -0.0166766 0.0821626 
0.00903199 -0.016671 2.67055e-05 3.12102e-06 -0.016671 0.0825748 3.15794e-07 -0.00013467 2.67055e-05 3.15794e-07 0.00915529 -0.0166997 3.12102e-06 -0.00013467 -0.0166997 0.0822084 
0.00902378 -0.0166619 1.73011e-05 3.17222e-06 -0.0166619 0.082517 -2.49029e-07 -0.000124168 1.73011e-05 -2.49029e-07 0.00915708 -0.0166953 3.17222e-06 -0.000124168 -0.0166953 0.0821953 
0.00903386 -0.0166643 1.32135e-05 1.32835e-05 -0.0166643 0.0825347 1.3849e-05 -0.000141409 1.32135e-05 1.3849e-05 0.00914434 -0.0167057 1.32835e-05 -0.000141409 -0.0167057 0.0822281 
0.00904426 -0.0167055 9.98161e-06 1.72592e-05 -0.0167055 0.082712 2.18819e-05 -0.000161098 9.98161e-06 2.18819e-05 0.0091563 -0.0167279 1.72592e-05 -0.000161098 -0.0167279 0.0823926 
0.00905633 -0.0167194 1.02803e-05 1.96966e-05 -0.0167194 0.0828201 2.51874e-05 -0.000171467 1.02803e-05 2.51874e-05 0.00915169 -0.0167412 1.96966e-05 -0.000171467 -0.0167412 0.0824845 
0.00907409 -0.0167553 1.61105e-05 1.54636e-05 -0.0167553 0.0829958 2.32311e-05 -0.000166916 1.61105e-05 2.32311e-05 0.00916371 -0.0167541 1.54636e-05 -0.000166916 -0.0167541 0.0826179 
0.00908119 -0.016751 4.04224e-05 7.61599e-06 -0.016751 0.0829853 1.37021e-05 -0.000147369 4.04224e-05 1.37021e-05 0.00915402 -0.0167412 7.61599e-06 -0.000147369 -0.0167412 0.0825718 
0.00910378 -0.0167601 6.04379e-05 -2.28121e-05 -0.0167601 0.0829956 -2.24334e-05 -8.11378e-05 6.04379e-05 -2.24334e-05 0.00912659 -0.016726 -2.28121e-05 -8.11378e-05 -0.016726 0.0825262 
0.00909387 -0.0167648 5.47243e-05 -4.3071e-05 -0.0167648 0.0829346 -4.7539e-05 -1.54132e-05 5.47243e-05 -4.7539e-05 0.00910903 -0.0166711 -4.3071e-05 -1.54132e-05 -0.0166711 0.0823489 
0.00907595 -0.0167401 2.94599e-05 -3.82971e-05 -0.0167401 0.0828297 -4.46855e-05 8.34626e-06 2.94599e-05 -4.46855e-05 0.00909985 -0.0166377 -3.82971e-05 8.34626e-06 -0.0166377 0.0821772 
0.00906531 -0.0167161 6.3794e-06 -7.71989e-06 -0.0167161 0.0827302 -1.18498e-05 -3.75351e-05 6.3794e-06 -1.18498e-05 0.00909272 -0.0166248 -7.71989e-06 -3.75351e-05 -0.0166248 0.082078 
0.00905162 -0.0167006 -6.16606e-06 2.08296e-05 -0.0167006 0.0826565 2.31161e-05 -0.000115396 -6.16606e-06 2.31161e-05 0.00908832 -0.0166196 2.08296e-05 -0.000115396 -0.0166196 0.0820344 
0.00905339 -0.0166945 -1.10273e-05 3.13926e-05 -0.0166945 0.0826478 4.07226e-05 -0.000167648 -1.10273e-05 4.07226e-05 0.00908157 -0.016624 3.13926e-05 -0.000167648 -0.016624 0.0820533 
0.00964804 -0.0178203 -5.16531e-06 3.6403e-05 -0.0178203 0.0882026 4.94304e-05 -0.000200968 -5.16531e-06 4.94304e-05 0.00971063 -0.0177279 3.6403e-05 -0.000200968 -0.0177279 0.0875475 
0.00964318 -0.0178061 -1.00118e-05 3.04465e-05 -0.0178061 0.0881925 4.02704e-05 -0.000195667 -1.00118e-05 4.02704e-05 0.00972271 -0.0177524 3.04465e-05 -0.000195667 -0.0177524 0.0875809 
0.0090315 -0.0166584 -1.66151e-05 3.79749e-05 -0.0166584 0.082527 4.04628e-05 -0.000187343 -1.66151e-05 4.04628e-05 0.00909406 -0.0166372 3.79749e-05 -0.000187343 -0.0166372 0.0820372 
0.00906017 -0.0166888 -1.71237e-05 5.25251e-05 -0.0166888 0.0826503 4.82316e-05 -0.000211909 -1.71237e-05 4.82316e-05 0.00909472 -0.0166586 5.25251e-05 -0.000211909 -0.0166586 0.0821856 
0.00908025 -0.0167098 -2.71176e-06 5.46737e-05 -0.0167098 0.0826919 4.68882e-05 -0.000225163 -2.71176e-06 4.68882e-05 0.00907691 -0.0166424 5.46737e-05 -0.000225163 -0.0166424 0.0821725 
0.00909006 -0.0167344 1.7697e-05 3.85177e-05 -0.0167344 0.0827411 3.03047e-05 -0.000205839 1.7697e-05 3.03047e-05 0.00907091 -0.016614 3.85177e-05 -0.000205839 -0.016614 0.0821048 
0.00909225 -0.0167466 2.14688e-05 1.08486e-05 -0.0167466 0.082777 2.17809e-06 -0.000148735 2.14688e-05 2.17809e-06 0.00905691 -0.0166 1.08486e-05 -0.000148735 -0.0166 0.0820396 
0.00908 -0.0167334 2.34098e-05 3.42391e-06 -0.0167334 0.0827133 -4.15104e-06 -0.000109322 2.34098e-05 -4.15104e-06 0.00904093 -0.0165652 3.42391e-06 -0.000109322 -0.0165652 0.081904 
0.00968857 -0.017861 3.43904e-05 -2.71912e-06 -0.017861 0.0883154 -6.38712e-06 -9.61021e-05 3.43904e-05 -6.38712e-06 0.00967164 -0.0176827 -2.71912e-06 -9.61021e-05 -0.0176827 0.0874303 
0.00969539 -0.0178561 3.54645e-05 -1.45113e-05 -0.0178561 0.0883137 -1.21563e-05 -7.88187e-05 3.54645e-05 -1.21563e-05 0.00967672 -0.0177079 -1.45113e-05 -7.88187e-05 -0.0177079 0.0874715 
0.00967527 -0.0178525 3.05451e-05 -1.92588e-05 -0.0178525 0.0882613 -1.445e-05 -6.34601e-05 3.05451e-05 -1.445e-05 0.00969783 -0.0177034 -1.92588e-05 -6.34601e-05 -0.0177034 0.0874455 
0.00902063 -0.0166939 2.78146e-05 -8.15026e-06 -0.0166939 0.0825845 -5.76726e-06 -7.16954e-05 2.78146e-05 -5.76726e-06 0.00910041 -0.016596 -8.15026e-06 -7.16954e-05 -0.016596 0.0818826 
0.0090218 -0.0166876 1.82165e-05 2.69243e-07 -0.0166876 0.0826962 -3.63756e-06 -9.43917e-05 1.82165e-05 -3.63756e-06 0.00913262 -0.0166735 2.69243e-07 -9.43917e-05 -0.0166735 0.0821692 
0.00904111 -0.0167171 1.72427e-05 1.77591e-05 -0.0167171 0.0829102 9.9716e-06 -0.000131829 1.72427e-05 9.9716e-06 0.00917236 -0.0167609 1.77591e-05 -0.000131829 -0.0167609 0.0825776 
0.00906047 -0.0167149 2.0438e-05 2.11303e-05 -0.0167149 0.0829325 1.16725e-05 -0.00015478 2.0438e-05 1.16725e-05 0.00917662 -0.0167887 2.11303e-05 -0.00015478 -0.0167887 0.0827327 
0.00907822 -0.0167214 1.82394e-05 1.8793e-05 -0.0167214 0.0829062 7.37461e-06 -0.00015958 1.82394e-05 7.37461e-06 0.00915841 -0.0167771 1.8793e-05 -0.00015958 -0.0167771 0.0827298 
0.00906388 -0.016677 1.25647e-05 2.19033e-05 -0.016677 0.0825987 6.83206e-06 -0.000160001 1.25647e-05 6.83206e-06 0.00910942 -0.0166799 2.19033e-05 -0.000160001 -0.0166799 0.0823312 
0.00907978 -0.0166837 1.06753e-05 2.93173e-05 -0.0166837 0.0825416 1.38929e-05 -0.000172783 1.06753e-05 1.38929e-05 0.00907077 -0.0166326 2.93173e-05 -0.000172783 -0.0166326 0.0821303 
0.00910303 -0.016746 1.1961e-05 2.96737e-05 -0.016746 0.0827471 1.88996e-05 -0.00018529 1.1961e-05 1.88996e-05 0.00907098 -0.0166246 2.96737e-05 -0.00018529 -0.0166246 0.0821613 
0.00911652 -0.0167859 2.09174e-05 2.50054e-05 -0.0167859 0.0829276 1.84868e-05 -0.000184854 2.09174e-05 1.84868e-05 0.00908922 -0.0166287 2.50054e-05 -0.000184854 -0.0166287 0.0822021 
0.00914256 -0.0168455 2.6604e-05 1.65381e-05 -0.0168455 0.0832346 1.19164e-05 -0.000177734 2.6604e-05 1.19164e-05 0.00913219 -0.0166896 1.65381e-05 -0.000177734 -0.0166896 0.0824552 
0.00917747 -0.016894 3.66594e-05 8.79554e-06 -0.016894 0.0835131 3.91762e-06 -0.000161252 3.66594e-05 3.91762e-06 0.00916488 -0.0167697 8.79554e-06 -0.000161252 -0.0167697 0.0827794 
0.00918407 -0.0169144 2.47591e-05 1.93539e-07 -0.0169144 0.0835898 -6.06478e-06 -0.000144092 2.47591e-05 -6.06478e-06 0.00917329 -0.0167857 1.93539e-07 -0.000144092 -0.0167857 0.0828747 
0.00918134 -0.0169166 3.96706e-06 1.51941e-05 -0.0169166 0.0836129 9.16135e-06 -0.000161752 3.96706e-06 9.16135e-06 0.00918417 -0.016792 1.51941e-05 -0.000161752 -0.016792 0.0829087 
0.00918343 -0.0169272 1.20982e-06 4.0535e-05 -0.0169272 0.0836748 4.03321e-05 -0.000221916 1.20982e-06 4.03321e-05 0.00919491 -0.0168064 4.0535e-05 -0.000221916 -0.0168064 0.0829633 
0.00918873 -0.0169369 -5.68426e-06 4.61737e-05 -0.0169369 0.083748 5.4603e-05 -0.000274408 -5.68426e-06 5.4603e-05 0.00920981 -0.0168303 4.61737e-05 -0.000274408 -0.0168303 0.0830587 
0.00916738 -0.0169351 8.78358e-06 5.05656e-05 -0.0169351 0.0837521 6.63324e-05 -0.000304438 8.78358e-06 6.63324e-05 0.00923925 -0.0168408 5.05656e-05 -0.000304438 -0.0168408 0.0830914 
0.00917299 -0.0169321 4.3088e-06 3.35546e-05 -0.0169321 0.0838362 4.9027e-05 -0.000290701 4.3088e-06 4.9027e-05 0.00926296 -0.0169031 3.35546e-05 -0.000290701 -0.0169031 0.0832892 
0.00917664 -0.0169223 1.33632e-07 3.95823e-05 -0.0169223 0.0838134 4.94768e-05 -0.0002824 1.33632e-07 4.94768e-05 0.0092637 -0.0169259 3.95823e-05 -0.0002824 -0.0169259 0.0833869 
0.00918238 -0.0169201 3.72441e-06 4.84433e-05 -0.0169201 0.0837834 4.90581e-05 -0.000286993 3.72441e-06 4.90581e-05 0.00926003 -0.0169201 4.84433e-05 -0.000286993 -0.0169201 0.0833973 
0.00918224 -0.0169071 1.38354e-05 4.58521e-05 -0.0169071 0.0836837 3.93879e-05 -0.000278722 1.38354e-05 3.93879e-05 0.00924453 -0.0168932 4.58521e-05 -0.000278722 -0.0168932 0.0832851 
0.00919855 -0.0169164 2.86811e-05 3.82859e-05 -0.0169164 0.0836814 2.90865e-05 -0.000263492 2.86811e-05 2.90865e-05 0.00922385 -0.0168795 3.82859e-05 -0.000263492 -0.0168795 0.083234 
0.00922849 -0.0169656 2.96568e-05 2.00788e-05 -0.0169656 0.0838507 1.00783e-05 -0.000229052 2.96568e-05 1.00783e-05 0.00921486 -0.0168796 2.00788e-05 -0.000229052 -0.0168796 0.0832985 
0.00923525 -0.0169856 2.97815e-05 1.90577e-05 -0.0169856 0.0838941 6.41371e-06 -0.000208536 2.97815e-05 6.41371e-06 0.00920195 -0.0168444 1.90577e-05 -0.000208536 -0.0168444 0.0831993 
0.00923971 -0.0169773 3.2002e-05 1.75055e-05 -0.0169773 0.0838533 7.27664e-06 -0.000203035 3.2002e-05 7.27664e-06 0.00919354 -0.0168208 1.75055e-05 -0.000203035 -0.0168208 0.0830846 
0.00926627 -0.0170098 2.66569e-05 1.77571e-05 -0.0170098 0.083968 1.06125e-05 -0.000210147 2.66569e-05 1.06125e-05 0.00919661 -0.0168373 1.77571e-05 -0.000210147 -0.0168373 0.0831518 
0.00926513 -0.0170575 1.10557e-05 2.25377e-05 -0.0170575 0.0841366 1.65101e-05 -0.000221597 1.10557e-05 1.65101e-05 0.00923158 -0.0168533 2.25377e-05 -0.000221597 -0.0168533 0.0832523 
0.00927418 -0.0170783 1.0237e-05 4.19664e-05 -0.0170783 0.084312 3.65116e-05 -0.000258581 1.0237e-05 3.65116e-05 0.00926554 -0.0169128 4.19664e-05 -0.000258581 -0.0169128 0.0834487 
0.00926691 -0.0170911 8.18146e-06 4.67832e-05 -0.0170911 0.0844052 4.34584e-05 -0.000292488 8.18146e-06 4.34584e-05 0.00930007 -0.0169517 4.67832e-05 -0.000292488 -0.0169517 0.0835984 
0.00925639 -0.0170722 1.64006e-05 4.86729e-05 -0.0170722 0.0843894 4.85307e-05 -0.000311724 1.64006e-05 4.85307e-05 0.00933195 -0.0169887 4.86729e-05 -0.000311724 -0.0169887 0.0836977 
0.00923999 -0.0170285 3.26633e-05 3.58641e-05 -0.0170285 0.0842162 3.72142e-05 -0.000298171 3.26633e-05 3.72142e-05 0.0093447 -0.0170022 3.58641e-05 -0.000298171 -0.0170022 0.0836722 
0.00926078 -0.0170686 4.01305e-05 1.31118e-05 -0.0170686 0.0844109 1.70439e-05 -0.000256122 4.01305e-05 1.70439e-05 0.0093841 -0.0170845 1.31118e-05 -0.000256122 -0.0170845 0.0839997 
0.00925324 -0.0170783 2.81147e-05 3.23351e-06 -0.0170783 0.0844606 8.66776e-06 -0.000221901 2.81147e-05 8.66776e-06 0.00939638 -0.0171138 3.23351e-06 -0.000221901 -0.0171138 0.0841284 
0.00925511 -0.0170889 2.32075e-05 1.75618e-05 -0.0170889 0.0845582 2.37648e-05 -0.000232785 2.32075e-05 2.37648e-05 0.00940858 -0.0171387 1.75618e-05 -0.000232785 -0.0171387 0.0842625 
0.00927866 -0.0170974 2.35968e-05 2.39294e-05 -0.0170974 0.084643 3.19835e-05 -0.000255897 2.35968e-05 3.19835e-05 0.00940079 -0.0171611 2.39294e-05 -0.000255897 -0.0171611 0.0843814 
0.00931882 -0.0171308 2.64228e-05 2.50517e-05 -0.0171308 0.0847573 3.28248e-05 -0.000267345 2.64228e-05 3.28248e-05 0.00938278 -0.017157 2.50517e-05 -0.000267345 -0.017157 0.0844484 
0.00934275 -0.0171876 3.16939e-05 2.59683e-05 -0.0171876 0.0849225 3.09867e-05 -0.00027312 3.16939e-05 3.09867e-05 0.00939323 -0.0171364 2.59683e-05 -0.00027312 -0.0171364 0.0844578 
0.00936287 -0.0172468 4.09692e-05 1.93853e-05 -0.0172468 0.0851929 2.25303e-05 -0.000262853 4.09692e-05 2.25303e-05 0.00942427 -0.0171763 1.93853e-05 -0.000262853 -0.0171763 0.0846193 
0.00938055 -0.0172294 4.58346e-05 1.01143e-05 -0.0172294 0.085147 1.02417e-05 -0.000240794 4.58346e-05 1.02417e-05 0.00941647 -0.0171785 1.01143e-05 -0.000240794 -0.0171785 0.0845779 
0.00937081 -0.0172341 4.01347e-05 5.21952e-06 -0.0172341 0.085078 3.88765e-06 -0.000222662 4.01347e-05 3.88765e-06 0.00941508 -0.0171574 5.21952e-06 -0.000222662 -0.0171574 0.0844876 
0.0093679 -0.0172328 3.36314e-05 1.54618e-05 -0.0172328 0.085064 1.10971e-05 -0.000232468 3.36314e-05 1.10971e-05 0.00941715 -0.0171527 1.54618e-05 -0.000232468 -0.0171527 0.0844343 
0.00935201 -0.0172033 4.13472e-05 2.62031e-05 -0.0172033 0.0849174 2.14316e-05 -0.000259265 4.13472e-05 2.14316e-05 0.00940687 -0.0171293 2.62031e-05 -0.000259265 -0.0171293 0.084283 
0.00937603 -0.0172565 3.85799e-05 1.79217e-05 -0.0172565 0.0851726 1.70324e-05 -0.00026855 3.85799e-05 1.70324e-05 0.00943532 -0.0171876 1.79217e-05 -0.00026855 -0.0171876 0.0845402 
0.00936541 -0.017244 2.34729e-05 1.83386e-05 -0.017244 0.0851293 2.32029e-05 -0.000275049 2.34729e-05 2.32029e-05 0.00943115 -0.0171844 1.83386e-05 -0.000275049 -0.0171844 0.0845193 
0.00934532 -0.0172107 -7.1317e-06 3.74208e-05 -0.0172107 0.0849845 4.18794e-05 -0.000308092 -7.1317e-06 4.18794e-05 0.00940265 -0.0171539 3.74208e-05 -0.000308092 -0.0171539 0.0843842 
0.00932675 -0.0171663 -2.37678e-05 7.52959e-05 -0.0171663 0.0847832 7.66997e-05 -0.000378293 -2.37678e-05 7.66997e-05 0.0093619 -0.0170999 7.52959e-05 -0.000378293 -0.0170999 0.0841698 
0.00931771 -0.0171425 -1.82079e-05 0.000100333 -0.0171425 0.0846567 9.75349e-05 -0.000450303 -1.82079e-05 9.75349e-05 0.00932983 -0.0170503 0.000100333 -0.000450303 -0.0170503 0.0839961 
0.0093135 -0.0171114 5.35284e-06 9.39154e-05 -0.0171114 0.0844906 8.89953e-05 -0.000464437 5.35284e-06 8.89953e-05 0.00929517 -0.016995 9.39154e-05 -0.000464437 -0.016995 0.0837753 
0.00934091 -0.017164 3.50401e-05 6.45818e-05 -0.017164 0.0846872 5.93292e-05 -0.000418503 3.50401e-05 5.93292e-05 0.00930485 -0.0170077 6.45818e-05 -0.000418503 -0.0170077 0.083886 
0.00933052 -0.0171935 4.91994e-05 2.44626e-05 -0.0171935 0.0848095 1.67237e-05 -0.000324002 4.91994e-05 1.67237e-05 0.00934189 -0.017013 2.44626e-05 -0.000324002 -0.017013 0.0839269 
0.00932086 -0.017199 6.26847e-05 1.55412e-06 -0.017199 0.0849322 -7.98672e-06 -0.000237105 6.26847e-05 -7.98672e-06 0.00937484 -0.0170751 1.55412e-06 -0.000237105 -0.0170751 0.0841047 
0.00932026 -0.0171825 6.39627e-05 -1.71294e-05 -0.0171825 0.0849518 -2.61181e-05 -0.000173109 6.39627e-05 -2.61181e-05 0.00938464 -0.0171221 -1.71294e-05 -0.000173109 -0.0171221 0.0842778 
0.00929121 -0.0171503 4.66213e-05 -2.41889e-05 -0.0171503 0.0848149 -3.03455e-05 -0.000134506 4.66213e-05 -3.03455e-05 0.00939329 -0.0171095 -2.41889e-05 -0.000134506 -0.0171095 0.0842472 
0.00926659 -0.0170992 2.92867e-05 -4.10637e-06 -0.0170992 0.0846261 -6.73991e-06 -0.000153596 2.92867e-05 -6.73991e-06 0.00938052 -0.0171019 -4.10637e-06 -0.000153596 -0.0171019 0.08416 
0.009247 -0.0170213 3.05621e-05 1.96054e-05 -0.0170213 0.0842681 1.75263e-05 -0.000206822 3.05621e-05 1.75263e-05 0.00933045 -0.0170465 1.96054e-05 -0.000206822 -0.0170465 0.0838921 
0.00923388 -0.0169987 4.29085e-05 2.17955e-05 -0.0169987 0.0840772 1.95078e-05 -0.000238055 4.29085e-05 1.95078e-05 0.00930166 -0.0169854 2.17955e-05 -0.000238055 -0.0169854 0.0836776 
0.00925043 -0.0170299 4.2362e-05 9.28048e-06 -0.0170299 0.0842066 6.06807e-06 -0.000229099 4.2362e-05 6.06807e-06 0.00930042 -0.0170018 9.28048e-06 -0.000229099 -0.0170018 0.0837679 
0.00927378 -0.0170422 3.45528e-05 3.45849e-06 -0.0170422 0.0842611 4.52655e-06 -0.000211178 3.45528e-05 4.52655e-06 0.00927262 -0.0169974 3.45849e-06 -0.000211178 -0.0169974 0.0837906 
0.00925711 -0.0170502 1.66383e-05 1.25324e-05 -0.0170502 0.084225 1.67854e-05 -0.000221516 1.66383e-05 1.67854e-05 0.00926391 -0.0169397 1.25324e-05 -0.000221516 -0.0169397 0.0836394 
0.0092088 -0.0169855 2.74299e-05 3.17414e-05 -0.0169855 0.0839548 3.73281e-05 -0.00025569 2.74299e-05 3.73281e-05 0.00925211 -0.0168788 3.17414e-05 -0.00025569 -0.0168788 0.0833154 
0.00915658 -0.0168976 3.05752e-05 1.94626e-05 -0.0168976 0.0835907 2.90184e-05 -0.000260281 3.05752e-05 2.90184e-05 0.00923569 -0.0168356 1.94626e-05 -0.000260281 -0.0168356 0.0830089 
0.00915397 -0.0168264 2.93755e-05 9.14548e-06 -0.0168264 0.0832933 2.18605e-05 -0.000236203 2.93755e-05 2.18605e-05 0.00919205 -0.0168169 9.14548e-06 -0.000236203 -0.0168169 0.0828372 
0.0091437 -0.016821 2.15123e-05 9.69095e-06 -0.016821 0.0831239 2.1009e-05 -0.000222183 2.15123e-05 2.1009e-05 0.00915698 -0.0167474 9.69095e-06 -0.000222183 -0.0167474 0.082605 
0.00912111 -0.0168133 1.91807e-05 2.17085e-05 -0.0168133 0.0830464 2.74941e-05 -0.0002309 1.91807e-05 2.74941e-05 0.00914719 -0.0167005 2.17085e-05 -0.0002309 -0.0167005 0.0824055 
0.00912932 -0.0168439 1.91702e-05 2.7279e-05 -0.0168439 0.0832464 2.83321e-05 -0.0002425 1.91702e-05 2.83321e-05 0.00917252 -0.0167424 2.7279e-05 -0.0002425 -0.0167424 0.0825651 
0.00912781 -0.0168588 2.4813e-05 2.49388e-05 -0.0168588 0.0833793 2.63483e-05 -0.000240597 2.4813e-05 2.63483e-05 0.00919531 -0.0167855 2.49388e-05 -0.000240597 -0.0167855 0.0827428 
0.00913757 -0.0168277 2.58072e-05 1.33609e-05 -0.0168277 0.0833104 1.97618e-05 -0.000219756 2.58072e-05 1.97618e-05 0.00917809 -0.0168004 1.33609e-05 -0.000219756 -0.0168004 0.0827874 
0.00914712 -0.016868 3.20845e-05 8.07636e-06 -0.016868 0.0834516 1.73306e-05 -0.000200392 3.20845e-05 1.73306e-05 0.00919738 -0.0168188 8.07636e-06 -0.000200392 -0.0168188 0.0829622 
0.0091369 -0.0168567 4.76498e-05 -8.44329e-07 -0.0168567 0.083426 5.45143e-06 -0.00017204 4.76498e-05 5.45143e-06 0.00921101 -0.0168153 -8.44329e-07 -0.00017204 -0.0168153 0.0829477 
0.00913031 -0.0168515 4.11132e-05 -1.76813e-05 -0.0168515 0.0834318 -1.60518e-05 -0.000128951 4.11132e-05 -1.60518e-05 0.00923215 -0.0168401 -1.76813e-05 -0.000128951 -0.0168401 0.0830099 
0.00910171 -0.016784 3.98525e-05 -8.60395e-06 -0.016784 0.0831317 -1.0267e-05 -0.000118764 3.98525e-05 -1.0267e-05 0.00920907 -0.0168102 -8.60395e-06 -0.000118764 -0.0168102 0.082803 
0.00905003 -0.0167198 3.70637e-05 -5.96108e-06 -0.0167198 0.0827926 -1.0793e-05 -0.000120581 3.70637e-05 -1.0793e-05 0.00919562 -0.0167507 -5.96108e-06 -0.000120581 -0.0167507 0.0825103 
0.00907002 -0.0167045 2.32083e-05 4.61573e-07 -0.0167045 0.0827775 -4.38491e-06 -0.00013348 2.32083e-05 -4.38491e-06 0.00916831 -0.0167805 4.61573e-07 -0.00013348 -0.0167805 0.0825724 
0.00910531 -0.016773 7.82546e-06 1.63542e-05 -0.016773 0.0830176 1.50253e-05 -0.000168885 7.82546e-06 1.50253e-05 0.0091664 -0.0167887 1.63542e-05 -0.000168885 -0.0167887 0.0827536 
0.00908931 -0.0167469 -8.97526e-06 3.18867e-05 -0.0167469 0.0828446 3.59304e-05 -0.000211804 -8.97526e-06 3.59304e-05 0.0091346 -0.0167031 3.18867e-05 -0.000211804 -0.0167031 0.0824294 
0.00907501 -0.0167816 -1.60436e-05 4.85734e-05 -0.0167816 0.0829943 5.28638e-05 -0.000250911 -1.60436e-05 5.28638e-05 0.0091573 -0.0167078 4.85734e-05 -0.000250911 -0.0167078 0.0824502 
0.00905035 -0.0167318 -9.13595e-06 5.97423e-05 -0.0167318 0.0828798 6.26708e-05 -0.000284782 -9.13595e-06 6.26708e-05 0.00914913 -0.0167094 5.97423e-05 -0.000284782 -0.0167094 0.0823733 
0.00904526 -0.0166717 3.97463e-06 5.13477e-05 -0.0166717 0.0826454 5.28071e-05 -0.000280996 3.97463e-06 5.28071e-05 0.00911011 -0.0166861 5.13477e-05 -0.000280996 -0.0166861 0.0822522 
0.00905077 -0.016629 1.10176e-05 3.30125e-05 -0.016629 0.0823704 3.40397e-05 -0.000243456 1.10176e-05 3.40397e-05 0.00904887 -0.0166179 3.30125e-05 -0.000243456 -0.0166179 0.0820054 
0.00908413 -0.0166818 1.19023e-05 2.23691e-05 -0.0166818 0.0824857 2.30209e-05 -0.000205649 1.19023e-05 2.30209e-05 0.00903603 -0.0165879 2.23691e-05 -0.000205649 -0.0165879 0.0819959 
0.00910881 -0.0167499 1.50831e-05 2.30129e-05 -0.0167499 0.0827272 2.24708e-05 -0.000192946 1.50831e-05 2.24708e-05 0.00904279 -0.0165877 2.30129e-05 -0.000192946 -0.0165877 0.0820541 
0.00912865 -0.0167953 2.04628e-05 2.00358e-05 -0.0167953 0.0829417 1.73052e-05 -0.000183936 2.04628e-05 1.73052e-05 0.00904778 -0.0166003 2.00358e-05 -0.000183936 -0.0166003 0.0821316 
0.00912831 -0.016811 2.29765e-05 1.86656e-05 -0.016811 0.083027 1.49664e-05 -0.000183969 2.29765e-05 1.49664e-05 0.00906095 -0.0165972 1.86656e-05 -0.000183969 -0.0165972 0.0821379 
0.0091318 -0.0168192 2.75278e-05 1.61577e-05 -0.0168192 0.0831041 1.31773e-05 -0.000182534 2.75278e-05 1.31773e-05 0.00907209 -0.0166199 1.61577e-05 -0.000182534 -0.0166199 0.0822042 
0.00912657 -0.0168342 1.72663e-05 1.14446e-05 -0.0168342 0.0832051 1.02554e-05 -0.000180038 1.72663e-05 1.02554e-05 0.0090884 -0.0166501 1.14446e-05 -0.000180038 -0.0166501 0.0823368 
0.00911604 -0.0168197 -3.14086e-06 2.44891e-05 -0.0168197 0.0832101 2.23069e-05 -0.000198209 -3.14086e-06 2.23069e-05 0.00909803 -0.0166675 2.44891e-05 -0.000198209 -0.0166675 0.082412 
0.00905438 -0.0167284 2.16658e-05 4.96606e-05 -0.0167284 0.0828159 4.50405e-05 -0.000243611 2.16658e-05 4.50405e-05 0.00908528 -0.0166084 4.96606e-05 -0.000243611 -0.0166084 0.0821128 
0.00900655 -0.0166467 4.04016e-05 2.19364e-05 -0.0166467 0.0825003 1.70678e-05 -0.000226159 4.04016e-05 1.70678e-05 0.00908889 -0.0165932 2.19364e-05 -0.000226159 -0.0165932 0.0819494 
0.00898185 -0.0165734 4.85023e-05 -6.23961e-06 -0.0165734 0.082202 -1.00924e-05 -0.000160216 4.85023e-05 -1.00924e-05 0.00907132 -0.0165918 -6.23961e-06 -0.000160216 -0.0165918 0.0818457 
0.00956647 -0.0176301 5.1843e-05 -2.14436e-05 -0.0176301 0.0874305 -2.49097e-05 -0.000112572 5.1843e-05 -2.49097e-05 0.00965888 -0.0176766 -2.14436e-05 -0.000112572 -0.0176766 0.0872031 
0.00955517 -0.0176066 6.08965e-05 -1.93605e-05 -0.0176066 0.0872639 -2.46978e-05 -9.49494e-05 6.08965e-05 -2.46978e-05 0.00964235 -0.0176529 -1.93605e-05 -9.49494e-05 -0.0176529 0.0870966 
0.00954801 -0.0175779 5.07276e-05 -2.7863e-05 -0.0175779 0.0870809 -3.53783e-05 -7.87562e-05 5.07276e-05 -3.53783e-05 0.00960963 -0.0176112 -2.7863e-05 -7.87562e-05 -0.0176112 0.0869085 
0.00956573 -0.0176311 2.13965e-05 -1.62442e-05 -0.0176311 0.0872825 -2.42905e-05 -8.75602e-05 2.13965e-05 -2.42905e-05 0.00961696 -0.0176321 -1.62442e-05 -8.75602e-05 -0.0176321 0.087054 
0.00959629 -0.017667 9.82911e-06 1.74906e-05 -0.017667 0.0874828 1.32551e-05 -0.000148635 9.82911e-06 1.32551e-05 0.00961218 -0.0176614 1.74906e-05 -0.000148635 -0.0176614 0.0872256 
0.00956866 -0.0176482 -3.10577e-06 3.27696e-05 -0.0176482 0.0873549 3.242e-05 -0.000209159 -3.10577e-06 3.242e-05 0.009606 -0.0176026 3.27696e-05 -0.000209159 -0.0176026 0.0870354 
0.00954869 -0.0176092 -3.72014e-06 4.71285e-05 -0.0176092 0.087206 5.15842e-05 -0.000256806 -3.72014e-06 5.15842e-05 0.00960391 -0.0175778 4.71285e-05 -0.000256806 -0.0175778 0.0868644 
0.00957194 -0.0176538 8.47873e-06 4.66092e-05 -0.0176538 0.0874316 5.52381e-05 -0.000279282 8.47873e-06 5.52381e-05 0.00962918 -0.0176395 4.66092e-05 -0.000279282 -0.0176395 0.0871096 
0.00958968 -0.0176787 1.1636e-05 3.02053e-05 -0.0176787 0.0875629 3.79789e-05 -0.000257826 1.1636e-05 3.79789e-05 0.00964085 -0.0176674 3.02053e-05 -0.000257826 -0.0176674 0.087254 
