0.00659161 0 6.41903e-05 0 0 0.0093157 0 0 6.41903e-05 0 0.00654548 0 0 0 0 0.0093157 
0.00967659 -0.0120098 6.55912e-05 -7.8184e-05 -0.0120098 0.0318872 -7.8184e-05 0.000149981 6.55912e-05 -7.8184e-05 0.00961907 -0.0119406 -7.8184e-05 0.000149981 -0.0119406 0.0317545 
0.00998806 -0.0185953 5.00801e-05 -8.14666e-07 -0.0185953 0.0685445 -8.14666e-07 -2.47231e-05 5.00801e-05 -8.14666e-07 0.0099626 -0.0185413 -8.14666e-07 -2.47231e-05 -0.0185413 0.0683859 
0.00870239 -0.0167694 3.37623e-05 9.81323e-05 -0.0167694 0.0751906 0.000103565 -0.000658727 3.37623e-05 0.000103565 0.00868404 -0.0167958 9.81323e-05 -0.000658727 -0.0167958 0.075333 
0.00922572 -0.0172337 4.20438e-05 0.000103168 -0.0172337 0.0830766 0.000111335 -0.00098252 4.20438e-05 0.000111335 0.00920331 -0.0172742 0.000103168 -0.00098252 -0.0172742 0.0834043 
0.00896502 -0.0165067 4.63036e-05 5.02232e-05 -0.0165067 0.0809976 5.48614e-05 -0.000768135 4.63036e-05 5.48614e-05 0.00897124 -0.0165189 5.02232e-05 -0.000768135 -0.0165189 0.0812522 
0.00942638 -0.0173028 6.7768e-05 2.25263e-05 -0.0173028 0.0852689 2.20102e-05 -0.000551968 6.7768e-05 2.20102e-05 0.00947222 -0.0173377 2.25263e-05 -0.000551968 -0.0173377 0.0854899 
0.00918394 -0.0168075 6.79663e-05 -4.88596e-06 -0.0168075 0.083003 -5.47867e-06 -0.000363351 6.79663e-05 -5.47867e-06 0.00923071 -0.0168911 -4.88596e-06 -0.000363351 -0.0168911 0.0832779 
0.00972299 -0.0177543 6.07203e-05 -3.88817e-06 -0.0177543 0.0876652 -3.6427e-06 -0.000311724 6.07203e-05 -3.6427e-06 0.00975327 -0.0178404 -3.88817e-06 -0.000311724 -0.0178404 0.0879774 
0.00961563 -0.017551 5.16075e-05 2.23223e-05 -0.017551 0.0865566 1.95321e-05 -0.00033898 5.16075e-05 1.95321e-05 0.00964015 -0.0176087 2.23223e-05 -0.00033898 -0.0176087 0.0868146 
0.00954117 -0.0174262 6.23629e-05 4.40667e-05 -0.0174262 0.0858669 3.77156e-05 -0.000402427 6.23629e-05 3.77156e-05 0.00956402 -0.0174812 4.40667e-05 -0.000402427 -0.0174812 0.0860973 
0.00949283 -0.0173219 6.231e-05 3.48508e-05 -0.0173219 0.0853265 2.59582e-05 -0.000419157 6.231e-05 2.59582e-05 0.00949292 -0.0173796 3.48508e-05 -0.000419157 -0.0173796 0.0855657 
0.00946423 -0.0172501 5.41926e-05 3.04937e-05 -0.0172501 0.0849145 2.00896e-05 -0.00040818 5.41926e-05 2.00896e-05 0.00941875 -0.017286 3.04937e-05 -0.00040818 -0.017286 0.0851368 
0.00944945 -0.0172487 4.02214e-05 3.64645e-05 -0.0172487 0.0848275 2.90204e-05 -0.000412686 4.02214e-05 2.90204e-05 0.00938088 -0.0172316 3.64645e-05 -0.000412686 -0.0172316 0.0849616 
0.00943845 -0.0172472 2.62081e-05 5.02229e-05 -0.0172472 0.0848256 4.97362e-05 -0.000442652 2.62081e-05 4.97362e-05 0.00934521 -0.0171924 5.02229e-05 -0.000442652 -0.0171924 0.0848475 
0.00940106 -0.0172061 2.2308e-05 6.15182e-05 -0.0172061 0.084662 6.74031e-05 -0.000474319 2.2308e-05 6.74031e-05 0.00933101 -0.0171219 6.15182e-05 -0.000474319 -0.0171219 0.0845957 
0.00937152 -0.0171741 7.40802e-06 6.3503e-05 -0.0171741 0.0845854 7.16373e-05 -0.000489298 7.40802e-06 7.16373e-05 0.0093489 -0.0171192 6.3503e-05 -0.000489298 -0.0171192 0.08453 
0.00936317 -0.0171755 1.04969e-05 7.87299e-05 -0.0171755 0.0846875 8.47956e-05 -0.000509746 1.04969e-05 8.47956e-05 0.00939992 -0.0171899 7.87299e-05 -0.000509746 -0.0171899 0.0847688 
0.00936765 -0.0171819 1.43169e-05 7.25168e-05 -0.0171819 0.0848076 7.78936e-05 -0.000505602 1.43169e-05 7.78936e-05 0.00943134 -0.0172759 7.25168e-05 -0.000505602 -0.0172759 0.0850892 
0.0093764 -0.0171504 2.17817e-05 6.46764e-05 -0.0171504 0.0846957 7.27311e-05 -0.000484969 2.17817e-05 7.27311e-05 0.00940463 -0.0172795 6.46764e-05 -0.000484969 -0.0172795 0.0851213 
0.00936234 -0.0170983 2.461e-05 5.55032e-05 -0.0170983 0.0843588 6.05416e-05 -0.000456425 2.461e-05 6.05416e-05 0.00933748 -0.0171799 5.55032e-05 -0.000456425 -0.0171799 0.0847523 
0.0093539 -0.0171158 2.6579e-05 5.71077e-05 -0.0171158 0.0843423 5.48249e-05 -0.000442575 2.6579e-05 5.48249e-05 0.00931339 -0.0171156 5.71077e-05 -0.000442575 -0.0171156 0.0845547 
0.00931833 -0.0170855 3.87346e-05 5.84265e-05 -0.0170855 0.0842085 4.92755e-05 -0.000433797 3.87346e-05 4.92755e-05 0.00931267 -0.0170537 5.84265e-05 -0.000433797 -0.0170537 0.0842716 
0.00929434 -0.0170736 4.63114e-05 4.41051e-05 -0.0170736 0.0842275 3.30764e-05 -0.000407877 4.63114e-05 3.30764e-05 0.00933548 -0.017083 4.41051e-05 -0.000407877 -0.017083 0.0842977 
0.00927774 -0.0170115 4.18692e-05 3.20137e-05 -0.0170115 0.0840355 2.34533e-05 -0.000375731 4.18692e-05 2.34533e-05 0.00931955 -0.0170908 3.20137e-05 -0.000375731 -0.0170908 0.0842481 
0.00924897 -0.0169687 3.61795e-05 3.34313e-05 -0.0169687 0.0838102 3.01938e-05 -0.000366088 3.61795e-05 3.01938e-05 0.00930743 -0.0170554 3.34313e-05 -0.000366088 -0.0170554 0.0841097 
0.00922584 -0.0169258 3.37111e-05 3.82759e-05 -0.0169258 0.0836312 4.00722e-05 -0.000375816 3.37111e-05 4.00722e-05 0.00930135 -0.0170424 3.82759e-05 -0.000375816 -0.0170424 0.0840154 
0.00919241 -0.0168307 3.12062e-05 3.73437e-05 -0.0168307 0.0831759 4.25964e-05 -0.000378246 3.12062e-05 4.25964e-05 0.00925172 -0.0169689 3.73437e-05 -0.000378246 -0.0169689 0.0836331 
0.00920888 -0.0168558 3.01571e-05 3.72777e-05 -0.0168558 0.0832268 4.28608e-05 -0.000374857 3.01571e-05 4.28608e-05 0.00925315 -0.0169732 3.72777e-05 -0.000374857 -0.0169732 0.0836813 
0.00925564 -0.0169046 2.47809e-05 3.87527e-05 -0.0169046 0.083415 4.25383e-05 -0.000372995 2.47809e-05 4.25383e-05 0.00923358 -0.0169962 3.87527e-05 -0.000372995 -0.0169962 0.0838113 
0.0092998 -0.0170169 2.57911e-05 4.95479e-05 -0.0170169 0.0838513 4.39036e-05 -0.000380994 2.57911e-05 4.39036e-05 0.00925973 -0.0170223 4.95479e-05 -0.000380994 -0.0170223 0.0840824 
0.00930534 -0.0170385 3.88991e-05 5.24096e-05 -0.0170385 0.0839683 3.97212e-05 -0.0003844 3.88991e-05 3.97212e-05 0.00927287 -0.0170138 5.24096e-05 -0.0003844 -0.0170138 0.0840601 
0.00933079 -0.0170595 5.6899e-05 3.89052e-05 -0.0170595 0.0840973 2.4906e-05 -0.000365204 5.6899e-05 2.4906e-05 0.00928106 -0.0170467 3.89052e-05 -0.000365204 -0.0170467 0.084164 
0.00935388 -0.0170902 7.71956e-05 1.46558e-05 -0.0170902 0.0842063 4.33577e-06 -0.000319568 7.71956e-05 4.33577e-06 0.00928248 -0.0170658 1.46558e-05 -0.000319568 -0.0170658 0.0842675 
0.0093613 -0.0171351 5.38951e-05 -9.58878e-06 -0.0171351 0.0843992 -1.84944e-05 -0.000265078 5.38951e-05 -1.84944e-05 0.00929221 -0.0170983 -9.58878e-06 -0.000265078 -0.0170983 0.0844559 
0.00933149 -0.0170915 4.81642e-05 1.43063e-05 -0.0170915 0.0842468 6.27529e-06 -0.000273743 4.81642e-05 6.27529e-06 0.00928067 -0.0170618 1.43063e-05 -0.000273743 -0.0170618 0.0843225 
0.00932447 -0.0170555 2.94137e-05 2.54481e-05 -0.0170555 0.0841201 1.91976e-05 -0.000310558 2.94137e-05 1.91976e-05 0.00926473 -0.0170467 2.54481e-05 -0.000310558 -0.0170467 0.0842405 
0.00930408 -0.0170223 2.03759e-05 4.84175e-05 -0.0170223 0.0839294 4.40484e-05 -0.000362316 2.03759e-05 4.40484e-05 0.00925466 -0.0169993 4.84175e-05 -0.000362316 -0.0169993 0.0840467 
0.00925925 -0.0169642 1.39217e-05 5.81351e-05 -0.0169642 0.0836445 5.75766e-05 -0.000404171 1.39217e-05 5.75766e-05 0.00925262 -0.016955 5.81351e-05 -0.000404171 -0.016955 0.0837789 
0.0092663 -0.0169874 7.90612e-06 6.19343e-05 -0.0169874 0.0838195 6.41686e-05 -0.000424231 7.90612e-06 6.41686e-05 0.00928859 -0.0170374 6.19343e-05 -0.000424231 -0.0170374 0.0840659 
0.00926227 -0.0169966 8.8114e-06 6.69164e-05 -0.0169966 0.0839201 6.72709e-05 -0.000432717 8.8114e-06 6.72709e-05 0.00931545 -0.0170909 6.69164e-05 -0.000432717 -0.0170909 0.0843025 
0.00922427 -0.0169125 1.93796e-05 6.64436e-05 -0.0169125 0.0835784 6.10742e-05 -0.000426563 1.93796e-05 6.10742e-05 0.00929832 -0.0170499 6.64436e-05 -0.000426563 -0.0170499 0.0840886 
0.00922108 -0.0168573 4.21292e-05 5.54136e-05 -0.0168573 0.0833186 4.61617e-05 -0.000401556 4.21292e-05 4.61617e-05 0.00926438 -0.0170295 5.54136e-05 -0.000401556 -0.0170295 0.0839497 
0.00921765 -0.0168727 3.76846e-05 2.72446e-05 -0.0168727 0.0832902 1.65813e-05 -0.000342358 3.76846e-05 1.65813e-05 0.00926477 -0.017008 2.72446e-05 -0.000342358 -0.017008 0.083914 
0.00925621 -0.0169058 2.28327e-05 3.13751e-05 -0.0169058 0.0834628 2.27145e-05 -0.000322362 2.28327e-05 2.27145e-05 0.00925674 -0.0170496 3.13751e-05 -0.000322362 -0.0170496 0.0840899 
0.00926909 -0.0169458 1.86918e-05 4.9391e-05 -0.0169458 0.0835717 4.39807e-05 -0.0003515 1.86918e-05 4.39807e-05 0.00923652 -0.017029 4.9391e-05 -0.0003515 -0.017029 0.0841114 
0.00924522 -0.0169351 2.28652e-05 5.41661e-05 -0.0169351 0.0835071 5.06914e-05 -0.000376998 2.28652e-05 5.06914e-05 0.00921903 -0.0169653 5.41661e-05 -0.000376998 -0.0169653 0.0839014 
0.00921346 -0.0168667 1.78143e-05 4.47644e-05 -0.0168667 0.0832367 4.26508e-05 -0.000364971 1.78143e-05 4.26508e-05 0.00919394 -0.0169019 4.47644e-05 -0.000364971 -0.0169019 0.0835741 
0.00917689 -0.0168124 2.30968e-05 4.74023e-05 -0.0168124 0.0829739 4.23901e-05 -0.000351992 2.30968e-05 4.23901e-05 0.00918462 -0.0168551 4.74023e-05 -0.000351992 -0.0168551 0.0833096 
0.00915821 -0.0167934 2.93487e-05 4.24266e-05 -0.0167934 0.0829015 3.55308e-05 -0.000339904 2.93487e-05 3.55308e-05 0.00919223 -0.0168621 4.24266e-05 -0.000339904 -0.0168621 0.0832699 
0.00915545 -0.0167976 2.94573e-05 3.49055e-05 -0.0167976 0.0829742 2.71589e-05 -0.000320939 2.94573e-05 2.71589e-05 0.00921479 -0.0169093 3.49055e-05 -0.000320939 -0.0169093 0.0834378 
0.00914903 -0.0167576 2.30438e-05 3.41959e-05 -0.0167576 0.0828279 2.48164e-05 -0.000307 2.30438e-05 2.48164e-05 0.0091971 -0.0169088 3.41959e-05 -0.000307 -0.0169088 0.0834064 
0.00914191 -0.0167484 3.33978e-05 3.93049e-05 -0.0167484 0.0827516 3.07146e-05 -0.000306816 3.33978e-05 3.07146e-05 0.0091999 -0.0168952 3.93049e-05 -0.000306816 -0.0168952 0.0833837 
0.00916196 -0.0167724 4.29343e-05 2.56361e-05 -0.0167724 0.0828629 2.12329e-05 -0.000291614 4.29343e-05 2.12329e-05 0.00921339 -0.0169274 2.56361e-05 -0.000291614 -0.0169274 0.08352 
0.00919187 -0.016791 2.78221e-05 1.1908e-05 -0.016791 0.0829227 1.19941e-05 -0.000264911 2.78221e-05 1.19941e-05 0.00920075 -0.0169397 1.1908e-05 -0.000264911 -0.0169397 0.0835856 
0.00920433 -0.016836 4.71936e-06 2.92659e-05 -0.016836 0.0830487 3.3121e-05 -0.000284188 4.71936e-06 3.3121e-05 0.00919527 -0.0169347 2.92659e-05 -0.000284188 -0.0169347 0.0836395 
0.00918991 -0.0168443 -3.12921e-06 6.07864e-05 -0.0168443 0.0830853 6.13935e-05 -0.000345784 -3.12921e-06 6.13935e-05 0.00919647 -0.0169105 6.07864e-05 -0.000345784 -0.0169105 0.0835759 
0.00917273 -0.0168193 2.27378e-05 7.07881e-05 -0.0168193 0.0830374 6.57251e-05 -0.000381092 2.27378e-05 6.57251e-05 0.00920573 -0.0169055 7.07881e-05 -0.000381092 -0.0169055 0.0835227 
0.00916257 -0.0168012 4.30568e-05 4.03629e-05 -0.0168012 0.0830015 3.33333e-05 -0.000343332 4.30568e-05 3.33333e-05 0.00920531 -0.016926 4.03629e-05 -0.000343332 -0.016926 0.083563 
0.00915065 -0.0167398 3.25184e-05 1.15027e-05 -0.0167398 0.082726 1.79075e-06 -0.000265295 3.25184e-05 1.79075e-06 0.00916433 -0.0168806 1.15027e-05 -0.000265295 -0.0168806 0.083357 
0.00912452 -0.0167011 2.6937e-05 2.01109e-05 -0.0167011 0.0824699 7.92048e-06 -0.000236013 2.6937e-05 7.92048e-06 0.00913291 -0.0168112 2.01109e-05 -0.000236013 -0.0168112 0.0830835 
0.00913139 -0.016718 2.87489e-05 2.56647e-05 -0.016718 0.0825451 1.53084e-05 -0.000240668 2.87489e-05 1.53084e-05 0.00913565 -0.0168191 2.56647e-05 -0.000240668 -0.0168191 0.0831275 
0.00918118 -0.0167983 2.83241e-05 2.25788e-05 -0.0167983 0.0829493 1.96101e-05 -0.000248138 2.83241e-05 1.96101e-05 0.00915221 -0.0168978 2.25788e-05 -0.000248138 -0.0168978 0.0835242 
0.00917577 -0.016818 2.46695e-05 2.05912e-05 -0.016818 0.0830307 2.08916e-05 -0.000246097 2.46695e-05 2.08916e-05 0.00915674 -0.0168802 2.05912e-05 -0.000246097 -0.0168802 0.0835527 
0.00911752 -0.0167283 2.82387e-05 2.18817e-05 -0.0167283 0.0826538 2.47247e-05 -0.000244175 2.82387e-05 2.47247e-05 0.00914062 -0.0168008 2.18817e-05 -0.000244175 -0.0168008 0.0831597 
0.0090689 -0.0166358 4.06618e-05 1.48067e-05 -0.0166358 0.0822698 2.06967e-05 -0.000232676 4.06618e-05 2.06967e-05 0.00912589 -0.0167616 1.48067e-05 -0.000232676 -0.0167616 0.082861 
0.00905659 -0.016592 3.03679e-05 -7.86465e-07 -0.016592 0.0820789 6.03693e-06 -0.000203664 3.03679e-05 6.03693e-06 0.00911087 -0.0167598 -7.86465e-07 -0.000203664 -0.0167598 0.0827779 
0.00903092 -0.0165323 1.60974e-05 1.20219e-05 -0.0165323 0.0817454 1.43032e-05 -0.000202013 1.60974e-05 1.43032e-05 0.00907325 -0.0166936 1.20219e-05 -0.000202013 -0.0166936 0.0824728 
0.00906304 -0.0165758 8.37624e-06 2.99838e-05 -0.0165758 0.08191 2.93444e-05 -0.000231081 8.37624e-06 2.93444e-05 0.00907217 -0.0167178 2.99838e-05 -0.000231081 -0.0167178 0.0826031 
0.00911458 -0.0166609 -1.7389e-06 4.28914e-05 -0.0166609 0.0822722 4.00798e-05 -0.000265215 -1.7389e-06 4.00798e-05 0.00907166 -0.0167646 4.28914e-05 -0.000265215 -0.0167646 0.0828915 
0.00913374 -0.0167121 -6.32426e-06 5.35306e-05 -0.0167121 0.0824675 5.22455e-05 -0.000294024 -6.32426e-06 5.22455e-05 0.00906774 -0.016742 5.35306e-05 -0.000294024 -0.016742 0.0829269 
0.00912252 -0.0167182 1.3596e-05 5.62827e-05 -0.0167182 0.0825034 5.68871e-05 -0.000308368 1.3596e-05 5.68871e-05 0.00907003 -0.0167115 5.62827e-05 -0.000308368 -0.0167115 0.08282 
0.00913455 -0.0167014 2.57717e-05 3.09425e-05 -0.0167014 0.0824761 3.01403e-05 -0.000270621 2.57717e-05 3.01403e-05 0.00906169 -0.0167071 3.09425e-05 -0.000270621 -0.0167071 0.0827524 
0.00912838 -0.0166911 4.19803e-05 1.52088e-05 -0.0166911 0.0823627 1.16025e-05 -0.000219577 4.19803e-05 1.16025e-05 0.00904977 -0.0166746 1.52088e-05 -0.000219577 -0.0166746 0.0826012 
0.00915563 -0.0167606 4.41968e-05 -4.48319e-06 -0.0167606 0.0826784 -5.62008e-06 -0.000173787 4.41968e-05 -5.62008e-06 0.00909285 -0.0167369 -4.48319e-06 -0.000173787 -0.0167369 0.0828844 
0.00917113 -0.0168047 4.00203e-05 -3.83769e-06 -0.0168047 0.0829263 -2.54674e-06 -0.000164102 4.00203e-05 -2.54674e-06 0.00912419 -0.0168019 -3.83769e-06 -0.000164102 -0.0168019 0.0831543 
0.00915726 -0.0167736 4.38088e-05 1.85387e-06 -0.0167736 0.0828187 5.15769e-06 -0.000177952 4.38088e-05 5.15769e-06 0.00912326 -0.016791 1.85387e-06 -0.000177952 -0.016791 0.0830936 
0.00917067 -0.0167894 3.32345e-05 1.03887e-08 -0.0167894 0.0829116 5.31298e-06 -0.000190076 3.32345e-05 5.31298e-06 0.00913783 -0.0168265 1.03887e-08 -0.000190076 -0.0168265 0.0832409 
0.00919143 -0.0168149 3.69713e-05 1.247e-05 -0.0168149 0.0830261 1.75625e-05 -0.000213118 3.69713e-05 1.75625e-05 0.00915414 -0.0168541 1.247e-05 -0.000213118 -0.0168541 0.0833819 
0.00918908 -0.0168031 2.59094e-05 1.15859e-05 -0.0168031 0.082936 1.43201e-05 -0.000225281 2.59094e-05 1.43201e-05 0.00914545 -0.0168361 1.15859e-05 -0.000225281 -0.0168361 0.0832878 
0.00917952 -0.0167836 1.87737e-05 2.92422e-05 -0.0167836 0.0828099 2.60438e-05 -0.000251117 1.87737e-05 2.60438e-05 0.00912879 -0.0168105 2.92422e-05 -0.000251117 -0.0168105 0.0831515 
0.00917481 -0.0167504 1.89207e-06 3.78187e-05 -0.0167504 0.0826298 2.93406e-05 -0.000270327 1.89207e-06 2.93406e-05 0.00908505 -0.0167727 3.78187e-05 -0.000270327 -0.0167727 0.0829674 
0.00920145 -0.016766 1.44351e-06 5.77673e-05 -0.016766 0.0826379 4.95664e-05 -0.000305914 1.44351e-06 4.95664e-05 0.00904752 -0.0167399 5.77673e-05 -0.000305914 -0.0167399 0.0829011 
0.00918097 -0.0167677 1.56312e-05 5.75225e-05 -0.0167677 0.0825308 5.33721e-05 -0.000326568 1.56312e-05 5.33721e-05 0.00903244 -0.0166548 5.75225e-05 -0.000326568 -0.0166548 0.0826132 
0.00917742 -0.0167659 1.54978e-05 3.75126e-05 -0.0167659 0.0825494 3.67121e-05 -0.000302405 1.54978e-05 3.67121e-05 0.00903712 -0.0166533 3.75126e-05 -0.000302405 -0.0166533 0.0825423 
0.00917008 -0.0167733 2.12482e-07 3.81002e-05 -0.0167733 0.0826069 3.61339e-05 -0.000287291 2.12482e-07 3.61339e-05 0.00905208 -0.0166795 3.81002e-05 -0.000287291 -0.0166795 0.0826175 
0.00913257 -0.0167295 -2.70664e-06 5.79879e-05 -0.0167295 0.0824397 5.11765e-05 -0.000308988 -2.70664e-06 5.11765e-05 0.00905665 -0.0166614 5.79879e-05 -0.000308988 -0.0166614 0.0825028 
0.00911013 -0.0167205 9.46336e-06 6.14403e-05 -0.0167205 0.0824796 5.56581e-05 -0.000328897 9.46336e-06 5.56581e-05 0.00909525 -0.0167092 6.14403e-05 -0.000328897 -0.0167092 0.0826609 
0.00908983 -0.0166736 2.5039e-05 4.32995e-05 -0.0166736 0.0823627 4.29407e-05 -0.000310752 2.5039e-05 4.29407e-05 0.00910577 -0.0167412 4.32995e-05 -0.000310752 -0.0167412 0.0827259 
0.0090829 -0.0166513 3.95086e-05 1.8487e-05 -0.0166513 0.0822949 2.34535e-05 -0.000260325 3.95086e-05 2.34535e-05 0.00911296 -0.0167653 1.8487e-05 -0.000260325 -0.0167653 0.0828216 
0.00910162 -0.0166783 4.15149e-05 -3.65398e-06 -0.0166783 0.0824383 1.50928e-06 -0.000198662 4.15149e-05 1.50928e-06 0.00913123 -0.0168156 -3.65398e-06 -0.000198662 -0.0168156 0.0830716 
0.0090884 -0.0166259 4.41711e-05 -5.48295e-06 -0.0166259 0.0821753 -3.99744e-06 -0.000164928 4.41711e-05 -3.99744e-06 0.00908368 -0.0167614 -5.48295e-06 -0.000164928 -0.0167614 0.0828401 
0.00908471 -0.0166232 4.41365e-05 -5.96711e-06 -0.0166232 0.0820968 -7.52474e-06 -0.000152196 4.41365e-05 -7.52474e-06 0.00905446 -0.016712 -5.96711e-06 -0.000152196 -0.016712 0.0826928 
0.00908297 -0.0166106 3.6807e-05 -6.43811e-06 -0.0166106 0.0820167 -9.29586e-06 -0.000144033 3.6807e-05 -9.29586e-06 0.00902769 -0.0166643 -6.43811e-06 -0.000144033 -0.0166643 0.0825152 
0.00908683 -0.0166107 3.8262e-05 2.61809e-06 -0.0166107 0.0819832 -2.36491e-06 -0.000151612 3.8262e-05 -2.36491e-06 0.00901325 -0.0166306 2.61809e-06 -0.000151612 -0.0166306 0.0823863 
0.00909837 -0.0166523 2.95012e-05 1.71898e-06 -0.0166523 0.0821521 -4.28823e-06 -0.00015481 2.95012e-05 -4.28823e-06 0.00902406 -0.016645 1.71898e-06 -0.00015481 -0.016645 0.082468 
0.00908152 -0.01665 1.69501e-05 9.08359e-06 -0.01665 0.082155 4.4975e-06 -0.000163024 1.69501e-05 4.4975e-06 0.00902482 -0.0166282 9.08359e-06 -0.000163024 -0.0166282 0.0823935 
0.0096764 -0.017781 -1.76452e-06 2.73489e-05 -0.017781 0.0878057 2.4711e-05 -0.000210539 -1.76452e-06 2.4711e-05 0.00966849 -0.017777 2.73489e-05 -0.000210539 -0.017777 0.0880534 
0.00900874 -0.016584 -2.39223e-06 4.82206e-05 -0.016584 0.0820096 4.87544e-05 -0.000251428 -2.39223e-06 4.87544e-05 0.00905918 -0.0166384 4.82206e-05 -0.000251428 -0.0166384 0.0823282 
0.00902551 -0.0165469 1.98319e-05 4.73455e-05 -0.0165469 0.0819598 4.95167e-05 -0.000274385 1.98319e-05 4.95167e-05 0.00905008 -0.0166821 4.73455e-05 -0.000274385 -0.0166821 0.0824577 
0.00907215 -0.0165806 3.89382e-05 1.66487e-05 -0.0165806 0.082051 1.64152e-05 -0.000225472 3.89382e-05 1.64152e-05 0.00902567 -0.0166972 1.66487e-05 -0.000225472 -0.0166972 0.0826174 
0.00907105 -0.0166037 4.49493e-05 -6.06681e-06 -0.0166037 0.0820228 -9.03538e-06 -0.000158436 4.49493e-05 -9.03538e-06 0.00901712 -0.0166299 -6.06681e-06 -0.000158436 -0.0166299 0.0824563 
0.00909047 -0.0166366 4.97709e-05 -1.54585e-05 -0.0166366 0.0821714 -1.86204e-05 -0.000114058 4.97709e-05 -1.86204e-05 0.0090238 -0.0166433 -1.54585e-05 -0.000114058 -0.0166433 0.0824932 
0.00907188 -0.0165982 5.50427e-05 -2.17468e-05 -0.0165982 0.0819644 -2.46321e-05 -8.78407e-05 5.50427e-05 -2.46321e-05 0.00899442 -0.0165926 -2.17468e-05 -8.78407e-05 -0.0165926 0.0822371 
0.0097074 -0.0177602 4.06154e-05 -3.25361e-05 -0.0177602 0.0876802 -3.46209e-05 -6.77212e-05 4.06154e-05 -3.46209e-05 0.0096123 -0.0177438 -3.25361e-05 -6.77212e-05 -0.0177438 0.0879445 
0.00967292 -0.0177386 2.66473e-05 -1.28595e-05 -0.0177386 0.087564 -1.39195e-05 -8.41796e-05 2.66473e-05 -1.39195e-05 0.00961306 -0.0177137 -1.28595e-05 -8.41796e-05 -0.0177137 0.0878148 
0.00965618 -0.0176749 1.93757e-05 4.44863e-06 -0.0176749 0.087343 2.70096e-06 -0.000120949 1.93757e-05 2.70096e-06 0.0095894 -0.0176996 4.44863e-06 -0.000120949 -0.0176996 0.0876738 
0.00968274 -0.0176483 2.29932e-05 1.53486e-05 -0.0176483 0.0871767 1.19473e-05 -0.000152126 2.29932e-05 1.19473e-05 0.00953577 -0.0176677 1.53486e-05 -0.000152126 -0.0176677 0.0875516 
0.00968874 -0.0176702 2.29587e-05 1.28959e-05 -0.0176702 0.0870892 6.46354e-06 -0.000156782 2.29587e-05 6.46354e-06 0.00949178 -0.0175778 1.28959e-05 -0.000156782 -0.0175778 0.0872841 
0.00968785 -0.0177134 2.32751e-05 1.41164e-05 -0.0177134 0.0872202 4.00424e-06 -0.000153492 2.32751e-05 4.00424e-06 0.00948572 -0.0175374 1.41164e-05 -0.000153492 -0.0175374 0.0871592 
0.00967558 -0.0177145 1.11518e-05 1.54631e-05 -0.0177145 0.0872688 3.19556e-06 -0.000152965 1.11518e-05 3.19556e-06 0.00949373 -0.0175203 1.54631e-05 -0.000152965 -0.0175203 0.0870574 
0.00965378 -0.0177012 1.12062e-05 2.96488e-05 -0.0177012 0.087269 1.62911e-05 -0.000171714 1.12062e-05 1.62911e-05 0.00952519 -0.0175333 2.96488e-05 -0.000171714 -0.0175333 0.0870489 
0.00966459 -0.0176943 1.60749e-06 3.19718e-05 -0.0176943 0.0873313 1.99998e-05 -0.000190772 1.60749e-06 1.99998e-05 0.00954863 -0.017605 3.19718e-05 -0.000190772 -0.017605 0.0872567 
0.0096565 -0.0177139 -4.60503e-06 4.32189e-05 -0.0177139 0.087421 2.91883e-05 -0.000210688 -4.60503e-06 2.91883e-05 0.00958113 -0.0176537 4.32189e-05 -0.000210688 -0.0176537 0.087483 
0.00961236 -0.01767 -1.24107e-07 4.68004e-05 -0.01767 0.0872864 3.44616e-05 -0.000222272 -1.24107e-07 3.44616e-05 0.00960613 -0.0176615 4.68004e-05 -0.000222272 -0.0176615 0.08748 
0.00963998 -0.0176498 -9.53779e-07 3.61223e-05 -0.0176498 0.0873188 2.89145e-05 -0.000210338 -9.53779e-07 2.89145e-05 0.00961697 -0.0177364 3.61223e-05 -0.000210338 -0.0177364 0.0877323 
0.00965091 -0.0176928 8.73753e-06 3.28586e-05 -0.0176928 0.0874404 3.15509e-05 -0.000199172 8.73753e-06 3.15509e-05 0.00964553 -0.017768 3.28586e-05 -0.000199172 -0.017768 0.0879505 
0.00968746 -0.0177204 2.96259e-05 1.88985e-05 -0.0177204 0.0875978 2.37089e-05 -0.000179242 2.96259e-05 2.37089e-05 0.0096503 -0.0178164 1.88985e-05 -0.000179242 -0.0178164 0.0881595 
0.00907425 -0.0165785 2.76745e-05 -6.70911e-06 -0.0165785 0.0818952 -3.73107e-06 -0.000118814 2.76745e-05 -3.73107e-06 0.00900254 -0.0166499 -6.70911e-06 -0.000118814 -0.0166499 0.0824395 
0.00969293 -0.0177519 3.22871e-05 -6.31653e-06 -0.0177519 0.0876236 -7.59716e-06 -9.7621e-05 3.22871e-05 -7.59716e-06 0.00963944 -0.0177842 -6.31653e-06 -9.7621e-05 -0.0177842 0.0881485 
0.0096527 -0.0177085 2.85457e-05 -6.31823e-06 -0.0177085 0.0874652 -1.10095e-05 -9.00147e-05 2.85457e-05 -1.10095e-05 0.0096494 -0.0177581 -6.31823e-06 -9.00147e-05 -0.0177581 0.0879773 
0.00962701 -0.0176616 2.03503e-05 -4.12068e-07 -0.0176616 0.0873191 -2.95057e-06 -0.000100989 2.03503e-05 -2.95057e-06 0.00964292 -0.0177671 -4.12068e-07 -0.000100989 -0.0177671 0.0879169 
0.00960729 -0.017583 1.78288e-05 5.63662e-06 -0.017583 0.0869667 1.10869e-05 -0.000122245 1.78288e-05 1.10869e-05 0.00958846 -0.0177113 5.63662e-06 -0.000122245 -0.0177113 0.0876418 
0.00958771 -0.017561 2.19246e-05 5.95073e-06 -0.017561 0.086778 1.79193e-05 -0.000138939 2.19246e-05 1.79193e-05 0.00956525 -0.0176387 5.95073e-06 -0.000138939 -0.0176387 0.0873879 
0.00962221 -0.0176068 2.9948e-05 4.24946e-06 -0.0176068 0.0869974 1.78852e-05 -0.000149022 2.9948e-05 1.78852e-05 0.00956905 -0.0176717 4.24946e-06 -0.000149022 -0.0176717 0.0875333 
0.00961937 -0.0176354 2.17991e-05 -4.86295e-06 -0.0176354 0.0870932 8.76245e-06 -0.000139659 2.17991e-05 8.76245e-06 0.00958083 -0.0176649 -4.86295e-06 -0.000139659 -0.0176649 0.0875501 
0.00962053 -0.0176407 2.38978e-05 4.46696e-06 -0.0176407 0.0871771 1.69981e-05 -0.000146566 2.38978e-05 1.69981e-05 0.00959411 -0.0176893 4.46696e-06 -0.000146566 -0.0176893 0.0876275 
0.00959531 -0.0175646 7.47337e-06 5.23508e-06 -0.0175646 0.0868359 1.26194e-05 -0.00015085 7.47337e-06 1.26194e-05 0.00954996 -0.0176314 5.23508e-06 -0.00015085 -0.0176314 0.087323 
0.00959615 -0.0175574 -1.02087e-05 3.00696e-05 -0.0175574 0.0867413 2.92662e-05 -0.000183328 -1.02087e-05 2.92662e-05 0.00951862 -0.0175939 3.00696e-05 -0.000183328 -0.0175939 0.0871909 
0.00958839 -0.0175946 -8.71205e-06 5.53177e-05 -0.0175946 0.086861 5.07485e-05 -0.000239607 -8.71205e-06 5.07485e-05 0.00953014 -0.0175729 5.53177e-05 -0.000239607 -0.0175729 0.0871724 
0.00958114 -0.0176076 -1.10608e-05 5.43815e-05 -0.0176076 0.0870162 5.36416e-05 -0.000270079 -1.10608e-05 5.36416e-05 0.00955643 -0.0176092 5.43815e-05 -0.000270079 -0.0176092 0.087294 
0.00958424 -0.0176186 -9.90089e-06 4.99539e-05 -0.0176186 0.0871774 5.57988e-05 -0.000271138 -9.90089e-06 5.57988e-05 0.00959766 -0.0176687 4.99539e-05 -0.000271138 -0.0176687 0.0875357 
0.00962714 -0.0176402 -1.10901e-05 4.30119e-05 -0.0176402 0.0873489 5.36643e-05 -0.000259605 -1.10901e-05 5.36643e-05 0.0096048 -0.0177357 4.30119e-05 -0.000259605 -0.0177357 0.0878147 
0.00963672 -0.0175988 1.18123e-05 4.05155e-05 -0.0175988 0.0870463 5.31177e-05 -0.000246794 1.18123e-05 5.31177e-05 0.00953596 -0.0176464 4.05155e-05 -0.000246794 -0.0176464 0.0874769 
0.00964304 -0.017627 1.51227e-05 1.402e-05 -0.017627 0.0870143 2.6891e-05 -0.000203583 1.51227e-05 2.6891e-05 0.00951382 -0.0175748 1.402e-05 -0.000203583 -0.0175748 0.0872523 
0.00962356 -0.0176221 2.11217e-05 1.40696e-05 -0.0176221 0.086934 2.14167e-05 -0.00017927 2.11217e-05 2.14167e-05 0.00949806 -0.0175219 1.40696e-05 -0.00017927 -0.0175219 0.0869872 
0.00962632 -0.0176272 3.63893e-05 1.19818e-05 -0.0176272 0.0869838 1.30929e-05 -0.000168974 3.63893e-05 1.30929e-05 0.00949251 -0.0175252 1.19818e-05 -0.000168974 -0.0175252 0.0869591 
0.00962491 -0.017643 4.61722e-05 -4.51209e-06 -0.017643 0.0870591 -6.38708e-06 -0.000138971 4.61722e-05 -6.38708e-06 0.00950295 -0.0175274 -4.51209e-06 -0.000138971 -0.0175274 0.0869864 
0.00959328 -0.0175952 3.33507e-05 -1.77074e-05 -0.0175952 0.0868632 -1.83513e-05 -0.000103985 3.33507e-05 -1.83513e-05 0.00950868 -0.0174962 -1.77074e-05 -0.000103985 -0.0174962 0.086794 
0.00957916 -0.0175716 3.26955e-05 -3.179e-06 -0.0175716 0.0867896 -3.6475e-06 -0.000111096 3.26955e-05 -3.6475e-06 0.0095312 -0.0175252 -3.179e-06 -0.000111096 -0.0175252 0.0868174 
0.00957577 -0.0175358 3.58211e-05 1.30626e-06 -0.0175358 0.086652 -1.25854e-06 -0.000129504 3.58211e-05 -1.25854e-06 0.00953154 -0.0175554 1.30626e-06 -0.000129504 -0.0175554 0.0868576 
0.00956241 -0.0175378 3.45256e-05 -1.97406e-06 -0.0175378 0.0866197 -3.87746e-06 -0.00013237 3.45256e-05 -3.87746e-06 0.00954583 -0.0175734 -1.97406e-06 -0.00013237 -0.0175734 0.0869446 
0.00957654 -0.0175805 3.75225e-05 -1.87925e-06 -0.0175805 0.0868669 -1.65759e-06 -0.000135381 3.75225e-05 -1.65759e-06 0.00957569 -0.0176453 -1.87925e-06 -0.000135381 -0.0176453 0.0872726 
0.00957966 -0.0175581 3.82084e-05 -6.35645e-06 -0.0175581 0.0868115 -7.20983e-06 -0.000127308 3.82084e-05 -7.20983e-06 0.00954708 -0.0176427 -6.35645e-06 -0.000127308 -0.0176427 0.0872829 
0.00959998 -0.0175843 3.44393e-05 -7.26797e-06 -0.0175843 0.0869046 -9.00488e-06 -0.000120393 3.44393e-05 -9.00488e-06 0.00953025 -0.0176268 -7.26797e-06 -0.000120393 -0.0176268 0.0873338 
0.00956985 -0.0175456 4.17978e-05 -4.84075e-06 -0.0175456 0.0866757 -6.71689e-06 -0.000118935 4.17978e-05 -6.71689e-06 0.00950987 -0.0175337 -4.84075e-06 -0.000118935 -0.0175337 0.0869758 
0.00954349 -0.0174562 2.94049e-05 -7.58048e-06 -0.0174562 0.0862527 -1.09184e-05 -0.000119025 2.94049e-05 -1.09184e-05 0.0094581 -0.0174489 -7.58048e-06 -0.000119025 -0.0174489 0.0864907 
0.00955832 -0.0175198 2.94548e-05 5.71854e-06 -0.0175198 0.0864747 5.41772e-06 -0.000140792 2.94548e-05 5.41772e-06 0.00949687 -0.0174827 5.71854e-06 -0.000140792 -0.0174827 0.0866547 
0.00957785 -0.0175938 2.33274e-05 2.9612e-06 -0.0175938 0.0868557 8.49202e-06 -0.000154478 2.33274e-05 8.49202e-06 0.00954206 -0.0175646 2.9612e-06 -0.000154478 -0.0175646 0.0869924 
0.00958914 -0.0176186 2.22791e-05 9.28162e-06 -0.0176186 0.087062 1.61503e-05 -0.00016746 2.22791e-05 1.61503e-05 0.00957115 -0.0176185 9.28162e-06 -0.00016746 -0.0176185 0.0872258 
