0.00656785 0 3.98401e-05 0 0 0.00937199 0 0 3.98401e-05 0 0.00664858 0 0 0 0 0.00937199 
0.00965124 -0.011982 3.44752e-05 -4.03698e-05 -0.011982 0.0318759 -4.03698e-05 7.70818e-05 3.44752e-05 -4.03698e-05 0.00973626 -0.0120828 -4.03698e-05 7.70818e-05 -0.0120828 0.0320694 
0.00912623 -0.0170748 1.74043e-05 3.34771e-05 -0.0170748 0.0629816 3.34771e-05 -0.000128447 1.74043e-05 3.34771e-05 0.0092114 -0.0170941 3.34771e-05 -0.000128447 -0.0170941 0.0630108 
0.00862583 -0.016791 1.8684e-05 0.00011405 -0.016791 0.0754954 0.000115095 -0.000661976 1.8684e-05 0.000115095 0.00871239 -0.0167215 0.00011405 -0.000661976 -0.0167215 0.0748649 
0.00908523 -0.0171475 3.41553e-05 0.000100824 -0.0171475 0.0831188 9.81592e-05 -0.00087951 3.41553e-05 9.81592e-05 0.00919589 -0.0170816 0.000100824 -0.00087951 -0.0170816 0.0821438 
0.0088639 -0.016392 3.2113e-05 4.41593e-05 -0.016392 0.0809379 4.25243e-05 -0.000656374 3.2113e-05 4.25243e-05 0.00896739 -0.0163999 4.41593e-05 -0.000656374 -0.0163999 0.0802224 
0.00933484 -0.0171776 2.19112e-05 2.48475e-05 -0.0171776 0.0849586 3.02643e-05 -0.000476186 2.19112e-05 3.02643e-05 0.00943353 -0.0172056 2.48475e-05 -0.000476186 -0.0172056 0.0844731 
0.00909228 -0.0166922 1.79036e-05 3.5838e-05 -0.0166922 0.0825398 4.54502e-05 -0.000381974 1.79036e-05 4.54502e-05 0.009146 -0.0167 3.5838e-05 -0.000381974 -0.0167 0.0821551 
0.00961742 -0.0176728 1.08426e-05 5.06627e-05 -0.0176728 0.0873031 5.94849e-05 -0.000399588 1.08426e-05 5.94849e-05 0.00965906 -0.0176171 5.06627e-05 -0.000399588 -0.0176171 0.0868199 
0.0094792 -0.0174275 8.9425e-06 6.29169e-05 -0.0174275 0.0860833 7.08701e-05 -0.000416582 8.9425e-06 7.08701e-05 0.00953495 -0.0173494 6.29169e-05 -0.000416582 -0.0173494 0.0855188 
0.00942835 -0.0173342 2.73782e-05 6.48928e-05 -0.0173342 0.0856153 7.52991e-05 -0.000435346 2.73782e-05 7.52991e-05 0.00948993 -0.0172688 6.48928e-05 -0.000435346 -0.0172688 0.0850291 
0.00940997 -0.0172695 4.6563e-05 4.23622e-05 -0.0172695 0.0852816 5.09362e-05 -0.000406046 4.6563e-05 5.09362e-05 0.0094344 -0.0172153 4.23622e-05 -0.000406046 -0.0172153 0.084714 
0.00940283 -0.0172203 4.98935e-05 1.55484e-05 -0.0172203 0.0849559 2.0069e-05 -0.000337968 4.98935e-05 2.0069e-05 0.00935881 -0.0171229 1.55484e-05 -0.000337968 -0.0171229 0.0843301 
0.00942964 -0.0173077 3.23159e-05 9.42482e-06 -0.0173077 0.0852594 1.24323e-05 -0.000294905 3.23159e-05 1.24323e-05 0.00935882 -0.0171252 9.42482e-06 -0.000294905 -0.0171252 0.0844628 
0.00944958 -0.0173446 3.17576e-05 2.81707e-05 -0.0173446 0.0854556 3.20665e-05 -0.00030604 3.17576e-05 3.20665e-05 0.00935822 -0.0171214 2.81707e-05 -0.00030604 -0.0171214 0.0845076 
0.00943499 -0.0173892 2.61878e-05 3.18164e-05 -0.0173892 0.0856759 3.36897e-05 -0.000321743 2.61878e-05 3.36897e-05 0.00940074 -0.0171403 3.18164e-05 -0.000321743 -0.0171403 0.0846341 
0.0094073 -0.0173723 1.91944e-05 3.73556e-05 -0.0173723 0.0857537 3.88641e-05 -0.000331284 1.91944e-05 3.88641e-05 0.00944005 -0.0171936 3.73556e-05 -0.000331284 -0.0171936 0.0847853 
0.00935952 -0.0172747 1.13133e-05 4.32425e-05 -0.0172747 0.0854345 4.48461e-05 -0.000340022 1.13133e-05 4.48461e-05 0.00944199 -0.0171924 4.32425e-05 -0.000340022 -0.0171924 0.0846827 
0.00930671 -0.0171577 3.63954e-05 4.97373e-05 -0.0171577 0.0849243 4.98384e-05 -0.00034567 3.63954e-05 4.98384e-05 0.00942692 -0.0171477 4.97373e-05 -0.00034567 -0.0171477 0.0843973 
0.00927082 -0.0170635 6.20168e-05 1.91362e-05 -0.0170635 0.0844636 1.90594e-05 -0.000300065 6.20168e-05 1.90594e-05 0.00938834 -0.0171088 1.91362e-05 -0.000300065 -0.0171088 0.084125 
0.00925483 -0.0169934 7.46115e-05 -1.42516e-05 -0.0169934 0.0840545 -1.74717e-05 -0.00021472 7.46115e-05 -1.74717e-05 0.00932541 -0.0170343 -1.42516e-05 -0.00021472 -0.0170343 0.0837826 
0.00924172 -0.0170059 5.95081e-05 -2.47818e-05 -0.0170059 0.0839919 -3.15353e-05 -0.000164153 5.95081e-05 -3.15353e-05 0.00931048 -0.0169874 -2.47818e-05 -0.000164153 -0.0169874 0.0836435 
0.00920719 -0.0169528 5.12691e-05 -2.56685e-06 -0.0169528 0.0837487 -9.73975e-06 -0.00018604 5.12691e-05 -9.73975e-06 0.00927922 -0.0169283 -2.56685e-06 -0.00018604 -0.0169283 0.0833448 
0.00919552 -0.0169349 4.74472e-05 8.6608e-06 -0.0169349 0.0836856 4.42486e-06 -0.000226484 4.74472e-05 4.42486e-06 0.0092839 -0.0169195 8.6608e-06 -0.000226484 -0.0169195 0.083289 
0.0092151 -0.0169392 4.0475e-05 1.19687e-05 -0.0169392 0.0837301 1.02534e-05 -0.000250692 4.0475e-05 1.02534e-05 0.00928157 -0.0169531 1.19687e-05 -0.000250692 -0.0169531 0.0833969 
0.00923054 -0.0169416 5.03886e-05 2.27658e-05 -0.0169416 0.0836863 1.86921e-05 -0.000273913 5.03886e-05 1.86921e-05 0.0092538 -0.0169386 2.27658e-05 -0.000273913 -0.0169386 0.0833737 
0.00923645 -0.0169718 3.97775e-05 1.24168e-05 -0.0169718 0.0837491 6.28005e-06 -0.000268644 3.97775e-05 6.28005e-06 0.00924375 -0.0169157 1.24168e-05 -0.000268644 -0.0169157 0.0833601 
0.00923827 -0.0170015 4.07059e-05 2.21396e-05 -0.0170015 0.083887 1.60524e-05 -0.000272393 4.07059e-05 1.60524e-05 0.00925937 -0.0169139 2.21396e-05 -0.000272393 -0.0169139 0.0833947 
0.00930235 -0.0170832 3.83281e-05 2.05321e-05 -0.0170832 0.0843359 1.72977e-05 -0.000279292 3.83281e-05 1.72977e-05 0.00927884 -0.0170058 2.05321e-05 -0.000279292 -0.0170058 0.083809 
0.00931583 -0.0170989 4.31343e-05 2.0527e-05 -0.0170989 0.0843552 2.16212e-05 -0.00028215 4.31343e-05 2.16212e-05 0.0092683 -0.0169711 2.0527e-05 -0.00028215 -0.0169711 0.0837514 
0.00932066 -0.0171403 4.55163e-05 1.23866e-05 -0.0171403 0.0845187 1.5664e-05 -0.000271284 4.55163e-05 1.5664e-05 0.00928585 -0.0169787 1.23866e-05 -0.000271284 -0.0169787 0.0838121 
0.00930171 -0.0171242 2.85943e-05 7.29354e-06 -0.0171242 0.0844928 1.06839e-05 -0.000254622 2.85943e-05 1.06839e-05 0.00929537 -0.0169774 7.29354e-06 -0.000254622 -0.0169774 0.0837689 
0.00928104 -0.0171065 1.84561e-05 2.81667e-05 -0.0171065 0.0844775 2.90718e-05 -0.000276335 1.84561e-05 2.90718e-05 0.0093216 -0.0170017 2.81667e-05 -0.000276335 -0.0170017 0.0838293 
0.00928723 -0.0170724 2.43688e-05 4.52662e-05 -0.0170724 0.0843945 4.26502e-05 -0.000317374 2.43688e-05 4.26502e-05 0.00930565 -0.0170299 4.52662e-05 -0.000317374 -0.0170299 0.0838857 
0.009306 -0.0171017 2.53694e-05 4.13156e-05 -0.0171017 0.0844839 3.55331e-05 -0.000327627 2.53694e-05 3.55331e-05 0.00930379 -0.0170372 4.13156e-05 -0.000327627 -0.0170372 0.0840106 
0.00930134 -0.0170864 2.25849e-05 3.70622e-05 -0.0170864 0.0843716 3.17991e-05 -0.000317043 2.25849e-05 3.17991e-05 0.00928293 -0.0169869 3.70622e-05 -0.000317043 -0.0169869 0.0838311 
0.00931415 -0.0171405 6.9505e-06 3.96885e-05 -0.0171405 0.0846035 3.6521e-05 -0.000318712 6.9505e-06 3.6521e-05 0.00929759 -0.0170144 3.96885e-05 -0.000318712 -0.0170144 0.0839812 
0.00929545 -0.0171226 -2.29464e-05 5.29193e-05 -0.0171226 0.0845639 5.62613e-05 -0.000342663 -2.29464e-05 5.62613e-05 0.00928979 -0.0169943 5.29193e-05 -0.000342663 -0.0169943 0.0838979 
0.00923476 -0.017064 -2.97948e-05 8.60511e-05 -0.017064 0.0843305 9.62393e-05 -0.000409841 -2.97948e-05 9.62393e-05 0.00929384 -0.0169455 8.60511e-05 -0.000409841 -0.0169455 0.083664 
0.00917773 -0.0169741 -2.90967e-05 9.42614e-05 -0.0169741 0.0840329 0.000106048 -0.000454821 -2.90967e-05 0.000106048 0.00930432 -0.0169316 9.42614e-05 -0.000454821 -0.0169316 0.0834778 
0.00914412 -0.0168651 -1.14861e-05 9.22251e-05 -0.0168651 0.0836049 0.000102696 -0.000461122 -1.14861e-05 0.000102696 0.00927592 -0.0169143 9.22251e-05 -0.000461122 -0.0169143 0.08326 
0.00916496 -0.0168438 4.38476e-07 7.26089e-05 -0.0168438 0.0834637 7.75677e-05 -0.000424235 4.38476e-07 7.75677e-05 0.00924472 -0.0169177 7.26089e-05 -0.000424235 -0.0169177 0.0832708 
0.00917609 -0.0168484 1.02763e-05 6.11612e-05 -0.0168484 0.0833447 5.88616e-05 -0.000381167 1.02763e-05 5.88616e-05 0.00920506 -0.0168634 6.11612e-05 -0.000381167 -0.0168634 0.0831185 
0.00920048 -0.0168804 2.97419e-05 5.11465e-05 -0.0168804 0.0833959 4.56112e-05 -0.000346953 2.97419e-05 4.56112e-05 0.0091722 -0.0168251 5.11465e-05 -0.000346953 -0.0168251 0.0830223 
0.00918157 -0.0168666 4.04462e-05 2.84078e-05 -0.0168666 0.0832331 1.92804e-05 -0.000295553 4.04462e-05 1.92804e-05 0.00912293 -0.0167313 2.84078e-05 -0.000295553 -0.0167313 0.0826638 
0.00913929 -0.0168165 3.78252e-05 1.26159e-05 -0.0168165 0.0829823 3.20072e-06 -0.000244294 3.78252e-05 3.20072e-06 0.00909048 -0.0166427 1.26159e-05 -0.000244294 -0.0166427 0.0822699 
0.00911286 -0.0167512 3.70847e-05 8.64781e-06 -0.0167512 0.0827094 4.36335e-06 -0.000216712 3.70847e-05 4.36335e-06 0.00905535 -0.0165888 8.64781e-06 -0.000216712 -0.0165888 0.0819636 
0.00913578 -0.0168067 4.44589e-05 9.0194e-06 -0.0168067 0.0829659 1.02388e-05 -0.000216613 4.44589e-05 1.02388e-05 0.00908125 -0.0166414 9.0194e-06 -0.000216613 -0.0166414 0.0822222 
0.00916368 -0.0168839 5.15344e-05 -6.08412e-07 -0.0168839 0.0833783 2.08966e-07 -0.000201437 5.15344e-05 2.08966e-07 0.00913185 -0.0167293 -6.08412e-07 -0.000201437 -0.0167293 0.0826583 
0.0091481 -0.0168723 4.33855e-05 -6.34804e-06 -0.0168723 0.0833981 -9.21723e-06 -0.000181407 4.33855e-05 -9.21723e-06 0.00915029 -0.0167494 -6.34804e-06 -0.000181407 -0.0167494 0.0827478 
0.00912124 -0.0168438 2.37558e-05 3.18061e-06 -0.0168438 0.0833409 -9.52768e-07 -0.000185369 2.37558e-05 -9.52768e-07 0.00917573 -0.0167673 3.18061e-06 -0.000185369 -0.0167673 0.0828036 
0.00908954 -0.0167693 2.92336e-06 2.87578e-05 -0.0167693 0.0830645 2.71466e-05 -0.000234288 2.92336e-06 2.71466e-05 0.0091654 -0.016758 2.87578e-05 -0.000234288 -0.016758 0.0826805 
0.00905631 -0.0166815 -1.15302e-05 5.79455e-05 -0.0166815 0.0826476 5.66085e-05 -0.000308419 -1.15302e-05 5.66085e-05 0.00913275 -0.0167037 5.79455e-05 -0.000308419 -0.0167037 0.0823918 
0.00902718 -0.0166281 -6.52895e-06 7.49804e-05 -0.0166281 0.0823321 7.63464e-05 -0.000369796 -6.52895e-06 7.63464e-05 0.00910903 -0.0166472 7.49804e-05 -0.000369796 -0.0166472 0.082116 
0.00905644 -0.0166481 1.10424e-05 6.71839e-05 -0.0166481 0.0824117 6.93148e-05 -0.000379878 1.10424e-05 6.93148e-05 0.00909421 -0.0166756 6.71839e-05 -0.000379878 -0.0166756 0.0822181 
0.00908571 -0.0167183 2.53177e-05 4.18415e-05 -0.0167183 0.08266 4.46008e-05 -0.000336837 2.53177e-05 4.46008e-05 0.00910226 -0.0166838 4.18415e-05 -0.000336837 -0.0166838 0.0823706 
0.00910456 -0.0167635 3.46952e-05 2.29331e-05 -0.0167635 0.0828769 2.42825e-05 -0.000281152 3.46952e-05 2.42825e-05 0.00910744 -0.0166996 2.29331e-05 -0.000281152 -0.0166996 0.0824844 
0.00911074 -0.0168006 3.73146e-05 1.25049e-05 -0.0168006 0.0830804 1.0859e-05 -0.000239284 3.73146e-05 1.0859e-05 0.00912744 -0.0167236 1.25049e-05 -0.000239284 -0.0167236 0.082635 
0.0090586 -0.0167077 2.69099e-05 7.57937e-06 -0.0167077 0.0826938 6.29686e-06 -0.000214404 2.69099e-05 6.29686e-06 0.00909737 -0.0166507 7.57937e-06 -0.000214404 -0.0166507 0.0822676 
0.00904578 -0.0166762 1.53841e-05 2.14382e-05 -0.0166762 0.0825927 2.18398e-05 -0.000231254 1.53841e-05 2.18398e-05 0.00909618 -0.0166582 2.14382e-05 -0.000231254 -0.0166582 0.0822575 
0.00903279 -0.0166365 8.97713e-06 3.8709e-05 -0.0166365 0.0824134 3.77154e-05 -0.000270147 8.97713e-06 3.77154e-05 0.0090805 -0.016641 3.8709e-05 -0.000270147 -0.016641 0.0821669 
0.00901016 -0.0165966 1.26442e-05 5.00922e-05 -0.0165966 0.0821942 4.18702e-05 -0.000298839 1.26442e-05 4.18702e-05 0.00906309 -0.0165997 5.00922e-05 -0.000298839 -0.0165997 0.0819825 
0.00964923 -0.0177496 2.05593e-05 5.01673e-05 -0.0177496 0.0879034 3.33488e-05 -0.000316318 2.05593e-05 3.33488e-05 0.009692 -0.0177643 5.01673e-05 -0.000316318 -0.0177643 0.0877127 
0.0090275 -0.016617 2.69222e-05 3.63267e-05 -0.016617 0.0822388 2.01823e-05 -0.000270769 2.69222e-05 2.01823e-05 0.00906135 -0.0166148 3.63267e-05 -0.000270769 -0.0166148 0.0820536 
0.00903627 -0.0166144 4.04442e-05 2.44003e-05 -0.0166144 0.082222 1.27123e-05 -0.000243679 4.04442e-05 1.27123e-05 0.00905297 -0.0166029 2.44003e-05 -0.000243679 -0.0166029 0.0820155 
0.00903386 -0.016626 4.08346e-05 3.40448e-06 -0.016626 0.0822345 -3.52441e-06 -0.000202244 4.08346e-05 -3.52441e-06 0.00905599 -0.0165958 3.40448e-06 -0.000202244 -0.0165958 0.0819957 
0.00901277 -0.0166238 3.52214e-05 3.04334e-06 -0.0166238 0.0822407 1.23626e-06 -0.0001899 3.52214e-05 1.23626e-06 0.00907077 -0.0166034 3.04334e-06 -0.0001899 -0.0166034 0.082009 
0.00963029 -0.0177547 3.1764e-05 1.12423e-05 -0.0177547 0.0879287 1.29269e-05 -0.000219532 3.1764e-05 1.29269e-05 0.00970834 -0.0177824 1.12423e-05 -0.000219532 -0.0177824 0.0877712 
0.00960852 -0.0177092 1.99616e-05 1.95644e-05 -0.0177092 0.0877275 2.15883e-05 -0.00024342 1.99616e-05 2.15883e-05 0.00969033 -0.0177586 1.95644e-05 -0.00024342 -0.0177586 0.087653 
0.00961136 -0.0177269 1.96444e-05 3.42303e-05 -0.0177269 0.0878149 3.48847e-05 -0.000274747 1.96444e-05 3.48847e-05 0.00971025 -0.0177789 3.42303e-05 -0.000274747 -0.0177789 0.0877711 
0.00901049 -0.0165792 2.11229e-05 3.5391e-05 -0.0165792 0.082159 3.52159e-05 -0.000278392 2.11229e-05 3.52159e-05 0.00906895 -0.0166461 3.5391e-05 -0.000278392 -0.0166461 0.0821511 
0.00907186 -0.0166692 1.76856e-05 3.32946e-05 -0.0166692 0.0825312 3.33101e-05 -0.000284818 1.76856e-05 3.33101e-05 0.00907934 -0.0166963 3.32946e-05 -0.000284818 -0.0166963 0.0824809 
0.00907599 -0.0166711 3.45722e-05 3.5855e-05 -0.0166711 0.0824591 3.5219e-05 -0.000287015 3.45722e-05 3.5219e-05 0.00905065 -0.016632 3.5855e-05 -0.000287015 -0.016632 0.0822758 
0.00907467 -0.0166961 3.10934e-05 1.61944e-05 -0.0166961 0.0825267 1.44836e-05 -0.000259039 3.10934e-05 1.44836e-05 0.00904041 -0.0166088 1.61944e-05 -0.000259039 -0.0166088 0.0821987 
0.00903534 -0.0166415 3.177e-05 1.86815e-05 -0.0166415 0.0822935 1.34665e-05 -0.00023804 3.177e-05 1.34665e-05 0.00901267 -0.0165447 1.86815e-05 -0.00023804 -0.0165447 0.0818956 
0.0096783 -0.0177989 2.53231e-05 2.10957e-05 -0.0177989 0.088081 1.01844e-05 -0.000247059 2.53231e-05 1.01844e-05 0.00963873 -0.0177173 2.10957e-05 -0.000247059 -0.0177173 0.0876766 
0.00905262 -0.0166232 2.31188e-05 2.76583e-05 -0.0166232 0.0822413 1.80854e-05 -0.00023722 2.31188e-05 1.80854e-05 0.00899321 -0.0165397 2.76583e-05 -0.00023722 -0.0165397 0.0818825 
0.00910054 -0.0166747 3.10419e-05 2.15585e-05 -0.0166747 0.082438 1.72727e-05 -0.000231134 3.10419e-05 1.72727e-05 0.00899286 -0.0165669 2.15585e-05 -0.000231134 -0.0165669 0.0820508 
0.00909434 -0.0166821 3.19614e-05 1.32163e-05 -0.0166821 0.0823695 1.14545e-05 -0.000217061 3.19614e-05 1.14545e-05 0.00898439 -0.0165197 1.32163e-05 -0.000217061 -0.0165197 0.0818913 
0.00905943 -0.0166905 2.5821e-05 1.27079e-05 -0.0166905 0.0823942 1.18142e-05 -0.000212534 2.5821e-05 1.18142e-05 0.00902722 -0.0165177 1.27079e-05 -0.000212534 -0.0165177 0.0818487 
0.00966411 -0.0177882 3.87315e-05 2.49912e-05 -0.0177882 0.0879636 2.54884e-05 -0.000249474 3.87315e-05 2.54884e-05 0.00966467 -0.0176997 2.49912e-05 -0.000249474 -0.0176997 0.0875002 
0.00964985 -0.0177534 4.62949e-05 2.01276e-05 -0.0177534 0.0878162 1.86375e-05 -0.000263514 4.62949e-05 1.86375e-05 0.00966247 -0.0177149 2.01276e-05 -0.000263514 -0.0177149 0.0875103 
0.00967165 -0.0178079 4.40613e-05 1.04004e-05 -0.0178079 0.0880821 5.64706e-06 -0.000248654 4.40613e-05 5.64706e-06 0.00968683 -0.0177858 1.04004e-05 -0.000248654 -0.0177858 0.0878591 
0.00965661 -0.0177593 3.73987e-05 1.10572e-05 -0.0177593 0.0878754 5.40562e-06 -0.000237969 3.73987e-05 5.40562e-06 0.00965233 -0.0177381 1.10572e-05 -0.000237969 -0.0177381 0.0876781 
0.00964112 -0.0177545 2.98422e-05 1.58123e-05 -0.0177545 0.0878344 1.11682e-05 -0.000240447 2.98422e-05 1.11682e-05 0.00966279 -0.0177187 1.58123e-05 -0.000240447 -0.0177187 0.0876319 
0.00900876 -0.0166232 2.34326e-05 2.41258e-05 -0.0166232 0.082289 1.85944e-05 -0.000240592 2.34326e-05 1.85944e-05 0.00907436 -0.0166232 2.41258e-05 -0.000240592 -0.0166232 0.0821511 
0.00902891 -0.0166016 1.92916e-05 2.78335e-05 -0.0166016 0.0822857 2.07519e-05 -0.000248269 1.92916e-05 2.07519e-05 0.00907913 -0.0166645 2.78335e-05 -0.000248269 -0.0166645 0.0822881 
0.00967449 -0.0177367 1.8243e-05 3.54608e-05 -0.0177367 0.0878298 2.89904e-05 -0.000277569 1.8243e-05 2.89904e-05 0.00968143 -0.017792 3.54608e-05 -0.000277569 -0.017792 0.0878971 
0.00965861 -0.0177155 1.69204e-05 4.00715e-05 -0.0177155 0.0875599 3.62816e-05 -0.000295003 1.69204e-05 3.62816e-05 0.00963505 -0.0176987 4.00715e-05 -0.000295003 -0.0176987 0.0875114 
0.00965617 -0.0177326 9.21258e-06 4.52244e-05 -0.0177326 0.0875766 4.19032e-05 -0.000315895 9.21258e-06 4.19032e-05 0.00962415 -0.0176703 4.52244e-05 -0.000315895 -0.0176703 0.087386 
0.00970782 -0.0177983 1.28582e-05 5.58645e-05 -0.0177983 0.0879025 5.02688e-05 -0.000340309 1.28582e-05 5.02688e-05 0.00963415 -0.0177187 5.58645e-05 -0.000340309 -0.0177187 0.0876193 
0.00974021 -0.0178533 1.26491e-05 5.3748e-05 -0.0178533 0.0880985 4.78921e-05 -0.000352968 1.26491e-05 4.78921e-05 0.00963488 -0.0177243 5.3748e-05 -0.000352968 -0.0177243 0.0877107 
0.00912051 -0.0167584 3.10452e-05 4.87638e-05 -0.0167584 0.0826491 4.57586e-05 -0.00033156 3.10452e-05 4.57586e-05 0.0090427 -0.0165991 4.87638e-05 -0.00033156 -0.0165991 0.0821776 
0.0091381 -0.0167906 3.49818e-05 2.47973e-05 -0.0167906 0.0828794 2.63782e-05 -0.000303545 3.49818e-05 2.63782e-05 0.00907051 -0.0166597 2.47973e-05 -0.000303545 -0.0166597 0.0824099 
0.00912035 -0.0168037 2.98047e-05 1.82224e-05 -0.0168037 0.0829718 2.16622e-05 -0.000278166 2.98047e-05 2.16622e-05 0.00910532 -0.0166852 1.82224e-05 -0.000278166 -0.0166852 0.0825352 
0.00912205 -0.0167992 2.43414e-05 2.71046e-05 -0.0167992 0.0830669 2.93925e-05 -0.000286027 2.43414e-05 2.93925e-05 0.00912357 -0.016742 2.71046e-05 -0.000286027 -0.016742 0.0827342 
0.00909796 -0.0167564 2.73967e-05 3.15192e-05 -0.0167564 0.0829065 3.28754e-05 -0.000295001 2.73967e-05 3.28754e-05 0.00911823 -0.0167282 3.15192e-05 -0.000295001 -0.0167282 0.0826809 
0.00906728 -0.0166926 2.91025e-05 2.3005e-05 -0.0166926 0.0826362 2.51093e-05 -0.000279106 2.91025e-05 2.51093e-05 0.00910081 -0.0166933 2.3005e-05 -0.000279106 -0.0166933 0.0825005 
0.00907854 -0.0166538 2.24263e-05 2.02825e-05 -0.0166538 0.0824578 2.29091e-05 -0.000264975 2.24263e-05 2.29091e-05 0.00906259 -0.0166729 2.02825e-05 -0.000264975 -0.0166729 0.0823901 
0.00908434 -0.0166825 2.19858e-05 2.91983e-05 -0.0166825 0.0824712 2.99891e-05 -0.000270932 2.19858e-05 2.99891e-05 0.00905191 -0.0166377 2.91983e-05 -0.000270932 -0.0166377 0.0823285 
0.00909022 -0.0167143 1.85767e-05 3.44083e-05 -0.0167143 0.0826066 3.0683e-05 -0.00028316 1.85767e-05 3.0683e-05 0.0090649 -0.0166382 3.44083e-05 -0.00028316 -0.0166382 0.0823546 
0.00908267 -0.0167208 3.23033e-05 3.92706e-05 -0.0167208 0.0826667 3.46591e-05 -0.000294429 3.23033e-05 3.46591e-05 0.00908029 -0.0166495 3.92706e-05 -0.000294429 -0.0166495 0.0823768 
0.00908339 -0.0166834 3.6433e-05 2.47641e-05 -0.0166834 0.0825519 2.39634e-05 -0.000285381 3.6433e-05 2.39634e-05 0.00906443 -0.0166558 2.47641e-05 -0.000285381 -0.0166558 0.0823412 
0.009079 -0.016649 4.37546e-05 1.65278e-05 -0.016649 0.0823346 1.72584e-05 -0.000264485 4.37546e-05 1.72584e-05 0.00903209 -0.0166108 1.65278e-05 -0.000264485 -0.0166108 0.0821642 
0.00969303 -0.0177885 4.19931e-05 1.00825e-05 -0.0177885 0.0878835 6.96812e-06 -0.000259237 4.19931e-05 6.96812e-06 0.00964593 -0.0177104 1.00825e-05 -0.000259237 -0.0177104 0.0876527 
0.00964418 -0.0176851 2.72186e-05 1.6392e-05 -0.0176851 0.0873568 7.35751e-06 -0.000250572 2.72186e-05 7.35751e-06 0.00959161 -0.0176088 1.6392e-05 -0.000250572 -0.0176088 0.0871028 
0.00962074 -0.0176721 1.89222e-05 3.52191e-05 -0.0176721 0.0872425 2.43316e-05 -0.000277376 1.89222e-05 2.43316e-05 0.00957964 -0.0175889 3.52191e-05 -0.000277376 -0.0175889 0.0869765 
0.00965671 -0.0177091 1.95853e-05 4.64296e-05 -0.0177091 0.0874642 3.84251e-05 -0.000314891 1.95853e-05 3.84251e-05 0.00957311 -0.0176422 4.64296e-05 -0.000314891 -0.0176422 0.0872185 
0.00966371 -0.017749 3.1546e-05 4.57684e-05 -0.017749 0.0876058 3.99982e-05 -0.000331728 3.1546e-05 3.99982e-05 0.00958114 -0.0176298 4.57684e-05 -0.000331728 -0.0176298 0.087294 
0.00965863 -0.0177418 3.57898e-05 2.70433e-05 -0.0177418 0.0876094 2.23229e-05 -0.000303166 3.57898e-05 2.23229e-05 0.00957743 -0.017621 2.70433e-05 -0.000303166 -0.017621 0.087253 
0.00965693 -0.0177369 2.46426e-05 1.87504e-05 -0.0177369 0.0876208 1.84669e-05 -0.000275561 2.46426e-05 1.84669e-05 0.00957437 -0.0176316 1.87504e-05 -0.000275561 -0.0176316 0.0872961 
0.00961951 -0.0177271 2.45737e-05 3.04951e-05 -0.0177271 0.0875888 3.53844e-05 -0.000288809 2.45737e-05 3.53844e-05 0.00960499 -0.0176234 3.04951e-05 -0.000288809 -0.0176234 0.0872905 
0.00962089 -0.0176979 3.06016e-05 3.19609e-05 -0.0176979 0.0875906 3.95094e-05 -0.000307118 3.06016e-05 3.95094e-05 0.00961038 -0.0176771 3.19609e-05 -0.000307118 -0.0176771 0.0874309 
0.00956727 -0.0176563 3.84116e-05 2.5191e-05 -0.0176563 0.0873847 2.85872e-05 -0.00029639 3.84116e-05 2.85872e-05 0.00962679 -0.0176461 2.5191e-05 -0.00029639 -0.0176461 0.0873229 
0.00950815 -0.0175304 3.10659e-05 1.36568e-05 -0.0175304 0.0869043 8.66797e-06 -0.000256674 3.10659e-05 8.66797e-06 0.00960457 -0.0176049 1.36568e-05 -0.000256674 -0.0176049 0.0869991 
0.00951407 -0.0175227 2.13124e-05 2.09862e-05 -0.0175227 0.0868975 1.10961e-05 -0.000241386 2.13124e-05 1.10961e-05 0.00961828 -0.0176495 2.09862e-05 -0.000241386 -0.0176495 0.0871579 
0.00952886 -0.0175469 2.68989e-05 3.66468e-05 -0.0175469 0.087001 2.67286e-05 -0.00026618 2.68989e-05 2.67286e-05 0.00963286 -0.0176877 3.66468e-05 -0.00026618 -0.0176877 0.0873535 
0.00957763 -0.0176413 2.95505e-05 2.60656e-05 -0.0176413 0.0874599 2.07014e-05 -0.000264304 2.95505e-05 2.07014e-05 0.00968179 -0.0177816 2.60656e-05 -0.000264304 -0.0177816 0.0878392 
0.00959682 -0.0176483 2.74939e-05 1.97282e-05 -0.0176483 0.0874981 1.75484e-05 -0.000249445 2.74939e-05 1.75484e-05 0.00966813 -0.0177817 1.97282e-05 -0.000249445 -0.0177817 0.0878677 
0.00959546 -0.0176344 1.707e-05 2.12502e-05 -0.0176344 0.0873683 1.68798e-05 -0.000240329 1.707e-05 1.68798e-05 0.00964777 -0.0177285 2.12502e-05 -0.000240329 -0.0177285 0.0876743 
0.00959748 -0.0176317 2.49929e-05 4.01505e-05 -0.0176317 0.087309 3.02763e-05 -0.000267493 2.49929e-05 3.02763e-05 0.00963548 -0.0177074 4.01505e-05 -0.000267493 -0.0177074 0.0875617 
0.00958417 -0.0176336 2.90008e-05 3.13584e-05 -0.0176336 0.0872886 1.99614e-05 -0.000266591 2.90008e-05 1.99614e-05 0.00963799 -0.0177012 3.13584e-05 -0.000266591 -0.0177012 0.0875236 
0.00959488 -0.0176366 3.15748e-05 2.57106e-05 -0.0176366 0.0873484 1.75606e-05 -0.00025754 3.15748e-05 1.75606e-05 0.00963405 -0.0177295 2.57106e-05 -0.00025754 -0.0177295 0.0876304 
0.00958411 -0.0175922 3.24398e-05 1.95623e-05 -0.0175922 0.0871177 1.83377e-05 -0.000249674 3.24398e-05 1.83377e-05 0.00959354 -0.0176767 1.95623e-05 -0.000249674 -0.0176767 0.0874279 
0.00956721 -0.0175623 2.9596e-05 1.37488e-05 -0.0175623 0.086908 1.54307e-05 -0.000236802 2.9596e-05 1.54307e-05 0.0095568 -0.0176063 1.37488e-05 -0.000236802 -0.0176063 0.087158 
0.0095391 -0.0175211 3.28143e-05 1.93909e-05 -0.0175211 0.0866791 1.66491e-05 -0.000236163 3.28143e-05 1.66491e-05 0.00952472 -0.0175395 1.93909e-05 -0.000236163 -0.0175395 0.0868588 
0.00953244 -0.0175312 3.59868e-05 1.89279e-05 -0.0175312 0.0867383 9.69812e-06 -0.000231927 3.59868e-05 9.69812e-06 0.00953158 -0.0175441 1.89279e-05 -0.000231927 -0.0175441 0.0868819 
0.00950027 -0.0174604 3.27056e-05 1.6444e-05 -0.0174604 0.0864373 4.69812e-06 -0.000221862 3.27056e-05 4.69812e-06 0.00949911 -0.0174872 1.6444e-05 -0.000221862 -0.0174872 0.0865902 
0.00951727 -0.0174481 2.7715e-05 1.44568e-05 -0.0174481 0.0863747 6.04841e-06 -0.000211348 2.7715e-05 6.04841e-06 0.0094736 -0.0174782 1.44568e-05 -0.000211348 -0.0174782 0.0865436 
0.00952807 -0.017464 2.14611e-05 1.84997e-05 -0.017464 0.0863505 1.60588e-05 -0.00021862 2.14611e-05 1.60588e-05 0.00945636 -0.017439 1.84997e-05 -0.00021862 -0.017439 0.0864355 
0.00955201 -0.017513 1.97677e-05 2.51821e-05 -0.017513 0.0865111 2.6567e-05 -0.000236909 1.97677e-05 2.6567e-05 0.00945406 -0.0174287 2.51821e-05 -0.000236909 -0.0174287 0.0864274 
0.00957205 -0.0175802 1.41041e-05 2.66743e-05 -0.0175802 0.0867986 2.88547e-05 -0.000247338 1.41041e-05 2.88547e-05 0.00947196 -0.0174505 2.66743e-05 -0.000247338 -0.0174505 0.0865532 
0.00958243 -0.0176441 1.88566e-05 3.3378e-05 -0.0176441 0.0871649 3.37893e-05 -0.00025769 1.88566e-05 3.37893e-05 0.00952727 -0.0175169 3.3378e-05 -0.00025769 -0.0175169 0.0868615 
0.00959586 -0.017678 1.53279e-05 3.08689e-05 -0.017678 0.0874581 3.16031e-05 -0.000264669 1.53279e-05 3.16031e-05 0.00957937 -0.0176114 3.08689e-05 -0.000264669 -0.0176114 0.087239 
0.00957816 -0.0176475 1.53359e-05 3.13451e-05 -0.0176475 0.087394 3.39264e-05 -0.000264287 1.53359e-05 3.39264e-05 0.00959776 -0.0176362 3.13451e-05 -0.000264287 -0.0176362 0.0873193 
0.00955503 -0.0176191 3.46244e-06 2.56582e-05 -0.0176191 0.0873139 3.07878e-05 -0.000252986 3.46244e-06 3.07878e-05 0.00960641 -0.0176577 2.56582e-05 -0.000252986 -0.0176577 0.0873835 
0.00950971 -0.0175327 1.03836e-05 3.61763e-05 -0.0175327 0.0869523 4.35714e-05 -0.000259903 1.03836e-05 4.35714e-05 0.00958219 -0.0176072 3.61763e-05 -0.000259903 -0.0176072 0.0871323 
0.00948637 -0.0174819 3.76683e-05 3.03839e-05 -0.0174819 0.086743 3.58616e-05 -0.000256078 3.76683e-05 3.58616e-05 0.00957823 -0.0175925 3.03839e-05 -0.000256078 -0.0175925 0.0870357 
0.00947219 -0.0174586 4.8258e-05 1.07252e-06 -0.0174586 0.0866451 5.60817e-07 -0.000202979 4.8258e-05 5.60817e-07 0.00958532 -0.0176028 1.07252e-06 -0.000202979 -0.0176028 0.0870483 
0.00946249 -0.0173708 5.46209e-05 -1.38146e-05 -0.0173708 0.0862316 -1.76089e-05 -0.000144987 5.46209e-05 -1.76089e-05 0.00951592 -0.017544 -1.38146e-05 -0.000144987 -0.017544 0.0867288 
0.00945801 -0.0173468 6.69159e-05 -2.29961e-05 -0.0173468 0.0859684 -2.74539e-05 -0.000106162 6.69159e-05 -2.74539e-05 0.00945942 -0.0174508 -2.29961e-05 -0.000106162 -0.0174508 0.0864057 
0.00944308 -0.0173559 5.71623e-05 -3.68014e-05 -0.0173559 0.0859106 -4.17605e-05 -7.11034e-05 5.71623e-05 -4.17605e-05 0.00944858 -0.0173911 -3.68014e-05 -7.11034e-05 -0.0173911 0.0861936 
0.00941292 -0.017322 4.30748e-05 -2.72675e-05 -0.017322 0.0857672 -3.15855e-05 -6.73973e-05 4.30748e-05 -3.15855e-05 0.00944248 -0.017358 -2.72675e-05 -6.73973e-05 -0.017358 0.0859785 
0.00940244 -0.017297 2.88429e-05 -1.0434e-05 -0.017297 0.0856879 -1.49014e-05 -9.59612e-05 2.88429e-05 -1.49014e-05 0.00943104 -0.0173608 -1.0434e-05 -9.59612e-05 -0.0173608 0.0859244 
0.00940196 -0.0172769 9.09837e-06 1.06165e-05 -0.0172769 0.0855969 4.13713e-06 -0.000143346 9.09837e-06 4.13713e-06 0.00941342 -0.0173468 1.06165e-05 -0.000143346 -0.0173468 0.0858705 
0.00942596 -0.0172977 1.66904e-05 3.61488e-05 -0.0172977 0.0856553 2.99265e-05 -0.000204919 1.66904e-05 2.99265e-05 0.00939682 -0.0173432 3.61488e-05 -0.000204919 -0.0173432 0.0859002 
0.00944899 -0.0173443 2.68058e-05 2.87662e-05 -0.0173443 0.0858082 2.51749e-05 -0.000226333 2.68058e-05 2.51749e-05 0.00938662 -0.0173347 2.87662e-05 -0.000226333 -0.0173347 0.0859436 
0.00944484 -0.0173608 4.0899e-05 1.37436e-05 -0.0173608 0.0858594 1.32396e-05 -0.000205665 4.0899e-05 1.32396e-05 0.00937885 -0.0173036 1.37436e-05 -0.000205665 -0.0173036 0.0858583 
0.00943285 -0.0173649 3.94031e-05 -5.70512e-06 -0.0173649 0.0859146 -6.35071e-06 -0.000163193 3.94031e-05 -6.35071e-06 0.00939125 -0.0172986 -5.70512e-06 -0.000163193 -0.0172986 0.0858361 
0.00942083 -0.0173425 2.57285e-05 -7.21872e-06 -0.0173425 0.0858809 -8.41187e-06 -0.000136131 2.57285e-05 -8.41187e-06 0.00940294 -0.0173103 -7.21872e-06 -0.000136131 -0.0173103 0.0858353 
