0.00680765 0 -4.66076e-05 0 0 0.00954134 0 0 -4.66076e-05 0 0.00663002 0 0 0 0 0.00954134 
0.00995486 -0.0123554 -3.94457e-05 4.6003e-05 -0.0123554 0.0327218 4.6003e-05 -8.80522e-05 -3.94457e-05 4.6003e-05 0.0096882 -0.0120255 4.6003e-05 -8.80522e-05 -0.0120255 0.0320891 
0.00935322 -0.0174873 -1.0011e-05 -4.79755e-05 -0.0174873 0.0643902 -4.79755e-05 0.000180212 -1.0011e-05 -4.79755e-05 0.00917673 -0.017046 -4.79755e-05 0.000180212 -0.017046 0.0629701 
0.00872887 -0.0169493 2.24501e-06 -0.000145698 -0.0169493 0.0760773 -0.000146395 0.000811685 2.24501e-06 -0.000146395 0.00866091 -0.016647 -0.000145698 0.000811685 -0.016647 0.0746945 
0.00913484 -0.0171734 -2.4526e-05 -0.000140242 -0.0171734 0.0830641 -0.000141646 0.00107751 -2.4526e-05 -0.000141646 0.0091564 -0.0170313 -0.000140242 0.00107751 -0.0170313 0.0820867 
0.00883825 -0.0163076 -4.577e-05 -6.71411e-05 -0.0163076 0.0803431 -6.8229e-05 0.000813462 -4.577e-05 -6.8229e-05 0.00890444 -0.0163107 -6.71411e-05 0.000813462 -0.0163107 0.0799168 
0.00928596 -0.0170339 -5.34202e-05 -2.01777e-05 -0.0170339 0.0841554 -2.3153e-05 0.000560328 -5.34202e-05 -2.3153e-05 0.00935203 -0.0171057 -2.01777e-05 0.000560328 -0.0171057 0.0840675 
0.00904851 -0.0165817 -4.90352e-05 -8.89564e-06 -0.0165817 0.0819272 -1.2183e-05 0.00038312 -4.90352e-05 -1.2183e-05 0.00909384 -0.0166459 -8.89564e-06 0.00038312 -0.0166459 0.0819657 
0.00954797 -0.0174867 -3.74052e-05 -2.13273e-05 -0.0174867 0.0863783 -2.13885e-05 0.000359914 -3.74052e-05 -2.13885e-05 0.0095695 -0.0175193 -2.13273e-05 0.000359914 -0.0175193 0.0863911 
0.00941517 -0.0172834 -2.33986e-05 -4.92763e-05 -0.0172834 0.0853174 -4.58598e-05 0.00039729 -2.33986e-05 -4.58598e-05 0.00945505 -0.0172708 -4.92763e-05 0.00039729 -0.0172708 0.0852238 
0.00937138 -0.0171938 -1.06514e-05 -6.71033e-05 -0.0171938 0.0849166 -6.36843e-05 0.00044932 -1.06514e-05 -6.36843e-05 0.00939706 -0.0171963 -6.71033e-05 0.00044932 -0.0171963 0.0847858 
0.00935948 -0.0171559 -2.31846e-06 -8.36051e-05 -0.0171559 0.0847234 -8.07244e-05 0.000499487 -2.31846e-06 -8.07244e-05 0.00936421 -0.0171532 -8.36051e-05 0.000499487 -0.0171532 0.0845958 
0.00935519 -0.0171601 -1.59162e-05 -8.98467e-05 -0.0171601 0.0846982 -8.69362e-05 0.00052447 -1.59162e-05 -8.69362e-05 0.00936483 -0.0171299 -8.98467e-05 0.00052447 -0.0171299 0.0845257 
0.0093391 -0.0171816 -2.18046e-05 -7.32329e-05 -0.0171816 0.0847965 -7.13358e-05 0.000508747 -2.18046e-05 -7.13358e-05 0.00940202 -0.0171485 -7.32329e-05 0.000508747 -0.0171485 0.0845871 
0.00933239 -0.0171904 -3.75523e-05 -6.11811e-05 -0.0171904 0.0849486 -6.0613e-05 0.000473978 -3.75523e-05 -6.0613e-05 0.00944678 -0.0172252 -6.11811e-05 0.000473978 -0.0172252 0.0848368 
0.0092963 -0.0171238 -4.602e-05 -4.10698e-05 -0.0171238 0.0847227 -4.12347e-05 0.000427206 -4.602e-05 -4.12347e-05 0.00945537 -0.017234 -4.10698e-05 0.000427206 -0.017234 0.0847996 
0.00928975 -0.0170418 -6.01535e-05 -3.12845e-05 -0.0170418 0.0843707 -2.90366e-05 0.000387678 -6.01535e-05 -2.90366e-05 0.00941942 -0.017214 -3.12845e-05 0.000387678 -0.017214 0.0846354 
0.00931081 -0.0170856 -4.86385e-05 -1.84262e-05 -0.0170856 0.0844571 -1.1284e-05 0.000353046 -4.86385e-05 -1.1284e-05 0.00941385 -0.0172256 -1.84262e-05 0.000353046 -0.0172256 0.0847539 
0.00930891 -0.0170817 -4.06198e-05 -3.10971e-05 -0.0170817 0.0843951 -2.32701e-05 0.000354639 -4.06198e-05 -2.32701e-05 0.00939972 -0.0171871 -3.10971e-05 0.000354639 -0.0171871 0.0846286 
0.00931731 -0.0170607 -2.64377e-05 -3.95003e-05 -0.0170607 0.0842734 -3.63272e-05 0.000378366 -2.64377e-05 -3.63272e-05 0.0093547 -0.0171562 -3.95003e-05 0.000378366 -0.0171562 0.0844707 
0.00931709 -0.0170809 -1.31785e-05 -5.46189e-05 -0.0170809 0.0842789 -5.79691e-05 0.000418239 -1.31785e-05 -5.79691e-05 0.00933326 -0.0171139 -5.46189e-05 0.000418239 -0.0171139 0.0843758 
0.00930922 -0.0170628 -6.55035e-06 -6.74134e-05 -0.0170628 0.0841848 -7.59665e-05 0.00045671 -6.55035e-06 -7.59665e-05 0.00929945 -0.0170592 -6.74134e-05 0.00045671 -0.0170592 0.0841608 
0.00930187 -0.0170475 -9.231e-06 -7.32681e-05 -0.0170475 0.0840833 -8.20487e-05 0.00047883 -9.231e-06 -8.20487e-05 0.00926852 -0.0170025 -7.32681e-05 0.00047883 -0.0170025 0.0839352 
0.00934011 -0.0170759 -3.77676e-05 -7.29878e-05 -0.0170759 0.0842042 -7.61412e-05 0.000482217 -3.77676e-05 -7.61412e-05 0.00924471 -0.0169994 -7.29878e-05 0.000482217 -0.0169994 0.0839497 
0.00932679 -0.0171078 -4.68031e-05 -3.95696e-05 -0.0171078 0.0842467 -3.77956e-05 0.000423926 -4.68031e-05 -3.77956e-05 0.00924929 -0.0169463 -3.95696e-05 0.000423926 -0.0169463 0.0838066 
0.00930608 -0.01711 -5.0064e-05 -2.12104e-05 -0.01711 0.0843305 -1.88363e-05 0.000355692 -5.0064e-05 -1.88363e-05 0.00927148 -0.0169658 -2.12104e-05 0.000355692 -0.0169658 0.0838233 
0.00928327 -0.0170502 -5.04452e-05 -1.27291e-05 -0.0170502 0.0841648 -1.3375e-05 0.000314194 -5.04452e-05 -1.3375e-05 0.00927192 -0.016973 -1.27291e-05 0.000314194 -0.016973 0.0837697 
0.00921991 -0.0169413 -6.13459e-05 -9.52428e-06 -0.0169413 0.0836496 -1.16856e-05 0.000291856 -6.13459e-05 -1.16856e-05 0.00923802 -0.0168975 -9.52428e-06 0.000291856 -0.0168975 0.083371 
0.00917924 -0.0168958 -4.92463e-05 3.8702e-06 -0.0168958 0.083461 3.29385e-06 0.000261648 -4.92463e-05 3.29385e-06 0.0092476 -0.0168946 3.8702e-06 0.000261648 -0.0168946 0.0833009 
0.00917311 -0.0168659 -4.41793e-05 -9.79725e-06 -0.0168659 0.0833957 -1.21327e-05 0.000267293 -4.41793e-05 -1.21327e-05 0.00925278 -0.0169291 -9.79725e-06 0.000267293 -0.0169291 0.0833893 
0.00916639 -0.0168375 -3.28388e-05 -1.9767e-05 -0.0168375 0.0832512 -2.33769e-05 0.000295989 -3.28388e-05 -2.33769e-05 0.00923115 -0.0169153 -1.9767e-05 0.000295989 -0.0169153 0.0833371 
0.00917895 -0.0168436 -2.32196e-05 -3.73056e-05 -0.0168436 0.083241 -3.83438e-05 0.000335442 -2.32196e-05 -3.83438e-05 0.00921019 -0.016897 -3.73056e-05 0.000335442 -0.016897 0.0833107 
0.00921041 -0.0168769 -3.25051e-05 -5.09084e-05 -0.0168769 0.0833508 -4.95927e-05 0.000373467 -3.25051e-05 -4.95927e-05 0.00919201 -0.0168865 -5.09084e-05 0.000373467 -0.0168865 0.0833337 
0.00923313 -0.016924 -3.32189e-05 -4.20388e-05 -0.016924 0.0834995 -4.04781e-05 0.000378177 -3.32189e-05 -4.04781e-05 0.00918729 -0.0168696 -4.20388e-05 0.000378177 -0.0168696 0.0833389 
0.00922318 -0.0169245 -9.55993e-06 -3.75562e-05 -0.0169245 0.083473 -3.71611e-05 0.000364684 -9.55993e-06 -3.71611e-05 0.00918401 -0.0168332 -3.75562e-05 0.000364684 -0.0168332 0.0831875 
0.00921149 -0.0169123 8.37836e-06 -6.33259e-05 -0.0169123 0.0834362 -6.38072e-05 0.000395665 8.37836e-06 -6.38072e-05 0.00918518 -0.0168273 -6.33259e-05 0.000395665 -0.0168273 0.0831096 
0.00922174 -0.0169351 -1.7679e-06 -8.78135e-05 -0.0169351 0.0835725 -8.8282e-05 0.000455544 -1.7679e-06 -8.8282e-05 0.00919448 -0.0168648 -8.78135e-05 0.000455544 -0.0168648 0.0832602 
0.00920507 -0.01692 -1.14282e-05 -7.71455e-05 -0.01692 0.0835133 -7.59396e-05 0.000463703 -1.14282e-05 -7.59396e-05 0.00918918 -0.0168441 -7.71455e-05 0.000463703 -0.0168441 0.0831939 
0.00917905 -0.016916 -1.78695e-05 -6.26721e-05 -0.016916 0.0835264 -6.17747e-05 0.000434325 -1.78695e-05 -6.17747e-05 0.00920768 -0.0168416 -6.26721e-05 0.000434325 -0.0168416 0.0831859 
0.00912405 -0.0168214 -1.63799e-05 -4.76315e-05 -0.0168214 0.0831808 -5.22372e-05 0.000395132 -1.63799e-05 -5.22372e-05 0.00919224 -0.0168037 -4.76315e-05 0.000395132 -0.0168037 0.0829166 
0.00909702 -0.0167416 -4.09654e-05 -4.52953e-05 -0.0167416 0.0828675 -5.30397e-05 0.000374968 -4.09654e-05 -5.30397e-05 0.0091742 -0.016783 -4.52953e-05 0.000374968 -0.016783 0.0827492 
0.00909347 -0.0166836 -4.23262e-05 -1.4578e-05 -0.0166836 0.0825521 -2.55166e-05 0.000324654 -4.23262e-05 -2.55166e-05 0.00912852 -0.0167385 -1.4578e-05 0.000324654 -0.0167385 0.0825244 
0.00911523 -0.0167196 -2.50511e-05 -9.05791e-06 -0.0167196 0.0826067 -2.41985e-05 0.000291214 -2.50511e-05 -2.41985e-05 0.00911061 -0.0167252 -9.05791e-06 0.000291214 -0.0167252 0.0825348 
0.00915245 -0.0167994 -9.15146e-06 -3.10161e-05 -0.0167994 0.0829277 -4.66741e-05 0.000317787 -9.15146e-06 -4.66741e-05 0.00912046 -0.0167475 -3.10161e-05 0.000317787 -0.0167475 0.0827242 
0.00917521 -0.0168384 -1.40364e-05 -5.40643e-05 -0.0168384 0.0831031 -6.73719e-05 0.000370448 -1.40364e-05 -6.73719e-05 0.00911655 -0.0167469 -5.40643e-05 0.000370448 -0.0167469 0.0827721 
0.00919391 -0.0168946 -2.87749e-05 -5.13577e-05 -0.0168946 0.0833608 -5.93984e-05 0.000386055 -2.87749e-05 -5.93984e-05 0.00913644 -0.0167684 -5.13577e-05 0.000386055 -0.0167684 0.0829243 
0.00916849 -0.0169228 -4.80214e-05 -3.30324e-05 -0.0169228 0.0835434 -3.5367e-05 0.000349811 -4.80214e-05 -3.5367e-05 0.00918272 -0.0167976 -3.30324e-05 0.000349811 -0.0167976 0.0830639 
0.00913805 -0.0168772 -5.66386e-05 -1.20292e-05 -0.0168772 0.0835108 -1.13789e-05 0.000296916 -5.66386e-05 -1.13789e-05 0.00921598 -0.0168432 -1.20292e-05 0.000296916 -0.0168432 0.0831661 
0.00913181 -0.0168133 -4.35821e-05 6.07869e-07 -0.0168133 0.0833189 2.77183e-06 0.000250639 -4.35821e-05 2.77183e-06 0.009209 -0.0168679 6.07869e-07 0.000250639 -0.0168679 0.083195 
0.00915477 -0.0168003 -2.82544e-05 -1.54976e-05 -0.0168003 0.0832131 -9.88574e-06 0.00025173 -2.82544e-05 -9.88574e-06 0.00919198 -0.0168636 -1.54976e-05 0.00025173 -0.0168636 0.0832079 
0.00916591 -0.0168073 -3.04871e-05 -3.70195e-05 -0.0168073 0.0831191 -2.97876e-05 0.000292528 -3.04871e-05 -2.97876e-05 0.00916583 -0.0168242 -3.70195e-05 0.000292528 -0.0168242 0.0830777 
0.00918742 -0.0168727 -1.34568e-05 -3.60801e-05 -0.0168727 0.083334 -3.05562e-05 0.000314369 -1.34568e-05 -3.05562e-05 0.00917751 -0.0168235 -3.60801e-05 0.000314369 -0.0168235 0.0831363 
0.00917826 -0.0169014 1.32911e-05 -5.68085e-05 -0.0169014 0.0834637 -5.34333e-05 0.00035416 1.32911e-05 -5.34333e-05 0.00920223 -0.0168234 -5.68085e-05 0.00035416 -0.0168234 0.0831297 
0.00913124 -0.0168449 2.70186e-05 -8.42389e-05 -0.0168449 0.0832778 -8.42835e-05 0.000413288 2.70186e-05 -8.42835e-05 0.00921135 -0.0168083 -8.42389e-05 0.000413288 -0.0168083 0.0829528 
0.00908961 -0.0167566 5.92158e-06 -9.61428e-05 -0.0167566 0.0829546 -9.97411e-05 0.000456619 5.92158e-06 -9.97411e-05 0.00920365 -0.0167993 -9.61428e-05 0.000456619 -0.0167993 0.0827833 
0.00911378 -0.0167424 -1.44476e-05 -7.33428e-05 -0.0167424 0.0829209 -7.62151e-05 0.000439646 -1.44476e-05 -7.62151e-05 0.00918891 -0.0168405 -7.33428e-05 0.000439646 -0.0168405 0.0829242 
0.00911972 -0.0167517 -1.55475e-05 -4.44677e-05 -0.0167517 0.0828511 -4.45421e-05 0.000370739 -1.55475e-05 -4.45421e-05 0.00916937 -0.0168022 -4.44677e-05 0.000370739 -0.0168022 0.0828513 
0.00912979 -0.0167564 -7.26228e-06 -4.2284e-05 -0.0167564 0.0828155 -4.22125e-05 0.000334872 -7.26228e-06 -4.22125e-05 0.00913624 -0.0167653 -4.2284e-05 0.000334872 -0.0167653 0.0827165 
0.00911282 -0.0167551 -7.08313e-06 -5.29925e-05 -0.0167551 0.0827393 -5.51644e-05 0.000346369 -7.08313e-06 -5.51644e-05 0.0091106 -0.0167041 -5.29925e-05 0.000346369 -0.0167041 0.0824944 
0.00909505 -0.0167188 -2.31003e-05 -5.52607e-05 -0.0167188 0.0825875 -6.06175e-05 0.000364903 -2.31003e-05 -6.06175e-05 0.00908584 -0.0166536 -5.52607e-05 0.000364903 -0.0166536 0.0822539 
0.00908643 -0.0166873 -3.4367e-05 -3.54461e-05 -0.0166873 0.0824286 -3.99048e-05 0.000339459 -3.4367e-05 -3.99048e-05 0.00905213 -0.0166123 -3.54461e-05 0.000339459 -0.0166123 0.0820498 
0.00908328 -0.0167175 -3.47194e-05 -2.08834e-05 -0.0167175 0.0825336 -2.23222e-05 0.000297285 -3.47194e-05 -2.23222e-05 0.00906296 -0.0166092 -2.08834e-05 0.000297285 -0.0166092 0.0820841 
0.0090836 -0.0167029 -3.85832e-05 -2.13992e-05 -0.0167029 0.0825325 -1.85883e-05 0.00027547 -3.85832e-05 -1.85883e-05 0.00905244 -0.0166199 -2.13992e-05 0.00027547 -0.0166199 0.0820993 
0.00909692 -0.016722 -5.31631e-05 -1.84559e-05 -0.016722 0.0826234 -1.15981e-05 0.000261546 -5.31631e-05 -1.15981e-05 0.00904846 -0.0166283 -1.84559e-05 0.000261546 -0.0166283 0.0821961 
0.0090696 -0.0166881 -4.61691e-05 -4.10256e-06 -0.0166881 0.0824531 5.28635e-06 0.000233425 -4.61691e-05 5.28635e-06 0.00903754 -0.0165787 -4.10256e-06 0.000233425 -0.0165787 0.0820097 
0.00906593 -0.0166592 -4.07905e-05 -8.77324e-06 -0.0166592 0.0823545 -3.22455e-08 0.000222896 -4.07905e-05 -3.22455e-08 0.00902617 -0.0165743 -8.77324e-06 0.000222896 -0.0165743 0.0819456 
0.00967767 -0.0178223 -3.37564e-05 -1.4052e-05 -0.0178223 0.0880808 -7.24724e-06 0.000245933 -3.37564e-05 -7.24724e-06 0.00967408 -0.0177308 -1.4052e-05 0.000245933 -0.0177308 0.0876821 
0.00901146 -0.0166397 -2.60313e-05 -2.32082e-05 -0.0166397 0.0823132 -1.91188e-05 0.000250141 -2.60313e-05 -1.91188e-05 0.00907473 -0.0166003 -2.32082e-05 0.000250141 -0.0166003 0.0820256 
0.00898971 -0.0165957 -9.59143e-06 -2.97859e-05 -0.0165957 0.0822372 -2.7629e-05 0.000272655 -9.59143e-06 -2.7629e-05 0.00909243 -0.0166454 -2.97859e-05 0.000272655 -0.0166454 0.0821423 
0.00961509 -0.0176986 -1.30131e-05 -5.14211e-05 -0.0176986 0.0877724 -4.99736e-05 0.000327937 -1.30131e-05 -4.99736e-05 0.00971231 -0.0178112 -5.14211e-05 0.000327937 -0.0178112 0.0878697 
0.00901583 -0.0165543 -1.34579e-05 -4.18537e-05 -0.0165543 0.0820339 -4.12462e-05 0.000310302 -1.34579e-05 -4.12462e-05 0.00904587 -0.0166508 -4.18537e-05 0.000310302 -0.0166508 0.0821904 
0.0090117 -0.0165841 -2.5985e-05 -3.84771e-05 -0.0165841 0.0820632 -3.64289e-05 0.000296938 -2.5985e-05 -3.64289e-05 0.0090336 -0.0166005 -3.84771e-05 0.000296938 -0.0166005 0.0821048 
0.00962125 -0.0177348 -2.11463e-05 -2.38293e-05 -0.0177348 0.0877918 -2.22944e-05 0.000284543 -2.11463e-05 -2.22944e-05 0.00967127 -0.017736 -2.38293e-05 0.000284543 -0.017736 0.0877375 
0.00958744 -0.0176781 1.10959e-06 -2.72623e-05 -0.0176781 0.0875844 -2.80017e-05 0.000268581 1.10959e-06 -2.80017e-05 0.00966415 -0.0177087 -2.72623e-05 0.000268581 -0.0177087 0.0875421 
0.00956617 -0.0176011 -2.34318e-06 -5.40811e-05 -0.0176011 0.0872546 -5.38018e-05 0.000304294 -2.34318e-06 -5.38018e-05 0.00962881 -0.0176723 -5.40811e-05 0.000304294 -0.0176723 0.0872993 
0.00956758 -0.0176242 -2.21748e-05 -5.56425e-05 -0.0176242 0.0873024 -5.52602e-05 0.000332839 -2.21748e-05 -5.52602e-05 0.00963798 -0.0176765 -5.56425e-05 0.000332839 -0.0176765 0.0873571 
0.0095483 -0.0176274 -2.21653e-05 -2.86169e-05 -0.0176274 0.0873267 -3.23412e-05 0.000299985 -2.21653e-05 -3.23412e-05 0.00965989 -0.0176794 -2.86169e-05 0.000299985 -0.0176794 0.0873611 
0.00955793 -0.0176077 -3.94288e-05 -2.58656e-05 -0.0176077 0.0873191 -3.31534e-05 0.000277777 -3.94288e-05 -3.31534e-05 0.00965646 -0.0177102 -2.58656e-05 0.000277777 -0.0177102 0.0874224 
0.00958611 -0.0176262 -4.22097e-05 -7.23267e-06 -0.0176262 0.0873677 -1.50602e-05 0.000248285 -4.22097e-05 -1.50602e-05 0.00964526 -0.0177184 -7.23267e-06 0.000248285 -0.0177184 0.0875 
0.00957453 -0.0176212 -2.98788e-05 -1.16002e-06 -0.0176212 0.0872437 -7.54745e-06 0.000217626 -2.98788e-05 -7.54745e-06 0.00963676 -0.017658 -1.16002e-06 0.000217626 -0.017658 0.0872831 
0.00960137 -0.0176333 -2.84966e-05 -1.95791e-05 -0.0176333 0.0872911 -2.3707e-05 0.000237462 -2.84966e-05 -2.3707e-05 0.00962441 -0.0176689 -1.95791e-05 0.000237462 -0.0176689 0.0872718 
0.00963818 -0.0176535 -3.20568e-05 -2.48954e-05 -0.0176535 0.0872941 -2.63886e-05 0.000260452 -3.20568e-05 -2.63886e-05 0.00958846 -0.0176459 -2.48954e-05 0.000260452 -0.0176459 0.0871983 
0.00965777 -0.0177286 -4.22379e-05 -2.08232e-05 -0.0177286 0.0875016 -1.8764e-05 0.00025796 -4.22379e-05 -1.8764e-05 0.00958249 -0.0176258 -2.08232e-05 0.00025796 -0.0176258 0.0872153 
0.00963525 -0.017737 -3.11368e-05 -1.24313e-05 -0.017737 0.087537 -5.97025e-06 0.000240694 -3.11368e-05 -5.97025e-06 0.00958793 -0.0175894 -1.24313e-05 0.000240694 -0.0175894 0.087076 
0.00960901 -0.0177155 -1.52074e-05 -2.64166e-05 -0.0177155 0.0875376 -1.80307e-05 0.000252314 -1.52074e-05 -1.80307e-05 0.00959906 -0.0176068 -2.64166e-05 0.000252314 -0.0176068 0.087078 
0.00962327 -0.0177392 -1.61552e-05 -4.48753e-05 -0.0177392 0.0877643 -3.73707e-05 0.000290394 -1.61552e-05 -3.73707e-05 0.00963349 -0.0176831 -4.48753e-05 0.000290394 -0.0176831 0.0874103 
0.00963713 -0.0177484 -2.3746e-05 -4.132e-05 -0.0177484 0.0878679 -3.80314e-05 0.000305503 -2.3746e-05 -3.80314e-05 0.00964444 -0.0177232 -4.132e-05 0.000305503 -0.0177232 0.0876185 
0.00963902 -0.0177458 -2.63367e-05 -2.90939e-05 -0.0177458 0.0878633 -3.19578e-05 0.000292692 -2.63367e-05 -3.19578e-05 0.00964732 -0.0177257 -2.90939e-05 0.000292692 -0.0177257 0.0876745 
0.00964345 -0.017725 -2.26352e-05 -2.22359e-05 -0.017725 0.0877605 -3.08187e-05 0.000277699 -2.26352e-05 -3.08187e-05 0.0096217 -0.0177034 -2.22359e-05 0.000277699 -0.0177034 0.0875852 
0.00963784 -0.0177419 -1.91753e-05 -2.73156e-05 -0.0177419 0.0877769 -3.69589e-05 0.000282216 -1.91753e-05 -3.69589e-05 0.00963152 -0.017677 -2.73156e-05 0.000282216 -0.017677 0.0875313 
0.00964107 -0.0177261 -1.48017e-05 -2.86185e-05 -0.0177261 0.0877303 -3.89216e-05 0.000285148 -1.48017e-05 -3.89216e-05 0.00962232 -0.0176752 -2.86185e-05 0.000285148 -0.0176752 0.0874597 
0.00959779 -0.0176866 -2.81414e-05 -2.81069e-05 -0.0176866 0.0874933 -4.01869e-05 0.000279724 -2.81414e-05 -4.01869e-05 0.009612 -0.017618 -2.81069e-05 0.000279724 -0.017618 0.0871915 
0.00955444 -0.0176268 -5.26559e-05 -1.03609e-05 -0.0176268 0.0872648 -1.96778e-05 0.000242727 -5.26559e-05 -1.96778e-05 0.0096069 -0.0175927 -1.03609e-05 0.000242727 -0.0175927 0.0869877 
0.00953755 -0.0175909 -6.84733e-05 1.66246e-05 -0.0175909 0.0871584 1.29445e-05 0.000176007 -6.84733e-05 1.29445e-05 0.00960758 -0.0176045 1.66246e-05 0.000176007 -0.0176045 0.0869723 
0.0095681 -0.017612 -5.44984e-05 3.38907e-05 -0.017612 0.0872872 3.46955e-05 0.000116433 -5.44984e-05 3.46955e-05 0.00960617 -0.0176514 3.38907e-05 0.000116433 -0.0176514 0.0871852 
0.00958458 -0.0176431 -3.22765e-05 1.47884e-05 -0.0176431 0.087382 2.07937e-05 0.000118457 -3.22765e-05 2.07937e-05 0.009596 -0.017649 1.47884e-05 0.000118457 -0.017649 0.0872676 
0.00955783 -0.0175898 -2.09586e-05 -1.881e-05 -0.0175898 0.0870955 -7.46732e-06 0.000178924 -2.09586e-05 -7.46732e-06 0.00955314 -0.0175589 -1.881e-05 0.000178924 -0.0175589 0.0869024 
0.00951469 -0.0175082 -1.33557e-05 -3.17802e-05 -0.0175082 0.0866738 -1.73207e-05 0.000220835 -1.33557e-05 -1.73207e-05 0.0095126 -0.017458 -3.17802e-05 0.000220835 -0.017458 0.0864204 
0.00951374 -0.0174873 -1.60076e-05 -3.98916e-05 -0.0174873 0.0865525 -2.59823e-05 0.000246704 -1.60076e-05 -2.59823e-05 0.00948691 -0.0174406 -3.98916e-05 0.000246704 -0.0174406 0.0862842 
0.00950241 -0.0174624 -1.68132e-05 -3.70335e-05 -0.0174624 0.0863731 -2.89793e-05 0.000259125 -1.68132e-05 -2.89793e-05 0.00946121 -0.0173902 -3.70335e-05 0.000259125 -0.0173902 0.0860726 
0.00953545 -0.0175396 -1.33536e-05 -3.19991e-05 -0.0175396 0.0867049 -3.21113e-05 0.000261769 -1.33536e-05 -3.21113e-05 0.00947828 -0.0174384 -3.19991e-05 0.000261769 -0.0174384 0.0863255 
0.00955363 -0.0175783 -1.73058e-05 -3.21217e-05 -0.0175783 0.0869072 -3.82516e-05 0.000265436 -1.73058e-05 -3.82516e-05 0.0094903 -0.0174582 -3.21217e-05 0.000265436 -0.0174582 0.0864674 
0.00956805 -0.0175765 -3.46879e-05 -2.62825e-05 -0.0175765 0.0869234 -3.26349e-05 0.000258431 -3.46879e-05 -3.26349e-05 0.00947935 -0.0174592 -2.62825e-05 0.000258431 -0.0174592 0.0864776 
0.0095815 -0.0175929 -2.92466e-05 -5.61243e-06 -0.0175929 0.0869588 -8.23961e-06 0.000217092 -2.92466e-05 -8.23961e-06 0.00946628 -0.0174503 -5.61243e-06 0.000217092 -0.0174503 0.0864842 
0.00955341 -0.0175872 -2.66064e-05 -1.07753e-05 -0.0175872 0.0868969 -8.27588e-06 0.000196074 -2.66064e-05 -8.27588e-06 0.00947749 -0.0174168 -1.07753e-05 0.000196074 -0.0174168 0.0863743 
0.00953081 -0.017535 -2.82577e-05 -1.83667e-05 -0.017535 0.0867267 -1.11315e-05 0.000201252 -2.82577e-05 -1.11315e-05 0.00946971 -0.017411 -1.83667e-05 0.000201252 -0.017411 0.0862539 
0.00952113 -0.0175219 -2.00312e-05 -1.54106e-05 -0.0175219 0.0866726 -7.62321e-06 0.000198 -2.00312e-05 -7.62321e-06 0.00946745 -0.0174177 -1.54106e-05 0.000198 -0.0174177 0.0862678 
0.0094895 -0.0174716 -1.7026e-05 -2.54367e-05 -0.0174716 0.0864421 -2.01308e-05 0.000214231 -1.7026e-05 -2.01308e-05 0.00944726 -0.0173751 -2.54367e-05 0.000214231 -0.0173751 0.0860721 
0.00945347 -0.0174489 -2.50048e-05 -2.86354e-05 -0.0174489 0.0863557 -2.66285e-05 0.000231711 -2.50048e-05 -2.66285e-05 0.00946071 -0.0173637 -2.86354e-05 0.000231711 -0.0173637 0.0860112 
0.00938899 -0.0173678 -3.60988e-05 -1.42446e-05 -0.0173678 0.086065 -1.47477e-05 0.000213251 -3.60988e-05 -1.47477e-05 0.00946785 -0.0173402 -1.42446e-05 0.000213251 -0.0173402 0.0858168 
0.00934689 -0.0172949 -5.40497e-05 4.31919e-06 -0.0172949 0.0858536 -4.75178e-07 0.000172493 -5.40497e-05 -4.75178e-07 0.00948725 -0.0173674 4.31919e-06 0.000172493 -0.0173674 0.0858216 
0.00935079 -0.0172306 -4.23925e-05 3.08075e-05 -0.0172306 0.0856244 2.11372e-05 0.000113178 -4.23925e-05 2.11372e-05 0.00946559 -0.0173874 3.08075e-05 0.000113178 -0.0173874 0.0858317 
0.00938858 -0.0172982 -3.19366e-05 2.05892e-05 -0.0172982 0.0858538 1.1449e-05 9.69219e-05 -3.19366e-05 1.1449e-05 0.00948078 -0.0174341 2.05892e-05 9.69219e-05 -0.0174341 0.08614 
0.00939322 -0.017307 -2.7184e-05 4.24134e-06 -0.017307 0.0858469 -2.15242e-07 0.000118545 -2.7184e-05 -2.15242e-07 0.00946465 -0.0174055 4.24134e-06 0.000118545 -0.0174055 0.086075 
0.00942316 -0.0173697 -4.03831e-05 -6.51707e-06 -0.0173697 0.0861335 -6.38173e-06 0.000144651 -4.03831e-05 -6.38173e-06 0.00948191 -0.0174394 -6.51707e-06 0.000144651 -0.0174394 0.086283 
0.00944655 -0.0174335 -4.09137e-05 7.26347e-06 -0.0174335 0.0864535 6.9838e-06 0.000136723 -4.09137e-05 6.9838e-06 0.009511 -0.0174858 7.26347e-06 0.000136723 -0.0174858 0.0865436 
0.00945085 -0.0174354 -3.08823e-05 1.2507e-05 -0.0174354 0.0865033 9.6608e-06 0.000118432 -3.08823e-05 9.6608e-06 0.00950589 -0.0174842 1.2507e-05 0.000118432 -0.0174842 0.0865528 
0.00942486 -0.0173632 -3.2868e-05 -1.38604e-07 -0.0173632 0.0861498 -3.84073e-06 0.00013316 -3.2868e-05 -3.84073e-06 0.00945461 -0.0173951 -1.38604e-07 0.00013316 -0.0173951 0.0861512 
0.00941232 -0.0173177 -2.99628e-05 -1.01725e-06 -0.0173177 0.0858692 -5.71875e-06 0.000150355 -2.99628e-05 -5.71875e-06 0.00940998 -0.017312 -1.01725e-06 0.000150355 -0.017312 0.0857807 
0.00941528 -0.0173336 -1.47226e-05 -3.06039e-06 -0.0173336 0.0858687 -1.00783e-05 0.000159384 -1.47226e-05 -1.00783e-05 0.00940237 -0.0172853 -3.06039e-06 0.000159384 -0.0172853 0.0856669 
0.00943881 -0.0173805 -1.47269e-05 -2.27517e-05 -0.0173805 0.0860825 -2.84458e-05 0.000193948 -1.47269e-05 -2.84458e-05 0.00942596 -0.0173189 -2.27517e-05 0.000193948 -0.0173189 0.0858092 
0.00945285 -0.0174117 -9.45345e-06 -2.61345e-05 -0.0174117 0.0862235 -2.59585e-05 0.000212585 -9.45345e-06 -2.59585e-05 0.00944769 -0.0173459 -2.61345e-05 0.000212585 -0.0173459 0.0859133 
0.00944392 -0.0174173 -2.61048e-05 -3.21791e-05 -0.0174173 0.0862592 -2.95825e-05 0.000221817 -2.61048e-05 -2.95825e-05 0.00947543 -0.0173693 -3.21791e-05 0.000221817 -0.0173693 0.0859742 
0.0094595 -0.0174462 -3.25345e-05 -1.55208e-05 -0.0174462 0.08646 -9.4675e-06 0.000200493 -3.25345e-05 -9.4675e-06 0.00951537 -0.0174531 -1.55208e-05 0.000200493 -0.0174531 0.0862855 
0.00949193 -0.0174587 -3.91789e-05 -1.01651e-05 -0.0174587 0.086548 -1.75382e-06 0.000179065 -3.91789e-05 -1.75382e-06 0.00951707 -0.0174997 -1.01651e-05 0.000179065 -0.0174997 0.086485 
0.00951842 -0.017493 -3.31543e-05 -1.44344e-06 -0.017493 0.0866207 8.19057e-06 0.000157806 -3.31543e-05 8.19057e-06 0.00950659 -0.0174927 -1.44344e-06 0.000157806 -0.0174927 0.0865325 
0.00954522 -0.017526 -2.28597e-05 -6.22226e-06 -0.017526 0.0866987 5.06537e-07 0.000156629 -2.28597e-05 5.06537e-07 0.0094873 -0.0174693 -6.22226e-06 0.000156629 -0.0174693 0.0864854 
0.00957835 -0.0176099 -2.25248e-05 -1.80092e-05 -0.0176099 0.0870341 -1.52079e-05 0.000182708 -2.25248e-05 -1.52079e-05 0.00950793 -0.0174939 -1.80092e-05 0.000182708 -0.0174939 0.0866668 
0.00961252 -0.0176763 -2.34184e-05 -2.33934e-05 -0.0176763 0.0873668 -2.31647e-05 0.000214594 -2.34184e-05 -2.31647e-05 0.00952292 -0.0175358 -2.33934e-05 0.000214594 -0.0175358 0.0868849 
0.00960749 -0.0176959 -2.09262e-05 -2.34344e-05 -0.0176959 0.0874645 -2.50663e-05 0.000230971 -2.09262e-05 -2.50663e-05 0.00954091 -0.0175285 -2.34344e-05 0.000230971 -0.0175285 0.0868973 
0.00957824 -0.0176333 -3.9382e-05 -2.35626e-05 -0.0176333 0.0872283 -2.78895e-05 0.000237551 -3.9382e-05 -2.78895e-05 0.00952822 -0.0174972 -2.35626e-05 0.000237551 -0.0174972 0.0866766 
0.00956279 -0.0175848 -4.51192e-05 8.90097e-07 -0.0175848 0.0870019 -4.79315e-06 0.000203226 -4.51192e-05 -4.79315e-06 0.00951513 -0.0174729 8.90097e-07 0.000203226 -0.0174729 0.0865111 
0.00953058 -0.0175285 -3.07742e-05 9.27761e-06 -0.0175285 0.0866896 4.50682e-06 0.000168182 -3.07742e-05 4.50682e-06 0.00949006 -0.0174244 9.27761e-06 0.000168182 -0.0174244 0.0862419 
0.00954624 -0.0175622 -1.20307e-05 -1.02627e-05 -0.0175622 0.0868408 -1.09765e-05 0.000183612 -1.20307e-05 -1.09765e-05 0.00950431 -0.0174629 -1.02627e-05 0.000183612 -0.0174629 0.0864109 
0.00956537 -0.017635 -5.16714e-06 -3.80721e-05 -0.017635 0.0872028 -3.54246e-05 0.00023991 -5.16714e-06 -3.54246e-05 0.00955698 -0.0175365 -3.80721e-05 0.00023991 -0.0175365 0.086785 
0.00958171 -0.0177021 -6.59909e-06 -4.81071e-05 -0.0177021 0.0876235 -4.58087e-05 0.000285527 -6.59909e-06 -4.58087e-05 0.00962364 -0.0176458 -4.81071e-05 0.000285527 -0.0176458 0.0872759 
0.00957853 -0.0176583 -1.39206e-05 -4.8472e-05 -0.0176583 0.0875232 -4.90286e-05 0.000307435 -1.39206e-05 -4.90286e-05 0.00962314 -0.0176571 -4.8472e-05 0.000307435 -0.0176571 0.0872917 
0.00961434 -0.0176713 -2.09864e-05 -3.60751e-05 -0.0176713 0.0875629 -3.86629e-05 0.000294629 -2.09864e-05 -3.86629e-05 0.00961515 -0.0176745 -3.60751e-05 0.000294629 -0.0176745 0.0873894 
0.00966027 -0.0177343 -4.19532e-05 -2.55989e-05 -0.0177343 0.0877537 -2.82706e-05 0.000268285 -4.19532e-05 -2.82706e-05 0.00961685 -0.017685 -2.55989e-05 0.000268285 -0.017685 0.0875158 
0.00966299 -0.0177572 -5.04423e-05 7.31941e-07 -0.0177572 0.0877741 -6.67194e-07 0.000214078 -5.04423e-05 -6.67194e-07 0.00961158 -0.0176577 7.31941e-07 0.000214078 -0.0176577 0.0874228 
0.00968567 -0.0178062 -3.65057e-05 1.12092e-05 -0.0178062 0.0880128 1.28927e-05 0.000167745 -3.65057e-05 1.28927e-05 0.00962807 -0.0176981 1.12092e-05 0.000167745 -0.0176981 0.0876016 
0.00968977 -0.0178003 -3.15858e-05 -6.3898e-06 -0.0178003 0.0879957 -3.49021e-06 0.000176719 -3.15858e-05 -3.49021e-06 0.00962147 -0.0176901 -6.3898e-06 0.000176719 -0.0176901 0.0875737 
0.0097026 -0.0178138 -2.78203e-05 -1.95987e-05 -0.0178138 0.0880303 -1.63665e-05 0.000215635 -2.78203e-05 -1.63665e-05 0.00961302 -0.017685 -1.95987e-05 0.000215635 -0.017685 0.0875713 
0.00971377 -0.0178529 -1.75003e-05 -2.29784e-05 -0.0178529 0.0881736 -2.38851e-05 0.000241255 -1.75003e-05 -2.38851e-05 0.00961763 -0.0176852 -2.29784e-05 0.000241255 -0.0176852 0.0876205 
0.0090751 -0.0166892 -2.17822e-06 -3.25589e-05 -0.0166892 0.0824365 -3.56983e-05 0.000255017 -2.17822e-06 -3.56983e-05 0.00898766 -0.0165151 -3.25589e-05 0.000255017 -0.0165151 0.0818359 
0.00968841 -0.0178163 3.06936e-06 -5.2988e-05 -0.0178163 0.0880383 -6.00033e-05 0.000319056 3.06936e-06 -6.00033e-05 0.00960463 -0.0176368 -5.2988e-05 0.000319056 -0.0176368 0.0873736 
0.00968544 -0.0178225 1.57078e-06 -6.25399e-05 -0.0178225 0.0880841 -6.75698e-05 0.000356173 1.57078e-06 -6.75698e-05 0.00961401 -0.0176564 -6.25399e-05 0.000356173 -0.0176564 0.0874361 
0.00964403 -0.017789 -9.20437e-06 -6.46021e-05 -0.017789 0.0879574 -6.31275e-05 0.00036808 -9.20437e-06 -6.31275e-05 0.009638 -0.0176453 -6.46021e-05 0.00036808 -0.0176453 0.0873623 
0.00963769 -0.017772 -2.35188e-05 -5.19743e-05 -0.017772 0.0879907 -4.70258e-05 0.000348041 -2.35188e-05 -4.70258e-05 0.00967305 -0.0177111 -5.19743e-05 0.000348041 -0.0177111 0.0875507 
0.00963333 -0.017745 -2.53407e-05 -3.29791e-05 -0.017745 0.0879097 -2.68441e-05 0.000303736 -2.53407e-05 -2.68441e-05 0.00967838 -0.0177461 -3.29791e-05 0.000303736 -0.0177461 0.0876557 
