0.00658516 0 -4.76774e-05 0 0 0.00942066 0 0 -4.76774e-05 0 0.00671299 0 0 0 0 0.00942066 
0.0096592 -0.0119904 -4.33568e-05 5.03793e-05 -0.0119904 0.0319273 5.03793e-05 -9.63846e-05 -4.33568e-05 5.03793e-05 0.00982361 -0.0121924 5.03793e-05 -9.63846e-05 -0.0121924 0.0323145 
0.00912698 -0.0170198 -4.88262e-06 -3.08549e-05 -0.0170198 0.0628083 -3.08549e-05 0.000124705 -4.88262e-06 -3.08549e-05 0.0092552 -0.017225 -3.08549e-05 0.000124705 -0.017225 0.0634493 
0.00865714 -0.016743 -1.09282e-05 -0.000139641 -0.016743 0.0752029 -0.000145224 0.000746068 -1.09282e-05 -0.000145224 0.00870546 -0.0168016 -0.000139641 0.000746068 -0.0168016 0.0752679 
0.00913966 -0.0171525 -4.07744e-05 -0.000109249 -0.0171525 0.0828963 -0.000131098 0.000991248 -4.07744e-05 -0.000131098 0.00915608 -0.0170959 -0.000109249 0.000991248 -0.0170959 0.0824003 
0.00890282 -0.016451 -5.98442e-05 -2.44786e-05 -0.016451 0.0809382 -5.4313e-05 0.000709476 -5.98442e-05 -5.4313e-05 0.0089358 -0.0163677 -2.44786e-05 0.000709476 -0.0163677 0.0803133 
0.00933627 -0.0171746 -6.79152e-05 1.80019e-05 -0.0171746 0.084783 -1.08608e-05 0.000456924 -6.79152e-05 -1.08608e-05 0.00936713 -0.0171132 1.80019e-05 0.000456924 -0.0171132 0.0841933 
0.00910717 -0.0167007 -7.75419e-05 2.22939e-05 -0.0167007 0.0825119 4.45123e-06 0.000290723 -7.75419e-05 4.45123e-06 0.00909664 -0.0166438 2.22939e-05 0.000290723 -0.0166438 0.0820113 
0.00962205 -0.017666 -7.55026e-05 2.76344e-05 -0.017666 0.0872031 1.87153e-05 0.000237909 -7.55026e-05 1.87153e-05 0.00961159 -0.0175443 2.76344e-05 0.000237909 -0.0175443 0.0866009 
0.00945796 -0.0174049 -5.6941e-05 1.24005e-05 -0.0174049 0.0859121 1.08012e-05 0.000231132 -5.6941e-05 1.08012e-05 0.00948417 -0.017273 1.24005e-05 0.000231132 -0.017273 0.0852356 
0.00936579 -0.0172386 -6.36047e-05 -1.291e-05 -0.0172386 0.0851702 -1.06061e-05 0.000273316 -6.36047e-05 -1.06061e-05 0.00941811 -0.0171578 -1.291e-05 0.000273316 -0.0171578 0.0845505 
0.00929664 -0.0171207 -5.44083e-05 -1.00088e-05 -0.0171207 0.0846367 -2.76871e-06 0.000290015 -5.44083e-05 -2.76871e-06 0.00938072 -0.0170911 -1.00088e-05 0.000290015 -0.0170911 0.0841547 
0.00922601 -0.0169887 -2.94913e-05 -1.93428e-05 -0.0169887 0.0840359 -9.47481e-06 0.00030116 -2.94913e-05 -9.47481e-06 0.00933139 -0.0170146 -1.93428e-05 0.00030116 -0.0170146 0.0837241 
0.00922741 -0.0169621 -2.82941e-05 -4.84715e-05 -0.0169621 0.0839387 -3.87612e-05 0.000351138 -2.82941e-05 -3.87612e-05 0.00931392 -0.0170347 -4.84715e-05 0.000351138 -0.0170347 0.0837999 
0.00922434 -0.0169374 -2.12176e-05 -5.09168e-05 -0.0169374 0.0837729 -4.32842e-05 0.000382536 -2.12176e-05 -4.32842e-05 0.00928147 -0.0169975 -5.09168e-05 0.000382536 -0.0169975 0.0837043 
0.00923175 -0.0169497 -2.10455e-05 -5.72036e-05 -0.0169497 0.0837628 -5.27677e-05 0.000400746 -2.10455e-05 -5.27677e-05 0.00925755 -0.016966 -5.72036e-05 0.000400746 -0.016966 0.0836389 
0.00927259 -0.0169856 -3.2061e-05 -5.67405e-05 -0.0169856 0.0839016 -5.36106e-05 0.000407523 -3.2061e-05 -5.36106e-05 0.00923557 -0.0169609 -5.67405e-05 0.000407523 -0.0169609 0.0836844 
0.00929392 -0.01706 -2.18669e-05 -4.37099e-05 -0.01706 0.0841492 -3.63956e-05 0.000383414 -2.18669e-05 -3.63956e-05 0.00924338 -0.0169485 -4.37099e-05 0.000383414 -0.0169485 0.0837484 
0.0092962 -0.0170824 -1.79912e-05 -5.26089e-05 -0.0170824 0.0842755 -4.2022e-05 0.000375416 -1.79912e-05 -4.2022e-05 0.00924131 -0.0169431 -5.26089e-05 0.000375416 -0.0169431 0.0837326 
0.0092718 -0.0170459 -2.26082e-05 -6.09905e-05 -0.0170459 0.0841326 -4.6904e-05 0.000386688 -2.26082e-05 -4.6904e-05 0.00922916 -0.0168976 -6.09905e-05 0.000386688 -0.0168976 0.0835243 
0.00925369 -0.0169754 -2.59336e-05 -5.24889e-05 -0.0169754 0.0838308 -3.73645e-05 0.000373047 -2.59336e-05 -3.73645e-05 0.00919147 -0.0168533 -5.24889e-05 0.000373047 -0.0168533 0.0832553 
0.00920758 -0.0169006 -2.00325e-05 -4.37973e-05 -0.0169006 0.0834147 -3.40143e-05 0.000352217 -2.00325e-05 -3.40143e-05 0.00915533 -0.0167729 -4.37973e-05 0.000352217 -0.0167729 0.0828764 
0.00918067 -0.0168645 -3.17443e-05 -4.33046e-05 -0.0168645 0.0832328 -4.26538e-05 0.000347037 -3.17443e-05 -4.26538e-05 0.0091427 -0.0167472 -4.33046e-05 0.000347037 -0.0167472 0.082722 
0.00917076 -0.0168612 -3.07909e-05 -2.81681e-05 -0.0168612 0.0832307 -3.40328e-05 0.000331371 -3.07909e-05 -3.40328e-05 0.00914808 -0.0167543 -2.81681e-05 0.000331371 -0.0167543 0.082744 
0.00917606 -0.0168561 -3.989e-05 -2.72349e-05 -0.0168561 0.0832404 -3.2953e-05 0.000316397 -3.989e-05 -3.2953e-05 0.0091405 -0.0167651 -2.72349e-05 0.000316397 -0.0167651 0.0827831 
0.00916096 -0.0168721 -3.54718e-05 -1.92605e-05 -0.0168721 0.0833022 -2.07362e-05 0.000297754 -3.54718e-05 -2.07362e-05 0.00916353 -0.0167657 -1.92605e-05 0.000297754 -0.0167657 0.0828338 
0.00913842 -0.0168519 -2.95042e-05 -2.49897e-05 -0.0168519 0.0832995 -2.62e-05 0.000296527 -2.95042e-05 -2.62e-05 0.00919249 -0.0167945 -2.49897e-05 0.000296527 -0.0167945 0.0828978 
0.00910298 -0.0167892 -2.04176e-05 -3.15768e-05 -0.0167892 0.0830923 -3.55289e-05 0.000311077 -2.04176e-05 -3.55289e-05 0.0091909 -0.0168049 -3.15768e-05 0.000311077 -0.0168049 0.0828549 
0.00909942 -0.0167399 -2.53355e-05 -4.38865e-05 -0.0167399 0.0829111 -4.90781e-05 0.00034062 -2.53355e-05 -4.90781e-05 0.00917637 -0.0168062 -4.38865e-05 0.00034062 -0.0168062 0.0828376 
0.00913081 -0.0167876 -3.86431e-05 -3.86659e-05 -0.0167876 0.0830811 -4.06823e-05 0.000342542 -3.86431e-05 -4.06823e-05 0.00918107 -0.0168363 -3.86659e-05 0.000342542 -0.0168363 0.0830389 
0.0091486 -0.0168179 -4.12898e-05 -1.98969e-05 -0.0168179 0.0831824 -2.17277e-05 0.000306389 -4.12898e-05 -2.17277e-05 0.00916821 -0.0168289 -1.98969e-05 0.000306389 -0.0168289 0.0830749 
0.00913817 -0.0168043 -2.40036e-05 -1.04128e-05 -0.0168043 0.0830866 -1.73005e-05 0.000270945 -2.40036e-05 -1.73005e-05 0.0091551 -0.0167738 -1.04128e-05 0.000270945 -0.0167738 0.0828795 
0.00912813 -0.0168026 -1.27458e-05 -2.64348e-05 -0.0168026 0.083081 -3.70171e-05 0.000282144 -1.27458e-05 -3.70171e-05 0.00916393 -0.0167709 -2.64348e-05 0.000282144 -0.0167709 0.0828317 
0.00909866 -0.0167359 -1.33009e-05 -3.75079e-05 -0.0167359 0.0827863 -4.79345e-05 0.00030474 -1.33009e-05 -4.79345e-05 0.00912884 -0.0167255 -3.75079e-05 0.00030474 -0.0167255 0.0825561 
0.00907901 -0.0167371 -2.48235e-05 -3.68277e-05 -0.0167371 0.0827768 -4.4892e-05 0.000307704 -2.48235e-05 -4.4892e-05 0.00913442 -0.0167184 -3.68277e-05 0.000307704 -0.0167184 0.0825445 
0.00904466 -0.0167071 -2.46898e-05 -2.59369e-05 -0.0167071 0.0827017 -3.00584e-05 0.000287177 -2.46898e-05 -3.00584e-05 0.009144 -0.0167141 -2.59369e-05 0.000287177 -0.0167141 0.0824946 
0.00900839 -0.0166396 -1.97317e-05 -2.61519e-05 -0.0166396 0.0824745 -2.83822e-05 0.000273016 -1.97317e-05 -2.83822e-05 0.00913402 -0.0166999 -2.61519e-05 0.000273016 -0.0166999 0.0823645 
0.00901156 -0.0165844 -7.70148e-06 -3.34301e-05 -0.0165844 0.0822564 -3.28504e-05 0.000277967 -7.70148e-06 -3.28504e-05 0.00908545 -0.0166807 -3.34301e-05 0.000277967 -0.0166807 0.082251 
0.00901412 -0.0165705 4.73864e-06 -5.02255e-05 -0.0165705 0.0820822 -4.56451e-05 0.000303715 4.73864e-06 -4.56451e-05 0.00904184 -0.0166059 -5.02255e-05 0.000303715 -0.0166059 0.0820274 
0.00965607 -0.0177753 -3.10776e-06 -7.1276e-05 -0.0177753 0.0879566 -6.28734e-05 0.000362146 -3.10776e-06 -6.28734e-05 0.00968404 -0.0177459 -7.1276e-05 0.000362146 -0.0177459 0.0877437 
0.00967051 -0.0177898 -1.84056e-05 -6.24e-05 -0.0177898 0.0880367 -5.2075e-05 0.000362871 -1.84056e-05 -5.2075e-05 0.00967859 -0.0177562 -6.24e-05 0.000362871 -0.0177562 0.0877479 
0.0090637 -0.0166672 -2.91786e-05 -3.50285e-05 -0.0166672 0.0824468 -2.72185e-05 0.000293629 -2.91786e-05 -2.72185e-05 0.00904036 -0.0166109 -3.50285e-05 0.000293629 -0.0166109 0.0821186 
0.00909952 -0.0167308 -4.40003e-05 -1.9526e-05 -0.0167308 0.0827328 -1.60547e-05 0.000252677 -4.40003e-05 -1.60547e-05 0.00905828 -0.0166396 -1.9526e-05 0.000252677 -0.0166396 0.0823294 
0.009085 -0.0167133 -3.61636e-05 -7.82969e-07 -0.0167133 0.0826324 -2.08411e-06 0.000213069 -3.61636e-05 -2.08411e-06 0.00906028 -0.0166028 -7.82969e-07 0.000213069 -0.0166028 0.0821693 
0.00906332 -0.0166691 -4.35586e-05 -7.77599e-06 -0.0166691 0.0824208 -1.42343e-05 0.000211652 -4.35586e-05 -1.42343e-05 0.00904311 -0.0165749 -7.77599e-06 0.000211652 -0.0165749 0.0819576 
0.00969963 -0.01783 -6.32295e-05 -6.00725e-06 -0.01783 0.0881596 -1.19315e-05 0.000237339 -6.32295e-05 -1.19315e-05 0.00967997 -0.0177473 -6.00725e-06 0.000237339 -0.0177473 0.0877162 
0.00907103 -0.0166749 -6.90109e-05 1.179e-05 -0.0166749 0.0824357 7.0897e-06 0.000199852 -6.90109e-05 7.0897e-06 0.00905042 -0.0166124 1.179e-05 0.000199852 -0.0166124 0.0820831 
0.00907082 -0.0166734 -6.02755e-05 2.70324e-05 -0.0166734 0.0824212 2.36423e-05 0.000158567 -6.02755e-05 2.36423e-05 0.0090539 -0.0166081 2.70324e-05 0.000158567 -0.0166081 0.082091 
0.00905476 -0.0166632 -3.64919e-05 1.75945e-05 -0.0166632 0.0823477 1.58743e-05 0.000152256 -3.64919e-05 1.58743e-05 0.00904596 -0.0165856 1.75945e-05 0.000152256 -0.0165856 0.0819854 
0.00903905 -0.0166627 -2.05333e-05 -8.11786e-06 -0.0166627 0.0823694 -1.07139e-05 0.000190069 -2.05333e-05 -1.07139e-05 0.00905924 -0.0165866 -8.11786e-06 0.000190069 -0.0165866 0.081981 
0.0090307 -0.0166449 -7.46343e-06 -3.03903e-05 -0.0166449 0.082366 -3.39174e-05 0.000248842 -7.46343e-06 -3.39174e-05 0.00907426 -0.0166135 -3.03903e-05 0.000248842 -0.0166135 0.0820467 
0.00903973 -0.0166286 -4.88996e-06 -4.73266e-05 -0.0166286 0.0823292 -5.2523e-05 0.000301152 -4.88996e-06 -5.2523e-05 0.00907143 -0.0166365 -4.73266e-05 0.000301152 -0.0166365 0.0821197 
0.00904599 -0.0166193 -1.3166e-05 -5.23349e-05 -0.0166193 0.0822284 -5.58002e-05 0.000329524 -1.3166e-05 -5.58002e-05 0.00905193 -0.016612 -5.23349e-05 0.000329524 -0.016612 0.0820427 
0.00908292 -0.0166622 -3.40199e-05 -4.13064e-05 -0.0166622 0.0823705 -3.9933e-05 0.000313344 -3.40199e-05 -3.9933e-05 0.0090389 -0.0166192 -4.13064e-05 0.000313344 -0.0166192 0.0821227 
0.0090986 -0.0167142 -4.13615e-05 -1.54312e-05 -0.0167142 0.0825281 -1.3475e-05 0.000262449 -4.13615e-05 -1.3475e-05 0.0090219 -0.0165996 -1.54312e-05 0.000262449 -0.0165996 0.0821256 
0.00906559 -0.0167055 -3.27092e-05 -3.99691e-06 -0.0167055 0.0824844 -2.89169e-06 0.000217821 -3.27092e-05 -2.89169e-06 0.00901728 -0.016541 -3.99691e-06 0.000217821 -0.016541 0.0819192 
0.00969027 -0.0178325 -2.33861e-05 -1.56906e-05 -0.0178325 0.0881778 -1.41026e-05 0.000232386 -2.33861e-05 -1.41026e-05 0.00964507 -0.0176985 -1.56906e-05 0.000232386 -0.0176985 0.0875723 
0.00967148 -0.0177853 -8.15972e-06 -2.99232e-05 -0.0177853 0.0879525 -2.52411e-05 0.00025439 -8.15972e-06 -2.52411e-05 0.0096296 -0.0176674 -2.99232e-05 0.00025439 -0.0176674 0.087401 
0.0096634 -0.0178121 -5.5612e-06 -5.30431e-05 -0.0178121 0.088069 -4.31294e-05 0.000297778 -5.5612e-06 -4.31294e-05 0.00966507 -0.0177044 -5.30431e-05 0.000297778 -0.0177044 0.0875617 
0.00904455 -0.0166387 -1.09408e-05 -5.45601e-05 -0.0166387 0.0823494 -4.28881e-05 0.00030347 -1.09408e-05 -4.28881e-05 0.00902979 -0.0165884 -5.45601e-05 0.00030347 -0.0165884 0.0819715 
0.00906615 -0.0166664 -1.89432e-05 -4.90859e-05 -0.0166664 0.0824578 -3.64364e-05 0.000302969 -1.89432e-05 -3.64364e-05 0.009039 -0.0166048 -4.90859e-05 0.000302969 -0.0166048 0.0821236 
0.00908121 -0.0166936 -3.4836e-05 -3.79024e-05 -0.0166936 0.0825491 -2.75954e-05 0.000284785 -3.4836e-05 -2.75954e-05 0.00904072 -0.0166065 -3.79024e-05 0.000284785 -0.0166065 0.0821707 
0.00909497 -0.0167131 -4.13406e-05 -1.56236e-05 -0.0167131 0.0826232 -1.25549e-05 0.000250122 -4.13406e-05 -1.25549e-05 0.0090405 -0.0166069 -1.56236e-05 0.000250122 -0.0166069 0.08219 
0.00908318 -0.0167437 -3.47063e-05 4.07793e-07 -0.0167437 0.0827466 -6.4941e-06 0.000213987 -3.47063e-05 -6.4941e-06 0.00907148 -0.0166158 4.07793e-07 0.000213987 -0.0166158 0.0822515 
0.00905784 -0.0166991 -2.94191e-05 -2.49479e-06 -0.0166991 0.0826322 -1.78267e-05 0.000209413 -2.94191e-05 -1.78267e-05 0.00908105 -0.0166252 -2.49479e-06 0.000209413 -0.0166252 0.0821972 
0.00901056 -0.0166233 -1.91243e-05 -1.32947e-05 -0.0166233 0.0823169 -2.75218e-05 0.000231052 -1.91243e-05 -2.75218e-05 0.00908406 -0.0166027 -1.32947e-05 0.000231052 -0.0166027 0.0820169 
0.00899785 -0.016612 -2.1629e-05 -3.27276e-05 -0.016612 0.0823241 -3.93566e-05 0.000270744 -2.1629e-05 -3.93566e-05 0.0091103 -0.016662 -3.27276e-05 0.000270744 -0.016662 0.0822025 
0.00960971 -0.0177092 -2.46357e-05 -3.8314e-05 -0.0177092 0.087834 -3.65859e-05 0.000308088 -2.46357e-05 -3.65859e-05 0.00972347 -0.0178241 -3.8314e-05 0.000308088 -0.0178241 0.0878946 
0.00960741 -0.0176789 -2.74143e-05 -3.81821e-05 -0.0176789 0.0876578 -3.22882e-05 0.000309819 -2.74143e-05 -3.22882e-05 0.00969126 -0.0177952 -3.81821e-05 0.000309819 -0.0177952 0.0878101 
0.00959774 -0.0176412 -1.92554e-05 -3.58256e-05 -0.0176412 0.0874004 -2.742e-05 0.000304161 -1.92554e-05 -2.742e-05 0.00963766 -0.0177136 -3.58256e-05 0.000304161 -0.0177136 0.0875039 
0.00953806 -0.0175405 -7.78445e-06 -3.95221e-05 -0.0175405 0.0868283 -3.17618e-05 0.000298339 -7.78445e-06 -3.17618e-05 0.00957761 -0.0175619 -3.95221e-05 0.000298339 -0.0175619 0.0868302 
0.00951152 -0.0174791 8.98079e-06 -4.83247e-05 -0.0174791 0.0864984 -4.29009e-05 0.000306314 8.98079e-06 -4.29009e-05 0.00953544 -0.0174917 -4.83247e-05 0.000306314 -0.0174917 0.0864328 
0.00954111 -0.0175243 9.64334e-06 -6.52155e-05 -0.0175243 0.0866659 -6.52299e-05 0.000340126 9.64334e-06 -6.52299e-05 0.00952673 -0.0175162 -6.52155e-05 0.000340126 -0.0175162 0.0865455 
0.00959861 -0.0176106 5.45003e-06 -6.47651e-05 -0.0176106 0.0870328 -6.92909e-05 0.000359243 5.45003e-06 -6.92909e-05 0.00952167 -0.0175504 -6.47651e-05 0.000359243 -0.0175504 0.0868025 
0.00965069 -0.0177349 -4.92579e-06 -5.98298e-05 -0.0177349 0.0875622 -6.4384e-05 0.000355871 -4.92579e-06 -6.4384e-05 0.00955261 -0.0175885 -5.98298e-05 0.000355871 -0.0175885 0.0871356 
0.0096838 -0.0177998 -1.41911e-05 -4.83537e-05 -0.0177998 0.0879016 -5.3247e-05 0.000337984 -1.41911e-05 -5.3247e-05 0.00958261 -0.0176195 -4.83537e-05 0.000337984 -0.0176195 0.087323 
0.00968838 -0.0178435 -3.35786e-05 -3.6396e-05 -0.0178435 0.0881314 -3.96606e-05 0.000308022 -3.35786e-05 -3.96606e-05 0.00962563 -0.0176573 -3.6396e-05 0.000308022 -0.0176573 0.0874859 
0.0096508 -0.0177869 -4.19313e-05 -1.20227e-05 -0.0177869 0.0879318 -1.25625e-05 0.000252374 -4.19313e-05 -1.25625e-05 0.00963108 -0.0176425 -1.20227e-05 0.000252374 -0.0176425 0.0873212 
0.00961804 -0.0177263 -2.38666e-05 -7.66698e-07 -0.0177263 0.0877072 9.82299e-07 0.00020535 -2.38666e-05 9.82299e-07 0.00963165 -0.0176456 -7.66698e-07 0.00020535 -0.0176456 0.0872327 
0.00960954 -0.0176897 -1.77485e-05 -2.68306e-05 -0.0176897 0.0875755 -2.25384e-05 0.000230223 -1.77485e-05 -2.25384e-05 0.00963127 -0.0176633 -2.68306e-05 0.000230223 -0.0176633 0.0872605 
0.00963017 -0.0177058 -2.67272e-05 -3.92701e-05 -0.0177058 0.0876407 -3.5061e-05 0.000273699 -2.67272e-05 -3.5061e-05 0.00963682 -0.0176971 -3.92701e-05 0.000273699 -0.0176971 0.0874272 
0.00966971 -0.0177613 -3.54846e-05 -2.96133e-05 -0.0177613 0.0878642 -2.80583e-05 0.000282089 -3.54846e-05 -2.80583e-05 0.0096428 -0.017735 -2.96133e-05 0.000282089 -0.017735 0.0876619 
0.00968806 -0.0177943 -4.71818e-05 -1.61051e-05 -0.0177943 0.0879606 -1.5192e-05 0.000259094 -4.71818e-05 -1.5192e-05 0.0096361 -0.0177193 -1.61051e-05 0.000259094 -0.0177193 0.0876727 
0.00907365 -0.0166804 -5.34514e-05 1.56456e-06 -0.0166804 0.0824194 4.89937e-06 0.000198531 -5.34514e-05 4.89937e-06 0.00901836 -0.0165754 1.56456e-06 0.000198531 -0.0165754 0.0820504 
0.00908489 -0.0167273 -5.15902e-05 1.39571e-05 -0.0167273 0.0826598 1.87883e-05 0.000156573 -5.15902e-05 1.87883e-05 0.00904853 -0.0166058 1.39571e-05 0.000156573 -0.0166058 0.0822141 
0.0090813 -0.0167278 -4.65806e-05 7.65611e-06 -0.0167278 0.0827276 1.41804e-05 0.000151434 -4.65806e-05 1.41804e-05 0.00906702 -0.0166321 7.65611e-06 0.000151434 -0.0166321 0.082299 
0.00904794 -0.0166932 -4.54971e-05 -2.60059e-06 -0.0166932 0.0826083 5.28436e-06 0.000172442 -4.54971e-05 5.28436e-06 0.00907644 -0.0166296 -2.60059e-06 0.000172442 -0.0166296 0.0822502 
0.00904048 -0.0166681 -4.38109e-05 -7.6591e-06 -0.0166681 0.0825793 -2.33433e-06 0.000198815 -4.38109e-05 -2.33433e-06 0.00909142 -0.0166624 -7.6591e-06 0.000198815 -0.0166624 0.0823476 
0.00903717 -0.0166273 -4.1664e-05 -1.13095e-05 -0.0166273 0.0824061 -6.73684e-06 0.000219036 -4.1664e-05 -6.73684e-06 0.0090805 -0.0166573 -1.13095e-05 0.000219036 -0.0166573 0.0822977 
0.00904592 -0.0166463 -4.42304e-05 -1.62296e-05 -0.0166463 0.0824526 -1.36739e-05 0.000241672 -4.42304e-05 -1.36739e-05 0.00909617 -0.0166773 -1.62296e-05 0.000241672 -0.0166773 0.0824065 
0.00904841 -0.0166455 -2.19334e-05 -1.14065e-05 -0.0166455 0.0824333 -1.12445e-05 0.000245128 -2.19334e-05 -1.12445e-05 0.00909828 -0.0166829 -1.14065e-05 0.000245128 -0.0166829 0.0824173 
0.00903267 -0.016604 -2.60774e-05 -3.2068e-05 -0.016604 0.0822059 -3.23335e-05 0.000269261 -2.60774e-05 -3.23335e-05 0.00907531 -0.0166392 -3.2068e-05 0.000269261 -0.0166392 0.0821982 
0.00903855 -0.0166192 -1.89239e-05 -2.94936e-05 -0.0166192 0.0822352 -2.731e-05 0.000279628 -1.89239e-05 -2.731e-05 0.0090828 -0.0166409 -2.94936e-05 0.000279628 -0.0166409 0.0822008 
0.00906247 -0.0166541 -1.37705e-05 -3.62535e-05 -0.0166541 0.0823911 -3.05304e-05 0.000281711 -1.37705e-05 -3.05304e-05 0.00909119 -0.016678 -3.62535e-05 0.000281711 -0.016678 0.0823487 
0.00909555 -0.0166663 -2.11256e-05 -4.22606e-05 -0.0166663 0.0824189 -3.80711e-05 0.000295131 -2.11256e-05 -3.80711e-05 0.00906373 -0.0166729 -4.22606e-05 0.000295131 -0.0166729 0.0823523 
0.00914277 -0.0167333 -1.61304e-05 -3.67785e-05 -0.0167333 0.0826304 -3.5231e-05 0.000301498 -1.61304e-05 -3.5231e-05 0.00905316 -0.0166742 -3.67785e-05 0.000301498 -0.0166742 0.0824628 
0.00915662 -0.0168315 -1.88656e-05 -4.15576e-05 -0.0168315 0.083005 -4.5977e-05 0.000316071 -1.88656e-05 -4.5977e-05 0.009097 -0.0166924 -4.15576e-05 0.000316071 -0.0166924 0.0826521 
0.00914074 -0.0168136 -1.98032e-05 -3.92335e-05 -0.0168136 0.0830097 -4.8839e-05 0.000329804 -1.98032e-05 -4.8839e-05 0.0091132 -0.0166938 -3.92335e-05 0.000329804 -0.0166938 0.082583 
0.00914263 -0.0168321 -2.43535e-05 -3.74743e-05 -0.0168321 0.0831602 -4.66979e-05 0.00033167 -2.43535e-05 -4.66979e-05 0.00915065 -0.0167515 -3.74743e-05 0.00033167 -0.0167515 0.08278 
0.00912987 -0.016813 -3.73135e-05 -3.21204e-05 -0.016813 0.0831295 -3.8874e-05 0.000321496 -3.73135e-05 -3.8874e-05 0.00916483 -0.0167765 -3.21204e-05 0.000321496 -0.0167765 0.0828394 
0.00912987 -0.0168029 -6.80648e-05 -1.94033e-05 -0.0168029 0.0831197 -2.44304e-05 0.000298715 -6.80648e-05 -2.44304e-05 0.00918206 -0.016801 -1.94033e-05 0.000298715 -0.016801 0.0829219 
0.00916066 -0.0168183 -7.13809e-05 1.336e-05 -0.0168183 0.0831988 9.08302e-06 0.000243184 -7.13809e-05 9.08302e-06 0.00918503 -0.0168405 1.336e-05 0.000243184 -0.0168405 0.0830755 
0.0091247 -0.016789 -5.76375e-05 1.61481e-05 -0.016789 0.0829666 1.57778e-05 0.000207894 -5.76375e-05 1.57778e-05 0.00918227 -0.0167792 1.61481e-05 0.000207894 -0.0167792 0.0828261 
0.00913368 -0.0168154 -5.20789e-05 -3.40024e-06 -0.0168154 0.0831462 4.05855e-07 0.000229389 -5.20789e-05 4.05855e-07 0.00921613 -0.0168499 -3.40024e-06 0.000229389 -0.0168499 0.0830601 
0.00915099 -0.0168164 -4.20937e-05 -1.14472e-05 -0.0168164 0.0831995 -5.33047e-06 0.000253984 -4.20937e-05 -5.33047e-06 0.00921862 -0.0168935 -1.14472e-05 0.000253984 -0.0168935 0.0832333 
0.00915686 -0.0168274 -3.18672e-05 -2.38123e-05 -0.0168274 0.0832116 -1.59475e-05 0.000278729 -3.18672e-05 -1.59475e-05 0.00922163 -0.0168913 -2.38123e-05 0.000278729 -0.0168913 0.0832834 
0.00915136 -0.0167982 -1.5459e-05 -3.7803e-05 -0.0167982 0.0830482 -2.99774e-05 0.000313013 -1.5459e-05 -2.99774e-05 0.00919795 -0.0168525 -3.7803e-05 0.000313013 -0.0168525 0.0831025 
0.00915317 -0.0168136 -6.2807e-06 -5.81129e-05 -0.0168136 0.0830711 -5.27195e-05 0.000362932 -6.2807e-06 -5.27195e-05 0.00919499 -0.0168456 -5.81129e-05 0.000362932 -0.0168456 0.0830845 
0.00918069 -0.0168652 -1.3337e-06 -6.74022e-05 -0.0168652 0.0833195 -6.49718e-05 0.000402397 -1.3337e-06 -6.49718e-05 0.00920171 -0.0168822 -6.74022e-05 0.000402397 -0.0168822 0.0832769 
0.00922046 -0.0169221 -1.85981e-05 -7.14561e-05 -0.0169221 0.0835863 -7.15694e-05 0.000423219 -1.85981e-05 -7.15694e-05 0.00920986 -0.0169029 -7.14561e-05 0.000423219 -0.0169029 0.0834518 
0.0092405 -0.0169729 -3.91456e-05 -5.04691e-05 -0.0169729 0.0837991 -5.14792e-05 0.000400553 -3.91456e-05 -5.14792e-05 0.00921611 -0.0169161 -5.04691e-05 0.000400553 -0.0169161 0.0835649 
0.00926732 -0.0170311 -4.13898e-05 -2.43507e-05 -0.0170311 0.0840968 -2.52974e-05 0.000344262 -4.13898e-05 -2.52974e-05 0.00923912 -0.0169505 -2.43507e-05 0.000344262 -0.0169505 0.0837753 
0.00925696 -0.0170192 -2.87311e-05 -2.36684e-05 -0.0170192 0.0840709 -2.28351e-05 0.000317797 -2.87311e-05 -2.28351e-05 0.00924023 -0.0169403 -2.36684e-05 0.000317797 -0.0169403 0.0837281 
0.00919753 -0.0168978 -3.22626e-05 -4.0279e-05 -0.0168978 0.0835179 -3.67765e-05 0.000333957 -3.22626e-05 -3.67765e-05 0.0091932 -0.0168458 -4.0279e-05 0.000333957 -0.0168458 0.0832306 
0.00917095 -0.0168641 -4.03252e-05 -3.8224e-05 -0.0168641 0.0833483 -3.62765e-05 0.000347853 -4.03252e-05 -3.62765e-05 0.00919424 -0.0168305 -3.8224e-05 0.000347853 -0.0168305 0.083123 
0.00913505 -0.0168009 -5.55867e-05 -2.29883e-05 -0.0168009 0.0830719 -2.63722e-05 0.000326638 -5.55867e-05 -2.63722e-05 0.00919339 -0.0168045 -2.29883e-05 0.000326638 -0.0168045 0.0829359 
0.00913372 -0.0167851 -5.80334e-05 1.04079e-06 -0.0167851 0.0830146 -7.66401e-06 0.000279238 -5.80334e-05 -7.66401e-06 0.00920357 -0.0168335 1.04079e-06 0.000279238 -0.0168335 0.0829898 
0.00915808 -0.0168319 -5.49888e-05 5.34371e-06 -0.0168319 0.0832201 -5.1186e-06 0.000253202 -5.49888e-05 -5.1186e-06 0.00923198 -0.0168944 5.34371e-06 0.000253202 -0.0168944 0.0832651 
0.00917341 -0.0168499 -6.13561e-05 1.41792e-06 -0.0168499 0.083297 -6.31689e-06 0.000247275 -6.13561e-05 -6.31689e-06 0.00922923 -0.0169119 1.41792e-06 0.000247275 -0.0169119 0.0833564 
0.00917631 -0.0168853 -5.74755e-05 4.97235e-06 -0.0168853 0.0834431 3.50156e-06 0.000238424 -5.74755e-05 3.50156e-06 0.00923914 -0.0169228 4.97235e-06 0.000238424 -0.0169228 0.0834633 
0.00917858 -0.0168584 -4.55698e-05 -9.30082e-07 -0.0168584 0.0833624 3.32346e-06 0.000235117 -4.55698e-05 3.32346e-06 0.00921649 -0.0169006 -9.30082e-07 0.000235117 -0.0169006 0.0833632 
0.00918182 -0.0168424 -2.75245e-05 -1.71325e-05 -0.0168424 0.0832472 -1.12806e-05 0.000259588 -2.75245e-05 -1.12806e-05 0.00919039 -0.0168631 -1.71325e-05 0.000259588 -0.0168631 0.083222 
0.00916338 -0.0168314 -2.4081e-05 -4.11766e-05 -0.0168314 0.0831294 -3.51272e-05 0.000311352 -2.4081e-05 -3.51272e-05 0.00918221 -0.0168162 -4.11766e-05 0.000311352 -0.0168162 0.0830323 
0.00917092 -0.0168371 -3.71593e-05 -4.57087e-05 -0.0168371 0.0831745 -3.9585e-05 0.00034211 -3.71593e-05 -3.9585e-05 0.00918193 -0.0168305 -4.57087e-05 0.00034211 -0.0168305 0.0830533 
0.00918338 -0.016877 -4.44109e-05 -3.1794e-05 -0.016877 0.0833569 -2.7188e-05 0.000333762 -4.44109e-05 -2.7188e-05 0.00920203 -0.0168639 -3.1794e-05 0.000333762 -0.0168639 0.0832288 
0.00921898 -0.0169409 -1.74716e-05 -2.31842e-05 -0.0169409 0.0837006 -2.25201e-05 0.000319932 -1.74716e-05 -2.25201e-05 0.00923325 -0.0169352 -2.31842e-05 0.000319932 -0.0169352 0.0835779 
0.00923599 -0.0169796 4.21885e-06 -5.57934e-05 -0.0169796 0.0839004 -5.75036e-05 0.000368057 4.21885e-06 -5.75036e-05 0.00925897 -0.0169658 -5.57934e-05 0.000368057 -0.0169658 0.0837656 
0.0092403 -0.0169934 1.85498e-05 -8.56885e-05 -0.0169934 0.083985 -8.7244e-05 0.000445811 1.85498e-05 -8.7244e-05 0.00927763 -0.016982 -8.56885e-05 0.000445811 -0.016982 0.0838357 
0.00921705 -0.0169637 -3.91435e-06 -0.000105994 -0.0169637 0.0838632 -0.000103885 0.000508824 -3.91435e-06 -0.000103885 0.00929762 -0.0169705 -0.000105994 0.000508824 -0.0169705 0.0837372 
0.00922163 -0.0169804 -4.04002e-05 -8.00623e-05 -0.0169804 0.083995 -7.44877e-05 0.000491683 -4.04002e-05 -7.44877e-05 0.00933262 -0.0170465 -8.00623e-05 0.000491683 -0.0170465 0.0839802 
0.00922471 -0.016923 -7.36823e-05 -3.28888e-05 -0.016923 0.0837531 -2.61878e-05 0.000397142 -7.36823e-05 -2.61878e-05 0.00929789 -0.0170321 -3.28888e-05 0.000397142 -0.0170321 0.0838687 
0.00923833 -0.0169275 -8.36494e-05 1.24046e-05 -0.0169275 0.0836611 1.66335e-05 0.000281765 -8.36494e-05 1.66335e-05 0.00926174 -0.0169978 1.24046e-05 0.000281765 -0.0169978 0.0837801 
0.00925345 -0.0169697 -7.3039e-05 2.49092e-05 -0.0169697 0.0837661 2.46735e-05 0.000221877 -7.3039e-05 2.46735e-05 0.0092518 -0.0169714 2.49092e-05 0.000221877 -0.0169714 0.0837561 
0.00929923 -0.0170424 -5.61034e-05 1.22115e-05 -0.0170424 0.0841079 1.05129e-05 0.000227282 -5.61034e-05 1.05129e-05 0.00925745 -0.0170102 1.22115e-05 0.000227282 -0.0170102 0.0839794 
0.00927121 -0.0170295 -3.74728e-05 -1.25972e-05 -0.0170295 0.0839976 -1.06765e-05 0.000272462 -3.74728e-05 -1.06765e-05 0.009248 -0.0169415 -1.25972e-05 0.000272462 -0.0169415 0.0837324 
0.00926118 -0.0170178 -2.05008e-05 -3.94838e-05 -0.0170178 0.0840005 -3.3973e-05 0.000334574 -2.05008e-05 -3.3973e-05 0.00925986 -0.0169459 -3.94838e-05 0.000334574 -0.0169459 0.0836917 
0.00928249 -0.0170625 -2.66439e-05 -6.30516e-05 -0.0170625 0.0842697 -5.55647e-05 0.000399568 -2.66439e-05 -5.55647e-05 0.00931012 -0.01703 -6.30516e-05 0.000399568 -0.01703 0.0840339 
0.00927448 -0.0170329 -3.44805e-05 -5.69428e-05 -0.0170329 0.0841639 -4.96788e-05 0.00041741 -3.44805e-05 -4.96788e-05 0.00931723 -0.0170421 -5.69428e-05 0.00041741 -0.0170421 0.0840386 
0.00927362 -0.0170288 -2.49318e-05 -4.67709e-05 -0.0170288 0.084133 -4.17828e-05 0.000406321 -2.49318e-05 -4.17828e-05 0.00932789 -0.0170603 -4.67709e-05 0.000406321 -0.0170603 0.084095 
0.00930985 -0.0170487 -1.72675e-05 -5.71821e-05 -0.0170487 0.0842197 -5.85116e-05 0.000424313 -1.72675e-05 -5.85116e-05 0.00931479 -0.0170925 -5.71821e-05 0.000424313 -0.0170925 0.0842309 
0.00932355 -0.0170508 -2.20659e-05 -6.72738e-05 -0.0170508 0.0841293 -6.84558e-05 0.000452645 -2.20659e-05 -6.84558e-05 0.00928363 -0.0170438 -6.72738e-05 0.000452645 -0.0170438 0.0840939 
0.00935022 -0.0171046 -1.81646e-05 -6.56555e-05 -0.0171046 0.0843003 -6.16158e-05 0.000460618 -1.81646e-05 -6.16158e-05 0.00928358 -0.0170458 -6.56555e-05 0.000460618 -0.0170458 0.0841585 
0.00935402 -0.0171063 -2.57286e-06 -7.19253e-05 -0.0171063 0.0842717 -6.26073e-05 0.000465055 -2.57286e-06 -6.26073e-05 0.00925348 -0.0170117 -7.19253e-05 0.000465055 -0.0170117 0.0840277 
0.00937493 -0.0171614 -1.74741e-05 -8.94073e-05 -0.0171614 0.084506 -7.69693e-05 0.000489834 -1.74741e-05 -7.69693e-05 0.00925987 -0.0170225 -8.94073e-05 0.000489834 -0.0170225 0.0841522 
0.00937568 -0.017209 -3.63975e-05 -7.16574e-05 -0.017209 0.0847531 -6.00622e-05 0.000477212 -3.63975e-05 -6.00622e-05 0.00928967 -0.0170453 -7.16574e-05 0.000477212 -0.0170453 0.0843085 
0.00937439 -0.0172257 -4.56269e-05 -4.3736e-05 -0.0172257 0.0849411 -3.64486e-05 0.000422947 -4.56269e-05 -3.64486e-05 0.00932901 -0.0170935 -4.3736e-05 0.000422947 -0.0170935 0.084507 
0.00936377 -0.0171982 -4.56645e-05 -2.53523e-05 -0.0171982 0.0849086 -2.32793e-05 0.000366788 -4.56645e-05 -2.32793e-05 0.0093409 -0.0171228 -2.53523e-05 0.000366788 -0.0171228 0.0845866 
0.00935172 -0.0171465 -7.29065e-05 -2.19682e-05 -0.0171465 0.0846935 -2.3537e-05 0.000340977 -7.29065e-05 -2.3537e-05 0.0093295 -0.0171052 -2.19682e-05 0.000340977 -0.0171052 0.0844847 
0.00932955 -0.0170889 -7.21443e-05 1.14676e-05 -0.0170889 0.0843666 8.23382e-06 0.000283574 -7.21443e-05 8.23382e-06 0.00929421 -0.0170458 1.14676e-05 0.000283574 -0.0170458 0.0841967 
0.00930264 -0.0170674 -6.17738e-05 1.40635e-05 -0.0170674 0.0842056 1.09559e-05 0.000244275 -6.17738e-05 1.09559e-05 0.00928721 -0.0170072 1.40635e-05 0.000244275 -0.0170072 0.0840155 
