0.00655299 0 0.000103406 0 0 0.00933615 0 0 0.000103406 0 0.00659748 0 0 0 0 0.00933615 
0.00963369 -0.0119589 0.00012076 -0.000144945 -0.0119589 0.0318063 -0.000144945 0.000277588 0.00012076 -0.000144945 0.00967559 -0.0120085 -0.000144945 0.000277588 -0.0120085 0.0319012 
0.00917251 -0.0170522 5.72281e-05 -5.78382e-05 -0.0170522 0.0628901 -5.78382e-05 0.000152204 5.72281e-05 -5.78382e-05 0.00913445 -0.017037 -5.78382e-05 0.000152204 -0.017037 0.0628211 
0.00872662 -0.0169088 2.73855e-05 9.46278e-05 -0.0169088 0.075811 9.83639e-05 -0.000598054 2.73855e-05 9.83639e-05 0.0086789 -0.0167258 9.46278e-05 -0.000598054 -0.0167258 0.0750701 
0.00926671 -0.0173705 2.03375e-05 0.000114606 -0.0173705 0.0839278 0.000120111 -0.00098058 2.03375e-05 0.000120111 0.00919873 -0.0171665 0.000114606 -0.00098058 -0.0171665 0.0827984 
0.0090996 -0.0167124 9.51578e-06 7.50624e-05 -0.0167124 0.0821478 7.99816e-05 -0.000807374 9.51578e-06 7.99816e-05 0.00898249 -0.0165364 7.50624e-05 -0.000807374 -0.0165364 0.0811635 
0.00955681 -0.0175365 4.42585e-06 6.74418e-05 -0.0175365 0.0862839 7.16519e-05 -0.000640338 4.42585e-06 7.16519e-05 0.0094578 -0.0172967 6.74418e-05 -0.000640338 -0.0172967 0.0853052 
0.00925025 -0.0170012 1.26564e-05 6.65727e-05 -0.0170012 0.083771 7.22428e-05 -0.000513284 1.26564e-05 7.22428e-05 0.00919682 -0.0167925 6.65727e-05 -0.000513284 -0.0167925 0.0828822 
0.00970996 -0.0178243 2.66139e-05 6.04825e-05 -0.0178243 0.0879717 6.75112e-05 -0.000478423 2.66139e-05 6.75112e-05 0.00966622 -0.0176589 6.04825e-05 -0.000478423 -0.0176589 0.0871624 
0.00953091 -0.0174728 3.15421e-05 4.93105e-05 -0.0174728 0.0862557 5.08666e-05 -0.000428135 3.15421e-05 5.08666e-05 0.00950241 -0.017334 4.93105e-05 -0.000428135 -0.017334 0.0855634 
0.00943539 -0.0172939 1.88767e-05 5.25469e-05 -0.0172939 0.0853325 4.94969e-05 -0.000420911 1.88767e-05 4.94969e-05 0.00941958 -0.0171837 5.25469e-05 -0.000420911 -0.0171837 0.084737 
0.00940662 -0.0172479 2.86967e-05 7.1211e-05 -0.0172479 0.0850742 6.63657e-05 -0.000455142 2.86967e-05 6.63657e-05 0.00939039 -0.01716 7.1211e-05 -0.000455142 -0.01716 0.0845591 
0.00935514 -0.0171986 2.28596e-05 5.82567e-05 -0.0171986 0.0848241 5.64652e-05 -0.000457661 2.28596e-05 5.64652e-05 0.00937707 -0.0171135 5.82567e-05 -0.000457661 -0.0171135 0.0843504 
0.00932059 -0.0171804 9.57721e-06 5.92161e-05 -0.0171804 0.0848208 6.09719e-05 -0.000452393 9.57721e-06 6.09719e-05 0.00940946 -0.0171364 5.92161e-05 -0.000452393 -0.0171364 0.0844164 
0.0093091 -0.0171862 1.515e-05 7.35711e-05 -0.0171862 0.0849824 7.72109e-05 -0.000474419 1.515e-05 7.72109e-05 0.00946134 -0.017223 7.35711e-05 -0.000474419 -0.017223 0.0847354 
0.00933314 -0.0171809 2.55185e-05 6.77377e-05 -0.0171809 0.085084 7.26124e-05 -0.000478045 2.55185e-05 7.26124e-05 0.00947609 -0.0173012 6.77377e-05 -0.000478045 -0.0173012 0.0850441 
0.00931434 -0.017108 3.84898e-05 5.28963e-05 -0.017108 0.0846801 5.77087e-05 -0.000447741 3.84898e-05 5.77087e-05 0.00941016 -0.0172179 5.28963e-05 -0.000447741 -0.0172179 0.0847124 
0.00928149 -0.0170606 3.51893e-05 3.46798e-05 -0.0170606 0.0843408 3.70487e-05 -0.000396846 3.51893e-05 3.70487e-05 0.00935143 -0.0171039 3.46798e-05 -0.000396846 -0.0171039 0.0842709 
0.00924964 -0.017049 3.64001e-05 3.80701e-05 -0.017049 0.0842636 3.76182e-05 -0.000375052 3.64001e-05 3.76182e-05 0.00935298 -0.0170562 3.80701e-05 -0.000375052 -0.0170562 0.0840762 
0.00923799 -0.0170162 3.38556e-05 3.75095e-05 -0.0170162 0.0841991 3.66977e-05 -0.00036998 3.38556e-05 3.66977e-05 0.00936241 -0.0170713 3.75095e-05 -0.00036998 -0.0170713 0.0840513 
0.00923686 -0.0169953 4.01649e-05 3.6996e-05 -0.0169953 0.0841224 3.80324e-05 -0.000364162 4.01649e-05 3.80324e-05 0.0093705 -0.0170929 3.6996e-05 -0.000364162 -0.0170929 0.0840955 
0.00924083 -0.0169774 2.97231e-05 2.71954e-05 -0.0169774 0.083993 2.70174e-05 -0.000342121 2.97231e-05 2.70174e-05 0.00934666 -0.0170781 2.71954e-05 -0.000342121 -0.0170781 0.0840132 
0.00921187 -0.0169569 9.63057e-06 3.88883e-05 -0.0169569 0.0838129 3.58137e-05 -0.000343005 9.63057e-06 3.58137e-05 0.00933847 -0.0170222 3.88883e-05 -0.000343005 -0.0170222 0.0837939 
0.00921523 -0.0169719 -2.68288e-06 6.68297e-05 -0.0169719 0.0839179 6.7031e-05 -0.00039854 -2.68288e-06 6.7031e-05 0.00934065 -0.0170574 6.68297e-05 -0.00039854 -0.0170574 0.0838961 
0.00920269 -0.0169547 1.50822e-06 8.18153e-05 -0.0169547 0.0838632 8.61819e-05 -0.000454967 1.50822e-06 8.61819e-05 0.00934295 -0.0170425 8.18153e-05 -0.000454967 -0.0170425 0.0838583 
0.00922284 -0.0169732 1.31286e-05 7.61005e-05 -0.0169732 0.0839823 8.02449e-05 -0.000467096 1.31286e-05 8.02449e-05 0.0093546 -0.017079 7.61005e-05 -0.000467096 -0.017079 0.0840062 
0.00924515 -0.0169639 2.7783e-05 5.91554e-05 -0.0169639 0.0839152 6.02049e-05 -0.000431898 2.7783e-05 6.02049e-05 0.00932473 -0.0170652 5.91554e-05 -0.000431898 -0.0170652 0.0839541 
0.00926112 -0.0169715 2.44638e-05 3.70945e-05 -0.0169715 0.083832 3.6069e-05 -0.000371836 2.44638e-05 3.6069e-05 0.00927594 -0.0170101 3.70945e-05 -0.000371836 -0.0170101 0.0837818 
0.0092555 -0.0169843 2.95574e-05 3.95439e-05 -0.0169843 0.0837803 3.99119e-05 -0.000348667 2.95574e-05 3.99119e-05 0.0092482 -0.0169332 3.95439e-05 -0.000348667 -0.0169332 0.0835306 
0.00924255 -0.0170263 4.02036e-05 3.15615e-05 -0.0170263 0.0839676 3.48904e-05 -0.000333973 4.02036e-05 3.48904e-05 0.00928742 -0.016933 3.15615e-05 -0.000333973 -0.016933 0.0835426 
0.00924047 -0.01703 4.19757e-05 2.09596e-05 -0.01703 0.0841158 2.84244e-05 -0.00031923 4.19757e-05 2.84244e-05 0.00931931 -0.0169983 2.09596e-05 -0.00031923 -0.0169983 0.083715 
0.00925719 -0.0170612 3.91571e-05 2.13995e-05 -0.0170612 0.0843402 3.04023e-05 -0.000319496 3.91571e-05 3.04023e-05 0.00935222 -0.0170755 2.13995e-05 -0.000319496 -0.0170755 0.0840471 
0.00926527 -0.0170663 4.08358e-05 2.39369e-05 -0.0170663 0.0844017 3.1676e-05 -0.000323406 4.08358e-05 3.1676e-05 0.00934683 -0.0170977 2.39369e-05 -0.000323406 -0.0170977 0.0841747 
0.00926453 -0.0170437 4.02588e-05 2.14012e-05 -0.0170437 0.0842925 2.61978e-05 -0.000316328 4.02588e-05 2.61978e-05 0.00931551 -0.0170541 2.14012e-05 -0.000316328 -0.0170541 0.0840465 
0.00924545 -0.0170014 2.56374e-05 2.05675e-05 -0.0170014 0.0840493 2.24092e-05 -0.000303884 2.56374e-05 2.24092e-05 0.00928837 -0.0169775 2.05675e-05 -0.000303884 -0.0169775 0.0837374 
0.00921892 -0.0169573 2.13634e-05 3.71921e-05 -0.0169573 0.0838068 3.68131e-05 -0.000318975 2.13634e-05 3.68131e-05 0.00926943 -0.0169254 3.71921e-05 -0.000318975 -0.0169254 0.0834537 
0.00921061 -0.0169229 1.00754e-05 4.34819e-05 -0.0169229 0.0836336 4.2345e-05 -0.000337865 1.00754e-05 4.2345e-05 0.00924839 -0.0169027 4.34819e-05 -0.000337865 -0.0169027 0.0832912 
0.00922796 -0.0169842 1.45985e-05 5.38298e-05 -0.0169842 0.0838832 5.57854e-05 -0.00036002 1.45985e-05 5.57854e-05 0.00927674 -0.0169459 5.38298e-05 -0.00036002 -0.0169459 0.083519 
0.00919829 -0.0169323 3.34531e-05 4.63015e-05 -0.0169323 0.0836716 5.116e-05 -0.000358097 3.34531e-05 5.116e-05 0.00925951 -0.0169102 4.63015e-05 -0.000358097 -0.0169102 0.08332 
0.00918085 -0.0169046 3.64711e-05 2.66364e-05 -0.0169046 0.0835586 2.87099e-05 -0.000323756 3.64711e-05 2.87099e-05 0.00925454 -0.0168982 2.66364e-05 -0.000323756 -0.0168982 0.0832409 
0.00918717 -0.0168979 1.3581e-05 2.55761e-05 -0.0168979 0.0835483 2.29855e-05 -0.000300665 1.3581e-05 2.29855e-05 0.00924294 -0.0169085 2.55761e-05 -0.000300665 -0.0169085 0.0832725 
0.00918549 -0.0168877 -9.15863e-06 5.35836e-05 -0.0168877 0.0834679 4.888e-05 -0.000334369 -9.15863e-06 4.888e-05 0.00922851 -0.0168786 5.35836e-05 -0.000334369 -0.0168786 0.0831827 
0.00925039 -0.0169895 -2.64508e-05 8.11973e-05 -0.0169895 0.0839463 7.82812e-05 -0.000400271 -2.64508e-05 7.82812e-05 0.00924788 -0.0169657 8.11973e-05 -0.000400271 -0.0169657 0.0836279 
0.00926521 -0.0170456 -2.46384e-05 9.96297e-05 -0.0170456 0.0841736 9.98209e-05 -0.000457512 -2.46384e-05 9.98209e-05 0.00925951 -0.0169671 9.96297e-05 -0.000457512 -0.0169671 0.0837625 
0.00924682 -0.0170316 -2.36528e-05 9.55821e-05 -0.0170316 0.0841412 9.8414e-05 -0.000473618 -2.36528e-05 9.8414e-05 0.00926567 -0.0169375 9.55821e-05 -0.000473618 -0.0169375 0.0836445 
0.0092062 -0.0169947 -1.43407e-05 9.11528e-05 -0.0169947 0.0840149 9.86096e-05 -0.000469457 -1.43407e-05 9.86096e-05 0.00929508 -0.0169244 9.11528e-05 -0.000469457 -0.0169244 0.0835179 
0.00919586 -0.0169509 2.51839e-06 7.79157e-05 -0.0169509 0.0839114 8.9829e-05 -0.000451452 2.51839e-06 8.9829e-05 0.00930687 -0.0169696 7.79157e-05 -0.000451452 -0.0169696 0.0835621 
0.0091958 -0.0169341 2.93401e-05 5.88161e-05 -0.0169341 0.0838217 6.97039e-05 -0.000414028 2.93401e-05 6.97039e-05 0.00929936 -0.0169822 5.88161e-05 -0.000414028 -0.0169822 0.0835931 
0.00919947 -0.0169301 4.9499e-05 2.80947e-05 -0.0169301 0.0837661 3.29229e-05 -0.000343965 4.9499e-05 3.29229e-05 0.00928554 -0.0169675 2.80947e-05 -0.000343965 -0.0169675 0.0835562 
0.0092198 -0.016967 3.395e-05 4.96783e-06 -0.016967 0.0839117 5.72118e-06 -0.00027374 3.395e-05 5.72118e-06 0.00928044 -0.0169833 4.96783e-06 -0.00027374 -0.0169833 0.0836662 
0.00922037 -0.0169466 1.65749e-05 1.86659e-05 -0.0169466 0.0837951 2.04254e-05 -0.000260548 1.65749e-05 2.04254e-05 0.00925785 -0.0169335 1.86659e-05 -0.000260548 -0.0169335 0.0834891 
0.00919552 -0.0168985 8.74191e-06 3.97379e-05 -0.0168985 0.0834978 4.09484e-05 -0.000294122 8.74191e-06 4.09484e-05 0.00921962 -0.0168543 3.97379e-05 -0.000294122 -0.0168543 0.0831161 
0.00918256 -0.016871 8.90019e-06 5.10392e-05 -0.016871 0.0833177 5.24167e-05 -0.000329731 8.90019e-06 5.24167e-05 0.00918663 -0.016804 5.10392e-05 -0.000329731 -0.016804 0.0828612 
0.00915776 -0.0168799 2.34462e-05 4.68336e-05 -0.0168799 0.0833162 5.28138e-05 -0.00033718 2.34462e-05 5.28138e-05 0.00919048 -0.0167791 4.68336e-05 -0.00033718 -0.0167791 0.082764 
0.00915999 -0.0168559 3.54191e-05 2.44721e-05 -0.0168559 0.0832915 3.62228e-05 -0.000304061 3.54191e-05 3.62228e-05 0.00918516 -0.016787 2.44721e-05 -0.000304061 -0.016787 0.0827416 
0.00918386 -0.0169034 3.62747e-05 8.81538e-06 -0.0169034 0.0835008 1.95087e-05 -0.000260546 3.62747e-05 1.95087e-05 0.00918943 -0.0168278 8.81538e-06 -0.000260546 -0.0168278 0.0829584 
0.00918812 -0.0169342 3.15907e-05 9.01681e-06 -0.0169342 0.0836513 1.5558e-05 -0.000236929 3.15907e-05 1.5558e-05 0.00919277 -0.0168313 9.01681e-06 -0.000236929 -0.0168313 0.0830591 
0.00918626 -0.0169348 2.5235e-05 1.82924e-05 -0.0169348 0.0837148 2.01326e-05 -0.000241478 2.5235e-05 2.01326e-05 0.00919862 -0.0168336 1.82924e-05 -0.000241478 -0.0168336 0.0831007 
0.00918057 -0.016906 3.51648e-05 2.80278e-05 -0.016906 0.0836239 2.76524e-05 -0.0002597 3.51648e-05 2.76524e-05 0.00919663 -0.0168255 2.80278e-05 -0.0002597 -0.0168255 0.0830531 
0.00914876 -0.0168318 3.59109e-05 1.60726e-05 -0.0168318 0.0832445 1.61849e-05 -0.000249292 3.59109e-05 1.61849e-05 0.00916576 -0.0167564 1.60726e-05 -0.000249292 -0.0167564 0.082708 
0.00916648 -0.0168101 3.58699e-05 9.91503e-06 -0.0168101 0.083101 1.33387e-05 -0.00022937 3.58699e-05 1.33387e-05 0.00913212 -0.0167377 9.91503e-06 -0.00022937 -0.0167377 0.0825822 
0.00918636 -0.0168514 1.91097e-05 1.02543e-05 -0.0168514 0.0831637 1.10548e-05 -0.000219642 1.91097e-05 1.10548e-05 0.00910807 -0.016715 1.02543e-05 -0.000219642 -0.016715 0.0825508 
0.00918615 -0.0169042 1.6574e-05 3.13832e-05 -0.0169042 0.0833575 2.84098e-05 -0.0002436 1.6574e-05 2.84098e-05 0.00912209 -0.0167048 3.13832e-05 -0.0002436 -0.0167048 0.0825832 
0.00917331 -0.0169409 1.40941e-05 3.73937e-05 -0.0169409 0.0836198 3.11331e-05 -0.000266995 1.40941e-05 3.11331e-05 0.00917917 -0.016754 3.73937e-05 -0.000266995 -0.016754 0.0827893 
0.00916975 -0.0169134 1.24091e-05 3.9156e-05 -0.0169134 0.0836634 2.90787e-05 -0.000269022 1.24091e-05 2.90787e-05 0.00920313 -0.0168233 3.9156e-05 -0.000269022 -0.0168233 0.0829882 
0.00912793 -0.0168322 5.45622e-06 4.14462e-05 -0.0168322 0.0833072 3.30638e-05 -0.000273775 5.45622e-06 3.30638e-05 0.00918901 -0.0167879 4.14462e-05 -0.000273775 -0.0167879 0.0828041 
0.00911648 -0.0167998 1.40814e-05 5.05512e-05 -0.0167998 0.0831691 4.52186e-05 -0.000295052 1.40814e-05 4.52186e-05 0.00919191 -0.016794 5.05512e-05 -0.000295052 -0.016794 0.0827957 
0.00911786 -0.0167615 2.85962e-05 4.33494e-05 -0.0167615 0.0829741 3.86759e-05 -0.00030023 2.85962e-05 3.86759e-05 0.00915769 -0.0167782 4.33494e-05 -0.00030023 -0.0167782 0.0826961 
0.00911005 -0.0167549 4.9283e-05 2.53129e-05 -0.0167549 0.0828504 2.05515e-05 -0.000272501 4.9283e-05 2.05515e-05 0.00912116 -0.0167294 2.53129e-05 -0.000272501 -0.0167294 0.0825467 
0.00911938 -0.0167582 3.46982e-05 -8.74174e-08 -0.0167582 0.0828375 -2.90741e-06 -0.000222269 3.46982e-05 -2.90741e-06 0.0090956 -0.0166892 -8.74174e-08 -0.000222269 -0.0166892 0.0824333 
0.00911497 -0.016776 2.11072e-05 1.44665e-05 -0.016776 0.0828748 1.41558e-05 -0.000223158 2.11072e-05 1.41558e-05 0.00908997 -0.0166601 1.44665e-05 -0.000223158 -0.0166601 0.0823503 
0.00910159 -0.0167763 2.06644e-05 3.30836e-05 -0.0167763 0.0829092 3.10423e-05 -0.000258631 2.06644e-05 3.10423e-05 0.0091086 -0.0166586 3.30836e-05 -0.000258631 -0.0166586 0.0823313 
0.009098 -0.0167542 8.0085e-06 3.51701e-05 -0.0167542 0.0828684 3.05661e-05 -0.000275524 8.0085e-06 3.05661e-05 0.00910826 -0.0166762 3.51701e-05 -0.000275524 -0.0166762 0.0823397 
0.00910735 -0.0167551 8.94988e-06 4.92563e-05 -0.0167551 0.0828771 4.36026e-05 -0.000298235 8.94988e-06 4.36026e-05 0.00910595 -0.0166919 4.92563e-05 -0.000298235 -0.0166919 0.0824161 
0.00908897 -0.0167281 2.52758e-05 4.80132e-05 -0.0167281 0.0827182 4.19364e-05 -0.000306777 2.52758e-05 4.19364e-05 0.00908947 -0.0166568 4.80132e-05 -0.000306777 -0.0166568 0.0822791 
0.00904637 -0.0166802 2.75589e-05 2.80849e-05 -0.0166802 0.0824835 2.34166e-05 -0.000278643 2.75589e-05 2.34166e-05 0.00907473 -0.0166071 2.80849e-05 -0.000278643 -0.0166071 0.0820413 
0.00901883 -0.0166504 2.02857e-05 2.22698e-05 -0.0166504 0.0824091 1.87553e-05 -0.000251507 2.02857e-05 1.87553e-05 0.00909584 -0.0166165 2.22698e-05 -0.000251507 -0.0166165 0.0820332 
0.00901196 -0.0166339 2.01899e-05 3.02383e-05 -0.0166339 0.0824098 2.58537e-05 -0.000253029 2.01899e-05 2.58537e-05 0.00911538 -0.0166631 3.02383e-05 -0.000253029 -0.0166631 0.0821722 
0.00902224 -0.0166047 2.82803e-05 3.08394e-05 -0.0166047 0.0823051 2.4239e-05 -0.000255736 2.82803e-05 2.4239e-05 0.00910639 -0.0166774 3.08394e-05 -0.000255736 -0.0166774 0.0822137 
0.00906019 -0.0166488 4.643e-05 2.21693e-05 -0.0166488 0.0824368 1.83064e-05 -0.000248171 4.643e-05 1.83064e-05 0.00909375 -0.0167 2.21693e-05 -0.000248171 -0.0167 0.0823748 
0.00907451 -0.0166931 3.6284e-05 7.63671e-07 -0.0166931 0.0825536 -2.69537e-06 -0.000211506 3.6284e-05 -2.69537e-06 0.00909091 -0.0166736 7.63671e-07 -0.000211506 -0.0166736 0.0823719 
0.00907811 -0.0166791 2.54691e-05 1.45491e-05 -0.0166791 0.0824735 1.05005e-05 -0.000214671 2.54691e-05 1.05005e-05 0.00906898 -0.0166313 1.45491e-05 -0.000214671 -0.0166313 0.0821778 
0.00906513 -0.01668 7.80316e-06 3.30503e-05 -0.01668 0.0824214 2.78278e-05 -0.000256397 7.80316e-06 2.78278e-05 0.00906909 -0.0166027 3.30503e-05 -0.000256397 -0.0166027 0.0820436 
0.00906528 -0.0166911 7.59205e-06 5.73068e-05 -0.0166911 0.0825066 5.15648e-05 -0.000316972 7.59205e-06 5.15648e-05 0.00907462 -0.0166335 5.73068e-05 -0.000316972 -0.0166335 0.0821303 
0.00904439 -0.0166608 1.24938e-05 5.66877e-05 -0.0166608 0.0823941 5.1077e-05 -0.000342176 1.24938e-05 5.1077e-05 0.00906684 -0.016616 5.66877e-05 -0.000342176 -0.016616 0.0820581 
0.00903426 -0.0166743 1.29649e-05 4.90287e-05 -0.0166743 0.0824979 4.45535e-05 -0.000336024 1.29649e-05 4.45535e-05 0.00909874 -0.0166464 4.90287e-05 -0.000336024 -0.0166464 0.0822052 
0.00902374 -0.0166261 3.47049e-06 4.42983e-05 -0.0166261 0.0823589 4.45452e-05 -0.00032433 3.47049e-06 4.45452e-05 0.0090876 -0.0166545 4.42983e-05 -0.00032433 -0.0166545 0.082179 
0.00901345 -0.0165954 6.08524e-06 4.88111e-05 -0.0165954 0.0821929 5.48676e-05 -0.000326819 6.08524e-06 5.48676e-05 0.00906523 -0.0166267 4.88111e-05 -0.000326819 -0.0166267 0.0820777 
0.0096575 -0.0177697 6.75927e-06 4.5995e-05 -0.0177697 0.0879824 5.32124e-05 -0.000339945 6.75927e-06 5.32124e-05 0.00968658 -0.0177867 4.5995e-05 -0.000339945 -0.0177867 0.0878508 
0.00964981 -0.0177553 1.96982e-05 4.33043e-05 -0.0177553 0.0878736 4.75118e-05 -0.000319197 1.96982e-05 4.75118e-05 0.00966052 -0.0177361 4.33043e-05 -0.000319197 -0.0177361 0.0876732 
0.00902777 -0.0166312 4.80926e-05 3.20054e-05 -0.0166312 0.08229 3.10044e-05 -0.000278687 4.80926e-05 3.10044e-05 0.00904565 -0.0165866 3.20054e-05 -0.000278687 -0.0165866 0.0820221 
0.00902191 -0.016613 7.03972e-05 -4.77084e-06 -0.016613 0.0822333 -9.82375e-06 -0.000205139 7.03972e-05 -9.82375e-06 0.00904715 -0.0165746 -4.77084e-06 -0.000205139 -0.0165746 0.0819375 
0.00968783 -0.0177825 7.81004e-05 -3.99518e-05 -0.0177825 0.0880268 -4.63689e-05 -0.000120685 7.81004e-05 -4.63689e-05 0.00965837 -0.017759 -3.99518e-05 -0.000120685 -0.017759 0.0877417 
0.00969707 -0.0177749 4.65873e-05 -4.51159e-05 -0.0177749 0.0878641 -5.04115e-05 -6.97805e-05 4.65873e-05 -5.04115e-05 0.0096062 -0.0176871 -4.51159e-05 -6.97805e-05 -0.0176871 0.0875049 
0.00966538 -0.0177965 2.21397e-05 -1.00433e-05 -0.0177965 0.0878483 -1.18161e-05 -0.000109032 2.21397e-05 -1.18161e-05 0.00961656 -0.0176209 -1.00433e-05 -0.000109032 -0.0176209 0.0872905 
0.00963625 -0.0177681 9.95935e-06 2.40014e-05 -0.0177681 0.0878133 2.5858e-05 -0.000196611 9.95935e-06 2.5858e-05 0.00962641 -0.0176297 2.40014e-05 -0.000196611 -0.0176297 0.0872058 
0.00965779 -0.0177729 1.56961e-05 4.19569e-05 -0.0177729 0.0879397 4.4008e-05 -0.000266149 1.56961e-05 4.4008e-05 0.00963258 -0.0176932 4.19569e-05 -0.000266149 -0.0176932 0.0874381 
0.00966963 -0.0178131 2.16711e-05 4.1487e-05 -0.0178131 0.088108 4.24105e-05 -0.000297042 2.16711e-05 4.24105e-05 0.00964781 -0.0177192 4.1487e-05 -0.000297042 -0.0177192 0.0876435 
0.00964082 -0.0177811 2.17065e-05 3.46071e-05 -0.0177811 0.0879896 3.36126e-05 -0.000292962 2.17065e-05 3.36126e-05 0.00965199 -0.0176922 3.46071e-05 -0.000292962 -0.0176922 0.0875376 
0.00961422 -0.0176825 2.81522e-05 3.3467e-05 -0.0176825 0.0875734 3.05759e-05 -0.000284223 2.81522e-05 3.05759e-05 0.00961136 -0.0176377 3.3467e-05 -0.000284223 -0.0176377 0.0872034 
0.00963935 -0.0177277 1.56103e-05 2.92713e-05 -0.0177277 0.0877258 2.39119e-05 -0.000277831 1.56103e-05 2.39119e-05 0.00962902 -0.0176752 2.92713e-05 -0.000277831 -0.0176752 0.0874012 
0.00963576 -0.0177691 1.95647e-05 4.3435e-05 -0.0177691 0.087906 3.5617e-05 -0.000291451 1.95647e-05 3.5617e-05 0.00967181 -0.0177132 4.3435e-05 -0.000291451 -0.0177132 0.0875945 
0.00964302 -0.0177488 3.09716e-05 3.84454e-05 -0.0177488 0.0879003 2.8134e-05 -0.000290155 3.09716e-05 2.8134e-05 0.00968303 -0.0177497 3.84454e-05 -0.000290155 -0.0177497 0.0876826 
0.00965281 -0.0177431 4.7493e-05 2.19537e-05 -0.0177431 0.0878439 1.19059e-05 -0.000258148 4.7493e-05 1.19059e-05 0.00967626 -0.017759 2.19537e-05 -0.000258148 -0.017759 0.0877156 
0.00966877 -0.0177353 4.56709e-05 1.68908e-06 -0.0177353 0.0877402 -5.83084e-06 -0.0002148 4.56709e-05 -5.83084e-06 0.0096453 -0.0177319 1.68908e-06 -0.0002148 -0.0177319 0.0876168 
0.00965474 -0.0177298 2.335e-05 1.96559e-06 -0.0177298 0.0875997 -3.57254e-06 -0.000196106 2.335e-05 -3.57254e-06 0.00961361 -0.0176689 1.96559e-06 -0.000196106 -0.0176689 0.0873841 
0.0096183 -0.0177138 6.2484e-07 3.01841e-05 -0.0177138 0.0875096 2.66273e-05 -0.000240134 6.2484e-07 2.66273e-05 0.00961872 -0.0176293 3.01841e-05 -0.000240134 -0.0176293 0.0872102 
0.00958011 -0.0176732 7.71459e-06 6.17384e-05 -0.0176732 0.0874096 6.1057e-05 -0.00032247 7.71459e-06 6.1057e-05 0.00963371 -0.0176382 6.17384e-05 -0.00032247 -0.0176382 0.0871582 
0.00956289 -0.0176274 2.38419e-05 5.37098e-05 -0.0176274 0.0873043 5.18177e-05 -0.000345232 2.38419e-05 5.18177e-05 0.00964501 -0.0176719 5.37098e-05 -0.000345232 -0.0176719 0.0872285 
0.00956686 -0.017623 4.18535e-05 3.32656e-05 -0.017623 0.0873138 2.98327e-05 -0.000312868 4.18535e-05 2.98327e-05 0.00964901 -0.01771 3.32656e-05 -0.000312868 -0.01771 0.0873952 
0.00957318 -0.0176143 4.77457e-05 8.91351e-06 -0.0176143 0.0872665 7.02377e-06 -0.000256594 4.77457e-05 7.02377e-06 0.00962604 -0.0177007 8.91351e-06 -0.000256594 -0.0177007 0.0874055 
0.00960819 -0.0176497 4.3837e-05 -2.85106e-06 -0.0176497 0.0873997 -3.17379e-06 -0.000210954 4.3837e-05 -3.17379e-06 0.00960334 -0.0176971 -2.85106e-06 -0.000210954 -0.0176971 0.0874891 
0.00964084 -0.0177451 3.24343e-05 1.90781e-06 -0.0177451 0.0877934 6.00431e-07 -0.000200503 3.24343e-05 6.00431e-07 0.00962204 -0.017719 1.90781e-06 -0.000200503 -0.017719 0.0877378 
0.00966276 -0.0177591 1.42763e-05 1.53308e-05 -0.0177591 0.0879085 1.17188e-05 -0.00021473 1.42763e-05 1.17188e-05 0.00960628 -0.0177093 1.53308e-05 -0.00021473 -0.0177093 0.087738 
0.00964662 -0.0177276 2.79411e-05 3.56733e-05 -0.0177276 0.0877131 3.24175e-05 -0.000251178 2.79411e-05 3.24175e-05 0.00958683 -0.0176305 3.56733e-05 -0.000251178 -0.0176305 0.0874327 
0.00961023 -0.0176643 3.60046e-05 2.08665e-05 -0.0176643 0.0873771 2.04258e-05 -0.000251136 3.60046e-05 2.04258e-05 0.009564 -0.0175583 2.08665e-05 -0.000251136 -0.0175583 0.0870284 
0.00958156 -0.0175908 3.24102e-05 8.48382e-06 -0.0175908 0.0870063 1.19595e-05 -0.000226636 3.24102e-05 1.19595e-05 0.00953069 -0.0175019 8.48382e-06 -0.000226636 -0.0175019 0.0866611 
0.009561 -0.0175614 3.545e-05 1.16349e-05 -0.0175614 0.0867951 1.60326e-05 -0.000221018 3.545e-05 1.60326e-05 0.00951044 -0.0174623 1.16349e-05 -0.000221018 -0.0174623 0.0864358 
0.00955368 -0.0175579 3.17703e-05 7.56831e-06 -0.0175579 0.0867549 1.3254e-05 -0.000217163 3.17703e-05 1.3254e-05 0.00950585 -0.0174569 7.56831e-06 -0.000217163 -0.0174569 0.0863795 
0.00956085 -0.0176345 3.04783e-05 1.35655e-05 -0.0176345 0.0871379 1.81681e-05 -0.000225282 3.04783e-05 1.81681e-05 0.00956187 -0.0175386 1.35655e-05 -0.000225282 -0.0175386 0.0867667 
0.00955039 -0.0175767 3.2535e-05 1.75542e-05 -0.0175767 0.0870017 1.75437e-05 -0.000231954 3.2535e-05 1.75437e-05 0.00954486 -0.0175489 1.75542e-05 -0.000231954 -0.0175489 0.086751 
0.00955595 -0.0175658 4.57026e-05 1.64017e-05 -0.0175658 0.0869388 1.24864e-05 -0.000229153 4.57026e-05 1.24864e-05 0.00954434 -0.0175453 1.64017e-05 -0.000229153 -0.0175453 0.086784 
0.00955421 -0.0176042 4.71501e-05 7.11332e-06 -0.0176042 0.0870847 2.3451e-06 -0.000220962 4.71501e-05 2.3451e-06 0.00958218 -0.0175744 7.11332e-06 -0.000220962 -0.0175744 0.0869444 
0.00954751 -0.0175825 3.03671e-05 3.77963e-06 -0.0175825 0.0870569 -5.86419e-07 -0.000209772 3.03671e-05 -5.86419e-07 0.00959577 -0.0176038 3.77963e-06 -0.000209772 -0.0176038 0.087001 
0.00959608 -0.0176491 1.41519e-05 2.28187e-05 -0.0176491 0.0874039 2.14658e-05 -0.00023908 1.41519e-05 2.14658e-05 0.00962217 -0.0177018 2.28187e-05 -0.00023908 -0.0177018 0.0874514 
0.00960092 -0.0176923 4.28126e-06 4.40766e-05 -0.0176923 0.0875793 4.13311e-05 -0.000288248 4.28126e-06 4.13311e-05 0.00964599 -0.0177171 4.40766e-05 -0.000288248 -0.0177171 0.0876236 
0.00958419 -0.0176525 2.8981e-06 5.89161e-05 -0.0176525 0.0874434 5.43993e-05 -0.000332405 2.8981e-06 5.43993e-05 0.00963434 -0.0176911 5.89161e-05 -0.000332405 -0.0176911 0.0874833 
0.00955964 -0.0175918 -3.25871e-06 6.25054e-05 -0.0175918 0.0871612 5.85128e-05 -0.000357823 -3.25871e-06 5.85128e-05 0.00960741 -0.0176443 6.25054e-05 -0.000357823 -0.0176443 0.0872357 
0.00954769 -0.0175934 2.576e-06 6.82258e-05 -0.0175934 0.087149 6.86177e-05 -0.000378351 2.576e-06 6.86177e-05 0.00962564 -0.0176477 6.82258e-05 -0.000378351 -0.0176477 0.0872472 
0.00956474 -0.017599 -1.3602e-06 5.80602e-05 -0.017599 0.0872137 6.25847e-05 -0.000375006 -1.3602e-06 6.25847e-05 0.0096314 -0.0176824 5.80602e-05 -0.000375006 -0.0176824 0.0873539 
0.0095869 -0.0176276 -1.13677e-05 5.99852e-05 -0.0176276 0.0873009 6.62328e-05 -0.000371116 -1.13677e-05 6.62328e-05 0.00962623 -0.0176883 5.99852e-05 -0.000371116 -0.0176883 0.0874188 
0.00960014 -0.0176597 -4.35738e-06 6.98011e-05 -0.0176597 0.0873967 7.44496e-05 -0.000380634 -4.35738e-06 7.44496e-05 0.0096317 -0.0176734 6.98011e-05 -0.000380634 -0.0176734 0.0874029 
0.00961869 -0.0176884 -3.30347e-07 6.14727e-05 -0.0176884 0.087526 6.47118e-05 -0.00037142 -3.30347e-07 6.47118e-05 0.00963599 -0.0176881 6.14727e-05 -0.00037142 -0.0176881 0.0874478 
0.00962352 -0.0176986 5.95873e-06 5.16245e-05 -0.0176986 0.0875468 5.53624e-05 -0.000342495 5.95873e-06 5.53624e-05 0.00962313 -0.0176748 5.16245e-05 -0.000342495 -0.0176748 0.0873931 
0.00966143 -0.0177578 1.07764e-05 4.05657e-05 -0.0177578 0.0878267 4.74148e-05 -0.000313107 1.07764e-05 4.74148e-05 0.00962847 -0.0177122 4.05657e-05 -0.000313107 -0.0177122 0.0876046 
0.00966928 -0.0177824 1.09945e-05 3.17938e-05 -0.0177824 0.0879149 4.09399e-05 -0.000286684 1.09945e-05 4.09399e-05 0.00961702 -0.0176915 3.17938e-05 -0.000286684 -0.0176915 0.0875854 
0.00966254 -0.0177877 2.04533e-05 2.79721e-05 -0.0177877 0.0879484 3.88197e-05 -0.000267623 2.04533e-05 3.88197e-05 0.00961193 -0.0176686 2.79721e-05 -0.000267623 -0.0176686 0.0875178 
0.0096548 -0.0177749 1.85729e-05 1.73419e-05 -0.0177749 0.087929 2.53597e-05 -0.000243075 1.85729e-05 2.53597e-05 0.00960025 -0.0176557 1.73419e-05 -0.000243075 -0.0176557 0.0874551 
0.0095958 -0.0177161 2.34915e-05 1.89491e-05 -0.0177161 0.0876601 2.35082e-05 -0.000225669 2.34915e-05 2.35082e-05 0.00959406 -0.0175885 1.89491e-05 -0.000225669 -0.0175885 0.087155 
0.0095477 -0.0176261 3.67494e-05 1.85274e-05 -0.0176261 0.087347 2.08048e-05 -0.000223265 3.67494e-05 2.08048e-05 0.009584 -0.0175675 1.85274e-05 -0.000223265 -0.0175675 0.0869401 
0.00954367 -0.0175607 2.4871e-05 6.41514e-06 -0.0175607 0.0870859 6.69693e-06 -0.000205408 2.4871e-05 6.69693e-06 0.00954818 -0.0175562 6.41514e-06 -0.000205408 -0.0175562 0.0868277 
0.00952634 -0.0175167 3.23006e-05 1.85161e-05 -0.0175167 0.0867741 1.31693e-05 -0.000203808 3.23006e-05 1.31693e-05 0.00950717 -0.017478 1.85161e-05 -0.000203808 -0.017478 0.0865308 
0.00950104 -0.0175023 4.48059e-05 1.27507e-05 -0.0175023 0.0866337 5.58591e-06 -0.00019936 4.48059e-05 5.58591e-06 0.00949346 -0.0174283 1.27507e-05 -0.00019936 -0.0174283 0.0863171 
0.00947619 -0.017467 4.21644e-05 -3.3682e-06 -0.017467 0.0865045 -1.18101e-05 -0.000166471 4.21644e-05 -1.18101e-05 0.00948315 -0.0174159 -3.3682e-06 -0.000166471 -0.0174159 0.0862024 
0.00945844 -0.0174426 3.54442e-05 -7.14996e-07 -0.0174426 0.0864287 -8.66983e-06 -0.000154028 3.54442e-05 -8.66983e-06 0.00947948 -0.0174179 -7.14996e-07 -0.000154028 -0.0174179 0.0861958 
0.00944454 -0.0173932 9.41443e-06 6.551e-06 -0.0173932 0.0862269 -3.90932e-07 -0.000163016 9.41443e-06 -3.90932e-07 0.00945161 -0.0173904 6.551e-06 -0.000163016 -0.0173904 0.086069 
0.00945008 -0.0174109 1.57006e-06 3.81401e-05 -0.0174109 0.0862894 3.20042e-05 -0.000217914 1.57006e-06 3.20042e-05 0.00945657 -0.0173977 3.81401e-05 -0.000217914 -0.0173977 0.0861577 
0.00944347 -0.0173821 7.11371e-06 5.15606e-05 -0.0173821 0.0861534 4.22935e-05 -0.000265426 7.11371e-06 4.22935e-05 0.00943823 -0.0173666 5.15606e-05 -0.000265426 -0.0173666 0.0860238 
0.00942366 -0.0173961 1.72237e-05 4.23953e-05 -0.0173961 0.0861911 3.46858e-05 -0.000266211 1.72237e-05 3.46858e-05 0.00946463 -0.017369 4.23953e-05 -0.000266211 -0.017369 0.0860509 
0.00938176 -0.0173507 2.21411e-05 2.32244e-05 -0.0173507 0.0860635 2.33625e-05 -0.000234722 2.21411e-05 2.33625e-05 0.00948689 -0.017378 2.32244e-05 -0.000234722 -0.017378 0.0860009 
