0.00725682 0 1.01773e-05 0 0 0.010331 0 0 1.01773e-05 0 0.00734288 0 0 0 0 0.010331 
0.0104725 -0.0129994 -1.47798e-05 2.11788e-05 -0.0129994 0.0345814 2.11788e-05 -4.05137e-05 -1.47798e-05 2.11788e-05 0.0106017 -0.013159 2.11788e-05 -4.05137e-05 -0.013159 0.0348874 
0.00914751 -0.0170096 -3.25175e-05 0.000112833 -0.0170096 0.0627514 0.000112833 -0.000386048 -3.25175e-05 0.000112833 0.00919664 -0.0172076 0.000112833 -0.000386048 -0.0172076 0.0633876 
0.00862928 -0.0166273 -2.72366e-05 0.000198483 -0.0166273 0.0745528 0.000199074 -0.000983504 -2.72366e-05 0.000199074 0.00862922 -0.0167358 0.000198483 -0.000983504 -0.0167358 0.075166 
0.00985613 -0.0184418 4.46713e-06 0.000197883 -0.0184418 0.0888949 0.000200163 -0.00133074 4.46713e-06 0.000200163 0.00985959 -0.0184782 0.000197883 -0.00133074 -0.0184782 0.089359 
0.00962274 -0.0176895 5.12276e-05 0.000102879 -0.0176895 0.0868644 0.000106495 -0.00099916 5.12276e-05 0.000106495 0.00961016 -0.0177144 0.000102879 -0.00099916 -0.0177144 0.0871421 
0.00937374 -0.0171528 6.74838e-05 2.24795e-05 -0.0171528 0.0844905 2.41461e-05 -0.000613036 6.74838e-05 2.41461e-05 0.00932291 -0.0171513 2.24795e-05 -0.000613036 -0.0171513 0.0846369 
0.0091208 -0.0166842 7.40337e-05 -7.65046e-06 -0.0166842 0.0822376 -9.38714e-06 -0.000366578 7.40337e-05 -9.38714e-06 0.00906142 -0.0166279 -7.65046e-06 -0.000366578 -0.0166279 0.0822262 
0.0103019 -0.0188368 7.04822e-05 -1.30973e-05 -0.0188368 0.0928891 -1.79631e-05 -0.000309128 7.04822e-05 -1.79631e-05 0.0102414 -0.018757 -1.30973e-05 -0.000309128 -0.018757 0.0927658 
0.0101108 -0.0185566 4.0881e-05 7.23528e-06 -0.0185566 0.0914957 4.97777e-06 -0.000310094 4.0881e-05 4.97777e-06 0.0101253 -0.0184875 7.23528e-06 -0.000310094 -0.0184875 0.0913531 
0.0100103 -0.0183522 2.35921e-05 4.57232e-05 -0.0183522 0.0906247 4.92061e-05 -0.000392229 2.35921e-05 4.92061e-05 0.0100559 -0.0183825 4.57232e-05 -0.000392229 -0.0183825 0.090644 
0.00996153 -0.0182395 3.91726e-06 6.90186e-05 -0.0182395 0.0900789 7.5372e-05 -0.000476219 3.91726e-06 7.5372e-05 0.0100008 -0.018322 6.90186e-05 -0.000476219 -0.018322 0.0902821 
0.00995821 -0.018218 -6.66514e-06 9.09859e-05 -0.018218 0.0899179 9.73991e-05 -0.000540961 -6.66514e-06 9.73991e-05 0.00997649 -0.0182948 9.09859e-05 -0.000540961 -0.0182948 0.0901863 
0.00996436 -0.0182249 -1.18964e-05 0.000106756 -0.0182249 0.0898889 0.00010991 -0.000588021 -1.18964e-05 0.00010991 0.0099561 -0.0182728 0.000106756 -0.000588021 -0.0182728 0.0901232 
0.00997985 -0.0182502 7.53979e-06 0.000111911 -0.0182502 0.0899751 0.000109494 -0.000604176 7.53979e-06 0.000109494 0.00993381 -0.0182697 0.000111911 -0.000604176 -0.0182697 0.090149 
0.00994899 -0.0182328 2.68661e-05 9.02557e-05 -0.0182328 0.0898598 8.18648e-05 -0.000567669 2.68661e-05 8.18648e-05 0.00990471 -0.0182038 9.02557e-05 -0.000567669 -0.0182038 0.0899294 
0.00991328 -0.0181693 4.89423e-05 6.23126e-05 -0.0181693 0.0896075 5.13806e-05 -0.00049288 4.89423e-05 5.13806e-05 0.00987912 -0.0181314 6.23126e-05 -0.00049288 -0.0181314 0.0896048 
0.00991199 -0.0181917 5.57292e-05 3.1055e-05 -0.0181917 0.089745 2.06754e-05 -0.000407741 5.57292e-05 2.06754e-05 0.0099084 -0.0181645 3.1055e-05 -0.000407741 -0.0181645 0.0897342 
0.00989774 -0.0181567 5.48297e-05 1.51278e-05 -0.0181567 0.0896372 1.00112e-05 -0.0003447 5.48297e-05 1.00112e-05 0.00991345 -0.0181637 1.51278e-05 -0.0003447 -0.0181637 0.0896753 
0.00992389 -0.0181537 5.50494e-05 1.0836e-05 -0.0181537 0.0896341 1.43737e-05 -0.000319187 5.50494e-05 1.43737e-05 0.00990341 -0.0181893 1.0836e-05 -0.000319187 -0.0181893 0.0897475 
0.00996881 -0.0182373 5.87151e-05 1.45054e-05 -0.0182373 0.0899506 1.62687e-05 -0.000319926 5.87151e-05 1.62687e-05 0.00992435 -0.018241 1.45054e-05 -0.000319926 -0.018241 0.0900617 
0.00996949 -0.0182845 5.6814e-05 1.795e-05 -0.0182845 0.0901416 9.46568e-06 -0.000322496 5.6814e-05 9.46568e-06 0.00994763 -0.0182558 1.795e-05 -0.000322496 -0.0182558 0.0901886 
0.0099737 -0.0182533 6.34321e-05 2.39878e-05 -0.0182533 0.0900804 7.91358e-06 -0.000326044 6.34321e-05 7.91358e-06 0.00992941 -0.0182603 2.39878e-05 -0.000326044 -0.0182603 0.0901675 
0.00997716 -0.0182335 6.98962e-05 1.44674e-05 -0.0182335 0.0899411 -1.38906e-06 -0.000311337 6.98962e-05 -1.38906e-06 0.00990302 -0.0182217 1.44674e-05 -0.000311337 -0.0182217 0.0900428 
0.00996985 -0.0182289 5.48503e-05 1.45304e-06 -0.0182289 0.0898387 -1.01042e-05 -0.000283623 5.48503e-05 -1.01042e-05 0.00988644 -0.0181748 1.45304e-06 -0.000283623 -0.0181748 0.0898691 
0.00995887 -0.018233 3.85066e-05 1.5799e-05 -0.018233 0.0898406 7.88685e-06 -0.00029288 3.85066e-05 7.88685e-06 0.0098788 -0.0181629 1.5799e-05 -0.00029288 -0.0181629 0.0898041 
0.00996036 -0.0182659 3.03489e-05 3.45976e-05 -0.0182659 0.0900408 3.10275e-05 -0.000335336 3.03489e-05 3.10275e-05 0.00990164 -0.0181959 3.45976e-05 -0.000335336 -0.0181959 0.0899774 
0.00991174 -0.0181869 4.00951e-05 4.32241e-05 -0.0181869 0.0897362 4.69321e-05 -0.000374179 4.00951e-05 4.69321e-05 0.0098844 -0.0181432 4.32241e-05 -0.000374179 -0.0181432 0.0897053 
0.00989581 -0.0181453 4.13009e-05 3.52116e-05 -0.0181453 0.0895985 4.02016e-05 -0.000383227 4.13009e-05 4.02016e-05 0.00988124 -0.0181444 3.52116e-05 -0.000383227 -0.0181444 0.0896582 
0.00990047 -0.0181769 4.70678e-05 3.31508e-05 -0.0181769 0.0897605 3.30999e-05 -0.000373007 4.70678e-05 3.30999e-05 0.00991008 -0.0181922 3.31508e-05 -0.000373007 -0.0181922 0.0898878 
0.00988092 -0.0181258 5.55352e-05 2.33625e-05 -0.0181258 0.0895689 2.09886e-05 -0.000345543 5.55352e-05 2.09886e-05 0.0098926 -0.0181707 2.33625e-05 -0.000345543 -0.0181707 0.0897651 
0.00986695 -0.0180815 5.37528e-05 9.08815e-06 -0.0180815 0.0893521 8.09631e-06 -0.000306492 5.37528e-05 8.09631e-06 0.00986475 -0.0181313 9.08815e-06 -0.000306492 -0.0181313 0.0895875 
0.00984773 -0.0180271 3.1317e-05 1.22381e-05 -0.0180271 0.0890495 9.62504e-06 -0.000292844 3.1317e-05 9.62504e-06 0.00983273 -0.0180627 1.22381e-05 -0.000292844 -0.0180627 0.0892768 
0.00984593 -0.0180293 1.69498e-05 4.18146e-05 -0.0180293 0.0889989 3.6247e-05 -0.000334429 1.69498e-05 3.6247e-05 0.00982309 -0.018046 4.18146e-05 -0.000334429 -0.018046 0.0891842 
0.00987571 -0.0180688 1.28654e-05 6.05336e-05 -0.0180688 0.0891655 5.66095e-05 -0.00038952 1.28654e-05 5.66095e-05 0.0098286 -0.0180711 6.05336e-05 -0.00038952 -0.0180711 0.089307 
0.00992468 -0.0181704 6.68e-06 6.69435e-05 -0.0181704 0.0896105 6.81927e-05 -0.000431023 6.68e-06 6.81927e-05 0.00986871 -0.0181403 6.69435e-05 -0.000431023 -0.0181403 0.0896835 
0.00995311 -0.0182062 1.2569e-06 7.27962e-05 -0.0182062 0.089783 7.70993e-05 -0.000456805 1.2569e-06 7.70993e-05 0.00987019 -0.0181628 7.27962e-05 -0.000456805 -0.0181628 0.0897986 
0.00996727 -0.0182448 -8.31242e-06 8.07024e-05 -0.0182448 0.0899368 8.57968e-05 -0.000482156 -8.31242e-06 8.57968e-05 0.0098857 -0.0181725 8.07024e-05 -0.000482156 -0.0181725 0.0898911 
0.00995639 -0.0182127 3.50554e-06 9.26156e-05 -0.0182127 0.089791 9.86699e-05 -0.000511718 3.50554e-06 9.86699e-05 0.00987092 -0.018141 9.26156e-05 -0.000511718 -0.018141 0.0897174 
0.00992864 -0.018167 3.35573e-06 7.79568e-05 -0.018167 0.0895374 8.31559e-05 -0.000501648 3.35573e-06 8.31559e-05 0.0098601 -0.0180877 7.79568e-05 -0.000501648 -0.0180877 0.089442 
0.00996992 -0.0182656 8.6181e-06 7.85021e-05 -0.0182656 0.0900226 8.20826e-05 -0.000493993 8.6181e-06 8.20826e-05 0.00992826 -0.0182118 7.85021e-05 -0.000493993 -0.0182118 0.0899643 
0.0100019 -0.0183529 1.84095e-05 7.53529e-05 -0.0183529 0.0905125 7.3728e-05 -0.000485965 1.84095e-05 7.3728e-05 0.0100086 -0.018344 7.53529e-05 -0.000485965 -0.018344 0.0905609 
0.0100089 -0.0183807 3.77277e-05 6.67654e-05 -0.0183807 0.0907472 6.36256e-05 -0.00047199 3.77277e-05 6.36256e-05 0.0100712 -0.0184387 6.67654e-05 -0.00047199 -0.0184387 0.0909597 
0.0100019 -0.0183483 4.69239e-05 4.87013e-05 -0.0183483 0.0906734 4.28098e-05 -0.000440426 4.69239e-05 4.28098e-05 0.0100895 -0.0184795 4.87013e-05 -0.000440426 -0.0184795 0.0910808 
0.00999463 -0.0183044 4.22785e-05 3.89031e-05 -0.0183044 0.0904662 2.95905e-05 -0.000407366 4.22785e-05 2.95905e-05 0.0100756 -0.0184722 3.89031e-05 -0.000407366 -0.0184722 0.0910187 
0.00999285 -0.0182664 3.95204e-05 4.46979e-05 -0.0182664 0.0902279 3.322e-05 -0.000401764 3.95204e-05 3.322e-05 0.0100487 -0.0184341 4.46979e-05 -0.000401764 -0.0184341 0.090846 
0.00997032 -0.0182449 4.08706e-05 4.58016e-05 -0.0182449 0.0900227 3.73946e-05 -0.000407758 4.08706e-05 3.73946e-05 0.0100243 -0.0183809 4.58016e-05 -0.000407758 -0.0183809 0.0906108 
0.00992173 -0.0182165 2.02851e-05 3.93174e-05 -0.0182165 0.089877 3.63716e-05 -0.000400926 2.02851e-05 3.63716e-05 0.0100356 -0.0183466 3.93174e-05 -0.000400926 -0.0183466 0.0904342 
0.00990246 -0.018188 1.40027e-05 6.02335e-05 -0.018188 0.0898631 6.25787e-05 -0.00043137 1.40027e-05 6.25787e-05 0.0100532 -0.0183913 6.02335e-05 -0.00043137 -0.0183913 0.0905257 
0.0099112 -0.0182065 1.01836e-05 6.7243e-05 -0.0182065 0.0900243 7.48552e-05 -0.000466996 1.01836e-05 7.48552e-05 0.0100765 -0.0184599 6.7243e-05 -0.000466996 -0.0184599 0.0908297 
0.00993832 -0.0181828 1.40614e-05 7.28155e-05 -0.0181828 0.0899514 8.44992e-05 -0.000493098 1.40614e-05 8.44992e-05 0.0100379 -0.0184521 7.28155e-05 -0.000493098 -0.0184521 0.0908329 
0.00996839 -0.018194 1.91022e-05 6.8553e-05 -0.018194 0.0898664 8.20539e-05 -0.000499751 1.91022e-05 8.20539e-05 0.00998094 -0.0183801 6.8553e-05 -0.000499751 -0.0183801 0.0906398 
0.0100179 -0.0182685 2.62218e-05 6.36925e-05 -0.0182685 0.0900627 7.33763e-05 -0.000488569 2.62218e-05 7.33763e-05 0.00994296 -0.0183303 6.36925e-05 -0.000488569 -0.0183303 0.0905559 
0.0100446 -0.0183634 4.25305e-05 5.7526e-05 -0.0183634 0.0904018 6.0511e-05 -0.000468699 4.25305e-05 6.0511e-05 0.0099507 -0.0183051 5.7526e-05 -0.000468699 -0.0183051 0.0905669 
0.0100378 -0.0183671 3.09057e-05 4.07573e-05 -0.0183671 0.0904505 3.72664e-05 -0.000428857 3.09057e-05 3.72664e-05 0.00995131 -0.0182771 4.07573e-05 -0.000428857 -0.0182771 0.0904174 
0.0100029 -0.0183346 2.53931e-05 5.08131e-05 -0.0183346 0.0903391 4.52226e-05 -0.00041676 2.53931e-05 4.52226e-05 0.00996435 -0.018261 5.08131e-05 -0.00041676 -0.018261 0.0902746 
0.00997312 -0.0182836 2.74953e-05 5.94083e-05 -0.0182836 0.0901876 5.45818e-05 -0.000433553 2.74953e-05 5.45818e-05 0.00996907 -0.018282 5.94083e-05 -0.000433553 -0.018282 0.0902508 
0.00995486 -0.0182364 3.73367e-05 5.60776e-05 -0.0182364 0.0900089 5.02789e-05 -0.000433809 3.73367e-05 5.02789e-05 0.00995865 -0.0182828 5.60776e-05 -0.000433809 -0.0182828 0.0902211 
0.00993295 -0.01819 4.92057e-05 4.14899e-05 -0.01819 0.089785 3.28636e-05 -0.000400883 4.92057e-05 3.28636e-05 0.00994362 -0.0182513 4.14899e-05 -0.000400883 -0.0182513 0.0900873 
0.00991992 -0.0181956 5.25809e-05 2.70054e-05 -0.0181956 0.0898081 1.83012e-05 -0.000362326 5.25809e-05 1.83012e-05 0.00995276 -0.0182684 2.70054e-05 -0.000362326 -0.0182684 0.0901634 
0.00989477 -0.0181768 5.22146e-05 1.90584e-05 -0.0181768 0.0897795 1.64393e-05 -0.000338112 5.22146e-05 1.64393e-05 0.00995701 -0.0182736 1.90584e-05 -0.000338112 -0.0182736 0.0901886 
0.00988529 -0.0181558 4.96671e-05 1.81511e-05 -0.0181558 0.0897688 1.95149e-05 -0.000331663 4.96671e-05 1.95149e-05 0.00997278 -0.0182892 1.81511e-05 -0.000331663 -0.0182892 0.0902616 
0.00987982 -0.0181177 5.81414e-05 2.07935e-05 -0.0181177 0.089619 2.1879e-05 -0.000332662 5.81414e-05 2.1879e-05 0.00996547 -0.0182804 2.07935e-05 -0.000332662 -0.0182804 0.0901893 
0.00990296 -0.0181046 6.91619e-05 1.13259e-05 -0.0181046 0.0895203 8.78009e-06 -0.000315217 6.91619e-05 8.78009e-06 0.00992078 -0.0182678 1.13259e-05 -0.000315217 -0.0182678 0.0901242 
0.0098999 -0.0181004 7.9511e-05 -4.73993e-06 -0.0181004 0.0893587 -8.42779e-06 -0.000274005 7.9511e-05 -8.42779e-06 0.00986588 -0.0181773 -4.73993e-06 -0.000274005 -0.0181773 0.0898346 
0.00987708 -0.0180525 7.0665e-05 -2.21473e-05 -0.0180525 0.0890521 -2.56468e-05 -0.00022168 7.0665e-05 -2.56468e-05 0.00980469 -0.018053 -2.21473e-05 -0.00022168 -0.018053 0.0893222 
0.00984264 -0.017985 6.81399e-05 -1.31163e-05 -0.017985 0.088665 -1.77568e-05 -0.000207809 6.81399e-05 -1.77568e-05 0.0097454 -0.0179361 -1.31163e-05 -0.000207809 -0.0179361 0.0887703 
0.00983972 -0.0180063 4.67562e-05 -6.07468e-06 -0.0180063 0.0887226 -1.10025e-05 -0.000223456 4.67562e-05 -1.10025e-05 0.00974564 -0.0179274 -6.07468e-06 -0.000223456 -0.0179274 0.0887228 
0.00985725 -0.0180473 3.46813e-05 1.75875e-05 -0.0180473 0.0889577 1.83541e-05 -0.000271928 3.46813e-05 1.83541e-05 0.00977107 -0.0179786 1.75875e-05 -0.000271928 -0.0179786 0.0889438 
0.00986032 -0.0180638 3.17538e-05 3.22375e-05 -0.0180638 0.0890686 3.79493e-05 -0.000324519 3.17538e-05 3.79493e-05 0.00979124 -0.0180063 3.22375e-05 -0.000324519 -0.0180063 0.0890764 
0.00986445 -0.0180978 3.61113e-05 3.39049e-05 -0.0180978 0.0892746 4.13879e-05 -0.000348074 3.61113e-05 4.13879e-05 0.00982872 -0.0180617 3.39049e-05 -0.000348074 -0.0180617 0.0893286 
0.00986303 -0.0180773 3.33373e-05 2.92156e-05 -0.0180773 0.0892594 3.31457e-05 -0.000341705 3.33373e-05 3.31457e-05 0.00983475 -0.0180879 2.92156e-05 -0.000341705 -0.0180879 0.089413 
0.00987539 -0.0180867 2.90706e-05 3.57895e-05 -0.0180867 0.0893071 3.5014e-05 -0.00034375 2.90706e-05 3.5014e-05 0.00984422 -0.0181063 3.57895e-05 -0.00034375 -0.0181063 0.0895206 
0.00987796 -0.0181024 2.19228e-05 4.43562e-05 -0.0181024 0.0893567 3.91922e-05 -0.000359161 2.19228e-05 3.91922e-05 0.00986439 -0.0181129 4.43562e-05 -0.000359161 -0.0181129 0.0895664 
0.0098535 -0.0180679 2.15098e-05 5.08624e-05 -0.0180679 0.089209 4.36529e-05 -0.00037041 2.15098e-05 4.36529e-05 0.00987656 -0.0181062 5.08624e-05 -0.00037041 -0.0181062 0.0894631 
0.00986005 -0.0180416 1.85723e-05 5.04334e-05 -0.0180416 0.0891234 4.16668e-05 -0.000370694 1.85723e-05 4.16668e-05 0.0098816 -0.0181387 5.04334e-05 -0.000370694 -0.0181387 0.0895118 
0.00988453 -0.0180783 2.34453e-05 4.91486e-05 -0.0180783 0.0892384 4.16577e-05 -0.000362505 2.34453e-05 4.16577e-05 0.00988981 -0.0181784 4.91486e-05 -0.000362505 -0.0181784 0.0897033 
0.00992361 -0.018161 3.45611e-05 4.33509e-05 -0.018161 0.089594 3.86684e-05 -0.000354541 3.45611e-05 3.86684e-05 0.00992577 -0.0182362 4.33509e-05 -0.000354541 -0.0182362 0.0900378 
0.00994764 -0.0182024 2.57123e-05 3.45394e-05 -0.0182024 0.0897936 3.18322e-05 -0.00034662 2.57123e-05 3.18322e-05 0.00992777 -0.018268 3.45394e-05 -0.00034662 -0.018268 0.0901986 
0.00995441 -0.018183 2.39463e-06 4.64176e-05 -0.018183 0.0896874 4.56131e-05 -0.000364428 2.39463e-06 4.56131e-05 0.00989985 -0.0182211 4.64176e-05 -0.000364428 -0.0182211 0.0900368 
0.00993207 -0.0181672 -4.55873e-06 7.4818e-05 -0.0181672 0.0895316 7.55136e-05 -0.000421708 -4.55873e-06 7.55136e-05 0.0098789 -0.0181598 7.4818e-05 -0.000421708 -0.0181598 0.0897802 
0.00991272 -0.0181758 8.67281e-06 8.63459e-05 -0.0181758 0.089589 8.77847e-05 -0.000473224 8.67281e-06 8.77847e-05 0.00990428 -0.0181654 8.63459e-05 -0.000473224 -0.0181654 0.0897813 
0.00989434 -0.0181137 2.40489e-05 6.99645e-05 -0.0181137 0.0893902 7.37857e-05 -0.000469329 2.40489e-05 7.37857e-05 0.00989271 -0.0181633 6.99645e-05 -0.000469329 -0.0181633 0.0896628 
0.00991021 -0.0181649 4.75954e-05 4.92287e-05 -0.0181649 0.0896318 5.52695e-05 -0.00043159 4.75954e-05 5.52695e-05 0.00991937 -0.0182321 4.92287e-05 -0.00043159 -0.0182321 0.089989 
0.00990015 -0.0181183 6.80615e-05 1.80453e-05 -0.0181183 0.0894551 2.07469e-05 -0.000357633 6.80615e-05 2.07469e-05 0.00989764 -0.018201 1.80453e-05 -0.000357633 -0.018201 0.0898679 
0.00992949 -0.0181577 6.11699e-05 -5.76289e-06 -0.0181577 0.0896126 -9.92749e-06 -0.000281115 6.11699e-05 -9.92749e-06 0.0099062 -0.0182257 -5.76289e-06 -0.000281115 -0.0182257 0.0900269 
0.00990088 -0.0181137 6.29817e-05 4.77401e-06 -0.0181137 0.0893519 -4.7317e-06 -0.00025924 6.29817e-05 -4.7317e-06 0.0098831 -0.0181554 4.77401e-06 -0.00025924 -0.0181554 0.0897173 
0.0098895 -0.0180868 5.28036e-05 6.59325e-06 -0.0180868 0.0892167 -8.60898e-06 -0.000257786 5.28036e-05 -8.60898e-06 0.0098659 -0.0181352 6.59325e-06 -0.000257786 -0.0181352 0.0895739 
0.00991679 -0.0181086 2.27637e-05 1.89712e-05 -0.0181086 0.0893144 2.14922e-06 -0.00027298 2.27637e-05 2.14922e-06 0.00985743 -0.0181626 1.89712e-05 -0.00027298 -0.0181626 0.089701 
0.00995062 -0.0182101 8.31681e-06 5.08664e-05 -0.0182101 0.0897462 3.83578e-05 -0.000331659 8.31681e-06 3.83578e-05 0.00989634 -0.0182229 5.08664e-05 -0.000331659 -0.0182229 0.0900899 
0.00997044 -0.018233 1.59118e-05 6.58969e-05 -0.018233 0.0899074 6.18706e-05 -0.000391557 1.59118e-05 6.18706e-05 0.00989918 -0.0182387 6.58969e-05 -0.000391557 -0.0182387 0.0902009 
0.00993677 -0.0181791 3.01594e-05 5.09754e-05 -0.0181791 0.0896238 5.48636e-05 -0.000393455 3.01594e-05 5.48636e-05 0.00986196 -0.0181531 5.09754e-05 -0.000393455 -0.0181531 0.0898384 
0.00989814 -0.0181125 3.08748e-05 2.86296e-05 -0.0181125 0.0893112 3.58883e-05 -0.000350573 3.08748e-05 3.58883e-05 0.00982351 -0.018083 2.86296e-05 -0.000350573 -0.018083 0.0894838 
0.00984934 -0.0180151 2.4506e-05 2.99184e-05 -0.0180151 0.0888463 3.31374e-05 -0.00032651 2.4506e-05 3.31374e-05 0.00977945 -0.0179867 2.99184e-05 -0.00032651 -0.0179867 0.0890083 
0.00981918 -0.0179453 3.53214e-05 3.56304e-05 -0.0179453 0.0885025 3.59035e-05 -0.000322587 3.53214e-05 3.59035e-05 0.00974212 -0.0179349 3.56304e-05 -0.000322587 -0.0179349 0.0887035 
0.00981539 -0.0179346 4.34658e-05 2.49892e-05 -0.0179346 0.0884174 2.30435e-05 -0.000306874 4.34658e-05 2.30435e-05 0.00973915 -0.017922 2.49892e-05 -0.000306874 -0.017922 0.0886432 
0.00980163 -0.0179532 4.9493e-05 1.42722e-05 -0.0179532 0.0884794 1.11482e-05 -0.000278551 4.9493e-05 1.11482e-05 0.00975477 -0.0179396 1.42722e-05 -0.000278551 -0.0179396 0.0887093 
0.00977587 -0.0179173 6.42784e-05 5.63415e-06 -0.0179173 0.088382 1.75956e-06 -0.000249454 6.42784e-05 1.75956e-06 0.00975243 -0.0179377 5.63415e-06 -0.000249454 -0.0179377 0.0886622 
0.00976717 -0.0179157 5.71183e-05 -1.18375e-05 -0.0179157 0.0884265 -1.43842e-05 -0.000213023 5.71183e-05 -1.43842e-05 0.00976357 -0.0179604 -1.18375e-05 -0.000213023 -0.0179604 0.0887669 
0.00976578 -0.0179073 5.35488e-05 -5.83793e-06 -0.0179073 0.0884371 -3.85335e-06 -0.000208461 5.35488e-05 -3.85335e-06 0.00976769 -0.0179673 -5.83793e-06 -0.000208461 -0.0179673 0.0888107 
0.0097656 -0.0178952 3.89945e-05 -3.17224e-06 -0.0178952 0.0883978 3.25739e-06 -0.000219206 3.89945e-05 3.25739e-06 0.00976372 -0.0179627 -3.17224e-06 -0.000219206 -0.0179627 0.0887905 
0.00974676 -0.017854 3.54105e-05 1.08078e-05 -0.017854 0.0881791 1.85936e-05 -0.00024197 3.54105e-05 1.85936e-05 0.00974481 -0.0179146 1.08078e-05 -0.00024197 -0.0179146 0.088563 
0.00976593 -0.0178951 4.37264e-05 1.70137e-05 -0.0178951 0.0883608 2.31058e-05 -0.000262905 4.37264e-05 2.31058e-05 0.0097625 -0.017955 1.70137e-05 -0.000262905 -0.017955 0.0887351 
0.0097839 -0.0179319 5.07851e-05 7.50741e-06 -0.0179319 0.0885476 9.76657e-06 -0.000250782 5.07851e-05 9.76657e-06 0.00978623 -0.0179914 7.50741e-06 -0.000250782 -0.0179914 0.0889179 
0.00982558 -0.0179577 3.23238e-05 4.58964e-07 -0.0179577 0.0886879 -2.30019e-06 -0.000226038 3.23238e-05 -2.30019e-06 0.00978176 -0.0180259 4.58964e-07 -0.000226038 -0.0180259 0.0890713 
0.00984893 -0.0180036 1.89495e-05 2.69406e-05 -0.0180036 0.0888145 1.75886e-05 -0.000252298 1.89495e-05 1.75886e-05 0.0097753 -0.018025 2.69406e-05 -0.000252298 -0.018025 0.0891482 
0.00983657 -0.0180158 1.62054e-05 4.63012e-05 -0.0180158 0.0888378 3.594e-05 -0.000300872 1.62054e-05 3.594e-05 0.00977266 -0.0179999 4.63012e-05 -0.000300872 -0.0179999 0.0890837 
0.00978614 -0.0179406 1.35126e-05 5.22198e-05 -0.0179406 0.0885327 4.31347e-05 -0.00033463 1.35126e-05 4.31347e-05 0.00974382 -0.0179423 5.22198e-05 -0.00033463 -0.0179423 0.0887809 
0.00973798 -0.0178477 2.21793e-05 5.27215e-05 -0.0178477 0.0881403 4.39389e-05 -0.000343228 2.21793e-05 4.39389e-05 0.00970683 -0.0178766 5.27215e-05 -0.000343228 -0.0178766 0.0884451 
0.00973622 -0.0178611 2.30874e-05 3.97009e-05 -0.0178611 0.0882233 3.36452e-05 -0.000325861 2.30874e-05 3.36452e-05 0.00972894 -0.0179008 3.97009e-05 -0.000325861 -0.0179008 0.0885728 
0.00973267 -0.017844 1.40191e-05 3.04165e-05 -0.017844 0.0881833 3.24117e-05 -0.000301846 1.40191e-05 3.24117e-05 0.00973549 -0.0179065 3.04165e-05 -0.000301846 -0.0179065 0.0885745 
0.00975918 -0.0178579 2.17773e-05 3.55664e-05 -0.0178579 0.0882547 4.61928e-05 -0.000304932 2.17773e-05 4.61928e-05 0.0097367 -0.017935 3.55664e-05 -0.000304932 -0.017935 0.0886887 
0.00977743 -0.0178877 3.92508e-05 2.27995e-05 -0.0178877 0.0883227 3.68364e-05 -0.000289774 3.92508e-05 3.68364e-05 0.00973519 -0.0179303 2.27995e-05 -0.000289774 -0.0179303 0.0887137 
0.0097626 -0.0179038 5.65019e-05 8.73789e-07 -0.0179038 0.0883597 1.54548e-05 -0.000245673 5.65019e-05 1.54548e-05 0.00973979 -0.0179215 8.73789e-07 -0.000245673 -0.0179215 0.0886838 
0.00977006 -0.0178992 5.30778e-05 -1.52781e-05 -0.0178992 0.08841 -4.80688e-06 -0.000201795 5.30778e-05 -4.80688e-06 0.00973044 -0.0179369 -1.52781e-05 -0.000201795 -0.0179369 0.0887305 
0.00975507 -0.0178988 4.4354e-05 -7.31393e-06 -0.0178988 0.0883943 -1.51474e-06 -0.000193949 4.4354e-05 -1.51474e-06 0.00973775 -0.0179143 -7.31393e-06 -0.000193949 -0.0179143 0.0886843 
0.00972692 -0.0177964 3.74986e-05 9.5199e-06 -0.0177964 0.0879393 8.46043e-06 -0.000219255 3.74986e-05 8.46043e-06 0.00967997 -0.017828 9.5199e-06 -0.000219255 -0.017828 0.0882171 
0.00971648 -0.0177503 2.73236e-05 1.92329e-05 -0.0177503 0.0876168 1.31684e-05 -0.000242412 2.73236e-05 1.31684e-05 0.00963492 -0.0177451 1.92329e-05 -0.000242412 -0.0177451 0.0878344 
0.00973453 -0.017814 4.06952e-05 3.33315e-05 -0.017814 0.0878282 2.33363e-05 -0.000269255 4.06952e-05 2.33363e-05 0.00965276 -0.017768 3.33315e-05 -0.000269255 -0.017768 0.0879499 
0.00975204 -0.0178641 4.35871e-05 1.88482e-05 -0.0178641 0.088089 5.85302e-06 -0.000257928 4.35871e-05 5.85302e-06 0.00967626 -0.0178169 1.88482e-05 -0.000257928 -0.0178169 0.0881648 
0.00972891 -0.0178749 4.42415e-05 1.09835e-05 -0.0178749 0.0881841 6.45565e-07 -0.000233704 4.42415e-05 6.45565e-07 0.00971025 -0.0178385 1.09835e-05 -0.000233704 -0.0178385 0.0882703 
0.00973863 -0.0178662 4.80365e-05 8.2407e-06 -0.0178662 0.0882773 4.99088e-06 -0.000227216 4.80365e-05 4.99088e-06 0.00973358 -0.0178969 8.2407e-06 -0.000227216 -0.0178969 0.0884701 
0.00976593 -0.0178713 6.22579e-05 3.29853e-07 -0.0178713 0.0883107 5.29793e-06 -0.000221225 6.22579e-05 5.29793e-06 0.00972731 -0.0179259 3.29853e-07 -0.000221225 -0.0179259 0.0886065 
0.00978211 -0.0178531 4.47716e-05 -1.46328e-05 -0.0178531 0.088127 -7.1588e-06 -0.000202327 4.47716e-05 -7.1588e-06 0.00967344 -0.0178632 -1.46328e-05 -0.000202327 -0.0178632 0.0883847 
0.00978652 -0.0179183 2.12743e-05 7.86741e-06 -0.0179183 0.0882883 1.20484e-05 -0.00022533 2.12743e-05 1.20484e-05 0.00969301 -0.01783 7.86741e-06 -0.00022533 -0.01783 0.0883509 
0.00981589 -0.0179831 9.76553e-06 4.18713e-05 -0.0179831 0.0886607 4.13046e-05 -0.000294579 9.76553e-06 4.13046e-05 0.00973681 -0.0179102 4.18713e-05 -0.000294579 -0.0179102 0.0886509 
0.00983071 -0.0179971 1.14021e-05 5.77006e-05 -0.0179971 0.088778 5.48383e-05 -0.00034937 1.14021e-05 5.48383e-05 0.00975494 -0.0179528 5.77006e-05 -0.00034937 -0.0179528 0.0888183 
0.00984038 -0.0180314 1.01221e-05 5.6988e-05 -0.0180314 0.0889487 5.27936e-05 -0.000368002 1.01221e-05 5.27936e-05 0.00980065 -0.0180035 5.6988e-05 -0.000368002 -0.0180035 0.0890581 
0.00981844 -0.0180243 1.78235e-05 5.75581e-05 -0.0180243 0.088962 5.28946e-05 -0.000371007 1.78235e-05 5.28946e-05 0.0098464 -0.018049 5.75581e-05 -0.000371007 -0.018049 0.0891923 
0.00978279 -0.0179291 3.44353e-05 4.66577e-05 -0.0179291 0.0885947 4.26432e-05 -0.000354306 3.44353e-05 4.26432e-05 0.00983152 -0.0180449 4.66577e-05 -0.000354306 -0.0180449 0.089037 
0.00976737 -0.0179244 3.30075e-05 2.37127e-05 -0.0179244 0.088556 2.3625e-05 -0.000312765 3.30075e-05 2.3625e-05 0.00985421 -0.0180734 2.37127e-05 -0.000312765 -0.0180734 0.0891571 
0.00977707 -0.0179384 4.15779e-05 2.47137e-05 -0.0179384 0.0886796 2.9112e-05 -0.000300422 4.15779e-05 2.9112e-05 0.00987327 -0.0181363 2.47137e-05 -0.000300422 -0.0181363 0.0894136 
0.00982493 -0.0179601 4.60383e-05 1.58203e-05 -0.0179601 0.0888052 2.59503e-05 -0.000297048 4.60383e-05 2.59503e-05 0.00985753 -0.0181707 1.58203e-05 -0.000297048 -0.0181707 0.0896151 
0.00989328 -0.0180503 4.60481e-05 1.17831e-05 -0.0180503 0.0891057 2.47599e-05 -0.000295243 4.60481e-05 2.47599e-05 0.00984146 -0.0181744 1.17831e-05 -0.000295243 -0.0181744 0.0897965 
0.00990174 -0.0180906 5.55417e-05 1.30446e-05 -0.0180906 0.0891551 2.47408e-05 -0.000298488 5.55417e-05 2.47408e-05 0.00982727 -0.0180954 1.30446e-05 -0.000298488 -0.0180954 0.0895695 
0.00991582 -0.0181163 5.51153e-05 4.86061e-06 -0.0181163 0.089264 1.05283e-05 -0.000285639 5.51153e-05 1.05283e-05 0.00982818 -0.0180856 4.86061e-06 -0.000285639 -0.0180856 0.0894875 
0.00994127 -0.018165 4.04786e-05 6.45315e-06 -0.018165 0.089476 9.46877e-06 -0.000279571 4.04786e-05 9.46877e-06 0.0098491 -0.0181105 6.45315e-06 -0.000279571 -0.0181105 0.0895885 
0.00995834 -0.0182199 2.55134e-05 2.4983e-05 -0.0182199 0.0897332 2.93042e-05 -0.000310356 2.55134e-05 2.93042e-05 0.00988116 -0.0181602 2.4983e-05 -0.000310356 -0.0181602 0.0897959 
0.0099651 -0.0182845 2.26162e-05 4.45324e-05 -0.0182845 0.0900985 5.13799e-05 -0.000363205 2.26162e-05 5.13799e-05 0.00993101 -0.0182463 4.45324e-05 -0.000363205 -0.0182463 0.090182 
0.00992061 -0.0181973 3.11253e-05 4.57802e-05 -0.0181973 0.089807 5.31023e-05 -0.000383976 3.11253e-05 5.31023e-05 0.00991543 -0.0182111 4.57802e-05 -0.000383976 -0.0182111 0.0899822 
0.00988788 -0.0181316 1.34375e-05 3.67383e-05 -0.0181316 0.0895465 3.98118e-05 -0.000370775 1.34375e-05 3.98118e-05 0.00989975 -0.0181873 3.67383e-05 -0.000370775 -0.0181873 0.0898357 
0.00985226 -0.0180442 1.71671e-06 5.84689e-05 -0.0180442 0.0891317 5.77969e-05 -0.000388627 1.71671e-06 5.77969e-05 0.00985256 -0.0181138 5.84689e-05 -0.000388627 -0.0181138 0.0894804 
0.00980683 -0.0179813 9.9956e-06 7.46815e-05 -0.0179813 0.0887838 7.45172e-05 -0.000429594 9.9956e-06 7.45172e-05 0.00982976 -0.0180364 7.46815e-05 -0.000429594 -0.0180364 0.0891289 
0.00977884 -0.0179125 1.19941e-05 6.22788e-05 -0.0179125 0.0884759 6.59066e-05 -0.000429221 1.19941e-05 6.59066e-05 0.00979457 -0.0179926 6.22788e-05 -0.000429221 -0.0179926 0.0888447 
0.00977658 -0.017949 1.25746e-05 5.38294e-05 -0.017949 0.0886308 5.71391e-05 -0.00040356 1.25746e-05 5.71391e-05 0.00981133 -0.0180264 5.38294e-05 -0.00040356 -0.0180264 0.0890203 
0.009814 -0.0179665 2.282e-05 5.14075e-05 -0.0179665 0.0888042 5.38713e-05 -0.000384117 2.282e-05 5.38713e-05 0.00979588 -0.018073 5.14075e-05 -0.000384117 -0.018073 0.089252 
0.00980224 -0.0179852 3.02309e-05 3.53885e-05 -0.0179852 0.0888209 3.85022e-05 -0.000347614 3.02309e-05 3.85022e-05 0.00978865 -0.018025 3.53885e-05 -0.000347614 -0.018025 0.0891934 
0.00978655 -0.0179348 3.60967e-05 2.41603e-05 -0.0179348 0.0886297 2.89453e-05 -0.000311662 3.60967e-05 2.89453e-05 0.00975276 -0.0179683 2.41603e-05 -0.000311662 -0.0179683 0.0889284 
0.0097544 -0.0178644 4.95326e-05 1.67862e-05 -0.0178644 0.0882569 2.03999e-05 -0.000283452 4.95326e-05 2.03999e-05 0.00970728 -0.0178704 1.67862e-05 -0.000283452 -0.0178704 0.0884854 
0.00972151 -0.0178331 4.87152e-05 3.78674e-06 -0.0178331 0.0880619 4.46571e-06 -0.00025202 4.87152e-05 4.46571e-06 0.00969258 -0.0178162 3.78674e-06 -0.00025202 -0.0178162 0.0882146 
