0.00666982 0 6.95116e-05 0 0 0.00941067 0 0 6.95116e-05 0 0.00658035 0 0 0 0 0.00941067 
0.00975828 -0.0121096 8.01889e-05 -9.61352e-05 -0.0121096 0.0321531 -9.61352e-05 0.000184246 8.01889e-05 -9.61352e-05 0.00966902 -0.0120034 -9.61352e-05 0.000184246 -0.0120034 0.0319497 
0.0091684 -0.0170572 2.85257e-05 -3.70941e-05 -0.0170572 0.0628907 -3.70941e-05 9.57345e-05 2.85257e-05 -3.70941e-05 0.00915875 -0.0170665 -3.70941e-05 9.57345e-05 -0.0170665 0.0629589 
0.00864586 -0.0166479 1.18167e-05 8.54695e-05 -0.0166479 0.0746257 7.88666e-05 -0.000444618 1.18167e-05 7.88666e-05 0.00870423 -0.0168699 8.54695e-05 -0.000444618 -0.0168699 0.0757331 
0.00912909 -0.0169619 8.53125e-06 0.000104474 -0.0169619 0.0817318 9.11053e-05 -0.000733699 8.53125e-06 9.11053e-05 0.00915751 -0.0172614 0.000104474 -0.000733699 -0.0172614 0.083472 
0.00890933 -0.0162754 2.10377e-05 7.04767e-05 -0.0162754 0.0797215 5.68894e-05 -0.000600657 2.10377e-05 5.68894e-05 0.00889449 -0.0164663 7.04767e-05 -0.000600657 -0.0164663 0.0811651 
0.00939457 -0.0171068 3.56365e-05 3.51199e-05 -0.0171068 0.0840337 2.4785e-05 -0.000434875 3.56365e-05 2.4785e-05 0.00934607 -0.0172177 3.51199e-05 -0.000434875 -0.0172177 0.0851063 
0.00920442 -0.0167302 4.9543e-05 1.32778e-05 -0.0167302 0.082289 4.32415e-06 -0.000288015 4.9543e-05 4.32415e-06 0.00911252 -0.0167937 1.32778e-05 -0.000288015 -0.0167937 0.0830422 
0.0096924 -0.0176323 5.21798e-05 -3.16024e-06 -0.0176323 0.0867237 -1.3184e-05 -0.000217286 5.21798e-05 -1.3184e-05 0.00959955 -0.0176473 -3.16024e-06 -0.000217286 -0.0176473 0.0873178 
0.00955068 -0.0173629 5.35432e-05 6.0106e-07 -0.0173629 0.0854134 -8.32138e-06 -0.000193177 5.35432e-05 -8.32138e-06 0.00943896 -0.0173833 6.0106e-07 -0.000193177 -0.0173833 0.0859346 
0.00945087 -0.0172061 4.74239e-05 7.64326e-07 -0.0172061 0.0846012 -5.69537e-06 -0.000196017 4.74239e-05 -5.69537e-06 0.00935413 -0.0172079 7.64326e-07 -0.000196017 -0.0172079 0.0850879 
0.00941967 -0.0171768 4.15146e-05 3.4123e-06 -0.0171768 0.0844777 8.48077e-07 -0.000203622 4.15146e-05 8.48077e-07 0.00934564 -0.0171933 3.4123e-06 -0.000203622 -0.0171933 0.0849709 
0.00937235 -0.0171219 2.57716e-05 1.11376e-05 -0.0171219 0.0842625 1.16335e-05 -0.000224172 2.57716e-05 1.16335e-05 0.00933128 -0.0171611 1.11376e-05 -0.000224172 -0.0171611 0.084793 
0.0093556 -0.0170491 1.69236e-06 3.20792e-05 -0.0170491 0.0839932 3.56148e-05 -0.000271462 1.69236e-06 3.56148e-05 0.00929208 -0.0171233 3.20792e-05 -0.000271462 -0.0171233 0.0845859 
0.00934911 -0.0170195 -5.10668e-06 5.88135e-05 -0.0170195 0.0837925 6.43535e-05 -0.000334038 -5.10668e-06 6.43535e-05 0.00925886 -0.0170672 5.88135e-05 -0.000334038 -0.0170672 0.0843715 
0.00936746 -0.0170655 -6.30824e-06 6.49543e-05 -0.0170655 0.0839456 7.12492e-05 -0.000369198 -6.30824e-06 7.12492e-05 0.00927633 -0.017071 6.49543e-05 -0.000369198 -0.017071 0.0844277 
0.00935744 -0.0170883 -9.82769e-06 6.45741e-05 -0.0170883 0.0840562 6.93646e-05 -0.000373732 -9.82769e-06 6.93646e-05 0.00930051 -0.017097 6.45741e-05 -0.000373732 -0.017097 0.0845023 
0.0093777 -0.0171324 -7.15747e-06 6.98283e-05 -0.0171324 0.0843709 7.07999e-05 -0.000376611 -7.15747e-06 7.07999e-05 0.00934612 -0.017197 6.98283e-05 -0.000376611 -0.017197 0.0849153 
0.0094161 -0.0171683 -1.03856e-05 7.0488e-05 -0.0171683 0.0846153 7.00848e-05 -0.000382323 -1.03856e-05 7.00848e-05 0.00936934 -0.0172759 7.0488e-05 -0.000382323 -0.0172759 0.0852963 
0.0094489 -0.0172247 -1.23738e-05 7.24627e-05 -0.0172247 0.0848567 7.25055e-05 -0.000385567 -1.23738e-05 7.25055e-05 0.00939282 -0.0173201 7.24627e-05 -0.000385567 -0.0173201 0.0855877 
0.00944769 -0.0172185 2.08245e-06 7.19406e-05 -0.0172185 0.0848064 7.39329e-05 -0.000384702 2.08245e-06 7.39329e-05 0.00938304 -0.0172965 7.19406e-05 -0.000384702 -0.0172965 0.0855126 
0.00943444 -0.0171656 2.09933e-05 5.29414e-05 -0.0171656 0.0845303 5.52552e-05 -0.000353223 2.09933e-05 5.52552e-05 0.0093466 -0.0172317 5.29414e-05 -0.000353223 -0.0172317 0.0852042 
0.00942486 -0.0171597 4.48638e-05 2.88442e-05 -0.0171597 0.0844251 3.1193e-05 -0.000297855 4.48638e-05 3.1193e-05 0.00933013 -0.0171917 2.88442e-05 -0.000297855 -0.0171917 0.085025 
0.00946265 -0.0172434 5.24559e-05 -2.47497e-06 -0.0172434 0.0848164 1.46616e-06 -0.000226134 5.24559e-05 1.46616e-06 0.00936694 -0.0172586 -2.47497e-06 -0.000226134 -0.0172586 0.0853479 
0.00945347 -0.0172571 5.41504e-05 -1.25024e-05 -0.0172571 0.0849005 -4.80753e-06 -0.000184551 5.41504e-05 -4.80753e-06 0.00938598 -0.017267 -1.25024e-05 -0.000184551 -0.017267 0.0853892 
0.00940437 -0.0171785 5.03635e-05 -1.67775e-05 -0.0171785 0.0845894 -4.77501e-06 -0.000167286 5.03635e-05 -4.77501e-06 0.00937209 -0.0172204 -1.67775e-05 -0.000167286 -0.0172204 0.0851046 
0.0093635 -0.0171158 5.44238e-05 -1.00456e-05 -0.0171158 0.084338 2.07907e-06 -0.000175329 5.44238e-05 2.07907e-06 0.00936036 -0.0172002 -1.00456e-05 -0.000175329 -0.0172002 0.0849355 
0.00934127 -0.0170546 5.70082e-05 -1.1912e-05 -0.0170546 0.0840923 -5.11618e-06 -0.000175016 5.70082e-05 -5.11618e-06 0.00932822 -0.0171757 -1.1912e-05 -0.000175016 -0.0171757 0.0847807 
0.00933653 -0.0170264 5.90905e-05 -1.30622e-05 -0.0170264 0.0839378 -1.4328e-05 -0.000162348 5.90905e-05 -1.4328e-05 0.00929407 -0.0171376 -1.30622e-05 -0.000162348 -0.0171376 0.0846499 
0.00934693 -0.0170006 4.65133e-05 -1.45038e-05 -0.0170006 0.0837693 -2.26935e-05 -0.000145887 4.65133e-05 -2.26935e-05 0.00925416 -0.0170808 -1.45038e-05 -0.000145887 -0.0170808 0.0844391 
0.00933564 -0.0169901 1.14533e-05 2.69472e-06 -0.0169901 0.0836005 -9.17186e-06 -0.000161629 1.14533e-05 -9.17186e-06 0.00921803 -0.0170103 2.69472e-06 -0.000161629 -0.0170103 0.0841589 
0.0093063 -0.0169512 4.1902e-07 4.47067e-05 -0.0169512 0.0833635 3.21592e-05 -0.00023342 4.1902e-07 3.21592e-05 0.00918603 -0.0169295 4.47067e-05 -0.00023342 -0.0169295 0.0837925 
0.00930145 -0.0169316 -4.0269e-06 6.12431e-05 -0.0169316 0.0832654 4.98259e-05 -0.000298617 -4.0269e-06 4.98259e-05 0.00917116 -0.0169022 6.12431e-05 -0.000298617 -0.0169022 0.0836272 
0.00935187 -0.0170206 -6.01376e-06 6.63211e-05 -0.0170206 0.0836678 5.44199e-05 -0.000328552 -6.01376e-06 5.44199e-05 0.00919779 -0.0169776 6.63211e-05 -0.000328552 -0.0169776 0.0839864 
0.0094052 -0.0171324 -1.65514e-06 6.77943e-05 -0.0171324 0.0841816 5.40477e-05 -0.000335587 -1.65514e-06 5.40477e-05 0.00924459 -0.0170544 6.77943e-05 -0.000335587 -0.0170544 0.0844225 
0.00940347 -0.0171838 -2.34251e-06 6.15624e-05 -0.0171838 0.0844494 4.83777e-05 -0.000326861 -2.34251e-06 4.83777e-05 0.00930249 -0.017095 6.15624e-05 -0.000326861 -0.017095 0.0846306 
0.0094013 -0.0171592 -5.92552e-06 6.08928e-05 -0.0171592 0.0844673 5.23972e-05 -0.000324011 -5.92552e-06 5.23972e-05 0.00932382 -0.0171521 6.08928e-05 -0.000324011 -0.0171521 0.0847634 
0.00939239 -0.0171378 -8.29895e-06 6.17475e-05 -0.0171378 0.0843901 6.01073e-05 -0.000330903 -8.29895e-06 6.01073e-05 0.00932153 -0.0171742 6.17475e-05 -0.000330903 -0.0171742 0.0848406 
0.00938826 -0.0171555 -1.44574e-06 6.01015e-05 -0.0171555 0.0844926 6.51345e-05 -0.000336201 -1.44574e-06 6.51345e-05 0.00934429 -0.0172074 6.01015e-05 -0.000336201 -0.0172074 0.0850382 
0.00934605 -0.0170936 1.90552e-05 5.39484e-05 -0.0170936 0.0842622 6.10838e-05 -0.000334424 1.90552e-05 6.10838e-05 0.00934872 -0.0171812 5.39484e-05 -0.000334424 -0.0171812 0.0848996 
0.00932016 -0.0170596 1.76073e-05 3.03964e-05 -0.0170596 0.0841651 3.9081e-05 -0.000301267 1.76073e-05 3.9081e-05 0.00936099 -0.0172004 3.03964e-05 -0.000301267 -0.0172004 0.0849196 
0.00932268 -0.0170036 1.91879e-05 2.93728e-05 -0.0170036 0.0839587 3.74389e-05 -0.000279386 1.91879e-05 3.74389e-05 0.00932526 -0.0171943 2.93728e-05 -0.000279386 -0.0171943 0.0848468 
0.00934512 -0.0170222 4.06106e-05 2.6985e-05 -0.0170222 0.0839482 3.28522e-05 -0.000267224 4.06106e-05 3.28522e-05 0.00931317 -0.0171661 2.6985e-05 -0.000267224 -0.0171661 0.084822 
0.00933799 -0.0170192 5.28266e-05 4.61614e-07 -0.0170192 0.0838347 5.00862e-06 -0.000218561 5.28266e-05 5.00862e-06 0.00929165 -0.0171103 4.61614e-07 -0.000218561 -0.0171103 0.0845881 
0.00931906 -0.0169774 5.54222e-05 -1.79414e-05 -0.0169774 0.0835946 -1.45944e-05 -0.000158484 5.54222e-05 -1.45944e-05 0.00925292 -0.0170399 -1.79414e-05 -0.000158484 -0.0170399 0.0842324 
0.00928311 -0.0169534 5.53169e-05 -2.02666e-05 -0.0169534 0.0834333 -1.71024e-05 -0.000130908 5.53169e-05 -1.71024e-05 0.00924686 -0.0169897 -2.02666e-05 -0.000130908 -0.0169897 0.0839848 
0.00926666 -0.0169044 4.69527e-05 -1.64926e-05 -0.0169044 0.083263 -1.19982e-05 -0.000135288 4.69527e-05 -1.19982e-05 0.00922042 -0.0169822 -1.64926e-05 -0.000135288 -0.0169822 0.0838493 
0.00931474 -0.0169962 2.52909e-05 -4.27235e-06 -0.0169962 0.0836861 2.3445e-06 -0.000164489 2.52909e-05 2.3445e-06 0.00924169 -0.0170553 -4.27235e-06 -0.000164489 -0.0170553 0.0842631 
0.00933326 -0.0170609 1.31453e-05 2.28781e-05 -0.0170609 0.0839979 3.25895e-05 -0.000226737 1.31453e-05 3.25895e-05 0.00926498 -0.0170785 2.28781e-05 -0.000226737 -0.0170785 0.0844832 
0.00935962 -0.0170854 8.17003e-06 4.29294e-05 -0.0170854 0.0841841 4.80331e-05 -0.000287572 8.17003e-06 4.80331e-05 0.00926807 -0.0170997 4.29294e-05 -0.000287572 -0.0170997 0.0846054 
0.0093628 -0.0170635 7.71196e-06 5.07558e-05 -0.0170635 0.0840577 4.75782e-05 -0.000313518 7.71196e-06 4.75782e-05 0.00923783 -0.017052 5.07558e-05 -0.000313518 -0.017052 0.0844223 
0.00935521 -0.0170504 9.81904e-06 5.25192e-05 -0.0170504 0.0839311 4.45978e-05 -0.000318136 9.81904e-06 4.45978e-05 0.00921514 -0.0169994 5.25192e-05 -0.000318136 -0.0169994 0.0842077 
0.0093234 -0.0170281 1.36433e-05 4.69748e-05 -0.0170281 0.0837976 4.03073e-05 -0.000307103 1.36433e-05 4.03073e-05 0.00922 -0.0169605 4.69748e-05 -0.000307103 -0.0169605 0.0840129 
0.00929814 -0.0169842 2.4606e-05 3.84904e-05 -0.0169842 0.0836523 3.61908e-05 -0.000290422 2.4606e-05 3.61908e-05 0.00922467 -0.0169688 3.84904e-05 -0.000290422 -0.0169688 0.0839361 
0.00927206 -0.0169392 2.93881e-05 2.45863e-05 -0.0169392 0.0834705 2.57432e-05 -0.000265249 2.93881e-05 2.57432e-05 0.00922919 -0.0169717 2.45863e-05 -0.000265249 -0.0169717 0.0838863 
0.00924878 -0.0169045 4.05095e-05 2.02094e-05 -0.0169045 0.0833269 2.02524e-05 -0.000248403 4.05095e-05 2.02524e-05 0.00922403 -0.0169786 2.02094e-05 -0.000248403 -0.0169786 0.0838703 
0.00921845 -0.0168287 3.21522e-05 4.52045e-06 -0.0168287 0.0829834 4.12998e-06 -0.000215054 3.21522e-05 4.12998e-06 0.00918202 -0.0169257 4.52045e-06 -0.000215054 -0.0169257 0.0836143 
0.00920901 -0.0168485 3.18278e-05 1.10384e-05 -0.0168485 0.0830471 1.25963e-05 -0.000208052 3.18278e-05 1.25963e-05 0.00918985 -0.0169265 1.10384e-05 -0.000208052 -0.0169265 0.0836752 
0.00918732 -0.0168117 1.86947e-05 1.05911e-05 -0.0168117 0.0829378 1.64305e-05 -0.000212035 1.86947e-05 1.64305e-05 0.00917251 -0.0169088 1.05911e-05 -0.000212035 -0.0169088 0.0835809 
0.00919538 -0.0168099 1.02756e-05 2.72943e-05 -0.0168099 0.082962 3.60025e-05 -0.000242337 1.02756e-05 3.60025e-05 0.00916247 -0.0169058 2.72943e-05 -0.000242337 -0.0169058 0.0836052 
0.009191 -0.0167854 1.00509e-05 3.88907e-05 -0.0167854 0.0828235 4.81451e-05 -0.000277943 1.00509e-05 4.81451e-05 0.00913475 -0.0168562 3.88907e-05 -0.000277943 -0.0168562 0.0834193 
0.00919722 -0.0167696 6.88589e-06 4.1863e-05 -0.0167696 0.082697 4.65259e-05 -0.000294529 6.88589e-06 4.65259e-05 0.00909675 -0.0168032 4.1863e-05 -0.000294529 -0.0168032 0.0831963 
0.00920402 -0.0167992 1.98767e-06 4.48842e-05 -0.0167992 0.08275 4.7429e-05 -0.000299525 1.98767e-06 4.7429e-05 0.00909239 -0.0167664 4.48842e-05 -0.000299525 -0.0167664 0.0830862 
0.00921931 -0.0168054 6.87975e-06 4.77118e-05 -0.0168054 0.0827671 5.09404e-05 -0.00030327 6.87975e-06 5.09404e-05 0.00907599 -0.0167534 4.77118e-05 -0.00030327 -0.0167534 0.0829909 
0.00919041 -0.0167694 1.08513e-05 4.04281e-05 -0.0167694 0.0825279 4.08126e-05 -0.000287686 1.08513e-05 4.08126e-05 0.00904469 -0.0166789 4.04281e-05 -0.000287686 -0.0166789 0.0826523 
0.00918739 -0.0167944 2.06193e-05 3.90353e-05 -0.0167944 0.0826515 3.48951e-05 -0.000275131 2.06193e-05 3.48951e-05 0.0090548 -0.0166959 3.90353e-05 -0.000275131 -0.0166959 0.0827138 
0.00918112 -0.0167981 2.91705e-05 2.88574e-05 -0.0167981 0.0827261 2.75878e-05 -0.000261268 2.91705e-05 2.75878e-05 0.00906554 -0.0167107 2.88574e-05 -0.000261268 -0.0167107 0.0827763 
0.00917531 -0.0167736 3.01516e-05 1.66308e-05 -0.0167736 0.0826627 2.33573e-05 -0.000245628 3.01516e-05 2.33573e-05 0.00906002 -0.0167068 1.66308e-05 -0.000245628 -0.0167068 0.0827424 
0.0091907 -0.0167855 3.69431e-05 1.5576e-05 -0.0167855 0.0827207 2.65819e-05 -0.000245497 3.69431e-05 2.65819e-05 0.00906281 -0.0167214 1.5576e-05 -0.000245497 -0.0167214 0.0828206 
0.00918109 -0.0167723 2.95846e-05 5.1484e-06 -0.0167723 0.0826203 1.77843e-05 -0.000230807 2.95846e-05 1.77843e-05 0.00905232 -0.0166892 5.1484e-06 -0.000230807 -0.0166892 0.0826887 
0.00919786 -0.0168194 3.31223e-05 1.39236e-05 -0.0168194 0.0828438 2.29107e-05 -0.000231328 3.31223e-05 2.29107e-05 0.00907617 -0.0167316 1.39236e-05 -0.000231328 -0.0167316 0.0828824 
0.00920292 -0.0168331 1.97555e-05 1.42191e-05 -0.0168331 0.0829449 2.04122e-05 -0.000237427 1.97555e-05 2.04122e-05 0.00909077 -0.0167566 1.42191e-05 -0.000237427 -0.0167566 0.0829937 
0.00923592 -0.0168821 1.18042e-05 3.09456e-05 -0.0168821 0.0832169 3.73888e-05 -0.000265827 1.18042e-05 3.73888e-05 0.00911531 -0.0168226 3.09456e-05 -0.000265827 -0.0168226 0.0833068 
0.00924223 -0.0169144 2.70652e-05 4.12175e-05 -0.0169144 0.083367 4.51872e-05 -0.00029424 2.70652e-05 4.51872e-05 0.00913244 -0.016843 4.12175e-05 -0.00029424 -0.016843 0.083454 
0.00923036 -0.0168853 4.55739e-05 2.72825e-05 -0.0168853 0.0832691 2.72379e-05 -0.00028247 4.55739e-05 2.72379e-05 0.00913347 -0.016822 2.72825e-05 -0.00028247 -0.016822 0.0833551 
0.00921779 -0.0168949 3.92835e-05 5.43567e-06 -0.0168949 0.0833224 1.44064e-06 -0.000235072 3.92835e-05 1.44064e-06 0.00916122 -0.0168466 5.43567e-06 -0.000235072 -0.0168466 0.0834325 
0.00921289 -0.0168625 2.36061e-05 1.32147e-05 -0.0168625 0.0832456 9.64344e-06 -0.000225669 2.36061e-05 9.64344e-06 0.0091604 -0.0168683 1.32147e-05 -0.000225669 -0.0168683 0.0834569 
0.00921358 -0.0168486 6.74449e-06 3.49508e-05 -0.0168486 0.0831794 3.26579e-05 -0.000266664 6.74449e-06 3.26579e-05 0.00915996 -0.016878 3.49508e-05 -0.000266664 -0.016878 0.0835016 
0.00920942 -0.016861 -4.06199e-06 5.59135e-05 -0.016861 0.083222 5.50752e-05 -0.000321599 -4.06199e-06 5.50752e-05 0.00917688 -0.0168985 5.59135e-05 -0.000321599 -0.0168985 0.0836122 
0.009205 -0.0168299 -5.25784e-06 6.64858e-05 -0.0168299 0.0831102 6.40405e-05 -0.000355096 -5.25784e-06 6.40405e-05 0.00916647 -0.0168948 6.64858e-05 -0.000355096 -0.0168948 0.0835717 
0.0091642 -0.0167478 -3.83075e-06 6.47398e-05 -0.0167478 0.0826761 5.8682e-05 -0.000352877 -3.83075e-06 5.8682e-05 0.00912734 -0.0168104 6.47398e-05 -0.000352877 -0.0168104 0.0831758 
0.00914148 -0.0167219 -8.37804e-06 5.94828e-05 -0.0167219 0.0825102 5.25956e-05 -0.000334422 -8.37804e-06 5.25956e-05 0.00911989 -0.0167781 5.94828e-05 -0.000334422 -0.0167781 0.083003 
0.009147 -0.0167188 -1.67297e-05 6.55952e-05 -0.0167188 0.0825049 5.94854e-05 -0.000336382 -1.67297e-05 5.94854e-05 0.00911417 -0.0167884 6.55952e-05 -0.000336382 -0.0167884 0.0830057 
0.00915408 -0.0166922 -8.54619e-06 7.6087e-05 -0.0166922 0.0823427 6.95108e-05 -0.000353884 -8.54619e-06 6.95108e-05 0.00907396 -0.0167475 7.6087e-05 -0.000353884 -0.0167475 0.0828244 
0.00913908 -0.01672 9.78558e-06 6.86856e-05 -0.01672 0.0823684 6.03824e-05 -0.000351898 9.78558e-06 6.03824e-05 0.00907923 -0.0167116 6.86856e-05 -0.000351898 -0.0167116 0.0827313 
0.0091384 -0.0167344 2.67531e-05 4.28894e-05 -0.0167344 0.0825111 3.44379e-05 -0.000303507 2.67531e-05 3.44379e-05 0.00910377 -0.0167498 4.28894e-05 -0.000303507 -0.0167498 0.0828513 
0.00916258 -0.0167761 3.81956e-05 2.18001e-05 -0.0167761 0.0827819 1.31827e-05 -0.00024753 3.81956e-05 1.31827e-05 0.00912779 -0.0168286 2.18001e-05 -0.00024753 -0.0168286 0.0831935 
0.00918589 -0.0168123 3.81311e-05 6.50304e-06 -0.0168123 0.0829884 -2.18345e-06 -0.000198928 3.81311e-05 -2.18345e-06 0.0091441 -0.0168689 6.50304e-06 -0.000198928 -0.0168689 0.0834501 
0.00916268 -0.0167578 4.36161e-05 -4.48751e-07 -0.0167578 0.0827205 -5.36698e-06 -0.00016409 4.36161e-05 -5.36698e-06 0.00911736 -0.0167995 -4.48751e-07 -0.00016409 -0.0167995 0.0831664 
0.00917659 -0.0167727 4.30395e-05 -1.06346e-05 -0.0167727 0.0827671 -1.13857e-05 -0.000137152 4.30395e-05 -1.13857e-05 0.00911568 -0.0168054 -1.06346e-05 -0.000137152 -0.0168054 0.0831851 
0.00917575 -0.0167687 1.92212e-05 -1.03476e-05 -0.0167687 0.082712 -8.56511e-06 -0.000127966 1.92212e-05 -8.56511e-06 0.00910253 -0.016783 -1.03476e-05 -0.000127966 -0.016783 0.0830896 
0.0091678 -0.0167742 4.42736e-06 1.95652e-05 -0.0167742 0.0827253 1.83172e-05 -0.000168982 4.42736e-06 1.83172e-05 0.00910837 -0.016782 1.95652e-05 -0.000168982 -0.016782 0.0830881 
0.00915034 -0.0167735 5.18156e-06 4.52022e-05 -0.0167735 0.082758 3.96464e-05 -0.000233767 5.18156e-06 3.96464e-05 0.00913549 -0.016801 4.52022e-05 -0.000233767 -0.016801 0.0831529 
0.00913257 -0.0167304 9.59329e-06 4.50353e-05 -0.0167304 0.0826376 3.89027e-05 -0.000260598 9.59329e-06 3.89027e-05 0.00914918 -0.0168182 4.50353e-05 -0.000260598 -0.0168182 0.0831516 
0.00909859 -0.0166651 1.50419e-05 3.32858e-05 -0.0166651 0.0823421 3.06408e-05 -0.000244518 1.50419e-05 3.06408e-05 0.00913433 -0.0168009 3.32858e-05 -0.000244518 -0.0168009 0.082999 
0.0090829 -0.0166217 1.8461e-05 2.50309e-05 -0.0166217 0.0821376 2.37607e-05 -0.00022227 1.8461e-05 2.37607e-05 0.00912542 -0.0167841 2.50309e-05 -0.00022227 -0.0167841 0.0828983 
0.00909357 -0.0166247 1.22838e-05 2.07946e-05 -0.0166247 0.0821273 1.59685e-05 -0.000201484 1.22838e-05 1.59685e-05 0.00912626 -0.0167983 2.07946e-05 -0.000201484 -0.0167983 0.0829495 
0.00909986 -0.0166328 3.51546e-06 2.96373e-05 -0.0166328 0.0821138 2.11582e-05 -0.000202697 3.51546e-06 2.11582e-05 0.00912676 -0.0167918 2.96373e-05 -0.000202697 -0.0167918 0.0829312 
0.00914799 -0.0166895 1.11847e-06 3.98198e-05 -0.0166895 0.082361 2.95457e-05 -0.000217946 1.11847e-06 2.95457e-05 0.00913106 -0.0168414 3.98198e-05 -0.000217946 -0.0168414 0.0831598 
0.00916311 -0.0167226 5.16084e-06 4.46954e-05 -0.0167226 0.0824352 3.56729e-05 -0.000237459 5.16084e-06 3.56729e-05 0.00912498 -0.0168217 4.46954e-05 -0.000237459 -0.0168217 0.0831447 
0.00916024 -0.0167623 1.86008e-05 3.94702e-05 -0.0167623 0.0825965 3.33593e-05 -0.000240851 1.86008e-05 3.33593e-05 0.00913686 -0.0168303 3.94702e-05 -0.000240851 -0.0168303 0.0832078 
0.00916895 -0.0167568 2.42626e-05 2.23075e-05 -0.0167568 0.0826448 1.85526e-05 -0.000216896 2.42626e-05 1.85526e-05 0.00912572 -0.0168367 2.23075e-05 -0.000216896 -0.0168367 0.0832313 
0.00915432 -0.0167103 2.48654e-05 1.15262e-05 -0.0167103 0.0823961 7.7969e-06 -0.000181348 2.48654e-05 7.7969e-06 0.00908858 -0.0167637 1.15262e-05 -0.000181348 -0.0167637 0.0829373 
0.00915278 -0.0167106 2.24969e-05 1.13681e-05 -0.0167106 0.0823502 5.93548e-06 -0.000165148 2.24969e-05 5.93548e-06 0.00908141 -0.0167386 1.13681e-05 -0.000165148 -0.0167386 0.0828329 
0.00917306 -0.0167264 8.47062e-06 1.1912e-05 -0.0167264 0.0824208 1.0698e-05 -0.000164203 8.47062e-06 1.0698e-05 0.00907818 -0.0167571 1.1912e-05 -0.000164203 -0.0167571 0.0828964 
0.00919985 -0.0167668 8.8421e-06 2.69645e-05 -0.0167668 0.0825653 3.07111e-05 -0.000191467 8.8421e-06 3.07111e-05 0.0090791 -0.0167717 2.69645e-05 -0.000191467 -0.0167717 0.0830091 
0.00920415 -0.0168051 1.10455e-05 2.74537e-05 -0.0168051 0.0827068 3.28989e-05 -0.000209043 1.10455e-05 3.28989e-05 0.00908916 -0.0167759 2.74537e-05 -0.000209043 -0.0167759 0.0830803 
0.00920624 -0.0168034 8.03267e-06 2.50355e-05 -0.0168034 0.0827389 3.0944e-05 -0.000210603 8.03267e-06 3.0944e-05 0.00908965 -0.0167761 2.50355e-05 -0.000210603 -0.0167761 0.0830778 
0.00926507 -0.0169027 1.10317e-05 2.97492e-05 -0.0169027 0.0832351 3.52177e-05 -0.000217832 1.10317e-05 3.52177e-05 0.0091358 -0.0168776 2.97492e-05 -0.000217832 -0.0168776 0.0835775 
0.00929237 -0.0169805 5.96344e-06 3.03167e-05 -0.0169805 0.0836066 3.17027e-05 -0.000223628 5.96344e-06 3.17027e-05 0.00919242 -0.0169416 3.03167e-05 -0.000223628 -0.0169416 0.0839315 
0.00933077 -0.0170332 2.0581e-05 3.93853e-05 -0.0170332 0.0839278 3.7143e-05 -0.000239304 2.0581e-05 3.7143e-05 0.00923299 -0.0170289 3.93853e-05 -0.000239304 -0.0170289 0.0842942 
0.00935253 -0.0170659 3.74387e-05 2.55277e-05 -0.0170659 0.0840869 2.19217e-05 -0.00022916 3.74387e-05 2.19217e-05 0.00926093 -0.0170739 2.55277e-05 -0.00022916 -0.0170739 0.0845112 
0.00935965 -0.0170675 3.49916e-05 3.71547e-06 -0.0170675 0.0840854 7.55863e-08 -0.000187394 3.49916e-05 7.55863e-08 0.00927377 -0.0170848 3.71547e-06 -0.000187394 -0.0170848 0.0845456 
0.00935296 -0.0170732 1.2688e-05 6.1441e-06 -0.0170732 0.0840891 6.49359e-06 -0.000176817 1.2688e-05 6.49359e-06 0.00928692 -0.0171001 6.1441e-06 -0.000176817 -0.0171001 0.0845836 
0.00933867 -0.0170497 -6.16692e-06 3.15603e-05 -0.0170497 0.0840118 3.82147e-05 -0.000223453 -6.16692e-06 3.82147e-05 0.00928991 -0.0171103 3.15603e-05 -0.000223453 -0.0171103 0.0845853 
0.00930516 -0.0169852 -1.02295e-05 5.7396e-05 -0.0169852 0.0837247 6.88092e-05 -0.000298113 -1.02295e-05 6.88092e-05 0.00927002 -0.0170738 5.7396e-05 -0.000298113 -0.0170738 0.0843865 
0.0093319 -0.0170259 -1.17384e-05 6.30598e-05 -0.0170259 0.0839282 7.68908e-05 -0.000344797 -1.17384e-05 7.68908e-05 0.0092841 -0.017128 6.30598e-05 -0.000344797 -0.017128 0.0846482 
0.00932584 -0.0170201 -4.22534e-06 6.38305e-05 -0.0170201 0.0838785 7.58152e-05 -0.000357777 -4.22534e-06 7.58152e-05 0.00926852 -0.0170987 6.38305e-05 -0.000357777 -0.0170987 0.0845715 
0.00933776 -0.0170097 1.56039e-05 5.7353e-05 -0.0170097 0.083832 6.24621e-05 -0.000344886 1.56039e-05 6.24621e-05 0.00924087 -0.017072 5.7353e-05 -0.000344886 -0.017072 0.0844726 
0.00932337 -0.0169973 2.75665e-05 3.34949e-05 -0.0169973 0.0836953 3.1639e-05 -0.000292024 2.75665e-05 3.1639e-05 0.00921963 -0.0170035 3.34949e-05 -0.000292024 -0.0170035 0.0842147 
0.00930841 -0.0169711 4.25594e-05 1.81089e-05 -0.0169711 0.083556 1.35711e-05 -0.000238378 4.25594e-05 1.35711e-05 0.0092069 -0.0169593 1.81089e-05 -0.000238378 -0.0169593 0.0839742 
0.00931247 -0.0169888 5.29138e-05 -1.44284e-06 -0.0169888 0.0836308 -6.27315e-06 -0.000185686 5.29138e-05 -6.27315e-06 0.00921446 -0.0169771 -1.44284e-06 -0.000185686 -0.0169771 0.0840112 
0.00931094 -0.0169944 5.58721e-05 -1.53862e-05 -0.0169944 0.0836695 -2.06452e-05 -0.000139172 5.58721e-05 -2.06452e-05 0.00922269 -0.0169861 -1.53862e-05 -0.000139172 -0.0169861 0.0840405 
0.00929061 -0.0169698 4.67843e-05 -1.91233e-05 -0.0169698 0.0835649 -2.1383e-05 -0.0001194 4.67843e-05 -2.1383e-05 0.00922456 -0.0169707 -1.91233e-05 -0.0001194 -0.0169707 0.0839449 
0.00927846 -0.0169288 4.60776e-05 -4.91938e-06 -0.0169288 0.0834064 -2.88395e-06 -0.00014463 4.60776e-05 -2.88395e-06 0.00920906 -0.0169648 -4.91938e-06 -0.00014463 -0.0169648 0.0838523 
0.0092868 -0.016925 3.80846e-05 -1.28706e-06 -0.016925 0.0833673 1.69908e-06 -0.00016931 3.80846e-05 1.69908e-06 0.0092057 -0.0169635 -1.28706e-06 -0.00016931 -0.0169635 0.0838586 
0.00931126 -0.0170039 2.13271e-05 8.93869e-06 -0.0170039 0.0837067 9.34079e-06 -0.000193329 2.13271e-05 9.34079e-06 0.00923898 -0.0170305 8.93869e-06 -0.000193329 -0.0170305 0.0841987 
0.0093311 -0.0170335 2.21056e-05 2.72255e-05 -0.0170335 0.0839128 2.29963e-05 -0.000223305 2.21056e-05 2.29963e-05 0.00925859 -0.0170755 2.72255e-05 -0.000223305 -0.0170755 0.0844328 
0.00934919 -0.0170626 2.52664e-05 2.7368e-05 -0.0170626 0.0840687 2.14716e-05 -0.000234293 2.52664e-05 2.14716e-05 0.00927278 -0.017105 2.7368e-05 -0.000234293 -0.017105 0.0846097 
0.009324 -0.0170017 1.85242e-05 2.11883e-05 -0.0170017 0.0837741 1.45662e-05 -0.000221366 1.85242e-05 1.45662e-05 0.0092385 -0.0170402 2.11883e-05 -0.000221366 -0.0170402 0.0843161 
0.00932504 -0.0170063 3.28501e-05 2.68784e-05 -0.0170063 0.0837603 2.25614e-05 -0.00022334 3.28501e-05 2.25614e-05 0.00922632 -0.0170262 2.68784e-05 -0.00022334 -0.0170262 0.0842656 
0.00931507 -0.0169774 3.85451e-05 1.08933e-05 -0.0169774 0.0836057 1.14967e-05 -0.000210338 3.85451e-05 1.14967e-05 0.00919922 -0.0169762 1.08933e-05 -0.000210338 -0.0169762 0.0840518 
0.00929859 -0.0169929 2.66609e-05 1.23426e-06 -0.0169929 0.0836524 7.18897e-06 -0.000190686 2.66609e-05 7.18897e-06 0.00922307 -0.0169709 1.23426e-06 -0.000190686 -0.0169709 0.0840407 
0.00926765 -0.016974 1.59316e-05 1.33753e-05 -0.016974 0.0836436 2.26162e-05 -0.000205172 1.59316e-05 2.26162e-05 0.00925754 -0.0169975 1.33753e-05 -0.000205172 -0.0169975 0.0840709 
0.00926488 -0.0169368 5.60732e-06 2.70613e-05 -0.0169368 0.083595 3.4082e-05 -0.000233935 5.60732e-06 3.4082e-05 0.00925719 -0.0170558 2.70613e-05 -0.000233935 -0.0170558 0.0842185 
0.00925402 -0.0169292 -6.80259e-07 4.26683e-05 -0.0169292 0.0835476 4.48759e-05 -0.000266277 -6.80259e-07 4.48759e-05 0.00926344 -0.0170533 4.26683e-05 -0.000266277 -0.0170533 0.0842748 
0.00924252 -0.0169132 -2.15774e-06 5.18073e-05 -0.0169132 0.0834967 4.84946e-05 -0.000287378 -2.15774e-06 4.84946e-05 0.00927224 -0.0170509 5.18073e-05 -0.000287378 -0.0170509 0.0842621 
0.00921657 -0.0168647 5.81287e-06 5.27809e-05 -0.0168647 0.0832809 5.031e-05 -0.000297326 5.81287e-06 5.031e-05 0.00925694 -0.0170228 5.27809e-05 -0.000297326 -0.0170228 0.0840858 
0.00920852 -0.0168521 1.48588e-05 4.28305e-05 -0.0168521 0.0832353 4.70062e-05 -0.000293568 1.48588e-05 4.70062e-05 0.00925126 -0.0170295 4.28305e-05 -0.000293568 -0.0170295 0.0840946 
0.0091833 -0.0167979 2.18213e-05 2.70159e-05 -0.0167979 0.082977 3.58998e-05 -0.000265185 2.18213e-05 3.58998e-05 0.00923327 -0.0169735 2.70159e-05 -0.000265185 -0.0169735 0.0838468 
0.00918965 -0.0168066 2.75989e-05 1.53894e-05 -0.0168066 0.0830026 2.68629e-05 -0.000234574 2.75989e-05 2.68629e-05 0.00923438 -0.0169863 1.53894e-05 -0.000234574 -0.0169863 0.0838739 
0.00918866 -0.0167895 2.16988e-05 9.188e-06 -0.0167895 0.0828972 1.78561e-05 -0.000209479 2.16988e-05 1.78561e-05 0.0092128 -0.016958 9.188e-06 -0.000209479 -0.016958 0.0837437 
0.00920931 -0.0168097 1.48699e-05 2.03165e-05 -0.0168097 0.0829513 2.1613e-05 -0.000211044 1.48699e-05 2.1613e-05 0.00920031 -0.016952 2.03165e-05 -0.000211044 -0.016952 0.0837395 
0.00923591 -0.0168472 1.43496e-05 3.36913e-05 -0.0168472 0.0830741 2.89344e-05 -0.000234452 1.43496e-05 2.89344e-05 0.00919056 -0.0169506 3.36913e-05 -0.000234452 -0.0169506 0.0837768 
0.0092321 -0.0168365 7.69316e-06 3.56148e-05 -0.0168365 0.0829639 2.94586e-05 -0.000247951 7.69316e-06 2.94586e-05 0.0091564 -0.0168943 3.56148e-05 -0.000247951 -0.0168943 0.0835563 
0.00926528 -0.0168741 7.7328e-06 4.40963e-05 -0.0168741 0.0831105 3.82202e-05 -0.000265496 7.7328e-06 3.82202e-05 0.00913886 -0.016895 4.40963e-05 -0.000265496 -0.016895 0.0835999 
0.00930175 -0.01698 1.04337e-05 4.4641e-05 -0.01698 0.0835512 4.03597e-05 -0.000278121 1.04337e-05 4.03597e-05 0.00918327 -0.0169339 4.4641e-05 -0.000278121 -0.0169339 0.0838943 
0.00931658 -0.0169914 5.35949e-06 4.44856e-05 -0.0169914 0.0836507 4.36131e-05 -0.000290764 5.35949e-06 4.36131e-05 0.00919289 -0.0169467 4.44856e-05 -0.000290764 -0.0169467 0.0839174 
0.00930208 -0.0169982 8.47678e-06 4.99281e-05 -0.0169982 0.0836612 5.38313e-05 -0.000310861 8.47678e-06 5.38313e-05 0.00920303 -0.0169453 4.99281e-05 -0.000310861 -0.0169453 0.0838933 
0.00928074 -0.0169511 1.46122e-05 4.88519e-05 -0.0169511 0.083495 5.43498e-05 -0.000326129 1.46122e-05 5.43498e-05 0.00919462 -0.0169287 4.88519e-05 -0.000326129 -0.0169287 0.0837577 
