0.00671562 0 1.39676e-05 0 0 0.00942864 0 0 1.39676e-05 0 0.00657989 0 0 0 0 0.00942864 
0.00980816 -0.0121698 1.65894e-05 -2.00146e-05 -0.0121698 0.0322788 -2.00146e-05 3.84943e-05 1.65894e-05 -2.00146e-05 0.00967007 -0.0120065 -2.00146e-05 3.84943e-05 -0.0120065 0.0319659 
0.00916324 -0.0170284 2.09704e-05 -1.39801e-05 -0.0170284 0.0627633 -1.39801e-05 4.11601e-05 2.09704e-05 -1.39801e-05 0.00914225 -0.0170434 -1.39801e-05 4.11601e-05 -0.0170434 0.0628713 
0.00863867 -0.0166008 1.74365e-05 -2.54531e-06 -0.0166008 0.0743493 -1.02748e-05 -2.86279e-05 1.74365e-05 -1.02748e-05 0.00869877 -0.016902 -2.54531e-06 -2.86279e-05 -0.016902 0.0758876 
0.00916544 -0.0169824 2.68377e-06 2.45311e-06 -0.0169824 0.08172 -1.28938e-05 -6.67918e-05 2.68377e-06 -1.28938e-05 0.00918363 -0.0173797 2.45311e-06 -6.67918e-05 -0.0173797 0.0841137 
0.0089724 -0.0163241 -5.09248e-06 1.38666e-05 -0.0163241 0.0798462 2.29523e-06 -7.42658e-05 -5.09248e-06 2.29523e-06 0.00890497 -0.0165816 1.38666e-05 -7.42658e-05 -0.0165816 0.0818505 
0.00949282 -0.0171976 -6.39059e-06 1.61922e-05 -0.0171976 0.0843185 1.38331e-05 -7.84057e-05 -6.39059e-06 1.38331e-05 0.00933598 -0.0173033 1.61922e-05 -7.84057e-05 -0.0173033 0.0857526 
0.00927051 -0.0168328 -2.58931e-05 1.7045e-05 -0.0168328 0.0825799 2.1499e-05 -8.33176e-05 -2.58931e-05 2.1499e-05 0.00909599 -0.0168143 1.7045e-05 -8.33176e-05 -0.0168143 0.083432 
0.00973842 -0.017727 -4.27898e-05 4.45228e-05 -0.017727 0.0871011 5.03183e-05 -0.00013347 -4.27898e-05 5.03183e-05 0.00961317 -0.0176839 4.45228e-05 -0.00013347 -0.0176839 0.087724 
0.00955525 -0.017406 -3.3786e-05 6.45367e-05 -0.017406 0.0856694 6.52565e-05 -0.000181742 -3.3786e-05 6.52565e-05 0.00949633 -0.0174474 6.45367e-05 -0.000181742 -0.0174474 0.0863448 
0.00947271 -0.0172336 -1.14907e-05 6.03595e-05 -0.0172336 0.084894 5.24962e-05 -0.000191683 -1.14907e-05 5.24962e-05 0.00943672 -0.0173614 6.03595e-05 -0.000191683 -0.0173614 0.0857672 
0.00941049 -0.0171175 8.35958e-06 3.49453e-05 -0.0171175 0.0842891 2.19743e-05 -0.000146135 8.35958e-06 2.19743e-05 0.00937331 -0.0172679 3.49453e-05 -0.000146135 -0.0172679 0.085281 
0.00935921 -0.0170641 2.42279e-05 5.79582e-06 -0.0170641 0.083998 -4.67331e-06 -7.43537e-05 2.42279e-05 -4.67331e-06 0.00936071 -0.01721 5.79582e-06 -7.43537e-05 -0.01721 0.0850143 
0.0093398 -0.0170209 1.93019e-05 -2.21402e-05 -0.0170209 0.083857 -2.59932e-05 -6.49095e-07 1.93019e-05 -2.59932e-05 0.0093589 -0.017213 -2.21402e-05 -6.49095e-07 -0.017213 0.0849431 
0.0093315 -0.0170169 1.03895e-05 -1.85623e-05 -0.0170169 0.0838481 -1.84995e-05 2.11939e-05 1.03895e-05 -1.84995e-05 0.00937204 -0.017236 -1.85623e-05 2.11939e-05 -0.017236 0.0850191 
0.00932737 -0.0170035 1.08858e-05 -6.94664e-06 -0.0170035 0.0838137 -7.55193e-06 6.93184e-06 1.08858e-05 -7.55193e-06 0.00937275 -0.0172507 -6.94664e-06 6.93184e-06 -0.0172507 0.0850594 
0.0093435 -0.0170103 5.41143e-06 -3.44777e-06 -0.0170103 0.0838482 -5.55273e-06 -1.02275e-05 5.41143e-06 -5.55273e-06 0.00936494 -0.0172647 -3.44777e-06 -1.02275e-05 -0.0172647 0.0851376 
0.00936385 -0.0170106 1.19016e-05 1.10571e-06 -0.0170106 0.0837975 -8.01791e-07 -2.01881e-05 1.19016e-05 -8.01791e-07 0.00931402 -0.0172321 1.10571e-06 -2.01881e-05 -0.0172321 0.0850443 
0.00939053 -0.017064 6.57428e-06 -4.67604e-06 -0.017064 0.0839529 -5.29376e-06 -2.02846e-05 6.57428e-06 -5.29376e-06 0.00929244 -0.0171964 -4.67604e-06 -2.02846e-05 -0.0171964 0.0850353 
0.00938161 -0.0170829 5.1131e-06 1.61033e-06 -0.0170829 0.0839981 5.09456e-09 -2.70278e-05 5.1131e-06 5.09456e-09 0.00929628 -0.0171427 1.61033e-06 -2.70278e-05 -0.0171427 0.0848689 
0.00937814 -0.0170997 -3.09044e-06 4.24484e-06 -0.0170997 0.0841212 2.22462e-06 -3.50553e-05 -3.09044e-06 2.22462e-06 0.00933029 -0.0171622 4.24484e-06 -3.50553e-05 -0.0171622 0.0848922 
0.00938471 -0.0170794 4.82758e-06 1.44691e-05 -0.0170794 0.0840949 1.46285e-05 -5.69322e-05 4.82758e-06 1.46285e-05 0.00932926 -0.0171965 1.44691e-05 -5.69322e-05 -0.0171965 0.0849332 
0.00940217 -0.0170881 1.15135e-05 4.41093e-06 -0.0170881 0.0840977 4.81111e-06 -5.15979e-05 1.15135e-05 4.81111e-06 0.00931325 -0.0172027 4.41093e-06 -5.15979e-05 -0.0172027 0.0849828 
0.00940423 -0.0170954 8.69131e-06 -6.23504e-06 -0.0170954 0.0840654 -4.48027e-06 -2.70837e-05 8.69131e-06 -4.48027e-06 0.00929834 -0.0171677 -6.23504e-06 -2.70837e-05 -0.0171677 0.0848933 
0.0093893 -0.0170758 1.01869e-05 -4.74951e-06 -0.0170758 0.0839467 -2.12115e-06 -1.60456e-05 1.01869e-05 -2.12115e-06 0.00928278 -0.0171272 -4.74951e-06 -1.60456e-05 -0.0171272 0.0847093 
0.00938065 -0.0170725 5.20865e-06 -9.89344e-06 -0.0170725 0.0839354 -6.19685e-06 -2.93753e-06 5.20865e-06 -6.19685e-06 0.00929091 -0.0171255 -9.89344e-06 -2.93753e-06 -0.0171255 0.0846803 
0.00941208 -0.0171492 5.81279e-06 -9.1004e-06 -0.0171492 0.0843363 -3.79248e-06 6.8726e-06 5.81279e-06 -3.79248e-06 0.00935149 -0.0172219 -9.1004e-06 6.8726e-06 -0.0172219 0.0851109 
0.00940704 -0.0171247 2.42874e-05 -9.92751e-06 -0.0171247 0.0842713 -8.298e-06 1.66848e-05 2.42874e-05 -8.298e-06 0.00936123 -0.0172357 -9.92751e-06 1.66848e-05 -0.0172357 0.0851231 
0.00942345 -0.0171393 4.01542e-05 -2.7685e-05 -0.0171393 0.0843368 -3.19675e-05 5.00783e-05 4.01542e-05 -3.19675e-05 0.00936203 -0.0172695 -2.7685e-05 5.00783e-05 -0.0172695 0.085255 
0.00941393 -0.0171214 3.97042e-05 -4.52675e-05 -0.0171214 0.0842182 -5.19295e-05 9.63163e-05 3.97042e-05 -5.19295e-05 0.00934623 -0.0172371 -4.52675e-05 9.63163e-05 -0.0172371 0.0851426 
0.00943041 -0.017122 1.89973e-05 -4.19249e-05 -0.017122 0.0842068 -4.77519e-05 0.000106215 1.89973e-05 -4.77519e-05 0.00932292 -0.0172288 -4.19249e-05 0.000106215 -0.0172288 0.085114 
0.00944337 -0.0171925 -8.43877e-06 -1.75491e-05 -0.0171925 0.0844755 -1.74136e-05 6.06647e-05 -8.43877e-06 -1.74136e-05 0.00934117 -0.0172474 -1.75491e-05 6.06647e-05 -0.0172474 0.085296 
0.0094317 -0.0171449 -1.8353e-05 1.9106e-05 -0.0171449 0.0843058 2.58399e-05 -3.33908e-05 -1.8353e-05 2.58399e-05 0.00931171 -0.0171974 1.9106e-05 -3.33908e-05 -0.0171974 0.0850634 
0.00944864 -0.0171822 -2.47177e-06 3.37459e-05 -0.0171822 0.0844566 4.52125e-05 -0.000109079 -2.47177e-06 4.52125e-05 0.00931933 -0.0172145 3.37459e-05 -0.000109079 -0.0172145 0.0851717 
0.0094293 -0.0171802 -9.14043e-06 1.29411e-05 -0.0171802 0.0844487 2.78966e-05 -0.000108202 -9.14043e-06 2.78966e-05 0.00932037 -0.017198 1.29411e-05 -0.000108202 -0.017198 0.0851153 
0.00938848 -0.0171553 -3.45922e-05 1.76784e-05 -0.0171553 0.0844002 3.26608e-05 -0.000104681 -3.45922e-05 3.26608e-05 0.00933714 -0.0171943 1.76784e-05 -0.000104681 -0.0171943 0.0850744 
0.00933272 -0.0170398 -4.07069e-05 5.05793e-05 -0.0170398 0.083982 5.82356e-05 -0.000150004 -4.07069e-05 5.82356e-05 0.00931601 -0.017152 5.05793e-05 -0.000150004 -0.017152 0.08478 
0.00926953 -0.0169318 -1.41055e-05 6.24937e-05 -0.0169318 0.0834958 6.24785e-05 -0.000185907 -1.41055e-05 6.24785e-05 0.00928734 -0.0170922 6.24937e-05 -0.000185907 -0.0170922 0.0844356 
0.00924982 -0.01684 -6.18494e-06 3.30232e-05 -0.01684 0.0830865 2.81684e-05 -0.000149326 -6.18494e-06 2.81684e-05 0.00922979 -0.0170401 3.30232e-05 -0.000149326 -0.0170401 0.0841386 
0.00923836 -0.0168018 3.71849e-06 1.93294e-05 -0.0168018 0.0827816 1.06898e-05 -9.46709e-05 3.71849e-06 1.06898e-05 0.00917351 -0.0169439 1.93294e-05 -9.46709e-05 -0.0169439 0.0837722 
0.00925918 -0.0168433 1.04733e-05 7.93519e-06 -0.0168433 0.082887 1.82162e-06 -6.12488e-05 1.04733e-05 1.82162e-06 0.00916587 -0.0169206 7.93519e-06 -6.12488e-05 -0.0169206 0.0837187 
0.00927401 -0.0168998 1.92162e-05 -9.45666e-07 -0.0168998 0.0831157 -4.12615e-06 -3.83217e-05 1.92162e-05 -4.12615e-06 0.00918232 -0.016934 -9.45666e-07 -3.83217e-05 -0.016934 0.0837974 
0.0092575 -0.0168775 1.24615e-05 -1.21559e-05 -0.0168775 0.0830466 -1.16939e-05 -1.66225e-05 1.24615e-05 -1.16939e-05 0.0091711 -0.0169178 -1.21559e-05 -1.66225e-05 -0.0169178 0.0836804 
0.00923067 -0.0168601 2.37825e-05 -1.01901e-05 -0.0168601 0.0829937 -5.29146e-06 -9.14463e-06 2.37825e-05 -5.29146e-06 0.00917979 -0.0169121 -1.01901e-05 -9.14463e-06 -0.0169121 0.0836426 
0.00925232 -0.0168882 2.38103e-05 -2.12618e-05 -0.0168882 0.0832182 -1.73052e-05 4.79022e-06 2.38103e-05 -1.73052e-05 0.00920703 -0.0169851 -2.12618e-05 4.79022e-06 -0.0169851 0.0839481 
0.00927461 -0.0169202 1.67215e-05 -1.95716e-05 -0.0169202 0.0833898 -2.13484e-05 1.70154e-05 1.67215e-05 -2.13484e-05 0.00922785 -0.0170259 -1.95716e-05 1.70154e-05 -0.0170259 0.0841777 
0.00929327 -0.0169608 1.9334e-05 -1.02033e-05 -0.0169608 0.0835863 -1.63578e-05 1.15988e-05 1.9334e-05 -1.63578e-05 0.00925493 -0.0170665 -1.02033e-05 1.15988e-05 -0.0170665 0.0843932 
0.00928711 -0.0169625 2.62881e-05 -1.1321e-05 -0.0169625 0.0836123 -1.43516e-05 2.23294e-06 2.62881e-05 -1.43516e-05 0.00926574 -0.0170764 -1.1321e-05 2.23294e-06 -0.0170764 0.0844346 
0.00925893 -0.0169308 4.14774e-05 -2.40277e-05 -0.0169308 0.0834943 -2.29918e-05 1.87107e-05 4.14774e-05 -2.29918e-05 0.009268 -0.0170642 -2.40277e-05 1.87107e-05 -0.0170642 0.0843534 
0.00924067 -0.0168997 3.16907e-05 -4.34191e-05 -0.0168997 0.0834093 -4.23002e-05 5.77387e-05 3.16907e-05 -4.23002e-05 0.00927149 -0.0170723 -4.34191e-05 5.77387e-05 -0.0170723 0.0843474 
0.00923212 -0.0168804 1.80184e-05 -3.49523e-05 -0.0168804 0.0833559 -3.64062e-05 7.14889e-05 1.80184e-05 -3.64062e-05 0.00928003 -0.0170822 -3.49523e-05 7.14889e-05 -0.0170822 0.0843792 
0.00924221 -0.0168498 7.0121e-06 -1.44158e-05 -0.0168498 0.0832228 -1.84455e-05 3.92746e-05 7.0121e-06 -1.84455e-05 0.00926478 -0.0170764 -1.44158e-05 3.92746e-05 -0.0170764 0.0843251 
0.00929764 -0.0169246 -1.90224e-05 3.22785e-06 -0.0169246 0.0834987 -1.13408e-06 -7.25719e-06 -1.90224e-05 -1.13408e-06 0.00926359 -0.017128 3.22785e-06 -7.25719e-06 -0.017128 0.0846097 
0.00933504 -0.016973 -2.80427e-05 3.54331e-05 -0.016973 0.0836288 3.07436e-05 -7.63049e-05 -2.80427e-05 3.07436e-05 0.00923943 -0.0170982 3.54331e-05 -7.63049e-05 -0.0170982 0.0846031 
0.00935355 -0.0169956 -1.68528e-05 4.76966e-05 -0.0169956 0.0836338 4.42654e-05 -0.00013032 -1.68528e-05 4.42654e-05 0.00920741 -0.0170318 4.76966e-05 -0.00013032 -0.0170318 0.084384 
0.00937827 -0.0170611 6.88754e-07 3.42032e-05 -0.0170611 0.0838712 3.51708e-05 -0.000135212 6.88754e-07 3.51708e-05 0.00921784 -0.0170284 3.42032e-05 -0.000135212 -0.0170284 0.0844104 
0.00939226 -0.0171266 1.0178e-05 1.22095e-05 -0.0171266 0.0841954 1.72892e-05 -0.000104896 1.0178e-05 1.72892e-05 0.00925158 -0.0170748 1.22095e-05 -0.000104896 -0.0170748 0.084617 
0.00939351 -0.0171432 1.29257e-05 -2.34261e-06 -0.0171432 0.0843632 5.29586e-06 -6.86521e-05 1.29257e-05 5.29586e-06 0.00928507 -0.0171197 -2.34261e-06 -6.86521e-05 -0.0171197 0.0847951 
0.0093546 -0.0170362 5.04621e-06 -7.78163e-06 -0.0170362 0.0839139 -5.2532e-07 -4.37169e-05 5.04621e-06 -5.2532e-07 0.00925477 -0.0170601 -7.78163e-06 -4.37169e-05 -0.0170601 0.084442 
0.00932511 -0.0169767 3.23056e-07 5.70287e-06 -0.0169767 0.0835786 1.04016e-05 -5.79159e-05 3.23056e-07 1.04016e-05 0.00924207 -0.0170153 5.70287e-06 -5.79159e-05 -0.0170153 0.084181 
0.00933452 -0.0169911 1.12239e-05 1.07419e-05 -0.0169911 0.0836224 1.29013e-05 -7.10733e-05 1.12239e-05 1.29013e-05 0.00924964 -0.0170556 1.07419e-05 -7.10733e-05 -0.0170556 0.0842981 
0.00936677 -0.017044 1.88136e-05 -1.0251e-06 -0.017044 0.0838659 -2.75709e-06 -5.39685e-05 1.88136e-05 -2.75709e-06 0.00926918 -0.0171158 -1.0251e-06 -5.39685e-05 -0.0171158 0.0845984 
0.00939505 -0.0171051 2.10825e-05 -9.42257e-06 -0.0171051 0.0841436 -1.24272e-05 -2.92002e-05 2.10825e-05 -1.24272e-05 0.00929381 -0.017161 -9.42257e-06 -2.92002e-05 -0.017161 0.0848734 
0.00938888 -0.0170799 1.62197e-05 -8.98947e-06 -0.0170799 0.0840283 -1.10394e-05 -2.52729e-05 1.62197e-05 -1.10394e-05 0.00928463 -0.0171272 -8.98947e-06 -2.52729e-05 -0.0171272 0.0847319 
0.00939306 -0.0170792 1.23317e-05 -4.10759e-06 -0.0170792 0.0839992 -2.86278e-06 -3.63842e-05 1.23317e-05 -2.86278e-06 0.00927276 -0.0171241 -4.10759e-06 -3.63842e-05 -0.0171241 0.0846907 
0.0093846 -0.0170831 1.88278e-05 -2.00493e-06 -0.0170831 0.0839847 4.58117e-06 -4.93759e-05 1.88278e-05 4.58117e-06 0.00927335 -0.0171081 -2.00493e-06 -4.93759e-05 -0.0171081 0.0846437 
0.009347 -0.0170576 2.35647e-05 -7.35495e-06 -0.0170576 0.0838783 -2.03413e-06 -4.95978e-05 2.35647e-05 -2.03413e-06 0.00927785 -0.0170842 -7.35495e-06 -4.95978e-05 -0.0170842 0.0845102 
0.00932801 -0.0170071 2.13193e-05 -1.12783e-05 -0.0170071 0.083734 -6.84296e-06 -4.27521e-05 2.13193e-05 -6.84296e-06 0.00926587 -0.0170857 -1.12783e-05 -4.27521e-05 -0.0170857 0.0844402 
0.00931727 -0.0169986 2.35025e-05 -1.14134e-05 -0.0169986 0.0837006 -7.12013e-06 -3.66506e-05 2.35025e-05 -7.12013e-06 0.00927155 -0.0170852 -1.14134e-05 -3.66506e-05 -0.0170852 0.0844572 
0.00935887 -0.0170169 1.73171e-05 -1.47651e-05 -0.0170169 0.083833 -1.03598e-05 -2.97761e-05 1.73171e-05 -1.03598e-05 0.00926233 -0.0171295 -1.47651e-05 -2.97761e-05 -0.0171295 0.0846487 
0.00936934 -0.017037 2.45695e-05 -8.48351e-06 -0.017037 0.0838241 -1.96648e-06 -3.69591e-05 2.45695e-05 -1.96648e-06 0.00924178 -0.0170895 -8.48351e-06 -3.69591e-05 -0.0170895 0.0845778 
0.00932172 -0.0170354 2.86364e-05 -1.21302e-05 -0.0170354 0.0837753 -4.96284e-06 -4.31835e-05 2.86364e-05 -4.96284e-06 0.00926528 -0.0170463 -1.21302e-05 -4.31835e-05 -0.0170463 0.0844169 
0.00930398 -0.0169866 3.06964e-05 -1.65248e-05 -0.0169866 0.0836999 -5.27828e-06 -4.55393e-05 3.06964e-05 -5.27828e-06 0.00927635 -0.0170782 -1.65248e-05 -4.55393e-05 -0.0170782 0.0844131 
0.00929857 -0.0169551 2.71969e-05 -1.97333e-05 -0.0169551 0.0835891 -5.42374e-06 -4.56065e-05 2.71969e-05 -5.42374e-06 0.00927968 -0.0170948 -1.97333e-05 -4.56065e-05 -0.0170948 0.0844451 
0.00928222 -0.0169341 2.76762e-05 -1.38205e-05 -0.0169341 0.0834602 -2.57271e-06 -5.44505e-05 2.76762e-05 -2.57271e-06 0.00927407 -0.0170843 -1.38205e-05 -5.44505e-05 -0.0170843 0.0843892 
0.00931168 -0.0169907 1.94221e-05 -9.21699e-06 -0.0169907 0.0837421 -7.01498e-06 -6.15592e-05 1.94221e-05 -7.01498e-06 0.00928639 -0.0171458 -9.21699e-06 -6.15592e-05 -0.0171458 0.0846929 
0.00929433 -0.0169894 1.70715e-05 3.6729e-06 -0.0169894 0.083751 -2.64779e-06 -7.59267e-05 1.70715e-05 -2.64779e-06 0.00929051 -0.0171266 3.6729e-06 -7.59267e-05 -0.0171266 0.084682 
0.00924629 -0.0168955 9.93069e-06 3.5638e-06 -0.0168955 0.0833611 -3.09067e-06 -7.80272e-05 9.93069e-06 -3.09067e-06 0.009253 -0.0170491 3.5638e-06 -7.80272e-05 -0.0170491 0.084289 
0.00923125 -0.0168255 2.13439e-06 1.08987e-05 -0.0168255 0.0830327 1.00375e-05 -9.46709e-05 2.13439e-06 1.00375e-05 0.00921474 -0.016989 1.08987e-05 -9.46709e-05 -0.016989 0.0839765 
0.00923363 -0.0168358 -1.14557e-05 2.14141e-05 -0.0168358 0.0830019 2.62303e-05 -0.00012872 -1.14557e-05 2.62303e-05 0.0092127 -0.0169758 2.14141e-05 -0.00012872 -0.0169758 0.0839198 
0.00925095 -0.0168434 -9.89286e-06 4.00666e-05 -0.0168434 0.0830157 4.62608e-05 -0.000177937 -9.89286e-06 4.62608e-05 0.00920141 -0.0169784 4.00666e-05 -0.000177937 -0.0169784 0.0839092 
0.00925103 -0.0168953 -6.63803e-06 4.01126e-05 -0.0168953 0.083197 4.68869e-05 -0.000203233 -6.63803e-06 4.68869e-05 0.00922813 -0.0169935 4.01126e-05 -0.000203233 -0.0169935 0.0840251 
0.00926775 -0.0169259 -7.64689e-06 3.64315e-05 -0.0169259 0.0834252 4.37721e-05 -0.000206574 -7.64689e-06 4.37721e-05 0.00925249 -0.0170525 3.64315e-05 -0.000206574 -0.0170525 0.084258 
0.00926885 -0.0169279 -4.84527e-06 3.60674e-05 -0.0169279 0.0834708 4.27423e-05 -0.000203095 -4.84527e-06 4.27423e-05 0.00925568 -0.0170683 3.60674e-05 -0.000203095 -0.0170683 0.0843424 
0.00926054 -0.0168996 -2.18867e-06 3.1378e-05 -0.0168996 0.0833534 3.5027e-05 -0.000188381 -2.18867e-06 3.5027e-05 0.00923736 -0.0170444 3.1378e-05 -0.000188381 -0.0170444 0.0842481 
0.00922623 -0.0168272 4.04239e-06 2.72158e-05 -0.0168272 0.0829848 2.51831e-05 -0.000164081 4.04239e-06 2.51831e-05 0.00920131 -0.0169628 2.72158e-05 -0.000164081 -0.0169628 0.0838771 
0.00921124 -0.0168228 6.4241e-06 2.38534e-05 -0.0168228 0.0829328 1.58135e-05 -0.000145556 6.4241e-06 1.58135e-05 0.00919823 -0.0169506 2.38534e-05 -0.000145556 -0.0169506 0.0838038 
0.00919645 -0.0168083 3.80951e-06 1.74947e-05 -0.0168083 0.0828931 8.26769e-06 -0.000121237 3.80951e-06 8.26769e-06 0.00919662 -0.0169455 1.74947e-05 -0.000121237 -0.0169455 0.0837634 
0.00918405 -0.0167856 5.19682e-06 1.89768e-05 -0.0167856 0.0828229 1.34962e-05 -0.000117076 5.19682e-06 1.34962e-05 0.00918764 -0.0169378 1.89768e-05 -0.000117076 -0.0169378 0.0837164 
0.0091882 -0.0167633 3.56167e-06 1.58962e-05 -0.0167633 0.0827293 1.61634e-05 -0.000117978 3.56167e-06 1.61634e-05 0.0091657 -0.0169164 1.58962e-05 -0.000117978 -0.0169164 0.0836289 
0.0092064 -0.0168284 4.9542e-06 1.52722e-05 -0.0168284 0.0829932 1.97741e-05 -0.000120197 4.9542e-06 1.97741e-05 0.00919318 -0.0169496 1.52722e-05 -0.000120197 -0.0169496 0.0838447 
0.00920995 -0.0168344 6.35879e-06 1.05854e-05 -0.0168344 0.083067 1.70959e-05 -0.000112854 6.35879e-06 1.70959e-05 0.0091971 -0.0169606 1.05854e-05 -0.000112854 -0.0169606 0.0838894 
0.00923383 -0.0168713 7.06536e-06 9.66201e-06 -0.0168713 0.0832641 1.27308e-05 -0.000102921 7.06536e-06 1.27308e-05 0.00921487 -0.0169961 9.66201e-06 -0.000102921 -0.0169961 0.0840766 
0.0092467 -0.0168847 1.79406e-05 1.13717e-05 -0.0168847 0.0833257 1.06058e-05 -9.8741e-05 1.79406e-05 1.06058e-05 0.00922203 -0.017003 1.13717e-05 -9.8741e-05 -0.017003 0.0841247 
0.00925615 -0.0168769 2.59601e-05 -1.45429e-06 -0.0168769 0.083268 -3.63458e-06 -7.55714e-05 2.59601e-05 -3.63458e-06 0.00920052 -0.0169901 -1.45429e-06 -7.55714e-05 -0.0169901 0.0840543 
0.00928758 -0.0169309 2.42861e-05 -1.19396e-05 -0.0169309 0.083471 -1.41748e-05 -4.66285e-05 2.42861e-05 -1.41748e-05 0.00920039 -0.017007 -1.19396e-05 -4.66285e-05 -0.017007 0.0841967 
0.00931272 -0.0169491 9.14739e-06 -1.16482e-05 -0.0169491 0.0835218 -1.44978e-05 -3.19367e-05 9.14739e-06 -1.44978e-05 0.00917691 -0.0169828 -1.16482e-05 -3.19367e-05 -0.0169828 0.0841453 
0.009313 -0.0169515 3.56097e-06 1.13923e-05 -0.0169515 0.0834446 7.25768e-06 -6.73974e-05 3.56097e-06 7.25768e-06 0.00914996 -0.0169175 1.13923e-05 -6.73974e-05 -0.0169175 0.0839098 
0.00930023 -0.0169479 7.91309e-06 1.91078e-05 -0.0169479 0.0833802 1.37773e-05 -9.65906e-05 7.91309e-06 1.37773e-05 0.0091416 -0.0168714 1.91078e-05 -9.65906e-05 -0.0168714 0.0836962 
0.0092513 -0.0168936 -5.88113e-06 1.44746e-05 -0.0168936 0.0831317 9.41131e-06 -0.00010153 -5.88113e-06 9.41131e-06 0.00914222 -0.0168255 1.44746e-05 -0.00010153 -0.0168255 0.0834073 
0.00925648 -0.0168556 -1.74522e-05 2.87569e-05 -0.0168556 0.0830344 2.10506e-05 -0.000115016 -1.74522e-05 2.10506e-05 0.00913437 -0.0168607 2.87569e-05 -0.000115016 -0.0168607 0.0834327 
0.00923242 -0.0168245 -1.94576e-05 4.35988e-05 -0.0168245 0.0828218 3.25381e-05 -0.000143169 -1.94576e-05 3.25381e-05 0.00911409 -0.0168298 4.35988e-05 -0.000143169 -0.0168298 0.0833064 
0.00922301 -0.0168125 1.25094e-06 4.32564e-05 -0.0168125 0.0827655 3.13507e-05 -0.000148847 1.25094e-06 3.13507e-05 0.00910719 -0.0168248 4.32564e-05 -0.000148847 -0.0168248 0.0832929 
0.00918429 -0.0167578 1.20961e-05 1.93228e-05 -0.0167578 0.0825044 1.00714e-05 -0.00011655 1.20961e-05 1.00714e-05 0.00909039 -0.0167707 1.93228e-05 -0.00011655 -0.0167707 0.0830461 
0.00915575 -0.0167467 1.38437e-05 8.27186e-07 -0.0167467 0.0824805 -2.8568e-06 -7.16271e-05 1.38437e-05 -2.8568e-06 0.00910563 -0.0167778 8.27186e-07 -7.16271e-05 -0.0167778 0.0830441 
0.00914441 -0.0166942 -4.6775e-07 -1.35532e-06 -0.0166942 0.0823303 -2.54245e-06 -5.21699e-05 -4.6775e-07 -2.54245e-06 0.00907775 -0.016781 -1.35532e-06 -5.21699e-05 -0.016781 0.0829919 
0.00914138 -0.016719 5.6182e-06 1.57051e-05 -0.016719 0.0824302 1.33101e-05 -7.07225e-05 5.6182e-06 1.33101e-05 0.00909253 -0.0167852 1.57051e-05 -7.07225e-05 -0.0167852 0.0831097 
0.00910878 -0.0166709 1.29701e-05 1.1248e-05 -0.0166709 0.0822533 1.05478e-05 -8.1074e-05 1.29701e-05 1.05478e-05 0.00908858 -0.0167478 1.1248e-05 -8.1074e-05 -0.0167478 0.0829236 
0.00910079 -0.0166599 1.18204e-05 -4.5478e-06 -0.0166599 0.0822544 2.26157e-07 -5.74068e-05 1.18204e-05 2.26157e-07 0.00909982 -0.01677 -4.5478e-06 -5.74068e-05 -0.01677 0.0829737 
0.00910121 -0.0166447 3.78037e-06 -4.94258e-06 -0.0166447 0.0822166 3.30605e-06 -4.63946e-05 3.78037e-06 3.30605e-06 0.00909973 -0.0167794 -4.94258e-06 -4.63946e-05 -0.0167794 0.0829972 
0.00911567 -0.016635 -1.62045e-05 5.34253e-06 -0.016635 0.0821541 1.48809e-05 -6.25219e-05 -1.62045e-05 1.48809e-05 0.00907706 -0.0167695 5.34253e-06 -6.25219e-05 -0.0167695 0.0829574 
0.00911579 -0.0166716 -2.36923e-05 3.08213e-05 -0.0166716 0.0822424 4.10395e-05 -0.000112785 -2.36923e-05 4.10395e-05 0.0090911 -0.0167541 3.08213e-05 -0.000112785 -0.0167541 0.0829615 
0.00912324 -0.0166737 4.13281e-06 4.40904e-05 -0.0166737 0.0822941 5.25759e-05 -0.000160577 4.13281e-06 5.25759e-05 0.0090875 -0.0167722 4.40904e-05 -0.000160577 -0.0167722 0.0829912 
0.00909842 -0.016672 2.09527e-05 1.34416e-05 -0.016672 0.0822747 1.76206e-05 -0.000130618 2.09527e-05 1.76206e-05 0.00909737 -0.016758 1.34416e-05 -0.000130618 -0.016758 0.082954 
0.00906507 -0.0166156 1.92908e-05 -8.70391e-06 -0.0166156 0.0820939 -6.43456e-06 -7.09179e-05 1.92908e-05 -6.43456e-06 0.00909408 -0.0167448 -8.70391e-06 -7.09179e-05 -0.0167448 0.0828283 
0.00968244 -0.0176757 6.83794e-06 -9.48285e-06 -0.0176757 0.0873927 -1.0989e-05 -4.22621e-05 6.83794e-06 -1.0989e-05 0.00967855 -0.0178585 -9.48285e-06 -4.22621e-05 -0.0178585 0.0882896 
0.0096838 -0.0176762 1.6426e-05 8.964e-06 -0.0176762 0.0872546 4.23429e-06 -5.87778e-05 1.6426e-05 4.23429e-06 0.00965452 -0.0178115 8.964e-06 -5.87778e-05 -0.0178115 0.0881207 
0.00967774 -0.0176949 1.58264e-05 1.33564e-06 -0.0176949 0.087279 -7.16374e-06 -5.77151e-05 1.58264e-05 -7.16374e-06 0.00966121 -0.0177962 1.33564e-06 -5.77151e-05 -0.0177962 0.0880558 
0.00968852 -0.0177195 1.96498e-06 -8.98184e-07 -0.0177195 0.0874295 -8.92095e-06 -4.53063e-05 1.96498e-06 -8.92095e-06 0.00967789 -0.0178377 -8.98184e-07 -4.53063e-05 -0.0178377 0.0881951 
0.00969853 -0.0177272 -1.20941e-05 1.51948e-05 -0.0177272 0.0874867 1.23264e-05 -7.14486e-05 -1.20941e-05 1.23264e-05 0.00967239 -0.0178572 1.51948e-05 -7.14486e-05 -0.0178572 0.0882835 
0.00909849 -0.0166111 3.03117e-06 3.08794e-05 -0.0166111 0.0819606 2.94702e-05 -0.000109159 3.03117e-06 2.94702e-05 0.00903286 -0.016715 3.08794e-05 -0.000109159 -0.016715 0.0826933 
0.0091025 -0.0166241 2.55491e-05 1.33914e-05 -0.0166241 0.0819782 8.2947e-06 -9.54331e-05 2.55491e-05 8.2947e-06 0.00902016 -0.0166772 1.33914e-05 -9.54331e-05 -0.0166772 0.08262 
0.0091042 -0.016628 3.21923e-05 -1.42258e-05 -0.016628 0.0819863 -2.20362e-05 -3.47366e-05 3.21923e-05 -2.20362e-05 0.0090118 -0.0166529 -1.42258e-05 -3.47366e-05 -0.0166529 0.0825308 
0.00912201 -0.0166675 1.92296e-05 -2.76753e-05 -0.0166675 0.0821734 -3.26764e-05 1.79192e-05 1.92296e-05 -3.26764e-05 0.00902749 -0.0166761 -2.76753e-05 1.79192e-05 -0.0166761 0.0826515 
0.00913942 -0.0167015 1.47055e-05 -1.72487e-05 -0.0167015 0.0823522 -2.02233e-05 2.41723e-05 1.47055e-05 -2.02233e-05 0.00904232 -0.0167056 -1.72487e-05 2.41723e-05 -0.0167056 0.0827949 
0.009107 -0.0166501 7.26543e-06 -8.27768e-06 -0.0166501 0.0821106 -1.17931e-05 5.41217e-06 7.26543e-06 -1.17931e-05 0.00902772 -0.0166504 -8.27768e-06 5.41217e-06 -0.0166504 0.0825317 
0.00910237 -0.0166778 7.35065e-06 1.50666e-06 -0.0166778 0.082262 -4.96215e-06 -1.33207e-05 7.35065e-06 -4.96215e-06 0.00906778 -0.0166901 1.50666e-06 -1.33207e-05 -0.0166901 0.0826824 
0.00909718 -0.0166591 1.977e-06 6.75617e-06 -0.0166591 0.082264 6.47457e-07 -3.58191e-05 1.977e-06 6.47457e-07 0.00908385 -0.0167334 6.75617e-06 -3.58191e-05 -0.0167334 0.0827918 
0.0091072 -0.0166882 -9.4664e-06 9.71974e-06 -0.0166882 0.0824412 5.81359e-06 -4.80441e-05 -9.4664e-06 5.81359e-06 0.00911453 -0.0168006 9.71974e-06 -4.80441e-05 -0.0168006 0.0830974 
0.00910897 -0.0166906 -1.51006e-05 2.28439e-05 -0.0166906 0.0825078 2.0987e-05 -7.48292e-05 -1.51006e-05 2.0987e-05 0.00913703 -0.0168388 2.28439e-05 -7.48292e-05 -0.0168388 0.0832837 
0.00912656 -0.0166873 -2.26899e-05 2.824e-05 -0.0166873 0.0825314 2.78412e-05 -9.50335e-05 -2.26899e-05 2.78412e-05 0.00913678 -0.0168706 2.824e-05 -9.50335e-05 -0.0168706 0.0834247 
0.00912353 -0.0166646 -1.82717e-05 3.63497e-05 -0.0166646 0.0823745 3.358e-05 -0.000109471 -1.82717e-05 3.358e-05 0.00912257 -0.0168374 3.63497e-05 -0.000109471 -0.0168374 0.0833157 
0.00911348 -0.0166489 -1.44158e-06 3.0103e-05 -0.0166489 0.0822334 2.44677e-05 -9.87138e-05 -1.44158e-06 2.44677e-05 0.00911467 -0.0167996 3.0103e-05 -9.87138e-05 -0.0167996 0.0831437 
0.0091378 -0.0166563 1.89625e-06 9.64623e-06 -0.0166563 0.0822455 1.33302e-06 -5.63424e-05 1.89625e-06 1.33302e-06 0.00910517 -0.0168113 9.64623e-06 -5.63424e-05 -0.0168113 0.0831512 
0.00919218 -0.0167367 2.05423e-07 2.0576e-06 -0.0167367 0.0825351 -5.48834e-06 -2.1329e-05 2.05423e-07 -5.48834e-06 0.00910619 -0.0168475 2.0576e-06 -2.1329e-05 -0.0168475 0.0833749 
0.00921781 -0.0167703 -5.55516e-06 2.02039e-06 -0.0167703 0.082599 -2.03319e-06 -9.12615e-06 -5.55516e-06 -2.03319e-06 0.00907797 -0.0168066 2.02039e-06 -9.12615e-06 -0.0168066 0.0832751 
0.00922214 -0.0167887 -6.50293e-06 1.06338e-05 -0.0167887 0.082601 1.1474e-05 -2.78608e-05 -6.50293e-06 1.1474e-05 0.00905299 -0.0167506 1.06338e-05 -2.78608e-05 -0.0167506 0.0830756 
0.00921454 -0.0168002 -3.31446e-06 7.96047e-06 -0.0168002 0.0826335 1.34903e-05 -3.49258e-05 -3.31446e-06 1.34903e-05 0.00904946 -0.0167253 7.96047e-06 -3.49258e-05 -0.0167253 0.0829645 
0.0091884 -0.0167833 6.87009e-06 2.15575e-06 -0.0167833 0.0825851 1.00338e-05 -2.91884e-05 6.87009e-06 1.00338e-05 0.00907005 -0.0167106 2.15575e-06 -2.91884e-05 -0.0167106 0.082863 
0.00916407 -0.0167717 1.89528e-05 -1.0835e-05 -0.0167717 0.0826192 -6.81323e-06 1.52564e-06 1.89528e-05 -6.81323e-06 0.0091106 -0.0167693 -1.0835e-05 1.52564e-06 -0.0167693 0.0830109 
0.00912611 -0.0167232 2.63307e-05 -2.47641e-05 -0.0167232 0.0825005 -2.66674e-05 4.57732e-05 2.63307e-05 -2.66674e-05 0.00913939 -0.0168092 -2.47641e-05 4.57732e-05 -0.0168092 0.0831012 
0.00911238 -0.0166783 1.78129e-05 -3.2851e-05 -0.0166783 0.082387 -3.80674e-05 8.1136e-05 1.78129e-05 -3.80674e-05 0.00915429 -0.0168497 -3.2851e-05 8.1136e-05 -0.0168497 0.0832164 
0.00911739 -0.0166652 6.68549e-06 -2.42635e-05 -0.0166652 0.0823358 -3.15497e-05 8.77482e-05 6.68549e-06 -3.15497e-05 0.00915883 -0.0168761 -2.42635e-05 8.77482e-05 -0.0168761 0.0833263 
0.009118 -0.0166395 5.61721e-06 -6.5826e-06 -0.0166395 0.0821806 -1.53423e-05 5.72273e-05 5.61721e-06 -1.53423e-05 0.0091436 -0.016858 -6.5826e-06 5.72273e-05 -0.016858 0.0832515 
0.00916128 -0.0167014 6.41748e-06 -1.88649e-06 -0.0167014 0.082413 -7.55511e-06 2.65598e-05 6.41748e-06 -7.55511e-06 0.00915253 -0.0168967 -1.88649e-06 2.65598e-05 -0.0168967 0.0834691 
0.00920801 -0.0168106 2.33735e-05 -4.51244e-06 -0.0168106 0.0828763 -6.01336e-06 1.54453e-05 2.33735e-05 -6.01336e-06 0.00919083 -0.0169606 -4.51244e-06 1.54453e-05 -0.0169606 0.0838487 
0.00924185 -0.0168848 4.11508e-05 -2.51121e-05 -0.0168848 0.0832525 -2.6835e-05 4.42467e-05 4.11508e-05 -2.6835e-05 0.00922948 -0.0170153 -2.51121e-05 4.42467e-05 -0.0170153 0.0841445 
0.00926835 -0.0169296 3.43301e-05 -5.00169e-05 -0.0169296 0.0835036 -5.21019e-05 0.000102123 3.43301e-05 -5.21019e-05 0.00925958 -0.0170639 -5.00169e-05 0.000102123 -0.0170639 0.0843691 
0.00928449 -0.0169534 1.80819e-05 -4.95635e-05 -0.0169534 0.0836268 -4.52319e-05 0.000128846 1.80819e-05 -4.52319e-05 0.00926855 -0.0170925 -4.95635e-05 0.000128846 -0.0170925 0.0844962 
0.0093192 -0.0169876 7.18886e-06 -3.12077e-05 -0.0169876 0.0837958 -2.22013e-05 0.000102075 7.18886e-06 -2.22013e-05 0.00926708 -0.017125 -3.12077e-05 0.000102075 -0.017125 0.0846746 
