0.00733697 0 -7.85897e-05 0 0 0.0102724 0 0 -7.85897e-05 0 0.00719025 0 0 0 0 0.0102724 
0.0105746 -0.0131223 -9.1796e-05 0.000111108 -0.0131223 0.0347711 0.000111108 -0.000213211 -9.1796e-05 0.000111108 0.010415 -0.0129314 0.000111108 -0.000213211 -0.0129314 0.0344045 
0.0108321 -0.0202091 -7.36218e-05 7.24288e-05 -0.0202091 0.0744512 7.24288e-05 -0.000209385 -7.36218e-05 7.24288e-05 0.0108131 -0.0201608 7.24288e-05 -0.000209385 -0.0201608 0.0743515 
0.00857944 -0.016549 -4.29735e-05 -2.3377e-05 -0.016549 0.0742208 -3.1767e-05 0.000285223 -4.29735e-05 -3.1767e-05 0.0086532 -0.0167923 -2.3377e-05 0.000285223 -0.0167923 0.0753825 
0.00980235 -0.0182507 -4.46218e-05 -3.73674e-05 -0.0182507 0.0879953 -5.47594e-05 0.000586471 -4.46218e-05 -5.47594e-05 0.00988382 -0.0186219 -3.73674e-05 0.000586471 -0.0186219 0.0900691 
0.00957767 -0.0175251 -4.17814e-05 -9.97621e-06 -0.0175251 0.085937 -2.72582e-05 0.000474067 -4.17814e-05 -2.72582e-05 0.00962671 -0.0178134 -9.97621e-06 0.000474067 -0.0178134 0.087756 
0.00933218 -0.0170335 -3.14921e-05 2.55734e-06 -0.0170335 0.0837747 -1.11814e-05 0.000318935 -3.14921e-05 -1.11814e-05 0.00936685 -0.0172317 2.55734e-06 0.000318935 -0.0172317 0.0851139 
0.00909717 -0.0165976 -2.25799e-05 -5.74697e-06 -0.0165976 0.0817752 -1.77056e-05 0.000244343 -2.25799e-05 -1.77056e-05 0.00911856 -0.0167681 -5.74697e-06 0.000244343 -0.0167681 0.0828176 
0.0102771 -0.0187332 -1.75485e-05 -2.26201e-05 -0.0187332 0.0923858 -3.26894e-05 0.000272037 -1.75485e-05 -3.26894e-05 0.0102943 -0.0189189 -2.26201e-05 0.000272037 -0.0189189 0.0934424 
0.0101517 -0.0184919 -2.80666e-05 -3.84252e-05 -0.0184919 0.0911949 -4.57222e-05 0.000298276 -2.80666e-05 -4.57222e-05 0.0101595 -0.0186809 -3.84252e-05 0.000298276 -0.0186809 0.0922245 
0.0101218 -0.0184286 -4.1547e-05 -3.09284e-05 -0.0184286 0.0908308 -3.41575e-05 0.000303068 -4.1547e-05 -3.41575e-05 0.0100987 -0.0186046 -3.09284e-05 0.000303068 -0.0186046 0.0918425 
0.010143 -0.018465 -4.59492e-05 -1.32775e-05 -0.018465 0.0909514 -1.33622e-05 0.000271296 -4.59492e-05 -1.33622e-05 0.0100623 -0.0185994 -1.32775e-05 0.000271296 -0.0185994 0.0918906 
0.0101029 -0.0184314 -3.66767e-05 -4.26835e-06 -0.0184314 0.0907331 -1.93791e-06 0.000232479 -3.66767e-05 -1.93791e-06 0.0100166 -0.0184789 -4.26835e-06 0.000232479 -0.0184789 0.0914822 
0.0100332 -0.0183154 -2.2475e-05 -1.77513e-05 -0.0183154 0.0902126 -1.31965e-05 0.000236967 -2.2475e-05 -1.31965e-05 0.00996846 -0.0183382 -1.77513e-05 0.000236967 -0.0183382 0.0908087 
0.00999535 -0.018209 -2.22652e-05 -3.71712e-05 -0.018209 0.0897313 -2.88518e-05 0.000270343 -2.22652e-05 -2.88518e-05 0.00991909 -0.0182574 -3.71712e-05 0.000270343 -0.0182574 0.0903082 
0.00996322 -0.0181665 -3.45388e-05 -3.84749e-05 -0.0181665 0.089453 -3.183e-05 0.000290472 -3.45388e-05 -3.183e-05 0.0098917 -0.0182071 -3.84749e-05 0.000290472 -0.0182071 0.0900277 
0.00996433 -0.018183 -4.05678e-05 -2.05116e-05 -0.018183 0.0895364 -1.58511e-05 0.000267355 -4.05678e-05 -1.58511e-05 0.00990519 -0.0182345 -2.05116e-05 0.000267355 -0.0182345 0.0901306 
0.00993802 -0.0181146 -3.6569e-05 -7.41398e-06 -0.0181146 0.089225 -3.02756e-06 0.000225522 -3.6569e-05 -3.02756e-06 0.00987508 -0.0181806 -7.41398e-06 0.000225522 -0.0181806 0.0898492 
0.00994907 -0.0181251 -3.34313e-05 -1.25055e-05 -0.0181251 0.0892345 -8.35432e-06 0.000216378 -3.34313e-05 -8.35432e-06 0.00986499 -0.018184 -1.25055e-05 0.000216378 -0.018184 0.0898578 
0.00994025 -0.0181117 -2.75405e-05 -1.67269e-05 -0.0181117 0.0891258 -1.67951e-05 0.000228847 -2.75405e-05 -1.67951e-05 0.00984347 -0.0181452 -1.67269e-05 0.000228847 -0.0181452 0.0897061 
0.009951 -0.0181554 -1.22056e-05 -2.17643e-05 -0.0181554 0.0893156 -2.58732e-05 0.000246208 -1.22056e-05 -2.58732e-05 0.00984448 -0.0181649 -2.17643e-05 0.000246208 -0.0181649 0.0898253 
0.00997855 -0.0182324 5.52823e-07 -3.95078e-05 -0.0182324 0.0897244 -4.66142e-05 0.00028565 5.52823e-07 -4.66142e-05 0.0098724 -0.0182184 -3.95078e-05 0.00028565 -0.0182184 0.0901518 
0.0099707 -0.0182268 -1.05385e-05 -5.51376e-05 -0.0182268 0.08977 -6.20341e-05 0.000326738 -1.05385e-05 -6.20341e-05 0.00988608 -0.0182079 -5.51376e-05 0.000326738 -0.0182079 0.0901433 
0.00996472 -0.0182221 -1.39048e-05 -4.0925e-05 -0.0182221 0.0898118 -4.74433e-05 0.000320513 -1.39048e-05 -4.74433e-05 0.0099035 -0.0182357 -4.0925e-05 0.000320513 -0.0182357 0.0902223 
0.00995206 -0.0181437 -2.58023e-05 -3.44788e-05 -0.0181437 0.0894743 -4.10365e-05 0.000298733 -2.58023e-05 -4.10365e-05 0.00985336 -0.0181874 -3.44788e-05 0.000298733 -0.0181874 0.0899553 
0.00994763 -0.0180953 -2.08856e-05 -2.40835e-05 -0.0180953 0.0891428 -2.87951e-05 0.000277136 -2.08856e-05 -2.87951e-05 0.00978791 -0.0180979 -2.40835e-05 0.000277136 -0.0180979 0.0895951 
0.00996665 -0.0181567 -1.86688e-05 -2.67353e-05 -0.0181567 0.0893016 -2.89095e-05 0.000263241 -1.86688e-05 -2.89095e-05 0.00979079 -0.0180711 -2.67353e-05 0.000263241 -0.0180711 0.0895784 
0.00991532 -0.0181495 -4.0227e-05 -3.15209e-05 -0.0181495 0.089252 -3.02777e-05 0.000264562 -4.0227e-05 -3.02777e-05 0.00981743 -0.0180376 -3.15209e-05 0.000264562 -0.0180376 0.0893947 
0.00986177 -0.0180674 -4.37716e-05 -6.52357e-06 -0.0180674 0.0890292 -6.10393e-06 0.000228902 -4.37716e-05 -6.10393e-06 0.00982646 -0.0180533 -6.52357e-06 0.000228902 -0.0180533 0.089279 
0.00983477 -0.0180327 -2.14212e-05 1.95671e-06 -0.0180327 0.0889794 -1.81688e-06 0.000196534 -2.14212e-05 -1.81688e-06 0.00985297 -0.0181096 1.95671e-06 0.000196534 -0.0181096 0.0894581 
0.00980119 -0.0179611 -1.2585e-05 -2.17633e-05 -0.0179611 0.0887193 -3.11058e-05 0.000224069 -1.2585e-05 -3.11058e-05 0.00984676 -0.0181034 -2.17633e-05 0.000224069 -0.0181034 0.0893945 
0.00980045 -0.0179537 -6.61558e-06 -3.24724e-05 -0.0179537 0.088717 -4.45894e-05 0.000264019 -6.61558e-06 -4.45894e-05 0.00985635 -0.0181355 -3.24724e-05 0.000264019 -0.0181355 0.0895382 
0.00983888 -0.0179732 -5.72446e-06 -4.42884e-05 -0.0179732 0.0888205 -5.56358e-05 0.000301306 -5.72446e-06 -5.56358e-05 0.00985046 -0.0181647 -4.42884e-05 0.000301306 -0.0181647 0.0897043 
0.00986528 -0.017984 -1.6098e-05 -4.62518e-05 -0.017984 0.0887731 -5.47632e-05 0.000315805 -1.6098e-05 -5.47632e-05 0.0098116 -0.0181239 -4.62518e-05 0.000315805 -0.0181239 0.0895999 
0.00988476 -0.0180383 -2.47783e-05 -3.33015e-05 -0.0180383 0.0889065 -3.89801e-05 0.000295935 -2.47783e-05 -3.89801e-05 0.00980433 -0.0180901 -3.33015e-05 0.000295935 -0.0180901 0.0895517 
0.00988962 -0.0180773 -2.7478e-05 -2.44135e-05 -0.0180773 0.0890654 -2.52149e-05 0.000267491 -2.7478e-05 -2.52149e-05 0.00981593 -0.018083 -2.44135e-05 0.000267491 -0.018083 0.0895375 
0.00989847 -0.0180883 -3.9566e-05 -2.13493e-05 -0.0180883 0.089167 -1.84859e-05 0.000247297 -3.9566e-05 -1.84859e-05 0.00982371 -0.0181035 -2.13493e-05 0.000247297 -0.0181035 0.0895874 
0.00986975 -0.0180285 -5.6088e-05 -6.55993e-06 -0.0180285 0.088879 -2.61871e-06 0.000215323 -5.6088e-05 -2.61871e-06 0.0097955 -0.0180443 -6.55993e-06 0.000215323 -0.0180443 0.0892897 
0.00985289 -0.0179696 -6.47842e-05 1.45208e-05 -0.0179696 0.0885748 1.53473e-05 0.000171499 -6.47842e-05 1.53473e-05 0.00974951 -0.0179849 1.45208e-05 0.000171499 -0.0179849 0.0889769 
0.00982703 -0.0179882 -3.50158e-05 2.56643e-05 -0.0179882 0.0885858 2.27377e-05 0.000140662 -3.50158e-05 2.27377e-05 0.00975934 -0.0179617 2.56643e-05 0.000140662 -0.0179617 0.0889145 
0.0098171 -0.0179593 -1.05199e-05 -9.83424e-06 -0.0179593 0.0885518 -1.41175e-05 0.000185477 -1.05199e-05 -1.41175e-05 0.00975479 -0.0179711 -9.83424e-06 0.000185477 -0.0179711 0.0888909 
0.00983866 -0.017993 4.63814e-06 -4.35646e-05 -0.017993 0.0887393 -4.82986e-05 0.000270718 4.63814e-06 -4.82986e-05 0.00976542 -0.0180138 -4.35646e-05 0.000270718 -0.0180138 0.0891148 
0.00985932 -0.0180234 1.27606e-05 -6.12619e-05 -0.0180234 0.0888854 -6.51949e-05 0.000331464 1.27606e-05 -6.51949e-05 0.00976822 -0.0180248 -6.12619e-05 0.000331464 -0.0180248 0.0892331 
0.00983057 -0.0179751 4.72898e-06 -6.84536e-05 -0.0179751 0.0886277 -6.88771e-05 0.000353763 4.72898e-06 -6.88771e-05 0.00974505 -0.0179471 -6.84536e-05 0.000353763 -0.0179471 0.0889015 
0.00981827 -0.0179743 -1.32866e-06 -5.78687e-05 -0.0179743 0.0886369 -5.38682e-05 0.000336122 -1.32866e-06 -5.38682e-05 0.00974982 -0.0179604 -5.78687e-05 0.000336122 -0.0179604 0.0889109 
0.00982007 -0.0179168 9.20792e-07 -4.5783e-05 -0.0179168 0.0884142 -4.06688e-05 0.000296616 9.20792e-07 -4.06688e-05 0.00970012 -0.0179332 -4.5783e-05 0.000296616 -0.0179332 0.0887535 
0.00979699 -0.0178809 -1.5565e-05 -4.70967e-05 -0.0178809 0.088135 -4.23704e-05 0.000279114 -1.5565e-05 -4.23704e-05 0.0096501 -0.0178425 -4.70967e-05 0.000279114 -0.0178425 0.0884338 
0.0097389 -0.0178407 -2.88986e-05 -3.21379e-05 -0.0178407 0.0878924 -2.55971e-05 0.000255581 -2.88986e-05 -2.55971e-05 0.00964041 -0.017752 -3.21379e-05 0.000255581 -0.017752 0.0880582 
0.00972832 -0.0178524 -4.02383e-05 -1.39191e-05 -0.0178524 0.0880651 -6.59441e-06 0.000211013 -4.02383e-05 -6.59441e-06 0.00968083 -0.0178109 -1.39191e-05 0.000211013 -0.0178109 0.0882338 
0.00970046 -0.0177939 -4.56047e-05 2.97442e-06 -0.0177939 0.0879044 7.28081e-06 0.000166117 -4.56047e-05 7.28081e-06 0.00968846 -0.0178268 2.97442e-06 0.000166117 -0.0178268 0.0882194 
0.00969656 -0.0177564 -4.11375e-05 1.19505e-05 -0.0177564 0.0877735 1.13079e-05 0.000138957 -4.11375e-05 1.13079e-05 0.00967477 -0.0178423 1.19505e-05 0.000138957 -0.0178423 0.088247 
0.00966995 -0.0177138 -2.74573e-05 5.54729e-06 -0.0177138 0.0875247 8.0755e-07 0.000144871 -2.74573e-05 8.0755e-07 0.00965567 -0.0177879 5.54729e-06 0.000144871 -0.0177879 0.0880428 
0.00965921 -0.017679 -1.57402e-05 -1.36593e-05 -0.017679 0.0873567 -2.09373e-05 0.000187629 -1.57402e-05 -2.09373e-05 0.0096272 -0.0177629 -1.36593e-05 0.000187629 -0.0177629 0.0878968 
0.00965884 -0.0176789 -5.20683e-06 -3.00034e-05 -0.0176789 0.0873151 -3.75672e-05 0.000236428 -5.20683e-06 -3.75672e-05 0.009613 -0.0177357 -3.00034e-05 0.000236428 -0.0177357 0.0878187 
0.00966341 -0.0177218 1.88361e-05 -4.40373e-05 -0.0177218 0.0875036 -4.82608e-05 0.000275849 1.88361e-05 -4.82608e-05 0.00963936 -0.017754 -4.40373e-05 0.000275849 -0.017754 0.0879364 
0.0096684 -0.0176764 2.95567e-05 -7.14965e-05 -0.0176764 0.0873447 -6.93761e-05 0.000321268 2.95567e-05 -6.93761e-05 0.00959464 -0.0177318 -7.14965e-05 0.000321268 -0.0177318 0.0877757 
0.00971126 -0.0177158 1.65678e-05 -8.45584e-05 -0.0177158 0.0874466 -7.53915e-05 0.000351067 1.65678e-05 -7.53915e-05 0.00956773 -0.0177141 -8.45584e-05 0.000351067 -0.0177141 0.0877997 
0.00976084 -0.0178025 -6.9405e-06 -6.79589e-05 -0.0178025 0.087738 -5.64486e-05 0.000331069 -6.9405e-06 -5.64486e-05 0.00956031 -0.0177036 -6.79589e-05 0.000331069 -0.0177036 0.0878814 
0.0097771 -0.0178795 -2.07639e-05 -3.35052e-05 -0.0178795 0.0880378 -2.58299e-05 0.000261943 -2.07639e-05 -2.58299e-05 0.0095858 -0.0177019 -3.35052e-05 0.000261943 -0.0177019 0.0879512 
0.00976401 -0.0178851 -3.19721e-05 -1.57391e-05 -0.0178851 0.0881231 -1.43529e-05 0.000208704 -3.19721e-05 -1.43529e-05 0.00961341 -0.0177123 -1.57391e-05 0.000208704 -0.0177123 0.087942 
0.0097281 -0.0178405 -2.50839e-05 -4.39421e-06 -0.0178405 0.0879899 -4.60608e-06 0.000175829 -2.50839e-05 -4.60608e-06 0.00963099 -0.0177217 -4.39421e-06 0.000175829 -0.0177217 0.0878768 
0.00970892 -0.0178049 -2.15426e-05 -1.78604e-05 -0.0178049 0.0879062 -1.57998e-05 0.000188622 -2.15426e-05 -1.57998e-05 0.00964225 -0.0177575 -1.78604e-05 0.000188622 -0.0177575 0.0879487 
0.00966673 -0.0177654 -2.47219e-05 -2.31626e-05 -0.0177654 0.0877602 -2.10152e-05 0.000210061 -2.47219e-05 -2.10152e-05 0.00965685 -0.0177639 -2.31626e-05 0.000210061 -0.0177639 0.0879566 
0.00964467 -0.0177319 -3.13034e-05 -1.87196e-05 -0.0177319 0.0877062 -1.68022e-05 0.000211176 -3.13034e-05 -1.68022e-05 0.00967763 -0.0177967 -1.87196e-05 0.000211176 -0.0177967 0.0880582 
0.00964123 -0.0176799 -4.42406e-05 -9.42725e-06 -0.0176799 0.0875364 -9.07814e-06 0.000194838 -4.42406e-05 -9.07814e-06 0.00966911 -0.0178113 -9.42725e-06 0.000194838 -0.0178113 0.0880747 
0.00964423 -0.0176556 -3.71167e-05 7.93407e-06 -0.0176556 0.0873651 3.22566e-06 0.000166414 -3.71167e-05 3.22566e-06 0.00964036 -0.0177874 7.93407e-06 0.000166414 -0.0177874 0.0879922 
0.00962786 -0.0176389 -2.86849e-05 2.2921e-06 -0.0176389 0.0872023 -3.31118e-06 0.000158792 -2.86849e-05 -3.31118e-06 0.00961947 -0.0177334 2.2921e-06 0.000158792 -0.0177334 0.0877985 
0.00963176 -0.0176309 -2.41317e-05 -4.36944e-06 -0.0176309 0.0871541 -1.04657e-05 0.000165885 -2.41317e-05 -1.04657e-05 0.00961 -0.0177153 -4.36944e-06 0.000165885 -0.0177153 0.0877068 
0.00962018 -0.0176038 -2.40228e-05 -1.06229e-05 -0.0176038 0.0869717 -1.62891e-05 0.00017912 -2.40228e-05 -1.62891e-05 0.00958792 -0.017668 -1.06229e-05 0.00017912 -0.017668 0.0874755 
0.00963345 -0.0176441 -2.21041e-05 -1.09498e-05 -0.0176441 0.0871284 -1.61176e-05 0.00018427 -2.21041e-05 -1.61176e-05 0.00960149 -0.0176941 -1.09498e-05 0.00018427 -0.0176941 0.0875879 
0.00966217 -0.0177151 -7.45814e-06 -1.55478e-05 -0.0177151 0.087487 -2.2203e-05 0.000198052 -7.45814e-06 -2.2203e-05 0.00963784 -0.0177638 -1.55478e-05 0.000198052 -0.0177638 0.0879266 
0.00965952 -0.0177057 -4.30584e-06 -3.50071e-05 -0.0177057 0.0874722 -4.441e-05 0.000239418 -4.30584e-06 -4.441e-05 0.00963235 -0.0177538 -3.50071e-05 0.000239418 -0.0177538 0.0878908 
0.00967113 -0.0177198 -3.56231e-06 -4.07151e-05 -0.0177198 0.0875438 -4.9091e-05 0.000269591 -3.56231e-06 -4.9091e-05 0.00963415 -0.0177603 -4.07151e-05 0.000269591 -0.0177603 0.0879352 
0.00965197 -0.0177078 -2.09042e-05 -4.5454e-05 -0.0177078 0.087474 -4.82611e-05 0.000284661 -2.09042e-05 -4.82611e-05 0.00963744 -0.0177373 -4.5454e-05 0.000284661 -0.0177373 0.0878336 
0.00963048 -0.0176725 -4.01208e-05 -2.36371e-05 -0.0176725 0.0873489 -2.55113e-05 0.000255518 -4.01208e-05 -2.55113e-05 0.00963566 -0.0177307 -2.36371e-05 0.000255518 -0.0177307 0.0877406 
0.00963112 -0.0176475 -4.66036e-05 3.90474e-06 -0.0176475 0.0872613 -1.27845e-06 0.000196778 -4.66036e-05 -1.27845e-06 0.00962115 -0.0177334 3.90474e-06 0.000196778 -0.0177334 0.0877192 
0.00964807 -0.0176707 -5.36e-05 1.49632e-05 -0.0176707 0.0873277 8.35763e-06 0.000152716 -5.36e-05 8.35763e-06 0.00962007 -0.0177333 1.49632e-05 0.000152716 -0.0177333 0.0877706 
0.00965853 -0.0177141 -4.47614e-05 2.03802e-05 -0.0177141 0.087501 1.58562e-05 0.000130252 -4.47614e-05 1.58562e-05 0.00965368 -0.0177508 2.03802e-05 0.000130252 -0.0177508 0.0878818 
0.00967609 -0.0177364 -3.90371e-05 8.59134e-06 -0.0177364 0.0876409 5.71908e-06 0.000139109 -3.90371e-05 5.71908e-06 0.00967233 -0.0177957 8.59134e-06 0.000139109 -0.0177957 0.0880203 
0.00966726 -0.0177682 -3.04608e-05 -7.5631e-09 -0.0177682 0.0877825 -6.83304e-06 0.000168361 -3.04608e-05 -6.83304e-06 0.0097141 -0.0178298 -7.5631e-09 0.000168361 -0.0178298 0.0881745 
0.00967182 -0.0177412 -1.55872e-05 -1.22224e-05 -0.0177412 0.0877541 -2.44303e-05 0.000209922 -1.55872e-05 -2.44303e-05 0.00970243 -0.017867 -1.22224e-05 0.000209922 -0.017867 0.088248 
0.00968899 -0.0177489 -5.06654e-06 -3.19782e-05 -0.0177489 0.0877601 -4.35071e-05 0.000260615 -5.06654e-06 -4.35071e-05 0.00968332 -0.0178569 -3.19782e-05 0.000260615 -0.0178569 0.0882819 
0.0097003 -0.0177447 1.2337e-06 -5.20135e-05 -0.0177447 0.0876764 -5.72886e-05 0.000313428 1.2337e-06 -5.72886e-05 0.00964574 -0.0178037 -5.20135e-05 0.000313428 -0.0178037 0.0881128 
0.00973579 -0.0177848 -1.0306e-05 -6.07094e-05 -0.0177848 0.0877872 -6.06526e-05 0.000342476 -1.0306e-05 -6.06526e-05 0.00961996 -0.0177766 -6.07094e-05 0.000342476 -0.0177766 0.088065 
0.00974448 -0.0178205 -1.97428e-05 -4.92147e-05 -0.0178205 0.0878588 -4.5176e-05 0.000334018 -1.97428e-05 -4.5176e-05 0.00960331 -0.0177305 -4.92147e-05 0.000334018 -0.0177305 0.0879334 
0.00975459 -0.0178366 -4.026e-05 -3.529e-05 -0.0178366 0.087928 -3.21828e-05 0.000302652 -4.026e-05 -3.21828e-05 0.00960116 -0.0177109 -3.529e-05 0.000302652 -0.0177109 0.0878531 
0.0097406 -0.0178411 -4.27549e-05 -7.466e-06 -0.0178411 0.0879309 -1.0386e-05 0.00025146 -4.27549e-05 -1.0386e-05 0.00961684 -0.0176992 -7.466e-06 0.00025146 -0.0176992 0.0877765 
0.0097171 -0.0178213 -2.14649e-05 2.28639e-07 -0.0178213 0.0878852 -7.94394e-06 0.000217442 -2.14649e-05 -7.94394e-06 0.00963854 -0.0177124 2.28639e-07 0.000217442 -0.0177124 0.0877461 
0.00973517 -0.0178319 -2.17584e-05 -2.76951e-05 -0.0178319 0.0880072 -3.54331e-05 0.000252535 -2.17584e-05 -3.54331e-05 0.00966507 -0.017781 -2.76951e-05 0.000252535 -0.017781 0.0879768 
0.00978119 -0.0179058 -1.15923e-05 -3.55101e-05 -0.0179058 0.0883541 -3.76349e-05 0.000289699 -1.15923e-05 -3.76349e-05 0.00969936 -0.0178708 -3.55101e-05 0.000289699 -0.0178708 0.0884064 
0.0098136 -0.0179609 -1.85629e-05 -5.10014e-05 -0.0179609 0.0886024 -4.65149e-05 0.000320521 -1.85629e-05 -4.65149e-05 0.00971803 -0.0179166 -5.10014e-05 0.000320521 -0.0179166 0.0886754 
0.00980976 -0.0179982 -2.37712e-05 -4.29671e-05 -0.0179982 0.0887702 -3.58117e-05 0.000319079 -2.37712e-05 -3.58117e-05 0.0097539 -0.0179389 -4.29671e-05 0.000319079 -0.0179389 0.0888273 
0.00977521 -0.0179314 -3.95109e-05 -3.55053e-05 -0.0179314 0.0885417 -2.79658e-05 0.000300154 -3.95109e-05 -2.79658e-05 0.00975662 -0.0179244 -3.55053e-05 0.000300154 -0.0179244 0.0886763 
0.00979512 -0.0179365 -4.28624e-05 -2.24347e-05 -0.0179365 0.0886181 -1.3567e-05 0.000279544 -4.28624e-05 -1.3567e-05 0.00976967 -0.017991 -2.24347e-05 0.000279544 -0.017991 0.0889146 
0.00982229 -0.0179642 -4.22513e-05 -1.82988e-05 -0.0179642 0.0887223 -8.40385e-06 0.000261998 -4.22513e-05 -8.40385e-06 0.00977424 -0.0180241 -1.82988e-05 0.000261998 -0.0180241 0.0891189 
0.00981981 -0.017988 -4.1851e-05 -1.99674e-05 -0.017988 0.0887812 -8.99318e-06 0.000259769 -4.1851e-05 -8.99318e-06 0.00979556 -0.0180214 -1.99674e-05 0.000259769 -0.0180214 0.0891724 
0.00982578 -0.0180013 -2.81315e-05 -1.5831e-05 -0.0180013 0.0888927 -1.14234e-05 0.0002579 -2.81315e-05 -1.14234e-05 0.00982048 -0.0180653 -1.5831e-05 0.0002579 -0.0180653 0.0893247 
0.00982324 -0.0180047 -1.00884e-05 -2.80387e-05 -0.0180047 0.0889284 -3.39149e-05 0.000283325 -1.00884e-05 -3.39149e-05 0.00984567 -0.0180897 -2.80387e-05 0.000283325 -0.0180897 0.0894179 
0.0097903 -0.0179598 -9.8594e-06 -4.8589e-05 -0.0179598 0.0887303 -5.94734e-05 0.000334364 -9.8594e-06 -5.94734e-05 0.00985188 -0.0180719 -4.8589e-05 0.000334364 -0.0180719 0.0892757 
0.00976642 -0.0179093 -2.69423e-05 -4.94048e-05 -0.0179093 0.088525 -6.14683e-05 0.000359795 -2.69423e-05 -6.14683e-05 0.00984428 -0.0180656 -4.94048e-05 0.000359795 -0.0180656 0.0891563 
0.0097737 -0.017905 -4.10522e-05 -2.86686e-05 -0.017905 0.088512 -3.76503e-05 0.000331261 -4.10522e-05 -3.76503e-05 0.00982693 -0.0180834 -2.86686e-05 0.000331261 -0.0180834 0.0892159 
0.00977062 -0.0178787 -3.86949e-05 -1.28537e-05 -0.0178787 0.0883398 -1.35489e-05 0.000278587 -3.86949e-05 -1.35489e-05 0.00978341 -0.0180212 -1.28537e-05 0.000278587 -0.0180212 0.0890072 
0.00973478 -0.0178319 -3.54013e-05 -1.75078e-05 -0.0178319 0.0880416 -1.02963e-05 0.000254714 -3.54013e-05 -1.02963e-05 0.0097448 -0.017918 -1.75078e-05 0.000254714 -0.017918 0.0885854 
0.00975196 -0.0178483 -3.01497e-05 -2.44553e-05 -0.0178483 0.0881357 -1.08908e-05 0.00025654 -3.01497e-05 -1.08908e-05 0.00973756 -0.0179338 -2.44553e-05 0.00025654 -0.0179338 0.0886267 
0.00975465 -0.0178574 -1.53155e-05 -2.94737e-05 -0.0178574 0.0881431 -1.42401e-05 0.000260685 -1.53155e-05 -1.42401e-05 0.00972605 -0.0179153 -2.94737e-05 0.000260685 -0.0179153 0.0885879 
0.00978351 -0.0178962 -2.09184e-05 -4.38782e-05 -0.0178962 0.088334 -3.07228e-05 0.000282764 -2.09184e-05 -3.07228e-05 0.0097184 -0.0179417 -4.38782e-05 0.000282764 -0.0179417 0.0887439 
0.00976251 -0.0178781 -3.46377e-05 -3.51989e-05 -0.0178781 0.0882166 -2.75461e-05 0.000283584 -3.46377e-05 -2.75461e-05 0.00969262 -0.0178847 -3.51989e-05 0.000283584 -0.0178847 0.0885629 
0.00973361 -0.0178416 -4.89917e-05 -1.15097e-05 -0.0178416 0.0880717 -1.30225e-05 0.000247385 -4.89917e-05 -1.30225e-05 0.00967666 -0.0178409 -1.15097e-05 0.000247385 -0.0178409 0.0883743 
0.00973882 -0.0178184 -5.63595e-05 7.90126e-06 -0.0178184 0.0880155 2.85171e-06 0.000200973 -5.63595e-05 2.85171e-06 0.00965987 -0.0178349 7.90126e-06 0.000200973 -0.0178349 0.088332 
0.00971786 -0.017799 -5.20801e-05 1.80158e-05 -0.017799 0.0878705 1.55045e-05 0.000160523 -5.20801e-05 1.55045e-05 0.00965092 -0.0177837 1.80158e-05 0.000160523 -0.0177837 0.0881418 
0.00969683 -0.0177977 -3.69579e-05 1.41836e-05 -0.0177977 0.087877 1.166e-05 0.000148132 -3.69579e-05 1.166e-05 0.0096669 -0.0177845 1.41836e-05 0.000148132 -0.0177845 0.0881086 
0.00964213 -0.0177119 -3.6391e-05 -4.75686e-06 -0.0177119 0.0875316 -1.1631e-05 0.000182087 -3.6391e-05 -1.1631e-05 0.0096481 -0.0177336 -4.75686e-06 0.000182087 -0.0177336 0.0877885 
0.0096055 -0.0176296 -1.97818e-05 -8.72939e-06 -0.0176296 0.0871964 -1.88579e-05 0.000213277 -1.97818e-05 -1.88579e-05 0.00962141 -0.0176988 -8.72939e-06 0.000213277 -0.0176988 0.0875454 
0.00959058 -0.0176062 -1.42376e-05 -2.78667e-05 -0.0176062 0.0870854 -3.74651e-05 0.00025189 -1.42376e-05 -3.74651e-05 0.00960954 -0.0176934 -2.78667e-05 0.00025189 -0.0176934 0.0875084 
0.00956504 -0.0175789 -9.59941e-06 -3.25871e-05 -0.0175789 0.0869588 -4.23607e-05 0.000275317 -9.59941e-06 -4.23607e-05 0.0096073 -0.017665 -3.25871e-05 0.000275317 -0.017665 0.0873976 
0.00957212 -0.0175661 -1.19821e-05 -3.41186e-05 -0.0175661 0.0869483 -4.40565e-05 0.000279976 -1.19821e-05 -4.40565e-05 0.0095982 -0.0176816 -3.41186e-05 0.000279976 -0.0176816 0.0874341 
0.00960618 -0.0175921 -2.76765e-05 -3.03257e-05 -0.0175921 0.0870454 -3.73916e-05 0.000269804 -2.76765e-05 -3.73916e-05 0.00958267 -0.0176923 -3.03257e-05 0.000269804 -0.0176923 0.0875366 
0.00962124 -0.0176091 -2.93567e-05 -1.46446e-05 -0.0176091 0.0870307 -1.68861e-05 0.000236778 -2.93567e-05 -1.68861e-05 0.00955902 -0.0176431 -1.46446e-05 0.000236778 -0.0176431 0.087407 
0.00965562 -0.0176669 -1.82179e-05 -1.40912e-05 -0.0176669 0.0872472 -1.2927e-05 0.000216385 -1.82179e-05 -1.2927e-05 0.00955209 -0.0176497 -1.40912e-05 0.000216385 -0.0176497 0.0874814 
0.00967671 -0.0177355 -2.0908e-05 -3.03774e-05 -0.0177355 0.0875317 -2.57957e-05 0.000233395 -2.0908e-05 -2.57957e-05 0.00957333 -0.0176621 -3.03774e-05 0.000233395 -0.0176621 0.0876147 
0.00971495 -0.017789 -2.40302e-05 -2.93503e-05 -0.017789 0.0878298 -2.56087e-05 0.000247649 -2.40302e-05 -2.56087e-05 0.0095882 -0.0177091 -2.93503e-05 0.000247649 -0.0177091 0.0878302 
0.00973253 -0.0178549 -3.84602e-05 -2.52735e-05 -0.0178549 0.088124 -2.41063e-05 0.000248571 -3.84602e-05 -2.41063e-05 0.00962882 -0.0177394 -2.52735e-05 0.000248571 -0.0177394 0.0880346 
0.00973562 -0.0178514 -3.04127e-05 -7.02583e-06 -0.0178514 0.0881696 -8.95785e-06 0.000223831 -3.04127e-05 -8.95785e-06 0.00964187 -0.01776 -7.02583e-06 0.000223831 -0.01776 0.0880674 
0.00972442 -0.0178152 -1.01961e-05 -1.21292e-05 -0.0178152 0.0879957 -1.80621e-05 0.000218289 -1.01961e-05 -1.80621e-05 0.00963242 -0.0177351 -1.21292e-05 0.000218289 -0.0177351 0.0879127 
0.0097025 -0.0177845 1.12096e-05 -3.91641e-05 -0.0177845 0.0878099 -4.73741e-05 0.000268169 1.12096e-05 -4.73741e-05 0.00962851 -0.0177057 -3.91641e-05 0.000268169 -0.0177057 0.0877344 
0.00970115 -0.0177789 7.21029e-06 -7.00853e-05 -0.0177789 0.0877853 -7.31298e-05 0.00034101 7.21029e-06 -7.31298e-05 0.00963382 -0.0177231 -7.00853e-05 0.00034101 -0.0177231 0.0877485 
0.00970714 -0.0177599 -1.84903e-05 -7.18608e-05 -0.0177599 0.0876876 -6.59216e-05 0.000370804 -1.84903e-05 -6.59216e-05 0.00961507 -0.01772 -7.18608e-05 0.000370804 -0.01772 0.0877049 
0.00969329 -0.0177664 -4.62482e-05 -4.12819e-05 -0.0177664 0.0876459 -2.85094e-05 0.000321123 -4.62482e-05 -2.85094e-05 0.00962401 -0.0176976 -4.12819e-05 0.000321123 -0.0176976 0.0876444 
0.00972258 -0.0178112 -3.65465e-05 -5.13554e-06 -0.0178112 0.0879012 5.915e-06 0.000239138 -3.65465e-05 5.915e-06 0.00964732 -0.01777 -5.13554e-06 0.000239138 -0.01777 0.0879279 
0.00973925 -0.0178683 -3.0462e-05 -1.30331e-05 -0.0178683 0.0881794 -4.46479e-06 0.0002159 -3.0462e-05 -4.46479e-06 0.00967541 -0.0178264 -1.30331e-05 0.0002159 -0.0178264 0.0882366 
0.00974673 -0.0178698 -1.80684e-05 -2.28271e-05 -0.0178698 0.0882627 -1.56029e-05 0.000233944 -1.80684e-05 -1.56029e-05 0.00967685 -0.0178559 -2.28271e-05 0.000233944 -0.0178559 0.0883897 
0.00974953 -0.0178746 -1.40862e-05 -3.75588e-05 -0.0178746 0.0883002 -3.03011e-05 0.00026467 -1.40862e-05 -3.03011e-05 0.00968111 -0.0178569 -3.75588e-05 0.00026467 -0.0178569 0.0884627 
0.00976733 -0.0178922 -2.63947e-05 -3.99703e-05 -0.0178922 0.0884043 -3.62498e-05 0.000283823 -2.63947e-05 -3.62498e-05 0.00969439 -0.0178773 -3.99703e-05 0.000283823 -0.0178773 0.088585 
0.00977548 -0.0178929 -2.10036e-05 -2.23845e-05 -0.0178929 0.0883891 -2.66405e-05 0.000269518 -2.10036e-05 -2.66405e-05 0.0096883 -0.0178741 -2.23845e-05 0.000269518 -0.0178741 0.0885758 
0.00976824 -0.0179122 -2.86124e-05 -2.44058e-05 -0.0179122 0.0884441 -3.34771e-05 0.000262196 -2.86124e-05 -3.34771e-05 0.00971009 -0.0178716 -2.44058e-05 0.000262196 -0.0178716 0.0885927 
0.00974434 -0.0178702 -2.27626e-05 -2.14019e-05 -0.0178702 0.0882917 -2.67936e-05 0.000260249 -2.27626e-05 -2.67936e-05 0.00972464 -0.0178616 -2.14019e-05 0.000260249 -0.0178616 0.0884634 
0.00976417 -0.0179005 -2.09629e-05 -3.63056e-05 -0.0179005 0.0884656 -3.43341e-05 0.000283062 -2.09629e-05 -3.43341e-05 0.00976681 -0.0179415 -3.63056e-05 0.000283062 -0.0179415 0.0887385 
0.0097856 -0.0179411 -2.50375e-05 -4.26368e-05 -0.0179411 0.0886694 -3.6059e-05 0.000304235 -2.50375e-05 -3.6059e-05 0.00979881 -0.0180203 -4.26368e-05 0.000304235 -0.0180203 0.089062 
0.00979274 -0.0179199 -3.3626e-05 -3.6238e-05 -0.0179199 0.0885763 -2.98873e-05 0.000301444 -3.3626e-05 -2.98873e-05 0.00979216 -0.0180195 -3.6238e-05 0.000301444 -0.0180195 0.0890603 
0.00978868 -0.0179084 -4.02219e-05 -2.09271e-05 -0.0179084 0.0884531 -1.74546e-05 0.000272417 -4.02219e-05 -1.74546e-05 0.00977399 -0.0179983 -2.09271e-05 0.000272417 -0.0179983 0.0889694 
0.00979234 -0.0179065 -3.21469e-05 -1.06391e-05 -0.0179065 0.0883998 -1.16896e-05 0.000246257 -3.21469e-05 -1.16896e-05 0.00975956 -0.017975 -1.06391e-05 0.000246257 -0.017975 0.0888852 
0.00978149 -0.0178879 -2.39466e-05 -1.84726e-05 -0.0178879 0.0882647 -2.23395e-05 0.00025099 -2.39466e-05 -2.23395e-05 0.00973361 -0.0179333 -1.84726e-05 0.00025099 -0.0179333 0.0886979 
0.00978737 -0.0179201 -1.87812e-05 -3.00611e-05 -0.0179201 0.0883937 -3.63377e-05 0.000280307 -1.87812e-05 -3.63377e-05 0.00974028 -0.0179386 -3.00611e-05 0.000280307 -0.0179386 0.0887528 
0.00979772 -0.0179541 -1.3591e-05 -4.40496e-05 -0.0179541 0.0885906 -5.0039e-05 0.000325319 -1.3591e-05 -5.0039e-05 0.00975572 -0.0179686 -4.40496e-05 0.000325319 -0.0179686 0.0889027 
0.00981766 -0.017981 -6.86587e-06 -5.14091e-05 -0.017981 0.0887706 -5.75307e-05 0.000356151 -6.86587e-06 -5.75307e-05 0.00977247 -0.0180043 -5.14091e-05 0.000356151 -0.0180043 0.0890843 
0.00983503 -0.0180256 -3.52244e-06 -5.85067e-05 -0.0180256 0.0889899 -6.19909e-05 0.000374295 -3.52244e-06 -6.19909e-05 0.00980225 -0.0180397 -5.85067e-05 0.000374295 -0.0180397 0.0892838 
0.00985527 -0.0180519 4.59394e-06 -6.20138e-05 -0.0180519 0.0891576 -5.99071e-05 0.0003778 4.59394e-06 -5.99071e-05 0.00981767 -0.0180836 -6.20138e-05 0.0003778 -0.0180836 0.0894704 
0.00985063 -0.0180433 7.44187e-06 -7.02987e-05 -0.0180433 0.0891202 -6.21173e-05 0.000379644 7.44187e-06 -6.21173e-05 0.00981458 -0.0180769 -7.02987e-05 0.000379644 -0.0180769 0.0894589 
0.00983528 -0.0180188 -8.20845e-06 -7.46248e-05 -0.0180188 0.0890047 -6.45823e-05 0.000385468 -8.20845e-06 -6.45823e-05 0.00980636 -0.0180529 -7.46248e-05 0.000385468 -0.0180529 0.0893506 
0.00976755 -0.0178963 -5.51727e-06 -5.21403e-05 -0.0178963 0.088413 -4.623e-05 0.000352744 -5.51727e-06 -4.623e-05 0.00976439 -0.0179405 -5.21403e-05 0.000352744 -0.0179405 0.0887824 
