0.00661882 0 -7.36619e-05 0 0 0.00938843 0 0 -7.36619e-05 0 0.00662346 0 0 0 0 0.00938843 
0.00970828 -0.0120508 -7.80431e-05 9.36615e-05 -0.0120508 0.0320209 9.36615e-05 -0.000179825 -7.80431e-05 9.36615e-05 0.00971103 -0.0120523 9.36615e-05 -0.000179825 -0.0120523 0.0320236 
0.00918046 -0.0170752 -1.33821e-05 1.39708e-05 -0.0170752 0.0629574 1.39708e-05 -1.91572e-05 -1.33821e-05 1.39708e-05 0.0091267 -0.0170422 1.39708e-05 -1.91572e-05 -0.0170422 0.0628437 
0.00870748 -0.0168344 2.60753e-05 -0.000151195 -0.0168344 0.0754565 -0.000141853 0.00073181 2.60753e-05 -0.000141853 0.00864904 -0.0167382 -0.000151195 0.00073181 -0.0167382 0.075182 
0.00920772 -0.0172674 -5.38389e-06 -0.000198188 -0.0172674 0.0833291 -0.000180569 0.00117361 -5.38389e-06 -0.000180569 0.00917813 -0.0171671 -0.000198188 0.00117361 -0.0171671 0.0829929 
0.00889481 -0.0164289 -3.62233e-05 -0.000110869 -0.0164289 0.0807719 -9.54573e-05 0.000941484 -3.62233e-05 -9.54573e-05 0.00894144 -0.0163784 -0.000110869 0.000941484 -0.0163784 0.080534 
0.00936381 -0.0171821 -6.57751e-05 -4.75392e-05 -0.0171821 0.0848512 -3.65025e-05 0.000660656 -6.57751e-05 -3.65025e-05 0.00942648 -0.0172405 -4.75392e-05 0.000660656 -0.0172405 0.0848456 
0.00907577 -0.0165986 -7.37468e-05 -4.20212e-06 -0.0165986 0.0820292 2.62101e-06 0.000410827 -7.37468e-05 2.62101e-06 0.00911926 -0.016693 -4.20212e-06 0.000410827 -0.016693 0.0822221 
0.00960231 -0.0175335 -6.46728e-05 6.69499e-06 -0.0175335 0.0865761 8.62431e-06 0.000327505 -6.46728e-05 8.62431e-06 0.00961466 -0.0176124 6.69499e-06 0.000327505 -0.0176124 0.0868249 
0.00953894 -0.0173887 -3.65668e-05 -1.42868e-05 -0.0173887 0.0857528 -1.54552e-05 0.000332117 -3.65668e-05 -1.54552e-05 0.00948138 -0.0174229 -1.42868e-05 0.000332117 -0.0174229 0.0859362 
0.00945844 -0.0172773 -2.53488e-05 -4.96988e-05 -0.0172773 0.0850625 -4.93588e-05 0.000399999 -2.53488e-05 -4.93588e-05 0.00937962 -0.0172179 -4.96988e-05 0.000399999 -0.0172179 0.0850603 
0.00941579 -0.017236 -2.81704e-05 -6.7886e-05 -0.017236 0.0848516 -6.46299e-05 0.000464059 -2.81704e-05 -6.46299e-05 0.00934698 -0.0171393 -6.7886e-05 0.000464059 -0.0171393 0.0846895 
0.00932922 -0.017143 -2.38116e-05 -6.39066e-05 -0.017143 0.0844494 -6.13337e-05 0.000481422 -2.38116e-05 -6.13337e-05 0.0093349 -0.0170511 -6.39066e-05 0.000481422 -0.0170511 0.0842279 
0.00930888 -0.0171158 -2.05313e-05 -6.17483e-05 -0.0171158 0.0844798 -6.53592e-05 0.000479857 -2.05313e-05 -6.53592e-05 0.00936621 -0.0171163 -6.17483e-05 0.000479857 -0.0171163 0.0843864 
0.00928152 -0.0170623 -2.03298e-05 -6.25045e-05 -0.0170623 0.0843228 -7.07165e-05 0.000482003 -2.03298e-05 -7.07165e-05 0.00937799 -0.0171423 -6.25045e-05 0.000482003 -0.0171423 0.0844435 
0.00929692 -0.0170274 -2.16269e-05 -6.40969e-05 -0.0170274 0.0842031 -7.01723e-05 0.000482291 -2.16269e-05 -7.01723e-05 0.009357 -0.0171619 -6.40969e-05 0.000482291 -0.0171619 0.0845035 
0.00929656 -0.0170293 -2.62041e-05 -6.33657e-05 -0.0170293 0.0840955 -6.70736e-05 0.000478069 -2.62041e-05 -6.70736e-05 0.0093321 -0.0171162 -6.33657e-05 0.000478069 -0.0171162 0.0843886 
0.00928523 -0.0170381 -3.05576e-05 -5.28953e-05 -0.0170381 0.084096 -5.71478e-05 0.000453738 -3.05576e-05 -5.71478e-05 0.00932772 -0.0170895 -5.28953e-05 0.000453738 -0.0170895 0.0843015 
0.00926079 -0.0169978 -3.61138e-05 -4.2969e-05 -0.0169978 0.0839275 -4.82636e-05 0.000421294 -3.61138e-05 -4.82636e-05 0.00930429 -0.0170431 -4.2969e-05 0.000421294 -0.0170431 0.0840665 
0.00925293 -0.0169436 -2.91393e-05 -3.2348e-05 -0.0169436 0.083674 -3.9096e-05 0.000386648 -2.91393e-05 -3.9096e-05 0.00925179 -0.0169838 -3.2348e-05 0.000386648 -0.0169838 0.0837749 
0.00925714 -0.0169529 -3.54544e-05 -3.82092e-05 -0.0169529 0.0836242 -4.65214e-05 0.000378933 -3.54544e-05 -4.65214e-05 0.00921746 -0.016929 -3.82092e-05 0.000378933 -0.016929 0.0835957 
0.00922995 -0.0169475 -1.85472e-05 -3.37251e-05 -0.0169475 0.0835576 -4.01325e-05 0.000373709 -1.85472e-05 -4.01325e-05 0.00919132 -0.0168727 -3.37251e-05 0.000373709 -0.0168727 0.0833777 
0.00920695 -0.016882 -1.23024e-05 -5.42182e-05 -0.016882 0.0833133 -5.73491e-05 0.00039465 -1.23024e-05 -5.73491e-05 0.00915649 -0.0168104 -5.42182e-05 0.00039465 -0.0168104 0.0830796 
0.00919565 -0.0168405 -1.89403e-05 -6.59825e-05 -0.0168405 0.0830972 -6.52909e-05 0.000424954 -1.89403e-05 -6.52909e-05 0.00912324 -0.0167645 -6.59825e-05 0.000424954 -0.0167645 0.0828574 
0.00915725 -0.0168265 -9.45775e-06 -5.67857e-05 -0.0168265 0.0829752 -5.5302e-05 0.000419745 -9.45775e-06 -5.5302e-05 0.00912176 -0.0167225 -5.67857e-05 0.000419745 -0.0167225 0.082687 
0.00916254 -0.0168315 -1.151e-05 -6.25204e-05 -0.0168315 0.0830919 -6.34428e-05 0.000417911 -1.151e-05 -6.34428e-05 0.0091349 -0.0167622 -6.25204e-05 0.000417911 -0.0167622 0.0828196 
0.00916696 -0.0168575 -1.76843e-05 -6.13948e-05 -0.0168575 0.0832513 -6.39345e-05 0.000421758 -1.76843e-05 -6.39345e-05 0.00915221 -0.0168043 -6.13948e-05 0.000421758 -0.0168043 0.0830314 
0.00916019 -0.0168259 -2.21904e-05 -5.17111e-05 -0.0168259 0.0831569 -5.52301e-05 0.000404375 -2.21904e-05 -5.52301e-05 0.00914333 -0.0167897 -5.17111e-05 0.000404375 -0.0167897 0.0829831 
0.00916242 -0.0168367 -3.16192e-05 -4.29664e-05 -0.0168367 0.0831938 -4.62617e-05 0.000376336 -3.16192e-05 -4.62617e-05 0.00916375 -0.0167924 -4.29664e-05 0.000376336 -0.0167924 0.0830211 
0.00914168 -0.0168211 -3.88715e-05 -3.2898e-05 -0.0168211 0.0831291 -3.52743e-05 0.000349062 -3.88715e-05 -3.52743e-05 0.00918484 -0.0167981 -3.2898e-05 0.000349062 -0.0167981 0.0829813 
0.0091309 -0.0167891 -2.92268e-05 -2.60177e-05 -0.0167891 0.0830301 -2.39775e-05 0.000322989 -2.92268e-05 -2.39775e-05 0.00918467 -0.0168195 -2.60177e-05 0.000322989 -0.0168195 0.0829804 
0.00912745 -0.0167748 -1.88309e-05 -4.09599e-05 -0.0167748 0.0829707 -3.22654e-05 0.000329774 -1.88309e-05 -3.22654e-05 0.00917968 -0.0168335 -4.09599e-05 0.000329774 -0.0168335 0.0830321 
0.00913796 -0.0167912 1.32533e-07 -5.5908e-05 -0.0167912 0.0830486 -4.59053e-05 0.000361806 1.32533e-07 -4.59053e-05 0.00918883 -0.0168553 -5.5908e-05 0.000361806 -0.0168553 0.0831726 
0.0091302 -0.0167723 -6.42603e-06 -7.60359e-05 -0.0167723 0.0829592 -6.77425e-05 0.000405264 -6.42603e-06 -6.77425e-05 0.00917595 -0.0168418 -7.60359e-05 0.000405264 -0.0168418 0.0831236 
0.00914432 -0.0167786 -2.40555e-05 -6.86407e-05 -0.0167786 0.0829774 -6.22248e-05 0.00041694 -2.40555e-05 -6.22248e-05 0.00916417 -0.0168366 -6.86407e-05 0.00041694 -0.0168366 0.0831362 
0.00917036 -0.0168185 -2.7764e-05 -4.30758e-05 -0.0168185 0.0831252 -3.95741e-05 0.000376397 -2.7764e-05 -3.95741e-05 0.00916044 -0.0168451 -4.30758e-05 0.000376397 -0.0168451 0.0832337 
0.00917218 -0.0168218 -2.41433e-05 -3.25524e-05 -0.0168218 0.0831093 -3.37989e-05 0.000338278 -2.41433e-05 -3.37989e-05 0.00914933 -0.0168162 -3.25524e-05 0.000338278 -0.0168162 0.0831494 
0.00917061 -0.0168064 -2.729e-05 -3.3546e-05 -0.0168064 0.0830184 -3.78423e-05 0.000325613 -2.729e-05 -3.78423e-05 0.00913025 -0.0167854 -3.3546e-05 0.000325613 -0.0167854 0.0830082 
0.00914683 -0.0167871 -2.69031e-05 -3.05852e-05 -0.0167871 0.0828865 -3.50228e-05 0.000318762 -2.69031e-05 -3.50228e-05 0.00912198 -0.0167463 -3.05852e-05 0.000318762 -0.0167463 0.0828319 
0.00913461 -0.0167626 -3.35151e-05 -3.00162e-05 -0.0167626 0.0827988 -3.31191e-05 0.000310389 -3.35151e-05 -3.31191e-05 0.00911521 -0.0167391 -3.00162e-05 0.000310389 -0.0167391 0.082751 
0.00909817 -0.0167162 -5.41251e-05 -2.317e-05 -0.0167162 0.0825715 -2.45915e-05 0.000295284 -5.41251e-05 -2.45915e-05 0.00910732 -0.0166943 -2.317e-05 0.000295284 -0.0166943 0.0825275 
0.00906116 -0.0166905 -4.33812e-05 7.77455e-07 -0.0166905 0.0824838 -7.32464e-07 0.000253377 -4.33812e-05 -7.32464e-07 0.00912926 -0.016696 7.77455e-07 0.000253377 -0.016696 0.082469 
0.00903494 -0.0166255 -3.91434e-05 -6.16812e-06 -0.0166255 0.0822645 -9.22266e-06 0.000237848 -3.91434e-05 -9.22266e-06 0.00911815 -0.0166946 -6.16812e-06 0.000237848 -0.0166946 0.0823486 
0.00904624 -0.0166165 -3.10195e-05 -1.34001e-05 -0.0166165 0.0822273 -1.70784e-05 0.000250794 -3.10195e-05 -1.70784e-05 0.00910824 -0.0167053 -1.34001e-05 0.000250794 -0.0167053 0.0823864 
0.00909694 -0.0166968 -2.07779e-05 -2.28202e-05 -0.0166968 0.082567 -2.94028e-05 0.000275446 -2.07779e-05 -2.94028e-05 0.00912039 -0.0167618 -2.28202e-05 0.000275446 -0.0167618 0.0827122 
0.0090856 -0.0166908 -2.21108e-05 -3.29936e-05 -0.0166908 0.0824792 -4.3665e-05 0.000303474 -2.21108e-05 -4.3665e-05 0.00909572 -0.0167015 -3.29936e-05 0.000303474 -0.0167015 0.0825154 
0.00908967 -0.016683 -2.25436e-05 -3.16579e-05 -0.016683 0.0824399 -4.25693e-05 0.000313808 -2.25436e-05 -4.25693e-05 0.00907467 -0.0166669 -3.16579e-05 0.000313808 -0.0166669 0.0823673 
0.00906771 -0.0166657 -3.48911e-05 -3.48376e-05 -0.0166657 0.082317 -4.15492e-05 0.00031869 -3.48911e-05 -4.15492e-05 0.0090608 -0.0166201 -3.48376e-05 0.00031869 -0.0166201 0.0821594 
0.00904609 -0.0166483 -4.19454e-05 -2.45349e-05 -0.0166483 0.0822607 -2.5582e-05 0.00030351 -4.19454e-05 -2.5582e-05 0.00905807 -0.0166103 -2.45349e-05 0.00030351 -0.0166103 0.0820753 
0.0090453 -0.0166817 -1.91243e-05 -1.67229e-05 -0.0166817 0.0824862 -1.35129e-05 0.000278794 -1.91243e-05 -1.35129e-05 0.00909671 -0.0166673 -1.67229e-05 0.000278794 -0.0166673 0.0823339 
0.0090685 -0.0166803 8.6861e-06 -4.28566e-05 -0.0166803 0.0825913 -3.80633e-05 0.000304319 8.6861e-06 -3.80633e-05 0.00909765 -0.0167172 -4.28566e-05 0.000304319 -0.0167172 0.0825419 
0.00907822 -0.0166696 1.43997e-05 -7.50398e-05 -0.0166696 0.0825089 -7.13325e-05 0.000368839 1.43997e-05 -7.13325e-05 0.00908422 -0.0166936 -7.50398e-05 0.000368839 -0.0166936 0.0825071 
0.00910714 -0.0166977 -1.62457e-05 -7.93099e-05 -0.0166977 0.0825769 -7.8858e-05 0.000405982 -1.62457e-05 -7.8858e-05 0.00908313 -0.0166899 -7.93099e-05 0.000405982 -0.0166899 0.0825302 
0.00913872 -0.0167482 -3.4375e-05 -4.07673e-05 -0.0167482 0.0827401 -4.22977e-05 0.000358857 -3.4375e-05 -4.22977e-05 0.00909089 -0.0167058 -4.07673e-05 0.000358857 -0.0167058 0.0826228 
0.00914277 -0.0167486 -4.74493e-05 -1.35873e-05 -0.0167486 0.0826872 -1.5862e-05 0.000281801 -4.74493e-05 -1.5862e-05 0.00908046 -0.0166808 -1.35873e-05 0.000281801 -0.0166808 0.0825063 
0.00914874 -0.0167679 -4.01915e-05 5.63759e-07 -0.0167679 0.0827295 -2.09863e-06 0.000232295 -4.01915e-05 -2.09863e-06 0.00908473 -0.0166781 5.63759e-07 0.000232295 -0.0166781 0.082485 
0.00918324 -0.0168421 -1.40354e-05 -1.26405e-05 -0.0168421 0.0830868 -1.28834e-05 0.000238498 -1.40354e-05 -1.28834e-05 0.00911474 -0.0167537 -1.26405e-05 0.000238498 -0.0167537 0.0828231 
0.00918292 -0.0168284 -3.44811e-06 -5.04923e-05 -0.0168284 0.0830348 -4.72522e-05 0.000307739 -3.44811e-06 -4.72522e-05 0.00910744 -0.0167364 -5.04923e-05 0.000307739 -0.0167364 0.0827657 
0.00917637 -0.0168773 -8.32266e-06 -7.03594e-05 -0.0168773 0.0832383 -6.54385e-05 0.000379626 -8.32266e-06 -6.54385e-05 0.00914428 -0.0167635 -7.03594e-05 0.000379626 -0.0167635 0.0829162 
0.00916423 -0.016903 -1.28983e-05 -6.5726e-05 -0.016903 0.0834796 -6.43171e-05 0.00040761 -1.28983e-05 -6.43171e-05 0.00919287 -0.0168332 -6.5726e-05 0.00040761 -0.0168332 0.0831868 
0.00916006 -0.016861 -3.53548e-05 -5.87597e-05 -0.016861 0.0834406 -6.02591e-05 0.00040622 -3.53548e-05 -6.02591e-05 0.00920361 -0.0168736 -5.87597e-05 0.00040622 -0.0168736 0.0833063 
0.00916686 -0.0168751 -4.95597e-05 -3.20354e-05 -0.0168751 0.0835213 -3.2888e-05 0.000364542 -4.95597e-05 -3.2888e-05 0.00923337 -0.0169113 -3.20354e-05 0.000364542 -0.0169113 0.0835031 
0.00918072 -0.0169 -4.7909e-05 -1.27207e-05 -0.0169 0.0836595 -1.36387e-05 0.000311423 -4.7909e-05 -1.36387e-05 0.00926351 -0.0169578 -1.27207e-05 0.000311423 -0.0169578 0.0837048 
0.00922037 -0.0169325 -4.68861e-05 -9.70139e-06 -0.0169325 0.0838331 -1.50733e-05 0.000285902 -4.68861e-05 -1.50733e-05 0.00927458 -0.01701 -9.70139e-06 0.000285902 -0.01701 0.0839317 
0.00920893 -0.0169336 -4.17976e-05 -9.50211e-06 -0.0169336 0.0837662 -1.84287e-05 0.00028143 -4.17976e-05 -1.84287e-05 0.00928451 -0.0169845 -9.50211e-06 0.00028143 -0.0169845 0.0838559 
0.0092048 -0.0168832 -4.38012e-05 -1.78535e-05 -0.0168832 0.0835388 -2.43056e-05 0.000290948 -4.38012e-05 -2.43056e-05 0.00925953 -0.0169592 -1.78535e-05 0.000290948 -0.0169592 0.0836523 
0.00923359 -0.016902 -4.79991e-05 -1.73093e-05 -0.016902 0.0835385 -1.93479e-05 0.000292296 -4.79991e-05 -1.93479e-05 0.00923905 -0.0169554 -1.73093e-05 0.000292296 -0.0169554 0.0836405 
0.00925555 -0.016949 -4.76429e-05 -1.23311e-05 -0.016949 0.0836352 -1.20073e-05 0.000281475 -4.76429e-05 -1.20073e-05 0.0092251 -0.0169289 -1.23311e-05 0.000281475 -0.0169289 0.0835941 
0.00927725 -0.0169912 -3.69843e-05 -1.2248e-05 -0.0169912 0.083786 -1.32018e-05 0.000277412 -3.69843e-05 -1.32018e-05 0.00922064 -0.0169208 -1.2248e-05 0.000277412 -0.0169208 0.0835883 
0.00928709 -0.0170546 -4.22116e-05 -2.7906e-05 -0.0170546 0.0840632 -3.01492e-05 0.000307149 -4.22116e-05 -3.01492e-05 0.00925144 -0.016946 -2.7906e-05 0.000307149 -0.016946 0.0837344 
0.00930491 -0.017093 -3.87627e-05 -2.73292e-05 -0.017093 0.0843313 -2.57611e-05 0.000325211 -3.87627e-05 -2.57611e-05 0.00929004 -0.0170096 -2.73292e-05 0.000325211 -0.0170096 0.0839878 
0.00933002 -0.0170963 -3.72326e-05 -3.59985e-05 -0.0170963 0.0843986 -2.87928e-05 0.000339793 -3.72326e-05 -2.87928e-05 0.00930201 -0.0170476 -3.59985e-05 0.000339793 -0.0170476 0.0841278 
0.00934126 -0.0171072 -2.72725e-05 -4.27973e-05 -0.0171072 0.084383 -3.32203e-05 0.000361227 -2.72725e-05 -3.32203e-05 0.00929743 -0.0170456 -4.27973e-05 0.000361227 -0.0170456 0.0841295 
0.00935491 -0.0171603 -1.64132e-05 -5.89426e-05 -0.0171603 0.0845962 -4.99711e-05 0.000402372 -1.64132e-05 -4.99711e-05 0.00932289 -0.0170804 -5.89426e-05 0.000402372 -0.0170804 0.084315 
0.00938184 -0.0171812 -1.29241e-05 -7.08459e-05 -0.0171812 0.0847301 -6.82118e-05 0.000448764 -1.29241e-05 -6.82118e-05 0.00932569 -0.0171082 -7.08459e-05 0.000448764 -0.0171082 0.0844385 
0.00935727 -0.0172024 -8.53756e-06 -7.16178e-05 -0.0172024 0.0847862 -7.72352e-05 0.00047646 -8.53756e-06 -7.72352e-05 0.0093554 -0.0171009 -7.16178e-05 0.00047646 -0.0171009 0.0844496 
0.00934953 -0.0171998 1.45653e-06 -7.42973e-05 -0.0171998 0.0849017 -8.40294e-05 0.000494165 1.45653e-06 -8.40294e-05 0.00938839 -0.0171608 -7.42973e-05 0.000494165 -0.0171608 0.0846309 
0.00932291 -0.0171348 -2.00185e-05 -8.71548e-05 -0.0171348 0.0846675 -9.56921e-05 0.000518981 -2.00185e-05 -9.56921e-05 0.00937871 -0.0171526 -8.71548e-05 0.000518981 -0.0171526 0.084539 
0.00930638 -0.0171268 -3.59789e-05 -6.40215e-05 -0.0171268 0.0846324 -6.82634e-05 0.000492681 -3.59789e-05 -6.82634e-05 0.00940458 -0.0171614 -6.40215e-05 0.000492681 -0.0171614 0.0845852 
0.00931542 -0.0170957 -5.04842e-05 -4.52631e-05 -0.0170957 0.0845387 -4.5951e-05 0.000443035 -5.04842e-05 -4.5951e-05 0.00938917 -0.0171813 -4.52631e-05 0.000443035 -0.0171813 0.0845937 
0.00933273 -0.0170867 -5.57657e-05 -2.68828e-05 -0.0170867 0.0844186 -2.87397e-05 0.000393918 -5.57657e-05 -2.87397e-05 0.00936033 -0.0171474 -2.68828e-05 0.000393918 -0.0171474 0.0844884 
0.00936219 -0.0171534 -5.34899e-05 -1.63652e-05 -0.0171534 0.0846245 -2.27324e-05 0.000361157 -5.34899e-05 -2.27324e-05 0.0093842 -0.0171569 -1.63652e-05 0.000361157 -0.0171569 0.0845984 
0.00940776 -0.0172195 -3.75074e-05 -1.95469e-05 -0.0172195 0.0849161 -2.64099e-05 0.000354931 -3.75074e-05 -2.64099e-05 0.00940164 -0.01721 -1.95469e-05 0.000354931 -0.01721 0.084811 
0.00940969 -0.0172745 -2.07546e-05 -3.91034e-05 -0.0172745 0.0851172 -4.45299e-05 0.000383374 -2.07546e-05 -4.45299e-05 0.00942424 -0.0172252 -3.91034e-05 0.000383374 -0.0172252 0.0849183 
0.0094232 -0.0173077 -3.96764e-06 -6.35772e-05 -0.0173077 0.0853564 -6.97216e-05 0.000442456 -3.96764e-06 -6.97216e-05 0.0094469 -0.0172761 -6.35772e-05 0.000442456 -0.0172761 0.0851299 
0.00944672 -0.0173035 -5.94921e-06 -8.37648e-05 -0.0173035 0.0853882 -9.22926e-05 0.000502299 -5.94921e-06 -9.22926e-05 0.00942959 -0.0172859 -8.37648e-05 0.000502299 -0.0172859 0.0851834 
0.00944461 -0.0173112 -1.76662e-05 -8.50358e-05 -0.0173112 0.0853446 -9.09887e-05 0.000529826 -1.76662e-05 -9.09887e-05 0.00941559 -0.0172398 -8.50358e-05 0.000529826 -0.0172398 0.0850598 
0.00938155 -0.0172358 -3.45455e-05 -6.91172e-05 -0.0172358 0.0849534 -6.90432e-05 0.000500143 -3.45455e-05 -6.90432e-05 0.00938633 -0.0171328 -6.91172e-05 0.000500143 -0.0171328 0.0845519 
0.00933036 -0.0171496 -4.65952e-05 -4.7693e-05 -0.0171496 0.0846072 -4.582e-05 0.000447271 -4.65952e-05 -4.582e-05 0.00936988 -0.0170892 -4.7693e-05 0.000447271 -0.0170892 0.0842263 
0.00930122 -0.017088 -5.05197e-05 -3.03044e-05 -0.017088 0.0843615 -3.03059e-05 0.000397187 -5.05197e-05 -3.03059e-05 0.00934749 -0.0170833 -3.03044e-05 0.000397187 -0.0170833 0.0841048 
0.00927708 -0.0170067 -4.82506e-05 -2.35308e-05 -0.0170067 0.0839788 -2.52963e-05 0.00036678 -4.82506e-05 -2.52963e-05 0.00930111 -0.0170244 -2.35308e-05 0.00036678 -0.0170244 0.0838298 
0.00926334 -0.0169848 -4.93752e-05 -2.48173e-05 -0.0169848 0.0837931 -2.98262e-05 0.000361946 -4.93752e-05 -2.98262e-05 0.00927697 -0.0169743 -2.48173e-05 0.000361946 -0.0169743 0.0836398 
0.00925802 -0.017027 -5.24069e-05 -2.0545e-05 -0.017027 0.0839673 -2.87457e-05 0.000356741 -5.24069e-05 -2.87457e-05 0.00931343 -0.0169981 -2.0545e-05 0.000356741 -0.0169981 0.0837686 
0.00929878 -0.0170909 -6.41429e-05 -1.53039e-05 -0.0170909 0.0843787 -2.32464e-05 0.000343237 -6.41429e-05 -2.32464e-05 0.00935673 -0.0171109 -1.53039e-05 0.000343237 -0.0171109 0.0842324 
0.00932594 -0.0171328 -6.20581e-05 -1.03164e-06 -0.0171328 0.0846067 -4.17409e-06 0.000306616 -6.20581e-05 -4.17409e-06 0.00937877 -0.0171617 -1.03164e-06 0.000306616 -0.0171617 0.0845161 
0.00933702 -0.0171296 -5.4228e-05 -5.50488e-06 -0.0171296 0.0845932 -2.77367e-06 0.000289583 -5.4228e-05 -2.77367e-06 0.00937148 -0.0171543 -5.50488e-06 0.000289583 -0.0171543 0.0845152 
0.00934678 -0.0171393 -5.6081e-05 -1.9879e-05 -0.0171393 0.0845895 -1.29331e-05 0.000307938 -5.6081e-05 -1.29331e-05 0.00936368 -0.0171362 -1.9879e-05 0.000307938 -0.0171362 0.0844639 
0.00934357 -0.0170971 -5.15009e-05 -2.06919e-05 -0.0170971 0.0843389 -1.24255e-05 0.000321019 -5.15009e-05 -1.24255e-05 0.00932207 -0.01707 -2.06919e-05 0.000321019 -0.01707 0.0841507 
0.0093582 -0.01714 -4.11784e-05 -2.61696e-05 -0.01714 0.0844535 -1.78309e-05 0.000333429 -4.11784e-05 -1.78309e-05 0.00932618 -0.0170733 -2.61696e-05 0.000333429 -0.0170733 0.0841892 
0.00935481 -0.0171544 -3.95584e-05 -3.71948e-05 -0.0171544 0.0845158 -3.35965e-05 0.000361946 -3.95584e-05 -3.35965e-05 0.00933343 -0.0170774 -3.71948e-05 0.000361946 -0.0170774 0.084204 
0.00936042 -0.0171546 -3.84326e-05 -3.85492e-05 -0.0171546 0.0845432 -4.06558e-05 0.000385169 -3.84326e-05 -4.06558e-05 0.0093348 -0.0170844 -3.85492e-05 0.000385169 -0.0170844 0.0842214 
0.00938894 -0.0172222 -2.94003e-05 -4.05915e-05 -0.0172222 0.0848645 -4.48627e-05 0.000401473 -2.94003e-05 -4.48627e-05 0.00936421 -0.0171485 -4.05915e-05 0.000401473 -0.0171485 0.084538 
0.00938163 -0.0172226 -2.57703e-05 -5.3827e-05 -0.0172226 0.0848958 -5.58491e-05 0.000427171 -2.57703e-05 -5.58491e-05 0.00938357 -0.0171487 -5.3827e-05 0.000427171 -0.0171487 0.0845622 
0.00937715 -0.0172446 -2.10746e-05 -6.31639e-05 -0.0172446 0.0850453 -6.12427e-05 0.000453494 -2.10746e-05 -6.12427e-05 0.00942261 -0.0171985 -6.31639e-05 0.000453494 -0.0171985 0.0847463 
0.00938883 -0.0172588 -3.55245e-05 -7.04859e-05 -0.0172588 0.0852126 -6.58799e-05 0.00047459 -3.55245e-05 -6.58799e-05 0.0094573 -0.0172739 -7.04859e-05 0.00047459 -0.0172739 0.085038 
0.00939731 -0.017249 -3.63818e-05 -5.5514e-05 -0.017249 0.0852014 -4.85395e-05 0.000460256 -3.63818e-05 -4.85395e-05 0.00946076 -0.0172976 -5.5514e-05 0.000460256 -0.0172976 0.0851442 
0.00940262 -0.0172342 -4.04322e-05 -4.93199e-05 -0.0172342 0.0851009 -4.43352e-05 0.000437025 -4.04322e-05 -4.43352e-05 0.00944454 -0.0172811 -4.93199e-05 0.000437025 -0.0172811 0.0850931 
0.00941261 -0.0172701 -4.46049e-05 -4.10099e-05 -0.0172701 0.0852159 -4.12851e-05 0.000420722 -4.46049e-05 -4.12851e-05 0.00945472 -0.0172895 -4.10099e-05 0.000420722 -0.0172895 0.0851768 
0.00941764 -0.0172443 -3.44539e-05 -3.50478e-05 -0.0172443 0.0850923 -3.88205e-05 0.000407144 -3.44539e-05 -3.88205e-05 0.0094185 -0.017255 -3.50478e-05 0.000407144 -0.017255 0.0850095 
0.00945582 -0.0172906 -3.60807e-05 -4.62268e-05 -0.0172906 0.0852287 -5.1854e-05 0.000420335 -3.60807e-05 -5.1854e-05 0.00939711 -0.0172377 -4.62268e-05 0.000420335 -0.0172377 0.0850142 
0.00948759 -0.0173783 -3.82352e-05 -4.38163e-05 -0.0173783 0.0855591 -5.07612e-05 0.000427386 -3.82352e-05 -5.07612e-05 0.0094069 -0.0172434 -4.38163e-05 0.000427386 -0.0172434 0.0851399 
0.00949967 -0.0174342 -3.20508e-05 -3.99651e-05 -0.0174342 0.0858379 -4.90287e-05 0.000423314 -3.20508e-05 -4.90287e-05 0.00942626 -0.0172555 -3.99651e-05 0.000423314 -0.0172555 0.0852349 
0.00946864 -0.0173863 -2.43223e-05 -4.49861e-05 -0.0173863 0.0856721 -5.41444e-05 0.000424743 -2.43223e-05 -5.41444e-05 0.00941438 -0.0172116 -4.49861e-05 0.000424743 -0.0172116 0.0849956 
0.00943368 -0.0173407 -1.97502e-05 -5.80133e-05 -0.0173407 0.085501 -6.27555e-05 0.000444785 -1.97502e-05 -6.27555e-05 0.00941808 -0.0171926 -5.80133e-05 0.000444785 -0.0171926 0.0848472 
0.00940597 -0.0172815 -2.76881e-05 -6.57868e-05 -0.0172815 0.0852978 -6.37853e-05 0.000459136 -2.76881e-05 -6.37853e-05 0.0094189 -0.0172008 -6.57868e-05 0.000459136 -0.0172008 0.0847862 
0.00934512 -0.0171752 -2.51714e-05 -5.70912e-05 -0.0171752 0.0847993 -5.04494e-05 0.000444 -2.51714e-05 -5.04494e-05 0.00939085 -0.0171362 -5.70912e-05 0.000444 -0.0171362 0.084432 
0.00931187 -0.0171493 -9.51918e-06 -5.74927e-05 -0.0171493 0.0846887 -5.17411e-05 0.000433142 -9.51918e-06 -5.17411e-05 0.00940643 -0.017142 -5.74927e-05 0.000433142 -0.017142 0.084416 
0.00926871 -0.0170947 -4.86074e-06 -7.46231e-05 -0.0170947 0.0845157 -7.2513e-05 0.00045846 -4.86074e-06 -7.2513e-05 0.00941977 -0.0171546 -7.46231e-05 0.00045846 -0.0171546 0.0843919 
0.00927442 -0.0170435 2.11078e-06 -7.73137e-05 -0.0170435 0.0843802 -8.15489e-05 0.00048241 2.11078e-06 -8.15489e-05 0.00939223 -0.0171893 -7.73137e-05 0.00048241 -0.0171893 0.0844774 
0.00929862 -0.0170784 -9.27491e-06 -8.20159e-05 -0.0170784 0.084477 -8.88201e-05 0.000495534 -9.27491e-06 -8.88201e-05 0.00937984 -0.0171913 -8.20159e-05 0.000495534 -0.0171913 0.0846302 
0.00930781 -0.017115 -9.22134e-06 -6.39868e-05 -0.017115 0.0846081 -7.0724e-05 0.00046627 -9.22134e-06 -7.0724e-05 0.00937981 -0.0171756 -6.39868e-05 0.00046627 -0.0171756 0.0846744 
0.00928225 -0.0170914 -1.59823e-05 -6.18513e-05 -0.0170914 0.0845096 -6.58192e-05 0.000438739 -1.59823e-05 -6.58192e-05 0.00937682 -0.0171317 -6.18513e-05 0.000438739 -0.0171317 0.0844919 
0.00922901 -0.0169925 -2.60204e-05 -5.47772e-05 -0.0169925 0.084076 -5.73188e-05 0.000416052 -2.60204e-05 -5.73188e-05 0.00933109 -0.0170535 -5.47772e-05 0.000416052 -0.0170535 0.0840519 
0.00915978 -0.0168906 -2.85383e-05 -4.27951e-05 -0.0168906 0.0835999 -4.3208e-05 0.000383492 -2.85383e-05 -4.3208e-05 0.00930648 -0.0169696 -4.27951e-05 0.000383492 -0.0169696 0.0836201 
0.00915995 -0.0168501 -4.23031e-05 -4.04309e-05 -0.0168501 0.0834634 -4.01965e-05 0.000365978 -4.23031e-05 -4.01965e-05 0.00928577 -0.0169786 -4.04309e-05 0.000365978 -0.0169786 0.0835707 
0.00915907 -0.0167999 -4.21802e-05 -2.41899e-05 -0.0167999 0.0831538 -2.49902e-05 0.000337084 -4.21802e-05 -2.49902e-05 0.00922436 -0.0169084 -2.41899e-05 0.000337084 -0.0169084 0.0832813 
0.00918344 -0.0167895 -4.55376e-05 -2.09474e-05 -0.0167895 0.0829705 -2.1399e-05 0.000312559 -4.55376e-05 -2.1399e-05 0.00914976 -0.0168267 -2.09474e-05 0.000312559 -0.0168267 0.0829873 
0.00920409 -0.0168635 -2.42283e-05 -1.64667e-05 -0.0168635 0.0831436 -1.63499e-05 0.000297344 -2.42283e-05 -1.63499e-05 0.0091382 -0.0167764 -1.64667e-05 0.000297344 -0.0167764 0.0829088 
0.00921397 -0.0168929 -3.02678e-05 -3.89067e-05 -0.0168929 0.0832635 -3.92109e-05 0.000321661 -3.02678e-05 -3.92109e-05 0.00913135 -0.0167542 -3.89067e-05 0.000321661 -0.0167542 0.0828181 
0.0092115 -0.0169202 -3.08971e-05 -3.35659e-05 -0.0169202 0.0833964 -3.41007e-05 0.000330665 -3.08971e-05 -3.41007e-05 0.00914461 -0.0167607 -3.35659e-05 0.000330665 -0.0167607 0.0828458 
0.00918926 -0.0169179 -1.47375e-05 -3.08217e-05 -0.0169179 0.0834453 -3.09053e-05 0.000321412 -1.47375e-05 -3.09053e-05 0.00915766 -0.016773 -3.08217e-05 0.000321412 -0.016773 0.0828755 
0.00915696 -0.0168714 -1.01117e-05 -5.41268e-05 -0.0168714 0.0833335 -5.24324e-05 0.000354364 -1.01117e-05 -5.24324e-05 0.00917585 -0.0167764 -5.41268e-05 0.000354364 -0.0167764 0.0828491 
0.00912921 -0.0168363 -2.58796e-05 -6.06473e-05 -0.0168363 0.083248 -5.84888e-05 0.000383534 -2.58796e-05 -5.84888e-05 0.00920165 -0.0168073 -6.06473e-05 0.000383534 -0.0168073 0.0829125 
0.00910335 -0.0167863 -3.6855e-05 -4.0719e-05 -0.0167863 0.0830865 -3.82606e-05 0.000361143 -3.6855e-05 -3.82606e-05 0.00920486 -0.016827 -4.0719e-05 0.000361143 -0.016827 0.08293 
0.00912842 -0.0167973 -3.86377e-05 -2.73205e-05 -0.0167973 0.0831887 -2.54188e-05 0.000326316 -3.86377e-05 -2.54188e-05 0.00921543 -0.0168842 -2.73205e-05 0.000326316 -0.0168842 0.0831929 
0.00913124 -0.0168268 -4.95076e-05 -2.37242e-05 -0.0168268 0.0832903 -2.29591e-05 0.000306878 -4.95076e-05 -2.29591e-05 0.00923243 -0.0168999 -2.37242e-05 0.000306878 -0.0168999 0.0833407 
0.00913403 -0.0168068 -5.38882e-05 -8.12946e-06 -0.0168068 0.0832382 -9.66875e-06 0.000278247 -5.38882e-05 -9.66875e-06 0.00922103 -0.0168975 -8.12946e-06 0.000278247 -0.0168975 0.0833235 
0.00913578 -0.0167447 -5.0414e-05 7.65017e-07 -0.0167447 0.0829064 -2.48424e-06 0.000247028 -5.0414e-05 -2.48424e-06 0.00915766 -0.0168259 7.65017e-07 0.000247028 -0.0168259 0.0830076 
0.00915024 -0.0167544 -4.40537e-05 -7.56317e-07 -0.0167544 0.0827898 -5.07167e-06 0.000234767 -4.40537e-05 -5.07167e-06 0.00909651 -0.0167482 -7.56317e-07 0.000234767 -0.0167482 0.0827492 
0.00912439 -0.0167626 -3.23847e-05 -9.14832e-06 -0.0167626 0.0827092 -1.05173e-05 0.000240638 -3.23847e-05 -1.05173e-05 0.00906816 -0.0166538 -9.14832e-06 0.000240638 -0.0166538 0.0824251 
0.00907167 -0.0166795 -2.6577e-05 -2.33049e-05 -0.0166795 0.0823623 -2.09736e-05 0.000259508 -2.6577e-05 -2.09736e-05 0.00903211 -0.0165643 -2.33049e-05 0.000259508 -0.0165643 0.0819588 
0.00968498 -0.017811 -1.61432e-05 -3.08046e-05 -0.017811 0.0880038 -2.93491e-05 0.000295967 -1.61432e-05 -2.93491e-05 0.00966361 -0.017713 -3.08046e-05 0.000295967 -0.017713 0.0875816 
0.00968759 -0.0178072 -1.53053e-05 -4.20373e-05 -0.0178072 0.0880109 -4.18864e-05 0.000315662 -1.53053e-05 -4.18864e-05 0.00966219 -0.017734 -4.20373e-05 0.000315662 -0.017734 0.0876381 
0.0096864 -0.0178253 -1.50052e-05 -4.64339e-05 -0.0178253 0.0880875 -4.5037e-05 0.000333628 -1.50052e-05 -4.5037e-05 0.00966049 -0.0177427 -4.64339e-05 0.000333628 -0.0177427 0.0877152 
0.00964962 -0.0177894 -2.14145e-05 -4.60643e-05 -0.0177894 0.0879515 -4.6463e-05 0.00033821 -2.14145e-05 -4.6463e-05 0.00966099 -0.0177034 -4.60643e-05 0.00033821 -0.0177034 0.0875625 
0.00902926 -0.0166508 -3.30109e-05 -3.32311e-05 -0.0166508 0.0824122 -3.86359e-05 0.000306876 -3.30109e-05 -3.86359e-05 0.00905748 -0.0166145 -3.32311e-05 0.000306876 -0.0166145 0.0821108 
0.00902965 -0.0166369 -4.06858e-05 -1.13278e-05 -0.0166369 0.0824019 -1.84953e-05 0.00026151 -4.06858e-05 -1.84953e-05 0.00905731 -0.0166256 -1.13278e-05 0.00026151 -0.0166256 0.0821761 
0.00905435 -0.0166573 -4.51088e-05 -9.16671e-07 -0.0166573 0.0825101 -6.53884e-06 0.000220626 -4.51088e-05 -6.53884e-06 0.00906374 -0.0166507 -9.16671e-07 0.000220626 -0.0166507 0.0823281 
0.00905021 -0.0166419 -2.92222e-05 3.55159e-06 -0.0166419 0.0823896 1.66548e-06 0.000193385 -2.92222e-05 1.66548e-06 0.00905711 -0.016616 3.55159e-06 0.000193385 -0.016616 0.0821995 
0.0096591 -0.017764 -1.91407e-05 -1.92909e-05 -0.017764 0.087917 -1.58893e-05 0.000226021 -1.91407e-05 -1.58893e-05 0.00967948 -0.017739 -1.92909e-05 0.000226021 -0.017739 0.0877151 
