0.00731782 0 -0.000104585 0 0 0.0103457 0 0 -0.000104585 0 0.00726858 0 0 0 0 0.0103457 
0.0105576 -0.0131032 -0.000118379 0.000142987 -0.0131032 0.0347948 0.000142987 -0.00027365 -0.000118379 0.000142987 0.0105002 -0.0130343 0.000142987 -0.00027365 -0.0130343 0.0346631 
0.00918312 -0.0170797 -6.29008e-05 6.29186e-05 -0.0170797 0.0629668 6.29186e-05 -0.000175505 -6.29008e-05 6.29186e-05 0.00913454 -0.0170552 6.29186e-05 -0.000175505 -0.0170552 0.062903 
0.00869014 -0.016742 -3.5733e-05 -7.63592e-05 -0.016742 0.0750402 -8.52129e-05 0.000534489 -3.5733e-05 -8.52129e-05 0.00863219 -0.016735 -7.63592e-05 0.000534489 -0.016735 0.0751681 
0.0099313 -0.0185785 -3.64801e-05 -0.000110142 -0.0185785 0.0895272 -0.000126556 0.00102959 -3.64801e-05 -0.000126556 0.00990711 -0.0185534 -0.000110142 0.00102959 -0.0185534 0.0897453 
0.00961835 -0.0177676 -4.76434e-05 -6.98542e-05 -0.0177676 0.0872289 -7.78155e-05 0.000861746 -4.76434e-05 -7.78155e-05 0.00969858 -0.0177798 -6.98542e-05 0.000861746 -0.0177798 0.0874506 
0.00932464 -0.017137 -4.18365e-05 -3.67648e-05 -0.017137 0.0846065 -3.64678e-05 0.000603091 -4.18365e-05 -3.64678e-05 0.00943905 -0.0172717 -3.67648e-05 0.000603091 -0.0172717 0.0849949 
0.00905757 -0.0166353 -1.76493e-05 -3.70597e-05 -0.0166353 0.0822838 -2.98593e-05 0.000452155 -1.76493e-05 -2.98593e-05 0.00919719 -0.0168243 -3.70597e-05 0.000452155 -0.0168243 0.0828456 
0.010245 -0.0187303 -1.5626e-05 -7.71253e-05 -0.0187303 0.0927493 -6.26533e-05 0.000498234 -1.5626e-05 -6.26533e-05 0.0103543 -0.0189899 -7.71253e-05 0.000498234 -0.0189899 0.0935361 
0.0101309 -0.0185135 -2.62045e-05 -8.53267e-05 -0.0185135 0.0915309 -7.31209e-05 0.000517458 -2.62045e-05 -7.31209e-05 0.010211 -0.0187151 -8.53267e-05 0.000517458 -0.0187151 0.0922871 
0.0100741 -0.0183938 -4.32615e-05 -7.0003e-05 -0.0183938 0.0908438 -6.55426e-05 0.000509899 -4.32615e-05 -6.55426e-05 0.0101337 -0.0185559 -7.0003e-05 0.000509899 -0.0185559 0.0915057 
0.0100374 -0.0183149 -4.20608e-05 -4.62487e-05 -0.0183149 0.0903595 -4.90441e-05 0.000474833 -4.20608e-05 -4.90441e-05 0.0100663 -0.018456 -4.62487e-05 0.000474833 -0.018456 0.090958 
0.0100052 -0.0182548 -2.81287e-05 -4.3779e-05 -0.0182548 0.0899643 -5.23483e-05 0.000457873 -2.81287e-05 -5.23483e-05 0.0100027 -0.0183505 -4.3779e-05 0.000457873 -0.0183505 0.090462 
0.00997475 -0.0182321 -2.23047e-05 -5.89744e-05 -0.0182321 0.0897754 -6.97032e-05 0.000479778 -2.23047e-05 -6.97032e-05 0.00998065 -0.0182772 -5.89744e-05 0.000479778 -0.0182772 0.0901338 
0.00999422 -0.0182856 -3.91734e-05 -6.66318e-05 -0.0182856 0.0900463 -7.57238e-05 0.000504648 -3.91734e-05 -7.57238e-05 0.0100119 -0.018326 -6.66318e-05 0.000504648 -0.018326 0.0903175 
0.010009 -0.0183406 -3.3919e-05 -4.79888e-05 -0.0183406 0.0903419 -5.42451e-05 0.000483506 -3.3919e-05 -5.42451e-05 0.010045 -0.0183926 -4.79888e-05 0.000483506 -0.0183926 0.0905966 
0.0100426 -0.01841 -1.53906e-05 -5.69258e-05 -0.01841 0.0907603 -5.97245e-05 0.000481362 -1.53906e-05 -5.97245e-05 0.0100839 -0.0184902 -5.69258e-05 0.000481362 -0.0184902 0.0910577 
0.0100556 -0.0184283 3.56945e-06 -8.41109e-05 -0.0184283 0.0909023 -8.14024e-05 0.000524163 3.56945e-06 -8.14024e-05 0.010078 -0.0185129 -8.41109e-05 0.000524163 -0.0185129 0.0912241 
0.0100803 -0.0184429 9.56387e-07 -0.000108101 -0.0184429 0.0909964 -0.000100582 0.000575502 9.56387e-07 -0.000100582 0.0100705 -0.0185056 -0.000108101 0.000575502 -0.0185056 0.0912903 
0.0100914 -0.0184489 -3.46625e-06 -0.000106173 -0.0184489 0.0909719 -9.86005e-05 0.000596064 -3.46625e-06 -9.86005e-05 0.0100637 -0.0184679 -0.000106173 0.000596064 -0.0184679 0.0911771 
0.0100879 -0.0184297 -1.60232e-05 -9.56738e-05 -0.0184297 0.0908245 -9.46752e-05 0.000584505 -1.60232e-05 -9.46752e-05 0.0100384 -0.0184228 -9.56738e-05 0.000584505 -0.0184228 0.0909437 
0.0101021 -0.018482 -3.60295e-05 -7.63892e-05 -0.018482 0.0910194 -8.38225e-05 0.00055545 -3.60295e-05 -8.38225e-05 0.0100602 -0.0184426 -7.63892e-05 0.00055545 -0.0184426 0.0910479 
0.0100727 -0.0185037 -4.66505e-05 -4.78987e-05 -0.0185037 0.0911503 -6.54071e-05 0.000508264 -4.66505e-05 -6.54071e-05 0.0100942 -0.018468 -4.78987e-05 0.000508264 -0.018468 0.0911384 
0.0100707 -0.0184574 -5.37093e-05 -3.21407e-05 -0.0184574 0.0911138 -5.36909e-05 0.000464826 -5.37093e-05 -5.36909e-05 0.0100936 -0.0185105 -3.21407e-05 0.000464826 -0.0185105 0.0912397 
0.0100779 -0.018427 -4.60305e-05 -2.66724e-05 -0.018427 0.0909584 -4.17936e-05 0.000436849 -4.60305e-05 -4.17936e-05 0.0100637 -0.0184888 -2.66724e-05 0.000436849 -0.0184888 0.09118 
0.0100592 -0.0183982 -5.51041e-05 -3.78808e-05 -0.0183982 0.0907224 -4.5774e-05 0.000434953 -5.51041e-05 -4.5774e-05 0.0100272 -0.0184091 -3.78808e-05 0.000434953 -0.0184091 0.0908853 
0.0100664 -0.0183852 -4.46403e-05 -2.60373e-05 -0.0183852 0.0906252 -3.1397e-05 0.000414158 -4.46403e-05 -3.1397e-05 0.00999397 -0.0183661 -2.60373e-05 0.000414158 -0.0183661 0.0906929 
0.0100234 -0.0183354 -3.40893e-05 -3.80165e-05 -0.0183354 0.0902881 -4.02867e-05 0.000413576 -3.40893e-05 -4.02867e-05 0.00994752 -0.018252 -3.80165e-05 0.000413576 -0.018252 0.0901971 
0.0100705 -0.0184084 -1.73766e-05 -5.3935e-05 -0.0184084 0.0906599 -5.25482e-05 0.000442197 -1.73766e-05 -5.25482e-05 0.00995092 -0.0183112 -5.3935e-05 0.000442197 -0.0183112 0.0904634 
0.0100699 -0.0184301 -1.76876e-05 -7.87832e-05 -0.0184301 0.0907296 -7.21855e-05 0.000490637 -1.76876e-05 -7.21855e-05 0.00994981 -0.0182759 -7.87832e-05 0.000490637 -0.0182759 0.0904007 
0.00998511 -0.0183316 -3.72384e-05 -7.79481e-05 -0.0183316 0.0902826 -6.96682e-05 0.000505584 -3.72384e-05 -6.96682e-05 0.00993671 -0.0181785 -7.79481e-05 0.000505584 -0.0181785 0.0898959 
0.00993407 -0.0182287 -3.91553e-05 -5.02813e-05 -0.0182287 0.0899258 -4.49759e-05 0.000464837 -3.91553e-05 -4.49759e-05 0.00991703 -0.0181712 -5.02813e-05 0.000464837 -0.0181712 0.0896837 
0.00986887 -0.0180907 -3.87544e-05 -3.7473e-05 -0.0180907 0.0893017 -3.95816e-05 0.000417537 -3.87544e-05 -3.95816e-05 0.00987096 -0.0180902 -3.7473e-05 0.000417537 -0.0180902 0.0892528 
0.00984543 -0.0180701 -3.80102e-05 -3.45299e-05 -0.0180701 0.0891875 -3.98345e-05 0.000396991 -3.80102e-05 -3.98345e-05 0.00988314 -0.0180946 -3.45299e-05 0.000396991 -0.0180946 0.0892565 
0.00983101 -0.0180449 -3.7072e-05 -3.96267e-05 -0.0180449 0.0891117 -4.22347e-05 0.0003989 -3.7072e-05 -4.22347e-05 0.00988756 -0.0181156 -3.96267e-05 0.0003989 -0.0181156 0.089299 
0.00983928 -0.0180427 -3.24838e-05 -4.26292e-05 -0.0180427 0.0891272 -4.32553e-05 0.000404773 -3.24838e-05 -4.32553e-05 0.00988295 -0.0181413 -4.26292e-05 0.000404773 -0.0181413 0.0894164 
0.00985072 -0.0180729 -2.54563e-05 -4.39573e-05 -0.0180729 0.0892516 -4.33401e-05 0.000402073 -2.54563e-05 -4.33401e-05 0.00988563 -0.0181543 -4.39573e-05 0.000402073 -0.0181543 0.0895516 
0.00985713 -0.0180962 -8.42596e-07 -5.30232e-05 -0.0180962 0.0893761 -5.02495e-05 0.000411343 -8.42596e-07 -5.02495e-05 0.00990271 -0.0181611 -5.30232e-05 0.000411343 -0.0181611 0.0896393 
0.0098544 -0.0180376 -2.49284e-06 -7.94099e-05 -0.0180376 0.0891206 -7.8723e-05 0.000453805 -2.49284e-06 -7.8723e-05 0.00986071 -0.018114 -7.94099e-05 0.000453805 -0.018114 0.0893815 
0.00984907 -0.0180571 -2.54825e-05 -8.0223e-05 -0.0180571 0.0891105 -7.86566e-05 0.000478495 -2.54825e-05 -7.86566e-05 0.0098661 -0.0180881 -8.0223e-05 0.000478495 -0.0180881 0.0893112 
0.00982041 -0.0180569 -3.67979e-05 -5.23425e-05 -0.0180569 0.0891241 -5.20978e-05 0.00044287 -3.67979e-05 -5.20978e-05 0.0098851 -0.0180952 -5.23425e-05 0.00044287 -0.0180952 0.089292 
0.00979591 -0.0179998 -3.15724e-05 -3.27382e-05 -0.0179998 0.0889632 -3.39814e-05 0.000385602 -3.15724e-05 -3.39814e-05 0.00986286 -0.0180976 -3.27382e-05 0.000385602 -0.0180976 0.0892187 
0.00983133 -0.0179926 -5.16717e-05 -4.0184e-05 -0.0179926 0.0889616 -4.11173e-05 0.000375866 -5.16717e-05 -4.11173e-05 0.00981828 -0.0181039 -4.0184e-05 0.000375866 -0.0181039 0.0892989 
0.00986945 -0.0180744 -6.42746e-05 -1.65294e-05 -0.0180744 0.0892285 -1.71837e-05 0.000341427 -6.42746e-05 -1.71837e-05 0.00981095 -0.0180902 -1.65294e-05 0.000341427 -0.0180902 0.0894503 
0.0098702 -0.018109 -5.38916e-05 1.1258e-06 -0.018109 0.0893688 1.59539e-06 0.000289559 -5.38916e-05 1.59539e-06 0.00981338 -0.0180594 1.1258e-06 0.000289559 -0.0180594 0.0894091 
0.0098371 -0.0180821 -4.05609e-05 -8.84103e-06 -0.0180821 0.0892981 -8.29227e-06 0.000279656 -4.05609e-05 -8.29227e-06 0.0098194 -0.0180315 -8.84103e-06 0.000279656 -0.0180315 0.0892598 
0.00975067 -0.0179409 -2.43659e-05 -2.49698e-05 -0.0179409 0.0887149 -2.06101e-05 0.000298011 -2.43659e-05 -2.06101e-05 0.00979932 -0.0179462 -2.49698e-05 0.000298011 -0.0179462 0.0887515 
0.00973347 -0.0178481 -1.168e-05 -4.58363e-05 -0.0178481 0.0883524 -3.62051e-05 0.000332691 -1.168e-05 -3.62051e-05 0.00976548 -0.0179423 -4.58363e-05 0.000332691 -0.0179423 0.0885815 
0.00972896 -0.01782 -8.42541e-06 -6.33747e-05 -0.01782 0.0881271 -4.97485e-05 0.000370979 -8.42541e-06 -4.97485e-05 0.00972809 -0.0179015 -6.33747e-05 0.000370979 -0.0179015 0.0884364 
0.00975154 -0.0178304 -8.23709e-06 -6.71245e-05 -0.0178304 0.0880939 -5.39258e-05 0.00039144 -8.23709e-06 -5.39258e-05 0.00968268 -0.0178664 -6.71245e-05 0.00039144 -0.0178664 0.0883406 
0.009751 -0.0178489 -2.05506e-05 -6.58285e-05 -0.0178489 0.0880627 -5.47903e-05 0.00039518 -2.05506e-05 -5.47903e-05 0.00964557 -0.0177893 -6.58285e-05 0.00039518 -0.0177893 0.0881119 
0.0097552 -0.0178512 -3.24347e-05 -4.68387e-05 -0.0178512 0.0880552 -4.31209e-05 0.000371002 -3.24347e-05 -4.31209e-05 0.00962199 -0.0177426 -4.68387e-05 0.000371002 -0.0177426 0.0879326 
0.00977707 -0.0179054 -3.78858e-05 -2.61029e-05 -0.0179054 0.0882929 -3.08202e-05 0.000331388 -3.78858e-05 -3.08202e-05 0.00963768 -0.0177613 -2.61029e-05 0.000331388 -0.0177613 0.0880526 
0.0097552 -0.0179157 -4.55926e-05 -1.52927e-05 -0.0179157 0.0883512 -2.07625e-05 0.000291772 -4.55926e-05 -2.07625e-05 0.00966624 -0.0177594 -1.52927e-05 0.000291772 -0.0177594 0.0880423 
0.00976236 -0.0179198 -4.86325e-05 -6.26393e-06 -0.0179198 0.0884827 -2.64041e-06 0.000250372 -4.86325e-05 -2.64041e-06 0.00968879 -0.0178212 -6.26393e-06 0.000250372 -0.0178212 0.0882325 
0.00970547 -0.0178339 -4.96121e-05 -6.02385e-06 -0.0178339 0.0880849 5.11483e-06 0.000223705 -4.96121e-05 5.11483e-06 0.00966221 -0.0177547 -6.02385e-06 0.000223705 -0.0177547 0.0879037 
0.00964705 -0.0177477 -2.96275e-05 -5.09545e-06 -0.0177477 0.0877164 7.681e-06 0.000210009 -2.96275e-05 7.681e-06 0.00964804 -0.017703 -5.09545e-06 0.000210009 -0.017703 0.0876076 
0.00962218 -0.0176715 -2.08349e-05 -2.48344e-05 -0.0176715 0.0874179 -1.81525e-05 0.000238515 -2.08349e-05 -1.81525e-05 0.00962088 -0.0176857 -2.48344e-05 0.000238515 -0.0176857 0.0874379 
0.00963411 -0.0176786 -1.96775e-05 -3.54992e-05 -0.0176786 0.0874302 -3.7023e-05 0.000283363 -1.96775e-05 -3.7023e-05 0.00961024 -0.0177015 -3.54992e-05 0.000283363 -0.0177015 0.0875354 
0.00963041 -0.0177021 -2.65918e-05 -3.39144e-05 -0.0177021 0.0875061 -4.41589e-05 0.000306264 -2.65918e-05 -4.41589e-05 0.00962405 -0.017696 -3.39144e-05 0.000306264 -0.017696 0.0875933 
0.00962332 -0.0176965 -2.71394e-05 -1.79374e-05 -0.0176965 0.08754 -3.55548e-05 0.000290043 -2.71394e-05 -3.55548e-05 0.0096425 -0.0177162 -1.79374e-05 0.000290043 -0.0177162 0.0876539 
0.00963054 -0.0176942 -1.96567e-05 -1.66278e-05 -0.0176942 0.0875672 -3.2178e-05 0.000273835 -1.96567e-05 -3.2178e-05 0.00964209 -0.017741 -1.66278e-05 0.000273835 -0.017741 0.0877368 
0.00964476 -0.0176893 -1.58568e-05 -3.02834e-05 -0.0176893 0.0875279 -3.90852e-05 0.000284525 -1.58568e-05 -3.90852e-05 0.00961625 -0.0177264 -3.02834e-05 0.000284525 -0.0177264 0.0877065 
0.00963552 -0.0176914 -3.20135e-05 -4.16474e-05 -0.0176914 0.0874565 -4.53111e-05 0.000310077 -3.20135e-05 -4.53111e-05 0.00960604 -0.0176712 -4.16474e-05 0.000310077 -0.0176712 0.0875331 
0.00961743 -0.0176749 -3.31174e-05 -2.37508e-05 -0.0176749 0.0873784 -2.38487e-05 0.000290819 -3.31174e-05 -2.38487e-05 0.00959569 -0.0176464 -2.37508e-05 0.000290819 -0.0176464 0.0873767 
0.00960298 -0.0176207 -3.14194e-05 -1.83201e-05 -0.0176207 0.0871505 -2.04598e-05 0.000266796 -3.14194e-05 -2.04598e-05 0.00955756 -0.0176071 -1.83201e-05 0.000266796 -0.0176071 0.0871542 
0.00959304 -0.0175967 -2.46069e-05 -1.99496e-05 -0.0175967 0.0869851 -2.1138e-05 0.00025952 -2.46069e-05 -2.1138e-05 0.00952042 -0.017554 -1.99496e-05 0.00025952 -0.017554 0.0869516 
0.00957452 -0.0175787 -1.39473e-05 -2.89092e-05 -0.0175787 0.0868637 -2.53406e-05 0.000264449 -1.39473e-05 -2.53406e-05 0.00949884 -0.0175027 -2.89092e-05 0.000264449 -0.0175027 0.0867568 
0.00953346 -0.0175226 -5.06971e-06 -3.73875e-05 -0.0175226 0.0866026 -3.38548e-05 0.000274157 -5.06971e-06 -3.38548e-05 0.00948299 -0.0174396 -3.73875e-05 0.000274157 -0.0174396 0.0864487 
0.00953539 -0.0175391 -7.44983e-06 -4.53464e-05 -0.0175391 0.086731 -4.36964e-05 0.000288972 -7.44983e-06 -4.36964e-05 0.00951007 -0.0174858 -4.53464e-05 0.000288972 -0.0174858 0.0866063 
0.00954655 -0.0175778 -2.9318e-05 -3.99173e-05 -0.0175778 0.0869746 -4.18482e-05 0.000288187 -2.9318e-05 -4.18482e-05 0.00955289 -0.0175594 -3.99173e-05 0.000288187 -0.0175594 0.0869279 
0.00954676 -0.0175063 -5.3011e-05 -1.28349e-05 -0.0175063 0.0866928 -1.55209e-05 0.000243533 -5.3011e-05 -1.55209e-05 0.00950113 -0.0175317 -1.28349e-05 0.000243533 -0.0175317 0.0867547 
0.00954865 -0.01751 -6.87689e-05 1.61079e-05 -0.01751 0.0865893 1.93389e-05 0.000166829 -6.87689e-05 1.93389e-05 0.00947318 -0.0174788 1.61079e-05 0.000166829 -0.0174788 0.0866209 
0.00956186 -0.0175583 -6.28386e-05 3.39841e-05 -0.0175583 0.086774 4.41386e-05 9.82983e-05 -6.28386e-05 4.41386e-05 0.00948031 -0.0174823 3.39841e-05 9.82983e-05 -0.0174823 0.0866938 
0.00956302 -0.0175427 -4.79765e-05 2.37461e-05 -0.0175427 0.0867246 3.65034e-05 8.74166e-05 -4.79765e-05 3.65034e-05 0.0094643 -0.0174587 2.37461e-05 8.74166e-05 -0.0174587 0.0865849 
0.00952073 -0.0175232 -3.68743e-05 1.96931e-06 -0.0175232 0.0865973 9.84456e-06 0.000133614 -3.68743e-05 9.84456e-06 0.00947792 -0.0174198 1.96931e-06 0.000133614 -0.0174198 0.0864144 
0.0094715 -0.0174515 -3.0002e-05 -9.71061e-06 -0.0174515 0.0863576 -9.11467e-06 0.000182597 -3.0002e-05 -9.11467e-06 0.00949301 -0.0174148 -9.71061e-06 0.000182597 -0.0174148 0.0862554 
0.00944533 -0.0174033 -3.03785e-05 -1.49621e-05 -0.0174033 0.0862216 -1.87343e-05 0.000212817 -3.03785e-05 -1.87343e-05 0.00950741 -0.0174578 -1.49621e-05 0.000212817 -0.0174578 0.0863251 
0.00942018 -0.0173325 -1.96706e-05 -1.44265e-05 -0.0173325 0.0859282 -1.83909e-05 0.000221525 -1.96706e-05 -1.83909e-05 0.00948422 -0.0174491 -1.44265e-05 0.000221525 -0.0174491 0.0862367 
0.00940815 -0.0173107 -3.33681e-06 -2.23483e-05 -0.0173107 0.0857969 -2.59887e-05 0.000228337 -3.33681e-06 -2.59887e-05 0.00948039 -0.0174326 -2.23483e-05 0.000228337 -0.0174326 0.0861995 
0.0094122 -0.0173166 1.60135e-05 -4.5765e-05 -0.0173166 0.0858196 -4.75952e-05 0.000269533 1.60135e-05 -4.75952e-05 0.00947752 -0.0174453 -4.5765e-05 0.000269533 -0.0174453 0.0862571 
0.00943802 -0.017378 6.83165e-06 -7.0582e-05 -0.017378 0.0861091 -7.37297e-05 0.000331145 6.83165e-06 -7.37297e-05 0.00950457 -0.0174899 -7.0582e-05 0.000331145 -0.0174899 0.0865206 
0.00941612 -0.0173743 -1.46209e-06 -6.03068e-05 -0.0173743 0.0861024 -6.43267e-05 0.000343362 -1.46209e-06 -6.43267e-05 0.00952353 -0.0174712 -6.03068e-05 0.000343362 -0.0174712 0.0864543 
0.009419 -0.0173325 -1.30406e-05 -4.49045e-05 -0.0173325 0.085985 -4.69676e-05 0.000308372 -1.30406e-05 -4.69676e-05 0.00950923 -0.0174794 -4.49045e-05 0.000308372 -0.0174794 0.0863862 
0.00942729 -0.0173208 -3.14494e-05 -2.71022e-05 -0.0173208 0.0858666 -2.76786e-05 0.00025746 -3.14494e-05 -2.76786e-05 0.00949129 -0.0174541 -2.71022e-05 0.00025746 -0.0174541 0.0862858 
0.00946677 -0.0173628 -2.84693e-05 -5.98859e-06 -0.0173628 0.0859933 -2.22777e-06 0.000198489 -2.84693e-05 -2.22777e-06 0.00947058 -0.0174701 -5.98859e-06 0.000198489 -0.0174701 0.0863804 
0.00949924 -0.0174692 -3.19418e-05 -1.13586e-05 -0.0174692 0.086409 -2.62395e-06 0.000175584 -3.19418e-05 -2.62395e-06 0.00949504 -0.0175022 -1.13586e-05 0.000175584 -0.0175022 0.0866671 
0.00949521 -0.0174821 -3.96742e-05 -1.01178e-05 -0.0174821 0.0865231 1.68807e-06 0.000169161 -3.96742e-05 1.68807e-06 0.00950143 -0.0174985 -1.01178e-05 0.000169161 -0.0174985 0.086686 
0.00947681 -0.0174344 -4.12835e-05 2.78083e-07 -0.0174344 0.0863589 1.41958e-05 0.000145162 -4.12835e-05 1.41958e-05 0.00948305 -0.0174686 2.78083e-07 0.000145162 -0.0174686 0.0865284 
0.00947834 -0.0174187 -2.91067e-05 5.45266e-06 -0.0174187 0.086287 1.88097e-05 0.000122011 -2.91067e-05 1.88097e-05 0.00947157 -0.0174562 5.45266e-06 0.000122011 -0.0174562 0.0864786 
0.00947985 -0.0174229 -2.32211e-05 -7.76736e-06 -0.0174229 0.0862755 2.24231e-06 0.000135816 -2.32211e-05 2.24231e-06 0.00947116 -0.0174467 -7.76736e-06 0.000135816 -0.0174467 0.0864584 
0.00947584 -0.0174165 -2.31394e-05 -1.31466e-05 -0.0174165 0.0862355 -1.08062e-05 0.000162883 -2.31394e-05 -1.08062e-05 0.00947269 -0.0174379 -1.31466e-05 0.000162883 -0.0174379 0.0864073 
0.00946501 -0.0173833 -2.13238e-05 -1.38377e-05 -0.0173833 0.0860748 -1.7048e-05 0.000182125 -2.13238e-05 -1.7048e-05 0.00945514 -0.0174186 -1.38377e-05 0.000182125 -0.0174186 0.0862742 
0.00945594 -0.0173963 -1.76545e-05 -1.64819e-05 -0.0173963 0.0861072 -2.12538e-05 0.00019556 -1.76545e-05 -2.12538e-05 0.00946972 -0.0174245 -1.64819e-05 0.00019556 -0.0174245 0.0863128 
0.00947146 -0.0173786 -1.74719e-05 -2.32381e-05 -0.0173786 0.0860717 -2.62934e-05 0.000212624 -1.74719e-05 -2.62934e-05 0.00944529 -0.0174356 -2.32381e-05 0.000212624 -0.0174356 0.0863221 
0.0094971 -0.0174001 -3.49697e-05 -2.40734e-05 -0.0174001 0.0860958 -2.38291e-05 0.000217659 -3.49697e-05 -2.38291e-05 0.00942146 -0.0174106 -2.40734e-05 0.000217659 -0.0174106 0.0863032 
0.00950458 -0.0174295 -3.02836e-05 -3.09435e-06 -0.0174295 0.0861427 -8.38668e-07 0.000184099 -3.02836e-05 -8.38668e-07 0.00941117 -0.0173723 -3.09435e-06 0.000184099 -0.0173723 0.0862066 
0.00950961 -0.0174565 -1.83483e-05 -5.559e-06 -0.0174565 0.0862623 -3.21079e-06 0.000165458 -1.83483e-05 -3.21079e-06 0.00941698 -0.0173747 -5.559e-06 0.000165458 -0.0173747 0.0862206 
0.00950993 -0.0174997 -1.94725e-05 -1.85382e-05 -0.0174997 0.086496 -1.91804e-05 0.00018409 -1.94725e-05 -1.91804e-05 0.00944599 -0.0174109 -1.85382e-05 0.00018409 -0.0174109 0.0863979 
0.0095179 -0.0175274 -2.32208e-05 -1.64596e-05 -0.0175274 0.0867375 -2.01069e-05 0.000194408 -2.32208e-05 -2.01069e-05 0.00948727 -0.0174721 -1.64596e-05 0.000194408 -0.0174721 0.086669 
0.00951745 -0.017497 -2.95946e-05 -1.25233e-05 -0.017497 0.0866749 -1.57697e-05 0.000189506 -2.95946e-05 -1.57697e-05 0.00948189 -0.0174889 -1.25233e-05 0.000189506 -0.0174889 0.0867051 
0.0094902 -0.0174616 -1.74084e-05 -5.47992e-06 -0.0174616 0.0864855 -5.63406e-06 0.000172267 -1.74084e-05 -5.63406e-06 0.00948245 -0.0174537 -5.47992e-06 0.000172267 -0.0174537 0.0865685 
0.00943463 -0.0173743 -1.42924e-05 -2.05896e-05 -0.0173743 0.0860926 -1.76195e-05 0.000182523 -1.42924e-05 -1.76195e-05 0.0094734 -0.0174022 -2.05896e-05 0.000182523 -0.0174022 0.086245 
0.0093991 -0.0172736 -1.99119e-05 -2.45587e-05 -0.0172736 0.0856505 -1.79406e-05 0.000192402 -1.99119e-05 -1.79406e-05 0.00943539 -0.0173655 -2.45587e-05 0.000192402 -0.0173655 0.0859456 
0.00937601 -0.0171866 -2.82115e-05 -1.83314e-05 -0.0171866 0.0851677 -9.87523e-06 0.000181986 -2.82115e-05 -9.87523e-06 0.0093672 -0.0172834 -1.83314e-05 0.000181986 -0.0172834 0.0855469 
0.00937744 -0.0171945 -3.27378e-05 -8.08594e-06 -0.0171945 0.085077 -1.48735e-06 0.000160824 -3.27378e-05 -1.48735e-06 0.0093339 -0.0172325 -8.08594e-06 0.000160824 -0.0172325 0.0853879 
0.00939521 -0.0172702 -4.97164e-05 -5.64005e-07 -0.0172702 0.0853928 2.98853e-06 0.000142645 -4.97164e-05 2.98853e-06 0.00935117 -0.0172558 -5.64005e-07 0.000142645 -0.0172558 0.085569 
0.00940517 -0.0173196 -5.26803e-05 2.3637e-05 -0.0173196 0.0856927 2.60013e-05 9.63015e-05 -5.26803e-05 2.60013e-05 0.00938215 -0.017296 2.3637e-05 9.63015e-05 -0.017296 0.0857859 
0.0093739 -0.0172675 -4.70747e-05 3.25769e-05 -0.0172675 0.0855316 3.58234e-05 5.0639e-05 -4.70747e-05 3.58234e-05 0.00938205 -0.0172728 3.25769e-05 5.0639e-05 -0.0172728 0.085647 
0.0093369 -0.0171876 -2.52505e-05 2.44586e-05 -0.0171876 0.0852018 2.8787e-05 4.57504e-05 -2.52505e-05 2.8787e-05 0.00936542 -0.01724 2.44586e-05 4.57504e-05 -0.01724 0.0854187 
0.00933059 -0.0171503 -4.70249e-06 -4.25858e-06 -0.0171503 0.0850308 -2.76658e-07 9.35774e-05 -4.70249e-06 -2.76658e-07 0.00935208 -0.0172368 -4.25858e-06 9.35774e-05 -0.0172368 0.0853587 
0.00933894 -0.0171595 9.21991e-06 -3.03487e-05 -0.0171595 0.0850245 -2.83212e-05 0.000161457 9.21991e-06 -2.83212e-05 0.00935139 -0.0172368 -3.03487e-05 0.000161457 -0.0172368 0.0853853 
0.00933828 -0.0171715 1.39318e-05 -4.88628e-05 -0.0171715 0.0850417 -5.16371e-05 0.000225892 1.39318e-05 -5.16371e-05 0.00934873 -0.0172304 -4.88628e-05 0.000225892 -0.0172304 0.0853691 
0.00932765 -0.0171646 5.50984e-06 -5.6351e-05 -0.0171646 0.0850137 -6.19543e-05 0.000269026 5.50984e-06 -6.19543e-05 0.00934803 -0.0172171 -5.6351e-05 0.000269026 -0.0172171 0.0853068 
0.0093267 -0.0171584 -1.71059e-05 -4.26925e-05 -0.0171584 0.085001 -4.86102e-05 0.000260264 -1.71059e-05 -4.86102e-05 0.0093443 -0.0172145 -4.26925e-05 0.000260264 -0.0172145 0.0852751 
0.00932668 -0.0171641 -2.3104e-05 -1.44674e-05 -0.0171641 0.0850258 -1.75116e-05 0.000204375 -2.3104e-05 -1.75116e-05 0.0093504 -0.0172169 -1.44674e-05 0.000204375 -0.0172169 0.0852887 
0.00927014 -0.0170798 -1.2495e-05 -7.80543e-06 -0.0170798 0.0846309 -8.09222e-06 0.000164175 -1.2495e-05 -8.09222e-06 0.00933598 -0.0171514 -7.80543e-06 0.000164175 -0.0171514 0.08493 
0.0093099 -0.0171495 -1.23362e-05 -2.12052e-05 -0.0171495 0.0850352 -2.22767e-05 0.000174593 -1.23362e-05 -2.22767e-05 0.00938724 -0.0172816 -2.12052e-05 0.000174593 -0.0172816 0.085458 
0.00936727 -0.0172191 -1.37714e-05 -2.26918e-05 -0.0172191 0.0853931 -2.58903e-05 0.000191767 -1.37714e-05 -2.58903e-05 0.00940328 -0.0173627 -2.26918e-05 0.000191767 -0.0173627 0.0858931 
0.00941987 -0.0173181 3.34537e-06 -2.07648e-05 -0.0173181 0.0858108 -2.39028e-05 0.000194604 3.34537e-06 -2.39028e-05 0.00942722 -0.0174051 -2.07648e-05 0.000194604 -0.0174051 0.0862391 
0.00944539 -0.0173637 7.08927e-06 -4.24205e-05 -0.0173637 0.0860061 -4.31685e-05 0.000225561 7.08927e-06 -4.31685e-05 0.00943351 -0.0174029 -4.24205e-05 0.000225561 -0.0174029 0.0862998 
0.00947377 -0.0174028 1.17129e-05 -5.32804e-05 -0.0174028 0.0861834 -5.26992e-05 0.000265094 1.17129e-05 -5.26992e-05 0.00944094 -0.0174137 -5.32804e-05 0.000265094 -0.0174137 0.086368 
0.00949265 -0.0174478 -7.66971e-06 -5.51756e-05 -0.0174478 0.0863708 -5.63869e-05 0.000281825 -7.66971e-06 -5.63869e-05 0.00946518 -0.0174354 -5.51756e-05 0.000281825 -0.0174354 0.0864815 
0.00950993 -0.017477 -1.42741e-05 -3.07078e-05 -0.017477 0.0865298 -3.48789e-05 0.000253013 -1.42741e-05 -3.48789e-05 0.00948309 -0.0174773 -3.07078e-05 0.000253013 -0.0174773 0.0866383 
0.00953601 -0.0175083 -3.2132e-05 -2.11458e-05 -0.0175083 0.0866841 -2.64324e-05 0.000220723 -3.2132e-05 -2.64324e-05 0.00949369 -0.0175119 -2.11458e-05 0.000220723 -0.0175119 0.0868088 
0.00954831 -0.0175441 -3.28423e-05 -1.4681e-06 -0.0175441 0.0868269 -3.71798e-06 0.000177866 -3.28423e-05 -3.71798e-06 0.00951801 -0.0175307 -1.4681e-06 0.000177866 -0.0175307 0.0869352 
0.00955598 -0.0175171 -3.95582e-05 9.38532e-07 -0.0175171 0.0867112 -4.98569e-07 0.000151655 -3.95582e-05 -4.98569e-07 0.00949471 -0.0175198 9.38532e-07 0.000151655 -0.0175198 0.0868367 
0.00956299 -0.0175425 -2.3222e-05 6.70257e-06 -0.0175425 0.0867443 4.9049e-06 0.000140048 -2.3222e-05 4.9049e-06 0.00949653 -0.0175044 6.70257e-06 0.000140048 -0.0175044 0.0868168 
0.00954446 -0.0175473 -8.94613e-06 -1.62318e-05 -0.0175473 0.0867508 -1.59091e-05 0.000170728 -8.94613e-06 -1.59091e-05 0.00951121 -0.0174981 -1.62318e-05 0.000170728 -0.0174981 0.0867672 
0.0095015 -0.0175097 1.51204e-05 -3.5781e-05 -0.0175097 0.0866361 -3.41073e-05 0.000220394 1.51204e-05 -3.41073e-05 0.00952978 -0.0174984 -3.5781e-05 0.000220394 -0.0174984 0.086689 
0.00945454 -0.0174072 9.83772e-06 -6.36277e-05 -0.0174072 0.0862582 -5.89153e-05 0.000277768 9.83772e-06 -5.89153e-05 0.00950779 -0.0174775 -6.36277e-05 0.000277768 -0.0174775 0.0864701 
0.00941946 -0.0173244 -4.77219e-06 -5.96129e-05 -0.0173244 0.0858737 -5.46234e-05 0.000299228 -4.77219e-06 -5.46234e-05 0.00947247 -0.0174302 -5.96129e-05 0.000299228 -0.0174302 0.0862201 
0.00938888 -0.0172707 -2.22214e-05 -3.94249e-05 -0.0172707 0.085582 -3.72296e-05 0.000272068 -2.22214e-05 -3.72296e-05 0.0094409 -0.0173762 -3.94249e-05 0.000272068 -0.0173762 0.0859762 
0.00937698 -0.0172227 -2.60182e-05 -1.57947e-05 -0.0172227 0.0853416 -1.73933e-05 0.000222772 -2.60182e-05 -1.73933e-05 0.00939265 -0.0173265 -1.57947e-05 0.000222772 -0.0173265 0.0857438 
0.00936534 -0.0172104 -2.53242e-05 -6.10538e-06 -0.0172104 0.0852141 -1.07837e-05 0.000185733 -2.53242e-05 -1.07837e-05 0.00935972 -0.0172661 -6.10538e-06 0.000185733 -0.0172661 0.0855402 
0.00938043 -0.0172564 -4.43649e-05 -6.55908e-06 -0.0172564 0.0854255 -1.42596e-05 0.000176178 -4.43649e-05 -1.42596e-05 0.00937147 -0.0172783 -6.55908e-06 0.000176178 -0.0172783 0.0856485 
0.00940868 -0.0172849 -6.58993e-05 1.71445e-05 -0.0172849 0.0855974 6.68234e-06 0.000141701 -6.58993e-05 6.68234e-06 0.00936895 -0.017299 1.71445e-05 0.000141701 -0.017299 0.08576 
0.00943119 -0.0172898 -3.27255e-05 4.51043e-05 -0.0172898 0.0855861 3.42512e-05 7.79414e-05 -3.27255e-05 3.42512e-05 0.00933919 -0.0172704 4.51043e-05 7.79414e-05 -0.0172704 0.0856817 
0.0094568 -0.0173106 -6.22045e-06 9.89373e-06 -0.0173106 0.0855864 -9.08841e-07 9.59203e-05 -6.22045e-06 -9.08841e-07 0.0092986 -0.0172201 9.89373e-06 9.59203e-05 -0.0172201 0.0855297 
0.0094956 -0.017428 1.31171e-05 -2.74942e-05 -0.017428 0.0860443 -3.57181e-05 0.000175481 1.31171e-05 -3.57181e-05 0.00932109 -0.0172386 -2.74942e-05 0.000175481 -0.0172386 0.0857423 
0.00945075 -0.0174159 2.13608e-05 -5.21145e-05 -0.0174159 0.0860187 -5.71293e-05 0.000243907 2.13608e-05 -5.71293e-05 0.00933992 -0.0171926 -5.21145e-05 0.000243907 -0.0171926 0.0855359 
0.00939909 -0.017336 1.38609e-05 -6.574e-05 -0.017336 0.0857949 -6.76951e-05 0.000290091 1.38609e-05 -6.76951e-05 0.00935699 -0.0171927 -6.574e-05 0.000290091 -0.0171927 0.0853718 
0.00936907 -0.0172729 -1.12495e-06 -5.8653e-05 -0.0172729 0.0856033 -5.795e-05 0.000293972 -1.12495e-06 -5.795e-05 0.00937766 -0.0172272 -5.8653e-05 0.000293972 -0.0172272 0.0853927 
0.00933624 -0.0171907 -1.09571e-05 -4.01592e-05 -0.0171907 0.0852428 -3.54967e-05 0.000257064 -1.09571e-05 -3.54967e-05 0.00936464 -0.0172142 -4.01592e-05 0.000257064 -0.0172142 0.0852404 
0.00933739 -0.0171662 -1.70682e-05 -2.69148e-05 -0.0171662 0.0851008 -1.8562e-05 0.000212063 -1.70682e-05 -1.8562e-05 0.00934346 -0.017218 -2.69148e-05 0.000212063 -0.017218 0.0852278 
0.0093597 -0.0171904 -6.38503e-06 -1.6138e-05 -0.0171904 0.0851585 -9.87689e-06 0.0001767 -6.38503e-06 -9.87689e-06 0.00932437 -0.0172208 -1.6138e-05 0.0001767 -0.0172208 0.085306 
0.00936765 -0.0172444 -7.78756e-06 -2.47745e-05 -0.0172444 0.0853564 -2.47961e-05 0.000179525 -7.78756e-06 -2.47961e-05 0.00934178 -0.0172179 -2.47745e-05 0.000179525 -0.0172179 0.0854065 
0.009372 -0.0172515 -6.81469e-06 -2.58053e-05 -0.0172515 0.0854428 -2.96678e-05 0.000194799 -6.81469e-06 -2.96678e-05 0.00934901 -0.0172285 -2.58053e-05 0.000194799 -0.0172285 0.0854406 
0.00936046 -0.0172426 -8.48121e-06 -2.64979e-05 -0.0172426 0.085413 -3.10469e-05 0.000202283 -8.48121e-06 -3.10469e-05 0.00935108 -0.0172201 -2.64979e-05 0.000202283 -0.0172201 0.0853963 
0.00935852 -0.0172099 -2.12963e-05 -2.3538e-05 -0.0172099 0.0852822 -2.90136e-05 0.000201166 -2.12963e-05 -2.90136e-05 0.00932581 -0.0171983 -2.3538e-05 0.000201166 -0.0171983 0.0852706 
