0.00671519 0 5.2201e-05 0 0 0.00931994 0 0 5.2201e-05 0 0.00647686 0 0 0 0 0.00931994 
0.00983324 -0.0122027 5.45089e-05 -6.43023e-05 -0.0122027 0.0322534 -6.43023e-05 0.000123594 5.45089e-05 -6.43023e-05 0.00952681 -0.0118283 -6.43023e-05 0.000123594 -0.0118283 0.0315358 
0.0100403 -0.0187574 2.24738e-05 1.11254e-06 -0.0187574 0.0690237 1.11254e-06 -2.6985e-05 2.24738e-05 1.11254e-06 0.00988739 -0.0184011 1.11254e-06 -2.6985e-05 -0.0184011 0.0679265 
0.0086323 -0.0166722 1.31142e-06 0.000100504 -0.0166722 0.0747501 9.68355e-05 -0.000548459 1.31142e-06 9.68355e-05 0.00861746 -0.016703 0.000100504 -0.000548459 -0.016703 0.0749758 
0.00911451 -0.0169969 7.99233e-06 0.000113537 -0.0169969 0.0819482 0.000108213 -0.00080742 7.99233e-06 0.000108213 0.00913258 -0.0171899 0.000113537 -0.00080742 -0.0171899 0.0831274 
0.00887851 -0.0162646 1.17201e-05 6.84754e-05 -0.0162646 0.0797857 6.5656e-05 -0.0006439 1.17201e-05 6.5656e-05 0.00889652 -0.0164527 6.84754e-05 -0.0006439 -0.0164527 0.0810319 
0.00937823 -0.0170478 1.79146e-05 4.70908e-05 -0.0170478 0.0839005 4.5611e-05 -0.000483299 1.79146e-05 4.5611e-05 0.00932491 -0.0172231 4.70908e-05 -0.000483299 -0.0172231 0.0850376 
0.0091373 -0.016655 2.17914e-05 3.57048e-05 -0.016655 0.081925 3.40691e-05 -0.000356146 2.17914e-05 3.40691e-05 0.00908731 -0.016723 3.57048e-05 -0.000356146 -0.016723 0.0827377 
0.0096173 -0.017514 3.13657e-05 3.19331e-05 -0.017514 0.0862547 3.07802e-05 -0.00031494 3.13657e-05 3.07802e-05 0.00954718 -0.0175731 3.19331e-05 -0.00031494 -0.0175731 0.0869179 
0.00950309 -0.0173138 2.28899e-05 2.32607e-05 -0.0173138 0.0852533 2.23854e-05 -0.000280256 2.28899e-05 2.23854e-05 0.00942798 -0.0173475 2.32607e-05 -0.000280256 -0.0173475 0.0858065 
0.00944341 -0.0172215 2.37413e-05 3.40585e-05 -0.0172215 0.0847933 3.43253e-05 -0.000287294 2.37413e-05 3.43253e-05 0.00938454 -0.0172496 3.40585e-05 -0.000287294 -0.0172496 0.0852988 
0.00941083 -0.0171762 6.52975e-06 3.46299e-05 -0.0171762 0.0845987 3.48144e-05 -0.000299108 6.52975e-06 3.48144e-05 0.00936763 -0.0172298 3.46299e-05 -0.000299108 -0.0172298 0.0851356 
0.00937967 -0.0170872 -6.12777e-06 5.41896e-05 -0.0170872 0.0842061 5.60557e-05 -0.000333078 -6.12777e-06 5.60557e-05 0.00931802 -0.0171703 5.41896e-05 -0.000333078 -0.0171703 0.0848218 
0.00931747 -0.0170009 1.91959e-06 6.96947e-05 -0.0170009 0.0837204 6.90256e-05 -0.000371023 1.91959e-06 6.90256e-05 0.009286 -0.0170579 6.96947e-05 -0.000371023 -0.0170579 0.0843268 
0.00926106 -0.016936 2.16585e-05 6.18693e-05 -0.016936 0.0834214 5.69913e-05 -0.000369607 2.16585e-05 5.69913e-05 0.00927541 -0.0170181 6.18693e-05 -0.000369607 -0.0170181 0.0840381 
0.00923975 -0.0169275 4.85132e-05 3.7402e-05 -0.0169275 0.0834651 3.08698e-05 -0.000323208 4.85132e-05 3.08698e-05 0.00929216 -0.0170658 3.7402e-05 -0.000323208 -0.0170658 0.0841804 
0.00922917 -0.0169102 3.9643e-05 1.34641e-06 -0.0169102 0.0834861 -3.86127e-06 -0.000241829 3.9643e-05 -3.86127e-06 0.00929702 -0.0170988 1.34641e-06 -0.000241829 -0.0170988 0.0843284 
0.00923029 -0.0168731 2.2193e-05 5.79728e-06 -0.0168731 0.0833583 4.03337e-06 -0.000207944 2.2193e-05 4.03337e-06 0.00927319 -0.0170758 5.79728e-06 -0.000207944 -0.0170758 0.0842647 
0.00925641 -0.0168657 1.69943e-05 2.55209e-05 -0.0168657 0.0832679 2.64908e-05 -0.000233325 1.69943e-05 2.64908e-05 0.00922574 -0.0170392 2.55209e-05 -0.000233325 -0.0170392 0.08415 
0.00928972 -0.016906 4.94694e-06 3.33219e-05 -0.016906 0.0833161 3.38566e-05 -0.000260305 4.94694e-06 3.38566e-05 0.00918857 -0.0169832 3.33219e-05 -0.000260305 -0.0169832 0.0840236 
0.00932889 -0.0170128 8.34421e-06 4.77496e-05 -0.0170128 0.0837237 4.52364e-05 -0.000286245 8.34421e-06 4.52364e-05 0.00921306 -0.0169975 4.77496e-05 -0.000286245 -0.0169975 0.0841943 
0.00933521 -0.0170594 2.6156e-05 4.44264e-05 -0.0170594 0.0839667 4.06877e-05 -0.000291745 2.6156e-05 4.06877e-05 0.00923794 -0.0170187 4.44264e-05 -0.000291745 -0.0170187 0.0842889 
0.00932695 -0.017026 3.67013e-05 2.34164e-05 -0.017026 0.0838832 1.98481e-05 -0.000258701 3.67013e-05 1.98481e-05 0.00922697 -0.0170125 2.34164e-05 -0.000258701 -0.0170125 0.0842039 
0.00933025 -0.0170175 4.39485e-05 9.02144e-06 -0.0170175 0.0838418 4.64507e-06 -0.000215159 4.39485e-05 4.64507e-06 0.00922041 -0.0170082 9.02144e-06 -0.000215159 -0.0170082 0.0841905 
0.00931342 -0.0169944 4.42801e-05 -1.34675e-06 -0.0169944 0.0837018 -5.13368e-06 -0.00018045 4.42801e-05 -5.13368e-06 0.00920894 -0.0169781 -1.34675e-06 -0.00018045 -0.0169781 0.0840565 
0.00927548 -0.0169493 2.54375e-05 -1.96938e-06 -0.0169493 0.0834842 -5.39717e-06 -0.000166468 2.54375e-05 -5.39717e-06 0.00919635 -0.0169349 -1.96938e-06 -0.000166468 -0.0169349 0.0838344 
0.00920316 -0.0168156 2.19376e-05 1.98233e-05 -0.0168156 0.0828831 1.66487e-05 -0.000194911 2.19376e-05 1.66487e-05 0.00914729 -0.0168343 1.98233e-05 -0.000194911 -0.0168343 0.0832861 
0.00916528 -0.0167378 1.74561e-05 2.53555e-05 -0.0167378 0.0825164 2.29839e-05 -0.000221549 1.74561e-05 2.29839e-05 0.00910682 -0.0167829 2.53555e-05 -0.000221549 -0.0167829 0.0829867 
0.00917857 -0.016767 2.39772e-05 2.78554e-05 -0.016767 0.0826424 2.83748e-05 -0.000234573 2.39772e-05 2.83748e-05 0.00910054 -0.0168051 2.78554e-05 -0.000234573 -0.0168051 0.0831253 
0.00917386 -0.0167628 3.58852e-05 1.98848e-05 -0.0167628 0.0826185 2.29812e-05 -0.000231149 3.58852e-05 2.29812e-05 0.00907773 -0.0167701 1.98848e-05 -0.000231149 -0.0167701 0.0830436 
0.00916283 -0.0167514 4.16616e-05 2.51782e-06 -0.0167514 0.0825692 5.01207e-06 -0.00019548 4.16616e-05 5.01207e-06 0.00906521 -0.0167294 2.51782e-06 -0.00019548 -0.0167294 0.0829064 
0.00912713 -0.0166975 2.69144e-05 -3.75919e-06 -0.0166975 0.0823292 5.86903e-07 -0.000170547 2.69144e-05 5.86903e-07 0.00904735 -0.0166738 -3.75919e-06 -0.000170547 -0.0166738 0.0826236 
0.00911567 -0.0166581 5.28308e-06 1.29632e-05 -0.0166581 0.0821715 1.64625e-05 -0.000185688 5.28308e-06 1.64625e-05 0.00903462 -0.0166547 1.29632e-05 -0.000185688 -0.0166547 0.0824791 
0.00914337 -0.01667 -1.17966e-05 4.06679e-05 -0.01667 0.082205 4.12183e-05 -0.000236685 -1.17966e-05 4.12183e-05 0.00902432 -0.0166686 4.06679e-05 -0.000236685 -0.0166686 0.0825308 
0.00917479 -0.0167225 -5.86054e-06 6.2894e-05 -0.0167225 0.082356 6.15806e-05 -0.000293888 -5.86054e-06 6.15806e-05 0.00901519 -0.0166673 6.2894e-05 -0.000293888 -0.0166673 0.0825954 
0.00916611 -0.0167493 1.2073e-05 5.58861e-05 -0.0167493 0.0824154 5.40622e-05 -0.000304591 1.2073e-05 5.40622e-05 0.009006 -0.0166321 5.58861e-05 -0.000304591 -0.0166321 0.0824972 
0.00916475 -0.0167455 3.22245e-05 2.97772e-05 -0.0167455 0.0824584 2.81342e-05 -0.000257501 3.22245e-05 2.81342e-05 0.00899512 -0.0166272 2.97772e-05 -0.000257501 -0.0166272 0.0824662 
0.0091383 -0.016721 4.94233e-05 3.12747e-06 -0.016721 0.0823602 2.30089e-06 -0.00019064 4.94233e-05 2.30089e-06 0.00898357 -0.0165943 3.12747e-06 -0.00019064 -0.0165943 0.0823393 
0.00912452 -0.0167042 4.21603e-05 -2.10842e-05 -0.0167042 0.0823451 -1.91186e-05 -0.000124996 4.21603e-05 -1.91186e-05 0.00899284 -0.0165958 -2.10842e-05 -0.000124996 -0.0165958 0.0823396 
0.00907461 -0.0166769 3.72769e-05 -1.49316e-05 -0.0166769 0.0822692 -1.13941e-05 -0.000105662 3.72769e-05 -1.13941e-05 0.00903701 -0.0166019 -1.49316e-05 -0.000105662 -0.0166019 0.0823331 
0.00902917 -0.0165889 3.76355e-05 -6.80536e-06 -0.0165889 0.0820174 -5.88206e-06 -0.000114643 3.76355e-05 -5.88206e-06 0.00905305 -0.0166361 -6.80536e-06 -0.000114643 -0.0166361 0.0823109 
0.00962676 -0.017667 3.65562e-05 -6.5139e-06 -0.017667 0.0874405 -1.23828e-05 -0.000120768 3.65562e-05 -1.23828e-05 0.00968689 -0.0178115 -6.5139e-06 -0.000120768 -0.0178115 0.0880359 
0.00963147 -0.0176517 4.36396e-05 -1.9725e-06 -0.0176517 0.0873703 -1.11236e-05 -0.000120012 4.36396e-05 -1.11236e-05 0.00968219 -0.0178407 -1.9725e-06 -0.000120012 -0.0178407 0.0881503 
0.00963658 -0.0176499 5.69864e-05 -1.00028e-05 -0.0176499 0.0873148 -1.39603e-05 -0.000115434 5.69864e-05 -1.39603e-05 0.00967139 -0.0178263 -1.00028e-05 -0.000115434 -0.0178263 0.0881401 
0.00962745 -0.0176264 6.55054e-05 -2.88249e-05 -0.0176264 0.0871585 -2.73353e-05 -8.7218e-05 6.55054e-05 -2.73353e-05 0.00964606 -0.0177817 -2.88249e-05 -8.7218e-05 -0.0177817 0.0879519 
0.00960899 -0.0176205 4.59942e-05 -4.15389e-05 -0.0176205 0.0870869 -3.9135e-05 -5.32333e-05 4.59942e-05 -3.9135e-05 0.0096289 -0.0177467 -4.15389e-05 -5.32333e-05 -0.0177467 0.0878074 
0.009599 -0.0175951 5.32606e-06 -1.99204e-05 -0.0175951 0.0869984 -2.01391e-05 -6.55127e-05 5.32606e-06 -2.01391e-05 0.00959907 -0.0177171 -1.99204e-05 -6.55127e-05 -0.0177171 0.0876735 
0.00954327 -0.017505 -1.42082e-05 3.33193e-05 -0.017505 0.0865393 3.11305e-05 -0.000158141 -1.42082e-05 3.11305e-05 0.00954919 -0.017592 3.33193e-05 -0.000158141 -0.017592 0.0871302 
0.00952319 -0.0174629 -2.28568e-05 6.12678e-05 -0.0174629 0.086349 6.02651e-05 -0.000252671 -2.28568e-05 6.02651e-05 0.00953376 -0.0175505 6.12678e-05 -0.000252671 -0.0175505 0.0868905 
0.00951386 -0.0174343 -2.8096e-05 6.99304e-05 -0.0174343 0.086207 7.01514e-05 -0.000300994 -2.8096e-05 7.01514e-05 0.00952 -0.0175346 6.99304e-05 -0.000300994 -0.0175346 0.0867597 
0.0095435 -0.0174871 -2.24019e-05 7.57262e-05 -0.0174871 0.0864321 7.54626e-05 -0.000324012 -2.24019e-05 7.54626e-05 0.00953931 -0.0175793 7.57262e-05 -0.000324012 -0.0175793 0.0869763 
0.00957091 -0.017538 -6.1291e-07 6.65899e-05 -0.017538 0.086652 6.46713e-05 -0.000311477 -6.1291e-07 6.46713e-05 0.00955296 -0.01761 6.65899e-05 -0.000311477 -0.01761 0.0871496 
0.00960947 -0.0176194 1.73131e-06 3.80388e-05 -0.0176194 0.0870428 3.68664e-05 -0.000258064 1.73131e-06 3.68664e-05 0.00958627 -0.0176787 3.80388e-05 -0.000258064 -0.0176787 0.0875037 
0.00961635 -0.0176161 1.96648e-05 2.9655e-05 -0.0176161 0.08705 3.13069e-05 -0.000215073 1.96648e-05 3.13069e-05 0.00957774 -0.017675 2.9655e-05 -0.000215073 -0.017675 0.0875039 
0.0096304 -0.0176662 7.09512e-06 1.08383e-05 -0.0176662 0.0872812 1.09171e-05 -0.000173059 7.09512e-06 1.09171e-05 0.00961213 -0.0177151 1.08383e-05 -0.000173059 -0.0177151 0.0877334 
0.00962085 -0.0176042 -1.03599e-05 2.83992e-05 -0.0176042 0.0870273 2.22795e-05 -0.000174881 -1.03599e-05 2.22795e-05 0.00958416 -0.0176784 2.83992e-05 -0.000174881 -0.0176784 0.0875143 
0.00963599 -0.0175912 -2.31252e-05 5.36728e-05 -0.0175912 0.0868939 4.3096e-05 -0.000220208 -2.31252e-05 4.3096e-05 0.00954898 -0.0176518 5.36728e-05 -0.000220208 -0.0176518 0.0873954 
0.00965431 -0.017638 -2.46845e-05 7.16728e-05 -0.017638 0.0869965 5.93563e-05 -0.000269756 -2.46845e-05 5.93563e-05 0.00954468 -0.0176331 7.16728e-05 -0.000269756 -0.0176331 0.0873953 
0.00968032 -0.0177002 -1.84979e-05 7.22829e-05 -0.0177002 0.0872669 6.47333e-05 -0.000294878 -1.84979e-05 6.47333e-05 0.00955625 -0.0176601 7.22829e-05 -0.000294878 -0.0176601 0.0875509 
0.00970841 -0.0177258 -1.57888e-05 5.95067e-05 -0.0177258 0.0873971 5.90875e-05 -0.000284644 -1.57888e-05 5.90875e-05 0.00954718 -0.0176628 5.95067e-05 -0.000284644 -0.0176628 0.087597 
0.00973012 -0.0177857 -8.69673e-07 4.78611e-05 -0.0177857 0.0876323 5.16831e-05 -0.000255711 -8.69673e-07 5.16831e-05 0.00957585 -0.0176768 4.78611e-05 -0.000255711 -0.0176768 0.0877288 
0.00973464 -0.0178212 1.56406e-05 2.67777e-05 -0.0178212 0.0878279 3.34856e-05 -0.000210656 1.56406e-05 3.34856e-05 0.00961291 -0.0177234 2.67777e-05 -0.000210656 -0.0177234 0.0879008 
0.0091016 -0.016677 8.36226e-06 3.19575e-06 -0.016677 0.0822576 8.76797e-06 -0.000139024 8.36226e-06 8.76797e-06 0.00900886 -0.0166295 3.19575e-06 -0.000139024 -0.0166295 0.0824041 
0.0091038 -0.0166876 1.0926e-05 1.41467e-05 -0.0166876 0.0823781 1.42213e-05 -0.000126333 1.0926e-05 1.42213e-05 0.00902855 -0.016669 1.41467e-05 -0.000126333 -0.016669 0.0826151 
0.0090802 -0.0166764 1.17649e-05 1.77933e-05 -0.0166764 0.0823816 1.28548e-05 -0.000133735 1.17649e-05 1.28548e-05 0.00905323 -0.0166838 1.77933e-05 -0.000133735 -0.0166838 0.0827021 
0.00903385 -0.0165871 1.36533e-05 1.94986e-05 -0.0165871 0.0820573 1.08186e-05 -0.000136628 1.36533e-05 1.08186e-05 0.00905048 -0.0166593 1.94986e-05 -0.000136628 -0.0166593 0.0825174 
0.00900337 -0.0165087 1.54805e-05 1.67258e-05 -0.0165087 0.0817301 6.1259e-06 -0.000130162 1.54805e-05 6.1259e-06 0.00903682 -0.0166437 1.67258e-05 -0.000130162 -0.0166437 0.0823644 
0.009617 -0.0175967 2.68555e-05 1.20482e-05 -0.0175967 0.0871016 1.31102e-06 -0.000123845 2.68555e-05 1.31102e-06 0.00962749 -0.0177659 1.20482e-05 -0.000123845 -0.0177659 0.0879016 
0.00958997 -0.0175647 2.97183e-05 -7.41609e-06 -0.0175647 0.0868531 -1.46479e-05 -8.31732e-05 2.97183e-05 -1.46479e-05 0.00959268 -0.0176984 -7.41609e-06 -8.31732e-05 -0.0176984 0.0876329 
0.00953286 -0.0174967 2.62374e-05 -1.4377e-05 -0.0174967 0.0864979 -1.49314e-05 -5.64452e-05 2.62374e-05 -1.49314e-05 0.00956311 -0.0176007 -1.4377e-05 -5.64452e-05 -0.0176007 0.0871829 
0.00950384 -0.0174416 1.85102e-05 -1.06374e-05 -0.0174416 0.0862914 -5.92287e-06 -5.96994e-05 1.85102e-05 -5.92287e-06 0.00954638 -0.0175749 -1.06374e-05 -5.96994e-05 -0.0175749 0.0869728 
0.00949128 -0.0174116 1.74485e-05 -4.10675e-06 -0.0174116 0.0861646 3.37625e-06 -7.38491e-05 1.74485e-05 3.37625e-06 0.0095408 -0.0175637 -4.10675e-06 -7.38491e-05 -0.0175637 0.0868877 
0.0095201 -0.0174254 1.52357e-05 2.37936e-06 -0.0174254 0.0862281 5.37721e-06 -9.00648e-05 1.52357e-05 5.37721e-06 0.00953212 -0.0175907 2.37936e-06 -9.00648e-05 -0.0175907 0.0869931 
0.00956486 -0.0175073 9.93649e-07 9.2219e-06 -0.0175073 0.0865432 6.38099e-06 -0.000104119 9.93649e-07 6.38099e-06 0.00954213 -0.0176304 9.2219e-06 -0.000104119 -0.0176304 0.0872635 
0.00955218 -0.0174896 8.42168e-07 3.0464e-05 -0.0174896 0.0864161 2.60973e-05 -0.000143697 8.42168e-07 2.60973e-05 0.00950846 -0.0175694 3.0464e-05 -0.000143697 -0.0175694 0.087038 
0.00954623 -0.0174776 5.26241e-06 2.89545e-05 -0.0174776 0.0863376 3.03718e-05 -0.00016678 5.26241e-06 3.03718e-05 0.00948375 -0.0175203 2.89545e-05 -0.00016678 -0.0175203 0.0868476 
0.0095732 -0.0174875 1.31355e-05 2.0107e-05 -0.0174875 0.0863721 2.55788e-05 -0.00016169 1.31355e-05 2.55788e-05 0.00945691 -0.017508 2.0107e-05 -0.00016169 -0.017508 0.0868043 
0.00959268 -0.0175316 4.55169e-06 9.66213e-06 -0.0175316 0.0864873 1.02919e-05 -0.00013375 4.55169e-06 1.02919e-05 0.0094472 -0.0174834 9.66213e-06 -0.00013375 -0.0174834 0.0867807 
0.00960771 -0.0175846 5.86745e-06 2.0275e-05 -0.0175846 0.0867174 1.0563e-05 -0.000120607 5.86745e-06 1.0563e-05 0.00946621 -0.017497 2.0275e-05 -0.000120607 -0.017497 0.0868806 
0.00959993 -0.0175786 -9.10675e-06 2.47548e-05 -0.0175786 0.0867298 7.29415e-06 -0.000122137 -9.10675e-06 7.29415e-06 0.00947631 -0.0174978 2.47548e-05 -0.000122137 -0.0174978 0.0868536 
0.00954949 -0.0175218 -1.10733e-05 4.05061e-05 -0.0175218 0.0864893 2.44544e-05 -0.000144354 -1.10733e-05 2.44544e-05 0.00948243 -0.0174712 4.05061e-05 -0.000144354 -0.0174712 0.0866663 
0.00953255 -0.0174929 -4.7583e-07 3.80337e-05 -0.0174929 0.0864442 3.01876e-05 -0.000156204 -4.7583e-07 3.01876e-05 0.00950218 -0.0175136 3.80337e-05 -0.000156204 -0.0175136 0.0867644 
0.00953524 -0.0174888 1.43219e-05 2.00424e-05 -0.0174888 0.0864788 1.78641e-05 -0.000131963 1.43219e-05 1.78641e-05 0.00951048 -0.0175601 2.00424e-05 -0.000131963 -0.0175601 0.0869515 
0.00954657 -0.0175014 2.54448e-05 -3.71456e-06 -0.0175014 0.0865471 -3.12435e-06 -7.83701e-05 2.54448e-05 -3.12435e-06 0.00950733 -0.0175733 -3.71456e-06 -7.83701e-05 -0.0175733 0.0870706 
0.00954194 -0.0174913 4.33593e-05 -1.81064e-05 -0.0174913 0.0864909 -1.79831e-05 -2.95366e-05 4.33593e-05 -1.79831e-05 0.00948643 -0.0175418 -1.81064e-05 -2.95366e-05 -0.0175418 0.0869854 
0.00953194 -0.0175052 3.1298e-05 -3.50286e-05 -0.0175052 0.0865538 -4.08509e-05 1.75453e-05 3.1298e-05 -4.08509e-05 0.00950121 -0.017528 -3.50286e-05 1.75453e-05 -0.017528 0.0869765 
0.00952174 -0.0174925 3.33957e-05 -2.17064e-05 -0.0174925 0.0865568 -3.13512e-05 2.49821e-05 3.33957e-05 -3.13512e-05 0.00951673 -0.0175362 -2.17064e-05 2.49821e-05 -0.0175362 0.0869689 
0.00951282 -0.0174682 3.80861e-05 -2.55631e-05 -0.0174682 0.086486 -3.35464e-05 2.72252e-05 3.80861e-05 -3.35464e-05 0.00952097 -0.0175494 -2.55631e-05 2.72252e-05 -0.0175494 0.0869676 
0.00952126 -0.0174506 2.66558e-05 -3.28047e-05 -0.0174506 0.086423 -3.57971e-05 3.60798e-05 2.66558e-05 -3.57971e-05 0.0095091 -0.0175647 -3.28047e-05 3.60798e-05 -0.0175647 0.0870095 
0.00949488 -0.0174174 9.82515e-06 -1.84804e-05 -0.0174174 0.0861993 -1.7197e-05 1.29018e-05 9.82515e-06 -1.7197e-05 0.00948464 -0.01751 -1.84804e-05 1.29018e-05 -0.01751 0.086801 
0.00946786 -0.0173276 1.56359e-05 2.44837e-06 -0.0173276 0.0857571 5.12291e-06 -3.47857e-05 1.56359e-05 5.12291e-06 0.00941804 -0.0174112 2.44837e-06 -3.47857e-05 -0.0174112 0.0863251 
0.00945269 -0.0172971 1.61234e-05 -5.32495e-06 -0.0172971 0.085513 -5.79194e-07 -4.75177e-05 1.61234e-05 -5.79194e-07 0.00937715 -0.0173338 -5.32495e-06 -4.75177e-05 -0.0173338 0.085999 
0.00944207 -0.0172862 -5.86968e-06 -1.01851e-05 -0.0172862 0.0853983 -1.94104e-06 -3.89089e-05 -5.86968e-06 -1.94104e-06 0.00935336 -0.017281 -1.01851e-05 -3.89089e-05 -0.017281 0.0857641 
0.00943347 -0.0173248 -3.09932e-05 1.31559e-05 -0.0173248 0.0855653 2.44703e-05 -7.05883e-05 -3.09932e-05 2.44703e-05 0.00937198 -0.0172947 1.31559e-05 -7.05883e-05 -0.0172947 0.0858311 
0.00947504 -0.0173802 -4.01803e-05 4.61724e-05 -0.0173802 0.0859462 5.66797e-05 -0.000141153 -4.01803e-05 5.66797e-05 0.00940064 -0.0173848 4.61724e-05 -0.000141153 -0.0173848 0.0862255 
0.00945956 -0.0173629 -4.41664e-05 6.1413e-05 -0.0173629 0.0858577 6.67854e-05 -0.000193956 -4.41664e-05 6.67854e-05 0.00940022 -0.0173505 6.1413e-05 -0.000193956 -0.0173505 0.0861244 
0.00943735 -0.0173357 -4.06833e-05 6.70081e-05 -0.0173357 0.0857542 6.77097e-05 -0.000214388 -4.06833e-05 6.77097e-05 0.00939933 -0.0173404 6.70081e-05 -0.000214388 -0.0173404 0.0860337 
0.00939631 -0.0172507 -3.93008e-05 6.52948e-05 -0.0172507 0.0853823 6.3401e-05 -0.000216247 -3.93008e-05 6.3401e-05 0.00936882 -0.0172846 6.52948e-05 -0.000216247 -0.0172846 0.0857182 
0.00938527 -0.0172552 -5.35742e-05 6.3685e-05 -0.0172552 0.0854034 6.05252e-05 -0.000211708 -5.35742e-05 6.05252e-05 0.00938698 -0.0173006 6.3685e-05 -0.000211708 -0.0173006 0.0857813 
0.00937653 -0.017222 -2.81805e-05 7.86739e-05 -0.017222 0.0852995 7.50804e-05 -0.000228476 -2.81805e-05 7.50804e-05 0.00937524 -0.0173051 7.86739e-05 -0.000228476 -0.0173051 0.0857512 
0.00938846 -0.017194 1.04024e-05 4.81997e-05 -0.017194 0.0851528 4.50668e-05 -0.000193948 1.04024e-05 4.50668e-05 0.00933286 -0.0172761 4.81997e-05 -0.000193948 -0.0172761 0.0856408 
0.00937536 -0.0171853 3.52394e-05 -2.16824e-06 -0.0171853 0.0849933 -7.79086e-06 -8.63131e-05 3.52394e-05 -7.79086e-06 0.00930114 -0.0171974 -2.16824e-06 -8.63131e-05 -0.0171974 0.0853778 
0.00937875 -0.017205 5.88676e-05 -3.60845e-05 -0.017205 0.0850607 -4.31642e-05 2.25109e-05 5.88676e-05 -4.31642e-05 0.00929067 -0.0171799 -3.60845e-05 2.25109e-05 -0.0171799 0.0853132 
0.00939312 -0.0172416 5.74743e-05 -6.52666e-05 -0.0172416 0.0852517 -7.46584e-05 0.000113896 5.74743e-05 -7.46584e-05 0.00929946 -0.0171988 -6.52666e-05 0.000113896 -0.0171988 0.085425 
0.00939541 -0.0172644 5.91198e-05 -6.02463e-05 -0.0172644 0.0853917 -7.10465e-05 0.000141839 5.91198e-05 -7.10465e-05 0.00931722 -0.0172146 -6.02463e-05 0.000141839 -0.0172146 0.0855241 
0.00939008 -0.0172171 4.47104e-05 -5.90674e-05 -0.0172171 0.0852175 -7.08995e-05 0.000141952 4.47104e-05 -7.08995e-05 0.00928305 -0.0171893 -5.90674e-05 0.000141952 -0.0171893 0.0853709 
0.00935903 -0.0171792 1.95576e-05 -4.32888e-05 -0.0171792 0.0849723 -5.50678e-05 0.000119539 1.95576e-05 -5.50678e-05 0.00925696 -0.0171138 -4.32888e-05 0.000119539 -0.0171138 0.0850806 
0.00936967 -0.0171889 4.5882e-06 -1.46078e-05 -0.0171889 0.0850366 -2.42554e-05 6.39174e-05 4.5882e-06 -2.42554e-05 0.00925758 -0.0171229 -1.46078e-05 6.39174e-05 -0.0171229 0.0851054 
0.00935713 -0.0172054 -3.72045e-06 7.75524e-06 -0.0172054 0.0851026 -9.87985e-07 -2.43368e-06 -3.72045e-06 -9.87985e-07 0.00928575 -0.0171285 7.75524e-06 -2.43368e-06 -0.0171285 0.0851449 
0.00935394 -0.0171879 -1.06289e-05 1.29294e-05 -0.0171879 0.0850919 8.02846e-06 -3.54083e-05 -1.06289e-05 8.02846e-06 0.00929585 -0.0171547 1.29294e-05 -3.54083e-05 -0.0171547 0.0851802 
0.00935575 -0.0171816 -1.47391e-05 1.75674e-05 -0.0171816 0.0850808 2.01199e-05 -5.84399e-05 -1.47391e-05 2.01199e-05 0.00930789 -0.0171792 1.75674e-05 -5.84399e-05 -0.0171792 0.0852615 
0.00938306 -0.0172194 -7.3107e-06 1.90175e-05 -0.0172194 0.0852559 2.84941e-05 -7.44976e-05 -7.3107e-06 2.84941e-05 0.00932253 -0.0172287 1.90175e-05 -7.44976e-05 -0.0172287 0.08549 
0.00937636 -0.0172194 4.34486e-06 8.61444e-06 -0.0172194 0.0852223 2.18739e-05 -6.83134e-05 4.34486e-06 2.18739e-05 0.00932082 -0.0172128 8.61444e-06 -6.83134e-05 -0.0172128 0.0854517 
0.00936917 -0.0171826 8.78438e-06 -5.98398e-06 -0.0171826 0.0850519 8.45152e-06 -4.24972e-05 8.78438e-06 8.45152e-06 0.00929814 -0.0171793 -5.98398e-06 -4.24972e-05 -0.0171793 0.0852737 
0.00939387 -0.0172102 9.81694e-06 -1.24266e-05 -0.0172102 0.0851314 2.13187e-06 -1.89258e-05 9.81694e-06 2.13187e-06 0.00929644 -0.017183 -1.24266e-05 -1.89258e-05 -0.017183 0.0853105 
0.00939737 -0.0172476 6.20561e-06 -1.0377e-05 -0.0172476 0.0852473 7.81944e-07 -1.4812e-05 6.20561e-06 7.81944e-07 0.00931288 -0.0171864 -1.0377e-05 -1.4812e-05 -0.0171864 0.0853494 
0.00940766 -0.0172435 1.10723e-05 -1.86889e-06 -0.0172435 0.0852588 5.18506e-06 -2.73408e-05 1.10723e-05 5.18506e-06 0.00931571 -0.0171985 -1.86889e-06 -2.73408e-05 -0.0171985 0.0853543 
0.00945785 -0.0173401 6.30745e-06 -1.3546e-06 -0.0173401 0.0856982 4.12333e-06 -4.22931e-05 6.30745e-06 4.12333e-06 0.00935219 -0.0172939 -1.3546e-06 -4.22931e-05 -0.0172939 0.0858102 
0.0094781 -0.0173675 -4.83493e-06 4.64701e-06 -0.0173675 0.0858353 9.69083e-06 -5.61713e-05 -4.83493e-06 9.69083e-06 0.00935801 -0.0173137 4.64701e-06 -5.61713e-05 -0.0173137 0.0859512 
0.00949953 -0.0174045 -8.86422e-06 1.65973e-05 -0.0174045 0.0859905 1.9352e-05 -7.65584e-05 -8.86422e-06 1.9352e-05 0.00936494 -0.0173276 1.65973e-05 -7.65584e-05 -0.0173276 0.0860686 
0.00951387 -0.0174565 -2.70234e-06 2.20358e-05 -0.0174565 0.0862378 1.97687e-05 -8.88883e-05 -2.70234e-06 1.97687e-05 0.00939763 -0.0173677 2.20358e-05 -8.88883e-05 -0.0173677 0.0862867 
0.00951038 -0.0174501 -4.56943e-08 1.74574e-05 -0.0174501 0.0862643 9.67312e-06 -8.02756e-05 -4.56943e-08 9.67312e-06 0.00941884 -0.0173857 1.74574e-05 -8.02756e-05 -0.0173857 0.0863423 
0.00952149 -0.0174564 8.92267e-06 1.54586e-05 -0.0174564 0.0863268 4.59426e-06 -6.85229e-05 8.92267e-06 4.59426e-06 0.00943948 -0.0174271 1.54586e-05 -6.85229e-05 -0.0174271 0.0864867 
0.00952084 -0.017478 1.66547e-06 3.04187e-06 -0.017478 0.0864226 -5.39668e-06 -4.63792e-05 1.66547e-06 -5.39668e-06 0.00946845 -0.0174663 3.04187e-06 -4.63792e-05 -0.0174663 0.086656 
0.00952248 -0.0174736 6.06132e-06 9.78459e-06 -0.0174736 0.086449 4.48554e-06 -4.75197e-05 6.06132e-06 4.48554e-06 0.00948557 -0.0174965 9.78459e-06 -4.75197e-05 -0.0174965 0.0867604 
0.00951654 -0.0174742 5.59786e-06 9.26613e-06 -0.0174742 0.0864687 6.9751e-06 -6.13546e-05 5.59786e-06 6.9751e-06 0.00951112 -0.0175271 9.26613e-06 -6.13546e-05 -0.0175271 0.0868794 
0.00950151 -0.0174507 1.21847e-05 5.91121e-06 -0.0174507 0.0863881 1.20106e-05 -6.90459e-05 1.21847e-05 1.20106e-05 0.00952359 -0.0175417 5.91121e-06 -6.90459e-05 -0.0175417 0.0868973 
0.00952414 -0.0174789 1.67505e-05 -6.08368e-06 -0.0174789 0.0865512 5.52705e-06 -5.71618e-05 1.67505e-05 5.52705e-06 0.00954575 -0.0176013 -6.08368e-06 -5.71618e-05 -0.0176013 0.0871498 
0.00956155 -0.0175067 2.47857e-05 -1.28706e-05 -0.0175067 0.0866706 -1.3734e-06 -3.90234e-05 2.47857e-05 -1.3734e-06 0.00953406 -0.0176275 -1.28706e-05 -3.90234e-05 -0.0176275 0.0873016 
0.00960389 -0.0175698 3.22778e-05 -1.97674e-05 -0.0175698 0.0868764 -1.2687e-05 -1.9098e-05 3.22778e-05 -1.2687e-05 0.00952757 -0.0176226 -1.97674e-05 -1.9098e-05 -0.0176226 0.0874004 
0.00959361 -0.0175667 1.86328e-05 -2.28847e-05 -0.0175667 0.0867868 -2.4174e-05 -1.30356e-06 1.86328e-05 -2.4174e-05 0.00951086 -0.0175607 -2.28847e-05 -1.30356e-06 -0.0175607 0.087163 
0.00959109 -0.0175843 -5.00731e-07 -1.95985e-06 -0.0175843 0.0868746 -6.88888e-06 -2.78873e-05 -5.00731e-07 -6.88888e-06 0.00952852 -0.0175726 -1.95985e-06 -2.78873e-05 -0.0175726 0.0871824 
0.0095675 -0.0175635 -9.74997e-06 2.23925e-05 -0.0175635 0.0868126 1.85048e-05 -8.47155e-05 -9.74997e-06 1.85048e-05 0.00954134 -0.0175762 2.23925e-05 -8.47155e-05 -0.0175762 0.0871413 
0.00955584 -0.0175231 -9.71872e-07 3.76978e-05 -0.0175231 0.0866873 3.43406e-05 -0.000139907 -9.71872e-07 3.43406e-05 0.00953195 -0.0175888 3.76978e-05 -0.000139907 -0.0175888 0.0871256 
0.00952064 -0.0174886 1.02007e-05 2.52229e-05 -0.0174886 0.0865067 2.44364e-05 -0.000143359 1.02007e-05 2.44364e-05 0.00953978 -0.0175598 2.52229e-05 -0.000143359 -0.0175598 0.08701 
0.0094929 -0.0174524 3.32402e-06 4.69735e-06 -0.0174524 0.0863949 8.07238e-06 -0.00010574 3.32402e-06 8.07238e-06 0.0095602 -0.0175776 4.69735e-06 -0.00010574 -0.0175776 0.0870038 
0.00950311 -0.017434 2.06365e-05 1.10057e-05 -0.017434 0.0863849 1.7551e-05 -9.90944e-05 2.06365e-05 1.7551e-05 0.00956468 -0.0176364 1.10057e-05 -9.90944e-05 -0.0176364 0.0871871 
0.00951345 -0.0174214 3.25945e-05 -5.24362e-06 -0.0174214 0.0862763 1.12314e-06 -8.31425e-05 3.25945e-05 1.12314e-06 0.00953724 -0.0176188 -5.24362e-06 -8.31425e-05 -0.0176188 0.0871602 
0.00950988 -0.017428 2.52174e-05 -2.02676e-05 -0.017428 0.0862181 -1.62573e-05 -4.65276e-05 2.52174e-05 -1.62573e-05 0.00951575 -0.0175738 -2.02676e-05 -4.65276e-05 -0.0175738 0.0870355 
0.00948933 -0.0174012 1.86718e-05 -1.05035e-05 -0.0174012 0.0860718 -7.72098e-06 -4.54758e-05 1.86718e-05 -7.72098e-06 0.00949982 -0.0175189 -1.05035e-05 -4.54758e-05 -0.0175189 0.0867976 
0.00948365 -0.0173735 1.78911e-05 -5.36935e-06 -0.0173735 0.0859491 -1.31475e-06 -5.66455e-05 1.78911e-05 -1.31475e-06 0.00948678 -0.017497 -5.36935e-06 -5.66455e-05 -0.017497 0.0866477 
0.00948059 -0.0173727 1.80073e-05 -5.53836e-06 -0.0173727 0.0859014 -6.85172e-08 -6.24633e-05 1.80073e-05 -6.85172e-08 0.00947811 -0.0174819 -5.53836e-06 -6.24633e-05 -0.0174819 0.0865667 
0.00950866 -0.0173974 2.57992e-05 -5.74888e-06 -0.0173974 0.0860008 2.03279e-06 -6.67622e-05 2.57992e-05 2.03279e-06 0.00946581 -0.0174904 -5.74888e-06 -6.67622e-05 -0.0174904 0.086611 
0.00956703 -0.0174908 2.83087e-05 -1.26588e-05 -0.0174908 0.0863856 -7.28078e-06 -5.89158e-05 2.83087e-05 -7.28078e-06 0.00947082 -0.0175329 -1.26588e-05 -5.89158e-05 -0.0175329 0.0868922 
0.00956301 -0.0175292 1.71807e-05 -1.00511e-05 -0.0175292 0.086503 -7.93059e-06 -6.03919e-05 1.71807e-05 -7.93059e-06 0.00947034 -0.0174978 -1.00511e-05 -6.03919e-05 -0.0174978 0.0868343 
0.00954154 -0.017528 7.8472e-06 5.62017e-06 -0.017528 0.0865588 7.12883e-06 -8.99263e-05 7.8472e-06 7.12883e-06 0.00948651 -0.0174905 5.62017e-06 -8.99263e-05 -0.0174905 0.0867881 
0.00949724 -0.0174728 -9.2131e-07 2.1823e-05 -0.0174728 0.0863897 2.06837e-05 -0.000133051 -9.2131e-07 2.06837e-05 0.00950101 -0.0174746 2.1823e-05 -0.000133051 -0.0174746 0.086639 
0.00950788 -0.0174214 5.94437e-06 3.09519e-05 -0.0174214 0.0862573 2.94014e-05 -0.000162213 5.94437e-06 2.94014e-05 0.00949094 -0.0175114 3.09519e-05 -0.000162213 -0.0175114 0.0866804 
0.00957108 -0.0175061 2.37981e-06 2.21291e-05 -0.0175061 0.0865808 2.06526e-05 -0.000159742 2.37981e-06 2.06526e-05 0.00949677 -0.0175795 2.21291e-05 -0.000159742 -0.0175795 0.0870727 
0.00958245 -0.0175445 1.50839e-06 2.18718e-05 -0.0175445 0.0866639 1.99473e-05 -0.000145924 1.50839e-06 1.99473e-05 0.00948976 -0.0175463 2.18718e-05 -0.000145924 -0.0175463 0.087054 
