0.00662986 0 4.69789e-05 0 0 0.00947622 0 0 4.69789e-05 0 0.0067241 0 0 0 0 0.00947622 
0.0097301 -0.0120798 5.42448e-05 -6.48469e-05 -0.0120798 0.0321438 -6.48469e-05 0.00012487 5.42448e-05 -6.48469e-05 0.0098171 -0.0121818 -6.48469e-05 0.00012487 -0.0121818 0.0323393 
0.00913804 -0.0170615 3.06523e-05 -3.0234e-05 -0.0170615 0.0629313 -3.0234e-05 8.21082e-05 3.06523e-05 -3.0234e-05 0.00916736 -0.0170202 -3.0234e-05 8.21082e-05 -0.0170202 0.0627531 
0.00936579 -0.0182415 -6.30656e-07 4.0353e-05 -0.0182415 0.0819482 4.95798e-05 -0.000294506 -6.30656e-07 4.95798e-05 0.00941232 -0.0179874 4.0353e-05 -0.000294506 -0.0179874 0.0805451 
0.00904182 -0.0171081 6.03454e-06 6.3514e-05 -0.0171081 0.0829194 8.44225e-05 -0.000492041 6.03454e-06 8.44225e-05 0.00914003 -0.0169003 6.3514e-05 -0.000492041 -0.0169003 0.0811125 
0.00884846 -0.0164004 3.06183e-05 3.68045e-05 -0.0164004 0.0810354 5.9221e-05 -0.000427621 3.06183e-05 5.9221e-05 0.00893972 -0.0163345 3.68045e-05 -0.000427621 -0.0163345 0.0796931 
0.00933434 -0.0172285 4.47304e-05 -4.85321e-06 -0.0172285 0.0852778 1.40867e-05 -0.000287236 4.47304e-05 1.40867e-05 0.0094394 -0.0171957 -4.85321e-06 -0.000287236 -0.0171957 0.0843217 
0.0090715 -0.0167347 3.80962e-05 -2.35085e-05 -0.0167347 0.0828589 -1.05002e-05 -0.000154902 3.80962e-05 -1.05002e-05 0.00919085 -0.0167142 -2.35085e-05 -0.000154902 -0.0167142 0.0821599 
0.00960661 -0.0176703 2.86459e-05 -1.73413e-05 -0.0176703 0.0875084 -4.02452e-06 -0.000122226 2.86459e-05 -4.02452e-06 0.00970042 -0.0176661 -1.73413e-05 -0.000122226 -0.0176661 0.0868936 
0.00950082 -0.0174547 2.8256e-05 -6.63379e-08 -0.0174547 0.0863188 1.23359e-05 -0.000139504 2.8256e-05 1.23359e-05 0.00956115 -0.0174026 -6.63379e-08 -0.000139504 -0.0174026 0.0856764 
0.00946787 -0.0173864 1.80712e-05 6.29915e-06 -0.0173864 0.0858645 1.43409e-05 -0.000163475 1.80712e-05 1.43409e-05 0.00948771 -0.017286 6.29915e-06 -0.000163475 -0.017286 0.0851049 
0.00946897 -0.0174028 3.60194e-06 2.53569e-05 -0.0174028 0.0858575 2.66057e-05 -0.000200048 3.60194e-06 2.66057e-05 0.00946545 -0.0172512 2.53569e-05 -0.000200048 -0.0172512 0.0849622 
0.00944978 -0.0174378 -5.07335e-06 4.51067e-05 -0.0174378 0.0860031 4.20374e-05 -0.000245668 -5.07335e-06 4.20374e-05 0.00949518 -0.0172492 4.51067e-05 -0.000245668 -0.0172492 0.0849812 
0.00941951 -0.0173991 -1.00354e-05 5.58384e-05 -0.0173991 0.0859404 5.13444e-05 -0.000281309 -1.00354e-05 5.13444e-05 0.00950737 -0.0172628 5.58384e-05 -0.000281309 -0.0172628 0.08494 
0.00938571 -0.0173484 -2.06187e-06 6.11721e-05 -0.0173484 0.0857815 5.4772e-05 -0.000296688 -2.06187e-06 5.4772e-05 0.00952612 -0.017268 6.11721e-05 -0.000296688 -0.017268 0.0848981 
0.00935642 -0.0172574 9.59987e-06 4.66171e-05 -0.0172574 0.0854067 4.32837e-05 -0.000276262 9.59987e-06 4.32837e-05 0.00950115 -0.0172473 4.66171e-05 -0.000276262 -0.0172473 0.0846895 
0.00934582 -0.017238 7.05572e-06 2.97481e-05 -0.017238 0.085269 3.04952e-05 -0.000239503 7.05572e-06 3.04952e-05 0.00948763 -0.017241 2.97481e-05 -0.000239503 -0.017241 0.0846523 
0.00934323 -0.0172335 1.00944e-05 2.63621e-05 -0.0172335 0.085231 3.08881e-05 -0.000213912 1.00944e-05 3.08881e-05 0.00947536 -0.0172339 2.63621e-05 -0.000213912 -0.0172339 0.0846414 
0.00932941 -0.0172292 5.67815e-06 2.11643e-05 -0.0172292 0.085208 2.81553e-05 -0.000198646 5.67815e-06 2.81553e-05 0.00946895 -0.0172214 2.11643e-05 -0.000198646 -0.0172214 0.0846173 
0.00933317 -0.0172383 5.84797e-06 2.57125e-05 -0.0172383 0.0853044 3.36435e-05 -0.00019759 5.84797e-06 3.36435e-05 0.00948236 -0.0172444 2.57125e-05 -0.00019759 -0.0172444 0.0847397 
0.00934319 -0.0172256 4.48592e-06 2.53148e-05 -0.0172256 0.0852732 3.44756e-05 -0.000199602 4.48592e-06 3.44756e-05 0.0094789 -0.017247 2.53148e-05 -0.000199602 -0.017247 0.0847537 
0.00932486 -0.0172057 1.02721e-05 2.68306e-05 -0.0172057 0.0851181 3.49537e-05 -0.000200476 1.02721e-05 3.49537e-05 0.00946776 -0.0172077 2.68306e-05 -0.000200476 -0.0172077 0.0845874 
0.00930494 -0.017173 1.42358e-05 1.89404e-05 -0.017173 0.0849581 2.73871e-05 -0.000187814 1.42358e-05 2.73871e-05 0.00946067 -0.0171777 1.89404e-05 -0.000187814 -0.0171777 0.0844124 
0.00929969 -0.0171575 2.0504e-05 1.38969e-05 -0.0171575 0.0848875 2.31338e-05 -0.000173769 2.0504e-05 2.31338e-05 0.00944974 -0.017178 1.38969e-05 -0.000173769 -0.017178 0.0843617 
0.00933539 -0.0171902 2.54224e-05 5.63997e-06 -0.0171902 0.0850385 1.18152e-05 -0.00015075 2.54224e-05 1.18152e-05 0.00943873 -0.0172079 5.63997e-06 -0.00015075 -0.0172079 0.0845216 
0.00935106 -0.0172524 6.14755e-06 -2.62654e-07 -0.0172524 0.0852597 6.31766e-07 -0.000123287 6.14755e-06 6.31766e-07 0.00945113 -0.0172079 -2.62654e-07 -0.000123287 -0.0172079 0.0846417 
0.00937816 -0.0173279 -2.26669e-07 2.19936e-05 -0.0173279 0.0856612 2.01879e-05 -0.000139509 -2.26669e-07 2.01879e-05 0.00948079 -0.0172656 2.19936e-05 -0.000139509 -0.0172656 0.0849426 
0.00933728 -0.0172871 -5.62238e-06 3.43782e-05 -0.0172871 0.0855285 3.13957e-05 -0.000174556 -5.62238e-06 3.13957e-05 0.00949207 -0.0172275 3.43782e-05 -0.000174556 -0.0172275 0.084781 
0.00932717 -0.0172742 -1.69047e-05 3.98013e-05 -0.0172742 0.0855845 3.95872e-05 -0.000197039 -1.69047e-05 3.95872e-05 0.00951858 -0.0172818 3.98013e-05 -0.000197039 -0.0172818 0.0849335 
0.0092815 -0.0171404 -1.20448e-05 4.93896e-05 -0.0171404 0.0850069 5.465e-05 -0.000221452 -1.20448e-05 5.465e-05 0.00947065 -0.0172076 4.93896e-05 -0.000221452 -0.0172076 0.0845231 
0.00925786 -0.0170408 -2.94813e-06 3.98657e-05 -0.0170408 0.0844601 4.72961e-05 -0.000215066 -2.94813e-06 4.72961e-05 0.00940217 -0.017119 3.98657e-05 -0.000215066 -0.017119 0.0840831 
0.00926457 -0.0170156 8.02577e-06 2.05521e-05 -0.0170156 0.0841893 3.01817e-05 -0.000169344 8.02577e-06 3.01817e-05 0.00934575 -0.0170418 2.05521e-05 -0.000169344 -0.0170418 0.0837704 
0.0092691 -0.0170292 1.43491e-05 3.56732e-06 -0.0170292 0.0840898 1.52284e-05 -0.000120931 1.43491e-05 1.52284e-05 0.00930163 -0.0169676 3.56732e-06 -0.000120931 -0.0169676 0.0834936 
0.00924634 -0.0170165 3.07878e-05 -5.28064e-06 -0.0170165 0.0839452 5.3154e-06 -8.33369e-05 3.07878e-05 5.3154e-06 0.00926594 -0.0168884 -5.28064e-06 -8.33369e-05 -0.0168884 0.0831567 
0.00926896 -0.0170503 4.38226e-05 -2.34483e-05 -0.0170503 0.0841267 -1.46427e-05 -3.94939e-05 4.38226e-05 -1.46427e-05 0.00925647 -0.0169086 -2.34483e-05 -3.94939e-05 -0.0169086 0.0832425 
0.00929462 -0.0171093 4.2041e-05 -4.30764e-05 -0.0171093 0.0843837 -3.55118e-05 1.73377e-05 4.2041e-05 -3.55118e-05 0.00926048 -0.0169193 -4.30764e-05 1.73377e-05 -0.0169193 0.0833851 
0.00927811 -0.0171257 2.00304e-05 -4.22677e-05 -0.0171257 0.08446 -3.55028e-05 4.34754e-05 2.00304e-05 -3.55028e-05 0.00926542 -0.0168937 -4.22677e-05 4.34754e-05 -0.0168937 0.0833244 
0.00927773 -0.0171346 -4.38669e-06 -1.37376e-05 -0.0171346 0.0846002 -9.19362e-06 8.04386e-06 -4.38669e-06 -9.19362e-06 0.00927949 -0.0169224 -1.37376e-05 8.04386e-06 -0.0169224 0.083429 
0.00929392 -0.0171845 -7.5028e-06 2.14973e-05 -0.0171845 0.0849172 2.27146e-05 -6.75728e-05 -7.5028e-06 2.27146e-05 0.00932436 -0.0169947 2.14973e-05 -6.75728e-05 -0.0169947 0.0837816 
0.00925805 -0.0171438 3.95252e-06 2.84617e-05 -0.0171438 0.0848109 2.55318e-05 -0.000109472 3.95252e-06 2.55318e-05 0.00935215 -0.0169971 2.84617e-05 -0.000109472 -0.0169971 0.0837688 
0.00924539 -0.0170937 8.98645e-06 1.30643e-05 -0.0170937 0.0846812 8.21881e-06 -9.23724e-05 8.98645e-06 8.21881e-06 0.00936609 -0.0170335 1.30643e-05 -9.23724e-05 -0.0170335 0.0838273 
0.00923587 -0.017055 3.8098e-06 5.20981e-06 -0.017055 0.0845089 6.79543e-07 -6.6164e-05 3.8098e-06 6.79543e-07 0.00937745 -0.0170478 5.20981e-06 -6.6164e-05 -0.0170478 0.0838533 
0.00924322 -0.0170489 -2.00551e-06 9.09973e-06 -0.0170489 0.0844511 7.42027e-06 -6.26121e-05 -2.00551e-06 7.42027e-06 0.0093806 -0.0170706 9.09973e-06 -6.26121e-05 -0.0170706 0.0839204 
0.00926412 -0.0170807 -1.28896e-05 1.71513e-05 -0.0170807 0.0845605 1.94165e-05 -8.36876e-05 -1.28896e-05 1.94165e-05 0.00939663 -0.0171019 1.71513e-05 -8.36876e-05 -0.0171019 0.0840791 
0.00928539 -0.0171223 -1.88748e-05 2.89744e-05 -0.0171223 0.0847193 3.39992e-05 -0.0001135 -1.88748e-05 3.39992e-05 0.00939726 -0.0171281 2.89744e-05 -0.0001135 -0.0171281 0.0842177 
0.00931534 -0.0171851 -2.89986e-05 3.7321e-05 -0.0171851 0.0850034 4.12029e-05 -0.000139392 -2.89986e-05 4.12029e-05 0.00940119 -0.0171557 3.7321e-05 -0.000139392 -0.0171557 0.0844206 
0.00931962 -0.0171665 -1.89519e-05 5.11317e-05 -0.0171665 0.0849103 5.24037e-05 -0.000168333 -1.89519e-05 5.24037e-05 0.00936261 -0.0170964 5.11317e-05 -0.000168333 -0.0170964 0.0842138 
0.00930418 -0.0171423 2.95833e-06 4.28203e-05 -0.0171423 0.0847352 4.07531e-05 -0.000169081 2.95833e-06 4.07531e-05 0.00934568 -0.0170238 4.28203e-05 -0.000169081 -0.0170238 0.083921 
0.00926672 -0.0170704 3.47543e-05 1.79482e-05 -0.0170704 0.0843712 1.34772e-05 -0.000126301 3.47543e-05 1.34772e-05 0.0093128 -0.0169564 1.79482e-05 -0.000126301 -0.0169564 0.0835228 
0.00924165 -0.017049 3.02143e-05 -2.14747e-05 -0.017049 0.0842563 -2.88267e-05 -4.04562e-05 3.02143e-05 -2.88267e-05 0.00931023 -0.0169516 -2.14747e-05 -4.04562e-05 -0.0169516 0.0834456 
0.00925626 -0.0170468 3.55603e-06 -1.7927e-05 -0.0170468 0.084293 -2.38123e-05 -8.6013e-06 3.55603e-06 -2.38123e-05 0.00930907 -0.0169817 -1.7927e-05 -8.6013e-06 -0.0169817 0.0835606 
0.00925089 -0.017011 -1.74358e-05 1.87281e-05 -0.017011 0.0840661 1.4808e-05 -6.83657e-05 -1.74358e-05 1.4808e-05 0.00927836 -0.0169264 1.87281e-05 -6.83657e-05 -0.0169264 0.0833425 
0.00924612 -0.0170663 -9.7284e-06 5.08221e-05 -0.0170663 0.0842491 4.76527e-05 -0.000159913 -9.7284e-06 4.76527e-05 0.0093158 -0.016941 5.08221e-05 -0.000159913 -0.016941 0.0834432 
0.0092457 -0.017082 9.21023e-06 4.2611e-05 -0.017082 0.084419 3.99507e-05 -0.000188875 9.21023e-06 3.99507e-05 0.00935552 -0.0170018 4.2611e-05 -0.000188875 -0.0170018 0.0836344 
0.00924036 -0.0170407 2.46196e-05 1.80737e-05 -0.0170407 0.0842875 1.41054e-05 -0.000152579 2.46196e-05 1.41054e-05 0.00934164 -0.0170113 1.80737e-05 -0.000152579 -0.0170113 0.0836077 
0.00924721 -0.0170429 2.36176e-05 -1.35702e-06 -0.0170429 0.0842643 -9.56571e-06 -9.65568e-05 2.36176e-05 -9.56571e-06 0.00932428 -0.0170061 -1.35702e-06 -9.65568e-05 -0.0170061 0.0836218 
0.00926232 -0.0170929 1.10891e-05 -9.88357e-07 -0.0170929 0.0844693 -9.26966e-06 -7.28455e-05 1.10891e-05 -9.26966e-06 0.00933863 -0.0170201 -9.88357e-07 -7.28455e-05 -0.0170201 0.0837681 
0.00927416 -0.0171126 -6.58692e-07 1.16546e-05 -0.0171126 0.0845983 7.71932e-06 -8.92755e-05 -6.58692e-07 7.71932e-06 0.00934971 -0.017035 1.16546e-05 -8.92755e-05 -0.017035 0.0838522 
0.00927845 -0.0170845 -3.74381e-07 2.46186e-05 -0.0170845 0.0844669 2.5281e-05 -0.000124284 -3.74381e-07 2.5281e-05 0.00930891 -0.0170018 2.46186e-05 -0.000124284 -0.0170018 0.0836941 
0.00927967 -0.017095 1.73534e-07 2.5191e-05 -0.017095 0.0844477 2.58314e-05 -0.000142368 1.73534e-07 2.58314e-05 0.00929364 -0.0169608 2.5191e-05 -0.000142368 -0.0169608 0.0835885 
0.00927728 -0.0170868 1.03288e-05 2.70468e-05 -0.0170868 0.0844006 2.54604e-05 -0.000149945 1.03288e-05 2.54604e-05 0.0092726 -0.0169354 2.70468e-05 -0.000149945 -0.0169354 0.0834747 
0.00926404 -0.0170717 2.1836e-05 1.73515e-05 -0.0170717 0.0843092 1.27282e-05 -0.000136942 2.1836e-05 1.27282e-05 0.00925159 -0.0168954 1.73515e-05 -0.000136942 -0.0168954 0.0833216 
0.00925457 -0.0170667 2.96151e-05 1.6668e-06 -0.0170667 0.0842932 -2.26631e-06 -0.000105621 2.96151e-05 -2.26631e-06 0.00924598 -0.0168766 1.6668e-06 -0.000105621 -0.0168766 0.0832532 
0.00922334 -0.0170071 2.7414e-05 -7.7407e-06 -0.0170071 0.0840313 -1.17823e-05 -7.74615e-05 2.7414e-05 -1.17823e-05 0.00922519 -0.0168243 -7.7407e-06 -7.74615e-05 -0.0168243 0.0829889 
0.00920494 -0.0169768 2.17147e-05 -4.41911e-06 -0.0169768 0.0839027 -1.08661e-05 -6.89136e-05 2.17147e-05 -1.08661e-05 0.00922437 -0.0168176 -4.41911e-06 -6.89136e-05 -0.0168176 0.0829142 
0.00919214 -0.0169954 2.75754e-05 1.54085e-06 -0.0169954 0.0840175 -5.9046e-06 -7.46037e-05 2.75754e-05 -5.9046e-06 0.00926504 -0.0168634 1.54085e-06 -7.46037e-05 -0.0168634 0.0831036 
0.00921069 -0.0169838 2.44912e-05 -4.26301e-06 -0.0169838 0.0840663 -9.97865e-06 -7.34509e-05 2.44912e-05 -9.97865e-06 0.00926865 -0.0169191 -4.26301e-06 -7.34509e-05 -0.0169191 0.0832936 
0.00921957 -0.0170103 2.68682e-05 -3.39732e-06 -0.0170103 0.0841561 -4.63858e-06 -7.50874e-05 2.68682e-05 -4.63858e-06 0.00927405 -0.016938 -3.39732e-06 -7.50874e-05 -0.016938 0.0834521 
0.00921707 -0.0170204 2.40793e-05 -8.81677e-06 -0.0170204 0.0842158 -6.99052e-06 -6.94784e-05 2.40793e-05 -6.99052e-06 0.00928646 -0.016939 -8.81677e-06 -6.94784e-05 -0.016939 0.0835075 
0.00922524 -0.016993 2.28702e-05 -6.44796e-06 -0.016993 0.0841333 -2.52771e-06 -7.22179e-05 2.28702e-05 -2.52771e-06 0.00927484 -0.0169397 -6.44796e-06 -7.22179e-05 -0.0169397 0.0834762 
0.00920275 -0.0169742 1.95774e-05 -2.31361e-06 -0.0169742 0.083964 4.93824e-06 -8.99678e-05 1.95774e-05 4.93824e-06 0.00926203 -0.016894 -2.31361e-06 -8.99678e-05 -0.016894 0.0832921 
0.00921391 -0.0169974 1.5493e-05 4.4876e-06 -0.0169974 0.0840994 8.14252e-06 -0.000107928 1.5493e-05 8.14252e-06 0.00927874 -0.0169307 4.4876e-06 -0.000107928 -0.0169307 0.0834368 
0.00921351 -0.017023 1.4569e-05 1.69933e-05 -0.017023 0.0842434 8.91175e-06 -0.000127526 1.4569e-05 8.91175e-06 0.00930975 -0.0169675 1.69933e-05 -0.000127526 -0.0169675 0.0836142 
0.00919588 -0.0169867 1.87589e-05 2.65257e-05 -0.0169867 0.0841276 6.14076e-06 -0.000145166 1.87589e-05 6.14076e-06 0.00931624 -0.0169659 2.65257e-05 -0.000145166 -0.0169659 0.0835646 
0.00917857 -0.0169235 2.14292e-05 2.39724e-05 -0.0169235 0.0838359 -7.31714e-07 -0.000146239 2.14292e-05 -7.31714e-07 0.00928942 -0.0169333 2.39724e-05 -0.000146239 -0.0169333 0.083356 
0.00914867 -0.0168601 1.13086e-05 1.93939e-05 -0.0168601 0.0834704 1.2723e-07 -0.000145068 1.13086e-05 1.2723e-07 0.00925446 -0.0168658 1.93939e-05 -0.000145068 -0.0168658 0.0830281 
0.00916315 -0.0168932 -5.01436e-06 2.65484e-05 -0.0168932 0.0835926 1.63789e-05 -0.000162921 -5.01436e-06 1.63789e-05 0.00927192 -0.0168962 2.65484e-05 -0.000162921 -0.0168962 0.0831597 
0.00919732 -0.0169423 -5.02391e-06 4.57533e-05 -0.0169423 0.0838273 4.53859e-05 -0.000216328 -5.02391e-06 4.53859e-05 0.00928773 -0.0169493 4.57533e-05 -0.000216328 -0.0169493 0.0834039 
0.00923798 -0.0170069 1.12069e-05 4.27201e-05 -0.0170069 0.084099 4.94575e-05 -0.00024273 1.12069e-05 4.94575e-05 0.00930308 -0.0169865 4.27201e-05 -0.00024273 -0.0169865 0.0836333 
0.00927737 -0.0171103 3.80504e-05 2.00893e-05 -0.0171103 0.0845505 3.12297e-05 -0.000216994 3.80504e-05 3.12297e-05 0.00934864 -0.0170449 2.00893e-05 -0.000216994 -0.0170449 0.0839715 
0.0093127 -0.0171599 4.92536e-05 -1.38705e-05 -0.0171599 0.0848215 -3.24335e-06 -0.00014713 4.92536e-05 -3.24335e-06 0.00936712 -0.0170855 -1.38705e-05 -0.00014713 -0.0170855 0.0841553 
0.00930638 -0.0171914 4.92497e-05 -2.6882e-05 -0.0171914 0.0849514 -2.07677e-05 -8.9911e-05 4.92497e-05 -2.07677e-05 0.00939532 -0.0170943 -2.6882e-05 -8.9911e-05 -0.0170943 0.0842152 
0.00930023 -0.0171586 3.62524e-05 -2.34165e-05 -0.0171586 0.0848732 -2.15923e-05 -7.26373e-05 3.62524e-05 -2.15923e-05 0.00938569 -0.0170978 -2.34165e-05 -7.26373e-05 -0.0170978 0.0841523 
0.00929607 -0.0171644 1.47536e-05 -9.00305e-06 -0.0171644 0.0848897 -6.26438e-06 -9.00515e-05 1.47536e-05 -6.26438e-06 0.00939479 -0.0171015 -9.00305e-06 -9.00515e-05 -0.0171015 0.0841843 
0.00929078 -0.0171218 4.92113e-06 1.5624e-05 -0.0171218 0.0847125 2.16076e-05 -0.000141473 4.92113e-06 2.16076e-05 0.00935963 -0.0170745 1.5624e-05 -0.000141473 -0.0170745 0.0840285 
0.00929621 -0.0170784 7.96116e-06 2.31428e-05 -0.0170784 0.0844463 3.02709e-05 -0.000170339 7.96116e-06 3.02709e-05 0.00929877 -0.0169997 2.31428e-05 -0.000170339 -0.0169997 0.08373 
0.00931375 -0.0171166 1.03096e-05 2.03879e-05 -0.0171166 0.0844914 2.74441e-05 -0.000175419 1.03096e-05 2.74441e-05 0.00927167 -0.0169534 2.03879e-05 -0.000175419 -0.0169534 0.0836162 
0.00932205 -0.017181 -6.56432e-07 1.72743e-05 -0.017181 0.0847551 2.34773e-05 -0.000167268 -6.56432e-07 2.34773e-05 0.0092841 -0.0169595 1.72743e-05 -0.000167268 -0.0169595 0.0837077 
0.0092953 -0.0171599 1.81627e-05 2.66441e-05 -0.0171599 0.0847352 3.22369e-05 -0.000171402 1.81627e-05 3.22369e-05 0.00930165 -0.0169475 2.66441e-05 -0.000171402 -0.0169475 0.0836398 
0.00926071 -0.0170881 3.66964e-05 4.50425e-06 -0.0170881 0.0844814 8.2865e-06 -0.000139223 3.66964e-05 8.2865e-06 0.00930613 -0.0169356 4.50425e-06 -0.000139223 -0.0169356 0.0834829 
0.00925783 -0.0170462 3.87443e-05 -2.26213e-05 -0.0170462 0.0843008 -2.1502e-05 -6.76206e-05 3.87443e-05 -2.1502e-05 0.00928454 -0.0169435 -2.26213e-05 -6.76206e-05 -0.0169435 0.0834345 
0.00923396 -0.0170311 2.81761e-05 -2.69354e-05 -0.0170311 0.0841638 -2.7134e-05 -2.46413e-05 2.81761e-05 -2.7134e-05 0.00927616 -0.0169115 -2.69354e-05 -2.46413e-05 -0.0169115 0.0833328 
0.00920575 -0.0169877 1.76414e-05 -1.3781e-05 -0.0169877 0.0839837 -1.25424e-05 -3.28563e-05 1.76414e-05 -1.25424e-05 0.00926865 -0.0168818 -1.3781e-05 -3.28563e-05 -0.0168818 0.0831694 
0.00920049 -0.0169892 1.12918e-05 1.51483e-06 -0.0169892 0.0840273 4.72115e-06 -6.84222e-05 1.12918e-05 4.72115e-06 0.0092818 -0.0169127 1.51483e-06 -6.84222e-05 -0.0169127 0.0832729 
0.00919717 -0.0169801 1.59296e-05 1.22146e-05 -0.0169801 0.0840276 1.70845e-05 -0.000107704 1.59296e-05 1.70845e-05 0.00929943 -0.0169321 1.22146e-05 -0.000107704 -0.0169321 0.0833542 
0.00917579 -0.0169208 2.02922e-05 9.41374e-06 -0.0169208 0.0837554 1.28825e-05 -0.000121598 2.02922e-05 1.28825e-05 0.00928769 -0.0169045 9.41374e-06 -0.000121598 -0.0169045 0.0831746 
0.00917485 -0.0169205 1.88412e-05 7.32379e-06 -0.0169205 0.0837141 6.89206e-06 -0.000119665 1.88412e-05 6.89206e-06 0.0092867 -0.0169142 7.32379e-06 -0.000119665 -0.0169142 0.0831872 
0.0092075 -0.0169645 8.07375e-06 1.12047e-05 -0.0169645 0.0839179 8.76882e-06 -0.000125687 8.07375e-06 8.76882e-06 0.00928745 -0.0169613 1.12047e-05 -0.000125687 -0.0169613 0.0834169 
0.00920132 -0.0169618 -1.66679e-06 2.50936e-05 -0.0169618 0.0838595 2.23102e-05 -0.000152686 -1.66679e-06 2.23102e-05 0.00926561 -0.016917 2.50936e-05 -0.000152686 -0.016917 0.0833004 
0.00919371 -0.0169924 2.76571e-06 4.24412e-05 -0.0169924 0.0840016 3.71721e-05 -0.000196566 2.76571e-06 3.71721e-05 0.00927635 -0.0169167 4.24412e-05 -0.000196566 -0.0169167 0.0833443 
0.00918158 -0.0169377 1.1617e-05 3.96694e-05 -0.0169377 0.0838244 2.89308e-05 -0.000206324 1.1617e-05 2.89308e-05 0.00924599 -0.0168819 3.96694e-05 -0.000206324 -0.0168819 0.0831566 
0.00918153 -0.01693 1.87944e-05 3.09108e-05 -0.01693 0.0837668 1.55713e-05 -0.000189164 1.87944e-05 1.55713e-05 0.00922768 -0.0168623 3.09108e-05 -0.000189164 -0.0168623 0.0830975 
0.00916684 -0.0169097 5.9309e-06 2.22787e-05 -0.0169097 0.0836546 7.11143e-06 -0.000167494 5.9309e-06 7.11143e-06 0.00920463 -0.0168278 2.22787e-05 -0.000167494 -0.0168278 0.0829719 
0.00915832 -0.0168697 -1.06825e-05 3.35928e-05 -0.0168697 0.0834699 2.2565e-05 -0.0001772 -1.06825e-05 2.2565e-05 0.00916713 -0.0167785 3.35928e-05 -0.0001772 -0.0167785 0.0827714 
0.00920169 -0.0168853 -2.3584e-05 4.65672e-05 -0.0168853 0.0835046 4.45894e-05 -0.000208527 -2.3584e-05 4.45894e-05 0.00912997 -0.0167629 4.65672e-05 -0.000208527 -0.0167629 0.0827587 
0.00920396 -0.0169075 -2.81224e-05 5.63083e-05 -0.0169075 0.083452 6.18622e-05 -0.000240119 -2.81224e-05 6.18622e-05 0.00909664 -0.0166864 5.63083e-05 -0.000240119 -0.0166864 0.0825326 
0.00915189 -0.0168655 -8.80747e-06 5.6213e-05 -0.0168655 0.0832009 6.41554e-05 -0.000248168 -8.80747e-06 6.41554e-05 0.00907236 -0.0165883 5.6213e-05 -0.000248168 -0.0165883 0.0820967 
0.00909316 -0.0167668 1.32904e-05 3.39917e-05 -0.0167668 0.0828062 3.96435e-05 -0.000212074 1.32904e-05 3.96435e-05 0.0090439 -0.0165252 3.39917e-05 -0.000212074 -0.0165252 0.0816911 
0.00907855 -0.0167556 3.16255e-05 8.97458e-06 -0.0167556 0.0828052 1.03314e-05 -0.000149351 3.16255e-05 1.03314e-05 0.0090598 -0.016554 8.97458e-06 -0.000149351 -0.016554 0.0817667 
0.00908501 -0.0167838 2.91785e-05 -1.34274e-05 -0.0167838 0.0830082 -1.47288e-05 -8.47898e-05 2.91785e-05 -1.47288e-05 0.00910883 -0.0166259 -1.34274e-05 -8.47898e-05 -0.0166259 0.0820795 
0.00906771 -0.0167722 2.93538e-05 -1.48128e-05 -0.0167722 0.0830264 -1.54792e-05 -5.23417e-05 2.93538e-05 -1.54792e-05 0.00914959 -0.0166741 -1.48128e-05 -5.23417e-05 -0.0166741 0.0822496 
0.00905004 -0.0167464 2.66501e-05 -2.03259e-05 -0.0167464 0.0829893 -1.58317e-05 -3.52288e-05 2.66501e-05 -1.58317e-05 0.00917925 -0.0167266 -2.03259e-05 -3.52288e-05 -0.0167266 0.0824092 
0.00902359 -0.0166919 1.34937e-05 -1.77112e-05 -0.0166919 0.0827871 -9.09621e-06 -3.60248e-05 1.34937e-05 -9.09621e-06 0.00917888 -0.0167376 -1.77112e-05 -3.60248e-05 -0.0167376 0.0824034 
0.00900209 -0.0166475 -1.94581e-06 1.75533e-06 -0.0166475 0.0825855 1.12149e-05 -7.25847e-05 -1.94581e-06 1.12149e-05 0.00917109 -0.0167216 1.75533e-06 -7.25847e-05 -0.0167216 0.082322 
0.00898653 -0.0166273 -9.6854e-06 2.5721e-05 -0.0166273 0.082485 3.28872e-05 -0.000130343 -9.6854e-06 3.28872e-05 0.00917676 -0.0167149 2.5721e-05 -0.000130343 -0.0167149 0.082281 
0.00902419 -0.0166507 4.80346e-06 3.62727e-05 -0.0166507 0.0826228 3.90891e-05 -0.000167159 4.80346e-06 3.90891e-05 0.00917138 -0.0167623 3.62727e-05 -0.000167159 -0.0167623 0.0824691 
0.00905665 -0.0167116 1.22266e-05 1.63467e-05 -0.0167116 0.0828285 1.93151e-05 -0.000145483 1.22266e-05 1.93151e-05 0.00917641 -0.0167696 1.63467e-05 -0.000145483 -0.0167696 0.082613 
0.00909147 -0.0167678 2.63691e-05 3.5319e-06 -0.0167678 0.0830658 9.3287e-06 -0.000108591 2.63691e-05 9.3287e-06 0.0091787 -0.0167848 3.5319e-06 -0.000108591 -0.0167848 0.0827344 
0.00911816 -0.0168232 3.37817e-05 -1.68566e-05 -0.0168232 0.0833041 -8.05746e-06 -6.21728e-05 3.37817e-05 -8.05746e-06 0.00919528 -0.0168013 -1.68566e-05 -6.21728e-05 -0.0168013 0.0828654 
0.00914581 -0.0168719 3.12373e-05 -3.02284e-05 -0.0168719 0.0835363 -1.86733e-05 -2.05169e-05 3.12373e-05 -1.86733e-05 0.00921516 -0.0168331 -3.02284e-05 -2.05169e-05 -0.0168331 0.0830225 
0.00914544 -0.0168743 3.31204e-05 -2.94101e-05 -0.0168743 0.0835362 -1.77452e-05 -2.11872e-06 3.31204e-05 -1.77452e-05 0.00922007 -0.0168232 -2.94101e-05 -2.11872e-06 -0.0168232 0.0829728 
0.00912652 -0.0168762 2.02998e-05 -2.87826e-05 -0.0168762 0.0835458 -2.09186e-05 4.06888e-06 2.02998e-05 -2.09186e-05 0.00923483 -0.0168303 -2.87826e-05 4.06888e-06 -0.0168303 0.0829712 
0.00911516 -0.0168157 1.50512e-05 -1.31215e-05 -0.0168157 0.0833423 -6.9635e-06 -1.39903e-05 1.50512e-05 -6.9635e-06 0.00921468 -0.016823 -1.31215e-05 -1.39903e-05 -0.016823 0.0828625 
0.00911054 -0.0168124 1.47556e-05 -2.04223e-06 -0.0168124 0.0832874 1.28799e-06 -4.3262e-05 1.47556e-05 1.28799e-06 0.00921549 -0.0168193 -2.04223e-06 -4.3262e-05 -0.0168193 0.0828711 
0.00912222 -0.0168171 3.13146e-06 1.04895e-06 -0.0168171 0.0832961 2.32526e-06 -5.99588e-05 3.13146e-06 2.32526e-06 0.00920126 -0.0168191 1.04895e-06 -5.99588e-05 -0.0168191 0.0828755 
0.00913787 -0.016824 6.30069e-07 1.4139e-05 -0.016824 0.0832811 1.31781e-05 -8.15919e-05 6.30069e-07 1.31781e-05 0.00917438 -0.0167874 1.4139e-05 -8.15919e-05 -0.0167874 0.0827852 
0.0091322 -0.0168396 2.17726e-06 1.46863e-05 -0.0168396 0.0832886 1.34809e-05 -8.89306e-05 2.17726e-06 1.34809e-05 0.00916274 -0.016749 1.46863e-05 -8.89306e-05 -0.016749 0.0826651 
0.00910165 -0.0167963 5.00281e-06 9.60622e-06 -0.0167963 0.0830924 1.03958e-05 -7.95061e-05 5.00281e-06 1.03958e-05 0.009145 -0.0166937 9.60622e-06 -7.95061e-05 -0.0166937 0.0823907 
0.0090626 -0.0167219 9.62392e-06 6.35186e-06 -0.0167219 0.0827588 7.69299e-06 -6.97738e-05 9.62392e-06 7.69299e-06 0.009113 -0.0166364 6.35186e-06 -6.97738e-05 -0.0166364 0.0820611 
0.00907761 -0.0167395 1.52419e-05 3.67657e-06 -0.0167395 0.0828494 3.31853e-06 -6.22244e-05 1.52419e-05 3.31853e-06 0.00910632 -0.0166638 3.67657e-06 -6.22244e-05 -0.0166638 0.0821743 
0.00905891 -0.0167163 8.74153e-06 -1.49052e-06 -0.0167163 0.0827149 -5.5313e-06 -4.93352e-05 8.74153e-06 -5.5313e-06 0.00909276 -0.016617 -1.49052e-06 -4.93352e-05 -0.016617 0.0820183 
0.00905642 -0.0166937 2.7016e-06 6.06478e-06 -0.0166937 0.0826237 5.87885e-07 -5.20594e-05 2.7016e-06 5.87885e-07 0.00907896 -0.0166011 6.06478e-06 -5.20594e-05 -0.0166011 0.0819216 
0.00907411 -0.0167306 3.9308e-06 1.17076e-05 -0.0167306 0.0827759 8.35702e-06 -6.50089e-05 3.9308e-06 8.35702e-06 0.00909168 -0.0166295 1.17076e-05 -6.50089e-05 -0.0166295 0.0820716 
0.00907655 -0.0167563 6.12911e-06 1.04051e-05 -0.0167563 0.0829097 9.09368e-06 -7.14754e-05 6.12911e-06 9.09368e-06 0.00911103 -0.0166577 1.04051e-05 -7.14754e-05 -0.0166577 0.082219 
0.00905205 -0.0167296 -1.50071e-06 1.03105e-05 -0.0167296 0.0828262 8.14203e-06 -7.56624e-05 -1.50071e-06 8.14203e-06 0.00911832 -0.0166497 1.03105e-05 -7.56624e-05 -0.0166497 0.0821716 
0.00905604 -0.0167466 -1.68553e-06 2.02578e-05 -0.0167466 0.0829798 1.85577e-05 -9.3815e-05 -1.68553e-06 1.85577e-05 0.00914856 -0.0167101 2.02578e-05 -9.3815e-05 -0.0167101 0.082416 
0.00906703 -0.0167552 -2.12012e-06 2.18674e-05 -0.0167552 0.083076 2.03853e-05 -0.000109299 -2.12012e-06 2.03853e-05 0.00916604 -0.0167494 2.18674e-05 -0.000109299 -0.0167494 0.0825991 
0.00908222 -0.016736 1.98793e-05 2.37779e-05 -0.016736 0.0829809 1.84678e-05 -0.000113974 1.98793e-05 1.84678e-05 0.00914736 -0.0167344 2.37779e-05 -0.000113974 -0.0167344 0.0825422 
0.00909234 -0.0167612 2.39006e-05 -5.10302e-07 -0.0167612 0.0830065 -9.67759e-06 -7.64353e-05 2.39006e-05 -9.67759e-06 0.00914034 -0.0167192 -5.10302e-07 -7.64353e-05 -0.0167192 0.0825164 
0.00910099 -0.0167895 3.62436e-05 -8.36304e-06 -0.0167895 0.0831122 -1.90603e-05 -3.71582e-05 3.62436e-05 -1.90603e-05 0.00914933 -0.0167187 -8.36304e-06 -3.71582e-05 -0.0167187 0.0825359 
0.00913096 -0.01681 3.24152e-05 -2.64172e-05 -0.01681 0.0832245 -3.19518e-05 -3.39225e-08 3.24152e-05 -3.19518e-05 0.00913229 -0.0167409 -2.64172e-05 -3.39225e-08 -0.0167409 0.0826181 
0.00912341 -0.0168122 1.14284e-05 -2.37401e-05 -0.0168122 0.0831609 -2.31114e-05 7.12228e-06 1.14284e-05 -2.31114e-05 0.00910878 -0.0166877 -2.37401e-05 7.12228e-06 -0.0166877 0.0824653 
0.00909795 -0.0167601 -2.20897e-07 -1.66871e-06 -0.0167601 0.0829113 4.21644e-06 -3.03651e-05 -2.20897e-07 4.21644e-06 0.00906415 -0.0166143 -1.66871e-06 -3.03651e-05 -0.0166143 0.0821331 
0.00905821 -0.0167137 -4.01203e-06 1.41611e-05 -0.0167137 0.0826639 2.27981e-05 -8.06884e-05 -4.01203e-06 2.27981e-05 0.00904385 -0.0165403 1.41611e-05 -8.06884e-05 -0.0165403 0.0818105 
0.00903713 -0.0166737 -3.52015e-06 2.16821e-05 -0.0166737 0.0825174 2.71559e-05 -0.000111818 -3.52015e-06 2.71559e-05 0.00903588 -0.0165259 2.16821e-05 -0.000111818 -0.0165259 0.0816757 
0.00965325 -0.0178098 -2.30684e-06 2.73456e-05 -0.0178098 0.0881642 2.46363e-05 -0.000132177 -2.30684e-06 2.46363e-05 0.00966635 -0.0176773 2.73456e-05 -0.000132177 -0.0176773 0.0873312 
0.00962624 -0.0177784 -4.08044e-06 2.87292e-05 -0.0177784 0.0880178 2.19278e-05 -0.0001362 -4.08044e-06 2.19278e-05 0.00966474 -0.0176649 2.87292e-05 -0.0001362 -0.0176649 0.0872467 
0.00961101 -0.0177407 -1.64185e-05 2.82442e-05 -0.0177407 0.0878787 2.34328e-05 -0.00013644 -1.64185e-05 2.34328e-05 0.00966246 -0.0176618 2.82442e-05 -0.00013644 -0.0176618 0.0871908 
0.00960295 -0.0177276 -2.51085e-05 4.08892e-05 -0.0177276 0.0878081 3.99355e-05 -0.00015856 -2.51085e-05 3.99355e-05 0.0096581 -0.0176625 4.08892e-05 -0.00015856 -0.0176625 0.0871782 
0.00963192 -0.0177359 -1.99277e-05 5.08004e-05 -0.0177359 0.0878524 5.20985e-05 -0.000187724 -1.99277e-05 5.20985e-05 0.00962967 -0.0176762 5.08004e-05 -0.000187724 -0.0176762 0.0872503 
