0.00665634 0 -9.99713e-05 0 0 0.00945734 0 0 -9.99713e-05 0 0.00669387 0 0 0 0 0.00945734 
0.00973398 -0.0120809 -0.000116301 0.000139791 -0.0120809 0.0321279 0.000139791 -0.000268424 -0.000116301 0.000139791 0.00980721 -0.0121742 0.000139791 -0.000268424 -0.0121742 0.032306 
0.00917382 -0.0170144 -4.20147e-05 6.74694e-05 -0.0170144 0.0627668 6.74694e-05 -0.000187642 -4.20147e-05 6.74694e-05 0.00919365 -0.017204 6.74694e-05 -0.000187642 -0.017204 0.0633923 
0.00868909 -0.0166868 -2.0056e-05 -0.000110322 -0.0166868 0.0747318 -0.000109509 0.000582017 -2.0056e-05 -0.000109509 0.00865302 -0.016828 -0.000110322 0.000582017 -0.016828 0.0756051 
0.00921759 -0.0172066 -3.56302e-05 -0.000138553 -0.0172066 0.0827831 -0.000128733 0.00102071 -3.56302e-05 -0.000128733 0.00918065 -0.0172579 -0.000138553 0.00102071 -0.0172579 0.0835678 
0.0089771 -0.0164795 -2.87392e-05 -7.08317e-05 -0.0164795 0.0807937 -6.2122e-05 0.000820112 -2.87392e-05 -6.2122e-05 0.00894409 -0.0165025 -7.08317e-05 0.000820112 -0.0165025 0.0813114 
0.00945345 -0.0172767 -3.67892e-05 -5.02404e-05 -0.0172767 0.0850255 -4.76617e-05 0.000617591 -3.67892e-05 -4.76617e-05 0.00941903 -0.017293 -5.02404e-05 0.000617591 -0.017293 0.0853994 
0.00919897 -0.0168077 -3.74621e-05 -3.04883e-05 -0.0168077 0.0828055 -3.3978e-05 0.000447289 -3.74621e-05 -3.3978e-05 0.00917838 -0.0168111 -3.04883e-05 0.000447289 -0.0168111 0.0830546 
0.00968997 -0.0176761 -4.0903e-05 -2.93725e-05 -0.0176761 0.0871379 -3.86976e-05 0.000402697 -4.0903e-05 -3.86976e-05 0.00966326 -0.0176929 -2.93725e-05 0.000402697 -0.0176929 0.0873605 
0.00955972 -0.0174154 -4.38239e-05 -3.48745e-05 -0.0174154 0.0858029 -4.47297e-05 0.000393456 -4.38239e-05 -4.47297e-05 0.00950919 -0.0174322 -3.48745e-05 0.000393456 -0.0174322 0.0860191 
0.00947376 -0.0172584 -2.81481e-05 -3.8996e-05 -0.0172584 0.0849352 -4.63788e-05 0.000408959 -2.81481e-05 -4.63788e-05 0.00940105 -0.017248 -3.8996e-05 0.000408959 -0.017248 0.0851102 
0.00948348 -0.0172726 -3.0836e-05 -6.10304e-05 -0.0172726 0.0849392 -6.41848e-05 0.000452397 -3.0836e-05 -6.41848e-05 0.00935954 -0.0172304 -6.10304e-05 0.000452397 -0.0172304 0.0850387 
0.00944984 -0.0172577 -5.10705e-05 -6.41002e-05 -0.0172577 0.0848139 -6.00785e-05 0.000476988 -5.10705e-05 -6.00785e-05 0.00933192 -0.0171527 -6.41002e-05 0.000476988 -0.0171527 0.0847816 
0.00941963 -0.0171998 -5.23809e-05 -3.79283e-05 -0.0171998 0.0846066 -2.7346e-05 0.0004305 -5.23809e-05 -2.7346e-05 0.00930871 -0.0171049 -3.79283e-05 0.0004305 -0.0171049 0.0845326 
0.00940224 -0.0171286 -4.82203e-05 -3.01115e-05 -0.0171286 0.0842939 -1.8014e-05 0.000381448 -4.82203e-05 -1.8014e-05 0.0092577 -0.0170615 -3.01115e-05 0.000381448 -0.0170615 0.0842867 
0.009389 -0.0171061 -4.52904e-05 -3.16305e-05 -0.0171061 0.0841145 -2.28851e-05 0.000365091 -4.52904e-05 -2.28851e-05 0.00923105 -0.0170035 -3.16305e-05 0.000365091 -0.0170035 0.0840969 
0.00934978 -0.0171112 -3.69697e-05 -3.2515e-05 -0.0171112 0.0841019 -2.71873e-05 0.000363522 -3.69697e-05 -2.71873e-05 0.0092541 -0.016982 -3.2515e-05 0.000363522 -0.016982 0.0840161 
0.00931605 -0.0170634 -2.24446e-05 -3.98751e-05 -0.0170634 0.084014 -3.63015e-05 0.000371938 -2.24446e-05 -3.63015e-05 0.00926096 -0.0170051 -3.98751e-05 0.000371938 -0.0170051 0.084003 
0.00926785 -0.0169761 -2.19644e-05 -5.41899e-05 -0.0169761 0.0836741 -5.06775e-05 0.000393672 -2.19644e-05 -5.06775e-05 0.00923944 -0.0169679 -5.41899e-05 0.000393672 -0.0169679 0.0837912 
0.00927205 -0.0169769 -2.23723e-05 -5.4884e-05 -0.0169769 0.0837369 -4.96522e-05 0.000402146 -2.23723e-05 -4.96522e-05 0.00925872 -0.0170103 -5.4884e-05 0.000402146 -0.0170103 0.0839795 
0.00925472 -0.0169469 -2.50293e-05 -5.32611e-05 -0.0169469 0.0836007 -4.54858e-05 0.000394071 -2.50293e-05 -4.54858e-05 0.00925892 -0.0169951 -5.32611e-05 0.000394071 -0.0169951 0.0839102 
0.00925244 -0.0169497 -1.84318e-05 -5.09962e-05 -0.0169497 0.0836364 -4.40145e-05 0.000388276 -1.84318e-05 -4.40145e-05 0.00927194 -0.0170251 -5.09962e-05 0.000388276 -0.0170251 0.0840181 
0.00924869 -0.0169184 -2.43772e-05 -5.54793e-05 -0.0169184 0.0835072 -4.95788e-05 0.00038945 -2.43772e-05 -4.95788e-05 0.00925521 -0.0170099 -5.54793e-05 0.00038945 -0.0170099 0.0839408 
0.00926437 -0.0169434 -4.24701e-05 -4.60754e-05 -0.0169434 0.0835841 -4.18929e-05 0.000376164 -4.24701e-05 -4.18929e-05 0.00924705 -0.0170146 -4.60754e-05 0.000376164 -0.0170146 0.0840032 
0.00927024 -0.0169764 -4.20408e-05 -2.04339e-05 -0.0169764 0.0837197 -1.79695e-05 0.000326642 -4.20408e-05 -1.79695e-05 0.00925639 -0.0170172 -2.04339e-05 0.000326642 -0.0170172 0.0840762 
0.00926124 -0.0169638 -3.51429e-05 -1.7065e-05 -0.0169638 0.0837007 -1.35097e-05 0.000289222 -3.51429e-05 -1.35097e-05 0.00925711 -0.0170101 -1.7065e-05 0.000289222 -0.0170101 0.0840368 
0.00926394 -0.0169268 -4.0404e-05 -2.46778e-05 -0.0169268 0.083552 -1.76736e-05 0.000281284 -4.0404e-05 -1.76736e-05 0.00923727 -0.0169928 -2.46778e-05 0.000281284 -0.0169928 0.083928 
0.00925021 -0.0169164 -3.97366e-05 -1.98972e-05 -0.0169164 0.0834245 -1.2163e-05 0.000273509 -3.97366e-05 -1.2163e-05 0.00923039 -0.0169586 -1.98972e-05 0.000273509 -0.0169586 0.0837926 
0.00925904 -0.0169215 -4.43306e-05 -2.075e-05 -0.0169215 0.0834498 -1.47435e-05 0.000271324 -4.43306e-05 -1.47435e-05 0.009222 -0.0169723 -2.075e-05 0.000271324 -0.0169723 0.0838218 
0.00928519 -0.0169521 -5.21349e-05 -1.56568e-05 -0.0169521 0.0835783 -1.40063e-05 0.000271192 -5.21349e-05 -1.40063e-05 0.00921819 -0.0169893 -1.56568e-05 0.000271192 -0.0169893 0.0839454 
0.00929713 -0.0170143 -4.71017e-05 -5.93868e-06 -0.0170143 0.0838326 -6.77478e-06 0.000259014 -4.71017e-05 -6.77478e-06 0.00923953 -0.0170102 -5.93868e-06 0.000259014 -0.0170102 0.0841257 
0.00928376 -0.0170189 -2.76648e-05 -8.64572e-06 -0.0170189 0.0839105 -1.26671e-05 0.000257293 -2.76648e-05 -1.26671e-05 0.00925274 -0.0170113 -8.64572e-06 0.000257293 -0.0170113 0.0841444 
0.0092509 -0.0169246 -1.12762e-05 -2.78137e-05 -0.0169246 0.083531 -3.65821e-05 0.000288512 -1.12762e-05 -3.65821e-05 0.00920706 -0.0169428 -2.78137e-05 0.000288512 -0.0169428 0.0837753 
0.00920622 -0.0168599 -6.18896e-06 -4.66063e-05 -0.0168599 0.0831737 -6.12642e-05 0.00033943 -6.18896e-06 -6.12642e-05 0.00917696 -0.0168607 -4.66063e-05 0.00033943 -0.0168607 0.0833975 
0.00920132 -0.0168224 -5.56356e-06 -5.40918e-05 -0.0168224 0.0830127 -6.87775e-05 0.000373731 -5.56356e-06 -6.87775e-05 0.00915066 -0.0168387 -5.40918e-05 0.000373731 -0.0168387 0.0832378 
0.00919451 -0.0168256 -4.83604e-06 -6.04623e-05 -0.0168256 0.0829755 -6.69297e-05 0.000390814 -4.83604e-06 -6.69297e-05 0.00914966 -0.0168209 -6.04623e-05 0.000390814 -0.0168209 0.0831799 
0.00918373 -0.0167863 -7.96238e-06 -6.39255e-05 -0.0167863 0.0827964 -6.11587e-05 0.000391402 -7.96238e-06 -6.11587e-05 0.00912582 -0.0167921 -6.39255e-05 0.000391402 -0.0167921 0.0830044 
0.00919451 -0.0167991 -2.22988e-05 -6.03871e-05 -0.0167991 0.0828204 -5.58044e-05 0.000383763 -2.22988e-05 -5.58044e-05 0.00912599 -0.0167927 -6.03871e-05 0.000383763 -0.0167927 0.0830218 
0.00920714 -0.0168537 -1.49681e-05 -4.27421e-05 -0.0168537 0.0830496 -3.75748e-05 0.000353333 -1.49681e-05 -3.75748e-05 0.00915226 -0.016832 -4.27421e-05 0.000353333 -0.016832 0.0832201 
0.00922015 -0.0168827 2.01023e-06 -5.10427e-05 -0.0168827 0.0832338 -4.6038e-05 0.000350667 2.01023e-06 -4.6038e-05 0.00917043 -0.016869 -5.10427e-05 0.000350667 -0.016869 0.0833913 
0.00924439 -0.0168953 7.31652e-06 -7.03685e-05 -0.0168953 0.0833181 -6.77828e-05 0.000384011 7.31652e-06 -6.77828e-05 0.00915757 -0.016883 -7.03685e-05 0.000384011 -0.016883 0.0834699 
0.00926399 -0.016942 -1.17219e-05 -7.82055e-05 -0.016942 0.0834935 -7.79275e-05 0.000419176 -1.17219e-05 -7.79275e-05 0.00916497 -0.0168887 -7.82055e-05 0.000419176 -0.0168887 0.0835838 
0.00929879 -0.0169873 -3.94363e-05 -5.70475e-05 -0.0169873 0.0837202 -5.75791e-05 0.000403665 -3.94363e-05 -5.75791e-05 0.00916929 -0.0169167 -5.70475e-05 0.000403665 -0.0169167 0.0837444 
0.00927007 -0.0169461 -4.9344e-05 -2.19415e-05 -0.0169461 0.0834824 -2.46282e-05 0.000336986 -4.9344e-05 -2.46282e-05 0.00915136 -0.0168442 -2.19415e-05 0.000336986 -0.0168442 0.083443 
0.00922155 -0.0168899 -4.63426e-05 -6.68507e-06 -0.0168899 0.0832153 -1.15933e-05 0.000282326 -4.63426e-05 -1.15933e-05 0.00914325 -0.0167995 -6.68507e-06 0.000282326 -0.0167995 0.0831642 
0.00916976 -0.0168213 -3.93086e-05 -8.22618e-06 -0.0168213 0.0829583 -1.30046e-05 0.000262495 -3.93086e-05 -1.30046e-05 0.00915421 -0.0167888 -8.22618e-06 0.000262495 -0.0167888 0.0830114 
0.00914184 -0.0167866 -2.38452e-05 -2.10968e-05 -0.0167866 0.0828827 -2.41793e-05 0.000281177 -2.38452e-05 -2.41793e-05 0.00919136 -0.0168345 -2.10968e-05 0.000281177 -0.0168345 0.0831183 
0.00913696 -0.0167548 -2.41169e-05 -4.06208e-05 -0.0167548 0.0828104 -4.37235e-05 0.000322937 -2.41169e-05 -4.37235e-05 0.00920468 -0.0168877 -4.06208e-05 0.000322937 -0.0168877 0.0832647 
0.00915544 -0.0167789 -3.85667e-05 -3.91355e-05 -0.0167789 0.0829143 -4.19488e-05 0.000338411 -3.85667e-05 -4.19488e-05 0.00922295 -0.0169311 -3.91355e-05 0.000338411 -0.0169311 0.0834873 
0.00918492 -0.0168078 -3.479e-05 -1.88385e-05 -0.0168078 0.0830351 -1.93397e-05 0.00030268 -3.479e-05 -1.93397e-05 0.00921994 -0.0169583 -1.88385e-05 0.00030268 -0.0169583 0.0836381 
0.0091979 -0.0168465 -3.01834e-05 -2.02251e-05 -0.0168465 0.0831528 -1.8907e-05 0.000278334 -3.01834e-05 -1.8907e-05 0.00921889 -0.0169478 -2.02251e-05 0.000278334 -0.0169478 0.0836733 
0.00923293 -0.0168902 -4.02248e-05 -2.91927e-05 -0.0168902 0.083372 -2.76503e-05 0.000289957 -4.02248e-05 -2.76503e-05 0.00921931 -0.0169729 -2.91927e-05 0.000289957 -0.0169729 0.0838151 
0.00925649 -0.0169084 -4.83287e-05 -2.23033e-05 -0.0169084 0.0834188 -1.81039e-05 0.000289307 -4.83287e-05 -1.81039e-05 0.00920431 -0.0169532 -2.23033e-05 0.000289307 -0.0169532 0.0837825 
0.00927434 -0.0169576 -5.02134e-05 -1.79475e-05 -0.0169576 0.0835819 -1.12726e-05 0.000283207 -5.02134e-05 -1.12726e-05 0.00920633 -0.0169505 -1.79475e-05 0.000283207 -0.0169505 0.0838253 
0.00927729 -0.0169548 -4.13437e-05 -1.65098e-05 -0.0169548 0.083565 -1.06162e-05 0.000281793 -4.13437e-05 -1.06162e-05 0.00920318 -0.0169258 -1.65098e-05 0.000281793 -0.0169258 0.0837212 
0.00930144 -0.0169663 -3.83199e-05 -2.52708e-05 -0.0169663 0.0836019 -2.30787e-05 0.000298383 -3.83199e-05 -2.30787e-05 0.0091915 -0.0169343 -2.52708e-05 0.000298383 -0.0169343 0.0837297 
0.00930688 -0.0170058 -2.07201e-05 -3.07367e-05 -0.0170058 0.0837118 -2.72177e-05 0.000317838 -2.07201e-05 -2.72177e-05 0.00920338 -0.0169341 -3.07367e-05 0.000317838 -0.0169341 0.0837793 
0.00930334 -0.0169904 -1.32709e-05 -5.01246e-05 -0.0169904 0.0836607 -4.73348e-05 0.000353108 -1.32709e-05 -4.73348e-05 0.00918421 -0.0169227 -5.01246e-05 0.000353108 -0.0169227 0.083698 
0.00930595 -0.0169986 -1.6905e-05 -5.80897e-05 -0.0169986 0.0836895 -6.19118e-05 0.000391127 -1.6905e-05 -6.19118e-05 0.00917789 -0.0169134 -5.80897e-05 0.000391127 -0.0169134 0.0836959 
0.00931315 -0.016999 -2.41305e-05 -5.39256e-05 -0.016999 0.0836996 -6.30851e-05 0.00040664 -2.41305e-05 -6.30851e-05 0.00916956 -0.0169076 -5.39256e-05 0.00040664 -0.0169076 0.0836866 
0.00932125 -0.0170164 -2.09833e-05 -4.22219e-05 -0.0170164 0.0837535 -5.54021e-05 0.000394786 -2.09833e-05 -5.54021e-05 0.00916381 -0.0168997 -4.22219e-05 0.000394786 -0.0168997 0.0836865 
0.00931308 -0.0170617 -9.41769e-06 -4.70029e-05 -0.0170617 0.0839542 -6.23626e-05 0.000400402 -9.41769e-06 -6.23626e-05 0.00920285 -0.0169112 -4.70029e-05 0.000400402 -0.0169112 0.0837862 
0.00928939 -0.017034 -1.14954e-05 -6.11164e-05 -0.017034 0.0839445 -7.37984e-05 0.000423621 -1.14954e-05 -7.37984e-05 0.00922663 -0.0169374 -6.11164e-05 0.000423621 -0.0169374 0.0838063 
0.00923515 -0.0169357 -3.00748e-05 -5.81129e-05 -0.0169357 0.0835562 -6.74268e-05 0.000424838 -3.00748e-05 -6.74268e-05 0.00921799 -0.0169031 -5.81129e-05 0.000424838 -0.0169031 0.0835469 
0.00918975 -0.0168687 -3.71967e-05 -3.31253e-05 -0.0168687 0.0832711 -3.93182e-05 0.000376654 -3.71967e-05 -3.93182e-05 0.00921621 -0.0168869 -3.31253e-05 0.000376654 -0.0168869 0.0833891 
0.00914313 -0.0167934 -6.0966e-05 -2.18144e-05 -0.0167934 0.0829603 -2.69382e-05 0.000329665 -6.0966e-05 -2.69382e-05 0.00920927 -0.0168664 -2.18144e-05 0.000329665 -0.0168664 0.0832131 
0.00914429 -0.0167493 -6.63551e-05 6.6836e-06 -0.0167493 0.0828029 2.37057e-06 0.000267516 -6.63551e-05 2.37057e-06 0.00918063 -0.0168787 6.6836e-06 0.000267516 -0.0168787 0.0832063 
0.00909309 -0.0166715 -6.0256e-05 1.75207e-05 -0.0166715 0.0823443 1.52195e-05 0.000212806 -6.0256e-05 1.52195e-05 0.00912927 -0.0167675 1.75207e-05 0.000212806 -0.0167675 0.0827638 
0.00909604 -0.0166685 -6.12542e-05 1.17218e-05 -0.0166685 0.082332 1.11266e-05 0.000198221 -6.12542e-05 1.11266e-05 0.00911214 -0.0167585 1.17218e-05 0.000198221 -0.0167585 0.0827256 
0.00908173 -0.0166555 -6.37365e-05 9.69231e-06 -0.0166555 0.0822447 8.95705e-06 0.000201646 -6.37365e-05 8.95705e-06 0.00908947 -0.0167182 9.69231e-06 0.000201646 -0.0167182 0.0825829 
0.00905058 -0.0166149 -7.71499e-05 1.00478e-05 -0.0166149 0.0820633 1.15718e-05 0.00020182 -7.71499e-05 1.15718e-05 0.00907459 -0.0166664 1.00478e-05 0.00020182 -0.0166664 0.0823552 
0.00968617 -0.0177749 -7.71176e-05 3.07912e-05 -0.0177749 0.0878374 3.27146e-05 0.000181309 -7.71176e-05 3.27146e-05 0.00970887 -0.0178483 3.07912e-05 0.000181309 -0.0178483 0.0881542 
0.00907473 -0.016605 -5.5677e-05 2.32097e-05 -0.016605 0.082068 2.62701e-05 0.000157498 -5.5677e-05 2.62701e-05 0.0090476 -0.0166804 2.32097e-05 0.000157498 -0.0166804 0.0823962 
0.0091066 -0.0166524 -3.61673e-05 1.05585e-06 -0.0166524 0.0821987 4.68832e-06 0.000190915 -3.61673e-05 4.68832e-06 0.00902812 -0.016667 1.05585e-06 0.000190915 -0.016667 0.0824453 
0.00913573 -0.0167361 -2.9471e-05 -2.42139e-05 -0.0167361 0.0825338 -1.97825e-05 0.000248766 -2.9471e-05 -1.97825e-05 0.00904171 -0.0166762 -2.42139e-05 0.000248766 -0.0166762 0.0826048 
0.0091334 -0.0167498 -5.08582e-05 -3.0346e-05 -0.0167498 0.0826224 -2.56358e-05 0.000279898 -5.08582e-05 -2.56358e-05 0.00904628 -0.0166572 -3.0346e-05 0.000279898 -0.0166572 0.0825491 
0.00913116 -0.0167653 -5.47322e-05 -2.46931e-06 -0.0167653 0.0827442 1.70642e-06 0.000244292 -5.47322e-05 1.70642e-06 0.00906876 -0.0166775 -2.46931e-06 0.000244292 -0.0166775 0.0826208 
0.00912684 -0.016757 -4.74642e-05 6.99208e-06 -0.016757 0.0827786 1.18598e-05 0.000198573 -4.74642e-05 1.18598e-05 0.00909666 -0.0167097 6.99208e-06 0.000198573 -0.0167097 0.0827178 
0.00910994 -0.0167078 -4.47798e-05 -2.70406e-07 -0.0167078 0.0825808 2.87799e-06 0.000193883 -4.47798e-05 2.87799e-06 0.00909165 -0.0167112 -2.70406e-07 0.000193883 -0.0167112 0.0826487 
0.00908531 -0.0166774 -4.14147e-05 -3.76607e-06 -0.0166774 0.0824177 -7.65056e-06 0.000210393 -4.14147e-05 -7.65056e-06 0.00909092 -0.0167003 -3.76607e-06 0.000210393 -0.0167003 0.0825779 
0.00907338 -0.0166513 -2.47877e-05 -4.9891e-06 -0.0166513 0.0823195 -1.50561e-05 0.000224963 -2.47877e-05 -1.50561e-05 0.00909509 -0.016705 -4.9891e-06 0.000224963 -0.016705 0.0825631 
0.0090695 -0.0166348 -2.01154e-05 -2.58985e-05 -0.0166348 0.0822451 -3.49325e-05 0.000262042 -2.01154e-05 -3.49325e-05 0.0090991 -0.0167118 -2.58985e-05 0.000262042 -0.0167118 0.0825654 
0.0090825 -0.0166209 -2.10788e-05 -3.59214e-05 -0.0166209 0.0821582 -3.9571e-05 0.000293938 -2.10788e-05 -3.9571e-05 0.009076 -0.016707 -3.59214e-05 0.000293938 -0.016707 0.0825229 
0.00910215 -0.0166761 -3.35244e-05 -3.77724e-05 -0.0166761 0.0823202 -3.99991e-05 0.000309312 -3.35244e-05 -3.99991e-05 0.00908383 -0.0167028 -3.77724e-05 0.000309312 -0.0167028 0.082588 
0.00911129 -0.0166922 -3.54643e-05 -2.30996e-05 -0.0166922 0.0823796 -2.60665e-05 0.00029413 -3.54643e-05 -2.60665e-05 0.00908937 -0.0166915 -2.30996e-05 0.00029413 -0.0166915 0.0825326 
0.0091135 -0.0167282 -3.39137e-05 -2.28371e-05 -0.0167282 0.0825368 -2.45292e-05 0.000286985 -3.39137e-05 -2.45292e-05 0.00911963 -0.0167197 -2.28371e-05 0.000286985 -0.0167197 0.0826261 
0.00913304 -0.0167396 -3.61863e-05 -2.56055e-05 -0.0167396 0.0826561 -2.56062e-05 0.000290378 -3.61863e-05 -2.56062e-05 0.00912359 -0.016772 -2.56055e-05 0.000290378 -0.016772 0.0827942 
0.00915109 -0.0167761 -3.37662e-05 -2.49975e-05 -0.0167761 0.0828075 -2.45015e-05 0.000294955 -3.37662e-05 -2.45015e-05 0.00913386 -0.0167925 -2.49975e-05 0.000294955 -0.0167925 0.082953 
0.00919 -0.0168306 -3.5333e-05 -3.03459e-05 -0.0168306 0.0830789 -3.03369e-05 0.000309348 -3.5333e-05 -3.03369e-05 0.00914504 -0.0168402 -3.03459e-05 0.000309348 -0.0168402 0.0832097 
0.00919939 -0.0168677 -2.8278e-05 -3.16211e-05 -0.0168677 0.0832335 -3.28958e-05 0.000323844 -2.8278e-05 -3.28958e-05 0.00916001 -0.0168501 -3.16211e-05 0.000323844 -0.0168501 0.0833267 
0.00917621 -0.0168555 -2.27282e-05 -3.92604e-05 -0.0168555 0.0832145 -4.24873e-05 0.000343256 -2.27282e-05 -4.24873e-05 0.00917978 -0.016849 -3.92604e-05 0.000343256 -0.016849 0.0833127 
0.009142 -0.0168152 -8.03402e-06 -4.10202e-05 -0.0168152 0.0830988 -4.85141e-05 0.00035562 -8.03402e-06 -4.85141e-05 0.00920192 -0.0168566 -4.10202e-05 0.00035562 -0.0168566 0.0832743 
0.00914498 -0.016786 1.16536e-06 -5.77671e-05 -0.016786 0.0830484 -6.51807e-05 0.000384489 1.16536e-06 -6.51807e-05 0.0092125 -0.0168986 -5.77671e-05 0.000384489 -0.0168986 0.0833765 
0.00915151 -0.0168026 -6.94665e-06 -6.85494e-05 -0.0168026 0.0830984 -7.21176e-05 0.00040817 -6.94665e-06 -7.21176e-05 0.00921979 -0.0169243 -6.85494e-05 0.00040817 -0.0169243 0.083508 
0.00919299 -0.0168456 -2.91774e-05 -6.31958e-05 -0.0168456 0.0833149 -6.0309e-05 0.000405159 -2.91774e-05 -6.0309e-05 0.00921579 -0.016968 -6.31958e-05 0.000405159 -0.016968 0.083747 
0.00920778 -0.0168498 -2.05162e-05 -3.5219e-05 -0.0168498 0.0832669 -3.25656e-05 0.000356989 -2.05162e-05 -3.25656e-05 0.00917112 -0.0169154 -3.5219e-05 0.000356989 -0.0169154 0.0836169 
0.0091933 -0.0168191 -9.86832e-06 -3.8033e-05 -0.0168191 0.0830284 -4.04832e-05 0.000332702 -9.86832e-06 -4.04832e-05 0.00911758 -0.0167993 -3.8033e-05 0.000332702 -0.0167993 0.0831817 
0.00914973 -0.0167741 -2.52518e-05 -4.90118e-05 -0.0167741 0.0827378 -5.37481e-05 0.000346151 -2.52518e-05 -5.37481e-05 0.00908475 -0.0166852 -4.90118e-05 0.000346151 -0.0166852 0.0826684 
0.00912405 -0.0167165 -4.62118e-05 -3.28217e-05 -0.0167165 0.0824914 -3.5748e-05 0.000329467 -4.62118e-05 -3.5748e-05 0.00905776 -0.0166386 -3.28217e-05 0.000329467 -0.0166386 0.0823442 
0.00908569 -0.0166659 -5.07686e-05 -7.42447e-06 -0.0166659 0.0822286 -1.01566e-05 0.000277603 -5.07686e-05 -1.01566e-05 0.00904271 -0.0165919 -7.42447e-06 0.000277603 -0.0165919 0.0820746 
0.0090697 -0.0166525 -5.81034e-05 6.83076e-07 -0.0166525 0.0821893 -2.38269e-06 0.000239297 -5.81034e-05 -2.38269e-06 0.00904847 -0.0166031 6.83076e-07 0.000239297 -0.0166031 0.0820656 
0.00969504 -0.0178192 -6.72979e-05 1.12582e-05 -0.0178192 0.0879952 7.53887e-06 0.000226353 -6.72979e-05 7.53887e-06 0.00970774 -0.0177987 1.12582e-05 0.000226353 -0.0177987 0.0879339 
0.00905716 -0.0166343 -6.63217e-05 1.84043e-05 -0.0166343 0.0822002 1.31942e-05 0.000187904 -6.63217e-05 1.31942e-05 0.00905979 -0.0166546 1.84043e-05 0.000187904 -0.0166546 0.0822297 
0.00905143 -0.0166317 -5.79165e-05 2.37951e-05 -0.0166317 0.0821913 1.87532e-05 0.000167783 -5.79165e-05 1.87532e-05 0.00905248 -0.0166456 2.37951e-05 0.000167783 -0.0166456 0.0822543 
0.00907063 -0.0166475 -3.9139e-05 1.19822e-05 -0.0166475 0.0822974 7.25717e-06 0.00017903 -3.9139e-05 7.25717e-06 0.00905282 -0.0166609 1.19822e-05 0.00017903 -0.0166609 0.0823662 
0.00908193 -0.0166819 -2.8417e-05 -1.22695e-05 -0.0166819 0.0824357 -1.44432e-05 0.000222091 -2.8417e-05 -1.44432e-05 0.00906994 -0.0166675 -1.22695e-05 0.000222091 -0.0166675 0.0824584 
0.00908362 -0.0166993 -3.26992e-05 -2.72019e-05 -0.0166993 0.0825334 -2.80273e-05 0.000266781 -3.26992e-05 -2.80273e-05 0.0090813 -0.0166824 -2.72019e-05 0.000266781 -0.0166824 0.0825175 
0.00907995 -0.0166867 -3.57852e-05 -2.17381e-05 -0.0166867 0.0825116 -2.40111e-05 0.000275277 -3.57852e-05 -2.40111e-05 0.00907481 -0.0166814 -2.17381e-05 0.000275277 -0.0166814 0.0824983 
0.00907185 -0.0166609 -2.81083e-05 -1.27909e-05 -0.0166609 0.082391 -1.95093e-05 0.000260276 -2.81083e-05 -1.95093e-05 0.00905358 -0.01665 -1.27909e-05 0.000260276 -0.01665 0.0823668 
0.0090817 -0.0166274 -2.46995e-05 -2.11132e-05 -0.0166274 0.0822089 -2.78157e-05 0.000263569 -2.46995e-05 -2.78157e-05 0.00900652 -0.0165997 -2.11132e-05 0.000263569 -0.0165997 0.0821482 
0.00971369 -0.0178293 -1.37342e-05 -3.12202e-05 -0.0178293 0.0880158 -3.47572e-05 0.000299076 -1.37342e-05 -3.47572e-05 0.00964457 -0.0177233 -3.12202e-05 0.000299076 -0.0177233 0.0878123 
0.00905975 -0.0166627 -1.24516e-05 -4.59325e-05 -0.0166627 0.0822901 -4.95263e-05 0.000315075 -1.24516e-05 -4.95263e-05 0.00903781 -0.0165717 -4.59325e-05 0.000315075 -0.0165717 0.0820422 
0.00908997 -0.0167347 -1.64722e-05 -4.89477e-05 -0.0167347 0.0827329 -5.22097e-05 0.000340749 -1.64722e-05 -5.22097e-05 0.00910871 -0.0167 -4.89477e-05 0.000340749 -0.0167 0.0825648 
0.00908383 -0.016735 -2.67454e-05 -4.58179e-05 -0.016735 0.0828103 -4.80444e-05 0.000344618 -2.67454e-05 -4.80444e-05 0.00915109 -0.0167546 -4.58179e-05 0.000344618 -0.0167546 0.0827765 
0.00905527 -0.0166662 -2.79861e-05 -3.21811e-05 -0.0166662 0.0825397 -3.182e-05 0.000318223 -2.79861e-05 -3.182e-05 0.00914966 -0.0167487 -3.21811e-05 0.000318223 -0.0167487 0.0826637 
0.00904421 -0.0166312 -2.08734e-05 -2.83184e-05 -0.0166312 0.0823671 -2.58894e-05 0.000293902 -2.08734e-05 -2.58894e-05 0.00913943 -0.0167501 -2.83184e-05 0.000293902 -0.0167501 0.0826191 
0.00905652 -0.016598 -2.2628e-05 -3.69216e-05 -0.016598 0.0821782 -3.5984e-05 0.00030056 -2.2628e-05 -3.5984e-05 0.00909404 -0.0167233 -3.69216e-05 0.00030056 -0.0167233 0.0824938 
0.00907616 -0.0166604 -2.92256e-05 -3.62577e-05 -0.0166604 0.0823426 -3.39929e-05 0.000306829 -2.92256e-05 -3.39929e-05 0.00909368 -0.0167084 -3.62577e-05 0.000306829 -0.0167084 0.0825522 
0.00909263 -0.0166958 -2.6919e-05 -2.95917e-05 -0.0166958 0.0825076 -2.81755e-05 0.000300441 -2.6919e-05 -2.81755e-05 0.00908718 -0.0167112 -2.95917e-05 0.000300441 -0.0167112 0.0825934 
0.00909649 -0.0167087 -8.78721e-06 -2.93877e-05 -0.0167087 0.0825761 -3.43957e-05 0.000301891 -8.78721e-06 -3.43957e-05 0.00909618 -0.016699 -2.93877e-05 0.000301891 -0.016699 0.0825833 
0.00908294 -0.016657 -6.15172e-07 -5.01178e-05 -0.016657 0.0823404 -6.04925e-05 0.000340267 -6.15172e-07 -6.04925e-05 0.00907568 -0.0166585 -5.01178e-05 0.000340267 -0.0166585 0.0823409 
0.00909192 -0.0166412 -8.94062e-06 -6.37871e-05 -0.0166412 0.08221 -6.8436e-05 0.000378144 -8.94062e-06 -6.8436e-05 0.00904358 -0.0166379 -6.37871e-05 0.000378144 -0.0166379 0.0822115 
0.0091063 -0.0167004 -3.87777e-05 -5.99218e-05 -0.0167004 0.0823964 -5.69534e-05 0.000384154 -3.87777e-05 -5.69534e-05 0.00905266 -0.0166424 -5.99218e-05 0.000384154 -0.0166424 0.0823081 
0.00913761 -0.0167496 -2.75081e-05 -2.52867e-05 -0.0167496 0.0826592 -1.9995e-05 0.000329635 -2.75081e-05 -1.9995e-05 0.0090626 -0.0166815 -2.52867e-05 0.000329635 -0.0166815 0.0825045 
0.00916108 -0.0167775 -3.95545e-05 -3.14958e-05 -0.0167775 0.0827731 -3.06439e-05 0.000308131 -3.95545e-05 -3.06439e-05 0.00905538 -0.0166741 -3.14958e-05 0.000308131 -0.0166741 0.08253 
0.00917962 -0.0168118 -5.71918e-05 -1.46806e-05 -0.0168118 0.0828885 -1.81763e-05 0.00028471 -5.71918e-05 -1.81763e-05 0.00904572 -0.0166599 -1.46806e-05 0.00028471 -0.0166599 0.0825149 
0.00916331 -0.016806 -7.044e-05 8.19848e-06 -0.016806 0.0828329 3.70225e-06 0.000236218 -7.044e-05 3.70225e-06 0.0090331 -0.0166153 8.19848e-06 0.000236218 -0.0166153 0.082334 
0.00912644 -0.0167748 -6.37935e-05 2.52148e-05 -0.0167748 0.0827198 2.10708e-05 0.000185496 -6.37935e-05 2.10708e-05 0.00904114 -0.0165901 2.52148e-05 0.000185496 -0.0165901 0.0821813 
0.00908773 -0.0167198 -5.27992e-05 1.69972e-05 -0.0167198 0.0825507 1.63985e-05 0.000173224 -5.27992e-05 1.63985e-05 0.00905511 -0.0165951 1.69972e-05 0.000173224 -0.0165951 0.0821041 
0.00906493 -0.0166801 -4.46596e-05 9.30432e-07 -0.0166801 0.0824543 5.47513e-06 0.000193505 -4.46596e-05 5.47513e-06 0.00906977 -0.0166392 9.30432e-07 0.000193505 -0.0166392 0.0822118 
0.00906235 -0.0166365 -2.62539e-05 -1.0895e-05 -0.0166365 0.0823002 -5.86195e-06 0.000223717 -2.62539e-05 -5.86195e-06 0.00905298 -0.0166496 -1.0895e-05 0.000223717 -0.0166496 0.0822428 
0.00908685 -0.0166983 -1.02544e-05 -3.3341e-05 -0.0166983 0.0825586 -2.90408e-05 0.000271035 -1.02544e-05 -2.90408e-05 0.00908813 -0.0166995 -3.3341e-05 0.000271035 -0.0166995 0.0825629 
0.00909622 -0.0167015 -1.21438e-05 -5.5217e-05 -0.0167015 0.0825985 -4.97432e-05 0.00032708 -1.21438e-05 -4.97432e-05 0.00909992 -0.0167133 -5.5217e-05 0.00032708 -0.0167133 0.0826301 
0.00911061 -0.0167193 -2.54226e-05 -5.40231e-05 -0.0167193 0.082664 -5.037e-05 0.000352834 -2.54226e-05 -5.037e-05 0.00910709 -0.0167318 -5.40231e-05 0.000352834 -0.0167318 0.0827095 
0.00912311 -0.0167631 -4.02317e-05 -3.65446e-05 -0.0167631 0.0828548 -3.75275e-05 0.000338252 -4.02317e-05 -3.75275e-05 0.00914793 -0.0167693 -3.65446e-05 0.000338252 -0.0167693 0.0828974 
0.00911969 -0.0167661 -4.16544e-05 -1.59542e-05 -0.0167661 0.0829012 -2.059e-05 0.000298859 -4.16544e-05 -2.059e-05 0.00917468 -0.016801 -1.59542e-05 0.000298859 -0.016801 0.0829755 
0.00914146 -0.01677 -3.92639e-05 -1.45123e-05 -0.01677 0.0829485 -1.81785e-05 0.000279289 -3.92639e-05 -1.81785e-05 0.009176 -0.0168396 -1.45123e-05 0.000279289 -0.0168396 0.0830934 
0.0091568 -0.0168106 -2.80965e-05 -2.12124e-05 -0.0168106 0.0830727 -2.24114e-05 0.000286393 -2.80965e-05 -2.24114e-05 0.00918536 -0.0168499 -2.12124e-05 0.000286393 -0.0168499 0.0831955 
0.00914 -0.0168081 -1.55417e-05 -3.65043e-05 -0.0168081 0.0830509 -3.78147e-05 0.000317459 -1.55417e-05 -3.78147e-05 0.00919683 -0.016833 -3.65043e-05 0.000317459 -0.016833 0.0831181 
0.00912147 -0.0167594 -5.52546e-06 -5.35923e-05 -0.0167594 0.0828668 -5.69629e-05 0.000364199 -5.52546e-06 -5.69629e-05 0.00918137 -0.0168181 -5.35923e-05 0.000364199 -0.0168181 0.0829618 
0.00910461 -0.0167352 -1.341e-06 -6.57075e-05 -0.0167352 0.0827444 -6.93726e-05 0.000403348 -1.341e-06 -6.93726e-05 0.00917208 -0.0168075 -6.57075e-05 0.000403348 -0.0168075 0.0828937 
0.00911266 -0.0167163 -2.8085e-06 -7.24997e-05 -0.0167163 0.0826759 -7.17797e-05 0.000425349 -2.8085e-06 -7.17797e-05 0.00915392 -0.0168098 -7.24997e-05 0.000425349 -0.0168098 0.0828965 
0.00913095 -0.016756 -1.13796e-05 -7.31317e-05 -0.016756 0.0828097 -6.66864e-05 0.000429652 -1.13796e-05 -6.66864e-05 0.00915952 -0.0168222 -7.31317e-05 0.000429652 -0.0168222 0.083027 
0.00915137 -0.0167613 -3.46718e-05 -6.64464e-05 -0.0167613 0.0828271 -5.56135e-05 0.000418365 -3.46718e-05 -5.56135e-05 0.009135 -0.0168131 -6.64464e-05 0.000418365 -0.0168131 0.0830148 
0.00914001 -0.0167825 -4.5026e-05 -3.53165e-05 -0.0167825 0.0828522 -2.55971e-05 0.000362484 -4.5026e-05 -2.55971e-05 0.00913084 -0.0167767 -3.53165e-05 0.000362484 -0.0167767 0.0829391 
0.0091504 -0.0168013 -3.63759e-05 -1.39159e-05 -0.0168013 0.0829938 -9.32794e-06 0.000297404 -3.63759e-05 -9.32794e-06 0.0091423 -0.0167923 -1.39159e-05 0.000297404 -0.0167923 0.0830124 
0.00914337 -0.0168053 -3.08651e-05 -1.98446e-05 -0.0168053 0.083034 -1.98552e-05 0.000280748 -3.08651e-05 -1.98552e-05 0.00915534 -0.016799 -1.98446e-05 0.000280748 -0.016799 0.0830395 
0.00909325 -0.016715 -2.63076e-05 -2.62522e-05 -0.016715 0.0826439 -3.162e-05 0.000294341 -2.63076e-05 -3.162e-05 0.00912596 -0.0167376 -2.62522e-05 0.000294341 -0.0167376 0.0826954 
0.00907662 -0.016689 -2.2312e-05 -3.34349e-05 -0.016689 0.0825469 -4.13165e-05 0.00031825 -2.2312e-05 -4.13165e-05 0.00913338 -0.0167398 -3.34349e-05 0.00031825 -0.0167398 0.0826692 
0.00906183 -0.0166366 -1.72328e-05 -3.64226e-05 -0.0166366 0.0823163 -4.20695e-05 0.000325859 -1.72328e-05 -4.20695e-05 0.00911791 -0.0167184 -3.64226e-05 0.000325859 -0.0167184 0.0825173 
