0.00661138 0 -7.46765e-05 0 0 0.00941864 0 0 -7.46765e-05 0 0.00668693 0 0 0 0 0.00941864 
0.0097092 -0.0120543 -8.97917e-05 0.000108681 -0.0120543 0.0320474 0.000108681 -0.000208769 -8.97917e-05 0.000108681 0.00977316 -0.0121279 0.000108681 -0.000208769 -0.0121279 0.0321882 
0.00916866 -0.0171352 -5.63889e-05 7.3159e-05 -0.0171352 0.0631776 7.3159e-05 -0.000216294 -5.63889e-05 7.3159e-05 0.00918873 -0.0170599 7.3159e-05 -0.000216294 -0.0170599 0.0628917 
0.00866185 -0.0168601 -1.81124e-05 -3.01026e-05 -0.0168601 0.075748 -2.87881e-05 0.000257278 -1.81124e-05 -2.87881e-05 0.00866773 -0.0166228 -3.01026e-05 0.000257278 -0.0166228 0.074432 
0.00913303 -0.0172479 -1.90145e-05 -8.18885e-05 -0.0172479 0.083558 -7.50889e-05 0.000595117 -1.90145e-05 -7.50889e-05 0.00916836 -0.0170083 -8.18885e-05 0.000595117 -0.0170083 0.0817608 
0.00886926 -0.0164955 -1.1583e-05 -5.9701e-05 -0.0164955 0.0814162 -5.12469e-05 0.000546322 -1.1583e-05 -5.12469e-05 0.00898142 -0.0163667 -5.9701e-05 0.000546322 -0.0163667 0.0800206 
0.00934513 -0.0172602 -2.6693e-05 -5.1272e-05 -0.0172602 0.0855419 -4.39606e-05 0.000449682 -2.6693e-05 -4.39606e-05 0.00948084 -0.0172705 -5.1272e-05 0.000449682 -0.0172705 0.0846618 
0.00909091 -0.016714 -2.78131e-05 -2.69846e-05 -0.016714 0.0828633 -2.09781e-05 0.000328368 -2.78131e-05 -2.09781e-05 0.00918408 -0.0167687 -2.69846e-05 0.000328368 -0.0167687 0.0823988 
0.00961586 -0.0175931 -3.19411e-05 -2.3213e-05 -0.0175931 0.0870924 -1.85681e-05 0.000282663 -3.19411e-05 -1.85681e-05 0.0096126 -0.0175962 -2.3213e-05 0.000282663 -0.0175962 0.0866721 
0.00949438 -0.0173851 -2.55693e-05 -2.27813e-05 -0.0173851 0.0857969 -1.87921e-05 0.000260218 -2.55693e-05 -1.87921e-05 0.00944524 -0.0172486 -2.27813e-05 0.000260218 -0.0172486 0.0851488 
0.00941605 -0.0172619 -2.99407e-05 -3.34966e-05 -0.0172619 0.0850624 -2.8732e-05 0.000273608 -2.99407e-05 -2.8732e-05 0.00935153 -0.0170474 -3.34966e-05 0.000273608 -0.0170474 0.0841498 
0.00938256 -0.0172209 -3.48944e-05 -3.20716e-05 -0.0172209 0.0848126 -2.691e-05 0.000286455 -3.48944e-05 -2.691e-05 0.00931982 -0.016981 -3.20716e-05 0.000286455 -0.016981 0.0837479 
0.0093674 -0.0172509 -2.66212e-05 -2.61993e-05 -0.0172509 0.084954 -2.39745e-05 0.000287546 -2.66212e-05 -2.39745e-05 0.00935024 -0.0170087 -2.61993e-05 0.000287546 -0.0170087 0.083826 
0.00936611 -0.0172531 -1.4701e-05 -3.41417e-05 -0.0172531 0.0850827 -3.49514e-05 0.000301458 -1.4701e-05 -3.49514e-05 0.00938612 -0.0170736 -3.41417e-05 0.000301458 -0.0170736 0.0840412 
0.00938331 -0.0173009 -7.71395e-06 -5.13975e-05 -0.0173009 0.0853748 -5.0193e-05 0.000337404 -7.71395e-06 -5.0193e-05 0.00942618 -0.0171702 -5.13975e-05 0.000337404 -0.0171702 0.0844627 
0.0094076 -0.0173259 7.64389e-06 -6.25497e-05 -0.0173259 0.0855683 -5.67979e-05 0.000368579 7.64389e-06 -5.67979e-05 0.00943347 -0.0172287 -6.25497e-05 0.000368579 -0.0172287 0.0847674 
0.00941475 -0.0172987 8.60271e-06 -7.96554e-05 -0.0172987 0.0854394 -7.37247e-05 0.000404041 8.60271e-06 -7.37247e-05 0.00939247 -0.0171879 -7.96554e-05 0.000404041 -0.0171879 0.0846688 
0.00941079 -0.0172497 -5.50848e-06 -7.59417e-05 -0.0172497 0.0851247 -7.61912e-05 0.000416743 -5.50848e-06 -7.61912e-05 0.00932143 -0.0170866 -7.59417e-05 0.000416743 -0.0170866 0.0842903 
0.009365 -0.017185 -2.06694e-05 -5.64863e-05 -0.017185 0.084687 -6.0919e-05 0.00039038 -2.06694e-05 -6.0919e-05 0.00927244 -0.0169426 -5.64863e-05 0.00039038 -0.0169426 0.0837013 
0.00936539 -0.0172074 -2.15765e-05 -3.58029e-05 -0.0172074 0.0847816 -4.01814e-05 0.000341856 -2.15765e-05 -4.01814e-05 0.00928609 -0.0169578 -3.58029e-05 0.000341856 -0.0169578 0.0837126 
0.00935199 -0.0171858 -1.79808e-05 -3.38778e-05 -0.0171858 0.084716 -3.67957e-05 0.000314628 -1.79808e-05 -3.67957e-05 0.00928523 -0.0169614 -3.38778e-05 0.000314628 -0.0169614 0.0836761 
0.00932675 -0.0171593 -1.8511e-05 -4.14989e-05 -0.0171593 0.0846029 -4.17373e-05 0.000318119 -1.8511e-05 -4.17373e-05 0.0092876 -0.0169521 -4.14989e-05 0.000318119 -0.0169521 0.0836158 
0.00935434 -0.0171757 -1.61352e-05 -4.85855e-05 -0.0171757 0.0847381 -4.31303e-05 0.000334377 -1.61352e-05 -4.31303e-05 0.0092916 -0.0170048 -4.85855e-05 0.000334377 -0.0170048 0.0838316 
0.00935541 -0.0172207 -2.16445e-05 -5.5765e-05 -0.0172207 0.0849117 -4.34249e-05 0.000348592 -2.16445e-05 -4.34249e-05 0.00933454 -0.017026 -5.5765e-05 0.000348592 -0.017026 0.0840111 
0.00934309 -0.0172011 -2.36788e-05 -5.06614e-05 -0.0172011 0.0848951 -3.44447e-05 0.000344664 -2.36788e-05 -3.44447e-05 0.00933882 -0.0170551 -5.06614e-05 0.000344664 -0.0170551 0.0840603 
0.00932106 -0.0171827 -2.32721e-05 -4.53159e-05 -0.0171827 0.0848474 -3.00135e-05 0.000331884 -2.32721e-05 -3.00135e-05 0.00934051 -0.01706 -4.53159e-05 0.000331884 -0.01706 0.0840926 
0.00927813 -0.0171134 -1.37815e-05 -4.36231e-05 -0.0171134 0.084579 -3.2943e-05 0.000326073 -1.37815e-05 -3.2943e-05 0.00932975 -0.017019 -4.36231e-05 0.000326073 -0.017019 0.0838979 
0.00926099 -0.0170358 -7.05695e-06 -5.47048e-05 -0.0170358 0.0842616 -4.58912e-05 0.000343065 -7.05695e-06 -4.58912e-05 0.0092932 -0.0169859 -5.47048e-05 0.000343065 -0.0169859 0.0836866 
0.0092373 -0.0169896 -3.01784e-05 -6.23206e-05 -0.0169896 0.0839697 -5.41147e-05 0.000363428 -3.01784e-05 -5.41147e-05 0.00926661 -0.016924 -6.23206e-05 0.000363428 -0.016924 0.083431 
0.0092173 -0.0169708 -5.21719e-05 -3.28958e-05 -0.0169708 0.0838502 -2.76932e-05 0.000329268 -5.21719e-05 -2.76932e-05 0.00925949 -0.0169057 -3.28958e-05 0.000329268 -0.0169057 0.0833206 
0.0092147 -0.016959 -5.31087e-05 7.99525e-07 -0.016959 0.0838227 9.32769e-07 0.000256056 -5.31087e-05 9.32769e-07 0.00924777 -0.0169152 7.99525e-07 0.000256056 -0.0169152 0.0833414 
0.0092265 -0.0169728 -3.39549e-05 6.43199e-06 -0.0169728 0.0838875 3.6009e-06 0.00021369 -3.39549e-05 3.6009e-06 0.00923903 -0.0169205 6.43199e-06 0.00021369 -0.0169205 0.0834238 
0.00921911 -0.0169914 -2.14616e-05 -1.73734e-05 -0.0169914 0.0839595 -1.91748e-05 0.000235995 -2.14616e-05 -1.91748e-05 0.00925186 -0.0169108 -1.73734e-05 0.000235995 -0.0169108 0.0834529 
0.00922836 -0.0169882 -1.88994e-05 -3.8403e-05 -0.0169882 0.084009 -3.90193e-05 0.000289895 -1.88994e-05 -3.90193e-05 0.00926285 -0.0169315 -3.8403e-05 0.000289895 -0.0169315 0.0835167 
0.00919368 -0.0169389 -2.21555e-05 -4.26273e-05 -0.0169389 0.0837473 -4.32204e-05 0.000319412 -2.21555e-05 -4.32204e-05 0.00925616 -0.0168846 -4.26273e-05 0.000319412 -0.0168846 0.0832764 
0.00919093 -0.0169241 -2.08941e-05 -3.69022e-05 -0.0169241 0.0837052 -3.89864e-05 0.000320119 -2.08941e-05 -3.89864e-05 0.00925963 -0.016909 -3.69022e-05 0.000320119 -0.016909 0.083307 
0.00920349 -0.0169326 -2.94076e-05 -3.9661e-05 -0.0169326 0.0837449 -4.10669e-05 0.000323275 -2.94076e-05 -4.10669e-05 0.00925995 -0.016933 -3.9661e-05 0.000323275 -0.016933 0.0834162 
0.0092259 -0.0169585 -3.10204e-05 -3.37318e-05 -0.0169585 0.0838326 -3.11972e-05 0.00031675 -3.10204e-05 -3.11972e-05 0.0092615 -0.01694 -3.37318e-05 0.00031675 -0.01694 0.0834986 
0.00926916 -0.017021 -2.56143e-05 -3.35764e-05 -0.017021 0.0840817 -2.81551e-05 0.000311242 -2.56143e-05 -2.81551e-05 0.00927352 -0.0169704 -3.35764e-05 0.000311242 -0.0169704 0.0836822 
0.00930123 -0.0170798 -1.13743e-05 -4.14179e-05 -0.0170798 0.0843077 -3.53092e-05 0.000322109 -1.13743e-05 -3.53092e-05 0.0092862 -0.0169909 -4.14179e-05 0.000322109 -0.0169909 0.083817 
0.00932437 -0.0170948 -2.51154e-06 -5.99132e-05 -0.0170948 0.08435 -5.76283e-05 0.00036482 -2.51154e-06 -5.76283e-05 0.00927723 -0.0169812 -5.99132e-05 0.00036482 -0.0169812 0.0837806 
0.00933424 -0.0171173 -1.0724e-05 -7.25297e-05 -0.0171173 0.0843719 -7.31041e-05 0.000410836 -1.0724e-05 -7.31041e-05 0.0092617 -0.0169565 -7.25297e-05 0.000410836 -0.0169565 0.0836897 
0.0093445 -0.0171737 -1.78573e-05 -6.26539e-05 -0.0171737 0.0846166 -6.43885e-05 0.000418138 -1.78573e-05 -6.43885e-05 0.00929228 -0.0169812 -6.26539e-05 0.000418138 -0.0169812 0.0838331 
0.00931247 -0.0171527 -1.27617e-05 -5.19975e-05 -0.0171527 0.0845862 -5.18137e-05 0.000395484 -1.27617e-05 -5.18137e-05 0.00931138 -0.0169916 -5.19975e-05 0.000395484 -0.0169916 0.0838189 
0.00933403 -0.0171724 -2.90848e-05 -5.78922e-05 -0.0171724 0.0848024 -5.48718e-05 0.000389805 -2.90848e-05 -5.48718e-05 0.00934596 -0.0170791 -5.78922e-05 0.000389805 -0.0170791 0.0841645 
0.00934775 -0.0171986 -4.57033e-05 -4.11803e-05 -0.0171986 0.0849514 -3.71338e-05 0.000368163 -4.57033e-05 -3.71338e-05 0.0093736 -0.0171291 -4.11803e-05 0.000368163 -0.0171291 0.084425 
0.0093611 -0.0172103 -5.21613e-05 -1.89984e-05 -0.0172103 0.0850337 -1.41769e-05 0.000318276 -5.21613e-05 -1.41769e-05 0.00939513 -0.0171621 -1.89984e-05 0.000318276 -0.0171621 0.0845861 
0.00935001 -0.0172199 -2.39684e-05 -9.93488e-06 -0.0172199 0.0850652 -6.91881e-06 0.000284165 -2.39684e-05 -6.91881e-06 0.00942204 -0.0171766 -9.93488e-06 0.000284165 -0.0171766 0.0846492 
0.00934321 -0.0171967 -1.40364e-05 -4.1446e-05 -0.0171967 0.085006 -4.41411e-05 0.000324732 -1.40364e-05 -4.41411e-05 0.00942179 -0.0171904 -4.1446e-05 0.000324732 -0.0171904 0.0846439 
0.00933907 -0.0171977 -1.75893e-05 -5.39032e-05 -0.0171977 0.0850085 -5.95347e-05 0.000374535 -1.75893e-05 -5.95347e-05 0.0094343 -0.0171979 -5.39032e-05 0.000374535 -0.0171979 0.0846807 
0.00934345 -0.0172118 -3.42657e-05 -4.80346e-05 -0.0172118 0.0850939 -5.53856e-05 0.000383892 -3.42657e-05 -5.53856e-05 0.00943962 -0.0172243 -4.80346e-05 0.000383892 -0.0172243 0.0847803 
0.00935459 -0.0172127 -3.86955e-05 -2.54509e-05 -0.0172127 0.0851284 -3.42142e-05 0.000346693 -3.86955e-05 -3.42142e-05 0.00943025 -0.0172337 -2.54509e-05 0.000346693 -0.0172337 0.0848412 
0.00934917 -0.0171889 -3.03422e-05 -1.7859e-05 -0.0171889 0.0849948 -2.29739e-05 0.000308347 -3.03422e-05 -2.29739e-05 0.00940207 -0.0171932 -1.7859e-05 0.000308347 -0.0171932 0.0847005 
0.00931103 -0.0171551 -3.30048e-05 -3.28502e-05 -0.0171551 0.0847944 -2.71152e-05 0.000306393 -3.30048e-05 -2.71152e-05 0.00939468 -0.0171342 -3.28502e-05 0.000306393 -0.0171342 0.0844593 
0.00925389 -0.0170484 -3.9872e-05 -3.58796e-05 -0.0170484 0.0843312 -2.10313e-05 0.000308716 -3.9872e-05 -2.10313e-05 0.0093545 -0.0170625 -3.58796e-05 0.000308716 -0.0170625 0.0840329 
0.00927031 -0.0170397 -5.52386e-05 -2.82915e-05 -0.0170397 0.0843153 -1.08503e-05 0.000294374 -5.52386e-05 -1.08503e-05 0.00935346 -0.017084 -2.82915e-05 0.000294374 -0.017084 0.084103 
0.00925322 -0.0169815 -6.57474e-05 -9.19014e-06 -0.0169815 0.0839517 5.37117e-06 0.000259622 -6.57474e-05 5.37117e-06 0.00930137 -0.017006 -9.19014e-06 0.000259622 -0.017006 0.0837496 
0.00925049 -0.0169671 -6.4244e-05 5.35554e-06 -0.0169671 0.083785 1.32929e-05 0.000228282 -6.4244e-05 1.32929e-05 0.00926133 -0.0169474 5.35554e-06 0.000228282 -0.0169474 0.0835083 
0.00926273 -0.0170438 -5.71591e-05 1.86029e-06 -0.0170438 0.0840875 6.88271e-06 0.000230131 -5.71591e-05 6.88271e-06 0.00928921 -0.0169744 1.86029e-06 0.000230131 -0.0169744 0.0836931 
0.0092907 -0.0171152 -3.8922e-05 -9.68312e-06 -0.0171152 0.0845275 -5.49688e-06 0.000258581 -3.8922e-05 -5.49688e-06 0.00934407 -0.0170706 -9.68312e-06 0.000258581 -0.0170706 0.0841294 
0.00927436 -0.0170919 -3.37119e-05 -3.09332e-05 -0.0170919 0.0845095 -3.09561e-05 0.000308391 -3.37119e-05 -3.09561e-05 0.00937424 -0.0170971 -3.09332e-05 0.000308391 -0.0170971 0.0842246 
0.00927568 -0.0170425 -2.65459e-05 -3.51047e-05 -0.0170425 0.0843304 -4.06365e-05 0.000344235 -2.65459e-05 -4.06365e-05 0.00936189 -0.017108 -3.51047e-05 0.000344235 -0.017108 0.0842001 
0.00928528 -0.0170403 -2.60878e-05 -4.3477e-05 -0.0170403 0.0842306 -4.84511e-05 0.000368107 -2.60878e-05 -4.84511e-05 0.0093392 -0.0170859 -4.3477e-05 0.000368107 -0.0170859 0.0841341 
0.00931597 -0.0170934 -3.20852e-05 -4.90213e-05 -0.0170934 0.0844126 -4.95053e-05 0.000386592 -3.20852e-05 -4.95053e-05 0.00934875 -0.0170985 -4.90213e-05 0.000386592 -0.0170985 0.0842493 
0.00932569 -0.0171119 -3.19672e-05 -4.36716e-05 -0.0171119 0.0844504 -4.29195e-05 0.000384807 -3.19672e-05 -4.29195e-05 0.00934629 -0.0170816 -4.36716e-05 0.000384807 -0.0170816 0.0841837 
0.00933184 -0.0171619 -3.91204e-05 -4.57969e-05 -0.0171619 0.0846611 -4.33426e-05 0.000387736 -3.91204e-05 -4.33426e-05 0.0093767 -0.0171115 -4.57969e-05 0.000387736 -0.0171115 0.0843162 
0.00932818 -0.0171801 -3.29267e-05 -3.90237e-05 -0.0171801 0.0848163 -3.52481e-05 0.000380853 -3.29267e-05 -3.52481e-05 0.00939893 -0.0171566 -3.90237e-05 0.000380853 -0.0171566 0.0844776 
0.00931094 -0.0171716 -3.04302e-05 -4.3504e-05 -0.0171716 0.0848569 -3.88173e-05 0.000378926 -3.04302e-05 -3.88173e-05 0.00941818 -0.0171806 -4.3504e-05 0.000378926 -0.0171806 0.0845816 
0.00931251 -0.0171203 -2.90875e-05 -4.34005e-05 -0.0171203 0.084702 -3.93108e-05 0.000377368 -2.90875e-05 -3.93108e-05 0.00939351 -0.0171765 -4.34005e-05 0.000377368 -0.0171765 0.084529 
0.00930454 -0.0170868 -1.94167e-05 -4.7099e-05 -0.0170868 0.0844744 -4.09802e-05 0.000380023 -1.94167e-05 -4.09802e-05 0.00936757 -0.0171233 -4.7099e-05 0.000380023 -0.0171233 0.0843343 
0.00930815 -0.0171024 1.61069e-05 -6.48081e-05 -0.0171024 0.0844814 -5.54987e-05 0.000411508 1.61069e-05 -5.54987e-05 0.0093585 -0.0171089 -6.48081e-05 0.000411508 -0.0171089 0.0842864 
0.00931226 -0.0171031 2.87647e-05 -0.000106631 -0.0171031 0.0844646 -9.92111e-05 0.000491993 2.87647e-05 -9.92111e-05 0.00934903 -0.0170886 -0.000106631 0.000491993 -0.0170886 0.0842066 
0.0093105 -0.0170847 2.37558e-05 -0.000121601 -0.0170847 0.0843447 -0.000121189 0.000563496 2.37558e-05 -0.000121189 0.00931658 -0.0170502 -0.000121601 0.000563496 -0.0170502 0.0840269 
0.00929685 -0.0170425 3.69789e-06 -0.000113743 -0.0170425 0.0840854 -0.000118034 0.000580335 3.69789e-06 -0.000118034 0.0092596 -0.0169693 -0.000113743 0.000580335 -0.0169693 0.0836822 
0.00925079 -0.0170065 -1.18801e-05 -8.54003e-05 -0.0170065 0.083834 -9.09836e-05 0.000534728 -1.18801e-05 -9.09836e-05 0.0092489 -0.0168741 -8.54003e-05 0.000534728 -0.0168741 0.0832937 
0.00922441 -0.016992 -1.77946e-05 -5.84323e-05 -0.016992 0.0838356 -6.56752e-05 0.000462827 -1.77946e-05 -6.56752e-05 0.00928291 -0.0169032 -5.84323e-05 0.000462827 -0.0169032 0.0832997 
0.00925501 -0.0170462 -6.65714e-06 -4.70341e-05 -0.0170462 0.0842113 -5.49038e-05 0.000412147 -6.65714e-06 -5.49038e-05 0.00932377 -0.0170399 -4.70341e-05 0.000412147 -0.0170399 0.0838314 
0.00925288 -0.0170433 -7.28303e-06 -6.06346e-05 -0.0170433 0.0842414 -6.57024e-05 0.000408312 -7.28303e-06 -6.57024e-05 0.00933273 -0.0170531 -6.06346e-05 0.000408312 -0.0170531 0.083966 
0.0092476 -0.0170242 -1.43116e-05 -6.10208e-05 -0.0170242 0.0841736 -6.32684e-05 0.000408164 -1.43116e-05 -6.32684e-05 0.00932791 -0.0170412 -6.10208e-05 0.000408164 -0.0170412 0.0839339 
0.00926444 -0.0170414 -3.31245e-05 -5.05936e-05 -0.0170414 0.0842473 -5.43778e-05 0.00038997 -3.31245e-05 -5.43778e-05 0.00932054 -0.0170506 -5.05936e-05 0.00038997 -0.0170506 0.0839949 
0.00928263 -0.0170361 -4.49147e-05 -2.64953e-05 -0.0170361 0.0841939 -3.1927e-05 0.000344397 -4.49147e-05 -3.1927e-05 0.00928229 -0.0170162 -2.64953e-05 0.000344397 -0.0170162 0.0838854 
0.00929467 -0.0170622 -4.26093e-05 -9.78385e-06 -0.0170622 0.0842305 -1.49822e-05 0.000293531 -4.26093e-05 -1.49822e-05 0.00925281 -0.0169758 -9.78385e-06 0.000293531 -0.0169758 0.083793 
0.00927045 -0.0170342 -2.73053e-05 -1.00683e-05 -0.0170342 0.0840589 -1.27757e-05 0.000265227 -2.73053e-05 -1.27757e-05 0.00922477 -0.0168946 -1.00683e-05 0.000265227 -0.0168946 0.0834768 
0.00925008 -0.0170084 -8.25441e-06 -2.93648e-05 -0.0170084 0.0839494 -2.93754e-05 0.00028289 -8.25441e-06 -2.93754e-05 0.00921504 -0.0168641 -2.93648e-05 0.00028289 -0.0168641 0.0833056 
0.00922133 -0.0169815 -5.83262e-06 -5.50644e-05 -0.0169815 0.0838477 -5.58153e-05 0.000335637 -5.83262e-06 -5.58153e-05 0.00921888 -0.016852 -5.50644e-05 0.000335637 -0.016852 0.0832153 
0.00923141 -0.0169894 2.51554e-06 -6.15156e-05 -0.0169894 0.0839632 -6.42867e-05 0.000377341 2.51554e-06 -6.42867e-05 0.00923887 -0.0169058 -6.15156e-05 0.000377341 -0.0169058 0.0834195 
0.00922564 -0.0170066 1.53497e-06 -6.95733e-05 -0.0170066 0.0840606 -7.36652e-05 0.000402359 1.53497e-06 -7.36652e-05 0.00926531 -0.0169362 -6.95733e-05 0.000402359 -0.0169362 0.083582 
0.0092143 -0.0169766 -1.04647e-05 -6.75391e-05 -0.0169766 0.0839883 -7.01934e-05 0.000406129 -1.04647e-05 -7.01934e-05 0.00927611 -0.0169459 -6.75391e-05 0.000406129 -0.0169459 0.0835925 
0.00918315 -0.0169201 -2.7704e-05 -4.95572e-05 -0.0169201 0.0837184 -5.22321e-05 0.000372474 -2.7704e-05 -5.22321e-05 0.0092692 -0.0169103 -4.95572e-05 0.000372474 -0.0169103 0.0833847 
0.00919161 -0.0168946 -2.37365e-05 -2.49485e-05 -0.0168946 0.0836055 -2.77907e-05 0.000313217 -2.37365e-05 -2.77907e-05 0.00925222 -0.0169172 -2.49485e-05 0.000313217 -0.0169172 0.0833466 
0.00921108 -0.0169079 -1.77815e-05 -2.39033e-05 -0.0169079 0.0835802 -2.78086e-05 0.00027883 -1.77815e-05 -2.78086e-05 0.00923297 -0.0168979 -2.39033e-05 0.00027883 -0.0168979 0.083302 
0.00923643 -0.0169531 -1.75365e-05 -3.26433e-05 -0.0169531 0.0837025 -4.07291e-05 0.000290359 -1.75365e-05 -4.07291e-05 0.00922191 -0.0168872 -3.26433e-05 0.000290359 -0.0168872 0.0833054 
0.00924116 -0.0170111 -1.92497e-05 -3.75894e-05 -0.0170111 0.0839271 -4.4192e-05 0.000310037 -1.92497e-05 -4.4192e-05 0.00924185 -0.0168906 -3.75894e-05 0.000310037 -0.0168906 0.0833721 
0.00922195 -0.0170055 -9.8267e-06 -3.75662e-05 -0.0170055 0.08397 -4.05997e-05 0.000314826 -9.8267e-06 -4.05997e-05 0.00925667 -0.0168955 -3.75662e-05 0.000314826 -0.0168955 0.0833536 
0.00924048 -0.017018 -8.18723e-07 -5.17938e-05 -0.017018 0.0841365 -5.18848e-05 0.000337715 -8.18723e-07 -5.18848e-05 0.00928516 -0.0169631 -5.17938e-05 0.000337715 -0.0169631 0.0836086 
0.00926164 -0.017033 -8.30763e-06 -6.71324e-05 -0.017033 0.0842095 -6.54112e-05 0.000375563 -8.30763e-06 -6.54112e-05 0.00929868 -0.0169922 -6.71324e-05 0.000375563 -0.0169922 0.0837518 
0.00928769 -0.0170498 -1.45746e-05 -5.8692e-05 -0.0170498 0.0842441 -5.74132e-05 0.000381454 -1.45746e-05 -5.74132e-05 0.00929167 -0.0169992 -5.8692e-05 0.000381454 -0.0169992 0.0837923 
0.00932231 -0.0171381 -2.14849e-05 -5.09558e-05 -0.0171381 0.0845867 -5.21357e-05 0.000372222 -2.14849e-05 -5.21357e-05 0.00931377 -0.0170407 -5.09558e-05 0.000372222 -0.0170407 0.0840503 
0.00932851 -0.0171577 -1.22834e-05 -4.26048e-05 -0.0171577 0.0847 -4.32464e-05 0.000353923 -1.22834e-05 -4.32464e-05 0.00931301 -0.0170451 -4.26048e-05 0.000353923 -0.0170451 0.0840938 
0.00930673 -0.0171462 -2.46333e-06 -5.24965e-05 -0.0171462 0.0846715 -4.89772e-05 0.000353352 -2.46333e-06 -4.89772e-05 0.00932201 -0.0170293 -5.24965e-05 0.000353352 -0.0170293 0.0840431 
0.00927417 -0.0170883 8.16364e-07 -6.61631e-05 -0.0170883 0.0844594 -6.20931e-05 0.000378652 8.16364e-07 -6.20931e-05 0.00931893 -0.0170052 -6.61631e-05 0.000378652 -0.0170052 0.0838725 
0.00923529 -0.0170157 3.04008e-06 -7.23114e-05 -0.0170157 0.0841336 -7.08104e-05 0.000405717 3.04008e-06 -7.08104e-05 0.00930568 -0.0169642 -7.23114e-05 0.000405717 -0.0169642 0.0836162 
0.00919384 -0.0169681 1.20948e-05 -7.45466e-05 -0.0169681 0.0839144 -7.65024e-05 0.000423826 1.20948e-05 -7.65024e-05 0.00931333 -0.0169502 -7.45466e-05 0.000423826 -0.0169502 0.0834792 
0.00915517 -0.0168871 3.25107e-06 -8.02361e-05 -0.0168871 0.0835916 -8.34512e-05 0.000433362 3.25107e-06 -8.34512e-05 0.00929409 -0.0169343 -8.02361e-05 0.000433362 -0.0169343 0.0832958 
0.00911694 -0.0167968 -1.92583e-05 -6.66765e-05 -0.0167968 0.0831648 -7.05266e-05 0.000413515 -1.92583e-05 -7.05266e-05 0.00925034 -0.0168777 -6.66765e-05 0.000413515 -0.0168777 0.0829975 
0.0091393 -0.0168222 -2.8457e-05 -3.6839e-05 -0.0168222 0.0832616 -3.99101e-05 0.00035227 -2.8457e-05 -3.99101e-05 0.00923381 -0.0169032 -3.6839e-05 0.00035227 -0.0169032 0.0831524 
0.0091611 -0.0168372 -2.86192e-05 -2.31448e-05 -0.0168372 0.0832849 -2.48907e-05 0.000295046 -2.86192e-05 -2.48907e-05 0.00919653 -0.0168673 -2.31448e-05 0.000295046 -0.0168673 0.0831109 
0.00915949 -0.0168392 -1.27497e-05 -2.28677e-05 -0.0168392 0.0832122 -2.77831e-05 0.000277227 -1.27497e-05 -2.77831e-05 0.00915415 -0.01679 -2.28677e-05 0.000277227 -0.01679 0.0828735 
0.00915491 -0.0168453 1.87864e-07 -4.25439e-05 -0.0168453 0.0832139 -4.87175e-05 0.000305182 1.87864e-07 -4.87175e-05 0.00914321 -0.0167433 -4.25439e-05 0.000305182 -0.0167433 0.0827166 
0.00915423 -0.0168517 -2.94836e-08 -5.73549e-05 -0.0168517 0.0832663 -6.49553e-05 0.000344252 -2.94836e-08 -6.49553e-05 0.00915525 -0.0167452 -5.73549e-05 0.000344252 -0.0167452 0.0827059 
0.00917922 -0.0169077 -1.05901e-05 -5.68538e-05 -0.0169077 0.0835688 -6.65209e-05 0.000361514 -1.05901e-05 -6.65209e-05 0.00921115 -0.0168202 -5.68538e-05 0.000361514 -0.0168202 0.0830238 
0.009196 -0.016954 -2.53358e-05 -4.2193e-05 -0.016954 0.0838267 -5.02316e-05 0.00033837 -2.53358e-05 -5.02316e-05 0.00926601 -0.0169014 -4.2193e-05 0.00033837 -0.0169014 0.0833438 
0.00920652 -0.0169676 -3.24272e-05 -2.1278e-05 -0.0169676 0.0839406 -2.74767e-05 0.000286044 -3.24272e-05 -2.74767e-05 0.00928807 -0.0169587 -2.1278e-05 0.000286044 -0.0169587 0.0835492 
0.00924647 -0.0170005 -2.7588e-05 -1.06246e-05 -0.0170005 0.0841181 -1.4761e-05 0.000240798 -2.7588e-05 -1.4761e-05 0.00929197 -0.0170088 -1.06246e-05 0.000240798 -0.0170088 0.0837926 
0.00927998 -0.0170363 -2.57904e-05 -2.30942e-05 -0.0170363 0.0842192 -2.25805e-05 0.000243254 -2.57904e-05 -2.25805e-05 0.00928179 -0.0170051 -2.30942e-05 0.000243254 -0.0170051 0.0838594 
0.00930063 -0.0170659 -3.44714e-05 -3.20792e-05 -0.0170659 0.0842723 -2.77479e-05 0.00026747 -3.44714e-05 -2.77479e-05 0.0092721 -0.0169777 -3.20792e-05 0.00026747 -0.0169777 0.0837964 
0.00930493 -0.017077 -6.66992e-05 -2.05554e-05 -0.017077 0.0842509 -1.53673e-05 0.000258307 -6.66992e-05 -1.53673e-05 0.00925866 -0.0169366 -2.05554e-05 0.000258307 -0.0169366 0.0836222 
0.00928801 -0.017043 -8.25801e-05 2.12455e-05 -0.017043 0.0840412 2.41725e-05 0.000187866 -8.25801e-05 2.41725e-05 0.00922101 -0.0168722 2.12455e-05 0.000187866 -0.0168722 0.0832925 
0.00930889 -0.0171293 -5.95259e-05 4.70436e-05 -0.0171293 0.0844277 4.63589e-05 0.000112248 -5.95259e-05 4.63589e-05 0.00925891 -0.0169295 4.70436e-05 0.000112248 -0.0169295 0.0835824 
0.00927227 -0.0171551 -2.59823e-05 2.04735e-05 -0.0171551 0.0846244 1.7849e-05 0.000124625 -2.59823e-05 1.7849e-05 0.0093179 -0.0169608 2.04735e-05 0.000124625 -0.0169608 0.0837279 
0.00926557 -0.0170889 -6.68624e-06 -2.46475e-05 -0.0170889 0.0845433 -2.7276e-05 0.000213541 -6.68624e-06 -2.7276e-05 0.00932287 -0.0170163 -2.46475e-05 0.000213541 -0.0170163 0.0838223 
0.00923221 -0.0170043 -3.50081e-06 -5.23339e-05 -0.0170043 0.0841377 -5.34132e-05 0.000300351 -3.50081e-06 -5.34132e-05 0.00929334 -0.0169682 -5.23339e-05 0.000300351 -0.0169682 0.0835985 
0.00919264 -0.0169507 -1.36605e-05 -5.66311e-05 -0.0169507 0.0838374 -5.55391e-05 0.000336347 -1.36605e-05 -5.55391e-05 0.00927444 -0.0169174 -5.66311e-05 0.000336347 -0.0169174 0.0833607 
0.0091835 -0.0169184 -1.71107e-05 -4.60763e-05 -0.0169184 0.0837093 -4.30682e-05 0.000328977 -1.71107e-05 -4.30682e-05 0.00925652 -0.0169105 -4.60763e-05 0.000328977 -0.0169105 0.0832894 
0.00920634 -0.0169361 -9.06338e-06 -3.72401e-05 -0.0169361 0.0837823 -3.46932e-05 0.00030333 -9.06338e-06 -3.46932e-05 0.00925009 -0.0169256 -3.72401e-05 0.00030333 -0.0169256 0.0833968 
0.00923099 -0.0170091 -4.48106e-06 -4.4587e-05 -0.0170091 0.0840758 -4.37321e-05 0.00030221 -4.48106e-06 -4.37321e-05 0.00927821 -0.0169537 -4.4587e-05 0.00030221 -0.0169537 0.0836174 
0.00923881 -0.0170668 -8.73659e-06 -4.98837e-05 -0.0170668 0.0843862 -5.18429e-05 0.000316803 -8.73659e-06 -5.18429e-05 0.00933608 -0.0170053 -4.98837e-05 0.000316803 -0.0170053 0.0838653 
0.00924844 -0.0170335 -8.70809e-06 -4.13816e-05 -0.0170335 0.0843257 -4.58633e-05 0.000308831 -8.70809e-06 -4.58633e-05 0.00932895 -0.017028 -4.13816e-05 0.000308831 -0.017028 0.0838619 
0.00926218 -0.0170683 -1.70113e-05 -4.23181e-05 -0.0170683 0.0844289 -4.72438e-05 0.000305749 -1.70113e-05 -4.72438e-05 0.00933899 -0.0170445 -4.23181e-05 0.000305749 -0.0170445 0.083975 
0.009253 -0.0170354 -2.51942e-05 -3.56936e-05 -0.0170354 0.0842661 -3.90804e-05 0.000296605 -2.51942e-05 -3.90804e-05 0.00932037 -0.0170081 -3.56936e-05 0.000296605 -0.0170081 0.0837976 
0.0092754 -0.0170696 -1.98721e-05 -2.52952e-05 -0.0170696 0.0844033 -2.77952e-05 0.000274767 -1.98721e-05 -2.77952e-05 0.00933176 -0.0170365 -2.52952e-05 0.000274767 -0.0170365 0.0839267 
0.00929472 -0.0171061 -1.20125e-05 -2.73278e-05 -0.0171061 0.0845461 -3.19901e-05 0.000265777 -1.20125e-05 -3.19901e-05 0.00934446 -0.0170546 -2.73278e-05 0.000265777 -0.0170546 0.0840336 
0.00931181 -0.017187 -2.32018e-05 -3.73675e-05 -0.017187 0.0849199 -4.28843e-05 0.000282325 -2.32018e-05 -4.28843e-05 0.00940584 -0.0171189 -3.73675e-05 0.000282325 -0.0171189 0.0843531 
0.00931929 -0.0171849 -3.10364e-05 -2.87015e-05 -0.0171849 0.0850105 -3.41929e-05 0.000284077 -3.10364e-05 -3.41929e-05 0.00943697 -0.0171724 -2.87015e-05 0.000284077 -0.0171724 0.0845059 
0.00931897 -0.0171184 -2.25885e-05 -2.13014e-05 -0.0171184 0.0847003 -2.64103e-05 0.000271701 -2.25885e-05 -2.64103e-05 0.00938818 -0.0171463 -2.13014e-05 0.000271701 -0.0171463 0.0843156 
0.00932558 -0.0171607 -1.98035e-05 -3.0352e-05 -0.0171607 0.0847643 -3.50536e-05 0.000279966 -1.98035e-05 -3.50536e-05 0.00937797 -0.0171244 -3.0352e-05 0.000279966 -0.0171244 0.0843231 
0.00933054 -0.0171746 -2.63971e-05 -3.46185e-05 -0.0171746 0.0848262 -3.78991e-05 0.000292853 -2.63971e-05 -3.78991e-05 0.00937322 -0.0171048 -3.46185e-05 0.000292853 -0.0171048 0.0842725 
0.00935391 -0.0172118 -4.1594e-05 -2.56521e-05 -0.0172118 0.0850104 -2.81307e-05 0.000280855 -4.1594e-05 -2.81307e-05 0.00938061 -0.0171255 -2.56521e-05 0.000280855 -0.0171255 0.0843772 
0.0093224 -0.017191 -4.29822e-05 -3.82618e-06 -0.017191 0.0848867 -6.42775e-06 0.000234715 -4.29822e-05 -6.42775e-06 0.00937241 -0.0170777 -3.82618e-06 0.000234715 -0.0170777 0.084172 
0.00927799 -0.0171429 -2.86273e-05 1.96584e-07 -0.0171429 0.0847256 -4.65945e-07 0.000200344 -2.86273e-05 -4.65945e-07 0.00938269 -0.0170597 1.96584e-07 0.000200344 -0.0170597 0.0840228 
0.00923872 -0.0170669 -5.76963e-06 -1.53503e-05 -0.0170669 0.0844638 -1.41977e-05 0.000206713 -5.76963e-06 -1.41977e-05 0.00937685 -0.0170562 -1.53503e-05 0.000206713 -0.0170562 0.0838949 
0.00920332 -0.0169532 1.51394e-05 -4.34564e-05 -0.0169532 0.0839473 -4.58134e-05 0.000259821 1.51394e-05 -4.58134e-05 0.00933147 -0.0169898 -4.34564e-05 0.000259821 -0.0169898 0.0835255 
0.00921479 -0.0169766 1.18331e-05 -6.97096e-05 -0.0169766 0.0839801 -7.61102e-05 0.000330634 1.18331e-05 -7.61102e-05 0.00933666 -0.0170053 -6.97096e-05 0.000330634 -0.0170053 0.0836076 
0.0092292 -0.0170128 -6.93181e-06 -6.80099e-05 -0.0170128 0.08413 -7.40504e-05 0.000360855 -6.93181e-06 -7.40504e-05 0.00935203 -0.0170345 -6.80099e-05 0.000360855 -0.0170345 0.0837555 
0.00924915 -0.0170321 -2.83785e-05 -4.45346e-05 -0.0170321 0.0842314 -4.90682e-05 0.00032781 -2.83785e-05 -4.90682e-05 0.00934958 -0.0170577 -4.45346e-05 0.00032781 -0.0170577 0.0838659 
0.00924362 -0.0170068 -3.58002e-05 -1.58318e-05 -0.0170068 0.0840655 -2.13386e-05 0.000262665 -3.58002e-05 -2.13386e-05 0.00931299 -0.0170022 -1.58318e-05 0.000262665 -0.0170022 0.0836565 
0.00924588 -0.0170478 -3.01568e-05 -1.64255e-06 -0.0170478 0.0842111 -1.11695e-05 0.000211629 -3.01568e-05 -1.11695e-05 0.00932269 -0.0169994 -1.64255e-06 0.000211629 -0.0169994 0.0837014 
0.00927377 -0.017113 -1.62925e-05 -6.53979e-06 -0.017113 0.084577 -1.75008e-05 0.000200419 -1.62925e-05 -1.75008e-05 0.0093491 -0.0170608 -6.53979e-06 0.000200419 -0.0170608 0.0839963 
0.00930419 -0.0171308 -1.7744e-05 -2.58425e-05 -0.0171308 0.0847172 -3.7451e-05 0.000233638 -1.7744e-05 -3.7451e-05 0.00933521 -0.0170786 -2.58425e-05 0.000233638 -0.0170786 0.0841147 
0.00931491 -0.0171503 -3.30422e-05 -2.5114e-05 -0.0171503 0.0847627 -3.28195e-05 0.00024416 -3.30422e-05 -3.28195e-05 0.00933065 -0.0170499 -2.5114e-05 0.00024416 -0.0170499 0.0840858 
