0.00670823 0 7.09952e-05 0 0 0.00939613 0 0 7.09952e-05 0 0.00657402 0 0 0 0 0.00939613 
0.00980859 -0.0121718 8.0321e-05 -9.62674e-05 -0.0121718 0.0322528 -9.62674e-05 0.000184986 8.0321e-05 -9.62674e-05 0.00965329 -0.0119854 -9.62674e-05 0.000184986 -0.0119854 0.031895 
0.00921528 -0.0171419 2.64625e-05 -3.15258e-05 -0.0171419 0.0631471 -3.15258e-05 7.75995e-05 2.64625e-05 -3.15258e-05 0.00910881 -0.0170537 -3.15258e-05 7.75995e-05 -0.0170537 0.0629052 
0.00864404 -0.0166419 -2.20848e-08 9.47755e-05 -0.0166419 0.0745397 9.4127e-05 -0.000506398 -2.20848e-08 9.4127e-05 0.00859682 -0.0167193 9.47755e-05 -0.000506398 -0.0167193 0.0751968 
0.00913691 -0.0170374 1.8486e-05 0.000122093 -0.0170374 0.0820301 0.000119737 -0.000834588 1.8486e-05 0.000119737 0.00912868 -0.0171829 0.000122093 -0.000834588 -0.0171829 0.0832595 
0.00888514 -0.0163397 2.96854e-05 6.48538e-05 -0.0163397 0.0801192 5.83587e-05 -0.000664824 2.96854e-05 5.83587e-05 0.00893903 -0.0164889 6.48538e-05 -0.000664824 -0.0164889 0.0812813 
0.00931446 -0.0170445 3.19295e-05 3.23326e-05 -0.0170445 0.0840218 2.29141e-05 -0.00047012 3.19295e-05 2.29141e-05 0.00939676 -0.0172598 3.23326e-05 -0.00047012 -0.0172598 0.08517 
0.00906402 -0.0165424 1.3074e-05 1.9172e-05 -0.0165424 0.0817001 1.68448e-05 -0.000323085 1.3074e-05 1.68448e-05 0.00912699 -0.0167821 1.9172e-05 -0.000323085 -0.0167821 0.0828064 
0.00955484 -0.0174136 -2.38726e-07 3.95113e-05 -0.0174136 0.0860039 4.53807e-05 -0.000320266 -2.38726e-07 4.53807e-05 0.00959851 -0.0176426 3.95113e-05 -0.000320266 -0.0176426 0.0871107 
0.00941055 -0.0171477 2.16585e-06 6.31546e-05 -0.0171477 0.0846247 6.95085e-05 -0.000362131 2.16585e-06 6.95085e-05 0.00943506 -0.0173411 6.31546e-05 -0.000362131 -0.0173411 0.0856252 
0.00934645 -0.0170304 -8.55518e-07 6.79064e-05 -0.0170304 0.0839812 6.89668e-05 -0.000394199 -8.55518e-07 6.89668e-05 0.00933607 -0.017193 6.79064e-05 -0.000394199 -0.017193 0.0848866 
0.00931385 -0.0169811 -1.62091e-06 7.15465e-05 -0.0169811 0.0836788 6.95472e-05 -0.000406294 -1.62091e-06 6.95472e-05 0.00927898 -0.0170898 7.15465e-05 -0.000406294 -0.0170898 0.0844501 
0.00933852 -0.01702 -7.66041e-07 7.04603e-05 -0.01702 0.0838485 6.95813e-05 -0.000410239 -7.66041e-07 6.95813e-05 0.00927142 -0.0170933 7.04603e-05 -0.000410239 -0.0170933 0.0845004 
0.00935228 -0.0170385 -2.6639e-06 6.70292e-05 -0.0170385 0.0838993 6.81911e-05 -0.000404265 -2.6639e-06 6.81911e-05 0.0092545 -0.017064 6.70292e-05 -0.000404265 -0.017064 0.0844158 
0.00937219 -0.0170696 -1.16953e-06 6.57435e-05 -0.0170696 0.0840103 6.50762e-05 -0.00039149 -1.16953e-06 6.50762e-05 0.00924476 -0.0170533 6.57435e-05 -0.00039149 -0.0170533 0.0843971 
0.00936406 -0.0170793 -4.00514e-06 6.56261e-05 -0.0170793 0.0840167 6.11204e-05 -0.000381315 -4.00514e-06 6.11204e-05 0.00924422 -0.0170224 6.56261e-05 -0.000381315 -0.0170224 0.0842806 
0.00935355 -0.0170351 1.29262e-05 6.94851e-05 -0.0170351 0.0838294 6.16575e-05 -0.000376572 1.29262e-05 6.16575e-05 0.00921602 -0.0169859 6.94851e-05 -0.000376572 -0.0169859 0.0840508 
0.00934176 -0.0170016 3.088e-05 4.96472e-05 -0.0170016 0.0836186 3.89331e-05 -0.000340884 3.088e-05 3.89331e-05 0.00918587 -0.0169363 4.96472e-05 -0.000340884 -0.0169363 0.0838152 
0.0093158 -0.0169338 2.95686e-05 2.57564e-05 -0.0169338 0.0832328 1.47398e-05 -0.000282264 2.95686e-05 1.47398e-05 0.00912362 -0.016847 2.57564e-05 -0.000282264 -0.016847 0.0833855 
0.00929217 -0.0169205 1.4995e-05 2.53519e-05 -0.0169205 0.0830882 1.73557e-05 -0.000257846 1.4995e-05 1.73557e-05 0.00909574 -0.0167872 2.53519e-05 -0.000257846 -0.0167872 0.0831471 
0.00928001 -0.0169478 2.03239e-06 4.03179e-05 -0.0169478 0.083247 3.58813e-05 -0.000276156 2.03239e-06 3.58813e-05 0.00912019 -0.0168092 4.03179e-05 -0.000276156 -0.0168092 0.0832551 
0.0092792 -0.0169789 7.87545e-06 5.41914e-05 -0.0169789 0.0835178 5.49122e-05 -0.000314398 7.87545e-06 5.49122e-05 0.00916528 -0.0168876 5.41914e-05 -0.000314398 -0.0168876 0.0835909 
0.00925504 -0.0169349 2.90667e-05 4.39524e-05 -0.0169349 0.0834279 4.95479e-05 -0.000317013 2.90667e-05 4.95479e-05 0.00917203 -0.0169011 4.39524e-05 -0.000317013 -0.0169011 0.0836307 
0.00921671 -0.0168948 4.64427e-05 1.09943e-05 -0.0168948 0.0832967 1.9858e-05 -0.000257959 4.64427e-05 1.9858e-05 0.00919224 -0.0168987 1.09943e-05 -0.000257959 -0.0168987 0.0836139 
0.00921146 -0.0168698 5.49461e-05 -1.29424e-05 -0.0168698 0.0832778 -2.43753e-06 -0.000190893 5.49461e-05 -2.43753e-06 0.0092104 -0.0169399 -1.29424e-05 -0.000190893 -0.0169399 0.0837296 
0.00922218 -0.0168521 4.88325e-05 -2.14197e-05 -0.0168521 0.0832127 -1.40688e-05 -0.00014822 4.88325e-05 -1.40688e-05 0.00919568 -0.0169536 -2.14197e-05 -0.00014822 -0.0169536 0.0837739 
0.00919676 -0.0168382 3.57757e-05 -1.30286e-05 -0.0168382 0.0830892 -8.43287e-06 -0.000143742 3.57757e-05 -8.43287e-06 0.00919648 -0.0169162 -1.30286e-05 -0.000143742 -0.0169162 0.08366 
0.00917382 -0.01678 1.95287e-05 4.71611e-06 -0.01678 0.0828499 8.08071e-06 -0.000172691 1.95287e-05 8.08071e-06 0.00917246 -0.0168828 4.71611e-06 -0.000172691 -0.0168828 0.0834412 
0.00917877 -0.0167792 1.13255e-06 2.81422e-05 -0.0167792 0.0828274 2.96665e-05 -0.000225439 1.13255e-06 2.96665e-05 0.00915746 -0.0168809 2.81422e-05 -0.000225439 -0.0168809 0.0834344 
0.00913339 -0.0167303 5.34592e-06 5.36229e-05 -0.0167303 0.0825508 5.27716e-05 -0.000287006 5.34592e-06 5.27716e-05 0.00914037 -0.0168007 5.36229e-05 -0.000287006 -0.0168007 0.0831021 
0.00910923 -0.0166928 2.75502e-05 5.1865e-05 -0.0166928 0.0824273 4.84863e-05 -0.000311382 2.75502e-05 4.84863e-05 0.00914071 -0.0167963 5.1865e-05 -0.000311382 -0.0167963 0.0829962 
0.009099 -0.0166803 4.06076e-05 2.59799e-05 -0.0166803 0.082412 2.16433e-05 -0.000277083 4.06076e-05 2.16433e-05 0.00915414 -0.016824 2.59799e-05 -0.000277083 -0.016824 0.0830738 
0.00910559 -0.0166924 3.74425e-05 4.94768e-06 -0.0166924 0.0825072 3.27706e-06 -0.000223026 3.74425e-05 3.27706e-06 0.00917083 -0.0168667 4.94768e-06 -0.000223026 -0.0168667 0.0832608 
0.00909788 -0.0166487 3.69279e-05 2.85695e-06 -0.0166487 0.0823097 3.80431e-06 -0.000194035 3.69279e-05 3.80431e-06 0.00913159 -0.0168336 2.85695e-06 -0.000194035 -0.0168336 0.0831153 
0.00910522 -0.0166399 4.05713e-05 3.53589e-06 -0.0166399 0.0822078 6.14265e-06 -0.000188507 4.05713e-05 6.14265e-06 0.00908895 -0.016781 3.53589e-06 -0.000188507 -0.016781 0.0829548 
0.00913711 -0.0166872 5.44861e-05 -3.20549e-08 -0.0166872 0.0823525 3.65072e-06 -0.000183458 5.44861e-05 3.65072e-06 0.00906914 -0.0167525 -3.20549e-08 -0.000183458 -0.0167525 0.0829298 
0.0091441 -0.0167243 4.90529e-05 -1.94663e-05 -0.0167243 0.0824618 -1.73734e-05 -0.000145356 4.90529e-05 -1.73734e-05 0.00906068 -0.0167153 -1.94663e-05 -0.000145356 -0.0167153 0.0828311 
0.00913572 -0.016732 4.70977e-05 -1.415e-05 -0.016732 0.0825191 -1.38158e-05 -0.00013002 4.70977e-05 -1.38158e-05 0.00906385 -0.0167029 -1.415e-05 -0.00013002 -0.0167029 0.0827658 
0.00912787 -0.0167422 4.58889e-05 -1.37055e-05 -0.0167422 0.0826246 -1.11696e-05 -0.000130556 4.58889e-05 -1.11696e-05 0.00907636 -0.016726 -1.37055e-05 -0.000130556 -0.016726 0.0828499 
0.00910178 -0.0166971 2.94291e-05 -1.6101e-05 -0.0166971 0.0824838 -7.18405e-06 -0.000130362 2.94291e-05 -7.18405e-06 0.00907705 -0.0167069 -1.6101e-05 -0.000130362 -0.0167069 0.0827454 
0.00906936 -0.0166176 1.30939e-05 2.3139e-06 -0.0166176 0.0821393 1.51594e-05 -0.000160696 1.30939e-05 1.51594e-05 0.00905658 -0.0166601 2.3139e-06 -0.000160696 -0.0166601 0.0824661 
0.00907226 -0.0166098 6.12799e-06 2.55282e-05 -0.0166098 0.0820794 3.71378e-05 -0.000215698 6.12799e-06 3.71378e-05 0.00905756 -0.0166676 2.55282e-05 -0.000215698 -0.0166676 0.0824581 
0.00909231 -0.016627 -1.10994e-06 4.0301e-05 -0.016627 0.0821276 4.69639e-05 -0.000262262 -1.10994e-06 4.69639e-05 0.00905015 -0.0166841 4.0301e-05 -0.000262262 -0.0166841 0.0825241 
0.00908827 -0.0166491 4.45614e-06 5.26869e-05 -0.0166491 0.0821668 5.85482e-05 -0.000302878 4.45614e-06 5.85482e-05 0.00905528 -0.0166672 5.26869e-05 -0.000302878 -0.0166672 0.0825 
0.00910359 -0.0166531 1.23038e-05 4.79704e-05 -0.0166531 0.0822154 5.6074e-05 -0.000319053 1.23038e-05 5.6074e-05 0.00903854 -0.0166762 4.79704e-05 -0.000319053 -0.0166762 0.0825131 
0.00911013 -0.0166566 1.20083e-05 4.02217e-05 -0.0166566 0.0821885 4.76128e-05 -0.000312085 1.20083e-05 4.76128e-05 0.00901998 -0.0166444 4.02217e-05 -0.000312085 -0.0166444 0.0824295 
0.00910983 -0.0166982 3.23074e-05 4.15904e-05 -0.0166982 0.0823547 4.38588e-05 -0.000304941 3.23074e-05 4.38588e-05 0.00905516 -0.0166543 4.15904e-05 -0.000304941 -0.0166543 0.082515 
0.00911048 -0.0167086 4.11137e-05 1.87516e-05 -0.0167086 0.0824885 1.73267e-05 -0.000267433 4.11137e-05 1.73267e-05 0.00909049 -0.0167121 1.87516e-05 -0.000267433 -0.0167121 0.082692 
0.00913587 -0.0167384 4.09923e-05 4.6204e-06 -0.0167384 0.0826943 4.1651e-06 -0.000223106 4.09923e-05 4.1651e-06 0.00911787 -0.0167929 4.6204e-06 -0.000223106 -0.0167929 0.0830232 
0.00913255 -0.0167377 2.98495e-05 4.03897e-06 -0.0167377 0.0826915 3.34003e-06 -0.000203823 2.98495e-05 3.34003e-06 0.00913179 -0.0168046 4.03897e-06 -0.000203823 -0.0168046 0.0831075 
0.00913685 -0.0167438 3.47348e-05 1.60698e-05 -0.0167438 0.0827331 1.384e-05 -0.00021282 3.47348e-05 1.384e-05 0.00914712 -0.016825 1.60698e-05 -0.00021282 -0.016825 0.0831936 
0.00914486 -0.0167284 3.32845e-05 1.2588e-05 -0.0167284 0.0826601 9.09011e-06 -0.000215508 3.32845e-05 9.09011e-06 0.009125 -0.0168223 1.2588e-05 -0.000215508 -0.0168223 0.0831587 
0.00917724 -0.0167699 2.47314e-05 1.3703e-05 -0.0167699 0.0828067 9.53325e-06 -0.000213233 2.47314e-05 9.53325e-06 0.00911061 -0.0168323 1.3703e-05 -0.000213233 -0.0168323 0.0832795 
0.00916643 -0.0167261 1.58632e-05 2.55647e-05 -0.0167261 0.082524 1.89656e-05 -0.000228056 1.58632e-05 1.89656e-05 0.00904713 -0.0167281 2.55647e-05 -0.000228056 -0.0167281 0.0828791 
0.00914826 -0.0167154 9.19583e-06 3.56109e-05 -0.0167154 0.0823776 2.73106e-05 -0.00024798 9.19583e-06 2.73106e-05 0.00901641 -0.0166421 3.56109e-05 -0.00024798 -0.0166421 0.0825498 
0.00915676 -0.0167101 6.75539e-06 4.49177e-05 -0.0167101 0.0823458 3.65848e-05 -0.000270898 6.75539e-06 3.65848e-05 0.00898495 -0.0166094 4.49177e-05 -0.000270898 -0.0166094 0.0823815 
0.00915345 -0.0167316 9.43025e-06 4.67056e-05 -0.0167316 0.0823968 4.20549e-05 -0.00028676 9.43025e-06 4.20549e-05 0.00898024 -0.0165829 4.67056e-05 -0.00028676 -0.0165829 0.0823082 
0.00914614 -0.0167326 1.98092e-05 4.2809e-05 -0.0167326 0.0824355 4.27273e-05 -0.000292219 1.98092e-05 4.27273e-05 0.00898815 -0.0165811 4.2809e-05 -0.000292219 -0.0165811 0.0822847 
0.00910393 -0.016696 3.2051e-05 2.8089e-05 -0.016696 0.082295 2.75143e-05 -0.000266799 3.2051e-05 2.75143e-05 0.00900018 -0.0165594 2.8089e-05 -0.000266799 -0.0165594 0.0821445 
0.00968847 -0.0177881 4.58664e-05 1.0838e-05 -0.0177881 0.0877877 9.38529e-06 -0.000235738 4.58664e-05 9.38529e-06 0.00964033 -0.0177076 1.0838e-05 -0.000235738 -0.0177076 0.0877261 
0.00967575 -0.0177395 4.24735e-05 -4.4997e-06 -0.0177395 0.0876534 -6.56981e-06 -0.000188608 4.24735e-05 -6.56981e-06 0.0096347 -0.0177488 -4.4997e-06 -0.000188608 -0.0177488 0.0877973 
0.00966688 -0.0177112 3.32736e-05 5.39829e-07 -0.0177112 0.0875126 -3.54153e-06 -0.00017435 3.32736e-05 -3.54153e-06 0.00961934 -0.0177372 5.39829e-07 -0.00017435 -0.0177372 0.0877833 
0.00964139 -0.0176499 4.03512e-05 1.21482e-05 -0.0176499 0.087191 4.54923e-06 -0.000183871 4.03512e-05 4.54923e-06 0.0095779 -0.0176661 1.21482e-05 -0.000183871 -0.0176661 0.0874819 
0.00962405 -0.0176268 4.9199e-05 -5.80428e-07 -0.0176268 0.087034 -9.00329e-06 -0.000163701 4.9199e-05 -9.00329e-06 0.00955005 -0.0176182 -5.80428e-07 -0.000163701 -0.0176182 0.0872839 
0.00960514 -0.0176183 3.69515e-05 -1.72885e-05 -0.0176183 0.0869891 -2.0988e-05 -0.000123711 3.69515e-05 -2.0988e-05 0.00954445 -0.0175926 -1.72885e-05 -0.000123711 -0.0175926 0.0871868 
0.00957723 -0.0175866 2.25725e-05 -4.91816e-06 -0.0175866 0.0868902 -6.07623e-06 -0.000124505 2.25725e-05 -6.07623e-06 0.00954561 -0.0175767 -4.91816e-06 -0.000124505 -0.0175767 0.0870863 
0.0095615 -0.0175755 1.3199e-05 1.35063e-05 -0.0175755 0.0869031 1.51052e-05 -0.000163206 1.3199e-05 1.51052e-05 0.00957103 -0.0176026 1.35063e-05 -0.000163206 -0.0176026 0.0871658 
0.00957422 -0.0175617 1.5648e-05 2.38243e-05 -0.0175617 0.0869117 2.89982e-05 -0.000199595 1.5648e-05 2.89982e-05 0.00958224 -0.0176452 2.38243e-05 -0.000199595 -0.0176452 0.087301 
0.00960002 -0.0175947 1.77678e-05 2.36017e-05 -0.0175947 0.0870325 3.06733e-05 -0.000220188 1.77678e-05 3.06733e-05 0.00959404 -0.0176819 2.36017e-05 -0.000220188 -0.0176819 0.0874893 
0.00963539 -0.0176537 2.11689e-05 2.40403e-05 -0.0176537 0.0872742 3.00186e-05 -0.000228802 2.11689e-05 3.00186e-05 0.00960773 -0.0177202 2.40403e-05 -0.000228802 -0.0177202 0.0877146 
0.00965785 -0.0177062 9.19867e-06 1.94276e-05 -0.0177062 0.0875042 2.23226e-05 -0.00021948 9.19867e-06 2.23226e-05 0.009632 -0.0177508 1.94276e-05 -0.00021948 -0.0177508 0.0879027 
0.00905257 -0.0165734 7.71833e-06 3.11826e-05 -0.0165734 0.0819157 2.68358e-05 -0.000209393 7.71833e-06 2.68358e-05 0.00900457 -0.0166162 3.11826e-05 -0.000209393 -0.0166162 0.0822734 
0.00907486 -0.0165995 5.588e-06 3.49885e-05 -0.0165995 0.0819972 2.42926e-05 -0.000213851 5.588e-06 2.42926e-05 0.00900327 -0.0166162 3.49885e-05 -0.000213851 -0.0166162 0.0823204 
0.00910332 -0.0166497 8.42628e-06 3.93688e-05 -0.0166497 0.0821898 2.87739e-05 -0.000222133 8.42628e-06 2.87739e-05 0.00901338 -0.0166346 3.93688e-05 -0.000222133 -0.0166346 0.0824433 
0.00910941 -0.0166977 9.60611e-06 3.8123e-05 -0.0166977 0.0823824 3.25027e-05 -0.000233924 9.60611e-06 3.25027e-05 0.00903996 -0.0166481 3.8123e-05 -0.000233924 -0.0166481 0.0825384 
0.00912921 -0.0167337 4.23423e-06 3.49635e-05 -0.0167337 0.0826267 3.54592e-05 -0.00024121 4.23423e-06 3.54592e-05 0.00907005 -0.0167123 3.49635e-05 -0.00024121 -0.0167123 0.0827901 
0.00911906 -0.0166978 2.40282e-06 3.85138e-05 -0.0166978 0.0824915 4.17434e-05 -0.00024905 2.40282e-06 4.17434e-05 0.00906789 -0.0167052 3.85138e-05 -0.00024905 -0.0167052 0.0827321 
0.00911464 -0.0166697 7.02448e-06 4.07413e-05 -0.0166697 0.0823459 4.38057e-05 -0.000256818 7.02448e-06 4.38057e-05 0.00906134 -0.0166995 4.07413e-05 -0.000256818 -0.0166995 0.0826775 
0.00909704 -0.0166151 1.11336e-05 3.449e-05 -0.0166151 0.0820305 3.78506e-05 -0.000250953 1.11336e-05 3.78506e-05 0.0090278 -0.0166441 3.449e-05 -0.000250953 -0.0166441 0.0824003 
0.00974283 -0.0177801 1.47571e-05 2.74413e-05 -0.0177801 0.0877038 3.2574e-05 -0.000246676 1.47571e-05 3.2574e-05 0.00964207 -0.0177913 2.74413e-05 -0.000246676 -0.0177913 0.0880846 
0.00912174 -0.0166489 2.16175e-05 2.42649e-05 -0.0166489 0.0820489 2.95841e-05 -0.000224297 2.16175e-05 2.95841e-05 0.00899867 -0.0166222 2.42649e-05 -0.000224297 -0.0166222 0.0823278 
0.00913307 -0.0166908 2.30188e-05 1.65606e-05 -0.0166908 0.0822179 2.08575e-05 -0.000212087 2.30188e-05 2.08575e-05 0.00900383 -0.0166253 1.65606e-05 -0.000212087 -0.0166253 0.0823945 
0.00913782 -0.016723 3.38657e-05 2.01183e-05 -0.016723 0.0823953 2.15759e-05 -0.000215002 3.38657e-05 2.15759e-05 0.00901803 -0.0166421 2.01183e-05 -0.000215002 -0.0166421 0.0824963 
0.00912725 -0.0166995 2.70646e-05 1.09496e-05 -0.0166995 0.082336 9.69062e-06 -0.000206546 2.70646e-05 9.69062e-06 0.00900772 -0.0166276 1.09496e-05 -0.000206546 -0.0166276 0.0824184 
0.00915015 -0.0167045 2.33655e-05 1.96885e-05 -0.0167045 0.0823749 1.715e-05 -0.000213728 2.33655e-05 1.715e-05 0.00899424 -0.0166299 1.96885e-05 -0.000213728 -0.0166299 0.0824468 
0.00914661 -0.0167181 3.76045e-05 2.42844e-05 -0.0167181 0.0823689 2.51679e-05 -0.000233066 3.76045e-05 2.51679e-05 0.0089915 -0.016598 2.42844e-05 -0.000233066 -0.016598 0.0823611 
0.0091118 -0.0167113 4.03005e-05 3.96819e-06 -0.0167113 0.0823409 1.05946e-05 -0.000214839 4.03005e-05 1.05946e-05 0.0090151 -0.0165813 3.96819e-06 -0.000214839 -0.0165813 0.0822605 
0.00908232 -0.016669 3.12447e-05 -2.99069e-06 -0.016669 0.082252 7.25486e-06 -0.000193282 3.12447e-05 7.25486e-06 0.00903364 -0.0166024 -2.99069e-06 -0.000193282 -0.0166024 0.0822341 
0.00905118 -0.0166303 3.70344e-05 9.36685e-06 -0.0166303 0.0821405 1.94314e-05 -0.000206402 3.70344e-05 1.94314e-05 0.00906133 -0.0166252 9.36685e-06 -0.000206402 -0.0166252 0.0822587 
0.00906047 -0.0166187 3.94606e-05 4.62741e-06 -0.0166187 0.0821718 1.20275e-05 -0.00020823 3.94606e-05 1.20275e-05 0.00907422 -0.0166936 4.62741e-06 -0.00020823 -0.0166936 0.0824777 
0.0090801 -0.0166342 2.54688e-05 2.91998e-07 -0.0166342 0.0822367 6.44865e-06 -0.000196318 2.54688e-05 6.44865e-06 0.00907391 -0.0167225 2.91998e-07 -0.000196318 -0.0167225 0.0826536 
0.00910471 -0.0166283 1.60655e-05 1.73404e-05 -0.0166283 0.0821617 2.3366e-05 -0.00021586 1.60655e-05 2.3366e-05 0.00903911 -0.0166897 1.73404e-05 -0.00021586 -0.0166897 0.0825661 
0.00910899 -0.0166521 6.79385e-06 3.52615e-05 -0.0166521 0.0821446 3.66269e-05 -0.000258396 6.79385e-06 3.66269e-05 0.00901721 -0.0166371 3.52615e-05 -0.000258396 -0.0166371 0.0824138 
0.00911369 -0.0166841 1.92432e-05 5.13635e-05 -0.0166841 0.0822654 4.57099e-05 -0.000297173 1.92432e-05 4.57099e-05 0.00901986 -0.0166242 5.13635e-05 -0.000297173 -0.0166242 0.0823828 
0.00908692 -0.016686 2.14867e-05 3.69956e-05 -0.016686 0.0823009 2.9022e-05 -0.000288284 2.14867e-05 2.9022e-05 0.00905046 -0.0166214 3.69956e-05 -0.000288284 -0.0166214 0.0823511 
0.00906457 -0.0166461 2.39736e-05 2.67696e-05 -0.0166461 0.082228 2.49267e-05 -0.000262374 2.39736e-05 2.49267e-05 0.00906903 -0.0166542 2.67696e-05 -0.000262374 -0.0166542 0.0823736 
0.00907768 -0.0166421 2.67933e-05 2.15278e-05 -0.0166421 0.0822648 2.47288e-05 -0.000249048 2.67933e-05 2.47288e-05 0.00908143 -0.0167038 2.15278e-05 -0.000249048 -0.0167038 0.0825538 
0.00908363 -0.0166394 3.36203e-05 1.62797e-05 -0.0166394 0.0822183 2.48137e-05 -0.000241424 3.36203e-05 2.48137e-05 0.00907481 -0.0167005 1.62797e-05 -0.000241424 -0.0167005 0.0825635 
0.00912506 -0.0166789 5.35219e-05 9.48396e-06 -0.0166789 0.0823759 1.98394e-05 -0.00023291 5.35219e-05 1.98394e-05 0.00908287 -0.0167298 9.48396e-06 -0.00023291 -0.0167298 0.0827244 
0.00916394 -0.0167859 5.20938e-05 -1.19398e-05 -0.0167859 0.0828034 -6.25552e-06 -0.00019371 5.20938e-05 -6.25552e-06 0.0091307 -0.0167962 -1.19398e-05 -0.00019371 -0.0167962 0.0830881 
0.0091789 -0.016813 5.56529e-05 -6.64389e-06 -0.016813 0.0829735 -8.0098e-06 -0.000177525 5.56529e-05 -8.0098e-06 0.00914009 -0.016835 -6.64389e-06 -0.000177525 -0.016835 0.0832447 
0.00916179 -0.0168067 5.23501e-05 -8.53772e-06 -0.0168067 0.082969 -1.24523e-05 -0.000172006 5.23501e-05 -1.24523e-05 0.00914919 -0.0168371 -8.53772e-06 -0.000172006 -0.0168371 0.0832778 
0.00913874 -0.0167718 4.33612e-05 -4.85021e-06 -0.0167718 0.0828706 -5.95112e-06 -0.000179422 4.33612e-05 -5.95112e-06 0.00916153 -0.0168366 -4.85021e-06 -0.000179422 -0.0168366 0.0832534 
0.00915349 -0.0167728 3.11714e-05 5.07385e-06 -0.0167728 0.0829321 4.89399e-06 -0.00019811 3.11714e-05 4.89399e-06 0.00917742 -0.0168837 5.07385e-06 -0.00019811 -0.0168837 0.0834272 
0.00918771 -0.0167917 2.08523e-05 2.29632e-05 -0.0167917 0.0829957 1.82998e-05 -0.000233126 2.08523e-05 1.82998e-05 0.00916871 -0.0169061 2.29632e-05 -0.000233126 -0.0169061 0.0835511 
0.00923053 -0.0168477 1.02536e-05 3.89111e-05 -0.0168477 0.0831628 3.4314e-05 -0.000277408 1.02536e-05 3.4314e-05 0.0091487 -0.0169048 3.89111e-05 -0.000277408 -0.0169048 0.0836401 
0.00923347 -0.0168738 1.36524e-05 5.10458e-05 -0.0168738 0.083188 4.9389e-05 -0.000317184 1.36524e-05 4.9389e-05 0.00913267 -0.0168459 5.10458e-05 -0.000317184 -0.0168459 0.0834791 
0.00921694 -0.0168267 2.28992e-05 4.63051e-05 -0.0168267 0.08295 4.46186e-05 -0.000325511 2.28992e-05 4.46186e-05 0.00908946 -0.016766 4.63051e-05 -0.000325511 -0.016766 0.0830914 
0.00918079 -0.016799 3.10005e-05 3.42367e-05 -0.016799 0.0827648 3.03876e-05 -0.00030208 3.10005e-05 3.03876e-05 0.00908546 -0.0167062 3.42367e-05 -0.00030208 -0.0167062 0.0828042 
0.00913409 -0.0167727 4.6019e-05 2.29698e-05 -0.0167727 0.0826946 1.73027e-05 -0.000270033 4.6019e-05 1.73027e-05 0.0091184 -0.0167195 2.29698e-05 -0.000270033 -0.0167195 0.0827536 
0.00911479 -0.0167556 3.77524e-05 2.3897e-06 -0.0167556 0.082776 -1.20305e-06 -0.000225638 3.77524e-05 -1.20305e-06 0.00916993 -0.0168155 2.3897e-06 -0.000225638 -0.0168155 0.0830526 
0.00911749 -0.0167116 2.85057e-05 6.95134e-06 -0.0167116 0.0826808 1.03292e-05 -0.000214631 2.85057e-05 1.03292e-05 0.00918311 -0.0168695 6.95134e-06 -0.000214631 -0.0168695 0.0832282 
0.00916022 -0.0167413 2.98914e-05 1.93446e-05 -0.0167413 0.0827874 2.64511e-05 -0.000242115 2.98914e-05 2.64511e-05 0.00918459 -0.0169216 1.93446e-05 -0.000242115 -0.0169216 0.0834946 
0.00915559 -0.0167634 3.77407e-05 1.99188e-05 -0.0167634 0.0827764 2.67163e-05 -0.000259162 3.77407e-05 2.67163e-05 0.00917777 -0.0168911 1.99188e-05 -0.000259162 -0.0168911 0.083452 
0.00916995 -0.0167817 4.19874e-05 1.29617e-05 -0.0167817 0.0828771 1.71814e-05 -0.000252821 4.19874e-05 1.71814e-05 0.00916141 -0.0168967 1.29617e-05 -0.000252821 -0.0168967 0.0834919 
0.00913496 -0.0167679 3.13251e-05 7.69924e-06 -0.0167679 0.0827784 1.30987e-05 -0.000241462 3.13251e-05 1.30987e-05 0.00914499 -0.0168304 7.69924e-06 -0.000241462 -0.0168304 0.083272 
0.00909844 -0.0167011 1.65436e-05 1.66159e-05 -0.0167011 0.0825399 2.60754e-05 -0.000250553 1.65436e-05 2.60754e-05 0.00911766 -0.0167736 1.66159e-05 -0.000250553 -0.0167736 0.0829737 
0.00909066 -0.0166768 9.89434e-06 3.15857e-05 -0.0166768 0.0824615 4.06551e-05 -0.000276109 9.89434e-06 4.06551e-05 0.00910521 -0.0167575 3.15857e-05 -0.000276109 -0.0167575 0.0828876 
0.00906187 -0.0166287 1.8773e-05 4.10415e-05 -0.0166287 0.082231 4.48682e-05 -0.000295417 1.8773e-05 4.48682e-05 0.00908323 -0.0167085 4.10415e-05 -0.000295417 -0.0167085 0.0826571 
0.00906069 -0.0165784 3.54294e-05 2.94756e-05 -0.0165784 0.0820063 2.90557e-05 -0.000276301 3.54294e-05 2.90557e-05 0.0090501 -0.016674 2.94756e-05 -0.000276301 -0.016674 0.0824635 
0.00906836 -0.016619 2.36112e-05 8.08479e-06 -0.016619 0.0821062 7.9826e-06 -0.000229848 2.36112e-05 7.9826e-06 0.00905882 -0.0166753 8.08479e-06 -0.000229848 -0.0166753 0.0825199 
0.00908611 -0.0166471 1.51358e-05 2.14944e-05 -0.0166471 0.0822511 2.22156e-05 -0.000227975 1.51358e-05 2.22156e-05 0.00906937 -0.0166955 2.14944e-05 -0.000227975 -0.0166955 0.0826139 
0.00907961 -0.0166518 8.19334e-06 3.70241e-05 -0.0166518 0.0822523 3.95712e-05 -0.000266899 8.19334e-06 3.95712e-05 0.00907792 -0.0166813 3.70241e-05 -0.000266899 -0.0166813 0.0825521 
0.00907782 -0.0166258 4.58743e-06 4.65408e-05 -0.0166258 0.0821427 5.2622e-05 -0.00030495 4.58743e-06 5.2622e-05 0.00906409 -0.0166688 4.65408e-05 -0.00030495 -0.0166688 0.0824276 
0.00911418 -0.0166807 8.23994e-06 5.14131e-05 -0.0166807 0.0823764 5.9722e-05 -0.00033232 8.23994e-06 5.9722e-05 0.00908169 -0.01672 5.14131e-05 -0.00033232 -0.01672 0.0826701 
0.00914734 -0.0167449 9.44015e-06 4.72856e-05 -0.0167449 0.0826529 5.57094e-05 -0.00033789 9.44015e-06 5.57094e-05 0.00909803 -0.0167653 4.72856e-05 -0.00033789 -0.0167653 0.0829229 
0.00916318 -0.016763 2.28391e-05 4.49073e-05 -0.016763 0.0827279 5.04422e-05 -0.000329556 2.28391e-05 5.04422e-05 0.00910453 -0.0167618 4.49073e-05 -0.000329556 -0.0167618 0.08295 
0.00920357 -0.0168028 3.10186e-05 3.31606e-05 -0.0168028 0.0828931 3.26381e-05 -0.000306668 3.10186e-05 3.26381e-05 0.00911009 -0.0167903 3.31606e-05 -0.000306668 -0.0167903 0.0830767 
0.0092666 -0.0168994 3.18348e-05 2.60365e-05 -0.0168994 0.0832792 2.0794e-05 -0.000281667 3.18348e-05 2.0794e-05 0.00911786 -0.0168493 2.60365e-05 -0.000281667 -0.0168493 0.0833997 
0.0093011 -0.0169714 2.71956e-05 2.57652e-05 -0.0169714 0.0835461 1.79667e-05 -0.00026966 2.71956e-05 1.79667e-05 0.00912429 -0.0168514 2.57652e-05 -0.00026966 -0.0168514 0.0835281 
0.00928717 -0.0169626 2.49815e-05 3.23374e-05 -0.0169626 0.0834818 2.62113e-05 -0.000279776 2.49815e-05 2.62113e-05 0.00910833 -0.0168059 3.23374e-05 -0.000279776 -0.0168059 0.0833418 
0.00926834 -0.0169335 2.20739e-05 3.48912e-05 -0.0169335 0.0833561 3.0943e-05 -0.000293414 2.20739e-05 3.0943e-05 0.00910403 -0.0167677 3.48912e-05 -0.000293414 -0.0167677 0.0831491 
0.00922211 -0.0168945 1.53482e-05 3.8998e-05 -0.0168945 0.0831798 3.77902e-05 -0.000309655 1.53482e-05 3.77902e-05 0.0091207 -0.0167469 3.8998e-05 -0.000309655 -0.0167469 0.0829798 
0.00917547 -0.0168219 8.00232e-06 4.81299e-05 -0.0168219 0.0829304 4.85081e-05 -0.000334136 8.00232e-06 4.85081e-05 0.00912939 -0.0167544 4.81299e-05 -0.000334136 -0.0167544 0.0828663 
0.00914547 -0.0167635 4.04405e-06 5.76945e-05 -0.0167635 0.0827176 5.87826e-05 -0.000362928 4.04405e-06 5.87826e-05 0.00913101 -0.0167654 5.76945e-05 -0.000362928 -0.0167654 0.0828297 
0.00915105 -0.016771 1.69606e-05 6.2451e-05 -0.016771 0.0827891 6.1584e-05 -0.000379651 1.69606e-05 6.1584e-05 0.00915558 -0.0168178 6.2451e-05 -0.000379651 -0.0168178 0.0830494 
0.00917584 -0.0168145 2.38394e-05 4.80389e-05 -0.0168145 0.0830233 4.76669e-05 -0.000366337 2.38394e-05 4.76669e-05 0.00918722 -0.0168902 4.80389e-05 -0.000366337 -0.0168902 0.0833894 
0.00919154 -0.0168062 3.23435e-05 3.512e-05 -0.0168062 0.0829892 3.8276e-05 -0.000335598 3.23435e-05 3.8276e-05 0.00917785 -0.0168907 3.512e-05 -0.000335598 -0.0168907 0.0834107 
0.00921751 -0.0168273 3.13918e-05 2.46587e-05 -0.0168273 0.0830232 3.3343e-05 -0.000315905 3.13918e-05 3.3343e-05 0.00915864 -0.0168864 2.46587e-05 -0.000315905 -0.0168864 0.0834305 
0.00922587 -0.0168702 1.06177e-05 2.6589e-05 -0.0168702 0.0831428 3.78563e-05 -0.000315329 1.06177e-05 3.78563e-05 0.00915933 -0.0168732 2.6589e-05 -0.000315329 -0.0168732 0.0834506 
0.00917429 -0.0168046 3.20862e-06 5.20557e-05 -0.0168046 0.0828418 6.03933e-05 -0.000352158 3.20862e-06 6.03933e-05 0.00913806 -0.0167969 5.20557e-05 -0.000352158 -0.0167969 0.0830831 
0.00917374 -0.0168077 1.32273e-05 6.78386e-05 -0.0168077 0.0829201 6.94413e-05 -0.000397364 1.32273e-05 6.94413e-05 0.00915329 -0.0168317 6.78386e-05 -0.000397364 -0.0168317 0.0831868 
0.00914598 -0.0167784 2.4176e-05 5.43251e-05 -0.0167784 0.0828047 5.43326e-05 -0.000389339 2.4176e-05 5.43326e-05 0.00916105 -0.0168148 5.43251e-05 -0.000389339 -0.0168148 0.0830995 
0.00916724 -0.0168169 1.53804e-05 3.94332e-05 -0.0168169 0.0830541 4.05126e-05 -0.000358664 1.53804e-05 4.05126e-05 0.00920125 -0.0168909 3.94332e-05 -0.000358664 -0.0168909 0.0834079 
0.00922071 -0.0169005 1.48251e-05 4.61687e-05 -0.0169005 0.0834932 5.00309e-05 -0.000354226 1.48251e-05 5.00309e-05 0.00924746 -0.0169948 4.61687e-05 -0.000354226 -0.0169948 0.0838994 
0.00927812 -0.0169732 1.14763e-05 4.70802e-05 -0.0169732 0.0838337 5.35011e-05 -0.000363084 1.14763e-05 5.35011e-05 0.0092707 -0.0170538 4.70802e-05 -0.000363084 -0.0170538 0.0842305 
0.00931839 -0.017033 1.81864e-05 5.41461e-05 -0.017033 0.084055 5.55607e-05 -0.000374194 1.81864e-05 5.55607e-05 0.00927636 -0.0170737 5.41461e-05 -0.000374194 -0.0170737 0.0843809 
0.00934154 -0.0170943 2.23525e-05 5.35667e-05 -0.0170943 0.0842974 4.67096e-05 -0.000377119 2.23525e-05 4.67096e-05 0.00930851 -0.0170963 5.35667e-05 -0.000377119 -0.0170963 0.0845337 
0.00934256 -0.0170911 3.24994e-05 5.07935e-05 -0.0170911 0.0843014 3.92643e-05 -0.000368012 3.24994e-05 3.92643e-05 0.00932198 -0.0171094 5.07935e-05 -0.000368012 -0.0171094 0.0845344 
0.0093621 -0.0171172 3.94804e-05 3.94275e-05 -0.0171172 0.084432 3.02734e-05 -0.000352661 3.94804e-05 3.02734e-05 0.0093373 -0.017163 3.94275e-05 -0.000352661 -0.017163 0.0847352 
