0.00659711 0 9.25205e-06 0 0 0.00939186 0 0 9.25205e-06 0 0.00667535 0 0 0 0 0.00939186 
0.0096669 -0.0119995 -1.36429e-05 1.95497e-05 -0.0119995 0.0319213 1.95497e-05 -3.73973e-05 -1.36429e-05 1.95497e-05 0.00978621 -0.0121467 1.95497e-05 -3.73973e-05 -0.0121467 0.0322037 
0.00914751 -0.0170096 -3.25175e-05 0.000112833 -0.0170096 0.0627514 0.000112833 -0.000386048 -3.25175e-05 0.000112833 0.00919664 -0.0172076 0.000112833 -0.000386048 -0.0172076 0.0633876 
0.00862928 -0.0166273 -2.72366e-05 0.000198483 -0.0166273 0.0745528 0.000199074 -0.000983504 -2.72366e-05 0.000199074 0.00862922 -0.0167358 0.000198483 -0.000983504 -0.0167358 0.075166 
0.00909797 -0.0170232 4.12351e-06 0.000182661 -0.0170232 0.0820568 0.000184766 -0.00122837 4.12351e-06 0.000184766 0.00910116 -0.0170568 0.000182661 -0.00122837 -0.0170568 0.0824852 
0.00888253 -0.0163288 4.7287e-05 9.4965e-05 -0.0163288 0.0801825 9.83032e-05 -0.000922302 4.7287e-05 9.83032e-05 0.00887092 -0.0163518 9.4965e-05 -0.000922302 -0.0163518 0.0804388 
0.00937374 -0.0171528 6.74838e-05 2.24795e-05 -0.0171528 0.0844905 2.41461e-05 -0.000613036 6.74838e-05 2.41461e-05 0.00932291 -0.0171513 2.24795e-05 -0.000613036 -0.0171513 0.0846369 
0.0091208 -0.0166842 7.40337e-05 -7.65046e-06 -0.0166842 0.0822376 -9.38714e-06 -0.000366578 7.40337e-05 -9.38714e-06 0.00906142 -0.0166279 -7.65046e-06 -0.000366578 -0.0166279 0.0822262 
0.00961514 -0.017581 6.57834e-05 -1.22242e-05 -0.017581 0.0866965 -1.67656e-05 -0.000288519 6.57834e-05 -1.67656e-05 0.0095586 -0.0175065 -1.22242e-05 -0.000288519 -0.0175065 0.0865814 
0.0094367 -0.0173195 3.81556e-05 6.75293e-06 -0.0173195 0.085396 4.64592e-06 -0.000289421 3.81556e-05 4.64592e-06 0.00945031 -0.017255 6.75293e-06 -0.000289421 -0.017255 0.0852629 
0.00934293 -0.0171288 2.20193e-05 4.2675e-05 -0.0171288 0.084583 4.59257e-05 -0.000366081 2.20193e-05 4.59257e-05 0.00938554 -0.017157 4.2675e-05 -0.000366081 -0.017157 0.0846011 
0.00929743 -0.0170235 3.65611e-06 6.44173e-05 -0.0170235 0.0840736 7.03472e-05 -0.000444471 3.65611e-06 7.03472e-05 0.0093341 -0.0171005 6.44173e-05 -0.000444471 -0.0171005 0.0842633 
0.00929433 -0.0170035 -6.2208e-06 8.49202e-05 -0.0170035 0.0839234 9.09058e-05 -0.000504897 -6.2208e-06 9.09058e-05 0.00931139 -0.0170751 8.49202e-05 -0.000504897 -0.0170751 0.0841739 
0.00930007 -0.0170099 -1.11033e-05 9.96386e-05 -0.0170099 0.0838963 0.000102582 -0.00054882 -1.11033e-05 0.000102582 0.00929236 -0.0170546 9.96386e-05 -0.00054882 -0.0170546 0.084115 
0.00931453 -0.0170336 7.03714e-06 0.00010445 -0.0170336 0.0839768 0.000102194 -0.000563898 7.03714e-06 0.000102194 0.00927155 -0.0170517 0.00010445 -0.000563898 -0.0170517 0.084139 
0.00928573 -0.0170173 2.5075e-05 8.42387e-05 -0.0170173 0.0838692 7.64072e-05 -0.000529824 2.5075e-05 7.64072e-05 0.00924439 -0.0169902 8.42387e-05 -0.000529824 -0.0169902 0.0839341 
0.0092524 -0.016958 4.56795e-05 5.81584e-05 -0.016958 0.0836337 4.79552e-05 -0.000460021 4.56795e-05 4.79552e-05 0.00922051 -0.0169227 5.81584e-05 -0.000460021 -0.0169227 0.0836311 
0.00925119 -0.0169789 5.2014e-05 2.89847e-05 -0.0169789 0.083762 1.9297e-05 -0.000380558 5.2014e-05 1.9297e-05 0.00924784 -0.0169536 2.89847e-05 -0.000380558 -0.0169536 0.0837519 
0.00923789 -0.0169463 5.11744e-05 1.41193e-05 -0.0169463 0.0836614 9.34376e-06 -0.00032172 5.11744e-05 9.34376e-06 0.00925255 -0.0169528 1.41193e-05 -0.00032172 -0.0169528 0.0836969 
0.0092623 -0.0169435 5.13795e-05 1.01136e-05 -0.0169435 0.0836585 1.34155e-05 -0.000297908 5.13795e-05 1.34155e-05 0.00924318 -0.0169767 1.01136e-05 -0.000297908 -0.0169767 0.0837644 
0.00930422 -0.0170215 5.48008e-05 1.35384e-05 -0.0170215 0.0839539 1.51842e-05 -0.000298598 5.48008e-05 1.51842e-05 0.00926273 -0.0170249 1.35384e-05 -0.000298598 -0.0170249 0.0840576 
0.00930486 -0.0170655 5.30264e-05 1.67534e-05 -0.0170655 0.0841321 8.83464e-06 -0.000300996 5.30264e-05 8.83464e-06 0.00928446 -0.0170388 1.67534e-05 -0.000300996 -0.0170388 0.0841761 
0.00930878 -0.0170365 5.92033e-05 2.23886e-05 -0.0170365 0.084075 7.38601e-06 -0.000304308 5.92033e-05 7.38601e-06 0.00926745 -0.0170429 2.23886e-05 -0.000304308 -0.0170429 0.0841563 
0.00931202 -0.0170179 6.52364e-05 1.35029e-05 -0.0170179 0.083945 -1.29646e-06 -0.000290582 6.52364e-05 -1.29646e-06 0.00924282 -0.0170069 1.35029e-05 -0.000290582 -0.0170069 0.0840399 
0.0093052 -0.0170136 5.11937e-05 1.35617e-06 -0.0170136 0.0838494 -9.43056e-06 -0.000264714 5.11937e-05 -9.43056e-06 0.00922734 -0.0169632 1.35617e-06 -0.000264714 -0.0169632 0.0838779 
0.00929494 -0.0170175 3.59395e-05 1.47457e-05 -0.0170175 0.0838512 7.36106e-06 -0.000273355 3.59395e-05 7.36106e-06 0.00922021 -0.0169521 1.47457e-05 -0.000273355 -0.0169521 0.0838171 
0.00929634 -0.0170482 2.83256e-05 3.22911e-05 -0.0170482 0.0840381 2.8959e-05 -0.00031298 2.83256e-05 2.8959e-05 0.00924153 -0.0169829 3.22911e-05 -0.00031298 -0.0169829 0.0839789 
0.00925096 -0.0169745 3.74221e-05 4.03425e-05 -0.0169745 0.0837538 4.38033e-05 -0.000349233 3.74221e-05 4.38033e-05 0.00922544 -0.0169337 4.03425e-05 -0.000349233 -0.0169337 0.083725 
0.00923609 -0.0169356 3.85475e-05 3.28642e-05 -0.0169356 0.0836253 3.75215e-05 -0.000357678 3.85475e-05 3.75215e-05 0.00922249 -0.0169347 3.28642e-05 -0.000357678 -0.0169347 0.083681 
0.00924044 -0.0169651 4.39299e-05 3.09407e-05 -0.0169651 0.0837765 3.08932e-05 -0.000348139 4.39299e-05 3.08932e-05 0.00924941 -0.0169794 3.09407e-05 -0.000348139 -0.0169794 0.0838953 
0.00922219 -0.0169174 5.18329e-05 2.1805e-05 -0.0169174 0.0835976 1.95894e-05 -0.000322507 5.18329e-05 1.95894e-05 0.00923309 -0.0169594 2.1805e-05 -0.000322507 -0.0169594 0.0837808 
0.00920915 -0.016876 5.01693e-05 8.48228e-06 -0.016876 0.0833953 7.55656e-06 -0.000286059 5.01693e-05 7.55656e-06 0.0092071 -0.0169226 8.48228e-06 -0.000286059 -0.0169226 0.083615 
0.00919122 -0.0168253 2.92292e-05 1.14223e-05 -0.0168253 0.0831128 8.98337e-06 -0.000273321 2.92292e-05 8.98337e-06 0.00917722 -0.0168585 1.14223e-05 -0.000273321 -0.0168585 0.0833251 
0.00918953 -0.0168273 1.58198e-05 3.9027e-05 -0.0168273 0.0830656 3.38306e-05 -0.000312134 1.58198e-05 3.38306e-05 0.00916822 -0.0168429 3.9027e-05 -0.000312134 -0.0168429 0.0832385 
0.00921733 -0.0168642 1.20077e-05 5.6498e-05 -0.0168642 0.0832211 5.28356e-05 -0.000363552 1.20077e-05 5.28356e-05 0.00917336 -0.0168664 5.6498e-05 -0.000363552 -0.0168664 0.0833532 
0.00926303 -0.016959 6.23467e-06 6.24806e-05 -0.016959 0.0836365 6.36465e-05 -0.000402288 6.23467e-06 6.36465e-05 0.0092108 -0.0169309 6.24806e-05 -0.000402288 -0.0169309 0.0837046 
0.00928957 -0.0169925 1.17311e-06 6.79431e-05 -0.0169925 0.0837975 7.19593e-05 -0.000426351 1.17311e-06 7.19593e-05 0.00921218 -0.0169519 6.79431e-05 -0.000426351 -0.0169519 0.083812 
0.00930278 -0.0170284 -7.75826e-06 7.53223e-05 -0.0170284 0.083941 8.00771e-05 -0.000450012 -7.75826e-06 8.00771e-05 0.00922666 -0.016961 7.53223e-05 -0.000450012 -0.016961 0.0838983 
0.00929263 -0.0169986 3.27184e-06 8.64412e-05 -0.0169986 0.0838049 9.20919e-05 -0.000477603 3.27184e-06 9.20919e-05 0.00921285 -0.0169316 8.64412e-05 -0.000477603 -0.0169316 0.0837362 
0.00926673 -0.0169559 3.13201e-06 7.27597e-05 -0.0169559 0.0835683 7.76122e-05 -0.000468205 3.13201e-06 7.76122e-05 0.00920276 -0.0168819 7.27597e-05 -0.000468205 -0.0168819 0.0834792 
0.00930526 -0.0170479 8.04356e-06 7.32686e-05 -0.0170479 0.0840211 7.66104e-05 -0.000461061 8.04356e-06 7.66104e-05 0.00926638 -0.0169977 7.32686e-05 -0.000461061 -0.0169977 0.0839667 
0.00933512 -0.0171293 1.71822e-05 7.03294e-05 -0.0171293 0.0844783 6.88128e-05 -0.000453567 1.71822e-05 6.88128e-05 0.00934135 -0.017121 7.03294e-05 -0.000453567 -0.017121 0.0845235 
0.00934165 -0.0171553 3.52125e-05 6.23144e-05 -0.0171553 0.0846974 5.93839e-05 -0.000440524 3.52125e-05 5.93839e-05 0.00939975 -0.0172094 6.23144e-05 -0.000440524 -0.0172094 0.0848958 
0.00933509 -0.017125 4.37957e-05 4.54546e-05 -0.017125 0.0846285 3.99558e-05 -0.000411064 4.37957e-05 3.99558e-05 0.00941687 -0.0172475 4.54546e-05 -0.000411064 -0.0172475 0.0850087 
0.00932832 -0.0170841 3.94599e-05 3.63095e-05 -0.0170841 0.0844351 2.76178e-05 -0.000380208 3.94599e-05 2.76178e-05 0.0094039 -0.0172407 3.63095e-05 -0.000380208 -0.0172407 0.0849508 
0.00932666 -0.0170487 3.68857e-05 4.17181e-05 -0.0170487 0.0842127 3.10054e-05 -0.00037498 3.68857e-05 3.10054e-05 0.00937879 -0.0172052 4.17181e-05 -0.00037498 -0.0172052 0.0847896 
0.00930563 -0.0170286 3.81459e-05 4.27482e-05 -0.0170286 0.0840212 3.49016e-05 -0.000380574 3.81459e-05 3.49016e-05 0.00935601 -0.0171555 4.27482e-05 -0.000380574 -0.0171555 0.08457 
0.00926028 -0.017002 1.89327e-05 3.66962e-05 -0.017002 0.0838852 3.39468e-05 -0.000374197 1.89327e-05 3.39468e-05 0.00936653 -0.0171235 3.66962e-05 -0.000374197 -0.0171235 0.0844052 
0.00924229 -0.0169754 1.30692e-05 5.6218e-05 -0.0169754 0.0838722 5.84068e-05 -0.000402612 1.30692e-05 5.84068e-05 0.00938297 -0.0171652 5.6218e-05 -0.000402612 -0.0171652 0.0844906 
0.00925045 -0.0169927 9.50472e-06 6.27601e-05 -0.0169927 0.0840227 6.98648e-05 -0.000435863 9.50472e-06 6.98648e-05 0.00940477 -0.0172293 6.27601e-05 -0.000435863 -0.0172293 0.0847744 
0.00927577 -0.0169706 1.3124e-05 6.79611e-05 -0.0169706 0.0839546 7.8866e-05 -0.000460224 1.3124e-05 7.8866e-05 0.00936867 -0.017222 6.79611e-05 -0.000460224 -0.017222 0.0847773 
0.00930383 -0.016981 1.78287e-05 6.39828e-05 -0.016981 0.0838753 7.65836e-05 -0.000466435 1.78287e-05 7.65836e-05 0.00931554 -0.0171547 6.39828e-05 -0.000466435 -0.0171547 0.0845972 
0.00935004 -0.0170506 2.44737e-05 5.94464e-05 -0.0170506 0.0840585 6.84845e-05 -0.000455998 2.44737e-05 6.84845e-05 0.00928009 -0.0171083 5.94464e-05 -0.000455998 -0.0171083 0.0845188 
0.00937495 -0.0171392 3.96951e-05 5.36909e-05 -0.0171392 0.084375 5.64769e-05 -0.000437453 3.96951e-05 5.64769e-05 0.00928732 -0.0170847 5.36909e-05 -0.000437453 -0.0170847 0.0845291 
0.00936857 -0.0171426 2.88453e-05 3.80402e-05 -0.0171426 0.0844205 3.4782e-05 -0.000400267 2.88453e-05 3.4782e-05 0.00928789 -0.0170586 3.80402e-05 -0.000400267 -0.0170586 0.0843895 
0.00933608 -0.0171123 2.37002e-05 4.74255e-05 -0.0171123 0.0843165 4.22078e-05 -0.000388976 2.37002e-05 4.22078e-05 0.00930006 -0.0170436 4.74255e-05 -0.000388976 -0.0170436 0.0842563 
0.00930825 -0.0170646 2.56622e-05 5.54477e-05 -0.0170646 0.0841751 5.09431e-05 -0.00040465 2.56622e-05 5.09431e-05 0.00930447 -0.0170632 5.54477e-05 -0.00040465 -0.0170632 0.084234 
0.0092912 -0.0170206 3.48476e-05 5.23391e-05 -0.0170206 0.0840083 4.6927e-05 -0.000404888 3.48476e-05 4.6927e-05 0.00929474 -0.0170639 5.23391e-05 -0.000404888 -0.0170639 0.0842063 
0.00927075 -0.0169774 4.59253e-05 3.87239e-05 -0.0169774 0.0837993 3.06727e-05 -0.000374157 4.59253e-05 3.06727e-05 0.00928071 -0.0170345 3.87239e-05 -0.000374157 -0.0170345 0.0840815 
0.00925859 -0.0169826 4.90755e-05 2.52051e-05 -0.0169826 0.0838209 1.70811e-05 -0.000338171 4.90755e-05 1.70811e-05 0.00928924 -0.0170505 2.52051e-05 -0.000338171 -0.0170505 0.0841526 
0.00923512 -0.016965 4.87336e-05 1.77878e-05 -0.016965 0.0837942 1.53434e-05 -0.000315572 4.87336e-05 1.53434e-05 0.00929321 -0.0170553 1.77878e-05 -0.000315572 -0.0170553 0.084176 
0.00922627 -0.0169454 4.6356e-05 1.6941e-05 -0.0169454 0.0837842 1.82139e-05 -0.000309552 4.6356e-05 1.82139e-05 0.00930793 -0.0170699 1.6941e-05 -0.000309552 -0.0170699 0.0842442 
0.00922117 -0.0169099 5.42653e-05 1.94073e-05 -0.0169099 0.0836444 2.04204e-05 -0.000310484 5.42653e-05 2.04204e-05 0.00930111 -0.0170617 1.94073e-05 -0.000310484 -0.0170617 0.0841767 
0.00924276 -0.0168977 6.45511e-05 1.05709e-05 -0.0168977 0.0835523 8.19475e-06 -0.000294203 6.45511e-05 8.19475e-06 0.0092594 -0.01705 1.05709e-05 -0.000294203 -0.01705 0.0841159 
0.0092399 -0.0168937 7.42103e-05 -4.42393e-06 -0.0168937 0.0834014 -7.86594e-06 -0.000255738 7.42103e-05 -7.86594e-06 0.00920816 -0.0169655 -4.42393e-06 -0.000255738 -0.0169655 0.0838456 
0.00921861 -0.016849 6.5954e-05 -2.06708e-05 -0.016849 0.0831153 -2.3937e-05 -0.000206902 6.5954e-05 -2.3937e-05 0.00915104 -0.0168495 -2.06708e-05 -0.000206902 -0.0168495 0.0833674 
0.00918646 -0.016786 6.35973e-05 -1.22419e-05 -0.016786 0.082754 -1.6573e-05 -0.000193955 6.35973e-05 -1.6573e-05 0.00909571 -0.0167403 -1.22419e-05 -0.000193955 -0.0167403 0.0828523 
0.00918374 -0.0168059 4.36392e-05 -5.6697e-06 -0.0168059 0.0828078 -1.0269e-05 -0.000208559 4.36392e-05 -1.0269e-05 0.00909593 -0.0167323 -5.6697e-06 -0.000208559 -0.0167323 0.0828079 
0.0092001 -0.0168441 3.23692e-05 1.6415e-05 -0.0168441 0.0830271 1.71305e-05 -0.000253799 3.23692e-05 1.71305e-05 0.00911967 -0.01678 1.6415e-05 -0.000253799 -0.01678 0.0830142 
0.00920297 -0.0168595 2.96369e-05 3.00884e-05 -0.0168595 0.0831307 3.54194e-05 -0.000302884 2.96369e-05 3.54194e-05 0.00913849 -0.0168059 3.00884e-05 -0.000302884 -0.0168059 0.083138 
0.00920682 -0.0168913 3.37039e-05 3.16446e-05 -0.0168913 0.083323 3.86287e-05 -0.000324869 3.37039e-05 3.86287e-05 0.00917347 -0.0168576 3.16446e-05 -0.000324869 -0.0168576 0.0833734 
0.00920549 -0.0168721 3.11149e-05 2.72679e-05 -0.0168721 0.0833088 3.0936e-05 -0.000318925 3.11149e-05 3.0936e-05 0.0091791 -0.0168821 2.72679e-05 -0.000318925 -0.0168821 0.0834521 
0.00921703 -0.0168809 2.71325e-05 3.34035e-05 -0.0168809 0.0833533 3.26797e-05 -0.000320833 2.71325e-05 3.26797e-05 0.00918794 -0.0168992 3.34035e-05 -0.000320833 -0.0168992 0.0835526 
0.00921943 -0.0168955 2.04613e-05 4.13992e-05 -0.0168955 0.0833996 3.65794e-05 -0.000335217 2.04613e-05 3.65794e-05 0.00920676 -0.0169054 4.13992e-05 -0.000335217 -0.0169054 0.0835953 
0.0091966 -0.0168633 2.00758e-05 4.74715e-05 -0.0168633 0.0832617 4.07427e-05 -0.000345716 2.00758e-05 4.07427e-05 0.00921812 -0.0168991 4.74715e-05 -0.000345716 -0.0168991 0.0834989 
0.00920272 -0.0168388 1.73341e-05 4.70712e-05 -0.0168388 0.0831818 3.8889e-05 -0.000345981 1.73341e-05 3.8889e-05 0.00922282 -0.0169295 4.70712e-05 -0.000345981 -0.0169295 0.0835443 
0.00922556 -0.0168731 2.18822e-05 4.5872e-05 -0.0168731 0.0832892 3.88805e-05 -0.000338338 2.18822e-05 3.88805e-05 0.00923049 -0.0169665 4.5872e-05 -0.000338338 -0.0169665 0.0837231 
0.00926203 -0.0169503 3.2257e-05 4.04608e-05 -0.0169503 0.083621 3.60905e-05 -0.000330905 3.2257e-05 3.60905e-05 0.00926405 -0.0170204 4.04608e-05 -0.000330905 -0.0170204 0.0840353 
0.00928446 -0.0169889 2.39981e-05 3.22368e-05 -0.0169889 0.0838073 2.97101e-05 -0.000323512 2.39981e-05 2.97101e-05 0.00926592 -0.0170501 3.22368e-05 -0.000323512 -0.0170501 0.0841853 
0.00929079 -0.0169708 2.23499e-06 4.33231e-05 -0.0169708 0.0837082 4.25723e-05 -0.000340133 2.23499e-06 4.25723e-05 0.00923986 -0.0170063 4.33231e-05 -0.000340133 -0.0170063 0.0840343 
0.00926993 -0.0169561 -4.25481e-06 6.98301e-05 -0.0169561 0.0835629 7.04793e-05 -0.000393594 -4.25481e-06 7.04793e-05 0.00922031 -0.0169492 6.98301e-05 -0.000393594 -0.0169492 0.0837949 
0.00925187 -0.0169641 8.09462e-06 8.05895e-05 -0.0169641 0.0836164 8.19323e-05 -0.000441675 8.09462e-06 8.19323e-05 0.00924399 -0.0169544 8.05895e-05 -0.000441675 -0.0169544 0.0837959 
0.00923472 -0.0169061 2.24457e-05 6.53002e-05 -0.0169061 0.0834308 6.88667e-05 -0.000438041 2.24457e-05 6.88667e-05 0.0092332 -0.0169525 6.53002e-05 -0.000438041 -0.0169525 0.0836853 
0.00924953 -0.0169539 4.44224e-05 4.59468e-05 -0.0169539 0.0836563 5.15848e-05 -0.000402817 4.44224e-05 5.15848e-05 0.00925808 -0.0170166 4.59468e-05 -0.000402817 -0.0170166 0.0839897 
0.00924014 -0.0169104 6.35241e-05 1.68423e-05 -0.0169104 0.0834914 1.93637e-05 -0.000333791 6.35241e-05 1.93637e-05 0.0092378 -0.0169876 1.68423e-05 -0.000333791 -0.0169876 0.0838767 
0.00926752 -0.0169471 5.70919e-05 -5.37869e-06 -0.0169471 0.0836384 -9.26565e-06 -0.000262374 5.70919e-05 -9.26565e-06 0.00924579 -0.0170107 -5.37869e-06 -0.000262374 -0.0170107 0.0840251 
0.00924082 -0.0169061 5.87829e-05 4.45575e-06 -0.0169061 0.0833952 -4.41625e-06 -0.000241958 5.87829e-05 -4.41625e-06 0.00922423 -0.0169451 4.45575e-06 -0.000241958 -0.0169451 0.0837362 
0.0092302 -0.016881 4.92833e-05 6.1537e-06 -0.016881 0.0832689 -8.03505e-06 -0.0002406 4.92833e-05 -8.03505e-06 0.00920817 -0.0169261 6.1537e-06 -0.0002406 -0.0169261 0.0836023 
0.00925567 -0.0169014 2.12462e-05 1.77064e-05 -0.0169014 0.0833601 2.00594e-06 -0.000254781 2.12462e-05 2.00594e-06 0.00920027 -0.0169517 1.77064e-05 -0.000254781 -0.0169517 0.0837209 
0.00928725 -0.0169961 7.76235e-06 4.74754e-05 -0.0169961 0.0837631 3.58006e-05 -0.000309548 7.76235e-06 3.58006e-05 0.00923659 -0.017008 4.74754e-05 -0.000309548 -0.017008 0.0840839 
0.00930575 -0.0170175 1.4851e-05 6.15038e-05 -0.0170175 0.0839135 5.77459e-05 -0.000365453 1.4851e-05 5.77459e-05 0.00923923 -0.0170228 6.15038e-05 -0.000365453 -0.0170228 0.0841875 
0.00927432 -0.0169672 2.81488e-05 4.75771e-05 -0.0169672 0.0836489 5.1206e-05 -0.000367225 2.81488e-05 5.1206e-05 0.0092045 -0.0169429 4.75771e-05 -0.000367225 -0.0169429 0.0838492 
0.00923826 -0.016905 2.88165e-05 2.6721e-05 -0.016905 0.0833571 3.34957e-05 -0.000327201 2.88165e-05 3.34957e-05 0.00916861 -0.0168775 2.6721e-05 -0.000327201 -0.0168775 0.0835182 
0.00919271 -0.0168141 2.28723e-05 2.79238e-05 -0.0168141 0.0829232 3.09283e-05 -0.000304743 2.28723e-05 3.09283e-05 0.00912748 -0.0167876 2.79238e-05 -0.000304743 -0.0167876 0.0830744 
0.00916457 -0.0167489 3.29666e-05 3.32551e-05 -0.0167489 0.0826024 3.35099e-05 -0.000301081 3.29666e-05 3.35099e-05 0.00909265 -0.0167392 3.32551e-05 -0.000301081 -0.0167392 0.0827899 
0.00916103 -0.016739 4.05681e-05 2.33233e-05 -0.016739 0.0825229 2.15073e-05 -0.000286416 4.05681e-05 2.15073e-05 0.00908987 -0.0167272 2.33233e-05 -0.000286416 -0.0167272 0.0827336 
0.00914819 -0.0167563 4.61935e-05 1.33207e-05 -0.0167563 0.0825808 1.0405e-05 -0.000259981 4.61935e-05 1.0405e-05 0.00910445 -0.0167436 1.33207e-05 -0.000259981 -0.0167436 0.0827953 
0.00912414 -0.0167228 5.99931e-05 5.25854e-06 -0.0167228 0.0824898 1.64226e-06 -0.000232824 5.99931e-05 1.64226e-06 0.00910227 -0.0167419 5.25854e-06 -0.000232824 -0.0167419 0.0827514 
0.00911603 -0.0167213 5.33104e-05 -1.10483e-05 -0.0167213 0.0825314 -1.34253e-05 -0.000198822 5.33104e-05 -1.34253e-05 0.00911267 -0.016763 -1.10483e-05 -0.000198822 -0.016763 0.0828491 
0.00911473 -0.0167135 4.99788e-05 -5.44873e-06 -0.0167135 0.0825413 -3.59646e-06 -0.000194563 4.99788e-05 -3.59646e-06 0.00911651 -0.0167695 -5.44873e-06 -0.000194563 -0.0167695 0.08289 
0.00911456 -0.0167022 3.63949e-05 -2.96075e-06 -0.0167022 0.0825046 3.04023e-06 -0.000204592 3.63949e-05 3.04023e-06 0.00911281 -0.0167652 -2.96075e-06 -0.000204592 -0.0167652 0.0828711 
0.00909697 -0.0166637 3.30498e-05 1.00873e-05 -0.0166637 0.0823005 1.7354e-05 -0.000225838 3.30498e-05 1.7354e-05 0.00909515 -0.0167203 1.00873e-05 -0.000225838 -0.0167203 0.0826588 
0.00911487 -0.0167021 4.08113e-05 1.58795e-05 -0.0167021 0.0824701 2.15655e-05 -0.000245378 4.08113e-05 2.15655e-05 0.00911167 -0.016758 1.58795e-05 -0.000245378 -0.016758 0.0828194 
0.00913164 -0.0167364 4.73995e-05 7.00692e-06 -0.0167364 0.0826444 9.11546e-06 -0.000234063 4.73995e-05 9.11546e-06 0.00913381 -0.016792 7.00692e-06 -0.000234063 -0.016792 0.08299 
0.00917055 -0.0167605 3.01689e-05 4.28367e-07 -0.0167605 0.0827754 -2.14685e-06 -0.000210969 3.01689e-05 -2.14685e-06 0.00912964 -0.0168242 4.28367e-07 -0.000210969 -0.0168242 0.0831333 
0.00919233 -0.0168034 1.76862e-05 2.51445e-05 -0.0168034 0.0828935 1.6416e-05 -0.000235478 1.76862e-05 1.6416e-05 0.00912361 -0.0168233 2.51445e-05 -0.000235478 -0.0168233 0.083205 
0.00918079 -0.0168147 1.5125e-05 4.32144e-05 -0.0168147 0.0829153 3.3544e-05 -0.000280814 1.5125e-05 3.3544e-05 0.00912115 -0.0167999 4.32144e-05 -0.000280814 -0.0167999 0.0831448 
0.00913373 -0.0167446 1.26118e-05 4.87385e-05 -0.0167446 0.0826305 4.02591e-05 -0.000312321 1.26118e-05 4.02591e-05 0.00909423 -0.0167461 4.87385e-05 -0.000312321 -0.0167461 0.0828622 
0.00908878 -0.0166578 2.07007e-05 4.92068e-05 -0.0166578 0.0822643 4.10097e-05 -0.000320346 2.07007e-05 4.10097e-05 0.00905971 -0.0166849 4.92068e-05 -0.000320346 -0.0166849 0.0825488 
0.00908714 -0.0166703 2.15483e-05 3.70541e-05 -0.0166703 0.0823417 3.14022e-05 -0.000304137 2.15483e-05 3.14022e-05 0.00908034 -0.0167074 3.70541e-05 -0.000304137 -0.0167074 0.082668 
0.00908382 -0.0166544 1.30845e-05 2.83887e-05 -0.0166544 0.0823044 3.02509e-05 -0.000281723 1.30845e-05 3.02509e-05 0.00908646 -0.0167127 2.83887e-05 -0.000281723 -0.0167127 0.0826696 
0.00910857 -0.0166674 2.03254e-05 3.31953e-05 -0.0166674 0.082371 4.31133e-05 -0.000284603 2.03254e-05 4.31133e-05 0.00908759 -0.0167394 3.31953e-05 -0.000284603 -0.0167394 0.0827761 
0.0091256 -0.0166952 3.6634e-05 2.12795e-05 -0.0166952 0.0824345 3.43807e-05 -0.000270456 3.6634e-05 3.43807e-05 0.00908618 -0.016735 2.12795e-05 -0.000270456 -0.016735 0.0827994 
0.00911176 -0.0167102 5.27351e-05 8.15536e-07 -0.0167102 0.082469 1.44245e-05 -0.000229294 5.27351e-05 1.44245e-05 0.00909047 -0.0167268 8.15536e-07 -0.000229294 -0.0167268 0.0827715 
0.00911872 -0.016706 4.95393e-05 -1.42596e-05 -0.016706 0.082516 -4.48642e-06 -0.000188342 4.95393e-05 -4.48642e-06 0.00908174 -0.0167411 -1.42596e-05 -0.000188342 -0.0167411 0.0828152 
0.00910473 -0.0167056 4.1397e-05 -6.82634e-06 -0.0167056 0.0825013 -1.41376e-06 -0.000181019 4.1397e-05 -1.41376e-06 0.00908857 -0.0167201 -6.82634e-06 -0.000181019 -0.0167201 0.082772 
0.00907846 -0.0166099 3.49987e-05 8.88524e-06 -0.0166099 0.0820766 7.8964e-06 -0.000204638 3.49987e-05 7.8964e-06 0.00903463 -0.0166395 8.88524e-06 -0.000204638 -0.0166395 0.082336 
0.00971648 -0.0177503 2.73236e-05 1.92329e-05 -0.0177503 0.0876168 1.31684e-05 -0.000242412 2.73236e-05 1.31684e-05 0.00963492 -0.0177451 1.92329e-05 -0.000242412 -0.0177451 0.0878344 
0.00973453 -0.017814 4.06952e-05 3.33315e-05 -0.017814 0.0878282 2.33363e-05 -0.000269255 4.06952e-05 2.33363e-05 0.00965276 -0.017768 3.33315e-05 -0.000269255 -0.017768 0.0879499 
0.0091019 -0.0166732 4.06813e-05 1.75916e-05 -0.0166732 0.0822164 5.46282e-06 -0.000240733 4.06813e-05 5.46282e-06 0.00903117 -0.0166291 1.75916e-05 -0.000240733 -0.0166291 0.0822871 
0.00908032 -0.0166833 4.1292e-05 1.02512e-05 -0.0166833 0.0823051 6.02528e-07 -0.000218124 4.1292e-05 6.02528e-07 0.0090629 -0.0166493 1.02512e-05 -0.000218124 -0.0166493 0.0823856 
0.00908939 -0.0166751 4.48341e-05 7.69132e-06 -0.0166751 0.0823922 4.65816e-06 -0.000212069 4.48341e-05 4.65816e-06 0.00908467 -0.0167038 7.69132e-06 -0.000212069 -0.0167038 0.0825721 
0.00911487 -0.0166799 5.81074e-05 3.07862e-07 -0.0166799 0.0824233 4.94474e-06 -0.000206477 5.81074e-05 4.94474e-06 0.00907882 -0.0167309 3.07862e-07 -0.000206477 -0.0167309 0.0826994 
0.00912996 -0.0166629 4.17868e-05 -1.36573e-05 -0.0166629 0.0822518 -6.68155e-06 -0.000188839 4.17868e-05 -6.68155e-06 0.00902854 -0.0166724 -1.36573e-05 -0.000188839 -0.0166724 0.0824924 
0.00913409 -0.0167237 1.9856e-05 7.34291e-06 -0.0167237 0.0824024 1.12451e-05 -0.000210308 1.9856e-05 1.12451e-05 0.00904681 -0.0166413 7.34291e-06 -0.000210308 -0.0166413 0.0824608 
0.0091615 -0.0167842 9.11449e-06 3.90799e-05 -0.0167842 0.08275 3.8551e-05 -0.000274941 9.11449e-06 3.8551e-05 0.00908769 -0.0167162 3.90799e-05 -0.000274941 -0.0167162 0.0827409 
0.00917533 -0.0167973 1.06419e-05 5.38539e-05 -0.0167973 0.0828595 5.11824e-05 -0.000326078 1.06419e-05 5.11824e-05 0.00910461 -0.0167559 5.38539e-05 -0.000326078 -0.0167559 0.0828971 
0.00918436 -0.0168293 9.44732e-06 5.31888e-05 -0.0168293 0.0830188 4.9274e-05 -0.000343468 9.44732e-06 4.9274e-05 0.00914728 -0.0168033 5.31888e-05 -0.000343468 -0.0168033 0.0831209 
0.00916388 -0.0168226 1.66353e-05 5.37209e-05 -0.0168226 0.0830312 4.93683e-05 -0.000346274 1.66353e-05 4.93683e-05 0.00918997 -0.0168457 5.37209e-05 -0.000346274 -0.0168457 0.0832461 
0.0091306 -0.0167338 3.21396e-05 4.35472e-05 -0.0167338 0.0826884 3.98003e-05 -0.000330685 3.21396e-05 3.98003e-05 0.00917608 -0.0168419 4.35472e-05 -0.000330685 -0.0168419 0.0831012 
0.00911621 -0.0167294 3.0807e-05 2.21319e-05 -0.0167294 0.0826523 2.205e-05 -0.000291914 3.0807e-05 2.205e-05 0.00919726 -0.0168685 2.21319e-05 -0.000291914 -0.0168685 0.0832133 
0.00912526 -0.0167425 3.88061e-05 2.30661e-05 -0.0167425 0.0827676 2.71712e-05 -0.000280394 3.88061e-05 2.71712e-05 0.00921505 -0.0169272 2.30661e-05 -0.000280394 -0.0169272 0.0834526 
0.00916994 -0.0167628 4.29691e-05 1.47656e-05 -0.0167628 0.0828849 2.42203e-05 -0.000277245 4.29691e-05 2.42203e-05 0.00920036 -0.0169593 1.47656e-05 -0.000277245 -0.0169593 0.0836407 
0.00923373 -0.0168469 4.29783e-05 1.09975e-05 -0.0168469 0.0831653 2.31092e-05 -0.00027556 4.29783e-05 2.31092e-05 0.00918536 -0.0169628 1.09975e-05 -0.00027556 -0.0169628 0.0838101 
0.00924162 -0.0168845 5.1839e-05 1.2175e-05 -0.0168845 0.0832115 2.30914e-05 -0.000278589 5.1839e-05 2.30914e-05 0.00917212 -0.016889 1.2175e-05 -0.000278589 -0.016889 0.0835982 
0.00925477 -0.0169086 5.14409e-05 4.53657e-06 -0.0169086 0.0833131 9.82639e-06 -0.000266596 5.14409e-05 9.82639e-06 0.00917297 -0.0168799 4.53657e-06 -0.000266596 -0.0168799 0.0835217 
0.00927852 -0.016954 3.778e-05 6.02294e-06 -0.016954 0.083511 8.83752e-06 -0.000260933 3.778e-05 8.83752e-06 0.0091925 -0.0169031 6.02294e-06 -0.000260933 -0.0169031 0.0836159 
0.00929445 -0.0170053 2.38125e-05 2.33174e-05 -0.0170053 0.083751 2.73506e-05 -0.000289666 2.38125e-05 2.73506e-05 0.00922241 -0.0169496 2.33174e-05 -0.000289666 -0.0169496 0.0838095 
0.00930076 -0.0170655 2.11084e-05 4.15636e-05 -0.0170655 0.0840919 4.79546e-05 -0.000338992 2.11084e-05 4.79546e-05 0.00926894 -0.0170299 4.15636e-05 -0.000338992 -0.0170299 0.0841698 
0.00925924 -0.0169841 2.90502e-05 4.27282e-05 -0.0169841 0.0838199 4.95621e-05 -0.000358378 2.90502e-05 4.95621e-05 0.0092544 -0.016997 4.27282e-05 -0.000358378 -0.016997 0.0839834 
0.00922869 -0.0169228 1.25417e-05 3.42891e-05 -0.0169228 0.0835767 3.71577e-05 -0.000346057 1.25417e-05 3.71577e-05 0.00923976 -0.0169748 3.42891e-05 -0.000346057 -0.0169748 0.0838466 
0.00919544 -0.0168412 1.60226e-06 5.45709e-05 -0.0168412 0.0831896 5.39438e-05 -0.000362718 1.60226e-06 5.39438e-05 0.00919572 -0.0169062 5.45709e-05 -0.000362718 -0.0169062 0.0835151 
0.00915304 -0.0167825 9.32923e-06 6.97028e-05 -0.0167825 0.0828649 6.95494e-05 -0.000400955 9.32923e-06 6.95494e-05 0.00917444 -0.0168339 6.97028e-05 -0.000400955 -0.0168339 0.0831869 
0.00912692 -0.0167184 1.11945e-05 5.81269e-05 -0.0167184 0.0825775 6.15128e-05 -0.000400607 1.11945e-05 6.15128e-05 0.0091416 -0.0167931 5.81269e-05 -0.000400607 -0.0167931 0.0829217 
0.0091248 -0.0167524 1.17363e-05 5.02408e-05 -0.0167524 0.0827221 5.33298e-05 -0.000376656 1.17363e-05 5.33298e-05 0.00915725 -0.0168246 5.02408e-05 -0.000376656 -0.0168246 0.0830856 
0.00915973 -0.0167687 2.12987e-05 4.79803e-05 -0.0167687 0.082884 5.02798e-05 -0.00035851 2.12987e-05 5.02798e-05 0.00914283 -0.0168681 4.79803e-05 -0.00035851 -0.0168681 0.0833019 
0.00914876 -0.0167862 2.82155e-05 3.30293e-05 -0.0167862 0.0828995 3.59354e-05 -0.000324439 2.82155e-05 3.59354e-05 0.00913607 -0.0168233 3.30293e-05 -0.000324439 -0.0168233 0.0832471 
0.00913412 -0.0167391 3.36902e-05 2.25496e-05 -0.0167391 0.0827211 2.70156e-05 -0.000290885 3.36902e-05 2.70156e-05 0.00910258 -0.0167704 2.25496e-05 -0.000290885 -0.0167704 0.0829999 
0.00910411 -0.0166735 4.62304e-05 1.56672e-05 -0.0166735 0.0823731 1.90399e-05 -0.000264555 4.62304e-05 1.90399e-05 0.00906012 -0.016679 1.56672e-05 -0.000264555 -0.016679 0.0825864 
0.00907341 -0.0166442 4.54675e-05 3.53429e-06 -0.0166442 0.0821911 4.168e-06 -0.000235219 4.54675e-05 4.168e-06 0.00904641 -0.0166285 3.53429e-06 -0.000235219 -0.0166285 0.0823336 
