0.0067308 0 1.55112e-05 0 0 0.00951403 0 0 1.55112e-05 0 0.00667955 0 0 0 0 0.00951403 
0.00981212 -0.0121758 2.68083e-05 -3.34993e-05 -0.0121758 0.032355 -3.34993e-05 6.42611e-05 2.68083e-05 -3.34993e-05 0.00979766 -0.0121643 -3.34993e-05 6.42611e-05 -0.0121643 0.0323325 
0.00921456 -0.0170595 7.45442e-06 -5.4693e-05 -0.0170595 0.0629285 -5.4693e-05 0.000178779 7.45442e-06 -5.4693e-05 0.00922229 -0.0172536 -5.4693e-05 0.000178779 -0.0172536 0.063604 
0.00870639 -0.0165872 -2.43295e-05 -3.98682e-05 -0.0165872 0.0742104 -4.15661e-05 0.000242304 -2.43295e-05 -4.15661e-05 0.00869747 -0.0169463 -3.98682e-05 0.000242304 -0.0169463 0.0761658 
0.00921367 -0.0170155 -3.63515e-05 5.0003e-06 -0.0170155 0.0815404 2.75688e-06 0.000190839 -3.63515e-05 2.75688e-06 0.00916634 -0.0173279 5.0003e-06 0.000190839 -0.0173279 0.0839981 
0.00900642 -0.0163837 -2.85537e-05 2.57616e-05 -0.0163837 0.0798579 2.85537e-05 7.57825e-05 -2.85537e-05 2.85537e-05 0.00890484 -0.0165494 2.57616e-05 7.57825e-05 -0.0165494 0.0817168 
0.00950175 -0.0172388 -6.73726e-06 2.26241e-05 -0.0172388 0.0843574 2.92363e-05 1.74984e-05 -6.73726e-06 2.92363e-05 0.00935297 -0.0172943 2.26241e-05 1.74984e-05 -0.0172943 0.0856502 
0.00926336 -0.016849 -1.45181e-06 -5.26224e-06 -0.016849 0.0826086 3.36897e-06 3.30814e-05 -1.45181e-06 3.36897e-06 0.00912373 -0.0168357 -5.26224e-06 3.30814e-05 -0.0168357 0.0834248 
0.00973015 -0.017741 1.76404e-05 -1.40021e-05 -0.017741 0.0871852 -6.72876e-06 6.32197e-05 1.76404e-05 -6.72876e-06 0.00964708 -0.0177403 -1.40021e-05 6.32197e-05 -0.0177403 0.0878761 
0.00953964 -0.0173707 1.14672e-05 -3.49534e-05 -0.0173707 0.085547 -3.65405e-05 0.000112809 1.14672e-05 -3.65405e-05 0.00950173 -0.0174593 -3.49534e-05 0.000112809 -0.0174593 0.0863274 
0.00945918 -0.0171686 -8.11495e-06 -2.73305e-05 -0.0171686 0.0845767 -3.94934e-05 0.000137952 -8.11495e-06 -3.94934e-05 0.00939422 -0.0173231 -2.73305e-05 0.000137952 -0.0173231 0.0855378 
0.00943805 -0.01713 -7.49079e-06 -5.70474e-07 -0.01713 0.0842594 -1.93524e-05 0.000109967 -7.49079e-06 -1.93524e-05 0.00934579 -0.0172478 -5.70474e-07 0.000109967 -0.0172478 0.0852383 
0.00941523 -0.0170886 -1.02034e-05 -4.00597e-07 -0.0170886 0.0839777 -1.80838e-05 9.18859e-05 -1.02034e-05 -1.80838e-05 0.00929592 -0.017155 -4.00597e-07 9.18859e-05 -0.017155 0.0848399 
0.00938962 -0.017074 5.52366e-06 -1.14354e-06 -0.017074 0.0838541 -9.78302e-06 8.23668e-05 5.52366e-06 -9.78302e-06 0.00927121 -0.017099 -1.14354e-06 8.23668e-05 -0.017099 0.0845855 
0.00936603 -0.0170474 2.0361e-05 -2.34531e-05 -0.0170474 0.0837574 -2.11159e-05 0.000101824 2.0361e-05 -2.11159e-05 0.00925096 -0.0170675 -2.34531e-05 0.000101824 -0.0170675 0.0844146 
0.00938972 -0.0170513 1.78842e-05 -4.38678e-05 -0.0170513 0.0838173 -3.38623e-05 0.000135424 1.78842e-05 -3.38623e-05 0.00922957 -0.0170748 -4.38678e-05 0.000135424 -0.0170748 0.0844545 
0.00942629 -0.0171362 4.09085e-06 -4.39728e-05 -0.0171362 0.0841605 -2.54479e-05 0.000140765 4.09085e-06 -2.54479e-05 0.00925362 -0.017104 -4.39728e-05 0.000140765 -0.017104 0.0847038 
0.00943333 -0.0171675 -8.27531e-06 -2.69931e-05 -0.0171675 0.0843289 -4.22204e-06 0.000105732 -8.27531e-06 -4.22204e-06 0.00928227 -0.0171225 -2.69931e-05 0.000105732 -0.0171225 0.0848033 
0.00942652 -0.0171541 -1.71027e-05 -7.72934e-06 -0.0171541 0.0843156 1.14452e-05 5.64341e-05 -1.71027e-05 1.14452e-05 0.00929476 -0.017142 -7.72934e-06 5.64341e-05 -0.017142 0.0848252 
0.00943807 -0.0171369 -1.90972e-05 8.81149e-06 -0.0171369 0.0842549 2.04209e-05 1.30767e-05 -1.90972e-05 2.04209e-05 0.00929295 -0.0171543 8.81149e-06 1.30767e-05 -0.0171543 0.0848424 
0.00943256 -0.0171176 3.82545e-06 1.86199e-05 -0.0171176 0.0840848 2.37053e-05 -1.96192e-05 3.82545e-06 2.37053e-05 0.00927445 -0.017118 1.86199e-05 -1.96192e-05 -0.017118 0.0846785 
0.00944466 -0.0171634 7.02729e-06 -4.31626e-06 -0.0171634 0.0842465 -4.11287e-06 3.27114e-06 7.02729e-06 -4.11287e-06 0.00929872 -0.0171409 -4.31626e-06 3.27114e-06 -0.0171409 0.0847937 
0.00945658 -0.0172079 -4.59936e-06 -8.47517e-06 -0.0172079 0.0844847 -1.17879e-05 2.98935e-05 -4.59936e-06 -1.17879e-05 0.00932628 -0.0171979 -8.47517e-06 2.98935e-05 -0.0171979 0.0850279 
0.00946797 -0.01725 -6.54993e-06 4.6048e-06 -0.01725 0.0847493 -2.8994e-06 2.50978e-05 -6.54993e-06 -2.8994e-06 0.00936471 -0.0172625 4.6048e-06 2.50978e-05 -0.0172625 0.0853376 
0.00947227 -0.0172483 -2.95914e-06 8.6899e-06 -0.0172483 0.0848204 -3.29104e-07 1.23772e-05 -2.95914e-06 -3.29104e-07 0.009365 -0.0172991 8.6899e-06 1.23772e-05 -0.0172991 0.0854981 
0.0094284 -0.0171699 4.03122e-06 -1.9413e-06 -0.0171699 0.0844616 -7.84339e-06 2.76859e-05 4.03122e-06 -7.84339e-06 0.0093397 -0.0172217 -1.9413e-06 2.76859e-05 -0.0172217 0.0851855 
0.00942106 -0.0171345 -7.54783e-06 -1.149e-05 -0.0171345 0.0843123 -1.3544e-05 4.85088e-05 -7.54783e-06 -1.3544e-05 0.00932824 -0.0172084 -1.149e-05 4.85088e-05 -0.0172084 0.085082 
0.00942077 -0.017131 -1.65045e-05 3.65512e-06 -0.017131 0.0842553 3.48632e-06 2.95199e-05 -1.65045e-05 3.48632e-06 0.00932274 -0.0171966 3.65512e-06 2.95199e-05 -0.0171966 0.085032 
0.00940003 -0.0171444 -2.16221e-05 1.88746e-05 -0.0171444 0.0842973 2.0712e-05 -1.61039e-05 -2.16221e-05 2.0712e-05 0.00933138 -0.0171996 1.88746e-05 -1.61039e-05 -0.0171996 0.085051 
0.00935549 -0.0170837 -1.98787e-05 2.27604e-05 -0.0170837 0.084099 2.94883e-05 -4.72855e-05 -1.98787e-05 2.94883e-05 0.00932306 -0.01717 2.27604e-05 -4.72855e-05 -0.01717 0.0848813 
0.00931263 -0.0169993 -1.94272e-05 2.11362e-05 -0.0169993 0.0837832 3.0212e-05 -6.07142e-05 -1.94272e-05 3.0212e-05 0.00930054 -0.0171373 2.11362e-05 -6.07142e-05 -0.0171373 0.0846722 
0.00926943 -0.0169147 -2.88423e-05 2.04569e-05 -0.0169147 0.0834022 2.92669e-05 -6.30637e-05 -2.88423e-05 2.92669e-05 0.00927443 -0.017077 2.04569e-05 -6.30637e-05 -0.017077 0.0843742 
0.00928058 -0.0169472 -2.80758e-05 3.0579e-05 -0.0169472 0.0835709 3.64662e-05 -7.38831e-05 -2.80758e-05 3.64662e-05 0.00929359 -0.0171326 3.0579e-05 -7.38831e-05 -0.0171326 0.0846163 
0.00929438 -0.0169455 -1.31911e-05 2.84996e-05 -0.0169455 0.0835986 3.32735e-05 -7.42518e-05 -1.31911e-05 3.32735e-05 0.0092761 -0.017142 2.84996e-05 -7.42518e-05 -0.017142 0.0846898 
0.00931682 -0.0169432 -5.73848e-06 1.13528e-05 -0.0169432 0.0835383 1.64017e-05 -4.66647e-05 -5.73848e-06 1.64017e-05 0.00924274 -0.0170929 1.13528e-05 -4.66647e-05 -0.0170929 0.0845598 
0.00932129 -0.016985 9.15793e-06 1.06092e-06 -0.016985 0.0836295 6.82477e-06 -1.46242e-05 9.15793e-06 6.82477e-06 0.00923982 -0.0170636 1.06092e-06 -1.46242e-05 -0.0170636 0.0844976 
0.00927924 -0.0169483 7.42568e-06 -1.66765e-05 -0.0169483 0.0834633 -1.11419e-05 2.386e-05 7.42568e-06 -1.11419e-05 0.00923019 -0.0170082 -1.66765e-05 2.386e-05 -0.0170082 0.0842185 
0.00923721 -0.0168679 4.50389e-06 -1.22916e-05 -0.0168679 0.0831586 -1.20996e-05 3.77236e-05 4.50389e-06 -1.20996e-05 0.00921505 -0.0169669 -1.22916e-05 3.77236e-05 -0.0169669 0.0839331 
0.0092175 -0.0168192 -1.60211e-05 -4.65883e-06 -0.0168192 0.0829536 -1.0358e-05 3.17633e-05 -1.60211e-05 -1.0358e-05 0.00920433 -0.0169589 -4.65883e-06 3.17633e-05 -0.0169589 0.0838198 
0.00920167 -0.0167826 -3.7595e-06 2.00434e-05 -0.0167826 0.0827591 1.48212e-05 -1.09312e-05 -3.7595e-06 1.48212e-05 0.00918587 -0.0169338 2.00434e-05 -1.09312e-05 -0.0169338 0.0836831 
0.00920842 -0.0167977 9.91389e-06 8.81793e-06 -0.0167977 0.0828085 9.65112e-06 -2.85079e-05 9.91389e-06 9.65112e-06 0.0091823 -0.016943 8.81793e-06 -2.85079e-05 -0.016943 0.0837393 
0.00921088 -0.0168082 9.82869e-06 -1.49264e-05 -0.0168082 0.0828541 -7.72844e-06 6.5996e-06 9.82869e-06 -7.72844e-06 0.00917765 -0.0169412 -1.49264e-05 6.5996e-06 -0.0169412 0.0837638 
0.00924717 -0.0168559 2.13304e-06 -1.59575e-05 -0.0168559 0.0830951 -8.95326e-06 2.69889e-05 2.13304e-06 -8.95326e-06 0.00918612 -0.0169767 -1.59575e-05 2.69889e-05 -0.0169767 0.0839724 
0.00929819 -0.0169622 -9.03951e-06 -6.70174e-06 -0.0169622 0.0835706 -4.93253e-06 2.56272e-05 -9.03951e-06 -4.93253e-06 0.00922476 -0.0170407 -6.70174e-06 2.56272e-05 -0.0170407 0.0843612 
0.00931949 -0.0169951 -2.81328e-06 1.02981e-05 -0.0169951 0.0837415 4.74797e-06 3.01099e-06 -2.81328e-06 4.74797e-06 0.00923542 -0.0170535 1.02981e-05 3.01099e-06 -0.0170535 0.0844494 
0.00930628 -0.0170069 -7.61171e-06 3.45444e-06 -0.0170069 0.0837905 -5.3569e-06 7.54877e-06 -7.61171e-06 -5.3569e-06 0.00925258 -0.0170498 3.45444e-06 7.54877e-06 -0.0170498 0.0844401 
0.00929564 -0.0169915 -1.02499e-05 6.44186e-06 -0.0169915 0.0838016 -6.38047e-07 1.04107e-05 -1.02499e-05 -6.38047e-07 0.00926733 -0.0170771 6.44186e-06 1.04107e-05 -0.0170771 0.084499 
0.00928181 -0.0169531 -2.03504e-05 1.1448e-05 -0.0169531 0.0836669 3.86775e-06 2.36721e-06 -2.03504e-05 3.86775e-06 0.00927207 -0.0170797 1.1448e-05 2.36721e-06 -0.0170797 0.0844718 
0.00929459 -0.0169652 -3.42124e-05 2.19756e-05 -0.0169652 0.0837244 1.29964e-05 -1.19928e-05 -3.42124e-05 1.29964e-05 0.0092912 -0.0171147 2.19756e-05 -1.19928e-05 -0.0171147 0.0846139 
0.00931177 -0.0169613 -3.16571e-05 4.07689e-05 -0.0169613 0.0836858 3.31662e-05 -5.18189e-05 -3.16571e-05 3.31662e-05 0.00928204 -0.0171229 4.07689e-05 -5.18189e-05 -0.0171229 0.0846301 
0.00933017 -0.0169928 -2.62765e-05 3.74419e-05 -0.0169928 0.0837522 3.38397e-05 -6.94808e-05 -2.62765e-05 3.38397e-05 0.00928035 -0.0171206 3.74419e-05 -6.94808e-05 -0.0171206 0.084662 
0.00936133 -0.0170609 -7.03022e-06 2.69123e-05 -0.0170609 0.0840373 2.59223e-05 -5.43391e-05 -7.03022e-06 2.59223e-05 0.00930897 -0.01716 2.69123e-05 -5.43391e-05 -0.01716 0.0848756 
0.0093722 -0.0171067 -6.70373e-06 1.05217e-06 -0.0171067 0.0842693 1.03258e-06 -5.22025e-06 -6.70373e-06 1.03258e-06 0.0093447 -0.0172092 1.05217e-06 -5.22025e-06 -0.0172092 0.0850892 
0.00933044 -0.0170639 -2.1017e-06 -3.38541e-07 -0.0170639 0.084123 -2.18276e-06 2.534e-05 -2.1017e-06 -2.18276e-06 0.00937145 -0.0172029 -3.38541e-07 2.534e-05 -0.0172029 0.0850055 
0.00934531 -0.0170415 1.0841e-05 -4.22529e-06 -0.0170415 0.0841149 -1.01786e-05 4.4009e-05 1.0841e-05 -1.01786e-05 0.00938555 -0.0172658 -4.22529e-06 4.4009e-05 -0.0172658 0.0851685 
0.00941645 -0.0170954 1.00718e-05 -2.0693e-05 -0.0170954 0.0843098 -3.07684e-05 8.35451e-05 1.00718e-05 -3.07684e-05 0.00936971 -0.0173176 -2.0693e-05 8.35451e-05 -0.0173176 0.0854423 
0.0094579 -0.0171642 4.31959e-06 -2.35375e-05 -0.0171642 0.0844534 -3.36253e-05 0.00011172 4.31959e-06 -3.36253e-05 0.00935056 -0.0172848 -2.35375e-05 0.00011172 -0.0172848 0.085454 
0.00949045 -0.017239 -2.928e-06 -2.16098e-05 -0.017239 0.0847161 -2.63134e-05 0.000118618 -2.928e-06 -2.63134e-05 0.00935287 -0.0172784 -2.16098e-05 0.000118618 -0.0172784 0.0855056 
0.00949264 -0.0172548 -1.58489e-06 -1.45645e-05 -0.0172548 0.0847688 -1.59863e-05 0.000106205 -1.58489e-06 -1.59863e-05 0.00934695 -0.0172532 -1.45645e-05 0.000106205 -0.0172532 0.0854044 
0.00947539 -0.0172147 4.25498e-06 -1.3804e-05 -0.0172147 0.0845851 -1.72817e-05 0.000100517 4.25498e-06 -1.72817e-05 0.00931458 -0.0172081 -1.3804e-05 0.000100517 -0.0172081 0.0851662 
0.0093934 -0.0171174 2.90408e-06 -1.66798e-05 -0.0171174 0.0840881 -2.36919e-05 0.000103561 2.90408e-06 -2.36919e-05 0.00928789 -0.0170951 -1.66798e-05 0.000103561 -0.0170951 0.0846352 
0.00936849 -0.0170727 -1.5723e-05 -1.59949e-05 -0.0170727 0.0839749 -2.63356e-05 0.000110432 -1.5723e-05 -2.63356e-05 0.00928309 -0.017115 -1.59949e-05 0.000110432 -0.017115 0.084604 
0.00937154 -0.0170662 -3.08752e-05 5.74853e-06 -0.0170662 0.0839835 -7.00447e-06 8.4302e-05 -3.08752e-05 -7.00447e-06 0.00928331 -0.0171336 5.74853e-06 8.4302e-05 -0.0171336 0.084704 
0.00935909 -0.0170229 -2.81107e-05 2.36751e-05 -0.0170229 0.0837586 1.29535e-05 4.09525e-05 -2.81107e-05 1.29535e-05 0.00925709 -0.0170793 2.36751e-05 4.09525e-05 -0.0170793 0.0844798 
0.00930966 -0.016954 -2.5107e-05 1.94499e-05 -0.016954 0.083378 1.5814e-05 2.11517e-05 -2.5107e-05 1.5814e-05 0.00923009 -0.0169987 1.94499e-05 2.11517e-05 -0.0169987 0.0840769 
0.00928988 -0.016929 -1.71613e-05 9.82942e-06 -0.016929 0.0832817 1.29708e-05 2.96052e-05 -1.71613e-05 1.29708e-05 0.00922917 -0.0170011 9.82942e-06 2.96052e-05 -0.0170011 0.0840119 
0.0092817 -0.0169281 -7.36784e-06 -4.2169e-06 -0.0169281 0.0833083 1.03476e-06 5.92962e-05 -7.36784e-06 1.03476e-06 0.00923862 -0.017025 -4.2169e-06 5.92962e-05 -0.017025 0.084101 
0.00925949 -0.0169145 5.16215e-06 -1.95976e-05 -0.0169145 0.0832824 -1.48994e-05 0.000102 5.16215e-06 -1.48994e-05 0.00923977 -0.0170278 -1.95976e-05 0.000102 -0.0170278 0.0841186 
0.0092455 -0.0169068 1.06307e-05 -3.54289e-05 -0.0169068 0.0833184 -2.91415e-05 0.00014337 1.06307e-05 -2.91415e-05 0.00925641 -0.0170394 -3.54289e-05 0.00014337 -0.0170394 0.0841863 
0.00921226 -0.0168387 -3.89306e-07 -3.92229e-05 -0.0168387 0.0830639 -3.42457e-05 0.000164418 -3.89306e-07 -3.42457e-05 0.00924232 -0.0170094 -3.92229e-05 0.000164418 -0.0170094 0.084 
0.00923044 -0.0168247 -4.88821e-06 -1.85654e-05 -0.0168247 0.0830228 -2.0885e-05 0.000140075 -4.88821e-06 -2.0885e-05 0.00921972 -0.0170229 -1.85654e-05 0.000140075 -0.0170229 0.0840399 
0.00922141 -0.0168231 -7.03664e-06 -7.80118e-06 -0.0168231 0.0829214 -1.24844e-05 0.000105783 -7.03664e-06 -1.24844e-05 0.00920266 -0.0169665 -7.80118e-06 0.000105783 -0.0169665 0.0838765 
0.00922364 -0.0168558 -1.05875e-05 -5.70768e-06 -0.0168558 0.0830717 -7.47603e-06 8.44977e-05 -1.05875e-05 -7.47603e-06 0.00921879 -0.0169798 -5.70768e-06 8.44977e-05 -0.0169798 0.0839427 
0.00923884 -0.0168975 -1.18447e-05 -5.89583e-06 -0.0168975 0.0833327 -3.2267e-06 7.64645e-05 -1.18447e-05 -3.2267e-06 0.00925136 -0.0170382 -5.89583e-06 7.64645e-05 -0.0170382 0.0841991 
0.00923054 -0.0168706 -5.8936e-06 -5.37483e-06 -0.0168706 0.0832657 -2.00483e-06 7.40906e-05 -5.8936e-06 -2.00483e-06 0.00924127 -0.0170408 -5.37483e-06 7.40906e-05 -0.0170408 0.0841913 
0.00921598 -0.0168253 -4.16206e-06 -1.11641e-05 -0.0168253 0.083054 -8.56e-06 8.1631e-05 -4.16206e-06 -8.56e-06 0.00921066 -0.0170001 -1.11641e-05 8.1631e-05 -0.0170001 0.0840239 
0.00922464 -0.0168065 -1.59099e-05 -1.0537e-05 -0.0168065 0.0829297 -1.05756e-05 8.56848e-05 -1.59099e-05 -1.05756e-05 0.009179 -0.0169596 -1.0537e-05 8.56848e-05 -0.0169596 0.0838781 
0.00922954 -0.0168207 -1.55502e-05 4.29365e-06 -0.0168207 0.0828994 1.40749e-06 6.78536e-05 -1.55502e-05 1.40749e-06 0.00916001 -0.0169142 4.29365e-06 6.78536e-05 -0.0169142 0.0837293 
0.00922563 -0.0168517 -1.68003e-05 3.73792e-06 -0.0168517 0.0830078 -5.0939e-07 5.9489e-05 -1.68003e-05 -5.0939e-07 0.00916215 -0.0169036 3.73792e-06 5.9489e-05 -0.0169036 0.0836999 
0.00920482 -0.0168345 -2.13435e-05 3.58725e-06 -0.0168345 0.082983 -1.19656e-06 6.08134e-05 -2.13435e-05 -1.19656e-06 0.00915818 -0.0168896 3.58725e-06 6.08134e-05 -0.0168896 0.0836172 
0.00916145 -0.0167382 -3.47178e-05 9.53727e-06 -0.0167382 0.0825801 3.68412e-06 5.39754e-05 -3.47178e-05 3.68412e-06 0.00910928 -0.0168144 9.53727e-06 5.39754e-05 -0.0168144 0.0832295 
0.00911971 -0.0166735 -2.19046e-05 2.49198e-05 -0.0166735 0.0822527 1.8308e-05 2.94099e-05 -2.19046e-05 1.8308e-05 0.00908168 -0.0167391 2.49198e-05 2.94099e-05 -0.0167391 0.0828889 
0.00908055 -0.0166265 -2.81925e-05 7.59204e-06 -0.0166265 0.0820482 4.38201e-06 4.09536e-05 -2.81925e-05 4.38201e-06 0.00908078 -0.0167116 7.59204e-06 4.09536e-05 -0.0167116 0.0827048 
0.00907097 -0.016622 -2.13191e-05 1.46336e-05 -0.016622 0.0820964 1.18582e-05 4.11412e-05 -2.13191e-05 1.18582e-05 0.00910659 -0.016759 1.46336e-05 4.11412e-05 -0.016759 0.0828517 
0.00906994 -0.0166043 2.95705e-06 6.81596e-06 -0.0166043 0.0820718 7.26478e-06 4.42442e-05 2.95705e-06 7.26478e-06 0.00910591 -0.0167875 6.81596e-06 4.42442e-05 -0.0167875 0.0829489 
0.00906559 -0.0165628 -2.53413e-06 -2.36809e-05 -0.0165628 0.0818624 -1.74992e-05 8.74103e-05 -2.53413e-06 -1.74992e-05 0.00907516 -0.016746 -2.36809e-05 8.74103e-05 -0.016746 0.0827876 
0.00910262 -0.0165694 -2.44697e-05 -1.86581e-05 -0.0165694 0.0818167 -1.38354e-05 0.000104309 -2.44697e-05 -1.38354e-05 0.00903655 -0.016715 -1.86581e-05 0.000104309 -0.016715 0.0826901 
0.00911362 -0.0166169 -3.15175e-05 1.56083e-05 -0.0166169 0.0818643 1.41742e-05 5.24955e-05 -3.15175e-05 1.41742e-05 0.00901161 -0.0166578 1.56083e-05 5.24955e-05 -0.0166578 0.0825303 
0.00913122 -0.0166549 -1.67532e-05 2.67364e-05 -0.0166549 0.0820222 1.93891e-05 1.20347e-05 -1.67532e-05 1.93891e-05 0.00899741 -0.0166474 2.67364e-05 1.20347e-05 -0.0166474 0.0825062 
0.00912149 -0.0166824 -5.70781e-06 7.83635e-06 -0.0166824 0.0821508 7.71009e-07 2.91491e-05 -5.70781e-06 7.71009e-07 0.0090101 -0.0166393 7.83635e-06 2.91491e-05 -0.0166393 0.0825179 
0.00910047 -0.0166654 -8.76382e-06 -1.03688e-05 -0.0166654 0.0821578 -1.2149e-05 6.92986e-05 -8.76382e-06 -1.2149e-05 0.00900709 -0.0166442 -1.03688e-05 6.92986e-05 -0.0166442 0.0825081 
0.0090831 -0.01662 -1.4834e-05 -8.74967e-06 -0.01662 0.0820246 -4.26989e-06 7.83063e-05 -1.4834e-05 -4.26989e-06 0.00898869 -0.016622 -8.74967e-06 7.83063e-05 -0.016622 0.0824147 
0.00971256 -0.0177688 -1.77017e-05 -2.39737e-07 -0.0177688 0.0877047 7.13233e-06 6.3326e-05 -1.77017e-05 7.13233e-06 0.00962407 -0.0177597 -2.39737e-07 6.3326e-05 -0.0177597 0.0881091 
0.00904923 -0.0165914 -2.50731e-05 2.22812e-06 -0.0165914 0.0818979 9.13477e-06 4.3726e-05 -2.50731e-05 9.13477e-06 0.00901202 -0.016594 2.22812e-06 4.3726e-05 -0.016594 0.0822743 
0.00966403 -0.0177185 -1.63528e-05 1.34162e-05 -0.0177185 0.0875602 2.06468e-05 2.49254e-05 -1.63528e-05 2.06468e-05 0.0096664 -0.0177868 1.34162e-05 2.49254e-05 -0.0177868 0.0880714 
0.00965098 -0.0176497 3.27693e-06 1.34573e-06 -0.0176497 0.0872686 5.77968e-06 3.57087e-05 3.27693e-06 5.77968e-06 0.00965137 -0.0177759 1.34573e-06 3.57087e-05 -0.0177759 0.0879313 
0.0096487 -0.0176316 1.20919e-05 -2.0968e-05 -0.0176316 0.0870993 -2.21541e-05 8.48485e-05 1.20919e-05 -2.21541e-05 0.00962271 -0.0177571 -2.0968e-05 8.48485e-05 -0.0177571 0.0878281 
0.00968073 -0.0177091 2.07177e-05 -3.34367e-05 -0.0177091 0.0874082 -3.93007e-05 0.000136777 2.07177e-05 -3.93007e-05 0.00964373 -0.0177978 -3.34367e-05 0.000136777 -0.0177978 0.0880936 
0.00907649 -0.0166006 1.12142e-05 -4.03776e-05 -0.0166006 0.0819452 -4.71587e-05 0.000161649 1.12142e-05 -4.71587e-05 0.00902275 -0.0166723 -4.03776e-05 0.000161649 -0.0166723 0.0825449 
0.0090944 -0.0166087 2.19016e-07 -2.95448e-05 -0.0166087 0.0819783 -3.59031e-05 0.000157103 2.19016e-07 -3.59031e-05 0.00900978 -0.0166564 -2.95448e-05 0.000157103 -0.0166564 0.0825267 
0.00908273 -0.0166092 -6.85225e-06 -1.89345e-05 -0.0166092 0.0819224 -2.25766e-05 0.000134283 -6.85225e-06 -2.25766e-05 0.00900816 -0.0166164 -1.89345e-05 0.000134283 -0.0166164 0.0823808 
0.00909029 -0.0166294 -2.76755e-06 -1.36435e-05 -0.0166294 0.0820387 -1.54614e-05 0.00011926 -2.76755e-06 -1.54614e-05 0.00901878 -0.0166415 -1.36435e-05 0.00011926 -0.0166415 0.0824556 
0.00910817 -0.0166105 9.8625e-06 -1.9317e-05 -0.0166105 0.0819652 -2.00405e-05 0.000122659 9.8625e-06 -2.00405e-05 0.00897987 -0.0166272 -1.9317e-05 0.000122659 -0.0166272 0.082379 
0.00974942 -0.0178167 1.40271e-06 -3.88784e-05 -0.0178167 0.0877986 -4.08095e-05 0.000168182 1.40271e-06 -4.08095e-05 0.0096114 -0.0177577 -3.88784e-05 0.000168182 -0.0177577 0.08812 
0.00913268 -0.0166935 -1.83064e-05 -2.5461e-05 -0.0166935 0.0822899 -3.07119e-05 0.00016354 -1.83064e-05 -3.07119e-05 0.00900553 -0.0166313 -2.5461e-05 0.00016354 -0.0166313 0.082509 
0.00909713 -0.0166599 -1.26553e-05 2.24124e-06 -0.0166599 0.0821396 -5.68053e-06 0.000117258 -1.26553e-05 -5.68053e-06 0.0090155 -0.0165999 2.24124e-06 0.000117258 -0.0165999 0.0823378 
0.00908577 -0.0166282 -2.09854e-05 -4.39169e-06 -0.0166282 0.0820588 -1.32095e-05 0.000105944 -2.09854e-05 -1.32095e-05 0.00902201 -0.016624 -4.39169e-06 0.000105944 -0.016624 0.0823382 
0.00970217 -0.0177692 -3.49759e-05 2.42909e-06 -0.0177692 0.0877145 -5.79025e-06 0.000106935 -3.49759e-05 -5.79025e-06 0.0096702 -0.0178067 2.42909e-06 0.000106935 -0.0178067 0.0881504 
0.00970299 -0.0177483 -3.8383e-05 1.649e-05 -0.0177483 0.0876613 8.27549e-06 8.40424e-05 -3.8383e-05 8.27549e-06 0.00967304 -0.0178393 1.649e-05 8.40424e-05 -0.0178393 0.088245 
0.00905694 -0.0165864 -5.08599e-05 1.94356e-05 -0.0165864 0.0819006 9.5235e-06 6.57906e-05 -5.08599e-05 9.5235e-06 0.00905056 -0.0166792 1.94356e-05 6.57906e-05 -0.0166792 0.0825251 
0.00907405 -0.0166167 -4.89574e-05 3.55407e-05 -0.0166167 0.0820856 2.47428e-05 4.23206e-05 -4.89574e-05 2.47428e-05 0.00906394 -0.0167297 3.55407e-05 4.23206e-05 -0.0167297 0.0827596 
0.00907618 -0.0165893 -3.89193e-05 2.88995e-05 -0.0165893 0.0819615 2.29026e-05 4.03226e-05 -3.89193e-05 2.29026e-05 0.00903341 -0.0166928 2.88995e-05 4.03226e-05 -0.0166928 0.0826338 
0.00910874 -0.016655 -2.4449e-05 1.5065e-05 -0.016655 0.0822202 1.45191e-05 5.94693e-05 -2.4449e-05 1.45191e-05 0.00904212 -0.0167125 1.5065e-05 5.94693e-05 -0.0167125 0.082809 
0.00906951 -0.0166131 -2.19656e-05 -6.82471e-06 -0.0166131 0.0819984 -4.25377e-06 0.000104114 -2.19656e-05 -4.25377e-06 0.00901598 -0.0166353 -6.82471e-06 0.000104114 -0.0166353 0.0824788 
0.00968472 -0.0177398 -1.62347e-05 -1.11458e-05 -0.0177398 0.0876203 -5.65512e-06 0.000136899 -1.62347e-05 -5.65512e-06 0.00963433 -0.0177736 -1.11458e-05 0.000136899 -0.0177736 0.0880917 
0.0096624 -0.0177209 -3.95298e-06 -1.43075e-05 -0.0177209 0.0875514 -7.55533e-06 0.000138425 -3.95298e-06 -7.55533e-06 0.00964873 -0.0177647 -1.43075e-05 0.000138425 -0.0177647 0.0880329 
0.00965975 -0.0177012 3.70027e-07 -2.738e-05 -0.0177012 0.0875226 -2.18734e-05 0.000156025 3.70027e-07 -2.18734e-05 0.00965914 -0.0177948 -2.738e-05 0.000156025 -0.0177948 0.0880904 
0.00962759 -0.0176205 -1.0773e-05 -3.01469e-05 -0.0176205 0.0871225 -2.74964e-05 0.00016963 -1.0773e-05 -2.74964e-05 0.00963109 -0.0177328 -3.01469e-05 0.00016963 -0.0177328 0.087763 
0.00961184 -0.0175798 -1.01824e-05 -1.43961e-05 -0.0175798 0.086873 -1.34972e-05 0.000149361 -1.01824e-05 -1.34972e-05 0.00960122 -0.0176983 -1.43961e-05 0.000149361 -0.0176983 0.0875491 
0.00960356 -0.0175802 -1.32458e-05 -1.12471e-05 -0.0175802 0.0868135 -1.0441e-05 0.000125399 -1.32458e-05 -1.0441e-05 0.0095871 -0.0176721 -1.12471e-05 0.000125399 -0.0176721 0.0874492 
0.00959873 -0.0175963 -2.12946e-05 -6.80904e-06 -0.0175963 0.0868926 -3.86647e-06 0.000107587 -2.12946e-05 -3.86647e-06 0.00959731 -0.0176785 -6.80904e-06 0.000107587 -0.0176785 0.0874866 
0.00959928 -0.0175841 -3.41206e-05 3.43552e-06 -0.0175841 0.0868786 6.43055e-06 8.22933e-05 -3.41206e-05 6.43055e-06 0.00958836 -0.01768 3.43552e-06 8.22933e-05 -0.01768 0.0874703 
0.00961533 -0.0175802 -3.26907e-05 1.7783e-05 -0.0175802 0.0868506 1.93934e-05 5.27137e-05 -3.26907e-05 1.93934e-05 0.00956354 -0.0176673 1.7783e-05 5.27137e-05 -0.0176673 0.0874363 
0.00964008 -0.017594 -3.62469e-05 1.50482e-05 -0.017594 0.0868303 1.40183e-05 4.87928e-05 -3.62469e-05 1.40183e-05 0.00952387 -0.0176223 1.50482e-05 4.87928e-05 -0.0176223 0.0873065 
0.00962918 -0.0176115 -4.05396e-05 1.81083e-05 -0.0176115 0.086801 1.57566e-05 5.00624e-05 -4.05396e-05 1.57566e-05 0.00950301 -0.0175544 1.81083e-05 5.00624e-05 -0.0175544 0.087082 
0.00964787 -0.0176498 -4.02608e-05 2.45831e-05 -0.0176498 0.0870198 1.9075e-05 4.30332e-05 -4.02608e-05 1.9075e-05 0.00951202 -0.0175809 2.45831e-05 4.30332e-05 -0.0175809 0.0871963 
0.00964023 -0.0176645 -2.66906e-05 2.21023e-05 -0.0176645 0.0871127 1.43092e-05 5.01005e-05 -2.66906e-05 1.43092e-05 0.009519 -0.0175889 2.21023e-05 5.01005e-05 -0.0175889 0.0872561 
0.0096272 -0.0176578 -1.37517e-05 1.10801e-06 -0.0176578 0.0871569 -5.63392e-06 9.13258e-05 -1.37517e-05 -5.63392e-06 0.00952908 -0.0176022 1.10801e-06 9.13258e-05 -0.0176022 0.0873232 
0.00960941 -0.0176517 -8.52956e-06 -1.70272e-05 -0.0176517 0.0872117 -2.13141e-05 0.00013988 -8.52956e-06 -2.13141e-05 0.00955854 -0.0176298 -1.70272e-05 0.00013988 -0.0176298 0.0874511 
0.00956592 -0.0175791 1.69398e-06 -2.09744e-05 -0.0175791 0.0869623 -2.18382e-05 0.000157751 1.69398e-06 -2.18382e-05 0.00956748 -0.0176164 -2.09744e-05 0.000157751 -0.0176164 0.0873261 
0.00953412 -0.0174977 -5.44612e-06 -3.06557e-05 -0.0174977 0.0866422 -3.24171e-05 0.000174246 -5.44612e-06 -3.24171e-05 0.00955486 -0.017607 -3.06557e-05 0.000174246 -0.017607 0.0871834 
0.00952701 -0.0174901 -4.85856e-06 -2.24108e-05 -0.0174901 0.0865947 -2.32332e-05 0.000167952 -4.85856e-06 -2.32332e-05 0.00956538 -0.0176223 -2.24108e-05 0.000167952 -0.0176223 0.0872463 
0.00955932 -0.0175317 -1.54804e-05 -2.19999e-05 -0.0175317 0.0868122 -2.24515e-05 0.000160023 -1.54804e-05 -2.24515e-05 0.00957426 -0.0176831 -2.19999e-05 0.000160023 -0.0176831 0.0875273 
0.00956592 -0.0174957 -3.53122e-05 -9.44927e-06 -0.0174957 0.0865945 -1.0001e-05 0.000139373 -3.53122e-05 -1.0001e-05 0.00951341 -0.0176082 -9.44927e-06 0.000139373 -0.0176082 0.0872567 
0.00958442 -0.0175194 -4.4024e-05 1.78533e-05 -0.0175194 0.0865755 1.33544e-05 8.88087e-05 -4.4024e-05 1.33544e-05 0.00947081 -0.017533 1.78533e-05 8.88087e-05 -0.017533 0.0870292 
0.0095699 -0.0174839 -4.61664e-05 3.11846e-05 -0.0174839 0.0863071 2.78316e-05 3.8237e-05 -4.61664e-05 2.78316e-05 0.00940917 -0.017412 3.11846e-05 3.8237e-05 -0.017412 0.0865112 
0.00954484 -0.0174962 -4.25514e-05 3.31566e-05 -0.0174962 0.0862862 3.29979e-05 1.32465e-05 -4.25514e-05 3.29979e-05 0.0094093 -0.0173552 3.31566e-05 1.32465e-05 -0.0173552 0.0862668 
0.00952791 -0.0175243 -4.04425e-05 2.69938e-05 -0.0175243 0.0865027 2.80541e-05 1.54037e-05 -4.04425e-05 2.80541e-05 0.00946192 -0.0174074 2.69938e-05 1.54037e-05 -0.0174074 0.0864212 
0.00952149 -0.0175069 -4.00445e-05 2.39269e-05 -0.0175069 0.0865867 2.46172e-05 2.30361e-05 -4.00445e-05 2.46172e-05 0.00950259 -0.0174877 2.39269e-05 2.30361e-05 -0.0174877 0.0866647 
0.00950551 -0.0174507 -3.27661e-05 2.20665e-05 -0.0174507 0.0863921 2.47399e-05 2.77287e-05 -3.27661e-05 2.47399e-05 0.00950626 -0.017514 2.20665e-05 2.77287e-05 -0.017514 0.0867123 
0.00953054 -0.0174584 -2.73657e-05 1.22639e-05 -0.0174584 0.0864202 1.76557e-05 4.12776e-05 -2.73657e-05 1.76557e-05 0.00950444 -0.0175544 1.22639e-05 4.12776e-05 -0.0175544 0.0869031 
0.00953659 -0.0174758 -6.72782e-06 6.52558e-06 -0.0174758 0.0864318 9.93472e-06 5.75701e-05 -6.72782e-06 9.93472e-06 0.00950372 -0.0175491 6.52558e-06 5.75701e-05 -0.0175491 0.0869526 
0.00952414 -0.017473 1.44188e-05 -1.9114e-05 -0.017473 0.0863996 -2.13358e-05 0.00011151 1.44188e-05 -2.13358e-05 0.00951184 -0.0175359 -1.9114e-05 0.00011151 -0.0175359 0.0869077 
0.00953153 -0.0174718 8.01959e-06 -3.96538e-05 -0.0174718 0.0864276 -4.61409e-05 0.000167574 8.01959e-06 -4.61409e-05 0.00951653 -0.0175567 -3.96538e-05 0.000167574 -0.0175567 0.0869613 
0.00955258 -0.0174956 -3.23695e-06 -3.24199e-05 -0.0174956 0.0865191 -3.76215e-05 0.000179001 -3.23695e-06 -3.76215e-05 0.00951471 -0.0175731 -3.24199e-05 0.000179001 -0.0175731 0.0870557 
0.00958749 -0.017521 -1.20346e-07 -1.8614e-05 -0.017521 0.0865968 -1.87728e-05 0.000149988 -1.20346e-07 -1.87728e-05 0.00948583 -0.0175656 -1.8614e-05 0.000149988 -0.0175656 0.0870705 
0.00961799 -0.0175714 -5.29665e-06 -2.67576e-05 -0.0175714 0.086727 -2.05692e-05 0.000143459 -5.29665e-06 -2.05692e-05 0.00946269 -0.0175274 -2.67576e-05 0.000143459 -0.0175274 0.087019 
0.00958142 -0.0175751 -9.7112e-06 -2.47468e-05 -0.0175751 0.0866751 -1.62903e-05 0.00014398 -9.7112e-06 -1.62903e-05 0.00945871 -0.0174574 -2.47468e-05 0.00014398 -0.0174574 0.0867551 
0.00956637 -0.0175695 -2.36275e-05 -1.78419e-05 -0.0175695 0.0867598 -1.19259e-05 0.000135668 -2.36275e-05 -1.19259e-05 0.00948137 -0.0174798 -1.78419e-05 0.000135668 -0.0174798 0.0867799 
0.00953588 -0.0175071 -4.4255e-05 1.34761e-06 -0.0175071 0.0865543 3.95127e-06 0.000104868 -4.4255e-05 3.95127e-06 0.00947839 -0.017473 1.34761e-06 0.000104868 -0.017473 0.0866661 
