0.00665645 0 -5.42456e-05 0 0 0.00946303 0 0 -5.42456e-05 0 0.00667949 0 0 0 0 0.00946303 
0.0097577 -0.0121124 -5.24341e-05 6.20027e-05 -0.0121124 0.0321953 6.20027e-05 -0.000118528 -5.24341e-05 6.20027e-05 0.00976664 -0.0121214 6.20027e-05 -0.000118528 -0.0121214 0.0322126 
0.00918613 -0.0171574 -1.89845e-05 -2.00474e-05 -0.0171574 0.0632637 -2.00474e-05 8.86912e-05 -1.89845e-05 -2.00474e-05 0.00919436 -0.0170855 -2.00474e-05 8.86912e-05 -0.0170855 0.0630133 
0.00864701 -0.0167888 -1.16601e-05 -0.000123012 -0.0167888 0.0754125 -0.000134654 0.000715155 -1.16601e-05 -0.000134654 0.00866029 -0.0166577 -0.000123012 0.000715155 -0.0166577 0.0746528 
0.00911203 -0.0171244 -2.15564e-05 -0.000117782 -0.0171244 0.0828859 -0.000138476 0.00101245 -2.15564e-05 -0.000138476 0.00913366 -0.0170141 -0.000117782 0.00101245 -0.0170141 0.081932 
0.00891009 -0.0164353 -4.24604e-05 -6.16584e-05 -0.0164353 0.0809662 -7.86366e-05 0.000787988 -4.24604e-05 -7.86366e-05 0.00892412 -0.0163733 -6.16584e-05 0.000787988 -0.0163733 0.0802353 
0.0093678 -0.0171894 -5.30046e-05 -1.80391e-05 -0.0171894 0.084859 -2.65796e-05 0.000544367 -5.30046e-05 -2.65796e-05 0.00936917 -0.0171312 -1.80391e-05 0.000544367 -0.0171312 0.0842851 
0.00906233 -0.0166376 -5.63115e-05 -4.59839e-06 -0.0166376 0.0821309 -4.9256e-06 0.000354133 -5.63115e-05 -4.9256e-06 0.00908281 -0.016565 -4.59839e-06 0.000354133 -0.016565 0.0816427 
0.00952877 -0.0175005 -4.38765e-05 -5.09531e-06 -0.0175005 0.086426 5.4316e-07 0.000299471 -4.38765e-05 5.4316e-07 0.00956163 -0.0174442 -5.09531e-06 0.000299471 -0.0174442 0.0859673 
0.00940855 -0.017249 -4.60775e-05 -2.71195e-05 -0.017249 0.0852054 -2.09913e-05 0.000308681 -4.60775e-05 -2.09913e-05 0.00941434 -0.0172156 -2.71195e-05 0.000308681 -0.0172156 0.0848275 
0.00931791 -0.0170561 -3.49411e-05 -3.13453e-05 -0.0170561 0.0841821 -2.54836e-05 0.000335889 -3.49411e-05 -2.54836e-05 0.00928389 -0.0169964 -3.13453e-05 0.000335889 -0.0169964 0.0838065 
0.00928299 -0.0170266 -2.80786e-05 -4.30251e-05 -0.0170266 0.0839271 -3.77097e-05 0.000365079 -2.80786e-05 -3.77097e-05 0.00924619 -0.0169128 -4.30251e-05 0.000365079 -0.0169128 0.0834527 
0.00929593 -0.0170602 -2.27776e-05 -5.01332e-05 -0.0170602 0.0840989 -4.62764e-05 0.000391991 -2.27776e-05 -4.62764e-05 0.00924043 -0.0169334 -5.01332e-05 0.000391991 -0.0169334 0.0835459 
0.00931314 -0.0171121 -1.98231e-05 -5.65012e-05 -0.0171121 0.0843739 -5.39433e-05 0.00041425 -1.98231e-05 -5.39433e-05 0.00925661 -0.0169672 -5.65012e-05 0.00041425 -0.0169672 0.0837747 
0.00930449 -0.0171045 -1.47032e-05 -5.66033e-05 -0.0171045 0.0843943 -5.66847e-05 0.000420936 -1.47032e-05 -5.66847e-05 0.00925295 -0.0169621 -5.66033e-05 0.000420936 -0.0169621 0.0837864 
0.00926585 -0.0170496 -2.07655e-05 -5.41782e-05 -0.0170496 0.0841785 -5.47e-05 0.000406747 -2.07655e-05 -5.47e-05 0.00924289 -0.0169221 -5.41782e-05 0.000406747 -0.0169221 0.083608 
0.00922392 -0.0170145 -2.79232e-05 -4.56372e-05 -0.0170145 0.08408 -4.50537e-05 0.000382608 -2.79232e-05 -4.50537e-05 0.00927436 -0.0169296 -4.56372e-05 0.000382608 -0.0169296 0.0836035 
0.00916984 -0.0169311 -4.62877e-05 -3.55113e-05 -0.0169311 0.0838004 -3.38429e-05 0.000348967 -4.62877e-05 -3.38429e-05 0.00930497 -0.0169388 -3.55113e-05 0.000348967 -0.0169388 0.083516 
0.009124 -0.0168145 -5.85845e-05 -1.2678e-05 -0.0168145 0.0833352 -1.40267e-05 0.000302425 -5.85845e-05 -1.40267e-05 0.00929311 -0.0169399 -1.2678e-05 0.000302425 -0.0169399 0.08334 
0.00915903 -0.0168378 -5.84879e-05 3.81541e-06 -0.0168378 0.0834373 -1.33095e-06 0.000259809 -5.84879e-05 -1.33095e-06 0.00931001 -0.0170156 3.81541e-06 0.000259809 -0.0170156 0.0836626 
0.0092073 -0.0169034 -3.42779e-05 4.5435e-06 -0.0169034 0.0836649 -1.65862e-07 0.000241565 -3.42779e-05 -1.65862e-07 0.00932428 -0.0170581 4.5435e-06 0.000241565 -0.0170581 0.0839338 
0.00923341 -0.016975 -1.01823e-05 -2.59247e-05 -0.016975 0.0839117 -2.89721e-05 0.000281851 -1.01823e-05 -2.89721e-05 0.00932922 -0.0170715 -2.59247e-05 0.000281851 -0.0170715 0.0840709 
0.00926477 -0.0170326 -1.55361e-05 -5.66009e-05 -0.0170326 0.0841828 -6.19681e-05 0.000357193 -1.55361e-05 -6.19681e-05 0.0093327 -0.0170851 -5.66009e-05 0.000357193 -0.0170851 0.0841949 
0.00926383 -0.0170515 -1.62746e-05 -5.30593e-05 -0.0170515 0.0842619 -6.00747e-05 0.000389303 -1.62746e-05 -6.00747e-05 0.00934171 -0.0170652 -5.30593e-05 0.000389303 -0.0170652 0.0841452 
0.0092838 -0.0170778 -2.75159e-05 -5.20412e-05 -0.0170778 0.0844246 -5.89498e-05 0.000393892 -2.75159e-05 -5.89498e-05 0.00935094 -0.0170959 -5.20412e-05 0.000393892 -0.0170959 0.0842503 
0.00930551 -0.0170869 -1.38449e-05 -4.05791e-05 -0.0170869 0.0844603 -4.59598e-05 0.000377889 -1.38449e-05 -4.59598e-05 0.0093288 -0.0170919 -4.05791e-05 0.000377889 -0.0170919 0.0842484 
0.00931391 -0.0170631 -2.16593e-05 -5.64841e-05 -0.0170631 0.0842782 -5.71758e-05 0.000385245 -2.16593e-05 -5.71758e-05 0.0092707 -0.0170188 -5.64841e-05 0.000385245 -0.0170188 0.0839766 
0.00928652 -0.0170643 -3.63176e-05 -4.85996e-05 -0.0170643 0.0841632 -4.34279e-05 0.00037604 -3.63176e-05 -4.34279e-05 0.00925587 -0.0169325 -4.85996e-05 0.00037604 -0.0169325 0.0836725 
0.00927237 -0.017058 -5.19264e-05 -3.03671e-05 -0.017058 0.0841877 -2.35506e-05 0.000336859 -5.19264e-05 -2.35506e-05 0.009277 -0.0169364 -3.03671e-05 0.000336859 -0.0169364 0.0836192 
0.00925532 -0.0169935 -5.87296e-05 -8.04913e-06 -0.0169935 0.0839286 -4.10644e-06 0.000283928 -5.87296e-05 -4.10644e-06 0.00924047 -0.0169178 -8.04913e-06 0.000283928 -0.0169178 0.0834203 
0.00925386 -0.0170131 -3.98895e-05 1.99499e-06 -0.0170131 0.0839857 2.64883e-06 0.000248495 -3.98895e-05 2.64883e-06 0.00923959 -0.0169253 1.99499e-06 0.000248495 -0.0169253 0.0835075 
0.00928252 -0.0170105 -1.56487e-05 -1.78358e-05 -0.0170105 0.0840067 -1.70893e-05 0.000262156 -1.56487e-05 -1.70893e-05 0.00921417 -0.0169229 -1.78358e-05 0.000262156 -0.0169229 0.0835322 
0.00929403 -0.0170454 -7.10745e-06 -5.17575e-05 -0.0170454 0.0840705 -4.89931e-05 0.000329168 -7.10745e-06 -4.89931e-05 0.00921 -0.0168921 -5.17575e-05 0.000329168 -0.0168921 0.0835 
0.00927946 -0.0170706 -1.80336e-05 -6.63431e-05 -0.0170706 0.0841714 -6.42421e-05 0.000387619 -1.80336e-05 -6.42421e-05 0.00924698 -0.0168904 -6.63431e-05 0.000387619 -0.0168904 0.0834989 
0.00925613 -0.017029 -3.24737e-05 -5.14394e-05 -0.017029 0.0840734 -5.25607e-05 0.000388537 -3.24737e-05 -5.25607e-05 0.00926152 -0.0169169 -5.14394e-05 0.000388537 -0.0169169 0.0834765 
0.0092561 -0.0170004 -3.54751e-05 -2.9785e-05 -0.0170004 0.08398 -3.29387e-05 0.000347657 -3.54751e-05 -3.29387e-05 0.00925218 -0.0169395 -2.9785e-05 0.000347657 -0.0169395 0.0835195 
0.00927044 -0.0170372 -2.72786e-05 -2.58353e-05 -0.0170372 0.0841167 -2.90608e-05 0.000323562 -2.72786e-05 -2.90608e-05 0.00925613 -0.0169623 -2.58353e-05 0.000323562 -0.0169623 0.0836871 
0.00922039 -0.0169627 -1.46697e-05 -3.82114e-05 -0.0169627 0.0837579 -3.92158e-05 0.0003342 -1.46697e-05 -3.92158e-05 0.00923057 -0.0168754 -3.82114e-05 0.0003342 -0.0168754 0.0833123 
0.00915834 -0.0168654 -5.27293e-06 -5.39076e-05 -0.0168654 0.0833215 -5.30133e-05 0.000363562 -5.27293e-06 -5.30133e-05 0.00921476 -0.0168081 -5.39076e-05 0.000363562 -0.0168081 0.0829133 
0.0091168 -0.0167826 -2.82798e-06 -6.64096e-05 -0.0167826 0.0829742 -6.38077e-05 0.000395384 -2.82798e-06 -6.38077e-05 0.00920186 -0.0167923 -6.64096e-05 0.000395384 -0.0167923 0.0827093 
0.00912444 -0.0167865 2.9216e-06 -7.16531e-05 -0.0167865 0.0830093 -6.90229e-05 0.00041928 2.9216e-06 -6.90229e-05 0.00920561 -0.0168398 -7.16531e-05 0.00041928 -0.0168398 0.0828911 
0.00915348 -0.016826 3.33422e-06 -8.0941e-05 -0.016826 0.0831895 -7.55044e-05 0.000440226 3.33422e-06 -7.55044e-05 0.00920542 -0.0168765 -8.0941e-05 0.000440226 -0.0168765 0.0831278 
0.00916046 -0.0168461 3.84686e-06 -8.46829e-05 -0.0168461 0.0832558 -7.48767e-05 0.000453528 3.84686e-06 -7.48767e-05 0.0091983 -0.0168595 -8.46829e-05 0.000453528 -0.0168595 0.0831485 
0.00917485 -0.0168978 -8.89573e-06 -8.56261e-05 -0.0168978 0.0835231 -7.36927e-05 0.000457059 -8.89573e-06 -7.36927e-05 0.00923911 -0.0168994 -8.56261e-05 0.000457059 -0.0168994 0.08338 
0.00919176 -0.0169205 -1.52698e-05 -6.85738e-05 -0.0169205 0.0837043 -5.77025e-05 0.000431916 -1.52698e-05 -5.77025e-05 0.00926861 -0.0169576 -6.85738e-05 0.000431916 -0.0169576 0.0836091 
0.00921878 -0.0169489 -1.61121e-05 -5.92949e-05 -0.0169489 0.0838657 -4.89795e-05 0.000402766 -1.61121e-05 -4.89795e-05 0.00929491 -0.0170108 -5.92949e-05 0.000402766 -0.0170108 0.0838524 
0.00921752 -0.0169441 -2.29004e-05 -5.66325e-05 -0.0169441 0.0838105 -4.99563e-05 0.000390145 -2.29004e-05 -4.99563e-05 0.00929409 -0.0170062 -5.66325e-05 0.000390145 -0.0170062 0.0838337 
0.00920677 -0.016934 -2.84157e-05 -4.57106e-05 -0.016934 0.0837384 -4.67646e-05 0.000377955 -2.84157e-05 -4.67646e-05 0.00928143 -0.0169918 -4.57106e-05 0.000377955 -0.0169918 0.0837613 
0.00921448 -0.0169542 -4.5832e-05 -3.75629e-05 -0.0169542 0.0838435 -4.23238e-05 0.000363746 -4.5832e-05 -4.23238e-05 0.00928601 -0.0170012 -3.75629e-05 0.000363746 -0.0170012 0.0838349 
0.00919573 -0.0168954 -5.98603e-05 -1.69515e-05 -0.0168954 0.0835722 -1.80997e-05 0.000321588 -5.98603e-05 -1.80997e-05 0.00924486 -0.0169413 -1.69515e-05 0.000321588 -0.0169413 0.0835503 
0.00920458 -0.0169238 -5.66242e-05 2.95202e-06 -0.0169238 0.0836779 3.08298e-06 0.000267403 -5.66242e-05 3.08298e-06 0.00925473 -0.0169528 2.95202e-06 0.000267403 -0.0169528 0.0836415 
0.0092127 -0.0169141 -4.77385e-05 3.70956e-06 -0.0169141 0.0836384 8.62653e-08 0.000241249 -4.77385e-05 8.62653e-08 0.00922811 -0.0169387 3.70956e-06 0.000241249 -0.0169387 0.0835794 
0.00922223 -0.0169443 -4.92118e-05 -4.35862e-06 -0.0169443 0.08373 -9.27643e-06 0.000244425 -4.92118e-05 -9.27643e-06 0.00922255 -0.0169214 -4.35862e-06 0.000244425 -0.0169214 0.0835854 
0.00923106 -0.0169615 -5.70346e-05 -4.85144e-06 -0.0169615 0.0838087 -9.30921e-06 0.000250502 -5.70346e-05 -9.30921e-06 0.00922728 -0.0169079 -4.85144e-06 0.000250502 -0.0169079 0.0835554 
0.00918918 -0.0169075 -4.75529e-05 2.86552e-06 -0.0169075 0.0835415 4.29673e-08 0.000238133 -4.75529e-05 4.29673e-08 0.00921835 -0.0168472 2.86552e-06 0.000238133 -0.0168472 0.0832306 
0.00918842 -0.0168978 -3.72456e-05 -9.93067e-06 -0.0168978 0.0835501 -1.07884e-05 0.000249968 -3.72456e-05 -1.07884e-05 0.00923908 -0.0168864 -9.93067e-06 0.000249968 -0.0168864 0.0833058 
0.00920158 -0.0168737 -1.21253e-05 -2.58617e-05 -0.0168737 0.0834411 -2.4029e-05 0.000283381 -1.21253e-05 -2.4029e-05 0.00921354 -0.0168976 -2.58617e-05 0.000283381 -0.0168976 0.0833018 
0.00920732 -0.016892 -2.24136e-05 -5.45803e-05 -0.016892 0.083422 -5.62777e-05 0.000344525 -2.24136e-05 -5.62777e-05 0.00920336 -0.016867 -5.45803e-05 0.000344525 -0.016867 0.0832474 
0.00920281 -0.0169152 -2.61031e-05 -4.63555e-05 -0.0169152 0.0834891 -5.1777e-05 0.000371819 -2.61031e-05 -5.1777e-05 0.00921078 -0.0168525 -4.63555e-05 0.000371819 -0.0168525 0.0831997 
0.00921196 -0.0169139 -2.32744e-05 -3.93318e-05 -0.0169139 0.0835209 -4.37634e-05 0.000360506 -2.32744e-05 -4.37634e-05 0.0091948 -0.0168601 -3.93318e-05 0.000360506 -0.0168601 0.0831896 
0.00918932 -0.0168597 -1.94081e-05 -4.10107e-05 -0.0168597 0.083225 -4.1764e-05 0.000349367 -1.94081e-05 -4.1764e-05 0.00914208 -0.0167778 -4.10107e-05 0.000349367 -0.0167778 0.0828445 
0.00918294 -0.0168858 -1.74887e-05 -4.47415e-05 -0.0168858 0.0833045 -4.47182e-05 0.000349698 -1.74887e-05 -4.47182e-05 0.00914337 -0.0167587 -4.47415e-05 0.000349698 -0.0167587 0.0828165 
0.00918956 -0.016917 -2.24576e-05 -4.38237e-05 -0.016917 0.083516 -4.71375e-05 0.000350487 -2.24576e-05 -4.71375e-05 0.00916829 -0.0167951 -4.38237e-05 0.000350487 -0.0167951 0.0829812 
0.00917577 -0.0169178 -2.20942e-05 -3.58422e-05 -0.0169178 0.0835893 -4.36956e-05 0.00034028 -2.20942e-05 -4.36956e-05 0.00918948 -0.0168199 -3.58422e-05 0.00034028 -0.0168199 0.083083 
0.00916912 -0.0169117 -2.52688e-05 -3.60627e-05 -0.0169117 0.0836558 -4.49796e-05 0.000336366 -2.52688e-05 -4.49796e-05 0.00922233 -0.0168593 -3.60627e-05 0.000336366 -0.0168593 0.0832394 
0.0091739 -0.0169122 -2.64779e-05 -3.19176e-05 -0.0169122 0.0837257 -3.89987e-05 0.000326912 -2.64779e-05 -3.89987e-05 0.00925057 -0.0169099 -3.19176e-05 0.000326912 -0.0169099 0.0834285 
0.00918002 -0.0169104 -1.87718e-05 -3.15611e-05 -0.0169104 0.0837435 -3.63416e-05 0.000319006 -1.87718e-05 -3.63416e-05 0.00927471 -0.0169432 -3.15611e-05 0.000319006 -0.0169432 0.083556 
0.00918635 -0.0168584 -7.06254e-06 -4.04146e-05 -0.0168584 0.0834786 -4.26206e-05 0.000324561 -7.06254e-06 -4.26206e-05 0.00924597 -0.0169157 -4.04146e-05 0.000324561 -0.0169157 0.0833744 
0.00919963 -0.0168794 -1.29323e-06 -5.5331e-05 -0.0168794 0.0834332 -5.83428e-05 0.000353094 -1.29323e-06 -5.83428e-05 0.00924029 -0.0168924 -5.5331e-05 0.000353094 -0.0168924 0.0832933 
0.0092105 -0.016913 -3.46481e-06 -6.64638e-05 -0.016913 0.0835081 -6.85179e-05 0.000388444 -3.46481e-06 -6.85179e-05 0.00924897 -0.0168917 -6.64638e-05 0.000388444 -0.0168917 0.0832729 
0.00923477 -0.0169583 -2.43258e-05 -6.83993e-05 -0.0169583 0.0837133 -6.60646e-05 0.000406025 -2.43258e-05 -6.60646e-05 0.00926106 -0.0169358 -6.83993e-05 0.000406025 -0.0169358 0.0834354 
0.00923761 -0.0170156 -3.63566e-05 -4.7261e-05 -0.0170156 0.0839791 -4.21113e-05 0.000380969 -3.63566e-05 -4.21113e-05 0.00930385 -0.016981 -4.7261e-05 0.000380969 -0.016981 0.0836774 
0.00925361 -0.0170036 -4.55255e-05 -3.26676e-05 -0.0170036 0.084028 -2.6836e-05 0.000343515 -4.55255e-05 -2.6836e-05 0.00930183 -0.0170202 -3.26676e-05 0.000343515 -0.0170202 0.0837992 
0.00928338 -0.0170757 -4.35465e-05 -2.32522e-05 -0.0170757 0.084345 -1.60539e-05 0.000316838 -4.35465e-05 -1.60539e-05 0.00933342 -0.0170787 -2.32522e-05 0.000316838 -0.0170787 0.0841459 
0.00931949 -0.0171297 -3.28925e-05 -2.83835e-05 -0.0171297 0.0846389 -1.92334e-05 0.000316484 -3.28925e-05 -1.92334e-05 0.00934074 -0.0171309 -2.83835e-05 0.000316484 -0.0171309 0.0844346 
0.00932843 -0.0171101 -4.03578e-05 -4.09827e-05 -0.0171101 0.0845248 -3.38213e-05 0.000339915 -4.03578e-05 -3.38213e-05 0.00931008 -0.0170691 -4.09827e-05 0.000339915 -0.0170691 0.0842458 
0.00934861 -0.0171269 -4.21273e-05 -3.25087e-05 -0.0171269 0.0845281 -2.65078e-05 0.000342054 -4.21273e-05 -2.65078e-05 0.00929353 -0.017038 -3.25087e-05 0.000342054 -0.017038 0.0841363 
0.00933803 -0.0171509 -3.89272e-05 -2.91233e-05 -0.0171509 0.0845659 -2.32535e-05 0.000333195 -3.89272e-05 -2.32535e-05 0.00930656 -0.0170149 -2.91233e-05 0.000333195 -0.0170149 0.0840496 
0.00932647 -0.0171562 -4.1367e-05 -3.34323e-05 -0.0171562 0.0846528 -2.89896e-05 0.000339957 -4.1367e-05 -2.89896e-05 0.00934446 -0.0170543 -3.34323e-05 0.000339957 -0.0170543 0.0841475 
0.00931941 -0.0171782 -4.76101e-05 -2.96871e-05 -0.0171782 0.0848441 -2.7127e-05 0.0003403 -4.76101e-05 -2.7127e-05 0.00941088 -0.0171409 -2.96871e-05 0.0003403 -0.0171409 0.0844645 
0.0093041 -0.0171223 -3.77554e-05 -1.89787e-05 -0.0171223 0.0846842 -2.18898e-05 0.000326301 -3.77554e-05 -2.18898e-05 0.00944203 -0.0171771 -1.89787e-05 0.000326301 -0.0171771 0.0845105 
0.00931429 -0.0171389 -2.20652e-05 -2.67364e-05 -0.0171389 0.0847556 -3.66748e-05 0.000336623 -2.20652e-05 -3.66748e-05 0.00946459 -0.0172485 -2.67364e-05 0.000336623 -0.0172485 0.0847544 
0.00929529 -0.0170984 -3.0556e-05 -4.75845e-05 -0.0170984 0.0845435 -6.03262e-05 0.000382679 -3.0556e-05 -6.03262e-05 0.00944374 -0.0172152 -4.75845e-05 0.000382679 -0.0172152 0.084607 
0.00927906 -0.0170608 -4.74007e-05 -3.95546e-05 -0.0170608 0.0843472 -4.94934e-05 0.000390951 -4.74007e-05 -4.94934e-05 0.00941208 -0.017177 -3.95546e-05 0.000390951 -0.017177 0.0844232 
0.00928898 -0.0170817 -5.33516e-05 -2.04681e-05 -0.0170817 0.0844261 -2.76114e-05 0.000358916 -5.33516e-05 -2.76114e-05 0.00940326 -0.0171797 -2.04681e-05 0.000358916 -0.0171797 0.0844762 
0.00928594 -0.0170472 -4.37559e-05 -9.40629e-06 -0.0170472 0.0842468 -1.39817e-05 0.000317019 -4.37559e-05 -1.39817e-05 0.00935143 -0.0171169 -9.40629e-06 0.000317019 -0.0171169 0.0842311 
0.0092778 -0.0170341 -4.41641e-05 -2.12687e-05 -0.0170341 0.0841063 -2.04493e-05 0.000309807 -4.41641e-05 -2.04493e-05 0.00930822 -0.0170386 -2.12687e-05 0.000309807 -0.0170386 0.0839543 
0.00930606 -0.0170619 -4.07523e-05 -2.43838e-05 -0.0170619 0.0842109 -2.04061e-05 0.000316449 -4.07523e-05 -2.04061e-05 0.00927748 -0.0170206 -2.43838e-05 0.000316449 -0.0170206 0.0839202 
0.00929683 -0.0170803 -3.41203e-05 -2.82475e-05 -0.0170803 0.0842232 -2.48488e-05 0.000324124 -3.41203e-05 -2.48488e-05 0.00925904 -0.0169616 -2.82475e-05 0.000324124 -0.0169616 0.0837536 
0.00929551 -0.0171013 -9.20683e-06 -3.21475e-05 -0.0171013 0.0843699 -3.37946e-05 0.000334606 -9.20683e-06 -3.37946e-05 0.00926931 -0.0169688 -3.21475e-05 0.000334606 -0.0169688 0.0837953 
0.00928663 -0.0171167 2.47017e-06 -6.04603e-05 -0.0171167 0.0845156 -6.17276e-05 0.000378588 2.47017e-06 -6.17276e-05 0.00929516 -0.0169986 -6.04603e-05 0.000378588 -0.0169986 0.0839297 
0.00928686 -0.0170705 -6.55821e-06 -7.33945e-05 -0.0170705 0.0844037 -7.18349e-05 0.000414427 -6.55821e-06 -7.18349e-05 0.0092798 -0.0170048 -7.33945e-05 0.000414427 -0.0170048 0.0839146 
0.00928705 -0.0170345 -1.14002e-05 -6.05087e-05 -0.0170345 0.0841897 -5.88945e-05 0.000402359 -1.14002e-05 -5.88945e-05 0.00925364 -0.0169608 -6.05087e-05 0.000402359 -0.0169608 0.0837514 
0.00925181 -0.0169701 -3.00191e-05 -5.02228e-05 -0.0169701 0.0837792 -5.29192e-05 0.000375146 -3.00191e-05 -5.29192e-05 0.00921076 -0.0168621 -5.02228e-05 0.000375146 -0.0168621 0.0832977 
0.00921648 -0.0169663 -3.55363e-05 -2.52549e-05 -0.0169663 0.0837105 -3.47322e-05 0.00033325 -3.55363e-05 -3.47322e-05 0.00921978 -0.0168421 -2.52549e-05 0.00033325 -0.0168421 0.0831715 
0.0091856 -0.0169276 -4.08174e-05 -1.97438e-05 -0.0169276 0.0836243 -3.13321e-05 0.000308167 -4.08174e-05 -3.13321e-05 0.0092262 -0.0168547 -1.97438e-05 0.000308167 -0.0168547 0.0831378 
0.00917634 -0.0168818 -4.64137e-05 -1.61299e-05 -0.0168818 0.0834803 -2.1847e-05 0.000291582 -4.64137e-05 -2.1847e-05 0.00920603 -0.0168572 -1.61299e-05 0.000291582 -0.0168572 0.0831036 
0.00918154 -0.0168519 -5.15998e-05 -8.69256e-06 -0.0168519 0.083311 -8.98768e-06 0.000265253 -5.15998e-05 -8.98768e-06 0.00916235 -0.016818 -8.69256e-06 0.000265253 -0.016818 0.0829725 
0.00917897 -0.0168792 -5.46709e-05 -2.2089e-07 -0.0168792 0.0833559 3.78886e-06 0.000230993 -5.46709e-05 3.78886e-06 0.00915423 -0.0167883 -2.2089e-07 0.000230993 -0.0167883 0.0829384 
0.00914733 -0.016821 -5.02023e-05 6.11365e-06 -0.016821 0.0830996 9.07184e-06 0.00020305 -5.02023e-05 9.07184e-06 0.00912412 -0.0167177 6.11365e-06 0.00020305 -0.0167177 0.0826144 
0.00911976 -0.0167839 -3.42424e-05 2.39383e-07 -0.0167839 0.0829212 1.93111e-06 0.000203344 -3.42424e-05 1.93111e-06 0.00911157 -0.0166785 2.39383e-07 0.000203344 -0.0166785 0.0824077 
0.0090949 -0.0167669 -2.38559e-05 -1.62597e-05 -0.0167669 0.0828703 -1.52443e-05 0.000226926 -2.38559e-05 -1.52443e-05 0.00912626 -0.0166821 -1.62597e-05 0.000226926 -0.0166821 0.0823821 
0.00909186 -0.0167258 -1.99538e-05 -3.06988e-05 -0.0167258 0.0827542 -2.85332e-05 0.000262579 -1.99538e-05 -2.85332e-05 0.00911797 -0.0166973 -3.06988e-05 0.000262579 -0.0166973 0.082378 
0.00912405 -0.0167563 -2.3376e-05 -3.43868e-05 -0.0167563 0.0828659 -3.51404e-05 0.000284886 -2.3376e-05 -3.51404e-05 0.00911111 -0.0167268 -3.43868e-05 0.000284886 -0.0167268 0.0825504 
0.00917176 -0.0168047 -4.344e-05 -2.65996e-05 -0.0168047 0.0830282 -3.13898e-05 0.000280687 -4.344e-05 -3.13898e-05 0.00909745 -0.0167288 -2.65996e-05 0.000280687 -0.0167288 0.0826595 
0.00918734 -0.0168722 -3.31635e-05 -2.38507e-06 -0.0168722 0.0832319 -8.75257e-06 0.000241762 -3.31635e-05 -8.75257e-06 0.00910911 -0.0167126 -2.38507e-06 0.000241762 -0.0167126 0.0826927 
0.00918015 -0.0168917 -3.05244e-05 -1.40096e-05 -0.0168917 0.0833465 -1.5088e-05 0.000230226 -3.05244e-05 -1.5088e-05 0.00913077 -0.0167181 -1.40096e-05 0.000230226 -0.0167181 0.0826951 
0.00918241 -0.0169115 -3.35572e-05 -2.30137e-05 -0.0169115 0.0835141 -1.84337e-05 0.000245578 -3.35572e-05 -1.84337e-05 0.0091587 -0.0167686 -2.30137e-05 0.000245578 -0.0167686 0.0828706 
0.00917659 -0.016891 -3.57388e-05 -2.33905e-05 -0.016891 0.0834836 -1.80586e-05 0.000257109 -3.57388e-05 -1.80586e-05 0.00916552 -0.0167867 -2.33905e-05 0.000257109 -0.0167867 0.0829198 
0.00916565 -0.0168576 -3.6431e-05 -2.08556e-05 -0.0168576 0.0833331 -2.01933e-05 0.000264139 -3.6431e-05 -2.01933e-05 0.00915739 -0.0167702 -2.08556e-05 0.000264139 -0.0167702 0.0828316 
0.00915794 -0.0168273 -3.92173e-05 -1.87041e-05 -0.0168273 0.0831681 -2.2178e-05 0.000268002 -3.92173e-05 -2.2178e-05 0.00913603 -0.0167464 -1.87041e-05 0.000268002 -0.0167464 0.0827019 
0.00914044 -0.0168326 -3.87564e-05 -1.34069e-05 -0.0168326 0.0831462 -2.01178e-05 0.000263876 -3.87564e-05 -2.01178e-05 0.0091447 -0.0167297 -1.34069e-05 0.000263876 -0.0167297 0.0826511 
0.00913581 -0.0168192 -4.52985e-05 -9.03773e-06 -0.0168192 0.083138 -1.87149e-05 0.000252305 -4.52985e-05 -1.87149e-05 0.00915311 -0.0167416 -9.03773e-06 0.000252305 -0.0167416 0.0826542 
0.00913343 -0.0168145 -3.30107e-05 2.70892e-06 -0.0168145 0.08313 -9.55888e-06 0.000227773 -3.30107e-05 -9.55888e-06 0.00915417 -0.0167553 2.70892e-06 0.000227773 -0.0167553 0.0826877 
0.00910034 -0.0167662 -1.65602e-05 -7.73453e-06 -0.0167662 0.0829039 -1.95546e-05 0.000223779 -1.65602e-05 -1.95546e-05 0.00913673 -0.0167157 -7.73453e-06 0.000223779 -0.0167157 0.0824966 
0.00909837 -0.0167593 -1.28068e-06 -3.1523e-05 -0.0167593 0.0828988 -3.51592e-05 0.000254791 -1.28068e-06 -3.51592e-05 0.00913738 -0.0167216 -3.1523e-05 0.000254791 -0.0167216 0.0825148 
0.00910018 -0.0167817 5.02306e-06 -5.56999e-05 -0.0167817 0.0830155 -5.13512e-05 0.000302296 5.02306e-06 -5.13512e-05 0.00915025 -0.0167449 -5.56999e-05 0.000302296 -0.0167449 0.0826366 
0.00911274 -0.0167777 1.24747e-05 -6.97953e-05 -0.0167777 0.083052 -6.09715e-05 0.000345532 1.24747e-05 -6.09715e-05 0.00913842 -0.0167612 -6.97953e-05 0.000345532 -0.0167612 0.0827125 
0.00910372 -0.0167942 -2.94162e-07 -7.7992e-05 -0.0167942 0.0831013 -7.11273e-05 0.000376301 -2.94162e-07 -7.11273e-05 0.00914333 -0.0167495 -7.7992e-05 0.000376301 -0.0167495 0.0827429 
0.00907675 -0.0166983 -1.52695e-05 -5.86472e-05 -0.0166983 0.0826961 -5.65142e-05 0.000359567 -1.52695e-05 -5.65142e-05 0.00909421 -0.0166715 -5.86472e-05 0.000359567 -0.0166715 0.0823514 
0.00907053 -0.0166687 -1.94845e-05 -3.35865e-05 -0.0166687 0.0824801 -3.64229e-05 0.000306874 -1.94845e-05 -3.64229e-05 0.0090737 -0.0166197 -3.35865e-05 0.000306874 -0.0166197 0.0821215 
0.00908827 -0.0166795 -1.59623e-05 -2.2746e-05 -0.0166795 0.0824534 -2.9545e-05 0.000265298 -1.59623e-05 -2.9545e-05 0.00905277 -0.0166064 -2.2746e-05 0.000265298 -0.0166064 0.0820386 
0.00907783 -0.0167079 -1.66996e-05 -2.60437e-05 -0.0167079 0.0824945 -3.65996e-05 0.000259279 -1.66996e-05 -3.65996e-05 0.00905769 -0.0165813 -2.60437e-05 0.000259279 -0.0165813 0.0819655 
0.00910922 -0.0167585 -2.46133e-05 -2.47696e-05 -0.0167585 0.0827933 -3.79613e-05 0.000261637 -2.46133e-05 -3.79613e-05 0.00908157 -0.0166428 -2.47696e-05 0.000261637 -0.0166428 0.0822164 
0.00915808 -0.0168107 -3.70056e-05 -1.55521e-05 -0.0168107 0.0830456 -2.46184e-05 0.000242787 -3.70056e-05 -2.46184e-05 0.00908634 -0.0166844 -1.55521e-05 0.000242787 -0.0166844 0.0824413 
0.00919221 -0.0168664 -6.34743e-05 -7.04134e-06 -0.0168664 0.0832317 -7.00692e-06 0.000214958 -6.34743e-05 -7.00692e-06 0.00909434 -0.0166843 -7.04134e-06 0.000214958 -0.0166843 0.0825239 
0.00919882 -0.0169266 -6.41279e-05 1.92372e-05 -0.0169266 0.0834664 2.74105e-05 0.000160242 -6.41279e-05 2.74105e-05 0.00912934 -0.0167046 1.92372e-05 0.000160242 -0.0167046 0.0826321 
0.00918609 -0.0169488 -4.60086e-05 1.8788e-05 -0.0169488 0.0836505 2.99633e-05 0.000131645 -4.60086e-05 2.99633e-05 0.00917314 -0.0167599 1.8788e-05 0.000131645 -0.0167599 0.0828146 
0.00918625 -0.0169363 -2.96259e-05 -4.2757e-06 -0.0169363 0.0837293 3.87444e-06 0.000167605 -2.96259e-05 3.87444e-06 0.00919524 -0.016826 -4.2757e-06 0.000167605 -0.016826 0.0830391 
0.00920838 -0.0169546 -1.21273e-05 -2.66238e-05 -0.0169546 0.0838576 -2.41186e-05 0.000234228 -1.21273e-05 -2.41186e-05 0.00921681 -0.0168749 -2.66238e-05 0.000234228 -0.0168749 0.0832936 
0.00920926 -0.0169401 -1.42541e-05 -4.89643e-05 -0.0169401 0.0837728 -4.98348e-05 0.000302988 -1.42541e-05 -4.98348e-05 0.0092148 -0.0168665 -4.89643e-05 0.000302988 -0.0168665 0.0832698 
0.00919632 -0.0169146 -2.00349e-05 -4.63335e-05 -0.0169146 0.0836146 -4.65404e-05 0.000326168 -2.00349e-05 -4.65404e-05 0.00921596 -0.0168391 -4.63335e-05 0.000326168 -0.0168391 0.083131 
0.00921725 -0.0169231 -2.46275e-05 -4.02975e-05 -0.0169231 0.0836497 -3.82473e-05 0.000321369 -2.46275e-05 -3.82473e-05 0.00922699 -0.0168747 -4.02975e-05 0.000321369 -0.0168747 0.0832268 
0.00924088 -0.0170109 -3.54903e-05 -3.88869e-05 -0.0170109 0.0840104 -3.45367e-05 0.000319221 -3.54903e-05 -3.45367e-05 0.00929083 -0.0169548 -3.88869e-05 0.000319221 -0.0169548 0.0836139 
0.00926472 -0.0170331 -3.94142e-05 -2.59281e-05 -0.0170331 0.0841749 -2.17163e-05 0.000300689 -3.94142e-05 -2.17163e-05 0.00931036 -0.0170157 -2.59281e-05 0.000300689 -0.0170157 0.0838316 
0.00932043 -0.0170845 -3.90445e-05 -2.08284e-05 -0.0170845 0.0844011 -1.86275e-05 0.000285877 -3.90445e-05 -1.86275e-05 0.00930199 -0.0170617 -2.08284e-05 0.000285877 -0.0170617 0.0840785 
0.00936825 -0.017199 -4.64817e-05 -1.9963e-05 -0.017199 0.0848359 -2.0687e-05 0.000284013 -4.64817e-05 -2.0687e-05 0.00932228 -0.01709 -1.9963e-05 0.000284013 -0.01709 0.0843681 
0.00938277 -0.017226 -3.31783e-05 -1.08032e-05 -0.017226 0.0849724 -1.19878e-05 0.000271108 -3.31783e-05 -1.19878e-05 0.00933122 -0.0170788 -1.08032e-05 0.000271108 -0.0170788 0.0843619 
0.00937853 -0.0172132 -2.22148e-05 -2.87989e-05 -0.0172132 0.0849005 -2.82362e-05 0.000292031 -2.22148e-05 -2.82362e-05 0.00931961 -0.01705 -2.87989e-05 0.000292031 -0.01705 0.0841994 
0.00940795 -0.0172718 -1.14559e-05 -4.69984e-05 -0.0172718 0.0851708 -4.24298e-05 0.000334857 -1.14559e-05 -4.24298e-05 0.00933937 -0.0170979 -4.69984e-05 0.000334857 -0.0170979 0.0844164 
0.00937959 -0.0172601 -1.18672e-05 -6.16274e-05 -0.0172601 0.0851087 -5.31017e-05 0.000370707 -1.18672e-05 -5.31017e-05 0.00935351 -0.0170696 -6.16274e-05 0.000370707 -0.0170696 0.0843005 
0.00935468 -0.0172334 -2.75421e-05 -6.1384e-05 -0.0172334 0.0850646 -5.50508e-05 0.000389099 -2.75421e-05 -5.50508e-05 0.00937832 -0.0170934 -6.1384e-05 0.000389099 -0.0170934 0.0843104 
0.00934495 -0.0172001 -3.47963e-05 -4.04538e-05 -0.0172001 0.0849905 -4.14829e-05 0.000369802 -3.47963e-05 -4.14829e-05 0.00939477 -0.0171324 -4.04538e-05 0.000369802 -0.0171324 0.0843965 
0.00932097 -0.0171378 -5.41696e-05 -2.91496e-05 -0.0171378 0.0847008 -3.23679e-05 0.000341035 -5.41696e-05 -3.23679e-05 0.00938959 -0.0171148 -2.91496e-05 0.000341035 -0.0171148 0.0842656 
0.00929453 -0.0170999 -4.90511e-05 -8.63768e-06 -0.0170999 0.0844791 -1.12959e-05 0.000302231 -4.90511e-05 -1.12959e-05 0.00938084 -0.0170963 -8.63768e-06 0.000302231 -0.0170963 0.0841309 
0.00928081 -0.0171091 -3.15445e-05 -1.79007e-05 -0.0171091 0.084527 -1.75823e-05 0.000298879 -3.15445e-05 -1.75823e-05 0.00940358 -0.0171227 -1.79007e-05 0.000298879 -0.0171227 0.0842293 
0.00927095 -0.0170768 -1.18672e-05 -4.37892e-05 -0.0170768 0.0844517 -3.77218e-05 0.000341519 -1.18672e-05 -3.77218e-05 0.00939147 -0.0171399 -4.37892e-05 0.000341519 -0.0171399 0.0842558 
0.00925605 -0.0170383 -8.90199e-06 -7.11298e-05 -0.0170383 0.0842802 -6.20173e-05 0.000405375 -8.90199e-06 -6.20173e-05 0.00936793 -0.0171134 -7.11298e-05 0.000405375 -0.0171134 0.0841722 
0.00929826 -0.0170422 -1.00442e-05 -7.5383e-05 -0.0170422 0.0842975 -6.72305e-05 0.000441799 -1.00442e-05 -6.72305e-05 0.00933465 -0.0171139 -7.5383e-05 0.000441799 -0.0171139 0.0842235 
0.00933393 -0.017068 -1.94604e-05 -6.94284e-05 -0.017068 0.0842642 -6.45815e-05 0.000442332 -1.94604e-05 -6.45815e-05 0.00928435 -0.017051 -6.94284e-05 0.000442332 -0.017051 0.0840734 
