0.00655288 0 3.97213e-06 0 0 0.00934754 0 0 3.97213e-06 0 0.00663405 0 0 0 0 0.00934754 
0.00964313 -0.0119724 5.76759e-07 -2.6659e-07 -0.0119724 0.0318389 -2.6659e-07 2.60279e-07 5.76759e-07 -2.6659e-07 0.00971019 -0.0120501 -2.6659e-07 2.60279e-07 -0.0120501 0.0319877 
0.0091353 -0.0171188 1.13245e-05 1.36733e-05 -0.0171188 0.0631228 1.36733e-05 -4.7556e-05 1.13245e-05 1.36733e-05 0.00919366 -0.017039 1.36733e-05 -4.7556e-05 -0.017039 0.0628212 
0.00864137 -0.0168726 2.00967e-05 1.52078e-05 -0.0168726 0.0759065 1.12289e-05 -0.000129812 2.00967e-05 1.12289e-05 0.00870441 -0.0166571 1.52078e-05 -0.000129812 -0.0166571 0.0745324 
0.00912021 -0.0172348 2.81077e-05 4.17985e-06 -0.0172348 0.083679 -4.73993e-06 -0.000149364 2.81077e-05 -4.73993e-06 0.00920615 -0.0170484 4.17985e-06 -0.000149364 -0.0170484 0.0818505 
0.00885711 -0.0164468 1.24741e-05 -1.02904e-05 -0.0164468 0.0812879 -2.10807e-05 -8.8292e-05 1.24741e-05 -2.10807e-05 0.00898338 -0.0163582 -1.02904e-05 -8.8292e-05 -0.0163582 0.0798832 
0.00931525 -0.0172264 1.35728e-05 2.75188e-06 -0.0172264 0.0853536 -4.04467e-06 -7.39901e-05 1.35728e-05 -4.04467e-06 0.00946594 -0.0172208 2.75188e-06 -7.39901e-05 -0.0172208 0.084368 
0.00903643 -0.0167228 2.88305e-05 -5.36905e-07 -0.0167228 0.0829107 1.85441e-07 -6.71297e-05 2.88305e-05 1.85441e-07 0.00922427 -0.0167466 -5.36905e-07 -6.71297e-05 -0.0167466 0.0822524 
0.009503 -0.0175782 4.26456e-05 -2.41763e-05 -0.0175782 0.0872415 -1.95804e-05 -2.87102e-05 4.26456e-05 -1.95804e-05 0.00973224 -0.017654 -2.41763e-05 -2.87102e-05 -0.017654 0.0867486 
0.00939244 -0.0173035 5.50325e-05 -3.54055e-05 -0.0173035 0.0859022 -3.19163e-05 9.87532e-06 5.50325e-05 -3.19163e-05 0.00957097 -0.0174185 -3.54055e-05 9.87532e-06 -0.0174185 0.0855607 
0.00931895 -0.0171876 4.58921e-05 -4.87068e-05 -0.0171876 0.0851689 -4.70214e-05 4.39631e-05 4.58921e-05 -4.70214e-05 0.0094906 -0.0172401 -4.87068e-05 4.39631e-05 -0.0172401 0.0847855 
0.00928878 -0.0171225 2.88905e-05 -3.85851e-05 -0.0171225 0.0848107 -4.11963e-05 4.89726e-05 2.88905e-05 -4.11963e-05 0.00943845 -0.017161 -3.85851e-05 4.89726e-05 -0.017161 0.084355 
0.00927807 -0.0170805 2.77916e-05 -1.64197e-05 -0.0170805 0.0845579 -2.07462e-05 1.30574e-05 2.77916e-05 -2.07462e-05 0.00939172 -0.0171017 -1.64197e-05 1.30574e-05 -0.0171017 0.0840648 
0.00926737 -0.0170727 2.33758e-05 -1.56215e-05 -0.0170727 0.0844369 -2.02625e-05 -4.06873e-06 2.33758e-05 -2.02625e-05 0.00936864 -0.0170518 -1.56215e-05 -4.06873e-06 -0.0170518 0.0838683 
0.00926151 -0.017069 7.01329e-07 -1.26238e-05 -0.017069 0.0843923 -1.73398e-05 -9.08285e-06 7.01329e-07 -1.73398e-05 0.0093545 -0.0170286 -1.26238e-05 -9.08285e-06 -0.0170286 0.0837543 
0.0092358 -0.0170291 -6.88872e-06 1.38596e-05 -0.0170291 0.0841783 1.05336e-05 -5.08782e-05 -6.88872e-06 1.05336e-05 0.00931739 -0.0169699 1.38596e-05 -5.08782e-05 -0.0169699 0.0834795 
0.0092276 -0.0170104 1.87557e-06 2.46917e-05 -0.0170104 0.0840923 2.23724e-05 -9.33346e-05 1.87557e-06 2.23724e-05 0.00929333 -0.0169421 2.46917e-05 -9.33346e-05 -0.0169421 0.0833617 
0.00923933 -0.0170195 1.30506e-05 1.43408e-05 -0.0170195 0.0841317 1.19366e-05 -9.31297e-05 1.30506e-05 1.19366e-05 0.00928504 -0.0169399 1.43408e-05 -9.31297e-05 -0.0169399 0.0833858 
0.0092377 -0.0170249 2.67284e-05 -1.07972e-06 -0.0170249 0.0841213 -3.31887e-06 -6.37577e-05 2.67284e-05 -3.31887e-06 0.00928761 -0.0169185 -1.07972e-06 -6.37577e-05 -0.0169185 0.0833288 
0.00924913 -0.0170694 2.54253e-05 -1.94217e-05 -0.0170694 0.0843361 -1.92647e-05 -2.37374e-05 2.54253e-05 -1.92647e-05 0.00932249 -0.0169632 -1.94217e-05 -2.37374e-05 -0.0169632 0.0835144 
0.00926335 -0.017096 1.73083e-05 -1.82377e-05 -0.017096 0.0845105 -1.33464e-05 -1.35106e-05 1.73083e-05 -1.33464e-05 0.00934383 -0.0170142 -1.82377e-05 -1.35106e-05 -0.0170142 0.0837143 
0.00928949 -0.0171073 1.60082e-05 -1.1131e-05 -0.0171073 0.0845842 -9.00929e-07 -2.7662e-05 1.60082e-05 -9.00929e-07 0.00933615 -0.0170351 -1.1131e-05 -2.7662e-05 -0.0170351 0.0838195 
0.00930882 -0.0171527 1.29535e-05 -1.43814e-05 -0.0171527 0.0847413 -6.40865e-07 -2.95242e-05 1.29535e-05 -6.40865e-07 0.00934555 -0.0170405 -1.43814e-05 -2.95242e-05 -0.0170405 0.0839261 
0.00929987 -0.0171241 -7.45565e-06 -9.30736e-06 -0.0171241 0.0845946 -6.9088e-08 -3.06654e-05 -7.45565e-06 -6.9088e-08 0.00932216 -0.0169971 -9.30736e-06 -3.06654e-05 -0.0169971 0.0837237 
0.00930258 -0.0171119 -2.2941e-05 1.99885e-05 -0.0171119 0.0844989 1.93764e-05 -6.58831e-05 -2.2941e-05 1.93764e-05 0.00931088 -0.0169651 1.99885e-05 -6.58831e-05 -0.0169651 0.0835745 
0.00932913 -0.0171832 -3.18574e-05 4.4593e-05 -0.0171832 0.084787 3.60735e-05 -0.000117887 -3.18574e-05 3.60735e-05 0.00933292 -0.0170113 4.4593e-05 -0.000117887 -0.0170113 0.0837876 
0.00934464 -0.0172212 -2.80507e-05 5.47132e-05 -0.0172212 0.0849921 4.39078e-05 -0.000150272 -2.80507e-05 4.39078e-05 0.00935494 -0.0170438 5.47132e-05 -0.000150272 -0.0170438 0.0839508 
0.00935543 -0.017259 -2.44868e-05 4.59677e-05 -0.017259 0.0852037 3.94802e-05 -0.000147969 -2.44868e-05 3.94802e-05 0.00937844 -0.0170875 4.59677e-05 -0.000147969 -0.0170875 0.0841534 
0.00934857 -0.0172417 -9.88392e-06 3.39364e-05 -0.0172417 0.0851713 3.74571e-05 -0.000128867 -9.88392e-06 3.74571e-05 0.00937518 -0.0170843 3.39364e-05 -0.000128867 -0.0170843 0.0841385 
0.0093343 -0.0172489 -2.25605e-06 1.09395e-05 -0.0172489 0.0852262 2.59563e-05 -9.50289e-05 -2.25605e-06 2.59563e-05 0.00939852 -0.0170986 1.09395e-05 -9.50289e-05 -0.0170986 0.0842164 
0.00933004 -0.0172265 1.38746e-05 -3.0125e-06 -0.0172265 0.085209 1.60963e-05 -5.64891e-05 1.38746e-05 1.60963e-05 0.00940732 -0.0171247 -3.0125e-06 -5.64891e-05 -0.0171247 0.0842844 
0.00932126 -0.0171761 2.33669e-05 -2.07825e-05 -0.0171761 0.0849855 -6.54404e-06 -8.61013e-06 2.33669e-05 -6.54404e-06 0.00938754 -0.0171029 -2.07825e-05 -8.61013e-06 -0.0171029 0.0841634 
0.00930946 -0.0171503 1.547e-05 -2.7665e-05 -0.0171503 0.084795 -2.20996e-05 3.00395e-05 1.547e-05 -2.20996e-05 0.00935698 -0.0170604 -2.7665e-05 3.00395e-05 -0.0170604 0.0839836 
0.00932026 -0.0171536 -1.76109e-07 -1.46638e-05 -0.0171536 0.0847782 -1.55355e-05 2.93429e-05 -1.76109e-07 -1.55355e-05 0.00934083 -0.0170434 -1.46638e-05 2.93429e-05 -0.0170434 0.0839347 
0.00929126 -0.0171336 -9.02224e-06 5.5325e-06 -0.0171336 0.0846156 4.23913e-06 -7.49455e-06 -9.02224e-06 4.23913e-06 0.00933368 -0.0169831 5.5325e-06 -7.49455e-06 -0.0169831 0.0836889 
0.00927321 -0.0171403 -1.11163e-05 1.18452e-05 -0.0171403 0.0846823 1.45073e-05 -3.48525e-05 -1.11163e-05 1.45073e-05 0.00936876 -0.0170072 1.18452e-05 -3.48525e-05 -0.0170072 0.0837309 
0.0092621 -0.0171243 -4.27411e-06 1.12043e-05 -0.0171243 0.0847036 1.47487e-05 -3.9616e-05 -4.27411e-06 1.47487e-05 0.0093931 -0.0170584 1.12043e-05 -3.9616e-05 -0.0170584 0.0838587 
0.00927242 -0.0171116 -3.06343e-06 5.27489e-06 -0.0171116 0.0847027 6.93645e-06 -3.02109e-05 -3.06343e-06 6.93645e-06 0.00939207 -0.0170981 5.27489e-06 -3.02109e-05 -0.0170981 0.0840043 
0.00928284 -0.0171388 -1.04283e-05 7.82973e-06 -0.0171388 0.0847989 7.43231e-06 -2.98177e-05 -1.04283e-05 7.43231e-06 0.00940334 -0.0171147 7.82973e-06 -2.98177e-05 -0.0171147 0.0841477 
0.00930458 -0.0171661 -9.28363e-06 1.78484e-05 -0.0171661 0.0849427 1.60421e-05 -4.71781e-05 -9.28363e-06 1.60421e-05 0.0094179 -0.0171419 1.78484e-05 -4.71781e-05 -0.0171419 0.0842962 
0.00932547 -0.0172242 1.17347e-06 1.64015e-05 -0.0172242 0.0852027 1.44709e-05 -5.41233e-05 1.17347e-06 1.44709e-05 0.00943625 -0.017188 1.64015e-05 -5.41233e-05 -0.017188 0.0845356 
0.00928905 -0.0171722 1.05993e-05 -3.73344e-07 -0.0171722 0.0849758 5.61447e-07 -2.69333e-05 1.05993e-05 5.61447e-07 0.00941235 -0.0171264 -3.73344e-07 -2.69333e-05 -0.0171264 0.0842756 
0.00924102 -0.0170592 4.86033e-06 -1.77882e-05 -0.0170592 0.0844702 -1.31968e-05 1.60468e-05 4.86033e-06 -1.31968e-05 0.00935935 -0.0170318 -1.77882e-05 1.60468e-05 -0.0170318 0.0837917 
0.00923488 -0.0170285 -4.87423e-06 -1.60368e-05 -0.0170285 0.0842922 -7.64519e-06 3.36963e-05 -4.87423e-06 -7.64519e-06 0.00932676 -0.0170002 -1.60368e-05 3.36963e-05 -0.0170002 0.0836321 
0.00922558 -0.0170022 -5.97582e-06 -2.23569e-06 -0.0170022 0.084117 7.35241e-06 1.3282e-05 -5.97582e-06 7.35241e-06 0.00929256 -0.0169502 -2.23569e-06 1.3282e-05 -0.0169502 0.0834371 
0.00923716 -0.0170273 -5.17437e-06 6.35335e-06 -0.0170273 0.0842035 1.20692e-05 -1.43019e-05 -5.17437e-06 1.20692e-05 0.009289 -0.0169483 6.35335e-06 -1.43019e-05 -0.0169483 0.0834723 
0.00920886 -0.0169933 2.42315e-06 7.52689e-06 -0.0169933 0.0840268 9.62541e-06 -2.33999e-05 2.42315e-06 9.62541e-06 0.00927757 -0.0168997 7.52689e-06 -2.33999e-05 -0.0168997 0.0832614 
0.00919444 -0.0169426 1.06727e-06 -5.74668e-06 -0.0169426 0.0838096 -3.5465e-06 -1.24012e-06 1.06727e-06 -3.5465e-06 0.0092538 -0.0168697 -5.74668e-06 -1.24012e-06 -0.0168697 0.083067 
0.00919929 -0.016957 -1.76946e-05 -6.19248e-06 -0.016957 0.0838346 -5.67453e-06 1.77697e-05 -1.76946e-05 -5.67453e-06 0.00925825 -0.0168725 -6.19248e-06 1.77697e-05 -0.0168725 0.083091 
0.00920815 -0.0169927 -3.33801e-05 1.59038e-05 -0.0169927 0.083998 1.73672e-05 -9.1508e-06 -3.33801e-05 1.73672e-05 0.00928761 -0.0169059 1.59038e-05 -9.1508e-06 -0.0169059 0.0832429 
0.00920859 -0.0170237 -3.06203e-05 3.59266e-05 -0.0170237 0.0841815 3.81532e-05 -5.7417e-05 -3.06203e-05 3.81532e-05 0.00932564 -0.0169563 3.59266e-05 -5.7417e-05 -0.0169563 0.0834452 
0.00922526 -0.0170372 -5.75783e-06 3.30189e-05 -0.0170372 0.0843276 3.65779e-05 -7.55819e-05 -5.75783e-06 3.65779e-05 0.00936223 -0.017018 3.30189e-05 -7.55819e-05 -0.017018 0.0836789 
0.00926706 -0.0171229 3.524e-06 1.09585e-06 -0.0171229 0.0847494 4.81996e-06 -2.80215e-05 3.524e-06 4.81996e-06 0.00941895 -0.0171282 1.09585e-06 -2.80215e-05 -0.0171282 0.0841781 
0.00929884 -0.0171466 2.18382e-07 -1.5748e-05 -0.0171466 0.0848933 -1.44787e-05 3.48714e-05 2.18382e-07 -1.44787e-05 0.00942524 -0.0171717 -1.5748e-05 3.48714e-05 -0.0171717 0.0843826 
0.00931525 -0.017159 -5.16532e-06 -1.52851e-05 -0.017159 0.0848991 -1.27132e-05 6.06963e-05 -5.16532e-06 -1.27132e-05 0.00942075 -0.0171595 -1.52851e-05 6.06963e-05 -0.0171595 0.0843827 
0.00935625 -0.0172236 -7.05252e-06 -7.16767e-06 -0.0172236 0.0851471 -1.62906e-06 4.93372e-05 -7.05252e-06 -1.62906e-06 0.00943305 -0.0171905 -7.16767e-06 4.93372e-05 -0.0171905 0.0845561 
0.00939597 -0.0172949 -1.81936e-05 -1.58098e-06 -0.0172949 0.0854299 4.06701e-06 3.0306e-05 -1.81936e-05 4.06701e-06 0.00944061 -0.017214 -1.58098e-06 3.0306e-05 -0.017214 0.0847144 
0.00941206 -0.0173247 -2.77421e-05 1.76121e-05 -0.0173247 0.0855283 1.78092e-05 -5.97598e-06 -2.77421e-05 1.78092e-05 0.00942837 -0.0171924 1.76121e-05 -5.97598e-06 -0.0171924 0.0846634 
0.00941947 -0.01735 -1.91411e-05 3.06724e-05 -0.01735 0.0856209 2.75623e-05 -4.07395e-05 -1.91411e-05 2.75623e-05 0.00941806 -0.0171724 3.06724e-05 -4.07395e-05 -0.0171724 0.0846067 
0.00939919 -0.0173373 -9.60668e-06 1.86598e-05 -0.0173373 0.0855642 1.72434e-05 -3.62829e-05 -9.60668e-06 1.72434e-05 0.00940861 -0.0171325 1.86598e-05 -3.62829e-05 -0.0171325 0.084438 
0.00936403 -0.017292 -1.91825e-06 6.81868e-06 -0.017292 0.0854003 4.35937e-06 -9.87551e-06 -1.91825e-06 4.35937e-06 0.0094068 -0.017102 6.81868e-06 -9.87551e-06 -0.017102 0.0842531 
0.00935402 -0.0172707 -2.26961e-06 -5.23612e-06 -0.0172707 0.0853718 -7.96109e-06 2.40182e-05 -2.26961e-06 -7.96109e-06 0.00941925 -0.0171287 -5.23612e-06 2.40182e-05 -0.0171287 0.0843058 
0.00935607 -0.0172484 -5.30017e-06 -7.88565e-06 -0.0172484 0.0852924 -6.10503e-06 4.07137e-05 -5.30017e-06 -6.10503e-06 0.00940554 -0.017137 -7.88565e-06 4.07137e-05 -0.017137 0.0843197 
0.00934989 -0.0172329 1.99999e-06 -7.0969e-06 -0.0172329 0.085178 -9.03423e-07 4.0468e-05 1.99999e-06 -9.03423e-07 0.00938442 -0.0171051 -7.0969e-06 4.0468e-05 -0.0171051 0.0842198 
0.00933241 -0.0171956 9.81128e-06 -1.79625e-05 -0.0171956 0.0849776 -1.04169e-05 5.73748e-05 9.81128e-06 -1.04169e-05 0.00935938 -0.0170545 -1.79625e-05 5.73748e-05 -0.0170545 0.0840051 
0.00929664 -0.0171351 1.13557e-05 -2.81773e-05 -0.0171351 0.0846627 -2.09794e-05 8.48755e-05 1.13557e-05 -2.09794e-05 0.00933262 -0.0169891 -2.81773e-05 8.48755e-05 -0.0169891 0.0836855 
0.00927613 -0.0170983 1.67975e-05 -3.24727e-05 -0.0170983 0.0844869 -2.52214e-05 0.000106441 1.67975e-05 -2.52214e-05 0.00931537 -0.0169674 -3.24727e-05 0.000106441 -0.0169674 0.0835374 
0.00923597 -0.0170414 7.23966e-06 -4.03804e-05 -0.0170414 0.0842193 -3.19762e-05 0.000128255 7.23966e-06 -3.19762e-05 0.00929561 -0.0169262 -4.03804e-05 0.000128255 -0.0169262 0.0833238 
0.00922504 -0.0170165 7.47543e-06 -2.59389e-05 -0.0170165 0.0841418 -2.02863e-05 0.000115428 7.47543e-06 -2.02863e-05 0.00928899 -0.0169316 -2.59389e-05 0.000115428 -0.0169316 0.0833242 
0.00923243 -0.0170331 -5.35121e-06 -2.00512e-05 -0.0170331 0.0842375 -2.01032e-05 9.64146e-05 -5.35121e-06 -2.01032e-05 0.00929837 -0.01696 -2.00512e-05 9.64146e-05 -0.01696 0.0834841 
0.00926443 -0.0170756 -1.62607e-05 -2.51518e-06 -0.0170756 0.0844579 -5.15496e-06 6.38651e-05 -1.62607e-05 -5.15496e-06 0.00930445 -0.0169994 -2.51518e-06 6.38651e-05 -0.0169994 0.0837172 
0.00927968 -0.0170713 -1.47956e-05 1.54998e-05 -0.0170713 0.0844054 1.18958e-05 1.48861e-05 -1.47956e-05 1.18958e-05 0.00928164 -0.0169624 1.54998e-05 1.48861e-05 -0.0169624 0.0836186 
0.00931241 -0.0171486 -7.2833e-06 1.63482e-05 -0.0171486 0.0846939 1.26057e-05 -1.1875e-05 -7.2833e-06 1.26057e-05 0.00930405 -0.0169827 1.63482e-05 -1.1875e-05 -0.0169827 0.0837795 
0.00934004 -0.017216 -1.71439e-06 8.99078e-06 -0.017216 0.0850128 4.04355e-06 -8.51396e-06 -1.71439e-06 4.04355e-06 0.00934521 -0.0170262 8.99078e-06 -8.51396e-06 -0.0170262 0.0839898 
0.0093492 -0.0172575 -6.39484e-06 2.67432e-06 -0.0172575 0.0852344 -4.0129e-06 5.68834e-06 -6.39484e-06 -4.0129e-06 0.00938349 -0.017074 2.67432e-06 5.68834e-06 -0.017074 0.0841668 
0.00935452 -0.017274 -6.92601e-06 7.78025e-06 -0.017274 0.0853853 6.73588e-07 4.70628e-06 -6.92601e-06 6.73588e-07 0.0094217 -0.0171336 7.78025e-06 4.70628e-06 -0.0171336 0.08438 
0.00937187 -0.0172604 2.84592e-06 6.39562e-06 -0.0172604 0.0853662 -9.92984e-07 7.11245e-06 2.84592e-06 -9.92984e-07 0.00941573 -0.0171614 6.39562e-06 7.11245e-06 -0.0171614 0.0844588 
0.0093718 -0.0172633 1.90426e-05 -7.92613e-06 -0.0172633 0.0853083 -1.48594e-05 3.39617e-05 1.90426e-05 -1.48594e-05 0.00941235 -0.0171413 -7.92613e-06 3.39617e-05 -0.0171413 0.0844123 
0.00936802 -0.0172602 8.87694e-06 -3.21736e-05 -0.0172602 0.0852677 -3.56008e-05 8.64163e-05 8.87694e-06 -3.56008e-05 0.00941749 -0.0171289 -3.21736e-05 8.64163e-05 -0.0171289 0.0843429 
0.00937646 -0.017272 1.06979e-05 -2.54052e-05 -0.017272 0.0853151 -2.71825e-05 0.000104884 1.06979e-05 -2.71825e-05 0.00942651 -0.0171456 -2.54052e-05 0.000104884 -0.0171456 0.0843765 
0.00938736 -0.0173201 1.46106e-05 -2.72815e-05 -0.0173201 0.0855371 -2.82596e-05 0.00010886 1.46106e-05 -2.82596e-05 0.0094606 -0.0171959 -2.72815e-05 0.00010886 -0.0171959 0.0845962 
0.00940268 -0.0173199 2.30774e-05 -3.08219e-05 -0.0173199 0.0855934 -2.98537e-05 0.000113188 2.30774e-05 -2.98537e-05 0.00946565 -0.0172275 -3.08219e-05 0.000113188 -0.0172275 0.0847045 
0.00939499 -0.0173445 1.91376e-05 -4.52533e-05 -0.0173445 0.0856752 -3.93676e-05 0.000136378 1.91376e-05 -3.93676e-05 0.00948834 -0.0172406 -4.52533e-05 0.000136378 -0.0172406 0.0847983 
0.00941221 -0.0173518 1.66722e-05 -4.66436e-05 -0.0173518 0.0857802 -3.6068e-05 0.00015149 1.66722e-05 -3.6068e-05 0.00948803 -0.0172797 -4.66436e-05 0.00015149 -0.0172797 0.08494 
0.00940024 -0.0173455 -6.59547e-08 -4.43792e-05 -0.0173455 0.0857294 -3.1174e-05 0.000150196 -6.59547e-08 -3.1174e-05 0.00949014 -0.0172577 -4.43792e-05 0.000150196 -0.0172577 0.0848944 
0.00937561 -0.017309 -1.55109e-05 -2.36614e-05 -0.017309 0.0855724 -1.13871e-05 0.000119211 -1.55109e-05 -1.13871e-05 0.00948141 -0.0172305 -2.36614e-05 0.000119211 -0.0172305 0.0847374 
0.00934769 -0.0172673 -1.63654e-05 2.37179e-07 -0.0172673 0.0853885 7.86484e-06 6.65412e-05 -1.63654e-05 7.86484e-06 0.00945528 -0.0172007 2.37179e-07 6.65412e-05 -0.0172007 0.0845654 
0.00934573 -0.0172463 1.08669e-05 6.22826e-06 -0.0172463 0.0853255 6.91425e-06 3.91974e-05 1.08669e-05 6.91425e-06 0.00942436 -0.0171885 6.22826e-06 3.91974e-05 -0.0171885 0.0845285 
0.00932282 -0.017231 4.18582e-05 -2.49108e-05 -0.017231 0.0852336 -3.07014e-05 8.62784e-05 4.18582e-05 -3.07014e-05 0.00941318 -0.0171391 -2.49108e-05 8.62784e-05 -0.0171391 0.0843964 
0.00932682 -0.01722 4.45263e-05 -6.57119e-05 -0.01722 0.0852437 -7.09904e-05 0.000178096 4.45263e-05 -7.09904e-05 0.00942131 -0.0171468 -6.57119e-05 0.000178096 -0.0171468 0.0844186 
0.00932181 -0.0171938 3.15635e-05 -7.10399e-05 -0.0171938 0.0851136 -7.34946e-05 0.000225347 3.15635e-05 -7.34946e-05 0.00942291 -0.017136 -7.10399e-05 0.000225347 -0.017136 0.0843411 
0.00930892 -0.0171886 1.34554e-05 -5.49003e-05 -0.0171886 0.0850512 -5.42702e-05 0.000208963 1.34554e-05 -5.42702e-05 0.00942997 -0.0171393 -5.49003e-05 0.000208963 -0.0171393 0.0843174 
0.00927976 -0.0171423 -3.52839e-06 -3.47517e-05 -0.0171423 0.0848505 -3.03772e-05 0.000160751 -3.52839e-06 -3.03772e-05 0.00942171 -0.0171204 -3.47517e-05 0.000160751 -0.0171204 0.0841791 
0.0092871 -0.0171432 -8.55339e-06 -1.59686e-05 -0.0171432 0.0848815 -7.35646e-06 0.000107952 -8.55339e-06 -7.35646e-06 0.00942025 -0.0171498 -1.59686e-05 0.000107952 -0.0171498 0.084287 
0.00928863 -0.0170736 -1.91197e-05 -9.88941e-06 -0.0170736 0.0845226 -1.57973e-06 7.76709e-05 -1.91197e-05 -1.57973e-06 0.00934809 -0.0170737 -9.88941e-06 7.76709e-05 -0.0170737 0.0839599 
0.009287 -0.0170917 -7.43326e-06 2.45014e-06 -0.0170917 0.0844366 9.75986e-06 5.46023e-05 -7.43326e-06 9.75986e-06 0.00931991 -0.0169952 2.45014e-06 5.46023e-05 -0.0169952 0.0837222 
0.00931997 -0.017169 -7.05885e-06 -9.43684e-06 -0.017169 0.0847744 -5.11556e-06 6.44917e-05 -7.05885e-06 -5.11556e-06 0.009338 -0.0170276 -9.43684e-06 6.44917e-05 -0.0170276 0.0838933 
0.00934547 -0.0172123 -9.82189e-06 -7.66287e-06 -0.0172123 0.0849962 -7.36622e-06 7.3174e-05 -9.82189e-06 -7.36622e-06 0.00934032 -0.0170533 -7.66287e-06 7.3174e-05 -0.0170533 0.0840284 
0.00933588 -0.0172151 -3.98318e-06 -3.62458e-06 -0.0172151 0.0850012 -4.89887e-06 6.96878e-05 -3.98318e-06 -4.89887e-06 0.00934326 -0.0170299 -3.62458e-06 6.96878e-05 -0.0170299 0.0839696 
0.00930222 -0.0172127 9.2134e-07 -1.20179e-05 -0.0172127 0.085033 -1.24192e-05 7.98069e-05 9.2134e-07 -1.24192e-05 0.00936728 -0.0170403 -1.20179e-05 7.98069e-05 -0.0170403 0.0839893 
0.00925121 -0.0171203 -2.23877e-06 -1.49339e-05 -0.0171203 0.0847385 -1.45313e-05 8.51294e-05 -2.23877e-06 -1.45313e-05 0.0093601 -0.0170253 -1.49339e-05 8.51294e-05 -0.0170253 0.0838253 
0.00921456 -0.0170052 -6.64408e-06 -5.89013e-06 -0.0170052 0.0842648 -6.97856e-06 6.72676e-05 -6.64408e-06 -6.97856e-06 0.00932161 -0.0169817 -5.89013e-06 6.72676e-05 -0.0169817 0.0835537 
0.00916829 -0.0169589 -8.71907e-07 2.45873e-06 -0.0169589 0.0839801 -8.79274e-08 4.19029e-05 -8.71907e-07 -8.79274e-08 0.00932111 -0.0169362 2.45873e-06 4.19029e-05 -0.0169362 0.0833603 
0.00916794 -0.0169281 7.30186e-06 -3.0787e-06 -0.0169281 0.0839053 -9.92178e-06 4.29887e-05 7.30186e-06 -9.92178e-06 0.00932766 -0.0169693 -3.0787e-06 4.29887e-05 -0.0169693 0.0834176 
0.00919487 -0.016971 -1.02127e-06 -1.60139e-05 -0.016971 0.0840887 -2.68415e-05 7.46098e-05 -1.02127e-06 -2.68415e-05 0.00935301 -0.017029 -1.60139e-05 7.46098e-05 -0.017029 0.0837012 
0.00920377 -0.0169813 -7.56309e-06 -9.21334e-06 -0.0169813 0.0841117 -1.98535e-05 8.35146e-05 -7.56309e-06 -1.98535e-05 0.00935599 -0.0170356 -9.21334e-06 8.35146e-05 -0.0170356 0.0837532 
0.00919241 -0.0169797 -2.85741e-06 -3.03408e-06 -0.0169797 0.084068 -1.07903e-05 7.27909e-05 -2.85741e-06 -1.07903e-05 0.00935953 -0.0170173 -3.03408e-06 7.27909e-05 -0.0170173 0.0836808 
0.00921901 -0.0170155 1.59031e-06 -1.43048e-05 -0.0170155 0.0842615 -1.59213e-05 8.40447e-05 1.59031e-06 -1.59213e-05 0.0093567 -0.0170625 -1.43048e-05 8.40447e-05 -0.0170625 0.0838612 
0.00923982 -0.0170475 1.6894e-05 -2.559e-05 -0.0170475 0.0843884 -2.10413e-05 0.000108115 1.6894e-05 -2.10413e-05 0.00934929 -0.0170535 -2.559e-05 0.000108115 -0.0170535 0.0839158 
0.00926275 -0.0170521 2.1512e-05 -4.52685e-05 -0.0170521 0.0843856 -3.67414e-05 0.000145646 2.1512e-05 -3.67414e-05 0.00932527 -0.0170205 -4.52685e-05 0.000145646 -0.0170205 0.0838099 
0.00926655 -0.0170867 1.44813e-05 -5.05168e-05 -0.0170867 0.0844573 -4.38517e-05 0.000174094 1.44813e-05 -4.38517e-05 0.00933161 -0.016995 -5.05168e-05 0.000174094 -0.016995 0.0837409 
0.00925797 -0.0170679 1.51111e-05 -4.24336e-05 -0.0170679 0.0843881 -3.77165e-05 0.000174808 1.51111e-05 -3.77165e-05 0.00933248 -0.0169858 -4.24336e-05 0.000174808 -0.0169858 0.083631 
0.00926834 -0.0170836 1.49654e-05 -4.10498e-05 -0.0170836 0.0844667 -3.71062e-05 0.000168477 1.49654e-05 -3.71062e-05 0.00934812 -0.0170204 -4.10498e-05 0.000168477 -0.0170204 0.0837464 
0.00927089 -0.0171306 3.90379e-06 -3.81507e-05 -0.0171306 0.0846858 -3.74997e-05 0.000163776 3.90379e-06 -3.74997e-05 0.00939144 -0.0170747 -3.81507e-05 0.000163776 -0.0170747 0.083999 
0.00927037 -0.0171303 -9.29053e-06 -2.2497e-05 -0.0171303 0.0847639 -2.30952e-05 0.000136783 -9.29053e-06 -2.30952e-05 0.00941114 -0.0171151 -2.2497e-05 0.000136783 -0.0171151 0.0841401 
0.00928124 -0.0171251 -2.32053e-05 -3.48789e-06 -0.0171251 0.0847669 -5.79591e-06 9.28654e-05 -2.32053e-05 -5.79591e-06 0.00940414 -0.0171276 -3.48789e-06 9.28654e-05 -0.0171276 0.0841937 
0.00929395 -0.0171433 -3.69715e-05 1.50271e-05 -0.0171433 0.0848188 8.18396e-06 4.92759e-05 -3.69715e-05 8.18396e-06 0.00938829 -0.0171219 1.50271e-05 4.92759e-05 -0.0171219 0.0842191 
0.00928463 -0.0171032 -3.40602e-05 3.6631e-05 -0.0171032 0.0845888 2.79949e-05 -6.45741e-06 -3.40602e-05 2.79949e-05 0.00932803 -0.0170373 3.6631e-05 -6.45741e-06 -0.0170373 0.0838874 
0.009278 -0.0170877 -1.30752e-05 3.52745e-05 -0.0170877 0.0844467 2.81284e-05 -3.35194e-05 -1.30752e-05 2.81284e-05 0.00929333 -0.0169595 3.52745e-05 -3.35194e-05 -0.0169595 0.0836011 
0.00926329 -0.0171066 -2.10557e-06 9.42274e-06 -0.0171066 0.0844972 6.27911e-06 -6.90054e-06 -2.10557e-06 6.27911e-06 0.00930212 -0.0169383 9.42274e-06 -6.90054e-06 -0.0169383 0.0835163 
0.00925971 -0.0171141 -6.16127e-07 -7.17231e-06 -0.0171141 0.0846209 -7.91735e-06 3.55704e-05 -6.16127e-07 -7.91735e-06 0.00932129 -0.0169812 -7.17231e-06 3.55704e-05 -0.0169812 0.0836511 
0.00925552 -0.0170949 -6.06597e-06 -1.30353e-05 -0.0170949 0.0846073 -1.01445e-05 6.01887e-05 -6.06597e-06 -1.01445e-05 0.00931883 -0.0170037 -1.30353e-05 6.01887e-05 -0.0170037 0.083742 
0.00922664 -0.0170484 -1.05217e-05 -1.19762e-05 -0.0170484 0.0844005 -5.18265e-06 6.86173e-05 -1.05217e-05 -5.18265e-06 0.00930565 -0.0169664 -1.19762e-05 6.86173e-05 -0.0169664 0.0836079 
0.00919854 -0.0169857 -5.08667e-06 -7.24201e-06 -0.0169857 0.0841311 -6.31122e-07 6.4459e-05 -5.08667e-06 -6.31122e-07 0.00928396 -0.0169302 -7.24201e-06 6.4459e-05 -0.0169302 0.0834148 
0.00915659 -0.0168941 -1.20375e-05 -1.17882e-05 -0.0168941 0.0836809 -5.78388e-06 6.71506e-05 -1.20375e-05 -5.78388e-06 0.00924573 -0.0168526 -1.17882e-05 6.71506e-05 -0.0168526 0.0830311 
0.00915628 -0.0168756 -1.64554e-05 -7.14301e-07 -0.0168756 0.083562 5.00603e-06 5.06284e-05 -1.64554e-05 5.00603e-06 0.00921343 -0.0168403 -7.14301e-07 5.06284e-05 -0.0168403 0.0829491 
0.00913028 -0.0168556 -1.10028e-05 9.25681e-06 -0.0168556 0.0834029 1.00294e-05 2.59169e-05 -1.10028e-05 1.00294e-05 0.0091897 -0.0167785 9.25681e-06 2.59169e-05 -0.0167785 0.0827403 
0.00910998 -0.0168342 -3.77541e-06 8.2695e-06 -0.0168342 0.0833308 3.10113e-06 1.6838e-05 -3.77541e-06 3.10113e-06 0.00918393 -0.0167563 8.2695e-06 1.6838e-05 -0.0167563 0.0826335 
0.0090995 -0.0168346 -6.4606e-06 3.30601e-06 -0.0168346 0.0833853 -1.11855e-05 3.1392e-05 -6.4606e-06 -1.11855e-05 0.00921182 -0.0167779 3.30601e-06 3.1392e-05 -0.0167779 0.0827147 
0.00912276 -0.0168383 -1.28666e-05 8.28653e-06 -0.0168383 0.0834745 -1.12035e-05 3.50294e-05 -1.28666e-05 -1.12035e-05 0.00921612 -0.0168329 8.28653e-06 3.50294e-05 -0.0168329 0.0829046 
0.00914167 -0.0168871 -1.72564e-05 1.79681e-05 -0.0168871 0.0836664 3.08514e-07 1.44122e-05 -1.72564e-05 3.08514e-07 0.00923832 -0.0168648 1.79681e-05 1.44122e-05 -0.0168648 0.0831286 
0.00916576 -0.0168982 -2.29529e-05 2.19439e-05 -0.0168982 0.083738 1.09273e-05 -1.01032e-05 -2.29529e-05 1.09273e-05 0.00923936 -0.0168799 2.19439e-05 -1.01032e-05 -0.0168799 0.0832091 
0.00916022 -0.0169053 -9.76721e-06 2.6618e-05 -0.0169053 0.0837021 2.3063e-05 -3.49978e-05 -9.76721e-06 2.3063e-05 0.00924421 -0.016855 2.6618e-05 -3.49978e-05 -0.016855 0.0831256 
0.00914322 -0.0168698 -9.66408e-07 1.00991e-05 -0.0168698 0.0835287 9.23203e-06 -2.37352e-05 -9.66408e-07 9.23203e-06 0.00923284 -0.0168267 1.00991e-05 -2.37352e-05 -0.0168267 0.0829304 
0.00917984 -0.0169249 1.31611e-05 -9.02074e-07 -0.0169249 0.0837894 -2.69142e-06 3.2523e-06 1.31611e-05 -2.69142e-06 0.00925054 -0.0168916 -9.02074e-07 3.2523e-06 -0.0168916 0.0832041 
0.00919104 -0.0169754 2.60883e-05 -1.93643e-05 -0.0169754 0.084 -1.8663e-05 3.89011e-05 2.60883e-05 -1.8663e-05 0.00928517 -0.0169184 -1.93643e-05 3.89011e-05 -0.0169184 0.0833869 
0.00920042 -0.0169735 2.27027e-05 -3.93383e-05 -0.0169735 0.0840341 -3.23633e-05 8.17562e-05 2.27027e-05 -3.23633e-05 0.00928697 -0.0169365 -3.93383e-05 8.17562e-05 -0.0169365 0.0834215 
0.0092209 -0.0170154 1.71411e-05 -3.8901e-05 -0.0170154 0.0842109 -2.88143e-05 9.86766e-05 1.71411e-05 -2.88143e-05 0.00930983 -0.016965 -3.8901e-05 9.86766e-05 -0.016965 0.0835779 
0.00923461 -0.0170156 1.80312e-05 -2.86812e-05 -0.0170156 0.0842113 -2.03274e-05 8.41276e-05 1.80312e-05 -2.03274e-05 0.00929759 -0.0169678 -2.86812e-05 8.41276e-05 -0.0169678 0.0835663 
0.00922014 -0.0169783 1.85604e-05 -3.07136e-05 -0.0169783 0.0839756 -2.56196e-05 8.38809e-05 1.85604e-05 -2.56196e-05 0.00926731 -0.0169046 -3.07136e-05 8.38809e-05 -0.0169046 0.0832938 
0.00923303 -0.0169949 8.07144e-07 -3.01408e-05 -0.0169949 0.0840011 -2.87838e-05 9.03891e-05 8.07144e-07 -2.87838e-05 0.00925655 -0.0168963 -3.01408e-05 9.03891e-05 -0.0168963 0.083254 
0.0092372 -0.0170112 -2.35489e-05 -1.01962e-05 -0.0170112 0.0840268 -9.25182e-06 6.63512e-05 -2.35489e-05 -9.25182e-06 0.00924944 -0.0168761 -1.01962e-05 6.63512e-05 -0.0168761 0.0831865 
0.0092469 -0.0170273 -1.44957e-05 1.81139e-05 -0.0170273 0.0840899 2.44084e-05 3.29921e-06 -1.44957e-05 2.44084e-05 0.00924027 -0.0168735 1.81139e-05 3.29921e-06 -0.0168735 0.0831737 
0.00924675 -0.0170637 -9.45553e-06 3.81619e-06 -0.0170637 0.0842561 1.64093e-05 -7.05501e-06 -9.45553e-06 1.64093e-05 0.0092656 -0.0168878 3.81619e-06 -7.05501e-06 -0.0168878 0.0832764 
0.00923364 -0.0170111 -1.66962e-05 -9.7887e-06 -0.0170111 0.084076 4.13103e-06 2.54147e-05 -1.66962e-05 4.13103e-06 0.00924623 -0.0168695 -9.7887e-06 2.54147e-05 -0.0168695 0.0831282 
0.00921732 -0.0170031 -2.41358e-05 6.87523e-07 -0.0170031 0.0840207 9.52151e-06 3.08247e-05 -2.41358e-05 9.52151e-06 0.00925858 -0.0168704 6.87523e-07 3.08247e-05 -0.0168704 0.083132 
0.00920636 -0.0169791 -1.86308e-05 1.40495e-05 -0.0169791 0.0839434 1.7663e-05 1.17308e-05 -1.86308e-05 1.7663e-05 0.00926123 -0.0168788 1.40495e-05 1.17308e-05 -0.0168788 0.0831235 
0.00921131 -0.0169917 -1.10655e-05 1.1915e-05 -0.0169917 0.0840175 1.01549e-05 8.78581e-06 -1.10655e-05 1.01549e-05 0.00927797 -0.0169116 1.1915e-05 8.78581e-06 -0.0169116 0.0832662 
0.00925943 -0.0170743 -7.14879e-06 1.82568e-06 -0.0170743 0.0844288 -3.88578e-06 3.24491e-05 -7.14879e-06 -3.88578e-06 0.00931014 -0.0169979 1.82568e-06 3.24491e-05 -0.0169979 0.0836933 
0.00924182 -0.0170787 -2.01496e-05 -3.32378e-06 -0.0170787 0.0844355 -7.67229e-06 5.09648e-05 -2.01496e-05 -7.67229e-06 0.00932088 -0.0169771 -3.32378e-06 5.09648e-05 -0.0169771 0.0836583 
