0.00733324 0 4.64108e-05 0 0 0.0103284 0 0 4.64108e-05 0 0.0072751 0 0 0 0 0.0103284 
0.0105981 -0.0131554 3.83406e-05 -4.47186e-05 -0.0131554 0.0348761 -4.47186e-05 8.6215e-05 3.83406e-05 -4.47186e-05 0.010485 -0.0130138 -4.47186e-05 8.6215e-05 -0.0130138 0.034604 
0.00924599 -0.0172663 2.06352e-05 3.51117e-05 -0.0172663 0.0635934 3.51117e-05 -0.000134763 2.06352e-05 3.51117e-05 0.00912442 -0.0170088 3.51117e-05 -0.000134763 -0.0170088 0.062745 
0.00871431 -0.0169104 1.34114e-05 0.000128194 -0.0169104 0.075882 0.000123371 -0.000723944 1.34114e-05 0.000123371 0.00858053 -0.0165786 0.000128194 -0.000723944 -0.0165786 0.0744102 
0.00992218 -0.0186602 3.74368e-05 0.000143443 -0.0186602 0.0902079 0.000132074 -0.00109547 3.74368e-05 0.000132074 0.00978626 -0.018302 0.000143443 -0.00109547 -0.018302 0.0883782 
0.00965997 -0.0178496 4.91043e-05 7.25961e-05 -0.0178496 0.0878747 6.40303e-05 -0.000855225 4.91043e-05 6.40303e-05 0.00957137 -0.017577 7.25961e-05 -0.000855225 -0.017577 0.0864146 
0.00938098 -0.0172575 4.7587e-05 2.68326e-05 -0.0172575 0.0852164 2.30471e-05 -0.000558797 4.7587e-05 2.30471e-05 0.00933801 -0.0170702 2.68326e-05 -0.000558797 -0.0170702 0.0841691 
0.00910409 -0.0167052 4.90277e-05 1.79009e-05 -0.0167052 0.08257 1.45789e-05 -0.000387852 4.90277e-05 1.45789e-05 0.00907869 -0.0165862 1.79009e-05 -0.000387852 -0.0165862 0.0818416 
0.010278 -0.018841 4.77397e-05 1.7401e-05 -0.018841 0.0930983 9.01087e-06 -0.00035778 4.77397e-05 9.01087e-06 0.0102547 -0.0187318 1.7401e-05 -0.00035778 -0.0187318 0.0924566 
0.0101377 -0.0185864 3.39675e-05 2.9647e-05 -0.0185864 0.0917737 2.06217e-05 -0.000345542 3.39675e-05 2.06217e-05 0.0101185 -0.0184813 2.9647e-05 -0.000345542 -0.0184813 0.0912053 
0.0100584 -0.0184551 4.72482e-05 4.95276e-05 -0.0184551 0.0910743 4.13929e-05 -0.000383525 4.72482e-05 4.13929e-05 0.0100513 -0.0183465 4.95276e-05 -0.000383525 -0.0183465 0.0905111 
0.00999337 -0.0183855 6.11486e-05 3.45962e-05 -0.0183855 0.0907264 2.76363e-05 -0.000384571 6.11486e-05 2.76363e-05 0.0100402 -0.0182919 3.45962e-05 -0.000384571 -0.0182919 0.0901822 
0.00996241 -0.0183203 7.02407e-05 1.34763e-05 -0.0183203 0.0905085 9.33173e-06 -0.0003448 7.02407e-05 9.33173e-06 0.0100343 -0.0183014 1.34763e-05 -0.0003448 -0.0183014 0.0901006 
0.00994022 -0.0182624 5.17331e-05 -1.34913e-06 -0.0182624 0.0902513 -2.24157e-06 -0.000302849 5.17331e-05 -2.24157e-06 0.0100234 -0.0182882 -1.34913e-06 -0.000302849 -0.0182882 0.0900005 
0.00998461 -0.0183067 4.4323e-05 2.03607e-05 -0.0183067 0.0904425 2.18207e-05 -0.000322473 4.4323e-05 2.18207e-05 0.0100137 -0.0183477 2.03607e-05 -0.000322473 -0.0183477 0.0902801 
0.0100208 -0.0183945 6.16792e-05 3.01245e-05 -0.0183945 0.0907724 3.05113e-05 -0.000352512 6.16792e-05 3.05113e-05 0.0100275 -0.0183641 3.01245e-05 -0.000352512 -0.0183641 0.0905267 
0.0100376 -0.0184541 6.28172e-05 1.017e-05 -0.0184541 0.0910591 1.14824e-05 -0.000335879 6.28172e-05 1.14824e-05 0.0100464 -0.0183828 1.017e-05 -0.000335879 -0.0183828 0.0906794 
0.010008 -0.0183993 5.67263e-05 7.50758e-06 -0.0183993 0.0908604 8.6205e-06 -0.00031411 5.67263e-05 8.6205e-06 0.0100418 -0.0183413 7.50758e-06 -0.00031411 -0.0183413 0.0904637 
0.00998181 -0.0183434 5.27077e-05 1.53909e-05 -0.0183434 0.0906254 1.4243e-05 -0.000318189 5.27077e-05 1.4243e-05 0.0100216 -0.0183267 1.53909e-05 -0.000318189 -0.0183267 0.0903128 
0.00994498 -0.0182791 3.97637e-05 1.99106e-05 -0.0182791 0.090306 1.81102e-05 -0.000327746 3.97637e-05 1.81102e-05 0.0100079 -0.0182692 1.99106e-05 -0.000327746 -0.0182692 0.0900472 
0.0099765 -0.0182971 3.99513e-05 3.75763e-05 -0.0182971 0.0904033 3.4583e-05 -0.000359619 3.99513e-05 3.4583e-05 0.00999599 -0.0183159 3.75763e-05 -0.000359619 -0.0183159 0.0902057 
0.00999734 -0.0183402 2.2764e-05 4.32978e-05 -0.0183402 0.0905301 3.79789e-05 -0.00038849 2.2764e-05 3.79789e-05 0.00998342 -0.0183083 4.32978e-05 -0.00038849 -0.0183083 0.0902876 
0.0100202 -0.0183838 1.70019e-05 6.59945e-05 -0.0183838 0.0907175 5.68706e-05 -0.00043019 1.70019e-05 5.68706e-05 0.009993 -0.018307 6.59945e-05 -0.00043019 -0.018307 0.090368 
0.0100132 -0.0183606 2.76557e-05 7.27035e-05 -0.0183606 0.0905973 6.37841e-05 -0.0004591 2.76557e-05 6.37841e-05 0.00999296 -0.0182715 7.27035e-05 -0.0004591 -0.0182715 0.0901901 
0.0100086 -0.0183748 3.50432e-05 5.84227e-05 -0.0183748 0.0906336 4.98431e-05 -0.000446746 3.50432e-05 4.98431e-05 0.0100303 -0.0182916 5.84227e-05 -0.000446746 -0.0182916 0.0902157 
0.0100215 -0.0183933 2.47952e-05 4.99469e-05 -0.0183933 0.0907512 3.90679e-05 -0.000422584 2.47952e-05 3.90679e-05 0.0100483 -0.0183587 4.99469e-05 -0.000422584 -0.0183587 0.0904043 
0.0100605 -0.0184754 1.96036e-05 6.34603e-05 -0.0184754 0.0911531 5.01895e-05 -0.000432322 1.96036e-05 5.01895e-05 0.0100882 -0.0184529 6.34603e-05 -0.000432322 -0.0184529 0.0908734 
0.0100604 -0.0184687 2.21174e-05 7.15352e-05 -0.0184687 0.09114 6.06489e-05 -0.000458452 2.21174e-05 6.06489e-05 0.0100754 -0.0184426 7.15352e-05 -0.000458452 -0.0184426 0.0908713 
0.0100522 -0.0184338 1.43726e-05 6.91681e-05 -0.0184338 0.0909629 6.45489e-05 -0.000474406 1.43726e-05 6.45489e-05 0.0100464 -0.0183912 6.91681e-05 -0.000474406 -0.0183912 0.0906698 
0.0100557 -0.0184833 -3.45328e-06 7.57498e-05 -0.0184833 0.0911584 7.87218e-05 -0.000498966 -3.45328e-06 7.87218e-05 0.0100758 -0.0184096 7.57498e-05 -0.000498966 -0.0184096 0.0907951 
0.0100509 -0.0184791 -4.84955e-06 9.39837e-05 -0.0184791 0.0912117 0.000103351 -0.000543359 -4.84955e-06 0.000103351 0.0100909 -0.0184338 9.39837e-05 -0.000543359 -0.0184338 0.0908561 
0.0100651 -0.018488 -2.80585e-06 9.67208e-05 -0.018488 0.0913094 0.000109493 -0.000574521 -2.80585e-06 0.000109493 0.0101069 -0.0184766 9.67208e-05 -0.000574521 -0.0184766 0.0910311 
0.0100884 -0.0185123 1.66198e-06 9.4457e-05 -0.0185123 0.0914202 0.000106623 -0.000580169 1.66198e-06 0.000106623 0.0101171 -0.0185064 9.4457e-05 -0.000580169 -0.0185064 0.0911907 
0.010108 -0.0185182 2.5538e-05 8.89431e-05 -0.0185182 0.0914036 9.82789e-05 -0.000568643 2.5538e-05 9.82789e-05 0.0101 -0.0184901 8.89431e-05 -0.000568643 -0.0184901 0.0911471 
0.0101101 -0.0185355 2.72531e-05 6.34849e-05 -0.0185355 0.0914047 6.69172e-05 -0.000519834 2.72531e-05 6.69172e-05 0.010093 -0.0184623 6.34849e-05 -0.000519834 -0.0184623 0.0910589 
0.0101048 -0.0185541 2.52157e-05 6.24355e-05 -0.0185541 0.0914894 6.12228e-05 -0.000487654 2.52157e-05 6.12228e-05 0.010115 -0.0184682 6.24355e-05 -0.000487654 -0.0184682 0.0910765 
0.0100863 -0.0185337 2.50926e-05 7.09973e-05 -0.0185337 0.0914594 6.27775e-05 -0.000490475 2.50926e-05 6.27775e-05 0.0101351 -0.0184957 7.09973e-05 -0.000490475 -0.0184957 0.0911176 
0.0100309 -0.0184356 2.71071e-05 7.56858e-05 -0.0184356 0.0910477 6.25728e-05 -0.000500119 2.71071e-05 6.25728e-05 0.0101207 -0.0184612 7.56858e-05 -0.000500119 -0.0184612 0.0908702 
0.0099916 -0.0183233 4.16571e-05 7.1745e-05 -0.0183233 0.0905342 5.93501e-05 -0.000496194 4.16571e-05 5.93501e-05 0.0100729 -0.0184018 7.1745e-05 -0.000496194 -0.0184018 0.0905168 
0.00998675 -0.0182999 4.74971e-05 4.91162e-05 -0.0182999 0.0903371 4.16699e-05 -0.00046211 4.74971e-05 4.16699e-05 0.0100374 -0.0183593 4.91162e-05 -0.00046211 -0.0183593 0.0903447 
0.0100124 -0.0183753 4.25444e-05 3.54142e-05 -0.0183753 0.0906305 3.3294e-05 -0.000423351 4.25444e-05 3.3294e-05 0.010048 -0.0183867 3.54142e-05 -0.000423351 -0.0183867 0.0905456 
0.010046 -0.01845 3.70083e-05 3.9365e-05 -0.01845 0.0910169 4.18495e-05 -0.000419011 3.70083e-05 4.18495e-05 0.0100721 -0.0184353 3.9365e-05 -0.000419011 -0.0184353 0.0908347 
0.010079 -0.0184961 4.36531e-05 4.55096e-05 -0.0184961 0.091283 5.01986e-05 -0.000431904 4.36531e-05 5.01986e-05 0.0100741 -0.018471 4.55096e-05 -0.000431904 -0.018471 0.0910489 
0.0101007 -0.0184799 4.75794e-05 3.55117e-05 -0.0184799 0.091193 3.93117e-05 -0.000416988 4.75794e-05 3.93117e-05 0.0100219 -0.0184176 3.55117e-05 -0.000416988 -0.0184176 0.0908836 
0.0100719 -0.0184488 4.99798e-05 3.03777e-05 -0.0184488 0.0909144 2.86559e-05 -0.000390356 4.99798e-05 2.86559e-05 0.0099783 -0.0182946 3.03777e-05 -0.000390356 -0.0182946 0.0904257 
0.0100117 -0.018364 5.15567e-05 2.6378e-05 -0.018364 0.0904752 2.17977e-05 -0.000366395 5.15567e-05 2.17977e-05 0.00994001 -0.018177 2.6378e-05 -0.000366395 -0.018177 0.0898348 
0.00997199 -0.0182773 5.01744e-05 2.58076e-05 -0.0182773 0.090088 2.15395e-05 -0.000358593 5.01744e-05 2.15395e-05 0.00990473 -0.0181211 2.58076e-05 -0.000358593 -0.0181211 0.0894472 
0.00993706 -0.0182208 5.81507e-05 3.04024e-05 -0.0182208 0.0897914 2.73479e-05 -0.000368654 5.81507e-05 2.73479e-05 0.00987982 -0.0180781 3.04024e-05 -0.000368654 -0.0180781 0.0891949 
0.00993022 -0.0182271 8.11996e-05 2.08422e-05 -0.0182271 0.08983 1.86722e-05 -0.000362074 8.11996e-05 1.86722e-05 0.00987733 -0.0181009 2.08422e-05 -0.000362074 -0.0181009 0.0892819 
0.00997788 -0.0183145 9.59282e-05 -1.09884e-05 -0.0183145 0.0903081 -1.42907e-05 -0.000303369 9.59282e-05 -1.42907e-05 0.00991719 -0.0181999 -1.09884e-05 -0.000303369 -0.0181999 0.0898072 
0.00996614 -0.0183583 8.53905e-05 -3.13097e-05 -0.0183583 0.0905513 -3.62377e-05 -0.00023508 8.53905e-05 -3.62377e-05 0.00997668 -0.0182382 -3.13097e-05 -0.00023508 -0.0182382 0.0900696 
0.00991985 -0.0182945 6.65877e-05 -2.01941e-05 -0.0182945 0.0904057 -2.51851e-05 -0.000222454 6.65877e-05 -2.51851e-05 0.0100052 -0.0182628 -2.01941e-05 -0.000222454 -0.0182628 0.0900702 
0.00991378 -0.0182384 7.33149e-05 4.63039e-06 -0.0182384 0.0902677 1.50273e-06 -0.000266668 7.33149e-05 1.50273e-06 0.0100075 -0.0183119 4.63039e-06 -0.000266668 -0.0183119 0.0901941 
0.00991943 -0.018196 8.4142e-05 -4.57555e-06 -0.018196 0.0900507 -4.41155e-06 -0.000277401 8.4142e-05 -4.41155e-06 0.00996312 -0.0182969 -4.57555e-06 -0.000277401 -0.0182969 0.0901544 
0.00992586 -0.018183 7.4891e-05 -2.06851e-05 -0.018183 0.0898792 -1.72081e-05 -0.000250824 7.4891e-05 -1.72081e-05 0.0099346 -0.0182266 -2.06851e-05 -0.000250824 -0.0182266 0.0899624 
0.00992436 -0.0181988 4.68737e-05 -8.72865e-06 -0.0181988 0.0898522 -4.01084e-06 -0.000257874 4.68737e-05 -4.01084e-06 0.00993561 -0.0181914 -8.72865e-06 -0.000257874 -0.0181914 0.0898217 
0.00989228 -0.0181638 1.30874e-05 2.86079e-05 -0.0181638 0.0896592 3.14801e-05 -0.000324656 1.30874e-05 3.14801e-05 0.00992176 -0.0181501 2.86079e-05 -0.000324656 -0.0181501 0.0895594 
0.00982764 -0.0180557 1.34739e-05 7.36467e-05 -0.0180557 0.0891671 7.0637e-05 -0.000423667 1.34739e-05 7.0637e-05 0.00990089 -0.018072 7.36467e-05 -0.000423667 -0.018072 0.0891044 
0.00983225 -0.0180644 3.36298e-05 7.79369e-05 -0.0180644 0.0892389 6.72612e-05 -0.000470387 3.36298e-05 6.72612e-05 0.00991803 -0.0181327 7.79369e-05 -0.000470387 -0.0181327 0.0892766 
0.00987172 -0.0181522 3.81354e-05 5.67675e-05 -0.0181522 0.0896817 4.37837e-05 -0.000450985 3.81354e-05 4.37837e-05 0.00996757 -0.0182412 5.67675e-05 -0.000450985 -0.0182412 0.0898061 
0.00990572 -0.0182143 3.8542e-05 4.64738e-05 -0.0182143 0.0900288 3.76626e-05 -0.000419791 3.8542e-05 3.76626e-05 0.0100073 -0.0183162 4.64738e-05 -0.000419791 -0.0183162 0.0902059 
0.00994435 -0.0182506 4.24566e-05 4.54131e-05 -0.0182506 0.0902306 4.34954e-05 -0.000417633 4.24566e-05 4.34954e-05 0.0100214 -0.0183607 4.54131e-05 -0.000417633 -0.0183607 0.090444 
0.00998355 -0.0182349 5.24962e-05 4.36945e-05 -0.0182349 0.0900959 4.59339e-05 -0.000424989 5.24962e-05 4.59339e-05 0.00996743 -0.0183184 4.36945e-05 -0.000424989 -0.0183184 0.0902859 
0.00998319 -0.0182626 5.24144e-05 3.23643e-05 -0.0182626 0.0900064 3.186e-05 -0.000409215 5.24144e-05 3.186e-05 0.00993101 -0.0182249 3.23643e-05 -0.000409215 -0.0182249 0.0899856 
0.00997708 -0.0182849 3.35071e-05 3.35862e-05 -0.0182849 0.0900684 2.54981e-05 -0.000393797 3.35071e-05 2.54981e-05 0.00992283 -0.0181929 3.35862e-05 -0.000393797 -0.0181929 0.0898444 
0.00996814 -0.0182611 1.10454e-05 5.85724e-05 -0.0182611 0.0900019 4.02881e-05 -0.000415783 1.10454e-05 4.02881e-05 0.0099083 -0.0181751 5.85724e-05 -0.000415783 -0.0181751 0.0897246 
0.00996148 -0.0182258 -1.06034e-05 8.8549e-05 -0.0182258 0.0898372 6.74892e-05 -0.000473413 -1.06034e-05 6.74892e-05 0.00989332 -0.0181444 8.8549e-05 -0.000473413 -0.0181444 0.0895768 
0.0099672 -0.0182846 -9.88963e-06 0.000111736 -0.0182846 0.0900791 9.51046e-05 -0.000537758 -9.88963e-06 9.51046e-05 0.0099226 -0.0181933 0.000111736 -0.000537758 -0.0181933 0.0898134 
0.00997832 -0.0182978 -7.10977e-06 0.00011014 -0.0182978 0.090226 9.9022e-05 -0.00056749 -7.10977e-06 9.9022e-05 0.00992191 -0.0182313 0.00011014 -0.00056749 -0.0182313 0.0899923 
0.00996186 -0.0183151 2.27351e-06 0.000102888 -0.0183151 0.0903321 9.82194e-05 -0.000568131 2.27351e-06 9.82194e-05 0.00994497 -0.0182344 0.000102888 -0.000568131 -0.0182344 0.0900978 
0.00995231 -0.0183084 -2.04132e-06 8.68327e-05 -0.0183084 0.090433 9.17765e-05 -0.000550354 -2.04132e-06 9.17765e-05 0.00997916 -0.0182827 8.68327e-05 -0.000550354 -0.0182827 0.090284 
0.00995003 -0.0182285 7.23447e-06 8.99129e-05 -0.0182285 0.090134 0.000101059 -0.000550303 7.23447e-06 0.000101059 0.00994442 -0.0182624 8.99129e-05 -0.000550303 -0.0182624 0.0901328 
0.00995606 -0.0181859 2.89946e-05 8.02e-05 -0.0181859 0.0898145 8.82932e-05 -0.000536718 2.89946e-05 8.82932e-05 0.0098809 -0.018188 8.02e-05 -0.000536718 -0.018188 0.0898391 
0.00996992 -0.0182253 4.32926e-05 5.32633e-05 -0.0182253 0.0898393 5.64568e-05 -0.000480512 4.32926e-05 5.64568e-05 0.00985369 -0.0181355 5.32633e-05 -0.000480512 -0.0181355 0.0897069 
0.0099645 -0.0182704 3.53115e-05 3.13466e-05 -0.0182704 0.0900024 3.28558e-05 -0.000412309 3.53115e-05 3.28558e-05 0.00986108 -0.0181156 3.13466e-05 -0.000412309 -0.0181156 0.089672 
0.00994176 -0.0182603 4.61657e-05 3.55104e-05 -0.0182603 0.090037 3.82625e-05 -0.000384865 4.61657e-05 3.82625e-05 0.00987406 -0.018114 3.55104e-05 -0.000384865 -0.018114 0.0896301 
0.00988832 -0.0181607 4.42144e-05 2.19417e-05 -0.0181607 0.0896456 2.60662e-05 -0.000357602 4.42144e-05 2.60662e-05 0.0098508 -0.0180556 2.19417e-05 -0.000357602 -0.0180556 0.0892818 
0.0098462 -0.0181012 3.95289e-05 2.07485e-05 -0.0181012 0.0893929 2.63978e-05 -0.000338122 3.95289e-05 2.63978e-05 0.00985341 -0.0180345 2.07485e-05 -0.000338122 -0.0180345 0.0891151 
0.00980118 -0.0180444 4.286e-05 2.49883e-05 -0.0180444 0.0891819 3.06053e-05 -0.000336667 4.286e-05 3.06053e-05 0.00986511 -0.0180398 2.49883e-05 -0.000336667 -0.0180398 0.0890436 
0.00979843 -0.0180226 4.56205e-05 2.2202e-05 -0.0180226 0.0891791 2.43089e-05 -0.000329017 4.56205e-05 2.43089e-05 0.00988441 -0.0181025 2.2202e-05 -0.000329017 -0.0181025 0.089252 
0.0097947 -0.0179723 4.72732e-05 1.80443e-05 -0.0179723 0.0889534 1.92657e-05 -0.000314651 4.72732e-05 1.92657e-05 0.00984963 -0.0180909 1.80443e-05 -0.000314651 -0.0180909 0.0891945 
0.00980776 -0.0179825 4.52045e-05 1.27013e-05 -0.0179825 0.0889111 1.46077e-05 -0.000295912 4.52045e-05 1.46077e-05 0.00981816 -0.0180546 1.27013e-05 -0.000295912 -0.0180546 0.0891341 
0.0097901 -0.0179469 4.54009e-05 1.3549e-05 -0.0179469 0.0886518 1.64437e-05 -0.000287711 4.54009e-05 1.64437e-05 0.00976212 -0.017946 1.3549e-05 -0.000287711 -0.017946 0.0887132 
0.00977166 -0.0179306 4.46367e-05 1.30217e-05 -0.0179306 0.0885143 1.91799e-05 -0.0002875 4.46367e-05 1.91799e-05 0.0097331 -0.0178694 1.30217e-05 -0.0002875 -0.0178694 0.0883882 
0.00977856 -0.0179709 6.30375e-05 1.29984e-05 -0.0179709 0.0887127 2.44396e-05 -0.000293038 6.30375e-05 2.44396e-05 0.00975175 -0.0178871 1.29984e-05 -0.000293038 -0.0178871 0.0884571 
0.00975988 -0.0179582 7.68796e-05 -8.7966e-06 -0.0179582 0.0886968 6.26233e-06 -0.00026852 7.68796e-05 6.26233e-06 0.00975524 -0.0178814 -8.7966e-06 -0.00026852 -0.0178814 0.0883933 
0.00976236 -0.0179459 7.00796e-05 -2.67647e-05 -0.0179459 0.0887022 -1.22842e-05 -0.00022525 7.00796e-05 -1.22842e-05 0.00975797 -0.0178962 -2.67647e-05 -0.00022525 -0.0178962 0.0884242 
0.00978155 -0.0179665 6.06868e-05 -1.9706e-05 -0.0179665 0.0887985 -9.85679e-06 -0.000210243 6.06868e-05 -9.85679e-06 0.0097722 -0.0179213 -1.9706e-05 -0.000210243 -0.0179213 0.0885464 
0.0098243 -0.0180092 4.70103e-05 -3.6046e-06 -0.0180092 0.0889756 -1.43614e-07 -0.000230236 4.70103e-05 -1.43614e-07 0.00977492 -0.0179565 -3.6046e-06 -0.000230236 -0.0179565 0.0887154 
0.00986237 -0.0180933 4.28667e-05 1.65735e-05 -0.0180933 0.0892969 1.24506e-05 -0.000265563 4.28667e-05 1.24506e-05 0.00978718 -0.0179916 1.65735e-05 -0.000265563 -0.0179916 0.0889541 
0.0098615 -0.0180972 5.39019e-05 2.604e-05 -0.0180972 0.0893115 1.66384e-05 -0.000293528 5.39019e-05 1.66384e-05 0.00977287 -0.0179666 2.604e-05 -0.000293528 -0.0179666 0.0888841 
0.00983087 -0.0180973 6.25937e-05 1.25397e-05 -0.0180973 0.0893165 8.21419e-06 -0.000289468 6.25937e-05 8.21419e-06 0.00979239 -0.0179467 1.25397e-05 -0.000289468 -0.0179467 0.0888232 
0.00978614 -0.0180215 5.88766e-05 -5.72518e-06 -0.0180215 0.0890715 -1.16519e-06 -0.000257591 5.88766e-05 -1.16519e-06 0.00979976 -0.0179314 -5.72518e-06 -0.000257591 -0.0179314 0.0886449 
0.00976302 -0.0179492 5.11929e-05 -4.00025e-06 -0.0179492 0.0887958 5.78678e-06 -0.000249953 5.11929e-05 5.78678e-06 0.00978786 -0.0179342 -4.00025e-06 -0.000249953 -0.0179342 0.0885423 
0.0097263 -0.0179054 3.3673e-05 5.95824e-06 -0.0179054 0.088557 1.40403e-05 -0.00026391 3.3673e-05 1.40403e-05 0.00978512 -0.0179086 5.95824e-06 -0.00026391 -0.0179086 0.0884127 
0.00970267 -0.0178761 1.87118e-05 2.9652e-05 -0.0178761 0.08846 3.21965e-05 -0.000302624 1.87118e-05 3.21965e-05 0.00979561 -0.0179212 2.9652e-05 -0.000302624 -0.0179212 0.0884159 
0.0096875 -0.017842 1.47861e-05 5.05027e-05 -0.017842 0.0883487 4.65715e-05 -0.000345915 1.47861e-05 4.65715e-05 0.00979768 -0.0179325 5.05027e-05 -0.000345915 -0.0179325 0.0884239 
0.00969293 -0.017828 1.06435e-05 5.29521e-05 -0.017828 0.0882987 4.79479e-05 -0.000362079 1.06435e-05 4.79479e-05 0.00979103 -0.0179449 5.29521e-05 -0.000362079 -0.0179449 0.0884712 
0.00969308 -0.0177958 8.94365e-06 5.31104e-05 -0.0177958 0.0880912 5.03369e-05 -0.00036305 8.94365e-06 5.03369e-05 0.00974722 -0.0178925 5.31104e-05 -0.00036305 -0.0178925 0.0882618 
0.00973255 -0.0178368 1.60537e-05 5.71781e-05 -0.0178368 0.0881956 5.27614e-05 -0.00036813 1.60537e-05 5.27614e-05 0.00971573 -0.0178743 5.71781e-05 -0.00036813 -0.0178743 0.088259 
0.00972497 -0.0178681 2.57344e-05 4.91502e-05 -0.0178681 0.0882222 4.42521e-05 -0.000357278 2.57344e-05 4.42521e-05 0.00970201 -0.0178074 4.91502e-05 -0.000357278 -0.0178074 0.0880663 
0.00967741 -0.0178161 3.62964e-05 3.71483e-05 -0.0178161 0.0880061 3.41235e-05 -0.000334137 3.62964e-05 3.41235e-05 0.00968485 -0.0177465 3.71483e-05 -0.000334137 -0.0177465 0.0877351 
0.00965418 -0.0178079 3.45578e-05 2.31579e-05 -0.0178079 0.0880606 2.43581e-05 -0.000307905 3.45578e-05 2.43581e-05 0.00971227 -0.0177838 2.31579e-05 -0.000307905 -0.0177838 0.087839 
0.00964884 -0.0177776 2.72896e-05 2.09469e-05 -0.0177776 0.0880324 2.57417e-05 -0.000293316 2.72896e-05 2.57417e-05 0.00971063 -0.017817 2.09469e-05 -0.000293316 -0.017817 0.0879412 
0.00962713 -0.0177 1.69676e-05 2.88967e-05 -0.0177 0.0876641 3.34185e-05 -0.000297667 1.69676e-05 3.34185e-05 0.00965927 -0.0177477 2.88967e-05 -0.000297667 -0.0177477 0.0876522 
0.00958796 -0.0176527 5.97039e-06 3.9965e-05 -0.0176527 0.087364 4.5142e-05 -0.000316856 5.97039e-06 4.5142e-05 0.00963376 -0.0176661 3.9965e-05 -0.000316856 -0.0176661 0.0873242 
0.00959764 -0.0176975 -9.28639e-07 5.59458e-05 -0.0176975 0.087614 5.87896e-05 -0.000351818 -9.28639e-07 5.87896e-05 0.00966607 -0.017727 5.59458e-05 -0.000351818 -0.017727 0.0875781 
0.00957701 -0.0176647 6.29588e-06 6.7707e-05 -0.0176647 0.0875251 6.35797e-05 -0.000377157 6.29588e-06 6.35797e-05 0.00967433 -0.0177236 6.7707e-05 -0.000377157 -0.0177236 0.087547 
0.00963657 -0.0177037 2.14946e-05 6.0247e-05 -0.0177037 0.0877775 5.37567e-05 -0.000372631 2.14946e-05 5.37567e-05 0.00968472 -0.0178106 6.0247e-05 -0.000372631 -0.0178106 0.0879189 
0.00965723 -0.0177187 1.15671e-05 3.4209e-05 -0.0177187 0.0877284 2.98798e-05 -0.000320316 1.15671e-05 2.98798e-05 0.00966009 -0.017772 3.4209e-05 -0.000320316 -0.017772 0.0878524 
0.00966452 -0.0177767 2.03992e-05 4.25483e-05 -0.0177767 0.0879027 3.63532e-05 -0.000300783 2.03992e-05 3.63532e-05 0.00966939 -0.0177614 4.25483e-05 -0.000300783 -0.0177614 0.0878793 
0.00966552 -0.0177495 3.5881e-05 3.23832e-05 -0.0177495 0.0878134 2.69152e-05 -0.000283249 3.5881e-05 2.69152e-05 0.0096479 -0.0177338 3.23832e-05 -0.000283249 -0.0177338 0.0877193 
0.00964606 -0.0177119 5.49594e-05 1.59699e-05 -0.0177119 0.0875761 1.11104e-05 -0.000251478 5.49594e-05 1.11104e-05 0.00960997 -0.0176709 1.59699e-05 -0.000251478 -0.0176709 0.087431 
0.00964644 -0.0177048 4.87451e-05 -2.46858e-06 -0.0177048 0.0875049 -8.28601e-06 -0.000214192 4.87451e-05 -8.28601e-06 0.00959026 -0.017637 -2.46858e-06 -0.000214192 -0.017637 0.0872909 
0.00967173 -0.0177776 3.96884e-05 5.1264e-06 -0.0177776 0.0878239 -2.60245e-06 -0.000208528 3.96884e-05 -2.60245e-06 0.0096218 -0.0176838 5.1264e-06 -0.000208528 -0.0176838 0.0875412 
0.00966484 -0.0177888 3.22614e-05 1.5285e-05 -0.0177888 0.087922 9.40615e-06 -0.00022935 3.22614e-05 9.40615e-06 0.00964911 -0.0177057 1.5285e-05 -0.00022935 -0.0177057 0.0876308 
0.00964253 -0.0177524 1.64111e-05 2.34423e-05 -0.0177524 0.0878153 2.02324e-05 -0.000253898 1.64111e-05 2.02324e-05 0.00966678 -0.0177151 2.34423e-05 -0.000253898 -0.0177151 0.0876034 
0.00961272 -0.01768 1.44852e-05 4.11562e-05 -0.01768 0.0875007 4.16135e-05 -0.000293856 1.44852e-05 4.16135e-05 0.00964973 -0.0176932 4.11562e-05 -0.000293856 -0.0176932 0.0874098 
0.00960116 -0.0176567 2.48754e-05 4.65895e-05 -0.0176567 0.0873668 4.74443e-05 -0.000324634 2.48754e-05 4.74443e-05 0.00964265 -0.0176877 4.65895e-05 -0.000324634 -0.0176877 0.0873577 
0.0096051 -0.0176961 2.76263e-05 3.6199e-05 -0.0176961 0.0875572 3.30755e-05 -0.000317979 2.76263e-05 3.30755e-05 0.00967581 -0.0177394 3.6199e-05 -0.000317979 -0.0177394 0.0876031 
0.00960076 -0.0176721 2.16374e-05 3.34325e-05 -0.0176721 0.0875133 2.85117e-05 -0.000305122 2.16374e-05 2.85117e-05 0.0096756 -0.0177542 3.34325e-05 -0.000305122 -0.0177542 0.0876437 
0.00964058 -0.0176919 1.65284e-05 4.05943e-05 -0.0176919 0.0876163 3.82384e-05 -0.000316431 1.65284e-05 3.82384e-05 0.00966627 -0.0177892 4.05943e-05 -0.000316431 -0.0177892 0.0878257 
0.00968671 -0.0177563 2.26714e-05 4.28119e-05 -0.0177563 0.0878208 4.32468e-05 -0.000326802 2.26714e-05 4.32468e-05 0.00965803 -0.0177933 4.28119e-05 -0.000326802 -0.0177933 0.0879677 
0.00972463 -0.0178252 2.8228e-05 3.48678e-05 -0.0178252 0.0880631 3.74759e-05 -0.000320103 2.8228e-05 3.74759e-05 0.00964566 -0.0177882 3.48678e-05 -0.000320103 -0.0177882 0.0880482 
0.00975165 -0.0178864 2.92872e-05 2.78286e-05 -0.0178864 0.0883105 2.78033e-05 -0.000299376 2.92872e-05 2.78033e-05 0.00964262 -0.0177778 2.78286e-05 -0.000299376 -0.0177778 0.088101 
0.00976443 -0.0179123 1.38989e-05 2.75409e-05 -0.0179123 0.0884317 2.36118e-05 -0.000285303 1.38989e-05 2.36118e-05 0.00964268 -0.0177588 2.75409e-05 -0.000285303 -0.0177588 0.0880621 
0.00976194 -0.0178997 -1.40191e-06 4.46271e-05 -0.0178997 0.0883615 4.00043e-05 -0.000303554 -1.40191e-06 4.00043e-05 0.0096366 -0.0177231 4.46271e-05 -0.000303554 -0.0177231 0.0878863 
0.00975285 -0.0179084 -3.00601e-06 6.51029e-05 -0.0179084 0.0883808 6.22784e-05 -0.000351023 -3.00601e-06 6.22784e-05 0.0096507 -0.0177277 6.51029e-05 -0.000351023 -0.0177277 0.08786 
0.00971223 -0.0178614 8.74951e-06 6.94612e-05 -0.0178614 0.0881869 6.79904e-05 -0.000382715 8.74951e-06 6.79904e-05 0.00965952 -0.0177065 6.94612e-05 -0.000382715 -0.0177065 0.087688 
0.00968569 -0.0178439 2.57894e-05 5.4159e-05 -0.0178439 0.0881731 5.5726e-05 -0.000373109 2.57894e-05 5.5726e-05 0.00968534 -0.0177471 5.4159e-05 -0.000373109 -0.0177471 0.0877734 
0.00966938 -0.0178016 4.5156e-05 3.14832e-05 -0.0178016 0.0880701 3.49295e-05 -0.000331258 4.5156e-05 3.49295e-05 0.00968397 -0.0177721 3.14832e-05 -0.000331258 -0.0177721 0.0878236 
0.00964992 -0.0177626 3.09922e-05 5.42168e-06 -0.0177626 0.0879156 1.32362e-05 -0.000275286 3.09922e-05 1.32362e-05 0.00968825 -0.0177666 5.42168e-06 -0.000275286 -0.0177666 0.0878038 
0.00963999 -0.0177637 2.39902e-05 2.0189e-05 -0.0177637 0.0879345 3.05443e-05 -0.00027525 2.39902e-05 3.05443e-05 0.00971482 -0.0177931 2.0189e-05 -0.00027525 -0.0177931 0.0879043 
0.00963484 -0.0177522 1.52403e-05 3.19435e-05 -0.0177522 0.0879378 4.00193e-05 -0.000302241 1.52403e-05 4.00193e-05 0.00974363 -0.0178327 3.19435e-05 -0.000302241 -0.0178327 0.0880244 
0.00966961 -0.01781 1.16238e-05 4.62987e-05 -0.01781 0.0882462 5.33069e-05 -0.000338336 1.16238e-05 5.33069e-05 0.00979289 -0.0179318 4.62987e-05 -0.000338336 -0.0179318 0.0884484 
0.00968248 -0.0178277 2.57969e-05 5.24667e-05 -0.0178277 0.0883365 5.60722e-05 -0.000361432 2.57969e-05 5.60722e-05 0.00981221 -0.0179714 5.24667e-05 -0.000361432 -0.0179714 0.0886238 
0.00971614 -0.0178837 5.01266e-05 3.73786e-05 -0.0178837 0.0886042 3.82308e-05 -0.00034631 5.01266e-05 3.82308e-05 0.00984235 -0.0180336 3.73786e-05 -0.00034631 -0.0180336 0.0889275 
0.0097578 -0.0179477 6.231e-05 6.52615e-06 -0.0179477 0.088909 7.02893e-06 -0.000288074 6.231e-05 7.02893e-06 0.00986065 -0.0180964 6.52615e-06 -0.000288074 -0.0180964 0.089247 
0.00978405 -0.0179391 4.22785e-05 -8.43543e-06 -0.0179391 0.0888432 -1.04285e-05 -0.00023221 4.22785e-05 -1.04285e-05 0.00981717 -0.0180669 -8.43543e-06 -0.00023221 -0.0180669 0.0891649 
0.00979306 -0.0179768 3.053e-05 1.91783e-05 -0.0179768 0.0888924 9.37904e-06 -0.000247943 3.053e-05 9.37904e-06 0.00980224 -0.0180182 1.91783e-05 -0.000247943 -0.0180182 0.0890727 
0.00975163 -0.0179287 2.95333e-05 3.94956e-05 -0.0179287 0.0886348 2.6916e-05 -0.000298004 2.95333e-05 2.6916e-05 0.00978625 -0.0179302 3.94956e-05 -0.000298004 -0.0179302 0.0886695 
0.00970567 -0.0178566 4.24363e-05 4.39383e-05 -0.0178566 0.0883265 3.1482e-05 -0.000330052 4.24363e-05 3.1482e-05 0.00978118 -0.0178906 4.39383e-05 -0.000330052 -0.0178906 0.0883622 
0.00966805 -0.0177802 4.98565e-05 2.85304e-05 -0.0177802 0.0879933 1.73132e-05 -0.000318222 4.98565e-05 1.73132e-05 0.00976699 -0.0178721 2.85304e-05 -0.000318222 -0.0178721 0.0881452 
0.00967435 -0.0177715 4.90756e-05 1.26655e-05 -0.0177715 0.0879531 6.06171e-06 -0.000285132 4.90756e-05 6.06171e-06 0.00975475 -0.0178971 1.26655e-05 -0.000285132 -0.0178971 0.0882183 
0.00970484 -0.0178101 3.8776e-05 6.08579e-06 -0.0178101 0.0880941 7.87693e-06 -0.000263147 3.8776e-05 7.87693e-06 0.00975592 -0.0179128 6.08579e-06 -0.000263147 -0.0179128 0.0883685 
0.00974409 -0.0178814 2.60003e-05 1.7545e-05 -0.0178814 0.0883763 2.65421e-05 -0.000282288 2.60003e-05 2.65421e-05 0.00976464 -0.0179379 1.7545e-05 -0.000282288 -0.0179379 0.0885585 
0.00976914 -0.0179381 1.34124e-06 3.70934e-05 -0.0179381 0.0886047 5.06763e-05 -0.000334639 1.34124e-06 5.06763e-05 0.00976715 -0.0179392 3.70934e-05 -0.000334639 -0.0179392 0.0886318 
0.00977759 -0.0179903 -4.76071e-06 6.70131e-05 -0.0179903 0.0888537 8.00788e-05 -0.00040317 -4.76071e-06 8.00788e-05 0.0097912 -0.0179556 6.70131e-05 -0.00040317 -0.0179556 0.0887482 
0.0098168 -0.0180475 -7.31081e-06 7.90723e-05 -0.0180475 0.0892263 8.82551e-05 -0.000452896 -7.31081e-06 8.82551e-05 0.00982715 -0.0180427 7.90723e-05 -0.000452896 -0.0180427 0.0891272 
0.00981324 -0.0180506 -1.51803e-05 8.36044e-05 -0.0180506 0.0892559 8.76835e-05 -0.000470567 -1.51803e-05 8.76835e-05 0.0098472 -0.0180479 8.36044e-05 -0.000470567 -0.0180479 0.0891824 
