0.00659721 0 3.71155e-05 0 0 0.00940498 0 0 3.71155e-05 0 0.00667878 0 0 0 0 0.00940498 
0.00966477 -0.0119962 2.55055e-05 -2.83916e-05 -0.0119962 0.0319258 -2.83916e-05 5.45458e-05 2.55055e-05 -2.83916e-05 0.00979097 -0.0121531 -2.83916e-05 5.45458e-05 -0.0121531 0.0322272 
0.00915055 -0.01701 -2.68504e-06 6.85394e-05 -0.01701 0.0627672 6.85394e-05 -0.000245838 -2.68504e-06 6.85394e-05 0.00922565 -0.0172473 6.85394e-05 -0.000245838 -0.0172473 0.0635352 
0.0093877 -0.0180364 -7.11598e-06 0.000183502 -0.0180364 0.080887 0.000191324 -0.000986237 -7.11598e-06 0.000191324 0.00937036 -0.0182084 0.000183502 -0.000986237 -0.0182084 0.0817513 
0.00909983 -0.016948 3.13573e-05 0.000158847 -0.016948 0.0816172 0.00016746 -0.00118427 3.13573e-05 0.00016746 0.00901795 -0.0169749 0.000158847 -0.00118427 -0.0169749 0.0821339 
0.00888034 -0.0162954 5.36988e-05 6.30646e-05 -0.0162954 0.0798237 6.76455e-05 -0.000864671 5.36988e-05 6.76455e-05 0.00878528 -0.0162162 6.30646e-05 -0.000864671 -0.0162162 0.079936 
0.00933119 -0.0171177 4.74076e-05 6.67208e-06 -0.0171177 0.0841486 1.21464e-05 -0.000557667 4.74076e-05 1.21464e-05 0.00927431 -0.0169984 6.67208e-06 -0.000557667 -0.0169984 0.0840079 
0.00909178 -0.0166838 2.99015e-05 1.09354e-05 -0.0166838 0.0822328 1.48111e-05 -0.000378378 2.99015e-05 1.48111e-05 0.00907171 -0.016605 1.09354e-05 -0.000378378 -0.016605 0.0820425 
0.00961498 -0.0176412 3.43585e-05 4.22088e-05 -0.0176412 0.0870895 4.02144e-05 -0.000387163 3.43585e-05 4.02144e-05 0.0096187 -0.0176051 4.22088e-05 -0.000387163 -0.0176051 0.0869526 
0.00949725 -0.0173746 4.24332e-05 4.83857e-05 -0.0173746 0.0858296 4.20267e-05 -0.000400641 4.24332e-05 4.20267e-05 0.00947528 -0.0173725 4.83857e-05 -0.000400641 -0.0173725 0.0857769 
0.00938114 -0.0171675 5.21142e-05 4.07593e-05 -0.0171675 0.0847218 3.41811e-05 -0.000397157 5.21142e-05 3.41811e-05 0.00936821 -0.0171444 4.07593e-05 -0.000397157 -0.0171444 0.0846808 
0.0093182 -0.0170308 5.62735e-05 2.70696e-05 -0.0170308 0.0840127 2.39456e-05 -0.000377254 5.62735e-05 2.39456e-05 0.00928877 -0.0170178 2.70696e-05 -0.000377254 -0.0170178 0.083982 
0.00927966 -0.01701 5.97375e-05 1.81281e-05 -0.01701 0.0838388 1.8526e-05 -0.000356101 5.97375e-05 1.8526e-05 0.00927569 -0.0169866 1.81281e-05 -0.000356101 -0.0169866 0.0838145 
0.00925154 -0.0169981 3.93706e-05 9.08646e-06 -0.0169981 0.0838531 1.08153e-05 -0.000329753 3.93706e-05 1.08153e-05 0.00929336 -0.0170084 9.08646e-06 -0.000329753 -0.0170084 0.0838834 
0.00923637 -0.0169759 2.49739e-05 3.3644e-05 -0.0169759 0.083862 3.32935e-05 -0.000350949 2.49739e-05 3.32935e-05 0.00931059 -0.0170481 3.3644e-05 -0.000350949 -0.0170481 0.0840257 
0.00923379 -0.0169253 2.78688e-05 5.63164e-05 -0.0169253 0.0836917 5.23345e-05 -0.000400325 2.78688e-05 5.23345e-05 0.0092946 -0.0170504 5.63164e-05 -0.000400325 -0.0170504 0.0840182 
0.00922748 -0.0169108 2.70414e-05 5.49065e-05 -0.0169108 0.0835587 4.73567e-05 -0.000415708 2.70414e-05 4.73567e-05 0.00927977 -0.0170225 5.49065e-05 -0.000415708 -0.0170225 0.0839374 
0.00923491 -0.0169019 2.83731e-05 5.31978e-05 -0.0169019 0.0834868 4.54779e-05 -0.000410185 2.83731e-05 4.54779e-05 0.00925527 -0.0170028 5.31978e-05 -0.000410185 -0.0170028 0.0838585 
0.009295 -0.0169741 3.62362e-05 4.7919e-05 -0.0169741 0.0837684 4.3434e-05 -0.000399388 3.62362e-05 4.3434e-05 0.0092427 -0.0170269 4.7919e-05 -0.000399388 -0.0170269 0.084051 
0.00932738 -0.0170523 2.99491e-05 3.62556e-05 -0.0170523 0.0840306 3.4581e-05 -0.000378082 2.99491e-05 3.4581e-05 0.00923829 -0.0170123 3.62556e-05 -0.000378082 -0.0170123 0.0841212 
0.00929904 -0.0170598 1.66904e-05 4.27566e-05 -0.0170598 0.0840458 3.8095e-05 -0.000370387 1.66904e-05 3.8095e-05 0.00924282 -0.0169651 4.27566e-05 -0.000370387 -0.0169651 0.0839528 
0.00929193 -0.0170368 3.03445e-05 5.76177e-05 -0.0170368 0.0840406 5.10457e-05 -0.000388208 3.03445e-05 5.10457e-05 0.00924703 -0.0169715 5.76177e-05 -0.000388208 -0.0169715 0.0839102 
0.0092819 -0.0169919 2.16727e-05 4.01915e-05 -0.0169919 0.0838526 3.81035e-05 -0.000374025 2.16727e-05 3.81035e-05 0.00922887 -0.0169525 4.01915e-05 -0.000374025 -0.0169525 0.0837793 
0.00929411 -0.0169976 2.6999e-05 4.79963e-05 -0.0169976 0.0838442 4.98112e-05 -0.000376736 2.6999e-05 4.98112e-05 0.00922303 -0.0169547 4.79963e-05 -0.000376736 -0.0169547 0.0837994 
0.00926253 -0.0169784 2.23133e-05 4.31714e-05 -0.0169784 0.083706 4.54869e-05 -0.000377666 2.23133e-05 4.54869e-05 0.00922827 -0.016923 4.31714e-05 -0.000377666 -0.016923 0.0836609 
0.00924145 -0.016977 2.14336e-05 4.53325e-05 -0.016977 0.0837634 4.90753e-05 -0.000377064 2.14336e-05 4.90753e-05 0.00926389 -0.0169648 4.53325e-05 -0.000377064 -0.0169648 0.0837825 
0.00920187 -0.0169025 2.66577e-05 4.89668e-05 -0.0169025 0.0835121 5.26314e-05 -0.000385637 2.66577e-05 5.26314e-05 0.00926968 -0.0169694 4.89668e-05 -0.000385637 -0.0169694 0.083703 
0.00916555 -0.0168423 2.75128e-05 4.44199e-05 -0.0168423 0.0832629 5.03968e-05 -0.000389333 2.75128e-05 5.03968e-05 0.00927075 -0.0169664 4.44199e-05 -0.000389333 -0.0169664 0.0836243 
0.0091488 -0.0167982 2.66186e-05 4.20111e-05 -0.0167982 0.0830868 5.11839e-05 -0.000388009 2.66186e-05 5.11839e-05 0.00926147 -0.0169697 4.20111e-05 -0.000388009 -0.0169697 0.083591 
0.00915128 -0.0167573 2.91429e-05 4.1677e-05 -0.0167573 0.0828782 5.16353e-05 -0.000386638 2.91429e-05 5.16353e-05 0.00922145 -0.0169384 4.1677e-05 -0.000386638 -0.0169384 0.0834508 
0.00915025 -0.0167763 3.15481e-05 4.13144e-05 -0.0167763 0.0828604 4.56695e-05 -0.00038158 3.15481e-05 4.56695e-05 0.00920655 -0.0168945 4.13144e-05 -0.00038158 -0.0168945 0.0833395 
0.00917748 -0.0168444 2.89658e-05 4.01645e-05 -0.0168444 0.0831864 3.79067e-05 -0.000371916 2.89658e-05 3.79067e-05 0.00922366 -0.0169357 4.01645e-05 -0.000371916 -0.0169357 0.0835552 
0.00918562 -0.0168347 1.87233e-05 4.24021e-05 -0.0168347 0.0831638 3.83403e-05 -0.000365923 1.87233e-05 3.83403e-05 0.0091885 -0.0169056 4.24021e-05 -0.000365923 -0.0169056 0.0834482 
0.00919456 -0.0168352 1.67443e-05 5.19943e-05 -0.0168352 0.0831163 4.83584e-05 -0.000374706 1.67443e-05 4.83584e-05 0.00914729 -0.0168469 5.19943e-05 -0.000374706 -0.0168469 0.0832683 
0.00919651 -0.0168578 3.12348e-05 5.23852e-05 -0.0168578 0.0831614 4.94378e-05 -0.000378409 3.12348e-05 4.94378e-05 0.00913866 -0.016797 5.23852e-05 -0.000378409 -0.016797 0.0831232 
0.00917807 -0.0168117 2.7525e-05 3.40581e-05 -0.0168117 0.0829494 3.33578e-05 -0.00035179 2.7525e-05 3.33578e-05 0.00910682 -0.0167382 3.40581e-05 -0.00035179 -0.0167382 0.0828102 
0.00914253 -0.0167642 3.7515e-05 3.21162e-05 -0.0167642 0.0826906 3.4997e-05 -0.000330102 3.7515e-05 3.4997e-05 0.00908596 -0.0166771 3.21162e-05 -0.000330102 -0.0166771 0.0825011 
0.00912225 -0.0167094 3.94997e-05 2.00128e-05 -0.0167094 0.0824468 2.3721e-05 -0.000306161 3.94997e-05 2.3721e-05 0.00905243 -0.0166425 2.00128e-05 -0.000306161 -0.0166425 0.0822712 
0.00975507 -0.0178649 4.44482e-05 1.83892e-05 -0.0178649 0.0881147 1.87421e-05 -0.000303972 4.44482e-05 1.87421e-05 0.00966934 -0.0177791 1.83892e-05 -0.000303972 -0.0177791 0.087923 
0.0091358 -0.0167366 3.28487e-05 1.48908e-05 -0.0167366 0.0825206 1.46312e-05 -0.000272641 3.28487e-05 1.46312e-05 0.00904737 -0.0166403 1.48908e-05 -0.000272641 -0.0166403 0.0823056 
0.00917567 -0.0168193 2.22826e-05 2.88026e-05 -0.0168193 0.0829239 2.99364e-05 -0.000296397 2.22826e-05 2.99364e-05 0.00908187 -0.0167096 2.88026e-05 -0.000296397 -0.0167096 0.0826673 
0.00918338 -0.0168558 2.34675e-05 4.14381e-05 -0.0168558 0.0831098 4.58808e-05 -0.000332969 2.34675e-05 4.58808e-05 0.00911536 -0.0167286 4.14381e-05 -0.000332969 -0.0167286 0.0827946 
0.00921302 -0.0168879 3.13388e-05 3.71606e-05 -0.0168879 0.0833255 4.79946e-05 -0.000348735 3.13388e-05 4.79946e-05 0.00914567 -0.0167926 3.71606e-05 -0.000348735 -0.0167926 0.0830313 
0.00920149 -0.0168644 4.04623e-05 2.7057e-05 -0.0168644 0.0831916 4.18002e-05 -0.000341228 4.04623e-05 4.18002e-05 0.00913714 -0.0167767 2.7057e-05 -0.000341228 -0.0167767 0.0829338 
0.00918885 -0.016885 4.87721e-05 1.41407e-05 -0.016885 0.0832867 2.79941e-05 -0.000313255 4.87721e-05 2.79941e-05 0.00916459 -0.0168036 1.41407e-05 -0.000313255 -0.0168036 0.0830506 
0.00915099 -0.0168624 4.16218e-05 5.09301e-06 -0.0168624 0.0832659 1.51616e-05 -0.00028253 4.16218e-05 1.51616e-05 0.00919703 -0.0168243 5.09301e-06 -0.00028253 -0.0168243 0.0830971 
0.0091245 -0.0168254 2.81436e-05 1.6653e-05 -0.0168254 0.0832331 2.15996e-05 -0.000284299 2.81436e-05 2.15996e-05 0.00923168 -0.0168756 1.6653e-05 -0.000284299 -0.0168756 0.0832359 
0.00911748 -0.0167848 2.66833e-05 3.33889e-05 -0.0167848 0.0831388 3.7402e-05 -0.000313556 2.66833e-05 3.7402e-05 0.00923991 -0.0169181 3.33889e-05 -0.000313556 -0.0169181 0.0833603 
0.00912131 -0.0167493 2.85543e-05 3.55957e-05 -0.0167493 0.0829584 4.01076e-05 -0.000330996 2.85543e-05 4.01076e-05 0.00921055 -0.016902 3.55957e-05 -0.000330996 -0.016902 0.0832999 
0.00914207 -0.0167612 3.32738e-05 3.28663e-05 -0.0167612 0.0829318 3.73385e-05 -0.000331188 3.32738e-05 3.73385e-05 0.00918738 -0.0168748 3.28663e-05 -0.000331188 -0.0168748 0.083251 
0.00915084 -0.0167968 3.64061e-05 3.07766e-05 -0.0167968 0.0830072 3.24967e-05 -0.000327489 3.64061e-05 3.24967e-05 0.0091944 -0.0168491 3.07766e-05 -0.000327489 -0.0168491 0.0831993 
0.0091448 -0.0167845 3.91674e-05 3.2295e-05 -0.0167845 0.0829374 2.89494e-05 -0.000327588 3.91674e-05 2.89494e-05 0.00919152 -0.0168296 3.2295e-05 -0.000327588 -0.0168296 0.083056 
0.00918646 -0.0168445 4.66245e-05 3.3314e-05 -0.0168445 0.0832164 2.4888e-05 -0.000329718 4.66245e-05 2.4888e-05 0.00921598 -0.0168952 3.3314e-05 -0.000329718 -0.0168952 0.0833245 
0.00920599 -0.0168742 4.09406e-05 2.57052e-05 -0.0168742 0.083314 1.53504e-05 -0.000318732 4.09406e-05 1.53504e-05 0.00921273 -0.0169061 2.57052e-05 -0.000318732 -0.0169061 0.0833964 
0.00923742 -0.0169399 3.56446e-05 3.19552e-05 -0.0169399 0.083602 2.17608e-05 -0.000323483 3.56446e-05 2.17608e-05 0.00923329 -0.0169454 3.19552e-05 -0.000323483 -0.0169454 0.0836327 
0.00922831 -0.0169489 1.92461e-05 3.77445e-05 -0.0169489 0.0836374 3.1668e-05 -0.000343035 1.92461e-05 3.1668e-05 0.00923998 -0.0169329 3.77445e-05 -0.000343035 -0.0169329 0.0836029 
0.0092207 -0.0169502 1.65152e-05 5.65095e-05 -0.0169502 0.0836914 5.57772e-05 -0.000386655 1.65152e-05 5.57772e-05 0.00924815 -0.0169472 5.65095e-05 -0.000386655 -0.0169472 0.0836406 
0.00919704 -0.0169225 1.42061e-05 5.99491e-05 -0.0169225 0.0836257 6.13615e-05 -0.000415242 1.42061e-05 6.13615e-05 0.00926042 -0.0169527 5.99491e-05 -0.000415242 -0.0169527 0.0836421 
0.00917494 -0.0168492 2.40696e-06 6.34484e-05 -0.0168492 0.0833466 6.46745e-05 -0.000430012 2.40696e-06 6.46745e-05 0.00924933 -0.0169372 6.34484e-05 -0.000430012 -0.0169372 0.083504 
0.00917844 -0.0168348 1.09382e-05 7.61221e-05 -0.0168348 0.083244 7.66188e-05 -0.000450879 1.09382e-05 7.66188e-05 0.00924674 -0.0169383 7.61221e-05 -0.000450879 -0.0169383 0.0834933 
0.00922627 -0.0169012 3.08277e-05 6.67265e-05 -0.0169012 0.083513 6.78619e-05 -0.000450675 3.08277e-05 6.78619e-05 0.00926797 -0.0169955 6.67265e-05 -0.000450675 -0.0169955 0.0837778 
0.00927787 -0.0169854 4.07127e-05 3.86311e-05 -0.0169854 0.0838417 4.32271e-05 -0.000404063 4.07127e-05 4.32271e-05 0.00927775 -0.017036 3.86311e-05 -0.000404063 -0.017036 0.0840263 
0.00930978 -0.0170615 4.62176e-05 2.42547e-05 -0.0170615 0.0841443 3.33882e-05 -0.000361795 4.62176e-05 3.33882e-05 0.00929839 -0.0170512 2.42547e-05 -0.000361795 -0.0170512 0.0841785 
0.00930561 -0.0171019 4.2498e-05 1.74337e-05 -0.0171019 0.0843443 2.63911e-05 -0.00033649 4.2498e-05 2.63911e-05 0.00932558 -0.0170703 1.74337e-05 -0.00033649 -0.0170703 0.0842681 
0.00929168 -0.0170726 3.76446e-05 2.34469e-05 -0.0170726 0.0843005 2.72041e-05 -0.000331432 3.76446e-05 2.72041e-05 0.00933539 -0.0170772 2.34469e-05 -0.000331432 -0.0170772 0.0842396 
0.00929971 -0.0170862 2.5914e-05 3.42528e-05 -0.0170862 0.0844059 3.38052e-05 -0.00034955 2.5914e-05 3.38052e-05 0.00935741 -0.0171229 3.42528e-05 -0.00034955 -0.0171229 0.0844156 
0.0093129 -0.0170981 1.96431e-05 5.19147e-05 -0.0170981 0.0844921 4.98541e-05 -0.000387282 1.96431e-05 4.98541e-05 0.00937702 -0.0171613 5.19147e-05 -0.000387282 -0.0171613 0.0845839 
0.00932904 -0.0170868 3.00778e-05 6.07796e-05 -0.0170868 0.0844437 6.04645e-05 -0.000422416 3.00778e-05 6.04645e-05 0.00936874 -0.0171741 6.07796e-05 -0.000422416 -0.0171741 0.0846252 
0.00932592 -0.0170839 2.74777e-05 5.08843e-05 -0.0170839 0.0843439 5.21224e-05 -0.000426736 2.74777e-05 5.21224e-05 0.00936207 -0.0171427 5.08843e-05 -0.000426736 -0.0171427 0.0845213 
0.00934359 -0.0171671 1.76988e-05 5.09632e-05 -0.0171671 0.0847162 4.99132e-05 -0.000419903 1.76988e-05 4.99132e-05 0.00941697 -0.0172134 5.09632e-05 -0.000419903 -0.0172134 0.0848533 
0.00936707 -0.0172152 1.72383e-05 6.53364e-05 -0.0172152 0.0850409 6.33075e-05 -0.000442252 1.72383e-05 6.33075e-05 0.00946959 -0.0172984 6.53364e-05 -0.000442252 -0.0172984 0.0852074 
0.0093625 -0.017204 2.45571e-05 6.89556e-05 -0.017204 0.0850372 6.82782e-05 -0.000465562 2.45571e-05 6.82782e-05 0.00949106 -0.0173267 6.89556e-05 -0.000465562 -0.0173267 0.0852907 
0.00936939 -0.0171726 7.74773e-06 6.26072e-05 -0.0171726 0.0849137 6.27027e-05 -0.00046929 7.74773e-06 6.27027e-05 0.00947163 -0.0173367 6.26072e-05 -0.00046929 -0.0173367 0.0852811 
0.00934332 -0.0170771 1.95757e-06 8.30568e-05 -0.0170771 0.0843601 8.2136e-05 -0.000497296 1.95757e-06 8.2136e-05 0.00938359 -0.0172088 8.30568e-05 -0.000497296 -0.0172088 0.0847249 
0.00932074 -0.0170389 9.19297e-06 9.4952e-05 -0.0170389 0.0840155 9.21983e-05 -0.000536373 9.19297e-06 9.21983e-05 0.00930975 -0.0170819 9.4952e-05 -0.000536373 -0.0170819 0.0842104 
0.00930527 -0.0170271 6.88091e-06 8.76908e-05 -0.0170271 0.0838662 8.42589e-05 -0.000541515 6.88091e-06 8.42589e-05 0.00926364 -0.0169858 8.76908e-05 -0.000541515 -0.0169858 0.0838211 
0.00928328 -0.0169991 1.11317e-05 8.37797e-05 -0.0169991 0.0837007 8.27392e-05 -0.000528717 1.11317e-05 8.27392e-05 0.00922721 -0.0169073 8.37797e-05 -0.000528717 -0.0169073 0.0834589 
0.00930195 -0.017037 1.70743e-05 7.74349e-05 -0.017037 0.0838968 7.65694e-05 -0.000513628 1.70743e-05 7.65694e-05 0.009232 -0.0169327 7.74349e-05 -0.000513628 -0.0169327 0.0835657 
0.00934478 -0.0171443 1.67239e-05 6.97457e-05 -0.0171443 0.0844452 6.43953e-05 -0.000488241 1.67239e-05 6.43953e-05 0.0092942 -0.0170397 6.97457e-05 -0.000488241 -0.0170397 0.0841085 
0.00936559 -0.0172109 1.19599e-05 6.73925e-05 -0.0172109 0.0848479 6.10511e-05 -0.000467974 1.19599e-05 6.10511e-05 0.00936061 -0.0171303 6.73925e-05 -0.000467974 -0.0171303 0.0845518 
0.00938211 -0.0172485 6.9587e-06 7.13549e-05 -0.0172485 0.0851415 7.06722e-05 -0.000471598 6.9587e-06 7.06722e-05 0.00941714 -0.0172305 7.13549e-05 -0.000471598 -0.0172305 0.084976 
0.00938124 -0.0172077 2.39003e-05 7.98026e-05 -0.0172077 0.0850223 7.92338e-05 -0.000489671 2.39003e-05 7.92338e-05 0.00941748 -0.0172488 7.98026e-05 -0.000489671 -0.0172488 0.0850234 
0.00934579 -0.0171283 3.82535e-05 6.18236e-05 -0.0171283 0.0845979 6.07669e-05 -0.00047232 3.82535e-05 6.07669e-05 0.00937135 -0.0171789 6.18236e-05 -0.00047232 -0.0171789 0.084693 
0.00929503 -0.0170405 4.6064e-05 3.98895e-05 -0.0170405 0.0841324 4.20493e-05 -0.000425802 4.6064e-05 4.20493e-05 0.00932328 -0.0170843 3.98895e-05 -0.000425802 -0.0170843 0.0842565 
0.00927607 -0.01698 5.26474e-05 2.38828e-05 -0.01698 0.0838298 2.74691e-05 -0.000374509 5.26474e-05 2.74691e-05 0.00927116 -0.0170231 2.38828e-05 -0.000374509 -0.0170231 0.0839561 
0.0092845 -0.0169804 4.43548e-05 1.56294e-05 -0.0169804 0.083766 1.70257e-05 -0.000339055 4.43548e-05 1.70257e-05 0.00923912 -0.0169806 1.56294e-05 -0.000339055 -0.0169806 0.0838257 
0.00927228 -0.0170097 2.30044e-05 2.4587e-05 -0.0170097 0.0838295 2.36651e-05 -0.000334283 2.30044e-05 2.36651e-05 0.00924303 -0.0169457 2.4587e-05 -0.000334283 -0.0169457 0.0837378 
0.00926575 -0.0170006 2.92029e-05 5.23129e-05 -0.0170006 0.0838536 4.82182e-05 -0.000376011 2.92029e-05 4.82182e-05 0.00924154 -0.0169463 5.23129e-05 -0.000376011 -0.0169463 0.0836927 
0.00926469 -0.0170165 4.98372e-05 5.24821e-05 -0.0170165 0.0839728 4.24232e-05 -0.000397821 4.98372e-05 4.24232e-05 0.0092586 -0.01698 5.24821e-05 -0.000397821 -0.01698 0.0838393 
0.00927255 -0.0169932 5.16479e-05 2.84373e-05 -0.0169932 0.0839276 1.16564e-05 -0.000356872 5.16479e-05 1.16564e-05 0.00924829 -0.0169902 2.84373e-05 -0.000356872 -0.0169902 0.0838762 
0.00923283 -0.0169228 3.59595e-05 2.44146e-05 -0.0169228 0.0835447 4.10634e-06 -0.000318712 3.59595e-05 4.10634e-06 0.00920677 -0.016912 2.44146e-05 -0.000318712 -0.016912 0.083542 
0.00920844 -0.0168929 2.39486e-05 3.86556e-05 -0.0168929 0.0833989 2.32249e-05 -0.000327665 2.39486e-05 2.32249e-05 0.00920284 -0.0168875 3.86556e-05 -0.000327665 -0.0168875 0.0834315 
0.00920321 -0.0168688 2.52082e-05 5.06847e-05 -0.0168688 0.0833183 4.3126e-05 -0.00036231 2.52082e-05 4.3126e-05 0.00920016 -0.0168923 5.06847e-05 -0.00036231 -0.0168923 0.0834167 
0.00922835 -0.0168778 3.73587e-05 4.68752e-05 -0.0168778 0.0833491 4.40718e-05 -0.000374738 3.73587e-05 4.40718e-05 0.00919883 -0.0169096 4.68752e-05 -0.000374738 -0.0169096 0.0835036 
0.00925369 -0.016921 3.87099e-05 3.13457e-05 -0.016921 0.0834676 3.07329e-05 -0.000354568 3.87099e-05 3.07329e-05 0.00919774 -0.0169156 3.13457e-05 -0.000354568 -0.0169156 0.0835796 
0.00925849 -0.0169562 3.88561e-05 2.62673e-05 -0.0169562 0.0835847 2.6974e-05 -0.000333251 3.88561e-05 2.6974e-05 0.00920893 -0.0169118 2.62673e-05 -0.000333251 -0.0169118 0.0836032 
0.00922878 -0.016944 3.08689e-05 2.5647e-05 -0.016944 0.0835457 2.81404e-05 -0.00032642 3.08689e-05 2.81404e-05 0.00922855 -0.0168996 2.5647e-05 -0.00032642 -0.0168996 0.083513 
0.0091817 -0.016877 4.3329e-05 3.68261e-05 -0.016877 0.0833169 3.8062e-05 -0.000342083 4.3329e-05 3.8062e-05 0.00923599 -0.0168938 3.68261e-05 -0.000342083 -0.0168938 0.0833645 
0.00915135 -0.016838 4.62314e-05 2.55984e-05 -0.016838 0.083217 2.62578e-05 -0.000337813 4.62314e-05 2.62578e-05 0.00926454 -0.0169303 2.55984e-05 -0.000337813 -0.0169303 0.0834368 
0.00916024 -0.0168533 4.45292e-05 2.09762e-05 -0.0168533 0.0833827 2.07282e-05 -0.000323331 4.45292e-05 2.07282e-05 0.00930684 -0.0170283 2.09762e-05 -0.000323331 -0.0170283 0.0838194 
0.00920528 -0.016901 3.73857e-05 2.36021e-05 -0.016901 0.0836722 2.01492e-05 -0.000319152 3.73857e-05 2.01492e-05 0.00933034 -0.0171287 2.36021e-05 -0.000319152 -0.0171287 0.0842991 
0.00925233 -0.0169261 3.32588e-05 3.29087e-05 -0.0169261 0.0837631 2.57699e-05 -0.000328835 3.32588e-05 2.57699e-05 0.00929859 -0.0171393 3.29087e-05 -0.000328835 -0.0171393 0.0844578 
0.00926398 -0.0169384 4.48175e-05 4.10142e-05 -0.0169384 0.0836826 3.01826e-05 -0.000343989 4.48175e-05 3.01826e-05 0.00924829 -0.0170552 4.10142e-05 -0.000343989 -0.0170552 0.0842495 
0.00924089 -0.0169137 4.29889e-05 2.58229e-05 -0.0169137 0.0834774 1.24022e-05 -0.000320657 4.29889e-05 1.24022e-05 0.00920174 -0.0169447 2.58229e-05 -0.000320657 -0.0169447 0.0838299 
0.00923154 -0.0168803 4.49875e-05 2.22959e-05 -0.0168803 0.0833027 1.1068e-05 -0.000296471 4.49875e-05 1.1068e-05 0.00915692 -0.0168719 2.22959e-05 -0.000296471 -0.0168719 0.0834921 
0.00924496 -0.0168834 5.20518e-05 1.82225e-05 -0.0168834 0.0832626 9.88237e-06 -0.000283769 5.20518e-05 9.88237e-06 0.0091148 -0.0168228 1.82225e-05 -0.000283769 -0.0168228 0.0833028 
0.00920557 -0.0168526 4.80391e-05 2.79782e-06 -0.0168526 0.0830318 -4.0761e-07 -0.000252265 4.80391e-05 -4.0761e-07 0.0090823 -0.0167206 2.79782e-06 -0.000252265 -0.0167206 0.0828944 
0.00914938 -0.0167804 3.98119e-05 2.01314e-06 -0.0167804 0.0827169 5.77829e-06 -0.000237809 3.98119e-05 5.77829e-06 0.00906251 -0.0166446 2.01314e-06 -0.000237809 -0.0166446 0.082479 
0.00912593 -0.016744 2.59246e-05 1.20682e-05 -0.016744 0.0826206 2.12175e-05 -0.000256371 2.59246e-05 2.12175e-05 0.00906936 -0.0166559 1.20682e-05 -0.000256371 -0.0166559 0.0824281 
0.00910836 -0.0167141 3.87351e-05 2.77757e-05 -0.0167141 0.0825269 3.62888e-05 -0.000286871 3.87351e-05 3.62888e-05 0.00908596 -0.0166705 2.77757e-05 -0.000286871 -0.0166705 0.0824411 
0.00910782 -0.0167479 4.20246e-05 1.67798e-05 -0.0167479 0.0827166 2.31771e-05 -0.000286906 4.20246e-05 2.31771e-05 0.00912924 -0.0167417 1.67798e-05 -0.000286906 -0.0167417 0.0827287 
0.00912584 -0.0167751 4.57334e-05 1.00525e-05 -0.0167751 0.0829444 1.53794e-05 -0.00026527 4.57334e-05 1.53794e-05 0.00917733 -0.0168268 1.00525e-05 -0.00026527 -0.0168268 0.0830889 
0.00917082 -0.0168225 3.78451e-05 7.25093e-06 -0.0168225 0.0832203 1.17796e-05 -0.000253914 3.78451e-05 1.17796e-05 0.00921193 -0.0169209 7.25093e-06 -0.000253914 -0.0169209 0.0835071 
0.00919977 -0.0168189 4.34362e-05 1.64288e-05 -0.0168189 0.0831479 1.95597e-05 -0.000261809 4.34362e-05 1.95597e-05 0.00918572 -0.0169031 1.64288e-05 -0.000261809 -0.0169031 0.0834668 
0.00917963 -0.0167703 5.28047e-05 9.77135e-06 -0.0167703 0.082756 1.36256e-05 -0.000257129 5.28047e-05 1.36256e-05 0.00913542 -0.0167824 9.77135e-06 -0.000257129 -0.0167824 0.0829589 
0.00920195 -0.0168268 5.91213e-05 -2.1653e-06 -0.0168268 0.082924 5.09585e-06 -0.000240007 5.91213e-05 5.09585e-06 0.00914357 -0.0167909 -2.1653e-06 -0.000240007 -0.0167909 0.0829791 
0.00919756 -0.0168525 4.6949e-05 -6.30178e-06 -0.0168525 0.0830176 8.18173e-07 -0.000231735 4.6949e-05 8.18173e-07 0.00914786 -0.0167933 -6.30178e-06 -0.000231735 -0.0167933 0.0829695 
0.00920303 -0.0168934 3.69675e-05 1.40473e-05 -0.0168934 0.0832581 1.62187e-05 -0.000262041 3.69675e-05 1.62187e-05 0.00917268 -0.0168357 1.40473e-05 -0.000262041 -0.0168357 0.0831637 
0.00920072 -0.0169083 3.01323e-05 3.43992e-05 -0.0169083 0.083423 2.80772e-05 -0.000309579 3.01323e-05 2.80772e-05 0.00920166 -0.0168817 3.43992e-05 -0.000309579 -0.0168817 0.0833689 
0.00921388 -0.0169054 2.26058e-05 4.77809e-05 -0.0169054 0.0835139 3.69725e-05 -0.000351615 2.26058e-05 3.69725e-05 0.00920985 -0.0169347 4.77809e-05 -0.000351615 -0.0169347 0.0835907 
0.00919127 -0.0168654 5.02978e-06 5.87559e-05 -0.0168654 0.0833188 4.75e-05 -0.000386046 5.02978e-06 4.75e-05 0.00920001 -0.0168977 5.87559e-05 -0.000386046 -0.0168977 0.0834733 
0.00919126 -0.0168372 3.62759e-06 7.84427e-05 -0.0168372 0.0831901 7.00607e-05 -0.000431516 3.62759e-06 7.00607e-05 0.00918061 -0.0168802 7.84427e-05 -0.000431516 -0.0168802 0.0833811 
0.00920202 -0.0168469 1.09325e-05 7.79814e-05 -0.0168469 0.0831829 7.24316e-05 -0.000452918 1.09325e-05 7.24316e-05 0.00917034 -0.0168656 7.79814e-05 -0.000452918 -0.0168656 0.0833539 
0.00921543 -0.0168785 1.06312e-05 6.28308e-05 -0.0168785 0.0832912 6.17146e-05 -0.000433163 1.06312e-05 6.17146e-05 0.00917583 -0.0168683 6.28308e-05 -0.000433163 -0.0168683 0.0833989 
0.00923371 -0.0169251 1.94e-05 5.78269e-05 -0.0169251 0.0835085 5.93645e-05 -0.000410903 1.94e-05 5.93645e-05 0.00919757 -0.0168983 5.78269e-05 -0.000410903 -0.0168983 0.0835542 
0.00924512 -0.0169386 2.95032e-05 4.88809e-05 -0.0169386 0.0836047 4.87169e-05 -0.000387721 2.95032e-05 4.87169e-05 0.00920737 -0.016922 4.88809e-05 -0.000387721 -0.016922 0.0836491 
0.00927936 -0.016982 3.60403e-05 3.88446e-05 -0.016982 0.0838172 3.51236e-05 -0.000359523 3.60403e-05 3.51236e-05 0.00922358 -0.0169682 3.88446e-05 -0.000359523 -0.0169682 0.0838793 
0.00927582 -0.0169637 3.62955e-05 2.99054e-05 -0.0169637 0.0836888 2.4219e-05 -0.000329408 3.62955e-05 2.4219e-05 0.00920534 -0.0169313 2.99054e-05 -0.000329408 -0.0169313 0.083734 
0.00930461 -0.0169641 3.93566e-05 2.73444e-05 -0.0169641 0.083655 2.1613e-05 -0.00031082 3.93566e-05 2.1613e-05 0.00917876 -0.0169207 2.73444e-05 -0.00031082 -0.0169207 0.0836832 
0.00930032 -0.0169878 3.14325e-05 2.56529e-05 -0.0169878 0.0836336 1.86822e-05 -0.000303302 3.14325e-05 1.86822e-05 0.0091776 -0.0168786 2.56529e-05 -0.000303302 -0.0168786 0.0835595 
0.00930212 -0.0170223 2.47329e-05 3.75739e-05 -0.0170223 0.0837986 3.02842e-05 -0.00032085 2.47329e-05 3.02842e-05 0.00919568 -0.0169067 3.75739e-05 -0.00032085 -0.0169067 0.083652 
0.0092764 -0.0170077 1.86803e-05 4.54635e-05 -0.0170077 0.0837841 3.95918e-05 -0.000344379 1.86803e-05 3.95918e-05 0.00921075 -0.01691 4.54635e-05 -0.000344379 -0.01691 0.0836421 
0.0092581 -0.0169678 2.16991e-05 5.29779e-05 -0.0169678 0.0836866 5.02887e-05 -0.000370606 2.16991e-05 5.02887e-05 0.00922454 -0.0169246 5.29779e-05 -0.000370606 -0.0169246 0.0836433 
0.00925592 -0.0169422 1.03836e-05 5.31682e-05 -0.0169422 0.083608 5.01761e-05 -0.00038572 1.03836e-05 5.01761e-05 0.00923637 -0.0169567 5.31682e-05 -0.00038572 -0.0169567 0.0837271 
0.00927034 -0.016991 7.71088e-06 6.90178e-05 -0.016991 0.0838291 6.68475e-05 -0.000419629 7.71088e-06 6.68475e-05 0.00928125 -0.0170295 6.90178e-05 -0.000419629 -0.0170295 0.0840651 
0.00925148 -0.0169331 2.86423e-05 7.35835e-05 -0.0169331 0.0835819 7.06084e-05 -0.00044324 2.86423e-05 7.06084e-05 0.00926158 -0.017004 7.35835e-05 -0.00044324 -0.017004 0.0839058 
0.0092424 -0.0169172 4.04118e-05 4.78585e-05 -0.0169172 0.0834792 4.53644e-05 -0.000413282 4.04118e-05 4.53644e-05 0.00924273 -0.0169957 4.78585e-05 -0.000413282 -0.0169957 0.083865 
0.00922616 -0.0168659 4.73242e-05 2.55791e-05 -0.0168659 0.083216 2.60699e-05 -0.000353873 4.73242e-05 2.60699e-05 0.00919237 -0.0169303 2.55791e-05 -0.000353873 -0.0169303 0.0835992 
0.00923907 -0.0168905 4.56798e-05 1.45466e-05 -0.0168905 0.0832867 1.63018e-05 -0.000310855 4.56798e-05 1.63018e-05 0.00917801 -0.0169139 1.45466e-05 -0.000310855 -0.0169139 0.0836028 
0.00924127 -0.0169001 3.76284e-05 1.57189e-05 -0.0169001 0.0833043 1.40735e-05 -0.000290399 3.76284e-05 1.40735e-05 0.00916509 -0.0168793 1.57189e-05 -0.000290399 -0.0168793 0.083505 
0.00920082 -0.0168457 2.01393e-05 2.46521e-05 -0.0168457 0.0830396 2.102e-05 -0.000292614 2.01393e-05 2.102e-05 0.00914973 -0.0168095 2.46521e-05 -0.000292614 -0.0168095 0.0831701 
0.00919448 -0.0168247 2.00971e-05 4.57154e-05 -0.0168247 0.0829796 4.50236e-05 -0.000330596 2.00971e-05 4.50236e-05 0.00915237 -0.0168199 4.57154e-05 -0.000330596 -0.0168199 0.0831358 
0.00921828 -0.0168406 2.46262e-05 4.53847e-05 -0.0168406 0.0830492 5.08866e-05 -0.000356953 2.46262e-05 5.08866e-05 0.00914695 -0.0168463 4.53847e-05 -0.000356953 -0.0168463 0.0832421 
0.00923476 -0.0168859 2.57312e-05 3.88865e-05 -0.0168859 0.0832078 4.66617e-05 -0.000356635 2.57312e-05 4.66617e-05 0.00915192 -0.0168576 3.88865e-05 -0.000356635 -0.0168576 0.0833619 
0.00926107 -0.0169163 2.54839e-05 3.83346e-05 -0.0169163 0.0833584 4.21589e-05 -0.000349728 2.54839e-05 4.21589e-05 0.00914764 -0.0168666 3.83346e-05 -0.000349728 -0.0168666 0.0834417 
0.00922832 -0.0168925 1.60384e-05 3.94277e-05 -0.0168925 0.0831849 4.04189e-05 -0.000345395 1.60384e-05 4.04189e-05 0.00911987 -0.0167893 3.94277e-05 -0.000345395 -0.0167893 0.0831382 
0.00916851 -0.0167854 2.33555e-05 4.95829e-05 -0.0167854 0.0827026 4.88165e-05 -0.000354279 2.33555e-05 4.88165e-05 0.00906903 -0.016676 4.95829e-05 -0.000354279 -0.016676 0.0825684 
0.00910578 -0.0167167 3.21114e-05 3.86232e-05 -0.0167167 0.0823879 3.80465e-05 -0.000339182 3.21114e-05 3.80465e-05 0.00906028 -0.0166207 3.86232e-05 -0.000339182 -0.0166207 0.0822487 
0.0090869 -0.0166667 4.63071e-05 2.39943e-05 -0.0166667 0.0822666 2.52185e-05 -0.000304882 4.63071e-05 2.52185e-05 0.00906351 -0.0166498 2.39943e-05 -0.000304882 -0.0166498 0.0822667 
0.0090913 -0.0166897 5.21149e-05 3.06358e-06 -0.0166897 0.0824037 5.67336e-06 -0.000254824 5.21149e-05 5.67336e-06 0.00909474 -0.0167058 3.06358e-06 -0.000254824 -0.0167058 0.0825324 
