0.0065573 0 -3.05069e-05 0 0 0.00934219 0 0 -3.05069e-05 0 0.00664584 0 0 0 0 0.00934219 
0.00963737 -0.0119645 -1.93048e-05 2.06385e-05 -0.0119645 0.0318158 2.06385e-05 -3.96882e-05 -1.93048e-05 2.06385e-05 0.0097348 -0.0120812 2.06385e-05 -3.96882e-05 -0.0120812 0.0320392 
0.00994412 -0.0185971 1.16954e-05 -6.97324e-05 -0.0185971 0.0685789 -6.97324e-05 0.000250115 1.16954e-05 -6.97324e-05 0.0100328 -0.0186335 -6.97324e-05 0.000250115 -0.0186335 0.068661 
0.00868863 -0.0168926 2.14385e-06 -0.000166116 -0.0168926 0.0759242 -0.000169216 0.000841386 2.14385e-06 -0.000169216 0.00872909 -0.0168175 -0.000166116 0.000841386 -0.0168175 0.0752908 
0.00915822 -0.0172577 -2.94694e-05 -0.000142984 -0.0172577 0.083583 -0.000143276 0.00106788 -2.94694e-05 -0.000143276 0.00919742 -0.0171354 -0.000142984 0.00106788 -0.0171354 0.0825217 
0.00888789 -0.0164557 -4.88214e-05 -5.97606e-05 -0.0164557 0.0811598 -5.78641e-05 0.000770586 -4.88214e-05 -5.78641e-05 0.00894178 -0.0163779 -5.97606e-05 0.000770586 -0.0163779 0.0802693 
0.00935274 -0.0171896 -4.97996e-05 -6.81492e-06 -0.0171896 0.0850253 -7.68551e-06 0.000493778 -4.97996e-05 -7.68551e-06 0.00937736 -0.0171566 -6.81492e-06 0.000493778 -0.0171566 0.0843671 
0.00907765 -0.0166774 -2.83727e-05 -2.0777e-06 -0.0166774 0.0824492 -3.11873e-06 0.000319315 -2.83727e-05 -3.11873e-06 0.00908999 -0.0166152 -2.0777e-06 0.000319315 -0.0166152 0.081915 
0.00958462 -0.0176007 -1.49238e-05 -3.09288e-05 -0.0176007 0.0870024 -3.12055e-05 0.000318722 -1.49238e-05 -3.12055e-05 0.00958007 -0.0175123 -3.09288e-05 0.000318722 -0.0175123 0.0864307 
0.00947138 -0.0173713 -2.65477e-05 -5.75422e-05 -0.0173713 0.0858304 -5.84164e-05 0.000369406 -2.65477e-05 -5.84164e-05 0.00943285 -0.0172575 -5.75422e-05 0.000369406 -0.0172575 0.0852141 
0.00939564 -0.0172419 -3.17863e-05 -5.48017e-05 -0.0172419 0.0851186 -5.28137e-05 0.000400009 -3.17863e-05 -5.28137e-05 0.00935481 -0.0170936 -5.48017e-05 0.000400009 -0.0170936 0.0844379 
0.00934101 -0.017143 -2.33029e-05 -4.86455e-05 -0.017143 0.0846094 -4.45947e-05 0.000397713 -2.33029e-05 -4.45947e-05 0.00929694 -0.0169943 -4.86455e-05 0.000397713 -0.0169943 0.0839016 
0.00929267 -0.01704 -3.19392e-05 -5.42489e-05 -0.01704 0.0840836 -4.84553e-05 0.00039691 -3.19392e-05 -4.84553e-05 0.00923679 -0.0168929 -5.42489e-05 0.00039691 -0.0168929 0.0833824 
0.00927983 -0.0170248 -4.09326e-05 -4.16588e-05 -0.0170248 0.083961 -3.42013e-05 0.00037438 -4.09326e-05 -3.42013e-05 0.0092243 -0.0168695 -4.16588e-05 0.00037438 -0.0168695 0.08326 
0.00925189 -0.0170211 -3.75199e-05 -2.56697e-05 -0.0170211 0.0839302 -1.67887e-05 0.00032759 -3.75199e-05 -1.67887e-05 0.00924412 -0.0168667 -2.56697e-05 0.00032759 -0.0168667 0.0832317 
0.0092283 -0.0169879 -3.21307e-05 -3.01764e-05 -0.0169879 0.0838641 -1.92754e-05 0.000309925 -3.21307e-05 -1.92754e-05 0.00925681 -0.0168983 -3.01764e-05 0.000309925 -0.0168983 0.0832787 
0.00924003 -0.0169969 -1.47649e-05 -3.82846e-05 -0.0169969 0.0839804 -2.78783e-05 0.000321552 -1.47649e-05 -2.78783e-05 0.00927292 -0.0169663 -3.82846e-05 0.000321552 -0.0169663 0.0835652 
0.00921588 -0.0169609 -1.61184e-05 -5.68406e-05 -0.0169609 0.0838077 -5.10708e-05 0.000357989 -1.61184e-05 -5.10708e-05 0.00925655 -0.0169345 -5.68406e-05 0.000357989 -0.0169345 0.0834708 
0.00922145 -0.0170004 -1.32223e-05 -5.45395e-05 -0.0170004 0.0840238 -5.48894e-05 0.000380166 -1.32223e-05 -5.48894e-05 0.00928986 -0.016977 -5.45395e-05 0.000380166 -0.016977 0.0837053 
0.00921757 -0.0169902 -1.95055e-05 -5.62655e-05 -0.0169902 0.0840512 -6.16497e-05 0.000393529 -1.95055e-05 -6.16497e-05 0.00930475 -0.016998 -5.62655e-05 0.000393529 -0.016998 0.0837827 
0.00919193 -0.0169551 -3.72604e-05 -5.1022e-05 -0.0169551 0.0839087 -5.38929e-05 0.00039023 -3.72604e-05 -5.38929e-05 0.0093131 -0.016984 -5.1022e-05 0.00039023 -0.016984 0.0836963 
0.00915093 -0.0168555 -3.71e-05 -2.81505e-05 -0.0168555 0.0834665 -2.83801e-05 0.000345759 -3.71e-05 -2.83801e-05 0.00928592 -0.0169309 -2.81505e-05 0.000345759 -0.0169309 0.0833565 
0.00914128 -0.0168205 -2.30893e-05 -2.38925e-05 -0.0168205 0.0832748 -2.18466e-05 0.000309859 -2.30893e-05 -2.18466e-05 0.00927115 -0.0169236 -2.38925e-05 0.000309859 -0.0169236 0.0832645 
0.00916744 -0.016887 -6.69244e-06 -4.03906e-05 -0.016887 0.0835623 -3.52388e-05 0.000318467 -6.69244e-06 -3.52388e-05 0.00930155 -0.0169913 -4.03906e-05 0.000318467 -0.0169913 0.0836024 
0.00917982 -0.0169022 7.41355e-06 -6.49221e-05 -0.0169022 0.0836657 -5.78768e-05 0.000365686 7.41355e-06 -5.78768e-05 0.00930188 -0.0170178 -6.49221e-05 0.000365686 -0.0170178 0.0837492 
0.00918526 -0.0169108 -3.82838e-06 -8.42847e-05 -0.0169108 0.0837179 -7.90378e-05 0.000423051 -3.82838e-06 -7.90378e-05 0.00930851 -0.0170261 -8.42847e-05 0.000423051 -0.0170261 0.0838436 
0.00918632 -0.0169198 -1.60992e-05 -7.3614e-05 -0.0169198 0.0837652 -7.02967e-05 0.000436809 -1.60992e-05 -7.02967e-05 0.0093321 -0.0170351 -7.3614e-05 0.000436809 -0.0170351 0.0839062 
0.00921271 -0.0169414 -2.34379e-05 -5.6942e-05 -0.0169414 0.0838819 -5.48002e-05 0.000410617 -2.34379e-05 -5.48002e-05 0.00935743 -0.017077 -5.6942e-05 0.000410617 -0.017077 0.0840539 
0.00923556 -0.0169838 -2.35839e-05 -4.54985e-05 -0.0169838 0.0840331 -4.71112e-05 0.000383133 -2.35839e-05 -4.71112e-05 0.00936798 -0.0171168 -4.54985e-05 0.000383133 -0.0171168 0.0842166 
0.0092439 -0.0170084 -1.53438e-05 -4.49867e-05 -0.0170084 0.0841194 -5.07485e-05 0.000378381 -1.53438e-05 -5.07485e-05 0.00936795 -0.0171171 -4.49867e-05 0.000378381 -0.0171171 0.0842525 
0.00924972 -0.0170073 -8.15413e-06 -5.35369e-05 -0.0170073 0.0841058 -6.17917e-05 0.000393414 -8.15413e-06 -6.17917e-05 0.00934621 -0.0170919 -5.35369e-05 0.000393414 -0.0170919 0.0841571 
0.00922521 -0.0169888 -1.16149e-05 -6.24807e-05 -0.0169888 0.0839751 -7.23217e-05 0.000417803 -1.16149e-05 -7.23217e-05 0.00932927 -0.0170321 -6.24807e-05 0.000417803 -0.0170321 0.0839175 
0.00921482 -0.0169488 -9.1878e-06 -5.99361e-05 -0.0169488 0.0838189 -6.79778e-05 0.00042321 -9.1878e-06 -6.79778e-05 0.00929045 -0.0169978 -5.99361e-05 0.00042321 -0.0169978 0.0837113 
0.00921335 -0.0169666 -9.24188e-06 -6.24369e-05 -0.0169666 0.0838761 -6.5226e-05 0.000418896 -9.24188e-06 -6.5226e-05 0.00929468 -0.0169835 -6.24369e-05 0.000418896 -0.0169835 0.0837084 
0.00922408 -0.0169489 -9.47454e-06 -6.23668e-05 -0.0169489 0.0838331 -6.23913e-05 0.000412894 -9.47454e-06 -6.23913e-05 0.0092677 -0.0169793 -6.23668e-05 0.000412894 -0.0169793 0.0836629 
0.00922407 -0.0169389 -2.79471e-05 -5.94317e-05 -0.0169389 0.0837223 -5.89308e-05 0.000400455 -2.79471e-05 -5.89308e-05 0.00923403 -0.016929 -5.94317e-05 0.000400455 -0.016929 0.0835068 
0.00921639 -0.0169443 -3.67499e-05 -3.46103e-05 -0.0169443 0.0836947 -3.43423e-05 0.000354307 -3.67499e-05 -3.43423e-05 0.009226 -0.0168866 -3.46103e-05 0.000354307 -0.0168866 0.0833706 
0.00920834 -0.0169343 -3.93901e-05 -2.06905e-05 -0.0169343 0.0836548 -1.95225e-05 0.00030262 -3.93901e-05 -1.95225e-05 0.00922897 -0.0168682 -2.06905e-05 0.00030262 -0.0168682 0.0832597 
0.00920779 -0.0169559 -4.03818e-05 -1.71477e-05 -0.0169559 0.0837674 -1.64441e-05 0.000279169 -4.03818e-05 -1.64441e-05 0.00924857 -0.0168996 -1.71477e-05 0.000279169 -0.0168996 0.0833602 
0.00921029 -0.0169324 -4.50895e-05 -1.90883e-05 -0.0169324 0.0837049 -2.17023e-05 0.000283011 -4.50895e-05 -2.17023e-05 0.00922918 -0.0169043 -1.90883e-05 0.000283011 -0.0169043 0.0833453 
0.00922633 -0.0169363 -5.54893e-05 -1.36351e-05 -0.0169363 0.0836883 -1.54757e-05 0.000276811 -5.54893e-05 -1.54757e-05 0.00921706 -0.0168888 -1.36351e-05 0.000276811 -0.0168888 0.0833319 
0.00920841 -0.0169151 -5.12364e-05 -1.31923e-06 -0.0169151 0.0835126 -3.80325e-06 0.000255106 -5.12364e-05 -3.80325e-06 0.00920452 -0.0168309 -1.31923e-06 0.000255106 -0.0168309 0.0830887 
0.00918928 -0.0169263 -3.58573e-05 -4.23292e-06 -0.0169263 0.0835609 -5.62005e-06 0.000246731 -3.58573e-05 -5.62005e-06 0.00923056 -0.0168499 -4.23292e-06 0.000246731 -0.0168499 0.0831199 
0.00916895 -0.0169025 -2.65048e-05 -2.45695e-05 -0.0169025 0.0835452 -2.28659e-05 0.000274244 -2.65048e-05 -2.28659e-05 0.00925423 -0.0168882 -2.45695e-05 0.000274244 -0.0168882 0.0832088 
0.00917094 -0.0168956 -1.00746e-05 -3.833e-05 -0.0168956 0.0835888 -3.4622e-05 0.000310798 -1.00746e-05 -3.4622e-05 0.00926657 -0.0169403 -3.833e-05 0.000310798 -0.0169403 0.0834042 
0.00916352 -0.0169032 -4.89891e-06 -5.96591e-05 -0.0169032 0.0836501 -5.64611e-05 0.000359596 -4.89891e-06 -5.64611e-05 0.00928303 -0.0169677 -5.96591e-05 0.000359596 -0.0169677 0.0835704 
0.00914951 -0.0168686 -2.00156e-05 -6.29952e-05 -0.0168686 0.0835498 -6.08353e-05 0.000383855 -2.00156e-05 -6.08353e-05 0.00927662 -0.0169645 -6.29952e-05 0.000383855 -0.0169645 0.0835583 
0.00914045 -0.0168313 -2.91253e-05 -4.20764e-05 -0.0168313 0.0833862 -4.08167e-05 0.000354927 -2.91253e-05 -4.08167e-05 0.00925868 -0.0169376 -4.20764e-05 0.000354927 -0.0169376 0.0834491 
0.0091524 -0.0168315 -2.46332e-05 -2.45909e-05 -0.0168315 0.0833551 -2.58928e-05 0.000305454 -2.46332e-05 -2.58928e-05 0.00924414 -0.0169257 -2.45909e-05 0.000305454 -0.0169257 0.0834174 
0.0091368 -0.0168033 -1.87735e-05 -2.70772e-05 -0.0168033 0.0831527 -3.24432e-05 0.000289511 -1.87735e-05 -3.24432e-05 0.00921233 -0.0168615 -2.70772e-05 0.000289511 -0.0168615 0.08315 
0.00913615 -0.0167761 -1.68104e-05 -3.16567e-05 -0.0167761 0.0829845 -4.13278e-05 0.000296354 -1.68104e-05 -4.13278e-05 0.00915999 -0.0168071 -3.16567e-05 0.000296354 -0.0168071 0.0828989 
0.00917656 -0.0168233 -2.84539e-05 -3.40029e-05 -0.0168233 0.0831359 -4.20946e-05 0.000300681 -2.84539e-05 -4.20946e-05 0.00913224 -0.0167889 -3.40029e-05 0.000300681 -0.0167889 0.0829119 
0.00917402 -0.0168419 -3.87131e-05 -2.40117e-05 -0.0168419 0.083119 -2.77144e-05 0.000284218 -3.87131e-05 -2.77144e-05 0.00910759 -0.0167149 -2.40117e-05 0.000284218 -0.0167149 0.0826758 
0.00916852 -0.0168541 -4.05568e-05 -1.08491e-05 -0.0168541 0.0831754 -1.11711e-05 0.000250294 -4.05568e-05 -1.11711e-05 0.00910207 -0.016696 -1.08491e-05 0.000250294 -0.016696 0.0825817 
0.00914292 -0.0168307 -3.36705e-05 -1.33958e-05 -0.0168307 0.0830981 -1.09537e-05 0.000241017 -3.36705e-05 -1.09537e-05 0.0091029 -0.0166717 -1.33958e-05 0.000241017 -0.0166717 0.0824519 
0.00915971 -0.0168679 -3.64652e-05 -2.48996e-05 -0.0168679 0.083341 -2.13533e-05 0.000261023 -3.64652e-05 -2.13533e-05 0.00913738 -0.0167338 -2.48996e-05 0.000261023 -0.0167338 0.0827067 
0.00916651 -0.0168642 -3.92805e-05 -2.31387e-05 -0.0168642 0.0833748 -2.01668e-05 0.000272679 -3.92805e-05 -2.01668e-05 0.00913645 -0.0167617 -2.31387e-05 0.000272679 -0.0167617 0.0828122 
0.00912774 -0.0168279 -3.40695e-05 -1.49008e-05 -0.0168279 0.0831977 -1.09426e-05 0.000254897 -3.40695e-05 -1.09426e-05 0.00914043 -0.0167263 -1.49008e-05 0.000254897 -0.0167263 0.0826827 
0.00911019 -0.01679 -2.0868e-05 -1.97803e-05 -0.01679 0.0830928 -1.55137e-05 0.000250031 -2.0868e-05 -1.55137e-05 0.00914239 -0.0167385 -1.97803e-05 0.000250031 -0.0167385 0.0826675 
0.00910901 -0.0167245 -6.13638e-06 -3.3519e-05 -0.0167245 0.0827958 -3.10989e-05 0.00026987 -6.13638e-06 -3.10989e-05 0.00910408 -0.0166995 -3.3519e-05 0.00026987 -0.0166995 0.0824627 
0.00909389 -0.0167126 -2.33538e-05 -4.63299e-05 -0.0167126 0.0826117 -4.63756e-05 0.000296837 -2.33538e-05 -4.63756e-05 0.00909039 -0.0166459 -4.63299e-05 0.000296837 -0.0166459 0.082255 
0.00907583 -0.0166943 -2.89656e-05 -2.59151e-05 -0.0166943 0.0824972 -2.86679e-05 0.000280663 -2.89656e-05 -2.86679e-05 0.00908167 -0.0166242 -2.59151e-05 0.000280663 -0.0166242 0.0821057 
0.00908376 -0.0166985 -3.84205e-05 -1.88646e-05 -0.0166985 0.0825363 -2.14463e-05 0.000255473 -3.84205e-05 -2.14463e-05 0.00908833 -0.0166459 -1.88646e-05 0.000255473 -0.0166459 0.0821703 
0.00911458 -0.0167567 -3.45957e-05 -1.21689e-05 -0.0167567 0.0828066 -1.11036e-05 0.000238469 -3.45957e-05 -1.11036e-05 0.00911808 -0.0167084 -1.21689e-05 0.000238469 -0.0167084 0.0824716 
0.00913401 -0.0168121 -3.46438e-05 -2.20262e-05 -0.0168121 0.08307 -1.79507e-05 0.00025021 -3.46438e-05 -1.79507e-05 0.00915323 -0.0167589 -2.20262e-05 0.00025021 -0.0167589 0.0827375 
0.00913122 -0.0168053 -4.40549e-05 -2.43574e-05 -0.0168053 0.083073 -2.0532e-05 0.000266124 -4.40549e-05 -2.0532e-05 0.00916151 -0.0167697 -2.43574e-05 0.000266124 -0.0167697 0.0827652 
0.00910981 -0.0168052 -4.71645e-05 -1.6309e-05 -0.0168052 0.0830781 -1.16013e-05 0.000263382 -4.71645e-05 -1.16013e-05 0.00919069 -0.0167765 -1.6309e-05 0.000263382 -0.0167765 0.0827865 
0.00912125 -0.0168221 -3.65602e-05 -1.19989e-05 -0.0168221 0.0832575 -6.50631e-06 0.000253219 -3.65602e-05 -6.50631e-06 0.00922983 -0.0168569 -1.19989e-05 0.000253219 -0.0168569 0.0830675 
0.00914622 -0.0168207 -4.8832e-05 -2.49245e-05 -0.0168207 0.0832942 -1.72896e-05 0.000266416 -4.8832e-05 -1.72896e-05 0.00922997 -0.0168992 -2.49245e-05 0.000266416 -0.0168992 0.083234 
0.00918633 -0.016891 -5.08298e-05 -1.38547e-05 -0.016891 0.0835557 -5.81142e-06 0.000263658 -5.08298e-05 -5.81142e-06 0.00924067 -0.0169361 -1.38547e-05 0.000263658 -0.0169361 0.0834917 
0.00921996 -0.0169626 -3.58579e-05 -1.01232e-05 -0.0169626 0.0838602 -5.00591e-06 0.000254684 -3.58579e-05 -5.00591e-06 0.00926501 -0.0169606 -1.01232e-05 0.000254684 -0.0169606 0.0836917 
0.00923455 -0.0169817 -2.09003e-05 -2.7063e-05 -0.0169817 0.0839583 -2.70256e-05 0.000283668 -2.09003e-05 -2.70256e-05 0.00927288 -0.0169687 -2.7063e-05 0.000283668 -0.0169687 0.0837264 
0.009243 -0.0169649 -5.204e-06 -4.70087e-05 -0.0169649 0.0838565 -5.00036e-05 0.000337091 -5.204e-06 -5.00036e-05 0.00924964 -0.0169413 -4.70087e-05 0.000337091 -0.0169413 0.0835832 
0.00923053 -0.0169836 -1.17666e-06 -6.72414e-05 -0.0169836 0.0838699 -6.9454e-05 0.00039248 -1.17666e-06 -6.9454e-05 0.00926453 -0.0169263 -6.72414e-05 0.00039248 -0.0169263 0.0835386 
0.00925445 -0.016982 -1.33229e-05 -6.93639e-05 -0.016982 0.0839188 -7.21275e-05 0.000417154 -1.33229e-05 -7.21275e-05 0.0092655 -0.0169581 -6.93639e-05 0.000417154 -0.0169581 0.0836099 
0.00926215 -0.0170305 -3.74983e-05 -5.20527e-05 -0.0170305 0.0840827 -5.58398e-05 0.000396437 -3.74983e-05 -5.58398e-05 0.0092949 -0.0169886 -5.20527e-05 0.000396437 -0.0169886 0.0837852 
0.00925816 -0.0170441 -4.36458e-05 -2.79379e-05 -0.0170441 0.0841961 -2.91731e-05 0.00035058 -4.36458e-05 -2.91731e-05 0.00932912 -0.0170311 -2.79379e-05 0.00035058 -0.0170311 0.0839422 
0.00927942 -0.0170627 -2.78862e-05 -2.44371e-05 -0.0170627 0.0843519 -2.06924e-05 0.000321646 -2.78862e-05 -2.06924e-05 0.00935142 -0.0170974 -2.44371e-05 0.000321646 -0.0170974 0.0841987 
0.00930432 -0.0170874 -1.57012e-05 -4.76245e-05 -0.0170874 0.0844594 -4.13071e-05 0.000351902 -1.57012e-05 -4.13071e-05 0.00936058 -0.0171252 -4.76245e-05 0.000351902 -0.0171252 0.08436 
0.0093316 -0.0170789 -2.265e-05 -6.62623e-05 -0.0170789 0.0843674 -6.13134e-05 0.000406666 -2.265e-05 -6.13134e-05 0.00932361 -0.0170955 -6.62623e-05 0.000406666 -0.0170955 0.0842488 
0.00936432 -0.0171343 -3.9755e-05 -5.53111e-05 -0.0171343 0.0844849 -5.54276e-05 0.000417962 -3.9755e-05 -5.54276e-05 0.00930167 -0.0170694 -5.53111e-05 0.000417962 -0.0170694 0.0842231 
0.00936315 -0.0171484 -6.64963e-05 -3.15503e-05 -0.0171484 0.0844651 -3.43408e-05 0.000380467 -6.64963e-05 -3.43408e-05 0.0092754 -0.0170089 -3.15503e-05 0.000380467 -0.0170089 0.0840078 
0.00934071 -0.0171409 -6.55533e-05 4.29185e-06 -0.0171409 0.0844092 2.84024e-06 0.000300033 -6.55533e-05 2.84024e-06 0.00926919 -0.0169623 4.29185e-06 0.000300033 -0.0169623 0.0838011 
0.00931272 -0.0171422 -4.74488e-05 7.53563e-06 -0.0171422 0.0844684 6.23613e-06 0.000252607 -4.74488e-05 6.23613e-06 0.00930407 -0.0169762 7.53563e-06 0.000252607 -0.0169762 0.0838113 
0.00931205 -0.0171444 -3.64668e-05 -1.62818e-05 -0.0171444 0.0846233 -1.64163e-05 0.000276468 -3.64668e-05 -1.64163e-05 0.00934862 -0.0170607 -1.62818e-05 0.000276468 -0.0170607 0.0840889 
0.00932196 -0.0171324 -3.44116e-05 -3.46069e-05 -0.0171324 0.0846515 -3.18245e-05 0.000321648 -3.44116e-05 -3.18245e-05 0.00935988 -0.0171204 -3.46069e-05 0.000321648 -0.0171204 0.084311 
0.00932029 -0.0171164 -3.17734e-05 -3.8914e-05 -0.0171164 0.0845539 -3.54338e-05 0.000348606 -3.17734e-05 -3.54338e-05 0.00934683 -0.0171082 -3.8914e-05 0.000348606 -0.0171082 0.0843017 
0.00934909 -0.0171277 -2.81277e-05 -4.15903e-05 -0.0171277 0.0845766 -4.18702e-05 0.000365384 -2.81277e-05 -4.18702e-05 0.00932885 -0.0171024 -4.15903e-05 0.000365384 -0.0171024 0.0843179 
0.0093922 -0.0172076 -2.17322e-05 -4.57481e-05 -0.0172076 0.08486 -5.13459e-05 0.000386037 -2.17322e-05 -5.13459e-05 0.00933483 -0.0171183 -4.57481e-05 0.000386037 -0.0171183 0.0844839 
0.00936874 -0.0171698 -1.66735e-05 -5.10557e-05 -0.0171698 0.084611 -6.05968e-05 0.000405111 -1.66735e-05 -6.05968e-05 0.00929019 -0.0170182 -5.10557e-05 0.000405111 -0.0170182 0.0840579 
0.00936004 -0.0171724 -7.95661e-06 -5.81874e-05 -0.0171724 0.0845887 -6.64984e-05 0.000424248 -7.95661e-06 -6.64984e-05 0.00927143 -0.0169815 -5.81874e-05 0.000424248 -0.0169815 0.0838819 
0.00934786 -0.0171736 -7.82882e-06 -6.94226e-05 -0.0171736 0.0846128 -7.50463e-05 0.000446522 -7.82882e-06 -7.50463e-05 0.00926442 -0.0169681 -6.94226e-05 0.000446522 -0.0169681 0.0838204 
0.00934162 -0.0171808 -1.36446e-05 -6.9264e-05 -0.0171808 0.0847245 -7.1613e-05 0.000453212 -1.36446e-05 -7.1613e-05 0.00929305 -0.0169998 -6.9264e-05 0.000453212 -0.0169998 0.0839624 
0.00931003 -0.0171242 -3.8296e-05 -6.14255e-05 -0.0171242 0.0845306 -5.72657e-05 0.000429455 -3.8296e-05 -5.72657e-05 0.0093043 -0.0169965 -6.14255e-05 0.000429455 -0.0169965 0.0838869 
0.00927449 -0.0170845 -7.11952e-05 -3.67659e-05 -0.0170845 0.0843908 -2.26462e-05 0.000372452 -7.11952e-05 -2.26462e-05 0.00934189 -0.0170244 -3.67659e-05 0.000372452 -0.0170244 0.0839323 
0.00925344 -0.0170033 -7.83136e-05 2.02402e-06 -0.0170033 0.0840897 1.82708e-05 0.000283391 -7.83136e-05 1.82708e-05 0.00933451 -0.017047 2.02402e-06 0.000283391 -0.017047 0.0838951 
0.0092784 -0.0170221 -5.47929e-05 9.70514e-06 -0.0170221 0.0841306 2.53177e-05 0.00023459 -5.47929e-05 2.53177e-05 0.00932813 -0.0170851 9.70514e-06 0.00023459 -0.0170851 0.0840887 
0.00930714 -0.0170855 -2.99861e-05 -2.00607e-05 -0.0170855 0.0843698 -7.18494e-06 0.000272463 -2.99861e-05 -7.18494e-06 0.00933636 -0.0171124 -2.00607e-05 0.000272463 -0.0171124 0.084324 
0.00932472 -0.0171107 -1.51585e-05 -5.5269e-05 -0.0171107 0.0844821 -4.54486e-05 0.000361149 -1.51585e-05 -4.54486e-05 0.00933489 -0.0171035 -5.5269e-05 0.000361149 -0.0171035 0.0843583 
0.00932945 -0.0171481 5.26852e-06 -7.52396e-05 -0.0171481 0.0846419 -6.5755e-05 0.000435168 5.26852e-06 -6.5755e-05 0.00935367 -0.0171126 -7.52396e-05 0.000435168 -0.0171126 0.0844353 
0.00929377 -0.0170949 1.26489e-05 -9.83549e-05 -0.0170949 0.0844354 -8.93568e-05 0.000496505 1.26489e-05 -8.93568e-05 0.00932948 -0.0170764 -9.83549e-05 0.000496505 -0.0170764 0.0842215 
0.00925039 -0.0170247 2.24607e-06 -0.000105652 -0.0170247 0.0841457 -9.9463e-05 0.000533997 2.24607e-06 -9.9463e-05 0.00931109 -0.0170265 -0.000105652 0.000533997 -0.0170265 0.0839802 
0.00923657 -0.0169664 -7.40363e-06 -8.80982e-05 -0.0169664 0.0839128 -8.69455e-05 0.000519533 -7.40363e-06 -8.69455e-05 0.00928531 -0.0170034 -8.80982e-05 0.000519533 -0.0170034 0.0838292 
0.00925261 -0.0169703 -2.07921e-05 -7.131e-05 -0.0169703 0.0838821 -7.45447e-05 0.000483279 -2.07921e-05 -7.45447e-05 0.00926201 -0.016992 -7.131e-05 0.000483279 -0.016992 0.0838118 
0.00922386 -0.0169071 -4.43406e-05 -4.97746e-05 -0.0169071 0.08349 -5.70366e-05 0.00043272 -4.43406e-05 -5.70366e-05 0.00919912 -0.0168753 -4.97746e-05 0.00043272 -0.0168753 0.0833278 
0.00922601 -0.0168955 -4.62581e-05 -1.70578e-05 -0.0168955 0.0833694 -2.66289e-05 0.000359325 -4.62581e-05 -2.66289e-05 0.00915502 -0.0168183 -1.70578e-05 0.000359325 -0.0168183 0.0830845 
0.0091876 -0.0168592 -4.40271e-05 -1.04275e-05 -0.0168592 0.0831165 -1.99038e-05 0.000309319 -4.40271e-05 -1.99038e-05 0.00912478 -0.0167232 -1.04275e-05 0.000309319 -0.0167232 0.0826899 
0.00915603 -0.0168423 -3.31715e-05 -1.31692e-05 -0.0168423 0.083066 -2.2043e-05 0.000296069 -3.31715e-05 -2.2043e-05 0.00913704 -0.0167118 -1.31692e-05 0.000296069 -0.0167118 0.0825781 
0.00914143 -0.0168207 -3.04594e-05 -2.72159e-05 -0.0168207 0.0830623 -3.56997e-05 0.000316019 -3.04594e-05 -3.56997e-05 0.00915469 -0.0167507 -2.72159e-05 0.000316019 -0.0167507 0.0826624 
0.00915539 -0.0168372 -1.36257e-05 -3.1559e-05 -0.0168372 0.0831998 -3.67675e-05 0.000329772 -1.36257e-05 -3.67675e-05 0.00916811 -0.0168106 -3.1559e-05 0.000329772 -0.0168106 0.0829214 
0.00918675 -0.0168833 -2.09105e-05 -5.29883e-05 -0.0168833 0.083438 -5.43871e-05 0.000361111 -2.09105e-05 -5.43871e-05 0.00918307 -0.0168578 -5.29883e-05 0.000361111 -0.0168578 0.0832129 
0.00919731 -0.0169145 -3.45247e-05 -4.68037e-05 -0.0169145 0.0835751 -4.49209e-05 0.000365892 -3.45247e-05 -4.49209e-05 0.00919483 -0.016864 -4.68037e-05 0.000365892 -0.016864 0.0833173 
0.00917051 -0.0168616 -4.33332e-05 -3.04969e-05 -0.0168616 0.0833374 -2.71587e-05 0.000333734 -4.33332e-05 -2.71587e-05 0.00918867 -0.0168092 -3.04969e-05 0.000333734 -0.0168092 0.0830528 
0.00919701 -0.0169017 -3.74385e-05 -1.64549e-05 -0.0169017 0.08354 -1.10041e-05 0.000290187 -3.74385e-05 -1.10041e-05 0.00921372 -0.0168753 -1.64549e-05 0.000290187 -0.0168753 0.0832865 
0.00921539 -0.0169457 -2.38305e-05 -2.62954e-05 -0.0169457 0.0837402 -1.92718e-05 0.00028665 -2.38305e-05 -1.92718e-05 0.0092462 -0.0169204 -2.62954e-05 0.00028665 -0.0169204 0.0835125 
0.00919133 -0.016921 -1.99346e-05 -4.5725e-05 -0.016921 0.083629 -3.83895e-05 0.000323866 -1.99346e-05 -3.83895e-05 0.00926352 -0.0169068 -4.5725e-05 0.000323866 -0.0169068 0.0834167 
0.0091982 -0.0169312 -2.42564e-05 -5.19698e-05 -0.0169312 0.0837292 -4.81294e-05 0.00036052 -2.42564e-05 -4.81294e-05 0.00928177 -0.0169675 -5.19698e-05 0.00036052 -0.0169675 0.0835987 
0.00920997 -0.0169391 -1.67727e-05 -4.64118e-05 -0.0169391 0.0837858 -4.95187e-05 0.000374389 -1.67727e-05 -4.95187e-05 0.0092726 -0.0169931 -4.64118e-05 0.000374389 -0.0169931 0.0837276 
0.00924481 -0.0169968 8.39894e-06 -5.19539e-05 -0.0169968 0.0840514 -6.09201e-05 0.000391097 8.39894e-06 -6.09201e-05 0.00928169 -0.0170243 -5.19539e-05 0.000391097 -0.0170243 0.0839755 
0.00921671 -0.0169472 7.57516e-06 -8.21115e-05 -0.0169472 0.0837842 -9.356e-05 0.000447875 7.57516e-06 -9.356e-05 0.00925357 -0.0169377 -8.21115e-05 0.000447875 -0.0169377 0.0836294 
0.00917981 -0.0168762 -5.9278e-06 -8.32326e-05 -0.0168762 0.0834307 -9.39238e-05 0.000478586 -5.9278e-06 -9.39238e-05 0.00922988 -0.0168654 -8.32326e-05 0.000478586 -0.0168654 0.0832347 
0.00918797 -0.0168756 -2.18218e-05 -6.61478e-05 -0.0168756 0.083421 -7.49693e-05 0.000457331 -2.18218e-05 -7.49693e-05 0.00922893 -0.0168859 -6.61478e-05 0.000457331 -0.0168859 0.083252 
0.0091858 -0.0168818 -2.65433e-05 -4.45789e-05 -0.0168818 0.0834057 -4.94927e-05 0.000402769 -2.65433e-05 -4.94927e-05 0.00922033 -0.01688 -4.45789e-05 0.000402769 -0.01688 0.0832335 
0.0091546 -0.0168421 -2.23427e-05 -3.5045e-05 -0.0168421 0.0831986 -3.47952e-05 0.00034992 -2.23427e-05 -3.47952e-05 0.0092066 -0.016824 -3.5045e-05 0.00034992 -0.016824 0.0829853 
0.00914838 -0.0168292 -1.76248e-05 -4.14982e-05 -0.0168292 0.0831724 -4.11571e-05 0.000343441 -1.76248e-05 -4.11571e-05 0.00920278 -0.016836 -4.14982e-05 0.000343441 -0.016836 0.0829807 
0.00916919 -0.0168577 -3.22771e-05 -4.69688e-05 -0.0168577 0.0833258 -4.79035e-05 0.000354746 -3.22771e-05 -4.79035e-05 0.00921184 -0.0168721 -4.69688e-05 0.000354746 -0.0168721 0.0831664 
0.00917715 -0.0168911 -4.73825e-05 -3.10145e-05 -0.0168911 0.0834749 -3.09797e-05 0.000335685 -4.73825e-05 -3.09797e-05 0.00923666 -0.0168929 -3.10145e-05 0.000335685 -0.0168929 0.0833125 
0.0091804 -0.0168822 -6.04981e-05 -1.29145e-05 -0.0168822 0.0834617 -9.73886e-06 0.000291207 -6.04981e-05 -9.73886e-06 0.00924416 -0.0168965 -1.29145e-05 0.000291207 -0.0168965 0.0833014 
0.00918464 -0.016894 -5.68064e-05 4.87017e-06 -0.016894 0.0835081 7.7058e-06 0.000242475 -5.68064e-05 7.7058e-06 0.00924386 -0.0169203 4.87017e-06 0.000242475 -0.0169203 0.0833776 
0.00917909 -0.0168547 -4.91991e-05 4.31811e-06 -0.0168547 0.0833178 2.65958e-06 0.000224287 -4.91991e-05 2.65958e-06 0.00919594 -0.0168742 4.31811e-06 0.000224287 -0.0168742 0.0831895 
0.0091712 -0.016843 -3.59577e-05 -7.21895e-06 -0.016843 0.0831924 -1.36646e-05 0.000248036 -3.59577e-05 -1.36646e-05 0.00915634 -0.0168072 -7.21895e-06 0.000248036 -0.0168072 0.0829722 
0.00919635 -0.0169039 -3.44055e-05 -2.57001e-05 -0.0169039 0.0834582 -3.57413e-05 0.000297547 -3.44055e-05 -3.57413e-05 0.00916665 -0.0168169 -2.57001e-05 0.000297547 -0.0168169 0.0830954 
0.00919383 -0.0169559 -5.47987e-05 -3.196e-05 -0.0169559 0.0837244 -3.89725e-05 0.000331118 -5.47987e-05 -3.89725e-05 0.0092179 -0.0168415 -3.196e-05 0.000331118 -0.0168415 0.0832445 
0.00920315 -0.0169542 -6.23719e-05 -6.96587e-06 -0.0169542 0.0838484 -9.65985e-06 0.000297667 -6.23719e-05 -9.65985e-06 0.00924161 -0.0169031 -6.96587e-06 0.000297667 -0.0169031 0.0834156 
0.00920474 -0.0169199 -5.94899e-05 6.85936e-06 -0.0169199 0.0837195 6.01254e-06 0.000246429 -5.94899e-05 6.01254e-06 0.0092366 -0.0169101 6.85936e-06 0.000246429 -0.0169101 0.083418 
0.00922344 -0.01692 -5.11544e-05 4.72983e-06 -0.01692 0.0836691 4.73159e-06 0.000226226 -5.11544e-05 4.73159e-06 0.00922932 -0.0169125 4.72983e-06 0.000226226 -0.0169125 0.083438 
0.00922675 -0.0169421 -4.97012e-05 -3.83419e-06 -0.0169421 0.0836716 -2.64815e-06 0.000231347 -4.97012e-05 -2.64815e-06 0.00922654 -0.0168949 -3.83419e-06 0.000231347 -0.0168949 0.0833925 
0.00922314 -0.0169544 -3.86462e-05 -6.57809e-06 -0.0169544 0.0837109 -5.76185e-06 0.000240444 -3.86462e-05 -5.76185e-06 0.00921899 -0.0168892 -6.57809e-06 0.000240444 -0.0168892 0.0833616 
0.009214 -0.0169538 -2.68678e-05 -2.33369e-05 -0.0169538 0.0837262 -2.4226e-05 0.000274607 -2.68678e-05 -2.4226e-05 0.00921656 -0.0168759 -2.33369e-05 0.000274607 -0.0168759 0.0833213 
0.00919056 -0.0168816 -1.25491e-05 -4.02553e-05 -0.0168816 0.083411 -4.21988e-05 0.000321806 -1.25491e-05 -4.21988e-05 0.00917124 -0.0168098 -4.02553e-05 0.000321806 -0.0168098 0.0829915 
0.00917592 -0.0168633 -8.22868e-06 -5.94669e-05 -0.0168633 0.0832839 -5.89017e-05 0.000372029 -8.22868e-06 -5.89017e-05 0.00915566 -0.016774 -5.94669e-05 0.000372029 -0.016774 0.0828446 
0.00919652 -0.0168836 -6.04438e-06 -6.43979e-05 -0.0168836 0.0833894 -6.33274e-05 0.000399005 -6.04438e-06 -6.33274e-05 0.00915224 -0.0167944 -6.43979e-05 0.000399005 -0.0167944 0.0829393 
0.0092002 -0.0169078 -7.07102e-06 -6.28969e-05 -0.0169078 0.0834655 -5.97664e-05 0.000396354 -7.07102e-06 -5.97664e-05 0.00915337 -0.0167843 -6.28969e-05 0.000396354 -0.0167843 0.082955 
0.00917821 -0.0169032 -1.65612e-05 -5.98295e-05 -0.0169032 0.083468 -5.47952e-05 0.000383729 -1.65612e-05 -5.47952e-05 0.0091745 -0.0167809 -5.98295e-05 0.000383729 -0.0167809 0.0829352 
0.00914976 -0.0168726 -2.75822e-05 -4.62089e-05 -0.0168726 0.08341 -4.05602e-05 0.000352217 -2.75822e-05 -4.05602e-05 0.00919795 -0.016805 -4.62089e-05 0.000352217 -0.016805 0.0829604 
0.0091232 -0.0168016 -4.1634e-05 -3.06732e-05 -0.0168016 0.0831481 -2.71916e-05 0.000311941 -4.1634e-05 -2.71916e-05 0.00918471 -0.0167979 -3.06732e-05 0.000311941 -0.0167979 0.0828442 
0.00910657 -0.0167778 -4.94068e-05 -1.40365e-05 -0.0167778 0.0830359 -1.19819e-05 0.000272667 -4.94068e-05 -1.19819e-05 0.00918594 -0.0168031 -1.40365e-05 0.000272667 -0.0168031 0.0828571 
0.00908922 -0.0167357 -5.20499e-05 -4.96404e-06 -0.0167357 0.0828485 -3.14431e-06 0.000243209 -5.20499e-05 -3.14431e-06 0.00917987 -0.0167832 -4.96404e-06 0.000243209 -0.0167832 0.0827497 
0.00908987 -0.0167108 -5.26959e-05 -2.11029e-06 -0.0167108 0.0827166 9.41101e-07 0.000227144 -5.26959e-05 9.41101e-07 0.00916063 -0.0167752 -2.11029e-06 0.000227144 -0.0167752 0.0826806 
0.00912061 -0.0167397 -5.30108e-05 -1.04332e-06 -0.0167397 0.0827988 3.46133e-06 0.000217035 -5.30108e-05 3.46133e-06 0.00915309 -0.0167834 -1.04332e-06 0.000217035 -0.0167834 0.0827616 
