0.00675535 0 2.26839e-06 0 0 0.00943626 0 0 2.26839e-06 0 0.00654269 0 0 0 0 0.00943626 
0.00986774 -0.0122442 4.64826e-06 -6.15014e-06 -0.0122442 0.0324295 -6.15014e-06 1.13058e-05 4.64826e-06 -6.15014e-06 0.00961611 -0.0119393 -6.15014e-06 1.13058e-05 -0.0119393 0.031845 
0.00924907 -0.0171955 -4.64789e-06 -1.15762e-05 -0.0171955 0.0633409 -1.15762e-05 3.81116e-05 -4.64789e-06 -1.15762e-05 0.00911593 -0.0170121 -1.15762e-05 3.81116e-05 -0.0170121 0.0628078 
0.00867764 -0.0166242 -1.86212e-06 -3.34275e-06 -0.0166242 0.0744341 -1.85552e-06 5.14899e-05 -1.86212e-06 -1.85552e-06 0.00861204 -0.0167755 -3.34275e-06 5.14899e-05 -0.0167755 0.0754083 
0.00910526 -0.0168463 1.02496e-05 -9.20678e-06 -0.0168463 0.0809141 -1.16343e-06 5.88964e-05 1.02496e-05 -1.16343e-06 0.00902506 -0.017056 -9.20678e-06 5.88964e-05 -0.017056 0.0827376 
0.00891233 -0.0162498 1.01027e-05 -2.11387e-05 -0.0162498 0.0793233 -9.26091e-06 6.0506e-05 1.01027e-05 -9.26091e-06 0.00881671 -0.0163456 -2.11387e-05 6.0506e-05 -0.0163456 0.0807853 
0.0093896 -0.0171201 2.9005e-05 -2.10625e-05 -0.0171201 0.0838929 -1.21548e-05 6.36706e-05 2.9005e-05 -1.21548e-05 0.00931491 -0.0171481 -2.10625e-05 6.36706e-05 -0.0171481 0.0849201 
0.00916127 -0.0166989 3.78977e-05 -3.91063e-05 -0.0166989 0.0820915 -3.5206e-05 8.93823e-05 3.78977e-05 -3.5206e-05 0.00910128 -0.0167505 -3.91063e-05 8.93823e-05 -0.0167505 0.0828675 
0.00966491 -0.0176114 3.32052e-05 -5.33287e-05 -0.0176114 0.0867231 -5.30696e-05 0.000131707 3.32052e-05 -5.30696e-05 0.00962228 -0.0176981 -5.33287e-05 0.000131707 -0.0176981 0.0875195 
0.00953836 -0.0173525 -1.24802e-06 -3.98115e-05 -0.0173525 0.0854994 -4.14476e-05 0.000121438 -1.24802e-06 -4.14476e-05 0.00949696 -0.0174754 -3.98115e-05 0.000121438 -0.0174754 0.086357 
0.00947498 -0.0172385 -2.26229e-05 1.48899e-06 -0.0172385 0.0848976 4.55891e-06 4.29605e-05 -2.26229e-05 4.55891e-06 0.00944467 -0.0173775 1.48899e-06 4.29605e-05 -0.0173775 0.0858356 
0.00943821 -0.0171712 -1.58743e-05 2.74146e-05 -0.0171712 0.0845533 3.77074e-05 -4.77292e-05 -1.58743e-05 3.77074e-05 0.00942419 -0.0173369 2.74146e-05 -4.77292e-05 -0.0173369 0.0855858 
0.00942372 -0.0171401 8.44581e-06 2.04038e-05 -0.0171401 0.0843886 3.55192e-05 -8.22779e-05 8.44581e-06 3.55192e-05 0.0094058 -0.0173299 2.04038e-05 -8.22779e-05 -0.0173299 0.0855079 
0.00942744 -0.0171203 1.69817e-05 -1.26218e-05 -0.0171203 0.0842638 5.7556e-06 -3.90654e-05 1.69817e-05 5.7556e-06 0.00937121 -0.0172988 -1.26218e-05 -3.90654e-05 -0.0172988 0.0853954 
0.00944691 -0.0171391 1.54899e-05 -2.39314e-05 -0.0171391 0.0842679 -5.26172e-06 2.13832e-06 1.54899e-05 -5.26172e-06 0.00934374 -0.0172597 -2.39314e-05 2.13832e-06 -0.0172597 0.0852938 
0.00943578 -0.0171674 1.78731e-05 -2.09557e-05 -0.0171674 0.084323 -4.3371e-06 1.26044e-05 1.78731e-05 -4.3371e-06 0.00934895 -0.0172252 -2.09557e-05 1.26044e-05 -0.0172252 0.0851902 
0.00946672 -0.0172229 1.16074e-05 -1.5884e-05 -0.0172229 0.0846625 -5.39715e-06 3.321e-06 1.16074e-05 -5.39715e-06 0.00938378 -0.0173027 -1.5884e-05 3.321e-06 -0.0173027 0.0854968 
0.00949024 -0.0172773 1.41929e-05 -5.79506e-07 -0.0172773 0.0849525 3.3871e-06 -2.58946e-05 1.41929e-05 3.3871e-06 0.00941601 -0.0173657 -5.79506e-07 -2.58946e-05 -0.0173657 0.0858064 
0.00950089 -0.0172796 1.77787e-05 -3.95791e-08 -0.0172796 0.0850097 7.99237e-07 -4.23868e-05 1.77787e-05 7.99237e-07 0.00940839 -0.0173844 -3.95791e-08 -4.23868e-05 -0.0173844 0.085904 
0.00949033 -0.0172485 1.14921e-05 -5.87487e-06 -0.0172485 0.0848446 -5.5658e-06 -3.72967e-05 1.14921e-05 -5.5658e-06 0.00937304 -0.0173312 -5.87487e-06 -3.72967e-05 -0.0173312 0.0857215 
0.00949564 -0.0172691 4.36536e-06 1.6594e-06 -0.0172691 0.0849101 4.28995e-06 -4.77898e-05 4.36536e-06 4.28995e-06 0.00937509 -0.017311 1.6594e-06 -4.77898e-05 -0.017311 0.0856978 
0.00948293 -0.0172351 9.51923e-06 8.83123e-06 -0.0172351 0.0847423 1.42408e-05 -6.8756e-05 9.51923e-06 1.42408e-05 0.00935195 -0.0172596 8.83123e-06 -6.8756e-05 -0.0172596 0.085443 
0.00945525 -0.0171997 1.06896e-05 1.53962e-06 -0.0171997 0.0845399 7.05163e-06 -6.60612e-05 1.06896e-05 7.05163e-06 0.00932654 -0.0172087 1.53962e-06 -6.60612e-05 -0.0172087 0.0851798 
0.00941955 -0.0171634 1.20325e-05 -8.32883e-07 -0.0171634 0.0843841 2.05644e-07 -5.07641e-05 1.20325e-05 2.05644e-07 0.00931799 -0.0171772 -8.32883e-07 -5.07641e-05 -0.0171772 0.0850064 
0.00936901 -0.0171034 -3.52741e-06 -2.02533e-07 -0.0171034 0.0841697 -9.75964e-07 -4.67767e-05 -3.52741e-06 -9.75964e-07 0.0093207 -0.0171564 -2.02533e-07 -4.67767e-05 -0.0171564 0.0848553 
0.0093291 -0.0170318 -9.5541e-06 1.57706e-05 -0.0170318 0.0839191 1.63346e-05 -6.86381e-05 -9.5541e-06 1.63346e-05 0.00932016 -0.0171491 1.57706e-05 -6.86381e-05 -0.0171491 0.0847388 
0.00932702 -0.0169832 -8.24769e-07 2.63977e-05 -0.0169832 0.0837331 2.33304e-05 -9.57453e-05 -8.24769e-07 2.33304e-05 0.0093 -0.0171526 2.63977e-05 -9.57453e-05 -0.0171526 0.0846992 
0.0093227 -0.0169313 1.21626e-05 1.61882e-05 -0.0169313 0.0834101 8.18497e-06 -8.32686e-05 1.21626e-05 8.18497e-06 0.00924213 -0.0170836 1.61882e-05 -8.32686e-05 -0.0170836 0.0844117 
0.0093118 -0.0169468 7.52084e-06 -8.60248e-07 -0.0169468 0.0833507 -1.20304e-05 -4.13317e-05 7.52084e-06 -1.20304e-05 0.00922746 -0.0170257 -8.60248e-07 -4.13317e-05 -0.0170257 0.0842309 
0.00930803 -0.0169631 3.1373e-06 4.70038e-06 -0.0169631 0.0834309 -5.93076e-06 -3.09169e-05 3.1373e-06 -5.93076e-06 0.0092337 -0.017018 4.70038e-06 -3.09169e-05 -0.017018 0.0841838 
0.00928057 -0.0169322 6.78375e-06 1.29355e-05 -0.0169322 0.0833263 4.0918e-06 -4.98659e-05 6.78375e-06 4.0918e-06 0.00922933 -0.0170022 1.29355e-05 -4.98659e-05 -0.0170022 0.0840587 
0.00924924 -0.0168797 1.36507e-05 8.96103e-06 -0.0168797 0.0831249 2.96864e-06 -5.75897e-05 1.36507e-05 2.96864e-06 0.00921773 -0.0169771 8.96103e-06 -5.75897e-05 -0.0169771 0.0838983 
0.00923479 -0.0168451 -9.29215e-07 3.45763e-06 -0.0168451 0.0829929 -3.50956e-07 -5.61706e-05 -9.29215e-07 -3.50956e-07 0.0092036 -0.0169723 3.45763e-06 -5.61706e-05 -0.0169723 0.0838405 
0.009261 -0.01689 -7.44376e-06 1.32379e-05 -0.01689 0.0832153 1.56139e-05 -6.92884e-05 -7.44376e-06 1.56139e-05 0.00921816 -0.0170177 1.32379e-05 -6.92884e-05 -0.0170177 0.0840944 
0.0092987 -0.0169328 -4.35652e-06 1.62056e-05 -0.0169328 0.0834177 2.50531e-05 -8.56695e-05 -4.35652e-06 2.50531e-05 0.00921462 -0.0170397 1.62056e-05 -8.56695e-05 -0.0170397 0.0842621 
0.00931396 -0.016945 3.62597e-06 1.26657e-05 -0.016945 0.0834151 2.3904e-05 -8.9577e-05 3.62597e-06 2.3904e-05 0.0091858 -0.0169946 1.26657e-05 -8.9577e-05 -0.0169946 0.0841402 
0.00931885 -0.016963 2.46806e-07 3.74884e-06 -0.016963 0.0834426 1.25472e-05 -7.1772e-05 2.46806e-07 1.25472e-05 0.00918236 -0.0169549 3.74884e-06 -7.1772e-05 -0.0169549 0.0840157 
0.00932157 -0.0169913 -1.95177e-06 8.96946e-06 -0.0169913 0.0835665 1.25137e-05 -6.42699e-05 -1.95177e-06 1.25137e-05 0.00920611 -0.0169671 8.96946e-06 -6.42699e-05 -0.0169671 0.084043 
0.00935098 -0.0170518 6.56116e-06 1.44542e-05 -0.0170518 0.0839043 1.47988e-05 -7.21283e-05 6.56116e-06 1.47988e-05 0.00925763 -0.017054 1.44542e-05 -7.21283e-05 -0.017054 0.0843915 
0.00938486 -0.0171036 1.49487e-05 7.99862e-06 -0.0171036 0.0841909 5.11955e-06 -6.76163e-05 1.49487e-05 5.11955e-06 0.00930058 -0.0171364 7.99862e-06 -6.76163e-05 -0.0171364 0.0847438 
0.00939925 -0.0171267 1.75597e-05 -3.86358e-06 -0.0171267 0.0843109 -8.40796e-06 -4.07572e-05 1.75597e-05 -8.40796e-06 0.00931869 -0.0171839 -3.86358e-06 -4.07572e-05 -0.0171839 0.0849489 
0.00940601 -0.0170985 5.45048e-06 -5.14567e-06 -0.0170985 0.0841772 -1.00326e-05 -2.7899e-05 5.45048e-06 -1.00326e-05 0.00929841 -0.0171672 -5.14567e-06 -2.7899e-05 -0.0171672 0.0848759 
0.00943381 -0.0171335 -7.431e-07 9.90279e-06 -0.0171335 0.0842654 6.45658e-06 -4.97199e-05 -7.431e-07 6.45658e-06 0.00928959 -0.0171727 9.90279e-06 -4.97199e-05 -0.0171727 0.0849498 
0.00943773 -0.0171845 -1.69103e-05 1.75921e-05 -0.0171845 0.0844399 1.88536e-05 -8.23625e-05 -1.69103e-05 1.88536e-05 0.00930482 -0.017176 1.75921e-05 -8.23625e-05 -0.017176 0.0850374 
0.0094184 -0.0171821 -1.99509e-05 3.54572e-05 -0.0171821 0.084498 3.82989e-05 -0.000123219 -1.99509e-05 3.82989e-05 0.00933529 -0.0171924 3.54572e-05 -0.000123219 -0.0171924 0.0850905 
0.0093865 -0.0171301 -1.09436e-05 4.03505e-05 -0.0171301 0.0843456 4.31983e-05 -0.000150484 -1.09436e-05 4.31983e-05 0.00935094 -0.0172032 4.03505e-05 -0.000150484 -0.0172032 0.0850486 
0.00939781 -0.0171371 -1.64172e-05 2.96255e-05 -0.0171371 0.0844417 3.20135e-05 -0.000142538 -1.64172e-05 3.20135e-05 0.00938136 -0.0172686 2.96255e-05 -0.000142538 -0.0172686 0.085293 
0.00940647 -0.0171513 -4.26185e-05 3.52134e-05 -0.0171513 0.0845218 3.89634e-05 -0.000144301 -4.26185e-05 3.89634e-05 0.0094032 -0.0173145 3.52134e-05 -0.000144301 -0.0173145 0.085494 
0.0094177 -0.0171408 -4.98803e-05 6.73739e-05 -0.0171408 0.084484 7.16286e-05 -0.0001982 -4.98803e-05 7.16286e-05 0.0094075 -0.0173268 6.73739e-05 -0.0001982 -0.0173268 0.0855417 
0.00942723 -0.0171564 -2.91556e-05 7.8723e-05 -0.0171564 0.0844948 8.42644e-05 -0.000249581 -2.91556e-05 8.42644e-05 0.0094242 -0.0173296 7.8723e-05 -0.000249581 -0.0173296 0.0855619 
0.00940171 -0.017164 -2.57998e-05 5.5662e-05 -0.017164 0.0844985 6.26589e-05 -0.00023769 -2.57998e-05 6.26589e-05 0.00944961 -0.0173445 5.5662e-05 -0.00023769 -0.0173445 0.0855724 
0.00938648 -0.0171499 -1.59259e-06 4.83245e-05 -0.0171499 0.0845346 5.36165e-05 -0.000208497 -1.59259e-06 5.36165e-05 0.00947893 -0.0173962 4.83245e-05 -0.000208497 -0.0173962 0.0857199 
0.00939823 -0.0171032 2.09305e-05 2.38575e-05 -0.0171032 0.0843913 2.55413e-05 -0.000163069 2.09305e-05 2.55413e-05 0.00945719 -0.0174203 2.38575e-05 -0.000163069 -0.0174203 0.0857652 
0.00942311 -0.0171068 2.86623e-05 -2.66349e-06 -0.0171068 0.0843039 -3.46331e-06 -9.8224e-05 2.86623e-05 -3.46331e-06 0.0094103 -0.0173925 -2.66349e-06 -9.8224e-05 -0.0173925 0.0857263 
0.00940448 -0.0170894 2.27305e-05 -1.13544e-05 -0.0170894 0.0840776 -1.34234e-05 -5.86198e-05 2.27305e-05 -1.34234e-05 0.00935349 -0.0172805 -1.13544e-05 -5.86198e-05 -0.0172805 0.0853452 
0.00938735 -0.0170739 1.6234e-05 -2.83318e-06 -0.0170739 0.0839654 -4.97691e-06 -6.06697e-05 1.6234e-05 -4.97691e-06 0.00931454 -0.0172066 -2.83318e-06 -6.06697e-05 -0.0172066 0.0850502 
0.00939375 -0.0170996 2.25345e-05 3.81802e-06 -0.0170996 0.0840922 4.39589e-06 -7.81838e-05 2.25345e-05 4.39589e-06 0.00930985 -0.0171948 3.81802e-06 -7.81838e-05 -0.0171948 0.0850375 
0.00940242 -0.0171366 3.19281e-05 -6.89403e-06 -0.0171366 0.0843024 -2.37259e-06 -7.05216e-05 3.19281e-05 -2.37259e-06 0.00932219 -0.0172153 -6.89403e-06 -7.05216e-05 -0.0172153 0.0851654 
0.00941267 -0.0171216 3.06407e-05 -2.45549e-05 -0.0171216 0.084285 -1.71679e-05 -3.33668e-05 3.06407e-05 -1.71679e-05 0.00931051 -0.0172007 -2.45549e-05 -3.33668e-05 -0.0172007 0.08511 
0.00937063 -0.0170527 3.2815e-05 -2.47497e-05 -0.0170527 0.0838983 -1.86206e-05 -1.04587e-05 3.2815e-05 -1.86206e-05 0.0092761 -0.0171014 -2.47497e-05 -1.04587e-05 -0.0171014 0.0846559 
0.00936419 -0.0170426 3.39981e-05 -2.55345e-05 -0.0170426 0.0838412 -2.21243e-05 5.45352e-07 3.39981e-05 -2.21243e-05 0.00925954 -0.017093 -2.55345e-05 5.45352e-07 -0.017093 0.0845575 
0.00936281 -0.0170465 7.01148e-06 -2.61106e-05 -0.0170465 0.0838498 -2.37337e-05 5.97566e-06 7.01148e-06 -2.37337e-05 0.00925667 -0.0170794 -2.61106e-05 5.97566e-06 -0.0170794 0.084518 
0.0093247 -0.0169833 -1.71064e-05 1.09626e-05 -0.0169833 0.0835462 1.05945e-05 -5.08353e-05 -1.71064e-05 1.05945e-05 0.00923647 -0.0170133 1.09626e-05 -5.08353e-05 -0.0170133 0.0841825 
0.00931188 -0.0169578 -1.79388e-05 4.70502e-05 -0.0169578 0.0834314 4.2165e-05 -0.000139659 -1.79388e-05 4.2165e-05 0.00923128 -0.0170079 4.70502e-05 -0.000139659 -0.0170079 0.0840853 
0.00930079 -0.0169592 -1.24223e-05 5.2175e-05 -0.0169592 0.0834384 4.58005e-05 -0.000187764 -1.24223e-05 4.58005e-05 0.00923381 -0.0170227 5.2175e-05 -0.000187764 -0.0170227 0.08413 
0.00929426 -0.0169399 -1.01352e-06 4.47733e-05 -0.0169399 0.0833871 4.15138e-05 -0.000194958 -1.01352e-06 4.15138e-05 0.00922259 -0.017018 4.47733e-05 -0.000194958 -0.017018 0.0841135 
0.00929716 -0.0169486 2.20741e-06 2.6361e-05 -0.0169486 0.0834346 2.92454e-05 -0.000169665 2.20741e-06 2.92454e-05 0.00923321 -0.0170232 2.6361e-05 -0.000169665 -0.0170232 0.0841734 
0.00930704 -0.0170077 9.25171e-06 1.79005e-05 -0.0170077 0.0837333 2.88876e-05 -0.000150626 9.25171e-06 2.88876e-05 0.00927484 -0.0170867 1.79005e-05 -0.000150626 -0.0170867 0.0844744 
0.009284 -0.0169819 1.25729e-05 6.14187e-06 -0.0169819 0.0836991 2.2093e-05 -0.000130749 1.25729e-05 2.2093e-05 0.00928194 -0.0170932 6.14187e-06 -0.000130749 -0.0170932 0.0844817 
0.0092803 -0.0169274 2.35071e-05 -8.70874e-07 -0.0169274 0.0835202 1.65937e-05 -0.000109034 2.35071e-05 1.65937e-05 0.00926061 -0.0170804 -8.70874e-07 -0.000109034 -0.0170804 0.0843904 
0.00929617 -0.0169374 2.16598e-05 -1.32957e-05 -0.0169374 0.0835131 -1.06348e-07 -7.76439e-05 2.16598e-05 -1.06348e-07 0.0092556 -0.017074 -1.32957e-05 -7.76439e-05 -0.017074 0.0844025 
0.00932605 -0.0170104 6.70526e-06 -4.88295e-06 -0.0170104 0.0838048 2.38545e-06 -7.6127e-05 6.70526e-06 2.38545e-06 0.00927628 -0.0171122 -4.88295e-06 -7.6127e-05 -0.0171122 0.0846259 
0.00933045 -0.0170279 2.14697e-06 1.73002e-05 -0.0170279 0.0838963 2.09052e-05 -0.000113785 2.14697e-06 2.09052e-05 0.00928589 -0.0171136 1.73002e-05 -0.000113785 -0.0171136 0.0846537 
0.0093547 -0.0170456 2.89788e-07 2.93573e-05 -0.0170456 0.0840109 2.7634e-05 -0.000153779 2.89788e-07 2.7634e-05 0.00930285 -0.0171423 2.93573e-05 -0.000153779 -0.0171423 0.0847673 
0.00935901 -0.0170335 4.54844e-06 3.20819e-05 -0.0170335 0.083909 2.71087e-05 -0.000168364 4.54844e-06 2.71087e-05 0.00928972 -0.0171283 3.20819e-05 -0.000168364 -0.0171283 0.0846757 
0.00936925 -0.0170538 1.12193e-05 2.50601e-05 -0.0170538 0.0839421 2.2494e-05 -0.00016455 1.12193e-05 2.2494e-05 0.0092771 -0.0171267 2.50601e-05 -0.00016455 -0.0171267 0.0846787 
0.00934755 -0.0170294 1.36799e-05 1.77972e-05 -0.0170294 0.0837935 1.96758e-05 -0.000156842 1.36799e-05 1.96758e-05 0.00925696 -0.0170742 1.77972e-05 -0.000156842 -0.0170742 0.0844702 
0.0093675 -0.0170761 2.14292e-05 1.26148e-05 -0.0170761 0.0840322 1.78762e-05 -0.000148912 2.14292e-05 1.78762e-05 0.0092811 -0.0171141 1.26148e-05 -0.000148912 -0.0171141 0.084662 
0.00937034 -0.0170496 2.88808e-05 7.28648e-06 -0.0170496 0.083926 1.33555e-05 -0.000144869 2.88808e-05 1.33555e-05 0.0092512 -0.0170927 7.28648e-06 -0.000144869 -0.0170927 0.084546 
0.00935929 -0.0170192 3.65985e-05 -2.90254e-06 -0.0170192 0.0837241 3.21314e-06 -0.000127367 3.65985e-05 3.21314e-06 0.00922251 -0.0170317 -2.90254e-06 -0.000127367 -0.0170317 0.0843069 
0.00932422 -0.0170101 2.86043e-05 -1.0023e-05 -0.0170101 0.0836298 -3.1793e-06 -0.000113145 2.86043e-05 -3.1793e-06 0.00922688 -0.0169976 -1.0023e-05 -0.000113145 -0.0169976 0.0841496 
0.00930322 -0.0169612 8.4755e-06 -1.97683e-06 -0.0169612 0.0834879 1.50058e-06 -0.000113056 8.4755e-06 1.50058e-06 0.00921341 -0.0169979 -1.97683e-06 -0.000113056 -0.0169979 0.0840602 
0.00928634 -0.0169319 -8.87925e-06 2.41726e-05 -0.0169319 0.0833605 2.43569e-05 -0.000154496 -8.87925e-06 2.43569e-05 0.00920244 -0.0169806 2.41726e-05 -0.000154496 -0.0169806 0.0839897 
0.0092735 -0.0169363 -1.12793e-05 4.79042e-05 -0.0169363 0.0833969 4.87846e-05 -0.000215777 -1.12793e-05 4.87846e-05 0.00921269 -0.01699 4.79042e-05 -0.000215777 -0.01699 0.0840473 
0.0092439 -0.0169239 2.46765e-06 5.27877e-05 -0.0169239 0.083399 5.54169e-05 -0.000254381 2.46765e-06 5.54169e-05 0.00924025 -0.0169949 5.27877e-05 -0.000254381 -0.0169949 0.0840666 
0.0092183 -0.0168665 1.0276e-05 3.53337e-05 -0.0168665 0.0832369 3.87512e-05 -0.000240669 1.0276e-05 3.87512e-05 0.00924851 -0.0170011 3.53337e-05 -0.000240669 -0.0170011 0.0839991 
0.00918978 -0.0167946 1.95539e-05 2.63489e-05 -0.0167946 0.0829121 2.91339e-05 -0.000217613 1.95539e-05 2.91339e-05 0.0092298 -0.0169669 2.63489e-05 -0.000217613 -0.0169669 0.0837734 
0.00919308 -0.0168037 3.46892e-05 1.34561e-05 -0.0168037 0.0829355 1.53633e-05 -0.000186225 3.46892e-05 1.53633e-05 0.00924105 -0.0169937 1.34561e-05 -0.000186225 -0.0169937 0.0838673 
0.0091887 -0.0168327 4.20717e-05 -5.3986e-06 -0.0168327 0.0830819 1.54827e-07 -0.000148105 4.20717e-05 1.54827e-07 0.0092693 -0.0170378 -5.3986e-06 -0.000148105 -0.0170378 0.084066 
0.00918028 -0.0167888 4.43194e-05 -1.83367e-05 -0.0167888 0.082951 -9.35565e-06 -0.000111678 4.43194e-05 -9.35565e-06 0.00925925 -0.0170348 -1.83367e-05 -0.000111678 -0.0170348 0.08402 
0.00918626 -0.0167662 3.31914e-05 -1.87627e-05 -0.0167662 0.0828211 -1.17844e-05 -9.67934e-05 3.31914e-05 -1.17844e-05 0.00923899 -0.0170163 -1.87627e-05 -9.67934e-05 -0.0170163 0.0839428 
0.00920187 -0.0167695 1.62876e-05 -1.9349e-06 -0.0167695 0.0827545 -1.6705e-06 -0.000114043 1.62876e-05 -1.6705e-06 0.00920732 -0.0169868 -1.9349e-06 -0.000114043 -0.0169868 0.0838418 
0.0092365 -0.0168337 7.79994e-06 2.24824e-05 -0.0168337 0.0829712 1.69238e-05 -0.000158604 7.79994e-06 1.69238e-05 0.00919706 -0.0169872 2.24824e-05 -0.000158604 -0.0169872 0.083933 
0.00922584 -0.0168386 1.29468e-05 3.1293e-05 -0.0168386 0.0829381 2.41777e-05 -0.000187024 1.29468e-05 2.41777e-05 0.00917062 -0.0169259 3.1293e-05 -0.000187024 -0.0169259 0.0837256 
0.0092073 -0.0168234 1.54048e-05 2.40615e-05 -0.0168234 0.0828821 1.82325e-05 -0.000185397 1.54048e-05 1.82325e-05 0.00915095 -0.016882 2.40615e-05 -0.000185397 -0.016882 0.0835385 
0.00921644 -0.0168093 1.98425e-05 1.79082e-05 -0.0168093 0.0828607 1.48044e-05 -0.000170518 1.98425e-05 1.48044e-05 0.00912816 -0.0168685 1.79082e-05 -0.000170518 -0.0168685 0.0834729 
0.00921939 -0.0168052 7.56881e-06 1.11733e-05 -0.0168052 0.0827903 8.93551e-06 -0.000153177 7.56881e-06 8.93551e-06 0.00909431 -0.0168226 1.11733e-05 -0.000153177 -0.0168226 0.0833232 
0.00913691 -0.0167255 -1.14476e-05 2.26612e-05 -0.0167255 0.082345 2.27671e-05 -0.000160568 -1.14476e-05 2.27671e-05 0.00906725 -0.0166852 2.26612e-05 -0.000160568 -0.0166852 0.0827293 
0.00912554 -0.016696 -8.0183e-06 4.13787e-05 -0.016696 0.0823312 4.39485e-05 -0.000193906 -8.0183e-06 4.39485e-05 0.00908113 -0.0167186 4.13787e-05 -0.000193906 -0.0167186 0.0827421 
0.00910371 -0.0166463 1.90283e-05 3.73212e-05 -0.0166463 0.0821308 3.98923e-05 -0.000202743 1.90283e-05 3.98923e-05 0.0090714 -0.0167121 3.73212e-05 -0.000202743 -0.0167121 0.0826526 
0.00907741 -0.016617 2.96821e-05 4.28128e-06 -0.016617 0.0819893 6.5407e-06 -0.000149952 2.96821e-05 6.5407e-06 0.00907355 -0.0167007 4.28128e-06 -0.000149952 -0.0167007 0.0825854 
0.00910691 -0.0166513 3.68947e-05 -1.24475e-05 -0.0166513 0.0822021 -7.94837e-06 -9.34411e-05 3.68947e-05 -7.94837e-06 0.00910075 -0.0167677 -1.24475e-05 -9.34411e-05 -0.0167677 0.0828716 
0.00912887 -0.0167081 3.86282e-05 -1.96205e-05 -0.0167081 0.0824632 -1.53646e-05 -6.3884e-05 3.86282e-05 -1.53646e-05 0.00913512 -0.0168275 -1.96205e-05 -6.3884e-05 -0.0168275 0.0831774 
0.00913717 -0.0166811 2.59845e-05 -1.60777e-05 -0.0166811 0.0823734 -2.1289e-05 -5.31706e-05 2.59845e-05 -2.1289e-05 0.00910936 -0.0168241 -1.60777e-05 -5.31706e-05 -0.0168241 0.0831458 
0.0091506 -0.0166759 8.98611e-06 2.37896e-06 -0.0166759 0.082268 -8.92709e-06 -7.43263e-05 8.98611e-06 -8.92709e-06 0.0090744 -0.0167747 2.37896e-06 -7.43263e-05 -0.0167747 0.0829988 
0.00918457 -0.0167365 4.96352e-06 2.34225e-05 -0.0167365 0.0824571 1.16868e-05 -0.000117876 4.96352e-06 1.16868e-05 0.00906667 -0.0167667 2.34225e-05 -0.000117876 -0.0167667 0.0830444 
0.00920689 -0.0168073 1.03723e-05 2.86853e-05 -0.0168073 0.0827552 1.85709e-05 -0.000147547 1.03723e-05 1.85709e-05 0.00909058 -0.0167882 2.86853e-05 -0.000147547 -0.0167882 0.0832028 
0.00922063 -0.0168367 8.15911e-06 1.8056e-05 -0.0168367 0.0829397 1.35932e-05 -0.000144032 8.15911e-06 1.35932e-05 0.00911154 -0.0168201 1.8056e-05 -0.000144032 -0.0168201 0.0833385 
0.00921789 -0.0168159 -5.80767e-06 1.62814e-05 -0.0168159 0.0828663 1.59163e-05 -0.000135448 -5.80767e-06 1.59163e-05 0.00911008 -0.0168156 1.62814e-05 -0.000135448 -0.0168156 0.0832913 
0.00922045 -0.0167997 -1.61324e-05 3.49056e-05 -0.0167997 0.0827691 3.24467e-05 -0.00015977 -1.61324e-05 3.24467e-05 0.00909392 -0.0168054 3.49056e-05 -0.00015977 -0.0168054 0.0832263 
0.00923485 -0.0168509 -8.33265e-06 4.9701e-05 -0.0168509 0.0829609 4.59079e-05 -0.000196817 -8.33265e-06 4.59079e-05 0.00911766 -0.016829 4.9701e-05 -0.000196817 -0.016829 0.0833838 
0.00923002 -0.0168313 3.60769e-06 4.07223e-05 -0.0168313 0.0828942 3.68639e-05 -0.000197951 3.60769e-06 3.68639e-05 0.00910925 -0.016821 4.07223e-05 -0.000197951 -0.016821 0.0833127 
0.00924126 -0.0168542 5.77953e-06 2.36616e-05 -0.0168542 0.0829928 2.06758e-05 -0.000165616 5.77953e-06 2.06758e-05 0.00911894 -0.0168394 2.36616e-05 -0.000165616 -0.0168394 0.083411 
0.00924257 -0.0168823 -7.52811e-06 1.66585e-05 -0.0168823 0.0831305 1.8411e-05 -0.000140877 -7.52811e-06 1.8411e-05 0.00914938 -0.0168661 1.66585e-05 -0.000140877 -0.0168661 0.0835465 
0.00925024 -0.0168662 -1.47416e-05 3.31767e-05 -0.0168662 0.0831174 3.62985e-05 -0.000159062 -1.47416e-05 3.62985e-05 0.00915309 -0.016894 3.31767e-05 -0.000159062 -0.016894 0.0836115 
0.00927416 -0.0169215 -3.00861e-05 4.46703e-05 -0.0169215 0.0833523 4.54405e-05 -0.000189381 -3.00861e-05 4.54405e-05 0.00918542 -0.016949 4.46703e-05 -0.000189381 -0.016949 0.0838964 
0.00926886 -0.0169264 -3.79227e-05 6.445e-05 -0.0169264 0.0833923 6.05223e-05 -0.000226207 -3.79227e-05 6.05223e-05 0.00920063 -0.0169655 6.445e-05 -0.000226207 -0.0169655 0.0839692 
0.00926964 -0.0169098 -2.6725e-05 7.47783e-05 -0.0169098 0.0833558 6.42529e-05 -0.000249226 -2.6725e-05 6.42529e-05 0.00920543 -0.016978 7.47783e-05 -0.000249226 -0.016978 0.0839977 
0.00927732 -0.016924 -2.06091e-05 6.17382e-05 -0.016924 0.0834064 4.78103e-05 -0.000232274 -2.06091e-05 4.78103e-05 0.00921891 -0.016997 6.17382e-05 -0.000232274 -0.016997 0.0840874 
0.00927484 -0.0169233 5.49148e-06 4.9018e-05 -0.0169233 0.0833924 3.89244e-05 -0.000199255 5.49148e-06 3.89244e-05 0.00922516 -0.016999 4.9018e-05 -0.000199255 -0.016999 0.0840839 
0.00928025 -0.0169179 1.36825e-05 1.59172e-05 -0.0169179 0.0833712 1.0195e-05 -0.000138886 1.36825e-05 1.0195e-05 0.00922418 -0.0170064 1.59172e-05 -0.000138886 -0.0170064 0.0840878 
0.00927532 -0.0169586 1.95734e-05 9.60422e-07 -0.0169586 0.0835465 -2.75424e-06 -8.18032e-05 1.95734e-05 -2.75424e-06 0.00927379 -0.0170491 9.60422e-07 -8.18032e-05 -0.0170491 0.084293 
0.00925836 -0.0169167 2.35464e-05 -7.69369e-06 -0.0169167 0.083449 -8.67293e-06 -5.04186e-05 2.35464e-05 -8.67293e-06 0.00928994 -0.0170824 -7.69369e-06 -5.04186e-05 -0.0170824 0.0843315 
0.0092759 -0.0169292 2.34296e-05 -1.35002e-05 -0.0169292 0.0835402 -1.31588e-05 -3.18237e-05 2.34296e-05 -1.31588e-05 0.00931947 -0.0171486 -1.35002e-05 -3.18237e-05 -0.0171486 0.0845982 
0.00931294 -0.0169826 1.52478e-05 -1.14654e-05 -0.0169826 0.0837831 -1.05758e-05 -2.99994e-05 1.52478e-05 -1.05758e-05 0.00934485 -0.0172244 -1.14654e-05 -2.99994e-05 -0.0172244 0.0849579 
0.00934367 -0.0170124 2.28269e-06 1.14701e-07 -0.0170124 0.0838934 1.29356e-06 -5.01678e-05 2.28269e-06 1.29356e-06 0.00934083 -0.017241 1.14701e-07 -5.01678e-05 -0.017241 0.0850944 
0.00936924 -0.0170109 -1.96301e-05 2.02334e-05 -0.0170109 0.0838135 1.90401e-05 -9.28221e-05 -1.96301e-05 1.90401e-05 0.00930926 -0.0171959 2.02334e-05 -9.28221e-05 -0.0171959 0.0849471 
0.00939302 -0.0170688 -2.69981e-05 4.7553e-05 -0.0170688 0.0839543 4.44626e-05 -0.000152043 -2.69981e-05 4.44626e-05 0.00929536 -0.0171814 4.7553e-05 -0.000152043 -0.0171814 0.0849442 
0.00942284 -0.0171294 -2.6627e-05 5.43243e-05 -0.0171294 0.0842102 5.02783e-05 -0.000183993 -2.6627e-05 5.02783e-05 0.00928219 -0.0171887 5.43243e-05 -0.000183993 -0.0171887 0.0850466 
0.00940872 -0.0171286 -2.30742e-05 5.23345e-05 -0.0171286 0.0841824 4.78649e-05 -0.000186773 -2.30742e-05 4.78649e-05 0.00927237 -0.0171205 5.23345e-05 -0.000186773 -0.0171205 0.0848339 
0.0093971 -0.017136 -1.12584e-05 4.54198e-05 -0.017136 0.0842548 4.02967e-05 -0.000170054 -1.12584e-05 4.02967e-05 0.00928579 -0.0171214 4.54198e-05 -0.000170054 -0.0171214 0.084802 
0.00938052 -0.0170699 -3.93126e-08 2.69411e-05 -0.0170699 0.0840059 2.19915e-05 -0.000128297 -3.93126e-08 2.19915e-05 0.00926627 -0.0170837 2.69411e-05 -0.000128297 -0.0170837 0.0845575 
0.00938112 -0.0170671 8.86981e-06 1.14826e-05 -0.0170671 0.0839483 9.91963e-06 -8.74457e-05 8.86981e-06 9.91963e-06 0.00926111 -0.0170793 1.14826e-05 -8.74457e-05 -0.0170793 0.0845076 
0.00936727 -0.0170834 1.06236e-05 -1.21328e-06 -0.0170834 0.083999 2.16388e-06 -5.56364e-05 1.06236e-05 2.16388e-06 0.00928141 -0.017087 -1.21328e-06 -5.56364e-05 -0.017087 0.0845411 
0.00935515 -0.0170617 9.35203e-06 -1.28368e-06 -0.0170617 0.0839706 4.88139e-06 -4.99806e-05 9.35203e-06 4.88139e-06 0.00928207 -0.017107 -1.28368e-06 -4.99806e-05 -0.017107 0.0845653 
0.00931277 -0.016996 1.21559e-05 3.81624e-06 -0.016996 0.0836829 8.60256e-06 -6.23452e-05 1.21559e-05 8.60256e-06 0.00925842 -0.0170614 3.81624e-06 -6.23452e-05 -0.0170614 0.0843464 
0.00927658 -0.0169094 -1.02827e-06 4.73812e-06 -0.0169094 0.0833126 3.94986e-06 -6.87862e-05 -1.02827e-06 3.94986e-06 0.00921986 -0.0170086 4.73812e-06 -6.87862e-05 -0.0170086 0.0840673 
0.0092661 -0.0168638 -4.5612e-06 2.01614e-05 -0.0168638 0.0830776 1.46646e-05 -8.71142e-05 -4.5612e-06 1.46646e-05 0.009188 -0.0169685 2.01614e-05 -8.71142e-05 -0.0169685 0.0838912 
0.00926572 -0.0168599 -8.21482e-06 2.64101e-05 -0.0168599 0.0829918 2.05951e-05 -0.000108043 -8.21482e-06 2.05951e-05 0.0091678 -0.0169338 2.64101e-05 -0.000108043 -0.0169338 0.0837724 
0.00931656 -0.0169372 -1.73389e-05 2.99681e-05 -0.0169372 0.0833246 2.75051e-05 -0.000124395 -1.73389e-05 2.75051e-05 0.00917999 -0.0169764 2.99681e-05 -0.000124395 -0.0169764 0.0840191 
0.00933731 -0.0169996 -2.63964e-05 3.80134e-05 -0.0169996 0.083563 3.83189e-05 -0.000142106 -2.63964e-05 3.83189e-05 0.00919786 -0.0169814 3.80134e-05 -0.000142106 -0.0169814 0.0841174 
0.00933251 -0.0170689 -2.38646e-05 4.79283e-05 -0.0170689 0.0839193 4.61145e-05 -0.000160899 -2.38646e-05 4.61145e-05 0.00927113 -0.0170378 4.79283e-05 -0.000160899 -0.0170378 0.084378 
0.00933283 -0.0170786 -1.76646e-05 4.24405e-05 -0.0170786 0.0841532 4.00933e-05 -0.000156617 -1.76646e-05 4.00933e-05 0.00933037 -0.0171492 4.24405e-05 -0.000156617 -0.0171492 0.0847433 
0.00931235 -0.0169956 -4.59634e-06 3.12808e-05 -0.0169956 0.083856 2.94168e-05 -0.000128794 -4.59634e-06 2.94168e-05 0.00930923 -0.0171508 3.12808e-05 -0.000128794 -0.0171508 0.0846702 
0.00932294 -0.0169729 7.35185e-06 1.26552e-05 -0.0169729 0.0837082 9.60761e-06 -8.15054e-05 7.35185e-06 9.60761e-06 0.00927978 -0.017136 1.26552e-05 -8.15054e-05 -0.017136 0.0846387 
0.00932638 -0.0169681 2.78416e-08 3.07187e-06 -0.0169681 0.0835856 -2.33451e-06 -4.77813e-05 2.78416e-08 -2.33451e-06 0.00925107 -0.0170852 3.07187e-06 -4.77813e-05 -0.0170852 0.0844833 
0.00936568 -0.0169992 -1.64248e-06 1.24398e-05 -0.0169992 0.083668 7.3725e-06 -5.123e-05 -1.64248e-06 7.3725e-06 0.00922896 -0.0170733 1.24398e-05 -5.123e-05 -0.0170733 0.0844711 
0.00935806 -0.0170216 4.42568e-06 1.578e-05 -0.0170216 0.0836529 1.50049e-05 -6.98244e-05 4.42568e-06 1.50049e-05 0.00921797 -0.0170211 1.578e-05 -6.98244e-05 -0.0170211 0.0843001 
0.00931512 -0.0169944 1.75616e-05 8.44733e-06 -0.0169944 0.0835304 1.07912e-05 -7.05709e-05 1.75616e-05 1.07912e-05 0.00922776 -0.0169802 8.44733e-06 -7.05709e-05 -0.0169802 0.0840741 
0.00932905 -0.0170292 2.7371e-05 -5.96332e-06 -0.0170292 0.0838127 -2.3156e-06 -5.2101e-05 2.7371e-05 -2.3156e-06 0.00927439 -0.0170801 -5.96332e-06 -5.2101e-05 -0.0170801 0.0844283 
