0.00653685 0 1.65038e-06 0 0 0.0093709 0 0 1.65038e-06 0 0.00667828 0 0 0 0 0.0093709 
0.00961834 -0.0119426 -8.29306e-06 1.03284e-05 -0.0119426 0.0318004 1.03284e-05 -1.99006e-05 -8.29306e-06 1.03284e-05 0.00976839 -0.0121209 1.03284e-05 -1.99006e-05 -0.0121209 0.0321425 
0.00917099 -0.0171158 -2.85793e-06 4.04246e-05 -0.0171158 0.0631449 4.04246e-05 -0.000136181 -2.85793e-06 4.04246e-05 0.00920247 -0.0171324 4.04246e-05 -0.000136181 -0.0171324 0.0631409 
0.00867583 -0.0168972 5.88517e-06 6.56839e-05 -0.0168972 0.0759113 5.83604e-05 -0.000346525 5.88517e-06 5.83604e-05 0.00866771 -0.0166213 6.56839e-05 -0.000346525 -0.0166213 0.0745018 
0.009138 -0.0172915 2.31999e-05 5.91561e-05 -0.0172915 0.0838268 4.37807e-05 -0.000440643 2.31999e-05 4.37807e-05 0.0091738 -0.0169957 5.91561e-05 -0.000440643 -0.0169957 0.0817291 
0.00886886 -0.0164243 3.41093e-05 2.06412e-05 -0.0164243 0.0811765 3.77969e-06 -0.000309369 3.41093e-05 3.77969e-06 0.0089149 -0.0162769 2.06412e-05 -0.000309369 -0.0162769 0.0795634 
0.00933438 -0.017214 3.83278e-05 -1.55938e-06 -0.017214 0.0851955 -1.86202e-05 -0.00019239 3.83278e-05 -1.86202e-05 0.00941106 -0.0171252 -1.55938e-06 -0.00019239 -0.0171252 0.0840358 
0.00908832 -0.0167123 3.24868e-05 -7.02926e-06 -0.0167123 0.08272 -1.90927e-05 -0.000119973 3.24868e-05 -1.90927e-05 0.00914058 -0.0166634 -7.02926e-06 -0.000119973 -0.0166634 0.0819078 
0.00960108 -0.017667 2.12508e-05 6.20023e-07 -0.017667 0.0873516 -7.22002e-06 -0.000120304 2.12508e-05 -7.22002e-06 0.00964631 -0.0175774 6.20023e-07 -0.000120304 -0.0175774 0.0865659 
0.00950255 -0.0174694 2.02894e-05 1.89858e-05 -0.0174694 0.0863426 1.33277e-05 -0.000155195 2.02894e-05 1.33277e-05 0.00953212 -0.0173555 1.89858e-05 -0.000155195 -0.0173555 0.08552 
0.00944775 -0.0173701 1.53919e-05 2.02474e-05 -0.0173701 0.0857753 1.59025e-05 -0.000177507 1.53919e-05 1.59025e-05 0.00946709 -0.0172267 2.02474e-05 -0.000177507 -0.0172267 0.084871 
0.00941089 -0.0173186 1.24831e-05 2.26423e-05 -0.0173186 0.085473 2.10564e-05 -0.000186658 1.24831e-05 2.10564e-05 0.00944429 -0.0171582 2.26423e-05 -0.000186658 -0.0171582 0.0844961 
0.00942 -0.0173515 1.02544e-05 2.26204e-05 -0.0173515 0.0856385 2.48752e-05 -0.000191838 1.02544e-05 2.48752e-05 0.00946008 -0.0172096 2.26204e-05 -0.000191838 -0.0172096 0.0846614 
0.00944764 -0.0173401 9.85479e-06 2.59476e-05 -0.0173401 0.0856127 2.9985e-05 -0.000201972 9.85479e-06 2.9985e-05 0.00943366 -0.0172114 2.59476e-05 -0.000201972 -0.0172114 0.0846706 
0.00947764 -0.0174458 8.14164e-06 2.96427e-05 -0.0174458 0.0859928 3.22285e-05 -0.000214175 8.14164e-06 3.22285e-05 0.00947016 -0.0172423 2.96427e-05 -0.000214175 -0.0172423 0.0849366 
0.00949873 -0.0174811 1.12522e-05 3.28225e-05 -0.0174811 0.0862099 3.07117e-05 -0.000220224 1.12522e-05 3.07117e-05 0.00948268 -0.017276 3.28225e-05 -0.000220224 -0.017276 0.0850749 
0.00947808 -0.0174855 1.94263e-05 3.06431e-05 -0.0174855 0.0862369 2.55308e-05 -0.000217065 1.94263e-05 2.55308e-05 0.0094949 -0.0172705 3.06431e-05 -0.000217065 -0.0172705 0.0850656 
0.00945756 -0.0174227 2.16313e-05 1.87186e-05 -0.0174227 0.086026 1.50364e-05 -0.000196148 2.16313e-05 1.50364e-05 0.00947273 -0.0172499 1.87186e-05 -0.000196148 -0.0172499 0.0849062 
0.00945575 -0.0173921 4.48036e-05 7.43767e-06 -0.0173921 0.0858684 9.84028e-06 -0.000165012 4.48036e-05 9.84028e-06 0.00944882 -0.0172246 7.43767e-06 -0.000165012 -0.0172246 0.0847985 
0.0094497 -0.0173549 4.41196e-05 -2.32678e-05 -0.0173549 0.0856286 -1.33291e-05 -0.000112137 4.41196e-05 -1.33291e-05 0.00939875 -0.0171637 -2.32678e-05 -0.000112137 -0.0171637 0.0845428 
0.00942595 -0.0173416 3.65685e-05 -2.69854e-05 -0.0173416 0.0854768 -1.12041e-05 -8.23655e-05 3.65685e-05 -1.12041e-05 0.00937445 -0.0170933 -2.69854e-05 -8.23655e-05 -0.0170933 0.0842866 
0.00937704 -0.0173054 2.5451e-05 -1.83086e-05 -0.0173054 0.0853205 -3.32479e-06 -8.61034e-05 2.5451e-05 -3.32479e-06 0.00939159 -0.0170523 -1.83086e-05 -8.61034e-05 -0.0170523 0.0840684 
0.00934426 -0.0172627 -1.09441e-05 -4.06459e-10 -0.0172627 0.085225 9.1957e-06 -0.000115078 -1.09441e-05 9.1957e-06 0.00941423 -0.0170829 -4.06459e-10 -0.000115078 -0.0170829 0.0840592 
0.00933507 -0.0172233 -2.38084e-05 4.64089e-05 -0.0172233 0.0851224 4.99718e-05 -0.000192896 -2.38084e-05 4.99718e-05 0.00941275 -0.0171193 4.64089e-05 -0.000192896 -0.0171193 0.0841358 
0.00932059 -0.0171933 -2.31913e-05 6.43357e-05 -0.0171933 0.0849785 6.55191e-05 -0.000256641 -2.31913e-05 6.55191e-05 0.00940418 -0.0171084 6.43357e-05 -0.000256641 -0.0171084 0.084109 
0.00929967 -0.017162 1.42389e-06 6.01731e-05 -0.017162 0.0848275 6.24756e-05 -0.00026994 1.42389e-06 6.24756e-05 0.0093986 -0.0170875 6.01731e-05 -0.00026994 -0.0170875 0.0840162 
0.00929126 -0.0171469 8.14992e-06 2.48886e-05 -0.0171469 0.0847729 3.25751e-05 -0.000215571 8.14992e-06 3.25751e-05 0.00939059 -0.0170911 2.48886e-05 -0.000215571 -0.0170911 0.0840115 
0.00929481 -0.0171185 1.75937e-05 1.12105e-05 -0.0171185 0.0846469 2.22064e-05 -0.000162603 1.75937e-05 2.22064e-05 0.00936938 -0.0170691 1.12105e-05 -0.000162603 -0.0170691 0.083929 
0.00933996 -0.0171651 1.43027e-05 -2.3355e-06 -0.0171651 0.0848021 7.76989e-06 -0.000117707 1.43027e-05 7.76989e-06 0.00935334 -0.0170812 -2.3355e-06 -0.000117707 -0.0170812 0.0840384 
0.00934706 -0.017222 -5.04076e-06 1.5792e-06 -0.017222 0.0849598 8.76533e-06 -0.000100103 -5.04076e-06 8.76533e-06 0.009357 -0.0170547 1.5792e-06 -0.000100103 -0.0170547 0.0840298 
0.00934735 -0.0172289 -2.92063e-05 2.89931e-05 -0.0172289 0.0850341 3.46936e-05 -0.000139029 -2.92063e-05 3.46936e-05 0.0093607 -0.0170545 2.89931e-05 -0.000139029 -0.0170545 0.0840112 
0.00932751 -0.0172007 -3.61506e-05 5.89423e-05 -0.0172007 0.0849159 6.42157e-05 -0.000205505 -3.61506e-05 6.42157e-05 0.00936017 -0.0170265 5.89423e-05 -0.000205505 -0.0170265 0.0838627 
0.00930329 -0.0171404 -1.74301e-05 6.62855e-05 -0.0171404 0.0846477 7.11265e-05 -0.000242913 -1.74301e-05 7.11265e-05 0.00934002 -0.0169918 6.62855e-05 -0.000242913 -0.0169918 0.0836268 
0.00932573 -0.0172002 8.72482e-07 4.30217e-05 -0.0172002 0.0849211 4.49929e-05 -0.000213347 8.72482e-07 4.49929e-05 0.00937416 -0.0170586 4.30217e-05 -0.000213347 -0.0170586 0.0839268 
0.00936173 -0.0172423 2.26607e-05 1.63546e-05 -0.0172423 0.0851595 1.57019e-05 -0.000143264 2.26607e-05 1.57019e-05 0.00938433 -0.0171143 1.63546e-05 -0.000143264 -0.0171143 0.0841914 
0.00936397 -0.0172406 2.28153e-05 -1.1354e-05 -0.0172406 0.085109 -1.10702e-05 -6.88808e-05 2.28153e-05 -1.10702e-05 0.00937017 -0.0170818 -1.1354e-05 -6.88808e-05 -0.0170818 0.0841097 
0.00939272 -0.0172895 1.59317e-05 -1.50501e-05 -0.0172895 0.0853142 -1.28677e-05 -3.04701e-05 1.59317e-05 -1.28677e-05 0.00938394 -0.0171028 -1.50501e-05 -3.04701e-05 -0.0171028 0.0842406 
0.00940547 -0.0173472 1.47862e-05 -2.49302e-06 -0.0173472 0.0855748 1.16193e-08 -4.42764e-05 1.47862e-05 1.16193e-08 0.00942709 -0.0171412 -2.49302e-06 -4.42764e-05 -0.0171412 0.084438 
0.00942084 -0.0173598 1.98078e-05 2.42216e-06 -0.0173598 0.0856975 5.62115e-06 -6.78103e-05 1.98078e-05 5.62115e-06 0.009447 -0.0171868 2.42216e-06 -6.78103e-05 -0.0171868 0.0845825 
0.00941669 -0.0173909 2.02474e-05 -8.72937e-07 -0.0173909 0.0858391 -3.13082e-07 -7.10695e-05 2.02474e-05 -3.13082e-07 0.00948864 -0.0172229 -8.72937e-07 -7.10695e-05 -0.0172229 0.0847502 
0.00941193 -0.0173615 1.36404e-05 -2.55792e-06 -0.0173615 0.0857747 -5.57724e-06 -6.24953e-05 1.36404e-05 -5.57724e-06 0.00947379 -0.0172419 -2.55792e-06 -6.24953e-05 -0.0172419 0.0847552 
0.0094046 -0.0173589 4.4e-06 8.04819e-06 -0.0173589 0.0857586 2.29639e-06 -7.53021e-05 4.4e-06 2.29639e-06 0.00945692 -0.0172311 8.04819e-06 -7.53021e-05 -0.0172311 0.0847642 
0.00936815 -0.0173043 4.07926e-06 2.2521e-05 -0.0173043 0.0855287 1.36016e-05 -0.000105096 4.07926e-06 1.36016e-05 0.0094308 -0.0171714 2.2521e-05 -0.000105096 -0.0171714 0.0845351 
0.00934569 -0.0172536 -2.78806e-06 2.43987e-05 -0.0172536 0.0853451 1.57858e-05 -0.000124193 -2.78806e-06 1.57858e-05 0.00941017 -0.0171465 2.43987e-05 -0.000124193 -0.0171465 0.0844081 
0.00932856 -0.0172102 -2.60993e-06 2.81095e-05 -0.0172102 0.0851518 2.30865e-05 -0.000135 -2.60993e-06 2.30865e-05 0.00939571 -0.0171135 2.81095e-05 -0.000135 -0.0171135 0.0842743 
0.00933595 -0.0171907 1.65579e-06 2.4671e-05 -0.0171907 0.0850474 2.65772e-05 -0.000140893 1.65579e-06 2.65772e-05 0.00937752 -0.0171025 2.4671e-05 -0.000140893 -0.0171025 0.0842158 
0.00930477 -0.0171284 -5.48511e-06 1.81171e-05 -0.0171284 0.0846616 2.52981e-05 -0.000137149 -5.48511e-06 2.52981e-05 0.00933333 -0.0170062 1.81171e-05 -0.000137149 -0.0170062 0.0837953 
0.00929217 -0.0171212 2.32149e-06 2.70099e-05 -0.0171212 0.0845755 3.33925e-05 -0.000147429 2.32149e-06 3.33925e-05 0.00932269 -0.0169786 2.70099e-05 -0.000147429 -0.0169786 0.0836491 
0.00931161 -0.0171217 2.53218e-05 1.90722e-05 -0.0171217 0.0845896 2.12484e-05 -0.000139859 2.53218e-05 2.12484e-05 0.00930554 -0.0169879 1.90722e-05 -0.000139859 -0.0169879 0.0836616 
0.00928998 -0.0171177 3.41827e-05 -9.88231e-06 -0.0171177 0.0844865 -1.06799e-05 -8.31312e-05 3.41827e-05 -1.06799e-05 0.00927964 -0.0169385 -9.88231e-06 -8.31312e-05 -0.0169385 0.0834935 
0.00923592 -0.0170806 2.88206e-05 -2.00897e-05 -0.0170806 0.0843464 -2.39224e-05 -3.69282e-05 2.88206e-05 -2.39224e-05 0.00929368 -0.0168984 -2.00897e-05 -3.69282e-05 -0.0168984 0.0833186 
0.00920656 -0.0170628 1.42044e-05 -1.07902e-05 -0.0170628 0.0844202 -1.69564e-05 -3.42979e-05 1.42044e-05 -1.69564e-05 0.00934851 -0.01697 -1.07902e-05 -3.42979e-05 -0.01697 0.0835297 
0.00920183 -0.0170065 1.44098e-05 8.00985e-06 -0.0170065 0.0843077 3.20818e-06 -6.96454e-05 1.44098e-05 3.20818e-06 0.0093554 -0.0170313 8.00985e-06 -6.96454e-05 -0.0170313 0.0836938 
0.00919958 -0.0169571 1.30885e-05 1.00441e-05 -0.0169571 0.0840519 7.36121e-06 -9.72317e-05 1.30885e-05 7.36121e-06 0.00931897 -0.0170119 1.00441e-05 -9.72317e-05 -0.0170119 0.0836313 
0.00918851 -0.0169459 1.93767e-05 9.80532e-06 -0.0169459 0.0838962 6.34694e-06 -0.000102073 1.93767e-05 6.34694e-06 0.0092971 -0.0169547 9.80532e-06 -0.000102073 -0.0169547 0.0834678 
0.0092187 -0.0169491 2.30955e-05 2.73715e-06 -0.0169491 0.0838932 2.36951e-07 -9.47206e-05 2.30955e-05 2.36951e-07 0.0092658 -0.0169422 2.73715e-06 -9.47206e-05 -0.0169422 0.083416 
0.00924009 -0.017005 1.1542e-05 -7.18318e-07 -0.017005 0.0840362 -4.12916e-06 -8.45569e-05 1.1542e-05 -4.12916e-06 0.00925865 -0.0169218 -7.18318e-07 -8.45569e-05 -0.0169218 0.0834231 
0.00923629 -0.0170232 -7.54026e-06 1.65667e-05 -0.0170232 0.0840912 9.81675e-06 -0.000106918 -7.54026e-06 9.81675e-06 0.00925821 -0.0168939 1.65667e-05 -0.000106918 -0.0168939 0.0833273 
0.00927583 -0.017103 -1.11457e-05 4.50926e-05 -0.017103 0.0845149 3.54596e-05 -0.000167211 -1.11457e-05 3.54596e-05 0.00929443 -0.0169745 4.50926e-05 -0.000167211 -0.0169745 0.0836885 
0.00928386 -0.0171294 -1.07179e-05 5.41387e-05 -0.0171294 0.0846684 4.57846e-05 -0.000217957 -1.07179e-05 4.57846e-05 0.00931694 -0.016996 5.41387e-05 -0.000217957 -0.016996 0.0838184 
0.00930516 -0.0171355 -3.41009e-06 5.2451e-05 -0.0171355 0.0847359 4.62351e-05 -0.000234694 -3.41009e-06 4.62351e-05 0.00932657 -0.0170173 5.2451e-05 -0.000234694 -0.0170173 0.0838956 
0.00930115 -0.017144 -6.95361e-06 4.23907e-05 -0.017144 0.084726 3.65917e-05 -0.000223821 -6.95361e-06 3.65917e-05 0.00933978 -0.0170154 4.23907e-05 -0.000223821 -0.0170154 0.0838823 
0.00928932 -0.0171875 -8.55185e-06 4.41741e-05 -0.0171875 0.0849479 3.76927e-05 -0.000215736 -8.55185e-06 3.76927e-05 0.00939829 -0.0170716 4.41741e-05 -0.000215736 -0.0170716 0.0841048 
0.00925787 -0.0171323 -1.65188e-06 4.743e-05 -0.0171323 0.0848274 4.12115e-05 -0.000220698 -1.65188e-06 4.12115e-05 0.00942252 -0.0171046 4.743e-05 -0.000220698 -0.0171046 0.084126 
0.00923405 -0.0170816 -2.99855e-06 3.72086e-05 -0.0170816 0.0846575 3.57564e-05 -0.000213543 -2.99855e-06 3.57564e-05 0.00943531 -0.0171317 3.72086e-05 -0.000213543 -0.0171317 0.0841624 
0.00924785 -0.0170525 1.28938e-05 3.49723e-05 -0.0170525 0.0845517 3.84166e-05 -0.000207123 1.28938e-05 3.84166e-05 0.0094333 -0.0171583 3.49723e-05 -0.000207123 -0.0171583 0.0842411 
0.00928767 -0.0170824 2.33091e-05 1.71695e-05 -0.0170824 0.0845943 2.0649e-05 -0.000180391 2.33091e-05 2.0649e-05 0.00941098 -0.0171652 1.71695e-05 -0.000180391 -0.0171652 0.0843153 
0.00932232 -0.0171463 3.97932e-05 6.29556e-06 -0.0171463 0.0847612 3.65615e-06 -0.00014473 3.97932e-05 3.65615e-06 0.00939179 -0.0171452 6.29556e-06 -0.00014473 -0.0171452 0.0843401 
0.00932678 -0.0171763 4.93531e-05 -1.25397e-05 -0.0171763 0.0848258 -1.92613e-05 -9.91135e-05 4.93531e-05 -1.92613e-05 0.0093725 -0.0170922 -1.25397e-05 -9.91135e-05 -0.0170922 0.084182 
0.00931025 -0.0171652 5.07436e-05 -2.42293e-05 -0.0171652 0.0847687 -3.14587e-05 -6.11775e-05 5.07436e-05 -3.14587e-05 0.00935347 -0.017045 -2.42293e-05 -6.11775e-05 -0.017045 0.0839655 
0.00931689 -0.0171867 4.1284e-05 -2.63153e-05 -0.0171867 0.0849157 -2.90237e-05 -4.94737e-05 4.1284e-05 -2.90237e-05 0.00935921 -0.0170706 -2.63153e-05 -4.94737e-05 -0.0170706 0.0840702 
0.00932712 -0.0171838 3.04859e-05 -1.69831e-05 -0.0171838 0.0849443 -1.22944e-05 -6.9264e-05 3.04859e-05 -1.22944e-05 0.00935151 -0.0170736 -1.69831e-05 -6.9264e-05 -0.0170736 0.0841097 
0.00931597 -0.0171674 1.60584e-05 -6.98553e-06 -0.0171674 0.0848384 2.59195e-06 -9.94028e-05 1.60584e-05 2.59195e-06 0.00934368 -0.0170368 -6.98553e-06 -9.94028e-05 -0.0170368 0.0839822 
0.00930256 -0.0171478 -7.67596e-06 6.72293e-06 -0.0171478 0.0847425 1.84788e-05 -0.000130739 -7.67596e-06 1.84788e-05 0.00933307 -0.0170187 6.72293e-06 -0.000130739 -0.0170187 0.0838714 
0.00926258 -0.0170666 -3.84359e-06 3.34257e-05 -0.0170666 0.0843497 4.56825e-05 -0.000181006 -3.84359e-06 4.56825e-05 0.00929026 -0.01694 3.34257e-05 -0.000181006 -0.01694 0.0834809 
0.00922431 -0.0169891 -6.97566e-06 3.20069e-05 -0.0169891 0.0839613 4.06819e-05 -0.000199173 -6.97566e-06 4.06819e-05 0.00926285 -0.0168683 3.20069e-05 -0.000199173 -0.0168683 0.0831164 
0.00923365 -0.0170242 9.73636e-06 3.52168e-05 -0.0170242 0.0841067 3.94737e-05 -0.000197361 9.73636e-06 3.94737e-05 0.00929275 -0.0169128 3.52168e-05 -0.000197361 -0.0169128 0.0832775 
0.00922997 -0.0170283 1.68449e-05 1.78593e-05 -0.0170283 0.0841462 1.77957e-05 -0.000168724 1.68449e-05 1.77957e-05 0.0093055 -0.0169399 1.78593e-05 -0.000168724 -0.0169399 0.08336 
0.00922451 -0.017015 1.33511e-05 1.03672e-05 -0.017015 0.0841074 6.30725e-06 -0.000136795 1.33511e-05 6.30725e-06 0.00930026 -0.0169451 1.03672e-05 -0.000136795 -0.0169451 0.0833676 
0.00923863 -0.0170113 8.86231e-06 1.46992e-05 -0.0170113 0.0840972 9.15778e-06 -0.000130182 8.86231e-06 9.15778e-06 0.00929318 -0.016945 1.46992e-05 -0.000130182 -0.016945 0.0833851 
0.00925452 -0.0170425 1.90754e-05 1.97716e-05 -0.0170425 0.0841948 1.57244e-05 -0.000139506 1.90754e-05 1.57244e-05 0.00928483 -0.0169551 1.97716e-05 -0.000139506 -0.0169551 0.0834624 
0.00923778 -0.0170682 1.68584e-05 8.12528e-06 -0.0170682 0.0842906 6.49011e-06 -0.000130951 1.68584e-05 6.49011e-06 0.0093013 -0.0169411 8.12528e-06 -0.000130951 -0.0169411 0.0834731 
0.00920824 -0.0170399 1.7403e-05 1.00234e-05 -0.0170399 0.0842663 1.06177e-05 -0.000128729 1.7403e-05 1.06177e-05 0.00931486 -0.0169532 1.00234e-05 -0.000128729 -0.0169532 0.0834695 
0.00918313 -0.0169744 2.48647e-05 1.11615e-05 -0.0169744 0.0840603 1.357e-05 -0.000136363 2.48647e-05 1.357e-05 0.00931291 -0.016949 1.11615e-05 -0.000136363 -0.016949 0.0833934 
0.00917208 -0.0169345 2.09439e-05 -5.08777e-07 -0.0169345 0.0838865 8.34317e-07 -0.00011694 2.09439e-05 8.34317e-07 0.00929827 -0.0169461 -5.08777e-07 -0.00011694 -0.0169461 0.0833477 
0.00919964 -0.0169307 2.52303e-05 2.44334e-06 -0.0169307 0.0838488 1.77484e-06 -0.000106406 2.52303e-05 1.77484e-06 0.00925726 -0.0169443 2.44334e-06 -0.000106406 -0.0169443 0.08337 
0.00920944 -0.0169491 2.96323e-05 -2.29841e-06 -0.0169491 0.0838144 -5.04984e-06 -9.47743e-05 2.96323e-05 -5.04984e-06 0.00922838 -0.0168817 -2.29841e-06 -9.47743e-05 -0.0168817 0.0832352 
0.00921057 -0.0169636 2.10598e-05 -3.0694e-06 -0.0169636 0.083823 -9.70273e-06 -8.83773e-05 2.10598e-05 -9.70273e-06 0.00920381 -0.016837 -3.0694e-06 -8.83773e-05 -0.016837 0.0830825 
0.00919483 -0.0169796 4.44387e-06 1.02751e-05 -0.0169796 0.0838956 4.47885e-07 -0.000106547 4.44387e-06 4.47885e-07 0.00920857 -0.0168155 1.02751e-05 -0.000106547 -0.0168155 0.0830245 
0.00913407 -0.0168618 -1.80204e-05 3.31656e-05 -0.0168618 0.0834118 2.55065e-05 -0.000158273 -1.80204e-05 2.55065e-05 0.00916139 -0.0167263 3.31656e-05 -0.000158273 -0.0167263 0.0825424 
0.00909758 -0.0167913 -1.6208e-05 5.65986e-05 -0.0167913 0.083101 5.40488e-05 -0.000220892 -1.6208e-05 5.40488e-05 0.0091331 -0.0166824 5.65986e-05 -0.000220892 -0.0166824 0.0823001 
0.00907257 -0.0167344 -3.93911e-06 5.17988e-05 -0.0167344 0.0828439 5.33725e-05 -0.000243569 -3.93911e-06 5.33725e-05 0.00911367 -0.0166489 5.17988e-05 -0.000243569 -0.0166489 0.0821271 
0.00906043 -0.0166637 -3.68844e-06 3.31003e-05 -0.0166637 0.0824876 3.68558e-05 -0.000216054 -3.68844e-06 3.68558e-05 0.00907022 -0.0165921 3.31003e-05 -0.000216054 -0.0165921 0.081837 
0.00909077 -0.0167115 2.51784e-06 3.21122e-05 -0.0167115 0.0826127 3.47409e-05 -0.000196505 2.51784e-06 3.47409e-05 0.00905904 -0.0166063 3.21122e-05 -0.000196505 -0.0166063 0.0819462 
0.00907804 -0.0167243 3.66046e-06 2.55248e-05 -0.0167243 0.0825939 2.50457e-05 -0.000176401 3.66046e-06 2.50457e-05 0.0090425 -0.0165569 2.55248e-05 -0.000176401 -0.0165569 0.0818028 
0.00905645 -0.0167348 8.99786e-06 2.23452e-05 -0.0167348 0.0826836 1.88523e-05 -0.000154985 8.99786e-06 1.88523e-05 0.00906765 -0.0165595 2.23452e-05 -0.000154985 -0.0165595 0.0818192 
0.00903081 -0.0166879 1.40002e-05 1.41887e-05 -0.0166879 0.0825769 1.37935e-05 -0.000136796 1.40002e-05 1.37935e-05 0.00907137 -0.01657 1.41887e-05 -0.000136796 -0.01657 0.0817809 
0.00903152 -0.0167018 2.63927e-06 5.55872e-06 -0.0167018 0.0827128 8.21917e-06 -0.000116549 2.63927e-06 8.21917e-06 0.00911072 -0.0166321 5.55872e-06 -0.000116549 -0.0166321 0.0820473 
0.00901448 -0.0166632 -1.27658e-06 2.0338e-05 -0.0166632 0.0825916 2.16536e-05 -0.000128307 -1.27658e-06 2.16536e-05 0.00911403 -0.0166459 2.0338e-05 -0.000128307 -0.0166459 0.0820703 
0.00901164 -0.0166481 1.63744e-05 2.63107e-05 -0.0166481 0.0825487 2.55088e-05 -0.000144324 1.63744e-05 2.55088e-05 0.0091148 -0.0166645 2.63107e-05 -0.000144324 -0.0166645 0.0821513 
0.00900597 -0.0166374 2.66353e-05 6.74599e-06 -0.0166374 0.0824974 2.33773e-06 -0.000117244 2.66353e-05 2.33773e-06 0.00911101 -0.0166602 6.74599e-06 -0.000117244 -0.0166602 0.0821618 
0.00900468 -0.0166412 1.14134e-05 -4.98442e-06 -0.0166412 0.08252 -1.36638e-05 -7.76302e-05 1.14134e-05 -1.36638e-05 0.00911525 -0.0166622 -4.98442e-06 -7.76302e-05 -0.0166622 0.0821962 
0.00899029 -0.0166036 2.04154e-06 1.21747e-05 -0.0166036 0.0823633 1.02341e-06 -8.34583e-05 2.04154e-06 1.02341e-06 0.00910561 -0.0166399 1.21747e-05 -8.34583e-05 -0.0166399 0.0820764 
0.00899133 -0.0165914 3.64148e-06 2.59115e-05 -0.0165914 0.0822993 1.78491e-05 -0.000120389 3.64148e-06 1.78491e-05 0.00910616 -0.0166416 2.59115e-05 -0.000120389 -0.0166416 0.0820642 
0.00900414 -0.0166074 2.08637e-05 2.50007e-05 -0.0166074 0.0823412 2.02771e-05 -0.000141656 2.08637e-05 2.02771e-05 0.00911056 -0.0166542 2.50007e-05 -0.000141656 -0.0166542 0.0821196 
0.00900105 -0.0165988 3.15948e-05 3.63928e-06 -0.0165988 0.0822568 4.93748e-07 -0.000116968 3.15948e-05 4.93748e-07 0.0091081 -0.0166315 3.63928e-06 -0.000116968 -0.0166315 0.0820146 
0.0096494 -0.0177889 3.82364e-05 -9.78876e-06 -0.0177889 0.0881144 -1.05871e-05 -9.34089e-05 3.82364e-05 -1.05871e-05 0.00974373 -0.0178179 -9.78876e-06 -9.34089e-05 -0.0178179 0.0878255 
0.00903757 -0.0166513 3.71201e-05 -1.65972e-05 -0.0166513 0.0824351 -1.32634e-05 -6.80189e-05 3.71201e-05 -1.32634e-05 0.00909642 -0.0166469 -1.65972e-05 -6.80189e-05 -0.0166469 0.0820926 
0.00908679 -0.0167553 3.95792e-05 -1.84134e-05 -0.0167553 0.0828959 -1.23406e-05 -6.46059e-05 3.95792e-05 -1.23406e-05 0.00912834 -0.0167072 -1.84134e-05 -6.46059e-05 -0.0167072 0.0824414 
0.00908538 -0.0167819 4.83805e-05 -2.14337e-05 -0.0167819 0.0830289 -1.75263e-05 -5.59257e-05 4.83805e-05 -1.75263e-05 0.00914719 -0.0167063 -2.14337e-05 -5.59257e-05 -0.0167063 0.0824713 
0.00906307 -0.0167457 5.43938e-05 -2.8694e-05 -0.0167457 0.082912 -2.89186e-05 -3.96447e-05 5.43938e-05 -2.89186e-05 0.00915086 -0.0166926 -2.8694e-05 -3.96447e-05 -0.0166926 0.0823481 
0.00909023 -0.0167358 5.52167e-05 -3.53947e-05 -0.0167358 0.0829048 -3.67406e-05 -2.21541e-05 5.52167e-05 -3.67406e-05 0.00913015 -0.0167194 -3.53947e-05 -2.21541e-05 -0.0167194 0.0824103 
0.009106 -0.0167422 3.56553e-05 -3.49169e-05 -0.0167422 0.0828197 -3.47355e-05 -2.04704e-05 3.56553e-05 -3.47355e-05 0.00909941 -0.016668 -3.49169e-05 -2.04704e-05 -0.016668 0.0822703 
0.00913736 -0.0168025 2.54083e-05 -1.10924e-05 -0.0168025 0.0830141 -8.48153e-06 -6.1887e-05 2.54083e-05 -8.48153e-06 0.0090948 -0.0166661 -1.10924e-05 -6.1887e-05 -0.0166661 0.0823208 
0.00916012 -0.0168563 2.29653e-05 3.92043e-06 -0.0168563 0.0832352 6.43489e-06 -0.000110441 2.29653e-05 6.43489e-06 0.00911235 -0.0166748 3.92043e-06 -0.000110441 -0.0166748 0.0824072 
0.00918018 -0.0169244 2.58739e-05 7.47884e-06 -0.0169244 0.0835677 9.5462e-06 -0.00013503 2.58739e-05 9.5462e-06 0.0091563 -0.0167323 7.47884e-06 -0.00013503 -0.0167323 0.0826669 
0.00915086 -0.0168928 2.14529e-05 4.48188e-06 -0.0168928 0.0834771 5.72794e-06 -0.000137974 2.14529e-05 5.72794e-06 0.00916424 -0.0167294 4.48188e-06 -0.000137974 -0.0167294 0.0825965 
0.00911837 -0.0168745 7.88474e-06 1.21572e-05 -0.0168745 0.0834643 1.21876e-05 -0.000150278 7.88474e-06 1.21876e-05 0.00920307 -0.016756 1.21572e-05 -0.000150278 -0.016756 0.0826662 
0.00910221 -0.0168325 -4.53705e-06 2.66544e-05 -0.0168325 0.0833952 2.44996e-05 -0.000174667 -4.53705e-06 2.44996e-05 0.00922346 -0.0168084 2.66544e-05 -0.000174667 -0.0168084 0.0827873 
0.00909946 -0.0168655 4.63661e-06 4.6378e-05 -0.0168655 0.0836082 3.91644e-05 -0.000215872 4.63661e-06 3.91644e-05 0.00928848 -0.0168968 4.6378e-05 -0.000215872 -0.0168968 0.0831838 
0.00911099 -0.0168549 1.08173e-05 3.89357e-05 -0.0168549 0.0836824 3.13991e-05 -0.000225977 1.08173e-05 3.13991e-05 0.00931292 -0.0169761 3.89357e-05 -0.000225977 -0.0169761 0.083476 
0.00911643 -0.0168221 1.48389e-06 2.91837e-05 -0.0168221 0.0835176 2.41343e-05 -0.000209959 1.48389e-06 2.41343e-05 0.00929113 -0.0169648 2.91837e-05 -0.000209959 -0.0169648 0.0834482 
0.00915061 -0.0168481 -1.68805e-07 3.60104e-05 -0.0168481 0.0835547 3.47951e-05 -0.000213177 -1.68805e-07 3.47951e-05 0.00927136 -0.016953 3.60104e-05 -0.000213177 -0.016953 0.0834659 
0.00917164 -0.0168481 9.45873e-06 3.3164e-05 -0.0168481 0.0834275 3.56112e-05 -0.000211311 9.45873e-06 3.56112e-05 0.0092221 -0.0168781 3.3164e-05 -0.000211311 -0.0168781 0.0831913 
0.00919781 -0.0169182 4.23259e-06 2.06356e-05 -0.0169182 0.0836115 2.48081e-05 -0.00019132 4.23259e-06 2.48081e-05 0.00921456 -0.0168482 2.06356e-05 -0.00019132 -0.0168482 0.0831325 
0.00920166 -0.0169269 -1.95912e-06 2.1067e-05 -0.0169269 0.0836129 3.07087e-05 -0.000180273 -1.95912e-06 3.07087e-05 0.00919697 -0.0168052 2.1067e-05 -0.000180273 -0.0168052 0.0829355 
0.00921431 -0.0169514 -9.53428e-06 2.68437e-05 -0.0169514 0.0837017 3.84972e-05 -0.00018821 -9.53428e-06 3.84972e-05 0.00919532 -0.0167995 2.68437e-05 -0.00018821 -0.0167995 0.0828977 
0.00922538 -0.01699 -1.42829e-05 4.28121e-05 -0.01699 0.0838652 5.18162e-05 -0.000221437 -1.42829e-05 5.18162e-05 0.00920532 -0.0168147 4.28121e-05 -0.000221437 -0.0168147 0.0829689 
0.00923605 -0.0170208 -5.39555e-06 4.97124e-05 -0.0170208 0.0840345 5.77734e-05 -0.000248286 -5.39555e-06 5.77734e-05 0.00923018 -0.0168397 4.97124e-05 -0.000248286 -0.0168397 0.0830867 
0.0092464 -0.0170666 -2.30295e-07 4.03142e-05 -0.0170666 0.0842954 4.68751e-05 -0.000243867 -2.30295e-07 4.68751e-05 0.00926712 -0.0169059 4.03142e-05 -0.000243867 -0.0169059 0.0833624 
0.00926613 -0.0171271 5.78264e-06 3.39133e-05 -0.0171271 0.0846852 3.71744e-05 -0.000223803 5.78264e-06 3.71744e-05 0.00932583 -0.0170098 3.39133e-05 -0.000223803 -0.0170098 0.0838398 
0.00927304 -0.017066 1.32782e-05 2.92555e-05 -0.017066 0.0844927 2.86085e-05 -0.000206485 1.32782e-05 2.86085e-05 0.00929672 -0.0170058 2.92555e-05 -0.000206485 -0.0170058 0.0837917 
0.00931483 -0.0171061 1.98985e-05 2.2727e-05 -0.0171061 0.084583 1.91676e-05 -0.000189154 1.98985e-05 1.91676e-05 0.00928309 -0.0170043 2.2727e-05 -0.000189154 -0.0170043 0.0838859 
0.00935541 -0.0171847 1.1296e-05 1.63495e-05 -0.0171847 0.0848366 1.12547e-05 -0.000171992 1.1296e-05 1.12547e-05 0.00928409 -0.0170002 1.63495e-05 -0.000171992 -0.0170002 0.0839757 
0.00930676 -0.0171455 1.63566e-05 2.61505e-05 -0.0171455 0.0845759 2.06894e-05 -0.000178377 1.63566e-05 2.06894e-05 0.00926694 -0.0168952 2.61505e-05 -0.000178377 -0.0168952 0.0835124 
0.00928297 -0.0171088 1.69043e-05 2.32123e-05 -0.0171088 0.0844779 1.54716e-05 -0.000181986 1.69043e-05 1.54716e-05 0.00926697 -0.0169007 2.32123e-05 -0.000181986 -0.0169007 0.0833976 
0.00924055 -0.0170479 4.5257e-06 1.64199e-05 -0.0170479 0.0842296 1.1496e-05 -0.000166773 4.5257e-06 1.1496e-05 0.00926461 -0.0168806 1.64199e-05 -0.000166773 -0.0168806 0.0832418 
0.00919344 -0.0169559 -3.38242e-06 2.55548e-05 -0.0169559 0.0838406 2.73748e-05 -0.000174801 -3.38242e-06 2.73748e-05 0.00924544 -0.0168422 2.55548e-05 -0.000174801 -0.0168422 0.0829837 
0.00916547 -0.0168957 3.81135e-06 3.40377e-05 -0.0168957 0.0835566 3.98844e-05 -0.000198225 3.81135e-06 3.98844e-05 0.00923483 -0.0168182 3.40377e-05 -0.000198225 -0.0168182 0.0828178 
0.00912682 -0.0168579 1.82072e-05 2.61427e-05 -0.0168579 0.0833501 3.12363e-05 -0.000195565 1.82072e-05 3.12363e-05 0.00923918 -0.0167971 2.61427e-05 -0.000195565 -0.0167971 0.0826774 
0.00915084 -0.0169061 3.06912e-05 1.10879e-05 -0.0169061 0.083649 1.15132e-05 -0.000164864 3.06912e-05 1.15132e-05 0.00926736 -0.0168941 1.10879e-05 -0.000164864 -0.0168941 0.0830639 
0.00917253 -0.0169229 1.63379e-05 -4.94757e-06 -0.0169229 0.0837695 -6.43289e-06 -0.000120253 1.63379e-05 -6.43289e-06 0.00925929 -0.0169197 -4.94757e-06 -0.000120253 -0.0169197 0.0832453 
0.00924299 -0.0170334 -8.7197e-06 1.0609e-05 -0.0170334 0.0842939 1.06399e-05 -0.000124672 -8.7197e-06 1.06399e-05 0.00928868 -0.0169992 1.0609e-05 -0.000124672 -0.0169992 0.0837452 
0.00927574 -0.0171005 -9.51048e-06 4.16874e-05 -0.0171005 0.0845829 4.48707e-05 -0.000184814 -9.51048e-06 4.48707e-05 0.00930232 -0.0170147 4.16874e-05 -0.000184814 -0.0170147 0.083935 
0.00923933 -0.0170349 -5.36747e-07 4.3119e-05 -0.0170349 0.0842538 4.9608e-05 -0.000220211 -5.36747e-07 4.9608e-05 0.00926803 -0.0169164 4.3119e-05 -0.000220211 -0.0169164 0.0835003 
0.0092282 -0.0170358 -9.83849e-06 2.7461e-05 -0.0170358 0.0842647 3.72919e-05 -0.000203958 -9.83849e-06 3.72919e-05 0.00927675 -0.0169218 2.7461e-05 -0.000203958 -0.0169218 0.0834783 
0.00918161 -0.0169499 -1.93161e-05 3.43389e-05 -0.0169499 0.0838988 4.4342e-05 -0.000196061 -1.93161e-05 4.4342e-05 0.00925069 -0.016868 3.43389e-05 -0.000196061 -0.016868 0.0831667 
0.00913431 -0.0168553 -9.63737e-06 4.18263e-05 -0.0168553 0.0834563 5.18843e-05 -0.000201885 -9.63737e-06 5.18843e-05 0.00921683 -0.0168002 4.18263e-05 -0.000201885 -0.0168002 0.0827979 
0.00914886 -0.0168348 7.44936e-06 2.88561e-05 -0.0168348 0.0833475 3.59215e-05 -0.000179123 7.44936e-06 3.59215e-05 0.00918713 -0.0167959 2.88561e-05 -0.000179123 -0.0167959 0.0827431 
0.00917382 -0.0168789 2.14188e-05 1.01962e-05 -0.0168789 0.0834498 1.25754e-05 -0.000133952 2.14188e-05 1.25754e-05 0.00917728 -0.0167834 1.01962e-05 -0.000133952 -0.0167834 0.0827769 
