0.00724368 0 -5.24451e-05 0 0 0.0103627 0 0 -5.24451e-05 0 0.0073843 0 0 0 0 0.0103627 
0.0104642 -0.0129896 -4.69697e-05 5.45773e-05 -0.0129896 0.0345879 5.45773e-05 -0.000104416 -4.69697e-05 5.45773e-05 0.0106423 -0.0132084 5.45773e-05 -0.000104416 -0.0132084 0.0350075 
0.00912699 -0.0170198 -4.88241e-06 -3.08553e-05 -0.0170198 0.0628084 -3.08553e-05 0.000124707 -4.88241e-06 -3.08553e-05 0.00925521 -0.017225 -3.08553e-05 0.000124707 -0.017225 0.0634494 
0.00865716 -0.016743 -1.0928e-05 -0.000139642 -0.016743 0.0752031 -0.000145225 0.000746071 -1.0928e-05 -0.000145225 0.00870548 -0.0168016 -0.000139642 0.000746071 -0.0168016 0.0752681 
0.00990132 -0.0185819 -4.41722e-05 -0.000118353 -0.0185819 0.0898046 -0.000142023 0.00107385 -4.41722e-05 -0.000142023 0.0099191 -0.0185206 -0.000118353 0.00107385 -0.0185206 0.0892672 
0.00964474 -0.017822 -6.48311e-05 -2.65189e-05 -0.017822 0.0876832 -5.88395e-05 0.000768602 -6.48311e-05 -5.88395e-05 0.00968047 -0.0177317 -2.65189e-05 0.000768602 -0.0177317 0.0870062 
0.00933629 -0.0171746 -6.79151e-05 1.80017e-05 -0.0171746 0.0847831 -1.08611e-05 0.000456925 -6.79151e-05 -1.08611e-05 0.00936714 -0.0171133 1.80017e-05 0.000456925 -0.0171133 0.0841935 
0.00910719 -0.0167008 -7.75418e-05 2.22936e-05 -0.0167008 0.082512 4.4509e-06 0.000290724 -7.75418e-05 4.4509e-06 0.00909666 -0.0166439 2.22936e-05 0.000290724 -0.0166439 0.0820115 
0.0103094 -0.0189279 -8.08957e-05 2.96082e-05 -0.0189279 0.0934321 2.0052e-05 0.000254903 -8.08957e-05 2.0052e-05 0.0102982 -0.0187975 2.96082e-05 0.000254903 -0.0187975 0.0927869 
0.0101336 -0.0186482 -6.10082e-05 1.3286e-05 -0.0186482 0.0920489 1.15724e-05 0.000247643 -6.10082e-05 1.15724e-05 0.0101616 -0.0185068 1.3286e-05 0.000247643 -0.0185068 0.0913241 
0.0100348 -0.01847 -6.8148e-05 -1.38323e-05 -0.01847 0.091254 -1.13638e-05 0.00029284 -6.8148e-05 -1.13638e-05 0.0100909 -0.0183835 -1.38323e-05 0.00029284 -0.0183835 0.09059 
0.00996071 -0.0183437 -5.82946e-05 -1.0724e-05 -0.0183437 0.0906824 -2.96676e-06 0.000310732 -5.82946e-05 -2.96676e-06 0.0100508 -0.0183119 -1.0724e-05 0.000310732 -0.0183119 0.0901659 
0.00988503 -0.0182022 -3.15978e-05 -2.07245e-05 -0.0182022 0.0900387 -1.01516e-05 0.000322673 -3.15978e-05 -1.01516e-05 0.00999794 -0.0182299 -2.07245e-05 0.000322673 -0.0182299 0.0897046 
0.00988653 -0.0181738 -3.0315e-05 -5.19341e-05 -0.0181738 0.0899345 -4.15302e-05 0.000376221 -3.0315e-05 -4.15302e-05 0.00997923 -0.0182515 -5.19341e-05 0.000376221 -0.0182515 0.0897858 
0.00988324 -0.0181472 -2.2733e-05 -5.45541e-05 -0.0181472 0.0897569 -4.63762e-05 0.000409862 -2.2733e-05 -4.63762e-05 0.00994446 -0.0182117 -5.45541e-05 0.000409862 -0.0182117 0.0896833 
0.00989118 -0.0181604 -2.25487e-05 -6.12899e-05 -0.0181604 0.0897461 -5.65371e-05 0.000429372 -2.25487e-05 -5.65371e-05 0.00991882 -0.0181779 -6.12899e-05 0.000429372 -0.0181779 0.0896133 
0.00993495 -0.0181989 -3.4351e-05 -6.07938e-05 -0.0181989 0.0898948 -5.74404e-05 0.000436634 -3.4351e-05 -5.74404e-05 0.00989528 -0.0181724 -6.07938e-05 0.000436634 -0.0181724 0.089662 
0.0099578 -0.0182786 -2.34288e-05 -4.68323e-05 -0.0182786 0.0901601 -3.89954e-05 0.000410802 -2.34288e-05 -3.89954e-05 0.00990365 -0.0181592 -4.68323e-05 0.000410802 -0.0181592 0.0897307 
0.00996024 -0.0183026 -1.92762e-05 -5.63671e-05 -0.0183026 0.0902954 -4.50239e-05 0.000402233 -1.92762e-05 -4.50239e-05 0.00990143 -0.0181534 -5.63671e-05 0.000402233 -0.0181534 0.0897137 
0.0099341 -0.0182635 -2.42231e-05 -6.53472e-05 -0.0182635 0.0901423 -5.02544e-05 0.000414309 -2.42231e-05 -5.02544e-05 0.00988841 -0.0181046 -6.53472e-05 0.000414309 -0.0181046 0.0894905 
0.00991469 -0.018188 -2.7786e-05 -5.62384e-05 -0.018188 0.0898189 -4.00337e-05 0.000399695 -2.7786e-05 -4.00337e-05 0.00984802 -0.0180572 -5.62384e-05 0.000399695 -0.0180572 0.0892023 
0.00986529 -0.0181078 -2.14632e-05 -4.69262e-05 -0.0181078 0.0893731 -3.64444e-05 0.000377378 -2.14632e-05 -3.64444e-05 0.00980931 -0.017971 -4.69262e-05 0.000377378 -0.017971 0.0887963 
0.00983645 -0.0180692 -3.40116e-05 -4.63981e-05 -0.0180692 0.0891782 -4.57008e-05 0.000371827 -3.40116e-05 -4.57008e-05 0.00979577 -0.0179435 -4.63981e-05 0.000371827 -0.0179435 0.088631 
0.00982584 -0.0180657 -3.29903e-05 -3.01801e-05 -0.0180657 0.089176 -3.64637e-05 0.000355041 -3.29903e-05 -3.64637e-05 0.00980154 -0.0179511 -3.01801e-05 0.000355041 -0.0179511 0.0886545 
0.00983151 -0.0180601 -4.27393e-05 -2.91804e-05 -0.0180601 0.0891863 -3.5307e-05 0.000338998 -4.27393e-05 -3.5307e-05 0.00979342 -0.0179627 -2.91804e-05 0.000338998 -0.0179627 0.0886963 
0.00981534 -0.0180773 -3.80056e-05 -2.06363e-05 -0.0180773 0.0892525 -2.22175e-05 0.000319023 -3.80056e-05 -2.22175e-05 0.00981809 -0.0179632 -2.06363e-05 0.000319023 -0.0179632 0.0887507 
0.00979118 -0.0180557 -3.16116e-05 -2.67749e-05 -0.0180557 0.0892496 -2.80716e-05 0.000317708 -3.16116e-05 -2.80716e-05 0.00984912 -0.0179941 -2.67749e-05 0.000317708 -0.0179941 0.0888192 
0.00975321 -0.0179885 -2.18758e-05 -3.38327e-05 -0.0179885 0.0890277 -3.80672e-05 0.000333299 -2.18758e-05 -3.80672e-05 0.00984742 -0.0180053 -3.38327e-05 0.000333299 -0.0180053 0.0887733 
0.0097494 -0.0179356 -2.71451e-05 -4.70216e-05 -0.0179356 0.0888336 -5.2584e-05 0.000364952 -2.71451e-05 -5.2584e-05 0.00983185 -0.0180067 -4.70216e-05 0.000364952 -0.0180067 0.0887548 
0.00978303 -0.0179868 -4.14034e-05 -4.14279e-05 -0.0179868 0.0890157 -4.35883e-05 0.00036701 -4.14034e-05 -4.35883e-05 0.00983689 -0.0180389 -4.14279e-05 0.00036701 -0.0180389 0.0889704 
0.0098021 -0.0180193 -4.42392e-05 -2.13181e-05 -0.0180193 0.0891242 -2.32797e-05 0.000328275 -4.42392e-05 -2.32797e-05 0.00982311 -0.018031 -2.13181e-05 0.000328275 -0.018031 0.089009 
0.00979092 -0.0180046 -2.5718e-05 -1.11569e-05 -0.0180046 0.0890216 -1.85365e-05 0.000290299 -2.5718e-05 -1.85365e-05 0.00980905 -0.017972 -1.11569e-05 0.000290299 -0.017972 0.0887997 
0.00978016 -0.0180029 -1.36561e-05 -2.83232e-05 -0.0180029 0.0890156 -3.96614e-05 0.000302298 -1.36561e-05 -3.96614e-05 0.00981852 -0.0179688 -2.83232e-05 0.000302298 -0.0179688 0.0887485 
0.00974859 -0.0179313 -1.42508e-05 -4.01875e-05 -0.0179313 0.0886998 -5.13588e-05 0.000326508 -1.42508e-05 -5.13588e-05 0.00978093 -0.0179202 -4.01875e-05 0.000326508 -0.0179202 0.0884532 
0.00972754 -0.0179327 -2.65967e-05 -3.94584e-05 -0.0179327 0.0886896 -4.80988e-05 0.000329684 -2.65967e-05 -4.80988e-05 0.00978691 -0.0179126 -3.94584e-05 0.000329684 -0.0179126 0.0884408 
0.00969073 -0.0179005 -2.64534e-05 -2.77897e-05 -0.0179005 0.0886092 -3.22056e-05 0.000307691 -2.64534e-05 -3.22056e-05 0.00979717 -0.0179081 -2.77897e-05 0.000307691 -0.0179081 0.0883873 
0.00965187 -0.0178281 -2.11407e-05 -2.80205e-05 -0.0178281 0.0883658 -3.041e-05 0.00029252 -2.11407e-05 -3.041e-05 0.00978647 -0.0178928 -2.80205e-05 0.00029252 -0.0178928 0.0882479 
0.00965527 -0.0177691 -8.25127e-06 -3.58186e-05 -0.0177691 0.0881321 -3.51974e-05 0.000297824 -8.25127e-06 -3.51974e-05 0.00973443 -0.0178723 -3.58186e-05 0.000297824 -0.0178723 0.0881263 
0.00965801 -0.0177542 5.07724e-06 -5.38133e-05 -0.0177542 0.0879454 -4.89057e-05 0.00032541 5.07724e-06 -4.89057e-05 0.00968771 -0.0177921 -5.38133e-05 0.00032541 -0.0177921 0.0878867 
0.0096561 -0.0177753 -3.10746e-06 -7.12766e-05 -0.0177753 0.0879568 -6.2874e-05 0.000362148 -3.10746e-06 -6.2874e-05 0.00968406 -0.017746 -7.12766e-05 0.000362148 -0.017746 0.0877439 
0.00967054 -0.0177899 -1.84056e-05 -6.24003e-05 -0.0177899 0.0880369 -5.20752e-05 0.000362873 -1.84056e-05 -5.20752e-05 0.00967862 -0.0177562 -6.24003e-05 0.000362873 -0.0177562 0.0877482 
0.00971113 -0.0178578 -3.12626e-05 -3.7531e-05 -0.0178578 0.0883361 -2.91631e-05 0.000314605 -3.12626e-05 -2.91631e-05 0.00968613 -0.0177975 -3.7531e-05 0.000314605 -0.0177975 0.0879845 
0.00974951 -0.0179259 -4.71433e-05 -2.09208e-05 -0.0179259 0.0886425 -1.72016e-05 0.000270726 -4.71433e-05 -1.72016e-05 0.00970532 -0.0178281 -2.09208e-05 0.000270726 -0.0178281 0.0882102 
0.00973395 -0.0179071 -3.87467e-05 -8.39126e-07 -0.0179071 0.0885349 -2.23321e-06 0.000228289 -3.87467e-05 -2.23321e-06 0.00970747 -0.0177887 -8.39126e-07 0.000228289 -0.0177887 0.0880388 
0.00971072 -0.0178598 -4.66699e-05 -8.33172e-06 -0.0178598 0.0883082 -1.52513e-05 0.000226771 -4.66699e-05 -1.52513e-05 0.00968907 -0.0177588 -8.33172e-06 0.000226771 -0.0177588 0.0878119 
0.00969965 -0.01783 -6.32295e-05 -6.00752e-06 -0.01783 0.0881598 -1.19318e-05 0.00023734 -6.32295e-05 -1.19318e-05 0.00967999 -0.0177474 -6.00752e-06 0.00023734 -0.0177474 0.0877164 
0.00971898 -0.0178661 -7.39403e-05 1.2632e-05 -0.0178661 0.0883242 7.59594e-06 0.000214128 -7.39403e-05 7.59594e-06 0.0096969 -0.017799 1.2632e-05 0.000214128 -0.017799 0.0879464 
0.00971877 -0.0178644 -6.45808e-05 2.8963e-05 -0.0178644 0.0883087 2.53307e-05 0.000169895 -6.45808e-05 2.53307e-05 0.00970063 -0.0177944 2.8963e-05 0.000169895 -0.0177944 0.0879549 
0.00970155 -0.0178534 -3.90985e-05 1.88512e-05 -0.0178534 0.08823 1.70081e-05 0.000163132 -3.90985e-05 1.70081e-05 0.00969212 -0.0177704 1.88512e-05 0.000163132 -0.0177704 0.0878418 
0.00968472 -0.0178529 -2.20001e-05 -8.6977e-06 -0.0178529 0.0882532 -1.14792e-05 0.000203646 -2.20001e-05 -1.14792e-05 0.00970635 -0.0177714 -8.6977e-06 0.000203646 -0.0177714 0.087837 
0.00967577 -0.0178339 -7.99639e-06 -3.25613e-05 -0.0178339 0.0882496 -3.63404e-05 0.000266618 -7.99639e-06 -3.63404e-05 0.00972245 -0.0178003 -3.25613e-05 0.000266618 -0.0178003 0.0879074 
0.00968546 -0.0178164 -5.23899e-06 -5.07076e-05 -0.0178164 0.0882101 -5.62752e-05 0.000322665 -5.23899e-06 -5.62752e-05 0.00971942 -0.0178249 -5.07076e-05 0.000322665 -0.0178249 0.0879856 
0.00969216 -0.0178065 -1.41062e-05 -5.60736e-05 -0.0178065 0.0881022 -5.97865e-05 0.000353063 -1.41062e-05 -5.97865e-05 0.00969853 -0.0177986 -5.60736e-05 0.000353063 -0.0177986 0.0879031 
0.00973172 -0.0178525 -3.64497e-05 -4.42573e-05 -0.0178525 0.0882543 -4.27858e-05 0.000335727 -3.64497e-05 -4.27858e-05 0.00968456 -0.0178063 -4.42573e-05 0.000335727 -0.0178063 0.0879888 
0.00974853 -0.0179081 -4.43157e-05 -1.65338e-05 -0.0179081 0.0884232 -1.44379e-05 0.000281198 -4.43157e-05 -1.44379e-05 0.00966635 -0.0177853 -1.65338e-05 0.000281198 -0.0177853 0.087992 
0.00971315 -0.0178988 -3.50454e-05 -4.28276e-06 -0.0178988 0.0883764 -3.09859e-06 0.000233381 -3.50454e-05 -3.09859e-06 0.00966139 -0.0177226 -4.28276e-06 0.000233381 -0.0177226 0.0877708 
0.0096903 -0.0178325 -2.33861e-05 -1.56908e-05 -0.0178325 0.088178 -1.41028e-05 0.000232387 -2.33861e-05 -1.41028e-05 0.0096451 -0.0176986 -1.56908e-05 0.000232387 -0.0176986 0.0875725 
0.0096715 -0.0177854 -8.15951e-06 -2.99235e-05 -0.0177854 0.0879527 -2.52414e-05 0.000254391 -8.15951e-06 -2.52414e-05 0.00962962 -0.0176674 -2.99235e-05 0.000254391 -0.0176674 0.0874012 
0.00966342 -0.0178122 -5.56105e-06 -5.30435e-05 -0.0178122 0.0880692 -4.31297e-05 0.00029778 -5.56105e-06 -4.31297e-05 0.00966509 -0.0177044 -5.30435e-05 0.00029778 -0.0177044 0.0875619 
0.00969061 -0.0178272 -1.17222e-05 -5.84577e-05 -0.0178272 0.0882317 -4.59519e-05 0.000325148 -1.17222e-05 -4.59519e-05 0.0096748 -0.0177733 -5.84577e-05 0.000325148 -0.0177733 0.0878269 
0.00971376 -0.0178569 -2.02958e-05 -5.25928e-05 -0.0178569 0.0883479 -3.90397e-05 0.000324612 -2.02958e-05 -3.90397e-05 0.00968467 -0.0177909 -5.25928e-05 0.000324612 -0.0177909 0.0879898 
0.0097299 -0.017886 -3.73243e-05 -4.06099e-05 -0.017886 0.0884457 -2.95667e-05 0.000305128 -3.73243e-05 -2.95667e-05 0.0096865 -0.0177928 -4.06099e-05 0.000305128 -0.0177928 0.0880402 
0.00974463 -0.0179069 -4.42935e-05 -1.67398e-05 -0.0179069 0.088525 -1.34519e-05 0.000267989 -4.42935e-05 -1.34519e-05 0.00968627 -0.0177931 -1.67398e-05 0.000267989 -0.0177931 0.0880609 
0.009732 -0.0179397 -3.71852e-05 4.36755e-07 -0.0179397 0.0886573 -6.95815e-06 0.000229273 -3.71852e-05 -6.95815e-06 0.00971947 -0.0178026 4.36755e-07 0.000229273 -0.0178026 0.0881268 
0.00970486 -0.0178919 -3.15204e-05 -2.67311e-06 -0.0178919 0.0885347 -1.91002e-05 0.000224372 -3.15204e-05 -1.91002e-05 0.00972972 -0.0178128 -2.67311e-06 0.000224372 -0.0178128 0.0880687 
0.00965419 -0.0178108 -2.04901e-05 -1.42447e-05 -0.0178108 0.0881969 -2.9488e-05 0.000247557 -2.04901e-05 -2.9488e-05 0.00973295 -0.0177886 -1.42447e-05 0.000247557 -0.0177886 0.0878755 
0.00964058 -0.0177986 -2.3174e-05 -3.50654e-05 -0.0177986 0.0882046 -4.2168e-05 0.000290084 -2.3174e-05 -4.2168e-05 0.00976106 -0.0178522 -3.50654e-05 0.000290084 -0.0178522 0.0880743 
0.00960973 -0.0177092 -2.46355e-05 -3.83144e-05 -0.0177092 0.0878342 -3.65863e-05 0.00030809 -2.46355e-05 -3.65863e-05 0.00972349 -0.0178242 -3.83144e-05 0.00030809 -0.0178242 0.0878948 
0.00960744 -0.017679 -2.74141e-05 -3.81826e-05 -0.017679 0.087658 -3.22887e-05 0.00030982 -2.74141e-05 -3.22887e-05 0.00969128 -0.0177953 -3.81826e-05 0.00030982 -0.0177953 0.0878104 
0.00959777 -0.0176413 -1.92554e-05 -3.58259e-05 -0.0176413 0.0874006 -2.74202e-05 0.000304163 -1.92554e-05 -2.74202e-05 0.00963768 -0.0177136 -3.58259e-05 0.000304163 -0.0177136 0.0875041 
0.00953808 -0.0175406 -7.78427e-06 -3.95225e-05 -0.0175406 0.0868285 -3.17622e-05 0.00029834 -7.78427e-06 -3.17622e-05 0.00957764 -0.0175619 -3.95225e-05 0.00029834 -0.0175619 0.0868305 
0.00951155 -0.0174791 8.98095e-06 -4.8325e-05 -0.0174791 0.0864987 -4.29012e-05 0.000306315 8.98095e-06 -4.29012e-05 0.00953547 -0.0174917 -4.8325e-05 0.000306315 -0.0174917 0.0864331 
0.00954113 -0.0175244 9.64344e-06 -6.52158e-05 -0.0175244 0.0866661 -6.52302e-05 0.000340127 9.64344e-06 -6.52302e-05 0.00952676 -0.0175162 -6.52158e-05 0.000340127 -0.0175162 0.0865458 
0.00959863 -0.0176106 5.45012e-06 -6.47654e-05 -0.0176106 0.0870329 -6.92911e-05 0.000359244 5.45012e-06 -6.92911e-05 0.00952169 -0.0175505 -6.47654e-05 0.000359244 -0.0175505 0.0868027 
0.00965071 -0.017735 -4.92559e-06 -5.98303e-05 -0.017735 0.0875624 -6.43844e-05 0.000355872 -4.92559e-06 -6.43844e-05 0.00955263 -0.0175885 -5.98303e-05 0.000355872 -0.0175885 0.0871358 
0.00968383 -0.0177998 -1.41911e-05 -4.83538e-05 -0.0177998 0.0879018 -5.32472e-05 0.000337985 -1.41911e-05 -5.32472e-05 0.00958263 -0.0176195 -4.83538e-05 0.000337985 -0.0176195 0.0873233 
0.0096884 -0.0178436 -3.35787e-05 -3.63961e-05 -0.0178436 0.0881316 -3.96607e-05 0.000308023 -3.35787e-05 -3.96607e-05 0.00962565 -0.0176573 -3.63961e-05 0.000308023 -0.0176573 0.0874861 
0.00965082 -0.0177869 -4.19312e-05 -1.2023e-05 -0.0177869 0.087932 -1.25628e-05 0.000252375 -4.19312e-05 -1.25628e-05 0.0096311 -0.0176425 -1.2023e-05 0.000252375 -0.0176425 0.0873214 
0.00961806 -0.0177264 -2.38664e-05 -7.67068e-07 -0.0177264 0.0877075 9.81933e-07 0.000205351 -2.38664e-05 9.81933e-07 0.00963168 -0.0176457 -7.67068e-07 0.000205351 -0.0176457 0.0872329 
0.00960956 -0.0176897 -1.77484e-05 -2.68309e-05 -0.0176897 0.0875757 -2.25387e-05 0.000230224 -1.77484e-05 -2.25387e-05 0.0096313 -0.0176633 -2.68309e-05 0.000230224 -0.0176633 0.0872607 
0.0096302 -0.0177058 -2.67271e-05 -3.92704e-05 -0.0177058 0.0876409 -3.50613e-05 0.0002737 -2.67271e-05 -3.50613e-05 0.00963685 -0.0176971 -3.92704e-05 0.0002737 -0.0176971 0.0874274 
0.00966974 -0.0177614 -3.54846e-05 -2.96135e-05 -0.0177614 0.0878644 -2.80585e-05 0.00028209 -3.54846e-05 -2.80585e-05 0.00964282 -0.0177351 -2.96135e-05 0.00028209 -0.0177351 0.0876622 
0.00968809 -0.0177943 -4.71818e-05 -1.61053e-05 -0.0177943 0.0879608 -1.51922e-05 0.000259095 -4.71818e-05 -1.51922e-05 0.00963613 -0.0177194 -1.61053e-05 0.000259095 -0.0177194 0.0876729 
0.00972179 -0.0178719 -5.72694e-05 1.67624e-06 -0.0178719 0.0883067 5.24927e-06 0.000212712 -5.72694e-05 5.24927e-06 0.00966255 -0.0177594 1.67624e-06 0.000212712 -0.0177594 0.0879113 
0.00973383 -0.0179222 -5.52753e-05 1.4954e-05 -0.0179222 0.0885643 2.01303e-05 0.000167758 -5.52753e-05 2.01303e-05 0.00969488 -0.017792 1.4954e-05 0.000167758 -0.017792 0.0880868 
0.00972999 -0.0179227 -4.99075e-05 8.20252e-06 -0.0179227 0.0886369 1.51928e-05 0.000162252 -4.99075e-05 1.51928e-05 0.00971469 -0.0178201 8.20252e-06 0.000162252 -0.0178201 0.0881777 
0.00969424 -0.0178856 -4.87468e-05 -2.78661e-06 -0.0178856 0.0885092 5.66158e-06 0.00018476 -4.87468e-05 5.66158e-06 0.00972478 -0.0178175 -2.78661e-06 0.00018476 -0.0178175 0.0881254 
0.00968625 -0.0178587 -4.694e-05 -8.20671e-06 -0.0178587 0.088478 -2.50158e-06 0.000213018 -4.694e-05 -2.50158e-06 0.00974083 -0.0178527 -8.20671e-06 0.000213018 -0.0178527 0.0882298 
0.0096827 -0.017815 -4.46399e-05 -1.21176e-05 -0.017815 0.0882924 -7.21829e-06 0.000234683 -4.46399e-05 -7.21829e-06 0.00972913 -0.0178471 -1.21176e-05 0.000234683 -0.0178471 0.0881763 
0.00969208 -0.0178354 -4.73898e-05 -1.73891e-05 -0.0178354 0.0883423 -1.46508e-05 0.000258936 -4.73898e-05 -1.46508e-05 0.00974592 -0.0178686 -1.73891e-05 0.000258936 -0.0178686 0.0882929 
0.00969474 -0.0178345 -2.35e-05 -1.22214e-05 -0.0178345 0.0883216 -1.20478e-05 0.000262638 -2.35e-05 -1.20478e-05 0.00974818 -0.0178745 -1.22214e-05 0.000262638 -0.0178745 0.0883045 
0.00967788 -0.0177901 -2.79398e-05 -3.43591e-05 -0.0177901 0.088078 -3.46436e-05 0.000288496 -2.79398e-05 -3.46436e-05 0.00972358 -0.0178278 -3.43591e-05 0.000288496 -0.0178278 0.0880698 
0.00968419 -0.0178064 -2.02753e-05 -3.16008e-05 -0.0178064 0.0881094 -2.92613e-05 0.000299604 -2.02753e-05 -2.92613e-05 0.0097316 -0.0178295 -3.16008e-05 0.000299604 -0.0178295 0.0880725 
0.00970981 -0.0178437 -1.47539e-05 -3.88435e-05 -0.0178437 0.0882764 -3.27116e-05 0.000301835 -1.47539e-05 -3.27116e-05 0.00974059 -0.0178693 -3.88435e-05 0.000301835 -0.0178693 0.088231 
0.00974526 -0.0178568 -2.26343e-05 -4.52797e-05 -0.0178568 0.0883062 -4.0791e-05 0.000316214 -2.26343e-05 -4.0791e-05 0.00971117 -0.0178639 -4.52797e-05 0.000316214 -0.0178639 0.0882349 
0.00979585 -0.0179286 -1.72825e-05 -3.94059e-05 -0.0179286 0.0885328 -3.77478e-05 0.000323035 -1.72825e-05 -3.77478e-05 0.00969984 -0.0178653 -3.94059e-05 0.000323035 -0.0178653 0.0883532 
0.00981069 -0.0180338 -2.0213e-05 -4.45264e-05 -0.0180338 0.0889341 -4.92615e-05 0.000338649 -2.0213e-05 -4.92615e-05 0.00974682 -0.0178848 -4.45264e-05 0.000338649 -0.0178848 0.0885561 
0.00979368 -0.0180147 -2.12175e-05 -4.20364e-05 -0.0180147 0.0889392 -5.2328e-05 0.000353363 -2.12175e-05 -5.2328e-05 0.00976417 -0.0178862 -4.20364e-05 0.000353363 -0.0178862 0.0884821 
0.0097957 -0.0180345 -2.60928e-05 -4.01516e-05 -0.0180345 0.0891004 -5.00339e-05 0.000355363 -2.60928e-05 -5.00339e-05 0.00980429 -0.0179481 -4.01516e-05 0.000355363 -0.0179481 0.0886931 
0.00978202 -0.018014 -3.99786e-05 -3.44151e-05 -0.018014 0.0890675 -4.16511e-05 0.000344462 -3.99786e-05 -4.16511e-05 0.00981948 -0.0179749 -3.44151e-05 0.000344462 -0.0179749 0.0887567 
0.00978203 -0.0180031 -7.29269e-05 -2.0789e-05 -0.0180031 0.0890571 -2.61753e-05 0.000320052 -7.29269e-05 -2.61753e-05 0.00983795 -0.0180011 -2.0789e-05 0.000320052 -0.0180011 0.0888451 
0.00981502 -0.0180197 -7.64797e-05 1.43142e-05 -0.0180197 0.0891419 9.73168e-06 0.000260555 -7.64797e-05 9.73168e-06 0.00984113 -0.0180435 1.43142e-05 0.000260555 -0.0180435 0.0890097 
0.00977649 -0.0179883 -6.17546e-05 1.73014e-05 -0.0179883 0.088893 1.69047e-05 0.000222745 -6.17546e-05 1.69047e-05 0.00983817 -0.0179778 1.73014e-05 0.000222745 -0.0179778 0.0887425 
0.00978611 -0.0180165 -5.57988e-05 -3.64329e-06 -0.0180165 0.0890854 4.34674e-07 0.000245775 -5.57988e-05 4.34674e-07 0.00987445 -0.0180535 -3.64329e-06 0.000245775 -0.0180535 0.0889931 
0.00980467 -0.0180176 -4.51002e-05 -1.22655e-05 -0.0180176 0.0891426 -5.71178e-06 0.000272128 -4.51002e-05 -5.71178e-06 0.00987712 -0.0181002 -1.22655e-05 0.000272128 -0.0181002 0.0891788 
0.00981094 -0.0180294 -3.41433e-05 -2.55134e-05 -0.0180294 0.0891555 -1.70868e-05 0.000298639 -3.41433e-05 -1.70868e-05 0.00988034 -0.0180978 -2.55134e-05 0.000298639 -0.0180978 0.0892324 
0.00980505 -0.0179981 -1.65632e-05 -4.05034e-05 -0.0179981 0.0889805 -3.21188e-05 0.000335372 -1.65632e-05 -3.21188e-05 0.00985498 -0.0180563 -4.05034e-05 0.000335372 -0.0180563 0.0890386 
0.00980699 -0.0180146 -6.7293e-06 -6.2264e-05 -0.0180146 0.0890051 -5.64854e-05 0.000388857 -6.7293e-06 -5.64854e-05 0.0098518 -0.0180489 -6.2264e-05 0.000388857 -0.0180489 0.0890194 
0.00983648 -0.01807 -1.42873e-06 -7.22171e-05 -0.01807 0.0892711 -6.96132e-05 0.000431142 -1.42873e-06 -6.96132e-05 0.00985899 -0.0180881 -7.22171e-05 0.000431142 -0.0180881 0.0892255 
0.00987909 -0.0181308 -1.99264e-05 -7.65604e-05 -0.0181308 0.0895569 -7.66818e-05 0.00045345 -1.99264e-05 -7.66818e-05 0.00986773 -0.0181103 -7.65604e-05 0.00045345 -0.0181103 0.0894128 
0.00990056 -0.0181852 -4.19415e-05 -5.40746e-05 -0.0181852 0.089785 -5.51568e-05 0.000429166 -4.19415e-05 -5.51568e-05 0.00987443 -0.0181244 -5.40746e-05 0.000429166 -0.0181244 0.0895341 
0.0099293 -0.0182476 -4.4346e-05 -2.60905e-05 -0.0182476 0.0901039 -2.71049e-05 0.000368855 -4.4346e-05 -2.71049e-05 0.00989908 -0.0181613 -2.60905e-05 0.000368855 -0.0181613 0.0897595 
0.0099182 -0.0182349 -3.07832e-05 -2.53594e-05 -0.0182349 0.0900762 -2.44665e-05 0.000340498 -3.07832e-05 -2.44665e-05 0.00990027 -0.0181503 -2.53594e-05 0.000340498 -0.0181503 0.0897088 
0.00985452 -0.0181049 -3.45666e-05 -4.31569e-05 -0.0181049 0.0894837 -3.94042e-05 0.000357814 -3.45666e-05 -3.94042e-05 0.00984988 -0.0180491 -4.31569e-05 0.000357814 -0.0180491 0.0891758 
0.00982604 -0.0180687 -4.32056e-05 -4.09544e-05 -0.0180687 0.0893019 -3.88679e-05 0.0003727 -4.32056e-05 -3.88679e-05 0.009851 -0.0180327 -4.09544e-05 0.0003727 -0.0180327 0.0890606 
0.00978758 -0.018001 -5.95569e-05 -2.46309e-05 -0.018001 0.0890059 -2.82565e-05 0.000349972 -5.95569e-05 -2.82565e-05 0.00985009 -0.0180049 -2.46309e-05 0.000349972 -0.0180049 0.0888601 
0.00978615 -0.0179841 -6.21786e-05 1.11496e-06 -0.0179841 0.0889445 -8.21164e-06 0.000299185 -6.21786e-05 -8.21164e-06 0.00986099 -0.0180359 1.11496e-06 0.000299185 -0.0180359 0.0889179 
0.00981226 -0.0180343 -5.89166e-05 5.72516e-06 -0.0180343 0.0891646 -5.48448e-06 0.00027129 -5.89166e-05 -5.48448e-06 0.00989143 -0.0181012 5.72516e-06 0.00027129 -0.0181012 0.0892128 
0.00982867 -0.0180535 -6.57385e-05 1.51877e-06 -0.0180535 0.0892471 -6.76854e-06 0.000264939 -6.57385e-05 -6.76854e-06 0.00988849 -0.01812 1.51877e-06 0.000264939 -0.01812 0.0893106 
0.00983178 -0.0180914 -6.15807e-05 5.32711e-06 -0.0180914 0.0894035 3.75125e-06 0.000255456 -6.15807e-05 3.75125e-06 0.0098991 -0.0181316 5.32711e-06 0.000255456 -0.0181316 0.0894252 
0.00983422 -0.0180626 -4.88247e-05 -9.96813e-07 -0.0180626 0.0893171 3.56056e-06 0.000251913 -4.88247e-05 3.56056e-06 0.00987483 -0.0181079 -9.96813e-07 0.000251913 -0.0181079 0.0893179 
0.00983769 -0.0180455 -2.94903e-05 -1.83568e-05 -0.0180455 0.0891936 -1.20868e-05 0.000278132 -2.94903e-05 -1.20868e-05 0.00984687 -0.0180676 -1.83568e-05 0.000278132 -0.0180676 0.0891667 
0.00981792 -0.0180337 -2.5801e-05 -4.4118e-05 -0.0180337 0.0890674 -3.76366e-05 0.000333593 -2.5801e-05 -3.76366e-05 0.0098381 -0.0180174 -4.4118e-05 0.000333593 -0.0180174 0.0889634 
0.00982601 -0.0180398 -3.98133e-05 -4.89744e-05 -0.0180398 0.0891157 -4.24132e-05 0.000366549 -3.98133e-05 -4.24132e-05 0.00983781 -0.0180327 -4.89744e-05 0.000366549 -0.0180327 0.0889859 
0.00983936 -0.0180825 -4.75831e-05 -3.40652e-05 -0.0180825 0.0893112 -2.91302e-05 0.000357604 -4.75831e-05 -2.91302e-05 0.00985934 -0.0180685 -3.40652e-05 0.000357604 -0.0180685 0.0891739 
0.0098775 -0.018151 -1.87193e-05 -2.48407e-05 -0.018151 0.0896795 -2.41292e-05 0.000342786 -1.87193e-05 -2.41292e-05 0.0098928 -0.0181449 -2.48407e-05 0.000342786 -0.0181449 0.089548 
0.00989573 -0.0181924 4.52023e-06 -5.97788e-05 -0.0181924 0.0898935 -6.16111e-05 0.000394348 4.52023e-06 -6.16111e-05 0.00992035 -0.0181777 -5.97788e-05 0.000394348 -0.0181777 0.0897491 
0.00990034 -0.0182072 1.98748e-05 -9.18093e-05 -0.0182072 0.0899842 -9.34759e-05 0.000477656 1.98748e-05 -9.34759e-05 0.00994034 -0.0181951 -9.18093e-05 0.000477656 -0.0181951 0.0898242 
0.00987543 -0.0181754 -4.19356e-06 -0.000113566 -0.0181754 0.0898537 -0.000111306 0.000545171 -4.19356e-06 -0.000111306 0.00996176 -0.0181828 -0.000113566 0.000545171 -0.0181828 0.0897187 
0.00988034 -0.0181934 -4.32859e-05 -8.57815e-05 -0.0181934 0.0899949 -7.98087e-05 0.000526805 -4.32859e-05 -7.98087e-05 0.00999926 -0.0182642 -8.57815e-05 0.000526805 -0.0182642 0.089979 
0.00988364 -0.0181319 -7.8945e-05 -3.52386e-05 -0.0181319 0.0897356 -2.8059e-05 0.000425512 -7.8945e-05 -2.8059e-05 0.00996205 -0.0182487 -3.52386e-05 0.000425512 -0.0182487 0.0898595 
0.00989823 -0.0181367 -8.96244e-05 1.32903e-05 -0.0181367 0.0896372 1.78213e-05 0.000301893 -8.96244e-05 1.78213e-05 0.00992332 -0.0182119 1.32903e-05 0.000301893 -0.0182119 0.0897647 
0.00991443 -0.0181818 -7.82561e-05 2.66882e-05 -0.0181818 0.0897496 2.64357e-05 0.000237727 -7.82561e-05 2.64357e-05 0.00991267 -0.0181836 2.66882e-05 0.000237727 -0.0181836 0.0897389 
0.00996348 -0.0182597 -6.01107e-05 1.30833e-05 -0.0182597 0.0901158 1.12635e-05 0.000243519 -6.01107e-05 1.12635e-05 0.00991872 -0.0182253 1.30833e-05 0.000243519 -0.0182253 0.0899781 
0.00993347 -0.0182459 -4.01492e-05 -1.34975e-05 -0.0182459 0.0899977 -1.14396e-05 0.000291925 -4.01492e-05 -1.14396e-05 0.00990859 -0.0181517 -1.34975e-05 0.000291925 -0.0181517 0.0897136 
0.00992271 -0.0182334 -2.19649e-05 -4.23046e-05 -0.0182334 0.0900007 -3.64002e-05 0.000358475 -2.19649e-05 -3.64002e-05 0.00992131 -0.0181564 -4.23046e-05 0.000358475 -0.0181564 0.0896699 
0.00994555 -0.0182813 -2.85467e-05 -6.75559e-05 -0.0182813 0.0902892 -5.95342e-05 0.000428111 -2.85467e-05 -5.95342e-05 0.00997515 -0.0182464 -6.75559e-05 0.000428111 -0.0182464 0.0900365 
0.00993698 -0.0182495 -3.69433e-05 -6.10106e-05 -0.0182495 0.0901758 -5.32276e-05 0.000447227 -3.69433e-05 -5.32276e-05 0.00998278 -0.0182595 -6.10106e-05 0.000447227 -0.0182595 0.0900416 
0.00993605 -0.0182452 -2.67124e-05 -5.01122e-05 -0.0182452 0.0901427 -4.47678e-05 0.000435347 -2.67124e-05 -4.47678e-05 0.0099942 -0.0182789 -5.01122e-05 0.000435347 -0.0182789 0.0901021 
0.00997487 -0.0182665 -1.85007e-05 -6.12672e-05 -0.0182665 0.0902356 -6.26916e-05 0.000454623 -1.85007e-05 -6.26916e-05 0.00998016 -0.0183134 -6.12672e-05 0.000454623 -0.0183134 0.0902477 
0.00998955 -0.0182687 -2.36419e-05 -7.20796e-05 -0.0182687 0.0901387 -7.33461e-05 0.000484979 -2.36419e-05 -7.33461e-05 0.00994677 -0.0182613 -7.20796e-05 0.000484979 -0.0182613 0.0901009 
0.0100181 -0.0183264 -1.9462e-05 -7.03456e-05 -0.0183264 0.090322 -6.60173e-05 0.000493521 -1.9462e-05 -6.60173e-05 0.00994672 -0.0182634 -7.03456e-05 0.000493521 -0.0182634 0.0901701 
0.0100222 -0.0183282 -2.75636e-06 -7.70634e-05 -0.0183282 0.0902914 -6.70798e-05 0.000498275 -2.75636e-06 -6.70798e-05 0.00991447 -0.0182269 -7.70634e-05 0.000498275 -0.0182269 0.0900299 
0.0100446 -0.0183873 -1.87223e-05 -9.57938e-05 -0.0183873 0.0905424 -8.24674e-05 0.000524824 -1.87223e-05 -8.24674e-05 0.00992132 -0.0182385 -9.57938e-05 0.000524824 -0.0182385 0.0901633 
0.0100454 -0.0184383 -3.89974e-05 -7.6776e-05 -0.0184383 0.0908071 -6.43526e-05 0.0005113 -3.89974e-05 -6.43526e-05 0.00995324 -0.0182628 -7.6776e-05 0.0005113 -0.0182628 0.0903308 
0.010044 -0.0184562 -4.88857e-05 -4.68605e-05 -0.0184562 0.0910086 -3.90526e-05 0.00045316 -4.88857e-05 -3.90526e-05 0.00999538 -0.0183145 -4.68605e-05 0.00045316 -0.0183145 0.0905434 
0.0100326 -0.0184267 -4.89262e-05 -2.71636e-05 -0.0184267 0.0909737 -2.49424e-05 0.000392989 -4.89262e-05 -2.49424e-05 0.0100081 -0.0183459 -2.71636e-05 0.000392989 -0.0183459 0.0906287 
0.0100197 -0.0183713 -7.81143e-05 -2.35375e-05 -0.0183713 0.0907432 -2.52183e-05 0.000365334 -7.81143e-05 -2.52183e-05 0.00999591 -0.0183271 -2.35375e-05 0.000365334 -0.0183271 0.0905195 
0.00999598 -0.0183095 -7.72974e-05 1.22863e-05 -0.0183095 0.0903931 8.82153e-06 0.000303832 -7.72974e-05 8.82153e-06 0.00995812 -0.0182634 1.22863e-05 0.000303832 -0.0182634 0.0902111 
0.00996713 -0.0182866 -6.61862e-05 1.50677e-05 -0.0182866 0.0902205 1.17382e-05 0.000261724 -6.61862e-05 1.17382e-05 0.00995061 -0.0182221 1.50677e-05 0.000261724 -0.0182221 0.0900169 
