0.0066063 0 4.53613e-05 0 0 0.00928897 0 0 4.53613e-05 0 0.0064978 0 0 0 0 0.00928897 
0.00971021 -0.0120521 3.65851e-05 -4.21638e-05 -0.0120521 0.0319473 -4.21638e-05 8.02404e-05 3.65851e-05 -4.21638e-05 0.00954727 -0.0118514 -4.21638e-05 8.02404e-05 -0.0118514 0.0315624 
0.00994253 -0.0185215 5.54136e-06 6.00909e-05 -0.0185215 0.0682196 6.00909e-05 -0.000223486 5.54136e-06 6.00909e-05 0.00980873 -0.0182389 6.00909e-05 -0.000223486 -0.0182389 0.0673164 
0.00936851 -0.0182227 -1.13102e-06 0.000182336 -0.0182227 0.0816765 0.000184061 -0.000977537 -1.13102e-06 0.000184061 0.00937108 -0.0179933 0.000182336 -0.000977537 -0.0179933 0.0807101 
0.00908849 -0.0171876 8.23329e-06 0.000156137 -0.0171876 0.0831284 0.000163951 -0.00119768 8.23329e-06 0.000163951 0.00922165 -0.0171315 0.000156137 -0.00119768 -0.0171315 0.0824891 
0.00889442 -0.0164204 4.15048e-05 8.55312e-05 -0.0164204 0.0810805 9.54517e-05 -0.000912221 4.15048e-05 9.54517e-05 0.00901092 -0.0165548 8.55312e-05 -0.000912221 -0.0165548 0.0809961 
0.00940606 -0.0171954 5.25983e-05 2.31519e-05 -0.0171954 0.0850522 3.03827e-05 -0.000614564 5.25983e-05 3.03827e-05 0.00943039 -0.0173529 2.31519e-05 -0.000614564 -0.0173529 0.0852907 
0.00918606 -0.0167739 6.22879e-05 6.9543e-06 -0.0167739 0.082803 9.25569e-06 -0.000394158 6.22879e-05 9.25569e-06 0.00913814 -0.0168039 6.9543e-06 -0.000394158 -0.0168039 0.0829401 
0.00967979 -0.0176972 6.86571e-05 1.21387e-06 -0.0176972 0.087263 -3.0475e-06 -0.000322239 6.86571e-05 -3.0475e-06 0.00960885 -0.0176192 1.21387e-06 -0.000322239 -0.0176192 0.0871435 
0.00953897 -0.0174725 4.87139e-05 7.50078e-06 -0.0174725 0.0861387 -2.5749e-06 -0.000299312 4.87139e-05 -2.5749e-06 0.00949228 -0.0173638 7.50078e-06 -0.000299312 -0.0173638 0.0858571 
0.00943088 -0.0172747 2.92404e-05 3.48377e-05 -0.0172747 0.0852096 2.35133e-05 -0.000341379 2.92404e-05 2.35133e-05 0.00941047 -0.0171972 3.48377e-05 -0.000341379 -0.0171972 0.0849267 
0.00938621 -0.0172034 3.18061e-05 6.19425e-05 -0.0172034 0.0848662 5.3613e-05 -0.00041678 3.18061e-05 5.3613e-05 0.00938387 -0.0171649 6.19425e-05 -0.00041678 -0.0171649 0.0846655 
0.00933225 -0.0171453 2.06547e-05 5.71638e-05 -0.0171453 0.0845972 5.53283e-05 -0.00044997 2.06547e-05 5.53283e-05 0.00938105 -0.0171311 5.71638e-05 -0.00044997 -0.0171311 0.0844752 
0.00929401 -0.0170529 1.34486e-05 6.26682e-05 -0.0170529 0.0842375 6.82549e-05 -0.000465993 1.34486e-05 6.82549e-05 0.00934922 -0.0171043 6.26682e-05 -0.000465993 -0.0171043 0.0842537 
0.00926955 -0.0169864 1.95176e-05 6.47519e-05 -0.0169864 0.0838999 7.59068e-05 -0.000474352 1.95176e-05 7.59068e-05 0.0092969 -0.0170475 6.47519e-05 -0.000474352 -0.0170475 0.0839959 
0.00928311 -0.0170444 2.70766e-05 5.59056e-05 -0.0170444 0.0841349 6.56094e-05 -0.00046014 2.70766e-05 6.56094e-05 0.00930324 -0.0170705 5.59056e-05 -0.00046014 -0.0170705 0.0841975 
0.00929324 -0.0170318 3.85028e-05 4.437e-05 -0.0170318 0.0841255 5.04712e-05 -0.000423349 3.85028e-05 5.04712e-05 0.00928007 -0.0170481 4.437e-05 -0.000423349 -0.0170481 0.0841485 
0.00929281 -0.0170232 4.50511e-05 2.84698e-05 -0.0170232 0.0840351 3.15425e-05 -0.000375414 4.50511e-05 3.15425e-05 0.00925524 -0.016996 2.84698e-05 -0.000375414 -0.016996 0.083973 
0.00926635 -0.0170088 4.75641e-05 1.77641e-05 -0.0170088 0.0839139 2.27486e-05 -0.000334451 4.75641e-05 2.27486e-05 0.00924173 -0.0169378 1.77641e-05 -0.000334451 -0.0169378 0.0837249 
0.00926505 -0.0169939 4.06762e-05 1.37924e-05 -0.0169939 0.0838854 2.00155e-05 -0.000313003 4.06762e-05 2.00155e-05 0.00923119 -0.0169316 1.37924e-05 -0.000313003 -0.0169316 0.0836444 
0.00923716 -0.0169583 4.87356e-05 2.73858e-05 -0.0169583 0.0837001 3.06496e-05 -0.000328659 4.87356e-05 3.06496e-05 0.00922357 -0.0168888 2.73858e-05 -0.000328659 -0.0168888 0.0834385 
0.00923232 -0.0169643 5.72955e-05 2.01673e-05 -0.0169643 0.0837551 1.96885e-05 -0.000325824 5.72955e-05 1.96885e-05 0.00923542 -0.0169167 2.01673e-05 -0.000325824 -0.0169167 0.0835114 
0.00921196 -0.0169401 4.18449e-05 7.85943e-06 -0.0169401 0.0836781 8.49594e-06 -0.000300724 4.18449e-05 8.49594e-06 0.00923762 -0.0169144 7.85943e-06 -0.000300724 -0.0169144 0.083484 
0.00917015 -0.0168657 1.58778e-05 1.86532e-05 -0.0168657 0.0833699 2.191e-05 -0.000298284 1.58778e-05 2.191e-05 0.0092185 -0.0168766 1.86532e-05 -0.000298284 -0.0168766 0.0832664 
0.00914033 -0.0167776 -2.19421e-06 5.12137e-05 -0.0167776 0.0829722 5.44683e-05 -0.000351877 -2.19421e-06 5.44683e-05 0.00917098 -0.0168208 5.12137e-05 -0.000351877 -0.0168208 0.0829667 
0.00912894 -0.0167451 3.90779e-06 7.52655e-05 -0.0167451 0.0827544 7.63318e-05 -0.000412622 3.90779e-06 7.63318e-05 0.00913702 -0.0167676 7.52655e-05 -0.000412622 -0.0167676 0.0827612 
0.00913927 -0.0167817 1.48919e-05 6.6e-05 -0.0167817 0.0828731 6.46296e-05 -0.000415967 1.48919e-05 6.46296e-05 0.00914178 -0.0167643 6.6e-05 -0.000415967 -0.0167643 0.0827964 
0.00913497 -0.0167742 2.74504e-05 5.15043e-05 -0.0167742 0.0828418 4.74215e-05 -0.00038216 2.74504e-05 4.74215e-05 0.00912826 -0.0167449 5.15043e-05 -0.00038216 -0.0167449 0.0827 
0.00915169 -0.0168069 3.65803e-05 3.18464e-05 -0.0168069 0.083007 2.87824e-05 -0.000332767 3.65803e-05 2.87824e-05 0.00912638 -0.0167702 3.18464e-05 -0.000332767 -0.0167702 0.0828357 
0.0091772 -0.0168385 4.72814e-05 1.51119e-05 -0.0168385 0.0831684 2.04964e-05 -0.000289227 4.72814e-05 2.04964e-05 0.00912957 -0.0167797 1.51119e-05 -0.000289227 -0.0167797 0.0829511 
0.00918838 -0.0168796 4.49083e-05 4.11436e-06 -0.0168796 0.0833427 1.45223e-05 -0.000265934 4.49083e-05 1.45223e-05 0.00915759 -0.0167948 4.11436e-06 -0.000265934 -0.0167948 0.0830673 
0.00920433 -0.0169018 3.5181e-05 1.10238e-05 -0.0169018 0.0834788 1.62719e-05 -0.000266338 3.5181e-05 1.62719e-05 0.0091843 -0.0168309 1.10238e-05 -0.000266338 -0.0168309 0.0831903 
0.00920095 -0.0169245 4.69169e-05 3.12894e-05 -0.0169245 0.0835829 2.94568e-05 -0.000301082 4.69169e-05 2.94568e-05 0.00922534 -0.0168653 3.12894e-05 -0.000301082 -0.0168653 0.0833115 
0.00920074 -0.0168892 5.00815e-05 1.84703e-05 -0.0168892 0.0834744 1.53754e-05 -0.000299292 5.00815e-05 1.53754e-05 0.00921968 -0.0168883 1.84703e-05 -0.000299292 -0.0168883 0.0833062 
0.0091898 -0.0169057 4.53879e-05 1.38074e-05 -0.0169057 0.0835195 1.06094e-05 -0.000285762 4.53879e-05 1.06094e-05 0.0092363 -0.0169131 1.38074e-05 -0.000285762 -0.0169131 0.0834316 
0.0091917 -0.0169394 4.91001e-05 1.95443e-05 -0.0169394 0.0837519 1.45725e-05 -0.000289093 4.91001e-05 1.45725e-05 0.00927419 -0.0169756 1.95443e-05 -0.000289093 -0.0169756 0.083727 
0.00919563 -0.0169039 3.94701e-05 1.74566e-05 -0.0169039 0.0836775 9.5751e-06 -0.000288726 3.94701e-05 9.5751e-06 0.00925012 -0.0169835 1.74566e-05 -0.000288726 -0.0169835 0.083748 
0.00918538 -0.0168876 3.19243e-05 2.77913e-05 -0.0168876 0.083556 1.82139e-05 -0.00029785 3.19243e-05 1.82139e-05 0.00922959 -0.0169359 2.77913e-05 -0.00029785 -0.0169359 0.0836259 
0.00914666 -0.0167978 2.77806e-05 3.43527e-05 -0.0167978 0.0831126 2.75096e-05 -0.000313497 2.77806e-05 2.75096e-05 0.00917888 -0.016833 3.43527e-05 -0.000313497 -0.016833 0.0831479 
0.00914038 -0.016776 2.17776e-05 3.72386e-05 -0.016776 0.0829609 3.46773e-05 -0.000327701 2.17776e-05 3.46773e-05 0.00915737 -0.0167954 3.72386e-05 -0.000327701 -0.0167954 0.0829587 
0.00914397 -0.0167407 2.88722e-05 4.23722e-05 -0.0167407 0.0827421 4.24871e-05 -0.000340166 2.88722e-05 4.24871e-05 0.00910748 -0.016743 4.23722e-05 -0.000340166 -0.016743 0.0827013 
0.00914542 -0.0167366 2.30901e-05 3.14199e-05 -0.0167366 0.0826013 3.1658e-05 -0.000324546 2.30901e-05 3.1658e-05 0.00906383 -0.0166744 3.14199e-05 -0.000324546 -0.0166744 0.0824479 
0.00914727 -0.0167655 1.27738e-05 3.87356e-05 -0.0167655 0.0826619 3.92468e-05 -0.000326653 1.27738e-05 3.92468e-05 0.00905111 -0.0166412 3.87356e-05 -0.000326653 -0.0166412 0.0823498 
0.00918143 -0.0168363 8.04954e-06 5.26895e-05 -0.0168363 0.0830206 5.51606e-05 -0.000357247 8.04954e-06 5.51606e-05 0.00907462 -0.0166904 5.26895e-05 -0.000357247 -0.0166904 0.0826047 
0.0091992 -0.0168934 4.29068e-06 5.67857e-05 -0.0168934 0.0833221 6.19065e-05 -0.000379365 4.29068e-06 6.19065e-05 0.00910765 -0.0167386 5.67857e-05 -0.000379365 -0.0167386 0.0828629 
0.00924577 -0.0169409 8.8343e-06 6.17962e-05 -0.0169409 0.0836226 7.043e-05 -0.000400424 8.8343e-06 7.043e-05 0.0091241 -0.0168065 6.17962e-05 -0.000400424 -0.0168065 0.0831844 
0.00927324 -0.0169582 2.4124e-05 5.43333e-05 -0.0169582 0.0836522 6.4617e-05 -0.000396875 2.4124e-05 6.4617e-05 0.00910892 -0.0167856 5.43333e-05 -0.000396875 -0.0167856 0.0831693 
0.0092742 -0.0169835 1.86878e-05 3.63083e-05 -0.0169835 0.0836765 4.44281e-05 -0.000362973 1.86878e-05 4.44281e-05 0.00911107 -0.0167495 3.63083e-05 -0.000362973 -0.0167495 0.0830576 
0.00924673 -0.0169969 2.25288e-05 4.43932e-05 -0.0169969 0.0837498 4.59615e-05 -0.000351326 2.25288e-05 4.59615e-05 0.00915021 -0.0167639 4.43932e-05 -0.000351326 -0.0167639 0.0830683 
0.00921214 -0.0169563 3.57197e-05 4.51421e-05 -0.0169563 0.0836943 4.14637e-05 -0.000350839 3.57197e-05 4.14637e-05 0.00918519 -0.01681 4.51421e-05 -0.000350839 -0.01681 0.0831388 
0.00916104 -0.0168373 4.63627e-05 3.07225e-05 -0.0168373 0.0832333 2.27623e-05 -0.000323551 4.63627e-05 2.27623e-05 0.00917741 -0.0167898 3.07225e-05 -0.000323551 -0.0167898 0.0829175 
0.00916875 -0.0168305 4.27246e-05 1.68835e-05 -0.0168305 0.0832151 5.57395e-06 -0.000285467 4.27246e-05 5.57395e-06 0.00919747 -0.0168505 1.68835e-05 -0.000285467 -0.0168505 0.0831295 
0.00919961 -0.0168534 3.46359e-05 2.097e-05 -0.0168534 0.0832952 7.46413e-06 -0.000272432 3.46359e-05 7.46413e-06 0.00920573 -0.0168932 2.097e-05 -0.000272432 -0.0168932 0.0833361 
0.00926475 -0.0169201 4.22962e-05 3.37946e-05 -0.0169201 0.0835313 2.02335e-05 -0.000295216 4.22962e-05 2.02335e-05 0.00919086 -0.0169291 3.37946e-05 -0.000295216 -0.0169291 0.0835654 
0.00927179 -0.0169499 5.90918e-05 2.68085e-05 -0.0169499 0.083519 1.42719e-05 -0.000299383 5.90918e-05 1.42719e-05 0.00915939 -0.0168601 2.68085e-05 -0.000299383 -0.0168601 0.0833862 
0.00926194 -0.0169715 6.55435e-05 8.64862e-06 -0.0169715 0.0835876 -3.53324e-06 -0.000274327 6.55435e-05 -3.53324e-06 0.00915802 -0.0168306 8.64862e-06 -0.000274327 -0.0168306 0.0832871 
0.00924612 -0.0169692 7.21924e-05 4.11671e-07 -0.0169692 0.0836359 -1.12773e-05 -0.000249333 7.21924e-05 -1.12773e-05 0.00917558 -0.0168368 4.11671e-07 -0.000249333 -0.0168368 0.0832867 
0.00921957 -0.0169066 7.74061e-05 -5.71972e-06 -0.0169066 0.0834115 -1.52548e-05 -0.000237354 7.74061e-05 -1.52548e-05 0.00916389 -0.016819 -5.71972e-06 -0.000237354 -0.016819 0.0831307 
0.00920696 -0.0168938 6.7739e-05 -1.43785e-05 -0.0168938 0.0833672 -2.07758e-05 -0.000223363 6.7739e-05 -2.07758e-05 0.00917208 -0.0168393 -1.43785e-05 -0.000223363 -0.0168393 0.0831967 
0.00919091 -0.016882 5.04634e-05 -7.27753e-06 -0.016882 0.0833474 -7.27326e-06 -0.000231402 5.04634e-05 -7.27326e-06 0.00918225 -0.0168561 -7.27753e-06 -0.000231402 -0.0168561 0.0832703 
0.00915178 -0.0168445 3.59522e-05 1.03962e-05 -0.0168445 0.0832186 1.36878e-05 -0.000264843 3.59522e-05 1.36878e-05 0.00919856 -0.0168448 1.03962e-05 -0.000264843 -0.0168448 0.0832124 
0.0091419 -0.016809 1.7269e-05 2.71286e-05 -0.016809 0.0831563 2.81566e-05 -0.000301463 1.7269e-05 2.81566e-05 0.00920509 -0.0168802 2.71286e-05 -0.000301463 -0.0168802 0.0832917 
0.00913079 -0.0167743 6.8961e-06 5.01496e-05 -0.0167743 0.0830032 4.82572e-05 -0.00034586 6.8961e-06 4.82572e-05 0.00919563 -0.0168686 5.01496e-05 -0.00034586 -0.0168686 0.0832458 
0.00912424 -0.0167274 1.31129e-05 6.27774e-05 -0.0167274 0.082753 5.98295e-05 -0.000382586 1.31129e-05 5.98295e-05 0.00915547 -0.0168209 6.27774e-05 -0.000382586 -0.0168209 0.0830256 
0.00909328 -0.0166531 4.0587e-05 5.41401e-05 -0.0166531 0.0823015 5.12636e-05 -0.000379313 4.0587e-05 5.12636e-05 0.00909639 -0.0167045 5.41401e-05 -0.000379313 -0.0167045 0.0825153 
0.00906438 -0.0166418 5.78536e-05 1.83397e-05 -0.0166418 0.0821573 1.60439e-05 -0.000316016 5.78536e-05 1.60439e-05 0.00907776 -0.0166491 1.83397e-05 -0.000316016 -0.0166491 0.0822562 
0.00904933 -0.0166673 4.83646e-05 -7.10663e-06 -0.0166673 0.0823301 -7.6111e-06 -0.000242145 4.83646e-05 -7.6111e-06 0.00910509 -0.0166874 -7.10663e-06 -0.000242145 -0.0166874 0.0824007 
0.00901956 -0.0165939 3.08044e-05 -7.61e-07 -0.0165939 0.0821062 -3.57509e-07 -0.000216619 3.08044e-05 -3.57509e-07 0.0090877 -0.0166715 -7.61e-07 -0.000216619 -0.0166715 0.0822706 
0.0096906 -0.0177454 3.9366e-05 2.48772e-05 -0.0177454 0.0878376 2.38253e-05 -0.000266271 3.9366e-05 2.38253e-05 0.00969695 -0.0178578 2.48772e-05 -0.000266271 -0.0178578 0.0881285 
0.00908053 -0.0166022 3.43557e-05 2.06808e-05 -0.0166022 0.0820323 1.93998e-05 -0.000267815 3.43557e-05 1.93998e-05 0.00901647 -0.0166413 2.06808e-05 -0.000267815 -0.0166413 0.0822598 
0.00910119 -0.0166771 3.08754e-05 2.16048e-05 -0.0166771 0.0822707 2.42546e-05 -0.000275425 3.08754e-05 2.42546e-05 0.00901995 -0.0166197 2.16048e-05 -0.000275425 -0.0166197 0.0823019 
0.00910171 -0.0167323 2.47599e-05 2.60503e-05 -0.0167323 0.0825517 3.03353e-05 -0.000288506 2.47599e-05 3.03353e-05 0.00905298 -0.0166387 2.60503e-05 -0.000288506 -0.0166387 0.0824178 
0.00908435 -0.0167313 1.38091e-05 3.56644e-05 -0.0167313 0.0826655 4.06036e-05 -0.000312727 1.38091e-05 4.06036e-05 0.00908642 -0.0166745 3.56644e-05 -0.000312727 -0.0166745 0.082525 
0.00906885 -0.0166647 2.44439e-05 4.65108e-05 -0.0166647 0.0824546 5.23252e-05 -0.000337488 2.44439e-05 5.23252e-05 0.00907792 -0.0166657 4.65108e-05 -0.000337488 -0.0166657 0.082409 
0.00906713 -0.0166325 5.47135e-05 3.05666e-05 -0.0166325 0.082272 3.76812e-05 -0.000321656 5.47135e-05 3.76812e-05 0.00906443 -0.0166468 3.05666e-05 -0.000321656 -0.0166468 0.0822966 
0.00906041 -0.0166258 6.14697e-05 -7.2326e-06 -0.0166258 0.0821699 9.06274e-07 -0.00025303 6.14697e-05 9.06274e-07 0.00906012 -0.016627 -7.2326e-06 -0.00025303 -0.016627 0.0821928 
0.00912017 -0.016715 5.79893e-05 -1.53957e-05 -0.016715 0.0825908 -9.22659e-06 -0.00020536 5.79893e-05 -9.22659e-06 0.00908736 -0.016718 -1.53957e-05 -0.00020536 -0.016718 0.082606 
0.00913807 -0.0167653 4.52549e-05 -5.6921e-06 -0.0167653 0.0827775 -4.39319e-06 -0.000205415 4.52549e-05 -4.39319e-06 0.00910925 -0.0167293 -5.6921e-06 -0.000205415 -0.0167293 0.0827333 
0.00914707 -0.0168062 3.87439e-05 1.46537e-05 -0.0168062 0.082996 1.16504e-05 -0.000241954 3.87439e-05 1.16504e-05 0.00915635 -0.0167789 1.46537e-05 -0.000241954 -0.0167789 0.082938 
0.00917723 -0.0168336 4.79625e-05 2.60687e-05 -0.0168336 0.0831826 2.19445e-05 -0.000281296 4.79625e-05 2.19445e-05 0.00918522 -0.0168491 2.60687e-05 -0.000281296 -0.0168491 0.0831888 
0.00917316 -0.0168387 3.7766e-05 1.52436e-05 -0.0168387 0.0831665 1.284e-05 -0.000283208 3.7766e-05 1.284e-05 0.00919278 -0.016854 1.52436e-05 -0.000283208 -0.016854 0.0832096 
0.00918983 -0.0168428 2.84396e-05 2.50677e-05 -0.0168428 0.0831964 2.88453e-05 -0.000301602 2.84396e-05 2.88453e-05 0.00919169 -0.016871 2.50677e-05 -0.000301602 -0.016871 0.0832659 
0.00920435 -0.016859 2.03146e-05 3.7313e-05 -0.016859 0.0832109 4.61555e-05 -0.000339893 2.03146e-05 4.61555e-05 0.00919387 -0.0168589 3.7313e-05 -0.000339893 -0.0168589 0.0832397 
0.00920133 -0.0168762 1.76529e-05 4.69269e-05 -0.0168762 0.0832382 5.84019e-05 -0.000375584 1.76529e-05 5.84019e-05 0.00920892 -0.0168546 4.69269e-05 -0.000375584 -0.0168546 0.0831978 
0.00921242 -0.0168954 2.20315e-05 5.37819e-05 -0.0168954 0.0833538 6.2036e-05 -0.000402397 2.20315e-05 6.2036e-05 0.00921896 -0.0168959 5.37819e-05 -0.000402397 -0.0168959 0.0833186 
0.00923179 -0.0169527 3.19472e-05 5.37884e-05 -0.0169527 0.0836285 5.39644e-05 -0.000409292 3.19472e-05 5.39644e-05 0.00923932 -0.0169448 5.37884e-05 -0.000409292 -0.0169448 0.0835816 
0.00924187 -0.0169382 3.9183e-05 4.1486e-05 -0.0169382 0.0836029 3.67588e-05 -0.000383929 3.9183e-05 3.67588e-05 0.00922069 -0.0169293 4.1486e-05 -0.000383929 -0.0169293 0.083539 
0.00929037 -0.0169922 4.55972e-05 3.03298e-05 -0.0169922 0.0838275 2.55401e-05 -0.000351953 4.55972e-05 2.55401e-05 0.00921351 -0.0169556 3.03298e-05 -0.000351953 -0.0169556 0.0837228 
0.00932943 -0.0170648 4.88388e-05 2.28607e-05 -0.0170648 0.0840923 2.16454e-05 -0.000333294 4.88388e-05 2.16454e-05 0.00920613 -0.0169605 2.28607e-05 -0.000333294 -0.0169605 0.0838622 
0.00935633 -0.0171616 6.13097e-05 2.18435e-05 -0.0171616 0.0845311 1.99651e-05 -0.000327638 6.13097e-05 1.99651e-05 0.00925131 -0.0169971 2.18435e-05 -0.000327638 -0.0169971 0.0841438 
0.00933183 -0.0171362 6.41264e-05 1.02893e-05 -0.0171362 0.0845026 8.25511e-06 -0.000312408 6.41264e-05 8.25511e-06 0.00928413 -0.0169996 1.02893e-05 -0.000312408 -0.0169996 0.0841027 
0.00929427 -0.0170689 5.89655e-05 8.03363e-06 -0.0170689 0.084266 7.67271e-06 -0.000305212 5.89655e-05 7.67271e-06 0.00930628 -0.0170146 8.03363e-06 -0.000305212 -0.0170146 0.0840227 
0.00928322 -0.0170276 4.48378e-05 1.64897e-05 -0.0170276 0.0841127 1.52512e-05 -0.000320993 4.48378e-05 1.52512e-05 0.00932151 -0.0170524 1.64897e-05 -0.000320993 -0.0170524 0.084079 
0.00927184 -0.0170119 3.34608e-05 3.40335e-05 -0.0170119 0.0840175 2.85948e-05 -0.000351478 3.34608e-05 2.85948e-05 0.00933287 -0.0170746 3.40335e-05 -0.000351478 -0.0170746 0.0841392 
0.00928225 -0.0170218 4.68092e-05 4.67955e-05 -0.0170218 0.084077 3.75812e-05 -0.000378706 4.68092e-05 3.75812e-05 0.0093346 -0.0171166 4.67955e-05 -0.000378706 -0.0171166 0.0843097 
0.00926114 -0.0169647 5.00804e-05 2.89606e-05 -0.0169647 0.0837788 2.16043e-05 -0.000361253 5.00804e-05 2.16043e-05 0.00928447 -0.0170454 2.89606e-05 -0.000361253 -0.0170454 0.0840318 
0.00920882 -0.0169056 3.70154e-05 1.79161e-05 -0.0169056 0.0834339 1.56688e-05 -0.000328546 3.70154e-05 1.56688e-05 0.00924975 -0.016945 1.79161e-05 -0.000328546 -0.016945 0.0836171 
0.00917072 -0.0168436 2.71514e-05 3.01951e-05 -0.0168436 0.0831788 3.36948e-05 -0.000338003 2.71514e-05 3.36948e-05 0.00923108 -0.0168948 3.01951e-05 -0.000338003 -0.0168948 0.0833289 
0.00917005 -0.0167998 8.53847e-06 4.34695e-05 -0.0167998 0.0830016 4.89819e-05 -0.000370802 8.53847e-06 4.89819e-05 0.00919548 -0.0168792 4.34695e-05 -0.000370802 -0.0168792 0.0831955 
0.0092061 -0.0168697 -3.47706e-06 7.05508e-05 -0.0168697 0.0832689 7.38378e-05 -0.000429454 -3.47706e-06 7.38378e-05 0.00919974 -0.0169088 7.05508e-05 -0.000429454 -0.0169088 0.0834241 
0.00921451 -0.0168942 -1.89009e-05 8.82708e-05 -0.0168942 0.0833505 9.01239e-05 -0.000484414 -1.89009e-05 9.01239e-05 0.009183 -0.0168788 8.82708e-05 -0.000484414 -0.0168788 0.0833719 
0.00919714 -0.0168691 -3.1918e-05 0.000107795 -0.0168691 0.0832206 0.00010765 -0.000532911 -3.1918e-05 0.00010765 0.0091574 -0.0168118 0.000107795 -0.000532911 -0.0168118 0.0831005 
0.00922281 -0.01689 -1.26349e-05 0.000121102 -0.01689 0.0833303 0.000120142 -0.000568953 -1.26349e-05 0.000120142 0.00914212 -0.0168174 0.000121102 -0.000568953 -0.0168174 0.0831229 
0.00923865 -0.016902 2.24798e-05 9.57938e-05 -0.016902 0.0833329 9.42397e-05 -0.000539912 2.24798e-05 9.42397e-05 0.00911589 -0.0167802 9.57938e-05 -0.000539912 -0.0167802 0.0830186 
0.0092251 -0.0169031 2.23357e-05 4.88126e-05 -0.0169031 0.0832718 4.51454e-05 -0.000438657 2.23357e-05 4.51454e-05 0.00909292 -0.0167264 4.88126e-05 -0.000438657 -0.0167264 0.0828178 
0.00919555 -0.016904 1.09997e-05 4.4885e-05 -0.016904 0.0832972 4.09006e-05 -0.000378749 1.09997e-05 4.09006e-05 0.00912004 -0.0167115 4.4885e-05 -0.000378749 -0.0167115 0.0827548 
0.00918367 -0.0168654 2.77628e-05 6.0002e-05 -0.0168654 0.0832435 5.98734e-05 -0.000391901 2.77628e-05 5.98734e-05 0.00913734 -0.0167477 6.0002e-05 -0.000391901 -0.0167477 0.0827927 
0.00917846 -0.0168603 4.41203e-05 4.18233e-05 -0.0168603 0.0832518 4.49755e-05 -0.000382817 4.41203e-05 4.49755e-05 0.00916449 -0.0167944 4.18233e-05 -0.000382817 -0.0167944 0.0829567 
0.00921609 -0.0168835 5.47714e-05 1.70453e-05 -0.0168835 0.0834019 1.92208e-05 -0.000329176 5.47714e-05 1.92208e-05 0.00917864 -0.0168628 1.70453e-05 -0.000329176 -0.0168628 0.0832483 
0.00920709 -0.0168774 5.25312e-05 5.01581e-06 -0.0168774 0.0832888 4.10762e-06 -0.000281458 5.25312e-05 4.10762e-06 0.00916853 -0.016831 5.01581e-06 -0.000281458 -0.016831 0.0831593 
0.00923468 -0.0169153 5.31039e-05 7.57099e-06 -0.0169153 0.0834681 6.67099e-06 -0.00026836 5.31039e-05 6.67099e-06 0.00916911 -0.016868 7.57099e-06 -0.00026836 -0.016868 0.0833349 
0.00922228 -0.0169208 6.83893e-05 6.03425e-06 -0.0169208 0.083454 1.00541e-05 -0.00026939 6.83893e-05 1.00541e-05 0.00917498 -0.0168353 6.03425e-06 -0.00026939 -0.0168353 0.0832577 
0.00922156 -0.0169272 6.8006e-05 -1.2667e-05 -0.0169272 0.0835309 -5.79544e-06 -0.000245271 6.8006e-05 -5.79544e-06 0.00918994 -0.0168616 -1.2667e-05 -0.000245271 -0.0168616 0.0833296 
0.00919099 -0.0168725 6.81239e-05 -1.05234e-05 -0.0168725 0.0832995 -7.92011e-06 -0.000230387 6.81239e-05 -7.92011e-06 0.00918633 -0.0168304 -1.05234e-05 -0.000230387 -0.0168304 0.0831493 
0.00918653 -0.0168608 5.58113e-05 -7.95038e-06 -0.0168608 0.0832717 -1.1244e-05 -0.000227322 5.58113e-05 -1.1244e-05 0.00919602 -0.016862 -7.95038e-06 -0.000227322 -0.016862 0.0832252 
0.00921261 -0.0168774 4.70087e-05 7.43606e-06 -0.0168774 0.0833659 1.68057e-06 -0.000247456 4.70087e-05 1.68057e-06 0.00919633 -0.0169019 7.43606e-06 -0.000247456 -0.0169019 0.0834094 
0.00925157 -0.0169446 5.05603e-05 2.12256e-05 -0.0169446 0.0836391 1.51386e-05 -0.000282636 5.05603e-05 1.51386e-05 0.00920574 -0.0169419 2.12256e-05 -0.000282636 -0.0169419 0.0836828 
0.00925991 -0.016976 5.57143e-05 1.65641e-05 -0.016976 0.0837518 1.16632e-05 -0.000291102 5.57143e-05 1.16632e-05 0.00921426 -0.0169265 1.65641e-05 -0.000291102 -0.0169265 0.0837023 
0.00926651 -0.017006 6.46057e-05 6.67928e-06 -0.017006 0.0839181 4.71156e-06 -0.000275873 6.46057e-05 4.71156e-06 0.00923989 -0.0169535 6.67928e-06 -0.000275873 -0.0169535 0.0838174 
0.00924162 -0.0169704 5.94159e-05 -4.5014e-06 -0.0169704 0.0837913 -4.55213e-06 -0.000253408 5.94159e-05 -4.55213e-06 0.00924911 -0.0169424 -4.5014e-06 -0.000253408 -0.0169424 0.0837148 
0.00920143 -0.0169403 6.31965e-05 -3.72312e-07 -0.0169403 0.0836852 1.0132e-06 -0.00024988 6.31965e-05 1.0132e-06 0.00928009 -0.0169529 -3.72312e-07 -0.00024988 -0.0169529 0.083687 
0.00916962 -0.0168701 5.44817e-05 -3.86878e-06 -0.0168701 0.083459 -2.22557e-07 -0.000250405 5.44817e-05 -2.22557e-07 0.00928478 -0.0169727 -3.86878e-06 -0.000250405 -0.0169727 0.0836379 
0.00916946 -0.0168182 5.28474e-05 5.91706e-06 -0.0168182 0.0832365 1.10859e-05 -0.00026643 5.28474e-05 1.10859e-05 0.00925598 -0.0169728 5.91706e-06 -0.00026643 -0.0169728 0.0835864 
0.00920362 -0.016886 5.11499e-05 1.00784e-05 -0.016886 0.0834762 1.45649e-05 -0.000283839 5.11499e-05 1.45649e-05 0.00926583 -0.0170078 1.00784e-05 -0.000283839 -0.0170078 0.0838428 
0.00923621 -0.0169368 5.21231e-05 1.203e-05 -0.0169368 0.0836986 1.7005e-05 -0.000293861 5.21231e-05 1.7005e-05 0.00927122 -0.0170251 1.203e-05 -0.000293861 -0.0170251 0.0839984 
0.00921113 -0.0168893 4.99579e-05 8.93949e-06 -0.0168893 0.0834337 1.41131e-05 -0.000289167 4.99579e-05 1.41131e-05 0.00924154 -0.0169452 8.93949e-06 -0.000289167 -0.0169452 0.0836539 
0.00919309 -0.0168468 3.42758e-05 1.22711e-05 -0.0168468 0.0832035 1.63147e-05 -0.000291059 3.42758e-05 1.63147e-05 0.00922631 -0.016893 1.22711e-05 -0.000291059 -0.016893 0.0833665 
0.00923223 -0.0168722 1.41649e-05 3.71027e-05 -0.0168722 0.0832831 3.82658e-05 -0.000334584 1.41649e-05 3.82658e-05 0.00920559 -0.0169167 3.71027e-05 -0.000334584 -0.0169167 0.08342 
0.0092624 -0.0169306 1.64093e-05 6.90216e-05 -0.0169306 0.0834347 6.55469e-05 -0.000408762 1.64093e-05 6.55469e-05 0.00919669 -0.0168997 6.90216e-05 -0.000408762 -0.0168997 0.0834442 
0.00928429 -0.0170451 1.51208e-05 7.26108e-05 -0.0170451 0.0839308 6.75235e-05 -0.000454362 1.51208e-05 6.75235e-05 0.0092524 -0.0169554 7.26108e-05 -0.000454362 -0.0169554 0.083769 
0.00930119 -0.0170695 1.71237e-05 7.46988e-05 -0.0170695 0.0841857 6.75927e-05 -0.000469739 1.71237e-05 6.75927e-05 0.00929014 -0.0170237 7.46988e-05 -0.000469739 -0.0170237 0.084024 
0.00928344 -0.0170757 2.18227e-05 7.05717e-05 -0.0170757 0.0842607 6.15282e-05 -0.000463748 2.18227e-05 6.15282e-05 0.00933513 -0.0170622 7.05717e-05 -0.000463748 -0.0170622 0.0841802 
0.00930609 -0.0171156 3.46455e-05 6.22252e-05 -0.0171156 0.0845771 5.29225e-05 -0.000445208 3.46455e-05 5.29225e-05 0.00939332 -0.0171845 6.22252e-05 -0.000445208 -0.0171845 0.0846644 
0.00932136 -0.0170967 3.43839e-05 4.45877e-05 -0.0170967 0.0845476 3.93479e-05 -0.000411652 3.43839e-05 3.93479e-05 0.00938551 -0.0172176 4.45877e-05 -0.000411652 -0.0172176 0.0848063 
0.00934135 -0.0170989 4.01309e-05 4.42171e-05 -0.0170989 0.0845017 4.23266e-05 -0.000398443 4.01309e-05 4.23266e-05 0.00936804 -0.0172009 4.42171e-05 -0.000398443 -0.0172009 0.0848124 
0.00936528 -0.0171136 3.56843e-05 3.71802e-05 -0.0171136 0.0844799 3.32252e-05 -0.00038364 3.56843e-05 3.32252e-05 0.00934322 -0.0171673 3.71802e-05 -0.00038364 -0.0171673 0.0847223 
0.00936039 -0.0171066 2.50969e-05 4.24376e-05 -0.0171066 0.084333 3.49868e-05 -0.000378988 2.50969e-05 3.49868e-05 0.00930759 -0.017094 4.24376e-05 -0.000378988 -0.017094 0.0844317 
0.00937122 -0.0171537 2.62006e-05 5.43738e-05 -0.0171537 0.0845171 4.58529e-05 -0.000396114 2.62006e-05 4.58529e-05 0.00930857 -0.0171053 5.43738e-05 -0.000396114 -0.0171053 0.0845011 
0.00938731 -0.0171357 4.01769e-05 5.5282e-05 -0.0171357 0.0844592 4.69672e-05 -0.000408663 4.01769e-05 4.69672e-05 0.00927074 -0.017075 5.5282e-05 -0.000408663 -0.017075 0.0843821 
0.00939047 -0.017151 3.52757e-05 4.15756e-05 -0.017151 0.0844425 3.09732e-05 -0.000392138 3.52757e-05 3.09732e-05 0.00924951 -0.0170289 4.15756e-05 -0.000392138 -0.0170289 0.0842594 
0.00937329 -0.017148 2.92433e-05 4.49491e-05 -0.017148 0.0844044 3.5881e-05 -0.000385057 2.92433e-05 3.5881e-05 0.00924477 -0.0169907 4.49491e-05 -0.000385057 -0.0169907 0.0841082 
0.00934332 -0.0171291 2.18954e-05 4.52257e-05 -0.0171291 0.0843579 4.40099e-05 -0.000390126 2.18954e-05 4.40099e-05 0.00925585 -0.016985 4.52257e-05 -0.000390126 -0.016985 0.0840387 
0.00929075 -0.0170816 3.30558e-05 4.84408e-05 -0.0170816 0.0842254 5.24307e-05 -0.000396014 3.30558e-05 5.24307e-05 0.00927638 -0.0169904 4.84408e-05 -0.000396014 -0.0169904 0.0839913 
0.00924689 -0.0169896 4.80446e-05 3.32135e-05 -0.0169896 0.0839409 3.93932e-05 -0.000374608 4.80446e-05 3.93932e-05 0.00927647 -0.0169997 3.32135e-05 -0.000374608 -0.0169997 0.0839216 
0.00920377 -0.0169037 4.44489e-05 1.20331e-05 -0.0169037 0.0835788 1.87814e-05 -0.000324888 4.44489e-05 1.87814e-05 0.00926347 -0.016977 1.20331e-05 -0.000324888 -0.016977 0.0837691 
0.0091848 -0.0168327 3.29434e-05 1.53037e-05 -0.0168327 0.0832556 2.0917e-05 -0.000303175 3.29434e-05 2.0917e-05 0.00923439 -0.016949 1.53037e-05 -0.000303175 -0.016949 0.0836011 
0.00918904 -0.0168132 9.72013e-06 3.21034e-05 -0.0168132 0.0830946 3.20817e-05 -0.00031985 9.72013e-06 3.20817e-05 0.00920571 -0.0169194 3.21034e-05 -0.00031985 -0.0169194 0.0834898 
0.00921197 -0.0168368 8.87525e-06 6.44897e-05 -0.0168368 0.0831215 5.80809e-05 -0.000374373 8.87525e-06 5.80809e-05 0.0091822 -0.0169011 6.44897e-05 -0.000374373 -0.0169011 0.0834605 
0.00923439 -0.016877 9.58984e-06 6.82537e-05 -0.016877 0.0832305 5.92796e-05 -0.000405946 9.58984e-06 5.92796e-05 0.00917391 -0.0168792 6.82537e-05 -0.000405946 -0.0168792 0.0834366 
0.00923413 -0.0169168 2.75306e-05 6.70325e-05 -0.0169168 0.0833619 5.78242e-05 -0.000410347 2.75306e-05 5.78242e-05 0.00918561 -0.0168644 6.70325e-05 -0.000410347 -0.0168644 0.0834031 
