0.00667607 0 -7.30661e-05 0 0 0.00940384 0 0 -7.30661e-05 0 0.00661194 0 0 0 0 0.00940384 
0.00976313 -0.0121162 -8.17222e-05 9.84563e-05 -0.0121162 0.0321527 9.84563e-05 -0.000188557 -8.17222e-05 9.84563e-05 0.0097057 -0.0120498 9.84563e-05 -0.000188557 -0.0120498 0.0320261 
0.00916269 -0.0170995 -4.59965e-05 4.1382e-05 -0.0170995 0.0630291 4.1382e-05 -0.000110717 -4.59965e-05 4.1382e-05 0.00921845 -0.0171501 4.1382e-05 -0.000110717 -0.0171501 0.0632284 
0.00865496 -0.016672 -1.65978e-05 -7.93611e-05 -0.016672 0.0748285 -8.26806e-05 0.000502174 -1.65978e-05 -8.26806e-05 0.00873285 -0.0169633 -7.93611e-05 0.000502174 -0.0169633 0.0760452 
0.00915919 -0.0170095 -2.58507e-05 -0.000107595 -0.0170095 0.0820147 -0.000114995 0.000860641 -2.58507e-05 -0.000114995 0.00916197 -0.0173148 -0.000107595 0.000860641 -0.0173148 0.0837211 
0.00895301 -0.0163256 -4.28176e-05 -5.92474e-05 -0.0163256 0.07996 -7.09931e-05 0.000717665 -4.28176e-05 -7.09931e-05 0.00886252 -0.0164666 -5.92474e-05 0.000717665 -0.0164666 0.0812413 
0.00941786 -0.0171641 -4.7693e-05 -1.25289e-05 -0.0171641 0.0842127 -3.00091e-05 0.00051131 -4.7693e-05 -3.00091e-05 0.00930404 -0.0171405 -1.25289e-05 0.00051131 -0.0171405 0.0849239 
0.00913619 -0.0166998 -5.24005e-05 1.47364e-06 -0.0166998 0.0820812 -1.95371e-05 0.000345932 -5.24005e-05 -1.95371e-05 0.00907206 -0.0166284 1.47364e-06 0.000345932 -0.0166284 0.0823701 
0.00961357 -0.0175665 -5.23385e-05 3.54349e-06 -0.0175665 0.0865444 -1.59588e-05 0.000299632 -5.23385e-05 -1.59588e-05 0.00957653 -0.0175601 3.54349e-06 0.000299632 -0.0175601 0.0868058 
0.00949057 -0.017342 -4.15992e-05 -7.48921e-06 -0.017342 0.0855083 -1.79425e-05 0.000288674 -4.15992e-05 -1.79425e-05 0.00947818 -0.0173872 -7.48921e-06 0.000288674 -0.0173872 0.0858703 
0.00941622 -0.0171712 -3.71904e-05 -2.61517e-05 -0.0171712 0.0846969 -2.61093e-05 0.000310147 -3.71904e-05 -2.61093e-05 0.00939019 -0.0172598 -2.61517e-05 0.000310147 -0.0172598 0.0851889 
0.00938572 -0.0171224 -3.68735e-05 -3.62175e-05 -0.0171224 0.0843809 -2.85111e-05 0.000334212 -3.68735e-05 -2.85111e-05 0.00936232 -0.0171931 -3.62175e-05 0.000334212 -0.0171931 0.0848984 
0.00936162 -0.017112 -2.21474e-05 -4.16129e-05 -0.017112 0.0843035 -2.85801e-05 0.00035108 -2.21474e-05 -2.85801e-05 0.00936661 -0.0171821 -4.16129e-05 0.00035108 -0.0171821 0.0848149 
0.00932001 -0.0170874 -1.94581e-05 -5.61908e-05 -0.0170874 0.084227 -4.74202e-05 0.000379511 -1.94581e-05 -4.74202e-05 0.00938297 -0.0171801 -5.61908e-05 0.000379511 -0.0171801 0.0847551 
0.00930014 -0.0170102 -2.15545e-05 -5.67156e-05 -0.0170102 0.0839747 -5.6654e-05 0.000403566 -2.15545e-05 -5.6654e-05 0.00935071 -0.0171723 -5.67156e-05 0.000403566 -0.0171723 0.0846188 
0.00929438 -0.0169746 -2.72293e-05 -5.03071e-05 -0.0169746 0.083773 -5.48365e-05 0.000403155 -2.72293e-05 -5.48365e-05 0.00930839 -0.0171315 -5.03071e-05 0.000403155 -0.0171315 0.0844752 
0.00932101 -0.0169694 -3.50412e-05 -3.80469e-05 -0.0169694 0.0836822 -4.42852e-05 0.000377173 -3.50412e-05 -4.42852e-05 0.00926252 -0.017082 -3.80469e-05 0.000377173 -0.017082 0.0843279 
0.00933889 -0.0170234 -3.09555e-05 -2.54006e-05 -0.0170234 0.0837881 -3.0121e-05 0.000338252 -3.09555e-05 -3.0121e-05 0.00924653 -0.0170359 -2.54006e-05 0.000338252 -0.0170359 0.0842333 
0.00936824 -0.0171034 -3.05061e-05 -3.09783e-05 -0.0171034 0.08415 -2.79567e-05 0.000319268 -3.05061e-05 -2.79567e-05 0.00925742 -0.0170679 -3.09783e-05 0.000319268 -0.0170679 0.0844186 
0.00934442 -0.0170909 -2.4863e-05 -3.72631e-05 -0.0170909 0.0841222 -2.47925e-05 0.000316371 -2.4863e-05 -2.47925e-05 0.0092533 -0.0170305 -3.72631e-05 0.000316371 -0.0170305 0.0842846 
0.00932285 -0.0170377 -2.25498e-05 -4.68022e-05 -0.0170377 0.0839543 -2.90508e-05 0.000324322 -2.25498e-05 -2.90508e-05 0.00923177 -0.0170126 -4.68022e-05 0.000324322 -0.0170126 0.0841488 
0.00933142 -0.0170507 -1.82809e-05 -4.86195e-05 -0.0170507 0.0840364 -3.25689e-05 0.000333091 -1.82809e-05 -3.25689e-05 0.00924093 -0.0170354 -4.86195e-05 0.000333091 -0.0170354 0.0842881 
0.00931449 -0.0169835 -1.79484e-05 -4.84039e-05 -0.0169835 0.0837186 -3.6472e-05 0.000332761 -1.79484e-05 -3.6472e-05 0.00920411 -0.0169737 -4.84039e-05 0.000332761 -0.0169737 0.0840069 
0.00927124 -0.0169022 -1.25094e-05 -4.54943e-05 -0.0169022 0.0832469 -4.0745e-05 0.000332046 -1.25094e-05 -4.0745e-05 0.00916571 -0.0168688 -4.54943e-05 0.000332046 -0.0168688 0.0835126 
0.00925557 -0.0169042 -6.69678e-06 -4.81382e-05 -0.0169042 0.083215 -5.02879e-05 0.000340209 -6.69678e-06 -5.02879e-05 0.00917893 -0.0168708 -4.81382e-05 0.000340209 -0.0168708 0.0834561 
0.00924803 -0.0169256 -5.96023e-06 -5.39687e-05 -0.0169256 0.0833523 -5.96364e-05 0.000357611 -5.96023e-06 -5.96364e-05 0.00920737 -0.0169191 -5.39687e-05 0.000357611 -0.0169191 0.0836192 
0.00922942 -0.0168839 -1.54172e-05 -5.85742e-05 -0.0168839 0.0832467 -6.03421e-05 0.000371693 -1.54172e-05 -6.03421e-05 0.00920198 -0.0169327 -5.85742e-05 0.000371693 -0.0169327 0.0836267 
0.00924143 -0.0168853 -2.00782e-05 -4.89652e-05 -0.0168853 0.0832712 -4.63219e-05 0.000357691 -2.00782e-05 -4.63219e-05 0.00919668 -0.0169444 -4.89652e-05 0.000357691 -0.0169444 0.0837146 
0.00925204 -0.0168913 -1.09161e-05 -4.05027e-05 -0.0168913 0.083265 -3.58208e-05 0.000330134 -1.09161e-05 -3.58208e-05 0.00918454 -0.0169245 -4.05027e-05 0.000330134 -0.0169245 0.0836787 
0.00925378 -0.0168786 -9.09922e-06 -4.87299e-05 -0.0168786 0.0831643 -4.29362e-05 0.000324966 -9.09922e-06 -4.29362e-05 0.0091588 -0.0168851 -4.87299e-05 0.000324966 -0.0168851 0.0835156 
0.00925674 -0.0168933 -8.58591e-06 -5.11372e-05 -0.0168933 0.0831841 -4.63642e-05 0.000331414 -8.58591e-06 -4.63642e-05 0.0091556 -0.0168703 -5.11372e-05 0.000331414 -0.0168703 0.0834705 
0.00926938 -0.0169304 -8.127e-06 -4.9112e-05 -0.0169304 0.0833577 -4.6343e-05 0.00032862 -8.127e-06 -4.6343e-05 0.00917592 -0.0168973 -4.9112e-05 0.00032862 -0.0168973 0.0835995 
0.0092405 -0.0169189 -1.60156e-05 -4.99706e-05 -0.0169189 0.0833195 -5.04228e-05 0.000332035 -1.60156e-05 -5.04228e-05 0.00919697 -0.016892 -4.99706e-05 0.000332035 -0.016892 0.0835554 
0.00919795 -0.0168805 -2.63023e-05 -4.1165e-05 -0.0168805 0.0832272 -4.84701e-05 0.000331963 -2.63023e-05 -4.84701e-05 0.00922008 -0.0169135 -4.1165e-05 0.000331963 -0.0169135 0.0835553 
0.0092107 -0.0168767 -3.83148e-05 -2.88095e-05 -0.0168767 0.0833422 -3.8979e-05 0.000316644 -3.83148e-05 -3.8979e-05 0.00924212 -0.0169937 -2.88095e-05 0.000316644 -0.0169937 0.0838529 
0.00921588 -0.0168566 -3.19191e-05 -1.42376e-05 -0.0168566 0.0832518 -2.42601e-05 0.000286251 -3.19191e-05 -2.42601e-05 0.00921786 -0.016989 -1.42376e-05 0.000286251 -0.016989 0.0838712 
0.00922191 -0.0168511 -1.89051e-05 -2.20953e-05 -0.0168511 0.083174 -2.98433e-05 0.000282264 -1.89051e-05 -2.98433e-05 0.00918211 -0.0169483 -2.20953e-05 0.000282264 -0.0169483 0.0837727 
0.00919868 -0.0168439 -2.68292e-05 -3.72847e-05 -0.0168439 0.0830892 -4.02907e-05 0.000301167 -2.68292e-05 -4.02907e-05 0.00916908 -0.016888 -3.72847e-05 0.000301167 -0.016888 0.0835796 
0.00918024 -0.0168242 -4.32539e-05 -2.4868e-05 -0.0168242 0.0830524 -2.4148e-05 0.000282126 -4.32539e-05 -2.4148e-05 0.00917467 -0.0168779 -2.4868e-05 0.000282126 -0.0168779 0.0835025 
0.00916839 -0.0167705 -2.88753e-05 -4.50546e-07 -0.0167705 0.0828524 2.94436e-06 0.000221655 -2.88753e-05 2.94436e-06 0.00914893 -0.0168616 -4.50546e-07 0.000221655 -0.0168616 0.0833666 
0.00916091 -0.0167464 -2.13402e-05 -1.34933e-05 -0.0167464 0.0826972 -9.47681e-06 0.000205174 -2.13402e-05 -9.47681e-06 0.00912118 -0.0168243 -1.34933e-05 0.000205174 -0.0168243 0.0832293 
0.00913828 -0.0167269 -1.77957e-05 -2.84565e-05 -0.0167269 0.0825487 -2.29582e-05 0.00023228 -1.77957e-05 -2.29582e-05 0.00909243 -0.0167638 -2.84565e-05 0.00023228 -0.0167638 0.0829973 
0.00911773 -0.0166813 -1.30495e-05 -3.3324e-05 -0.0166813 0.0823373 -3.06516e-05 0.000255848 -1.30495e-05 -3.06516e-05 0.00905506 -0.0166956 -3.3324e-05 0.000255848 -0.0166956 0.0826874 
0.00910605 -0.0166518 -3.02875e-06 -3.83839e-05 -0.0166518 0.0821707 -4.11363e-05 0.000277471 -3.02875e-06 -4.11363e-05 0.00902171 -0.0166367 -3.83839e-05 0.000277471 -0.0166367 0.0824214 
0.00910477 -0.016669 -5.39042e-06 -4.93635e-05 -0.016669 0.0822188 -5.42907e-05 0.000305448 -5.39042e-06 -5.42907e-05 0.00902404 -0.0166203 -4.93635e-05 0.000305448 -0.0166203 0.0823642 
0.00910621 -0.0166987 -1.44247e-05 -4.63718e-05 -0.0166987 0.0823864 -4.83446e-05 0.000310225 -1.44247e-05 -4.83446e-05 0.00905407 -0.0166502 -4.63718e-05 0.000310225 -0.0166502 0.0824797 
0.0091149 -0.0167351 -5.86714e-06 -3.48041e-05 -0.0167351 0.0826316 -3.35907e-05 0.000286362 -5.86714e-06 -3.35907e-05 0.00909913 -0.0167207 -3.48041e-05 0.000286362 -0.0167207 0.0827594 
0.0091078 -0.0167228 -5.10063e-06 -3.87121e-05 -0.0167228 0.0826547 -3.87479e-05 0.000272081 -5.10063e-06 -3.87479e-05 0.00912164 -0.0167628 -3.87121e-05 0.000272081 -0.0167628 0.0829009 
0.00908317 -0.0166571 -1.04194e-05 -3.99761e-05 -0.0166571 0.0823802 -4.50703e-05 0.000278453 -1.04194e-05 -4.50703e-05 0.00910584 -0.0167413 -3.99761e-05 0.000278453 -0.0167413 0.0827566 
0.00904388 -0.0165774 -8.97791e-06 -3.58082e-05 -0.0165774 0.0819719 -4.34254e-05 0.000280941 -8.97791e-06 -4.34254e-05 0.00908204 -0.0166776 -3.58082e-05 0.000280941 -0.0166776 0.082432 
0.00968177 -0.0177253 -1.02576e-05 -4.3201e-05 -0.0177253 0.0876214 -5.5097e-05 0.000318373 -1.02576e-05 -5.5097e-05 0.00971215 -0.0178525 -4.3201e-05 0.000318373 -0.0178525 0.0881773 
0.00906733 -0.0166018 -6.03027e-06 -4.38207e-05 -0.0166018 0.0820049 -5.34393e-05 0.000317106 -6.03027e-06 -5.34393e-05 0.00908303 -0.016707 -4.38207e-05 0.000317106 -0.016707 0.0825237 
0.00912333 -0.0167023 -2.76398e-05 -5.01981e-05 -0.0167023 0.0824728 -5.44975e-05 0.000331368 -2.76398e-05 -5.44975e-05 0.00911869 -0.016793 -5.01981e-05 0.000331368 -0.016793 0.0829658 
0.00914479 -0.0167613 -4.60964e-05 -2.42207e-05 -0.0167613 0.0827413 -2.25088e-05 0.000290209 -4.60964e-05 -2.25088e-05 0.00914212 -0.0168244 -2.42207e-05 0.000290209 -0.0168244 0.0831758 
0.00914282 -0.0167553 -3.42055e-05 -4.5159e-06 -0.0167553 0.082739 1.28523e-06 0.000233312 -3.42055e-05 1.28523e-06 0.00913025 -0.0168139 -4.5159e-06 0.000233312 -0.0168139 0.0831302 
0.00915801 -0.0167467 -2.77844e-05 -1.78329e-05 -0.0167467 0.0827049 -1.27854e-05 0.000230679 -2.77844e-05 -1.27854e-05 0.00910501 -0.0167947 -1.78329e-05 0.000230679 -0.0167947 0.0830667 
0.00914553 -0.0167509 -1.19474e-05 -2.50953e-05 -0.0167509 0.0826631 -2.3405e-05 0.000251119 -1.19474e-05 -2.3405e-05 0.00910266 -0.0167613 -2.50953e-05 0.000251119 -0.0167613 0.0829707 
0.00915428 -0.0167337 -1.66527e-05 -4.21044e-05 -0.0167337 0.0826089 -4.08766e-05 0.00028236 -1.66527e-05 -4.08766e-05 0.00908516 -0.0167539 -4.21044e-05 0.00028236 -0.0167539 0.0829031 
0.00916128 -0.0167329 -9.46229e-06 -3.75186e-05 -0.0167329 0.0825439 -3.53643e-05 0.000290854 -9.46229e-06 -3.53643e-05 0.00905865 -0.0167224 -3.75186e-05 0.000290854 -0.0167224 0.0827965 
0.0091297 -0.0166961 -8.1251e-06 -4.34413e-05 -0.0166961 0.0823062 -3.94738e-05 0.0002904 -8.1251e-06 -3.94738e-05 0.00902895 -0.0166443 -4.34413e-05 0.0002904 -0.0166443 0.0824705 
0.00911376 -0.0166954 -4.01827e-07 -4.49849e-05 -0.0166954 0.0823164 -3.76208e-05 0.000289498 -4.01827e-07 -3.76208e-05 0.009039 -0.0166392 -4.49849e-05 0.000289498 -0.0166392 0.0824254 
0.00910798 -0.0166734 7.91138e-06 -5.78929e-05 -0.0166734 0.0822672 -4.77006e-05 0.000306884 7.91138e-06 -4.77006e-05 0.00902995 -0.0166435 -5.78929e-05 0.000306884 -0.0166435 0.0823951 
0.00911972 -0.0166967 2.39876e-06 -6.9989e-05 -0.0166967 0.082385 -6.27254e-05 0.0003419 2.39876e-06 -6.27254e-05 0.00903861 -0.0166673 -6.9989e-05 0.0003419 -0.0166673 0.0825345 
0.00912455 -0.0167042 -6.90049e-06 -6.19792e-05 -0.0167042 0.0824319 -5.81294e-05 0.000348213 -6.90049e-06 -5.81294e-05 0.00904651 -0.0166719 -6.19792e-05 0.000348213 -0.0166719 0.0825822 
0.00914224 -0.0166964 -3.1724e-05 -4.35471e-05 -0.0166964 0.0823965 -4.08778e-05 0.000311852 -3.1724e-05 -4.08778e-05 0.00903028 -0.0166663 -4.35471e-05 0.000311852 -0.0166663 0.082548 
0.00917071 -0.0167548 -4.31041e-05 -1.0262e-05 -0.0167548 0.0825941 -6.94399e-06 0.000238955 -4.31041e-05 -6.94399e-06 0.00903885 -0.0166826 -1.0262e-05 0.000238955 -0.0166826 0.0826822 
0.00916387 -0.0167811 -3.4052e-05 5.49441e-06 -0.0167811 0.0826919 1.01335e-05 0.000175623 -3.4052e-05 1.01335e-05 0.00906176 -0.0166801 5.49441e-06 0.000175623 -0.0166801 0.0826969 
0.0091563 -0.0167899 -2.4516e-05 -5.93795e-06 -0.0167899 0.0828072 -3.58146e-06 0.000173112 -2.4516e-05 -3.58146e-06 0.00910126 -0.0167275 -5.93795e-06 0.000173112 -0.0167275 0.0828413 
0.00914168 -0.0167678 -2.15674e-05 -2.07266e-05 -0.0167678 0.0827882 -2.04689e-05 0.000206765 -2.15674e-05 -2.04689e-05 0.00913501 -0.0167772 -2.07266e-05 0.000206765 -0.0167772 0.0829792 
0.00910221 -0.0166834 -2.51734e-05 -2.44406e-05 -0.0166834 0.0824369 -2.51966e-05 0.000230193 -2.51734e-05 -2.51966e-05 0.00912122 -0.0167655 -2.44406e-05 0.000230193 -0.0167655 0.0828299 
0.00910278 -0.0166284 -7.68993e-06 -1.88697e-05 -0.0166284 0.0821785 -1.97774e-05 0.00022746 -7.68993e-06 -1.97774e-05 0.00907317 -0.0167506 -1.88697e-05 0.00022746 -0.0167506 0.0827298 
0.00910243 -0.0165935 1.94895e-05 -3.91424e-05 -0.0165935 0.0818995 -3.8914e-05 0.000251113 1.94895e-05 -3.8914e-05 0.00901418 -0.0166649 -3.91424e-05 0.000251113 -0.0166649 0.0824448 
0.00910448 -0.016641 3.02957e-05 -7.26575e-05 -0.016641 0.082006 -7.09635e-05 0.000314425 3.02957e-05 -7.09635e-05 0.00900657 -0.0166333 -7.26575e-05 0.000314425 -0.0166333 0.0824012 
0.00971276 -0.0177851 1.22675e-05 -9.23511e-05 -0.0177851 0.087676 -8.94607e-05 0.000387861 1.22675e-05 -8.94607e-05 0.00962459 -0.0177539 -9.23511e-05 0.000387861 -0.0177539 0.0879765 
0.00966205 -0.0177423 -9.05936e-07 -6.82794e-05 -0.0177423 0.0875387 -6.46975e-05 0.000367571 -9.05936e-07 -6.46975e-05 0.0096334 -0.0177256 -6.82794e-05 0.000367571 -0.0177256 0.0878172 
0.0096598 -0.0177162 -9.72582e-06 -4.7537e-05 -0.0177162 0.0875545 -4.15344e-05 0.000309756 -9.72582e-06 -4.15344e-05 0.00964662 -0.0177722 -4.7537e-05 0.000309756 -0.0177722 0.0879441 
0.00966137 -0.0177067 -2.38859e-05 -3.53548e-05 -0.0177067 0.0875326 -2.83416e-05 0.000262589 -2.38859e-05 -2.83416e-05 0.00964218 -0.0177878 -3.53548e-05 0.000262589 -0.0177878 0.0880268 
0.00964724 -0.0177048 -2.33464e-05 -1.75975e-05 -0.0177048 0.0875115 -1.78479e-05 0.000227743 -2.33464e-05 -1.78479e-05 0.00964486 -0.0177743 -1.75975e-05 0.000227743 -0.0177743 0.0880157 
0.00963232 -0.0176781 -2.43588e-05 -1.62185e-05 -0.0176781 0.0874355 -2.44969e-05 0.000218985 -2.43588e-05 -2.44969e-05 0.00963626 -0.0177643 -1.62185e-05 0.000218985 -0.0177643 0.0879557 
0.00962213 -0.0176655 -2.82557e-05 -1.3491e-05 -0.0176655 0.0873995 -2.21774e-05 0.00021402 -2.82557e-05 -2.21774e-05 0.00963918 -0.0177559 -1.3491e-05 0.00021402 -0.0177559 0.0879324 
0.00962325 -0.017648 -3.73075e-05 -6.39183e-06 -0.017648 0.087335 -1.30301e-05 0.000195466 -3.73075e-05 -1.30301e-05 0.00962749 -0.0177447 -6.39183e-06 0.000195466 -0.0177447 0.0878641 
0.00961329 -0.0176078 -5.02726e-05 9.48046e-06 -0.0176078 0.0871017 2.54023e-06 0.000155184 -5.02726e-05 2.54023e-06 0.0095895 -0.0176839 9.48046e-06 0.000155184 -0.0176839 0.0875882 
0.00959329 -0.0175904 -6.41252e-05 2.36795e-05 -0.0175904 0.0869428 1.97125e-05 0.000112498 -6.41252e-05 1.97125e-05 0.00957654 -0.0176243 2.36795e-05 0.000112498 -0.0176243 0.0873281 
0.00955745 -0.0175391 -5.61437e-05 3.85803e-05 -0.0175391 0.0866979 3.68567e-05 7.07386e-05 -5.61437e-05 3.68567e-05 0.00956616 -0.0175841 3.85803e-05 7.07386e-05 -0.0175841 0.087055 
0.00952375 -0.0174692 -4.00268e-05 2.48592e-05 -0.0174692 0.0863899 2.43646e-05 7.80889e-05 -4.00268e-05 2.43646e-05 0.00954129 -0.0175556 2.48592e-05 7.80889e-05 -0.0175556 0.0868188 
0.00952665 -0.0174934 -2.3502e-05 1.56664e-06 -0.0174934 0.0864932 -7.5301e-08 0.000129413 -2.3502e-05 -7.5301e-08 0.00955566 -0.0175872 1.56664e-06 0.000129413 -0.0175872 0.0869668 
0.00951465 -0.0174808 -2.16994e-05 -2.06329e-05 -0.0174808 0.086466 -2.09026e-05 0.000189012 -2.16994e-05 -2.09026e-05 0.00954427 -0.0175891 -2.06329e-05 0.000189012 -0.0175891 0.0869754 
0.00950139 -0.0174761 -2.10098e-05 -2.30416e-05 -0.0174761 0.0864841 -2.02635e-05 0.000213072 -2.10098e-05 -2.02635e-05 0.00954807 -0.0175876 -2.30416e-05 0.000213072 -0.0175876 0.0870155 
0.00946756 -0.0174296 -1.32433e-05 -2.14334e-05 -0.0174296 0.0863196 -1.73071e-05 0.000208781 -1.32433e-05 -1.73071e-05 0.00955033 -0.0175593 -2.14334e-05 0.000208781 -0.0175593 0.0868833 
0.00941628 -0.017342 -4.99287e-06 -2.75837e-05 -0.017342 0.0859604 -2.37379e-05 0.000210719 -4.99287e-06 -2.37379e-05 0.00954178 -0.0175194 -2.75837e-05 0.000210719 -0.0175194 0.0866177 
0.00942221 -0.017309 -9.82288e-06 -3.82934e-05 -0.017309 0.08586 -3.47465e-05 0.000229236 -9.82288e-06 -3.47465e-05 0.00953679 -0.0175514 -3.82934e-05 0.000229236 -0.0175514 0.0866777 
0.00950326 -0.0174131 -1.37465e-05 -3.39484e-05 -0.0174131 0.0863068 -3.35026e-05 0.000237552 -1.37465e-05 -3.35026e-05 0.0095553 -0.0176457 -3.39484e-05 0.000237552 -0.0176457 0.0871875 
0.00955948 -0.0174928 -1.87484e-05 -2.55062e-05 -0.0174928 0.086568 -2.95053e-05 0.000227977 -1.87484e-05 -2.95053e-05 0.00953493 -0.0176408 -2.55062e-05 0.000227977 -0.0176408 0.0873208 
0.0095906 -0.0175149 -1.60797e-05 -1.7203e-05 -0.0175149 0.0865561 -2.15956e-05 0.000208288 -1.60797e-05 -2.15956e-05 0.00947888 -0.0175545 -1.7203e-05 0.000208288 -0.0175545 0.0870512 
0.00960224 -0.0175607 -1.31838e-05 -1.87257e-05 -0.0175607 0.0866269 -2.26051e-05 0.000198861 -1.31838e-05 -2.26051e-05 0.00945975 -0.0174758 -1.87257e-05 0.000198861 -0.0174758 0.0867946 
0.00959582 -0.017602 -1.9015e-05 -2.48699e-05 -0.017602 0.0867956 -2.75012e-05 0.00020778 -1.9015e-05 -2.75012e-05 0.00948654 -0.0174649 -2.48699e-05 0.00020778 -0.0174649 0.0867249 
0.00958855 -0.0176017 -1.85835e-05 -1.75193e-05 -0.0176017 0.0868908 -2.11178e-05 0.00020276 -1.85835e-05 -2.11178e-05 0.00951822 -0.0175117 -1.75193e-05 0.00020276 -0.0175117 0.0868119 
0.00960195 -0.0176217 -1.05499e-05 -1.70261e-05 -0.0176217 0.0870627 -2.04781e-05 0.000196917 -1.05499e-05 -2.04781e-05 0.0095538 -0.0175921 -1.70261e-05 0.000196917 -0.0175921 0.0871108 
0.00962453 -0.0176553 -1.89116e-05 -2.89213e-05 -0.0176553 0.0872626 -2.87064e-05 0.000211739 -1.89116e-05 -2.87064e-05 0.00958151 -0.0176637 -2.89213e-05 0.000211739 -0.0176637 0.0874414 
0.00963776 -0.0177026 -2.6835e-05 -2.50987e-05 -0.0177026 0.0875017 -2.19642e-05 0.000219555 -2.6835e-05 -2.19642e-05 0.00961753 -0.0177213 -2.50987e-05 0.000219555 -0.0177213 0.0877536 
0.00965035 -0.0177132 -3.24135e-05 -1.50281e-05 -0.0177132 0.0876176 -1.4276e-05 0.000208488 -3.24135e-05 -1.4276e-05 0.00963252 -0.0177593 -1.50281e-05 0.000208488 -0.0177593 0.0879344 
0.00960268 -0.0176488 -1.94674e-05 -5.61846e-06 -0.0176488 0.0873001 -9.82238e-06 0.000192118 -1.94674e-05 -9.82238e-06 0.00961903 -0.0176914 -5.61846e-06 0.000192118 -0.0176914 0.0876329 
0.00958387 -0.0175977 -1.83211e-05 -1.81203e-05 -0.0175977 0.0870954 -2.74202e-05 0.000208384 -1.83211e-05 -2.74202e-05 0.00961045 -0.0176697 -1.81203e-05 0.000208384 -0.0176697 0.0874567 
0.00959751 -0.017612 -2.12556e-05 -2.13549e-05 -0.017612 0.0871523 -3.23572e-05 0.000230606 -2.12556e-05 -3.23572e-05 0.00961836 -0.0177002 -2.13549e-05 0.000230606 -0.0177002 0.0875585 
0.00958236 -0.0175721 -3.47691e-05 -1.82055e-05 -0.0175721 0.0869339 -2.93556e-05 0.000233784 -3.47691e-05 -2.93556e-05 0.00959211 -0.0176615 -1.82055e-05 0.000233784 -0.0176615 0.087367 
0.00959908 -0.0176018 -4.36411e-05 2.56756e-06 -0.0176018 0.0870407 -1.00259e-05 0.000198755 -4.36411e-05 -1.00259e-05 0.0095996 -0.017676 2.56756e-06 0.000198755 -0.017676 0.0874543 
0.0096106 -0.0176245 -5.55513e-05 1.40782e-05 -0.0176245 0.0871216 3.64401e-06 0.000159405 -5.55513e-05 3.64401e-06 0.00959514 -0.0176762 1.40782e-05 0.000159405 -0.0176762 0.0874739 
0.00960532 -0.0176424 -4.19229e-05 2.77453e-05 -0.0176424 0.0871876 2.2209e-05 0.000116493 -4.19229e-05 2.2209e-05 0.00959102 -0.0176655 2.77453e-05 0.000116493 -0.0176655 0.087456 
0.00956757 -0.0175725 -2.53397e-05 8.78152e-06 -0.0175725 0.0868956 7.47574e-06 0.000124051 -2.53397e-05 7.47574e-06 0.00955757 -0.017597 8.78152e-06 0.000124051 -0.017597 0.087127 
0.00957898 -0.0175515 -1.21983e-05 -1.89361e-05 -0.0175515 0.086818 -1.50177e-05 0.000178014 -1.21983e-05 -1.50177e-05 0.00952801 -0.0175864 -1.89361e-05 0.000178014 -0.0175864 0.0870618 
0.00961287 -0.0175778 -1.0179e-05 -4.07685e-05 -0.0175778 0.0868654 -3.49077e-05 0.000241072 -1.0179e-05 -3.49077e-05 0.00950373 -0.0175647 -4.07685e-05 0.000241072 -0.0175647 0.087047 
0.00961209 -0.0175779 -4.78098e-06 -4.84087e-05 -0.0175779 0.0867478 -4.36589e-05 0.000287363 -4.78098e-06 -4.36589e-05 0.00946244 -0.0174902 -4.84087e-05 0.000287363 -0.0174902 0.0867733 
0.00957104 -0.0175467 -1.01838e-05 -5.37053e-05 -0.0175467 0.0865396 -5.0595e-05 0.000313546 -1.01838e-05 -5.0595e-05 0.00944188 -0.0174072 -5.37053e-05 0.000313546 -0.0174072 0.0864125 
0.00955146 -0.0175437 -1.35329e-05 -4.69735e-05 -0.0175437 0.0865769 -4.61539e-05 0.000316623 -1.35329e-05 -4.61539e-05 0.00945459 -0.017416 -4.69735e-05 0.000316623 -0.017416 0.0863934 
0.00954735 -0.0175811 -1.0799e-05 -3.6463e-05 -0.0175811 0.0868523 -4.02921e-05 0.000298672 -1.0799e-05 -4.02921e-05 0.00951028 -0.0174933 -3.6463e-05 0.000298672 -0.0174933 0.0867179 
0.00954175 -0.017584 1.19567e-05 -3.54249e-05 -0.017584 0.0870186 -4.14013e-05 0.000286108 1.19567e-05 -4.14013e-05 0.00955416 -0.0175749 -3.54249e-05 0.000286108 -0.0175749 0.0870359 
0.00951895 -0.0174998 6.50368e-06 -5.73251e-05 -0.0174998 0.0867175 -6.36718e-05 0.000307358 6.50368e-06 -6.36718e-05 0.00953986 -0.0175604 -5.73251e-05 0.000307358 -0.0175604 0.0869231 
0.00952721 -0.0175148 -1.61413e-05 -5.02003e-05 -0.0175148 0.0867593 -5.76562e-05 0.000310059 -1.61413e-05 -5.76562e-05 0.00955384 -0.0175849 -5.02003e-05 0.000310059 -0.0175849 0.0870553 
0.00952919 -0.0174924 -3.30835e-05 -2.01706e-05 -0.0174924 0.0866388 -2.5715e-05 0.000252416 -3.30835e-05 -2.5715e-05 0.00954052 -0.0175649 -2.01706e-05 0.000252416 -0.0175649 0.0869576 
0.00954801 -0.0175052 -3.83838e-05 1.85608e-06 -0.0175052 0.0866428 2.86796e-06 0.000178142 -3.83838e-05 2.86796e-06 0.00952736 -0.0175597 1.85608e-06 0.000178142 -0.0175597 0.0869387 
0.00953493 -0.01749 -4.37381e-05 7.48225e-06 -0.01749 0.0864835 1.10161e-05 0.000135863 -4.37381e-05 1.10161e-05 0.00949825 -0.0174995 7.48225e-06 0.000135863 -0.0174995 0.0866898 
0.00953688 -0.0175221 -5.32365e-05 1.10056e-05 -0.0175221 0.0866239 1.20911e-05 0.000125035 -5.32365e-05 1.20911e-05 0.00951574 -0.0175179 1.10056e-05 0.000125035 -0.0175179 0.0867766 
0.00955872 -0.0175148 -6.71604e-05 2.18567e-05 -0.0175148 0.0866445 1.84813e-05 0.000112624 -6.71604e-05 1.84813e-05 0.00950164 -0.0175367 2.18567e-05 0.000112624 -0.0175367 0.0868297 
0.00953398 -0.0174894 -4.51082e-05 3.91938e-05 -0.0174894 0.0864343 3.12614e-05 8.59495e-05 -4.51082e-05 3.12614e-05 0.00947348 -0.0174695 3.91938e-05 8.59495e-05 -0.0174695 0.0865816 
0.00950851 -0.0174707 -2.21691e-05 1.33535e-05 -0.0174707 0.0863392 7.97192e-06 0.000110105 -2.21691e-05 7.97192e-06 0.00946048 -0.0174342 1.33535e-05 0.000110105 -0.0174342 0.0864174 
0.00948468 -0.0174501 7.35617e-06 -1.98755e-05 -0.0174501 0.0862894 -1.86577e-05 0.000175725 7.35617e-06 -1.86577e-05 0.00946615 -0.0174216 -1.98755e-05 0.000175725 -0.0174216 0.0863444 
0.00945851 -0.0173929 3.47442e-06 -6.11482e-05 -0.0173929 0.0860856 -5.59742e-05 0.000267839 3.47442e-06 -5.59742e-05 0.00944782 -0.0174026 -6.11482e-05 0.000267839 -0.0174026 0.0861938 
0.00942219 -0.0173216 -1.76173e-05 -5.78832e-05 -0.0173216 0.0857558 -4.97462e-05 0.000300246 -1.76173e-05 -4.97462e-05 0.00942271 -0.0173467 -5.78832e-05 0.000300246 -0.0173467 0.0859207 
0.00943412 -0.0173486 -1.96521e-05 -3.13537e-05 -0.0173486 0.0858913 -2.06102e-05 0.00026058 -1.96521e-05 -2.06102e-05 0.00944598 -0.0173873 -3.13537e-05 0.00026058 -0.0173873 0.0860985 
0.00949092 -0.017407 -1.08536e-05 -2.56955e-05 -0.017407 0.086196 -1.57544e-05 0.00022611 -1.08536e-05 -1.57544e-05 0.00945027 -0.0174611 -2.56955e-05 0.00022611 -0.0174611 0.0864431 
0.00954857 -0.017499 -1.13163e-05 -3.49061e-05 -0.017499 0.0865585 -3.16693e-05 0.000235855 -1.13163e-05 -3.16693e-05 0.00946109 -0.0174925 -3.49061e-05 0.000235855 -0.0174925 0.0867363 
0.00954545 -0.0175569 -1.84954e-05 -3.25322e-05 -0.0175569 0.0867746 -3.72283e-05 0.000248732 -1.84954e-05 -3.72283e-05 0.00949935 -0.0174888 -3.25322e-05 0.000248732 -0.0174888 0.0868108 
0.00952547 -0.0175263 -3.11232e-05 -2.1673e-05 -0.0175263 0.0867276 -2.89331e-05 0.000236922 -3.11232e-05 -2.89331e-05 0.00952195 -0.0175005 -2.1673e-05 0.000236922 -0.0175005 0.0867573 
0.00951059 -0.0175042 -4.66024e-05 -2.52109e-06 -0.0175042 0.0866745 -6.49498e-06 0.000192384 -4.66024e-05 -6.49498e-06 0.00953441 -0.0175312 -2.52109e-06 0.000192384 -0.0175312 0.0868038 
0.00951028 -0.017504 -3.93053e-05 1.56879e-05 -0.017504 0.0867205 1.46646e-05 0.000139555 -3.93053e-05 1.46646e-05 0.00955167 -0.0175736 1.56879e-05 0.000139555 -0.0175736 0.0869732 
0.00948242 -0.0174389 -3.91769e-05 7.94436e-06 -0.0174389 0.0864322 1.07546e-05 0.000121492 -3.91769e-05 1.07546e-05 0.00952748 -0.0175376 7.94436e-06 0.000121492 -0.0175376 0.0867907 
0.00946614 -0.0173938 -2.54199e-05 1.44535e-06 -0.0173938 0.0861977 9.26567e-06 0.000130758 -2.54199e-05 9.26567e-06 0.0094999 -0.0174985 1.44535e-06 0.000130758 -0.0174985 0.086609 
0.00948249 -0.017438 -1.77918e-05 -1.89797e-05 -0.017438 0.0863827 -5.5851e-06 0.000162917 -1.77918e-05 -5.5851e-06 0.00951529 -0.0175322 -1.89797e-05 0.000162917 -0.0175322 0.0868031 
0.00951689 -0.0174497 -1.26657e-05 -2.88061e-05 -0.0174497 0.0864669 -1.50751e-05 0.000194831 -1.26657e-05 -1.50751e-05 0.00949731 -0.0175484 -2.88061e-05 0.000194831 -0.0175484 0.0868997 
0.00952146 -0.017459 1.15812e-06 -2.97052e-05 -0.017459 0.0864184 -2.00222e-05 0.000206283 1.15812e-06 -2.00222e-05 0.00947647 -0.0175042 -2.97052e-05 0.000206283 -0.0175042 0.0867942 
0.00953075 -0.0174792 8.03783e-06 -4.4166e-05 -0.0174792 0.0864712 -3.74109e-05 0.000231266 8.03783e-06 -3.74109e-05 0.00946912 -0.0174825 -4.4166e-05 0.000231266 -0.0174825 0.0867366 
0.00951091 -0.017479 -1.70137e-05 -5.19544e-05 -0.017479 0.086443 -5.02358e-05 0.000261038 -1.70137e-05 -5.02358e-05 0.00947622 -0.017452 -5.19544e-05 0.000261038 -0.017452 0.0866047 
0.0094774 -0.0174359 -3.43592e-05 -1.97641e-05 -0.0174359 0.0862883 -2.34874e-05 0.000228284 -3.43592e-05 -2.34874e-05 0.00947756 -0.0174341 -1.97641e-05 0.000228284 -0.0174341 0.0864367 
0.00943816 -0.0173813 -4.30425e-05 7.88184e-06 -0.0173813 0.086081 -2.47854e-07 0.000163499 -4.30425e-05 -2.47854e-07 0.00947759 -0.0174217 7.88184e-06 0.000163499 -0.0174217 0.0862978 
0.00939679 -0.0172983 -4.11208e-05 2.20029e-05 -0.0172983 0.0857474 1.27851e-05 0.000110326 -4.11208e-05 1.27851e-05 0.00945422 -0.0173945 2.20029e-05 0.000110326 -0.0173945 0.0860891 
0.00938531 -0.0172562 -3.75621e-05 1.99672e-05 -0.0172562 0.0855656 1.45392e-05 8.84981e-05 -3.75621e-05 1.45392e-05 0.00943413 -0.0173834 1.99672e-05 8.84981e-05 -0.0173834 0.086022 
0.00933618 -0.017144 -4.62108e-05 1.12939e-05 -0.017144 0.0849876 1.07837e-05 9.34388e-05 -4.62108e-05 1.07837e-05 0.00936776 -0.0172698 1.12939e-05 9.34388e-05 -0.0172698 0.085495 
0.00932855 -0.017139 -5.0682e-05 2.35137e-05 -0.017139 0.0848965 2.10298e-05 7.90733e-05 -5.0682e-05 2.10298e-05 0.00934915 -0.0172365 2.35137e-05 7.90733e-05 -0.0172365 0.0853676 
0.00935122 -0.0171884 -3.4837e-05 3.04527e-05 -0.0171884 0.085119 2.65634e-05 5.9578e-05 -3.4837e-05 2.65634e-05 0.00936064 -0.0172638 3.04527e-05 5.9578e-05 -0.0172638 0.0855251 
0.00938228 -0.0172478 -2.11881e-05 8.7131e-06 -0.0172478 0.0854122 1.01165e-05 8.04409e-05 -2.11881e-05 1.01165e-05 0.00937359 -0.0173031 8.7131e-06 8.04409e-05 -0.0173031 0.0857503 
