0.00658608 0 5.8074e-05 0 0 0.00931016 0 0 5.8074e-05 0 0.00656447 0 0 0 0 0.00931016 
0.00969103 -0.0120311 6.33825e-05 -7.56447e-05 -0.0120311 0.031921 -7.56447e-05 0.000144929 6.33825e-05 -7.56447e-05 0.00962027 -0.011939 -7.56447e-05 0.000144929 -0.011939 0.0317444 
0.00999846 -0.0187096 2.85597e-05 -1.82453e-05 -0.0187096 0.0689275 -1.82453e-05 3.46553e-05 2.85597e-05 -1.82453e-05 0.00992391 -0.0184332 -1.82453e-05 3.46553e-05 -0.0184332 0.0680003 
0.00863651 -0.0168386 -7.0661e-06 8.92838e-05 -0.0168386 0.0756479 8.58032e-05 -0.000495389 -7.0661e-06 8.58032e-05 0.00861518 -0.0165186 8.92838e-05 -0.000495389 -0.0165186 0.0740205 
0.00910939 -0.0172532 -1.24138e-05 0.000120756 -0.0172532 0.0836254 0.000118854 -0.0007918 -1.24138e-05 0.000118854 0.00919318 -0.0170116 0.000120756 -0.0007918 -0.0170116 0.0818109 
0.00889818 -0.0165202 1.42299e-05 8.88255e-05 -0.0165202 0.0816577 9.16522e-05 -0.000674486 1.42299e-05 9.16522e-05 0.00904457 -0.0164726 8.88255e-05 -0.000674486 -0.0164726 0.0804625 
0.00942597 -0.0173715 4.18785e-05 4.34813e-05 -0.0173715 0.086083 4.93243e-05 -0.000506595 4.18785e-05 4.93243e-05 0.00959334 -0.0174444 4.34813e-05 -0.000506595 -0.0174444 0.0854413 
0.00924602 -0.0169979 5.18964e-05 9.40334e-06 -0.0169979 0.0841748 1.23849e-05 -0.000331535 5.18964e-05 1.23849e-05 0.00937665 -0.0170859 9.40334e-06 -0.000331535 -0.0170859 0.0838477 
0.00910104 -0.0166983 4.1167e-05 -8.49924e-07 -0.0166983 0.0825885 -8.99098e-07 -0.000241199 4.1167e-05 -8.99098e-07 0.00915762 -0.0167211 -8.49924e-07 -0.000241199 -0.0167211 0.0822447 
0.00964939 -0.0177061 2.81652e-05 1.93934e-05 -0.0177061 0.0874323 1.50202e-05 -0.00026174 2.81652e-05 1.50202e-05 0.00967303 -0.0176211 1.93934e-05 -0.00026174 -0.0176211 0.0868434 
0.00955375 -0.0175328 7.97194e-06 4.73446e-05 -0.0175328 0.0864971 3.64667e-05 -0.000318168 7.97194e-06 3.64667e-05 0.00954662 -0.017394 4.73446e-05 -0.000318168 -0.017394 0.0857066 
0.00950562 -0.0174887 -1.5356e-05 7.83046e-05 -0.0174887 0.0862289 6.51022e-05 -0.00040074 -1.5356e-05 6.51022e-05 0.00952074 -0.0173145 7.83046e-05 -0.00040074 -0.0173145 0.085307 
0.00945647 -0.0174057 -1.49167e-05 0.000106507 -0.0174057 0.0858775 9.42874e-05 -0.000480853 -1.49167e-05 9.42874e-05 0.00948757 -0.0172567 0.000106507 -0.000480853 -0.0172567 0.0849439 
0.00942087 -0.017352 4.27061e-06 0.000101882 -0.017352 0.0856473 9.32726e-05 -0.000507122 4.27061e-06 9.32726e-05 0.00946733 -0.0172304 0.000101882 -0.000507122 -0.0172304 0.0847755 
0.00936826 -0.0172552 3.34614e-05 7.00354e-05 -0.0172552 0.0852206 6.65106e-05 -0.000457599 3.34614e-05 6.65106e-05 0.00942803 -0.0171667 7.00354e-05 -0.000457599 -0.0171667 0.084451 
0.0093638 -0.0172004 5.41416e-05 2.35396e-05 -0.0172004 0.08498 2.6817e-05 -0.000354799 5.41416e-05 2.6817e-05 0.00938292 -0.0171384 2.35396e-05 -0.000354799 -0.0171384 0.0843097 
0.00933838 -0.0171689 5.08557e-05 -6.71003e-06 -0.0171689 0.0847436 1.35594e-06 -0.00025971 5.08557e-05 1.35594e-06 0.00934913 -0.0170694 -6.71003e-06 -0.00025971 -0.0170694 0.0840734 
0.00931839 -0.0171323 4.51929e-05 -4.87617e-06 -0.0171323 0.0845633 2.82971e-06 -0.000221687 4.51929e-05 2.82971e-06 0.00932878 -0.0170243 -4.87617e-06 -0.000221687 -0.0170243 0.0838735 
0.00929697 -0.0171151 3.69495e-05 4.90617e-06 -0.0171151 0.0844727 9.8454e-06 -0.000226594 3.69495e-05 9.8454e-06 0.00933587 -0.0170079 4.90617e-06 -0.000226594 -0.0170079 0.0837856 
0.00931029 -0.0171538 1.83563e-05 1.40868e-05 -0.0171538 0.0847088 2.19379e-05 -0.000248678 1.83563e-05 2.19379e-05 0.00937649 -0.0170825 1.40868e-05 -0.000248678 -0.0170825 0.0840811 
0.00933956 -0.0172225 2.82869e-05 3.79617e-05 -0.0172225 0.0850986 4.71806e-05 -0.000298118 2.82869e-05 4.71806e-05 0.00942497 -0.0171866 3.79617e-05 -0.000298118 -0.0171866 0.0845591 
0.00935817 -0.0172144 3.72127e-05 2.87702e-05 -0.0172144 0.0851068 3.3127e-05 -0.000303115 3.72127e-05 3.3127e-05 0.00939846 -0.0171918 2.87702e-05 -0.000303115 -0.0171918 0.0846125 
0.00935253 -0.0172109 5.00915e-05 1.8075e-05 -0.0172109 0.0850101 1.80016e-05 -0.000276328 5.00915e-05 1.80016e-05 0.00937244 -0.0171211 1.8075e-05 -0.000276328 -0.0171211 0.0844099 
0.00934566 -0.01718 4.64869e-05 -2.36078e-06 -0.01718 0.0848429 -5.93447e-07 -0.000227757 4.64869e-05 -5.93447e-07 0.00932817 -0.017059 -2.36078e-06 -0.000227757 -0.017059 0.0841234 
0.00930547 -0.0171107 4.39454e-05 -3.01918e-06 -0.0171107 0.0844551 3.03506e-06 -0.000204407 4.39454e-05 3.03506e-06 0.00927398 -0.0169475 -3.01918e-06 -0.000204407 -0.0169475 0.0836308 
0.0092703 -0.0170418 3.58414e-05 -2.6684e-06 -0.0170418 0.0841044 6.89198e-06 -0.000199036 3.58414e-05 6.89198e-06 0.00922615 -0.0168633 -2.6684e-06 -0.000199036 -0.0168633 0.0832151 
0.0092581 -0.0170559 2.41796e-05 6.31395e-06 -0.0170559 0.0841598 1.61942e-05 -0.000210626 2.41796e-05 1.61942e-05 0.00924021 -0.0168684 6.31395e-06 -0.000210626 -0.0168684 0.083241 
0.00924368 -0.0170922 1.7049e-05 2.19297e-05 -0.0170922 0.0844128 2.72904e-05 -0.000235284 1.7049e-05 2.72904e-05 0.00929516 -0.0169367 2.19297e-05 -0.000235284 -0.0169367 0.0835322 
0.00921902 -0.0170317 2.8695e-05 3.34967e-05 -0.0170317 0.0842973 3.26253e-05 -0.000257258 2.8695e-05 3.26253e-05 0.00930027 -0.0169709 3.34967e-05 -0.000257258 -0.0169709 0.0835993 
0.00917642 -0.0168939 5.11494e-05 2.04868e-05 -0.0168939 0.0836762 1.44371e-05 -0.000238356 5.11494e-05 1.44371e-05 0.00923558 -0.0168794 2.04868e-05 -0.000238356 -0.0168794 0.0831579 
0.00916355 -0.0168768 5.59076e-05 -6.57643e-06 -0.0168768 0.083493 -1.47996e-05 -0.000182162 5.59076e-05 -1.47996e-05 0.00922 -0.0168344 -6.57643e-06 -0.000182162 -0.0168344 0.082996 
0.00918499 -0.0169335 4.31115e-05 -1.56339e-05 -0.0169335 0.0837365 -2.34491e-05 -0.000138224 4.31115e-05 -2.34491e-05 0.00924702 -0.0168748 -1.56339e-05 -0.000138224 -0.0168748 0.083191 
0.00922104 -0.0170032 2.41463e-05 -6.27761e-07 -0.0170032 0.0840992 -1.17808e-05 -0.000141091 2.41463e-05 -1.17808e-05 0.0092767 -0.0169512 -6.27761e-07 -0.000141091 -0.0169512 0.0835429 
0.00922413 -0.0170275 1.09968e-05 2.62104e-05 -0.0170275 0.0842323 1.85359e-05 -0.000198094 1.09968e-05 1.85359e-05 0.00930208 -0.0169681 2.62104e-05 -0.000198094 -0.0169681 0.0836671 
0.00922181 -0.0170306 5.47125e-07 4.42393e-05 -0.0170306 0.0843027 4.25137e-05 -0.000263674 5.47125e-07 4.25137e-05 0.00932167 -0.0170003 4.42393e-05 -0.000263674 -0.0170003 0.0837795 
0.00921982 -0.0170032 -4.62842e-06 5.96097e-05 -0.0170032 0.0842215 5.77718e-05 -0.000317271 -4.62842e-06 5.77718e-05 0.00932489 -0.0170114 5.96097e-05 -0.000317271 -0.0170114 0.0837952 
0.0092327 -0.0169814 -2.06988e-05 6.82639e-05 -0.0169814 0.0840993 6.20804e-05 -0.000348131 -2.06988e-05 6.20804e-05 0.00930015 -0.0170056 6.82639e-05 -0.000348131 -0.0170056 0.0837548 
0.00922067 -0.0169867 -2.26084e-05 8.65136e-05 -0.0169867 0.0840254 7.78152e-05 -0.000382708 -2.26084e-05 7.78152e-05 0.00929751 -0.0169718 8.65136e-05 -0.000382708 -0.0169718 0.0836626 
0.00920526 -0.0169932 5.52589e-06 8.81145e-05 -0.0169932 0.0840725 8.16807e-05 -0.000404797 5.52589e-06 8.16807e-05 0.00931364 -0.0169845 8.81145e-05 -0.000404797 -0.0169845 0.0836952 
0.00918166 -0.0169552 3.15972e-05 4.82351e-05 -0.0169552 0.0839647 4.65671e-05 -0.000349389 3.15972e-05 4.65671e-05 0.00931418 -0.0169864 4.82351e-05 -0.000349389 -0.0169864 0.0836545 
0.00918987 -0.0169153 3.19594e-05 1.15624e-05 -0.0169153 0.0838105 1.5293e-05 -0.000263157 3.19594e-05 1.5293e-05 0.00927563 -0.0169722 1.15624e-05 -0.000263157 -0.0169722 0.0835687 
0.00916292 -0.016885 3.08475e-05 6.92991e-06 -0.016885 0.0835576 1.52553e-05 -0.000219907 3.08475e-05 1.52553e-05 0.0092422 -0.0168829 6.92991e-06 -0.000219907 -0.0168829 0.0832506 
0.00912874 -0.0168166 1.68417e-05 8.33192e-06 -0.0168166 0.0832262 1.8902e-05 -0.000214195 1.68417e-05 1.8902e-05 0.00919671 -0.0168087 8.33192e-06 -0.000214195 -0.0168087 0.0828679 
0.00909758 -0.0167608 2.29608e-06 2.73898e-05 -0.0167608 0.0829421 3.47452e-05 -0.000239979 2.29608e-06 3.47452e-05 0.00915618 -0.0167468 2.73898e-05 -0.000239979 -0.0167468 0.0825713 
0.00910812 -0.0167591 6.11582e-06 4.86425e-05 -0.0167591 0.0829308 4.90966e-05 -0.000281344 6.11582e-06 4.90966e-05 0.00913827 -0.0167358 4.86425e-05 -0.000281344 -0.0167358 0.0825461 
0.00910657 -0.0167615 1.2996e-05 4.75527e-05 -0.0167615 0.0828877 4.30275e-05 -0.000294779 1.2996e-05 4.30275e-05 0.00912587 -0.0167025 4.75527e-05 -0.000294779 -0.0167025 0.0824439 
0.00909322 -0.0167734 1.16956e-05 4.13245e-05 -0.0167734 0.0829302 3.52741e-05 -0.000286377 1.16956e-05 3.52741e-05 0.00913879 -0.0166979 4.13245e-05 -0.000286377 -0.0166979 0.0824289 
0.00910289 -0.016766 1.81922e-05 4.25861e-05 -0.016766 0.0829671 3.76747e-05 -0.000284958 1.81922e-05 3.76747e-05 0.0091433 -0.0167261 4.25861e-05 -0.000284958 -0.0167261 0.0825039 
0.00910714 -0.016785 2.32613e-05 3.18795e-05 -0.016785 0.0830359 2.8268e-05 -0.000267691 2.32613e-05 2.8268e-05 0.00916046 -0.0167424 3.18795e-05 -0.000267691 -0.0167424 0.0826014 
0.00909552 -0.0167669 1.46234e-05 2.24834e-05 -0.0167669 0.0829653 2.19317e-05 -0.000243582 1.46234e-05 2.19317e-05 0.00915533 -0.0167405 2.24834e-05 -0.000243582 -0.0167405 0.0825631 
0.00910089 -0.016792 2.01732e-05 2.45446e-05 -0.016792 0.0831083 3.16362e-05 -0.000236644 2.01732e-05 3.16362e-05 0.0091802 -0.0167789 2.45446e-05 -0.000236644 -0.0167789 0.08275 
0.00910329 -0.0167886 2.52829e-05 1.78145e-05 -0.0167886 0.0831381 2.81442e-05 -0.000230966 2.52829e-05 2.81442e-05 0.00917746 -0.0167977 1.78145e-05 -0.000230966 -0.0167977 0.0828277 
0.00908519 -0.0167544 2.36661e-05 1.13914e-05 -0.0167544 0.0829761 1.9005e-05 -0.000211963 2.36661e-05 1.9005e-05 0.00916027 -0.0167579 1.13914e-05 -0.000211963 -0.0167579 0.0826803 
0.00907075 -0.016734 2.29441e-05 1.40433e-05 -0.016734 0.0828808 1.42205e-05 -0.000196522 2.29441e-05 1.42205e-05 0.00915731 -0.0167371 1.40433e-05 -0.000196522 -0.0167371 0.0825823 
0.00904721 -0.0166392 2.62302e-05 2.0862e-05 -0.0166392 0.0824356 1.2987e-05 -0.000197726 2.62302e-05 1.2987e-05 0.00909299 -0.0166605 2.0862e-05 -0.000197726 -0.0166605 0.0821689 
0.00905165 -0.0166273 2.53127e-05 1.72494e-05 -0.0166273 0.082274 8.32727e-06 -0.000191809 2.53127e-05 8.32727e-06 0.00904884 -0.0166046 1.72494e-05 -0.000191809 -0.0166046 0.0819653 
0.0090708 -0.0166997 1.37166e-05 1.52022e-05 -0.0166997 0.0825325 1.22352e-05 -0.000190232 1.37166e-05 1.22352e-05 0.00906396 -0.016611 1.52022e-05 -0.000190232 -0.016611 0.0820858 
0.00908303 -0.0167125 7.96526e-06 2.51747e-05 -0.0167125 0.0826204 2.75465e-05 -0.000208182 7.96526e-06 2.75465e-05 0.00906004 -0.0166088 2.51747e-05 -0.000208182 -0.0166088 0.0820762 
0.00911561 -0.016759 1.95032e-05 3.20023e-05 -0.016759 0.0828362 3.44544e-05 -0.000227805 1.95032e-05 3.44544e-05 0.0090771 -0.0166393 3.20023e-05 -0.000227805 -0.0166393 0.0822395 
0.00913526 -0.0168099 2.93452e-05 1.92625e-05 -0.0168099 0.083043 1.83287e-05 -0.000212348 2.93452e-05 1.83287e-05 0.00910003 -0.0166655 1.92625e-05 -0.000212348 -0.0166655 0.0823822 
0.00911587 -0.0168162 3.71154e-05 9.42502e-06 -0.0168162 0.0830868 5.74584e-06 -0.00018462 3.71154e-05 5.74584e-06 0.0091234 -0.0166754 9.42502e-06 -0.00018462 -0.0166754 0.0824015 
0.00909601 -0.0167816 3.22499e-05 -2.96273e-06 -0.0167816 0.0830051 -4.16721e-06 -0.000154291 3.22499e-05 -4.16721e-06 0.00913346 -0.0166875 -2.96273e-06 -0.000154291 -0.0166875 0.0823796 
0.00904334 -0.0167105 3.2394e-05 -1.33545e-09 -0.0167105 0.0826934 4.63346e-06 -0.000150564 3.2394e-05 4.63346e-06 0.0091244 -0.0166499 -1.33545e-09 -0.000150564 -0.0166499 0.082148 
0.00963525 -0.0177837 3.45178e-05 -1.4481e-07 -0.0177837 0.0880909 8.08826e-06 -0.000167381 3.45178e-05 8.08826e-06 0.00974291 -0.0177782 -1.4481e-07 -0.000167381 -0.0177782 0.0876333 
0.00964918 -0.0178021 3.1916e-05 5.64679e-07 -0.0178021 0.0881807 8.80573e-06 -0.000172928 3.1916e-05 8.80573e-06 0.00976614 -0.0178313 5.64679e-07 -0.000172928 -0.0178313 0.087842 
0.00966423 -0.0178015 3.00499e-05 9.09978e-06 -0.0178015 0.0881698 1.60721e-05 -0.000192121 3.00499e-05 1.60721e-05 0.00975752 -0.0178475 9.09978e-06 -0.000192121 -0.0178475 0.087909 
0.00903619 -0.0166474 3.16634e-05 1.04034e-05 -0.0166474 0.0823891 1.50449e-05 -0.000188897 3.16634e-05 1.50449e-05 0.00910937 -0.0166628 1.04034e-05 -0.000188897 -0.0166628 0.0821296 
0.00908101 -0.0167538 2.7071e-05 8.16612e-06 -0.0167538 0.0828882 9.29842e-06 -0.000185774 2.7071e-05 9.29842e-06 0.00915282 -0.016747 8.16612e-06 -0.000185774 -0.016747 0.0825729 
0.0090898 -0.0168046 1.55347e-05 1.43878e-05 -0.0168046 0.0831711 1.30968e-05 -0.000189837 1.55347e-05 1.30968e-05 0.00919343 -0.0167861 1.43878e-05 -0.000189837 -0.0167861 0.0828027 
0.00911118 -0.0167797 1.84601e-05 2.96544e-05 -0.0167797 0.0831413 2.7542e-05 -0.000217027 1.84601e-05 2.7542e-05 0.00918778 -0.0167977 2.96544e-05 -0.000217027 -0.0167977 0.0828037 
0.00913923 -0.0168391 1.50059e-05 2.73495e-05 -0.0168391 0.0833383 2.50419e-05 -0.00022933 1.50059e-05 2.50419e-05 0.00921455 -0.016829 2.73495e-05 -0.00022933 -0.016829 0.0829845 
0.00916845 -0.016883 2.72636e-05 3.29438e-05 -0.016883 0.0835316 3.03352e-05 -0.000239961 2.72636e-05 3.03352e-05 0.00923695 -0.0168684 3.29438e-05 -0.000239961 -0.0168684 0.0831481 
0.00920941 -0.0169282 3.1049e-05 1.78135e-05 -0.0169282 0.0837162 1.63914e-05 -0.000224549 3.1049e-05 1.63914e-05 0.00924353 -0.0169033 1.78135e-05 -0.000224549 -0.0169033 0.0833042 
0.00926229 -0.0170249 2.9591e-05 1.33448e-05 -0.0170249 0.0841042 1.36661e-05 -0.000211487 2.9591e-05 1.36661e-05 0.00926438 -0.016957 1.33448e-05 -0.000211487 -0.016957 0.0836109 
0.00928416 -0.0170752 2.33811e-05 1.53014e-05 -0.0170752 0.0842999 1.78725e-05 -0.000214945 2.33811e-05 1.78725e-05 0.00926019 -0.0169554 1.53014e-05 -0.000214945 -0.0169554 0.0836679 
0.00928608 -0.0170677 2.70953e-05 2.58908e-05 -0.0170677 0.0842611 2.75461e-05 -0.00023674 2.70953e-05 2.75461e-05 0.0092333 -0.016916 2.58908e-05 -0.00023674 -0.016916 0.0835206 
0.00925172 -0.0170449 3.36243e-05 2.57328e-05 -0.0170449 0.0841105 2.36389e-05 -0.000247523 3.36243e-05 2.36389e-05 0.00923524 -0.0168499 2.57328e-05 -0.000247523 -0.0168499 0.0832549 
0.00925152 -0.0170568 3.29197e-05 2.02668e-05 -0.0170568 0.0842345 1.55079e-05 -0.000243155 3.29197e-05 1.55079e-05 0.00926829 -0.0168967 2.02668e-05 -0.000243155 -0.0168967 0.0833669 
0.00923194 -0.0170644 1.91712e-05 2.07437e-05 -0.0170644 0.0843259 1.49435e-05 -0.000239489 1.91712e-05 1.49435e-05 0.00931338 -0.016949 2.07437e-05 -0.000239489 -0.016949 0.0835423 
0.0092041 -0.0170273 -3.12116e-06 3.1283e-05 -0.0170273 0.0842745 2.85284e-05 -0.000252122 -3.12116e-06 2.85284e-05 0.00934851 -0.016997 3.1283e-05 -0.000252122 -0.016997 0.0836652 
0.00917874 -0.0169628 -1.15035e-05 5.34975e-05 -0.0169628 0.0840668 5.86261e-05 -0.000297794 -1.15035e-05 5.86261e-05 0.00935722 -0.0170258 5.34975e-05 -0.000297794 -0.0170258 0.0837 
0.0091394 -0.0168941 -1.65603e-05 6.01074e-05 -0.0168941 0.0837547 7.26111e-05 -0.000333427 -1.65603e-05 7.26111e-05 0.00935238 -0.0170092 6.01074e-05 -0.000333427 -0.0170092 0.0835856 
0.00912769 -0.0168019 -1.03053e-05 6.55066e-05 -0.0168019 0.0833312 8.06705e-05 -0.000355646 -1.03053e-05 8.06705e-05 0.00929608 -0.0169639 6.55066e-05 -0.000355646 -0.0169639 0.0833172 
0.0091525 -0.0168099 1.97512e-05 5.74672e-05 -0.0168099 0.0832297 7.21013e-05 -0.000348844 1.97512e-05 7.21013e-05 0.00924805 -0.0169192 5.74672e-05 -0.000348844 -0.0169192 0.0831977 
0.00916967 -0.0168508 3.30707e-05 2.26251e-05 -0.0168508 0.0832716 3.31222e-05 -0.000285556 3.30707e-05 3.31222e-05 0.00921645 -0.0168576 2.26251e-05 -0.000285556 -0.0168576 0.0830375 
0.00922185 -0.0169632 3.85967e-05 6.19073e-06 -0.0169632 0.0837504 9.67867e-06 -0.000218247 3.85967e-05 9.67867e-06 0.00923492 -0.0168905 6.19073e-06 -0.000218247 -0.0168905 0.0832707 
0.00925991 -0.0170973 2.82804e-05 1.92734e-06 -0.0170973 0.0843993 -4.76636e-07 -0.000182415 2.82804e-05 -4.76636e-07 0.00929611 -0.0169741 1.92734e-06 -0.000182415 -0.0169741 0.0837286 
0.00924377 -0.0170942 1.312e-05 1.31906e-05 -0.0170942 0.0845146 1.15057e-05 -0.000185609 1.312e-05 1.15057e-05 0.00931941 -0.0169921 1.31906e-05 -0.000185609 -0.0169921 0.083792 
0.00921376 -0.0170549 5.13104e-06 3.33814e-05 -0.0170549 0.0844511 3.30928e-05 -0.000225218 5.13104e-06 3.30928e-05 0.00935118 -0.0170134 3.33814e-05 -0.000225218 -0.0170134 0.083832 
0.00919367 -0.0169538 1.4201e-05 4.56515e-05 -0.0169538 0.0840719 4.6356e-05 -0.000266359 1.4201e-05 4.6356e-05 0.00933492 -0.0170074 4.56515e-05 -0.000266359 -0.0170074 0.0836777 
0.00918995 -0.0168991 1.72552e-05 3.48173e-05 -0.0168991 0.0837223 3.5815e-05 -0.000266008 1.72552e-05 3.5815e-05 0.00929407 -0.0169638 3.48173e-05 -0.000266008 -0.0169638 0.0834544 
0.00922402 -0.0169598 1.76954e-05 2.75097e-05 -0.0169598 0.0838758 3.00536e-05 -0.000248407 1.76954e-05 3.00536e-05 0.00929543 -0.0169721 2.75097e-05 -0.000248407 -0.0169721 0.0835544 
0.00925999 -0.0170103 1.94594e-05 2.05949e-05 -0.0170103 0.0840389 2.70913e-05 -0.000227567 1.94594e-05 2.70913e-05 0.0092849 -0.0169677 2.05949e-05 -0.000227567 -0.0169677 0.0835735 
0.0092558 -0.0170194 2.11433e-05 1.55133e-05 -0.0170194 0.0839884 2.35321e-05 -0.000207831 2.11433e-05 2.35321e-05 0.00925681 -0.0169078 1.55133e-05 -0.000207831 -0.0169078 0.0833394 
0.00925985 -0.0170603 1.79358e-05 1.48796e-05 -0.0170603 0.0841585 2.04513e-05 -0.000195901 1.79358e-05 2.04513e-05 0.00926091 -0.016902 1.48796e-05 -0.000195901 -0.016902 0.0833318 
0.00922902 -0.0170204 1.31419e-05 1.86965e-05 -0.0170204 0.0840051 2.20948e-05 -0.000193931 1.31419e-05 2.20948e-05 0.00924189 -0.0168518 1.86965e-05 -0.000193931 -0.0168518 0.0830781 
0.00921533 -0.0169575 5.48427e-06 2.34241e-05 -0.0169575 0.0837613 2.73432e-05 -0.000200033 5.48427e-06 2.73432e-05 0.00920195 -0.0168153 2.34241e-05 -0.000200033 -0.0168153 0.0828531 
0.00926458 -0.0170212 1.00608e-05 3.12535e-05 -0.0170212 0.0840299 3.64231e-05 -0.00021505 1.00608e-05 3.64231e-05 0.00920698 -0.0168598 3.12535e-05 -0.00021505 -0.0168598 0.0831233 
0.00927501 -0.0170855 1.80747e-05 2.58192e-05 -0.0170855 0.0842602 3.07072e-05 -0.000214235 1.80747e-05 3.07072e-05 0.00923276 -0.0168608 2.58192e-05 -0.000214235 -0.0168608 0.0832399 
0.00927655 -0.017077 2.08737e-05 2.05763e-05 -0.017077 0.0842887 2.19146e-05 -0.000202224 2.08737e-05 2.19146e-05 0.00924087 -0.016875 2.05763e-05 -0.000202224 -0.016875 0.0832549 
0.00928236 -0.0171135 3.74258e-05 1.86174e-05 -0.0171135 0.0844798 1.50922e-05 -0.00019154 3.74258e-05 1.50922e-05 0.0092836 -0.016928 1.86174e-05 -0.00019154 -0.016928 0.0834924 
0.00929533 -0.0171669 5.51545e-05 -3.02705e-07 -0.0171669 0.0848093 -4.68732e-06 -0.000160332 5.51545e-05 -4.68732e-06 0.00935447 -0.0170274 -3.02705e-07 -0.000160332 -0.0170274 0.0839132 
0.00931302 -0.0171826 5.63694e-05 -2.28584e-05 -0.0171826 0.084983 -2.31266e-05 -0.00011527 5.63694e-05 -2.31266e-05 0.00939607 -0.0171115 -2.28584e-05 -0.00011527 -0.0171115 0.0842336 
0.00932977 -0.0171871 4.1766e-05 -2.6067e-05 -0.0171871 0.0850155 -2.22771e-05 -9.37029e-05 4.1766e-05 -2.22771e-05 0.00940561 -0.0171458 -2.6067e-05 -9.37029e-05 -0.0171458 0.0843773 
0.00936702 -0.0172428 7.79081e-06 -5.64376e-06 -0.0172428 0.0852419 9.22877e-07 -0.000127876 7.79081e-06 9.22877e-07 0.00941109 -0.0171891 -5.64376e-06 -0.000127876 -0.0171891 0.084618 
0.00940372 -0.017276 -1.66567e-05 3.57148e-05 -0.017276 0.0853522 4.47882e-05 -0.000214416 -1.66567e-05 4.47882e-05 0.00939609 -0.0171745 3.57148e-05 -0.000214416 -0.0171745 0.084639 
0.00941604 -0.0172938 -2.32526e-05 6.62771e-05 -0.0172938 0.0853368 7.45177e-05 -0.000300489 -2.32526e-05 7.45177e-05 0.00938837 -0.0171227 6.62771e-05 -0.000300489 -0.0171227 0.0844614 
0.0094227 -0.0173124 -3.92284e-06 7.80799e-05 -0.0173124 0.0853618 8.26225e-05 -0.00035127 -3.92284e-06 8.26225e-05 0.00936746 -0.017104 7.80799e-05 -0.00035127 -0.017104 0.0843344 
0.00937067 -0.0172688 8.03907e-06 5.22819e-05 -0.0172688 0.0851232 5.18483e-05 -0.000318423 8.03907e-06 5.18483e-05 0.009352 -0.0170276 5.22819e-05 -0.000318423 -0.0170276 0.0839883 
0.00933525 -0.0172236 2.49493e-06 3.21405e-05 -0.0172236 0.0850012 2.97638e-05 -0.000256513 2.49493e-06 2.97638e-05 0.0093626 -0.0170275 3.21405e-05 -0.000256513 -0.0170275 0.0838905 
0.00931568 -0.017181 5.79862e-06 3.46517e-05 -0.017181 0.084873 3.54029e-05 -0.000231141 5.79862e-06 3.54029e-05 0.00935263 -0.0170419 3.46517e-05 -0.000231141 -0.0170419 0.0838746 
0.00928235 -0.0171374 1.25337e-05 2.98154e-05 -0.0171374 0.0846838 3.51959e-05 -0.000223613 1.25337e-05 3.51959e-05 0.00935401 -0.0170165 2.98154e-05 -0.000223613 -0.0170165 0.083773 
0.00928841 -0.0171323 3.2175e-05 2.05526e-05 -0.0171323 0.0847189 2.71858e-05 -0.00020561 3.2175e-05 2.71858e-05 0.00937835 -0.0170563 2.05526e-05 -0.00020561 -0.0170563 0.0839075 
0.00928632 -0.0170974 3.14261e-05 -1.87302e-06 -0.0170974 0.0845466 7.1424e-07 -0.000157508 3.14261e-05 7.1424e-07 0.00936666 -0.017054 -1.87302e-06 -0.000157508 -0.017054 0.0838486 
0.00929653 -0.0171125 2.06976e-05 -1.51227e-07 -0.0171125 0.0845628 -3.13772e-07 -0.00013484 2.06976e-05 -3.13772e-07 0.00935601 -0.0170678 -1.51227e-07 -0.00013484 -0.0170678 0.0839237 
0.00930347 -0.0171054 3.58725e-06 1.32368e-05 -0.0171054 0.0844895 1.42383e-05 -0.000150528 3.58725e-06 1.42383e-05 0.00933042 -0.0170312 1.32368e-05 -0.000150528 -0.0170312 0.0838216 
0.0093137 -0.0171547 -1.32254e-05 3.3388e-05 -0.0171547 0.0846582 3.79364e-05 -0.000195914 -1.32254e-05 3.79364e-05 0.00934114 -0.0170289 3.3388e-05 -0.000195914 -0.0170289 0.0838776 
0.00933067 -0.0171715 -9.80098e-06 5.33522e-05 -0.0171715 0.084766 5.91028e-05 -0.000247857 -9.80098e-06 5.91028e-05 0.00935641 -0.017037 5.33522e-05 -0.000247857 -0.017037 0.0839071 
0.00935905 -0.0172421 3.18834e-06 4.9026e-05 -0.0172421 0.0850856 5.28018e-05 -0.000258898 3.18834e-06 5.28018e-05 0.00939262 -0.0171005 4.9026e-05 -0.000258898 -0.0171005 0.0841794 
0.00936738 -0.0173046 2.18346e-06 3.29188e-05 -0.0173046 0.0854245 3.48018e-05 -0.000230544 2.18346e-06 3.48018e-05 0.00944073 -0.0171744 3.29188e-05 -0.000230544 -0.0171744 0.0845156 
0.00936207 -0.0172747 1.13212e-05 3.18778e-05 -0.0172747 0.0853987 3.6528e-05 -0.000214412 1.13212e-05 3.6528e-05 0.00944069 -0.0171931 3.18778e-05 -0.000214412 -0.0171931 0.0845672 
0.00937183 -0.0172548 2.40664e-05 1.9978e-05 -0.0172548 0.085311 2.77563e-05 -0.000196751 2.40664e-05 2.77563e-05 0.00943415 -0.0171801 1.9978e-05 -0.000196751 -0.0171801 0.0845305 
0.00938066 -0.0172923 2.62661e-05 4.18359e-06 -0.0172923 0.0854216 1.2008e-05 -0.000163755 2.62661e-05 1.2008e-05 0.00945397 -0.0171947 4.18359e-06 -0.000163755 -0.0171947 0.0846151 
0.00938852 -0.0173273 9.68547e-06 4.5595e-06 -0.0173273 0.085604 8.26461e-06 -0.000147481 9.68547e-06 8.26461e-06 0.00946972 -0.0172335 4.5595e-06 -0.000147481 -0.0172335 0.0847697 
0.00935443 -0.0172654 1.18839e-06 2.32184e-05 -0.0172654 0.0853431 2.35448e-05 -0.000165352 1.18839e-06 2.35448e-05 0.00944548 -0.0171774 2.32184e-05 -0.000165352 -0.0171774 0.0845062 
0.00933169 -0.0172241 4.39287e-08 3.34227e-05 -0.0172241 0.0851725 3.46853e-05 -0.000192375 4.39287e-08 3.46853e-05 0.00942839 -0.0171568 3.34227e-05 -0.000192375 -0.0171568 0.0843791 
0.00933056 -0.0171953 3.49442e-06 2.91776e-05 -0.0171953 0.0850513 3.51135e-05 -0.000195237 3.49442e-06 3.51135e-05 0.00940226 -0.0171383 2.91776e-05 -0.000195237 -0.0171383 0.0842966 
0.00932141 -0.0171864 1.08092e-05 2.18283e-05 -0.0171864 0.0849701 2.76581e-05 -0.00017721 1.08092e-05 2.76581e-05 0.00939579 -0.0171091 2.18283e-05 -0.00017721 -0.0171091 0.084212 
0.00929322 -0.0171546 2.88389e-06 1.45937e-05 -0.0171546 0.0848176 1.693e-05 -0.000153368 2.88389e-06 1.693e-05 0.00938736 -0.0170803 1.45937e-05 -0.000153368 -0.0170803 0.0840575 
0.00926582 -0.017124 -4.2746e-06 2.76122e-05 -0.017124 0.0847149 2.7018e-05 -0.000162328 -4.2746e-06 2.7018e-05 0.00938941 -0.0170768 2.76122e-05 -0.000162328 -0.0170768 0.0840025 
0.00926858 -0.0170942 -2.04912e-06 4.00119e-05 -0.0170942 0.0846355 3.62429e-05 -0.000188896 -2.04912e-06 3.62429e-05 0.00938153 -0.0170881 4.00119e-05 -0.000188896 -0.0170881 0.0840197 
0.0092698 -0.0170814 -2.14205e-06 3.70292e-05 -0.0170814 0.0845248 3.21356e-05 -0.000194152 -2.14205e-06 3.21356e-05 0.00936375 -0.0170636 3.70292e-05 -0.000194152 -0.0170636 0.0839375 
0.00927756 -0.0170836 5.07722e-06 3.17623e-05 -0.0170836 0.0844793 3.14613e-05 -0.000184668 5.07722e-06 3.14613e-05 0.00934819 -0.0170373 3.17623e-05 -0.000184668 -0.0170373 0.0838434 
0.0092929 -0.0171333 1.03632e-05 2.2338e-05 -0.0171333 0.0846731 2.70653e-05 -0.000173016 1.03632e-05 2.70653e-05 0.00935188 -0.0170604 2.2338e-05 -0.000173016 -0.0170604 0.0839719 
0.00926838 -0.0171095 1.58668e-05 9.60066e-06 -0.0171095 0.084574 1.82177e-05 -0.000144679 1.58668e-05 1.82177e-05 0.00933338 -0.0170187 9.60066e-06 -0.000144679 -0.0170187 0.0838178 
0.00922416 -0.017046 8.64825e-06 5.2682e-07 -0.017046 0.0843182 7.99223e-06 -0.000113042 8.64825e-06 7.99223e-06 0.00931401 -0.0169656 5.2682e-07 -0.000113042 -0.0169656 0.0835628 
0.00920226 -0.0169824 1.34785e-05 9.87904e-06 -0.0169824 0.0840738 1.34685e-05 -0.00010946 1.34785e-05 1.34685e-05 0.00928785 -0.0169367 9.87904e-06 -0.00010946 -0.0169367 0.0833855 
0.00919177 -0.0169405 2.98937e-05 5.91578e-06 -0.0169405 0.0838567 4.50469e-06 -9.91559e-05 2.98937e-05 4.50469e-06 0.0092468 -0.0168982 5.91578e-06 -9.91559e-05 -0.0168982 0.083221 
0.009179 -0.0169055 1.87016e-05 -1.05591e-05 -0.0169055 0.0836393 -1.81835e-05 -6.3127e-05 1.87016e-05 -1.81835e-05 0.00920824 -0.016832 -1.05591e-05 -6.3127e-05 -0.016832 0.0829818 
0.00916961 -0.0168623 1.52246e-05 1.48133e-06 -0.0168623 0.0833819 -6.62599e-06 -6.05078e-05 1.52246e-05 -6.62599e-06 0.00916472 -0.0167574 1.48133e-06 -6.05078e-05 -0.0167574 0.0826629 
0.00915402 -0.0168477 1.21329e-05 6.12083e-06 -0.0168477 0.0832252 5.73203e-07 -7.4838e-05 1.21329e-05 5.73203e-07 0.0091287 -0.0166974 6.12083e-06 -7.4838e-05 -0.0166974 0.0824075 
0.00912897 -0.0168551 1.65256e-05 7.44765e-06 -0.0168551 0.0832428 8.49822e-06 -8.88133e-05 1.65256e-05 8.49822e-06 0.00913758 -0.0166729 7.44765e-06 -8.88133e-05 -0.0166729 0.0823236 
0.00912152 -0.0168498 2.62232e-05 5.6975e-07 -0.0168498 0.083336 9.24544e-06 -9.20227e-05 2.62232e-05 9.24544e-06 0.00916743 -0.0167202 5.6975e-07 -9.20227e-05 -0.0167202 0.0824703 
0.00910089 -0.0168241 2.50287e-05 -1.50529e-05 -0.0168241 0.0832853 -3.47814e-06 -6.63358e-05 2.50287e-05 -3.47814e-06 0.00919825 -0.0167506 -1.50529e-05 -6.63358e-05 -0.0167506 0.0825582 
0.00909742 -0.0167996 5.56151e-06 -1.38499e-05 -0.0167996 0.0832312 -7.65864e-06 -4.738e-05 5.56151e-06 -7.65864e-06 0.00920325 -0.0167916 -1.38499e-05 -4.738e-05 -0.0167916 0.0826701 
0.00908227 -0.0167405 -6.6485e-06 1.24837e-05 -0.0167405 0.0829317 1.11752e-05 -7.45005e-05 -6.6485e-06 1.11752e-05 0.00916363 -0.0167441 1.24837e-05 -7.45005e-05 -0.0167441 0.0824633 
0.00909422 -0.016707 -8.73942e-06 2.9336e-05 -0.016707 0.0827011 2.52791e-05 -0.000115477 -8.73942e-06 2.52791e-05 0.00910478 -0.0166838 2.9336e-05 -0.000115477 -0.0166838 0.0822226 
0.00912924 -0.0168071 1.2398e-06 3.05499e-05 -0.0168071 0.0830283 2.90798e-05 -0.000135508 1.2398e-06 2.90798e-05 0.0091195 -0.0166859 3.05499e-05 -0.000135508 -0.0166859 0.0823716 
0.00916025 -0.0168695 1.5202e-05 1.65902e-05 -0.0168695 0.0833326 1.8279e-05 -0.000120729 1.5202e-05 1.8279e-05 0.00913568 -0.0167134 1.65902e-05 -0.000120729 -0.0167134 0.0825196 
0.00917939 -0.0168891 -1.4327e-06 -6.30756e-06 -0.0168891 0.0834266 -1.76947e-06 -7.27837e-05 -1.4327e-06 -1.76947e-06 0.00913148 -0.0167124 -6.30756e-06 -7.27837e-05 -0.0167124 0.0825264 
