0.00660856 0 -4.23771e-05 0 0 0.00942241 0 0 -4.23771e-05 0 0.00670024 0 0 0 0 0.00942241 
0.00970858 -0.0120537 -5.25664e-05 6.41064e-05 -0.0120537 0.0320489 6.41064e-05 -0.000122756 -5.25664e-05 6.41064e-05 0.00978535 -0.0121427 6.41064e-05 -0.000122756 -0.0121427 0.0322186 
0.00917846 -0.0171495 -2.12223e-05 5.01124e-05 -0.0171495 0.0632293 5.01124e-05 -0.000153176 -2.12223e-05 5.01124e-05 0.00918312 -0.0170624 5.01124e-05 -0.000153176 -0.0170624 0.0628976 
0.00863525 -0.0168918 3.88414e-06 -2.09701e-05 -0.0168918 0.0758896 -2.41685e-05 0.000114889 3.88414e-06 -2.41685e-05 0.00868275 -0.0165736 -2.09701e-05 0.000114889 -0.0165736 0.0742281 
0.00913824 -0.0172764 -2.07214e-06 -5.33619e-05 -0.0172764 0.0838833 -5.84686e-05 0.000319019 -2.07214e-06 -5.84686e-05 0.00917213 -0.0170293 -5.33619e-05 0.000319019 -0.0170293 0.0816924 
0.00894533 -0.0165549 -1.61e-05 -2.93361e-05 -0.0165549 0.0818201 -3.61351e-05 0.000283507 -1.61e-05 -3.61351e-05 0.00895242 -0.0163935 -2.93361e-05 0.000283507 -0.0163935 0.0801227 
0.00941355 -0.0173273 -2.5932e-05 -1.76748e-06 -0.0173273 0.0857122 -8.45739e-06 0.000187051 -2.5932e-05 -8.45739e-06 0.00941 -0.0171652 -1.76748e-06 0.000187051 -0.0171652 0.0843474 
0.00914373 -0.0168469 -2.11844e-05 1.3118e-05 -0.0168469 0.0832853 7.11463e-06 9.72305e-05 -2.11844e-05 7.11463e-06 0.00916891 -0.016682 1.3118e-05 9.72305e-05 -0.016682 0.0821594 
0.00961182 -0.0176943 2.18011e-06 7.75743e-06 -0.0176943 0.0875006 9.42265e-07 7.60858e-05 2.18011e-06 9.42265e-07 0.00966833 -0.0175443 7.75743e-06 7.60858e-05 -0.0175443 0.0864325 
0.00946679 -0.0174417 2.44107e-06 -1.9795e-05 -0.0174417 0.0862103 -2.77901e-05 0.000111243 2.44107e-06 -2.77901e-05 0.00955699 -0.0173231 -1.9795e-05 0.000111243 -0.0173231 0.085243 
0.00940298 -0.0173513 -1.47433e-05 -2.14239e-05 -0.0173513 0.0857602 -2.77162e-05 0.000132089 -1.47433e-05 -2.77162e-05 0.00951868 -0.0172724 -2.14239e-05 0.000132089 -0.0172724 0.08488 
0.00938422 -0.0173302 -1.24899e-05 1.76136e-07 -0.0173302 0.0856984 -1.17666e-06 9.52957e-05 -1.24899e-05 -1.17666e-06 0.0095098 -0.0172805 1.76136e-07 9.52957e-05 -0.0172805 0.0848909 
0.00938609 -0.0173451 6.51388e-06 -3.19194e-06 -0.0173451 0.085825 -2.4347e-06 7.72991e-05 6.51388e-06 -2.4347e-06 0.00953046 -0.0173177 -3.19194e-06 7.72991e-05 -0.0173177 0.0850917 
0.009351 -0.0172713 2.13198e-05 -2.43814e-05 -0.0172713 0.0855136 -2.46608e-05 0.000104681 2.13198e-05 -2.46608e-05 0.00950028 -0.0172689 -2.43814e-05 0.000104681 -0.0172689 0.0848543 
0.00937094 -0.0172618 2.18136e-05 -4.01706e-05 -0.0172618 0.0854766 -4.27808e-05 0.000143732 2.18136e-05 -4.27808e-05 0.0094652 -0.0172698 -4.01706e-05 0.000143732 -0.0172698 0.084872 
0.00936609 -0.0172341 1.20739e-05 -3.9488e-05 -0.0172341 0.08525 -4.59259e-05 0.000160727 1.20739e-05 -4.59259e-05 0.00941534 -0.0171834 -3.9488e-05 0.000160727 -0.0171834 0.0845907 
0.00936395 -0.0172323 9.97544e-06 -2.82076e-05 -0.0172323 0.0851659 -3.61753e-05 0.000149828 9.97544e-06 -3.61753e-05 0.0094027 -0.0171294 -2.82076e-05 0.000149828 -0.0171294 0.0843949 
0.00936112 -0.0172217 -3.6672e-06 -2.42264e-05 -0.0172217 0.0850761 -3.05508e-05 0.000132213 -3.6672e-06 -3.05508e-05 0.00937732 -0.0171022 -2.42264e-05 0.000132213 -0.0171022 0.0842316 
0.00935971 -0.0172475 -1.62885e-05 -8.83509e-06 -0.0172475 0.0851568 -1.13051e-05 9.82205e-05 -1.62885e-05 -1.13051e-05 0.00937836 -0.0170939 -8.83509e-06 9.82205e-05 -0.0170939 0.0842288 
0.00933862 -0.0172533 -1.70911e-05 7.0356e-06 -0.0172533 0.0852132 7.85699e-06 5.27238e-05 -1.70911e-05 7.85699e-06 0.00939657 -0.017092 7.0356e-06 5.27238e-05 -0.017092 0.0842224 
0.00931255 -0.0171934 -9.68718e-06 8.94597e-06 -0.0171934 0.0850338 8.77612e-06 3.09643e-05 -9.68718e-06 8.77612e-06 0.0093777 -0.0170839 8.94597e-06 3.09643e-05 -0.0170839 0.084102 
0.00928171 -0.0170917 -8.31388e-06 2.82332e-06 -0.0170917 0.0845615 -3.58041e-06 3.94847e-05 -8.31388e-06 -3.58041e-06 0.00931985 -0.0170004 2.82332e-06 3.94847e-05 -0.0170004 0.0837082 
0.00928608 -0.0170818 -8.14227e-06 -8.0519e-08 -0.0170818 0.0844325 -7.62215e-06 5.29107e-05 -8.14227e-06 -7.62215e-06 0.00929247 -0.0169626 -8.0519e-08 5.29107e-05 -0.0169626 0.0835708 
0.00929497 -0.0171151 -1.13813e-05 -1.92103e-06 -0.0171151 0.0845128 -6.37901e-06 5.75952e-05 -1.13813e-05 -6.37901e-06 0.00929424 -0.0169513 -1.92103e-06 5.75952e-05 -0.0169513 0.0835638 
0.00930153 -0.0171369 -2.18054e-05 -3.18791e-06 -0.0171369 0.0846121 1.98986e-07 5.72715e-05 -2.18054e-05 1.98986e-07 0.00929946 -0.0169602 -3.18791e-06 5.72715e-05 -0.0169602 0.0835973 
0.00928824 -0.0171473 -3.61086e-05 1.1012e-06 -0.0171473 0.0846737 1.4276e-05 4.75583e-05 -3.61086e-05 1.4276e-05 0.00932049 -0.0169657 1.1012e-06 4.75583e-05 -0.0169657 0.0836254 
0.00928223 -0.0171347 -2.92035e-05 1.28472e-05 -0.0171347 0.0847005 3.3171e-05 2.29408e-05 -2.92035e-05 3.3171e-05 0.00933347 -0.0170022 1.28472e-05 2.29408e-05 -0.0170022 0.0837247 
0.00928117 -0.0171182 -1.61304e-05 7.13404e-06 -0.0171182 0.0846643 2.44038e-05 2.22509e-05 -1.61304e-05 2.44038e-05 0.00933232 -0.0170194 7.13404e-06 2.22509e-05 -0.0170194 0.0837967 
0.00926919 -0.0171165 2.94106e-06 -8.28968e-06 -0.0171165 0.0846509 4.16594e-06 5.65638e-05 2.94106e-06 4.16594e-06 0.00934346 -0.0170206 -8.28968e-06 5.65638e-05 -0.0170206 0.0838357 
0.00924794 -0.0170713 1.02659e-05 -3.25752e-05 -0.0170713 0.0844778 -2.63614e-05 0.00012078 1.02659e-05 -2.63614e-05 0.00933735 -0.0170044 -3.25752e-05 0.00012078 -0.0170044 0.0837267 
0.00922052 -0.0170256 1.08363e-05 -4.04359e-05 -0.0170256 0.0842604 -3.86158e-05 0.000167711 1.08363e-05 -3.86158e-05 0.00933013 -0.0169761 -4.04359e-05 0.000167711 -0.0169761 0.0835659 
0.00920055 -0.0169737 7.86188e-06 -4.20752e-05 -0.0169737 0.0840313 -4.07996e-05 0.00018875 7.86188e-06 -4.07996e-05 0.0093163 -0.01696 -4.20752e-05 0.00018875 -0.01696 0.08343 
0.00921735 -0.0169884 -4.07094e-07 -3.91445e-05 -0.0169884 0.0840848 -3.72349e-05 0.000192101 -4.07094e-07 -3.72349e-05 0.00931646 -0.0169878 -3.91445e-05 0.000192101 -0.0169878 0.0835524 
0.00922546 -0.0169994 -5.70178e-06 -2.80588e-05 -0.0169994 0.0840927 -2.69831e-05 0.000174213 -5.70178e-06 -2.69831e-05 0.00931222 -0.0169782 -2.80588e-05 0.000174213 -0.0169782 0.0835538 
0.00924722 -0.017078 3.16193e-07 -1.94505e-05 -0.017078 0.0844454 -2.16723e-05 0.000155615 3.16193e-07 -2.16723e-05 0.00935453 -0.017035 -1.94505e-05 0.000155615 -0.017035 0.0838544 
0.00927072 -0.0170733 6.5269e-06 -2.27442e-05 -0.0170733 0.0844885 -2.87084e-05 0.00015487 6.5269e-06 -2.87084e-05 0.00933685 -0.0170532 -2.27442e-05 0.00015487 -0.0170532 0.0839109 
0.00927147 -0.0171019 3.03622e-06 -2.72599e-05 -0.0171019 0.0845425 -3.36309e-05 0.00015916 3.03622e-06 -3.36309e-05 0.00933381 -0.0170245 -2.72599e-05 0.00015916 -0.0170245 0.0838805 
0.00926363 -0.0170995 -8.47373e-06 -2.36095e-05 -0.0170995 0.0845587 -2.8025e-05 0.000152063 -8.47373e-06 -2.8025e-05 0.00933249 -0.0170141 -2.36095e-05 0.000152063 -0.0170141 0.0838273 
0.00924785 -0.0170433 -2.98551e-06 -1.3615e-05 -0.0170433 0.0843247 -1.5653e-05 0.000132531 -2.98551e-06 -1.5653e-05 0.00930574 -0.0169718 -1.3615e-05 0.000132531 -0.0169718 0.083601 
0.00918766 -0.0169464 -8.92354e-06 -1.9893e-05 -0.0169464 0.0838005 -1.95462e-05 0.00012801 -8.92354e-06 -1.95462e-05 0.00925634 -0.0168596 -1.9893e-05 0.00012801 -0.0168596 0.0830618 
0.00917904 -0.0169346 -4.79808e-07 -1.30004e-05 -0.0169346 0.083748 -9.96508e-06 0.000116233 -4.79808e-07 -9.96508e-06 0.0092325 -0.0168552 -1.30004e-05 0.000116233 -0.0168552 0.0829987 
0.00915585 -0.0169312 1.16328e-05 -1.98578e-05 -0.0169312 0.0837426 -1.73258e-05 0.000116475 1.16328e-05 -1.73258e-05 0.00923722 -0.0168384 -1.98578e-05 0.000116475 -0.0168384 0.082979 
0.00913021 -0.0168681 7.89095e-06 -2.9378e-05 -0.0168681 0.0835318 -3.28049e-05 0.000134709 7.89095e-06 -3.28049e-05 0.00922664 -0.0168144 -2.9378e-05 0.000134709 -0.0168144 0.0828268 
0.00914771 -0.0168424 -1.07849e-05 -2.222e-05 -0.0168424 0.0834298 -2.96846e-05 0.000133971 -1.07849e-05 -2.96846e-05 0.00920466 -0.0168225 -2.222e-05 0.000133971 -0.0168225 0.082831 
0.00916203 -0.0168678 -2.1049e-05 -8.54512e-07 -0.0168678 0.0834339 -5.29817e-06 9.47896e-05 -2.1049e-05 -5.29817e-06 0.00918399 -0.0167983 -8.54512e-07 9.47896e-05 -0.0167983 0.0828051 
0.00916824 -0.0168787 -2.78492e-05 9.00539e-06 -0.0168787 0.0834289 9.9795e-06 5.46089e-05 -2.78492e-05 9.9795e-06 0.00916104 -0.0167618 9.00539e-06 5.46089e-05 -0.0167618 0.0826958 
0.0091679 -0.0169049 -1.76923e-05 1.45569e-05 -0.0169049 0.0835175 1.88961e-05 2.93793e-05 -1.76923e-05 1.88961e-05 0.00916554 -0.016743 1.45569e-05 2.93793e-05 -0.016743 0.0826574 
0.00915894 -0.0168994 -2.21921e-05 -1.4057e-06 -0.0168994 0.0835294 4.04399e-06 4.76828e-05 -2.21921e-05 4.04399e-06 0.00917492 -0.0167444 -1.4057e-06 4.76828e-05 -0.0167444 0.0826303 
0.00914097 -0.0168943 -2.57009e-05 -4.07445e-06 -0.0168943 0.083544 4.46032e-06 7.13903e-05 -2.57009e-05 4.46032e-06 0.00919725 -0.0167629 -4.07445e-06 7.13903e-05 -0.0167629 0.0826752 
0.00913971 -0.0168781 -2.0075e-05 -3.08759e-06 -0.0168781 0.0835476 9.994e-06 7.69047e-05 -2.0075e-05 9.994e-06 0.0092077 -0.0168001 -3.08759e-06 7.69047e-05 -0.0168001 0.082783 
0.00915165 -0.0168534 -1.2249e-05 -9.7673e-06 -0.0168534 0.0834417 5.12244e-06 8.56504e-05 -1.2249e-05 5.12244e-06 0.00918416 -0.016798 -9.7673e-06 8.56504e-05 -0.016798 0.0827738 
0.00913454 -0.0168292 1.02114e-05 -2.09708e-05 -0.0168292 0.0832343 -5.97111e-06 0.000110964 1.02114e-05 -5.97111e-06 0.00916838 -0.0167366 -2.09708e-05 0.000110964 -0.0167366 0.0825547 
0.00909893 -0.0167946 3.68245e-06 -4.33232e-05 -0.0167946 0.0830395 -3.30783e-05 0.00015836 3.68245e-06 -3.30783e-05 0.00915795 -0.0166984 -4.33232e-05 0.00015836 -0.0166984 0.0823314 
0.0090681 -0.016759 -1.81069e-05 -3.06481e-05 -0.016759 0.0829222 -2.88914e-05 0.000168672 -1.81069e-05 -2.88914e-05 0.00916322 -0.0166977 -3.06481e-05 0.000168672 -0.0166977 0.0822671 
0.00905051 -0.0167409 -2.87873e-05 3.37305e-08 -0.0167409 0.0829066 -2.66852e-06 0.000120904 -2.87873e-05 -2.66852e-06 0.00918205 -0.0167303 3.37305e-08 0.000120904 -0.0167303 0.0823674 
0.00905792 -0.016768 -2.59297e-05 1.64456e-05 -0.016768 0.0831114 1.00159e-05 7.20684e-05 -2.59297e-05 1.00159e-05 0.00921831 -0.016807 1.64456e-05 7.20684e-05 -0.016807 0.082707 
0.00905669 -0.0167266 -1.51336e-05 1.67451e-05 -0.0167266 0.0829808 6.05535e-06 5.34154e-05 -1.51336e-05 6.05535e-06 0.00920531 -0.0168076 1.67451e-05 5.34154e-05 -0.0168076 0.0827092 
0.00907181 -0.016756 -9.27095e-06 7.78152e-06 -0.016756 0.0830767 -4.76609e-06 6.01382e-05 -9.27095e-06 -4.76609e-06 0.00921036 -0.0168203 7.78152e-06 6.01382e-05 -0.0168203 0.0828292 
0.00906661 -0.0167292 -1.22493e-05 -1.41237e-06 -0.0167292 0.0829344 -1.45412e-05 8.11269e-05 -1.22493e-05 -1.45412e-05 0.00918415 -0.016782 -1.41237e-06 8.11269e-05 -0.016782 0.0826736 
0.00904665 -0.0166799 -8.22055e-06 5.94327e-07 -0.0166799 0.0826458 -1.0106e-05 8.46661e-05 -8.22055e-06 -1.0106e-05 0.00914024 -0.0167021 5.94327e-07 8.46661e-05 -0.0167021 0.0823255 
0.00904325 -0.0167027 -1.23921e-05 -3.03966e-06 -0.0167027 0.0826953 -1.1201e-05 8.30154e-05 -1.23921e-05 -1.1201e-05 0.00913648 -0.0166826 -3.03966e-06 8.30154e-05 -0.0166826 0.0822628 
0.0090583 -0.0167244 -1.54577e-05 -1.04395e-06 -0.0167244 0.0828357 -3.82832e-06 7.59226e-05 -1.54577e-05 -3.82832e-06 0.00913986 -0.0167025 -1.04395e-06 7.59226e-05 -0.0167025 0.0823482 
0.00905288 -0.0167229 -1.15046e-05 2.90206e-08 -0.0167229 0.0828297 2.07205e-06 6.63196e-05 -1.15046e-05 2.07205e-06 0.0091373 -0.0166906 2.90206e-08 6.63196e-05 -0.0166906 0.0823163 
0.00903501 -0.0166884 -2.80095e-06 -3.90912e-06 -0.0166884 0.0826817 -1.25142e-06 6.60526e-05 -2.80095e-06 -1.25142e-06 0.0091182 -0.0166594 -3.90912e-06 6.60526e-05 -0.0166594 0.0821628 
0.00902044 -0.0166335 1.69114e-06 -1.40967e-05 -0.0166335 0.082422 -1.44729e-05 8.63486e-05 1.69114e-06 -1.44729e-05 0.0090799 -0.0166074 -1.40967e-05 8.63486e-05 -0.0166074 0.0819117 
0.00967685 -0.0178046 -4.93196e-07 -2.21136e-05 -0.0178046 0.088167 -2.30404e-05 0.000115171 -4.93196e-07 -2.30404e-05 0.00968493 -0.0177494 -2.21136e-05 0.000115171 -0.0177494 0.0875856 
0.00967066 -0.0178193 -6.28653e-06 -2.1667e-05 -0.0178193 0.0881221 -2.23736e-05 0.000123866 -6.28653e-06 -2.23736e-05 0.00966511 -0.017695 -2.1667e-05 0.000123866 -0.017695 0.0874137 
0.00966674 -0.0178244 -1.31005e-05 -1.50499e-05 -0.0178244 0.088147 -1.61317e-05 0.000117701 -1.31005e-05 -1.61317e-05 0.0096657 -0.0176813 -1.50499e-05 0.000117701 -0.0176813 0.0873479 
0.00966979 -0.0178117 -2.65613e-06 -3.39356e-06 -0.0178117 0.0881073 -3.45407e-06 9.05545e-05 -2.65613e-06 -3.45407e-06 0.00965788 -0.0176783 -3.39356e-06 9.05545e-05 -0.0176783 0.0873003 
0.00968578 -0.0178554 -8.47372e-06 -9.55315e-06 -0.0178554 0.0882823 -8.24324e-06 7.60947e-05 -8.47372e-06 -8.24324e-06 0.00968011 -0.017706 -9.55315e-06 7.60947e-05 -0.017706 0.0874529 
0.00906956 -0.0167538 -6.48796e-06 -1.13895e-06 -0.0167538 0.0828398 -5.35973e-08 5.46702e-05 -6.48796e-06 -5.35973e-08 0.00908757 -0.0166144 -1.13895e-06 5.46702e-05 -0.0166144 0.0820463 
0.0090852 -0.0167652 -3.14178e-06 6.54676e-07 -0.0167652 0.0829751 -2.97866e-06 4.37227e-05 -3.14178e-06 -2.97866e-06 0.00909559 -0.0166536 6.54676e-07 4.37227e-05 -0.0166536 0.082218 
0.00906324 -0.0167169 1.61634e-05 -4.98778e-06 -0.0167169 0.0827433 -1.06964e-05 5.25008e-05 1.61634e-05 -1.06964e-05 0.00908088 -0.0166039 -4.98778e-06 5.25008e-05 -0.0166039 0.0820147 
0.00904669 -0.0166776 6.30069e-06 -2.81463e-05 -0.0166776 0.0825388 -3.29708e-05 9.22098e-05 6.30069e-06 -3.29708e-05 0.00905674 -0.0165706 -2.81463e-05 9.22098e-05 -0.0165706 0.0818204 
0.00967614 -0.0178508 -6.85723e-06 -2.1239e-05 -0.0178508 0.0883224 -2.40717e-05 0.000108002 -6.85723e-06 -2.40717e-05 0.00969512 -0.0177289 -2.1239e-05 0.000108002 -0.0177289 0.0875507 
0.00968152 -0.0178364 -7.821e-06 6.43516e-07 -0.0178364 0.0882767 -4.56783e-07 6.23235e-05 -7.821e-06 -4.56783e-07 0.00967907 -0.0177291 6.43516e-07 6.23235e-05 -0.0177291 0.0875285 
0.00968051 -0.0178277 -5.30782e-06 2.19468e-06 -0.0178277 0.0881859 8.44135e-07 3.63151e-05 -5.30782e-06 8.44135e-07 0.00965575 -0.0176923 2.19468e-06 3.63151e-05 -0.0176923 0.0874043 
0.00968198 -0.0178744 -3.35202e-06 -2.05624e-06 -0.0178744 0.0883711 -1.10208e-06 3.45519e-05 -3.35202e-06 -1.10208e-06 0.00967031 -0.0177028 -2.05624e-06 3.45519e-05 -0.0177028 0.0875018 
0.00904247 -0.0167012 4.17657e-06 -7.23332e-06 -0.0167012 0.0826454 -5.45366e-06 4.33613e-05 4.17657e-06 -5.45366e-06 0.00903961 -0.0165551 -7.23332e-06 4.33613e-05 -0.0165551 0.081816 
0.00963894 -0.0178306 8.80749e-06 -1.45373e-05 -0.0178306 0.0882885 -1.66491e-05 6.46374e-05 8.80749e-06 -1.66491e-05 0.00967695 -0.0176861 -1.45373e-05 6.46374e-05 -0.0176861 0.0874248 
0.00961449 -0.0177631 2.09078e-05 -1.91091e-05 -0.0177631 0.0880458 -2.69015e-05 8.68308e-05 2.09078e-05 -2.69015e-05 0.00965863 -0.0176684 -1.91091e-05 8.68308e-05 -0.0176684 0.0872686 
0.0095974 -0.017716 1.78864e-05 -2.70079e-05 -0.017716 0.0878096 -3.9104e-05 0.000105464 1.78864e-05 -3.9104e-05 0.00963128 -0.0176326 -2.70079e-05 0.000105464 -0.0176326 0.0870982 
0.00957215 -0.0176834 1.7052e-05 -2.31177e-05 -0.0176834 0.0876286 -3.67542e-05 0.000108036 1.7052e-05 -3.67542e-05 0.0096285 -0.0176005 -2.31177e-05 0.000108036 -0.0176005 0.0869594 
0.00956464 -0.0176649 8.6953e-06 -2.16441e-05 -0.0176649 0.0875645 -3.28849e-05 9.84692e-05 8.6953e-06 -3.28849e-05 0.00963845 -0.0176133 -2.16441e-05 9.84692e-05 -0.0176133 0.086964 
0.009611 -0.0177329 3.88622e-07 -1.29032e-05 -0.0177329 0.0879059 -1.75287e-05 7.40016e-05 3.88622e-07 -1.75287e-05 0.00967606 -0.0177092 -1.29032e-05 7.40016e-05 -0.0177092 0.0873913 
0.00961971 -0.0177318 -1.06148e-06 -3.42704e-06 -0.0177318 0.0878625 -9.03041e-07 3.83859e-05 -1.06148e-06 -9.03041e-07 0.00967067 -0.0176993 -3.42704e-06 3.83859e-05 -0.0176993 0.0873761 
0.00966421 -0.0178116 1.32897e-06 -5.49733e-06 -0.0178116 0.0881909 5.99097e-07 2.50996e-05 1.32897e-06 5.99097e-07 0.00969261 -0.0177486 -5.49733e-06 2.50996e-05 -0.0177486 0.0876429 
0.00904265 -0.0166924 -1.60856e-06 -8.59816e-06 -0.0166924 0.0826043 -5.25224e-06 3.06606e-05 -1.60856e-06 -5.25224e-06 0.00906526 -0.0165971 -8.59816e-06 3.06606e-05 -0.0165971 0.0819919 
0.00903277 -0.0166781 -7.35238e-06 -8.19091e-06 -0.0166781 0.0825664 -6.26448e-06 4.0718e-05 -7.35238e-06 -6.26448e-06 0.00905774 -0.0165711 -8.19091e-06 4.0718e-05 -0.0165711 0.0818809 
0.0090216 -0.0166856 -3.72638e-06 -2.01817e-06 -0.0166856 0.0826237 -4.44898e-07 3.75751e-05 -3.72638e-06 -4.44898e-07 0.00908215 -0.0165803 -2.01817e-06 3.75751e-05 -0.0165803 0.0819134 
0.00903858 -0.0167102 3.10791e-08 -5.01952e-06 -0.0167102 0.0828359 -3.78853e-06 3.98641e-05 3.10791e-08 -3.78853e-06 0.00911526 -0.0166618 -5.01952e-06 3.98641e-05 -0.0166618 0.0822213 
0.00902256 -0.0166777 -3.69271e-07 -1.2633e-05 -0.0166777 0.0827134 -8.49806e-06 5.37754e-05 -3.69271e-07 -8.49806e-06 0.00911322 -0.0166603 -1.2633e-05 5.37754e-05 -0.0166603 0.0822128 
0.00899553 -0.0165863 4.30763e-06 -1.72818e-05 -0.0165863 0.0822755 -9.32496e-06 6.8935e-05 4.30763e-06 -9.32496e-06 0.00906201 -0.0165841 -1.72818e-05 6.8935e-05 -0.0165841 0.0818405 
0.00961797 -0.01775 1.56655e-05 -2.51096e-05 -0.01775 0.0879686 -1.44753e-05 8.93284e-05 1.56655e-05 -1.44753e-05 0.00969553 -0.0177237 -2.51096e-05 8.93284e-05 -0.0177237 0.0875017 
0.00958515 -0.0176789 5.45817e-06 -3.74495e-05 -0.0176789 0.0876169 -2.78855e-05 0.000116288 5.45817e-06 -2.78855e-05 0.00966167 -0.0176606 -3.74495e-05 0.000116288 -0.0176606 0.087156 
0.00956824 -0.017668 -1.84814e-05 -2.64248e-05 -0.017668 0.0875296 -1.4922e-05 0.000112518 -1.84814e-05 -1.4922e-05 0.00966535 -0.0176485 -2.64248e-05 0.000112518 -0.0176485 0.087075 
0.0095864 -0.0176908 -2.88536e-05 3.02438e-06 -0.0176908 0.0876663 1.70688e-05 5.67399e-05 -2.88536e-05 1.70688e-05 0.00967085 -0.0176948 3.02438e-06 5.67399e-05 -0.0176948 0.0872465 
0.00962303 -0.0177328 -2.81211e-05 2.11414e-05 -0.0177328 0.0878567 3.14568e-05 4.99845e-07 -2.81211e-05 3.14568e-05 0.0096615 -0.0177234 2.11414e-05 4.99845e-07 -0.0177234 0.0874406 
0.00967797 -0.0178117 -4.03389e-05 2.20042e-05 -0.0178117 0.0881878 2.38244e-05 -1.18248e-05 -4.03389e-05 2.38244e-05 0.00966402 -0.017751 2.20042e-05 -1.18248e-05 -0.017751 0.0876959 
0.00905041 -0.0166709 -3.23531e-05 3.37112e-05 -0.0166709 0.0824673 2.71357e-05 -1.93724e-05 -3.23531e-05 2.71357e-05 0.00902516 -0.0165493 3.37112e-05 -1.93724e-05 -0.0165493 0.0818654 
0.00908557 -0.0167744 -1.30711e-05 2.90369e-05 -0.0167744 0.082966 1.79809e-05 -1.30661e-05 -1.30711e-05 1.79809e-05 0.00908468 -0.0166247 2.90369e-05 -1.30661e-05 -0.0166247 0.0822422 
0.00907035 -0.0167664 -1.51993e-05 3.37569e-06 -0.0167664 0.082998 -4.25315e-06 3.00887e-05 -1.51993e-05 -4.25315e-06 0.00911817 -0.0166393 3.37569e-06 3.00887e-05 -0.0166393 0.0822562 
0.00905586 -0.0167418 -1.73283e-05 1.23843e-06 -0.0167418 0.082949 2.40101e-06 4.89247e-05 -1.73283e-05 2.40101e-06 0.00913848 -0.0166696 1.23843e-06 4.89247e-05 -0.0166696 0.0822839 
0.00902285 -0.0166563 -2.41031e-05 -3.62866e-06 -0.0166563 0.0825725 5.89736e-06 5.76884e-05 -2.41031e-05 5.89736e-06 0.00911153 -0.0166352 -3.62866e-06 5.76884e-05 -0.0166352 0.0820345 
0.0096583 -0.0177916 -2.27005e-05 -1.02349e-06 -0.0177916 0.0881726 1.28975e-05 6.47646e-05 -2.27005e-05 1.28975e-05 0.00971188 -0.0177831 -1.02349e-06 6.47646e-05 -0.0177831 0.0876803 
0.00965821 -0.0177927 -8.52724e-06 -4.06602e-06 -0.0177927 0.0880841 8.72167e-06 7.1503e-05 -8.52724e-06 8.72167e-06 0.00967688 -0.0177379 -4.06602e-06 7.1503e-05 -0.0177379 0.0875525 
0.00966037 -0.0178205 -5.63232e-07 -1.88187e-05 -0.0178205 0.0881792 -1.05521e-05 0.000101988 -5.63232e-07 -1.05521e-05 0.00967931 -0.017719 -1.88187e-05 0.000101988 -0.017719 0.0875426 
0.0090326 -0.0166578 7.89166e-07 -3.00136e-05 -0.0166578 0.0824516 -2.4404e-05 0.000137068 7.89166e-07 -2.4404e-05 0.00903547 -0.0165582 -3.00136e-05 0.000137068 -0.0165582 0.0818021 
0.00904148 -0.016686 6.32039e-06 -3.49251e-05 -0.016686 0.0825888 -3.12368e-05 0.000169346 6.32039e-06 -3.12368e-05 0.00905025 -0.0165699 -3.49251e-05 0.000169346 -0.0165699 0.0819028 
0.00902389 -0.0166632 1.33259e-05 -3.58906e-05 -0.0166632 0.0824962 -3.52568e-05 0.000179675 1.33259e-05 -3.52568e-05 0.00904522 -0.0165464 -3.58906e-05 0.000179675 -0.0165464 0.081784 
0.00961911 -0.0177535 1.66122e-05 -4.1605e-05 -0.0177535 0.087945 -4.21778e-05 0.000195099 1.66122e-05 -4.21778e-05 0.00965214 -0.0176591 -4.1605e-05 0.000195099 -0.0176591 0.0872385 
0.00956966 -0.01766 -1.33801e-07 -4.36119e-05 -0.01766 0.087498 -4.56158e-05 0.000198289 -1.33801e-07 -4.56158e-05 0.00960689 -0.0175913 -4.36119e-05 0.000198289 -0.0175913 0.0868801 
0.00955055 -0.0176062 -1.61046e-05 -2.32607e-05 -0.0176062 0.087235 -2.71701e-05 0.00017041 -1.61046e-05 -2.71701e-05 0.00956989 -0.0175451 -2.32607e-05 0.00017041 -0.0175451 0.0866723 
0.00954849 -0.0176384 -5.91491e-05 -1.97731e-06 -0.0176384 0.0873656 -4.9607e-06 0.000118847 -5.91491e-05 -4.9607e-06 0.00958233 -0.0175659 -1.97731e-06 0.000118847 -0.0175659 0.0868179 
0.0095322 -0.0176228 -6.78274e-05 4.98562e-05 -0.0176228 0.0873489 5.29426e-05 9.95057e-06 -6.78274e-05 5.29426e-05 0.00958474 -0.0175595 4.98562e-05 9.95057e-06 -0.0175595 0.0868096 
0.00951505 -0.017583 -4.68511e-05 6.26348e-05 -0.017583 0.0872166 6.86184e-05 -6.82246e-05 -4.68511e-05 6.86184e-05 0.00957633 -0.0175444 6.26348e-05 -6.82246e-05 -0.0175444 0.0867258 
0.00949591 -0.0175511 -3.03846e-05 3.90044e-05 -0.0175511 0.08707 4.07822e-05 -5.46139e-05 -3.03846e-05 4.07822e-05 0.00957811 -0.0175217 3.90044e-05 -5.46139e-05 -0.0175217 0.0866173 
0.00947877 -0.0174987 -2.44134e-05 1.93761e-05 -0.0174987 0.0868308 1.51286e-05 -1.71246e-06 -2.44134e-05 1.51286e-05 0.00955835 -0.0174978 1.93761e-05 -1.71246e-06 -0.0174978 0.0864395 
0.00947454 -0.0174433 -1.53514e-05 1.33995e-05 -0.0174433 0.0865246 3.91956e-06 3.51168e-05 -1.53514e-05 3.91956e-06 0.00951191 -0.017449 1.33995e-05 3.51168e-05 -0.017449 0.0861869 
0.0095097 -0.0174893 -7.50164e-06 4.80894e-06 -0.0174893 0.0866347 -8.69358e-06 6.30196e-05 -7.50164e-06 -8.69358e-06 0.009491 -0.0174496 4.80894e-06 6.30196e-05 -0.0174496 0.0862527 
0.00952691 -0.0175527 1.29579e-05 -1.83184e-06 -0.0175527 0.0868373 -1.90023e-05 8.49826e-05 1.29579e-05 -1.90023e-05 0.00949472 -0.0174337 -1.83184e-06 8.49826e-05 -0.0174337 0.0862944 
0.00955326 -0.0176136 2.94007e-05 -2.69202e-05 -0.0176136 0.0871512 -3.93157e-05 0.000124779 2.94007e-05 -3.93157e-05 0.00951638 -0.0174699 -2.69202e-05 0.000124779 -0.0174699 0.0864843 
0.00954158 -0.0176186 3.03598e-05 -5.13112e-05 -0.0176186 0.087196 -5.27802e-05 0.000169785 3.03598e-05 -5.27802e-05 0.00952376 -0.0174626 -5.13112e-05 0.000169785 -0.0174626 0.0864588 
0.00952944 -0.0175959 2.63335e-05 -5.71091e-05 -0.0175959 0.087156 -5.03209e-05 0.000189689 2.63335e-05 -5.03209e-05 0.00952357 -0.0174659 -5.71091e-05 0.000189689 -0.0174659 0.0864338 
0.00951685 -0.0175644 2.62927e-06 -5.03514e-05 -0.0175644 0.0870376 -4.32715e-05 0.000181285 2.62927e-06 -4.32715e-05 0.00951609 -0.0174538 -5.03514e-05 0.000181285 -0.0174538 0.0863656 
0.00948545 -0.0174949 -2.8615e-06 -2.03507e-05 -0.0174949 0.0866993 -1.69095e-05 0.000132495 -2.8615e-06 -1.69095e-05 0.00948876 -0.0173945 -2.03507e-05 0.000132495 -0.0173945 0.086071 
0.00944794 -0.0174567 3.80145e-06 -8.40919e-06 -0.0174567 0.0864911 -5.63863e-06 8.42281e-05 3.80145e-06 -5.63863e-06 0.0094909 -0.0173642 -8.40919e-06 8.42281e-05 -0.0173642 0.0858943 
0.00942403 -0.0174157 5.06428e-06 -1.62326e-05 -0.0174157 0.0863449 -1.31165e-05 7.7025e-05 5.06428e-06 -1.31165e-05 0.00949136 -0.0173694 -1.62326e-05 7.7025e-05 -0.0173694 0.0858293 
0.00940648 -0.0173765 3.58846e-06 -1.95215e-05 -0.0173765 0.0861843 -1.79407e-05 8.82614e-05 3.58846e-06 -1.79407e-05 0.00948151 -0.0173668 -1.95215e-05 8.82614e-05 -0.0173668 0.0857741 
0.00942177 -0.0173852 -7.01116e-06 -1.91149e-05 -0.0173852 0.0862398 -1.5704e-05 9.08717e-05 -7.01116e-06 -1.5704e-05 0.00948122 -0.0173983 -1.91149e-05 9.08717e-05 -0.0173983 0.0859253 
0.00942797 -0.0173943 -2.4146e-05 -2.41551e-06 -0.0173943 0.0862477 7.90022e-07 6.01595e-05 -2.4146e-05 7.90022e-07 0.00948187 -0.0173888 -2.41551e-06 6.01595e-05 -0.0173888 0.0859447 
0.00942227 -0.0174133 -3.54316e-05 2.16786e-05 -0.0174133 0.0863135 1.92605e-05 1.24709e-05 -3.54316e-05 1.92605e-05 0.00949596 -0.017391 2.16786e-05 1.24709e-05 -0.017391 0.0859685 
0.00941972 -0.0173942 -4.29298e-05 3.69388e-05 -0.0173942 0.0862685 3.1125e-05 -3.04998e-05 -4.29298e-05 3.1125e-05 0.00948136 -0.0173918 3.69388e-05 -3.04998e-05 -0.0173918 0.0859289 
0.00942276 -0.0174293 -4.09485e-05 4.14736e-05 -0.0174293 0.0864368 3.84018e-05 -5.06069e-05 -4.09485e-05 3.84018e-05 0.00950424 -0.0174198 4.14736e-05 -5.06069e-05 -0.0174198 0.0861058 
0.00940943 -0.0174013 -1.54818e-05 3.56174e-05 -0.0174013 0.0863582 3.69763e-05 -4.93974e-05 -1.54818e-05 3.69763e-05 0.00949617 -0.017408 3.56174e-05 -4.93974e-05 -0.017408 0.0860427 
0.00938783 -0.017323 -1.29607e-06 3.75572e-06 -0.017323 0.0859994 8.81957e-06 -1.86916e-06 -1.29607e-06 8.81957e-06 0.00944833 -0.0173429 3.75572e-06 -1.86916e-06 -0.0173429 0.0857241 
0.0093898 -0.0173219 8.3474e-07 -1.58741e-05 -0.0173219 0.0859294 -1.21304e-05 5.8459e-05 8.3474e-07 -1.21304e-05 0.00943191 -0.0173154 -1.58741e-05 5.8459e-05 -0.0173154 0.0856379 
0.00936856 -0.017296 -1.54721e-05 -1.65462e-05 -0.017296 0.0857606 -1.84416e-05 8.8352e-05 -1.54721e-05 -1.84416e-05 0.00941391 -0.0172623 -1.65462e-05 8.8352e-05 -0.0172623 0.0854087 
0.0093812 -0.0172931 -1.60981e-05 7.32623e-06 -0.0172931 0.0857526 2.74877e-06 6.0299e-05 -1.60981e-05 2.74877e-06 0.00939751 -0.0172633 7.32623e-06 6.0299e-05 -0.0172633 0.0853822 
0.00941368 -0.0173423 -1.63145e-05 1.08128e-05 -0.0173423 0.0859334 1.02609e-05 2.89417e-05 -1.63145e-05 1.02609e-05 0.00938811 -0.0172759 1.08128e-05 2.89417e-05 -0.0172759 0.0855044 
0.00942684 -0.0173771 -1.69332e-05 7.21459e-06 -0.0173771 0.0860523 1.24875e-05 1.91259e-05 -1.69332e-05 1.24875e-05 0.00937244 -0.0172567 7.21459e-06 1.91259e-05 -0.0172567 0.0855063 
0.00940513 -0.017398 3.69874e-06 4.0256e-06 -0.017398 0.0861457 1.19659e-05 2.30625e-05 3.69874e-06 1.19659e-05 0.00939193 -0.0172327 4.0256e-06 2.30625e-05 -0.0172327 0.0854675 
0.00937271 -0.0173592 6.87312e-06 -2.07086e-05 -0.0173592 0.0860979 -1.5067e-05 6.6454e-05 6.87312e-06 -1.5067e-05 0.00941889 -0.0172514 -2.07086e-05 6.6454e-05 -0.0172514 0.0854631 
0.00936046 -0.0173175 5.05683e-06 -2.56958e-05 -0.0173175 0.0860139 -2.32248e-05 0.000102857 5.05683e-06 -2.32248e-05 0.00943987 -0.0172953 -2.56958e-05 0.000102857 -0.0172953 0.0855666 
0.00932961 -0.0172691 -3.88103e-06 -2.38387e-05 -0.0172691 0.0858042 -2.42904e-05 0.000118044 -3.88103e-06 -2.42904e-05 0.00945194 -0.0173016 -2.38387e-05 0.000118044 -0.0173016 0.0855473 
0.0092964 -0.0171953 -7.03225e-06 -1.28217e-05 -0.0171953 0.0854848 -1.36719e-05 0.000104792 -7.03225e-06 -1.36719e-05 0.00943442 -0.0172856 -1.28217e-05 0.000104792 -0.0172856 0.0853973 
0.00930477 -0.0172053 -1.35902e-05 -1.08531e-05 -0.0172053 0.0855312 -6.99107e-06 9.00004e-05 -1.35902e-05 -6.99107e-06 0.00944786 -0.0173179 -1.08531e-05 9.00004e-05 -0.0173179 0.0855508 
0.00930731 -0.017199 -6.13474e-07 -2.49738e-06 -0.017199 0.0854947 3.67039e-06 6.86899e-05 -6.13474e-07 3.67039e-06 0.00945332 -0.0173238 -2.49738e-06 6.86899e-05 -0.0173238 0.0855791 
0.00931086 -0.0172071 1.10519e-06 -1.55973e-05 -0.0172071 0.0855077 -1.21139e-05 7.94313e-05 1.10519e-06 -1.21139e-05 0.00945726 -0.0173327 -1.55973e-05 7.94313e-05 -0.0173327 0.0856155 
0.00933967 -0.0172454 -1.67218e-06 -1.75164e-05 -0.0172454 0.0856875 -1.85101e-05 9.69379e-05 -1.67218e-06 -1.85101e-05 0.00946691 -0.0173729 -1.75164e-05 9.69379e-05 -0.0173729 0.0858085 
