0.00655954 0 -2.42509e-05 0 0 0.00939003 0 0 -2.42509e-05 0 0.00666636 0 0 0 0 0.00939003 
0.009648 -0.0119777 -3.02096e-05 3.63111e-05 -0.0119777 0.0318849 3.63111e-05 -6.97626e-05 -3.02096e-05 3.63111e-05 0.00975138 -0.0121008 3.63111e-05 -6.97626e-05 -0.0121008 0.0321205 
0.00911198 -0.0170205 -1.41698e-05 2.30652e-05 -0.0170205 0.0627919 2.30652e-05 -6.83457e-05 -1.41698e-05 2.30652e-05 0.00918495 -0.0170204 2.30652e-05 -6.83457e-05 -0.0170204 0.0627468 
0.00862184 -0.0167992 -1.43022e-05 -8.58826e-06 -0.0167992 0.0755002 -1.56863e-06 4.71995e-05 -1.43022e-05 -1.56863e-06 0.0086886 -0.0166067 -8.58826e-06 4.71995e-05 -0.0166067 0.0742967 
0.00914246 -0.0172768 -8.98296e-06 -1.65906e-05 -0.0172768 0.0837765 4.0461e-06 0.000115695 -8.98296e-06 4.0461e-06 0.00921015 -0.0170768 -1.65906e-05 0.000115695 -0.0170768 0.0819391 
0.00892958 -0.0165651 -3.14109e-06 -1.91459e-05 -0.0165651 0.0818193 4.62494e-06 0.00010908 -3.14109e-06 4.62494e-06 0.00900469 -0.0164378 -1.91459e-05 0.00010908 -0.0164378 0.0802998 
0.00941386 -0.017386 8.04691e-06 -2.34855e-05 -0.017386 0.0860665 -2.0273e-06 0.000103842 8.04691e-06 -2.0273e-06 0.00950617 -0.0172985 -2.34855e-05 0.000103842 -0.0172985 0.0848677 
0.00913496 -0.0168491 -1.48589e-06 -3.22229e-05 -0.0168491 0.083443 -1.51774e-05 0.000105996 -1.48589e-06 -1.51774e-05 0.00923241 -0.0167887 -3.22229e-05 0.000105996 -0.0167887 0.0825358 
0.00961913 -0.0177299 -1.84301e-05 -2.26889e-05 -0.0177299 0.0877916 -1.09755e-05 0.000106894 -1.84301e-05 -1.09755e-05 0.00973144 -0.0176678 -2.26889e-05 0.000106894 -0.0176678 0.0869441 
0.00947813 -0.0174721 -2.09237e-05 1.61058e-06 -0.0174721 0.0864732 4.82142e-06 7.05815e-05 -2.09237e-05 4.82142e-06 0.00960569 -0.0174169 1.61058e-06 7.05815e-05 -0.0174169 0.0856726 
0.00941162 -0.0173415 -2.84549e-05 9.08423e-06 -0.0173415 0.0857958 7.78865e-06 4.32361e-05 -2.84549e-05 7.78865e-06 0.00953036 -0.017303 9.08423e-06 4.32361e-05 -0.017303 0.0850269 
0.0093683 -0.0172317 -3.78075e-05 1.89919e-05 -0.0172317 0.0852045 1.96065e-05 1.61894e-05 -3.78075e-05 1.96065e-05 0.00944005 -0.0171826 1.89919e-05 1.61894e-05 -0.0171826 0.0844307 
0.00935969 -0.017231 -1.47693e-05 3.18676e-05 -0.017231 0.0851017 3.55648e-05 -2.10081e-05 -1.47693e-05 3.55648e-05 0.00940106 -0.0171273 3.18676e-05 -2.10081e-05 -0.0171273 0.0842395 
0.00928647 -0.0171711 1.71291e-05 5.18573e-06 -0.0171711 0.084785 9.94762e-06 -8.57569e-07 1.71291e-05 9.94762e-06 0.00937884 -0.0170281 5.18573e-06 -8.57569e-07 -0.0170281 0.0838158 
0.00923295 -0.0171101 4.59073e-05 -3.34058e-05 -0.0171101 0.0846415 -3.1165e-05 7.66613e-05 4.59073e-05 -3.1165e-05 0.00938648 -0.0170367 -3.34058e-05 7.66613e-05 -0.0170367 0.0837502 
0.00921125 -0.0170313 3.36303e-05 -6.79601e-05 -0.0170313 0.0844239 -6.8783e-05 0.000168147 3.36303e-05 -6.8783e-05 0.00937765 -0.0170586 -6.79601e-05 0.000168147 -0.0170586 0.0837789 
0.00922779 -0.0170336 1.60552e-05 -5.51208e-05 -0.0170336 0.0844429 -6.02421e-05 0.000195007 1.60552e-05 -6.02421e-05 0.00937871 -0.017093 -5.51208e-05 0.000195007 -0.017093 0.0839832 
0.0092193 -0.0169811 1.77411e-05 -2.88474e-05 -0.0169811 0.0841343 -3.86344e-05 0.000156501 1.77411e-05 -3.86344e-05 0.0093257 -0.0170232 -2.88474e-05 0.000156501 -0.0170232 0.083723 
0.00923464 -0.01699 1.04734e-05 -2.67599e-05 -0.01699 0.0840769 -3.67328e-05 0.000129397 1.04734e-05 -3.67328e-05 0.00929029 -0.0169765 -2.67599e-05 0.000129397 -0.0169765 0.0835909 
0.00925599 -0.0170341 -1.15488e-05 -1.77622e-05 -0.0170341 0.0841955 -2.47879e-05 0.000104291 -1.15488e-05 -2.47879e-05 0.00928095 -0.0169479 -1.77622e-05 0.000104291 -0.0169479 0.0835435 
0.00928567 -0.0171044 -2.15917e-05 3.46289e-06 -0.0171044 0.0844982 5.74015e-06 5.44548e-05 -2.15917e-05 5.74015e-06 0.00930701 -0.0169752 3.46289e-06 5.44548e-05 -0.0169752 0.0836998 
0.00927449 -0.0171102 -1.64408e-05 1.1609e-05 -0.0171102 0.08453 2.05476e-05 1.43781e-05 -1.64408e-05 2.05476e-05 0.00933052 -0.0169721 1.1609e-05 1.43781e-05 -0.0169721 0.0836561 
0.00928913 -0.017133 -2.20006e-05 2.587e-06 -0.017133 0.0846966 1.3649e-05 1.52579e-05 -2.20006e-05 1.3649e-05 0.00936766 -0.0170378 2.587e-06 1.52579e-05 -0.0170378 0.0838646 
0.00930791 -0.0171483 -2.97301e-05 6.27537e-06 -0.0171483 0.0847763 1.55776e-05 2.18602e-05 -2.97301e-05 1.55776e-05 0.00939063 -0.0170779 6.27537e-06 2.18602e-05 -0.0170779 0.0840077 
0.00935634 -0.0171971 -3.42265e-05 2.00975e-05 -0.0171971 0.0849716 2.43421e-05 3.587e-06 -3.42265e-05 2.43421e-05 0.00938193 -0.0171285 2.00975e-05 3.587e-06 -0.0171285 0.084222 
0.00937786 -0.0172779 -3.02394e-05 3.45345e-05 -0.0172779 0.0852487 2.95786e-05 -2.51038e-05 -3.02394e-05 2.95786e-05 0.00938856 -0.0171295 3.45345e-05 -2.51038e-05 -0.0171295 0.0843636 
0.00940738 -0.0173365 -1.61271e-05 3.47766e-05 -0.0173365 0.0855654 2.27692e-05 -3.53717e-05 -1.61271e-05 2.27692e-05 0.00939291 -0.0171542 3.47766e-05 -3.53717e-05 -0.0171542 0.0845318 
0.00939347 -0.0173015 4.30968e-06 1.85929e-05 -0.0173015 0.0854125 4.0623e-06 -1.1453e-05 4.30968e-06 4.0623e-06 0.00936288 -0.0170876 1.85929e-05 -1.1453e-05 -0.0170876 0.0842746 
0.00934711 -0.0172582 9.44391e-06 -9.20256e-06 -0.0172582 0.08519 -2.13927e-05 4.36831e-05 9.44391e-06 -2.13927e-05 0.0093548 -0.0170245 -9.20256e-06 4.36831e-05 -0.0170245 0.0839795 
0.00933577 -0.0172087 1.45834e-06 -2.03851e-05 -0.0172087 0.0850421 -2.72038e-05 8.25358e-05 1.45834e-06 -2.72038e-05 0.00934799 -0.0170252 -2.03851e-05 8.25358e-05 -0.0170252 0.0838841 
0.00931406 -0.0171634 3.35287e-06 -1.57784e-05 -0.0171634 0.0848061 -1.74035e-05 8.92287e-05 3.35287e-06 -1.74035e-05 0.00932897 -0.0169981 -1.57784e-05 8.92287e-05 -0.0169981 0.0837304 
0.00929568 -0.0171217 -6.4897e-06 -1.93613e-05 -0.0171217 0.0845952 -1.72061e-05 8.9627e-05 -6.4897e-06 -1.72061e-05 0.00929927 -0.0169679 -1.93613e-05 8.9627e-05 -0.0169679 0.0835771 
0.00928884 -0.0171093 -9.86812e-07 -9.84115e-06 -0.0171093 0.0845146 -4.61744e-06 7.58386e-05 -9.86812e-07 -4.61744e-06 0.0092797 -0.0169426 -9.84115e-06 7.58386e-05 -0.0169426 0.0834992 
0.00928325 -0.0171081 -7.0379e-06 -1.62331e-05 -0.0171081 0.0845013 -1.07725e-05 7.76778e-05 -7.0379e-06 -1.07725e-05 0.00927529 -0.0169276 -1.62331e-05 7.76778e-05 -0.0169276 0.0834663 
0.00926249 -0.0170414 -1.51466e-05 -1.28246e-05 -0.0170414 0.0841844 -6.38863e-06 8.07558e-05 -1.51466e-05 -6.38863e-06 0.00922856 -0.0168606 -1.28246e-05 8.07558e-05 -0.0168606 0.0831418 
0.00927342 -0.0170226 -2.55495e-05 -4.23133e-06 -0.0170226 0.0840369 5.91772e-06 6.52828e-05 -2.55495e-05 5.91772e-06 0.00917461 -0.0168162 -4.23133e-06 6.52828e-05 -0.0168162 0.0829637 
0.00925419 -0.0170206 -3.27973e-05 1.10045e-05 -0.0170206 0.083911 2.26609e-05 2.95202e-05 -3.27973e-05 2.26609e-05 0.00914559 -0.0167332 1.10045e-05 2.95202e-05 -0.0167332 0.0826966 
0.00925265 -0.0170508 -2.7587e-05 2.2582e-05 -0.0170508 0.0840815 3.16628e-05 -3.77108e-06 -2.7587e-05 3.16628e-05 0.00916394 -0.0167498 2.2582e-05 -3.77108e-06 -0.0167498 0.082774 
0.00923745 -0.0170548 -1.2496e-05 1.79821e-05 -0.0170548 0.0841759 2.2591e-05 -5.90309e-06 -1.2496e-05 2.2591e-05 0.00918989 -0.0167756 1.79821e-05 -5.90309e-06 -0.0167756 0.0828724 
0.00922515 -0.017013 -1.21474e-06 2.80559e-06 -0.017013 0.0840804 4.01325e-06 2.04106e-05 -1.21474e-06 4.01325e-06 0.00918227 -0.0167901 2.80559e-06 2.04106e-05 -0.0167901 0.0828817 
0.00919212 -0.0169976 6.82103e-07 -1.30407e-05 -0.0169976 0.0840139 -1.3506e-05 6.22621e-05 6.82103e-07 -1.3506e-05 0.00920356 -0.0167819 -1.30407e-05 6.22621e-05 -0.0167819 0.0828813 
0.0091508 -0.0169553 6.56284e-06 -1.61658e-05 -0.0169553 0.0839196 -1.79827e-05 8.76117e-05 6.56284e-06 -1.79827e-05 0.00924015 -0.0168057 -1.61658e-05 8.76117e-05 -0.0168057 0.0829074 
0.00911633 -0.0168847 4.89425e-06 -2.17085e-05 -0.0168847 0.0837149 -2.59614e-05 0.000104983 4.89425e-06 -2.59614e-05 0.00925937 -0.0168426 -2.17085e-05 0.000104983 -0.0168426 0.0829456 
0.00912018 -0.0168662 1.49943e-06 -1.87766e-05 -0.0168662 0.0836935 -2.5389e-05 0.000108842 1.49943e-06 -2.5389e-05 0.00928022 -0.0169065 -1.87766e-05 0.000108842 -0.0169065 0.083183 
0.00912335 -0.0168282 -3.40168e-06 -1.45424e-05 -0.0168282 0.0834993 -2.25576e-05 0.00010331 -3.40168e-06 -2.25576e-05 0.00926351 -0.0168995 -1.45424e-05 0.00010331 -0.0168995 0.0831558 
0.0091338 -0.0168519 -1.20353e-06 -7.98815e-06 -0.0168519 0.0835248 -1.53787e-05 8.89127e-05 -1.20353e-06 -1.53787e-05 0.00926991 -0.0169004 -7.98815e-06 8.89127e-05 -0.0169004 0.0832075 
0.00911875 -0.016826 -3.42057e-06 -1.15436e-05 -0.016826 0.0833641 -1.59838e-05 8.40858e-05 -3.42057e-06 -1.59838e-05 0.00925524 -0.0168649 -1.15436e-05 8.40858e-05 -0.0168649 0.0830268 
0.00914523 -0.0168317 -1.22546e-05 -1.27016e-05 -0.0168317 0.0833781 -1.2719e-05 8.50474e-05 -1.22546e-05 -1.2719e-05 0.00922523 -0.0168708 -1.27016e-05 8.50474e-05 -0.0168708 0.0830329 
0.00917329 -0.0168919 -2.97388e-05 -2.55133e-06 -0.0168919 0.0835694 1.57908e-06 6.49974e-05 -2.97388e-05 1.57908e-06 0.0092276 -0.0168673 -2.55133e-06 6.49974e-05 -0.0168673 0.0831335 
0.00921457 -0.016986 -3.95342e-05 2.28353e-05 -0.016986 0.0839945 2.69303e-05 1.06613e-05 -3.95342e-05 2.69303e-05 0.00925091 -0.0169161 2.28353e-05 1.06613e-05 -0.0169161 0.0834201 
0.00921107 -0.0170013 -3.10783e-05 4.34167e-05 -0.0170013 0.0840843 4.51692e-05 -5.43425e-05 -3.10783e-05 4.51692e-05 0.00926329 -0.0169051 4.34167e-05 -5.43425e-05 -0.0169051 0.0834092 
0.00918914 -0.0169642 -1.60934e-05 3.50573e-05 -0.0169642 0.0839485 3.46801e-05 -6.87595e-05 -1.60934e-05 3.46801e-05 0.00926845 -0.0168802 3.50573e-05 -6.87595e-05 -0.0168802 0.0832448 
0.00917698 -0.0168945 -7.46209e-07 9.00262e-06 -0.0168945 0.0836296 9.32735e-06 -2.08287e-05 -7.46209e-07 9.32735e-06 0.00923029 -0.016845 9.00262e-06 -2.08287e-05 -0.016845 0.0829791 
0.00915337 -0.0168752 2.09889e-06 -1.67258e-05 -0.0168752 0.0834364 -1.66332e-05 5.25399e-05 2.09889e-06 -1.66332e-05 0.00921759 -0.0167957 -1.67258e-05 5.25399e-05 -0.0167957 0.0827669 
0.00914628 -0.0168501 -2.44591e-06 -2.9076e-05 -0.0168501 0.0833238 -2.44897e-05 0.00010928 -2.44591e-06 -2.44897e-05 0.00919961 -0.0167842 -2.9076e-05 0.00010928 -0.0167842 0.0826523 
0.0091702 -0.0168956 -9.68032e-06 -2.32203e-05 -0.0168956 0.0835148 -1.29282e-05 0.000114438 -9.68032e-06 -1.29282e-05 0.00920709 -0.0168146 -2.32203e-05 0.000114438 -0.0168146 0.0828221 
0.00919641 -0.0169788 -1.76094e-05 -1.35792e-05 -0.0169788 0.083906 -4.024e-06 9.85052e-05 -1.76094e-05 -4.024e-06 0.0092428 -0.0168716 -1.35792e-05 9.85052e-05 -0.0168716 0.083151 
0.00920134 -0.0169534 -2.97217e-06 -3.09665e-06 -0.0169534 0.0838485 3.66768e-06 7.80588e-05 -2.97217e-06 3.66768e-06 0.00922014 -0.0168554 -3.09665e-06 7.80588e-05 -0.0168554 0.0830775 
0.0092277 -0.0170089 1.35067e-05 -1.77315e-05 -0.0170089 0.0840805 -1.47369e-05 9.31724e-05 1.35067e-05 -1.47369e-05 0.00923795 -0.01688 -1.77315e-05 9.31724e-05 -0.01688 0.083264 
0.00922845 -0.0170209 2.86654e-05 -3.76731e-05 -0.0170209 0.0841408 -3.61643e-05 0.000137179 2.86654e-05 -3.61643e-05 0.00924551 -0.0168805 -3.76731e-05 0.000137179 -0.0168805 0.0832818 
0.00922209 -0.0170196 2.21448e-05 -5.47135e-05 -0.0170196 0.0841596 -5.23374e-05 0.000179361 2.21448e-05 -5.23374e-05 0.00926645 -0.0168857 -5.47135e-05 0.000179361 -0.0168857 0.0832918 
0.00920801 -0.0169776 1.13038e-06 -4.70505e-05 -0.0169776 0.0839865 -4.64357e-05 0.00018637 1.13038e-06 -4.64357e-05 0.00926431 -0.0168777 -4.70505e-05 0.00018637 -0.0168777 0.0831728 
0.00917272 -0.0169596 -1.50184e-05 -1.73417e-05 -0.0169596 0.0838685 -2.0941e-05 0.00014021 -1.50184e-05 -2.0941e-05 0.00929691 -0.016871 -1.73417e-05 0.00014021 -0.016871 0.0830967 
0.00915362 -0.0169537 -1.31964e-05 2.93188e-06 -0.0169537 0.0839329 -9.603e-07 8.51551e-05 -1.31964e-05 -9.603e-07 0.00934437 -0.016948 2.93188e-06 8.51551e-05 -0.016948 0.0832995 
0.00918858 -0.0170026 9.51911e-06 -1.05121e-06 -0.0170026 0.0842858 -2.14828e-06 6.78619e-05 9.51911e-06 -2.14828e-06 0.00938407 -0.017086 -1.05121e-06 6.78619e-05 -0.017086 0.0838647 
0.00919624 -0.0170154 1.5804e-05 -3.20354e-05 -0.0170154 0.0843773 -3.28875e-05 0.000117625 1.5804e-05 -3.28875e-05 0.00939323 -0.0171131 -3.20354e-05 0.000117625 -0.0171131 0.0840809 
0.00918301 -0.0169592 2.14298e-05 -4.62705e-05 -0.0169592 0.0841221 -4.73718e-05 0.000176087 2.14298e-05 -4.73718e-05 0.00936049 -0.0170567 -4.62705e-05 0.000176087 -0.0170567 0.0838612 
0.00919333 -0.0169704 1.9814e-05 -5.44237e-05 -0.0169704 0.0841229 -5.66916e-05 0.000213755 1.9814e-05 -5.66916e-05 0.00936262 -0.0170445 -5.44237e-05 0.000213755 -0.0170445 0.0838382 
0.00920665 -0.0169716 1.12892e-05 -5.13855e-05 -0.0169716 0.0840847 -5.36485e-05 0.000223722 1.12892e-05 -5.36485e-05 0.00935754 -0.0170305 -5.13855e-05 0.000223722 -0.0170305 0.0837555 
0.00922812 -0.016987 -5.62399e-06 -4.44005e-05 -0.016987 0.0840837 -4.38419e-05 0.000214312 -5.62399e-06 -4.38419e-05 0.00934098 -0.017022 -4.44005e-05 0.000214312 -0.017022 0.0836975 
0.0092553 -0.0170298 -2.38858e-05 -2.13884e-05 -0.0170298 0.0841948 -1.71696e-05 0.000165703 -2.38858e-05 -1.71696e-05 0.00932281 -0.017013 -2.13884e-05 0.000165703 -0.017013 0.0836975 
0.00930606 -0.0170995 -2.94857e-05 4.55351e-06 -0.0170995 0.084467 8.68494e-06 9.87016e-05 -2.94857e-05 8.68494e-06 0.00930949 -0.0170225 4.55351e-06 9.87016e-05 -0.0170225 0.0838177 
0.00929696 -0.0171456 -2.43496e-05 1.4118e-05 -0.0171456 0.0845981 1.88177e-05 5.09713e-05 -2.43496e-05 1.88177e-05 0.00931147 -0.0169841 1.4118e-05 5.09713e-05 -0.0169841 0.0837452 
0.00925091 -0.0170922 -1.89266e-05 6.88958e-06 -0.0170922 0.0844234 1.2103e-05 4.55221e-05 -1.89266e-05 1.2103e-05 0.00930128 -0.0169368 6.88958e-06 4.55221e-05 -0.0169368 0.083481 
0.0092398 -0.0170769 -2.42108e-05 -8.53498e-07 -0.0170769 0.0844604 4.92376e-06 6.07325e-05 -2.42108e-05 4.92376e-06 0.009311 -0.0169721 -8.53498e-07 6.07325e-05 -0.0169721 0.0835817 
0.00920535 -0.017071 -2.22046e-05 5.54685e-06 -0.017071 0.0844995 1.06989e-05 5.71672e-05 -2.22046e-05 1.06989e-05 0.00934085 -0.0169976 5.54685e-06 5.71672e-05 -0.0169976 0.0837141 
0.00918391 -0.0170029 -2.70712e-05 6.86193e-06 -0.0170029 0.0843438 8.01576e-06 5.16165e-05 -2.70712e-05 8.01576e-06 0.00935091 -0.0170179 6.86193e-06 5.16165e-05 -0.0170179 0.0837434 
0.00919709 -0.016975 -3.31608e-05 1.20384e-05 -0.016975 0.0842328 9.93336e-06 4.86114e-05 -3.31608e-05 9.93336e-06 0.00934584 -0.0170332 1.20384e-05 4.86114e-05 -0.0170332 0.0837932 
0.00919856 -0.0169498 -3.93998e-05 1.67091e-05 -0.0169498 0.0840252 1.53125e-05 4.21265e-05 -3.93998e-05 1.53125e-05 0.00932531 -0.0169976 1.67091e-05 4.21265e-05 -0.0169976 0.0836496 
0.00927208 -0.017016 -3.54776e-05 2.32401e-05 -0.017016 0.0842586 2.25409e-05 3.0516e-05 -3.54776e-05 2.25409e-05 0.00931156 -0.0170385 2.32401e-05 3.0516e-05 -0.0170385 0.0838602 
0.00929101 -0.0170915 -3.56265e-05 1.84863e-05 -0.0170915 0.0844185 1.75293e-05 3.33623e-05 -3.56265e-05 1.75293e-05 0.00930489 -0.0169974 1.84863e-05 3.33623e-05 -0.0169974 0.083817 
0.00929086 -0.0171109 -3.4965e-05 1.51972e-05 -0.0171109 0.0844883 1.65356e-05 4.30202e-05 -3.4965e-05 1.65356e-05 0.00929315 -0.0169659 1.51972e-05 4.30202e-05 -0.0169659 0.0836813 
0.00925553 -0.0170651 -1.96818e-05 8.89315e-06 -0.0170651 0.0842795 1.42329e-05 5.86295e-05 -1.96818e-05 1.42329e-05 0.00927143 -0.0169037 8.89315e-06 5.86295e-05 -0.0169037 0.0833714 
0.00921824 -0.0169918 -4.56552e-06 -1.01482e-05 -0.0169918 0.0839654 -4.06467e-06 9.43138e-05 -4.56552e-06 -4.06467e-06 0.00924869 -0.0168512 -1.01482e-05 9.43138e-05 -0.0168512 0.0830596 
0.00918103 -0.01692 3.73521e-06 -2.9273e-05 -0.01692 0.0836193 -2.52921e-05 0.000145583 3.73521e-06 -2.52921e-05 0.00922782 -0.0168014 -2.9273e-05 0.000145583 -0.0168014 0.0827628 
0.00917705 -0.016929 -5.80653e-06 -4.01683e-05 -0.016929 0.083665 -3.67605e-05 0.000186029 -5.80653e-06 -3.67605e-05 0.00923036 -0.0168372 -4.01683e-05 0.000186029 -0.0168372 0.0828793 
0.00917776 -0.0169009 -3.35381e-06 -2.75667e-05 -0.0169009 0.0835684 -2.25215e-05 0.000178527 -3.35381e-06 -2.25215e-05 0.009207 -0.0168252 -2.75667e-05 0.000178527 -0.0168252 0.0828494 
0.00917451 -0.0169443 4.42691e-06 -2.59538e-05 -0.0169443 0.0837367 -2.0782e-05 0.000162464 4.42691e-06 -2.0782e-05 0.00922464 -0.0168393 -2.59538e-05 0.000162464 -0.0168393 0.0829983 
0.00915511 -0.016897 4.351e-06 -3.33395e-05 -0.016897 0.0835953 -2.94067e-05 0.000166867 4.351e-06 -2.94067e-05 0.00919823 -0.0168125 -3.33395e-05 0.000166867 -0.0168125 0.0828651 
0.00913978 -0.0168536 -1.62614e-05 -3.29157e-05 -0.0168536 0.0834013 -3.04904e-05 0.000170645 -1.62614e-05 -3.04904e-05 0.00916905 -0.0167661 -3.29157e-05 0.000170645 -0.0167661 0.0826883 
0.00913516 -0.016829 -2.04423e-05 -7.6305e-06 -0.016829 0.0832634 -7.06758e-06 0.00013481 -2.04423e-05 -7.06758e-06 0.009139 -0.0167269 -7.6305e-06 0.00013481 -0.0167269 0.0825353 
0.00914229 -0.016883 -1.28229e-05 -2.40141e-06 -0.016883 0.083492 -2.69091e-06 0.000109258 -1.28229e-05 -2.69091e-06 0.00915867 -0.0167515 -2.40141e-06 0.000109258 -0.0167515 0.0827122 
0.00913667 -0.0168728 -2.47921e-05 -1.35993e-05 -0.0168728 0.0835236 -1.26906e-05 0.000119381 -2.47921e-05 -1.26906e-05 0.00917041 -0.0167607 -1.35993e-05 0.000119381 -0.0167607 0.0827589 
0.00912451 -0.016814 -2.79995e-05 -2.92551e-06 -0.016814 0.0832771 1.90298e-06 0.000111303 -2.79995e-05 1.90298e-06 0.00914465 -0.0167302 -2.92551e-06 0.000111303 -0.0167302 0.0825847 
0.00910497 -0.0167474 -2.51201e-05 1.06195e-06 -0.0167474 0.0828935 1.0105e-05 9.15158e-05 -2.51201e-05 1.0105e-05 0.00909662 -0.0166524 1.06195e-06 9.15158e-05 -0.0166524 0.082226 
0.00911951 -0.0167665 -2.30536e-05 -1.32324e-06 -0.0167665 0.0828947 7.86731e-06 8.70319e-05 -2.30536e-05 7.86731e-06 0.00908009 -0.0166353 -1.32324e-06 8.70319e-05 -0.0166353 0.0821725 
0.00914163 -0.0168393 -1.62138e-05 -4.54759e-07 -0.0168393 0.0831817 5.48601e-06 8.54993e-05 -1.62138e-05 5.48601e-06 0.00909313 -0.0166611 -4.54759e-07 8.54993e-05 -0.0166611 0.082349 
0.0091182 -0.0168187 -2.59582e-05 -5.43001e-06 -0.0168187 0.0831209 -2.94682e-06 9.22174e-05 -2.59582e-05 -2.94682e-06 0.00908647 -0.016633 -5.43001e-06 9.22174e-05 -0.016633 0.0822331 
0.009069 -0.0167416 -2.69511e-05 6.04519e-06 -0.0167416 0.0828127 6.27118e-06 8.17816e-05 -2.69511e-05 6.27118e-06 0.00906923 -0.0165828 6.04519e-06 8.17816e-05 -0.0165828 0.0819595 
0.0090406 -0.016713 -1.78254e-05 8.49458e-06 -0.016713 0.0827405 3.87437e-06 7.52015e-05 -1.78254e-05 3.87437e-06 0.00908914 -0.0165993 8.49458e-06 7.52015e-05 -0.0165993 0.0819861 
0.00899432 -0.0166514 -1.74287e-05 1.80455e-06 -0.0166514 0.0825204 -7.46546e-06 8.57117e-05 -1.74287e-05 -7.46546e-06 0.00910531 -0.0165979 1.80455e-06 8.57117e-05 -0.0165979 0.0819086 
0.00895314 -0.016588 -6.88796e-06 1.23893e-06 -0.016588 0.0823043 -9.75852e-06 9.53839e-05 -6.88796e-06 -9.75852e-06 0.00911847 -0.0166138 1.23893e-06 9.53839e-05 -0.0166138 0.0818812 
0.00958024 -0.0177291 1.22866e-05 -1.48015e-05 -0.0177291 0.0880495 -2.35765e-05 0.00012686 1.22866e-05 -2.35765e-05 0.00977378 -0.0178305 -1.48015e-05 0.00012686 -0.0178305 0.0877984 
0.00895804 -0.0165659 1.60517e-05 -3.73592e-05 -0.0165659 0.0822644 -4.06244e-05 0.000159711 1.60517e-05 -4.06244e-05 0.00915665 -0.0166785 -3.73592e-05 0.000159711 -0.0166785 0.0821336 
0.00897764 -0.0165789 1.74418e-05 -4.56391e-05 -0.0165789 0.0823025 -4.53758e-05 0.000191306 1.74418e-05 -4.53758e-05 0.00917573 -0.0167131 -4.56391e-05 0.000191306 -0.0167131 0.0822379 
0.00902168 -0.0166606 1.48482e-05 -4.68832e-05 -0.0166606 0.0826478 -4.56152e-05 0.000201246 1.48482e-05 -4.56152e-05 0.00921177 -0.0167991 -4.68832e-05 0.000201246 -0.0167991 0.0826189 
0.00907186 -0.0167299 1.5525e-05 -4.26202e-05 -0.0167299 0.0829695 -4.28331e-05 0.000196085 1.5525e-05 -4.28331e-05 0.00922775 -0.0168656 -4.26202e-05 0.000196085 -0.0168656 0.082959 
0.00909519 -0.0167436 1.84967e-05 -4.35076e-05 -0.0167436 0.0829669 -4.53138e-05 0.000196646 1.84967e-05 -4.53138e-05 0.00919191 -0.0168292 -4.35076e-05 0.000196646 -0.0168292 0.0828763 
0.00911362 -0.0167996 1.03671e-05 -4.32075e-05 -0.0167996 0.0831381 -4.78668e-05 0.000196762 1.03671e-05 -4.78668e-05 0.00919231 -0.0168027 -4.32075e-05 0.000196762 -0.0168027 0.0828639 
0.00912497 -0.0168187 3.94237e-06 -3.23497e-05 -0.0168187 0.0832282 -3.82022e-05 0.000180978 3.94237e-06 -3.82022e-05 0.00918907 -0.016791 -3.23497e-05 0.000180978 -0.016791 0.0828081 
0.00916398 -0.0168572 -1.31749e-06 -2.42252e-05 -0.0168572 0.083398 -2.76445e-05 0.000156313 -1.31749e-06 -2.76445e-05 0.00917458 -0.0168042 -2.42252e-05 0.000156313 -0.0168042 0.0828755 
0.00919496 -0.0169143 6.23038e-07 -1.95732e-05 -0.0169143 0.083585 -1.96238e-05 0.000136348 6.23038e-07 -1.96238e-05 0.00916982 -0.0167883 -1.95732e-05 0.000136348 -0.0167883 0.0828998 
0.00920902 -0.0169591 -6.69065e-06 -2.47219e-05 -0.0169591 0.0837527 -2.30677e-05 0.000137433 -6.69065e-06 -2.30677e-05 0.00918795 -0.0167782 -2.47219e-05 0.000137433 -0.0167782 0.0828903 
0.00921073 -0.0169802 -1.60983e-05 -1.92118e-05 -0.0169802 0.0838609 -1.7533e-05 0.000135898 -1.60983e-05 -1.7533e-05 0.00919858 -0.016793 -1.92118e-05 0.000135898 -0.016793 0.0828993 
0.00922138 -0.0170155 -2.00951e-05 -8.98115e-06 -0.0170155 0.0840706 -6.35501e-06 0.000118626 -2.00951e-05 -6.35501e-06 0.00922536 -0.0168395 -8.98115e-06 0.000118626 -0.0168395 0.0830911 
0.00922051 -0.0170144 -2.41839e-05 4.20192e-07 -0.0170144 0.084119 1.57009e-07 9.50995e-05 -2.41839e-05 1.57009e-07 0.00923934 -0.0168621 4.20192e-07 9.50995e-05 -0.0168621 0.0831769 
0.009199 -0.0169619 -2.06471e-05 1.10063e-05 -0.0169619 0.0838859 7.05107e-06 6.82303e-05 -2.06471e-05 7.05107e-06 0.00921135 -0.0168263 1.10063e-05 6.82303e-05 -0.0168263 0.0829849 
0.0091686 -0.0169187 1.80294e-07 4.67511e-06 -0.0169187 0.0836714 -5.92396e-07 7.06731e-05 1.80294e-07 -5.92396e-07 0.00920124 -0.0167884 4.67511e-06 7.06731e-05 -0.0167884 0.0828126 
0.00912977 -0.0168656 1.43851e-05 -2.1102e-05 -0.0168656 0.0834443 -2.51983e-05 0.000112112 1.43851e-05 -2.51983e-05 0.00919176 -0.0167628 -2.1102e-05 0.000112112 -0.0167628 0.0826456 
0.00910453 -0.0168572 2.96728e-06 -4.2281e-05 -0.0168572 0.0834637 -4.45462e-05 0.000167728 2.96728e-06 -4.45462e-05 0.00921668 -0.0167942 -4.2281e-05 0.000167728 -0.0167942 0.0827606 
0.00908435 -0.0167777 2.03309e-06 -3.46581e-05 -0.0167777 0.0831901 -3.44619e-05 0.000183128 2.03309e-06 -3.44619e-05 0.00918796 -0.0167807 -3.46581e-05 0.000183128 -0.0167807 0.0826403 
0.00906525 -0.0167285 1.32601e-05 -3.29168e-05 -0.0167285 0.0829231 -3.14961e-05 0.000178311 1.32601e-05 -3.14961e-05 0.00916028 -0.0167348 -3.29168e-05 0.000178311 -0.0167348 0.082467 
0.00907314 -0.01673 1.43364e-05 -4.27274e-05 -0.01673 0.0828964 -4.21053e-05 0.000188506 1.43364e-05 -4.21053e-05 0.00914915 -0.0167254 -4.27274e-05 0.000188506 -0.0167254 0.0824524 
0.00909298 -0.016765 2.67316e-05 -4.2555e-05 -0.016765 0.0830349 -4.2208e-05 0.000192629 2.67316e-05 -4.2208e-05 0.00914936 -0.0167436 -4.2555e-05 0.000192629 -0.0167436 0.0825732 
0.00912802 -0.0167969 1.73762e-05 -5.51336e-05 -0.0167969 0.083174 -5.40609e-05 0.000207254 1.73762e-05 -5.40609e-05 0.00913761 -0.0167536 -5.51336e-05 0.000207254 -0.0167536 0.0826772 
0.00912549 -0.0167618 1.45489e-05 -4.41421e-05 -0.0167618 0.0829168 -4.16418e-05 0.000195675 1.45489e-05 -4.16418e-05 0.00907544 -0.0166593 -4.41421e-05 0.000195675 -0.0166593 0.0823143 
0.00907777 -0.0167193 1.98001e-05 -3.68688e-05 -0.0167193 0.0825922 -3.49819e-05 0.000170724 1.98001e-05 -3.49819e-05 0.00903639 -0.0165354 -3.68688e-05 0.000170724 -0.0165354 0.0818039 
0.00967972 -0.0178678 1.04563e-05 -4.03247e-05 -0.0178678 0.0883033 -4.28497e-05 0.000172292 1.04563e-05 -4.28497e-05 0.00968302 -0.0176734 -4.03247e-05 0.000172292 -0.0176734 0.0873635 
0.00964545 -0.0178231 -9.69346e-06 -2.57524e-05 -0.0178231 0.088172 -3.20635e-05 0.000149893 -9.69346e-06 -3.20635e-05 0.00969236 -0.0176845 -2.57524e-05 0.000149893 -0.0176845 0.0872896 
0.00965037 -0.0178319 -4.13052e-05 2.02576e-06 -0.0178319 0.0882989 -8.25033e-06 9.76792e-05 -4.13052e-05 -8.25033e-06 0.00971796 -0.0177557 2.02576e-06 9.76792e-05 -0.0177557 0.087556 
0.00962245 -0.017768 -3.94727e-05 3.98737e-05 -0.017768 0.0880162 3.00507e-05 1.41945e-05 -3.94727e-05 3.00507e-05 0.00969294 -0.0177151 3.98737e-05 1.41945e-05 -0.0177151 0.0873732 
0.00961189 -0.0177366 -2.96872e-05 3.90666e-05 -0.0177366 0.087856 3.15493e-05 -2.69397e-05 -2.96872e-05 3.15493e-05 0.00966809 -0.0176905 3.90666e-05 -2.69397e-05 -0.0176905 0.0872604 
0.00960347 -0.0177194 -3.20458e-05 2.33546e-05 -0.0177194 0.0877457 1.8594e-05 -1.28139e-05 -3.20458e-05 1.8594e-05 0.00964585 -0.0176573 2.33546e-05 -1.28139e-05 -0.0176573 0.0871436 
0.00960717 -0.0177325 -2.44601e-05 2.24281e-05 -0.0177325 0.0878016 1.97694e-05 1.29255e-06 -2.44601e-05 1.97694e-05 0.00964064 -0.0176576 2.24281e-05 1.29255e-06 -0.0176576 0.08718 
0.00959327 -0.0177319 -1.18702e-05 1.28231e-05 -0.0177319 0.0878142 1.20852e-05 1.70725e-05 -1.18702e-05 1.20852e-05 0.00965459 -0.0176513 1.28231e-05 1.70725e-05 -0.0176513 0.0871836 
0.00960502 -0.0177602 -8.03305e-06 -4.50861e-06 -0.0177602 0.0880237 -7.49051e-07 4.84624e-05 -8.03305e-06 -7.49051e-07 0.00969046 -0.0177167 -4.50861e-06 4.84624e-05 -0.0177167 0.0874521 
0.00960979 -0.0177731 -1.45974e-05 -1.3224e-05 -0.0177731 0.0881405 -3.19944e-06 7.20514e-05 -1.45974e-05 -3.19944e-06 0.00971953 -0.0177642 -1.3224e-05 7.20514e-05 -0.0177642 0.0876646 
0.00961406 -0.017744 -1.55831e-05 -5.26198e-06 -0.017744 0.0880401 4.57378e-06 6.70213e-05 -1.55831e-05 4.57378e-06 0.00970447 -0.0177687 -5.26198e-06 6.70213e-05 -0.0177687 0.0876615 
0.00897751 -0.0165824 -8.30113e-06 1.90629e-06 -0.0165824 0.0822284 4.35196e-06 4.91418e-05 -8.30113e-06 4.35196e-06 0.00906872 -0.0165899 1.90629e-06 4.91418e-05 -0.0165899 0.0818971 
0.00899274 -0.016596 -1.91535e-05 1.00252e-06 -0.016596 0.0823052 -2.27388e-06 4.48066e-05 -1.91535e-05 -2.27388e-06 0.0090696 -0.016605 1.00252e-06 4.48066e-05 -0.016605 0.0819667 
0.00960637 -0.017738 -2.24277e-05 1.45816e-05 -0.017738 0.0879392 8.8541e-06 3.0074e-05 -2.24277e-05 8.8541e-06 0.00968735 -0.0177284 1.45816e-05 3.0074e-05 -0.0177284 0.0875473 
0.00957249 -0.0176755 -1.61832e-05 1.92866e-05 -0.0176755 0.0876408 1.38861e-05 7.52627e-06 -1.61832e-05 1.38861e-05 0.00966097 -0.0176642 1.92866e-05 7.52627e-06 -0.0176642 0.0872285 
0.00960793 -0.0177018 -9.8856e-06 1.56602e-05 -0.0177018 0.0877774 6.98766e-06 3.90657e-06 -9.8856e-06 6.98766e-06 0.00966189 -0.0177056 1.56602e-05 3.90657e-06 -0.0177056 0.0873909 
0.00959881 -0.0176472 -3.26118e-06 9.39693e-06 -0.0176472 0.0874155 -3.80932e-06 1.76088e-05 -3.26118e-06 -3.80932e-06 0.00959755 -0.0176079 9.39693e-06 1.76088e-05 -0.0176079 0.0869798 
0.00963143 -0.0176933 9.11411e-07 1.00038e-06 -0.0176933 0.0875078 -1.51898e-05 4.09731e-05 9.11411e-07 -1.51898e-05 0.00956634 -0.0175783 1.00038e-06 4.09731e-05 -0.0175783 0.0869117 
0.00961827 -0.0177489 3.01227e-06 -2.05069e-06 -0.0177489 0.0876691 -1.62625e-05 4.94612e-05 3.01227e-06 -1.62625e-05 0.00958348 -0.0175431 -2.05069e-06 4.94612e-05 -0.0175431 0.0868438 
0.0096257 -0.0177943 1.07386e-05 -6.22186e-06 -0.0177943 0.0880019 -1.3253e-05 4.89115e-05 1.07386e-05 -1.3253e-05 0.00963797 -0.0176132 -6.22186e-06 4.89115e-05 -0.0176132 0.0870979 
0.00960219 -0.0177734 -1.04535e-06 -2.05153e-05 -0.0177734 0.0880048 -1.71935e-05 6.16416e-05 -1.04535e-06 -1.71935e-05 0.00966384 -0.017647 -2.05153e-05 6.16416e-05 -0.017647 0.0871704 
0.00957627 -0.0177139 -8.58558e-06 -1.19738e-05 -0.0177139 0.0878211 -2.73002e-06 5.41933e-05 -8.58558e-06 -2.73002e-06 0.0096715 -0.0176586 -1.19738e-05 5.41933e-05 -0.0176586 0.087147 
0.00959553 -0.0176973 -4.6695e-06 -3.23647e-06 -0.0176973 0.087782 7.73374e-06 3.29569e-05 -4.6695e-06 7.73374e-06 0.00966233 -0.0176973 -3.23647e-06 3.29569e-05 -0.0176973 0.0872796 
