0.00740082 0 8.604e-05 0 0 0.0105003 0 0 8.604e-05 0 0.00739262 0 0 0 0 0.0105003 
0.0106468 -0.0132142 9.12368e-05 -0.000109217 -0.0132142 0.0351233 -0.000109217 0.000209354 9.12368e-05 -0.000109217 0.0106465 -0.0132156 -0.000109217 0.000209354 -0.0132156 0.0351253 
0.00921612 -0.0171224 3.08436e-05 -2.29487e-05 -0.0171224 0.0631505 -2.29487e-05 4.51236e-05 3.08436e-05 -2.29487e-05 0.0092016 -0.0171676 -2.29487e-05 4.51236e-05 -0.0171676 0.0633054 
0.00869378 -0.0167468 1.45156e-08 0.000124805 -0.0167468 0.0750522 0.000131216 -0.00068883 1.45156e-08 0.000131216 0.00868988 -0.0167924 0.000124805 -0.00068883 -0.0167924 0.0753797 
0.00993371 -0.0185726 2.66086e-05 0.0001622 -0.0185726 0.0895007 0.000174371 -0.00118007 2.66086e-05 0.000174371 0.00995372 -0.0186226 0.0001622 -0.00118007 -0.0186226 0.0899134 
0.00966416 -0.0177347 5.40825e-05 8.03721e-05 -0.0177347 0.0870535 8.88025e-05 -0.000934689 5.40825e-05 8.88025e-05 0.00966109 -0.0177948 8.03721e-05 -0.000934689 -0.0177948 0.0874152 
0.00941213 -0.0171987 6.61402e-05 2.07918e-05 -0.0171987 0.0846456 2.29473e-05 -0.000594616 6.61402e-05 2.29473e-05 0.00936506 -0.0172181 2.07918e-05 -0.000594616 -0.0172181 0.0848767 
0.00914942 -0.0167159 6.58504e-05 -7.85136e-07 -0.0167159 0.0823268 -2.18441e-07 -0.000384483 6.58504e-05 -2.18441e-07 0.00907457 -0.0166769 -7.85136e-07 -0.000384483 -0.0166769 0.0823882 
0.0103299 -0.0188859 5.48149e-05 1.44512e-06 -0.0188859 0.0930543 2.63288e-06 -0.000354294 5.48149e-05 2.63288e-06 0.0102407 -0.0187925 1.44512e-06 -0.000354294 -0.0187925 0.0929468 
0.0101815 -0.0186421 2.61863e-05 3.21167e-05 -0.0186421 0.0918772 2.97499e-05 -0.000377276 2.61863e-05 2.97499e-05 0.0101223 -0.0185355 3.21167e-05 -0.000377276 -0.0185355 0.0916687 
0.0101094 -0.0184656 1.38794e-05 7.498e-05 -0.0184656 0.0910767 6.68227e-05 -0.00046615 1.38794e-05 6.68227e-05 0.0100368 -0.0184098 7.498e-05 -0.00046615 -0.0184098 0.0909305 
0.0100844 -0.0183994 1.63242e-05 9.20218e-05 -0.0183994 0.0906685 8.2639e-05 -0.00053602 1.63242e-05 8.2639e-05 0.0099833 -0.0183316 9.20218e-05 -0.00053602 -0.0183316 0.0905492 
0.0100588 -0.0183577 2.70916e-05 8.61734e-05 -0.0183577 0.0903742 7.92532e-05 -0.000551678 2.70916e-05 7.92532e-05 0.00994649 -0.0182587 8.61734e-05 -0.000551678 -0.0182587 0.0902159 
0.0100313 -0.0183378 4.09657e-05 6.71071e-05 -0.0183378 0.0902308 6.50502e-05 -0.000522824 4.09657e-05 6.50502e-05 0.00993945 -0.0182198 6.71071e-05 -0.000522824 -0.0182198 0.0900179 
0.0100227 -0.0183348 6.16839e-05 4.63044e-05 -0.0183348 0.0902505 4.66485e-05 -0.000475214 6.16839e-05 4.66485e-05 0.00994309 -0.0182417 4.63044e-05 -0.000475214 -0.0182417 0.0900533 
0.0100089 -0.0183465 6.45331e-05 2.01581e-05 -0.0183465 0.0903386 2.1351e-05 -0.000414069 6.45331e-05 2.1351e-05 0.00996668 -0.0182669 2.01581e-05 -0.000414069 -0.0182669 0.0901752 
0.0100118 -0.0183707 5.18422e-05 1.37543e-05 -0.0183707 0.0905521 1.74225e-05 -0.000376206 5.18422e-05 1.74225e-05 0.0100056 -0.0183375 1.37543e-05 -0.000376206 -0.0183375 0.0904744 
0.00996068 -0.0182606 4.35753e-05 2.55901e-05 -0.0182606 0.0901028 3.25254e-05 -0.000380831 4.35753e-05 3.25254e-05 0.00997326 -0.0182783 2.55901e-05 -0.000380831 -0.0182783 0.0901537 
0.0099897 -0.0182848 2.46227e-05 3.56146e-05 -0.0182848 0.0902297 4.35687e-05 -0.000404195 2.46227e-05 4.35687e-05 0.00996993 -0.0183221 3.56146e-05 -0.000404195 -0.0183221 0.0903592 
0.010029 -0.0183153 1.77549e-05 5.97597e-05 -0.0183153 0.0903202 6.67079e-05 -0.000449798 1.77549e-05 6.67079e-05 0.00994306 -0.0183074 5.97597e-05 -0.000449798 -0.0183074 0.0903981 
0.0100649 -0.0184092 2.11918e-05 7.08422e-05 -0.0184092 0.0906614 7.62696e-05 -0.000489861 2.11918e-05 7.62696e-05 0.00995123 -0.0183126 7.08422e-05 -0.000489861 -0.0183126 0.0905588 
0.0100164 -0.0183568 3.21035e-05 6.40739e-05 -0.0183568 0.0904032 7.12512e-05 -0.000490456 3.21035e-05 7.12512e-05 0.009926 -0.0182119 6.40739e-05 -0.000490456 -0.0182119 0.0901191 
0.0099768 -0.0182753 5.80791e-05 4.83197e-05 -0.0182753 0.0900794 5.65477e-05 -0.000460822 5.80791e-05 5.65477e-05 0.009896 -0.0181562 4.83197e-05 -0.000460822 -0.0181562 0.0897601 
0.0099436 -0.01825 6.66923e-05 1.67062e-05 -0.01825 0.0899669 2.20461e-05 -0.000394362 6.66923e-05 2.20461e-05 0.00990303 -0.0181474 1.67062e-05 -0.000394362 -0.0181474 0.0896782 
0.00987806 -0.0181479 7.60021e-05 1.11354e-06 -0.0181479 0.089551 6.96602e-06 -0.000331496 7.60021e-05 6.96602e-06 0.00989007 -0.0180962 1.11354e-06 -0.000331496 -0.0180962 0.0893537 
0.00987427 -0.0181563 8.15198e-05 -1.51668e-05 -0.0181563 0.0896703 -5.37906e-06 -0.000285512 8.15198e-05 -5.37906e-06 0.00992368 -0.0181685 -1.51668e-05 -0.000285512 -0.0181685 0.0896156 
0.00990095 -0.0181773 8.45813e-05 -2.57828e-05 -0.0181773 0.0898526 -1.43475e-05 -0.000249447 8.45813e-05 -1.43475e-05 0.00994708 -0.0182414 -2.57828e-05 -0.000249447 -0.0182414 0.0899444 
0.00993219 -0.0181708 7.08525e-05 -2.87475e-05 -0.0181708 0.0898012 -1.99262e-05 -0.000225681 7.08525e-05 -1.99262e-05 0.00990862 -0.0182313 -2.87475e-05 -0.000225681 -0.0182313 0.0899455 
0.00992564 -0.0181753 4.27832e-05 -1.0353e-05 -0.0181753 0.0896704 -5.33366e-06 -0.000240288 4.27832e-05 -5.33366e-06 0.00986906 -0.0181415 -1.0353e-05 -0.000240288 -0.0181415 0.0896669 
0.00992702 -0.0182158 2.33282e-05 2.59249e-05 -0.0182158 0.0898288 2.84893e-05 -0.000305534 2.33282e-05 2.84893e-05 0.00987125 -0.0181259 2.59249e-05 -0.000305534 -0.0181259 0.0896367 
0.00990148 -0.0181908 1.56378e-05 5.25736e-05 -0.0181908 0.0897624 5.33905e-05 -0.00037824 1.56378e-05 5.33905e-05 0.00986582 -0.0180968 5.25736e-05 -0.00037824 -0.0180968 0.0894849 
0.00987178 -0.0181432 2.19905e-05 6.4268e-05 -0.0181432 0.0896132 6.16794e-05 -0.000421637 2.19905e-05 6.16794e-05 0.00986774 -0.0180875 6.4268e-05 -0.000421637 -0.0180875 0.0893867 
0.00981685 -0.0180618 1.63651e-05 5.5929e-05 -0.0180618 0.0892668 5.01153e-05 -0.000416666 1.63651e-05 5.01153e-05 0.00986324 -0.018048 5.5929e-05 -0.000416666 -0.018048 0.0891414 
0.00976889 -0.0179713 2.3087e-05 5.90188e-05 -0.0179713 0.0888969 5.14548e-05 -0.000406529 2.3087e-05 5.14548e-05 0.0098462 -0.0180241 5.90188e-05 -0.000406529 -0.0180241 0.0889261 
0.00973804 -0.0178766 3.98985e-05 5.15814e-05 -0.0178766 0.0884747 4.55521e-05 -0.000394949 3.98985e-05 4.55521e-05 0.00979592 -0.0179804 5.15814e-05 -0.000394949 -0.0179804 0.0886678 
0.00972596 -0.0178465 3.09972e-05 2.80273e-05 -0.0178465 0.0882671 2.64824e-05 -0.000354489 3.09972e-05 2.64824e-05 0.00975995 -0.0179326 2.80273e-05 -0.000354489 -0.0179326 0.0885083 
0.00969848 -0.0177994 1.76534e-05 2.85913e-05 -0.0177994 0.0879904 3.23935e-05 -0.000328793 1.76534e-05 3.23935e-05 0.00971464 -0.0178494 2.85913e-05 -0.000328793 -0.0178494 0.0881736 
0.00971523 -0.0177973 2.04998e-05 4.39343e-05 -0.0177973 0.0879624 5.0025e-05 -0.000348057 2.04998e-05 5.0025e-05 0.00967642 -0.0178212 4.39343e-05 -0.000348057 -0.0178212 0.0880683 
0.00972694 -0.0178348 2.58475e-05 3.98607e-05 -0.0178348 0.0880591 4.69216e-05 -0.000352407 2.58475e-05 4.69216e-05 0.00966642 -0.017788 3.98607e-05 -0.000352407 -0.017788 0.0880211 
0.00970347 -0.0178418 2.95843e-05 3.01737e-05 -0.0178418 0.0880677 3.63623e-05 -0.000329966 2.95843e-05 3.63623e-05 0.0096678 -0.0177485 3.01737e-05 -0.000329966 -0.0177485 0.087867 
0.00965166 -0.0177442 2.11715e-05 2.42095e-05 -0.0177442 0.0876788 2.77385e-05 -0.000302091 2.11715e-05 2.77385e-05 0.00964304 -0.0176786 2.42095e-05 -0.000302091 -0.0176786 0.0874514 
0.00964096 -0.0177427 2.37028e-06 3.5062e-05 -0.0177427 0.0877095 3.44405e-05 -0.000302506 2.37028e-06 3.44405e-05 0.00966592 -0.017719 3.5062e-05 -0.000302506 -0.017719 0.087562 
0.00966213 -0.0177448 8.84838e-06 6.20068e-05 -0.0177448 0.0877866 5.57304e-05 -0.0003434 8.84838e-06 5.57304e-05 0.00967053 -0.0177745 6.20068e-05 -0.0003434 -0.0177745 0.0877738 
0.00967806 -0.017768 2.35713e-05 6.0243e-05 -0.017768 0.0878521 4.92823e-05 -0.000362128 2.35713e-05 4.92823e-05 0.00966908 -0.0177812 6.0243e-05 -0.000362128 -0.0177812 0.087879 
0.00967054 -0.0178019 2.65483e-05 4.2117e-05 -0.0178019 0.087992 3.40788e-05 -0.000341749 2.65483e-05 3.40788e-05 0.0097038 -0.0177944 4.2117e-05 -0.000341749 -0.0177944 0.0879926 
0.0096568 -0.0177951 1.91315e-05 3.36512e-05 -0.0177951 0.0880536 3.02064e-05 -0.000317104 1.91315e-05 3.02064e-05 0.00974935 -0.017839 3.36512e-05 -0.000317104 -0.017839 0.0881189 
0.0096757 -0.0178218 2.51285e-05 4.11524e-05 -0.0178218 0.0882767 4.03059e-05 -0.000321953 2.51285e-05 4.03059e-05 0.00979873 -0.017947 4.11524e-05 -0.000321953 -0.017947 0.0885197 
0.00970681 -0.017788 3.4296e-05 3.50994e-05 -0.017788 0.0881389 3.36285e-05 -0.000318409 3.4296e-05 3.36285e-05 0.00975789 -0.0179555 3.50994e-05 -0.000318409 -0.0179555 0.0885358 
0.00969685 -0.0177736 5.26805e-05 2.59621e-05 -0.0177736 0.0878758 2.14013e-05 -0.000298344 5.26805e-05 2.14013e-05 0.00970867 -0.0178491 2.59621e-05 -0.000298344 -0.0178491 0.0881856 
0.00967193 -0.0177359 6.25967e-05 5.27433e-06 -0.0177359 0.0876099 -1.08589e-06 -0.000257043 6.25967e-05 -1.08589e-06 0.00966001 -0.0177543 5.27433e-06 -0.000257043 -0.0177543 0.087758 
0.00967804 -0.0177473 6.24376e-05 -6.6844e-06 -0.0177473 0.0876353 -1.30442e-05 -0.00022097 6.24376e-05 -1.30442e-05 0.00963733 -0.0177344 -6.6844e-06 -0.00022097 -0.0177344 0.0876691 
0.00968739 -0.0177711 4.2305e-05 -3.75101e-06 -0.0177711 0.0877313 -1.17231e-05 -0.000215303 4.2305e-05 -1.17231e-05 0.00962541 -0.0177248 -3.75101e-06 -0.000215303 -0.0177248 0.0876762 
0.00970536 -0.0178437 3.94723e-05 1.77328e-05 -0.0178437 0.0880959 1.12714e-05 -0.000246753 3.94723e-05 1.12714e-05 0.00967348 -0.0177757 1.77328e-05 -0.000246753 -0.0177757 0.0879793 
0.00969834 -0.0178427 3.99204e-05 2.06812e-05 -0.0178427 0.0881879 1.52393e-05 -0.000269196 3.99204e-05 1.52393e-05 0.00970818 -0.0178136 2.06812e-05 -0.000269196 -0.0178136 0.0881104 
0.0096741 -0.0177892 2.99605e-05 2.13294e-05 -0.0177892 0.0880031 1.6345e-05 -0.000277091 2.99605e-05 1.6345e-05 0.00970762 -0.0178194 2.13294e-05 -0.000277091 -0.0178194 0.0880559 
0.00969795 -0.0177665 2.01227e-05 3.35014e-05 -0.0177665 0.087919 2.69003e-05 -0.000295284 2.01227e-05 2.69003e-05 0.00968508 -0.017836 3.35014e-05 -0.000295284 -0.017836 0.0881072 
0.00970021 -0.0177767 2.40605e-05 4.40497e-05 -0.0177767 0.0878395 3.86807e-05 -0.000319457 2.40605e-05 3.86807e-05 0.00967779 -0.0177936 4.40497e-05 -0.000319457 -0.0177936 0.0880077 
0.00971878 -0.0178388 3.00405e-05 3.98339e-05 -0.0178388 0.0880991 3.55483e-05 -0.000326421 3.00405e-05 3.55483e-05 0.00970408 -0.0178363 3.98339e-05 -0.000326421 -0.0178363 0.0882041 
0.00973819 -0.0178873 3.32859e-05 3.17828e-05 -0.0178873 0.0883738 2.89768e-05 -0.000315733 3.32859e-05 2.89768e-05 0.00973875 -0.017894 3.17828e-05 -0.000315733 -0.017894 0.0884723 
0.00972521 -0.0178419 4.97251e-05 2.33916e-05 -0.0178419 0.0882026 2.15986e-05 -0.000292551 4.97251e-05 2.15986e-05 0.00971725 -0.0178764 2.33916e-05 -0.000292551 -0.0178764 0.0883589 
0.00974828 -0.017843 3.73778e-05 4.86392e-06 -0.017843 0.088188 4.74877e-06 -0.000259201 3.73778e-05 4.74877e-06 0.00969871 -0.0178714 4.86392e-06 -0.000259201 -0.0178714 0.0883692 
0.00974415 -0.0178357 2.08948e-05 1.91634e-05 -0.0178357 0.0880474 2.05845e-05 -0.000265628 2.08948e-05 2.05845e-05 0.00967615 -0.017809 1.91634e-05 -0.000265628 -0.017809 0.0881436 
0.0097259 -0.0178462 2.03945e-05 4.355e-05 -0.0178462 0.0880376 4.58883e-05 -0.000319398 2.03945e-05 4.58883e-05 0.00967914 -0.0177801 4.355e-05 -0.000319398 -0.0177801 0.0880059 
0.00970406 -0.0178332 2.93147e-05 4.40541e-05 -0.0178332 0.0880313 4.69514e-05 -0.000346992 2.93147e-05 4.69514e-05 0.00969054 -0.0177863 4.40541e-05 -0.000346992 -0.0177863 0.0879676 
0.00965035 -0.0177686 5.52012e-05 3.21839e-05 -0.0177686 0.0877987 3.5857e-05 -0.000335312 5.52012e-05 3.5857e-05 0.0096998 -0.017769 3.21839e-05 -0.000335312 -0.017769 0.0878134 
0.00962665 -0.0177385 6.79215e-05 -3.25489e-06 -0.0177385 0.0877703 2.08555e-06 -0.000269514 6.79215e-05 2.08555e-06 0.00972396 -0.0178221 -3.25489e-06 -0.000269514 -0.0178221 0.0879589 
0.00965046 -0.0177601 5.74061e-05 -2.23094e-05 -0.0177601 0.087974 -1.50078e-05 -0.000208072 5.74061e-05 -1.50078e-05 0.0097555 -0.0179116 -2.23094e-05 -0.000208072 -0.0179116 0.0883555 
0.00967712 -0.0177693 4.12348e-05 -1.00881e-05 -0.0177693 0.0880324 -2.39868e-06 -0.000203304 4.12348e-05 -2.39868e-06 0.00974628 -0.0179395 -1.00881e-05 -0.000203304 -0.0179395 0.0885342 
0.00967887 -0.0177727 2.13855e-05 1.26698e-05 -0.0177727 0.087979 1.87698e-05 -0.000243437 2.13855e-05 1.87698e-05 0.00972223 -0.0178982 1.26698e-05 -0.000243437 -0.0178982 0.0884485 
0.00967981 -0.0177742 1.39308e-05 3.9668e-05 -0.0177742 0.0879584 4.206e-05 -0.000301134 1.39308e-05 4.206e-05 0.00970928 -0.0178609 3.9668e-05 -0.000301134 -0.0178609 0.0883327 
0.00967399 -0.0177402 1.24566e-05 5.24753e-05 -0.0177402 0.0877641 5.13845e-05 -0.000345608 1.24566e-05 5.13845e-05 0.00967252 -0.0177938 5.24753e-05 -0.000345608 -0.0177938 0.0880238 
0.00968143 -0.0177789 1.38944e-05 5.7332e-05 -0.0177789 0.0878794 5.44471e-05 -0.000370164 1.38944e-05 5.44471e-05 0.00967242 -0.0177853 5.7332e-05 -0.000370164 -0.0177853 0.0880079 
0.00966193 -0.0177825 2.33728e-05 5.14796e-05 -0.0177825 0.0879069 4.7953e-05 -0.000363473 2.33728e-05 4.7953e-05 0.00968071 -0.0177685 5.14796e-05 -0.000363473 -0.0177685 0.0879306 
0.00963728 -0.0177376 3.1078e-05 3.4825e-05 -0.0177376 0.0877705 3.29986e-05 -0.000328298 3.1078e-05 3.29986e-05 0.00967376 -0.0177539 3.4825e-05 -0.000328298 -0.0177539 0.0877958 
0.00962389 -0.0177098 2.55384e-05 2.13745e-05 -0.0177098 0.0876747 2.15333e-05 -0.000287361 2.55384e-05 2.15333e-05 0.00967691 -0.0177534 2.13745e-05 -0.000287361 -0.0177534 0.0877601 
0.00960076 -0.0176496 8.90205e-06 2.45659e-05 -0.0176496 0.0873935 2.62946e-05 -0.000271581 8.90205e-06 2.62946e-05 0.009661 -0.0177163 2.45659e-05 -0.000271581 -0.0177163 0.0875411 
0.00963515 -0.0176501 5.34272e-06 4.6944e-05 -0.0176501 0.0873635 5.10371e-05 -0.000308214 5.34272e-06 5.10371e-05 0.00963784 -0.0177293 4.6944e-05 -0.000308214 -0.0177293 0.0875618 
0.00966637 -0.0177139 1.48057e-05 5.71654e-05 -0.0177139 0.0875229 6.15122e-05 -0.000351146 1.48057e-05 6.15122e-05 0.00964059 -0.0177287 5.71654e-05 -0.000351146 -0.0177287 0.0876508 
0.00968055 -0.0177752 1.03023e-05 5.15055e-05 -0.0177752 0.0877646 5.36429e-05 -0.000364183 1.03023e-05 5.36429e-05 0.00965381 -0.017751 5.15055e-05 -0.000364183 -0.017751 0.0877826 
0.00966545 -0.0177766 -5.63068e-06 5.8641e-05 -0.0177766 0.0878179 5.80406e-05 -0.000375085 -5.63068e-06 5.80406e-05 0.0096692 -0.0177532 5.8641e-05 -0.000375085 -0.0177532 0.087796 
0.00966922 -0.0178001 4.60116e-07 7.79544e-05 -0.0178001 0.0880158 7.48244e-05 -0.000409488 4.60116e-07 7.48244e-05 0.00971341 -0.0178135 7.79544e-05 -0.000409488 -0.0178135 0.0880418 
0.00967288 -0.0178057 3.39063e-05 7.17758e-05 -0.0178057 0.0881162 6.76887e-05 -0.000418556 3.39063e-05 6.76887e-05 0.00974896 -0.0178675 7.17758e-05 -0.000418556 -0.0178675 0.0882448 
0.00967401 -0.0177969 4.49309e-05 2.63255e-05 -0.0177969 0.0881136 2.61361e-05 -0.000346949 4.49309e-05 2.61361e-05 0.0097642 -0.0179029 2.63255e-05 -0.000346949 -0.0179029 0.0883607 
0.0096973 -0.0177994 3.56294e-05 8.59193e-06 -0.0177994 0.0881243 8.97291e-06 -0.000278733 3.56294e-05 8.97291e-06 0.00975888 -0.017923 8.59193e-06 -0.000278733 -0.017923 0.0884464 
0.00974764 -0.0178635 3.75483e-05 2.38426e-05 -0.0178635 0.088353 2.19594e-05 -0.000279936 3.75483e-05 2.19594e-05 0.00975014 -0.0179527 2.38426e-05 -0.000279936 -0.0179527 0.0886502 
0.00979967 -0.0179549 4.66091e-05 2.32754e-05 -0.0179549 0.0887012 2.38982e-05 -0.000292309 4.66091e-05 2.38982e-05 0.00975196 -0.0179687 2.32754e-05 -0.000292309 -0.0179687 0.0888588 
0.00984627 -0.0180202 5.74133e-05 1.49897e-05 -0.0180202 0.0889744 1.85068e-05 -0.000291265 5.74133e-05 1.85068e-05 0.00975609 -0.0179789 1.49897e-05 -0.000291265 -0.0179789 0.0889883 
0.00985463 -0.0180536 6.36715e-05 6.12356e-06 -0.0180536 0.0890637 7.42954e-06 -0.000279228 6.36715e-05 7.42954e-06 0.0097623 -0.0179543 6.12356e-06 -0.000279228 -0.0179543 0.0889265 
0.00985872 -0.0180657 5.80776e-05 2.22922e-06 -0.0180657 0.0891317 -3.84942e-06 -0.000262259 5.80776e-05 -3.84942e-06 0.00978256 -0.0179698 2.22922e-06 -0.000262259 -0.0179698 0.0889481 
0.00985348 -0.0180874 5.25023e-05 1.09155e-05 -0.0180874 0.0892508 4.15872e-06 -0.000272015 5.25023e-05 4.15872e-06 0.00982496 -0.0180168 1.09155e-05 -0.000272015 -0.0180168 0.0891076 
0.00984504 -0.0180809 3.24322e-05 1.86664e-05 -0.0180809 0.0892905 1.70334e-05 -0.000299791 3.24322e-05 1.70334e-05 0.00985711 -0.0180671 1.86664e-05 -0.000299791 -0.0180671 0.0892541 
0.00986092 -0.0181254 2.21867e-05 3.94322e-05 -0.0181254 0.0895603 4.30896e-05 -0.000348313 2.21867e-05 4.30896e-05 0.00990946 -0.0181616 3.94322e-05 -0.000348313 -0.0181616 0.089653 
0.00987895 -0.0181587 1.17823e-05 5.0905e-05 -0.0181587 0.0897905 5.82365e-05 -0.000393511 1.17823e-05 5.82365e-05 0.00994741 -0.0182424 5.0905e-05 -0.000393511 -0.0182424 0.0900103 
0.00985401 -0.0180763 1.38766e-05 5.97347e-05 -0.0180763 0.0894214 6.81752e-05 -0.000419616 1.38766e-05 6.81752e-05 0.00990296 -0.0181825 5.97347e-05 -0.000419616 -0.0181825 0.089725 
0.00980846 -0.0179918 3.68897e-06 5.76207e-05 -0.0179918 0.0889375 6.49036e-05 -0.000423442 3.68897e-06 6.49036e-05 0.00983569 -0.0180666 5.76207e-05 -0.000423442 -0.0180666 0.0892125 
0.00978117 -0.0179661 8.75725e-06 6.89938e-05 -0.0179661 0.0887773 7.59154e-05 -0.000437288 8.75725e-06 7.59154e-05 0.0098056 -0.0180059 6.89938e-05 -0.000437288 -0.0180059 0.0889634 
0.00977246 -0.0179517 3.19968e-05 6.39325e-05 -0.0179517 0.0887439 6.79813e-05 -0.000436881 3.19968e-05 6.79813e-05 0.00979033 -0.0179855 6.39325e-05 -0.000436881 -0.0179855 0.0888756 
0.0097962 -0.0180208 3.91766e-05 3.77281e-05 -0.0180208 0.0891085 3.47047e-05 -0.00038679 3.91766e-05 3.47047e-05 0.00982884 -0.0180493 3.77281e-05 -0.00038679 -0.0180493 0.0892166 
0.00977988 -0.0180111 3.18337e-05 2.77678e-05 -0.0180111 0.0891331 2.15641e-05 -0.0003388 3.18337e-05 2.15641e-05 0.00984328 -0.0180563 2.77678e-05 -0.0003388 -0.0180563 0.0892553 
0.00972245 -0.0179048 1.82567e-05 3.54943e-05 -0.0179048 0.0887009 2.84112e-05 -0.000329053 1.82567e-05 2.84112e-05 0.00982251 -0.0179976 3.54943e-05 -0.000329053 -0.0179976 0.0889203 
0.00966182 -0.0177458 1.07728e-05 5.102e-05 -0.0177458 0.0879718 4.01235e-05 -0.000344368 1.07728e-05 4.01235e-05 0.00975542 -0.0178963 5.102e-05 -0.000344368 -0.0178963 0.0883439 
0.00964635 -0.0177469 2.10786e-05 5.69777e-05 -0.0177469 0.0879037 4.6858e-05 -0.000358352 2.10786e-05 4.6858e-05 0.00976362 -0.0178974 5.69777e-05 -0.000358352 -0.0178974 0.0883542 
0.00963164 -0.0176728 3.05905e-05 3.87006e-05 -0.0176728 0.087571 3.69238e-05 -0.000337098 3.05905e-05 3.69238e-05 0.0097172 -0.0178512 3.87006e-05 -0.000337098 -0.0178512 0.0880866 
0.00961178 -0.0176318 2.23773e-05 1.96358e-05 -0.0176318 0.0872716 2.646e-05 -0.000295918 2.23773e-05 2.646e-05 0.00967663 -0.0177752 1.96358e-05 -0.000295918 -0.0177752 0.0877732 
0.00961657 -0.0176653 2.46881e-05 2.78158e-05 -0.0176653 0.0873739 3.84488e-05 -0.00029419 2.46881e-05 3.84488e-05 0.00968528 -0.0177764 2.78158e-05 -0.00029419 -0.0177764 0.0878 
0.00963435 -0.0177104 2.95348e-05 2.82789e-05 -0.0177104 0.0876094 3.87635e-05 -0.000302229 2.95348e-05 3.87635e-05 0.00970614 -0.0178195 2.82789e-05 -0.000302229 -0.0178195 0.0879894 
0.00965021 -0.0177179 3.32209e-05 2.48669e-05 -0.0177179 0.0876734 3.08239e-05 -0.000296604 3.32209e-05 3.08239e-05 0.00970144 -0.0178303 2.48669e-05 -0.000296604 -0.0178303 0.0880428 
0.00969392 -0.0177502 2.80143e-05 2.11642e-05 -0.0177502 0.0877994 2.22177e-05 -0.000282317 2.80143e-05 2.22177e-05 0.00968264 -0.0178417 2.11642e-05 -0.000282317 -0.0178417 0.0881373 
0.00974259 -0.0178808 3.49519e-05 3.16414e-05 -0.0178808 0.0883049 2.80005e-05 -0.000292042 3.49519e-05 2.80005e-05 0.00972291 -0.0178808 3.16414e-05 -0.000292042 -0.0178808 0.0884657 
0.00976708 -0.0179566 2.4862e-05 2.83324e-05 -0.0179566 0.0886962 2.44318e-05 -0.000300041 2.4862e-05 2.44318e-05 0.009762 -0.0179276 2.83324e-05 -0.000300041 -0.0179276 0.0886953 
0.00978296 -0.017984 1.0292e-05 4.06489e-05 -0.017984 0.0889043 3.99073e-05 -0.000325525 1.0292e-05 3.99073e-05 0.00978626 -0.0179726 4.06489e-05 -0.000325525 -0.0179726 0.088869 
0.0097902 -0.0179331 2.33934e-05 5.75379e-05 -0.0179331 0.0886835 6.21554e-05 -0.00037044 2.33934e-05 6.21554e-05 0.00974853 -0.0179344 5.75379e-05 -0.00037044 -0.0179344 0.0886672 
0.00980364 -0.0179636 4.76076e-05 3.89578e-05 -0.0179636 0.0887065 4.65906e-05 -0.000364141 4.76076e-05 4.65906e-05 0.00973366 -0.0179113 3.89578e-05 -0.000364141 -0.0179113 0.0886191 
0.00982541 -0.0180218 5.9575e-05 9.30528e-06 -0.0180218 0.0889447 1.78283e-05 -0.000311208 5.9575e-05 1.78283e-05 0.00974528 -0.0179255 9.30528e-06 -0.000311208 -0.0179255 0.0887359 
0.00981535 -0.0180365 6.28792e-05 -7.17301e-06 -0.0180365 0.0890361 8.10388e-07 -0.000258033 6.28792e-05 8.10388e-07 0.0097615 -0.0179301 -7.17301e-06 -0.000258033 -0.0179301 0.088765 
0.00979773 -0.0180047 7.99551e-05 -8.95496e-06 -0.0180047 0.0889611 -2.58081e-06 -0.000236068 7.99551e-05 -2.58081e-06 0.00976902 -0.017932 -8.95496e-06 -0.000236068 -0.017932 0.0887238 
0.00975645 -0.017935 6.93861e-05 -2.69746e-05 -0.017935 0.0886623 -2.59713e-05 -0.000198898 6.93861e-05 -2.59713e-05 0.00976774 -0.0179008 -2.69746e-05 -0.000198898 -0.0179008 0.0885185 
0.00974751 -0.0179191 5.13587e-05 -1.52409e-05 -0.0179191 0.0886234 -1.92567e-05 -0.00019044 5.13587e-05 -1.92567e-05 0.00977828 -0.0179381 -1.52409e-05 -0.00019044 -0.0179381 0.0886085 
0.00971937 -0.0178373 3.84305e-05 8.01941e-06 -0.0178373 0.0882423 1.92099e-06 -0.000225844 3.84305e-05 1.92099e-06 0.00973558 -0.0178848 8.01941e-06 -0.000225844 -0.0178848 0.0883336 
0.00970123 -0.017781 4.47336e-05 2.68314e-05 -0.017781 0.0879122 1.79828e-05 -0.000272419 4.47336e-05 1.79828e-05 0.00968242 -0.0178137 2.68314e-05 -0.000272419 -0.0178137 0.0880234 
0.00969007 -0.0178124 4.24111e-05 2.33417e-05 -0.0178124 0.087983 1.13521e-05 -0.00028548 4.24111e-05 1.13521e-05 0.00969403 -0.0177933 2.33417e-05 -0.00028548 -0.0177933 0.0880036 
0.00970373 -0.0178609 4.07207e-05 2.48741e-05 -0.0178609 0.0882992 1.28662e-05 -0.000288453 4.07207e-05 1.28662e-05 0.00972825 -0.0178663 2.48741e-05 -0.000288453 -0.0178663 0.0883081 
0.00967613 -0.0178028 4.21439e-05 1.98895e-05 -0.0178028 0.0880976 9.68492e-06 -0.000274448 4.21439e-05 9.68492e-06 0.00971337 -0.0178363 1.98895e-05 -0.000274448 -0.0178363 0.0881623 
0.00965902 -0.0177674 4.21872e-05 1.63073e-05 -0.0177674 0.0879613 5.49812e-06 -0.000258207 4.21872e-05 5.49812e-06 0.00970086 -0.0178294 1.63073e-05 -0.000258207 -0.0178294 0.0881165 
0.00960987 -0.0176957 2.69345e-05 1.65656e-05 -0.0176957 0.0876298 7.05305e-06 -0.000252786 2.69345e-05 7.05305e-06 0.00969016 -0.0177729 1.65656e-05 -0.000252786 -0.0177729 0.0878591 
0.00958876 -0.0176229 2.62079e-05 3.61789e-05 -0.0176229 0.0873351 3.15342e-05 -0.000287994 2.62079e-05 3.15342e-05 0.00967164 -0.0177559 3.61789e-05 -0.000287994 -0.0177559 0.0876933 
0.00958767 -0.0176086 2.51776e-05 3.66603e-05 -0.0176086 0.0872237 3.62861e-05 -0.000314304 2.51776e-05 3.62861e-05 0.00965794 -0.0177559 3.66603e-05 -0.000314304 -0.0177559 0.0876832 
0.00961716 -0.0176479 4.19867e-05 3.22704e-05 -0.0176479 0.0873693 3.55905e-05 -0.00031339 4.19867e-05 3.55905e-05 0.00965539 -0.0177754 3.22704e-05 -0.00031339 -0.0177754 0.0878308 
0.00963935 -0.0176797 5.58142e-05 1.09933e-05 -0.0176797 0.0874601 1.30125e-05 -0.000276002 5.58142e-05 1.30125e-05 0.00963467 -0.0177566 1.09933e-05 -0.000276002 -0.0177566 0.0878217 
0.00962144 -0.0176869 4.75248e-05 -9.50508e-06 -0.0176869 0.0874374 -1.2084e-05 -0.000212165 4.75248e-05 -1.2084e-05 0.00962406 -0.0177032 -9.50508e-06 -0.000212165 -0.0177032 0.0876472 
0.00960379 -0.0176563 3.20904e-05 -8.52657e-07 -0.0176563 0.0873539 -7.49798e-06 -0.000189993 3.20904e-05 -7.49798e-06 0.00960646 -0.017683 -8.52657e-07 -0.000189993 -0.017683 0.0875146 
0.00957807 -0.0175789 1.361e-05 1.84753e-05 -0.0175789 0.0870104 1.01477e-05 -0.000212674 1.361e-05 1.01477e-05 0.00955801 -0.0176156 1.84753e-05 -0.000212674 -0.0176156 0.0871936 
0.00957626 -0.0175715 2.51106e-05 4.06773e-05 -0.0175715 0.0869223 3.43387e-05 -0.000260333 2.51106e-05 3.43387e-05 0.00953345 -0.0175771 4.06773e-05 -0.000260333 -0.0175771 0.087066 
0.00955201 -0.0175479 3.4416e-05 2.63532e-05 -0.0175479 0.0867672 2.25094e-05 -0.000260955 3.4416e-05 2.25094e-05 0.00951632 -0.0175158 2.63532e-05 -0.000260955 -0.0175158 0.0868166 
0.00953734 -0.0175388 3.18108e-05 1.26691e-05 -0.0175388 0.0867462 1.19159e-05 -0.000234425 3.18108e-05 1.19159e-05 0.00951814 -0.01751 1.26691e-05 -0.000234425 -0.01751 0.0867533 
0.00953164 -0.0174931 2.16814e-05 1.17447e-05 -0.0174931 0.0865725 1.40326e-05 -0.000219807 2.16814e-05 1.40326e-05 0.00948692 -0.0174919 1.17447e-05 -0.000219807 -0.0174919 0.0866202 
0.00953254 -0.0175099 1.90399e-05 2.12279e-05 -0.0175099 0.086597 2.57202e-05 -0.000229254 1.90399e-05 2.57202e-05 0.00948471 -0.0174742 2.12279e-05 -0.000229254 -0.0174742 0.0866091 
0.00952246 -0.0174992 2.22734e-06 2.60411e-05 -0.0174992 0.0865539 3.00025e-05 -0.000244401 2.22734e-06 3.00025e-05 0.00948217 -0.0174584 2.60411e-05 -0.000244401 -0.0174584 0.0865287 
0.00947951 -0.0174097 -5.0386e-06 4.5024e-05 -0.0174097 0.086136 4.63214e-05 -0.000271592 -5.0386e-06 4.63214e-05 0.00944461 -0.0173839 4.5024e-05 -0.000271592 -0.0173839 0.0861304 
0.00947 -0.0174177 7.41286e-07 5.34609e-05 -0.0174177 0.0861571 5.32675e-05 -0.000295647 7.41286e-07 5.32675e-05 0.00945633 -0.0173972 5.34609e-05 -0.000295647 -0.0173972 0.0861727 
0.00945479 -0.0174102 2.8065e-05 4.61014e-05 -0.0174102 0.0861633 4.42491e-05 -0.000289112 2.8065e-05 4.42491e-05 0.00946847 -0.017413 4.61014e-05 -0.000289112 -0.017413 0.0862193 
0.00942829 -0.0173585 4.69581e-05 1.49087e-05 -0.0173585 0.0859714 1.21866e-05 -0.000235491 4.69581e-05 1.21866e-05 0.00945453 -0.0173927 1.49087e-05 -0.000235491 -0.0173927 0.08609 
0.00941257 -0.0173304 4.14189e-05 -9.74395e-06 -0.0173304 0.0858569 -1.30486e-05 -0.000168045 4.14189e-05 -1.30486e-05 0.00944399 -0.0173803 -9.74395e-06 -0.000168045 -0.0173803 0.0860264 
0.00942629 -0.0173798 3.0901e-05 -6.91986e-06 -0.0173798 0.0861217 -8.3762e-06 -0.000143521 3.0901e-05 -8.3762e-06 0.009477 -0.0174389 -6.91986e-06 -0.000143521 -0.0174389 0.0863255 
0.0093994 -0.0173232 1.71993e-05 6.1496e-06 -0.0173232 0.0859157 6.34963e-06 -0.000161057 1.71993e-05 6.34963e-06 0.00946043 -0.0174091 6.1496e-06 -0.000161057 -0.0174091 0.0861766 
0.00941248 -0.017337 1.38535e-05 2.24786e-05 -0.017337 0.0860187 2.4799e-05 -0.000198121 1.38535e-05 2.4799e-05 0.00946441 -0.0174468 2.24786e-05 -0.000198121 -0.0174468 0.0863596 
0.00942622 -0.0173319 1.3101e-05 2.48864e-05 -0.0173319 0.0859952 2.78129e-05 -0.000215276 1.3101e-05 2.78129e-05 0.0094432 -0.0174325 2.48864e-05 -0.000215276 -0.0174325 0.0863573 
0.00944527 -0.0173567 1.20915e-05 2.44311e-05 -0.0173567 0.0860518 2.78617e-05 -0.000217582 1.20915e-05 2.78617e-05 0.00942263 -0.0174052 2.44311e-05 -0.000217582 -0.0174052 0.0863246 
0.00942865 -0.0173336 1.38002e-05 2.42739e-05 -0.0173336 0.0858755 2.6579e-05 -0.000211747 1.38002e-05 2.6579e-05 0.00940353 -0.0173197 2.42739e-05 -0.000211747 -0.0173197 0.0859888 
0.00940583 -0.0173126 2.22448e-05 2.32927e-05 -0.0173126 0.0857567 2.23377e-05 -0.000202991 2.22448e-05 2.23377e-05 0.0094092 -0.0172903 2.32927e-05 -0.000202991 -0.0172903 0.0857797 
