0.00720973 0 -3.41479e-05 0 0 0.010191 0 0 -3.41479e-05 0 0.00717596 0 0 0 0 0.010191 
0.0104304 -0.0129451 -2.00455e-05 2.15283e-05 -0.0129451 0.0343757 2.15283e-05 -4.10105e-05 -2.00455e-05 2.15283e-05 0.0103998 -0.0129103 2.15283e-05 -4.10105e-05 -0.0129103 0.0343089 
0.0107849 -0.0201048 5.31598e-06 -7.68522e-05 -0.0201048 0.0741191 -7.68522e-05 0.00027582 5.31598e-06 -7.68522e-05 0.0107974 -0.0201427 -7.68522e-05 0.00027582 -0.0201427 0.0742632 
0.00865955 -0.0167091 8.07235e-07 -0.000152455 -0.0167091 0.0749717 -0.000163429 0.000829641 8.07235e-07 -0.000163429 0.00865862 -0.0168228 -0.000152455 0.000829641 -0.0168228 0.0755115 
0.00994812 -0.0185924 -3.18807e-05 -0.000148847 -0.0185924 0.0897053 -0.00017321 0.00119559 -3.18807e-05 -0.00017321 0.00993489 -0.0186885 -0.000148847 0.00119559 -0.0186885 0.0904412 
0.00967939 -0.0178061 -4.70628e-05 -6.11015e-05 -0.0178061 0.087435 -8.78494e-05 0.000902325 -4.70628e-05 -8.78494e-05 0.009682 -0.0178342 -6.11015e-05 0.000902325 -0.0178342 0.0879049 
0.00938169 -0.0171897 -5.49356e-05 -2.0597e-05 -0.0171897 0.0847148 -4.47636e-05 0.000593791 -5.49356e-05 -4.47636e-05 0.00940672 -0.0172195 -2.0597e-05 0.000593791 -0.0172195 0.0850093 
0.00913246 -0.0167014 -5.72335e-05 -7.35991e-06 -0.0167014 0.0824217 -2.49883e-05 0.00041747 -5.72335e-05 -2.49883e-05 0.00915226 -0.0167638 -7.35991e-06 0.00041747 -0.0167638 0.0827016 
0.0103247 -0.0188586 -6.9384e-05 -1.48672e-05 -0.0188586 0.0930833 -2.68759e-05 0.000411291 -6.9384e-05 -2.68759e-05 0.0103445 -0.0189385 -1.48672e-05 0.000411291 -0.0189385 0.0934364 
0.0102086 -0.0186396 -8.11779e-05 -1.35119e-05 -0.0186396 0.0919445 -2.19571e-05 0.000387461 -8.11779e-05 -2.19571e-05 0.0102099 -0.0187155 -1.35119e-05 0.000387461 -0.0187155 0.0923009 
0.0101357 -0.0185153 -6.86481e-05 -2.04297e-06 -0.0185153 0.091269 -9.5386e-06 0.00036684 -6.86481e-05 -9.5386e-06 0.0101276 -0.0185668 -2.04297e-06 0.00036684 -0.0185668 0.0915874 
0.0100945 -0.0184506 -3.52996e-05 -1.92257e-05 -0.0184506 0.0909254 -1.98989e-05 0.000377929 -3.52996e-05 -1.98989e-05 0.0100808 -0.0184875 -1.92257e-05 0.000377929 -0.0184875 0.0911976 
0.0100781 -0.0184201 -6.87134e-06 -6.28022e-05 -0.0184201 0.0907673 -5.55731e-05 0.000448418 -6.87134e-06 -5.55731e-05 0.0100389 -0.0184407 -6.28022e-05 0.000448418 -0.0184407 0.0909826 
0.0100702 -0.0184219 1.63371e-05 -9.99181e-05 -0.0184219 0.090763 -8.67525e-05 0.000534875 1.63371e-05 -8.67525e-05 0.0100379 -0.0184106 -9.99181e-05 0.000534875 -0.0184106 0.0909025 
0.0100667 -0.0184215 1.88536e-05 -0.000131374 -0.0184215 0.0907885 -0.000111969 0.000613812 1.88536e-05 -0.000111969 0.0100533 -0.0184199 -0.000131374 0.000613812 -0.0184199 0.09091 
0.0100745 -0.0184181 1.3284e-05 -0.000136451 -0.0184181 0.0907985 -0.000116752 0.000652403 1.3284e-05 -0.000116752 0.0100543 -0.0184451 -0.000136451 0.000652403 -0.0184451 0.0909728 
0.0100615 -0.0183663 -9.32934e-06 -0.000119088 -0.0183663 0.0905084 -0.000108029 0.000634145 -9.32934e-06 -0.000108029 0.0100104 -0.0183854 -0.000119088 0.000634145 -0.0183854 0.0907006 
0.0100588 -0.0183654 -2.46721e-05 -8.90613e-05 -0.0183654 0.0904217 -8.54036e-05 0.000583933 -2.46721e-05 -8.54036e-05 0.00997118 -0.0183445 -8.90613e-05 0.000583933 -0.0183445 0.0905526 
0.0100205 -0.0183294 -4.55658e-05 -6.54581e-05 -0.0183294 0.0902054 -6.4444e-05 0.000519381 -4.55658e-05 -6.4444e-05 0.0099445 -0.0182562 -6.54581e-05 0.000519381 -0.0182562 0.0902123 
0.0100126 -0.0183267 -3.67273e-05 -3.81256e-05 -0.0183267 0.0902464 -3.61747e-05 0.000448513 -3.67273e-05 -3.61747e-05 0.0099496 -0.0182645 -3.81256e-05 0.000448513 -0.0182645 0.090212 
0.0100138 -0.0183153 -1.676e-05 -4.66814e-05 -0.0183153 0.0902413 -4.28598e-05 0.000425589 -1.676e-05 -4.28598e-05 0.0099456 -0.0182774 -4.66814e-05 0.000425589 -0.0182774 0.090251 
0.0100368 -0.018349 -1.40827e-05 -7.4597e-05 -0.018349 0.0904067 -6.76844e-05 0.000465174 -1.40827e-05 -6.76844e-05 0.00996492 -0.0183136 -7.4597e-05 0.000465174 -0.0183136 0.0904564 
0.0100667 -0.0183874 -2.64796e-05 -7.79064e-05 -0.0183874 0.0905885 -7.04926e-05 0.000490707 -2.64796e-05 -7.04926e-05 0.00998573 -0.0183544 -7.79064e-05 0.000490707 -0.0183544 0.0906644 
0.0100676 -0.0183878 -4.10764e-05 -6.15622e-05 -0.0183878 0.0905631 -5.86791e-05 0.000475304 -4.10764e-05 -5.86791e-05 0.00997568 -0.0183526 -6.15622e-05 0.000475304 -0.0183526 0.0906599 
0.0100633 -0.0184127 -4.79114e-05 -4.18873e-05 -0.0184127 0.0906668 -4.36971e-05 0.000438375 -4.79114e-05 -4.36971e-05 0.00999783 -0.018361 -4.18873e-05 0.000438375 -0.018361 0.0907424 
0.0100273 -0.0183443 -4.52485e-05 -2.94096e-05 -0.0183443 0.0903977 -3.64782e-05 0.000404815 -4.52485e-05 -3.64782e-05 0.00998954 -0.0183255 -2.94096e-05 0.000404815 -0.0183255 0.0905152 
0.0100099 -0.0183273 -4.22352e-05 -3.30572e-05 -0.0183273 0.0903385 -4.12565e-05 0.000401504 -4.22352e-05 -4.12565e-05 0.0100043 -0.018344 -3.30572e-05 0.000401504 -0.018344 0.0905386 
0.00999372 -0.0182949 -3.59834e-05 -3.928e-05 -0.0182949 0.0902207 -4.19081e-05 0.000408213 -3.59834e-05 -4.19081e-05 0.010005 -0.0183487 -3.928e-05 0.000408213 -0.0183487 0.0905117 
0.00999817 -0.0182891 -2.83431e-05 -4.76954e-05 -0.0182891 0.0902042 -4.32974e-05 0.000415721 -2.83431e-05 -4.32974e-05 0.0100014 -0.0183641 -4.76954e-05 0.000415721 -0.0183641 0.0905675 
0.00998433 -0.0182722 -3.58236e-05 -5.7083e-05 -0.0182722 0.0901022 -4.66794e-05 0.000423974 -3.58236e-05 -4.66794e-05 0.0099842 -0.0183405 -5.7083e-05 0.000423974 -0.0183405 0.090487 
0.00997205 -0.01825 -4.97831e-05 -4.99916e-05 -0.01825 0.0900026 -3.67208e-05 0.000414383 -4.97831e-05 -3.67208e-05 0.0099637 -0.0183108 -4.99916e-05 0.000414383 -0.0183108 0.0903758 
0.00996154 -0.0182466 -5.7841e-05 -2.8027e-05 -0.0182466 0.0899903 -1.97157e-05 0.000373513 -5.7841e-05 -1.97157e-05 0.00996783 -0.0182959 -2.8027e-05 0.000373513 -0.0182959 0.0903381 
0.00998275 -0.0182379 -4.68276e-05 -1.23411e-05 -0.0182379 0.0899938 -7.6925e-06 0.000327455 -4.68276e-05 -7.6925e-06 0.00994675 -0.0183112 -1.23411e-05 0.000327455 -0.0183112 0.0903755 
0.00998303 -0.0182351 -3.48172e-05 -2.21669e-05 -0.0182351 0.0898964 -1.91596e-05 0.000321363 -3.48172e-05 -1.91596e-05 0.00992175 -0.0182609 -2.21669e-05 0.000321363 -0.0182609 0.0902337 
0.0100099 -0.0182614 -5.15253e-05 -3.6784e-05 -0.0182614 0.0899836 -3.46924e-05 0.000346484 -5.15253e-05 -3.46924e-05 0.00989878 -0.0182539 -3.6784e-05 0.000346484 -0.0182539 0.0902372 
0.0100302 -0.0183158 -6.2289e-05 -1.97311e-05 -0.0183158 0.0901734 -1.57072e-05 0.000332561 -6.2289e-05 -1.57072e-05 0.00991088 -0.0182441 -1.97311e-05 0.000332561 -0.0182441 0.0902919 
0.0100044 -0.0182747 -5.83398e-05 -6.60189e-06 -0.0182747 0.0899705 -1.10001e-06 0.000297499 -5.83398e-05 -1.10001e-06 0.00989686 -0.0181882 -6.60189e-06 0.000297499 -0.0181882 0.0899968 
0.00999756 -0.018284 -4.52768e-05 -1.40305e-05 -0.018284 0.0900216 -8.21159e-06 0.00029801 -4.52768e-05 -8.21159e-06 0.00991912 -0.0182111 -1.40305e-05 0.00029801 -0.0182111 0.0900379 
0.00997751 -0.0182828 -3.48433e-05 -3.1738e-05 -0.0182828 0.0900649 -2.8536e-05 0.000335924 -3.48433e-05 -2.8536e-05 0.00995011 -0.0182498 -3.1738e-05 0.000335924 -0.0182498 0.0901505 
0.00997949 -0.0182803 -3.53638e-05 -4.53678e-05 -0.0182803 0.0901625 -4.70644e-05 0.000383939 -3.53638e-05 -4.70644e-05 0.0099815 -0.0183203 -4.53678e-05 0.000383939 -0.0183203 0.0904091 
0.00998818 -0.01827 -2.71675e-05 -4.5539e-05 -0.01827 0.090148 -5.24133e-05 0.000412548 -2.71675e-05 -5.24133e-05 0.0099905 -0.018346 -4.5539e-05 0.000412548 -0.018346 0.090524 
0.00997803 -0.018219 -1.82764e-05 -5.54995e-05 -0.018219 0.0898595 -6.39378e-05 0.000439556 -1.82764e-05 -6.39378e-05 0.00995462 -0.0182927 -5.54995e-05 0.000439556 -0.0182927 0.0902735 
0.00999085 -0.0182327 -2.24698e-05 -6.62096e-05 -0.0182327 0.0898411 -7.40757e-05 0.000469021 -2.24698e-05 -7.40757e-05 0.0099254 -0.0182748 -6.62096e-05 0.000469021 -0.0182748 0.0902146 
0.00999938 -0.018247 -2.73627e-05 -5.73424e-05 -0.018247 0.089841 -6.67168e-05 0.000464151 -2.73627e-05 -6.67168e-05 0.00988775 -0.0182281 -5.73424e-05 0.000464151 -0.0182281 0.0900826 
0.00999004 -0.0182815 -3.81356e-05 -4.82551e-05 -0.0182815 0.0899643 -5.9391e-05 0.000443709 -3.81356e-05 -5.9391e-05 0.00989864 -0.0181955 -4.82551e-05 0.000443709 -0.0181955 0.0900284 
0.0100074 -0.0182835 -4.15458e-05 -3.75673e-05 -0.0182835 0.090066 -4.65249e-05 0.000417394 -4.15458e-05 -4.65249e-05 0.00990263 -0.0182192 -3.75673e-05 0.000417394 -0.0182192 0.0900802 
0.0100169 -0.0183468 -3.39125e-05 -3.21546e-05 -0.0183468 0.0903494 -3.71465e-05 0.000391944 -3.39125e-05 -3.71465e-05 0.00993278 -0.0182671 -3.21546e-05 0.000391944 -0.0182671 0.0903373 
0.0100031 -0.018316 -2.62214e-05 -4.30232e-05 -0.018316 0.0902941 -4.47713e-05 0.000395248 -2.62214e-05 -4.47713e-05 0.00992288 -0.0182623 -4.30232e-05 0.000395248 -0.0182623 0.0903059 
0.00995924 -0.0182474 -2.83964e-05 -5.26272e-05 -0.0182474 0.089994 -4.96592e-05 0.000407776 -2.83964e-05 -4.96592e-05 0.00989956 -0.0182001 -5.26272e-05 0.000407776 -0.0182001 0.0900321 
0.00993023 -0.0181887 -4.18024e-05 -4.7962e-05 -0.0181887 0.0897489 -4.31365e-05 0.000399493 -4.18024e-05 -4.31365e-05 0.00988517 -0.0181575 -4.7962e-05 0.000399493 -0.0181575 0.089806 
0.0099171 -0.018187 -4.35712e-05 -2.81672e-05 -0.018187 0.0897472 -2.71632e-05 0.000363184 -4.35712e-05 -2.71632e-05 0.00989929 -0.0181693 -2.81672e-05 0.000363184 -0.0181693 0.0898275 
0.00990182 -0.0181535 -3.30965e-05 -2.1653e-05 -0.0181535 0.0896404 -2.29796e-05 0.000332775 -3.30965e-05 -2.29796e-05 0.00988858 -0.0181711 -2.1653e-05 0.000332775 -0.0181711 0.0897838 
0.00990569 -0.0181234 -2.10591e-05 -3.48721e-05 -0.0181234 0.0895191 -3.27639e-05 0.000338262 -2.10591e-05 -3.27639e-05 0.00986712 -0.018159 -3.48721e-05 0.000338262 -0.018159 0.0897363 
0.00988984 -0.0181087 -1.52549e-05 -5.32935e-05 -0.0181087 0.0893811 -4.61841e-05 0.000367247 -1.52549e-05 -4.61841e-05 0.00985871 -0.0181169 -5.32935e-05 0.000367247 -0.0181169 0.0895898 
0.00983934 -0.0180366 -1.40893e-05 -6.37064e-05 -0.0180366 0.0890267 -5.48123e-05 0.000397724 -1.40893e-05 -5.48123e-05 0.00983527 -0.0180501 -6.37064e-05 0.000397724 -0.0180501 0.0892281 
0.00980057 -0.0180093 -8.9462e-06 -6.27168e-05 -0.0180093 0.0889311 -5.81272e-05 0.000412075 -8.9462e-06 -5.81272e-05 0.00984763 -0.0180538 -6.27168e-05 0.000412075 -0.0180538 0.0891818 
0.00979694 -0.0179906 -2.55994e-05 -6.20089e-05 -0.0179906 0.0889544 -6.2847e-05 0.000412654 -2.55994e-05 -6.2847e-05 0.00987152 -0.0181016 -6.20089e-05 0.000412654 -0.0181016 0.0893383 
0.00976291 -0.0179132 -2.61047e-05 -3.99461e-05 -0.0179132 0.0886006 -4.45352e-05 0.000381067 -2.61047e-05 -4.45352e-05 0.00985619 -0.0180621 -3.99461e-05 0.000381067 -0.0180621 0.0891092 
0.00978056 -0.017906 -1.09287e-05 -3.74697e-05 -0.017906 0.0885428 -4.83198e-05 0.000366342 -1.09287e-05 -4.83198e-05 0.00983797 -0.0180759 -3.74697e-05 0.000366342 -0.0180759 0.0891293 
0.00983504 -0.0179832 -1.26218e-05 -5.74949e-05 -0.0179832 0.0888221 -7.33076e-05 0.000404765 -1.26218e-05 -7.33076e-05 0.0098191 -0.0181068 -5.74949e-05 0.000404765 -0.0181068 0.08936 
0.00989411 -0.0180744 -3.19392e-05 -5.33264e-05 -0.0180744 0.0891633 -7.24e-05 0.000422284 -3.19392e-05 -7.24e-05 0.00979345 -0.0180935 -5.33264e-05 0.000422284 -0.0180935 0.0894881 
0.00994436 -0.0181758 -4.93113e-05 -2.94883e-05 -0.0181758 0.0895684 -4.59104e-05 0.000385781 -4.93113e-05 -4.59104e-05 0.00979601 -0.0180803 -2.94883e-05 0.000385781 -0.0180803 0.0895982 
0.00994168 -0.0182069 -6.06489e-05 -8.40318e-06 -0.0182069 0.0896946 -1.87243e-05 0.000323088 -6.06489e-05 -1.87243e-05 0.00981315 -0.0180466 -8.40318e-06 0.000323088 -0.0180466 0.0894884 
0.00992291 -0.0181884 -4.93407e-05 3.91949e-06 -0.0181884 0.0896638 -2.34568e-07 0.000270727 -4.93407e-05 -2.34568e-07 0.00983487 -0.018048 3.91949e-06 0.000270727 -0.018048 0.0893925 
0.00988341 -0.0181607 -3.63178e-05 -1.40171e-05 -0.0181607 0.0895821 -1.54092e-05 0.000280742 -3.63178e-05 -1.54092e-05 0.00987313 -0.0180698 -1.40171e-05 0.000280742 -0.0180698 0.0893766 
0.00988996 -0.0181365 -2.99435e-05 -3.46607e-05 -0.0181365 0.0895781 -3.65774e-05 0.000330275 -2.99435e-05 -3.65774e-05 0.0098911 -0.0181355 -3.46607e-05 0.000330275 -0.0181355 0.089537 
0.00990467 -0.0181774 -3.60448e-05 -4.62492e-05 -0.0181774 0.0897617 -4.62249e-05 0.000373097 -3.60448e-05 -4.62249e-05 0.00992446 -0.018203 -4.62492e-05 0.000373097 -0.018203 0.089854 
0.0099165 -0.0182251 -2.29823e-05 -4.15071e-05 -0.0182251 0.0900268 -4.01658e-05 0.000385179 -2.29823e-05 -4.01658e-05 0.00996331 -0.0182731 -4.15071e-05 0.000385179 -0.0182731 0.0901943 
0.00989198 -0.0181373 -7.28836e-06 -5.5125e-05 -0.0181373 0.0896716 -5.37006e-05 0.000404499 -7.28836e-06 -5.37006e-05 0.0099005 -0.0182164 -5.5125e-05 0.000404499 -0.0182164 0.0899115 
0.00984115 -0.0180125 -1.18556e-05 -7.1238e-05 -0.0180125 0.0890002 -7.33236e-05 0.000439499 -1.18556e-05 -7.33236e-05 0.00981619 -0.0180476 -7.1238e-05 0.000439499 -0.0180476 0.0892086 
0.00981086 -0.0179734 -2.88986e-05 -6.32829e-05 -0.0179734 0.0887176 -6.7183e-05 0.000442457 -2.88986e-05 -6.7183e-05 0.00978106 -0.0179652 -6.32829e-05 0.000442457 -0.0179652 0.0888298 
0.00977412 -0.017924 -3.36526e-05 -4.00477e-05 -0.017924 0.0884642 -4.26697e-05 0.00039788 -3.36526e-05 -4.26697e-05 0.00975199 -0.0179069 -4.00477e-05 0.00039788 -0.0179069 0.0885155 
0.00977586 -0.0179281 -4.58842e-05 -3.26189e-05 -0.0179281 0.08852 -3.34216e-05 0.000358563 -4.58842e-05 -3.34216e-05 0.00975223 -0.0179288 -3.26189e-05 0.000358563 -0.0179288 0.0885919 
0.00976986 -0.0179184 -6.02085e-05 -1.9639e-05 -0.0179184 0.0884858 -1.75775e-05 0.000323025 -6.02085e-05 -1.75775e-05 0.00974832 -0.0179176 -1.9639e-05 0.000323025 -0.0179176 0.0885692 
0.00976836 -0.0179396 -4.07601e-05 -8.98965e-07 -0.0179396 0.0886012 3.27963e-08 0.000278757 -4.07601e-05 3.27963e-08 0.00977546 -0.0179408 -8.98965e-07 0.000278757 -0.0179408 0.0886882 
0.00977912 -0.0179441 -1.21962e-05 -1.93808e-05 -0.0179441 0.0886734 -2.08532e-05 0.000285269 -1.21962e-05 -2.08532e-05 0.00977195 -0.0179703 -1.93808e-05 0.000285269 -0.0179703 0.088786 
0.0097734 -0.017937 1.358e-05 -5.49572e-05 -0.017937 0.0886223 -5.72301e-05 0.000350206 1.358e-05 -5.72301e-05 0.00975882 -0.0179404 -5.49572e-05 0.000350206 -0.0179404 0.0887075 
0.00974469 -0.0178908 1.48107e-05 -8.55644e-05 -0.0178908 0.0883976 -8.74039e-05 0.00042555 1.48107e-05 -8.74039e-05 0.00973632 -0.0178824 -8.55644e-05 0.00042555 -0.0178824 0.0884391 
0.00973091 -0.0178984 1.1196e-05 -8.90143e-05 -0.0178984 0.088452 -9.39093e-05 0.000468036 1.1196e-05 -9.39093e-05 0.00975746 -0.017897 -8.90143e-05 0.000468036 -0.017897 0.0884844 
0.00973753 -0.0178984 1.86668e-05 -8.16917e-05 -0.0178984 0.0885374 -8.80279e-05 0.000466216 1.86668e-05 -8.80279e-05 0.00978209 -0.0179422 -8.16917e-05 0.000466216 -0.0179422 0.0886404 
0.00973667 -0.0178862 9.33601e-06 -8.95602e-05 -0.0178862 0.0884881 -9.29407e-05 0.000469564 9.33601e-06 -9.29407e-05 0.00978096 -0.0179532 -8.95602e-05 0.000469564 -0.0179532 0.0886669 
0.00974574 -0.0179084 -1.51862e-05 -7.98468e-05 -0.0179084 0.0885853 -7.82635e-05 0.000453319 -1.51862e-05 -7.82635e-05 0.00978569 -0.0179788 -7.98468e-05 0.000453319 -0.0179788 0.0888021 
0.00973517 -0.0178551 -4.48062e-05 -5.01065e-05 -0.0178551 0.0883396 -4.50105e-05 0.000390905 -4.48062e-05 -4.50105e-05 0.00975229 -0.0179267 -5.01065e-05 0.000390905 -0.0179267 0.0885774 
0.00970786 -0.0178052 -4.82461e-05 -1.28233e-05 -0.0178052 0.0880237 -8.46636e-06 0.000302801 -4.82461e-05 -8.46636e-06 0.00971367 -0.0178464 -1.28233e-05 0.000302801 -0.0178464 0.0882203 
0.00968905 -0.0177981 -4.77542e-05 -4.86013e-06 -0.0177981 0.0879561 -4.86477e-06 0.000254553 -4.77542e-05 -4.86477e-06 0.00970956 -0.0178247 -4.86013e-06 0.000254553 -0.0178247 0.0881066 
0.00966203 -0.0177609 -3.956e-05 -3.79179e-06 -0.0177609 0.0878101 -9.05938e-06 0.000244882 -3.956e-05 -9.05938e-06 0.00970642 -0.0178019 -3.79179e-06 0.000244882 -0.0178019 0.0879601 
0.00966834 -0.0177772 -2.45659e-05 -1.31837e-05 -0.0177772 0.0879254 -2.10172e-05 0.000261332 -2.45659e-05 -2.10172e-05 0.00971514 -0.0178433 -1.31837e-05 0.000261332 -0.0178433 0.088115 
0.00967899 -0.0177498 -2.05402e-05 -3.54813e-05 -0.0177498 0.0878165 -4.21381e-05 0.000306699 -2.05402e-05 -4.21381e-05 0.00968131 -0.0178209 -3.54813e-05 0.000306699 -0.0178209 0.088035 
0.00967489 -0.0177452 -2.56111e-05 -4.39247e-05 -0.0177452 0.0877 -4.57483e-05 0.00033814 -2.56111e-05 -4.57483e-05 0.00964242 -0.0177588 -4.39247e-05 0.00033814 -0.0177588 0.0878327 
0.00968584 -0.0177676 -2.75087e-05 -4.01429e-05 -0.0177676 0.0877748 -3.80755e-05 0.000339717 -2.75087e-05 -3.80755e-05 0.00962785 -0.0177342 -4.01429e-05 0.000339717 -0.0177342 0.0877823 
0.00968989 -0.0177975 -4.10578e-05 -3.53958e-05 -0.0177975 0.0879069 -3.17944e-05 0.000326115 -4.10578e-05 -3.17944e-05 0.00962922 -0.0177298 -3.53958e-05 0.000326115 -0.0177298 0.0878063 
0.00968788 -0.0177924 -4.68635e-05 -1.54327e-05 -0.0177924 0.0879223 -1.29942e-05 0.000285964 -4.68635e-05 -1.29942e-05 0.00962103 -0.0177174 -1.54327e-05 0.000285964 -0.0177174 0.0877635 
0.00967441 -0.0177689 -5.23303e-05 -5.06622e-06 -0.0177689 0.087819 -3.48259e-06 0.000246114 -5.23303e-05 -3.48259e-06 0.00961488 -0.0176842 -5.06622e-06 0.000246114 -0.0176842 0.087624 
0.00963028 -0.017675 -4.56621e-05 4.50255e-06 -0.017675 0.0873653 5.68404e-06 0.000212172 -4.56621e-05 5.68404e-06 0.00958152 -0.0176005 4.50255e-06 0.000212172 -0.0176005 0.0871743 
0.00961753 -0.0176605 -3.42357e-05 -1.5546e-06 -0.0176605 0.0872737 -2.58534e-06 0.000207908 -3.42357e-05 -2.58534e-06 0.00957934 -0.017605 -1.5546e-06 0.000207908 -0.017605 0.087125 
0.00959574 -0.0176326 -3.34392e-05 -8.95769e-06 -0.0176326 0.0871438 -1.46803e-05 0.000218037 -3.34392e-05 -1.46803e-05 0.00957728 -0.0175922 -8.95769e-06 0.000218037 -0.0175922 0.0870388 
0.00958638 -0.0176154 -4.62057e-05 -9.89579e-06 -0.0176154 0.0870919 -1.78729e-05 0.000227266 -4.62057e-05 -1.78729e-05 0.00958197 -0.0176038 -9.89579e-06 0.000227266 -0.0176038 0.0870544 
0.00958657 -0.0176353 -5.60455e-05 4.0028e-06 -0.0176353 0.0872036 -1.87056e-06 0.000207426 -5.60455e-05 -1.87056e-06 0.00959366 -0.0176431 4.0028e-06 0.000207426 -0.0176431 0.0872304 
0.00958981 -0.0176065 -5.68029e-05 1.70656e-05 -0.0176065 0.087108 1.49826e-05 0.000168224 -5.68029e-05 1.49826e-05 0.00955592 -0.0176237 1.70656e-05 0.000168224 -0.0176237 0.0871702 
0.00959452 -0.017619 -6.08673e-05 1.21225e-05 -0.017619 0.0871161 1.16977e-05 0.000163665 -6.08673e-05 1.16977e-05 0.0095399 -0.0175856 1.21225e-05 0.000163665 -0.0175856 0.0871125 
0.00957568 -0.0175972 -7.18102e-05 1.63982e-05 -0.0175972 0.086999 1.8539e-05 0.00015692 -7.18102e-05 1.8539e-05 0.00952749 -0.0175345 1.63982e-05 0.00015692 -0.0175345 0.0869039 
0.00954052 -0.0175563 -7.06223e-05 3.12151e-05 -0.0175563 0.0868304 3.48025e-05 0.000126538 -7.06223e-05 3.48025e-05 0.00952547 -0.0175083 3.12151e-05 0.000126538 -0.0175083 0.0867301 
0.00951393 -0.0175047 -4.77277e-05 3.17846e-05 -0.0175047 0.0866444 3.7736e-05 0.000104793 -4.77277e-05 3.7736e-05 0.00951724 -0.0175009 3.17846e-05 0.000104793 -0.0175009 0.0866233 
0.00953582 -0.0174916 -4.22218e-05 7.75714e-06 -0.0174916 0.0866088 1.49886e-05 0.000126932 -4.22218e-05 1.49886e-05 0.00949205 -0.0175136 7.75714e-06 0.000126932 -0.0175136 0.0866726 
0.00954201 -0.0174979 -4.03007e-05 -1.50339e-06 -0.0174979 0.0865287 7.22316e-06 0.000154759 -4.03007e-05 7.22316e-06 0.00945458 -0.0174558 -1.50339e-06 0.000154759 -0.0174558 0.0865182 
0.00951012 -0.0174646 -3.32027e-05 -2.42883e-06 -0.0174646 0.0863091 7.71439e-06 0.000160321 -3.32027e-05 7.71439e-06 0.00942984 -0.0173692 -2.42883e-06 0.000160321 -0.0173692 0.0861695 
0.00947716 -0.0174346 -2.82977e-05 -1.05185e-05 -0.0174346 0.0861771 -2.70373e-06 0.000174912 -2.82977e-05 -2.70373e-06 0.00943016 -0.0173366 -1.05185e-05 0.000174912 -0.0173366 0.0859666 
0.00945627 -0.0174286 -2.72648e-05 -1.49121e-05 -0.0174286 0.0862215 -1.38148e-05 0.000196328 -2.72648e-05 -1.38148e-05 0.00946206 -0.0173765 -1.49121e-05 0.000196328 -0.0173765 0.0860682 
0.00943988 -0.0174253 -2.81296e-05 -1.58215e-05 -0.0174253 0.0863111 -1.6238e-05 0.000207544 -2.81296e-05 -1.6238e-05 0.00950569 -0.017444 -1.58215e-05 0.000207544 -0.017444 0.0863121 
0.00942696 -0.0173841 -8.81815e-06 -1.36247e-05 -0.0173841 0.0862329 -1.39096e-05 0.000206018 -8.81815e-06 -1.39096e-05 0.00951913 -0.0174904 -1.36247e-05 0.000206018 -0.0174904 0.0864574 
0.00943242 -0.0173785 1.7536e-05 -3.55591e-05 -0.0173785 0.0862372 -3.31704e-05 0.000231646 1.7536e-05 -3.31704e-05 0.00952916 -0.0175257 -3.55591e-05 0.000231646 -0.0175257 0.0866333 
0.0094712 -0.0174277 2.20415e-05 -7.00828e-05 -0.0174277 0.0864724 -6.54149e-05 0.000298853 2.20415e-05 -6.54149e-05 0.00954706 -0.0175838 -7.00828e-05 0.000298853 -0.0175838 0.0869526 
0.00950325 -0.0174593 -9.20194e-08 -7.969e-05 -0.0174593 0.0865867 -7.28529e-05 0.000345603 -9.20194e-08 -7.28529e-05 0.00953772 -0.0175909 -7.969e-05 0.000345603 -0.0175909 0.0870588 
0.00950366 -0.0174841 -1.35229e-05 -5.29006e-05 -0.0174841 0.0866386 -4.43841e-05 0.000317207 -1.35229e-05 -4.43841e-05 0.0095411 -0.0175674 -5.29006e-05 0.000317207 -0.0175674 0.0870295 
0.00950305 -0.017454 -9.15207e-06 -3.17371e-05 -0.017454 0.0865176 -2.78568e-05 0.00026555 -9.15207e-06 -2.78568e-05 0.00951791 -0.0175429 -3.17371e-05 0.00026555 -0.0175429 0.0868809 
0.00952344 -0.0174893 -2.60375e-06 -3.07996e-05 -0.0174893 0.0866322 -3.1106e-05 0.000241395 -2.60375e-06 -3.1106e-05 0.00952268 -0.0175471 -3.07996e-05 0.000241395 -0.0175471 0.0869428 
0.00954624 -0.0175253 -2.99451e-06 -4.0647e-05 -0.0175253 0.08677 -3.99038e-05 0.000251702 -2.99451e-06 -3.99038e-05 0.00952377 -0.0175551 -4.0647e-05 0.000251702 -0.0175551 0.0869986 
0.00952445 -0.0175146 -1.56731e-05 -4.52454e-05 -0.0175146 0.0866743 -4.3588e-05 0.000269215 -1.56731e-05 -4.3588e-05 0.00951764 -0.0175099 -4.52454e-05 0.000269215 -0.0175099 0.0868055 
0.00951916 -0.017517 -2.35701e-05 -3.15071e-05 -0.017517 0.0867279 -3.06343e-05 0.000258479 -2.35701e-05 -3.06343e-05 0.00953752 -0.0175305 -3.15071e-05 0.000258479 -0.0175305 0.0868454 
0.00951305 -0.0174635 -2.86681e-05 -2.12899e-05 -0.0174635 0.0865111 -2.08725e-05 0.000234081 -2.86681e-05 -2.08725e-05 0.00951246 -0.0175153 -2.12899e-05 0.000234081 -0.0175153 0.0867003 
0.00945929 -0.0174084 -3.69362e-05 -9.95235e-06 -0.0174084 0.0861595 -1.19948e-05 0.0002044 -3.69362e-05 -1.19948e-05 0.00950116 -0.0174381 -9.95235e-06 0.0002044 -0.0174381 0.0863552 
0.00941946 -0.0173347 -4.66393e-05 1.95097e-06 -0.0173347 0.0858625 -1.29159e-06 0.000173939 -4.66393e-05 -1.29159e-06 0.00949592 -0.0174225 1.95097e-06 0.000173939 -0.0174225 0.0861475 
0.00943473 -0.0173023 -3.46802e-05 1.37277e-05 -0.0173023 0.0857339 1.24924e-05 0.000140824 -3.46802e-05 1.24924e-05 0.00946556 -0.0174464 1.37277e-05 0.000140824 -0.0174464 0.0861758 
0.00947486 -0.0173634 -2.34609e-05 -6.44081e-07 -0.0173634 0.0859147 2.03528e-06 0.000142586 -2.34609e-05 2.03528e-06 0.009451 -0.0174584 -6.44081e-07 0.000142586 -0.0174584 0.0863572 
0.00954278 -0.0174819 -1.03137e-05 -1.94931e-05 -0.0174819 0.0864129 -1.37827e-05 0.000179882 -1.03137e-05 -1.37827e-05 0.00945457 -0.017503 -1.94931e-05 0.000179882 -0.017503 0.086717 
0.00953952 -0.0174876 4.24921e-06 -3.83316e-05 -0.0174876 0.0863811 -2.96354e-05 0.000224464 4.24921e-06 -2.96354e-05 0.00942586 -0.0174217 -3.83316e-05 0.000224464 -0.0174217 0.0864739 
0.00951939 -0.0174741 5.9937e-06 -5.70148e-05 -0.0174741 0.0863027 -4.86737e-05 0.000273783 5.9937e-06 -4.86737e-05 0.00939923 -0.017363 -5.70148e-05 0.000273783 -0.017363 0.0862164 
0.0094964 -0.0174408 -3.72259e-06 -5.88529e-05 -0.0174408 0.0861768 -5.51231e-05 0.000301819 -3.72259e-06 -5.51231e-05 0.00938305 -0.0173143 -5.88529e-05 0.000301819 -0.0173143 0.085989 
0.00945475 -0.0173926 -4.76465e-06 -4.1759e-05 -0.0173926 0.085978 -4.27164e-05 0.000284284 -4.76465e-06 -4.27164e-05 0.00937897 -0.0172754 -4.1759e-05 0.000284284 -0.0172754 0.0857692 
0.00942586 -0.0173459 -1.34431e-05 -3.78928e-05 -0.0173459 0.0858295 -3.74823e-05 0.000261599 -1.34431e-05 -3.74823e-05 0.00938508 -0.0172758 -3.78928e-05 0.000261599 -0.0172758 0.0856899 
0.00939844 -0.0173397 -9.28662e-06 -2.84419e-05 -0.0173397 0.0858609 -2.39369e-05 0.000234092 -9.28662e-06 -2.39369e-05 0.00942595 -0.0173215 -2.84419e-05 0.000234092 -0.0173215 0.0858495 
0.00940193 -0.0173171 4.56706e-06 -3.08998e-05 -0.0173171 0.0858888 -2.44444e-05 0.000218851 4.56706e-06 -2.44444e-05 0.00945071 -0.0173895 -3.08998e-05 0.000218851 -0.0173895 0.0860795 
0.00939356 -0.0173062 6.77861e-06 -4.69236e-05 -0.0173062 0.0858418 -4.18035e-05 0.0002387 6.77861e-06 -4.18035e-05 0.00946961 -0.0174124 -4.69236e-05 0.0002387 -0.0174124 0.0861891 
0.00941358 -0.0172763 -8.34604e-06 -4.73714e-05 -0.0172763 0.0857124 -4.69634e-05 0.00025376 -8.34604e-06 -4.69634e-05 0.00943722 -0.0174118 -4.73714e-05 0.00025376 -0.0174118 0.0861543 
0.00940686 -0.0172284 -2.40085e-05 -2.73028e-05 -0.0172284 0.0853386 -2.80299e-05 0.000225756 -2.40085e-05 -2.80299e-05 0.00937066 -0.017303 -2.73028e-05 0.000225756 -0.017303 0.085727 
0.00940581 -0.0172755 -2.38884e-05 -6.09079e-06 -0.0172755 0.0854212 -6.43049e-06 0.000174593 -2.38884e-05 -6.43049e-06 0.00936876 -0.0172673 -6.09079e-06 0.000174593 -0.0172673 0.0856331 
0.00939199 -0.0172553 -3.13531e-05 -5.20369e-06 -0.0172553 0.0853531 -4.68942e-06 0.000148763 -3.13531e-05 -4.68942e-06 0.00934668 -0.0172411 -5.20369e-06 0.000148763 -0.0172411 0.08547 
0.00939946 -0.0172831 -3.79099e-05 4.47849e-06 -0.0172831 0.0855098 8.13942e-06 0.000121243 -3.79099e-05 8.13942e-06 0.00935572 -0.0172636 4.47849e-06 0.000121243 -0.0172636 0.0856016 
0.00940303 -0.0172909 -4.7148e-05 1.42357e-05 -0.0172909 0.0855816 1.93758e-05 8.81066e-05 -4.7148e-05 1.93758e-05 0.00935477 -0.0172684 1.42357e-05 8.81066e-05 -0.0172684 0.0856554 
0.00939691 -0.0172794 -4.76126e-05 2.38013e-05 -0.0172794 0.085548 2.97502e-05 6.01665e-05 -4.76126e-05 2.97502e-05 0.0093533 -0.0172544 2.38013e-05 6.01665e-05 -0.0172544 0.0856157 
0.00939229 -0.0172791 -3.43088e-05 2.28463e-05 -0.0172791 0.085567 2.7188e-05 5.37505e-05 -3.43088e-05 2.7188e-05 0.00936403 -0.0172645 2.28463e-05 5.37505e-05 -0.0172645 0.0856535 
0.00935558 -0.0172434 -3.8687e-05 6.72542e-06 -0.0172434 0.0854244 1.1556e-05 7.71175e-05 -3.8687e-05 1.1556e-05 0.00937265 -0.0172522 6.72542e-06 7.71175e-05 -0.0172522 0.0855636 
0.00930569 -0.0171505 -3.8771e-05 9.81612e-06 -0.0171505 0.0850652 1.36638e-05 8.95116e-05 -3.8771e-05 1.36638e-05 0.00936246 -0.017223 9.81612e-06 8.95116e-05 -0.017223 0.0853369 
0.0093154 -0.0171498 -3.5507e-05 1.2536e-05 -0.0171498 0.0851112 1.54303e-05 8.45934e-05 -3.5507e-05 1.54303e-05 0.00937539 -0.0172789 1.2536e-05 8.45934e-05 -0.0172789 0.0855457 
0.00930525 -0.0171198 -3.45541e-05 1.00759e-05 -0.0171198 0.0849534 1.14687e-05 8.51221e-05 -3.45541e-05 1.14687e-05 0.00936873 -0.0172604 1.00759e-05 8.51221e-05 -0.0172604 0.0854842 
0.0093096 -0.0171423 -3.88976e-05 8.86455e-06 -0.0171423 0.0850339 1.2358e-05 8.58799e-05 -3.88976e-05 1.2358e-05 0.00938978 -0.0172817 8.86455e-06 8.58799e-05 -0.0172817 0.0855863 
0.00933506 -0.0171686 -1.7987e-05 1.2816e-05 -0.0171686 0.0851796 1.77963e-05 7.83865e-05 -1.7987e-05 1.77963e-05 0.00939859 -0.017324 1.2816e-05 7.83865e-05 -0.017324 0.0857581 
0.00933663 -0.0171941 -7.05314e-06 -1.41798e-05 -0.0171941 0.0852577 -1.01502e-05 0.000118978 -7.05314e-06 -1.01502e-05 0.0094097 -0.0173247 -1.41798e-05 0.000118978 -0.0173247 0.085806 
0.00935257 -0.0172385 9.98322e-06 -2.93993e-05 -0.0172385 0.085511 -2.61386e-05 0.000168612 9.98322e-06 -2.61386e-05 0.00943879 -0.0173807 -2.93993e-05 0.000168612 -0.0173807 0.0860557 
0.00935696 -0.0172031 1.35897e-05 -4.56792e-05 -0.0172031 0.0853944 -4.33418e-05 0.000207722 1.35897e-05 -4.33418e-05 0.00941494 -0.0173717 -4.56792e-05 0.000207722 -0.0173717 0.0859969 
