0.00670439 0 -1.0044e-05 0 0 0.00942179 0 0 -1.0044e-05 0 0.00660731 0 0 0 0 0.00942179 
0.00979534 -0.0121558 9.97734e-07 -2.97274e-06 -0.0121558 0.0322434 -2.97274e-06 6.02614e-06 9.97734e-07 -2.97274e-06 0.00970271 -0.0120456 -2.97274e-06 6.02614e-06 -0.0120456 0.0320327 
0.0092028 -0.0170997 1.22703e-05 -5.69442e-05 -0.0170997 0.0630225 -5.69442e-05 0.000198301 1.22703e-05 -5.69442e-05 0.00916201 -0.0171227 -5.69442e-05 0.000198301 -0.0171227 0.0631386 
0.00870076 -0.0166288 1.39231e-05 -0.000104989 -0.0166288 0.0744661 -0.000110413 0.000544935 1.39231e-05 -0.000110413 0.00863948 -0.016856 -0.000104989 0.000544935 -0.016856 0.0757363 
0.00923402 -0.017071 -3.56767e-06 -0.000104135 -0.017071 0.0819221 -0.00010997 0.000703809 -3.56767e-06 -0.00010997 0.00911811 -0.0172557 -0.000104135 0.000703809 -0.0172557 0.0836976 
0.00904518 -0.0164569 -2.68343e-05 -5.15436e-05 -0.0164569 0.0802674 -5.50961e-05 0.000525032 -2.68343e-05 -5.50961e-05 0.00887191 -0.0164951 -5.15436e-05 0.000525032 -0.0164951 0.0815407 
0.00953326 -0.0173491 -3.58043e-05 -1.3723e-05 -0.0173491 0.0848864 -1.71367e-05 0.000355101 -3.58043e-05 -1.71367e-05 0.00935529 -0.0172673 -1.3723e-05 0.000355101 -0.0172673 0.085619 
0.00929109 -0.0169036 -4.44664e-05 -4.70231e-06 -0.0169036 0.0829465 -7.7716e-06 0.000240312 -4.44664e-05 -7.7716e-06 0.00911087 -0.0168116 -4.70231e-06 0.000240312 -0.0168116 0.0833309 
0.00977361 -0.0177771 -5.45584e-05 3.79042e-06 -0.0177771 0.087359 -1.12953e-06 0.000205758 -5.45584e-05 -1.12953e-06 0.00958546 -0.0176768 3.79042e-06 0.000205758 -0.0176768 0.087632 
0.00961777 -0.0174948 -3.55042e-05 6.30072e-06 -0.0174948 0.086016 3.6174e-06 0.000187756 -3.55042e-05 3.6174e-06 0.00944631 -0.0174046 6.30072e-06 0.000187756 -0.0174046 0.0862578 
0.00950969 -0.0173237 -1.99887e-05 -1.93976e-05 -0.0173237 0.0851908 -1.59181e-05 0.000219521 -1.99887e-05 -1.59181e-05 0.00937999 -0.0172581 -1.93976e-05 0.000219521 -0.0172581 0.0854715 
0.00938729 -0.0171336 -1.49974e-06 -3.76246e-05 -0.0171336 0.0843069 -3.22694e-05 0.00026323 -1.49974e-06 -3.22694e-05 0.00932959 -0.0171169 -3.76246e-05 0.00026323 -0.0171169 0.0846838 
0.00930782 -0.0169776 -7.21933e-06 -5.85433e-05 -0.0169776 0.0836281 -5.45394e-05 0.000313421 -7.21933e-06 -5.45394e-05 0.0092977 -0.0170494 -5.85433e-05 0.000313421 -0.0170494 0.0841871 
0.00930501 -0.016961 -4.42879e-06 -5.0915e-05 -0.016961 0.0835548 -5.17786e-05 0.000328785 -4.42879e-06 -5.17786e-05 0.00930495 -0.0170939 -5.0915e-05 0.000328785 -0.0170939 0.0842926 
0.00933365 -0.0169931 4.15585e-06 -4.77314e-05 -0.0169931 0.08369 -5.44437e-05 0.000324173 4.15585e-06 -5.44437e-05 0.00931338 -0.017144 -4.77314e-05 0.000324173 -0.017144 0.0845312 
0.00934128 -0.0170221 -7.8635e-06 -5.96977e-05 -0.0170221 0.08378 -7.12798e-05 0.000348132 -7.8635e-06 -7.12798e-05 0.00931741 -0.0171544 -5.96977e-05 0.000348132 -0.0171544 0.084633 
0.00936299 -0.0170399 -2.36608e-05 -4.82187e-05 -0.0170399 0.0838738 -6.01766e-05 0.00034854 -2.36608e-05 -6.01766e-05 0.0093127 -0.0171664 -4.82187e-05 0.00034854 -0.0171664 0.0847124 
0.00938668 -0.0171037 -2.50327e-05 -3.22243e-05 -0.0171037 0.0841307 -4.01791e-05 0.000319266 -2.50327e-05 -4.01791e-05 0.00932421 -0.0171923 -3.22243e-05 0.000319266 -0.0171923 0.0849016 
0.00935976 -0.0171253 -1.93908e-05 -3.14508e-05 -0.0171253 0.0842485 -3.25064e-05 0.000296302 -1.93908e-05 -3.25064e-05 0.00935868 -0.0171891 -3.14508e-05 0.000296302 -0.0171891 0.0849339 
0.00933595 -0.0170919 -1.21335e-05 -3.7912e-05 -0.0170919 0.0842457 -3.566e-05 0.00029422 -1.21335e-05 -3.566e-05 0.00938866 -0.0172254 -3.7912e-05 0.00029422 -0.0172254 0.0849948 
0.00931553 -0.0170633 -1.93795e-05 -4.70604e-05 -0.0170633 0.0842142 -4.55581e-05 0.000311145 -1.93795e-05 -4.55581e-05 0.00941092 -0.0172763 -4.70604e-05 0.000311145 -0.0172763 0.085145 
0.00930124 -0.0170202 -2.79123e-05 -3.99784e-05 -0.0170202 0.0840867 -3.8216e-05 0.000309007 -2.79123e-05 -3.8216e-05 0.00941857 -0.0172957 -3.99784e-05 0.000309007 -0.0172957 0.0852086 
0.00932562 -0.0170515 -3.60437e-05 -3.01048e-05 -0.0170515 0.0842537 -2.80487e-05 0.000292061 -3.60437e-05 -2.80487e-05 0.00944178 -0.0173561 -3.01048e-05 0.000292061 -0.0173561 0.0855014 
0.00935719 -0.0170588 -3.5675e-05 -1.42277e-05 -0.0170588 0.0842689 -1.45579e-05 0.000256031 -3.5675e-05 -1.45579e-05 0.00941698 -0.0173566 -1.42277e-05 0.000256031 -0.0173566 0.0855448 
0.00934548 -0.0170372 -3.0111e-05 -1.11437e-05 -0.0170372 0.0840382 -1.36391e-05 0.000233559 -3.0111e-05 -1.36391e-05 0.00935578 -0.0172551 -1.11437e-05 0.000233559 -0.0172551 0.0851788 
0.00931481 -0.0169827 -1.02278e-05 -1.84684e-05 -0.0169827 0.0836967 -2.13326e-05 0.000237722 -1.02278e-05 -2.13326e-05 0.00928371 -0.0171154 -1.84684e-05 0.000237722 -0.0171154 0.0845984 
0.00930124 -0.0169738 -6.0784e-06 -4.29928e-05 -0.0169738 0.0836059 -4.30834e-05 0.000275647 -6.0784e-06 -4.30834e-05 0.00924969 -0.0170428 -4.29928e-05 0.000275647 -0.0170428 0.0842902 
0.00926789 -0.0169206 -1.54241e-05 -5.18388e-05 -0.0169206 0.0833469 -5.05711e-05 0.000310646 -1.54241e-05 -5.05711e-05 0.0092157 -0.0169602 -5.18388e-05 0.000310646 -0.0169602 0.0838915 
0.0092538 -0.0169133 -1.86867e-05 -4.10089e-05 -0.0169133 0.0833324 -3.80046e-05 0.000303371 -1.86867e-05 -3.80046e-05 0.00922417 -0.0169624 -4.10089e-05 0.000303371 -0.0169624 0.0838529 
0.00929021 -0.016953 -1.24331e-05 -3.18063e-05 -0.016953 0.083579 -2.73702e-05 0.000274414 -1.24331e-05 -2.73702e-05 0.00924319 -0.0170368 -3.18063e-05 0.000274414 -0.0170368 0.0841623 
0.0093155 -0.0169684 -1.13389e-05 -3.47439e-05 -0.0169684 0.0836174 -3.06007e-05 0.000259841 -1.13389e-05 -3.06007e-05 0.00922631 -0.0170347 -3.47439e-05 0.000259841 -0.0170347 0.0842116 
0.0092963 -0.0169792 -2.40121e-05 -3.59021e-05 -0.0169792 0.0835848 -3.39291e-05 0.000260357 -2.40121e-05 -3.39291e-05 0.00922158 -0.0169911 -3.59021e-05 0.000260357 -0.0169911 0.0840874 
0.00924655 -0.0168862 -4.12388e-05 -2.23658e-05 -0.0168862 0.0831854 -2.05274e-05 0.000239469 -4.12388e-05 -2.05274e-05 0.00918242 -0.0169077 -2.23658e-05 0.000239469 -0.0169077 0.083644 
0.00923497 -0.0168571 -4.06489e-05 -1.21841e-06 -0.0168571 0.0830636 9.23499e-07 0.000194673 -4.06489e-05 9.23499e-07 0.00916267 -0.0168982 -1.21841e-06 0.000194673 -0.0168982 0.0835561 
0.00919559 -0.0168175 -1.64114e-05 -1.02824e-06 -0.0168175 0.0828626 8.69334e-07 0.00017283 -1.64114e-05 8.69334e-07 0.00914561 -0.0168532 -1.02824e-06 0.00017283 -0.0168532 0.0833701 
0.00921274 -0.0168453 5.48694e-06 -3.00926e-05 -0.0168453 0.0830676 -2.74476e-05 0.000211575 5.48694e-06 -2.74476e-05 0.00915493 -0.0169024 -3.00926e-05 0.000211575 -0.0169024 0.0836019 
0.00918461 -0.0168166 -8.88464e-06 -5.14381e-05 -0.0168166 0.08295 -5.13001e-05 0.000262465 -8.88464e-06 -5.13001e-05 0.00914241 -0.0168632 -5.14381e-05 0.000262465 -0.0168632 0.0834838 
0.00915549 -0.0167231 -3.41289e-05 -2.99223e-05 -0.0167231 0.0825528 -3.46663e-05 0.000249085 -3.41289e-05 -3.46663e-05 0.00909453 -0.0167797 -2.99223e-05 0.000249085 -0.0167797 0.0830795 
0.00914942 -0.0167041 -4.34793e-05 3.00047e-06 -0.0167041 0.0824052 2.05307e-06 0.000176253 -4.34793e-05 2.05307e-06 0.00907888 -0.0167423 3.00047e-06 0.000176253 -0.0167423 0.0829086 
0.00913933 -0.0167221 -3.51567e-05 9.2249e-06 -0.0167221 0.0824476 1.91226e-05 0.00012369 -3.51567e-05 1.91226e-05 0.00909389 -0.0167425 9.2249e-06 0.00012369 -0.0167425 0.0828995 
0.00916393 -0.0167275 -1.95635e-05 -4.60681e-06 -0.0167275 0.0825315 7.18394e-06 0.000129416 -1.95635e-05 7.18394e-06 0.00908696 -0.0167782 -4.60681e-06 0.000129416 -0.0167782 0.0830067 
0.0091882 -0.0167693 -1.55392e-05 -2.15726e-05 -0.0167693 0.0826745 -1.4342e-05 0.000166926 -1.55392e-05 -1.4342e-05 0.00908829 -0.0167885 -2.15726e-05 0.000166926 -0.0167885 0.0831297 
0.00920945 -0.0167901 -1.62257e-05 -2.56312e-05 -0.0167901 0.0827512 -2.4861e-05 0.000199062 -1.62257e-05 -2.4861e-05 0.00908015 -0.0167844 -2.56312e-05 0.000199062 -0.0167844 0.0831508 
0.00920225 -0.0168284 -7.85052e-06 -2.20516e-05 -0.0168284 0.0828813 -2.48587e-05 0.000205305 -7.85052e-06 -2.48587e-05 0.00911185 -0.0167833 -2.20516e-05 0.000205305 -0.0167833 0.0831957 
0.00918505 -0.0167826 -1.75326e-05 -2.78381e-05 -0.0167826 0.0827342 -3.52755e-05 0.00021376 -1.75326e-05 -3.52755e-05 0.00910881 -0.0167763 -2.78381e-05 0.00021376 -0.0167763 0.0830593 
0.00919869 -0.0167636 -2.46007e-05 -1.63282e-05 -0.0167636 0.0826447 -2.33998e-05 0.000201842 -2.46007e-05 -2.33998e-05 0.00908664 -0.0167821 -1.63282e-05 0.000201842 -0.0167821 0.0830362 
0.00920515 -0.0168046 -4.14654e-05 -1.03912e-05 -0.0168046 0.0827513 -1.36309e-05 0.00018203 -4.14654e-05 -1.36309e-05 0.00910476 -0.0167836 -1.03912e-05 0.00018203 -0.0167836 0.0831153 
0.00918972 -0.0168057 -3.93853e-05 6.07939e-06 -0.0168057 0.0827742 9.08518e-06 0.00014553 -3.93853e-05 9.08518e-06 0.00912845 -0.0167936 6.07939e-06 0.00014553 -0.0167936 0.0831222 
0.00918561 -0.0168003 -2.49566e-05 2.46775e-06 -0.0168003 0.0828243 9.62472e-06 0.000128399 -2.49566e-05 9.62472e-06 0.00915784 -0.0168436 2.46775e-06 0.000128399 -0.0168436 0.0832661 
0.00918746 -0.0167988 -2.32069e-05 -1.41829e-05 -0.0167988 0.0828558 -7.11217e-06 0.000151289 -2.32069e-05 -7.11217e-06 0.00917129 -0.0168859 -1.41829e-05 0.000151289 -0.0168859 0.0834199 
0.00919261 -0.0167742 -1.42719e-05 -1.7741e-05 -0.0167742 0.0827426 -9.96524e-06 0.000169739 -1.42719e-05 -9.96524e-06 0.00915004 -0.0168773 -1.7741e-05 0.000169739 -0.0168773 0.0833856 
0.00921816 -0.016812 1.04382e-06 -2.78263e-05 -0.016812 0.0828688 -1.76827e-05 0.000185548 1.04382e-06 -1.76827e-05 0.00915159 -0.0168922 -2.78263e-05 0.000185548 -0.0168922 0.083518 
0.00921814 -0.0168432 5.30813e-06 -4.73395e-05 -0.0168432 0.0829792 -3.47469e-05 0.000219447 5.30813e-06 -3.47469e-05 0.00915879 -0.016895 -4.73395e-05 0.000219447 -0.016895 0.0835818 
0.00920705 -0.0168272 -9.37657e-07 -5.36899e-05 -0.0168272 0.0829553 -4.09959e-05 0.000246197 -9.37657e-07 -4.09959e-05 0.00915683 -0.0168916 -5.36899e-05 0.000246197 -0.0168916 0.0835635 
0.00920122 -0.0168189 4.51918e-06 -4.30345e-05 -0.0168189 0.0829592 -3.20472e-05 0.000236682 4.51918e-06 -3.20472e-05 0.00916339 -0.0169035 -4.30345e-05 0.000236682 -0.0169035 0.0836204 
0.0091892 -0.0167778 1.32597e-05 -4.65621e-05 -0.0167778 0.0827873 -3.80633e-05 0.000232991 1.32597e-05 -3.80633e-05 0.00913543 -0.0168789 -4.65621e-05 0.000232991 -0.0168789 0.0835028 
0.00917179 -0.016766 1.41629e-05 -5.14774e-05 -0.016766 0.0826955 -5.16955e-05 0.000245788 1.41629e-05 -5.16955e-05 0.00913668 -0.0168394 -5.14774e-05 0.000245788 -0.0168394 0.0833809 
0.00916808 -0.0167641 1.26498e-05 -5.00932e-05 -0.0167641 0.0827121 -6.05737e-05 0.000260489 1.26498e-05 -6.05737e-05 0.00914142 -0.0168491 -5.00932e-05 0.000260489 -0.0168491 0.083379 
0.00914897 -0.0167014 6.09162e-06 -4.30401e-05 -0.0167014 0.0824244 -5.99624e-05 0.000256679 6.09162e-06 -5.99624e-05 0.00910951 -0.016796 -4.30401e-05 0.000256679 -0.016796 0.0831 
0.00916174 -0.0167252 -1.13819e-05 -3.46669e-05 -0.0167252 0.0824953 -4.87149e-05 0.000236728 -1.13819e-05 -4.87149e-05 0.00910524 -0.0168124 -3.46669e-05 0.000236728 -0.0168124 0.0831755 
0.00913633 -0.0166973 -2.37917e-05 -1.71905e-05 -0.0166973 0.0823387 -2.02309e-05 0.000188795 -2.37917e-05 -2.02309e-05 0.00908994 -0.0167635 -1.71905e-05 0.000188795 -0.0167635 0.0829825 
0.00913734 -0.0166971 -2.47022e-05 -6.02901e-06 -0.0166971 0.0823665 2.33076e-06 0.000138555 -2.47022e-05 2.33076e-06 0.00908403 -0.0167722 -6.02901e-06 0.000138555 -0.0167722 0.0830036 
0.00912206 -0.016698 -2.21496e-05 -5.58154e-06 -0.016698 0.0823663 4.92999e-06 0.000114515 -2.21496e-05 4.92999e-06 0.00908694 -0.0167537 -5.58154e-06 0.000114515 -0.0167537 0.0829616 
0.00910419 -0.0166729 -1.88797e-05 -6.22909e-06 -0.0166729 0.0823029 -5.31508e-07 0.000111831 -1.88797e-05 -5.31508e-07 0.00908605 -0.0167446 -6.22909e-06 0.000111831 -0.0167446 0.0828906 
0.00912171 -0.0166516 -1.7684e-05 -6.45205e-06 -0.0166516 0.082242 -6.94451e-06 0.000116589 -1.7684e-05 -6.94451e-06 0.00906067 -0.0167407 -6.45205e-06 0.000116589 -0.0167407 0.0828519 
0.00913765 -0.0166473 -1.1191e-05 -5.72537e-06 -0.0166473 0.082125 -6.73407e-06 0.000114356 -1.1191e-05 -6.73407e-06 0.00901747 -0.0166891 -5.72537e-06 0.000114356 -0.0166891 0.0826787 
0.00913599 -0.0166535 -2.28428e-06 -1.50108e-05 -0.0166535 0.0820393 -1.2363e-05 0.000122938 -2.28428e-06 -1.2363e-05 0.00898334 -0.0166213 -1.50108e-05 0.000122938 -0.0166213 0.0824412 
0.00977432 -0.017834 1.12023e-05 -3.10304e-05 -0.017834 0.087809 -2.40299e-05 0.000157509 1.12023e-05 -2.40299e-05 0.00961078 -0.0177483 -3.10304e-05 0.000157509 -0.0177483 0.0880755 
0.00976609 -0.017849 1.57616e-05 -4.85742e-05 -0.017849 0.0878859 -3.86729e-05 0.000193412 1.57616e-05 -3.86729e-05 0.00963761 -0.017758 -4.85742e-05 0.000193412 -0.017758 0.0880749 
0.009119 -0.0166924 5.57261e-06 -4.64391e-05 -0.0166924 0.0822437 -3.50075e-05 0.000188582 5.57261e-06 -3.50075e-05 0.00903964 -0.0166454 -4.64391e-05 0.000188582 -0.0166454 0.0824552 
0.00912372 -0.0167031 -1.07676e-05 -3.46879e-05 -0.0167031 0.0823833 -2.07338e-05 0.000166239 -1.07676e-05 -2.07338e-05 0.00907207 -0.0167147 -3.46879e-05 0.000166239 -0.0167147 0.082718 
0.00913263 -0.0167067 -3.79857e-05 -1.4926e-05 -0.0167067 0.0824507 -2.02569e-06 0.00012406 -3.79857e-05 -2.02569e-06 0.0090827 -0.0167597 -1.4926e-05 0.00012406 -0.0167597 0.0829172 
0.00912526 -0.016676 -3.59944e-05 2.24913e-05 -0.016676 0.0823039 2.78502e-05 5.18515e-05 -3.59944e-05 2.78502e-05 0.00906958 -0.0167335 2.24913e-05 5.18515e-05 -0.0167335 0.08283 
0.00911544 -0.0166366 -3.41476e-05 2.54444e-05 -0.0166366 0.0820789 2.18629e-05 2.00474e-05 -3.41476e-05 2.18629e-05 0.00904129 -0.0166873 2.54444e-05 2.00474e-05 -0.0166873 0.0826133 
0.00914476 -0.0166851 -1.25511e-05 2.1555e-05 -0.0166851 0.0822678 1.38725e-05 2.80701e-05 -1.25511e-05 1.38725e-05 0.00904515 -0.0167241 2.1555e-05 2.80701e-05 -0.0167241 0.0828019 
0.00915286 -0.0167227 -3.39395e-06 -5.8499e-06 -0.0167227 0.0824141 -1.30778e-05 7.64364e-05 -3.39395e-06 -1.30778e-05 0.0090586 -0.0167299 -5.8499e-06 7.64364e-05 -0.0167299 0.0828994 
0.00914452 -0.0167062 -6.07386e-06 -2.10992e-05 -0.0167062 0.0823637 -2.73129e-05 0.000128544 -6.07386e-06 -2.73129e-05 0.00906454 -0.0167161 -2.10992e-05 0.000128544 -0.0167161 0.0828246 
0.00915788 -0.0167 -1.7716e-05 -2.00825e-05 -0.0167 0.0823387 -2.59992e-05 0.000150063 -1.7716e-05 -2.59992e-05 0.00904745 -0.0167247 -2.00825e-05 0.000150063 -0.0167247 0.0828162 
0.0091616 -0.0167228 -2.04164e-05 -4.10181e-06 -0.0167228 0.0823776 -1.00696e-05 0.000130626 -2.04164e-05 -1.00696e-05 0.00903117 -0.0167031 -4.10181e-06 0.000130626 -0.0167031 0.0827854 
0.00913821 -0.0167163 -1.24815e-05 -5.36021e-07 -0.0167163 0.0823392 -4.26016e-06 0.000110115 -1.24815e-05 -4.26016e-06 0.00902304 -0.0166593 -5.36021e-07 0.000110115 -0.0166593 0.0826316 
0.00914762 -0.016721 -1.0298e-05 -8.30934e-06 -0.016721 0.082437 -1.27798e-05 0.000112876 -1.0298e-05 -1.27798e-05 0.00902551 -0.0166771 -8.30934e-06 0.000112876 -0.0166771 0.0826924 
0.00911543 -0.0166997 -2.45908e-05 -9.62826e-06 -0.0166997 0.0823474 -1.73527e-05 0.000121225 -2.45908e-05 -1.73527e-05 0.00903473 -0.0166561 -9.62826e-06 0.000121225 -0.0166561 0.0826062 
0.00910187 -0.0166759 -2.95067e-05 1.02538e-05 -0.0166759 0.0823295 1.97275e-06 9.18816e-05 -2.95067e-05 1.97275e-06 0.00905298 -0.0166861 1.02538e-05 9.18816e-05 -0.0166861 0.0826743 
0.00907585 -0.0166141 -2.87068e-05 1.70531e-05 -0.0166141 0.0820856 1.31345e-05 5.71828e-05 -2.87068e-05 1.31345e-05 0.00904106 -0.0166756 1.70531e-05 5.71828e-05 -0.0166756 0.082571 
0.00907436 -0.0165976 -2.23412e-05 1.49577e-05 -0.0165976 0.0820022 1.60706e-05 4.10821e-05 -2.23412e-05 1.60706e-05 0.00903901 -0.0166747 1.49577e-05 4.10821e-05 -0.0166747 0.0825692 
0.00907696 -0.0165871 -2.65554e-05 4.91605e-06 -0.0165871 0.0819184 7.5509e-06 5.21954e-05 -2.65554e-05 7.5509e-06 0.00901977 -0.0166575 4.91605e-06 5.21954e-05 -0.0166575 0.0824939 
0.00969633 -0.0177401 -2.82935e-05 9.9777e-06 -0.0177401 0.0875665 1.19805e-05 5.91632e-05 -2.82935e-05 1.19805e-05 0.00963569 -0.01779 9.9777e-06 5.91632e-05 -0.01779 0.0881436 
0.00969293 -0.01771 -1.77606e-05 8.95869e-06 -0.01771 0.0874406 1.03067e-05 6.11158e-05 -1.77606e-05 1.03067e-05 0.00960901 -0.0177571 8.95869e-06 6.11158e-05 -0.0177571 0.0879874 
0.00968152 -0.0176923 3.3778e-06 -7.16149e-06 -0.0176923 0.0873051 -5.1453e-06 8.9837e-05 3.3778e-06 -5.1453e-06 0.00958932 -0.0177115 -7.16149e-06 8.9837e-05 -0.0177115 0.0878022 
0.00967347 -0.0176618 1.21949e-05 -3.36007e-05 -0.0176618 0.0871337 -3.32869e-05 0.000148406 1.21949e-05 -3.32869e-05 0.00956328 -0.0176653 -3.36007e-05 0.000148406 -0.0176653 0.0875729 
0.00966165 -0.0176767 7.39075e-06 -4.75065e-05 -0.0176767 0.0871551 -5.01284e-05 0.000205856 7.39075e-06 -5.01284e-05 0.00957561 -0.0176565 -4.75065e-05 0.000205856 -0.0176565 0.0875344 
0.00965667 -0.017673 -2.88116e-06 -4.02364e-05 -0.017673 0.087186 -4.52682e-05 0.000218187 -2.88116e-06 -4.52682e-05 0.00959773 -0.0176775 -4.02364e-05 0.000218187 -0.0176775 0.0875689 
0.00971371 -0.017725 -3.90336e-05 -2.71655e-05 -0.017725 0.0874651 -3.02723e-05 0.000196105 -3.90336e-05 -3.02723e-05 0.00961949 -0.0177619 -2.71655e-05 0.000196105 -0.0177619 0.0879098 
0.00910283 -0.0166447 -4.9751e-05 1.4326e-05 -0.0166447 0.0820277 1.39447e-05 0.000111903 -4.9751e-05 1.39447e-05 0.00901224 -0.0166359 1.4326e-05 0.000111903 -0.0166359 0.0823989 
0.00912804 -0.0167139 -5.26299e-05 3.31598e-05 -0.0167139 0.082394 3.4036e-05 4.26623e-05 -5.26299e-05 3.4036e-05 0.00905704 -0.016696 3.31598e-05 4.26623e-05 -0.016696 0.0827102 
0.00914964 -0.0167841 -5.55987e-05 3.71857e-05 -0.0167841 0.0828065 3.61781e-05 1.47883e-05 -5.55987e-05 3.61781e-05 0.00912556 -0.0167948 3.71857e-05 1.47883e-05 -0.0167948 0.0831536 
0.00914004 -0.0167232 -5.90459e-05 4.34708e-05 -0.0167232 0.0826214 3.44847e-05 5.28999e-06 -5.90459e-05 3.44847e-05 0.00911904 -0.0168038 4.34708e-05 5.28999e-06 -0.0168038 0.0831104 
0.00916286 -0.0167282 -5.15227e-05 4.57413e-05 -0.0167282 0.0826103 3.43042e-05 6.82187e-06 -5.15227e-05 3.43042e-05 0.00910845 -0.0168195 4.57413e-05 6.82187e-06 -0.0168195 0.0831934 
0.0091813 -0.0167735 -2.74847e-05 3.17304e-05 -0.0167735 0.0827343 2.39686e-05 3.08108e-05 -2.74847e-05 2.39686e-05 0.0091156 -0.0168158 3.17304e-05 3.08108e-05 -0.0168158 0.0832619 
0.00917857 -0.0167754 -1.85344e-05 -2.03215e-06 -0.0167754 0.0827274 -2.28002e-06 8.99809e-05 -1.85344e-05 -2.28002e-06 0.00911905 -0.0168018 -2.03215e-06 8.99809e-05 -0.0168018 0.0831918 
0.009169 -0.0167602 -1.19612e-05 -1.788e-05 -0.0167602 0.0826555 -1.3442e-05 0.000142658 -1.19612e-05 -1.3442e-05 0.00912422 -0.0167939 -1.788e-05 0.000142658 -0.0167939 0.0831101 
0.00921231 -0.0168072 -1.62274e-05 -2.62189e-05 -0.0168072 0.0828909 -1.67178e-05 0.000168386 -1.62274e-05 -1.67178e-05 0.00913087 -0.0168617 -2.62189e-05 0.000168386 -0.0168617 0.0833841 
0.00921887 -0.0168484 -2.39046e-05 -2.28671e-05 -0.0168484 0.0830275 -9.23018e-06 0.000166886 -2.39046e-05 -9.23018e-06 0.00915251 -0.0168664 -2.28671e-05 0.000166886 -0.0168664 0.0834965 
0.00922059 -0.0168785 -1.89841e-05 -1.34426e-05 -0.0168785 0.0832198 -3.84612e-08 0.000149071 -1.89841e-05 -3.84612e-08 0.00918296 -0.0169194 -1.34426e-05 0.000149071 -0.0169194 0.0837114 
0.00918086 -0.0168213 -5.60729e-06 -1.53565e-05 -0.0168213 0.0830258 -4.6295e-06 0.00014111 -5.60729e-06 -4.6295e-06 0.00918541 -0.0169065 -1.53565e-05 0.00014111 -0.0169065 0.0836197 
0.00914952 -0.0167432 -3.48216e-06 -3.06691e-05 -0.0167432 0.0827255 -2.4618e-05 0.000167355 -3.48216e-06 -2.4618e-05 0.00916238 -0.0168863 -3.06691e-05 0.000167355 -0.0168863 0.0834657 
0.00915136 -0.0166897 -1.26065e-05 -3.16698e-05 -0.0166897 0.0824547 -3.30402e-05 0.00019054 -1.26065e-05 -3.30402e-05 0.00911127 -0.0168415 -3.16698e-05 0.00019054 -0.0168415 0.0832716 
0.00914868 -0.0166687 -1.95493e-05 -1.27796e-05 -0.0166687 0.0822292 -2.34622e-05 0.000172336 -1.95493e-05 -2.34622e-05 0.00905998 -0.0167569 -1.27796e-05 0.000172336 -0.0167569 0.082974 
0.00918686 -0.0167662 -1.47157e-05 -1.00888e-06 -0.0167662 0.0826055 -1.55509e-05 0.000144806 -1.47157e-05 -1.55509e-05 0.00907587 -0.0167782 -1.00888e-06 0.000144806 -0.0167782 0.0831668 
0.00918319 -0.0167781 -1.95989e-06 -6.65744e-06 -0.0167781 0.0826641 -1.79102e-05 0.000137397 -1.95989e-06 -1.79102e-05 0.00907582 -0.0167492 -6.65744e-06 0.000137397 -0.0167492 0.0830604 
0.00918438 -0.0167833 2.48557e-08 -2.58612e-05 -0.0167833 0.0827188 -2.8212e-05 0.000158956 2.48557e-08 -2.8212e-05 0.00907633 -0.0167502 -2.58612e-05 0.000158956 -0.0167502 0.0830346 
0.00914961 -0.0167408 -1.6854e-05 -3.23689e-05 -0.0167408 0.0825244 -2.83497e-05 0.000175725 -1.6854e-05 -2.83497e-05 0.00907073 -0.0167065 -3.23689e-05 0.000175725 -0.0167065 0.0828099 
0.00913202 -0.0167235 -1.8516e-05 -1.39318e-05 -0.0167235 0.0824958 -5.84985e-06 0.000150219 -1.8516e-05 -5.84985e-06 0.00909045 -0.0167282 -1.39318e-05 0.000150219 -0.0167282 0.0828317 
0.00910939 -0.0166885 -2.91229e-05 -1.02629e-05 -0.0166885 0.0823893 6.59243e-07 0.00012379 -2.91229e-05 6.59243e-07 0.00910443 -0.0167498 -1.02629e-05 0.00012379 -0.0167498 0.0828552 
0.00908526 -0.0166353 -2.29186e-05 3.47482e-06 -0.0166353 0.0821792 1.40822e-05 9.26718e-05 -2.29186e-05 1.40822e-05 0.00909728 -0.0167493 3.47482e-06 9.26718e-05 -0.0167493 0.0827944 
0.00908383 -0.0166025 -9.88022e-06 -1.43447e-06 -0.0166025 0.0820298 3.65283e-06 9.0077e-05 -9.88022e-06 3.65283e-06 0.00907285 -0.0167436 -1.43447e-06 9.0077e-05 -0.0167436 0.0827559 
0.00971133 -0.0177376 1.03908e-05 -1.66595e-05 -0.0177376 0.0875748 -1.74186e-05 0.000129019 1.03908e-05 -1.74186e-05 0.00967486 -0.0178588 -1.66595e-05 0.000129019 -0.0178588 0.0883509 
0.00908276 -0.0165937 1.55552e-05 -3.92972e-05 -0.0165937 0.0818652 -4.29508e-05 0.000174879 1.55552e-05 -4.29508e-05 0.0090234 -0.0166654 -3.92972e-05 0.000174879 -0.0166654 0.0825004 
0.00970839 -0.0177823 8.41345e-06 -4.90067e-05 -0.0177823 0.087703 -5.21404e-05 0.000220862 8.41345e-06 -5.21404e-05 0.00966208 -0.0178193 -4.90067e-05 0.000220862 -0.0178193 0.0882688 
0.00967568 -0.0176913 1.19385e-05 -3.73944e-05 -0.0176913 0.0873378 -4.1263e-05 0.000211343 1.19385e-05 -4.1263e-05 0.00961064 -0.0177434 -3.73944e-05 0.000211343 -0.0177434 0.0878686 
0.0096339 -0.0176174 7.59609e-06 -4.07693e-05 -0.0176174 0.086946 -4.68067e-05 0.000209789 7.59609e-06 -4.68067e-05 0.00957582 -0.0176548 -4.07693e-05 0.000209789 -0.0176548 0.0874592 
0.00961329 -0.0176101 9.32471e-06 -3.71615e-05 -0.0176101 0.0868988 -4.14601e-05 0.000207167 9.32471e-06 -4.14601e-05 0.00957824 -0.0176507 -3.71615e-05 0.000207167 -0.0176507 0.0873968 
0.00961574 -0.0176179 7.00563e-06 -4.15772e-05 -0.0176179 0.0869905 -3.99801e-05 0.000206672 7.00563e-06 -3.99801e-05 0.009589 -0.0176794 -4.15772e-05 0.000206672 -0.0176794 0.0875072 
0.00964774 -0.0176657 -2.50868e-06 -4.02138e-05 -0.0176657 0.0872571 -3.09019e-05 0.00019577 -2.50868e-06 -3.09019e-05 0.0096015 -0.0177382 -4.02138e-05 0.00019577 -0.0177382 0.087802 
0.00965779 -0.0176726 -1.5222e-05 -3.08398e-05 -0.0176726 0.087285 -1.87129e-05 0.000174735 -1.5222e-05 -1.87129e-05 0.00958699 -0.0177209 -3.08398e-05 0.000174735 -0.0177209 0.0878018 
0.00967029 -0.0177188 -3.86913e-05 -1.12349e-05 -0.0177188 0.0874879 -4.13604e-06 0.000135572 -3.86913e-05 -4.13604e-06 0.00961431 -0.017734 -1.12349e-05 0.000135572 -0.017734 0.0879321 
0.00968519 -0.0177523 -5.09882e-05 1.80339e-05 -0.0177523 0.0876893 2.07608e-05 7.89223e-05 -5.09882e-05 2.07608e-05 0.00965299 -0.0177754 1.80339e-05 7.89223e-05 -0.0177754 0.0880957 
0.00904925 -0.0165734 -4.02596e-05 3.53354e-05 -0.0165734 0.0818977 3.10633e-05 2.56076e-05 -4.02596e-05 3.10633e-05 0.00903331 -0.016629 3.53354e-05 2.56076e-05 -0.016629 0.0823317 
0.00906675 -0.0165883 -4.33434e-05 3.42092e-05 -0.0165883 0.0819651 2.19264e-05 1.06332e-05 -4.33434e-05 2.19264e-05 0.00905015 -0.0166727 3.42092e-05 1.06332e-05 -0.0166727 0.082487 
0.00912163 -0.016676 -2.82097e-05 3.33087e-05 -0.016676 0.0823649 2.05514e-05 1.80861e-05 -2.82097e-05 2.05514e-05 0.00907905 -0.0167697 3.33087e-05 1.80861e-05 -0.0167697 0.0829534 
0.0091411 -0.0166884 -2.37045e-05 6.93137e-06 -0.0166884 0.0823891 1.56071e-06 6.05275e-05 -2.37045e-05 1.56071e-06 0.00906244 -0.0167565 6.93137e-06 6.05275e-05 -0.0167565 0.0829696 
0.00914374 -0.0166751 -1.33267e-05 -3.48697e-06 -0.0166751 0.0822635 -2.86372e-06 9.63928e-05 -1.33267e-05 -2.86372e-06 0.00903872 -0.0167058 -3.48697e-06 9.63928e-05 -0.0167058 0.0827873 
0.00914744 -0.0166859 -8.88605e-06 -1.71249e-05 -0.0166859 0.082246 -1.26303e-05 0.000126226 -8.88605e-06 -1.26303e-05 0.0090264 -0.0166827 -1.71249e-05 0.000126226 -0.0166827 0.0826926 
0.00915471 -0.0167199 -2.60459e-06 -2.35564e-05 -0.0167199 0.0823793 -1.48799e-05 0.000143599 -2.60459e-06 -1.48799e-05 0.0090382 -0.0166899 -2.35564e-05 0.000143599 -0.0166899 0.0827472 
0.00915729 -0.0167169 9.33732e-06 -3.31878e-05 -0.0167169 0.0823886 -2.00721e-05 0.000159605 9.33732e-06 -2.00721e-05 0.00903128 -0.0166897 -3.31878e-05 0.000159605 -0.0166897 0.0827285 
0.0091645 -0.0167457 2.48635e-05 -4.82744e-05 -0.0167457 0.0825149 -3.46165e-05 0.000189075 2.48635e-05 -3.46165e-05 0.00903832 -0.0167007 -4.82744e-05 0.000189075 -0.0167007 0.0828136 
0.00916367 -0.0167613 3.05556e-05 -6.39316e-05 -0.0167613 0.0826196 -5.37892e-05 0.000226488 3.05556e-05 -5.37892e-05 0.00906626 -0.0167133 -6.39316e-05 0.000226488 -0.0167133 0.0828872 
0.00912462 -0.0166774 2.30821e-05 -6.86519e-05 -0.0166774 0.0822658 -6.53405e-05 0.000256109 2.30821e-05 -6.53405e-05 0.00905799 -0.0166735 -6.86519e-05 0.000256109 -0.0166735 0.0826016 
0.00913552 -0.0166898 2.95114e-06 -5.50399e-05 -0.0166898 0.0823272 -5.78092e-05 0.000247794 2.95114e-06 -5.78092e-05 0.00907882 -0.0167284 -5.50399e-05 0.000247794 -0.0167284 0.0827747 
0.00913467 -0.0167082 -1.25805e-05 -2.70899e-05 -0.0167082 0.0824031 -3.24985e-05 0.000198122 -1.25805e-05 -3.24985e-05 0.00910725 -0.0167647 -2.70899e-05 0.000198122 -0.0167647 0.0829345 
0.00913868 -0.016734 -1.37006e-05 -9.29692e-06 -0.016734 0.0825697 -1.41731e-05 0.000147317 -1.37006e-05 -1.41731e-05 0.00914534 -0.0168285 -9.29692e-06 0.000147317 -0.0168285 0.0831924 
0.00916184 -0.0167877 -3.05294e-05 -5.65172e-06 -0.0167877 0.0828951 -9.65815e-06 0.000117632 -3.05294e-05 -9.65815e-06 0.00919819 -0.0169266 -5.65172e-06 0.000117632 -0.0169266 0.0836312 
0.00918811 -0.0168297 -5.78569e-05 1.6388e-05 -0.0168297 0.0831671 1.44013e-05 7.04871e-05 -5.78569e-05 1.44013e-05 0.00923901 -0.017013 1.6388e-05 7.04871e-05 -0.017013 0.0840318 
0.00918938 -0.0167971 -6.78807e-05 5.07734e-05 -0.0167971 0.083028 4.97125e-05 -7.98723e-06 -6.78807e-05 4.97125e-05 0.00921721 -0.0169966 5.07734e-05 -7.98723e-06 -0.0169966 0.0839684 
0.00916768 -0.0167233 -5.24649e-05 6.14731e-05 -0.0167233 0.0826083 6.30072e-05 -6.2484e-05 -5.24649e-05 6.30072e-05 0.00916811 -0.0169 6.14731e-05 -6.2484e-05 -0.0169 0.0835479 
0.00917675 -0.0167035 -2.15545e-05 4.07346e-05 -0.0167035 0.0824144 4.61776e-05 -5.18869e-05 -2.15545e-05 4.61776e-05 0.00912242 -0.0168485 4.07346e-05 -5.18869e-05 -0.0168485 0.0833006 
0.00918134 -0.0167588 -1.05851e-05 2.83398e-07 -0.0167588 0.0825453 8.47032e-06 2.01654e-05 -1.05851e-05 8.47032e-06 0.00912666 -0.0168275 2.83398e-07 2.01654e-05 -0.0168275 0.0832815 
0.00920666 -0.0168013 -1.3671e-05 -1.57478e-05 -0.0168013 0.0827862 -5.87992e-06 8.07582e-05 -1.3671e-05 -5.87992e-06 0.0091398 -0.0168647 -1.57478e-05 8.07582e-05 -0.0168647 0.0834381 
0.00920929 -0.0167802 -1.57028e-05 -1.11546e-05 -0.0167802 0.0826814 -3.81361e-06 9.62903e-05 -1.57028e-05 -3.81361e-06 0.00912496 -0.0168332 -1.11546e-05 9.62903e-05 -0.0168332 0.0832988 
0.00921237 -0.0167659 -8.49054e-06 -7.3871e-06 -0.0167659 0.0825537 -4.84456e-06 9.68587e-05 -8.49054e-06 -4.84456e-06 0.00911317 -0.0168031 -7.3871e-06 9.68587e-05 -0.0168031 0.0831415 
