0.00659189 0 -8.01657e-05 0 0 0.00930348 0 0 -8.01657e-05 0 0.00656361 0 0 0 0 0.00930348 
0.00968584 -0.0120236 -8.7062e-05 0.000103686 -0.0120236 0.0318985 0.000103686 -0.000198766 -8.7062e-05 0.000103686 0.00963067 -0.0119537 0.000103686 -0.000198766 -0.0119537 0.0317648 
0.00920101 -0.01717 -1.86547e-05 2.1583e-05 -0.01717 0.0632595 2.1583e-05 -3.86159e-05 -1.86547e-05 2.1583e-05 0.0091207 -0.017022 2.1583e-05 -3.86159e-05 -0.017022 0.0627721 
0.00865265 -0.0168024 1.00875e-05 -0.000144048 -0.0168024 0.0753842 -0.000142449 0.000719461 1.00875e-05 -0.000142449 0.00861312 -0.0166107 -0.000144048 0.000719461 -0.0166107 0.0745848 
0.00910429 -0.0171105 -9.7454e-06 -0.000175214 -0.0171105 0.0827433 -0.000168868 0.00113517 -9.7454e-06 -0.000168868 0.00909332 -0.0169769 -0.000175214 0.00113517 -0.0169769 0.0819192 
0.00887039 -0.016367 -4.51501e-05 -0.000100869 -0.016367 0.0805839 -9.57286e-05 0.000916148 -4.51501e-05 -9.57286e-05 0.00888737 -0.0163061 -0.000100869 0.000916148 -0.0163061 0.0800384 
0.00937296 -0.0171784 -5.76776e-05 -3.28722e-05 -0.0171784 0.0848016 -2.91977e-05 0.000633549 -5.76776e-05 -2.91977e-05 0.00937749 -0.0171653 -3.28722e-05 0.000633549 -0.0171653 0.0844787 
0.00915262 -0.016752 -4.54261e-05 -1.17e-05 -0.016752 0.0826693 -1.09453e-05 0.000418036 -4.54261e-05 -1.09453e-05 0.00913789 -0.0167266 -1.17e-05 0.000418036 -0.0167266 0.0824494 
0.00970464 -0.0177302 -5.08545e-05 -3.07655e-05 -0.0177302 0.087455 -3.45301e-05 0.000400234 -5.08545e-05 -3.45301e-05 0.00964362 -0.0176729 -3.07655e-05 0.000400234 -0.0176729 0.0871999 
0.00960331 -0.017543 -4.08597e-05 -3.22247e-05 -0.017543 0.0864208 -4.16236e-05 0.000407342 -4.08597e-05 -4.16236e-05 0.00952388 -0.0174208 -3.22247e-05 0.000407342 -0.0174208 0.0860396 
0.00954904 -0.0174203 -3.98465e-05 -4.57247e-05 -0.0174203 0.0857311 -5.97375e-05 0.000442721 -3.98465e-05 -5.97375e-05 0.00942994 -0.0172609 -4.57247e-05 0.000442721 -0.0172609 0.0852137 
0.00950775 -0.0174022 -4.60805e-05 -4.77186e-05 -0.0174022 0.0855216 -6.0613e-05 0.000465351 -4.60805e-05 -6.0613e-05 0.00940943 -0.0171832 -4.77186e-05 0.000465351 -0.0171832 0.0848405 
0.00946011 -0.017356 -3.42809e-05 -3.85713e-05 -0.017356 0.0853531 -4.97885e-05 0.000454311 -3.42809e-05 -4.97885e-05 0.00940325 -0.0171592 -3.85713e-05 0.000454311 -0.0171592 0.0846259 
0.00939108 -0.0172841 -2.74877e-05 -5.05554e-05 -0.0172841 0.0851054 -5.84474e-05 0.000457395 -2.74877e-05 -5.84474e-05 0.00940347 -0.0171401 -5.05554e-05 0.000457395 -0.0171401 0.0844558 
0.0093487 -0.0171999 -3.19456e-05 -6.13303e-05 -0.0171999 0.0848627 -6.30883e-05 0.000472552 -3.19456e-05 -6.30883e-05 0.00939936 -0.0171478 -6.13303e-05 0.000472552 -0.0171478 0.0843996 
0.00936134 -0.0171773 -3.69956e-05 -5.70945e-05 -0.0171773 0.0848295 -5.2488e-05 0.000463864 -3.69956e-05 -5.2488e-05 0.0093927 -0.0171871 -5.70945e-05 0.000463864 -0.0171871 0.0845657 
0.00933271 -0.0171311 -4.63953e-05 -4.7837e-05 -0.0171311 0.0845484 -4.21809e-05 0.000435906 -4.63953e-05 -4.21809e-05 0.0093692 -0.0171244 -4.7837e-05 0.000435906 -0.0171244 0.0843494 
0.00933478 -0.0171275 -3.8084e-05 -3.00781e-05 -0.0171275 0.0845278 -2.87956e-05 0.000393251 -3.8084e-05 -2.87956e-05 0.00934868 -0.0171227 -3.00781e-05 0.000393251 -0.0171227 0.0843372 
0.00933133 -0.0171328 -2.21278e-05 -3.81961e-05 -0.0171328 0.0845359 -3.94658e-05 0.000387088 -2.21278e-05 -3.94658e-05 0.00934405 -0.0171025 -3.81961e-05 0.000387088 -0.0171025 0.0843147 
0.00934458 -0.0171667 -1.5996e-05 -6.25048e-05 -0.0171667 0.0847248 -6.35229e-05 0.000431639 -1.5996e-05 -6.35229e-05 0.00936644 -0.017136 -6.25048e-05 0.000431639 -0.017136 0.0844854 
0.00933128 -0.0171365 -9.26094e-06 -7.42261e-05 -0.0171365 0.0846114 -7.5836e-05 0.000476926 -9.26094e-06 -7.5836e-05 0.00935863 -0.0171209 -7.42261e-05 0.000476926 -0.0171209 0.0843994 
0.00932673 -0.0170986 2.1307e-06 -8.4075e-05 -0.0170986 0.0844351 -8.34611e-05 0.000507892 2.1307e-06 -8.34611e-05 0.00933913 -0.0170966 -8.4075e-05 0.000507892 -0.0170966 0.0842693 
0.00933986 -0.0171262 -5.33088e-06 -0.000101217 -0.0171262 0.08451 -9.762e-05 0.000547731 -5.33088e-06 -9.762e-05 0.00934849 -0.0171065 -0.000101217 0.000547731 -0.0171065 0.0843391 
0.00935481 -0.0171627 -3.1171e-05 -9.17189e-05 -0.0171627 0.0846664 -8.70475e-05 0.000549742 -3.1171e-05 -8.70475e-05 0.00936594 -0.0171356 -9.17189e-05 0.000549742 -0.0171356 0.0844756 
0.00934003 -0.0171494 -3.79163e-05 -5.56561e-05 -0.0171494 0.084598 -5.22151e-05 0.000484738 -3.79163e-05 -5.22151e-05 0.00936851 -0.017116 -5.56561e-05 0.000484738 -0.017116 0.0843788 
0.00934848 -0.0171588 -3.10222e-05 -4.15249e-05 -0.0171588 0.0846694 -4.07855e-05 0.00042707 -3.10222e-05 -4.07855e-05 0.00938106 -0.0171438 -4.15249e-05 0.00042707 -0.0171438 0.0844612 
0.00938982 -0.0172175 -2.42629e-05 -5.18625e-05 -0.0172175 0.0849582 -5.11572e-05 0.000426914 -2.42629e-05 -5.11572e-05 0.00939931 -0.0172109 -5.18625e-05 0.000426914 -0.0172109 0.0847753 
0.0094151 -0.0172805 -1.75352e-05 -6.21914e-05 -0.0172805 0.0852351 -5.82675e-05 0.000445231 -1.75352e-05 -5.82675e-05 0.00942567 -0.01725 -6.21914e-05 0.000445231 -0.01725 0.0850317 
0.00941923 -0.0172883 -1.83056e-05 -7.29637e-05 -0.0172883 0.0852973 -6.71936e-05 0.000470603 -1.83056e-05 -6.71936e-05 0.00944282 -0.0172564 -7.29637e-05 0.000470603 -0.0172564 0.0850753 
0.00944781 -0.0173171 -3.29444e-05 -7.49201e-05 -0.0173171 0.0854593 -6.72838e-05 0.000485463 -3.29444e-05 -6.72838e-05 0.00945098 -0.0173104 -7.49201e-05 0.000485463 -0.0173104 0.085286 
0.00944712 -0.0173595 -3.73443e-05 -6.19346e-05 -0.0173595 0.0856322 -4.8689e-05 0.000470305 -3.73443e-05 -4.8689e-05 0.00948137 -0.0173349 -6.19346e-05 0.000470305 -0.0173349 0.0854674 
0.00943267 -0.0172813 -2.73188e-05 -5.88302e-05 -0.0172813 0.0853372 -4.26107e-05 0.000454261 -2.73188e-05 -4.26107e-05 0.0094439 -0.017297 -5.88302e-05 0.000454261 -0.017297 0.085236 
0.009424 -0.0172438 -2.29979e-05 -7.10039e-05 -0.0172438 0.0850819 -5.62209e-05 0.00047014 -2.29979e-05 -5.62209e-05 0.0094081 -0.0172393 -7.10039e-05 0.00047014 -0.0172393 0.0849995 
0.00943848 -0.0172631 -2.74639e-05 -7.71838e-05 -0.0172631 0.0851084 -6.48491e-05 0.000495646 -2.74639e-05 -6.48491e-05 0.00939404 -0.0172338 -7.71838e-05 0.000495646 -0.0172338 0.0849996 
0.00942144 -0.0172713 -4.08142e-05 -6.59874e-05 -0.0172713 0.085099 -5.909e-05 0.000490098 -4.08142e-05 -5.909e-05 0.00938954 -0.0172075 -6.59874e-05 0.000490098 -0.0172075 0.0849284 
0.00939466 -0.0172597 -4.14769e-05 -4.41374e-05 -0.0172597 0.0851005 -4.10528e-05 0.000450172 -4.14769e-05 -4.10528e-05 0.0094069 -0.0172057 -4.41374e-05 0.000450172 -0.0172057 0.0849122 
0.00936517 -0.0171865 -3.36913e-05 -3.84111e-05 -0.0171865 0.0848466 -3.74849e-05 0.000415589 -3.36913e-05 -3.74849e-05 0.00939297 -0.0171848 -3.84111e-05 0.000415589 -0.0171848 0.084738 
0.00933257 -0.0171006 -2.51808e-05 -4.44635e-05 -0.0171006 0.0844362 -4.55482e-05 0.000409476 -2.51808e-05 -4.55482e-05 0.00935918 -0.0171267 -4.44635e-05 0.000409476 -0.0171267 0.0844246 
0.00931326 -0.017061 -1.56262e-05 -5.59517e-05 -0.017061 0.0841996 -5.73171e-05 0.000428524 -1.56262e-05 -5.73171e-05 0.00933295 -0.0170924 -5.59517e-05 0.000428524 -0.0170924 0.0842397 
0.00933764 -0.01708 -5.0493e-06 -7.03697e-05 -0.01708 0.0842614 -6.87117e-05 0.000459293 -5.0493e-06 -6.87117e-05 0.00931872 -0.0171007 -7.03697e-05 0.000459293 -0.0171007 0.0843012 
0.009365 -0.0171709 4.19493e-06 -8.81454e-05 -0.0171709 0.0846275 -8.34559e-05 0.000501834 4.19493e-06 -8.34559e-05 0.00935501 -0.017139 -8.81454e-05 0.000501834 -0.017139 0.0845804 
0.00939045 -0.0172253 -1.33611e-06 -0.000101904 -0.0172253 0.084946 -9.42323e-05 0.000539412 -1.33611e-06 -9.42323e-05 0.00939633 -0.017197 -0.000101904 0.000539412 -0.017197 0.0848482 
0.00942916 -0.017255 1.654e-06 -9.84683e-05 -0.017255 0.0851338 -8.75168e-05 0.000549677 1.654e-06 -8.75168e-05 0.00941254 -0.0172538 -9.84683e-05 0.000549677 -0.0172538 0.0850784 
0.00944198 -0.0172534 7.30679e-06 -9.86576e-05 -0.0172534 0.0850563 -8.98549e-05 0.00055023 7.30679e-06 -8.98549e-05 0.00939036 -0.0172289 -9.86576e-05 0.00055023 -0.0172289 0.0849953 
0.00943204 -0.0172932 2.51881e-06 -0.000100737 -0.0172932 0.0851691 -9.97786e-05 0.000559362 2.51881e-06 -9.97786e-05 0.00940879 -0.0172261 -0.000100737 0.000559362 -0.0172261 0.0850328 
0.0094243 -0.0173014 -1.94705e-05 -9.23927e-05 -0.0173014 0.085297 -9.91601e-05 0.000559111 -1.94705e-05 -9.91601e-05 0.00943929 -0.0172668 -9.23927e-05 0.000559111 -0.0172668 0.0851727 
0.00939974 -0.0172485 -4.51015e-05 -6.37872e-05 -0.0172485 0.0851266 -7.50895e-05 0.000516942 -4.51015e-05 -7.50895e-05 0.00944526 -0.0172653 -6.37872e-05 0.000516942 -0.0172653 0.0851062 
0.00939233 -0.0172063 -5.95238e-05 -3.05815e-05 -0.0172063 0.0849397 -4.4911e-05 0.000446776 -5.95238e-05 -4.4911e-05 0.00942344 -0.017256 -3.05815e-05 0.000446776 -0.017256 0.085011 
0.00940408 -0.0172075 -7.18081e-05 -1.04393e-05 -0.0172075 0.0848896 -2.44108e-05 0.000382291 -7.18081e-05 -2.44108e-05 0.00939395 -0.0172349 -1.04393e-05 0.000382291 -0.0172349 0.0849534 
0.00940078 -0.0171763 -6.57403e-05 2.97235e-06 -0.0171763 0.0846673 -7.47303e-06 0.00033434 -6.57403e-05 -7.47303e-06 0.00934498 -0.0171508 2.97235e-06 0.00033434 -0.0171508 0.0846302 
0.00940473 -0.0171972 -6.04216e-05 -6.85332e-06 -0.0171972 0.0846689 -1.22245e-05 0.000327312 -6.04216e-05 -1.22245e-05 0.00932331 -0.0171029 -6.85332e-06 0.000327312 -0.0171029 0.0844559 
0.00939674 -0.0172074 -6.51085e-05 -1.48658e-05 -0.0172074 0.0846969 -1.6767e-05 0.000338593 -6.51085e-05 -1.6767e-05 0.00933841 -0.0170815 -1.48658e-05 0.000338593 -0.0170815 0.0843604 
0.00939974 -0.0172184 -6.69336e-05 -1.43566e-05 -0.0172184 0.0847835 -1.21801e-05 0.000343213 -6.69336e-05 -1.21801e-05 0.00935577 -0.017116 -1.43566e-05 0.000343213 -0.017116 0.0844302 
0.00940747 -0.0172802 -4.50842e-05 -1.39575e-05 -0.0172802 0.0851095 -7.07121e-06 0.000339613 -4.50842e-05 -7.07121e-06 0.00940384 -0.0171977 -1.39575e-05 0.000339613 -0.0171977 0.0847933 
0.00941575 -0.0172912 -3.21616e-05 -4.15646e-05 -0.0172912 0.0852866 -3.11115e-05 0.000374563 -3.21616e-05 -3.11115e-05 0.00943311 -0.0172632 -4.15646e-05 0.000374563 -0.0172632 0.0850759 
0.00940388 -0.0172745 -8.97639e-06 -6.04599e-05 -0.0172745 0.0852654 -4.9902e-05 0.000426356 -8.97639e-06 -4.9902e-05 0.009452 -0.0172835 -6.04599e-05 0.000426356 -0.0172835 0.0851778 
0.00940711 -0.0172494 4.20128e-06 -8.83703e-05 -0.0172494 0.0851998 -8.09295e-05 0.000493702 4.20128e-06 -8.09295e-05 0.00944705 -0.0173041 -8.83703e-05 0.000493702 -0.0173041 0.0852406 
0.00941198 -0.0172392 3.58383e-06 -0.000103242 -0.0172392 0.0851231 -9.89101e-05 0.000549436 3.58383e-06 -9.89101e-05 0.00942854 -0.0172935 -0.000103242 0.000549436 -0.0172935 0.0852322 
0.00942309 -0.0171961 -1.46935e-05 -9.97137e-05 -0.0171961 0.0848648 -9.7118e-05 0.000563671 -1.46935e-05 -9.7118e-05 0.00938507 -0.0172236 -9.97137e-05 0.000563671 -0.0172236 0.0849572 
0.00940398 -0.0171647 -2.71357e-05 -7.58775e-05 -0.0171647 0.0845498 -7.27237e-05 0.000525291 -2.71357e-05 -7.27237e-05 0.0093356 -0.0171268 -7.58775e-05 0.000525291 -0.0171268 0.0845323 
0.0094317 -0.0172351 -4.11497e-05 -6.09742e-05 -0.0172351 0.0848124 -5.57655e-05 0.000481157 -4.11497e-05 -5.57655e-05 0.00933795 -0.0171479 -6.09742e-05 0.000481157 -0.0171479 0.0846541 
0.00942762 -0.0172838 -4.3785e-05 -4.62094e-05 -0.0172838 0.0850342 -3.94469e-05 0.000442423 -4.3785e-05 -3.94469e-05 0.00935862 -0.0171516 -4.62094e-05 0.000442423 -0.0171516 0.0847349 
0.00937767 -0.0172416 -3.35154e-05 -3.96162e-05 -0.0172416 0.0849396 -3.55015e-05 0.000416903 -3.35154e-05 -3.55015e-05 0.00937237 -0.0171382 -3.96162e-05 0.000416903 -0.0171382 0.0846228 
0.00937252 -0.0171902 -3.2634e-05 -4.87251e-05 -0.0171902 0.0848523 -4.89067e-05 0.000423403 -3.2634e-05 -4.89067e-05 0.00936666 -0.0171722 -4.87251e-05 0.000423403 -0.0171722 0.0846822 
0.00934297 -0.0171026 -3.56237e-05 -4.63831e-05 -0.0171026 0.0844044 -5.03324e-05 0.000424586 -3.56237e-05 -5.03324e-05 0.00931528 -0.017088 -4.63831e-05 0.000424586 -0.017088 0.0843214 
0.00936091 -0.0171357 -3.33086e-05 -4.24415e-05 -0.0171357 0.0845027 -4.57133e-05 0.000417885 -3.33086e-05 -4.57133e-05 0.00930153 -0.017098 -4.24415e-05 0.000417885 -0.017098 0.0844083 
0.00935589 -0.0171365 -3.39338e-05 -4.05121e-05 -0.0171365 0.0844796 -4.17206e-05 0.000400054 -3.39338e-05 -4.17206e-05 0.0092877 -0.017058 -4.05121e-05 0.000400054 -0.017058 0.0843081 
0.00933923 -0.0171183 -3.35579e-05 -3.90404e-05 -0.0171183 0.0843907 -3.84297e-05 0.000385499 -3.35579e-05 -3.84297e-05 0.00927882 -0.0170183 -3.90404e-05 0.000385499 -0.0170183 0.0841362 
0.00930234 -0.0170383 -3.5554e-05 -3.79761e-05 -0.0170383 0.084026 -3.64091e-05 0.000372649 -3.5554e-05 -3.64091e-05 0.00925573 -0.0169521 -3.79761e-05 0.000372649 -0.0169521 0.0837687 
0.00932332 -0.0170658 -2.52916e-05 -3.77921e-05 -0.0170658 0.0841527 -3.49768e-05 0.000370723 -2.52916e-05 -3.49768e-05 0.00926836 -0.0170079 -3.77921e-05 0.000370723 -0.0170079 0.0839601 
0.0092983 -0.0170495 -1.54421e-05 -5.26053e-05 -0.0170495 0.0840457 -4.92614e-05 0.000394422 -1.54421e-05 -4.92614e-05 0.00926123 -0.0169877 -5.26053e-05 0.000394422 -0.0169877 0.0838844 
0.00925954 -0.0169649 -1.94282e-05 -6.51366e-05 -0.0169649 0.0836902 -5.94921e-05 0.000421586 -1.94282e-05 -5.94921e-05 0.00922432 -0.0169312 -6.51366e-05 0.000421586 -0.0169312 0.0835885 
0.00925775 -0.01696 -2.26185e-05 -5.94408e-05 -0.01696 0.083674 -5.43102e-05 0.000424901 -2.26185e-05 -5.43102e-05 0.00922405 -0.016943 -5.94408e-05 0.000424901 -0.016943 0.0836504 
0.00921764 -0.0169285 -2.53109e-05 -5.27004e-05 -0.0169285 0.0835169 -4.87716e-05 0.000408631 -2.53109e-05 -4.87716e-05 0.00922547 -0.0169104 -5.27004e-05 0.000408631 -0.0169104 0.0835218 
0.00920071 -0.016903 -2.26453e-05 -4.80428e-05 -0.016903 0.0834773 -4.4055e-05 0.000392615 -2.26453e-05 -4.4055e-05 0.00923826 -0.0169274 -4.80428e-05 0.000392615 -0.0169274 0.0835471 
0.00920214 -0.0168722 -1.77575e-05 -5.04508e-05 -0.0168722 0.0833773 -4.70209e-05 0.000388609 -1.77575e-05 -4.70209e-05 0.00922172 -0.016933 -5.04508e-05 0.000388609 -0.016933 0.0835362 
0.00918737 -0.0168518 -2.18555e-05 -5.34025e-05 -0.0168518 0.0832284 -5.15294e-05 0.00039053 -2.18555e-05 -5.15294e-05 0.00919803 -0.0168906 -5.34025e-05 0.00039053 -0.0168906 0.0833904 
0.00920929 -0.01687 -2.21129e-05 -4.75944e-05 -0.01687 0.0833162 -4.79482e-05 0.000384486 -2.21129e-05 -4.79482e-05 0.00917616 -0.0168947 -4.75944e-05 0.000384486 -0.0168947 0.0834398 
0.00923434 -0.0169055 -3.46918e-05 -4.29758e-05 -0.0169055 0.0834354 -4.63476e-05 0.000372167 -3.46918e-05 -4.63476e-05 0.00915653 -0.0168697 -4.29758e-05 0.000372167 -0.0168697 0.0834407 
0.00923479 -0.0169451 -4.3741e-05 -2.82222e-05 -0.0169451 0.0835771 -3.33827e-05 0.000345727 -4.3741e-05 -3.33827e-05 0.00917313 -0.0168457 -2.82222e-05 0.000345727 -0.0168457 0.0834143 
0.00922997 -0.0169473 -4.41633e-05 -1.40915e-05 -0.0169473 0.0836455 -2.0021e-05 0.000307165 -4.41633e-05 -2.0021e-05 0.00918907 -0.0168586 -1.40915e-05 0.000307165 -0.0168586 0.0834129 
0.00922804 -0.0169558 -3.86244e-05 -1.45705e-05 -0.0169558 0.0837344 -1.91481e-05 0.000291297 -3.86244e-05 -1.91481e-05 0.00921362 -0.0168934 -1.45705e-05 0.000291297 -0.0168934 0.083527 
0.00920157 -0.0169082 -3.08928e-05 -2.14013e-05 -0.0169082 0.0835529 -2.47014e-05 0.00029646 -3.08928e-05 -2.47014e-05 0.0092161 -0.0168834 -2.14013e-05 0.00029646 -0.0168834 0.0834258 
0.00919051 -0.0169061 -3.06419e-05 -2.97786e-05 -0.0169061 0.0835721 -3.36121e-05 0.0003127 -3.06419e-05 -3.36121e-05 0.00924342 -0.0169191 -2.97786e-05 0.0003127 -0.0169191 0.0835422 
0.00917976 -0.016901 -2.78859e-05 -3.114e-05 -0.016901 0.0836083 -3.66537e-05 0.000325303 -2.78859e-05 -3.66537e-05 0.00927313 -0.0169659 -3.114e-05 0.000325303 -0.0169659 0.0837046 
0.00915996 -0.0168711 -3.09635e-05 -3.43972e-05 -0.0168711 0.0835225 -4.15194e-05 0.000335857 -3.09635e-05 -4.15194e-05 0.00928092 -0.0169836 -3.43972e-05 0.000335857 -0.0169836 0.0837421 
0.00916613 -0.0168217 -3.76924e-05 -2.92822e-05 -0.0168217 0.0833225 -3.80071e-05 0.000332077 -3.76924e-05 -3.80071e-05 0.00924978 -0.016965 -2.92822e-05 0.000332077 -0.016965 0.0836331 
0.00916143 -0.0167971 -4.81844e-05 -2.27957e-05 -0.0167971 0.0830894 -2.74794e-05 0.000316818 -4.81844e-05 -2.74794e-05 0.00921873 -0.0168951 -2.27957e-05 0.000316818 -0.0168951 0.0833626 
0.00914774 -0.0167553 -4.28019e-05 -8.78062e-06 -0.0167553 0.0827921 -1.06171e-05 0.00028145 -4.28019e-05 -1.06171e-05 0.00917757 -0.0168139 -8.78062e-06 0.00028145 -0.0168139 0.0829645 
0.00916466 -0.0167902 -4.75632e-05 -1.53694e-05 -0.0167902 0.0828736 -1.79743e-05 0.00027684 -4.75632e-05 -1.79743e-05 0.00916641 -0.0168122 -1.53694e-05 0.00027684 -0.0168122 0.0829414 
0.00918529 -0.0168349 -3.55925e-05 -1.43459e-05 -0.0168349 0.0830478 -1.73846e-05 0.000285991 -3.55925e-05 -1.73846e-05 0.00915986 -0.0168222 -1.43459e-05 0.000285991 -0.0168222 0.0830195 
0.00918403 -0.0168779 -2.37457e-05 -3.30449e-05 -0.0168779 0.0832378 -3.65555e-05 0.00032369 -2.37457e-05 -3.65555e-05 0.00917785 -0.0168242 -3.30449e-05 0.00032369 -0.0168242 0.083096 
0.00921021 -0.0169665 -2.75359e-05 -4.79752e-05 -0.0169665 0.083755 -5.33344e-05 0.000371042 -2.75359e-05 -5.33344e-05 0.00924894 -0.0169267 -4.79752e-05 0.000371042 -0.0169267 0.083572 
0.00922126 -0.01696 -1.89465e-05 -4.51764e-05 -0.01696 0.0838598 -5.36306e-05 0.000393206 -1.89465e-05 -5.36306e-05 0.00927111 -0.0169852 -4.51764e-05 0.000393206 -0.0169852 0.0837831 
0.00924067 -0.0169555 -1.17804e-05 -5.10238e-05 -0.0169555 0.0838523 -6.15448e-05 0.000404224 -1.17804e-05 -6.15448e-05 0.00926215 -0.0170033 -5.10238e-05 0.000404224 -0.0170033 0.0838757 
0.00925196 -0.0169491 -8.45611e-06 -6.21547e-05 -0.0169491 0.0837462 -7.13779e-05 0.000428077 -8.45611e-06 -7.13779e-05 0.00923891 -0.0169615 -6.21547e-05 0.000428077 -0.0169615 0.0837485 
0.00925304 -0.0169414 -8.75237e-06 -6.95281e-05 -0.0169414 0.0836087 -7.4325e-05 0.000447387 -8.75237e-06 -7.4325e-05 0.00921658 -0.0169005 -6.95281e-05 0.000447387 -0.0169005 0.0834936 
0.00926824 -0.016978 -1.28131e-05 -7.32048e-05 -0.016978 0.0837165 -7.27982e-05 0.000459176 -1.28131e-05 -7.27982e-05 0.00921321 -0.0169035 -7.32048e-05 0.000459176 -0.0169035 0.0834867 
0.00928664 -0.0170251 -2.8654e-05 -7.1863e-05 -0.0170251 0.0839231 -6.79065e-05 0.000461196 -2.8654e-05 -6.79065e-05 0.00922814 -0.0169255 -7.1863e-05 0.000461196 -0.0169255 0.0836078 
0.00925943 -0.0170075 -6.24379e-05 -5.02713e-05 -0.0170075 0.0838449 -4.65616e-05 0.000425506 -6.24379e-05 -4.65616e-05 0.00924965 -0.0169007 -5.02713e-05 0.000425506 -0.0169007 0.0834821 
0.00927462 -0.0170598 -6.28591e-05 -1.00544e-05 -0.0170598 0.0841716 -7.03361e-06 0.000349401 -6.28591e-05 -7.03361e-06 0.00930476 -0.0170094 -1.00544e-05 0.000349401 -0.0170094 0.0838746 
0.00931097 -0.0171234 -5.83013e-05 -7.81983e-06 -0.0171234 0.0845792 -4.85315e-06 0.000309624 -5.83013e-05 -4.85315e-06 0.00935984 -0.0171342 -7.81983e-06 0.000309624 -0.0171342 0.0844317 
0.00932253 -0.0171195 -5.32688e-05 -1.30108e-05 -0.0171195 0.0846045 -1.10172e-05 0.000309245 -5.32688e-05 -1.10172e-05 0.00936299 -0.0171564 -1.30108e-05 0.000309245 -0.0171564 0.0845658 
0.00930038 -0.017046 -4.06414e-05 -1.82802e-05 -0.017046 0.084226 -1.83179e-05 0.000320104 -4.06414e-05 -1.83179e-05 0.00932124 -0.0170805 -1.82802e-05 0.000320104 -0.0170805 0.0842327 
0.00926152 -0.0170098 -1.9241e-05 -3.4535e-05 -0.0170098 0.0839653 -3.39222e-05 0.000350926 -1.9241e-05 -3.39222e-05 0.00930677 -0.0170145 -3.4535e-05 0.000350926 -0.0170145 0.0839342 
0.00925507 -0.016961 1.653e-06 -6.41597e-05 -0.016961 0.0837662 -6.17196e-05 0.000412872 1.653e-06 -6.17196e-05 0.0092742 -0.0169945 -6.41597e-05 0.000412872 -0.0169945 0.0837559 
0.00926654 -0.0169867 4.90083e-06 -9.0671e-05 -0.0169867 0.0838187 -8.77741e-05 0.000482594 4.90083e-06 -8.77741e-05 0.0092665 -0.0169871 -9.0671e-05 0.000482594 -0.0169871 0.0837737 
0.00928124 -0.0170018 -4.95359e-06 -9.51012e-05 -0.0170018 0.0838651 -9.34013e-05 0.00051936 -4.95359e-06 -9.34013e-05 0.00925208 -0.0169727 -9.51012e-05 0.00051936 -0.0169727 0.083745 
0.00928961 -0.017058 -1.58789e-05 -8.01311e-05 -0.017058 0.0840992 -8.14047e-05 0.000508818 -1.58789e-05 -8.14047e-05 0.00927585 -0.0169925 -8.01311e-05 0.000508818 -0.0169925 0.0838906 
0.0092691 -0.0169961 -2.44109e-05 -6.06372e-05 -0.0169961 0.0838673 -6.38345e-05 0.00046416 -2.44109e-05 -6.38345e-05 0.009246 -0.0169521 -6.06372e-05 0.00046416 -0.0169521 0.0836589 
0.00927047 -0.0170014 -2.90988e-05 -5.45732e-05 -0.0170014 0.0838751 -5.53144e-05 0.000437532 -2.90988e-05 -5.53144e-05 0.00923299 -0.0169542 -5.45732e-05 0.000437532 -0.0169542 0.0836831 
0.00925929 -0.0169688 -3.05672e-05 -5.08348e-05 -0.0169688 0.083714 -4.8434e-05 0.000419322 -3.05672e-05 -4.8434e-05 0.00920973 -0.0169029 -5.08348e-05 0.000419322 -0.0169029 0.0834962 
0.00922264 -0.0169225 -2.31403e-05 -4.91643e-05 -0.0169225 0.0834558 -4.12305e-05 0.000402911 -2.31403e-05 -4.12305e-05 0.00920264 -0.016838 -4.91643e-05 0.000402911 -0.016838 0.0831912 
0.00922309 -0.0169111 -1.46187e-06 -5.90766e-05 -0.0169111 0.0834398 -4.92525e-05 0.000409712 -1.46187e-06 -4.92525e-05 0.00920973 -0.016872 -5.90766e-05 0.000409712 -0.016872 0.083239 
0.00924477 -0.0169861 8.48179e-07 -8.45424e-05 -0.0169861 0.0837993 -7.77211e-05 0.000458517 8.48179e-07 -7.77211e-05 0.00925553 -0.016962 -8.45424e-05 0.000458517 -0.016962 0.0836697 
0.00925389 -0.0169946 6.10963e-06 -9.10004e-05 -0.0169946 0.083922 -8.21158e-05 0.000494 6.10963e-06 -8.21158e-05 0.00926621 -0.0170042 -9.10004e-05 0.000494 -0.0170042 0.0838758 
0.00923855 -0.0169634 -1.90371e-06 -9.91526e-05 -0.0169634 0.0837943 -8.68196e-05 0.000513658 -1.90371e-06 -8.68196e-05 0.00926098 -0.0169798 -9.91526e-05 0.000513658 -0.0169798 0.0838041 
0.00925731 -0.0169907 -1.28017e-05 -8.6373e-05 -0.0169907 0.0839471 -7.53568e-05 0.000500962 -1.28017e-05 -7.53568e-05 0.00928525 -0.0170255 -8.6373e-05 0.000500962 -0.0170255 0.0840146 
0.00926352 -0.0170162 -1.8095e-05 -6.97174e-05 -0.0170162 0.0840678 -6.22272e-05 0.000467913 -1.8095e-05 -6.22272e-05 0.00930824 -0.0170568 -6.97174e-05 0.000467913 -0.0170568 0.0841713 
0.00927388 -0.0170325 -2.20375e-05 -5.69273e-05 -0.0170325 0.0841828 -5.21207e-05 0.000428497 -2.20375e-05 -5.21207e-05 0.00932661 -0.0170934 -5.69273e-05 0.000428497 -0.0170934 0.084331 
0.00925638 -0.0170078 -2.43109e-05 -4.94478e-05 -0.0170078 0.0840772 -4.40082e-05 0.00039568 -2.43109e-05 -4.40082e-05 0.00932505 -0.01708 -4.94478e-05 0.00039568 -0.01708 0.0842655 
0.00925417 -0.0169836 -2.1904e-05 -4.82238e-05 -0.0169836 0.0839854 -4.21512e-05 0.000382127 -2.1904e-05 -4.21512e-05 0.00932093 -0.0170768 -4.82238e-05 0.000382127 -0.0170768 0.0842252 
0.00924756 -0.0169609 -2.66978e-05 -5.15977e-05 -0.0169609 0.083844 -4.7861e-05 0.00038522 -2.66978e-05 -4.7861e-05 0.0092988 -0.0170544 -5.15977e-05 0.00038522 -0.0170544 0.0841118 
0.00925239 -0.0169477 -3.11444e-05 -4.80986e-05 -0.0169477 0.0837495 -4.73981e-05 0.000390587 -3.11444e-05 -4.73981e-05 0.00926886 -0.0170278 -4.80986e-05 0.000390587 -0.0170278 0.0840108 
0.00927231 -0.0169517 -3.07179e-05 -4.35702e-05 -0.0169517 0.0837021 -4.31859e-05 0.000386926 -3.07179e-05 -4.31859e-05 0.00922582 -0.016986 -4.35702e-05 0.000386926 -0.016986 0.0838839 
0.00927278 -0.0169732 -4.52495e-05 -4.35317e-05 -0.0169732 0.0836979 -4.18838e-05 0.000383159 -4.52495e-05 -4.18838e-05 0.00921026 -0.0169259 -4.35317e-05 0.000383159 -0.0169259 0.0837107 
0.00926902 -0.0169964 -3.30483e-05 -2.90919e-05 -0.0169964 0.0837934 -2.57937e-05 0.000362438 -3.30483e-05 -2.57937e-05 0.00921218 -0.0169158 -2.90919e-05 0.000362438 -0.0169158 0.0836607 
0.00924183 -0.0169598 -2.89004e-05 -3.95872e-05 -0.0169598 0.0836605 -3.84831e-05 0.000364708 -2.89004e-05 -3.84831e-05 0.00920931 -0.0168822 -3.95872e-05 0.000364708 -0.0168822 0.0834759 
0.00920224 -0.0168816 -4.1153e-05 -4.32611e-05 -0.0168816 0.083332 -4.45049e-05 0.000375255 -4.1153e-05 -4.45049e-05 0.00920208 -0.0168459 -4.32611e-05 0.000375255 -0.0168459 0.0832136 
0.00921008 -0.0168499 -5.08349e-05 -3.07615e-05 -0.0168499 0.0831898 -3.31888e-05 0.000363731 -5.08349e-05 -3.31888e-05 0.00919165 -0.0168607 -3.07615e-05 0.000363731 -0.0168607 0.0831875 
0.0092287 -0.0168869 -4.01813e-05 -1.85986e-05 -0.0168869 0.0832712 -2.08607e-05 0.000338648 -4.01813e-05 -2.08607e-05 0.00919048 -0.0168771 -1.85986e-05 0.000338648 -0.0168771 0.0832917 
0.00927267 -0.0169959 -5.56593e-05 -3.31922e-05 -0.0169959 0.0837567 -3.33845e-05 0.000350225 -5.56593e-05 -3.33845e-05 0.0092249 -0.0169474 -3.31922e-05 0.000350225 -0.0169474 0.0836926 
0.00927002 -0.0170346 -6.1495e-05 -1.29915e-05 -0.0170346 0.083977 -1.33792e-05 0.000327761 -6.1495e-05 -1.33792e-05 0.00924764 -0.0169642 -1.29915e-05 0.000327761 -0.0169642 0.0838247 
0.00923799 -0.0169896 -5.17706e-05 2.13595e-06 -0.0169896 0.0838684 -9.84089e-07 0.000282141 -5.17706e-05 -9.84089e-07 0.00924659 -0.0169502 2.13595e-06 0.000282141 -0.0169502 0.0837281 
0.00919061 -0.0168876 -3.68994e-05 -5.05489e-06 -0.0168876 0.0834563 -1.15227e-05 0.000272591 -3.68994e-05 -1.15227e-05 0.00922329 -0.0168906 -5.05489e-06 0.000272591 -0.0168906 0.0833994 
0.00914227 -0.016825 -3.82562e-05 -2.40662e-05 -0.016825 0.0831675 -2.95041e-05 0.000302162 -3.82562e-05 -2.95041e-05 0.0092331 -0.0168645 -2.40662e-05 0.000302162 -0.0168645 0.0832127 
0.00913219 -0.01676 -4.23243e-05 -2.42266e-05 -0.01676 0.082922 -2.81268e-05 0.000316331 -4.23243e-05 -2.81268e-05 0.0092137 -0.0168749 -2.42266e-05 0.000316331 -0.0168749 0.0831298 
0.00914631 -0.0167607 -3.99528e-05 -2.09177e-05 -0.0167607 0.0828646 -2.18765e-05 0.000310707 -3.99528e-05 -2.18765e-05 0.00918242 -0.0168781 -2.09177e-05 0.000310707 -0.0168781 0.08317 
0.00915318 -0.0167568 -2.90917e-05 -2.51637e-05 -0.0167568 0.0827659 -2.53803e-05 0.000312797 -2.90917e-05 -2.53803e-05 0.0091442 -0.0168203 -2.51637e-05 0.000312797 -0.0168203 0.083017 
0.00914279 -0.0167655 -2.389e-05 -3.77528e-05 -0.0167655 0.0827231 -3.9167e-05 0.000335148 -2.389e-05 -3.9167e-05 0.00912587 -0.0167594 -3.77528e-05 0.000335148 -0.0167594 0.0828151 
0.0091591 -0.0168041 -1.15374e-05 -4.64683e-05 -0.0168041 0.0829328 -4.75224e-05 0.000363792 -1.15374e-05 -4.75224e-05 0.00913934 -0.0167853 -4.64683e-05 0.000363792 -0.0167853 0.0829333 
0.00921333 -0.0168609 -6.10479e-06 -6.47837e-05 -0.0168609 0.0832358 -6.26695e-05 0.0004024 -6.10479e-06 -6.26695e-05 0.00914667 -0.0168411 -6.47837e-05 0.0004024 -0.0168411 0.0832098 
0.00923345 -0.0169454 -2.97912e-06 -7.18435e-05 -0.0169454 0.0835616 -6.68434e-05 0.000427453 -2.97912e-06 -6.68434e-05 0.00917818 -0.0168646 -7.18435e-05 0.000427453 -0.0168646 0.0834325 
0.00924059 -0.0170098 -8.53077e-06 -7.73516e-05 -0.0170098 0.083942 -6.80658e-05 0.000439107 -8.53077e-06 -6.80658e-05 0.00923974 -0.0169321 -7.73516e-05 0.000439107 -0.0169321 0.0837495 
0.00923569 -0.0170131 4.73381e-06 -7.0801e-05 -0.0170131 0.0841093 -6.18975e-05 0.000434681 4.73381e-06 -6.18975e-05 0.00928716 -0.0170075 -7.0801e-05 0.000434681 -0.0170075 0.0840192 
0.00920987 -0.0169347 1.26997e-05 -8.18554e-05 -0.0169347 0.083832 -7.6087e-05 0.000444486 1.26997e-05 -7.6087e-05 0.00928744 -0.0170047 -8.18554e-05 0.000444486 -0.0170047 0.0839311 
0.00916587 -0.0168298 1.36426e-05 -9.11171e-05 -0.0168298 0.0833236 -8.7212e-05 0.000466738 1.36426e-05 -8.7212e-05 0.00926024 -0.0169502 -9.11171e-05 0.000466738 -0.0169502 0.0836027 
0.00915147 -0.0168047 1.14341e-05 -9.17578e-05 -0.0168047 0.0831619 -8.84724e-05 0.000478942 1.14341e-05 -8.84724e-05 0.00926352 -0.0169532 -9.17578e-05 0.000478942 -0.0169532 0.0835661 
0.00914342 -0.0167894 -2.15291e-05 -8.97517e-05 -0.0167894 0.0830676 -8.77929e-05 0.000481317 -2.15291e-05 -8.77929e-05 0.00926692 -0.016956 -8.97517e-05 0.000481317 -0.016956 0.0835441 
0.00918055 -0.0168053 -5.03442e-05 -5.16906e-05 -0.0168053 0.0831258 -5.33467e-05 0.000432636 -5.03442e-05 -5.33467e-05 0.00925353 -0.0169822 -5.16906e-05 0.000432636 -0.0169822 0.0836442 
