0.00654906 0 -6.09955e-05 0 0 0.00939606 0 0 -6.09955e-05 0 0.00670032 0 0 0 0 0.00939606 
0.00959847 -0.0119144 -6.08962e-05 7.21888e-05 -0.0119144 0.0317649 7.21888e-05 -0.0001387 -6.08962e-05 7.21888e-05 0.00982744 -0.0121974 7.21888e-05 -0.0001387 -0.0121974 0.0323076 
0.00908168 -0.0168755 -2.25478e-05 -5.62571e-06 -0.0168755 0.0623165 -5.62571e-06 4.31279e-05 -2.25478e-05 -5.62571e-06 0.00924578 -0.0172623 -5.62571e-06 4.31279e-05 -0.0172623 0.0635614 
0.00861804 -0.0165575 2.33547e-07 -0.000127839 -0.0165575 0.074284 -0.000134846 0.000720005 2.33547e-07 -0.000134846 0.0086732 -0.0168393 -0.000127839 0.000720005 -0.0168393 0.0755301 
0.00916528 -0.0169954 -1.48826e-05 -0.000142114 -0.0169954 0.0818801 -0.000164632 0.00108841 -1.48826e-05 -0.000164632 0.00906502 -0.0171267 -0.000142114 0.00108841 -0.0171267 0.082794 
0.00895917 -0.0163597 -5.55715e-05 -7.75357e-05 -0.0163597 0.080014 -0.00010203 0.000876598 -5.55715e-05 -0.00010203 0.00878735 -0.0162736 -7.75357e-05 0.000876598 -0.0162736 0.0803031 
0.00941812 -0.0172145 -5.53454e-05 -8.18285e-06 -0.0172145 0.0843859 -2.57606e-05 0.000595839 -5.53454e-05 -2.57606e-05 0.00925289 -0.0169982 -8.18285e-06 0.000595839 -0.0169982 0.0841569 
0.00913653 -0.0167356 -5.10859e-05 -6.38601e-06 -0.0167356 0.0822468 -1.37091e-05 0.000395756 -5.10859e-05 -1.37091e-05 0.00902813 -0.0165319 -6.38601e-06 0.000395756 -0.0165319 0.0818172 
0.00960103 -0.0176183 -5.87462e-05 -2.03298e-05 -0.0176183 0.0867834 -1.97295e-05 0.000367635 -5.87462e-05 -1.97295e-05 0.00955534 -0.0174785 -2.03298e-05 0.000367635 -0.0174785 0.086393 
0.00945676 -0.017353 -5.64536e-05 -2.08834e-05 -0.017353 0.0856384 -1.58486e-05 0.00035277 -5.64536e-05 -1.58486e-05 0.00945547 -0.017314 -2.08834e-05 0.00035277 -0.017314 0.0854664 
0.00936634 -0.0171637 -6.02628e-05 -2.49861e-05 -0.0171637 0.0847885 -1.96771e-05 0.00035566 -6.02628e-05 -1.96771e-05 0.00938816 -0.0171984 -2.49861e-05 0.00035566 -0.0171984 0.0848509 
0.0093203 -0.0170791 -5.10102e-05 -1.70945e-05 -0.0170791 0.0843606 -1.38624e-05 0.000347187 -5.10102e-05 -1.38624e-05 0.00937208 -0.0171452 -1.70945e-05 0.000347187 -0.0171452 0.0845688 
0.00930127 -0.0170152 -3.57573e-05 -2.42826e-05 -0.0170152 0.0840366 -2.41607e-05 0.000352981 -3.57573e-05 -2.41607e-05 0.00932687 -0.0171135 -2.42826e-05 0.000352981 -0.0171135 0.0843422 
0.0092924 -0.0170139 -2.48755e-05 -4.11368e-05 -0.0170139 0.083949 -4.2238e-05 0.000382015 -2.48755e-05 -4.2238e-05 0.00929501 -0.017072 -4.11368e-05 0.000382015 -0.017072 0.0842198 
0.00929272 -0.0170149 -2.10721e-05 -5.45812e-05 -0.0170149 0.0839364 -5.765e-05 0.000418047 -2.10721e-05 -5.765e-05 0.00926933 -0.0170299 -5.45812e-05 0.000418047 -0.0170299 0.0840908 
0.00928447 -0.0170147 -2.79276e-05 -6.0282e-05 -0.0170147 0.0839165 -6.33037e-05 0.000442453 -2.79276e-05 -6.33037e-05 0.00925374 -0.0169885 -6.0282e-05 0.000442453 -0.0169885 0.0839428 
0.00925806 -0.0169577 -2.67394e-05 -4.48227e-05 -0.0169577 0.0836587 -4.69138e-05 0.000414377 -2.67394e-05 -4.69138e-05 0.00922693 -0.0169222 -4.48227e-05 0.000414377 -0.0169222 0.0836154 
0.00926084 -0.0169649 -1.21896e-05 -4.29757e-05 -0.0169649 0.0836871 -4.43948e-05 0.000389437 -1.21896e-05 -4.43948e-05 0.00922947 -0.0169344 -4.29757e-05 0.000389437 -0.0169344 0.0836373 
0.00925823 -0.0169563 8.3631e-07 -6.17287e-05 -0.0169563 0.0836479 -6.2605e-05 0.000409248 8.3631e-07 -6.2605e-05 0.0092225 -0.0169342 -6.17287e-05 0.000409248 -0.0169342 0.0836259 
0.00925488 -0.0169542 -6.251e-06 -7.82655e-05 -0.0169542 0.0836296 -8.04192e-05 0.000448553 -6.251e-06 -8.04192e-05 0.00922397 -0.0169292 -7.82655e-05 0.000448553 -0.0169292 0.08362 
0.00924304 -0.0169515 -2.75613e-05 -6.83204e-05 -0.0169515 0.0836218 -7.42319e-05 0.000453576 -2.75613e-05 -7.42319e-05 0.00923066 -0.0169313 -6.83204e-05 0.000453576 -0.0169313 0.0836217 
0.00923606 -0.0169461 -3.5161e-05 -4.03174e-05 -0.0169461 0.0836359 -5.22896e-05 0.000413827 -3.5161e-05 -5.22896e-05 0.00923928 -0.0169474 -4.03174e-05 0.000413827 -0.0169474 0.0836717 
0.00925103 -0.0169168 -3.54515e-05 -2.48228e-05 -0.0169168 0.083533 -3.79064e-05 0.000364301 -3.54515e-05 -3.79064e-05 0.00920359 -0.0169424 -2.48228e-05 0.000364301 -0.0169424 0.0836297 
0.00926945 -0.0169262 -3.92448e-05 -2.58271e-05 -0.0169262 0.0834688 -3.23754e-05 0.000339059 -3.92448e-05 -3.23754e-05 0.00916986 -0.0168879 -2.58271e-05 0.000339059 -0.0168879 0.0834888 
0.0092561 -0.0169317 -4.00201e-05 -2.55455e-05 -0.0169317 0.0833911 -2.58444e-05 0.000327299 -4.00201e-05 -2.58444e-05 0.00915507 -0.0168244 -2.55455e-05 0.000327299 -0.0168244 0.0832501 
0.00928502 -0.0169759 -4.40767e-05 -3.10848e-05 -0.0169759 0.0836148 -2.75369e-05 0.00033413 -4.40767e-05 -2.75369e-05 0.00916829 -0.016857 -3.10848e-05 0.00033413 -0.016857 0.0833725 
0.00931247 -0.0170429 -5.93573e-05 -3.0383e-05 -0.0170429 0.0839082 -2.35282e-05 0.000339004 -5.93573e-05 -2.35282e-05 0.00919669 -0.0168974 -3.0383e-05 0.000339004 -0.0168974 0.0835833 
0.00933 -0.0170794 -5.07481e-05 -1.28893e-05 -0.0170794 0.0841011 -2.56947e-06 0.000309709 -5.07481e-05 -2.56947e-06 0.00921745 -0.016929 -1.28893e-05 0.000309709 -0.016929 0.0837246 
0.00932657 -0.0171332 -3.34034e-05 -2.43084e-05 -0.0171332 0.0843916 -1.28631e-05 0.000311401 -3.34034e-05 -1.28631e-05 0.00926869 -0.0169964 -2.43084e-05 0.000311401 -0.0169964 0.0840289 
0.00928064 -0.0170938 -1.52064e-05 -4.37568e-05 -0.0170938 0.0843518 -3.78585e-05 0.000353022 -1.52064e-05 -3.78585e-05 0.00930749 -0.01703 -4.37568e-05 0.000353022 -0.01703 0.0841215 
0.00927718 -0.0170703 1.82222e-06 -6.09777e-05 -0.0170703 0.08442 -6.21436e-05 0.000404101 1.82222e-06 -6.21436e-05 0.00934732 -0.0171198 -6.09777e-05 0.000404101 -0.0171198 0.0844456 
0.00926834 -0.0170336 5.64092e-06 -7.97707e-05 -0.0170336 0.0843009 -8.56012e-05 0.000458186 5.64092e-06 -8.56012e-05 0.00935214 -0.0171428 -7.97707e-05 0.000458186 -0.0171428 0.0845423 
0.00922328 -0.0169451 1.03541e-06 -8.34757e-05 -0.0169451 0.0838688 -8.87835e-05 0.000482593 1.03541e-06 -8.87835e-05 0.0093353 -0.0170769 -8.34757e-05 0.000482593 -0.0170769 0.0842304 
0.0092522 -0.016938 -1.33663e-05 -8.09517e-05 -0.016938 0.0838344 -8.24596e-05 0.000484635 -1.33663e-05 -8.24596e-05 0.00932873 -0.0171077 -8.09517e-05 0.000484635 -0.0171077 0.0843025 
0.00928338 -0.0169553 -3.04034e-05 -6.35337e-05 -0.0169553 0.0837842 -6.56499e-05 0.000457413 -3.04034e-05 -6.56499e-05 0.00929649 -0.0170816 -6.35337e-05 0.000457413 -0.0170816 0.0842309 
0.00932006 -0.0170533 -4.44892e-05 -4.28367e-05 -0.0170533 0.0841048 -4.55268e-05 0.000413769 -4.44892e-05 -4.55268e-05 0.00930872 -0.0170931 -4.28367e-05 0.000413769 -0.0170931 0.0843849 
0.00935706 -0.0171425 -5.9986e-05 -2.75764e-05 -0.0171425 0.0845292 -2.90403e-05 0.000373048 -5.9986e-05 -2.90403e-05 0.0093446 -0.0171446 -2.75764e-05 0.000373048 -0.0171446 0.0846588 
0.00937466 -0.0171646 -6.78992e-05 -7.68654e-06 -0.0171646 0.0846622 -9.49989e-06 0.000326036 -6.78992e-05 -9.49989e-06 0.00934695 -0.0171574 -7.68654e-06 0.000326036 -0.0171574 0.0847134 
0.00936881 -0.0171146 -6.20741e-05 6.78245e-07 -0.0171146 0.0844046 -2.61102e-07 0.000293462 -6.20741e-05 -2.61102e-07 0.00930649 -0.0170937 6.78245e-07 0.000293462 -0.0170937 0.084414 
0.00936189 -0.0170981 -5.29864e-05 -6.24672e-06 -0.0170981 0.0842213 -8.42062e-06 0.000295043 -5.29864e-05 -8.42062e-06 0.00927658 -0.0170294 -6.24672e-06 0.000295043 -0.0170294 0.0841343 
0.00935038 -0.0171361 -3.80096e-05 -1.75874e-05 -0.0171361 0.0843356 -2.38772e-05 0.000324004 -3.80096e-05 -2.38772e-05 0.00929585 -0.0170243 -1.75874e-05 0.000324004 -0.0170243 0.0841163 
0.00934071 -0.0171478 -3.46494e-05 -3.56026e-05 -0.0171478 0.0844748 -4.79837e-05 0.000373536 -3.46494e-05 -4.79837e-05 0.00931865 -0.0170616 -3.56026e-05 0.000373536 -0.0170616 0.0842199 
0.00930665 -0.0171114 -2.70342e-05 -4.05534e-05 -0.0171114 0.0843971 -5.62872e-05 0.000409373 -2.70342e-05 -5.62872e-05 0.00934505 -0.0170722 -4.05534e-05 0.000409373 -0.0170722 0.0842191 
0.00935875 -0.0171628 -3.26605e-05 -5.00211e-05 -0.0171628 0.0847653 -6.00843e-05 0.000430329 -3.26605e-05 -6.00843e-05 0.00938569 -0.0172053 -5.00211e-05 0.000430329 -0.0172053 0.0847585 
0.00938335 -0.0171968 -3.99177e-05 -4.90968e-05 -0.0171968 0.0848959 -5.03156e-05 0.000432544 -3.99177e-05 -5.03156e-05 0.00940538 -0.0172315 -4.90968e-05 0.000432544 -0.0172315 0.0849605 
0.00940186 -0.0172367 -5.39952e-05 -4.32145e-05 -0.0172367 0.0850572 -3.93191e-05 0.000417755 -5.39952e-05 -3.93191e-05 0.00942551 -0.0172598 -4.32145e-05 0.000417755 -0.0172598 0.085111 
0.00938404 -0.0172105 -5.71435e-05 -1.95686e-05 -0.0172105 0.0849304 -1.72187e-05 0.000368237 -5.71435e-05 -1.72187e-05 0.00941073 -0.0172354 -1.95686e-05 0.000368237 -0.0172354 0.0849791 
0.00935692 -0.0171701 -5.11579e-05 -1.21736e-05 -0.0171701 0.084751 -1.25023e-05 0.0003324 -5.11579e-05 -1.25023e-05 0.00940427 -0.0172025 -1.21736e-05 0.0003324 -0.0172025 0.0848165 
0.00934684 -0.017127 -4.1454e-05 -1.83941e-05 -0.017127 0.0845734 -2.04443e-05 0.000329933 -4.1454e-05 -2.04443e-05 0.0093735 -0.0171871 -1.83941e-05 0.000329933 -0.0171871 0.0846927 
0.0093249 -0.0170934 -3.75311e-05 -3.14446e-05 -0.0170934 0.0843647 -3.31068e-05 0.000352088 -3.75311e-05 -3.31068e-05 0.00934904 -0.0171256 -3.14446e-05 0.000352088 -0.0171256 0.0844638 
0.00929844 -0.0170504 -2.62269e-05 -3.87315e-05 -0.0170504 0.084141 -3.97609e-05 0.000376702 -2.62269e-05 -3.97609e-05 0.00933318 -0.0170702 -3.87315e-05 0.000376702 -0.0170702 0.0841895 
0.00929622 -0.0170645 -1.64146e-05 -5.49278e-05 -0.0170645 0.0842065 -5.51106e-05 0.000411952 -1.64146e-05 -5.51106e-05 0.0093491 -0.0170914 -5.49278e-05 0.000411952 -0.0170914 0.08424 
0.00932803 -0.0170945 -1.33353e-05 -6.83114e-05 -0.0170945 0.0843911 -7.03409e-05 0.000454742 -1.33353e-05 -7.03409e-05 0.00935861 -0.0171448 -6.83114e-05 0.000454742 -0.0171448 0.0844549 
0.00936532 -0.0171735 -1.81091e-05 -7.20007e-05 -0.0171735 0.08473 -7.53623e-05 0.000479875 -1.81091e-05 -7.53623e-05 0.00937784 -0.0171955 -7.20007e-05 0.000479875 -0.0171955 0.0847656 
0.00937286 -0.0171867 -2.04963e-05 -6.56448e-05 -0.0171867 0.0848043 -6.77298e-05 0.000475115 -2.04963e-05 -6.77298e-05 0.0093754 -0.0171887 -6.56448e-05 0.000475115 -0.0171887 0.0847905 
0.00936882 -0.0171747 -2.62408e-05 -6.05502e-05 -0.0171747 0.0847523 -6.15926e-05 0.00045815 -2.62408e-05 -6.15926e-05 0.00936546 -0.0171654 -6.05502e-05 0.00045815 -0.0171654 0.0847019 
0.00938837 -0.0171909 -2.00658e-05 -4.88056e-05 -0.0171909 0.0848354 -5.36047e-05 0.000433311 -2.00658e-05 -5.36047e-05 0.00936501 -0.0171812 -4.88056e-05 0.000433311 -0.0171812 0.0847804 
0.00940204 -0.0171913 -6.84851e-06 -5.5517e-05 -0.0171913 0.0847845 -6.40059e-05 0.000435904 -6.84851e-06 -6.40059e-05 0.00933519 -0.0171462 -5.5517e-05 0.000435904 -0.0171462 0.0846614 
0.00943169 -0.0172218 5.54701e-06 -7.32665e-05 -0.0172218 0.0848466 -8.1662e-05 0.000470178 5.54701e-06 -8.1662e-05 0.00930567 -0.0171133 -7.32665e-05 0.000470178 -0.0171133 0.0845787 
0.00947055 -0.0172774 8.27596e-06 -8.98035e-05 -0.0172774 0.0850112 -9.80824e-05 0.000514539 8.27596e-06 -9.80824e-05 0.00928181 -0.0170821 -8.98035e-05 0.000514539 -0.0170821 0.0845225 
0.0094752 -0.0173484 -3.108e-06 -9.74741e-05 -0.0173484 0.0852568 -0.000106275 0.000551408 -3.108e-06 -0.000106275 0.00930958 -0.0170611 -9.74741e-05 0.000551408 -0.0170611 0.0845058 
0.00944632 -0.0173373 -2.30242e-05 -8.35212e-05 -0.0173373 0.0852848 -9.05559e-05 0.000541443 -2.30242e-05 -9.05559e-05 0.00933521 -0.0170699 -8.35212e-05 0.000541443 -0.0170699 0.0844384 
0.00940208 -0.017284 -4.01284e-05 -5.61335e-05 -0.017284 0.0851551 -6.36686e-05 0.000486576 -4.01284e-05 -6.36686e-05 0.00935952 -0.0170962 -5.61335e-05 0.000486576 -0.0170962 0.0844274 
0.00937213 -0.0172015 -3.90928e-05 -3.46766e-05 -0.0172015 0.0848798 -4.16592e-05 0.000426614 -3.90928e-05 -4.16592e-05 0.00935705 -0.0171111 -3.46766e-05 0.000426614 -0.0171111 0.0843815 
0.00932621 -0.01716 -3.71573e-05 -3.70346e-05 -0.01716 0.0846772 -3.96481e-05 0.000401389 -3.71573e-05 -3.96481e-05 0.0093751 -0.0171062 -3.70346e-05 0.000401389 -0.0171062 0.0843417 
0.00932965 -0.0171326 -4.12721e-05 -4.24944e-05 -0.0171326 0.0846479 -4.09531e-05 0.000402122 -4.12721e-05 -4.09531e-05 0.0093777 -0.0171573 -4.24944e-05 0.000402122 -0.0171573 0.0844878 
0.00933201 -0.0170957 -3.91192e-05 -3.79516e-05 -0.0170957 0.0844502 -3.26058e-05 0.000391688 -3.91192e-05 -3.26058e-05 0.00934339 -0.0171312 -3.79516e-05 0.000391688 -0.0171312 0.0844019 
0.00934141 -0.0170863 -2.77359e-05 -3.94359e-05 -0.0170863 0.0843075 -3.42064e-05 0.000385654 -2.77359e-05 -3.42064e-05 0.00930243 -0.017074 -3.94359e-05 0.000385654 -0.017074 0.0842171 
0.00937003 -0.0171642 -4.44124e-06 -5.29575e-05 -0.0171642 0.0845781 -5.19553e-05 0.000409873 -4.44124e-06 -5.19553e-05 0.00931213 -0.0170778 -5.29575e-05 0.000409873 -0.0170778 0.0843263 
0.00936959 -0.0172056 4.85895e-06 -7.88659e-05 -0.0172056 0.084779 -8.32671e-05 0.000465656 4.85895e-06 -8.32671e-05 0.00934558 -0.0170882 -7.88659e-05 0.000465656 -0.0170882 0.0843957 
0.00937391 -0.0172329 5.66818e-06 -8.93834e-05 -0.0172329 0.0850003 -9.50573e-05 0.000509575 5.66818e-06 -9.50573e-05 0.00938945 -0.0171541 -8.93834e-05 0.000509575 -0.0171541 0.0846233 
0.00935863 -0.0171932 -1.85767e-05 -8.77598e-05 -0.0171932 0.0848815 -9.17482e-05 0.000515004 -1.85767e-05 -9.17482e-05 0.00939878 -0.0171607 -8.77598e-05 0.000515004 -0.0171607 0.0845901 
0.00936976 -0.0171777 -3.53716e-05 -5.8942e-05 -0.0171777 0.0848199 -6.33998e-05 0.000470964 -3.53716e-05 -6.33998e-05 0.00939393 -0.0171806 -5.8942e-05 0.000470964 -0.0171806 0.0846259 
0.00937959 -0.0172019 -4.39831e-05 -3.73418e-05 -0.0172019 0.0848703 -4.36016e-05 0.000416667 -4.39831e-05 -4.36016e-05 0.00940435 -0.0171886 -3.73418e-05 0.000416667 -0.0171886 0.0846938 
0.00937676 -0.0171989 -6.10031e-05 -2.7642e-05 -0.0171989 0.084847 -3.4154e-05 0.000382619 -6.10031e-05 -3.4154e-05 0.00940819 -0.0171918 -2.7642e-05 0.000382619 -0.0171918 0.0846852 
0.0093216 -0.0171021 -7.46784e-05 -1.20359e-05 -0.0171021 0.084366 -1.47582e-05 0.000347495 -7.46784e-05 -1.47582e-05 0.00937815 -0.0171041 -1.20359e-05 0.000347495 -0.0171041 0.0842298 
0.00929902 -0.0170909 -5.87691e-05 2.71063e-06 -0.0170909 0.0843088 3.17519e-06 0.000308865 -5.87691e-05 3.17519e-06 0.0093873 -0.0171217 2.71063e-06 0.000308865 -0.0171217 0.0842273 
0.00930155 -0.0170862 -4.50759e-05 -1.79688e-05 -0.0170862 0.0843495 -1.9176e-05 0.000330554 -4.50759e-05 -1.9176e-05 0.0093776 -0.0171565 -1.79688e-05 0.000330554 -0.0171565 0.0843546 
0.00929581 -0.0170981 -5.18352e-05 -3.58311e-05 -0.0170981 0.0844159 -3.55963e-05 0.000373861 -5.18352e-05 -3.55963e-05 0.00938315 -0.0171571 -3.58311e-05 0.000373861 -0.0171571 0.0844463 
0.0092888 -0.0170682 -4.82274e-05 -2.71078e-05 -0.0170682 0.0843369 -2.4311e-05 0.000373044 -4.82274e-05 -2.4311e-05 0.00936465 -0.0171457 -2.71078e-05 0.000373044 -0.0171457 0.0844019 
0.00925553 -0.0169702 -3.93974e-05 -2.38414e-05 -0.0169702 0.0838507 -2.33517e-05 0.000353374 -3.93974e-05 -2.33517e-05 0.0092955 -0.0170339 -2.38414e-05 0.000353374 -0.0170339 0.0839159 
0.0092491 -0.0170105 -2.08501e-05 -3.34769e-05 -0.0170105 0.0839608 -3.35079e-05 0.000359344 -2.08501e-05 -3.35079e-05 0.00931718 -0.017021 -3.34769e-05 0.000359344 -0.017021 0.0839258 
0.00928052 -0.0170196 -1.1987e-05 -5.88096e-05 -0.0170196 0.0840721 -5.69015e-05 0.000403213 -1.1987e-05 -5.69015e-05 0.00931201 -0.0170525 -5.88096e-05 0.000403213 -0.0170525 0.0840071 
0.00930224 -0.0170446 -1.52077e-05 -7.15379e-05 -0.0170446 0.0841154 -6.85309e-05 0.000444463 -1.52077e-05 -6.85309e-05 0.0092969 -0.0170363 -7.15379e-05 0.000444463 -0.0170363 0.0839916 
0.00932154 -0.0171044 -2.41602e-05 -6.60476e-05 -0.0171044 0.0843452 -6.24957e-05 0.00044888 -2.41602e-05 -6.24957e-05 0.00930757 -0.0170509 -6.60476e-05 0.00044888 -0.0170509 0.0841141 
0.00932473 -0.0171 -2.98365e-05 -5.35494e-05 -0.0171 0.0843535 -4.94866e-05 0.000424578 -2.98365e-05 -4.94866e-05 0.00928938 -0.017042 -5.35494e-05 0.000424578 -0.017042 0.0840776 
0.00929858 -0.0170622 -2.47895e-05 -4.6218e-05 -0.0170622 0.0841593 -4.17381e-05 0.000399598 -2.47895e-05 -4.17381e-05 0.0092551 -0.0169829 -4.6218e-05 0.000399598 -0.0169829 0.0838477 
0.00926516 -0.0170599 -1.76399e-05 -4.99023e-05 -0.0170599 0.0841706 -4.77773e-05 0.000395489 -1.76399e-05 -4.77773e-05 0.00927628 -0.0169713 -4.99023e-05 0.000395489 -0.0169713 0.0838288 
0.00922146 -0.0169605 -2.37907e-05 -5.43285e-05 -0.0169605 0.0838237 -5.62133e-05 0.000402085 -2.37907e-05 -5.62133e-05 0.0092476 -0.0169358 -5.43285e-05 0.000402085 -0.0169358 0.083567 
0.00918339 -0.0168792 -2.8537e-05 -4.29938e-05 -0.0168792 0.0834574 -5.0059e-05 0.000390166 -2.8537e-05 -5.0059e-05 0.00921574 -0.0168859 -4.29938e-05 0.000390166 -0.0168859 0.0833159 
0.00915442 -0.0168492 -2.41369e-05 -3.54918e-05 -0.0168492 0.0833185 -4.23742e-05 0.00036712 -2.41369e-05 -4.23742e-05 0.00922467 -0.016876 -3.54918e-05 0.00036712 -0.016876 0.0832692 
0.00914063 -0.0167864 -2.40388e-05 -4.02622e-05 -0.0167864 0.0830546 -4.46559e-05 0.000358814 -2.40388e-05 -4.46559e-05 0.00919418 -0.0168486 -4.02622e-05 0.000358814 -0.0168486 0.083083 
0.00914995 -0.016791 -9.20807e-06 -4.28323e-05 -0.016791 0.0830031 -4.48527e-05 0.000361443 -9.20807e-06 -4.48527e-05 0.00917215 -0.0168225 -4.28323e-05 0.000361443 -0.0168225 0.0830043 
0.00914881 -0.01682 9.74641e-06 -6.13281e-05 -0.01682 0.0830771 -6.06304e-05 0.000387774 9.74641e-06 -6.06304e-05 0.00917762 -0.0168021 -6.13281e-05 0.000387774 -0.0168021 0.0829617 
0.0091219 -0.0168132 -3.5127e-06 -8.45305e-05 -0.0168132 0.083079 -8.32592e-05 0.000436152 -3.5127e-06 -8.32592e-05 0.00919679 -0.0168008 -8.45305e-05 0.000436152 -0.0168008 0.0829113 
0.00912876 -0.0168033 -1.50967e-05 -7.05361e-05 -0.0168033 0.0831355 -6.96642e-05 0.000438453 -1.50967e-05 -6.96642e-05 0.00919964 -0.0168493 -7.05361e-05 0.000438453 -0.0168493 0.083049 
0.00916045 -0.0168377 -2.58598e-05 -5.08576e-05 -0.0168377 0.0833087 -5.39504e-05 0.000400932 -2.58598e-05 -5.39504e-05 0.00920344 -0.0168878 -5.08576e-05 0.000400932 -0.0168878 0.0832848 
0.00916448 -0.0168294 -2.74233e-05 -3.33571e-05 -0.0168294 0.0832221 -3.99304e-05 0.000354371 -2.74233e-05 -3.99304e-05 0.00917415 -0.0168419 -3.33571e-05 0.000354371 -0.0168419 0.0831523 
0.00917005 -0.0168529 -3.07907e-05 -2.9204e-05 -0.0168529 0.0832805 -3.69041e-05 0.000327299 -3.07907e-05 -3.69041e-05 0.0091786 -0.0168169 -2.9204e-05 0.000327299 -0.0168169 0.0830967 
0.00919484 -0.0168662 -3.38027e-05 -2.83836e-05 -0.0168662 0.0833401 -3.39447e-05 0.000318763 -3.38027e-05 -3.39447e-05 0.0091674 -0.0168188 -2.83836e-05 0.000318763 -0.0168188 0.0830752 
0.00921155 -0.0169015 -3.33902e-05 -2.70302e-05 -0.0169015 0.0834379 -3.04221e-05 0.000313216 -3.33902e-05 -3.04221e-05 0.00916831 -0.016814 -2.70302e-05 0.000313216 -0.016814 0.0830886 
0.00920971 -0.0169114 -3.93726e-05 -2.70902e-05 -0.0169114 0.0834578 -2.87263e-05 0.000308091 -3.93726e-05 -2.87263e-05 0.00916976 -0.0168018 -2.70902e-05 0.000308091 -0.0168018 0.0830333 
0.00922291 -0.0169211 -2.06778e-05 -2.18047e-05 -0.0169211 0.083522 -2.07853e-05 0.000297917 -2.06778e-05 -2.07853e-05 0.00917498 -0.0168202 -2.18047e-05 0.000297917 -0.0168202 0.0830869 
0.00924154 -0.0169779 -1.84932e-05 -4.49312e-05 -0.0169779 0.0837663 -4.31003e-05 0.000328047 -1.84932e-05 -4.31003e-05 0.00920522 -0.0168621 -4.49312e-05 0.000328047 -0.0168621 0.0833049 
0.00923091 -0.0169874 -2.807e-05 -5.04703e-05 -0.0169874 0.0838417 -5.20263e-05 0.000362482 -2.807e-05 -5.20263e-05 0.009234 -0.0168801 -5.04703e-05 0.000362482 -0.0168801 0.0833701 
0.0092154 -0.0169478 -4.97695e-05 -3.69346e-05 -0.0169478 0.0837228 -4.2385e-05 0.000356691 -4.97695e-05 -4.2385e-05 0.00923649 -0.0168895 -3.69346e-05 0.000356691 -0.0168895 0.0833269 
0.00919459 -0.0168643 -5.11557e-05 -1.0289e-05 -0.0168643 0.0833284 -1.60211e-05 0.000310834 -5.11557e-05 -1.60211e-05 0.00918833 -0.0168366 -1.0289e-05 0.000310834 -0.0168366 0.0830285 
0.00919165 -0.0168769 -3.32706e-05 -8.39846e-06 -0.0168769 0.0833056 -1.05629e-05 0.000280429 -3.32706e-05 -1.05629e-05 0.00918045 -0.0168235 -8.39846e-06 0.000280429 -0.0168235 0.0830115 
0.00923331 -0.0169538 -1.54212e-05 -3.06837e-05 -0.0169538 0.0836871 -3.01966e-05 0.000303908 -1.54212e-05 -3.01966e-05 0.0091972 -0.016891 -3.06837e-05 0.000303908 -0.016891 0.0833629 
0.0092082 -0.0169428 -1.75743e-05 -5.41589e-05 -0.0169428 0.0836304 -5.00286e-05 0.000351404 -1.75743e-05 -5.00286e-05 0.00919747 -0.0168469 -5.41589e-05 0.000351404 -0.0168469 0.0832419 
0.00914908 -0.0168649 -2.87401e-05 -5.37066e-05 -0.0168649 0.0833241 -4.77805e-05 0.000368912 -2.87401e-05 -4.77805e-05 0.00919778 -0.016796 -5.37066e-05 0.000368912 -0.016796 0.0829414 
0.00915391 -0.0168436 -3.89147e-05 -3.57965e-05 -0.0168436 0.0833223 -3.24726e-05 0.000343717 -3.89147e-05 -3.24726e-05 0.00920518 -0.016847 -3.57965e-05 0.000343717 -0.016847 0.0830632 
0.00918229 -0.0169013 -2.96119e-05 -1.84394e-05 -0.0169013 0.0835875 -1.92021e-05 0.000301951 -2.96119e-05 -1.92021e-05 0.00922611 -0.0169097 -1.84394e-05 0.000301951 -0.0169097 0.0833992 
0.00918742 -0.0169484 -1.25682e-05 -2.41642e-05 -0.0169484 0.0838366 -2.95468e-05 0.000291899 -1.25682e-05 -2.95468e-05 0.00926175 -0.0169489 -2.41642e-05 0.000291899 -0.0169489 0.0836531 
0.00917627 -0.0169173 -8.40827e-06 -4.66244e-05 -0.0169173 0.0837813 -5.29439e-05 0.000329311 -8.40827e-06 -5.29439e-05 0.00925668 -0.0169525 -4.66244e-05 0.000329311 -0.0169525 0.083646 
0.00916695 -0.0168451 -1.84773e-05 -5.25563e-05 -0.0168451 0.0834546 -5.79349e-05 0.000356033 -1.84773e-05 -5.79349e-05 0.00922001 -0.0168947 -5.25563e-05 0.000356033 -0.0168947 0.0833811 
0.0091517 -0.0168222 -2.91525e-05 -3.94236e-05 -0.0168222 0.0832368 -4.47995e-05 0.0003423 -2.91525e-05 -4.47995e-05 0.00919487 -0.0168371 -3.94236e-05 0.0003423 -0.0168371 0.0831326 
0.00914408 -0.0168477 -3.6684e-05 -2.52829e-05 -0.0168477 0.0833267 -3.11571e-05 0.000309711 -3.6684e-05 -3.11571e-05 0.00921331 -0.0168462 -2.52829e-05 0.000309711 -0.0168462 0.0831682 
0.00914014 -0.0168314 -3.92637e-05 -1.63707e-05 -0.0168314 0.0833089 -1.99016e-05 0.00027925 -3.92637e-05 -1.99016e-05 0.00921533 -0.0168571 -1.63707e-05 0.00027925 -0.0168571 0.0831645 
0.00916784 -0.0167987 -4.47193e-05 -1.00125e-05 -0.0167987 0.0831509 -1.33911e-05 0.000253038 -4.47193e-05 -1.33911e-05 0.00917137 -0.0168334 -1.00125e-05 0.000253038 -0.0168334 0.0830362 
0.00923413 -0.0169036 -4.85946e-05 -6.84898e-06 -0.0169036 0.0834812 -8.67566e-06 0.000242235 -4.85946e-05 -8.67566e-06 0.00916832 -0.0168511 -6.84898e-06 0.000242235 -0.0168511 0.0832425 
0.00926083 -0.0169891 -5.24405e-05 -4.45074e-06 -0.0169891 0.0837673 -3.60288e-06 0.000233789 -5.24405e-05 -3.60288e-06 0.0091767 -0.0168381 -4.45074e-06 0.000233789 -0.0168381 0.0832885 
0.00922387 -0.0169729 -4.88953e-05 4.89776e-08 -0.0169729 0.0837034 9.62465e-07 0.00022308 -4.88953e-05 9.62465e-07 0.00918346 -0.0167988 4.89776e-08 0.00022308 -0.0167988 0.0830827 
0.00916785 -0.0169043 -5.19545e-05 -5.57217e-06 -0.0169043 0.0834774 -5.2492e-06 0.000230389 -5.19545e-05 -5.2492e-06 0.00918686 -0.0167842 -5.57217e-06 0.000230389 -0.0167842 0.0828963 
0.00913099 -0.0168161 -3.52906e-05 -3.06965e-06 -0.0168161 0.0831675 -2.95185e-06 0.000232445 -3.52906e-05 -2.95185e-06 0.00917228 -0.0167762 -3.06965e-06 0.000232445 -0.0167762 0.0827555 
0.00909768 -0.0167469 -3.2062e-05 -1.82326e-05 -0.0167469 0.0828454 -2.08237e-05 0.000252651 -3.2062e-05 -2.08237e-05 0.00915714 -0.016741 -1.82326e-05 0.000252651 -0.016741 0.0825687 
0.00908387 -0.0167324 -2.32667e-05 -2.47333e-05 -0.0167324 0.0827725 -2.48216e-05 0.000274967 -2.32667e-05 -2.48216e-05 0.0091546 -0.0167497 -2.47333e-05 0.000274967 -0.0167497 0.0825808 
0.00906816 -0.0166828 -1.40895e-05 -3.39588e-05 -0.0166828 0.0825616 -3.18812e-05 0.000289513 -1.40895e-05 -3.18812e-05 0.00912466 -0.0167218 -3.39588e-05 0.000289513 -0.0167218 0.0824456 
0.00906248 -0.0166564 -1.91963e-05 -4.56427e-05 -0.0166564 0.0823989 -4.17203e-05 0.000311151 -1.91963e-05 -4.17203e-05 0.00909773 -0.0166784 -4.56427e-05 0.000311151 -0.0166784 0.0822905 
0.00908015 -0.016706 -1.77014e-05 -4.26615e-05 -0.016706 0.0825947 -3.57813e-05 0.000315136 -1.77014e-05 -3.57813e-05 0.00910886 -0.0167008 -4.26615e-05 0.000315136 -0.0167008 0.0824411 
0.0090959 -0.0167683 -1.09109e-05 -4.65802e-05 -0.0167683 0.0829203 -3.77353e-05 0.000321375 -1.09109e-05 -3.77353e-05 0.0091446 -0.0167559 -4.65802e-05 0.000321375 -0.0167559 0.0827349 
0.00908294 -0.0167214 1.94914e-06 -5.53823e-05 -0.0167214 0.0827819 -4.95227e-05 0.000342548 1.94914e-06 -4.95227e-05 0.00913712 -0.0167424 -5.53823e-05 0.000342548 -0.0167424 0.0826495 
0.00906543 -0.0166624 -6.42331e-06 -6.96769e-05 -0.0166624 0.0824839 -6.58067e-05 0.000375691 -6.42331e-06 -6.58067e-05 0.00911687 -0.016695 -6.96769e-05 0.000375691 -0.016695 0.0824087 
0.00908101 -0.0166489 -1.90523e-05 -6.30022e-05 -0.0166489 0.0823552 -5.73405e-05 0.000383579 -1.90523e-05 -5.73405e-05 0.00908817 -0.016676 -6.30022e-05 0.000383579 -0.016676 0.0822887 
0.00912033 -0.0167241 -3.00723e-05 -4.58677e-05 -0.0167241 0.0825916 -3.85455e-05 0.000352068 -3.00723e-05 -3.85455e-05 0.00908633 -0.0166902 -4.58677e-05 0.000352068 -0.0166902 0.082425 
0.00913583 -0.0167702 -3.9907e-06 -3.17152e-05 -0.0167702 0.0827567 -2.29621e-05 0.000312 -3.9907e-06 -2.29621e-05 0.00908111 -0.0166801 -3.17152e-05 0.000312 -0.0166801 0.0824443 
0.009169 -0.0168215 -1.21461e-06 -6.10938e-05 -0.0168215 0.0830147 -5.25044e-05 0.000336693 -1.21461e-06 -5.25044e-05 0.00907854 -0.0167041 -6.10938e-05 0.000336693 -0.0167041 0.0825966 
0.0091674 -0.0168488 -1.72163e-05 -6.65714e-05 -0.0168488 0.0831278 -5.99216e-05 0.000371576 -1.72163e-05 -5.99216e-05 0.00909139 -0.0166897 -6.65714e-05 0.000371576 -0.0166897 0.0826112 
0.00914445 -0.0168262 -4.45074e-05 -4.41191e-05 -0.0168262 0.0830757 -4.24665e-05 0.00035193 -4.45074e-05 -4.24665e-05 0.00909891 -0.0166846 -4.41191e-05 0.00035193 -0.0166846 0.0825454 
0.00913304 -0.0168063 -5.33986e-05 -6.20496e-06 -0.0168063 0.0830471 -1.15358e-05 0.00028369 -5.33986e-05 -1.15358e-05 0.00911278 -0.0167019 -6.20496e-06 0.00028369 -0.0167019 0.0825793 
0.00915025 -0.016807 -4.37559e-05 1.24058e-05 -0.016807 0.0830922 3.37538e-06 0.000218598 -4.37559e-05 3.37538e-06 0.00911787 -0.0167396 1.24058e-05 0.000218598 -0.0167396 0.0827213 
0.00914556 -0.0168015 -4.16351e-05 -3.59021e-06 -0.0168015 0.0830308 -8.04056e-06 0.000217469 -4.16351e-05 -8.04056e-06 0.00912043 -0.01673 -3.59021e-06 0.000217469 -0.01673 0.0827077 
0.00914128 -0.0167893 -4.97046e-05 -1.36141e-05 -0.0167893 0.0829581 -8.44886e-06 0.000235235 -4.97046e-05 -8.44886e-06 0.00912207 -0.0167191 -1.36141e-05 0.000235235 -0.0167191 0.0826386 
0.00915885 -0.0168136 -4.975e-05 -1.16141e-05 -0.0168136 0.0830671 2.73884e-07 0.000239759 -4.975e-05 2.73884e-07 0.00914171 -0.0167576 -1.16141e-05 0.000239759 -0.0167576 0.0827838 
0.0091578 -0.016858 -4.70263e-05 -1.08285e-05 -0.016858 0.0832562 2.55173e-06 0.000235653 -4.70263e-05 2.55173e-06 0.00919088 -0.0168026 -1.08285e-05 0.000235653 -0.0168026 0.0829882 
0.00916687 -0.0168862 -3.76846e-05 -1.77213e-05 -0.0168862 0.0834806 -7.89544e-06 0.000255708 -3.76846e-05 -7.89544e-06 0.00924216 -0.0168893 -1.77213e-05 0.000255708 -0.0168893 0.0833033 
0.00918691 -0.0168764 -4.11166e-05 -2.74379e-05 -0.0168764 0.0835034 -2.37361e-05 0.000288162 -4.11166e-05 -2.37361e-05 0.00924898 -0.0169423 -2.74379e-05 0.000288162 -0.0169423 0.083486 
0.00927165 -0.0169661 -6.2652e-05 -2.42572e-05 -0.0169661 0.0838856 -2.52615e-05 0.000306749 -6.2652e-05 -2.52615e-05 0.00925863 -0.0170259 -2.42572e-05 0.000306749 -0.0170259 0.0839405 
0.00931244 -0.0170639 -5.35287e-05 -2.30763e-06 -0.0170639 0.0841981 -1.48368e-06 0.000282764 -5.35287e-05 -1.48368e-06 0.00925694 -0.0170302 -2.30763e-06 0.000282764 -0.0170302 0.0841272 
0.00928515 -0.0170665 -3.75122e-05 -9.19887e-06 -0.0170665 0.0841794 -7.44292e-06 0.000271366 -3.75122e-05 -7.44292e-06 0.00925779 -0.016968 -9.19887e-06 0.000271366 -0.016968 0.0839237 
