0.0066329 0 -9.48395e-05 0 0 0.00937266 0 0 -9.48395e-05 0 0.00661057 0 0 0 0 0.00937266 
0.00973353 -0.0120827 -0.000107933 0.000129679 -0.0120827 0.0320654 0.000129679 -0.000248743 -0.000107933 0.000129679 0.00968304 -0.0120183 0.000129679 -0.000248743 -0.0120183 0.0319416 
0.00919929 -0.0172013 -7.16556e-05 4.80294e-05 -0.0172013 0.0633809 4.80294e-05 -0.000124947 -7.16556e-05 4.80294e-05 0.00916466 -0.0170451 4.80294e-05 -0.000124947 -0.0170451 0.0628634 
0.00868437 -0.0169233 -5.87161e-05 -7.34038e-05 -0.0169233 0.0760046 -7.49473e-05 0.00056334 -5.87161e-05 -7.49473e-05 0.00872682 -0.0167565 -7.34038e-05 0.00056334 -0.0167565 0.0751262 
0.00911434 -0.0171912 -4.73756e-05 -7.43707e-05 -0.0171912 0.083308 -7.75833e-05 0.000898972 -4.73756e-05 -7.75833e-05 0.00922771 -0.0171461 -7.43707e-05 0.000898972 -0.0171461 0.0825215 
0.00888754 -0.0164139 -3.53592e-05 -4.3329e-05 -0.0164139 0.0810351 -4.38612e-05 0.00071925 -3.53592e-05 -4.38612e-05 0.00900024 -0.0164942 -4.3329e-05 0.00071925 -0.0164942 0.0806965 
0.00940102 -0.0172056 -2.31503e-05 -3.62378e-05 -0.0172056 0.0851056 -3.6248e-05 0.000554489 -2.31503e-05 -3.6248e-05 0.00943911 -0.0173221 -3.62378e-05 0.000554489 -0.0173221 0.0850734 
0.00915437 -0.0167289 -8.9955e-06 -4.5548e-05 -0.0167289 0.0826089 -4.48508e-05 0.000440091 -8.9955e-06 -4.48508e-05 0.00911886 -0.0167478 -4.5548e-05 0.000440091 -0.0167478 0.0825637 
0.00963237 -0.0176198 2.92931e-06 -7.08656e-05 -0.0176198 0.0868931 -7.11356e-05 0.000460766 2.92931e-06 -7.11356e-05 0.00955763 -0.0175203 -7.08656e-05 0.000460766 -0.0175203 0.0865963 
0.00945456 -0.0173707 3.55184e-06 -8.71561e-05 -0.0173707 0.0856136 -9.17478e-05 0.00049304 3.55184e-06 -9.17478e-05 0.00943038 -0.0172038 -8.71561e-05 0.00049304 -0.0172038 0.0850755 
0.00934521 -0.0171591 -8.96345e-06 -8.95909e-05 -0.0171591 0.0846869 -9.84141e-05 0.00052101 -8.96345e-06 -9.84141e-05 0.0093526 -0.0170457 -8.95909e-05 0.00052101 -0.0170457 0.0841272 
0.00927906 -0.0170256 -2.25835e-05 -7.48032e-05 -0.0170256 0.0840394 -8.38084e-05 0.000509996 -2.25835e-05 -8.38084e-05 0.00930718 -0.0169608 -7.48032e-05 0.000509996 -0.0169608 0.0835791 
0.00926872 -0.0169986 -2.0048e-05 -5.99586e-05 -0.0169986 0.0838877 -6.55295e-05 0.000478378 -2.0048e-05 -6.55295e-05 0.00929171 -0.0169744 -5.99586e-05 0.000478378 -0.0169744 0.083551 
0.00928213 -0.0170213 -2.54888e-05 -5.89179e-05 -0.0170213 0.0839628 -6.15205e-05 0.000454786 -2.54888e-05 -6.15205e-05 0.00927745 -0.0169935 -5.89179e-05 0.000454786 -0.0169935 0.0836758 
0.00929457 -0.0170567 -2.25269e-05 -5.05729e-05 -0.0170567 0.0841139 -5.1782e-05 0.000429888 -2.25269e-05 -5.1782e-05 0.0092729 -0.0169985 -5.05729e-05 0.000429888 -0.0169985 0.0837987 
0.00928623 -0.0170875 -2.89219e-05 -5.47656e-05 -0.0170875 0.0842739 -5.41603e-05 0.000422251 -2.89219e-05 -5.41603e-05 0.00929275 -0.0170001 -5.47656e-05 0.000422251 -0.0170001 0.0838858 
0.0092605 -0.0170632 -4.17516e-05 -4.39838e-05 -0.0170632 0.0842552 -4.10575e-05 0.000396104 -4.17516e-05 -4.10575e-05 0.00930126 -0.0170032 -4.39838e-05 0.000396104 -0.0170032 0.0838696 
0.00922723 -0.0169927 -5.15652e-05 -2.6597e-05 -0.0169927 0.0840118 -2.39813e-05 0.000352877 -5.15652e-05 -2.39813e-05 0.00928968 -0.0169813 -2.6597e-05 0.000352877 -0.0169813 0.0837226 
0.00920932 -0.0169401 -6.81342e-05 -1.03926e-05 -0.0169401 0.0837987 -7.39034e-06 0.000301703 -6.81342e-05 -7.39034e-06 0.00928041 -0.0169701 -1.03926e-05 0.000301703 -0.0169701 0.0836374 
0.00919073 -0.0169049 -7.67547e-05 9.05714e-06 -0.0169049 0.0836151 1.39783e-05 0.000248855 -7.67547e-05 1.39783e-05 0.00926382 -0.0169526 9.05714e-06 0.000248855 -0.0169526 0.0835442 
0.00914386 -0.0168363 -9.08595e-05 1.89653e-05 -0.0168363 0.0832731 2.52683e-05 0.000208977 -9.08595e-05 2.52683e-05 0.00924795 -0.0168872 1.89653e-05 0.000208977 -0.0168872 0.0832421 
0.00911814 -0.016777 -9.21322e-05 3.35349e-05 -0.016777 0.0830119 3.90886e-05 0.000175071 -9.21322e-05 3.90886e-05 0.00923461 -0.0168603 3.35349e-05 0.000175071 -0.0168603 0.0830359 
0.00913537 -0.016776 -7.02675e-05 3.69556e-05 -0.016776 0.0829959 4.24088e-05 0.000154931 -7.02675e-05 4.24088e-05 0.00921546 -0.0168808 3.69556e-05 0.000154931 -0.0168808 0.0830893 
0.00915894 -0.0168049 -3.00269e-05 1.00653e-05 -0.0168049 0.0830617 1.32403e-05 0.000193374 -3.00269e-05 1.32403e-05 0.00918981 -0.0168682 1.00653e-05 0.000193374 -0.0168682 0.0831215 
0.0091958 -0.0168707 -1.33068e-05 -3.73268e-05 -0.0168707 0.0833102 -3.81051e-05 0.000291335 -1.33068e-05 -3.81051e-05 0.00917999 -0.016865 -3.73268e-05 0.000291335 -0.016865 0.0832297 
0.00918896 -0.0168877 -1.70414e-05 -5.67102e-05 -0.0168877 0.0833486 -6.22207e-05 0.000371343 -1.70414e-05 -6.22207e-05 0.00917944 -0.016817 -5.67102e-05 0.000371343 -0.016817 0.0830931 
0.0092219 -0.0169487 -3.97873e-05 -5.00101e-05 -0.0169487 0.0836831 -5.69738e-05 0.000388231 -3.97873e-05 -5.69738e-05 0.00921205 -0.0168752 -5.00101e-05 0.000388231 -0.0168752 0.0833359 
0.00923253 -0.0169598 -6.58116e-05 -1.70962e-05 -0.0169598 0.0837493 -2.66326e-05 0.000334932 -6.58116e-05 -2.66326e-05 0.00921452 -0.0168842 -1.70962e-05 0.000334932 -0.0168842 0.0833689 
0.0092312 -0.0169563 -7.04541e-05 1.79019e-05 -0.0169563 0.0837179 7.49786e-06 0.00024944 -7.04541e-05 7.49786e-06 0.00920935 -0.0168704 1.79019e-05 0.00024944 -0.0168704 0.0833078 
0.00920487 -0.0169548 -4.30878e-05 2.99142e-05 -0.0169548 0.0837018 1.76423e-05 0.000188469 -4.30878e-05 1.76423e-05 0.00922078 -0.016861 2.99142e-05 0.000188469 -0.016861 0.0832595 
0.00918517 -0.0169111 -2.20637e-05 -3.57921e-06 -0.0169111 0.0835886 -1.72055e-05 0.000221275 -2.20637e-05 -1.72055e-05 0.00920834 -0.0168629 -3.57921e-06 0.000221275 -0.0168629 0.0832024 
0.00915466 -0.0168564 -9.27229e-06 -3.17857e-05 -0.0168564 0.083365 -4.41551e-05 0.000286964 -9.27229e-06 -4.41551e-05 0.00919714 -0.0168332 -3.17857e-05 0.000286964 -0.0168332 0.0830685 
0.00915152 -0.0168298 -1.85657e-05 -4.81884e-05 -0.0168298 0.0832603 -6.02093e-05 0.000338802 -1.85657e-05 -6.02093e-05 0.00920093 -0.0168277 -4.81884e-05 0.000338802 -0.0168277 0.0830266 
0.00917387 -0.0168517 -2.43017e-05 -4.01504e-05 -0.0168517 0.0833282 -5.0713e-05 0.000348174 -2.43017e-05 -5.0713e-05 0.009215 -0.0168517 -4.01504e-05 0.000348174 -0.0168517 0.0831159 
0.0092005 -0.0168804 -2.21322e-05 -3.19546e-05 -0.0168804 0.0834044 -4.02972e-05 0.000328794 -2.21322e-05 -4.02972e-05 0.00919762 -0.0168626 -3.19546e-05 0.000328794 -0.0168626 0.0831557 
0.00919015 -0.0168924 -1.99356e-05 -3.67275e-05 -0.0168924 0.0833815 -4.17752e-05 0.000324078 -1.99356e-05 -4.17752e-05 0.00918768 -0.0168167 -3.67275e-05 0.000324078 -0.0168167 0.0830169 
0.00916671 -0.0168901 3.97967e-08 -4.04805e-05 -0.0168901 0.0833944 -4.13705e-05 0.000327499 3.97967e-08 -4.13705e-05 0.00920274 -0.0168085 -4.04805e-05 0.000327499 -0.0168085 0.0829538 
0.00915068 -0.0168775 -1.8412e-07 -6.65944e-05 -0.0168775 0.0834174 -6.44833e-05 0.000366543 -1.8412e-07 -6.44833e-05 0.00921625 -0.0168337 -6.65944e-05 0.000366543 -0.0168337 0.083001 
0.00913821 -0.0168335 -1.33311e-05 -6.81021e-05 -0.0168335 0.0832761 -6.5994e-05 0.0003919 -1.33311e-05 -6.5994e-05 0.00919533 -0.0168283 -6.81021e-05 0.0003919 -0.0168283 0.0829403 
0.0091398 -0.0168141 -3.21697e-05 -5.15073e-05 -0.0168141 0.0831733 -4.88576e-05 0.000370877 -3.21697e-05 -4.88576e-05 0.00917015 -0.0168017 -5.15073e-05 0.000370877 -0.0168017 0.0828629 
0.00913167 -0.0167995 -4.21018e-05 -2.65742e-05 -0.0167995 0.0830566 -2.52752e-05 0.000318713 -4.21018e-05 -2.52752e-05 0.00915005 -0.0167552 -2.65742e-05 0.000318713 -0.0167552 0.0826996 
0.00910234 -0.0167766 -4.81905e-05 -1.23181e-05 -0.0167766 0.0829212 -1.4229e-05 0.000274655 -4.81905e-05 -1.4229e-05 0.00914428 -0.0167138 -1.23181e-05 0.000274655 -0.0167138 0.0825076 
0.00909056 -0.0167573 -4.22409e-05 -1.72573e-06 -0.0167573 0.0828934 -5.91888e-06 0.000242222 -4.22409e-05 -5.91888e-06 0.00914824 -0.0167309 -1.72573e-06 0.000242222 -0.0167309 0.0825227 
0.00907307 -0.0167267 -2.63676e-05 -5.31329e-06 -0.0167267 0.0827856 -9.8235e-06 0.000228916 -2.63676e-05 -9.8235e-06 0.00915092 -0.0167305 -5.31329e-06 0.000228916 -0.0167305 0.0825055 
0.00910133 -0.0167326 -1.42311e-05 -2.32502e-05 -0.0167326 0.0828493 -2.60076e-05 0.000250343 -1.42311e-05 -2.60076e-05 0.00913639 -0.0167687 -2.32502e-05 0.000250343 -0.0167687 0.0826672 
0.00909258 -0.0167158 -1.86476e-05 -3.99198e-05 -0.0167158 0.0826852 -3.98341e-05 0.000283951 -1.86476e-05 -3.98341e-05 0.00910377 -0.0167044 -3.99198e-05 0.000283951 -0.0167044 0.0824792 
0.00909959 -0.016741 -1.92555e-05 -3.62579e-05 -0.016741 0.0827738 -3.20127e-05 0.00028894 -1.92555e-05 -3.20127e-05 0.00909368 -0.0166934 -3.62579e-05 0.00028894 -0.0166934 0.0824764 
0.0090981 -0.0167493 -3.02341e-05 -3.57246e-05 -0.0167493 0.0828247 -2.86342e-05 0.000281694 -3.02341e-05 -2.86342e-05 0.00909464 -0.0166809 -3.57246e-05 0.000281694 -0.0166809 0.0824612 
0.00908149 -0.0166988 -3.39565e-05 -2.09679e-05 -0.0166988 0.0826076 -1.5286e-05 0.000254686 -3.39565e-05 -1.5286e-05 0.00906703 -0.0166359 -2.09679e-05 0.000254686 -0.0166359 0.0822337 
0.00905555 -0.0166815 -3.16869e-05 -1.34312e-05 -0.0166815 0.0824866 -1.22092e-05 0.000232248 -3.16869e-05 -1.22092e-05 0.00907054 -0.0166019 -1.34312e-05 0.000232248 -0.0166019 0.0820844 
0.00904743 -0.016689 -3.08713e-05 -1.2523e-05 -0.016689 0.0825688 -1.38586e-05 0.000222557 -3.08713e-05 -1.38586e-05 0.00910009 -0.0166384 -1.2523e-05 0.000222557 -0.0166384 0.0821877 
0.00905422 -0.0166859 -3.08289e-05 -1.24289e-05 -0.0166859 0.0826199 -1.35167e-05 0.00021681 -3.08289e-05 -1.35167e-05 0.00911674 -0.0166815 -1.24289e-05 0.00021681 -0.0166815 0.0823268 
0.00906493 -0.0167201 -2.84437e-05 -1.82501e-05 -0.0167201 0.0827847 -1.85522e-05 0.000229225 -2.84437e-05 -1.85522e-05 0.00915409 -0.0167299 -1.82501e-05 0.000229225 -0.0167299 0.0825561 
0.0090923 -0.0167347 -2.77542e-05 -2.62984e-05 -0.0167347 0.0829016 -2.26565e-05 0.000249917 -2.77542e-05 -2.26565e-05 0.00916688 -0.0167854 -2.62984e-05 0.000249917 -0.0167854 0.0827659 
0.009094 -0.0167105 -1.51064e-05 -3.40624e-05 -0.0167105 0.0827401 -2.39444e-05 0.000270979 -1.51064e-05 -2.39444e-05 0.00915276 -0.0167637 -3.40624e-05 0.000270979 -0.0167637 0.0826809 
0.0090973 -0.0167219 -2.03724e-05 -4.9203e-05 -0.0167219 0.0827177 -3.37138e-05 0.000297552 -2.03724e-05 -3.37138e-05 0.00913734 -0.0167545 -4.9203e-05 0.000297552 -0.0167545 0.082654 
0.00909559 -0.0167185 -4.34348e-05 -4.07572e-05 -0.0167185 0.0826724 -2.71834e-05 0.000296547 -4.34348e-05 -2.71834e-05 0.00912494 -0.0167266 -4.07572e-05 0.000296547 -0.0167266 0.0825638 
0.00908521 -0.0167323 -4.73899e-05 -1.17681e-05 -0.0167323 0.0827166 -1.02896e-06 0.000252119 -4.73899e-05 -1.02896e-06 0.00913396 -0.0167208 -1.17681e-05 0.000252119 -0.0167208 0.0825491 
0.00908188 -0.0167507 -3.74919e-05 -6.26597e-06 -0.0167507 0.0828639 1.71227e-06 0.0002235 -3.74919e-05 1.71227e-06 0.00916172 -0.0167584 -6.26597e-06 0.0002235 -0.0167584 0.0826968 
0.00908993 -0.016744 -3.28279e-05 -2.03545e-05 -0.016744 0.0829042 -1.44248e-05 0.000242639 -3.28279e-05 -1.44248e-05 0.00915832 -0.0167859 -2.03545e-05 0.000242639 -0.0167859 0.0827937 
0.009105 -0.0167618 -1.91821e-05 -2.97518e-05 -0.0167618 0.0829934 -2.55572e-05 0.000276974 -1.91821e-05 -2.55572e-05 0.0091697 -0.0168031 -2.97518e-05 0.000276974 -0.0168031 0.0829258 
0.00912186 -0.016797 -2.33351e-05 -4.44694e-05 -0.016797 0.0831537 -4.35119e-05 0.000317196 -2.33351e-05 -4.35119e-05 0.00919668 -0.0168361 -4.44694e-05 0.000317196 -0.0168361 0.0831003 
0.00916613 -0.0168541 -3.78204e-05 -3.69362e-05 -0.0168541 0.0834457 -4.10821e-05 0.000328048 -3.78204e-05 -4.10821e-05 0.00921564 -0.016907 -3.69362e-05 0.000328048 -0.016907 0.0834217 
0.00916061 -0.0168411 -3.04274e-05 -1.64595e-05 -0.0168411 0.0833451 -2.30787e-05 0.000296909 -3.04274e-05 -2.30787e-05 0.00920586 -0.0168735 -1.64595e-05 0.000296909 -0.0168735 0.0833198 
0.00911338 -0.0167363 -2.31678e-05 -2.20788e-05 -0.0167363 0.0828059 -2.87859e-05 0.000283034 -2.31678e-05 -2.87859e-05 0.00915621 -0.0167616 -2.20788e-05 0.000283034 -0.0167616 0.0827632 
0.00910282 -0.0167278 -1.438e-05 -3.11558e-05 -0.0167278 0.0827059 -3.63321e-05 0.000294673 -1.438e-05 -3.63321e-05 0.00914611 -0.0167475 -3.11558e-05 0.000294673 -0.0167475 0.0826454 
0.00911358 -0.016756 -1.007e-05 -4.40671e-05 -0.016756 0.0828284 -4.90949e-05 0.000323938 -1.007e-05 -4.90949e-05 0.00914579 -0.0167671 -4.40671e-05 0.000323938 -0.0167671 0.0827343 
0.00912639 -0.0168048 -5.78226e-06 -4.95302e-05 -0.0168048 0.0830775 -5.34084e-05 0.000344345 -5.78226e-06 -5.34084e-05 0.00917387 -0.0168032 -4.95302e-05 0.000344345 -0.0168032 0.0829493 
0.00915123 -0.016867 -5.92597e-06 -5.60092e-05 -0.016867 0.0834379 -5.60665e-05 0.000357512 -5.92597e-06 -5.60665e-05 0.00922216 -0.0168763 -5.60092e-05 0.000357512 -0.0168763 0.0832981 
0.00914567 -0.0168214 -7.12469e-06 -5.98652e-05 -0.0168214 0.0832793 -5.81205e-05 0.000369976 -7.12469e-06 -5.81205e-05 0.0092108 -0.016863 -5.98652e-05 0.000369976 -0.016863 0.0831936 
0.00912856 -0.0167885 -2.14592e-05 -5.58712e-05 -0.0167885 0.0830695 -5.57879e-05 0.000367109 -2.14592e-05 -5.57879e-05 0.00919222 -0.0168225 -5.58712e-05 0.000367109 -0.0168225 0.0829981 
0.00914004 -0.0167756 -3.57891e-05 -3.67763e-05 -0.0167756 0.0829698 -3.75162e-05 0.000334025 -3.57891e-05 -3.75162e-05 0.00915555 -0.0167945 -3.67763e-05 0.000334025 -0.0167945 0.0828569 
0.00917124 -0.0168125 -3.87481e-05 -1.58634e-05 -0.0168125 0.083052 -1.98847e-05 0.000284898 -3.87481e-05 -1.98847e-05 0.00912145 -0.0167671 -1.58634e-05 0.000284898 -0.0167671 0.0828084 
0.0091752 -0.0168676 -3.75022e-05 -9.43048e-06 -0.0168676 0.0832238 -1.61914e-05 0.000255161 -3.75022e-05 -1.61914e-05 0.00911635 -0.0167323 -9.43048e-06 0.000255161 -0.0167323 0.0827625 
0.0091366 -0.0168293 -4.33093e-05 -8.96093e-06 -0.0168293 0.083089 -1.73201e-05 0.00024245 -4.33093e-05 -1.73201e-05 0.00910685 -0.0166746 -8.96093e-06 0.00024245 -0.0166746 0.0824889 
0.00908856 -0.0167288 -3.95243e-05 -2.22287e-06 -0.0167288 0.08269 -8.73423e-06 0.000226512 -3.95243e-05 -8.73423e-06 0.00907734 -0.016617 -2.22287e-06 0.000226512 -0.016617 0.0821204 
0.00906183 -0.0166831 -3.98862e-05 -4.16995e-06 -0.0166831 0.0824863 -1.03468e-05 0.000217665 -3.98862e-05 -1.03468e-05 0.00907268 -0.0166048 -4.16995e-06 0.000217665 -0.0166048 0.0820089 
0.00903941 -0.0166941 -3.69077e-05 -4.42351e-06 -0.0166941 0.0825541 -1.02478e-05 0.000216733 -3.69077e-05 -1.02478e-05 0.00911094 -0.0166379 -4.42351e-06 0.000216733 -0.0166379 0.0821403 
0.00900782 -0.0166319 -2.74286e-05 -8.11553e-06 -0.0166319 0.0823785 -1.01658e-05 0.000214938 -2.74286e-05 -1.01658e-05 0.00911775 -0.0166556 -8.11553e-06 0.000214938 -0.0166556 0.0821187 
0.00901006 -0.0166071 -4.3702e-05 -1.81433e-05 -0.0166071 0.0823098 -1.92348e-05 0.000227384 -4.3702e-05 -1.92348e-05 0.00911339 -0.0166833 -1.81433e-05 0.000227384 -0.0166833 0.0822131 
0.00965144 -0.0177638 -3.91429e-05 -1.23407e-07 -0.0177638 0.088008 -1.36944e-06 0.000221483 -3.91429e-05 -1.36944e-06 0.00973471 -0.0178405 -1.23407e-07 0.000221483 -0.0178405 0.08797 
0.00968961 -0.0177829 -3.12555e-05 -7.98473e-06 -0.0177829 0.0880347 -9.10735e-06 0.000217103 -3.12555e-05 -9.10735e-06 0.00969558 -0.0178235 -7.98473e-06 0.000217103 -0.0178235 0.0879526 
0.00970801 -0.0178027 -2.33762e-05 -2.06914e-05 -0.0178027 0.087979 -1.7689e-05 0.000237067 -2.33762e-05 -1.7689e-05 0.00964859 -0.0177424 -2.06914e-05 0.000237067 -0.0177424 0.0877087 
0.00907744 -0.0166981 -2.22369e-05 -2.68164e-05 -0.0166981 0.0824144 -2.41785e-05 0.00024065 -2.22369e-05 -2.41785e-05 0.00901896 -0.016556 -2.68164e-05 0.00024065 -0.016556 0.0819312 
0.00907003 -0.0167105 -2.54346e-05 -2.43755e-05 -0.0167105 0.0825361 -2.6675e-05 0.000248634 -2.54346e-05 -2.6675e-05 0.00903515 -0.0165608 -2.43755e-05 0.000248634 -0.0165608 0.0819416 
0.00906796 -0.0166773 -2.22944e-05 -1.82496e-05 -0.0166773 0.0824631 -2.49473e-05 0.000243422 -2.22944e-05 -2.49473e-05 0.00902407 -0.0165701 -1.82496e-05 0.000243422 -0.0165701 0.0819221 
0.00969738 -0.0178326 -2.44528e-05 -2.75495e-05 -0.0178326 0.0881585 -3.22604e-05 0.000270803 -2.44528e-05 -3.22604e-05 0.00965332 -0.0177174 -2.75495e-05 0.000270803 -0.0177174 0.0876327 
0.00906732 -0.0166701 -2.3509e-05 -3.04872e-05 -0.0166701 0.0823985 -3.06086e-05 0.000266879 -2.3509e-05 -3.06086e-05 0.0090147 -0.0165609 -3.04872e-05 0.000266879 -0.0165609 0.081913 
0.00969597 -0.0178297 -2.10509e-05 -3.37538e-05 -0.0178297 0.0881087 -3.24242e-05 0.00029327 -2.10509e-05 -3.24242e-05 0.00964844 -0.0176912 -3.37538e-05 0.00029327 -0.0176912 0.0875491 
0.00966789 -0.0177633 -2.48722e-05 -3.67307e-05 -0.0177633 0.087777 -3.31178e-05 0.000295322 -2.48722e-05 -3.31178e-05 0.00961949 -0.0176331 -3.67307e-05 0.000295322 -0.0176331 0.0872064 
0.00961126 -0.0177081 -1.79203e-05 -3.0225e-05 -0.0177081 0.0874659 -2.27455e-05 0.000278544 -1.79203e-05 -2.27455e-05 0.00961316 -0.0175791 -3.0225e-05 0.000278544 -0.0175791 0.0868993 
0.00959547 -0.0176941 -2.44494e-05 -3.39851e-05 -0.0176941 0.0874794 -2.31897e-05 0.000263959 -2.44494e-05 -2.31897e-05 0.00963511 -0.0176233 -3.39851e-05 0.000263959 -0.0176233 0.0869979 
0.00959465 -0.0177184 -3.1112e-05 -2.60165e-05 -0.0177184 0.0876693 -1.75876e-05 0.000250848 -3.1112e-05 -1.75876e-05 0.00967963 -0.0177016 -2.60165e-05 0.000250848 -0.0177016 0.0873284 
0.00958358 -0.0176838 -4.13495e-05 -2.01981e-05 -0.0176838 0.0875999 -1.41817e-05 0.000240539 -4.13495e-05 -1.41817e-05 0.00968621 -0.0177315 -2.01981e-05 0.000240539 -0.0177315 0.0874271 
0.00959527 -0.0176463 -4.43059e-05 -1.15274e-05 -0.0176463 0.0874399 -4.62787e-06 0.000226886 -4.43059e-05 -4.62787e-06 0.00966485 -0.0177252 -1.15274e-05 0.000226886 -0.0177252 0.0874026 
0.00959897 -0.0176985 -4.44207e-05 -9.49009e-06 -0.0176985 0.0875881 -2.44973e-06 0.0002212 -4.44207e-05 -2.44973e-06 0.00969671 -0.0177426 -9.49009e-06 0.0002212 -0.0177426 0.0875554 
0.00961641 -0.0177622 -2.92552e-05 -9.06427e-06 -0.0177622 0.0879576 -4.2882e-06 0.000224089 -2.92552e-05 -4.2882e-06 0.00975046 -0.0178353 -9.06427e-06 0.000224089 -0.0178353 0.0879514 
0.0089934 -0.0166214 -1.98272e-05 -2.60349e-05 -0.0166214 0.0824043 -2.22615e-05 0.000239443 -1.98272e-05 -2.22615e-05 0.00915375 -0.0167414 -2.60349e-05 0.000239443 -0.0167414 0.082514 
0.00901396 -0.0166275 -1.05854e-05 -3.50712e-05 -0.0166275 0.0825125 -3.54132e-05 0.000275555 -1.05854e-05 -3.54132e-05 0.00916728 -0.0167962 -3.50712e-05 0.000275555 -0.0167962 0.0827591 
0.00902568 -0.0166041 -2.25076e-05 -4.53278e-05 -0.0166041 0.0823742 -5.00707e-05 0.000309631 -2.25076e-05 -5.00707e-05 0.00914403 -0.0167684 -4.53278e-05 0.000309631 -0.0167684 0.0826768 
0.00904627 -0.0166158 -6.25394e-06 -3.35429e-05 -0.0166158 0.0823332 -3.76212e-05 0.000308063 -6.25394e-06 -3.76212e-05 0.00911694 -0.0167387 -3.35429e-05 0.000308063 -0.0167387 0.0825864 
0.00907265 -0.0166594 -1.81221e-06 -5.46246e-05 -0.0166594 0.0824343 -5.54846e-05 0.000332555 -1.81221e-06 -5.54846e-05 0.00909096 -0.0167084 -5.46246e-05 0.000332555 -0.0167084 0.0825251 
0.00908098 -0.0166925 -1.35361e-05 -6.10384e-05 -0.0166925 0.0825219 -5.85424e-05 0.00035556 -1.35361e-05 -5.85424e-05 0.00907827 -0.0166655 -6.10384e-05 0.00035556 -0.0166655 0.0824049 
0.00907072 -0.01667 -2.54807e-05 -4.70261e-05 -0.01667 0.0824018 -4.16936e-05 0.000336838 -2.54807e-05 -4.16936e-05 0.00905172 -0.016608 -4.70261e-05 0.000336838 -0.016608 0.0821311 
0.00968643 -0.0178383 -2.95562e-05 -3.04093e-05 -0.0178383 0.0881478 -2.59985e-05 0.000313843 -2.95562e-05 -2.59985e-05 0.00968768 -0.0177427 -3.04093e-05 0.000313843 -0.0177427 0.087743 
0.00904298 -0.0166662 -3.15595e-05 -2.18678e-05 -0.0166662 0.0824236 -2.08817e-05 0.000263958 -3.15595e-05 -2.08817e-05 0.00906292 -0.0166067 -2.18678e-05 0.000263958 -0.0166067 0.0820539 
0.00904261 -0.0166543 -2.29683e-05 -1.60189e-05 -0.0166543 0.0824296 -1.77161e-05 0.000246221 -2.29683e-05 -1.77161e-05 0.0090653 -0.0166277 -1.60189e-05 0.000246221 -0.0166277 0.0821372 
0.00901991 -0.0166292 -1.43285e-05 -2.20928e-05 -0.0166292 0.0823153 -3.03596e-05 0.000251676 -1.43285e-05 -3.03596e-05 0.00906969 -0.0166099 -2.20928e-05 0.000251676 -0.0166099 0.0820762 
0.00902249 -0.016616 -8.0177e-06 -3.27456e-05 -0.016616 0.0823031 -4.17626e-05 0.000273347 -8.0177e-06 -4.17626e-05 0.00907946 -0.0166341 -3.27456e-05 0.000273347 -0.0166341 0.0821424 
0.00903897 -0.0166175 -2.23057e-05 -4.47476e-05 -0.0166175 0.0822944 -4.9677e-05 0.000301122 -2.23057e-05 -4.9677e-05 0.00908802 -0.0166459 -4.47476e-05 0.000301122 -0.0166459 0.0821898 
0.00907344 -0.0166503 -4.42288e-05 -3.1849e-05 -0.0166503 0.082383 -3.20563e-05 0.000292544 -4.42288e-05 -3.20563e-05 0.00907822 -0.0166664 -3.1849e-05 0.000292544 -0.0166664 0.0822759 
0.00909388 -0.0167173 -4.63415e-05 -7.74399e-06 -0.0167173 0.0826109 -2.02377e-06 0.000243019 -4.63415e-05 -2.02377e-06 0.00909308 -0.0166808 -7.74399e-06 0.000243019 -0.0166808 0.0824197 
0.00909028 -0.0167322 -5.804e-05 -4.19267e-06 -0.0167322 0.0826975 3.00448e-06 0.000211048 -5.804e-05 3.00448e-06 0.00910808 -0.0166869 -4.19267e-06 0.000211048 -0.0166869 0.0824495 
0.00910368 -0.0167325 -4.79521e-05 7.43824e-06 -0.0167325 0.082748 1.14383e-05 0.000193414 -4.79521e-05 1.14383e-05 0.00911514 -0.0167113 7.43824e-06 0.000193414 -0.0167113 0.0825227 
0.00911173 -0.0167508 -3.25809e-05 -3.70807e-06 -0.0167508 0.0828038 -5.36386e-06 0.000209353 -3.25809e-05 -5.36386e-06 0.00913184 -0.0167239 -3.70807e-06 0.000209353 -0.0167239 0.0825892 
0.00913586 -0.0168109 -1.47641e-05 -2.20822e-05 -0.0168109 0.0830886 -2.592e-05 0.000252939 -1.47641e-05 -2.592e-05 0.00917204 -0.0167877 -2.20822e-05 0.000252939 -0.0167877 0.0828695 
0.00914107 -0.0168279 -1.22079e-05 -4.35252e-05 -0.0168279 0.0831912 -4.55853e-05 0.000302666 -1.22079e-05 -4.55853e-05 0.00919152 -0.0168154 -4.35252e-05 0.000302666 -0.0168154 0.0829749 
0.00915255 -0.0168655 -2.23843e-05 -4.64989e-05 -0.0168655 0.0833997 -4.82887e-05 0.000328047 -2.23843e-05 -4.82887e-05 0.00922029 -0.016866 -4.64989e-05 0.000328047 -0.016866 0.0831968 
0.00917455 -0.0169282 -3.22545e-05 -3.51074e-05 -0.0169282 0.0837579 -3.89063e-05 0.000321603 -3.22545e-05 -3.89063e-05 0.0092722 -0.0169476 -3.51074e-05 0.000321603 -0.0169476 0.0835829 
0.00919311 -0.0169237 -3.21015e-05 -2.12103e-05 -0.0169237 0.0838207 -2.69879e-05 0.000295424 -3.21015e-05 -2.69879e-05 0.00928527 -0.0169876 -2.12103e-05 0.000295424 -0.0169876 0.0837353 
0.00920081 -0.0169059 -4.00909e-05 -2.36756e-05 -0.0169059 0.0836877 -2.91821e-05 0.000290195 -4.00909e-05 -2.91821e-05 0.00927036 -0.0169621 -2.36756e-05 0.000290195 -0.0169621 0.0836311 
0.00925117 -0.0169479 -5.24726e-05 -1.95337e-05 -0.0169479 0.083805 -2.27439e-05 0.000289345 -5.24726e-05 -2.27439e-05 0.0092525 -0.0169729 -1.95337e-05 0.000289345 -0.0169729 0.0836968 
0.00928042 -0.0170046 -4.84479e-05 -5.86384e-06 -0.0170046 0.0839212 -7.19633e-06 0.000267289 -4.84479e-05 -7.19633e-06 0.00922865 -0.0169386 -5.86384e-06 0.000267289 -0.0169386 0.083636 
0.00926832 -0.0170357 -3.11544e-05 -9.61364e-06 -0.0170357 0.0839859 -9.48488e-06 0.000258874 -3.11544e-05 -9.48488e-06 0.00922411 -0.0168854 -9.61364e-06 0.000258874 -0.0168854 0.0834602 
0.0092435 -0.0170221 -2.18068e-05 -3.11146e-05 -0.0170221 0.0839949 -3.08027e-05 0.000294167 -2.18068e-05 -3.08027e-05 0.00924544 -0.0168837 -3.11146e-05 0.000294167 -0.0168837 0.0833886 
0.00924907 -0.0170041 -2.33107e-05 -4.55121e-05 -0.0170041 0.0840144 -4.66682e-05 0.000339771 -2.33107e-05 -4.66682e-05 0.00925437 -0.0169333 -4.55121e-05 0.000339771 -0.0169333 0.0835087 
0.00921849 -0.0169587 -2.13896e-05 -4.1571e-05 -0.0169587 0.0837797 -4.40323e-05 0.000349822 -2.13896e-05 -4.40323e-05 0.00924334 -0.0169006 -4.1571e-05 0.000349822 -0.0169006 0.0833615 
0.00919954 -0.0168946 -2.05424e-05 -4.27439e-05 -0.0168946 0.0834918 -4.28998e-05 0.00034653 -2.05424e-05 -4.28998e-05 0.00921748 -0.0168637 -4.27439e-05 0.00034653 -0.0168637 0.0831479 
0.00922104 -0.0169283 -1.35386e-05 -4.88029e-05 -0.0169283 0.0836068 -4.5847e-05 0.000358005 -1.35386e-05 -4.5847e-05 0.00922576 -0.0168933 -4.88029e-05 0.000358005 -0.0168933 0.0832965 
0.00923205 -0.016979 -1.39894e-05 -6.29424e-05 -0.016979 0.0838179 -5.86144e-05 0.000390897 -1.39894e-05 -5.86144e-05 0.00923962 -0.0169251 -6.29424e-05 0.000390897 -0.0169251 0.083485 
0.00922886 -0.0169771 -8.65582e-06 -6.62928e-05 -0.0169771 0.0838558 -6.24623e-05 0.000417178 -8.65582e-06 -6.24623e-05 0.00923988 -0.0169223 -6.62928e-05 0.000417178 -0.0169223 0.0835039 
0.00921922 -0.0169814 -1.81167e-05 -7.07709e-05 -0.0169814 0.0839045 -6.64913e-05 0.000431691 -1.81167e-05 -6.64913e-05 0.00925577 -0.0169282 -7.07709e-05 0.000431691 -0.0169282 0.0835496 
0.00923153 -0.0169802 -2.77675e-05 -5.74523e-05 -0.0169802 0.083972 -5.1906e-05 0.000413758 -2.77675e-05 -5.1906e-05 0.00928112 -0.016967 -5.74523e-05 0.000413758 -0.016967 0.0836889 
0.00926097 -0.0170175 -4.95196e-05 -4.55953e-05 -0.0170175 0.0841397 -3.94939e-05 0.00038401 -4.95196e-05 -3.94939e-05 0.00931732 -0.0170225 -4.55953e-05 0.00038401 -0.0170225 0.0839237 
0.00929779 -0.0170739 -7.00814e-05 -1.68186e-05 -0.0170739 0.0843737 -1.17511e-05 0.000326255 -7.00814e-05 -1.17511e-05 0.00934836 -0.0170847 -1.68186e-05 0.000326255 -0.0170847 0.0841891 
0.00935312 -0.0171905 -7.10012e-05 9.15283e-06 -0.0171905 0.084903 1.32697e-05 0.00026074 -7.10012e-05 1.32697e-05 0.00940617 -0.0171932 9.15283e-06 0.00026074 -0.0171932 0.0847141 
0.00938038 -0.0172321 -4.58411e-05 9.02632e-06 -0.0172321 0.0851155 1.3271e-05 0.000235406 -4.58411e-05 1.3271e-05 0.00941894 -0.0172316 9.02632e-06 0.000235406 -0.0172316 0.0849082 
0.00938031 -0.0172496 -2.34861e-05 -2.4005e-05 -0.0172496 0.0851924 -2.17564e-05 0.00028682 -2.34861e-05 -2.17564e-05 0.00943378 -0.0172355 -2.4005e-05 0.00028682 -0.0172355 0.0849614 
0.00936795 -0.0172307 -1.12313e-05 -5.23567e-05 -0.0172307 0.085137 -5.5438e-05 0.00036876 -1.12313e-05 -5.5438e-05 0.00943934 -0.0172341 -5.23567e-05 0.00036876 -0.0172341 0.0849206 
0.00934544 -0.0171768 -2.77965e-05 -6.70367e-05 -0.0171768 0.0849029 -7.51099e-05 0.000432805 -2.77965e-05 -7.51099e-05 0.00943536 -0.0172102 -6.70367e-05 0.000432805 -0.0172102 0.0847566 
0.00933339 -0.0171151 -4.09767e-05 -4.69093e-05 -0.0171151 0.0845825 -5.52255e-05 0.00042517 -4.09767e-05 -5.52255e-05 0.00939179 -0.0171667 -4.69093e-05 0.00042517 -0.0171667 0.0844891 
0.00932603 -0.0171003 -4.21891e-05 -2.89913e-05 -0.0171003 0.0844146 -3.47467e-05 0.000381485 -4.21891e-05 -3.47467e-05 0.00936525 -0.0171158 -2.89913e-05 0.000381485 -0.0171158 0.0842866 
0.0093364 -0.0171253 -4.68247e-05 -2.71358e-05 -0.0171253 0.0844787 -3.03786e-05 0.000355134 -4.68247e-05 -3.03786e-05 0.00935003 -0.0171053 -2.71358e-05 0.000355134 -0.0171053 0.0842516 
0.00935086 -0.0171699 -3.79105e-05 -2.18478e-05 -0.0171699 0.0846727 -2.69914e-05 0.000344775 -3.79105e-05 -2.69914e-05 0.00935495 -0.017114 -2.18478e-05 0.000344775 -0.017114 0.0843426 
0.00932562 -0.0171523 -2.47436e-05 -3.18813e-05 -0.0171523 0.0846015 -3.96958e-05 0.000357465 -2.47436e-05 -3.96958e-05 0.00934698 -0.0170744 -3.18813e-05 0.000357465 -0.0170744 0.0841789 
0.00930984 -0.0171302 -2.11008e-05 -4.81777e-05 -0.0171302 0.084558 -5.68106e-05 0.000391477 -2.11008e-05 -5.68106e-05 0.00934111 -0.0170697 -4.81777e-05 0.000391477 -0.0170697 0.0841206 
0.00928815 -0.01712 -1.8337e-05 -5.4708e-05 -0.01712 0.0845516 -5.96151e-05 0.000413918 -1.8337e-05 -5.96151e-05 0.00935897 -0.0170712 -5.4708e-05 0.000413918 -0.0170712 0.0841296 
0.00927412 -0.0170905 -3.57191e-05 -6.15403e-05 -0.0170905 0.0844967 -5.97736e-05 0.000426127 -3.57191e-05 -5.97736e-05 0.00937555 -0.0170917 -6.15403e-05 0.000426127 -0.0170917 0.0841623 
0.00926114 -0.0170375 -4.05908e-05 -3.88909e-05 -0.0170375 0.0842844 -3.58133e-05 0.000392261 -4.05908e-05 -3.58133e-05 0.00936786 -0.0170885 -3.88909e-05 0.000392261 -0.0170885 0.0840859 
0.00926457 -0.0170246 -4.12654e-05 -2.73043e-05 -0.0170246 0.0841849 -2.61088e-05 0.000350219 -4.12654e-05 -2.61088e-05 0.00934771 -0.0170857 -2.73043e-05 0.000350219 -0.0170857 0.0840627 
