0.0066063 0 4.53613e-05 0 0 0.00928896 0 0 4.53613e-05 0 0.00649779 0 0 0 0 0.00928896 
0.00971019 -0.0120521 3.65851e-05 -4.21638e-05 -0.0120521 0.0319472 -4.21638e-05 8.02405e-05 3.65851e-05 -4.21638e-05 0.00954725 -0.0118514 -4.21638e-05 8.02405e-05 -0.0118514 0.0315623 
0.00994251 -0.0185214 5.54157e-06 6.00904e-05 -0.0185214 0.0682195 6.00904e-05 -0.000223484 5.54157e-06 6.00904e-05 0.00980871 -0.0182388 6.00904e-05 -0.000223484 -0.0182388 0.0673163 
0.00936849 -0.0182227 -1.13088e-06 0.000182336 -0.0182227 0.0816764 0.00018406 -0.000977535 -1.13088e-06 0.00018406 0.00937106 -0.0179933 0.000182336 -0.000977535 -0.0179933 0.08071 
0.00908847 -0.0171876 8.23342e-06 0.000156136 -0.0171876 0.0831282 0.00016395 -0.00119768 8.23342e-06 0.00016395 0.00922163 -0.0171315 0.000156136 -0.00119768 -0.0171315 0.0824889 
0.0088944 -0.0164204 4.15049e-05 8.55308e-05 -0.0164204 0.0810804 9.54513e-05 -0.000912219 4.15049e-05 9.54513e-05 0.0090109 -0.0165548 8.55308e-05 -0.000912219 -0.0165548 0.0809959 
0.00940604 -0.0171954 5.25985e-05 2.31514e-05 -0.0171954 0.0850521 3.03823e-05 -0.000614562 5.25985e-05 3.03823e-05 0.00943037 -0.0173529 2.31514e-05 -0.000614562 -0.0173529 0.0852906 
0.00918604 -0.0167739 6.22879e-05 6.95402e-06 -0.0167739 0.0828028 9.25541e-06 -0.000394156 6.22879e-05 9.25541e-06 0.00913811 -0.0168039 6.95402e-06 -0.000394156 -0.0168039 0.0829399 
0.00967977 -0.0176971 6.86571e-05 1.21361e-06 -0.0176971 0.0872628 -3.04774e-06 -0.000322238 6.86571e-05 -3.04774e-06 0.00960883 -0.0176191 1.21361e-06 -0.000322238 -0.0176191 0.0871433 
0.00953895 -0.0174724 4.8714e-05 7.50054e-06 -0.0174724 0.0861385 -2.57511e-06 -0.000299311 4.8714e-05 -2.57511e-06 0.00949226 -0.0173638 7.50054e-06 -0.000299311 -0.0173638 0.0858569 
0.00943086 -0.0172747 2.92405e-05 3.48373e-05 -0.0172747 0.0852094 2.35129e-05 -0.000341377 2.92405e-05 2.35129e-05 0.00941044 -0.0171972 3.48373e-05 -0.000341377 -0.0171972 0.0849265 
0.00938619 -0.0172034 3.18062e-05 6.19421e-05 -0.0172034 0.084866 5.36127e-05 -0.000416779 3.18062e-05 5.36127e-05 0.00938385 -0.0171649 6.19421e-05 -0.000416779 -0.0171649 0.0846654 
0.00933223 -0.0171453 2.06548e-05 5.71633e-05 -0.0171453 0.084597 5.53279e-05 -0.000449968 2.06548e-05 5.53279e-05 0.00938103 -0.017131 5.71633e-05 -0.000449968 -0.017131 0.084475 
0.00929399 -0.0170528 1.34488e-05 6.26676e-05 -0.0170528 0.0842373 6.82543e-05 -0.000465991 1.34488e-05 6.82543e-05 0.00934919 -0.0171043 6.26676e-05 -0.000465991 -0.0171043 0.0842535 
0.00926953 -0.0169864 1.95178e-05 6.47514e-05 -0.0169864 0.0838996 7.59063e-05 -0.00047435 1.95178e-05 7.59063e-05 0.00929688 -0.0170475 6.47514e-05 -0.00047435 -0.0170475 0.0839957 
0.00928308 -0.0170444 2.70766e-05 5.59053e-05 -0.0170444 0.0841347 6.56092e-05 -0.000460139 2.70766e-05 6.56092e-05 0.00930322 -0.0170704 5.59053e-05 -0.000460139 -0.0170704 0.0841973 
0.00929322 -0.0170317 3.8503e-05 4.43695e-05 -0.0170317 0.0841253 5.04706e-05 -0.000423347 3.8503e-05 5.04706e-05 0.00928005 -0.0170481 4.43695e-05 -0.000423347 -0.0170481 0.0841482 
0.00929279 -0.0170232 4.50513e-05 2.84694e-05 -0.0170232 0.0840349 3.15421e-05 -0.000375412 4.50513e-05 3.15421e-05 0.00925522 -0.0169959 2.84694e-05 -0.000375412 -0.0169959 0.0839728 
0.00926632 -0.0170087 4.75642e-05 1.77638e-05 -0.0170087 0.0839137 2.27482e-05 -0.000334449 4.75642e-05 2.27482e-05 0.0092417 -0.0169377 1.77638e-05 -0.000334449 -0.0169377 0.0837247 
0.00926503 -0.0169939 4.06762e-05 1.37921e-05 -0.0169939 0.0838852 2.00152e-05 -0.000313002 4.06762e-05 2.00152e-05 0.00923116 -0.0169315 1.37921e-05 -0.000313002 -0.0169315 0.0836442 
0.00923714 -0.0169583 4.87358e-05 2.73854e-05 -0.0169583 0.0837 3.06492e-05 -0.000328657 4.87358e-05 3.06492e-05 0.00922355 -0.0168888 2.73854e-05 -0.000328657 -0.0168888 0.0834383 
0.00923229 -0.0169643 5.72955e-05 2.0167e-05 -0.0169643 0.083755 1.96882e-05 -0.000325823 5.72955e-05 1.96882e-05 0.0092354 -0.0169167 2.0167e-05 -0.000325823 -0.0169167 0.0835112 
0.00921193 -0.0169401 4.18448e-05 7.85932e-06 -0.0169401 0.0836779 8.49584e-06 -0.000300723 4.18448e-05 8.49584e-06 0.0092376 -0.0169143 7.85932e-06 -0.000300723 -0.0169143 0.0834838 
0.00917013 -0.0168656 1.58779e-05 1.8653e-05 -0.0168656 0.0833696 2.19097e-05 -0.000298282 1.58779e-05 2.19097e-05 0.00921848 -0.0168765 1.8653e-05 -0.000298282 -0.0168765 0.0832662 
0.00914031 -0.0167776 -2.19397e-06 5.12133e-05 -0.0167776 0.082972 5.44678e-05 -0.000351875 -2.19397e-06 5.44678e-05 0.00917096 -0.0168207 5.12133e-05 -0.000351875 -0.0168207 0.0829665 
0.00912891 -0.0167451 3.90805e-06 7.52649e-05 -0.0167451 0.0827542 7.63313e-05 -0.00041262 3.90805e-06 7.63313e-05 0.009137 -0.0167675 7.52649e-05 -0.00041262 -0.0167675 0.082761 
0.00913925 -0.0167816 1.48922e-05 6.59994e-05 -0.0167816 0.0828729 6.4629e-05 -0.000415965 1.48922e-05 6.4629e-05 0.00914176 -0.0167643 6.59994e-05 -0.000415965 -0.0167643 0.0827962 
0.00913494 -0.0167741 2.74506e-05 5.15038e-05 -0.0167741 0.0828416 4.74211e-05 -0.000382158 2.74506e-05 4.74211e-05 0.00912824 -0.0167448 5.15038e-05 -0.000382158 -0.0167448 0.0826998 
0.00915166 -0.0168069 3.65804e-05 3.1846e-05 -0.0168069 0.0830068 2.8782e-05 -0.000332765 3.65804e-05 2.8782e-05 0.00912635 -0.0167702 3.1846e-05 -0.000332765 -0.0167702 0.0828354 
0.00917718 -0.0168385 4.72818e-05 1.51112e-05 -0.0168385 0.0831682 2.04957e-05 -0.000289224 4.72818e-05 2.04957e-05 0.00912955 -0.0167797 1.51112e-05 -0.000289224 -0.0167797 0.0829509 
0.00918836 -0.0168795 4.49086e-05 4.11387e-06 -0.0168795 0.0833425 1.45218e-05 -0.000265932 4.49086e-05 1.45218e-05 0.00915757 -0.0167948 4.11387e-06 -0.000265932 -0.0167948 0.0830671 
0.00920431 -0.0169018 3.5181e-05 1.10236e-05 -0.0169018 0.0834787 1.62716e-05 -0.000266337 3.5181e-05 1.62716e-05 0.00918428 -0.0168308 1.10236e-05 -0.000266337 -0.0168308 0.0831901 
0.00920092 -0.0169244 4.69169e-05 3.12891e-05 -0.0169244 0.0835827 2.94565e-05 -0.00030108 4.69169e-05 2.94565e-05 0.00922532 -0.0168653 3.12891e-05 -0.00030108 -0.0168653 0.0833113 
0.00920072 -0.0168891 5.00816e-05 1.847e-05 -0.0168891 0.0834742 1.53751e-05 -0.000299291 5.00816e-05 1.53751e-05 0.00921966 -0.0168883 1.847e-05 -0.000299291 -0.0168883 0.083306 
0.00918977 -0.0169057 4.53881e-05 1.38069e-05 -0.0169057 0.0835193 1.0609e-05 -0.00028576 4.53881e-05 1.0609e-05 0.00923628 -0.016913 1.38069e-05 -0.00028576 -0.016913 0.0834314 
0.00919167 -0.0169393 4.91e-05 1.95441e-05 -0.0169393 0.0837517 1.45724e-05 -0.000289092 4.91e-05 1.45724e-05 0.00927416 -0.0169755 1.95441e-05 -0.000289092 -0.0169755 0.0837268 
0.0091956 -0.0169039 3.94702e-05 1.74562e-05 -0.0169039 0.0836773 9.57474e-06 -0.000288725 3.94702e-05 9.57474e-06 0.0092501 -0.0169835 1.74562e-05 -0.000288725 -0.0169835 0.0837478 
0.00918536 -0.0168875 3.19243e-05 2.7791e-05 -0.0168875 0.0835558 1.82137e-05 -0.000297849 3.19243e-05 1.82137e-05 0.00922957 -0.0169358 2.7791e-05 -0.000297849 -0.0169358 0.0836257 
0.00914664 -0.0167977 2.77808e-05 3.43523e-05 -0.0167977 0.0831125 2.75093e-05 -0.000313495 2.77808e-05 2.75093e-05 0.00917886 -0.0168329 3.43523e-05 -0.000313495 -0.0168329 0.0831477 
0.00914035 -0.016776 2.17778e-05 3.72381e-05 -0.016776 0.0829607 3.46767e-05 -0.000327699 2.17778e-05 3.46767e-05 0.00915734 -0.0167954 3.72381e-05 -0.000327699 -0.0167954 0.0829585 
0.00914395 -0.0167407 2.88725e-05 4.23717e-05 -0.0167407 0.0827419 4.24866e-05 -0.000340164 2.88725e-05 4.24866e-05 0.00910746 -0.0167429 4.23717e-05 -0.000340164 -0.0167429 0.0827011 
0.0091454 -0.0167366 2.30905e-05 3.14193e-05 -0.0167366 0.0826011 3.16574e-05 -0.000324544 2.30905e-05 3.16574e-05 0.00906381 -0.0166744 3.14193e-05 -0.000324544 -0.0166744 0.0824477 
0.00914724 -0.0167655 1.27739e-05 3.87354e-05 -0.0167655 0.0826617 3.92465e-05 -0.000326651 1.27739e-05 3.92465e-05 0.00905108 -0.0166411 3.87354e-05 -0.000326651 -0.0166411 0.0823495 
0.0091814 -0.0168362 8.04983e-06 5.26889e-05 -0.0168362 0.0830204 5.51601e-05 -0.000357245 8.04983e-06 5.51601e-05 0.0090746 -0.0166904 5.26889e-05 -0.000357245 -0.0166904 0.0826044 
0.00919918 -0.0168934 4.2908e-06 5.67853e-05 -0.0168934 0.0833218 6.19061e-05 -0.000379364 4.2908e-06 6.19061e-05 0.00910762 -0.0167385 5.67853e-05 -0.000379364 -0.0167385 0.0828627 
0.00924575 -0.0169409 8.83444e-06 6.17959e-05 -0.0169409 0.0836224 7.04297e-05 -0.000400423 8.83444e-06 7.04297e-05 0.00912408 -0.0168064 6.17959e-05 -0.000400423 -0.0168064 0.0831843 
0.00927321 -0.0169582 2.41241e-05 5.43328e-05 -0.0169582 0.083652 6.46165e-05 -0.000396873 2.41241e-05 6.46165e-05 0.0091089 -0.0167855 5.43328e-05 -0.000396873 -0.0167855 0.083169 
0.00927418 -0.0169835 1.86878e-05 3.63081e-05 -0.0169835 0.0836763 4.44279e-05 -0.000362972 1.86878e-05 4.44279e-05 0.00911104 -0.0167495 3.63081e-05 -0.000362972 -0.0167495 0.0830574 
0.00924671 -0.0169968 2.2529e-05 4.43927e-05 -0.0169968 0.0837496 4.5961e-05 -0.000351325 2.2529e-05 4.5961e-05 0.00915019 -0.0167638 4.43927e-05 -0.000351325 -0.0167638 0.0830681 
0.00921211 -0.0169562 3.57198e-05 4.51418e-05 -0.0169562 0.0836941 4.14633e-05 -0.000350837 3.57198e-05 4.14633e-05 0.00918517 -0.01681 4.51418e-05 -0.000350837 -0.01681 0.0831386 
0.00916101 -0.0168372 4.63628e-05 3.07221e-05 -0.0168372 0.0832331 2.2762e-05 -0.000323549 4.63628e-05 2.2762e-05 0.00917738 -0.0167897 3.07221e-05 -0.000323549 -0.0167897 0.0829173 
0.00916873 -0.0168304 4.27247e-05 1.68831e-05 -0.0168304 0.0832148 5.57361e-06 -0.000285466 4.27247e-05 5.57361e-06 0.00919745 -0.0168505 1.68831e-05 -0.000285466 -0.0168505 0.0831293 
0.00919959 -0.0168534 3.46359e-05 2.09698e-05 -0.0168534 0.083295 7.46398e-06 -0.000272431 3.46359e-05 7.46398e-06 0.0092057 -0.0168932 2.09698e-05 -0.000272431 -0.0168932 0.0833359 
0.00926473 -0.01692 4.22962e-05 3.37944e-05 -0.01692 0.0835311 2.02333e-05 -0.000295215 4.22962e-05 2.02333e-05 0.00919084 -0.0169291 3.37944e-05 -0.000295215 -0.0169291 0.0835652 
0.00927177 -0.0169499 5.9092e-05 2.68079e-05 -0.0169499 0.0835188 1.42714e-05 -0.000299381 5.9092e-05 1.42714e-05 0.00915936 -0.0168601 2.68079e-05 -0.000299381 -0.0168601 0.083386 
0.00926192 -0.0169715 6.55434e-05 8.64858e-06 -0.0169715 0.0835874 -3.53326e-06 -0.000274326 6.55434e-05 -3.53326e-06 0.009158 -0.0168306 8.64858e-06 -0.000274326 -0.0168306 0.0832869 
0.0092461 -0.0169691 7.21923e-05 4.11666e-07 -0.0169691 0.0836357 -1.12772e-05 -0.000249332 7.21923e-05 -1.12772e-05 0.00917556 -0.0168367 4.11666e-07 -0.000249332 -0.0168367 0.0832865 
0.00921955 -0.0169066 7.74061e-05 -5.71995e-06 -0.0169066 0.0834113 -1.5255e-05 -0.000237353 7.74061e-05 -1.5255e-05 0.00916387 -0.016819 -5.71995e-06 -0.000237353 -0.016819 0.0831305 
0.00920694 -0.0168937 6.77391e-05 -1.43788e-05 -0.0168937 0.083367 -2.07761e-05 -0.000223362 6.77391e-05 -2.07761e-05 0.00917206 -0.0168392 -1.43788e-05 -0.000223362 -0.0168392 0.0831965 
0.00919089 -0.0168819 5.04635e-05 -7.27785e-06 -0.0168819 0.0833472 -7.27359e-06 -0.000231401 5.04635e-05 -7.27359e-06 0.00918223 -0.016856 -7.27785e-06 -0.000231401 -0.016856 0.0832701 
0.00915176 -0.0168445 3.59526e-05 1.03956e-05 -0.0168445 0.0832184 1.36872e-05 -0.00026484 3.59526e-05 1.36872e-05 0.00919854 -0.0168448 1.03956e-05 -0.00026484 -0.0168448 0.0832123 
0.00914187 -0.0168089 1.72691e-05 2.71283e-05 -0.0168089 0.0831561 2.81562e-05 -0.000301462 1.72691e-05 2.81562e-05 0.00920507 -0.0168801 2.71283e-05 -0.000301462 -0.0168801 0.0832915 
0.00913077 -0.0167742 6.89651e-06 5.01489e-05 -0.0167742 0.083003 4.82565e-05 -0.000345858 6.89651e-06 4.82565e-05 0.0091956 -0.0168686 5.01489e-05 -0.000345858 -0.0168686 0.0832456 
0.00912422 -0.0167273 1.31131e-05 6.27768e-05 -0.0167273 0.0827528 5.9829e-05 -0.000382584 1.31131e-05 5.9829e-05 0.00915545 -0.0168209 6.27768e-05 -0.000382584 -0.0168209 0.0830255 
0.00909326 -0.016653 4.05871e-05 5.41398e-05 -0.016653 0.0823014 5.12633e-05 -0.000379312 4.05871e-05 5.12633e-05 0.00909637 -0.0167045 5.41398e-05 -0.000379312 -0.0167045 0.0825152 
0.00906436 -0.0166418 5.78537e-05 1.83393e-05 -0.0166418 0.082157 1.60435e-05 -0.000316014 5.78537e-05 1.60435e-05 0.00907774 -0.016649 1.83393e-05 -0.000316014 -0.016649 0.082256 
0.0090493 -0.0166672 4.83646e-05 -7.10675e-06 -0.0166672 0.0823299 -7.61123e-06 -0.000242144 4.83646e-05 -7.61123e-06 0.00910507 -0.0166874 -7.10675e-06 -0.000242144 -0.0166874 0.0824004 
0.00901953 -0.0165939 3.08045e-05 -7.6128e-07 -0.0165939 0.082106 -3.5779e-07 -0.000216618 3.08045e-05 -3.5779e-07 0.00908768 -0.0166714 -7.6128e-07 -0.000216618 -0.0166714 0.0822703 
0.00969058 -0.0177454 3.9366e-05 2.48769e-05 -0.0177454 0.0878373 2.3825e-05 -0.00026627 3.9366e-05 2.3825e-05 0.00969692 -0.0178577 2.48769e-05 -0.00026627 -0.0178577 0.0881282 
0.0090805 -0.0166021 3.43559e-05 2.06804e-05 -0.0166021 0.0820321 1.93995e-05 -0.000267813 3.43559e-05 1.93995e-05 0.00901645 -0.0166413 2.06804e-05 -0.000267813 -0.0166413 0.0822596 
0.00910118 -0.0166771 3.08755e-05 2.16047e-05 -0.0166771 0.0822706 2.42544e-05 -0.000275424 3.08755e-05 2.42544e-05 0.00901993 -0.0166196 2.16047e-05 -0.000275424 -0.0166196 0.0823018 
0.00910169 -0.0167323 2.47598e-05 2.60502e-05 -0.0167323 0.0825514 3.03351e-05 -0.000288505 2.47598e-05 3.03351e-05 0.00905295 -0.0166386 2.60502e-05 -0.000288505 -0.0166386 0.0824176 
0.00908433 -0.0167312 1.38093e-05 3.5664e-05 -0.0167312 0.0826653 4.06031e-05 -0.000312725 1.38093e-05 4.06031e-05 0.0090864 -0.0166744 3.5664e-05 -0.000312725 -0.0166744 0.0825249 
0.00906883 -0.0166646 2.4444e-05 4.65105e-05 -0.0166646 0.0824544 5.23248e-05 -0.000337486 2.4444e-05 5.23248e-05 0.00907789 -0.0166656 4.65105e-05 -0.000337486 -0.0166656 0.0824088 
0.00906711 -0.0166325 5.47136e-05 3.05662e-05 -0.0166325 0.0822718 3.76808e-05 -0.000321654 5.47136e-05 3.76808e-05 0.00906441 -0.0166467 3.05662e-05 -0.000321654 -0.0166467 0.0822964 
0.00906038 -0.0166258 6.14697e-05 -7.23278e-06 -0.0166258 0.0821697 9.06061e-07 -0.000253029 6.14697e-05 9.06061e-07 0.0090601 -0.0166269 -7.23278e-06 -0.000253029 -0.0166269 0.0821925 
0.00912015 -0.0167149 5.79892e-05 -1.53958e-05 -0.0167149 0.0825906 -9.2267e-06 -0.000205359 5.79892e-05 -9.2267e-06 0.00908733 -0.016718 -1.53958e-05 -0.000205359 -0.016718 0.0826058 
0.00913804 -0.0167653 4.52551e-05 -5.69242e-06 -0.0167653 0.0827772 -4.39351e-06 -0.000205414 4.52551e-05 -4.39351e-06 0.00910922 -0.0167292 -5.69242e-06 -0.000205414 -0.0167292 0.082733 
0.00914705 -0.0168061 3.87439e-05 1.46535e-05 -0.0168061 0.0829958 1.16502e-05 -0.000241953 3.87439e-05 1.16502e-05 0.00915633 -0.0167789 1.46535e-05 -0.000241953 -0.0167789 0.0829378 
0.00917721 -0.0168336 4.79623e-05 2.60687e-05 -0.0168336 0.0831824 2.19445e-05 -0.000281295 4.79623e-05 2.19445e-05 0.00918519 -0.016849 2.60687e-05 -0.000281295 -0.016849 0.0831886 
0.00917314 -0.0168387 3.77662e-05 1.52433e-05 -0.0168387 0.0831663 1.28397e-05 -0.000283206 3.77662e-05 1.28397e-05 0.00919275 -0.016854 1.52433e-05 -0.000283206 -0.016854 0.0832094 
0.00918981 -0.0168428 2.84398e-05 2.50673e-05 -0.0168428 0.0831962 2.8845e-05 -0.000301601 2.84398e-05 2.8845e-05 0.00919166 -0.016871 2.50673e-05 -0.000301601 -0.016871 0.0832657 
0.00920432 -0.016859 2.03149e-05 3.73125e-05 -0.016859 0.0832107 4.61549e-05 -0.000339891 2.03149e-05 4.61549e-05 0.00919384 -0.0168589 3.73125e-05 -0.000339891 -0.0168589 0.0832395 
0.00920131 -0.0168762 1.76531e-05 4.69263e-05 -0.0168762 0.083238 5.84013e-05 -0.000375582 1.76531e-05 5.84013e-05 0.00920889 -0.0168546 4.69263e-05 -0.000375582 -0.0168546 0.0831976 
0.0092124 -0.0168954 2.20316e-05 5.37817e-05 -0.0168954 0.0833536 6.20357e-05 -0.000402396 2.20316e-05 6.20357e-05 0.00921893 -0.0168958 5.37817e-05 -0.000402396 -0.0168958 0.0833184 
0.00923177 -0.0169527 3.19474e-05 5.37878e-05 -0.0169527 0.0836283 5.39638e-05 -0.00040929 3.19474e-05 5.39638e-05 0.0092393 -0.0169448 5.37878e-05 -0.00040929 -0.0169448 0.0835813 
0.00924185 -0.0169381 3.91831e-05 4.14856e-05 -0.0169381 0.0836028 3.67584e-05 -0.000383928 3.91831e-05 3.67584e-05 0.00922067 -0.0169292 4.14856e-05 -0.000383928 -0.0169292 0.0835389 
0.00929034 -0.0169921 4.55973e-05 3.03294e-05 -0.0169921 0.0838273 2.55397e-05 -0.000351952 4.55973e-05 2.55397e-05 0.00921348 -0.0169555 3.03294e-05 -0.000351952 -0.0169555 0.0837225 
0.00932941 -0.0170648 4.88389e-05 2.28602e-05 -0.0170648 0.0840921 2.1645e-05 -0.000333292 4.88389e-05 2.1645e-05 0.0092061 -0.0169604 2.28602e-05 -0.000333292 -0.0169604 0.0838619 
0.00935631 -0.0171615 6.13098e-05 2.18431e-05 -0.0171615 0.0845309 1.99648e-05 -0.000327636 6.13098e-05 1.99648e-05 0.00925128 -0.016997 2.18431e-05 -0.000327636 -0.016997 0.0841436 
0.00933181 -0.0171362 6.41266e-05 1.02888e-05 -0.0171362 0.0845024 8.25469e-06 -0.000312406 6.41266e-05 8.25469e-06 0.00928411 -0.0169995 1.02888e-05 -0.000312406 -0.0169995 0.0841025 
0.00929424 -0.0170688 5.89655e-05 8.03344e-06 -0.0170688 0.0842658 7.67252e-06 -0.000305211 5.89655e-05 7.67252e-06 0.00930626 -0.0170146 8.03344e-06 -0.000305211 -0.0170146 0.0840225 
0.0092832 -0.0170275 4.48379e-05 1.64894e-05 -0.0170275 0.0841125 1.52509e-05 -0.000320991 4.48379e-05 1.52509e-05 0.00932148 -0.0170524 1.64894e-05 -0.000320991 -0.0170524 0.0840788 
0.00927182 -0.0170119 3.34609e-05 3.40332e-05 -0.0170119 0.0840173 2.85945e-05 -0.000351476 3.34609e-05 2.85945e-05 0.00933285 -0.0170745 3.40332e-05 -0.000351476 -0.0170745 0.084139 
0.00928223 -0.0170217 4.68093e-05 4.67951e-05 -0.0170217 0.0840767 3.75808e-05 -0.000378704 4.68093e-05 3.75808e-05 0.00933458 -0.0171165 4.67951e-05 -0.000378704 -0.0171165 0.0843095 
0.00926112 -0.0169647 5.00806e-05 2.89601e-05 -0.0169647 0.0837786 2.16038e-05 -0.000361251 5.00806e-05 2.16038e-05 0.00928445 -0.0170454 2.89601e-05 -0.000361251 -0.0170454 0.0840316 
0.0092088 -0.0169055 3.70155e-05 1.79158e-05 -0.0169055 0.0834338 1.56685e-05 -0.000328544 3.70155e-05 1.56685e-05 0.00924973 -0.016945 1.79158e-05 -0.000328544 -0.016945 0.0836169 
0.0091707 -0.0168435 2.71514e-05 3.01949e-05 -0.0168435 0.0831786 3.36945e-05 -0.000338001 2.71514e-05 3.36945e-05 0.00923106 -0.0168947 3.01949e-05 -0.000338001 -0.0168947 0.0833286 
0.00917003 -0.0167998 8.53872e-06 4.3469e-05 -0.0167998 0.0830014 4.89814e-05 -0.000370801 8.53872e-06 4.89814e-05 0.00919546 -0.0168792 4.3469e-05 -0.000370801 -0.0168792 0.0831954 
0.00920607 -0.0168697 -3.47692e-06 7.05504e-05 -0.0168697 0.0832687 7.38374e-05 -0.000429452 -3.47692e-06 7.38374e-05 0.00919971 -0.0169088 7.05504e-05 -0.000429452 -0.0169088 0.0834239 
0.00921449 -0.0168942 -1.89009e-05 8.82706e-05 -0.0168942 0.0833503 9.01237e-05 -0.000484413 -1.89009e-05 9.01237e-05 0.00918298 -0.0168788 8.82706e-05 -0.000484413 -0.0168788 0.0833717 
0.00919711 -0.0168691 -3.19175e-05 0.000107794 -0.0168691 0.0832204 0.000107649 -0.000532908 -3.19175e-05 0.000107649 0.00915737 -0.0168117 0.000107794 -0.000532908 -0.0168117 0.0831003 
0.00922279 -0.01689 -1.26345e-05 0.000121101 -0.01689 0.0833301 0.000120141 -0.00056895 -1.26345e-05 0.000120141 0.0091421 -0.0168173 0.000121101 -0.00056895 -0.0168173 0.0831227 
0.00923863 -0.016902 2.24801e-05 9.57931e-05 -0.016902 0.0833327 9.4239e-05 -0.000539909 2.24801e-05 9.4239e-05 0.00911586 -0.0167802 9.57931e-05 -0.000539909 -0.0167802 0.0830184 
0.00922508 -0.0169031 2.2336e-05 4.88119e-05 -0.0169031 0.0832716 4.51447e-05 -0.000438655 2.2336e-05 4.51447e-05 0.0090929 -0.0167263 4.88119e-05 -0.000438655 -0.0167263 0.0828176 
0.00919552 -0.016904 1.1e-05 4.48845e-05 -0.016904 0.083297 4.09001e-05 -0.000378747 1.1e-05 4.09001e-05 0.00912002 -0.0167114 4.48845e-05 -0.000378747 -0.0167114 0.0827546 
0.00918364 -0.0168654 2.77628e-05 6.00017e-05 -0.0168654 0.0832432 5.98731e-05 -0.0003919 2.77628e-05 5.98731e-05 0.00913732 -0.0167477 6.00017e-05 -0.0003919 -0.0167477 0.0827925 
0.00917844 -0.0168602 4.41204e-05 4.1823e-05 -0.0168602 0.0832516 4.49752e-05 -0.000382816 4.41204e-05 4.49752e-05 0.00916447 -0.0167943 4.1823e-05 -0.000382816 -0.0167943 0.0829565 
0.00921607 -0.0168834 5.47713e-05 1.70451e-05 -0.0168834 0.0834017 1.92206e-05 -0.000329175 5.47713e-05 1.92206e-05 0.00917861 -0.0168628 1.70451e-05 -0.000329175 -0.0168628 0.0832481 
0.00920706 -0.0168774 5.25313e-05 5.01546e-06 -0.0168774 0.0832886 4.10727e-06 -0.000281456 5.25313e-05 4.10727e-06 0.0091685 -0.016831 5.01546e-06 -0.000281456 -0.016831 0.0831591 
0.00923466 -0.0169152 5.3104e-05 7.57077e-06 -0.0169152 0.0834679 6.67078e-06 -0.000268359 5.3104e-05 6.67078e-06 0.00916909 -0.0168679 7.57077e-06 -0.000268359 -0.0168679 0.0833347 
0.00922226 -0.0169208 6.83894e-05 6.03377e-06 -0.0169208 0.0834538 1.00536e-05 -0.000269388 6.83894e-05 1.00536e-05 0.00917496 -0.0168353 6.03377e-06 -0.000269388 -0.0168353 0.0832575 
0.00922154 -0.0169272 6.8006e-05 -1.26672e-05 -0.0169272 0.0835307 -5.79571e-06 -0.000245269 6.8006e-05 -5.79571e-06 0.00918992 -0.0168615 -1.26672e-05 -0.000245269 -0.0168615 0.0833294 
0.00919097 -0.0168724 6.81237e-05 -1.05233e-05 -0.0168724 0.0832993 -7.92002e-06 -0.000230387 6.81237e-05 -7.92002e-06 0.00918631 -0.0168304 -1.05233e-05 -0.000230387 -0.0168304 0.0831491 
0.00918651 -0.0168607 5.58112e-05 -7.95029e-06 -0.0168607 0.0832715 -1.12439e-05 -0.000227321 5.58112e-05 -1.12439e-05 0.009196 -0.0168619 -7.95029e-06 -0.000227321 -0.0168619 0.083225 
0.00921259 -0.0168774 4.70089e-05 7.43563e-06 -0.0168774 0.0833657 1.68015e-06 -0.000247455 4.70089e-05 1.68015e-06 0.00919631 -0.0169018 7.43563e-06 -0.000247455 -0.0169018 0.0834092 
0.00925155 -0.0169445 5.05603e-05 2.12254e-05 -0.0169445 0.0836389 1.51384e-05 -0.000282635 5.05603e-05 1.51384e-05 0.00920572 -0.0169419 2.12254e-05 -0.000282635 -0.0169419 0.0836827 
0.00925989 -0.016976 5.57143e-05 1.65638e-05 -0.016976 0.0837516 1.1663e-05 -0.000291101 5.57143e-05 1.1663e-05 0.00921424 -0.0169264 1.65638e-05 -0.000291101 -0.0169264 0.0837021 
0.00926649 -0.017006 6.46059e-05 6.67881e-06 -0.017006 0.0839179 4.7111e-06 -0.000275871 6.46059e-05 4.7111e-06 0.00923987 -0.0169535 6.67881e-06 -0.000275871 -0.0169535 0.0838172 
0.0092416 -0.0169704 5.94159e-05 -4.50163e-06 -0.0169704 0.0837911 -4.55235e-06 -0.000253406 5.94159e-05 -4.55235e-06 0.00924909 -0.0169423 -4.50163e-06 -0.000253406 -0.0169423 0.0837145 
0.00920141 -0.0169403 6.31964e-05 -3.72355e-07 -0.0169403 0.083685 1.01315e-06 -0.000249879 6.31964e-05 1.01315e-06 0.00928007 -0.0169528 -3.72355e-07 -0.000249879 -0.0169528 0.0836868 
0.00916959 -0.0168701 5.44817e-05 -3.86897e-06 -0.0168701 0.0834588 -2.22752e-07 -0.000250403 5.44817e-05 -2.22752e-07 0.00928475 -0.0169727 -3.86897e-06 -0.000250403 -0.0169727 0.0836377 
0.00916943 -0.0168182 5.28475e-05 5.91675e-06 -0.0168182 0.0832363 1.10856e-05 -0.000266429 5.28475e-05 1.10856e-05 0.00925595 -0.0169727 5.91675e-06 -0.000266429 -0.0169727 0.0835862 
0.0092036 -0.0168859 5.11498e-05 1.00783e-05 -0.0168859 0.083476 1.45648e-05 -0.000283838 5.11498e-05 1.45648e-05 0.00926581 -0.0170078 1.00783e-05 -0.000283838 -0.0170078 0.0838426 
0.00923618 -0.0169367 5.21231e-05 1.20298e-05 -0.0169367 0.0836983 1.70047e-05 -0.00029386 5.21231e-05 1.70047e-05 0.00927119 -0.017025 1.20298e-05 -0.00029386 -0.017025 0.0839981 
0.00921111 -0.0168892 4.9958e-05 8.9392e-06 -0.0168892 0.0834335 1.41128e-05 -0.000289166 4.9958e-05 1.41128e-05 0.00924152 -0.0169452 8.9392e-06 -0.000289166 -0.0169452 0.0836536 
0.00919307 -0.0168468 3.4276e-05 1.22707e-05 -0.0168468 0.0832033 1.63143e-05 -0.000291057 3.4276e-05 1.63143e-05 0.00922629 -0.0168929 1.22707e-05 -0.000291057 -0.0168929 0.0833663 
0.0092322 -0.0168721 1.41651e-05 3.71022e-05 -0.0168721 0.0832829 3.82653e-05 -0.000334582 1.41651e-05 3.82653e-05 0.00920556 -0.0169167 3.71022e-05 -0.000334582 -0.0169167 0.0834198 
0.00926237 -0.0169305 1.64094e-05 6.90212e-05 -0.0169305 0.0834345 6.55464e-05 -0.000408761 1.64094e-05 6.55464e-05 0.00919667 -0.0168996 6.90212e-05 -0.000408761 -0.0168996 0.083444 
0.00928426 -0.0170451 1.5121e-05 7.26103e-05 -0.0170451 0.0839306 6.7523e-05 -0.00045436 1.5121e-05 6.7523e-05 0.00925238 -0.0169554 7.26103e-05 -0.00045436 -0.0169554 0.0837688 
0.00930116 -0.0170694 1.71239e-05 7.46983e-05 -0.0170694 0.0841855 6.75922e-05 -0.000469737 1.71239e-05 6.75922e-05 0.00929011 -0.0170237 7.46983e-05 -0.000469737 -0.0170237 0.0840238 
0.00928342 -0.0170757 2.18228e-05 7.05711e-05 -0.0170757 0.0842605 6.15277e-05 -0.000463746 2.18228e-05 6.15277e-05 0.0093351 -0.0170622 7.05711e-05 -0.000463746 -0.0170622 0.0841799 
0.00930607 -0.0171155 3.46456e-05 6.22248e-05 -0.0171155 0.0845769 5.29221e-05 -0.000445206 3.46456e-05 5.29221e-05 0.0093933 -0.0171844 6.22248e-05 -0.000445206 -0.0171844 0.0846642 
0.00932133 -0.0170967 3.43839e-05 4.45874e-05 -0.0170967 0.0845474 3.93476e-05 -0.000411651 3.43839e-05 3.93476e-05 0.00938548 -0.0172176 4.45874e-05 -0.000411651 -0.0172176 0.0848061 
0.00934133 -0.0170988 4.01312e-05 4.42164e-05 -0.0170988 0.0845015 4.23259e-05 -0.00039844 4.01312e-05 4.23259e-05 0.00936801 -0.0172008 4.42164e-05 -0.00039844 -0.0172008 0.0848122 
0.00936526 -0.0171136 3.56843e-05 3.718e-05 -0.0171136 0.0844797 3.3225e-05 -0.000383639 3.56843e-05 3.3225e-05 0.00934319 -0.0171673 3.718e-05 -0.000383639 -0.0171673 0.0847221 
0.00936037 -0.0171066 2.50971e-05 4.24371e-05 -0.0171066 0.0843328 3.49863e-05 -0.000378986 2.50971e-05 3.49863e-05 0.00930757 -0.0170939 4.24371e-05 -0.000378986 -0.0170939 0.0844315 
0.0093712 -0.0171536 2.62008e-05 5.43733e-05 -0.0171536 0.0845169 4.58524e-05 -0.000396112 2.62008e-05 4.58524e-05 0.00930854 -0.0171052 5.43733e-05 -0.000396112 -0.0171052 0.0845009 
0.00938729 -0.0171356 4.01771e-05 5.52814e-05 -0.0171356 0.084459 4.69667e-05 -0.00040866 4.01771e-05 4.69667e-05 0.00927072 -0.017075 5.52814e-05 -0.00040866 -0.017075 0.0843819 
0.00939045 -0.0171509 3.52758e-05 4.15753e-05 -0.0171509 0.0844423 3.09729e-05 -0.000392136 3.52758e-05 3.09729e-05 0.00924949 -0.0170289 4.15753e-05 -0.000392136 -0.0170289 0.0842592 
0.00937327 -0.0171479 2.92433e-05 4.49489e-05 -0.0171479 0.0844042 3.58808e-05 -0.000385056 2.92433e-05 3.58808e-05 0.00924475 -0.0169906 4.49489e-05 -0.000385056 -0.0169906 0.084108 
0.0093433 -0.0171291 2.18954e-05 4.52255e-05 -0.0171291 0.0843578 4.40096e-05 -0.000390124 2.18954e-05 4.40096e-05 0.00925583 -0.016985 4.52255e-05 -0.000390124 -0.016985 0.0840385 
0.00929073 -0.0170816 3.30559e-05 4.84404e-05 -0.0170816 0.0842252 5.24303e-05 -0.000396012 3.30559e-05 5.24303e-05 0.00927636 -0.0169904 4.84404e-05 -0.000396012 -0.0169904 0.0839911 
0.00924687 -0.0169896 4.80447e-05 3.3213e-05 -0.0169896 0.0839407 3.93927e-05 -0.000374607 4.80447e-05 3.93927e-05 0.00927645 -0.0169997 3.3213e-05 -0.000374607 -0.0169997 0.0839214 
0.00920375 -0.0169037 4.4449e-05 1.20327e-05 -0.0169037 0.0835786 1.87811e-05 -0.000324886 4.4449e-05 1.87811e-05 0.00926344 -0.0169769 1.20327e-05 -0.000324886 -0.0169769 0.0837689 
0.00918478 -0.0168326 3.29434e-05 1.53035e-05 -0.0168326 0.0832554 2.09168e-05 -0.000303174 3.29434e-05 2.09168e-05 0.00923437 -0.016949 1.53035e-05 -0.000303174 -0.016949 0.0836009 
0.00918902 -0.0168131 9.72023e-06 3.21031e-05 -0.0168131 0.0830944 3.20814e-05 -0.000319849 9.72023e-06 3.20814e-05 0.00920569 -0.0169193 3.21031e-05 -0.000319849 -0.0169193 0.0834896 
0.00921194 -0.0168367 8.87532e-06 6.44894e-05 -0.0168367 0.0831213 5.80807e-05 -0.000374372 8.87532e-06 5.80807e-05 0.00918217 -0.0169011 6.44894e-05 -0.000374372 -0.0169011 0.0834603 
0.00923437 -0.0168769 9.59007e-06 6.82532e-05 -0.0168769 0.0832303 5.92792e-05 -0.000405944 9.59007e-06 5.92792e-05 0.00917389 -0.0168792 6.82532e-05 -0.000405944 -0.0168792 0.0834364 
0.00923411 -0.0169167 2.75308e-05 6.7032e-05 -0.0169167 0.0833617 5.78236e-05 -0.000410345 2.75308e-05 5.78236e-05 0.00918559 -0.0168644 6.7032e-05 -0.000410345 -0.0168644 0.0834028 
