0.00675862 0 -2.26897e-05 0 0 0.00943923 0 0 -2.26897e-05 0 0.00654693 0 0 0 0 0.00943923 
0.0098676 -0.0122434 -3.0533e-05 3.75145e-05 -0.0122434 0.032428 3.75145e-05 -7.15253e-05 -3.0533e-05 3.75145e-05 0.00962161 -0.0119471 3.75145e-05 -7.15253e-05 -0.0119471 0.0318599 
0.00926153 -0.0172305 -1.745e-05 3.45824e-05 -0.0172305 0.0634734 3.45824e-05 -0.000107992 -1.745e-05 3.45824e-05 0.00914598 -0.0170926 3.45824e-05 -0.000107992 -0.0170926 0.063094 
0.0087012 -0.0166551 -1.18105e-05 7.94428e-06 -0.0166551 0.0746032 1.37629e-05 -3.20771e-05 -1.18105e-05 1.37629e-05 0.00864444 -0.0168554 7.94428e-06 -3.20771e-05 -0.0168554 0.0758028 
0.00916113 -0.0169615 4.24721e-07 1.05158e-06 -0.0169615 0.0814681 7.91656e-06 1.94135e-05 4.24721e-07 7.91656e-06 0.00911785 -0.0172125 1.05158e-06 1.94135e-05 -0.0172125 0.0835278 
0.00896554 -0.0163442 1.45192e-05 -4.33544e-06 -0.0163442 0.0798294 -5.90037e-06 3.37271e-05 1.45192e-05 -5.90037e-06 0.00890413 -0.0165103 -4.33544e-06 3.37271e-05 -0.0165103 0.0815447 
0.00941926 -0.017161 1.60309e-05 -2.00653e-05 -0.017161 0.0841418 -2.86912e-05 6.77907e-05 1.60309e-05 -2.86912e-05 0.00937241 -0.0172642 -2.00653e-05 6.77907e-05 -0.0172642 0.0854475 
0.00915531 -0.0166725 5.71919e-06 -2.42826e-05 -0.0166725 0.0819864 -3.57186e-05 9.46863e-05 5.71919e-06 -3.57186e-05 0.00911236 -0.0167788 -2.42826e-05 9.46863e-05 -0.0167788 0.0829901 
0.00964977 -0.017522 -7.83462e-06 -1.15236e-05 -0.017522 0.0862852 -2.52615e-05 8.88615e-05 -7.83462e-06 -2.52615e-05 0.00957085 -0.0176465 -1.15236e-05 8.88615e-05 -0.0176465 0.0872605 
0.00947392 -0.0172452 -5.63795e-06 5.49298e-06 -0.0172452 0.084859 -1.02404e-05 5.719e-05 -5.63795e-06 -1.02404e-05 0.00942391 -0.0173384 5.49298e-06 5.719e-05 -0.0173384 0.085763 
0.00936212 -0.0171081 -2.72107e-05 1.33715e-06 -0.0171081 0.0842283 -1.03845e-05 4.70612e-05 -2.72107e-05 -1.03845e-05 0.00939215 -0.0172293 1.33715e-06 4.70612e-05 -0.0172293 0.0851385 
0.00932773 -0.0170251 -2.62026e-05 2.34424e-05 -0.0170251 0.083971 2.32037e-05 3.08377e-06 -2.62026e-05 2.32037e-05 0.0093718 -0.0172426 2.34424e-05 3.08377e-06 -0.0172426 0.0850457 
0.00931074 -0.0169553 -1.24906e-05 2.22141e-05 -0.0169553 0.0836446 3.30423e-05 -3.37258e-05 -1.24906e-05 3.30423e-05 0.00932149 -0.0171951 2.22141e-05 -3.37258e-05 -0.0171951 0.0848409 
0.00932938 -0.0169394 -1.08796e-05 3.90323e-06 -0.0169394 0.0834897 2.24416e-05 -2.66163e-05 -1.08796e-05 2.24416e-05 0.0092685 -0.0171363 3.90323e-06 -2.66163e-05 -0.0171363 0.0846525 
0.00935629 -0.016996 -1.89141e-05 -4.99568e-07 -0.016996 0.0836105 1.67874e-05 -8.6439e-06 -1.89141e-05 1.67874e-05 0.0092464 -0.0170929 -4.99568e-07 -8.6439e-06 -0.0170929 0.0845741 
0.00934791 -0.0169973 -2.30404e-05 1.10989e-05 -0.0169973 0.0835499 2.30095e-05 -1.5337e-05 -2.30404e-05 2.30095e-05 0.00921807 -0.017024 1.10989e-05 -1.5337e-05 -0.017024 0.0842949 
0.009301 -0.016965 -2.07791e-05 1.98359e-05 -0.016965 0.0833782 2.76802e-05 -3.41398e-05 -2.07791e-05 2.76802e-05 0.00921347 -0.0169611 1.98359e-05 -3.41398e-05 -0.0169611 0.0839804 
0.00930665 -0.0170114 -2.60803e-05 1.96635e-05 -0.0170114 0.083708 2.57246e-05 -4.24335e-05 -2.60803e-05 2.57246e-05 0.00926328 -0.0170556 1.96635e-05 -4.24335e-05 -0.0170556 0.0843292 
0.0093297 -0.0170015 -1.55084e-05 2.57154e-05 -0.0170015 0.0837896 3.19206e-05 -5.41392e-05 -1.55084e-05 3.19206e-05 0.0092582 -0.0171111 2.57154e-05 -5.41392e-05 -0.0171111 0.0845488 
0.00934551 -0.0170375 -9.65063e-07 1.25223e-05 -0.0170375 0.0839239 1.93499e-05 -4.00053e-05 -9.65063e-07 1.93499e-05 0.00926286 -0.0171249 1.25223e-05 -4.00053e-05 -0.0171249 0.0847267 
0.00933882 -0.017012 3.04272e-06 -4.38474e-06 -0.017012 0.0838082 -6.03407e-08 -3.13686e-06 3.04272e-06 -6.03407e-08 0.00924693 -0.0170827 -4.38474e-06 -3.13686e-06 -0.0170827 0.0845785 
0.00933786 -0.0169913 -7.82022e-06 -8.71531e-06 -0.0169913 0.0836818 -7.20576e-06 2.267e-05 -7.82022e-06 -7.20576e-06 0.00923294 -0.0170453 -8.71531e-06 2.267e-05 -0.0170453 0.0844059 
0.00934871 -0.0170568 -2.12416e-05 7.74071e-06 -0.0170568 0.0839425 7.17524e-06 4.91723e-06 -2.12416e-05 7.17524e-06 0.00928027 -0.0170881 7.74071e-06 4.91723e-06 -0.0170881 0.084608 
0.009357 -0.0170778 -2.12861e-05 2.82974e-05 -0.0170778 0.0841118 2.58242e-05 -4.18402e-05 -2.12861e-05 2.58242e-05 0.00932172 -0.017145 2.82974e-05 -4.18402e-05 -0.017145 0.0847938 
0.00937206 -0.0170575 -1.82812e-05 3.2143e-05 -0.0170575 0.0840585 2.53849e-05 -6.83852e-05 -1.82812e-05 2.53849e-05 0.00931365 -0.0171755 3.2143e-05 -6.83852e-05 -0.0171755 0.0848492 
0.00937068 -0.0170542 -1.5283e-05 2.77657e-05 -0.0170542 0.0839618 1.89753e-05 -6.51384e-05 -1.5283e-05 1.89753e-05 0.00929558 -0.0171519 2.77657e-05 -6.51384e-05 -0.0171519 0.08478 
0.00934654 -0.0170159 -1.12649e-05 2.50385e-05 -0.0170159 0.0837391 1.68468e-05 -6.03684e-05 -1.12649e-05 1.68468e-05 0.00926479 -0.0170939 2.50385e-05 -6.03684e-05 -0.0170939 0.0845254 
0.00934387 -0.0169997 -8.62479e-07 1.92249e-05 -0.0169997 0.0836545 1.61923e-05 -5.70181e-05 -8.62479e-07 1.61923e-05 0.00925082 -0.0170716 1.92249e-05 -5.70181e-05 -0.0170716 0.0844213 
0.00933603 -0.0170031 5.27938e-06 5.50481e-06 -0.0170031 0.0836437 5.79841e-06 -3.7756e-05 5.27938e-06 5.79841e-06 0.00926282 -0.0170665 5.50481e-06 -3.7756e-05 -0.0170665 0.0843998 
0.00932862 -0.0170356 6.65442e-06 -5.07624e-06 -0.0170356 0.0838237 -7.4538e-06 -4.33453e-06 6.65442e-06 -7.4538e-06 0.0093124 -0.0171192 -5.07624e-06 -4.33453e-06 -0.0171192 0.0846044 
0.00934636 -0.0170196 5.6643e-06 -9.15333e-06 -0.0170196 0.0838566 -1.55537e-05 2.52221e-05 5.6643e-06 -1.55537e-05 0.00931773 -0.0171761 -9.15333e-06 2.52221e-05 -0.0171761 0.0847698 
0.00933015 -0.0170238 -7.78629e-06 -9.51389e-06 -0.0170238 0.0838264 -1.48969e-05 3.74284e-05 -7.78629e-06 -1.48969e-05 0.00932209 -0.0171757 -9.51389e-06 3.74284e-05 -0.0171757 0.0848134 
0.00929728 -0.0169774 -1.39181e-05 5.99049e-06 -0.0169774 0.0836523 5.9808e-06 1.15577e-05 -1.39181e-05 5.9808e-06 0.00930361 -0.0171486 5.99049e-06 1.15577e-05 -0.0171486 0.0846786 
0.00925831 -0.016926 6.71607e-07 1.02353e-05 -0.016926 0.0834555 1.70802e-05 -1.35354e-05 6.71607e-07 1.70802e-05 0.00929035 -0.0171107 1.02353e-05 -1.35354e-05 -0.0171107 0.0845127 
0.00925809 -0.0168757 8.33796e-06 -3.80956e-06 -0.0168757 0.0832847 4.5356e-06 -8.44671e-06 8.33796e-06 4.5356e-06 0.00925852 -0.0170921 -3.80956e-06 -8.44671e-06 -0.0170921 0.0843998 
0.0092894 -0.0168925 1.17499e-05 -1.30215e-05 -0.0168925 0.0832895 -7.25761e-06 1.58212e-05 1.17499e-05 -7.25761e-06 0.0092247 -0.0170662 -1.30215e-05 1.58212e-05 -0.0170662 0.0843626 
0.00926848 -0.0168968 7.99501e-06 -1.54284e-05 -0.0168968 0.0831853 -1.06528e-05 2.7546e-05 7.99501e-06 -1.06528e-05 0.00920583 -0.0169825 -1.54284e-05 2.7546e-05 -0.0169825 0.0840788 
0.00927176 -0.0169117 2.73893e-06 -1.03266e-05 -0.0169117 0.0832822 -7.61975e-06 2.48872e-05 2.73893e-06 -7.61975e-06 0.00920716 -0.0169823 -1.03266e-05 2.48872e-05 -0.0169823 0.0840432 
0.00928331 -0.0169422 7.20845e-06 -2.37795e-06 -0.0169422 0.0834529 -3.18018e-06 1.28088e-05 7.20845e-06 -3.18018e-06 0.00922307 -0.0170089 -2.37795e-06 1.28088e-05 -0.0170089 0.0841635 
0.00926809 -0.0169196 1.14183e-05 -4.028e-06 -0.0169196 0.0833739 -4.72124e-06 5.0706e-06 1.14183e-05 -4.72124e-06 0.00922399 -0.0169953 -4.028e-06 5.0706e-06 -0.0169953 0.0840833 
0.00927465 -0.016943 2.50747e-06 -6.23136e-06 -0.016943 0.0835198 -7.96689e-06 3.80766e-06 2.50747e-06 -7.96689e-06 0.00924416 -0.0170437 -6.23136e-06 3.80766e-06 -0.0170437 0.0842783 
0.00927541 -0.0169567 1.01393e-05 4.41953e-06 -0.0169567 0.0836291 1.00763e-06 -9.96661e-06 1.01393e-05 1.00763e-06 0.00925708 -0.017076 4.41953e-06 -9.96661e-06 -0.017076 0.0844434 
0.0092568 -0.016911 1.83313e-05 -8.24962e-06 -0.016911 0.083454 -9.28632e-06 1.20054e-06 1.83313e-05 -9.28632e-06 0.00922465 -0.0170413 -8.24962e-06 1.20054e-06 -0.0170413 0.0843017 
0.00924073 -0.0168701 1.21209e-05 -2.10844e-05 -0.0168701 0.0832517 -1.4987e-05 2.3481e-05 1.21209e-05 -1.4987e-05 0.00918501 -0.016979 -2.10844e-05 2.3481e-05 -0.016979 0.0840712 
0.00918545 -0.0167588 2.2275e-05 -1.75883e-05 -0.0167588 0.0826816 -9.71449e-06 2.87439e-05 2.2275e-05 -9.71449e-06 0.00911969 -0.0168319 -1.75883e-05 2.87439e-05 -0.0168319 0.0834125 
0.00911378 -0.0166422 2.37379e-05 -2.91065e-05 -0.0166422 0.0820645 -2.35672e-05 4.83955e-05 2.37379e-05 -2.35672e-05 0.00906556 -0.0166919 -2.91065e-05 4.83955e-05 -0.0166919 0.0827026 
0.00911569 -0.0166321 1.05245e-05 -2.76613e-05 -0.0166321 0.08202 -2.64716e-05 5.91247e-05 1.05245e-05 -2.64716e-05 0.00905204 -0.0167013 -2.76613e-05 5.91247e-05 -0.0167013 0.0826487 
0.00913277 -0.016667 9.40359e-06 -9.34268e-06 -0.016667 0.0821526 -1.17484e-05 3.65759e-05 9.40359e-06 -1.17484e-05 0.00905071 -0.0167182 -9.34268e-06 3.65759e-05 -0.0167182 0.0827584 
0.0091421 -0.0166698 -9.86372e-06 -4.92875e-06 -0.0166698 0.0821453 -7.90325e-06 1.35417e-05 -9.86372e-06 -7.90325e-06 0.00903753 -0.0166906 -4.92875e-06 1.35417e-05 -0.0166906 0.0826762 
0.00914825 -0.0167073 -9.75183e-06 1.58123e-05 -0.0167073 0.0822846 1.53173e-05 -2.53124e-05 -9.75183e-06 1.53173e-05 0.00904399 -0.0167001 1.58123e-05 -2.53124e-05 -0.0167001 0.0827384 
0.00915512 -0.0167086 3.4819e-06 1.66131e-05 -0.0167086 0.0823295 1.64618e-05 -4.69024e-05 3.4819e-06 1.64618e-05 0.00903161 -0.0167035 1.66131e-05 -4.69024e-05 -0.0167035 0.0827524 
0.00912137 -0.0166591 -1.03397e-05 -1.4095e-07 -0.0166591 0.0820781 -2.50505e-07 -2.57148e-05 -1.03397e-05 -2.50505e-07 0.00900749 -0.0166336 -1.4095e-07 -2.57148e-05 -0.0166336 0.0824641 
0.00910328 -0.0166545 -1.53495e-05 1.4263e-05 -0.0166545 0.0820813 1.28297e-05 -2.86917e-05 -1.53495e-05 1.28297e-05 0.00902524 -0.0166411 1.4263e-05 -2.86917e-05 -0.0166411 0.0824714 
0.00909808 -0.0166287 4.75328e-06 2.34986e-05 -0.0166287 0.0820311 2.03957e-05 -5.2168e-05 4.75328e-06 2.03957e-05 0.00903307 -0.0166626 2.34986e-05 -5.2168e-05 -0.0166626 0.0825065 
0.00973796 -0.0177814 2.85444e-05 -2.58379e-06 -0.0177814 0.0877105 -3.81539e-06 -2.47488e-05 2.85444e-05 -3.81539e-06 0.00965371 -0.0178324 -2.58379e-06 -2.47488e-05 -0.0178324 0.088288 
0.00971822 -0.0177641 2.42256e-05 -3.57682e-05 -0.0177641 0.0875933 -3.39246e-05 4.72753e-05 2.42256e-05 -3.39246e-05 0.00963171 -0.0178008 -3.57682e-05 4.72753e-05 -0.0178008 0.0881743 
0.00973189 -0.0177672 4.6296e-06 -3.31008e-05 -0.0177672 0.0876403 -3.11107e-05 7.83658e-05 4.6296e-06 -3.11107e-05 0.00961636 -0.0178033 -3.31008e-05 7.83658e-05 -0.0178033 0.0882175 
0.00969662 -0.0177549 -8.77105e-06 -7.23333e-06 -0.0177549 0.0875347 -6.66366e-06 4.36396e-05 -8.77105e-06 -6.66366e-06 0.00962156 -0.0177445 -7.23333e-06 4.36396e-05 -0.0177445 0.0880251 
0.00968261 -0.0177339 -1.88326e-05 1.53467e-05 -0.0177339 0.087523 1.51781e-05 -1.77753e-05 -1.88326e-05 1.51781e-05 0.00963051 -0.0177582 1.53467e-05 -1.77753e-05 -0.0177582 0.0879999 
0.0096964 -0.0177437 -1.28101e-05 2.89112e-05 -0.0177437 0.0876156 2.97818e-05 -6.7654e-05 -1.28101e-05 2.97818e-05 0.00964372 -0.017791 2.89112e-05 -6.7654e-05 -0.017791 0.0881263 
0.00908957 -0.0166215 5.75366e-06 1.77223e-05 -0.0166215 0.0820662 1.88459e-05 -6.40754e-05 5.75366e-06 1.88459e-05 0.00902458 -0.0166669 1.77223e-05 -6.40754e-05 -0.0166669 0.0825592 
0.00907954 -0.016604 1.61869e-05 -6.05969e-06 -0.016604 0.0819622 -6.65181e-06 -1.78036e-05 1.61869e-05 -6.65181e-06 0.00901372 -0.0166374 -6.05969e-06 -1.78036e-05 -0.0166374 0.0824451 
0.0090949 -0.0166363 1.9376e-05 -1.83113e-05 -0.0166363 0.08212 -2.10811e-05 2.6928e-05 1.9376e-05 -2.10811e-05 0.00903566 -0.0166712 -1.83113e-05 2.6928e-05 -0.0166712 0.0826033 
0.00909262 -0.0166539 9.18944e-06 -2.14711e-05 -0.0166539 0.0822199 -2.39128e-05 4.81074e-05 9.18944e-06 -2.39128e-05 0.00906842 -0.016703 -2.14711e-05 4.81074e-05 -0.016703 0.0827375 
0.00910498 -0.0166351 1.15681e-05 -9.03501e-06 -0.0166351 0.0821846 -1.00573e-05 3.34843e-05 1.15681e-05 -1.00573e-05 0.00906487 -0.0167289 -9.03501e-06 3.34843e-05 -0.0167289 0.0827904 
0.00909837 -0.0166328 2.43529e-05 -7.95442e-06 -0.0166328 0.0821051 -9.64388e-06 1.78114e-05 2.43529e-05 -9.64388e-06 0.0090583 -0.0167081 -7.95442e-06 1.78114e-05 -0.0167081 0.0827271 
0.00910287 -0.0166597 1.11703e-05 -2.19825e-05 -0.0166597 0.0822294 -2.61816e-05 3.73714e-05 1.11703e-05 -2.61816e-05 0.00908103 -0.0167327 -2.19825e-05 3.73714e-05 -0.0167327 0.0828427 
0.00910761 -0.016655 -1.20264e-05 -1.24169e-05 -0.016655 0.0822422 -1.67012e-05 4.26424e-05 -1.20264e-05 -1.67012e-05 0.00908235 -0.0167501 -1.24169e-05 4.26424e-05 -0.0167501 0.0828864 
0.00908661 -0.0166041 -2.88634e-05 1.18446e-05 -0.0166041 0.0819827 1.05282e-05 5.25459e-06 -2.88634e-05 1.05282e-05 0.00904711 -0.0167026 1.18446e-05 5.25459e-06 -0.0167026 0.0826606 
0.00909123 -0.016579 -4.4815e-05 3.32973e-05 -0.016579 0.0818322 2.86638e-05 -4.31638e-05 -4.4815e-05 2.86638e-05 0.00900806 -0.016665 3.32973e-05 -4.31638e-05 -0.016665 0.0825101 
0.00908828 -0.0166061 -5.15836e-05 5.5504e-05 -0.0166061 0.0818728 4.62523e-05 -9.17128e-05 -5.15836e-05 4.62523e-05 0.00900171 -0.0166341 5.5504e-05 -9.17128e-05 -0.0166341 0.0824543 
0.00907594 -0.0166222 -4.42217e-05 6.19301e-05 -0.0166222 0.0819729 5.42541e-05 -0.000120448 -4.42217e-05 5.42541e-05 0.00901727 -0.0166343 6.19301e-05 -0.000120448 -0.0166343 0.0824661 
0.00905247 -0.0165927 -1.81024e-05 5.11091e-05 -0.0165927 0.0819178 4.85167e-05 -0.000117952 -1.81024e-05 4.85167e-05 0.00902393 -0.0166354 5.11091e-05 -0.000117952 -0.0166354 0.0824217 
0.00905717 -0.016612 -6.958e-06 1.64293e-05 -0.016612 0.0820864 1.98822e-05 -6.5102e-05 -6.958e-06 1.98822e-05 0.00905571 -0.0166933 1.64293e-05 -6.5102e-05 -0.0166933 0.0826661 
0.00905439 -0.0165779 -7.84056e-06 3.44612e-07 -0.0165779 0.0819806 5.53078e-06 -1.34151e-05 -7.84056e-06 5.53078e-06 0.00904593 -0.0166925 3.44612e-07 -1.34151e-05 -0.0166925 0.0826429 
0.009062 -0.0165547 -1.1634e-05 5.18449e-07 -0.0165547 0.0818426 3.62552e-06 8.75223e-06 -1.1634e-05 3.62552e-06 0.00901176 -0.0166666 5.18449e-07 8.75223e-06 -0.0166666 0.082541 
0.00970779 -0.0177214 -1.72472e-05 4.96611e-06 -0.0177214 0.0875083 7.26704e-06 1.14911e-05 -1.72472e-05 7.26704e-06 0.009613 -0.0177785 4.96611e-06 1.14911e-05 -0.0177785 0.0881551 
0.00968511 -0.0176611 -2.34325e-05 1.34883e-05 -0.0176611 0.0871341 1.47887e-05 -4.21027e-06 -2.34325e-05 1.47887e-05 0.00954887 -0.0176645 1.34883e-05 -4.21027e-06 -0.0176645 0.0876373 
0.00965145 -0.0176518 -2.25498e-05 2.23073e-05 -0.0176518 0.0870034 2.47878e-05 -2.81564e-05 -2.25498e-05 2.47878e-05 0.00954399 -0.0176031 2.23073e-05 -2.81564e-05 -0.0176031 0.0873649 
0.00965254 -0.0176643 -1.60685e-05 2.17137e-05 -0.0176643 0.0871316 2.51395e-05 -3.83848e-05 -1.60685e-05 2.51395e-05 0.00957123 -0.0176486 2.17137e-05 -3.83848e-05 -0.0176486 0.0874849 
0.00965128 -0.017673 -7.73632e-06 1.65477e-05 -0.017673 0.0872214 1.52262e-05 -2.99165e-05 -7.73632e-06 1.52262e-05 0.00958889 -0.0176946 1.65477e-05 -2.99165e-05 -0.0176946 0.0876523 
0.00961887 -0.0176477 9.44175e-07 8.57056e-06 -0.0176477 0.0871475 1.77389e-06 -7.19739e-06 9.44175e-07 1.77389e-06 0.00961107 -0.0177005 8.57056e-06 -7.19739e-06 -0.0177005 0.0876715 
0.00963189 -0.0176515 5.16645e-06 -4.99134e-06 -0.0176515 0.0872685 -1.4547e-05 3.09529e-05 5.16645e-06 -1.4547e-05 0.00963854 -0.0177697 -4.99134e-06 3.09529e-05 -0.0177697 0.087928 
0.0096339 -0.0176488 -4.9056e-06 -9.79379e-06 -0.0176488 0.0872559 -2.21891e-05 5.91453e-05 -4.9056e-06 -2.21891e-05 0.0096414 -0.0177816 -9.79379e-06 5.91453e-05 -0.0177816 0.0879949 
0.0096494 -0.0176385 -6.87095e-06 -3.45059e-07 -0.0176385 0.0872006 -1.44146e-05 6.18389e-05 -6.87095e-06 -1.44146e-05 0.00960912 -0.0177733 -3.45059e-07 6.18389e-05 -0.0177733 0.0879665 
0.00968776 -0.0177062 -1.71235e-05 1.61407e-06 -0.0177062 0.0874462 -1.30774e-05 5.84123e-05 -1.71235e-05 -1.30774e-05 0.00959769 -0.0177777 1.61407e-06 5.84123e-05 -0.0177777 0.0881163 
0.0097051 -0.0177598 -9.78963e-06 9.47359e-06 -0.0177598 0.0876565 -2.18365e-06 4.89912e-05 -9.78963e-06 -2.18365e-06 0.00959263 -0.017757 9.47359e-06 4.89912e-05 -0.017757 0.0881448 
0.00968108 -0.0177154 -3.001e-06 -8.68596e-07 -0.0177154 0.0874641 -7.79484e-06 5.55587e-05 -3.001e-06 -7.79484e-06 0.00957086 -0.0176816 -8.68596e-07 5.55587e-05 -0.0176816 0.0878161 
0.00967361 -0.0177347 1.36001e-06 -1.36086e-05 -0.0177347 0.0875733 -1.1389e-05 7.44453e-05 1.36001e-06 -1.1389e-05 0.00960479 -0.0177076 -1.36086e-05 7.44453e-05 -0.0177076 0.0878931 
0.00960211 -0.0176221 1.65395e-05 -2.12041e-05 -0.0176221 0.0870994 -1.41847e-05 8.93986e-05 1.65395e-05 -1.41847e-05 0.00959065 -0.0176489 -2.12041e-05 8.93986e-05 -0.0176489 0.0875006 
0.00958565 -0.0175624 2.54573e-05 -3.59263e-05 -0.0175624 0.0868953 -2.92552e-05 0.00011247 2.54573e-05 -2.92552e-05 0.00958091 -0.0176719 -3.59263e-05 0.00011247 -0.0176719 0.087482 
0.00959498 -0.0175614 1.85462e-05 -4.59059e-05 -0.0175614 0.0868719 -4.02411e-05 0.000138805 1.85462e-05 -4.02411e-05 0.00957162 -0.0176895 -4.59059e-05 0.000138805 -0.0176895 0.087586 
0.00959129 -0.0175463 1.48292e-05 -3.95664e-05 -0.0175463 0.0867492 -3.0992e-05 0.000137417 1.48292e-05 -3.0992e-05 0.00953724 -0.0176461 -3.95664e-05 0.000137417 -0.0176461 0.0874542 
0.00960027 -0.0175402 4.48949e-06 -3.23823e-05 -0.0175402 0.0866725 -2.11041e-05 0.000115131 4.48949e-06 -2.11041e-05 0.00949625 -0.0175913 -3.23823e-05 0.000115131 -0.0175913 0.0872744 
0.00959385 -0.0175648 -1.52597e-05 -1.5913e-05 -0.0175648 0.0867111 -5.97427e-06 7.66786e-05 -1.52597e-05 -5.97427e-06 0.00949116 -0.0175424 -1.5913e-05 7.66786e-05 -0.0175424 0.0871333 
0.00953985 -0.0174799 -1.70903e-05 8.35146e-06 -0.0174799 0.0863218 1.41854e-05 2.59449e-05 -1.70903e-05 1.41854e-05 0.00946131 -0.0174432 8.35146e-06 2.59449e-05 -0.0174432 0.0866172 
0.00954186 -0.0175131 -2.04443e-05 1.4124e-05 -0.0175131 0.0865158 1.82925e-05 -7.89436e-06 -2.04443e-05 1.82925e-05 0.0094945 -0.0174994 1.4124e-05 -7.89436e-06 -0.0174994 0.0867955 
0.00956139 -0.0175533 -8.36933e-06 1.35985e-05 -0.0175533 0.0867885 2.25675e-05 -1.87407e-05 -8.36933e-06 2.25675e-05 0.00952494 -0.0175776 1.35985e-05 -1.87407e-05 -0.0175776 0.0871257 
0.00957091 -0.0175665 -1.18958e-05 -3.43759e-07 -0.0175665 0.0869038 1.19165e-05 -7.452e-06 -1.18958e-05 1.19165e-05 0.00953859 -0.0176107 -3.43759e-07 -7.452e-06 -0.0176107 0.0873075 
0.00954512 -0.0175109 -2.28242e-05 4.53188e-06 -0.0175109 0.0866577 1.38779e-05 -3.75549e-06 -2.28242e-05 1.38779e-05 0.00952078 -0.0175689 4.53188e-06 -3.75549e-06 -0.0175689 0.0871179 
0.00951429 -0.0174673 -1.55694e-05 2.4353e-05 -0.0174673 0.0864496 2.63812e-05 -3.49071e-05 -1.55694e-05 2.63812e-05 0.00952289 -0.017544 2.4353e-05 -3.49071e-05 -0.017544 0.0869732 
0.00951614 -0.0174589 -6.5411e-06 1.95497e-05 -0.0174589 0.0864433 1.78899e-05 -4.36492e-05 -6.5411e-06 1.78899e-05 0.00953534 -0.0175758 1.95497e-05 -4.36492e-05 -0.0175758 0.0870547 
0.00953443 -0.0174621 1.64223e-06 8.41199e-06 -0.0174621 0.0864473 6.82756e-06 -2.67358e-05 1.64223e-06 6.82756e-06 0.00953541 -0.017592 8.41199e-06 -2.67358e-05 -0.017592 0.0871198 
0.0095427 -0.0174681 2.18075e-05 -1.92789e-06 -0.0174681 0.0864065 -2.78659e-06 -3.07074e-06 2.18075e-05 -2.78659e-06 0.00952684 -0.0175801 -1.92789e-06 -3.07074e-06 -0.0175801 0.0870783 
0.00956963 -0.017462 1.63166e-05 -2.30285e-05 -0.017462 0.0863177 -2.39316e-05 3.25634e-05 1.63166e-05 -2.39316e-05 0.00947788 -0.0175491 -2.30285e-05 3.25634e-05 -0.0175491 0.0869391 
0.00960055 -0.0175081 8.79389e-06 -1.84595e-05 -0.0175081 0.0863786 -1.74578e-05 4.25897e-05 8.79389e-06 -1.74578e-05 0.00942643 -0.0174938 -1.84595e-05 4.25897e-05 -0.0174938 0.0868114 
0.00960883 -0.0175781 -9.18449e-06 -1.13301e-05 -0.0175781 0.0866119 -7.12257e-06 2.82039e-05 -9.18449e-06 -7.12257e-06 0.00942206 -0.0174519 -1.13301e-05 2.82039e-05 -0.0174519 0.0867667 
0.00958125 -0.0175459 -2.97457e-05 9.23538e-06 -0.0175459 0.0865168 1.33016e-05 -8.83249e-06 -2.97457e-05 1.33016e-05 0.00940701 -0.0174005 9.23538e-06 -8.83249e-06 -0.0174005 0.0865177 
0.00956683 -0.017482 -3.57731e-05 3.75497e-05 -0.017482 0.086271 3.76526e-05 -6.81377e-05 -3.57731e-05 3.76526e-05 0.00937104 -0.0173583 3.75497e-05 -6.81377e-05 -0.0173583 0.0862644 
0.0095477 -0.01749 -4.18204e-05 5.19608e-05 -0.01749 0.0862599 4.93581e-05 -0.000120119 -4.18204e-05 4.93581e-05 0.00938317 -0.0173455 5.19608e-05 -0.000120119 -0.0173455 0.0862382 
0.00954565 -0.017503 -3.01797e-05 5.9207e-05 -0.017503 0.0863969 5.83281e-05 -0.000152179 -3.01797e-05 5.83281e-05 0.00941316 -0.0173907 5.9207e-05 -0.000152179 -0.0173907 0.0864036 
0.00951066 -0.0174641 -3.23985e-05 4.58285e-05 -0.0174641 0.0862735 4.63165e-05 -0.000147753 -3.23985e-05 4.63165e-05 0.00943348 -0.0173901 4.58285e-05 -0.000147753 -0.0173901 0.0863549 
0.00954424 -0.0174976 -2.64543e-05 4.46709e-05 -0.0174976 0.0865386 4.59322e-05 -0.000136898 -2.64543e-05 4.59322e-05 0.00947832 -0.0174981 4.46709e-05 -0.000136898 -0.0174981 0.0867755 
0.00956966 -0.0175031 -1.58813e-05 3.55584e-05 -0.0175031 0.086548 3.80135e-05 -0.000119624 -1.58813e-05 3.80135e-05 0.00947882 -0.0175184 3.55584e-05 -0.000119624 -0.0175184 0.0868785 
0.00962048 -0.0175822 -2.2389e-06 2.03523e-05 -0.0175822 0.0868372 2.1968e-05 -8.41742e-05 -2.2389e-06 2.1968e-05 0.00948995 -0.0175609 2.03523e-05 -8.41742e-05 -0.0175609 0.0871342 
0.00962419 -0.0176048 1.05142e-05 3.50098e-06 -0.0176048 0.0868691 3.86516e-06 -4.00037e-05 1.05142e-05 3.86516e-06 0.00948781 -0.0175301 3.50098e-06 -4.00037e-05 -0.0175301 0.087051 
0.00963055 -0.0176601 -1.17937e-06 -9.13591e-06 -0.0176601 0.0871462 -9.3911e-06 -5.33473e-06 -1.17937e-06 -9.3911e-06 0.00953939 -0.0175858 -9.13591e-06 -5.33473e-06 -0.0175858 0.0872873 
0.0096394 -0.0176675 1.16562e-05 6.7547e-06 -0.0176675 0.0872895 7.40909e-06 -1.98735e-05 1.16562e-05 7.40909e-06 0.0095777 -0.017663 6.7547e-06 -1.98735e-05 -0.017663 0.0875522 
0.00960964 -0.0176176 3.45766e-05 -9.11109e-06 -0.0176176 0.0870752 -4.10824e-06 -1.47055e-05 3.45766e-05 -4.10824e-06 0.00958261 -0.0176598 -9.11109e-06 -1.47055e-05 -0.0176598 0.0874913 
0.00958702 -0.0175799 2.70954e-05 -3.91813e-05 -0.0175799 0.0869212 -3.21991e-05 3.83467e-05 2.70954e-05 -3.21991e-05 0.00957681 -0.017667 -3.91813e-05 3.83467e-05 -0.017667 0.0874755 
0.00958559 -0.0175726 -1.01666e-06 -3.14443e-05 -0.0175726 0.086915 -2.84133e-05 5.91935e-05 -1.01666e-06 -2.84133e-05 0.00957707 -0.0176842 -3.14443e-05 5.91935e-05 -0.0176842 0.0875706 
0.00958932 -0.0175217 -9.16192e-06 3.08171e-06 -0.0175217 0.0866737 2.05352e-06 1.34164e-05 -9.16192e-06 2.05352e-06 0.00953425 -0.0176361 3.08171e-06 1.34164e-05 -0.0176361 0.0873703 
0.00962478 -0.0175862 1.92726e-06 1.7495e-05 -0.0175862 0.0868671 1.28557e-05 -3.3118e-05 1.92726e-06 1.28557e-05 0.00953572 -0.0176393 1.7495e-05 -3.3118e-05 -0.0176393 0.0874785 
0.00965175 -0.0176582 -6.99953e-06 5.14198e-06 -0.0176582 0.0871546 -1.63065e-06 -2.79507e-05 -6.99953e-06 -1.63065e-06 0.00954848 -0.0176571 5.14198e-06 -2.79507e-05 -0.0176571 0.0876187 
0.00965158 -0.0176518 -1.57304e-05 1.30653e-05 -0.0176518 0.0871327 5.92147e-06 -2.68861e-05 -1.57304e-05 5.92147e-06 0.00954276 -0.0176252 1.30653e-05 -2.68861e-05 -0.0176252 0.0874835 
0.00965438 -0.0176197 -8.4956e-06 2.34655e-05 -0.0176197 0.08696 1.95127e-05 -4.90741e-05 -8.4956e-06 1.95127e-05 0.00951066 -0.0175884 2.34655e-05 -4.90741e-05 -0.0175884 0.087264 
0.00961524 -0.0175938 -1.06748e-05 1.22413e-05 -0.0175938 0.0867443 1.1546e-05 -4.41671e-05 -1.06748e-05 1.1546e-05 0.00950837 -0.0175278 1.22413e-05 -4.41671e-05 -0.0175278 0.0869891 
0.00960205 -0.0176232 -1.7391e-05 1.47909e-05 -0.0176232 0.0869454 1.45999e-05 -4.17774e-05 -1.7391e-05 1.45999e-05 0.00955751 -0.0175996 1.47909e-05 -4.17774e-05 -0.0175996 0.0872238 
0.00963038 -0.017662 -2.17742e-05 2.25691e-05 -0.017662 0.0872874 2.15551e-05 -5.23034e-05 -2.17742e-05 2.15551e-05 0.00961499 -0.0177294 2.25691e-05 -5.23034e-05 -0.0177294 0.0877531 
0.00961455 -0.0176302 -4.45643e-06 2.64694e-05 -0.0176302 0.0871828 2.49591e-05 -6.1309e-05 -4.45643e-06 2.49591e-05 0.00963398 -0.0177497 2.64694e-05 -6.1309e-05 -0.0177497 0.0878409 
0.00961793 -0.0176068 -3.16784e-06 5.55665e-06 -0.0176068 0.0870937 1.94969e-06 -2.89395e-05 -3.16784e-06 1.94969e-06 0.00963376 -0.0177683 5.55665e-06 -2.89395e-05 -0.0177683 0.0878912 
0.00964221 -0.0176229 3.91541e-06 3.88003e-06 -0.0176229 0.0871203 -5.52472e-06 1.25466e-06 3.91541e-06 -5.52472e-06 0.00961845 -0.0177777 3.88003e-06 1.25466e-06 -0.0177777 0.087961 
0.00965285 -0.0176489 2.64483e-06 -3.94581e-06 -0.0176489 0.0871585 -1.85658e-05 2.94986e-05 2.64483e-06 -1.85658e-05 0.00959498 -0.0177471 -3.94581e-06 2.94986e-05 -0.0177471 0.0879101 
0.00964355 -0.017648 -3.44942e-06 -3.18703e-06 -0.017648 0.0871219 -1.62102e-05 4.00482e-05 -3.44942e-06 -1.62102e-05 0.0095778 -0.0176935 -3.18703e-06 4.00482e-05 -0.0176935 0.0877283 
0.00960569 -0.0176132 3.07719e-06 3.17986e-06 -0.0176132 0.0869619 -6.70774e-06 3.07887e-05 3.07719e-06 -6.70774e-06 0.00957555 -0.0176403 3.17986e-06 3.07887e-05 -0.0176403 0.0874667 
0.00960345 -0.0175877 -2.46124e-06 -5.17052e-06 -0.0175877 0.0869218 -1.11894e-05 3.36466e-05 -2.46124e-06 -1.11894e-05 0.00958368 -0.017665 -5.17052e-06 3.36466e-05 -0.017665 0.0874751 
0.00962466 -0.0176028 -9.15057e-06 -9.3297e-07 -0.0176028 0.0869926 -5.10268e-06 3.17376e-05 -9.15057e-06 -5.10268e-06 0.0095863 -0.0177033 -9.3297e-07 3.17376e-05 -0.0177033 0.0876305 
0.00965351 -0.0176669 -6.42328e-06 7.27248e-06 -0.0176669 0.0872571 5.00739e-06 1.42446e-05 -6.42328e-06 5.00739e-06 0.00961025 -0.0177487 7.27248e-06 1.42446e-05 -0.0177487 0.087907 
0.00968807 -0.0177332 -3.77521e-06 1.93326e-06 -0.0177332 0.087587 -1.35389e-06 1.89406e-05 -3.77521e-06 -1.35389e-06 0.00963974 -0.017805 1.93326e-06 1.89406e-05 -0.017805 0.088212 
0.00907783 -0.0165812 -9.74341e-06 -6.19121e-06 -0.0165812 0.0819051 -7.51726e-06 3.93312e-05 -9.74341e-06 -7.51726e-06 0.00900842 -0.0166425 -6.19121e-06 3.93312e-05 -0.0166425 0.0824695 
0.00911969 -0.0166398 -3.32805e-05 1.08449e-06 -0.0166398 0.0821159 2.98234e-06 3.43612e-05 -3.32805e-05 2.98234e-06 0.00901881 -0.0166698 1.08449e-06 3.43612e-05 -0.0166698 0.0826267 
0.00913456 -0.016683 -3.35239e-05 2.91704e-05 -0.016683 0.08225 3.17231e-05 -1.30502e-05 -3.35239e-05 3.17231e-05 0.00902764 -0.0166705 2.91704e-05 -1.30502e-05 -0.0166705 0.082663 
0.00914312 -0.0167037 -2.59605e-05 3.30737e-05 -0.0167037 0.0823497 3.35823e-05 -4.4718e-05 -2.59605e-05 3.35823e-05 0.00903091 -0.0166824 3.30737e-05 -4.4718e-05 -0.0166824 0.0827028 
0.00913906 -0.0167065 -1.11639e-05 2.19121e-05 -0.0167065 0.0823693 2.18094e-05 -3.27254e-05 -1.11639e-05 2.18094e-05 0.00903227 -0.0166802 2.19121e-05 -3.27254e-05 -0.0166802 0.0826987 
0.00912192 -0.0166815 6.55538e-06 2.72187e-06 -0.0166815 0.0822801 4.21236e-06 5.27477e-06 6.55538e-06 4.21236e-06 0.0090339 -0.0166721 2.72187e-06 5.27477e-06 -0.0166721 0.0826408 
0.00911671 -0.0166303 1.62983e-06 -1.88493e-05 -0.0166303 0.0820652 -1.87418e-05 5.62663e-05 1.62983e-06 -1.87418e-05 0.00900848 -0.016653 -1.88493e-05 5.62663e-05 -0.016653 0.0825074 
0.00910634 -0.0166258 -1.17613e-05 -1.37054e-05 -0.0166258 0.0819735 -1.40281e-05 7.1906e-05 -1.17613e-05 -1.40281e-05 0.00900816 -0.0166321 -1.37054e-05 7.1906e-05 -0.0166321 0.0824418 
0.00910509 -0.0166375 -1.80538e-05 4.36437e-06 -0.0166375 0.0820224 5.75865e-06 4.03055e-05 -1.80538e-05 5.75865e-06 0.00902693 -0.0166467 4.36437e-06 4.03055e-05 -0.0166467 0.0824875 
0.00913015 -0.0166883 -1.67216e-05 1.248e-05 -0.0166883 0.0822936 1.17637e-05 1.42052e-05 -1.67216e-05 1.17637e-05 0.00906244 -0.0167185 1.248e-05 1.42052e-05 -0.0167185 0.0827892 
0.00917107 -0.0167539 -5.71932e-06 1.37188e-05 -0.0167539 0.0826337 1.18115e-05 8.17479e-07 -5.71932e-06 1.18115e-05 0.009088 -0.0167961 1.37188e-05 8.17479e-07 -0.0167961 0.0831647 
