0.00651446 0 -5.43314e-05 0 0 0.00933345 0 0 -5.43314e-05 0 0.00667462 0 0 0 0 0.00933345 
0.00958937 -0.0119078 -6.92493e-05 8.39674e-05 -0.0119078 0.0317 8.39674e-05 -0.000161282 -6.92493e-05 8.39674e-05 0.00976467 -0.012116 8.39674e-05 -0.000161282 -0.012116 0.0320994 
0.00914839 -0.0171207 -2.77344e-05 6.43847e-05 -0.0171207 0.0631509 6.43847e-05 -0.000195095 -2.77344e-05 6.43847e-05 0.00921845 -0.0171506 6.43847e-05 -0.000195095 -0.0171506 0.0631827 
0.00867483 -0.0169041 1.22106e-05 -1.32077e-05 -0.0169041 0.0760199 -2.37434e-05 0.00010149 1.22106e-05 -2.37434e-05 0.00867336 -0.0166587 -1.32077e-05 0.00010149 -0.0166587 0.0746229 
0.00916145 -0.0173499 3.00893e-05 -5.46685e-05 -0.0173499 0.0841363 -8.01062e-05 0.000331466 3.00893e-05 -8.01062e-05 0.00919349 -0.0170446 -5.46685e-05 0.000331466 -0.0170446 0.0819944 
0.00893242 -0.0165586 3.18277e-05 -5.8813e-05 -0.0165586 0.0818592 -8.73906e-05 0.000353019 3.18277e-05 -8.73906e-05 0.0089657 -0.0163897 -5.8813e-05 0.000353019 -0.0163897 0.080152 
0.00938097 -0.0173312 2.06409e-05 -5.79309e-05 -0.0173312 0.0858106 -8.05406e-05 0.000322712 2.06409e-05 -8.05406e-05 0.00946316 -0.0172094 -5.79309e-05 0.000322712 -0.0172094 0.0845273 
0.0091239 -0.0168177 1.22015e-05 -4.47687e-05 -0.0168177 0.0833244 -5.50242e-05 0.000253079 1.22015e-05 -5.50242e-05 0.00921336 -0.0167634 -4.47687e-05 0.000253079 -0.0167634 0.0824308 
0.00962992 -0.01773 9.02501e-06 -3.72689e-05 -0.01773 0.0878144 -3.74672e-05 0.000206343 9.02501e-06 -3.74672e-05 0.00973002 -0.0176893 -3.72689e-05 0.000206343 -0.0176893 0.0870671 
0.00951985 -0.0175191 1.57001e-05 -3.74285e-05 -0.0175191 0.0867023 -3.29811e-05 0.000181356 1.57001e-05 -3.29811e-05 0.00960729 -0.0174751 -3.74285e-05 0.000181356 -0.0174751 0.0860121 
0.00940421 -0.0173359 3.62338e-07 -4.57127e-05 -0.0173359 0.0857209 -3.9687e-05 0.000184738 3.62338e-07 -3.9687e-05 0.00952266 -0.0172635 -4.57127e-05 0.000184738 -0.0172635 0.0849817 
0.00935759 -0.0172664 -4.42352e-06 -3.06221e-05 -0.0172664 0.0853868 -2.25396e-05 0.000168534 -4.42352e-06 -2.25396e-05 0.00950247 -0.0172234 -3.06221e-05 0.000168534 -0.0172234 0.084647 
0.00936255 -0.0172494 -1.08527e-05 -2.15172e-05 -0.0172494 0.0853266 -1.42455e-05 0.000140987 -1.08527e-05 -1.42455e-05 0.00949377 -0.0172407 -2.15172e-05 0.000140987 -0.0172407 0.0846484 
0.00935929 -0.0172377 8.71997e-07 -1.40737e-05 -0.0172377 0.085206 -9.64818e-06 0.000123808 8.71997e-07 -9.64818e-06 0.00945515 -0.0172092 -1.40737e-05 0.000123808 -0.0172092 0.0845213 
0.00931722 -0.0171846 3.33683e-07 -2.51137e-05 -0.0171846 0.084891 -2.53102e-05 0.000135747 3.33683e-07 -2.53102e-05 0.00941351 -0.0171077 -2.51137e-05 0.000135747 -0.0171077 0.0841122 
0.00929126 -0.0171769 -2.25939e-06 -2.0383e-05 -0.0171769 0.0848766 -2.82459e-05 0.000142045 -2.25939e-06 -2.82459e-05 0.00943212 -0.0171005 -2.0383e-05 0.000142045 -0.0171005 0.0840528 
0.00928739 -0.0171835 -6.90409e-06 -1.61748e-05 -0.0171835 0.0850069 -2.73518e-05 0.000139275 -6.90409e-06 -2.73518e-05 0.00946585 -0.0171666 -1.61748e-05 0.000139275 -0.0171666 0.0842704 
0.00929393 -0.0171702 -1.33281e-05 -8.88488e-06 -0.0171702 0.0850232 -1.83857e-05 0.000121242 -1.33281e-05 -1.83857e-05 0.00947106 -0.0172128 -8.88488e-06 0.000121242 -0.0172128 0.0844466 
0.0092925 -0.0171495 -1.05946e-05 -4.252e-06 -0.0171495 0.0849109 -1.21391e-05 0.000105822 -1.05946e-05 -1.21391e-05 0.00945219 -0.0171978 -4.252e-06 0.000105822 -0.0171978 0.084425 
0.00927238 -0.0171226 -8.81107e-06 -9.30085e-06 -0.0171226 0.0847359 -1.40855e-05 0.000105832 -8.81107e-06 -1.40855e-05 0.00944141 -0.0171468 -9.30085e-06 0.000105832 -0.0171468 0.0842383 
0.00926094 -0.0170839 -8.32567e-06 -1.60028e-05 -0.0170839 0.0845468 -1.36943e-05 0.000113947 -8.32567e-06 -1.36943e-05 0.00940947 -0.017114 -1.60028e-05 0.000113947 -0.017114 0.0840404 
0.00927553 -0.0171047 -1.77119e-05 -1.71616e-05 -0.0171047 0.0846098 -1.16132e-05 0.00011553 -1.77119e-05 -1.16132e-05 0.00939819 -0.0171135 -1.71616e-05 0.00011553 -0.0171135 0.0840768 
0.00928695 -0.0171351 -1.16749e-05 -2.25004e-06 -0.0171351 0.0847262 5.72572e-07 9.26502e-05 -1.16749e-05 5.72572e-07 0.00939711 -0.0171104 -2.25004e-06 9.26502e-05 -0.0171104 0.0841247 
0.00929656 -0.0171438 -1.74308e-06 -5.17582e-06 -0.0171438 0.0847738 -6.89415e-06 8.47166e-05 -1.74308e-06 -6.89415e-06 0.00938786 -0.0170996 -5.17582e-06 8.47166e-05 -0.0170996 0.0841018 
0.00925796 -0.0170696 1.44531e-05 -1.58298e-05 -0.0170696 0.0843987 -1.88857e-05 0.000100305 1.44531e-05 -1.88857e-05 0.00935251 -0.0170134 -1.58298e-05 0.000100305 -0.0170134 0.0836983 
0.00929919 -0.017111 2.82901e-05 -3.48513e-05 -0.017111 0.084596 -3.51486e-05 0.000132049 2.82901e-05 -3.51486e-05 0.00935636 -0.0170646 -3.48513e-05 0.000132049 -0.0170646 0.0839082 
0.0093221 -0.0171731 1.66619e-05 -5.56015e-05 -0.0171731 0.0848167 -5.42953e-05 0.000180945 1.66619e-05 -5.42953e-05 0.00936522 -0.017081 -5.56015e-05 0.000180945 -0.017081 0.0840711 
0.00933113 -0.0171857 -5.88677e-06 -4.22367e-05 -0.0171857 0.0848832 -3.94162e-05 0.0001814 -5.88677e-06 -3.94162e-05 0.00935713 -0.0170713 -4.22367e-05 0.0001814 -0.0170713 0.0840631 
0.00932478 -0.0171946 -1.92616e-05 -1.49491e-05 -0.0171946 0.0849114 -1.01014e-05 0.000130453 -1.92616e-05 -1.01014e-05 0.00936476 -0.0170537 -1.49491e-05 0.000130453 -0.0170537 0.084017 
0.00929299 -0.017148 -2.46968e-05 4.23733e-06 -0.017148 0.0847126 6.68212e-06 7.69563e-05 -2.46968e-05 6.68212e-06 0.00934518 -0.0170159 4.23733e-06 7.69563e-05 -0.0170159 0.0837911 
0.00929387 -0.0171141 -2.08543e-05 1.33325e-05 -0.0171141 0.0845921 9.22231e-06 4.89875e-05 -2.08543e-05 9.22231e-06 0.00930892 -0.0170042 1.33325e-05 4.89875e-05 -0.0170042 0.0837069 
0.00925927 -0.0171101 -7.59902e-06 1.05045e-05 -0.0171101 0.0845159 1.04776e-06 4.93296e-05 -7.59902e-06 1.04776e-06 0.00931385 -0.0169584 1.05045e-05 4.93296e-05 -0.0169584 0.0835902 
0.00925718 -0.0170787 9.14362e-06 -6.52192e-06 -0.0170787 0.0844779 -1.36643e-05 7.57893e-05 9.14362e-06 -1.36643e-05 0.00931046 -0.0169766 -6.52192e-06 7.57893e-05 -0.0169766 0.0836012 
0.00928581 -0.0171027 2.46208e-05 -3.21413e-05 -0.0171027 0.0845915 -3.42709e-05 0.000128044 2.46208e-05 -3.42709e-05 0.00930391 -0.0170055 -3.21413e-05 0.000128044 -0.0170055 0.083766 
0.00926593 -0.0170821 3.20389e-05 -5.47699e-05 -0.0170821 0.0844321 -5.37028e-05 0.000185976 3.20389e-05 -5.37028e-05 0.00928102 -0.0169438 -5.47699e-05 0.000185976 -0.0169438 0.0835636 
0.00921671 -0.0170208 3.87761e-05 -6.55399e-05 -0.0170208 0.0841426 -6.07361e-05 0.000223387 3.87761e-05 -6.07361e-05 0.00927511 -0.0168775 -6.55399e-05 0.000223387 -0.0168775 0.0832406 
0.00920192 -0.0170183 2.96403e-05 -7.54899e-05 -0.0170183 0.0842018 -6.58092e-05 0.000246108 2.96403e-05 -6.58092e-05 0.00930701 -0.0169298 -7.54899e-05 0.000246108 -0.0169298 0.0833763 
0.00919604 -0.0169952 1.59649e-06 -6.09494e-05 -0.0169952 0.0841813 -5.10334e-05 0.000228063 1.59649e-06 -5.10334e-05 0.00932209 -0.0169743 -6.09494e-05 0.000228063 -0.0169743 0.0835178 
0.00920123 -0.0169693 -2.96278e-05 -2.1558e-05 -0.0169693 0.0840711 -1.62811e-05 0.000154471 -2.96278e-05 -1.62811e-05 0.00930378 -0.0169748 -2.1558e-05 0.000154471 -0.0169748 0.0835207 
0.00920953 -0.0169813 -2.79659e-05 2.63991e-05 -0.0169813 0.0840632 2.46998e-05 4.20093e-05 -2.79659e-05 2.46998e-05 0.0093029 -0.0169587 2.63991e-05 4.20093e-05 -0.0169587 0.0835103 
0.00924709 -0.0170464 -1.42931e-05 2.75134e-05 -0.0170464 0.0843347 2.21373e-05 -9.50023e-06 -1.42931e-05 2.21373e-05 0.00931346 -0.0169956 2.75134e-05 -9.50023e-06 -0.0169956 0.0837038 
0.00926162 -0.017056 1.44994e-05 1.00116e-05 -0.017056 0.0843465 2.56418e-06 9.10825e-06 1.44994e-05 2.56418e-06 0.00928406 -0.0169694 1.00116e-05 9.10825e-06 -0.0169694 0.0836228 
0.00926185 -0.0170895 2.22237e-05 -2.62763e-05 -0.0170895 0.0844627 -3.60855e-05 8.17027e-05 2.22237e-05 -3.60855e-05 0.00929547 -0.0169537 -2.62763e-05 8.17027e-05 -0.0169537 0.0836279 
0.00924871 -0.0170673 5.7885e-06 -3.55203e-05 -0.0170673 0.0844115 -4.84933e-05 0.000134533 5.7885e-06 -4.84933e-05 0.00929142 -0.0169512 -3.55203e-05 0.000134533 -0.0169512 0.0835676 
0.00923824 -0.0170277 -4.79563e-06 -1.64831e-05 -0.0170277 0.0842443 -2.74241e-05 0.000119288 -4.79563e-06 -2.74241e-05 0.0092738 -0.0169252 -1.64831e-05 0.000119288 -0.0169252 0.0834357 
0.00923755 -0.0170047 -1.30976e-05 -5.72602e-07 -0.0170047 0.0840979 -8.05039e-06 7.26284e-05 -1.30976e-05 -8.05039e-06 0.00924671 -0.0168932 -5.72602e-07 7.26284e-05 -0.0168932 0.0832908 
0.00921078 -0.0169462 -1.92362e-05 7.89394e-06 -0.0169462 0.0837506 4.50773e-06 3.56763e-05 -1.92362e-05 4.50773e-06 0.00920044 -0.0168062 7.89394e-06 3.56763e-05 -0.0168062 0.0829029 
0.00919466 -0.0169454 -3.87419e-06 1.49352e-05 -0.0169454 0.0836873 1.30475e-05 9.03482e-06 -3.87419e-06 1.30475e-05 0.00918789 -0.0167724 1.49352e-05 9.03482e-06 -0.0167724 0.0827551 
0.00919116 -0.0169516 2.64868e-05 -3.73066e-06 -0.0169516 0.0837504 -4.10531e-06 2.51399e-05 2.64868e-05 -4.10531e-06 0.00918811 -0.0167818 -3.73066e-06 2.51399e-05 -0.0167818 0.0827836 
0.00918621 -0.0169462 3.33488e-05 -4.26931e-05 -0.0169462 0.0837653 -4.11002e-05 9.58242e-05 3.33488e-05 -4.11002e-05 0.00918102 -0.0167837 -4.26931e-05 9.58242e-05 -0.0167837 0.082806 
0.00918382 -0.0169067 2.82818e-05 -5.65366e-05 -0.0169067 0.0836061 -5.26955e-05 0.000153456 2.82818e-05 -5.26955e-05 0.00914938 -0.0167509 -5.65366e-05 0.000153456 -0.0167509 0.0826775 
0.00919419 -0.0169141 1.75332e-05 -4.97241e-05 -0.0169141 0.0835823 -4.65061e-05 0.000162932 1.75332e-05 -4.65061e-05 0.00914111 -0.0167248 -4.97241e-05 0.000162932 -0.0167248 0.0826188 
0.00919539 -0.0169307 1.11805e-05 -3.24006e-05 -0.0169307 0.0836022 -3.08987e-05 0.000133008 1.11805e-05 -3.08987e-05 0.00915795 -0.0167082 -3.24006e-05 0.000133008 -0.0167082 0.0825531 
0.00919689 -0.0169965 1.38101e-05 -1.84635e-05 -0.0169965 0.0839147 -1.9711e-05 9.22377e-05 1.38101e-05 -1.9711e-05 0.00921852 -0.0167794 -1.84635e-05 9.22377e-05 -0.0167794 0.0828168 
0.00915474 -0.016971 1.3562e-05 -1.58982e-05 -0.016971 0.0839193 -2.09918e-05 6.79042e-05 1.3562e-05 -2.09918e-05 0.00926766 -0.0168265 -1.58982e-05 6.79042e-05 -0.0168265 0.0829188 
0.00911977 -0.0169091 2.43418e-05 -1.38821e-05 -0.0169091 0.0837956 -2.44766e-05 6.2532e-05 2.43418e-05 -2.44766e-05 0.00930286 -0.0168865 -1.38821e-05 6.2532e-05 -0.0168865 0.0830483 
0.00915249 -0.0169103 2.3263e-05 -2.25815e-05 -0.0169103 0.0839118 -3.45921e-05 6.96099e-05 2.3263e-05 -3.45921e-05 0.00932076 -0.0169925 -2.25815e-05 6.96099e-05 -0.0169925 0.0834629 
0.00918391 -0.0169066 8.44414e-06 -2.60415e-05 -0.0169066 0.0838289 -3.2875e-05 7.84894e-05 8.44414e-06 -3.2875e-05 0.00929319 -0.0169812 -2.60415e-05 7.84894e-05 -0.0169812 0.0835069 
0.0092265 -0.0170094 -5.60805e-06 -1.20419e-05 -0.0170094 0.0841765 -1.38214e-05 5.83186e-05 -5.60805e-06 -1.38214e-05 0.00932568 -0.0170051 -1.20419e-05 5.83186e-05 -0.0170051 0.0837539 
0.00924934 -0.0170641 -2.0066e-05 3.83999e-06 -0.0170641 0.0844232 3.29217e-06 2.22458e-05 -2.0066e-05 3.29217e-06 0.00935032 -0.0170352 3.83999e-06 2.22458e-05 -0.0170352 0.0838895 
0.00927102 -0.0171243 -3.36288e-05 1.69875e-05 -0.0171243 0.0847225 1.90291e-05 -1.09813e-05 -3.36288e-05 1.90291e-05 0.00938744 -0.0170891 1.69875e-05 -1.09813e-05 -0.0170891 0.0841295 
0.00929383 -0.0171862 -2.78786e-05 3.09748e-05 -0.0171862 0.0850671 3.44535e-05 -4.27212e-05 -2.78786e-05 3.44535e-05 0.00943113 -0.0171619 3.09748e-05 -4.27212e-05 -0.0171619 0.084457 
0.00928815 -0.0171372 -2.44235e-05 2.26237e-05 -0.0171372 0.0848884 2.58803e-05 -4.01346e-05 -2.44235e-05 2.58803e-05 0.00942144 -0.017139 2.26237e-05 -4.01346e-05 -0.017139 0.0843143 
0.00927834 -0.0171188 -7.84996e-06 1.77276e-05 -0.0171188 0.0847349 2.37361e-05 -2.87283e-05 -7.84996e-06 2.37361e-05 0.00940708 -0.0171095 1.77276e-05 -2.87283e-05 -0.0171095 0.0841522 
0.0092706 -0.017112 -9.87775e-06 -6.41252e-06 -0.017112 0.0846729 2.11348e-06 1.47746e-05 -9.87775e-06 2.11348e-06 0.00939789 -0.017096 -6.41252e-06 1.47746e-05 -0.017096 0.0840664 
0.00930369 -0.0171593 1.58406e-06 -5.43934e-06 -0.0171593 0.0849115 2.32725e-06 3.87394e-05 1.58406e-06 2.32725e-06 0.00939965 -0.0171453 -5.43934e-06 3.87394e-05 -0.0171453 0.0842997 
0.00927688 -0.0171366 -1.24184e-05 -2.10215e-05 -0.0171366 0.0847689 -1.4398e-05 7.23214e-05 -1.24184e-05 -1.4398e-05 0.00938964 -0.0170852 -2.10215e-05 7.23214e-05 -0.0170852 0.084103 
0.00927336 -0.0171141 -2.93925e-05 -8.04376e-06 -0.0171141 0.0846989 3.09856e-07 7.30315e-05 -2.93925e-05 3.09856e-07 0.00938418 -0.0170761 -8.04376e-06 7.30315e-05 -0.0170761 0.084017 
0.00928407 -0.0171292 -3.05001e-05 1.37004e-05 -0.0171292 0.0847606 2.57266e-05 2.81326e-05 -3.05001e-05 2.57266e-05 0.0093914 -0.0170957 1.37004e-05 2.81326e-05 -0.0170957 0.0840971 
0.00931344 -0.0171534 -1.28145e-05 1.4113e-05 -0.0171534 0.0848671 2.73899e-05 7.25942e-06 -1.28145e-05 2.73899e-05 0.00938903 -0.0171203 1.4113e-05 7.25942e-06 -0.0171203 0.0842172 
0.00933085 -0.0171699 -1.19874e-05 -6.58506e-06 -0.0171699 0.0848828 1.54602e-06 4.10729e-05 -1.19874e-05 1.54602e-06 0.00937397 -0.0171029 -6.58506e-06 4.10729e-05 -0.0171029 0.0841936 
0.0093257 -0.0171776 -1.67501e-05 -1.07051e-05 -0.0171776 0.0848594 -7.18884e-06 7.79769e-05 -1.67501e-05 -7.18884e-06 0.00937157 -0.0170741 -1.07051e-05 7.79769e-05 -0.0170741 0.0840977 
0.0093219 -0.017179 -2.36051e-05 -5.40395e-06 -0.017179 0.0848645 -2.55418e-06 8.49357e-05 -2.36051e-05 -2.55418e-06 0.00937154 -0.0170698 -5.40395e-06 8.49357e-05 -0.0170698 0.0840534 
0.00933261 -0.0171943 -1.77286e-05 2.47458e-06 -0.0171943 0.0849425 7.93057e-06 7.04666e-05 -1.77286e-05 7.93057e-06 0.00936406 -0.01708 2.47458e-06 7.04666e-05 -0.01708 0.0840961 
0.00932838 -0.0171885 -1.70424e-05 -7.0507e-06 -0.0171885 0.0848966 4.61616e-06 7.35961e-05 -1.70424e-05 4.61616e-06 0.009342 -0.0170455 -7.0507e-06 7.35961e-05 -0.0170455 0.0839827 
0.00930388 -0.0171413 -1.72578e-05 -1.23923e-05 -0.0171413 0.0846578 2.77369e-06 8.6969e-05 -1.72578e-05 2.77369e-06 0.00930052 -0.0169716 -1.23923e-05 8.6969e-05 -0.0169716 0.0836625 
0.00928302 -0.0171235 -1.51195e-05 -1.13493e-05 -0.0171235 0.0845592 2.02053e-06 9.33497e-05 -1.51195e-05 2.02053e-06 0.00929116 -0.0169304 -1.13493e-05 9.33497e-05 -0.0169304 0.0834879 
0.00925489 -0.0170772 -2.25853e-05 -8.725e-06 -0.0170772 0.0843762 -8.27272e-07 9.17295e-05 -2.25853e-05 -8.27272e-07 0.00928802 -0.0169038 -8.725e-06 9.17295e-05 -0.0169038 0.0833113 
0.00924416 -0.0170464 -3.1378e-05 3.93227e-06 -0.0170464 0.0842608 2.69046e-06 8.07913e-05 -3.1378e-05 2.69046e-06 0.00928213 -0.0169116 3.93227e-06 8.07913e-05 -0.0169116 0.0832785 
0.00926663 -0.0170669 -2.98578e-05 1.86467e-05 -0.0170669 0.0843712 9.81399e-06 5.77181e-05 -2.98578e-05 9.81399e-06 0.00928186 -0.0169559 1.86467e-05 5.77181e-05 -0.0169559 0.0834868 
0.00925436 -0.0170736 -4.13147e-05 2.20717e-05 -0.0170736 0.0843705 1.08157e-05 3.94293e-05 -4.13147e-05 1.08157e-05 0.00930036 -0.0169432 2.20717e-05 3.94293e-05 -0.0169432 0.0835094 
0.00927436 -0.0170785 -2.91915e-05 3.52902e-05 -0.0170785 0.08446 2.57681e-05 1.26115e-05 -2.91915e-05 2.57681e-05 0.0093056 -0.0169946 3.52902e-05 1.26115e-05 -0.0169946 0.0836855 
0.00927039 -0.017079 -1.90357e-05 1.78031e-05 -0.017079 0.0844191 1.09252e-05 2.47941e-05 -1.90357e-05 1.09252e-05 0.00931013 -0.0169796 1.78031e-05 2.47941e-05 -0.0169796 0.0836747 
0.00926666 -0.0170711 -9.17617e-06 -7.01157e-07 -0.0170711 0.084369 -5.36982e-06 6.92528e-05 -9.17617e-06 -5.36982e-06 0.00930974 -0.0169697 -7.01157e-07 6.92528e-05 -0.0169697 0.0836097 
0.00926559 -0.0170713 -9.92041e-06 -1.5723e-05 -0.0170713 0.0843578 -1.9502e-05 0.000114232 -9.92041e-06 -1.9502e-05 0.00930951 -0.0169705 -1.5723e-05 0.000114232 -0.0169705 0.0835897 
0.00926939 -0.0170946 -2.06172e-05 -1.63244e-05 -0.0170946 0.0844619 -1.59145e-05 0.000129536 -2.06172e-05 -1.59145e-05 0.009319 -0.0169867 -1.63244e-05 0.000129536 -0.0169867 0.0836656 
0.00927414 -0.0171054 -1.0955e-05 -2.31205e-06 -0.0171054 0.084546 3.66834e-07 0.000106103 -1.0955e-05 3.66834e-07 0.00931249 -0.0170036 -2.31205e-06 0.000106103 -0.0170036 0.0837434 
0.0093 -0.0171675 -2.76308e-06 -9.26849e-06 -0.0171675 0.0848723 -1.00613e-05 0.000101126 -2.76308e-06 -1.00613e-05 0.00933958 -0.0170523 -9.26849e-06 0.000101126 -0.0170523 0.0840469 
0.00928127 -0.0171314 -8.13159e-06 -1.45289e-05 -0.0171314 0.0847349 -1.91817e-05 0.000110447 -8.13159e-06 -1.91817e-05 0.00933363 -0.0170114 -1.45289e-05 0.000110447 -0.0170114 0.0838821 
0.00926165 -0.0170989 -2.04525e-05 -7.45809e-06 -0.0170989 0.0845882 -1.32849e-05 0.000103313 -2.04525e-05 -1.32849e-05 0.00933407 -0.0169892 -7.45809e-06 0.000103313 -0.0169892 0.0837338 
0.00922774 -0.0170623 -1.13077e-05 6.06478e-06 -0.0170623 0.0844286 -2.66179e-07 7.86008e-05 -1.13077e-05 -2.66179e-07 0.00934765 -0.0169795 6.06478e-06 7.86008e-05 -0.0169795 0.0836176 
0.00921604 -0.017036 -9.92232e-06 -1.6403e-06 -0.017036 0.084373 -7.99373e-06 7.31309e-05 -9.92232e-06 -7.99373e-06 0.00936216 -0.0170204 -1.6403e-06 7.31309e-05 -0.0170204 0.0836975 
0.00920323 -0.0169807 -1.28896e-05 -3.96347e-06 -0.0169807 0.0841253 -8.0663e-06 7.49674e-05 -1.28896e-05 -8.0663e-06 0.00934191 -0.0170045 -3.96347e-06 7.49674e-05 -0.0170045 0.0835859 
0.00919885 -0.0169617 -1.50198e-05 2.37326e-06 -0.0169617 0.0839781 -1.96398e-06 6.1835e-05 -1.50198e-05 -1.96398e-06 0.00932998 -0.0169821 2.37326e-06 6.1835e-05 -0.0169821 0.0834934 
0.00920949 -0.0170082 -2.02264e-05 5.52039e-06 -0.0170082 0.0841522 1.13498e-06 4.99334e-05 -2.02264e-05 1.13498e-06 0.00935827 -0.0170127 5.52039e-06 4.99334e-05 -0.0170127 0.0836482 
0.00921575 -0.0170368 -1.95759e-05 1.04156e-05 -0.0170368 0.0843192 7.49271e-06 3.68976e-05 -1.95759e-05 7.49271e-06 0.0093834 -0.0170573 1.04156e-05 3.68976e-05 -0.0170573 0.0838219 
0.0092052 -0.0170103 -7.38066e-06 1.02529e-05 -0.0170103 0.0842378 7.78939e-06 2.97527e-05 -7.38066e-06 7.78939e-06 0.00937506 -0.0170563 1.02529e-05 2.97527e-05 -0.0170563 0.0837923 
0.00921751 -0.0169955 4.60202e-06 -9.35799e-07 -0.0169955 0.0841721 -7.12335e-06 4.46506e-05 4.60202e-06 -7.12335e-06 0.00934719 -0.0170441 -9.35799e-07 4.46506e-05 -0.0170441 0.0837527 
0.00927105 -0.0170735 1.44134e-05 -1.65521e-05 -0.0170735 0.0844852 -2.51656e-05 8.17549e-05 1.44134e-05 -2.51656e-05 0.00934602 -0.0170765 -1.65521e-05 8.17549e-05 -0.0170765 0.0840037 
0.00927826 -0.0171201 1.09905e-05 -2.71811e-05 -0.0171201 0.0846426 -3.39098e-05 0.000109054 1.09905e-05 -3.39098e-05 0.00934757 -0.0170545 -2.71811e-05 0.000109054 -0.0170545 0.0840188 
0.00927185 -0.0171382 6.2393e-07 -1.9351e-05 -0.0171382 0.0847727 -2.37513e-05 9.88745e-05 6.2393e-07 -2.37513e-05 0.00936702 -0.0170613 -1.9351e-05 9.88745e-05 -0.0170613 0.0840641 
0.00926444 -0.0171076 2.87347e-06 -4.65928e-06 -0.0171076 0.0847036 -7.35886e-06 6.16116e-05 2.87347e-06 -7.35886e-06 0.00936311 -0.0170608 -4.65928e-06 6.16116e-05 -0.0170608 0.0840157 
0.00928105 -0.0171027 8.75414e-06 -6.47505e-06 -0.0171027 0.084672 -7.85442e-06 4.19559e-05 8.75414e-06 -7.85442e-06 0.00933757 -0.0170536 -6.47505e-06 4.19559e-05 -0.0170536 0.083988 
0.00929064 -0.0171234 1.50592e-05 -1.57787e-05 -0.0171234 0.0846976 -1.82696e-05 5.43914e-05 1.50592e-05 -1.82696e-05 0.00931326 -0.0170211 -1.57787e-05 5.43914e-05 -0.0170211 0.0839249 
0.00929356 -0.0171077 2.99231e-05 -2.32277e-05 -0.0171077 0.0845906 -2.63858e-05 7.42015e-05 2.99231e-05 -2.63858e-05 0.00927487 -0.0169581 -2.32277e-05 7.42015e-05 -0.0169581 0.0836903 
0.00928968 -0.0170799 2.6288e-05 -4.32206e-05 -0.0170799 0.0843903 -4.46189e-05 0.000113293 2.6288e-05 -4.46189e-05 0.00923949 -0.0168791 -4.32206e-05 0.000113293 -0.0168791 0.083358 
0.00927511 -0.0170954 2.53141e-05 -4.28711e-05 -0.0170954 0.0843868 -4.44383e-05 0.00013542 2.53141e-05 -4.44383e-05 0.00923969 -0.016855 -4.28711e-05 0.00013542 -0.016855 0.0832356 
0.00926795 -0.0170983 9.53367e-06 -3.89573e-05 -0.0170983 0.0844561 -3.97465e-05 0.000130252 9.53367e-06 -3.97465e-05 0.00925408 -0.016878 -3.89573e-05 0.000130252 -0.016878 0.0832902 
0.00926182 -0.0170835 7.01432e-07 -1.71751e-05 -0.0170835 0.0844427 -1.73734e-05 8.93103e-05 7.01432e-07 -1.73734e-05 0.00925604 -0.0168968 -1.71751e-05 8.93103e-05 -0.0168968 0.0833456 
0.00921821 -0.017026 2.55054e-06 -1.8351e-06 -0.017026 0.0841786 -3.76639e-06 4.08456e-05 2.55054e-06 -3.76639e-06 0.00924955 -0.0168519 -1.8351e-06 4.08456e-05 -0.0168519 0.0831393 
0.00919351 -0.0169842 1.00181e-05 -5.95523e-07 -0.0169842 0.0840403 -3.02512e-06 1.56894e-05 1.00181e-05 -3.02512e-06 0.00924924 -0.0168581 -5.95523e-07 1.56894e-05 -0.0168581 0.0830944 
0.00918786 -0.0169742 1.77611e-05 -9.13513e-06 -0.0169742 0.0840405 -1.33099e-05 2.18041e-05 1.77611e-05 -1.33099e-05 0.00925575 -0.0168899 -9.13513e-06 2.18041e-05 -0.0168899 0.08322 
0.00916183 -0.0169175 6.21542e-06 -1.44483e-05 -0.0169175 0.0838009 -2.41703e-05 3.74325e-05 6.21542e-06 -2.41703e-05 0.0092322 -0.0168607 -1.44483e-05 3.74325e-05 -0.0168607 0.0830924 
0.00910898 -0.0168296 1.22917e-06 1.07292e-06 -0.0168296 0.0833718 -1.21704e-05 2.29708e-05 1.22917e-06 -1.21704e-05 0.00920394 -0.0167788 1.07292e-06 2.29708e-05 -0.0167788 0.0827265 
0.0090729 -0.0167828 1.96649e-06 1.0724e-05 -0.0167828 0.0831592 -3.40707e-06 -6.06557e-06 1.96649e-06 -3.40707e-06 0.00920891 -0.0167567 1.0724e-05 -6.06557e-06 -0.0167567 0.0825677 
0.00906743 -0.016789 5.72698e-06 1.31599e-05 -0.016789 0.0832482 -3.36793e-06 -2.33851e-05 5.72698e-06 -3.36793e-06 0.00925105 -0.0168202 1.31599e-05 -2.33851e-05 -0.0168202 0.0827799 
0.00910105 -0.0167839 -2.30593e-06 1.10277e-05 -0.0167839 0.0832925 -6.83637e-06 -2.76988e-05 -2.30593e-06 -6.83637e-06 0.0092549 -0.0168834 1.10277e-05 -2.76988e-05 -0.0168834 0.0830001 
0.00914441 -0.0168148 -1.19101e-05 1.68754e-05 -0.0168148 0.0833275 2.29728e-06 -3.78821e-05 -1.19101e-05 2.29728e-06 0.00923434 -0.0168818 1.68754e-05 -3.78821e-05 -0.0168818 0.0830695 
0.00919931 -0.0169262 -1.33913e-05 2.28777e-05 -0.0169262 0.0837078 1.65297e-05 -5.80084e-05 -1.33913e-05 1.65297e-05 0.00923685 -0.0169039 2.28777e-05 -5.80084e-05 -0.0169039 0.0832931 
0.00922188 -0.0170139 2.91446e-06 1.9353e-05 -0.0170139 0.0840717 2.3545e-05 -6.99501e-05 2.91446e-06 2.3545e-05 0.00926277 -0.0169115 1.9353e-05 -6.99501e-05 -0.0169115 0.0834346 
0.00922485 -0.0170197 1.14514e-05 -2.96967e-06 -0.0170197 0.0841584 8.11732e-06 -4.67665e-05 1.14514e-05 8.11732e-06 0.00926753 -0.0169109 -2.96967e-06 -4.67665e-05 -0.0169109 0.0834057 
0.00919808 -0.0169996 7.6643e-06 -1.60628e-05 -0.0169996 0.0840787 -5.82455e-06 -7.48076e-06 7.6643e-06 -5.82455e-06 0.00927169 -0.0168902 -1.60628e-05 -7.48076e-06 -0.0168902 0.0832862 
0.00917042 -0.0169744 -1.58654e-05 -1.01131e-05 -0.0169744 0.0840352 -4.62336e-06 3.98297e-06 -1.58654e-05 -4.62336e-06 0.00928616 -0.0169056 -1.01131e-05 3.98297e-06 -0.0169056 0.0832924 
0.00912557 -0.0168857 -3.83394e-05 1.75975e-05 -0.0168857 0.0837005 2.19073e-05 -3.36141e-05 -3.83394e-05 2.19073e-05 0.00926449 -0.0168754 1.75975e-05 -3.36141e-05 -0.0168754 0.0830834 
0.00910848 -0.0168464 -4.03165e-05 4.85436e-05 -0.0168464 0.0835526 5.23141e-05 -0.000104636 -4.03165e-05 5.23141e-05 0.00924836 -0.0168749 4.85436e-05 -0.000104636 -0.0168749 0.0830653 
0.00909308 -0.0167987 -3.50997e-05 5.60882e-05 -0.0167987 0.0833362 5.71851e-05 -0.000149803 -3.50997e-05 5.71851e-05 0.00921774 -0.0168363 5.60882e-05 -0.000149803 -0.0168363 0.0829239 
0.00907875 -0.016722 -2.0804e-05 5.1289e-05 -0.016722 0.082939 5.29971e-05 -0.000158935 -2.0804e-05 5.29971e-05 0.00915756 -0.0167513 5.1289e-05 -0.000158935 -0.0167513 0.0825563 
0.00907149 -0.0167393 -2.977e-05 3.14192e-05 -0.0167393 0.0829104 3.70779e-05 -0.000132102 -2.977e-05 3.70779e-05 0.00916607 -0.0167185 3.14192e-05 -0.000132102 -0.0167185 0.0824692 
0.00908789 -0.0167678 -2.40362e-05 3.98244e-05 -0.0167678 0.0830601 4.54784e-05 -0.000128236 -2.40362e-05 4.54784e-05 0.00917987 -0.01676 3.98244e-05 -0.000128236 -0.01676 0.082603 
0.00910033 -0.0168055 -1.83468e-05 3.51626e-05 -0.0168055 0.0832368 3.44222e-05 -0.0001183 -1.83468e-05 3.44222e-05 0.00920141 -0.0167939 3.51626e-05 -0.0001183 -0.0167939 0.0827765 
0.00910859 -0.0168175 -3.24931e-06 2.82985e-05 -0.0168175 0.0833214 2.42887e-05 -9.60677e-05 -3.24931e-06 2.42887e-05 0.00921604 -0.0168154 2.82985e-05 -9.60677e-05 -0.0168154 0.0828711 
0.0091084 -0.0168004 1.09464e-05 9.33922e-06 -0.0168004 0.0832336 5.2126e-06 -5.72201e-05 1.09464e-05 5.2126e-06 0.0092083 -0.0168023 9.33922e-06 -5.72201e-05 -0.0168023 0.0827909 
0.00910766 -0.0167759 2.15162e-05 -8.01034e-06 -0.0167759 0.0830625 -1.1486e-05 -1.23136e-05 2.15162e-05 -1.1486e-05 0.00917734 -0.0167596 -8.01034e-06 -1.23136e-05 -0.0167596 0.0825846 
0.00911357 -0.0168286 1.09679e-05 -1.52492e-05 -0.0168286 0.0832402 -2.06499e-05 1.15515e-05 1.09679e-05 -2.06499e-05 0.00920641 -0.0167713 -1.52492e-05 1.15515e-05 -0.0167713 0.0826726 
0.00913265 -0.0168453 3.10142e-06 -2.03435e-06 -0.0168453 0.0833706 -1.01439e-05 1.87241e-06 3.10142e-06 -1.01439e-05 0.00920959 -0.0168113 -2.03435e-06 1.87241e-06 -0.0168113 0.0827884 
0.00917034 -0.0168989 -4.72471e-07 1.02726e-05 -0.0168989 0.0836029 -2.625e-07 -2.6815e-05 -4.72471e-07 -2.625e-07 0.00920735 -0.0168413 1.02726e-05 -2.6815e-05 -0.0168413 0.0829844 
0.00919151 -0.0169531 -1.54897e-06 1.43742e-05 -0.0169531 0.0838178 7.44455e-06 -5.07402e-05 -1.54897e-06 7.44455e-06 0.00921483 -0.0168395 1.43742e-05 -5.07402e-05 -0.0168395 0.083079 
0.00921731 -0.0169621 8.23717e-06 1.39e-05 -0.0169621 0.0838697 1.3129e-05 -6.56009e-05 8.23717e-06 1.3129e-05 0.00918887 -0.0168248 1.39e-05 -6.56009e-05 -0.0168248 0.0830236 
0.0092549 -0.0170488 1.07729e-05 3.64212e-07 -0.0170488 0.0842037 5.47785e-06 -5.56883e-05 1.07729e-05 5.47785e-06 0.00919817 -0.0168388 3.64212e-07 -5.56883e-05 -0.0168388 0.0831951 
0.00925523 -0.0170546 -7.60987e-06 -3.94223e-06 -0.0170546 0.0842314 1.25162e-06 -4.20555e-05 -7.60987e-06 1.25162e-06 0.00918635 -0.0168084 -3.94223e-06 -4.20555e-05 -0.0168084 0.0830876 
0.00920396 -0.016965 -2.1401e-06 1.73569e-05 -0.016965 0.0837947 2.11392e-05 -6.60254e-05 -2.1401e-06 2.11392e-05 0.00915236 -0.0167017 1.73569e-05 -6.60254e-05 -0.0167017 0.0825737 
0.00914932 -0.0168773 -3.95407e-06 1.42012e-05 -0.0168773 0.0833732 1.50128e-05 -7.74624e-05 -3.95407e-06 1.50128e-05 0.00913062 -0.0166359 1.42012e-05 -7.74624e-05 -0.0166359 0.0821594 
0.00910601 -0.0168139 -1.37568e-05 1.47918e-05 -0.0168139 0.0830939 1.18408e-05 -7.11106e-05 -1.37568e-05 1.18408e-05 0.0091355 -0.0166198 1.47918e-05 -7.11106e-05 -0.0166198 0.0819731 
0.00908685 -0.01677 -8.49012e-06 2.64035e-05 -0.01677 0.0829366 2.12603e-05 -8.27984e-05 -8.49012e-06 2.12603e-05 0.00913498 -0.0166483 2.64035e-05 -8.27984e-05 -0.0166483 0.0819852 
0.00911465 -0.016832 -2.02944e-06 2.4086e-05 -0.016832 0.0832605 1.65809e-05 -8.8696e-05 -2.02944e-06 1.65809e-05 0.00917129 -0.0167468 2.4086e-05 -8.8696e-05 -0.0167468 0.0824559 
0.0091168 -0.0168583 1.77754e-05 1.89126e-05 -0.0168583 0.0834333 1.02375e-05 -8.21794e-05 1.77754e-05 1.02375e-05 0.00920082 -0.0167909 1.89126e-05 -8.21794e-05 -0.0167909 0.0827242 
0.00910979 -0.0168397 1.54776e-05 -4.34094e-06 -0.0168397 0.0834199 -1.13658e-05 -4.85613e-05 1.54776e-05 -1.13658e-05 0.00922099 -0.016809 -4.34094e-06 -4.85613e-05 -0.016809 0.0828096 
0.00908939 -0.0167948 -2.68698e-06 8.04493e-07 -0.0167948 0.0832274 -6.46514e-06 -4.15978e-05 -2.68698e-06 -6.46514e-06 0.00920767 -0.0167979 8.04493e-07 -4.15978e-05 -0.0167979 0.082717 
0.0090919 -0.0168013 -1.20518e-05 2.33539e-05 -0.0168013 0.0832665 1.65784e-05 -7.97342e-05 -1.20518e-05 1.65784e-05 0.00921202 -0.0168171 2.33539e-05 -7.97342e-05 -0.0168171 0.0828238 
0.00909091 -0.0167706 -1.48417e-05 3.19175e-05 -0.0167706 0.0831226 3.15332e-05 -0.000118829 -1.48417e-05 3.15332e-05 0.00918198 -0.0167833 3.19175e-05 -0.000118829 -0.0167833 0.0826918 
