0.00665635 0 -9.99712e-05 0 0 0.00945735 0 0 -9.99712e-05 0 0.00669388 0 0 0 0 0.00945735 
0.009734 -0.012081 -0.000116301 0.000139791 -0.012081 0.0321279 0.000139791 -0.000268424 -0.000116301 0.000139791 0.00980724 -0.0121742 0.000139791 -0.000268424 -0.0121742 0.0323061 
0.00917384 -0.0170145 -4.20146e-05 6.74692e-05 -0.0170145 0.0627669 6.74692e-05 -0.000187641 -4.20146e-05 6.74692e-05 0.00919366 -0.017204 6.74692e-05 -0.000187641 -0.017204 0.0633924 
0.00868911 -0.0166869 -2.00559e-05 -0.000110322 -0.0166869 0.0747319 -0.000109509 0.000582018 -2.00559e-05 -0.000109509 0.00865303 -0.0168281 -0.000110322 0.000582018 -0.0168281 0.0756053 
0.00921761 -0.0172066 -3.56301e-05 -0.000138554 -0.0172066 0.0827833 -0.000128734 0.00102071 -3.56301e-05 -0.000128734 0.00918067 -0.017258 -0.000138554 0.00102071 -0.017258 0.0835679 
0.00897712 -0.0164796 -2.8739e-05 -7.08323e-05 -0.0164796 0.0807939 -6.21226e-05 0.000820115 -2.8739e-05 -6.21226e-05 0.00894412 -0.0165026 -7.08323e-05 0.000820115 -0.0165026 0.0813116 
0.00945347 -0.0172768 -3.67891e-05 -5.02408e-05 -0.0172768 0.0850257 -4.76621e-05 0.000617593 -3.67891e-05 -4.76621e-05 0.00941905 -0.017293 -5.02408e-05 0.000617593 -0.017293 0.0853996 
0.00919899 -0.0168077 -3.7462e-05 -3.04886e-05 -0.0168077 0.0828056 -3.39783e-05 0.000447291 -3.7462e-05 -3.39783e-05 0.0091784 -0.0168111 -3.04886e-05 0.000447291 -0.0168111 0.0830547 
0.00969 -0.0176762 -4.09028e-05 -2.9373e-05 -0.0176762 0.0871382 -3.86981e-05 0.000402699 -4.09028e-05 -3.86981e-05 0.00966328 -0.0176929 -2.9373e-05 0.000402699 -0.0176929 0.0873607 
0.00955975 -0.0174154 -4.38238e-05 -3.48749e-05 -0.0174154 0.0858031 -4.47302e-05 0.000393458 -4.38238e-05 -4.47302e-05 0.00950922 -0.0174323 -3.48749e-05 0.000393458 -0.0174323 0.0860194 
0.00947378 -0.0172584 -2.81477e-05 -3.89967e-05 -0.0172584 0.0849354 -4.63795e-05 0.000408962 -2.81477e-05 -4.63795e-05 0.00940107 -0.017248 -3.89967e-05 0.000408962 -0.017248 0.0851104 
0.0094835 -0.0172727 -3.08359e-05 -6.10308e-05 -0.0172727 0.0849394 -6.41852e-05 0.000452399 -3.08359e-05 -6.41852e-05 0.00935957 -0.0172304 -6.10308e-05 0.000452399 -0.0172304 0.085039 
0.00944987 -0.0172577 -5.10703e-05 -6.41008e-05 -0.0172577 0.0848141 -6.00791e-05 0.000476991 -5.10703e-05 -6.00791e-05 0.00933195 -0.0171528 -6.41008e-05 0.000476991 -0.0171528 0.0847819 
0.00941965 -0.0171998 -5.23806e-05 -3.79289e-05 -0.0171998 0.0846067 -2.73466e-05 0.000430502 -5.23806e-05 -2.73466e-05 0.00930873 -0.017105 -3.79289e-05 0.000430502 -0.017105 0.0845328 
0.00940227 -0.0171286 -4.82204e-05 -3.01117e-05 -0.0171286 0.0842942 -1.80142e-05 0.00038145 -4.82204e-05 -1.80142e-05 0.00925772 -0.0170615 -3.01117e-05 0.00038145 -0.0170615 0.0842869 
0.00938902 -0.0171061 -4.52902e-05 -3.16309e-05 -0.0171061 0.0841147 -2.28856e-05 0.000365093 -4.52902e-05 -2.28856e-05 0.00923107 -0.0170035 -3.16309e-05 0.000365093 -0.0170035 0.0840971 
0.0093498 -0.0171112 -3.69696e-05 -3.25153e-05 -0.0171112 0.0841021 -2.71875e-05 0.000363523 -3.69696e-05 -2.71875e-05 0.00925412 -0.0169821 -3.25153e-05 0.000363523 -0.0169821 0.0840163 
0.00931608 -0.0170634 -2.24445e-05 -3.98755e-05 -0.0170634 0.0840143 -3.63019e-05 0.00037194 -2.24445e-05 -3.63019e-05 0.00926098 -0.0170052 -3.98755e-05 0.00037194 -0.0170052 0.0840032 
0.00926788 -0.0169761 -2.19642e-05 -5.41903e-05 -0.0169761 0.0836743 -5.06779e-05 0.000393673 -2.19642e-05 -5.06779e-05 0.00923946 -0.0169679 -5.41903e-05 0.000393673 -0.0169679 0.0837914 
0.00927207 -0.016977 -2.23724e-05 -5.48842e-05 -0.016977 0.0837371 -4.96523e-05 0.000402147 -2.23724e-05 -4.96523e-05 0.00925874 -0.0170104 -5.48842e-05 0.000402147 -0.0170104 0.0839797 
0.00925474 -0.0169469 -2.50289e-05 -5.32618e-05 -0.0169469 0.0836009 -4.54865e-05 0.000394074 -2.50289e-05 -4.54865e-05 0.00925894 -0.0169952 -5.32618e-05 0.000394074 -0.0169952 0.0839104 
0.00925246 -0.0169497 -1.84316e-05 -5.09966e-05 -0.0169497 0.0836366 -4.40149e-05 0.000388278 -1.84316e-05 -4.40149e-05 0.00927196 -0.0170251 -5.09966e-05 0.000388278 -0.0170251 0.0840183 
0.00924872 -0.0169184 -2.43769e-05 -5.548e-05 -0.0169184 0.0835074 -4.95795e-05 0.000389453 -2.43769e-05 -4.95795e-05 0.00925524 -0.0170099 -5.548e-05 0.000389453 -0.0170099 0.0839411 
0.00926439 -0.0169434 -4.247e-05 -4.60758e-05 -0.0169434 0.0835843 -4.18933e-05 0.000376166 -4.247e-05 -4.18933e-05 0.00924708 -0.0170146 -4.60758e-05 0.000376166 -0.0170146 0.0840034 
0.00927026 -0.0169765 -4.20407e-05 -2.04342e-05 -0.0169765 0.0837198 -1.79698e-05 0.000326644 -4.20407e-05 -1.79698e-05 0.00925641 -0.0170173 -2.04342e-05 0.000326644 -0.0170173 0.0840764 
0.00926127 -0.0169638 -3.51429e-05 -1.70652e-05 -0.0169638 0.0837009 -1.35099e-05 0.000289223 -3.51429e-05 -1.35099e-05 0.00925714 -0.0170102 -1.70652e-05 0.000289223 -0.0170102 0.084037 
0.00926396 -0.0169269 -4.04038e-05 -2.46781e-05 -0.0169269 0.0835522 -1.76739e-05 0.000281285 -4.04038e-05 -1.76739e-05 0.00923729 -0.0169928 -2.46781e-05 0.000281285 -0.0169928 0.0839281 
0.00925024 -0.0169164 -3.97365e-05 -1.98976e-05 -0.0169164 0.0834247 -1.21634e-05 0.00027351 -3.97365e-05 -1.21634e-05 0.00923041 -0.0169586 -1.98976e-05 0.00027351 -0.0169586 0.0837929 
0.00925906 -0.0169215 -4.43307e-05 -2.07501e-05 -0.0169215 0.08345 -1.47436e-05 0.000271325 -4.43307e-05 -1.47436e-05 0.00922202 -0.0169723 -2.07501e-05 0.000271325 -0.0169723 0.083822 
0.00928521 -0.0169522 -5.21348e-05 -1.56571e-05 -0.0169522 0.0835785 -1.40067e-05 0.000271194 -5.21348e-05 -1.40067e-05 0.00921821 -0.0169893 -1.56571e-05 0.000271194 -0.0169893 0.0839456 
0.00929715 -0.0170144 -4.71016e-05 -5.939e-06 -0.0170144 0.0838328 -6.77509e-06 0.000259016 -4.71016e-05 -6.77509e-06 0.00923955 -0.0170102 -5.939e-06 0.000259016 -0.0170102 0.0841259 
0.00928378 -0.017019 -2.76647e-05 -8.64591e-06 -0.017019 0.0839106 -1.26673e-05 0.000257294 -2.76647e-05 -1.26673e-05 0.00925275 -0.0170113 -8.64591e-06 0.000257294 -0.0170113 0.0841446 
0.00925092 -0.0169247 -1.1276e-05 -2.78141e-05 -0.0169247 0.0835312 -3.65826e-05 0.000288514 -1.1276e-05 -3.65826e-05 0.00920709 -0.0169428 -2.78141e-05 0.000288514 -0.0169428 0.0837755 
0.00920624 -0.0168599 -6.18881e-06 -4.66066e-05 -0.0168599 0.0831739 -6.12646e-05 0.000339431 -6.18881e-06 -6.12646e-05 0.00917698 -0.0168607 -4.66066e-05 0.000339431 -0.0168607 0.0833977 
0.00920134 -0.0168224 -5.5635e-06 -5.4092e-05 -0.0168224 0.0830129 -6.87778e-05 0.000373733 -5.5635e-06 -6.87778e-05 0.00915068 -0.0168388 -5.4092e-05 0.000373733 -0.0168388 0.083238 
0.00919454 -0.0168256 -4.83583e-06 -6.04628e-05 -0.0168256 0.0829757 -6.69302e-05 0.000390816 -4.83583e-06 -6.69302e-05 0.00914968 -0.016821 -6.04628e-05 0.000390816 -0.016821 0.0831801 
0.00918376 -0.0167864 -7.96206e-06 -6.39261e-05 -0.0167864 0.0827966 -6.11593e-05 0.000391404 -7.96206e-06 -6.11593e-05 0.00912584 -0.0167922 -6.39261e-05 0.000391404 -0.0167922 0.0830046 
0.00919454 -0.0167992 -2.22986e-05 -6.03877e-05 -0.0167992 0.0828206 -5.58049e-05 0.000383765 -2.22986e-05 -5.58049e-05 0.00912601 -0.0167928 -6.03877e-05 0.000383765 -0.0167928 0.083022 
0.00920717 -0.0168537 -1.4968e-05 -4.27424e-05 -0.0168537 0.0830499 -3.75751e-05 0.000353334 -1.4968e-05 -3.75751e-05 0.00915228 -0.0168321 -4.27424e-05 0.000353334 -0.0168321 0.0832204 
0.00922017 -0.0168827 2.01032e-06 -5.1043e-05 -0.0168827 0.083234 -4.60383e-05 0.000350669 2.01032e-06 -4.60383e-05 0.00917046 -0.016869 -5.1043e-05 0.000350669 -0.016869 0.0833916 
0.00924441 -0.0168954 7.31681e-06 -7.0369e-05 -0.0168954 0.0833183 -6.77833e-05 0.000384013 7.31681e-06 -6.77833e-05 0.00915759 -0.016883 -7.0369e-05 0.000384013 -0.016883 0.0834701 
0.00926401 -0.016942 -1.17216e-05 -7.82061e-05 -0.016942 0.0834937 -7.79281e-05 0.000419179 -1.17216e-05 -7.79281e-05 0.00916499 -0.0168888 -7.82061e-05 0.000419179 -0.0168888 0.083584 
0.00929881 -0.0169874 -3.94362e-05 -5.70478e-05 -0.0169874 0.0837204 -5.75793e-05 0.000403666 -3.94362e-05 -5.75793e-05 0.00916931 -0.0169167 -5.70478e-05 0.000403666 -0.0169167 0.0837446 
0.00927009 -0.0169461 -4.9344e-05 -2.19417e-05 -0.0169461 0.0834826 -2.46283e-05 0.000336987 -4.9344e-05 -2.46283e-05 0.00915138 -0.0168443 -2.19417e-05 0.000336987 -0.0168443 0.0834432 
0.00922157 -0.01689 -4.63423e-05 -6.68564e-06 -0.01689 0.0832155 -1.15939e-05 0.000282328 -4.63423e-05 -1.15939e-05 0.00914327 -0.0167996 -6.68564e-06 0.000282328 -0.0167996 0.0831644 
0.00916978 -0.0168213 -3.93085e-05 -8.22655e-06 -0.0168213 0.0829585 -1.3005e-05 0.000262497 -3.93085e-05 -1.3005e-05 0.00915423 -0.0167888 -8.22655e-06 0.000262497 -0.0167888 0.0830117 
0.00914187 -0.0167867 -2.38452e-05 -2.10971e-05 -0.0167867 0.082883 -2.41796e-05 0.000281179 -2.38452e-05 -2.41796e-05 0.00919139 -0.0168346 -2.10971e-05 0.000281179 -0.0168346 0.0831186 
0.00913698 -0.0167548 -2.41169e-05 -4.06209e-05 -0.0167548 0.0828106 -4.37237e-05 0.000322938 -2.41169e-05 -4.37237e-05 0.0092047 -0.0168877 -4.06209e-05 0.000322938 -0.0168877 0.0832649 
0.00915546 -0.0167789 -3.85663e-05 -3.91362e-05 -0.0167789 0.0829145 -4.19495e-05 0.000338414 -3.85663e-05 -4.19495e-05 0.00922297 -0.0169312 -3.91362e-05 0.000338414 -0.0169312 0.0834875 
0.00918494 -0.0168079 -3.47897e-05 -1.88391e-05 -0.0168079 0.0830353 -1.93403e-05 0.000302682 -3.47897e-05 -1.93403e-05 0.00921996 -0.0169584 -1.88391e-05 0.000302682 -0.0169584 0.0836383 
0.00919792 -0.0168465 -3.01832e-05 -2.02255e-05 -0.0168465 0.083153 -1.89074e-05 0.000278336 -3.01832e-05 -1.89074e-05 0.00921891 -0.0169479 -2.02255e-05 0.000278336 -0.0169479 0.0836735 
0.00923295 -0.0168903 -4.02244e-05 -2.91933e-05 -0.0168903 0.0833722 -2.76509e-05 0.00028996 -4.02244e-05 -2.76509e-05 0.00921933 -0.016973 -2.91933e-05 0.00028996 -0.016973 0.0838153 
0.00925652 -0.0169084 -4.83287e-05 -2.23036e-05 -0.0169084 0.083419 -1.81042e-05 0.000289308 -4.83287e-05 -1.81042e-05 0.00920433 -0.0169532 -2.23036e-05 0.000289308 -0.0169532 0.0837827 
0.00927436 -0.0169576 -5.02132e-05 -1.79479e-05 -0.0169576 0.0835821 -1.12729e-05 0.000283209 -5.02132e-05 -1.12729e-05 0.00920635 -0.0169505 -1.79479e-05 0.000283209 -0.0169505 0.0838255 
0.00927731 -0.0169548 -4.13436e-05 -1.65101e-05 -0.0169548 0.0835652 -1.06165e-05 0.000281795 -4.13436e-05 -1.06165e-05 0.0092032 -0.0169259 -1.65101e-05 0.000281795 -0.0169259 0.0837213 
0.00930147 -0.0169664 -3.83198e-05 -2.52712e-05 -0.0169664 0.0836021 -2.30791e-05 0.000298385 -3.83198e-05 -2.30791e-05 0.00919153 -0.0169344 -2.52712e-05 0.000298385 -0.0169344 0.08373 
0.00930691 -0.0170058 -2.072e-05 -3.0737e-05 -0.0170058 0.0837121 -2.7218e-05 0.00031784 -2.072e-05 -2.7218e-05 0.00920341 -0.0169342 -3.0737e-05 0.00031784 -0.0169342 0.0837795 
0.00930337 -0.0169904 -1.32707e-05 -5.0125e-05 -0.0169904 0.0836609 -4.73351e-05 0.00035311 -1.32707e-05 -4.73351e-05 0.00918424 -0.0169228 -5.0125e-05 0.00035311 -0.0169228 0.0836982 
0.00930597 -0.0169986 -1.6905e-05 -5.809e-05 -0.0169986 0.0836897 -6.19121e-05 0.000391128 -1.6905e-05 -6.19121e-05 0.00917791 -0.0169134 -5.809e-05 0.000391128 -0.0169134 0.0836961 
0.00931317 -0.0169991 -2.41303e-05 -5.39261e-05 -0.0169991 0.0836998 -6.30856e-05 0.000406643 -2.41303e-05 -6.30856e-05 0.00916958 -0.0169076 -5.39261e-05 0.000406643 -0.0169076 0.0836868 
0.00932127 -0.0170164 -2.09832e-05 -4.22221e-05 -0.0170164 0.0837537 -5.54024e-05 0.000394787 -2.09832e-05 -5.54024e-05 0.00916382 -0.0168998 -4.22221e-05 0.000394787 -0.0168998 0.0836866 
0.00931311 -0.0170617 -9.41768e-06 -4.70031e-05 -0.0170617 0.0839544 -6.23628e-05 0.000400403 -9.41768e-06 -6.23628e-05 0.00920287 -0.0169112 -4.70031e-05 0.000400403 -0.0169112 0.0837865 
0.00928942 -0.017034 -1.14953e-05 -6.11167e-05 -0.017034 0.0839447 -7.37988e-05 0.000423623 -1.14953e-05 -7.37988e-05 0.00922665 -0.0169374 -6.11167e-05 0.000423623 -0.0169374 0.0838065 
0.00923517 -0.0169358 -3.00748e-05 -5.81133e-05 -0.0169358 0.0835564 -6.74272e-05 0.00042484 -3.00748e-05 -6.74272e-05 0.00921802 -0.0169031 -5.81133e-05 0.00042484 -0.0169031 0.0835471 
0.00918977 -0.0168688 -3.71965e-05 -3.31258e-05 -0.0168688 0.0832713 -3.93187e-05 0.000376656 -3.71965e-05 -3.93187e-05 0.00921623 -0.0168869 -3.31258e-05 0.000376656 -0.0168869 0.0833893 
0.00914315 -0.0167934 -6.09661e-05 -2.18145e-05 -0.0167934 0.0829605 -2.69384e-05 0.000329666 -6.09661e-05 -2.69384e-05 0.00920929 -0.0168664 -2.18145e-05 0.000329666 -0.0168664 0.0832133 
0.00914431 -0.0167494 -6.63551e-05 6.68335e-06 -0.0167494 0.0828031 2.37031e-06 0.000267517 -6.63551e-05 2.37031e-06 0.00918065 -0.0168787 6.68335e-06 0.000267517 -0.0168787 0.0832065 
0.00909311 -0.0166715 -6.0256e-05 1.75206e-05 -0.0166715 0.0823445 1.52194e-05 0.000212807 -6.0256e-05 1.52194e-05 0.00912929 -0.0167676 1.75206e-05 0.000212807 -0.0167676 0.082764 
0.00909606 -0.0166685 -6.12541e-05 1.17217e-05 -0.0166685 0.0823321 1.11264e-05 0.000198222 -6.12541e-05 1.11264e-05 0.00911215 -0.0167585 1.17217e-05 0.000198222 -0.0167585 0.0827257 
0.00908175 -0.0166556 -6.37366e-05 9.69221e-06 -0.0166556 0.0822449 8.95696e-06 0.000201647 -6.37366e-05 8.95696e-06 0.00908949 -0.0167182 9.69221e-06 0.000201647 -0.0167182 0.0825831 
0.00905061 -0.0166149 -7.715e-05 1.00476e-05 -0.0166149 0.0820635 1.15715e-05 0.000201821 -7.715e-05 1.15715e-05 0.00907462 -0.0166665 1.00476e-05 0.000201821 -0.0166665 0.0823554 
0.0096862 -0.017775 -7.71177e-05 3.0791e-05 -0.017775 0.0878376 3.27145e-05 0.000181311 -7.71177e-05 3.27145e-05 0.0097089 -0.0178484 3.0791e-05 0.000181311 -0.0178484 0.0881544 
0.00907476 -0.016605 -5.5677e-05 2.32095e-05 -0.016605 0.0820682 2.627e-05 0.000157499 -5.5677e-05 2.627e-05 0.00904763 -0.0166804 2.32095e-05 0.000157499 -0.0166804 0.0823964 
0.00910663 -0.0166525 -3.61672e-05 1.0556e-06 -0.0166525 0.0821989 4.68809e-06 0.000190916 -3.61672e-05 4.68809e-06 0.00902815 -0.016667 1.0556e-06 0.000190916 -0.016667 0.0824455 
0.00913576 -0.0167361 -2.94708e-05 -2.42142e-05 -0.0167361 0.082534 -1.97828e-05 0.000248768 -2.94708e-05 -1.97828e-05 0.00904174 -0.0166762 -2.42142e-05 0.000248768 -0.0166762 0.082605 
0.00913342 -0.0167498 -5.08581e-05 -3.03464e-05 -0.0167498 0.0826227 -2.56363e-05 0.0002799 -5.08581e-05 -2.56363e-05 0.0090463 -0.0166573 -3.03464e-05 0.0002799 -0.0166573 0.0825493 
0.00913119 -0.0167653 -5.47323e-05 -2.46943e-06 -0.0167653 0.0827444 1.70632e-06 0.000244293 -5.47323e-05 1.70632e-06 0.00906879 -0.0166775 -2.46943e-06 0.000244293 -0.0166775 0.082621 
0.00912686 -0.016757 -4.7464e-05 6.99172e-06 -0.016757 0.0827788 1.18594e-05 0.000198574 -4.7464e-05 1.18594e-05 0.00909668 -0.0167098 6.99172e-06 0.000198574 -0.0167098 0.082718 
0.00910997 -0.0167078 -4.47798e-05 -2.70521e-07 -0.0167078 0.082581 2.87788e-06 0.000193884 -4.47798e-05 2.87788e-06 0.00909167 -0.0167113 -2.70521e-07 0.000193884 -0.0167113 0.0826489 
0.00908533 -0.0166774 -4.14148e-05 -3.76614e-06 -0.0166774 0.0824179 -7.65064e-06 0.000210393 -4.14148e-05 -7.65064e-06 0.00909093 -0.0167003 -3.76614e-06 0.000210393 -0.0167003 0.0825781 
0.0090734 -0.0166513 -2.47875e-05 -4.98942e-06 -0.0166513 0.0823198 -1.50564e-05 0.000224964 -2.47875e-05 -1.50564e-05 0.00909511 -0.016705 -4.98942e-06 0.000224964 -0.016705 0.0825633 
0.00906952 -0.0166348 -2.01153e-05 -2.58988e-05 -0.0166348 0.0822453 -3.49328e-05 0.000262043 -2.01153e-05 -3.49328e-05 0.00909913 -0.0167119 -2.58988e-05 0.000262043 -0.0167119 0.0825656 
0.00908253 -0.0166209 -2.10786e-05 -3.59219e-05 -0.0166209 0.0821585 -3.95715e-05 0.00029394 -2.10786e-05 -3.95715e-05 0.00907603 -0.016707 -3.59219e-05 0.00029394 -0.016707 0.0825231 
0.00910217 -0.0166761 -3.35243e-05 -3.77728e-05 -0.0166761 0.0823204 -3.99995e-05 0.000309314 -3.35243e-05 -3.99995e-05 0.00908386 -0.0167028 -3.77728e-05 0.000309314 -0.0167028 0.0825882 
0.00911132 -0.0166922 -3.5464e-05 -2.31002e-05 -0.0166922 0.0823798 -2.60671e-05 0.000294133 -3.5464e-05 -2.60671e-05 0.00908939 -0.0166916 -2.31002e-05 0.000294133 -0.0166916 0.0825328 
0.00911353 -0.0167282 -3.39137e-05 -2.28372e-05 -0.0167282 0.082537 -2.45293e-05 0.000286985 -3.39137e-05 -2.45293e-05 0.00911965 -0.0167197 -2.28372e-05 0.000286985 -0.0167197 0.0826264 
0.00913307 -0.0167396 -3.61861e-05 -2.56059e-05 -0.0167396 0.0826563 -2.56065e-05 0.000290379 -3.61861e-05 -2.56065e-05 0.00912362 -0.0167721 -2.56059e-05 0.000290379 -0.0167721 0.0827944 
0.00915111 -0.0167762 -3.37662e-05 -2.49978e-05 -0.0167762 0.0828077 -2.45018e-05 0.000294956 -3.37662e-05 -2.45018e-05 0.00913388 -0.0167925 -2.49978e-05 0.000294956 -0.0167925 0.0829532 
0.00919003 -0.0168307 -3.53331e-05 -3.0346e-05 -0.0168307 0.0830791 -3.03369e-05 0.000309348 -3.53331e-05 -3.03369e-05 0.00914507 -0.0168402 -3.0346e-05 0.000309348 -0.0168402 0.0832099 
0.00919942 -0.0168678 -2.82779e-05 -3.16214e-05 -0.0168678 0.0832337 -3.28961e-05 0.000323846 -2.82779e-05 -3.28961e-05 0.00916003 -0.0168501 -3.16214e-05 0.000323846 -0.0168501 0.0833269 
0.00917623 -0.0168555 -2.27279e-05 -3.92609e-05 -0.0168555 0.0832147 -4.24877e-05 0.000343257 -2.27279e-05 -4.24877e-05 0.00917981 -0.016849 -3.92609e-05 0.000343257 -0.016849 0.0833129 
0.00914203 -0.0168152 -8.03383e-06 -4.10205e-05 -0.0168152 0.083099 -4.85145e-05 0.000355621 -8.03383e-06 -4.85145e-05 0.00920194 -0.0168566 -4.10205e-05 0.000355621 -0.0168566 0.0832745 
0.009145 -0.0167861 1.16558e-06 -5.77676e-05 -0.0167861 0.0830486 -6.51812e-05 0.000384491 1.16558e-06 -6.51812e-05 0.00921252 -0.0168987 -5.77676e-05 0.000384491 -0.0168987 0.0833768 
0.00915153 -0.0168026 -6.94645e-06 -6.85498e-05 -0.0168026 0.0830986 -7.21181e-05 0.000408172 -6.94645e-06 -7.21181e-05 0.00921981 -0.0169243 -6.85498e-05 0.000408172 -0.0169243 0.0835082 
0.00919302 -0.0168456 -2.91772e-05 -6.31964e-05 -0.0168456 0.0833151 -6.03095e-05 0.000405161 -2.91772e-05 -6.03095e-05 0.00921581 -0.0169681 -6.31964e-05 0.000405161 -0.0169681 0.0837472 
0.0092078 -0.0168499 -2.05161e-05 -3.52193e-05 -0.0168499 0.0832671 -3.25659e-05 0.00035699 -2.05161e-05 -3.25659e-05 0.00917114 -0.0169155 -3.52193e-05 0.00035699 -0.0169155 0.0836171 
0.00919332 -0.0168191 -9.86802e-06 -3.80335e-05 -0.0168191 0.0830286 -4.04837e-05 0.000332704 -9.86802e-06 -4.04837e-05 0.00911761 -0.0167994 -3.80335e-05 0.000332704 -0.0167994 0.0831819 
0.00914976 -0.0167741 -2.52516e-05 -4.90123e-05 -0.0167741 0.082738 -5.37486e-05 0.000346153 -2.52516e-05 -5.37486e-05 0.00908477 -0.0166852 -4.90123e-05 0.000346153 -0.0166852 0.0826686 
0.00912407 -0.0167165 -4.62117e-05 -3.28221e-05 -0.0167165 0.0824916 -3.57484e-05 0.000329469 -4.62117e-05 -3.57484e-05 0.00905778 -0.0166386 -3.28221e-05 0.000329469 -0.0166386 0.0823444 
0.00908572 -0.0166659 -5.07684e-05 -7.42495e-06 -0.0166659 0.0822288 -1.01571e-05 0.000277605 -5.07684e-05 -1.01571e-05 0.00904273 -0.0165919 -7.42495e-06 0.000277605 -0.0165919 0.0820748 
0.00906973 -0.0166525 -5.81033e-05 6.82626e-07 -0.0166525 0.0821896 -2.38315e-06 0.000239299 -5.81033e-05 -2.38315e-06 0.00904849 -0.0166032 6.82626e-07 0.000239299 -0.0166032 0.0820658 
0.00969507 -0.0178192 -6.7298e-05 1.12581e-05 -0.0178192 0.0879955 7.53881e-06 0.000226354 -6.7298e-05 7.53881e-06 0.00970776 -0.0177987 1.12581e-05 0.000226354 -0.0177987 0.0879342 
0.00905719 -0.0166344 -6.63218e-05 1.84042e-05 -0.0166344 0.0822004 1.31941e-05 0.000187905 -6.63218e-05 1.31941e-05 0.00905981 -0.0166546 1.84042e-05 0.000187905 -0.0166546 0.0822299 
0.00905145 -0.0166318 -5.79167e-05 2.37952e-05 -0.0166318 0.0821915 1.87533e-05 0.000167783 -5.79167e-05 1.87533e-05 0.0090525 -0.0166456 2.37952e-05 0.000167783 -0.0166456 0.0822545 
0.00907065 -0.0166476 -3.91387e-05 1.19818e-05 -0.0166476 0.0822977 7.25675e-06 0.000179032 -3.91387e-05 7.25675e-06 0.00905284 -0.0166609 1.19818e-05 0.000179032 -0.0166609 0.0823664 
0.00908195 -0.0166819 -2.8417e-05 -1.22696e-05 -0.0166819 0.0824359 -1.44433e-05 0.000222092 -2.8417e-05 -1.44433e-05 0.00906996 -0.0166676 -1.22696e-05 0.000222092 -0.0166676 0.0824586 
0.00908365 -0.0166994 -3.2699e-05 -2.72024e-05 -0.0166994 0.0825336 -2.80278e-05 0.000266783 -3.2699e-05 -2.80278e-05 0.00908132 -0.0166824 -2.72024e-05 0.000266783 -0.0166824 0.0825177 
0.00907997 -0.0166867 -3.57851e-05 -2.17384e-05 -0.0166867 0.0825118 -2.40114e-05 0.000275278 -3.57851e-05 -2.40114e-05 0.00907483 -0.0166814 -2.17384e-05 0.000275278 -0.0166814 0.0824985 
0.00907188 -0.016661 -2.8108e-05 -1.27914e-05 -0.016661 0.0823912 -1.95099e-05 0.000260278 -2.8108e-05 -1.95099e-05 0.0090536 -0.01665 -1.27914e-05 0.000260278 -0.01665 0.0823671 
0.00908172 -0.0166275 -2.46994e-05 -2.11135e-05 -0.0166275 0.082209 -2.78159e-05 0.00026357 -2.46994e-05 -2.78159e-05 0.00900654 -0.0165997 -2.11135e-05 0.00026357 -0.0165997 0.0821484 
0.00971371 -0.0178293 -1.3734e-05 -3.12206e-05 -0.0178293 0.088016 -3.47576e-05 0.000299077 -1.3734e-05 -3.47576e-05 0.00964459 -0.0177234 -3.12206e-05 0.000299077 -0.0177234 0.0878125 
0.00905977 -0.0166627 -1.24516e-05 -4.59326e-05 -0.0166627 0.0822903 -4.95264e-05 0.000315076 -1.24516e-05 -4.95264e-05 0.00903782 -0.0165718 -4.59326e-05 0.000315076 -0.0165718 0.0820424 
0.00908999 -0.0167347 -1.64721e-05 -4.8948e-05 -0.0167347 0.0827331 -5.221e-05 0.00034075 -1.64721e-05 -5.221e-05 0.00910873 -0.0167 -4.8948e-05 0.00034075 -0.0167 0.082565 
0.00908386 -0.0167351 -2.67452e-05 -4.58184e-05 -0.0167351 0.0828106 -4.80449e-05 0.00034462 -2.67452e-05 -4.80449e-05 0.00915112 -0.0167547 -4.58184e-05 0.00034462 -0.0167547 0.0827768 
0.00905529 -0.0166663 -2.79857e-05 -3.21816e-05 -0.0166663 0.0825399 -3.18206e-05 0.000318225 -2.79857e-05 -3.18206e-05 0.00914968 -0.0167488 -3.21816e-05 0.000318225 -0.0167488 0.0826639 
0.00904423 -0.0166313 -2.08735e-05 -2.83185e-05 -0.0166313 0.0823673 -2.58895e-05 0.000293903 -2.08735e-05 -2.58895e-05 0.00913945 -0.0167502 -2.83185e-05 0.000293903 -0.0167502 0.0826193 
0.00905655 -0.0165981 -2.2628e-05 -3.69218e-05 -0.0165981 0.0821784 -3.59842e-05 0.000300561 -2.2628e-05 -3.59842e-05 0.00909406 -0.0167233 -3.69218e-05 0.000300561 -0.0167233 0.082494 
0.00907618 -0.0166604 -2.92254e-05 -3.62581e-05 -0.0166604 0.0823429 -3.39933e-05 0.000306831 -2.92254e-05 -3.39933e-05 0.00909371 -0.0167085 -3.62581e-05 0.000306831 -0.0167085 0.0825524 
0.00909265 -0.0166958 -2.6919e-05 -2.95919e-05 -0.0166958 0.0825078 -2.81757e-05 0.000300442 -2.6919e-05 -2.81757e-05 0.0090872 -0.0167113 -2.95919e-05 0.000300442 -0.0167113 0.0825936 
0.00909652 -0.0167088 -8.78708e-06 -2.9388e-05 -0.0167088 0.0825763 -3.4396e-05 0.000301893 -8.78708e-06 -3.4396e-05 0.00909621 -0.0166991 -2.9388e-05 0.000301893 -0.0166991 0.0825836 
0.00908297 -0.016657 -6.15031e-07 -5.01182e-05 -0.016657 0.0823406 -6.04929e-05 0.000340269 -6.15031e-07 -6.04929e-05 0.00907571 -0.0166586 -5.01182e-05 0.000340269 -0.0166586 0.0823411 
0.00909194 -0.0166412 -8.9406e-06 -6.37874e-05 -0.0166412 0.0822102 -6.84363e-05 0.000378145 -8.9406e-06 -6.84363e-05 0.0090436 -0.0166379 -6.37874e-05 0.000378145 -0.0166379 0.0822117 
0.00910632 -0.0167004 -3.87777e-05 -5.99221e-05 -0.0167004 0.0823966 -5.69536e-05 0.000384155 -3.87777e-05 -5.69536e-05 0.00905268 -0.0166424 -5.99221e-05 0.000384155 -0.0166424 0.0823083 
0.00913763 -0.0167496 -2.75078e-05 -2.52872e-05 -0.0167496 0.0826594 -1.99956e-05 0.000329637 -2.75078e-05 -1.99956e-05 0.00906262 -0.0166815 -2.52872e-05 0.000329637 -0.0166815 0.0825046 
0.00916111 -0.0167776 -3.95545e-05 -3.14961e-05 -0.0167776 0.0827733 -3.06442e-05 0.000308133 -3.95545e-05 -3.06442e-05 0.0090554 -0.0166742 -3.14961e-05 0.000308133 -0.0166742 0.0825302 
0.00917964 -0.0168118 -5.71917e-05 -1.46809e-05 -0.0168118 0.0828887 -1.81766e-05 0.000284711 -5.71917e-05 -1.81766e-05 0.00904574 -0.01666 -1.46809e-05 0.000284711 -0.01666 0.0825151 
0.00916333 -0.016806 -7.04399e-05 8.19814e-06 -0.016806 0.0828331 3.70189e-06 0.00023622 -7.04399e-05 3.70189e-06 0.00903312 -0.0166153 8.19814e-06 0.00023622 -0.0166153 0.0823342 
0.00912646 -0.0167748 -6.37936e-05 2.52148e-05 -0.0167748 0.08272 2.10708e-05 0.000185497 -6.37936e-05 2.10708e-05 0.00904116 -0.0165901 2.52148e-05 0.000185497 -0.0165901 0.0821815 
0.00908776 -0.0167198 -5.27992e-05 1.6997e-05 -0.0167198 0.082551 1.63984e-05 0.000173225 -5.27992e-05 1.63984e-05 0.00905513 -0.0165951 1.6997e-05 0.000173225 -0.0165951 0.0821043 
0.00906496 -0.0166801 -4.46596e-05 9.30235e-07 -0.0166801 0.0824546 5.47494e-06 0.000193507 -4.46596e-05 5.47494e-06 0.0090698 -0.0166393 9.30235e-07 0.000193507 -0.0166393 0.082212 
0.00906238 -0.0166366 -2.62539e-05 -1.08952e-05 -0.0166366 0.0823004 -5.86206e-06 0.000223718 -2.62539e-05 -5.86206e-06 0.00905301 -0.0166497 -1.08952e-05 0.000223718 -0.0166497 0.082243 
0.00908687 -0.0166983 -1.02542e-05 -3.33413e-05 -0.0166983 0.0825588 -2.90411e-05 0.000271036 -1.02542e-05 -2.90411e-05 0.00908815 -0.0166995 -3.33413e-05 0.000271036 -0.0166995 0.0825631 
0.00909624 -0.0167015 -1.21439e-05 -5.5217e-05 -0.0167015 0.0825986 -4.97433e-05 0.000327081 -1.21439e-05 -4.97433e-05 0.00909994 -0.0167133 -5.5217e-05 0.000327081 -0.0167133 0.0826303 
0.00911063 -0.0167193 -2.54226e-05 -5.40233e-05 -0.0167193 0.0826642 -5.03702e-05 0.000352835 -2.54226e-05 -5.03702e-05 0.00910711 -0.0167318 -5.40233e-05 0.000352835 -0.0167318 0.0827097 
0.00912313 -0.0167631 -4.02316e-05 -3.65451e-05 -0.0167631 0.082855 -3.75279e-05 0.000338254 -4.02316e-05 -3.75279e-05 0.00914795 -0.0167693 -3.65451e-05 0.000338254 -0.0167693 0.0828977 
0.00911971 -0.0167662 -4.16545e-05 -1.59542e-05 -0.0167662 0.0829014 -2.059e-05 0.00029886 -4.16545e-05 -2.059e-05 0.0091747 -0.0168011 -1.59542e-05 0.00029886 -0.0168011 0.0829757 
0.00914148 -0.01677 -3.92637e-05 -1.45127e-05 -0.01677 0.0829487 -1.81789e-05 0.00027929 -3.92637e-05 -1.81789e-05 0.00917602 -0.0168396 -1.45127e-05 0.00027929 -0.0168396 0.0830936 
0.00915682 -0.0168106 -2.80964e-05 -2.12128e-05 -0.0168106 0.0830729 -2.24117e-05 0.000286394 -2.80964e-05 -2.24117e-05 0.00918539 -0.01685 -2.12128e-05 0.000286394 -0.01685 0.0831957 
0.00914003 -0.0168081 -1.55418e-05 -3.65045e-05 -0.0168081 0.0830511 -3.78148e-05 0.00031746 -1.55418e-05 -3.78148e-05 0.00919685 -0.0168331 -3.65045e-05 0.00031746 -0.0168331 0.0831183 
0.0091215 -0.0167595 -5.52535e-06 -5.35927e-05 -0.0167595 0.082867 -5.69633e-05 0.0003642 -5.52535e-06 -5.69633e-05 0.0091814 -0.0168182 -5.35927e-05 0.0003642 -0.0168182 0.082962 
0.00910463 -0.0167352 -1.34092e-06 -6.57078e-05 -0.0167352 0.0827446 -6.93729e-05 0.00040335 -1.34092e-06 -6.93729e-05 0.0091721 -0.0168075 -6.57078e-05 0.00040335 -0.0168075 0.0828939 
0.00911268 -0.0167164 -2.80818e-06 -7.25003e-05 -0.0167164 0.0826761 -7.17803e-05 0.000425352 -2.80818e-06 -7.17803e-05 0.00915394 -0.0168099 -7.25003e-05 0.000425352 -0.0168099 0.0828966 
0.00913097 -0.0167561 -1.13794e-05 -7.31322e-05 -0.0167561 0.0828099 -6.66869e-05 0.000429654 -1.13794e-05 -6.66869e-05 0.00915954 -0.0168222 -7.31322e-05 0.000429654 -0.0168222 0.0830272 
0.00915139 -0.0167613 -3.46717e-05 -6.64469e-05 -0.0167613 0.0828273 -5.5614e-05 0.000418367 -3.46717e-05 -5.5614e-05 0.00913502 -0.0168132 -6.64469e-05 0.000418367 -0.0168132 0.083015 
0.00914003 -0.0167825 -4.5026e-05 -3.53167e-05 -0.0167825 0.0828525 -2.55973e-05 0.000362485 -4.5026e-05 -2.55973e-05 0.00913087 -0.0167767 -3.53167e-05 0.000362485 -0.0167767 0.0829393 
0.00915042 -0.0168014 -3.63759e-05 -1.39161e-05 -0.0168014 0.082994 -9.32814e-06 0.000297405 -3.63759e-05 -9.32814e-06 0.00914232 -0.0167924 -1.39161e-05 0.000297405 -0.0167924 0.0830126 
0.00914339 -0.0168053 -3.08649e-05 -1.98449e-05 -0.0168053 0.0830342 -1.98556e-05 0.00028075 -3.08649e-05 -1.98556e-05 0.00915536 -0.016799 -1.98449e-05 0.00028075 -0.016799 0.0830397 
0.00909327 -0.016715 -2.63074e-05 -2.62526e-05 -0.016715 0.0826441 -3.16204e-05 0.000294342 -2.63074e-05 -3.16204e-05 0.00912598 -0.0167376 -2.62526e-05 0.000294342 -0.0167376 0.0826956 
0.00907664 -0.016689 -2.23119e-05 -3.34353e-05 -0.016689 0.0825471 -4.13169e-05 0.000318252 -2.23119e-05 -4.13169e-05 0.0091334 -0.0167399 -3.34353e-05 0.000318252 -0.0167399 0.0826694 
0.00906185 -0.0166366 -1.72328e-05 -3.64227e-05 -0.0166366 0.0823165 -4.20696e-05 0.00032586 -1.72328e-05 -4.20696e-05 0.00911793 -0.0167185 -3.64227e-05 0.00032586 -0.0167185 0.0825175 
