0.00661019 0 8.13967e-05 0 0 0.00931246 0 0 8.13967e-05 0 0.00654327 0 0 0 0 0.00931246 
0.00969115 -0.0120275 9.37877e-05 -0.00011303 -0.0120275 0.0319154 -0.00011303 0.000216568 9.37877e-05 -0.00011303 0.00962246 -0.011946 -0.00011303 0.000216568 -0.011946 0.0317588 
0.0099791 -0.0185724 6.17812e-05 -5.68485e-05 -0.0185724 0.068451 -5.68485e-05 0.0001553 6.17812e-05 -5.68485e-05 0.00994801 -0.0185709 -5.68485e-05 0.0001553 -0.0185709 0.0684777 
0.00867794 -0.0166517 1.96593e-05 6.84258e-05 -0.0166517 0.0746286 6.68113e-05 -0.000465452 1.96593e-05 6.68113e-05 0.00860374 -0.0167749 6.84258e-05 -0.000465452 -0.0167749 0.0753374 
0.00918246 -0.017107 2.12821e-05 0.000105245 -0.017107 0.0822725 0.000103863 -0.000824535 2.12821e-05 0.000103863 0.00910522 -0.0171666 0.000105245 -0.000824535 -0.0171666 0.083225 
0.00889346 -0.0163313 2.66845e-05 6.73837e-05 -0.0163313 0.0799876 6.04279e-05 -0.000685626 2.66845e-05 6.04279e-05 0.00886509 -0.0163514 6.73837e-05 -0.000685626 -0.0163514 0.0806948 
0.00934682 -0.0170592 4.10256e-05 4.16887e-05 -0.0170592 0.0839507 3.08427e-05 -0.000509123 4.10256e-05 3.08427e-05 0.00931157 -0.0171233 4.16887e-05 -0.000509123 -0.0171233 0.0845666 
0.00910667 -0.0166014 4.54766e-05 1.96745e-05 -0.0166014 0.0817704 1.20109e-05 -0.000353829 4.54766e-05 1.20109e-05 0.00905925 -0.0166597 1.96745e-05 -0.000353829 -0.0166597 0.08231 
0.00963225 -0.0176137 4.12757e-05 1.74748e-05 -0.0176137 0.0867701 1.28559e-05 -0.000314453 4.12757e-05 1.28559e-05 0.00961668 -0.0176565 1.74748e-05 -0.000314453 -0.0176565 0.0872743 
0.00952371 -0.0173664 2.42562e-05 2.7748e-05 -0.0173664 0.0856663 2.42698e-05 -0.000311095 2.42562e-05 2.42698e-05 0.00949612 -0.0174468 2.7748e-05 -0.000311095 -0.0174468 0.0861883 
0.00943989 -0.0172407 1.38618e-05 5.21614e-05 -0.0172407 0.0849744 4.91707e-05 -0.000360108 1.38618e-05 4.91707e-05 0.00942732 -0.0173073 5.21614e-05 -0.000360108 -0.0173073 0.0854981 
0.00938087 -0.017111 1.51774e-05 6.20467e-05 -0.017111 0.0843594 5.98544e-05 -0.000397817 1.51774e-05 5.98544e-05 0.00935332 -0.017196 6.20467e-05 -0.000397817 -0.017196 0.0849063 
0.00937652 -0.0170779 1.28075e-05 5.7104e-05 -0.0170779 0.0841489 5.4793e-05 -0.00039903 1.28075e-05 5.4793e-05 0.00930627 -0.0171476 5.7104e-05 -0.00039903 -0.0171476 0.0846926 
0.00936221 -0.0170748 1.35569e-05 5.58805e-05 -0.0170748 0.0840506 5.59421e-05 -0.000392574 1.35569e-05 5.59421e-05 0.00927612 -0.0170925 5.58805e-05 -0.000392574 -0.0170925 0.084508 
0.00937086 -0.0170958 2.01306e-05 5.41856e-05 -0.0170958 0.0841566 5.39852e-05 -0.000385152 2.01306e-05 5.39852e-05 0.00926661 -0.017084 5.41856e-05 -0.000385152 -0.017084 0.0845101 
0.00935838 -0.0170745 1.33479e-05 4.43052e-05 -0.0170745 0.0840552 4.13091e-05 -0.000359115 1.33479e-05 4.13091e-05 0.00924457 -0.0170369 4.43052e-05 -0.000359115 -0.0170369 0.0843235 
0.00932825 -0.0170576 2.10417e-05 4.99748e-05 -0.0170576 0.0839783 4.4281e-05 -0.000346413 2.10417e-05 4.4281e-05 0.00925118 -0.0170111 4.99748e-05 -0.000346413 -0.0170111 0.0842018 
0.00930286 -0.0170144 3.48122e-05 3.8798e-05 -0.0170144 0.0838533 3.29199e-05 -0.000322608 3.48122e-05 3.29199e-05 0.00926461 -0.0170136 3.8798e-05 -0.000322608 -0.0170136 0.0841336 
0.00929178 -0.0169927 3.25944e-05 2.12028e-05 -0.0169927 0.0837978 1.64506e-05 -0.000282916 3.25944e-05 1.64506e-05 0.00927658 -0.0170487 2.12028e-05 -0.000282916 -0.0170487 0.0842131 
0.00930172 -0.0169887 2.62874e-05 2.28481e-05 -0.0169887 0.083801 1.80887e-05 -0.000265595 2.62874e-05 1.80887e-05 0.00926754 -0.0170753 2.28481e-05 -0.000265595 -0.0170753 0.0843272 
0.00929571 -0.0169866 2.97461e-05 3.25829e-05 -0.0169866 0.0837499 2.51997e-05 -0.000275769 2.97461e-05 2.51997e-05 0.00925551 -0.0170496 3.25829e-05 -0.000275769 -0.0170496 0.0842823 
0.00930171 -0.0169596 2.9201e-05 2.8617e-05 -0.0169596 0.0836254 2.28314e-05 -0.000277277 2.9201e-05 2.28314e-05 0.00922365 -0.0170166 2.8617e-05 -0.000277277 -0.0170166 0.0841412 
0.00929246 -0.0169387 2.91282e-05 2.55872e-05 -0.0169387 0.0834393 2.37243e-05 -0.000271196 2.91282e-05 2.37243e-05 0.00918487 -0.0169478 2.55872e-05 -0.000271196 -0.0169478 0.0838725 
0.00928927 -0.0169432 2.20984e-05 2.38812e-05 -0.0169432 0.0834052 2.48154e-05 -0.000268183 2.20984e-05 2.48154e-05 0.00916711 -0.0169079 2.38812e-05 -0.000268183 -0.0169079 0.0837184 
0.00925737 -0.0169114 2.28545e-05 3.12923e-05 -0.0169114 0.0832357 3.54675e-05 -0.000280698 2.28545e-05 3.54675e-05 0.00915608 -0.016851 3.12923e-05 -0.000280698 -0.016851 0.0834473 
0.00926436 -0.0169589 3.9189e-05 2.93527e-05 -0.0169589 0.083519 3.47802e-05 -0.00028618 3.9189e-05 3.47802e-05 0.0092026 -0.0169249 2.93527e-05 -0.00028618 -0.0169249 0.0837334 
0.00930651 -0.0169938 4.75333e-05 9.25122e-06 -0.0169938 0.0837947 1.17544e-05 -0.000251508 4.75333e-05 1.17544e-05 0.00923534 -0.0170173 9.25122e-06 -0.000251508 -0.0170173 0.0841214 
0.00933562 -0.0170313 4.0706e-05 2.68755e-06 -0.0170313 0.0839361 6.74082e-07 -0.000220297 4.0706e-05 6.74082e-07 0.00924023 -0.0170467 2.68755e-06 -0.000220297 -0.0170467 0.0843094 
0.00929653 -0.0169802 2.24961e-05 1.18655e-05 -0.0169802 0.0836336 5.80125e-06 -0.00021736 2.24961e-05 5.80125e-06 0.00921417 -0.016962 1.18655e-05 -0.00021736 -0.016962 0.0839569 
0.0092811 -0.0169378 9.12305e-06 3.55899e-05 -0.0169378 0.0834498 2.83341e-05 -0.0002572 9.12305e-06 2.83341e-05 0.00919718 -0.0169334 3.55899e-05 -0.0002572 -0.0169334 0.0837641 
0.00927575 -0.016935 1.461e-06 5.24326e-05 -0.016935 0.0834117 4.65915e-05 -0.000305001 1.461e-06 4.65915e-05 0.00920446 -0.0169323 5.24326e-05 -0.000305001 -0.0169323 0.0837404 
0.0092914 -0.0169884 2.85335e-06 6.16364e-05 -0.0169884 0.0836814 5.95942e-05 -0.000343502 2.85335e-06 5.95942e-05 0.00924832 -0.0170068 6.16364e-05 -0.000343502 -0.0170068 0.0840572 
0.00933306 -0.0170131 1.39849e-05 5.99582e-05 -0.0170131 0.0838556 5.92862e-05 -0.00035681 1.39849e-05 5.92862e-05 0.00925866 -0.0170657 5.99582e-05 -0.00035681 -0.0170657 0.0843086 
0.00938987 -0.0170875 1.98122e-05 4.59945e-05 -0.0170875 0.0841375 4.50113e-05 -0.000337791 1.98122e-05 4.50113e-05 0.00926928 -0.0171102 4.59945e-05 -0.000337791 -0.0171102 0.0845922 
0.00939961 -0.0171255 2.73707e-05 3.23189e-05 -0.0171255 0.0842201 3.15469e-05 -0.000298984 2.73707e-05 3.15469e-05 0.00927761 -0.0170874 3.23189e-05 -0.000298984 -0.0170874 0.0845652 
0.00939796 -0.0171505 2.59129e-05 2.32298e-05 -0.0171505 0.084343 2.01091e-05 -0.000265053 2.59129e-05 2.01091e-05 0.0092906 -0.0171109 2.32298e-05 -0.000265053 -0.0171109 0.0846338 
0.00938924 -0.0171361 3.25148e-05 2.48117e-05 -0.0171361 0.0843405 2.03545e-05 -0.000251598 3.25148e-05 2.03545e-05 0.00928611 -0.0171255 2.48117e-05 -0.000251598 -0.0171255 0.0846782 
0.00933612 -0.0170601 3.77152e-05 2.10655e-05 -0.0170601 0.0839986 1.64889e-05 -0.000247803 3.77152e-05 1.64889e-05 0.00925931 -0.0170537 2.10655e-05 -0.000247803 -0.0170537 0.084369 
0.00927433 -0.0169647 3.4107e-05 1.50388e-05 -0.0169647 0.0835878 1.40516e-05 -0.000241731 3.4107e-05 1.40516e-05 0.00923387 -0.0169819 1.50388e-05 -0.000241731 -0.0169819 0.0839948 
0.00924229 -0.0168894 3.274e-05 1.63616e-05 -0.0168894 0.0832773 2.07041e-05 -0.000244736 3.274e-05 2.07041e-05 0.00921235 -0.016942 1.63616e-05 -0.000244736 -0.016942 0.0837422 
0.00925374 -0.0169034 3.35842e-05 1.71601e-05 -0.0169034 0.0833436 2.79455e-05 -0.00025879 3.35842e-05 2.79455e-05 0.00922435 -0.0169742 1.71601e-05 -0.00025879 -0.0169742 0.0838681 
0.00924174 -0.0169292 4.06507e-05 1.55174e-05 -0.0169292 0.0834492 3.20481e-05 -0.000270884 4.06507e-05 3.20481e-05 0.00925095 -0.0169942 1.55174e-05 -0.000270884 -0.0169942 0.0839754 
0.00922176 -0.0169063 2.79875e-05 8.27977e-06 -0.0169063 0.083436 2.06415e-05 -0.000260599 2.79875e-05 2.06415e-05 0.00926992 -0.0170168 8.27977e-06 -0.000260599 -0.0170168 0.0840215 
0.00922091 -0.0168809 1.06147e-05 2.43041e-05 -0.0168809 0.0833896 2.9056e-05 -0.000269621 1.06147e-05 2.9056e-05 0.00926951 -0.017043 2.43041e-05 -0.000269621 -0.017043 0.0840898 
0.00921785 -0.0168657 5.44177e-06 5.16967e-05 -0.0168657 0.0833046 5.02017e-05 -0.000317713 5.44177e-06 5.02017e-05 0.00925797 -0.0170315 5.16967e-05 -0.000317713 -0.0170315 0.0840624 
0.00923743 -0.0168904 1.42586e-05 5.99257e-05 -0.0168904 0.0834061 5.84073e-05 -0.000355287 1.42586e-05 5.84073e-05 0.00924865 -0.0170451 5.99257e-05 -0.000355287 -0.0170451 0.0841613 
0.00921707 -0.0168492 2.39471e-05 4.56166e-05 -0.0168492 0.0831716 4.56264e-05 -0.000343002 2.39471e-05 4.56264e-05 0.00920709 -0.0169663 4.56166e-05 -0.000343002 -0.0169663 0.0838603 
0.00920396 -0.0167789 3.53511e-05 2.72161e-05 -0.0167789 0.0827997 2.99214e-05 -0.000299077 3.53511e-05 2.99214e-05 0.00914732 -0.0168651 2.72161e-05 -0.000299077 -0.0168651 0.0834001 
0.00922054 -0.0168194 5.20645e-05 8.83917e-06 -0.0168194 0.0828786 1.26563e-05 -0.000247008 5.20645e-05 1.26563e-05 0.00914108 -0.016847 8.83917e-06 -0.000247008 -0.016847 0.0833528 
0.00921781 -0.0168339 6.03506e-05 -9.04006e-06 -0.0168339 0.0829014 -6.07099e-06 -0.000200346 6.03506e-05 -6.07099e-06 0.00913419 -0.0168215 -9.04006e-06 -0.000200346 -0.0168215 0.083241 
0.00924745 -0.0168687 5.4937e-05 -1.69853e-05 -0.0168687 0.0830811 -1.54823e-05 -0.000169326 5.4937e-05 -1.54823e-05 0.00913425 -0.0168462 -1.69853e-05 -0.000169326 -0.0168462 0.0833461 
0.00929296 -0.0169672 4.04245e-05 -9.78346e-06 -0.0169672 0.0835134 -1.09383e-05 -0.000167487 4.04245e-05 -1.09383e-05 0.00916623 -0.0169054 -9.78346e-06 -0.000167487 -0.0169054 0.0836898 
0.00932318 -0.0170317 3.3338e-05 8.03362e-06 -0.0170317 0.0838399 6.82245e-06 -0.000197238 3.3338e-05 6.82245e-06 0.00918688 -0.016951 8.03362e-06 -0.000197238 -0.016951 0.0839425 
0.00927127 -0.0169785 3.62381e-05 1.76036e-05 -0.0169785 0.0836024 1.54171e-05 -0.000225457 3.62381e-05 1.54171e-05 0.00918565 -0.0168842 1.76036e-05 -0.000225457 -0.0168842 0.0836519 
0.00920503 -0.0168752 2.01812e-05 1.45912e-05 -0.0168752 0.0832109 1.00297e-05 -0.000228306 2.01812e-05 1.00297e-05 0.00919772 -0.0168536 1.45912e-05 -0.000228306 -0.0168536 0.0833633 
0.00920502 -0.0168669 3.03233e-05 3.64958e-05 -0.0168669 0.0832821 2.91042e-05 -0.00025901 3.03233e-05 2.91042e-05 0.00924138 -0.0169644 3.64958e-05 -0.00025901 -0.0169644 0.0837094 
0.00920395 -0.0168365 2.10357e-05 3.12283e-05 -0.0168365 0.0831651 1.98422e-05 -0.000270622 2.10357e-05 1.98422e-05 0.00924072 -0.016994 3.12283e-05 -0.000270622 -0.016994 0.0838232 
0.00922756 -0.016871 2.1531e-05 3.95337e-05 -0.016871 0.0833003 2.78801e-05 -0.000278993 2.1531e-05 2.78801e-05 0.00923929 -0.0170351 3.95337e-05 -0.000278993 -0.0170351 0.0840663 
0.0092159 -0.0168702 1.36634e-05 3.71165e-05 -0.0168702 0.0832722 2.73198e-05 -0.000280917 1.36634e-05 2.73198e-05 0.00923699 -0.0170062 3.71165e-05 -0.000280917 -0.0170062 0.0840315 
0.00922791 -0.0168752 2.98504e-08 4.33937e-05 -0.0168752 0.0833328 3.65136e-05 -0.000289618 2.98504e-08 3.65136e-05 0.0092479 -0.0170183 4.33937e-05 -0.000289618 -0.0170183 0.0840878 
0.0092305 -0.016873 -4.15897e-06 5.73316e-05 -0.016873 0.0833024 5.34712e-05 -0.000315366 -4.15897e-06 5.34712e-05 0.00925884 -0.0170167 5.73316e-05 -0.000315366 -0.0170167 0.0840681 
0.0092418 -0.0168726 -4.08607e-07 5.71512e-05 -0.0168726 0.0832733 5.77462e-05 -0.000326311 -4.08607e-07 5.77462e-05 0.00925743 -0.0170245 5.71512e-05 -0.000326311 -0.0170245 0.0840534 
0.00931269 -0.0169394 3.45596e-06 5.19738e-05 -0.0169394 0.0835411 6.0484e-05 -0.000331746 3.45596e-06 6.0484e-05 0.00924337 -0.0170782 5.19738e-05 -0.000331746 -0.0170782 0.0843128 
0.0093771 -0.0170384 6.88864e-06 4.77467e-05 -0.0170384 0.0838506 6.03781e-05 -0.0003327 6.88864e-06 6.03781e-05 0.00922683 -0.0170671 4.77467e-05 -0.0003327 -0.0170671 0.0844372 
0.00941475 -0.0171257 2.00854e-05 4.38991e-05 -0.0171257 0.0841441 5.63926e-05 -0.000328985 2.00854e-05 5.63926e-05 0.00922361 -0.0170405 4.38991e-05 -0.000328985 -0.0170405 0.0844378 
0.00942841 -0.0171872 2.4851e-05 3.14465e-05 -0.0171872 0.0844139 4.1681e-05 -0.000311249 2.4851e-05 4.1681e-05 0.00924739 -0.0170428 3.14465e-05 -0.000311249 -0.0170428 0.0844787 
0.00939627 -0.0171957 3.42087e-05 3.14274e-05 -0.0171957 0.0845142 3.49819e-05 -0.000300913 3.42087e-05 3.49819e-05 0.00929251 -0.017065 3.14274e-05 -0.000300913 -0.017065 0.0845177 
0.00938641 -0.0171584 4.35408e-05 2.48177e-05 -0.0171584 0.0845142 2.2897e-05 -0.000287462 4.35408e-05 2.2897e-05 0.00931492 -0.0171352 2.48177e-05 -0.000287462 -0.0171352 0.0846878 
0.00936965 -0.0170966 2.55284e-05 1.48034e-05 -0.0170966 0.0842621 1.16894e-05 -0.000266981 2.55284e-05 1.16894e-05 0.00929399 -0.0171278 1.48034e-05 -0.000266981 -0.0171278 0.0846311 
0.0093702 -0.0170637 1.32372e-05 3.80916e-05 -0.0170637 0.0840621 3.49325e-05 -0.000295626 1.32372e-05 3.49325e-05 0.00925895 -0.0170887 3.80916e-05 -0.000295626 -0.0170887 0.0844928 
0.00937353 -0.0170956 8.75883e-06 5.527e-05 -0.0170956 0.0841179 5.36718e-05 -0.000346328 8.75883e-06 5.36718e-05 0.0092605 -0.0170617 5.527e-05 -0.000346328 -0.0170617 0.0844516 
0.00932271 -0.017063 -8.66363e-06 6.13528e-05 -0.017063 0.0839615 6.3013e-05 -0.000380937 -8.66363e-06 6.3013e-05 0.00926687 -0.0170125 6.13528e-05 -0.000380937 -0.0170125 0.0841954 
0.00924552 -0.016937 -6.39097e-06 7.51221e-05 -0.016937 0.0834792 8.0949e-05 -0.000410812 -6.39097e-06 8.0949e-05 0.0092414 -0.0169604 7.51221e-05 -0.000410812 -0.0169604 0.0837946 
0.00923356 -0.0169043 -4.88553e-06 7.50314e-05 -0.0169043 0.0834134 8.22597e-05 -0.000430704 -4.88553e-06 8.22597e-05 0.0092522 -0.0169975 7.50314e-05 -0.000430704 -0.0169975 0.0838965 
0.00926388 -0.0168877 1.21371e-05 7.28783e-05 -0.0168877 0.0833575 7.62994e-05 -0.000426573 1.21371e-05 7.62994e-05 0.00921838 -0.0170127 7.28783e-05 -0.000426573 -0.0170127 0.0839648 
0.00925323 -0.0168821 3.16766e-05 5.23528e-05 -0.0168821 0.0831809 5.08246e-05 -0.000384472 3.16766e-05 5.08246e-05 0.00917881 -0.0169248 5.23528e-05 -0.000384472 -0.0169248 0.0837001 
0.0092651 -0.0169052 3.85324e-05 2.64888e-05 -0.0169052 0.0832553 2.79892e-05 -0.00032617 3.85324e-05 2.79892e-05 0.00916932 -0.0169019 2.64888e-05 -0.00032617 -0.0169019 0.0836304 
0.00926089 -0.0169239 4.30911e-05 1.28451e-05 -0.0169239 0.0833195 2.01829e-05 -0.000282088 4.30911e-05 2.01829e-05 0.00917131 -0.0168864 1.28451e-05 -0.000282088 -0.0168864 0.0835745 
0.00924826 -0.0169228 2.23051e-05 5.97835e-06 -0.0169228 0.0833483 1.66657e-05 -0.000259721 2.23051e-05 1.66657e-05 0.0091794 -0.0168828 5.97835e-06 -0.000259721 -0.0168828 0.0835358 
0.00926197 -0.0169261 1.03572e-06 2.93323e-05 -0.0169261 0.0834235 4.04063e-05 -0.000285639 1.03572e-06 4.04063e-05 0.00917621 -0.0169101 2.93323e-05 -0.000285639 -0.0169101 0.0836234 
0.00925904 -0.0169106 -2.51302e-05 6.13296e-05 -0.0169106 0.0833366 7.0798e-05 -0.000354874 -2.51302e-05 7.0798e-05 0.00915837 -0.0168864 6.13296e-05 -0.000354874 -0.0168864 0.0835492 
0.00925742 -0.0168939 -2.49447e-05 9.59146e-05 -0.0168939 0.0832289 0.000103234 -0.000438447 -2.49447e-05 0.000103234 0.00912923 -0.0168496 9.59146e-05 -0.000438447 -0.0168496 0.0834067 
0.00926045 -0.0169096 -1.04492e-06 9.84704e-05 -0.0169096 0.0832694 0.000101642 -0.000477215 -1.04492e-06 0.000101642 0.00912125 -0.0168337 9.84704e-05 -0.000477215 -0.0168337 0.0833838 
0.00922617 -0.0168776 3.2391e-05 6.87887e-05 -0.0168776 0.0831064 6.6986e-05 -0.000432724 3.2391e-05 6.6986e-05 0.00910111 -0.0167761 6.87887e-05 -0.000432724 -0.0167761 0.0831367 
0.00920883 -0.0168555 3.9505e-05 2.72564e-05 -0.0168555 0.0830556 2.21902e-05 -0.000336966 3.9505e-05 2.21902e-05 0.00908976 -0.0167612 2.72564e-05 -0.000336966 -0.0167612 0.0830489 
0.00917851 -0.0167867 2.50197e-05 1.4717e-05 -0.0167867 0.0827674 7.86201e-06 -0.000266343 2.50197e-05 7.86201e-06 0.00905761 -0.0167034 1.4717e-05 -0.000266343 -0.0167034 0.0827723 
0.00915478 -0.0167506 2.74673e-05 2.90905e-05 -0.0167506 0.0825849 2.23726e-05 -0.000259774 2.74673e-05 2.23726e-05 0.00905832 -0.0166623 2.90905e-05 -0.000259774 -0.0166623 0.0825821 
0.00913183 -0.0167253 1.65762e-05 2.44246e-05 -0.0167253 0.0824719 1.95232e-05 -0.000256537 1.65762e-05 1.95232e-05 0.00907447 -0.0166634 2.44246e-05 -0.000256537 -0.0166634 0.0824979 
0.00911133 -0.0166685 1.27521e-05 3.69868e-05 -0.0166685 0.082239 3.43059e-05 -0.000272102 1.27521e-05 3.43059e-05 0.00906802 -0.0166639 3.69868e-05 -0.000272102 -0.0166639 0.0823828 
0.00913109 -0.0166955 2.13579e-05 4.17869e-05 -0.0166955 0.0823537 3.97891e-05 -0.000290608 2.13579e-05 3.97891e-05 0.00908531 -0.0167211 4.17869e-05 -0.000290608 -0.0167211 0.0826199 
0.00912847 -0.0166941 3.09911e-05 3.22561e-05 -0.0166941 0.0823193 2.88988e-05 -0.000281952 3.09911e-05 2.88988e-05 0.0090851 -0.0167207 3.22561e-05 -0.000281952 -0.0167207 0.0826385 
0.00913967 -0.0167265 4.02133e-05 1.6955e-05 -0.0167265 0.0824695 1.29309e-05 -0.000246917 4.02133e-05 1.29309e-05 0.00909355 -0.0167522 1.6955e-05 -0.000246917 -0.0167522 0.0827994 
0.00916489 -0.0168016 4.97925e-05 3.52736e-06 -0.0168016 0.0828593 1.82274e-06 -0.000210363 4.97925e-05 1.82274e-06 0.00914208 -0.016823 3.52736e-06 -0.000210363 -0.016823 0.0831863 
0.00916552 -0.0168073 4.33509e-05 -1.14916e-05 -0.0168073 0.08297 -7.55753e-06 -0.000175863 4.33509e-05 -7.55753e-06 0.00915901 -0.0168619 -1.14916e-05 -0.000175863 -0.0168619 0.0833527 
0.00915753 -0.0167322 4.01914e-05 -7.0276e-06 -0.0167322 0.0826535 1.42406e-06 -0.000169426 4.01914e-05 1.42406e-06 0.00911591 -0.0168102 -7.0276e-06 -0.000169426 -0.0168102 0.0831069 
0.00917264 -0.0167607 2.93742e-05 7.57515e-07 -0.0167607 0.0826891 1.08869e-05 -0.000189816 2.93742e-05 1.08869e-05 0.00911099 -0.0167968 7.57515e-07 -0.000189816 -0.0167968 0.0831095 
0.00919256 -0.0168307 2.75163e-05 1.6239e-05 -0.0168307 0.0829867 2.61996e-05 -0.000226195 2.75163e-05 2.61996e-05 0.00914407 -0.0168327 1.6239e-05 -0.000226195 -0.0168327 0.0833139 
0.00922041 -0.0168639 3.30538e-05 2.04444e-05 -0.0168639 0.0832024 2.8068e-05 -0.000248761 3.30538e-05 2.8068e-05 0.00916393 -0.0168819 2.04444e-05 -0.000248761 -0.0168819 0.0835142 
0.0092263 -0.0168679 4.78294e-05 1.40739e-05 -0.0168679 0.0832117 1.90815e-05 -0.000244195 4.78294e-05 1.90815e-05 0.0091565 -0.0168832 1.40739e-05 -0.000244195 -0.0168832 0.0835307 
0.0092267 -0.0168978 5.97246e-05 -2.4911e-06 -0.0168978 0.08334 -1.39112e-06 -0.000211759 5.97246e-05 -1.39112e-06 0.0091707 -0.0168941 -2.4911e-06 -0.000211759 -0.0168941 0.0836269 
0.00919497 -0.0168275 5.36626e-05 -1.68839e-05 -0.0168275 0.0830475 -1.83119e-05 -0.000170293 5.36626e-05 -1.83119e-05 0.00913251 -0.0168336 -1.68839e-05 -0.000170293 -0.0168336 0.083321 
0.00915051 -0.0167592 5.4354e-05 -1.03373e-05 -0.0167592 0.0827045 -1.18969e-05 -0.000161951 5.4354e-05 -1.18969e-05 0.00910328 -0.0167522 -1.03373e-05 -0.000161951 -0.0167522 0.0829491 
0.00915719 -0.0167399 6.80668e-05 -1.03118e-05 -0.0167399 0.0826315 -1.06139e-05 -0.000166146 6.80668e-05 -1.06139e-05 0.00907845 -0.0167438 -1.03118e-05 -0.000166146 -0.0167438 0.0828665 
0.0091225 -0.0167011 7.43139e-05 -2.76481e-05 -0.0167011 0.0823703 -2.58075e-05 -0.000143303 7.43139e-05 -2.58075e-05 0.00905653 -0.0166613 -2.76481e-05 -0.000143303 -0.0166613 0.0825306 
0.00908676 -0.0166471 5.9818e-05 -3.61194e-05 -0.0166471 0.0821202 -3.26219e-05 -0.000118489 5.9818e-05 -3.26219e-05 0.00903232 -0.0166125 -3.61194e-05 -0.000118489 -0.0166125 0.0822333 
0.00970718 -0.0177958 6.46074e-05 -1.81978e-05 -0.0177958 0.0878207 -1.79366e-05 -0.000144169 6.46074e-05 -1.79366e-05 0.00967068 -0.0177823 -1.81978e-05 -0.000144169 -0.0177823 0.0879765 
0.00968912 -0.0177535 6.07218e-05 -1.57232e-05 -0.0177535 0.0876579 -1.77051e-05 -0.000160887 6.07218e-05 -1.77051e-05 0.00965285 -0.0177721 -1.57232e-05 -0.000160887 -0.0177721 0.087885 
0.00969846 -0.0177482 5.34344e-05 -1.37389e-05 -0.0177482 0.087635 -1.38759e-05 -0.000166415 5.34344e-05 -1.38759e-05 0.00964375 -0.0177732 -1.37389e-05 -0.000166415 -0.0177732 0.0879105 
0.00911737 -0.0166437 1.98823e-05 -3.71954e-06 -0.0166437 0.0821306 -2.93611e-06 -0.000173792 1.98823e-05 -2.93611e-06 0.0090021 -0.0166399 -3.71954e-06 -0.000173792 -0.0166399 0.0823534 
0.00915612 -0.0167203 -5.1113e-06 2.92817e-05 -0.0167203 0.0823863 3.03456e-05 -0.000228846 -5.1113e-06 3.03456e-05 0.00899912 -0.0166314 2.92817e-05 -0.000228846 -0.0166314 0.0824507 
0.0091604 -0.016769 3.32937e-06 6.12573e-05 -0.016769 0.0825855 6.08631e-05 -0.000304783 3.32937e-06 6.08631e-05 0.0090257 -0.016627 6.12573e-05 -0.000304783 -0.016627 0.0824879 
0.00911734 -0.0167198 1.87e-06 5.0306e-05 -0.0167198 0.0824138 4.99118e-05 -0.000317447 1.87e-06 4.99118e-05 0.00903476 -0.0166054 5.0306e-05 -0.000317447 -0.0166054 0.0822946 
0.009106 -0.0166927 -3.05782e-06 5.13643e-05 -0.0166927 0.0823854 4.79985e-05 -0.000310554 -3.05782e-06 4.79985e-05 0.0090476 -0.0166556 5.13643e-05 -0.000310554 -0.0166556 0.0824127 
0.00906963 -0.0166365 -4.63187e-06 5.84067e-05 -0.0166365 0.0821525 5.53178e-05 -0.000320949 -4.63187e-06 5.53178e-05 0.00904426 -0.0166443 5.84067e-05 -0.000320949 -0.0166443 0.0823435 
0.00903514 -0.0165942 2.9677e-06 6.14905e-05 -0.0165942 0.0819936 6.08652e-05 -0.000336903 2.9677e-06 6.08652e-05 0.00905577 -0.0166419 6.14905e-05 -0.000336903 -0.0166419 0.0823088 
0.00903063 -0.0165812 1.85997e-05 5.31717e-05 -0.0165812 0.0820064 5.58308e-05 -0.000337665 1.85997e-05 5.58308e-05 0.00907704 -0.0166887 5.31717e-05 -0.000337665 -0.0166887 0.0824682 
0.009025 -0.0165406 3.14135e-05 3.26353e-05 -0.0165406 0.0818323 3.75253e-05 -0.000305506 3.14135e-05 3.75253e-05 0.00905797 -0.016676 3.26353e-05 -0.000305506 -0.016676 0.0823944 
0.0096759 -0.0177345 3.97668e-05 1.30347e-05 -0.0177345 0.0876767 2.02805e-05 -0.000274928 3.97668e-05 2.02805e-05 0.00969524 -0.0178535 1.30347e-05 -0.000274928 -0.0178535 0.0882636 
0.00967267 -0.0177193 4.85652e-05 4.2704e-06 -0.0177193 0.0875743 1.28188e-05 -0.000237699 4.85652e-05 1.28188e-05 0.00966697 -0.0178108 4.2704e-06 -0.000237699 -0.0178108 0.088088 
0.00966186 -0.017707 3.75639e-05 -4.0001e-06 -0.017707 0.0874744 5.29134e-06 -0.000216367 3.75639e-05 5.29134e-06 0.00965 -0.0177633 -4.0001e-06 -0.000216367 -0.0177633 0.0878936 
0.00965381 -0.0176875 3.05001e-05 1.0622e-05 -0.0176875 0.0873777 1.61496e-05 -0.000227192 3.05001e-05 1.61496e-05 0.00962784 -0.0177376 1.0622e-05 -0.000227192 -0.0177376 0.0877458 
0.00964848 -0.0176542 1.79538e-05 2.60083e-05 -0.0176542 0.0871947 2.48499e-05 -0.00025858 1.79538e-05 2.48499e-05 0.00958837 -0.0176839 2.60083e-05 -0.00025858 -0.0176839 0.0875101 
0.00965202 -0.017662 2.47684e-05 3.99763e-05 -0.017662 0.0871541 3.7818e-05 -0.000290107 2.47684e-05 3.7818e-05 0.00955635 -0.0176356 3.99763e-05 -0.000290107 -0.0176356 0.0873412 
0.00964155 -0.0176675 3.37407e-05 2.84677e-05 -0.0176675 0.0871346 2.99805e-05 -0.000286741 3.37407e-05 2.99805e-05 0.00953581 -0.0175845 2.84677e-05 -0.000286741 -0.0175845 0.087154 
0.00962865 -0.0176824 3.11904e-05 1.92181e-05 -0.0176824 0.0872336 1.93853e-05 -0.000267673 3.11904e-05 1.93853e-05 0.00954688 -0.017581 1.92181e-05 -0.000267673 -0.017581 0.0871457 
0.00961041 -0.0176771 6.2584e-05 2.00778e-05 -0.0176771 0.0873021 1.89654e-05 -0.000254541 6.2584e-05 1.89654e-05 0.0095737 -0.0176046 2.00778e-05 -0.000254541 -0.0176046 0.0872187 
0.0096139 -0.0176845 0.000100029 -2.10509e-05 -0.0176845 0.0874522 -1.90362e-05 -0.000189342 0.000100029 -1.90362e-05 0.00960826 -0.0176744 -2.10509e-05 -0.000189342 -0.0176744 0.0874862 
0.00900742 -0.0165659 9.07426e-05 -6.60583e-05 -0.0165659 0.0819927 -6.07622e-05 -7.44666e-05 9.07426e-05 -6.07622e-05 0.00901883 -0.0166092 -6.60583e-05 -7.44666e-05 -0.0166092 0.08218 
0.00964525 -0.0176927 7.00923e-05 -7.20287e-05 -0.0176927 0.0876143 -6.16559e-05 -2.75999e-05 7.00923e-05 -6.16559e-05 0.00963876 -0.0177665 -7.20287e-05 -2.75999e-05 -0.0177665 0.0879323 
0.00964114 -0.0176905 3.81123e-05 -4.0842e-05 -0.0176905 0.0875277 -2.84041e-05 -6.3281e-05 3.81123e-05 -2.84041e-05 0.00963587 -0.0177383 -4.0842e-05 -6.3281e-05 -0.0177383 0.0878452 
0.00961056 -0.0176504 3.11494e-05 3.4046e-06 -0.0176504 0.0873027 1.09237e-05 -0.000152879 3.11494e-05 1.09237e-05 0.00961787 -0.0176859 3.4046e-06 -0.000152879 -0.0176859 0.08757 
0.00960131 -0.0176354 3.69148e-05 1.65941e-05 -0.0176354 0.0872498 1.6461e-05 -0.000206644 3.69148e-05 1.6461e-05 0.00961824 -0.0176865 1.65941e-05 -0.000206644 -0.0176865 0.0875243 
0.00959643 -0.0176157 3.66805e-05 1.12277e-05 -0.0176157 0.0871674 8.99071e-06 -0.000213399 3.66805e-05 8.99071e-06 0.00960887 -0.0176829 1.12277e-05 -0.000213399 -0.0176829 0.087478 
0.00957464 -0.0176233 2.07145e-05 9.35813e-06 -0.0176233 0.0871834 1.05809e-05 -0.000211574 2.07145e-05 1.05809e-05 0.00962648 -0.0176847 9.35813e-06 -0.000211574 -0.0176847 0.087503 
0.00956458 -0.0175911 1.92684e-05 2.49238e-05 -0.0175911 0.0871187 2.88842e-05 -0.00023394 1.92684e-05 2.88842e-05 0.00962962 -0.0176958 2.49238e-05 -0.00023394 -0.0176958 0.0874979 
0.00956844 -0.0175724 1.90165e-05 2.8148e-05 -0.0175724 0.0870455 3.02965e-05 -0.000251478 1.90165e-05 3.02965e-05 0.00962632 -0.0177033 2.8148e-05 -0.000251478 -0.0177033 0.0875118 
0.00954848 -0.0175481 1.8636e-05 2.94074e-05 -0.0175481 0.0868867 2.9458e-05 -0.000256144 1.8636e-05 2.9458e-05 0.00961968 -0.0176779 2.94074e-05 -0.000256144 -0.0176779 0.0873949 
0.00954649 -0.0175096 1.74247e-05 2.90019e-05 -0.0175096 0.0867103 3.25446e-05 -0.000258738 1.74247e-05 3.25446e-05 0.00958757 -0.0176587 2.90019e-05 -0.000258738 -0.0176587 0.0872634 
0.00957524 -0.0175337 1.24991e-05 3.12683e-05 -0.0175337 0.0867524 3.81884e-05 -0.000270339 1.24991e-05 3.81884e-05 0.00956361 -0.0176462 3.12683e-05 -0.000270339 -0.0176462 0.0872705 
0.00960248 -0.0176201 1.44352e-05 4.23162e-05 -0.0176201 0.0870696 4.61991e-05 -0.000296457 1.44352e-05 4.61991e-05 0.00958179 -0.0176578 4.23162e-05 -0.000296457 -0.0176578 0.087436 
0.00961704 -0.0176711 2.40048e-05 4.39504e-05 -0.0176711 0.0873457 4.35656e-05 -0.000310996 2.40048e-05 4.35656e-05 0.00960318 -0.0176875 4.39504e-05 -0.000310996 -0.0176875 0.087593 
0.00963624 -0.0176894 3.48515e-05 3.19938e-05 -0.0176894 0.0875007 2.80839e-05 -0.000292416 3.48515e-05 2.80839e-05 0.00960107 -0.0177166 3.19938e-05 -0.000292416 -0.0177166 0.0877265 
0.00961861 -0.0176742 3.72108e-05 1.61617e-05 -0.0176742 0.0874197 9.80953e-06 -0.000249874 3.72108e-05 9.80953e-06 0.00959591 -0.0176765 1.61617e-05 -0.000249874 -0.0176765 0.087607 
0.00961667 -0.0176745 3.72723e-05 1.1233e-05 -0.0176745 0.0874598 3.66107e-06 -0.000219212 3.72723e-05 3.66107e-06 0.00960196 -0.0176846 1.1233e-05 -0.000219212 -0.0176846 0.0876277 
0.00957068 -0.0176301 1.23409e-05 1.26633e-05 -0.0176301 0.0872683 2.9678e-06 -0.000208519 1.23409e-05 2.9678e-06 0.00961551 -0.0176486 1.26633e-05 -0.000208519 -0.0176486 0.0874421 
0.00955845 -0.0175617 2.88798e-06 3.62285e-05 -0.0175617 0.087037 2.74913e-05 -0.000233418 2.88798e-06 2.74913e-05 0.00959861 -0.0176543 3.62285e-05 -0.000233418 -0.0176543 0.0873296 
0.00956359 -0.0175416 -3.54066e-06 4.74661e-05 -0.0175416 0.0868899 4.20826e-05 -0.000270072 -3.54066e-06 4.20826e-05 0.00957444 -0.017639 4.74661e-05 -0.000270072 -0.017639 0.0872672 
0.00959737 -0.0175942 1.22232e-05 5.0856e-05 -0.0175942 0.0870669 5.10324e-05 -0.000290272 1.22232e-05 5.10324e-05 0.00956965 -0.0176571 5.0856e-05 -0.000290272 -0.0176571 0.0874162 
0.0096097 -0.0176146 1.49754e-05 3.10139e-05 -0.0176146 0.087106 3.24088e-05 -0.000266418 1.49754e-05 3.24088e-05 0.00954472 -0.0176264 3.10139e-05 -0.000266418 -0.0176264 0.0873526 
0.00962842 -0.0176371 9.23122e-06 2.4845e-05 -0.0176371 0.0871766 2.47084e-05 -0.000235894 9.23122e-06 2.47084e-05 0.00952737 -0.0175955 2.4845e-05 -0.000235894 -0.0175955 0.0872843 
