0.00660234 0 -1.39577e-05 0 0 0.00942069 0 0 -1.39577e-05 0 0.00667698 0 0 0 0 0.00942069 
0.00970519 -0.0120503 -2.05891e-05 2.5779e-05 -0.0120503 0.032044 2.5779e-05 -4.906e-05 -2.05891e-05 2.5779e-05 0.00975355 -0.0121027 2.5779e-05 -4.906e-05 -0.0121027 0.0321449 
0.00921054 -0.0172184 -1.40638e-05 3.69693e-05 -0.0172184 0.0634833 3.69693e-05 -0.000118728 -1.40638e-05 3.69693e-05 0.00918338 -0.017057 3.69693e-05 -0.000118728 -0.017057 0.0629082 
0.00867824 -0.0169155 -6.63761e-06 1.91319e-05 -0.0169155 0.0760154 3.11566e-05 -0.000120058 -6.63761e-06 3.11566e-05 0.00863519 -0.0165357 1.91319e-05 -0.000120058 -0.0165357 0.0740812 
0.00912278 -0.0172791 -3.60038e-06 -2.97735e-06 -0.0172791 0.0837829 2.25413e-05 -7.50063e-05 -3.60038e-06 2.25413e-05 0.00914421 -0.0169127 -2.97735e-06 -7.50063e-05 -0.0169127 0.0812791 
0.00885296 -0.0164337 -1.83415e-06 -1.07178e-05 -0.0164337 0.0812493 1.3986e-05 -2.56191e-05 -1.83415e-06 1.3986e-05 0.008933 -0.0162609 -1.07178e-05 -2.56191e-05 -0.0162609 0.0794098 
0.00930461 -0.017187 -1.83239e-05 -7.66417e-06 -0.017187 0.0851481 9.33105e-06 -9.22487e-06 -1.83239e-05 9.33105e-06 0.00943536 -0.0171303 -7.66417e-06 -9.22487e-06 -0.0171303 0.0839199 
0.00905557 -0.0167228 -1.69108e-05 1.6899e-05 -0.0167228 0.0828505 2.31712e-05 -3.28828e-05 -1.69108e-05 2.31712e-05 0.00920636 -0.0167285 1.6899e-05 -3.28828e-05 -0.0167285 0.0820853 
0.00958205 -0.0176485 -1.70316e-05 2.27522e-05 -0.0176485 0.0874553 2.30126e-05 -5.68862e-05 -1.70316e-05 2.30126e-05 0.00971274 -0.0176793 2.27522e-05 -5.68862e-05 -0.0176793 0.0868632 
0.00951754 -0.017484 -1.16001e-05 2.5724e-05 -0.017484 0.0865333 2.37309e-05 -7.00625e-05 -1.16001e-05 2.37309e-05 0.0095743 -0.0174669 2.5724e-05 -7.00625e-05 -0.0174669 0.0859297 
0.0094751 -0.017416 1.05893e-05 2.185e-05 -0.017416 0.0860287 1.88903e-05 -7.13377e-05 1.05893e-05 1.88903e-05 0.00948915 -0.0172966 2.185e-05 -7.13377e-05 -0.0172966 0.0852232 
0.00944357 -0.01739 2.45548e-05 -1.93487e-06 -0.01739 0.0858256 -6.03346e-06 -3.91356e-05 2.45548e-05 -6.03346e-06 0.00944945 -0.0172043 -1.93487e-06 -3.91356e-05 -0.0172043 0.0847988 
0.00939735 -0.0173437 2.1864e-05 -1.93649e-05 -0.0173437 0.0856165 -2.3939e-05 4.64196e-06 2.1864e-05 -2.3939e-05 0.00942875 -0.017144 -1.93649e-05 4.64196e-06 -0.017144 0.084476 
0.0093714 -0.0173002 4.56418e-06 -1.47736e-05 -0.0173002 0.0854892 -1.94405e-05 1.29288e-05 4.56418e-06 -1.94405e-05 0.00942006 -0.0171354 -1.47736e-05 1.29288e-05 -0.0171354 0.0843704 
0.00933907 -0.0172436 -6.77909e-06 4.92284e-06 -0.0172436 0.0852611 2.94503e-06 -2.00305e-05 -6.77909e-06 2.94503e-06 0.00940515 -0.0171083 4.92284e-06 -2.00305e-05 -0.0171083 0.0842205 
0.00931215 -0.0172019 -1.06717e-05 2.03579e-05 -0.0172019 0.0850886 2.01952e-05 -6.61919e-05 -1.06717e-05 2.01952e-05 0.00939881 -0.0170927 2.03579e-05 -6.61919e-05 -0.0170927 0.084128 
0.00930859 -0.0171725 3.58123e-07 2.43532e-05 -0.0171725 0.0849895 2.56797e-05 -9.20045e-05 3.58123e-07 2.56797e-05 0.00939879 -0.0171017 2.43532e-05 -9.20045e-05 -0.0171017 0.0841394 
0.00931492 -0.0171709 5.10479e-06 8.88855e-06 -0.0171709 0.0849529 1.24975e-05 -7.65034e-05 5.10479e-06 1.24975e-05 0.00939354 -0.0171065 8.88855e-06 -7.65034e-05 -0.0171065 0.0841627 
0.00929838 -0.0171455 7.47254e-06 2.47608e-06 -0.0171455 0.0847788 4.02994e-06 -5.28979e-05 7.47254e-06 4.02994e-06 0.00936315 -0.0170599 2.47608e-06 -5.28979e-05 -0.0170599 0.0839683 
0.00924411 -0.0170567 1.24252e-05 -1.4224e-06 -0.0170567 0.084334 -2.2921e-06 -3.27331e-05 1.24252e-05 -2.2921e-06 0.00932453 -0.0169608 -1.4224e-06 -3.27331e-05 -0.0169608 0.0835059 
0.00922197 -0.0170226 2.38753e-05 -7.36387e-06 -0.0170226 0.0841747 -1.03647e-05 -1.29451e-05 2.38753e-05 -1.03647e-05 0.00931831 -0.0169404 -7.36387e-06 -1.29451e-05 -0.0169404 0.0833552 
0.00920005 -0.0169798 2.14239e-05 -1.95381e-05 -0.0169798 0.0839733 -2.35599e-05 1.2396e-05 2.14239e-05 -2.35599e-05 0.0093063 -0.0169166 -1.95381e-05 1.2396e-05 -0.0169166 0.0831919 
0.00920249 -0.0169978 1.48842e-05 -1.34193e-05 -0.0169978 0.0840586 -1.93277e-05 1.32066e-05 1.48842e-05 -1.93277e-05 0.00931502 -0.0169487 -1.34193e-05 1.32066e-05 -0.0169487 0.0833163 
0.00922567 -0.0170337 7.27099e-06 -8.45106e-08 -0.0170337 0.0842721 -9.53734e-06 -1.29414e-05 7.27099e-06 -9.53734e-06 0.00932231 -0.0170006 -8.45106e-08 -1.29414e-05 -0.0170006 0.0835807 
0.00921802 -0.0169974 4.56581e-06 1.19093e-05 -0.0169974 0.0841006 -2.9001e-07 -4.37129e-05 4.56581e-06 -2.9001e-07 0.00929357 -0.0169521 1.19093e-05 -4.37129e-05 -0.0169521 0.0834253 
0.0092258 -0.0170046 -4.59468e-06 1.60037e-05 -0.0170046 0.0840971 3.64649e-06 -6.48849e-05 -4.59468e-06 3.64649e-06 0.00928536 -0.0169353 1.60037e-05 -6.48849e-05 -0.0169353 0.0833902 
0.00924214 -0.017028 -1.35752e-05 2.73171e-05 -0.017028 0.0841822 1.64892e-05 -9.28321e-05 -1.35752e-05 1.64892e-05 0.00928515 -0.0169399 2.73171e-05 -9.28321e-05 -0.0169399 0.0834344 
0.00928256 -0.0170656 -1.02421e-05 3.66486e-05 -0.0170656 0.0843414 2.91575e-05 -0.000123421 -1.02421e-05 2.91575e-05 0.0092702 -0.0169592 3.66486e-05 -0.000123421 -0.0169592 0.0835518 
0.00927587 -0.0170799 3.8973e-06 3.50022e-05 -0.0170799 0.084302 3.31481e-05 -0.000144505 3.8973e-06 3.31481e-05 0.00923624 -0.0168932 3.50022e-05 -0.000144505 -0.0168932 0.0833564 
0.00926018 -0.0170788 1.17311e-05 2.02515e-05 -0.0170788 0.0843022 1.99502e-05 -0.00013523 1.17311e-05 1.99502e-05 0.0092375 -0.0168512 2.02515e-05 -0.00013523 -0.0168512 0.0832077 
0.0092144 -0.0170056 1.99985e-05 1.03011e-05 -0.0170056 0.0840051 9.86576e-06 -0.000112916 1.99985e-05 9.86576e-06 0.00922519 -0.0168006 1.03011e-05 -0.000112916 -0.0168006 0.082891 
0.0091992 -0.0169378 1.55727e-05 -2.15027e-06 -0.0169378 0.0837313 -2.65381e-06 -8.34843e-05 1.55727e-05 -2.65381e-06 0.00919196 -0.0167861 -2.15027e-06 -8.34843e-05 -0.0167861 0.0827198 
0.00921755 -0.0169826 1.36177e-05 -2.13702e-06 -0.0169826 0.083903 9.62052e-07 -6.86013e-05 1.36177e-05 9.62052e-07 0.00920788 -0.0168237 -2.13702e-06 -6.86013e-05 -0.0168237 0.0829494 
0.00920707 -0.0169753 1.09223e-05 -1.16899e-06 -0.0169753 0.083875 1.8334e-06 -6.47414e-05 1.09223e-05 1.8334e-06 0.00921849 -0.0168166 -1.16899e-06 -6.47414e-05 -0.0168166 0.082941 
0.00919579 -0.0169832 -7.44891e-09 1.77209e-07 -0.0169832 0.0839375 3.52752e-06 -6.2668e-05 -7.44891e-09 3.52752e-06 0.00924881 -0.016844 1.77209e-07 -6.2668e-05 -0.016844 0.0830338 
0.00916381 -0.0169506 -2.17993e-05 1.05876e-05 -0.0169506 0.0838467 1.21366e-05 -6.93651e-05 -2.17993e-05 1.21366e-05 0.00926814 -0.0168586 1.05876e-05 -6.93651e-05 -0.0168586 0.083028 
0.00915279 -0.0169276 -2.74643e-05 3.83076e-05 -0.0169276 0.0838176 3.95237e-05 -0.000117058 -2.74643e-05 3.95237e-05 0.00927693 -0.0168939 3.83076e-05 -0.000117058 -0.0168939 0.0831231 
0.00914754 -0.016912 -9.57543e-06 4.73703e-05 -0.016912 0.0837773 5.06592e-05 -0.000159414 -9.57543e-06 5.06592e-05 0.00927937 -0.0169042 4.73703e-05 -0.000159414 -0.0169042 0.0831783 
0.00915686 -0.0168851 2.47076e-06 2.80638e-05 -0.0168851 0.0836679 3.09752e-05 -0.000146262 2.47076e-06 3.09752e-05 0.0092521 -0.0168979 2.80638e-05 -0.000146262 -0.0168979 0.0831476 
0.00914711 -0.0168721 1.61091e-05 1.26964e-05 -0.0168721 0.0835283 1.16552e-05 -0.000105093 1.61091e-05 1.16552e-05 0.00923315 -0.0168494 1.26964e-05 -0.000105093 -0.0168494 0.0829971 
0.00914339 -0.0168774 2.46472e-05 -1.22827e-06 -0.0168774 0.083529 -6.2124e-06 -6.48253e-05 2.46472e-05 -6.2124e-06 0.00923335 -0.0168381 -1.22827e-06 -6.48253e-05 -0.0168381 0.082954 
0.00914927 -0.016897 2.91135e-05 -9.99944e-06 -0.016897 0.083641 -1.6155e-05 -3.65559e-05 2.91135e-05 -1.6155e-05 0.00925839 -0.0168651 -9.99944e-06 -3.65559e-05 -0.0168651 0.0830683 
0.00915233 -0.0169309 3.9328e-05 -1.61498e-05 -0.0169309 0.0838324 -2.4168e-05 -1.44705e-05 3.9328e-05 -2.4168e-05 0.00930111 -0.0169215 -1.61498e-05 -1.44705e-05 -0.0169215 0.0832972 
0.00916372 -0.0169511 4.21237e-05 -2.89057e-05 -0.0169511 0.0840001 -3.52853e-05 1.17358e-05 4.21237e-05 -3.52853e-05 0.00931992 -0.0169821 -2.89057e-05 1.17358e-05 -0.0169821 0.083535 
0.00915897 -0.0169407 2.97853e-05 -3.50403e-05 -0.0169407 0.0839881 -3.74634e-05 3.05479e-05 2.97853e-05 -3.74634e-05 0.00931505 -0.016988 -3.50403e-05 3.05479e-05 -0.016988 0.0835884 
0.00915025 -0.0169017 1.78277e-05 -1.88543e-05 -0.0169017 0.0838251 -1.80372e-05 5.6362e-06 1.78277e-05 -1.80372e-05 0.00928954 -0.0169552 -1.88543e-05 5.6362e-06 -0.0169552 0.0834662 
0.0091248 -0.0168546 2.06753e-06 -2.93396e-06 -0.0168546 0.0835665 -2.28198e-06 -3.58309e-05 2.06753e-06 -2.28198e-06 0.00926822 -0.0168931 -2.93396e-06 -3.58309e-05 -0.0168931 0.083209 
0.00911241 -0.016803 -2.10618e-06 1.68849e-05 -0.016803 0.0833052 1.69366e-05 -8.4992e-05 -2.10618e-06 1.69366e-05 0.0092337 -0.0168481 1.68849e-05 -8.4992e-05 -0.0168481 0.0829584 
0.00912117 -0.0167989 -8.72447e-06 2.77452e-05 -0.0167989 0.0832255 2.45241e-05 -0.000125044 -8.72447e-06 2.45241e-05 0.00920894 -0.0168284 2.77452e-05 -0.000125044 -0.0168284 0.0828776 
0.00911694 -0.0168096 2.74037e-06 3.77702e-05 -0.0168096 0.0832045 3.18035e-05 -0.000153923 2.74037e-06 3.18035e-05 0.00919631 -0.0167986 3.77702e-05 -0.000153923 -0.0167986 0.0827927 
0.00911657 -0.0168343 6.74703e-06 2.40751e-05 -0.0168343 0.0833228 1.86445e-05 -0.00014607 6.74703e-06 1.86445e-05 0.00920659 -0.0168044 2.40751e-05 -0.00014607 -0.0168044 0.0828402 
0.00911856 -0.0168079 8.82622e-06 1.54894e-05 -0.0168079 0.083237 1.35973e-05 -0.000126315 8.82622e-06 1.35973e-05 0.00918509 -0.016786 1.54894e-05 -0.000126315 -0.016786 0.0827363 
0.00910996 -0.0168157 1.34483e-05 8.91599e-06 -0.0168157 0.0832255 1.21676e-05 -0.000109168 1.34483e-05 1.21676e-05 0.00917992 -0.016765 8.91599e-06 -0.000109168 -0.016765 0.0826767 
0.0091237 -0.0168355 1.79838e-05 -3.39081e-06 -0.0168355 0.0833517 7.76174e-06 -8.63655e-05 1.79838e-05 7.76174e-06 0.00918246 -0.0167845 -3.39081e-06 -8.63655e-05 -0.0167845 0.0827682 
0.00913187 -0.0168237 1.31768e-05 -1.28937e-05 -0.0168237 0.0832956 2.86144e-07 -5.78621e-05 1.31768e-05 2.86144e-07 0.00915844 -0.0167626 -1.28937e-05 -5.78621e-05 -0.0167626 0.0826914 
0.0091013 -0.0168121 2.62977e-06 -6.11768e-06 -0.0168121 0.0831794 2.77289e-06 -4.98787e-05 2.62977e-06 2.77289e-06 0.00916962 -0.0167128 -6.11768e-06 -4.98787e-05 -0.0167128 0.0825102 
0.00908862 -0.0168234 -8.29462e-07 1.1046e-05 -0.0168234 0.0833011 1.33232e-05 -7.07147e-05 -8.29462e-07 1.33232e-05 0.00920709 -0.0167655 1.1046e-05 -7.07147e-05 -0.0167655 0.0826504 
0.00909595 -0.0167674 -5.63686e-07 1.63731e-05 -0.0167674 0.0831327 1.46148e-05 -8.48742e-05 -5.63686e-07 1.46148e-05 0.00917982 -0.01678 1.63731e-05 -8.48742e-05 -0.01678 0.0826262 
0.00909504 -0.0167772 -1.04233e-06 1.66031e-05 -0.0167772 0.0830801 1.54112e-05 -9.03279e-05 -1.04233e-06 1.54112e-05 0.00916415 -0.0167523 1.66031e-05 -9.03279e-05 -0.0167523 0.0825879 
0.00908825 -0.0167685 1.15072e-05 1.55693e-05 -0.0167685 0.0830216 1.77782e-05 -9.33266e-05 1.15072e-05 1.77782e-05 0.0091511 -0.0167212 1.55693e-05 -9.33266e-05 -0.0167212 0.0824753 
0.00907729 -0.016778 1.71435e-05 -7.52911e-07 -0.016778 0.0830695 2.76987e-06 -7.01818e-05 1.71435e-05 2.76987e-06 0.00916027 -0.0167229 -7.52911e-07 -7.01818e-05 -0.0167229 0.082488 
0.00909579 -0.0167909 2.936e-05 -1.00399e-05 -0.0167909 0.0832072 -5.09607e-06 -4.13136e-05 2.936e-05 -5.09607e-06 0.00917484 -0.0167677 -1.00399e-05 -4.13136e-05 -0.0167677 0.0826719 
0.0090877 -0.0167598 3.85004e-05 -2.54914e-05 -0.0167598 0.0830369 -2.18648e-05 -3.19538e-06 3.85004e-05 -2.18648e-05 0.00914907 -0.0167303 -2.54914e-05 -3.19538e-06 -0.0167303 0.0825178 
0.00906571 -0.0167266 2.77188e-05 -3.52438e-05 -0.0167266 0.0828294 -3.50737e-05 3.13156e-05 2.77188e-05 -3.50737e-05 0.00912506 -0.0166726 -3.52438e-05 3.13156e-05 -0.0166726 0.0822729 
0.00904028 -0.0166701 8.83199e-06 -2.09897e-05 -0.0166701 0.0825558 -2.37175e-05 2.61394e-05 8.83199e-06 -2.37175e-05 0.00908997 -0.0166208 -2.09897e-05 2.61394e-05 -0.0166208 0.0819963 
0.00903755 -0.0166729 -1.48302e-05 6.93192e-06 -0.0166729 0.0825402 2.35195e-06 -2.80612e-05 -1.48302e-05 2.35195e-06 0.00907919 -0.0166077 6.93192e-06 -2.80612e-05 -0.0166077 0.081955 
0.00904104 -0.0166848 -2.66482e-05 3.90592e-05 -0.0166848 0.0825984 3.2226e-05 -0.000105274 -2.66482e-05 3.2226e-05 0.0090788 -0.0166076 3.90592e-05 -0.000105274 -0.0166076 0.0819799 
0.00903176 -0.0166762 -2.68234e-05 5.48616e-05 -0.0166762 0.0825681 4.52755e-05 -0.000160265 -2.68234e-05 4.52755e-05 0.00907056 -0.0165957 5.48616e-05 -0.000160265 -0.0165957 0.0819348 
0.00902982 -0.0166426 -1.48649e-05 5.25472e-05 -0.0166426 0.0824314 4.32003e-05 -0.000173457 -1.48649e-05 4.32003e-05 0.00903801 -0.0165674 5.25472e-05 -0.000173457 -0.0165674 0.0818074 
0.00965186 -0.0178168 1.66862e-06 3.76778e-05 -0.0178168 0.0881902 3.14164e-05 -0.000160558 1.66862e-06 3.14164e-05 0.00967303 -0.0176974 3.76778e-05 -0.000160558 -0.0176974 0.0874731 
0.00961753 -0.0178046 8.05769e-06 1.2542e-05 -0.0178046 0.0881724 1.13391e-05 -0.000110708 8.05769e-06 1.13391e-05 0.00970394 -0.0177007 1.2542e-05 -0.000110708 -0.0177007 0.0874522 
0.00956406 -0.0177073 1.09553e-05 3.01696e-07 -0.0177073 0.0878316 5.84621e-06 -7.27402e-05 1.09553e-05 5.84621e-06 0.00969682 -0.017691 3.01696e-07 -7.27402e-05 -0.017691 0.0872649 
0.00954645 -0.0176402 8.16957e-06 -6.75539e-06 -0.0176402 0.0875744 3.66906e-06 -5.07742e-05 8.16957e-06 3.66906e-06 0.0096767 -0.0176943 -6.75539e-06 -5.07742e-05 -0.0176943 0.0872158 
0.00955473 -0.0176446 1.32124e-05 -3.36401e-06 -0.0176446 0.0875615 6.49961e-06 -4.71347e-05 1.32124e-05 6.49961e-06 0.00966867 -0.0176999 -3.36401e-06 -4.71347e-05 -0.0176999 0.0872953 
0.00956664 -0.0176443 -5.21441e-06 -4.16964e-06 -0.0176443 0.0875261 -1.26489e-06 -4.17399e-05 -5.21441e-06 -1.26489e-06 0.00965367 -0.0176791 -4.16964e-06 -4.17399e-05 -0.0176791 0.0872527 
0.00958393 -0.0176797 -1.41374e-05 1.9544e-05 -0.0176797 0.0876429 1.91918e-05 -7.21421e-05 -1.41374e-05 1.91918e-05 0.00966254 -0.0176851 1.9544e-05 -7.21421e-05 -0.0176851 0.0873199 
0.00956983 -0.0176757 -1.09048e-05 2.96507e-05 -0.0176757 0.0876009 3.05882e-05 -0.000106258 -1.09048e-05 3.05882e-05 0.00966249 -0.0176685 2.96507e-05 -0.000106258 -0.0176685 0.087233 
0.0095786 -0.0176762 -3.05337e-06 2.78648e-05 -0.0176762 0.0876398 2.51004e-05 -0.000113441 -3.05337e-06 2.51004e-05 0.00965326 -0.0176882 2.78648e-05 -0.000113441 -0.0176882 0.0872898 
0.00953733 -0.017589 8.23244e-06 2.23102e-05 -0.017589 0.0871873 1.6102e-05 -0.000105133 8.23244e-06 1.6102e-05 0.00959739 -0.0175802 2.23102e-05 -0.000105133 -0.0175802 0.0868228 
0.00949578 -0.0175424 -7.52808e-06 9.34953e-06 -0.0175424 0.0869125 8.02983e-06 -8.95851e-05 -7.52808e-06 8.02983e-06 0.00957749 -0.0175073 9.34953e-06 -8.95851e-05 -0.0175073 0.0864846 
0.00947028 -0.0175231 -5.47083e-06 2.26777e-05 -0.0175231 0.0868557 3.01194e-05 -0.000109245 -5.47083e-06 3.01194e-05 0.00958796 -0.0175098 2.26777e-05 -0.000109245 -0.0175098 0.0864277 
0.00945152 -0.0174762 8.76305e-06 2.15525e-05 -0.0174762 0.0866997 2.99385e-05 -0.000125316 8.76305e-06 2.99385e-05 0.00957068 -0.0175103 2.15525e-05 -0.000125316 -0.0175103 0.0863562 
0.00944978 -0.0174529 2.11734e-05 8.50681e-06 -0.0174529 0.0865964 8.71956e-06 -0.000102356 2.11734e-05 8.71956e-06 0.00954988 -0.0174968 8.50681e-06 -0.000102356 -0.0174968 0.0863216 
0.00946254 -0.017488 2.27988e-05 -7.19425e-06 -0.017488 0.0867331 -1.38473e-05 -5.52341e-05 2.27988e-05 -1.38473e-05 0.00955608 -0.0175069 -7.19425e-06 -5.52341e-05 -0.0175069 0.0864393 
0.00947431 -0.0174875 2.15655e-05 -9.32362e-06 -0.0174875 0.086745 -1.5309e-05 -3.12557e-05 2.15655e-05 -1.5309e-05 0.00954272 -0.0175001 -9.32362e-06 -3.12557e-05 -0.0175001 0.0864299 
0.00950148 -0.0175594 1.66327e-05 -6.37684e-06 -0.0175594 0.0870692 -1.16907e-05 -3.2137e-05 1.66327e-05 -1.16907e-05 0.00957491 -0.0175499 -6.37684e-06 -3.2137e-05 -0.0175499 0.0867252 
0.00951715 -0.0175824 4.76703e-06 1.97154e-06 -0.0175824 0.0872227 -3.78018e-06 -4.91532e-05 4.76703e-06 -3.78018e-06 0.00959069 -0.0175799 1.97154e-06 -4.91532e-05 -0.0175799 0.0868794 
0.00951985 -0.0175828 -7.14244e-07 1.38014e-05 -0.0175828 0.0872301 7.52106e-06 -7.28666e-05 -7.14244e-07 7.52106e-06 0.00958741 -0.0175774 1.38014e-05 -7.28666e-05 -0.0175774 0.0868849 
0.00952097 -0.0175933 -3.31095e-06 2.15255e-05 -0.0175933 0.0872797 1.43641e-05 -9.59024e-05 -3.31095e-06 1.43641e-05 0.00959437 -0.0175819 2.15255e-05 -9.59024e-05 -0.0175819 0.0869268 
0.00951449 -0.017602 -1.74658e-05 2.48771e-05 -0.017602 0.0873484 2.19631e-05 -0.000114988 -1.74658e-05 2.19631e-05 0.00961334 -0.0176002 2.48771e-05 -0.000114988 -0.0176002 0.0870074 
0.00950053 -0.0175596 -1.94283e-05 3.79399e-05 -0.0175596 0.087203 3.87876e-05 -0.000140871 -1.94283e-05 3.87876e-05 0.00960078 -0.0175907 3.79399e-05 -0.000140871 -0.0175907 0.0869217 
0.00950705 -0.017539 -2.67487e-05 4.08763e-05 -0.017539 0.0871016 4.48151e-05 -0.000163331 -2.67487e-05 4.48151e-05 0.00958317 -0.0175789 4.08763e-05 -0.000163331 -0.0175789 0.0868756 
0.00947989 -0.0175017 -3.138e-05 4.7957e-05 -0.0175017 0.0868375 5.17451e-05 -0.000178548 -3.138e-05 5.17451e-05 0.00956953 -0.0175048 4.7957e-05 -0.000178548 -0.0175048 0.0865655 
0.00949109 -0.0175279 -1.56813e-05 5.09124e-05 -0.0175279 0.0869703 5.29573e-05 -0.000182812 -1.56813e-05 5.29573e-05 0.0096035 -0.0175543 5.09124e-05 -0.000182812 -0.0175543 0.0867117 
0.00945999 -0.0174638 -2.11735e-06 2.97049e-05 -0.0174638 0.0866506 3.33778e-05 -0.000149161 -2.11735e-06 3.33778e-05 0.00958346 -0.0175128 2.97049e-05 -0.000149161 -0.0175128 0.0864365 
0.00947784 -0.0174766 8.84483e-06 8.1648e-06 -0.0174766 0.086685 1.47473e-05 -9.50074e-05 8.84483e-06 1.47473e-05 0.0095765 -0.0175368 8.1648e-06 -9.50074e-05 -0.0175368 0.0865052 
0.0095081 -0.0175313 1.91852e-05 -5.72039e-06 -0.0175313 0.0868916 1.50979e-06 -5.05784e-05 1.91852e-05 1.50979e-06 0.00957579 -0.0175605 -5.72039e-06 -5.05784e-05 -0.0175605 0.0866731 
0.00954417 -0.0175959 3.1634e-05 -1.41494e-05 -0.0175959 0.087173 -9.94168e-06 -2.32364e-05 3.1634e-05 -9.94168e-06 0.00957871 -0.0175828 -1.41494e-05 -2.32364e-05 -0.0175828 0.0868576 
0.00952715 -0.0175936 4.3385e-05 -2.65219e-05 -0.0175936 0.0871268 -2.53887e-05 6.10548e-06 4.3385e-05 -2.53887e-05 0.00956926 -0.0175274 -2.65219e-05 6.10548e-06 -0.0175274 0.0866707 
0.00951751 -0.0175655 3.26545e-05 -4.42987e-05 -0.0175655 0.0870337 -4.65987e-05 5.52257e-05 3.26545e-05 -4.65987e-05 0.00956129 -0.017505 -4.42987e-05 5.52257e-05 -0.017505 0.0865208 
0.00956157 -0.0176368 2.22725e-05 -3.16094e-05 -0.0176368 0.087383 -3.58072e-05 5.87441e-05 2.22725e-05 -3.58072e-05 0.00958748 -0.0175827 -3.16094e-05 5.87441e-05 -0.0175827 0.0868689 
0.00959731 -0.0176929 1.4621e-05 -1.62035e-05 -0.0176929 0.0876378 -1.8345e-05 2.54161e-05 1.4621e-05 -1.8345e-05 0.00960128 -0.0176183 -1.62035e-05 2.54161e-05 -0.0176183 0.087097 
0.00959924 -0.0177035 1.73424e-05 -8.48865e-06 -0.0177035 0.0876513 -4.86751e-06 -8.14061e-06 1.73424e-05 -4.86751e-06 0.00959957 -0.0175922 -8.48865e-06 -8.14061e-06 -0.0175922 0.0870262 
0.00957902 -0.0177286 1.66214e-05 -1.12069e-05 -0.0177286 0.0877691 -3.14924e-06 -2.40366e-05 1.66214e-05 -3.14924e-06 0.00964128 -0.0176058 -1.12069e-05 -2.40366e-05 -0.0176058 0.0870772 
0.00955449 -0.017697 1.74371e-05 -9.09555e-06 -0.017697 0.087746 -2.70076e-06 -3.02298e-05 1.74371e-05 -2.70076e-06 0.00967609 -0.0176476 -9.09555e-06 -3.02298e-05 -0.0176476 0.0871399 
0.00954515 -0.0176769 1.20081e-05 -7.68681e-06 -0.0176769 0.0877441 -7.25093e-06 -2.93572e-05 1.20081e-05 -7.25093e-06 0.00970663 -0.01771 -7.68681e-06 -2.93572e-05 -0.01771 0.0873264 
0.00956073 -0.0176769 7.7218e-06 -4.19455e-06 -0.0176769 0.0877938 -6.32175e-06 -2.55227e-05 7.7218e-06 -6.32175e-06 0.00972145 -0.0177666 -4.19455e-06 -2.55227e-05 -0.0177666 0.087554 
0.00956986 -0.0176555 1.22869e-05 1.52084e-06 -0.0176555 0.0876641 1.49789e-06 -3.58112e-05 1.22869e-05 1.49789e-06 0.00969753 -0.0177527 1.52084e-06 -3.58112e-05 -0.0177527 0.0875124 
0.00958346 -0.0176644 4.93696e-07 -5.51148e-06 -0.0176644 0.0876154 -5.10922e-06 -2.77094e-05 4.93696e-07 -5.10922e-06 0.00966975 -0.0177205 -5.51148e-06 -2.77094e-05 -0.0177205 0.0874269 
0.00960117 -0.0177042 -1.56243e-05 5.23688e-06 -0.0177042 0.0877313 4.88526e-06 -3.16685e-05 -1.56243e-05 4.88526e-06 0.00967013 -0.0177035 5.23688e-06 -3.16685e-05 -0.0177035 0.0874233 
0.00957476 -0.0176813 -2.27576e-05 2.43715e-05 -0.0176813 0.0875839 2.69183e-05 -6.82002e-05 -2.27576e-05 2.69183e-05 0.0096543 -0.0176492 2.43715e-05 -6.82002e-05 -0.0176492 0.0871609 
0.00953464 -0.017596 -1.51317e-05 3.58252e-05 -0.017596 0.0871956 4.01476e-05 -0.000108842 -1.51317e-05 4.01476e-05 0.00961783 -0.0175757 3.58252e-05 -0.000108842 -0.0175757 0.0867477 
0.00951 -0.0175766 -1.00754e-05 3.10122e-05 -0.0175766 0.0870811 3.22351e-05 -0.00011842 -1.00754e-05 3.22351e-05 0.00961746 -0.0175625 3.10122e-05 -0.00011842 -0.0175625 0.0866429 
0.00953591 -0.0176181 2.14492e-06 2.58951e-05 -0.0176181 0.0873284 2.19548e-05 -0.000106679 2.14492e-06 2.19548e-05 0.00964942 -0.0176322 2.58951e-05 -0.000106679 -0.0176322 0.0869363 
0.00957319 -0.0176807 1.26767e-05 1.28594e-05 -0.0176807 0.0876399 8.16129e-06 -8.32215e-05 1.26767e-05 8.16129e-06 0.00969319 -0.017704 1.28594e-05 -8.32215e-05 -0.017704 0.0872875 
0.00961722 -0.0177306 1.48186e-05 -4.58975e-06 -0.0177306 0.0878812 -7.62279e-06 -4.27202e-05 1.48186e-05 -7.62279e-06 0.00971463 -0.0177667 -4.58975e-06 -4.27202e-05 -0.0177667 0.0875668 
0.00903014 -0.016633 2.50555e-06 -7.26549e-06 -0.016633 0.0823665 -7.98587e-06 -2.21308e-05 2.50555e-06 -7.98587e-06 0.00908668 -0.0166363 -7.26549e-06 -2.21308e-05 -0.0166363 0.0820346 
0.00906274 -0.0167425 -3.25365e-06 8.47621e-06 -0.0167425 0.0828325 9.48772e-06 -4.67926e-05 -3.25365e-06 9.48772e-06 0.00913366 -0.0166922 8.47621e-06 -4.67926e-05 -0.0166922 0.0823775 
0.00909718 -0.0167819 -4.11869e-06 1.76636e-05 -0.0167819 0.0831 2.06777e-05 -8.16696e-05 -4.11869e-06 2.06777e-05 0.00914039 -0.016741 1.76636e-05 -8.16696e-05 -0.016741 0.0825891 
0.00908808 -0.0167844 8.58702e-06 1.89192e-05 -0.0167844 0.0830847 2.03156e-05 -9.62432e-05 8.58702e-06 2.03156e-05 0.00913383 -0.0167036 1.89192e-05 -9.62432e-05 -0.0167036 0.0824908 
0.00904312 -0.0167253 5.06022e-06 8.34337e-06 -0.0167253 0.0828248 5.57308e-06 -8.34784e-05 5.06022e-06 5.57308e-06 0.00911819 -0.0166413 8.34337e-06 -8.34784e-05 -0.0166413 0.0821747 
0.00903148 -0.0166717 3.77782e-06 1.20195e-05 -0.0166717 0.0826388 7.64577e-06 -7.85362e-05 3.77782e-06 7.64577e-06 0.00910615 -0.0166327 1.20195e-05 -7.85362e-05 -0.0166327 0.0820504 
0.00905198 -0.0166807 -8.08139e-06 1.41554e-05 -0.0166807 0.0826556 9.02815e-06 -8.21842e-05 -8.08139e-06 9.02815e-06 0.00910065 -0.0166513 1.41554e-05 -8.21842e-05 -0.0166513 0.0821288 
0.00904772 -0.0166736 -1.6371e-05 2.49142e-05 -0.0166736 0.0825536 2.38778e-05 -0.000101767 -1.6371e-05 2.38778e-05 0.00908848 -0.0166206 2.49142e-05 -0.000101767 -0.0166206 0.0820249 
0.00903812 -0.0166832 -2.94899e-05 3.30323e-05 -0.0166832 0.0825742 3.77622e-05 -0.000129921 -2.94899e-05 3.77622e-05 0.00910557 -0.0166209 3.30323e-05 -0.000129921 -0.0166209 0.0820236 
0.00904087 -0.0167023 -3.21894e-05 4.55536e-05 -0.0167023 0.082709 5.49678e-05 -0.000160981 -3.21894e-05 5.49678e-05 0.00913048 -0.0166687 4.55536e-05 -0.000160981 -0.0166687 0.0821917 
0.00904554 -0.0167309 -5.75667e-06 4.78641e-05 -0.0167309 0.08289 5.78955e-05 -0.000178168 -5.75667e-06 5.78955e-05 0.00916246 -0.016719 4.78641e-05 -0.000178168 -0.016719 0.0824189 
0.00904599 -0.0167216 1.76273e-05 1.58281e-05 -0.0167216 0.0829074 2.31052e-05 -0.000129878 1.76273e-05 2.31052e-05 0.00916882 -0.0167411 1.58281e-05 -0.000129878 -0.0167411 0.0824994 
0.00903725 -0.0166764 3.34312e-05 -1.19783e-05 -0.0166764 0.0826926 -1.08441e-05 -5.15212e-05 3.34312e-05 -1.08441e-05 0.00913882 -0.0167022 -1.19783e-05 -5.15212e-05 -0.0167022 0.0823198 
0.00904066 -0.0166623 3.4718e-05 -2.7596e-05 -0.0166623 0.0825615 -3.28281e-05 1.00252e-05 3.4718e-05 -3.28281e-05 0.00910405 -0.0166578 -2.7596e-05 1.00252e-05 -0.0166578 0.0821452 
0.00905362 -0.0166919 3.20126e-05 -2.69633e-05 -0.0166919 0.0826321 -3.7068e-05 3.54766e-05 3.20126e-05 -3.7068e-05 0.00908649 -0.0166361 -2.69633e-05 3.54766e-05 -0.0166361 0.082105 
0.00904043 -0.0166705 2.60368e-05 -2.21951e-05 -0.0166705 0.0825055 -3.57013e-05 3.70412e-05 2.60368e-05 -3.57013e-05 0.00906014 -0.0165794 -2.21951e-05 3.70412e-05 -0.0165794 0.0818754 
0.00964837 -0.0178272 1.14118e-05 -1.61706e-05 -0.0178272 0.0882204 -2.91641e-05 2.39889e-05 1.14118e-05 -2.91641e-05 0.00969094 -0.0177076 -1.61706e-05 2.39889e-05 -0.0177076 0.087462 
0.00962869 -0.017769 2.36299e-06 3.13571e-06 -0.017769 0.0880092 -1.45692e-06 -2.39345e-05 2.36299e-06 -1.45692e-06 0.00966648 -0.0176823 3.13571e-06 -2.39345e-05 -0.0176823 0.0872827 
0.00963972 -0.017769 4.14081e-06 1.31921e-05 -0.017769 0.0879997 1.58104e-05 -7.09456e-05 4.14081e-06 1.58104e-05 0.00965292 -0.0176863 1.31921e-05 -7.09456e-05 -0.0176863 0.0873165 
0.00961075 -0.0177306 9.12238e-07 1.08648e-05 -0.0177306 0.0877674 1.42096e-05 -8.70466e-05 9.12238e-07 1.42096e-05 0.00963412 -0.0176252 1.08648e-05 -8.70466e-05 -0.0176252 0.0870764 
0.00962294 -0.0177307 9.29386e-06 1.53425e-05 -0.0177307 0.0877875 1.61971e-05 -9.49146e-05 9.29386e-06 1.61971e-05 0.00962107 -0.0176407 1.53425e-05 -9.49146e-05 -0.0176407 0.0871175 
0.00963843 -0.0177848 3.10833e-05 8.72296e-06 -0.0177848 0.0880089 7.00823e-06 -8.92205e-05 3.10833e-05 7.00823e-06 0.00963951 -0.017665 8.72296e-06 -8.92205e-05 -0.017665 0.0873103 
0.00964108 -0.0177953 3.44189e-05 -1.37737e-05 -0.0177953 0.0881039 -1.76383e-05 -5.33833e-05 3.44189e-05 -1.76383e-05 0.00965319 -0.0176807 -1.37737e-05 -5.33833e-05 -0.0176807 0.0873975 
0.00964688 -0.0177986 2.37927e-05 -1.70836e-05 -0.0177986 0.088152 -2.35733e-05 -2.89239e-05 2.37927e-05 -2.35733e-05 0.00966804 -0.0176986 -1.70836e-05 -2.89239e-05 -0.0176986 0.0874751 
0.00961573 -0.0177626 1.99182e-05 -1.25791e-07 -0.0177626 0.0879661 -9.40447e-06 -4.95027e-05 1.99182e-05 -9.40447e-06 0.0096718 -0.0176679 -1.25791e-07 -4.95027e-05 -0.0176679 0.0873075 
0.00956838 -0.0176719 9.49912e-06 1.09367e-05 -0.0176719 0.0875547 -2.44987e-06 -8.19963e-05 9.49912e-06 -2.44987e-06 0.00964603 -0.0176119 1.09367e-05 -8.19963e-05 -0.0176119 0.0869451 
0.00953565 -0.0176209 -1.7328e-05 2.34009e-05 -0.0176209 0.0873091 9.82377e-06 -0.000114445 -1.7328e-05 9.82377e-06 0.00962909 -0.017589 2.34009e-05 -0.000114445 -0.017589 0.0867687 
0.00953095 -0.0176257 -1.47856e-05 5.15818e-05 -0.0176257 0.08737 4.35501e-05 -0.000173571 -1.47856e-05 4.35501e-05 0.00964385 -0.0176288 5.15818e-05 -0.000173571 -0.0176288 0.0869304 
0.00953144 -0.0176291 -2.30698e-05 4.5382e-05 -0.0176291 0.0874379 4.4775e-05 -0.000200322 -2.30698e-05 4.4775e-05 0.00966178 -0.0176609 4.5382e-05 -0.000200322 -0.0176609 0.087095 
0.00954072 -0.0176625 -1.80977e-06 4.77343e-05 -0.0176625 0.0876402 5.25491e-05 -0.000205263 -1.80977e-06 5.25491e-05 0.00969401 -0.0177191 4.77343e-05 -0.000205263 -0.0177191 0.0873804 
0.00951943 -0.0176271 2.3982e-05 2.27089e-05 -0.0176271 0.0875357 2.7978e-05 -0.000171807 2.3982e-05 2.7978e-05 0.00969663 -0.0177209 2.27089e-05 -0.000171807 -0.0177209 0.0873792 
0.00951078 -0.0175669 3.95744e-05 -1.09473e-05 -0.0175669 0.0872916 -7.21345e-06 -9.50059e-05 3.95744e-05 -7.21345e-06 0.00966643 -0.0176954 -1.09473e-05 -9.50059e-05 -0.0176954 0.0872408 
0.00951977 -0.0175701 3.21667e-05 -2.98618e-05 -0.0175701 0.0872462 -2.71192e-05 -3.08364e-05 3.21667e-05 -2.71192e-05 0.00964802 -0.0176795 -2.98618e-05 -3.08364e-05 -0.0176795 0.0872196 
0.0095413 -0.0176048 2.6762e-05 -2.05098e-05 -0.0176048 0.0873595 -1.97582e-05 -1.88294e-05 2.6762e-05 -1.97582e-05 0.00964403 -0.0176759 -2.05098e-05 -1.88294e-05 -0.0176759 0.0872688 
