0.0071743 0 -7.10499e-06 0 0 0.0101852 0 0 -7.10499e-06 0 0.00722442 0 0 0 0 0.0101852 
0.0104152 -0.0129314 -9.23768e-06 1.07048e-05 -0.0129314 0.0343413 1.07048e-05 -2.09522e-05 -9.23768e-06 1.07048e-05 0.0104293 -0.0129426 1.07048e-05 -2.09522e-05 -0.0129426 0.0343628 
0.00916881 -0.0171896 7.42503e-06 7.47594e-06 -0.0171896 0.0633435 7.47594e-06 -2.28012e-05 7.42503e-06 7.47594e-06 0.00914373 -0.0170074 7.47594e-06 -2.28012e-05 -0.0170074 0.062709 
0.00870287 -0.0169825 1.20288e-05 -1.94375e-05 -0.0169825 0.0763795 -1.8469e-05 4.57551e-05 1.20288e-05 -1.8469e-05 0.00864785 -0.0166324 -1.94375e-05 4.57551e-05 -0.0166324 0.0745478 
0.00994947 -0.0188217 3.58673e-05 -2.29901e-05 -0.0188217 0.0913315 -2.69754e-05 9.01095e-05 3.58673e-05 -2.69754e-05 0.00994119 -0.0184425 -2.29901e-05 9.01095e-05 -0.0184425 0.0888096 
0.00968822 -0.0180036 3.44742e-05 -4.21381e-05 -0.0180036 0.0889747 -5.12989e-05 0.000120598 3.44742e-05 -5.12989e-05 0.00977082 -0.0177702 -4.21381e-05 0.000120598 -0.0177702 0.0869902 
0.00941969 -0.0174091 1.67665e-05 -4.03168e-05 -0.0174091 0.0862575 -4.91664e-05 0.000127099 1.67665e-05 -4.91664e-05 0.00954877 -0.0173247 -4.03168e-05 0.000127099 -0.0173247 0.0849565 
0.00917013 -0.0169133 -6.74638e-06 -1.64815e-05 -0.0169133 0.083805 -2.13732e-05 7.81904e-05 -6.74638e-06 -2.13732e-05 0.00930127 -0.0168929 -1.64815e-05 7.81904e-05 -0.0168929 0.0829396 
0.0103371 -0.0190436 -2.65253e-05 1.64546e-05 -0.0190436 0.0943038 1.10268e-05 2.3022e-06 -2.65253e-05 1.10268e-05 0.0104752 -0.0190165 1.64546e-05 2.3022e-06 -0.0190165 0.0934848 
0.0101857 -0.0187618 -3.50903e-05 5.00043e-05 -0.0187618 0.0928233 3.86315e-05 -9.41194e-05 -3.50903e-05 3.86315e-05 0.0103 -0.01871 5.00043e-05 -9.41194e-05 -0.01871 0.0919965 
0.0100903 -0.0185521 -4.15176e-05 6.33767e-05 -0.0185521 0.0917312 5.10524e-05 -0.000156401 -4.15176e-05 5.10524e-05 0.0101517 -0.0184755 6.33767e-05 -0.000156401 -0.0184755 0.0908524 
0.0100532 -0.0184621 -3.85085e-05 7.01246e-05 -0.0184621 0.0911722 5.89602e-05 -0.000189867 -3.85085e-05 5.89602e-05 0.0100562 -0.0183267 7.01246e-05 -0.000189867 -0.0183267 0.0901823 
0.0100161 -0.0184252 -1.15153e-05 6.53856e-05 -0.0184252 0.0908713 5.42902e-05 -0.000194181 -1.15153e-05 5.42902e-05 0.0100146 -0.0182189 6.53856e-05 -0.000194181 -0.0182189 0.0897226 
0.00999896 -0.018453 6.23952e-06 2.8887e-05 -0.018453 0.0909925 2.22795e-05 -0.000139756 6.23952e-06 2.22795e-05 0.010032 -0.0182268 2.8887e-05 -0.000139756 -0.0182268 0.0897258 
0.00998667 -0.0184484 1.48211e-05 -5.06316e-06 -0.0184484 0.0910901 -8.20217e-07 -5.83579e-05 1.48211e-05 -8.20217e-07 0.0100526 -0.0182738 -5.06316e-06 -5.83579e-05 -0.0182738 0.0898784 
0.00995685 -0.0184235 1.13946e-06 -1.94057e-05 -0.0184235 0.0910675 -9.33056e-06 -4.41954e-06 1.13946e-06 -9.33056e-06 0.0100834 -0.0183036 -1.94057e-05 -4.41954e-06 -0.0183036 0.0899966 
0.00993589 -0.018359 -1.35369e-05 -6.78839e-06 -0.018359 0.0908806 3.64865e-06 1.65075e-06 -1.35369e-05 3.64865e-06 0.0100937 -0.018331 -6.78839e-06 1.65075e-06 -0.018331 0.0900399 
0.00995033 -0.0183462 -2.73243e-05 8.09097e-06 -0.0183462 0.0908238 1.80986e-05 -1.94056e-05 -2.73243e-05 1.80986e-05 0.0100905 -0.0183618 8.09097e-06 -1.94056e-05 -0.0183618 0.0901683 
0.0099792 -0.0184059 -1.70807e-05 2.72143e-05 -0.0184059 0.091038 3.81e-05 -6.16977e-05 -1.70807e-05 3.81e-05 0.0101042 -0.0183967 2.72143e-05 -6.16977e-05 -0.0183967 0.0904072 
0.0100002 -0.0184721 4.11376e-06 1.65446e-05 -0.0184721 0.0913432 2.61666e-05 -6.46658e-05 4.11376e-06 2.61666e-05 0.0101322 -0.0184349 1.65446e-05 -6.46658e-05 -0.0184349 0.0906481 
0.00999494 -0.0184521 3.91756e-06 -6.60033e-06 -0.0184521 0.0912963 -7.55422e-07 -2.28136e-05 3.91756e-06 -7.55422e-07 0.0101226 -0.0184225 -6.60033e-06 -2.28136e-05 -0.0184225 0.0905864 
0.00998681 -0.0184261 2.79099e-06 -3.33032e-06 -0.0184261 0.0911788 -1.47522e-06 -5.6849e-06 2.79099e-06 -1.47522e-06 0.0101067 -0.0183994 -3.33032e-06 -5.6849e-06 -0.0183994 0.0904847 
0.009963 -0.0183915 4.09121e-06 -2.33287e-07 -0.0183915 0.0909776 -9.14889e-08 -7.97432e-06 4.09121e-06 -9.14889e-08 0.0100781 -0.0183428 -2.33287e-07 -7.97432e-06 -0.0183428 0.0902422 
0.00991558 -0.0183049 -7.97321e-06 -7.35301e-07 -0.0183049 0.0905602 -1.83915e-06 -8.83146e-06 -7.97321e-06 -1.83915e-06 0.0100247 -0.0182503 -7.35301e-07 -8.83146e-06 -0.0182503 0.0897924 
0.00987319 -0.0182349 -9.07979e-06 1.35234e-05 -0.0182349 0.0902301 9.87998e-06 -2.56916e-05 -9.07979e-06 9.87998e-06 0.00999178 -0.0181818 1.35234e-05 -2.56916e-05 -0.0181818 0.0894617 
0.0098986 -0.0182634 -2.48535e-05 1.56091e-05 -0.0182634 0.0903934 1.07119e-05 -3.82397e-05 -2.48535e-05 1.07119e-05 0.00998904 -0.0182227 1.56091e-05 -3.82397e-05 -0.0182227 0.0896468 
0.0098822 -0.0182424 -2.52361e-05 3.14801e-05 -0.0182424 0.0902631 2.87054e-05 -6.36309e-05 -2.52361e-05 2.87054e-05 0.00996604 -0.0181731 3.14801e-05 -6.36309e-05 -0.0181731 0.0894966 
0.00987421 -0.0182216 -1.59623e-05 2.97766e-05 -0.0182216 0.0901835 3.52049e-05 -8.32036e-05 -1.59623e-05 3.52049e-05 0.00996539 -0.0181532 2.97766e-05 -8.32036e-05 -0.0181532 0.0894112 
0.00987937 -0.0182139 1.20161e-05 1.75745e-05 -0.0182139 0.0901416 2.81085e-05 -7.62499e-05 1.20161e-05 2.81085e-05 0.00996428 -0.0181578 1.75745e-05 -7.62499e-05 -0.0181578 0.0893988 
0.00991702 -0.0182799 3.76525e-05 -1.48238e-05 -0.0182799 0.0904219 -7.27362e-06 -1.94698e-05 3.76525e-05 -7.27362e-06 0.0100022 -0.0182142 -1.48238e-05 -1.94698e-05 -0.0182142 0.0896777 
0.00993745 -0.0183243 4.29325e-05 -4.40227e-05 -0.0183243 0.0906104 -4.36303e-05 5.94339e-05 4.29325e-05 -4.36303e-05 0.0100395 -0.0182598 -4.40227e-05 5.94339e-05 -0.0182598 0.089869 
0.00997054 -0.0183973 5.11858e-05 -4.69064e-05 -0.0183973 0.0909661 -5.29037e-05 0.000100257 5.11858e-05 -5.29037e-05 0.0100753 -0.0183484 -4.69064e-05 0.000100257 -0.0183484 0.090242 
0.00998426 -0.018423 3.44273e-05 -5.50707e-05 -0.018423 0.0911196 -6.26428e-05 0.00012342 3.44273e-05 -6.26428e-05 0.0100829 -0.0183801 -5.50707e-05 0.00012342 -0.0183801 0.0904157 
0.0100003 -0.0184451 2.52026e-05 -2.92036e-05 -0.0184451 0.0912406 -3.97162e-05 9.13067e-05 2.52026e-05 -3.97162e-05 0.0100837 -0.0183912 -2.92036e-05 9.13067e-05 -0.0183912 0.0905187 
0.00998788 -0.0183845 1.72216e-05 -1.16065e-05 -0.0183845 0.0909285 -2.66375e-05 4.07717e-05 1.72216e-05 -2.66375e-05 0.0100319 -0.0183071 -1.16065e-05 4.07717e-05 -0.0183071 0.0901568 
0.00996451 -0.0183585 -3.5357e-07 -3.4503e-06 -0.0183585 0.0906985 -1.61919e-05 7.45689e-06 -3.5357e-07 -1.61919e-05 0.00999013 -0.01822 -3.4503e-06 7.45689e-06 -0.01822 0.0897922 
0.00993706 -0.0183476 -9.81875e-06 1.60441e-05 -0.0183476 0.0906247 1.16574e-05 -4.61812e-05 -9.81875e-06 1.16574e-05 0.0099839 -0.0181743 1.60441e-05 -4.61812e-05 -0.0181743 0.0895829 
0.00989657 -0.018331 -1.4697e-05 2.24418e-05 -0.018331 0.0906175 2.37723e-05 -8.20929e-05 -1.4697e-05 2.37723e-05 0.0100063 -0.0181814 2.24418e-05 -8.20929e-05 -0.0181814 0.0895529 
0.00989205 -0.0183217 -1.40339e-05 2.89359e-05 -0.0183217 0.0907438 2.98468e-05 -0.000103825 -1.40339e-05 2.98468e-05 0.0100407 -0.0182617 2.89359e-05 -0.000103825 -0.0182617 0.0898352 
0.0098721 -0.018252 -9.51024e-06 3.23746e-05 -0.018252 0.0904964 3.15811e-05 -0.000121241 -9.51024e-06 3.15811e-05 0.0100353 -0.01826 3.23746e-05 -0.000121241 -0.01826 0.0898014 
0.00984337 -0.0182016 -1.39422e-05 2.89017e-05 -0.0182016 0.0902442 2.50332e-05 -0.000120587 -1.39422e-05 2.50332e-05 0.010039 -0.0182437 2.89017e-05 -0.000120587 -0.0182437 0.0897105 
0.00984319 -0.018207 -2.36272e-05 3.52084e-05 -0.018207 0.0902834 2.70836e-05 -0.000125247 -2.36272e-05 2.70836e-05 0.0100532 -0.0182906 3.52084e-05 -0.000125247 -0.0182906 0.0898787 
0.00980042 -0.0181418 -2.23263e-05 4.5734e-05 -0.0181418 0.0899846 3.5516e-05 -0.000140065 -2.23263e-05 3.5516e-05 0.010025 -0.018246 4.5734e-05 -0.000140065 -0.018246 0.0896733 
0.00981177 -0.0180911 -2.71482e-06 4.40439e-05 -0.0180911 0.089782 3.56059e-05 -0.000145808 -2.71482e-06 3.56059e-05 0.00998052 -0.018217 4.40439e-05 -0.000145808 -0.018217 0.0895449 
0.00981949 -0.0180468 2.63878e-05 1.99423e-05 -0.0180468 0.0894248 1.39743e-05 -0.000111772 2.63878e-05 1.39743e-05 0.00989873 -0.0181054 1.99423e-05 -0.000111772 -0.0181054 0.0891185 
0.00984475 -0.0181068 2.12462e-05 -1.47703e-05 -0.0181068 0.0895186 -1.93408e-05 -4.45364e-05 2.12462e-05 -1.93408e-05 0.00986475 -0.0180465 -1.47703e-05 -4.45364e-05 -0.0180465 0.0889734 
0.00986909 -0.0182097 4.99624e-06 -1.02115e-05 -0.0182097 0.089948 -1.54175e-05 -1.80793e-05 4.99624e-06 -1.54175e-05 0.00990011 -0.0180643 -1.02115e-05 -1.80793e-05 -0.0180643 0.0891449 
0.00988951 -0.0182864 3.59388e-06 1.3454e-05 -0.0182864 0.0904069 6.18222e-06 -5.37194e-05 3.59388e-06 6.18222e-06 0.00995067 -0.0181472 1.3454e-05 -5.37194e-05 -0.0181472 0.0895003 
0.00988526 -0.018267 2.26803e-05 2.17111e-05 -0.018267 0.0904397 1.42568e-05 -9.46565e-05 2.26803e-05 1.42568e-05 0.00996264 -0.0181739 2.17111e-05 -9.46565e-05 -0.0181739 0.0895914 
0.00986766 -0.0182126 3.31476e-05 1.29398e-07 -0.0182126 0.0902183 -6.06856e-06 -8.16866e-05 3.31476e-05 -6.06856e-06 0.00995144 -0.0181515 1.29398e-07 -8.16866e-05 -0.0181515 0.0894704 
0.00987719 -0.0181865 3.62863e-05 -1.40109e-05 -0.0181865 0.090079 -1.89815e-05 -4.89576e-05 3.62863e-05 -1.89815e-05 0.00993108 -0.018144 -1.40109e-05 -4.89576e-05 -0.018144 0.0894146 
0.00988502 -0.0181998 2.33752e-05 -2.17122e-05 -0.0181998 0.0900422 -2.39894e-05 -2.53695e-05 2.33752e-05 -2.39894e-05 0.00991979 -0.0181166 -2.17122e-05 -2.53695e-05 -0.0181166 0.0893423 
0.00988033 -0.0181883 -2.80415e-06 -7.29062e-06 -0.0181883 0.0899273 -9.03834e-06 -3.79041e-05 -2.80415e-06 -9.03834e-06 0.00991054 -0.0180726 -7.29062e-06 -3.79041e-05 -0.0180726 0.0891407 
0.00989238 -0.018194 -2.61135e-05 2.61063e-05 -0.018194 0.0899054 2.4216e-05 -0.000100326 -2.61135e-05 2.4216e-05 0.00989328 -0.0180641 2.61063e-05 -0.000100326 -0.0180641 0.0890503 
0.0099169 -0.0182725 -1.86487e-05 5.73289e-05 -0.0182725 0.0902174 5.43692e-05 -0.000181126 -1.86487e-05 5.43692e-05 0.00991051 -0.018102 5.73289e-05 -0.000181126 -0.018102 0.0892674 
0.00994658 -0.0183154 1.30821e-06 5.10506e-05 -0.0183154 0.0904586 4.89424e-05 -0.00021027 1.30821e-06 4.89424e-05 0.00990367 -0.0181275 5.10506e-05 -0.00021027 -0.0181275 0.0894253 
0.00990189 -0.0182754 3.04595e-05 2.31648e-05 -0.0182754 0.0902486 2.40039e-05 -0.000171598 3.04595e-05 2.40039e-05 0.00987932 -0.0180448 2.31648e-05 -0.000171598 -0.0180448 0.0891217 
0.00986419 -0.0182247 3.18132e-05 -1.78526e-05 -0.0182247 0.0900965 -1.76782e-05 -8.03012e-05 3.18132e-05 -1.76782e-05 0.00988414 -0.0180229 -1.78526e-05 -8.03012e-05 -0.0180229 0.0889766 
0.00984916 -0.0181523 1.38316e-05 -1.76532e-05 -0.0181523 0.0898413 -1.96738e-05 -3.92705e-05 1.38316e-05 -1.96738e-05 0.00986616 -0.0180198 -1.76532e-05 -3.92705e-05 -0.0180198 0.0888669 
0.00985838 -0.0181529 6.1452e-06 1.05703e-05 -0.0181529 0.0898046 6.18026e-06 -7.86267e-05 6.1452e-06 6.18026e-06 0.00986303 -0.018031 1.05703e-05 -7.86267e-05 -0.018031 0.0889381 
0.00985057 -0.0181327 1.74878e-05 2.46526e-05 -0.0181327 0.0896565 1.89241e-05 -0.000128691 1.74878e-05 1.89241e-05 0.00985151 -0.0179964 2.46526e-05 -0.000128691 -0.0179964 0.0888051 
0.00981749 -0.0180898 2.46698e-05 1.0006e-05 -0.0180898 0.0894086 3.75274e-06 -0.000123315 2.46698e-05 3.75274e-06 0.00985145 -0.0179483 1.0006e-05 -0.000123315 -0.0179483 0.0885504 
0.00983817 -0.0181093 3.52927e-05 -1.9377e-06 -0.0181093 0.0895218 -4.60599e-06 -9.7619e-05 3.52927e-05 -4.60599e-06 0.00986777 -0.0180082 -1.9377e-06 -9.7619e-05 -0.0180082 0.0887253 
0.00988115 -0.018229 1.48024e-05 -1.69013e-05 -0.018229 0.0900688 -1.7351e-05 -6.59059e-05 1.48024e-05 -1.7351e-05 0.00993409 -0.0181241 -1.69013e-05 -6.59059e-05 -0.0181241 0.0893034 
0.00989642 -0.0182443 -5.5932e-06 8.45474e-06 -0.0182443 0.0902033 5.51611e-06 -8.60266e-05 -5.5932e-06 5.51611e-06 0.00993172 -0.0181529 8.45474e-06 -8.60266e-05 -0.0181529 0.089444 
0.00988902 -0.0181993 -1.0885e-05 3.66175e-05 -0.0181993 0.0899828 3.37716e-05 -0.000149135 -1.0885e-05 3.37716e-05 0.00988753 -0.0180878 3.66175e-05 -0.000149135 -0.0180878 0.089199 
0.00989247 -0.0182484 1.52835e-06 4.31357e-05 -0.0182484 0.0901559 4.41782e-05 -0.000193175 1.52835e-06 4.41782e-05 0.00990812 -0.018087 4.31357e-05 -0.000193175 -0.018087 0.0892704 
0.00989427 -0.0182195 1.46404e-05 2.41583e-05 -0.0182195 0.0900832 2.81955e-05 -0.000177506 1.46404e-05 2.81955e-05 0.00988973 -0.0180782 2.41583e-05 -0.000177506 -0.0180782 0.0891772 
0.00988302 -0.0181872 -1.03694e-05 4.69393e-06 -0.0181872 0.0898896 8.74709e-06 -0.000132409 -1.03694e-05 8.74709e-06 0.00986335 -0.0180302 4.69393e-06 -0.000132409 -0.0180302 0.0889757 
0.00986187 -0.0181349 -2.69859e-05 3.09206e-05 -0.0181349 0.0895885 3.57388e-05 -0.000147267 -2.69859e-05 3.57388e-05 0.00982375 -0.0179582 3.09206e-05 -0.000147267 -0.0179582 0.0886352 
0.00986999 -0.0181647 -1.88122e-05 5.35977e-05 -0.0181647 0.0896694 5.82354e-05 -0.000198757 -1.88122e-05 5.82354e-05 0.00982491 -0.0179527 5.35977e-05 -0.000198757 -0.0179527 0.0886261 
0.00987526 -0.0181964 3.79641e-06 4.40034e-05 -0.0181964 0.0898182 4.41208e-05 -0.000199652 3.79641e-06 4.41208e-05 0.00984967 -0.0179719 4.40034e-05 -0.000199652 -0.0179719 0.0887106 
0.00987056 -0.0181946 1.30312e-05 1.51697e-05 -0.0181946 0.0898519 1.22032e-05 -0.000142752 1.30312e-05 1.22032e-05 0.009872 -0.0179955 1.51697e-05 -0.000142752 -0.0179955 0.0887609 
0.00988043 -0.0182414 2.90862e-06 -5.29939e-07 -0.0182414 0.090118 -9.49326e-07 -8.71809e-05 2.90862e-06 -9.49326e-07 0.00992619 -0.01808 -5.29939e-07 -8.71809e-05 -0.01808 0.0891024 
0.00987643 -0.0182484 -1.1214e-05 9.93159e-06 -0.0182484 0.0902329 1.66794e-05 -8.93213e-05 -1.1214e-05 1.66794e-05 0.00996437 -0.0181433 9.93159e-06 -8.93213e-05 -0.0181433 0.0893423 
0.00985941 -0.0182232 -4.09745e-07 2.75844e-05 -0.0182232 0.0901818 4.10949e-05 -0.000132941 -4.09745e-07 4.10949e-05 0.00998435 -0.0181721 2.75844e-05 -0.000132941 -0.0181721 0.0894332 
0.00985412 -0.0182125 6.82247e-06 1.72762e-05 -0.0182125 0.0901846 3.28712e-05 -0.000145125 6.82247e-06 3.28712e-05 0.00999478 -0.0182082 1.72762e-05 -0.000145125 -0.0182082 0.089569 
0.00984371 -0.0181957 9.79558e-06 9.98524e-06 -0.0181957 0.0901326 2.04626e-05 -0.000128393 9.79558e-06 2.04626e-05 0.0099904 -0.018211 9.98524e-06 -0.000128393 -0.018211 0.0895999 
0.00983095 -0.0181654 1.7178e-06 5.94035e-06 -0.0181654 0.0900146 1.1132e-05 -0.000105219 1.7178e-06 1.1132e-05 0.00997789 -0.0181906 5.94035e-06 -0.000105219 -0.0181906 0.0895296 
0.00979409 -0.018075 -1.52787e-05 1.41366e-05 -0.018075 0.089571 1.61124e-05 -0.000101421 -1.52787e-05 1.61124e-05 0.00993368 -0.0180981 1.41366e-05 -0.000101421 -0.0180981 0.0890989 
0.00980009 -0.0181032 -2.78591e-05 3.43277e-05 -0.0181032 0.0896676 3.67863e-05 -0.000133213 -2.78591e-05 3.67863e-05 0.00994809 -0.0181202 3.43277e-05 -0.000133213 -0.0181202 0.0891898 
0.00985062 -0.0181845 -2.81366e-05 4.8226e-05 -0.0181845 0.0900869 5.73676e-05 -0.000177094 -2.81366e-05 5.73676e-05 0.00997467 -0.01821 4.8226e-05 -0.000177094 -0.01821 0.0896146 
0.00987964 -0.0182336 -1.79694e-05 4.58062e-05 -0.0182336 0.0903 5.782e-05 -0.000190067 -1.79694e-05 5.782e-05 0.00998586 -0.018221 4.58062e-05 -0.000190067 -0.018221 0.0897647 
0.00986711 -0.0182215 -6.44865e-06 3.24923e-05 -0.0182215 0.0902227 4.1286e-05 -0.00016514 -6.44865e-06 4.1286e-05 0.00998563 -0.0181849 3.24923e-05 -0.00016514 -0.0181849 0.0896124 
0.00985495 -0.0181869 -9.82167e-07 2.17924e-05 -0.0181869 0.090068 2.42238e-05 -0.000129328 -9.82167e-07 2.42238e-05 0.00997539 -0.018165 2.17924e-05 -0.000129328 -0.018165 0.0894487 
0.00985249 -0.0181466 5.53524e-06 1.54025e-05 -0.0181466 0.0898486 1.29263e-05 -9.82078e-05 5.53524e-06 1.29263e-05 0.00994404 -0.0181319 1.54025e-05 -9.82078e-05 -0.0181319 0.0892498 
0.00988237 -0.0181944 1.10592e-05 7.90945e-06 -0.0181944 0.0899859 4.98717e-07 -6.82947e-05 1.10592e-05 4.98717e-07 0.00993506 -0.0181423 7.90945e-06 -6.82947e-05 -0.0181423 0.0893353 
0.00988883 -0.0182353 1.88455e-05 -2.03672e-06 -0.0182353 0.090123 -1.21271e-05 -3.24766e-05 1.88455e-05 -1.21271e-05 0.00994585 -0.0181334 -2.03672e-06 -3.24766e-05 -0.0181334 0.0893615 
0.0099094 -0.0182836 9.60613e-06 -1.63081e-05 -0.0182836 0.0903897 -1.9406e-05 7.05176e-07 9.60613e-06 -1.9406e-05 0.00997763 -0.018183 -1.63081e-05 7.05176e-07 -0.018183 0.0895751 
0.00994178 -0.018321 6.37194e-06 -1.16897e-05 -0.018321 0.0906062 -6.37154e-06 5.1446e-06 6.37194e-06 -6.37154e-06 0.00999648 -0.0182354 -1.16897e-05 5.1446e-06 -0.0182354 0.0898046 
0.00997964 -0.0183534 1.65164e-05 -8.63034e-06 -0.0183534 0.0907313 -4.37123e-07 -3.73537e-06 1.65164e-05 -4.37123e-07 0.00998137 -0.01825 -8.63034e-06 -3.73537e-06 -0.01825 0.089908 
0.00998034 -0.0183884 2.2211e-05 -1.44235e-05 -0.0183884 0.0907999 -1.00634e-05 -9.27412e-07 2.2211e-05 -1.00634e-05 0.00996605 -0.0182126 -1.44235e-05 -9.27412e-07 -0.0182126 0.0898393 
0.00994298 -0.0183545 2.20629e-05 -2.06436e-05 -0.0183545 0.0906587 -2.01275e-05 1.78712e-05 2.20629e-05 -2.01275e-05 0.00993854 -0.0181511 -2.06436e-05 1.78712e-05 -0.0181511 0.0895764 
0.00991165 -0.0183104 2.23594e-05 -1.88226e-05 -0.0183104 0.090528 -2.09341e-05 2.32124e-05 2.23594e-05 -2.09341e-05 0.00992626 -0.0181174 -1.88226e-05 2.32124e-05 -0.0181174 0.0894141 
0.00987687 -0.0182441 3.72693e-05 -1.81305e-05 -0.0182441 0.090274 -2.04131e-05 2.22107e-05 3.72693e-05 -2.04131e-05 0.00991673 -0.0180771 -1.81305e-05 2.22107e-05 -0.0180771 0.0891989 
0.00983563 -0.0181714 3.56656e-05 -3.60347e-05 -0.0181714 0.0899528 -3.50881e-05 4.39492e-05 3.56656e-05 -3.50881e-05 0.00990061 -0.0180422 -3.60347e-05 4.39492e-05 -0.0180422 0.0889669 
0.00981846 -0.0181194 8.33112e-06 -3.21913e-05 -0.0181194 0.0897407 -3.21563e-05 4.91166e-05 8.33112e-06 -3.21563e-05 0.00987481 -0.0180357 -3.21913e-05 4.91166e-05 -0.0180357 0.0888831 
0.00974117 -0.0180218 -8.39237e-06 5.17465e-06 -0.0180218 0.0892435 2.82091e-06 -1.06463e-05 -8.39237e-06 2.82091e-06 0.00986078 -0.0179389 5.17465e-06 -1.06463e-05 -0.0179389 0.0884616 
0.0096779 -0.0178858 -6.86062e-06 3.08494e-05 -0.0178858 0.0886651 2.76629e-05 -8.85866e-05 -6.86062e-06 2.76629e-05 0.00981898 -0.0178784 3.08494e-05 -8.85866e-05 -0.0178784 0.0880233 
0.00965242 -0.0178458 -1.55756e-07 2.89784e-05 -0.0178458 0.0884716 2.80757e-05 -0.000121254 -1.55756e-07 2.80757e-05 0.00981472 -0.0178806 2.89784e-05 -0.000121254 -0.0178806 0.0879898 
0.00961097 -0.0177943 6.58415e-06 1.5123e-05 -0.0177943 0.0882355 1.32259e-05 -9.87711e-05 6.58415e-06 1.32259e-05 0.00980031 -0.0178569 1.5123e-05 -9.87711e-05 -0.0178569 0.0878611 
0.00959315 -0.0177354 1.93242e-05 4.17393e-06 -0.0177354 0.0880075 6.90796e-07 -6.35522e-05 1.93242e-05 6.90796e-07 0.00977289 -0.0178328 4.17393e-06 -6.35522e-05 -0.0178328 0.0877349 
0.00959112 -0.0176936 1.19261e-05 -6.12413e-06 -0.0176936 0.0877825 -9.76656e-06 -3.90142e-05 1.19261e-05 -9.76656e-06 0.00974523 -0.017791 -6.12413e-06 -3.90142e-05 -0.017791 0.0875704 
0.00965492 -0.0177636 1.20361e-06 4.44156e-06 -0.0177636 0.0880356 -8.75995e-07 -4.64401e-05 1.20361e-06 -8.75995e-07 0.00973813 -0.017832 4.44156e-06 -4.64401e-05 -0.017832 0.0878026 
0.00971474 -0.0178911 7.3572e-06 2.18637e-05 -0.0178911 0.0885071 1.43341e-05 -8.40597e-05 7.3572e-06 1.43341e-05 0.00976374 -0.017866 2.18637e-05 -8.40597e-05 -0.017866 0.0881086 
0.00972756 -0.0179262 -9.14301e-06 1.70046e-05 -0.0179262 0.0886444 8.08142e-06 -9.63647e-05 -9.14301e-06 8.08142e-06 0.00976514 -0.0178531 1.70046e-05 -9.63647e-05 -0.0178531 0.0880804 
0.00977661 -0.0179878 -1.67816e-05 3.50521e-05 -0.0179878 0.088949 2.78855e-05 -0.000125449 -1.67816e-05 2.78855e-05 0.00977275 -0.0179009 3.50521e-05 -0.000125449 -0.0179009 0.088303 
0.0097903 -0.0180523 -1.53443e-05 4.24981e-05 -0.0180523 0.0891974 3.87803e-05 -0.000156279 -1.53443e-05 3.87803e-05 0.00979368 -0.0179138 4.24981e-05 -0.000156279 -0.0179138 0.0884453 
0.00978548 -0.0180364 -3.78919e-07 4.03611e-05 -0.0180364 0.0891688 3.84075e-05 -0.000166251 -3.78919e-07 3.84075e-05 0.0097875 -0.0178977 4.03611e-05 -0.000166251 -0.0178977 0.0883567 
0.00978557 -0.0180312 1.0884e-05 2.14196e-05 -0.0180312 0.0891404 1.82024e-05 -0.000136647 1.0884e-05 1.82024e-05 0.00978287 -0.0178865 2.14196e-05 -0.000136647 -0.0178865 0.0882959 
0.00979322 -0.0180422 1.3236e-05 8.86859e-06 -0.0180422 0.0891748 7.62272e-07 -9.69587e-05 1.3236e-05 7.62272e-07 0.00978148 -0.0178826 8.86859e-06 -9.69587e-05 -0.0178826 0.0882812 
0.00981004 -0.0181167 1.61094e-05 5.71315e-06 -0.0181167 0.0895275 -5.44439e-06 -7.18082e-05 1.61094e-05 -5.44439e-06 0.00983474 -0.0179455 5.71315e-06 -7.18082e-05 -0.0179455 0.0885899 
0.00984572 -0.018147 1.50162e-05 4.16866e-06 -0.018147 0.0897713 -6.19854e-06 -6.5003e-05 1.50162e-05 -6.19854e-06 0.0098617 -0.0180208 4.16866e-06 -6.5003e-05 -0.0180208 0.0888821 
0.00988062 -0.0182286 1.41537e-05 7.1649e-06 -0.0182286 0.0901388 2.18843e-06 -7.87087e-05 1.41537e-05 2.18843e-06 0.00990804 -0.0180941 7.1649e-06 -7.87087e-05 -0.0180941 0.0892688 
0.0098884 -0.0182687 2.3544e-05 9.84766e-06 -0.0182687 0.0903619 1.00746e-05 -0.000100237 2.3544e-05 1.00746e-05 0.00994524 -0.0181412 9.84766e-06 -0.000100237 -0.0181412 0.0894938 
0.00986226 -0.0182063 2.35544e-05 -2.40839e-06 -0.0182063 0.0901283 -8.91589e-08 -9.40286e-05 2.35544e-05 -8.91589e-08 0.00992849 -0.018115 -2.40839e-06 -9.40286e-05 -0.018115 0.0893168 
0.00982908 -0.018129 1.2285e-05 -4.17232e-06 -0.018129 0.0897539 -2.01966e-08 -8.57963e-05 1.2285e-05 -2.01966e-08 0.00989124 -0.0180525 -4.17232e-06 -8.57963e-05 -0.0180525 0.088998 
0.00983334 -0.0181005 -1.25232e-05 1.28032e-05 -0.0181005 0.0895794 1.72328e-05 -0.00011484 -1.25232e-05 1.72328e-05 0.00987136 -0.0180179 1.28032e-05 -0.00011484 -0.0180179 0.0888323 
0.00985646 -0.0181343 -2.34985e-05 4.42906e-05 -0.0181343 0.0896426 4.40681e-05 -0.000175175 -2.34985e-05 4.40681e-05 0.00986333 -0.0180168 4.42906e-05 -0.000175175 -0.0180168 0.0888324 
0.00985817 -0.0181336 -1.75391e-05 6.1596e-05 -0.0181336 0.0895642 5.65929e-05 -0.00022839 -1.75391e-05 5.65929e-05 0.00983386 -0.0179737 6.1596e-05 -0.00022839 -0.0179737 0.0886529 
0.00988462 -0.0181846 -7.44312e-06 5.4545e-05 -0.0181846 0.0897703 5.08582e-05 -0.00023969 -7.44312e-06 5.08582e-05 0.00982728 -0.0179896 5.4545e-05 -0.00023969 -0.0179896 0.0887641 
0.00987314 -0.0182083 -4.974e-06 3.73405e-05 -0.0182083 0.0898716 3.99158e-05 -0.000214553 -4.974e-06 3.99158e-05 0.00983997 -0.0179787 3.73405e-05 -0.000214553 -0.0179787 0.088781 
0.00984438 -0.0181915 -4.67981e-06 3.19744e-05 -0.0181915 0.0898861 3.90794e-05 -0.00019702 -4.67981e-06 3.90794e-05 0.00986954 -0.0179956 3.19744e-05 -0.00019702 -0.0179956 0.0888215 
0.00982878 -0.0181772 -3.68369e-06 2.84783e-05 -0.0181772 0.0899474 3.55291e-05 -0.000182582 -3.68369e-06 3.55291e-05 0.00991973 -0.0180609 2.84783e-05 -0.000182582 -0.0180609 0.0890408 
0.00979718 -0.0180868 1.17785e-05 2.33242e-05 -0.0180868 0.0896004 2.94033e-05 -0.000163786 1.17785e-05 2.94033e-05 0.00990178 -0.0180567 2.33242e-05 -0.000163786 -0.0180567 0.0889117 
0.00981895 -0.0180768 1.75131e-05 2.95909e-06 -0.0180768 0.0895247 1.00286e-05 -0.000121188 1.75131e-05 1.00286e-05 0.00987888 -0.0180598 2.95909e-06 -0.000121188 -0.0180598 0.0889442 
0.00981888 -0.0181152 2.63227e-05 -1.06229e-05 -0.0181152 0.0895855 -8.47364e-08 -7.40009e-05 2.63227e-05 -8.47364e-08 0.00988044 -0.0180305 -1.06229e-05 -7.40009e-05 -0.0180305 0.0889129 
0.00981598 -0.0181687 1.12487e-05 -2.09825e-05 -0.0181687 0.0898822 -1.11621e-05 -4.0179e-05 1.12487e-05 -1.11621e-05 0.00992721 -0.0180813 -2.09825e-05 -4.0179e-05 -0.0180813 0.0891377 
0.00984424 -0.0181836 1.01871e-05 -2.39505e-06 -0.0181836 0.090107 6.51946e-06 -5.27576e-05 1.01871e-05 6.51946e-06 0.00994973 -0.0181641 -2.39505e-06 -5.27576e-05 -0.0181641 0.0894546 
0.00987468 -0.0182091 9.36925e-06 4.99523e-06 -0.0182091 0.0902313 1.42885e-05 -8.27692e-05 9.36925e-06 1.42885e-05 0.00995164 -0.0181961 4.99523e-06 -8.27692e-05 -0.0181961 0.0896617 
0.00989942 -0.0182361 1.23721e-05 8.31914e-06 -0.0182361 0.0903028 1.58709e-05 -9.97118e-05 1.23721e-05 1.58709e-05 0.00994209 -0.0181839 8.31914e-06 -9.97118e-05 -0.0181839 0.0896949 
0.00990036 -0.0182327 -9.00426e-06 4.54074e-06 -0.0182327 0.0902228 9.50875e-06 -9.52042e-05 -9.00426e-06 9.50875e-06 0.00993113 -0.018135 4.54074e-06 -9.52042e-05 -0.018135 0.089513 
0.00988628 -0.0181803 -2.23716e-05 2.75068e-05 -0.0181803 0.0899154 3.20896e-05 -0.000121129 -2.23716e-05 3.20896e-05 0.0098983 -0.018061 2.75068e-05 -0.000121129 -0.018061 0.089119 
0.00990726 -0.0182107 -8.35512e-06 3.98187e-05 -0.0182107 0.0899705 4.72724e-05 -0.000155517 -8.35512e-06 4.72724e-05 0.00988338 -0.0180638 3.98187e-05 -0.000155517 -0.0180638 0.0890926 
0.00993928 -0.0182703 5.26942e-07 2.14665e-05 -0.0182703 0.0901915 2.72407e-05 -0.000135368 5.26942e-07 2.72407e-05 0.00988086 -0.018077 2.14665e-05 -0.000135368 -0.018077 0.0892019 
0.00992491 -0.0182923 1.31171e-05 8.99394e-06 -0.0182923 0.0902553 1.03013e-05 -9.13794e-05 1.31171e-05 1.03013e-05 0.00989261 -0.0180503 8.99394e-06 -9.13794e-05 -0.0180503 0.0891328 
0.00990276 -0.0182737 1.52394e-05 -7.69903e-06 -0.0182737 0.0902282 -1.04687e-05 -3.98752e-05 1.52394e-05 -1.04687e-05 0.00989642 -0.0180477 -7.69903e-06 -3.98752e-05 -0.0180477 0.089055 
0.00988312 -0.0182424 -2.38603e-06 -1.10692e-05 -0.0182424 0.0901406 -1.43889e-05 -9.90839e-06 -2.38603e-06 -1.43889e-05 0.00990488 -0.0180453 -1.10692e-05 -9.90839e-06 -0.0180453 0.0889991 
0.00983436 -0.0181784 -1.77639e-05 9.86336e-06 -0.0181784 0.0898701 1.04071e-05 -3.56623e-05 -1.77639e-05 1.04071e-05 0.00991125 -0.0180194 9.86336e-06 -3.56623e-05 -0.0180194 0.0888073 
0.0097849 -0.0180749 -2.39058e-05 2.67155e-05 -0.0180749 0.0894506 3.04135e-05 -7.97256e-05 -2.39058e-05 3.04135e-05 0.00988835 -0.0179947 2.67155e-05 -7.97256e-05 -0.0179947 0.0885542 
0.00978651 -0.0180772 -6.24214e-06 3.29734e-05 -0.0180772 0.0894834 3.52877e-05 -0.00010348 -6.24214e-06 3.52877e-05 0.00989019 -0.0180404 3.29734e-05 -0.00010348 -0.0180404 0.0887429 
0.00981034 -0.0181088 -3.89136e-06 1.54895e-05 -0.0181088 0.0896561 1.52068e-05 -8.52928e-05 -3.89136e-06 1.52068e-05 0.00989625 -0.0180784 1.54895e-05 -8.52928e-05 -0.0180784 0.0889951 
0.00984985 -0.0181655 1.49219e-05 8.47093e-06 -0.0181655 0.0899232 9.96694e-06 -5.75367e-05 1.49219e-05 9.96694e-06 0.009907 -0.0181139 8.47093e-06 -5.75367e-05 -0.0181139 0.0892577 
0.00986782 -0.0182164 2.9694e-05 -1.56485e-05 -0.0182164 0.0901385 -9.91979e-06 -1.49074e-05 2.9694e-05 -9.91979e-06 0.00991845 -0.0181264 -1.56485e-05 -1.49074e-05 -0.0181264 0.0894 
0.00982563 -0.0181724 3.04896e-05 -3.45636e-05 -0.0181724 0.0899437 -2.81638e-05 3.53422e-05 3.04896e-05 -2.81638e-05 0.0099126 -0.0180678 -3.45636e-05 3.53422e-05 -0.0180678 0.0891424 
0.00979931 -0.0181031 2.47483e-05 -3.22592e-05 -0.0181031 0.0896901 -3.25475e-05 5.706e-05 2.47483e-05 -3.25475e-05 0.00989695 -0.0180439 -3.22592e-05 5.706e-05 -0.0180439 0.0889397 
0.00976276 -0.0180539 2.53214e-05 -1.8865e-05 -0.0180539 0.089446 -2.7927e-05 4.5961e-05 2.53214e-05 -2.7927e-05 0.00989377 -0.0180151 -1.8865e-05 4.5961e-05 -0.0180151 0.088771 
0.00975894 -0.0180233 2.10024e-05 -1.43595e-05 -0.0180233 0.0893418 -2.5851e-05 2.8126e-05 2.10024e-05 -2.5851e-05 0.00989013 -0.0180288 -1.43595e-05 2.8126e-05 -0.0180288 0.0887666 
0.00976859 -0.0180137 5.49258e-06 -7.68544e-06 -0.0180137 0.0892614 -1.80938e-05 8.00414e-06 5.49258e-06 -1.80938e-05 0.00987529 -0.018022 -7.68544e-06 8.00414e-06 -0.018022 0.0887417 
0.00976975 -0.018055 -6.11369e-06 1.16491e-05 -0.018055 0.0893928 2.79639e-06 -3.44825e-05 -6.11369e-06 2.79639e-06 0.0098912 -0.0180328 1.16491e-05 -3.44825e-05 -0.0180328 0.0888395 
