0.00663305 0 -6.79141e-05 0 0 0.00937323 0 0 -6.79141e-05 0 0.00660436 0 0 0 0 0.00937323 
0.0097248 -0.0120701 -6.98782e-05 8.32779e-05 -0.0120701 0.0320434 8.32779e-05 -0.000159432 -6.98782e-05 8.32779e-05 0.00968659 -0.0120239 8.32779e-05 -0.000159432 -0.0120239 0.0319542 
0.00914776 -0.0170991 -2.68505e-05 -1.08016e-06 -0.0170991 0.0630236 -1.08016e-06 3.13972e-05 -2.68505e-05 -1.08016e-06 0.00917666 -0.0170512 -1.08016e-06 3.13972e-05 -0.0170512 0.0628757 
0.00863009 -0.0167025 -1.32762e-05 -0.000137231 -0.0167025 0.0750157 -0.000135036 0.000753407 -1.32762e-05 -0.000135036 0.00867303 -0.0167652 -0.000137231 0.000753407 -0.0167652 0.0751258 
0.00912827 -0.017036 -2.62312e-05 -0.000142979 -0.017036 0.0823271 -0.00013777 0.0010981 -2.62312e-05 -0.00013777 0.00910298 -0.0171234 -0.000142979 0.0010981 -0.0171234 0.0826184 
0.00889972 -0.0163172 -3.43455e-05 -7.6964e-05 -0.0163172 0.0801198 -6.93703e-05 0.000848414 -3.43455e-05 -6.93703e-05 0.00882894 -0.0163105 -7.6964e-05 0.000848414 -0.0163105 0.0802875 
0.00936245 -0.0171375 -5.33762e-05 -4.17176e-05 -0.0171375 0.0843103 -3.37662e-05 0.000605995 -5.33762e-05 -3.37662e-05 0.00930066 -0.0170524 -4.17176e-05 0.000605995 -0.0170524 0.0842577 
0.00907728 -0.0166594 -5.52459e-05 -1.29855e-05 -0.0166594 0.0820804 -8.75098e-06 0.000405459 -5.52459e-05 -8.75098e-06 0.00908161 -0.0165846 -1.29855e-05 0.000405459 -0.0165846 0.0819343 
0.00955172 -0.0175234 -3.78486e-05 -1.23486e-05 -0.0175234 0.0865267 -1.15286e-05 0.000352514 -3.78486e-05 -1.15286e-05 0.00960461 -0.0175411 -1.23486e-05 0.000352514 -0.0175411 0.0865131 
0.00940483 -0.0172687 -2.43757e-05 -3.97479e-05 -0.0172687 0.0853411 -4.10673e-05 0.000373757 -2.43757e-05 -4.10673e-05 0.00951035 -0.0173655 -3.97479e-05 0.000373757 -0.0173655 0.0855555 
0.00931114 -0.0171065 -2.18799e-05 -6.29093e-05 -0.0171065 0.0845986 -6.41525e-05 0.000436377 -2.18799e-05 -6.41525e-05 0.0094534 -0.0172717 -6.29093e-05 0.000436377 -0.0172717 0.085019 
0.00927978 -0.0170159 -2.55527e-05 -6.70426e-05 -0.0170159 0.0841963 -6.86058e-05 0.00047377 -2.55527e-05 -6.86058e-05 0.00940751 -0.0172298 -6.70426e-05 0.00047377 -0.0172298 0.0847824 
0.00929301 -0.0170336 -2.62672e-05 -5.83059e-05 -0.0170336 0.0842231 -5.99517e-05 0.000468314 -2.62672e-05 -5.99517e-05 0.00939538 -0.0172235 -5.83059e-05 0.000468314 -0.0172235 0.0848267 
0.00930072 -0.0170293 -2.76219e-05 -5.57075e-05 -0.0170293 0.0841531 -5.62259e-05 0.000452833 -2.76219e-05 -5.62259e-05 0.00937232 -0.0171769 -5.57075e-05 0.000452833 -0.0171769 0.0846678 
0.00934267 -0.0171039 -3.0067e-05 -5.52391e-05 -0.0171039 0.0844523 -5.2454e-05 0.000443183 -3.0067e-05 -5.2454e-05 0.00938316 -0.0172104 -5.52391e-05 0.000443183 -0.0172104 0.0848567 
0.00936783 -0.0171239 -2.40326e-05 -5.25108e-05 -0.0171239 0.0845051 -4.64159e-05 0.000429611 -2.40326e-05 -4.64159e-05 0.00936411 -0.0171892 -5.25108e-05 0.000429611 -0.0171892 0.0847962 
0.00935353 -0.0171326 -2.48178e-05 -5.9923e-05 -0.0171326 0.0844585 -5.18331e-05 0.000431871 -2.48178e-05 -5.18331e-05 0.0093694 -0.0171388 -5.9923e-05 0.000431871 -0.0171388 0.0846052 
0.00938318 -0.017169 -2.63591e-05 -5.8997e-05 -0.017169 0.0846752 -4.90085e-05 0.000431134 -2.63591e-05 -4.90085e-05 0.00938398 -0.017204 -5.8997e-05 0.000431134 -0.017204 0.0848112 
0.00941114 -0.0171707 -4.11863e-05 -5.6309e-05 -0.0171707 0.084665 -4.44645e-05 0.000420159 -4.11863e-05 -4.44645e-05 0.00935101 -0.0172046 -5.6309e-05 0.000420159 -0.0172046 0.0848372 
0.00941722 -0.0172023 -4.84769e-05 -3.95639e-05 -0.0172023 0.0847 -2.58603e-05 0.000389039 -4.84769e-05 -2.58603e-05 0.00933258 -0.0171639 -3.95639e-05 0.000389039 -0.0171639 0.0847801 
0.00940682 -0.0172037 -5.18364e-05 -2.81346e-05 -0.0172037 0.0846874 -1.83975e-05 0.000357586 -5.18364e-05 -1.83975e-05 0.00933698 -0.0171248 -2.81346e-05 0.000357586 -0.0171248 0.0846424 
0.00937091 -0.0171358 -4.60494e-05 -2.17232e-05 -0.0171358 0.0843827 -2.02819e-05 0.00034325 -4.60494e-05 -2.02819e-05 0.00931554 -0.0170718 -2.17232e-05 0.00034325 -0.0170718 0.0843102 
0.00935858 -0.0171036 -3.81365e-05 -2.69309e-05 -0.0171036 0.0842323 -3.26127e-05 0.000355688 -3.81365e-05 -3.26127e-05 0.00930629 -0.0170665 -2.69309e-05 0.000355688 -0.0170665 0.0842127 
0.00934119 -0.0170995 -3.84064e-05 -3.66044e-05 -0.0170995 0.0841975 -4.59917e-05 0.000383788 -3.84064e-05 -4.59917e-05 0.00931562 -0.0170741 -3.66044e-05 0.000383788 -0.0170741 0.084231 
0.00935835 -0.0171101 -4.66428e-05 -3.99002e-05 -0.0171101 0.0843059 -4.9744e-05 0.000408405 -4.66428e-05 -4.9744e-05 0.00932905 -0.01712 -3.99002e-05 0.000408405 -0.01712 0.084415 
0.00938082 -0.0171752 -4.9404e-05 -3.30362e-05 -0.0171752 0.0845972 -3.84144e-05 0.000404911 -4.9404e-05 -3.84144e-05 0.00936479 -0.0171777 -3.30362e-05 0.000404911 -0.0171777 0.0847307 
0.00939042 -0.0171937 -4.63677e-05 -3.07421e-05 -0.0171937 0.0847333 -2.8079e-05 0.000386794 -4.63677e-05 -2.8079e-05 0.00939231 -0.0172103 -3.07421e-05 0.000386794 -0.0172103 0.084885 
0.00940046 -0.0172141 -3.56221e-05 -3.8511e-05 -0.0172141 0.0848627 -3.28315e-05 0.000393322 -3.56221e-05 -3.28315e-05 0.00942143 -0.0172567 -3.8511e-05 0.000393322 -0.0172567 0.0850699 
0.0094058 -0.0171955 -2.92152e-05 -5.05567e-05 -0.0171955 0.0847826 -4.97022e-05 0.000421328 -2.92152e-05 -4.97022e-05 0.00941481 -0.0172545 -5.05567e-05 0.000421328 -0.0172545 0.0850324 
0.00943379 -0.0172627 -3.59705e-05 -5.72172e-05 -0.0172627 0.0850488 -6.62004e-05 0.000459518 -3.59705e-05 -6.62004e-05 0.00944664 -0.0172985 -5.72172e-05 0.000459518 -0.0172985 0.0852675 
0.0094412 -0.0173113 -3.35395e-05 -4.97966e-05 -0.0173113 0.0852854 -6.48353e-05 0.000473953 -3.35395e-05 -6.48353e-05 0.00947711 -0.0173375 -4.97966e-05 0.000473953 -0.0173375 0.0854441 
0.00942401 -0.0172886 -3.09922e-05 -4.90577e-05 -0.0172886 0.0852563 -6.4661e-05 0.00047229 -3.09922e-05 -6.4661e-05 0.0094882 -0.0173475 -4.90577e-05 0.00047229 -0.0173475 0.0854438 
0.00940655 -0.0172725 -1.766e-05 -5.4541e-05 -0.0172725 0.0852412 -6.62857e-05 0.000478905 -1.766e-05 -6.62857e-05 0.00949433 -0.017371 -5.4541e-05 0.000478905 -0.017371 0.0855138 
0.00937201 -0.0172241 -1.55068e-05 -7.10751e-05 -0.0172241 0.0850777 -7.90217e-05 0.000502943 -1.55068e-05 -7.90217e-05 0.00948943 -0.0173567 -7.10751e-05 0.000502943 -0.0173567 0.0854468 
0.009322 -0.0171219 -1.58807e-05 -7.61842e-05 -0.0171219 0.0846467 -7.95507e-05 0.000517786 -1.58807e-05 -7.95507e-05 0.0094491 -0.0172874 -7.61842e-05 0.000517786 -0.0172874 0.085102 
0.00927204 -0.0170157 -1.53177e-05 -7.51994e-05 -0.0170157 0.0841385 -7.36031e-05 0.000511171 -1.53177e-05 -7.36031e-05 0.00939508 -0.0171926 -7.51994e-05 0.000511171 -0.0171926 0.0846459 
0.00926866 -0.0170046 -2.32738e-05 -7.65437e-05 -0.0170046 0.0840661 -7.22606e-05 0.000506802 -2.32738e-05 -7.22606e-05 0.00939408 -0.0171814 -7.65437e-05 0.000506802 -0.0171814 0.0845961 
0.00926821 -0.0170049 -2.39456e-05 -6.43154e-05 -0.0170049 0.0840521 -6.17552e-05 0.000486045 -2.39456e-05 -6.17552e-05 0.00939209 -0.0171864 -6.43154e-05 0.000486045 -0.0171864 0.0845987 
0.00926397 -0.0169613 -3.66154e-05 -5.71489e-05 -0.0169613 0.0838357 -5.66341e-05 0.000456582 -3.66154e-05 -5.66341e-05 0.00934698 -0.0171454 -5.71489e-05 0.000456582 -0.0171454 0.0844017 
0.0092585 -0.0169952 -2.77054e-05 -4.12891e-05 -0.0169952 0.0839155 -3.96184e-05 0.000419765 -2.77054e-05 -3.96184e-05 0.00934989 -0.0171273 -4.12891e-05 0.000419765 -0.0171273 0.0844073 
0.00928363 -0.0170189 -1.53983e-05 -5.34675e-05 -0.0170189 0.0840825 -5.33214e-05 0.000424887 -1.53983e-05 -5.33214e-05 0.009354 -0.0171522 -5.34675e-05 0.000424887 -0.0171522 0.0845228 
0.00931281 -0.0170572 -1.4454e-05 -6.79929e-05 -0.0170572 0.0842379 -7.29396e-05 0.000460588 -1.4454e-05 -7.29396e-05 0.00936288 -0.0171632 -6.79929e-05 0.000460588 -0.0171632 0.0846195 
0.00932538 -0.0170708 -2.78427e-05 -6.48385e-05 -0.0170708 0.0842529 -7.68171e-05 0.00047649 -2.78427e-05 -7.68171e-05 0.00934817 -0.0171453 -6.48385e-05 0.00047649 -0.0171453 0.0845471 
0.00933667 -0.0170991 -5.60314e-05 -4.52067e-05 -0.0170991 0.0843415 -6.00683e-05 0.000449104 -5.60314e-05 -6.00683e-05 0.00933998 -0.0171346 -4.52067e-05 0.000449104 -0.0171346 0.0845292 
0.00933033 -0.0170863 -6.0523e-05 -9.93906e-06 -0.0170863 0.0842712 -2.08001e-05 0.000371881 -6.0523e-05 -2.08001e-05 0.00932188 -0.0170981 -9.93906e-06 0.000371881 -0.0170981 0.084374 
0.00931114 -0.0170712 -5.70356e-05 -5.47767e-06 -0.0170712 0.0841882 -8.31769e-06 0.000319232 -5.70356e-05 -8.31769e-06 0.00931413 -0.0170688 -5.47767e-06 0.000319232 -0.0170688 0.084237 
0.00928203 -0.0170619 -4.52e-05 -1.12436e-05 -0.0170619 0.0841778 -1.36695e-05 0.000311999 -4.52e-05 -1.36695e-05 0.00932825 -0.0170706 -1.12436e-05 0.000311999 -0.0170706 0.0842207 
0.00928793 -0.0170582 -4.71121e-05 -2.45246e-05 -0.0170582 0.0842694 -3.00657e-05 0.000337531 -4.71121e-05 -3.00657e-05 0.00933469 -0.0171134 -2.45246e-05 0.000337531 -0.0171134 0.0843743 
0.00929158 -0.0170599 -3.81341e-05 -2.28716e-05 -0.0170599 0.0842919 -3.03386e-05 0.000350061 -3.81341e-05 -3.03386e-05 0.00933014 -0.0171116 -2.28716e-05 0.000350061 -0.0171116 0.0844171 
0.00926185 -0.017018 -2.69408e-05 -2.8166e-05 -0.017018 0.0840743 -3.98312e-05 0.000358639 -2.69408e-05 -3.98312e-05 0.00930496 -0.0170436 -2.8166e-05 0.000358639 -0.0170436 0.0841343 
0.00924523 -0.0169928 -1.94273e-05 -3.6984e-05 -0.0169928 0.0839753 -5.26043e-05 0.000375415 -1.94273e-05 -5.26043e-05 0.00929212 -0.0170177 -3.6984e-05 0.000375415 -0.0170177 0.0839897 
0.00922062 -0.016919 -9.43293e-06 -4.57427e-05 -0.016919 0.0836437 -6.01908e-05 0.000392135 -9.43293e-06 -6.01908e-05 0.00925057 -0.016956 -4.57427e-05 0.000392135 -0.016956 0.0836685 
0.0092021 -0.01686 -1.68574e-05 -6.18857e-05 -0.01686 0.0833021 -6.72995e-05 0.000414361 -1.68574e-05 -6.72995e-05 0.00919576 -0.0168767 -6.18857e-05 0.000414361 -0.0168767 0.0833026 
0.00918217 -0.016855 -2.84888e-05 -5.87521e-05 -0.016855 0.0831911 -5.45685e-05 0.000412782 -2.84888e-05 -5.45685e-05 0.00917819 -0.0168235 -5.87521e-05 0.000412782 -0.0168235 0.0830975 
0.00920201 -0.0168919 -3.72866e-05 -4.64132e-05 -0.0168919 0.0834009 -3.70808e-05 0.000384719 -3.72866e-05 -3.70808e-05 0.00918363 -0.0168612 -4.64132e-05 0.000384719 -0.0168612 0.0832593 
0.00919376 -0.0168819 -3.14815e-05 -3.40871e-05 -0.0168819 0.0833632 -2.21895e-05 0.000346237 -3.14815e-05 -2.21895e-05 0.00917025 -0.0168396 -3.40871e-05 0.000346237 -0.0168396 0.0832022 
0.00911945 -0.0167496 -1.69757e-05 -3.7768e-05 -0.0167496 0.0827253 -2.96596e-05 0.000334012 -1.69757e-05 -2.96596e-05 0.00910762 -0.0166987 -3.7768e-05 0.000334012 -0.0166987 0.0825411 
0.00910358 -0.0167459 -3.99633e-06 -5.16404e-05 -0.0167459 0.0827218 -4.9209e-05 0.000357229 -3.99633e-06 -4.9209e-05 0.0091238 -0.01671 -5.16404e-05 0.000357229 -0.01671 0.082552 
0.00906731 -0.016656 -1.53504e-05 -6.35015e-05 -0.016656 0.0823485 -6.55253e-05 0.000388086 -1.53504e-05 -6.55253e-05 0.00909756 -0.0166674 -6.35015e-05 0.000388086 -0.0166674 0.082273 
0.00907632 -0.0166742 -3.33751e-05 -5.00515e-05 -0.0166742 0.0824214 -5.42224e-05 0.000383673 -3.33751e-05 -5.42224e-05 0.00911915 -0.0167061 -5.00515e-05 0.000383673 -0.0167061 0.0824331 
0.00909676 -0.0167175 -3.59481e-05 -2.86649e-05 -0.0167175 0.0826242 -3.04441e-05 0.000342189 -3.59481e-05 -3.04441e-05 0.00913677 -0.016757 -2.86649e-05 0.000342189 -0.016757 0.0826682 
0.00910053 -0.0167298 -3.46641e-05 -2.21876e-05 -0.0167298 0.0826931 -2.15573e-05 0.000302428 -3.46641e-05 -2.15573e-05 0.00914343 -0.0167647 -2.21876e-05 0.000302428 -0.0167647 0.0827371 
0.0090991 -0.0167166 -2.49592e-05 -2.60691e-05 -0.0167166 0.0826372 -2.51053e-05 0.000296479 -2.49592e-05 -2.51053e-05 0.00912643 -0.0167484 -2.60691e-05 0.000296479 -0.0167484 0.0826649 
0.00908908 -0.0167192 -1.70751e-05 -3.80907e-05 -0.0167192 0.0826268 -3.90518e-05 0.000318394 -1.70751e-05 -3.90518e-05 0.0091138 -0.0167267 -3.80907e-05 0.000318394 -0.0167267 0.0826038 
0.0090747 -0.01669 -1.83133e-05 -4.97906e-05 -0.01669 0.0825233 -5.02868e-05 0.000349429 -1.83133e-05 -5.02868e-05 0.00909588 -0.0166945 -4.97906e-05 0.000349429 -0.0166945 0.0824702 
0.00907218 -0.0166538 -2.04393e-05 -4.73529e-05 -0.0166538 0.0823598 -4.668e-05 0.000356192 -2.04393e-05 -4.668e-05 0.00906807 -0.0166559 -4.73529e-05 0.000356192 -0.0166559 0.0822933 
0.00970076 -0.0177869 -1.36409e-05 -4.25353e-05 -0.0177869 0.0878945 -4.28843e-05 0.000364174 -1.36409e-05 -4.28843e-05 0.00966677 -0.0177545 -4.25353e-05 0.000364174 -0.0177545 0.0877654 
0.00905995 -0.0166582 -8.93014e-06 -4.55992e-05 -0.0166582 0.0822472 -4.78184e-05 0.000337853 -8.93014e-06 -4.78184e-05 0.00905722 -0.0165981 -4.55992e-05 0.000337853 -0.0165981 0.082059 
0.00906269 -0.0166707 4.10889e-06 -5.12223e-05 -0.0166707 0.0823852 -5.41733e-05 0.000349497 4.10889e-06 -5.41733e-05 0.00908007 -0.0166532 -5.12223e-05 0.000349497 -0.0166532 0.0822444 
0.0090801 -0.0166987 9.45923e-07 -6.89422e-05 -0.0166987 0.0825734 -7.07241e-05 0.000382111 9.45923e-07 -7.07241e-05 0.00910358 -0.0167127 -6.89422e-05 0.000382111 -0.0167127 0.0825238 
0.00910733 -0.0167401 -1.81276e-05 -6.88704e-05 -0.0167401 0.0827953 -6.934e-05 0.000400896 -1.81276e-05 -6.934e-05 0.00911449 -0.0167609 -6.88704e-05 0.000400896 -0.0167609 0.0827949 
0.00909677 -0.0167266 -4.92744e-05 -4.70284e-05 -0.0167266 0.0827211 -4.48331e-05 0.000369397 -4.92744e-05 -4.48331e-05 0.00911084 -0.0167245 -4.70284e-05 0.000369397 -0.0167245 0.0826964 
0.00908248 -0.0167119 -6.48252e-05 -8.00778e-06 -0.0167119 0.0826536 -5.28738e-06 0.000290178 -6.48252e-05 -5.28738e-06 0.00911825 -0.0167057 -8.00778e-06 0.000290178 -0.0167057 0.0825878 
0.00907714 -0.0166589 -5.99672e-05 1.78425e-05 -0.0166589 0.0824199 1.64385e-05 0.000211385 -5.99672e-05 1.64385e-05 0.00909633 -0.0166789 1.78425e-05 0.000211385 -0.0166789 0.082378 
0.00911773 -0.0166814 -6.0619e-05 1.46814e-05 -0.0166814 0.0824433 9.17778e-06 0.000189383 -6.0619e-05 9.17778e-06 0.00907174 -0.016681 1.46814e-05 0.000189383 -0.016681 0.0823848 
0.00913513 -0.0167563 -5.92105e-05 1.38087e-05 -0.0167563 0.0826497 6.42928e-06 0.000192757 -5.92105e-05 6.42928e-06 0.00907886 -0.0166737 1.38087e-05 0.000192757 -0.0166737 0.0824478 
0.00914914 -0.0167844 -5.59726e-05 8.71246e-06 -0.0167844 0.0828047 2.86758e-06 0.000203611 -5.59726e-05 2.86758e-06 0.0090797 -0.0166859 8.71246e-06 0.000203611 -0.0166859 0.0825014 
0.00916493 -0.0168466 -5.57648e-05 3.47836e-06 -0.0168466 0.0831099 2.932e-06 0.000211615 -5.57648e-05 2.932e-06 0.00911453 -0.0167272 3.47836e-06 0.000211615 -0.0167272 0.0827389 
0.00919784 -0.0168918 -4.84633e-05 7.16176e-07 -0.0168918 0.0834067 4.24177e-06 0.000217479 -4.84633e-05 4.24177e-06 0.00914379 -0.0167953 7.16176e-07 0.000217479 -0.0167953 0.083043 
0.00920737 -0.0169267 -4.36581e-05 -9.49899e-06 -0.0169267 0.0835902 -6.71072e-06 0.000237835 -4.36581e-05 -6.71072e-06 0.00919057 -0.016838 -9.49899e-06 0.000237835 -0.016838 0.0832664 
0.00922193 -0.0169765 -4.86089e-05 -2.03104e-05 -0.0169765 0.0838904 -1.86758e-05 0.000273432 -4.86089e-05 -1.86758e-05 0.00925943 -0.016937 -2.03104e-05 0.000273432 -0.016937 0.083662 
0.00920968 -0.016924 -3.82225e-05 -1.59325e-05 -0.016924 0.083716 -1.36212e-05 0.000283589 -3.82225e-05 -1.36212e-05 0.00925827 -0.016957 -1.59325e-05 0.000283589 -0.016957 0.0836569 
0.00920078 -0.0169149 -3.886e-05 -2.79032e-05 -0.0169149 0.0836537 -2.46421e-05 0.000301831 -3.886e-05 -2.46421e-05 0.0092634 -0.0169705 -2.79032e-05 0.000301831 -0.0169705 0.0837151 
0.00917244 -0.0168835 -2.65063e-05 -3.16318e-05 -0.0168835 0.0835094 -2.86901e-05 0.000324517 -2.65063e-05 -2.86901e-05 0.00925981 -0.0169517 -3.16318e-05 0.000324517 -0.0169517 0.0836274 
0.00915391 -0.0168358 -3.77882e-05 -4.24948e-05 -0.0168358 0.0833317 -4.22588e-05 0.000347036 -3.77882e-05 -4.22588e-05 0.00925107 -0.0169359 -4.24948e-05 0.000347036 -0.0169359 0.0835202 
0.00912234 -0.0167477 -4.52193e-05 -2.74089e-05 -0.0167477 0.0828916 -2.77278e-05 0.000333025 -4.52193e-05 -2.77278e-05 0.00919469 -0.016858 -2.74089e-05 0.000333025 -0.016858 0.0831245 
0.00911509 -0.0167161 -5.31562e-05 -1.62044e-05 -0.0167161 0.0826627 -1.49619e-05 0.000300812 -5.31562e-05 -1.49619e-05 0.00915237 -0.0167928 -1.62044e-05 0.000300812 -0.0167928 0.0828539 
0.00912612 -0.0167433 -4.11032e-05 -4.55307e-06 -0.0167433 0.0827162 -2.36307e-06 0.000265539 -4.11032e-05 -2.36307e-06 0.00913665 -0.0167706 -4.55307e-06 0.000265539 -0.0167706 0.0827968 
0.00911487 -0.0167422 -1.87979e-05 -1.48889e-05 -0.0167422 0.082687 -1.33061e-05 0.000261922 -1.87979e-05 -1.33061e-05 0.00912398 -0.0167366 -1.48889e-05 0.000261922 -0.0167366 0.0826643 
0.00908239 -0.0167186 -1.03774e-05 -4.09828e-05 -0.0167186 0.0825957 -4.20868e-05 0.000306137 -1.03774e-05 -4.20868e-05 0.00912045 -0.0167096 -4.09828e-05 0.000306137 -0.0167096 0.0825253 
0.00906712 -0.0166719 -2.0121e-05 -5.17489e-05 -0.0166719 0.0824515 -5.54012e-05 0.000348402 -2.0121e-05 -5.54012e-05 0.00910509 -0.0166978 -5.17489e-05 0.000348402 -0.0166978 0.082421 
0.00905858 -0.0166439 -2.32789e-05 -4.34922e-05 -0.0166439 0.0823016 -4.63498e-05 0.000352273 -2.32789e-05 -4.63498e-05 0.00909156 -0.0166643 -4.34922e-05 0.000352273 -0.0166643 0.0822803 
0.00907945 -0.0166773 -2.5608e-05 -3.97832e-05 -0.0166773 0.0824381 -3.82465e-05 0.000338113 -2.5608e-05 -3.82465e-05 0.00909807 -0.0166917 -3.97832e-05 0.000338113 -0.0166917 0.082403 
0.00911754 -0.0167852 -3.34008e-05 -3.31737e-05 -0.0167852 0.0829525 -3.23135e-05 0.000319478 -3.34008e-05 -3.23135e-05 0.00915168 -0.0167879 -3.31737e-05 0.000319478 -0.0167879 0.0828998 
0.0091212 -0.0168097 -4.22998e-05 -2.01051e-05 -0.0168097 0.0831581 -2.25043e-05 0.000290722 -4.22998e-05 -2.25043e-05 0.00919705 -0.0168367 -2.01051e-05 0.000290722 -0.0168367 0.0831416 
0.00911213 -0.0167745 -3.32705e-05 -8.05081e-06 -0.0167745 0.0830626 -1.2859e-05 0.000259703 -3.32705e-05 -1.2859e-05 0.00921127 -0.0168517 -8.05081e-06 0.000259703 -0.0168517 0.0831456 
0.0091323 -0.0167993 -2.32254e-05 -2.04922e-05 -0.0167993 0.0831872 -2.71435e-05 0.000271427 -2.32254e-05 -2.71435e-05 0.00922469 -0.0169065 -2.04922e-05 0.000271427 -0.0169065 0.0833623 
0.0091178 -0.0167904 -2.92434e-05 -3.63701e-05 -0.0167904 0.083117 -4.23368e-05 0.00030838 -2.92434e-05 -4.23368e-05 0.00922142 -0.0168848 -3.63701e-05 0.00030838 -0.0168848 0.0832995 
0.00911729 -0.0167597 -3.55076e-05 -3.32053e-05 -0.0167597 0.0829965 -3.35257e-05 0.000317872 -3.55076e-05 -3.35257e-05 0.00920664 -0.016866 -3.32053e-05 0.000317872 -0.016866 0.0831882 
0.00912232 -0.0167471 -3.47859e-05 -3.00921e-05 -0.0167471 0.0828837 -2.50156e-05 0.00031195 -3.47859e-05 -2.50156e-05 0.00918598 -0.0168389 -3.00921e-05 0.00031195 -0.0168389 0.0830627 
0.00914399 -0.016778 -2.70808e-05 -3.33553e-05 -0.016778 0.0829624 -2.60888e-05 0.000314894 -2.70808e-05 -2.60888e-05 0.0091762 -0.0168389 -3.33553e-05 0.000314894 -0.0168389 0.0830888 
0.009176 -0.0168234 -1.29045e-05 -4.31377e-05 -0.0168234 0.0831174 -3.65711e-05 0.000334563 -1.29045e-05 -3.65711e-05 0.00916655 -0.0168346 -4.31377e-05 0.000334563 -0.0168346 0.0831289 
0.00919232 -0.01685 1.01972e-06 -6.16043e-05 -0.01685 0.0831824 -5.77449e-05 0.000379764 1.01972e-06 -5.77449e-05 0.00914776 -0.0168083 -6.16043e-05 0.000379764 -0.0168083 0.0830591 
0.00920425 -0.0168822 9.15893e-06 -7.95685e-05 -0.0168822 0.0833063 -7.48553e-05 0.000427214 9.15893e-06 -7.48553e-05 0.0091579 -0.0168051 -7.95685e-05 0.000427214 -0.0168051 0.0830818 
0.00920883 -0.0169171 1.99263e-06 -8.97116e-05 -0.0169171 0.0834879 -8.20352e-05 0.000458742 1.99263e-06 -8.20352e-05 0.00918898 -0.0168433 -8.97116e-05 0.000458742 -0.0168433 0.0832376 
0.00920944 -0.0169087 -1.81476e-05 -8.16819e-05 -0.0169087 0.0835126 -7.3725e-05 0.000457298 -1.81476e-05 -7.3725e-05 0.00919786 -0.0168754 -8.16819e-05 0.000457298 -0.0168754 0.0833363 
0.00919274 -0.0169128 -2.64378e-05 -5.61468e-05 -0.0169128 0.0835434 -4.87082e-05 0.000413916 -2.64378e-05 -4.87082e-05 0.00922211 -0.0168936 -5.61468e-05 0.000413916 -0.0168936 0.0834363 
0.00918446 -0.0168626 -2.83512e-05 -4.39751e-05 -0.0168626 0.083381 -3.88873e-05 0.000374151 -2.83512e-05 -3.88873e-05 0.00921355 -0.0168915 -4.39751e-05 0.000374151 -0.0168915 0.0833704 
0.00922122 -0.0169199 -3.74751e-05 -3.9594e-05 -0.0169199 0.0836256 -3.4273e-05 0.00035263 -3.74751e-05 -3.4273e-05 0.00924077 -0.0169512 -3.9594e-05 0.00035263 -0.0169512 0.0836686 
0.00925056 -0.0169345 -4.01191e-05 -3.05431e-05 -0.0169345 0.0836658 -2.19027e-05 0.000329714 -4.01191e-05 -2.19027e-05 0.00922258 -0.0169557 -3.05431e-05 0.000329714 -0.0169557 0.0837098 
0.00929044 -0.016984 -3.30512e-05 -2.65704e-05 -0.016984 0.0838119 -1.95384e-05 0.000314968 -3.30512e-05 -1.95384e-05 0.0092136 -0.0169519 -2.65704e-05 0.000314968 -0.0169519 0.0837792 
0.00931612 -0.0170412 -3.33491e-05 -3.39162e-05 -0.0170412 0.0839902 -3.53536e-05 0.000332081 -3.33491e-05 -3.53536e-05 0.00921741 -0.016944 -3.39162e-05 0.000332081 -0.016944 0.083812 
0.00932977 -0.017101 -2.41068e-05 -3.39909e-05 -0.017101 0.0842476 -4.50151e-05 0.000356778 -2.41068e-05 -4.50151e-05 0.00924654 -0.016968 -3.39909e-05 0.000356778 -0.016968 0.0839404 
0.00935077 -0.0171386 -1.44495e-05 -4.65247e-05 -0.0171386 0.0844884 -5.63361e-05 0.000387101 -1.44495e-05 -5.63361e-05 0.00927573 -0.017024 -4.65247e-05 0.000387101 -0.017024 0.0841615 
0.00934314 -0.017109 -1.91591e-05 -6.68441e-05 -0.017109 0.0843673 -6.66872e-05 0.00042838 -1.91591e-05 -6.66872e-05 0.00927839 -0.0170104 -6.68441e-05 0.00042838 -0.0170104 0.0840735 
0.00934025 -0.0171071 -1.44321e-05 -6.86824e-05 -0.0171071 0.0843389 -5.9897e-05 0.000447545 -1.44321e-05 -5.9897e-05 0.00928516 -0.0170241 -6.86824e-05 0.000447545 -0.0170241 0.0840867 
0.0093237 -0.0170906 -8.27767e-06 -7.41438e-05 -0.0170906 0.0842637 -6.58974e-05 0.000460796 -8.27767e-06 -6.58974e-05 0.00930234 -0.0170301 -7.41438e-05 0.000460796 -0.0170301 0.0840808 
0.00934714 -0.0171172 -1.02765e-05 -7.56743e-05 -0.0171172 0.0844299 -7.50248e-05 0.000474073 -1.02765e-05 -7.50248e-05 0.00933106 -0.0171014 -7.56743e-05 0.000474073 -0.0171014 0.0843537 
0.00934321 -0.0171242 7.05539e-07 -7.24949e-05 -0.0171242 0.0844495 -7.51041e-05 0.000479407 7.05539e-07 -7.51041e-05 0.00934636 -0.0171227 -7.24949e-05 0.000479407 -0.0171227 0.0844548 
0.00936989 -0.0171881 -1.59286e-05 -8.53776e-05 -0.0171881 0.0847831 -8.87914e-05 0.000501066 -1.59286e-05 -8.87914e-05 0.0093857 -0.0172002 -8.53776e-05 0.000501066 -0.0172002 0.0848242 
0.00938625 -0.0172282 -2.93436e-05 -6.82144e-05 -0.0172282 0.085019 -7.3275e-05 0.000491994 -2.93436e-05 -7.3275e-05 0.00941664 -0.0172499 -6.82144e-05 0.000491994 -0.0172499 0.0850812 
0.0093904 -0.0172089 -3.26574e-05 -5.00158e-05 -0.0172089 0.0849739 -5.43549e-05 0.000452175 -3.26574e-05 -5.43549e-05 0.0094089 -0.017251 -5.00158e-05 0.000452175 -0.017251 0.085075 
0.00940079 -0.017199 -2.73301e-05 -4.55408e-05 -0.017199 0.0848926 -4.34128e-05 0.000417641 -2.73301e-05 -4.34128e-05 0.00939313 -0.017228 -4.55408e-05 0.000417641 -0.017228 0.0849928 
0.00941081 -0.0172344 -3.67533e-05 -5.35506e-05 -0.0172344 0.0849843 -4.77457e-05 0.000415263 -3.67533e-05 -4.77457e-05 0.00939948 -0.017222 -5.35506e-05 0.000415263 -0.017222 0.0850013 
0.00939549 -0.0172275 -4.1698e-05 -4.44992e-05 -0.0172275 0.0849433 -4.05112e-05 0.000409544 -4.1698e-05 -4.05112e-05 0.00940397 -0.0172023 -4.44992e-05 0.000409544 -0.0172023 0.0848881 
0.0094119 -0.0172583 -4.27684e-05 -3.84083e-05 -0.0172583 0.0851368 -3.80045e-05 0.00040219 -4.27684e-05 -3.80045e-05 0.00942974 -0.0172588 -3.84083e-05 0.00040219 -0.0172588 0.0850965 
0.00941234 -0.0172405 -4.02635e-05 -3.74473e-05 -0.0172405 0.0850727 -4.1652e-05 0.000404508 -4.02635e-05 -4.1652e-05 0.00942955 -0.0172609 -3.74473e-05 0.000404508 -0.0172609 0.0850867 
0.00938711 -0.0172106 -4.03514e-05 -4.14021e-05 -0.0172106 0.0848968 -4.47865e-05 0.000412799 -4.03514e-05 -4.47865e-05 0.0094172 -0.0172321 -4.14021e-05 0.000412799 -0.0172321 0.0849374 
0.00938554 -0.0171807 -3.50051e-05 -4.47202e-05 -0.0171807 0.0847746 -4.43703e-05 0.000422305 -3.50051e-05 -4.43703e-05 0.0093983 -0.0172197 -4.47202e-05 0.000422305 -0.0172197 0.0848533 
0.00939492 -0.0172265 -2.2096e-05 -5.29063e-05 -0.0172265 0.0849516 -5.04439e-05 0.000438974 -2.2096e-05 -5.04439e-05 0.00942851 -0.0172475 -5.29063e-05 0.000438974 -0.0172475 0.0850259 
0.00940154 -0.0172205 -3.72203e-05 -6.57631e-05 -0.0172205 0.0849702 -6.45411e-05 0.000464297 -3.72203e-05 -6.45411e-05 0.00944503 -0.0172723 -6.57631e-05 0.000464297 -0.0172723 0.0850912 
0.00939342 -0.0172098 -5.14526e-05 -5.10628e-05 -0.0172098 0.0849042 -4.68527e-05 0.000453339 -5.14526e-05 -4.68527e-05 0.00945721 -0.0172838 -5.10628e-05 0.000453339 -0.0172838 0.0851009 
0.00939009 -0.0171757 -4.0017e-05 -3.58164e-05 -0.0171757 0.0847366 -2.85011e-05 0.000417262 -4.0017e-05 -2.85011e-05 0.0094335 -0.0172732 -3.58164e-05 0.000417262 -0.0172732 0.0850022 
0.00939867 -0.0171928 -2.92974e-05 -5.03149e-05 -0.0171928 0.0847517 -4.09189e-05 0.000422711 -2.92974e-05 -4.09189e-05 0.00941496 -0.0172636 -5.03149e-05 0.000422711 -0.0172636 0.085005 
0.00938789 -0.0171923 -2.32221e-05 -6.52774e-05 -0.0171923 0.0847229 -5.37501e-05 0.000453295 -2.32221e-05 -5.37501e-05 0.00939067 -0.0172296 -6.52774e-05 0.000453295 -0.0172296 0.084912 
0.00935474 -0.0171292 -1.76905e-05 -7.34996e-05 -0.0171292 0.0844397 -6.16098e-05 0.00047893 -1.76905e-05 -6.16098e-05 0.00934781 -0.0171479 -7.34996e-05 0.00047893 -0.0171479 0.0845686 
0.00934332 -0.0171365 -2.00574e-05 -7.61165e-05 -0.0171365 0.0844908 -6.57125e-05 0.000490557 -2.00574e-05 -6.57125e-05 0.00935375 -0.017151 -7.61165e-05 0.000490557 -0.017151 0.0846029 
0.00931498 -0.0170876 -3.32068e-05 -6.60073e-05 -0.0170876 0.0843227 -5.79813e-05 0.000471882 -3.32068e-05 -5.79813e-05 0.00935715 -0.0171265 -6.60073e-05 0.000471882 -0.0171265 0.0844762 
0.00932605 -0.0171165 -5.10918e-05 -4.58652e-05 -0.0171165 0.0845049 -4.15483e-05 0.000430878 -5.10918e-05 -4.15483e-05 0.00940271 -0.0171934 -4.58652e-05 0.000430878 -0.0171934 0.0847389 
0.0093095 -0.0170582 -5.6349e-05 -2.25553e-05 -0.0170582 0.0842605 -1.92497e-05 0.000373245 -5.6349e-05 -1.92497e-05 0.00938033 -0.0171812 -2.25553e-05 0.000373245 -0.0171812 0.0846091 
0.00930995 -0.0170353 -6.50388e-05 -1.18084e-05 -0.0170353 0.0841142 -1.0376e-05 0.000328371 -6.50388e-05 -1.0376e-05 0.00934863 -0.0171593 -1.18084e-05 0.000328371 -0.0171593 0.0845245 
0.00933939 -0.0170742 -6.98501e-05 -4.15633e-07 -0.0170742 0.0842365 -3.79805e-06 0.000300572 -6.98501e-05 -3.79805e-06 0.00933175 -0.0171561 -4.15633e-07 0.000300572 -0.0171561 0.0845974 
0.00933784 -0.0170826 -5.47854e-05 9.70919e-06 -0.0170826 0.0842023 1.46054e-06 0.000275787 -5.47854e-05 1.46054e-06 0.00931127 -0.0170944 9.70919e-06 0.000275787 -0.0170944 0.0844046 
0.00932479 -0.0170744 -3.49152e-05 -1.03848e-05 -0.0170744 0.084139 -1.76486e-05 0.000297124 -3.49152e-05 -1.76486e-05 0.00928699 -0.0170479 -1.03848e-05 0.000297124 -0.0170479 0.0841891 
0.00929736 -0.0170477 -3.32468e-05 -4.1049e-05 -0.0170477 0.0840288 -4.54531e-05 0.000361191 -3.32468e-05 -4.54531e-05 0.0092801 -0.0170093 -4.1049e-05 0.000361191 -0.0170093 0.0840038 
0.00926991 -0.0170176 -3.52878e-05 -4.5861e-05 -0.0170176 0.0839391 -4.90361e-05 0.000400669 -3.52878e-05 -4.90361e-05 0.00928678 -0.0170032 -4.5861e-05 0.000400669 -0.0170032 0.0839217 
0.00930707 -0.0170624 -3.28348e-05 -4.01027e-05 -0.0170624 0.0842281 -4.49052e-05 0.000403105 -3.28348e-05 -4.49052e-05 0.00931223 -0.0170884 -4.01027e-05 0.000403105 -0.0170884 0.0842815 
0.00929601 -0.0170415 -3.35232e-05 -3.96106e-05 -0.0170415 0.0840992 -4.75052e-05 0.000399056 -3.35232e-05 -4.75052e-05 0.00929343 -0.0170461 -3.96106e-05 0.000399056 -0.0170461 0.0841423 
0.009312 -0.0170715 -3.56658e-05 -4.02501e-05 -0.0170715 0.0842361 -4.82761e-05 0.000400648 -3.56658e-05 -4.82761e-05 0.00929811 -0.0170603 -4.02501e-05 0.000400648 -0.0170603 0.0842266 
0.00932645 -0.0171088 -3.23691e-05 -3.69763e-05 -0.0171088 0.0844118 -4.26255e-05 0.000392376 -3.23691e-05 -4.26255e-05 0.00931574 -0.017077 -3.69763e-05 0.000392376 -0.017077 0.0843363 
