0.00663457 0 -5.70504e-05 0 0 0.00934594 0 0 -5.70504e-05 0 0.00653966 0 0 0 0 0.00934594 
0.00972119 -0.0120636 -6.01717e-05 7.10499e-05 -0.0120636 0.0320143 7.10499e-05 -0.00013632 -6.01717e-05 7.10499e-05 0.00961719 -0.01194 7.10499e-05 -0.00013632 -0.01194 0.0317761 
0.00999039 -0.0185371 -3.07269e-06 1.9082e-06 -0.0185371 0.068328 1.9082e-06 1.99853e-05 -3.07269e-06 1.9082e-06 0.00990979 -0.0185064 1.9082e-06 1.99853e-05 -0.0185064 0.0682671 
0.00867245 -0.0166077 2.77081e-05 -0.000126393 -0.0166077 0.0743446 -0.000131051 0.0006139 2.77081e-05 -0.000131051 0.00858671 -0.0167045 -0.000126393 0.0006139 -0.0167045 0.0750506 
0.00917483 -0.0170178 9.14688e-06 -0.000157334 -0.0170178 0.0817294 -0.000162893 0.000944061 9.14688e-06 -0.000162893 0.00905021 -0.0170736 -0.000157334 0.000944061 -0.0170736 0.0827258 
0.00894835 -0.01638 -1.24336e-05 -9.44635e-05 -0.01638 0.0799992 -9.78912e-05 0.00076658 -1.24336e-05 -9.78912e-05 0.0088422 -0.0163349 -9.44635e-05 0.00076658 -0.0163349 0.0806398 
0.00940483 -0.0171976 -3.22866e-05 -5.04112e-05 -0.0171976 0.0843786 -5.23247e-05 0.000555389 -3.22866e-05 -5.23247e-05 0.0093484 -0.0171517 -5.04112e-05 0.000555389 -0.0171517 0.0847858 
0.00918397 -0.0168153 -3.73468e-05 -2.41591e-05 -0.0168153 0.0827641 -2.54098e-05 0.000379429 -3.73468e-05 -2.54098e-05 0.00918399 -0.0168448 -2.41591e-05 0.000379429 -0.0168448 0.0831656 
0.00972367 -0.0177602 -4.02238e-05 -2.12074e-05 -0.0177602 0.0876315 -2.12346e-05 0.000326167 -4.02238e-05 -2.12346e-05 0.00973437 -0.0178805 -2.12074e-05 0.000326167 -0.0178805 0.088231 
0.00962861 -0.0175446 -3.50503e-05 -2.37627e-05 -0.0175446 0.086591 -2.46056e-05 0.000308066 -3.50503e-05 -2.46056e-05 0.00962458 -0.0177025 -2.37627e-05 0.000308066 -0.0177025 0.0873594 
0.0095682 -0.0174134 -4.17364e-05 -3.48906e-05 -0.0174134 0.0858723 -3.63764e-05 0.000330532 -4.17364e-05 -3.63764e-05 0.00954735 -0.0175649 -3.48906e-05 0.000330532 -0.0175649 0.086714 
0.00953036 -0.0173377 -2.80919e-05 -2.75781e-05 -0.0173377 0.0854207 -3.02674e-05 0.000336356 -2.80919e-05 -3.02674e-05 0.00949006 -0.0174703 -2.75781e-05 0.000336356 -0.0174703 0.0862625 
0.00950313 -0.0173326 -2.46215e-05 -4.13986e-05 -0.0173326 0.0853255 -4.10572e-05 0.000350634 -2.46215e-05 -4.10572e-05 0.00948364 -0.0174279 -4.13986e-05 0.000350634 -0.0174279 0.0860927 
0.00945451 -0.0172405 -4.41402e-05 -4.57354e-05 -0.0172405 0.0849182 -3.94611e-05 0.000356792 -4.41402e-05 -3.94611e-05 0.00943633 -0.0173427 -4.57354e-05 0.000356792 -0.0173427 0.0856348 
0.00937185 -0.0170966 -4.32387e-05 -1.95206e-05 -0.0170966 0.0842156 -1.20223e-05 0.000309863 -4.32387e-05 -1.20223e-05 0.00937166 -0.0172016 -1.95206e-05 0.000309863 -0.0172016 0.0849201 
0.00933357 -0.0170067 -2.77023e-05 -1.75182e-05 -0.0170067 0.0837854 -1.06643e-05 0.000277272 -2.77023e-05 -1.06643e-05 0.00932259 -0.0171347 -1.75182e-05 0.000277272 -0.0171347 0.0845213 
0.00931545 -0.017005 -1.859e-05 -3.6772e-05 -0.017005 0.0837233 -3.14129e-05 0.000298828 -1.859e-05 -3.14129e-05 0.00932246 -0.0171184 -3.6772e-05 0.000298828 -0.0171184 0.0844533 
0.00931735 -0.0170183 -2.79327e-05 -4.92187e-05 -0.0170183 0.0838227 -4.62352e-05 0.000337529 -2.79327e-05 -4.62352e-05 0.00933427 -0.0171492 -4.92187e-05 0.000337529 -0.0171492 0.0845666 
0.00934897 -0.0170823 -4.92109e-05 -3.42239e-05 -0.0170823 0.0841706 -3.60532e-05 0.000332581 -4.92109e-05 -3.60532e-05 0.00936483 -0.0172273 -3.42239e-05 0.000332581 -0.0172273 0.0849479 
0.00937737 -0.0170864 -4.60749e-05 -5.90607e-06 -0.0170864 0.0842225 -9.28009e-06 0.000279115 -4.60749e-05 -9.28009e-06 0.00934465 -0.0172339 -5.90607e-06 0.000279115 -0.0172339 0.0850216 
0.00939319 -0.0171108 -3.13367e-05 -7.72289e-06 -0.0171108 0.0842666 -6.81047e-06 0.000247567 -3.13367e-05 -6.81047e-06 0.00932526 -0.0172115 -7.72289e-06 0.000247567 -0.0172115 0.0850168 
0.00937996 -0.0170959 -3.66337e-05 -2.37165e-05 -0.0170959 0.0841498 -1.92217e-05 0.000254794 -3.66337e-05 -1.92217e-05 0.00930589 -0.0171485 -2.37165e-05 0.000254794 -0.0171485 0.08479 
0.00937864 -0.0171202 -4.50642e-05 -2.00685e-05 -0.0171202 0.0842649 -1.41064e-05 0.000255888 -4.50642e-05 -1.41064e-05 0.00931832 -0.0171604 -2.00685e-05 0.000255888 -0.0171604 0.0848354 
0.00937453 -0.0170815 -2.85609e-05 -1.11505e-05 -0.0170815 0.0841374 -3.19455e-06 0.000237 -2.85609e-05 -3.19455e-06 0.00929248 -0.0171461 -1.11505e-05 0.000237 -0.0171461 0.0847325 
0.0093473 -0.0170733 -3.06814e-05 -3.22694e-05 -0.0170733 0.084054 -2.11486e-05 0.000256385 -3.06814e-05 -2.11486e-05 0.00929304 -0.0171106 -3.22694e-05 0.000256385 -0.0171106 0.0846249 
0.00933566 -0.0170707 -3.93645e-05 -2.87401e-05 -0.0170707 0.0841153 -1.7411e-05 0.000262924 -3.93645e-05 -1.7411e-05 0.00931669 -0.017135 -2.87401e-05 0.000262924 -0.017135 0.0847009 
0.00932372 -0.01706 -3.70333e-05 -1.38506e-05 -0.01706 0.0841456 -5.75154e-06 0.0002376 -3.70333e-05 -5.75154e-06 0.00933739 -0.017175 -1.38506e-05 0.0002376 -0.017175 0.0848344 
0.00932366 -0.0170053 -2.33669e-05 -1.2646e-05 -0.0170053 0.083942 -7.50103e-06 0.000220104 -2.33669e-05 -7.50103e-06 0.00931608 -0.0171596 -1.2646e-05 0.000220104 -0.0171596 0.0847371 
0.0093271 -0.0170065 -9.04783e-06 -2.67577e-05 -0.0170065 0.0838569 -2.16917e-05 0.000233636 -9.04783e-06 -2.16917e-05 0.00929377 -0.0171314 -2.67577e-05 0.000233636 -0.0171314 0.0846469 
0.00933516 -0.0169938 -1.01658e-05 -4.54895e-05 -0.0169938 0.0837477 -3.99963e-05 0.00027129 -1.01658e-05 -3.99963e-05 0.00925129 -0.0170865 -4.54895e-05 0.00027129 -0.0170865 0.084469 
0.00931256 -0.0169594 -1.57622e-05 -4.14606e-05 -0.0169594 0.0834877 -3.63381e-05 0.000277124 -1.57622e-05 -3.63381e-05 0.00919707 -0.0169832 -4.14606e-05 0.000277124 -0.0169832 0.0840607 
0.00927812 -0.0169315 -1.14951e-05 -3.18933e-05 -0.0169315 0.0833134 -2.91229e-05 0.000258766 -1.14951e-05 -2.91229e-05 0.00917217 -0.0169064 -3.18933e-05 0.000258766 -0.0169064 0.0837287 
0.00925236 -0.0168948 -7.87602e-06 -3.51615e-05 -0.0168948 0.0831798 -3.20649e-05 0.000251584 -7.87602e-06 -3.20649e-05 0.00915298 -0.0168752 -3.51615e-05 0.000251584 -0.0168752 0.0835355 
0.00924686 -0.0168907 -1.80479e-05 -4.12606e-05 -0.0168907 0.0832006 -3.58852e-05 0.0002584 -1.80479e-05 -3.58852e-05 0.00916046 -0.0168835 -4.12606e-05 0.0002584 -0.0168835 0.0835677 
0.0092537 -0.0168845 -1.90553e-05 -2.72492e-05 -0.0168845 0.0832153 -2.22286e-05 0.00023818 -1.90553e-05 -2.22286e-05 0.00915704 -0.0169065 -2.72492e-05 0.00023818 -0.0169065 0.0836502 
0.00925578 -0.0168851 -2.20636e-05 -1.93579e-05 -0.0168851 0.0831995 -2.19625e-05 0.000215849 -2.20636e-05 -2.19625e-05 0.00914783 -0.0168975 -1.93579e-05 0.000215849 -0.0168975 0.0836576 
0.00926936 -0.0169075 -5.40662e-06 -1.12573e-05 -0.0169075 0.0832908 -1.78155e-05 0.000195338 -5.40662e-06 -1.78155e-05 0.009152 -0.0168984 -1.12573e-05 0.000195338 -0.0168984 0.0837084 
0.00928991 -0.0169034 -1.98217e-05 -3.40446e-05 -0.0169034 0.0832545 -3.51781e-05 0.00021577 -1.98217e-05 -3.51781e-05 0.00912665 -0.0168766 -3.40446e-05 0.00021577 -0.0168766 0.0836165 
0.00930376 -0.0169402 -3.4301e-05 -2.8358e-05 -0.0169402 0.0833276 -1.89128e-05 0.000220429 -3.4301e-05 -1.89128e-05 0.00912565 -0.0168545 -2.8358e-05 0.000220429 -0.0168545 0.0835734 
0.00928219 -0.016989 -4.69528e-05 -1.1599e-05 -0.016989 0.0835404 5.23335e-07 0.000189714 -4.69528e-05 5.23335e-07 0.00916579 -0.0168797 -1.1599e-05 0.000189714 -0.0168797 0.0836865 
0.00923988 -0.0169262 -3.42254e-05 7.35824e-06 -0.0169262 0.0834118 1.34508e-05 0.000150733 -3.42254e-05 1.34508e-05 0.00917536 -0.0168914 7.35824e-06 0.000150733 -0.0168914 0.0836346 
0.00920329 -0.0168566 -2.66108e-05 -3.21499e-06 -0.0168566 0.0831888 -4.07512e-06 0.000155341 -2.66108e-05 -4.07512e-06 0.00918273 -0.0168957 -3.21499e-06 0.000155341 -0.0168957 0.0835909 
0.00916623 -0.0167899 -1.89338e-05 -1.03235e-05 -0.0167899 0.0829243 -1.29233e-05 0.000173532 -1.89338e-05 -1.29233e-05 0.00918415 -0.016891 -1.03235e-05 0.000173532 -0.016891 0.0835078 
0.00912734 -0.0167334 -1.30603e-05 -2.02271e-05 -0.0167334 0.0826817 -2.19728e-05 0.000194788 -1.30603e-05 -2.19728e-05 0.00917998 -0.0168782 -2.02271e-05 0.000194788 -0.0168782 0.0833997 
0.00910255 -0.0166936 -1.9969e-05 -2.35937e-05 -0.0166936 0.082539 -2.82582e-05 0.000207472 -1.9969e-05 -2.82582e-05 0.00917989 -0.0168791 -2.35937e-05 0.000207472 -0.0168791 0.0833693 
0.00908669 -0.0166544 -1.23002e-05 -9.22026e-06 -0.0166544 0.0823886 -1.9529e-05 0.000189643 -1.23002e-05 -1.9529e-05 0.00916597 -0.0168716 -9.22026e-06 0.000189643 -0.0168716 0.083312 
0.00909547 -0.016622 -9.50494e-06 -1.93283e-05 -0.016622 0.082225 -2.9707e-05 0.000194941 -9.50494e-06 -2.9707e-05 0.00912882 -0.0168363 -1.93283e-05 0.000194941 -0.0168363 0.0831715 
0.00910816 -0.0166449 -1.53053e-05 -3.00166e-05 -0.0166449 0.0822286 -3.77974e-05 0.000223762 -1.53053e-05 -3.77974e-05 0.00911325 -0.0168024 -3.00166e-05 0.000223762 -0.0168024 0.0830899 
0.00913857 -0.0167006 -1.93159e-05 -2.50391e-05 -0.0167006 0.0824475 -2.77786e-05 0.000223773 -1.93159e-05 -2.77786e-05 0.00912357 -0.016817 -2.50391e-05 0.000223773 -0.016817 0.0831909 
0.00916548 -0.0167464 -2.37809e-05 -2.03825e-05 -0.0167464 0.0826299 -1.98687e-05 0.000209902 -2.37809e-05 -1.98687e-05 0.00911792 -0.0168241 -2.03825e-05 0.000209902 -0.0168241 0.0832462 
0.00917799 -0.0167771 -1.86541e-05 -1.68286e-05 -0.0167771 0.0827397 -1.59188e-05 0.000200419 -1.86541e-05 -1.59188e-05 0.00911016 -0.0168052 -1.68286e-05 0.000200419 -0.0168052 0.0832119 
0.00919077 -0.0167717 -2.39073e-05 -2.14225e-05 -0.0167717 0.0827084 -1.91043e-05 0.000199279 -2.39073e-05 -1.91043e-05 0.00908443 -0.0167744 -2.14225e-05 0.000199279 -0.0167744 0.0830778 
0.0091443 -0.0166944 -3.40647e-05 -1.61526e-05 -0.0166944 0.082271 -1.32928e-05 0.000192003 -3.40647e-05 -1.32928e-05 0.00902821 -0.0166635 -1.61526e-05 0.000192003 -0.0166635 0.0825662 
0.00909727 -0.0166422 -2.42198e-05 -5.14667e-06 -0.0166422 0.0820042 -4.54297e-06 0.00017467 -2.42198e-05 -4.54297e-06 0.00900024 -0.0166 -5.14667e-06 0.00017467 -0.0166 0.082253 
0.00969593 -0.0177565 -6.8234e-06 -1.42449e-05 -0.0177565 0.0875619 -1.56593e-05 0.000190078 -6.8234e-06 -1.56593e-05 0.00962785 -0.0177357 -1.42449e-05 0.000190078 -0.0177357 0.0878527 
0.00967597 -0.0177494 1.32991e-05 -3.90817e-05 -0.0177494 0.0875975 -3.87703e-05 0.000233346 1.32991e-05 -3.87703e-05 0.00965189 -0.0177726 -3.90817e-05 0.000233346 -0.0177726 0.0879742 
0.00967167 -0.0177154 1.62786e-05 -6.5224e-05 -0.0177154 0.0875207 -6.15846e-05 0.000290429 1.62786e-05 -6.15846e-05 0.00964099 -0.0177873 -6.5224e-05 0.000290429 -0.0177873 0.0880072 
0.00967535 -0.0176974 9.07711e-06 -6.78117e-05 -0.0176974 0.0874272 -6.38339e-05 0.0003159 9.07711e-06 -6.38339e-05 0.00960915 -0.0177679 -6.78117e-05 0.0003159 -0.0177679 0.0879633 
0.00967279 -0.0176896 -3.44988e-06 -5.47623e-05 -0.0176896 0.0873421 -5.53539e-05 0.000301556 -3.44988e-06 -5.53539e-05 0.0095818 -0.0177182 -5.47623e-05 0.000301556 -0.0177182 0.087826 
0.00963983 -0.0176611 -1.59692e-05 -2.89046e-05 -0.0176611 0.0871721 -3.60101e-05 0.000247347 -1.59692e-05 -3.60101e-05 0.00956692 -0.0176494 -2.89046e-05 0.000247347 -0.0176494 0.0875478 
0.00964791 -0.0176292 -3.25449e-05 -8.97927e-06 -0.0176292 0.0870684 -1.7472e-05 0.000187353 -3.25449e-05 -1.7472e-05 0.00954173 -0.0176331 -8.97927e-06 0.000187353 -0.0176331 0.0874113 
0.00963852 -0.0176643 -3.9482e-05 1.2109e-05 -0.0176643 0.0871509 5.28226e-06 0.000126561 -3.9482e-05 5.28226e-06 0.00957298 -0.0176242 1.2109e-05 0.000126561 -0.0176242 0.0874187 
0.0096681 -0.0177105 -3.95218e-05 2.03628e-05 -0.0177105 0.0874475 1.73919e-05 8.32387e-05 -3.95218e-05 1.73919e-05 0.00960546 -0.0177103 2.03628e-05 8.32387e-05 -0.0177103 0.0877231 
0.00968472 -0.017738 -4.56007e-05 1.48442e-05 -0.017738 0.0875963 1.84301e-05 7.42622e-05 -4.56007e-05 1.84301e-05 0.00961708 -0.0177496 1.48442e-05 7.42622e-05 -0.0177496 0.0879166 
0.0096586 -0.0177079 -4.34276e-05 1.84162e-05 -0.0177079 0.0874581 2.38903e-05 6.95898e-05 -4.34276e-05 2.38903e-05 0.00960812 -0.0177205 1.84162e-05 6.95898e-05 -0.0177205 0.0878035 
0.00964046 -0.0176894 -3.10917e-05 1.73124e-05 -0.0176894 0.0874121 2.06173e-05 6.93183e-05 -3.10917e-05 2.06173e-05 0.0096184 -0.0177203 1.73124e-05 6.93183e-05 -0.0177203 0.0877892 
0.00959413 -0.0175888 -2.28459e-05 4.92405e-06 -0.0175888 0.0869651 7.96048e-06 8.50799e-05 -2.28459e-05 7.96048e-06 0.00958463 -0.017647 4.92405e-06 8.50799e-05 -0.017647 0.0873899 
0.00958323 -0.0175596 -1.17376e-05 -6.97789e-06 -0.0175596 0.0868048 -2.1362e-06 0.000112342 -1.17376e-05 -2.1362e-06 0.00956697 -0.0176288 -6.97789e-06 0.000112342 -0.0176288 0.0872632 
0.00959027 -0.0175741 -1.42598e-05 -1.90591e-05 -0.0175741 0.0868487 -1.54316e-05 0.000140636 -1.42598e-05 -1.54316e-05 0.00956687 -0.0176349 -1.90591e-05 0.000140636 -0.0176349 0.0873037 
0.00958727 -0.0175716 -1.83497e-05 -1.77953e-05 -0.0175716 0.0868255 -1.53847e-05 0.000153253 -1.83497e-05 -1.53847e-05 0.00956357 -0.017624 -1.77953e-05 0.000153253 -0.017624 0.0872611 
0.00957492 -0.0175478 -1.84756e-05 -1.58092e-05 -0.0175478 0.0867154 -1.09781e-05 0.000152984 -1.84756e-05 -1.09781e-05 0.009556 -0.0176079 -1.58092e-05 0.000152984 -0.0176079 0.0871646 
0.00957464 -0.0175532 -2.12703e-05 -1.75185e-05 -0.0175532 0.0867452 -1.00751e-05 0.00015389 -2.12703e-05 -1.00751e-05 0.00956508 -0.017627 -1.75185e-05 0.00015389 -0.017627 0.0872382 
0.00959801 -0.0175891 -8.02097e-06 -1.18688e-05 -0.0175891 0.0869421 -7.61965e-06 0.000148492 -8.02097e-06 -7.61965e-06 0.00957684 -0.0176818 -1.18688e-05 0.000148492 -0.0176818 0.0874962 
0.00959772 -0.0175659 3.33559e-07 -2.14364e-05 -0.0175659 0.0868217 -2.38516e-05 0.000159661 3.33559e-07 -2.38516e-05 0.00955505 -0.0176434 -2.14364e-05 0.000159661 -0.0176434 0.0873773 
0.00962851 -0.0175954 2.3451e-05 -3.21427e-05 -0.0175954 0.0869171 -3.56729e-05 0.00018682 2.3451e-05 -3.56729e-05 0.00954037 -0.0176444 -3.21427e-05 0.00018682 -0.0176444 0.0874183 
0.00965496 -0.0176787 1.95589e-05 -6.45424e-05 -0.0176787 0.0872399 -6.20006e-05 0.000243985 1.95589e-05 -6.20006e-05 0.00956504 -0.0176675 -6.45424e-05 0.000243985 -0.0176675 0.08762 
0.00966865 -0.0177086 8.31673e-06 -6.52941e-05 -0.0177086 0.087425 -5.96911e-05 0.000274176 8.31673e-06 -5.96911e-05 0.00957422 -0.0176904 -6.52941e-05 0.000274176 -0.0176904 0.0877314 
0.00966359 -0.0177149 -1.44838e-05 -4.84153e-05 -0.0177149 0.0874846 -4.24279e-05 0.000251516 -1.44838e-05 -4.24279e-05 0.00959275 -0.0176955 -4.84153e-05 0.000251516 -0.0176955 0.0877756 
0.00966039 -0.0176968 -2.24206e-05 -1.15138e-05 -0.0176968 0.0874427 -5.11852e-06 0.000169222 -2.24206e-05 -5.11852e-06 0.00959967 -0.0177025 -1.15138e-05 0.000169222 -0.0177025 0.0877636 
0.00965395 -0.0176534 -1.76588e-05 2.30489e-06 -0.0176534 0.087228 7.02008e-06 0.00010564 -1.76588e-05 7.02008e-06 0.00957493 -0.0176756 2.30489e-06 0.00010564 -0.0176756 0.0875968 
0.00962966 -0.0176495 -1.48991e-05 -4.05237e-06 -0.0176495 0.0871386 -4.38803e-06 0.000100635 -1.48991e-05 -4.38803e-06 0.00958133 -0.0176512 -4.05237e-06 0.000100635 -0.0176512 0.0874987 
0.00961662 -0.017614 -1.25927e-05 -8.52292e-06 -0.017614 0.0870262 -9.39214e-06 0.00011282 -1.25927e-05 -9.39214e-06 0.00957429 -0.0176564 -8.52292e-06 0.00011282 -0.0176564 0.0874416 
0.00959624 -0.0175823 -1.06532e-05 -1.10749e-05 -0.0175823 0.0868639 -1.23195e-05 0.000121321 -1.06532e-05 -1.23195e-05 0.00956399 -0.0176331 -1.10749e-05 0.000121321 -0.0176331 0.08733 
0.00958825 -0.0175855 -7.8198e-06 -1.32083e-05 -0.0175855 0.0868894 -1.40166e-05 0.000126397 -7.8198e-06 -1.40166e-05 0.00957157 -0.0176467 -1.32083e-05 0.000126397 -0.0176467 0.0873839 
0.00958047 -0.0175415 -1.4884e-05 -1.55673e-05 -0.0175415 0.0867189 -1.56661e-05 0.000128332 -1.4884e-05 -1.56661e-05 0.00954178 -0.0176227 -1.55673e-05 0.000128332 -0.0176227 0.0872555 
0.00957836 -0.0175293 -3.53801e-05 -7.97092e-06 -0.0175293 0.0866163 -5.41458e-06 0.000114718 -3.53801e-05 -5.41458e-06 0.0095172 -0.0175868 -7.97092e-06 0.000114718 -0.0175868 0.0871387 
0.00959755 -0.0175514 -4.48909e-05 1.67972e-05 -0.0175514 0.0866873 2.15185e-05 6.60672e-05 -4.48909e-05 2.15185e-05 0.00950076 -0.017576 1.67972e-05 6.60672e-05 -0.017576 0.0871387 
0.00961613 -0.0175862 -4.85937e-05 2.89835e-05 -0.0175862 0.0868069 3.90131e-05 1.55655e-05 -4.85937e-05 3.90131e-05 0.00949482 -0.0175624 2.89835e-05 1.55655e-05 -0.0175624 0.087146 
0.00964997 -0.0176476 -5.10515e-05 3.37172e-05 -0.0176476 0.0870841 4.74127e-05 -1.67417e-05 -5.10515e-05 4.74127e-05 0.00950384 -0.01759 3.37172e-05 -1.67417e-05 -0.01759 0.0873179 
0.0096773 -0.0177011 -4.00653e-05 3.52952e-05 -0.0177011 0.0873381 4.86597e-05 -2.8362e-05 -4.00653e-05 4.86597e-05 0.00951349 -0.0176172 3.52952e-05 -2.8362e-05 -0.0176172 0.0874953 
0.00969164 -0.0177185 -1.78141e-05 2.40985e-05 -0.0177185 0.0874325 3.53474e-05 -1.54606e-05 -1.78141e-05 3.53474e-05 0.00950975 -0.0176164 2.40985e-05 -1.54606e-05 -0.0176164 0.0875367 
0.00967243 -0.0176711 7.57414e-07 -3.15696e-06 -0.0176711 0.0871836 6.22254e-06 3.58012e-05 7.57414e-07 6.22254e-06 0.00948144 -0.0175467 -3.15696e-06 3.58012e-05 -0.0175467 0.0872358 
0.00965886 -0.0176752 2.8256e-05 -2.38433e-05 -0.0176752 0.0871627 -1.88316e-05 9.45459e-05 2.8256e-05 -1.88316e-05 0.00949076 -0.0175306 -2.38433e-05 9.45459e-05 -0.0175306 0.0871507 
0.00963763 -0.0176413 3.81982e-05 -5.36321e-05 -0.0176413 0.0870415 -5.38726e-05 0.000164852 3.81982e-05 -5.38726e-05 0.00950102 -0.0175261 -5.36321e-05 0.000164852 -0.0175261 0.0870489 
0.00965017 -0.0176759 3.87027e-05 -6.63554e-05 -0.0176759 0.0872454 -6.89044e-05 0.000219745 3.87027e-05 -6.89044e-05 0.00954296 -0.0176059 -6.63554e-05 0.000219745 -0.0176059 0.0873481 
0.00964714 -0.0176768 2.50278e-05 -6.56915e-05 -0.0176768 0.0872953 -6.54119e-05 0.000230107 2.50278e-05 -6.54119e-05 0.00957468 -0.0176503 -6.56915e-05 0.000230107 -0.0176503 0.0875182 
0.00964871 -0.0176749 9.03107e-06 -4.87447e-05 -0.0176749 0.0873215 -4.7141e-05 0.000202965 9.03107e-06 -4.7141e-05 0.0095931 -0.01769 -4.87447e-05 0.000202965 -0.01769 0.0876568 
0.00961899 -0.0176089 -2.11843e-05 -2.64969e-05 -0.0176089 0.0870037 -2.51117e-05 0.000150272 -2.11843e-05 -2.51117e-05 0.00957618 -0.0176472 -2.64969e-05 0.000150272 -0.0176472 0.0874249 
0.00960093 -0.0175757 -3.40177e-05 8.97173e-06 -0.0175757 0.0868203 1.03316e-05 7.46956e-05 -3.40177e-05 1.03316e-05 0.00957071 -0.0176316 8.97173e-06 7.46956e-05 -0.0176316 0.0873029 
0.00959623 -0.0175585 -2.79782e-05 2.7406e-05 -0.0175585 0.0867267 2.65481e-05 1.22133e-05 -2.79782e-05 2.65481e-05 0.00956369 -0.0176339 2.7406e-05 1.22133e-05 -0.0176339 0.0872706 
0.00960703 -0.0175611 -3.07438e-05 2.35705e-05 -0.0175611 0.0867145 1.8619e-05 -2.78066e-06 -3.07438e-05 1.8619e-05 0.00955858 -0.0176387 2.35705e-05 -2.78066e-06 -0.0176387 0.0872929 
0.00965099 -0.0176502 -2.35448e-05 2.30781e-05 -0.0176502 0.0871029 1.50739e-05 7.36195e-06 -2.35448e-05 1.50739e-05 0.00958414 -0.0177125 2.30781e-05 7.36195e-06 -0.0177125 0.0876801 
0.00967111 -0.0177203 -6.70657e-06 1.16063e-05 -0.0177203 0.0874502 2.92748e-06 3.37557e-05 -6.70657e-06 2.92748e-06 0.0096207 -0.0177678 1.16063e-05 3.37557e-05 -0.0177678 0.0880118 
0.00967958 -0.0177196 -5.09837e-06 -1.00064e-05 -0.0177196 0.0875198 -1.63447e-05 7.83063e-05 -5.09837e-06 -1.63447e-05 0.00963132 -0.0177826 -1.00064e-05 7.83063e-05 -0.0177826 0.0880939 
0.00907753 -0.0165928 -1.70936e-05 -1.49444e-05 -0.0165928 0.0819498 -1.67465e-05 0.000100886 -1.70936e-05 -1.67465e-05 0.00900369 -0.0166506 -1.49444e-05 0.000100886 -0.0166506 0.0824913 
0.00910819 -0.0166632 -2.81636e-05 -2.05003e-06 -0.0166632 0.0822483 2.02815e-06 8.486e-05 -2.81636e-05 2.02815e-06 0.00902885 -0.0166867 -2.05003e-06 8.486e-05 -0.0166867 0.0827377 
0.00911357 -0.0166505 -3.84541e-05 1.29019e-05 -0.0166505 0.082203 1.80345e-05 4.76524e-05 -3.84541e-05 1.80345e-05 0.00901579 -0.016666 1.29019e-05 4.76524e-05 -0.016666 0.0826468 
0.00914023 -0.0166865 -4.02926e-05 2.55756e-05 -0.0166865 0.0823281 2.74456e-05 1.72389e-05 -4.02926e-05 2.74456e-05 0.00902369 -0.0166692 2.55756e-05 1.72389e-05 -0.0166692 0.0826948 
0.00914362 -0.0167127 -3.57247e-05 2.64171e-05 -0.0167127 0.0824121 2.74532e-05 8.1854e-06 -3.57247e-05 2.74532e-05 0.00904078 -0.016678 2.64171e-05 8.1854e-06 -0.016678 0.0827224 
0.00913379 -0.0166878 -1.87835e-05 1.93607e-05 -0.0166878 0.0823068 1.74221e-05 2.46848e-05 -1.87835e-05 1.74221e-05 0.00904052 -0.0166659 1.93607e-05 2.46848e-05 -0.0166659 0.0826089 
0.00911155 -0.0166535 3.57668e-07 -2.38327e-06 -0.0166535 0.0821274 -7.06415e-06 7.25338e-05 3.57668e-07 -7.06415e-06 0.00902844 -0.016647 -2.38327e-06 7.25338e-05 -0.016647 0.0824627 
0.0097099 -0.0177862 4.42846e-06 -3.1056e-05 -0.0177862 0.0877146 -3.62911e-05 0.000151484 4.42846e-06 -3.62911e-05 0.00966217 -0.0177878 -3.1056e-05 0.000151484 -0.0177878 0.0880975 
0.0097021 -0.017751 -3.02892e-06 -3.67141e-05 -0.017751 0.0876314 -4.05806e-05 0.000190988 -3.02892e-06 -4.05806e-05 0.00965761 -0.0178082 -3.67141e-05 0.000190988 -0.0178082 0.0881151 
0.00971099 -0.0177555 7.74676e-06 -3.0031e-05 -0.0177555 0.0876473 -2.97739e-05 0.000189744 7.74676e-06 -2.97739e-05 0.00965853 -0.0178208 -3.0031e-05 0.000189744 -0.0178208 0.0881986 
0.00971085 -0.0177545 1.0611e-05 -4.43919e-05 -0.0177545 0.0876167 -4.06441e-05 0.000204922 1.0611e-05 -4.06441e-05 0.00965734 -0.0178116 -4.43919e-05 0.000204922 -0.0178116 0.0881771 
0.00908203 -0.0165929 1.1909e-05 -4.55809e-05 -0.0165929 0.0818789 -4.37938e-05 0.000211294 1.1909e-05 -4.37938e-05 0.00901052 -0.0166516 -4.55809e-05 0.000211294 -0.0166516 0.0824214 
0.00908839 -0.0166077 4.76603e-06 -4.29241e-05 -0.0166077 0.0819225 -4.62826e-05 0.000215232 4.76603e-06 -4.62826e-05 0.00899791 -0.0166408 -4.29241e-05 0.000215232 -0.0166408 0.0824388 
0.00911589 -0.0166234 -1.44666e-05 -2.7947e-05 -0.0166234 0.0819858 -3.63007e-05 0.000191756 -1.44666e-05 -3.63007e-05 0.00896946 -0.0166241 -2.7947e-05 0.000191756 -0.0166241 0.0824243 
0.00913469 -0.016706 -3.04832e-05 -3.63138e-07 -0.016706 0.0823108 -7.84673e-06 0.000129661 -3.04832e-05 -7.84673e-06 0.00899983 -0.0166379 -3.63138e-07 0.000129661 -0.0166379 0.0826086 
0.00913377 -0.0167153 -2.82258e-05 2.05414e-05 -0.0167153 0.0824308 1.73427e-05 5.96431e-05 -2.82258e-05 1.73427e-05 0.00901383 -0.0166565 2.05414e-05 5.96431e-05 -0.0166565 0.0826692 
0.0091358 -0.0166986 -1.8001e-05 1.34764e-05 -0.0166986 0.082408 1.44008e-05 4.04309e-05 -1.8001e-05 1.44008e-05 0.00901607 -0.0166632 1.34764e-05 4.04309e-05 -0.0166632 0.0826784 
0.00909499 -0.0166385 -2.17686e-06 2.88388e-07 -0.0166385 0.0820947 2.30332e-06 5.79296e-05 -2.17686e-06 2.30332e-06 0.00900765 -0.0166019 2.88388e-07 5.79296e-05 -0.0166019 0.0823797 
0.00905421 -0.0165944 7.3145e-06 -2.09244e-05 -0.0165944 0.0819002 -1.78916e-05 0.000100096 7.3145e-06 -1.78916e-05 0.00901839 -0.0165922 -2.09244e-05 0.000100096 -0.0165922 0.0822339 
0.00965606 -0.0176803 2.04523e-05 -4.01604e-05 -0.0176803 0.0873478 -3.6871e-05 0.000160992 2.04523e-05 -3.6871e-05 0.00963778 -0.0177526 -4.01604e-05 0.000160992 -0.0177526 0.0878553 
0.00961777 -0.01764 2.33448e-06 -5.66636e-05 -0.01764 0.0871555 -5.4237e-05 0.00021155 2.33448e-06 -5.4237e-05 0.00964986 -0.0177469 -5.66636e-05 0.00021155 -0.0177469 0.0877968 
0.00956802 -0.0175567 -1.96498e-05 -3.10264e-05 -0.0175567 0.0868236 -3.14273e-05 0.000194083 -1.96498e-05 -3.14273e-05 0.00964205 -0.0177325 -3.10264e-05 0.000194083 -0.0177325 0.0876295 
0.00958918 -0.0175485 -1.94369e-05 3.11515e-07 -0.0175485 0.0868355 -1.81701e-06 0.000126962 -1.94369e-05 -1.81701e-06 0.00963032 -0.0177789 3.11515e-07 0.000126962 -0.0177789 0.0878056 
0.00960643 -0.0175749 -5.8612e-06 3.95551e-06 -0.0175749 0.0868802 -1.02658e-06 8.94858e-05 -5.8612e-06 -1.02658e-06 0.00960901 -0.0177591 3.95551e-06 8.94858e-05 -0.0177591 0.0878387 
0.00960125 -0.0175609 4.27246e-06 -1.43674e-05 -0.0175609 0.0867611 -1.96537e-05 0.000110187 4.27246e-06 -1.96537e-05 0.00956465 -0.0176879 -1.43674e-05 0.000110187 -0.0176879 0.0875909 
0.00961325 -0.0175673 1.01645e-06 -2.96641e-05 -0.0175673 0.0867522 -3.1506e-05 0.000145893 1.01645e-06 -3.1506e-05 0.00952652 -0.0176359 -2.96641e-05 0.000145893 -0.0176359 0.0874194 
0.00961562 -0.017603 -1.73158e-05 -3.00347e-05 -0.017603 0.086867 -2.64287e-05 0.000159205 -1.73158e-05 -2.64287e-05 0.00952635 -0.0176028 -3.00347e-05 0.000159205 -0.0176028 0.0873489 
0.00959643 -0.0175718 -2.70689e-05 -7.81378e-06 -0.0175718 0.0867482 -1.83348e-07 0.000121415 -2.70689e-05 -1.83348e-07 0.00951152 -0.0175604 -7.81378e-06 0.000121415 -0.0175604 0.0871214 
0.00956709 -0.0175371 -2.77537e-05 1.22027e-05 -0.0175371 0.0865947 1.86112e-05 6.14409e-05 -2.77537e-05 1.86112e-05 0.00950752 -0.0175295 1.22027e-05 6.14409e-05 -0.0175295 0.0869358 
0.00957822 -0.0175175 -2.92162e-05 1.78459e-05 -0.0175175 0.0865526 1.81275e-05 3.0185e-05 -2.92162e-05 1.81275e-05 0.00949958 -0.0175459 1.78459e-05 3.0185e-05 -0.0175459 0.0869442 
0.00959213 -0.0175604 -3.32576e-05 1.88399e-05 -0.0175604 0.0866895 1.80105e-05 2.17615e-05 -3.32576e-05 1.80105e-05 0.00952084 -0.0175611 1.88399e-05 2.17615e-05 -0.0175611 0.08706 
0.00958154 -0.0175724 -3.28664e-05 2.06075e-05 -0.0175724 0.0867473 2.132e-05 1.78705e-05 -3.28664e-05 2.132e-05 0.00954787 -0.0175746 2.06075e-05 1.78705e-05 -0.0175746 0.0870894 
0.00959871 -0.017614 -2.83903e-05 1.87803e-05 -0.017614 0.0870272 2.07656e-05 1.93019e-05 -2.83903e-05 2.07656e-05 0.00960082 -0.0176707 1.87803e-05 1.93019e-05 -0.0176707 0.0874554 
0.00963986 -0.0176338 -3.23312e-05 1.05191e-05 -0.0176338 0.0871901 1.48984e-05 3.27398e-05 -3.23312e-05 1.48984e-05 0.00960614 -0.0177481 1.05191e-05 3.27398e-05 -0.0177481 0.0877717 
0.00968147 -0.0176727 -4.73805e-05 1.34583e-05 -0.0176727 0.0872991 1.75197e-05 3.85438e-05 -4.73805e-05 1.75197e-05 0.00958254 -0.0177552 1.34583e-05 3.85438e-05 -0.0177552 0.0879156 
0.00967906 -0.0176517 -4.64147e-05 3.38367e-05 -0.0176517 0.0870854 3.43482e-05 9.89e-06 -4.64147e-05 3.43482e-05 0.00952776 -0.0176553 3.38367e-05 9.89e-06 -0.0176553 0.0875815 
0.00964749 -0.0176397 -2.03863e-05 3.66739e-05 -0.0176397 0.0869246 3.58808e-05 -1.24963e-05 -2.03863e-05 3.58808e-05 0.00950635 -0.017563 3.66739e-05 -1.24963e-05 -0.017563 0.0872173 
0.00960591 -0.0176185 -7.55396e-06 8.71036e-06 -0.0176185 0.0868597 8.31248e-06 1.78967e-05 -7.55396e-06 8.31248e-06 0.00952153 -0.0175403 8.71036e-06 1.78967e-05 -0.0175403 0.0870486 
0.00955643 -0.0175472 4.9612e-06 -9.63648e-06 -0.0175472 0.0866483 -8.77893e-06 6.61223e-05 4.9612e-06 -8.77893e-06 0.00953111 -0.0175464 -9.63648e-06 6.61223e-05 -0.0175464 0.0869359 
0.00951455 -0.0174941 6.12181e-06 -3.0251e-05 -0.0174941 0.0864975 -2.63398e-05 0.000119857 6.12181e-06 -2.63398e-05 0.0095569 -0.0175745 -3.0251e-05 0.000119857 -0.0175745 0.0869785 
0.00947659 -0.017416 -6.31757e-06 -3.12028e-05 -0.017416 0.0862218 -2.8899e-05 0.000143621 -6.31757e-06 -2.8899e-05 0.00956629 -0.0175827 -3.12028e-05 0.000143621 -0.0175827 0.0869201 
0.00950816 -0.0174494 -8.36359e-06 -1.46768e-05 -0.0174494 0.0864218 -2.01588e-05 0.000135338 -8.36359e-06 -2.01588e-05 0.00959333 -0.0176732 -1.46768e-05 0.000135338 -0.0176732 0.0872986 
0.00956089 -0.017531 -1.82578e-05 -9.53969e-06 -0.017531 0.0867953 -1.85078e-05 0.000123557 -1.82578e-05 -1.85078e-05 0.00961915 -0.0177514 -9.53969e-06 0.000123557 -0.0177514 0.0877373 
0.00960229 -0.0175751 -1.85947e-05 -8.63692e-07 -0.0175751 0.0869708 -6.44881e-06 0.000106694 -1.85947e-05 -6.44881e-06 0.009611 -0.0177573 -8.63692e-07 0.000106694 -0.0177573 0.0878593 
0.00963926 -0.0176355 -1.95358e-05 1.05074e-06 -0.0176355 0.087174 1.58257e-07 8.75631e-05 -1.95358e-05 1.58257e-07 0.00960832 -0.0177468 1.05074e-06 8.75631e-05 -0.0177468 0.087909 
0.00965528 -0.0176628 -1.55398e-05 1.39258e-06 -0.0176628 0.0872467 1.88125e-06 7.97475e-05 -1.55398e-05 1.88125e-06 0.00959449 -0.0177205 1.39258e-06 7.97475e-05 -0.0177205 0.0878224 
