0.00658119 0 -5.03213e-06 0 0 0.00935225 0 0 -5.03213e-06 0 0.00663871 0 0 0 0 0.00935225 
0.00968243 -0.0120211 -9.55043e-06 1.12277e-05 -0.0120211 0.0319312 1.12277e-05 -2.17017e-05 -9.55043e-06 1.12277e-05 0.00970806 -0.012047 1.12277e-05 -2.17017e-05 -0.012047 0.0319814 
0.00998647 -0.0187153 -5.16114e-06 1.77382e-05 -0.0187153 0.0689709 1.77382e-05 -5.77649e-05 -5.16114e-06 1.77382e-05 0.00998559 -0.0185255 1.77382e-05 -5.77649e-05 -0.0185255 0.0683065 
0.00864587 -0.0169465 2.16359e-06 2.02794e-05 -0.0169465 0.076209 1.3868e-05 -9.20576e-05 2.16359e-06 1.3868e-05 0.00871349 -0.0166049 2.02794e-05 -9.20576e-05 -0.0166049 0.0743304 
0.00907997 -0.017271 -2.1962e-06 1.62461e-05 -0.017271 0.0839486 -3.37888e-06 -9.22986e-05 -2.1962e-06 -3.37888e-06 0.00924956 -0.0170373 1.62461e-05 -9.22986e-05 -0.0170373 0.08166 
0.00887343 -0.0165243 5.12522e-06 2.25842e-05 -0.0165243 0.08192 -3.39006e-06 -7.43787e-05 5.12522e-06 -3.39006e-06 0.00908489 -0.0165205 2.25842e-05 -7.43787e-05 -0.0165205 0.0804207 
0.00934826 -0.0172655 9.61211e-06 1.69461e-05 -0.0172655 0.0857749 -8.33611e-06 -6.25287e-05 9.61211e-06 -8.33611e-06 0.00955854 -0.0173858 1.69461e-05 -6.25287e-05 -0.0173858 0.0849814 
0.00913291 -0.0167689 5.8324e-06 5.94398e-06 -0.0167689 0.0832147 -5.03669e-06 -4.76137e-05 5.8324e-06 -5.03669e-06 0.00924324 -0.0168849 5.94398e-06 -4.76137e-05 -0.0168849 0.0828105 
0.00965101 -0.0177258 1.33879e-05 4.36396e-06 -0.0177258 0.0877066 5.06366e-06 -4.9603e-05 1.33879e-05 5.06366e-06 0.00970634 -0.0177082 4.36396e-06 -4.9603e-05 -0.0177082 0.0871885 
0.00950431 -0.0174968 9.62582e-06 -5.3137e-06 -0.0174968 0.08645 -2.97879e-06 -3.78644e-05 9.62582e-06 -2.97879e-06 0.00956349 -0.0173784 -5.3137e-06 -3.78644e-05 -0.0173784 0.0856747 
0.00940062 -0.0173271 1.67924e-05 4.06173e-07 -0.0173271 0.0856191 -2.53169e-06 -3.44478e-05 1.67924e-05 -2.53169e-06 0.00948108 -0.0172065 4.06173e-07 -3.44478e-05 -0.0172065 0.0847207 
0.00934367 -0.0172396 2.53506e-05 -6.25737e-06 -0.0172396 0.0852146 -8.77729e-06 -2.85926e-05 2.53506e-05 -8.77729e-06 0.0094484 -0.0171478 -6.25737e-06 -2.85926e-05 -0.0171478 0.0843283 
0.00931749 -0.0171602 4.84005e-06 -1.79263e-05 -0.0171602 0.0848646 -1.77752e-05 -9.9826e-06 4.84005e-06 -1.77752e-05 0.00939759 -0.0171045 -1.79263e-05 -9.9826e-06 -0.0171045 0.0840524 
0.00931989 -0.017152 -9.81544e-06 1.75168e-06 -0.017152 0.0847634 3.45701e-06 -2.66911e-05 -9.81544e-06 3.45701e-06 0.00936463 -0.0170693 1.75168e-06 -2.66911e-05 -0.0170693 0.0839478 
0.00933046 -0.0171775 4.66871e-07 2.266e-05 -0.0171775 0.0848329 2.39502e-05 -7.4441e-05 4.66871e-07 2.39502e-05 0.00935311 -0.0170538 2.266e-05 -7.4441e-05 -0.0170538 0.0839444 
0.00934237 -0.0172454 3.23545e-05 1.70312e-05 -0.0172454 0.0851425 1.32723e-05 -8.84012e-05 3.23545e-05 1.32723e-05 0.00939003 -0.0170892 1.70312e-05 -8.84012e-05 -0.0170892 0.0841644 
0.00935114 -0.0172971 5.56821e-05 -2.06569e-05 -0.0172971 0.0854878 -2.88302e-05 -2.7581e-05 5.56821e-05 -2.88302e-05 0.00944629 -0.0171718 -2.06569e-05 -2.7581e-05 -0.0171718 0.0845216 
0.00933452 -0.0172561 6.22827e-05 -4.88081e-05 -0.0172561 0.0854107 -5.84863e-05 4.90043e-05 6.22827e-05 -5.84863e-05 0.00945947 -0.0171947 -4.88081e-05 4.90043e-05 -0.0171947 0.0845709 
0.00931932 -0.0172032 6.54094e-05 -5.91292e-05 -0.0172032 0.0851999 -6.79369e-05 9.54026e-05 6.54094e-05 -6.79369e-05 0.00943694 -0.017191 -5.91292e-05 9.54026e-05 -0.017191 0.0845137 
0.00927957 -0.0171483 3.88934e-05 -6.28603e-05 -0.0171483 0.0849126 -6.80955e-05 0.000110924 3.88934e-05 -6.80955e-05 0.00942595 -0.0171379 -6.28603e-05 0.000110924 -0.0171379 0.0843065 
0.00924789 -0.0170535 -5.07712e-06 -3.00142e-05 -0.0170535 0.0844811 -2.99077e-05 5.54345e-05 -5.07712e-06 -2.99077e-05 0.00938092 -0.0170756 -3.00142e-05 5.54345e-05 -0.0170756 0.0839506 
0.00923321 -0.0169839 -1.11753e-05 2.43352e-05 -0.0169839 0.0840673 2.68365e-05 -6.32605e-05 -1.11753e-05 2.68365e-05 0.00932117 -0.0169894 2.43352e-05 -6.32605e-05 -0.0169894 0.0835493 
0.0092205 -0.0169916 -1.73542e-05 3.5867e-05 -0.0169916 0.0839757 3.79174e-05 -0.000139578 -1.73542e-05 3.79174e-05 0.00930515 -0.0169404 3.5867e-05 -0.000139578 -0.0169404 0.0833655 
0.00920682 -0.0170034 -1.91335e-05 4.62625e-05 -0.0170034 0.0840367 4.59547e-05 -0.000178721 -1.91335e-05 4.59547e-05 0.00932257 -0.0169455 4.62625e-05 -0.000178721 -0.0169455 0.0833649 
0.00920443 -0.0169944 -1.5328e-05 4.41757e-05 -0.0169944 0.0840631 4.33187e-05 -0.000184735 -1.5328e-05 4.33187e-05 0.00931906 -0.0169705 4.41757e-05 -0.000184735 -0.0169705 0.0834207 
0.00922497 -0.017031 -1.39528e-05 3.53846e-05 -0.017031 0.0842748 3.82598e-05 -0.000169893 -1.39528e-05 3.82598e-05 0.0093462 -0.0170211 3.53846e-05 -0.000169893 -0.0170211 0.0836968 
0.00925366 -0.0170551 -2.93355e-05 2.95044e-05 -0.0170551 0.084408 3.60558e-05 -0.000152279 -2.93355e-05 3.60558e-05 0.0093415 -0.0170518 2.95044e-05 -0.000152279 -0.0170518 0.0838615 
0.00926311 -0.0170654 -3.63493e-05 4.44321e-05 -0.0170654 0.0844002 5.05574e-05 -0.000161509 -3.63493e-05 5.05574e-05 0.00933212 -0.017019 4.44321e-05 -0.000161509 -0.017019 0.0837983 
0.00925815 -0.0170638 -2.07568e-05 5.63141e-05 -0.0170638 0.0843373 6.11859e-05 -0.000188688 -2.07568e-05 6.11859e-05 0.00931282 -0.0169782 5.63141e-05 -0.000188688 -0.0169782 0.083622 
0.00926947 -0.0170506 -1.4966e-05 3.84493e-05 -0.0170506 0.0842574 4.20398e-05 -0.000171291 -1.4966e-05 4.20398e-05 0.00928162 -0.0169419 3.84493e-05 -0.000171291 -0.0169419 0.0834486 
0.00927438 -0.0170604 -9.56357e-06 3.09925e-05 -0.0170604 0.0842159 3.33097e-05 -0.000144186 -9.56357e-06 3.33097e-05 0.00924865 -0.0168967 3.09925e-05 -0.000144186 -0.0168967 0.0832819 
0.00924266 -0.0170446 -3.0114e-06 2.48723e-05 -0.0170446 0.0840898 2.45158e-05 -0.000121869 -3.0114e-06 2.45158e-05 0.00922222 -0.016828 2.48723e-05 -0.000121869 -0.016828 0.0830065 
0.00920502 -0.0169888 3.2301e-06 1.75282e-05 -0.0169888 0.0838907 1.28483e-05 -9.78774e-05 3.2301e-06 1.28483e-05 0.00920354 -0.0167859 1.75282e-05 -9.78774e-05 -0.0167859 0.0827772 
0.00917537 -0.0169121 -9.32714e-07 1.07979e-05 -0.0169121 0.0835858 7.60927e-06 -8.04276e-05 -9.32714e-07 7.60927e-06 0.00918023 -0.0167465 1.07979e-05 -8.04276e-05 -0.0167465 0.0825511 
0.00918855 -0.0169468 -5.82229e-06 1.38643e-05 -0.0169468 0.0837484 1.7427e-05 -8.44034e-05 -5.82229e-06 1.7427e-05 0.00920803 -0.0167988 1.38643e-05 -8.44034e-05 -0.0167988 0.0827923 
0.00917711 -0.016957 -2.99774e-06 2.05081e-05 -0.016957 0.0838252 2.59098e-05 -0.000102007 -2.99774e-06 2.59098e-05 0.00923638 -0.0168291 2.05081e-05 -0.000102007 -0.0168291 0.0829322 
0.00920982 -0.0170326 -5.87057e-06 1.9847e-05 -0.0170326 0.0842871 2.20919e-05 -0.000108504 -5.87057e-06 2.20919e-05 0.00929964 -0.0169561 1.9847e-05 -0.000108504 -0.0169561 0.0835019 
0.00922318 -0.0170399 -2.19077e-05 2.29084e-05 -0.0170399 0.0844035 2.02651e-05 -0.00010606 -2.19077e-05 2.02651e-05 0.00932184 -0.0170043 2.29084e-05 -0.00010606 -0.0170043 0.0837409 
0.00922402 -0.0170477 -1.77553e-05 3.79401e-05 -0.0170477 0.0844498 3.63272e-05 -0.000123478 -1.77553e-05 3.63272e-05 0.0093362 -0.0170215 3.79401e-05 -0.000123478 -0.0170215 0.0838501 
0.00922298 -0.0170472 -9.18031e-06 3.19217e-05 -0.0170472 0.084482 3.73211e-05 -0.000130875 -9.18031e-06 3.73211e-05 0.00935483 -0.0170429 3.19217e-05 -0.000130875 -0.0170429 0.0839425 
0.00920335 -0.0170195 -5.12626e-06 1.95985e-05 -0.0170195 0.0843747 2.95561e-05 -0.000116614 -5.12626e-06 2.95561e-05 0.00936209 -0.0170434 1.95985e-05 -0.000116614 -0.0170434 0.0839104 
0.00919862 -0.0169896 -1.51444e-06 1.51591e-05 -0.0169896 0.0842599 2.23248e-05 -9.88682e-05 -1.51444e-06 2.23248e-05 0.00934707 -0.0170431 1.51591e-05 -9.88682e-05 -0.0170431 0.0838703 
0.00919871 -0.016974 -1.89792e-06 1.14333e-05 -0.016974 0.0841483 1.56881e-05 -8.2208e-05 -1.89792e-06 1.56881e-05 0.00932875 -0.0170109 1.14333e-05 -8.2208e-05 -0.0170109 0.083758 
0.00918342 -0.01692 5.32014e-06 1.25088e-05 -0.01692 0.0838221 1.44711e-05 -7.45086e-05 5.32014e-06 1.44711e-05 0.0092861 -0.0169244 1.25088e-05 -7.45086e-05 -0.0169244 0.08336 
0.00916262 -0.0168756 1.19637e-05 4.06081e-06 -0.0168756 0.0835113 2.68968e-06 -5.46118e-05 1.19637e-05 2.68968e-06 0.00925092 -0.0168449 4.06081e-06 -5.46118e-05 -0.0168449 0.0829584 
0.00917393 -0.0168974 1.07628e-05 -5.86799e-06 -0.0168974 0.0835559 -1.09331e-05 -2.19725e-05 1.07628e-05 -1.09331e-05 0.0092343 -0.0168491 -5.86799e-06 -2.19725e-05 -0.0168491 0.0829355 
0.00919974 -0.0169312 1.51775e-05 -2.91122e-06 -0.0169312 0.0836885 -1.10487e-05 -9.97045e-06 1.51775e-05 -1.10487e-05 0.0092238 -0.0168535 -2.91122e-06 -9.97045e-06 -0.0168535 0.0830055 
0.00922839 -0.0169961 1.71694e-05 -9.94428e-06 -0.0169961 0.0839493 -1.55172e-05 1.58711e-06 1.71694e-05 -1.55172e-05 0.0092226 -0.0168678 -9.94428e-06 1.58711e-06 -0.0168678 0.0831529 
0.00923117 -0.0170583 1.76598e-05 -1.68784e-05 -0.0170583 0.0842519 -1.77637e-05 1.62672e-05 1.76598e-05 -1.77637e-05 0.00925327 -0.0168886 -1.68784e-05 1.62672e-05 -0.0168886 0.0833344 
0.00921457 -0.0170023 8.75515e-06 -1.75309e-05 -0.0170023 0.0841025 -1.36991e-05 1.70571e-05 8.75515e-06 -1.36991e-05 0.00923157 -0.0168657 -1.75309e-05 1.70571e-05 -0.0168657 0.0831863 
0.00922105 -0.0170283 1.52671e-06 -9.68411e-06 -0.0170283 0.0842484 -2.6501e-06 3.72907e-06 1.52671e-06 -2.6501e-06 0.0092505 -0.0169 -9.68411e-06 3.72907e-06 -0.0169 0.0833763 
0.009201 -0.0169891 4.93493e-06 2.25507e-06 -0.0169891 0.084101 1.00747e-05 -2.75673e-05 4.93493e-06 1.00747e-05 0.00924338 -0.0168764 2.25507e-06 -2.75673e-05 -0.0168764 0.0832723 
0.00916341 -0.0169434 5.84221e-06 -9.70076e-07 -0.0169434 0.0838976 4.96778e-06 -3.45381e-05 5.84221e-06 4.96778e-06 0.00924802 -0.0168472 -9.70076e-07 -3.45381e-05 -0.0168472 0.0831157 
0.0091325 -0.0168566 8.21865e-06 -3.95161e-06 -0.0168566 0.0835337 7.80553e-07 -2.49928e-05 8.21865e-06 7.80553e-07 0.0092167 -0.0168093 -3.95161e-06 -2.49928e-05 -0.0168093 0.0828441 
0.00907835 -0.0167623 3.24188e-06 -7.93461e-06 -0.0167623 0.0830376 -4.64665e-06 -1.05412e-05 3.24188e-06 -4.64665e-06 0.00917048 -0.0167249 -7.93461e-06 -1.05412e-05 -0.0167249 0.0824236 
0.00903682 -0.0166415 7.51851e-07 -3.76541e-06 -0.0166415 0.0824468 -2.38597e-06 -4.43988e-06 7.51851e-07 -2.38597e-06 0.0090982 -0.0166208 -3.76541e-06 -4.43988e-06 -0.0166208 0.0818933 
0.00969395 -0.0178208 -7.37666e-06 4.46891e-06 -0.0178208 0.0881844 1.49012e-06 -1.55233e-05 -7.37666e-06 1.49012e-06 0.00970395 -0.0177646 4.46891e-06 -1.55233e-05 -0.0177646 0.0875747 
0.00969139 -0.0178545 -9.78712e-06 1.18417e-05 -0.0178545 0.0882263 1.27774e-05 -3.47714e-05 -9.78712e-06 1.27774e-05 0.00970207 -0.0177306 1.18417e-05 -3.47714e-05 -0.0177306 0.0874999 
0.00904331 -0.0167166 8.39751e-06 9.51293e-06 -0.0167166 0.0826214 1.78457e-05 -4.15582e-05 8.39751e-06 1.78457e-05 0.00910475 -0.016597 9.51293e-06 -4.15582e-05 -0.016597 0.081879 
0.00904884 -0.0167571 1.67218e-05 -1.47622e-05 -0.0167571 0.0829473 -3.24369e-06 -7.48368e-06 1.67218e-05 -3.24369e-06 0.00917512 -0.0167019 -1.47622e-05 -7.48368e-06 -0.0167019 0.0822907 
0.00905493 -0.016746 1.94378e-05 -2.833e-05 -0.016746 0.0830214 -1.90676e-05 4.06991e-05 1.94378e-05 -1.90676e-05 0.00920316 -0.0167782 -2.833e-05 4.06991e-05 -0.0167782 0.0825615 
0.00906306 -0.0167301 2.07446e-05 -2.96187e-05 -0.0167301 0.082958 -2.40433e-05 6.52527e-05 2.07446e-05 -2.40433e-05 0.00920141 -0.0167923 -2.96187e-05 6.52527e-05 -0.0167923 0.0826366 
0.00910252 -0.0167885 1.34352e-05 -3.1586e-05 -0.0167885 0.0831897 -2.66918e-05 7.71574e-05 1.34352e-05 -2.66918e-05 0.00921155 -0.0168344 -3.1586e-05 7.71574e-05 -0.0168344 0.082882 
0.00912222 -0.0168163 1.60376e-05 -2.06417e-05 -0.0168163 0.0832752 -1.71869e-05 6.55528e-05 1.60376e-05 -1.71869e-05 0.00920284 -0.0168228 -2.06417e-05 6.55528e-05 -0.0168228 0.0828963 
0.00916915 -0.0169118 6.30624e-06 -2.38048e-05 -0.0169118 0.0836957 -2.16225e-05 6.54767e-05 6.30624e-06 -2.16225e-05 0.00921629 -0.0168717 -2.38048e-05 6.54767e-05 -0.0168717 0.0831921 
0.00916994 -0.0169165 3.83715e-06 -1.48432e-05 -0.0169165 0.0837103 -1.13985e-05 5.48243e-05 3.83715e-06 -1.13985e-05 0.00919826 -0.0168281 -1.48432e-05 5.48243e-05 -0.0168281 0.083071 
0.00915079 -0.0168776 1.88819e-06 -1.22054e-05 -0.0168776 0.083517 -1.00026e-05 4.7393e-05 1.88819e-06 -1.00026e-05 0.00916472 -0.0167563 -1.22054e-05 4.7393e-05 -0.0167563 0.0827539 
0.00910935 -0.0168118 -1.16971e-05 -1.13462e-05 -0.0168118 0.0831802 -1.17987e-05 5.15953e-05 -1.16971e-05 -1.17987e-05 0.0091226 -0.0166709 -1.13462e-05 5.15953e-05 -0.0166709 0.0823351 
0.00908046 -0.0167297 -1.65031e-05 5.03963e-06 -0.0167297 0.0828004 7.05843e-06 2.63767e-05 -1.65031e-05 7.05843e-06 0.00907465 -0.0165978 5.03963e-06 2.63767e-05 -0.0165978 0.0819523 
0.00907932 -0.0167132 -1.11796e-05 1.17328e-05 -0.0167132 0.0826682 1.65575e-05 -1.64277e-06 -1.11796e-05 1.65575e-05 0.00905716 -0.0165655 1.17328e-05 -1.64277e-06 -0.0165655 0.0818119 
0.00907762 -0.0167098 -1.26261e-05 7.69326e-06 -0.0167098 0.0825958 1.27676e-05 -8.81577e-06 -1.26261e-05 1.27676e-05 0.00904341 -0.0165456 7.69326e-06 -8.81577e-06 -0.0165456 0.0817151 
0.00907795 -0.0167202 -2.53458e-05 9.40315e-06 -0.0167202 0.0826152 1.17855e-05 -8.3863e-06 -2.53458e-05 1.17855e-05 0.00905565 -0.016543 9.40315e-06 -8.3863e-06 -0.016543 0.08171 
0.00910703 -0.0168033 -3.50569e-05 2.30795e-05 -0.0168033 0.0830279 2.61988e-05 -2.85997e-05 -3.50569e-05 2.61988e-05 0.00910831 -0.0166408 2.30795e-05 -2.85997e-05 -0.0166408 0.0821325 
0.00909486 -0.0168384 -2.63633e-05 3.49853e-05 -0.0168384 0.0832655 3.78429e-05 -5.64831e-05 -2.63633e-05 3.78429e-05 0.00915823 -0.0167054 3.49853e-05 -5.64831e-05 -0.0167054 0.0824274 
0.00910329 -0.0168394 -1.38991e-05 2.78476e-05 -0.0168394 0.0834394 2.55257e-05 -5.4342e-05 -1.38991e-05 2.55257e-05 0.0091991 -0.0167906 2.78476e-05 -5.4342e-05 -0.0167906 0.0827667 
0.00905308 -0.0167024 -1.04569e-05 1.28607e-05 -0.0167024 0.0828166 7.74389e-06 -2.25752e-05 -1.04569e-05 7.74389e-06 0.00915036 -0.016701 1.28607e-05 -2.25752e-05 -0.016701 0.0823107 
0.00902202 -0.0166481 -2.645e-06 8.21537e-06 -0.0166481 0.0824835 2.53722e-06 1.93968e-07 -2.645e-06 2.53722e-06 0.00912247 -0.0166489 8.21537e-06 1.93968e-07 -0.0166489 0.0820421 
0.00964149 -0.0178108 1.03546e-05 2.07565e-06 -0.0178108 0.0882154 -2.68471e-06 1.11068e-05 1.03546e-05 -2.68471e-06 0.00975779 -0.0178085 2.07565e-06 1.11068e-05 -0.0178085 0.0877467 
0.00961969 -0.0177999 9.13269e-06 -1.69464e-05 -0.0177999 0.0881779 -1.76984e-05 4.22149e-05 9.13269e-06 -1.76984e-05 0.00975415 -0.0177983 -1.69464e-05 4.22149e-05 -0.0177983 0.0876971 
0.00898439 -0.0166193 1.72866e-06 -1.61247e-05 -0.0166193 0.0824031 -1.36553e-05 5.05205e-05 1.72866e-06 -1.36553e-05 0.00911069 -0.0166441 -1.61247e-05 5.05205e-05 -0.0166441 0.0819957 
0.00898533 -0.0166091 1.01632e-08 -1.05672e-05 -0.0166091 0.0823844 -5.98565e-06 4.37171e-05 1.01632e-08 -5.98565e-06 0.00911078 -0.0166432 -1.05672e-05 4.37171e-05 -0.0166432 0.0820254 
0.00961526 -0.017753 -2.62015e-06 -6.54659e-06 -0.017753 0.0880536 -6.96156e-06 3.98998e-05 -2.62015e-06 -6.96156e-06 0.00973686 -0.0177906 -6.54659e-06 3.98998e-05 -0.0177906 0.0876966 
0.00962871 -0.0177844 -1.2959e-05 6.63751e-07 -0.0177844 0.0881611 -3.01426e-06 2.54874e-05 -1.2959e-05 -3.01426e-06 0.00974824 -0.0178055 6.63751e-07 2.54874e-05 -0.0178055 0.0877876 
0.00964853 -0.0177844 -3.19066e-06 1.11005e-05 -0.0177844 0.088156 9.39624e-06 1.57982e-06 -3.19066e-06 9.39624e-06 0.00972447 -0.017803 1.11005e-05 1.57982e-06 -0.017803 0.0877682 
0.00904394 -0.0166474 1.17575e-05 2.34393e-07 -0.0166474 0.0824391 -8.84214e-07 4.90648e-06 1.17575e-05 -8.84214e-07 0.009064 -0.0166167 2.34393e-07 4.90648e-06 -0.0166167 0.0820027 
0.00907161 -0.016693 1.63225e-05 -1.52235e-05 -0.016693 0.0825776 -1.72771e-05 3.19718e-05 1.63225e-05 -1.72771e-05 0.00904147 -0.0165962 -1.52235e-05 3.19718e-05 -0.0165962 0.0819944 
0.00908221 -0.0167488 8.22768e-06 -1.47949e-05 -0.0167488 0.0827889 -2.10106e-05 4.16025e-05 8.22768e-06 -2.10106e-05 0.00905379 -0.0165795 -1.47949e-05 4.16025e-05 -0.0165795 0.0820144 
0.00911703 -0.0168082 5.97665e-06 -3.42884e-06 -0.0168082 0.0831311 -1.1093e-05 2.47263e-05 5.97665e-06 -1.1093e-05 0.00907547 -0.0166372 -3.42884e-06 2.47263e-05 -0.0166372 0.0822667 
0.00909345 -0.0167724 2.51217e-06 2.57328e-06 -0.0167724 0.0829654 -6.04792e-06 2.02386e-06 2.51217e-06 -6.04792e-06 0.00906747 -0.0165898 2.57328e-06 2.02386e-06 -0.0165898 0.082067 
0.00908653 -0.016768 1.20883e-05 7.10566e-06 -0.016768 0.0829622 -3.25392e-06 -1.13834e-05 1.20883e-05 -3.25392e-06 0.00909276 -0.0165998 7.10566e-06 -1.13834e-05 -0.0165998 0.0820669 
0.00908151 -0.0167592 2.01916e-05 -4.19212e-06 -0.0167592 0.0829419 -1.89693e-05 5.43787e-06 2.01916e-05 -1.89693e-05 0.00911592 -0.0166283 -4.19212e-06 5.43787e-06 -0.0166283 0.0821061 
0.00906944 -0.016747 8.96869e-06 -1.45561e-05 -0.016747 0.0828992 -2.96667e-05 3.23203e-05 8.96869e-06 -2.96667e-05 0.00913398 -0.0166582 -1.45561e-05 3.23203e-05 -0.0166582 0.0821648 
0.00908263 -0.0167896 -9.53769e-06 -1.21384e-06 -0.0167896 0.0831422 -1.13761e-05 1.72835e-05 -9.53769e-06 -1.13761e-05 0.00917293 -0.0167416 -1.21384e-06 1.72835e-05 -0.0167416 0.0825169 
0.00909884 -0.0167855 -1.92625e-05 2.17419e-05 -0.0167855 0.0831806 1.69795e-05 -3.82794e-05 -1.92625e-05 1.69795e-05 0.00917184 -0.0167704 2.17419e-05 -3.82794e-05 -0.0167704 0.0826516 
0.00909535 -0.0167817 -1.43878e-05 3.72463e-05 -0.0167817 0.0831113 3.59225e-05 -9.91204e-05 -1.43878e-05 3.59225e-05 0.00915207 -0.0167414 3.72463e-05 -9.91204e-05 -0.0167414 0.0825772 
0.00909398 -0.0167572 1.52429e-07 3.07028e-05 -0.0167572 0.082984 3.14904e-05 -0.000115897 1.52429e-07 3.14904e-05 0.00911744 -0.0166986 3.07028e-05 -0.000115897 -0.0166986 0.0824095 
0.00909282 -0.016748 1.33227e-05 9.52144e-06 -0.016748 0.082883 1.12872e-05 -8.29607e-05 1.33227e-05 1.12872e-05 0.00908892 -0.0166457 9.52144e-06 -8.29607e-05 -0.0166457 0.0822221 
0.0090488 -0.0167421 1.26768e-05 -1.10142e-05 -0.0167421 0.0828042 -8.7633e-06 -2.95595e-05 1.26768e-05 -8.7633e-06 0.00911087 -0.0165975 -1.10142e-05 -2.95595e-05 -0.0165975 0.0820266 
0.00903493 -0.0167462 8.93132e-06 -1.18816e-05 -0.0167462 0.082976 -9.8263e-06 -3.13417e-06 8.93132e-06 -9.8263e-06 0.0091656 -0.0166877 -1.18816e-05 -3.13417e-06 -0.0166877 0.0822882 
0.0090351 -0.0167126 7.63039e-06 -5.10312e-06 -0.0167126 0.0829562 -4.84007e-06 -6.45048e-06 7.63039e-06 -4.84007e-06 0.00917631 -0.0167541 -5.10312e-06 -6.45048e-06 -0.0167541 0.0825031 
0.00904415 -0.0166637 -7.54249e-07 -1.46809e-06 -0.0166637 0.0827304 -8.86583e-07 -1.83058e-05 -7.54249e-07 -8.86583e-07 0.00913376 -0.0167394 -1.46809e-06 -1.83058e-05 -0.0167394 0.0824626 
0.00901818 -0.016614 -5.17075e-06 1.16172e-05 -0.016614 0.0823438 1.25034e-05 -4.67811e-05 -5.17075e-06 1.25034e-05 0.00906802 -0.0166165 1.16172e-05 -4.67811e-05 -0.0166165 0.0820175 
0.00961917 -0.0177561 -4.23207e-06 1.87994e-05 -0.0177561 0.0879174 1.68857e-05 -7.14561e-05 -4.23207e-06 1.68857e-05 0.00967317 -0.0176856 1.87994e-05 -7.14561e-05 -0.0176856 0.0873805 
0.00957965 -0.0177049 -3.64358e-06 1.56149e-05 -0.0177049 0.0877024 1.51234e-05 -7.49598e-05 -3.64358e-06 1.51234e-05 0.00965861 -0.0176385 1.56149e-05 -7.49598e-05 -0.0176385 0.0870954 
0.0095614 -0.0176603 -1.28822e-05 1.06379e-05 -0.0176603 0.0875401 1.80964e-05 -7.11246e-05 -1.28822e-05 1.80964e-05 0.00964566 -0.0176284 1.06379e-05 -7.11246e-05 -0.0176284 0.0869767 
0.00955323 -0.0176202 -4.12068e-06 1.38658e-05 -0.0176202 0.0873488 2.75697e-05 -7.28176e-05 -4.12068e-06 2.75697e-05 0.00961731 -0.017609 1.38658e-05 -7.28176e-05 -0.017609 0.0868648 
0.00957361 -0.0176504 2.26629e-06 4.71166e-06 -0.0176504 0.087442 1.52724e-05 -5.85116e-05 2.26629e-06 1.52724e-05 0.00960414 -0.0176126 4.71166e-06 -5.85116e-05 -0.0176126 0.0869479 
0.00956142 -0.017637 9.98808e-06 -1.5587e-06 -0.017637 0.0873288 1.64523e-06 -3.14467e-05 9.98808e-06 1.64523e-06 0.00957243 -0.0175518 -1.5587e-06 -3.14467e-05 -0.0175518 0.0867433 
0.00955525 -0.0176632 -7.82078e-07 -9.89938e-06 -0.0176632 0.0874512 -1.16381e-05 -5.02888e-07 -7.82078e-07 -1.16381e-05 0.00958129 -0.0175484 -9.89938e-06 -5.02888e-07 -0.0175484 0.0867714 
0.00950486 -0.0175691 -9.2805e-06 4.11018e-06 -0.0175691 0.0870747 2.92256e-06 -1.06053e-05 -9.2805e-06 2.92256e-06 0.00955279 -0.0174806 4.11018e-06 -1.06053e-05 -0.0174806 0.0864105 
0.00946192 -0.0175028 -4.00263e-06 1.74604e-05 -0.0175028 0.0867871 1.75381e-05 -4.43249e-05 -4.00263e-06 1.75381e-05 0.0095426 -0.0174463 1.74604e-05 -4.43249e-05 -0.0174463 0.0861981 
0.00947059 -0.0174885 1.04045e-05 1.5364e-05 -0.0174885 0.0867746 1.30315e-05 -5.81454e-05 1.04045e-05 1.30315e-05 0.00953885 -0.0174825 1.5364e-05 -5.81454e-05 -0.0174825 0.0863116 
0.00946537 -0.0175036 2.81502e-05 -3.86697e-06 -0.0175036 0.0868117 -9.71906e-06 -2.51783e-05 2.81502e-05 -9.71906e-06 0.00955076 -0.017486 -3.86697e-06 -2.51783e-05 -0.017486 0.0863928 
0.00942709 -0.017474 3.76667e-05 -2.51942e-05 -0.017474 0.0867122 -3.35355e-05 2.76994e-05 3.76667e-05 -3.35355e-05 0.00956702 -0.0174776 -2.51942e-05 2.76994e-05 -0.0174776 0.0863349 
0.00941935 -0.0174416 4.21789e-05 -4.22441e-05 -0.0174416 0.0866672 -4.58239e-05 7.7484e-05 4.21789e-05 -4.58239e-05 0.00956829 -0.0175138 -4.22441e-05 7.7484e-05 -0.0175138 0.0864209 
0.00943181 -0.0173851 2.21876e-05 -5.19563e-05 -0.0173851 0.0864053 -4.80343e-05 0.00010638 2.21876e-05 -4.80343e-05 0.0095079 -0.0174754 -5.19563e-05 0.00010638 -0.0174754 0.0862623 
0.00943092 -0.0173884 -4.18041e-06 -2.84194e-05 -0.0173884 0.0862549 -2.28913e-05 8.00304e-05 -4.18041e-06 -2.28913e-05 0.00946458 -0.0173857 -2.84194e-05 8.00304e-05 -0.0173857 0.0859996 
0.00940727 -0.0173613 -2.2832e-05 4.58219e-06 -0.0173613 0.0860472 6.76054e-06 1.65636e-05 -2.2832e-05 6.76054e-06 0.0094347 -0.0172918 4.58219e-06 1.65636e-05 -0.0172918 0.0856044 
0.00938374 -0.0173452 -2.27932e-05 3.27843e-05 -0.0173452 0.0859623 3.27525e-05 -5.85298e-05 -2.27932e-05 3.27525e-05 0.00943806 -0.0172652 3.27843e-05 -5.85298e-05 -0.0172652 0.0854234 
0.00939765 -0.0173319 -1.60716e-05 3.46748e-05 -0.0173319 0.0859592 3.25289e-05 -9.0767e-05 -1.60716e-05 3.25289e-05 0.00943342 -0.0172994 3.46748e-05 -9.0767e-05 -0.0172994 0.0854822 
0.00941327 -0.0173984 -1.02995e-05 2.43493e-05 -0.0173984 0.0862301 2.21787e-05 -8.05018e-05 -1.02995e-05 2.21787e-05 0.00947624 -0.0173543 2.43493e-05 -8.05018e-05 -0.0173543 0.0857895 
0.00944011 -0.0174184 -1.244e-05 1.54315e-05 -0.0174184 0.0863905 1.33851e-05 -5.78222e-05 -1.244e-05 1.33851e-05 0.00948508 -0.0174095 1.54315e-05 -5.78222e-05 -0.0174095 0.0860137 
0.009449 -0.0174757 -2.27034e-06 1.5258e-05 -0.0174757 0.0866391 1.56783e-05 -4.69315e-05 -2.27034e-06 1.56783e-05 0.00951992 -0.0174505 1.5258e-05 -4.69315e-05 -0.0174505 0.0862802 
0.00944997 -0.0174706 -2.85342e-07 1.29846e-06 -0.0174706 0.0866934 6.867e-06 -2.86149e-05 -2.85342e-07 6.867e-06 0.00953835 -0.0174735 1.29846e-06 -2.86149e-05 -0.0174735 0.0863717 
0.00947016 -0.0175101 7.48113e-06 -2.91871e-06 -0.0175101 0.0869076 5.72028e-06 -1.3911e-05 7.48113e-06 5.72028e-06 0.00956528 -0.0175301 -2.91871e-06 -1.3911e-05 -0.0175301 0.0866284 
0.00946267 -0.0174694 1.04231e-05 -1.18166e-05 -0.0174694 0.0867238 -3.82075e-06 4.65024e-06 1.04231e-05 -3.82075e-06 0.00954223 -0.0174956 -1.18166e-05 4.65024e-06 -0.0174956 0.086468 
0.00947523 -0.0174814 -1.58428e-06 -1.51229e-05 -0.0174814 0.0867305 -9.09381e-06 2.09966e-05 -1.58428e-06 -9.09381e-06 0.00953456 -0.0174837 -1.51229e-05 2.09966e-05 -0.0174837 0.0864361 
0.00948681 -0.0175069 -2.81232e-06 4.00676e-07 -0.0175069 0.0868046 4.73817e-06 3.84745e-06 -2.81232e-06 4.73817e-06 0.00953252 -0.0174782 4.00676e-07 3.84745e-06 -0.0174782 0.0864305 
0.00949044 -0.017527 1.05771e-05 5.47855e-06 -0.017527 0.0868826 6.91171e-06 -1.56221e-05 1.05771e-05 6.91171e-06 0.0095417 -0.0174766 5.47855e-06 -1.56221e-05 -0.0174766 0.0864325 
0.00952298 -0.0175575 1.31322e-05 -5.44793e-06 -0.0175575 0.0870413 -8.66025e-06 -6.2876e-06 1.31322e-05 -8.66025e-06 0.00953593 -0.0175044 -5.44793e-06 -6.2876e-06 -0.0175044 0.0865428 
0.00956574 -0.01761 2.47909e-06 -9.3384e-06 -0.01761 0.0872331 -1.39499e-05 1.02793e-05 2.47909e-06 -1.39499e-05 0.00952617 -0.0175108 -9.3384e-06 1.02793e-05 -0.0175108 0.0866491 
0.00957652 -0.0176396 -2.29403e-05 2.97517e-06 -0.0176396 0.0872927 -2.72586e-06 3.59549e-08 -2.29403e-05 -2.72586e-06 0.00951793 -0.0174757 2.97517e-06 3.59549e-08 -0.0174757 0.0865643 
0.00954482 -0.0176086 -1.49584e-05 3.31369e-05 -0.0176086 0.0871194 2.70029e-05 -5.27301e-05 -1.49584e-05 2.70029e-05 0.00951086 -0.0174192 3.31369e-05 -5.27301e-05 -0.0174192 0.0862851 
0.00954312 -0.0176319 -1.5162e-05 2.36951e-05 -0.0176319 0.0872768 2.06953e-05 -6.8524e-05 -1.5162e-05 2.06953e-05 0.00954181 -0.0174709 2.36951e-05 -6.8524e-05 -0.0174709 0.0864466 
0.00954333 -0.0176572 -2.55846e-06 1.822e-05 -0.0176572 0.0874744 1.66006e-05 -5.29143e-05 -2.55846e-06 1.66006e-05 0.00957613 -0.0175363 1.822e-05 -5.29143e-05 -0.0175363 0.0867193 
0.00949285 -0.0175554 7.23422e-06 3.74409e-06 -0.0175554 0.0870704 -1.23591e-07 -2.17495e-05 7.23422e-06 -1.23591e-07 0.00955504 -0.0174836 3.74409e-06 -2.17495e-05 -0.0174836 0.0864353 
0.00945589 -0.0174982 1.73448e-05 -6.44991e-06 -0.0174982 0.0868287 -1.37476e-05 1.19755e-05 1.73448e-05 -1.37476e-05 0.00955629 -0.0174728 -6.44991e-06 1.19755e-05 -0.0174728 0.0863289 
0.00942498 -0.0173907 2.1638e-05 -1.61981e-05 -0.0173907 0.0863521 -2.424e-05 3.77182e-05 2.1638e-05 -2.424e-05 0.00951386 -0.0174222 -1.61981e-05 3.77182e-05 -0.0174222 0.0860123 
0.00941989 -0.0173701 7.46757e-06 -2.33618e-05 -0.0173701 0.0861616 -2.54139e-05 5.11106e-05 7.46757e-06 -2.54139e-05 0.00948402 -0.0173867 -2.33618e-05 5.11106e-05 -0.0173867 0.0858662 
0.00941103 -0.017424 -4.61689e-06 -1.13007e-05 -0.017424 0.08636 -3.5911e-06 2.99076e-05 -4.61689e-06 -3.5911e-06 0.00951678 -0.0174054 -1.13007e-05 2.99076e-05 -0.0174054 0.0860079 
0.00942237 -0.0174279 -7.35869e-06 2.3125e-06 -0.0174279 0.0865055 1.4675e-05 -9.42861e-06 -7.35869e-06 1.4675e-05 0.00952841 -0.0174601 2.3125e-06 -9.42861e-06 -0.0174601 0.0862012 
0.00944439 -0.0174349 -2.00688e-06 1.06155e-05 -0.0174349 0.0865649 1.86283e-05 -3.89953e-05 -2.00688e-06 1.86283e-05 0.00951972 -0.017478 1.06155e-05 -3.89953e-05 -0.017478 0.086328 
0.00944866 -0.0173915 6.72454e-06 5.17094e-06 -0.0173915 0.0862952 7.68843e-06 -3.41897e-05 6.72454e-06 7.68843e-06 0.00945858 -0.0173988 5.17094e-06 -3.41897e-05 -0.0173988 0.0860301 
0.00944227 -0.0173659 4.63161e-06 -5.42303e-06 -0.0173659 0.0860243 -5.38586e-06 -9.40144e-06 4.63161e-06 -5.38586e-06 0.0093912 -0.0172864 -5.42303e-06 -9.40144e-06 -0.0172864 0.0855982 
0.00946285 -0.0174656 -2.64006e-06 -6.43792e-06 -0.0174656 0.0864103 -3.84001e-06 5.34392e-06 -2.64006e-06 -3.84001e-06 0.00943184 -0.0173023 -6.43792e-06 5.34392e-06 -0.0173023 0.085767 
0.00948391 -0.0175075 -6.76602e-06 -1.12798e-07 -0.0175075 0.0866989 4.72496e-06 5.18799e-08 -6.76602e-06 4.72496e-06 0.00946846 -0.0173633 -1.12798e-07 5.18799e-08 -0.0173633 0.0859856 
0.00945725 -0.0175202 -7.65637e-06 6.088e-06 -0.0175202 0.0867872 1.09208e-05 -1.32931e-05 -7.65637e-06 1.09208e-05 0.00952223 -0.0173905 6.088e-06 -1.32931e-05 -0.0173905 0.0860837 
0.00944312 -0.0175303 -1.21172e-05 6.61956e-06 -0.0175303 0.0869884 1.25992e-05 -2.0483e-05 -1.21172e-05 1.25992e-05 0.0095932 -0.0174956 6.61956e-06 -2.0483e-05 -0.0174956 0.0864294 
0.00945272 -0.0175341 -1.18325e-05 1.08559e-05 -0.0175341 0.0871653 1.74796e-05 -2.82954e-05 -1.18325e-05 1.74796e-05 0.00964544 -0.0176143 1.08559e-05 -2.82954e-05 -0.0176143 0.0868696 
0.00945334 -0.0174919 -1.14848e-05 1.02994e-05 -0.0174919 0.0870149 1.32632e-05 -2.53997e-05 -1.14848e-05 1.32632e-05 0.00963291 -0.0176338 1.02994e-05 -2.53997e-05 -0.0176338 0.0869398 
