0.00663496 0 -8.08856e-05 0 0 0.00936035 0 0 -8.08856e-05 0 0.00657375 0 0 0 0 0.00936035 
0.00971856 -0.012061 -9.15019e-05 0.000109629 -0.012061 0.032017 0.000109629 -0.00021025 -9.15019e-05 0.000109629 0.00965941 -0.0119918 0.000109629 -0.00021025 -0.0119918 0.0318845 
0.00917793 -0.0170516 -4.43307e-05 3.78287e-05 -0.0170516 0.0628585 3.78287e-05 -9.38962e-05 -4.43307e-05 3.78287e-05 0.00915341 -0.017077 3.78287e-05 -9.38962e-05 -0.017077 0.0629702 
0.00874567 -0.0167805 -4.60626e-05 -8.77217e-05 -0.0167805 0.0751656 -8.94944e-05 0.000539804 -4.60626e-05 -8.94944e-05 0.0087055 -0.0169189 -8.77217e-05 0.000539804 -0.0169189 0.075959 
0.00932057 -0.0173132 -6.88095e-05 -7.52513e-05 -0.0173132 0.0832546 -7.77915e-05 0.000835332 -6.88095e-05 -7.77915e-05 0.00923669 -0.017423 -7.52513e-05 0.000835332 -0.017423 0.0843346 
0.00906728 -0.0165912 -7.52071e-05 -8.72375e-06 -0.0165912 0.0811509 -9.24462e-06 0.000604021 -7.52071e-05 -9.24462e-06 0.00897636 -0.0166055 -8.72375e-06 0.000604021 -0.0166055 0.0819154 
0.00949462 -0.0173343 -7.08024e-05 2.89206e-05 -0.0173343 0.085105 2.46703e-05 0.000373466 -7.08024e-05 2.46703e-05 0.00941042 -0.0173033 2.89206e-05 0.000373466 -0.0173033 0.0855712 
0.00914934 -0.0167389 -5.2858e-05 2.2896e-05 -0.0167389 0.0823568 1.2849e-05 0.000250203 -5.2858e-05 1.2849e-05 0.00913778 -0.0167135 2.2896e-05 0.000250203 -0.0167135 0.0826504 
0.00959887 -0.0175078 -4.97496e-05 -4.18516e-06 -0.0175078 0.0863379 -1.48777e-05 0.000272232 -4.97496e-05 -1.48777e-05 0.00959261 -0.0175825 -4.18516e-06 0.000272232 -0.0175825 0.0867516 
0.00947821 -0.0172635 -4.50112e-05 -2.38058e-05 -0.0172635 0.0850982 -2.97029e-05 0.000320506 -4.50112e-05 -2.97029e-05 0.00944715 -0.017363 -2.38058e-05 0.000320506 -0.017363 0.0856371 
0.00944812 -0.0171893 -4.60381e-05 -3.13e-05 -0.0171893 0.084645 -3.57145e-05 0.000355147 -4.60381e-05 -3.57145e-05 0.00938454 -0.0172555 -3.13e-05 0.000355147 -0.0172555 0.0851742 
0.00946205 -0.0172658 -4.59e-05 -3.09558e-05 -0.0172658 0.0849169 -3.70097e-05 0.000374707 -4.59e-05 -3.70097e-05 0.00940961 -0.017281 -3.09558e-05 0.000374707 -0.017281 0.085338 
0.00944578 -0.0172816 -5.81585e-05 -2.96124e-05 -0.0172816 0.0850421 -3.98805e-05 0.000383749 -5.81585e-05 -3.98805e-05 0.00943889 -0.0173 -2.96124e-05 0.000383749 -0.0173 0.0854043 
0.00942223 -0.0172227 -3.67254e-05 -1.27548e-05 -0.0172227 0.0848763 -2.35383e-05 0.000359602 -3.67254e-05 -2.35383e-05 0.00944151 -0.0173044 -1.27548e-05 0.000359602 -0.0173044 0.0853259 
0.00941949 -0.017217 -1.50011e-05 -3.95995e-05 -0.017217 0.0848699 -4.61658e-05 0.00038293 -1.50011e-05 -4.61658e-05 0.00946233 -0.0173383 -3.95995e-05 0.00038293 -0.0173383 0.0854372 
0.00942112 -0.017172 -2.69672e-05 -6.9028e-05 -0.017172 0.0846594 -7.00467e-05 0.000441721 -2.69672e-05 -7.00467e-05 0.00941853 -0.0173224 -6.9028e-05 0.000441721 -0.0173224 0.0853176 
0.00945166 -0.0172434 -4.83521e-05 -5.71014e-05 -0.0172434 0.0849069 -5.58893e-05 0.000449662 -4.83521e-05 -5.58893e-05 0.00942047 -0.0173372 -5.71014e-05 0.000449662 -0.0173372 0.0855105 
0.00946861 -0.0172675 -5.08377e-05 -2.76867e-05 -0.0172675 0.0850165 -2.74992e-05 0.000396878 -5.08377e-05 -2.74992e-05 0.0094185 -0.0173236 -2.76867e-05 0.000396878 -0.0173236 0.0855176 
0.00947512 -0.0173009 -3.84611e-05 -2.21979e-05 -0.0173009 0.0851491 -2.27308e-05 0.000359608 -3.84611e-05 -2.27308e-05 0.00941698 -0.0173231 -2.21979e-05 0.000359608 -0.0173231 0.0855441 
0.00945167 -0.0172738 -2.38262e-05 -3.67496e-05 -0.0172738 0.0850425 -3.90363e-05 0.000371057 -2.38262e-05 -3.90363e-05 0.00939948 -0.0172802 -3.67496e-05 0.000371057 -0.0172802 0.0853626 
0.00945169 -0.0172484 -2.62549e-05 -5.19437e-05 -0.0172484 0.084955 -5.60369e-05 0.000403723 -2.62549e-05 -5.60369e-05 0.00938376 -0.017251 -5.19437e-05 0.000403723 -0.017251 0.0852252 
0.00945339 -0.017228 -3.77245e-05 -5.32682e-05 -0.017228 0.0848122 -5.47411e-05 0.000420566 -3.77245e-05 -5.47411e-05 0.0093535 -0.0172065 -5.32682e-05 0.000420566 -0.0172065 0.0850186 
0.00944262 -0.0172197 -5.58834e-05 -4.08139e-05 -0.0172197 0.0846966 -4.19496e-05 0.000407044 -5.58834e-05 -4.19496e-05 0.00933208 -0.0171551 -4.08139e-05 0.000407044 -0.0171551 0.0847982 
0.00939561 -0.0171992 -5.21821e-05 -1.60572e-05 -0.0171992 0.0845843 -1.95398e-05 0.000361499 -5.21821e-05 -1.95398e-05 0.00934474 -0.0171222 -1.60572e-05 0.000361499 -0.0171222 0.0846184 
0.00936413 -0.0171006 -3.43954e-05 -1.60193e-05 -0.0171006 0.0842455 -1.86723e-05 0.000332356 -3.43954e-05 -1.86723e-05 0.00931114 -0.0171061 -1.60193e-05 0.000332356 -0.0171061 0.0843947 
0.00936297 -0.0170954 -3.57245e-05 -3.92337e-05 -0.0170954 0.0841906 -3.98329e-05 0.000359445 -3.57245e-05 -3.98329e-05 0.00929307 -0.0171046 -3.92337e-05 0.000359445 -0.0171046 0.084422 
0.00935586 -0.0170892 -1.56698e-05 -4.15632e-05 -0.0170892 0.0841501 -4.36263e-05 0.000385392 -1.56698e-05 -4.36263e-05 0.00927969 -0.0170817 -4.15632e-05 0.000385392 -0.0170817 0.0843829 
0.00933378 -0.017053 -8.41999e-06 -6.03577e-05 -0.017053 0.0839805 -6.49144e-05 0.00041717 -8.41999e-06 -6.49144e-05 0.00925591 -0.0170324 -6.03577e-05 0.00041717 -0.0170324 0.0841803 
0.00929477 -0.0170077 -4.80242e-06 -6.86919e-05 -0.0170077 0.0837637 -7.16836e-05 0.000443025 -4.80242e-06 -7.16836e-05 0.00923945 -0.0169769 -6.86919e-05 0.000443025 -0.0169769 0.0839238 
0.00925041 -0.0169508 -8.34398e-06 -7.47723e-05 -0.0169508 0.0835438 -7.04897e-05 0.000451315 -8.34398e-06 -7.04897e-05 0.00923841 -0.0169459 -7.47723e-05 0.000451315 -0.0169459 0.0837256 
0.0092553 -0.0169296 -2.6898e-05 -6.88193e-05 -0.0169296 0.0835245 -5.92304e-05 0.000433769 -2.6898e-05 -5.92304e-05 0.00924585 -0.0169835 -6.88193e-05 0.000433769 -0.0169835 0.0838194 
0.00926245 -0.0169542 -3.21549e-05 -4.88927e-05 -0.0169542 0.0836196 -3.66483e-05 0.000393275 -3.21549e-05 -3.66483e-05 0.00926257 -0.0170164 -4.88927e-05 0.000393275 -0.0170164 0.0839901 
0.00929651 -0.0170041 -2.55528e-05 -4.129e-05 -0.0170041 0.0838785 -3.14763e-05 0.000362633 -2.55528e-05 -3.14763e-05 0.00928216 -0.0170715 -4.129e-05 0.000362633 -0.0170715 0.0842693 
0.00935885 -0.017037 -2.42038e-05 -4.81857e-05 -0.017037 0.0840252 -4.30299e-05 0.000368201 -2.42038e-05 -4.30299e-05 0.00925557 -0.0170908 -4.81857e-05 0.000368201 -0.0170908 0.0844056 
0.00937965 -0.0170718 -1.39646e-05 -5.16409e-05 -0.0170718 0.0840079 -5.0375e-05 0.000387305 -1.39646e-05 -5.0375e-05 0.00922412 -0.0170144 -5.16409e-05 0.000387305 -0.0170144 0.084206 
0.0093929 -0.0171065 4.22141e-06 -6.24109e-05 -0.0171065 0.0840819 -6.36495e-05 0.000413642 4.22141e-06 -6.36495e-05 0.00920656 -0.0169762 -6.24109e-05 0.000413642 -0.0169762 0.0840622 
0.0093973 -0.0171642 -2.14995e-06 -8.40602e-05 -0.0171642 0.0843215 -8.80793e-05 0.000462943 -2.14995e-06 -8.80793e-05 0.00925347 -0.016984 -8.40602e-05 0.000462943 -0.016984 0.0841266 
0.00940334 -0.0172327 -1.28682e-05 -7.82366e-05 -0.0172327 0.084733 -8.55642e-05 0.000485378 -1.28682e-05 -8.55642e-05 0.00933151 -0.0170957 -7.82366e-05 0.000485378 -0.0170957 0.0845257 
0.00942336 -0.0172806 -2.2244e-05 -6.52784e-05 -0.0172806 0.0851454 -7.28212e-05 0.000469625 -2.2244e-05 -7.28212e-05 0.00940729 -0.0172528 -6.52784e-05 0.000469625 -0.0172528 0.0851454 
0.00943013 -0.0172721 -2.41703e-05 -5.11367e-05 -0.0172721 0.0852274 -5.88392e-05 0.000436287 -2.41703e-05 -5.88392e-05 0.00944037 -0.0173314 -5.11367e-05 0.000436287 -0.0173314 0.0854866 
0.00942283 -0.0172321 -3.57268e-05 -5.05064e-05 -0.0172321 0.0850658 -5.53512e-05 0.000418742 -3.57268e-05 -5.53512e-05 0.00943736 -0.0173345 -5.05064e-05 0.000418742 -0.0173345 0.08551 
0.00941663 -0.0171831 -5.03889e-05 -3.83409e-05 -0.0171831 0.0847891 -3.74169e-05 0.000390065 -5.03889e-05 -3.74169e-05 0.00940236 -0.0172878 -3.83409e-05 0.000390065 -0.0172878 0.0853025 
0.00937265 -0.0171215 -5.82401e-05 -1.86016e-05 -0.0171215 0.0843881 -1.77462e-05 0.000342801 -5.82401e-05 -1.77462e-05 0.00936431 -0.0171869 -1.86016e-05 0.000342801 -0.0171869 0.0848582 
0.00933174 -0.0170695 -4.51603e-05 -7.19573e-06 -0.0170695 0.0841265 -7.97274e-06 0.000304642 -4.51603e-05 -7.97274e-06 0.00934221 -0.0171384 -7.19573e-06 0.000304642 -0.0171384 0.0845715 
0.00932506 -0.0170566 -3.48199e-05 -2.38478e-05 -0.0170566 0.0841039 -2.19625e-05 0.00031374 -3.48199e-05 -2.19625e-05 0.00933244 -0.0171484 -2.38478e-05 0.00031374 -0.0171484 0.0845826 
0.00933394 -0.0170759 -2.32358e-05 -4.21963e-05 -0.0170759 0.0842103 -3.33865e-05 0.000349332 -2.32358e-05 -3.33865e-05 0.00933309 -0.017166 -4.21963e-05 0.000349332 -0.017166 0.0847091 
0.00933793 -0.0170591 -2.64389e-05 -5.79042e-05 -0.0170591 0.0841506 -4.89843e-05 0.000388515 -2.64389e-05 -4.89843e-05 0.00931649 -0.0171443 -5.79042e-05 0.000388515 -0.0171443 0.0846502 
0.00931954 -0.0170325 -1.92223e-05 -4.94617e-05 -0.0170325 0.083978 -4.6706e-05 0.000394333 -1.92223e-05 -4.6706e-05 0.00929487 -0.0170914 -4.94617e-05 0.000394333 -0.0170914 0.0844342 
0.00929762 -0.016989 -2.45345e-05 -4.9772e-05 -0.016989 0.0837521 -5.17867e-05 0.000389126 -2.45345e-05 -5.17867e-05 0.00926762 -0.0170322 -4.9772e-05 0.000389126 -0.0170322 0.0841464 
0.00928572 -0.0169758 -4.29065e-05 -4.28759e-05 -0.0169758 0.0836647 -4.67484e-05 0.000379086 -4.29065e-05 -4.67484e-05 0.00926353 -0.0170062 -4.28759e-05 0.000379086 -0.0170062 0.0840061 
0.00927753 -0.0169714 -3.07146e-05 -2.24539e-05 -0.0169714 0.0836419 -2.83017e-05 0.000346601 -3.07146e-05 -2.83017e-05 0.00924906 -0.0170042 -2.24539e-05 0.000346601 -0.0170042 0.0839542 
0.00926695 -0.0169719 -1.04121e-05 -3.55729e-05 -0.0169719 0.0836589 -4.36454e-05 0.000351064 -1.04121e-05 -4.36454e-05 0.00924888 -0.0169937 -3.55729e-05 0.000351064 -0.0169937 0.0839385 
0.00926424 -0.0169558 -3.14532e-06 -5.93979e-05 -0.0169558 0.0836248 -7.10437e-05 0.000399535 -3.14532e-06 -7.10437e-05 0.00924201 -0.0169834 -5.93979e-05 0.000399535 -0.0169834 0.0838856 
0.00927902 -0.016989 -1.21289e-05 -7.14207e-05 -0.016989 0.0837826 -8.16903e-05 0.000444819 -1.21289e-05 -8.16903e-05 0.00925406 -0.0170093 -7.14207e-05 0.000444819 -0.0170093 0.0840231 
0.00928824 -0.017006 -3.33424e-05 -6.17315e-05 -0.017006 0.0838756 -6.50359e-05 0.000437791 -3.33424e-05 -6.50359e-05 0.00925254 -0.0170176 -6.17315e-05 0.000437791 -0.0170176 0.0840842 
0.00930388 -0.0169918 -5.33256e-05 -3.37495e-05 -0.0169918 0.0838222 -3.00932e-05 0.000372765 -5.33256e-05 -3.00932e-05 0.00921606 -0.0169989 -3.37495e-05 0.000372765 -0.0169989 0.0840204 
0.00928799 -0.0170081 -5.57344e-05 -7.86162e-06 -0.0170081 0.0838108 3.00924e-06 0.000289327 -5.57344e-05 3.00924e-06 0.00921085 -0.0169475 -7.86162e-06 0.000289327 -0.0169475 0.0838979 
0.00928367 -0.0170155 -4.66774e-05 -1.27892e-06 -0.0170155 0.0839149 9.10035e-06 0.000240884 -4.66774e-05 9.10035e-06 0.00922319 -0.0169668 -1.27892e-06 0.000240884 -0.0169668 0.0839616 
0.00925074 -0.0169521 -2.68458e-05 -1.11402e-05 -0.0169521 0.0836751 -5.57305e-06 0.000243162 -2.68458e-05 -5.57305e-06 0.00921117 -0.0169361 -1.11402e-05 0.000243162 -0.0169361 0.083785 
0.00921343 -0.0168589 -7.13231e-06 -3.48351e-05 -0.0168589 0.0832445 -3.48179e-05 0.000290578 -7.13231e-06 -3.48179e-05 0.00917142 -0.0168702 -3.48351e-05 0.000290578 -0.0168702 0.0834319 
0.0091771 -0.0167913 -2.86406e-06 -6.16494e-05 -0.0167913 0.0828749 -6.55485e-05 0.000362982 -2.86406e-06 -6.55485e-05 0.00913721 -0.0168056 -6.16494e-05 0.000362982 -0.0168056 0.0831079 
0.00916771 -0.0167794 4.42019e-06 -6.83627e-05 -0.0167794 0.0827958 -7.30572e-05 0.000407959 4.42019e-06 -7.30572e-05 0.00912374 -0.0167932 -6.83627e-05 0.000407959 -0.0167932 0.083037 
0.00914643 -0.0167691 -8.41743e-07 -7.40426e-05 -0.0167691 0.0827449 -7.72441e-05 0.000424556 -8.41743e-07 -7.72441e-05 0.00913007 -0.0167774 -7.40426e-05 0.000424556 -0.0167774 0.0829799 
0.00909618 -0.0166962 -1.40462e-05 -6.5512e-05 -0.0166962 0.0824479 -6.84225e-05 0.000413204 -1.40462e-05 -6.84225e-05 0.00912341 -0.0167382 -6.5512e-05 0.000413204 -0.0167382 0.0827313 
0.00908053 -0.0166224 -3.59604e-05 -4.33296e-05 -0.0166224 0.0821553 -4.85177e-05 0.000366622 -3.59604e-05 -4.85177e-05 0.00909778 -0.0167201 -4.33296e-05 0.000366622 -0.0167201 0.0825529 
0.00910916 -0.0166661 -5.10129e-05 -1.61199e-05 -0.0166661 0.0822983 -2.08737e-05 0.000301797 -5.10129e-05 -2.08737e-05 0.00910911 -0.0167524 -1.61199e-05 0.000301797 -0.0167524 0.0827312 
0.0091227 -0.0167117 -5.18992e-05 3.85855e-06 -0.0167117 0.082462 8.24251e-07 0.000237509 -5.18992e-05 8.24251e-07 0.00912557 -0.0167661 3.85855e-06 0.000237509 -0.0167661 0.0828328 
0.00910788 -0.0167073 -5.41479e-05 2.75007e-06 -0.0167073 0.0824547 2.26128e-06 0.000213263 -5.41479e-05 2.26128e-06 0.00913955 -0.0167623 2.75007e-06 0.000213263 -0.0167623 0.0827875 
0.00910323 -0.0167038 -3.80397e-05 3.56384e-06 -0.0167038 0.0824923 3.79612e-06 0.000208871 -3.80397e-05 3.79612e-06 0.00914424 -0.0167954 3.56384e-06 0.000208871 -0.0167954 0.082871 
0.00911559 -0.0167118 -3.64039e-05 -1.514e-05 -0.0167118 0.0825678 -1.31346e-05 0.000232417 -3.64039e-05 -1.31346e-05 0.00913234 -0.0168184 -1.514e-05 0.000232417 -0.0168184 0.0830014 
0.0090894 -0.0166813 -3.78076e-05 -1.91515e-05 -0.0166813 0.0824002 -1.62738e-05 0.000252733 -3.78076e-05 -1.62738e-05 0.00911543 -0.0167538 -1.91515e-05 0.000252733 -0.0167538 0.0827949 
0.00911669 -0.0167107 -3.29956e-05 -1.75357e-05 -0.0167107 0.0825814 -1.49223e-05 0.000257208 -3.29956e-05 -1.49223e-05 0.00912501 -0.0167914 -1.75357e-05 0.000257208 -0.0167914 0.0829585 
0.00915097 -0.0167322 -1.81682e-05 -2.38282e-05 -0.0167322 0.0826622 -2.20716e-05 0.000267473 -1.81682e-05 -2.20716e-05 0.00910019 -0.0167948 -2.38282e-05 0.000267473 -0.0167948 0.0830143 
0.00916636 -0.0167588 -1.46831e-05 -4.58469e-05 -0.0167588 0.0826932 -4.1292e-05 0.000309354 -1.46831e-05 -4.1292e-05 0.00907942 -0.0167501 -4.58469e-05 0.000309354 -0.0167501 0.0829244 
0.00919678 -0.016821 -3.10951e-05 -5.27969e-05 -0.016821 0.0829409 -4.90682e-05 0.000344775 -3.10951e-05 -4.90682e-05 0.00908047 -0.0167536 -5.27969e-05 0.000344775 -0.0167536 0.0830037 
0.00920754 -0.0168319 -3.84124e-05 -3.18808e-05 -0.0168319 0.0829741 -3.24519e-05 0.000329381 -3.84124e-05 -3.24519e-05 0.00906103 -0.0167225 -3.18808e-05 0.000329381 -0.0167225 0.0828933 
0.00917289 -0.0167777 -4.11701e-05 -1.57021e-05 -0.0167777 0.082664 -2.02802e-05 0.000289348 -4.11701e-05 -2.02802e-05 0.00902987 -0.0166215 -1.57021e-05 0.000289348 -0.0166215 0.0824401 
0.00915368 -0.0167593 -3.11588e-05 -7.31988e-06 -0.0167593 0.0825738 -1.51625e-05 0.000258232 -3.11588e-05 -1.51625e-05 0.00902885 -0.0166074 -7.31988e-06 0.000258232 -0.0166074 0.0822992 
0.00915737 -0.0167801 -2.24656e-05 -1.90349e-05 -0.0167801 0.0827066 -2.5389e-05 0.000261824 -2.24656e-05 -2.5389e-05 0.00905748 -0.0166532 -1.90349e-05 0.000261824 -0.0166532 0.0824617 
0.00915446 -0.016813 -2.25428e-05 -3.64267e-05 -0.016813 0.0829152 -3.60211e-05 0.00029151 -2.25428e-05 -3.60211e-05 0.00910716 -0.0167223 -3.64267e-05 0.00029151 -0.0167223 0.082752 
0.00914299 -0.0167765 -3.01514e-05 -4.16163e-05 -0.0167765 0.0828529 -3.31705e-05 0.000307967 -3.01514e-05 -3.31705e-05 0.00912052 -0.0167591 -4.16163e-05 0.000307967 -0.0167591 0.0828494 
0.00914104 -0.0167831 -2.35912e-05 -3.26846e-05 -0.0167831 0.0829218 -2.49591e-05 0.0003008 -2.35912e-05 -2.49591e-05 0.00914947 -0.016812 -3.26846e-05 0.0003008 -0.016812 0.0830852 
0.00913328 -0.0167759 -1.93115e-05 -4.02188e-05 -0.0167759 0.0829435 -3.47874e-05 0.000309803 -1.93115e-05 -3.47874e-05 0.00917018 -0.0168523 -4.02188e-05 0.000309803 -0.0168523 0.0832603 
0.0091481 -0.0167509 -1.30229e-06 -4.27482e-05 -0.0167509 0.0828784 -3.95788e-05 0.000320406 -1.30229e-06 -3.95788e-05 0.00916083 -0.016872 -4.27482e-05 0.000320406 -0.016872 0.0833422 
0.00914308 -0.0167105 -6.98421e-06 -6.24899e-05 -0.0167105 0.0825959 -6.25292e-05 0.000355824 -6.98421e-06 -6.25292e-05 0.00911417 -0.0168044 -6.24899e-05 0.000355824 -0.0168044 0.0830842 
0.00913266 -0.0167177 -9.14923e-06 -5.6233e-05 -0.0167177 0.0825259 -5.903e-05 0.00036945 -9.14923e-06 -5.903e-05 0.00909704 -0.0167561 -5.6233e-05 0.00036945 -0.0167561 0.0829196 
0.00911914 -0.0166648 -9.89515e-06 -5.03306e-05 -0.0166648 0.0822674 -5.43081e-05 0.000357826 -9.89515e-06 -5.43081e-05 0.00904608 -0.0166845 -5.03306e-05 0.000357826 -0.0166845 0.0825695 
0.00908119 -0.0166384 -2.29499e-05 -4.59108e-05 -0.0166384 0.0820567 -5.09769e-05 0.000342211 -2.29499e-05 -5.09769e-05 0.00902815 -0.0166019 -4.59108e-05 0.000342211 -0.0166019 0.0822264 
0.00969864 -0.0177927 -3.73487e-05 -3.39724e-05 -0.0177927 0.0877941 -3.99725e-05 0.000340166 -3.73487e-05 -3.99725e-05 0.00967401 -0.0177628 -3.39724e-05 0.000340166 -0.0177628 0.0879008 
0.00969285 -0.0177772 -4.07653e-05 -1.8755e-05 -0.0177772 0.0877728 -2.27819e-05 0.000301828 -4.07653e-05 -2.27819e-05 0.00969049 -0.0177816 -1.8755e-05 0.000301828 -0.0177816 0.0879025 
0.00906149 -0.0166443 -2.4344e-05 -1.55937e-05 -0.0166443 0.0821916 -1.67854e-05 0.00026338 -2.4344e-05 -1.67854e-05 0.00909393 -0.0166795 -1.55937e-05 0.00026338 -0.0166795 0.0823788 
0.00909127 -0.0166746 -2.89971e-05 -3.48769e-05 -0.0166746 0.0824043 -3.67016e-05 0.000293155 -2.89971e-05 -3.67016e-05 0.00911402 -0.0167543 -3.48769e-05 0.000293155 -0.0167543 0.0826883 
0.00910976 -0.0167006 -4.14357e-05 -2.90763e-05 -0.0167006 0.082509 -3.30166e-05 0.000304766 -4.14357e-05 -3.30166e-05 0.00911527 -0.0167716 -2.90763e-05 0.000304766 -0.0167716 0.0828262 
0.00910648 -0.0166965 -5.46409e-05 -1.16319e-05 -0.0166965 0.0824616 -1.64346e-05 0.000276726 -5.46409e-05 -1.64346e-05 0.0091052 -0.0167392 -1.16319e-05 0.000276726 -0.0167392 0.0827276 
0.00910988 -0.0167069 -5.79146e-05 5.62403e-06 -0.0167069 0.0825005 3.25027e-07 0.000235548 -5.79146e-05 3.25027e-07 0.00910777 -0.0167354 5.62403e-06 0.000235548 -0.0167354 0.0827114 
0.00913714 -0.0167375 -5.21656e-05 1.02059e-05 -0.0167375 0.0826561 4.62983e-06 0.000210602 -5.21656e-05 4.62983e-06 0.00910531 -0.0167658 1.02059e-05 0.000210602 -0.0167658 0.0828476 
0.00916392 -0.0167716 -4.98948e-05 -3.99899e-07 -0.0167716 0.0827905 -3.03711e-06 0.000219477 -4.98948e-05 -3.03711e-06 0.00910574 -0.0167705 -3.99899e-07 0.000219477 -0.0167705 0.0829388 
0.00919781 -0.0168291 -4.81597e-05 -7.97381e-06 -0.0168291 0.0830297 -5.75324e-06 0.000238349 -4.81597e-05 -5.75324e-06 0.00911976 -0.0167983 -7.97381e-06 0.000238349 -0.0167983 0.0831146 
0.00920299 -0.0168367 -2.44552e-05 -1.07973e-05 -0.0168367 0.0830289 -7.0891e-06 0.000248643 -2.44552e-05 -7.0891e-06 0.00911121 -0.0167751 -1.07973e-05 0.000248643 -0.0167751 0.0830331 
0.00921488 -0.0168677 -1.59897e-05 -4.01275e-05 -0.0168677 0.083155 -3.82326e-05 0.000300244 -1.59897e-05 -3.82326e-05 0.00912532 -0.0167838 -4.01275e-05 0.000300244 -0.0167838 0.083083 
0.00924441 -0.0169085 -2.5025e-05 -5.10391e-05 -0.0169085 0.083359 -5.29021e-05 0.000349703 -2.5025e-05 -5.29021e-05 0.00914478 -0.0168254 -5.10391e-05 0.000349703 -0.0168254 0.0832564 
0.0092473 -0.0169731 -3.59661e-05 -4.23765e-05 -0.0169731 0.0836544 -4.59728e-05 0.000360949 -3.59661e-05 -4.59728e-05 0.00919485 -0.0168852 -4.23765e-05 0.000360949 -0.0168852 0.0835474 
0.00923406 -0.0169283 -3.56913e-05 -2.70817e-05 -0.0169283 0.0835616 -2.96848e-05 0.000334087 -3.56913e-05 -2.96848e-05 0.00919206 -0.0169017 -2.70817e-05 0.000334087 -0.0169017 0.0835501 
0.00924151 -0.0169127 -3.68106e-05 -2.23697e-05 -0.0169127 0.0835049 -2.5724e-05 0.00030836 -3.68106e-05 -2.5724e-05 0.00918841 -0.0169088 -2.23697e-05 0.00030836 -0.0169088 0.0835959 
0.009232 -0.0168643 -4.92039e-05 -1.74621e-05 -0.0168643 0.083219 -2.2072e-05 0.000289225 -4.92039e-05 -2.2072e-05 0.00915204 -0.0168493 -1.74621e-05 0.000289225 -0.0168493 0.0833325 
0.00922415 -0.0168797 -4.00744e-05 -4.46614e-06 -0.0168797 0.0832024 -8.00733e-06 0.000263128 -4.00744e-05 -8.00733e-06 0.00915534 -0.0168269 -4.46614e-06 0.000263128 -0.0168269 0.0832543 
0.00921808 -0.0168678 -3.97483e-05 -1.71782e-05 -0.0168678 0.08316 -1.80891e-05 0.000267791 -3.97483e-05 -1.80891e-05 0.00915193 -0.0168219 -1.71782e-05 0.000267791 -0.0168219 0.0831804 
0.0092175 -0.0168708 -4.48102e-05 -2.37271e-05 -0.0168708 0.0831765 -2.10704e-05 0.000288258 -4.48102e-05 -2.10704e-05 0.00915207 -0.0168312 -2.37271e-05 0.000288258 -0.0168312 0.0832044 
0.0092093 -0.0168321 -4.45409e-05 -2.11193e-05 -0.0168321 0.0829903 -1.29537e-05 0.000289131 -4.45409e-05 -1.29537e-05 0.0091164 -0.016792 -2.11193e-05 0.000289131 -0.016792 0.0830211 
0.00916729 -0.0168183 -3.91973e-05 -2.16423e-05 -0.0168183 0.0828611 -1.15004e-05 0.000285811 -3.91973e-05 -1.15004e-05 0.00911231 -0.0167357 -2.16423e-05 0.000285811 -0.0167357 0.0828137 
0.00915719 -0.0167611 -3.81516e-05 -2.64379e-05 -0.0167611 0.0826894 -1.91548e-05 0.000293688 -3.81516e-05 -1.91548e-05 0.00909706 -0.0167203 -2.64379e-05 0.000293688 -0.0167203 0.0826586 
0.00918922 -0.0167925 -3.40292e-05 -2.64339e-05 -0.0167925 0.0828067 -2.47101e-05 0.000305543 -3.40292e-05 -2.47101e-05 0.00910225 -0.0167537 -2.64339e-05 0.000305543 -0.0167537 0.0828125 
0.00919155 -0.0168555 -3.25271e-05 -2.99819e-05 -0.0168555 0.083047 -3.19235e-05 0.000318579 -3.25271e-05 -3.19235e-05 0.00915299 -0.0167917 -2.99819e-05 0.000318579 -0.0167917 0.0830347 
0.00916912 -0.0168164 -3.55241e-05 -3.1074e-05 -0.0168164 0.0829603 -3.37293e-05 0.000325101 -3.55241e-05 -3.37293e-05 0.00917181 -0.0168171 -3.1074e-05 0.000325101 -0.0168171 0.0830417 
0.00917234 -0.0168075 -5.52187e-05 -2.98237e-05 -0.0168075 0.0829673 -2.89969e-05 0.000323636 -5.52187e-05 -2.89969e-05 0.00918807 -0.0168657 -2.98237e-05 0.000323636 -0.0168657 0.0832035 
0.00922058 -0.0168839 -6.11957e-05 -7.04894e-06 -0.0168839 0.083342 -3.86042e-06 0.000286173 -6.11957e-05 -3.86042e-06 0.00922289 -0.0169657 -7.04894e-06 0.000286173 -0.0169657 0.0836905 
0.00927067 -0.0169655 -6.01608e-05 1.32157e-06 -0.0169655 0.0837243 5.75854e-06 0.000250616 -6.01608e-05 5.75854e-06 0.00924584 -0.0170302 1.32157e-06 0.000250616 -0.0170302 0.0840855 
0.00929561 -0.0169993 -5.28169e-05 -1.35051e-06 -0.0169993 0.0838629 3.61413e-06 0.000244168 -5.28169e-05 3.61413e-06 0.00925008 -0.0170282 -1.35051e-06 0.000244168 -0.0170282 0.0841642 
0.00932284 -0.0170286 -4.44229e-05 -1.14437e-05 -0.0170286 0.0839729 -5.80417e-06 0.000259843 -4.44229e-05 -5.80417e-06 0.00924168 -0.0170275 -1.14437e-05 0.000259843 -0.0170275 0.0841917 
0.00935583 -0.0170926 -3.74927e-05 -2.15204e-05 -0.0170926 0.0842169 -1.86719e-05 0.000288043 -3.74927e-05 -1.86719e-05 0.00924765 -0.0170371 -2.15204e-05 0.000288043 -0.0170371 0.0843067 
0.00935454 -0.0170995 -9.77164e-06 -2.86759e-05 -0.0170995 0.0842237 -2.94498e-05 0.000314197 -9.77164e-06 -2.94498e-05 0.00924214 -0.0170043 -2.86759e-05 0.000314197 -0.0170043 0.0841834 
0.00932966 -0.017058 1.09175e-05 -6.48605e-05 -0.017058 0.0840242 -6.12549e-05 0.000377194 1.09175e-05 -6.12549e-05 0.00922618 -0.0169563 -6.48605e-05 0.000377194 -0.0169563 0.0839193 
0.00930613 -0.0170206 7.70959e-06 -9.54771e-05 -0.0170206 0.0838451 -8.49062e-05 0.000451153 7.70959e-06 -8.49062e-05 0.00920886 -0.0169285 -9.54771e-05 0.000451153 -0.0169285 0.0837344 
0.00927677 -0.017004 -3.21123e-06 -9.08921e-05 -0.017004 0.0837728 -8.35008e-05 0.000476832 -3.21123e-06 -8.35008e-05 0.00921661 -0.01692 -9.08921e-05 0.000476832 -0.01692 0.0836814 
0.00922597 -0.0169478 -2.41558e-05 -7.19927e-05 -0.0169478 0.0835941 -7.30034e-05 0.00045709 -2.41558e-05 -7.30034e-05 0.00923326 -0.0169194 -7.19927e-05 0.00045709 -0.0169194 0.0836083 
0.00918179 -0.016862 -3.76e-05 -4.51033e-05 -0.016862 0.0833016 -5.07583e-05 0.000409342 -3.76e-05 -5.07583e-05 0.00923336 -0.0169219 -4.51033e-05 0.000409342 -0.0169219 0.0835121 
0.00917329 -0.016824 -3.59874e-05 -2.52946e-05 -0.016824 0.0831747 -3.0503e-05 0.00035195 -3.59874e-05 -3.0503e-05 0.00922946 -0.0169483 -2.52946e-05 0.00035195 -0.0169483 0.0835862 
0.00918528 -0.0168176 -2.56854e-05 -2.44431e-05 -0.0168176 0.0831351 -2.67153e-05 0.000319735 -2.56854e-05 -2.67153e-05 0.00921859 -0.0169562 -2.44431e-05 0.000319735 -0.0169562 0.0836594 
0.0091935 -0.0168044 -3.23134e-05 -3.8276e-05 -0.0168044 0.083019 -3.54438e-05 0.000324527 -3.23134e-05 -3.54438e-05 0.00918275 -0.0169215 -3.8276e-05 0.000324527 -0.0169215 0.0835545 
0.00922308 -0.0168357 -2.66982e-05 -3.03251e-05 -0.0168357 0.0830893 -2.61205e-05 0.000314899 -2.66982e-05 -2.61205e-05 0.00915805 -0.016897 -3.03251e-05 0.000314899 -0.016897 0.0835365 
0.00926065 -0.0168848 -2.52384e-05 -3.43307e-05 -0.0168848 0.0832325 -3.34299e-05 0.000314721 -2.52384e-05 -3.34299e-05 0.00912753 -0.0168709 -3.43307e-05 0.000314721 -0.0168709 0.0835094 
0.00926539 -0.0168984 -2.96034e-05 -3.35705e-05 -0.0168984 0.0831959 -3.70851e-05 0.000318553 -2.96034e-05 -3.70851e-05 0.00909082 -0.0167869 -3.35705e-05 0.000318553 -0.0167869 0.083228 
0.00924493 -0.0168783 -4.69659e-05 -2.38893e-05 -0.0168783 0.0830366 -2.75787e-05 0.00029907 -4.69659e-05 -2.75787e-05 0.00905889 -0.0166954 -2.38893e-05 0.00029907 -0.0166954 0.0828242 
0.00923237 -0.0168706 -5.99696e-05 -1.79081e-06 -0.0168706 0.0829947 -7.01568e-06 0.000255578 -5.99696e-05 -7.01568e-06 0.00905684 -0.0166671 -1.79081e-06 0.000255578 -0.0166671 0.0826438 
0.00923731 -0.0168796 -7.09046e-05 1.32733e-05 -0.0168796 0.0830658 8.39225e-06 0.000213257 -7.09046e-05 8.39225e-06 0.00906045 -0.0166941 1.32733e-05 0.000213257 -0.0166941 0.0826989 
0.00921959 -0.0168951 -6.73919e-05 2.0642e-05 -0.0168951 0.0831456 2.01934e-05 0.000187884 -6.73919e-05 2.01934e-05 0.00909045 -0.0167076 2.0642e-05 0.000187884 -0.0167076 0.0827742 
0.00918391 -0.0168606 -6.82713e-05 1.44786e-05 -0.0168606 0.0830799 1.32593e-05 0.00019131 -6.82713e-05 1.32593e-05 0.00911237 -0.0167264 1.44786e-05 0.00019131 -0.0167264 0.0827788 
0.00915742 -0.0167925 -6.87924e-05 1.87449e-05 -0.0167925 0.0828618 1.33725e-05 0.000192481 -6.87924e-05 1.33725e-05 0.00910476 -0.0167305 1.87449e-05 0.000192481 -0.0167305 0.0827103 
0.00920878 -0.016843 -5.59492e-05 2.03458e-05 -0.016843 0.0831238 1.20813e-05 0.00019335 -5.59492e-05 1.20813e-05 0.00912026 -0.0168056 2.03458e-05 0.00019335 -0.0168056 0.0830759 
0.00925475 -0.0169212 -4.69146e-05 2.81588e-06 -0.0169212 0.083422 -2.99289e-06 0.000219125 -4.69146e-05 -2.99289e-06 0.00913513 -0.0168362 2.81588e-06 0.000219125 -0.0168362 0.0833289 
0.00927498 -0.0169863 -3.08405e-05 -1.17447e-05 -0.0169863 0.0836983 -1.10056e-05 0.000250959 -3.08405e-05 -1.10056e-05 0.00915624 -0.016863 -1.17447e-05 0.000250959 -0.016863 0.083513 
0.00923809 -0.0169361 -2.38964e-05 -3.31508e-05 -0.0169361 0.0834979 -3.04758e-05 0.000292929 -2.38964e-05 -3.04758e-05 0.00913613 -0.0168141 -3.31508e-05 0.000292929 -0.0168141 0.0832749 
0.00918939 -0.0168915 -1.39175e-05 -4.43104e-05 -0.0168915 0.0833386 -4.02844e-05 0.000331111 -1.39175e-05 -4.02844e-05 0.00914666 -0.0167899 -4.43104e-05 0.000331111 -0.0167899 0.0831411 
0.00913203 -0.0167854 1.89892e-06 -5.6423e-05 -0.0167854 0.0829526 -5.06652e-05 0.000360592 1.89892e-06 -5.06652e-05 0.00913852 -0.0167633 -5.6423e-05 0.000360592 -0.0167633 0.082903 
0.00910212 -0.0166932 -1.88672e-06 -7.18284e-05 -0.0166932 0.0825724 -6.6255e-05 0.000390466 -1.88672e-06 -6.6255e-05 0.00912344 -0.0167442 -7.18284e-05 0.000390466 -0.0167442 0.0827255 
0.00908953 -0.0166422 -1.04175e-05 -6.77692e-05 -0.0166422 0.0822854 -6.21408e-05 0.000397422 -1.04175e-05 -6.21408e-05 0.00910004 -0.0167228 -6.77692e-05 0.000397422 -0.0167228 0.0825852 
0.00907679 -0.0166315 -1.50594e-05 -5.49727e-05 -0.0166315 0.082155 -5.17086e-05 0.000376337 -1.50594e-05 -5.17086e-05 0.00908916 -0.0166981 -5.49727e-05 0.000376337 -0.0166981 0.0824851 
0.00910519 -0.0166921 -2.58105e-05 -4.61864e-05 -0.0166921 0.0824382 -4.64021e-05 0.000353161 -2.58105e-05 -4.64021e-05 0.00911506 -0.0167548 -4.61864e-05 0.000353161 -0.0167548 0.0827606 
0.00907928 -0.0167042 -2.78064e-05 -3.30271e-05 -0.0167042 0.0824978 -3.37581e-05 0.000324463 -2.78064e-05 -3.37581e-05 0.00915064 -0.0167575 -3.30271e-05 0.000324463 -0.0167575 0.0827939 
0.00906103 -0.0166561 -2.02944e-05 -3.13935e-05 -0.0166561 0.0823927 -3.16071e-05 0.000309095 -2.02944e-05 -3.16071e-05 0.00916438 -0.0167819 -3.13935e-05 0.000309095 -0.0167819 0.0827839 
