0.00734817 0 5.84943e-05 0 0 0.0102978 0 0 5.84943e-05 0 0.00717608 0 0 0 0 0.0102978 
0.0105999 -0.0131547 5.72243e-05 -6.81632e-05 -0.0131547 0.034858 -6.81632e-05 0.000130503 5.72243e-05 -6.81632e-05 0.0103876 -0.0128961 -6.81632e-05 0.000130503 -0.0128961 0.0343621 
0.0108665 -0.0202108 3.07658e-05 7.24208e-06 -0.0202108 0.0744509 7.24208e-06 -4.9658e-05 3.07658e-05 7.24208e-06 0.0107096 -0.0199855 7.24208e-06 -4.9658e-05 -0.0199855 0.0737624 
0.00864741 -0.016649 1.56629e-05 9.95938e-05 -0.016649 0.0745697 0.000112462 -0.000616504 1.56629e-05 0.000112462 0.00858995 -0.0166395 9.95938e-05 -0.000616504 -0.0166395 0.0747701 
0.00992004 -0.0184813 3.41652e-05 0.000108811 -0.0184813 0.0889724 0.000137789 -0.000991851 3.41652e-05 0.000137789 0.00987975 -0.018571 0.000108811 -0.000991851 -0.018571 0.0898378 
0.00967597 -0.0177343 3.0088e-05 4.63332e-05 -0.0177343 0.0868802 7.48468e-05 -0.000777947 3.0088e-05 7.48468e-05 0.00965156 -0.0178102 4.63332e-05 -0.000777947 -0.0178102 0.0877193 
0.00940945 -0.0171891 3.34245e-05 2.79674e-05 -0.0171891 0.0845145 4.48264e-05 -0.000528051 3.34245e-05 4.48264e-05 0.00939913 -0.0172581 2.79674e-05 -0.000528051 -0.0172581 0.0851771 
0.00914832 -0.0167301 3.51196e-05 2.61928e-05 -0.0167301 0.0824003 3.05998e-05 -0.000391615 3.51196e-05 3.05998e-05 0.00917567 -0.0168118 2.61928e-05 -0.000391615 -0.0168118 0.0829735 
0.0103114 -0.0188765 5.19654e-05 3.37674e-05 -0.0188765 0.0931264 3.22008e-05 -0.000390268 5.19654e-05 3.22008e-05 0.0103971 -0.0190294 3.37674e-05 -0.000390268 -0.0190294 0.0938426 
0.0101741 -0.018558 5.75217e-05 2.50305e-05 -0.018558 0.0916677 2.09064e-05 -0.000359135 5.75217e-05 2.09064e-05 0.0102381 -0.0187861 2.50305e-05 -0.000359135 -0.0187861 0.0925451 
0.0101134 -0.0184183 5.15865e-05 1.95024e-05 -0.0184183 0.0908686 1.77644e-05 -0.000345107 5.15865e-05 1.77644e-05 0.0101397 -0.0186269 1.95024e-05 -0.000345107 -0.0186269 0.0918024 
0.0101118 -0.0184129 4.94658e-05 2.55547e-05 -0.0184129 0.0907163 2.77336e-05 -0.000357716 4.94658e-05 2.77336e-05 0.0100871 -0.0185686 2.55547e-05 -0.000357716 -0.0185686 0.0915705 
0.0100817 -0.01834 5.66168e-05 2.77101e-05 -0.01834 0.0902661 3.1593e-05 -0.000371085 5.66168e-05 3.1593e-05 0.0100018 -0.0184144 2.77101e-05 -0.000371085 -0.0184144 0.0909276 
0.010075 -0.0183741 4.53187e-05 1.7597e-05 -0.0183741 0.0903201 2.56644e-05 -0.000367116 4.53187e-05 2.56644e-05 0.00998703 -0.0183599 1.7597e-05 -0.000367116 -0.0183599 0.0907341 
0.0100569 -0.0183906 3.96763e-05 2.71642e-05 -0.0183906 0.0904315 4.01892e-05 -0.000377892 3.96763e-05 4.01892e-05 0.00999827 -0.0183546 2.71642e-05 -0.000377892 -0.0183546 0.0906882 
0.0100401 -0.0183541 4.12798e-05 3.15655e-05 -0.0183541 0.0903701 4.67596e-05 -0.000391505 4.12798e-05 4.67596e-05 0.0100008 -0.0183588 3.15655e-05 -0.000391505 -0.0183588 0.090637 
0.0100162 -0.0183117 3.06166e-05 3.38657e-05 -0.0183117 0.0902027 4.27987e-05 -0.000396928 3.06166e-05 4.27987e-05 0.00998916 -0.0183493 3.38657e-05 -0.000396928 -0.0183493 0.0905497 
0.00998546 -0.0182706 2.40455e-05 4.77284e-05 -0.0182706 0.0900334 4.76196e-05 -0.0004055 2.40455e-05 4.76196e-05 0.00998641 -0.0183312 4.77284e-05 -0.0004055 -0.0183312 0.090456 
0.00995609 -0.0182051 3.50502e-05 5.92093e-05 -0.0182051 0.0897686 4.84045e-05 -0.000416893 3.50502e-05 4.84045e-05 0.00997292 -0.0183067 5.92093e-05 -0.000416893 -0.0183067 0.0902906 
0.00995087 -0.0181894 5.24217e-05 5.0374e-05 -0.0181894 0.0897004 3.52028e-05 -0.000407005 5.24217e-05 3.52028e-05 0.00996786 -0.0183208 5.0374e-05 -0.000407005 -0.0183208 0.0903289 
0.00995481 -0.0182029 4.75564e-05 2.35077e-05 -0.0182029 0.0897574 1.21676e-05 -0.000356333 4.75564e-05 1.21676e-05 0.00996933 -0.0183322 2.35077e-05 -0.000356333 -0.0183322 0.0904243 
0.00995713 -0.018185 3.72689e-05 2.43877e-05 -0.018185 0.0896761 1.96598e-05 -0.000336139 3.72689e-05 1.96598e-05 0.0099461 -0.0183047 2.43877e-05 -0.000336139 -0.0183047 0.0903307 
0.00996607 -0.0181718 2.38238e-05 3.46827e-05 -0.0181718 0.0895621 3.45954e-05 -0.000351901 2.38238e-05 3.45954e-05 0.00990159 -0.0182538 3.46827e-05 -0.000351901 -0.0182538 0.0901412 
0.0099678 -0.0182114 2.99332e-05 5.0138e-05 -0.0182114 0.0896605 4.90271e-05 -0.000381357 2.99332e-05 4.90271e-05 0.00989928 -0.0182193 5.0138e-05 -0.000381357 -0.0182193 0.0900767 
0.00997492 -0.018271 2.23551e-05 4.20685e-05 -0.018271 0.0899788 3.9369e-05 -0.000379216 2.23551e-05 3.9369e-05 0.00993344 -0.0182569 4.20685e-05 -0.000379216 -0.0182569 0.0902624 
0.00998684 -0.0183221 1.46014e-05 5.21927e-05 -0.0183221 0.0903463 4.70606e-05 -0.000386576 1.46014e-05 4.70606e-05 0.0099911 -0.0183448 5.21927e-05 -0.000386576 -0.0183448 0.0906432 
0.0099886 -0.0182803 9.7511e-06 6.69527e-05 -0.0182803 0.0902664 5.71197e-05 -0.000412915 9.7511e-06 5.71197e-05 0.00999733 -0.0183649 6.69527e-05 -0.000412915 -0.0183649 0.0906832 
0.0099805 -0.0182511 2.12272e-05 7.12083e-05 -0.0182511 0.090099 6.03572e-05 -0.000427352 2.12272e-05 6.03572e-05 0.00999351 -0.0183571 7.12083e-05 -0.000427352 -0.0183571 0.0906271 
0.00998902 -0.0182231 4.63639e-05 5.32127e-05 -0.0182231 0.0899323 4.58476e-05 -0.000403451 4.63639e-05 4.58476e-05 0.00996475 -0.0183403 5.32127e-05 -0.000403451 -0.0183403 0.0905258 
0.00998282 -0.018194 6.64306e-05 1.81086e-05 -0.018194 0.0896769 1.80293e-05 -0.000339796 6.64306e-05 1.80293e-05 0.00992725 -0.018266 1.81086e-05 -0.000339796 -0.018266 0.0902276 
0.0099716 -0.0182078 7.42886e-05 -9.75508e-06 -0.0182078 0.0896403 -3.28128e-06 -0.000272389 7.42886e-05 -3.28128e-06 0.00992891 -0.0182299 -9.75508e-06 -0.000272389 -0.0182299 0.0900718 
0.00998263 -0.0182519 7.43876e-05 -2.05103e-05 -0.0182519 0.0898715 -1.00623e-05 -0.000234004 7.43876e-05 -1.00623e-05 0.00995751 -0.0182816 -2.05103e-05 -0.000234004 -0.0182816 0.0902515 
0.00996459 -0.0182556 5.17971e-05 -1.76452e-05 -0.0182556 0.08994 -8.45656e-06 -0.000228836 5.17971e-05 -8.45656e-06 0.00998158 -0.0183094 -1.76452e-05 -0.000228836 -0.0183094 0.0903505 
0.00994149 -0.0182273 3.83186e-05 1.19345e-05 -0.0182273 0.0899132 1.60486e-05 -0.000270296 3.83186e-05 1.60486e-05 0.00999403 -0.01834 1.19345e-05 -0.000270296 -0.01834 0.0904382 
0.00993624 -0.0181739 3.80045e-05 3.1385e-05 -0.0181739 0.0897481 3.32077e-05 -0.0003228 3.80045e-05 3.32077e-05 0.00997127 -0.0183438 3.1385e-05 -0.0003228 -0.0183438 0.0904324 
0.0099221 -0.0181393 3.89348e-05 3.15446e-05 -0.0181393 0.0895226 3.5744e-05 -0.000347474 3.89348e-05 3.5744e-05 0.00994187 -0.0182809 3.15446e-05 -0.000347474 -0.0182809 0.0902227 
0.00989336 -0.0181037 3.36229e-05 2.84537e-05 -0.0181037 0.0893002 3.32472e-05 -0.000347243 3.36229e-05 3.32472e-05 0.00991877 -0.0182135 2.84537e-05 -0.000347243 -0.0182135 0.0899229 
0.0098454 -0.0181203 3.32237e-05 3.2517e-05 -0.0181203 0.0893901 3.51883e-05 -0.00034633 3.32237e-05 3.51883e-05 0.00996206 -0.018226 3.2517e-05 -0.00034633 -0.018226 0.0899573 
0.00982712 -0.0180515 3.15525e-05 3.27343e-05 -0.0180515 0.0892854 3.63956e-05 -0.000347584 3.15525e-05 3.63956e-05 0.0099622 -0.0182663 3.27343e-05 -0.000347584 -0.0182663 0.0899955 
0.00983761 -0.0180237 4.00677e-05 3.44124e-05 -0.0180237 0.0891817 3.90686e-05 -0.000350757 4.00677e-05 3.90686e-05 0.00994651 -0.0182721 3.44124e-05 -0.000350757 -0.0182721 0.0900386 
0.0098748 -0.0180791 5.31851e-05 2.38669e-05 -0.0180791 0.0893769 2.86698e-05 -0.000337036 5.31851e-05 2.86698e-05 0.00995216 -0.0182952 2.38669e-05 -0.000337036 -0.0182952 0.090229 
0.00989121 -0.0181247 4.35535e-05 8.73784e-06 -0.0181247 0.0895463 1.07987e-05 -0.00030196 4.35535e-05 1.07987e-05 0.0099566 -0.0183011 8.73784e-06 -0.00030196 -0.0183011 0.0903185 
0.00991642 -0.0181808 3.49356e-05 2.05308e-05 -0.0181808 0.0898289 2.06178e-05 -0.000301529 3.49356e-05 2.06178e-05 0.00998128 -0.0183363 2.05308e-05 -0.000301529 -0.0183363 0.0905254 
0.00996159 -0.0181863 2.89592e-05 3.53428e-05 -0.0181863 0.0898727 3.88242e-05 -0.000338027 2.89592e-05 3.88242e-05 0.00995381 -0.0183339 3.53428e-05 -0.000338027 -0.0183339 0.0905192 
0.00999185 -0.0182281 2.10141e-05 4.39038e-05 -0.0182281 0.0899082 4.99246e-05 -0.000374787 2.10141e-05 4.99246e-05 0.009932 -0.018282 4.39038e-05 -0.000374787 -0.018282 0.0903832 
0.00998817 -0.0182212 2.34046e-05 5.5523e-05 -0.0182212 0.0897563 6.14743e-05 -0.000408968 2.34046e-05 6.14743e-05 0.00990356 -0.0182003 5.5523e-05 -0.000408968 -0.0182003 0.0900143 
0.0100021 -0.0182683 1.18056e-05 5.37346e-05 -0.0182683 0.0899191 5.9047e-05 -0.000423039 1.18056e-05 5.9047e-05 0.00991394 -0.0182128 5.37346e-05 -0.000423039 -0.0182128 0.0900301 
0.0100107 -0.018316 -5.77893e-06 6.82414e-05 -0.018316 0.0901592 7.43532e-05 -0.000449926 -5.77893e-06 7.43532e-05 0.00993701 -0.0182568 6.82414e-05 -0.000449926 -0.0182568 0.0902113 
0.0100133 -0.0183369 2.0369e-06 9.23309e-05 -0.0183369 0.0903327 9.62955e-05 -0.000503197 2.0369e-06 9.62955e-05 0.00995397 -0.018301 9.23309e-05 -0.000503197 -0.018301 0.0904118 
0.00997721 -0.0182591 1.71443e-05 8.44088e-05 -0.0182591 0.0900249 8.49206e-05 -0.000511149 1.71443e-05 8.49206e-05 0.00993828 -0.0182508 8.44088e-05 -0.000511149 -0.0182508 0.0901777 
0.00999465 -0.0182599 1.91348e-05 6.31846e-05 -0.0182599 0.0900462 6.47929e-05 -0.00047527 1.91348e-05 6.47929e-05 0.00994472 -0.0182821 6.31846e-05 -0.00047527 -0.0182821 0.090288 
0.00999469 -0.0182455 1.85681e-05 5.6384e-05 -0.0182455 0.0899229 6.27999e-05 -0.000447049 1.85681e-05 6.27999e-05 0.0099252 -0.0182609 5.6384e-05 -0.000447049 -0.0182609 0.0901997 
0.00998547 -0.0182512 2.00436e-05 6.04867e-05 -0.0182512 0.0898963 6.62332e-05 -0.000447651 2.00436e-05 6.62332e-05 0.00991488 -0.0182429 6.04867e-05 -0.000447651 -0.0182429 0.0901461 
0.00996105 -0.018254 2.26891e-05 6.14103e-05 -0.018254 0.0899259 6.43956e-05 -0.000452352 2.26891e-05 6.43956e-05 0.00993528 -0.0182348 6.14103e-05 -0.000452352 -0.0182348 0.0901303 
0.0099385 -0.0182114 1.22023e-05 5.6166e-05 -0.0182114 0.0898233 5.73222e-05 -0.000439702 1.22023e-05 5.73222e-05 0.00994326 -0.0182401 5.6166e-05 -0.000439702 -0.0182401 0.0900733 
0.00993676 -0.0181912 2.7188e-06 7.15444e-05 -0.0181912 0.0897681 7.04713e-05 -0.000458043 2.7188e-06 7.04713e-05 0.0099497 -0.0182572 7.15444e-05 -0.000458043 -0.0182572 0.0901032 
0.00994914 -0.0181888 1.70385e-05 8.31316e-05 -0.0181888 0.0897507 7.76324e-05 -0.000480292 1.70385e-05 7.76324e-05 0.00994825 -0.0182738 8.31316e-05 -0.000480292 -0.0182738 0.0901593 
0.00994652 -0.0182222 2.60109e-05 6.65076e-05 -0.0182222 0.0898621 5.76963e-05 -0.00045997 2.60109e-05 5.76963e-05 0.00995955 -0.0182923 6.65076e-05 -0.00045997 -0.0182923 0.0902772 
0.00991494 -0.018191 3.07352e-05 5.08834e-05 -0.018191 0.0897651 4.39896e-05 -0.000417354 3.07352e-05 4.39896e-05 0.00995823 -0.0182712 5.08834e-05 -0.000417354 -0.0182712 0.0901839 
0.00990253 -0.0181654 2.94634e-05 4.4844e-05 -0.0181654 0.0897263 4.22803e-05 -0.000396778 2.94634e-05 4.22803e-05 0.00997259 -0.0182834 4.4844e-05 -0.000396778 -0.0182834 0.0902081 
0.00989883 -0.0181465 2.43955e-05 4.57286e-05 -0.0181465 0.0896702 5.02054e-05 -0.000399481 2.43955e-05 5.02054e-05 0.00996542 -0.0182974 4.57286e-05 -0.000399481 -0.0182974 0.0902333 
0.00991345 -0.0181378 3.56203e-05 4.93458e-05 -0.0181378 0.0896159 5.83246e-05 -0.00041204 3.56203e-05 5.83246e-05 0.00993743 -0.0182799 4.93458e-05 -0.00041204 -0.0182799 0.0901922 
0.00989859 -0.0180963 3.93446e-05 3.96879e-05 -0.0180963 0.089329 4.92091e-05 -0.000408576 3.93446e-05 4.92091e-05 0.0098785 -0.0181821 3.96879e-05 -0.000408576 -0.0181821 0.0898098 
0.00989508 -0.0180686 4.54915e-05 3.21422e-05 -0.0180686 0.0891091 3.82284e-05 -0.0003839 4.54915e-05 3.82284e-05 0.0098158 -0.0180838 3.21422e-05 -0.0003839 -0.0180838 0.0894078 
0.00989919 -0.0180705 5.23374e-05 2.19998e-05 -0.0180705 0.0890246 2.31778e-05 -0.000348219 5.23374e-05 2.31778e-05 0.00978499 -0.0180088 2.19998e-05 -0.000348219 -0.0180088 0.0891182 
0.00990797 -0.0181093 5.96514e-05 1.37518e-05 -0.0181093 0.0891467 1.11918e-05 -0.000314937 5.96514e-05 1.11918e-05 0.0097956 -0.0180007 1.37518e-05 -0.000314937 -0.0180007 0.0890761 
0.00991836 -0.0181478 4.63743e-05 6.72644e-06 -0.0181478 0.0893483 2.02777e-06 -0.000290622 4.63743e-05 2.02777e-06 0.00981424 -0.018045 6.72644e-06 -0.000290622 -0.018045 0.08923 
0.00992867 -0.0181516 3.22964e-05 2.04108e-05 -0.0181516 0.0894058 1.87769e-05 -0.00030176 3.22964e-05 1.87769e-05 0.00981734 -0.0180611 2.04108e-05 -0.00030176 -0.0180611 0.0893005 
0.00990613 -0.0181473 1.65288e-05 3.58442e-05 -0.0181473 0.0893695 3.87989e-05 -0.000339002 1.65288e-05 3.87989e-05 0.00981132 -0.0180502 3.58442e-05 -0.000339002 -0.0180502 0.0892639 
0.00988405 -0.0180988 1.5575e-05 5.46571e-05 -0.0180988 0.0892082 6.06311e-05 -0.000386789 1.5575e-05 6.06311e-05 0.00979162 -0.0180217 5.46571e-05 -0.000386789 -0.0180217 0.0891293 
0.0098662 -0.0180992 2.68151e-05 5.67004e-05 -0.0180992 0.0892289 6.51625e-05 -0.000415443 2.68151e-05 6.51625e-05 0.0098041 -0.0180251 5.67004e-05 -0.000415443 -0.0180251 0.0891698 
0.00983282 -0.0180737 3.64444e-05 3.97739e-05 -0.0180737 0.0891972 4.95187e-05 -0.000394097 3.64444e-05 4.95187e-05 0.00983038 -0.0180402 3.97739e-05 -0.000394097 -0.0180402 0.0892102 
0.00983693 -0.0180491 5.20503e-05 2.29121e-05 -0.0180491 0.0892118 3.05e-05 -0.000345754 5.20503e-05 3.05e-05 0.00985058 -0.0180958 2.29121e-05 -0.000345754 -0.0180958 0.0893933 
0.00983923 -0.0180467 3.4375e-05 3.49817e-06 -0.0180467 0.0891957 6.98981e-06 -0.00028924 3.4375e-05 6.98981e-06 0.00985545 -0.0181123 3.49817e-06 -0.00028924 -0.0181123 0.0894824 
0.00976719 -0.0179609 1.80713e-05 2.71038e-05 -0.0179609 0.0887674 2.6414e-05 -0.000295745 1.80713e-05 2.6414e-05 0.00983988 -0.0180298 2.71038e-05 -0.000295745 -0.0180298 0.0890925 
0.00975851 -0.017909 1.07904e-05 5.17527e-05 -0.017909 0.0886176 4.94059e-05 -0.000348244 1.07904e-05 4.94059e-05 0.00983716 -0.0180467 5.17527e-05 -0.000348244 -0.0180467 0.0890571 
0.00979132 -0.0179336 1.02963e-05 5.88899e-05 -0.0179336 0.088711 5.73642e-05 -0.00038103 1.02963e-05 5.73642e-05 0.00983753 -0.0180878 5.88899e-05 -0.00038103 -0.0180878 0.0892469 
0.00981538 -0.0179453 1.52514e-05 6.03919e-05 -0.0179453 0.0886834 5.99478e-05 -0.000396302 1.52514e-05 5.99478e-05 0.00980309 -0.0180626 6.03919e-05 -0.000396302 -0.0180626 0.0891971 
0.00983933 -0.0180018 8.47387e-06 5.22753e-05 -0.0180018 0.0888517 5.38134e-05 -0.000389165 8.47387e-06 5.38134e-05 0.00979224 -0.0180463 5.22753e-05 -0.000389165 -0.0180463 0.089231 
0.00985039 -0.0180407 1.04161e-05 5.88999e-05 -0.0180407 0.0890147 5.65877e-05 -0.000386944 1.04161e-05 5.65877e-05 0.0097954 -0.0180356 5.88999e-05 -0.000386944 -0.0180356 0.0892485 
0.00985059 -0.0180343 1.68702e-05 5.73802e-05 -0.0180343 0.0890147 5.33741e-05 -0.000384083 1.68702e-05 5.33741e-05 0.00977441 -0.0180234 5.73802e-05 -0.000384083 -0.0180234 0.0891903 
0.00980386 -0.0180026 2.35903e-05 4.66482e-05 -0.0180026 0.0888419 4.741e-05 -0.000367833 2.35903e-05 4.741e-05 0.00977425 -0.0179539 4.66482e-05 -0.000367833 -0.0179539 0.088929 
0.00976863 -0.0179646 3.80689e-05 3.66679e-05 -0.0179646 0.0887582 4.12131e-05 -0.000348253 3.80689e-05 4.12131e-05 0.00979786 -0.017959 3.66679e-05 -0.000348253 -0.017959 0.0888511 
0.00973098 -0.0178762 4.74576e-05 2.16008e-05 -0.0178762 0.0884286 2.53714e-05 -0.000317176 4.74576e-05 2.53714e-05 0.00979248 -0.0179448 2.16008e-05 -0.000317176 -0.0179448 0.0886506 
0.00971282 -0.0177869 4.98236e-05 1.18315e-05 -0.0177869 0.0879968 1.26933e-05 -0.000285642 4.98236e-05 1.26933e-05 0.00973641 -0.0179003 1.18315e-05 -0.000285642 -0.0179003 0.0883541 
0.00968129 -0.0177572 5.01649e-05 6.71352e-06 -0.0177572 0.0877295 8.06701e-06 -0.000264233 5.01649e-05 8.06701e-06 0.0097083 -0.0178267 6.71352e-06 -0.000264233 -0.0178267 0.0880728 
0.00968166 -0.0177543 3.6483e-05 2.63592e-06 -0.0177543 0.0877122 8.0924e-06 -0.000251146 3.6483e-05 8.0924e-06 0.00969431 -0.0178148 2.63592e-06 -0.000251146 -0.0178148 0.0879984 
0.00969402 -0.0177812 2.86013e-05 1.89946e-05 -0.0177812 0.087824 2.81444e-05 -0.000276942 2.86013e-05 2.81444e-05 0.00969126 -0.0178215 1.89946e-05 -0.000276942 -0.0178215 0.0880567 
0.00973328 -0.0178301 1.83643e-05 3.21249e-05 -0.0178301 0.0880582 4.04635e-05 -0.000315491 1.83643e-05 4.04635e-05 0.00968067 -0.0178476 3.21249e-05 -0.000315491 -0.0178476 0.0882236 
0.00972104 -0.0178564 2.60948e-05 4.8524e-05 -0.0178564 0.0881358 5.12342e-05 -0.000352618 2.60948e-05 5.12342e-05 0.00968319 -0.0178161 4.8524e-05 -0.000352618 -0.0178161 0.0881873 
0.00971284 -0.0178805 2.77169e-05 3.76715e-05 -0.0178805 0.0883422 3.47121e-05 -0.000342444 2.77169e-05 3.47121e-05 0.00971758 -0.0178535 3.76715e-05 -0.000342444 -0.0178535 0.0883532 
0.0096774 -0.0177963 3.7294e-05 3.09718e-05 -0.0177963 0.0880553 2.59249e-05 -0.000312498 3.7294e-05 2.59249e-05 0.00970355 -0.0178222 3.09718e-05 -0.000312498 -0.0178222 0.0881431 
0.00964809 -0.0177171 3.95539e-05 1.75573e-05 -0.0177171 0.0876825 1.3868e-05 -0.000277094 3.95539e-05 1.3868e-05 0.00966101 -0.0177677 1.75573e-05 -0.000277094 -0.0177677 0.0878495 
0.00967732 -0.0177465 3.04086e-05 1.00447e-05 -0.0177465 0.0877838 7.42945e-06 -0.000246111 3.04086e-05 7.42945e-06 0.00964559 -0.0177787 1.00447e-05 -0.000246111 -0.0177787 0.0879481 
0.00968198 -0.0177507 3.96979e-05 2.02586e-05 -0.0177507 0.0877405 2.04136e-05 -0.000250559 3.96979e-05 2.04136e-05 0.00962389 -0.0177325 2.02586e-05 -0.000250559 -0.0177325 0.0878202 
0.00965482 -0.0176853 6.38146e-05 1.0036e-05 -0.0176853 0.0873815 1.37046e-05 -0.00024429 6.38146e-05 1.37046e-05 0.00957483 -0.0176354 1.0036e-05 -0.00024429 -0.0176354 0.087371 
0.0096377 -0.0176761 6.09561e-05 -2.29136e-05 -0.0176761 0.0872685 -1.64267e-05 -0.000188929 6.09561e-05 -1.64267e-05 0.00955657 -0.0175897 -2.29136e-05 -0.000188929 -0.0175897 0.0871564 
0.00964554 -0.0176996 5.45212e-05 -2.41146e-05 -0.0176996 0.0873915 -1.81101e-05 -0.000152957 5.45212e-05 -1.81101e-05 0.00956055 -0.017606 -2.41146e-05 -0.000152957 -0.017606 0.0872189 
0.00966178 -0.0177537 2.31078e-05 -1.07625e-05 -0.0177537 0.0876695 -4.66206e-06 -0.000171578 2.31078e-05 -4.66206e-06 0.00958237 -0.0176494 -1.07625e-05 -0.000171578 -0.0176494 0.0874522 
0.00964146 -0.017727 2.51325e-06 2.9116e-05 -0.017727 0.0876027 3.54008e-05 -0.000244866 2.51325e-06 3.54008e-05 0.00958925 -0.0176326 2.9116e-05 -0.000244866 -0.0176326 0.0873834 
0.00961925 -0.0176953 -6.58681e-06 5.74671e-05 -0.0176953 0.0875077 5.7909e-05 -0.000319831 -6.58681e-06 5.7909e-05 0.0096055 -0.0176383 5.74671e-05 -0.000319831 -0.0176383 0.0873507 
0.00960334 -0.0176864 1.49031e-05 6.94222e-05 -0.0176864 0.0875215 6.73428e-05 -0.000364225 1.49031e-05 6.73428e-05 0.00963257 -0.0176839 6.94222e-05 -0.000364225 -0.0176839 0.0874886 
0.00956984 -0.0175932 3.20262e-05 4.09865e-05 -0.0175932 0.087136 4.05879e-05 -0.000333358 3.20262e-05 4.05879e-05 0.00959998 -0.0176457 4.09865e-05 -0.000333358 -0.0176457 0.087248 
0.00958271 -0.0175956 2.53942e-05 1.61307e-05 -0.0175956 0.0871209 1.67416e-05 -0.000270892 2.53942e-05 1.67416e-05 0.00960345 -0.0176554 1.61307e-05 -0.000270892 -0.0176554 0.0873119 
0.00962382 -0.0176296 2.00609e-05 2.16224e-05 -0.0176296 0.0872342 2.32612e-05 -0.000251874 2.00609e-05 2.32612e-05 0.00959468 -0.0176792 2.16224e-05 -0.000251874 -0.0176792 0.0874351 
0.00965125 -0.0176628 3.87475e-06 3.08553e-05 -0.0176628 0.0872734 3.32954e-05 -0.000269027 3.87475e-06 3.32954e-05 0.00956807 -0.017647 3.08553e-05 -0.000269027 -0.017647 0.0873683 
0.00966456 -0.0177463 1.82765e-05 5.3067e-05 -0.0177463 0.0875821 5.32321e-05 -0.000311464 1.82765e-05 5.32321e-05 0.00959401 -0.0176577 5.3067e-05 -0.000311464 -0.0176577 0.0875028 
0.00965514 -0.0177533 2.78209e-05 4.04547e-05 -0.0177533 0.0876862 3.58864e-05 -0.000312925 2.78209e-05 3.58864e-05 0.00961335 -0.0176695 4.04547e-05 -0.000312925 -0.0176695 0.087527 
0.00963726 -0.0177157 4.91405e-05 2.88007e-05 -0.0177157 0.0875951 1.99531e-05 -0.000282404 4.91405e-05 1.99531e-05 0.0096223 -0.017683 2.88007e-05 -0.000282404 -0.017683 0.0875174 
0.00964608 -0.0177091 6.62515e-05 3.37475e-06 -0.0177091 0.0876024 -4.74011e-06 -0.000232273 6.62515e-05 -4.74011e-06 0.00963126 -0.0177193 3.37475e-06 -0.000232273 -0.0177193 0.0876494 
0.00965847 -0.0177293 7.54933e-05 -2.10926e-05 -0.0177293 0.0876653 -2.74297e-05 -0.000170957 7.54933e-05 -2.74297e-05 0.00964169 -0.0177354 -2.10926e-05 -0.000170957 -0.0177354 0.0877568 
0.00965975 -0.0177398 5.92518e-05 -3.32702e-05 -0.0177398 0.0876975 -3.76553e-05 -0.000127983 5.92518e-05 -3.76553e-05 0.00964644 -0.0177399 -3.32702e-05 -0.000127983 -0.0177399 0.0877826 
0.00962806 -0.0176834 4.46105e-05 -1.28722e-05 -0.0176834 0.0874385 -1.72899e-05 -0.000143627 4.46105e-05 -1.72899e-05 0.00961946 -0.0176948 -1.28722e-05 -0.000143627 -0.0176948 0.0875439 
0.00958287 -0.0176315 3.82632e-05 6.49998e-06 -0.0176315 0.0871985 5.82204e-07 -0.000186683 3.82632e-05 5.82204e-07 0.00960363 -0.0176541 6.49998e-06 -0.000186683 -0.0176541 0.0873424 
0.00957187 -0.0176037 3.28933e-05 1.43875e-05 -0.0176037 0.0871465 6.5586e-06 -0.00021486 3.28933e-05 6.5586e-06 0.00959873 -0.0176692 1.43875e-05 -0.00021486 -0.0176692 0.0873835 
0.00955757 -0.0175513 2.37633e-05 1.64607e-05 -0.0175513 0.086906 8.86875e-06 -0.000220711 2.37633e-05 8.86875e-06 0.00957362 -0.0176212 1.64607e-05 -0.000220711 -0.0176212 0.0871915 
0.00957905 -0.0175675 2.21691e-05 2.52994e-05 -0.0175675 0.0869483 1.8777e-05 -0.000234011 2.21691e-05 1.8777e-05 0.00956797 -0.01763 2.52994e-05 -0.000234011 -0.01763 0.0872446 
0.00960927 -0.017613 1.8681e-05 2.57251e-05 -0.017613 0.0871042 2.11293e-05 -0.000241037 1.8681e-05 2.11293e-05 0.00956353 -0.0176427 2.57251e-05 -0.000241037 -0.0176427 0.0873524 
0.00960792 -0.0176465 1.79284e-05 2.77842e-05 -0.0176465 0.0872137 2.56524e-05 -0.000245329 1.79284e-05 2.56524e-05 0.00957434 -0.017632 2.77842e-05 -0.000245329 -0.017632 0.0873701 
0.0095912 -0.0175904 1.87369e-05 2.91622e-05 -0.0175904 0.086991 2.82318e-05 -0.000250091 1.87369e-05 2.82318e-05 0.00955031 -0.0175895 2.91622e-05 -0.000250091 -0.0175895 0.0871249 
0.00959398 -0.0176122 6.97175e-06 2.97536e-05 -0.0176122 0.087067 2.62748e-05 -0.000250153 6.97175e-06 2.62748e-05 0.00956993 -0.017609 2.97536e-05 -0.000250153 -0.017609 0.087208 
0.00961802 -0.0176246 7.61778e-06 4.74282e-05 -0.0176246 0.0871474 4.23844e-05 -0.000279102 7.61778e-06 4.23844e-05 0.0095793 -0.0176408 4.74282e-05 -0.000279102 -0.0176408 0.0873201 
0.00962955 -0.0176348 1.62196e-05 4.65121e-05 -0.0176348 0.0871358 4.52374e-05 -0.000298098 1.62196e-05 4.52374e-05 0.00957293 -0.0176402 4.65121e-05 -0.000298098 -0.0176402 0.0873203 
0.00964235 -0.0176509 1.0376e-05 3.41292e-05 -0.0176509 0.0871639 3.74584e-05 -0.000290016 1.0376e-05 3.74584e-05 0.00956178 -0.017637 3.41292e-05 -0.000290016 -0.017637 0.0873218 
0.0096558 -0.0176723 7.33267e-06 4.01823e-05 -0.0176723 0.0872285 4.52341e-05 -0.000294662 7.33267e-06 4.52341e-05 0.00955756 -0.0176306 4.01823e-05 -0.000294662 -0.0176306 0.0873323 
0.00965806 -0.0177082 2.93366e-05 4.73616e-05 -0.0177082 0.0873654 5.27265e-05 -0.000316184 2.93366e-05 5.27265e-05 0.00958088 -0.0176367 4.73616e-05 -0.000316184 -0.0176367 0.0873898 
0.00965762 -0.0177569 2.77826e-05 2.90936e-05 -0.0177569 0.0876412 3.50841e-05 -0.000310888 2.77826e-05 3.50841e-05 0.00963057 -0.0176957 2.90936e-05 -0.000310888 -0.0176957 0.0876279 
0.00966582 -0.0177248 2.49282e-05 2.90821e-05 -0.0177248 0.0876033 3.13187e-05 -0.00029717 2.49282e-05 3.13187e-05 0.00962597 -0.0177205 2.90821e-05 -0.00029717 -0.0177205 0.0876601 
0.00968429 -0.0177265 1.69918e-05 3.37838e-05 -0.0177265 0.0875677 3.11022e-05 -0.000297597 1.69918e-05 3.11022e-05 0.00961472 -0.0177153 3.37838e-05 -0.000297597 -0.0177153 0.0876633 
0.00972777 -0.0178069 1.29417e-05 4.29671e-05 -0.0178069 0.0878735 3.84003e-05 -0.000310948 1.29417e-05 3.84003e-05 0.00962457 -0.0177544 4.29671e-05 -0.000310948 -0.0177544 0.0879025 
0.0097612 -0.0179119 1.60497e-05 4.86622e-05 -0.0179119 0.0883569 4.28945e-05 -0.000324851 1.60497e-05 4.28945e-05 0.0096767 -0.0178214 4.86622e-05 -0.000324851 -0.0178214 0.0882991 
0.00977936 -0.0179381 2.0137e-05 4.63458e-05 -0.0179381 0.0885682 4.04195e-05 -0.000327722 2.0137e-05 4.04195e-05 0.0097124 -0.0178687 4.63458e-05 -0.000327722 -0.0178687 0.0885032 
0.0097945 -0.0179018 3.74126e-05 4.17798e-05 -0.0179018 0.0884122 3.93312e-05 -0.000324656 3.74126e-05 3.93312e-05 0.00969291 -0.017858 4.17798e-05 -0.000324656 -0.017858 0.0884009 
0.00978693 -0.0179036 4.35636e-05 1.81273e-05 -0.0179036 0.0882913 2.0724e-05 -0.000291503 4.35636e-05 2.0724e-05 0.00968147 -0.0178199 1.81273e-05 -0.000291503 -0.0178199 0.0882473 
0.00974675 -0.0179408 4.80334e-05 6.73786e-06 -0.0179408 0.08845 1.22457e-05 -0.000258075 4.80334e-05 1.22457e-05 0.00975636 -0.01785 6.73786e-06 -0.000258075 -0.01785 0.0883674 
0.00974487 -0.0179285 5.05155e-05 4.3615e-06 -0.0179285 0.0886263 7.20446e-06 -0.000243392 5.05155e-05 7.20446e-06 0.00982244 -0.0179845 4.3615e-06 -0.000243392 -0.0179845 0.0887649 
0.0097619 -0.0179319 5.44893e-05 3.05059e-06 -0.0179319 0.0887421 4.72025e-06 -0.000237783 5.44893e-05 4.72025e-06 0.00985424 -0.0180915 3.05059e-06 -0.000237783 -0.0180915 0.0891891 
0.00979474 -0.0179442 4.10792e-05 6.09794e-07 -0.0179442 0.0887951 1.39665e-06 -0.000235193 4.10792e-05 1.39665e-06 0.00984862 -0.0181254 6.09794e-07 -0.000235193 -0.0181254 0.0894045 
0.00981634 -0.0179337 3.65848e-05 1.90869e-05 -0.0179337 0.0886411 1.96681e-05 -0.000264032 3.65848e-05 1.96681e-05 0.00980972 -0.0180638 1.90869e-05 -0.000264032 -0.0180638 0.0892182 
0.00983562 -0.0179587 3.85914e-05 2.97609e-05 -0.0179587 0.0886011 3.10383e-05 -0.000305139 3.85914e-05 3.10383e-05 0.00978178 -0.0180051 2.97609e-05 -0.000305139 -0.0180051 0.0890091 
0.00985389 -0.0179878 2.83784e-05 3.29586e-05 -0.0179878 0.0886279 3.07497e-05 -0.000330027 2.83784e-05 3.07497e-05 0.00974954 -0.0179608 3.29586e-05 -0.000330027 -0.0179608 0.088823 
0.009854 -0.0180197 4.57873e-05 4.65131e-05 -0.0180197 0.0887107 3.74843e-05 -0.000352213 4.57873e-05 3.74843e-05 0.009732 -0.0179304 4.65131e-05 -0.000352213 -0.0179304 0.0887225 
0.0098907 -0.0180689 5.54187e-05 2.7479e-05 -0.0180689 0.088986 1.55131e-05 -0.000333346 5.54187e-05 1.55131e-05 0.00972718 -0.0179634 2.7479e-05 -0.000333346 -0.0179634 0.0889087 
0.00988852 -0.0180727 5.72547e-05 7.35477e-06 -0.0180727 0.0889767 -3.56057e-06 -0.00027936 5.72547e-05 -3.56057e-06 0.00971006 -0.0179207 7.35477e-06 -0.00027936 -0.0179207 0.0888087 
0.00986865 -0.0180605 4.76325e-05 3.41752e-06 -0.0180605 0.0889232 -4.18206e-06 -0.000251946 4.76325e-05 -4.18206e-06 0.00970857 -0.0178883 3.41752e-06 -0.000251946 -0.0178883 0.0886802 
0.00983818 -0.0180503 2.77823e-05 1.40023e-05 -0.0180503 0.0889232 1.48706e-05 -0.000270602 2.77823e-05 1.48706e-05 0.00974041 -0.0178938 1.40023e-05 -0.000270602 -0.0178938 0.0886683 
0.0097885 -0.017977 6.32699e-06 3.46145e-05 -0.017977 0.0886944 4.38292e-05 -0.000319773 6.32699e-06 4.38292e-05 0.00974845 -0.0179018 3.46145e-05 -0.000319773 -0.0179018 0.0885716 
0.00975761 -0.0179133 1.66094e-05 5.9575e-05 -0.0179133 0.0884847 7.00765e-05 -0.000380679 1.66094e-05 7.00765e-05 0.00974554 -0.017912 5.9575e-05 -0.000380679 -0.017912 0.0885465 
0.00973657 -0.017853 3.58526e-05 4.74187e-05 -0.017853 0.0882306 5.48925e-05 -0.000383613 3.58526e-05 5.48925e-05 0.00972311 -0.0178898 4.74187e-05 -0.000383613 -0.0178898 0.0884309 
0.00973157 -0.0178315 4.4911e-05 1.85794e-05 -0.0178315 0.0881033 2.62322e-05 -0.000325776 4.4911e-05 2.62322e-05 0.00970924 -0.0178663 1.85794e-05 -0.000325776 -0.0178663 0.0883496 
