0.0067334 0 5.09064e-05 0 0 0.00944522 0 0 5.09064e-05 0 0.00658564 0 0 0 0 0.00944522 
0.00986172 -0.0122397 4.46074e-05 -5.14338e-05 -0.0122397 0.0324246 -5.14338e-05 9.81602e-05 4.46074e-05 -5.14338e-05 0.00964309 -0.0119702 -5.14338e-05 9.81602e-05 -0.0119702 0.0319081 
0.00929361 -0.0173486 1.36614e-06 4.94109e-05 -0.0173486 0.0638863 4.94109e-05 -0.000187113 1.36614e-06 4.94109e-05 0.00913319 -0.0170023 4.94109e-05 -0.000187113 -0.0170023 0.0627775 
0.00872122 -0.0169029 8.00921e-06 0.000174768 -0.0169029 0.0758244 0.000170455 -0.000895267 8.00921e-06 0.000170455 0.00864985 -0.0166573 0.000174768 -0.000895267 -0.0166573 0.0747818 
0.00913612 -0.0171656 3.37955e-05 0.000152715 -0.0171656 0.0829339 0.000144508 -0.00117654 3.37955e-05 0.000144508 0.00914776 -0.0170409 0.000152715 -0.00117654 -0.0170409 0.0822045 
0.00883009 -0.0163269 3.34166e-05 6.70728e-05 -0.0163269 0.0803699 5.84261e-05 -0.000857137 3.34166e-05 5.84261e-05 0.00891931 -0.0163274 6.70728e-05 -0.000857137 -0.0163274 0.0800658 
0.00926779 -0.0170263 3.27643e-05 3.99962e-05 -0.0170263 0.0841702 2.80479e-05 -0.000592933 3.27643e-05 2.80479e-05 0.00937812 -0.0171451 3.99962e-05 -0.000592933 -0.0171451 0.0842418 
0.00902985 -0.0165406 3.83753e-05 4.00422e-05 -0.0165406 0.0818216 2.89076e-05 -0.000437501 3.83753e-05 2.89076e-05 0.0091171 -0.0166867 4.00422e-05 -0.000437501 -0.0166867 0.0821131 
0.00952076 -0.0174177 4.44503e-05 3.99437e-05 -0.0174177 0.0861074 3.20533e-05 -0.000410431 4.44503e-05 3.20533e-05 0.00958332 -0.0175485 3.99437e-05 -0.000410431 -0.0175485 0.0864631 
0.00941305 -0.0172006 4.65303e-05 3.77893e-05 -0.0172006 0.0849435 3.36779e-05 -0.000394941 4.65303e-05 3.36779e-05 0.00944157 -0.0172864 3.77893e-05 -0.000394941 -0.0172864 0.0852276 
0.00936174 -0.0171549 3.78479e-05 3.72353e-05 -0.0171549 0.0846135 3.70601e-05 -0.000400157 3.78479e-05 3.70601e-05 0.00941456 -0.0172004 3.72353e-05 -0.000400157 -0.0172004 0.0848047 
0.00934537 -0.017145 2.21469e-05 4.79834e-05 -0.017145 0.0846023 4.78311e-05 -0.000423295 2.21469e-05 4.78311e-05 0.00941159 -0.0172145 4.79834e-05 -0.000423295 -0.0172145 0.0847854 
0.00932076 -0.017083 2.04734e-05 6.5713e-05 -0.017083 0.0843512 6.2593e-05 -0.000456788 2.04734e-05 6.2593e-05 0.0093792 -0.0171764 6.5713e-05 -0.000456788 -0.0171764 0.084589 
0.00930896 -0.0170362 1.52526e-05 6.76084e-05 -0.0170362 0.0841007 6.45235e-05 -0.000473785 1.52526e-05 6.45235e-05 0.00932539 -0.0171178 6.76084e-05 -0.000473785 -0.0171178 0.0843389 
0.00928369 -0.0170137 8.87633e-06 6.93065e-05 -0.0170137 0.0839147 6.88304e-05 -0.00047623 8.87633e-06 6.88304e-05 0.00928561 -0.0170349 6.93065e-05 -0.00047623 -0.0170349 0.0840418 
0.00922099 -0.016951 9.38682e-06 7.53467e-05 -0.016951 0.0836105 7.63935e-05 -0.000484573 9.38682e-06 7.63935e-05 0.00926525 -0.0169405 7.53467e-05 -0.000484573 -0.0169405 0.0836147 
0.00920072 -0.0169372 1.96528e-05 7.14247e-05 -0.0169372 0.0836537 7.38473e-05 -0.000480407 1.96528e-05 7.38473e-05 0.00927983 -0.0169741 7.14247e-05 -0.000480407 -0.0169741 0.083676 
0.0092141 -0.0169174 1.9423e-05 5.50086e-05 -0.0169174 0.0836629 5.61149e-05 -0.000444232 1.9423e-05 5.61149e-05 0.00927045 -0.017006 5.50086e-05 -0.000444232 -0.017006 0.083799 
0.00921669 -0.0168762 2.84954e-05 5.41704e-05 -0.0168762 0.0834165 5.30964e-05 -0.000418685 2.84954e-05 5.30964e-05 0.00921847 -0.0169442 5.41704e-05 -0.000418685 -0.0169442 0.0835811 
0.00923922 -0.0169116 3.98975e-05 4.64883e-05 -0.0169116 0.0834764 4.31321e-05 -0.000399267 3.98975e-05 4.31321e-05 0.00920291 -0.016914 4.64883e-05 -0.000399267 -0.016914 0.0835414 
0.00924133 -0.0169398 3.50829e-05 3.39993e-05 -0.0169398 0.0835462 2.90352e-05 -0.000369709 3.50829e-05 2.90352e-05 0.00920698 -0.0168889 3.39993e-05 -0.000369709 -0.0168889 0.0834691 
0.00924238 -0.0169247 3.81476e-05 3.7094e-05 -0.0169247 0.0834858 3.10278e-05 -0.000356032 3.81476e-05 3.10278e-05 0.00918787 -0.0168726 3.7094e-05 -0.000356032 -0.0168726 0.0833476 
0.00924755 -0.0169588 4.55523e-05 3.46758e-05 -0.0169588 0.0836227 2.69459e-05 -0.000349235 4.55523e-05 2.69459e-05 0.00919362 -0.01689 3.46758e-05 -0.000349235 -0.01689 0.0834547 
0.00921201 -0.0168885 3.90533e-05 2.64439e-05 -0.0168885 0.0833197 1.85415e-05 -0.000332723 3.90533e-05 1.85415e-05 0.00916118 -0.0168234 2.64439e-05 -0.000332723 -0.0168234 0.0831473 
0.00918103 -0.0168649 3.2228e-05 3.27259e-05 -0.0168649 0.0832205 2.48185e-05 -0.000331429 3.2228e-05 2.48185e-05 0.0091735 -0.0168137 3.27259e-05 -0.000331429 -0.0168137 0.0830865 
0.00914686 -0.0167876 4.22117e-05 3.83369e-05 -0.0167876 0.0829275 3.21698e-05 -0.000341438 4.22117e-05 3.21698e-05 0.00916347 -0.0167987 3.83369e-05 -0.000341438 -0.0167987 0.0829242 
0.00914879 -0.0167802 4.21764e-05 2.47808e-05 -0.0167802 0.0828996 2.37543e-05 -0.000329854 4.21764e-05 2.37543e-05 0.00915966 -0.0168263 2.47808e-05 -0.000329854 -0.0168263 0.0830258 
0.00919925 -0.0168405 4.73197e-05 2.22099e-05 -0.0168405 0.0831845 2.33801e-05 -0.000318277 4.73197e-05 2.33801e-05 0.00916185 -0.0168838 2.22099e-05 -0.000318277 -0.0168838 0.0833615 
0.00921911 -0.016871 5.6142e-05 1.71213e-05 -0.016871 0.0832668 1.66266e-05 -0.000304952 5.6142e-05 1.66266e-05 0.00915953 -0.0168595 1.71213e-05 -0.000304952 -0.0168595 0.0833778 
0.00923909 -0.0168618 6.04005e-05 1.8146e-06 -0.0168618 0.0831765 -7.8082e-07 -0.0002668 6.04005e-05 -7.8082e-07 0.00911848 -0.0168158 1.8146e-06 -0.0002668 -0.0168158 0.0831881 
0.0092409 -0.0168697 5.60728e-05 -4.94556e-06 -0.0168697 0.0830812 -7.62984e-06 -0.000234719 5.60728e-05 -7.62984e-06 0.00908142 -0.0167416 -4.94556e-06 -0.000234719 -0.0167416 0.0829185 
0.00920422 -0.0168699 2.76386e-05 1.10371e-06 -0.0168699 0.0830219 -8.2781e-07 -0.000233344 2.76386e-05 -8.2781e-07 0.00909243 -0.0166882 1.10371e-06 -0.000233344 -0.0166882 0.0826895 
0.00920984 -0.0168858 1.20967e-05 3.72118e-05 -0.0168858 0.0832105 3.70067e-05 -0.000295551 1.20967e-05 3.70067e-05 0.00912413 -0.0167563 3.72118e-05 -0.000295551 -0.0167563 0.0828842 
0.00920482 -0.016881 -1.1949e-06 5.9598e-05 -0.016881 0.0832374 6.05576e-05 -0.000368297 -1.1949e-06 6.05576e-05 0.00913951 -0.0167845 5.9598e-05 -0.000368297 -0.0167845 0.0829876 
0.00919004 -0.016855 1.08014e-05 7.43434e-05 -0.016855 0.0831375 7.51126e-05 -0.000417306 1.08014e-05 7.51126e-05 0.00913589 -0.0167773 7.43434e-05 -0.000417306 -0.0167773 0.0829392 
0.00918058 -0.0168364 2.81066e-05 6.33348e-05 -0.0168364 0.0830637 6.25113e-05 -0.000421441 2.81066e-05 6.25113e-05 0.00913008 -0.0167703 6.33348e-05 -0.000421441 -0.0167703 0.0828958 
0.00916877 -0.0168535 1.75661e-05 4.43995e-05 -0.0168535 0.0831594 4.04022e-05 -0.000386348 1.75661e-05 4.04022e-05 0.00915615 -0.0167954 4.43995e-05 -0.000386348 -0.0167954 0.0830185 
0.00921161 -0.0169001 7.38951e-06 5.60698e-05 -0.0169001 0.0834934 4.89844e-05 -0.000381606 7.38951e-06 4.89844e-05 0.00918066 -0.016895 5.60698e-05 -0.000381606 -0.016895 0.0834514 
0.00924189 -0.0169421 1.92237e-05 6.68066e-05 -0.0169421 0.0836885 6.1479e-05 -0.000401629 1.92237e-05 6.1479e-05 0.00919449 -0.0169237 6.68066e-05 -0.000401629 -0.0169237 0.0836897 
0.00923757 -0.0169483 1.69887e-05 4.89898e-05 -0.0169483 0.083692 4.83347e-05 -0.000385956 1.69887e-05 4.83347e-05 0.00920778 -0.0169058 4.89898e-05 -0.000385956 -0.0169058 0.0836588 
0.00920508 -0.0168803 1.8876e-05 4.33366e-05 -0.0168803 0.0833721 4.87376e-05 -0.000362501 1.8876e-05 4.87376e-05 0.00920042 -0.0168492 4.33366e-05 -0.000362501 -0.0168492 0.0833261 
0.00918848 -0.0168369 2.25473e-05 3.93595e-05 -0.0168369 0.0831378 4.70325e-05 -0.000349017 2.25473e-05 4.70325e-05 0.00918345 -0.0168321 3.93595e-05 -0.000349017 -0.0168321 0.0831281 
0.0091864 -0.0168633 3.03093e-05 3.66572e-05 -0.0168633 0.0832368 4.30987e-05 -0.000340641 3.03093e-05 4.30987e-05 0.00920631 -0.0168702 3.66572e-05 -0.000340641 -0.0168702 0.0832783 
0.00921867 -0.0169375 3.61391e-05 3.36577e-05 -0.0169375 0.0836688 3.51803e-05 -0.000335849 3.61391e-05 3.51803e-05 0.00926602 -0.0169927 3.36577e-05 -0.000335849 -0.0169927 0.0838264 
0.00920147 -0.0168931 5.08396e-05 2.95956e-05 -0.0168931 0.0835178 2.44395e-05 -0.000321144 5.08396e-05 2.44395e-05 0.00926861 -0.0169906 2.95956e-05 -0.000321144 -0.0169906 0.08381 
0.00917985 -0.0168662 5.80286e-05 1.23933e-05 -0.0168662 0.0833978 1.8504e-06 -0.000282568 5.80286e-05 1.8504e-06 0.00927752 -0.0169945 1.23933e-05 -0.000282568 -0.0169945 0.0838053 
0.00916888 -0.016825 5.01775e-05 4.2416e-06 -0.016825 0.0832353 -8.56427e-06 -0.000248269 5.01775e-05 -8.56427e-06 0.0092681 -0.0169932 4.2416e-06 -0.000248269 -0.0169932 0.0837546 
0.00917449 -0.0167665 2.90893e-05 1.6688e-05 -0.0167665 0.0829229 3.4501e-06 -0.000258138 2.90893e-05 3.4501e-06 0.00920136 -0.0169411 1.6688e-05 -0.000258138 -0.0169411 0.0835076 
0.0091815 -0.0167372 2.32952e-05 4.34551e-05 -0.0167372 0.0826209 3.20066e-05 -0.000311038 2.32952e-05 3.20066e-05 0.00912387 -0.0168306 4.34551e-05 -0.000311038 -0.0168306 0.0831108 
0.00920518 -0.0168106 1.91005e-05 5.16583e-05 -0.0168106 0.0828027 4.29005e-05 -0.000355979 1.91005e-05 4.29005e-05 0.00910164 -0.0167865 5.16583e-05 -0.000355979 -0.0167865 0.0830394 
0.00917772 -0.0167696 2.33061e-05 5.48168e-05 -0.0167696 0.0825676 4.5819e-05 -0.000371969 2.33061e-05 4.5819e-05 0.00904893 -0.0166768 5.48168e-05 -0.000371969 -0.0166768 0.08257 
0.00917845 -0.0167688 1.12734e-05 4.63276e-05 -0.0167688 0.0825582 3.94667e-05 -0.000363046 1.12734e-05 3.94667e-05 0.0090229 -0.0166439 4.63276e-05 -0.000363046 -0.0166439 0.0824215 
0.00917917 -0.0168189 2.11093e-05 5.70093e-05 -0.0168189 0.0827808 5.57391e-05 -0.00037452 2.11093e-05 5.57391e-05 0.00905524 -0.0166539 5.70093e-05 -0.00037452 -0.0166539 0.0825232 
0.00915769 -0.0168092 3.10818e-05 4.53808e-05 -0.0168092 0.0828273 5.11963e-05 -0.000375867 3.10818e-05 5.11963e-05 0.00907503 -0.0166795 4.53808e-05 -0.000375867 -0.0166795 0.0825697 
0.00911091 -0.0167663 4.49954e-05 2.82114e-05 -0.0167663 0.082725 3.6412e-05 -0.000342722 4.49954e-05 3.6412e-05 0.00910254 -0.0166897 2.82114e-05 -0.000342722 -0.0166897 0.0825648 
0.00910704 -0.0167367 4.6531e-05 6.68361e-06 -0.0167367 0.0827343 1.25877e-05 -0.000285028 4.6531e-05 1.25877e-05 0.00912194 -0.0167543 6.68361e-06 -0.000285028 -0.0167543 0.0827661 
0.00913006 -0.0167527 3.56766e-05 3.39629e-06 -0.0167527 0.0828529 4.93593e-06 -0.000245391 3.56766e-05 4.93593e-06 0.00913697 -0.0168129 3.39629e-06 -0.000245391 -0.0168129 0.083057 
0.0091395 -0.0167877 1.32767e-05 1.8576e-05 -0.0167877 0.083006 1.9201e-05 -0.000255977 1.32767e-05 1.9201e-05 0.00915507 -0.0168444 1.8576e-05 -0.000255977 -0.0168444 0.0832741 
0.00909776 -0.016737 -9.22913e-07 4.76848e-05 -0.016737 0.0828024 4.90629e-05 -0.000311208 -9.22913e-07 4.90629e-05 0.00915444 -0.0168099 4.76848e-05 -0.000311208 -0.0168099 0.0831214 
0.00910617 -0.0167022 3.8983e-06 6.66936e-05 -0.0167022 0.0827234 7.06312e-05 -0.000372475 3.8983e-06 7.06312e-05 0.00914553 -0.0168306 6.66936e-05 -0.000372475 -0.0168306 0.0831573 
0.00911426 -0.0166911 -1.34967e-05 6.3028e-05 -0.0166911 0.0825969 6.90308e-05 -0.000395881 -1.34967e-05 6.90308e-05 0.00911951 -0.0167954 6.3028e-05 -0.000395881 -0.0167954 0.0830468 
0.00914842 -0.0167048 -4.77563e-06 7.93996e-05 -0.0167048 0.0825723 8.78349e-05 -0.000423395 -4.77563e-06 8.78349e-05 0.00907673 -0.0167581 7.93996e-05 -0.000423395 -0.0167581 0.082925 
0.00915345 -0.016747 1.35626e-05 6.97927e-05 -0.016747 0.0826124 7.71144e-05 -0.000424238 1.35626e-05 7.71144e-05 0.00906994 -0.0166922 6.97927e-05 -0.000424238 -0.0166922 0.0827312 
0.009151 -0.0167473 1.92751e-05 4.85192e-05 -0.0167473 0.0825964 5.27133e-05 -0.000382874 1.92751e-05 5.27133e-05 0.00905853 -0.0166649 4.85192e-05 -0.000382874 -0.0166649 0.0825445 
0.00913867 -0.0167288 2.59545e-05 4.2192e-05 -0.0167288 0.0824927 4.23033e-05 -0.000346765 2.59545e-05 4.23033e-05 0.00904923 -0.016635 4.2192e-05 -0.000346765 -0.016635 0.0823627 
0.00915237 -0.0167342 3.45101e-05 3.3765e-05 -0.0167342 0.0825168 3.03018e-05 -0.000317927 3.45101e-05 3.03018e-05 0.00904284 -0.0166497 3.3765e-05 -0.000317927 -0.0166497 0.0823822 
0.00915668 -0.0167778 2.93019e-05 2.54283e-05 -0.0167778 0.0826791 2.00698e-05 -0.000293817 2.93019e-05 2.00698e-05 0.00906043 -0.0166706 2.54283e-05 -0.000293817 -0.0166706 0.0825178 
0.00914197 -0.0167531 3.24551e-05 2.98453e-05 -0.0167531 0.0826132 2.36715e-05 -0.000287276 3.24551e-05 2.36715e-05 0.00906361 -0.0166653 2.98453e-05 -0.000287276 -0.0166653 0.0824701 
0.00908782 -0.0167001 3.50199e-05 2.84369e-05 -0.0167001 0.0823792 2.16528e-05 -0.000287206 3.50199e-05 2.16528e-05 0.00905671 -0.0166342 2.84369e-05 -0.000287206 -0.0166342 0.0822853 
0.00968392 -0.0177882 3.34628e-05 2.57585e-05 -0.0177882 0.0878734 1.71102e-05 -0.000294707 3.34628e-05 1.71102e-05 0.00968433 -0.0177822 2.57585e-05 -0.000294707 -0.0177822 0.0878991 
0.00968641 -0.0177798 3.00693e-05 2.99059e-05 -0.0177798 0.0878742 1.9183e-05 -0.000291399 3.00693e-05 1.9183e-05 0.0096863 -0.0178148 2.99059e-05 -0.000291399 -0.0178148 0.0880223 
0.00968615 -0.0177781 2.85354e-05 3.56701e-05 -0.0177781 0.087863 2.2287e-05 -0.000298231 2.85354e-05 2.2287e-05 0.00968558 -0.0178122 3.56701e-05 -0.000298231 -0.0178122 0.0880553 
0.00903493 -0.0166161 2.18801e-05 3.28128e-05 -0.0166161 0.0821208 2.20048e-05 -0.000279402 2.18801e-05 2.20048e-05 0.00907222 -0.0166455 3.28128e-05 -0.000279402 -0.0166455 0.0823021 
0.00904154 -0.0166256 3.19602e-05 3.4258e-05 -0.0166256 0.0822497 2.86989e-05 -0.000282846 3.19602e-05 2.86989e-05 0.00909413 -0.0167054 3.4258e-05 -0.000282846 -0.0167054 0.0825152 
0.00905827 -0.0166287 3.29342e-05 2.01073e-05 -0.0166287 0.0823132 1.90279e-05 -0.000266972 3.29342e-05 1.90279e-05 0.00909877 -0.0167429 2.01073e-05 -0.000266972 -0.0167429 0.0826968 
0.00906661 -0.0166085 1.80244e-05 1.79908e-05 -0.0166085 0.0821829 1.83026e-05 -0.00025382 1.80244e-05 1.83026e-05 0.00906011 -0.0167106 1.79908e-05 -0.00025382 -0.0167106 0.0826 
0.0090511 -0.0165875 2.70676e-05 3.59713e-05 -0.0165875 0.0819842 3.53026e-05 -0.000274784 2.70676e-05 3.53026e-05 0.00902739 -0.0166257 3.59713e-05 -0.000274784 -0.0166257 0.0823026 
0.00967682 -0.0177413 3.34701e-05 2.9447e-05 -0.0177413 0.0876596 3.07401e-05 -0.000300673 3.34701e-05 3.07401e-05 0.00965807 -0.0177556 2.9447e-05 -0.000300673 -0.0177556 0.0878994 
0.00966458 -0.0177066 2.38643e-05 1.80589e-05 -0.0177066 0.0874829 1.96147e-05 -0.000272549 2.38643e-05 1.96147e-05 0.00963633 -0.0177271 1.80589e-05 -0.000272549 -0.0177271 0.0876953 
0.00969197 -0.0177845 5.25572e-06 2.72687e-05 -0.0177845 0.0878304 2.64071e-05 -0.000267242 5.25572e-06 2.64071e-05 0.00967239 -0.0177969 2.72687e-05 -0.000267242 -0.0177969 0.0880338 
0.00905648 -0.0166412 -5.86972e-06 4.81253e-05 -0.0166412 0.0822152 4.41842e-05 -0.000283143 -5.86972e-06 4.41842e-05 0.00905165 -0.0166547 4.81253e-05 -0.000283143 -0.0166547 0.0823947 
0.0090412 -0.0165914 -1.0551e-05 6.43093e-05 -0.0165914 0.0820375 5.84157e-05 -0.000324634 -1.0551e-05 5.84157e-05 0.00902553 -0.0166226 6.43093e-05 -0.000324634 -0.0166226 0.082241 
0.00966566 -0.0177437 1.12553e-06 8.04175e-05 -0.0177437 0.0877294 7.2644e-05 -0.000386502 1.12553e-06 7.2644e-05 0.00965948 -0.0177728 8.04175e-05 -0.000386502 -0.0177728 0.0879667 
0.00961436 -0.017681 -3.48138e-06 6.31326e-05 -0.017681 0.0874437 5.63301e-05 -0.000373794 -3.48138e-06 5.63301e-05 0.00966148 -0.017731 6.31326e-05 -0.000373794 -0.017731 0.087728 
0.00961836 -0.017629 1.02765e-05 6.42154e-05 -0.017629 0.0872802 6.20444e-05 -0.000365053 1.02765e-05 6.20444e-05 0.00964368 -0.0177557 6.42154e-05 -0.000365053 -0.0177557 0.0877217 
0.00959034 -0.017592 7.69988e-06 4.68952e-05 -0.017592 0.0869991 4.81647e-05 -0.000341621 7.69988e-06 4.81647e-05 0.00962227 -0.0176926 4.68952e-05 -0.000341621 -0.0176926 0.087482 
0.00957042 -0.0175671 1.2365e-05 4.65268e-05 -0.0175671 0.0868541 4.92446e-05 -0.000325949 1.2365e-05 4.92446e-05 0.00959734 -0.0176608 4.65268e-05 -0.000325949 -0.0176608 0.0873077 
0.00956647 -0.0175531 2.82409e-05 3.69866e-05 -0.0175531 0.0867996 4.17244e-05 -0.000305453 2.82409e-05 4.17244e-05 0.0095689 -0.0176422 3.69866e-05 -0.000305453 -0.0176422 0.0872346 
0.00957458 -0.0175809 4.22468e-05 1.3614e-05 -0.0175809 0.0869268 1.94336e-05 -0.000255547 4.22468e-05 1.94336e-05 0.00957069 -0.017639 1.3614e-05 -0.000255547 -0.017639 0.0873042 
0.0095814 -0.0175852 4.37685e-05 -4.01852e-06 -0.0175852 0.086972 -3.55573e-06 -0.000195999 4.37685e-05 -3.55573e-06 0.0095631 -0.0176318 -4.01852e-06 -0.000195999 -0.0176318 0.0872973 
0.00957588 -0.0175766 4.05593e-05 -1.89234e-06 -0.0175766 0.0869282 -9.58949e-06 -0.000167222 4.05593e-05 -9.58949e-06 0.0095625 -0.017609 -1.89234e-06 -0.000167222 -0.017609 0.0872158 
0.00958003 -0.0175759 4.31543e-05 4.57996e-06 -0.0175759 0.0869284 -4.17209e-06 -0.00016998 4.31543e-05 -4.17209e-06 0.00955606 -0.0176138 4.57996e-06 -0.00016998 -0.0176138 0.0872099 
0.00962141 -0.0176011 3.84568e-05 -3.72401e-07 -0.0176011 0.0870391 -8.74183e-06 -0.000163997 3.84568e-05 -8.74183e-06 0.00952807 -0.0176276 -3.72401e-07 -0.000163997 -0.0176276 0.0873059 
0.00963598 -0.0176659 2.23577e-05 3.23123e-06 -0.0176659 0.0872354 -4.39898e-06 -0.000163811 2.23577e-05 -4.39898e-06 0.00952744 -0.0176043 3.23123e-06 -0.000163811 -0.0176043 0.087356 
0.00962689 -0.0176489 9.5681e-06 2.02502e-05 -0.0176489 0.087176 1.75449e-05 -0.000193379 9.5681e-06 1.75449e-05 0.00951004 -0.0175579 2.02502e-05 -0.000193379 -0.0175579 0.0871627 
0.00962107 -0.0176295 1.52576e-05 3.27742e-05 -0.0176295 0.0870923 3.14916e-05 -0.000224371 1.52576e-05 3.14916e-05 0.00951003 -0.0175324 3.27742e-05 -0.000224371 -0.0175324 0.0870279 
0.0095911 -0.0176036 2.87145e-05 2.92203e-05 -0.0176036 0.086945 2.80288e-05 -0.000235012 2.87145e-05 2.80288e-05 0.00952111 -0.0175123 2.92203e-05 -0.000235012 -0.0175123 0.0868747 
0.00960672 -0.0176374 4.1291e-05 1.23085e-05 -0.0176374 0.0871615 1.14954e-05 -0.000210512 4.1291e-05 1.14954e-05 0.00955621 -0.017594 1.23085e-05 -0.000210512 -0.017594 0.0871636 
0.00964395 -0.0176766 3.55311e-05 -8.44818e-06 -0.0176766 0.0873886 -4.04431e-06 -0.000166882 3.55311e-05 -4.04431e-06 0.00956383 -0.0176624 -8.44818e-06 -0.000166882 -0.0176624 0.0874819 
0.00966643 -0.0176794 2.11976e-05 -3.34302e-06 -0.0176794 0.0873534 4.17085e-06 -0.000156559 2.11976e-05 4.17085e-06 0.00952861 -0.0176259 -3.34302e-06 -0.000156559 -0.0176259 0.0874153 
0.00965032 -0.0176412 2.51957e-05 1.40708e-05 -0.0176412 0.0870623 2.15057e-05 -0.000183657 2.51957e-05 2.15057e-05 0.00948059 -0.0175164 1.40708e-05 -0.000183657 -0.0175164 0.086984 
0.00961915 -0.0176237 2.67326e-05 1.67108e-05 -0.0176237 0.0869023 2.3567e-05 -0.000211437 2.67326e-05 2.3567e-05 0.00947057 -0.0174523 1.67108e-05 -0.000211437 -0.0174523 0.0866762 
0.00959941 -0.0176321 2.48544e-05 1.36867e-05 -0.0176321 0.08699 1.79177e-05 -0.000211421 2.48544e-05 1.79177e-05 0.0095109 -0.0174862 1.36867e-05 -0.000211421 -0.0174862 0.0867447 
0.00959002 -0.0176453 2.81447e-05 1.97928e-05 -0.0176453 0.0871804 2.18346e-05 -0.000222477 2.81447e-05 2.18346e-05 0.00957033 -0.0175878 1.97928e-05 -0.000222477 -0.0175878 0.0870981 
0.00958752 -0.0176306 3.87406e-05 1.78014e-05 -0.0176306 0.0872442 2.0208e-05 -0.00022751 3.87406e-05 2.0208e-05 0.00960804 -0.0176723 1.78014e-05 -0.00022751 -0.0176723 0.0874143 
0.00956901 -0.0176024 3.30617e-05 6.99844e-06 -0.0176024 0.0871464 1.02081e-05 -0.000217229 3.30617e-05 1.02081e-05 0.00962321 -0.0176915 6.99844e-06 -0.000217229 -0.0176915 0.0874969 
0.00961475 -0.0176379 3.26573e-05 9.70557e-06 -0.0176379 0.0873642 1.54424e-05 -0.000213757 3.26573e-05 1.54424e-05 0.00964063 -0.0177653 9.70557e-06 -0.000213757 -0.0177653 0.0878328 
0.00962586 -0.0176979 3.7686e-05 9.34889e-06 -0.0176979 0.0875683 1.2461e-05 -0.000211165 3.7686e-05 1.2461e-05 0.00966407 -0.0177805 9.34889e-06 -0.000211165 -0.0177805 0.0879981 
0.00960854 -0.0176711 4.19915e-05 1.78572e-06 -0.0176711 0.0874766 -3.13423e-06 -0.000182671 4.19915e-05 -3.13423e-06 0.00965204 -0.0177506 1.78572e-06 -0.000182671 -0.0177506 0.0878436 
0.00957889 -0.017608 3.69625e-05 -2.71537e-06 -0.017608 0.0871981 -1.45924e-05 -0.000151958 3.69625e-05 -1.45924e-05 0.00961456 -0.0176956 -2.71537e-06 -0.000151958 -0.0176956 0.0875565 
0.00956577 -0.0175868 3.33296e-05 2.18117e-06 -0.0175868 0.0870949 -7.68174e-06 -0.000148308 3.33296e-05 -7.68174e-06 0.00960283 -0.0176721 2.18117e-06 -0.000148308 -0.0176721 0.0874604 
0.00954444 -0.0175404 2.66e-05 7.26588e-06 -0.0175404 0.0868876 1.0364e-07 -0.00016097 2.66e-05 1.0364e-07 0.00958393 -0.0176381 7.26588e-06 -0.00016097 -0.0176381 0.0872881 
0.00952741 -0.0175028 2.21893e-05 1.52662e-05 -0.0175028 0.0866994 1.1728e-05 -0.000183383 2.21893e-05 1.1728e-05 0.00956719 -0.0176066 1.52662e-05 -0.000183383 -0.0176066 0.0871299 
0.00954624 -0.0175301 2.20089e-05 2.20373e-05 -0.0175301 0.0868144 2.11727e-05 -0.000210061 2.20089e-05 2.11727e-05 0.00957496 -0.0176308 2.20373e-05 -0.000210061 -0.0176308 0.0872508 
0.00956028 -0.0175181 2.41308e-05 1.80692e-05 -0.0175181 0.0867251 2.04977e-05 -0.000213435 2.41308e-05 2.04977e-05 0.00954001 -0.0176018 1.80692e-05 -0.000213435 -0.0176018 0.0871345 
0.00958677 -0.0175674 3.32845e-05 1.21719e-05 -0.0175674 0.0868581 1.80352e-05 -0.000203035 3.32845e-05 1.80352e-05 0.00953516 -0.0175817 1.21719e-05 -0.000203035 -0.0175817 0.087132 
0.00960095 -0.0176004 3.62026e-05 2.49801e-06 -0.0176004 0.0869714 1.02662e-05 -0.000187584 3.62026e-05 1.02662e-05 0.00953372 -0.0175757 2.49801e-06 -0.000187584 -0.0175757 0.0871174 
0.00961687 -0.0176402 2.34595e-05 1.91895e-06 -0.0176402 0.0871485 6.21684e-06 -0.000178359 2.34595e-05 6.21684e-06 0.00954396 -0.0175918 1.91895e-06 -0.000178359 -0.0175918 0.0872036 
0.00962231 -0.017676 1.16964e-05 2.17715e-05 -0.017676 0.0873407 2.33698e-05 -0.000207982 1.16964e-05 2.33698e-05 0.00957574 -0.017626 2.17715e-05 -0.000207982 -0.017626 0.0873663 
0.00963273 -0.0176533 2.51346e-05 3.83831e-05 -0.0176533 0.0872894 3.83753e-05 -0.000251397 2.51346e-05 3.83753e-05 0.00956861 -0.0176351 3.83831e-05 -0.000251397 -0.0176351 0.0873557 
0.00963478 -0.0176321 2.2219e-05 2.44665e-05 -0.0176321 0.0871246 2.50961e-05 -0.000253074 2.2219e-05 2.50961e-05 0.00954186 -0.0176029 2.44665e-05 -0.000253074 -0.0176029 0.0872123 
0.00967235 -0.0176882 8.80274e-06 2.78121e-05 -0.0176882 0.0873222 2.70351e-05 -0.000251361 8.80274e-06 2.70351e-05 0.00954648 -0.0176267 2.78121e-05 -0.000251361 -0.0176267 0.087366 
0.00970819 -0.0177781 1.02757e-05 4.6367e-05 -0.0177781 0.0876886 4.10369e-05 -0.000279374 1.02757e-05 4.10369e-05 0.00957803 -0.0176675 4.6367e-05 -0.000279374 -0.0176675 0.0876246 
0.00907599 -0.0166629 2.88007e-05 4.49661e-05 -0.0166629 0.0821998 3.61849e-05 -0.000276723 2.88007e-05 3.61849e-05 0.00899219 -0.0165509 4.49661e-05 -0.000276723 -0.0165509 0.0820775 
0.00972046 -0.0178143 4.07868e-05 2.3351e-05 -0.0178143 0.0879917 1.22746e-05 -0.000260563 4.07868e-05 1.22746e-05 0.00963408 -0.0177499 2.3351e-05 -0.000260563 -0.0177499 0.0879318 
0.00970008 -0.017784 4.49069e-05 5.80731e-06 -0.017784 0.0878218 -2.57939e-06 -0.000210459 4.49069e-05 -2.57939e-06 0.00963573 -0.0177292 5.80731e-06 -0.000210459 -0.0177292 0.0878293 
0.00966913 -0.0177361 3.6264e-05 -1.56266e-06 -0.0177361 0.087599 -5.05622e-06 -0.000184217 3.6264e-05 -5.05622e-06 0.00963012 -0.0177098 -1.56266e-06 -0.000184217 -0.0177098 0.0876721 
0.00903188 -0.0166038 2.47932e-05 8.14906e-06 -0.0166038 0.0820337 1.10231e-05 -0.000187978 2.47932e-05 1.10231e-05 0.00903636 -0.0166125 8.14906e-06 -0.000187978 -0.0166125 0.0821869 
0.00904441 -0.016614 2.19908e-05 1.89884e-05 -0.016614 0.0821868 2.67522e-05 -0.000222684 2.19908e-05 2.67522e-05 0.00906318 -0.0166792 1.89884e-05 -0.000222684 -0.0166792 0.0824716 
0.00966529 -0.0177221 2.97752e-05 2.23076e-05 -0.0177221 0.0876967 3.32859e-05 -0.000258752 2.97752e-05 3.32859e-05 0.00966668 -0.0178166 2.23076e-05 -0.000258752 -0.0178166 0.088112 
0.009649 -0.0176504 2.69538e-05 1.65781e-05 -0.0176504 0.0872889 2.47648e-05 -0.000254618 2.69538e-05 2.47648e-05 0.0095929 -0.0177183 1.65781e-05 -0.000254618 -0.0177183 0.0876964 
0.00964195 -0.0176638 1.10761e-05 2.22549e-05 -0.0176638 0.0872314 2.53907e-05 -0.000254443 1.10761e-05 2.53907e-05 0.00956615 -0.0176508 2.22549e-05 -0.000254443 -0.0176508 0.0874881 
0.00965425 -0.017714 2.45546e-07 4.11212e-05 -0.017714 0.0874713 4.19058e-05 -0.000280207 2.45546e-07 4.19058e-05 0.00958431 -0.0176632 4.11212e-05 -0.000280207 -0.0176632 0.0875764 
0.00966938 -0.0177349 -4.08469e-06 5.71647e-05 -0.0177349 0.0876289 5.68572e-05 -0.000320189 -4.08469e-06 5.68572e-05 0.00960045 -0.0176918 5.71647e-05 -0.000320189 -0.0176918 0.0876902 
0.00964654 -0.0177114 1.34842e-05 6.79002e-05 -0.0177114 0.0875256 6.03539e-05 -0.00034931 1.34842e-05 6.03539e-05 0.00961704 -0.0176769 6.79002e-05 -0.00034931 -0.0176769 0.0876012 
0.00964604 -0.0176926 3.13121e-05 5.08238e-05 -0.0176926 0.0874849 3.67747e-05 -0.000331123 3.13121e-05 3.67747e-05 0.00963499 -0.0177118 5.08238e-05 -0.000331123 -0.0177118 0.0876582 
0.00965063 -0.0176875 3.69993e-05 2.57141e-05 -0.0176875 0.0874397 1.19042e-05 -0.0002748 3.69993e-05 1.19042e-05 0.0096421 -0.0177331 2.57141e-05 -0.0002748 -0.0177331 0.0877084 
0.00969812 -0.017749 3.68956e-05 1.14524e-05 -0.017749 0.0877011 6.23763e-06 -0.00023209 3.68956e-05 6.23763e-06 0.00965701 -0.0177966 1.14524e-05 -0.00023209 -0.0177966 0.0880095 
0.00910324 -0.0166665 3.50158e-05 7.11274e-06 -0.0166665 0.0822799 1.10188e-05 -0.000204391 3.50158e-05 1.10188e-05 0.00904227 -0.0166762 7.11274e-06 -0.000204391 -0.0166762 0.0825281 
0.00911222 -0.0167058 5.34414e-05 6.45338e-06 -0.0167058 0.08246 1.23107e-05 -0.000204448 5.34414e-05 1.23107e-05 0.00905692 -0.016691 6.45338e-06 -0.000204448 -0.016691 0.0826503 
0.00908531 -0.0166774 5.91757e-05 -1.45704e-05 -0.0166774 0.0823644 -1.08411e-05 -0.00017019 5.91757e-05 -1.08411e-05 0.0090587 -0.0166679 -1.45704e-05 -0.00017019 -0.0166679 0.0825381 
0.00904225 -0.0166006 4.70799e-05 -2.38116e-05 -0.0166006 0.082052 -2.2966e-05 -0.000130324 4.70799e-05 -2.2966e-05 0.0090401 -0.0166266 -2.38116e-05 -0.000130324 -0.0166266 0.0822832 
0.00968245 -0.017742 2.71106e-05 -9.5126e-06 -0.017742 0.0877412 -1.25606e-05 -0.000142953 2.71106e-05 -1.25606e-05 0.00967207 -0.0178121 -9.5126e-06 -0.000142953 -0.0178121 0.0881015 
0.00966099 -0.0177107 1.31794e-05 2.20754e-05 -0.0177107 0.0875326 1.82918e-05 -0.000200447 1.31794e-05 1.82918e-05 0.00965808 -0.0177708 2.20754e-05 -0.000200447 -0.0177708 0.0879261 
0.00965717 -0.0176748 2.1351e-05 4.09587e-05 -0.0176748 0.0873524 3.87863e-05 -0.000260789 2.1351e-05 3.87863e-05 0.00962766 -0.0177438 4.09587e-05 -0.000260789 -0.0177438 0.0877648 
0.00964915 -0.0176626 2.05868e-05 3.23684e-05 -0.0176626 0.087223 2.90502e-05 -0.000271266 2.05868e-05 2.90502e-05 0.00959125 -0.0176993 3.23684e-05 -0.000271266 -0.0176993 0.0875959 
0.00963119 -0.0176735 1.67697e-05 2.92903e-05 -0.0176735 0.0872462 2.53014e-05 -0.000260278 1.67697e-05 2.53014e-05 0.00959842 -0.017671 2.92903e-05 -0.000260278 -0.017671 0.087529 
0.00960312 -0.0176536 2.96705e-05 3.02966e-05 -0.0176536 0.0872243 3.10034e-05 -0.000258304 2.96705e-05 3.10034e-05 0.00960871 -0.0176756 3.02966e-05 -0.000258304 -0.0176756 0.0874981 
0.00961482 -0.0176641 3.46244e-05 1.42931e-05 -0.0176641 0.0873896 1.95656e-05 -0.000240102 3.46244e-05 1.95656e-05 0.0096274 -0.0177428 1.42931e-05 -0.000240102 -0.0177428 0.0877703 
0.00958126 -0.0176141 4.27131e-05 6.16677e-06 -0.0176141 0.0871805 8.16455e-06 -0.00020986 4.27131e-05 8.16455e-06 0.00962666 -0.0177108 6.16677e-06 -0.00020986 -0.0177108 0.0876521 
