0.00673646 0 -1.10762e-05 0 0 0.00938402 0 0 -1.10762e-05 0 0.00655 0 0 0 0 0.00938402 
0.00984489 -0.012217 -4.81107e-06 5.00633e-06 -0.012217 0.0323284 5.00633e-06 -9.94149e-06 -4.81107e-06 5.00633e-06 0.00962411 -0.0119494 5.00633e-06 -9.94149e-06 -0.0119494 0.0318153 
0.0100345 -0.0187035 4.62087e-05 -3.36712e-05 -0.0187035 0.0688634 -3.36712e-05 0.000118032 4.62087e-05 -3.36712e-05 0.00991933 -0.0185264 -3.36712e-05 0.000118032 -0.0185264 0.068348 
0.00863368 -0.0166269 5.08839e-05 -0.000124296 -0.0166269 0.0744979 -0.000115613 0.000444685 5.08839e-05 -0.000115613 0.00860502 -0.0167658 -0.000124296 0.000444685 -0.0167658 0.07534 
0.00915041 -0.0170371 2.72333e-05 -0.000141785 -0.0170371 0.0820281 -0.000125313 0.00063713 2.72333e-05 -0.000125313 0.00913349 -0.0172663 -0.000141785 0.00063713 -0.0172663 0.0837122 
0.00896714 -0.0164131 -4.09287e-06 -8.53979e-05 -0.0164131 0.0804312 -7.06746e-05 0.000504524 -4.09287e-06 -7.06746e-05 0.0089439 -0.0165837 -8.53979e-05 0.000504524 -0.0165837 0.0819269 
0.00946914 -0.0172949 -1.9034e-05 -3.40851e-05 -0.0172949 0.085079 -2.47741e-05 0.000334822 -1.9034e-05 -2.47741e-05 0.00946999 -0.0174371 -3.40851e-05 0.000334822 -0.0174371 0.086322 
0.00919628 -0.0167382 -2.60465e-05 -8.70208e-06 -0.0167382 0.0825479 -8.38475e-06 0.000199376 -2.60465e-05 -8.38475e-06 0.00918566 -0.0169025 -8.70208e-06 0.000199376 -0.0169025 0.0836085 
0.00967918 -0.0175729 -2.78578e-05 -2.66645e-07 -0.0175729 0.0866556 -5.02003e-06 0.000154186 -2.78578e-05 -5.02003e-06 0.00964231 -0.0177385 -2.66645e-07 0.000154186 -0.0177385 0.0877121 
0.00953675 -0.0173231 -2.28525e-05 -8.38103e-07 -0.0173231 0.0853143 -6.66247e-06 0.000139036 -2.28525e-05 -6.66247e-06 0.00949497 -0.0174659 -8.38103e-07 0.000139036 -0.0174659 0.0863156 
0.00946556 -0.0171967 -1.73492e-05 -1.05902e-05 -0.0171967 0.0846338 -1.21534e-05 0.000152473 -1.73492e-05 -1.21534e-05 0.00941378 -0.0173299 -1.05902e-05 0.000152473 -0.0173299 0.0855995 
0.00943028 -0.01715 -2.41509e-05 -1.9901e-05 -0.01715 0.0843599 -1.6578e-05 0.000169148 -2.41509e-05 -1.6578e-05 0.00937117 -0.0172697 -1.9901e-05 0.000169148 -0.0172697 0.0852965 
0.00941494 -0.0171195 -3.13725e-05 -8.55415e-06 -0.0171195 0.0842107 -1.65543e-06 0.000150221 -3.13725e-05 -1.65543e-06 0.00933959 -0.0172255 -8.55415e-06 0.000150221 -0.0172255 0.0851085 
0.00938393 -0.0170658 -2.17986e-05 3.822e-06 -0.0170658 0.0839274 9.82488e-06 0.000114523 -2.17986e-05 9.82488e-06 0.00930859 -0.0171459 3.822e-06 0.000114523 -0.0171459 0.0847582 
0.00939006 -0.0170813 -2.11319e-05 -3.97786e-06 -0.0170813 0.0839794 -1.38842e-06 0.000109886 -2.11319e-05 -1.38842e-06 0.0093125 -0.0171443 -3.97786e-06 0.000109886 -0.0171443 0.0847324 
0.00940122 -0.0171155 -1.70451e-05 -9.89958e-06 -0.0171155 0.0841284 -6.84019e-06 0.000126763 -1.70451e-05 -6.84019e-06 0.00933159 -0.0171662 -9.89958e-06 0.000126763 -0.0171662 0.084817 
0.00941529 -0.0171498 -1.91558e-05 -1.53585e-05 -0.0171498 0.0843198 -1.15771e-05 0.000141326 -1.91558e-05 -1.15771e-05 0.00934546 -0.0172179 -1.53585e-05 0.000141326 -0.0172179 0.0850181 
0.00944589 -0.0171864 -2.81199e-05 -1.35628e-05 -0.0171864 0.0845376 -1.00282e-05 0.000145853 -2.81199e-05 -1.00282e-05 0.00935428 -0.0172682 -1.35628e-05 0.000145853 -0.0172682 0.0852841 
0.00947314 -0.0172652 -2.33971e-05 -3.28097e-06 -0.0172652 0.0849042 1.89898e-06 0.000128613 -2.33971e-05 1.89898e-06 0.00938787 -0.0173246 -3.28097e-06 0.000128613 -0.0173246 0.0856437 
0.00945008 -0.0172436 -9.42425e-06 -5.48829e-06 -0.0172436 0.0848657 6.49604e-07 0.000116791 -9.42425e-06 6.49604e-07 0.00939831 -0.0173159 -5.48829e-06 0.000116791 -0.0173159 0.0856228 
0.00942766 -0.0171801 -4.24787e-06 -1.89482e-05 -0.0171801 0.0846326 -1.11159e-05 0.000126511 -4.24787e-06 -1.11159e-05 0.00939143 -0.0172912 -1.89482e-05 0.000126511 -0.0172912 0.085461 
0.00938433 -0.0170963 -1.16532e-05 -2.20494e-05 -0.0170963 0.0842177 -1.27103e-05 0.000130429 -1.16532e-05 -1.27103e-05 0.00935873 -0.0172353 -2.20494e-05 0.000130429 -0.0172353 0.0851366 
0.00938402 -0.0171144 -1.93861e-05 -9.25995e-06 -0.0171144 0.0843031 -1.27099e-06 0.000107082 -1.93861e-05 -1.27099e-06 0.00937568 -0.0172722 -9.25995e-06 0.000107082 -0.0172722 0.085297 
0.00938153 -0.0171011 -8.2847e-06 4.14125e-07 -0.0171011 0.0842707 4.74982e-06 8.3115e-05 -8.2847e-06 4.74982e-06 0.00936804 -0.01727 4.14125e-07 8.3115e-05 -0.01727 0.0852962 
0.0093431 -0.0170197 -3.88672e-06 -1.01016e-05 -0.0170197 0.0838669 -9.3404e-06 8.99896e-05 -3.88672e-06 -9.3404e-06 0.00932548 -0.0171813 -1.01016e-05 8.99896e-05 -0.0171813 0.0848872 
0.00932383 -0.0169532 -9.43088e-06 -1.57552e-05 -0.0169532 0.083518 -1.93207e-05 0.000111469 -9.43088e-06 -1.93207e-05 0.00927906 -0.0171142 -1.57552e-05 0.000111469 -0.0171142 0.084536 
0.00930515 -0.0169337 -6.27688e-06 -1.17065e-05 -0.0169337 0.0833405 -1.63233e-05 0.00011887 -6.27688e-06 -1.63233e-05 0.00925246 -0.0170607 -1.17065e-05 0.00011887 -0.0170607 0.0843039 
0.00930595 -0.0169504 8.58243e-06 -1.68879e-05 -0.0169504 0.0834056 -1.99831e-05 0.000128501 8.58243e-06 -1.99831e-05 0.00925033 -0.0170619 -1.68879e-05 0.000128501 -0.0170619 0.0843112 
0.00929404 -0.0169728 6.42261e-06 -3.9489e-05 -0.0169728 0.0835294 -3.90398e-05 0.000169535 6.42261e-06 -3.90398e-05 0.00927851 -0.0170727 -3.9489e-05 0.000169535 -0.0170727 0.0843857 
0.00930099 -0.0169707 -1.09928e-06 -3.5986e-05 -0.0169707 0.0836129 -3.40261e-05 0.000180604 -1.09928e-06 -3.40261e-05 0.00929897 -0.0171108 -3.5986e-05 0.000180604 -0.0171108 0.0844981 
0.00931778 -0.0169977 -9.83066e-06 -2.5434e-05 -0.0169977 0.083762 -2.31715e-05 0.000162388 -9.83066e-06 -2.31715e-05 0.0093178 -0.0171626 -2.5434e-05 0.000162388 -0.0171626 0.0847171 
0.0093262 -0.0169788 -8.85462e-06 -1.11211e-05 -0.0169788 0.0836767 -1.08791e-05 0.000127377 -8.85462e-06 -1.08791e-05 0.00930346 -0.0171528 -1.11211e-05 0.000127377 -0.0171528 0.0846792 
0.00935743 -0.0170063 2.98575e-07 -9.98513e-06 -0.0170063 0.0837459 -9.22034e-06 0.000107493 2.98575e-07 -9.22034e-06 0.00927881 -0.0171552 -9.98513e-06 0.000107493 -0.0171552 0.0847293 
0.00938797 -0.0170691 4.86869e-06 -2.03181e-05 -0.0170691 0.083952 -1.5066e-05 0.000109202 4.86869e-06 -1.5066e-05 0.00927011 -0.0171411 -2.03181e-05 0.000109202 -0.0171411 0.0847934 
0.0094053 -0.0171397 -5.3157e-06 -2.68223e-05 -0.0171397 0.0842532 -1.98774e-05 0.000120635 -5.3157e-06 -1.98774e-05 0.0093005 -0.0171479 -2.68223e-05 0.000120635 -0.0171479 0.0849093 
0.00941688 -0.0171622 -1.5417e-05 -1.41313e-05 -0.0171622 0.0844278 -1.07491e-05 0.000109876 -1.5417e-05 -1.07491e-05 0.00931621 -0.0171838 -1.41313e-05 0.000109876 -0.0171838 0.0850234 
0.00939625 -0.0171624 -1.66487e-05 2.66591e-06 -0.0171624 0.0844601 4.45356e-06 7.24006e-05 -1.66487e-05 4.45356e-06 0.00933352 -0.0171924 2.66591e-06 7.24006e-05 -0.0171924 0.0850627 
0.00938462 -0.017116 -3.1398e-05 3.02189e-06 -0.017116 0.0843474 6.17813e-06 5.494e-05 -3.1398e-05 6.17813e-06 0.00933262 -0.0172055 3.02189e-06 5.494e-05 -0.0172055 0.0850619 
0.00940064 -0.0171064 -3.20078e-05 2.01499e-05 -0.0171064 0.0842982 2.48324e-05 2.24177e-05 -3.20078e-05 2.48324e-05 0.00931841 -0.0172107 2.01499e-05 2.24177e-05 -0.0172107 0.0850946 
0.00937268 -0.017049 -3.63274e-05 2.06951e-05 -0.017049 0.0839412 2.98093e-05 -1.31963e-06 -3.63274e-05 2.98093e-05 0.00927191 -0.0171204 2.06951e-05 -1.31963e-06 -0.0171204 0.0847179 
0.00940174 -0.0171025 -2.30501e-05 2.56352e-05 -0.0171025 0.0841541 3.68981e-05 -1.91042e-05 -2.30501e-05 3.68981e-05 0.00928415 -0.017146 2.56352e-05 -1.91042e-05 -0.017146 0.0848663 
0.00940343 -0.0171041 -1.08315e-05 1.36902e-05 -0.0171041 0.0841339 2.21804e-05 -1.22539e-05 -1.08315e-05 2.21804e-05 0.00928019 -0.0171238 1.36902e-05 -1.22539e-05 -0.0171238 0.0847763 
0.00939514 -0.0170796 2.75125e-06 -5.9757e-07 -0.0170796 0.0839952 7.23156e-06 1.61139e-05 2.75125e-06 7.23156e-06 0.00926376 -0.0170954 -5.9757e-07 1.61139e-05 -0.0170954 0.0846065 
0.00938636 -0.0171098 -9.50063e-06 -1.44739e-05 -0.0171098 0.0841112 -8.92667e-06 4.84644e-05 -9.50063e-06 -8.92667e-06 0.00929062 -0.0171184 -1.44739e-05 4.84644e-05 -0.0171184 0.0847087 
0.00935165 -0.0170687 -2.78303e-05 3.40029e-06 -0.0170687 0.0839951 8.20988e-06 3.13449e-05 -2.78303e-05 8.20988e-06 0.00929826 -0.0171231 3.40029e-06 3.13449e-05 -0.0171231 0.0846622 
0.00933559 -0.0169787 -2.40285e-05 2.19969e-05 -0.0169787 0.0836445 3.06097e-05 -1.27882e-05 -2.40285e-05 3.06097e-05 0.00926768 -0.0170913 2.19969e-05 -1.27882e-05 -0.0170913 0.0844451 
0.0093341 -0.0169827 -2.30123e-05 1.93904e-05 -0.0169827 0.0835719 2.97298e-05 -3.38248e-05 -2.30123e-05 2.97298e-05 0.00925356 -0.0170804 1.93904e-05 -3.38248e-05 -0.0170804 0.0844132 
0.0093538 -0.0170185 -1.95815e-05 1.77616e-05 -0.0170185 0.0837142 2.60118e-05 -3.09076e-05 -1.95815e-05 2.60118e-05 0.00924465 -0.0170894 1.77616e-05 -3.09076e-05 -0.0170894 0.0845047 
0.00935782 -0.0170557 -2.5548e-05 1.43243e-05 -0.0170557 0.083882 1.68269e-05 -1.70774e-05 -2.5548e-05 1.68269e-05 0.00924279 -0.0170919 1.43243e-05 -1.70774e-05 -0.0170919 0.084596 
0.0093261 -0.0170379 -1.6508e-05 2.24556e-05 -0.0170379 0.083848 1.71852e-05 -1.32478e-05 -1.6508e-05 1.71852e-05 0.0092403 -0.0170563 2.24556e-05 -1.32478e-05 -0.0170563 0.084485 
0.00929822 -0.0169755 4.46458e-06 1.33776e-05 -0.0169755 0.0836456 3.52048e-06 5.10792e-06 4.46458e-06 3.52048e-06 0.00922362 -0.0170169 1.33776e-05 5.10792e-06 -0.0170169 0.0842718 
0.00925942 -0.016909 1.13535e-05 -1.181e-05 -0.016909 0.0833471 -2.14342e-05 5.26793e-05 1.13535e-05 -2.14342e-05 0.0092086 -0.0169662 -1.181e-05 5.26793e-05 -0.0169662 0.084001 
0.00922208 -0.0168467 -6.30645e-06 -2.08748e-05 -0.0168467 0.0830642 -3.19606e-05 9.24609e-05 -6.30645e-06 -3.19606e-05 0.00919476 -0.016928 -2.08748e-05 9.24609e-05 -0.016928 0.083755 
0.0091969 -0.0167944 -3.11696e-06 1.02085e-06 -0.0167944 0.0828339 -1.32251e-05 7.57119e-05 -3.11696e-06 -1.32251e-05 0.00917931 -0.0169062 1.02085e-06 7.57119e-05 -0.0169062 0.0835874 
0.00918913 -0.0167655 1.44302e-05 -1.05157e-06 -0.0167655 0.0826919 -1.54494e-05 6.33529e-05 1.44302e-05 -1.54494e-05 0.00916913 -0.016894 -1.05157e-06 6.33529e-05 -0.016894 0.0835028 
0.00919056 -0.0167752 2.14916e-05 -2.92187e-05 -0.0167752 0.0827094 -4.04372e-05 0.000109899 2.14916e-05 -4.04372e-05 0.0091717 -0.0169039 -2.92187e-05 0.000109899 -0.0169039 0.0835452 
0.00917302 -0.0167628 2.1373e-05 -4.14127e-05 -0.0167628 0.0826499 -4.92798e-05 0.000153158 2.1373e-05 -4.92798e-05 0.00917263 -0.0168942 -4.14127e-05 0.000153158 -0.0168942 0.0834974 
0.00916945 -0.0167133 2.77839e-06 -3.97631e-05 -0.0167133 0.0824519 -4.40556e-05 0.000160257 2.77839e-06 -4.40556e-05 0.00914651 -0.0168708 -3.97631e-05 0.000160257 -0.0168708 0.0833495 
0.00918087 -0.0167338 -1.06229e-05 -1.77113e-05 -0.0167338 0.0824777 -1.66318e-05 0.000120126 -1.06229e-05 -1.66318e-05 0.00914972 -0.0168706 -1.77113e-05 0.000120126 -0.0168706 0.083379 
0.00918903 -0.0167754 -1.75421e-05 -2.14655e-06 -0.0167754 0.0826386 2.77146e-06 7.05395e-05 -1.75421e-05 2.77146e-06 0.00916089 -0.0168954 -2.14655e-06 7.05395e-05 -0.0168954 0.0835034 
0.00920924 -0.0167835 -1.76468e-05 7.62162e-06 -0.0167835 0.0827045 1.41291e-05 3.08045e-05 -1.76468e-05 1.41291e-05 0.00914628 -0.0168972 7.62162e-06 3.08045e-05 -0.0168972 0.0835318 
0.0092444 -0.0168539 -1.94541e-05 8.13139e-06 -0.0168539 0.0829956 1.85863e-05 1.04663e-05 -1.94541e-05 1.85863e-05 0.0091562 -0.0169242 8.13139e-06 1.04663e-05 -0.0169242 0.083741 
0.00925299 -0.0168777 -1.2746e-05 7.98917e-06 -0.0168777 0.0830991 1.97265e-05 3.46847e-06 -1.2746e-05 1.97265e-05 0.00916286 -0.0169105 7.98917e-06 3.46847e-06 -0.0169105 0.0837342 
0.00925675 -0.0168867 -1.53393e-05 4.83819e-07 -0.0168867 0.0831563 1.10692e-05 1.33255e-05 -1.53393e-05 1.10692e-05 0.00917811 -0.0169189 4.83819e-07 1.33255e-05 -0.0169189 0.0837475 
0.00923286 -0.0168719 -2.90823e-06 6.09182e-06 -0.0168719 0.0830949 1.33517e-05 1.21886e-05 -2.90823e-06 1.33517e-05 0.00918886 -0.0169202 6.09182e-06 1.21886e-05 -0.0169202 0.0837027 
0.00921065 -0.0168078 8.73077e-06 -1.74622e-06 -0.0168078 0.0828492 8.76822e-07 1.72691e-05 8.73077e-06 8.76822e-07 0.00916694 -0.0168987 -1.74622e-06 1.72691e-05 -0.0168987 0.0835303 
0.00921522 -0.0168173 2.72743e-05 -1.30749e-05 -0.0168173 0.0828775 -1.30118e-05 3.85172e-05 2.72743e-05 -1.30118e-05 0.0091839 -0.0169151 -1.30749e-05 3.85172e-05 -0.0169151 0.0836156 
0.00924363 -0.0168862 3.45482e-05 -3.46287e-05 -0.0168862 0.0832181 -3.61153e-05 8.03065e-05 3.45482e-05 -3.61153e-05 0.00923397 -0.0170022 -3.46287e-05 8.03065e-05 -0.0170022 0.0840049 
0.00927093 -0.0169329 3.07369e-05 -4.62436e-05 -0.0169329 0.0834961 -4.77317e-05 0.000120257 3.07369e-05 -4.77317e-05 0.0092716 -0.0170839 -4.62436e-05 0.000120257 -0.0170839 0.0843684 
0.00927252 -0.0169354 1.56061e-05 -4.48308e-05 -0.0169354 0.0835349 -4.57036e-05 0.000136213 1.56061e-05 -4.57036e-05 0.00927435 -0.0171099 -4.48308e-05 0.000136213 -0.0171099 0.0844996 
0.00927649 -0.0169147 -9.53555e-07 -2.73615e-05 -0.0169147 0.083457 -2.98036e-05 0.000115993 -9.53555e-07 -2.98036e-05 0.00924503 -0.0170963 -2.73615e-05 0.000115993 -0.0170963 0.0844786 
0.0092662 -0.0168982 -1.11662e-05 -6.67968e-06 -0.0168982 0.0833265 -9.51832e-06 7.40174e-05 -1.11662e-05 -9.51832e-06 0.00921545 -0.0170342 -6.67968e-06 7.40174e-05 -0.0170342 0.0842931 
0.00923301 -0.0168522 -5.84919e-06 4.79127e-06 -0.0168522 0.0830774 5.01084e-06 3.61993e-05 -5.84919e-06 5.01084e-06 0.00919141 -0.0169491 4.79127e-06 3.61993e-05 -0.0169491 0.0839297 
0.00920838 -0.0168064 3.99063e-06 -8.04454e-07 -0.0168064 0.082872 2.88179e-06 2.5188e-05 3.99063e-06 2.88179e-06 0.00916782 -0.0169088 -8.04454e-07 2.5188e-05 -0.0169088 0.0836789 
0.00919211 -0.0167843 -1.37989e-06 -1.28674e-05 -0.0167843 0.0827612 -7.95635e-06 3.99364e-05 -1.37989e-06 -7.95635e-06 0.00915694 -0.0168843 -1.28674e-05 3.99364e-05 -0.0168843 0.0835484 
0.00917264 -0.0167313 -8.80325e-06 -6.71018e-06 -0.0167313 0.0825138 -3.84097e-06 4.24292e-05 -8.80325e-06 -3.84097e-06 0.0091206 -0.0168352 -6.71018e-06 4.24292e-05 -0.0168352 0.0832933 
0.00917449 -0.016709 -4.79322e-06 2.52377e-06 -0.016709 0.0823657 3.77783e-06 2.72311e-05 -4.79322e-06 3.77783e-06 0.00908015 -0.0167899 2.52377e-06 2.72311e-05 -0.0167899 0.0831021 
0.0091728 -0.0167088 5.50333e-06 -1.54707e-06 -0.0167088 0.0822764 -2.98639e-06 2.81576e-05 5.50333e-06 -2.98639e-06 0.00904664 -0.0167271 -1.54707e-06 2.81576e-05 -0.0167271 0.0828797 
0.00916198 -0.0167121 1.64401e-05 -1.39041e-05 -0.0167121 0.0822578 -1.42517e-05 4.86695e-05 1.64401e-05 -1.42517e-05 0.00903404 -0.0166897 -1.39041e-05 4.86695e-05 -0.0166897 0.0827296 
0.00916302 -0.0167597 2.84337e-05 -3.07509e-05 -0.0167597 0.0825204 -2.62253e-05 8.22867e-05 2.84337e-05 -2.62253e-05 0.00906843 -0.0167341 -3.07509e-05 8.22867e-05 -0.0167341 0.0829341 
0.00913705 -0.0166972 2.26853e-05 -4.82002e-05 -0.0166972 0.0823216 -3.94197e-05 0.000118962 2.26853e-05 -3.94197e-05 0.0090644 -0.0167103 -4.82002e-05 0.000118962 -0.0167103 0.0827722 
0.00916172 -0.016723 2.66052e-05 -3.96585e-05 -0.016723 0.0824676 -3.17769e-05 0.000121018 2.66052e-05 -3.17769e-05 0.00908042 -0.0167684 -3.96585e-05 0.000121018 -0.0167684 0.0830018 
0.00916222 -0.0167464 2.56477e-05 -3.48383e-05 -0.0167464 0.0825532 -3.33365e-05 0.000105459 2.56477e-05 -3.33365e-05 0.00909834 -0.0167837 -3.48383e-05 0.000105459 -0.0167837 0.0831115 
0.00915988 -0.0167438 1.82965e-05 -3.00084e-05 -0.0167438 0.082588 -3.26788e-05 9.26836e-05 1.82965e-05 -3.26788e-05 0.00910866 -0.0168075 -3.00084e-05 9.26836e-05 -0.0168075 0.0831941 
0.00916997 -0.0167779 3.26775e-06 -1.94286e-05 -0.0167779 0.0827846 -2.29009e-05 6.86904e-05 3.26775e-06 -2.29009e-05 0.00913996 -0.0168604 -1.94286e-05 6.86904e-05 -0.0168604 0.0834511 
0.00916194 -0.0167127 -3.71228e-06 -1.41403e-06 -0.0167127 0.0825168 -3.22506e-06 2.76337e-05 -3.71228e-06 -3.22506e-06 0.00910923 -0.0168223 -1.41403e-06 2.76337e-05 -0.0168223 0.0832498 
0.00918341 -0.0167283 2.12373e-06 6.71287e-06 -0.0167283 0.0825073 7.543e-06 -7.08329e-06 2.12373e-06 7.543e-06 0.00909017 -0.0168094 6.71287e-06 -7.08329e-06 -0.0168094 0.0832261 
0.00920373 -0.0167983 -5.93417e-06 -2.9099e-06 -0.0167983 0.0827523 5.91843e-07 -5.53621e-06 -5.93417e-06 5.91843e-07 0.00911094 -0.0168195 -2.9099e-06 -5.53621e-06 -0.0168195 0.0833516 
0.00920884 -0.0168051 -3.31007e-06 3.02194e-06 -0.0168051 0.0828066 8.52858e-06 -7.56464e-06 -3.31007e-06 8.52858e-06 0.00911061 -0.0168206 3.02194e-06 -7.56464e-06 -0.0168206 0.0833329 
0.00924151 -0.0168434 -6.01408e-06 4.09989e-07 -0.0168434 0.0829964 4.46781e-06 -5.48689e-06 -6.01408e-06 4.46781e-06 0.00911895 -0.0168579 4.09989e-07 -5.48689e-06 -0.0168579 0.0835079 
0.00924847 -0.0168998 9.75053e-06 3.49625e-06 -0.0168998 0.0832251 6.41782e-06 -5.57044e-06 9.75053e-06 6.41782e-06 0.00915114 -0.0168838 3.49625e-06 -5.57044e-06 -0.0168838 0.0836845 
0.00927254 -0.0168829 9.76306e-06 -1.45333e-05 -0.0168829 0.083223 -1.14754e-05 1.87272e-05 9.76306e-06 -1.14754e-05 0.00913223 -0.0168991 -1.45333e-05 1.87272e-05 -0.0168991 0.083705 
0.00925485 -0.0168809 6.85101e-06 -1.41755e-05 -0.0168809 0.0831097 -1.36586e-05 3.55565e-05 6.85101e-06 -1.36586e-05 0.00913189 -0.0168451 -1.41755e-05 3.55565e-05 -0.0168451 0.0835318 
0.00919579 -0.0167855 1.25942e-05 -6.69568e-06 -0.0167855 0.0826578 -1.15151e-05 3.14255e-05 1.25942e-05 -1.15151e-05 0.00910031 -0.0167603 -6.69568e-06 3.14255e-05 -0.0167603 0.0830417 
0.00915828 -0.0167356 7.7524e-06 -1.07839e-05 -0.0167356 0.0824414 -1.96941e-05 3.58896e-05 7.7524e-06 -1.96941e-05 0.00910808 -0.0167468 -1.07839e-05 3.58896e-05 -0.0167468 0.0828789 
0.00916021 -0.0167445 9.8546e-07 -5.40238e-06 -0.0167445 0.0825368 -1.13606e-05 2.7934e-05 9.8546e-07 -1.13606e-05 0.0091528 -0.0168165 -5.40238e-06 2.7934e-05 -0.0168165 0.0831048 
0.00920151 -0.01679 -5.50997e-06 1.65948e-07 -0.01679 0.0828072 -1.29514e-06 1.14613e-05 -5.50997e-06 -1.29514e-06 0.00918601 -0.016932 1.65948e-07 1.14613e-05 -0.016932 0.0835667 
0.00922279 -0.016849 4.07494e-06 5.75341e-06 -0.016849 0.0830612 7.39864e-06 -5.84334e-06 4.07494e-06 7.39864e-06 0.00922011 -0.0169934 5.75341e-06 -5.84334e-06 -0.0169934 0.0839238 
0.00921999 -0.0168633 1.7192e-05 -2.30936e-06 -0.0168633 0.0831672 -2.44759e-06 -2.00106e-06 1.7192e-05 -2.44759e-06 0.00924432 -0.0170245 -2.30936e-06 -2.00106e-06 -0.0170245 0.0840887 
0.00925514 -0.0169082 2.27508e-05 -2.05225e-05 -0.0169082 0.0834498 -2.24216e-05 3.5122e-05 2.27508e-05 -2.24216e-05 0.00927054 -0.0171013 -2.05225e-05 3.5122e-05 -0.0171013 0.0844476 
0.00930036 -0.0170039 1.68883e-05 -2.81517e-05 -0.0170039 0.0839223 -2.89682e-05 6.39592e-05 1.68883e-05 -2.89682e-05 0.0093214 -0.0171987 -2.81517e-05 6.39592e-05 -0.0171987 0.0849763 
0.00931428 -0.0170009 1.63293e-05 -2.28127e-05 -0.0170009 0.0839427 -1.94524e-05 6.16107e-05 1.63293e-05 -1.94524e-05 0.00931983 -0.0171949 -2.28127e-05 6.16107e-05 -0.0171949 0.0850018 
0.00931921 -0.0170004 2.91504e-05 -2.37202e-05 -0.0170004 0.0838945 -1.64177e-05 5.47663e-05 2.91504e-05 -1.64177e-05 0.00931285 -0.0171691 -2.37202e-05 5.47663e-05 -0.0171691 0.0849082 
0.00931718 -0.0169956 1.42006e-05 -4.06972e-05 -0.0169956 0.0838367 -3.25213e-05 7.85218e-05 1.42006e-05 -3.25213e-05 0.00929587 -0.0171495 -4.06972e-05 7.85218e-05 -0.0171495 0.0848039 
0.00927162 -0.0169268 -1.31249e-06 -2.05673e-05 -0.0169268 0.0834723 -1.74046e-05 6.64799e-05 -1.31249e-06 -1.74046e-05 0.00926742 -0.0170568 -2.05673e-05 6.64799e-05 -0.0170568 0.0843767 
0.00926755 -0.0168694 -2.39507e-05 4.76091e-06 -0.0168694 0.0832134 5.51382e-06 1.1944e-05 -2.39507e-05 5.51382e-06 0.0092225 -0.0170242 4.76091e-06 1.1944e-05 -0.0170242 0.0841348 
0.00926934 -0.0168718 -4.46527e-05 3.37533e-05 -0.0168718 0.0831228 3.70005e-05 -6.22194e-05 -4.46527e-05 3.70005e-05 0.00919608 -0.0169851 3.37533e-05 -6.22194e-05 -0.0169851 0.0840072 
0.00925252 -0.0168717 -3.6283e-05 5.82447e-05 -0.0168717 0.0830595 6.58554e-05 -0.000137071 -3.6283e-05 6.58554e-05 0.00918999 -0.0169389 5.82447e-05 -0.000137071 -0.0169389 0.0838331 
0.00923471 -0.0168634 -1.66135e-05 5.06768e-05 -0.0168634 0.08305 5.70033e-05 -0.000158302 -1.66135e-05 5.70033e-05 0.00920019 -0.0169415 5.06768e-05 -0.000158302 -0.0169415 0.0837893 
0.00921392 -0.0168271 -3.70718e-06 2.48493e-05 -0.0168271 0.082939 2.60484e-05 -0.000110473 -3.70718e-06 2.60484e-05 0.00919145 -0.016946 2.48493e-05 -0.000110473 -0.016946 0.0837446 
0.00922032 -0.0168313 4.35053e-06 4.09584e-06 -0.0168313 0.082995 2.67187e-06 -4.36178e-05 4.35053e-06 2.67187e-06 0.00919479 -0.0169693 4.09584e-06 -4.36178e-05 -0.0169693 0.0838692 
0.00923193 -0.0168075 -2.01161e-06 -7.3562e-06 -0.0168075 0.0828828 -1.12779e-05 7.52643e-06 -2.01161e-06 -1.12779e-05 0.00916253 -0.016943 -7.3562e-06 7.52643e-06 -0.016943 0.0837781 
0.00922363 -0.0168287 -6.90777e-06 1.02904e-06 -0.0168287 0.0828822 -7.43595e-06 1.98084e-05 -6.90777e-06 -7.43595e-06 0.00916028 -0.0169 1.02904e-06 1.98084e-05 -0.0169 0.0836693 
0.00925828 -0.0168854 -9.41671e-06 1.03634e-05 -0.0168854 0.0831879 -3.98699e-08 5.03829e-06 -9.41671e-06 -3.98699e-08 0.00918679 -0.0169508 1.03634e-05 5.03829e-06 -0.0169508 0.08389 
0.0092736 -0.0169056 8.31052e-06 1.03296e-05 -0.0169056 0.083276 4.22437e-06 -2.68007e-06 8.31052e-06 4.22437e-06 0.00918866 -0.0169572 1.03296e-05 -2.68007e-06 -0.0169572 0.0839255 
0.00929743 -0.0169345 -3.78554e-06 -1.21161e-05 -0.0169345 0.0833995 -1.40621e-05 2.53063e-05 -3.78554e-06 -1.40621e-05 0.00918657 -0.0169733 -1.21161e-05 2.53063e-05 -0.0169733 0.0840107 
0.00931562 -0.0169492 -1.24495e-05 -3.49507e-06 -0.0169492 0.0834333 -4.26575e-06 3.52125e-05 -1.24495e-05 -4.26575e-06 0.00917457 -0.0169608 -3.49507e-06 3.52125e-05 -0.0169608 0.0839921 
0.0093286 -0.0169807 -5.9587e-06 6.32606e-06 -0.0169807 0.0835294 5.46696e-06 2.0902e-05 -5.9587e-06 5.46696e-06 0.00917388 -0.0169567 6.32606e-06 2.0902e-05 -0.0169567 0.0840143 
0.00932222 -0.016993 4.86766e-06 -1.54362e-06 -0.016993 0.0835787 -4.0799e-06 2.93971e-05 4.86766e-06 -4.0799e-06 0.00918002 -0.0169501 -1.54362e-06 2.93971e-05 -0.0169501 0.0839983 
0.00931743 -0.0169938 5.67729e-07 -1.26581e-05 -0.0169938 0.0836206 -1.63432e-05 5.27381e-05 5.67729e-07 -1.63432e-05 0.00919201 -0.0169585 -1.26581e-05 5.27381e-05 -0.0169585 0.0840189 
0.00927495 -0.016963 -1.16093e-06 -9.36854e-06 -0.016963 0.0835047 -1.06037e-05 5.67204e-05 -1.16093e-06 -1.06037e-05 0.00920688 -0.0169475 -9.36854e-06 5.67204e-05 -0.0169475 0.0839294 
0.00924022 -0.0168923 -7.36805e-06 -5.91414e-06 -0.0168923 0.083286 -4.35913e-06 4.34767e-05 -7.36805e-06 -4.35913e-06 0.00920732 -0.0169527 -5.91414e-06 4.34767e-05 -0.0169527 0.0838475 
0.00921937 -0.0168504 -1.16221e-05 2.19111e-06 -0.0168504 0.0831355 5.96717e-06 2.10593e-05 -1.16221e-05 5.96717e-06 0.00922401 -0.0169694 2.19111e-06 2.10593e-05 -0.0169694 0.0838743 
0.00922331 -0.0168253 -8.02302e-06 9.66646e-06 -0.0168253 0.0830403 1.12227e-05 4.39567e-07 -8.02302e-06 1.12227e-05 0.00922027 -0.0169975 9.66646e-06 4.39567e-07 -0.0169975 0.0839445 
0.00923963 -0.0168511 -1.64319e-06 9.53491e-06 -0.0168511 0.083113 6.25663e-06 -7.70655e-06 -1.64319e-06 6.25663e-06 0.00923024 -0.0170186 9.53491e-06 -7.70655e-06 -0.0170186 0.0840841 
0.00925672 -0.0168732 1.60036e-05 3.9256e-06 -0.0168732 0.0831911 -1.5924e-07 -2.79297e-06 1.60036e-05 -1.5924e-07 0.00923316 -0.0170309 3.9256e-06 -2.79297e-06 -0.0170309 0.0841612 
0.00924965 -0.0168677 8.46295e-06 -1.60821e-05 -0.0168677 0.0831251 -1.96793e-05 2.74727e-05 8.46295e-06 -1.96793e-05 0.0092247 -0.0170044 -1.60821e-05 2.74727e-05 -0.0170044 0.0840552 
0.00921405 -0.0168701 -3.87936e-06 -8.70655e-06 -0.0168701 0.0831207 -1.14108e-05 3.24469e-05 -3.87936e-06 -1.14108e-05 0.00924635 -0.0169923 -8.70655e-06 3.24469e-05 -0.0169923 0.0839935 
0.00921045 -0.0168393 -1.29966e-05 4.6758e-06 -0.0168393 0.0831175 6.22035e-06 3.99222e-06 -1.29966e-05 6.22035e-06 0.0092554 -0.0170375 4.6758e-06 3.99222e-06 -0.0170375 0.0840905 
0.0092064 -0.0167945 -1.41596e-05 1.49356e-05 -0.0167945 0.0829161 2.03771e-05 -3.03297e-05 -1.41596e-05 2.03771e-05 0.00922127 -0.0170215 1.49356e-05 -3.03297e-05 -0.0170215 0.0840104 
0.00918161 -0.0167724 -1.86291e-05 1.36974e-05 -0.0167724 0.0827471 2.00579e-05 -3.97682e-05 -1.86291e-05 2.00579e-05 0.00920216 -0.0169726 1.36974e-05 -3.97682e-05 -0.0169726 0.083858 
0.00916667 -0.0167225 -1.37286e-05 1.82603e-05 -0.0167225 0.0825309 2.68527e-05 -4.98902e-05 -1.37286e-05 2.68527e-05 0.00916253 -0.0169282 1.82603e-05 -4.98902e-05 -0.0169282 0.0836434 
0.00920692 -0.0167988 -1.46727e-05 1.24866e-05 -0.0167988 0.0828662 2.56156e-05 -5.31507e-05 -1.46727e-05 2.56156e-05 0.00916639 -0.0169721 1.24866e-05 -5.31507e-05 -0.0169721 0.0839352 
0.00919272 -0.0167981 1.58607e-06 1.4126e-05 -0.0167981 0.0828461 2.71118e-05 -5.5545e-05 1.58607e-06 2.71118e-05 0.00916037 -0.0169153 1.4126e-05 -5.5545e-05 -0.0169153 0.0837853 
0.00916826 -0.0167853 1.79649e-05 -1.47628e-06 -0.0167853 0.0828269 5.01656e-06 -3.1586e-05 1.79649e-05 5.01656e-06 0.00917055 -0.016898 -1.47628e-06 -3.1586e-05 -0.016898 0.0836785 
0.00916392 -0.0167406 2.54197e-05 -1.95476e-05 -0.0167406 0.0826854 -1.78102e-05 1.36625e-05 2.54197e-05 -1.78102e-05 0.00915543 -0.0168823 -1.95476e-05 1.36625e-05 -0.0168823 0.083534 
0.00917062 -0.0167227 2.43493e-05 -3.08713e-05 -0.0167227 0.0825551 -2.97478e-05 5.37168e-05 2.43493e-05 -2.97478e-05 0.00912699 -0.016854 -3.08713e-05 5.37168e-05 -0.016854 0.0833944 
0.00915761 -0.0166798 2.74398e-05 -3.21373e-05 -0.0166798 0.0822594 -2.98612e-05 7.22734e-05 2.74398e-05 -2.98612e-05 0.00906595 -0.0167688 -3.21373e-05 7.22734e-05 -0.0167688 0.0830222 
0.00915128 -0.0166957 1.97952e-05 -3.14732e-05 -0.0166957 0.0822426 -3.11199e-05 7.25706e-05 1.97952e-05 -3.11199e-05 0.00904892 -0.0167141 -3.14732e-05 7.25706e-05 -0.0167141 0.0828415 
0.00913025 -0.0166781 1.66632e-05 -2.15482e-05 -0.0166781 0.0821697 -2.24165e-05 5.72209e-05 1.66632e-05 -2.24165e-05 0.00904282 -0.0166823 -2.15482e-05 5.72209e-05 -0.0166823 0.0826702 
0.00911635 -0.0166469 8.1257e-06 -1.51327e-05 -0.0166469 0.0820593 -1.54516e-05 3.49672e-05 8.1257e-06 -1.54516e-05 0.00902978 -0.016669 -1.51327e-05 3.49672e-05 -0.016669 0.0825564 
0.00913633 -0.0166574 1.16024e-06 -4.5035e-06 -0.0166574 0.0821074 -3.7797e-06 8.71412e-06 1.16024e-06 -3.7797e-06 0.00901802 -0.0166782 -4.5035e-06 8.71412e-06 -0.0166782 0.0826082 
0.00916732 -0.0167141 -3.48202e-06 4.94288e-06 -0.0167141 0.0823274 6.57731e-06 -2.07466e-05 -3.48202e-06 6.57731e-06 0.00902085 -0.0166963 4.94288e-06 -2.07466e-05 -0.0166963 0.0827665 
0.00918505 -0.0167583 2.17222e-07 9.14341e-06 -0.0167583 0.0825149 1.12251e-05 -3.84525e-05 2.17222e-07 1.12251e-05 0.00902376 -0.0166994 9.14341e-06 -3.84525e-05 -0.0166994 0.082847 
0.00919518 -0.0167857 -9.16156e-06 6.90409e-06 -0.0167857 0.0826568 4.12207e-06 -3.74915e-05 -9.16156e-06 4.12207e-06 0.00904115 -0.0167025 6.90409e-06 -3.74915e-05 -0.0167025 0.0828971 
0.00921211 -0.0168024 -1.33858e-05 2.18438e-05 -0.0168024 0.0827669 1.52886e-05 -5.6572e-05 -1.33858e-05 1.52886e-05 0.00904455 -0.0167316 2.18438e-05 -5.6572e-05 -0.0167316 0.0829945 
0.00919822 -0.0167694 -6.15689e-06 2.73054e-05 -0.0167694 0.0825874 2.44491e-05 -8.17353e-05 -6.15689e-06 2.44491e-05 0.00901958 -0.0166872 2.73054e-05 -8.17353e-05 -0.0166872 0.0828049 
0.00918755 -0.0167939 3.7757e-06 1.5581e-05 -0.0167939 0.0826875 2.15153e-05 -8.29144e-05 3.7757e-06 2.15153e-05 0.00904899 -0.0167006 1.5581e-05 -8.29144e-05 -0.0167006 0.0828865 
0.00915215 -0.0167183 3.91588e-06 8.68728e-07 -0.0167183 0.0824095 1.08078e-05 -6.08185e-05 3.91588e-06 1.08078e-05 0.00904217 -0.0166767 8.68728e-07 -6.08185e-05 -0.0166767 0.0826801 
0.00911689 -0.0166818 -4.25878e-06 -1.72213e-07 -0.0166818 0.0822529 7.84706e-06 -4.53152e-05 -4.25878e-06 7.84706e-06 0.00905649 -0.0166842 -1.72213e-07 -4.53152e-05 -0.0166842 0.0826463 
