0.00724895 0 -8.12051e-05 0 0 0.0103378 0 0 -8.12051e-05 0 0.00731974 0 0 0 0 0.0103378 
0.0104906 -0.0130235 -9.4112e-05 0.000113688 -0.0130235 0.0346375 0.000113688 -0.000217881 -9.4112e-05 0.000113688 0.0105476 -0.0130895 0.000113688 -0.000217881 -0.0130895 0.0347645 
0.00916508 -0.0171318 -3.52573e-05 5.48234e-05 -0.0171318 0.063181 5.48234e-05 -0.000154337 -3.52573e-05 5.48234e-05 0.00918769 -0.0170733 5.48234e-05 -0.000154337 -0.0170733 0.0629564 
0.00866473 -0.0168873 -1.25151e-05 -6.92588e-05 -0.0168873 0.0758887 -7.12117e-05 0.000390717 -1.25151e-05 -7.12117e-05 0.00870387 -0.016676 -6.92588e-05 0.000390717 -0.016676 0.0747253 
0.00987738 -0.0186783 -9.09089e-06 -0.000101952 -0.0186783 0.0905746 -0.000105111 0.000766867 -9.09089e-06 -0.000105111 0.00997203 -0.0184901 -0.000101952 0.000766867 -0.0184901 0.0888898 
0.00958493 -0.0177428 -1.92436e-05 -6.86084e-05 -0.0177428 0.0877045 -6.84139e-05 0.000639447 -1.92436e-05 -6.84139e-05 0.00967272 -0.0176992 -6.86084e-05 0.000639447 -0.0176992 0.0865185 
0.00929511 -0.0170876 -2.10233e-05 -3.45793e-05 -0.0170876 0.0845994 -3.34111e-05 0.000435386 -2.10233e-05 -3.34111e-05 0.00935929 -0.0170804 -3.45793e-05 0.000435386 -0.0170804 0.0838727 
0.00906235 -0.0166457 -1.90365e-06 -3.0008e-05 -0.0166457 0.0823209 -2.65537e-05 0.000321209 -1.90365e-06 -2.65537e-05 0.0090963 -0.0166108 -3.0008e-05 0.000321209 -0.0166108 0.081758 
0.0102446 -0.0188342 1.59101e-05 -5.79764e-05 -0.0188342 0.0930777 -5.5974e-05 0.000352407 1.59101e-05 -5.5974e-05 0.0102943 -0.0187442 -5.79764e-05 0.000352407 -0.0187442 0.0924088 
0.0100846 -0.018558 1.1554e-05 -7.85565e-05 -0.018558 0.0916929 -8.19141e-05 0.000390528 1.1554e-05 -8.19141e-05 0.0101544 -0.0184657 -7.85565e-05 0.000390528 -0.0184657 0.0909822 
0.00997114 -0.0183807 7.27169e-06 -7.50821e-05 -0.0183807 0.0908174 -8.71157e-05 0.000418715 7.27169e-06 -8.71157e-05 0.0100791 -0.0183096 -7.50821e-05 0.000418715 -0.0183096 0.0901226 
0.00990566 -0.0182489 3.03717e-06 -6.79682e-05 -0.0182489 0.0902247 -8.00661e-05 0.000412626 3.03717e-06 -8.00661e-05 0.0100238 -0.0182296 -6.79682e-05 0.000412626 -0.0182296 0.0896214 
0.00990905 -0.0182466 -1.7998e-07 -6.4623e-05 -0.0182466 0.090205 -7.23287e-05 0.000399843 -1.7998e-07 -7.23287e-05 0.0100094 -0.0182452 -6.4623e-05 0.000399843 -0.0182452 0.0896758 
0.00993106 -0.0183 -1.05362e-05 -6.19126e-05 -0.0183 0.0904354 -6.40437e-05 0.000383681 -1.05362e-05 -6.40437e-05 0.0100234 -0.0182743 -6.19126e-05 0.000383681 -0.0182743 0.0898904 
0.00996537 -0.0183463 -2.14898e-05 -5.01898e-05 -0.0183463 0.0906853 -5.05507e-05 0.000357966 -2.14898e-05 -5.05507e-05 0.0100347 -0.0183155 -5.01898e-05 0.000357966 -0.0183155 0.0901221 
0.00996449 -0.0183499 -2.23359e-05 -3.42663e-05 -0.0183499 0.0906784 -3.55501e-05 0.000318257 -2.23359e-05 -3.55501e-05 0.0100316 -0.0182965 -3.42663e-05 0.000318257 -0.0182965 0.0900852 
0.00997557 -0.0183639 -1.75221e-05 -3.08653e-05 -0.0183639 0.0907341 -3.08128e-05 0.000289983 -1.75221e-05 -3.08128e-05 0.0100166 -0.0182941 -3.08653e-05 0.000289983 -0.0182941 0.0900846 
0.0099463 -0.0183064 -1.2318e-05 -3.66585e-05 -0.0183064 0.0904305 -3.67189e-05 0.000288425 -1.2318e-05 -3.67189e-05 0.00997722 -0.0182072 -3.66585e-05 0.000288425 -0.0182072 0.0897193 
0.00989439 -0.0182294 -1.25624e-05 -3.98918e-05 -0.0182294 0.090029 -4.33794e-05 0.000295266 -1.25624e-05 -4.33794e-05 0.00993213 -0.018112 -3.98918e-05 0.000295266 -0.018112 0.0892537 
0.00985947 -0.0182255 -2.01911e-06 -3.67713e-05 -0.0182255 0.0900381 -4.41014e-05 0.000295694 -2.01911e-06 -4.41014e-05 0.0099565 -0.0181165 -3.67713e-05 0.000295694 -0.0181165 0.0892486 
0.0098457 -0.018178 -2.78307e-06 -4.98936e-05 -0.018178 0.0899582 -5.95894e-05 0.000317856 -2.78307e-06 -5.95894e-05 0.00995779 -0.0181519 -4.98936e-05 0.000317856 -0.0181519 0.0893096 
0.00984715 -0.0181715 2.84226e-06 -5.02195e-05 -0.0181715 0.0899612 -5.70532e-05 0.000328202 2.84226e-06 -5.70532e-05 0.00997229 -0.0181807 -5.02195e-05 0.000328202 -0.0181807 0.0894603 
0.00981834 -0.0180974 1.63319e-05 -5.76275e-05 -0.0180974 0.0895961 -5.7968e-05 0.000331539 1.63319e-05 -5.7968e-05 0.0099357 -0.0181192 -5.76275e-05 0.000331539 -0.0181192 0.0891693 
0.00980364 -0.0180666 -9.29214e-08 -7.79709e-05 -0.0180666 0.0893985 -7.32404e-05 0.000362934 -9.29214e-08 -7.32404e-05 0.00991112 -0.0180782 -7.79709e-05 0.000362934 -0.0180782 0.0889829 
0.0098201 -0.018067 -2.65528e-05 -5.98546e-05 -0.018067 0.0893766 -5.17224e-05 0.000348312 -2.65528e-05 -5.17224e-05 0.00989377 -0.0180728 -5.98546e-05 0.000348312 -0.0180728 0.088959 
0.00987616 -0.018185 -3.73773e-05 -2.72814e-05 -0.018185 0.0898809 -1.6387e-05 0.000283632 -3.73773e-05 -1.6387e-05 0.00992636 -0.0181524 -2.72814e-05 0.000283632 -0.0181524 0.0894061 
0.00992384 -0.0182532 -3.55527e-05 -1.00663e-05 -0.0182532 0.0902157 7.05449e-07 0.000221833 -3.55527e-05 7.05449e-07 0.0099357 -0.0181934 -1.00663e-05 0.000221833 -0.0181934 0.0896745 
0.00992975 -0.0182834 -3.60711e-05 -1.33481e-05 -0.0182834 0.0903209 -3.26281e-06 0.000206415 -3.60711e-05 -3.26281e-06 0.00994563 -0.0181768 -1.33481e-05 0.000206415 -0.0181768 0.0896847 
0.00990664 -0.0182419 -2.66753e-05 -1.79399e-05 -0.0182419 0.0901298 -1.04531e-05 0.000222823 -2.66753e-05 -1.04531e-05 0.0099256 -0.0181282 -1.79399e-05 0.000222823 -0.0181282 0.0894263 
0.00991048 -0.0182215 -2.30168e-05 -2.87738e-05 -0.0182215 0.0900303 -2.56014e-05 0.000251796 -2.30168e-05 -2.56014e-05 0.00990626 -0.0181097 -2.87738e-05 0.000251796 -0.0181097 0.0893112 
0.00994287 -0.0182784 -1.66645e-05 -3.09859e-05 -0.0182784 0.0902475 -3.29891e-05 0.000275097 -1.66645e-05 -3.29891e-05 0.00990214 -0.0181376 -3.09859e-05 0.000275097 -0.0181376 0.0894748 
0.00992346 -0.018317 -2.16278e-05 -3.52037e-05 -0.018317 0.0903919 -4.22067e-05 0.000292025 -2.16278e-05 -4.22067e-05 0.00991999 -0.0181177 -3.52037e-05 0.000292025 -0.0181177 0.0894832 
0.00989447 -0.0182659 -2.81291e-05 -2.60861e-05 -0.0182659 0.0902842 -3.60972e-05 0.000285729 -2.81291e-05 -3.60972e-05 0.00991172 -0.0181064 -2.60861e-05 0.000285729 -0.0181064 0.0893647 
0.0099127 -0.0182499 -1.48642e-05 -1.68496e-05 -0.0182499 0.0902886 -2.67531e-05 0.000263065 -1.48642e-05 -2.67531e-05 0.00989101 -0.0181289 -1.68496e-05 0.000263065 -0.0181289 0.0894552 
0.00987419 -0.0181639 -8.81724e-06 -3.20576e-05 -0.0181639 0.0898069 -3.95644e-05 0.000269956 -8.81724e-06 -3.95644e-05 0.00983259 -0.0180048 -3.20576e-05 0.000269956 -0.0180048 0.0889681 
0.00983944 -0.0181018 -1.68606e-05 -3.91023e-05 -0.0181018 0.0894586 -4.36991e-05 0.000282332 -1.68606e-05 -4.36991e-05 0.00979887 -0.0179245 -3.91023e-05 0.000282332 -0.0179245 0.0885843 
0.009793 -0.0180007 -3.11097e-05 -2.93525e-05 -0.0180007 0.088948 -2.98804e-05 0.000264368 -3.11097e-05 -2.98804e-05 0.00975389 -0.0178324 -2.93525e-05 0.000264368 -0.0178324 0.088089 
0.00979024 -0.0180332 -3.55303e-05 -7.68254e-06 -0.0180332 0.089061 -8.23802e-06 0.000216282 -3.55303e-05 -8.23802e-06 0.00978055 -0.0178682 -7.68254e-06 0.000216282 -0.0178682 0.0882192 
0.00977441 -0.0180064 -3.7304e-05 6.61404e-07 -0.0180064 0.0889844 -5.37187e-06 0.000183595 -3.7304e-05 -5.37187e-06 0.00976302 -0.0178759 6.61404e-07 0.000183595 -0.0178759 0.088202 
0.0097277 -0.0179784 -4.56084e-05 3.73093e-06 -0.0179784 0.0888731 -4.31361e-06 0.000168111 -4.56084e-05 -4.31361e-06 0.00977974 -0.0178508 3.73093e-06 0.000168111 -0.0178508 0.0881339 
0.00968142 -0.0179081 -6.00373e-05 7.87525e-06 -0.0179081 0.088673 5.28112e-06 0.000156036 -6.00373e-05 5.28112e-06 0.00980309 -0.0178598 7.87525e-06 0.000156036 -0.0178598 0.0880699 
0.00967353 -0.0178673 -3.51896e-05 2.36416e-05 -0.0178673 0.0885774 2.7912e-05 0.000119669 -3.51896e-05 2.7912e-05 0.00981195 -0.0179106 2.36416e-05 0.000119669 -0.0179106 0.0881927 
0.00970778 -0.0178632 -2.05804e-05 -4.15967e-06 -0.0178632 0.0885572 2.14128e-06 0.000137013 -2.05804e-05 2.14128e-06 0.00978173 -0.0179368 -4.15967e-06 0.000137013 -0.0179368 0.0883299 
0.00973291 -0.0179324 -1.52207e-06 -2.40222e-05 -0.0179324 0.0887594 -1.93793e-05 0.000187884 -1.52207e-06 -1.93793e-05 0.00978425 -0.0179288 -2.40222e-05 0.000187884 -0.0179288 0.0884687 
0.00972988 -0.0179512 -4.70874e-06 -4.39396e-05 -0.0179512 0.0888361 -4.64784e-05 0.000244396 -4.70874e-06 -4.64784e-05 0.00978046 -0.0179041 -4.39396e-05 0.000244396 -0.0179041 0.0884102 
0.00973209 -0.0179469 -1.77389e-05 -3.30957e-05 -0.0179469 0.0888658 -4.55996e-05 0.000255909 -1.77389e-05 -4.55996e-05 0.00977557 -0.0179024 -3.30957e-05 0.000255909 -0.0179024 0.0883972 
0.00971968 -0.0179227 -2.70658e-05 -1.07382e-05 -0.0179227 0.0887513 -2.80943e-05 0.000218173 -2.70658e-05 -2.80943e-05 0.00976378 -0.0178686 -1.07382e-05 0.000218173 -0.0178686 0.0882595 
0.00971777 -0.0178992 -2.25228e-05 3.67276e-06 -0.0178992 0.0886302 -1.12837e-05 0.000168559 -2.25228e-05 -1.12837e-05 0.00974008 -0.0178399 3.67276e-06 0.000168559 -0.0178399 0.0881127 
0.00973041 -0.0178934 -4.1779e-05 -4.67161e-06 -0.0178934 0.0885613 -8.09475e-06 0.000147807 -4.1779e-05 -8.09475e-06 0.00970391 -0.0178116 -4.67161e-06 0.000147807 -0.0178116 0.0880016 
0.00975009 -0.0179052 -4.59036e-05 1.22216e-05 -0.0179052 0.0885343 1.89924e-05 0.000111849 -4.59036e-05 1.89924e-05 0.00965592 -0.0177625 1.22216e-05 0.000111849 -0.0177625 0.0878578 
0.00973083 -0.017914 -4.43019e-05 1.8897e-05 -0.017914 0.0884707 2.98662e-05 7.34348e-05 -4.43019e-05 2.98662e-05 0.00963407 -0.017677 1.8897e-05 7.34348e-05 -0.017677 0.0875808 
0.0096936 -0.0179047 -2.98643e-05 1.81155e-05 -0.0179047 0.0884704 2.61233e-05 6.22503e-05 -2.98643e-05 2.61233e-05 0.00965187 -0.0176594 1.81155e-05 6.22503e-05 -0.0176594 0.0874652 
0.00965105 -0.0178209 -1.70225e-05 1.88509e-06 -0.0178209 0.0882108 4.77945e-06 9.04348e-05 -1.70225e-05 4.77945e-06 0.00965393 -0.0176504 1.88509e-06 9.04348e-05 -0.0176504 0.0872985 
0.00960048 -0.0177247 1.10336e-06 -1.74811e-05 -0.0177247 0.0878001 -1.54749e-05 0.00014108 1.10336e-06 -1.54749e-05 0.00963867 -0.0176225 -1.74811e-05 0.00014108 -0.0176225 0.0870679 
0.00956724 -0.017672 2.01804e-05 -4.35471e-05 -0.017672 0.0875708 -4.07774e-05 0.000206504 2.01804e-05 -4.07774e-05 0.00964763 -0.0176213 -4.35471e-05 0.000206504 -0.0176213 0.0870073 
0.0095389 -0.0176098 2.31816e-05 -6.67214e-05 -0.0176098 0.087301 -6.31843e-05 0.000269453 2.31816e-05 -6.31843e-05 0.00964665 -0.0176149 -6.67214e-05 0.000269453 -0.0176149 0.0868971 
0.00956014 -0.0176454 2.49032e-05 -7.18185e-05 -0.0176454 0.0874816 -6.53172e-05 0.000301342 2.49032e-05 -6.53172e-05 0.00967259 -0.017695 -7.18185e-05 0.000301342 -0.017695 0.0872265 
0.00958828 -0.0176658 7.60454e-06 -7.6329e-05 -0.0176658 0.0875776 -6.41505e-05 0.000312686 7.60454e-06 -6.41505e-05 0.00967662 -0.0177251 -7.6329e-05 0.000312686 -0.0177251 0.0874055 
0.00964205 -0.0177482 -1.50156e-05 -5.44424e-05 -0.0177482 0.0879059 -4.05556e-05 0.000279238 -1.50156e-05 -4.05556e-05 0.00969078 -0.0177723 -5.44424e-05 0.000279238 -0.0177723 0.0877019 
0.00970897 -0.0178639 -3.15848e-05 -2.58007e-05 -0.0178639 0.0883999 -1.42055e-05 0.000219189 -3.15848e-05 -1.42055e-05 0.00970908 -0.0178315 -2.58007e-05 0.000219189 -0.0178315 0.0880755 
0.00973526 -0.017948 -4.97311e-05 -4.49627e-06 -0.017948 0.0887544 1.06431e-06 0.000167936 -4.97311e-05 1.06431e-06 0.00974142 -0.0178474 -4.49627e-06 0.000167936 -0.0178474 0.0882631 
0.00966953 -0.0178411 -5.20216e-05 1.99183e-05 -0.0178411 0.0882835 1.62766e-05 0.000120935 -5.20216e-05 1.62766e-05 0.00971571 -0.0177515 1.99183e-05 0.000120935 -0.0177515 0.0877421 
0.00965146 -0.0178142 -4.70557e-05 2.4125e-05 -0.0178142 0.088206 1.20565e-05 0.000107413 -4.70557e-05 1.20565e-05 0.00972702 -0.0177761 2.4125e-05 0.000107413 -0.0177761 0.0877408 
0.00962001 -0.0177465 -2.54482e-05 2.03125e-05 -0.0177465 0.0879102 7.6777e-06 0.00011024 -2.54482e-05 7.6777e-06 0.00970905 -0.0177462 2.03125e-05 0.00011024 -0.0177462 0.0875453 
0.00963165 -0.0177629 -2.67763e-05 -6.21842e-06 -0.0177629 0.0879834 -1.21821e-05 0.00014417 -2.67763e-05 -1.21821e-05 0.00972596 -0.0177762 -6.21842e-06 0.00014417 -0.0177762 0.087673 
0.00964003 -0.0178066 -1.79282e-05 -1.10274e-05 -0.0178066 0.0881835 -1.03606e-05 0.000169823 -1.79282e-05 -1.03606e-05 0.00975631 -0.0178208 -1.10274e-05 0.000169823 -0.0178208 0.0878794 
0.00962569 -0.0177971 -1.29953e-05 -2.60234e-05 -0.0177971 0.088191 -2.48414e-05 0.00020361 -1.29953e-05 -2.48414e-05 0.0097667 -0.0178357 -2.60234e-05 0.00020361 -0.0178357 0.0879185 
0.00964169 -0.0178041 -7.7806e-06 -3.09159e-05 -0.0178041 0.088293 -3.12522e-05 0.000227027 -7.7806e-06 -3.12522e-05 0.00976967 -0.0178772 -3.09159e-05 0.000227027 -0.0178772 0.0880949 
0.00964088 -0.0177696 5.6689e-06 -3.45257e-05 -0.0177696 0.0881132 -3.46665e-05 0.000236084 5.6689e-06 -3.46665e-05 0.00973431 -0.0178335 -3.45257e-05 0.000236084 -0.0178335 0.0879438 
0.00965388 -0.0177848 1.40198e-05 -4.92589e-05 -0.0177848 0.0881255 -5.00222e-05 0.000259541 1.40198e-05 -5.00222e-05 0.00972044 -0.0178136 -4.92589e-05 0.000259541 -0.0178136 0.0879151 
0.00963561 -0.0177775 2.23908e-05 -5.65289e-05 -0.0177775 0.0880448 -5.96907e-05 0.000281323 2.23908e-05 -5.96907e-05 0.00972189 -0.0177735 -5.65289e-05 0.000281323 -0.0177735 0.0877625 
0.0096456 -0.0178069 2.24533e-05 -6.46191e-05 -0.0178069 0.0882277 -7.1521e-05 0.000304203 2.24533e-05 -7.1521e-05 0.00974928 -0.0178249 -6.46191e-05 0.000304203 -0.0178249 0.0879446 
0.00964292 -0.0177793 9.43071e-06 -6.24363e-05 -0.0177793 0.0881257 -7.03746e-05 0.000308134 9.43071e-06 -7.03746e-05 0.00973765 -0.0178179 -6.24363e-05 0.000308134 -0.0178179 0.0878864 
0.00967172 -0.0178139 -7.55242e-06 -4.98613e-05 -0.0178139 0.0882564 -5.09662e-05 0.000282029 -7.55242e-06 -5.09662e-05 0.00973783 -0.0178365 -4.98613e-05 0.000282029 -0.0178365 0.0880018 
0.0096692 -0.0178413 -2.10735e-05 -2.47072e-05 -0.0178413 0.0883203 -2.35823e-05 0.000220671 -2.10735e-05 -2.35823e-05 0.00974782 -0.0178172 -2.47072e-05 0.000220671 -0.0178172 0.0879658 
0.00967034 -0.0178794 -2.19595e-05 -1.12093e-05 -0.0178794 0.0885355 -9.76709e-06 0.000175991 -2.19595e-05 -9.76709e-06 0.00978918 -0.0178598 -1.12093e-05 0.000175991 -0.0178598 0.0881247 
0.00964159 -0.017821 -1.51655e-05 -1.23154e-05 -0.017821 0.0883325 -1.29854e-05 0.000167145 -1.51655e-05 -1.29854e-05 0.00978747 -0.0178481 -1.23154e-05 0.000167145 -0.0178481 0.0879757 
0.00966172 -0.0178171 -2.03975e-05 -1.91608e-05 -0.0178171 0.0883426 -2.42798e-05 0.000182537 -2.03975e-05 -2.42798e-05 0.00978516 -0.0178832 -1.91608e-05 0.000182537 -0.0178832 0.0880821 
0.00970183 -0.0178812 -2.34763e-05 -1.56837e-05 -0.0178812 0.0885959 -2.40856e-05 0.000194368 -2.34763e-05 -2.40856e-05 0.00980639 -0.0179332 -1.56837e-05 0.000194368 -0.0179332 0.0883707 
0.00976322 -0.0179562 -1.84767e-05 -1.21847e-05 -0.0179562 0.0889223 -1.9061e-05 0.000191001 -1.84767e-05 -1.9061e-05 0.00981112 -0.0179869 -1.21847e-05 0.000191001 -0.0179869 0.0886704 
0.00980078 -0.0180455 -2.17774e-05 -1.59112e-05 -0.0180455 0.0892519 -1.62806e-05 0.000183901 -2.17774e-05 -1.62806e-05 0.00983694 -0.0180012 -1.59112e-05 0.000183901 -0.0180012 0.0888653 
0.00979752 -0.0180573 -3.50971e-05 -1.7137e-05 -0.0180573 0.0892997 -9.93729e-06 0.000179299 -3.50971e-05 -9.93729e-06 0.0098548 -0.0179903 -1.7137e-05 0.000179299 -0.0179903 0.0888021 
0.00982644 -0.0180712 -5.9436e-05 -5.57492e-07 -0.0180712 0.0893889 6.66316e-06 0.00015039 -5.9436e-05 6.66316e-06 0.00985706 -0.0180218 -5.57492e-07 0.00015039 -0.0180218 0.088869 
0.00985461 -0.0181351 -7.10974e-05 3.1166e-05 -0.0181351 0.0896122 3.39642e-05 9.26033e-05 -7.10974e-05 3.39642e-05 0.00987463 -0.0180476 3.1166e-05 9.26033e-05 -0.0180476 0.0890238 
0.00985889 -0.0181945 -4.42814e-05 4.44912e-05 -0.0181945 0.0898733 4.63017e-05 4.84676e-05 -4.42814e-05 4.63017e-05 0.00990963 -0.0180767 4.44912e-05 4.84676e-05 -0.0180767 0.0891744 
0.00984222 -0.0181873 -2.28111e-05 9.90329e-06 -0.0181873 0.0899316 1.09223e-05 8.95403e-05 -2.28111e-05 1.09223e-05 0.00994758 -0.0181025 9.90329e-06 8.95403e-05 -0.0181025 0.0892292 
0.00983183 -0.0181386 -1.14042e-05 -1.9563e-05 -0.0181386 0.0897927 -2.25477e-05 0.00017075 -1.14042e-05 -2.25477e-05 0.00994688 -0.01813 -1.9563e-05 0.00017075 -0.01813 0.0892275 
0.0098189 -0.018099 -8.75969e-06 -3.47077e-05 -0.018099 0.0895834 -4.01545e-05 0.000234312 -8.75969e-06 -4.01545e-05 0.00993774 -0.018111 -3.47077e-05 0.000234312 -0.018111 0.0891271 
0.00982502 -0.0180869 -1.58446e-05 -3.86397e-05 -0.0180869 0.0894833 -4.55784e-05 0.000266348 -1.58446e-05 -4.55784e-05 0.00991811 -0.0181015 -3.86397e-05 0.000266348 -0.0181015 0.0890631 
0.00987445 -0.0181582 -2.87441e-05 -3.19313e-05 -0.0181582 0.0897594 -3.78314e-05 0.000268846 -2.87441e-05 -3.78314e-05 0.00991041 -0.0181358 -3.19313e-05 0.000268846 -0.0181358 0.0892835 
0.00992461 -0.018284 -2.56402e-05 -1.89822e-05 -0.018284 0.0902942 -2.08971e-05 0.000244964 -2.56402e-05 -2.08971e-05 0.00992656 -0.0181816 -1.89822e-05 0.000244964 -0.0181816 0.0896465 
0.00991199 -0.0183165 -2.05983e-05 -1.82844e-05 -0.0183165 0.0904949 -1.68662e-05 0.000222384 -2.05983e-05 -1.68662e-05 0.00994727 -0.0181699 -1.82844e-05 0.000222384 -0.0181699 0.0896952 
0.00988306 -0.0182256 -2.27638e-05 -2.13976e-05 -0.0182256 0.0901976 -1.87906e-05 0.000213073 -2.27638e-05 -1.87906e-05 0.00992203 -0.0181235 -2.13976e-05 0.000213073 -0.0181235 0.0894149 
0.00985242 -0.018113 -3.08548e-05 -2.01236e-05 -0.018113 0.08964 -1.88254e-05 0.000211074 -3.08548e-05 -1.88254e-05 0.00986048 -0.0180309 -2.01236e-05 0.000211074 -0.0180309 0.0889387 
0.00985799 -0.0181496 -3.58541e-05 -6.21361e-06 -0.0181496 0.0896984 -1.18827e-05 0.00019269 -3.58541e-05 -1.18827e-05 0.0098674 -0.0180297 -6.21361e-06 0.00019269 -0.0180297 0.0889686 
0.00985131 -0.0181321 -3.81248e-05 8.90797e-06 -0.0181321 0.0896054 -4.62481e-06 0.000159181 -3.81248e-05 -4.62481e-06 0.00984314 -0.0180016 8.90797e-06 0.000159181 -0.0180016 0.0888216 
0.00985702 -0.0181594 -2.11372e-05 1.08783e-05 -0.0181594 0.0897291 -3.77273e-06 0.000144606 -2.11372e-05 -3.77273e-06 0.00985487 -0.0180149 1.08783e-05 0.000144606 -0.0180149 0.0889126 
0.00982813 -0.0181353 -1.17857e-05 -1.38861e-05 -0.0181353 0.0896378 -2.34958e-05 0.000173641 -1.17857e-05 -2.34958e-05 0.00985975 -0.017995 -1.38861e-05 0.000173641 -0.017995 0.0888092 
0.00980576 -0.0181022 -1.43377e-05 -2.68089e-05 -0.0181022 0.0895513 -2.977e-05 0.000202856 -1.43377e-05 -2.977e-05 0.00987074 -0.0180042 -2.68089e-05 0.000202856 -0.0180042 0.0887876 
0.0097906 -0.0180465 -5.18736e-05 -2.27276e-05 -0.0180465 0.0893294 -2.07982e-05 0.000198152 -5.18736e-05 -2.07982e-05 0.00986045 -0.0179923 -2.27276e-05 0.000198152 -0.0179923 0.0886727 
0.00979513 -0.0180706 -7.53783e-05 2.14435e-05 -0.0180706 0.0894057 2.84088e-05 0.00012023 -7.53783e-05 2.84088e-05 0.00987098 -0.0180189 2.14435e-05 0.00012023 -0.0180189 0.0887919 
0.00980486 -0.0180866 -5.65752e-05 5.75726e-05 -0.0180866 0.0894979 6.65746e-05 1.07538e-05 -5.65752e-05 6.65746e-05 0.00986949 -0.0180356 5.75726e-05 1.07538e-05 -0.0180356 0.0888863 
0.00975866 -0.0180634 -2.84848e-05 3.8284e-05 -0.0180634 0.0893903 4.25017e-05 -2.29466e-06 -2.84848e-05 4.25017e-05 0.00988004 -0.0180032 3.8284e-05 -2.29466e-06 -0.0180032 0.0887705 
0.00973805 -0.0179984 -9.46621e-06 4.41104e-06 -0.0179984 0.0892231 1.63868e-06 6.40676e-05 -9.46621e-06 1.63868e-06 0.00986175 -0.0180135 4.41104e-06 6.40676e-05 -0.0180135 0.08872 
0.00971546 -0.0179358 -1.02878e-05 -1.89128e-05 -0.0179358 0.088934 -2.41002e-05 0.000135614 -1.02878e-05 -2.41002e-05 0.00983437 -0.0179675 -1.89128e-05 0.000135614 -0.0179675 0.0885414 
0.00972279 -0.0178948 -2.63094e-05 -1.77486e-05 -0.0178948 0.0887078 -2.39641e-05 0.000161793 -2.63094e-05 -2.39641e-05 0.00978823 -0.0179264 -1.77486e-05 0.000161793 -0.0179264 0.0883626 
0.00971869 -0.0178867 -3.21491e-05 3.41609e-06 -0.0178867 0.0885316 -1.92775e-06 0.000131681 -3.21491e-05 -1.92775e-06 0.0097546 -0.0178476 3.41609e-06 0.000131681 -0.0178476 0.0880883 
0.0097202 -0.0178768 -2.78073e-05 6.74762e-06 -0.0178768 0.088414 7.69098e-06 0.000104579 -2.78073e-05 7.69098e-06 0.00971792 -0.0177945 6.74762e-06 0.000104579 -0.0177945 0.08784 
0.00971725 -0.0178767 -2.77043e-05 -4.89019e-06 -0.0178767 0.0883375 4.06087e-06 0.00010911 -2.77043e-05 4.06087e-06 0.00968889 -0.0177429 -4.89019e-06 0.00010911 -0.0177429 0.0876282 
0.00966533 -0.0178616 -3.10729e-05 -1.11561e-05 -0.0178616 0.0882291 3.36063e-07 0.000129945 -3.10729e-05 3.36063e-07 0.00969918 -0.017694 -1.11561e-05 0.000129945 -0.017694 0.0874117 
0.00963073 -0.0178492 -4.74664e-05 -6.79894e-06 -0.0178492 0.0883278 2.2779e-06 0.000136313 -4.74664e-05 2.2779e-06 0.00975002 -0.0177589 -6.79894e-06 0.000136313 -0.0177589 0.0875886 
0.00963426 -0.0177944 -3.95377e-05 1.28669e-05 -0.0177944 0.0882504 2.1508e-05 0.000109685 -3.95377e-05 2.1508e-05 0.00975386 -0.0178236 1.28669e-05 0.000109685 -0.0178236 0.0877689 
0.00965071 -0.0177817 -1.70889e-05 6.82709e-06 -0.0177817 0.0881494 1.45434e-05 0.00010154 -1.70889e-05 1.45434e-05 0.00973565 -0.0178219 6.82709e-06 0.00010154 -0.0178219 0.0878178 
0.00964857 -0.0177931 -9.0796e-06 -1.90165e-05 -0.0177931 0.0881058 -1.16254e-05 0.000139681 -9.0796e-06 -1.16254e-05 0.00972968 -0.0177902 -1.90165e-05 0.000139681 -0.0177902 0.0877501 
0.00964961 -0.0177866 -1.18774e-05 -3.07093e-05 -0.0177866 0.0880661 -2.4627e-05 0.000182077 -1.18774e-05 -2.4627e-05 0.00971753 -0.0177768 -3.07093e-05 0.000182077 -0.0177768 0.0876757 
0.00968738 -0.0178565 -2.46492e-05 -2.56961e-05 -0.0178565 0.0883746 -2.20083e-05 0.000191483 -2.46492e-05 -2.20083e-05 0.00972912 -0.0178232 -2.56961e-05 0.000191483 -0.0178232 0.0879305 
0.00971612 -0.0179231 -1.81112e-05 -6.60819e-06 -0.0179231 0.0886891 -8.72953e-06 0.000166388 -1.81112e-05 -8.72953e-06 0.00974496 -0.0178593 -6.60819e-06 0.000166388 -0.0178593 0.0881764 
0.00970154 -0.0178805 -8.23272e-06 -1.41432e-05 -0.0178805 0.088502 -2.00986e-05 0.000168192 -8.23272e-06 -2.00986e-05 0.00971426 -0.017797 -1.41432e-05 0.000168192 -0.017797 0.0879249 
0.00969141 -0.0178654 -2.15816e-05 -2.80239e-05 -0.0178654 0.0883974 -3.41466e-05 0.000197456 -2.15816e-05 -3.41466e-05 0.00969807 -0.0177553 -2.80239e-05 0.000197456 -0.0177553 0.0877453 
0.00970949 -0.0178833 -3.82443e-05 -1.19079e-05 -0.0178833 0.0884913 -1.49633e-05 0.000183571 -3.82443e-05 -1.49633e-05 0.00969368 -0.0177725 -1.19079e-05 0.000183571 -0.0177725 0.0878135 
0.00969006 -0.0178606 -5.14963e-05 1.3795e-05 -0.0178606 0.0883558 1.12512e-05 0.000125532 -5.14963e-05 1.12512e-05 0.00967735 -0.0177321 1.3795e-05 0.000125532 -0.0177321 0.0876579 
0.0096865 -0.0178744 -5.86376e-05 3.7807e-05 -0.0178744 0.088445 3.19749e-05 5.61305e-05 -5.86376e-05 3.19749e-05 0.0096984 -0.0177499 3.7807e-05 5.61305e-05 -0.0177499 0.0877427 
0.00966981 -0.0179002 -4.30019e-05 4.46177e-05 -0.0179002 0.0886286 3.91092e-05 1.90567e-05 -4.30019e-05 3.91092e-05 0.00975118 -0.0178051 4.46177e-05 1.90567e-05 -0.0178051 0.0879723 
0.00962601 -0.0178502 -3.05994e-05 1.94486e-05 -0.0178502 0.0885439 1.75624e-05 4.68167e-05 -3.05994e-05 1.75624e-05 0.00980422 -0.0178491 1.94486e-05 4.68167e-05 -0.0178491 0.0880695 
0.00957503 -0.0177074 -3.33999e-05 -6.7063e-07 -0.0177074 0.0879875 -1.30438e-07 9.79673e-05 -3.33999e-05 -1.30438e-07 0.00978251 -0.0178306 -6.7063e-07 9.79673e-05 -0.0178306 0.087802 
0.0095527 -0.0176662 -3.04737e-05 9.56797e-07 -0.0176662 0.0877518 -7.8264e-07 0.000122895 -3.04737e-05 -7.8264e-07 0.00978553 -0.0178347 9.56797e-07 0.000122895 -0.0178347 0.0877745 
0.00952827 -0.0176067 -1.37829e-05 -7.51038e-07 -0.0176067 0.0874484 -3.97218e-06 0.000133107 -1.37829e-05 -3.97218e-06 0.00975766 -0.0178024 -7.51038e-07 0.000133107 -0.0178024 0.0875794 
0.00952037 -0.0175987 -4.18389e-06 -1.92827e-05 -0.0175987 0.0873693 -2.38022e-05 0.000164598 -4.18389e-06 -2.38022e-05 0.00974224 -0.0177909 -1.92827e-05 0.000164598 -0.0177909 0.0875327 
0.00955331 -0.0176424 -2.90413e-06 -2.74451e-05 -0.0176424 0.0875718 -3.56329e-05 0.000193667 -2.90413e-06 -3.56329e-05 0.00973855 -0.0178175 -2.74451e-05 0.000193667 -0.0178175 0.087707 
0.00954837 -0.0176276 1.02545e-05 -2.6865e-05 -0.0176276 0.0874474 -3.57151e-05 0.000200128 1.02545e-05 -3.57151e-05 0.00971031 -0.0177529 -2.6865e-05 0.000200128 -0.0177529 0.0874858 
0.00954713 -0.0176369 1.27988e-05 -4.25464e-05 -0.0176369 0.0874512 -4.70584e-05 0.000216393 1.27988e-05 -4.70584e-05 0.00969801 -0.0177242 -4.25464e-05 0.000216393 -0.0177242 0.0873714 
0.00957926 -0.017681 1.18074e-05 -4.85026e-05 -0.017681 0.0876711 -4.91103e-05 0.000232078 1.18074e-05 -4.91103e-05 0.00970687 -0.0177539 -4.85026e-05 0.000232078 -0.0177539 0.0875186 
0.00961996 -0.0177195 -1.86201e-05 -4.65037e-05 -0.0177195 0.087823 -4.64234e-05 0.000231285 -1.86201e-05 -4.64234e-05 0.00969259 -0.0177619 -4.65037e-05 0.000231285 -0.0177619 0.0875945 
0.00967229 -0.0178221 -4.12565e-05 -8.11662e-06 -0.0178221 0.0882304 -9.54398e-06 0.000171782 -4.12565e-05 -9.54398e-06 0.00970908 -0.0177975 -8.11662e-06 0.000171782 -0.0177975 0.0878651 
0.00972247 -0.017921 -3.82301e-05 2.54943e-05 -0.017921 0.0886868 2.06754e-05 8.57904e-05 -3.82301e-05 2.06754e-05 0.00972961 -0.0178467 2.54943e-05 8.57904e-05 -0.0178467 0.0881721 
0.0097743 -0.0179836 -3.24134e-05 2.37764e-05 -0.0179836 0.0890005 1.80364e-05 5.05267e-05 -3.24134e-05 1.80364e-05 0.00972228 -0.0178767 2.37764e-05 5.05267e-05 -0.0178767 0.088381 
0.00976198 -0.0179546 -2.89677e-05 1.845e-05 -0.0179546 0.0887981 1.22409e-05 4.91855e-05 -2.89677e-05 1.22409e-05 0.00968713 -0.017784 1.845e-05 4.91855e-05 -0.017784 0.0880547 
0.00972311 -0.0179219 -1.9728e-05 1.1369e-05 -0.0179219 0.0885906 5.26713e-06 6.44281e-05 -1.9728e-05 5.26713e-06 0.00968786 -0.0177135 1.1369e-05 6.44281e-05 -0.0177135 0.0877185 
0.00966625 -0.0178345 -1.01473e-05 -3.92902e-06 -0.0178345 0.0882045 -6.9591e-06 9.43204e-05 -1.01473e-05 -6.9591e-06 0.00967486 -0.0176615 -3.92902e-06 9.43204e-05 -0.0176615 0.0873236 
0.00964499 -0.0178078 -1.29222e-05 -1.66717e-05 -0.0178078 0.0881261 -1.86211e-05 0.000127569 -1.29222e-05 -1.86211e-05 0.00969088 -0.0176915 -1.66717e-05 0.000127569 -0.0176915 0.0873433 
0.00963876 -0.0177693 4.51507e-08 -1.02051e-05 -0.0177693 0.087993 -1.52636e-05 0.00013165 4.51507e-08 -1.52636e-05 0.00967163 -0.0177085 -1.02051e-05 0.00013165 -0.0177085 0.0873522 
0.00966226 -0.0178014 5.07611e-06 -2.25765e-05 -0.0178014 0.0881166 -2.87279e-05 0.0001455 5.07611e-06 -2.87279e-05 0.00966018 -0.0177247 -2.25765e-05 0.0001455 -0.0177247 0.0875094 
0.00965906 -0.0177943 5.60224e-07 -3.11964e-05 -0.0177943 0.0880344 -3.74957e-05 0.000170714 5.60224e-07 -3.74957e-05 0.00963602 -0.0176647 -3.11964e-05 0.000170714 -0.0176647 0.0873346 
0.00966254 -0.0178504 2.07581e-06 -2.69942e-05 -0.0178504 0.0882793 -3.07666e-05 0.000173062 2.07581e-06 -3.07666e-05 0.00967273 -0.017683 -2.69942e-05 0.000173062 -0.017683 0.0874538 
0.00962666 -0.0178269 8.42495e-06 -2.59417e-05 -0.0178269 0.0882575 -2.82055e-05 0.000163188 8.42495e-06 -2.82055e-05 0.00970548 -0.0176982 -2.59417e-05 0.000163188 -0.0176982 0.0874381 
0.00959438 -0.017763 1.45008e-05 -2.99061e-05 -0.017763 0.088082 -3.02297e-05 0.000157305 1.45008e-05 -3.02297e-05 0.0097241 -0.0177261 -2.99061e-05 0.000157305 -0.0177261 0.0874338 
0.00957695 -0.0177145 1.68638e-05 -3.69648e-05 -0.0177145 0.0879038 -3.61553e-05 0.000163108 1.68638e-05 -3.61553e-05 0.00972533 -0.0177479 -3.69648e-05 0.000163108 -0.0177479 0.0874574 
0.00955203 -0.0176809 7.93088e-06 -3.86938e-05 -0.0176809 0.0877453 -3.97697e-05 0.000169016 7.93088e-06 -3.97697e-05 0.00972542 -0.0177472 -3.86938e-05 0.000169016 -0.0177472 0.0874421 
0.00957873 -0.0177042 -1.2207e-05 -2.71733e-05 -0.0177042 0.0879122 -3.08469e-05 0.000155885 -1.2207e-05 -3.08469e-05 0.00974496 -0.0178148 -2.71733e-05 0.000155885 -0.0178148 0.0877447 
0.00958793 -0.0176974 -1.97422e-05 1.76867e-06 -0.0176974 0.0878474 -5.19553e-06 0.000100141 -1.97422e-05 -5.19553e-06 0.00973329 -0.017801 1.76867e-06 0.000100141 -0.017801 0.0877325 
