0.00739989 0 6.38003e-05 0 0 0.0103005 0 0 6.38003e-05 0 0.007144 0 0 0 0 0.0103005 
0.0106558 -0.0132219 8.15919e-05 -9.9062e-05 -0.0132219 0.0349859 -9.9062e-05 0.000189927 8.15919e-05 -9.9062e-05 0.0103529 -0.0128559 -9.9062e-05 0.000189927 -0.0128559 0.0342841 
0.00926105 -0.0171986 5.03758e-05 -7.06087e-05 -0.0171986 0.0633273 -7.06087e-05 0.000214331 5.03758e-05 -7.06087e-05 0.00908901 -0.0170059 -7.06087e-05 0.000214331 -0.0170059 0.0627744 
0.0087019 -0.0166509 2.11411e-05 -1.36679e-05 -0.0166509 0.0744972 -1.40381e-05 -2.38853e-05 2.11411e-05 -1.40381e-05 0.00858228 -0.0167629 -1.36679e-05 -2.38853e-05 -0.0167629 0.0754218 
0.00997083 -0.0184788 2.14804e-05 1.71056e-05 -0.0184788 0.0886742 1.57731e-05 -0.000199525 2.14804e-05 1.57731e-05 0.00984566 -0.0186348 1.71056e-05 -0.000199525 -0.0186348 0.0905086 
0.00970119 -0.0177721 1.00429e-05 5.29396e-06 -0.0177721 0.0867737 6.43812e-06 -0.000183168 1.00429e-05 6.43812e-06 0.00964938 -0.0178327 5.29396e-06 -0.000183168 -0.0178327 0.0882196 
0.0093972 -0.0171911 -1.90841e-06 8.55774e-06 -0.0171911 0.0844304 1.07387e-05 -0.000137883 -1.90841e-06 1.07387e-05 0.00942834 -0.0172878 8.55774e-06 -0.000137883 -0.0172878 0.0855162 
0.00913381 -0.0166994 -1.24082e-05 2.30538e-05 -0.0166994 0.0823174 2.22413e-05 -0.00013096 -1.24082e-05 2.22413e-05 0.00921399 -0.0168942 2.30538e-05 -0.00013096 -0.0168942 0.083377 
0.0103332 -0.0188658 -1.83293e-05 4.64788e-05 -0.0188658 0.0931777 4.21976e-05 -0.000180167 -1.83293e-05 4.21976e-05 0.0104385 -0.0191781 4.64788e-05 -0.000180167 -0.0191781 0.0945538 
0.0102058 -0.0185814 -2.82309e-05 5.25305e-05 -0.0185814 0.0918097 4.63072e-05 -0.000202228 -2.82309e-05 4.63072e-05 0.0102784 -0.018925 5.25305e-05 -0.000202228 -0.018925 0.0933184 
0.010114 -0.0184074 -3.37495e-05 6.61358e-05 -0.0184074 0.0908522 6.07827e-05 -0.000234571 -3.37495e-05 6.07827e-05 0.0101697 -0.01872 6.61358e-05 -0.000234571 -0.01872 0.092377 
0.0100283 -0.0182486 -3.46747e-05 7.45685e-05 -0.0182486 0.0900041 7.17161e-05 -0.000268134 -3.46747e-05 7.17161e-05 0.0100772 -0.018541 7.45685e-05 -0.000268134 -0.018541 0.0914995 
0.00998427 -0.0182061 -3.06849e-05 6.88832e-05 -0.0182061 0.0897415 7.22028e-05 -0.000272422 -3.06849e-05 7.22028e-05 0.0100615 -0.0184886 6.88832e-05 -0.000272422 -0.0184886 0.0912159 
0.009956 -0.0181659 1.63661e-06 5.79078e-05 -0.0181659 0.089582 6.709e-05 -0.000256732 1.63661e-06 6.709e-05 0.0100561 -0.0184749 5.79078e-05 -0.000256732 -0.0184749 0.0910792 
0.00996294 -0.0181631 1.03184e-05 1.70757e-05 -0.0181631 0.0896031 2.81429e-05 -0.000187578 1.03184e-05 2.81429e-05 0.010058 -0.018507 1.70757e-05 -0.000187578 -0.018507 0.0911785 
0.00999915 -0.0182084 3.4832e-06 2.51092e-06 -0.0182084 0.0898022 1.22599e-05 -0.000122263 3.4832e-06 1.22599e-05 0.0100496 -0.0185477 2.51092e-06 -0.000122263 -0.0185477 0.0914069 
0.0100132 -0.0182317 9.22073e-06 1.23159e-05 -0.0182317 0.0898558 1.80316e-05 -0.000109538 9.22073e-06 1.80316e-05 0.010003 -0.0185103 1.23159e-05 -0.000109538 -0.0185103 0.0913623 
0.0100195 -0.0182159 1.86462e-05 1.09545e-05 -0.0182159 0.0897354 1.1122e-05 -0.000106729 1.86462e-05 1.1122e-05 0.00993681 -0.0184057 1.09545e-05 -0.000106729 -0.0184057 0.0910294 
0.0100233 -0.0182071 2.79655e-05 -1.31531e-07 -0.0182071 0.0896049 -4.14197e-06 -8.12308e-05 2.79655e-05 -4.14197e-06 0.0098789 -0.0182965 -1.31531e-07 -8.12308e-05 -0.0182965 0.0906304 
0.0100111 -0.0182023 2.72631e-05 -1.13791e-05 -0.0182023 0.0894942 -1.55572e-05 -5.18941e-05 2.72631e-05 -1.55572e-05 0.00984181 -0.018202 -1.13791e-05 -5.18941e-05 -0.018202 0.0902459 
0.00998942 -0.0181992 1.55582e-05 -1.05601e-05 -0.0181992 0.0894599 -1.30065e-05 -4.2412e-05 1.55582e-05 -1.30065e-05 0.00982201 -0.018153 -1.05601e-05 -4.2412e-05 -0.018153 0.0900072 
0.00995728 -0.0181501 1.11249e-05 3.51759e-06 -0.0181501 0.0892801 1.5088e-06 -6.25588e-05 1.11249e-05 1.5088e-06 0.00979536 -0.0181003 3.51759e-06 -6.25588e-05 -0.0181003 0.0897348 
0.00994303 -0.018111 2.92051e-05 7.18589e-06 -0.018111 0.0891319 6.08673e-06 -7.86552e-05 2.92051e-05 6.08673e-06 0.00977636 -0.0180669 7.18589e-06 -7.86552e-05 -0.0180669 0.0895617 
0.00994381 -0.018106 3.95416e-05 -1.72291e-05 -0.018106 0.0891036 -1.63102e-05 -4.52552e-05 3.95416e-05 -1.63102e-05 0.00977716 -0.0180626 -1.72291e-05 -4.52552e-05 -0.0180626 0.0895336 
0.00995292 -0.0181691 3.94687e-05 -3.28833e-05 -0.0181691 0.0893946 -3.47486e-05 6.09246e-06 3.94687e-05 -3.47486e-05 0.00983847 -0.0181224 -3.28833e-05 6.09246e-06 -0.0181224 0.089815 
0.00994557 -0.0181565 3.82169e-05 -3.35437e-05 -0.0181565 0.0894234 -3.94382e-05 3.46623e-05 3.82169e-05 -3.94382e-05 0.00987615 -0.0181738 -3.35437e-05 3.46623e-05 -0.0181738 0.0899385 
0.00998339 -0.0181969 3.58413e-05 -3.20974e-05 -0.0181969 0.0896671 -3.93487e-05 4.41897e-05 3.58413e-05 -3.93487e-05 0.0099032 -0.0182755 -3.20974e-05 4.41897e-05 -0.0182755 0.0903394 
0.00999957 -0.0181948 4.57546e-05 -2.73342e-05 -0.0181948 0.089617 -3.17105e-05 3.38572e-05 4.57546e-05 -3.17105e-05 0.00987253 -0.0182638 -2.73342e-05 3.38572e-05 -0.0182638 0.0903426 
0.00998392 -0.0181967 4.82842e-05 -3.70913e-05 -0.0181967 0.0895365 -3.51024e-05 3.12077e-05 4.82842e-05 -3.51024e-05 0.00985274 -0.0181989 -3.70913e-05 3.12077e-05 -0.0181989 0.090152 
0.00993725 -0.0181485 5.20283e-05 -4.34055e-05 -0.0181485 0.0893236 -3.72924e-05 3.98747e-05 5.20283e-05 -3.72924e-05 0.00984854 -0.0181378 -4.34055e-05 3.98747e-05 -0.0181378 0.0898491 
0.00992233 -0.0181179 5.65561e-05 -4.74101e-05 -0.0181179 0.0892594 -4.46496e-05 5.34631e-05 5.65561e-05 -4.46496e-05 0.00985212 -0.0181554 -4.74101e-05 5.34631e-05 -0.0181554 0.0898281 
0.00993264 -0.0181309 4.98707e-05 -5.04163e-05 -0.0181309 0.0893573 -5.47098e-05 6.93583e-05 4.98707e-05 -5.47098e-05 0.00985418 -0.0181977 -5.04163e-05 6.93583e-05 -0.0181977 0.0900111 
0.00993025 -0.0181071 3.2248e-05 -4.12322e-05 -0.0181071 0.0892463 -5.00201e-05 6.73982e-05 3.2248e-05 -5.00201e-05 0.00983303 -0.0181644 -4.12322e-05 6.73982e-05 -0.0181644 0.0899188 
0.0099182 -0.0181115 2.57933e-05 -2.08722e-05 -0.0181115 0.0892391 -2.71292e-05 3.13262e-05 2.57933e-05 -2.71292e-05 0.00983576 -0.0181502 -2.08722e-05 3.13262e-05 -0.0181502 0.0898865 
0.0099117 -0.0180964 2.28853e-05 -1.26757e-05 -0.0180964 0.0892141 -1.44032e-05 -6.67055e-06 2.28853e-05 -1.44032e-05 0.00983842 -0.0181527 -1.26757e-05 -6.67055e-06 -0.0181527 0.0898765 
0.00990393 -0.0180615 1.9527e-05 -8.74661e-06 -0.0180615 0.0890583 -7.25202e-06 -3.08758e-05 1.9527e-05 -7.25202e-06 0.00982772 -0.0181303 -8.74661e-06 -3.08758e-05 -0.0181303 0.0897522 
0.00990912 -0.0180809 1.97454e-05 -3.59081e-06 -0.0180809 0.089116 -1.45096e-06 -5.15338e-05 1.97454e-05 -1.45096e-06 0.00983965 -0.0181483 -3.59081e-06 -5.15338e-05 -0.0181483 0.0898266 
0.00990108 -0.0181006 1.13567e-05 -5.16202e-06 -0.0181006 0.0892222 -2.54789e-06 -5.69238e-05 1.13567e-05 -2.54789e-06 0.00986476 -0.0181802 -5.16202e-06 -5.69238e-05 -0.0181802 0.0899616 
0.00984875 -0.0180227 -7.97212e-07 6.17326e-06 -0.0180227 0.0889221 1.11488e-05 -7.96366e-05 -7.97212e-07 1.11488e-05 0.00985777 -0.0181448 6.17326e-06 -7.96366e-05 -0.0181448 0.0897407 
0.00984535 -0.0180007 -7.1139e-06 2.31828e-05 -0.0180007 0.0888926 3.01169e-05 -0.000123678 -7.1139e-06 3.01169e-05 0.0098666 -0.0181774 2.31828e-05 -0.000123678 -0.0181774 0.0898328 
0.00987788 -0.0180475 -1.74106e-05 3.0008e-05 -0.0180475 0.0891308 3.89284e-05 -0.000155929 -1.74106e-05 3.89284e-05 0.00989268 -0.018245 3.0008e-05 -0.000155929 -0.018245 0.0901652 
0.0098749 -0.0180197 -8.83565e-06 4.11805e-05 -0.0180197 0.0889599 4.85374e-05 -0.000180279 -8.83565e-06 4.85374e-05 0.00986582 -0.0181952 4.11805e-05 -0.000180279 -0.0181952 0.0899751 
0.00985232 -0.0180058 1.20339e-05 2.80954e-05 -0.0180058 0.0888286 3.09092e-05 -0.000159462 1.20339e-05 3.09092e-05 0.00986285 -0.0181488 2.80954e-05 -0.000159462 -0.0181488 0.0897707 
0.00986848 -0.0180209 3.92797e-05 4.33819e-06 -0.0180209 0.0889262 3.21066e-06 -0.000106868 3.92797e-05 3.21066e-06 0.00986757 -0.0181799 4.33819e-06 -0.000106868 -0.0181799 0.0898488 
0.00989536 -0.0180214 4.31246e-05 -3.14543e-05 -0.0180214 0.0889108 -3.35151e-05 -2.2437e-05 4.31246e-05 -3.35151e-05 0.00983712 -0.0181763 -3.14543e-05 -2.2437e-05 -0.0181763 0.0898368 
0.00993306 -0.018061 2.78844e-05 -3.88433e-05 -0.018061 0.0889837 -3.86846e-05 2.85247e-05 2.78844e-05 -3.86846e-05 0.00981636 -0.0181457 -3.88433e-05 2.85247e-05 -0.0181457 0.0897997 
0.00991131 -0.0180751 2.32866e-05 -1.5825e-05 -0.0180751 0.0889326 -1.85778e-05 6.64133e-06 2.32866e-05 -1.85778e-05 0.00983245 -0.0180901 -1.5825e-05 6.64133e-06 -0.0180901 0.0895862 
0.00990973 -0.0180832 1.84589e-05 -6.24214e-06 -0.0180832 0.0890284 -1.33804e-05 -2.27799e-05 1.84589e-05 -1.33804e-05 0.0098643 -0.018142 -6.24214e-06 -2.27799e-05 -0.018142 0.0896817 
0.00994857 -0.0181457 2.47962e-05 1.21627e-06 -0.0181457 0.089379 -8.83303e-06 -4.22824e-05 2.47962e-05 -8.83303e-06 0.00990731 -0.0182574 1.21627e-06 -4.22824e-05 -0.0182574 0.090154 
0.00997634 -0.0181856 1.95463e-05 -8.40873e-06 -0.0181856 0.0895818 -1.65284e-05 -3.4566e-05 1.95463e-05 -1.65284e-05 0.00992657 -0.0183135 -8.40873e-06 -3.4566e-05 -0.0183135 0.0904526 
0.00999753 -0.0182357 -1.43618e-06 -9.64278e-06 -0.0182357 0.0898196 -1.1855e-05 -2.46589e-05 -1.43618e-06 -1.1855e-05 0.0099544 -0.0183621 -9.64278e-06 -2.46589e-05 -0.0183621 0.0907357 
0.0100025 -0.0182444 -1.77781e-05 1.42974e-05 -0.0182444 0.0899018 1.53107e-05 -5.94985e-05 -1.77781e-05 1.53107e-05 0.00996242 -0.0183889 1.42974e-05 -5.94985e-05 -0.0183889 0.090873 
0.00998644 -0.0182228 -4.434e-06 3.98137e-05 -0.0182228 0.0898128 4.00134e-05 -0.000123537 -4.434e-06 4.00134e-05 0.00996234 -0.0183677 3.98137e-05 -0.000123537 -0.0183677 0.0908115 
0.00996059 -0.0181849 -6.53225e-06 2.9976e-05 -0.0181849 0.0896482 2.37154e-05 -0.000134878 -6.53225e-06 2.37154e-05 0.00995825 -0.01834 2.9976e-05 -0.000134878 -0.01834 0.0906597 
0.00995397 -0.0181778 -1.0731e-05 2.90348e-05 -0.0181778 0.0896376 1.88663e-05 -0.000119905 -1.0731e-05 1.88663e-05 0.00996727 -0.0183498 2.90348e-05 -0.000119905 -0.0183498 0.09067 
0.00994061 -0.0181323 -1.18626e-05 3.18347e-05 -0.0181323 0.0894352 2.37081e-05 -0.000118433 -1.18626e-05 2.37081e-05 0.00994948 -0.0183196 3.18347e-05 -0.000118433 -0.0183196 0.0904912 
0.00995784 -0.0181736 -1.72492e-05 3.0115e-05 -0.0181736 0.0896184 2.35407e-05 -0.000113863 -1.72492e-05 2.35407e-05 0.00997114 -0.0183729 3.0115e-05 -0.000113863 -0.0183729 0.090725 
0.00994121 -0.0181528 -2.02499e-05 3.5206e-05 -0.0181528 0.0895314 2.79436e-05 -0.000116808 -2.02499e-05 2.79436e-05 0.00998147 -0.0183605 3.5206e-05 -0.000116808 -0.0183605 0.0906746 
0.00994313 -0.0181244 -2.43053e-05 4.24063e-05 -0.0181244 0.0894261 3.22272e-05 -0.000129627 -2.43053e-05 3.22272e-05 0.00996932 -0.0183707 4.24063e-05 -0.000129627 -0.0183707 0.0906535 
0.00992568 -0.0180913 -8.5452e-06 4.63851e-05 -0.0180913 0.0892049 3.57119e-05 -0.000138114 -8.5452e-06 3.57119e-05 0.00994471 -0.0183212 4.63851e-05 -0.000138114 -0.0183212 0.0904495 
0.00992007 -0.0181005 1.32066e-05 2.55646e-05 -0.0181005 0.0892105 1.72358e-05 -0.00011083 1.32066e-05 1.72358e-05 0.00995412 -0.0183103 2.55646e-05 -0.00011083 -0.0183103 0.0904106 
0.0099332 -0.0181164 1.59138e-05 -5.78883e-06 -0.0181164 0.0893082 -8.67236e-06 -4.74822e-05 1.59138e-05 -8.67236e-06 0.00995327 -0.0183429 -5.78883e-06 -4.74822e-05 -0.0183429 0.0905123 
0.0099683 -0.0181478 8.25773e-06 -1.68409e-05 -0.0181478 0.0894524 -1.14405e-05 -3.75875e-06 8.25773e-06 -1.14405e-05 0.00994754 -0.018363 -1.68409e-05 -3.75875e-06 -0.018363 0.0906534 
0.0100393 -0.0182493 3.73598e-06 -9.6654e-06 -0.0182493 0.0898719 3.51654e-08 -4.35466e-06 3.73598e-06 3.51654e-08 0.00995116 -0.0184138 -9.6654e-06 -4.35466e-06 -0.0184138 0.0909912 
0.0100991 -0.0183532 2.90207e-06 -2.88107e-06 -0.0183532 0.0902795 4.23075e-06 -1.58954e-05 2.90207e-06 4.23075e-06 0.00994414 -0.0184272 -2.88107e-06 -1.58954e-05 -0.0184272 0.0912079 
0.010116 -0.0184344 -9.10294e-06 2.81959e-06 -0.0184344 0.0906144 1.01307e-06 -2.19576e-05 -9.10294e-06 1.01307e-06 0.00995178 -0.0184142 2.81959e-06 -2.19576e-05 -0.0184142 0.091292 
0.0100806 -0.0183325 -1.52024e-05 2.11743e-05 -0.0183325 0.090191 1.16209e-05 -4.45306e-05 -1.52024e-05 1.16209e-05 0.00989077 -0.0182904 2.11743e-05 -4.45306e-05 -0.0182904 0.0907091 
0.0100336 -0.0182724 -1.23656e-05 2.96364e-05 -0.0182724 0.0898458 1.78063e-05 -6.72665e-05 -1.23656e-05 1.78063e-05 0.00987428 -0.0182019 2.96364e-05 -6.72665e-05 -0.0182019 0.0902714 
0.00997391 -0.0182013 -1.94324e-06 2.38835e-05 -0.0182013 0.0895305 1.47657e-05 -6.6666e-05 -1.94324e-06 1.47657e-05 0.00989352 -0.0181689 2.38835e-05 -6.6666e-05 -0.0181689 0.0899761 
0.00996852 -0.0181892 -3.38844e-06 6.43663e-06 -0.0181892 0.0895778 2.90745e-06 -3.7998e-05 -3.38844e-06 2.90745e-06 0.00991875 -0.0182675 6.43663e-06 -3.7998e-05 -0.0182675 0.0902338 
0.0100046 -0.0182024 -1.50361e-05 3.50913e-06 -0.0182024 0.0896892 3.11397e-06 -1.83377e-05 -1.50361e-05 3.11397e-06 0.00990966 -0.0183347 3.50913e-06 -1.83377e-05 -0.0183347 0.0905579 
0.0100119 -0.0182063 -2.49433e-05 1.92454e-05 -0.0182063 0.0896208 1.47758e-05 -3.21834e-05 -2.49433e-05 1.47758e-05 0.00988554 -0.0182888 1.92454e-05 -3.21834e-05 -0.0182888 0.0904985 
0.00998531 -0.0182307 -1.39703e-05 3.29126e-05 -0.0182307 0.0896791 2.35617e-05 -5.65733e-05 -1.39703e-05 2.35617e-05 0.00991191 -0.0182618 3.29126e-05 -5.65733e-05 -0.0182618 0.0904446 
0.00997369 -0.0182356 -5.22088e-06 1.73068e-05 -0.0182356 0.089835 7.96854e-06 -3.8668e-05 -5.22088e-06 7.96854e-06 0.00995726 -0.0183256 1.73068e-05 -3.8668e-05 -0.0183256 0.0906359 
0.00997436 -0.0182183 5.2262e-07 5.73296e-06 -0.0182183 0.0898698 -1.5592e-06 -9.63121e-06 5.2262e-07 -1.5592e-06 0.00999306 -0.0183852 5.73296e-06 -9.63121e-06 -0.0183852 0.0908324 
0.0099921 -0.0182052 3.31323e-07 -2.34483e-06 -0.0182052 0.0898291 -6.75018e-06 1.35664e-05 3.31323e-07 -6.75018e-06 0.00997831 -0.0184212 -2.34483e-06 1.35664e-05 -0.0184212 0.0909485 
0.0099874 -0.0181991 -1.24366e-05 1.98857e-07 -0.0181991 0.0897159 -2.69992e-07 1.00624e-05 -1.24366e-05 -2.69992e-07 0.00994219 -0.018375 1.98857e-07 1.00624e-05 -0.018375 0.0908323 
0.00994291 -0.018105 -2.97807e-05 1.60796e-05 -0.018105 0.0892238 1.80459e-05 -2.21407e-05 -2.97807e-05 1.80459e-05 0.00986915 -0.0182359 1.60796e-05 -2.21407e-05 -0.0182359 0.0902403 
0.00992233 -0.0180661 -2.42988e-05 3.73053e-05 -0.0180661 0.088985 3.96175e-05 -7.37273e-05 -2.42988e-05 3.96175e-05 0.00983301 -0.0181554 3.73053e-05 -7.37273e-05 -0.0181554 0.0898841 
0.009926 -0.0180716 -6.01314e-06 3.06061e-05 -0.0180716 0.0889653 3.31268e-05 -8.54786e-05 -6.01314e-06 3.31268e-05 0.00982562 -0.018124 3.06061e-05 -8.54786e-05 -0.018124 0.0897373 
0.00992105 -0.0180983 2.19511e-05 9.07087e-06 -0.0180983 0.0890546 1.20269e-05 -5.3581e-05 2.19511e-05 1.20269e-05 0.00983513 -0.0181268 9.07087e-06 -5.3581e-05 -0.0181268 0.0897266 
0.0098909 -0.0180596 3.60059e-05 -2.76678e-05 -0.0180596 0.0889157 -2.68586e-05 2.54354e-05 3.60059e-05 -2.68586e-05 0.00982799 -0.018101 -2.76678e-05 2.54354e-05 -0.018101 0.0895556 
0.00989861 -0.0180793 3.43304e-05 -4.51199e-05 -0.0180793 0.0890705 -4.91865e-05 9.50295e-05 3.43304e-05 -4.91865e-05 0.00984398 -0.018155 -4.51199e-05 9.50295e-05 -0.018155 0.0897656 
0.00987534 -0.0180379 3.2921e-05 -4.09465e-05 -0.0180379 0.0889122 -4.78517e-05 0.000116784 3.2921e-05 -4.78517e-05 0.00982808 -0.0181333 -4.09465e-05 0.000116784 -0.0181333 0.0896752 
0.00989267 -0.0180448 1.33484e-05 -3.75221e-05 -0.0180448 0.0889757 -4.20877e-05 0.000109661 1.33484e-05 -4.20877e-05 0.00982384 -0.0181498 -3.75221e-05 0.000109661 -0.0181498 0.0897797 
0.00987898 -0.0180178 -1.55333e-05 -1.47885e-05 -0.0180178 0.0888054 -1.85348e-05 7.07664e-05 -1.55333e-05 -1.85348e-05 0.00980479 -0.0180964 -1.47885e-05 7.07664e-05 -0.0180964 0.0895813 
0.00988467 -0.0180099 -1.89434e-05 1.82518e-05 -0.0180099 0.0887401 1.5582e-05 2.68329e-06 -1.89434e-05 1.5582e-05 0.00978615 -0.0180724 1.82518e-05 2.68329e-06 -0.0180724 0.0894605 
0.00987823 -0.0179988 -4.61616e-06 2.28413e-05 -0.0179988 0.0886314 2.28567e-05 -3.92442e-05 -4.61616e-06 2.28567e-05 0.00977628 -0.0180313 2.28413e-05 -3.92442e-05 -0.0180313 0.0892797 
0.00990904 -0.0180731 5.16189e-06 4.06843e-06 -0.0180731 0.0889655 9.87085e-06 -2.90031e-05 5.16189e-06 9.87085e-06 0.00981266 -0.0180968 4.06843e-06 -2.90031e-05 -0.0180968 0.0895652 
0.00991082 -0.0180787 1.6334e-05 -1.29542e-05 -0.0180787 0.0890134 -4.70046e-06 1.00227e-05 1.6334e-05 -4.70046e-06 0.00982546 -0.0181095 -1.29542e-05 1.00227e-05 -0.0181095 0.0896068 
0.00992375 -0.0181098 2.71079e-05 -2.62235e-05 -0.0181098 0.0891824 -2.12745e-05 5.14947e-05 2.71079e-05 -2.12745e-05 0.00985435 -0.0181585 -2.62235e-05 5.14947e-05 -0.0181585 0.089809 
0.00994715 -0.0181361 4.25349e-06 -3.65259e-05 -0.0181361 0.0893432 -3.67317e-05 8.77076e-05 4.25349e-06 -3.67317e-05 0.0098722 -0.0182126 -3.65259e-05 8.77076e-05 -0.0182126 0.090041 
0.0099805 -0.018193 -1.25702e-05 -8.4159e-06 -0.018193 0.089605 -9.68845e-06 6.00848e-05 -1.25702e-05 -9.68845e-06 0.00989621 -0.0182704 -8.4159e-06 6.00848e-05 -0.0182704 0.0903503 
0.00999385 -0.018213 -4.10045e-05 1.34244e-05 -0.018213 0.0896904 1.49529e-05 1.90452e-06 -4.10045e-05 1.49529e-05 0.0099031 -0.0182785 1.34244e-05 1.90452e-06 -0.0182785 0.090433 
0.00999394 -0.0182151 -4.07111e-05 4.91877e-05 -0.0182151 0.0896907 5.31659e-05 -8.05339e-05 -4.07111e-05 5.31659e-05 0.00989863 -0.0182746 4.91877e-05 -8.05339e-05 -0.0182746 0.0904236 
0.0100038 -0.0182202 -3.46429e-05 4.714e-05 -0.0182202 0.0897159 5.38405e-05 -0.000115437 -3.46429e-05 5.38405e-05 0.00989124 -0.0182724 4.714e-05 -0.000115437 -0.0182724 0.0904323 
0.00999324 -0.0182244 -2.61209e-05 3.83195e-05 -0.0182244 0.0897191 4.90914e-05 -0.000113657 -2.61209e-05 4.90914e-05 0.00988812 -0.0182639 3.83195e-05 -0.000113657 -0.0182639 0.0904201 
0.00997992 -0.01819 -2.07416e-05 2.84514e-05 -0.01819 0.0895973 3.84675e-05 -9.49912e-05 -2.07416e-05 3.84675e-05 0.0098759 -0.0182397 2.84514e-05 -9.49912e-05 -0.0182397 0.0903086 
0.00994156 -0.0181571 -9.11442e-06 2.48526e-05 -0.0181571 0.0894344 3.28877e-05 -8.31131e-05 -9.11442e-06 3.28877e-05 0.00988436 -0.0182077 2.48526e-05 -8.31131e-05 -0.0182077 0.0901576 
0.00994621 -0.0181811 -6.52879e-06 1.31192e-05 -0.0181811 0.0896291 1.45667e-05 -5.75723e-05 -6.52879e-06 1.45667e-05 0.00992342 -0.0182787 1.31192e-05 -5.75723e-05 -0.0182787 0.0904182 
0.00992959 -0.0181559 8.05323e-06 1.15672e-05 -0.0181559 0.0895734 2.87211e-06 -3.17502e-05 8.05323e-06 2.87211e-06 0.00994645 -0.0182951 1.15672e-05 -3.17502e-05 -0.0182951 0.0904587 
0.00991349 -0.018116 2.57456e-05 -2.99187e-06 -0.018116 0.0894299 -1.9728e-05 6.93639e-06 2.57456e-05 -1.9728e-05 0.00995386 -0.0183086 -2.99187e-06 6.93639e-06 -0.0183086 0.09044 
0.00989715 -0.0180821 2.67512e-05 -2.30956e-05 -0.0180821 0.0892704 -4.22266e-05 5.77292e-05 2.67512e-05 -4.22266e-05 0.00995008 -0.0183091 -2.30956e-05 5.77292e-05 -0.0183091 0.0903941 
0.00989789 -0.0180266 1.13612e-05 -2.85208e-05 -0.0180266 0.0889943 -4.2675e-05 8.65014e-05 1.13612e-05 -4.2675e-05 0.00991942 -0.0182713 -2.85208e-05 8.65014e-05 -0.0182713 0.0901887 
0.00993499 -0.0180839 -7.06943e-06 -1.5694e-05 -0.0180839 0.0891456 -2.02518e-05 6.99775e-05 -7.06943e-06 -2.02518e-05 0.00993452 -0.0182927 -1.5694e-05 6.99775e-05 -0.0182927 0.0903174 
0.00995052 -0.0181257 -1.81702e-05 4.93496e-06 -0.0181257 0.0892683 8.02151e-06 1.91885e-05 -1.81702e-05 8.02151e-06 0.00993804 -0.0183102 4.93496e-06 1.91885e-05 -0.0183102 0.0903878 
0.00997466 -0.0181562 -3.07703e-05 2.17952e-05 -0.0181562 0.089411 2.52082e-05 -3.35289e-05 -3.07703e-05 2.52082e-05 0.00992948 -0.0183333 2.17952e-05 -3.35289e-05 -0.0183333 0.0905064 
0.00999261 -0.0181747 -2.21004e-05 3.62019e-05 -0.0181747 0.0894647 3.52414e-05 -6.76782e-05 -2.21004e-05 3.52414e-05 0.00990603 -0.0183166 3.62019e-05 -6.76782e-05 -0.0183166 0.0905099 
0.00996952 -0.0181442 -2.479e-05 2.42585e-05 -0.0181442 0.0892561 2.07208e-05 -5.68181e-05 -2.479e-05 2.07208e-05 0.00986504 -0.0182269 2.42585e-05 -5.68181e-05 -0.0182269 0.0901759 
0.00994374 -0.0181413 -2.53367e-05 2.39149e-05 -0.0181413 0.0892272 2.03679e-05 -3.94482e-05 -2.53367e-05 2.03679e-05 0.00986232 -0.0181881 2.39149e-05 -3.94482e-05 -0.0181881 0.090019 
0.00992285 -0.0180893 -1.79968e-05 2.43106e-05 -0.0180893 0.0890536 2.3974e-05 -3.96071e-05 -1.79968e-05 2.3974e-05 0.00983276 -0.0181545 2.43106e-05 -3.96071e-05 -0.0181545 0.0898084 
0.00992065 -0.0180176 -1.66561e-05 1.43225e-05 -0.0180176 0.0887035 1.67296e-05 -2.72177e-05 -1.66561e-05 1.67296e-05 0.00975446 -0.0180707 1.43225e-05 -2.72177e-05 -0.0180707 0.0894299 
0.00993301 -0.0180356 -7.20995e-06 1.1764e-05 -0.0180356 0.088635 1.61737e-05 -1.75139e-05 -7.20995e-06 1.61737e-05 0.00971093 -0.0179867 1.1764e-05 -1.75139e-05 -0.0179867 0.0891733 
0.00990574 -0.0180585 1.13634e-05 9.35774e-07 -0.0180585 0.0886522 1.12843e-05 -7.3525e-06 1.13634e-05 1.12843e-05 0.00970918 -0.0179234 9.35774e-07 -7.3525e-06 -0.0179234 0.0889368 
0.00988433 -0.018068 2.10373e-05 -2.07527e-05 -0.018068 0.088808 -8.16351e-06 2.59607e-05 2.10373e-05 -8.16351e-06 0.00974487 -0.017957 -2.07527e-05 2.59607e-05 -0.017957 0.0890118 
0.00986994 -0.0180497 1.07184e-05 -3.05787e-05 -0.0180497 0.0888726 -2.02899e-05 5.60023e-05 1.07184e-05 -2.02899e-05 0.0097769 -0.0180171 -3.05787e-05 5.60023e-05 -0.0180171 0.0891958 
0.00987544 -0.0180573 3.43064e-06 -1.98871e-05 -0.0180573 0.0890078 -1.2882e-05 5.76177e-05 3.43064e-06 -1.2882e-05 0.00981389 -0.0180925 -1.98871e-05 5.76177e-05 -0.0180925 0.0895131 
0.00988941 -0.0180891 -1.43673e-05 -5.61911e-06 -0.0180891 0.0892244 -2.50388e-06 2.9433e-05 -1.43673e-05 -2.50388e-06 0.0098593 -0.0181736 -5.61911e-06 2.9433e-05 -0.0181736 0.0898927 
0.0099189 -0.0181188 -9.46044e-06 1.98126e-05 -0.0181188 0.0894296 1.70266e-05 -1.83042e-05 -9.46044e-06 1.70266e-05 0.0098795 -0.0182483 1.98126e-05 -1.83042e-05 -0.0182483 0.0902394 
0.00991127 -0.018095 3.47628e-06 1.69326e-05 -0.018095 0.0893033 1.25417e-05 -3.73326e-05 3.47628e-06 1.25417e-05 0.00986228 -0.0182197 1.69326e-05 -3.73326e-05 -0.0182197 0.0901711 
0.00990551 -0.0180654 8.62321e-06 1.75402e-06 -0.0180654 0.0891385 -2.69418e-06 -1.89057e-05 8.62321e-06 -2.69418e-06 0.00983579 -0.0181737 1.75402e-06 -1.89057e-05 -0.0181737 0.0899899 
0.00988576 -0.0180464 2.14554e-05 -8.23112e-06 -0.0180464 0.0889956 -1.07029e-05 8.27488e-06 2.14554e-05 -1.07029e-05 0.0098252 -0.0181267 -8.23112e-06 8.27488e-06 -0.0181267 0.0897924 
0.00984488 -0.0180059 1.86175e-05 -2.63572e-05 -0.0180059 0.0888019 -2.75813e-05 4.84178e-05 1.86175e-05 -2.75813e-05 0.00981739 -0.0180847 -2.63572e-05 4.84178e-05 -0.0180847 0.0895536 
0.00979147 -0.0179422 5.8436e-06 -2.31021e-05 -0.0179422 0.0885629 -2.76922e-05 6.56194e-05 5.8436e-06 -2.76922e-05 0.00981663 -0.0180574 -2.31021e-05 6.56194e-05 -0.0180574 0.0893487 
0.00978274 -0.0178909 -1.14774e-05 -4.23693e-06 -0.0178909 0.0884138 -1.28341e-05 4.19254e-05 -1.14774e-05 -1.28341e-05 0.00979961 -0.0180672 -4.23693e-06 4.19254e-05 -0.0180672 0.089311 
0.00976906 -0.0178628 -2.13809e-05 1.78612e-05 -0.0178628 0.088246 8.23713e-06 -4.82668e-06 -2.13809e-05 8.23713e-06 0.00978095 -0.0180323 1.78612e-05 -4.82668e-06 -0.0180323 0.0891884 
0.0097716 -0.017866 -1.88302e-05 2.97918e-05 -0.017866 0.088246 2.46571e-05 -4.86738e-05 -1.88302e-05 2.46571e-05 0.00978012 -0.0180262 2.97918e-05 -4.86738e-05 -0.0180262 0.0891736 
0.00976797 -0.0178339 -2.16492e-05 2.59589e-05 -0.0178339 0.0880679 2.52168e-05 -6.48343e-05 -2.16492e-05 2.52168e-05 0.0097535 -0.0179823 2.59589e-05 -6.48343e-05 -0.0179823 0.0889578 
0.00978139 -0.017862 -1.64658e-05 2.65418e-05 -0.017862 0.0881309 2.82374e-05 -6.84019e-05 -1.64658e-05 2.82374e-05 0.00974167 -0.0179773 2.65418e-05 -6.84019e-05 -0.0179773 0.0889483 
0.00978445 -0.0178618 -6.32158e-06 1.7485e-05 -0.0178618 0.0881006 1.98329e-05 -5.29496e-05 -6.32158e-06 1.98329e-05 0.00972024 -0.0179478 1.7485e-05 -5.29496e-05 -0.0179478 0.0888398 
0.0097895 -0.0178679 8.98544e-07 9.06301e-07 -0.0178679 0.0881043 4.1661e-06 -1.39657e-05 8.98544e-07 4.1661e-06 0.00970221 -0.017928 9.06301e-07 -1.39657e-05 -0.017928 0.0887747 
0.00979875 -0.0179091 -4.15434e-06 -1.03932e-05 -0.0179091 0.0882932 -6.90562e-06 2.47284e-05 -4.15434e-06 -6.90562e-06 0.00971806 -0.0179494 -1.03932e-05 2.47284e-05 -0.0179494 0.0889184 
0.00976671 -0.0178467 -1.73556e-05 -4.9683e-06 -0.0178467 0.0880323 -2.73342e-06 3.47979e-05 -1.73556e-05 -2.73342e-06 0.00968759 -0.0178943 -4.9683e-06 3.47979e-05 -0.0178943 0.0886499 
0.00972059 -0.0177609 -2.36782e-05 1.30547e-05 -0.0177609 0.087616 1.3987e-05 7.99215e-06 -2.36782e-05 1.3987e-05 0.00964225 -0.0178055 1.30547e-05 7.99215e-06 -0.0178055 0.088225 
0.00971245 -0.0177145 -2.68829e-05 2.28166e-05 -0.0177145 0.0873875 2.22681e-05 -2.04896e-05 -2.68829e-05 2.22681e-05 0.00960513 -0.0177585 2.28166e-05 -2.04896e-05 -0.0177585 0.0879866 
0.00971105 -0.0177163 -3.35687e-05 3.22737e-05 -0.0177163 0.0873176 2.85517e-05 -4.88501e-05 -3.35687e-05 2.85517e-05 0.00958349 -0.0177197 3.22737e-05 -4.88501e-05 -0.0177197 0.0878436 
0.00972972 -0.0177568 -2.46993e-05 4.08973e-05 -0.0177568 0.0874753 3.38977e-05 -7.00106e-05 -2.46993e-05 3.38977e-05 0.00957447 -0.0177199 4.08973e-05 -7.00106e-05 -0.0177199 0.087881 
0.0097191 -0.0177638 -1.85531e-05 3.0714e-05 -0.0177638 0.0874963 2.28672e-05 -6.20816e-05 -1.85531e-05 2.28672e-05 0.00956837 -0.0176856 3.0714e-05 -6.20816e-05 -0.0176856 0.0877722 
0.00972918 -0.0177901 -1.53851e-05 2.27374e-05 -0.0177901 0.0876784 1.49449e-05 -4.15828e-05 -1.53851e-05 1.49449e-05 0.00958048 -0.0177179 2.27374e-05 -4.15828e-05 -0.0177179 0.08791 
0.00975156 -0.0178119 -2.44766e-05 1.16466e-05 -0.0178119 0.0878287 6.75211e-06 -1.2388e-05 -2.44766e-05 6.75211e-06 0.00959389 -0.0177459 1.16466e-05 -1.2388e-05 -0.0177459 0.0880641 
0.00974599 -0.0178063 -2.20844e-05 1.9228e-05 -0.0178063 0.0877827 1.64981e-05 -1.01708e-05 -2.20844e-05 1.64981e-05 0.00960305 -0.0177325 1.9228e-05 -1.01708e-05 -0.0177325 0.0880126 
0.00972727 -0.0178227 -1.84291e-05 1.78205e-05 -0.0178227 0.0878708 1.79066e-05 -1.42736e-05 -1.84291e-05 1.79066e-05 0.00965456 -0.0177662 1.78205e-05 -1.42736e-05 -0.0177662 0.0881194 
0.00972158 -0.0178114 -2.46208e-05 1.34934e-05 -0.0178114 0.0879299 1.29156e-05 -7.50252e-06 -2.46208e-05 1.29156e-05 0.00969297 -0.0178421 1.34934e-05 -7.50252e-06 -0.0178421 0.088327 
0.00972427 -0.0178145 -2.97848e-05 2.39932e-05 -0.0178145 0.0880016 1.91121e-05 -1.7602e-05 -2.97848e-05 1.91121e-05 0.00972706 -0.0179102 2.39932e-05 -1.7602e-05 -0.0179102 0.0885883 
0.00976921 -0.0178588 -2.23448e-05 2.81458e-05 -0.0178588 0.0882506 2.02438e-05 -2.2253e-05 -2.23448e-05 2.02438e-05 0.00975188 -0.0179977 2.81458e-05 -2.2253e-05 -0.0179977 0.0889873 
0.00979727 -0.0178937 -8.33841e-06 1.48507e-05 -0.0178937 0.0883538 1.05144e-05 -1.7138e-06 -8.33841e-06 1.05144e-05 0.0097438 -0.0180049 1.48507e-05 -1.7138e-06 -0.0180049 0.0891024 
0.00980791 -0.0179051 1.42075e-05 -1.38044e-06 -0.0179051 0.0883462 -4.35936e-06 3.17178e-05 1.42075e-05 -4.35936e-06 0.00972172 -0.0179671 -1.38044e-06 3.17178e-05 -0.0179671 0.0890026 
0.00979797 -0.0179196 2.91055e-05 -2.85489e-05 -0.0179196 0.0883658 -3.26644e-05 8.98824e-05 2.91055e-05 -3.26644e-05 0.00972772 -0.0179358 -2.85489e-05 8.98824e-05 -0.0179358 0.0889005 
0.00977081 -0.0178939 2.84499e-05 -5.25525e-05 -0.0178939 0.0882832 -5.40722e-05 0.00015726 2.84499e-05 -5.40722e-05 0.00975076 -0.017927 -5.25525e-05 0.00015726 -0.017927 0.0887914 
0.00976202 -0.017895 2.01785e-05 -5.48382e-05 -0.017895 0.0883748 -5.15656e-05 0.000183935 2.01785e-05 -5.15656e-05 0.00980109 -0.0180069 -5.48382e-05 0.000183935 -0.0180069 0.089028 
