0.00661882 0 -7.36619e-05 0 0 0.00938842 0 0 -7.36619e-05 0 0.00662346 0 0 0 0 0.00938842 
0.00970826 -0.0120508 -7.8043e-05 9.36614e-05 -0.0120508 0.0320208 9.36614e-05 -0.000179825 -7.8043e-05 9.36614e-05 0.009711 -0.0120523 9.36614e-05 -0.000179825 -0.0120523 0.0320235 
0.00918044 -0.0170752 -1.33823e-05 1.39712e-05 -0.0170752 0.0629572 1.39712e-05 -1.91584e-05 -1.33823e-05 1.39712e-05 0.00912668 -0.0170422 1.39712e-05 -1.91584e-05 -0.0170422 0.0628435 
0.00870746 -0.0168343 2.60749e-05 -0.000151194 -0.0168343 0.0754563 -0.000141852 0.000731807 2.60749e-05 -0.000141852 0.00864902 -0.0167382 -0.000151194 0.000731807 -0.0167382 0.0751819 
0.0092077 -0.0172674 -5.38409e-06 -0.000198187 -0.0172674 0.083329 -0.000180569 0.00117361 -5.38409e-06 -0.000180569 0.00917811 -0.017167 -0.000198187 0.00117361 -0.017167 0.0829927 
0.00889479 -0.0164288 -3.62234e-05 -0.000110869 -0.0164288 0.0807717 -9.54569e-05 0.000941481 -3.62234e-05 -9.54569e-05 0.00894142 -0.0163784 -0.000110869 0.000941481 -0.0163784 0.0805338 
0.00936378 -0.0171821 -6.57753e-05 -4.75386e-05 -0.0171821 0.084851 -3.65019e-05 0.000660653 -6.57753e-05 -3.65019e-05 0.00942646 -0.0172405 -4.75386e-05 0.000660653 -0.0172405 0.0848454 
0.00907576 -0.0165985 -7.3747e-05 -4.2017e-06 -0.0165985 0.0820291 2.62142e-06 0.000410825 -7.3747e-05 2.62142e-06 0.00911925 -0.016693 -4.2017e-06 0.000410825 -0.016693 0.082222 
0.00960229 -0.0175335 -6.4673e-05 6.69543e-06 -0.0175335 0.0865759 8.62475e-06 0.000327503 -6.4673e-05 8.62475e-06 0.00961464 -0.0176124 6.69543e-06 0.000327503 -0.0176124 0.0868247 
0.00953892 -0.0173887 -3.65668e-05 -1.42866e-05 -0.0173887 0.0857526 -1.5455e-05 0.000332116 -3.65668e-05 -1.5455e-05 0.00948136 -0.0174229 -1.42866e-05 0.000332116 -0.0174229 0.0859361 
0.00945842 -0.0172773 -2.5349e-05 -4.96983e-05 -0.0172773 0.0850623 -4.93583e-05 0.000399997 -2.5349e-05 -4.93583e-05 0.0093796 -0.0172179 -4.96983e-05 0.000399997 -0.0172179 0.08506 
0.00941577 -0.0172359 -2.81705e-05 -6.78856e-05 -0.0172359 0.0848514 -6.46295e-05 0.000464057 -2.81705e-05 -6.46295e-05 0.00934695 -0.0171393 -6.78856e-05 0.000464057 -0.0171393 0.0846893 
0.0093292 -0.0171429 -2.38117e-05 -6.39063e-05 -0.0171429 0.0844492 -6.13333e-05 0.00048142 -2.38117e-05 -6.13333e-05 0.00933488 -0.0170511 -6.39063e-05 0.00048142 -0.0170511 0.0842277 
0.00930886 -0.0171158 -2.05314e-05 -6.1748e-05 -0.0171158 0.0844796 -6.53589e-05 0.000479855 -2.05314e-05 -6.53589e-05 0.00936618 -0.0171162 -6.1748e-05 0.000479855 -0.0171162 0.0843862 
0.0092815 -0.0170623 -2.03299e-05 -6.25042e-05 -0.0170623 0.0843226 -7.07161e-05 0.000482001 -2.03299e-05 -7.07161e-05 0.00937796 -0.0171423 -6.25042e-05 0.000482001 -0.0171423 0.0844432 
0.0092969 -0.0170273 -2.16272e-05 -6.40963e-05 -0.0170273 0.0842029 -7.01716e-05 0.000482289 -2.16272e-05 -7.01716e-05 0.00935698 -0.0171618 -6.40963e-05 0.000482289 -0.0171618 0.0845033 
0.00929654 -0.0170293 -2.62045e-05 -6.33649e-05 -0.0170293 0.0840953 -6.70728e-05 0.000478066 -2.62045e-05 -6.70728e-05 0.00933207 -0.0171161 -6.33649e-05 0.000478066 -0.0171161 0.0843884 
0.0092852 -0.0170381 -3.05575e-05 -5.28951e-05 -0.0170381 0.0840958 -5.71476e-05 0.000453737 -3.05575e-05 -5.71476e-05 0.00932769 -0.0170894 -5.28951e-05 0.000453737 -0.0170894 0.0843012 
0.00926077 -0.0169978 -3.6114e-05 -4.29684e-05 -0.0169978 0.0839273 -4.82631e-05 0.000421292 -3.6114e-05 -4.82631e-05 0.00930427 -0.0170431 -4.29684e-05 0.000421292 -0.0170431 0.0840663 
0.00925291 -0.0169435 -2.91392e-05 -3.23479e-05 -0.0169435 0.0836739 -3.9096e-05 0.000386647 -2.91392e-05 -3.9096e-05 0.00925177 -0.0169838 -3.23479e-05 0.000386647 -0.0169838 0.0837747 
0.00925712 -0.0169529 -3.54545e-05 -3.82088e-05 -0.0169529 0.083624 -4.6521e-05 0.000378932 -3.54545e-05 -4.6521e-05 0.00921744 -0.016929 -3.82088e-05 0.000378932 -0.016929 0.0835955 
0.00922992 -0.0169474 -1.85474e-05 -3.37246e-05 -0.0169474 0.0835573 -4.01319e-05 0.000373707 -1.85474e-05 -4.01319e-05 0.00919129 -0.0168727 -3.37246e-05 0.000373707 -0.0168727 0.0833775 
0.00920693 -0.016882 -1.23025e-05 -5.42179e-05 -0.016882 0.0833132 -5.73488e-05 0.000394648 -1.23025e-05 -5.73488e-05 0.00915647 -0.0168104 -5.42179e-05 0.000394648 -0.0168104 0.0830795 
0.00919562 -0.0168405 -1.89404e-05 -6.59821e-05 -0.0168405 0.0830969 -6.52904e-05 0.000424952 -1.89404e-05 -6.52904e-05 0.00912321 -0.0167645 -6.59821e-05 0.000424952 -0.0167645 0.0828571 
0.00915723 -0.0168265 -9.45775e-06 -5.67855e-05 -0.0168265 0.082975 -5.53018e-05 0.000419743 -9.45775e-06 -5.53018e-05 0.00912174 -0.0167225 -5.67855e-05 0.000419743 -0.0167225 0.0826868 
0.00916252 -0.0168314 -1.15101e-05 -6.25201e-05 -0.0168314 0.0830917 -6.34425e-05 0.000417909 -1.15101e-05 -6.34425e-05 0.00913489 -0.0167622 -6.25201e-05 0.000417909 -0.0167622 0.0828195 
0.00916694 -0.0168575 -1.76845e-05 -6.13942e-05 -0.0168575 0.0832511 -6.39339e-05 0.000421756 -1.76845e-05 -6.39339e-05 0.00915219 -0.0168042 -6.13942e-05 0.000421756 -0.0168042 0.0830312 
0.00916017 -0.0168258 -2.21904e-05 -5.17109e-05 -0.0168258 0.0831568 -5.52299e-05 0.000404374 -2.21904e-05 -5.52299e-05 0.00914331 -0.0167897 -5.17109e-05 0.000404374 -0.0167897 0.082983 
0.0091624 -0.0168367 -3.16194e-05 -4.29659e-05 -0.0168367 0.0831936 -4.62612e-05 0.000376334 -3.16194e-05 -4.62612e-05 0.00916373 -0.0167923 -4.29659e-05 0.000376334 -0.0167923 0.0830209 
0.00914166 -0.016821 -3.88716e-05 -3.28977e-05 -0.016821 0.0831289 -3.5274e-05 0.00034906 -3.88716e-05 -3.5274e-05 0.00918482 -0.016798 -3.28977e-05 0.00034906 -0.016798 0.082981 
0.00913088 -0.016789 -2.92266e-05 -2.60177e-05 -0.016789 0.0830298 -2.39775e-05 0.000322988 -2.92266e-05 -2.39775e-05 0.00918465 -0.0168195 -2.60177e-05 0.000322988 -0.0168195 0.0829801 
0.00912743 -0.0167748 -1.8831e-05 -4.09596e-05 -0.0167748 0.0829705 -3.22651e-05 0.000329773 -1.8831e-05 -3.22651e-05 0.00917966 -0.0168335 -4.09596e-05 0.000329773 -0.0168335 0.0830319 
0.00913793 -0.0167911 1.32379e-07 -5.59076e-05 -0.0167911 0.0830484 -4.5905e-05 0.000361805 1.32379e-07 -4.5905e-05 0.0091888 -0.0168552 -5.59076e-05 0.000361805 -0.0168552 0.0831724 
0.00913017 -0.0167722 -6.42612e-06 -7.60356e-05 -0.0167722 0.082959 -6.77421e-05 0.000405262 -6.42612e-06 -6.77421e-05 0.00917592 -0.0168418 -7.60356e-05 0.000405262 -0.0168418 0.0831234 
0.0091443 -0.0167786 -2.40554e-05 -6.86406e-05 -0.0167786 0.0829772 -6.22247e-05 0.000416939 -2.40554e-05 -6.22247e-05 0.00916415 -0.0168366 -6.86406e-05 0.000416939 -0.0168366 0.083136 
0.00917034 -0.0168184 -2.77639e-05 -4.30757e-05 -0.0168184 0.083125 -3.9574e-05 0.000376396 -2.77639e-05 -3.9574e-05 0.00916042 -0.0168451 -4.30757e-05 0.000376396 -0.0168451 0.0832335 
0.00917216 -0.0168217 -2.41433e-05 -3.25522e-05 -0.0168217 0.083109 -3.37987e-05 0.000338277 -2.41433e-05 -3.37987e-05 0.00914931 -0.0168162 -3.25522e-05 0.000338277 -0.0168162 0.0831492 
0.00917059 -0.0168063 -2.72901e-05 -3.35456e-05 -0.0168063 0.0830182 -3.78419e-05 0.000325612 -2.72901e-05 -3.78419e-05 0.00913022 -0.0167853 -3.35456e-05 0.000325612 -0.0167853 0.083008 
0.00914681 -0.0167871 -2.69033e-05 -3.05847e-05 -0.0167871 0.0828863 -3.50223e-05 0.00031876 -2.69033e-05 -3.50223e-05 0.00912196 -0.0167463 -3.05847e-05 0.00031876 -0.0167463 0.0828316 
0.00913458 -0.0167625 -3.35151e-05 -3.00159e-05 -0.0167625 0.0827986 -3.31188e-05 0.000310388 -3.35151e-05 -3.31188e-05 0.00911518 -0.0167391 -3.00159e-05 0.000310388 -0.0167391 0.0827507 
0.00909814 -0.0167161 -5.41251e-05 -2.31699e-05 -0.0167161 0.0825712 -2.45913e-05 0.000295283 -5.41251e-05 -2.45913e-05 0.00910729 -0.0166942 -2.31699e-05 0.000295283 -0.0166942 0.0825272 
0.00906114 -0.0166905 -4.33811e-05 7.77505e-07 -0.0166905 0.0824836 -7.3241e-07 0.000253376 -4.33811e-05 -7.3241e-07 0.00912924 -0.016696 7.77505e-07 0.000253376 -0.016696 0.0824688 
0.00903491 -0.0166255 -3.91436e-05 -6.16764e-06 -0.0166255 0.0822643 -9.22218e-06 0.000237846 -3.91436e-05 -9.22218e-06 0.00911813 -0.0166946 -6.16764e-06 0.000237846 -0.0166946 0.0823484 
0.00904622 -0.0166165 -3.10194e-05 -1.34e-05 -0.0166165 0.0822271 -1.70783e-05 0.000250793 -3.10194e-05 -1.70783e-05 0.00910821 -0.0167053 -1.34e-05 0.000250793 -0.0167053 0.0823862 
0.00909691 -0.0166968 -2.07779e-05 -2.282e-05 -0.0166968 0.0825668 -2.94027e-05 0.000275445 -2.07779e-05 -2.94027e-05 0.00912036 -0.0167618 -2.282e-05 0.000275445 -0.0167618 0.082712 
0.00908558 -0.0166907 -2.21109e-05 -3.29934e-05 -0.0166907 0.082479 -4.36647e-05 0.000303473 -2.21109e-05 -4.36647e-05 0.0090957 -0.0167015 -3.29934e-05 0.000303473 -0.0167015 0.0825152 
0.00908965 -0.0166829 -2.25437e-05 -3.16576e-05 -0.0166829 0.0824397 -4.25689e-05 0.000313806 -2.25437e-05 -4.25689e-05 0.00907465 -0.0166669 -3.16576e-05 0.000313806 -0.0166669 0.0823671 
0.00906769 -0.0166657 -3.48911e-05 -3.48373e-05 -0.0166657 0.0823168 -4.1549e-05 0.000318689 -3.48911e-05 -4.1549e-05 0.00906078 -0.0166201 -3.48373e-05 0.000318689 -0.0166201 0.0821592 
0.00904607 -0.0166482 -4.19454e-05 -2.45347e-05 -0.0166482 0.0822605 -2.55818e-05 0.000303508 -4.19454e-05 -2.55818e-05 0.00905804 -0.0166103 -2.45347e-05 0.000303508 -0.0166103 0.0820751 
0.00904527 -0.0166817 -1.91246e-05 -1.67223e-05 -0.0166817 0.082486 -1.35124e-05 0.000278792 -1.91246e-05 -1.35124e-05 0.00909668 -0.0166672 -1.67223e-05 0.000278792 -0.0166672 0.0823337 
0.00906848 -0.0166803 8.68593e-06 -4.28563e-05 -0.0166803 0.0825911 -3.8063e-05 0.000304317 8.68593e-06 -3.8063e-05 0.00909763 -0.0167172 -4.28563e-05 0.000304317 -0.0167172 0.0825417 
0.0090782 -0.0166696 1.43995e-05 -7.50395e-05 -0.0166696 0.0825087 -7.13321e-05 0.000368837 1.43995e-05 -7.13321e-05 0.0090842 -0.0166936 -7.50395e-05 0.000368837 -0.0166936 0.0825069 
0.00910712 -0.0166977 -1.62459e-05 -7.93093e-05 -0.0166977 0.0825767 -7.88574e-05 0.00040598 -1.62459e-05 -7.88574e-05 0.00908311 -0.0166899 -7.93093e-05 0.00040598 -0.0166899 0.08253 
0.00913869 -0.0167482 -3.43751e-05 -4.07669e-05 -0.0167482 0.0827398 -4.22972e-05 0.000358855 -3.43751e-05 -4.22972e-05 0.00909086 -0.0167058 -4.07669e-05 0.000358855 -0.0167058 0.0826226 
0.00914275 -0.0167486 -4.74494e-05 -1.3587e-05 -0.0167486 0.082687 -1.58618e-05 0.0002818 -4.74494e-05 -1.58618e-05 0.00908044 -0.0166807 -1.3587e-05 0.0002818 -0.0166807 0.0825061 
0.00914872 -0.0167678 -4.01915e-05 5.6398e-07 -0.0167678 0.0827293 -2.09841e-06 0.000232294 -4.01915e-05 -2.09841e-06 0.00908471 -0.016678 5.6398e-07 0.000232294 -0.016678 0.0824848 
0.00918322 -0.0168421 -1.40355e-05 -1.26402e-05 -0.0168421 0.0830866 -1.28832e-05 0.000238497 -1.40355e-05 -1.28832e-05 0.00911472 -0.0167536 -1.26402e-05 0.000238497 -0.0167536 0.0828229 
0.0091829 -0.0168283 -3.44809e-06 -5.04921e-05 -0.0168283 0.0830346 -4.7252e-05 0.000307738 -3.44809e-06 -4.7252e-05 0.00910742 -0.0167364 -5.04921e-05 0.000307738 -0.0167364 0.0827655 
0.00917635 -0.0168772 -8.32282e-06 -7.03589e-05 -0.0168772 0.0832381 -6.5438e-05 0.000379625 -8.32282e-06 -6.5438e-05 0.00914425 -0.0167635 -7.03589e-05 0.000379625 -0.0167635 0.082916 
0.00916421 -0.0169029 -1.28983e-05 -6.57257e-05 -0.0169029 0.0834794 -6.43168e-05 0.000407609 -1.28983e-05 -6.43168e-05 0.00919284 -0.0168332 -6.57257e-05 0.000407609 -0.0168332 0.0831866 
0.00916004 -0.016861 -3.53549e-05 -5.87594e-05 -0.016861 0.0834404 -6.02587e-05 0.000406219 -3.53549e-05 -6.02587e-05 0.00920358 -0.0168735 -5.87594e-05 0.000406219 -0.0168735 0.0833061 
0.00916684 -0.016875 -4.956e-05 -3.20349e-05 -0.016875 0.0835211 -3.28875e-05 0.000364539 -4.956e-05 -3.28875e-05 0.00923335 -0.0169112 -3.20349e-05 0.000364539 -0.0169112 0.0835029 
0.0091807 -0.0169 -4.7909e-05 -1.27205e-05 -0.0169 0.0836593 -1.36386e-05 0.000311422 -4.7909e-05 -1.36386e-05 0.00926349 -0.0169577 -1.27205e-05 0.000311422 -0.0169577 0.0837046 
0.00922035 -0.0169325 -4.6886e-05 -9.7013e-06 -0.0169325 0.0838329 -1.50732e-05 0.000285901 -4.6886e-05 -1.50732e-05 0.00927456 -0.0170099 -9.7013e-06 0.000285901 -0.0170099 0.0839315 
0.00920891 -0.0169335 -4.17977e-05 -9.50185e-06 -0.0169335 0.083766 -1.84285e-05 0.000281428 -4.17977e-05 -1.84285e-05 0.00928448 -0.0169844 -9.50185e-06 0.000281428 -0.0169844 0.0838557 
0.00920478 -0.0168832 -4.38013e-05 -1.78531e-05 -0.0168832 0.0835386 -2.43052e-05 0.000290946 -4.38013e-05 -2.43052e-05 0.00925951 -0.0169592 -1.78531e-05 0.000290946 -0.0169592 0.0836521 
0.00923357 -0.0169019 -4.79991e-05 -1.73092e-05 -0.0169019 0.0835383 -1.93478e-05 0.000292295 -4.79991e-05 -1.93478e-05 0.00923903 -0.0169553 -1.73092e-05 0.000292295 -0.0169553 0.0836403 
0.00925553 -0.016949 -4.76429e-05 -1.23309e-05 -0.016949 0.083635 -1.20071e-05 0.000281474 -4.76429e-05 -1.20071e-05 0.00922508 -0.0169288 -1.23309e-05 0.000281474 -0.0169288 0.0835939 
0.00927723 -0.0169911 -3.69843e-05 -1.22479e-05 -0.0169911 0.0837858 -1.32017e-05 0.000277411 -3.69843e-05 -1.32017e-05 0.00922062 -0.0169208 -1.22479e-05 0.000277411 -0.0169208 0.0835881 
0.00928707 -0.0170546 -4.22117e-05 -2.79056e-05 -0.0170546 0.084063 -3.01488e-05 0.000307147 -4.22117e-05 -3.01488e-05 0.00925142 -0.016946 -2.79056e-05 0.000307147 -0.016946 0.0837342 
0.00930489 -0.017093 -3.87627e-05 -2.7329e-05 -0.017093 0.0843311 -2.57609e-05 0.00032521 -3.87627e-05 -2.57609e-05 0.00929002 -0.0170096 -2.7329e-05 0.00032521 -0.0170096 0.0839877 
0.00933 -0.0170962 -3.72326e-05 -3.59984e-05 -0.0170962 0.0843984 -2.87926e-05 0.000339792 -3.72326e-05 -2.87926e-05 0.00930199 -0.0170476 -3.59984e-05 0.000339792 -0.0170476 0.0841277 
0.00934123 -0.0171072 -2.72726e-05 -4.2797e-05 -0.0171072 0.0843827 -3.322e-05 0.000361225 -2.72726e-05 -3.322e-05 0.00929741 -0.0170456 -4.2797e-05 0.000361225 -0.0170456 0.0841292 
0.00935488 -0.0171602 -1.64134e-05 -5.89421e-05 -0.0171602 0.084596 -4.99707e-05 0.00040237 -1.64134e-05 -4.99707e-05 0.00932286 -0.0170803 -5.89421e-05 0.00040237 -0.0170803 0.0843148 
0.00938182 -0.0171811 -1.29245e-05 -7.08451e-05 -0.0171811 0.0847299 -6.8211e-05 0.000448761 -1.29245e-05 -6.8211e-05 0.00932566 -0.0171082 -7.08451e-05 0.000448761 -0.0171082 0.0844382 
0.00935725 -0.0172024 -8.53778e-06 -7.16173e-05 -0.0172024 0.084786 -7.72347e-05 0.000476458 -8.53778e-06 -7.72347e-05 0.00935537 -0.0171009 -7.16173e-05 0.000476458 -0.0171009 0.0844493 
0.00934951 -0.0171998 1.45634e-06 -7.42969e-05 -0.0171998 0.0849015 -8.40289e-05 0.000494164 1.45634e-06 -8.40289e-05 0.00938837 -0.0171608 -7.42969e-05 0.000494164 -0.0171608 0.0846307 
0.00932289 -0.0171348 -2.00186e-05 -8.71544e-05 -0.0171348 0.0846673 -9.56917e-05 0.000518979 -2.00186e-05 -9.56917e-05 0.00937868 -0.0171526 -8.71544e-05 0.000518979 -0.0171526 0.0845388 
0.00930636 -0.0171267 -3.5979e-05 -6.40211e-05 -0.0171267 0.0846321 -6.8263e-05 0.000492679 -3.5979e-05 -6.8263e-05 0.00940455 -0.0171614 -6.40211e-05 0.000492679 -0.0171614 0.084585 
0.00931539 -0.0170956 -5.04844e-05 -4.52626e-05 -0.0170956 0.0845384 -4.59504e-05 0.000443033 -5.04844e-05 -4.59504e-05 0.00938915 -0.0171813 -4.52626e-05 0.000443033 -0.0171813 0.0845935 
0.0093327 -0.0170866 -5.57659e-05 -2.68823e-05 -0.0170866 0.0844184 -2.87392e-05 0.000393916 -5.57659e-05 -2.87392e-05 0.00936031 -0.0171473 -2.68823e-05 0.000393916 -0.0171473 0.0844882 
0.00936217 -0.0171534 -5.34901e-05 -1.63647e-05 -0.0171534 0.0846243 -2.27319e-05 0.000361155 -5.34901e-05 -2.27319e-05 0.00938418 -0.0171569 -1.63647e-05 0.000361155 -0.0171569 0.0845982 
0.00940775 -0.0172194 -3.75074e-05 -1.95468e-05 -0.0172194 0.0849159 -2.64097e-05 0.00035493 -3.75074e-05 -2.64097e-05 0.00940162 -0.01721 -1.95468e-05 0.00035493 -0.01721 0.0848108 
0.00940966 -0.0172744 -2.07548e-05 -3.91029e-05 -0.0172744 0.085117 -4.45295e-05 0.000383373 -2.07548e-05 -4.45295e-05 0.00942421 -0.0172251 -3.91029e-05 0.000383373 -0.0172251 0.0849181 
0.00942318 -0.0173077 -3.96795e-06 -6.35766e-05 -0.0173077 0.0853563 -6.97211e-05 0.000442453 -3.96795e-06 -6.97211e-05 0.00944688 -0.0172761 -6.35766e-05 0.000442453 -0.0172761 0.0851297 
0.0094467 -0.0173034 -5.94939e-06 -8.37643e-05 -0.0173034 0.085388 -9.22921e-05 0.000502297 -5.94939e-06 -9.22921e-05 0.00942956 -0.0172859 -8.37643e-05 0.000502297 -0.0172859 0.0851832 
0.00944459 -0.0173112 -1.76663e-05 -8.50353e-05 -0.0173112 0.0853444 -9.09882e-05 0.000529824 -1.76663e-05 -9.09882e-05 0.00941556 -0.0172398 -8.50353e-05 0.000529824 -0.0172398 0.0850596 
0.00938153 -0.0172358 -3.45455e-05 -6.91168e-05 -0.0172358 0.0849533 -6.90428e-05 0.000500142 -3.45455e-05 -6.90428e-05 0.00938631 -0.0171327 -6.91168e-05 0.000500142 -0.0171327 0.0845517 
0.00933034 -0.0171495 -4.65952e-05 -4.76926e-05 -0.0171495 0.084607 -4.58197e-05 0.000447269 -4.65952e-05 -4.58197e-05 0.00936985 -0.0170891 -4.76926e-05 0.000447269 -0.0170891 0.0842261 
0.00930119 -0.017088 -5.05198e-05 -3.0304e-05 -0.017088 0.0843613 -3.03055e-05 0.000397185 -5.05198e-05 -3.03055e-05 0.00934747 -0.0170833 -3.0304e-05 0.000397185 -0.0170833 0.0841046 
0.00927706 -0.0170067 -4.82508e-05 -2.35303e-05 -0.0170067 0.0839785 -2.52958e-05 0.000366778 -4.82508e-05 -2.52958e-05 0.00930109 -0.0170244 -2.35303e-05 0.000366778 -0.0170244 0.0838296 
0.00926332 -0.0169848 -4.93753e-05 -2.4817e-05 -0.0169848 0.0837929 -2.98259e-05 0.000361945 -4.93753e-05 -2.98259e-05 0.00927695 -0.0169743 -2.4817e-05 0.000361945 -0.0169743 0.0836396 
0.009258 -0.0170269 -5.2407e-05 -2.05446e-05 -0.0170269 0.0839671 -2.87454e-05 0.000356739 -5.2407e-05 -2.87454e-05 0.00931341 -0.0169981 -2.05446e-05 0.000356739 -0.0169981 0.0837684 
0.00929876 -0.0170908 -6.4143e-05 -1.53035e-05 -0.0170908 0.0843785 -2.32459e-05 0.000343235 -6.4143e-05 -2.32459e-05 0.00935671 -0.0171109 -1.53035e-05 0.000343235 -0.0171109 0.0842322 
0.00932592 -0.0171328 -6.20583e-05 -1.0312e-06 -0.0171328 0.0846065 -4.17365e-06 0.000306614 -6.20583e-05 -4.17365e-06 0.00937875 -0.0171617 -1.0312e-06 0.000306614 -0.0171617 0.0845159 
0.009337 -0.0171295 -5.42283e-05 -5.5043e-06 -0.0171295 0.084593 -2.77309e-06 0.000289581 -5.42283e-05 -2.77309e-06 0.00937146 -0.0171543 -5.5043e-06 0.000289581 -0.0171543 0.084515 
0.00934676 -0.0171393 -5.6081e-05 -1.98788e-05 -0.0171393 0.0845893 -1.29329e-05 0.000307937 -5.6081e-05 -1.29329e-05 0.00936366 -0.0171362 -1.98788e-05 0.000307937 -0.0171362 0.0844637 
0.00934355 -0.017097 -5.1501e-05 -2.06915e-05 -0.017097 0.0843387 -1.24251e-05 0.000321017 -5.1501e-05 -1.24251e-05 0.00932204 -0.0170699 -2.06915e-05 0.000321017 -0.0170699 0.0841505 
0.00935817 -0.01714 -4.11786e-05 -2.61691e-05 -0.01714 0.0844533 -1.78304e-05 0.000333427 -4.11786e-05 -1.78304e-05 0.00932615 -0.0170733 -2.61691e-05 0.000333427 -0.0170733 0.084189 
0.00935479 -0.0171544 -3.95587e-05 -3.71943e-05 -0.0171544 0.0845156 -3.3596e-05 0.000361944 -3.95587e-05 -3.3596e-05 0.00933341 -0.0170774 -3.71943e-05 0.000361944 -0.0170774 0.0842039 
0.0093604 -0.0171545 -3.84327e-05 -3.85489e-05 -0.0171545 0.0845429 -4.06555e-05 0.000385167 -3.84327e-05 -4.06555e-05 0.00933478 -0.0170844 -3.85489e-05 0.000385167 -0.0170844 0.0842212 
0.00938892 -0.0172222 -2.94004e-05 -4.05911e-05 -0.0172222 0.0848643 -4.48623e-05 0.000401471 -2.94004e-05 -4.48623e-05 0.00936418 -0.0171484 -4.05911e-05 0.000401471 -0.0171484 0.0845378 
0.00938161 -0.0172226 -2.57702e-05 -5.38269e-05 -0.0172226 0.0848956 -5.5849e-05 0.00042717 -2.57702e-05 -5.5849e-05 0.00938355 -0.0171486 -5.38269e-05 0.00042717 -0.0171486 0.084562 
0.00937713 -0.0172445 -2.10749e-05 -6.31633e-05 -0.0172445 0.0850451 -6.12421e-05 0.000453492 -2.10749e-05 -6.12421e-05 0.00942259 -0.0171985 -6.31633e-05 0.000453492 -0.0171985 0.0847461 
0.00938881 -0.0172588 -3.55246e-05 -7.04855e-05 -0.0172588 0.0852124 -6.58795e-05 0.000474588 -3.55246e-05 -6.58795e-05 0.00945728 -0.0172739 -7.04855e-05 0.000474588 -0.0172739 0.0850378 
0.00939729 -0.0172489 -3.63823e-05 -5.55132e-05 -0.0172489 0.0852012 -4.85386e-05 0.000460253 -3.63823e-05 -4.85386e-05 0.00946074 -0.0172976 -5.55132e-05 0.000460253 -0.0172976 0.085144 
0.0094026 -0.0172342 -4.04324e-05 -4.93195e-05 -0.0172342 0.0851007 -4.43348e-05 0.000437023 -4.04324e-05 -4.43348e-05 0.00944451 -0.017281 -4.93195e-05 0.000437023 -0.017281 0.0850929 
0.00941258 -0.0172701 -4.46049e-05 -4.10098e-05 -0.0172701 0.0852157 -4.1285e-05 0.00042072 -4.46049e-05 -4.1285e-05 0.0094547 -0.0172894 -4.10098e-05 0.00042072 -0.0172894 0.0851766 
0.00941762 -0.0172442 -3.44539e-05 -3.50475e-05 -0.0172442 0.0850921 -3.88203e-05 0.000407143 -3.44539e-05 -3.88203e-05 0.00941847 -0.017255 -3.50475e-05 0.000407143 -0.017255 0.0850093 
0.0094558 -0.0172905 -3.60808e-05 -4.62265e-05 -0.0172905 0.0852285 -5.18536e-05 0.000420334 -3.60808e-05 -5.18536e-05 0.00939709 -0.0172377 -4.62265e-05 0.000420334 -0.0172377 0.085014 
0.00948756 -0.0173783 -3.82353e-05 -4.38159e-05 -0.0173783 0.0855589 -5.07608e-05 0.000427384 -3.82353e-05 -5.07608e-05 0.00940687 -0.0172434 -4.38159e-05 0.000427384 -0.0172434 0.0851397 
0.00949965 -0.0174342 -3.20509e-05 -3.99648e-05 -0.0174342 0.0858377 -4.90283e-05 0.000423312 -3.20509e-05 -4.90283e-05 0.00942623 -0.0172554 -3.99648e-05 0.000423312 -0.0172554 0.0852346 
0.00946862 -0.0173863 -2.43226e-05 -4.49856e-05 -0.0173863 0.0856719 -5.41438e-05 0.00042474 -2.43226e-05 -5.41438e-05 0.00941436 -0.0172116 -4.49856e-05 0.00042474 -0.0172116 0.0849954 
0.00943365 -0.0173407 -1.97503e-05 -5.80129e-05 -0.0173407 0.0855007 -6.27551e-05 0.000444783 -1.97503e-05 -6.27551e-05 0.00941806 -0.0171926 -5.80129e-05 0.000444783 -0.0171926 0.0848469 
0.00940595 -0.0172814 -2.76881e-05 -6.57866e-05 -0.0172814 0.0852976 -6.3785e-05 0.000459134 -2.76881e-05 -6.3785e-05 0.00941888 -0.0172008 -6.57866e-05 0.000459134 -0.0172008 0.084786 
0.00934509 -0.0171751 -2.51714e-05 -5.70909e-05 -0.0171751 0.0847991 -5.04492e-05 0.000443999 -2.51714e-05 -5.04492e-05 0.00939082 -0.0171361 -5.70909e-05 0.000443999 -0.0171361 0.0844318 
0.00931185 -0.0171492 -9.51943e-06 -5.74922e-05 -0.0171492 0.0846886 -5.17406e-05 0.00043314 -9.51943e-06 -5.17406e-05 0.00940641 -0.017142 -5.74922e-05 0.00043314 -0.017142 0.0844158 
0.00926868 -0.0170947 -4.86091e-06 -7.46226e-05 -0.0170947 0.0845155 -7.25126e-05 0.000458458 -4.86091e-06 -7.25126e-05 0.00941974 -0.0171545 -7.46226e-05 0.000458458 -0.0171545 0.0843917 
0.0092744 -0.0170435 2.11051e-06 -7.73131e-05 -0.0170435 0.08438 -8.15484e-05 0.000482407 2.11051e-06 -8.15484e-05 0.0093922 -0.0171893 -7.73131e-05 0.000482407 -0.0171893 0.0844772 
0.0092986 -0.0170784 -9.27504e-06 -8.20155e-05 -0.0170784 0.0844768 -8.88197e-05 0.000495533 -9.27504e-06 -8.88197e-05 0.00937982 -0.0171913 -8.20155e-05 0.000495533 -0.0171913 0.0846301 
0.00930779 -0.017115 -9.22167e-06 -6.39861e-05 -0.017115 0.0846079 -7.07233e-05 0.000466267 -9.22167e-06 -7.07233e-05 0.00937979 -0.0171756 -6.39861e-05 0.000466267 -0.0171756 0.0846742 
0.00928222 -0.0170914 -1.59825e-05 -6.18508e-05 -0.0170914 0.0845094 -6.58188e-05 0.000438737 -1.59825e-05 -6.58188e-05 0.00937679 -0.0171316 -6.18508e-05 0.000438737 -0.0171316 0.0844916 
0.00922898 -0.0169924 -2.60204e-05 -5.47768e-05 -0.0169924 0.0840758 -5.73184e-05 0.00041605 -2.60204e-05 -5.73184e-05 0.00933106 -0.0170535 -5.47768e-05 0.00041605 -0.0170535 0.0840517 
0.00915976 -0.0168906 -2.85383e-05 -4.27949e-05 -0.0168906 0.0835998 -4.32078e-05 0.000383491 -2.85383e-05 -4.32078e-05 0.00930646 -0.0169695 -4.27949e-05 0.000383491 -0.0169695 0.0836199 
0.00915993 -0.0168501 -4.23032e-05 -4.04305e-05 -0.0168501 0.0834632 -4.01961e-05 0.000365976 -4.23032e-05 -4.01961e-05 0.00928575 -0.0169786 -4.04305e-05 0.000365976 -0.0169786 0.0835705 
0.00915904 -0.0167998 -4.21803e-05 -2.41895e-05 -0.0167998 0.0831535 -2.49898e-05 0.000337082 -4.21803e-05 -2.49898e-05 0.00922433 -0.0169083 -2.41895e-05 0.000337082 -0.0169083 0.0832811 
0.00918341 -0.0167895 -4.55375e-05 -2.09473e-05 -0.0167895 0.0829703 -2.13989e-05 0.000312558 -4.55375e-05 -2.13989e-05 0.00914974 -0.0168266 -2.09473e-05 0.000312558 -0.0168266 0.0829871 
0.00920407 -0.0168634 -2.42284e-05 -1.64664e-05 -0.0168634 0.0831434 -1.63496e-05 0.000297343 -2.42284e-05 -1.63496e-05 0.00913818 -0.0167763 -1.64664e-05 0.000297343 -0.0167763 0.0829086 
0.00921395 -0.0168928 -3.02681e-05 -3.89062e-05 -0.0168928 0.0832633 -3.92103e-05 0.000321658 -3.02681e-05 -3.92103e-05 0.00913132 -0.0167541 -3.89062e-05 0.000321658 -0.0167541 0.0828179 
0.00921148 -0.0169202 -3.08975e-05 -3.35653e-05 -0.0169202 0.0833962 -3.41001e-05 0.000330662 -3.08975e-05 -3.41001e-05 0.00914459 -0.0167607 -3.35653e-05 0.000330662 -0.0167607 0.0828456 
0.00918923 -0.0169179 -1.47378e-05 -3.08212e-05 -0.0169179 0.0834451 -3.09048e-05 0.00032141 -1.47378e-05 -3.09048e-05 0.00915764 -0.0167729 -3.08212e-05 0.00032141 -0.0167729 0.0828753 
0.00915693 -0.0168714 -1.01119e-05 -5.41264e-05 -0.0168714 0.0833332 -5.2432e-05 0.000354362 -1.01119e-05 -5.2432e-05 0.00917582 -0.0167764 -5.41264e-05 0.000354362 -0.0167764 0.0828488 
0.00912919 -0.0168363 -2.58797e-05 -6.06469e-05 -0.0168363 0.0832478 -5.84884e-05 0.000383533 -2.58797e-05 -5.84884e-05 0.00920163 -0.0168072 -6.06469e-05 0.000383533 -0.0168072 0.0829123 
0.00910333 -0.0167862 -3.68551e-05 -4.07186e-05 -0.0167862 0.0830863 -3.82602e-05 0.000361141 -3.68551e-05 -3.82602e-05 0.00920484 -0.0168269 -4.07186e-05 0.000361141 -0.0168269 0.0829298 
0.00912839 -0.0167972 -3.86377e-05 -2.73202e-05 -0.0167972 0.0831885 -2.54185e-05 0.000326315 -3.86377e-05 -2.54185e-05 0.00921541 -0.0168842 -2.73202e-05 0.000326315 -0.0168842 0.0831927 
0.00913122 -0.0168267 -4.95077e-05 -2.37238e-05 -0.0168267 0.0832901 -2.29587e-05 0.000306876 -4.95077e-05 -2.29587e-05 0.00923241 -0.0168998 -2.37238e-05 0.000306876 -0.0168998 0.0833405 
0.00913401 -0.0168068 -5.38883e-05 -8.12913e-06 -0.0168068 0.083238 -9.66842e-06 0.000278246 -5.38883e-05 -9.66842e-06 0.009221 -0.0168975 -8.12913e-06 0.000278246 -0.0168975 0.0833233 
0.00913576 -0.0167447 -5.04139e-05 7.65171e-07 -0.0167447 0.0829062 -2.48408e-06 0.000247027 -5.04139e-05 -2.48408e-06 0.00915764 -0.0168258 7.65171e-07 0.000247027 -0.0168258 0.0830074 
0.00915022 -0.0167544 -4.40537e-05 -7.56209e-07 -0.0167544 0.0827897 -5.07156e-06 0.000234766 -4.40537e-05 -5.07156e-06 0.00909649 -0.0167481 -7.56209e-07 0.000234766 -0.0167481 0.082749 
0.00912437 -0.0167626 -3.23846e-05 -9.14832e-06 -0.0167626 0.082709 -1.05173e-05 0.000240637 -3.23846e-05 -1.05173e-05 0.00906814 -0.0166538 -9.14832e-06 0.000240637 -0.0166538 0.0824249 
0.00907165 -0.0166795 -2.6577e-05 -2.33047e-05 -0.0166795 0.0823621 -2.09734e-05 0.000259507 -2.6577e-05 -2.09734e-05 0.00903209 -0.0165643 -2.33047e-05 0.000259507 -0.0165643 0.0819586 
0.00968495 -0.0178109 -1.61436e-05 -3.0804e-05 -0.0178109 0.0880036 -2.93485e-05 0.000295965 -1.61436e-05 -2.93485e-05 0.00966358 -0.017713 -3.0804e-05 0.000295965 -0.017713 0.0875814 
0.00968756 -0.0178072 -1.53055e-05 -4.20368e-05 -0.0178072 0.0880106 -4.18859e-05 0.00031566 -1.53055e-05 -4.18859e-05 0.00966216 -0.0177339 -4.20368e-05 0.00031566 -0.0177339 0.0876379 
0.00968638 -0.0178252 -1.50055e-05 -4.64333e-05 -0.0178252 0.0880873 -4.50364e-05 0.000333626 -1.50055e-05 -4.50364e-05 0.00966047 -0.0177427 -4.64333e-05 0.000333626 -0.0177427 0.087715 
0.00964959 -0.0177894 -2.14146e-05 -4.60639e-05 -0.0177894 0.0879513 -4.64626e-05 0.000338209 -2.14146e-05 -4.64626e-05 0.00966097 -0.0177034 -4.60639e-05 0.000338209 -0.0177034 0.0875622 
0.00902924 -0.0166507 -3.30111e-05 -3.32307e-05 -0.0166507 0.082412 -3.86355e-05 0.000306874 -3.30111e-05 -3.86355e-05 0.00905746 -0.0166145 -3.32307e-05 0.000306874 -0.0166145 0.0821106 
0.00902963 -0.0166368 -4.06859e-05 -1.13275e-05 -0.0166368 0.0824017 -1.8495e-05 0.000261509 -4.06859e-05 -1.8495e-05 0.00905729 -0.0166255 -1.13275e-05 0.000261509 -0.0166255 0.0821759 
0.00905433 -0.0166573 -4.51089e-05 -9.16414e-07 -0.0166573 0.0825099 -6.53857e-06 0.000220625 -4.51089e-05 -6.53857e-06 0.00906372 -0.0166507 -9.16414e-07 0.000220625 -0.0166507 0.0823279 
0.00905018 -0.0166418 -2.92222e-05 3.55169e-06 -0.0166418 0.0823893 1.66558e-06 0.000193384 -2.92222e-05 1.66558e-06 0.00905708 -0.0166159 3.55169e-06 0.000193384 -0.0166159 0.0821993 
0.00965908 -0.017764 -1.91408e-05 -1.92907e-05 -0.017764 0.0879168 -1.5889e-05 0.00022602 -1.91408e-05 -1.5889e-05 0.00967946 -0.017739 -1.92907e-05 0.00022602 -0.017739 0.0877149 
