0.00658516 0 -4.76773e-05 0 0 0.00942067 0 0 -4.76773e-05 0 0.006713 0 0 0 0 0.00942067 
0.00965922 -0.0119904 -4.33566e-05 5.03791e-05 -0.0119904 0.0319273 5.03791e-05 -9.63841e-05 -4.33566e-05 5.03791e-05 0.00982363 -0.0121924 5.03791e-05 -9.63841e-05 -0.0121924 0.0323146 
0.00912699 -0.0170198 -4.88241e-06 -3.08553e-05 -0.0170198 0.0628084 -3.08553e-05 0.000124707 -4.88241e-06 -3.08553e-05 0.00925521 -0.017225 -3.08553e-05 0.000124707 -0.017225 0.0634494 
0.00865716 -0.016743 -1.0928e-05 -0.000139642 -0.016743 0.0752031 -0.000145225 0.000746071 -1.0928e-05 -0.000145225 0.00870548 -0.0168016 -0.000139642 0.000746071 -0.0168016 0.0752681 
0.00913968 -0.0171525 -4.07744e-05 -0.000109249 -0.0171525 0.0828965 -0.000131098 0.00099125 -4.07744e-05 -0.000131098 0.0091561 -0.0170959 -0.000109249 0.00099125 -0.0170959 0.0824005 
0.00890284 -0.0164511 -5.98441e-05 -2.4479e-05 -0.0164511 0.0809383 -5.43134e-05 0.000709479 -5.98441e-05 -5.43134e-05 0.00893581 -0.0163677 -2.4479e-05 0.000709479 -0.0163677 0.0803134 
0.00933629 -0.0171746 -6.79151e-05 1.80017e-05 -0.0171746 0.0847831 -1.08611e-05 0.000456925 -6.79151e-05 -1.08611e-05 0.00936714 -0.0171133 1.80017e-05 0.000456925 -0.0171133 0.0841935 
0.00910719 -0.0167008 -7.75418e-05 2.22936e-05 -0.0167008 0.082512 4.4509e-06 0.000290724 -7.75418e-05 4.4509e-06 0.00909666 -0.0166439 2.22936e-05 0.000290724 -0.0166439 0.0820115 
0.00962207 -0.017666 -7.55027e-05 2.76343e-05 -0.017666 0.0872033 1.87152e-05 0.00023791 -7.55027e-05 1.87152e-05 0.00961161 -0.0175443 2.76343e-05 0.00023791 -0.0175443 0.0866011 
0.00945799 -0.017405 -5.69409e-05 1.24003e-05 -0.017405 0.0859123 1.0801e-05 0.000231133 -5.69409e-05 1.0801e-05 0.00948419 -0.017273 1.24003e-05 0.000231133 -0.017273 0.0852358 
0.00936581 -0.0172387 -6.36048e-05 -1.29101e-05 -0.0172387 0.0851704 -1.06062e-05 0.000273317 -6.36048e-05 -1.06062e-05 0.00941813 -0.0171579 -1.29101e-05 0.000273317 -0.0171579 0.0845507 
0.00929666 -0.0171208 -5.44083e-05 -1.00091e-05 -0.0171208 0.0846369 -2.76898e-06 0.000290017 -5.44083e-05 -2.76898e-06 0.00938075 -0.0170911 -1.00091e-05 0.000290017 -0.0170911 0.0841549 
0.00922603 -0.0169887 -2.94913e-05 -1.93429e-05 -0.0169887 0.0840361 -9.47487e-06 0.000301161 -2.94913e-05 -9.47487e-06 0.00933141 -0.0170146 -1.93429e-05 0.000301161 -0.0170146 0.0837243 
0.00922743 -0.0169622 -2.8294e-05 -4.84718e-05 -0.0169622 0.0839389 -3.87615e-05 0.000351139 -2.8294e-05 -3.87615e-05 0.00931395 -0.0170348 -4.84718e-05 0.000351139 -0.0170348 0.0838001 
0.00922436 -0.0169374 -2.12175e-05 -5.09171e-05 -0.0169374 0.0837731 -4.32845e-05 0.000382538 -2.12175e-05 -4.32845e-05 0.00928149 -0.0169976 -5.09171e-05 0.000382538 -0.0169976 0.0837045 
0.00923177 -0.0169497 -2.10455e-05 -5.72039e-05 -0.0169497 0.083763 -5.27679e-05 0.000400747 -2.10455e-05 -5.27679e-05 0.00925757 -0.0169661 -5.72039e-05 0.000400747 -0.0169661 0.0836391 
0.00927262 -0.0169856 -3.20609e-05 -5.67409e-05 -0.0169856 0.0839019 -5.3611e-05 0.000407525 -3.20609e-05 -5.3611e-05 0.0092356 -0.0169609 -5.67409e-05 0.000407525 -0.0169609 0.0836846 
0.00929394 -0.01706 -2.18669e-05 -4.37101e-05 -0.01706 0.0841494 -3.63957e-05 0.000383415 -2.18669e-05 -3.63957e-05 0.00924341 -0.0169486 -4.37101e-05 0.000383415 -0.0169486 0.0837487 
0.00929623 -0.0170824 -1.79911e-05 -5.26093e-05 -0.0170824 0.0842757 -4.20223e-05 0.000375417 -1.79911e-05 -4.20223e-05 0.00924133 -0.0169432 -5.26093e-05 0.000375417 -0.0169432 0.0837328 
0.00927182 -0.017046 -2.26082e-05 -6.09907e-05 -0.017046 0.0841328 -4.69041e-05 0.000386689 -2.26082e-05 -4.69041e-05 0.00922918 -0.0168976 -6.09907e-05 0.000386689 -0.0168976 0.0835244 
0.00925371 -0.0169755 -2.59336e-05 -5.24892e-05 -0.0169755 0.083831 -3.73648e-05 0.000373049 -2.59336e-05 -3.73648e-05 0.00919149 -0.0168534 -5.24892e-05 0.000373049 -0.0168534 0.0832555 
0.0092076 -0.0169006 -2.00324e-05 -4.37978e-05 -0.0169006 0.0834149 -3.40148e-05 0.000352219 -2.00324e-05 -3.40148e-05 0.00915535 -0.016773 -4.37978e-05 0.000352219 -0.016773 0.0828766 
0.00918069 -0.0168646 -3.17442e-05 -4.33049e-05 -0.0168646 0.083233 -4.26541e-05 0.000347038 -3.17442e-05 -4.26541e-05 0.00914272 -0.0167473 -4.33049e-05 0.000347038 -0.0167473 0.0827222 
0.00917078 -0.0168613 -3.0791e-05 -2.81681e-05 -0.0168613 0.083231 -3.40328e-05 0.000331371 -3.0791e-05 -3.40328e-05 0.0091481 -0.0167543 -2.81681e-05 0.000331371 -0.0167543 0.0827442 
0.00917608 -0.0168561 -3.98901e-05 -2.7235e-05 -0.0168561 0.0832406 -3.29532e-05 0.000316398 -3.98901e-05 -3.29532e-05 0.00914052 -0.0167652 -2.7235e-05 0.000316398 -0.0167652 0.0827833 
0.00916098 -0.0168721 -3.54719e-05 -1.92605e-05 -0.0168721 0.0833023 -2.07363e-05 0.000297755 -3.54719e-05 -2.07363e-05 0.00916355 -0.0167657 -1.92605e-05 0.000297755 -0.0167657 0.082834 
0.00913843 -0.016852 -2.95042e-05 -2.49899e-05 -0.016852 0.0832996 -2.62002e-05 0.000296528 -2.95042e-05 -2.62002e-05 0.00919251 -0.0167945 -2.49899e-05 0.000296528 -0.0167945 0.0828979 
0.009103 -0.0167893 -2.04174e-05 -3.15772e-05 -0.0167893 0.0830925 -3.55294e-05 0.000311079 -2.04174e-05 -3.55294e-05 0.00919093 -0.0168049 -3.15772e-05 0.000311079 -0.0168049 0.0828551 
0.00909944 -0.0167399 -2.53355e-05 -4.38868e-05 -0.0167399 0.0829114 -4.90784e-05 0.000340622 -2.53355e-05 -4.90784e-05 0.00917639 -0.0168063 -4.38868e-05 0.000340622 -0.0168063 0.0828378 
0.00913083 -0.0167876 -3.86432e-05 -3.86661e-05 -0.0167876 0.0830813 -4.06825e-05 0.000342543 -3.86432e-05 -4.06825e-05 0.0091811 -0.0168363 -3.86661e-05 0.000342543 -0.0168363 0.083039 
0.00914863 -0.016818 -4.12899e-05 -1.98969e-05 -0.016818 0.0831826 -2.17277e-05 0.00030639 -4.12899e-05 -2.17277e-05 0.00916823 -0.0168289 -1.98969e-05 0.00030639 -0.0168289 0.0830751 
0.00913819 -0.0168043 -2.40035e-05 -1.04131e-05 -0.0168043 0.0830868 -1.73008e-05 0.000270946 -2.40035e-05 -1.73008e-05 0.00915512 -0.0167738 -1.04131e-05 0.000270946 -0.0167738 0.0828797 
0.00912815 -0.0168027 -1.27457e-05 -2.6435e-05 -0.0168027 0.0830812 -3.70173e-05 0.000282145 -1.27457e-05 -3.70173e-05 0.00916395 -0.0167709 -2.6435e-05 0.000282145 -0.0167709 0.0828319 
0.00909869 -0.0167359 -1.33007e-05 -3.75083e-05 -0.0167359 0.0827865 -4.79348e-05 0.000304741 -1.33007e-05 -4.79348e-05 0.00912887 -0.0167255 -3.75083e-05 0.000304741 -0.0167255 0.0825563 
0.00907903 -0.0167372 -2.48236e-05 -3.68278e-05 -0.0167372 0.082777 -4.48922e-05 0.000307705 -2.48236e-05 -4.48922e-05 0.00913445 -0.0167185 -3.68278e-05 0.000307705 -0.0167185 0.0825447 
0.00904468 -0.0167071 -2.46898e-05 -2.59371e-05 -0.0167071 0.0827019 -3.00585e-05 0.000287178 -2.46898e-05 -3.00585e-05 0.00914403 -0.0167142 -2.59371e-05 0.000287178 -0.0167142 0.0824948 
0.00900841 -0.0166396 -1.97313e-05 -2.61525e-05 -0.0166396 0.0824747 -2.83827e-05 0.000273018 -1.97313e-05 -2.83827e-05 0.00913404 -0.0167 -2.61525e-05 0.000273018 -0.0167 0.0823647 
0.00901158 -0.0165845 -7.70118e-06 -3.34307e-05 -0.0165845 0.0822566 -3.28509e-05 0.000277969 -7.70118e-06 -3.28509e-05 0.00908547 -0.0166808 -3.34307e-05 0.000277969 -0.0166808 0.0822512 
0.00901414 -0.0165705 4.73876e-06 -5.02258e-05 -0.0165705 0.0820824 -4.56453e-05 0.000303716 4.73876e-06 -4.56453e-05 0.00904186 -0.0166059 -5.02258e-05 0.000303716 -0.0166059 0.0820276 
0.0096561 -0.0177753 -3.10746e-06 -7.12766e-05 -0.0177753 0.0879568 -6.2874e-05 0.000362148 -3.10746e-06 -6.2874e-05 0.00968406 -0.017746 -7.12766e-05 0.000362148 -0.017746 0.0877439 
0.00967054 -0.0177899 -1.84056e-05 -6.24003e-05 -0.0177899 0.0880369 -5.20752e-05 0.000362873 -1.84056e-05 -5.20752e-05 0.00967862 -0.0177562 -6.24003e-05 0.000362873 -0.0177562 0.0877482 
0.00906373 -0.0166673 -2.91784e-05 -3.5029e-05 -0.0166673 0.0824471 -2.72189e-05 0.000293631 -2.91784e-05 -2.72189e-05 0.00904039 -0.016611 -3.5029e-05 0.000293631 -0.016611 0.0821188 
0.00909955 -0.0167308 -4.40004e-05 -1.95261e-05 -0.0167308 0.082733 -1.60548e-05 0.000252678 -4.40004e-05 -1.60548e-05 0.0090583 -0.0166396 -1.95261e-05 0.000252678 -0.0166396 0.0823296 
0.00908502 -0.0167133 -3.61636e-05 -7.83184e-07 -0.0167133 0.0826326 -2.08433e-06 0.00021307 -3.61636e-05 -2.08433e-06 0.0090603 -0.0166028 -7.83184e-07 0.00021307 -0.0166028 0.0821695 
0.00906334 -0.0166691 -4.35586e-05 -7.77627e-06 -0.0166691 0.082421 -1.42346e-05 0.000211653 -4.35586e-05 -1.42346e-05 0.00904313 -0.0165749 -7.77627e-06 0.000211653 -0.0165749 0.0819578 
0.00969965 -0.01783 -6.32295e-05 -6.00752e-06 -0.01783 0.0881598 -1.19318e-05 0.00023734 -6.32295e-05 -1.19318e-05 0.00967999 -0.0177474 -6.00752e-06 0.00023734 -0.0177474 0.0877164 
0.00907105 -0.016675 -6.90109e-05 1.17898e-05 -0.016675 0.0824359 7.08954e-06 0.000199853 -6.90109e-05 7.08954e-06 0.00905044 -0.0166124 1.17898e-05 0.000199853 -0.0166124 0.0820833 
0.00907085 -0.0166734 -6.02754e-05 2.70321e-05 -0.0166734 0.0824214 2.3642e-05 0.000158568 -6.02754e-05 2.3642e-05 0.00905392 -0.0166081 2.70321e-05 0.000158568 -0.0166081 0.0820912 
0.00905478 -0.0166632 -3.64919e-05 1.75945e-05 -0.0166632 0.082348 1.58742e-05 0.000152257 -3.64919e-05 1.58742e-05 0.00904598 -0.0165857 1.75945e-05 0.000152257 -0.0165857 0.0819856 
0.00903908 -0.0166627 -2.05334e-05 -8.11786e-06 -0.0166627 0.0823697 -1.07139e-05 0.000190069 -2.05334e-05 -1.07139e-05 0.00905926 -0.0165867 -8.11786e-06 0.000190069 -0.0165867 0.0819812 
0.00903072 -0.016645 -7.4633e-06 -3.03906e-05 -0.016645 0.0823663 -3.39177e-05 0.000248843 -7.4633e-06 -3.39177e-05 0.00907429 -0.0166136 -3.03906e-05 0.000248843 -0.0166136 0.0820469 
0.00903976 -0.0166286 -4.88972e-06 -4.73271e-05 -0.0166286 0.0823294 -5.25235e-05 0.000301154 -4.88972e-06 -5.25235e-05 0.00907145 -0.0166365 -4.73271e-05 0.000301154 -0.0166365 0.0821199 
0.00904602 -0.0166194 -1.31658e-05 -5.23354e-05 -0.0166194 0.0822287 -5.58008e-05 0.000329526 -1.31658e-05 -5.58008e-05 0.00905196 -0.016612 -5.23354e-05 0.000329526 -0.016612 0.0820429 
0.00908294 -0.0166623 -3.40198e-05 -4.13068e-05 -0.0166623 0.0823707 -3.99334e-05 0.000313345 -3.40198e-05 -3.99334e-05 0.00903892 -0.0166192 -4.13068e-05 0.000313345 -0.0166192 0.0821229 
0.00909862 -0.0167142 -4.13614e-05 -1.54316e-05 -0.0167142 0.0825284 -1.34754e-05 0.000262451 -4.13614e-05 -1.34754e-05 0.00902193 -0.0165996 -1.54316e-05 0.000262451 -0.0165996 0.0821258 
0.00906561 -0.0167055 -3.2709e-05 -3.99724e-06 -0.0167055 0.0824846 -2.89201e-06 0.000217822 -3.2709e-05 -2.89201e-06 0.0090173 -0.0165411 -3.99724e-06 0.000217822 -0.0165411 0.0819194 
0.0096903 -0.0178325 -2.33861e-05 -1.56908e-05 -0.0178325 0.088178 -1.41028e-05 0.000232387 -2.33861e-05 -1.41028e-05 0.0096451 -0.0176986 -1.56908e-05 0.000232387 -0.0176986 0.0875725 
0.0096715 -0.0177854 -8.15951e-06 -2.99235e-05 -0.0177854 0.0879527 -2.52414e-05 0.000254391 -8.15951e-06 -2.52414e-05 0.00962962 -0.0176674 -2.99235e-05 0.000254391 -0.0176674 0.0874012 
0.00966342 -0.0178122 -5.56105e-06 -5.30435e-05 -0.0178122 0.0880692 -4.31297e-05 0.00029778 -5.56105e-06 -4.31297e-05 0.00966509 -0.0177044 -5.30435e-05 0.00029778 -0.0177044 0.0875619 
0.00904457 -0.0166387 -1.09407e-05 -5.45605e-05 -0.0166387 0.0823496 -4.28885e-05 0.000303471 -1.09407e-05 -4.28885e-05 0.00902981 -0.0165884 -5.45605e-05 0.000303471 -0.0165884 0.0819717 
0.00906617 -0.0166664 -1.89428e-05 -4.90866e-05 -0.0166664 0.0824581 -3.6437e-05 0.000302972 -1.89428e-05 -3.6437e-05 0.00903902 -0.0166049 -4.90866e-05 0.000302972 -0.0166049 0.0821238 
0.00908124 -0.0166936 -3.4836e-05 -3.79026e-05 -0.0166936 0.0825493 -2.75956e-05 0.000284786 -3.4836e-05 -2.75956e-05 0.00904074 -0.0166066 -3.79026e-05 0.000284786 -0.0166066 0.0821709 
0.00909499 -0.0167131 -4.13406e-05 -1.56238e-05 -0.0167131 0.0826234 -1.25551e-05 0.000250123 -4.13406e-05 -1.25551e-05 0.00904052 -0.0166069 -1.56238e-05 0.000250123 -0.0166069 0.0821902 
0.0090832 -0.0167437 -3.47062e-05 4.07638e-07 -0.0167437 0.0827468 -6.49427e-06 0.000213988 -3.47062e-05 -6.49427e-06 0.0090715 -0.0166158 4.07638e-07 0.000213988 -0.0166158 0.0822517 
0.00905787 -0.0166991 -2.94191e-05 -2.4949e-06 -0.0166991 0.0826324 -1.78269e-05 0.000209413 -2.94191e-05 -1.78269e-05 0.00908107 -0.0166253 -2.4949e-06 0.000209413 -0.0166253 0.0821974 
0.00901058 -0.0166234 -1.91241e-05 -1.32951e-05 -0.0166234 0.0823171 -2.75222e-05 0.000231053 -1.91241e-05 -2.75222e-05 0.00908408 -0.0166027 -1.32951e-05 0.000231053 -0.0166027 0.0820171 
0.00899787 -0.016612 -2.1629e-05 -3.27277e-05 -0.016612 0.0823243 -3.93568e-05 0.000270745 -2.1629e-05 -3.93568e-05 0.00911032 -0.016662 -3.27277e-05 0.000270745 -0.016662 0.0822027 
0.00960973 -0.0177092 -2.46355e-05 -3.83144e-05 -0.0177092 0.0878342 -3.65863e-05 0.00030809 -2.46355e-05 -3.65863e-05 0.00972349 -0.0178242 -3.83144e-05 0.00030809 -0.0178242 0.0878948 
0.00960744 -0.017679 -2.74141e-05 -3.81826e-05 -0.017679 0.087658 -3.22887e-05 0.00030982 -2.74141e-05 -3.22887e-05 0.00969128 -0.0177953 -3.81826e-05 0.00030982 -0.0177953 0.0878104 
0.00959777 -0.0176413 -1.92554e-05 -3.58259e-05 -0.0176413 0.0874006 -2.74202e-05 0.000304163 -1.92554e-05 -2.74202e-05 0.00963768 -0.0177136 -3.58259e-05 0.000304163 -0.0177136 0.0875041 
0.00953808 -0.0175406 -7.78427e-06 -3.95225e-05 -0.0175406 0.0868285 -3.17622e-05 0.00029834 -7.78427e-06 -3.17622e-05 0.00957764 -0.0175619 -3.95225e-05 0.00029834 -0.0175619 0.0868305 
0.00951155 -0.0174791 8.98095e-06 -4.8325e-05 -0.0174791 0.0864987 -4.29012e-05 0.000306315 8.98095e-06 -4.29012e-05 0.00953547 -0.0174917 -4.8325e-05 0.000306315 -0.0174917 0.0864331 
0.00954113 -0.0175244 9.64344e-06 -6.52158e-05 -0.0175244 0.0866661 -6.52302e-05 0.000340127 9.64344e-06 -6.52302e-05 0.00952676 -0.0175162 -6.52158e-05 0.000340127 -0.0175162 0.0865458 
0.00959863 -0.0176106 5.45012e-06 -6.47654e-05 -0.0176106 0.0870329 -6.92911e-05 0.000359244 5.45012e-06 -6.92911e-05 0.00952169 -0.0175505 -6.47654e-05 0.000359244 -0.0175505 0.0868027 
0.00965071 -0.017735 -4.92559e-06 -5.98303e-05 -0.017735 0.0875624 -6.43844e-05 0.000355872 -4.92559e-06 -6.43844e-05 0.00955263 -0.0175885 -5.98303e-05 0.000355872 -0.0175885 0.0871358 
0.00968383 -0.0177998 -1.41911e-05 -4.83538e-05 -0.0177998 0.0879018 -5.32472e-05 0.000337985 -1.41911e-05 -5.32472e-05 0.00958263 -0.0176195 -4.83538e-05 0.000337985 -0.0176195 0.0873233 
0.0096884 -0.0178436 -3.35787e-05 -3.63961e-05 -0.0178436 0.0881316 -3.96607e-05 0.000308023 -3.35787e-05 -3.96607e-05 0.00962565 -0.0176573 -3.63961e-05 0.000308023 -0.0176573 0.0874861 
0.00965082 -0.0177869 -4.19312e-05 -1.2023e-05 -0.0177869 0.087932 -1.25628e-05 0.000252375 -4.19312e-05 -1.25628e-05 0.0096311 -0.0176425 -1.2023e-05 0.000252375 -0.0176425 0.0873214 
0.00961806 -0.0177264 -2.38664e-05 -7.67068e-07 -0.0177264 0.0877075 9.81933e-07 0.000205351 -2.38664e-05 9.81933e-07 0.00963168 -0.0176457 -7.67068e-07 0.000205351 -0.0176457 0.0872329 
0.00960956 -0.0176897 -1.77484e-05 -2.68309e-05 -0.0176897 0.0875757 -2.25387e-05 0.000230224 -1.77484e-05 -2.25387e-05 0.0096313 -0.0176633 -2.68309e-05 0.000230224 -0.0176633 0.0872607 
0.0096302 -0.0177058 -2.67271e-05 -3.92704e-05 -0.0177058 0.0876409 -3.50613e-05 0.0002737 -2.67271e-05 -3.50613e-05 0.00963685 -0.0176971 -3.92704e-05 0.0002737 -0.0176971 0.0874274 
0.00966974 -0.0177614 -3.54846e-05 -2.96135e-05 -0.0177614 0.0878644 -2.80585e-05 0.00028209 -3.54846e-05 -2.80585e-05 0.00964282 -0.0177351 -2.96135e-05 0.00028209 -0.0177351 0.0876622 
0.00968809 -0.0177943 -4.71818e-05 -1.61053e-05 -0.0177943 0.0879608 -1.51922e-05 0.000259095 -4.71818e-05 -1.51922e-05 0.00963613 -0.0177194 -1.61053e-05 0.000259095 -0.0177194 0.0876729 
0.00907367 -0.0166804 -5.34515e-05 1.56449e-06 -0.0166804 0.0824196 4.89931e-06 0.000198531 -5.34515e-05 4.89931e-06 0.00901838 -0.0165754 1.56449e-06 0.000198531 -0.0165754 0.0820505 
0.00908491 -0.0167274 -5.15903e-05 1.39571e-05 -0.0167274 0.08266 1.87882e-05 0.000156574 -5.15903e-05 1.87882e-05 0.00904856 -0.0166058 1.39571e-05 0.000156574 -0.0166058 0.0822143 
0.00908133 -0.0167278 -4.65804e-05 7.65568e-06 -0.0167278 0.0827278 1.41799e-05 0.000151435 -4.65804e-05 1.41799e-05 0.00906705 -0.0166321 7.65568e-06 0.000151435 -0.0166321 0.0822992 
0.00904796 -0.0166932 -4.5497e-05 -2.60083e-06 -0.0166932 0.0826085 5.28414e-06 0.000172443 -4.5497e-05 5.28414e-06 0.00907646 -0.0166296 -2.60083e-06 0.000172443 -0.0166296 0.0822504 
0.0090405 -0.0166681 -4.38106e-05 -7.65959e-06 -0.0166681 0.0825795 -2.33481e-06 0.000198817 -4.38106e-05 -2.33481e-06 0.00909144 -0.0166625 -7.65959e-06 0.000198817 -0.0166625 0.0823478 
0.00903719 -0.0166273 -4.16639e-05 -1.13098e-05 -0.0166273 0.0824063 -6.73707e-06 0.000219037 -4.16639e-05 -6.73707e-06 0.00908052 -0.0166573 -1.13098e-05 0.000219037 -0.0166573 0.0822979 
0.00904594 -0.0166464 -4.42304e-05 -1.62298e-05 -0.0166464 0.0824528 -1.36741e-05 0.000241673 -4.42304e-05 -1.36741e-05 0.00909619 -0.0166773 -1.62298e-05 0.000241673 -0.0166773 0.0824067 
0.00904843 -0.0166456 -2.19334e-05 -1.14067e-05 -0.0166456 0.0824335 -1.12446e-05 0.000245129 -2.19334e-05 -1.12446e-05 0.0090983 -0.0166829 -1.14067e-05 0.000245129 -0.0166829 0.0824175 
0.00903269 -0.0166041 -2.60771e-05 -3.20685e-05 -0.0166041 0.0822062 -3.2334e-05 0.000269263 -2.60771e-05 -3.2334e-05 0.00907534 -0.0166393 -3.20685e-05 0.000269263 -0.0166393 0.0821984 
0.00903858 -0.0166193 -1.89236e-05 -2.9494e-05 -0.0166193 0.0822355 -2.73105e-05 0.00027963 -1.89236e-05 -2.73105e-05 0.00908283 -0.0166409 -2.9494e-05 0.00027963 -0.0166409 0.082201 
0.00906249 -0.0166542 -1.37703e-05 -3.62539e-05 -0.0166542 0.0823913 -3.05308e-05 0.000281712 -1.37703e-05 -3.05308e-05 0.00909121 -0.016678 -3.62539e-05 0.000281712 -0.016678 0.0823489 
0.00909557 -0.0166664 -2.11253e-05 -4.2261e-05 -0.0166664 0.0824191 -3.80716e-05 0.000295133 -2.11253e-05 -3.80716e-05 0.00906376 -0.0166729 -4.2261e-05 0.000295133 -0.0166729 0.0823525 
0.00914279 -0.0167334 -1.61303e-05 -3.67788e-05 -0.0167334 0.0826306 -3.52313e-05 0.000301499 -1.61303e-05 -3.52313e-05 0.00905318 -0.0166742 -3.67788e-05 0.000301499 -0.0166742 0.082463 
0.00915665 -0.0168315 -1.88655e-05 -4.1558e-05 -0.0168315 0.0830052 -4.59774e-05 0.000316072 -1.88655e-05 -4.59774e-05 0.00909703 -0.0166925 -4.1558e-05 0.000316072 -0.0166925 0.0826523 
0.00914077 -0.0168137 -1.9803e-05 -3.9234e-05 -0.0168137 0.0830099 -4.88395e-05 0.000329806 -1.9803e-05 -4.88395e-05 0.00911323 -0.0166938 -3.9234e-05 0.000329806 -0.0166938 0.0825833 
0.00914266 -0.0168322 -2.43532e-05 -3.74748e-05 -0.0168322 0.0831604 -4.66983e-05 0.000331672 -2.43532e-05 -4.66983e-05 0.00915067 -0.0167516 -3.74748e-05 0.000331672 -0.0167516 0.0827802 
0.00912989 -0.0168131 -3.73133e-05 -3.21208e-05 -0.0168131 0.0831297 -3.88744e-05 0.000321498 -3.73133e-05 -3.88744e-05 0.00916485 -0.0167766 -3.21208e-05 0.000321498 -0.0167766 0.0828396 
0.00912989 -0.0168029 -6.80651e-05 -1.94031e-05 -0.0168029 0.0831199 -2.44303e-05 0.000298715 -6.80651e-05 -2.44303e-05 0.00918209 -0.016801 -1.94031e-05 0.000298715 -0.016801 0.0829221 
0.00916069 -0.0168183 -7.1381e-05 1.33599e-05 -0.0168183 0.0831991 9.0829e-06 0.000243185 -7.1381e-05 9.0829e-06 0.00918505 -0.0168406 1.33599e-05 0.000243185 -0.0168406 0.0830758 
0.00912473 -0.016789 -5.76376e-05 1.6148e-05 -0.016789 0.0829668 1.57777e-05 0.000207895 -5.76376e-05 1.57777e-05 0.00918229 -0.0167793 1.6148e-05 0.000207895 -0.0167793 0.0828263 
0.00913371 -0.0168154 -5.20789e-05 -3.4004e-06 -0.0168154 0.0831463 4.05695e-07 0.00022939 -5.20789e-05 4.05695e-07 0.00921615 -0.01685 -3.4004e-06 0.00022939 -0.01685 0.0830602 
0.00915102 -0.0168164 -4.20935e-05 -1.14478e-05 -0.0168164 0.0831998 -5.33099e-06 0.000253986 -4.20935e-05 -5.33099e-06 0.00921865 -0.0168936 -1.14478e-05 0.000253986 -0.0168936 0.0832336 
0.00915688 -0.0168274 -3.18671e-05 -2.38125e-05 -0.0168274 0.0832118 -1.59477e-05 0.00027873 -3.18671e-05 -1.59477e-05 0.00922165 -0.0168913 -2.38125e-05 0.00027873 -0.0168913 0.0832836 
0.00915138 -0.0167982 -1.5459e-05 -3.78032e-05 -0.0167982 0.0830484 -2.99775e-05 0.000313014 -1.5459e-05 -2.99775e-05 0.00919798 -0.0168525 -3.78032e-05 0.000313014 -0.0168525 0.0831027 
0.00915319 -0.0168136 -6.28068e-06 -5.81131e-05 -0.0168136 0.0830714 -5.27197e-05 0.000362933 -6.28068e-06 -5.27197e-05 0.00919502 -0.0168456 -5.81131e-05 0.000362933 -0.0168456 0.0830847 
0.00918071 -0.0168653 -1.33348e-06 -6.74027e-05 -0.0168653 0.0833197 -6.49723e-05 0.000402399 -1.33348e-06 -6.49723e-05 0.00920173 -0.0168822 -6.74027e-05 0.000402399 -0.0168822 0.0832771 
0.00922049 -0.0169221 -1.8598e-05 -7.14564e-05 -0.0169221 0.0835865 -7.15697e-05 0.00042322 -1.8598e-05 -7.15697e-05 0.00920988 -0.0169029 -7.14564e-05 0.00042322 -0.0169029 0.083452 
0.00924052 -0.0169729 -3.91454e-05 -5.04696e-05 -0.0169729 0.0837993 -5.14797e-05 0.000400555 -3.91454e-05 -5.14797e-05 0.00921613 -0.0169161 -5.04696e-05 0.000400555 -0.0169161 0.0835651 
0.00926734 -0.0170311 -4.13896e-05 -2.43511e-05 -0.0170311 0.084097 -2.52979e-05 0.000344264 -4.13896e-05 -2.52979e-05 0.00923914 -0.0169505 -2.43511e-05 0.000344264 -0.0169505 0.0837755 
0.00925698 -0.0170193 -2.8731e-05 -2.36687e-05 -0.0170193 0.0840711 -2.28354e-05 0.000317798 -2.8731e-05 -2.28354e-05 0.00924025 -0.0169403 -2.36687e-05 0.000317798 -0.0169403 0.0837282 
0.00919755 -0.0168979 -3.22622e-05 -4.02798e-05 -0.0168979 0.0835181 -3.67773e-05 0.00033396 -3.22622e-05 -3.67773e-05 0.00919322 -0.0168458 -4.02798e-05 0.00033396 -0.0168458 0.0832308 
0.00917097 -0.0168641 -4.03253e-05 -3.82241e-05 -0.0168641 0.0833485 -3.62767e-05 0.000347854 -4.03253e-05 -3.62767e-05 0.00919427 -0.0168306 -3.82241e-05 0.000347854 -0.0168306 0.0831232 
0.00913507 -0.0168009 -5.55865e-05 -2.29888e-05 -0.0168009 0.0830721 -2.63728e-05 0.000326641 -5.55865e-05 -2.63728e-05 0.00919342 -0.0168046 -2.29888e-05 0.000326641 -0.0168046 0.0829361 
0.00913374 -0.0167852 -5.80334e-05 1.04063e-06 -0.0167852 0.0830148 -7.66419e-06 0.000279239 -5.80334e-05 -7.66419e-06 0.00920359 -0.0168335 1.04063e-06 0.000279239 -0.0168335 0.08299 
0.0091581 -0.016832 -5.49888e-05 5.34348e-06 -0.016832 0.0832203 -5.11885e-06 0.000253204 -5.49888e-05 -5.11885e-06 0.009232 -0.0168944 5.34348e-06 0.000253204 -0.0168944 0.0832653 
0.00917343 -0.0168499 -6.1356e-05 1.41752e-06 -0.0168499 0.0832973 -6.31731e-06 0.000247276 -6.1356e-05 -6.31731e-06 0.00922926 -0.016912 1.41752e-06 0.000247276 -0.016912 0.0833566 
0.00917633 -0.0168853 -5.74753e-05 4.97196e-06 -0.0168853 0.0834433 3.50117e-06 0.000238425 -5.74753e-05 3.50117e-06 0.00923916 -0.0169229 4.97196e-06 0.000238425 -0.0169229 0.0834635 
0.00917861 -0.0168584 -4.55697e-05 -9.30359e-07 -0.0168584 0.0833626 3.32319e-06 0.000235119 -4.55697e-05 3.32319e-06 0.00921651 -0.0169007 -9.30359e-07 0.000235119 -0.0169007 0.0833634 
0.00918185 -0.0168424 -2.75242e-05 -1.7133e-05 -0.0168424 0.0832474 -1.12811e-05 0.00025959 -2.75242e-05 -1.12811e-05 0.00919041 -0.0168631 -1.7133e-05 0.00025959 -0.0168631 0.0832222 
0.00916339 -0.0168314 -2.40809e-05 -4.11768e-05 -0.0168314 0.0831296 -3.51275e-05 0.000311353 -2.40809e-05 -3.51275e-05 0.00918222 -0.0168162 -4.11768e-05 0.000311353 -0.0168162 0.0830325 
0.00917095 -0.0168372 -3.7159e-05 -4.57094e-05 -0.0168372 0.0831747 -3.95856e-05 0.000342113 -3.7159e-05 -3.95856e-05 0.00918195 -0.0168305 -4.57094e-05 0.000342113 -0.0168305 0.0830535 
0.00918341 -0.016877 -4.44109e-05 -3.17942e-05 -0.016877 0.0833571 -2.71882e-05 0.000333763 -4.44109e-05 -2.71882e-05 0.00920205 -0.0168639 -3.17942e-05 0.000333763 -0.0168639 0.083229 
0.009219 -0.016941 -1.74713e-05 -2.31846e-05 -0.016941 0.0837009 -2.25205e-05 0.000319933 -1.74713e-05 -2.25205e-05 0.00923328 -0.0169352 -2.31846e-05 0.000319933 -0.0169352 0.0835781 
0.00923601 -0.0169796 4.21888e-06 -5.57936e-05 -0.0169796 0.0839006 -5.75037e-05 0.000368058 4.21888e-06 -5.75037e-05 0.00925899 -0.0169659 -5.57936e-05 0.000368058 -0.0169659 0.0837658 
0.00924032 -0.0169934 1.85498e-05 -8.56887e-05 -0.0169934 0.0839852 -8.72442e-05 0.000445812 1.85498e-05 -8.72442e-05 0.00927765 -0.0169821 -8.56887e-05 0.000445812 -0.0169821 0.0838359 
0.00921707 -0.0169637 -3.91399e-06 -0.000105995 -0.0169637 0.0838634 -0.000103886 0.000508827 -3.91399e-06 -0.000103886 0.00929764 -0.0169706 -0.000105995 0.000508827 -0.0169706 0.0837375 
0.00922165 -0.0169805 -4.04002e-05 -8.00628e-05 -0.0169805 0.0839953 -7.44881e-05 0.000491685 -4.04002e-05 -7.44881e-05 0.00933264 -0.0170465 -8.00628e-05 0.000491685 -0.0170465 0.0839804 
0.00922473 -0.0169231 -7.3682e-05 -3.28894e-05 -0.0169231 0.0837533 -2.61884e-05 0.000397145 -7.3682e-05 -2.61884e-05 0.00929792 -0.0170321 -3.28894e-05 0.000397145 -0.0170321 0.0838689 
0.00923835 -0.0169275 -8.36494e-05 1.24043e-05 -0.0169275 0.0836613 1.66332e-05 0.000281767 -8.36494e-05 1.66332e-05 0.00926177 -0.0169978 1.24043e-05 0.000281767 -0.0169978 0.0837803 
0.00925347 -0.0169697 -7.3039e-05 2.4909e-05 -0.0169697 0.0837663 2.46733e-05 0.000221878 -7.3039e-05 2.46733e-05 0.00925183 -0.0169714 2.4909e-05 0.000221878 -0.0169714 0.0837563 
0.00929925 -0.0170424 -5.61033e-05 1.22111e-05 -0.0170424 0.0841081 1.05126e-05 0.000227284 -5.61033e-05 1.05126e-05 0.00925747 -0.0170103 1.22111e-05 0.000227284 -0.0170103 0.0839796 
0.00927123 -0.0170296 -3.74726e-05 -1.25976e-05 -0.0170296 0.0839979 -1.06769e-05 0.000272464 -3.74726e-05 -1.06769e-05 0.00924802 -0.0169415 -1.25976e-05 0.000272464 -0.0169415 0.0837327 
0.0092612 -0.0170179 -2.05005e-05 -3.94843e-05 -0.0170179 0.0840007 -3.39735e-05 0.000334576 -2.05005e-05 -3.39735e-05 0.00925989 -0.0169459 -3.94843e-05 0.000334576 -0.0169459 0.0836919 
0.00928251 -0.0170625 -2.66436e-05 -6.30522e-05 -0.0170625 0.0842699 -5.55653e-05 0.00039957 -2.66436e-05 -5.55653e-05 0.00931014 -0.01703 -6.30522e-05 0.00039957 -0.01703 0.0840341 
0.00927451 -0.0170329 -3.44804e-05 -5.69432e-05 -0.0170329 0.0841641 -4.96791e-05 0.000417412 -3.44804e-05 -4.96791e-05 0.00931726 -0.0170422 -5.69432e-05 0.000417412 -0.0170422 0.0840388 
0.00927364 -0.0170289 -2.49316e-05 -4.67714e-05 -0.0170289 0.0841332 -4.17833e-05 0.000406324 -2.49316e-05 -4.17833e-05 0.00932792 -0.0170603 -4.67714e-05 0.000406324 -0.0170603 0.0840952 
0.00930988 -0.0170487 -1.72673e-05 -5.71827e-05 -0.0170487 0.0842199 -5.85121e-05 0.000424315 -1.72673e-05 -5.85121e-05 0.00931482 -0.0170925 -5.71827e-05 0.000424315 -0.0170925 0.0842312 
0.00932358 -0.0170508 -2.20658e-05 -6.72743e-05 -0.0170508 0.0841295 -6.84564e-05 0.000452647 -2.20658e-05 -6.84564e-05 0.00928366 -0.0170439 -6.72743e-05 0.000452647 -0.0170439 0.0840941 
0.00935024 -0.0171046 -1.81645e-05 -6.56558e-05 -0.0171046 0.0843005 -6.16161e-05 0.00046062 -1.81645e-05 -6.16161e-05 0.00928361 -0.0170458 -6.56558e-05 0.00046062 -0.0170458 0.0841588 
0.00935405 -0.0171063 -2.5726e-06 -7.19259e-05 -0.0171063 0.084272 -6.26079e-05 0.000465057 -2.5726e-06 -6.26079e-05 0.00925351 -0.0170118 -7.19259e-05 0.000465057 -0.0170118 0.0840279 
0.00937496 -0.0171615 -1.74741e-05 -8.94076e-05 -0.0171615 0.0845062 -7.69696e-05 0.000489835 -1.74741e-05 -7.69696e-05 0.0092599 -0.0170226 -8.94076e-05 0.000489835 -0.0170226 0.0841524 
0.0093757 -0.0172091 -3.63975e-05 -7.16576e-05 -0.0172091 0.0847533 -6.00625e-05 0.000477214 -3.63975e-05 -6.00625e-05 0.00928969 -0.0170453 -7.16576e-05 0.000477214 -0.0170453 0.0843087 
0.00937441 -0.0172257 -4.56266e-05 -4.37365e-05 -0.0172257 0.0849413 -3.64491e-05 0.000422949 -4.56266e-05 -3.64491e-05 0.00932903 -0.0170935 -4.37365e-05 0.000422949 -0.0170935 0.0845072 
0.0093638 -0.0171983 -4.56644e-05 -2.53527e-05 -0.0171983 0.0849088 -2.32796e-05 0.00036679 -4.56644e-05 -2.32796e-05 0.00934092 -0.0171228 -2.53527e-05 0.00036679 -0.0171228 0.0845868 
0.00935174 -0.0171466 -7.29067e-05 -2.19683e-05 -0.0171466 0.0846937 -2.35371e-05 0.000340978 -7.29067e-05 -2.35371e-05 0.00932952 -0.0171053 -2.19683e-05 0.000340978 -0.0171053 0.0844849 
0.00932958 -0.0170889 -7.21442e-05 1.14672e-05 -0.0170889 0.0843669 8.23343e-06 0.000283576 -7.21442e-05 8.23343e-06 0.00929424 -0.0170459 1.14672e-05 0.000283576 -0.0170459 0.084197 
0.00930266 -0.0170675 -6.17737e-05 1.40632e-05 -0.0170675 0.0842058 1.09556e-05 0.000244276 -6.17737e-05 1.09556e-05 0.00928724 -0.0170073 1.40632e-05 0.000244276 -0.0170073 0.0840157 
