0.00663197 0 2.44154e-05 0 0 0.00926899 0 0 2.44154e-05 0 0.00644351 0 0 0 0 0.00926899 
0.00972259 -0.0120642 2.86155e-05 -3.50523e-05 -0.0120642 0.0319557 -3.50523e-05 6.73759e-05 2.86155e-05 -3.50523e-05 0.00950192 -0.0117988 -3.50523e-05 6.73759e-05 -0.0117988 0.0314466 
0.00997481 -0.0185602 4.64118e-06 -2.46462e-05 -0.0185602 0.068365 -2.46462e-05 7.24969e-05 4.64118e-06 -2.46462e-05 0.00987681 -0.0184103 -2.46462e-05 7.24969e-05 -0.0184103 0.0679467 
0.00941061 -0.0180165 -1.8109e-05 3.32054e-05 -0.0180165 0.0806995 3.62677e-05 -0.000145183 -1.8109e-05 3.62677e-05 0.00933719 -0.0182094 3.32054e-05 -0.000145183 -0.0182094 0.0817832 
0.00915624 -0.016932 -4.40756e-06 5.93697e-05 -0.016932 0.0813331 6.3168e-05 -0.000291624 -4.40756e-06 6.3168e-05 0.00903703 -0.0171381 5.93697e-05 -0.000291624 -0.0171381 0.0830987 
0.00892646 -0.0163006 1.29937e-05 3.49719e-05 -0.0163006 0.0795642 3.48333e-05 -0.000254557 1.29937e-05 3.48333e-05 0.00881654 -0.0163696 3.49719e-05 -0.000254557 -0.0163696 0.0809537 
0.00938043 -0.0171368 3.45422e-05 5.32846e-06 -0.0171368 0.0840357 3.87665e-06 -0.00016202 3.45422e-05 3.87665e-06 0.00931726 -0.0171647 5.32846e-06 -0.00016202 -0.0171647 0.0850374 
0.00912919 -0.0166532 3.22817e-05 -2.24736e-05 -0.0166532 0.0819737 -2.37845e-05 -6.08048e-05 3.22817e-05 -2.37845e-05 0.00908685 -0.0167335 -2.24736e-05 -6.08048e-05 -0.0167335 0.0828004 
0.00961512 -0.0175315 3.03429e-05 -2.16119e-05 -0.0175315 0.0864181 -2.49279e-05 -2.08831e-05 3.03429e-05 -2.49279e-05 0.00959473 -0.0176493 -2.16119e-05 -2.08831e-05 -0.0176493 0.0872988 
0.00947752 -0.0172725 1.14457e-05 -1.68376e-05 -0.0172725 0.0851873 -1.73731e-05 -2.02098e-05 1.14457e-05 -1.73731e-05 0.00946751 -0.0174313 -1.68376e-05 -2.02098e-05 -0.0174313 0.0861434 
0.00937923 -0.0170893 2.21839e-06 5.36808e-06 -0.0170893 0.0842806 6.92957e-06 -5.86801e-05 2.21839e-06 6.92957e-06 0.00938011 -0.0172651 5.36808e-06 -5.86801e-05 -0.0172651 0.0853074 
0.0093498 -0.0170108 5.6888e-06 1.89896e-05 -0.0170108 0.0838762 2.43223e-05 -0.000107624 5.6888e-06 2.43223e-05 0.00931795 -0.0171984 1.89896e-05 -0.000107624 -0.0171984 0.0849503 
0.00935563 -0.0170354 -4.46088e-06 1.82226e-05 -0.0170354 0.0839233 2.27605e-05 -0.000129278 -4.46088e-06 2.27605e-05 0.00930118 -0.0171807 1.82226e-05 -0.000129278 -0.0171807 0.084952 
0.00932239 -0.017004 -1.96475e-05 2.71624e-05 -0.017004 0.0837553 2.84639e-05 -0.000140115 -1.96475e-05 2.84639e-05 0.00927936 -0.0171096 2.71624e-05 -0.000140115 -0.0171096 0.084675 
0.00929901 -0.0169474 -1.34932e-05 4.53413e-05 -0.0169474 0.0835223 4.26102e-05 -0.000166626 -1.34932e-05 4.26102e-05 0.00924494 -0.0170542 4.53413e-05 -0.000166626 -0.0170542 0.0843767 
0.00928924 -0.0169094 -4.9408e-07 3.66819e-05 -0.0169094 0.0833206 3.45341e-05 -0.00016482 -4.9408e-07 3.45341e-05 0.00920793 -0.0170041 3.66819e-05 -0.00016482 -0.0170041 0.0841377 
0.00924603 -0.0168969 1.45345e-07 1.72246e-05 -0.0168969 0.0831981 1.95352e-05 -0.000130523 1.45345e-07 1.95352e-05 0.00921185 -0.0169521 1.72246e-05 -0.000130523 -0.0169521 0.0839262 
0.00922446 -0.0168693 -8.00191e-06 1.35581e-05 -0.0168693 0.0831722 1.80765e-05 -0.00010832 -8.00191e-06 1.80765e-05 0.00922471 -0.0169728 1.35581e-05 -0.00010832 -0.0169728 0.0839188 
0.00924659 -0.016866 -7.57198e-06 2.19789e-05 -0.016866 0.0832257 2.50383e-05 -0.000109938 -7.57198e-06 2.50383e-05 0.00922219 -0.0170129 2.19789e-05 -0.000109938 -0.0170129 0.0840614 
0.00927596 -0.01689 -9.73618e-07 2.29919e-05 -0.01689 0.0832812 2.41483e-05 -0.000114022 -9.73618e-07 2.41483e-05 0.00920676 -0.0170116 2.29919e-05 -0.000114022 -0.0170116 0.0841223 
0.00930672 -0.0169367 8.98703e-06 1.82379e-05 -0.0169367 0.0834246 1.76909e-05 -0.00010955 8.98703e-06 1.76909e-05 0.00919116 -0.0170047 1.82379e-05 -0.00010955 -0.0170047 0.0841725 
0.00929488 -0.0168927 1.73367e-05 5.05905e-06 -0.0168927 0.0831395 7.3504e-07 -7.8233e-05 1.73367e-05 7.3504e-07 0.00913577 -0.0168957 5.05905e-06 -7.8233e-05 -0.0168957 0.083728 
0.0092724 -0.0169106 1.46288e-05 -4.00712e-06 -0.0169106 0.0831313 -9.64024e-06 -4.90929e-05 1.46288e-05 -9.64024e-06 0.00914385 -0.0168499 -4.00712e-06 -4.90929e-05 -0.0168499 0.0835421 
0.00926569 -0.0169306 9.14721e-06 3.42054e-06 -0.0169306 0.0833047 -1.05894e-06 -5.62097e-05 9.14721e-06 -1.05894e-06 0.00918173 -0.0169008 3.42054e-06 -5.62097e-05 -0.0169008 0.0836807 
0.0092243 -0.0168577 1.48904e-05 9.65559e-06 -0.0168577 0.0830484 7.69431e-06 -7.57342e-05 1.48904e-05 7.69431e-06 0.00917527 -0.0168906 9.65559e-06 -7.57342e-05 -0.0168906 0.083534 
0.00924933 -0.0168745 2.57576e-05 4.35822e-06 -0.0168745 0.0831876 9.29073e-07 -7.69107e-05 2.57576e-05 9.29073e-07 0.00919292 -0.0169594 4.35822e-06 -7.69107e-05 -0.0169594 0.0838199 
0.00924107 -0.0168906 3.51236e-05 -9.33473e-06 -0.0168906 0.0832398 -1.38677e-05 -5.15951e-05 3.51236e-05 -1.38677e-05 0.00921635 -0.0169755 -9.33473e-06 -5.15951e-05 -0.0169755 0.0839432 
0.00921006 -0.0168395 3.89849e-05 -2.25886e-05 -0.0168395 0.0830515 -1.98462e-05 -2.61544e-05 3.89849e-05 -1.98462e-05 0.00921499 -0.0169608 -2.25886e-05 -2.61544e-05 -0.0169608 0.0838258 
0.0091886 -0.0168046 2.19484e-05 -2.9027e-05 -0.0168046 0.082926 -1.89438e-05 -1.62563e-05 2.19484e-05 -1.89438e-05 0.00921349 -0.016966 -2.9027e-05 -1.62563e-05 -0.016966 0.083803 
0.00919944 -0.0167938 8.75733e-06 -6.99324e-06 -0.0167938 0.0829063 4.95529e-06 -5.26131e-05 8.75733e-06 4.95529e-06 0.0092014 -0.0169802 -6.99324e-06 -5.26131e-05 -0.0169802 0.0838667 
0.00920437 -0.0168323 -3.14088e-06 8.87628e-06 -0.0168323 0.0830443 1.71324e-05 -9.25497e-05 -3.14088e-06 1.71324e-05 0.00920949 -0.0169872 8.87628e-06 -9.25497e-05 -0.0169872 0.0839848 
0.00917735 -0.0167979 -2.00369e-05 2.36358e-05 -0.0167979 0.0829253 2.96952e-05 -0.000128448 -2.00369e-05 2.96952e-05 0.0092022 -0.0169557 2.36358e-05 -0.000128448 -0.0169557 0.0838476 
0.00917369 -0.0167871 -2.09323e-05 4.25296e-05 -0.0167871 0.082924 4.51366e-05 -0.000163917 -2.09323e-05 4.51366e-05 0.00920768 -0.0169616 4.25296e-05 -0.000163917 -0.0169616 0.083859 
0.00916966 -0.0167321 -2.31882e-05 4.53023e-05 -0.0167321 0.0826703 4.53455e-05 -0.000180815 -2.31882e-05 4.53455e-05 0.00917023 -0.0169167 4.53023e-05 -0.000180815 -0.0169167 0.0836253 
0.00918848 -0.0167347 -1.71595e-05 5.03841e-05 -0.0167347 0.0825924 4.97524e-05 -0.000194308 -1.71595e-05 4.97524e-05 0.00913819 -0.0168851 5.03841e-05 -0.000194308 -0.0168851 0.0835105 
0.00915682 -0.0166996 -4.34825e-06 4.33352e-05 -0.0166996 0.0822941 4.41625e-05 -0.0001906 -4.34825e-06 4.41625e-05 0.00910418 -0.016775 4.33352e-05 -0.0001906 -0.016775 0.0830531 
0.00913527 -0.0166656 1.34767e-05 2.36072e-05 -0.0166656 0.0821106 2.72897e-05 -0.000156143 1.34767e-05 2.72897e-05 0.00908695 -0.0167321 2.36072e-05 -0.000156143 -0.0167321 0.082772 
0.0091414 -0.0166882 1.17681e-05 1.24746e-06 -0.0166882 0.0822173 4.46549e-06 -0.000104064 1.17681e-05 4.46549e-06 0.00911045 -0.0167673 1.24746e-06 -0.000104064 -0.0167673 0.0828799 
0.00916988 -0.0167286 6.69011e-06 4.12091e-06 -0.0167286 0.0824396 1.3068e-06 -7.66569e-05 6.69011e-06 1.3068e-06 0.00911621 -0.01684 4.12091e-06 -7.66569e-05 -0.01684 0.0831749 
0.00920472 -0.0167813 2.86735e-07 1.50477e-05 -0.0167813 0.0826813 5.54343e-06 -8.25571e-05 2.86735e-07 5.54343e-06 0.0091146 -0.0168696 1.50477e-05 -8.25571e-05 -0.0168696 0.0834257 
0.0092079 -0.0167929 1.69415e-05 2.39426e-05 -0.0167929 0.0827053 1.19544e-05 -9.90341e-05 1.69415e-05 1.19544e-05 0.00910191 -0.0168315 2.39426e-05 -9.90341e-05 -0.0168315 0.08336 
0.00917716 -0.0167895 1.44263e-05 2.35458e-06 -0.0167895 0.082686 -7.24369e-06 -7.35984e-05 1.44263e-05 -7.24369e-06 0.00912075 -0.0168019 2.35458e-06 -7.35984e-05 -0.0168019 0.0832487 
0.00915904 -0.0168045 8.50204e-06 -3.80707e-06 -0.0168045 0.0828804 -1.00537e-05 -4.05663e-05 8.50204e-06 -1.00537e-05 0.00917722 -0.0168791 -3.80707e-06 -4.05663e-05 -0.0168791 0.0835073 
0.00913764 -0.0167326 -9.90061e-06 9.19678e-08 -0.0167326 0.0826973 -2.97104e-06 -3.45104e-05 -9.90061e-06 -2.97104e-06 0.00917993 -0.0169076 9.19678e-08 -3.45104e-05 -0.0169076 0.0835334 
0.00916003 -0.0166971 -2.06807e-05 2.42439e-05 -0.0166971 0.082538 2.32323e-05 -7.51782e-05 -2.06807e-05 2.32323e-05 0.00915101 -0.0169088 2.42439e-05 -7.51782e-05 -0.0169088 0.0835365 
0.00920058 -0.0167721 -1.84441e-05 3.63469e-05 -0.0167721 0.0827482 3.73704e-05 -0.000115052 -1.84441e-05 3.73704e-05 0.00914954 -0.0169146 3.63469e-05 -0.000115052 -0.0169146 0.083688 
0.00922901 -0.0168327 -1.84137e-05 3.55321e-05 -0.0168327 0.0829707 3.43584e-05 -0.000128175 -1.84137e-05 3.43584e-05 0.00914642 -0.0169083 3.55321e-05 -0.000128175 -0.0169083 0.0837405 
0.00923484 -0.0168128 -1.35953e-05 3.70155e-05 -0.0168128 0.0828515 2.98865e-05 -0.000125788 -1.35953e-05 2.98865e-05 0.00910442 -0.0168438 3.70155e-05 -0.000125788 -0.0168438 0.0834689 
0.0092288 -0.0167939 -1.24781e-05 3.31831e-05 -0.0167939 0.0826714 2.4508e-05 -0.000118018 -1.24781e-05 2.4508e-05 0.00906061 -0.0167623 3.31831e-05 -0.000118018 -0.0167623 0.0831277 
0.00923763 -0.0168231 -1.17195e-05 2.9361e-05 -0.0168231 0.0827459 2.54814e-05 -0.00011262 -1.17195e-05 2.54814e-05 0.00904694 -0.0167379 2.9361e-05 -0.00011262 -0.0167379 0.0830413 
0.00921672 -0.0168324 -9.50912e-06 2.56531e-05 -0.0168324 0.08278 2.88479e-05 -0.00011173 -9.50912e-06 2.88479e-05 0.0090588 -0.0167157 2.56531e-05 -0.00011173 -0.0167157 0.0829556 
0.0091912 -0.0168163 -8.98161e-06 2.05399e-05 -0.0168163 0.0828016 2.77899e-05 -0.000107062 -8.98161e-06 2.77899e-05 0.00908889 -0.0167452 2.05399e-05 -0.000107062 -0.0167452 0.083009 
0.00916924 -0.0167764 -1.07699e-05 1.90689e-05 -0.0167764 0.0827254 2.58696e-05 -0.000100974 -1.07699e-05 2.58696e-05 0.00911527 -0.0167844 1.90689e-05 -0.000100974 -0.0167844 0.0830974 
0.00914097 -0.0167433 -7.30271e-06 2.2907e-05 -0.0167433 0.0826241 2.57739e-05 -0.0001015 -7.30271e-06 2.57739e-05 0.00913793 -0.0168167 2.2907e-05 -0.0001015 -0.0168167 0.0831834 
0.00912767 -0.0166916 8.34507e-07 1.83741e-05 -0.0166916 0.0824481 1.92107e-05 -9.14447e-05 8.34507e-07 1.92107e-05 0.00913338 -0.0168301 1.83741e-05 -9.14447e-05 -0.0168301 0.083186 
0.00912151 -0.0166895 -4.42838e-06 7.8087e-06 -0.0166895 0.0824181 8.81635e-06 -6.9416e-05 -4.42838e-06 8.81635e-06 0.00914506 -0.0168401 7.8087e-06 -6.9416e-05 -0.0168401 0.0832487 
0.00913191 -0.0167169 -7.84454e-06 1.50635e-05 -0.0167169 0.0825718 1.73972e-05 -7.29483e-05 -7.84454e-06 1.73972e-05 0.00917217 -0.0168881 1.50635e-05 -7.29483e-05 -0.0168881 0.0834593 
0.00913612 -0.0166936 -1.67165e-05 2.12932e-05 -0.0166936 0.0824879 2.84499e-05 -9.74172e-05 -1.67165e-05 2.84499e-05 0.00915984 -0.0168891 2.12932e-05 -9.74172e-05 -0.0168891 0.0834418 
0.0091325 -0.0166752 -2.29021e-05 2.88141e-05 -0.0166752 0.082351 4.1548e-05 -0.000124583 -2.29021e-05 4.1548e-05 0.00914044 -0.0168572 2.88141e-05 -0.000124583 -0.0168572 0.0833199 
0.00914036 -0.0167005 -2.26495e-05 3.62426e-05 -0.0167005 0.0824334 5.0525e-05 -0.000150657 -2.26495e-05 5.0525e-05 0.00914676 -0.0168658 3.62426e-05 -0.000150657 -0.0168658 0.0833823 
0.00918788 -0.0167638 -1.23759e-05 3.9017e-05 -0.0167638 0.0827485 4.9154e-05 -0.000164688 -1.23759e-05 4.9154e-05 0.00915888 -0.0169289 3.9017e-05 -0.000164688 -0.0169289 0.0836925 
0.00920336 -0.0167633 6.79745e-07 3.01861e-05 -0.0167633 0.082687 3.27306e-05 -0.000150005 6.79745e-07 3.27306e-05 0.00912622 -0.0168804 3.01861e-05 -0.000150005 -0.0168804 0.0835525 
0.00923998 -0.0168324 1.96071e-05 1.76487e-05 -0.0168324 0.0829291 1.65241e-05 -0.000122593 1.96071e-05 1.65241e-05 0.00912418 -0.0168794 1.76487e-05 -0.000122593 -0.0168794 0.0836315 
0.00922275 -0.0168443 4.15985e-05 -2.41631e-06 -0.0168443 0.0829392 -5.45825e-06 -8.08846e-05 4.15985e-05 -5.45825e-06 0.00912375 -0.016836 -2.41631e-06 -8.08846e-05 -0.016836 0.0834721 
0.00919967 -0.0168309 4.74325e-05 -3.1007e-05 -0.0168309 0.0829365 -3.18516e-05 -2.06786e-05 4.74325e-05 -3.18516e-05 0.0091361 -0.0168332 -3.1007e-05 -2.06786e-05 -0.0168332 0.0834024 
0.0091612 -0.0167449 4.85947e-05 -4.04944e-05 -0.0167449 0.0826021 -3.86135e-05 1.95663e-05 4.85947e-05 -3.86135e-05 0.00910217 -0.0167924 -4.04944e-05 1.95663e-05 -0.0167924 0.083125 
0.00915478 -0.0167383 4.3586e-05 -4.20071e-05 -0.0167383 0.0825751 -3.60052e-05 2.90442e-05 4.3586e-05 -3.60052e-05 0.00910286 -0.0167912 -4.20071e-05 2.90442e-05 -0.0167912 0.0831367 
0.00911499 -0.0167213 2.74816e-05 -3.68561e-05 -0.0167213 0.0825092 -2.83557e-05 2.11122e-05 2.74816e-05 -2.83557e-05 0.00913056 -0.0167819 -3.68561e-05 2.11122e-05 -0.0167819 0.0830891 
0.00911078 -0.0166821 1.70131e-05 -1.48583e-05 -0.0166821 0.082454 -7.33884e-06 -1.95712e-05 1.70131e-05 -7.33884e-06 0.00912946 -0.0168259 -1.48583e-05 -1.95712e-05 -0.0168259 0.0831674 
0.0091069 -0.0166683 9.20965e-06 3.03677e-06 -0.0166683 0.0823851 4.81738e-06 -6.62314e-05 9.20965e-06 4.81738e-06 0.0091197 -0.0168247 3.03677e-06 -6.62314e-05 -0.0168247 0.0831994 
0.00911456 -0.0166396 7.92273e-06 1.53716e-05 -0.0166396 0.0822371 1.16947e-05 -9.96899e-05 7.92273e-06 1.16947e-05 0.00908988 -0.0167876 1.53716e-05 -9.96899e-05 -0.0167876 0.0830648 
0.00908463 -0.0166164 1.39632e-05 1.68628e-05 -0.0166164 0.0820223 1.21021e-05 -0.000113175 1.39632e-05 1.21021e-05 0.00907292 -0.0167125 1.68628e-05 -0.000113175 -0.0167125 0.0827602 
0.00905739 -0.0165597 4.2532e-06 5.82009e-06 -0.0165597 0.0817701 4.36753e-06 -9.96168e-05 4.2532e-06 4.36753e-06 0.00904746 -0.0166709 5.82009e-06 -9.96168e-05 -0.0166709 0.0824812 
0.00969362 -0.0177376 -5.96119e-06 1.54848e-05 -0.0177376 0.0875725 1.68316e-05 -0.000112764 -5.96119e-06 1.68316e-05 0.00968758 -0.0178602 1.54848e-05 -0.000112764 -0.0178602 0.0883429 
0.00969289 -0.0177155 -6.96225e-06 2.9566e-05 -0.0177155 0.0874773 3.09674e-05 -0.000142507 -6.96225e-06 3.09674e-05 0.00966382 -0.0178346 2.9566e-05 -0.000142507 -0.0178346 0.0882332 
0.00969579 -0.0177534 1.58857e-06 3.35443e-05 -0.0177534 0.0876166 3.28374e-05 -0.000163403 1.58857e-06 3.28374e-05 0.00967695 -0.0178408 3.35443e-05 -0.000163403 -0.0178408 0.0883142 
0.00969983 -0.0177467 2.54452e-05 2.57221e-05 -0.0177467 0.0876233 2.00831e-05 -0.000153554 2.54452e-05 2.00831e-05 0.00966394 -0.0178333 2.57221e-05 -0.000153554 -0.0178333 0.0882699 
0.00969537 -0.0177081 3.77428e-05 -8.96141e-07 -0.0177081 0.0874203 -5.78761e-06 -0.000109366 3.77428e-05 -5.78761e-06 0.00961919 -0.0177763 -8.96141e-07 -0.000109366 -0.0177763 0.0880223 
0.00969473 -0.0177009 4.01012e-05 -1.93878e-05 -0.0177009 0.0873159 -1.83779e-05 -6.30343e-05 4.01012e-05 -1.83779e-05 0.00958776 -0.017724 -1.93878e-05 -6.30343e-05 -0.017724 0.08783 
0.00972046 -0.0177184 3.03635e-05 -2.51862e-05 -0.0177184 0.0873565 -2.00228e-05 -4.04775e-05 3.03635e-05 -2.00228e-05 0.00955743 -0.0177025 -2.51862e-05 -4.04775e-05 -0.0177025 0.0877656 
0.00970127 -0.017762 2.50759e-05 -1.91243e-05 -0.017762 0.0874728 -7.95416e-06 -4.46245e-05 2.50759e-05 -7.95416e-06 0.00958282 -0.0176724 -1.91243e-05 -4.46245e-05 -0.0176724 0.0877228 
0.00970141 -0.0177658 1.8546e-05 -1.09787e-05 -0.0177658 0.0876093 5.55468e-06 -7.18688e-05 1.8546e-05 5.55468e-06 0.00960553 -0.0177153 -1.09787e-05 -7.18688e-05 -0.0177153 0.0878254 
0.00968012 -0.0177151 3.97692e-06 -2.5455e-07 -0.0177151 0.0874245 1.46511e-05 -0.000100986 3.97692e-06 1.46511e-05 0.00959321 -0.0177026 -2.5455e-07 -0.000100986 -0.0177026 0.0877153 
0.00967764 -0.0177173 1.4033e-05 1.8707e-05 -0.0177173 0.0874518 2.61177e-05 -0.000132863 1.4033e-05 2.61177e-05 0.00959598 -0.0177275 1.8707e-05 -0.000132863 -0.0177275 0.0878267 
0.00966397 -0.0177045 8.98504e-06 1.20215e-05 -0.0177045 0.0874073 1.16999e-05 -0.000133778 8.98504e-06 1.16999e-05 0.00959542 -0.0177116 1.20215e-05 -0.000133778 -0.0177116 0.0877982 
0.00960812 -0.0175679 9.23237e-07 1.69745e-05 -0.0175679 0.0867711 1.21182e-05 -0.000126766 9.23237e-07 1.21182e-05 0.00952756 -0.0175871 1.69745e-05 -0.000126766 -0.0175871 0.0871734 
0.00959441 -0.017549 -5.32289e-06 2.90038e-05 -0.017549 0.0866227 2.23577e-05 -0.000144681 -5.32289e-06 2.23577e-05 0.00950592 -0.0175566 2.90038e-05 -0.000144681 -0.0175566 0.087018 
0.00960373 -0.0175757 2.43631e-05 3.45523e-05 -0.0175757 0.0867404 2.90951e-05 -0.000161668 2.43631e-05 2.90951e-05 0.00950848 -0.0175702 3.45523e-05 -0.000161668 -0.0175702 0.0871041 
0.00958983 -0.0175749 3.01774e-05 -2.73842e-06 -0.0175749 0.0867416 -2.52369e-06 -0.000118005 3.01774e-05 -2.52369e-06 0.00950974 -0.0175521 -2.73842e-06 -0.000118005 -0.0175521 0.0870507 
0.00954885 -0.0175383 2.13893e-05 -1.61958e-05 -0.0175383 0.0866146 -1.62954e-05 -6.1802e-05 2.13893e-05 -1.62954e-05 0.00951419 -0.0175312 -1.61958e-05 -6.1802e-05 -0.0175312 0.0869215 
0.009522 -0.0174761 2.84364e-05 -7.83632e-06 -0.0174761 0.0864238 -8.47465e-06 -4.97403e-05 2.84364e-05 -8.47465e-06 0.00951686 -0.0175295 -7.83632e-06 -4.97403e-05 -0.0175295 0.0868325 
0.00956214 -0.017535 4.70244e-05 -1.73409e-05 -0.017535 0.0867432 -1.75804e-05 -3.49368e-05 4.70244e-05 -1.75804e-05 0.00956128 -0.0176297 -1.73409e-05 -3.49368e-05 -0.0176297 0.087273 
0.00957187 -0.0175457 4.22608e-05 -3.93125e-05 -0.0175457 0.0867971 -4.21561e-05 1.18629e-05 4.22608e-05 -4.21561e-05 0.00957003 -0.01766 -3.93125e-05 1.18629e-05 -0.01766 0.087422 
0.00958122 -0.0175845 3.58444e-05 -3.48472e-05 -0.0175845 0.0869771 -4.35638e-05 3.8109e-05 3.58444e-05 -4.35638e-05 0.00959888 -0.0176975 -3.48472e-05 3.8109e-05 -0.0176975 0.0876387 
0.00959633 -0.017582 3.5174e-05 -2.39456e-05 -0.017582 0.0870106 -3.27411e-05 2.40868e-05 3.5174e-05 -3.27411e-05 0.00958714 -0.0177151 -2.39456e-05 2.40868e-05 -0.0177151 0.0877077 
0.00963064 -0.017604 3.21172e-05 -2.58314e-05 -0.017604 0.0870746 -2.93297e-05 1.54429e-05 3.21172e-05 -2.93297e-05 0.00956456 -0.0177054 -2.58314e-05 1.54429e-05 -0.0177054 0.0877445 
0.00964084 -0.017638 2.32614e-05 -2.37594e-05 -0.017638 0.0871242 -2.33027e-05 7.52418e-06 2.32614e-05 -2.33027e-05 0.00956007 -0.0176573 -2.37594e-05 7.52418e-06 -0.0176573 0.0876304 
0.00961792 -0.0176425 4.90119e-06 -9.53341e-06 -0.0176425 0.0871181 -8.87745e-06 -2.24613e-05 4.90119e-06 -8.87745e-06 0.00956473 -0.0176301 -9.53341e-06 -2.24613e-05 -0.0176301 0.087478 
0.00961396 -0.0176466 6.59938e-06 1.27817e-05 -0.0176466 0.0872295 1.36399e-05 -7.32997e-05 6.59938e-06 1.36399e-05 0.0095837 -0.0176719 1.27817e-05 -7.32997e-05 -0.0176719 0.0875988 
0.00958929 -0.017604 9.37146e-06 1.33053e-05 -0.017604 0.0870858 1.4585e-05 -0.000102097 9.37146e-06 1.4585e-05 0.00958293 -0.017664 1.33053e-05 -0.000102097 -0.017664 0.087535 
0.009579 -0.0175503 1.14665e-05 9.439e-06 -0.0175503 0.0868659 1.16633e-05 -0.000104137 1.14665e-05 1.16633e-05 0.00955758 -0.0176452 9.439e-06 -0.000104137 -0.0176452 0.0874112 
0.00955379 -0.0175072 1.6591e-05 7.5252e-06 -0.0175072 0.0865974 4.65151e-06 -9.37232e-05 1.6591e-05 4.65151e-06 0.00953338 -0.0175829 7.5252e-06 -9.37232e-05 -0.0175829 0.0871535 
0.00953678 -0.0174772 2.45226e-05 5.74255e-06 -0.0174772 0.0864299 -1.75424e-06 -8.44889e-05 2.45226e-05 -1.75424e-06 0.00951186 -0.017549 5.74255e-06 -8.44889e-05 -0.017549 0.0869674 
0.00955981 -0.0174959 2.25506e-05 -1.53898e-06 -0.0174959 0.0865104 -8.15272e-06 -7.42252e-05 2.25506e-05 -8.15272e-06 0.00950382 -0.01756 -1.53898e-06 -7.42252e-05 -0.01756 0.0870247 
0.00956881 -0.0175168 1.48389e-05 -5.99574e-06 -0.0175168 0.0865486 -5.21967e-06 -6.42295e-05 1.48389e-05 -5.21967e-06 0.0094961 -0.0175396 -5.99574e-06 -6.42295e-05 -0.0175396 0.0869857 
0.00958375 -0.0175612 7.22389e-06 -7.22389e-07 -0.0175612 0.0867515 7.6812e-06 -7.50249e-05 7.22389e-06 7.6812e-06 0.00951256 -0.0175664 -7.22389e-07 -7.50249e-05 -0.0175664 0.087124 
0.00963627 -0.0176219 1.22135e-06 9.55347e-06 -0.0176219 0.0870743 1.83459e-05 -9.86949e-05 1.22135e-06 1.83459e-05 0.00952668 -0.0176268 9.55347e-06 -9.86949e-05 -0.0176268 0.0874208 
0.00965335 -0.0176672 -1.41327e-06 2.05003e-05 -0.0176672 0.0872333 2.41818e-05 -0.000121197 -1.41327e-06 2.41818e-05 0.00954711 -0.0176307 2.05003e-05 -0.000121197 -0.0176307 0.0875159 
0.00966764 -0.0177121 4.69717e-06 1.96462e-05 -0.0177121 0.0874556 2.31851e-05 -0.000124908 4.69717e-06 2.31851e-05 0.00958315 -0.0176773 1.96462e-05 -0.000124908 -0.0176773 0.0877078 
0.00965244 -0.0177142 -4.37007e-06 8.43498e-06 -0.0177142 0.0875081 1.66237e-05 -0.000108823 -4.37007e-06 1.66237e-05 0.00961264 -0.017708 8.43498e-06 -0.000108823 -0.017708 0.0878021 
0.00963714 -0.0176524 -1.69159e-05 1.79894e-05 -0.0176524 0.0872881 2.73129e-05 -0.000114624 -1.69159e-05 2.73129e-05 0.00959298 -0.017701 1.79894e-05 -0.000114624 -0.017701 0.0876889 
0.00965017 -0.0176498 -1.5606e-05 3.98503e-05 -0.0176498 0.0872478 4.86895e-05 -0.000161859 -1.5606e-05 4.86895e-05 0.00957544 -0.0177032 3.98503e-05 -0.000161859 -0.0177032 0.0877218 
0.00962008 -0.0176007 -1.4608e-06 4.14794e-05 -0.0176007 0.0869422 4.92811e-05 -0.00019032 -1.4608e-06 4.92811e-05 0.00953649 -0.0176203 4.14794e-05 -0.00019032 -0.0176203 0.0873881 
0.00958613 -0.0175349 1.63149e-06 2.46248e-05 -0.0175349 0.086603 2.94618e-05 -0.00017061 1.63149e-06 2.94618e-05 0.00948794 -0.0175406 2.46248e-05 -0.00017061 -0.0175406 0.087004 
0.00955852 -0.0174753 5.71212e-06 2.01482e-05 -0.0174753 0.0862762 2.10789e-05 -0.000144789 5.71212e-06 2.10789e-05 0.0094431 -0.0174511 2.01482e-05 -0.000144789 -0.0174511 0.0866006 
0.00955662 -0.0174915 2.32767e-05 1.87569e-05 -0.0174915 0.0863104 1.32478e-05 -0.000130051 2.32767e-05 1.32478e-05 0.00944294 -0.0174394 1.87569e-05 -0.000130051 -0.0174394 0.0865489 
0.00953635 -0.0174949 3.67992e-05 2.00095e-06 -0.0174949 0.0863395 -6.90279e-06 -0.000100171 3.67992e-05 -6.90279e-06 0.00945332 -0.0174374 2.00095e-06 -0.000100171 -0.0174374 0.0865219 
0.00953158 -0.0174833 1.77898e-05 -1.68445e-05 -0.0174833 0.0863803 -2.5892e-05 -5.35195e-05 1.77898e-05 -2.5892e-05 0.00946053 -0.0174691 -1.68445e-05 -5.35195e-05 -0.0174691 0.0866161 
0.00951726 -0.017474 -8.20775e-06 4.4378e-06 -0.017474 0.0863734 -3.98471e-06 -6.52854e-05 -8.20775e-06 -3.98471e-06 0.00947313 -0.0174769 4.4378e-06 -6.52854e-05 -0.0174769 0.0866674 
0.0094896 -0.0174285 -8.44135e-06 3.73904e-05 -0.0174285 0.0862087 3.25373e-05 -0.000134091 -8.44135e-06 3.25373e-05 0.00947954 -0.0174618 3.73904e-05 -0.000134091 -0.0174618 0.0865657 
0.00946985 -0.0173926 -1.37249e-05 3.93362e-05 -0.0173926 0.0860749 3.87942e-05 -0.000177812 -1.37249e-05 3.87942e-05 0.00948488 -0.0174676 3.93362e-05 -0.000177812 -0.0174676 0.0865218 
0.00948692 -0.0174128 -2.17817e-05 4.21856e-05 -0.0174128 0.0861937 4.59675e-05 -0.000196047 -2.17817e-05 4.59675e-05 0.00950354 -0.0175158 4.21856e-05 -0.000196047 -0.0175158 0.0867193 
0.00949963 -0.0174572 -2.56837e-05 5.23972e-05 -0.0174572 0.0864022 5.63158e-05 -0.000219676 -2.56837e-05 5.63158e-05 0.00953873 -0.0175657 5.23972e-05 -0.000219676 -0.0175657 0.0869699 
0.00949168 -0.0174254 -5.0074e-06 5.37897e-05 -0.0174254 0.086296 5.9675e-05 -0.000229899 -5.0074e-06 5.9675e-05 0.00954465 -0.0175669 5.37897e-05 -0.000229899 -0.0175669 0.0869341 
0.00950845 -0.0174485 1.1059e-05 2.66727e-05 -0.0174485 0.0863939 3.62873e-05 -0.000195468 1.1059e-05 3.62873e-05 0.00956226 -0.0176095 2.66727e-05 -0.000195468 -0.0176095 0.0870988 
0.00951392 -0.0174372 2.82464e-05 6.60211e-06 -0.0174372 0.0863181 1.71224e-05 -0.000145505 2.82464e-05 1.71224e-05 0.00955447 -0.0176043 6.60211e-06 -0.000145505 -0.0176043 0.0870667 
0.00953996 -0.0174711 1.62588e-05 -1.31477e-05 -0.0174711 0.0864265 -5.9245e-06 -9.31446e-05 1.62588e-05 -5.9245e-06 0.00954267 -0.0176215 -1.31477e-05 -9.31446e-05 -0.0176215 0.0871655 
0.00954498 -0.0175077 2.07692e-05 -6.54351e-07 -0.0175077 0.086553 4.51548e-06 -8.4905e-05 2.07692e-05 4.51548e-06 0.00954631 -0.0176183 -6.54351e-07 -8.4905e-05 -0.0176183 0.0872321 
0.00955218 -0.0175144 2.61119e-05 -1.92818e-06 -0.0175144 0.0866199 7.52747e-07 -8.76144e-05 2.61119e-05 7.52747e-07 0.00954721 -0.0176197 -1.92818e-06 -8.76144e-05 -0.0176197 0.0872561 
0.00956924 -0.0175679 2.57072e-05 -4.8754e-06 -0.0175679 0.0868765 -4.6295e-06 -8.50026e-05 2.57072e-05 -4.6295e-06 0.00957536 -0.0176573 -4.8754e-06 -8.50026e-05 -0.0176573 0.0874673 
0.00956028 -0.0175902 2.18941e-05 -5.10354e-06 -0.0175902 0.0870313 -2.04445e-06 -8.54013e-05 2.18941e-05 -2.04445e-06 0.00961117 -0.017687 -5.10354e-06 -8.54013e-05 -0.017687 0.0876042 
0.00956241 -0.0175459 2.14428e-05 -9.68155e-08 -0.0175459 0.0869286 6.56533e-06 -0.000101999 2.14428e-05 6.56533e-06 0.0095929 -0.0177015 -9.68155e-08 -0.000101999 -0.0177015 0.0875934 
0.00956357 -0.0175479 2.75214e-05 2.15493e-06 -0.0175479 0.0868893 8.12762e-06 -0.000115144 2.75214e-05 8.12762e-06 0.00958494 -0.0176843 2.15493e-06 -0.000115144 -0.0176843 0.0875804 
0.00953374 -0.0174487 4.90238e-05 -2.14126e-06 -0.0174487 0.0863867 1.12587e-08 -0.000111952 4.90238e-05 1.12587e-08 0.00950854 -0.0175724 -2.14126e-06 -0.000111952 -0.0175724 0.087051 
0.00954491 -0.0174596 6.8529e-05 -2.91745e-05 -0.0174596 0.0863252 -2.98128e-05 -6.2755e-05 6.8529e-05 -2.98128e-05 0.00946926 -0.0175153 -2.91745e-05 -6.2755e-05 -0.0175153 0.0868591 
0.00952872 -0.0174318 6.33036e-05 -5.64169e-05 -0.0174318 0.0861075 -5.65572e-05 7.7452e-06 6.33036e-05 -5.65572e-05 0.00942221 -0.0174187 -5.64169e-05 7.7452e-06 -0.0174187 0.0864598 
0.0095115 -0.0174157 5.25045e-05 -5.19175e-05 -0.0174157 0.0859869 -5.08499e-05 3.16663e-05 5.25045e-05 -5.08499e-05 0.00939628 -0.01736 -5.19175e-05 3.16663e-05 -0.01736 0.0861875 
0.00949902 -0.0174121 2.72491e-05 -3.74782e-05 -0.0174121 0.0859712 -3.41789e-05 8.43901e-06 2.72491e-05 -3.41789e-05 0.0093918 -0.0173414 -3.74782e-05 8.43901e-06 -0.0173414 0.0860847 
0.00948753 -0.0174082 1.70172e-05 -7.51564e-06 -0.0174082 0.0859841 1.06119e-06 -5.60691e-05 1.70172e-05 1.06119e-06 0.00939946 -0.0173419 -7.51564e-06 -5.60691e-05 -0.0173419 0.0860658 
0.00950151 -0.0174035 2.88942e-05 3.67241e-06 -0.0174035 0.0860036 1.6175e-05 -0.000107979 2.88942e-05 1.6175e-05 0.00938459 -0.0173526 3.67241e-06 -0.000107979 -0.0173526 0.0860873 
0.00950265 -0.017398 2.61657e-05 -6.70187e-06 -0.017398 0.0859298 4.11619e-06 -0.000113341 2.61657e-05 4.11619e-06 0.0093544 -0.0173136 -6.70187e-06 -0.000113341 -0.0173136 0.0859643 
0.00947594 -0.0174102 2.3613e-05 -3.07322e-06 -0.0174102 0.0859468 2.48774e-06 -0.000108618 2.3613e-05 2.48774e-06 0.0093683 -0.0172786 -3.07322e-06 -0.000108618 -0.0172786 0.0858665 
0.00944221 -0.017357 2.16797e-05 2.3967e-06 -0.017357 0.0858019 2.93274e-06 -0.000113205 2.16797e-05 2.93274e-06 0.00938104 -0.0172729 2.3967e-06 -0.000113205 -0.0172729 0.0857374 
0.00944144 -0.017327 1.60198e-05 5.98878e-06 -0.017327 0.0857231 3.32583e-06 -0.000118141 1.60198e-05 3.32583e-06 0.0093875 -0.0173047 5.98878e-06 -0.000118141 -0.0173047 0.0857852 
0.00947267 -0.0173475 1.23207e-05 1.20962e-05 -0.0173475 0.0857975 9.48534e-06 -0.000129363 1.23207e-05 9.48534e-06 0.00939016 -0.0173415 1.20962e-05 -0.000129363 -0.0173415 0.0859532 
0.00944231 -0.017348 1.87191e-05 1.88108e-05 -0.017348 0.085705 1.87016e-05 -0.00015072 1.87191e-05 1.87016e-05 0.00940868 -0.0173053 1.88108e-05 -0.00015072 -0.0173053 0.0858317 
0.00945666 -0.0173876 2.48094e-05 1.35395e-05 -0.0173876 0.0859823 1.66592e-05 -0.000160921 2.48094e-05 1.66592e-05 0.00945905 -0.0174047 1.35395e-05 -0.000160921 -0.0174047 0.0861781 
0.00945494 -0.017382 3.31008e-05 4.94244e-06 -0.017382 0.0860211 8.35371e-06 -0.00014942 3.31008e-05 8.35371e-06 0.00948588 -0.0174525 4.94244e-06 -0.00014942 -0.0174525 0.0863567 
0.0094333 -0.0173799 4.67062e-05 -5.64686e-06 -0.0173799 0.0860379 -4.06823e-06 -0.00012461 4.67062e-05 -4.06823e-06 0.00952591 -0.0174877 -5.64686e-06 -0.00012461 -0.0174877 0.0864937 
0.00945337 -0.0173982 3.29412e-05 -2.36521e-05 -0.0173982 0.086236 -2.20523e-05 -8.49728e-05 3.29412e-05 -2.20523e-05 0.0095613 -0.0175883 -2.36521e-05 -8.49728e-05 -0.0175883 0.0868742 
