0.00726258 0 -1.53535e-05 0 0 0.0103628 0 0 -1.53535e-05 0 0.00734468 0 0 0 0 0.0103628 
0.010514 -0.0130546 -2.23049e-05 2.79273e-05 -0.0130546 0.0347144 2.79273e-05 -5.31485e-05 -2.23049e-05 2.79273e-05 0.0105664 -0.0131113 2.79273e-05 -5.31485e-05 -0.0131113 0.0348237 
0.00921056 -0.0172185 -1.40637e-05 3.69692e-05 -0.0172185 0.0634835 3.69692e-05 -0.000118727 -1.40637e-05 3.69692e-05 0.0091834 -0.017057 3.69692e-05 -0.000118727 -0.017057 0.0629084 
0.00867826 -0.0169156 -6.63755e-06 1.91319e-05 -0.0169156 0.0760156 3.11566e-05 -0.000120058 -6.63755e-06 3.11566e-05 0.00863521 -0.0165357 1.91319e-05 -0.000120058 -0.0165357 0.0740814 
0.00988303 -0.018719 -3.90046e-06 -3.22539e-06 -0.018719 0.0907649 2.44198e-05 -8.12573e-05 -3.90046e-06 2.44198e-05 0.00990624 -0.0183221 -3.22539e-06 -8.12573e-05 -0.0183221 0.0880526 
0.00959073 -0.0178032 -1.98705e-06 -1.16109e-05 -0.0178032 0.0880203 1.51516e-05 -2.77542e-05 -1.98705e-06 1.51516e-05 0.00967744 -0.017616 -1.16109e-05 -2.77542e-05 -0.017616 0.0860275 
0.00930462 -0.017187 -1.83238e-05 -7.66431e-06 -0.017187 0.0851482 9.33095e-06 -9.22455e-06 -1.83238e-05 9.33095e-06 0.00943538 -0.0171303 -7.66431e-06 -9.22455e-06 -0.0171303 0.0839201 
0.00905558 -0.0167228 -1.69105e-05 1.68986e-05 -0.0167228 0.0828507 2.31709e-05 -3.28819e-05 -1.69105e-05 2.31709e-05 0.00920638 -0.0167285 1.68986e-05 -3.28819e-05 -0.0167285 0.0820855 
0.0102665 -0.0189091 -1.82483e-05 2.43776e-05 -0.0189091 0.0937023 2.46566e-05 -6.09502e-05 -1.82483e-05 2.46566e-05 0.0104065 -0.0189421 2.43776e-05 -6.09502e-05 -0.0189421 0.0930679 
0.0101974 -0.0187329 -1.24288e-05 2.75616e-05 -0.0187329 0.0927145 2.54262e-05 -7.50674e-05 -1.24288e-05 2.54262e-05 0.0102582 -0.0187145 2.75616e-05 -7.50674e-05 -0.0187145 0.0920678 
0.0101519 -0.01866 1.13456e-05 2.34109e-05 -0.01866 0.0921738 2.02398e-05 -7.64339e-05 1.13456e-05 2.02398e-05 0.010167 -0.0185322 2.34109e-05 -7.64339e-05 -0.0185322 0.0913108 
0.0101181 -0.0186322 2.63089e-05 -2.07319e-06 -0.0186322 0.0919562 -6.46455e-06 -4.19308e-05 2.63089e-05 -6.46455e-06 0.0101244 -0.0184333 -2.07319e-06 -4.19308e-05 -0.0184333 0.0908561 
0.0100686 -0.0185826 2.34259e-05 -2.07483e-05 -0.0185826 0.0917322 -2.56491e-05 4.97386e-06 2.34259e-05 -2.56491e-05 0.0101023 -0.0183686 -2.07483e-05 4.97386e-06 -0.0183686 0.0905102 
0.0100408 -0.018536 4.89038e-06 -1.58291e-05 -0.018536 0.0915958 -2.08294e-05 1.3853e-05 4.89038e-06 -2.08294e-05 0.0100929 -0.0183594 -1.58291e-05 1.3853e-05 -0.0183594 0.0903971 
0.0100062 -0.0184754 -7.26345e-06 5.27463e-06 -0.0184754 0.0913513 3.15555e-06 -2.14617e-05 -7.26345e-06 3.15555e-06 0.010077 -0.0183303 5.27463e-06 -2.14617e-05 -0.0183303 0.0902365 
0.00997733 -0.0184307 -1.14341e-05 2.18123e-05 -0.0184307 0.0911665 2.16379e-05 -7.09204e-05 -1.14341e-05 2.16379e-05 0.0100702 -0.0183137 2.18123e-05 -7.09204e-05 -0.0183137 0.0901374 
0.00997352 -0.0183991 3.83701e-07 2.60928e-05 -0.0183991 0.0910604 2.75141e-05 -9.85765e-05 3.83701e-07 2.75141e-05 0.0100702 -0.0183233 2.60928e-05 -9.85765e-05 -0.0183233 0.0901495 
0.00998029 -0.0183974 5.46928e-06 9.52367e-06 -0.0183974 0.0910212 1.33904e-05 -8.19687e-05 5.46928e-06 1.33904e-05 0.0100645 -0.0183284 9.52367e-06 -8.19687e-05 -0.0183284 0.0901745 
0.00996257 -0.0183703 8.00625e-06 2.65305e-06 -0.0183703 0.0908346 4.3179e-06 -5.66768e-05 8.00625e-06 4.3179e-06 0.010032 -0.0182785 2.65305e-06 -5.66768e-05 -0.0182785 0.0899662 
0.00990443 -0.0182751 1.33127e-05 -1.52399e-06 -0.0182751 0.090358 -2.45581e-06 -3.50713e-05 1.33127e-05 -2.45581e-06 0.0099906 -0.0181723 -1.52399e-06 -3.50713e-05 -0.0181723 0.0894709 
0.00988071 -0.0182385 2.55807e-05 -7.88977e-06 -0.0182385 0.0901874 -1.11049e-05 -1.38702e-05 2.55807e-05 -1.11049e-05 0.00998393 -0.0181504 -7.88977e-06 -1.38702e-05 -0.0181504 0.0893093 
0.00985722 -0.0181927 2.2954e-05 -2.09335e-05 -0.0181927 0.0899717 -2.52425e-05 1.32808e-05 2.2954e-05 -2.52425e-05 0.00997105 -0.018125 -2.09335e-05 1.32808e-05 -0.018125 0.0891344 
0.00985984 -0.018212 1.59473e-05 -1.43778e-05 -0.018212 0.090063 -2.07083e-05 1.41497e-05 1.59473e-05 -2.07083e-05 0.0099804 -0.0181593 -1.43778e-05 1.41497e-05 -0.0181593 0.0892677 
0.00988467 -0.0182504 7.7903e-06 -9.04646e-08 -0.0182504 0.0902918 -1.02185e-05 -1.38661e-05 7.7903e-06 -1.02185e-05 0.00998821 -0.018215 -9.04646e-08 -1.38661e-05 -0.018215 0.089551 
0.00987647 -0.0182115 4.89171e-06 1.27603e-05 -0.0182115 0.0901081 -3.10404e-07 -4.68363e-05 4.89171e-06 -3.10404e-07 0.00995742 -0.018163 1.27603e-05 -4.68363e-05 -0.018163 0.0893845 
0.00988481 -0.0182193 -4.92309e-06 1.71472e-05 -0.0182193 0.0901043 3.90724e-06 -6.95205e-05 -4.92309e-06 3.90724e-06 0.00994863 -0.018145 1.71472e-05 -6.95205e-05 -0.018145 0.0893469 
0.00990231 -0.0182444 -1.45451e-05 2.92687e-05 -0.0182444 0.0901955 1.76673e-05 -9.9464e-05 -1.45451e-05 1.76673e-05 0.0099484 -0.01815 2.92687e-05 -9.9464e-05 -0.01815 0.0893942 
0.00994562 -0.0182846 -1.09737e-05 3.92665e-05 -0.0182846 0.090366 3.12403e-05 -0.000132237 -1.09737e-05 3.12403e-05 0.00993238 -0.0181706 3.92665e-05 -0.000132237 -0.0181706 0.08952 
0.00993845 -0.0183 4.17557e-06 3.75025e-05 -0.0183 0.0903238 3.55161e-05 -0.000154827 4.17557e-06 3.55161e-05 0.009896 -0.0180999 3.75025e-05 -0.000154827 -0.0180999 0.0893107 
0.00992165 -0.0182987 1.2569e-05 2.16982e-05 -0.0182987 0.090324 2.13755e-05 -0.00014489 1.2569e-05 2.13755e-05 0.00989735 -0.018055 2.16982e-05 -0.00014489 -0.018055 0.0891513 
0.00987259 -0.0182203 2.14267e-05 1.10373e-05 -0.0182203 0.0900057 1.05708e-05 -0.000120982 2.14267e-05 1.05708e-05 0.00988416 -0.0180007 1.10373e-05 -0.000120982 -0.0180007 0.088812 
0.00985631 -0.0181477 1.66851e-05 -2.30385e-06 -0.0181477 0.0897123 -2.84336e-06 -8.94477e-05 1.66851e-05 -2.84336e-06 0.00984856 -0.0179852 -2.30385e-06 -8.94477e-05 -0.0179852 0.0886285 
0.00987597 -0.0181956 1.45904e-05 -2.28966e-06 -0.0181956 0.0898963 1.03077e-06 -7.35015e-05 1.45904e-05 1.03077e-06 0.00986561 -0.0180254 -2.28966e-06 -7.35015e-05 -0.0180254 0.0888745 
0.00986474 -0.0181878 1.17021e-05 -1.25204e-06 -0.0181878 0.0898663 1.96481e-06 -6.93672e-05 1.17021e-05 1.96481e-06 0.00987698 -0.0180178 -1.25204e-06 -6.93672e-05 -0.0180178 0.0888655 
0.00985266 -0.0181964 -7.86496e-09 1.89715e-07 -0.0181964 0.0899332 3.77934e-06 -6.7144e-05 -7.86496e-09 3.77934e-06 0.00990946 -0.0180472 1.89715e-07 -6.7144e-05 -0.0180472 0.088965 
0.0098184 -0.0181614 -2.33565e-05 1.13438e-05 -0.0181614 0.089836 1.30035e-05 -7.43198e-05 -2.33565e-05 1.30035e-05 0.00993017 -0.0180628 1.13438e-05 -7.43198e-05 -0.0180628 0.0889588 
0.00980659 -0.0181368 -2.9426e-05 4.10438e-05 -0.0181368 0.0898047 4.23468e-05 -0.000125419 -2.9426e-05 4.23468e-05 0.00993959 -0.0181007 4.10438e-05 -0.000125419 -0.0181007 0.0890606 
0.00980095 -0.0181201 -1.02594e-05 5.0754e-05 -0.0181201 0.0897616 5.42778e-05 -0.000170801 -1.02594e-05 5.42778e-05 0.00994221 -0.0181116 5.0754e-05 -0.000170801 -0.0181116 0.0891197 
0.00981094 -0.0180912 2.64689e-06 3.0069e-05 -0.0180912 0.0896444 3.31883e-05 -0.000156711 2.64689e-06 3.31883e-05 0.00991299 -0.018105 3.0069e-05 -0.000156711 -0.018105 0.0890869 
0.0098005 -0.0180773 1.72596e-05 1.36035e-05 -0.0180773 0.0894949 1.24879e-05 -0.000112601 1.72596e-05 1.24879e-05 0.00989269 -0.0180529 1.36035e-05 -0.000112601 -0.0180529 0.0889257 
0.00979652 -0.018083 2.64079e-05 -1.31612e-06 -0.018083 0.0894956 -6.65627e-06 -6.94556e-05 2.64079e-05 -6.65627e-06 0.0098929 -0.0180409 -1.31612e-06 -6.94556e-05 -0.0180409 0.0888796 
0.00980281 -0.018104 3.1193e-05 -1.07135e-05 -0.018104 0.0896156 -1.73088e-05 -3.91677e-05 3.1193e-05 -1.73088e-05 0.00991973 -0.0180698 -1.07135e-05 -3.91677e-05 -0.0180698 0.089002 
0.00980609 -0.0181403 4.21371e-05 -1.73031e-05 -0.0181403 0.0898207 -2.58941e-05 -1.55049e-05 4.21371e-05 -2.58941e-05 0.00996551 -0.0181303 -1.73031e-05 -1.55049e-05 -0.0181303 0.0892472 
0.00981829 -0.018162 4.51325e-05 -3.09705e-05 -0.018162 0.0900003 -3.78057e-05 1.2574e-05 4.51325e-05 -3.78057e-05 0.00998564 -0.0181951 -3.09705e-05 1.2574e-05 -0.0181951 0.0895019 
0.00981321 -0.0181508 3.19129e-05 -3.75432e-05 -0.0181508 0.0899874 -4.01395e-05 3.27299e-05 3.19129e-05 -4.01395e-05 0.00998044 -0.0182015 -3.75432e-05 3.27299e-05 -0.0182015 0.0895593 
0.00980387 -0.018109 1.9101e-05 -2.02008e-05 -0.018109 0.0898129 -1.93254e-05 6.03818e-06 1.9101e-05 -1.93254e-05 0.0099531 -0.0181663 -2.02008e-05 6.03818e-06 -0.0181663 0.0894283 
0.0097766 -0.0180586 2.21518e-06 -3.14349e-06 -0.0180586 0.0895357 -2.44494e-06 -3.83905e-05 2.21518e-06 -2.44494e-06 0.00993026 -0.0180998 -3.14349e-06 -3.83905e-05 -0.0180998 0.0891528 
0.00976332 -0.0180033 -2.25662e-06 1.8091e-05 -0.0180033 0.0892558 1.81464e-05 -9.1063e-05 -2.25662e-06 1.81464e-05 0.00989327 -0.0180515 1.8091e-05 -9.1063e-05 -0.0180515 0.0888842 
0.00977271 -0.0179989 -9.34769e-06 2.97271e-05 -0.0179989 0.0891704 2.62759e-05 -0.000133976 -9.34769e-06 2.62759e-05 0.00986674 -0.0180305 2.97271e-05 -0.000133976 -0.0180305 0.0887976 
0.00976818 -0.0180103 2.93614e-06 4.04682e-05 -0.0180103 0.0891479 3.40752e-05 -0.000164917 2.93614e-06 3.40752e-05 0.00985321 -0.0179985 4.04682e-05 -0.000164917 -0.0179985 0.0887067 
0.00976778 -0.0180368 7.22919e-06 2.57945e-05 -0.0180368 0.0892746 1.99761e-05 -0.000156504 7.22919e-06 1.99761e-05 0.00986423 -0.0180048 2.57945e-05 -0.000156504 -0.0180048 0.0887576 
0.00976991 -0.0180086 9.45652e-06 1.65961e-05 -0.0180086 0.0891827 1.45688e-05 -0.000135339 9.45652e-06 1.45688e-05 0.00984119 -0.017985 1.65961e-05 -0.000135339 -0.017985 0.0886462 
0.00976069 -0.0180169 1.44087e-05 9.55317e-06 -0.0180169 0.0891704 1.3037e-05 -0.000116967 1.44087e-05 1.3037e-05 0.00983565 -0.0179625 9.55317e-06 -0.000116967 -0.0179625 0.0885824 
0.00977541 -0.0180381 1.92685e-05 -3.6332e-06 -0.0180381 0.0893056 8.31598e-06 -9.25341e-05 1.92685e-05 8.31598e-06 0.00983837 -0.0179834 -3.6332e-06 -9.25341e-05 -0.0179834 0.0886804 
0.00978416 -0.0180255 1.41181e-05 -1.38147e-05 -0.0180255 0.0892455 3.06579e-07 -6.19953e-05 1.41181e-05 3.06579e-07 0.00981264 -0.01796 -1.38147e-05 -6.19953e-05 -0.01796 0.0885981 
0.00975141 -0.018013 2.8176e-06 -6.55469e-06 -0.018013 0.089121 2.97095e-06 -5.34415e-05 2.8176e-06 2.97095e-06 0.00982462 -0.0179066 -6.55469e-06 -5.34415e-05 -0.0179066 0.088404 
0.00973783 -0.0180252 -8.8874e-07 1.1835e-05 -0.0180252 0.0892514 1.42749e-05 -7.5766e-05 -8.8874e-07 1.42749e-05 0.00986476 -0.0179631 1.1835e-05 -7.5766e-05 -0.0179631 0.0885542 
0.00974568 -0.0179651 -6.04055e-07 1.75428e-05 -0.0179651 0.089071 1.56589e-05 -9.09373e-05 -6.04055e-07 1.56589e-05 0.00983554 -0.0179786 1.75428e-05 -9.09373e-05 -0.0179786 0.0885282 
0.00974471 -0.0179756 -1.11703e-06 1.77894e-05 -0.0179756 0.0890146 1.65123e-05 -9.67811e-05 -1.11703e-06 1.65123e-05 0.00981876 -0.0179489 1.77894e-05 -9.67811e-05 -0.0179489 0.0884873 
0.00973744 -0.0179663 1.23291e-05 1.66815e-05 -0.0179663 0.0889519 1.90482e-05 -9.99932e-05 1.23291e-05 1.90482e-05 0.00980477 -0.0179156 1.66815e-05 -9.99932e-05 -0.0179156 0.0883666 
0.00972569 -0.0179765 1.8368e-05 -8.06623e-07 -0.0179765 0.0890033 2.96779e-06 -7.51951e-05 1.8368e-05 2.96779e-06 0.0098146 -0.0179174 -8.06623e-07 -7.51951e-05 -0.0179174 0.0883803 
0.00974551 -0.0179903 3.1457e-05 -1.07568e-05 -0.0179903 0.0891507 -5.4598e-06 -4.42655e-05 3.1457e-05 -5.4598e-06 0.00983021 -0.0179655 -1.07568e-05 -4.42655e-05 -0.0179655 0.0885773 
0.00973685 -0.017957 4.12507e-05 -2.73125e-05 -0.017957 0.0889684 -2.34268e-05 -3.42314e-06 4.12507e-05 -2.34268e-05 0.00980261 -0.0179253 -2.73125e-05 -3.42314e-06 -0.0179253 0.0884122 
0.00971329 -0.0179214 2.96989e-05 -3.77614e-05 -0.0179214 0.088746 -3.75791e-05 3.35527e-05 2.96989e-05 -3.75791e-05 0.00977687 -0.0178636 -3.77614e-05 3.35527e-05 -0.0178636 0.0881498 
0.00968604 -0.0178609 9.46266e-06 -2.24887e-05 -0.0178609 0.0884528 -2.54113e-05 2.80058e-05 9.46266e-06 -2.54113e-05 0.00973928 -0.017808 -2.24887e-05 2.80058e-05 -0.017808 0.0878534 
0.00968311 -0.0178639 -1.58894e-05 7.42688e-06 -0.0178639 0.0884362 2.51976e-06 -3.00651e-05 -1.58894e-05 2.51976e-06 0.00972772 -0.017794 7.42688e-06 -3.00651e-05 -0.017794 0.0878091 
0.00968686 -0.0178766 -2.85517e-05 4.18493e-05 -0.0178766 0.0884985 3.4528e-05 -0.000112794 -2.85517e-05 3.4528e-05 0.00972731 -0.0177939 4.18493e-05 -0.000112794 -0.0177939 0.0878359 
0.00967691 -0.0178674 -2.87395e-05 5.87805e-05 -0.0178674 0.088466 4.85097e-05 -0.000171713 -2.87395e-05 4.85097e-05 0.00971848 -0.0177811 5.87805e-05 -0.000171713 -0.0177811 0.0877874 
0.00967484 -0.0178314 -1.59269e-05 5.63009e-05 -0.0178314 0.0883197 4.62863e-05 -0.000185848 -1.59269e-05 4.62863e-05 0.00968361 -0.0177509 5.63009e-05 -0.000185848 -0.0177509 0.087651 
0.00965189 -0.0178168 1.66862e-06 3.76779e-05 -0.0178168 0.0881904 3.14165e-05 -0.000160558 1.66862e-06 3.14165e-05 0.00967305 -0.0176974 3.76779e-05 -0.000160558 -0.0176974 0.0874733 
0.00961756 -0.0178046 8.05786e-06 1.25419e-05 -0.0178046 0.0881726 1.13389e-05 -0.000110708 8.05786e-06 1.13389e-05 0.00970397 -0.0177008 1.25419e-05 -0.000110708 -0.0177008 0.0874524 
0.00956408 -0.0177074 1.09553e-05 3.01778e-07 -0.0177074 0.0878318 5.84631e-06 -7.27406e-05 1.09553e-05 5.84631e-06 0.00969685 -0.017691 3.01778e-07 -7.27406e-05 -0.017691 0.0872651 
0.00954648 -0.0176403 8.16968e-06 -6.7555e-06 -0.0176403 0.0875746 3.66897e-06 -5.0774e-05 8.16968e-06 3.66897e-06 0.00967672 -0.0176943 -6.7555e-06 -5.0774e-05 -0.0176943 0.087216 
0.00955475 -0.0176446 1.32122e-05 -3.36377e-06 -0.0176446 0.0875617 6.49987e-06 -4.71355e-05 1.32122e-05 6.49987e-06 0.00966869 -0.0176999 -3.36377e-06 -4.71355e-05 -0.0176999 0.0872955 
0.00956666 -0.0176443 -5.21441e-06 -4.16966e-06 -0.0176443 0.0875263 -1.26491e-06 -4.17399e-05 -5.21441e-06 -1.26491e-06 0.0096537 -0.0176792 -4.16966e-06 -4.17399e-05 -0.0176792 0.0872529 
0.00958396 -0.0176797 -1.41374e-05 1.95439e-05 -0.0176797 0.0876431 1.91917e-05 -7.21419e-05 -1.41374e-05 1.91917e-05 0.00966256 -0.0176851 1.95439e-05 -7.21419e-05 -0.0176851 0.0873201 
0.00956985 -0.0176757 -1.09046e-05 2.96506e-05 -0.0176757 0.087601 3.05881e-05 -0.000106257 -1.09046e-05 3.05881e-05 0.0096625 -0.0176685 2.96506e-05 -0.000106257 -0.0176685 0.0872331 
0.00957863 -0.0176762 -3.05311e-06 2.78645e-05 -0.0176762 0.08764 2.51001e-05 -0.00011344 -3.05311e-06 2.51001e-05 0.00965328 -0.0176883 2.78645e-05 -0.00011344 -0.0176883 0.08729 
0.00953736 -0.0175891 8.23237e-06 2.23104e-05 -0.0175891 0.0871875 1.61021e-05 -0.000105133 8.23237e-06 1.61021e-05 0.00959742 -0.0175802 2.23104e-05 -0.000105133 -0.0175802 0.086823 
0.00949581 -0.0175424 -7.52794e-06 9.34936e-06 -0.0175424 0.0869128 8.02966e-06 -8.95848e-05 -7.52794e-06 8.02966e-06 0.00957752 -0.0175073 9.34936e-06 -8.95848e-05 -0.0175073 0.0864849 
0.0094703 -0.0175231 -5.47083e-06 2.26777e-05 -0.0175231 0.0868559 3.01194e-05 -0.000109245 -5.47083e-06 3.01194e-05 0.00958799 -0.0175099 2.26777e-05 -0.000109245 -0.0175099 0.0864279 
0.00945154 -0.0174762 8.76312e-06 2.15525e-05 -0.0174762 0.0866999 2.99385e-05 -0.000125316 8.76312e-06 2.99385e-05 0.0095707 -0.0175104 2.15525e-05 -0.000125316 -0.0175104 0.0863565 
0.0094498 -0.0174529 2.11734e-05 8.50692e-06 -0.0174529 0.0865966 8.71967e-06 -0.000102356 2.11734e-05 8.71967e-06 0.00954991 -0.0174969 8.50692e-06 -0.000102356 -0.0174969 0.0863218 
0.00946256 -0.017488 2.27988e-05 -7.19424e-06 -0.017488 0.0867333 -1.38473e-05 -5.52344e-05 2.27988e-05 -1.38473e-05 0.0095561 -0.017507 -7.19424e-06 -5.52344e-05 -0.017507 0.0864395 
0.00947433 -0.0174875 2.15654e-05 -9.3235e-06 -0.0174875 0.0867453 -1.53089e-05 -3.12562e-05 2.15654e-05 -1.53089e-05 0.00954275 -0.0175001 -9.3235e-06 -3.12562e-05 -0.0175001 0.0864301 
0.0095015 -0.0175595 1.66327e-05 -6.37677e-06 -0.0175595 0.0870695 -1.16906e-05 -3.21373e-05 1.66327e-05 -1.16906e-05 0.00957493 -0.01755 -6.37677e-06 -3.21373e-05 -0.01755 0.0867254 
0.00951718 -0.0175825 4.76711e-06 1.97145e-06 -0.0175825 0.0872229 -3.78029e-06 -4.91531e-05 4.76711e-06 -3.78029e-06 0.00959071 -0.01758 1.97145e-06 -4.91531e-05 -0.01758 0.0868797 
0.00951987 -0.0175828 -7.14184e-07 1.38014e-05 -0.0175828 0.0872303 7.52101e-06 -7.28666e-05 -7.14184e-07 7.52101e-06 0.00958743 -0.0175775 1.38014e-05 -7.28666e-05 -0.0175775 0.0868851 
0.009521 -0.0175933 -3.31106e-06 2.15257e-05 -0.0175933 0.0872799 1.43643e-05 -9.59031e-05 -3.31106e-06 1.43643e-05 0.0095944 -0.0175819 2.15257e-05 -9.59031e-05 -0.0175819 0.086927 
0.00951451 -0.017602 -1.7466e-05 2.48773e-05 -0.017602 0.0873486 2.19634e-05 -0.000114988 -1.7466e-05 2.19634e-05 0.00961337 -0.0176003 2.48773e-05 -0.000114988 -0.0176003 0.0870076 
0.00950055 -0.0175597 -1.94284e-05 3.79401e-05 -0.0175597 0.0872032 3.87879e-05 -0.000140872 -1.94284e-05 3.87879e-05 0.00960081 -0.0175907 3.79401e-05 -0.000140872 -0.0175907 0.0869219 
0.00950708 -0.0175391 -2.67486e-05 4.08762e-05 -0.0175391 0.0871018 4.48151e-05 -0.000163331 -2.67486e-05 4.48151e-05 0.00958319 -0.017579 4.08762e-05 -0.000163331 -0.017579 0.0868758 
0.00947992 -0.0175017 -3.13801e-05 4.79571e-05 -0.0175017 0.0868377 5.17453e-05 -0.000178549 -3.13801e-05 5.17453e-05 0.00956956 -0.0175049 4.79571e-05 -0.000178549 -0.0175049 0.0865658 
0.00949111 -0.017528 -1.56816e-05 5.09128e-05 -0.017528 0.0869705 5.29577e-05 -0.000182813 -1.56816e-05 5.29577e-05 0.00960353 -0.0175544 5.09128e-05 -0.000182813 -0.0175544 0.0867119 
0.00946002 -0.0174639 -2.1175e-06 2.97051e-05 -0.0174639 0.0866508 3.3378e-05 -0.000149161 -2.1175e-06 3.3378e-05 0.00958348 -0.0175128 2.97051e-05 -0.000149161 -0.0175128 0.0864367 
0.00947787 -0.0174766 8.84488e-06 8.16479e-06 -0.0174766 0.0866852 1.47473e-05 -9.50075e-05 8.84488e-06 1.47473e-05 0.00957653 -0.0175368 8.16479e-06 -9.50075e-05 -0.0175368 0.0865054 
0.00950812 -0.0175313 1.91851e-05 -5.72023e-06 -0.0175313 0.0868918 1.50996e-06 -5.0579e-05 1.91851e-05 1.50996e-06 0.00957581 -0.0175606 -5.72023e-06 -5.0579e-05 -0.0175606 0.0866733 
0.0095442 -0.0175959 3.16341e-05 -1.41495e-05 -0.0175959 0.0871732 -9.94172e-06 -2.32364e-05 3.16341e-05 -9.94172e-06 0.00957873 -0.0175828 -1.41495e-05 -2.32364e-05 -0.0175828 0.0868578 
0.00952717 -0.0175937 4.3385e-05 -2.65219e-05 -0.0175937 0.087127 -2.53886e-05 6.10521e-06 4.3385e-05 -2.53886e-05 0.00956929 -0.0175274 -2.65219e-05 6.10521e-06 -0.0175274 0.0866709 
0.00951754 -0.0175655 3.26548e-05 -4.4299e-05 -0.0175655 0.087034 -4.6599e-05 5.52263e-05 3.26548e-05 -4.6599e-05 0.00956131 -0.017505 -4.4299e-05 5.52263e-05 -0.017505 0.086521 
0.00956159 -0.0176368 2.22727e-05 -3.16096e-05 -0.0176368 0.0873832 -3.58075e-05 5.87446e-05 2.22727e-05 -3.58075e-05 0.0095875 -0.0175827 -3.16096e-05 5.87446e-05 -0.0175827 0.0868691 
0.00959734 -0.0176929 1.46212e-05 -1.62037e-05 -0.0176929 0.087638 -1.83452e-05 2.54166e-05 1.46212e-05 -1.83452e-05 0.0096013 -0.0176183 -1.62037e-05 2.54166e-05 -0.0176183 0.0870972 
0.00959926 -0.0177035 1.73424e-05 -8.48867e-06 -0.0177035 0.0876515 -4.86752e-06 -8.14064e-06 1.73424e-05 -4.86752e-06 0.00959959 -0.0175922 -8.48867e-06 -8.14064e-06 -0.0175922 0.0870264 
0.00957905 -0.0177286 1.66213e-05 -1.12068e-05 -0.0177286 0.0877693 -3.14909e-06 -2.40371e-05 1.66213e-05 -3.14909e-06 0.00964131 -0.0176058 -1.12068e-05 -2.40371e-05 -0.0176058 0.0870774 
0.00955452 -0.017697 1.7437e-05 -9.09548e-06 -0.017697 0.0877462 -2.70067e-06 -3.02302e-05 1.7437e-05 -2.70067e-06 0.00967612 -0.0176477 -9.09548e-06 -3.02302e-05 -0.0176477 0.0871401 
0.00954517 -0.0176769 1.20081e-05 -7.68682e-06 -0.0176769 0.0877443 -7.25094e-06 -2.93573e-05 1.20081e-05 -7.25094e-06 0.00970665 -0.0177101 -7.68682e-06 -2.93573e-05 -0.0177101 0.0873265 
0.00956075 -0.0176769 7.722e-06 -4.19479e-06 -0.0176769 0.087794 -6.32199e-06 -2.55221e-05 7.722e-06 -6.32199e-06 0.00972147 -0.0177666 -4.19479e-06 -2.55221e-05 -0.0177666 0.0875541 
0.00956989 -0.0176556 1.2287e-05 1.52079e-06 -0.0176556 0.0876643 1.49784e-06 -3.58112e-05 1.2287e-05 1.49784e-06 0.00969755 -0.0177528 1.52079e-06 -3.58112e-05 -0.0177528 0.0875126 
0.00958349 -0.0176644 4.93524e-07 -5.51127e-06 -0.0176644 0.0876157 -5.109e-06 -2.77102e-05 4.93524e-07 -5.109e-06 0.00966977 -0.0177206 -5.51127e-06 -2.77102e-05 -0.0177206 0.0874271 
0.00960119 -0.0177043 -1.56245e-05 5.23713e-06 -0.0177043 0.0877315 4.88551e-06 -3.16693e-05 -1.56245e-05 4.88551e-06 0.00967016 -0.0177035 5.23713e-06 -3.16693e-05 -0.0177035 0.0874235 
0.00957478 -0.0176813 -2.27575e-05 2.43714e-05 -0.0176813 0.0875841 2.69181e-05 -6.81998e-05 -2.27575e-05 2.69181e-05 0.00965433 -0.0176492 2.43714e-05 -6.81998e-05 -0.0176492 0.0871611 
0.00953466 -0.0175961 -1.51318e-05 3.58255e-05 -0.0175961 0.0871958 4.01479e-05 -0.000108843 -1.51318e-05 4.01479e-05 0.00961785 -0.0175757 3.58255e-05 -0.000108843 -0.0175757 0.0867479 
0.00951002 -0.0175767 -1.00755e-05 3.10125e-05 -0.0175767 0.0870814 3.22354e-05 -0.000118421 -1.00755e-05 3.22354e-05 0.00961749 -0.0175626 3.10125e-05 -0.000118421 -0.0175626 0.0866431 
0.00953594 -0.0176182 2.14478e-06 2.58954e-05 -0.0176182 0.0873286 2.1955e-05 -0.00010668 2.14478e-06 2.1955e-05 0.00964945 -0.0176323 2.58954e-05 -0.00010668 -0.0176323 0.0869365 
0.00957322 -0.0176807 1.26768e-05 1.28594e-05 -0.0176807 0.0876402 8.16125e-06 -8.32215e-05 1.26768e-05 8.16125e-06 0.00969321 -0.017704 1.28594e-05 -8.32215e-05 -0.017704 0.0872877 
0.00961725 -0.0177306 1.48186e-05 -4.58974e-06 -0.0177306 0.0878815 -7.62279e-06 -4.27205e-05 1.48186e-05 -7.62279e-06 0.00971465 -0.0177668 -4.58974e-06 -4.27205e-05 -0.0177668 0.087567 
0.00967518 -0.0178211 2.68438e-06 -7.78429e-06 -0.0178211 0.08825 -8.55612e-06 -2.37122e-05 2.68438e-06 -8.55612e-06 0.00973575 -0.0178246 -7.78429e-06 -2.37122e-05 -0.0178246 0.0878944 
0.0097101 -0.0179384 -3.48608e-06 9.08171e-06 -0.0179384 0.0887493 1.01655e-05 -5.01352e-05 -3.48608e-06 1.01655e-05 0.00978609 -0.0178845 9.08171e-06 -5.01352e-05 -0.0178845 0.0882618 
0.009747 -0.0179806 -4.41309e-06 1.89256e-05 -0.0179806 0.089036 2.2155e-05 -8.75041e-05 -4.41309e-06 2.2155e-05 0.0097933 -0.0179369 1.89256e-05 -8.75041e-05 -0.0179369 0.0884885 
0.00973725 -0.0179833 9.20035e-06 2.02707e-05 -0.0179833 0.0890195 2.17669e-05 -0.000103118 9.20035e-06 2.17669e-05 0.00978626 -0.0178968 2.02707e-05 -0.000103118 -0.0178968 0.0883832 
0.00968907 -0.01792 5.4218e-06 8.93919e-06 -0.01792 0.088741 5.97101e-06 -8.94409e-05 5.4218e-06 5.97101e-06 0.00976951 -0.01783 8.93919e-06 -8.94409e-05 -0.01783 0.0880445 
0.00967661 -0.0178626 4.04747e-06 1.28784e-05 -0.0178626 0.0885418 8.19217e-06 -8.41469e-05 4.04747e-06 8.19217e-06 0.00975661 -0.0178208 1.28784e-05 -8.41469e-05 -0.0178208 0.0879113 
0.00969857 -0.0178722 -8.65863e-06 1.51665e-05 -0.0178722 0.0885598 9.67302e-06 -8.80547e-05 -8.65863e-06 9.67302e-06 0.00975073 -0.0178407 1.51665e-05 -8.80547e-05 -0.0178407 0.0879953 
0.009694 -0.0178646 -1.75402e-05 2.66936e-05 -0.0178646 0.0884505 2.55832e-05 -0.000109036 -1.75402e-05 2.55832e-05 0.00973768 -0.0178078 2.66936e-05 -0.000109036 -0.0178078 0.0878841 
0.00968373 -0.0178749 -3.15966e-05 3.53921e-05 -0.0178749 0.0884726 4.04598e-05 -0.000139202 -3.15966e-05 4.04598e-05 0.00975599 -0.0178081 3.53921e-05 -0.000139202 -0.0178081 0.0878826 
0.00968668 -0.0178953 -3.44887e-05 4.88074e-05 -0.0178953 0.0886171 5.8894e-05 -0.00017248 -3.44887e-05 5.8894e-05 0.00978268 -0.0178594 4.88074e-05 -0.00017248 -0.0178594 0.0880627 
0.00969168 -0.017926 -6.16802e-06 5.12834e-05 -0.017926 0.0888109 6.20313e-05 -0.000190896 -6.16802e-06 6.20313e-05 0.00981695 -0.0179132 5.12834e-05 -0.000190896 -0.0179132 0.0883061 
0.00969216 -0.017916 1.88863e-05 1.69589e-05 -0.017916 0.0888296 2.47558e-05 -0.000139156 1.88863e-05 2.47558e-05 0.00982376 -0.0179369 1.69589e-05 -0.000139156 -0.0179369 0.0883924 
0.00968279 -0.0178676 3.58192e-05 -1.28338e-05 -0.0178676 0.0885994 -1.16187e-05 -5.52016e-05 3.58192e-05 -1.16187e-05 0.00979162 -0.0178953 -1.28338e-05 -5.52016e-05 -0.0178953 0.0882 
0.00968645 -0.0178525 3.71978e-05 -2.95671e-05 -0.0178525 0.088459 -3.51729e-05 1.07409e-05 3.71978e-05 -3.51729e-05 0.00975436 -0.0178476 -2.95671e-05 1.07409e-05 -0.0178476 0.0880129 
0.00970033 -0.0178842 3.42992e-05 -2.88892e-05 -0.0178842 0.0885345 -3.97157e-05 3.80104e-05 3.42992e-05 -3.97157e-05 0.00973555 -0.0178244 -2.88892e-05 3.80104e-05 -0.0178244 0.0879698 
0.0096862 -0.0178613 2.78968e-05 -2.37807e-05 -0.0178613 0.088399 -3.82517e-05 3.96875e-05 2.78968e-05 -3.82517e-05 0.00970731 -0.0177637 -2.37807e-05 3.96875e-05 -0.0177637 0.0877238 
0.00964839 -0.0178273 1.14119e-05 -1.61708e-05 -0.0178273 0.0882206 -2.91642e-05 2.39893e-05 1.14119e-05 -2.91642e-05 0.00969096 -0.0177076 -1.61708e-05 2.39893e-05 -0.0177076 0.0874622 
0.00962871 -0.017769 2.36295e-06 3.13579e-06 -0.017769 0.0880094 -1.45685e-06 -2.39348e-05 2.36295e-06 -1.45685e-06 0.00966651 -0.0176824 3.13579e-06 -2.39348e-05 -0.0176824 0.0872829 
0.00963974 -0.0177691 4.14091e-06 1.3192e-05 -0.0177691 0.0879999 1.58103e-05 -7.09454e-05 4.14091e-06 1.58103e-05 0.00965294 -0.0176863 1.3192e-05 -7.09454e-05 -0.0176863 0.0873167 
0.00961077 -0.0177306 9.12184e-07 1.08649e-05 -0.0177306 0.0877676 1.42097e-05 -8.7047e-05 9.12184e-07 1.42097e-05 0.00963415 -0.0176253 1.08649e-05 -8.7047e-05 -0.0176253 0.0870766 
0.00962297 -0.0177307 9.29368e-06 1.53428e-05 -0.0177307 0.0877877 1.61974e-05 -9.49157e-05 9.29368e-06 1.61974e-05 0.00962109 -0.0176408 1.53428e-05 -9.49157e-05 -0.0176408 0.0871177 
0.00963845 -0.0177849 3.10832e-05 8.7232e-06 -0.0177849 0.0880092 7.00847e-06 -8.92213e-05 3.10832e-05 7.00847e-06 0.00963953 -0.017665 8.7232e-06 -8.92213e-05 -0.017665 0.0873105 
0.00964111 -0.0177953 3.44191e-05 -1.37738e-05 -0.0177953 0.0881041 -1.76384e-05 -5.33834e-05 3.44191e-05 -1.76384e-05 0.00965322 -0.0176807 -1.37738e-05 -5.33834e-05 -0.0176807 0.0873977 
0.0096469 -0.0177986 2.37928e-05 -1.70837e-05 -0.0177986 0.0881522 -2.35734e-05 -2.8924e-05 2.37928e-05 -2.35734e-05 0.00966806 -0.0176986 -1.70837e-05 -2.8924e-05 -0.0176986 0.0874753 
0.00961575 -0.0177626 1.99181e-05 -1.25588e-07 -0.0177626 0.0879663 -9.4043e-06 -4.95035e-05 1.99181e-05 -9.4043e-06 0.00967182 -0.0176679 -1.25588e-07 -4.95035e-05 -0.0176679 0.0873077 
0.00956841 -0.0176719 9.49901e-06 1.09369e-05 -0.0176719 0.087555 -2.4497e-06 -8.19969e-05 9.49901e-06 -2.4497e-06 0.00964606 -0.0176119 1.09369e-05 -8.19969e-05 -0.0176119 0.0869453 
0.00953567 -0.0176209 -1.7328e-05 2.3401e-05 -0.0176209 0.0873093 9.82383e-06 -0.000114445 -1.7328e-05 9.82383e-06 0.00962912 -0.017589 2.3401e-05 -0.000114445 -0.017589 0.0867689 
0.00953097 -0.0176258 -1.47857e-05 5.1582e-05 -0.0176258 0.0873702 4.35503e-05 -0.000173571 -1.47857e-05 4.35503e-05 0.00964388 -0.0176289 5.1582e-05 -0.000173571 -0.0176289 0.0869306 
0.00953146 -0.0176292 -2.30697e-05 4.53819e-05 -0.0176292 0.0874381 4.4775e-05 -0.000200322 -2.30697e-05 4.4775e-05 0.0096618 -0.0176609 4.53819e-05 -0.000200322 -0.0176609 0.0870952 
0.00954074 -0.0176626 -1.80985e-06 4.77346e-05 -0.0176626 0.0876404 5.25493e-05 -0.000205264 -1.80985e-06 5.25493e-05 0.00969404 -0.0177192 4.77346e-05 -0.000205264 -0.0177192 0.0873807 
0.00951945 -0.0176271 2.39822e-05 2.27088e-05 -0.0176271 0.0875359 2.79779e-05 -0.000171807 2.39822e-05 2.79779e-05 0.00969665 -0.0177209 2.27088e-05 -0.000171807 -0.0177209 0.0873794 
0.0095108 -0.0175669 3.95743e-05 -1.0947e-05 -0.0175669 0.0872918 -7.21314e-06 -9.5007e-05 3.95743e-05 -7.21314e-06 0.00966645 -0.0176954 -1.0947e-05 -9.5007e-05 -0.0176954 0.087241 
0.00951979 -0.0175701 3.21669e-05 -2.98619e-05 -0.0175701 0.0872464 -2.71193e-05 -3.08363e-05 3.21669e-05 -2.71193e-05 0.00964804 -0.0176795 -2.98619e-05 -3.08363e-05 -0.0176795 0.0872198 
0.00954133 -0.0176048 2.67619e-05 -2.05097e-05 -0.0176048 0.0873598 -1.9758e-05 -1.883e-05 2.67619e-05 -1.9758e-05 0.00964406 -0.0176759 -2.05097e-05 -1.883e-05 -0.0176759 0.0872691 
