0.00716591 0 -5.97645e-05 0 0 0.0102668 0 0 -5.97645e-05 0 0.00734208 0 0 0 0 0.0102668 
0.0103885 -0.0129002 -7.50201e-05 9.09647e-05 -0.0129002 0.0343418 9.09647e-05 -0.000174722 -7.50201e-05 9.09647e-05 0.0105784 -0.0131257 9.09647e-05 -0.000174722 -0.0131257 0.0347744 
0.00914841 -0.0171208 -2.77344e-05 6.43847e-05 -0.0171208 0.063151 6.43847e-05 -0.000195095 -2.77344e-05 6.43847e-05 0.00921847 -0.0171506 6.43847e-05 -0.000195095 -0.0171506 0.0631828 
0.00867485 -0.0169042 1.22106e-05 -1.32077e-05 -0.0169042 0.07602 -2.37434e-05 0.00010149 1.22106e-05 -2.37434e-05 0.00867338 -0.0166587 -1.32077e-05 0.00010149 -0.0166587 0.0746231 
0.00992493 -0.0187958 3.25968e-05 -5.92244e-05 -0.0187958 0.0911479 -8.6782e-05 0.000359089 3.25968e-05 -8.6782e-05 0.00995964 -0.018465 -5.92244e-05 0.000359089 -0.018465 0.0888275 
0.00967681 -0.0179385 3.44801e-05 -6.37143e-05 -0.0179385 0.088681 -9.46734e-05 0.000382439 3.44801e-05 -9.46734e-05 0.00971286 -0.0177556 -6.37143e-05 0.000382439 -0.0177556 0.0868315 
0.00938099 -0.0173312 2.0641e-05 -5.7931e-05 -0.0173312 0.0858107 -8.05408e-05 0.000322713 2.0641e-05 -8.05408e-05 0.00946317 -0.0172094 -5.7931e-05 0.000322713 -0.0172094 0.0845275 
0.00912392 -0.0168177 1.22016e-05 -4.47688e-05 -0.0168177 0.0833246 -5.50244e-05 0.00025308 1.22016e-05 -5.50244e-05 0.00921337 -0.0167634 -4.47688e-05 0.00025308 -0.0167634 0.082431 
0.0103178 -0.0189965 9.66976e-06 -3.99311e-05 -0.0189965 0.0940871 -4.01437e-05 0.000221083 9.66976e-06 -4.01437e-05 0.010425 -0.0189529 -3.99311e-05 0.000221083 -0.0189529 0.0932864 
0.0101999 -0.0187705 1.68218e-05 -4.01024e-05 -0.0187705 0.0928955 -3.53372e-05 0.000194311 1.68218e-05 -3.53372e-05 0.0102935 -0.0187234 -4.01024e-05 0.000194311 -0.0187234 0.092156 
0.010076 -0.0185742 3.88416e-07 -4.89783e-05 -0.0185742 0.091844 -4.25221e-05 0.000197935 3.88416e-07 -4.25221e-05 0.0102029 -0.0184967 -4.89783e-05 0.000197935 -0.0184967 0.0910521 
0.010026 -0.0184998 -4.73945e-06 -3.28095e-05 -0.0184998 0.0914861 -2.41496e-05 0.000180572 -4.73945e-06 -2.41496e-05 0.0101812 -0.0184537 -3.28095e-05 0.000180572 -0.0184537 0.0906935 
0.0100313 -0.0184816 -1.16278e-05 -2.30543e-05 -0.0184816 0.0914215 -1.52632e-05 0.000151058 -1.16278e-05 -1.52632e-05 0.0101719 -0.0184723 -2.30543e-05 0.000151058 -0.0184723 0.0906949 
0.0100278 -0.018469 9.3433e-07 -1.5079e-05 -0.018469 0.0912924 -1.03374e-05 0.000132651 9.3433e-07 -1.03374e-05 0.0101306 -0.0184385 -1.5079e-05 0.000132651 -0.0184385 0.0905588 
0.00998277 -0.0184121 3.57584e-07 -2.69077e-05 -0.0184121 0.0909549 -2.71183e-05 0.000145444 3.57584e-07 -2.71183e-05 0.0100859 -0.0183297 -2.69077e-05 0.000145444 -0.0183297 0.0901205 
0.00995495 -0.0184039 -2.42089e-06 -2.18389e-05 -0.0184039 0.0909394 -3.02634e-05 0.000152191 -2.42089e-06 -3.02634e-05 0.0101059 -0.018322 -2.18389e-05 0.000152191 -0.018322 0.0900568 
0.0099508 -0.018411 -7.3972e-06 -1.73302e-05 -0.018411 0.091079 -2.93057e-05 0.000149224 -7.3972e-06 -2.93057e-05 0.010142 -0.0183928 -1.73302e-05 0.000149224 -0.0183928 0.0902899 
0.00995781 -0.0183967 -1.428e-05 -9.51977e-06 -0.0183967 0.0910965 -1.96993e-05 0.000129903 -1.428e-05 -1.96993e-05 0.0101476 -0.0184423 -9.51977e-06 0.000129903 -0.0184423 0.0904787 
0.00995628 -0.0183745 -1.13514e-05 -4.55568e-06 -0.0183745 0.0909762 -1.30062e-05 0.000113381 -1.13514e-05 -1.30062e-05 0.0101274 -0.0184263 -4.55568e-06 0.000113381 -0.0184263 0.0904555 
0.00993471 -0.0183456 -9.44039e-06 -9.9653e-06 -0.0183456 0.0907887 -1.50917e-05 0.000113392 -9.44039e-06 -1.50917e-05 0.0101158 -0.0183717 -9.9653e-06 0.000113392 -0.0183717 0.0902555 
0.00992246 -0.0183042 -8.92053e-06 -1.71457e-05 -0.0183042 0.0905861 -1.46723e-05 0.000122086 -8.92053e-06 -1.46723e-05 0.0100816 -0.0183365 -1.71457e-05 0.000122086 -0.0183365 0.0900435 
0.0099381 -0.0183265 -1.8977e-05 -1.83876e-05 -0.0183265 0.0906536 -1.24429e-05 0.000123783 -1.8977e-05 -1.24429e-05 0.0100695 -0.0183359 -1.83876e-05 0.000123783 -0.0183359 0.0900826 
0.00995033 -0.0183591 -1.25087e-05 -2.41089e-06 -0.0183591 0.0907783 6.13348e-07 9.92686e-05 -1.25087e-05 6.13348e-07 0.0100684 -0.0183327 -2.41089e-06 9.92686e-05 -0.0183327 0.0901338 
0.00996062 -0.0183684 -1.86743e-06 -5.54574e-06 -0.0183684 0.0908293 -7.38681e-06 9.07686e-05 -1.86743e-06 -7.38681e-06 0.0100584 -0.018321 -5.54574e-06 9.07686e-05 -0.018321 0.0901093 
0.00991927 -0.0182889 1.54855e-05 -1.69606e-05 -0.0182889 0.0904274 -2.02348e-05 0.00010747 1.54855e-05 -2.02348e-05 0.0100206 -0.0182287 -1.69606e-05 0.00010747 -0.0182287 0.0896769 
0.00996344 -0.0183333 3.03109e-05 -3.73407e-05 -0.0183333 0.0906388 -3.76593e-05 0.000141481 3.03109e-05 -3.76593e-05 0.0100247 -0.0182836 -3.73407e-05 0.000141481 -0.0182836 0.0899019 
0.00998799 -0.0183998 1.78519e-05 -5.9573e-05 -0.0183998 0.0908752 -5.81735e-05 0.00019387 1.78519e-05 -5.81735e-05 0.0100342 -0.0183011 -5.9573e-05 0.00019387 -0.0183011 0.0900765 
0.00999766 -0.0184133 -6.30742e-06 -4.52536e-05 -0.0184133 0.0909466 -4.22315e-05 0.000194357 -6.30742e-06 -4.22315e-05 0.0100255 -0.0182908 -4.52536e-05 0.000194357 -0.0182908 0.0900678 
0.00999087 -0.0184228 -2.06374e-05 -1.60171e-05 -0.0184228 0.0909768 -1.08231e-05 0.000139771 -2.06374e-05 -1.08231e-05 0.0100337 -0.0182719 -1.60171e-05 0.000139771 -0.0182719 0.0900184 
0.0099568 -0.0183729 -2.64612e-05 4.5404e-06 -0.0183729 0.0907638 7.15983e-06 8.24524e-05 -2.64612e-05 7.15983e-06 0.0100127 -0.0182314 4.5404e-06 8.24524e-05 -0.0182314 0.0897764 
0.00995774 -0.0183365 -2.23439e-05 1.42848e-05 -0.0183365 0.0906346 9.88106e-06 5.24868e-05 -2.23439e-05 9.88106e-06 0.00997387 -0.0182188 1.42848e-05 5.24868e-05 -0.0182188 0.0896862 
0.00992067 -0.0183323 -8.14165e-06 1.12546e-05 -0.0183323 0.090553 1.12237e-06 5.28539e-05 -8.14165e-06 1.12237e-06 0.00997915 -0.0181698 1.12546e-05 5.28539e-05 -0.0181698 0.0895612 
0.00991842 -0.0182987 9.79668e-06 -6.98768e-06 -0.0182987 0.0905122 -1.46403e-05 8.12027e-05 9.79668e-06 -1.46403e-05 0.00997551 -0.0181893 -6.98768e-06 8.12027e-05 -0.0181893 0.0895729 
0.00994911 -0.0183243 2.63796e-05 -3.44373e-05 -0.0183243 0.090634 -3.6719e-05 0.000137191 2.63796e-05 -3.6719e-05 0.0099685 -0.0182203 -3.44373e-05 0.000137191 -0.0182203 0.0897495 
0.00992781 -0.0183023 3.43275e-05 -5.86822e-05 -0.0183023 0.0904632 -5.75389e-05 0.000199261 3.43275e-05 -5.75389e-05 0.00994398 -0.0181541 -5.86822e-05 0.000199261 -0.0181541 0.0895327 
0.00987507 -0.0182366 4.15464e-05 -7.0222e-05 -0.0182366 0.0901531 -6.50751e-05 0.000239346 4.15464e-05 -6.50751e-05 0.00993764 -0.0180831 -7.0222e-05 0.000239346 -0.0180831 0.0891866 
0.00985922 -0.018234 3.17577e-05 -8.08825e-05 -0.018234 0.0902164 -7.05103e-05 0.000263688 3.17577e-05 -7.05103e-05 0.00997182 -0.0181391 -8.08825e-05 0.000263688 -0.0181391 0.0893319 
0.00985292 -0.0182092 1.71051e-06 -6.5303e-05 -0.0182092 0.0901944 -5.46788e-05 0.000244353 1.71051e-06 -5.46788e-05 0.00998798 -0.0181868 -6.5303e-05 0.000244353 -0.0181868 0.0894835 
0.00985848 -0.0181814 -3.17441e-05 -2.30979e-05 -0.0181814 0.0900764 -1.7444e-05 0.000165505 -3.17441e-05 -1.7444e-05 0.00996836 -0.0181873 -2.30979e-05 0.000165505 -0.0181873 0.0894867 
0.00986738 -0.0181943 -2.99633e-05 2.82845e-05 -0.0181943 0.0900679 2.64638e-05 4.50108e-05 -2.99633e-05 2.64638e-05 0.00996741 -0.01817 2.82845e-05 4.50108e-05 -0.01817 0.0894756 
0.00990762 -0.0182641 -1.53141e-05 2.94787e-05 -0.0182641 0.0903588 2.37187e-05 -1.01788e-05 -1.53141e-05 2.37187e-05 0.00997873 -0.0182096 2.94787e-05 -1.01788e-05 -0.0182096 0.0896828 
0.00992319 -0.0182743 1.55351e-05 1.07268e-05 -0.0182743 0.0903714 2.74737e-06 9.75877e-06 1.55351e-05 2.74737e-06 0.00994723 -0.0181815 1.07268e-05 9.75877e-06 -0.0181815 0.0895961 
0.00992344 -0.0183102 2.38112e-05 -2.81534e-05 -0.0183102 0.090496 -3.86633e-05 8.75393e-05 2.38112e-05 -3.86633e-05 0.00995946 -0.0181648 -2.81534e-05 8.75393e-05 -0.0181648 0.0896015 
0.00990936 -0.0182864 6.20212e-06 -3.80577e-05 -0.0182864 0.0904411 -5.19574e-05 0.000144143 6.20212e-06 -5.19574e-05 0.00995512 -0.018162 -3.80577e-05 0.000144143 -0.018162 0.0895369 
0.00989814 -0.018244 -5.13808e-06 -1.76607e-05 -0.018244 0.0902619 -2.93831e-05 0.000127809 -5.13808e-06 -2.93831e-05 0.00993623 -0.0181342 -1.76607e-05 0.000127809 -0.0181342 0.0893956 
0.00989739 -0.0182194 -1.40332e-05 -6.13506e-07 -0.0182194 0.090105 -8.62544e-06 7.78164e-05 -1.40332e-05 -8.62544e-06 0.00990721 -0.0180999 -6.13506e-07 7.78164e-05 -0.0180999 0.0892404 
0.00986871 -0.0181567 -2.06102e-05 8.45766e-06 -0.0181567 0.089733 4.82957e-06 3.82252e-05 -2.06102e-05 4.82957e-06 0.00985764 -0.0180067 8.45766e-06 3.82252e-05 -0.0180067 0.0888247 
0.00985144 -0.0181559 -4.15103e-06 1.60022e-05 -0.0181559 0.0896651 1.39796e-05 9.67983e-06 -4.15103e-06 1.39796e-05 0.00984419 -0.0179705 1.60022e-05 9.67983e-06 -0.0179705 0.0886664 
0.0098477 -0.0181625 2.8379e-05 -3.99744e-06 -0.0181625 0.0897327 -4.39884e-06 2.69365e-05 2.8379e-05 -4.39884e-06 0.00984442 -0.0179805 -3.99744e-06 2.69365e-05 -0.0179805 0.0886969 
0.00984239 -0.0181567 3.5731e-05 -4.57427e-05 -0.0181567 0.0897487 -4.4036e-05 0.000102669 3.5731e-05 -4.4036e-05 0.00983683 -0.0179825 -4.57427e-05 0.000102669 -0.0179825 0.088721 
0.00983983 -0.0181144 3.0302e-05 -6.05751e-05 -0.0181144 0.0895782 -5.64596e-05 0.000164417 3.0302e-05 -5.64596e-05 0.00980293 -0.0179475 -6.05751e-05 0.000164417 -0.0179475 0.0885833 
0.00985095 -0.0181223 1.87857e-05 -5.32759e-05 -0.0181223 0.0895527 -4.98281e-05 0.000174571 1.87857e-05 -4.98281e-05 0.00979407 -0.0179195 -5.32759e-05 0.000174571 -0.0179195 0.0885204 
0.00985222 -0.0181401 1.19793e-05 -3.47152e-05 -0.0181401 0.089574 -3.3106e-05 0.00014251 1.19793e-05 -3.3106e-05 0.00981212 -0.0179017 -3.47152e-05 0.00014251 -0.0179017 0.08845 
0.00985383 -0.0182106 1.47963e-05 -1.9782e-05 -0.0182106 0.0899088 -2.11187e-05 9.88254e-05 1.47963e-05 -2.11187e-05 0.00987701 -0.0179779 -1.9782e-05 9.88254e-05 -0.0179779 0.0887325 
0.00980868 -0.0181833 1.45308e-05 -1.70338e-05 -0.0181833 0.0899138 -2.24913e-05 7.27548e-05 1.45308e-05 -2.24913e-05 0.00992966 -0.0180284 -1.70338e-05 7.27548e-05 -0.0180284 0.0888418 
0.0097712 -0.0181169 2.60807e-05 -1.4874e-05 -0.0181169 0.0897812 -2.62252e-05 6.69995e-05 2.60807e-05 -2.62252e-05 0.00996737 -0.0180927 -1.4874e-05 6.69995e-05 -0.0180927 0.0889805 
0.00980626 -0.0181182 2.49249e-05 -2.41948e-05 -0.0181182 0.0899057 -3.70633e-05 7.45828e-05 2.49249e-05 -3.70633e-05 0.00998655 -0.0182063 -2.41948e-05 7.45828e-05 -0.0182063 0.0894248 
0.00983993 -0.0181142 9.04756e-06 -2.7902e-05 -0.0181142 0.0898169 -3.52237e-05 8.40968e-05 9.04756e-06 -3.52237e-05 0.00995702 -0.0181942 -2.7902e-05 8.40968e-05 -0.0181942 0.0894719 
0.00988556 -0.0182244 -6.00843e-06 -1.29023e-05 -0.0182244 0.0901893 -1.48089e-05 6.24851e-05 -6.00843e-06 -1.48089e-05 0.00999182 -0.0182198 -1.29023e-05 6.24851e-05 -0.0182198 0.0897365 
0.00991002 -0.0182831 -2.14991e-05 4.11408e-06 -0.0182831 0.0904536 3.52713e-06 2.38355e-05 -2.14991e-05 3.52713e-06 0.0100182 -0.0182521 4.11408e-06 2.38355e-05 -0.0182521 0.0898818 
0.00993326 -0.0183476 -3.6031e-05 1.82009e-05 -0.0183476 0.0907743 2.03883e-05 -1.17656e-05 -3.6031e-05 2.03883e-05 0.010058 -0.0183098 1.82009e-05 -1.17656e-05 -0.0183098 0.090139 
0.0099577 -0.0184138 -2.98697e-05 3.31869e-05 -0.0184138 0.0911435 3.69142e-05 -4.57716e-05 -2.98697e-05 3.69142e-05 0.0101048 -0.0183878 3.31869e-05 -4.57716e-05 -0.0183878 0.0904898 
0.00995162 -0.0183614 -2.6168e-05 2.42396e-05 -0.0183614 0.0909521 2.77288e-05 -4.30011e-05 -2.6168e-05 2.77288e-05 0.0100944 -0.0183633 2.42396e-05 -4.30011e-05 -0.0183633 0.090337 
0.0099411 -0.0183416 -8.41073e-06 1.89939e-05 -0.0183416 0.0907876 2.54317e-05 -3.07805e-05 -8.41073e-06 2.54317e-05 0.010079 -0.0183317 1.89939e-05 -3.07805e-05 -0.0183317 0.0901633 
0.00993281 -0.0183343 -1.05832e-05 -6.87072e-06 -0.0183343 0.0907212 2.2643e-06 1.58304e-05 -1.05832e-05 2.2643e-06 0.0100692 -0.0183171 -6.87072e-06 1.58304e-05 -0.0183171 0.0900713 
0.00996826 -0.018385 1.69746e-06 -5.82819e-06 -0.018385 0.0909768 2.49317e-06 4.15074e-05 1.69746e-06 2.49317e-06 0.0100711 -0.01837 -5.82819e-06 4.15074e-05 -0.01837 0.0903213 
0.00993953 -0.0183607 -1.33053e-05 -2.25233e-05 -0.0183607 0.090824 -1.54267e-05 7.74881e-05 -1.33053e-05 -1.54267e-05 0.0100603 -0.0183056 -2.25233e-05 7.74881e-05 -0.0183056 0.0901106 
0.00993577 -0.0183366 -3.14919e-05 -8.61846e-06 -0.0183366 0.0907491 3.3187e-07 7.82486e-05 -3.14919e-05 3.3187e-07 0.0100545 -0.0182958 -8.61846e-06 7.82486e-05 -0.0182958 0.0900185 
0.00994725 -0.0183528 -3.26788e-05 1.4679e-05 -0.0183528 0.0908152 2.75643e-05 3.01422e-05 -3.26788e-05 2.75643e-05 0.0100622 -0.0183169 1.4679e-05 3.01422e-05 -0.0183169 0.0901043 
0.00997872 -0.0183787 -1.37298e-05 1.51211e-05 -0.0183787 0.0909293 2.93464e-05 7.77784e-06 -1.37298e-05 2.93464e-05 0.0100597 -0.0183432 1.51211e-05 7.77784e-06 -0.0183432 0.0902329 
0.00999736 -0.0183964 -1.28435e-05 -7.05561e-06 -0.0183964 0.0909461 1.65628e-06 4.40073e-05 -1.28435e-05 1.65628e-06 0.0100436 -0.0183246 -7.05561e-06 4.40073e-05 -0.0183246 0.0902077 
0.00999185 -0.0184046 -1.79466e-05 -1.14698e-05 -0.0184046 0.090921 -7.70233e-06 8.35469e-05 -1.79466e-05 -7.70233e-06 0.010041 -0.0182937 -1.14698e-05 8.35469e-05 -0.0182937 0.0901049 
0.00998778 -0.0184061 -2.52911e-05 -5.79011e-06 -0.0184061 0.0909264 -2.73678e-06 9.10032e-05 -2.52911e-05 -2.73678e-06 0.010041 -0.0182891 -5.79011e-06 9.10032e-05 -0.0182891 0.0900574 
0.00999925 -0.0184225 -1.89947e-05 2.65105e-06 -0.0184225 0.09101 8.49677e-06 7.55009e-05 -1.89947e-05 8.49677e-06 0.0100329 -0.0183001 2.65105e-06 7.55009e-05 -0.0183001 0.0901032 
0.00999472 -0.0184163 -1.82597e-05 -7.55441e-06 -0.0184163 0.0909608 4.94583e-06 7.88533e-05 -1.82597e-05 4.94583e-06 0.0100093 -0.0182631 -7.55441e-06 7.88533e-05 -0.0182631 0.0899817 
0.00996846 -0.0183657 -1.84904e-05 -1.32776e-05 -0.0183657 0.090705 2.97175e-06 9.31815e-05 -1.84904e-05 2.97175e-06 0.00996487 -0.0181839 -1.32776e-05 9.31815e-05 -0.0181839 0.0896386 
0.00994611 -0.0183466 -1.61996e-05 -1.21599e-05 -0.0183466 0.0905994 2.16495e-06 0.000100018 -1.61996e-05 2.16495e-06 0.00995484 -0.0181398 -1.21599e-05 0.000100018 -0.0181398 0.0894515 
0.00991597 -0.0182971 -2.41987e-05 -9.34802e-06 -0.0182971 0.0904033 -8.86151e-07 9.82812e-05 -2.41987e-05 -8.86151e-07 0.00995147 -0.0181112 -9.34802e-06 9.82812e-05 -0.0181112 0.0892623 
0.00990449 -0.018264 -3.36192e-05 4.21301e-06 -0.018264 0.0902796 2.88249e-06 8.65627e-05 -3.36192e-05 2.88249e-06 0.00994517 -0.0181196 4.21301e-06 8.65627e-05 -0.0181196 0.0892272 
0.00992855 -0.018286 -3.19905e-05 1.99785e-05 -0.018286 0.0903979 1.05149e-05 6.18415e-05 -3.19905e-05 1.05149e-05 0.00994487 -0.018167 1.99785e-05 6.18415e-05 -0.018167 0.0894503 
0.00991541 -0.0182932 -4.42656e-05 2.3648e-05 -0.0182932 0.0903972 1.15879e-05 4.22467e-05 -4.42656e-05 1.15879e-05 0.00996469 -0.0181535 2.3648e-05 4.22467e-05 -0.0181535 0.0894745 
0.00993684 -0.0182985 -3.12766e-05 3.78108e-05 -0.0182985 0.0904931 2.76086e-05 1.35128e-05 -3.12766e-05 2.76086e-05 0.00997031 -0.0182085 3.78108e-05 1.35128e-05 -0.0182085 0.0896633 
0.00993259 -0.018299 -2.03952e-05 1.90745e-05 -0.018299 0.0904493 1.17052e-05 2.65661e-05 -2.03952e-05 1.17052e-05 0.00997516 -0.0181925 1.90745e-05 2.65661e-05 -0.0181925 0.0896516 
0.00992859 -0.0182905 -9.83186e-06 -7.50942e-07 -0.0182905 0.0903956 -5.75309e-06 7.41987e-05 -9.83186e-06 -5.75309e-06 0.00997474 -0.0181819 -7.50942e-07 7.41987e-05 -0.0181819 0.089582 
0.00992744 -0.0182907 -1.06289e-05 -1.68463e-05 -0.0182907 0.0903836 -2.08953e-05 0.000122392 -1.06289e-05 -2.08953e-05 0.00997449 -0.0181827 -1.68463e-05 0.000122392 -0.0181827 0.0895606 
0.00993152 -0.0183156 -2.20899e-05 -1.74906e-05 -0.0183156 0.0904951 -1.70514e-05 0.000138789 -2.20899e-05 -1.70514e-05 0.00998467 -0.0182 -1.74906e-05 0.000138789 -0.0182 0.089642 
0.00993661 -0.0183273 -1.17376e-05 -2.47713e-06 -0.0183273 0.0905852 3.93117e-07 0.000113682 -1.17376e-05 3.93117e-07 0.00997769 -0.0182182 -2.47713e-06 0.000113682 -0.0182182 0.0897253 
0.00996431 -0.0183938 -2.96053e-06 -9.93045e-06 -0.0183938 0.0909348 -1.07799e-05 0.000108349 -2.96053e-06 -1.07799e-05 0.0100067 -0.0182703 -9.93045e-06 0.000108349 -0.0182703 0.0900504 
0.00994423 -0.0183551 -8.71221e-06 -1.55671e-05 -0.0183551 0.0907876 -2.05521e-05 0.000118337 -8.71221e-06 -2.05521e-05 0.0100003 -0.0182266 -1.55671e-05 0.000118337 -0.0182266 0.0898738 
0.00992322 -0.0183203 -2.19133e-05 -7.99113e-06 -0.0183203 0.0906304 -1.42341e-05 0.000110694 -2.19133e-05 -1.42341e-05 0.0100008 -0.0182027 -7.99113e-06 0.000110694 -0.0182027 0.089715 
0.00988689 -0.0182811 -1.21154e-05 6.49787e-06 -0.0182811 0.0904595 -2.85319e-07 8.42157e-05 -1.21154e-05 -2.85319e-07 0.0100154 -0.0181923 6.49787e-06 8.42157e-05 -0.0181923 0.0895905 
0.00987436 -0.0182529 -1.06312e-05 -1.75733e-06 -0.0182529 0.0903999 -8.5646e-06 7.83544e-05 -1.06312e-05 -8.5646e-06 0.0100309 -0.0182362 -1.75733e-06 7.83544e-05 -0.0182362 0.0896761 
0.00986063 -0.0181936 -1.38105e-05 -4.2464e-06 -0.0181936 0.0901345 -8.6423e-06 8.03219e-05 -1.38105e-05 -8.6423e-06 0.0100092 -0.0182192 -4.2464e-06 8.03219e-05 -0.0182192 0.0895565 
0.00985594 -0.0181733 -1.60926e-05 2.54261e-06 -0.0181733 0.0899768 -2.10444e-06 6.62525e-05 -1.60926e-05 -2.10444e-06 0.00999643 -0.0181951 2.54261e-06 6.62525e-05 -0.0181951 0.0894574 
0.00986734 -0.0182231 -2.16711e-05 5.91467e-06 -0.0182231 0.0901633 1.216e-06 5.35003e-05 -2.16711e-05 1.216e-06 0.0100267 -0.018228 5.91467e-06 5.35003e-05 -0.018228 0.0896233 
0.00987405 -0.0182538 -2.0974e-05 1.11593e-05 -0.0182538 0.0903422 8.02768e-06 3.9534e-05 -2.0974e-05 8.02768e-06 0.0100537 -0.0182757 1.11593e-05 3.9534e-05 -0.0182757 0.0898094 
0.00986274 -0.0182254 -7.90767e-06 1.0985e-05 -0.0182254 0.090255 8.34552e-06 3.18788e-05 -7.90767e-06 8.34552e-06 0.0100447 -0.0182746 1.0985e-05 3.18788e-05 -0.0182746 0.0897777 
0.00987592 -0.0182095 4.93084e-06 -1.00274e-06 -0.0182095 0.0901846 -7.63228e-06 4.78402e-05 4.93084e-06 -7.63228e-06 0.0100149 -0.0182616 -1.00274e-06 4.78402e-05 -0.0182616 0.0897353 
0.00993329 -0.0182931 1.54429e-05 -1.77343e-05 -0.0182931 0.0905201 -2.69631e-05 8.75946e-05 1.54429e-05 -2.69631e-05 0.0100136 -0.0182963 -1.77343e-05 8.75946e-05 -0.0182963 0.0900042 
0.00994101 -0.018343 1.17755e-05 -2.91226e-05 -0.018343 0.0906888 -3.6332e-05 0.000116844 1.17755e-05 -3.6332e-05 0.0100153 -0.0182728 -2.91226e-05 0.000116844 -0.0182728 0.0900204 
0.00993415 -0.0183624 6.68422e-07 -2.07331e-05 -0.0183624 0.0908281 -2.54478e-05 0.000105937 6.68422e-07 -2.54478e-05 0.0100361 -0.01828 -2.07331e-05 0.000105937 -0.01828 0.0900689 
0.00992621 -0.0183296 3.07878e-06 -4.99217e-06 -0.0183296 0.0907541 -7.88459e-06 6.60128e-05 3.07878e-06 -7.88459e-06 0.0100319 -0.0182795 -4.99217e-06 6.60128e-05 -0.0182795 0.090017 
0.00994401 -0.0183244 9.37937e-06 -6.93746e-06 -0.0183244 0.0907202 -8.41535e-06 4.49526e-05 9.37937e-06 -8.41535e-06 0.0100046 -0.0182717 -6.93746e-06 4.49526e-05 -0.0182717 0.0899874 
0.00995428 -0.0183466 1.6135e-05 -1.69059e-05 -0.0183466 0.0907477 -1.95747e-05 5.82769e-05 1.6135e-05 -1.95747e-05 0.00997852 -0.018237 -1.69059e-05 5.82769e-05 -0.018237 0.0899197 
0.00995741 -0.0183297 3.20606e-05 -2.4887e-05 -0.0183297 0.090633 -2.82707e-05 7.95022e-05 3.20606e-05 -2.82707e-05 0.00993738 -0.0181695 -2.4887e-05 7.95022e-05 -0.0181695 0.0896684 
0.00995326 -0.0183 2.8166e-05 -4.63082e-05 -0.0183 0.0904184 -4.78064e-05 0.000121386 2.8166e-05 -4.78064e-05 0.00989948 -0.0180848 -4.63082e-05 0.000121386 -0.0180848 0.0893123 
0.00993764 -0.0183166 2.71225e-05 -4.59336e-05 -0.0183166 0.0904146 -4.76127e-05 0.000145094 2.71225e-05 -4.76127e-05 0.00989969 -0.018059 -4.59336e-05 0.000145094 -0.018059 0.0891812 
0.00992997 -0.0183196 1.02146e-05 -4.17399e-05 -0.0183196 0.0904889 -4.25856e-05 0.000139555 1.02146e-05 -4.25856e-05 0.00991511 -0.0180837 -4.17399e-05 0.000139555 -0.0180837 0.0892397 
0.00992341 -0.0183039 7.51345e-07 -1.84018e-05 -0.0183039 0.0904746 -1.86142e-05 9.56892e-05 7.51345e-07 -1.86142e-05 0.00991722 -0.0181037 -1.84018e-05 9.56892e-05 -0.0181037 0.0892991 
0.00987668 -0.0182422 2.73283e-06 -1.96631e-06 -0.0182422 0.0901915 -4.03556e-06 4.37636e-05 2.73283e-06 -4.03556e-06 0.00991025 -0.0180556 -1.96631e-06 4.37636e-05 -0.0180556 0.089078 
0.00985021 -0.0181974 1.07339e-05 -6.38312e-07 -0.0181974 0.0900434 -3.24146e-06 1.68107e-05 1.07339e-05 -3.24146e-06 0.00990992 -0.0180623 -6.38312e-07 1.68107e-05 -0.0180623 0.08903 
0.00984416 -0.0181866 1.90297e-05 -9.78751e-06 -0.0181866 0.0900437 -1.42605e-05 2.33611e-05 1.90297e-05 -1.42605e-05 0.0099169 -0.0180964 -9.78751e-06 2.33611e-05 -0.0180964 0.0891645 
0.00981627 -0.0181259 6.6594e-06 -1.54804e-05 -0.0181259 0.0897869 -2.58968e-05 4.01064e-05 6.6594e-06 -2.58968e-05 0.00989166 -0.0180651 -1.54804e-05 4.01064e-05 -0.0180651 0.0890278 
0.00975965 -0.0180317 1.31704e-06 1.14947e-06 -0.0180317 0.0893271 -1.30398e-05 2.46119e-05 1.31704e-06 -1.30398e-05 0.00986139 -0.0179774 1.14947e-06 2.46119e-05 -0.0179774 0.0886357 
0.00972099 -0.0179817 2.10708e-06 1.14899e-05 -0.0179817 0.0890993 -3.6506e-06 -6.49838e-06 2.10708e-06 -3.6506e-06 0.00986671 -0.0179537 1.14899e-05 -6.49838e-06 -0.0179537 0.0884657 
0.00971512 -0.0179882 6.13609e-06 1.40999e-05 -0.0179882 0.0891947 -3.60854e-06 -2.50554e-05 6.13609e-06 -3.60854e-06 0.00991186 -0.0180217 1.40999e-05 -2.50554e-05 -0.0180217 0.0886929 
0.00975115 -0.0179828 -2.47063e-06 1.18154e-05 -0.0179828 0.0892421 -7.3247e-06 -2.96774e-05 -2.47063e-06 -7.3247e-06 0.00991599 -0.0180894 1.18154e-05 -2.96774e-05 -0.0180894 0.0889289 
0.00979761 -0.0180159 -1.27609e-05 1.8081e-05 -0.0180159 0.0892797 2.46157e-06 -4.05886e-05 -1.27609e-05 2.46157e-06 0.00989396 -0.0180877 1.8081e-05 -4.05886e-05 -0.0180877 0.0890032 
0.00985643 -0.0181352 -1.4348e-05 2.4512e-05 -0.0181352 0.0896871 1.77106e-05 -6.21524e-05 -1.4348e-05 1.77106e-05 0.00989665 -0.0181114 2.4512e-05 -6.21524e-05 -0.0181114 0.0892429 
0.0098806 -0.0182293 3.1228e-06 2.07352e-05 -0.0182293 0.090077 2.52267e-05 -7.49461e-05 3.1228e-06 2.52267e-05 0.00992442 -0.0181196 2.07352e-05 -7.49461e-05 -0.0181196 0.0893945 
0.0098838 -0.0182355 1.22692e-05 -3.18148e-06 -0.0182355 0.0901699 8.69746e-06 -5.0108e-05 1.22692e-05 8.69746e-06 0.00992953 -0.0181189 -3.18148e-06 -5.0108e-05 -0.0181189 0.0893635 
0.00985511 -0.0182139 8.21181e-06 -1.72103e-05 -0.0182139 0.0900845 -6.24065e-06 -8.01501e-06 8.21181e-06 -6.24065e-06 0.00993397 -0.0180967 -1.72103e-05 -8.01501e-06 -0.0180967 0.0892354 
0.00982547 -0.0181868 -1.69987e-05 -1.08354e-05 -0.0181868 0.090038 -4.95352e-06 4.26717e-06 -1.69987e-05 -4.95352e-06 0.00994948 -0.0181132 -1.08354e-05 4.26717e-06 -0.0181132 0.0892421 
0.00977742 -0.0180918 -4.10779e-05 1.88543e-05 -0.0180918 0.0896793 2.3472e-05 -3.60148e-05 -4.10779e-05 2.3472e-05 0.00992626 -0.0180808 1.88543e-05 -3.60148e-05 -0.0180808 0.0890181 
0.00975911 -0.0180497 -4.31965e-05 5.20113e-05 -0.0180497 0.0895209 5.60511e-05 -0.000112111 -4.31965e-05 5.60511e-05 0.00990898 -0.0180803 5.20113e-05 -0.000112111 -0.0180803 0.0889987 
0.00974261 -0.0179987 -3.76071e-05 6.0095e-05 -0.0179987 0.089289 6.12702e-05 -0.000160505 -3.76071e-05 6.12702e-05 0.00987617 -0.0180389 6.0095e-05 -0.000160505 -0.0180389 0.0888472 
0.00972725 -0.0179165 -2.229e-05 5.49526e-05 -0.0179165 0.0888634 5.67827e-05 -0.000170288 -2.229e-05 5.67827e-05 0.00981169 -0.0179479 5.49526e-05 -0.000170288 -0.0179479 0.0884534 
0.00971947 -0.017935 -3.18963e-05 3.36633e-05 -0.017935 0.0888327 3.97262e-05 -0.000141538 -3.18963e-05 3.97262e-05 0.00982081 -0.0179127 3.36633e-05 -0.000141538 -0.0179127 0.08836 
0.00973705 -0.0179655 -2.57533e-05 4.26694e-05 -0.0179655 0.0889932 4.87271e-05 -0.000137397 -2.57533e-05 4.87271e-05 0.0098356 -0.0179572 4.26694e-05 -0.000137397 -0.0179572 0.0885035 
0.00975038 -0.018006 -1.96574e-05 3.76744e-05 -0.018006 0.0891826 3.68811e-05 -0.00012675 -1.96574e-05 3.68811e-05 0.00985867 -0.0179936 3.76744e-05 -0.00012675 -0.0179936 0.0886893 
0.00975923 -0.0180188 -3.48142e-06 3.03199e-05 -0.0180188 0.0892731 2.60237e-05 -0.00010293 -3.48142e-06 2.60237e-05 0.00987436 -0.0180166 3.03199e-05 -0.00010293 -0.0180166 0.0887907 
0.00975902 -0.0180005 1.17283e-05 1.00063e-05 -0.0180005 0.0891791 5.58496e-06 -6.13075e-05 1.17283e-05 5.58496e-06 0.00986607 -0.0180025 1.00063e-05 -6.13075e-05 -0.0180025 0.0887048 
0.00975823 -0.0179742 2.30531e-05 -8.58246e-06 -0.0179742 0.0889957 -1.23064e-05 -1.31934e-05 2.30531e-05 -1.23064e-05 0.0098329 -0.0179568 -8.58246e-06 -1.31934e-05 -0.0179568 0.0884838 
0.00976457 -0.0180307 1.17512e-05 -1.63383e-05 -0.0180307 0.0891862 -2.21247e-05 1.23761e-05 1.17512e-05 -2.21247e-05 0.00986403 -0.0179693 -1.63383e-05 1.23761e-05 -0.0179693 0.088578 
0.009785 -0.0180486 3.32296e-06 -2.17967e-06 -0.0180486 0.0893259 -1.08686e-05 2.0062e-06 3.32296e-06 -1.08686e-05 0.00986744 -0.0180121 -2.17967e-06 2.0062e-06 -0.0180121 0.0887021 
0.0098254 -0.018106 -5.06182e-07 1.10063e-05 -0.018106 0.0895748 -2.8131e-07 -2.87302e-05 -5.06182e-07 -2.8131e-07 0.00986504 -0.0180443 1.10063e-05 -2.87302e-05 -0.0180443 0.0889121 
0.00984807 -0.018164 -1.65968e-06 1.5401e-05 -0.018164 0.089805 7.97641e-06 -5.43648e-05 -1.65968e-06 7.97641e-06 0.00987306 -0.0180424 1.5401e-05 -5.43648e-05 -0.0180424 0.0890134 
0.00987572 -0.0181737 8.82567e-06 1.48927e-05 -0.0181737 0.0898606 1.40667e-05 -7.02865e-05 8.82567e-06 1.40667e-05 0.00984524 -0.0180267 1.48927e-05 -7.02865e-05 -0.0180267 0.0889541 
0.00991598 -0.0182667 1.15425e-05 3.90182e-07 -0.0182667 0.0902184 5.86909e-06 -5.96661e-05 1.15425e-05 5.86909e-06 0.0098552 -0.0180416 3.90182e-07 -5.96661e-05 -0.0180416 0.0891378 
0.00991635 -0.0182729 -8.15364e-06 -4.22359e-06 -0.0182729 0.0902482 1.34127e-06 -4.50603e-05 -8.15364e-06 1.34127e-06 0.00984255 -0.018009 -4.22359e-06 -4.50603e-05 -0.018009 0.0890227 
0.00986141 -0.0181768 -2.29297e-06 1.85967e-05 -0.0181768 0.0897803 2.26492e-05 -7.07416e-05 -2.29297e-06 2.26492e-05 0.00980612 -0.0178947 1.85967e-05 -7.07416e-05 -0.0178947 0.088472 
0.00980287 -0.0180829 -4.23663e-06 1.52158e-05 -0.0180829 0.0893286 1.60853e-05 -8.2996e-05 -4.23663e-06 1.60853e-05 0.00978282 -0.0178242 1.52158e-05 -8.2996e-05 -0.0178242 0.0880281 
0.00975647 -0.0180149 -1.47396e-05 1.58485e-05 -0.0180149 0.0890294 1.26868e-05 -7.61905e-05 -1.47396e-05 1.26868e-05 0.00978806 -0.0178069 1.58485e-05 -7.61905e-05 -0.0178069 0.0878286 
0.00973594 -0.0179679 -9.09661e-06 2.82895e-05 -0.0179679 0.0888608 2.27789e-05 -8.87129e-05 -9.09661e-06 2.27789e-05 0.00978751 -0.0178375 2.82895e-05 -8.87129e-05 -0.0178375 0.0878415 
0.00976572 -0.0180343 -2.17433e-06 2.58064e-05 -0.0180343 0.0892079 1.77652e-05 -9.50313e-05 -2.17433e-06 1.77652e-05 0.00982641 -0.017943 2.58064e-05 -9.50313e-05 -0.017943 0.0883459 
0.00976803 -0.0180625 1.90451e-05 2.02637e-05 -0.0180625 0.0893931 1.09688e-05 -8.80498e-05 1.90451e-05 1.09688e-05 0.00985804 -0.0179903 2.02637e-05 -8.80498e-05 -0.0179903 0.0886333 
0.00976052 -0.0180426 1.65828e-05 -4.65057e-06 -0.0180426 0.0893787 -1.21773e-05 -5.20313e-05 1.65828e-05 -1.21773e-05 0.00987966 -0.0180096 -4.65057e-06 -5.20313e-05 -0.0180096 0.0887248 
0.00973866 -0.0179945 -2.87905e-06 8.62144e-07 -0.0179945 0.0891724 -6.92676e-06 -4.45697e-05 -2.87905e-06 -6.92676e-06 0.00986539 -0.0179978 8.62144e-07 -4.45697e-05 -0.0179978 0.0886256 
0.00974135 -0.0180015 -1.29126e-05 2.50221e-05 -0.0180015 0.0892144 1.77626e-05 -8.54296e-05 -1.29126e-05 1.77626e-05 0.00987005 -0.0180183 2.50221e-05 -8.54296e-05 -0.0180183 0.08874 
0.00974028 -0.0179685 -1.59021e-05 3.41977e-05 -0.0179685 0.0890601 3.3786e-05 -0.000127318 -1.59021e-05 3.3786e-05 0.00983786 -0.0179822 3.41977e-05 -0.000127318 -0.0179822 0.0885986 
