0.00658457 0 1.20459e-05 0 0 0.00939055 0 0 1.20459e-05 0 0.00666276 0 0 0 0 0.00939055 
0.0096844 -0.0120246 2.06064e-05 -2.58979e-05 -0.0120246 0.0319705 -2.58979e-05 4.94068e-05 2.06064e-05 -2.58979e-05 0.00973814 -0.0120837 -2.58979e-05 4.94068e-05 -0.0120837 0.0320838 
0.00917291 -0.0171741 1.50216e-05 -3.92631e-05 -0.0171741 0.0633156 -3.92631e-05 0.00012837 1.50216e-05 -3.92631e-05 0.00917524 -0.0170218 -3.92631e-05 0.00012837 -0.0170218 0.0627688 
0.00864008 -0.0168734 -8.17366e-07 -3.59708e-05 -0.0168734 0.0758724 -3.76898e-05 0.00017348 -8.17366e-07 -3.76898e-05 0.00864044 -0.0165245 -3.59708e-05 0.00017348 -0.0165245 0.0739801 
0.00911368 -0.0172582 -1.92664e-05 -1.59253e-05 -0.0172582 0.0837714 -1.77172e-05 0.000159964 -1.92664e-05 -1.77172e-05 0.00915044 -0.0169431 -1.59253e-05 0.000159964 -0.0169431 0.0813449 
0.00888028 -0.0164945 -1.61952e-05 1.35131e-05 -0.0164945 0.0815711 1.15064e-05 6.98439e-05 -1.61952e-05 1.15064e-05 0.00894475 -0.0163312 1.35131e-05 6.98439e-05 -0.0163312 0.0797538 
0.00934833 -0.0172724 -6.33476e-06 1.65168e-05 -0.0172724 0.0855987 1.36231e-05 1.53249e-05 -6.33476e-06 1.36231e-05 0.00943536 -0.0171857 1.65168e-05 1.53249e-05 -0.0171857 0.0843077 
0.00908159 -0.0167437 -1.40205e-06 7.04186e-06 -0.0167437 0.0829844 4.48837e-07 1.1098e-05 -1.40205e-06 4.48837e-07 0.00916644 -0.0166917 7.04186e-06 1.1098e-05 -0.0166917 0.0820866 
0.0095607 -0.0176597 -5.05733e-06 -2.87562e-07 -0.0176597 0.0874669 -8.1722e-06 2.72667e-05 -5.05733e-06 -8.1722e-06 0.00969655 -0.0175934 -2.87562e-07 2.72667e-05 -0.0175934 0.0866428 
0.00941527 -0.0173643 4.26768e-06 -4.37622e-07 -0.0173643 0.0860438 -1.20801e-06 2.78082e-05 4.26768e-06 -1.20801e-06 0.00955494 -0.017345 -4.37622e-07 2.78082e-05 -0.017345 0.0853254 
0.00934938 -0.0171887 6.82441e-06 -1.30631e-05 -0.0171887 0.0851278 -9.50763e-06 4.137e-05 6.82441e-06 -9.50763e-06 0.00944308 -0.0171859 -1.30631e-05 4.137e-05 -0.0171859 0.0844944 
0.00930312 -0.0171538 -2.67318e-06 -2.1176e-05 -0.0171538 0.0848098 -1.8102e-05 6.78193e-05 -2.67318e-06 -1.8102e-05 0.0094033 -0.0171026 -2.1176e-05 6.78193e-05 -0.0171026 0.0841363 
0.00926447 -0.0170691 -2.33811e-05 -1.00425e-05 -0.0170691 0.0844267 -6.37906e-06 6.18112e-05 -2.33811e-05 -6.37906e-06 0.00934511 -0.0170242 -1.00425e-05 6.18112e-05 -0.0170242 0.0837339 
0.00927708 -0.0170683 -3.3491e-05 1.57646e-05 -0.0170683 0.0843937 2.30902e-05 1.02013e-05 -3.3491e-05 2.30902e-05 0.00931442 -0.0170033 1.57646e-05 1.02013e-05 -0.0170033 0.0836758 
0.0092547 -0.0170697 -1.82028e-05 2.97166e-05 -0.0170697 0.0843133 4.0032e-05 -4.1185e-05 -1.82028e-05 4.0032e-05 0.0093098 -0.0169412 2.97166e-05 -4.1185e-05 -0.0169412 0.0834741 
0.00924335 -0.0170884 1.87613e-05 1.42382e-05 -0.0170884 0.0844453 2.04688e-05 -3.64042e-05 1.87613e-05 2.04688e-05 0.0093265 -0.0169687 1.42382e-05 -3.64042e-05 -0.0169687 0.0835441 
0.00923896 -0.0170701 3.90964e-05 -2.91468e-05 -0.0170701 0.0844602 -2.95031e-05 4.54598e-05 3.90964e-05 -2.95031e-05 0.00933488 -0.016994 -2.91468e-05 4.54598e-05 -0.016994 0.0836249 
0.0092481 -0.0170614 2.46492e-05 -5.48932e-05 -0.0170614 0.0844587 -6.05762e-05 0.000133993 2.46492e-05 -6.05762e-05 0.00933511 -0.0170168 -5.48932e-05 0.000133993 -0.0170168 0.0837267 
0.00924287 -0.017048 9.14037e-06 -3.8714e-05 -0.017048 0.0843626 -4.49407e-05 0.000144449 9.14037e-06 -4.49407e-05 0.0093332 -0.0169973 -3.8714e-05 0.000144449 -0.0169973 0.0836732 
0.00923365 -0.0170365 6.96236e-06 -1.96868e-05 -0.0170365 0.0842899 -2.09146e-05 0.000103828 6.96236e-06 -2.09146e-05 0.00933355 -0.0169909 -1.96868e-05 0.000103828 -0.0169909 0.0836207 
0.00922422 -0.0170179 -2.64108e-06 -1.6673e-05 -0.0170179 0.0841974 -1.58573e-05 7.57308e-05 -2.64108e-06 -1.58573e-05 0.0093171 -0.01698 -1.6673e-05 7.57308e-05 -0.01698 0.0835454 
0.00919474 -0.0169872 -4.68989e-06 -6.69483e-06 -0.0169872 0.0840423 -4.72295e-06 5.30926e-05 -4.68989e-06 -4.72295e-06 0.00930224 -0.0169434 -6.69483e-06 5.30926e-05 -0.0169434 0.0833947 
0.00916674 -0.0169567 -1.41187e-05 -2.52487e-06 -0.0169567 0.0839421 -2.24963e-06 3.70644e-05 -1.41187e-05 -2.24963e-06 0.00929925 -0.0169296 -2.52487e-06 3.70644e-05 -0.0169296 0.0833172 
0.00916505 -0.0169159 -1.09003e-05 1.40337e-05 -0.0169159 0.0838193 1.22222e-05 3.52222e-06 -1.09003e-05 1.22222e-05 0.00927542 -0.0169277 1.40337e-05 3.52222e-06 -0.0169277 0.0832795 
0.00916311 -0.0168977 2.71548e-06 9.25183e-06 -0.0168977 0.0836894 5.98529e-06 -2.06003e-06 2.71548e-06 5.98529e-06 0.00924438 -0.0168889 9.25183e-06 -2.06003e-06 -0.0168889 0.0831688 
0.00914014 -0.0168346 5.83725e-06 -1.01019e-05 -0.0168346 0.0833393 -1.06334e-05 2.80034e-05 5.83725e-06 -1.06334e-05 0.00920233 -0.0167973 -1.01019e-05 2.80034e-05 -0.0167973 0.0827848 
0.00913796 -0.0168389 1.28311e-05 -1.65273e-05 -0.0168389 0.0833035 -1.17321e-05 4.97391e-05 1.28311e-05 -1.17321e-05 0.009191 -0.0167824 -1.65273e-05 4.97391e-05 -0.0167824 0.0827053 
0.00915218 -0.0168486 1.76031e-05 -2.75331e-05 -0.0168486 0.0833459 -2.02175e-05 7.29232e-05 1.76031e-05 -2.02175e-05 0.0091778 -0.0167876 -2.75331e-05 7.29232e-05 -0.0167876 0.0827352 
0.00913522 -0.0168468 1.15722e-05 -3.53941e-05 -0.0168468 0.0832747 -2.75928e-05 9.76013e-05 1.15722e-05 -2.75928e-05 0.00916158 -0.0167395 -3.53941e-05 9.76013e-05 -0.0167395 0.08258 
0.00913884 -0.016864 1.22438e-06 -2.80464e-05 -0.016864 0.0833831 -2.29715e-05 9.9054e-05 1.22438e-06 -2.29715e-05 0.00916362 -0.0167437 -2.80464e-05 9.9054e-05 -0.0167437 0.0826086 
0.00911748 -0.0168296 1.67654e-06 -1.02715e-05 -0.0168296 0.0832449 -8.37539e-06 6.75917e-05 1.67654e-06 -8.37539e-06 0.00915156 -0.0167069 -1.02715e-05 6.75917e-05 -0.0167069 0.0824364 
0.00907859 -0.0167866 8.02031e-06 -6.84503e-06 -0.0167866 0.0830568 -6.16597e-06 4.47398e-05 8.02031e-06 -6.16597e-06 0.00915714 -0.0166751 -6.84503e-06 4.47398e-05 -0.0166751 0.0822549 
0.00906633 -0.0167543 -2.27043e-06 -1.69945e-05 -0.0167543 0.0829855 -1.78346e-05 5.78963e-05 -2.27043e-06 -1.78346e-05 0.00916888 -0.0167095 -1.69945e-05 5.78963e-05 -0.0167095 0.0823055 
0.00907494 -0.0167625 -7.97432e-06 -1.04924e-05 -0.0167625 0.0830567 -1.1197e-05 6.38849e-05 -7.97432e-06 -1.1197e-05 0.00918205 -0.0167618 -1.04924e-05 6.38849e-05 -0.0167618 0.0825241 
0.00908285 -0.01677 -3.07412e-06 -3.21055e-06 -0.01677 0.0831043 -2.33535e-06 5.03696e-05 -3.07412e-06 -2.33535e-06 0.00918122 -0.0167856 -3.21055e-06 5.03696e-05 -0.0167856 0.0826751 
0.00909548 -0.0167797 1.03134e-05 -5.73349e-06 -0.0167797 0.0831509 -4.03441e-06 4.30601e-05 1.03134e-05 -4.03441e-06 0.0091863 -0.0167878 -5.73349e-06 4.30601e-05 -0.0167878 0.0827524 
0.00909893 -0.0167913 1.58751e-05 -2.04602e-05 -0.0167913 0.0831821 -2.08386e-05 6.50654e-05 1.58751e-05 -2.08386e-05 0.00918947 -0.0167885 -2.04602e-05 6.50654e-05 -0.0167885 0.0827743 
0.00911158 -0.0167828 1.17437e-05 -2.58038e-05 -0.0167828 0.0831385 -2.62826e-05 8.34783e-05 1.17437e-05 -2.62826e-05 0.00916537 -0.0167753 -2.58038e-05 8.34783e-05 -0.0167753 0.0827141 
0.00913496 -0.0168263 7.63279e-06 -1.85847e-05 -0.0168263 0.0832694 -1.99635e-05 7.55579e-05 7.63279e-06 -1.99635e-05 0.00914741 -0.0167626 -1.85847e-05 7.55579e-05 -0.0167626 0.0827378 
0.00913488 -0.0168234 2.11142e-06 -1.06048e-05 -0.0168234 0.0832089 -1.49382e-05 5.73945e-05 2.11142e-06 -1.49382e-05 0.00911132 -0.0166961 -1.06048e-05 5.73945e-05 -0.0166961 0.082507 
0.00911098 -0.0168093 1.76985e-06 3.5939e-07 -0.0168093 0.0831065 -7.47167e-06 3.16657e-05 1.76985e-06 -7.47167e-06 0.00910134 -0.0166331 3.5939e-07 3.16657e-05 -0.0166331 0.0822475 
0.00910895 -0.0168138 -1.16593e-06 -3.00014e-07 -0.0168138 0.0831783 -7.62092e-06 2.15654e-05 -1.16593e-06 -7.62092e-06 0.00911921 -0.0166535 -3.00014e-07 2.15654e-05 -0.0166535 0.0822766 
0.00908865 -0.0167703 -9.08855e-06 3.95555e-07 -0.0167703 0.083004 -5.84339e-06 2.12413e-05 -9.08855e-06 -5.84339e-06 0.00910632 -0.016643 3.95555e-07 2.12413e-05 -0.016643 0.0821622 
0.00907926 -0.0167644 -1.1618e-05 7.3299e-06 -0.0167644 0.0829818 1.68623e-06 1.27892e-05 -1.1618e-05 1.68623e-06 0.00910866 -0.0166504 7.3299e-06 1.27892e-05 -0.0166504 0.0821962 
0.00905375 -0.0166824 -2.17618e-05 1.30816e-05 -0.0166824 0.0826044 4.89935e-06 3.76959e-07 -2.17618e-05 4.89935e-06 0.00906879 -0.0165822 1.30816e-05 3.76959e-07 -0.0165822 0.0818633 
0.00904071 -0.0166631 -3.44569e-05 2.46928e-05 -0.0166631 0.0824568 1.73164e-05 -2.19334e-05 -3.44569e-05 1.73164e-05 0.00905233 -0.0165579 2.46928e-05 -2.19334e-05 -0.0165579 0.0817406 
0.00902371 -0.0166876 -2.79433e-05 3.6129e-05 -0.0166876 0.0825512 3.75676e-05 -5.73936e-05 -2.79433e-05 3.75676e-05 0.00908262 -0.0165674 3.6129e-05 -5.73936e-05 -0.0165674 0.0818046 
0.00899561 -0.0166745 -2.41079e-05 3.14953e-05 -0.0166745 0.0825911 4.13744e-05 -8.28963e-05 -2.41079e-05 4.13744e-05 0.00912339 -0.0166068 3.14953e-05 -8.28963e-05 -0.0166068 0.0819035 
0.00898489 -0.0166326 -2.20445e-05 2.48143e-05 -0.0166326 0.0825258 3.39279e-05 -7.53629e-05 -2.20445e-05 3.39279e-05 0.00915049 -0.0166603 2.48143e-05 -7.53629e-05 -0.0166603 0.0820347 
0.00960417 -0.0177525 -1.68931e-05 2.69145e-05 -0.0177525 0.0881184 3.1078e-05 -7.29368e-05 -1.68931e-05 3.1078e-05 0.00979038 -0.0178495 2.69145e-05 -7.29368e-05 -0.0178495 0.0878182 
0.00896859 -0.0165907 -9.50642e-06 1.84588e-05 -0.0165907 0.0823164 1.79516e-05 -5.14787e-05 -9.50642e-06 1.79516e-05 0.00915483 -0.0166934 1.84588e-05 -5.14787e-05 -0.0166934 0.0821401 
0.00897693 -0.0165868 -1.16245e-05 8.67e-06 -0.0165868 0.0823129 6.45693e-06 -2.35541e-05 -1.16245e-05 6.45693e-06 0.00914437 -0.0167023 8.67e-06 -2.35541e-05 -0.0167023 0.0821872 
0.00897141 -0.0165927 -1.61421e-06 8.02635e-06 -0.0165927 0.0823041 6.50132e-06 -7.95963e-06 -1.61421e-06 6.50132e-06 0.00914837 -0.016683 8.02635e-06 -7.95963e-06 -0.016683 0.0821561 
0.00899561 -0.0166139 3.01546e-06 -5.13273e-06 -0.0166139 0.0824247 -4.38988e-06 1.56838e-05 3.01546e-06 -4.38988e-06 0.00914629 -0.0167088 -5.13273e-06 1.56838e-05 -0.0167088 0.0822567 
0.0090118 -0.0166591 -1.66873e-05 -7.17556e-06 -0.0166591 0.0825953 -7.33312e-06 2.73119e-05 -1.66873e-05 -7.33312e-06 0.00915795 -0.0167177 -7.17556e-06 2.73119e-05 -0.0167177 0.0823637 
0.0090372 -0.0166744 -2.42413e-05 1.92301e-05 -0.0166744 0.0826873 1.6983e-05 -9.93276e-06 -2.42413e-05 1.6983e-05 0.00916026 -0.0167282 1.92301e-05 -9.93276e-06 -0.0167282 0.0824154 
0.00905777 -0.0167097 -2.21823e-05 3.09512e-05 -0.0167097 0.0828034 2.8397e-05 -5.23974e-05 -2.21823e-05 2.8397e-05 0.00916769 -0.0167402 3.09512e-05 -5.23974e-05 -0.0167402 0.0824883 
0.00906557 -0.0166949 -9.52225e-06 2.75738e-05 -0.0166949 0.0827047 2.51728e-05 -6.29267e-05 -9.52225e-06 2.51728e-05 0.00914489 -0.0167168 2.75738e-05 -6.29267e-05 -0.0167168 0.0823673 
0.00909689 -0.0167393 -2.99255e-07 7.67875e-06 -0.0167393 0.0828353 7.67424e-06 -3.18688e-05 -2.99255e-07 7.67424e-06 0.0091375 -0.0167184 7.67875e-06 -3.18688e-05 -0.0167184 0.0824182 
0.00912371 -0.0168133 -1.99049e-06 -2.8063e-06 -0.0168133 0.0831201 -3.81722e-06 7.49308e-07 -1.99049e-06 -3.81722e-06 0.00916527 -0.0167373 -2.8063e-06 7.49308e-07 -0.0167373 0.0825708 
0.00915765 -0.0169032 1.07125e-05 1.94142e-06 -0.0169032 0.083566 -3.02065e-07 4.56569e-06 1.07125e-05 -3.02065e-07 0.00921381 -0.0168147 1.94142e-06 4.56569e-06 -0.0168147 0.0829187 
0.00916115 -0.0168949 2.26509e-05 -1.06812e-05 -0.0168949 0.0835781 -1.43406e-05 2.03625e-05 2.26509e-05 -1.43406e-05 0.00921713 -0.0168206 -1.06812e-05 2.03625e-05 -0.0168206 0.0829131 
0.00918213 -0.016928 1.91934e-05 -2.32986e-05 -0.016928 0.0837281 -2.92711e-05 4.87735e-05 1.91934e-05 -2.92711e-05 0.00922018 -0.0168476 -2.32986e-05 4.87735e-05 -0.0168476 0.0830404 
0.00919238 -0.0169449 2.56934e-05 -2.22546e-05 -0.0169449 0.083795 -3.127e-05 6.8286e-05 2.56934e-05 -3.127e-05 0.00922134 -0.0168416 -2.22546e-05 6.8286e-05 -0.0168416 0.0830552 
0.00919557 -0.0169354 2.61446e-05 -2.68166e-05 -0.0169354 0.0837325 -3.64898e-05 7.68579e-05 2.61446e-05 -3.64898e-05 0.00920844 -0.016817 -2.68166e-05 7.68579e-05 -0.016817 0.0829401 
0.00918496 -0.0169325 9.71272e-06 -2.81407e-05 -0.0169325 0.0836705 -3.67181e-05 8.13125e-05 9.71272e-06 -3.67181e-05 0.00920136 -0.0167871 -2.81407e-05 8.13125e-05 -0.0167871 0.0828051 
0.00919097 -0.0169662 2.84611e-06 -1.02697e-05 -0.0169662 0.0838483 -1.57177e-05 5.33982e-05 2.84611e-06 -1.57177e-05 0.00922565 -0.016823 -1.02697e-05 5.33982e-05 -0.016823 0.0829486 
0.00918127 -0.0169291 4.69457e-06 6.74108e-07 -0.0169291 0.083726 -1.13529e-06 1.31389e-05 4.69457e-06 -1.13529e-06 0.00921505 -0.0168158 6.74108e-07 1.31389e-05 -0.0168158 0.0828721 
0.00916636 -0.0168971 9.21359e-06 3.36991e-06 -0.0168971 0.0835567 1.07315e-06 -1.34689e-05 9.21359e-06 1.07315e-06 0.00919754 -0.0167892 3.36991e-06 -1.34689e-05 -0.0167892 0.0827445 
0.00915891 -0.0168776 8.05075e-06 -1.97083e-06 -0.0168776 0.083445 -5.59095e-06 -1.37555e-05 8.05075e-06 -5.59095e-06 0.00918922 -0.0167662 -1.97083e-06 -1.37555e-05 -0.0167662 0.0826424 
0.00916458 -0.0169107 -3.67984e-07 -7.56979e-07 -0.0169107 0.083587 -3.90013e-06 -1.49461e-05 -3.67984e-07 -3.90013e-06 0.00921141 -0.0167957 -7.56979e-07 -1.49461e-05 -0.0167957 0.0827757 
0.0091721 -0.0169653 -2.07244e-05 1.14441e-05 -0.0169653 0.083892 8.32201e-06 -3.88224e-05 -2.07244e-05 8.32201e-06 0.00925967 -0.0168658 1.14441e-05 -3.88224e-05 -0.0168658 0.0830925 
0.0091652 -0.0169345 -2.02451e-05 3.65375e-05 -0.0169345 0.0838511 3.14995e-05 -8.70003e-05 -2.02451e-05 3.14995e-05 0.00925946 -0.0168887 3.65375e-05 -8.70003e-05 -0.0168887 0.0831484 
0.00917926 -0.0169171 -1.90165e-05 3.67315e-05 -0.0169171 0.0837842 3.19962e-05 -0.000112594 -1.90165e-05 3.19962e-05 0.0092431 -0.0168864 3.67315e-05 -0.000112594 -0.0168864 0.0831615 
0.00917748 -0.0168899 -1.70334e-05 3.40469e-05 -0.0168899 0.0835737 3.05444e-05 -0.000115099 -1.70334e-05 3.05444e-05 0.00919928 -0.0168272 3.40469e-05 -0.000115099 -0.0168272 0.0829372 
0.00916072 -0.0168832 -1.96528e-05 3.12036e-05 -0.0168832 0.0834559 2.7207e-05 -0.000109747 -1.96528e-05 2.7207e-05 0.00918212 -0.0167688 3.12036e-05 -0.000109747 -0.0167688 0.0827258 
0.00912308 -0.0168239 -2.41159e-05 3.29463e-05 -0.0168239 0.0831702 2.8868e-05 -0.0001076 -2.41159e-05 2.8868e-05 0.00914896 -0.0167023 3.29463e-05 -0.0001076 -0.0167023 0.0823793 
0.0090904 -0.0167856 -2.68307e-05 3.74526e-05 -0.0167856 0.0829988 3.39691e-05 -0.000112423 -2.68307e-05 3.39691e-05 0.00914134 -0.01667 3.74526e-05 -0.000112423 -0.01667 0.0822033 
0.00909223 -0.0167874 -2.3812e-05 4.31065e-05 -0.0167874 0.0830598 4.06729e-05 -0.000129166 -2.3812e-05 4.06729e-05 0.00916014 -0.0167034 4.31065e-05 -0.000129166 -0.0167034 0.0823149 
0.00911871 -0.0168568 -1.42916e-05 4.24817e-05 -0.0168568 0.0834165 4.11277e-05 -0.000141466 -1.42916e-05 4.11277e-05 0.00919656 -0.0167887 4.24817e-05 -0.000141466 -0.0167887 0.0827152 
0.00913893 -0.0168864 -9.411e-06 2.9593e-05 -0.0168864 0.0836276 2.94199e-05 -0.00012637 -9.411e-06 2.94199e-05 0.0092204 -0.0168372 2.9593e-05 -0.00012637 -0.0168372 0.0829803 
0.0091438 -0.0168898 -1.4915e-05 2.5917e-05 -0.0168898 0.0836672 2.41694e-05 -0.000112408 -1.4915e-05 2.41694e-05 0.00923163 -0.0168487 2.5917e-05 -0.000112408 -0.0168487 0.083059 
0.00915879 -0.016871 -7.12837e-06 3.31689e-05 -0.016871 0.0835887 3.05142e-05 -0.00011862 -7.12837e-06 3.05142e-05 0.00921755 -0.0168451 3.31689e-05 -0.00011862 -0.0168451 0.083028 
0.00914762 -0.0168586 -3.62499e-07 2.58011e-05 -0.0168586 0.0834316 2.34107e-05 -0.000116815 -3.62499e-07 2.34107e-05 0.0092113 -0.0167986 2.58011e-05 -0.000116815 -0.0167986 0.0828451 
0.00916285 -0.0168932 1.9719e-06 1.79867e-05 -0.0168932 0.0835757 1.49012e-05 -0.000101816 1.9719e-06 1.49012e-05 0.00922898 -0.0168346 1.79867e-05 -0.000101816 -0.0168346 0.0829617 
0.00917791 -0.0169254 -8.702e-06 1.44139e-05 -0.0169254 0.0837362 1.01995e-05 -8.90168e-05 -8.702e-06 1.01995e-05 0.00925434 -0.0168757 1.44139e-05 -8.90168e-05 -0.0168757 0.0831389 
0.00916225 -0.0169473 -5.6859e-06 2.98194e-05 -0.0169473 0.0838392 2.52662e-05 -0.000110073 -5.6859e-06 2.52662e-05 0.00928769 -0.0168992 2.98194e-05 -0.000110073 -0.0168992 0.0832397 
0.0091536 -0.0169105 -9.71523e-06 2.71132e-05 -0.0169105 0.0837691 2.29434e-05 -0.000121138 -9.71523e-06 2.29434e-05 0.00928886 -0.0169219 2.71132e-05 -0.000121138 -0.0169219 0.0832558 
0.0091515 -0.0168849 -5.45462e-06 2.73906e-05 -0.0168849 0.0836424 2.6138e-05 -0.000122212 -5.45462e-06 2.6138e-05 0.00927279 -0.0169075 2.73906e-05 -0.000122212 -0.0169075 0.0831922 
0.00916754 -0.0169011 -9.12764e-06 2.19938e-05 -0.0169011 0.0836834 2.25829e-05 -0.000117894 -9.12764e-06 2.25829e-05 0.0092721 -0.0169108 2.19938e-05 -0.000117894 -0.0169108 0.0832355 
0.00918267 -0.0169548 -9.96116e-06 2.37489e-05 -0.0169548 0.0838988 2.44015e-05 -0.000113048 -9.96116e-06 2.44015e-05 0.00930276 -0.0169388 2.37489e-05 -0.000113048 -0.0169388 0.0833976 
0.00920077 -0.0169973 4.36411e-06 2.5577e-05 -0.0169973 0.0841332 2.72882e-05 -0.000117559 4.36411e-06 2.72882e-05 0.00932162 -0.0169895 2.5577e-05 -0.000117559 -0.0169895 0.0836052 
0.00922341 -0.017051 1.99894e-05 9.24086e-06 -0.017051 0.0844343 1.06136e-05 -9.54311e-05 1.99894e-05 1.06136e-05 0.00935135 -0.0170498 9.24086e-06 -9.54311e-05 -0.0170498 0.0839166 
0.00923701 -0.017061 6.30711e-06 -9.78708e-06 -0.017061 0.0845271 -6.91512e-06 -5.60935e-05 6.30711e-06 -6.91512e-06 0.00935912 -0.0170633 -9.78708e-06 -5.60935e-05 -0.0170633 0.0840103 
0.0092295 -0.0170416 -4.0549e-06 1.16017e-06 -0.0170416 0.0844128 8.30054e-06 -5.33849e-05 -4.0549e-06 8.30054e-06 0.0093461 -0.017029 1.16017e-06 -5.33849e-05 -0.017029 0.0838641 
0.00923864 -0.0170335 -1.00088e-05 1.22953e-05 -0.0170335 0.0843557 2.08075e-05 -7.53507e-05 -1.00088e-05 2.08075e-05 0.00933751 -0.0170129 1.22953e-05 -7.53507e-05 -0.0170129 0.0837753 
0.00925222 -0.0170854 -8.91023e-06 2.23132e-05 -0.0170854 0.0845536 2.68435e-05 -9.61009e-05 -8.91023e-06 2.68435e-05 0.00937802 -0.0170482 2.23132e-05 -9.61009e-05 -0.0170482 0.0839395 
0.00927548 -0.0171207 -1.41763e-05 2.14792e-05 -0.0171207 0.0847624 2.28354e-05 -9.88602e-05 -1.41763e-05 2.28354e-05 0.00942085 -0.017117 2.14792e-05 -9.88602e-05 -0.017117 0.0841837 
0.0092868 -0.017137 -1.28825e-05 2.56203e-05 -0.017137 0.0848355 2.74346e-05 -0.000101299 -1.28825e-05 2.74346e-05 0.00943544 -0.0171564 2.56203e-05 -0.000101299 -0.0171564 0.0843158 
0.00929588 -0.0171305 -5.2757e-06 2.19668e-05 -0.0171305 0.0847873 2.76774e-05 -9.99265e-05 -5.2757e-06 2.76774e-05 0.00940806 -0.0171522 2.19668e-05 -9.99265e-05 -0.0171522 0.0842918 
0.00931606 -0.0171901 2.4696e-06 1.56224e-05 -0.0171901 0.0850115 2.31828e-05 -9.55406e-05 2.4696e-06 2.31828e-05 0.00939771 -0.0171554 1.56224e-05 -9.55406e-05 -0.0171554 0.0844157 
0.00929924 -0.0171484 9.63877e-06 9.17218e-06 -0.0171484 0.084827 1.5342e-05 -8.49839e-05 9.63877e-06 1.5342e-05 0.00935049 -0.0170737 9.17218e-06 -8.49839e-05 -0.0170737 0.0841126 
0.00930714 -0.0171426 3.10192e-05 2.04753e-06 -0.0171426 0.0847868 3.42162e-06 -6.5808e-05 3.10192e-05 3.42162e-06 0.00932678 -0.0170327 2.04753e-06 -6.5808e-05 -0.0170327 0.0839711 
0.00932618 -0.0171576 5.03887e-05 -2.56925e-05 -0.0171576 0.0848139 -2.63865e-05 -1.06988e-05 5.03887e-05 -2.63865e-05 0.00931543 -0.0170131 -2.56925e-05 -1.06988e-05 -0.0170131 0.0839112 
0.00932694 -0.0171837 7.58899e-05 -5.56111e-05 -0.0171837 0.0848702 -5.32022e-05 6.58669e-05 7.58899e-05 -5.32022e-05 0.00931653 -0.0169968 -5.56111e-05 6.58669e-05 -0.0169968 0.0838616 
0.00931341 -0.0171806 6.9958e-05 -8.65391e-05 -0.0171806 0.0848786 -8.47199e-05 0.000146518 6.9958e-05 -8.47199e-05 0.00932311 -0.0169974 -8.65391e-05 0.000146518 -0.0169974 0.0838356 
0.00931523 -0.0171712 3.31993e-05 -7.7502e-05 -0.0171712 0.0848832 -7.81238e-05 0.000168875 3.31993e-05 -7.81238e-05 0.00932584 -0.0170108 -7.7502e-05 0.000168875 -0.0170108 0.0838682 
0.00931984 -0.01717 7.2864e-06 -2.97205e-05 -0.01717 0.0848694 -2.8931e-05 9.23235e-05 7.2864e-06 -2.8931e-05 0.00933122 -0.0170113 -2.97205e-05 9.23235e-05 -0.0170113 0.083874 
0.00930216 -0.0171486 -1.67107e-05 5.5726e-06 -0.0171486 0.0847347 9.53038e-06 -1.179e-05 -1.67107e-05 9.53038e-06 0.00933228 -0.0169867 5.5726e-06 -1.179e-05 -0.0169867 0.0837329 
0.0092901 -0.0171317 -4.05224e-05 2.98205e-05 -0.0171317 0.0846509 3.6108e-05 -8.68175e-05 -4.05224e-05 3.6108e-05 0.00932558 -0.0169843 2.98205e-05 -8.68175e-05 -0.0169843 0.0836564 
0.00927429 -0.0171272 -5.10958e-05 5.67535e-05 -0.0171272 0.0846343 6.18581e-05 -0.000151315 -5.10958e-05 6.18581e-05 0.0093303 -0.0169845 5.67535e-05 -0.000151315 -0.0169845 0.083649 
0.0092428 -0.0170658 -4.54978e-05 7.03325e-05 -0.0170658 0.0843872 7.33251e-05 -0.000194052 -4.54978e-05 7.33251e-05 0.00931177 -0.0169484 7.03325e-05 -0.000194052 -0.0169484 0.083443 
0.00921467 -0.0170303 -2.76676e-05 5.95112e-05 -0.0170303 0.0842326 6.40032e-05 -0.000189268 -2.76676e-05 6.40032e-05 0.00929567 -0.0169325 5.95112e-05 -0.000189268 -0.0169325 0.0833421 
0.00922223 -0.0169913 -6.32552e-06 3.13805e-05 -0.0169913 0.0841055 3.63857e-05 -0.000131824 -6.32552e-06 3.63857e-05 0.00925624 -0.0169245 3.13805e-05 -0.000131824 -0.0169245 0.0833063 
0.00922135 -0.0169706 1.53789e-06 6.66363e-06 -0.0169706 0.0839259 7.2378e-06 -6.06615e-05 1.53789e-06 7.2378e-06 0.00922467 -0.0168586 6.66363e-06 -6.06615e-05 -0.0168586 0.0831156 
0.00920179 -0.0169595 6.23199e-06 -1.89548e-06 -0.0169595 0.0837965 -7.19188e-06 -1.02856e-05 6.23199e-06 -7.19188e-06 0.00921474 -0.016807 -1.89548e-06 -1.02856e-05 -0.016807 0.0829054 
0.00917285 -0.0169582 -4.88666e-07 -6.55158e-06 -0.0169582 0.0838075 -1.18791e-05 1.20075e-05 -4.88666e-07 -1.18791e-05 0.00923881 -0.0168164 -6.55158e-06 1.20075e-05 -0.0168164 0.0829008 
0.00919669 -0.0169736 1.62707e-05 3.80007e-07 -0.0169736 0.0840062 -1.95979e-06 6.40007e-06 1.62707e-05 -1.95979e-06 0.00924479 -0.0168982 3.80007e-07 6.40007e-06 -0.0168982 0.083205 
0.00918424 -0.0169634 3.69657e-05 -1.66737e-05 -0.0169634 0.0839503 -1.70229e-05 2.05586e-05 3.69657e-05 -1.70229e-05 0.00923762 -0.016873 -1.66737e-05 2.05586e-05 -0.016873 0.0831934 
0.00916993 -0.0169334 4.8018e-05 -4.17275e-05 -0.0169334 0.0838404 -4.24536e-05 6.93779e-05 4.8018e-05 -4.24536e-05 0.00923303 -0.0168494 -4.17275e-05 6.93779e-05 -0.0168494 0.0830983 
0.00916253 -0.0169008 3.63223e-05 -5.70429e-05 -0.0169008 0.0837044 -5.70916e-05 0.000115549 3.63223e-05 -5.70916e-05 0.00922655 -0.0168392 -5.70429e-05 0.000115549 -0.0168392 0.0830206 
0.00913241 -0.0168416 4.00256e-06 -4.34566e-05 -0.0168416 0.0833807 -4.02782e-05 0.000108438 4.00256e-06 -4.02782e-05 0.00920819 -0.0167813 -4.34566e-05 0.000108438 -0.0167813 0.0827292 
0.00913779 -0.016845 -2.1603e-05 -6.53904e-06 -0.016845 0.0833743 -7.4805e-07 4.21474e-05 -2.1603e-05 -7.4805e-07 0.00920904 -0.0168 -6.53904e-06 4.21474e-05 -0.0168 0.0827581 
0.00914197 -0.0168463 -2.5401e-05 2.85441e-05 -0.0168463 0.0833488 3.59183e-05 -5.11541e-05 -2.5401e-05 3.59183e-05 0.00919209 -0.016795 2.85441e-05 -5.11541e-05 -0.016795 0.0827415 
0.0091187 -0.016849 -1.76297e-05 3.67375e-05 -0.016849 0.0833242 4.36434e-05 -0.000105943 -1.76297e-05 4.36434e-05 0.00919415 -0.0167668 3.67375e-05 -0.000105943 -0.0167668 0.0826629 
0.00912701 -0.0168721 -9.59511e-06 3.07395e-05 -0.0168721 0.0835117 3.24833e-05 -0.000110627 -9.59511e-06 3.24833e-05 0.00921785 -0.0168097 3.07395e-05 -0.000110627 -0.0168097 0.0828363 
0.00912201 -0.0168182 -3.90271e-07 2.40546e-05 -0.0168182 0.0832944 1.80719e-05 -9.11062e-05 -3.90271e-07 1.80719e-05 0.00919029 -0.0167774 2.40546e-05 -9.11062e-05 -0.0167774 0.0826616 
0.00912388 -0.0168348 -6.4886e-06 9.60282e-06 -0.0168348 0.0833064 2.26287e-06 -5.43199e-05 -6.4886e-06 2.26287e-06 0.00919627 -0.0167719 9.60282e-06 -5.43199e-05 -0.0167719 0.0826635 
0.00914229 -0.0168963 -1.78032e-05 1.15343e-05 -0.0168963 0.0836145 1.03553e-05 -4.23564e-05 -1.78032e-05 1.03553e-05 0.00923852 -0.0168405 1.15343e-05 -4.23564e-05 -0.0168405 0.0829697 
0.00918897 -0.0169472 -1.78711e-05 1.94377e-05 -0.0169472 0.0839271 2.59854e-05 -5.58198e-05 -1.78711e-05 2.59854e-05 0.00925428 -0.0169199 1.94377e-05 -5.58198e-05 -0.0169199 0.0833302 
0.00918502 -0.0169502 -1.02279e-05 1.57683e-05 -0.0169502 0.0838906 2.77788e-05 -5.95266e-05 -1.02279e-05 2.77788e-05 0.0092456 -0.0168841 1.57683e-05 -5.95266e-05 -0.0168841 0.0832609 
0.0091874 -0.0169076 -5.41637e-06 1.71322e-06 -0.0169076 0.0836782 1.63839e-05 -3.36497e-05 -5.41637e-06 1.63839e-05 0.00920527 -0.016826 1.71322e-06 -3.36497e-05 -0.016826 0.0829842 
0.00917939 -0.0169393 2.27499e-06 -6.3067e-06 -0.0169393 0.0837287 8.25584e-06 -4.29541e-06 2.27499e-06 8.25584e-06 0.00922674 -0.0168064 -6.3067e-06 -4.29541e-06 -0.0168064 0.0829313 
0.00917866 -0.0169302 5.69777e-06 -1.59037e-05 -0.0169302 0.0837452 -3.83659e-06 2.66516e-05 5.69777e-06 -3.83659e-06 0.00922396 -0.0168359 -1.59037e-05 2.66516e-05 -0.0168359 0.0829594 
0.00916933 -0.0169232 1.95919e-05 -2.11358e-05 -0.0169232 0.0837224 -1.2921e-05 5.51282e-05 1.95919e-05 -1.2921e-05 0.00922666 -0.0168386 -2.11358e-05 5.51282e-05 -0.0168386 0.0829897 
0.00915267 -0.0169065 2.93687e-05 -3.96745e-05 -0.0169065 0.0836768 -3.31168e-05 0.000100307 2.93687e-05 -3.31168e-05 0.00923918 -0.0168426 -3.96745e-05 0.000100307 -0.0168426 0.0830027 
0.00914095 -0.0169159 3.10591e-05 -5.19234e-05 -0.0169159 0.0837761 -4.69284e-05 0.000143087 3.10591e-05 -4.69284e-05 0.00927949 -0.0168915 -5.19234e-05 0.000143087 -0.0168915 0.0831948 
0.0090994 -0.0168737 1.74904e-05 -5.4877e-05 -0.0168737 0.0836662 -5.43951e-05 0.000172737 1.74904e-05 -5.43951e-05 0.00930225 -0.0169149 -5.4877e-05 0.000172737 -0.0169149 0.0832318 
0.00909805 -0.0168243 5.58789e-06 -3.33174e-05 -0.0168243 0.0835563 -3.80549e-05 0.000152172 5.58789e-06 -3.80549e-05 0.00929471 -0.0169517 -3.33174e-05 0.000152172 -0.0169517 0.0833318 
0.00909571 -0.0167947 4.64985e-06 -1.6411e-05 -0.0167947 0.0833718 -2.12373e-05 0.000110109 4.64985e-06 -2.12373e-05 0.00926338 -0.0169168 -1.6411e-05 0.000110109 -0.0169168 0.0832349 
0.00909835 -0.0167517 1.01488e-05 -1.59106e-05 -0.0167517 0.0830928 -1.89975e-05 8.94639e-05 1.01488e-05 -1.89975e-05 0.00920915 -0.0168353 -1.59106e-05 8.94639e-05 -0.0168353 0.0829133 
0.00912858 -0.0168203 -5.91824e-06 -2.44982e-05 -0.0168203 0.0832825 -2.83859e-05 0.000100984 -5.91824e-06 -2.83859e-05 0.00920906 -0.0168207 -2.44982e-05 0.000100984 -0.0168207 0.0829303 
0.009116 -0.0168141 -5.77163e-06 -4.69958e-06 -0.0168141 0.083197 -9.34326e-06 7.95247e-05 -5.77163e-06 -9.34326e-06 0.00918814 -0.0167645 -4.69958e-06 7.95247e-05 -0.0167645 0.0826697 
0.00910824 -0.0167832 -1.54533e-05 -1.59375e-06 -0.0167832 0.083047 -3.06161e-06 5.21306e-05 -1.54533e-05 -3.06161e-06 0.00916249 -0.0167223 -1.59375e-06 5.21306e-05 -0.0167223 0.082433 
0.00910786 -0.0167728 -1.17914e-05 6.89492e-06 -0.0167728 0.0829511 1.07843e-05 2.64263e-05 -1.17914e-05 1.07843e-05 0.00913483 -0.016692 6.89492e-06 2.64263e-05 -0.016692 0.082282 
0.00909762 -0.0167627 1.29525e-05 2.88967e-06 -0.0167627 0.082848 1.26338e-05 1.15994e-05 1.29525e-05 1.26338e-05 0.00910989 -0.0166461 2.88967e-06 1.15994e-05 -0.0166461 0.0820974 
0.00909367 -0.0167941 2.41946e-05 -2.82373e-05 -0.0167941 0.0829913 -1.74668e-05 5.52299e-05 2.41946e-05 -1.74668e-05 0.00913189 -0.0166568 -2.82373e-05 5.52299e-05 -0.0166568 0.0821674 
0.00910236 -0.0168059 2.35335e-05 -4.3751e-05 -0.0168059 0.0831349 -3.74868e-05 0.000111358 2.35335e-05 -3.74868e-05 0.00915724 -0.0167096 -4.3751e-05 0.000111358 -0.0167096 0.0823574 
0.00913266 -0.0168524 1.72909e-05 -4.06602e-05 -0.0168524 0.0833961 -4.0349e-05 0.000133231 1.72909e-05 -4.0349e-05 0.00918279 -0.0167823 -4.06602e-05 0.000133231 -0.0167823 0.0826975 
0.00914047 -0.0168577 -2.70228e-06 -3.34284e-05 -0.0168577 0.0834198 -3.64024e-05 0.000131967 -2.70228e-06 -3.64024e-05 0.0091863 -0.0167815 -3.34284e-05 0.000131967 -0.0167815 0.0827463 
