0.00661019 0 8.13967e-05 0 0 0.00931245 0 0 8.13967e-05 0 0.00654326 0 0 0 0 0.00931245 
0.00969113 -0.0120275 9.37877e-05 -0.000113029 -0.0120275 0.0319153 -0.000113029 0.000216568 9.37877e-05 -0.000113029 0.00962244 -0.011946 -0.000113029 0.000216568 -0.011946 0.0317588 
0.00997908 -0.0185723 6.17813e-05 -5.68487e-05 -0.0185723 0.0684508 -5.68487e-05 0.000155301 6.17813e-05 -5.68487e-05 0.00994799 -0.0185708 -5.68487e-05 0.000155301 -0.0185708 0.0684776 
0.00867792 -0.0166516 1.96593e-05 6.84255e-05 -0.0166516 0.0746285 6.6811e-05 -0.00046545 1.96593e-05 6.6811e-05 0.00860372 -0.0167749 6.84255e-05 -0.00046545 -0.0167749 0.0753372 
0.00918244 -0.0171069 2.12822e-05 0.000105245 -0.0171069 0.0822723 0.000103863 -0.000824532 2.12822e-05 0.000103863 0.0091052 -0.0171665 0.000105245 -0.000824532 -0.0171665 0.0832248 
0.00889344 -0.0163313 2.66846e-05 6.73833e-05 -0.0163313 0.0799874 6.04276e-05 -0.000685623 2.66846e-05 6.04276e-05 0.00886507 -0.0163513 6.73833e-05 -0.000685623 -0.0163513 0.0806946 
0.0093468 -0.0170591 4.10258e-05 4.16882e-05 -0.0170591 0.0839505 3.08422e-05 -0.00050912 4.10258e-05 3.08422e-05 0.00931155 -0.0171232 4.16882e-05 -0.00050912 -0.0171232 0.0845664 
0.00910665 -0.0166013 4.54768e-05 1.9674e-05 -0.0166013 0.0817702 1.20105e-05 -0.000353827 4.54768e-05 1.20105e-05 0.00905923 -0.0166597 1.9674e-05 -0.000353827 -0.0166597 0.0823099 
0.00963223 -0.0176137 4.12759e-05 1.74743e-05 -0.0176137 0.0867698 1.28553e-05 -0.000314451 4.12759e-05 1.28553e-05 0.00961666 -0.0176564 1.74743e-05 -0.000314451 -0.0176564 0.0872741 
0.00952369 -0.0173664 2.42564e-05 2.77477e-05 -0.0173664 0.0856661 2.42695e-05 -0.000311094 2.42564e-05 2.42695e-05 0.0094961 -0.0174468 2.77477e-05 -0.000311094 -0.0174468 0.0861881 
0.00943987 -0.0172406 1.38619e-05 5.21611e-05 -0.0172406 0.0849741 4.91704e-05 -0.000360107 1.38619e-05 4.91704e-05 0.0094273 -0.0173073 5.21611e-05 -0.000360107 -0.0173073 0.0854979 
0.00938085 -0.017111 1.51775e-05 6.20464e-05 -0.017111 0.0843592 5.98542e-05 -0.000397816 1.51775e-05 5.98542e-05 0.0093533 -0.0171959 6.20464e-05 -0.000397816 -0.0171959 0.0849061 
0.0093765 -0.0170779 1.28078e-05 5.71036e-05 -0.0170779 0.0841488 5.47926e-05 -0.000399028 1.28078e-05 5.47926e-05 0.00930625 -0.0171475 5.71036e-05 -0.000399028 -0.0171475 0.0846924 
0.00936219 -0.0170747 1.3557e-05 5.58801e-05 -0.0170747 0.0840503 5.59418e-05 -0.000392572 1.3557e-05 5.59418e-05 0.00927609 -0.0170924 5.58801e-05 -0.000392572 -0.0170924 0.0845077 
0.00937084 -0.0170958 2.01308e-05 5.41851e-05 -0.0170958 0.0841564 5.39847e-05 -0.00038515 2.01308e-05 5.39847e-05 0.00926659 -0.0170839 5.41851e-05 -0.00038515 -0.0170839 0.0845099 
0.00935836 -0.0170744 1.33479e-05 4.4305e-05 -0.0170744 0.084055 4.13088e-05 -0.000359113 1.33479e-05 4.13088e-05 0.00924455 -0.0170368 4.4305e-05 -0.000359113 -0.0170368 0.0843233 
0.00932823 -0.0170576 2.10418e-05 4.99745e-05 -0.0170576 0.0839781 4.42807e-05 -0.000346412 2.10418e-05 4.42807e-05 0.00925116 -0.0170111 4.99745e-05 -0.000346412 -0.0170111 0.0842016 
0.00930284 -0.0170144 3.48123e-05 3.87977e-05 -0.0170144 0.0838531 3.29196e-05 -0.000322607 3.48123e-05 3.29196e-05 0.00926459 -0.0170135 3.87977e-05 -0.000322607 -0.0170135 0.0841333 
0.00929176 -0.0169926 3.25946e-05 2.12024e-05 -0.0169926 0.0837977 1.64502e-05 -0.000282914 3.25946e-05 1.64502e-05 0.00927657 -0.0170486 2.12024e-05 -0.000282914 -0.0170486 0.0842129 
0.00930169 -0.0169887 2.62875e-05 2.28479e-05 -0.0169887 0.0838008 1.80884e-05 -0.000265594 2.62875e-05 1.80884e-05 0.00926751 -0.0170752 2.28479e-05 -0.000265594 -0.0170752 0.084327 
0.00929568 -0.0169866 2.97462e-05 3.25827e-05 -0.0169866 0.0837497 2.51995e-05 -0.000275768 2.97462e-05 2.51995e-05 0.00925549 -0.0170496 3.25827e-05 -0.000275768 -0.0170496 0.0842821 
0.00930169 -0.0169596 2.9201e-05 2.86168e-05 -0.0169596 0.0836251 2.28313e-05 -0.000277276 2.9201e-05 2.28313e-05 0.00922362 -0.0170165 2.86168e-05 -0.000277276 -0.0170165 0.084141 
0.00929244 -0.0169387 2.91284e-05 2.55869e-05 -0.0169387 0.0834391 2.3724e-05 -0.000271195 2.91284e-05 2.3724e-05 0.00918485 -0.0169478 2.55869e-05 -0.000271195 -0.0169478 0.0838723 
0.00928924 -0.0169431 2.20983e-05 2.38812e-05 -0.0169431 0.083405 2.48154e-05 -0.000268182 2.20983e-05 2.48154e-05 0.00916709 -0.0169079 2.38812e-05 -0.000268182 -0.0169079 0.0837182 
0.00925735 -0.0169113 2.28545e-05 3.12922e-05 -0.0169113 0.0832355 3.54673e-05 -0.000280697 2.28545e-05 3.54673e-05 0.00915606 -0.0168509 3.12922e-05 -0.000280697 -0.0168509 0.0834471 
0.00926434 -0.0169589 3.91891e-05 2.93524e-05 -0.0169589 0.0835188 3.47798e-05 -0.000286179 3.91891e-05 3.47798e-05 0.00920257 -0.0169248 2.93524e-05 -0.000286179 -0.0169248 0.0837332 
0.00930649 -0.0169937 4.75334e-05 9.25087e-06 -0.0169937 0.0837945 1.17541e-05 -0.000251506 4.75334e-05 1.17541e-05 0.00923532 -0.0170172 9.25087e-06 -0.000251506 -0.0170172 0.0841212 
0.0093356 -0.0170313 4.07059e-05 2.68747e-06 -0.0170313 0.0839359 6.74006e-07 -0.000220296 4.07059e-05 6.74006e-07 0.00924021 -0.0170467 2.68747e-06 -0.000220296 -0.0170467 0.0843092 
0.00929651 -0.0169801 2.24961e-05 1.18654e-05 -0.0169801 0.0836334 5.80115e-06 -0.00021736 2.24961e-05 5.80115e-06 0.00921415 -0.016962 1.18654e-05 -0.00021736 -0.016962 0.0839567 
0.00928108 -0.0169377 9.12314e-06 3.55897e-05 -0.0169377 0.0834496 2.83339e-05 -0.000257199 9.12314e-06 2.83339e-05 0.00919716 -0.0169334 3.55897e-05 -0.000257199 -0.0169334 0.0837639 
0.00927573 -0.0169349 1.46109e-06 5.24324e-05 -0.0169349 0.0834115 4.65913e-05 -0.000305 1.46109e-06 4.65913e-05 0.00920443 -0.0169323 5.24324e-05 -0.000305 -0.0169323 0.0837402 
0.00929138 -0.0169884 2.85362e-06 6.16359e-05 -0.0169884 0.0836812 5.95937e-05 -0.0003435 2.85362e-06 5.95937e-05 0.0092483 -0.0170068 6.16359e-05 -0.0003435 -0.0170068 0.084057 
0.00933304 -0.017013 1.3985e-05 5.99579e-05 -0.017013 0.0838554 5.92859e-05 -0.000356808 1.3985e-05 5.92859e-05 0.00925864 -0.0170657 5.99579e-05 -0.000356808 -0.0170657 0.0843085 
0.00938985 -0.0170874 1.98124e-05 4.5994e-05 -0.0170874 0.0841373 4.50109e-05 -0.000337789 1.98124e-05 4.50109e-05 0.00926925 -0.0171102 4.5994e-05 -0.000337789 -0.0171102 0.0845919 
0.00939959 -0.0171255 2.73709e-05 3.23186e-05 -0.0171255 0.0842199 3.15466e-05 -0.000298982 2.73709e-05 3.15466e-05 0.00927759 -0.0170873 3.23186e-05 -0.000298982 -0.0170873 0.0845651 
0.00939794 -0.0171505 2.5913e-05 2.32295e-05 -0.0171505 0.0843428 2.01089e-05 -0.000265052 2.5913e-05 2.01089e-05 0.00929057 -0.0171108 2.32295e-05 -0.000265052 -0.0171108 0.0846336 
0.00938922 -0.0171361 3.25147e-05 2.48116e-05 -0.0171361 0.0843403 2.03545e-05 -0.000251598 3.25147e-05 2.03545e-05 0.00928609 -0.0171254 2.48116e-05 -0.000251598 -0.0171254 0.084678 
0.0093361 -0.01706 3.77153e-05 2.10653e-05 -0.01706 0.0839984 1.64887e-05 -0.000247802 3.77153e-05 1.64887e-05 0.00925929 -0.0170536 2.10653e-05 -0.000247802 -0.0170536 0.0843688 
0.00927431 -0.0169646 3.4107e-05 1.50386e-05 -0.0169646 0.0835875 1.40514e-05 -0.00024173 3.4107e-05 1.40514e-05 0.00923384 -0.0169818 1.50386e-05 -0.00024173 -0.0169818 0.0839945 
0.00924226 -0.0168893 3.27401e-05 1.63613e-05 -0.0168893 0.0832771 2.07038e-05 -0.000244735 3.27401e-05 2.07038e-05 0.00921233 -0.016942 1.63613e-05 -0.000244735 -0.016942 0.083742 
0.00925372 -0.0169034 3.35844e-05 1.71598e-05 -0.0169034 0.0833434 2.79451e-05 -0.000258788 3.35844e-05 2.79451e-05 0.00922433 -0.0169742 1.71598e-05 -0.000258788 -0.0169742 0.0838678 
0.00924171 -0.0169291 4.06507e-05 1.55172e-05 -0.0169291 0.083449 3.20478e-05 -0.000270883 4.06507e-05 3.20478e-05 0.00925093 -0.0169942 1.55172e-05 -0.000270883 -0.0169942 0.0839752 
0.00922174 -0.0169063 2.79877e-05 8.27933e-06 -0.0169063 0.0834358 2.0641e-05 -0.000260597 2.79877e-05 2.0641e-05 0.0092699 -0.0170167 8.27933e-06 -0.000260597 -0.0170167 0.0840213 
0.00922088 -0.0168809 1.06148e-05 2.43039e-05 -0.0168809 0.0833894 2.90557e-05 -0.00026962 1.06148e-05 2.90557e-05 0.00926948 -0.0170429 2.43039e-05 -0.00026962 -0.0170429 0.0840896 
0.00921783 -0.0168657 5.44193e-06 5.16963e-05 -0.0168657 0.0833044 5.02013e-05 -0.000317712 5.44193e-06 5.02013e-05 0.00925795 -0.0170314 5.16963e-05 -0.000317712 -0.0170314 0.0840622 
0.00923741 -0.0168904 1.42588e-05 5.99253e-05 -0.0168904 0.0834059 5.84068e-05 -0.000355286 1.42588e-05 5.84068e-05 0.00924863 -0.0170451 5.99253e-05 -0.000355286 -0.0170451 0.0841611 
0.00921705 -0.0168491 2.39472e-05 4.56163e-05 -0.0168491 0.0831714 4.56261e-05 -0.000343 2.39472e-05 4.56261e-05 0.00920707 -0.0169662 4.56163e-05 -0.000343 -0.0169662 0.0838601 
0.00920394 -0.0167788 3.53513e-05 2.72157e-05 -0.0167788 0.0827995 2.9921e-05 -0.000299075 3.53513e-05 2.9921e-05 0.0091473 -0.0168651 2.72157e-05 -0.000299075 -0.0168651 0.0833999 
0.00922052 -0.0168193 5.20644e-05 8.83898e-06 -0.0168193 0.0828784 1.26561e-05 -0.000247007 5.20644e-05 1.26561e-05 0.00914105 -0.016847 8.83898e-06 -0.000247007 -0.016847 0.0833526 
0.00921779 -0.0168338 6.03505e-05 -9.04014e-06 -0.0168338 0.0829012 -6.07108e-06 -0.000200345 6.03505e-05 -6.07108e-06 0.00913417 -0.0168214 -9.04014e-06 -0.000200345 -0.0168214 0.0832408 
0.00924742 -0.0168686 5.4937e-05 -1.69855e-05 -0.0168686 0.0830809 -1.54824e-05 -0.000169325 5.4937e-05 -1.54824e-05 0.00913423 -0.0168462 -1.69855e-05 -0.000169325 -0.0168462 0.0833458 
0.00929293 -0.0169672 4.04245e-05 -9.78364e-06 -0.0169672 0.0835132 -1.09385e-05 -0.000167486 4.04245e-05 -1.09385e-05 0.0091662 -0.0169053 -9.78364e-06 -0.000167486 -0.0169053 0.0836896 
0.00932316 -0.0170316 3.33379e-05 8.03355e-06 -0.0170316 0.0838398 6.82238e-06 -0.000197238 3.33379e-05 6.82238e-06 0.00918686 -0.016951 8.03355e-06 -0.000197238 -0.016951 0.0839423 
0.00927125 -0.0169784 3.62382e-05 1.76033e-05 -0.0169784 0.0836022 1.54167e-05 -0.000225455 3.62382e-05 1.54167e-05 0.00918563 -0.0168842 1.76033e-05 -0.000225455 -0.0168842 0.0836518 
0.00920501 -0.0168751 2.01815e-05 1.45908e-05 -0.0168751 0.0832107 1.00293e-05 -0.000228305 2.01815e-05 1.00293e-05 0.0091977 -0.0168536 1.45908e-05 -0.000228305 -0.0168536 0.0833631 
0.009205 -0.0168669 3.03232e-05 3.64957e-05 -0.0168669 0.0832819 2.91041e-05 -0.00025901 3.03232e-05 2.91041e-05 0.00924136 -0.0169643 3.64957e-05 -0.00025901 -0.0169643 0.0837092 
0.00920393 -0.0168365 2.10359e-05 3.12278e-05 -0.0168365 0.0831649 1.98418e-05 -0.00027062 2.10359e-05 1.98418e-05 0.0092407 -0.016994 3.12278e-05 -0.00027062 -0.016994 0.083823 
0.00922754 -0.016871 2.15308e-05 3.95337e-05 -0.016871 0.0833001 2.78801e-05 -0.000278993 2.15308e-05 2.78801e-05 0.00923927 -0.0170351 3.95337e-05 -0.000278993 -0.0170351 0.0840661 
0.00921588 -0.0168702 1.36635e-05 3.71162e-05 -0.0168702 0.083272 2.73195e-05 -0.000280916 1.36635e-05 2.73195e-05 0.00923697 -0.0170062 3.71162e-05 -0.000280916 -0.0170062 0.0840313 
0.00922788 -0.0168751 2.99708e-08 4.33934e-05 -0.0168751 0.0833325 3.65133e-05 -0.000289617 2.99708e-08 3.65133e-05 0.00924787 -0.0170182 4.33934e-05 -0.000289617 -0.0170182 0.0840876 
0.00923048 -0.016873 -4.1587e-06 5.73311e-05 -0.016873 0.0833022 5.34707e-05 -0.000315364 -4.1587e-06 5.34707e-05 0.00925881 -0.0170167 5.73311e-05 -0.000315364 -0.0170167 0.0840679 
0.00924178 -0.0168726 -4.08443e-07 5.71509e-05 -0.0168726 0.0832731 5.77459e-05 -0.00032631 -4.08443e-07 5.77459e-05 0.00925741 -0.0170245 5.71509e-05 -0.00032631 -0.0170245 0.0840532 
0.00931268 -0.0169393 3.45614e-06 5.19735e-05 -0.0169393 0.0835409 6.04836e-05 -0.000331745 3.45614e-06 6.04836e-05 0.00924335 -0.0170782 5.19735e-05 -0.000331745 -0.0170782 0.0843126 
0.00937707 -0.0170383 6.88879e-06 4.77464e-05 -0.0170383 0.0838503 6.03777e-05 -0.000332699 6.88879e-06 6.03777e-05 0.00922681 -0.017067 4.77464e-05 -0.000332699 -0.017067 0.084437 
0.00941472 -0.0171256 2.00855e-05 4.38988e-05 -0.0171256 0.0841439 5.63923e-05 -0.000328983 2.00855e-05 5.63923e-05 0.00922358 -0.0170404 4.38988e-05 -0.000328983 -0.0170404 0.0844376 
0.00942839 -0.0171872 2.48511e-05 3.14461e-05 -0.0171872 0.0844137 4.16806e-05 -0.000311248 2.48511e-05 4.16806e-05 0.00924737 -0.0170427 3.14461e-05 -0.000311248 -0.0170427 0.0844785 
0.00939625 -0.0171957 3.42086e-05 3.14272e-05 -0.0171957 0.084514 3.49817e-05 -0.000300912 3.42086e-05 3.49817e-05 0.00929248 -0.017065 3.14272e-05 -0.000300912 -0.017065 0.0845175 
0.0093864 -0.0171583 4.35409e-05 2.48174e-05 -0.0171583 0.084514 2.28967e-05 -0.000287461 4.35409e-05 2.28967e-05 0.0093149 -0.0171352 2.48174e-05 -0.000287461 -0.0171352 0.0846877 
0.00936963 -0.0170966 2.55284e-05 1.48033e-05 -0.0170966 0.0842619 1.16893e-05 -0.000266981 2.55284e-05 1.16893e-05 0.00929397 -0.0171278 1.48033e-05 -0.000266981 -0.0171278 0.0846309 
0.00937018 -0.0170636 1.32375e-05 3.80911e-05 -0.0170636 0.0840619 3.4932e-05 -0.000295624 1.32375e-05 3.4932e-05 0.00925892 -0.0170887 3.80911e-05 -0.000295624 -0.0170887 0.0844925 
0.00937351 -0.0170955 8.75876e-06 5.52699e-05 -0.0170955 0.0841177 5.36718e-05 -0.000346327 8.75876e-06 5.36718e-05 0.00926048 -0.0170616 5.52699e-05 -0.000346327 -0.0170616 0.0844514 
0.00932269 -0.017063 -8.66338e-06 6.13524e-05 -0.017063 0.0839612 6.30125e-05 -0.000380935 -8.66338e-06 6.30125e-05 0.00926684 -0.0170124 6.13524e-05 -0.000380935 -0.0170124 0.0841952 
0.0092455 -0.016937 -6.39075e-06 7.51216e-05 -0.016937 0.083479 8.09485e-05 -0.000410811 -6.39075e-06 8.09485e-05 0.00924138 -0.0169604 7.51216e-05 -0.000410811 -0.0169604 0.0837944 
0.00923354 -0.0169043 -4.8852e-06 7.50308e-05 -0.0169043 0.0834132 8.22591e-05 -0.000430701 -4.8852e-06 8.22591e-05 0.00925217 -0.0169975 7.50308e-05 -0.000430701 -0.0169975 0.0838963 
0.00926385 -0.0168876 1.21374e-05 7.28777e-05 -0.0168876 0.0833573 7.62987e-05 -0.00042657 1.21374e-05 7.62987e-05 0.00921836 -0.0170127 7.28777e-05 -0.00042657 -0.0170127 0.0839646 
0.00925321 -0.0168821 3.16768e-05 5.23523e-05 -0.0168821 0.0831806 5.08241e-05 -0.00038447 3.16768e-05 5.08241e-05 0.00917879 -0.0169248 5.23523e-05 -0.00038447 -0.0169248 0.0836999 
0.00926508 -0.0169052 3.85323e-05 2.64888e-05 -0.0169052 0.0832551 2.79892e-05 -0.00032617 3.85323e-05 2.79892e-05 0.00916929 -0.0169019 2.64888e-05 -0.00032617 -0.0169019 0.0836302 
0.00926087 -0.0169239 4.30913e-05 1.28448e-05 -0.0169239 0.0833193 2.01825e-05 -0.000282086 4.30913e-05 2.01825e-05 0.00917129 -0.0168863 1.28448e-05 -0.000282086 -0.0168863 0.0835743 
0.00924824 -0.0169228 2.23052e-05 5.97815e-06 -0.0169228 0.0833481 1.66655e-05 -0.00025972 2.23052e-05 1.66655e-05 0.00917938 -0.0168827 5.97815e-06 -0.00025972 -0.0168827 0.0835356 
0.00926194 -0.0169261 1.0359e-06 2.93319e-05 -0.0169261 0.0834233 4.04059e-05 -0.000285637 1.0359e-06 4.04059e-05 0.00917619 -0.0169101 2.93319e-05 -0.000285637 -0.0169101 0.0836232 
0.00925901 -0.0169106 -2.51302e-05 6.13296e-05 -0.0169106 0.0833364 7.0798e-05 -0.000354873 -2.51302e-05 7.0798e-05 0.00915834 -0.0168863 6.13296e-05 -0.000354873 -0.0168863 0.083549 
0.00925739 -0.0168939 -2.49444e-05 9.59141e-05 -0.0168939 0.0832286 0.000103234 -0.000438445 -2.49444e-05 0.000103234 0.00912921 -0.0168495 9.59141e-05 -0.000438445 -0.0168495 0.0834065 
0.00926042 -0.0169096 -1.0447e-06 9.84698e-05 -0.0169096 0.0832692 0.000101641 -0.000477213 -1.0447e-06 0.000101641 0.00912123 -0.0168337 9.84698e-05 -0.000477213 -0.0168337 0.0833836 
0.00922615 -0.0168775 3.23913e-05 6.87881e-05 -0.0168775 0.0831062 6.69854e-05 -0.000432721 3.23913e-05 6.69854e-05 0.00910109 -0.0167761 6.87881e-05 -0.000432721 -0.0167761 0.0831364 
0.0092088 -0.0168555 3.95049e-05 2.72564e-05 -0.0168555 0.0830554 2.21902e-05 -0.000336965 3.95049e-05 2.21902e-05 0.00908974 -0.0167612 2.72564e-05 -0.000336965 -0.0167612 0.0830487 
0.00917849 -0.0167867 2.50198e-05 1.47168e-05 -0.0167867 0.0827672 7.8618e-06 -0.000266342 2.50198e-05 7.8618e-06 0.00905759 -0.0167033 1.47168e-05 -0.000266342 -0.0167033 0.0827721 
0.00915476 -0.0167506 2.74672e-05 2.90904e-05 -0.0167506 0.0825847 2.23725e-05 -0.000259774 2.74672e-05 2.23725e-05 0.0090583 -0.0166622 2.90904e-05 -0.000259774 -0.0166622 0.082582 
0.0091318 -0.0167252 1.65764e-05 2.44242e-05 -0.0167252 0.0824717 1.95228e-05 -0.000256536 1.65764e-05 1.95228e-05 0.00907445 -0.0166633 2.44242e-05 -0.000256536 -0.0166633 0.0824977 
0.00911131 -0.0166684 1.27522e-05 3.69865e-05 -0.0166684 0.0822388 3.43056e-05 -0.0002721 1.27522e-05 3.43056e-05 0.009068 -0.0166639 3.69865e-05 -0.0002721 -0.0166639 0.0823826 
0.00913107 -0.0166955 2.13581e-05 4.17865e-05 -0.0166955 0.0823535 3.97886e-05 -0.000290607 2.13581e-05 3.97886e-05 0.00908528 -0.016721 4.17865e-05 -0.000290607 -0.016721 0.0826197 
0.00912845 -0.0166941 3.09911e-05 3.22559e-05 -0.0166941 0.0823191 2.88986e-05 -0.000281951 3.09911e-05 2.88986e-05 0.00908508 -0.0167206 3.22559e-05 -0.000281951 -0.0167206 0.0826383 
0.00913964 -0.0167264 4.02134e-05 1.69546e-05 -0.0167264 0.0824693 1.29305e-05 -0.000246915 4.02134e-05 1.29305e-05 0.00909353 -0.0167522 1.69546e-05 -0.000246915 -0.0167522 0.0827992 
0.00916487 -0.0168015 4.97924e-05 3.52727e-06 -0.0168015 0.0828591 1.82265e-06 -0.000210362 4.97924e-05 1.82265e-06 0.00914206 -0.016823 3.52727e-06 -0.000210362 -0.016823 0.0831861 
0.0091655 -0.0168072 4.33511e-05 -1.1492e-05 -0.0168072 0.0829698 -7.55797e-06 -0.000175861 4.33511e-05 -7.55797e-06 0.00915898 -0.0168618 -1.1492e-05 -0.000175861 -0.0168618 0.0833525 
0.00915751 -0.0167321 4.01913e-05 -7.02766e-06 -0.0167321 0.0826533 1.42398e-06 -0.000169425 4.01913e-05 1.42398e-06 0.00911588 -0.0168102 -7.02766e-06 -0.000169425 -0.0168102 0.0831067 
0.00917262 -0.0167607 2.93742e-05 7.57301e-07 -0.0167607 0.0826889 1.08867e-05 -0.000189815 2.93742e-05 1.08867e-05 0.00911097 -0.0167968 7.57301e-07 -0.000189815 -0.0167968 0.0831093 
0.00919254 -0.0168306 2.75165e-05 1.62387e-05 -0.0168306 0.0829865 2.61992e-05 -0.000226194 2.75165e-05 2.61992e-05 0.00914405 -0.0168327 1.62387e-05 -0.000226194 -0.0168327 0.0833137 
0.00922038 -0.0168638 3.30539e-05 2.04441e-05 -0.0168638 0.0832022 2.80677e-05 -0.00024876 3.30539e-05 2.80677e-05 0.00916391 -0.0168819 2.04441e-05 -0.00024876 -0.0168819 0.0835139 
0.00922627 -0.0168679 4.78294e-05 1.40737e-05 -0.0168679 0.0832115 1.90812e-05 -0.000244194 4.78294e-05 1.90812e-05 0.00915647 -0.0168832 1.40737e-05 -0.000244194 -0.0168832 0.0835304 
0.00922668 -0.0168978 5.97245e-05 -2.49131e-06 -0.0168978 0.0833398 -1.39134e-06 -0.000211758 5.97245e-05 -1.39134e-06 0.00917067 -0.0168941 -2.49131e-06 -0.000211758 -0.0168941 0.0836267 
0.00919496 -0.0168274 5.36627e-05 -1.68842e-05 -0.0168274 0.0830473 -1.83121e-05 -0.000170292 5.36627e-05 -1.83121e-05 0.00913249 -0.0168336 -1.68842e-05 -0.000170292 -0.0168336 0.0833209 
0.00915049 -0.0167591 5.4354e-05 -1.03374e-05 -0.0167591 0.0827043 -1.18971e-05 -0.00016195 5.4354e-05 -1.18971e-05 0.00910326 -0.0167522 -1.03374e-05 -0.00016195 -0.0167522 0.0829489 
0.00915717 -0.0167399 6.80667e-05 -1.03119e-05 -0.0167399 0.0826312 -1.0614e-05 -0.000166145 6.80667e-05 -1.0614e-05 0.00907842 -0.0167438 -1.03119e-05 -0.000166145 -0.0167438 0.0828662 
0.00912248 -0.016701 7.43141e-05 -2.76484e-05 -0.016701 0.0823701 -2.58079e-05 -0.000143301 7.43141e-05 -2.58079e-05 0.00905651 -0.0166612 -2.76484e-05 -0.000143301 -0.0166612 0.0825305 
0.00908673 -0.016647 5.98179e-05 -3.61194e-05 -0.016647 0.08212 -3.2622e-05 -0.000118488 5.98179e-05 -3.2622e-05 0.0090323 -0.0166124 -3.61194e-05 -0.000118488 -0.0166124 0.0822331 
0.00970715 -0.0177958 6.46074e-05 -1.8198e-05 -0.0177958 0.0878204 -1.79368e-05 -0.000144168 6.46074e-05 -1.79368e-05 0.00967065 -0.0177823 -1.8198e-05 -0.000144168 -0.0177823 0.0879762 
0.00968909 -0.0177535 6.07216e-05 -1.57232e-05 -0.0177535 0.0876576 -1.7705e-05 -0.000160886 6.07216e-05 -1.7705e-05 0.00965283 -0.0177721 -1.57232e-05 -0.000160886 -0.0177721 0.0878848 
0.00969844 -0.0177482 5.34344e-05 -1.37391e-05 -0.0177482 0.0876348 -1.3876e-05 -0.000166414 5.34344e-05 -1.3876e-05 0.00964373 -0.0177731 -1.37391e-05 -0.000166414 -0.0177731 0.0879103 
0.00911735 -0.0166437 1.98825e-05 -3.71985e-06 -0.0166437 0.0821303 -2.93642e-06 -0.000173791 1.98825e-05 -2.93642e-06 0.00900207 -0.0166399 -3.71985e-06 -0.000173791 -0.0166399 0.0823532 
0.0091561 -0.0167202 -5.11114e-06 2.92814e-05 -0.0167202 0.0823861 3.03453e-05 -0.000228845 -5.11114e-06 3.03453e-05 0.0089991 -0.0166314 2.92814e-05 -0.000228845 -0.0166314 0.0824505 
0.00916038 -0.016769 3.32962e-06 6.12568e-05 -0.016769 0.0825853 6.08626e-05 -0.000304781 3.32962e-06 6.08626e-05 0.00902567 -0.0166269 6.12568e-05 -0.000304781 -0.0166269 0.0824877 
0.00911731 -0.0167198 1.87026e-06 5.03055e-05 -0.0167198 0.0824135 4.99113e-05 -0.000317445 1.87026e-06 4.99113e-05 0.00903473 -0.0166054 5.03055e-05 -0.000317445 -0.0166054 0.0822944 
0.00910597 -0.0166926 -3.0576e-06 5.13639e-05 -0.0166926 0.0823852 4.79981e-05 -0.000310552 -3.0576e-06 4.79981e-05 0.00904758 -0.0166556 5.13639e-05 -0.000310552 -0.0166556 0.0824125 
0.00906961 -0.0166365 -4.63187e-06 5.84066e-05 -0.0166365 0.0821523 5.53177e-05 -0.000320949 -4.63187e-06 5.53177e-05 0.00904424 -0.0166442 5.84066e-05 -0.000320949 -0.0166442 0.0823433 
0.00903512 -0.0165942 2.96775e-06 6.14903e-05 -0.0165942 0.0819934 6.08649e-05 -0.000336901 2.96775e-06 6.08649e-05 0.00905575 -0.0166419 6.14903e-05 -0.000336901 -0.0166419 0.0823086 
0.00903061 -0.0165811 1.85997e-05 5.31715e-05 -0.0165811 0.0820062 5.58307e-05 -0.000337664 1.85997e-05 5.58307e-05 0.00907702 -0.0166886 5.31715e-05 -0.000337664 -0.0166886 0.082468 
0.00902498 -0.0165406 3.14135e-05 3.26351e-05 -0.0165406 0.0818322 3.75251e-05 -0.000305505 3.14135e-05 3.75251e-05 0.00905795 -0.016676 3.26351e-05 -0.000305505 -0.016676 0.0823942 
0.00967588 -0.0177345 3.97669e-05 1.30345e-05 -0.0177345 0.0876764 2.02802e-05 -0.000274926 3.97669e-05 2.02802e-05 0.00969521 -0.0178534 1.30345e-05 -0.000274926 -0.0178534 0.0882633 
0.00967264 -0.0177192 4.85653e-05 4.27005e-06 -0.0177192 0.087574 1.28184e-05 -0.000237697 4.85653e-05 1.28184e-05 0.00966695 -0.0178107 4.27005e-06 -0.000237697 -0.0178107 0.0880878 
0.00966183 -0.017707 3.7564e-05 -4.00034e-06 -0.017707 0.0874742 5.29108e-06 -0.000216365 3.7564e-05 5.29108e-06 0.00964998 -0.0177633 -4.00034e-06 -0.000216365 -0.0177633 0.0878933 
0.00965379 -0.0176874 3.05003e-05 1.06217e-05 -0.0176874 0.0873775 1.61492e-05 -0.00022719 3.05003e-05 1.61492e-05 0.00962782 -0.0177376 1.06217e-05 -0.00022719 -0.0177376 0.0877456 
0.00964845 -0.0176541 1.79538e-05 2.60081e-05 -0.0176541 0.0871945 2.48498e-05 -0.000258579 1.79538e-05 2.48498e-05 0.00958834 -0.0176838 2.60081e-05 -0.000258579 -0.0176838 0.0875099 
0.009652 -0.017662 2.47684e-05 3.99761e-05 -0.017662 0.0871539 3.78178e-05 -0.000290106 2.47684e-05 3.78178e-05 0.00955632 -0.0176356 3.99761e-05 -0.000290106 -0.0176356 0.087341 
0.00964152 -0.0176675 3.37408e-05 2.84674e-05 -0.0176675 0.0871344 2.99802e-05 -0.00028674 3.37408e-05 2.99802e-05 0.00953579 -0.0175844 2.84674e-05 -0.00028674 -0.0175844 0.0871538 
0.00962863 -0.0176824 3.11906e-05 1.92177e-05 -0.0176824 0.0872333 1.93848e-05 -0.000267671 3.11906e-05 1.93848e-05 0.00954685 -0.017581 1.92177e-05 -0.000267671 -0.017581 0.0871454 
0.00961038 -0.0176771 6.25839e-05 2.00776e-05 -0.0176771 0.0873018 1.89653e-05 -0.00025454 6.25839e-05 1.89653e-05 0.00957367 -0.0176046 2.00776e-05 -0.00025454 -0.0176046 0.0872185 
0.00961387 -0.0176845 0.000100029 -2.10512e-05 -0.0176845 0.087452 -1.90365e-05 -0.000189341 0.000100029 -1.90365e-05 0.00960823 -0.0176744 -2.10512e-05 -0.000189341 -0.0176744 0.087486 
0.0090074 -0.0165658 9.07425e-05 -6.60583e-05 -0.0165658 0.0819925 -6.07622e-05 -7.4466e-05 9.07425e-05 -6.07622e-05 0.00901881 -0.0166092 -6.60583e-05 -7.4466e-05 -0.0166092 0.0821798 
0.00964523 -0.0176927 7.00921e-05 -7.20285e-05 -0.0176927 0.0876141 -6.16558e-05 -2.75997e-05 7.00921e-05 -6.16558e-05 0.00963874 -0.0177664 -7.20285e-05 -2.75997e-05 -0.0177664 0.087932 
0.00964111 -0.0176905 3.81122e-05 -4.08419e-05 -0.0176905 0.0875275 -2.84041e-05 -6.32808e-05 3.81122e-05 -2.84041e-05 0.00963585 -0.0177383 -4.08419e-05 -6.32808e-05 -0.0177383 0.087845 
0.00961054 -0.0176504 3.11496e-05 3.40418e-06 -0.0176504 0.0873025 1.09233e-05 -0.000152877 3.11496e-05 1.09233e-05 0.00961785 -0.0176859 3.40418e-06 -0.000152877 -0.0176859 0.0875698 
0.00960129 -0.0176354 3.6915e-05 1.65936e-05 -0.0176354 0.0872496 1.64606e-05 -0.000206642 3.6915e-05 1.64606e-05 0.00961822 -0.0176865 1.65936e-05 -0.000206642 -0.0176865 0.087524 
0.0095964 -0.0176157 3.66805e-05 1.12275e-05 -0.0176157 0.0871672 8.99051e-06 -0.000213398 3.66805e-05 8.99051e-06 0.00960884 -0.0176829 1.12275e-05 -0.000213398 -0.0176829 0.0874778 
0.00957462 -0.0176233 2.07146e-05 9.35785e-06 -0.0176233 0.0871832 1.05807e-05 -0.000211573 2.07146e-05 1.05807e-05 0.00962645 -0.0176847 9.35785e-06 -0.000211573 -0.0176847 0.0875028 
0.00956455 -0.017591 1.92686e-05 2.49234e-05 -0.017591 0.0871185 2.88838e-05 -0.000233938 1.92686e-05 2.88838e-05 0.00962959 -0.0176958 2.49234e-05 -0.000233938 -0.0176958 0.0874976 
0.00956843 -0.0175723 1.90166e-05 2.81477e-05 -0.0175723 0.0870454 3.02963e-05 -0.000251477 1.90166e-05 3.02963e-05 0.00962631 -0.0177033 2.81477e-05 -0.000251477 -0.0177033 0.0875117 
0.00954845 -0.0175481 1.86364e-05 2.94067e-05 -0.0175481 0.0868865 2.94573e-05 -0.000256142 1.86364e-05 2.94573e-05 0.00961965 -0.0176778 2.94067e-05 -0.000256142 -0.0176778 0.0873947 
0.00954646 -0.0175095 1.7425e-05 2.90014e-05 -0.0175095 0.0867101 3.25441e-05 -0.000258737 1.7425e-05 3.25441e-05 0.00958755 -0.0176587 2.90014e-05 -0.000258737 -0.0176587 0.0872632 
0.00957522 -0.0175337 1.24992e-05 3.1268e-05 -0.0175337 0.0867522 3.8188e-05 -0.000270338 1.24992e-05 3.8188e-05 0.00956359 -0.0176462 3.1268e-05 -0.000270338 -0.0176462 0.0872703 
0.00960246 -0.0176201 1.44352e-05 4.23161e-05 -0.0176201 0.0870694 4.6199e-05 -0.000296456 1.44352e-05 4.6199e-05 0.00958176 -0.0176578 4.23161e-05 -0.000296456 -0.0176578 0.0874358 
0.00961702 -0.017671 2.40047e-05 4.39502e-05 -0.017671 0.0873455 4.35654e-05 -0.000310994 2.40047e-05 4.35654e-05 0.00960315 -0.0176875 4.39502e-05 -0.000310994 -0.0176875 0.0875927 
0.00963621 -0.0176893 3.48516e-05 3.19934e-05 -0.0176893 0.0875004 2.80836e-05 -0.000292415 3.48516e-05 2.80836e-05 0.00960104 -0.0177166 3.19934e-05 -0.000292415 -0.0177166 0.0877263 
0.00961858 -0.0176742 3.72108e-05 1.61616e-05 -0.0176742 0.0874194 9.80942e-06 -0.000249873 3.72108e-05 9.80942e-06 0.00959589 -0.0176764 1.61616e-05 -0.000249873 -0.0176764 0.0876068 
0.00961665 -0.0176745 3.72722e-05 1.1233e-05 -0.0176745 0.0874596 3.6611e-06 -0.000219212 3.72722e-05 3.6611e-06 0.00960193 -0.0176846 1.1233e-05 -0.000219212 -0.0176846 0.0876275 
0.00957065 -0.0176301 1.23408e-05 1.26633e-05 -0.0176301 0.0872681 2.96789e-06 -0.000208519 1.23408e-05 2.96789e-06 0.00961549 -0.0176486 1.26633e-05 -0.000208519 -0.0176486 0.0874418 
0.00955843 -0.0175617 2.8881e-06 3.62283e-05 -0.0175617 0.0870368 2.74911e-05 -0.000233417 2.8881e-06 2.74911e-05 0.00959859 -0.0176542 3.62283e-05 -0.000233417 -0.0176542 0.0873294 
0.00956357 -0.0175416 -3.54059e-06 4.74659e-05 -0.0175416 0.0868896 4.20824e-05 -0.000270071 -3.54059e-06 4.20824e-05 0.00957441 -0.0176389 4.74659e-05 -0.000270071 -0.0176389 0.0872669 
0.00959735 -0.0175942 1.22234e-05 5.08555e-05 -0.0175942 0.0870667 5.1032e-05 -0.00029027 1.22234e-05 5.1032e-05 0.00956962 -0.017657 5.08555e-05 -0.00029027 -0.017657 0.0874159 
0.00960967 -0.0176146 1.49756e-05 3.10135e-05 -0.0176146 0.0871058 3.24085e-05 -0.000266417 1.49756e-05 3.24085e-05 0.0095447 -0.0176263 3.10135e-05 -0.000266417 -0.0176263 0.0873524 
0.0096284 -0.0176371 9.23123e-06 2.48449e-05 -0.0176371 0.0871764 2.47083e-05 -0.000235893 9.23123e-06 2.47083e-05 0.00952735 -0.0175955 2.48449e-05 -0.000235893 -0.0175955 0.0872841 
