0.00658134 0 6.24123e-05 0 0 0.00940734 0 0 6.24123e-05 0 0.00667147 0 0 0 0 0.00940734 
0.00966829 -0.0120029 6.85631e-05 -8.13207e-05 -0.0120029 0.0319449 -8.13207e-05 0.000155977 6.85631e-05 -8.13207e-05 0.00976192 -0.0121141 -8.13207e-05 0.000155977 -0.0121141 0.032158 
0.00993285 -0.0185322 2.09833e-05 -1.32179e-05 -0.0185322 0.0683658 -1.32179e-05 1.5909e-05 2.09833e-05 -1.32179e-05 0.00999177 -0.0185418 -1.32179e-05 1.5909e-05 -0.0185418 0.0683564 
0.00860274 -0.0167383 4.94739e-06 9.88852e-05 -0.0167383 0.0751728 0.000106633 -0.000540703 4.94739e-06 0.000106633 0.00865569 -0.0165917 9.88852e-05 -0.000540703 -0.0165917 0.074285 
0.00914004 -0.0172331 8.51428e-06 0.000104521 -0.0172331 0.0834801 0.000121893 -0.000823129 8.51428e-06 0.000121893 0.00919457 -0.0170973 0.000104521 -0.000823129 -0.0170973 0.0821711 
0.00895291 -0.0165586 2.17854e-05 6.2709e-05 -0.0165586 0.0816915 7.83398e-05 -0.00066587 2.17854e-05 7.83398e-05 0.00899431 -0.0164779 6.2709e-05 -0.00066587 -0.0164779 0.0806353 
0.00939066 -0.0173062 2.53363e-05 2.93021e-05 -0.0173062 0.0855491 4.07133e-05 -0.000480258 2.53363e-05 4.07133e-05 0.00945497 -0.0172288 2.93021e-05 -0.000480258 -0.0172288 0.0846931 
0.00914493 -0.0168334 4.06942e-05 1.98841e-05 -0.0168334 0.0832709 2.94246e-05 -0.000336497 4.06942e-05 2.94246e-05 0.00921369 -0.0167872 1.98841e-05 -0.000336497 -0.0167872 0.0826153 
0.00958522 -0.0176482 4.92771e-05 5.31856e-06 -0.0176482 0.0873064 1.33694e-05 -0.000278598 4.92771e-05 1.33694e-05 0.00967318 -0.0176071 5.31856e-06 -0.000278598 -0.0176071 0.0867166 
0.00943372 -0.017356 4.92696e-05 4.23812e-06 -0.017356 0.0858641 7.91808e-06 -0.000245442 4.92696e-05 7.91808e-06 0.00951688 -0.0173317 4.23812e-06 -0.000245442 -0.0173317 0.085339 
0.00934226 -0.0172223 3.94385e-05 4.28675e-06 -0.0172223 0.0851544 5.01073e-06 -0.000234489 3.94385e-05 5.01073e-06 0.00944868 -0.0171877 4.28675e-06 -0.000234489 -0.0171877 0.0846283 
0.00930738 -0.0171476 1.48223e-05 1.87601e-05 -0.0171476 0.0848337 1.79631e-05 -0.000256321 1.48223e-05 1.79631e-05 0.00941187 -0.0171433 1.87601e-05 -0.000256321 -0.0171433 0.0843466 
0.009288 -0.0171045 1.15557e-06 4.81361e-05 -0.0171045 0.0846136 4.56354e-05 -0.000309843 1.15557e-06 4.56354e-05 0.00938651 -0.0171038 4.81361e-05 -0.000309843 -0.0171038 0.0841627 
0.00928169 -0.017066 -1.2127e-06 6.9128e-05 -0.017066 0.0844005 6.2728e-05 -0.000366115 -1.2127e-06 6.2728e-05 0.00935069 -0.017061 6.9128e-05 -0.000366115 -0.017061 0.0839606 
0.00929716 -0.0170709 4.41673e-06 7.63656e-05 -0.0170709 0.08435 6.56536e-05 -0.000398328 4.41673e-06 6.56536e-05 0.00932672 -0.0170333 7.63656e-05 -0.000398328 -0.0170333 0.0838695 
0.00931207 -0.0171156 2.48471e-05 6.69744e-05 -0.0171156 0.0844791 5.60866e-05 -0.000390914 2.48471e-05 5.60866e-05 0.00934413 -0.0170314 6.69744e-05 -0.000390914 -0.0170314 0.0839086 
0.00934636 -0.0171708 2.1903e-05 4.09836e-05 -0.0171708 0.0847413 3.31137e-05 -0.000346463 2.1903e-05 3.31137e-05 0.00936112 -0.0170895 4.09836e-05 -0.000346463 -0.0170895 0.0841357 
0.00939504 -0.0172186 1.44764e-05 3.74968e-05 -0.0172186 0.084948 3.4643e-05 -0.000317265 1.44764e-05 3.4643e-05 0.00935099 -0.0171208 3.74968e-05 -0.000317265 -0.0171208 0.084319 
0.00940329 -0.0172912 1.973e-05 4.41915e-05 -0.0172912 0.0851821 4.90227e-05 -0.000327314 1.973e-05 4.90227e-05 0.0093828 -0.0171097 4.41915e-05 -0.000327314 -0.0171097 0.0843982 
0.00937789 -0.0173155 3.08039e-05 3.72496e-05 -0.0173155 0.085362 4.73748e-05 -0.00033004 3.08039e-05 4.73748e-05 0.00943336 -0.0171484 3.72496e-05 -0.00033004 -0.0171484 0.0845014 
0.00936787 -0.0172755 3.61406e-05 2.17976e-05 -0.0172755 0.0853499 3.16801e-05 -0.000302041 3.61406e-05 3.16801e-05 0.00944303 -0.0172038 2.17976e-05 -0.000302041 -0.0172038 0.0846197 
0.0093456 -0.0172346 3.45616e-05 1.81401e-05 -0.0172346 0.085187 2.38406e-05 -0.000279966 3.45616e-05 2.38406e-05 0.00944161 -0.0171946 1.81401e-05 -0.000279966 -0.0171946 0.0845881 
0.00938642 -0.0172394 4.12584e-05 2.30616e-05 -0.0172394 0.085244 2.55294e-05 -0.000280011 4.12584e-05 2.55294e-05 0.00942558 -0.0172277 2.30616e-05 -0.000280011 -0.0172277 0.0847338 
0.00939349 -0.0172553 4.95657e-05 1.5231e-05 -0.0172553 0.0851865 1.56869e-05 -0.000268468 4.95657e-05 1.56869e-05 0.00939862 -0.0171748 1.5231e-05 -0.000268468 -0.0171748 0.0846062 
0.00935816 -0.0172188 4.38457e-05 2.16242e-06 -0.0172188 0.0849547 2.70072e-06 -0.000237388 4.38457e-05 2.70072e-06 0.00936266 -0.0170894 2.16242e-06 -0.000237388 -0.0170894 0.0842432 
0.00930885 -0.0171479 3.19231e-05 7.81401e-06 -0.0171479 0.0846451 6.88446e-06 -0.000228263 3.19231e-05 6.88446e-06 0.00933802 -0.0170211 7.81401e-06 -0.000228263 -0.0170211 0.0838899 
0.0092968 -0.0171202 2.319e-05 2.39052e-05 -0.0171202 0.0845706 2.03829e-05 -0.000251439 2.319e-05 2.03829e-05 0.00933564 -0.0170309 2.39052e-05 -0.000251439 -0.0170309 0.0838748 
0.00928186 -0.0170929 1.72013e-05 3.81354e-05 -0.0170929 0.0844537 3.64819e-05 -0.000291485 1.72013e-05 3.64819e-05 0.00932998 -0.0170208 3.81354e-05 -0.000291485 -0.0170208 0.083827 
0.00927497 -0.0171139 1.03315e-05 4.47929e-05 -0.0171139 0.0845763 4.55811e-05 -0.00032114 1.03315e-05 4.55811e-05 0.00935561 -0.01706 4.47929e-05 -0.00032114 -0.01706 0.0840111 
0.00926113 -0.0170855 1.42649e-05 5.34853e-05 -0.0170855 0.0845264 5.38225e-05 -0.000344248 1.42649e-05 5.38225e-05 0.00936445 -0.0170746 5.34853e-05 -0.000344248 -0.0170746 0.084056 
0.0092542 -0.0170339 1.40728e-05 4.98935e-05 -0.0170339 0.0843149 4.83779e-05 -0.000347654 1.40728e-05 4.83779e-05 0.00933638 -0.0170584 4.98935e-05 -0.000347654 -0.0170584 0.0839561 
0.00926045 -0.0170366 2.23597e-05 5.04537e-05 -0.0170366 0.0842637 4.45972e-05 -0.000341055 2.23597e-05 4.45972e-05 0.00931635 -0.0170339 5.04537e-05 -0.000341055 -0.0170339 0.0839099 
0.00927644 -0.0170353 3.23457e-05 4.29964e-05 -0.0170353 0.0842082 3.23697e-05 -0.000323595 3.23457e-05 3.23697e-05 0.0092869 -0.0169957 4.29964e-05 -0.000323595 -0.0169957 0.0837814 
0.00927761 -0.0170457 2.47365e-05 2.90958e-05 -0.0170457 0.0841637 1.71744e-05 -0.000289454 2.47365e-05 1.71744e-05 0.00926325 -0.0169462 2.90958e-05 -0.000289454 -0.0169462 0.0836074 
0.00929378 -0.0170935 2.31157e-05 3.26759e-05 -0.0170935 0.0843591 2.64027e-05 -0.000282223 2.31157e-05 2.64027e-05 0.00927856 -0.0169524 3.26759e-05 -0.000282223 -0.0169524 0.0836673 
0.00932577 -0.0171519 2.23463e-05 3.1667e-05 -0.0171519 0.0846555 3.20688e-05 -0.000285942 2.23463e-05 3.20688e-05 0.00930921 -0.0170014 3.1667e-05 -0.000285942 -0.0170014 0.0838839 
0.00933552 -0.017166 2.62212e-05 3.05358e-05 -0.017166 0.0847248 3.73771e-05 -0.000290708 2.62212e-05 3.73771e-05 0.0093158 -0.0170165 3.05358e-05 -0.000290708 -0.0170165 0.0839303 
0.0093171 -0.0171541 3.5375e-05 2.61797e-05 -0.0171541 0.0846578 3.59719e-05 -0.000291353 3.5375e-05 3.59719e-05 0.00932958 -0.0170037 2.61797e-05 -0.000291353 -0.0170037 0.0838598 
0.00932677 -0.0171623 4.00767e-05 1.6874e-05 -0.0171623 0.0847442 2.62877e-05 -0.000278566 4.00767e-05 2.62877e-05 0.00934738 -0.017053 1.6874e-05 -0.000278566 -0.017053 0.0840077 
0.00932295 -0.0171501 3.30347e-05 1.53112e-05 -0.0171501 0.0846757 2.26101e-05 -0.000272381 3.30347e-05 2.26101e-05 0.00933959 -0.0170488 1.53112e-05 -0.000272381 -0.0170488 0.0839834 
0.00932118 -0.0171629 3.7061e-05 2.33831e-05 -0.0171629 0.0847254 2.87706e-05 -0.000281732 3.7061e-05 2.87706e-05 0.00935332 -0.0170561 2.33831e-05 -0.000281732 -0.0170561 0.0840358 
0.00929481 -0.017168 2.19917e-05 1.84781e-05 -0.017168 0.0847804 2.51768e-05 -0.000282746 2.19917e-05 2.51768e-05 0.00939097 -0.0170774 1.84781e-05 -0.000282746 -0.0170774 0.0841086 
0.00929097 -0.0171989 3.16244e-06 3.46307e-05 -0.0171989 0.0850748 4.17961e-05 -0.000303579 3.16244e-06 4.17961e-05 0.00946909 -0.0171932 3.46307e-05 -0.000303579 -0.0171932 0.0845508 
0.00928505 -0.0171778 -8.55059e-06 5.8578e-05 -0.0171778 0.0851283 6.5288e-05 -0.000352306 -8.55059e-06 6.5288e-05 0.00950538 -0.0172788 5.8578e-05 -0.000352306 -0.0172788 0.0848526 
0.00929533 -0.0171503 1.80446e-06 7.43633e-05 -0.0171503 0.0850586 7.92349e-05 -0.000397427 1.80446e-06 7.92349e-05 0.00951204 -0.0173118 7.43633e-05 -0.000397427 -0.0173118 0.0849947 
0.0093292 -0.0171837 1.61801e-05 6.06787e-05 -0.0171837 0.0851604 6.46419e-05 -0.00039039 1.61801e-05 6.46419e-05 0.00953109 -0.0173393 6.06787e-05 -0.00039039 -0.0173393 0.0851639 
0.00935512 -0.0172079 3.05815e-05 4.39203e-05 -0.0172079 0.0851812 4.59341e-05 -0.000352845 3.05815e-05 4.59341e-05 0.00951923 -0.0173312 4.39203e-05 -0.000352845 -0.0173312 0.0851279 
0.00942265 -0.0172893 3.29429e-05 2.79559e-05 -0.0172893 0.085468 3.09033e-05 -0.000314755 3.29429e-05 3.09033e-05 0.00949785 -0.0173504 2.79559e-05 -0.000314755 -0.0173504 0.0852645 
0.00945547 -0.0173537 3.41846e-05 2.8166e-05 -0.0173537 0.0856141 3.10345e-05 -0.000305095 3.41846e-05 3.10345e-05 0.00945841 -0.0172875 2.8166e-05 -0.000305095 -0.0172875 0.0851195 
0.00946932 -0.0173943 3.12992e-05 3.14546e-05 -0.0173943 0.0857308 2.94803e-05 -0.000309492 3.12992e-05 2.94803e-05 0.00942985 -0.0172256 3.14546e-05 -0.000309492 -0.0172256 0.084921 
0.00945789 -0.0173853 2.63462e-05 3.74711e-05 -0.0173853 0.0856782 2.70495e-05 -0.000311905 2.63462e-05 2.70495e-05 0.00939726 -0.0171684 3.74711e-05 -0.000311905 -0.0171684 0.0846691 
0.00940019 -0.017297 3.07758e-05 4.30608e-05 -0.017297 0.0852738 2.92112e-05 -0.000315784 3.07758e-05 2.92112e-05 0.0093603 -0.0170706 4.30608e-05 -0.000315784 -0.0170706 0.0842031 
0.00935673 -0.0172168 3.5056e-05 3.28058e-05 -0.0172168 0.0849392 2.5146e-05 -0.000305021 3.5056e-05 2.5146e-05 0.00933714 -0.0170278 3.28058e-05 -0.000305021 -0.0170278 0.0839302 
0.00932529 -0.017168 2.72149e-05 2.13629e-05 -0.017168 0.0847228 2.04221e-05 -0.000282378 2.72149e-05 2.04221e-05 0.0093201 -0.0170081 2.13629e-05 -0.000282378 -0.0170081 0.0838051 
0.00931207 -0.0171613 2.79184e-05 2.78582e-05 -0.0171613 0.084728 3.03922e-05 -0.000282904 2.79184e-05 3.03922e-05 0.00932793 -0.017025 2.78582e-05 -0.000282904 -0.017025 0.0838929 
0.00927192 -0.0170987 2.96629e-05 2.34624e-05 -0.0170987 0.0844775 2.78765e-05 -0.000276027 2.96629e-05 2.78765e-05 0.00932664 -0.0169873 2.34624e-05 -0.000276027 -0.0169873 0.0837156 
0.00924724 -0.0170228 4.24517e-05 1.80332e-05 -0.0170228 0.084158 2.43536e-05 -0.000260531 4.24517e-05 2.43536e-05 0.0093029 -0.0169595 1.80332e-05 -0.000260531 -0.0169595 0.0835015 
0.009252 -0.0169903 6.06268e-05 4.52684e-06 -0.0169903 0.0839603 1.11029e-05 -0.000235642 6.06268e-05 1.11029e-05 0.0092632 -0.0169359 4.52684e-06 -0.000235642 -0.0169359 0.0833746 
0.00923357 -0.0169815 5.51741e-05 -1.58594e-05 -0.0169815 0.0838071 -1.45255e-05 -0.000186284 5.51741e-05 -1.45255e-05 0.00923955 -0.0168741 -1.58594e-05 -0.000186284 -0.0168741 0.0831637 
0.00923 -0.017002 3.49191e-05 -8.46808e-06 -0.017002 0.0839132 -1.22952e-05 -0.000170249 3.49191e-05 -1.22952e-05 0.00924907 -0.0168851 -8.46808e-06 -0.000170249 -0.0168851 0.0832134 
0.00921189 -0.0169819 2.87644e-05 2.08414e-05 -0.0169819 0.0838762 1.31128e-05 -0.000214343 2.87644e-05 1.31128e-05 0.00925663 -0.0168869 2.08414e-05 -0.000214343 -0.0168869 0.0832019 
0.00920487 -0.0169705 2.61048e-05 3.30113e-05 -0.0169705 0.0838828 2.31518e-05 -0.000259148 2.61048e-05 2.31518e-05 0.00926558 -0.016916 3.30113e-05 -0.000259148 -0.016916 0.0833032 
0.00922879 -0.0170053 1.00319e-05 3.69116e-05 -0.0170053 0.0840868 2.82508e-05 -0.000284877 1.00319e-05 2.82508e-05 0.00928263 -0.0169717 3.69116e-05 -0.000284877 -0.0169717 0.0835881 
0.0092084 -0.0169775 -7.2404e-06 5.49678e-05 -0.0169775 0.0839477 4.70095e-05 -0.000318974 -7.2404e-06 4.70095e-05 0.00927479 -0.016933 5.49678e-05 -0.000318974 -0.016933 0.0834627 
0.00922552 -0.0170161 -8.36946e-06 7.70344e-05 -0.0170161 0.0841656 6.9384e-05 -0.000372347 -8.36946e-06 6.9384e-05 0.00930364 -0.0169841 7.70344e-05 -0.000372347 -0.0169841 0.0836939 
0.00923602 -0.0170214 -1.00242e-06 7.85752e-05 -0.0170214 0.0842305 6.99218e-05 -0.000396278 -1.00242e-06 6.99218e-05 0.00931914 -0.0170124 7.85752e-05 -0.000396278 -0.0170124 0.0838176 
0.00920107 -0.0169465 2.7531e-05 6.72073e-05 -0.0169465 0.0838529 6.20356e-05 -0.000385313 2.7531e-05 6.20356e-05 0.00929098 -0.016946 6.72073e-05 -0.000385313 -0.016946 0.0834853 
0.00917824 -0.0169204 5.04892e-05 2.49995e-05 -0.0169204 0.0837028 2.89462e-05 -0.000317164 5.04892e-05 2.89462e-05 0.00929396 -0.0169328 2.49995e-05 -0.000317164 -0.0169328 0.0833779 
0.00917687 -0.0169296 3.75086e-05 -1.18864e-05 -0.0169296 0.0837679 -2.75e-06 -0.000223256 3.75086e-05 -2.75e-06 0.00931393 -0.01697 -1.18864e-05 -0.000223256 -0.01697 0.0834992 
0.00918297 -0.0168981 2.37948e-05 -8.37197e-07 -0.0168981 0.0836462 1.19508e-05 -0.00019765 2.37948e-05 1.19508e-05 0.00929916 -0.0169668 -8.37197e-07 -0.00019765 -0.0169668 0.0834499 
0.009209 -0.0169058 3.26676e-05 1.90735e-05 -0.0169058 0.0836026 3.28148e-05 -0.00023224 3.26676e-05 3.28148e-05 0.00927744 -0.0169501 1.90735e-05 -0.00023224 -0.0169501 0.0833995 
0.00923771 -0.016963 4.85439e-05 1.17636e-05 -0.016963 0.0837492 2.67937e-05 -0.000245224 4.85439e-05 2.67937e-05 0.00927063 -0.0169409 1.17636e-05 -0.000245224 -0.0169409 0.0834187 
0.00927422 -0.0170811 5.08042e-05 -1.23063e-05 -0.0170811 0.0842627 4.57788e-06 -0.000204486 5.08042e-05 4.57788e-06 0.00930162 -0.0169992 -1.23063e-05 -0.000204486 -0.0169992 0.0837544 
0.00927541 -0.0171095 4.86343e-05 -1.89028e-05 -0.0171095 0.084474 -1.88656e-06 -0.000169475 4.86343e-05 -1.88656e-06 0.00932537 -0.0170116 -1.89028e-05 -0.000169475 -0.0170116 0.0838509 
0.00925721 -0.0170639 4.1762e-05 -1.33174e-05 -0.0170639 0.084339 -6.41169e-07 -0.00016273 4.1762e-05 -6.41169e-07 0.00931674 -0.0169938 -1.33174e-05 -0.00016273 -0.0169938 0.0837182 
0.00926627 -0.0170586 3.79635e-05 3.55387e-06 -0.0170586 0.0843219 5.72298e-06 -0.000182393 3.79635e-05 5.72298e-06 0.00930324 -0.016997 3.55387e-06 -0.000182393 -0.016997 0.0837197 
0.00926047 -0.0170739 1.90198e-05 1.69427e-05 -0.0170739 0.0843587 1.10249e-05 -0.000213428 1.90198e-05 1.10249e-05 0.00931156 -0.0169852 1.69427e-05 -0.000213428 -0.0169852 0.0837181 
0.00930529 -0.017128 7.01407e-06 4.00374e-05 -0.017128 0.0846724 3.22441e-05 -0.000259564 7.01407e-06 3.22441e-05 0.00932872 -0.0170554 4.00374e-05 -0.000259564 -0.0170554 0.0840277 
0.00928777 -0.0170919 -2.68514e-06 5.00123e-05 -0.0170919 0.0844649 4.27532e-05 -0.000289644 -2.68514e-06 4.27532e-05 0.00930075 -0.0169976 5.00123e-05 -0.000289644 -0.0169976 0.0838095 
0.00928461 -0.0171128 -3.3512e-06 5.64046e-05 -0.0171128 0.0845466 4.83502e-05 -0.00030156 -3.3512e-06 4.83502e-05 0.0093048 -0.016999 5.64046e-05 -0.00030156 -0.016999 0.08384 
0.00925173 -0.017034 1.08443e-05 5.58592e-05 -0.017034 0.0842011 5.03481e-05 -0.000304903 1.08443e-05 5.03481e-05 0.00926219 -0.0169226 5.58592e-05 -0.000304903 -0.0169226 0.0834721 
0.0092276 -0.0170007 2.30181e-05 3.42334e-05 -0.0170007 0.0840132 3.50248e-05 -0.000275173 2.30181e-05 3.50248e-05 0.00924059 -0.0168755 3.42334e-05 -0.000275173 -0.0168755 0.0832536 
0.00918637 -0.0169558 2.92974e-05 1.54183e-05 -0.0169558 0.0838088 1.98284e-05 -0.000228841 2.92974e-05 1.98284e-05 0.00923514 -0.0168365 1.54183e-05 -0.000228841 -0.0168365 0.0830458 
0.00913856 -0.0168577 3.38542e-05 3.78714e-06 -0.0168577 0.0834021 9.30384e-06 -0.000187968 3.38542e-05 9.30384e-06 0.00919943 -0.016784 3.78714e-06 -0.000187968 -0.016784 0.0827151 
0.00911846 -0.0168168 3.34246e-05 -1.39232e-06 -0.0168168 0.0832221 4.11076e-06 -0.000163766 3.34246e-05 4.11076e-06 0.00918704 -0.016772 -1.39232e-06 -0.000163766 -0.016772 0.0826376 
0.00912004 -0.016809 1.91308e-05 7.22516e-07 -0.016809 0.0831922 8.6539e-06 -0.000162928 1.91308e-05 8.6539e-06 0.00917275 -0.0167802 7.22516e-07 -0.000162928 -0.0167802 0.0826799 
0.00908054 -0.0167625 1.39696e-05 1.63549e-05 -0.0167625 0.0829467 2.4711e-05 -0.0001867 1.39696e-05 2.4711e-05 0.00914991 -0.0167178 1.63549e-05 -0.0001867 -0.0167178 0.0824457 
0.00904278 -0.0166986 1.99359e-05 1.94845e-05 -0.0166986 0.0826793 2.98037e-05 -0.000203018 1.99359e-05 2.98037e-05 0.0091247 -0.0166689 1.94845e-05 -0.000203018 -0.0166689 0.0821971 
0.00901298 -0.0166512 2.95699e-05 1.1041e-05 -0.0166512 0.08248 1.90835e-05 -0.000189525 2.95699e-05 1.90835e-05 0.00911864 -0.0166385 1.1041e-05 -0.000189525 -0.0166385 0.0820396 
0.00898374 -0.0166164 3.54409e-05 1.78046e-06 -0.0166164 0.0823439 3.43861e-06 -0.000159862 3.54409e-05 3.43861e-06 0.0091303 -0.0166356 1.78046e-06 -0.000159862 -0.0166356 0.0819748 
0.00960643 -0.0177567 4.79936e-05 -4.97424e-06 -0.0177567 0.0880659 -9.1094e-06 -0.000138688 4.79936e-05 -9.1094e-06 0.00977563 -0.0178392 -4.97424e-06 -0.000138688 -0.0178392 0.0878121 
0.00898696 -0.0165846 4.27229e-05 -1.51163e-05 -0.0165846 0.0822735 -1.9986e-05 -0.000100995 4.27229e-05 -1.9986e-05 0.0091184 -0.0166922 -1.51163e-05 -0.000100995 -0.0166922 0.0821675 
0.00900812 -0.0166362 5.22515e-05 -1.32073e-05 -0.0166362 0.0824797 -1.88319e-05 -9.11703e-05 5.22515e-05 -1.88319e-05 0.00912775 -0.0167092 -1.32073e-05 -9.11703e-05 -0.0167092 0.08237 
0.00900883 -0.0166523 7.30312e-05 -2.25083e-05 -0.0166523 0.08258 -2.9603e-05 -7.49952e-05 7.30312e-05 -2.9603e-05 0.00914498 -0.0167161 -2.25083e-05 -7.49952e-05 -0.0167161 0.0824518 
0.00961186 -0.0177289 6.80878e-05 -5.30427e-05 -0.0177289 0.0879785 -5.89845e-05 -2.58863e-05 6.80878e-05 -5.89845e-05 0.00973833 -0.0178259 -5.30427e-05 -2.58863e-05 -0.0178259 0.0878914 
0.00960315 -0.0176837 4.38127e-05 -4.57467e-05 -0.0176837 0.0876987 -5.2003e-05 -4.76893e-06 4.38127e-05 -5.2003e-05 0.00968668 -0.0177618 -4.57467e-05 -4.76893e-06 -0.0177618 0.0876193 
0.0096095 -0.0176953 1.65744e-05 -1.37861e-05 -0.0176953 0.0876686 -2.11212e-05 -5.20398e-05 1.65744e-05 -2.11212e-05 0.00965954 -0.0177215 -1.37861e-05 -5.20398e-05 -0.0177215 0.0875063 
0.00961819 -0.017724 -1.00931e-05 2.10668e-05 -0.017724 0.0877657 1.25186e-05 -0.000130526 -1.00931e-05 1.25186e-05 0.00964431 -0.0177022 2.10668e-05 -0.000130526 -0.0177022 0.0874785 
0.00960336 -0.0177036 -3.94139e-06 5.35933e-05 -0.0177036 0.0876588 4.87388e-05 -0.000218014 -3.94139e-06 4.87388e-05 0.0096104 -0.0176415 5.35933e-05 -0.000218014 -0.0176415 0.0872444 
0.00960889 -0.0176937 1.61805e-05 4.40449e-05 -0.0176937 0.087619 4.47273e-05 -0.000243489 1.61805e-05 4.47273e-05 0.00958366 -0.0176063 4.40449e-05 -0.000243489 -0.0176063 0.0871132 
0.00960748 -0.0176893 4.43696e-05 1.38028e-05 -0.0176893 0.0875517 1.97863e-05 -0.000199161 4.43696e-05 1.97863e-05 0.00956537 -0.0175593 1.38028e-05 -0.000199161 -0.0175593 0.086943 
0.00958314 -0.0176597 6.70585e-05 -2.5652e-05 -0.0176597 0.087376 -1.8244e-05 -0.000110954 6.70585e-05 -1.8244e-05 0.00955203 -0.0175059 -2.5652e-05 -0.000110954 -0.0175059 0.0866805 
0.00950406 -0.0175917 5.5384e-05 -5.50128e-05 -0.0175917 0.0870562 -4.97876e-05 -2.03589e-05 5.5384e-05 -4.97876e-05 0.00956658 -0.0174519 -5.50128e-05 -2.03589e-05 -0.0174519 0.0863533 
0.00948078 -0.0175498 3.08662e-05 -3.97628e-05 -0.0175498 0.0870297 -3.60437e-05 -6.39455e-06 3.08662e-05 -3.60437e-05 0.00960646 -0.0175308 -3.97628e-05 -6.39455e-06 -0.0175308 0.0865235 
0.00945283 -0.0174848 5.61361e-06 -6.8614e-06 -0.0174848 0.0867958 -4.0294e-06 -6.27723e-05 5.61361e-06 -4.0294e-06 0.00960711 -0.0175561 -6.8614e-06 -6.27723e-05 -0.0175561 0.0865486 
0.00947673 -0.0175346 7.62036e-06 2.66839e-05 -0.0175346 0.0870681 2.71432e-05 -0.000142028 7.62036e-06 2.71432e-05 0.00965152 -0.0176526 2.66839e-05 -0.000142028 -0.0176526 0.087011 
0.00951544 -0.0175573 1.2484e-05 2.70024e-05 -0.0175573 0.087218 2.55369e-05 -0.000176661 1.2484e-05 2.55369e-05 0.00965295 -0.0177045 2.70024e-05 -0.000176661 -0.0177045 0.0872822 
0.00956864 -0.0175797 1.9813e-05 2.04837e-05 -0.0175797 0.0872484 1.95933e-05 -0.000173965 1.9813e-05 1.95933e-05 0.00962041 -0.0176867 2.04837e-05 -0.000173965 -0.0176867 0.0873046 
0.00956797 -0.0175782 1.76726e-05 8.43441e-06 -0.0175782 0.0870329 1.0562e-05 -0.000151965 1.76726e-05 1.0562e-05 0.00957263 -0.017573 8.43441e-06 -0.000151965 -0.017573 0.0868925 
0.00955458 -0.0176189 1.32641e-05 1.00865e-05 -0.0176189 0.0871199 1.5257e-05 -0.000148265 1.32641e-05 1.5257e-05 0.00958682 -0.0175381 1.00865e-05 -0.000148265 -0.0175381 0.086743 
0.00957314 -0.0176791 1.52847e-05 1.42205e-05 -0.0176791 0.0874941 2.1189e-05 -0.000157205 1.52847e-05 2.1189e-05 0.00963367 -0.0176256 1.42205e-05 -0.000157205 -0.0176256 0.0870553 
0.00955849 -0.0176393 1.03178e-05 1.6267e-05 -0.0176393 0.0873704 2.04794e-05 -0.000166901 1.03178e-05 2.04794e-05 0.00962883 -0.0176166 1.6267e-05 -0.000166901 -0.0176166 0.0869668 
0.00957548 -0.0176813 1.25186e-05 2.18755e-05 -0.0176813 0.0875725 2.49081e-05 -0.000178647 1.25186e-05 2.49081e-05 0.00966446 -0.0176645 2.18755e-05 -0.000178647 -0.0176645 0.087186 
0.00960607 -0.0177305 5.58632e-06 2.08614e-05 -0.0177305 0.0878334 2.50454e-05 -0.000187156 5.58632e-06 2.50454e-05 0.00968935 -0.0177294 2.08614e-05 -0.000187156 -0.0177294 0.0874606 
0.00963329 -0.0178038 1.12255e-05 3.00126e-05 -0.0178038 0.0881886 3.37446e-05 -0.00020429 1.12255e-05 3.37446e-05 0.00973366 -0.0177971 3.00126e-05 -0.00020429 -0.0177971 0.0878145 
0.0090315 -0.0166655 1.63624e-05 2.54377e-05 -0.0166655 0.0826053 2.62515e-05 -0.000196503 1.63624e-05 2.62515e-05 0.00910686 -0.0166827 2.54377e-05 -0.000196503 -0.0166827 0.0822919 
0.00904138 -0.0167112 2.63184e-05 2.1295e-05 -0.0167112 0.082808 2.02421e-05 -0.000191115 2.63184e-05 2.02421e-05 0.00914623 -0.0167116 2.1295e-05 -0.000191115 -0.0167116 0.0824959 
0.00906389 -0.0167221 4.13174e-05 8.21913e-06 -0.0167221 0.0829134 8.0664e-06 -0.000168328 4.13174e-05 8.0664e-06 0.00916644 -0.0167507 8.21913e-06 -0.000168328 -0.0167507 0.0826294 
0.0090608 -0.0167098 4.15341e-05 -1.08092e-05 -0.0167098 0.0828066 -1.26355e-05 -0.000124722 4.15341e-05 -1.26355e-05 0.00916376 -0.0167336 -1.08092e-05 -0.000124722 -0.0167336 0.0825296 
0.00907237 -0.0167636 3.75758e-05 -1.18894e-05 -0.0167636 0.0830413 -1.61438e-05 -9.97556e-05 3.75758e-05 -1.61438e-05 0.00920399 -0.016787 -1.18894e-05 -9.97556e-05 -0.016787 0.0827566 
0.00905935 -0.0167441 2.615e-05 -6.65866e-06 -0.0167441 0.0830054 -1.01518e-05 -0.000102145 2.615e-05 -1.01518e-05 0.00921593 -0.0168041 -6.65866e-06 -0.000102145 -0.0168041 0.0827759 
0.00905828 -0.0167419 1.51173e-05 7.33197e-06 -0.0167419 0.0830318 5.32971e-06 -0.000128972 1.51173e-05 5.32971e-06 0.00922247 -0.0168346 7.33197e-06 -0.000128972 -0.0168346 0.0828817 
0.00905244 -0.0167241 2.86151e-06 2.20417e-05 -0.0167241 0.0829638 2.26525e-05 -0.000169184 2.86151e-06 2.26525e-05 0.00921937 -0.0168273 2.20417e-05 -0.000169184 -0.0168273 0.0828629 
0.00902646 -0.0166417 6.93781e-06 3.19273e-05 -0.0166417 0.0825511 3.60765e-05 -0.000199704 6.93781e-06 3.60765e-05 0.00915954 -0.016746 3.19273e-05 -0.000199704 -0.016746 0.0824671 
0.00904436 -0.0166468 1.08877e-05 2.51872e-05 -0.0166468 0.0824948 3.07765e-05 -0.000200659 1.08877e-05 3.07765e-05 0.00912446 -0.0167082 2.51872e-05 -0.000200659 -0.0167082 0.0823473 
0.00908421 -0.0167264 1.2743e-05 1.73832e-05 -0.0167264 0.082781 2.38842e-05 -0.00018167 1.2743e-05 2.38842e-05 0.00912927 -0.0167145 1.73832e-05 -0.00018167 -0.0167145 0.0824718 
0.00909143 -0.0167702 5.55726e-06 1.22932e-05 -0.0167702 0.0829478 1.68683e-05 -0.00015771 5.55726e-06 1.68683e-05 0.00913987 -0.0167032 1.22932e-05 -0.00015771 -0.0167032 0.0824653 
0.00913346 -0.0168392 5.8896e-06 2.59623e-05 -0.0168392 0.0833242 2.75722e-05 -0.000170246 5.8896e-06 2.75722e-05 0.00916555 -0.0167697 2.59623e-05 -0.000170246 -0.0167697 0.0827558 
0.00911261 -0.0168126 2.0442e-06 2.98183e-05 -0.0168126 0.0831891 2.74554e-05 -0.000185042 2.0442e-06 2.74554e-05 0.00914947 -0.016728 2.98183e-05 -0.000185042 -0.016728 0.0825813 
0.00908378 -0.0167608 1.26539e-05 3.46675e-05 -0.0167608 0.0829636 3.19769e-05 -0.00019749 1.26539e-05 3.19769e-05 0.00913213 -0.016685 3.46675e-05 -0.00019749 -0.016685 0.0823559 
0.00905154 -0.016719 1.18782e-05 1.90223e-05 -0.016719 0.082779 1.94937e-05 -0.000180183 1.18782e-05 1.94937e-05 0.00912766 -0.0166631 1.90223e-05 -0.000180183 -0.0166631 0.0822124 
0.00907984 -0.0167618 2.19454e-05 1.73704e-05 -0.0167618 0.0830412 2.22741e-05 -0.000169619 2.19454e-05 2.22741e-05 0.00915982 -0.0167428 1.73704e-05 -0.000169619 -0.0167428 0.0825543 
0.00907534 -0.0167355 3.35928e-05 2.91888e-06 -0.0167355 0.0829146 8.98897e-06 -0.000142646 3.35928e-05 8.98897e-06 0.00914109 -0.0167207 2.91888e-06 -0.000142646 -0.0167207 0.0824716 
0.00908583 -0.0167144 4.09524e-05 -1.05947e-05 -0.0167144 0.0827798 -7.83517e-06 -0.000106434 4.09524e-05 -7.83517e-06 0.00911059 -0.0166855 -1.05947e-05 -0.000106434 -0.0166855 0.082332 
0.00908013 -0.0167128 3.17252e-05 -1.80652e-05 -0.0167128 0.0826698 -1.85234e-05 -7.65522e-05 3.17252e-05 -1.85234e-05 0.00908246 -0.0166355 -1.80652e-05 -7.65522e-05 -0.0166355 0.0821422 
0.0090524 -0.0167006 2.88423e-05 -7.33352e-06 -0.0167006 0.082581 -1.17217e-05 -7.64804e-05 2.88423e-05 -1.17217e-05 0.00906947 -0.0165944 -7.33352e-06 -7.64804e-05 -0.0165944 0.0819687 
0.00964666 -0.017836 2.82485e-05 -3.79586e-06 -0.017836 0.0882673 -1.14224e-05 -8.85716e-05 2.82485e-05 -1.14224e-05 0.00971404 -0.0177405 -3.79586e-06 -8.85716e-05 -0.0177405 0.0876072 
0.00962124 -0.017774 2.45859e-05 -2.0198e-06 -0.017774 0.0880777 -7.16041e-06 -9.29079e-05 2.45859e-05 -7.16041e-06 0.00970686 -0.0177405 -2.0198e-06 -9.29079e-05 -0.0177405 0.087524 
0.00964406 -0.0177734 1.91244e-05 1.73586e-06 -0.0177734 0.0880964 2.01676e-06 -0.000107471 1.91244e-05 2.01676e-06 0.00970318 -0.0177669 1.73586e-06 -0.000107471 -0.0177669 0.0876432 
0.00968237 -0.0178082 1.30647e-05 7.96955e-06 -0.0178082 0.0881823 1.28679e-05 -0.000128748 1.30647e-05 1.28679e-05 0.00968859 -0.0177649 7.96955e-06 -0.000128748 -0.0177649 0.0877024 
0.00905855 -0.0166857 6.73685e-06 1.22466e-05 -0.0166857 0.0825042 2.08448e-05 -0.000138855 6.73685e-06 2.08448e-05 0.00904847 -0.0165744 1.22466e-05 -0.000138855 -0.0165744 0.0819115 
0.00905147 -0.0167082 5.04478e-06 1.5652e-05 -0.0167082 0.0826176 2.45101e-05 -0.000147921 5.04478e-06 2.45101e-05 0.00906443 -0.0165772 1.5652e-05 -0.000147921 -0.0165772 0.0819244 
0.00902652 -0.0166977 2.28202e-06 1.95146e-05 -0.0166977 0.0826362 2.5852e-05 -0.00015427 2.28202e-06 2.5852e-05 0.00909467 -0.0165912 1.95146e-05 -0.00015427 -0.0165912 0.0819445 
0.00900309 -0.0166401 -5.71925e-06 2.30107e-05 -0.0166401 0.0824685 2.68406e-05 -0.00015789 -5.71925e-06 2.68406e-05 0.00911217 -0.0166091 2.30107e-05 -0.00015789 -0.0166091 0.0819142 
0.00901599 -0.0166478 -1.74117e-06 3.22751e-05 -0.0166478 0.0825317 3.57231e-05 -0.000172891 -1.74117e-06 3.57231e-05 0.00913473 -0.0166732 3.22751e-05 -0.000172891 -0.0166732 0.082139 
0.00902361 -0.0166644 -3.38886e-06 3.03146e-05 -0.0166644 0.0826046 3.28294e-05 -0.000179274 -3.38886e-06 3.28294e-05 0.00915948 -0.0167136 3.03146e-05 -0.000179274 -0.0167136 0.0823297 
0.00904375 -0.0166856 -7.55468e-06 3.35308e-05 -0.0166856 0.0827147 3.40935e-05 -0.000183583 -7.55468e-06 3.40935e-05 0.00917414 -0.0167551 3.35308e-05 -0.000183583 -0.0167551 0.0825112 
0.00907529 -0.016732 -6.01671e-07 4.00162e-05 -0.016732 0.0829005 3.96145e-05 -0.000196455 -6.01671e-07 3.96145e-05 0.00918819 -0.0167855 4.00162e-05 -0.000196455 -0.0167855 0.0826884 
0.00910516 -0.016783 9.23517e-06 3.39073e-05 -0.016783 0.0831053 3.21125e-05 -0.000195207 9.23517e-06 3.21125e-05 0.00918688 -0.0168098 3.39073e-05 -0.000195207 -0.0168098 0.0828332 
0.00910407 -0.0167878 1.81639e-05 2.38284e-05 -0.0167878 0.0830892 2.26093e-05 -0.000180789 1.81639e-05 2.26093e-05 0.00916643 -0.016767 2.38284e-05 -0.000180789 -0.016767 0.0827026 
