0.00661968 0 -4.81761e-05 0 0 0.00929194 0 0 -4.81761e-05 0 0.00649059 0 0 0 0 0.00929194 
0.00970111 -0.0120381 -5.64989e-05 6.82921e-05 -0.0120381 0.0319226 6.82921e-05 -0.000131059 -5.64989e-05 6.82921e-05 0.00956396 -0.0118744 6.82921e-05 -0.000131059 -0.0118744 0.0316091 
0.00997604 -0.0185454 -4.29313e-05 4.14618e-05 -0.0185454 0.068344 4.14618e-05 -0.000117928 -4.29313e-05 4.14618e-05 0.00991679 -0.0185198 4.14618e-05 -0.000117928 -0.0185198 0.068315 
0.00864652 -0.0165946 -1.3417e-05 -2.52884e-05 -0.0165946 0.074326 -2.24398e-05 0.000212493 -1.3417e-05 -2.24398e-05 0.00863037 -0.0168177 -2.52884e-05 0.000212493 -0.0168177 0.0755715 
0.0091754 -0.0170354 -7.98442e-06 -5.37498e-05 -0.0170354 0.0819126 -5.19772e-05 0.000421632 -7.98442e-06 -5.19772e-05 0.00914576 -0.0172834 -5.37498e-05 0.000421632 -0.0172834 0.0838083 
0.00895328 -0.0163527 4.2861e-06 -4.03259e-05 -0.0163527 0.07999 -4.43375e-05 0.00038036 4.2861e-06 -4.43375e-05 0.008903 -0.0165016 -4.03259e-05 0.00038036 -0.0165016 0.0815078 
0.00947976 -0.0172212 1.86197e-05 -4.12323e-05 -0.0172212 0.0845364 -5.12271e-05 0.000327717 1.86197e-05 -5.12271e-05 0.00937163 -0.0173113 -4.12323e-05 0.000327717 -0.0173113 0.085672 
0.00923333 -0.0168179 2.50144e-05 -5.24127e-05 -0.0168179 0.0826094 -6.45886e-05 0.000295401 2.50144e-05 -6.45886e-05 0.00914747 -0.0168311 -5.24127e-05 0.000295401 -0.0168311 0.0833624 
0.00975781 -0.0177562 2.54711e-05 -6.7321e-05 -0.0177562 0.0873764 -8.00563e-05 0.000323897 2.54711e-05 -8.00563e-05 0.00967537 -0.017799 -6.7321e-05 0.000323897 -0.017799 0.0880553 
0.00960859 -0.0174977 2.45944e-05 -6.93741e-05 -0.0174977 0.0861365 -7.84701e-05 0.000329373 2.45944e-05 -7.84701e-05 0.00956562 -0.0175698 -6.93741e-05 0.000329373 -0.0175698 0.0868546 
0.0095076 -0.0173051 1.34024e-05 -7.21675e-05 -0.0173051 0.0852315 -7.50066e-05 0.000332288 1.34024e-05 -7.50066e-05 0.0094848 -0.0174392 -7.21675e-05 0.000332288 -0.0174392 0.0860895 
0.00945894 -0.0172134 -1.94127e-05 -6.57705e-05 -0.0172134 0.0847707 -6.13441e-05 0.000323185 -1.94127e-05 -6.13441e-05 0.00943646 -0.0173778 -6.57705e-05 0.000323185 -0.0173778 0.0857574 
0.00943459 -0.0171651 -4.15329e-05 -2.49869e-05 -0.0171651 0.0845134 -1.99062e-05 0.000254662 -4.15329e-05 -1.99062e-05 0.00939729 -0.0173263 -2.49869e-05 0.000254662 -0.0173263 0.0855422 
0.00941801 -0.0171248 -4.0038e-05 6.07185e-06 -0.0171248 0.0842865 7.7407e-06 0.000171164 -4.0038e-05 7.7407e-06 0.00935599 -0.0172582 6.07185e-06 0.000171164 -0.0172582 0.0852676 
0.0093981 -0.0170902 -2.66063e-05 9.38725e-06 -0.0170902 0.0840656 6.78217e-06 0.000132844 -2.66063e-05 6.78217e-06 0.0093142 -0.0171804 9.38725e-06 0.000132844 -0.0171804 0.0849353 
0.00941419 -0.0171085 -2.71406e-05 -7.76129e-06 -0.0171085 0.0841242 -1.34569e-05 0.00015538 -2.71406e-05 -1.34569e-05 0.00928028 -0.0171637 -7.76129e-06 0.00015538 -0.0171637 0.0848781 
0.00943822 -0.0171361 -1.94607e-05 -1.11927e-05 -0.0171361 0.0842023 -1.486e-05 0.000176469 -1.94607e-05 -1.486e-05 0.00924862 -0.017116 -1.11927e-05 0.000176469 -0.017116 0.0847705 
0.00941284 -0.0171204 -2.69941e-05 -2.33039e-05 -0.0171204 0.0840474 -2.22456e-05 0.000198581 -2.69941e-05 -2.22456e-05 0.00922535 -0.0170166 -2.33039e-05 0.000198581 -0.0170166 0.0843776 
0.0093937 -0.0171144 -1.95703e-05 -1.57412e-05 -0.0171144 0.0840438 -1.39889e-05 0.000198582 -1.95703e-05 -1.39889e-05 0.00923761 -0.0170101 -1.57412e-05 0.000198582 -0.0170101 0.084265 
0.0093556 -0.0170491 -6.14869e-06 -1.84813e-05 -0.0170491 0.083799 -1.87829e-05 0.000193553 -6.14869e-06 -1.87829e-05 0.00922459 -0.0169923 -1.84813e-05 0.000193553 -0.0169923 0.0840739 
0.00932275 -0.0169901 2.08604e-05 -3.40365e-05 -0.0169901 0.0835526 -3.40092e-05 0.000215042 2.08604e-05 -3.40092e-05 0.00920548 -0.0169699 -3.40365e-05 0.000215042 -0.0169699 0.0839232 
0.0092676 -0.016931 4.15814e-05 -6.88619e-05 -0.016931 0.0832852 -6.60552e-05 0.000277622 4.15814e-05 -6.60552e-05 0.00919913 -0.0169315 -6.88619e-05 0.000277622 -0.0169315 0.0837339 
0.00923974 -0.0169137 5.15192e-05 -9.50298e-05 -0.0169137 0.0833046 -8.9851e-05 0.000345909 5.15192e-05 -8.9851e-05 0.00922599 -0.0169705 -9.50298e-05 0.000345909 -0.0169705 0.0838636 
0.00922632 -0.0168678 3.34404e-05 -0.000106755 -0.0168678 0.083205 -0.000103136 0.000390791 3.34404e-05 -0.000103136 0.00922546 -0.0169924 -0.000106755 0.000390791 -0.0169924 0.0839181 
0.00922075 -0.016846 -1.00131e-05 -8.25843e-05 -0.016846 0.0831195 -8.08567e-05 0.000368447 -1.00131e-05 -8.08567e-05 0.00921718 -0.0169919 -8.25843e-05 0.000368447 -0.0169919 0.0839376 
0.00920178 -0.0168003 -2.37728e-05 -2.75332e-05 -0.0168003 0.0828796 -2.67234e-05 0.000265877 -2.37728e-05 -2.67234e-05 0.00919829 -0.0169364 -2.75332e-05 0.000265877 -0.0169364 0.083708 
0.00921477 -0.0168308 -2.38221e-05 -5.45333e-06 -0.0168308 0.0829962 -2.98227e-06 0.000173106 -2.38221e-05 -2.98227e-06 0.00921052 -0.0169578 -5.45333e-06 0.000173106 -0.0169578 0.0837975 
0.00924622 -0.016877 -2.0986e-05 -4.17624e-06 -0.016877 0.0832255 1.54121e-06 0.000131182 -2.0986e-05 1.54121e-06 0.00923214 -0.017006 -4.17624e-06 0.000131182 -0.017006 0.0840206 
0.00928089 -0.0169469 -2.68605e-05 -8.23806e-06 -0.0169469 0.083547 -1.75192e-06 0.000123933 -2.68605e-05 -1.75192e-06 0.00925882 -0.017067 -8.23806e-06 0.000123933 -0.017067 0.0843308 
0.00929512 -0.0169413 -2.25721e-05 -1.33353e-06 -0.0169413 0.0835303 4.79103e-06 0.0001129 -2.25721e-05 4.79103e-06 0.00924242 -0.0170571 -1.33353e-06 0.0001129 -0.0170571 0.0843089 
0.00929588 -0.01695 -1.51162e-05 -6.72742e-06 -0.01695 0.0835086 1.86804e-06 0.000110958 -1.51162e-05 1.86804e-06 0.00924601 -0.0170329 -6.72742e-06 0.000110958 -0.0170329 0.0842423 
0.00928345 -0.0169131 -5.94657e-06 -1.87583e-05 -0.0169131 0.0833153 -6.81698e-06 0.000127779 -5.94657e-06 -6.81698e-06 0.00922458 -0.0169996 -1.87583e-05 0.000127779 -0.0169996 0.0840318 
0.00930514 -0.0169515 -8.58803e-06 -3.1188e-05 -0.0169515 0.0834642 -1.76018e-05 0.000153628 -8.58803e-06 -1.76018e-05 0.00923738 -0.0170323 -3.1188e-05 0.000153628 -0.0170323 0.0841823 
0.00937903 -0.017002 -2.94919e-06 -2.63783e-05 -0.017002 0.0837024 -1.42734e-05 0.000157348 -2.94919e-06 -1.42734e-05 0.0092199 -0.0170867 -2.63783e-05 0.000157348 -0.0170867 0.0844475 
0.00944021 -0.0171393 -1.21125e-07 -2.48167e-05 -0.0171393 0.0841705 -1.70391e-05 0.000149036 -1.21125e-07 -1.70391e-05 0.00924405 -0.0171057 -2.48167e-05 0.000149036 -0.0171057 0.0847431 
0.00944265 -0.0171864 1.93388e-06 -2.32643e-05 -0.0171864 0.0843643 -2.18206e-05 0.00014437 1.93388e-06 -2.18206e-05 0.00926791 -0.0170995 -2.32643e-05 0.00014437 -0.0170995 0.0847512 
0.00943868 -0.0171699 2.90242e-07 -2.40076e-05 -0.0171699 0.0843536 -2.46065e-05 0.000143522 2.90242e-07 -2.46065e-05 0.00928768 -0.0171091 -2.40076e-05 0.000143522 -0.0171091 0.0847132 
0.00943119 -0.017166 -5.79299e-06 -2.27914e-05 -0.017166 0.0843489 -2.41212e-05 0.000143011 -5.79299e-06 -2.41212e-05 0.00930593 -0.0171454 -2.27914e-05 0.000143011 -0.0171454 0.0847911 
0.00943839 -0.0171753 -1.0647e-05 -1.44334e-05 -0.0171753 0.0844262 -1.58106e-05 0.000128603 -1.0647e-05 -1.58106e-05 0.0093244 -0.0171925 -1.44334e-05 0.000128603 -0.0171925 0.0849758 
0.00946293 -0.0172265 -3.15541e-05 -1.22995e-05 -0.0172265 0.0846891 -1.16544e-05 0.000119739 -3.15541e-05 -1.16544e-05 0.00934993 -0.0172627 -1.22995e-05 0.000119739 -0.0172627 0.085323 
0.00946759 -0.0172399 -2.33004e-05 8.01048e-06 -0.0172399 0.0847762 6.64228e-06 9.63995e-05 -2.33004e-05 6.64228e-06 0.00936557 -0.0172761 8.01048e-06 9.63995e-05 -0.0172761 0.0854411 
0.00944898 -0.0171925 -1.98042e-05 2.57215e-06 -0.0171925 0.0845693 -4.44113e-06 9.52817e-05 -1.98042e-05 -4.44113e-06 0.00934371 -0.0172389 2.57215e-06 9.52817e-05 -0.0172389 0.0852526 
0.00945728 -0.0171895 -3.09536e-05 -3.61874e-06 -0.0171895 0.0845368 -1.448e-05 0.000118858 -3.09536e-05 -1.448e-05 0.00933217 -0.0172286 -3.61874e-06 0.000118858 -0.0172286 0.0852135 
0.00945806 -0.0172116 -5.61348e-05 1.1427e-05 -0.0172116 0.0845938 2.59308e-07 0.000105077 -5.61348e-05 2.59308e-07 0.00934338 -0.0172215 1.1427e-05 0.000105077 -0.0172215 0.0852134 
0.00940214 -0.0171675 -4.88852e-05 4.12994e-05 -0.0171675 0.0843964 2.94309e-05 5.20445e-05 -4.88852e-05 2.94309e-05 0.00935546 -0.0171851 4.12994e-05 5.20445e-05 -0.0171851 0.0849905 
0.00934175 -0.0170687 -3.35162e-05 3.1434e-05 -0.0170687 0.0840499 2.37383e-05 3.70038e-05 -3.35162e-05 2.37383e-05 0.00935516 -0.0171733 3.1434e-05 3.70038e-05 -0.0171733 0.0847761 
0.00934798 -0.0170492 -1.26255e-05 8.09323e-06 -0.0170492 0.0840517 6.40045e-06 7.1878e-05 -1.26255e-05 6.40045e-06 0.00936514 -0.0172428 8.09323e-06 7.1878e-05 -0.0172428 0.0850075 
0.00934058 -0.0170075 -4.67203e-07 -2.13919e-05 -0.0170075 0.0838298 -1.99946e-05 0.000135462 -4.67203e-07 -1.99946e-05 0.00933227 -0.0172112 -2.13919e-05 0.000135462 -0.0172112 0.0849055 
0.00933255 -0.0170099 1.08376e-06 -3.92823e-05 -0.0170099 0.0837707 -3.71991e-05 0.000194744 1.08376e-06 -3.71991e-05 0.00933062 -0.0171738 -3.92823e-05 0.000194744 -0.0171738 0.0848088 
0.00933137 -0.017016 -5.61581e-06 -3.81564e-05 -0.017016 0.0838099 -3.93522e-05 0.000216689 -5.61581e-06 -3.93522e-05 0.00932832 -0.0171851 -3.81564e-05 0.000216689 -0.0171851 0.0848257 
0.00935426 -0.0170141 -1.74445e-05 -2.6535e-05 -0.0170141 0.0838166 -3.37158e-05 0.000208283 -1.74445e-05 -3.37158e-05 0.00929942 -0.0171804 -2.6535e-05 0.000208283 -0.0171804 0.084823 
0.00936621 -0.0170154 -1.96267e-05 -1.11108e-05 -0.0170154 0.0837261 -2.09121e-05 0.000180411 -1.96267e-05 -2.09121e-05 0.00927236 -0.0171139 -1.11108e-05 0.000180411 -0.0171139 0.0846175 
0.00934703 -0.0170402 -2.69946e-05 -1.05326e-05 -0.0170402 0.0837492 -1.4819e-05 0.000162839 -2.69946e-05 -1.4819e-05 0.00928178 -0.0170802 -1.05326e-05 0.000162839 -0.0170802 0.0844777 
0.0093338 -0.0170529 -4.51212e-05 -3.96154e-06 -0.0170529 0.0838913 -1.71613e-06 0.000141748 -4.51212e-05 -1.71613e-06 0.00931069 -0.0171221 -3.96154e-06 0.000141748 -0.0171221 0.0845887 
0.00933158 -0.0170498 -5.27509e-05 1.89591e-05 -0.0170498 0.0839874 2.55715e-05 9.10397e-05 -5.27509e-05 2.55715e-05 0.00932834 -0.0171725 1.89591e-05 9.10397e-05 -0.0171725 0.0847722 
0.00934991 -0.0170422 -4.11967e-05 2.92824e-05 -0.0170422 0.0840112 3.78266e-05 4.5932e-05 -4.11967e-05 3.78266e-05 0.00931334 -0.017195 2.92824e-05 4.5932e-05 -0.017195 0.0848909 
0.00936456 -0.0170582 -3.33732e-05 1.77194e-05 -0.0170582 0.0840376 2.62584e-05 4.31049e-05 -3.33732e-05 2.62584e-05 0.00928804 -0.0171733 1.77194e-05 4.31049e-05 -0.0171733 0.0848975 
0.00935522 -0.017043 -1.82216e-05 8.95261e-06 -0.017043 0.0839167 1.35877e-05 6.32574e-05 -1.82216e-05 1.35877e-05 0.00926883 -0.0170996 8.95261e-06 6.32574e-05 -0.0170996 0.0846511 
0.00933981 -0.0170475 -1.11317e-05 -1.04232e-05 -0.0170475 0.0839198 -1.01976e-05 0.000108553 -1.11317e-05 -1.01976e-05 0.00928128 -0.0170852 -1.04232e-05 0.000108553 -0.0170852 0.0845595 
0.00931291 -0.0169377 -3.10665e-06 -1.79667e-05 -0.0169377 0.0834434 -1.95731e-05 0.000141225 -3.10665e-06 -1.95731e-05 0.00921768 -0.0170114 -1.79667e-05 0.000141225 -0.0170114 0.0841057 
0.0093318 -0.0169807 7.51028e-07 -2.68687e-05 -0.0169807 0.0835425 -2.76442e-05 0.000163059 7.51028e-07 -2.76442e-05 0.00922069 -0.0170137 -2.68687e-05 0.000163059 -0.0170137 0.0841713 
0.00933333 -0.0169904 -1.8621e-06 -3.21331e-05 -0.0169904 0.0835586 -2.81254e-05 0.000173536 -1.8621e-06 -2.81254e-05 0.00921513 -0.0170028 -3.21331e-05 0.000173536 -0.0170028 0.0841264 
0.00935998 -0.0170666 -2.51091e-05 -2.91925e-05 -0.0170666 0.0839317 -2.25518e-05 0.000168515 -2.51091e-05 -2.25518e-05 0.00925135 -0.0170738 -2.91925e-05 0.000168515 -0.0170738 0.0844762 
0.00934665 -0.0170545 -4.34859e-05 6.38825e-07 -0.0170545 0.0839288 5.98858e-06 0.000118821 -4.34859e-05 5.98858e-06 0.00925679 -0.0170717 6.38825e-07 0.000118821 -0.0170717 0.0844799 
0.00935592 -0.0170236 -3.4725e-05 2.5678e-05 -0.0170236 0.0838311 2.9507e-05 5.32434e-05 -3.4725e-05 2.9507e-05 0.00924165 -0.0170645 2.5678e-05 5.32434e-05 -0.0170645 0.0844256 
0.00941001 -0.0171366 -3.1882e-05 1.57818e-05 -0.0171366 0.0843133 1.8432e-05 4.3232e-05 -3.1882e-05 1.8432e-05 0.00928983 -0.0171549 1.57818e-05 4.3232e-05 -0.0171549 0.084906 
0.00943088 -0.0171901 -2.67005e-05 9.24205e-06 -0.0171901 0.0845729 7.73993e-06 6.62191e-05 -2.67005e-05 7.73993e-06 0.00932815 -0.0171945 9.24205e-06 6.62191e-05 -0.0171945 0.0851258 
0.0094294 -0.0171793 -2.62544e-05 3.30716e-06 -0.0171793 0.0845611 -5.33642e-06 9.65261e-05 -2.62544e-05 -5.33642e-06 0.00934486 -0.0172105 3.30716e-06 9.65261e-05 -0.0172105 0.0851444 
0.00944126 -0.0172027 -2.03387e-05 2.97443e-06 -0.0172027 0.0846782 -9.63876e-06 0.000116671 -2.03387e-05 -9.63876e-06 0.00937995 -0.0172588 2.97443e-06 0.000116671 -0.0172588 0.0853247 
0.00945955 -0.017243 -2.72551e-05 -4.92077e-06 -0.017243 0.0848873 -1.58885e-05 0.000135071 -2.72551e-05 -1.58885e-05 0.00941819 -0.0173342 -4.92077e-06 0.000135071 -0.0173342 0.085625 
0.00943196 -0.0172039 -2.35295e-05 -6.29313e-07 -0.0172039 0.0847196 -8.14372e-06 0.000137315 -2.35295e-05 -8.14372e-06 0.00941914 -0.0173238 -6.29313e-07 0.000137315 -0.0173238 0.0855457 
0.00940472 -0.0171403 -2.53196e-05 -5.48326e-06 -0.0171403 0.0844568 -8.80156e-06 0.000137623 -2.53196e-05 -8.80156e-06 0.00940204 -0.0173087 -5.48326e-06 0.000137623 -0.0173087 0.085413 
0.00938375 -0.017097 -1.72097e-05 -6.46374e-06 -0.017097 0.0842442 -7.31959e-06 0.000142188 -1.72097e-05 -7.31959e-06 0.00938637 -0.0172869 -6.46374e-06 0.000142188 -0.0172869 0.0853041 
0.00939252 -0.0170976 -1.68399e-05 -1.70924e-05 -0.0170976 0.0842338 -1.58782e-05 0.000157877 -1.68399e-05 -1.58782e-05 0.00938618 -0.0172888 -1.70924e-05 0.000157877 -0.0172888 0.0853296 
0.00941194 -0.0171324 -8.51477e-06 -2.00875e-05 -0.0171324 0.0843596 -1.62491e-05 0.000170863 -8.51477e-06 -1.62491e-05 0.00938803 -0.0173073 -2.00875e-05 0.000170863 -0.0173073 0.0854349 
0.00940352 -0.017133 -6.27887e-06 -3.43783e-05 -0.017133 0.0843347 -2.80125e-05 0.000197873 -6.27887e-06 -2.80125e-05 0.00937074 -0.0172794 -3.43783e-05 0.000197873 -0.0172794 0.0853445 
0.00940546 -0.0171126 -7.75171e-06 -4.01306e-05 -0.0171126 0.0842505 -3.20263e-05 0.000222214 -7.75171e-06 -3.20263e-05 0.00933224 -0.0172403 -4.01306e-05 0.000222214 -0.0172403 0.0851888 
0.00939905 -0.0171192 -2.32859e-05 -3.95092e-05 -0.0171192 0.0842305 -3.16811e-05 0.000231467 -2.32859e-05 -3.16811e-05 0.00932686 -0.0171912 -3.95092e-05 0.000231467 -0.0171912 0.0850448 
0.00940879 -0.0171316 -1.54973e-05 -1.75965e-05 -0.0171316 0.0843039 -1.20932e-05 0.000199888 -1.54973e-05 -1.20932e-05 0.00932708 -0.0171958 -1.75965e-05 0.000199888 -0.0171958 0.0850362 
0.00943511 -0.0171105 -6.84596e-06 -2.0047e-05 -0.0171105 0.0841918 -1.6656e-05 0.000181215 -6.84596e-06 -1.6656e-05 0.00928631 -0.017169 -2.0047e-05 0.000181215 -0.017169 0.0848982 
0.00943322 -0.0171489 -9.55315e-06 -2.67241e-05 -0.0171489 0.0842237 -2.26954e-05 0.000181279 -9.55315e-06 -2.26954e-05 0.00927834 -0.0171294 -2.67241e-05 0.000181279 -0.0171294 0.0848068 
0.00942666 -0.0171963 -6.32931e-06 -2.22823e-05 -0.0171963 0.0844641 -1.62511e-05 0.000169805 -6.32931e-06 -1.62511e-05 0.00931752 -0.0171555 -2.22823e-05 0.000169805 -0.0171555 0.0849344 
0.00942104 -0.0171709 -9.76597e-06 -2.18399e-05 -0.0171709 0.0844774 -1.6122e-05 0.000155823 -9.76597e-06 -1.6122e-05 0.00932509 -0.0171931 -2.18399e-05 0.000155823 -0.0171931 0.0850138 
0.00943957 -0.0171815 -1.30017e-07 -1.42931e-05 -0.0171815 0.0845579 -1.22787e-05 0.000138583 -1.30017e-07 -1.22787e-05 0.00932354 -0.0172261 -1.42931e-05 0.000138583 -0.0172261 0.0851822 
0.00946561 -0.0172115 2.53395e-06 -2.66094e-05 -0.0172115 0.0846776 -2.54328e-05 0.000150268 2.53395e-06 -2.54328e-05 0.00931854 -0.0172358 -2.66094e-05 0.000150268 -0.0172358 0.0853074 
0.00946136 -0.0172073 1.20575e-05 -3.49489e-05 -0.0172073 0.0846111 -3.18587e-05 0.000175235 1.20575e-05 -3.18587e-05 0.0093099 -0.0171907 -3.49489e-05 0.000175235 -0.0171907 0.0851651 
0.00940361 -0.01715 1.56502e-05 -4.56828e-05 -0.01715 0.08432 -4.30233e-05 0.000200099 1.56502e-05 -4.30233e-05 0.00931743 -0.0171287 -4.56828e-05 0.000200099 -0.0171287 0.0848299 
0.00937224 -0.0170717 2.333e-05 -4.73829e-05 -0.0170717 0.0840332 -4.67172e-05 0.0002119 2.333e-05 -4.67172e-05 0.00931275 -0.0171301 -4.73829e-05 0.0002119 -0.0171301 0.0846557 
0.00937102 -0.0170708 6.29128e-06 -5.70536e-05 -0.0170708 0.0840283 -5.64452e-05 0.000230562 6.29128e-06 -5.64452e-05 0.00933797 -0.0171739 -5.70536e-05 0.000230562 -0.0171739 0.0847993 
0.00936935 -0.0170932 -1.25048e-05 -3.45845e-05 -0.0170932 0.0841445 -3.4993e-05 0.000204219 -1.25048e-05 -3.4993e-05 0.00936971 -0.0172317 -3.45845e-05 0.000204219 -0.0172317 0.0850324 
0.00936885 -0.0171016 -2.62746e-05 -8.00303e-06 -0.0171016 0.0842453 -1.29425e-05 0.000148157 -2.62746e-05 -1.29425e-05 0.00938924 -0.0172825 -8.00303e-06 0.000148157 -0.0172825 0.0852497 
0.00935412 -0.0170778 -2.30855e-05 7.64019e-06 -0.0170778 0.0841828 1.74998e-06 0.000101965 -2.30855e-05 1.74998e-06 0.00939428 -0.017288 7.64019e-06 0.000101965 -0.017288 0.085286 
0.00936089 -0.0170426 -1.57345e-05 5.45766e-06 -0.0170426 0.0840484 2.37451e-06 8.22053e-05 -1.57345e-05 2.37451e-06 0.00936783 -0.0172786 5.45766e-06 8.22053e-05 -0.0172786 0.0852314 
0.00934613 -0.01706 -7.67856e-06 -4.62807e-06 -0.01706 0.0840445 -6.85805e-06 9.27938e-05 -7.67856e-06 -6.85805e-06 0.00937047 -0.0172523 -4.62807e-06 9.27938e-05 -0.0172523 0.0851917 
0.0093865 -0.0171269 -1.60003e-05 -1.63555e-05 -0.0171269 0.0844352 -1.81809e-05 0.000119518 -1.60003e-05 -1.81809e-05 0.00940073 -0.0173348 -1.63555e-05 0.000119518 -0.0173348 0.0855698 
0.00940386 -0.0171032 -2.47615e-05 -1.04911e-05 -0.0171032 0.0843358 -1.28509e-05 0.00012954 -2.47615e-05 -1.28509e-05 0.00936528 -0.0173033 -1.04911e-05 0.00012954 -0.0173033 0.0854661 
0.00941031 -0.0171055 -3.48422e-05 -1.74783e-06 -0.0171055 0.0842317 -4.71071e-06 0.000121011 -3.48422e-05 -4.71071e-06 0.00933926 -0.0172382 -1.74783e-06 0.000121011 -0.0172382 0.08525 
0.00944594 -0.0171557 -4.67906e-05 8.65939e-06 -0.0171557 0.0843989 3.82466e-06 0.000106317 -4.67906e-05 3.82466e-06 0.00934131 -0.017239 8.65939e-06 0.000106317 -0.017239 0.0852719 
0.00946464 -0.0171905 -4.77312e-05 2.06089e-05 -0.0171905 0.0844895 1.49047e-05 8.86092e-05 -4.77312e-05 1.49047e-05 0.0093245 -0.0172266 2.06089e-05 8.86092e-05 -0.0172266 0.0852225 
0.00947744 -0.0172323 -4.87345e-05 2.22069e-05 -0.0172323 0.0846472 1.59165e-05 8.02758e-05 -4.87345e-05 1.59165e-05 0.00931031 -0.0172174 2.22069e-05 8.02758e-05 -0.0172174 0.0852338 
0.00945491 -0.0172041 -3.46238e-05 2.41436e-05 -0.0172041 0.0845208 1.88439e-05 7.45108e-05 -3.46238e-05 1.88439e-05 0.00928702 -0.0171544 2.41436e-05 7.45108e-05 -0.0171544 0.0849895 
0.00941413 -0.0171457 -2.37256e-05 8.76012e-06 -0.0171457 0.0842621 5.14632e-06 9.093e-05 -2.37256e-05 5.14632e-06 0.00927714 -0.0170902 8.76012e-06 9.093e-05 -0.0170902 0.0846664 
0.00939157 -0.0170953 -1.71917e-05 -6.72528e-06 -0.0170953 0.084063 -8.02507e-06 0.000122885 -1.71917e-05 -8.02507e-06 0.00926034 -0.0170799 -6.72528e-06 0.000122885 -0.0170799 0.084512 
0.00937672 -0.017076 -2.88119e-05 -1.38622e-05 -0.017076 0.083963 -1.34267e-05 0.000144782 -2.88119e-05 -1.34267e-05 0.00925351 -0.0170654 -1.38622e-05 0.000144782 -0.0170654 0.084443 
0.00937173 -0.0170618 -3.01001e-06 1.57713e-06 -0.0170618 0.0839109 2.52953e-06 0.000125338 -3.01001e-06 2.52953e-06 0.00924741 -0.0170608 1.57713e-06 0.000125338 -0.0170608 0.0844111 
0.0093703 -0.0170748 1.62174e-05 -2.50284e-05 -0.0170748 0.0839651 -2.53141e-05 0.000146948 1.62174e-05 -2.53141e-05 0.00925162 -0.0170666 -2.50284e-05 0.000146948 -0.0170666 0.0844538 
0.00935557 -0.0170537 3.0977e-05 -5.0345e-05 -0.0170537 0.0838907 -5.04926e-05 0.000204526 3.0977e-05 -5.04926e-05 0.00923975 -0.0170493 -5.0345e-05 0.000204526 -0.0170493 0.084373 
0.00932554 -0.0170448 3.69167e-05 -7.10112e-05 -0.0170448 0.083878 -6.91106e-05 0.000260826 3.69167e-05 -6.91106e-05 0.00925449 -0.0170465 -7.10112e-05 0.000260826 -0.0170465 0.0843704 
0.00928619 -0.0169613 2.52134e-05 -7.72045e-05 -0.0169613 0.0835873 -7.88064e-05 0.000294399 2.52134e-05 -7.88064e-05 0.00923568 -0.017017 -7.72045e-05 0.000294399 -0.017017 0.0841649 
0.00928337 -0.0169111 1.40519e-06 -6.26388e-05 -0.0169111 0.0833816 -6.39722e-05 0.00028294 1.40519e-06 -6.39722e-05 0.00919968 -0.0170052 -6.26388e-05 0.00028294 -0.0170052 0.0840804 
0.00928148 -0.0169039 -4.93841e-06 -3.6077e-05 -0.0169039 0.0832643 -3.1561e-05 0.000227042 -4.93841e-06 -3.1561e-05 0.00916957 -0.0169541 -3.6077e-05 0.000227042 -0.0169541 0.0839402 
0.00925427 -0.0169042 -9.69652e-06 -2.88291e-05 -0.0169042 0.0832205 -1.90367e-05 0.000183437 -9.69652e-06 -1.90367e-05 0.00917973 -0.0169132 -2.88291e-05 0.000183437 -0.0169132 0.0837992 
0.00925454 -0.0169238 -1.75824e-05 -2.31792e-05 -0.0169238 0.0834105 -1.36584e-05 0.000161958 -1.75824e-05 -1.36584e-05 0.00920523 -0.0169772 -2.31792e-05 0.000161958 -0.0169772 0.084012 
0.0092259 -0.016833 -1.2758e-05 -1.3372e-05 -0.016833 0.0830463 -8.10141e-06 0.000143326 -1.2758e-05 -8.10141e-06 0.009165 -0.0169201 -1.3372e-05 0.000143326 -0.0169201 0.0837261 
0.00923756 -0.016808 -1.0681e-05 -1.42155e-05 -0.016808 0.0828693 -1.50011e-05 0.000139482 -1.0681e-05 -1.50011e-05 0.00912911 -0.0168749 -1.42155e-05 0.000139482 -0.0168749 0.083543 
0.00927025 -0.0168731 -2.74241e-05 -1.35188e-05 -0.0168731 0.0830694 -1.97603e-05 0.000143578 -2.74241e-05 -1.97603e-05 0.00913508 -0.0168844 -1.35188e-05 0.000143578 -0.0168844 0.0836478 
0.00929903 -0.0169454 -3.24099e-05 6.74279e-06 -0.0169454 0.0833686 -8.36146e-07 0.000115311 -3.24099e-05 -8.36146e-07 0.00916239 -0.0169118 6.74279e-06 0.000115311 -0.0169118 0.0838129 
0.00934199 -0.0170403 -4.2854e-05 1.59527e-05 -0.0170403 0.0838429 9.83408e-06 7.97562e-05 -4.2854e-05 9.83408e-06 0.00921687 -0.017 1.59527e-05 7.97562e-05 -0.017 0.0842158 
0.0093406 -0.0170714 -4.74365e-05 2.81757e-05 -0.0170714 0.0840349 2.3588e-05 4.66653e-05 -4.74365e-05 2.3588e-05 0.00926912 -0.0170501 2.81757e-05 4.66653e-05 -0.0170501 0.0844217 
0.00932678 -0.017052 -3.90594e-05 2.97426e-05 -0.017052 0.0840391 2.7234e-05 3.11629e-05 -3.90594e-05 2.7234e-05 0.00929305 -0.0171034 2.97426e-05 3.11629e-05 -0.0171034 0.0845595 
0.00933741 -0.0170489 -8.25271e-06 1.61385e-05 -0.0170489 0.084094 1.70028e-05 4.74189e-05 -8.25271e-06 1.70028e-05 0.00931169 -0.0171585 1.61385e-05 4.74189e-05 -0.0171585 0.0847853 
0.00934434 -0.0170399 5.85923e-07 -2.44084e-05 -0.0170399 0.0840482 -2.40835e-05 0.000124944 5.85923e-07 -2.40835e-05 0.00930927 -0.0171716 -2.44084e-05 0.000124944 -0.0171716 0.0848601 
0.00935598 -0.0170484 6.05455e-06 -3.66384e-05 -0.0170484 0.0840539 -3.89425e-05 0.00018844 6.05455e-06 -3.89425e-05 0.00930832 -0.0171721 -3.66384e-05 0.00018844 -0.0171721 0.0849018 
0.00939472 -0.0171066 -4.96533e-06 -4.48795e-05 -0.0171066 0.0842926 -4.77534e-05 0.000225339 -4.96533e-06 -4.77534e-05 0.00931222 -0.0172091 -4.48795e-05 0.000225339 -0.0172091 0.0851145 
0.0094022 -0.0171039 -1.06055e-05 -3.11504e-05 -0.0171039 0.0842308 -3.03177e-05 0.000213053 -1.06055e-05 -3.03177e-05 0.0092945 -0.0171615 -3.11504e-05 0.000213053 -0.0171615 0.0849637 
0.00939603 -0.0170829 -1.61535e-05 -2.42418e-05 -0.0170829 0.0840701 -1.92902e-05 0.000185669 -1.61535e-05 -1.92902e-05 0.00928298 -0.0171104 -2.42418e-05 0.000185669 -0.0171104 0.0847169 
0.00940106 -0.0171105 -1.13616e-05 -1.81822e-05 -0.0171105 0.0841455 -1.17851e-05 0.000164665 -1.13616e-05 -1.17851e-05 0.00931652 -0.017127 -1.81822e-05 0.000164665 -0.017127 0.0847396 
0.00943617 -0.0172155 -2.20118e-05 -2.17565e-05 -0.0172155 0.0846615 -2.01572e-05 0.000167596 -2.20118e-05 -2.01572e-05 0.00939136 -0.0172632 -2.17565e-05 0.000167596 -0.0172632 0.0852835 
0.00947653 -0.0172756 -3.78457e-05 -8.44795e-06 -0.0172756 0.085045 -9.86749e-06 0.000155666 -3.78457e-05 -9.86749e-06 0.00942805 -0.0173763 -8.44795e-06 0.000155666 -0.0173763 0.0857738 
0.00946947 -0.0172461 -4.28705e-05 9.36869e-06 -0.0172461 0.0849177 6.76694e-06 0.000123805 -4.28705e-05 6.76694e-06 0.0094129 -0.0173508 9.36869e-06 0.000123805 -0.0173508 0.0857114 
0.00947836 -0.0172159 -4.26124e-05 1.56581e-05 -0.0172159 0.084745 1.12167e-05 0.000103529 -4.26124e-05 1.12167e-05 0.00937808 -0.0173092 1.56581e-05 0.000103529 -0.0173092 0.0855372 
0.00947536 -0.017208 -2.92164e-05 1.59035e-05 -0.017208 0.0845954 9.69712e-06 9.90796e-05 -2.92164e-05 9.69712e-06 0.00935295 -0.0172511 1.59035e-05 9.90796e-05 -0.0172511 0.0853128 
0.00942951 -0.0171659 -6.81288e-06 -4.16118e-08 -0.0171659 0.0843339 -6.5931e-06 0.000123423 -6.81288e-06 -6.5931e-06 0.00933747 -0.0171835 -4.16118e-08 0.000123423 -0.0171835 0.0849746 
0.00941131 -0.0171399 2.58624e-07 -2.82117e-05 -0.0171399 0.0842701 -3.47206e-05 0.000180515 2.58624e-07 -3.47206e-05 0.00932984 -0.0171985 -2.82117e-05 0.000180515 -0.0171985 0.084954 
0.00940179 -0.0171068 8.48832e-06 -3.98578e-05 -0.0171068 0.0841569 -4.35185e-05 0.000224963 8.48832e-06 -4.35185e-05 0.00931111 -0.0171933 -3.98578e-05 0.000224963 -0.0171933 0.0849375 
0.00939328 -0.0170784 1.02553e-05 -5.01363e-05 -0.0170784 0.0840014 -5.18867e-05 0.000252598 1.02553e-05 -5.18867e-05 0.00928654 -0.017151 -5.01363e-05 0.000252598 -0.017151 0.0847956 
0.00941314 -0.0171243 3.4435e-06 -5.23154e-05 -0.0171243 0.0841866 -5.59571e-05 0.000269562 3.4435e-06 -5.59571e-05 0.00930042 -0.0171658 -5.23154e-05 0.000269562 -0.0171658 0.0849148 
0.00941199 -0.0171385 1.67281e-06 -4.27972e-05 -0.0171385 0.0842424 -4.90216e-05 0.000264876 1.67281e-06 -4.90216e-05 0.00930743 -0.0171535 -4.27972e-05 0.000264876 -0.0171535 0.0848714 
0.00940322 -0.0171376 -5.30879e-06 -4.16679e-05 -0.0171376 0.0842676 -4.96534e-05 0.0002622 -5.30879e-06 -4.96534e-05 0.0093183 -0.0171609 -4.16679e-05 0.0002622 -0.0171609 0.0848633 
0.00943472 -0.0171714 -7.72166e-06 -3.62502e-05 -0.0171714 0.0844783 -4.60727e-05 0.000262854 -7.72166e-06 -4.60727e-05 0.0093243 -0.0172171 -3.62502e-05 0.000262854 -0.0172171 0.0850961 
0.00944461 -0.0171892 -1.22805e-05 -3.04806e-05 -0.0171892 0.0845343 -4.03098e-05 0.000251368 -1.22805e-05 -4.03098e-05 0.00931776 -0.0172046 -3.04806e-05 0.000251368 -0.0172046 0.0851172 
0.0093999 -0.0171504 -2.84229e-05 -2.5585e-05 -0.0171504 0.0843287 -3.08658e-05 0.000231982 -2.84229e-05 -3.08658e-05 0.00930672 -0.0171394 -2.5585e-05 0.000231982 -0.0171394 0.0848378 
0.00936817 -0.0171276 -2.76162e-05 -1.16422e-05 -0.0171276 0.0843046 -1.17886e-05 0.000203195 -2.76162e-05 -1.17886e-05 0.00931711 -0.0171531 -1.16422e-05 0.000203195 -0.0171531 0.0848313 
0.0093524 -0.017047 -2.13592e-05 -1.21525e-05 -0.017047 0.084028 -1.00114e-05 0.00018549 -2.13592e-05 -1.00114e-05 0.00928507 -0.0171249 -1.21525e-05 0.00018549 -0.0171249 0.0846524 
0.00934482 -0.0170249 -2.49815e-05 -1.71084e-05 -0.0170249 0.0838658 -1.27842e-05 0.000182465 -2.49815e-05 -1.27842e-05 0.00927624 -0.017087 -1.71084e-05 0.000182465 -0.017087 0.0845137 
0.00937971 -0.0170708 -2.34233e-05 -1.44759e-05 -0.0170708 0.0840491 -1.02058e-05 0.00018232 -2.34233e-05 -1.02058e-05 0.00927767 -0.0171237 -1.44759e-05 0.00018232 -0.0171237 0.0846703 
0.00938132 -0.0171231 -1.63011e-05 -1.73924e-05 -0.0171231 0.0842428 -1.19646e-05 0.000184685 -1.63011e-05 -1.19646e-05 0.0093005 -0.0171353 -1.73924e-05 0.000184685 -0.0171353 0.0847919 
0.00936594 -0.0170811 -1.30304e-05 -2.84491e-05 -0.0170811 0.0841155 -2.38159e-05 0.000206966 -1.30304e-05 -2.38159e-05 0.00928691 -0.0171156 -2.84491e-05 0.000206966 -0.0171156 0.084656 
0.0093604 -0.0170667 -1.57128e-05 -3.10147e-05 -0.0170667 0.0840511 -2.79795e-05 0.000222513 -1.57128e-05 -2.79795e-05 0.00928084 -0.017109 -3.10147e-05 0.000222513 -0.017109 0.0846188 
0.00932806 -0.0170303 -3.23606e-05 -2.58974e-05 -0.0170303 0.0838711 -2.53628e-05 0.000219285 -3.23606e-05 -2.53628e-05 0.00928331 -0.0170763 -2.58974e-05 0.000219285 -0.0170763 0.0844586 
