0.00662342 0 1.79016e-05 0 0 0.0093421 0 0 1.79016e-05 0 0.00656349 0 0 0 0 0.0093421 
0.00969145 -0.0120262 2.30042e-05 -2.77638e-05 -0.0120262 0.0319362 -2.77638e-05 5.35581e-05 2.30042e-05 -2.77638e-05 0.0096615 -0.0119958 -2.77638e-05 5.35581e-05 -0.0119958 0.0318777 
0.00998316 -0.0185106 7.66883e-06 -2.29264e-05 -0.0185106 0.0682591 -2.29264e-05 6.89878e-05 7.66883e-06 -2.29264e-05 0.00998568 -0.0186924 -2.29264e-05 6.89878e-05 -0.0186924 0.0689019 
0.00865485 -0.0165556 1.26407e-05 3.90757e-06 -0.0165556 0.0741001 1.04227e-05 -2.90475e-05 1.26407e-05 1.04227e-05 0.00864884 -0.0168908 3.90757e-06 -2.90475e-05 -0.0168908 0.0759338 
0.00916677 -0.0169656 2.21838e-05 -9.67537e-06 -0.0169656 0.0814562 2.49457e-06 -5.31064e-05 2.21838e-05 2.49457e-06 0.00912015 -0.0172633 -9.67537e-06 -5.31064e-05 -0.0172633 0.0837752 
0.00891956 -0.0162938 1.32212e-05 -2.31021e-05 -0.0162938 0.0795575 -1.35527e-05 -1.46731e-05 1.32212e-05 -1.35527e-05 0.00887223 -0.0164455 -2.31021e-05 -1.46731e-05 -0.0164455 0.0812933 
0.00939842 -0.0171296 -7.18348e-06 -1.44368e-05 -0.0171296 0.0840483 -1.06077e-05 3.76822e-06 -7.18348e-06 -1.06077e-05 0.00934061 -0.0172458 -1.44368e-05 3.76822e-06 -0.0172458 0.0853544 
0.00916419 -0.016686 -2.32656e-05 1.34566e-05 -0.016686 0.0820849 1.40075e-05 -3.01316e-05 -2.32656e-05 1.40075e-05 0.00908751 -0.0167776 1.34566e-05 -3.01316e-05 -0.0167776 0.0830653 
0.00965763 -0.0175592 -3.09974e-05 3.79872e-05 -0.0175592 0.0864744 3.72813e-05 -8.84377e-05 -3.09974e-05 3.72813e-05 0.00955646 -0.0176341 3.79872e-05 -8.84377e-05 -0.0176341 0.0873493 
0.00954449 -0.0173248 -2.56614e-05 4.41887e-05 -0.0173248 0.0852948 4.36467e-05 -0.000118728 -2.56614e-05 4.36467e-05 0.0094248 -0.0173732 4.41887e-05 -0.000118728 -0.0173732 0.0860549 
0.00947337 -0.017224 -2.72076e-05 3.73397e-05 -0.017224 0.0847106 3.52275e-05 -0.000113462 -2.72076e-05 3.52275e-05 0.00937166 -0.017252 3.73397e-05 -0.000113462 -0.017252 0.0854028 
0.00940445 -0.0171206 -9.89294e-06 4.05242e-05 -0.0171206 0.0842145 3.34198e-05 -0.000106715 -9.89294e-06 3.34198e-05 0.00934464 -0.0171778 4.05242e-05 -0.000106715 -0.0171778 0.0849379 
0.00936503 -0.0170718 8.08288e-06 2.33222e-05 -0.0170718 0.0840233 1.13724e-05 -7.71891e-05 8.08288e-06 1.13724e-05 0.00935617 -0.0171912 2.33222e-05 -7.71891e-05 -0.0171912 0.084884 
0.00935693 -0.017044 1.90599e-05 -5.46538e-07 -0.017044 0.0839479 -1.21873e-05 -2.20205e-05 1.90599e-05 -1.21873e-05 0.00936006 -0.0172265 -5.46538e-07 -2.20205e-05 -0.0172265 0.0849728 
0.00936323 -0.0170384 1.51261e-05 -1.82281e-05 -0.0170384 0.0839101 -2.55969e-05 2.76538e-05 1.51261e-05 -2.55969e-05 0.00935156 -0.0172348 -1.82281e-05 2.76538e-05 -0.0172348 0.0850258 
0.00937615 -0.0170967 3.85439e-06 -1.49518e-05 -0.0170967 0.0841511 -1.70494e-05 3.59834e-05 3.85439e-06 -1.70494e-05 0.0093734 -0.0172713 -1.49518e-05 3.59834e-05 -0.0172713 0.0852574 
0.00935436 -0.0171188 7.18334e-06 -1.34954e-06 -0.0171188 0.0843174 3.09316e-06 5.54929e-06 7.18334e-06 3.09316e-06 0.00940724 -0.0173011 -1.34954e-06 5.54929e-06 -0.0173011 0.0854154 
0.00935331 -0.0171191 1.23892e-05 -5.68445e-06 -0.0171191 0.084491 4.00054e-06 -1.26474e-05 1.23892e-05 4.00054e-06 0.00943393 -0.0173725 -5.68445e-06 -1.26474e-05 -0.0173725 0.0857009 
0.00934244 -0.0170445 4.39567e-06 -1.56821e-05 -0.0170445 0.0842132 -1.89123e-06 -4.08892e-06 4.39567e-06 -1.89123e-06 0.00939543 -0.0173334 -1.56821e-05 -4.08892e-06 -0.0173334 0.085536 
0.00932627 -0.0169982 -1.84824e-06 -5.95174e-06 -0.0169982 0.0839263 1.00647e-05 -1.68386e-05 -1.84824e-06 1.00647e-05 0.00935133 -0.017261 -5.95174e-06 -1.68386e-05 -0.017261 0.0852588 
0.009282 -0.0169126 5.60834e-06 3.08593e-06 -0.0169126 0.0834458 1.47929e-05 -3.55e-05 5.60834e-06 1.47929e-05 0.00928973 -0.0171358 3.08593e-06 -3.55e-05 -0.0171358 0.0846996 
0.00926163 -0.0168665 8.4493e-06 -2.34256e-06 -0.0168665 0.0831676 3.48688e-06 -3.15419e-05 8.4493e-06 3.48688e-06 0.00924474 -0.0170535 -2.34256e-06 -3.15419e-05 -0.0170535 0.0843106 
0.00923247 -0.0167955 7.97675e-06 -4.82055e-06 -0.0167955 0.0827607 -1.2623e-06 -2.11321e-05 7.97675e-06 -1.2623e-06 0.00919096 -0.0169446 -4.82055e-06 -2.11321e-05 -0.0169446 0.0837877 
0.00924007 -0.0168233 7.49063e-06 -3.75674e-06 -0.0168233 0.082815 -4.5356e-06 -1.41509e-05 7.49063e-06 -4.5356e-06 0.00917967 -0.0169361 -3.75674e-06 -1.41509e-05 -0.0169361 0.0837312 
0.00925923 -0.016873 1.80818e-05 -7.66072e-07 -0.016873 0.083038 -4.21674e-06 -1.50516e-05 1.80818e-05 -4.21674e-06 0.00918371 -0.0169566 -7.66072e-07 -1.50516e-05 -0.0169566 0.0838533 
0.00925688 -0.016861 2.53423e-05 -1.36928e-05 -0.016861 0.0829906 -1.68151e-05 3.18517e-06 2.53423e-05 -1.68151e-05 0.00915369 -0.0169218 -1.36928e-05 3.18517e-06 -0.0169218 0.0837222 
0.00925374 -0.016865 2.38843e-05 -2.18634e-05 -0.016865 0.0829953 -2.60836e-05 2.67398e-05 2.38843e-05 -2.60836e-05 0.00913602 -0.01689 -2.18634e-05 2.67398e-05 -0.01689 0.0836324 
0.00924916 -0.0168899 1.66704e-05 -2.36713e-05 -0.0168899 0.083127 -2.91071e-05 4.49469e-05 1.66704e-05 -2.91071e-05 0.00914841 -0.0168902 -2.36713e-05 4.49469e-05 -0.0168902 0.083676 
0.00921024 -0.0168489 8.51355e-06 -1.23882e-05 -0.0168489 0.0830006 -2.07055e-05 3.37233e-05 8.51355e-06 -2.07055e-05 0.00915627 -0.0168659 -1.23882e-05 3.37233e-05 -0.0168659 0.0835344 
0.00917303 -0.0167683 1.04417e-05 -6.12083e-06 -0.0167683 0.0827098 -1.27707e-05 2.08938e-05 1.04417e-05 -1.27707e-05 0.00915033 -0.0168465 -6.12083e-06 2.08938e-05 -0.0168465 0.0833442 
0.00918723 -0.0167626 1.4548e-05 -1.08596e-05 -0.0167626 0.0827046 -1.05431e-05 1.79769e-05 1.4548e-05 -1.05431e-05 0.00914292 -0.0168814 -1.08596e-05 1.79769e-05 -0.0168814 0.0834558 
0.00918956 -0.0167592 1.92842e-05 -1.74642e-05 -0.0167592 0.082634 -1.21598e-05 2.47499e-05 1.92842e-05 -1.21598e-05 0.00911704 -0.016855 -1.74642e-05 2.47499e-05 -0.016855 0.083399 
0.00920856 -0.0168108 1.09801e-05 -2.1431e-05 -0.0168108 0.0828453 -1.67033e-05 3.11622e-05 1.09801e-05 -1.67033e-05 0.00912214 -0.0168629 -2.1431e-05 3.11622e-05 -0.0168629 0.0835223 
0.00923008 -0.0168344 6.97208e-06 -6.49325e-06 -0.0168344 0.0829745 -5.4143e-06 9.77103e-06 6.97208e-06 -5.4143e-06 0.00911357 -0.0168614 -6.49325e-06 9.77103e-06 -0.0168614 0.0835599 
0.00921092 -0.0167776 2.37656e-05 -3.58808e-07 -0.0167776 0.0826677 -6.56799e-07 -1.12327e-05 2.37656e-05 -6.56799e-07 0.00906624 -0.0167678 -3.58808e-07 -1.12327e-05 -0.0167678 0.0831577 
0.00918307 -0.016742 3.44928e-05 -2.31548e-05 -0.016742 0.0824362 -2.13997e-05 1.52788e-05 3.44928e-05 -2.13997e-05 0.00903733 -0.0167003 -2.31548e-05 1.52788e-05 -0.0167003 0.0828374 
0.00919336 -0.01676 1.94572e-05 -3.77421e-05 -0.01676 0.0825229 -3.12298e-05 4.83422e-05 1.94572e-05 -3.12298e-05 0.00903792 -0.0167101 -3.77421e-05 4.83422e-05 -0.0167101 0.0828677 
0.00916526 -0.0167051 6.56812e-06 -2.09931e-05 -0.0167051 0.082241 -1.14568e-05 3.33574e-05 6.56812e-06 -1.14568e-05 0.00901186 -0.0166401 -2.09931e-05 3.33574e-05 -0.0166401 0.082536 
0.00911367 -0.0166687 1.81054e-06 4.13206e-07 -0.0166687 0.0820373 9.11476e-06 -1.99126e-05 1.81054e-06 9.11476e-06 0.00901753 -0.0166002 4.13206e-07 -1.99126e-05 -0.0166002 0.082298 
0.00908892 -0.0166631 -1.49224e-06 9.9394e-06 -0.0166631 0.0821297 1.46382e-05 -5.70452e-05 -1.49224e-06 1.46382e-05 0.00905589 -0.0166698 9.9394e-06 -5.70452e-05 -0.0166698 0.0824999 
0.0090747 -0.0166551 3.46505e-06 1.54408e-05 -0.0166551 0.0822407 1.76873e-05 -7.8712e-05 3.46505e-06 1.76873e-05 0.009098 -0.0167515 1.54408e-05 -7.8712e-05 -0.0167515 0.082825 
0.00907594 -0.0166237 3.58823e-06 9.49175e-06 -0.0166237 0.082202 9.76787e-06 -7.49028e-05 3.58823e-06 9.76787e-06 0.0091039 -0.0167897 9.49175e-06 -7.49028e-05 -0.0167897 0.0829865 
0.00910183 -0.0166144 1.1769e-05 9.45314e-06 -0.0166144 0.0821351 8.71484e-06 -7.00714e-05 1.1769e-05 8.71484e-06 0.0090722 -0.0167783 9.45314e-06 -7.00714e-05 -0.0167783 0.0829861 
0.00911113 -0.0166184 1.4365e-05 1.86618e-06 -0.0166184 0.0820286 2.12184e-06 -6.18556e-05 1.4365e-05 2.12184e-06 0.00903708 -0.016709 1.86618e-06 -6.18556e-05 -0.016709 0.0827731 
0.00911384 -0.0166061 2.05366e-05 -3.33692e-06 -0.0166061 0.0818858 2.55694e-07 -5.2782e-05 2.05366e-05 2.55694e-07 0.00899546 -0.0166407 -3.33692e-06 -5.2782e-05 -0.0166407 0.082482 
0.00974944 -0.0178077 2.6284e-05 -1.3329e-05 -0.0178077 0.0877179 -7.38474e-06 -3.89293e-05 2.6284e-05 -7.38474e-06 0.00962612 -0.0177823 -1.3329e-05 -3.89293e-05 -0.0177823 0.0881911 
0.00973524 -0.0177757 3.58429e-05 -2.08213e-05 -0.0177757 0.0876037 -1.5027e-05 -1.63853e-05 3.58429e-05 -1.5027e-05 0.00960505 -0.0177478 -2.08213e-05 -1.63853e-05 -0.0177478 0.0879954 
0.00973141 -0.0177771 3.68892e-05 -3.24203e-05 -0.0177771 0.0876047 -2.70125e-05 1.11291e-05 3.68892e-05 -2.70125e-05 0.00960083 -0.017739 -3.24203e-05 1.11291e-05 -0.017739 0.0879579 
0.00972776 -0.0177933 3.61993e-05 -3.57935e-05 -0.0177933 0.0877037 -3.02922e-05 3.08342e-05 3.61993e-05 -3.02922e-05 0.00961709 -0.0177595 -3.57935e-05 3.08342e-05 -0.0177595 0.0880513 
0.00969682 -0.0177726 1.29283e-05 -3.04315e-05 -0.0177726 0.087669 -2.68717e-05 2.55103e-05 1.29283e-05 -2.68717e-05 0.00963714 -0.0177689 -3.04315e-05 2.55103e-05 -0.0177689 0.0880695 
0.00905608 -0.0165916 -3.81778e-06 -1.08342e-07 -0.0165916 0.0819428 1.45042e-06 -2.3279e-05 -3.81778e-06 1.45042e-06 0.00901757 -0.0166404 -1.08342e-07 -2.3279e-05 -0.0166404 0.0824144 
0.00905566 -0.0165956 -1.28357e-05 2.15231e-05 -0.0165956 0.0819992 2.35902e-05 -8.37368e-05 -1.28357e-05 2.35902e-05 0.009037 -0.0166664 2.15231e-05 -8.37368e-05 -0.0166664 0.0825497 
0.00904968 -0.0165507 -1.76295e-05 3.51726e-05 -0.0165507 0.0818082 3.63467e-05 -0.000131328 -1.76295e-05 3.63467e-05 0.00901518 -0.0166404 3.51726e-05 -0.000131328 -0.0166404 0.0824084 
0.00968118 -0.0177091 -9.60502e-06 4.71129e-05 -0.0177091 0.0874738 4.54994e-05 -0.000173821 -9.60502e-06 4.54994e-05 0.00963689 -0.0177851 4.71129e-05 -0.000173821 -0.0177851 0.0881061 
0.00968791 -0.017701 1.91733e-06 3.5866e-05 -0.017701 0.087418 3.31395e-05 -0.00016753 1.91733e-06 3.31395e-05 0.00961886 -0.0177667 3.5866e-05 -0.00016753 -0.0177667 0.0880158 
0.00968133 -0.0176982 1.90386e-05 1.79911e-05 -0.0176982 0.0873464 1.45539e-05 -0.000127403 1.90386e-05 1.45539e-05 0.00960341 -0.0177314 1.79911e-05 -0.000127403 -0.0177314 0.0878776 
0.00969268 -0.017696 1.6377e-05 -7.32748e-06 -0.017696 0.0873302 -1.10783e-05 -6.42607e-05 1.6377e-05 -1.10783e-05 0.00958926 -0.0177205 -7.32748e-06 -6.42607e-05 -0.0177205 0.0878192 
0.00970606 -0.0177331 2.64359e-05 -7.39357e-06 -0.0177331 0.0874515 -1.13584e-05 -3.15158e-05 2.64359e-05 -1.13584e-05 0.00959587 -0.0177247 -7.39357e-06 -3.15158e-05 -0.0177247 0.0878764 
0.00970241 -0.0177461 7.58697e-06 -1.76935e-05 -0.0177461 0.0874976 -2.30257e-05 -7.13515e-06 7.58697e-06 -2.30257e-05 0.0096026 -0.0177151 -1.76935e-05 -7.13515e-06 -0.0177151 0.0878395 
0.00971764 -0.0177894 -1.28249e-05 5.27751e-06 -0.0177894 0.0877374 -2.48565e-07 -3.06466e-05 -1.28249e-05 -2.48565e-07 0.0096317 -0.0177652 5.27751e-06 -3.06466e-05 -0.0177652 0.0880479 
0.00907376 -0.01662 -1.2817e-05 2.95881e-05 -0.01662 0.0820115 2.57905e-05 -8.54086e-05 -1.2817e-05 2.57905e-05 0.00901199 -0.0166149 2.95881e-05 -8.54086e-05 -0.0166149 0.0823231 
0.00904488 -0.0166017 -8.96248e-06 3.2976e-05 -0.0166017 0.0819675 2.91293e-05 -0.000119216 -8.96248e-06 2.91293e-05 0.00903751 -0.0166247 3.2976e-05 -0.000119216 -0.0166247 0.0823418 
0.00966403 -0.0177317 -6.12348e-06 2.74858e-05 -0.0177317 0.0876596 2.618e-05 -0.00012531 -6.12348e-06 2.618e-05 0.00969826 -0.0178328 2.74858e-05 -0.00012531 -0.0178328 0.0882142 
0.00965844 -0.0176976 -1.24101e-05 2.14547e-05 -0.0176976 0.0875414 2.36962e-05 -0.000115011 -1.24101e-05 2.36962e-05 0.00971051 -0.0178646 2.14547e-05 -0.000115011 -0.0178646 0.0882906 
0.00904189 -0.0165523 -1.09435e-05 2.50774e-05 -0.0165523 0.0818697 2.85697e-05 -0.000109718 -1.09435e-05 2.85697e-05 0.00908836 -0.0167479 2.50774e-05 -0.000109718 -0.0167479 0.0827305 
0.009077 -0.016592 3.89291e-06 2.5574e-05 -0.016592 0.0820358 2.65793e-05 -0.000110686 3.89291e-06 2.65793e-05 0.00909964 -0.0167914 2.5574e-05 -0.000110686 -0.0167914 0.0829753 
0.00908837 -0.0165947 9.67344e-06 4.39084e-06 -0.0165947 0.0819882 1.97686e-06 -6.91435e-05 9.67344e-06 1.97686e-06 0.00907941 -0.0167692 4.39084e-06 -6.91435e-05 -0.0167692 0.0829236 
0.00911045 -0.016601 2.20402e-05 -3.21437e-06 -0.016601 0.0819444 -9.54541e-06 -2.77779e-05 2.20402e-05 -9.54541e-06 0.00904265 -0.0167305 -3.21437e-06 -2.77779e-05 -0.0167305 0.0827963 
0.00915112 -0.0167223 8.44436e-06 -1.58984e-05 -0.0167223 0.0824282 -2.52969e-05 8.06975e-06 8.44436e-06 -2.52969e-05 0.00907606 -0.0167786 -1.58984e-05 8.06975e-06 -0.0167786 0.0831332 
0.00912779 -0.0167101 -1.04463e-05 3.31522e-06 -0.0167101 0.0824144 -5.35934e-06 -9.80949e-06 -1.04463e-05 -5.35934e-06 0.00907838 -0.0167487 3.31522e-06 -9.80949e-06 -0.0167487 0.0830122 
0.00910815 -0.0166597 -1.99109e-05 2.59569e-05 -0.0166597 0.0822528 1.99176e-05 -6.17616e-05 -1.99109e-05 1.99176e-05 0.0090626 -0.0167295 2.59569e-05 -6.17616e-05 -0.0167295 0.0828624 
0.00910599 -0.0166452 -1.25037e-05 3.70373e-05 -0.0166452 0.0821887 3.14403e-05 -0.000102513 -1.25037e-05 3.14403e-05 0.00905541 -0.01672 3.70373e-05 -0.000102513 -0.01672 0.0828215 
0.00909924 -0.0165981 3.28376e-06 2.7963e-05 -0.0165981 0.0819359 2.0777e-05 -0.000100263 3.28376e-06 2.0777e-05 0.00901281 -0.0166624 2.7963e-05 -0.000100263 -0.0166624 0.082552 
0.00910836 -0.0166227 1.42888e-05 5.77168e-06 -0.0166227 0.0819662 -8.50197e-07 -5.67579e-05 1.42888e-05 -8.50197e-07 0.00900178 -0.0166393 5.77168e-06 -5.67579e-05 -0.0166393 0.0824942 
0.00912048 -0.0166721 1.46652e-05 -1.15182e-05 -0.0166721 0.0821804 -1.55404e-05 -7.2122e-06 1.46652e-05 -1.55404e-05 0.00901107 -0.0166585 -1.15182e-05 -7.2122e-06 -0.0166585 0.082613 
0.00911276 -0.0166519 1.28846e-05 -1.47598e-05 -0.0166519 0.0821334 -1.7322e-05 1.92208e-05 1.28846e-05 -1.7322e-05 0.00899865 -0.0166409 -1.47598e-05 1.92208e-05 -0.0166409 0.0825369 
0.00910106 -0.0166355 1.91297e-05 -1.27505e-05 -0.0166355 0.0820646 -1.48771e-05 2.35621e-05 1.91297e-05 -1.48771e-05 0.00899987 -0.0166228 -1.27505e-05 2.35621e-05 -0.0166228 0.0824647 
0.00909283 -0.016614 6.01995e-06 -2.01177e-05 -0.016614 0.0819624 -1.87591e-05 3.09049e-05 6.01995e-06 -1.87591e-05 0.00899061 -0.0166042 -2.01177e-05 3.09049e-05 -0.0166042 0.0823522 
0.00972208 -0.0177696 5.68373e-06 -9.02344e-06 -0.0177696 0.0876433 -2.55349e-06 1.75279e-05 5.68373e-06 -2.55349e-06 0.00961373 -0.0177496 -9.02344e-06 1.75279e-05 -0.0177496 0.0880291 
0.00971257 -0.0177628 -1.82484e-07 -7.30414e-06 -0.0177628 0.0876084 1.2165e-06 2.9989e-06 -1.82484e-07 1.2165e-06 0.00960895 -0.0177385 -7.30414e-06 2.9989e-06 -0.0177385 0.0879608 
0.00968873 -0.0177357 -1.25974e-08 6.14231e-07 -0.0177357 0.0874987 3.1851e-06 -7.23365e-06 -1.25974e-08 3.1851e-06 0.00960526 -0.0177199 6.14231e-07 -7.23365e-06 -0.0177199 0.0878513 
0.00970147 -0.0177186 -1.19787e-05 1.88294e-06 -0.0177186 0.0874727 -1.43627e-06 -6.30876e-06 -1.19787e-05 -1.43627e-06 0.00958589 -0.017739 1.88294e-06 -6.30876e-06 -0.017739 0.0878972 
0.00964012 -0.0176211 -4.96831e-06 1.80352e-05 -0.0176211 0.0869274 1.18664e-05 -2.67873e-05 -4.96831e-06 1.18664e-05 0.009534 -0.0176053 1.80352e-05 -2.67873e-05 -0.0176053 0.087334 
0.00961768 -0.0176 -1.45631e-06 7.99448e-06 -0.0176 0.086819 9.95506e-07 -1.85456e-05 -1.45631e-06 9.95506e-07 0.00953065 -0.0175829 7.99448e-06 -1.85456e-05 -0.0175829 0.0871884 
0.00960121 -0.0176068 -1.41274e-06 2.80167e-06 -0.0176068 0.0868939 -2.13694e-06 -3.87667e-06 -1.41274e-06 -2.13694e-06 0.00956647 -0.0176177 2.80167e-06 -3.87667e-06 -0.0176177 0.087301 
0.00958982 -0.0175905 8.94838e-06 9.39542e-07 -0.0175905 0.0869155 -2.50013e-06 5.22567e-06 8.94838e-06 -2.50013e-06 0.00959743 -0.0176677 9.39542e-07 5.22567e-06 -0.0176677 0.0874466 
0.00959859 -0.0175985 4.64218e-06 -1.31362e-05 -0.0175985 0.0870116 -1.40796e-05 2.91162e-05 4.64218e-06 -1.40796e-05 0.00962383 -0.0177316 -1.31362e-05 2.91162e-05 -0.0177316 0.0876967 
0.00959051 -0.0175421 8.58462e-06 -1.18597e-05 -0.0175421 0.0867509 -1.31157e-05 4.46757e-05 8.58462e-06 -1.31157e-05 0.00958763 -0.0177026 -1.18597e-05 4.46757e-05 -0.0177026 0.0875462 
0.00961136 -0.0175686 1.10391e-05 -1.53267e-05 -0.0175686 0.0868012 -2.03151e-05 5.77159e-05 1.10391e-05 -2.03151e-05 0.00957043 -0.017697 -1.53267e-05 5.77159e-05 -0.017697 0.0875904 
0.00963522 -0.0175948 3.22758e-06 -1.68948e-05 -0.0175948 0.0868686 -2.25659e-05 6.65098e-05 3.22758e-06 -2.25659e-05 0.00954263 -0.0176714 -1.68948e-05 6.65098e-05 -0.0176714 0.087557 
0.00965062 -0.0176143 -6.99563e-06 -8.72436e-06 -0.0176143 0.0868883 -1.36183e-05 5.85496e-05 -6.99563e-06 -1.36183e-05 0.00952629 -0.0176194 -8.72436e-06 5.85496e-05 -0.0176194 0.0874085 
0.00969302 -0.0177111 -2.93054e-06 6.18377e-06 -0.0177111 0.0872909 -1.98563e-07 3.06633e-05 -2.93054e-06 -1.98563e-07 0.00956236 -0.0176599 6.18377e-06 3.06633e-05 -0.0176599 0.0876309 
0.00970824 -0.0177474 -3.73162e-06 2.3911e-07 -0.0177474 0.0874711 -7.69643e-06 3.00642e-05 -3.73162e-06 -7.69643e-06 0.00958066 -0.0176852 2.3911e-07 3.00642e-05 -0.0176852 0.0877167 
0.00970189 -0.0177636 -8.13739e-06 -6.41716e-07 -0.0177636 0.0875661 -8.66472e-06 3.83638e-05 -8.13739e-06 -8.66472e-06 0.00961239 -0.0177096 -6.41716e-07 3.83638e-05 -0.0177096 0.0877979 
0.00971126 -0.0177665 -6.58415e-06 5.91407e-06 -0.0177665 0.0876589 -1.24865e-06 2.99062e-05 -6.58415e-06 -1.24865e-06 0.0096351 -0.017771 5.91407e-06 2.99062e-05 -0.017771 0.0879958 
0.00972554 -0.0177524 -5.96065e-06 -7.91294e-07 -0.0177524 0.087601 -3.95297e-06 3.54253e-05 -5.96065e-06 -3.95297e-06 0.00962092 -0.0177834 -7.91294e-07 3.54253e-05 -0.0177834 0.0880462 
0.00972889 -0.0177697 4.83373e-07 -3.21606e-06 -0.0177697 0.0876066 -4.36061e-06 4.3352e-05 4.83373e-07 -4.36061e-06 0.00961013 -0.01777 -3.21606e-06 4.3352e-05 -0.01777 0.0880539 
0.00968841 -0.0177358 -5.19936e-06 -1.21585e-05 -0.0177358 0.0874284 -1.25804e-05 6.0241e-05 -5.19936e-06 -1.25804e-05 0.00960219 -0.0177135 -1.21585e-05 6.0241e-05 -0.0177135 0.087823 
0.00968719 -0.0177045 -1.23523e-05 -6.06149e-06 -0.0177045 0.0873595 -7.46923e-06 6.2312e-05 -1.23523e-05 -7.46923e-06 0.00958449 -0.0177207 -6.06149e-06 6.2312e-05 -0.0177207 0.0877884 
0.00969574 -0.0177411 -1.04403e-05 2.52856e-06 -0.0177411 0.0875258 1.45529e-06 4.77031e-05 -1.04403e-05 1.45529e-06 0.00960285 -0.0177524 2.52856e-06 4.77031e-05 -0.0177524 0.087995 
0.00966036 -0.0176768 -1.43796e-05 2.1476e-06 -0.0176768 0.0872525 1.42933e-06 3.88001e-05 -1.43796e-05 1.42933e-06 0.00958171 -0.0176967 2.1476e-06 3.88001e-05 -0.0176967 0.0877397 
0.00963661 -0.0176147 -2.63688e-06 6.7514e-06 -0.0176147 0.0869659 5.88143e-06 3.01389e-05 -2.63688e-06 5.88143e-06 0.00956372 -0.0176464 6.7514e-06 3.01389e-05 -0.0176464 0.0874714 
0.00959813 -0.0175788 4.29496e-06 -8.20027e-06 -0.0175788 0.0867479 -7.4337e-06 4.74187e-05 4.29496e-06 -7.4337e-06 0.0095662 -0.0176082 -8.20027e-06 4.74187e-05 -0.0176082 0.087246 
0.00957146 -0.0175731 1.75493e-05 -1.79974e-05 -0.0175731 0.0867746 -1.67051e-05 7.43977e-05 1.75493e-05 -1.67051e-05 0.00959679 -0.0176487 -1.79974e-05 7.43977e-05 -0.0176487 0.0873313 
0.00959952 -0.0176031 7.08098e-06 -3.45303e-05 -0.0176031 0.0870493 -3.35448e-05 0.00011194 7.08098e-06 -3.35448e-05 0.00962664 -0.0177591 -3.45303e-05 0.00011194 -0.0177591 0.0877747 
0.00964434 -0.0176425 -2.44982e-06 -2.46776e-05 -0.0176425 0.0872575 -2.46259e-05 0.000118286 -2.44982e-06 -2.46259e-05 0.00962386 -0.0178057 -2.46776e-05 0.000118286 -0.0178057 0.0880785 
0.00964356 -0.0176525 -1.942e-05 -1.00736e-05 -0.0176525 0.0872178 -1.26849e-05 9.29672e-05 -1.942e-05 -1.26849e-05 0.00959544 -0.0177462 -1.00736e-05 9.29672e-05 -0.0177462 0.0879427 
0.00961727 -0.0176173 -2.71909e-05 1.29752e-05 -0.0176173 0.087027 9.13229e-06 4.51909e-05 -2.71909e-05 9.13229e-06 0.00956106 -0.0176612 1.29752e-05 4.51909e-05 -0.0176612 0.0875955 
0.00961921 -0.0176037 -2.69942e-05 2.10489e-05 -0.0176037 0.0869798 2.07938e-05 6.93703e-06 -2.69942e-05 2.07938e-05 0.00954611 -0.0176325 2.10489e-05 6.93703e-06 -0.0176325 0.087453 
0.00963293 -0.017628 -1.43792e-05 1.7253e-05 -0.017628 0.0870714 1.77022e-05 3.56733e-06 -1.43792e-05 1.77022e-05 0.00955354 -0.0176401 1.7253e-05 3.56733e-06 -0.0176401 0.08749 
0.00959151 -0.0176064 -7.89461e-06 2.36039e-06 -0.0176064 0.0869443 7.41544e-07 2.97887e-05 -7.89461e-06 7.41544e-07 0.00957631 -0.0176073 2.36039e-06 2.97887e-05 -0.0176073 0.0873194 
0.00959682 -0.0176166 5.95767e-06 -5.56315e-06 -0.0176166 0.0871129 -6.75877e-06 5.61046e-05 5.95767e-06 -6.75877e-06 0.00962017 -0.0177042 -5.56315e-06 5.61046e-05 -0.0177042 0.0876171 
0.00960377 -0.017598 1.4596e-05 -2.1339e-05 -0.017598 0.0870817 -2.034e-05 8.35927e-05 1.4596e-05 -2.034e-05 0.00961989 -0.0177492 -2.1339e-05 8.35927e-05 -0.0177492 0.0877784 
0.00963726 -0.0175943 1.34978e-05 -3.31901e-05 -0.0175943 0.0870258 -3.00746e-05 0.00011266 1.34978e-05 -3.00746e-05 0.00958444 -0.0177386 -3.31901e-05 0.00011266 -0.0177386 0.0877938 
0.00967726 -0.0176458 1.14697e-05 -2.92943e-05 -0.0176458 0.0871207 -2.60197e-05 0.000113852 1.14697e-05 -2.60197e-05 0.0095576 -0.0177022 -2.92943e-05 0.000113852 -0.0177022 0.0877658 
0.00968439 -0.0177144 6.90317e-06 -2.34124e-05 -0.0177144 0.0873154 -2.01651e-05 9.76052e-05 6.90317e-06 -2.01651e-05 0.00955179 -0.017663 -2.34124e-05 9.76052e-05 -0.017663 0.0876942 
0.00966904 -0.0177283 5.94646e-06 -1.73986e-05 -0.0177283 0.0874308 -1.35071e-05 7.80511e-05 5.94646e-06 -1.35071e-05 0.00956118 -0.0176485 -1.73986e-05 7.80511e-05 -0.0176485 0.08763 
0.0096543 -0.0177027 6.96021e-06 -1.61472e-05 -0.0177027 0.0874213 -1.17014e-05 6.61598e-05 6.96021e-06 -1.17014e-05 0.00956926 -0.0176596 -1.61472e-05 6.61598e-05 -0.0176596 0.0876219 
0.00961946 -0.0176317 2.31992e-06 -1.50644e-05 -0.0176317 0.0871391 -1.0147e-05 5.74909e-05 2.31992e-06 -1.0147e-05 0.00955818 -0.0176323 -1.50644e-05 5.74909e-05 -0.0176323 0.0874435 
0.00960884 -0.0176308 -1.82812e-05 -9.94203e-06 -0.0176308 0.0871586 -3.37912e-06 4.3967e-05 -1.82812e-05 -3.37912e-06 0.00958308 -0.017666 -9.94203e-06 4.3967e-05 -0.017666 0.0875724 
0.00956864 -0.0175782 -2.74253e-05 1.6692e-05 -0.0175782 0.0869553 2.20068e-05 -4.20887e-06 -2.74253e-05 2.20068e-05 0.00959047 -0.0176542 1.6692e-05 -4.20887e-06 -0.0176542 0.0874717 
0.00955305 -0.0175283 -2.34492e-05 2.97766e-05 -0.0175283 0.0867842 3.26578e-05 -4.70579e-05 -2.34492e-05 3.26578e-05 0.00958005 -0.0176615 2.97766e-05 -4.70579e-05 -0.0176615 0.0874297 
0.00952177 -0.0174825 -2.70787e-05 2.54833e-05 -0.0174825 0.08655 2.31873e-05 -4.918e-05 -2.70787e-05 2.31873e-05 0.00956706 -0.0176264 2.54833e-05 -4.918e-05 -0.0176264 0.087272 
0.00952879 -0.0174282 -3.7217e-05 3.24964e-05 -0.0174282 0.086317 2.45286e-05 -5.13492e-05 -3.7217e-05 2.45286e-05 0.00951105 -0.0175994 3.24964e-05 -5.13492e-05 -0.0175994 0.0871102 
0.00952689 -0.0173957 -1.85806e-05 4.29443e-05 -0.0173957 0.0860224 3.2927e-05 -6.35074e-05 -1.85806e-05 3.2927e-05 0.0094415 -0.0174922 4.29443e-05 -6.35074e-05 -0.0174922 0.0867339 
0.00953321 -0.0174479 -3.24907e-07 2.09705e-05 -0.0174479 0.0861448 1.01749e-05 -3.65541e-05 -3.24907e-07 1.01749e-05 0.00943437 -0.0174477 2.09705e-05 -3.65541e-05 -0.0174477 0.0866386 
0.00952278 -0.0174398 2.94803e-06 -6.09035e-06 -0.0174398 0.086115 -1.55813e-05 2.6381e-05 2.94803e-06 -1.55813e-05 0.00941707 -0.0174084 -6.09035e-06 2.6381e-05 -0.0174084 0.0864432 
0.00950554 -0.017421 -6.38628e-07 -1.51777e-05 -0.017421 0.0860373 -1.90011e-05 6.69307e-05 -6.38628e-07 -1.90011e-05 0.00941197 -0.0173765 -1.51777e-05 6.69307e-05 -0.0173765 0.0862806 
0.00948252 -0.0173804 -9.92161e-06 -1.05809e-05 -0.0173804 0.0858643 -9.28255e-06 6.52239e-05 -9.92161e-06 -9.28255e-06 0.00939704 -0.0173462 -1.05809e-05 6.52239e-05 -0.0173462 0.0860847 
0.00944554 -0.0173188 -1.40529e-05 3.46318e-06 -0.0173188 0.0855743 7.09065e-06 3.21084e-05 -1.40529e-05 7.09065e-06 0.00937067 -0.0172963 3.46318e-06 3.21084e-05 -0.0172963 0.0858083 
0.00943044 -0.0173025 -2.42579e-06 1.1485e-05 -0.0173025 0.0855164 1.65837e-05 -2.40786e-06 -2.42579e-06 1.65837e-05 0.00937339 -0.0172983 1.1485e-05 -2.40786e-06 -0.0172983 0.0857892 
0.0094551 -0.0173362 1.05102e-05 -2.89031e-06 -0.0173362 0.0857235 4.80496e-06 8.65975e-08 1.05102e-05 4.80496e-06 0.00938865 -0.0173594 -2.89031e-06 8.65975e-08 -0.0173594 0.0860635 
0.00948887 -0.0173942 8.98486e-06 -1.86103e-05 -0.0173942 0.0860054 -9.4949e-06 2.74584e-05 8.98486e-06 -9.4949e-06 0.00941282 -0.0174097 -1.86103e-05 2.74584e-05 -0.0174097 0.08637 
0.0095109 -0.0174021 1.40089e-05 -1.6436e-05 -0.0174021 0.0860341 -9.46923e-06 3.85379e-05 1.40089e-05 -9.46923e-06 0.00940629 -0.0173989 -1.6436e-05 3.85379e-05 -0.0173989 0.0863625 
0.00949945 -0.01743 1.79478e-05 -2.14689e-05 -0.01743 0.0860876 -1.43083e-05 4.5349e-05 1.79478e-05 -1.43083e-05 0.00943384 -0.017384 -2.14689e-05 4.5349e-05 -0.017384 0.0863244 
0.00952384 -0.0174872 3.36606e-06 -2.68943e-05 -0.0174872 0.0864357 -1.57806e-05 5.21757e-05 3.36606e-06 -1.57806e-05 0.00948581 -0.0174823 -2.68943e-05 5.21757e-05 -0.0174823 0.0866817 
0.00952344 -0.0175295 -7.63175e-06 -6.87262e-06 -0.0175295 0.0867038 6.36884e-06 1.88908e-05 -7.63175e-06 6.36884e-06 0.00954617 -0.0175682 -6.87262e-06 1.88908e-05 -0.0175682 0.0870503 
0.00951635 -0.0174955 8.26296e-06 1.04557e-05 -0.0174955 0.0866744 1.98632e-05 -2.60243e-05 8.26296e-06 1.98632e-05 0.00955843 -0.0176184 1.04557e-05 -2.60243e-05 -0.0176184 0.087207 
0.00950559 -0.0174341 2.05324e-05 -5.98818e-06 -0.0174341 0.0864005 -1.69107e-06 -1.78631e-05 2.05324e-05 -1.69107e-06 0.00953124 -0.0175916 -5.98818e-06 -1.78631e-05 -0.0175916 0.0870856 
0.00951661 -0.0174067 1.72095e-05 -2.26447e-05 -0.0174067 0.0861877 -2.06369e-05 2.34936e-05 1.72095e-05 -2.06369e-05 0.00948965 -0.0175382 -2.26447e-05 2.34936e-05 -0.0175382 0.0868815 
0.00953773 -0.0174361 2.68615e-05 -2.35492e-05 -0.0174361 0.0861938 -1.9744e-05 4.64582e-05 2.68615e-05 -1.9744e-05 0.00946048 -0.0174998 -2.35492e-05 4.64582e-05 -0.0174998 0.0867711 
0.00954967 -0.0175128 1.48499e-05 -3.12341e-05 -0.0175128 0.086478 -2.67403e-05 5.7475e-05 1.48499e-05 -2.67403e-05 0.0094881 -0.0175059 -3.12341e-05 5.7475e-05 -0.0175059 0.0868777 
0.00957004 -0.0175474 1.64062e-06 -1.61212e-05 -0.0175474 0.0867199 -1.27552e-05 4.03285e-05 1.64062e-06 -1.27552e-05 0.00951462 -0.0175563 -1.61212e-05 4.03285e-05 -0.0175563 0.0870636 
0.00959545 -0.0175772 1.61765e-06 3.51505e-06 -0.0175772 0.0868936 1.9415e-06 1.25944e-06 1.61765e-06 1.9415e-06 0.00952851 -0.0176041 3.51505e-06 1.25944e-06 -0.0176041 0.0872732 
0.00959761 -0.0175755 -4.97945e-06 6.60577e-06 -0.0175755 0.0868663 3.90588e-06 -2.27573e-05 -4.97945e-06 3.90588e-06 0.00952098 -0.0175941 6.60577e-06 -2.27573e-05 -0.0175941 0.0872597 
0.00957826 -0.0175477 -1.57258e-05 1.15949e-05 -0.0175477 0.0867111 1.24898e-05 -3.91523e-05 -1.57258e-05 1.24898e-05 0.00950703 -0.0175522 1.15949e-05 -3.91523e-05 -0.0175522 0.0870805 
0.00956288 -0.0175368 -2.76732e-05 2.28774e-05 -0.0175368 0.0866622 2.85921e-05 -6.84682e-05 -2.76732e-05 2.85921e-05 0.00951619 -0.0175448 2.28774e-05 -6.84682e-05 -0.0175448 0.0870227 
0.00953037 -0.0174913 -2.60803e-05 4.02815e-05 -0.0174913 0.0864812 4.76857e-05 -0.000114851 -2.60803e-05 4.76857e-05 0.00951349 -0.0175348 4.02815e-05 -0.000114851 -0.0175348 0.0869042 
0.0095401 -0.0175018 -4.85792e-05 4.02416e-05 -0.0175018 0.0865945 4.82246e-05 -0.000138954 -4.85792e-05 4.82246e-05 0.00953157 -0.0175935 4.02416e-05 -0.000138954 -0.0175935 0.0871398 
0.00952649 -0.01748 -6.21517e-05 6.58919e-05 -0.01748 0.0865026 7.23983e-05 -0.000180256 -6.21517e-05 7.23983e-05 0.00953662 -0.0175861 6.58919e-05 -0.000180256 -0.0175861 0.087128 
