0.00673646 0 -1.10762e-05 0 0 0.00938403 0 0 -1.10762e-05 0 0.00655 0 0 0 0 0.00938403 
0.00984491 -0.012217 -4.81095e-06 5.00618e-06 -0.012217 0.0323285 5.00618e-06 -9.94122e-06 -4.81095e-06 5.00618e-06 0.00962413 -0.0119494 5.00618e-06 -9.94122e-06 -0.0119494 0.0318153 
0.0100345 -0.0187035 4.62088e-05 -3.36712e-05 -0.0187035 0.0688636 -3.36712e-05 0.000118032 4.62088e-05 -3.36712e-05 0.00991935 -0.0185264 -3.36712e-05 0.000118032 -0.0185264 0.0683481 
0.0086337 -0.016627 5.08839e-05 -0.000124297 -0.016627 0.0744981 -0.000115613 0.000444686 5.08839e-05 -0.000115613 0.00860503 -0.0167659 -0.000124297 0.000444686 -0.0167659 0.0753402 
0.00915043 -0.0170372 2.72335e-05 -0.000141786 -0.0170372 0.0820283 -0.000125313 0.000637132 2.72335e-05 -0.000125313 0.00913351 -0.0172663 -0.000141786 0.000637132 -0.0172663 0.0837124 
0.00896716 -0.0164131 -4.09265e-06 -8.53984e-05 -0.0164131 0.0804314 -7.0675e-05 0.000504526 -4.09265e-06 -7.0675e-05 0.00894392 -0.0165837 -8.53984e-05 0.000504526 -0.0165837 0.0819271 
0.00946916 -0.0172949 -1.9034e-05 -3.40852e-05 -0.0172949 0.0850792 -2.47742e-05 0.000334823 -1.9034e-05 -2.47742e-05 0.00947001 -0.0174371 -3.40852e-05 0.000334823 -0.0174371 0.0863222 
0.0091963 -0.0167382 -2.60466e-05 -8.70205e-06 -0.0167382 0.0825481 -8.38472e-06 0.000199376 -2.60466e-05 -8.38472e-06 0.00918568 -0.0169026 -8.70205e-06 0.000199376 -0.0169026 0.0836087 
0.0096792 -0.017573 -2.78577e-05 -2.66827e-07 -0.017573 0.0866558 -5.02022e-06 0.000154187 -2.78577e-05 -5.02022e-06 0.00964233 -0.0177385 -2.66827e-07 0.000154187 -0.0177385 0.0877123 
0.00953677 -0.0173232 -2.28525e-05 -8.38236e-07 -0.0173232 0.0853145 -6.66262e-06 0.000139037 -2.28525e-05 -6.66262e-06 0.009495 -0.0174659 -8.38236e-07 0.000139037 -0.0174659 0.0863158 
0.00946559 -0.0171968 -1.7349e-05 -1.05904e-05 -0.0171968 0.084634 -1.21536e-05 0.000152474 -1.7349e-05 -1.21536e-05 0.00941381 -0.0173299 -1.05904e-05 0.000152474 -0.0173299 0.0855998 
0.00943031 -0.01715 -2.41508e-05 -1.99012e-05 -0.01715 0.0843601 -1.65782e-05 0.000169149 -2.41508e-05 -1.65782e-05 0.00937119 -0.0172697 -1.99012e-05 0.000169149 -0.0172697 0.0852968 
0.00941497 -0.0171196 -3.13724e-05 -8.5544e-06 -0.0171196 0.084211 -1.65567e-06 0.000150222 -3.13724e-05 -1.65567e-06 0.00933961 -0.0172256 -8.5544e-06 0.000150222 -0.0172256 0.0851087 
0.00938396 -0.0170659 -2.17987e-05 3.82201e-06 -0.0170659 0.0839276 9.82491e-06 0.000114524 -2.17987e-05 9.82491e-06 0.00930862 -0.0171459 3.82201e-06 0.000114524 -0.0171459 0.0847585 
0.00939008 -0.0170814 -2.11318e-05 -3.97804e-06 -0.0170814 0.0839796 -1.38859e-06 0.000109887 -2.11318e-05 -1.38859e-06 0.00931253 -0.0171444 -3.97804e-06 0.000109887 -0.0171444 0.0847326 
0.00940124 -0.0171155 -1.70452e-05 -9.89952e-06 -0.0171155 0.0841286 -6.84012e-06 0.000126763 -1.70452e-05 -6.84012e-06 0.00933161 -0.0171663 -9.89952e-06 0.000126763 -0.0171663 0.0848172 
0.00941531 -0.0171499 -1.91557e-05 -1.53587e-05 -0.0171499 0.08432 -1.15773e-05 0.000141327 -1.91557e-05 -1.15773e-05 0.00934549 -0.017218 -1.53587e-05 0.000141327 -0.017218 0.0850184 
0.00944591 -0.0171864 -2.81197e-05 -1.3563e-05 -0.0171864 0.0845378 -1.00285e-05 0.000145854 -2.81197e-05 -1.00285e-05 0.0093543 -0.0172682 -1.3563e-05 0.000145854 -0.0172682 0.0852843 
0.00947316 -0.0172653 -2.33971e-05 -3.28112e-06 -0.0172653 0.0849043 1.89884e-06 0.000128613 -2.33971e-05 1.89884e-06 0.00938789 -0.0173246 -3.28112e-06 0.000128613 -0.0173246 0.0856439 
0.0094501 -0.0172437 -9.42425e-06 -5.48836e-06 -0.0172437 0.0848659 6.49555e-07 0.000116791 -9.42425e-06 6.49555e-07 0.00939834 -0.0173159 -5.48836e-06 0.000116791 -0.0173159 0.085623 
0.00942768 -0.0171802 -4.24781e-06 -1.89483e-05 -0.0171802 0.0846328 -1.11161e-05 0.000126512 -4.24781e-06 -1.11161e-05 0.00939145 -0.0172912 -1.89483e-05 0.000126512 -0.0172912 0.0854612 
0.00938436 -0.0170964 -1.1653e-05 -2.20498e-05 -0.0170964 0.084218 -1.27107e-05 0.00013043 -1.1653e-05 -1.27107e-05 0.00935876 -0.0172354 -2.20498e-05 0.00013043 -0.0172354 0.0851368 
0.00938404 -0.0171144 -1.93859e-05 -9.26028e-06 -0.0171144 0.0843032 -1.2713e-06 0.000107083 -1.93859e-05 -1.2713e-06 0.00937571 -0.0172722 -9.26028e-06 0.000107083 -0.0172722 0.0852972 
0.00938155 -0.0171012 -8.28479e-06 4.1421e-07 -0.0171012 0.0842709 4.74992e-06 8.3115e-05 -8.28479e-06 4.74992e-06 0.00936806 -0.01727 4.1421e-07 8.3115e-05 -0.01727 0.0852964 
0.00934312 -0.0170197 -3.8868e-06 -1.01015e-05 -0.0170197 0.0838671 -9.34033e-06 8.99895e-05 -3.8868e-06 -9.34033e-06 0.0093255 -0.0171813 -1.01015e-05 8.99895e-05 -0.0171813 0.0848874 
0.00932385 -0.0169533 -9.43084e-06 -1.57553e-05 -0.0169533 0.0835182 -1.93208e-05 0.00011147 -9.43084e-06 -1.93208e-05 0.00927908 -0.0171142 -1.57553e-05 0.00011147 -0.0171142 0.0845362 
0.00930517 -0.0169338 -6.27678e-06 -1.17067e-05 -0.0169338 0.0833407 -1.63235e-05 0.00011887 -6.27678e-06 -1.63235e-05 0.00925249 -0.0170608 -1.17067e-05 0.00011887 -0.0170608 0.0843041 
0.00930597 -0.0169504 8.58245e-06 -1.68879e-05 -0.0169504 0.0834058 -1.99832e-05 0.000128501 8.58245e-06 -1.99832e-05 0.00925035 -0.017062 -1.68879e-05 0.000128501 -0.017062 0.0843114 
0.00929407 -0.0169729 6.42256e-06 -3.9489e-05 -0.0169729 0.0835296 -3.90398e-05 0.000169535 6.42256e-06 -3.90398e-05 0.00927853 -0.0170727 -3.9489e-05 0.000169535 -0.0170727 0.0843859 
0.00930101 -0.0169708 -1.0992e-06 -3.59862e-05 -0.0169708 0.0836131 -3.40263e-05 0.000180605 -1.0992e-06 -3.40263e-05 0.00929899 -0.0171108 -3.59862e-05 0.000180605 -0.0171108 0.0844983 
0.0093178 -0.0169977 -9.83083e-06 -2.54339e-05 -0.0169977 0.0837622 -2.31714e-05 0.000162388 -9.83083e-06 -2.31714e-05 0.00931782 -0.0171626 -2.54339e-05 0.000162388 -0.0171626 0.0847173 
0.00932622 -0.0169788 -8.85458e-06 -1.11212e-05 -0.0169788 0.083677 -1.08792e-05 0.000127378 -8.85458e-06 -1.08792e-05 0.00930348 -0.0171528 -1.11212e-05 0.000127378 -0.0171528 0.0846794 
0.00935746 -0.0170063 2.98867e-07 -9.98555e-06 -0.0170063 0.0837461 -9.22075e-06 0.000107494 2.98867e-07 -9.22075e-06 0.00927883 -0.0171552 -9.98555e-06 0.000107494 -0.0171552 0.0847295 
0.009388 -0.0170691 4.8688e-06 -2.03182e-05 -0.0170691 0.0839522 -1.50662e-05 0.000109203 4.8688e-06 -1.50662e-05 0.00927013 -0.0171411 -2.03182e-05 0.000109203 -0.0171411 0.0847936 
0.00940532 -0.0171398 -5.31572e-06 -2.68224e-05 -0.0171398 0.0842534 -1.98775e-05 0.000120635 -5.31572e-06 -1.98775e-05 0.00930053 -0.0171479 -2.68224e-05 0.000120635 -0.0171479 0.0849095 
0.0094169 -0.0171623 -1.54172e-05 -1.41312e-05 -0.0171623 0.084428 -1.0749e-05 0.000109876 -1.54172e-05 -1.0749e-05 0.00931624 -0.0171838 -1.41312e-05 0.000109876 -0.0171838 0.0850236 
0.00939627 -0.0171625 -1.66487e-05 2.66577e-06 -0.0171625 0.0844603 4.45342e-06 7.24012e-05 -1.66487e-05 4.45342e-06 0.00933354 -0.0171925 2.66577e-06 7.24012e-05 -0.0171925 0.0850629 
0.00938464 -0.0171161 -3.1398e-05 3.02172e-06 -0.0171161 0.0843476 6.17797e-06 5.49406e-05 -3.1398e-05 6.17797e-06 0.00933264 -0.0172055 3.02172e-06 5.49406e-05 -0.0172055 0.0850621 
0.00940067 -0.0171064 -3.20078e-05 2.01499e-05 -0.0171064 0.0842984 2.48325e-05 2.24177e-05 -3.20078e-05 2.48325e-05 0.00931843 -0.0172108 2.01499e-05 2.24177e-05 -0.0172108 0.0850948 
0.00937271 -0.0170491 -3.63276e-05 2.06953e-05 -0.0170491 0.0839414 2.98095e-05 -1.32005e-06 -3.63276e-05 2.98095e-05 0.00927193 -0.0171204 2.06953e-05 -1.32005e-06 -0.0171204 0.0847181 
0.00940177 -0.0171026 -2.305e-05 2.56351e-05 -0.0171026 0.0841543 3.6898e-05 -1.91036e-05 -2.305e-05 3.6898e-05 0.00928417 -0.0171461 2.56351e-05 -1.91036e-05 -0.0171461 0.0848665 
0.00940345 -0.0171041 -1.08315e-05 1.36903e-05 -0.0171041 0.0841341 2.21805e-05 -1.22539e-05 -1.08315e-05 2.21805e-05 0.00928022 -0.0171239 1.36903e-05 -1.22539e-05 -0.0171239 0.0847765 
0.00939516 -0.0170796 2.75131e-06 -5.97638e-07 -0.0170796 0.0839954 7.23151e-06 1.61141e-05 2.75131e-06 7.23151e-06 0.00926378 -0.0170955 -5.97638e-07 1.61141e-05 -0.0170955 0.0846067 
0.00938638 -0.0171098 -9.50062e-06 -1.4474e-05 -0.0171098 0.0841113 -8.92673e-06 4.84646e-05 -9.50062e-06 -8.92673e-06 0.00929064 -0.0171185 -1.4474e-05 4.84646e-05 -0.0171185 0.0847089 
0.00935167 -0.0170687 -2.78304e-05 3.40039e-06 -0.0170687 0.0839953 8.21e-06 3.13447e-05 -2.78304e-05 8.21e-06 0.00929829 -0.0171232 3.40039e-06 3.13447e-05 -0.0171232 0.0846624 
0.00933561 -0.0169787 -2.40285e-05 2.19969e-05 -0.0169787 0.0836448 3.06097e-05 -1.27879e-05 -2.40285e-05 3.06097e-05 0.00926771 -0.0170913 2.19969e-05 -1.27879e-05 -0.0170913 0.0844453 
0.00933412 -0.0169827 -2.30122e-05 1.93903e-05 -0.0169827 0.0835721 2.97297e-05 -3.38244e-05 -2.30122e-05 2.97297e-05 0.00925358 -0.0170804 1.93903e-05 -3.38244e-05 -0.0170804 0.0844134 
0.00935382 -0.0170185 -1.95814e-05 1.77614e-05 -0.0170185 0.0837144 2.60116e-05 -3.0907e-05 -1.95814e-05 2.60116e-05 0.00924467 -0.0170894 1.77614e-05 -3.0907e-05 -0.0170894 0.0845049 
0.00935784 -0.0170558 -2.5548e-05 1.43242e-05 -0.0170558 0.0838823 1.68268e-05 -1.70771e-05 -2.5548e-05 1.68268e-05 0.00924281 -0.017092 1.43242e-05 -1.70771e-05 -0.017092 0.0845962 
0.00932613 -0.0170379 -1.6508e-05 2.24555e-05 -0.0170379 0.0838482 1.71851e-05 -1.32474e-05 -1.6508e-05 1.71851e-05 0.00924032 -0.0170563 2.24555e-05 -1.32474e-05 -0.0170563 0.0844852 
0.00929824 -0.0169755 4.46451e-06 1.33778e-05 -0.0169755 0.0836459 3.5206e-06 5.10763e-06 4.46451e-06 3.5206e-06 0.00922364 -0.0170169 1.33778e-05 5.10763e-06 -0.0170169 0.0842721 
0.00925944 -0.0169091 1.13536e-05 -1.181e-05 -0.0169091 0.0833473 -2.14342e-05 5.26794e-05 1.13536e-05 -2.14342e-05 0.00920862 -0.0169662 -1.181e-05 5.26794e-05 -0.0169662 0.0840012 
0.0092221 -0.0168468 -6.30641e-06 -2.08749e-05 -0.0168468 0.0830645 -3.19608e-05 9.24613e-05 -6.30641e-06 -3.19608e-05 0.00919479 -0.0169281 -2.08749e-05 9.24613e-05 -0.0169281 0.0837552 
0.00919692 -0.0167945 -3.11687e-06 1.02073e-06 -0.0167945 0.0828341 -1.32252e-05 7.57125e-05 -3.11687e-06 -1.32252e-05 0.00917934 -0.0169063 1.02073e-06 7.57125e-05 -0.0169063 0.0835876 
0.00918915 -0.0167655 1.44304e-05 -1.05177e-06 -0.0167655 0.0826921 -1.54497e-05 6.33536e-05 1.44304e-05 -1.54497e-05 0.00916915 -0.016894 -1.05177e-06 6.33536e-05 -0.016894 0.083503 
0.00919058 -0.0167752 2.14916e-05 -2.92187e-05 -0.0167752 0.0827096 -4.04373e-05 0.0001099 2.14916e-05 -4.04373e-05 0.00917173 -0.0169039 -2.92187e-05 0.0001099 -0.0169039 0.0835454 
0.00917304 -0.0167628 2.1373e-05 -4.14128e-05 -0.0167628 0.0826501 -4.92799e-05 0.000153158 2.1373e-05 -4.92799e-05 0.00917266 -0.0168943 -4.14128e-05 0.000153158 -0.0168943 0.0834976 
0.00916948 -0.0167134 2.77849e-06 -3.97634e-05 -0.0167134 0.0824521 -4.40559e-05 0.000160258 2.77849e-06 -4.40559e-05 0.00914653 -0.0168708 -3.97634e-05 0.000160258 -0.0168708 0.0833497 
0.00918089 -0.0167338 -1.0623e-05 -1.77113e-05 -0.0167338 0.0824779 -1.66318e-05 0.000120127 -1.0623e-05 -1.66318e-05 0.00914975 -0.0168706 -1.77113e-05 0.000120127 -0.0168706 0.0833792 
0.00918905 -0.0167755 -1.7542e-05 -2.14676e-06 -0.0167755 0.0826388 2.77127e-06 7.05402e-05 -1.7542e-05 2.77127e-06 0.00916091 -0.0168954 -2.14676e-06 7.05402e-05 -0.0168954 0.0835036 
0.00920926 -0.0167835 -1.76469e-05 7.6218e-06 -0.0167835 0.0827047 1.41293e-05 3.08041e-05 -1.76469e-05 1.41293e-05 0.0091463 -0.0168972 7.6218e-06 3.08041e-05 -0.0168972 0.083532 
0.00924442 -0.016854 -1.94544e-05 8.13171e-06 -0.016854 0.0829958 1.85867e-05 1.04655e-05 -1.94544e-05 1.85867e-05 0.00915622 -0.0169243 8.13171e-06 1.04655e-05 -0.0169243 0.0837411 
0.00925301 -0.0168778 -1.2746e-05 7.98923e-06 -0.0168778 0.0830993 1.97266e-05 3.46837e-06 -1.2746e-05 1.97266e-05 0.00916288 -0.0169105 7.98923e-06 3.46837e-06 -0.0169105 0.0837343 
0.00925677 -0.0168867 -1.53393e-05 4.83711e-07 -0.0168867 0.0831565 1.10691e-05 1.33259e-05 -1.53393e-05 1.10691e-05 0.00917813 -0.0169189 4.83711e-07 1.33259e-05 -0.0169189 0.0837477 
0.00923288 -0.016872 -2.9082e-06 6.09179e-06 -0.016872 0.0830951 1.33517e-05 1.21887e-05 -2.9082e-06 1.33517e-05 0.00918888 -0.0169202 6.09179e-06 1.21887e-05 -0.0169202 0.0837029 
0.00921067 -0.0168079 8.73087e-06 -1.74634e-06 -0.0168079 0.0828494 8.76712e-07 1.72695e-05 8.73087e-06 8.76712e-07 0.00916696 -0.0168987 -1.74634e-06 1.72695e-05 -0.0168987 0.0835305 
0.00921525 -0.0168174 2.72744e-05 -1.30749e-05 -0.0168174 0.0828777 -1.30118e-05 3.85173e-05 2.72744e-05 -1.30118e-05 0.00918393 -0.0169151 -1.30749e-05 3.85173e-05 -0.0169151 0.0836158 
0.00924366 -0.0168863 3.45485e-05 -3.46291e-05 -0.0168863 0.0832184 -3.61156e-05 8.03075e-05 3.45485e-05 -3.61156e-05 0.00923399 -0.0170022 -3.46291e-05 8.03075e-05 -0.0170022 0.0840051 
0.00927096 -0.016933 3.07371e-05 -4.62439e-05 -0.016933 0.0834963 -4.7732e-05 0.000120258 3.07371e-05 -4.7732e-05 0.00927162 -0.017084 -4.62439e-05 0.000120258 -0.017084 0.0843686 
0.00927254 -0.0169354 1.56061e-05 -4.48309e-05 -0.0169354 0.0835351 -4.57037e-05 0.000136213 1.56061e-05 -4.57037e-05 0.00927437 -0.0171099 -4.48309e-05 0.000136213 -0.0171099 0.0844998 
0.00927651 -0.0169148 -9.53566e-07 -2.73615e-05 -0.0169148 0.0834572 -2.98037e-05 0.000115993 -9.53566e-07 -2.98037e-05 0.00924506 -0.0170963 -2.73615e-05 0.000115993 -0.0170963 0.0844788 
0.00926622 -0.0168982 -1.11664e-05 -6.67951e-06 -0.0168982 0.0833267 -9.51816e-06 7.40171e-05 -1.11664e-05 -9.51816e-06 0.00921547 -0.0170343 -6.67951e-06 7.40171e-05 -0.0170343 0.0842933 
0.00923303 -0.0168523 -5.84916e-06 4.79121e-06 -0.0168523 0.0830777 5.01079e-06 3.61996e-05 -5.84916e-06 5.01079e-06 0.00919144 -0.0169492 4.79121e-06 3.61996e-05 -0.0169492 0.08393 
0.0092084 -0.0168064 3.99061e-06 -8.04417e-07 -0.0168064 0.0828722 2.88184e-06 2.5188e-05 3.99061e-06 2.88184e-06 0.00916784 -0.0169089 -8.04417e-07 2.5188e-05 -0.0169089 0.0836791 
0.00919214 -0.0167844 -1.37992e-06 -1.28674e-05 -0.0167844 0.0827614 -7.95633e-06 3.99364e-05 -1.37992e-06 -7.95633e-06 0.00915696 -0.0168843 -1.28674e-05 3.99364e-05 -0.0168843 0.0835486 
0.00917267 -0.0167313 -8.80324e-06 -6.71025e-06 -0.0167313 0.082514 -3.84103e-06 4.24295e-05 -8.80324e-06 -3.84103e-06 0.00912062 -0.0168352 -6.71025e-06 4.24295e-05 -0.0168352 0.0832935 
0.00917452 -0.016709 -4.79319e-06 2.52372e-06 -0.016709 0.0823659 3.77778e-06 2.72313e-05 -4.79319e-06 3.77778e-06 0.00908017 -0.0167899 2.52372e-06 2.72313e-05 -0.0167899 0.0831023 
0.00917282 -0.0167089 5.50328e-06 -1.547e-06 -0.0167089 0.0822766 -2.98632e-06 2.81574e-05 5.50328e-06 -2.98632e-06 0.00904666 -0.0167271 -1.547e-06 2.81574e-05 -0.0167271 0.0828799 
0.009162 -0.0167121 1.64402e-05 -1.39042e-05 -0.0167121 0.082258 -1.42518e-05 4.86698e-05 1.64402e-05 -1.42518e-05 0.00903406 -0.0166898 -1.39042e-05 4.86698e-05 -0.0166898 0.0827298 
0.00916304 -0.0167597 2.84339e-05 -3.07513e-05 -0.0167597 0.0825206 -2.62257e-05 8.22877e-05 2.84339e-05 -2.62257e-05 0.00906846 -0.0167342 -3.07513e-05 8.22877e-05 -0.0167342 0.0829342 
0.00913708 -0.0166972 2.26853e-05 -4.82003e-05 -0.0166972 0.0823218 -3.94198e-05 0.000118962 2.26853e-05 -3.94198e-05 0.00906443 -0.0167104 -4.82003e-05 0.000118962 -0.0167104 0.0827724 
0.00916174 -0.016723 2.66054e-05 -3.96587e-05 -0.016723 0.0824678 -3.17771e-05 0.000121018 2.66054e-05 -3.17771e-05 0.00908044 -0.0167685 -3.96587e-05 0.000121018 -0.0167685 0.083002 
0.00916224 -0.0167464 2.56478e-05 -3.48384e-05 -0.0167464 0.0825534 -3.33366e-05 0.00010546 2.56478e-05 -3.33366e-05 0.00909836 -0.0167837 -3.48384e-05 0.00010546 -0.0167837 0.0831117 
0.0091599 -0.0167439 1.82964e-05 -3.00083e-05 -0.0167439 0.0825881 -3.26786e-05 9.26832e-05 1.82964e-05 -3.26786e-05 0.00910868 -0.0168075 -3.00083e-05 9.26832e-05 -0.0168075 0.0831943 
0.00916999 -0.0167779 3.26763e-06 -1.94285e-05 -0.0167779 0.0827848 -2.29008e-05 6.86901e-05 3.26763e-06 -2.29008e-05 0.00913999 -0.0168604 -1.94285e-05 6.86901e-05 -0.0168604 0.0834513 
0.00916196 -0.0167128 -3.71226e-06 -1.41408e-06 -0.0167128 0.082517 -3.22512e-06 2.76339e-05 -3.71226e-06 -3.22512e-06 0.00910925 -0.0168223 -1.41408e-06 2.76339e-05 -0.0168223 0.08325 
0.00918344 -0.0167284 2.12351e-06 6.71319e-06 -0.0167284 0.0825076 7.54333e-06 -7.08419e-06 2.12351e-06 7.54333e-06 0.00909019 -0.0168094 6.71319e-06 -7.08419e-06 -0.0168094 0.0832263 
0.00920376 -0.0167983 -5.93426e-06 -2.90981e-06 -0.0167983 0.0827525 5.91947e-07 -5.5365e-06 -5.93426e-06 5.91947e-07 0.00911096 -0.0168196 -2.90981e-06 -5.5365e-06 -0.0168196 0.0833518 
0.00920886 -0.0168051 -3.31022e-06 3.02215e-06 -0.0168051 0.0828068 8.52881e-06 -7.56524e-06 -3.31022e-06 8.52881e-06 0.00911063 -0.0168207 3.02215e-06 -7.56524e-06 -0.0168207 0.0833331 
0.00924153 -0.0168434 -6.01416e-06 4.10078e-07 -0.0168434 0.0829967 4.46792e-06 -5.48714e-06 -6.01416e-06 4.46792e-06 0.00911898 -0.0168579 4.10078e-07 -5.48714e-06 -0.0168579 0.0835081 
0.0092485 -0.0168999 9.75053e-06 3.49628e-06 -0.0168999 0.0832253 6.41786e-06 -5.57052e-06 9.75053e-06 6.41786e-06 0.00915117 -0.0168838 3.49628e-06 -5.57052e-06 -0.0168838 0.0836847 
0.00927256 -0.0168829 9.76323e-06 -1.45335e-05 -0.0168829 0.0832232 -1.14756e-05 1.87278e-05 9.76323e-06 -1.14756e-05 0.00913226 -0.0168992 -1.45335e-05 1.87278e-05 -0.0168992 0.0837053 
0.00925487 -0.016881 6.85113e-06 -1.41757e-05 -0.016881 0.0831099 -1.36587e-05 3.5557e-05 6.85113e-06 -1.36587e-05 0.00913191 -0.0168452 -1.41757e-05 3.5557e-05 -0.0168452 0.083532 
0.00919581 -0.0167856 1.25941e-05 -6.6956e-06 -0.0167856 0.0826579 -1.1515e-05 3.14253e-05 1.25941e-05 -1.1515e-05 0.00910033 -0.0167604 -6.6956e-06 3.14253e-05 -0.0167604 0.0830419 
0.0091583 -0.0167356 7.75231e-06 -1.07838e-05 -0.0167356 0.0824416 -1.9694e-05 3.58892e-05 7.75231e-06 -1.9694e-05 0.0091081 -0.0167469 -1.07838e-05 3.58892e-05 -0.0167469 0.0828792 
0.00916023 -0.0167445 9.8522e-07 -5.40208e-06 -0.0167445 0.082537 -1.13604e-05 2.79332e-05 9.8522e-07 -1.13604e-05 0.00915282 -0.0168165 -5.40208e-06 2.79332e-05 -0.0168165 0.083105 
0.00920153 -0.0167901 -5.50988e-06 1.65799e-07 -0.0167901 0.0828074 -1.29529e-06 1.14617e-05 -5.50988e-06 -1.29529e-06 0.00918604 -0.016932 1.65799e-07 1.14617e-05 -0.016932 0.0835669 
0.00922281 -0.0168491 4.0751e-06 5.75323e-06 -0.0168491 0.0830614 7.39847e-06 -5.84283e-06 4.0751e-06 7.39847e-06 0.00922013 -0.0169935 5.75323e-06 -5.84283e-06 -0.0169935 0.083924 
0.00922001 -0.0168634 1.71921e-05 -2.30944e-06 -0.0168634 0.0831674 -2.44767e-06 -2.00086e-06 1.71921e-05 -2.44767e-06 0.00924434 -0.0170245 -2.30944e-06 -2.00086e-06 -0.0170245 0.0840889 
0.00925516 -0.0169082 2.27508e-05 -2.05224e-05 -0.0169082 0.0834499 -2.24216e-05 3.51217e-05 2.27508e-05 -2.24216e-05 0.00927056 -0.0171014 -2.05224e-05 3.51217e-05 -0.0171014 0.0844478 
0.00930038 -0.0170039 1.68882e-05 -2.81517e-05 -0.0170039 0.0839225 -2.89682e-05 6.3959e-05 1.68882e-05 -2.89682e-05 0.00932142 -0.0171987 -2.81517e-05 6.3959e-05 -0.0171987 0.0849765 
0.0093143 -0.017001 1.63295e-05 -2.28129e-05 -0.017001 0.0839429 -1.94527e-05 6.16113e-05 1.63295e-05 -1.94527e-05 0.00931985 -0.017195 -2.28129e-05 6.16113e-05 -0.017195 0.085002 
0.00931924 -0.0170005 2.91506e-05 -2.37204e-05 -0.0170005 0.0838947 -1.64179e-05 5.47669e-05 2.91506e-05 -1.64179e-05 0.00931288 -0.0171691 -2.37204e-05 5.47669e-05 -0.0171691 0.0849085 
0.0093172 -0.0169957 1.42007e-05 -4.06974e-05 -0.0169957 0.0838369 -3.25214e-05 7.85221e-05 1.42007e-05 -3.25214e-05 0.00929589 -0.0171496 -4.06974e-05 7.85221e-05 -0.0171496 0.0848041 
0.00927164 -0.0169268 -1.31251e-06 -2.05673e-05 -0.0169268 0.0834725 -1.74046e-05 6.64801e-05 -1.31251e-06 -1.74046e-05 0.00926745 -0.0170568 -2.05673e-05 6.64801e-05 -0.0170568 0.0843769 
0.00926757 -0.0168694 -2.39509e-05 4.76108e-06 -0.0168694 0.0832136 5.51399e-06 1.19436e-05 -2.39509e-05 5.51399e-06 0.00922253 -0.0170243 4.76108e-06 1.19436e-05 -0.0170243 0.084135 
0.00926937 -0.0168718 -4.46528e-05 3.37535e-05 -0.0168718 0.083123 3.70007e-05 -6.22197e-05 -4.46528e-05 3.70007e-05 0.0091961 -0.0169852 3.37535e-05 -6.22197e-05 -0.0169852 0.0840074 
0.00925254 -0.0168718 -3.62832e-05 5.82449e-05 -0.0168718 0.0830597 6.58557e-05 -0.000137072 -3.62832e-05 6.58557e-05 0.00919002 -0.016939 5.82449e-05 -0.000137072 -0.016939 0.0838333 
0.00923473 -0.0168635 -1.66135e-05 5.06768e-05 -0.0168635 0.0830502 5.70033e-05 -0.000158302 -1.66135e-05 5.70033e-05 0.00920021 -0.0169416 5.06768e-05 -0.000158302 -0.0169416 0.0837895 
0.00921394 -0.0168271 -3.70717e-06 2.48494e-05 -0.0168271 0.0829392 2.60484e-05 -0.000110473 -3.70717e-06 2.60484e-05 0.00919147 -0.016946 2.48494e-05 -0.000110473 -0.016946 0.0837448 
0.00922035 -0.0168313 4.3506e-06 4.09578e-06 -0.0168313 0.0829952 2.6718e-06 -4.36178e-05 4.3506e-06 2.6718e-06 0.00919482 -0.0169693 4.09578e-06 -4.36178e-05 -0.0169693 0.0838695 
0.00923195 -0.0168075 -2.01169e-06 -7.35611e-06 -0.0168075 0.082883 -1.12779e-05 7.52614e-06 -2.01169e-06 -1.12779e-05 0.00916255 -0.0169431 -7.35611e-06 7.52614e-06 -0.0169431 0.0837783 
0.00922366 -0.0168287 -6.90769e-06 1.02891e-06 -0.0168287 0.0828824 -7.4361e-06 1.98088e-05 -6.90769e-06 -7.4361e-06 0.00916031 -0.0169 1.02891e-06 1.98088e-05 -0.0169 0.0836695 
0.00925831 -0.0168855 -9.41686e-06 1.03637e-05 -0.0168855 0.0831881 -3.96891e-08 5.03777e-06 -9.41686e-06 -3.96891e-08 0.00918681 -0.0169508 1.03637e-05 5.03777e-06 -0.0169508 0.0838902 
0.00927362 -0.0169057 8.31068e-06 1.03295e-05 -0.0169057 0.0832762 4.22421e-06 -2.67959e-06 8.31068e-06 4.22421e-06 0.00918868 -0.0169572 1.03295e-05 -2.67959e-06 -0.0169572 0.0839256 
0.00929746 -0.0169346 -3.78558e-06 -1.21161e-05 -0.0169346 0.0833997 -1.40621e-05 2.53062e-05 -3.78558e-06 -1.40621e-05 0.00918659 -0.0169734 -1.21161e-05 2.53062e-05 -0.0169734 0.0840109 
0.00931565 -0.0169492 -1.24496e-05 -3.49501e-06 -0.0169492 0.0834335 -4.26569e-06 3.52124e-05 -1.24496e-05 -4.26569e-06 0.00917459 -0.0169608 -3.49501e-06 3.52124e-05 -0.0169608 0.0839923 
0.00932862 -0.0169808 -5.9586e-06 6.32592e-06 -0.0169808 0.0835296 5.46682e-06 2.09025e-05 -5.9586e-06 5.46682e-06 0.0091739 -0.0169568 6.32592e-06 2.09025e-05 -0.0169568 0.0840145 
0.00932224 -0.016993 4.86755e-06 -1.54347e-06 -0.016993 0.0835789 -4.07976e-06 2.93968e-05 4.86755e-06 -4.07976e-06 0.00918004 -0.0169502 -1.54347e-06 2.93968e-05 -0.0169502 0.0839985 
0.00931746 -0.0169938 5.67706e-07 -1.26581e-05 -0.0169938 0.0836209 -1.63432e-05 5.27382e-05 5.67706e-07 -1.63432e-05 0.00919203 -0.0169585 -1.26581e-05 5.27382e-05 -0.0169585 0.0840192 
0.00927497 -0.016963 -1.16101e-06 -9.36849e-06 -0.016963 0.0835049 -1.06036e-05 5.67203e-05 -1.16101e-06 -1.06036e-05 0.0092069 -0.0169475 -9.36849e-06 5.67203e-05 -0.0169475 0.0839297 
0.00924024 -0.0168924 -7.36809e-06 -5.91413e-06 -0.0168924 0.0832862 -4.35912e-06 4.34767e-05 -7.36809e-06 -4.35912e-06 0.00920735 -0.0169527 -5.91413e-06 4.34767e-05 -0.0169527 0.0838477 
0.0092194 -0.0168505 -1.16222e-05 2.19113e-06 -0.0168505 0.0831357 5.96721e-06 2.10593e-05 -1.16222e-05 5.96721e-06 0.00922403 -0.0169695 2.19113e-06 2.10593e-05 -0.0169695 0.0838745 
0.00922333 -0.0168254 -8.02288e-06 9.66628e-06 -0.0168254 0.0830405 1.12225e-05 4.40154e-07 -8.02288e-06 1.12225e-05 0.00922029 -0.0169975 9.66628e-06 4.40154e-07 -0.0169975 0.0839447 
0.00923965 -0.0168511 -1.6432e-06 9.53494e-06 -0.0168511 0.0831132 6.25665e-06 -7.70658e-06 -1.6432e-06 6.25665e-06 0.00923027 -0.0170186 9.53494e-06 -7.70658e-06 -0.0170186 0.0840843 
0.00925674 -0.0168733 1.60037e-05 3.92558e-06 -0.0168733 0.0831913 -1.59275e-07 -2.79289e-06 1.60037e-05 -1.59275e-07 0.00923318 -0.0170309 3.92558e-06 -2.79289e-06 -0.0170309 0.0841614 
0.00924967 -0.0168678 8.46304e-06 -1.60822e-05 -0.0168678 0.0831253 -1.96795e-05 2.7473e-05 8.46304e-06 -1.96795e-05 0.00922472 -0.0170044 -1.60822e-05 2.7473e-05 -0.0170044 0.0840554 
0.00921407 -0.0168701 -3.8794e-06 -8.70652e-06 -0.0168701 0.0831209 -1.14108e-05 3.24468e-05 -3.8794e-06 -1.14108e-05 0.00924637 -0.0169923 -8.70652e-06 3.24468e-05 -0.0169923 0.0839937 
0.00921047 -0.0168394 -1.29967e-05 4.67596e-06 -0.0168394 0.0831177 6.22052e-06 3.9918e-06 -1.29967e-05 6.22052e-06 0.00925542 -0.0170376 4.67596e-06 3.9918e-06 -0.0170376 0.0840908 
0.00920642 -0.0167945 -1.41598e-05 1.49358e-05 -0.0167945 0.0829163 2.03773e-05 -3.03303e-05 -1.41598e-05 2.03773e-05 0.00922129 -0.0170216 1.49358e-05 -3.03303e-05 -0.0170216 0.0840106 
0.00918163 -0.0167724 -1.86292e-05 1.36975e-05 -0.0167724 0.0827473 2.00581e-05 -3.97685e-05 -1.86292e-05 2.00581e-05 0.00920219 -0.0169726 1.36975e-05 -3.97685e-05 -0.0169726 0.0838582 
0.0091667 -0.0167225 -1.37288e-05 1.82605e-05 -0.0167225 0.0825312 2.68529e-05 -4.98907e-05 -1.37288e-05 2.68529e-05 0.00916256 -0.0169282 1.82605e-05 -4.98907e-05 -0.0169282 0.0836437 
0.00920695 -0.0167988 -1.46727e-05 1.24866e-05 -0.0167988 0.0828664 2.56157e-05 -5.3151e-05 -1.46727e-05 2.56157e-05 0.00916641 -0.0169721 1.24866e-05 -5.3151e-05 -0.0169721 0.0839354 
0.00919274 -0.0167981 1.58605e-06 1.4126e-05 -0.0167981 0.0828463 2.71119e-05 -5.55452e-05 1.58605e-06 2.71119e-05 0.00916039 -0.0169153 1.4126e-05 -5.55452e-05 -0.0169153 0.0837855 
0.00916828 -0.0167854 1.7965e-05 -1.47629e-06 -0.0167854 0.0828272 5.01657e-06 -3.15861e-05 1.7965e-05 5.01657e-06 0.00917058 -0.016898 -1.47629e-06 -3.15861e-05 -0.016898 0.0836787 
0.00916394 -0.0167406 2.54197e-05 -1.95476e-05 -0.0167406 0.0826856 -1.78102e-05 1.36625e-05 2.54197e-05 -1.78102e-05 0.00915545 -0.0168823 -1.95476e-05 1.36625e-05 -0.0168823 0.0835342 
0.00917064 -0.0167228 2.43495e-05 -3.08716e-05 -0.0167228 0.0825553 -2.9748e-05 5.37174e-05 2.43495e-05 -2.9748e-05 0.00912701 -0.016854 -3.08716e-05 5.37174e-05 -0.016854 0.0833946 
0.00915763 -0.0166798 2.74399e-05 -3.21375e-05 -0.0166798 0.0822596 -2.98614e-05 7.22738e-05 2.74399e-05 -2.98614e-05 0.00906598 -0.0167688 -3.21375e-05 7.22738e-05 -0.0167688 0.0830224 
0.00915131 -0.0166958 1.97952e-05 -3.14733e-05 -0.0166958 0.0822428 -3.112e-05 7.25707e-05 1.97952e-05 -3.112e-05 0.00904894 -0.0167142 -3.14733e-05 7.25707e-05 -0.0167142 0.0828418 
0.00913027 -0.0166781 1.66632e-05 -2.15482e-05 -0.0166781 0.0821699 -2.24165e-05 5.72208e-05 1.66632e-05 -2.24165e-05 0.00904284 -0.0166824 -2.15482e-05 5.72208e-05 -0.0166824 0.0826704 
0.00911637 -0.0166469 8.12584e-06 -1.51329e-05 -0.0166469 0.0820595 -1.54517e-05 3.49676e-05 8.12584e-06 -1.54517e-05 0.0090298 -0.0166691 -1.51329e-05 3.49676e-05 -0.0166691 0.0825566 
0.00913635 -0.0166575 1.16003e-06 -4.50322e-06 -0.0166575 0.0821076 -3.77942e-06 8.7133e-06 1.16003e-06 -3.77942e-06 0.00901804 -0.0166782 -4.50322e-06 8.7133e-06 -0.0166782 0.0826084 
0.00916734 -0.0167141 -3.482e-06 4.94285e-06 -0.0167141 0.0823276 6.57728e-06 -2.07465e-05 -3.482e-06 6.57728e-06 0.00902087 -0.0166963 4.94285e-06 -2.07465e-05 -0.0166963 0.0827668 
0.00918508 -0.0167583 2.17036e-07 9.14368e-06 -0.0167583 0.0825151 1.12254e-05 -3.84533e-05 2.17036e-07 1.12254e-05 0.00902379 -0.0166995 9.14368e-06 -3.84533e-05 -0.0166995 0.0828473 
0.0091952 -0.0167858 -9.16158e-06 6.9041e-06 -0.0167858 0.082657 4.12208e-06 -3.74916e-05 -9.16158e-06 4.12208e-06 0.00904117 -0.0167026 6.9041e-06 -3.74916e-05 -0.0167026 0.0828974 
0.00921213 -0.0168024 -1.3386e-05 2.1844e-05 -0.0168024 0.0827671 1.52887e-05 -5.65725e-05 -1.3386e-05 1.52887e-05 0.00904457 -0.0167317 2.1844e-05 -5.65725e-05 -0.0167317 0.0829947 
0.00919824 -0.0167695 -6.15707e-06 2.73057e-05 -0.0167695 0.0825876 2.44494e-05 -8.17362e-05 -6.15707e-06 2.44494e-05 0.0090196 -0.0166872 2.73057e-05 -8.17362e-05 -0.0166872 0.0828051 
0.00918757 -0.0167939 3.77571e-06 1.55811e-05 -0.0167939 0.0826877 2.15154e-05 -8.29146e-05 3.77571e-06 2.15154e-05 0.00904901 -0.0167006 1.55811e-05 -8.29146e-05 -0.0167006 0.0828868 
0.00915217 -0.0167184 3.91576e-06 8.68912e-07 -0.0167184 0.0824096 1.0808e-05 -6.08191e-05 3.91576e-06 1.0808e-05 0.00904219 -0.0166768 8.68912e-07 -6.08191e-05 -0.0166768 0.0826803 
0.00911691 -0.0166818 -4.25885e-06 -1.72134e-07 -0.0166818 0.082253 7.84716e-06 -4.53155e-05 -4.25885e-06 7.84716e-06 0.00905651 -0.0166842 -1.72134e-07 -4.53155e-05 -0.0166842 0.0826465 
