0.00728165 0 -5.29937e-05 0 0 0.0102211 0 0 -5.29937e-05 0 0.00713965 0 0 0 0 0.0102211 
0.0105095 -0.0130413 -6.12072e-05 7.39831e-05 -0.0130413 0.0345828 7.39831e-05 -0.00014198 -6.12072e-05 7.39831e-05 0.010361 -0.012864 7.39831e-05 -0.00014198 -0.012864 0.0342432 
0.0108074 -0.0200908 -4.65089e-05 4.49169e-05 -0.0200908 0.0740393 4.49169e-05 -0.000127756 -4.65089e-05 4.49169e-05 0.0107432 -0.0200631 4.49169e-05 -0.000127756 -0.0200631 0.0740079 
0.00864652 -0.0165946 -1.3417e-05 -2.52884e-05 -0.0165946 0.074326 -2.24398e-05 0.000212493 -1.3417e-05 -2.24398e-05 0.00863037 -0.0168177 -2.52884e-05 0.000212493 -0.0168177 0.0755715 
0.00994001 -0.018455 -8.64979e-06 -5.8229e-05 -0.018455 0.0887387 -5.63086e-05 0.000456768 -8.64979e-06 -5.63086e-05 0.00990791 -0.0187237 -5.8229e-05 0.000456768 -0.0187237 0.0907923 
0.00969939 -0.0177154 4.64327e-06 -4.36864e-05 -0.0177154 0.0866558 -4.80323e-05 0.000412056 4.64327e-06 -4.80323e-05 0.00964492 -0.0178767 -4.36864e-05 0.000412056 -0.0178767 0.0883001 
0.00947976 -0.0172212 1.86197e-05 -4.12323e-05 -0.0172212 0.0845364 -5.12271e-05 0.000327717 1.86197e-05 -5.12271e-05 0.00937163 -0.0173113 -4.12323e-05 0.000327717 -0.0173113 0.085672 
0.00923333 -0.0168179 2.50144e-05 -5.24127e-05 -0.0168179 0.0826094 -6.45886e-05 0.000295401 2.50144e-05 -6.45886e-05 0.00914747 -0.0168311 -5.24127e-05 0.000295401 -0.0168311 0.0833624 
0.0104548 -0.0190245 2.72905e-05 -7.21296e-05 -0.0190245 0.0936176 -8.57746e-05 0.000347032 2.72905e-05 -8.57746e-05 0.0103665 -0.0190703 -7.21296e-05 0.000347032 -0.0190703 0.094345 
0.0102949 -0.0187476 2.63512e-05 -7.43294e-05 -0.0187476 0.0922892 -8.40751e-05 0.0003529 2.63512e-05 -8.40751e-05 0.0102489 -0.0188248 -7.43294e-05 0.0003529 -0.0188248 0.0930585 
0.0101867 -0.0185412 1.43597e-05 -7.73223e-05 -0.0185412 0.0913195 -8.03643e-05 0.000356023 1.43597e-05 -8.03643e-05 0.0101623 -0.0186848 -7.73223e-05 0.000356023 -0.0186848 0.0922387 
0.0101346 -0.0184429 -2.07993e-05 -7.04684e-05 -0.0184429 0.0908258 -6.57258e-05 0.00034627 -2.07993e-05 -6.57258e-05 0.0101105 -0.0186191 -7.04684e-05 0.00034627 -0.0186191 0.091883 
0.0101085 -0.0183912 -4.44995e-05 -2.67717e-05 -0.0183912 0.0905501 -2.13281e-05 0.000272852 -4.44995e-05 -2.13281e-05 0.0100685 -0.0185639 -2.67717e-05 0.000272852 -0.0185639 0.0916523 
0.0100907 -0.018348 -4.28979e-05 6.50556e-06 -0.018348 0.090307 8.2936e-06 0.00018339 -4.28979e-05 8.2936e-06 0.0100243 -0.018491 6.50556e-06 0.00018339 -0.018491 0.0913581 
0.0100694 -0.0183109 -2.85067e-05 1.00578e-05 -0.0183109 0.0900703 7.26661e-06 0.000142333 -2.85067e-05 7.26661e-06 0.0099795 -0.0184076 1.00578e-05 0.000142333 -0.0184076 0.0910021 
0.0100866 -0.0183305 -2.90792e-05 -8.31567e-06 -0.0183305 0.090133 -1.44181e-05 0.000166479 -2.90792e-05 -1.44181e-05 0.00994316 -0.0183897 -8.31567e-06 0.000166479 -0.0183897 0.0909409 
0.0101124 -0.0183601 -2.08507e-05 -1.19921e-05 -0.0183601 0.0902167 -1.59214e-05 0.000189074 -2.08507e-05 -1.59214e-05 0.00990924 -0.0183386 -1.19921e-05 0.000189074 -0.0183386 0.0908255 
0.0100852 -0.0183433 -2.89222e-05 -2.49684e-05 -0.0183433 0.0900508 -2.38345e-05 0.000212766 -2.89222e-05 -2.38345e-05 0.00988431 -0.018232 -2.49684e-05 0.000212766 -0.018232 0.0904046 
0.0100647 -0.0183368 -2.09682e-05 -1.68656e-05 -0.0183368 0.0900469 -1.49881e-05 0.000212766 -2.09682e-05 -1.49881e-05 0.00989744 -0.0182251 -1.68656e-05 0.000212766 -0.0182251 0.0902839 
0.0100239 -0.0182669 -6.58788e-06 -1.98014e-05 -0.0182669 0.0897846 -2.01245e-05 0.000207378 -6.58788e-06 -2.01245e-05 0.00988349 -0.018206 -1.98014e-05 0.000207378 -0.018206 0.0900792 
0.00998867 -0.0182037 2.23504e-05 -3.64677e-05 -0.0182037 0.0895206 -3.64384e-05 0.000230402 2.23504e-05 -3.64384e-05 0.00986301 -0.018182 -3.64677e-05 0.000230402 -0.018182 0.0899178 
0.00992957 -0.0181403 4.45515e-05 -7.37806e-05 -0.0181403 0.0892341 -7.07734e-05 0.000297452 4.45515e-05 -7.07734e-05 0.00985621 -0.0181409 -7.37806e-05 0.000297452 -0.0181409 0.0897149 
0.00989972 -0.0181218 5.51992e-05 -0.000101818 -0.0181218 0.0892549 -9.6269e-05 0.000370617 5.51992e-05 -9.6269e-05 0.00988499 -0.0181827 -0.000101818 0.000370617 -0.0181827 0.0898539 
0.00988534 -0.0180727 3.5829e-05 -0.00011438 -0.0180727 0.0891482 -0.000110503 0.000418705 3.5829e-05 -0.000110503 0.00988442 -0.0182062 -0.00011438 0.000418705 -0.0182062 0.0899123 
0.00987937 -0.0180493 -1.07283e-05 -8.84832e-05 -0.0180493 0.0890566 -8.66322e-05 0.000394764 -1.07283e-05 -8.66322e-05 0.00987555 -0.0182056 -8.84832e-05 0.000394764 -0.0182056 0.0899331 
0.00985905 -0.0180003 -2.54708e-05 -2.94998e-05 -0.0180003 0.0887996 -2.86322e-05 0.000284868 -2.54708e-05 -2.86322e-05 0.00985531 -0.0181461 -2.94998e-05 0.000284868 -0.0181461 0.0896872 
0.00987297 -0.018033 -2.55236e-05 -5.84286e-06 -0.018033 0.0889245 -3.19529e-06 0.00018547 -2.55236e-05 -3.19529e-06 0.00986841 -0.018169 -5.84286e-06 0.00018547 -0.018169 0.089783 
0.00990666 -0.0180825 -2.2485e-05 -4.47455e-06 -0.0180825 0.0891702 1.6513e-06 0.000140552 -2.2485e-05 1.6513e-06 0.00989158 -0.0182207 -4.47455e-06 0.000140552 -0.0182207 0.090022 
0.00994381 -0.0181574 -2.87791e-05 -8.82649e-06 -0.0181574 0.0895146 -1.87706e-06 0.000132786 -2.87791e-05 -1.87706e-06 0.00992016 -0.0182861 -8.82649e-06 0.000132786 -0.0182861 0.0903544 
0.00995906 -0.0181514 -2.41843e-05 -1.42878e-06 -0.0181514 0.0894968 5.13324e-06 0.000120964 -2.41843e-05 5.13324e-06 0.00990259 -0.0182754 -1.42878e-06 0.000120964 -0.0182754 0.0903309 
0.00995987 -0.0181607 -1.6196e-05 -7.20795e-06 -0.0181607 0.0894735 2.00147e-06 0.000118883 -1.6196e-05 2.00147e-06 0.00990644 -0.0182495 -7.20795e-06 0.000118883 -0.0182495 0.0902596 
0.00994656 -0.0181212 -6.37132e-06 -2.00981e-05 -0.0181212 0.0892664 -7.30391e-06 0.000136906 -6.37132e-06 -7.30391e-06 0.00988348 -0.0182139 -2.00981e-05 0.000136906 -0.0182139 0.090034 
0.00996979 -0.0181623 -9.20146e-06 -3.34157e-05 -0.0181623 0.089426 -1.88591e-05 0.000164601 -9.20146e-06 -1.88591e-05 0.00989719 -0.0182489 -3.34157e-05 0.000164601 -0.0182489 0.0901953 
0.010049 -0.0182164 -3.15984e-06 -2.82624e-05 -0.0182164 0.0896811 -1.52929e-05 0.000168587 -3.15984e-06 -1.52929e-05 0.00987846 -0.0183072 -2.82624e-05 0.000168587 -0.0183072 0.0904795 
0.0101145 -0.0183636 -1.29777e-07 -2.65893e-05 -0.0183636 0.0901826 -1.82562e-05 0.000159682 -1.29777e-07 -1.82562e-05 0.00990434 -0.0183275 -2.65893e-05 0.000159682 -0.0183275 0.0907962 
0.0101171 -0.018414 2.07202e-06 -2.4926e-05 -0.018414 0.0903903 -2.33792e-05 0.000154682 2.07202e-06 -2.33792e-05 0.00992991 -0.0183209 -2.4926e-05 0.000154682 -0.0183209 0.0908049 
0.0101129 -0.0183964 3.10974e-07 -2.57224e-05 -0.0183964 0.0903788 -2.63642e-05 0.000153774 3.10974e-07 -2.63642e-05 0.00995109 -0.0183311 -2.57224e-05 0.000153774 -0.0183311 0.0907642 
0.0101048 -0.0183922 -6.20677e-06 -2.44194e-05 -0.0183922 0.0903738 -2.58441e-05 0.000153226 -6.20677e-06 -2.58441e-05 0.00997064 -0.0183701 -2.44194e-05 0.000153226 -0.0183701 0.0908476 
0.0101126 -0.0184021 -1.14075e-05 -1.54643e-05 -0.0184021 0.0904566 -1.694e-05 0.000137788 -1.14075e-05 -1.694e-05 0.00999043 -0.0184205 -1.54643e-05 0.000137788 -0.0184205 0.0910455 
0.0101388 -0.018457 -3.3808e-05 -1.3178e-05 -0.018457 0.0907383 -1.24869e-05 0.000128292 -3.3808e-05 -1.24869e-05 0.0100178 -0.0184957 -1.3178e-05 0.000128292 -0.0184957 0.0914175 
0.0101438 -0.0184713 -2.49647e-05 8.58265e-06 -0.0184713 0.0908316 7.11673e-06 0.000103285 -2.49647e-05 7.11673e-06 0.0100345 -0.0185101 8.58265e-06 0.000103285 -0.0185101 0.091544 
0.0101239 -0.0184205 -2.12188e-05 2.75588e-06 -0.0184205 0.0906099 -4.75836e-06 0.000102088 -2.12188e-05 -4.75836e-06 0.0100111 -0.0184703 2.75588e-06 0.000102088 -0.0184703 0.0913421 
0.0101328 -0.0184174 -3.31646e-05 -3.87722e-06 -0.0184174 0.0905751 -1.55143e-05 0.000127348 -3.31646e-05 -1.55143e-05 0.00999875 -0.0184592 -3.87722e-06 0.000127348 -0.0184592 0.0913002 
0.0101336 -0.018441 -6.01444e-05 1.22432e-05 -0.018441 0.0906363 2.7783e-07 0.000112583 -6.01444e-05 2.7783e-07 0.0100108 -0.0184516 1.22432e-05 0.000112583 -0.0184516 0.0913 
0.0100737 -0.0183938 -5.2377e-05 4.42494e-05 -0.0183938 0.0904247 3.15331e-05 5.5762e-05 -5.2377e-05 3.15331e-05 0.0100237 -0.0184126 4.42494e-05 5.5762e-05 -0.0184126 0.0910612 
0.010009 -0.0182879 -3.59102e-05 3.36793e-05 -0.0182879 0.0900535 2.54339e-05 3.96469e-05 -3.59102e-05 2.54339e-05 0.0100234 -0.0184 3.36793e-05 3.96469e-05 -0.0184 0.0908316 
0.0100157 -0.018267 -1.35274e-05 8.67132e-06 -0.018267 0.0900554 6.85763e-06 7.70122e-05 -1.35274e-05 6.85763e-06 0.0100341 -0.0184744 8.67132e-06 7.70122e-05 -0.0184744 0.0910794 
0.0100078 -0.0182223 -5.00575e-07 -2.29199e-05 -0.0182223 0.0898177 -2.14227e-05 0.000145137 -5.00575e-07 -2.14227e-05 0.00999886 -0.0184406 -2.29199e-05 0.000145137 -0.0184406 0.0909702 
0.00999916 -0.0182249 1.16117e-06 -4.20882e-05 -0.0182249 0.0897543 -3.98561e-05 0.000208654 1.16117e-06 -3.98561e-05 0.0099971 -0.0184004 -4.20882e-05 0.000208654 -0.0184004 0.0908665 
0.00999789 -0.0182315 -6.01694e-06 -4.08818e-05 -0.0182315 0.0897964 -4.2163e-05 0.000232166 -6.01694e-06 -4.2163e-05 0.00999462 -0.0184127 -4.08818e-05 0.000232166 -0.0184127 0.0908847 
0.0100224 -0.0182294 -1.86906e-05 -2.84304e-05 -0.0182294 0.0898035 -3.61241e-05 0.000223161 -1.86906e-05 -3.61241e-05 0.00996367 -0.0184075 -2.84304e-05 0.000223161 -0.0184075 0.0908818 
0.0100352 -0.0182308 -2.10286e-05 -1.19045e-05 -0.0182308 0.0897066 -2.24058e-05 0.000193298 -2.10286e-05 -2.24058e-05 0.00993467 -0.0183363 -1.19045e-05 0.000193298 -0.0183363 0.0906616 
0.0100147 -0.0182573 -2.89227e-05 -1.12849e-05 -0.0182573 0.0897313 -1.58775e-05 0.00017447 -2.89227e-05 -1.58775e-05 0.00994476 -0.0183002 -1.12849e-05 0.00017447 -0.0183002 0.0905118 
0.0100005 -0.018271 -4.83441e-05 -4.24451e-06 -0.018271 0.0898835 -1.83871e-06 0.000151873 -4.83441e-05 -1.83871e-06 0.00997574 -0.0183451 -4.24451e-06 0.000151873 -0.0183451 0.0906308 
0.00999812 -0.0182676 -5.65188e-05 2.03133e-05 -0.0182676 0.0899865 2.7398e-05 9.75425e-05 -5.65188e-05 2.7398e-05 0.00999465 -0.0183992 2.03133e-05 9.75425e-05 -0.0183992 0.0908273 
0.0100178 -0.0182595 -4.41394e-05 3.1374e-05 -0.0182595 0.090012 4.05285e-05 4.92129e-05 -4.41394e-05 4.05285e-05 0.00997858 -0.0184232 3.1374e-05 4.92129e-05 -0.0184232 0.0909546 
0.0100335 -0.0182766 -3.5757e-05 1.8985e-05 -0.0182766 0.0900403 2.8134e-05 4.61838e-05 -3.5757e-05 2.8134e-05 0.00995147 -0.0183999 1.8985e-05 4.61838e-05 -0.0183999 0.0909616 
0.0100234 -0.0182604 -1.95232e-05 9.59208e-06 -0.0182604 0.0899107 1.45582e-05 6.77758e-05 -1.95232e-05 1.45582e-05 0.00993089 -0.0183209 9.59208e-06 6.77758e-05 -0.0183209 0.0906976 
0.0100069 -0.0182652 -1.19268e-05 -1.11678e-05 -0.0182652 0.089914 -1.0926e-05 0.000116307 -1.19268e-05 -1.0926e-05 0.00994423 -0.0183056 -1.11678e-05 0.000116307 -0.0183056 0.0905995 
0.00997812 -0.0181475 -3.32856e-06 -1.925e-05 -0.0181475 0.0894036 -2.09712e-05 0.000151313 -3.32856e-06 -2.09712e-05 0.00987609 -0.0182265 -1.925e-05 0.000151313 -0.0182265 0.0901133 
0.00999836 -0.0181936 8.04673e-07 -2.87879e-05 -0.0181936 0.0895098 -2.96188e-05 0.000174706 8.04673e-07 -2.96188e-05 0.00987931 -0.018229 -2.87879e-05 0.000174706 -0.018229 0.0901835 
0.00999999 -0.018204 -1.99511e-06 -3.44283e-05 -0.018204 0.0895271 -3.01343e-05 0.000185931 -1.99511e-06 -3.01343e-05 0.00987335 -0.0182173 -3.44283e-05 0.000185931 -0.0182173 0.0901354 
0.0100286 -0.0182856 -2.69026e-05 -3.12777e-05 -0.0182856 0.0899268 -2.41626e-05 0.000180552 -2.69026e-05 -2.41626e-05 0.00991216 -0.0182934 -3.12777e-05 0.000180552 -0.0182934 0.0905102 
0.0100143 -0.0182727 -4.65921e-05 6.84456e-07 -0.0182727 0.0899237 6.41634e-06 0.000127308 -4.65921e-05 6.41634e-06 0.00991799 -0.0182911 6.84456e-07 0.000127308 -0.0182911 0.0905142 
0.0100242 -0.0182395 -3.72054e-05 2.75121e-05 -0.0182395 0.089819 3.16147e-05 5.70465e-05 -3.72054e-05 3.16147e-05 0.00990177 -0.0182834 2.75121e-05 5.70465e-05 -0.0182834 0.090456 
0.0100822 -0.0183606 -3.41593e-05 1.6909e-05 -0.0183606 0.0903357 1.97486e-05 4.632e-05 -3.41593e-05 1.97486e-05 0.00995339 -0.0183803 1.6909e-05 4.632e-05 -0.0183803 0.0909707 
0.0101045 -0.018418 -2.86077e-05 9.90219e-06 -0.018418 0.0906138 8.29279e-06 7.0949e-05 -2.86077e-05 8.29279e-06 0.00999445 -0.0184226 9.90219e-06 7.0949e-05 -0.0184226 0.0912062 
0.0101029 -0.0184064 -2.81297e-05 3.54338e-06 -0.0184064 0.0906012 -5.7176e-06 0.000103421 -2.81297e-05 -5.7176e-06 0.0100123 -0.0184398 3.54338e-06 0.000103421 -0.0184398 0.0912262 
0.0101156 -0.0184314 -2.17915e-05 3.18689e-06 -0.0184314 0.0907266 -1.03272e-05 0.000125005 -2.17915e-05 -1.03272e-05 0.0100499 -0.0184915 3.18689e-06 0.000125005 -0.0184915 0.0914193 
0.0101352 -0.0184746 -2.92019e-05 -5.27225e-06 -0.0184746 0.0909506 -1.70234e-05 0.000144719 -2.92019e-05 -1.70234e-05 0.0100909 -0.0185724 -5.27225e-06 0.000144719 -0.0185724 0.0917411 
0.0101057 -0.0184328 -2.52102e-05 -6.74264e-07 -0.0184328 0.090771 -8.72542e-06 0.000147123 -2.52102e-05 -8.72542e-06 0.0100919 -0.0185612 -6.74264e-07 0.000147123 -0.0185612 0.0916561 
0.0100765 -0.0183646 -2.71281e-05 -5.87492e-06 -0.0183646 0.0904894 -9.43025e-06 0.000147454 -2.71281e-05 -9.43025e-06 0.0100736 -0.0185451 -5.87492e-06 0.000147454 -0.0185451 0.0915139 
0.010054 -0.0183182 -1.84389e-05 -6.92543e-06 -0.0183182 0.0902617 -7.84242e-06 0.000152345 -1.84389e-05 -7.84242e-06 0.0100568 -0.0185217 -6.92543e-06 0.000152345 -0.0185217 0.0913973 
0.0100634 -0.0183189 -1.80427e-05 -1.83132e-05 -0.0183189 0.0902505 -1.70124e-05 0.000169154 -1.80427e-05 -1.70124e-05 0.0100566 -0.0185237 -1.83132e-05 0.000169154 -0.0185237 0.0914245 
0.0100842 -0.0183561 -9.12297e-06 -2.15224e-05 -0.0183561 0.0903853 -1.74097e-05 0.000183068 -9.12297e-06 -1.74097e-05 0.0100586 -0.0185435 -2.15224e-05 0.000183068 -0.0185435 0.0915374 
0.0100752 -0.0183568 -6.72736e-06 -3.68339e-05 -0.0183568 0.0903586 -3.00134e-05 0.000212007 -6.72736e-06 -3.00134e-05 0.0100401 -0.0185137 -3.68339e-05 0.000212007 -0.0185137 0.0914405 
0.0100773 -0.018335 -8.3054e-06 -4.29971e-05 -0.018335 0.0902684 -3.43139e-05 0.000238086 -8.3054e-06 -3.43139e-05 0.00999883 -0.0184718 -4.29971e-05 0.000238086 -0.0184718 0.0912737 
0.0100704 -0.018342 -2.49492e-05 -4.23313e-05 -0.018342 0.090247 -3.3944e-05 0.000248001 -2.49492e-05 -3.3944e-05 0.00999306 -0.0184192 -4.23313e-05 0.000248001 -0.0184192 0.0911195 
0.0100808 -0.0183553 -1.66042e-05 -1.88534e-05 -0.0183553 0.0903256 -1.2957e-05 0.000214166 -1.66042e-05 -1.2957e-05 0.0099933 -0.018424 -1.88534e-05 0.000214166 -0.018424 0.0911102 
0.010109 -0.0183327 -7.33496e-06 -2.14789e-05 -0.0183327 0.0902055 -1.78458e-05 0.000194159 -7.33496e-06 -1.78458e-05 0.00994962 -0.0183954 -2.14789e-05 0.000194159 -0.0183954 0.0909623 
0.010107 -0.0183738 -1.02355e-05 -2.8633e-05 -0.0183738 0.0902397 -2.43165e-05 0.000194227 -1.02355e-05 -2.43165e-05 0.00994107 -0.0183529 -2.8633e-05 0.000194227 -0.0183529 0.0908644 
0.0101 -0.0184246 -6.78141e-06 -2.38739e-05 -0.0184246 0.0904972 -1.74119e-05 0.000181934 -6.78141e-06 -1.74119e-05 0.00998305 -0.0183809 -2.38739e-05 0.000181934 -0.0183809 0.0910011 
0.010094 -0.0183974 -1.04635e-05 -2.33999e-05 -0.0183974 0.0905115 -1.72736e-05 0.000166953 -1.04635e-05 -1.72736e-05 0.00999117 -0.0184212 -2.33999e-05 0.000166953 -0.0184212 0.0910862 
0.0101138 -0.0184087 -1.39304e-07 -1.5314e-05 -0.0184087 0.0905977 -1.31557e-05 0.000148482 -1.39304e-07 -1.31557e-05 0.00998951 -0.0184565 -1.5314e-05 0.000148482 -0.0184565 0.0912667 
0.0101417 -0.0184409 2.71495e-06 -2.85101e-05 -0.0184409 0.090726 -2.72495e-05 0.000161001 2.71495e-06 -2.72495e-05 0.00998416 -0.018467 -2.85101e-05 0.000161001 -0.018467 0.0914008 
0.0101372 -0.0184364 1.29188e-05 -3.74452e-05 -0.0184364 0.0906547 -3.41343e-05 0.000187752 1.29188e-05 -3.41343e-05 0.00997489 -0.0184187 -3.74452e-05 0.000187752 -0.0184187 0.0912484 
0.0100753 -0.018375 1.67681e-05 -4.89459e-05 -0.018375 0.0903428 -4.60964e-05 0.000214391 1.67681e-05 -4.60964e-05 0.00998296 -0.0183521 -4.89459e-05 0.000214391 -0.0183521 0.0908892 
0.0100417 -0.0182911 2.49964e-05 -5.07674e-05 -0.0182911 0.0900356 -5.00542e-05 0.000227036 2.49964e-05 -5.00542e-05 0.00997794 -0.0183537 -5.07674e-05 0.000227036 -0.0183537 0.0907025 
0.0100404 -0.0182901 6.74066e-06 -6.11289e-05 -0.0182901 0.0900303 -6.0477e-05 0.000247031 6.74066e-06 -6.0477e-05 0.010005 -0.0184007 -6.11289e-05 0.000247031 -0.0184007 0.0908564 
0.0100386 -0.0183141 -1.3398e-05 -3.70548e-05 -0.0183141 0.0901549 -3.74925e-05 0.000218806 -1.3398e-05 -3.74925e-05 0.010039 -0.0184626 -3.70548e-05 0.000218806 -0.0184626 0.0911061 
0.0100381 -0.0183231 -2.81513e-05 -8.57467e-06 -0.0183231 0.0902628 -1.38669e-05 0.000158739 -2.81513e-05 -1.38669e-05 0.0100599 -0.018517 -8.57467e-06 0.000158739 -0.018517 0.091339 
0.0100223 -0.0182977 -2.47345e-05 8.18592e-06 -0.0182977 0.0901959 1.87497e-06 0.000109248 -2.47345e-05 1.87497e-06 0.0100653 -0.0185229 8.18592e-06 0.000109248 -0.0185229 0.0913779 
0.0100295 -0.0182599 -1.68584e-05 5.84749e-06 -0.0182599 0.0900519 2.54412e-06 8.80771e-05 -1.68584e-05 2.54412e-06 0.010037 -0.0185128 5.84749e-06 8.80771e-05 -0.0185128 0.0913193 
0.0100137 -0.0182785 -8.22703e-06 -4.95865e-06 -0.0182785 0.0900477 -7.34791e-06 9.94219e-05 -8.22703e-06 -7.34791e-06 0.0100398 -0.0184846 -4.95865e-06 9.94219e-05 -0.0184846 0.0912768 
0.010057 -0.0183503 -1.71431e-05 -1.75238e-05 -0.0183503 0.0904663 -1.94795e-05 0.000128055 -1.71431e-05 -1.94795e-05 0.0100722 -0.018573 -1.75238e-05 0.000128055 -0.018573 0.0916819 
0.0100756 -0.0183248 -2.65301e-05 -1.12405e-05 -0.0183248 0.0903598 -1.37689e-05 0.000138793 -2.65301e-05 -1.37689e-05 0.0100342 -0.0185393 -1.12405e-05 0.000138793 -0.0185393 0.0915708 
0.0100825 -0.0183273 -3.73309e-05 -1.87268e-06 -0.0183273 0.0902482 -5.04719e-06 0.000129654 -3.73309e-05 -5.04719e-06 0.0100063 -0.0184695 -1.87268e-06 0.000129654 -0.0184695 0.0913393 
0.0101207 -0.0183811 -5.01328e-05 9.27791e-06 -0.0183811 0.0904274 4.09785e-06 0.000113911 -5.01328e-05 4.09785e-06 0.0100085 -0.0184704 9.27791e-06 0.000113911 -0.0184704 0.0913628 
0.0101407 -0.0184184 -5.11406e-05 2.20809e-05 -0.0184184 0.0905245 1.59693e-05 9.49385e-05 -5.11406e-05 1.59693e-05 0.00999053 -0.0184571 2.20809e-05 9.49385e-05 -0.0184571 0.0913099 
0.0101544 -0.0184632 -5.22155e-05 2.37931e-05 -0.0184632 0.0906934 1.70534e-05 8.60098e-05 -5.22155e-05 1.70534e-05 0.00997534 -0.0184472 2.37931e-05 8.60098e-05 -0.0184472 0.091322 
0.0101303 -0.018433 -3.7097e-05 2.58681e-05 -0.018433 0.090558 2.01899e-05 7.9833e-05 -3.7097e-05 2.01899e-05 0.00995038 -0.0183798 2.58681e-05 7.9833e-05 -0.0183798 0.0910601 
0.0100866 -0.0183704 -2.54203e-05 9.38584e-06 -0.0183704 0.0902808 5.51392e-06 9.74251e-05 -2.54203e-05 5.51392e-06 0.00993979 -0.0183109 9.38584e-06 9.74251e-05 -0.0183109 0.090714 
0.0100624 -0.0183164 -1.84197e-05 -7.20565e-06 -0.0183164 0.0900675 -8.59829e-06 0.000131663 -1.84197e-05 -8.59829e-06 0.0099218 -0.0182999 -7.20565e-06 0.000131663 -0.0182999 0.0905486 
0.0100465 -0.0182957 -3.08699e-05 -1.48523e-05 -0.0182957 0.0899603 -1.43858e-05 0.000155123 -3.08699e-05 -1.43858e-05 0.00991448 -0.0182844 -1.48523e-05 0.000155123 -0.0182844 0.0904746 
0.0100411 -0.0182805 -3.22501e-06 1.68978e-06 -0.0182805 0.0899045 2.71021e-06 0.000134291 -3.22501e-06 2.71021e-06 0.00990794 -0.0182794 1.68978e-06 0.000134291 -0.0182794 0.0904405 
0.0100396 -0.0182945 1.73758e-05 -2.68161e-05 -0.0182945 0.0899626 -2.71222e-05 0.000157444 1.73758e-05 -2.71222e-05 0.00991245 -0.0182856 -2.68161e-05 0.000157444 -0.0182856 0.0904863 
0.0100238 -0.0182718 3.31896e-05 -5.39411e-05 -0.0182718 0.0898829 -5.40992e-05 0.000219135 3.31896e-05 -5.40992e-05 0.00989973 -0.0182671 -5.39411e-05 0.000219135 -0.0182671 0.0903996 
0.00999165 -0.0182623 3.95536e-05 -7.60834e-05 -0.0182623 0.0898693 -7.4047e-05 0.000279456 3.95536e-05 -7.4047e-05 0.00991552 -0.0182641 -7.60834e-05 0.000279456 -0.0182641 0.0903969 
0.00994949 -0.0181728 2.70143e-05 -8.27191e-05 -0.0181728 0.0895578 -8.44354e-05 0.000315428 2.70143e-05 -8.44354e-05 0.00989537 -0.0182325 -8.27191e-05 0.000315428 -0.0182325 0.0901767 
0.00994646 -0.018119 1.50557e-06 -6.7113e-05 -0.018119 0.0893374 -6.85416e-05 0.000303151 1.50557e-06 -6.85416e-05 0.0098568 -0.0182199 -6.7113e-05 0.000303151 -0.0182199 0.0900862 
0.00994444 -0.0181114 -5.29115e-06 -3.8654e-05 -0.0181114 0.0892117 -3.38154e-05 0.000243259 -5.29115e-06 -3.38154e-05 0.00982454 -0.0181651 -3.8654e-05 0.000243259 -0.0181651 0.0899359 
0.00991529 -0.0181116 -1.03891e-05 -3.08884e-05 -0.0181116 0.0891648 -2.03965e-05 0.00019654 -1.03891e-05 -2.03965e-05 0.00983543 -0.0181213 -3.08884e-05 0.00019654 -0.0181213 0.0897849 
0.00991558 -0.0181327 -1.88382e-05 -2.48349e-05 -0.0181327 0.0893683 -1.4634e-05 0.000173526 -1.88382e-05 -1.4634e-05 0.00986275 -0.0181899 -2.48349e-05 0.000173526 -0.0181899 0.0900129 
0.00988489 -0.0180354 -1.36693e-05 -1.43271e-05 -0.0180354 0.0889782 -8.68008e-06 0.000153564 -1.36693e-05 -8.68008e-06 0.00981964 -0.0181287 -1.43271e-05 0.000153564 -0.0181287 0.0897065 
0.00989738 -0.0180086 -1.14439e-05 -1.52309e-05 -0.0180086 0.0887885 -1.60726e-05 0.000149445 -1.14439e-05 -1.60726e-05 0.00978119 -0.0180803 -1.52309e-05 0.000149445 -0.0180803 0.0895104 
0.00993241 -0.0180784 -2.9383e-05 -1.44845e-05 -0.0180784 0.089003 -2.11718e-05 0.000153834 -2.9383e-05 -2.11718e-05 0.00978758 -0.0180904 -1.44845e-05 0.000153834 -0.0180904 0.0896227 
0.00996325 -0.0181558 -3.47249e-05 7.22442e-06 -0.0181558 0.0893235 -8.9587e-07 0.000123547 -3.47249e-05 -8.9587e-07 0.00981684 -0.0181198 7.22442e-06 0.000123547 -0.0181198 0.0897995 
0.0100093 -0.0182575 -4.5915e-05 1.70922e-05 -0.0182575 0.0898317 1.05365e-05 8.5453e-05 -4.5915e-05 1.05365e-05 0.00987522 -0.0182142 1.70922e-05 8.5453e-05 -0.0182142 0.0902312 
0.0100078 -0.0182908 -5.08248e-05 3.01882e-05 -0.0182908 0.0900374 2.52728e-05 4.99986e-05 -5.08248e-05 2.52728e-05 0.0099312 -0.0182679 3.01882e-05 4.99986e-05 -0.0182679 0.0904518 
0.00999298 -0.01827 -4.18494e-05 3.18671e-05 -0.01827 0.0900418 2.91793e-05 3.33888e-05 -4.18494e-05 2.91793e-05 0.00995684 -0.018325 3.18671e-05 3.33888e-05 -0.018325 0.0905995 
0.0100044 -0.0182667 -8.84219e-06 1.72912e-05 -0.0182667 0.0901007 1.82173e-05 5.0806e-05 -8.84219e-06 1.82173e-05 0.00997681 -0.0183841 1.72912e-05 5.0806e-05 -0.0183841 0.0908414 
0.0100118 -0.018257 6.27775e-07 -2.61519e-05 -0.018257 0.0900517 -2.58037e-05 0.000133868 6.27775e-07 -2.58037e-05 0.00997422 -0.0183982 -2.61519e-05 0.000133868 -0.0183982 0.0909215 
0.0100243 -0.0182661 6.48702e-06 -3.92554e-05 -0.0182661 0.0900577 -4.17241e-05 0.0002019 6.48702e-06 -4.17241e-05 0.0099732 -0.0183986 -3.92554e-05 0.0002019 -0.0183986 0.0909662 
0.0100658 -0.0183285 -5.32e-06 -4.80852e-05 -0.0183285 0.0903135 -5.11644e-05 0.000241434 -5.32e-06 -5.11644e-05 0.00997738 -0.0184383 -4.80852e-05 0.000241434 -0.0184383 0.0911941 
0.0100738 -0.0183256 -1.13631e-05 -3.33755e-05 -0.0183256 0.0902473 -3.24833e-05 0.000228271 -1.13631e-05 -3.24833e-05 0.00995839 -0.0183874 -3.33755e-05 0.000228271 -0.0183874 0.0910326 
0.0100672 -0.0183031 -1.73073e-05 -2.59734e-05 -0.0183031 0.0900751 -2.06681e-05 0.000198931 -1.73073e-05 -2.06681e-05 0.00994605 -0.0183325 -2.59734e-05 0.000198931 -0.0183325 0.0907681 
0.0100726 -0.0183326 -1.21731e-05 -1.94809e-05 -0.0183326 0.0901558 -1.26269e-05 0.000176427 -1.21731e-05 -1.26269e-05 0.00998199 -0.0183504 -1.94809e-05 0.000176427 -0.0183504 0.0907925 
0.0101102 -0.0184452 -2.35841e-05 -2.33106e-05 -0.0184452 0.0907087 -2.1597e-05 0.000179567 -2.35841e-05 -2.1597e-05 0.0100622 -0.0184963 -2.33106e-05 0.000179567 -0.0184963 0.0913752 
0.0101534 -0.0185095 -4.0549e-05 -9.05137e-06 -0.0185095 0.0911196 -1.05723e-05 0.000166785 -4.0549e-05 -1.05723e-05 0.0101015 -0.0186175 -9.05137e-06 0.000166785 -0.0186175 0.0919005 
0.0101459 -0.018478 -4.59327e-05 1.00379e-05 -0.018478 0.0909833 7.2503e-06 0.000132648 -4.59327e-05 7.2503e-06 0.0100852 -0.0185902 1.00379e-05 0.000132648 -0.0185902 0.0918336 
0.0101554 -0.0184457 -4.56562e-05 1.67765e-05 -0.0184457 0.0907982 1.20179e-05 0.000110924 -4.56562e-05 1.20179e-05 0.0100479 -0.0185456 1.67765e-05 0.000110924 -0.0185456 0.091647 
0.0101522 -0.0184371 -3.13033e-05 1.70395e-05 -0.0184371 0.0906379 1.03898e-05 0.000106157 -3.13033e-05 1.03898e-05 0.010021 -0.0184833 1.70395e-05 0.000106157 -0.0184833 0.0914066 
0.010103 -0.0183921 -7.29952e-06 -4.45841e-08 -0.0183921 0.0903578 -7.06404e-06 0.000132239 -7.29952e-06 -7.06404e-06 0.0100044 -0.0184109 -4.45841e-08 0.000132239 -0.0184109 0.0910442 
0.0100835 -0.0183642 2.77097e-07 -3.02268e-05 -0.0183642 0.0902894 -3.72006e-05 0.000193409 2.77097e-07 -3.72006e-05 0.00999626 -0.018427 -3.02268e-05 0.000193409 -0.018427 0.0910221 
0.0100733 -0.0183288 9.09463e-06 -4.27048e-05 -0.0183288 0.0901681 -4.66269e-05 0.000241032 9.09463e-06 -4.66269e-05 0.00997619 -0.0184214 -4.27048e-05 0.000241032 -0.0184214 0.0910044 
0.0100642 -0.0182983 1.09878e-05 -5.37174e-05 -0.0182983 0.0900015 -5.55929e-05 0.000270641 1.09878e-05 -5.55929e-05 0.00994987 -0.0183761 -5.37174e-05 0.000270641 -0.0183761 0.0908524 
0.0100855 -0.0183475 3.68946e-06 -5.60522e-05 -0.0183475 0.0902 -5.9954e-05 0.000288817 3.68946e-06 -5.9954e-05 0.00996474 -0.0183919 -5.60522e-05 0.000288817 -0.0183919 0.0909801 
0.0100843 -0.0183626 1.7923e-06 -4.58541e-05 -0.0183626 0.0902597 -5.25231e-05 0.000283796 1.7923e-06 -5.25231e-05 0.00997225 -0.0183788 -4.58541e-05 0.000283796 -0.0183788 0.0909337 
0.0100749 -0.0183618 -5.68799e-06 -4.46441e-05 -0.0183618 0.0902868 -5.32001e-05 0.000280929 -5.68799e-06 -5.32001e-05 0.00998389 -0.0183867 -4.46441e-05 0.000280929 -0.0183867 0.090925 
0.0101086 -0.0183979 -8.27321e-06 -3.88396e-05 -0.0183979 0.0905125 -4.93636e-05 0.000281629 -8.27321e-06 -4.93636e-05 0.00999033 -0.0184468 -3.88396e-05 0.000281629 -0.0184468 0.0911744 
0.0101192 -0.018417 -1.31577e-05 -3.26578e-05 -0.018417 0.0905725 -4.31891e-05 0.000269323 -1.31577e-05 -4.31891e-05 0.00998331 -0.0184335 -3.26578e-05 0.000269323 -0.0184335 0.091197 
0.0100713 -0.0183754 -3.04531e-05 -2.74125e-05 -0.0183754 0.0903522 -3.30705e-05 0.000248552 -3.04531e-05 -3.30705e-05 0.00997148 -0.0183636 -2.74125e-05 0.000248552 -0.0183636 0.0908977 
0.0100373 -0.018351 -2.95888e-05 -1.24738e-05 -0.018351 0.0903264 -1.26307e-05 0.000217709 -2.95888e-05 -1.26307e-05 0.00998261 -0.0183783 -1.24738e-05 0.000217709 -0.0183783 0.0908907 
0.0100204 -0.0182647 -2.28848e-05 -1.30206e-05 -0.0182647 0.09003 -1.07265e-05 0.000198739 -2.28848e-05 -1.07265e-05 0.00994829 -0.0183481 -1.30206e-05 0.000198739 -0.0183481 0.090699 
0.0100123 -0.018241 -2.67659e-05 -1.83305e-05 -0.018241 0.0898562 -1.36973e-05 0.000195499 -2.67659e-05 -1.36973e-05 0.00993883 -0.0183074 -1.83305e-05 0.000195499 -0.0183074 0.0905504 
0.0100497 -0.0182902 -2.50964e-05 -1.55099e-05 -0.0182902 0.0900526 -1.09347e-05 0.000195342 -2.50964e-05 -1.09347e-05 0.00994036 -0.0183468 -1.55099e-05 0.000195342 -0.0183468 0.0907181 
0.0100514 -0.0183461 -1.74654e-05 -1.86347e-05 -0.0183461 0.0902602 -1.28192e-05 0.000197877 -1.74654e-05 -1.28192e-05 0.00996482 -0.0183592 -1.86347e-05 0.000197877 -0.0183592 0.0908484 
0.0100349 -0.0183012 -1.39611e-05 -3.04812e-05 -0.0183012 0.0901238 -2.55171e-05 0.000221749 -1.39611e-05 -2.55171e-05 0.00995026 -0.0183381 -3.04812e-05 0.000221749 -0.0183381 0.0907028 
0.010029 -0.0182857 -1.68351e-05 -3.32301e-05 -0.0182857 0.0900547 -2.9978e-05 0.000238407 -1.68351e-05 -2.9978e-05 0.00994376 -0.0183311 -3.32301e-05 0.000238407 -0.0183311 0.090663 
0.00999435 -0.0182468 -3.4672e-05 -2.77472e-05 -0.0182468 0.0898619 -2.71744e-05 0.000234948 -3.4672e-05 -2.71744e-05 0.00994641 -0.018296 -2.77472e-05 0.000234948 -0.018296 0.0904913 
