0.00663146 0 -1.86326e-05 0 0 0.0094384 0 0 -1.86326e-05 0 0.00667896 0 0 0 0 0.0094384 
0.00973705 -0.0120882 -1.13353e-05 1.22476e-05 -0.0120882 0.0321296 1.22476e-05 -2.36496e-05 -1.13353e-05 1.22476e-05 0.00975894 -0.0121106 1.22476e-05 -2.36496e-05 -0.0121106 0.0321723 
0.00916994 -0.0171434 -1.31737e-05 -3.92194e-05 -0.0171434 0.0632018 -3.92194e-05 0.000139888 -1.31737e-05 -3.92194e-05 0.00917133 -0.017008 -3.92194e-05 0.000139888 -0.017008 0.0627262 
0.00863639 -0.0168393 -3.21851e-05 -7.49556e-05 -0.0168393 0.0756593 -7.38455e-05 0.000459214 -3.21851e-05 -7.38455e-05 0.00866067 -0.0165664 -7.49556e-05 0.000459214 -0.0165664 0.0741692 
0.0091078 -0.0172085 -4.39755e-05 -4.60719e-05 -0.0172085 0.0834353 -4.31674e-05 0.000565027 -4.39755e-05 -4.31674e-05 0.00915125 -0.0169802 -4.60719e-05 0.000565027 -0.0169802 0.0815419 
0.00887257 -0.0164468 -3.27277e-05 -6.80216e-06 -0.0164468 0.0812286 -2.38155e-06 0.000392466 -3.27277e-05 -2.38155e-06 0.00893315 -0.0163258 -6.80216e-06 0.000392466 -0.0163258 0.079802 
0.00933997 -0.0171984 -1.11646e-05 -5.52465e-06 -0.0171984 0.0851359 -1.12578e-06 0.000275444 -1.11646e-05 -1.12578e-06 0.00940436 -0.0171383 -5.52465e-06 0.000275444 -0.0171383 0.0841203 
0.0090697 -0.016687 -1.11181e-05 -3.42303e-05 -0.016687 0.082547 -3.02274e-05 0.000250074 -1.11181e-05 -3.02274e-05 0.00912883 -0.0166262 -3.42303e-05 0.000250074 -0.0166262 0.0817847 
0.00957185 -0.0176184 -5.04391e-06 -4.46484e-05 -0.0176184 0.0871193 -3.99397e-05 0.00028589 -5.04391e-06 -3.99397e-05 0.00964388 -0.0175464 -4.46484e-05 0.00028589 -0.0175464 0.0863915 
0.00944682 -0.0173904 -2.39818e-05 -5.60535e-05 -0.0173904 0.0859828 -4.8105e-05 0.000307203 -2.39818e-05 -4.8105e-05 0.00952924 -0.0173292 -5.60535e-05 0.000307203 -0.0173292 0.0853022 
0.00938257 -0.0172946 -4.10297e-05 -3.79324e-05 -0.0172946 0.0854909 -2.90522e-05 0.000296923 -4.10297e-05 -2.90522e-05 0.00948647 -0.0172453 -3.79324e-05 0.000296923 -0.0172453 0.0848465 
0.00932642 -0.0172343 -3.46795e-05 -1.88321e-05 -0.0172343 0.085226 -1.15563e-05 0.000264972 -3.46795e-05 -1.15563e-05 0.00948066 -0.0172127 -1.88321e-05 0.000264972 -0.0172127 0.0846385 
0.00927278 -0.0171074 -1.25563e-05 -2.05445e-05 -0.0171074 0.084702 -1.78067e-05 0.000253142 -1.25563e-05 -1.78067e-05 0.00942578 -0.0171472 -2.05445e-05 0.000253142 -0.0171472 0.0842372 
0.00921355 -0.0170171 -1.28494e-05 -4.05926e-05 -0.0170171 0.0842405 -4.29802e-05 0.000281734 -1.28494e-05 -4.29802e-05 0.00938707 -0.0170632 -4.05926e-05 0.000281734 -0.0170632 0.0838525 
0.00920757 -0.0169667 -1.30539e-05 -3.92703e-05 -0.0169667 0.0840376 -4.53407e-05 0.000299676 -1.30539e-05 -4.53407e-05 0.00935757 -0.0170474 -3.92703e-05 0.000299676 -0.0170474 0.0837369 
0.00922026 -0.0169744 -1.38798e-05 -3.82355e-05 -0.0169744 0.0840133 -4.50326e-05 0.000300951 -1.38798e-05 -4.50326e-05 0.00933757 -0.0170385 -3.82355e-05 0.000300951 -0.0170385 0.0837461 
0.0092338 -0.0169766 -2.43857e-05 -3.69687e-05 -0.0169766 0.0839619 -4.01557e-05 0.000291752 -2.43857e-05 -4.01557e-05 0.00930376 -0.0170019 -3.69687e-05 0.000291752 -0.0170019 0.083645 
0.00924915 -0.0170328 -1.89792e-05 -1.97442e-05 -0.0170328 0.084148 -2.50214e-05 0.00025758 -1.89792e-05 -2.50214e-05 0.00930211 -0.0169916 -1.97442e-05 0.00025758 -0.0169916 0.0836935 
0.00923631 -0.0170357 -2.00146e-05 -2.15913e-05 -0.0170357 0.084174 -3.24665e-05 0.000244594 -2.00146e-05 -3.24665e-05 0.00929845 -0.0169656 -2.15913e-05 0.000244594 -0.0169656 0.0836038 
0.00918727 -0.0169486 -2.63802e-05 -2.25887e-05 -0.0169486 0.0838073 -3.09788e-05 0.000241459 -2.63802e-05 -3.09788e-05 0.00927763 -0.016891 -2.25887e-05 0.000241459 -0.016891 0.0832168 
0.00919023 -0.0169275 -2.25027e-05 -1.61437e-05 -0.0169275 0.0837337 -1.82827e-05 0.000222698 -2.25027e-05 -1.82827e-05 0.0092648 -0.016904 -1.61437e-05 0.000222698 -0.016904 0.0831947 
0.00921191 -0.0169592 -2.66811e-05 -2.02147e-05 -0.0169592 0.0838448 -1.66459e-05 0.000210173 -2.66811e-05 -1.66459e-05 0.00926351 -0.0169209 -2.02147e-05 0.000210173 -0.0169209 0.0833152 
0.00923741 -0.0170398 -3.86495e-05 -1.47346e-05 -0.0170398 0.0842132 -7.85775e-06 0.000194127 -3.86495e-05 -7.85775e-06 0.00930493 -0.0169776 -1.47346e-05 0.000194127 -0.0169776 0.083644 
0.00924807 -0.0170415 -5.15074e-05 -1.3669e-06 -0.0170415 0.0842877 7.5479e-06 0.000162997 -5.15074e-05 7.5479e-06 0.00931688 -0.0170016 -1.3669e-06 0.000162997 -0.0170016 0.0837382 
0.00924304 -0.0170369 -4.92736e-05 1.19658e-05 -0.0170369 0.0842534 2.02834e-05 0.00013266 -4.92736e-05 2.02834e-05 0.00931853 -0.0169991 1.19658e-05 0.00013266 -0.0169991 0.0837274 
0.00923111 -0.0170204 -4.64467e-05 3.63844e-06 -0.0170204 0.0841737 8.84118e-06 0.000143835 -4.64467e-05 8.84118e-06 0.00931564 -0.0169859 3.63844e-06 0.000143835 -0.0169859 0.0836545 
0.00923266 -0.0170188 -4.16114e-05 -6.9963e-08 -0.0170188 0.0841706 -6.21752e-07 0.000168943 -4.16114e-05 -6.21752e-07 0.00930727 -0.0169879 -6.9963e-08 0.000168943 -0.0169879 0.0836516 
0.0092261 -0.0170212 -3.77392e-05 5.07273e-07 -0.0170212 0.0841789 -6.2714e-06 0.000180164 -3.77392e-05 -6.2714e-06 0.00930597 -0.01698 5.07273e-07 0.000180164 -0.01698 0.0836422 
0.00922318 -0.0170148 -3.26298e-05 8.16849e-08 -0.0170148 0.0841848 -9.18007e-06 0.000183307 -3.26298e-05 -9.18007e-06 0.00931091 -0.0169835 8.16849e-08 0.000183307 -0.0169835 0.0836565 
0.00923134 -0.017009 -3.01689e-05 -6.09579e-06 -0.017009 0.0841822 -1.17044e-05 0.00018752 -3.01689e-05 -1.17044e-05 0.00929873 -0.0169959 -6.09579e-06 0.00018752 -0.0169959 0.0837006 
0.0092224 -0.0170062 -3.35517e-05 -1.06936e-05 -0.0170062 0.0841324 -1.0689e-05 0.000189642 -3.35517e-05 -1.0689e-05 0.00929751 -0.0169667 -1.06936e-05 0.000189642 -0.0169667 0.0836321 
0.00922558 -0.0169885 -3.18944e-05 -6.74486e-06 -0.0169885 0.0840581 -4.6733e-06 0.000180566 -3.18944e-05 -4.6733e-06 0.00929188 -0.0169528 -6.74486e-06 0.000180566 -0.0169528 0.0835425 
0.00920966 -0.0169886 -3.67427e-05 -1.10409e-05 -0.0169886 0.0840069 -7.35447e-06 0.00018298 -3.67427e-05 -7.35447e-06 0.0092921 -0.0169398 -1.10409e-05 0.00018298 -0.0169398 0.0834665 
0.00920398 -0.0169677 -3.98169e-05 -3.24745e-06 -0.0169677 0.0839433 -1.68718e-06 0.000173405 -3.98169e-05 -1.68718e-06 0.00927423 -0.0169363 -3.24745e-06 0.000173405 -0.0169363 0.0834135 
0.0091958 -0.0169241 -3.33589e-05 1.64321e-06 -0.0169241 0.0837217 -5.45034e-07 0.000164881 -3.33589e-05 -5.45034e-07 0.00922932 -0.0168813 1.64321e-06 0.000164881 -0.0168813 0.0831888 
0.00918662 -0.0168987 -2.65143e-05 -4.81965e-06 -0.0168987 0.0835352 -6.72309e-06 0.000169325 -2.65143e-05 -6.72309e-06 0.00918436 -0.0168143 -4.81965e-06 0.000169325 -0.0168143 0.0829375 
0.00918531 -0.0168931 -3.70698e-05 -1.26095e-05 -0.0168931 0.0834586 -1.40134e-05 0.000183527 -3.70698e-05 -1.40134e-05 0.00916405 -0.0167638 -1.26095e-05 0.000183527 -0.0167638 0.0827582 
0.00918924 -0.0168934 -4.63722e-05 -3.55097e-06 -0.0168934 0.0834298 -2.81548e-06 0.000177427 -4.63722e-05 -2.81548e-06 0.00914028 -0.0167417 -3.55097e-06 0.000177427 -0.0167417 0.0826517 
0.00917014 -0.0168924 -4.5217e-05 9.80543e-06 -0.0168924 0.0833936 1.25482e-05 0.000145349 -4.5217e-05 1.25482e-05 0.00914047 -0.0167119 9.80543e-06 0.000145349 -0.0167119 0.0825518 
0.00913785 -0.0168356 -3.24526e-05 1.38335e-05 -0.0168356 0.0831704 1.2734e-05 0.000123044 -3.24526e-05 1.2734e-05 0.00911843 -0.0166756 1.38335e-05 0.000123044 -0.0166756 0.0823306 
0.0091141 -0.0167892 -2.69178e-05 4.25014e-07 -0.0167892 0.0829707 -4.30665e-06 0.000137524 -2.69178e-05 -4.30665e-06 0.00910314 -0.0166456 4.25014e-07 0.000137524 -0.0166456 0.082174 
0.00909995 -0.0167627 -2.53183e-05 -1.02951e-05 -0.0167627 0.0828509 -1.04412e-05 0.000162029 -2.53183e-05 -1.04412e-05 0.00908944 -0.0166333 -1.02951e-05 0.000162029 -0.0166333 0.0820999 
0.00911114 -0.0167976 -3.2622e-05 -1.55595e-05 -0.0167976 0.0830293 -1.23765e-05 0.000178825 -3.2622e-05 -1.23765e-05 0.00910998 -0.0166712 -1.55595e-05 0.000178825 -0.0166712 0.0823039 
0.00911335 -0.0168187 -2.81413e-05 -7.36395e-06 -0.0168187 0.0831684 -4.82685e-06 0.000172881 -2.81413e-05 -4.82685e-06 0.0091323 -0.0167013 -7.36395e-06 0.000172881 -0.0167013 0.0824637 
0.00911483 -0.0168274 -2.14182e-05 -6.90468e-06 -0.0168274 0.0832669 -8.43643e-06 0.000166192 -2.14182e-05 -8.43643e-06 0.00915454 -0.0167319 -6.90468e-06 0.000166192 -0.0167319 0.0826011 
0.00909664 -0.0167945 -1.67676e-05 -1.09863e-05 -0.0167945 0.083154 -1.56394e-05 0.000169275 -1.67676e-05 -1.56394e-05 0.00916275 -0.0167296 -1.09863e-05 0.000169275 -0.0167296 0.0825605 
0.00908202 -0.016757 -2.10034e-06 -1.43952e-05 -0.016757 0.0829996 -2.14595e-05 0.000175828 -2.10034e-06 -2.14595e-05 0.00915258 -0.0167276 -1.43952e-05 0.000175828 -0.0167276 0.0824968 
0.00906636 -0.0167378 2.4135e-05 -3.21341e-05 -0.0167378 0.0829081 -3.82911e-05 0.000203665 2.4135e-05 -3.82911e-05 0.00915472 -0.0167224 -3.21341e-05 0.000203665 -0.0167224 0.0824753 
0.00907798 -0.016764 2.62089e-05 -6.96974e-05 -0.016764 0.083068 -7.22562e-05 0.000277649 2.62089e-05 -7.22562e-05 0.0091863 -0.0167731 -6.96974e-05 0.000277649 -0.0167731 0.082701 
0.00910962 -0.0167833 2.08585e-05 -7.78655e-05 -0.0167833 0.0831904 -7.69062e-05 0.000327015 2.08585e-05 -7.69062e-05 0.00920006 -0.0168196 -7.78655e-05 0.000327015 -0.0168196 0.0828982 
0.00910308 -0.0168025 9.9579e-06 -6.92652e-05 -0.0168025 0.083214 -6.62565e-05 0.000324555 9.9579e-06 -6.62565e-05 0.00922515 -0.0168185 -6.92652e-05 0.000324555 -0.0168185 0.0829229 
0.00913803 -0.0168597 -6.80519e-06 -5.53236e-05 -0.0168597 0.0835346 -5.14491e-05 0.000296451 -6.80519e-06 -5.14491e-05 0.00927418 -0.0169119 -5.53236e-05 0.000296451 -0.0169119 0.0832857 
0.00913855 -0.0168501 -1.92239e-05 -3.33293e-05 -0.0168501 0.0834789 -2.89782e-05 0.000245856 -1.92239e-05 -2.89782e-05 0.00928482 -0.016917 -3.33293e-05 0.000245856 -0.016917 0.0832791 
0.00914481 -0.0168685 -1.34741e-05 -1.44301e-05 -0.0168685 0.0835312 -1.31792e-05 0.000194359 -1.34741e-05 -1.31792e-05 0.00929457 -0.0169386 -1.44301e-05 0.000194359 -0.0169386 0.0833403 
0.00915077 -0.0168549 -2.17198e-05 -1.79893e-05 -0.0168549 0.0834554 -1.79952e-05 0.000176387 -2.17198e-05 -1.79952e-05 0.00926203 -0.0169235 -1.79893e-05 0.000176387 -0.0169235 0.0832526 
0.00914404 -0.0168487 -2.74234e-05 -1.33399e-05 -0.0168487 0.0833593 -1.20645e-05 0.00017052 -2.74234e-05 -1.20645e-05 0.0092222 -0.0168669 -1.33399e-05 0.00017052 -0.0168669 0.0830653 
0.00913822 -0.0168605 -3.959e-05 -8.31061e-06 -0.0168605 0.0833936 -5.76385e-06 0.00016024 -3.959e-05 -5.76385e-06 0.00919817 -0.0168282 -8.31061e-06 0.00016024 -0.0168282 0.0829609 
0.00912493 -0.01683 -4.45298e-05 7.79784e-06 -0.01683 0.0832859 8.9183e-06 0.000132292 -4.45298e-05 8.9183e-06 0.00917771 -0.0167783 7.79784e-06 0.000132292 -0.0167783 0.0827684 
0.00912673 -0.0168309 -2.84203e-05 1.6265e-05 -0.0168309 0.0832972 1.73044e-05 0.000102357 -2.84203e-05 1.73044e-05 0.00917948 -0.0167719 1.6265e-05 0.000102357 -0.0167719 0.0827425 
0.00916681 -0.016854 -8.33469e-06 -4.45016e-06 -0.016854 0.0834155 -1.22162e-06 0.000120631 -8.33469e-06 -1.22162e-06 0.00916669 -0.0168 -4.45016e-06 0.000120631 -0.0168 0.0828628 
0.00920292 -0.0169111 -9.56844e-07 -3.12051e-05 -0.0169111 0.0835842 -2.81798e-05 0.000177566 -9.56844e-07 -2.81798e-05 0.00915998 -0.0167926 -3.12051e-05 0.000177566 -0.0167926 0.0829384 
0.00921872 -0.0169527 -8.02893e-06 -4.11112e-05 -0.0169527 0.0837222 -4.06582e-05 0.000223974 -8.02893e-06 -4.06582e-05 0.00917003 -0.016782 -4.11112e-05 0.000223974 -0.016782 0.0829437 
0.00923621 -0.0170244 -1.50103e-05 -3.14079e-05 -0.0170244 0.0840617 -3.03677e-05 0.000224079 -1.50103e-05 -3.03677e-05 0.0092207 -0.0168395 -3.14079e-05 0.000224079 -0.0168395 0.0832004 
0.0092444 -0.0170554 -2.33417e-05 -2.24869e-05 -0.0170554 0.0842939 -1.84259e-05 0.000200905 -2.33417e-05 -1.84259e-05 0.00925901 -0.0169136 -2.24869e-05 0.000200905 -0.0169136 0.0834781 
0.00923243 -0.0170593 -2.89674e-05 -1.28028e-05 -0.0170593 0.0843838 -8.66649e-06 0.000176198 -2.89674e-05 -8.66649e-06 0.00929493 -0.0169561 -1.28028e-05 0.000176198 -0.0169561 0.0836609 
0.00922455 -0.0170065 -2.70923e-05 -4.07181e-06 -0.0170065 0.0842209 -5.2915e-06 0.000157752 -2.70923e-05 -5.2915e-06 0.009285 -0.0169608 -4.07181e-06 0.000157752 -0.0169608 0.0836204 
0.00918843 -0.0169375 -7.57215e-06 -3.87745e-06 -0.0169375 0.0838466 -1.16412e-05 0.000157739 -7.57215e-06 -1.16412e-05 0.00925051 -0.0168939 -3.87745e-06 0.000157739 -0.0168939 0.0833095 
0.00914735 -0.0168351 1.26972e-05 -2.97012e-05 -0.0168351 0.0833294 -3.54059e-05 0.000198651 1.26972e-05 -3.54059e-05 0.00919392 -0.0167962 -2.97012e-05 0.000198651 -0.0167962 0.0828193 
0.00912356 -0.0168193 1.57069e-05 -6.25136e-05 -0.0168193 0.0831821 -6.26299e-05 0.000273111 1.57069e-05 -6.26299e-05 0.00918494 -0.0167602 -6.25136e-05 0.000273111 -0.0167602 0.0826482 
0.00908129 -0.0167602 1.08285e-05 -7.08066e-05 -0.0167602 0.0829177 -6.80539e-05 0.000320906 1.08285e-05 -6.80539e-05 0.009173 -0.0167183 -7.08066e-05 0.000320906 -0.0167183 0.0823959 
0.00905168 -0.0166695 -2.94641e-06 -6.4859e-05 -0.0166695 0.0825265 -6.21535e-05 0.000328434 -2.94641e-06 -6.21535e-05 0.00912959 -0.0166751 -6.4859e-05 0.000328434 -0.0166751 0.0821041 
0.00968237 -0.0178204 -1.67278e-05 -4.84238e-05 -0.0178204 0.0881682 -4.63207e-05 0.000316111 -1.67278e-05 -4.63207e-05 0.00974895 -0.017821 -4.84238e-05 0.000316111 -0.017821 0.0877763 
0.00970028 -0.0178185 -1.42506e-05 -2.95038e-05 -0.0178185 0.0881026 -2.91811e-05 0.000268243 -1.42506e-05 -2.91811e-05 0.00971436 -0.0177952 -2.95038e-05 0.000268243 -0.0177952 0.0876876 
0.00973356 -0.0178957 -1.34317e-05 -2.85893e-05 -0.0178957 0.0883666 -3.04023e-05 0.000245392 -1.34317e-05 -3.04023e-05 0.00970775 -0.0178013 -2.85893e-05 0.000245392 -0.0178013 0.0878174 
0.00910644 -0.0167903 -1.58063e-05 -2.73087e-05 -0.0167903 0.0828778 -2.75187e-05 0.000222553 -1.58063e-05 -2.75187e-05 0.00907963 -0.0166434 -2.73087e-05 0.000222553 -0.0166434 0.0821969 
0.0091066 -0.0168201 -1.57028e-05 -2.386e-05 -0.0168201 0.0831041 -2.43068e-05 0.000216307 -1.57028e-05 -2.43068e-05 0.00910103 -0.0166594 -2.386e-05 0.000216307 -0.0166594 0.0823206 
0.00909131 -0.0168191 -2.91484e-05 -2.20113e-05 -0.0168191 0.0832037 -2.42524e-05 0.000208996 -2.91484e-05 -2.42524e-05 0.00913096 -0.0166834 -2.20113e-05 0.000208996 -0.0166834 0.0824232 
0.00908592 -0.0167865 -3.5259e-05 -8.55077e-06 -0.0167865 0.0831675 -7.36957e-06 0.00018383 -3.5259e-05 -7.36957e-06 0.00914525 -0.0167155 -8.55077e-06 0.00018383 -0.0167155 0.0825075 
0.00906437 -0.0167434 -3.62733e-05 -2.95405e-06 -0.0167434 0.0829738 3.89834e-06 0.000156235 -3.62733e-05 3.89834e-06 0.00914423 -0.0167034 -2.95405e-06 0.000156235 -0.0167034 0.082431 
0.00908067 -0.016734 -3.72613e-05 -5.33387e-06 -0.016734 0.0829437 8.27296e-06 0.00014521 -3.72613e-05 8.27296e-06 0.00913231 -0.0167244 -5.33387e-06 0.00014521 -0.0167244 0.0824989 
0.00907362 -0.0166966 -5.3251e-05 -7.32101e-06 -0.0166966 0.0826877 8.78675e-06 0.00014563 -5.3251e-05 8.78675e-06 0.00909792 -0.0166601 -7.32101e-06 0.00014563 -0.0166601 0.082255 
0.00906623 -0.016685 -5.83941e-05 1.19108e-05 -0.016685 0.0825433 2.68283e-05 0.000120362 -5.83941e-05 2.68283e-05 0.00907866 -0.0166118 1.19108e-05 0.000120362 -0.0166118 0.0820438 
0.00908649 -0.016748 -5.53195e-05 2.24491e-05 -0.016748 0.0828199 3.15092e-05 9.44098e-05 -5.53195e-05 3.15092e-05 0.00911535 -0.0166649 2.24491e-05 9.44098e-05 -0.0166649 0.0822816 
0.00908997 -0.0167669 -4.53751e-05 2.56541e-05 -0.0167669 0.0829448 2.43971e-05 8.65556e-05 -4.53751e-05 2.43971e-05 0.00913781 -0.0167013 2.56541e-05 8.65556e-05 -0.0167013 0.0824213 
0.00910777 -0.0167652 -1.79402e-05 1.79028e-05 -0.0167652 0.0829781 8.61415e-06 0.00010227 -1.79402e-05 8.61415e-06 0.00913639 -0.0167268 1.79028e-05 0.00010227 -0.0167268 0.0825141 
0.00909421 -0.0167505 1.12669e-06 -1.90523e-05 -0.0167505 0.0828455 -2.90973e-05 0.000172735 1.12669e-06 -2.90973e-05 0.00912005 -0.0166871 -1.90523e-05 0.000172735 -0.0166871 0.0823681 
0.00909003 -0.0167221 6.24227e-06 -5.04017e-05 -0.0167221 0.0826995 -5.46278e-05 0.000256517 6.24227e-06 -5.46278e-05 0.00908101 -0.0166502 -5.04017e-05 0.000256517 -0.0166502 0.082186 
0.00909257 -0.01669 1.25534e-05 -5.7928e-05 -0.01669 0.0824881 -5.90812e-05 0.000298877 1.25534e-05 -5.90812e-05 0.00902541 -0.0165747 -5.7928e-05 0.000298877 -0.0165747 0.0818933 
0.00909648 -0.01673 7.81652e-06 -6.11484e-05 -0.01673 0.0825684 -6.58527e-05 0.00031617 7.81652e-06 -6.58527e-05 0.00902506 -0.016535 -6.11484e-05 0.00031617 -0.016535 0.0817967 
0.0090969 -0.0167352 8.57548e-06 -5.15748e-05 -0.0167352 0.082607 -6.07784e-05 0.000308033 8.57548e-06 -6.07784e-05 0.00902088 -0.0165276 -5.15748e-05 0.000308033 -0.0165276 0.0817245 
0.00909451 -0.0167564 1.36387e-06 -4.46895e-05 -0.0167564 0.0827283 -5.54591e-05 0.000284103 1.36387e-06 -5.54591e-05 0.00904435 -0.0165533 -4.46895e-05 0.000284103 -0.0165533 0.0818315 
0.00908766 -0.0167913 -1.38349e-05 -3.50799e-05 -0.0167913 0.0829617 -4.71307e-05 0.000258899 -1.38349e-05 -4.71307e-05 0.00909059 -0.0166179 -3.50799e-05 0.000258899 -0.0166179 0.0821072 
0.00907693 -0.0167754 -3.1428e-05 -1.83992e-05 -0.0167754 0.0830239 -2.78816e-05 0.000219861 -3.1428e-05 -2.78816e-05 0.00912598 -0.0166716 -1.83992e-05 0.000219861 -0.0166716 0.0823056 
0.00906159 -0.0167489 -3.79722e-05 6.67898e-08 -0.0167489 0.0829737 -5.01025e-06 0.000170327 -3.79722e-05 -5.01025e-06 0.00914775 -0.016705 6.67898e-08 0.000170327 -0.016705 0.0824163 
0.00906189 -0.0167674 -2.50119e-05 9.66341e-06 -0.0167674 0.0831206 9.346e-06 0.000126676 -2.50119e-05 9.346e-06 0.00918927 -0.016772 9.66341e-06 0.000126676 -0.016772 0.0827067 
0.00903454 -0.0167229 -1.21234e-05 -7.45957e-06 -0.0167229 0.0829833 -4.06088e-06 0.000132853 -1.21234e-05 -4.06088e-06 0.00920361 -0.016785 -7.45957e-06 0.000132853 -0.016785 0.0827233 
0.00900773 -0.0166304 -2.23709e-06 -2.46826e-05 -0.0166304 0.0825872 -2.0255e-05 0.000167518 -2.23709e-06 -2.0255e-05 0.00916984 -0.0167483 -2.46826e-05 0.000167518 -0.0167483 0.0824848 
0.00900311 -0.0166033 6.26014e-06 -3.99515e-05 -0.0166033 0.0823986 -3.71312e-05 0.000212211 6.26014e-06 -3.71312e-05 0.0091457 -0.016722 -3.99515e-05 0.000212211 -0.016722 0.0823742 
0.00898732 -0.0165772 1.47506e-05 -4.82916e-05 -0.0165772 0.0822006 -4.81985e-05 0.000244468 1.47506e-05 -4.81985e-05 0.00911423 -0.016666 -4.82916e-05 0.000244468 -0.016666 0.0821455 
0.00963794 -0.0177455 1.54695e-05 -6.34844e-05 -0.0177455 0.0879637 -6.35287e-05 0.000295242 1.54695e-05 -6.35287e-05 0.00972654 -0.0178159 -6.34844e-05 0.000295242 -0.0178159 0.0878401 
0.00964452 -0.017781 1.29034e-05 -6.35267e-05 -0.017781 0.0880431 -5.97127e-05 0.000303681 1.29034e-05 -5.97127e-05 0.00972322 -0.0177903 -6.35267e-05 0.000303681 -0.0177903 0.0877967 
0.00965277 -0.0177981 -6.50814e-06 -6.21951e-05 -0.0177981 0.0881302 -5.68837e-05 0.000302888 -6.50814e-06 -5.68837e-05 0.00972063 -0.017791 -6.21951e-05 0.000302888 -0.017791 0.087795 
0.00966347 -0.0177976 -1.83583e-05 -3.96853e-05 -0.0177976 0.0881325 -3.1657e-05 0.000265292 -1.83583e-05 -3.1657e-05 0.00970397 -0.0177846 -3.96853e-05 0.000265292 -0.0177846 0.08777 
0.0096695 -0.017809 -2.94859e-05 -2.4741e-05 -0.017809 0.0881428 -1.33712e-05 0.00021812 -2.94859e-05 -1.33712e-05 0.00969032 -0.0177632 -2.4741e-05 0.00021812 -0.0177632 0.0877264 
0.0096511 -0.0177667 -2.45188e-05 -1.48221e-05 -0.0177667 0.0879169 -2.53725e-07 0.000185016 -2.45188e-05 -2.53725e-07 0.00965793 -0.0177005 -1.48221e-05 0.000185016 -0.0177005 0.0874503 
0.00961839 -0.0177458 -1.28776e-05 -2.15418e-05 -0.0177458 0.0877883 -7.00305e-06 0.000183975 -1.28776e-05 -7.00305e-06 0.00965494 -0.0176655 -2.15418e-05 0.000183975 -0.0176655 0.0872841 
0.00960215 -0.0177015 -1.78064e-05 -3.68197e-05 -0.0177015 0.0876444 -2.45231e-05 0.000215528 -1.78064e-05 -2.45231e-05 0.0096421 -0.017661 -3.68197e-05 0.000215528 -0.017661 0.0871958 
0.00959034 -0.017677 -1.48313e-05 -3.14227e-05 -0.017677 0.0875258 -2.21773e-05 0.0002284 -1.48313e-05 -2.21773e-05 0.00962823 -0.0176473 -3.14227e-05 0.0002284 -0.0176473 0.0871382 
0.00957696 -0.0176777 -1.28146e-05 -3.10809e-05 -0.0176777 0.0875315 -2.61908e-05 0.000230809 -1.28146e-05 -2.61908e-05 0.00963609 -0.0176499 -3.10809e-05 0.000230809 -0.0176499 0.0871748 
0.00955586 -0.017635 -1.65199e-06 -2.95738e-05 -0.017635 0.0873801 -2.94823e-05 0.000231462 -1.65199e-06 -2.94823e-05 0.00962843 -0.0176329 -2.95738e-05 0.000231462 -0.0176329 0.0870756 
0.0095662 -0.0176488 4.95131e-07 -4.12499e-05 -0.0176488 0.0874666 -4.24854e-05 0.000248608 4.95131e-07 -4.24854e-05 0.00964106 -0.017662 -4.12499e-05 0.000248608 -0.017662 0.0872104 
0.00958293 -0.0176524 6.37582e-07 -4.37442e-05 -0.0176524 0.0874773 -4.67161e-05 0.000263442 6.37582e-07 -4.67161e-05 0.00962777 -0.0176623 -4.37442e-05 0.000263442 -0.0176623 0.0872273 
0.00957836 -0.017664 -3.06123e-06 -4.31745e-05 -0.017664 0.0874752 -4.55015e-05 0.000264758 -3.06123e-06 -4.55015e-05 0.00962074 -0.0176366 -4.31745e-05 0.000264758 -0.0176366 0.0871641 
0.00960423 -0.0177202 -2.02425e-05 -3.76875e-05 -0.0177202 0.087771 -3.89721e-05 0.000253528 -2.02425e-05 -3.89721e-05 0.00964532 -0.0176867 -3.76875e-05 0.000253528 -0.0176867 0.0874136 
0.00964286 -0.0177524 -3.1687e-05 -1.57192e-05 -0.0177524 0.0879558 -1.72925e-05 0.00021294 -3.1687e-05 -1.72925e-05 0.00964808 -0.0177183 -1.57192e-05 0.00021294 -0.0177183 0.0875846 
0.00965964 -0.0177533 -4.69498e-05 1.77634e-06 -0.0177533 0.0878909 -6.97045e-07 0.000162525 -4.69498e-05 -6.97045e-07 0.00961902 -0.0176773 1.77634e-06 0.000162525 -0.0176773 0.0874549 
0.00965011 -0.017777 -4.38506e-05 2.16553e-05 -0.017777 0.0879006 2.01238e-05 0.000109488 -4.38506e-05 2.01238e-05 0.00962314 -0.0176343 2.16553e-05 0.000109488 -0.0176343 0.0873136 
0.00963954 -0.017813 -5.33237e-05 1.66529e-05 -0.017813 0.0881055 1.54821e-05 9.53531e-05 -5.33237e-05 1.54821e-05 0.0096674 -0.0176721 1.66529e-05 9.53531e-05 -0.0176721 0.087433 
0.0090238 -0.016645 -5.61318e-05 2.51388e-05 -0.016645 0.082453 2.38238e-05 7.59688e-05 -5.61318e-05 2.38238e-05 0.00904905 -0.0165802 2.51388e-05 7.59688e-05 -0.0165802 0.0819094 
0.00904171 -0.0166764 -7.09904e-05 3.11408e-05 -0.0166764 0.0826048 3.32727e-05 5.71983e-05 -7.09904e-05 3.32727e-05 0.00906829 -0.0166223 3.11408e-05 5.71983e-05 -0.0166223 0.0821425 
0.00902883 -0.0166157 -6.25117e-05 4.44377e-05 -0.0166157 0.0823094 5.02445e-05 2.94292e-05 -6.25117e-05 5.02445e-05 0.00903077 -0.0165643 4.44377e-05 2.94292e-05 -0.0165643 0.0818772 
0.00967967 -0.0177852 -4.54367e-05 3.31325e-05 -0.0177852 0.0880172 4.04335e-05 4.2969e-05 -4.54367e-05 4.04335e-05 0.00963706 -0.0176969 3.31325e-05 4.2969e-05 -0.0176969 0.0875122 
0.00964971 -0.0177718 -1.28363e-05 3.1515e-06 -0.0177718 0.087853 8.55625e-06 0.000109088 -1.28363e-05 8.55625e-06 0.00962886 -0.0176339 3.1515e-06 0.000109088 -0.0176339 0.0872564 
0.00961616 -0.0177554 -8.20552e-06 -3.73444e-05 -0.0177554 0.0878089 -3.44035e-05 0.000208086 -8.20552e-06 -3.44035e-05 0.00964389 -0.0176347 -3.73444e-05 0.000208086 -0.0176347 0.087186 
0.00958886 -0.0177032 -1.48141e-05 -4.3433e-05 -0.0177032 0.0876671 -4.1344e-05 0.000262704 -1.48141e-05 -4.1344e-05 0.00964531 -0.0176494 -4.3433e-05 0.000262704 -0.0176494 0.0871577 
0.00958333 -0.0176586 -8.53161e-06 -3.64097e-05 -0.0176586 0.0874994 -3.17894e-05 0.000265197 -8.53161e-06 -3.17894e-05 0.00962521 -0.0176478 -3.64097e-05 0.000265197 -0.0176478 0.0871238 
0.00955441 -0.0176118 -1.63652e-05 -4.15086e-05 -0.0176118 0.0872271 -3.43823e-05 0.000264126 -1.63652e-05 -3.43823e-05 0.00960021 -0.0175932 -4.15086e-05 0.000264126 -0.0175932 0.0869079 
0.00955201 -0.0175963 -1.19857e-05 -3.45182e-05 -0.0175963 0.0871546 -2.67996e-05 0.000257155 -1.19857e-05 -2.67996e-05 0.00959012 -0.0175872 -3.45182e-05 0.000257155 -0.0175872 0.0868703 
0.00958043 -0.0176441 -9.52556e-06 -3.7185e-05 -0.0176441 0.0873771 -3.32118e-05 0.000259178 -9.52556e-06 -3.32118e-05 0.00960449 -0.0176349 -3.7185e-05 0.000259178 -0.0176349 0.0871213 
0.00960798 -0.0177026 -4.31711e-06 -3.68152e-05 -0.0177026 0.0876459 -3.98284e-05 0.000267258 -4.31711e-06 -3.98284e-05 0.00962376 -0.0176727 -3.68152e-05 0.000267258 -0.0176727 0.0873672 
0.00959453 -0.0177032 -2.30856e-05 -4.25182e-05 -0.0177032 0.0876599 -4.85472e-05 0.000282982 -2.30856e-05 -4.85472e-05 0.00963344 -0.0176608 -4.25182e-05 0.000282982 -0.0176608 0.0873472 
0.00956429 -0.0176705 -4.27273e-05 -2.38167e-05 -0.0176705 0.0875622 -2.31076e-05 0.000257612 -4.27273e-05 -2.31076e-05 0.00964959 -0.0176573 -2.38167e-05 0.000257612 -0.0176573 0.0872831 
0.0095074 -0.0175708 -5.30447e-05 3.16764e-07 -0.0175708 0.0871499 4.94963e-06 0.000198591 -5.30447e-05 4.94963e-06 0.00963509 -0.0176168 3.16764e-07 0.000198591 -0.0176168 0.0869914 
0.00947844 -0.0174832 -3.92748e-05 1.4451e-05 -0.0174832 0.0867683 1.71659e-05 0.000150771 -3.92748e-05 1.71659e-05 0.00959859 -0.0175838 1.4451e-05 0.000150771 -0.0175838 0.0867542 
0.00945474 -0.0174258 -2.43892e-05 3.31137e-06 -0.0174258 0.0864362 3.2997e-06 0.000147486 -2.43892e-05 3.2997e-06 0.00956416 -0.0175225 3.31137e-06 0.000147486 -0.0175225 0.0864831 
0.00946496 -0.0174415 -2.73335e-05 -1.37507e-05 -0.0174415 0.086459 -1.66467e-05 0.000180597 -2.73335e-05 -1.66467e-05 0.00956491 -0.0175217 -1.37507e-05 0.000180597 -0.0175217 0.0864895 
0.00948989 -0.0175157 -1.71067e-05 -1.098e-05 -0.0175157 0.0867889 -1.64712e-05 0.000195234 -1.71067e-05 -1.64712e-05 0.00959546 -0.0175817 -1.098e-05 0.000195234 -0.0175817 0.0867824 
0.0095196 -0.0175646 -6.11781e-06 -2.08743e-05 -0.0175646 0.0870718 -2.91536e-05 0.000211874 -6.11781e-06 -2.91536e-05 0.00961822 -0.0176363 -2.08743e-05 0.000211874 -0.0176363 0.0870563 
0.00949656 -0.017567 7.4064e-06 -3.63466e-05 -0.017567 0.087094 -4.6604e-05 0.000249659 7.4064e-06 -4.6604e-05 0.00963746 -0.0176341 -3.63466e-05 0.000249659 -0.0176341 0.0870762 
0.00949502 -0.01751 -2.23922e-06 -5.11917e-05 -0.01751 0.0869266 -6.21104e-05 0.000287343 -2.23922e-06 -6.21104e-05 0.00961542 -0.0176324 -5.11917e-05 0.000287343 -0.0176324 0.0869958 
0.00951827 -0.017504 -2.83242e-05 -3.93708e-05 -0.017504 0.0868319 -5.09204e-05 0.000286011 -2.83242e-05 -5.09204e-05 0.0095783 -0.0176071 -3.93708e-05 0.000286011 -0.0176071 0.0869269 
0.00952562 -0.0175361 -4.32168e-05 -4.77661e-06 -0.0175361 0.0868561 -1.38006e-05 0.00021931 -4.32168e-05 -1.38006e-05 0.00955767 -0.0175624 -4.77661e-06 0.00021931 -0.0175624 0.0868267 
0.00957867 -0.017619 -5.69622e-05 1.41411e-05 -0.017619 0.0872367 8.62881e-06 0.00015226 -5.69622e-05 8.62881e-06 0.00955555 -0.0175973 1.41411e-05 0.00015226 -0.0175973 0.0870493 
0.0095932 -0.0176293 -6.05089e-05 3.31835e-05 -0.0176293 0.0872204 3.02719e-05 9.03121e-05 -6.05089e-05 3.02719e-05 0.00949863 -0.0175212 3.31835e-05 9.03121e-05 -0.0175212 0.086814 
0.00958729 -0.0176399 -5.96604e-05 3.91792e-05 -0.0176399 0.0872018 4.00592e-05 4.68838e-05 -5.96604e-05 4.00592e-05 0.00946917 -0.0174378 3.91792e-05 4.68838e-05 -0.0174378 0.0865428 
0.00955076 -0.0175921 -3.79298e-05 3.71603e-05 -0.0175921 0.0869769 4.1593e-05 2.96096e-05 -3.79298e-05 4.1593e-05 0.00944552 -0.0173555 3.71603e-05 2.96096e-05 -0.0173555 0.086149 
0.00953073 -0.0175775 -2.04588e-05 1.17994e-05 -0.0175775 0.0869434 1.59658e-05 6.06399e-05 -2.04588e-05 1.59658e-05 0.00946494 -0.0173523 1.17994e-05 6.06399e-05 -0.0173523 0.0860699 
0.00948569 -0.0175062 -2.4035e-05 -1.29354e-05 -0.0175062 0.0866579 -7.50736e-06 0.000119166 -2.4035e-05 -7.50736e-06 0.00947341 -0.0173357 -1.29354e-05 0.000119166 -0.0173357 0.0858675 
0.00942305 -0.0174071 -2.94928e-05 -1.18508e-05 -0.0174071 0.0862321 -6.99544e-06 0.000146241 -2.94928e-05 -6.99544e-06 0.00946712 -0.0173152 -1.18508e-05 0.000146241 -0.0173152 0.0856258 
0.00939501 -0.0173538 -2.87364e-05 -4.04456e-06 -0.0173538 0.0860494 2.44642e-06 0.000137412 -2.87364e-05 2.44642e-06 0.00947451 -0.0173507 -4.04456e-06 0.000137412 -0.0173507 0.0856871 
