0.00661591 0 7.69829e-05 0 0 0.00938041 0 0 7.69829e-05 0 0.00663409 0 0 0 0 0.00938041 
0.00971781 -0.012064 8.7986e-05 -0.000106211 -0.012064 0.0320367 -0.000106211 0.000203326 8.7986e-05 -0.000106211 0.00970821 -0.0120481 -0.000106211 0.000203326 -0.0120481 0.0320063 
0.0100178 -0.0186844 4.63251e-05 -5.13371e-05 -0.0186844 0.068861 -5.13371e-05 0.000139872 4.63251e-05 -5.13371e-05 0.00995772 -0.01852 -5.13371e-05 0.000139872 -0.01852 0.0682961 
0.00866133 -0.0168852 1.4506e-05 8.16033e-05 -0.0168852 0.0757691 8.21421e-05 -0.000487676 1.4506e-05 8.21421e-05 0.00867023 -0.0165988 8.16033e-05 -0.000487676 -0.0165988 0.0744037 
0.00913879 -0.0172593 7.91595e-06 0.000110761 -0.0172593 0.0836154 0.000111422 -0.00084808 7.91595e-06 0.000111422 0.00919664 -0.0170644 0.000110761 -0.00084808 -0.0170644 0.082013 
0.00890792 -0.0164803 3.11356e-05 8.1404e-05 -0.0164803 0.0813576 7.76333e-05 -0.000722766 3.11356e-05 7.76333e-05 0.00897565 -0.0164269 8.1404e-05 -0.000722766 -0.0164269 0.0802955 
0.0093796 -0.0172369 4.55111e-05 3.93676e-05 -0.0172369 0.0852643 2.9663e-05 -0.000533075 4.55111e-05 2.9663e-05 0.00943537 -0.0172409 3.93676e-05 -0.000533075 -0.0172409 0.0846285 
0.00917164 -0.0168535 6.26501e-05 1.76338e-05 -0.0168535 0.0833192 8.01614e-06 -0.00036165 6.26501e-05 8.01614e-06 0.00922119 -0.0168437 1.76338e-05 -0.00036165 -0.0168437 0.0828942 
0.00964971 -0.0177787 5.97129e-05 1.33906e-06 -0.0177787 0.0878935 -5.92555e-06 -0.000298913 5.97129e-05 -5.92555e-06 0.00975433 -0.0177531 1.33906e-06 -0.000298913 -0.0177531 0.0874901 
0.00947439 -0.0174394 2.42294e-05 1.13081e-05 -0.0174394 0.0863046 7.48871e-06 -0.000287405 2.42294e-05 7.48871e-06 0.00961082 -0.0174651 1.13081e-05 -0.000287405 -0.0174651 0.085987 
0.00941882 -0.0172677 2.98666e-06 5.46285e-05 -0.0172677 0.0854516 5.24303e-05 -0.000362562 2.98666e-06 5.24303e-05 0.00950753 -0.0173397 5.46285e-05 -0.000362562 -0.0173397 0.0852557 
0.00940777 -0.0172192 -4.21882e-06 8.30313e-05 -0.0172192 0.0850489 8.22957e-05 -0.000451484 -4.21882e-06 8.22957e-05 0.00943889 -0.017239 8.30313e-05 -0.000451484 -0.017239 0.0848281 
0.00937274 -0.0171912 -3.6014e-06 9.22229e-05 -0.0171912 0.0847565 9.10813e-05 -0.000500939 -3.6014e-06 9.10813e-05 0.00938909 -0.0171291 9.22229e-05 -0.000500939 -0.0171291 0.0843648 
0.00933454 -0.0171596 -1.82278e-06 9.44377e-05 -0.0171596 0.0845894 8.82882e-05 -0.00051754 -1.82278e-06 8.82882e-05 0.00937247 -0.0170714 9.44377e-05 -0.00051754 -0.0170714 0.0840687 
0.00931758 -0.0171354 2.71121e-06 9.29867e-05 -0.0171354 0.0845419 8.43548e-05 -0.000516564 2.71121e-06 8.43548e-05 0.00936715 -0.0170816 9.29867e-05 -0.000516564 -0.0170816 0.0840429 
0.00933682 -0.0171484 1.98711e-05 8.97631e-05 -0.0171484 0.0846548 8.06506e-05 -0.000514136 1.98711e-05 8.06506e-05 0.00936659 -0.0171231 8.97631e-05 -0.000514136 -0.0171231 0.0842395 
0.0093414 -0.0171361 4.58603e-05 6.62355e-05 -0.0171361 0.0845802 5.81249e-05 -0.000475025 4.58603e-05 5.81249e-05 0.00934038 -0.0171032 6.62355e-05 -0.000475025 -0.0171032 0.0842141 
0.00933903 -0.0171384 5.35369e-05 3.01724e-05 -0.0171384 0.0845416 2.50274e-05 -0.000399304 5.35369e-05 2.50274e-05 0.00932666 -0.0170693 3.01724e-05 -0.000399304 -0.0170693 0.0841393 
0.00934839 -0.0171557 5.48104e-05 1.20682e-05 -0.0171557 0.084616 1.11571e-05 -0.000332103 5.48104e-05 1.11571e-05 0.00931483 -0.0170675 1.20682e-05 -0.000332103 -0.0170675 0.08416 
0.00934393 -0.0171551 4.37801e-05 7.13485e-06 -0.0171551 0.0846047 7.46394e-06 -0.000296036 4.37801e-05 7.46394e-06 0.00930745 -0.0170403 7.13485e-06 -0.000296036 -0.0170403 0.0840893 
0.00934908 -0.0171282 3.66844e-05 2.21225e-05 -0.0171282 0.0844829 2.01532e-05 -0.000304508 3.66844e-05 2.01532e-05 0.009279 -0.0170061 2.21225e-05 -0.000304508 -0.0170061 0.0839252 
0.00933627 -0.0171668 3.15762e-05 3.46173e-05 -0.0171668 0.0845798 3.09051e-05 -0.000332686 3.15762e-05 3.09051e-05 0.00929563 -0.0169908 3.46173e-05 -0.000332686 -0.0169908 0.0839104 
0.00931802 -0.0171498 3.49629e-05 3.90052e-05 -0.0171498 0.0845869 3.65116e-05 -0.000349582 3.49629e-05 3.65116e-05 0.00930597 -0.0169988 3.90052e-05 -0.000349582 -0.0169988 0.083884 
0.009291 -0.0170851 2.27836e-05 3.19165e-05 -0.0170851 0.0843479 3.20005e-05 -0.000343336 2.27836e-05 3.20005e-05 0.00929056 -0.0169753 3.19165e-05 -0.000343336 -0.0169753 0.0837124 
0.00927053 -0.0170424 9.24085e-06 4.66196e-05 -0.0170424 0.0841456 4.86665e-05 -0.000363328 9.24085e-06 4.86665e-05 0.00926931 -0.0169511 4.66196e-05 -0.000363328 -0.0169511 0.0835749 
0.0092577 -0.0170072 4.99663e-06 6.11272e-05 -0.0170072 0.0839764 6.29445e-05 -0.000393687 4.99663e-06 6.29445e-05 0.00926256 -0.0169264 6.11272e-05 -0.000393687 -0.0169264 0.0834624 
0.00929227 -0.0170445 1.57511e-05 6.77104e-05 -0.0170445 0.0841455 6.58929e-05 -0.000413801 1.57511e-05 6.58929e-05 0.00927495 -0.0169781 6.77104e-05 -0.000413801 -0.0169781 0.0836826 
0.00934221 -0.0171455 2.0869e-05 5.63271e-05 -0.0171455 0.0845691 5.10588e-05 -0.000399815 2.0869e-05 5.10588e-05 0.00929797 -0.0170451 5.63271e-05 -0.000399815 -0.0170451 0.0840697 
0.00935463 -0.0172162 2.63886e-05 4.97277e-05 -0.0172162 0.0848996 4.59373e-05 -0.000381198 2.63886e-05 4.59373e-05 0.00934034 -0.0170757 4.97277e-05 -0.000381198 -0.0170757 0.0843073 
0.00929643 -0.0171481 3.76507e-05 4.2047e-05 -0.0171481 0.0846627 4.09534e-05 -0.000364135 3.76507e-05 4.09534e-05 0.00935432 -0.0170403 4.2047e-05 -0.000364135 -0.0170403 0.0840757 
0.00928587 -0.0170855 4.77067e-05 2.75755e-05 -0.0170855 0.0845001 2.92412e-05 -0.000339178 4.77067e-05 2.92412e-05 0.00936434 -0.0170801 2.75755e-05 -0.000339178 -0.0170801 0.0841043 
0.00927858 -0.0170508 4.74387e-05 1.14487e-05 -0.0170508 0.0843044 1.46357e-05 -0.000301111 4.74387e-05 1.46357e-05 0.00936345 -0.0170811 1.14487e-05 -0.000301111 -0.0170811 0.0840737 
0.00927247 -0.0170382 5.33232e-05 8.20557e-06 -0.0170382 0.0841899 1.29274e-05 -0.000277797 5.33232e-05 1.29274e-05 0.00934925 -0.017074 8.20557e-06 -0.000277797 -0.017074 0.0840215 
0.00927255 -0.0170258 3.3872e-05 1.59873e-06 -0.0170258 0.0840989 6.56753e-06 -0.000260251 3.3872e-05 6.56753e-06 0.00931714 -0.0170482 1.59873e-06 -0.000260251 -0.0170482 0.0839219 
0.00928273 -0.0170745 1.38387e-05 2.70245e-05 -0.0170745 0.0842799 3.26455e-05 -0.000294954 1.38387e-05 3.26455e-05 0.00932705 -0.0170439 2.70245e-05 -0.000294954 -0.0170439 0.083993 
0.00929291 -0.0171119 1.92527e-05 5.54435e-05 -0.0171119 0.0844973 6.1874e-05 -0.000365998 1.92527e-05 6.1874e-05 0.00935049 -0.0170713 5.54435e-05 -0.000365998 -0.0170713 0.0841263 
0.00930445 -0.0170927 3.00753e-05 5.2783e-05 -0.0170927 0.0844603 6.01547e-05 -0.000398436 3.00753e-05 6.01547e-05 0.00934042 -0.0170726 5.2783e-05 -0.000398436 -0.0170726 0.0840967 
0.0093365 -0.0171534 4.05532e-05 4.08899e-05 -0.0171534 0.0846895 4.70453e-05 -0.000388064 4.05532e-05 4.70453e-05 0.00935346 -0.0171025 4.08899e-05 -0.000388064 -0.0171025 0.0842813 
0.00936182 -0.0171739 4.76811e-05 2.90525e-05 -0.0171739 0.0847651 3.25039e-05 -0.000360176 4.76811e-05 3.25039e-05 0.00933243 -0.017096 2.90525e-05 -0.000360176 -0.017096 0.0842813 
0.00937821 -0.0172194 4.92012e-05 2.23299e-05 -0.0172194 0.0849281 2.05339e-05 -0.000333702 4.92012e-05 2.05339e-05 0.00933839 -0.0170921 2.23299e-05 -0.000333702 -0.0170921 0.0843425 
0.00937908 -0.0172512 4.10556e-05 2.46225e-05 -0.0172512 0.0850892 1.65063e-05 -0.000324491 4.10556e-05 1.65063e-05 0.00936375 -0.0171087 2.46225e-05 -0.000324491 -0.0171087 0.084431 
0.00935229 -0.0172197 3.01438e-05 3.18503e-05 -0.0172197 0.0850081 2.54909e-05 -0.000332899 3.01438e-05 2.54909e-05 0.00937341 -0.0171127 3.18503e-05 -0.000332899 -0.0171127 0.0843916 
0.00931762 -0.0171558 1.95521e-05 4.09126e-05 -0.0171558 0.0847682 3.90468e-05 -0.000352426 1.95521e-05 3.90468e-05 0.00937012 -0.0170967 4.09126e-05 -0.000352426 -0.0170967 0.084259 
0.00929521 -0.0171247 9.21657e-06 5.42704e-05 -0.0171247 0.0846474 5.3684e-05 -0.000384737 9.21657e-06 5.3684e-05 0.00938075 -0.0171007 5.42704e-05 -0.000384737 -0.0171007 0.0842343 
0.00927994 -0.0171104 2.13462e-05 6.74365e-05 -0.0171104 0.0846163 6.48666e-05 -0.000415261 2.13462e-05 6.48666e-05 0.0093948 -0.0171256 6.74365e-05 -0.000415261 -0.0171256 0.0843005 
0.00928793 -0.0170921 3.52875e-05 5.45916e-05 -0.0170921 0.0845802 4.69825e-05 -0.000403397 3.52875e-05 4.69825e-05 0.00938305 -0.0171477 5.45916e-05 -0.000403397 -0.0171477 0.0843734 
0.00926169 -0.017053 3.2735e-05 3.8789e-05 -0.017053 0.0843457 2.69451e-05 -0.000364087 3.2735e-05 2.69451e-05 0.00936392 -0.0170894 3.8789e-05 -0.000364087 -0.0170894 0.0841628 
0.00928826 -0.0170617 3.0629e-05 4.03854e-05 -0.0170617 0.0844057 2.77399e-05 -0.000346511 3.0629e-05 2.77399e-05 0.00936238 -0.0171159 4.03854e-05 -0.000346511 -0.0171159 0.0842615 
0.0093302 -0.0171216 1.41559e-05 4.27123e-05 -0.0171216 0.0846241 3.58324e-05 -0.000354896 1.41559e-05 3.58324e-05 0.00936046 -0.0171483 4.27123e-05 -0.000354896 -0.0171483 0.0844696 
0.00933828 -0.0171382 4.73177e-06 6.42637e-05 -0.0171382 0.0846339 6.11894e-05 -0.000398994 4.73177e-06 6.11894e-05 0.00933541 -0.0171112 6.42637e-05 -0.000398994 -0.0171112 0.0843903 
0.00932981 -0.0171202 8.14407e-06 7.49689e-05 -0.0171202 0.0845098 7.41728e-05 -0.000439625 8.14407e-06 7.41728e-05 0.00931199 -0.0170477 7.49689e-05 -0.000439625 -0.0170477 0.0841495 
0.00935277 -0.0171325 1.96373e-05 6.75791e-05 -0.0171325 0.0845454 6.84583e-05 -0.000440953 1.96373e-05 6.84583e-05 0.00929652 -0.0170402 6.75791e-05 -0.000440953 -0.0170402 0.084106 
0.00932781 -0.0171625 2.15544e-05 5.13771e-05 -0.0171625 0.0846095 5.58024e-05 -0.0004158 2.15544e-05 5.58024e-05 0.00932157 -0.0170231 5.13771e-05 -0.0004158 -0.0170231 0.0840707 
0.00930263 -0.0170985 3.07685e-05 4.78192e-05 -0.0170985 0.0844187 5.34512e-05 -0.000397577 3.07685e-05 5.34512e-05 0.00931387 -0.017015 4.78192e-05 -0.000397577 -0.017015 0.0839124 
0.0092752 -0.0170505 3.91703e-05 3.87817e-05 -0.0170505 0.0841888 4.23212e-05 -0.000377988 3.91703e-05 4.23212e-05 0.00929752 -0.0169892 3.87817e-05 -0.000377988 -0.0169892 0.0837498 
0.0092446 -0.0170083 4.06206e-05 2.87811e-05 -0.0170083 0.0839905 2.88893e-05 -0.000349635 4.06206e-05 2.88893e-05 0.00927668 -0.0169613 2.87811e-05 -0.000349635 -0.0169613 0.0835963 
0.00921079 -0.0169807 3.17452e-05 2.80801e-05 -0.0169807 0.0839005 2.34017e-05 -0.000330455 3.17452e-05 2.34017e-05 0.00928499 -0.0169538 2.80801e-05 -0.000330455 -0.0169538 0.0835641 
0.00919192 -0.0169302 2.69653e-05 3.88903e-05 -0.0169302 0.0837529 3.01586e-05 -0.000335161 2.69653e-05 3.01586e-05 0.00928664 -0.0169584 3.88903e-05 -0.000335161 -0.0169584 0.0835332 
0.00920167 -0.0169155 3.28948e-05 4.3316e-05 -0.0169155 0.0837059 3.60141e-05 -0.000346208 3.28948e-05 3.60141e-05 0.00928671 -0.0169825 4.3316e-05 -0.000346208 -0.0169825 0.08362 
0.00921432 -0.0169244 4.63048e-05 3.35254e-05 -0.0169244 0.0836921 3.09031e-05 -0.00033734 4.63048e-05 3.09031e-05 0.00928027 -0.0169812 3.35254e-05 -0.00033734 -0.0169812 0.0836497 
0.00924313 -0.0169758 5.9658e-05 1.91127e-05 -0.0169758 0.0838834 1.78879e-05 -0.000313906 5.9658e-05 1.78879e-05 0.00929206 -0.0170026 1.91127e-05 -0.000313906 -0.0170026 0.0837962 
0.00925407 -0.0169837 5.64794e-05 3.48432e-06 -0.0169837 0.0838903 -2.94267e-07 -0.000275854 5.64794e-05 -2.94267e-07 0.00928978 -0.0169881 3.48432e-06 -0.000275854 -0.0169881 0.0837403 
0.00928221 -0.0170569 4.5228e-05 9.34695e-06 -0.0170569 0.0842098 1.31719e-06 -0.000267984 4.5228e-05 1.31719e-06 0.00932467 -0.0170494 9.34695e-06 -0.000267984 -0.0170494 0.0840236 
0.00932537 -0.0171153 3.69459e-05 2.81592e-05 -0.0171153 0.0845241 1.69134e-05 -0.000299938 3.69459e-05 1.69134e-05 0.00934494 -0.0171183 2.81592e-05 -0.000299938 -0.0171183 0.0843461 
0.00931776 -0.017125 3.48408e-05 4.18159e-05 -0.017125 0.0845445 2.96023e-05 -0.000340835 3.48408e-05 2.96023e-05 0.00935269 -0.0171082 4.18159e-05 -0.000340835 -0.0171082 0.0843564 
0.00930453 -0.017126 3.10817e-05 4.57533e-05 -0.017126 0.0845905 3.4152e-05 -0.000366853 3.10817e-05 3.4152e-05 0.00936529 -0.0171256 4.57533e-05 -0.000366853 -0.0171256 0.0844162 
0.00928797 -0.0170682 2.06729e-05 4.82931e-05 -0.0170682 0.0843852 3.86546e-05 -0.000380392 2.06729e-05 3.86546e-05 0.00934458 -0.0171032 4.82931e-05 -0.000380392 -0.0171032 0.0842846 
0.00927406 -0.0170348 1.851e-05 5.86768e-05 -0.0170348 0.0841955 4.98683e-05 -0.000399567 1.851e-05 4.98683e-05 0.00931454 -0.0170634 5.86768e-05 -0.000399567 -0.0170634 0.0841206 
0.00926378 -0.0170128 3.22915e-05 5.96684e-05 -0.0170128 0.0840714 5.19791e-05 -0.000408953 3.22915e-05 5.19791e-05 0.0093035 -0.0170291 5.96684e-05 -0.000408953 -0.0170291 0.0839912 
0.00924035 -0.0169915 3.90056e-05 3.96806e-05 -0.0169915 0.0839487 3.50235e-05 -0.000380107 3.90056e-05 3.50235e-05 0.00930337 -0.017002 3.96806e-05 -0.000380107 -0.017002 0.0838503 
0.00923065 -0.0169703 3.1217e-05 2.7492e-05 -0.0169703 0.0838884 2.89323e-05 -0.000347823 3.1217e-05 2.89323e-05 0.0093073 -0.0170152 2.7492e-05 -0.000347823 -0.0170152 0.0838448 
0.00921462 -0.0169192 1.93029e-05 3.49943e-05 -0.0169192 0.0836409 3.9288e-05 -0.000348298 1.93029e-05 3.9288e-05 0.00927452 -0.0169762 3.49943e-05 -0.000348298 -0.0169762 0.0836386 
0.00921137 -0.0169058 1.47553e-06 5.22353e-05 -0.0169058 0.0835272 5.67273e-05 -0.000382514 1.47553e-06 5.67273e-05 0.00924998 -0.016941 5.22353e-05 -0.000382514 -0.016941 0.0835014 
0.00920419 -0.0169084 7.86998e-06 7.68897e-05 -0.0169084 0.0834966 8.1275e-05 -0.000440108 7.86998e-06 8.1275e-05 0.00923631 -0.0169143 7.68897e-05 -0.000440108 -0.0169143 0.0834052 
0.00917307 -0.0168813 1.62603e-05 7.02031e-05 -0.0168813 0.0833725 7.34085e-05 -0.000455768 1.62603e-05 7.34085e-05 0.00921739 -0.0168739 7.02031e-05 -0.000455768 -0.0168739 0.0832249 
0.00916639 -0.0169043 1.45899e-05 5.88018e-05 -0.0169043 0.0835459 5.94644e-05 -0.000433621 1.45899e-05 5.94644e-05 0.00923946 -0.0169037 5.88018e-05 -0.000433621 -0.0169037 0.0833765 
0.00916424 -0.0168638 1.19305e-07 6.17186e-05 -0.0168638 0.083461 5.77245e-05 -0.000420913 1.19305e-07 5.77245e-05 0.00922764 -0.0169055 6.17186e-05 -0.000420913 -0.0169055 0.0833608 
0.00916942 -0.0168098 -5.51099e-07 7.83033e-05 -0.0168098 0.0831775 7.59706e-05 -0.000443308 -5.51099e-07 7.59706e-05 0.0091861 -0.0168511 7.83033e-05 -0.000443308 -0.0168511 0.0831305 
0.00917657 -0.0168194 8.16124e-06 7.51554e-05 -0.0168194 0.0830881 7.83523e-05 -0.000453817 8.16124e-06 7.83523e-05 0.00915302 -0.0168106 7.51554e-05 -0.000453817 -0.0168106 0.0829909 
0.00919349 -0.0168689 1.81493e-05 6.2486e-05 -0.0168689 0.083258 6.54392e-05 -0.000432878 1.81493e-05 6.54392e-05 0.00913879 -0.0168038 6.2486e-05 -0.000432878 -0.0168038 0.0830337 
0.00916919 -0.0168608 1.93077e-05 5.13201e-05 -0.0168608 0.0832243 4.90776e-05 -0.000397651 1.93077e-05 4.90776e-05 0.00912651 -0.0167585 5.13201e-05 -0.000397651 -0.0167585 0.0828905 
0.00913816 -0.0167926 1.95521e-05 4.92349e-05 -0.0167926 0.0829775 4.21696e-05 -0.000369782 1.95521e-05 4.21696e-05 0.00910844 -0.0167109 4.92349e-05 -0.000369782 -0.0167109 0.0826409 
0.00910978 -0.0167456 3.17198e-05 5.19303e-05 -0.0167456 0.0827641 4.29504e-05 -0.000363898 3.17198e-05 4.29504e-05 0.00910397 -0.0166861 5.19303e-05 -0.000363898 -0.0166861 0.0824835 
0.00909401 -0.0167121 3.20489e-05 3.7063e-05 -0.0167121 0.0826233 2.7344e-05 -0.000340065 3.20489e-05 2.7344e-05 0.00910041 -0.0166866 3.7063e-05 -0.000340065 -0.0166866 0.0824288 
0.00909494 -0.0167219 2.68694e-05 2.97904e-05 -0.0167219 0.0826709 2.37338e-05 -0.000312934 2.68694e-05 2.37338e-05 0.00910644 -0.0167091 2.97904e-05 -0.000312934 -0.0167091 0.0825304 
0.00909048 -0.0167068 1.81329e-05 2.86245e-05 -0.0167068 0.0826186 2.87164e-05 -0.00029858 1.81329e-05 2.87164e-05 0.00909228 -0.0167038 2.86245e-05 -0.00029858 -0.0167038 0.082518 
0.00905919 -0.016669 5.59275e-06 3.32554e-05 -0.016669 0.0824332 3.45896e-05 -0.00029493 5.59275e-06 3.45896e-05 0.00908501 -0.0166583 3.32554e-05 -0.00029493 -0.0166583 0.0823419 
0.0090373 -0.0166105 1.00501e-05 5.10633e-05 -0.0166105 0.0821882 5.03689e-05 -0.000320165 1.00501e-05 5.03689e-05 0.00906334 -0.0166258 5.10633e-05 -0.000320165 -0.0166258 0.0821362 
0.00965717 -0.0177616 1.12798e-05 5.47729e-05 -0.0177616 0.0878587 5.29185e-05 -0.000361912 1.12798e-05 5.29185e-05 0.00969507 -0.0177802 5.47729e-05 -0.000361912 -0.0177802 0.0878354 
0.00958632 -0.0176651 3.39417e-05 5.2354e-05 -0.0176651 0.0873853 5.35949e-05 -0.000362967 3.39417e-05 5.35949e-05 0.00966665 -0.0176855 5.2354e-05 -0.000362967 -0.0176855 0.0873611 
0.00957399 -0.01765 4.38638e-05 2.40593e-05 -0.01765 0.0873826 2.88198e-05 -0.000325202 4.38638e-05 2.88198e-05 0.00967567 -0.0177177 2.40593e-05 -0.000325202 -0.0177177 0.0874204 
0.00958859 -0.017663 4.42382e-05 6.27827e-06 -0.017663 0.0875 1.03986e-05 -0.000269951 4.42382e-05 1.03986e-05 0.00968877 -0.0177659 6.27827e-06 -0.000269951 -0.0177659 0.0876354 
0.00959831 -0.0176459 4.05501e-05 7.61175e-06 -0.0176459 0.0874219 7.37528e-06 -0.000244405 4.05501e-05 7.37528e-06 0.00966896 -0.0177575 7.61175e-06 -0.000244405 -0.0177575 0.0876217 
0.00963576 -0.0176694 3.67838e-05 1.39027e-05 -0.0176694 0.0874737 9.74806e-06 -0.000244353 3.67838e-05 9.74806e-06 0.00964194 -0.0177535 1.39027e-05 -0.000244353 -0.0177535 0.0876663 
0.00966259 -0.0177171 2.86943e-05 2.06582e-05 -0.0177171 0.08757 1.47083e-05 -0.00025465 2.86943e-05 1.47083e-05 0.00961294 -0.0177126 2.06582e-05 -0.00025465 -0.0177126 0.0876082 
0.00966993 -0.0177726 3.48132e-05 3.22556e-05 -0.0177726 0.0877665 2.64417e-05 -0.000279211 3.48132e-05 2.64417e-05 0.00961283 -0.0176882 3.22556e-05 -0.000279211 -0.0176882 0.0875922 
0.0096818 -0.0178087 2.62189e-05 2.71003e-05 -0.0178087 0.0879974 2.29266e-05 -0.000288988 2.62189e-05 2.29266e-05 0.00962612 -0.0177097 2.71003e-05 -0.000288988 -0.0177097 0.0877041 
0.00966735 -0.0177752 1.66524e-05 3.43143e-05 -0.0177752 0.0878842 3.32573e-05 -0.000300874 1.66524e-05 3.32573e-05 0.00961192 -0.0176781 3.43143e-05 -0.000300874 -0.0176781 0.087558 
0.00964667 -0.0177173 1.84406e-05 4.03688e-05 -0.0177173 0.0876104 4.25847e-05 -0.000313029 1.84406e-05 4.25847e-05 0.00957744 -0.017622 4.03688e-05 -0.000313029 -0.017622 0.0872805 
0.00959745 -0.0176632 8.37805e-06 3.37997e-05 -0.0176632 0.0873088 3.80094e-05 -0.00030509 8.37805e-06 3.80094e-05 0.00956002 -0.0175526 3.37997e-05 -0.00030509 -0.0175526 0.0869565 
0.00956296 -0.0176167 1.24547e-05 4.412e-05 -0.0176167 0.0871525 4.59488e-05 -0.000308835 1.24547e-05 4.59488e-05 0.00956391 -0.0175509 4.412e-05 -0.000308835 -0.0175509 0.0868662 
0.0095129 -0.0175341 1.03649e-05 4.34824e-05 -0.0175341 0.0868143 3.85375e-05 -0.000306212 1.03649e-05 3.85375e-05 0.00956136 -0.0175189 4.34824e-05 -0.000306212 -0.0175189 0.0866486 
0.00949455 -0.0174841 1.71393e-05 4.59783e-05 -0.0174841 0.0866211 3.77376e-05 -0.00030167 1.71393e-05 3.77376e-05 0.00955325 -0.0175288 4.59783e-05 -0.00030167 -0.0175288 0.0866029 
0.00949698 -0.0175024 2.30943e-05 3.2631e-05 -0.0175024 0.0867037 2.80874e-05 -0.00027931 2.30943e-05 2.80874e-05 0.00956933 -0.0175642 3.2631e-05 -0.00027931 -0.0175642 0.0867813 
0.00950046 -0.0174919 2.45723e-05 1.84751e-05 -0.0174919 0.0866838 2.22557e-05 -0.000247234 2.45723e-05 2.22557e-05 0.00955537 -0.017571 1.84751e-05 -0.000247234 -0.017571 0.086821 
0.00952014 -0.0174848 3.6713e-05 1.11053e-05 -0.0174848 0.0866278 1.98156e-05 -0.000222149 3.6713e-05 1.98156e-05 0.00951005 -0.0175422 1.11053e-05 -0.000222149 -0.0175422 0.0867553 
0.00951771 -0.0174859 3.48568e-05 -1.57998e-06 -0.0174859 0.0865386 5.57816e-06 -0.000192017 3.48568e-05 5.57816e-06 0.0094707 -0.0174688 -1.57998e-06 -0.000192017 -0.0174688 0.086545 
0.00950398 -0.0175088 2.61349e-05 9.22848e-07 -0.0175088 0.0866226 2.96412e-06 -0.000174178 2.61349e-05 2.96412e-06 0.00948176 -0.0174399 9.22848e-07 -0.000174178 -0.0174399 0.0864789 
0.00948544 -0.0174715 2.35641e-05 1.51786e-05 -0.0174715 0.0865317 1.27456e-05 -0.000188251 2.35641e-05 1.27456e-05 0.00949139 -0.0174338 1.51786e-05 -0.000188251 -0.0174338 0.0863806 
0.00947844 -0.0174281 3.8162e-05 2.26696e-05 -0.0174281 0.0863542 1.72317e-05 -0.000209713 3.8162e-05 1.72317e-05 0.00948344 -0.0174328 2.26696e-05 -0.000209713 -0.0174328 0.0862925 
0.00952223 -0.0175023 4.18084e-05 6.40908e-06 -0.0175023 0.0866717 1.49668e-06 -0.000196174 4.18084e-05 1.49668e-06 0.00950704 -0.0175101 6.40908e-06 -0.000196174 -0.0175101 0.0866628 
0.00952423 -0.0175423 2.65394e-05 4.13259e-06 -0.0175423 0.0868357 -1.28619e-06 -0.000184917 2.65394e-05 -1.28619e-06 0.00953275 -0.0175257 4.13259e-06 -0.000184917 -0.0175257 0.0868046 
0.00951331 -0.017539 2.30213e-05 2.04004e-05 -0.017539 0.086883 1.84592e-05 -0.000210089 2.30213e-05 1.84592e-05 0.00955341 -0.0175455 2.04004e-05 -0.000210089 -0.0175455 0.0868632 
0.00952396 -0.0175569 1.80854e-05 2.01168e-05 -0.0175569 0.0870276 2.66058e-05 -0.000230859 1.80854e-05 2.66058e-05 0.00957637 -0.0175932 2.01168e-05 -0.000230859 -0.0175932 0.0870558 
0.00953649 -0.0175838 3.58878e-05 2.08353e-05 -0.0175838 0.0871856 3.50552e-05 -0.000241813 3.58878e-05 3.50552e-05 0.00960339 -0.0176343 2.08353e-05 -0.000241813 -0.0176343 0.0872546 
0.00954508 -0.0175502 3.58286e-05 -1.10624e-06 -0.0175502 0.0870452 1.44559e-05 -0.000214114 3.58286e-05 1.44559e-05 0.00957434 -0.0176175 -1.10624e-06 -0.000214114 -0.0176175 0.0871492 
0.00958976 -0.0176147 3.72546e-05 -1.2212e-06 -0.0176147 0.0872669 7.64015e-06 -0.000187877 3.72546e-05 7.64015e-06 0.00957289 -0.0176344 -1.2212e-06 -0.000187877 -0.0176344 0.0873085 
0.00957914 -0.0176531 3.3287e-05 2.04123e-06 -0.0176531 0.0873677 2.6889e-06 -0.000179223 3.3287e-05 2.6889e-06 0.00958901 -0.0176071 2.04123e-06 -0.000179223 -0.0176071 0.0872591 
0.00955913 -0.0176085 2.49622e-05 7.86552e-06 -0.0176085 0.0872323 4.82968e-06 -0.000180993 2.49622e-05 4.82968e-06 0.00957786 -0.0175898 7.86552e-06 -0.000180993 -0.0175898 0.08709 
0.00954905 -0.017601 2.56388e-05 2.31174e-05 -0.017601 0.0872117 1.79551e-05 -0.000209583 2.56388e-05 1.79551e-05 0.00959043 -0.0175979 2.31174e-05 -0.000209583 -0.0175979 0.0871028 
0.00955519 -0.0175671 1.88336e-05 2.25291e-05 -0.0175671 0.0870809 2.14736e-05 -0.000228558 1.88336e-05 2.14736e-05 0.00956862 -0.0175938 2.25291e-05 -0.000228558 -0.0175938 0.0870323 
0.00955691 -0.0175731 1.43624e-05 3.04454e-05 -0.0175731 0.0870335 3.11866e-05 -0.00024959 1.43624e-05 3.11866e-05 0.00956122 -0.0175756 3.04454e-05 -0.00024959 -0.0175756 0.0869885 
0.00956565 -0.017628 6.92185e-06 3.82688e-05 -0.017628 0.0872701 3.53989e-05 -0.000269894 6.92185e-06 3.53989e-05 0.00959421 -0.017613 3.82688e-05 -0.000269894 -0.017613 0.0871821 
0.00955526 -0.0176011 1.24645e-05 4.98846e-05 -0.0176011 0.0872094 4.44746e-05 -0.000295587 1.24645e-05 4.44746e-05 0.00959446 -0.0176171 4.98846e-05 -0.000295587 -0.0176171 0.0871524 
0.00958908 -0.0176503 2.37383e-05 3.84762e-05 -0.0176503 0.0874682 3.60317e-05 -0.000288727 2.37383e-05 3.60317e-05 0.00961798 -0.0176824 3.84762e-05 -0.000288727 -0.0176824 0.0874619 
0.00956991 -0.0176492 4.23142e-05 2.00122e-05 -0.0176492 0.0874431 2.10185e-05 -0.000251966 4.23142e-05 2.10185e-05 0.00963516 -0.0176683 2.00122e-05 -0.000251966 -0.0176683 0.0874362 
0.00955048 -0.0176016 4.29359e-05 -7.63675e-06 -0.0176016 0.0872763 7.33537e-07 -0.000196193 4.29359e-05 7.33537e-07 0.0096247 -0.0176602 -7.63675e-06 -0.000196193 -0.0176602 0.0873142 
0.00953046 -0.0175527 2.18969e-05 -1.06529e-05 -0.0175527 0.0870382 3.16608e-06 -0.000171042 2.18969e-05 3.16608e-06 0.00960025 -0.0176249 -1.06529e-05 -0.000171042 -0.0176249 0.0871277 
0.00951018 -0.0174788 8.11322e-06 1.25049e-05 -0.0174788 0.0866454 2.75722e-05 -0.000198685 8.11322e-06 2.75722e-05 0.00953816 -0.0175409 1.25049e-05 -0.000198685 -0.0175409 0.0867297 
0.0095071 -0.0174611 1.08991e-05 3.3521e-05 -0.0174611 0.0864554 4.41366e-05 -0.000246498 1.08991e-05 4.41366e-05 0.0094921 -0.0174653 3.3521e-05 -0.000246498 -0.0174653 0.0864334 
0.0094879 -0.0174815 9.41129e-06 3.50634e-05 -0.0174815 0.0864674 3.86376e-05 -0.00026459 9.41129e-06 3.86376e-05 0.00949367 -0.0174214 3.50634e-05 -0.00026459 -0.0174214 0.086277 
0.00952361 -0.0175291 1.17329e-05 3.64962e-05 -0.0175291 0.0867769 3.79532e-05 -0.00026722 1.17329e-05 3.79532e-05 0.00950463 -0.0174885 3.64962e-05 -0.00026722 -0.0174885 0.0865332 
0.00958108 -0.0175753 3.15751e-05 3.50831e-05 -0.0175753 0.0870028 3.23306e-05 -0.000261716 3.15751e-05 3.23306e-05 0.00948345 -0.0175187 3.50831e-05 -0.000261716 -0.0175187 0.0867476 
0.00958247 -0.0176007 5.60963e-05 1.48521e-05 -0.0176007 0.0869973 6.13194e-06 -0.000221891 5.60963e-05 6.13194e-06 0.00947099 -0.0174496 1.48521e-05 -0.000221891 -0.0174496 0.0865898 
0.00956316 -0.0176026 6.33936e-05 -1.57082e-05 -0.0176026 0.0869983 -2.79376e-05 -0.000149956 6.33936e-05 -2.79376e-05 0.00948695 -0.0174274 -1.57082e-05 -0.000149956 -0.0174274 0.0864676 
0.00953388 -0.0175655 4.50268e-05 -2.61865e-05 -0.0175655 0.0868854 -3.57075e-05 -0.000104281 4.50268e-05 -3.57075e-05 0.00950569 -0.017433 -2.61865e-05 -0.000104281 -0.017433 0.0863819 
0.00951575 -0.0175671 1.97092e-05 -1.90855e-06 -0.0175671 0.0869485 -5.00693e-06 -0.000138024 1.97092e-05 -5.00693e-06 0.00955479 -0.017489 -1.90855e-06 -0.000138024 -0.017489 0.0865477 
0.00953948 -0.0176024 1.51596e-05 2.89247e-05 -0.0176024 0.0872351 3.14468e-05 -0.00021682 1.51596e-05 3.14468e-05 0.00961406 -0.0176151 2.89247e-05 -0.00021682 -0.0176151 0.087031 
0.00956134 -0.0176284 2.09647e-06 3.26812e-05 -0.0176284 0.0873925 3.95211e-05 -0.000261487 2.09647e-06 3.95211e-05 0.00963772 -0.017682 3.26812e-05 -0.000261487 -0.017682 0.0873338 
0.009538 -0.0175968 1.06812e-06 4.26404e-05 -0.0175968 0.0872256 5.22356e-05 -0.000284556 1.06812e-06 5.22356e-05 0.00963072 -0.0176509 4.26404e-05 -0.000284556 -0.0176509 0.0872167 
0.00954474 -0.0175361 1.54972e-05 4.218e-05 -0.0175361 0.0869605 5.4158e-05 -0.000293429 1.54972e-05 5.4158e-05 0.00957506 -0.0176162 4.218e-05 -0.000293429 -0.0176162 0.0870108 
0.00958661 -0.017608 2.31366e-05 2.75019e-05 -0.017608 0.0871708 3.95336e-05 -0.000277728 2.31366e-05 3.95336e-05 0.00956871 -0.0176171 2.75019e-05 -0.000277728 -0.0176171 0.0871459 
0.00959065 -0.0176703 3.40146e-05 2.02963e-05 -0.0176703 0.0873906 3.11283e-05 -0.000257053 3.40146e-05 3.11283e-05 0.00959522 -0.0176045 2.02963e-05 -0.000257053 -0.0176045 0.0871809 
0.00961326 -0.0176837 2.38651e-05 1.23079e-05 -0.0176837 0.0875326 1.7768e-05 -0.000237999 2.38651e-05 1.7768e-05 0.00960639 -0.017639 1.23079e-05 -0.000237999 -0.017639 0.0872642 
0.00963183 -0.0176955 2.6259e-05 2.51691e-05 -0.0176955 0.0875586 2.42484e-05 -0.000242063 2.6259e-05 2.42484e-05 0.00960907 -0.0176442 2.51691e-05 -0.000242063 -0.0176442 0.0872849 
0.00964432 -0.0177249 5.03226e-05 2.51931e-05 -0.0177249 0.0876298 2.24767e-05 -0.000250433 5.03226e-05 2.24767e-05 0.00961996 -0.0176471 2.51931e-05 -0.000250433 -0.0176471 0.0873005 
0.00965267 -0.0178098 5.4653e-05 -1.26096e-06 -0.0178098 0.0880225 -4.41653e-06 -0.000215812 5.4653e-05 -4.41653e-06 0.00969435 -0.0177265 -1.26096e-06 -0.000215812 -0.0177265 0.0876513 
0.00900248 -0.0166377 4.43997e-05 -6.0441e-06 -0.0166377 0.0823618 -8.52116e-06 -0.000177466 4.43997e-05 -8.52116e-06 0.00910265 -0.0166369 -6.0441e-06 -0.000177466 -0.0166369 0.0821206 
0.0089998 -0.0165916 4.15621e-05 4.74693e-06 -0.0165916 0.0822641 2.65493e-06 -0.000191683 4.15621e-05 2.65493e-06 0.00911255 -0.016681 4.74693e-06 -0.000191683 -0.016681 0.0822438 
0.00902393 -0.0166163 2.32609e-05 9.05717e-06 -0.0166163 0.0823645 7.88433e-06 -0.000211837 2.32609e-05 7.88433e-06 0.00912563 -0.0167267 9.05717e-06 -0.000211837 -0.0167267 0.0824778 
