0.00671518 0 5.2201e-05 0 0 0.00931994 0 0 5.2201e-05 0 0.00647685 0 0 0 0 0.00931994 
0.00983322 -0.0122027 5.45089e-05 -6.43023e-05 -0.0122027 0.0322533 -6.43023e-05 0.000123594 5.45089e-05 -6.43023e-05 0.00952679 -0.0118282 -6.43023e-05 0.000123594 -0.0118282 0.0315357 
0.0100403 -0.0187573 2.24738e-05 1.11239e-06 -0.0187573 0.0690236 1.11239e-06 -2.69845e-05 2.24738e-05 1.11239e-06 0.00988738 -0.0184011 1.11239e-06 -2.69845e-05 -0.0184011 0.0679264 
0.00863229 -0.0166722 1.31139e-06 0.000100504 -0.0166722 0.07475 9.68353e-05 -0.000548458 1.31139e-06 9.68353e-05 0.00861744 -0.0167029 0.000100504 -0.000548458 -0.0167029 0.0749757 
0.00911449 -0.0169969 7.99234e-06 0.000113536 -0.0169969 0.081948 0.000108213 -0.000807418 7.99234e-06 0.000108213 0.00913256 -0.0171899 0.000113536 -0.000807418 -0.0171899 0.0831272 
0.00887849 -0.0162646 1.17202e-05 6.8475e-05 -0.0162646 0.0797855 6.56557e-05 -0.000643898 1.17202e-05 6.56557e-05 0.0088965 -0.0164527 6.8475e-05 -0.000643898 -0.0164527 0.0810317 
0.00937821 -0.0170478 1.79147e-05 4.70905e-05 -0.0170478 0.0839003 4.56108e-05 -0.000483297 1.79147e-05 4.56108e-05 0.00932489 -0.017223 4.70905e-05 -0.000483297 -0.017223 0.0850374 
0.00913728 -0.016655 2.17915e-05 3.57045e-05 -0.016655 0.0819249 3.40688e-05 -0.000356145 2.17915e-05 3.40688e-05 0.00908729 -0.016723 3.57045e-05 -0.000356145 -0.016723 0.0827375 
0.00961728 -0.017514 3.13659e-05 3.19327e-05 -0.017514 0.0862545 3.07799e-05 -0.000314938 3.13659e-05 3.07799e-05 0.00954716 -0.017573 3.19327e-05 -0.000314938 -0.017573 0.0869177 
0.00950307 -0.0173137 2.28901e-05 2.32604e-05 -0.0173137 0.0852532 2.23851e-05 -0.000280255 2.28901e-05 2.23851e-05 0.00942796 -0.0173474 2.32604e-05 -0.000280255 -0.0173474 0.0858063 
0.00944339 -0.0172215 2.37413e-05 3.40583e-05 -0.0172215 0.0847931 3.43251e-05 -0.000287293 2.37413e-05 3.43251e-05 0.00938451 -0.0172495 3.40583e-05 -0.000287293 -0.0172495 0.0852985 
0.00941081 -0.0171762 6.52968e-06 3.46299e-05 -0.0171762 0.0845985 3.48144e-05 -0.000299108 6.52968e-06 3.48144e-05 0.00936761 -0.0172298 3.46299e-05 -0.000299108 -0.0172298 0.0851353 
0.00937964 -0.0170872 -6.12766e-06 5.41893e-05 -0.0170872 0.0842059 5.60555e-05 -0.000333076 -6.12766e-06 5.60555e-05 0.00931799 -0.0171702 5.41893e-05 -0.000333076 -0.0171702 0.0848216 
0.00931745 -0.0170009 1.91977e-06 6.96943e-05 -0.0170009 0.0837202 6.90252e-05 -0.000371022 1.91977e-06 6.90252e-05 0.00928598 -0.0170578 6.96943e-05 -0.000371022 -0.0170578 0.0843266 
0.00926104 -0.016936 2.16585e-05 6.1869e-05 -0.016936 0.0834212 5.6991e-05 -0.000369606 2.16585e-05 5.6991e-05 0.00927538 -0.0170181 6.1869e-05 -0.000369606 -0.0170181 0.0840379 
0.00923973 -0.0169275 4.85131e-05 3.7402e-05 -0.0169275 0.0834649 3.08698e-05 -0.000323207 4.85131e-05 3.08698e-05 0.00929213 -0.0170658 3.7402e-05 -0.000323207 -0.0170658 0.0841802 
0.00922915 -0.0169102 3.96431e-05 1.3461e-06 -0.0169102 0.0834859 -3.86156e-06 -0.000241827 3.96431e-05 -3.86156e-06 0.009297 -0.0170988 1.3461e-06 -0.000241827 -0.0170988 0.0843282 
0.00923027 -0.0168731 2.21931e-05 5.79703e-06 -0.0168731 0.0833581 4.03312e-06 -0.000207942 2.21931e-05 4.03312e-06 0.00927317 -0.0170757 5.79703e-06 -0.000207942 -0.0170757 0.0842645 
0.00925639 -0.0168657 1.69943e-05 2.55208e-05 -0.0168657 0.0832676 2.64907e-05 -0.000233325 1.69943e-05 2.64907e-05 0.00922572 -0.0170391 2.55208e-05 -0.000233325 -0.0170391 0.0841498 
0.0092897 -0.016906 4.94719e-06 3.33215e-05 -0.016906 0.0833159 3.38561e-05 -0.000260304 4.94719e-06 3.38561e-05 0.00918854 -0.0169831 3.33215e-05 -0.000260304 -0.0169831 0.0840234 
0.00932886 -0.0170127 8.34432e-06 4.77493e-05 -0.0170127 0.0837235 4.52361e-05 -0.000286244 8.34432e-06 4.52361e-05 0.00921304 -0.0169975 4.77493e-05 -0.000286244 -0.0169975 0.0841941 
0.00933518 -0.0170594 2.6156e-05 4.44261e-05 -0.0170594 0.0839664 4.06874e-05 -0.000291744 2.6156e-05 4.06874e-05 0.00923791 -0.0170187 4.44261e-05 -0.000291744 -0.0170187 0.0842886 
0.00932693 -0.017026 3.67015e-05 2.34159e-05 -0.017026 0.083883 1.98477e-05 -0.000258699 3.67015e-05 1.98477e-05 0.00922694 -0.0170125 2.34159e-05 -0.000258699 -0.0170125 0.0842037 
0.00933023 -0.0170174 4.39485e-05 9.02127e-06 -0.0170174 0.0838416 4.6449e-06 -0.000215159 4.39485e-05 4.6449e-06 0.00922039 -0.0170082 9.02127e-06 -0.000215159 -0.0170082 0.0841903 
0.0093134 -0.0169944 4.42802e-05 -1.34708e-06 -0.0169944 0.0837016 -5.134e-06 -0.000180449 4.42802e-05 -5.134e-06 0.00920892 -0.016978 -1.34708e-06 -0.000180449 -0.016978 0.0840563 
0.00927546 -0.0169492 2.54375e-05 -1.96951e-06 -0.0169492 0.083484 -5.3973e-06 -0.000166467 2.54375e-05 -5.3973e-06 0.00919632 -0.0169348 -1.96951e-06 -0.000166467 -0.0169348 0.0838342 
0.00920314 -0.0168155 2.19376e-05 1.98232e-05 -0.0168155 0.0828829 1.66486e-05 -0.00019491 2.19376e-05 1.66486e-05 0.00914727 -0.0168342 1.98232e-05 -0.00019491 -0.0168342 0.0832859 
0.00916526 -0.0167378 1.74561e-05 2.53554e-05 -0.0167378 0.0825162 2.29837e-05 -0.000221548 1.74561e-05 2.29837e-05 0.0091068 -0.0167828 2.53554e-05 -0.000221548 -0.0167828 0.0829865 
0.00917854 -0.016767 2.39773e-05 2.78551e-05 -0.016767 0.0826421 2.83745e-05 -0.000234571 2.39773e-05 2.83745e-05 0.00910052 -0.0168051 2.78551e-05 -0.000234571 -0.0168051 0.0831251 
0.00917383 -0.0167627 3.58851e-05 1.98847e-05 -0.0167627 0.0826183 2.29811e-05 -0.000231149 3.58851e-05 2.29811e-05 0.00907771 -0.0167701 1.98847e-05 -0.000231149 -0.0167701 0.0830434 
0.0091628 -0.0167514 4.16616e-05 2.51767e-06 -0.0167514 0.082569 5.01192e-06 -0.000195479 4.16616e-05 5.01192e-06 0.00906518 -0.0167294 2.51767e-06 -0.000195479 -0.0167294 0.0829062 
0.0091271 -0.0166975 2.69143e-05 -3.75919e-06 -0.0166975 0.082329 5.86885e-07 -0.000170547 2.69143e-05 5.86885e-07 0.00904733 -0.0166737 -3.75919e-06 -0.000170547 -0.0166737 0.0826234 
0.00911565 -0.0166581 5.28312e-06 1.29631e-05 -0.0166581 0.0821713 1.64624e-05 -0.000185687 5.28312e-06 1.64624e-05 0.0090346 -0.0166547 1.29631e-05 -0.000185687 -0.0166547 0.0824789 
0.00914335 -0.01667 -1.17963e-05 4.06674e-05 -0.01667 0.0822048 4.12178e-05 -0.000236684 -1.17963e-05 4.12178e-05 0.0090243 -0.0166685 4.06674e-05 -0.000236684 -0.0166685 0.0825306 
0.00917477 -0.0167225 -5.8604e-06 6.28937e-05 -0.0167225 0.0823558 6.15802e-05 -0.000293887 -5.8604e-06 6.15802e-05 0.00901517 -0.0166673 6.28937e-05 -0.000293887 -0.0166673 0.0825951 
0.00916608 -0.0167493 1.20731e-05 5.58858e-05 -0.0167493 0.0824152 5.40619e-05 -0.000304589 1.20731e-05 5.40619e-05 0.00900598 -0.0166321 5.58858e-05 -0.000304589 -0.0166321 0.0824969 
0.00916472 -0.0167455 3.22244e-05 2.97771e-05 -0.0167455 0.0824581 2.81341e-05 -0.000257501 3.22244e-05 2.81341e-05 0.00899509 -0.0166272 2.97771e-05 -0.000257501 -0.0166272 0.082466 
0.00913828 -0.0167209 4.94233e-05 3.12723e-06 -0.0167209 0.08236 2.30066e-06 -0.000190639 4.94233e-05 2.30066e-06 0.00898355 -0.0165942 3.12723e-06 -0.000190639 -0.0165942 0.0823391 
0.0091245 -0.0167042 4.21603e-05 -2.10844e-05 -0.0167042 0.0823448 -1.91188e-05 -0.000124995 4.21603e-05 -1.91188e-05 0.00899282 -0.0165958 -2.10844e-05 -0.000124995 -0.0165958 0.0823394 
0.00907459 -0.0166769 3.7277e-05 -1.49319e-05 -0.0166769 0.082269 -1.13944e-05 -0.000105661 3.7277e-05 -1.13944e-05 0.00903698 -0.0166018 -1.49319e-05 -0.000105661 -0.0166018 0.0823329 
0.00902915 -0.0165888 3.76356e-05 -6.80563e-06 -0.0165888 0.0820171 -5.88232e-06 -0.000114641 3.76356e-05 -5.88232e-06 0.00905303 -0.0166361 -6.80563e-06 -0.000114641 -0.0166361 0.0823106 
0.00962674 -0.0176669 3.65561e-05 -6.51386e-06 -0.0176669 0.0874403 -1.23828e-05 -0.000120768 3.65561e-05 -1.23828e-05 0.00968687 -0.0178114 -6.51386e-06 -0.000120768 -0.0178114 0.0880357 
0.00963145 -0.0176516 4.36397e-05 -1.97266e-06 -0.0176516 0.0873701 -1.11237e-05 -0.000120011 4.36397e-05 -1.11237e-05 0.00968217 -0.0178407 -1.97266e-06 -0.000120011 -0.0178407 0.0881501 
0.00963655 -0.0176498 5.69863e-05 -1.00029e-05 -0.0176498 0.0873145 -1.39603e-05 -0.000115433 5.69863e-05 -1.39603e-05 0.00967137 -0.0178263 -1.00029e-05 -0.000115433 -0.0178263 0.0881399 
0.00962743 -0.0176263 6.55054e-05 -2.88249e-05 -0.0176263 0.0871583 -2.73354e-05 -8.72173e-05 6.55054e-05 -2.73354e-05 0.00964604 -0.0177817 -2.88249e-05 -8.72173e-05 -0.0177817 0.0879516 
0.00960896 -0.0176204 4.5994e-05 -4.15387e-05 -0.0176204 0.0870867 -3.91349e-05 -5.32333e-05 4.5994e-05 -3.91349e-05 0.00962888 -0.0177467 -4.15387e-05 -5.32333e-05 -0.0177467 0.0878072 
0.00959898 -0.017595 5.32614e-06 -1.99205e-05 -0.017595 0.0869982 -2.01392e-05 -6.55123e-05 5.32614e-06 -2.01392e-05 0.00959904 -0.017717 -1.99205e-05 -6.55123e-05 -0.017717 0.0876732 
0.00954324 -0.0175049 -1.42082e-05 3.33192e-05 -0.0175049 0.086539 3.11304e-05 -0.000158141 -1.42082e-05 3.11304e-05 0.00954916 -0.0175919 3.33192e-05 -0.000158141 -0.0175919 0.08713 
0.00952317 -0.0174629 -2.28564e-05 6.12673e-05 -0.0174629 0.0863488 6.02646e-05 -0.000252669 -2.28564e-05 6.02646e-05 0.00953374 -0.0175504 6.12673e-05 -0.000252669 -0.0175504 0.0868903 
0.00951383 -0.0174343 -2.80957e-05 6.99299e-05 -0.0174343 0.0862068 7.01509e-05 -0.000300992 -2.80957e-05 7.01509e-05 0.00951997 -0.0175346 6.99299e-05 -0.000300992 -0.0175346 0.0867595 
0.00954347 -0.017487 -2.24017e-05 7.57259e-05 -0.017487 0.0864319 7.54622e-05 -0.000324011 -2.24017e-05 7.54622e-05 0.00953929 -0.0175793 7.57259e-05 -0.000324011 -0.0175793 0.0869761 
0.00957088 -0.0175379 -6.12834e-07 6.65896e-05 -0.0175379 0.0866517 6.4671e-05 -0.000311476 -6.12834e-07 6.4671e-05 0.00955293 -0.01761 6.65896e-05 -0.000311476 -0.01761 0.0871494 
0.00960945 -0.0176193 1.73129e-06 3.80387e-05 -0.0176193 0.0870426 3.68663e-05 -0.000258064 1.73129e-06 3.68663e-05 0.00958624 -0.0176786 3.80387e-05 -0.000258064 -0.0176786 0.0875035 
0.00961633 -0.017616 1.9665e-05 2.96545e-05 -0.017616 0.0870498 3.13065e-05 -0.000215071 1.9665e-05 3.13065e-05 0.00957772 -0.017675 2.96545e-05 -0.000215071 -0.017675 0.0875037 
0.00963037 -0.0176661 7.0952e-06 1.08381e-05 -0.0176661 0.0872809 1.09169e-05 -0.000173058 7.0952e-06 1.09169e-05 0.0096121 -0.017715 1.08381e-05 -0.000173058 -0.017715 0.0877332 
0.00962083 -0.0176042 -1.03597e-05 2.8399e-05 -0.0176042 0.0870271 2.22792e-05 -0.00017488 -1.03597e-05 2.22792e-05 0.00958414 -0.0176783 2.8399e-05 -0.00017488 -0.0176783 0.087514 
0.00963596 -0.0175912 -2.31252e-05 5.36727e-05 -0.0175912 0.0868937 4.30959e-05 -0.000220208 -2.31252e-05 4.30959e-05 0.00954895 -0.0176518 5.36727e-05 -0.000220208 -0.0176518 0.0873952 
0.00965428 -0.0176379 -2.46843e-05 7.16724e-05 -0.0176379 0.0869963 5.9356e-05 -0.000269755 -2.46843e-05 5.9356e-05 0.00954465 -0.017633 7.16724e-05 -0.000269755 -0.017633 0.087395 
0.0096803 -0.0177001 -1.84977e-05 7.22825e-05 -0.0177001 0.0872666 6.47328e-05 -0.000294876 -1.84977e-05 6.47328e-05 0.00955622 -0.01766 7.22825e-05 -0.000294876 -0.01766 0.0875506 
0.00970838 -0.0177257 -1.57889e-05 5.95067e-05 -0.0177257 0.0873968 5.90874e-05 -0.000284643 -1.57889e-05 5.90874e-05 0.00954715 -0.0176628 5.95067e-05 -0.000284643 -0.0176628 0.0875968 
0.0097301 -0.0177857 -8.69689e-07 4.7861e-05 -0.0177857 0.0876321 5.16829e-05 -0.00025571 -8.69689e-07 5.16829e-05 0.00957582 -0.0176768 4.7861e-05 -0.00025571 -0.0176768 0.0877286 
0.00973461 -0.0178212 1.56406e-05 2.67775e-05 -0.0178212 0.0878277 3.34854e-05 -0.000210655 1.56406e-05 3.34854e-05 0.00961288 -0.0177234 2.67775e-05 -0.000210655 -0.0177234 0.0879006 
0.00910158 -0.016677 8.36247e-06 3.19544e-06 -0.016677 0.0822574 8.76765e-06 -0.000139023 8.36247e-06 8.76765e-06 0.00900884 -0.0166294 3.19544e-06 -0.000139023 -0.0166294 0.0824039 
0.00910378 -0.0166876 1.09261e-05 1.41465e-05 -0.0166876 0.0823779 1.42211e-05 -0.000126332 1.09261e-05 1.42211e-05 0.00902852 -0.016669 1.41465e-05 -0.000126332 -0.016669 0.0826149 
0.00908018 -0.0166764 1.17649e-05 1.77932e-05 -0.0166764 0.0823814 1.28547e-05 -0.000133735 1.17649e-05 1.28547e-05 0.00905321 -0.0166838 1.77932e-05 -0.000133735 -0.0166838 0.0827019 
0.00903384 -0.0165871 1.36532e-05 1.94986e-05 -0.0165871 0.0820572 1.08186e-05 -0.000136628 1.36532e-05 1.08186e-05 0.00905046 -0.0166592 1.94986e-05 -0.000136628 -0.0166592 0.0825172 
0.00900334 -0.0165086 1.54804e-05 1.67259e-05 -0.0165086 0.0817298 6.12597e-06 -0.000130162 1.54804e-05 6.12597e-06 0.0090368 -0.0166437 1.67259e-05 -0.000130162 -0.0166437 0.0823641 
0.00961698 -0.0175966 2.68556e-05 1.2048e-05 -0.0175966 0.0871013 1.31086e-06 -0.000123844 2.68556e-05 1.31086e-06 0.00962746 -0.0177658 1.2048e-05 -0.000123844 -0.0177658 0.0879014 
0.00958995 -0.0175647 2.97185e-05 -7.41643e-06 -0.0175647 0.0868529 -1.46482e-05 -8.3172e-05 2.97185e-05 -1.46482e-05 0.00959265 -0.0176983 -7.41643e-06 -8.3172e-05 -0.0176983 0.0876327 
0.00953284 -0.0174966 2.62374e-05 -1.4377e-05 -0.0174966 0.0864977 -1.49314e-05 -5.64449e-05 2.62374e-05 -1.49314e-05 0.00956308 -0.0176007 -1.4377e-05 -5.64449e-05 -0.0176007 0.0871827 
0.00950382 -0.0174415 1.85102e-05 -1.06374e-05 -0.0174415 0.0862911 -5.92291e-06 -5.96991e-05 1.85102e-05 -5.92291e-06 0.00954635 -0.0175749 -1.06374e-05 -5.96991e-05 -0.0175749 0.0869726 
0.00949125 -0.0174116 1.74484e-05 -4.10672e-06 -0.0174116 0.0861644 3.37626e-06 -7.38489e-05 1.74484e-05 3.37626e-06 0.00954077 -0.0175636 -4.10672e-06 -7.38489e-05 -0.0175636 0.0868874 
0.00952008 -0.0174253 1.52359e-05 2.37901e-06 -0.0174253 0.0862279 5.37686e-06 -9.00636e-05 1.52359e-05 5.37686e-06 0.0095321 -0.0175906 2.37901e-06 -9.00636e-05 -0.0175906 0.0869929 
0.00956484 -0.0175073 9.93705e-07 9.2218e-06 -0.0175073 0.086543 6.38091e-06 -0.000104118 9.93705e-07 6.38091e-06 0.00954211 -0.0176303 9.2218e-06 -0.000104118 -0.0176303 0.0872632 
0.00955216 -0.0174895 8.42368e-07 3.04636e-05 -0.0174895 0.0864158 2.6097e-05 -0.000143696 8.42368e-07 2.6097e-05 0.00950843 -0.0175694 3.04636e-05 -0.000143696 -0.0175694 0.0870378 
0.00954621 -0.0174775 5.26244e-06 2.89544e-05 -0.0174775 0.0863374 3.03717e-05 -0.000166779 5.26244e-06 3.03717e-05 0.00948373 -0.0175203 2.89544e-05 -0.000166779 -0.0175203 0.0868473 
0.00957318 -0.0174875 1.31357e-05 2.01066e-05 -0.0174875 0.0863719 2.55784e-05 -0.000161689 1.31357e-05 2.55784e-05 0.00945689 -0.017508 2.01066e-05 -0.000161689 -0.017508 0.0868041 
0.00959266 -0.0175316 4.55156e-06 9.66225e-06 -0.0175316 0.086487 1.0292e-05 -0.00013375 4.55156e-06 1.0292e-05 0.00944717 -0.0174833 9.66225e-06 -0.00013375 -0.0174833 0.0867804 
0.00960768 -0.0175845 5.86746e-06 2.02749e-05 -0.0175845 0.0867172 1.05629e-05 -0.000120606 5.86746e-06 1.05629e-05 0.00946618 -0.017497 2.02749e-05 -0.000120606 -0.017497 0.0868804 
0.0095999 -0.0175786 -9.10653e-06 2.47545e-05 -0.0175786 0.0867296 7.29385e-06 -0.000122136 -9.10653e-06 7.29385e-06 0.00947629 -0.0174978 2.47545e-05 -0.000122136 -0.0174978 0.0868534 
0.00954947 -0.0175218 -1.10734e-05 4.05062e-05 -0.0175218 0.0864891 2.44546e-05 -0.000144355 -1.10734e-05 2.44546e-05 0.00948241 -0.0174712 4.05062e-05 -0.000144355 -0.0174712 0.086666 
0.00953252 -0.0174928 -4.75706e-07 3.80334e-05 -0.0174928 0.0864439 3.01874e-05 -0.000156203 -4.75706e-07 3.01874e-05 0.00950216 -0.0175135 3.80334e-05 -0.000156203 -0.0175135 0.0867641 
0.00953522 -0.0174887 1.4322e-05 2.00421e-05 -0.0174887 0.0864785 1.78638e-05 -0.000131962 1.4322e-05 1.78638e-05 0.00951045 -0.0175601 2.00421e-05 -0.000131962 -0.0175601 0.0869513 
0.00954655 -0.0175013 2.54445e-05 -3.71435e-06 -0.0175013 0.0865469 -3.12414e-06 -7.83705e-05 2.54445e-05 -3.12414e-06 0.00950731 -0.0175733 -3.71435e-06 -7.83705e-05 -0.0175733 0.0870704 
0.00954191 -0.0174912 4.33591e-05 -1.81064e-05 -0.0174912 0.0864907 -1.79831e-05 -2.95365e-05 4.33591e-05 -1.79831e-05 0.00948641 -0.0175417 -1.81064e-05 -2.95365e-05 -0.0175417 0.0869852 
0.00953192 -0.0175051 3.1298e-05 -3.50286e-05 -0.0175051 0.0865536 -4.08509e-05 1.75455e-05 3.1298e-05 -4.08509e-05 0.00950118 -0.017528 -3.50286e-05 1.75455e-05 -0.017528 0.0869763 
0.00952172 -0.0174925 3.33957e-05 -2.17064e-05 -0.0174925 0.0865565 -3.13512e-05 2.49824e-05 3.33957e-05 -3.13512e-05 0.0095167 -0.0175362 -2.17064e-05 2.49824e-05 -0.0175362 0.0869686 
0.0095128 -0.0174682 3.80861e-05 -2.55631e-05 -0.0174682 0.0864858 -3.35464e-05 2.72255e-05 3.80861e-05 -3.35464e-05 0.00952094 -0.0175493 -2.55631e-05 2.72255e-05 -0.0175493 0.0869673 
0.00952123 -0.0174505 2.66558e-05 -3.28048e-05 -0.0174505 0.0864228 -3.57972e-05 3.60801e-05 2.66558e-05 -3.57972e-05 0.00950907 -0.0175647 -3.28048e-05 3.60801e-05 -0.0175647 0.0870093 
0.00949486 -0.0174173 9.82501e-06 -1.84802e-05 -0.0174173 0.0861991 -1.71969e-05 1.29014e-05 9.82501e-06 -1.71969e-05 0.00948461 -0.0175099 -1.84802e-05 1.29014e-05 -0.0175099 0.0868008 
0.00946783 -0.0173275 1.56359e-05 2.44825e-06 -0.0173275 0.0857568 5.12279e-06 -3.47852e-05 1.56359e-05 5.12279e-06 0.00941801 -0.0174111 2.44825e-06 -3.47852e-05 -0.0174111 0.0863249 
0.00945266 -0.017297 1.61234e-05 -5.32498e-06 -0.017297 0.0855128 -5.79233e-07 -4.75175e-05 1.61234e-05 -5.79233e-07 0.00937712 -0.0173338 -5.32498e-06 -4.75175e-05 -0.0173338 0.0859987 
0.00944205 -0.0172861 -5.86972e-06 -1.0185e-05 -0.0172861 0.0853981 -1.94097e-06 -3.8909e-05 -5.86972e-06 -1.94097e-06 0.00935334 -0.0172809 -1.0185e-05 -3.8909e-05 -0.0172809 0.0857639 
0.00943345 -0.0173247 -3.09931e-05 1.31559e-05 -0.0173247 0.0855651 2.44703e-05 -7.05881e-05 -3.09931e-05 2.44703e-05 0.00937195 -0.0172947 1.31559e-05 -7.05881e-05 -0.0172947 0.0858308 
0.00947501 -0.0173802 -4.01801e-05 4.61722e-05 -0.0173802 0.085946 5.66795e-05 -0.000141152 -4.01801e-05 5.66795e-05 0.00940061 -0.0173848 4.61722e-05 -0.000141152 -0.0173848 0.0862252 
0.00945953 -0.0173629 -4.41663e-05 6.14129e-05 -0.0173629 0.0858574 6.67853e-05 -0.000193956 -4.41663e-05 6.67853e-05 0.00940019 -0.0173505 6.14129e-05 -0.000193956 -0.0173505 0.0861242 
0.00943732 -0.0173357 -4.06831e-05 6.70078e-05 -0.0173357 0.0857539 6.77094e-05 -0.000214387 -4.06831e-05 6.77094e-05 0.0093993 -0.0173403 6.70078e-05 -0.000214387 -0.0173403 0.0860335 
0.00939629 -0.0172507 -3.93004e-05 6.52943e-05 -0.0172507 0.0853821 6.34006e-05 -0.000216246 -3.93004e-05 6.34006e-05 0.00936879 -0.0172845 6.52943e-05 -0.000216246 -0.0172845 0.085718 
0.00938525 -0.0172551 -5.3574e-05 6.36847e-05 -0.0172551 0.0854032 6.05249e-05 -0.000211707 -5.3574e-05 6.05249e-05 0.00938696 -0.0173006 6.36847e-05 -0.000211707 -0.0173006 0.0857812 
0.00937651 -0.017222 -2.81803e-05 7.86734e-05 -0.017222 0.0852993 7.508e-05 -0.000228475 -2.81803e-05 7.508e-05 0.00937522 -0.0173051 7.86734e-05 -0.000228475 -0.0173051 0.085751 
0.00938844 -0.017194 1.04024e-05 4.81996e-05 -0.017194 0.0851526 4.50667e-05 -0.000193947 1.04024e-05 4.50667e-05 0.00933283 -0.0172761 4.81996e-05 -0.000193947 -0.0172761 0.0856406 
0.00937534 -0.0171853 3.52392e-05 -2.16799e-06 -0.0171853 0.0849931 -7.79059e-06 -8.63135e-05 3.52392e-05 -7.79059e-06 0.00930111 -0.0171974 -2.16799e-06 -8.63135e-05 -0.0171974 0.0853775 
0.00937873 -0.017205 5.88676e-05 -3.60845e-05 -0.017205 0.0850605 -4.31642e-05 2.25113e-05 5.88676e-05 -4.31642e-05 0.00929065 -0.0171798 -3.60845e-05 2.25113e-05 -0.0171798 0.0853129 
0.0093931 -0.0172415 5.74741e-05 -6.52664e-05 -0.0172415 0.0852515 -7.46582e-05 0.000113896 5.74741e-05 -7.46582e-05 0.00929943 -0.0171987 -6.52664e-05 0.000113896 -0.0171987 0.0854248 
0.00939539 -0.0172644 5.91198e-05 -6.02463e-05 -0.0172644 0.0853915 -7.10465e-05 0.000141839 5.91198e-05 -7.10465e-05 0.0093172 -0.0172146 -6.02463e-05 0.000141839 -0.0172146 0.0855239 
0.00939005 -0.017217 4.47102e-05 -5.90672e-05 -0.017217 0.0852172 -7.08993e-05 0.000141952 4.47102e-05 -7.08993e-05 0.00928303 -0.0171892 -5.90672e-05 0.000141952 -0.0171892 0.0853707 
0.009359 -0.0171791 1.95578e-05 -4.32889e-05 -0.0171791 0.0849721 -5.50679e-05 0.000119539 1.95578e-05 -5.50679e-05 0.00925693 -0.0171138 -4.32889e-05 0.000119539 -0.0171138 0.0850804 
0.00936964 -0.0171889 4.58824e-06 -1.46078e-05 -0.0171889 0.0850363 -2.42554e-05 6.39174e-05 4.58824e-06 -2.42554e-05 0.00925756 -0.0171228 -1.46078e-05 6.39174e-05 -0.0171228 0.0851052 
0.0093571 -0.0172053 -3.72028e-06 7.75502e-06 -0.0172053 0.0851023 -9.88187e-07 -2.43311e-06 -3.72028e-06 -9.88187e-07 0.00928572 -0.0171284 7.75502e-06 -2.43311e-06 -0.0171284 0.0851446 
0.00935391 -0.0171878 -1.0629e-05 1.29296e-05 -0.0171878 0.0850917 8.02862e-06 -3.54087e-05 -1.0629e-05 8.02862e-06 0.00929583 -0.0171547 1.29296e-05 -3.54087e-05 -0.0171547 0.08518 
0.00935572 -0.0171815 -1.4739e-05 1.75674e-05 -0.0171815 0.0850806 2.01198e-05 -5.84397e-05 -1.4739e-05 2.01198e-05 0.00930786 -0.0171791 1.75674e-05 -5.84397e-05 -0.0171791 0.0852613 
0.00938304 -0.0172194 -7.31072e-06 1.90175e-05 -0.0172194 0.0852556 2.84941e-05 -7.44975e-05 -7.31072e-06 2.84941e-05 0.0093225 -0.0172286 1.90175e-05 -7.44975e-05 -0.0172286 0.0854898 
0.00937634 -0.0172194 4.34497e-06 8.61426e-06 -0.0172194 0.0852221 2.18737e-05 -6.83128e-05 4.34497e-06 2.18737e-05 0.0093208 -0.0172128 8.61426e-06 -6.83128e-05 -0.0172128 0.0854514 
0.00936915 -0.0171825 8.78416e-06 -5.98372e-06 -0.0171825 0.0850517 8.45175e-06 -4.24977e-05 8.78416e-06 8.45175e-06 0.00929812 -0.0171792 -5.98372e-06 -4.24977e-05 -0.0171792 0.0852735 
0.00939384 -0.0172101 9.81692e-06 -1.24265e-05 -0.0172101 0.0851312 2.13185e-06 -1.89257e-05 9.81692e-06 2.13185e-06 0.00929641 -0.017183 -1.24265e-05 -1.89257e-05 -0.017183 0.0853103 
0.00939734 -0.0172476 6.20557e-06 -1.03769e-05 -0.0172476 0.0852471 7.81965e-07 -1.4812e-05 6.20557e-06 7.81965e-07 0.00931285 -0.0171863 -1.03769e-05 -1.4812e-05 -0.0171863 0.0853492 
0.00940764 -0.0172434 1.10724e-05 -1.86905e-06 -0.0172434 0.0852586 5.18488e-06 -2.73403e-05 1.10724e-05 5.18488e-06 0.00931568 -0.0171985 -1.86905e-06 -2.73403e-05 -0.0171985 0.0853541 
0.00945783 -0.0173401 6.30745e-06 -1.35462e-06 -0.0173401 0.085698 4.1233e-06 -4.22929e-05 6.30745e-06 4.1233e-06 0.00935217 -0.0172939 -1.35462e-06 -4.22929e-05 -0.0172939 0.08581 
0.00947807 -0.0173675 -4.83488e-06 4.64693e-06 -0.0173675 0.0858351 9.69074e-06 -5.6171e-05 -4.83488e-06 9.69074e-06 0.00935799 -0.0173137 4.64693e-06 -5.6171e-05 -0.0173137 0.0859509 
0.00949951 -0.0174044 -8.86431e-06 1.65975e-05 -0.0174044 0.0859903 1.93521e-05 -7.65586e-05 -8.86431e-06 1.93521e-05 0.00936492 -0.0173275 1.65975e-05 -7.65586e-05 -0.0173275 0.0860684 
0.00951385 -0.0174565 -2.70229e-06 2.20357e-05 -0.0174565 0.0862376 1.97686e-05 -8.8888e-05 -2.70229e-06 1.97686e-05 0.00939761 -0.0173677 2.20357e-05 -8.8888e-05 -0.0173677 0.0862865 
0.00951035 -0.0174501 -4.58236e-08 1.74575e-05 -0.0174501 0.0862641 9.67325e-06 -8.02758e-05 -4.58236e-08 9.67325e-06 0.00941882 -0.0173856 1.74575e-05 -8.02758e-05 -0.0173856 0.0863421 
0.00952146 -0.0174564 8.9227e-06 1.54585e-05 -0.0174564 0.0863265 4.59419e-06 -6.85225e-05 8.9227e-06 4.59419e-06 0.00943945 -0.0174271 1.54585e-05 -6.85225e-05 -0.0174271 0.0864865 
0.00952082 -0.0174779 1.66551e-06 3.0418e-06 -0.0174779 0.0864224 -5.39672e-06 -4.6379e-05 1.66551e-06 -5.39672e-06 0.00946843 -0.0174662 3.0418e-06 -4.6379e-05 -0.0174662 0.0866557 
0.00952246 -0.0174736 6.06128e-06 9.7846e-06 -0.0174736 0.0864488 4.48556e-06 -4.75196e-05 6.06128e-06 4.48556e-06 0.00948554 -0.0174965 9.7846e-06 -4.75196e-05 -0.0174965 0.0867602 
0.00951652 -0.0174741 5.5977e-06 9.26632e-06 -0.0174741 0.0864685 6.9753e-06 -6.13551e-05 5.5977e-06 6.9753e-06 0.0095111 -0.0175271 9.26632e-06 -6.13551e-05 -0.0175271 0.0868792 
0.00950149 -0.0174507 1.21847e-05 5.91115e-06 -0.0174507 0.0863879 1.20105e-05 -6.90456e-05 1.21847e-05 1.20105e-05 0.00952356 -0.0175417 5.91115e-06 -6.90456e-05 -0.0175417 0.0868971 
0.00952412 -0.0174788 1.67505e-05 -6.08376e-06 -0.0174788 0.0865509 5.52694e-06 -5.71614e-05 1.67505e-05 5.52694e-06 0.00954573 -0.0176013 -6.08376e-06 -5.71614e-05 -0.0176013 0.0871496 
0.00956152 -0.0175067 2.47857e-05 -1.28705e-05 -0.0175067 0.0866704 -1.37339e-06 -3.90233e-05 2.47857e-05 -1.37339e-06 0.00953404 -0.0176274 -1.28705e-05 -3.90233e-05 -0.0176274 0.0873013 
0.00960387 -0.0175698 3.22776e-05 -1.97671e-05 -0.0175698 0.0868762 -1.26868e-05 -1.90985e-05 3.22776e-05 -1.26868e-05 0.00952755 -0.0176226 -1.97671e-05 -1.90985e-05 -0.0176226 0.0874002 
0.00959359 -0.0175667 1.8633e-05 -2.28849e-05 -0.0175667 0.0867866 -2.41742e-05 -1.30275e-06 1.8633e-05 -2.41742e-05 0.00951083 -0.0175606 -2.28849e-05 -1.30275e-06 -0.0175606 0.0871628 
0.00959106 -0.0175843 -5.008e-07 -1.95977e-06 -0.0175843 0.0868743 -6.88879e-06 -2.78874e-05 -5.008e-07 -6.88879e-06 0.0095285 -0.0175725 -1.95977e-06 -2.78874e-05 -0.0175725 0.0871821 
0.00956748 -0.0175635 -9.75003e-06 2.23926e-05 -0.0175635 0.0868124 1.85049e-05 -8.47156e-05 -9.75003e-06 1.85049e-05 0.00954132 -0.0175762 2.23926e-05 -8.47156e-05 -0.0175762 0.0871412 
0.00955582 -0.0175231 -9.71832e-07 3.76976e-05 -0.0175231 0.0866871 3.43404e-05 -0.000139907 -9.71832e-07 3.43404e-05 0.00953193 -0.0175887 3.76976e-05 -0.000139907 -0.0175887 0.0871254 
0.00952062 -0.0174886 1.02009e-05 2.52225e-05 -0.0174886 0.0865065 2.4436e-05 -0.000143358 1.02009e-05 2.4436e-05 0.00953975 -0.0175598 2.52225e-05 -0.000143358 -0.0175598 0.0870098 
0.00949288 -0.0174523 3.32374e-06 4.69768e-06 -0.0174523 0.0863946 8.0727e-06 -0.000105741 3.32374e-06 8.0727e-06 0.00956018 -0.0175775 4.69768e-06 -0.000105741 -0.0175775 0.0870035 
0.00950309 -0.017434 2.06364e-05 1.10058e-05 -0.017434 0.0863847 1.75511e-05 -9.90944e-05 2.06364e-05 1.75511e-05 0.00956466 -0.0176363 1.10058e-05 -9.90944e-05 -0.0176363 0.0871869 
0.00951343 -0.0174213 3.25944e-05 -5.24364e-06 -0.0174213 0.086276 1.1231e-06 -8.31422e-05 3.25944e-05 1.1231e-06 0.00953722 -0.0176187 -5.24364e-06 -8.31422e-05 -0.0176187 0.08716 
0.00950986 -0.017428 2.52173e-05 -2.02675e-05 -0.017428 0.0862179 -1.62573e-05 -4.65276e-05 2.52173e-05 -1.62573e-05 0.00951572 -0.0175737 -2.02675e-05 -4.65276e-05 -0.0175737 0.0870353 
0.0094893 -0.0174012 1.86718e-05 -1.05036e-05 -0.0174012 0.0860716 -7.72101e-06 -4.54755e-05 1.86718e-05 -7.72101e-06 0.0094998 -0.0175189 -1.05036e-05 -4.54755e-05 -0.0175189 0.0867974 
0.00948363 -0.0173735 1.78911e-05 -5.36933e-06 -0.0173735 0.0859489 -1.31474e-06 -5.66453e-05 1.78911e-05 -1.31474e-06 0.00948676 -0.0174969 -5.36933e-06 -5.66453e-05 -0.0174969 0.0866475 
0.00948057 -0.0173726 1.80074e-05 -5.53845e-06 -0.0173726 0.0859012 -6.86145e-08 -6.24628e-05 1.80074e-05 -6.86145e-08 0.00947808 -0.0174819 -5.53845e-06 -6.24628e-05 -0.0174819 0.0865664 
0.00950863 -0.0173974 2.57991e-05 -5.74882e-06 -0.0173974 0.0860006 2.03283e-06 -6.67622e-05 2.57991e-05 2.03283e-06 0.00946579 -0.0174904 -5.74882e-06 -6.67622e-05 -0.0174904 0.0866108 
0.009567 -0.0174907 2.83089e-05 -1.26591e-05 -0.0174907 0.0863854 -7.28108e-06 -5.89148e-05 2.83089e-05 -7.28108e-06 0.0094708 -0.0175329 -1.26591e-05 -5.89148e-05 -0.0175329 0.086892 
0.00956299 -0.0175292 1.71808e-05 -1.00513e-05 -0.0175292 0.0865028 -7.93082e-06 -6.03911e-05 1.71808e-05 -7.93082e-06 0.00947032 -0.0174978 -1.00513e-05 -6.03911e-05 -0.0174978 0.0868341 
0.00954152 -0.017528 7.84716e-06 5.62019e-06 -0.017528 0.0865586 7.12884e-06 -8.99262e-05 7.84716e-06 7.12884e-06 0.00948648 -0.0174905 5.62019e-06 -8.99262e-05 -0.0174905 0.0867878 
0.00949722 -0.0174727 -9.21255e-07 2.18229e-05 -0.0174727 0.0863895 2.06836e-05 -0.000133051 -9.21255e-07 2.06836e-05 0.00950099 -0.0174745 2.18229e-05 -0.000133051 -0.0174745 0.0866388 
0.00950785 -0.0174214 5.94439e-06 3.09517e-05 -0.0174214 0.086257 2.94013e-05 -0.000162213 5.94439e-06 2.94013e-05 0.00949091 -0.0175113 3.09517e-05 -0.000162213 -0.0175113 0.0866802 
0.00957105 -0.0175061 2.37958e-06 2.21294e-05 -0.0175061 0.0865805 2.06529e-05 -0.000159743 2.37958e-06 2.06529e-05 0.00949674 -0.0175794 2.21294e-05 -0.000159743 -0.0175794 0.0870725 
0.00958242 -0.0175444 1.50845e-06 2.18716e-05 -0.0175444 0.0866637 1.99471e-05 -0.000145923 1.50845e-06 1.99471e-05 0.00948974 -0.0175463 2.18716e-05 -0.000145923 -0.0175463 0.0870538 
