0.00664061 0 7.63855e-05 0 0 0.00943526 0 0 7.63855e-05 0 0.00668072 0 0 0 0 0.00943526 
0.00975292 -0.0121089 9.64151e-05 -0.000117393 -0.0121089 0.0321642 -0.000117393 0.000224796 9.64151e-05 -0.000117393 0.00975444 -0.0121044 -0.000117393 0.000224796 -0.0121044 0.032155 
0.00922873 -0.017249 4.18658e-05 -8.88014e-05 -0.017249 0.0635694 -8.88014e-05 0.000269761 4.18658e-05 -8.88014e-05 0.00916752 -0.0170322 -8.88014e-05 0.000269761 -0.0170322 0.0628181 
0.00867589 -0.0169547 7.13115e-06 1.51924e-05 -0.0169547 0.0761492 1.89104e-05 -0.000118423 7.13115e-06 1.89104e-05 0.00864906 -0.0165369 1.51924e-05 -0.000118423 -0.0165369 0.0740984 
0.00909171 -0.0172465 -1.11801e-05 5.91899e-05 -0.0172465 0.0836761 6.58582e-05 -0.000406945 -1.11801e-05 6.58582e-05 0.009143 -0.0169135 5.91899e-05 -0.000406945 -0.0169135 0.0812336 
0.00884557 -0.0164783 -1.6642e-05 6.64903e-05 -0.0164783 0.0815299 6.74773e-05 -0.00042189 -1.6642e-05 6.74773e-05 0.00898028 -0.0163456 6.64903e-05 -0.00042189 -0.0163456 0.0798076 
0.00932009 -0.0172361 -1.29558e-05 7.02995e-05 -0.0172361 0.0855613 6.39726e-05 -0.000387677 -1.29558e-05 6.39726e-05 0.00948517 -0.0172572 7.02995e-05 -0.000387677 -0.0172572 0.0845267 
0.00906991 -0.0167198 4.23324e-07 5.95196e-05 -0.0167198 0.0829834 5.21368e-05 -0.00031915 4.23324e-07 5.21368e-05 0.00922354 -0.0167809 5.95196e-05 -0.00031915 -0.0167809 0.0824148 
0.00955369 -0.0175767 2.27404e-05 4.19212e-05 -0.0175767 0.087146 3.74524e-05 -0.000274324 2.27404e-05 3.74524e-05 0.00969523 -0.0176293 4.19212e-05 -0.000274324 -0.0176293 0.0867013 
0.00944137 -0.0173793 4.0974e-05 1.24704e-05 -0.0173793 0.0860462 1.07725e-05 -0.00020032 4.0974e-05 1.07725e-05 0.00958538 -0.0174056 1.24704e-05 -0.00020032 -0.0174056 0.0856151 
0.00937133 -0.0172781 3.65127e-05 -9.60725e-06 -0.0172781 0.0854819 -9.26496e-06 -0.000139038 3.65127e-05 -9.26496e-06 0.00953508 -0.0172959 -9.60725e-06 -0.000139038 -0.0172959 0.0850172 
0.00935238 -0.0172382 2.63727e-05 -3.05861e-06 -0.0172382 0.0852995 -3.53619e-06 -0.000126976 2.63727e-05 -3.53619e-06 0.00950463 -0.0172796 -3.05861e-06 -0.000126976 -0.0172796 0.0848545 
0.00933924 -0.0172358 1.44531e-05 9.25618e-06 -0.0172358 0.0852659 1.09168e-05 -0.000150818 1.44531e-05 1.09168e-05 0.00949533 -0.017262 9.25618e-06 -0.000150818 -0.017262 0.0848083 
0.0093365 -0.0172011 1.26339e-05 2.09067e-05 -0.0172011 0.0851292 2.71306e-05 -0.000183815 1.26339e-05 2.71306e-05 0.00946557 -0.0172322 2.09067e-05 -0.000183815 -0.0172322 0.0846669 
0.00935799 -0.0172391 2.98998e-05 2.27666e-05 -0.0172391 0.0852592 2.78195e-05 -0.000198047 2.98998e-05 2.78195e-05 0.00945914 -0.0172365 2.27666e-05 -0.000198047 -0.0172365 0.0847446 
0.00937812 -0.0172501 3.59738e-05 4.01377e-06 -0.0172501 0.085285 4.58801e-06 -0.000168254 3.59738e-05 4.58801e-06 0.00944409 -0.0172165 4.01377e-06 -0.000168254 -0.0172165 0.0847019 
0.00941008 -0.0172791 2.76088e-05 -2.42072e-06 -0.0172791 0.0853435 -6.69272e-06 -0.000135593 2.76088e-05 -6.69272e-06 0.00942235 -0.017193 -2.42072e-06 -0.000135593 -0.017193 0.0846396 
0.00942074 -0.0172655 2.41332e-05 1.1949e-05 -0.0172655 0.0851487 5.71067e-06 -0.000149047 2.41332e-05 5.71067e-06 0.00935498 -0.017099 1.1949e-05 -0.000149047 -0.017099 0.0842495 
0.00943017 -0.0173122 3.42615e-05 2.00418e-05 -0.0173122 0.0852336 1.15926e-05 -0.000174235 3.42615e-05 1.15926e-05 0.00933277 -0.0170421 2.00418e-05 -0.000174235 -0.0170421 0.0840724 
0.0094283 -0.0173502 4.19793e-05 1.09938e-05 -0.0173502 0.0854045 -5.13029e-07 -0.000171283 4.19793e-05 -5.13029e-07 0.00934374 -0.0170357 1.09938e-05 -0.000171283 -0.0170357 0.0840536 
0.0093989 -0.0173516 3.13964e-05 2.90817e-06 -0.0173516 0.0854932 -7.39045e-06 -0.000159469 3.13964e-05 -7.39045e-06 0.00937753 -0.0170601 2.90817e-06 -0.000159469 -0.0170601 0.0841203 
0.00937375 -0.0173282 1.40247e-05 1.18244e-05 -0.0173282 0.0855274 5.4123e-06 -0.000168483 1.40247e-05 5.4123e-06 0.00940639 -0.0171104 1.18244e-05 -0.000168483 -0.0171104 0.0842717 
0.00932786 -0.0172206 5.87404e-06 3.09762e-05 -0.0172206 0.0851249 2.75297e-05 -0.000207391 5.87404e-06 2.75297e-05 0.00938865 -0.0170787 3.09762e-05 -0.000207391 -0.0170787 0.0840614 
0.0093266 -0.0171871 2.88613e-05 4.27485e-05 -0.0171871 0.08499 4.08304e-05 -0.000248309 2.88613e-05 4.08304e-05 0.00938585 -0.0170941 4.27485e-05 -0.000248309 -0.0170941 0.0840993 
0.00933427 -0.0171835 4.14554e-05 1.82953e-05 -0.0171835 0.0849254 1.52217e-05 -0.000229348 4.14554e-05 1.52217e-05 0.00937726 -0.0170916 1.82953e-05 -0.000229348 -0.0170916 0.0841101 
0.0093362 -0.0172116 5.47834e-05 -8.67171e-07 -0.0172116 0.0850118 -4.38592e-06 -0.000180701 5.47834e-05 -4.38592e-06 0.00939493 -0.0171034 -8.67171e-07 -0.000180701 -0.0171034 0.0841979 
0.00934466 -0.0172131 5.49202e-05 -1.88521e-05 -0.0172131 0.0850599 -2.03531e-05 -0.000135262 5.49202e-05 -2.03531e-05 0.00939232 -0.01713 -1.88521e-05 -0.000135262 -0.01713 0.0842881 
0.00933051 -0.0171843 4.88219e-05 -2.15551e-05 -0.0171843 0.0849121 -2.16731e-05 -0.000110084 4.88219e-05 -2.16731e-05 0.00937196 -0.0170981 -2.15551e-05 -0.000110084 -0.0170981 0.0841771 
0.00930838 -0.0171556 3.3584e-05 -1.83961e-05 -0.0171556 0.0847685 -1.38911e-05 -0.000108326 3.3584e-05 -1.38911e-05 0.00936503 -0.0170646 -1.83961e-05 -0.000108326 -0.0170646 0.0840435 
0.00933858 -0.017237 3.98779e-06 -4.67774e-06 -0.017237 0.0851959 7.01755e-06 -0.000134781 3.98779e-06 7.01755e-06 0.00942121 -0.0171623 -4.67774e-06 -0.000134781 -0.0171623 0.0844946 
0.00932715 -0.0172057 3.50628e-06 3.04277e-05 -0.0172057 0.0851055 4.30696e-05 -0.000200718 3.50628e-06 4.30696e-05 0.00941937 -0.0171577 3.04277e-05 -0.000200718 -0.0171577 0.0844562 
0.0093058 -0.0171663 2.58661e-05 3.86177e-05 -0.0171663 0.0849206 4.37964e-05 -0.00024335 2.58661e-05 4.37964e-05 0.00941291 -0.0171299 3.86177e-05 -0.00024335 -0.0171299 0.0843109 
0.00932534 -0.0171345 4.06315e-05 1.5743e-05 -0.0171345 0.0847709 1.06253e-05 -0.000211462 4.06315e-05 1.06253e-05 0.00938002 -0.0171152 1.5743e-05 -0.000211462 -0.0171152 0.0841978 
0.00932151 -0.0171411 5.34873e-05 1.9596e-06 -0.0171411 0.0846568 -1.11561e-05 -0.000163195 5.34873e-05 -1.11561e-05 0.00934816 -0.0170611 1.9596e-06 -0.000163195 -0.0170611 0.0840108 
0.00927817 -0.0171306 4.34098e-05 -1.34452e-05 -0.0171306 0.0845674 -2.98529e-05 -0.000116618 4.34098e-05 -2.98529e-05 0.00935204 -0.0170143 -1.34452e-05 -0.000116618 -0.0170143 0.0838199 
0.00924393 -0.0170814 3.7243e-05 -4.00102e-06 -0.0170814 0.0844538 -1.65636e-05 -0.00011489 3.7243e-05 -1.65636e-05 0.00935631 -0.0170211 -4.00102e-06 -0.00011489 -0.0170211 0.0837517 
0.00922784 -0.0170303 2.46043e-05 4.81214e-06 -0.0170303 0.0842931 -4.00787e-06 -0.000139539 2.46043e-05 -4.00787e-06 0.00934494 -0.0170267 4.81214e-06 -0.000139539 -0.0170267 0.0837273 
0.00926112 -0.0170804 2.45198e-05 2.12034e-05 -0.0170804 0.0845365 1.50527e-05 -0.000182382 2.45198e-05 1.50527e-05 0.00936859 -0.0170853 2.12034e-05 -0.000182382 -0.0170853 0.0840455 
0.00929057 -0.0171156 2.28543e-05 2.17371e-05 -0.0171156 0.0846873 1.70838e-05 -0.000205186 2.28543e-05 1.70838e-05 0.0093633 -0.0171038 2.17371e-05 -0.000205186 -0.0171038 0.0841875 
0.00930167 -0.01713 2.96909e-05 2.27934e-05 -0.01713 0.0847084 2.06272e-05 -0.00021649 2.96909e-05 2.06272e-05 0.00934973 -0.0170735 2.27934e-05 -0.00021649 -0.0170735 0.0841295 
0.00930202 -0.0171334 3.0277e-05 1.01362e-05 -0.0171334 0.0846914 1.22915e-05 -0.000201527 3.0277e-05 1.22915e-05 0.00934187 -0.017046 1.01362e-05 -0.000201527 -0.017046 0.0840271 
0.00931533 -0.017125 2.469e-05 7.68131e-06 -0.017125 0.0846482 1.23925e-05 -0.000190197 2.469e-05 1.23925e-05 0.00933022 -0.0170354 7.68131e-06 -0.000190197 -0.0170354 0.083959 
0.00932285 -0.0171517 -8.83088e-07 1.82826e-05 -0.0171517 0.084707 1.87082e-05 -0.00020165 -8.83088e-07 1.87082e-05 0.00933856 -0.017036 1.82826e-05 -0.00020165 -0.017036 0.0839793 
0.00930947 -0.0171482 -1.09992e-05 5.50418e-05 -0.0171482 0.0846783 5.05817e-05 -0.000264751 -1.09992e-05 5.05817e-05 0.00934565 -0.0170276 5.50418e-05 -0.000264751 -0.0170276 0.083916 
0.00928355 -0.017097 -1.41382e-05 7.19098e-05 -0.017097 0.0844643 6.56614e-05 -0.000326915 -1.41382e-05 6.56614e-05 0.00932801 -0.0170048 7.19098e-05 -0.000326915 -0.0170048 0.0837417 
0.00926874 -0.0170651 -1.39182e-05 7.91286e-05 -0.0170651 0.0843086 7.18102e-05 -0.000363892 -1.39182e-05 7.18102e-05 0.00930746 -0.0169808 7.91286e-05 -0.000363892 -0.0169808 0.0836174 
0.00925405 -0.0170626 -3.55178e-06 7.80071e-05 -0.0170626 0.0842844 7.24765e-05 -0.000378156 -3.55178e-06 7.24765e-05 0.00930242 -0.0169716 7.80071e-05 -0.000378156 -0.0169716 0.0835932 
0.00925874 -0.0170602 1.09367e-05 6.22511e-05 -0.0170602 0.0843213 6.14891e-05 -0.000362102 1.09367e-05 6.14891e-05 0.00929181 -0.0169785 6.22511e-05 -0.000362102 -0.0169785 0.0836369 
0.00924553 -0.0170563 3.09727e-05 3.34775e-05 -0.0170563 0.0843022 4.17415e-05 -0.000306586 3.09727e-05 4.17415e-05 0.00929016 -0.0169584 3.34775e-05 -0.000306586 -0.0169584 0.0836017 
0.00920119 -0.0169509 4.76696e-05 2.33378e-06 -0.0169509 0.0838404 1.53197e-05 -0.000230662 4.76696e-05 1.53197e-05 0.00924714 -0.016874 2.33378e-06 -0.000230662 -0.016874 0.0831723 
0.00919737 -0.0169113 4.1039e-05 -1.8697e-05 -0.0169113 0.0836262 -8.99657e-06 -0.000159352 4.1039e-05 -8.99657e-06 0.00920491 -0.0168443 -1.8697e-05 -0.000159352 -0.0168443 0.0830034 
0.0091869 -0.0169053 3.19592e-05 -7.75426e-06 -0.0169053 0.0835169 -7.54019e-06 -0.000136092 3.19592e-05 -7.54019e-06 0.00917695 -0.0167935 -7.75426e-06 -0.000136092 -0.0167935 0.0828464 
0.009169 -0.0169129 2.12973e-05 1.05128e-05 -0.0169129 0.0835423 3.94557e-06 -0.000160369 2.12973e-05 3.94557e-06 0.00918431 -0.0167728 1.05128e-05 -0.000160369 -0.0167728 0.0827894 
0.00915747 -0.0168949 2.15307e-05 2.43975e-05 -0.0168949 0.0835254 1.6021e-05 -0.000192401 2.15307e-05 1.6021e-05 0.00918777 -0.0167773 2.43975e-05 -0.000192401 -0.0167773 0.0827656 
0.00915094 -0.0168786 1.11027e-05 1.99852e-05 -0.0168786 0.0834912 1.63133e-05 -0.000201952 1.11027e-05 1.63133e-05 0.0091935 -0.0167881 1.99852e-05 -0.000201952 -0.0167881 0.0827911 
0.00914835 -0.0168792 -1.57466e-06 3.01028e-05 -0.0168792 0.0835059 3.1544e-05 -0.000219789 -1.57466e-06 3.1544e-05 0.00921494 -0.0168056 3.01028e-05 -0.000219789 -0.0168056 0.0828619 
0.00916799 -0.0169183 -7.0687e-06 4.77769e-05 -0.0169183 0.083722 4.72536e-05 -0.000256648 -7.0687e-06 4.72536e-05 0.0092528 -0.0168759 4.77769e-05 -0.000256648 -0.0168759 0.0831496 
0.0091634 -0.0169096 6.51436e-06 5.84256e-05 -0.0169096 0.0836947 5.2525e-05 -0.000286004 6.51436e-06 5.2525e-05 0.00926419 -0.0168904 5.84256e-05 -0.000286004 -0.0168904 0.0831951 
0.00919845 -0.016948 3.64707e-05 4.21023e-05 -0.016948 0.0838966 3.1745e-05 -0.000265198 3.64707e-05 3.1745e-05 0.00928049 -0.0169516 4.21023e-05 -0.000265198 -0.0169516 0.083465 
0.00922299 -0.0169924 4.94957e-05 4.59712e-06 -0.0169924 0.0840694 -3.70489e-06 -0.000197004 4.94957e-05 -3.70489e-06 0.00930038 -0.0169784 4.59712e-06 -0.000197004 -0.0169784 0.0836467 
0.00924461 -0.0170147 2.82541e-05 -1.42033e-05 -0.0170147 0.084151 -1.59078e-05 -0.000141775 2.82541e-05 -1.59078e-05 0.0093047 -0.0169869 -1.42033e-05 -0.000141775 -0.0169869 0.0836951 
0.00928709 -0.0170762 1.38553e-05 1.06473e-05 -0.0170762 0.0843912 1.47424e-05 -0.000168581 1.38553e-05 1.47424e-05 0.00930729 -0.0170175 1.06473e-05 -0.000168581 -0.0170175 0.0838608 
0.0093002 -0.0171127 3.69815e-06 3.19232e-05 -0.0171127 0.0845001 3.92848e-05 -0.000231479 3.69815e-06 3.92848e-05 0.00930746 -0.0170002 3.19232e-05 -0.000231479 -0.0170002 0.0838449 
0.00930088 -0.0171413 2.76879e-06 4.62342e-05 -0.0171413 0.0846375 5.32891e-05 -0.000281838 2.76879e-06 5.32891e-05 0.00932701 -0.0170099 4.62342e-05 -0.000281838 -0.0170099 0.0838883 
0.00930529 -0.0171451 -1.0838e-05 4.54355e-05 -0.0171451 0.0847154 4.9576e-05 -0.000293189 -1.0838e-05 4.9576e-05 0.0093311 -0.0170376 4.54355e-05 -0.000293189 -0.0170376 0.0839674 
0.00931631 -0.0171788 -2.85879e-06 6.17792e-05 -0.0171788 0.0848922 6.50212e-05 -0.000317498 -2.85879e-06 6.50212e-05 0.00935708 -0.0170662 6.17792e-05 -0.000317498 -0.0170662 0.0841378 
0.00931552 -0.0171935 1.47997e-05 5.60307e-05 -0.0171935 0.0850079 5.72664e-05 -0.000323051 1.47997e-05 5.72664e-05 0.00938945 -0.017102 5.60307e-05 -0.000323051 -0.017102 0.0842817 
0.0093105 -0.0171815 1.10936e-05 3.22393e-05 -0.0171815 0.0850024 3.05936e-05 -0.000277336 1.10936e-05 3.05936e-05 0.00941176 -0.0171256 3.22393e-05 -0.000277336 -0.0171256 0.0843397 
0.00931805 -0.0171372 -9.39272e-06 3.41328e-05 -0.0171372 0.0848031 3.20796e-05 -0.00025352 -9.39272e-06 3.20796e-05 0.00939025 -0.0171141 3.41328e-05 -0.00025352 -0.0171141 0.0842176 
0.00932608 -0.01713 -1.97318e-05 6.07508e-05 -0.01713 0.0846522 6.13008e-05 -0.000292918 -1.97318e-05 6.13008e-05 0.00935679 -0.0170768 6.07508e-05 -0.000292918 -0.0170768 0.0840581 
0.00931951 -0.0171442 -5.0256e-06 7.64119e-05 -0.0171442 0.0846091 8.10392e-05 -0.000349475 -5.0256e-06 8.10392e-05 0.00934553 -0.0170321 7.64119e-05 -0.000349475 -0.0170321 0.0838982 
0.00933423 -0.0171891 2.13248e-05 6.12238e-05 -0.0171891 0.0848247 6.77878e-05 -0.000356971 2.13248e-05 6.77878e-05 0.00936706 -0.0170625 6.12238e-05 -0.000356971 -0.0170625 0.0840225 
0.0093614 -0.0172225 3.79293e-05 2.96103e-05 -0.0172225 0.0850143 3.43583e-05 -0.000304251 3.79293e-05 3.43583e-05 0.00937031 -0.0171017 2.96103e-05 -0.000304251 -0.0171017 0.0841865 
0.00937533 -0.0172659 4.26182e-05 6.14012e-06 -0.0172659 0.085207 8.16814e-06 -0.000236308 4.26182e-05 8.16814e-06 0.00938585 -0.0171222 6.14012e-06 -0.000236308 -0.0171222 0.0843445 
0.00937814 -0.0172724 3.06808e-05 8.45033e-07 -0.0172724 0.0852713 -2.50529e-06 -0.000194379 3.06808e-05 -2.50529e-06 0.00939314 -0.0171309 8.45033e-07 -0.000194379 -0.0171309 0.084395 
0.00936019 -0.0172306 2.14109e-05 1.82595e-05 -0.0172306 0.0850942 1.07556e-05 -0.000204612 2.14109e-05 1.07556e-05 0.00938701 -0.017105 1.82595e-05 -0.000204612 -0.017105 0.0842587 
0.00935189 -0.0172157 1.44537e-05 3.49609e-05 -0.0172157 0.085011 2.56593e-05 -0.000244035 1.44537e-05 2.56593e-05 0.00939161 -0.0171014 3.49609e-05 -0.000244035 -0.0171014 0.0842098 
0.00932933 -0.0171894 2.4116e-05 4.63573e-05 -0.0171894 0.084866 3.85285e-05 -0.000283966 2.4116e-05 3.85285e-05 0.00939296 -0.0170804 4.63573e-05 -0.000283966 -0.0170804 0.0840758 
0.00934735 -0.0172173 2.45935e-05 3.67133e-05 -0.0172173 0.0850315 3.39085e-05 -0.00029748 2.45935e-05 3.39085e-05 0.00941168 -0.01714 3.67133e-05 -0.00029748 -0.01714 0.0842929 
0.00936328 -0.0172689 2.79876e-05 3.25703e-05 -0.0172689 0.0852949 3.40202e-05 -0.000294732 2.79876e-05 3.40202e-05 0.0094408 -0.0172019 3.25703e-05 -0.000294732 -0.0172019 0.0846091 
0.0094096 -0.0173302 2.21036e-05 2.81276e-05 -0.0173302 0.0856569 3.02473e-05 -0.000288981 2.21036e-05 3.02473e-05 0.00947319 -0.0172812 2.81276e-05 -0.000288981 -0.0172812 0.0850204 
0.00938987 -0.0173001 2.20739e-05 3.33537e-05 -0.0173001 0.0854898 3.51579e-05 -0.000290691 2.20739e-05 3.51579e-05 0.00945276 -0.0172358 3.33537e-05 -0.000290691 -0.0172358 0.0848576 
0.00936441 -0.0172638 2.35089e-05 3.21196e-05 -0.0172638 0.0853302 3.07114e-05 -0.000285092 2.35089e-05 3.07114e-05 0.00944275 -0.0172018 3.21196e-05 -0.000285092 -0.0172018 0.0846984 
0.00932199 -0.0171867 3.35942e-05 3.08874e-05 -0.0171867 0.0849857 2.38607e-05 -0.00027161 3.35942e-05 2.38607e-05 0.00941949 -0.0171462 3.08874e-05 -0.00027161 -0.0171462 0.0843951 
0.00930616 -0.0171508 2.77882e-05 1.68135e-05 -0.0171508 0.0848313 8.74506e-06 -0.000241463 2.77882e-05 8.74506e-06 0.00939921 -0.0171384 1.68135e-05 -0.000241463 -0.0171384 0.0843134 
0.00932109 -0.0171551 1.65756e-05 1.93015e-05 -0.0171551 0.0848504 1.83035e-05 -0.00023356 1.65756e-05 1.83035e-05 0.00938267 -0.0171411 1.93015e-05 -0.00023356 -0.0171411 0.084366 
0.0093276 -0.0171368 7.28614e-06 2.84298e-05 -0.0171368 0.084712 3.72669e-05 -0.000254593 7.28614e-06 3.72669e-05 0.00934069 -0.0170845 2.84298e-05 -0.000254593 -0.0170845 0.0841759 
0.00930222 -0.0170777 2.05032e-05 3.6999e-05 -0.0170777 0.0843285 4.92022e-05 -0.000278036 2.05032e-05 4.92022e-05 0.00928457 -0.0169637 3.6999e-05 -0.000278036 -0.0169637 0.0836676 
0.00929822 -0.0170876 3.48111e-05 2.5366e-05 -0.0170876 0.0843007 3.17206e-05 -0.000267194 3.48111e-05 3.17206e-05 0.00926801 -0.016931 2.5366e-05 -0.000267194 -0.016931 0.0835095 
0.00925592 -0.0170792 2.08807e-05 1.06996e-05 -0.0170792 0.0842427 1.17162e-05 -0.00023173 2.08807e-05 1.17162e-05 0.00927688 -0.0168985 1.06996e-05 -0.00023173 -0.0168985 0.0833541 
0.00925014 -0.0170517 9.7205e-06 3.0921e-05 -0.0170517 0.0842501 2.71063e-05 -0.00024397 9.7205e-06 2.71063e-05 0.00928257 -0.0169356 3.0921e-05 -0.00024397 -0.0169356 0.0834264 
0.00926586 -0.0170423 2.1476e-05 4.65302e-05 -0.0170423 0.0842309 3.76532e-05 -0.000275728 2.1476e-05 3.76532e-05 0.00926001 -0.0169486 4.65302e-05 -0.000275728 -0.0169486 0.0834986 
0.00928328 -0.0170803 3.45619e-05 3.42748e-05 -0.0170803 0.0843455 2.41172e-05 -0.000272008 3.45619e-05 2.41172e-05 0.00924516 -0.0169356 3.42748e-05 -0.000272008 -0.0169356 0.0835613 
0.00928752 -0.0170921 3.45932e-05 1.84006e-05 -0.0170921 0.0843954 7.88019e-06 -0.000240552 3.45932e-05 7.88019e-06 0.00923916 -0.0169095 1.84006e-05 -0.000240552 -0.0169095 0.0835198 
0.00926889 -0.0170984 3.42367e-05 1.34474e-05 -0.0170984 0.0844264 6.50441e-06 -0.000216615 3.42367e-05 6.50441e-06 0.00926484 -0.0168981 1.34474e-05 -0.000216615 -0.0168981 0.0834825 
0.00928103 -0.0171118 3.49782e-05 9.1443e-06 -0.0171118 0.0845837 1.06606e-05 -0.000208597 3.49782e-05 1.06606e-05 0.00929657 -0.0169656 9.1443e-06 -0.000208597 -0.0169656 0.0836987 
0.00927557 -0.0171013 3.01576e-05 2.78452e-06 -0.0171013 0.0845618 1.10083e-05 -0.000198235 3.01576e-05 1.10083e-05 0.00931485 -0.0169892 2.78452e-06 -0.000198235 -0.0169892 0.0837828 
0.00924898 -0.0170176 3.49234e-05 7.87576e-06 -0.0170176 0.0841753 1.95633e-05 -0.000203252 3.49234e-05 1.95633e-05 0.00929018 -0.016944 7.87576e-06 -0.000203252 -0.016944 0.0835105 
0.00920977 -0.0169757 3.30564e-05 2.61733e-06 -0.0169757 0.0839047 1.31672e-05 -0.000198332 3.30564e-05 1.31672e-05 0.00927697 -0.0169062 2.61733e-06 -0.000198332 -0.0169062 0.0832945 
0.00918286 -0.0169444 2.35222e-05 6.85843e-06 -0.0169444 0.0837844 1.40829e-05 -0.00019782 2.35222e-05 1.40829e-05 0.00928634 -0.016905 6.85843e-06 -0.00019782 -0.016905 0.0832348 
0.00918798 -0.0169607 3.80742e-06 2.38813e-05 -0.0169607 0.0839146 2.65947e-05 -0.000226223 3.80742e-06 2.65947e-05 0.00930732 -0.0169636 2.38813e-05 -0.000226223 -0.0169636 0.0834542 
0.00920246 -0.0169748 2.15991e-06 5.15387e-05 -0.0169748 0.0840291 4.94464e-05 -0.00028068 2.15991e-06 4.94464e-05 0.00931675 -0.0170037 5.15387e-05 -0.00028068 -0.0170037 0.0836546 
0.00921456 -0.0169783 -7.43763e-06 5.64368e-05 -0.0169783 0.0840519 5.14102e-05 -0.000312739 -7.43763e-06 5.14102e-05 0.00930597 -0.0170093 5.64368e-05 -0.000312739 -0.0170093 0.0837228 
0.00919571 -0.0169308 -5.73801e-06 6.29067e-05 -0.0169308 0.0837807 5.93248e-05 -0.000326951 -5.73801e-06 5.93248e-05 0.00927439 -0.0169324 6.29067e-05 -0.000326951 -0.0169324 0.0834223 
0.0091778 -0.0168868 3.6206e-06 5.59962e-05 -0.0168868 0.0835067 5.74813e-05 -0.000321388 3.6206e-06 5.74813e-05 0.00923967 -0.0168594 5.59962e-05 -0.000321388 -0.0168594 0.0830692 
0.00920609 -0.0169279 1.9246e-05 4.03199e-05 -0.0169279 0.0836485 4.49183e-05 -0.00029139 1.9246e-05 4.49183e-05 0.00923463 -0.0168734 4.03199e-05 -0.00029139 -0.0168734 0.0831246 
0.00926137 -0.0170345 3.39994e-05 2.253e-05 -0.0170345 0.0841088 2.49414e-05 -0.000247615 3.39994e-05 2.49414e-05 0.0092509 -0.0169322 2.253e-05 -0.000247615 -0.0169322 0.0834641 
0.00928149 -0.0170952 4.02921e-05 3.61642e-06 -0.0170952 0.0843754 4.55653e-06 -0.000196094 4.02921e-05 4.55653e-06 0.00926207 -0.0169341 3.61642e-06 -0.000196094 -0.0169341 0.0835715 
0.0092448 -0.0170656 3.31188e-05 -7.93894e-06 -0.0170656 0.0842738 -3.92623e-06 -0.000154853 3.31188e-05 -3.92623e-06 0.00927048 -0.0168965 -7.93894e-06 -0.000154853 -0.0168965 0.0833907 
0.00921528 -0.0169974 1.86476e-05 3.3846e-07 -0.0169974 0.0840481 8.25757e-06 -0.0001558 1.86476e-05 8.25757e-06 0.00927005 -0.0168915 3.3846e-07 -0.0001558 -0.0168915 0.08325 
0.00921183 -0.0169796 -3.00389e-06 1.78601e-05 -0.0169796 0.0839865 2.64579e-05 -0.000187156 -3.00389e-06 2.64579e-05 0.00927685 -0.0169205 1.78601e-05 -0.000187156 -0.0169205 0.0833241 
0.00920244 -0.0169993 2.16347e-06 4.25697e-05 -0.0169993 0.0840696 5.12419e-05 -0.000238524 2.16347e-06 5.12419e-05 0.00931342 -0.016949 4.25697e-05 -0.000238524 -0.016949 0.0834699 
0.00919482 -0.0169709 6.85583e-06 3.6067e-05 -0.0169709 0.0840046 4.55835e-05 -0.000251771 6.85583e-06 4.55835e-05 0.00931672 -0.0169726 3.6067e-05 -0.000251771 -0.0169726 0.0834988 
0.00916332 -0.0169158 1.01467e-05 2.84908e-05 -0.0169158 0.0837303 3.59946e-05 -0.000233287 1.01467e-05 3.59946e-05 0.00929881 -0.0169289 2.84908e-05 -0.000233287 -0.0169289 0.0832864 
0.00918714 -0.0169257 1.29589e-05 2.15985e-05 -0.0169257 0.0837819 2.76597e-05 -0.000206989 1.29589e-05 2.76597e-05 0.00929047 -0.0169494 2.15985e-05 -0.000206989 -0.0169494 0.0833618 
0.0092166 -0.0169797 2.74696e-05 1.73035e-05 -0.0169797 0.0839653 2.51849e-05 -0.000191627 2.74696e-05 2.51849e-05 0.00929846 -0.0169571 1.73035e-05 -0.000191627 -0.0169571 0.0834719 
0.00927099 -0.0170649 4.00631e-05 1.23746e-06 -0.0170649 0.0843405 8.84119e-06 -0.000163169 4.00631e-05 8.84119e-06 0.00931699 -0.0170074 1.23746e-06 -0.000163169 -0.0170074 0.0837376 
0.00932477 -0.017139 4.65996e-05 -1.13104e-05 -0.017139 0.0846448 -7.36637e-06 -0.000128151 4.65996e-05 -7.36637e-06 0.00931422 -0.0170334 -1.13104e-05 -0.000128151 -0.0170334 0.0839181 
0.0093636 -0.0172219 4.49298e-05 -1.58701e-05 -0.0172219 0.0849718 -1.47908e-05 -0.000107921 4.49298e-05 -1.47908e-05 0.00931364 -0.0170474 -1.58701e-05 -0.000107921 -0.0170474 0.0840829 
0.00936158 -0.0172472 2.10598e-05 -1.40826e-05 -0.0172472 0.0850872 -1.46334e-05 -0.000100929 2.10598e-05 -1.46334e-05 0.00931502 -0.0170242 -1.40826e-05 -0.000100929 -0.0170242 0.0840524 
0.00933103 -0.0172032 5.14642e-06 1.02032e-05 -0.0172032 0.0849287 1.11238e-05 -0.000132924 5.14642e-06 1.11238e-05 0.00930308 -0.0169814 1.02032e-05 -0.000132924 -0.0169814 0.0838363 
0.00924011 -0.0170423 -5.89929e-07 2.73546e-05 -0.0170423 0.084187 3.03266e-05 -0.000176035 -5.89929e-07 3.03266e-05 0.00925574 -0.0168453 2.73546e-05 -0.000176035 -0.0168453 0.0831257 
0.00920421 -0.0169919 -9.39106e-06 3.1732e-05 -0.0169919 0.0839778 3.87513e-05 -0.000200628 -9.39106e-06 3.87513e-05 0.00926403 -0.0168509 3.1732e-05 -0.000200628 -0.0168509 0.0830237 
0.00917671 -0.0169623 -1.75023e-05 4.18184e-05 -0.0169623 0.0838874 5.06341e-05 -0.000224726 -1.75023e-05 5.06341e-05 0.00928828 -0.0168813 4.18184e-05 -0.000224726 -0.0168813 0.0830842 
0.00921716 -0.0170051 -1.64707e-05 5.37316e-05 -0.0170051 0.0841769 6.34064e-05 -0.000257134 -1.64707e-05 6.34064e-05 0.0093339 -0.0169941 5.37316e-05 -0.000257134 -0.0169941 0.0835504 
0.00925153 -0.0170472 -1.40361e-05 5.75904e-05 -0.0170472 0.0843589 6.26735e-05 -0.000275561 -1.40361e-05 6.26735e-05 0.00935849 -0.0170508 5.75904e-05 -0.000275561 -0.0170508 0.0838395 
0.00928612 -0.0171131 8.44218e-07 5.97826e-05 -0.0171131 0.0846318 5.75115e-05 -0.000282171 8.44218e-07 5.75115e-05 0.00939253 -0.0171036 5.97826e-05 -0.000282171 -0.0171036 0.0841256 
0.00933619 -0.0172007 2.42012e-05 4.63013e-05 -0.0172007 0.085037 3.67859e-05 -0.000259323 2.42012e-05 3.67859e-05 0.00943089 -0.0171807 4.63013e-05 -0.000259323 -0.0171807 0.0844983 
0.00934836 -0.0172365 2.2906e-05 2.02727e-05 -0.0172365 0.0851869 6.78363e-06 -0.000205297 2.2906e-05 6.78363e-06 0.00944986 -0.0171971 2.02727e-05 -0.000205297 -0.0171971 0.0845993 
0.00934502 -0.0172039 1.06925e-05 1.75532e-05 -0.0172039 0.0850328 4.91685e-06 -0.000171495 1.06925e-05 4.91685e-06 0.0094223 -0.0171618 1.75532e-05 -0.000171495 -0.0171618 0.0844044 
0.00936604 -0.0172161 6.17216e-06 3.2853e-05 -0.0172161 0.0850353 2.45729e-05 -0.000194722 6.17216e-06 2.45729e-05 0.00939834 -0.017144 3.2853e-05 -0.000194722 -0.017144 0.084343 
0.00936782 -0.0172386 5.2971e-06 3.73182e-05 -0.0172386 0.0850609 3.32198e-05 -0.000220798 5.2971e-06 3.32198e-05 0.00937744 -0.0171107 3.73182e-05 -0.000220798 -0.0171107 0.0842499 
0.00935899 -0.0172571 1.23312e-05 3.60102e-05 -0.0172571 0.0851472 3.55883e-05 -0.000229929 1.23312e-05 3.55883e-05 0.00938117 -0.0170927 3.60102e-05 -0.000229929 -0.0170927 0.084212 
0.0093452 -0.0172325 4.1928e-06 2.78629e-05 -0.0172325 0.0851021 2.86325e-05 -0.000222222 4.1928e-06 2.86325e-05 0.00937839 -0.0170872 2.78629e-05 -0.000222222 -0.0170872 0.0841536 
0.0093472 -0.0172174 8.05192e-06 3.89534e-05 -0.0172174 0.0850758 3.69509e-05 -0.000232152 8.05192e-06 3.69509e-05 0.00937726 -0.0170994 3.89534e-05 -0.000232152 -0.0170994 0.0841935 
0.00937544 -0.0172464 3.50992e-06 3.92874e-05 -0.0172464 0.0852069 3.38041e-05 -0.000242302 3.50992e-06 3.38041e-05 0.00937893 -0.0171312 3.92874e-05 -0.000242302 -0.0171312 0.084372 
0.0093874 -0.0172738 6.79191e-06 4.71863e-05 -0.0172738 0.0852905 4.01688e-05 -0.000257705 6.79191e-06 4.01688e-05 0.00938943 -0.017128 4.71863e-05 -0.000257705 -0.017128 0.08443 
0.0093798 -0.017258 6.06695e-06 4.9246e-05 -0.017258 0.0851984 3.96574e-05 -0.000274641 6.06695e-06 3.96574e-05 0.00938308 -0.0171016 4.9246e-05 -0.000274641 -0.0171016 0.0842921 
0.00937886 -0.0172719 1.05448e-05 4.70824e-05 -0.0172719 0.0852549 3.98293e-05 -0.000277804 1.05448e-05 3.98293e-05 0.00939572 -0.0171182 4.70824e-05 -0.000277804 -0.0171182 0.0843377 
0.00937498 -0.0172423 9.65455e-06 4.18196e-05 -0.0172423 0.0851368 3.97981e-05 -0.00027916 9.65455e-06 3.97981e-05 0.00938519 -0.0171061 4.18196e-05 -0.00027916 -0.0171061 0.0842441 
0.00939457 -0.0173154 -6.81278e-06 4.25752e-05 -0.0173154 0.085458 4.10195e-05 -0.000281536 -6.81278e-06 4.10195e-05 0.00941418 -0.0171714 4.25752e-05 -0.000281536 -0.0171714 0.0845663 
0.00938406 -0.0173183 -1.04526e-05 6.50048e-05 -0.0173183 0.0855418 6.13368e-05 -0.000318042 -1.04526e-05 6.13368e-05 0.00943585 -0.0171878 6.50048e-05 -0.000318042 -0.0171878 0.0846701 
0.00937233 -0.0172704 1.01664e-05 7.2809e-05 -0.0172704 0.0853929 6.49304e-05 -0.000349016 1.01664e-05 6.49304e-05 0.00942968 -0.0171841 7.2809e-05 -0.000349016 -0.0171841 0.0846094 
0.00936903 -0.0172627 3.30426e-05 5.03783e-05 -0.0172627 0.0853467 3.93351e-05 -0.000323917 3.30426e-05 3.93351e-05 0.00943516 -0.0171909 5.03783e-05 -0.000323917 -0.0171909 0.084637 
0.00933711 -0.0172111 4.29893e-05 2.18092e-05 -0.0172111 0.085085 8.75244e-06 -0.000259838 4.29893e-05 8.75244e-06 0.00942829 -0.0171474 2.18092e-05 -0.000259838 -0.0171474 0.0844161 
0.00928945 -0.0171278 3.43757e-05 7.91259e-06 -0.0171278 0.0846928 -2.36734e-06 -0.000212119 3.43757e-05 -2.36734e-06 0.00940904 -0.0171005 7.91259e-06 -0.000212119 -0.0171005 0.0841042 
0.00926379 -0.0171048 3.84241e-05 1.59322e-05 -0.0171048 0.0846013 1.00895e-05 -0.000211749 3.84241e-05 1.00895e-05 0.00942924 -0.0171202 1.59322e-05 -0.000211749 -0.0171202 0.0841245 
0.00922963 -0.0170746 4.9237e-05 6.547e-06 -0.0170746 0.0845133 8.18914e-06 -0.000208086 4.9237e-05 8.18914e-06 0.00945168 -0.0171472 6.547e-06 -0.000208086 -0.0171472 0.0841763 
0.00923354 -0.0170546 4.39108e-05 -1.31159e-05 -0.0170546 0.0845184 -7.42216e-06 -0.00017135 4.39108e-05 -7.42216e-06 0.00945191 -0.017201 -1.31159e-05 -0.00017135 -0.017201 0.0843627 
0.00920358 -0.0169779 2.23224e-05 -9.08589e-06 -0.0169779 0.0841282 -2.37216e-06 -0.000156037 2.23224e-05 -2.37216e-06 0.00939568 -0.0171218 -9.08589e-06 -0.000156037 -0.0171218 0.0840526 
