0.00661777 0 3.5658e-05 0 0 0.00931057 0 0 3.5658e-05 0 0.00649125 0 0 0 0 0.00931057 
0.00969875 -0.012035 3.98404e-05 -4.78499e-05 -0.012035 0.0319351 -4.78499e-05 9.16898e-05 3.98404e-05 -4.78499e-05 0.00956493 -0.0118753 -4.78499e-05 9.16898e-05 -0.0118753 0.0316281 
0.0100014 -0.018532 1.29023e-05 -1.7174e-05 -0.018532 0.0683089 -1.7174e-05 4.1497e-05 1.29023e-05 -1.7174e-05 0.00989367 -0.0184949 -1.7174e-05 4.1497e-05 -0.0184949 0.0682433 
0.00867037 -0.0165944 -5.06769e-06 5.42789e-05 -0.0165944 0.0742375 5.72846e-05 -0.000285947 -5.06769e-06 5.72846e-05 0.00861075 -0.0167598 5.42789e-05 -0.000285947 -0.0167598 0.0753557 
0.00917116 -0.0169908 6.71614e-06 7.05413e-05 -0.0169908 0.0815722 7.39782e-05 -0.000468782 6.71614e-06 7.39782e-05 0.00909438 -0.0171865 7.05413e-05 -0.000468782 -0.0171865 0.0833182 
0.00895278 -0.0163469 2.09035e-05 3.63611e-05 -0.0163469 0.0798289 3.77208e-05 -0.000373595 2.09035e-05 3.77208e-05 0.00886803 -0.0164411 3.63611e-05 -0.000373595 -0.0164411 0.0812088 
0.00942354 -0.0171677 1.37101e-05 7.69106e-06 -0.0171677 0.0841836 6.52082e-06 -0.000246034 1.37101e-05 6.52082e-06 0.00934631 -0.0172071 7.69106e-06 -0.000246034 -0.0172071 0.0851766 
0.00916588 -0.0166883 9.83641e-06 1.47295e-05 -0.0166883 0.0820265 8.8827e-06 -0.000170798 9.83641e-06 8.8827e-06 0.00909783 -0.0167364 1.47295e-05 -0.000170798 -0.0167364 0.0827754 
0.00968067 -0.0176498 2.9304e-06 2.44225e-05 -0.0176498 0.0868485 1.42053e-05 -0.00016954 2.9304e-06 1.42053e-05 0.00964943 -0.0177176 2.44225e-05 -0.00016954 -0.0177176 0.0875835 
0.00958088 -0.0174567 6.07271e-07 3.31819e-05 -0.0174567 0.0859987 2.41721e-05 -0.000179663 6.07271e-07 2.41721e-05 0.00956617 -0.0175892 3.31819e-05 -0.000179663 -0.0175892 0.0868304 
0.00953748 -0.017331 3.18841e-06 3.28806e-05 -0.017331 0.0853985 2.97812e-05 -0.000189686 3.18841e-06 2.97812e-05 0.00949334 -0.0174989 3.28806e-05 -0.000189686 -0.0174989 0.0863638 
0.00950069 -0.0172433 9.26421e-06 2.62158e-05 -0.0172433 0.0848782 2.57834e-05 -0.000181413 9.26421e-06 2.57834e-05 0.00942356 -0.0173881 2.62158e-05 -0.000181413 -0.0173881 0.0858801 
0.0094506 -0.0171621 1.82648e-05 1.98148e-05 -0.0171621 0.0843884 1.82666e-05 -0.000164708 1.82648e-05 1.82666e-05 0.00935882 -0.017263 1.98148e-05 -0.000164708 -0.017263 0.0853229 
0.00940848 -0.0171184 8.7725e-06 1.10311e-05 -0.0171184 0.0841324 8.36527e-06 -0.000144501 8.7725e-06 8.36527e-06 0.00932707 -0.0171875 1.10311e-05 -0.000144501 -0.0171875 0.0849719 
0.00934863 -0.0170573 -3.57313e-07 1.91302e-05 -0.0170573 0.0838724 1.80437e-05 -0.000145011 -3.57313e-07 1.80437e-05 0.00931096 -0.0171302 1.91302e-05 -0.000145011 -0.0171302 0.0846654 
0.00932945 -0.0170021 5.10882e-07 3.06967e-05 -0.0170021 0.0837164 3.12837e-05 -0.000171035 5.10882e-07 3.12837e-05 0.00929028 -0.017125 3.06967e-05 -0.000171035 -0.017125 0.0845678 
0.00932369 -0.0169795 6.00934e-06 3.12868e-05 -0.0169795 0.0836084 3.02981e-05 -0.00018228 6.00934e-06 3.02981e-05 0.0092705 -0.0171029 3.12868e-05 -0.00018228 -0.0171029 0.0844962 
0.00932171 -0.0169869 1.92714e-05 2.61254e-05 -0.0169869 0.0836165 2.31633e-05 -0.000176348 1.92714e-05 2.31633e-05 0.00926556 -0.0170848 2.61254e-05 -0.000176348 -0.0170848 0.084458 
0.0093072 -0.0169605 1.88457e-05 1.0713e-05 -0.0169605 0.0834966 8.38556e-06 -0.000150322 1.88457e-05 8.38556e-06 0.00924979 -0.017051 1.0713e-05 -0.000150322 -0.017051 0.0842944 
0.0093091 -0.016954 1.49838e-05 6.09661e-06 -0.016954 0.0834699 3.99074e-06 -0.000123694 1.49838e-05 3.99074e-06 0.0092302 -0.0170445 6.09661e-06 -0.000123694 -0.0170445 0.0842528 
0.0093217 -0.0169796 4.23899e-06 7.94998e-06 -0.0169796 0.0835691 5.95339e-06 -0.000112959 4.23899e-06 5.95339e-06 0.00922749 -0.0170397 7.94998e-06 -0.000112959 -0.0170397 0.0842966 
0.00932134 -0.0170266 1.02781e-05 2.1983e-05 -0.0170266 0.0837864 1.94457e-05 -0.000131433 1.02781e-05 1.94457e-05 0.0092563 -0.0170575 2.1983e-05 -0.000131433 -0.0170575 0.0844274 
0.00929449 -0.0169831 1.46606e-05 1.62221e-05 -0.0169831 0.0836765 1.20302e-05 -0.000130767 1.46606e-05 1.20302e-05 0.00925517 -0.0170513 1.62221e-05 -0.000130767 -0.0170513 0.0843368 
0.00926706 -0.0169254 1.14042e-05 7.84715e-06 -0.0169254 0.0834608 4.04664e-06 -0.000110758 1.14042e-05 4.04664e-06 0.00924052 -0.0170326 7.84715e-06 -0.000110758 -0.0170326 0.0842078 
0.00925069 -0.0168938 2.99196e-06 6.31846e-06 -0.0168938 0.0833206 5.97909e-06 -9.77691e-05 2.99196e-06 5.97909e-06 0.00923692 -0.0170154 6.31846e-06 -9.77691e-05 -0.0170154 0.0841277 
0.00923312 -0.0168752 -2.20677e-06 1.7931e-05 -0.0168752 0.0832367 2.09294e-05 -0.000116023 -2.20677e-06 2.09294e-05 0.00923496 -0.0170109 1.7931e-05 -0.000116023 -0.0170109 0.084085 
0.00922525 -0.0168753 9.47149e-06 2.44953e-05 -0.0168753 0.083268 3.02206e-05 -0.000140393 9.47149e-06 3.02206e-05 0.00924888 -0.017027 2.44953e-05 -0.000140393 -0.017027 0.0841533 
0.00920534 -0.0168407 2.171e-05 1.65998e-05 -0.0168407 0.0831486 2.22292e-05 -0.000145229 2.171e-05 2.22292e-05 0.00925208 -0.0170219 1.65998e-05 -0.000145229 -0.0170219 0.0840962 
0.00923464 -0.016843 2.69913e-05 2.12729e-06 -0.016843 0.0831951 8.6493e-06 -0.000125472 2.69913e-05 8.6493e-06 0.00925791 -0.0170613 2.12729e-06 -0.000125472 -0.0170613 0.0842401 
0.00928255 -0.0168796 1.8414e-05 -3.21742e-06 -0.0168796 0.0832863 4.20334e-06 -0.000111547 1.8414e-05 4.20334e-06 0.0092431 -0.0170784 -3.21742e-06 -0.000111547 -0.0170784 0.0843551 
0.00933975 -0.0170071 -2.64532e-06 8.53702e-06 -0.0170071 0.0837574 1.6425e-05 -0.000128235 -2.64532e-06 1.6425e-05 0.00927724 -0.017128 8.53702e-06 -0.000128235 -0.017128 0.0847078 
0.00936696 -0.0170703 -7.86249e-06 3.08193e-05 -0.0170703 0.0840394 3.70718e-05 -0.000167212 -7.86249e-06 3.70718e-05 0.00930015 -0.0171511 3.08193e-05 -0.000167212 -0.0171511 0.0848487 
0.00934098 -0.0170805 -1.07157e-05 3.86795e-05 -0.0170805 0.0840969 4.3007e-05 -0.000196641 -1.07157e-05 4.3007e-05 0.00932731 -0.0171501 3.86795e-05 -0.000196641 -0.0171501 0.0848298 
0.00929818 -0.0170122 -1.12042e-05 4.13268e-05 -0.0170122 0.0838971 4.41536e-05 -0.000207393 -1.12042e-05 4.41536e-05 0.00934225 -0.0171527 4.13268e-05 -0.000207393 -0.0171527 0.0847187 
0.00926183 -0.0169427 -6.2369e-06 4.49408e-05 -0.0169427 0.0836488 4.67494e-05 -0.000217978 -6.2369e-06 4.67494e-05 0.00933981 -0.0171677 4.49408e-05 -0.000217978 -0.0171677 0.0846726 
0.00925285 -0.0168443 6.73466e-06 3.91839e-05 -0.0168443 0.0832082 3.72374e-05 -0.00020953 6.73466e-06 3.72374e-05 0.00927537 -0.0171187 3.91839e-05 -0.00020953 -0.0171187 0.0844077 
0.00924791 -0.0168433 1.1411e-05 2.47922e-05 -0.0168433 0.0830401 1.69481e-05 -0.000176143 1.1411e-05 1.69481e-05 0.00924503 -0.0170463 2.47922e-05 -0.000176143 -0.0170463 0.0841941 
0.00925814 -0.0168829 1.29509e-05 1.92783e-05 -0.0168829 0.0831664 8.09038e-06 -0.000146548 1.29509e-05 8.09038e-06 0.00925134 -0.0170357 1.92783e-05 -0.000146548 -0.0170357 0.0841759 
0.0092781 -0.0169255 1.15249e-05 1.63698e-05 -0.0169255 0.0833789 1.97716e-06 -0.000125567 1.15249e-05 1.97716e-06 0.00925694 -0.0170681 1.63698e-05 -0.000125567 -0.0170681 0.0843076 
0.00929511 -0.016953 6.69252e-06 1.64135e-05 -0.016953 0.0835206 1.98906e-06 -0.000114628 6.69252e-06 1.98906e-06 0.00926087 -0.0170763 1.64135e-05 -0.000114628 -0.0170763 0.0843897 
0.00933707 -0.0170209 5.49333e-06 1.98094e-05 -0.0170209 0.0838543 1.14964e-05 -0.000120989 5.49333e-06 1.14964e-05 0.00927899 -0.0171306 1.98094e-05 -0.000120989 -0.0171306 0.0846783 
0.00934632 -0.0170689 1.10389e-05 1.76506e-05 -0.0170689 0.0840684 1.6812e-05 -0.000126494 1.10389e-05 1.6812e-05 0.00931111 -0.0171458 1.76506e-05 -0.000126494 -0.0171458 0.0848187 
0.00937448 -0.0171069 -7.33026e-06 1.06991e-05 -0.0171069 0.0843208 1.35221e-05 -0.000121999 -7.33026e-06 1.35221e-05 0.00935584 -0.0172156 1.06991e-05 -0.000121999 -0.0172156 0.0850929 
0.00938554 -0.0171146 -1.06918e-05 3.18904e-05 -0.0171146 0.0843706 3.37698e-05 -0.000147682 -1.06918e-05 3.37698e-05 0.00937659 -0.0172575 3.18904e-05 -0.000147682 -0.0172575 0.0852348 
0.00935983 -0.0170392 -1.14001e-05 3.89144e-05 -0.0170392 0.0839872 3.83216e-05 -0.000173971 -1.14001e-05 3.83216e-05 0.00934192 -0.0172029 3.89144e-05 -0.000173971 -0.0172029 0.0849342 
0.0093247 -0.0169825 -9.79621e-06 3.86258e-05 -0.0169825 0.0836467 3.74908e-05 -0.000179306 -9.79621e-06 3.74908e-05 0.00931347 -0.0171436 3.86258e-05 -0.000179306 -0.0171436 0.0846345 
0.00934353 -0.0170121 -6.77625e-06 3.53121e-05 -0.0170121 0.0837766 3.34507e-05 -0.000171719 -6.77625e-06 3.34507e-05 0.00930907 -0.0171812 3.53121e-05 -0.000171719 -0.0171812 0.0847951 
0.0093453 -0.0170102 -4.88664e-06 2.95442e-05 -0.0170102 0.0837345 2.60859e-05 -0.000153875 -4.88664e-06 2.60859e-05 0.00928247 -0.0171426 2.95442e-05 -0.000153875 -0.0171426 0.0847008 
0.00934302 -0.017009 8.04847e-06 2.42912e-05 -0.017009 0.0836992 1.94024e-05 -0.000131683 8.04847e-06 1.94024e-05 0.00925781 -0.0171011 2.42912e-05 -0.000131683 -0.0171011 0.0845652 
0.00933945 -0.0170423 1.4741e-05 9.12273e-06 -0.0170423 0.0838512 1.95215e-06 -9.56209e-05 1.4741e-05 1.95215e-06 0.00927002 -0.0171019 9.12273e-06 -9.56209e-05 -0.0171019 0.0846179 
0.00929681 -0.0169575 1.69774e-05 5.23172e-07 -0.0169575 0.0835223 -1.01129e-05 -5.84333e-05 1.69774e-05 -1.01129e-05 0.0092506 -0.0170401 5.23172e-07 -5.84333e-05 -0.0170401 0.0842854 
0.00929393 -0.0169517 1.33082e-05 -3.46079e-06 -0.0169517 0.083519 -1.42151e-05 -3.6032e-05 1.33082e-05 -1.42151e-05 0.00927549 -0.0170652 -3.46079e-06 -3.6032e-05 -0.0170652 0.0843429 
0.00933532 -0.0169952 2.37097e-05 5.302e-07 -0.0169952 0.0837456 -6.57539e-06 -3.82203e-05 2.37097e-05 -6.57539e-06 0.00930818 -0.0171469 5.302e-07 -3.82203e-05 -0.0171469 0.0846649 
0.00934994 -0.017028 1.96448e-05 -1.25664e-05 -0.017028 0.0838418 -1.78395e-05 -2.30946e-05 1.96448e-05 -1.78395e-05 0.009336 -0.0171727 -1.25664e-05 -2.30946e-05 -0.0171727 0.0847952 
0.00938008 -0.0170912 2.98137e-05 -1.08182e-05 -0.0170912 0.0841449 -1.55776e-05 -1.29733e-05 2.98137e-05 -1.55776e-05 0.00936338 -0.017258 -1.08182e-05 -1.29733e-05 -0.017258 0.0851457 
0.00942015 -0.0171625 2.76587e-05 -2.2538e-05 -0.0171625 0.084512 -2.5364e-05 3.22334e-06 2.76587e-05 -2.5364e-05 0.00939378 -0.0173327 -2.2538e-05 3.22334e-06 -0.0173327 0.0855539 
0.00944647 -0.0172134 3.20813e-05 -2.08935e-05 -0.0172134 0.0847748 -2.14954e-05 7.05224e-06 3.20813e-05 -2.14954e-05 0.00942412 -0.0173784 -2.08935e-05 7.05224e-06 -0.0173784 0.0858347 
0.00946075 -0.0172449 1.90339e-05 -2.2541e-05 -0.0172449 0.0849444 -2.30758e-05 4.29701e-06 1.90339e-05 -2.30758e-05 0.00945689 -0.0174117 -2.2541e-05 4.29701e-06 -0.0174117 0.08601 
0.00948044 -0.0172234 1.15636e-05 -5.605e-06 -0.0172234 0.0848556 -7.54766e-06 -2.13413e-05 1.15636e-05 -7.54766e-06 0.00943341 -0.0174062 -5.605e-06 -2.13413e-05 -0.0174062 0.0859411 
0.00951405 -0.0172835 7.96415e-06 4.5541e-06 -0.0172835 0.085032 8.25073e-07 -4.99046e-05 7.96415e-06 8.25073e-07 0.00943271 -0.0174136 4.5541e-06 -4.99046e-05 -0.0174136 0.0860503 
0.00953844 -0.0173388 1.82615e-05 6.22652e-06 -0.0173388 0.0852495 2.39488e-06 -5.94613e-05 1.82615e-05 2.39488e-06 0.00943941 -0.0174252 6.22652e-06 -5.94613e-05 -0.0174252 0.0861577 
0.00953401 -0.0173084 1.67718e-05 -7.36896e-06 -0.0173084 0.0851016 -9.51136e-06 -4.10306e-05 1.67718e-05 -9.51136e-06 0.00941206 -0.0173772 -7.36896e-06 -4.10306e-05 -0.0173772 0.0859402 
0.009508 -0.017279 1.75873e-05 -9.84375e-06 -0.017279 0.0849083 -5.90528e-06 -2.90992e-05 1.75873e-05 -5.90528e-06 0.00939585 -0.017324 -9.84375e-06 -2.90992e-05 -0.017324 0.0856924 
0.00946805 -0.0172448 1.17697e-05 -8.28575e-06 -0.0172448 0.0847587 2.11268e-07 -3.82315e-05 1.17697e-05 2.11268e-07 0.00940366 -0.0173048 -8.28575e-06 -3.82315e-05 -0.0173048 0.0855511 
0.00940636 -0.0171549 -4.22089e-06 1.28838e-06 -0.0171549 0.0844085 1.25346e-05 -6.60477e-05 -4.22089e-06 1.25346e-05 0.0093957 -0.0172771 1.28838e-06 -6.60477e-05 -0.0172771 0.0853153 
0.00939124 -0.0171285 -1.5858e-05 2.20334e-05 -0.0171285 0.0843687 3.39184e-05 -0.000115034 -1.5858e-05 3.39184e-05 0.00940042 -0.0173188 2.20334e-05 -0.000115034 -0.0173188 0.0854435 
0.00936672 -0.0170838 -7.91223e-06 3.90112e-05 -0.0170838 0.0841877 5.00382e-05 -0.000166672 -7.91223e-06 5.00382e-05 0.00938823 -0.017292 3.90112e-05 -0.000166672 -0.017292 0.0853515 
0.00935699 -0.017046 -1.00948e-06 2.97588e-05 -0.017046 0.0840221 4.18397e-05 -0.000175001 -1.00948e-06 4.18397e-05 0.00935851 -0.0172615 2.97588e-05 -0.000175001 -0.0172615 0.0852123 
0.0093821 -0.0170607 6.57829e-06 1.9301e-05 -0.0170607 0.0840482 3.07862e-05 -0.000154243 6.57829e-06 3.07862e-05 0.00933308 -0.0172361 1.9301e-05 -0.000154243 -0.0172361 0.0851586 
0.0093922 -0.0170666 5.99081e-07 1.10374e-05 -0.0170666 0.0839884 1.73235e-05 -0.000125742 5.99081e-07 1.73235e-05 0.00930028 -0.0171745 1.10374e-05 -0.000125742 -0.0171745 0.0849383 
0.00941225 -0.0170639 7.09845e-06 1.85e-05 -0.0170639 0.083906 1.68034e-05 -0.000114871 7.09845e-06 1.68034e-05 0.00924814 -0.0171181 1.85e-05 -0.000114871 -0.0171181 0.0846968 
0.00940625 -0.0170968 4.86246e-06 1.20732e-05 -0.0170968 0.0839342 5.80278e-06 -9.89884e-05 4.86246e-06 5.80278e-06 0.00922354 -0.0170568 1.20732e-05 -9.89884e-05 -0.0170568 0.0845093 
0.00934892 -0.0170413 -1.64559e-05 1.35775e-05 -0.0170413 0.0836907 6.2708e-06 -8.85558e-05 -1.64559e-05 6.2708e-06 0.00920381 -0.016974 1.35775e-05 -8.85558e-05 -0.016974 0.0841193 
0.009313 -0.0170134 -2.39402e-05 3.62228e-05 -0.0170134 0.0836722 2.9082e-05 -0.000114435 -2.39402e-05 2.9082e-05 0.00922869 -0.0169944 3.62228e-05 -0.000114435 -0.0169944 0.0841296 
0.00926818 -0.0169494 -3.09531e-05 4.89303e-05 -0.0169494 0.0834973 4.32205e-05 -0.000155323 -3.09531e-05 4.32205e-05 0.00924513 -0.0170111 4.89303e-05 -0.000155323 -0.0170111 0.084115 
0.00925506 -0.0169465 -1.42312e-05 5.61245e-05 -0.0169465 0.083586 4.99908e-05 -0.000179965 -1.42312e-05 4.99908e-05 0.00928761 -0.0170811 5.61245e-05 -0.000179965 -0.0170811 0.0843879 
0.00922917 -0.0168689 -1.21496e-05 3.81387e-05 -0.0168689 0.0833129 3.24385e-05 -0.000164298 -1.21496e-05 3.24385e-05 0.00927845 -0.0170768 3.81387e-05 -0.000164298 -0.0170768 0.0843064 
0.00921464 -0.0168183 -7.27582e-06 3.54459e-05 -0.0168183 0.0830629 3.20153e-05 -0.000152267 -7.27582e-06 3.20153e-05 0.00925621 -0.0170557 3.54459e-05 -0.000152267 -0.0170557 0.0841902 
0.00922046 -0.01682 2.3311e-06 2.62605e-05 -0.01682 0.083025 2.36856e-05 -0.000132623 2.3311e-06 2.36856e-05 0.0092425 -0.0170495 2.62605e-05 -0.000132623 -0.0170495 0.0841889 
0.00922091 -0.0168021 1.07896e-05 1.17138e-05 -0.0168021 0.0828851 8.78681e-06 -9.67892e-05 1.07896e-05 8.78681e-06 0.00920533 -0.0169953 1.17138e-05 -9.67892e-05 -0.0169953 0.0839844 
0.00923869 -0.0168195 1.02283e-05 -7.92604e-07 -0.0168195 0.0828985 -6.56912e-06 -5.40461e-05 1.02283e-05 -6.56912e-06 0.00917088 -0.0169587 -7.92604e-07 -5.40461e-05 -0.0169587 0.0838715 
0.0092457 -0.0168505 6.27402e-06 1.1559e-06 -0.0168505 0.0829692 -8.11325e-06 -3.51444e-05 6.27402e-06 -8.11325e-06 0.00916319 -0.0169133 1.1559e-06 -3.51444e-05 -0.0169133 0.0837498 
0.0092392 -0.0168601 -9.63425e-06 6.21559e-06 -0.0168601 0.0830136 -2.24567e-06 -3.90032e-05 -9.63425e-06 -2.24567e-06 0.00916549 -0.0169011 6.21559e-06 -3.90032e-05 -0.0169011 0.0836674 
0.0092396 -0.0168661 -7.13892e-07 2.16925e-05 -0.0168661 0.0830814 1.95483e-05 -6.90834e-05 -7.13892e-07 1.95483e-05 0.00917354 -0.0169169 2.16925e-05 -6.90834e-05 -0.0169169 0.0837072 
0.00925381 -0.0168365 3.41076e-06 1.14648e-05 -0.0168365 0.0829749 1.39787e-05 -7.54868e-05 3.41076e-06 1.39787e-05 0.00914143 -0.0169101 1.14648e-05 -7.54868e-05 -0.0169101 0.0836496 
0.00927192 -0.016878 7.61284e-07 6.15262e-06 -0.016878 0.0830646 1.32245e-05 -7.14981e-05 7.61284e-07 1.32245e-05 0.00912882 -0.0168891 6.15262e-06 -7.14981e-05 -0.0168891 0.083661 
0.00930043 -0.01693 -8.17333e-06 4.38516e-06 -0.01693 0.0832787 1.69763e-05 -7.00366e-05 -8.17333e-06 1.69763e-05 0.00913223 -0.0168893 4.38516e-06 -7.00366e-05 -0.0168893 0.0837289 
0.00932716 -0.0169861 -2.27266e-05 1.54644e-05 -0.0169861 0.0835232 2.84424e-05 -8.9135e-05 -2.27266e-05 2.84424e-05 0.00913548 -0.0169049 1.54644e-05 -8.9135e-05 -0.0169049 0.0838379 
0.00934538 -0.0169874 -3.60603e-05 3.95624e-05 -0.0169874 0.0835318 4.41847e-05 -0.000132232 -3.60603e-05 4.41847e-05 0.00911871 -0.0168782 3.95624e-05 -0.000132232 -0.0168782 0.0837449 
0.00929669 -0.0169698 -3.75709e-05 6.19008e-05 -0.0169698 0.0833783 6.03922e-05 -0.000184967 -3.75709e-05 6.03922e-05 0.00912978 -0.0168233 6.19008e-05 -0.000184967 -0.0168233 0.0834997 
0.0092394 -0.0169115 -3.43209e-05 6.58803e-05 -0.0169115 0.0832266 6.34862e-05 -0.000214113 -3.43209e-05 6.34862e-05 0.00916071 -0.0168449 6.58803e-05 -0.000214113 -0.0168449 0.0834418 
0.00919873 -0.016827 -2.75432e-05 5.93075e-05 -0.016827 0.0829783 5.65424e-05 -0.000208738 -2.75432e-05 5.65424e-05 0.00916794 -0.0168794 5.93075e-05 -0.000208738 -0.0168794 0.0834534 
0.00920387 -0.0168173 -9.95075e-06 5.04607e-05 -0.0168173 0.0829933 4.44257e-05 -0.000184722 -9.95075e-06 4.44257e-05 0.00917686 -0.0169378 5.04607e-05 -0.000184722 -0.0169378 0.0837046 
0.00924516 -0.016831 2.33078e-05 2.66621e-05 -0.016831 0.0830581 1.86232e-05 -0.000131399 2.33078e-05 1.86232e-05 0.00915482 -0.0169572 2.66621e-05 -0.000131399 -0.0169572 0.083872 
0.00926731 -0.016872 4.41015e-05 -1.38587e-05 -0.016872 0.0831208 -2.18784e-05 -4.35847e-05 4.41015e-05 -2.18784e-05 0.00913845 -0.0169104 -1.38587e-05 -4.35847e-05 -0.0169104 0.0838131 
0.00929072 -0.0169119 4.38832e-05 -4.29094e-05 -0.0169119 0.0832525 -4.87175e-05 4.20878e-05 4.38832e-05 -4.87175e-05 0.0091313 -0.0168909 -4.29094e-05 4.20878e-05 -0.0168909 0.0837688 
0.00928738 -0.01694 2.31953e-05 -4.31763e-05 -0.01694 0.083348 -5.00462e-05 7.77621e-05 2.31953e-05 -5.00462e-05 0.00915263 -0.0168785 -4.31763e-05 7.77621e-05 -0.0168785 0.0837251 
0.00925739 -0.0168983 -8.17183e-06 -1.4544e-05 -0.0168983 0.0831947 -2.06717e-05 3.83666e-05 -8.17183e-06 -2.06717e-05 0.00915887 -0.0168664 -1.4544e-05 3.83666e-05 -0.0168664 0.0835625 
0.00923348 -0.0168707 -1.77258e-05 2.31325e-05 -0.0168707 0.0831094 2.25532e-05 -4.95502e-05 -1.77258e-05 2.25532e-05 0.00918738 -0.0168924 2.31325e-05 -4.95502e-05 -0.0168924 0.0835825 
0.00926093 -0.0168702 -2.18434e-05 3.27027e-05 -0.0168702 0.0831764 3.71423e-05 -0.000108783 -2.18434e-05 3.71423e-05 0.00920664 -0.0169715 3.27027e-05 -0.000108783 -0.0169715 0.0838431 
0.00927634 -0.0168917 -2.02971e-05 3.26249e-05 -0.0168917 0.0832082 3.8265e-05 -0.00012242 -2.02971e-05 3.8265e-05 0.00921647 -0.0169948 3.26249e-05 -0.00012242 -0.0169948 0.0839805 
0.00930004 -0.0169748 -1.63659e-06 2.79377e-05 -0.0169748 0.0835677 3.1516e-05 -0.000110935 -1.63659e-06 3.1516e-05 0.00926373 -0.0170685 2.79377e-05 -0.000110935 -0.0170685 0.0843567 
0.00929914 -0.0169482 9.96403e-06 7.61622e-06 -0.0169482 0.0835022 1.08061e-05 -7.42123e-05 9.96403e-06 1.08061e-05 0.00925256 -0.017069 7.61622e-06 -7.42123e-05 -0.017069 0.0843328 
0.00930128 -0.0169676 1.69966e-05 -4.59384e-06 -0.0169676 0.0835726 1.43528e-06 -4.41058e-05 1.69966e-05 1.43528e-06 0.00926465 -0.0170811 -4.59384e-06 -4.41058e-05 -0.0170811 0.084426 
0.00926565 -0.0169194 6.32731e-06 -1.03446e-05 -0.0169194 0.0833592 -4.65771e-06 -2.87192e-05 6.32731e-06 -4.65771e-06 0.00925401 -0.0170397 -1.03446e-05 -2.87192e-05 -0.0170397 0.0842184 
0.00928987 -0.0169656 9.5735e-06 1.65057e-06 -0.0169656 0.0836457 4.00024e-06 -3.71156e-05 9.5735e-06 4.00024e-06 0.00928446 -0.0171264 1.65057e-06 -3.71156e-05 -0.0171264 0.0845863 
0.0093333 -0.0170201 1.30474e-05 -7.44485e-07 -0.0170201 0.0839547 -2.62773e-06 -3.55276e-05 1.30474e-05 -2.62773e-06 0.00929047 -0.0171963 -7.44485e-07 -3.55276e-05 -0.0171963 0.084972 
0.00932001 -0.016979 -4.63402e-06 -3.28239e-06 -0.016979 0.0837197 -1.00059e-05 -2.34738e-05 -4.63402e-06 -1.00059e-05 0.00924656 -0.017105 -3.28239e-06 -2.34738e-05 -0.017105 0.084681 
0.00930128 -0.0169418 -6.19585e-06 1.74911e-05 -0.0169418 0.0834896 8.68312e-06 -4.49645e-05 -6.19585e-06 8.68312e-06 0.00921222 -0.0170219 1.74911e-05 -4.49645e-05 -0.0170219 0.084331 
0.00928272 -0.0168953 -1.72203e-06 1.98909e-05 -0.0168953 0.0832291 9.41659e-06 -6.06441e-05 -1.72203e-06 9.41659e-06 0.00917674 -0.01695 1.98909e-05 -6.06441e-05 -0.01695 0.0839729 
0.00931138 -0.0169499 1.1902e-05 1.32783e-05 -0.0169499 0.0834434 2.24145e-06 -5.06436e-05 1.1902e-05 2.24145e-06 0.00919421 -0.0169772 1.32783e-05 -5.06436e-05 -0.0169772 0.0841003 
0.00931869 -0.0170347 1.55697e-05 -5.28454e-06 -0.0170347 0.0838294 -1.18123e-05 -1.82755e-05 1.55697e-05 -1.18123e-05 0.00926242 -0.0170399 -5.28454e-06 -1.82755e-05 -0.0170399 0.0844051 
0.00930062 -0.0170099 -7.53886e-07 -1.49674e-05 -0.0170099 0.0838451 -1.36833e-05 8.41735e-06 -7.53886e-07 -1.36833e-05 0.00930393 -0.017085 -1.49674e-05 8.41735e-06 -0.017085 0.0844884 
0.00933012 -0.0170012 -1.22869e-05 -9.85166e-07 -0.0170012 0.0838923 5.73279e-06 -2.58775e-06 -1.22869e-05 5.73279e-06 0.00931133 -0.017164 -9.85166e-07 -2.58775e-06 -0.017164 0.0847331 
0.00936971 -0.0170724 -3.35404e-06 1.56842e-05 -0.0170724 0.0841604 1.79223e-05 -3.49469e-05 -3.35404e-06 1.79223e-05 0.00933664 -0.0172259 1.56842e-05 -3.49469e-05 -0.0172259 0.0850992 
0.00934801 -0.0170509 -7.74781e-06 5.30522e-06 -0.0170509 0.0840225 1.4237e-06 -2.53093e-05 -7.74781e-06 1.4237e-06 0.00933151 -0.0171867 5.30522e-06 -2.53093e-05 -0.0171867 0.0849559 
0.00935529 -0.0170029 -1.29112e-06 1.07703e-05 -0.0170029 0.0838128 4.00693e-06 -1.8665e-05 -1.29112e-06 4.00693e-06 0.00929931 -0.01716 1.07703e-05 -1.8665e-05 -0.01716 0.084776 
0.00936726 -0.0170512 -8.42024e-07 2.52892e-06 -0.0170512 0.0839224 -3.42044e-06 -6.74609e-06 -8.42024e-07 -3.42044e-06 0.00931784 -0.017164 2.52892e-06 -6.74609e-06 -0.017164 0.0848449 
0.00938458 -0.0170824 -3.47821e-06 8.85512e-07 -0.0170824 0.0840746 -1.96467e-06 -2.39077e-07 -3.47821e-06 -1.96467e-06 0.00933042 -0.0172001 8.85512e-07 -2.39077e-07 -0.0172001 0.0849752 
0.00939032 -0.0170752 -1.07413e-05 5.86372e-06 -0.0170752 0.0840355 2.24177e-06 -6.84219e-06 -1.07413e-05 2.24177e-06 0.00930812 -0.0171946 5.86372e-06 -6.84219e-06 -0.0171946 0.0849481 
0.00939768 -0.0170851 -3.03338e-05 1.63736e-05 -0.0170851 0.0840346 1.06481e-05 -2.54844e-05 -3.03338e-05 1.06481e-05 0.00928888 -0.0171669 1.63736e-05 -2.54844e-05 -0.0171669 0.0848932 
0.00938338 -0.0170921 -3.2485e-05 4.01543e-05 -0.0170921 0.084039 3.15898e-05 -6.73971e-05 -3.2485e-05 3.15898e-05 0.00929476 -0.0171387 4.01543e-05 -6.73971e-05 -0.0171387 0.0848071 
0.00935602 -0.0171059 -3.31742e-05 4.53647e-05 -0.0171059 0.0841691 3.43713e-05 -9.38034e-05 -3.31742e-05 3.43713e-05 0.00935096 -0.0171795 4.53647e-05 -9.38034e-05 -0.0171795 0.0849441 
0.00933724 -0.0170598 -1.24763e-05 4.46505e-05 -0.0170598 0.084118 3.51064e-05 -9.88894e-05 -1.24763e-05 3.51064e-05 0.00938405 -0.0172423 4.46505e-05 -9.88894e-05 -0.0172423 0.0850844 
0.00938608 -0.0170665 1.58975e-05 1.55587e-05 -0.0170665 0.0842062 1.41717e-05 -6.08492e-05 1.58975e-05 1.41717e-05 0.00938374 -0.0173181 1.55587e-05 -6.08492e-05 -0.0173181 0.0853859 
0.00943516 -0.017178 3.46821e-05 -2.8071e-05 -0.017178 0.0846016 -2.10505e-05 2.62117e-05 3.46821e-05 -2.10505e-05 0.00941816 -0.0173692 -2.8071e-05 2.62117e-05 -0.0173692 0.0857725 
0.00945313 -0.0172412 2.47198e-05 -5.58011e-05 -0.0172412 0.0848981 -4.55581e-05 0.000108597 2.47198e-05 -4.55581e-05 0.00945486 -0.0174065 -5.58011e-05 0.000108597 -0.0174065 0.0859874 
0.00946183 -0.0172457 7.14684e-07 -4.08283e-05 -0.0172457 0.0849828 -3.09288e-05 0.000115202 7.14684e-07 -3.09288e-05 0.00947098 -0.0174366 -4.08283e-05 0.000115202 -0.0174366 0.086087 
0.00947551 -0.0172475 -1.21334e-05 -3.45884e-06 -0.0172475 0.0850006 5.22375e-06 4.19535e-05 -1.21334e-05 5.22375e-06 0.00947038 -0.0174574 -3.45884e-06 4.19535e-05 -0.0174574 0.086166 
0.00949232 -0.0173021 -2.54225e-05 1.6535e-05 -0.0173021 0.0852183 2.40698e-05 -2.87943e-05 -2.54225e-05 2.40698e-05 0.00949807 -0.0174901 1.6535e-05 -2.87943e-05 -0.0174901 0.0863733 
0.0094891 -0.0172535 -2.28872e-05 3.60339e-05 -0.0172535 0.0850202 4.06955e-05 -8.54912e-05 -2.28872e-05 4.06955e-05 0.00947319 -0.0174586 3.60339e-05 -8.54912e-05 -0.0174586 0.0861905 
0.00950658 -0.0172089 -3.11799e-05 3.64742e-05 -0.0172089 0.084728 4.08552e-05 -0.000115194 -3.11799e-05 4.08552e-05 0.0094069 -0.0173932 3.64742e-05 -0.000115194 -0.0173932 0.0858857 
0.00950697 -0.0172229 -2.87842e-05 4.2379e-05 -0.0172229 0.0845894 4.84685e-05 -0.000130481 -2.87842e-05 4.84685e-05 0.00936371 -0.0173054 4.2379e-05 -0.000130481 -0.0173054 0.0855836 
0.00946771 -0.017194 -1.14289e-05 4.05522e-05 -0.017194 0.0843652 4.6496e-05 -0.000136179 -1.14289e-05 4.6496e-05 0.00933458 -0.0172093 4.05522e-05 -0.000136179 -0.0172093 0.0851539 
0.00942894 -0.0171988 -5.02043e-07 2.01715e-05 -0.0171988 0.0844278 2.56793e-05 -0.000106816 -5.02043e-07 2.56793e-05 0.0093763 -0.017222 2.01715e-05 -0.000106816 -0.017222 0.0851435 
0.00940856 -0.0171537 7.21953e-06 5.29596e-06 -0.0171537 0.0843947 1.23522e-05 -6.92288e-05 7.21953e-06 1.23522e-05 0.00939365 -0.0172873 5.29596e-06 -6.92288e-05 -0.0172873 0.0852794 
0.00943444 -0.0171687 1.18647e-05 -5.16755e-06 -0.0171687 0.0845349 -3.82821e-08 -3.39688e-05 1.18647e-05 -3.82821e-08 0.00940016 -0.0173567 -5.16755e-06 -3.39688e-05 -0.0173567 0.0856071 
0.00944956 -0.0171658 2.58254e-05 -1.09619e-05 -0.0171658 0.0844827 -1.03051e-05 -5.19975e-06 2.58254e-05 -1.03051e-05 0.00937289 -0.0173244 -1.09619e-05 -5.19975e-06 -0.0173244 0.0855707 
0.00942409 -0.0171482 3.01027e-05 -2.90749e-05 -0.0171482 0.0843208 -3.31633e-05 4.12323e-05 3.01027e-05 -3.31633e-05 0.00934404 -0.0172483 -2.90749e-05 4.12323e-05 -0.0172483 0.0852944 
0.00938883 -0.0171063 2.41956e-05 -3.53982e-05 -0.0171063 0.0841415 -4.18706e-05 7.81556e-05 2.41956e-05 -4.18706e-05 0.00933152 -0.0171932 -3.53982e-05 7.81556e-05 -0.0171932 0.0850257 
0.00936889 -0.0170959 1.7368e-05 -2.73846e-05 -0.0170959 0.0841478 -3.38588e-05 7.89988e-05 1.7368e-05 -3.38588e-05 0.00935142 -0.017209 -2.73846e-05 7.89988e-05 -0.017209 0.0850412 
0.00935103 -0.0170387 1.66831e-05 -1.86514e-05 -0.0170387 0.0839554 -2.41563e-05 6.05147e-05 1.66831e-05 -2.41563e-05 0.00933875 -0.0172078 -1.86514e-05 6.05147e-05 -0.0172078 0.0849562 
0.00938226 -0.0170605 1.27043e-05 -1.69562e-05 -0.0170605 0.0840526 -2.12873e-05 4.72569e-05 1.27043e-05 -2.12873e-05 0.00933882 -0.0172447 -1.69562e-05 4.72569e-05 -0.0172447 0.0851419 
0.00942167 -0.0171213 1.01849e-05 -1.17086e-05 -0.0171213 0.0842704 -1.5514e-05 3.41039e-05 1.01849e-05 -1.5514e-05 0.00934316 -0.017265 -1.17086e-05 3.41039e-05 -0.017265 0.0853253 
0.00943697 -0.0171735 1.31639e-05 -8.78062e-06 -0.0171735 0.0844575 -1.02175e-05 2.0045e-05 1.31639e-05 -1.02175e-05 0.00935921 -0.0172606 -8.78062e-06 2.0045e-05 -0.0172606 0.0853808 
0.00944124 -0.0172432 2.45516e-05 -1.33255e-05 -0.0172432 0.0848097 -1.20477e-05 1.87355e-05 2.45516e-05 -1.20477e-05 0.00941525 -0.0173177 -1.33255e-05 1.87355e-05 -0.0173177 0.0856374 
0.00942883 -0.017188 6.98046e-06 -2.74891e-05 -0.017188 0.0846772 -2.5433e-05 4.00068e-05 6.98046e-06 -2.5433e-05 0.00940475 -0.017323 -2.74891e-05 4.00068e-05 -0.017323 0.0855583 
0.00939389 -0.0170922 -1.83044e-05 -9.98142e-06 -0.0170922 0.0842128 -9.26286e-06 3.20945e-05 -1.83044e-05 -9.26286e-06 0.00935286 -0.0172483 -9.98142e-06 3.20945e-05 -0.0172483 0.0851832 
0.0094005 -0.0171223 -1.6743e-05 2.37889e-05 -0.0171223 0.0842997 2.1286e-05 -2.75047e-05 -1.6743e-05 2.1286e-05 0.00936703 -0.017263 2.37889e-05 -2.75047e-05 -0.017263 0.0852887 
0.0093568 -0.0170554 -3.43632e-06 2.57642e-05 -0.0170554 0.0839879 2.10829e-05 -6.10792e-05 -3.43632e-06 2.10829e-05 0.00934849 -0.0172075 2.57642e-05 -6.10792e-05 -0.0172075 0.0849973 
