0.00617793 0 1.88539e-05 0 0 0.00868323 0 0 1.88539e-05 0 0.00607895 0 0 0 0 0.00868323 
0.00943264 -0.0117047 3.57768e-05 -4.53187e-05 -0.0117047 0.0310426 -4.53187e-05 8.70731e-05 3.57768e-05 -4.53187e-05 0.00931808 -0.0115696 -4.53187e-05 8.70731e-05 -0.0115696 0.0307829 
0.0097025 -0.0180322 3.83007e-05 -0.000102513 -0.0180322 0.0664579 -0.000102513 0.000339156 3.83007e-05 -0.000102513 0.00965809 -0.0180534 -0.000102513 0.000339156 -0.0180534 0.066582 
0.00917138 -0.0175623 2.99285e-05 -0.000128001 -0.0175623 0.0786654 -0.000124908 0.000597734 2.99285e-05 -0.000124908 0.00913284 -0.0178429 -0.000128001 0.000597734 -0.0178429 0.0801884 
0.00891193 -0.0165429 1.16523e-05 -0.000101742 -0.0165429 0.0794945 -9.49087e-05 0.000602314 1.16523e-05 -9.49087e-05 0.00887169 -0.0167864 -0.000101742 0.000602314 -0.0167864 0.0814672 
0.00868667 -0.0158869 -8.52623e-06 -6.14322e-05 -0.0158869 0.0777109 -5.22423e-05 0.000439778 -8.52623e-06 -5.22423e-05 0.00864502 -0.0160302 -6.14322e-05 0.000439778 -0.0160302 0.0792495 
0.00841663 -0.0153367 -2.60028e-05 -2.71871e-05 -0.0153367 0.0753574 -1.77182e-05 0.00027471 -2.60028e-05 -1.77182e-05 0.00837101 -0.015431 -2.71871e-05 0.00027471 -0.015431 0.0764253 
0.00818324 -0.0149181 -2.86993e-05 -2.14985e-06 -0.0149181 0.0734402 6.22614e-06 0.000159624 -2.86993e-05 6.22614e-06 0.00814902 -0.0149961 -2.14985e-06 0.000159624 -0.0149961 0.0742448 
0.00960619 -0.0174922 -1.66316e-05 3.01818e-06 -0.0174922 0.0862328 1.19067e-05 0.000126519 -1.66316e-05 1.19067e-05 0.00956927 -0.0176047 3.01818e-06 0.000126519 -0.0176047 0.0871017 
0.00950354 -0.0172882 -4.32848e-07 -1.96705e-05 -0.0172882 0.0852311 -1.18597e-05 0.000144649 -4.32848e-07 -1.18597e-05 0.00945868 -0.0174163 -1.96705e-05 0.000144649 -0.0174163 0.0861152 
0.00943588 -0.0172035 4.41108e-06 -4.15627e-05 -0.0172035 0.084766 -3.7289e-05 0.000201544 4.41108e-06 -3.7289e-05 0.00942761 -0.0173276 -4.15627e-05 0.000201544 -0.0173276 0.0856655 
0.00939211 -0.0171418 1.03273e-05 -4.49453e-05 -0.0171418 0.0845162 -4.68413e-05 0.00023738 1.03273e-05 -4.68413e-05 0.00942895 -0.0173119 -4.49453e-05 0.00023738 -0.0173119 0.0854971 
0.00935353 -0.0170525 2.55766e-05 -4.78837e-05 -0.0170525 0.0841373 -5.21382e-05 0.000250729 2.55766e-05 -5.21382e-05 0.00940438 -0.0172846 -4.78837e-05 0.000250729 -0.0172846 0.0852673 
0.00936382 -0.0170626 2.48837e-05 -6.66595e-05 -0.0170626 0.0841684 -6.82295e-05 0.000278603 2.48837e-05 -6.82295e-05 0.00940713 -0.0173145 -6.66595e-05 0.000278603 -0.0173145 0.0853999 
0.00938354 -0.0170778 2.96934e-05 -6.84212e-05 -0.0170778 0.0842127 -6.56583e-05 0.000291485 2.96934e-05 -6.56583e-05 0.00940219 -0.017319 -6.84212e-05 0.000291485 -0.017319 0.0854599 
0.0094247 -0.0171447 3.10974e-05 -7.34337e-05 -0.0171447 0.08448 -6.83002e-05 0.000297205 3.10974e-05 -6.83002e-05 0.0094183 -0.017356 -7.34337e-05 0.000297205 -0.017356 0.0856808 
0.00946251 -0.0172355 2.05386e-05 -7.7339e-05 -0.0172355 0.0848773 -6.97188e-05 0.000305008 2.05386e-05 -6.97188e-05 0.00944984 -0.0174161 -7.7339e-05 0.000305008 -0.0174161 0.0860089 
0.0094684 -0.0172303 4.80581e-06 -6.55056e-05 -0.0172303 0.0848756 -5.53915e-05 0.000287747 4.80581e-06 -5.53915e-05 0.00943682 -0.0174012 -6.55056e-05 0.000287747 -0.0174012 0.0859576 
0.00945864 -0.0172205 -1.04207e-05 -4.13016e-05 -0.0172205 0.084804 -3.15863e-05 0.00023305 -1.04207e-05 -3.15863e-05 0.00942619 -0.0173715 -4.13016e-05 0.00023305 -0.0173715 0.0858433 
0.00941597 -0.0171639 -5.69527e-06 -1.92171e-05 -0.0171639 0.0845391 -9.70874e-06 0.000169464 -5.69527e-06 -9.70874e-06 0.00940922 -0.0173191 -1.92171e-05 0.000169464 -0.0173191 0.0855722 
0.00937332 -0.0170937 -1.13603e-05 -2.15123e-05 -0.0170937 0.0842503 -1.35345e-05 0.000142868 -1.13603e-05 -1.35345e-05 0.00939467 -0.0172859 -2.15123e-05 0.000142868 -0.0172859 0.0853519 
0.00935299 -0.0170624 -1.16728e-05 -1.42901e-05 -0.0170624 0.0841391 -9.55256e-06 0.000128884 -1.16728e-05 -9.55256e-06 0.00939007 -0.017292 -1.42901e-05 0.000128884 -0.017292 0.0853395 
0.00935734 -0.01704 -7.54061e-06 -1.22227e-05 -0.01704 0.084061 -1.03283e-05 0.000120377 -7.54061e-06 -1.03283e-05 0.00937308 -0.0172867 -1.22227e-05 0.000120377 -0.0172867 0.0853264 
0.00936296 -0.0170437 -6.8695e-06 -1.63909e-05 -0.0170437 0.0840222 -1.36179e-05 0.00012168 -6.8695e-06 -1.36179e-05 0.00935663 -0.0172597 -1.63909e-05 0.00012168 -0.0172597 0.0852592 
0.00938063 -0.0170852 -5.63171e-06 -1.70202e-05 -0.0170852 0.0841799 -1.63306e-05 0.000126909 -5.63171e-06 -1.63306e-05 0.00936088 -0.017262 -1.70202e-05 0.000126909 -0.017262 0.0853193 
0.00935512 -0.0170783 -1.20608e-05 -1.68311e-05 -0.0170783 0.084139 -1.88767e-05 0.000128942 -1.20608e-05 -1.88767e-05 0.00936738 -0.0172319 -1.68311e-05 0.000128942 -0.0172319 0.085187 
0.00931944 -0.0170151 -1.44387e-05 -1.08281e-05 -0.0170151 0.0839097 -1.22519e-05 0.000121662 -1.44387e-05 -1.22519e-05 0.00935923 -0.0172048 -1.08281e-05 0.000121662 -0.0172048 0.0849708 
0.00931053 -0.0169809 -1.33534e-05 -7.63291e-06 -0.0169809 0.0837857 -7.72966e-06 0.000110611 -1.33534e-05 -7.72966e-06 0.00935152 -0.0172117 -7.63291e-06 0.000110611 -0.0172117 0.0849363 
0.00929542 -0.0169672 -6.31653e-06 -9.82252e-06 -0.0169672 0.0837008 -9.11298e-06 0.000110014 -6.31653e-06 -9.11298e-06 0.00935296 -0.0172049 -9.82252e-06 0.000110014 -0.0172049 0.0849101 
0.00930687 -0.0169646 -8.11169e-06 -1.9523e-05 -0.0169646 0.0837145 -1.73091e-05 0.000125621 -8.11169e-06 -1.73091e-05 0.00934639 -0.0172231 -1.9523e-05 0.000125621 -0.0172231 0.084973 
0.00928598 -0.0169361 -7.61382e-06 -1.91303e-05 -0.0169361 0.0835315 -1.46996e-05 0.000131938 -7.61382e-06 -1.46996e-05 0.00932867 -0.0171723 -1.91303e-05 0.000131938 -0.0171723 0.0847775 
0.00929565 -0.0169446 -1.3615e-06 -1.66041e-05 -0.0169446 0.0835768 -1.11996e-05 0.000123004 -1.3615e-06 -1.11996e-05 0.00932499 -0.0171844 -1.66041e-05 0.000123004 -0.0171844 0.0848152 
0.00932315 -0.0169805 1.2498e-06 -2.30198e-05 -0.0169805 0.0837329 -1.90626e-05 0.000128405 1.2498e-06 -1.90626e-05 0.00933065 -0.0172052 -2.30198e-05 0.000128405 -0.0172052 0.0849508 
0.0093396 -0.0170216 8.22209e-06 -2.41799e-05 -0.0170216 0.0838934 -2.43668e-05 0.000136985 8.22209e-06 -2.43668e-05 0.00934569 -0.0172188 -2.41799e-05 0.000136985 -0.0172188 0.0850575 
0.00932608 -0.017007 1.00086e-05 -3.04331e-05 -0.017007 0.083823 -3.1423e-05 0.000147014 1.00086e-05 -3.1423e-05 0.00933843 -0.0171974 -3.04331e-05 0.000147014 -0.0171974 0.0849431 
0.00928978 -0.0169561 5.77857e-06 -3.25878e-05 -0.0169561 0.0835893 -3.20715e-05 0.000152895 5.77857e-06 -3.20715e-05 0.00932468 -0.0171504 -3.25878e-05 0.000152895 -0.0171504 0.084696 
0.00927004 -0.0169001 -4.96448e-06 -3.01119e-05 -0.0169001 0.0833549 -2.80322e-05 0.000149962 -4.96448e-06 -2.80322e-05 0.00930519 -0.0171236 -3.01119e-05 0.000149962 -0.0171236 0.084504 
0.00928194 -0.0169213 -1.14572e-05 -1.65614e-05 -0.0169213 0.0834384 -1.42962e-05 0.0001266 -1.14572e-05 -1.42962e-05 0.00931274 -0.0171528 -1.65614e-05 0.0001266 -0.0171528 0.0846321 
0.00929055 -0.0169523 -1.49181e-05 -5.22378e-06 -0.0169523 0.0835791 -3.47665e-06 9.30569e-05 -1.49181e-05 -3.47665e-06 0.00933037 -0.017179 -5.22378e-06 9.30569e-05 -0.017179 0.084784 
0.00929169 -0.0169694 -2.02258e-05 -2.91449e-07 -0.0169694 0.0836937 2.34334e-06 6.97952e-05 -2.02258e-05 2.34334e-06 0.00934695 -0.0172072 -2.91449e-07 6.97952e-05 -0.0172072 0.0849175 
0.00928681 -0.0169475 -1.7e-06 7.31219e-06 -0.0169475 0.0836347 1.16323e-05 4.55133e-05 -1.7e-06 1.16323e-05 0.00933143 -0.0172033 7.31219e-06 4.55133e-05 -0.0172033 0.0848946 
0.0092913 -0.0169183 1.51062e-05 -1.37034e-05 -0.0169183 0.0834846 -8.25728e-06 6.21131e-05 1.51062e-05 -8.25728e-06 0.00929961 -0.0171603 -1.37034e-05 6.21131e-05 -0.0171603 0.0847393 
0.00932239 -0.0169537 7.47637e-06 -3.44129e-05 -0.0169537 0.0835744 -2.71229e-05 0.000103723 7.47637e-06 -2.71229e-05 0.00928748 -0.01715 -3.44129e-05 0.000103723 -0.01715 0.0847506 
0.00933669 -0.0169998 -7.4409e-06 -2.65167e-05 -0.0169998 0.0837096 -1.69764e-05 0.000106818 -7.4409e-06 -1.69764e-05 0.00928724 -0.0171358 -2.65167e-05 0.000106818 -0.0171358 0.0847434 
0.00931042 -0.0169718 -1.52411e-05 -7.60343e-06 -0.0169718 0.0835746 1.01697e-06 7.27814e-05 -1.52411e-05 1.01697e-06 0.0092669 -0.0170909 -7.60343e-06 7.27814e-05 -0.0170909 0.08452 
0.0093089 -0.0169712 -1.10105e-05 4.07317e-06 -0.0169712 0.0836108 1.0518e-05 3.75144e-05 -1.10105e-05 1.0518e-05 0.00925932 -0.0170966 4.07317e-06 3.75144e-05 -0.0170966 0.084536 
0.00929775 -0.0169449 -3.1115e-06 4.49453e-07 -0.0169449 0.0835054 4.86992e-06 3.00128e-05 -3.1115e-06 4.86992e-06 0.0092382 -0.0170651 4.49453e-07 3.00128e-05 -0.0170651 0.0844226 
0.00926628 -0.0168806 5.94604e-06 -9.52692e-06 -0.0168806 0.0831825 -6.85455e-06 4.87783e-05 5.94604e-06 -6.85455e-06 0.00920012 -0.0169808 -9.52692e-06 4.87783e-05 -0.0169808 0.0840524 
0.00925251 -0.0168949 8.54271e-06 -2.05081e-05 -0.0168949 0.0832236 -1.90762e-05 7.72028e-05 8.54271e-06 -1.90762e-05 0.00921378 -0.0169749 -2.05081e-05 7.72028e-05 -0.0169749 0.084027 
0.00925048 -0.0168907 -6.69808e-06 -2.4358e-05 -0.0168907 0.0832751 -2.4428e-05 9.70179e-05 -6.69808e-06 -2.4428e-05 0.00921943 -0.0169994 -2.4358e-05 9.70179e-05 -0.0169994 0.0840853 
0.00922177 -0.0168465 -9.64578e-06 -4.95276e-06 -0.0168465 0.0830932 -8.52355e-06 7.80903e-05 -9.64578e-06 -8.52355e-06 0.0092036 -0.0169691 -4.95276e-06 7.80903e-05 -0.0169691 0.0839371 
0.00915904 -0.0167444 -1.04345e-05 1.98722e-06 -0.0167444 0.0826292 -4.83447e-06 5.51147e-05 -1.04345e-05 -4.83447e-06 0.00917339 -0.0168839 1.98722e-06 5.51147e-05 -0.0168839 0.0835112 
0.00914451 -0.0167027 -3.17811e-06 3.63309e-06 -0.0167027 0.0824694 -3.76451e-06 4.52675e-05 -3.17811e-06 -3.76451e-06 0.00916787 -0.0168811 3.63309e-06 4.52675e-05 -0.0168811 0.0834261 
0.00913738 -0.0166681 -2.00355e-06 -2.35962e-06 -0.0166681 0.0822905 -1.13368e-05 5.07633e-05 -2.00355e-06 -1.13368e-05 0.00915116 -0.0168629 -2.35962e-06 5.07633e-05 -0.0168629 0.0833124 
0.00916646 -0.0167535 -1.22705e-06 -4.61738e-06 -0.0167535 0.0826554 -1.50018e-05 6.18108e-05 -1.22705e-06 -1.50018e-05 0.0091945 -0.0169349 -4.61738e-06 6.18108e-05 -0.0169349 0.0836804 
0.00919533 -0.0168034 -5.79285e-06 -8.35894e-06 -0.0168034 0.0829436 -1.66339e-05 7.2347e-05 -5.79285e-06 -1.66339e-05 0.00922482 -0.0169973 -8.35894e-06 7.2347e-05 -0.0169973 0.0839759 
0.00921078 -0.0168096 -1.02271e-05 -7.65314e-06 -0.0168096 0.0829869 -1.31763e-05 7.81929e-05 -1.02271e-05 -1.31763e-05 0.00921539 -0.0170054 -7.65314e-06 7.81929e-05 -0.0170054 0.0840272 
0.00922278 -0.01682 -1.65188e-05 -5.32077e-06 -0.01682 0.0829947 -6.66448e-06 7.5651e-05 -1.65188e-05 -6.66448e-06 0.00919416 -0.0169834 -5.32077e-06 7.5651e-05 -0.0169834 0.0839833 
0.0092261 -0.016811 -6.12782e-06 1.68842e-06 -0.016811 0.0829052 3.21053e-06 6.05064e-05 -6.12782e-06 3.21053e-06 0.00916141 -0.0169292 1.68842e-06 6.05064e-05 -0.0169292 0.0837891 
0.00923077 -0.0168486 -1.23175e-06 -9.37774e-06 -0.0168486 0.0830321 -7.35321e-06 6.77142e-05 -1.23175e-06 -7.35321e-06 0.00917428 -0.0169175 -9.37774e-06 6.77142e-05 -0.0169175 0.0837877 
0.0092031 -0.0168258 7.07813e-06 -1.6585e-05 -0.0168258 0.0829539 -1.41923e-05 8.50614e-05 7.07813e-06 -1.41923e-05 0.00917777 -0.0169009 -1.6585e-05 8.50614e-05 -0.0169009 0.0836596 
0.00918725 -0.0167937 7.13964e-06 -2.5836e-05 -0.0167937 0.0828672 -2.17113e-05 0.000102448 7.13964e-06 -2.17113e-05 0.00917085 -0.0169055 -2.5836e-05 0.000102448 -0.0169055 0.083617 
0.00922146 -0.0168013 1.20633e-05 -2.57224e-05 -0.0168013 0.0829322 -1.91636e-05 0.000105751 1.20633e-05 -1.91636e-05 0.00916164 -0.0169279 -2.57224e-05 0.000105751 -0.0169279 0.0837338 
0.00923434 -0.0168529 1.87313e-05 -2.99007e-05 -0.0168529 0.0830831 -2.12872e-05 0.000105299 1.87313e-05 -2.12872e-05 0.0091789 -0.0169302 -2.99007e-05 0.000105299 -0.0169302 0.0838311 
0.00923769 -0.0168718 8.57288e-06 -3.53102e-05 -0.0168718 0.0831951 -2.71383e-05 0.000110345 8.57288e-06 -2.71383e-05 0.00920092 -0.0169525 -3.53102e-05 0.000110345 -0.0169525 0.083912 
0.00925336 -0.016884 -1.53674e-06 -2.13319e-05 -0.016884 0.0832938 -1.39695e-05 8.94984e-05 -1.53674e-06 -1.39695e-05 0.00921792 -0.0169928 -2.13319e-05 8.94984e-05 -0.0169928 0.0840573 
0.00923574 -0.0168442 -1.25796e-05 -4.61721e-06 -0.0168442 0.0830812 7.40594e-07 4.74012e-05 -1.25796e-05 7.40594e-07 0.00920771 -0.0169608 -4.61721e-06 4.74012e-05 -0.0169608 0.0838892 
0.00922363 -0.0168473 -1.22819e-05 1.1273e-05 -0.0168473 0.0830743 1.24953e-05 6.17871e-06 -1.22819e-05 1.24953e-05 0.00922568 -0.016977 1.1273e-05 6.17871e-06 -0.016977 0.083927 
0.00920864 -0.0168537 -1.28346e-05 1.171e-05 -0.0168537 0.0831558 9.07197e-06 -6.88377e-06 -1.28346e-05 9.07197e-06 0.00925949 -0.0170241 1.171e-05 -6.88377e-06 -0.0170241 0.0840953 
0.00919698 -0.0168391 -1.89851e-05 9.50614e-06 -0.0168391 0.0831777 9.74714e-06 -5.89209e-06 -1.89851e-05 9.74714e-06 0.0092823 -0.0170696 9.50614e-06 -5.89209e-06 -0.0170696 0.0842547 
0.00919102 -0.0167911 -7.41632e-06 1.49669e-05 -0.0167911 0.0830062 1.92916e-05 -1.57403e-05 -7.41632e-06 1.92916e-05 0.00925826 -0.0170685 1.49669e-05 -1.57403e-05 -0.0170685 0.0842231 
0.00921107 -0.016791 -7.89595e-06 1.50052e-06 -0.016791 0.082958 6.01694e-06 -2.19474e-06 -7.89595e-06 6.01694e-06 0.00922059 -0.017046 1.50052e-06 -2.19474e-06 -0.017046 0.0841957 
0.00922811 -0.0168187 -1.04493e-05 6.93295e-07 -0.0168187 0.0829925 4.29807e-06 1.12206e-05 -1.04493e-05 4.29807e-06 0.00918968 -0.0169961 6.93295e-07 1.12206e-05 -0.0169961 0.0840961 
0.00923723 -0.0168174 -1.34778e-05 2.65114e-06 -0.0168174 0.0829278 4.13759e-06 1.68366e-05 -1.34778e-05 4.13759e-06 0.00915082 -0.0169268 2.65114e-06 1.68366e-05 -0.0169268 0.0838465 
0.00923162 -0.0168215 -8.34144e-06 6.26627e-06 -0.0168215 0.0828724 4.57636e-06 1.74748e-05 -8.34144e-06 4.57636e-06 0.00913231 -0.0168654 6.26627e-06 1.74748e-05 -0.0168654 0.0836045 
0.00921426 -0.0167924 -9.43409e-06 1.11525e-06 -0.0167924 0.0827188 -2.11294e-06 2.65132e-05 -9.43409e-06 -2.11294e-06 0.00910761 -0.0168167 1.11525e-06 2.65132e-05 -0.0168167 0.0833381 
0.00919456 -0.0167565 -2.06821e-06 4.73913e-06 -0.0167565 0.0825369 1.43511e-06 2.43495e-05 -2.06821e-06 1.43511e-06 0.00907764 -0.0167735 4.73913e-06 2.43495e-05 -0.0167735 0.0831078 
0.00919299 -0.0167745 1.04207e-05 3.50094e-07 -0.0167745 0.0826155 -1.8258e-06 2.04372e-05 1.04207e-05 -1.8258e-06 0.00908425 -0.0167773 3.50094e-07 2.04372e-05 -0.0167773 0.0831463 
0.00918409 -0.016784 2.49314e-05 -1.6244e-05 -0.016784 0.0827011 -1.51957e-05 4.15739e-05 2.49314e-05 -1.51957e-05 0.00910172 -0.0167958 -1.6244e-05 4.15739e-05 -0.0167958 0.0832266 
0.00914308 -0.0167295 3.10134e-05 -3.5598e-05 -0.0167295 0.0825069 -3.1594e-05 7.88498e-05 3.10134e-05 -3.1594e-05 0.00910854 -0.0167729 -3.5598e-05 7.88498e-05 -0.0167729 0.0830801 
0.00913165 -0.0166912 3.0578e-05 -4.84707e-05 -0.0166912 0.0824001 -4.03944e-05 0.000116014 3.0578e-05 -4.03944e-05 0.00910722 -0.0167934 -4.84707e-05 0.000116014 -0.0167934 0.0830876 
0.00910358 -0.0166743 2.67158e-05 -4.91848e-05 -0.0166743 0.082313 -3.99557e-05 0.000130794 2.67158e-05 -3.99557e-05 0.00911717 -0.0167856 -4.91848e-05 0.000130794 -0.0167856 0.0830628 
0.00908697 -0.0166237 1.98317e-05 -4.07198e-05 -0.0166237 0.0821402 -3.57905e-05 0.000123781 1.98317e-05 -3.57905e-05 0.00910561 -0.0167758 -4.07198e-05 0.000123781 -0.0167758 0.0829601 
0.00912237 -0.0166412 1.13289e-05 -2.74048e-05 -0.0166412 0.0822201 -2.70889e-05 9.90735e-05 1.13289e-05 -2.70889e-05 0.00909274 -0.0168023 -2.74048e-05 9.90735e-05 -0.0168023 0.0830884 
0.00913573 -0.0166744 -3.95975e-06 -1.39188e-05 -0.0166744 0.0822766 -1.52449e-05 6.45823e-05 -3.95975e-06 -1.52449e-05 0.00908205 -0.0167754 -1.39188e-05 6.45823e-05 -0.0167754 0.083065 
0.00914344 -0.0166979 -2.02498e-05 6.60556e-06 -0.0166979 0.0823605 5.27959e-06 1.49004e-05 -2.02498e-05 5.27959e-06 0.00908138 -0.0167619 6.60556e-06 1.49004e-05 -0.0167619 0.0830341 
0.00914676 -0.0167159 -2.1346e-05 2.83661e-05 -0.0167159 0.0824495 2.86404e-05 -4.59798e-05 -2.1346e-05 2.86404e-05 0.00909128 -0.0167673 2.83661e-05 -4.59798e-05 -0.0167673 0.0830571 
0.0091341 -0.0167187 -2.39884e-05 3.03571e-05 -0.0167187 0.0824867 3.23856e-05 -7.8281e-05 -2.39884e-05 3.23856e-05 0.00911683 -0.0167788 3.03571e-05 -7.8281e-05 -0.0167788 0.0830852 
0.00914736 -0.0167093 -1.17743e-05 2.86061e-05 -0.0167093 0.0825162 3.43658e-05 -8.49371e-05 -1.17743e-05 3.43658e-05 0.00912497 -0.0168253 2.86061e-05 -8.49371e-05 -0.0168253 0.0832128 
0.00914175 -0.0167109 -9.56702e-06 1.25368e-05 -0.0167109 0.0824907 1.90651e-05 -6.13481e-05 -9.56702e-06 1.90651e-05 0.00913467 -0.0168334 1.25368e-05 -6.13481e-05 -0.0168334 0.0832665 
0.00913498 -0.0166964 3.65728e-06 7.75815e-06 -0.0166964 0.0824354 1.38162e-05 -3.74318e-05 3.65728e-06 1.38162e-05 0.00914342 -0.0168396 7.75815e-06 -3.74318e-05 -0.0168396 0.0832725 
0.00915509 -0.0167241 1.77725e-05 -6.90223e-06 -0.0167241 0.0825747 -2.80817e-06 -5.99637e-06 1.77725e-05 -2.80817e-06 0.00916224 -0.016888 -6.90223e-06 -5.99637e-06 -0.016888 0.0834745 
0.00917396 -0.0167766 1.38788e-05 -2.34256e-05 -0.0167766 0.082815 -2.33372e-05 3.86498e-05 1.38788e-05 -2.33372e-05 0.00920107 -0.0169409 -2.34256e-05 3.86498e-05 -0.0169409 0.0837452 
0.00920946 -0.0168141 1.18273e-05 -1.81001e-05 -0.0168141 0.0830369 -2.14547e-05 5.40499e-05 1.18273e-05 -2.14547e-05 0.0092176 -0.0170054 -1.81001e-05 5.40499e-05 -0.0170054 0.0840223 
0.00924792 -0.0168779 7.10564e-06 -1.36116e-05 -0.0168779 0.0833126 -1.90916e-05 5.00701e-05 7.10564e-06 -1.90916e-05 0.00923657 -0.0170516 -1.36116e-05 5.00701e-05 -0.0170516 0.0843068 
0.00925319 -0.0168924 7.22261e-06 -7.63516e-06 -0.0168924 0.08336 -1.39397e-05 3.97254e-05 7.22261e-06 -1.39397e-05 0.00924923 -0.0170441 -7.63516e-06 3.97254e-05 -0.0170441 0.0843176 
0.00924417 -0.0168953 1.21585e-05 -6.9008e-06 -0.0168953 0.0833756 -1.2953e-05 3.24995e-05 1.21585e-05 -1.2953e-05 0.00927696 -0.0170551 -6.9008e-06 3.24995e-05 -0.0170551 0.0843294 
0.00924356 -0.0169016 1.47106e-05 -1.37273e-05 -0.0169016 0.0834518 -1.84992e-05 3.9544e-05 1.47106e-05 -1.84992e-05 0.00930717 -0.0171105 -1.37273e-05 3.9544e-05 -0.0171105 0.0844933 
0.00926147 -0.0169122 1.02437e-05 -1.66752e-05 -0.0169122 0.083551 -2.10126e-05 4.82087e-05 1.02437e-05 -2.10126e-05 0.00932477 -0.0171725 -1.66752e-05 4.82087e-05 -0.0171725 0.0847366 
0.00928661 -0.0169587 9.06442e-06 -1.0153e-05 -0.0169587 0.0837593 -1.48025e-05 4.08847e-05 9.06442e-06 -1.48025e-05 0.00934968 -0.017226 -1.0153e-05 4.08847e-05 -0.017226 0.0850299 
0.00929352 -0.016936 -1.48077e-06 -9.13146e-06 -0.016936 0.0836438 -1.00601e-05 2.90277e-05 -1.48077e-06 -1.00601e-05 0.00932287 -0.0172013 -9.13146e-06 2.90277e-05 -0.0172013 0.0849371 
0.00926323 -0.0168693 -2.85271e-06 3.29389e-07 -0.0168693 0.0832329 4.83994e-06 6.92513e-06 -2.85271e-06 4.83994e-06 0.00926924 -0.017089 3.29389e-07 6.92513e-06 -0.017089 0.0844564 
0.00926223 -0.0168784 -2.16392e-07 3.98536e-07 -0.0168784 0.0832073 1.01608e-05 -1.02373e-05 -2.16392e-07 1.01608e-05 0.0092604 -0.0170624 3.98536e-07 -1.02373e-05 -0.0170624 0.0843324 
0.00922703 -0.0168375 9.51825e-06 -5.50353e-06 -0.0168375 0.0829933 7.2424e-06 -7.55216e-06 9.51825e-06 7.2424e-06 0.0092378 -0.0170105 -5.50353e-06 -7.55216e-06 -0.0170105 0.0840562 
0.00918126 -0.016774 1.76964e-05 -1.75592e-05 -0.016774 0.0827171 -5.34764e-06 1.37471e-05 1.76964e-05 -5.34764e-06 0.00921599 -0.0169593 -1.75592e-05 1.37471e-05 -0.0169593 0.0837732 
0.00917408 -0.0167375 1.15239e-05 -2.56904e-05 -0.0167375 0.0825946 -1.88302e-05 4.17595e-05 1.15239e-05 -1.88302e-05 0.0091933 -0.016954 -2.56904e-05 4.17595e-05 -0.016954 0.0837035 
0.00918657 -0.0167581 5.39587e-06 -1.38967e-05 -0.0167581 0.0826638 -1.33809e-05 3.91253e-05 5.39587e-06 -1.33809e-05 0.00918463 -0.0169536 -1.38967e-05 3.91253e-05 -0.0169536 0.0837644 
0.00919575 -0.0167609 1.22547e-06 -3.95189e-06 -0.0167609 0.082657 -6.61437e-06 1.87877e-05 1.22547e-06 -6.61437e-06 0.00916208 -0.0169249 -3.95189e-06 1.87877e-05 -0.0169249 0.0836859 
0.00920352 -0.0167671 2.02546e-06 3.4516e-06 -0.0167671 0.0826444 -2.098e-07 -2.81136e-06 2.02546e-06 -2.098e-07 0.00913867 -0.0168875 3.4516e-06 -2.81136e-06 -0.0168875 0.0835649 
0.00922975 -0.0168253 2.0316e-06 3.09435e-06 -0.0168253 0.0828887 -1.29628e-06 -1.01905e-05 2.0316e-06 -1.29628e-06 0.00915259 -0.0169029 3.09435e-06 -1.01905e-05 -0.0169029 0.083689 
0.00921824 -0.0168302 7.7508e-07 1.88007e-06 -0.0168302 0.0829135 -3.51467e-06 -6.66149e-06 7.7508e-07 -3.51467e-06 0.00915952 -0.0168892 1.88007e-06 -6.66149e-06 -0.0168892 0.083629 
0.00919589 -0.0168177 3.47024e-06 2.99732e-06 -0.0168177 0.0829059 -4.49001e-06 -1.35902e-06 3.47024e-06 -4.49001e-06 0.00917632 -0.0168975 2.99732e-06 -1.35902e-06 -0.0168975 0.0836204 
0.00916467 -0.0167741 1.47387e-05 -3.61925e-06 -0.0167741 0.0827785 -1.22366e-05 1.66259e-05 1.47387e-05 -1.22366e-05 0.0091941 -0.0169019 -3.61925e-06 1.66259e-05 -0.0169019 0.0835731 
0.0091565 -0.0167495 2.19016e-05 -2.02565e-05 -0.0167495 0.0827335 -2.98042e-05 5.66868e-05 2.19016e-05 -2.98042e-05 0.00921381 -0.0169426 -2.02565e-05 5.66868e-05 -0.0169426 0.083674 
0.00918865 -0.0167804 1.76165e-05 -3.12745e-05 -0.0167804 0.0829094 -4.20114e-05 9.83448e-05 1.76165e-05 -4.20114e-05 0.00923809 -0.0170181 -3.12745e-05 9.83448e-05 -0.0170181 0.083997 
0.00919206 -0.0167732 8.26667e-06 -2.66103e-05 -0.0167732 0.0828307 -3.95985e-05 0.000113195 8.26667e-06 -3.95985e-05 0.00922708 -0.0170058 -2.66103e-05 0.000113195 -0.0170058 0.0839734 
0.00921962 -0.0168001 -6.37257e-06 -1.42718e-05 -0.0168001 0.0829161 -2.74587e-05 9.77501e-05 -6.37257e-06 -2.74587e-05 0.00921888 -0.0170133 -1.42718e-05 9.77501e-05 -0.0170133 0.0840409 
0.00924205 -0.0168418 -2.18786e-05 3.09265e-06 -0.0168418 0.0830465 -5.54861e-06 5.69464e-05 -2.18786e-05 -5.54861e-06 0.00920633 -0.0170096 3.09265e-06 5.69464e-05 -0.0170096 0.0840893 
0.0092422 -0.0168676 -1.18602e-05 2.0139e-05 -0.0168676 0.0831327 2.03093e-05 2.67106e-06 -1.18602e-05 2.03093e-05 0.00920675 -0.0169856 2.0139e-05 2.67106e-06 -0.0169856 0.0840521 
0.00923811 -0.0168548 2.0595e-07 7.85243e-06 -0.0168548 0.0831028 1.60957e-05 -1.28584e-05 2.0595e-07 1.60957e-05 0.00919675 -0.0169671 7.85243e-06 -1.28584e-05 -0.0169671 0.0839528 
0.00922495 -0.0168357 5.69252e-06 -7.94022e-06 -0.0168357 0.0830079 3.68662e-06 6.73131e-06 5.69252e-06 3.68662e-06 0.0091892 -0.0169391 -7.94022e-06 6.73131e-06 -0.0169391 0.0838201 
0.0092234 -0.0168456 -6.01159e-06 -1.47757e-05 -0.0168456 0.0830655 -3.49728e-06 2.70554e-05 -6.01159e-06 -3.49728e-06 0.0092091 -0.0169551 -1.47757e-05 2.70554e-05 -0.0169551 0.083872 
0.00922235 -0.0168548 -1.98942e-05 2.58936e-07 -0.0168548 0.0831429 6.77198e-06 1.58331e-05 -1.98942e-05 6.77198e-06 0.00923246 -0.0169917 2.58936e-07 1.58331e-05 -0.0169917 0.0839931 
0.00923073 -0.0168647 -2.38097e-05 1.98911e-05 -0.0168647 0.0832376 2.19698e-05 -2.05494e-05 -2.38097e-05 2.19698e-05 0.00924531 -0.0170389 1.98911e-05 -2.05494e-05 -0.0170389 0.0841775 
0.00923326 -0.0168373 -2.19584e-05 2.75865e-05 -0.0168373 0.083117 2.57634e-05 -4.69493e-05 -2.19584e-05 2.57634e-05 0.00922506 -0.0170228 2.75865e-05 -4.69493e-05 -0.0170228 0.0841213 
0.00922225 -0.0168412 -1.75756e-05 2.54258e-05 -0.0168412 0.0830732 2.14325e-05 -4.97215e-05 -1.75756e-05 2.14325e-05 0.00922942 -0.0169979 2.54258e-05 -4.97215e-05 -0.0169979 0.0840557 
0.00922166 -0.0168317 -1.1835e-05 1.84576e-05 -0.0168317 0.0830518 1.86863e-05 -4.26265e-05 -1.1835e-05 1.86863e-05 0.00922722 -0.0170026 1.84576e-05 -4.26265e-05 -0.0170026 0.084032 
0.00924177 -0.0168525 -5.65662e-06 8.80977e-06 -0.0168525 0.0831476 1.40903e-05 -2.80933e-05 -5.65662e-06 1.40903e-05 0.00922534 -0.0170272 8.80977e-06 -2.80933e-05 -0.0170272 0.0841482 
0.00923623 -0.016864 -4.02571e-06 1.9517e-06 -0.016864 0.0831693 9.40455e-06 -1.49838e-05 -4.02571e-06 9.40455e-06 0.00922734 -0.0170148 1.9517e-06 -1.49838e-05 -0.0170148 0.0841449 
0.00919532 -0.016837 4.66506e-06 1.50735e-06 -0.016837 0.0830691 6.81265e-06 -9.46032e-06 4.66506e-06 6.81265e-06 0.00924092 -0.0169934 1.50735e-06 -9.46032e-06 -0.0169934 0.0840312 
0.00917097 -0.0168064 1.37697e-05 -8.85748e-06 -0.0168064 0.0830417 -4.90884e-06 8.92571e-06 1.37697e-05 -4.90884e-06 0.00926407 -0.0170314 -8.85748e-06 8.92571e-06 -0.0170314 0.0841133 
0.00916298 -0.0167515 2.16696e-05 -2.18186e-05 -0.0167515 0.082861 -1.89522e-05 4.13083e-05 2.16696e-05 -1.89522e-05 0.00924624 -0.017039 -2.18186e-05 4.13083e-05 -0.017039 0.0840932 
0.00916646 -0.0167174 2.21219e-05 -2.88801e-05 -0.0167174 0.0826517 -2.83609e-05 6.72565e-05 2.21219e-05 -2.83609e-05 0.00920019 -0.0169953 -2.88801e-05 6.72565e-05 -0.0169953 0.0839387 
0.00915549 -0.0167017 1.29071e-05 -2.78019e-05 -0.0167017 0.0824636 -2.7358e-05 7.28298e-05 1.29071e-05 -2.7358e-05 0.00915483 -0.0169078 -2.78019e-05 7.28298e-05 -0.0169078 0.0836319 
0.00915659 -0.0167222 1.26594e-05 -1.62986e-05 -0.0167222 0.0825139 -1.21923e-05 4.89439e-05 1.26594e-05 -1.21923e-05 0.00914081 -0.0168717 -1.62986e-05 4.89439e-05 -0.0168717 0.083514 
0.00913032 -0.0166804 1.08512e-05 -1.48073e-05 -0.0166804 0.0823176 -7.63468e-06 2.7774e-05 1.08512e-05 -7.63468e-06 0.00911403 -0.016805 -1.48073e-05 2.7774e-05 -0.016805 0.0831975 
0.00913542 -0.0166774 1.89806e-06 -1.30006e-05 -0.0166774 0.0823124 -5.19768e-06 1.71747e-05 1.89806e-06 -5.19768e-06 0.00910005 -0.0167975 -1.30006e-05 1.71747e-05 -0.0167975 0.0831361 
0.00912036 -0.016649 -1.13615e-06 -8.57938e-07 -0.016649 0.0821493 6.21416e-06 -5.78264e-06 -1.13615e-06 6.21416e-06 0.00907356 -0.0167505 -8.57938e-07 -5.78264e-06 -0.0167505 0.0829294 
0.00908291 -0.0165977 6.12751e-06 5.14827e-06 -0.0165977 0.0818838 1.13006e-05 -2.84706e-05 6.12751e-06 1.13006e-05 0.00904493 -0.0166859 5.14827e-06 -2.84706e-05 -0.0166859 0.0826223 
0.00907216 -0.0165844 1.65491e-05 -3.53723e-06 -0.0165844 0.0818437 3.31642e-06 -2.56207e-05 1.65491e-05 3.31642e-06 0.00903947 -0.0166787 -3.53723e-06 -2.56207e-05 -0.0166787 0.0825701 
0.00909881 -0.016635 1.43283e-05 -1.846e-05 -0.016635 0.0821095 -1.20218e-05 3.67389e-06 1.43283e-05 -1.20218e-05 0.00906241 -0.01673 -1.846e-05 3.67389e-06 -0.01673 0.0828293 
0.00910735 -0.0166407 9.21454e-06 -1.69026e-05 -0.0166407 0.0821463 -1.42572e-05 2.19214e-05 9.21454e-06 -1.42572e-05 0.00905932 -0.0167259 -1.69026e-05 2.19214e-05 -0.0167259 0.0828376 
0.0091025 -0.0166426 2.48373e-06 -8.76148e-06 -0.0166426 0.0821376 -8.59788e-06 1.59473e-05 2.48373e-06 -8.59788e-06 0.00905686 -0.0167109 -8.76148e-06 1.59473e-05 -0.0167109 0.0827829 
0.00910751 -0.0166663 -1.06754e-05 -9.83259e-07 -0.0166663 0.0822757 2.64091e-06 -3.71994e-06 -1.06754e-05 2.64091e-06 0.00907747 -0.0167412 -9.83259e-07 -3.71994e-06 -0.0167412 0.0829155 
0.00909737 -0.0166331 -8.92908e-06 1.60868e-05 -0.0166331 0.0821605 2.20383e-05 -4.38536e-05 -8.92908e-06 2.20383e-05 0.00907306 -0.0167342 1.60868e-05 -4.38536e-05 -0.0167342 0.0828502 
0.00909498 -0.0166312 -6.59547e-06 1.89081e-05 -0.0166312 0.0821392 2.21841e-05 -6.99171e-05 -6.59547e-06 2.21841e-05 0.00908018 -0.0167397 1.89081e-05 -6.99171e-05 -0.0167397 0.082868 
0.0090739 -0.0166179 -1.27183e-05 1.92994e-05 -0.0166179 0.0820739 1.82548e-05 -7.69626e-05 -1.27183e-05 1.82548e-05 0.00909379 -0.0167365 1.92994e-05 -7.69626e-05 -0.0167365 0.0828302 
0.00907683 -0.016602 -1.05514e-05 2.90356e-05 -0.016602 0.0820501 2.64093e-05 -9.53098e-05 -1.05514e-05 2.64093e-05 0.00908832 -0.0167605 2.90356e-05 -9.53098e-05 -0.0167605 0.0828747 
0.00910719 -0.0166329 -5.8704e-07 2.71069e-05 -0.0166329 0.082183 2.4696e-05 -0.00010442 -5.8704e-07 2.4696e-05 0.00908945 -0.0167874 2.71069e-05 -0.00010442 -0.0167874 0.0830431 
0.0091237 -0.0166727 -3.07163e-06 1.51549e-05 -0.0166727 0.0823157 1.32149e-05 -8.85582e-05 -3.07163e-06 1.32149e-05 0.00909539 -0.0167877 1.51549e-05 -8.85582e-05 -0.0167877 0.0831175 
