0.00629984 0 4.74838e-05 0 0 0.00887323 0 0 4.74838e-05 0 0.00619894 0 0 0 0 0.00887323 
0.00958744 -0.0118981 5.35395e-05 -6.30201e-05 -0.0118981 0.0315659 -6.30201e-05 0.000121434 5.35395e-05 -6.30201e-05 0.00945467 -0.0117373 -6.30201e-05 0.000121434 -0.0117373 0.0312577 
0.00978835 -0.0182014 1.32351e-05 1.58862e-05 -0.0182014 0.0670834 1.58862e-05 -7.76839e-05 1.32351e-05 1.58862e-05 0.00970058 -0.0180872 1.58862e-05 -7.76839e-05 -0.0180872 0.0667475 
0.00917621 -0.0176495 -1.77255e-05 0.00014444 -0.0176495 0.0790803 0.000151392 -0.000772658 -1.77255e-05 0.000151392 0.00913628 -0.0177142 0.00014444 -0.000772658 -0.0177142 0.0795548 
0.00884169 -0.0164781 -1.43784e-05 0.000152284 -0.0164781 0.0793326 0.000166502 -0.00103784 -1.43784e-05 0.000166502 0.00883437 -0.0165767 0.000152284 -0.00103784 -0.0165767 0.0801991 
0.008601 -0.0157747 -8.52185e-06 0.00010839 -0.0157747 0.0773201 0.000120777 -0.000865372 -8.52185e-06 0.000120777 0.00860771 -0.0158651 0.00010839 -0.000865372 -0.0158651 0.0780984 
0.00835364 -0.0152692 3.70158e-06 7.99459e-05 -0.0152692 0.0751324 8.72685e-05 -0.000633532 3.70158e-06 8.72685e-05 0.00836052 -0.0153533 7.99459e-05 -0.000633532 -0.0153533 0.0757491 
0.00814347 -0.0148949 -5.3338e-06 6.05051e-05 -0.0148949 0.0734169 6.59037e-05 -0.000480431 -5.3338e-06 6.59037e-05 0.00816055 -0.0149753 6.05051e-05 -0.000480431 -0.0149753 0.0739337 
0.0095729 -0.0175122 -1.59233e-05 8.67393e-05 -0.0175122 0.086439 9.09946e-05 -0.000520063 -1.59233e-05 9.09946e-05 0.00961116 -0.0176268 8.67393e-05 -0.000520063 -0.0176268 0.0870376 
0.00945152 -0.0172771 -1.58105e-05 0.000106922 -0.0172771 0.0853386 0.000107076 -0.000543655 -1.58105e-05 0.000107076 0.00950334 -0.0174223 0.000106922 -0.000543655 -0.0174223 0.0859935 
0.00939679 -0.0171407 -1.66297e-06 0.000111651 -0.0171407 0.0846547 0.000107454 -0.000565593 -1.66297e-06 0.000107454 0.00942884 -0.0173092 0.000111651 -0.000565593 -0.0173092 0.0853851 
0.00939119 -0.0171093 4.16292e-06 9.4651e-05 -0.0171093 0.0844102 8.80146e-05 -0.00054586 4.16292e-06 8.80146e-05 0.00938686 -0.0172602 9.4651e-05 -0.00054586 -0.0172602 0.0851563 
0.00940049 -0.017142 1.41357e-05 8.72151e-05 -0.017142 0.0844742 7.80178e-05 -0.000519448 1.41357e-05 7.80178e-05 0.00938135 -0.0172464 8.72151e-05 -0.000519448 -0.0172464 0.0851468 
0.00942266 -0.0171703 2.1091e-05 7.22164e-05 -0.0171703 0.084592 6.45718e-05 -0.00048466 2.1091e-05 6.45718e-05 0.00937464 -0.0172508 7.22164e-05 -0.00048466 -0.0172508 0.0851835 
0.00941225 -0.0171729 1.95261e-05 5.91288e-05 -0.0171729 0.0845496 5.82486e-05 -0.000452109 1.95261e-05 5.82486e-05 0.00936259 -0.0172097 5.91288e-05 -0.000452109 -0.0172097 0.0850337 
0.009395 -0.0171722 1.02223e-05 5.8004e-05 -0.0171722 0.0845519 6.1293e-05 -0.000439386 1.02223e-05 6.1293e-05 0.00937388 -0.0171938 5.8004e-05 -0.000439386 -0.0171938 0.0849464 
0.00938376 -0.017162 1.30763e-05 6.78445e-05 -0.017162 0.0845658 7.15824e-05 -0.000450563 1.30763e-05 7.15824e-05 0.00937845 -0.0172157 6.78445e-05 -0.000450563 -0.0172157 0.0849709 
0.00936679 -0.017136 1.25928e-05 6.63645e-05 -0.017136 0.0844868 7.00626e-05 -0.000456557 1.25928e-05 7.00626e-05 0.00937194 -0.0172113 6.63645e-05 -0.000456557 -0.0172113 0.0849394 
0.00933408 -0.0170675 1.27435e-05 6.5509e-05 -0.0170675 0.0841843 6.89207e-05 -0.000452676 1.27435e-05 6.89207e-05 0.00934361 -0.0171544 6.5509e-05 -0.000452676 -0.0171544 0.084669 
0.00931492 -0.0170254 1.28773e-05 6.52145e-05 -0.0170254 0.0839772 6.74791e-05 -0.00044859 1.28773e-05 6.74791e-05 0.00932286 -0.0171179 6.52145e-05 -0.00044859 -0.0171179 0.0844804 
0.00931957 -0.0170325 4.78373e-06 6.22468e-05 -0.0170325 0.0839984 6.5013e-05 -0.000439738 4.78373e-06 6.5013e-05 0.00931672 -0.0171251 6.22468e-05 -0.000439738 -0.0171251 0.0845115 
0.0093063 -0.0170316 5.14622e-06 7.12849e-05 -0.0170316 0.0839848 7.33383e-05 -0.0004463 5.14622e-06 7.33383e-05 0.00931671 -0.0171103 7.12849e-05 -0.0004463 -0.0171103 0.0844772 
0.00930158 -0.0170106 -4.40155e-06 7.35408e-05 -0.0170106 0.0839274 7.2989e-05 -0.000454008 -4.40155e-06 7.2989e-05 0.00930419 -0.017103 7.35408e-05 -0.000454008 -0.017103 0.0844262 
0.00928257 -0.0169896 -1.39884e-05 8.45014e-05 -0.0169896 0.0838135 8.40636e-05 -0.000470496 -1.39884e-05 8.40636e-05 0.00929726 -0.0170708 8.45014e-05 -0.000470496 -0.0170708 0.0843013 
0.00928776 -0.0169647 -1.03326e-05 9.72393e-05 -0.0169647 0.0837208 9.74303e-05 -0.000499703 -1.03326e-05 9.74303e-05 0.00928031 -0.0170606 9.72393e-05 -0.000499703 -0.0170606 0.0842215 
0.00929112 -0.0169619 -1.19797e-05 9.35925e-05 -0.0169619 0.0836429 9.3061e-05 -0.000506839 -1.19797e-05 9.3061e-05 0.00926658 -0.0170331 9.35925e-05 -0.000506839 -0.0170331 0.084118 
0.00928138 -0.0169756 -6.88529e-06 9.72605e-05 -0.0169756 0.0836692 9.17517e-05 -0.000506755 -6.88529e-06 9.17517e-05 0.00927708 -0.0170343 9.72605e-05 -0.000506755 -0.0170343 0.0841196 
0.00929118 -0.016971 -3.68183e-06 9.18254e-05 -0.016971 0.0837011 8.36891e-05 -0.000495883 -3.68183e-06 8.36891e-05 0.00926841 -0.0170614 9.18254e-05 -0.000495883 -0.0170614 0.084203 
0.00930809 -0.016989 -4.29873e-06 8.47959e-05 -0.016989 0.0837671 8.10007e-05 -0.000481263 -4.29873e-06 8.10007e-05 0.00925796 -0.0170661 8.47959e-05 -0.000481263 -0.0170661 0.084295 
0.00931092 -0.0170236 -1.80788e-06 8.19974e-05 -0.0170236 0.0838964 8.50518e-05 -0.000476281 -1.80788e-06 8.50518e-05 0.0092703 -0.0170611 8.19974e-05 -0.000476281 -0.0170611 0.0843605 
0.00934679 -0.0170883 -3.93591e-06 7.71951e-05 -0.0170883 0.0842589 8.42927e-05 -0.000472146 -3.93591e-06 8.42927e-05 0.00930218 -0.0171284 7.71951e-05 -0.000472146 -0.0171284 0.0846834 
0.00934694 -0.0171078 -2.11813e-06 7.89302e-05 -0.0171078 0.0843727 8.58343e-05 -0.000471768 -2.11813e-06 8.58343e-05 0.00931871 -0.0171397 7.89302e-05 -0.000471768 -0.0171397 0.0847686 
0.00930976 -0.0170766 1.96733e-06 7.78914e-05 -0.0170766 0.084267 8.35526e-05 -0.000470034 1.96733e-06 8.35526e-05 0.00933849 -0.0171202 7.78914e-05 -0.000470034 -0.0171202 0.0846555 
0.00926651 -0.0169853 9.07709e-06 7.38697e-05 -0.0169853 0.0839204 7.80091e-05 -0.000460786 9.07709e-06 7.80091e-05 0.00933277 -0.0170927 7.38697e-05 -0.000460786 -0.0170927 0.0843965 
0.00926132 -0.0169674 7.76396e-06 6.47842e-05 -0.0169674 0.0838599 6.71828e-05 -0.000440872 7.76396e-06 6.71828e-05 0.00934002 -0.017128 6.47842e-05 -0.000440872 -0.017128 0.0844703 
0.00924814 -0.0169222 8.21897e-06 6.45855e-05 -0.0169222 0.0836362 6.47185e-05 -0.000425645 8.21897e-06 6.47185e-05 0.00931645 -0.0171025 6.45855e-05 -0.000425645 -0.0171025 0.0843368 
0.00925669 -0.0169518 2.11641e-06 6.35243e-05 -0.0169518 0.0837413 6.38367e-05 -0.000419654 2.11641e-06 6.38367e-05 0.00932043 -0.0171243 6.35243e-05 -0.000419654 -0.0171243 0.0844679 
0.00925971 -0.016966 6.41876e-06 7.25842e-05 -0.016966 0.0838204 7.04806e-05 -0.000429431 6.41876e-06 7.04806e-05 0.00932745 -0.0171288 7.25842e-05 -0.000429431 -0.0171288 0.0845324 
0.00926127 -0.0169312 1.85764e-05 6.89319e-05 -0.0169312 0.0836706 6.55412e-05 -0.000428748 1.85764e-05 6.55412e-05 0.00929 -0.017096 6.89319e-05 -0.000428748 -0.017096 0.0843754 
0.00924756 -0.0169196 1.40715e-05 5.14207e-05 -0.0169196 0.0835362 5.18608e-05 -0.000401909 1.40715e-05 5.18608e-05 0.00925243 -0.0170336 5.14207e-05 -0.000401909 -0.0170336 0.084157 
0.00924981 -0.0169145 7.59165e-06 5.01354e-05 -0.0169145 0.0834967 5.74659e-05 -0.000386781 7.59165e-06 5.74659e-05 0.00922287 -0.0169863 5.01354e-05 -0.000386781 -0.0169863 0.0839896 
0.00926646 -0.0169214 6.8745e-06 5.65745e-05 -0.0169214 0.0834932 6.67549e-05 -0.000394977 6.8745e-06 6.67549e-05 0.00920025 -0.0169437 5.65745e-05 -0.000394977 -0.0169437 0.0838405 
0.00926668 -0.0169383 7.61446e-06 6.15185e-05 -0.0169383 0.0835034 6.89893e-05 -0.000408645 7.61446e-06 6.89893e-05 0.00920686 -0.0169107 6.15185e-05 -0.000408645 -0.0169107 0.0837067 
0.00926917 -0.0169436 1.21863e-05 6.58212e-05 -0.0169436 0.0835322 7.11645e-05 -0.000423913 1.21863e-05 7.11645e-05 0.00921144 -0.0169271 6.58212e-05 -0.000423913 -0.0169271 0.0836954 
0.00924067 -0.0169144 1.78798e-05 6.19503e-05 -0.0169144 0.083388 6.57092e-05 -0.000424856 1.78798e-05 6.57092e-05 0.0092136 -0.0169086 6.19503e-05 -0.000424856 -0.0169086 0.0835713 
0.00921979 -0.0168636 1.08956e-05 5.68353e-05 -0.0168636 0.0831885 6.03225e-05 -0.000418266 1.08956e-05 6.03225e-05 0.00920248 -0.0169008 5.68353e-05 -0.000418266 -0.0169008 0.0834556 
0.00922172 -0.0168698 2.82985e-06 6.59501e-05 -0.0168698 0.0832053 7.03467e-05 -0.000432531 2.82985e-06 7.03467e-05 0.0092155 -0.0169183 6.59501e-05 -0.000432531 -0.0169183 0.0835332 
0.0092241 -0.0168725 -5.01974e-06 7.7948e-05 -0.0168725 0.0832121 8.21448e-05 -0.000463281 -5.01974e-06 8.21448e-05 0.00921736 -0.0169303 7.7948e-05 -0.000463281 -0.0169303 0.0835684 
0.00924491 -0.0169274 -7.80621e-06 8.81589e-05 -0.0169274 0.0834758 9.2541e-05 -0.000494429 -7.80621e-06 9.2541e-05 0.00925621 -0.016985 8.81589e-05 -0.000494429 -0.016985 0.0838405 
0.00927627 -0.0169719 2.15503e-06 9.11665e-05 -0.0169719 0.0837284 9.84259e-05 -0.00051612 2.15503e-06 9.84259e-05 0.00928351 -0.0170485 9.11665e-05 -0.00051612 -0.0170485 0.0841187 
0.00929803 -0.0170058 -1.60973e-06 7.82286e-05 -0.0170058 0.0838786 8.4868e-05 -0.000502156 -1.60973e-06 8.4868e-05 0.00928607 -0.0170755 7.82286e-05 -0.000502156 -0.0170755 0.0842708 
0.00932302 -0.0170527 -7.96442e-06 8.18132e-05 -0.0170527 0.084092 8.62284e-05 -0.000494377 -7.96442e-06 8.62284e-05 0.00928601 -0.0170966 8.18132e-05 -0.000494377 -0.0170966 0.0844361 
0.00932693 -0.0170627 -1.03154e-05 9.06319e-05 -0.0170627 0.0841366 9.3439e-05 -0.000505468 -1.03154e-05 9.3439e-05 0.00926911 -0.0170721 9.06319e-05 -0.000505468 -0.0170721 0.0843994 
0.00930949 -0.0170257 -6.19294e-07 9.54147e-05 -0.0170257 0.0839604 9.49487e-05 -0.000517145 -6.19294e-07 9.49487e-05 0.00923609 -0.0170056 9.54147e-05 -0.000517145 -0.0170056 0.0841338 
0.00928214 -0.0169709 -3.90693e-06 8.27265e-05 -0.0169709 0.0836846 8.03774e-05 -0.000496214 -3.90693e-06 8.03774e-05 0.00920847 -0.016931 8.27265e-05 -0.000496214 -0.016931 0.0837902 
0.00928414 -0.0169855 -8.91968e-06 8.55049e-05 -0.0169855 0.0837429 8.18654e-05 -0.00048553 -8.91968e-06 8.18654e-05 0.00921939 -0.0169434 8.55049e-05 -0.00048553 -0.0169434 0.0838165 
0.00926941 -0.016975 -7.97765e-06 9.34098e-05 -0.016975 0.0837034 8.9912e-05 -0.000497709 -7.97765e-06 8.9912e-05 0.00923054 -0.0169413 9.34098e-05 -0.000497709 -0.0169413 0.0837769 
0.00924492 -0.0169456 7.154e-08 9.53454e-05 -0.0169456 0.0836006 9.3504e-05 -0.000513491 7.154e-08 9.3504e-05 0.00924342 -0.0169451 9.53454e-05 -0.000513491 -0.0169451 0.0837296 
0.00923745 -0.0169411 6.69356e-06 8.58702e-05 -0.0169411 0.0836294 8.62876e-05 -0.000510047 6.69356e-06 8.62876e-05 0.00926987 -0.0169859 8.58702e-05 -0.000510047 -0.0169859 0.0838551 
0.00924103 -0.0169296 3.64583e-06 7.71799e-05 -0.0169296 0.0836236 7.63434e-05 -0.000490913 3.64583e-06 7.63434e-05 0.00927819 -0.0170228 7.71799e-05 -0.000490913 -0.0170228 0.0839735 
0.00923214 -0.0169223 -2.90785e-06 7.9455e-05 -0.0169223 0.0835752 7.82197e-05 -0.000484369 -2.90785e-06 7.82197e-05 0.00928561 -0.0170272 7.9455e-05 -0.000484369 -0.0170272 0.0840032 
0.00922273 -0.0168989 -1.59942e-08 8.73849e-05 -0.0168989 0.0834821 8.53225e-05 -0.000494144 -1.59942e-08 8.53225e-05 0.00927818 -0.0170256 8.73849e-05 -0.000494144 -0.0170256 0.0839707 
0.00922544 -0.0169244 3.6593e-06 8.38666e-05 -0.0169244 0.0836048 8.07383e-05 -0.000493025 3.6593e-06 8.07383e-05 0.00929787 -0.0170549 8.38666e-05 -0.000493025 -0.0170549 0.084129 
0.00921534 -0.0168939 -5.34569e-08 7.74613e-05 -0.0168939 0.0835049 7.2924e-05 -0.000475102 -5.34569e-08 7.2924e-05 0.00927933 -0.0170455 7.74613e-05 -0.000475102 -0.0170455 0.0840724 
0.00918569 -0.0168481 -1.00997e-05 7.86109e-05 -0.0168481 0.0832806 7.52383e-05 -0.000465792 -1.00997e-05 7.52383e-05 0.00925084 -0.0169937 7.86109e-05 -0.000465792 -0.0169937 0.083866 
0.00915989 -0.0168173 -2.06301e-05 8.77861e-05 -0.0168173 0.0831486 8.94586e-05 -0.000479846 -2.06301e-05 8.94586e-05 0.00923688 -0.0169587 8.77861e-05 -0.000479846 -0.0169587 0.083724 
0.00914188 -0.0167656 -2.11161e-05 9.78493e-05 -0.0167656 0.0829403 0.000105581 -0.000507103 -2.11161e-05 0.000105581 0.00920662 -0.0169185 9.78493e-05 -0.000507103 -0.0169185 0.0835248 
0.00915288 -0.0167521 -1.43754e-05 9.68557e-05 -0.0167521 0.0828513 0.000106579 -0.000517166 -1.43754e-05 0.000106579 0.00917567 -0.0168875 9.68557e-05 -0.000517166 -0.0168875 0.0834116 
0.00917002 -0.0167706 -9.35053e-06 8.80995e-05 -0.0167706 0.082852 9.53828e-05 -0.000500422 -9.35053e-06 9.53828e-05 0.00914599 -0.0168458 8.80995e-05 -0.000500422 -0.0168458 0.0832916 
0.00919972 -0.0168032 4.03669e-06 8.15187e-05 -0.0168032 0.0829378 8.60126e-05 -0.000477032 4.03669e-06 8.60126e-05 0.0091178 -0.0168136 8.15187e-05 -0.000477032 -0.0168136 0.0832066 
0.00921107 -0.0168501 1.8377e-05 6.47957e-05 -0.0168501 0.0830726 6.86375e-05 -0.000439556 1.8377e-05 6.86375e-05 0.00911352 -0.0167807 6.47957e-05 -0.000439556 -0.0167807 0.0831323 
0.00919412 -0.0168544 1.57278e-05 4.59232e-05 -0.0168544 0.0830956 4.93902e-05 -0.00039119 1.57278e-05 4.93902e-05 0.0091126 -0.0167562 4.59232e-05 -0.00039119 -0.0167562 0.0830076 
0.0092001 -0.0168697 1.37926e-05 4.62943e-05 -0.0168697 0.0832485 5.00959e-05 -0.000368129 1.37926e-05 5.00959e-05 0.00912907 -0.0167949 4.62943e-05 -0.000368129 -0.0167949 0.0831478 
0.00918319 -0.016822 1.1653e-05 4.90048e-05 -0.016822 0.0830574 5.18475e-05 -0.000364989 1.1653e-05 5.18475e-05 0.00911173 -0.016764 4.90048e-05 -0.000364989 -0.016764 0.0829924 
0.00919828 -0.0168393 1.45358e-05 5.41775e-05 -0.0168393 0.0831282 5.37281e-05 -0.000370813 1.45358e-05 5.37281e-05 0.00911766 -0.0167816 5.41775e-05 -0.000370813 -0.0167816 0.0830814 
0.00919826 -0.0168403 7.49786e-06 5.40017e-05 -0.0168403 0.0831011 5.07465e-05 -0.000372632 7.49786e-06 5.07465e-05 0.00911103 -0.0167683 5.40017e-05 -0.000372632 -0.0167683 0.0830314 
0.00917714 -0.0168001 1.04052e-05 6.26439e-05 -0.0168001 0.0828909 6.01339e-05 -0.00038559 1.04052e-05 6.01339e-05 0.00909085 -0.0167185 6.26439e-05 -0.00038559 -0.0167185 0.0827897 
0.00915501 -0.0167796 1.30374e-05 6.22229e-05 -0.0167796 0.0827815 5.88645e-05 -0.000395046 1.30374e-05 5.88645e-05 0.00909646 -0.0167029 6.22229e-05 -0.000395046 -0.0167029 0.0826806 
0.00912468 -0.0167331 1.07234e-05 5.91026e-05 -0.0167331 0.0825993 5.38574e-05 -0.000389981 1.07234e-05 5.38574e-05 0.00910013 -0.0167012 5.91026e-05 -0.000389981 -0.0167012 0.0825855 
0.0090837 -0.0166722 -6.34139e-06 5.95567e-05 -0.0166722 0.0823444 5.52671e-05 -0.000386359 -6.34139e-06 5.52671e-05 0.00910066 -0.0166932 5.95567e-05 -0.000386359 -0.0166932 0.0824741 
0.00907791 -0.0166346 -1.37009e-05 7.74678e-05 -0.0166346 0.0822163 7.69359e-05 -0.000414672 -1.37009e-05 7.69359e-05 0.00908605 -0.0167135 7.74678e-05 -0.000414672 -0.0167135 0.0825085 
0.00910081 -0.0166699 -1.18503e-05 8.79667e-05 -0.0166699 0.0823536 9.01074e-05 -0.000452472 -1.18503e-05 9.01074e-05 0.00908374 -0.0167362 8.79667e-05 -0.000452472 -0.0167362 0.0826943 
0.00909739 -0.0166763 -5.98846e-07 8.48039e-05 -0.0166763 0.0823515 8.72908e-05 -0.000461078 -5.98846e-07 8.72908e-05 0.00907253 -0.016702 8.48039e-05 -0.000461078 -0.016702 0.0826236 
0.00908731 -0.0166955 1.22273e-06 7.019e-05 -0.0166955 0.0824521 7.26235e-05 -0.000437791 1.22273e-06 7.26235e-05 0.00909119 -0.0167005 7.019e-05 -0.000437791 -0.0167005 0.0826415 
0.00907492 -0.0166573 -8.34448e-06 6.51408e-05 -0.0166573 0.082345 6.92881e-05 -0.00041695 -8.34448e-06 6.92881e-05 0.00909064 -0.0166902 6.51408e-05 -0.00041695 -0.0166902 0.0825334 
0.00905697 -0.0166324 -2.53521e-05 7.51302e-05 -0.0166324 0.0822237 7.88772e-05 -0.000422838 -2.53521e-05 7.88772e-05 0.00909846 -0.0166807 7.51302e-05 -0.000422838 -0.0166807 0.0824429 
0.00903837 -0.016606 -2.58575e-05 9.71283e-05 -0.016606 0.0821184 9.9309e-05 -0.000460523 -2.58575e-05 9.9309e-05 0.00910221 -0.01669 9.71283e-05 -0.000460523 -0.01669 0.0824062 
0.00904895 -0.0165858 -8.21323e-06 9.89051e-05 -0.0165858 0.0820557 0.000101945 -0.000483986 -8.21323e-06 0.000101945 0.00908227 -0.0167067 9.89051e-05 -0.000483986 -0.0167067 0.0824435 
0.00903102 -0.0165545 1.23968e-05 7.65243e-05 -0.0165545 0.0818305 7.98126e-05 -0.000454862 1.23968e-05 7.98126e-05 0.00904928 -0.0166417 7.65243e-05 -0.000454862 -0.0166417 0.0822136 
0.00901729 -0.0165685 2.77111e-05 4.72463e-05 -0.0165685 0.0818635 5.07212e-05 -0.000387731 2.77111e-05 5.07212e-05 0.0090479 -0.0166265 4.72463e-05 -0.000387731 -0.0166265 0.0821749 
0.00899921 -0.0165337 2.81989e-05 2.45287e-05 -0.0165337 0.0817602 2.83924e-05 -0.000318263 2.81989e-05 2.83924e-05 0.00902332 -0.0166021 2.45287e-05 -0.000318263 -0.0166021 0.0820484 
0.00901122 -0.016551 1.12712e-05 2.08599e-05 -0.016551 0.0818733 2.44188e-05 -0.000280156 1.12712e-05 2.44188e-05 0.0090196 -0.0166122 2.08599e-05 -0.000280156 -0.0166122 0.0821489 
0.0090161 -0.0165533 -1.01501e-06 4.37118e-05 -0.0165533 0.0818879 4.62364e-05 -0.000303043 -1.01501e-06 4.62364e-05 0.00900392 -0.016591 4.37118e-05 -0.000303043 -0.016591 0.0821147 
0.00900775 -0.0165468 -1.29439e-05 6.32794e-05 -0.0165468 0.0818422 6.58935e-05 -0.000353106 -1.29439e-05 6.58935e-05 0.00899013 -0.0165525 6.32794e-05 -0.000353106 -0.0165525 0.0819859 
0.00896607 -0.0164923 -2.00188e-05 7.76213e-05 -0.0164923 0.0815879 8.02292e-05 -0.000395331 -2.00188e-05 8.02292e-05 0.00897651 -0.0164862 7.76213e-05 -0.000395331 -0.0164862 0.0816694 
0.00894539 -0.0164573 -1.66106e-05 8.42891e-05 -0.0164573 0.0814758 8.82833e-05 -0.000421959 -1.66106e-05 8.82833e-05 0.00898107 -0.0164884 8.42891e-05 -0.000421959 -0.0164884 0.0815936 
0.00894272 -0.0164434 -2.37617e-06 7.93911e-05 -0.0164434 0.0814429 8.48251e-05 -0.000423948 -2.37617e-06 8.48251e-05 0.00898898 -0.0165105 7.93911e-05 -0.000423948 -0.0165105 0.0816471 
0.00896978 -0.0164554 2.63952e-06 6.23256e-05 -0.0164554 0.0815029 6.57348e-05 -0.000393403 2.63952e-06 6.57348e-05 0.00898091 -0.016539 6.23256e-05 -0.000393403 -0.016539 0.0817719 
0.00901779 -0.0165417 1.42567e-05 5.56196e-05 -0.0165417 0.0818415 5.59654e-05 -0.000362351 1.42567e-05 5.59654e-05 0.00899643 -0.0165785 5.56196e-05 -0.000362351 -0.0165785 0.0820588 
0.0090182 -0.0165418 1.91285e-05 3.9136e-05 -0.0165418 0.0817923 3.85654e-05 -0.000319953 1.91285e-05 3.85654e-05 0.00897374 -0.0165286 3.9136e-05 -0.000319953 -0.0165286 0.0818831 
0.00900758 -0.0165303 2.07893e-05 3.25036e-05 -0.0165303 0.0817084 3.10252e-05 -0.00028903 2.07893e-05 3.10252e-05 0.0089541 -0.0164853 3.25036e-05 -0.00028903 -0.0164853 0.0816892 
0.00896674 -0.016486 2.00807e-05 3.02239e-05 -0.016486 0.0814943 2.79258e-05 -0.000272203 2.00807e-05 2.79258e-05 0.00894075 -0.016433 3.02239e-05 -0.000272203 -0.016433 0.0814237 
0.00893647 -0.0164327 1.65672e-05 2.97429e-05 -0.0164327 0.0812984 3.05512e-05 -0.000267501 1.65672e-05 3.05512e-05 0.00893664 -0.0164138 2.97429e-05 -0.000267501 -0.0164138 0.0812649 
0.00894255 -0.0164096 1.29968e-05 3.44165e-05 -0.0164096 0.0812158 3.87045e-05 -0.000279354 1.29968e-05 3.87045e-05 0.00893334 -0.0164248 3.44165e-05 -0.000279354 -0.0164248 0.0812618 
0.0089604 -0.0164231 1.29717e-05 3.98922e-05 -0.0164231 0.0812222 4.40881e-05 -0.000295638 1.29717e-05 4.40881e-05 0.00893132 -0.0164319 3.98922e-05 -0.000295638 -0.0164319 0.0812997 
0.00897963 -0.0164893 1.66155e-05 4.25928e-05 -0.0164893 0.0814731 4.3484e-05 -0.000306327 1.66155e-05 4.3484e-05 0.00895838 -0.0164702 4.25928e-05 -0.000306327 -0.0164702 0.0815085 
0.0089952 -0.0165379 1.11082e-05 4.00949e-05 -0.0165379 0.0817438 3.89039e-05 -0.000305068 1.11082e-05 3.89039e-05 0.00898784 -0.0165263 4.00949e-05 -0.000305068 -0.0165263 0.0817654 
0.00900804 -0.016534 8.24862e-06 4.79371e-05 -0.016534 0.0817814 4.3364e-05 -0.000312055 8.24862e-06 4.3364e-05 0.00898354 -0.0165401 4.79371e-05 -0.000312055 -0.0165401 0.0818315 
0.00904285 -0.016539 -1.75469e-06 5.33631e-05 -0.016539 0.0817773 4.62369e-05 -0.000325384 -1.75469e-06 4.62369e-05 0.0089468 -0.0165306 5.33631e-05 -0.000325384 -0.0165306 0.0818296 
0.00907349 -0.0165962 -5.70957e-06 6.50942e-05 -0.0165962 0.0819166 5.85948e-05 -0.000348256 -5.70957e-06 5.85948e-05 0.00892671 -0.0164986 6.50942e-05 -0.000348256 -0.0164986 0.0818255 
0.00905914 -0.0166276 -2.39053e-07 6.75632e-05 -0.0166276 0.0820051 6.18404e-05 -0.000361716 -2.39053e-07 6.18404e-05 0.00893927 -0.0164584 6.75632e-05 -0.000361716 -0.0164584 0.0817184 
0.00900752 -0.0165666 -5.33487e-06 6.01079e-05 -0.0165666 0.0817996 5.48867e-05 -0.000352648 -5.33487e-06 5.48867e-05 0.00894933 -0.0164282 6.01079e-05 -0.000352648 -0.0164282 0.0814774 
0.00896115 -0.0164875 -8.5213e-06 6.44883e-05 -0.0164875 0.0815302 5.88079e-05 -0.000349986 -8.5213e-06 5.88079e-05 0.00895427 -0.0164343 6.44883e-05 -0.000349986 -0.0164343 0.0813584 
0.00895913 -0.0164754 -5.62618e-06 6.83644e-05 -0.0164754 0.0815503 6.20769e-05 -0.000356514 -5.62618e-06 6.20769e-05 0.00897038 -0.0164983 6.83644e-05 -0.000356514 -0.0164983 0.0815879 
0.0089681 -0.0164814 -1.91328e-07 6.46611e-05 -0.0164814 0.0816045 6.03977e-05 -0.000356053 -1.91328e-07 6.03977e-05 0.00897653 -0.016531 6.46611e-05 -0.000356053 -0.016531 0.0817794 
0.00896721 -0.0164501 2.10283e-07 5.57462e-05 -0.0164501 0.0814452 5.44369e-05 -0.000340747 2.10283e-07 5.44369e-05 0.00894757 -0.0164949 5.57462e-05 -0.000340747 -0.0164949 0.0816595 
0.00893563 -0.0164119 7.13919e-06 5.10857e-05 -0.0164119 0.0811937 5.14363e-05 -0.00032269 7.13919e-06 5.14363e-05 0.00892327 -0.016421 5.10857e-05 -0.00032269 -0.016421 0.0813603 
0.00894434 -0.0164093 1.55716e-05 4.39076e-05 -0.0164093 0.0811934 4.1386e-05 -0.000301512 1.55716e-05 4.1386e-05 0.00891482 -0.0164209 4.39076e-05 -0.000301512 -0.0164209 0.0813301 
0.0089564 -0.0164284 1.22129e-05 3.45607e-05 -0.0164284 0.0812519 3.06753e-05 -0.000276374 1.22129e-05 3.06753e-05 0.00891241 -0.0164247 3.45607e-05 -0.000276374 -0.0164247 0.081367 
0.00895141 -0.0164205 -8.4274e-07 4.01987e-05 -0.0164205 0.0811892 3.62914e-05 -0.000275082 -8.4274e-07 3.62914e-05 0.00890454 -0.0163992 4.01987e-05 -0.000275082 -0.0163992 0.0812665 
0.00896474 -0.0164376 -3.11755e-07 5.77483e-05 -0.0164376 0.0812644 5.33763e-05 -0.000306034 -3.11755e-07 5.33763e-05 0.00890875 -0.016415 5.77483e-05 -0.000306034 -0.016415 0.0813293 
0.00895808 -0.0164212 3.11145e-06 5.8068e-05 -0.0164212 0.0811581 5.38535e-05 -0.000323584 3.11145e-06 5.38535e-05 0.00889991 -0.0163873 5.8068e-05 -0.000323584 -0.0163873 0.0812037 
0.00895855 -0.0164439 8.48822e-06 5.2503e-05 -0.0164439 0.0812419 5.16797e-05 -0.000322418 8.48822e-06 5.16797e-05 0.00891678 -0.0164034 5.2503e-05 -0.000322418 -0.0164034 0.0812644 
0.00897316 -0.0164887 2.60201e-05 4.48739e-05 -0.0164887 0.0814938 4.76298e-05 -0.000313383 2.60201e-05 4.76298e-05 0.00896172 -0.0164677 4.48739e-05 -0.000313383 -0.0164677 0.0815358 
0.00898319 -0.0165183 2.50027e-05 2.4283e-05 -0.0165183 0.0816979 2.69215e-05 -0.000279701 2.50027e-05 2.69215e-05 0.00900906 -0.0165398 2.4283e-05 -0.000279701 -0.0165398 0.081824 
0.00899884 -0.0165579 2.89974e-05 2.50453e-05 -0.0165579 0.0819529 2.48496e-05 -0.000260533 2.89974e-05 2.48496e-05 0.00906309 -0.0166349 2.50453e-05 -0.000260533 -0.0166349 0.0822181 
0.00898889 -0.01655 2.57229e-05 2.32156e-05 -0.01655 0.0819818 1.84052e-05 -0.000251467 2.57229e-05 1.84052e-05 0.00909916 -0.0166867 2.32156e-05 -0.000251467 -0.0166867 0.0824151 
0.00900622 -0.0165534 1.51937e-05 3.10601e-05 -0.0165534 0.0820667 2.3093e-05 -0.000259608 1.51937e-05 2.3093e-05 0.00911706 -0.0167554 3.10601e-05 -0.000259608 -0.0167554 0.0826849 
0.0090003 -0.016535 4.37459e-06 4.48682e-05 -0.016535 0.0819526 3.49736e-05 -0.000285484 4.37459e-06 3.49736e-05 0.00911322 -0.0167437 4.48682e-05 -0.000285484 -0.0167437 0.0826699 
0.00900775 -0.0165646 5.40764e-06 5.88029e-05 -0.0165646 0.082078 5.20624e-05 -0.000324883 5.40764e-06 5.20624e-05 0.009141 -0.0167731 5.88029e-05 -0.000324883 -0.0167731 0.0828231 
0.00901411 -0.0165548 1.61731e-05 5.36918e-05 -0.0165548 0.0820581 5.36139e-05 -0.000338651 1.61731e-05 5.36139e-05 0.00914038 -0.016786 5.36918e-05 -0.000338651 -0.016786 0.0828433 
0.00904979 -0.0165884 2.65751e-05 3.90478e-05 -0.0165884 0.0821864 4.43426e-05 -0.000324793 2.65751e-05 4.43426e-05 0.00913992 -0.016812 3.90478e-05 -0.000324793 -0.016812 0.0829841 
0.00908914 -0.0166442 2.54378e-05 2.45117e-05 -0.0166442 0.0823678 3.48975e-05 -0.000299224 2.54378e-05 3.48975e-05 0.00913496 -0.0168159 2.45117e-05 -0.000299224 -0.0168159 0.0830751 
0.00911459 -0.0166791 1.59259e-05 2.64547e-05 -0.0166791 0.0824524 3.74714e-05 -0.000294239 1.59259e-05 3.74714e-05 0.00911876 -0.0167868 2.64547e-05 -0.000294239 -0.0167868 0.0830008 
0.00914357 -0.016736 1.48669e-05 4.12753e-05 -0.016736 0.0826548 4.97633e-05 -0.000319697 1.48669e-05 4.97633e-05 0.00911886 -0.0167848 4.12753e-05 -0.000319697 -0.0167848 0.0830316 
0.00912643 -0.0167366 1.55437e-05 4.56507e-05 -0.0167366 0.0826197 5.10093e-05 -0.000339704 1.55437e-05 5.10093e-05 0.00912125 -0.0167445 4.56507e-05 -0.000339704 -0.0167445 0.0828545 
0.00911213 -0.0167191 9.78298e-06 4.66742e-05 -0.0167191 0.0825804 5.20463e-05 -0.000350321 9.78298e-06 5.20463e-05 0.0091315 -0.0167503 4.66742e-05 -0.000350321 -0.0167503 0.0827934 
0.00912644 -0.0167242 1.13773e-05 5.73551e-05 -0.0167242 0.0826449 6.04474e-05 -0.000372063 1.13773e-05 6.04474e-05 0.00914218 -0.0167926 5.73551e-05 -0.000372063 -0.0167926 0.0829275 
0.00914062 -0.0167576 2.83542e-06 5.85584e-05 -0.0167576 0.0827856 5.7018e-05 -0.000383873 2.83542e-06 5.7018e-05 0.00916627 -0.0168306 5.85584e-05 -0.000383873 -0.0168306 0.0831207 
0.00915497 -0.0167839 -1.30902e-05 7.23548e-05 -0.0167839 0.0829262 6.75008e-05 -0.000408248 -1.30902e-05 6.75008e-05 0.00918862 -0.0168738 7.23548e-05 -0.000408248 -0.0168738 0.0833115 
0.00917609 -0.0168092 -1.47083e-05 9.35167e-05 -0.0168092 0.0830565 8.73639e-05 -0.000454276 -1.47083e-05 8.73639e-05 0.00919072 -0.0169099 9.35167e-05 -0.000454276 -0.0169099 0.0834851 
0.00917964 -0.0168209 1.38685e-06 9.57871e-05 -0.0168209 0.0830845 8.97493e-05 -0.000478979 1.38685e-06 8.97493e-05 0.00918012 -0.016895 9.57871e-05 -0.000478979 -0.016895 0.0834873 
0.00916451 -0.0167786 7.33709e-06 7.49621e-05 -0.0167786 0.0828801 6.94977e-05 -0.000451895 7.33709e-06 6.94977e-05 0.00914698 -0.0168352 7.49621e-05 -0.000451895 -0.0168352 0.0832377 
0.00913302 -0.0167246 7.20645e-07 6.47083e-05 -0.0167246 0.0825894 5.88988e-05 -0.000415032 7.20645e-07 5.88988e-05 0.00911705 -0.0167627 6.47083e-05 -0.000415032 -0.0167627 0.0829033 
0.00910933 -0.0167075 -1.66723e-05 7.13455e-05 -0.0167075 0.0824974 6.79327e-05 -0.000413645 -1.66723e-05 6.79327e-05 0.00911876 -0.0167451 7.13455e-05 -0.000413645 -0.0167451 0.0827924 
0.0090836 -0.0166799 -3.07905e-05 8.97037e-05 -0.0166799 0.0824114 9.0567e-05 -0.000447605 -3.07905e-05 9.0567e-05 0.00911982 -0.0167465 8.97037e-05 -0.000447605 -0.0167465 0.0827456 
0.00904807 -0.0166159 -2.4343e-05 0.000104239 -0.0166159 0.0821586 0.000109261 -0.000489174 -2.4343e-05 0.000109261 0.00910349 -0.0167141 0.000104239 -0.000489174 -0.0167141 0.0825611 
0.00903155 -0.0165671 -6.98148e-06 9.54226e-05 -0.0165671 0.0819467 0.000100862 -0.000490846 -6.98148e-06 0.000100862 0.00907934 -0.0166847 9.54226e-05 -0.000490846 -0.0166847 0.0824017 
0.00903139 -0.0165839 3.11062e-06 7.21224e-05 -0.0165839 0.0820024 7.67727e-05 -0.000446625 3.11062e-06 7.67727e-05 0.00908853 -0.016692 7.21224e-05 -0.000446625 -0.016692 0.0824615 
0.00903304 -0.0165767 1.06012e-05 5.64901e-05 -0.0165767 0.0819922 6.03896e-05 -0.000394128 1.06012e-05 6.03896e-05 0.00908774 -0.0166911 5.64901e-05 -0.000394128 -0.0166911 0.0824475 
