0.00620868 0 -2.70981e-05 0 0 0.00883871 0 0 -2.70981e-05 0 0.00623432 0 0 0 0 0.00883871 
0.00947912 -0.0117669 -2.41834e-05 2.69398e-05 -0.0117669 0.0312888 2.69398e-05 -5.18891e-05 -2.41834e-05 2.69398e-05 0.00949742 -0.0117866 2.69398e-05 -5.18891e-05 -0.0117866 0.0313264 
0.00973038 -0.0181464 6.6974e-06 -5.7837e-05 -0.0181464 0.0669226 -5.7837e-05 0.000211388 6.6974e-06 -5.7837e-05 0.00971145 -0.0180656 -5.7837e-05 0.000211388 -0.0180656 0.0666348 
0.00914335 -0.0177239 1.8292e-05 -0.000166515 -0.0177239 0.0795708 -0.000168724 0.000850219 1.8292e-05 -0.000168724 0.00909914 -0.017511 -0.000166515 0.000850219 -0.017511 0.07852 
0.00885767 -0.0166109 2.98851e-07 -0.000154221 -0.0166109 0.0803266 -0.000157497 0.00104551 2.98851e-07 -0.000157497 0.00877789 -0.0163935 -0.000154221 0.00104551 -0.0163935 0.0789983 
0.00862833 -0.0159234 -7.89852e-06 -9.01608e-05 -0.0159234 0.0783285 -9.04889e-05 0.00080874 -7.89852e-06 -9.04889e-05 0.00856787 -0.0157125 -9.01608e-05 0.00080874 -0.0157125 0.0771462 
0.0083687 -0.0154016 -5.99093e-06 -5.76435e-05 -0.0154016 0.0759849 -5.44852e-05 0.000549811 -5.99093e-06 -5.44852e-05 0.00834534 -0.0152358 -5.76435e-05 0.000549811 -0.0152358 0.0750483 
0.00812583 -0.014978 -6.63828e-06 -5.58836e-05 -0.014978 0.0740029 -5.2659e-05 0.000421384 -6.63828e-06 -5.2659e-05 0.00816441 -0.0148682 -5.58836e-05 0.000421384 -0.0148682 0.0733007 
0.00952508 -0.0175499 4.94433e-06 -7.09603e-05 -0.0175499 0.0868587 -6.83525e-05 0.0004605 4.94433e-06 -6.83525e-05 0.00962246 -0.0175137 -7.09603e-05 0.0004605 -0.0175137 0.0862943 
0.00938172 -0.0172623 1.22873e-05 -9.14183e-05 -0.0172623 0.0854861 -8.64639e-05 0.000481582 1.22873e-05 -8.64639e-05 0.00949002 -0.0172959 -9.14183e-05 0.000481582 -0.0172959 0.0851576 
0.00930798 -0.017133 1.50107e-05 -0.000104972 -0.017133 0.0848121 -9.53e-05 0.000517784 1.50107e-05 -9.53e-05 0.00942379 -0.017183 -0.000104972 0.000517784 -0.017183 0.0846017 
0.00926358 -0.0170466 9.89492e-06 -0.000109204 -0.0170466 0.0843813 -9.64773e-05 0.000536437 9.89492e-06 -9.64773e-05 0.00937681 -0.0171056 -0.000109204 0.000536437 -0.0171056 0.0842204 
0.00925872 -0.0170171 2.95398e-08 -0.000100328 -0.0170171 0.0842253 -8.6958e-05 0.000526679 2.95398e-08 -8.6958e-05 0.00934115 -0.0170808 -0.000100328 0.000526679 -0.0170808 0.084099 
0.00925725 -0.01702 1.66478e-06 -8.28119e-05 -0.01702 0.0841869 -7.30794e-05 0.000489684 1.66478e-06 -7.30794e-05 0.00932739 -0.0170503 -8.28119e-05 0.000489684 -0.0170503 0.0840315 
0.00925467 -0.0169923 7.32091e-07 -7.94074e-05 -0.0169923 0.0840343 -7.40509e-05 0.00046449 7.32091e-07 -7.40509e-05 0.00930064 -0.0170047 -7.94074e-05 0.00046449 -0.0170047 0.0838306 
0.0092824 -0.0170206 9.37022e-07 -7.56765e-05 -0.0170206 0.0841104 -7.41804e-05 0.000452302 9.37022e-07 -7.41804e-05 0.00928158 -0.0170055 -7.56765e-05 0.000452302 -0.0170055 0.0838513 
0.0092999 -0.0170435 -3.67885e-06 -7.48556e-05 -0.0170435 0.0841322 -7.56148e-05 0.000447188 -3.67885e-06 -7.56148e-05 0.00924786 -0.016967 -7.48556e-05 0.000447188 -0.016967 0.0837525 
0.00927519 -0.0170131 -8.96445e-06 -6.81465e-05 -0.0170131 0.0839091 -7.12895e-05 0.000436666 -8.96445e-06 -7.12895e-05 0.00920344 -0.016867 -6.81465e-05 0.000436666 -0.016867 0.0833594 
0.00926428 -0.0170199 -8.22797e-06 -6.19549e-05 -0.0170199 0.0839311 -6.72465e-05 0.00042561 -8.22797e-06 -6.72465e-05 0.00919908 -0.0168422 -6.19549e-05 0.00042561 -0.0168422 0.0832471 
0.00923686 -0.017016 -7.34034e-06 -6.19675e-05 -0.017016 0.0839581 -6.74863e-05 0.000419891 -7.34034e-06 -6.74863e-05 0.00921855 -0.016846 -6.19675e-05 0.000419891 -0.016846 0.0832382 
0.00921849 -0.0169941 5.56202e-07 -6.33769e-05 -0.0169941 0.0839771 -6.65299e-05 0.000419039 5.56202e-07 -6.65299e-05 0.00924819 -0.0168873 -6.33769e-05 0.000419039 -0.0168873 0.083355 
0.00920038 -0.016927 -1.50431e-06 -7.34075e-05 -0.016927 0.0837394 -7.50794e-05 0.000431515 -1.50431e-06 -7.50794e-05 0.00923633 -0.0168892 -7.34075e-05 0.000431515 -0.0168892 0.0832911 
0.00919281 -0.016894 -1.41974e-06 -7.08743e-05 -0.016894 0.0835562 -7.15556e-05 0.000432489 -1.41974e-06 -7.15556e-05 0.00922664 -0.0168744 -7.08743e-05 0.000432489 -0.0168744 0.0832251 
0.00921556 -0.0169318 -7.38841e-06 -7.23888e-05 -0.0169318 0.0836955 -7.08526e-05 0.000432497 -7.38841e-06 -7.08526e-05 0.00923711 -0.0169089 -7.23888e-05 0.000432497 -0.0169089 0.0833975 
0.00921954 -0.0169677 1.56545e-06 -6.68386e-05 -0.0169677 0.0838393 -6.2467e-05 0.000422855 1.56545e-06 -6.2467e-05 0.00926618 -0.0169254 -6.68386e-05 0.000422855 -0.0169254 0.0835152 
0.00925139 -0.0170182 -4.36557e-07 -7.73629e-05 -0.0170182 0.084136 -7.26929e-05 0.000433467 -4.36557e-07 -7.26929e-05 0.00929983 -0.0170041 -7.73629e-05 0.000433467 -0.0170041 0.0838352 
0.00927908 -0.0170564 -1.39421e-05 -7.62159e-05 -0.0170564 0.0843259 -7.26621e-05 0.000442403 -1.39421e-05 -7.26621e-05 0.00932053 -0.0170473 -7.62159e-05 0.000442403 -0.0170473 0.0840565 
0.00928844 -0.0170747 -1.8111e-05 -6.29186e-05 -0.0170747 0.0843949 -5.90077e-05 0.000427466 -1.8111e-05 -5.90077e-05 0.00932434 -0.0170593 -6.29186e-05 0.000427466 -0.0170593 0.0841286 
0.00926806 -0.0170414 -2.48598e-05 -5.85154e-05 -0.0170414 0.0842236 -5.27383e-05 0.000409929 -2.48598e-05 -5.27383e-05 0.00931033 -0.0170179 -5.85154e-05 0.000409929 -0.0170179 0.0839429 
0.00927565 -0.0170732 -1.554e-05 -5.00473e-05 -0.0170732 0.0843891 -4.84037e-05 0.000398138 -1.554e-05 -4.84037e-05 0.00933417 -0.0170587 -5.00473e-05 0.000398138 -0.0170587 0.0841159 
0.00924207 -0.0170108 -9.12199e-06 -5.65633e-05 -0.0170108 0.0841232 -6.09057e-05 0.000404285 -9.12199e-06 -6.09057e-05 0.00931134 -0.017015 -5.65633e-05 0.000404285 -0.017015 0.0838852 
0.00922928 -0.0169781 -3.88186e-06 -6.28456e-05 -0.0169781 0.0839775 -7.05379e-05 0.00042242 -3.88186e-06 -7.05379e-05 0.00929624 -0.0169926 -6.28456e-05 0.00042242 -0.0169926 0.0837682 
0.00924089 -0.0169819 -1.07935e-05 -6.99557e-05 -0.0169819 0.0839767 -7.68182e-05 0.000441163 -1.07935e-05 -7.68182e-05 0.00928027 -0.0169858 -6.99557e-05 0.000441163 -0.0169858 0.0837487 
0.0092294 -0.0169879 -1.21518e-05 -6.35271e-05 -0.0169879 0.0839553 -6.78998e-05 0.000437352 -1.21518e-05 -6.78998e-05 0.00928003 -0.0169548 -6.35271e-05 0.000437352 -0.0169548 0.0836538 
0.00922553 -0.0169771 -1.21493e-05 -6.08269e-05 -0.0169771 0.0839394 -6.32058e-05 0.000424087 -1.21493e-05 -6.32058e-05 0.0092761 -0.016955 -6.08269e-05 0.000424087 -0.016955 0.0836123 
0.0092198 -0.0169419 -1.11972e-05 -5.95985e-05 -0.0169419 0.0837761 -6.17535e-05 0.000414466 -1.11972e-05 -6.17535e-05 0.00924543 -0.0169255 -5.95985e-05 0.000414466 -0.0169255 0.0834632 
0.00921284 -0.0168985 -2.12038e-06 -5.84212e-05 -0.0168985 0.0835146 -6.18609e-05 0.000407399 -2.12038e-06 -6.18609e-05 0.00919181 -0.0168554 -5.84212e-05 0.000407399 -0.0168554 0.0831712 
0.00922822 -0.0169084 9.53919e-06 -6.96833e-05 -0.0169084 0.083466 -7.26554e-05 0.000421025 9.53919e-06 -7.26554e-05 0.00915368 -0.0168027 -6.96833e-05 0.000421025 -0.0168027 0.0830014 
0.0092344 -0.0169517 1.20468e-05 -8.67003e-05 -0.0169517 0.083588 -8.80021e-05 0.000455805 1.20468e-05 -8.80021e-05 0.0091521 -0.0167771 -8.67003e-05 0.000455805 -0.0167771 0.082955 
0.00922337 -0.016981 1.26611e-05 -9.43969e-05 -0.016981 0.0837553 -9.13263e-05 0.00048297 1.26611e-05 -9.13263e-05 0.00918125 -0.0167924 -9.43969e-05 0.00048297 -0.0167924 0.0830225 
0.00920584 -0.0169395 -4.2843e-07 -9.39052e-05 -0.0169395 0.0836664 -9.00271e-05 0.000488183 -4.2843e-07 -9.00271e-05 0.00919081 -0.0168015 -9.39052e-05 0.000488183 -0.0168015 0.0829834 
0.00919988 -0.0169349 -4.94817e-06 -7.70895e-05 -0.0169349 0.0836806 -7.41504e-05 0.00046406 -4.94817e-06 -7.41504e-05 0.00921549 -0.0168399 -7.70895e-05 0.00046406 -0.0168399 0.0831117 
0.00919307 -0.0169183 4.33311e-06 -6.91957e-05 -0.0169183 0.0836439 -6.78527e-05 0.000437612 4.33311e-06 -6.78527e-05 0.00922582 -0.0168718 -6.91957e-05 0.000437612 -0.0168718 0.083212 
0.00917854 -0.0168908 -1.03555e-05 -7.68386e-05 -0.0168908 0.0835305 -7.73509e-05 0.000438239 -1.03555e-05 -7.73509e-05 0.00922199 -0.0168726 -7.68386e-05 0.000438239 -0.0168726 0.083211 
0.00918686 -0.0168737 -2.07987e-05 -5.92486e-05 -0.0168737 0.0834568 -5.96886e-05 0.000415401 -2.07987e-05 -5.96886e-05 0.00920408 -0.0168684 -5.92486e-05 0.000415401 -0.0168684 0.0832029 
0.00918237 -0.0168625 -2.21598e-05 -4.17775e-05 -0.0168625 0.0833302 -4.30148e-05 0.0003695 -2.21598e-05 -4.30148e-05 0.00916988 -0.0168187 -4.17775e-05 0.0003695 -0.0168187 0.0830337 
0.00918112 -0.01687 -2.07731e-05 -3.65431e-05 -0.01687 0.0833212 -3.83215e-05 0.000337091 -2.07731e-05 -3.83215e-05 0.00914896 -0.0167783 -3.65431e-05 0.000337091 -0.0167783 0.0829067 
0.00916829 -0.0168514 -1.02937e-05 -3.7787e-05 -0.0168514 0.0832253 -3.96136e-05 0.000325839 -1.02937e-05 -3.96136e-05 0.00912422 -0.0167304 -3.7787e-05 0.000325839 -0.0167304 0.082705 
0.009146 -0.0168251 3.61965e-06 -4.98448e-05 -0.0168251 0.0830986 -5.03337e-05 0.000337685 3.61965e-06 -5.03337e-05 0.00911345 -0.0166862 -4.98448e-05 0.000337685 -0.0166862 0.0825043 
0.00914757 -0.0168354 -4.46851e-06 -6.77424e-05 -0.0168354 0.0831816 -6.88142e-05 0.00037355 -4.46851e-06 -6.88142e-05 0.00912705 -0.01671 -6.77424e-05 0.00037355 -0.01671 0.0825769 
0.00913739 -0.0168281 -7.57018e-06 -5.69348e-05 -0.0168281 0.0831784 -6.06981e-05 0.000375637 -7.57018e-06 -6.06981e-05 0.00913456 -0.016721 -5.69348e-05 0.000375637 -0.016721 0.082608 
0.00913892 -0.0168092 -2.60856e-06 -5.21863e-05 -0.0168092 0.08314 -5.69943e-05 0.000363979 -2.60856e-06 -5.69943e-05 0.009136 -0.0167364 -5.21863e-05 0.000363979 -0.0167364 0.0826538 
0.00913632 -0.0167935 -2.92436e-06 -5.93156e-05 -0.0167935 0.0830418 -6.23403e-05 0.000368055 -2.92436e-06 -6.23403e-05 0.00912899 -0.0167239 -5.93156e-05 0.000368055 -0.0167239 0.0826056 
0.00912866 -0.0167963 1.42637e-05 -6.19265e-05 -0.0167963 0.0830217 -6.30772e-05 0.000377219 1.42637e-05 -6.30772e-05 0.00912322 -0.0167189 -6.19265e-05 0.000377219 -0.0167189 0.0825872 
0.00910087 -0.0167622 3.84812e-05 -8.22649e-05 -0.0167622 0.0828741 -8.00308e-05 0.000405643 3.84812e-05 -8.00308e-05 0.00911392 -0.0166844 -8.22649e-05 0.000405643 -0.0166844 0.0824336 
0.00907868 -0.0167124 2.18401e-05 -0.000116291 -0.0167124 0.0826823 -0.000109146 0.000471594 2.18401e-05 -0.000109146 0.00910048 -0.0166626 -0.000116291 0.000471594 -0.0166626 0.0822905 
0.00904879 -0.0166814 5.68149e-06 -9.88784e-05 -0.0166814 0.0825339 -8.912e-05 0.000475013 5.68149e-06 -8.912e-05 0.00910202 -0.016645 -9.88784e-05 0.000475013 -0.016645 0.0821922 
0.00903513 -0.0166505 -1.70466e-06 -7.37206e-05 -0.0166505 0.0824388 -6.49804e-05 0.000422694 -1.70466e-06 -6.49804e-05 0.00910154 -0.0166535 -7.37206e-05 0.000422694 -0.0166535 0.082179 
0.0090607 -0.0167004 -1.38103e-05 -6.10101e-05 -0.0167004 0.0827013 -5.34715e-05 0.000376638 -1.38103e-05 -5.34715e-05 0.00913242 -0.0167237 -6.10101e-05 0.000376638 -0.0167237 0.0825183 
0.00908041 -0.0167306 -2.20738e-05 -4.47871e-05 -0.0167306 0.0828757 -3.78502e-05 0.000333658 -2.20738e-05 -3.78502e-05 0.00915093 -0.0167669 -4.47871e-05 0.000333658 -0.0167669 0.0827511 
0.00912067 -0.0167751 -2.32233e-05 -3.47766e-05 -0.0167751 0.0831042 -2.92366e-05 0.000301628 -2.32233e-05 -2.92366e-05 0.00916817 -0.0168145 -3.47766e-05 0.000301628 -0.0168145 0.0830123 
0.00911165 -0.016779 -1.31224e-05 -3.27241e-05 -0.016779 0.0830636 -3.17935e-05 0.000291906 -1.31224e-05 -3.17935e-05 0.00917089 -0.0167895 -3.27241e-05 0.000291906 -0.0167895 0.082941 
0.00910572 -0.0167727 -2.85045e-06 -4.56817e-05 -0.0167727 0.0830508 -4.98707e-05 0.000317972 -2.85045e-06 -4.98707e-05 0.00918437 -0.0167932 -4.56817e-05 0.000317972 -0.0167932 0.0829211 
0.00908848 -0.0167552 7.02145e-06 -6.06655e-05 -0.0167552 0.0829817 -6.8746e-05 0.000364021 7.02145e-06 -6.8746e-05 0.00920268 -0.016801 -6.06655e-05 0.000364021 -0.016801 0.0828946 
0.009118 -0.0167749 -8.90927e-06 -7.39615e-05 -0.0167749 0.0831148 -8.14316e-05 0.000406416 -8.90927e-06 -8.14316e-05 0.009213 -0.0168637 -7.39615e-05 0.000406416 -0.0168637 0.0831135 
0.0091306 -0.0167916 -2.31599e-05 -5.82202e-05 -0.0167916 0.0831314 -6.01048e-05 0.000396934 -2.31599e-05 -6.01048e-05 0.00921 -0.0168565 -5.82202e-05 0.000396934 -0.0168565 0.0831325 
0.00914724 -0.0168152 -2.36014e-05 -4.15975e-05 -0.0168152 0.0832053 -3.95535e-05 0.000355983 -2.36014e-05 -3.95535e-05 0.00920414 -0.0168572 -4.15975e-05 0.000355983 -0.0168572 0.0831523 
0.00914873 -0.0168348 -1.4673e-05 -4.16167e-05 -0.0168348 0.0832597 -3.7984e-05 0.000337624 -1.4673e-05 -3.7984e-05 0.00921058 -0.0168458 -4.16167e-05 0.000337624 -0.0168458 0.0831309 
0.00917675 -0.0168728 -2.54611e-05 -5.50461e-05 -0.0168728 0.0834657 -5.11228e-05 0.00035823 -2.54611e-05 -5.11228e-05 0.00922133 -0.0168904 -5.50461e-05 0.00035823 -0.0168904 0.0833142 
0.00919817 -0.0169202 -2.74535e-05 -4.41677e-05 -0.0169202 0.0836697 -4.24843e-05 0.00036088 -2.74535e-05 -4.24843e-05 0.00923852 -0.0169152 -4.41677e-05 0.00036088 -0.0169152 0.0834807 
0.00921834 -0.0169759 -2.18801e-05 -4.1733e-05 -0.0169759 0.0839466 -4.034e-05 0.000354875 -2.18801e-05 -4.034e-05 0.00926821 -0.0169604 -4.1733e-05 0.000354875 -0.0169604 0.083715 
0.00922605 -0.0169681 -2.73418e-06 -5.00183e-05 -0.0169681 0.0839558 -4.57673e-05 0.000363518 -2.73418e-06 -4.57673e-05 0.00927031 -0.0169674 -5.00183e-05 0.000363518 -0.0169674 0.0837347 
0.00925367 -0.0169892 1.2446e-05 -7.44528e-05 -0.0169892 0.0840367 -6.95785e-05 0.000408544 1.2446e-05 -6.95785e-05 0.00927245 -0.0169856 -7.44528e-05 0.000408544 -0.0169856 0.083827 
0.00928345 -0.0170314 5.7674e-06 -9.32597e-05 -0.0170314 0.0841695 -9.0931e-05 0.000463394 5.7674e-06 -9.0931e-05 0.0092732 -0.0169955 -9.32597e-05 0.000463394 -0.0169955 0.0839112 
0.00930819 -0.0170722 2.4937e-06 -8.57232e-05 -0.0170722 0.0843057 -8.51854e-05 0.000477221 2.4937e-06 -8.51854e-05 0.0092728 -0.0169962 -8.57232e-05 0.000477221 -0.0169962 0.0839533 
0.0092907 -0.0170732 -6.23941e-06 -7.94855e-05 -0.0170732 0.0842632 -8.07786e-05 0.000468904 -6.23941e-06 -8.07786e-05 0.00928253 -0.0169615 -7.94855e-05 0.000468904 -0.0169615 0.0838091 
0.0092859 -0.0170894 1.25358e-06 -6.85895e-05 -0.0170894 0.0843851 -6.98675e-05 0.000449445 1.25358e-06 -6.98675e-05 0.00931688 -0.0170044 -6.85895e-05 0.000449445 -0.0170044 0.0839215 
0.00928247 -0.0170772 2.17423e-06 -7.8826e-05 -0.0170772 0.0843934 -7.8451e-05 0.000455023 2.17423e-06 -7.8451e-05 0.00933706 -0.0170413 -7.8826e-05 0.000455023 -0.0170413 0.084014 
0.00927766 -0.0170786 2.21344e-06 -8.37084e-05 -0.0170786 0.084422 -8.12554e-05 0.000471862 2.21344e-06 -8.12554e-05 0.00936411 -0.0170779 -8.37084e-05 0.000471862 -0.0170779 0.0841425 
0.00929037 -0.0170757 -6.46003e-07 -8.85365e-05 -0.0170757 0.0844432 -8.4394e-05 0.000489673 -6.46003e-07 -8.4394e-05 0.00936366 -0.0171156 -8.85365e-05 0.000489673 -0.0171156 0.0842675 
0.00931621 -0.0171037 4.90731e-06 -8.71198e-05 -0.0171037 0.0845382 -8.43592e-05 0.000500993 4.90731e-06 -8.43592e-05 0.00935462 -0.0171274 -8.71198e-05 0.000500993 -0.0171274 0.0843814 
0.00933362 -0.0171292 3.10496e-06 -9.35775e-05 -0.0171292 0.0846027 -9.43236e-05 0.00051944 3.10496e-06 -9.43236e-05 0.00934051 -0.0171062 -9.35775e-05 0.00051944 -0.0171062 0.0843659 
0.00932769 -0.0171305 -1.58436e-06 -9.13445e-05 -0.0171305 0.0845659 -9.37647e-05 0.000527536 -1.58436e-06 -9.37647e-05 0.00931607 -0.0170639 -9.13445e-05 0.000527536 -0.0170639 0.084214 
0.00932789 -0.0171234 -1.04549e-05 -8.33676e-05 -0.0171234 0.0845359 -8.76574e-05 0.000516684 -1.04549e-05 -8.76574e-05 0.00929949 -0.0170322 -8.33676e-05 0.000516684 -0.0170322 0.0840945 
0.0092963 -0.0170723 -2.33592e-05 -6.91948e-05 -0.0170723 0.0842672 -7.49858e-05 0.000486424 -2.33592e-05 -7.49858e-05 0.00928328 -0.01696 -6.91948e-05 0.000486424 -0.01696 0.0837595 
0.00928393 -0.0170715 -2.49207e-05 -4.90665e-05 -0.0170715 0.0842679 -5.49652e-05 0.00043703 -2.49207e-05 -5.49652e-05 0.00930435 -0.0169769 -4.90665e-05 0.00043703 -0.0169769 0.0837604 
0.00929363 -0.0170806 -1.63737e-05 -4.47793e-05 -0.0170806 0.0843614 -4.90911e-05 0.000401865 -1.63737e-05 -4.90911e-05 0.00931608 -0.0170288 -4.47793e-05 0.000401865 -0.0170288 0.083928 
0.00930946 -0.0171102 1.94557e-06 -5.55743e-05 -0.0171102 0.0845084 -5.80973e-05 0.000404156 1.94557e-06 -5.80973e-05 0.00931969 -0.0170624 -5.55743e-05 0.000404156 -0.0170624 0.0841185 
0.00932336 -0.0170973 1.94172e-05 -8.10038e-05 -0.0170973 0.0844576 -8.14518e-05 0.000447315 1.94172e-05 -8.14518e-05 0.00928877 -0.0170417 -8.10038e-05 0.000447315 -0.0170417 0.0840751 
0.00934362 -0.0171308 2.27475e-05 -0.000107797 -0.0171308 0.0845386 -0.000105107 0.000513052 2.27475e-05 -0.000105107 0.00927475 -0.0170141 -0.000107797 0.000513052 -0.0170141 0.084055 
0.00932034 -0.0171155 1.99845e-05 -0.000115824 -0.0171155 0.0844135 -0.000109875 0.00055338 1.99845e-05 -0.000109875 0.00925806 -0.0169486 -0.000115824 0.00055338 -0.0169486 0.0837898 
0.00929815 -0.0170856 -2.54742e-06 -0.000110431 -0.0170856 0.0843036 -0.000105595 0.000556891 -2.54742e-06 -0.000105595 0.00925358 -0.0169265 -0.000110431 0.000556891 -0.0169265 0.0836344 
0.00926548 -0.0170358 -1.92085e-05 -8.05859e-05 -0.0170358 0.0840974 -7.69653e-05 0.00050932 -1.92085e-05 -7.69653e-05 0.00924417 -0.0169022 -8.05859e-05 0.00050932 -0.0169022 0.0834638 
0.00925164 -0.0170296 -1.70971e-05 -5.67389e-05 -0.0170296 0.0841063 -5.3204e-05 0.000443752 -1.70971e-05 -5.3204e-05 0.0092581 -0.0169277 -5.67389e-05 0.000443752 -0.0169277 0.0835458 
0.00924689 -0.0169844 -1.08166e-05 -5.97964e-05 -0.0169844 0.0839518 -5.50105e-05 0.000419924 -1.08166e-05 -5.50105e-05 0.00924388 -0.0169241 -5.97964e-05 0.000419924 -0.0169241 0.0834992 
0.00925112 -0.0169874 -3.41678e-06 -7.02175e-05 -0.0169874 0.0839212 -6.48356e-05 0.000433873 -3.41678e-06 -6.48356e-05 0.00924825 -0.0169222 -7.02175e-05 0.000433873 -0.0169222 0.0835184 
0.00931501 -0.0170712 -3.5497e-06 -8.4032e-05 -0.0170712 0.0843088 -7.64455e-05 0.000467163 -3.5497e-06 -7.64455e-05 0.00926289 -0.0170073 -8.4032e-05 0.000467163 -0.0170073 0.0839225 
0.00935851 -0.0171668 -3.55993e-06 -8.64322e-05 -0.0171668 0.0846932 -7.74425e-05 0.000486873 -3.55993e-06 -7.74425e-05 0.00929067 -0.0170437 -8.64322e-05 0.000486873 -0.0170437 0.0842278 
0.00934446 -0.0171619 -3.01415e-06 -8.61777e-05 -0.0171619 0.0846652 -7.78519e-05 0.000492072 -3.01415e-06 -7.78519e-05 0.00930161 -0.0170137 -8.61777e-05 0.000492072 -0.0170137 0.0841111 
0.00929704 -0.0170877 1.94887e-07 -8.53833e-05 -0.0170877 0.0843438 -7.77574e-05 0.000492118 1.94887e-07 -7.77574e-05 0.00929407 -0.0169723 -8.53833e-05 0.000492118 -0.0169723 0.0838134 
0.00926515 -0.0170316 -3.99653e-07 -8.97221e-05 -0.0170316 0.084118 -8.41235e-05 0.000502357 -3.99653e-07 -8.41235e-05 0.00929069 -0.0169728 -8.97221e-05 0.000502357 -0.0169728 0.0837069 
0.00925246 -0.0169943 -5.26418e-09 -8.99196e-05 -0.0169943 0.0839668 -8.87772e-05 0.000516055 -5.26418e-09 -8.87772e-05 0.00927719 -0.0169795 -8.99196e-05 0.000516055 -0.0169795 0.083693 
0.00923723 -0.0169557 6.77929e-06 -9.03225e-05 -0.0169557 0.0837648 -9.13271e-05 0.00052534 6.77929e-06 -9.13271e-05 0.00924207 -0.0169446 -9.03225e-05 0.00052534 -0.0169446 0.0835596 
0.00921604 -0.0169235 2.2717e-05 -9.78608e-05 -0.0169235 0.0835784 -0.0001012 0.00054325 2.2717e-05 -0.0001012 0.00921285 -0.0168874 -9.78608e-05 0.00054325 -0.0168874 0.0833553 
0.00921332 -0.0169064 3.15023e-05 -0.000114878 -0.0169064 0.0834959 -0.000118478 0.00057478 3.15023e-05 -0.000118478 0.00919047 -0.0168573 -0.000114878 0.00057478 -0.0168573 0.0832352 
0.00920014 -0.0168654 3.26384e-05 -0.000124037 -0.0168654 0.0832626 -0.000124878 0.00059768 3.26384e-05 -0.000124878 0.00914966 -0.0167895 -0.000124037 0.00059768 -0.0167895 0.0829447 
0.00918431 -0.0168428 2.07042e-05 -0.000122984 -0.0168428 0.0830957 -0.000123095 0.000598583 2.07042e-05 -0.000123095 0.00912184 -0.0167302 -0.000122984 0.000598583 -0.0167302 0.0826915 
0.00917047 -0.0168514 -3.22179e-06 -0.000102212 -0.0168514 0.0831175 -0.000105786 0.000560762 -3.22179e-06 -0.000105786 0.00913448 -0.0167174 -0.000102212 0.000560762 -0.0167174 0.0826336 
0.00914774 -0.0168206 -1.1918e-05 -6.70091e-05 -0.0168206 0.0830284 -7.19782e-05 0.000481067 -1.1918e-05 -7.19782e-05 0.00913523 -0.0167189 -6.70091e-05 0.000481067 -0.0167189 0.0825622 
0.00917631 -0.0168809 -1.28076e-05 -5.32252e-05 -0.0168809 0.0833753 -5.77842e-05 0.000419109 -1.28076e-05 -5.77842e-05 0.00917493 -0.0168098 -5.32252e-05 0.000419109 -0.0168098 0.0829747 
0.00918788 -0.0168879 -1.75011e-05 -5.32e-05 -0.0168879 0.0834596 -5.39255e-05 0.000391849 -1.75011e-05 -5.39255e-05 0.00917736 -0.0168381 -5.32e-05 0.000391849 -0.0168381 0.0831279 
0.00919462 -0.01689 -1.58189e-05 -5.05956e-05 -0.01689 0.0834692 -4.81291e-05 0.000377317 -1.58189e-05 -4.81291e-05 0.00917229 -0.0168321 -5.05956e-05 0.000377317 -0.0168321 0.0831547 
0.00918507 -0.01686 -2.44179e-05 -5.34927e-05 -0.01686 0.0833008 -4.97956e-05 0.000374407 -2.44179e-05 -4.97956e-05 0.00915428 -0.0167841 -5.34927e-05 0.000374407 -0.0167841 0.0829578 
0.00918256 -0.0168801 -2.33198e-05 -4.558e-05 -0.0168801 0.0833647 -4.25563e-05 0.000367175 -2.33198e-05 -4.25563e-05 0.00917109 -0.0167923 -4.558e-05 0.000367175 -0.0167923 0.0829861 
0.00918093 -0.0169216 -2.28512e-05 -4.78974e-05 -0.0169216 0.0836016 -4.53545e-05 0.000368553 -2.28512e-05 -4.53545e-05 0.00923097 -0.0168533 -4.78974e-05 0.000368553 -0.0168533 0.0832346 
0.00916922 -0.0169109 -1.60246e-05 -5.16544e-05 -0.0169109 0.0836604 -4.84152e-05 0.000380049 -1.60246e-05 -4.84152e-05 0.00927134 -0.0169175 -5.16544e-05 0.000380049 -0.0169175 0.0834193 
0.00918947 -0.0169245 -1.05193e-05 -6.35503e-05 -0.0169245 0.0838098 -5.96124e-05 0.000408346 -1.05193e-05 -5.96124e-05 0.0093034 -0.0170026 -6.35503e-05 0.000408346 -0.0170026 0.0837503 
0.00922297 -0.0169418 -3.50015e-06 -7.1667e-05 -0.0169418 0.0838905 -6.82818e-05 0.000437397 -3.50015e-06 -6.82818e-05 0.00930354 -0.0170399 -7.1667e-05 0.000437397 -0.0170399 0.0839449 
0.00924645 -0.0169686 5.81794e-06 -7.835e-05 -0.0169686 0.0839319 -7.78574e-05 0.000461846 5.81794e-06 -7.78574e-05 0.00928841 -0.0170295 -7.835e-05 0.000461846 -0.0170295 0.083973 
0.00924926 -0.016976 1.92411e-05 -8.80222e-05 -0.016976 0.0838944 -8.65703e-05 0.000483414 1.92411e-05 -8.65703e-05 0.00926423 -0.0169875 -8.80222e-05 0.000483414 -0.0169875 0.0838407 
0.00924078 -0.0169493 1.84151e-05 -0.000102853 -0.0169493 0.0837326 -0.000101667 0.000512284 1.84151e-05 -0.000101667 0.00922332 -0.0169256 -0.000102853 0.000512284 -0.0169256 0.0835803 
0.00922596 -0.0169115 1.19473e-05 -0.000101802 -0.0169115 0.0834939 -0.00010105 0.000523238 1.19473e-05 -0.00010105 0.00917939 -0.0168395 -0.000101802 0.000523238 -0.0168395 0.0832177 
0.00922547 -0.0169291 -9.81077e-07 -9.18329e-05 -0.0169291 0.0835208 -9.32056e-05 0.000510427 -9.81077e-07 -9.32056e-05 0.0091722 -0.0168122 -9.18329e-05 0.000510427 -0.0168122 0.0831105 
0.00921236 -0.0169477 -8.08321e-06 -7.02594e-05 -0.0169477 0.0836142 -7.73915e-05 0.000471374 -8.08321e-06 -7.73915e-05 0.00918903 -0.0168151 -7.02594e-05 0.000471374 -0.0168151 0.083113 
0.00918465 -0.0169201 -2.60777e-05 -5.63366e-05 -0.0169201 0.083572 -6.96643e-05 0.000432746 -2.60777e-05 -6.96643e-05 0.00920999 -0.0168247 -5.63366e-05 0.000432746 -0.0168247 0.0830931 
0.00916732 -0.0168645 -2.93542e-05 -3.5057e-05 -0.0168645 0.0833922 -4.91753e-05 0.000386032 -2.93542e-05 -4.91753e-05 0.00920595 -0.0168319 -3.5057e-05 0.000386032 -0.0168319 0.0830324 
0.00917352 -0.0168758 -3.04627e-05 -3.2694e-05 -0.0168758 0.0834427 -4.27627e-05 0.000358133 -3.04627e-05 -4.27627e-05 0.00921007 -0.0168652 -3.2694e-05 0.000358133 -0.0168652 0.0831779 
0.00917986 -0.0168834 -3.4741e-05 -3.29736e-05 -0.0168834 0.0834829 -3.83383e-05 0.00034498 -3.4741e-05 -3.83383e-05 0.00920933 -0.0168681 -3.29736e-05 0.00034498 -0.0168681 0.0832376 
0.0092137 -0.0169376 -3.14522e-05 -2.88445e-05 -0.0169376 0.0837444 -3.2175e-05 0.000334133 -3.14522e-05 -3.2175e-05 0.00922184 -0.0169104 -2.88445e-05 0.000334133 -0.0169104 0.0834769 
0.00922356 -0.0169751 -2.8739e-05 -3.14667e-05 -0.0169751 0.0839153 -3.55072e-05 0.000331553 -2.8739e-05 -3.55072e-05 0.00924508 -0.0169236 -3.14667e-05 0.000331553 -0.0169236 0.0836008 
0.00923112 -0.0169859 -2.60252e-05 -3.56907e-05 -0.0169859 0.08401 -3.86851e-05 0.000338031 -2.60252e-05 -3.86851e-05 0.00926177 -0.0169502 -3.56907e-05 0.000338031 -0.0169502 0.0836959 
0.00923736 -0.0169788 -7.6152e-06 -3.88903e-05 -0.0169788 0.0839877 -4.22857e-05 0.000345419 -7.6152e-06 -4.22857e-05 0.0092586 -0.0169555 -3.88903e-05 0.000345419 -0.0169555 0.0837043 
0.00922947 -0.0169619 -1.26594e-06 -6.11282e-05 -0.0169619 0.0838663 -6.47215e-05 0.000382279 -1.26594e-06 -6.47215e-05 0.00924054 -0.0169231 -6.11282e-05 0.000382279 -0.0169231 0.083567 
0.00921134 -0.0169327 -8.01271e-07 -7.146e-05 -0.0169327 0.0836977 -7.24424e-05 0.000416111 -8.01271e-07 -7.24424e-05 0.00921981 -0.0168777 -7.146e-05 0.000416111 -0.0168777 0.0833551 
0.00919737 -0.0169128 5.37085e-06 -7.32146e-05 -0.0169128 0.0835947 -7.20362e-05 0.000429036 5.37085e-06 -7.20362e-05 0.00920498 -0.0168528 -7.32146e-05 0.000429036 -0.0168528 0.0832232 
0.00919509 -0.0169082 2.19406e-05 -7.93501e-05 -0.0169082 0.0835843 -7.992e-05 0.00044147 2.19406e-05 -7.992e-05 0.00920332 -0.0168512 -7.93501e-05 0.00044147 -0.0168512 0.083213 
0.00921216 -0.0169175 2.21658e-05 -9.88637e-05 -0.0169175 0.0836366 -0.000103629 0.00048335 2.21658e-05 -0.000103629 0.00919519 -0.0168639 -9.88637e-05 0.00048335 -0.0168639 0.083275 
0.009208 -0.0169439 7.78075e-06 -0.000100167 -0.0169439 0.0837167 -0.000107017 0.000510003 7.78075e-06 -0.000107017 0.00921242 -0.0168573 -0.000100167 0.000510003 -0.0168573 0.0833066 
0.00918637 -0.0169136 -1.24507e-05 -8.34095e-05 -0.0169136 0.0836214 -8.78716e-05 0.000489285 -1.24507e-05 -8.78716e-05 0.00921933 -0.0168513 -8.34095e-05 0.000489285 -0.0168513 0.0832191 
0.00917017 -0.0168832 -1.83661e-05 -5.9653e-05 -0.0168832 0.0835217 -5.89527e-05 0.000433496 -1.83661e-05 -5.89527e-05 0.00922887 -0.0168633 -5.9653e-05 0.000433496 -0.0168633 0.0832063 
0.00915072 -0.0168282 -1.19412e-05 -5.26111e-05 -0.0168282 0.0832747 -4.84108e-05 0.000392998 -1.19412e-05 -4.84108e-05 0.00920063 -0.0168451 -5.26111e-05 0.000392998 -0.0168451 0.083064 
0.00912658 -0.0167925 -8.69273e-06 -6.00149e-05 -0.0167925 0.0830685 -5.42947e-05 0.000388303 -8.69273e-06 -5.42947e-05 0.00917394 -0.0168011 -6.00149e-05 0.000388303 -0.0168011 0.0828922 
0.00911555 -0.0167869 -8.92644e-06 -6.21975e-05 -0.0167869 0.0830503 -5.85502e-05 0.000394119 -8.92644e-06 -5.85502e-05 0.00917739 -0.0167925 -6.21975e-05 0.000394119 -0.0167925 0.0828751 
0.00908431 -0.016727 -1.36153e-05 -5.91786e-05 -0.016727 0.0827912 -5.7913e-05 0.000389987 -1.36153e-05 -5.7913e-05 0.00915322 -0.0167507 -5.91786e-05 0.000389987 -0.0167507 0.0826453 
0.00907132 -0.0167188 -1.15576e-05 -5.35051e-05 -0.0167188 0.0827615 -5.00115e-05 0.000375656 -1.15576e-05 -5.00115e-05 0.00915787 -0.0167528 -5.35051e-05 0.000375656 -0.0167528 0.0826501 
0.00910576 -0.0167464 -4.31772e-06 -5.77875e-05 -0.0167464 0.0829406 -4.99785e-05 0.000371861 -4.31772e-06 -4.99785e-05 0.00916225 -0.0168031 -5.77875e-05 0.000371861 -0.0168031 0.0828794 
0.00914707 -0.0168094 -1.26217e-05 -6.82455e-05 -0.0168094 0.0831911 -6.00473e-05 0.000389324 -1.26217e-05 -6.00473e-05 0.00917159 -0.0168303 -6.82455e-05 0.000389324 -0.0168303 0.083101 
0.00915356 -0.0168243 -2.02005e-05 -5.53978e-05 -0.0168243 0.0832074 -5.10507e-05 0.000379359 -2.02005e-05 -5.10507e-05 0.0091597 -0.0167989 -5.53978e-05 0.000379359 -0.0167989 0.0830152 
0.00915816 -0.0168188 -2.48427e-05 -4.15047e-05 -0.0168188 0.0831558 -4.20947e-05 0.000351649 -2.48427e-05 -4.20947e-05 0.00914455 -0.0167642 -4.15047e-05 0.000351649 -0.0167642 0.0828638 
0.00915651 -0.0168233 -1.93066e-05 -3.38571e-05 -0.0168233 0.0831312 -3.60142e-05 0.00032672 -1.93066e-05 -3.60142e-05 0.00913896 -0.016745 -3.38571e-05 0.00032672 -0.016745 0.0827657 
