0.00617324 0 -2.80083e-05 0 0 0.00876436 0 0 -2.80083e-05 0 0.00618858 0 0 0 0 0.00876436 
0.00941193 -0.0116801 -2.91236e-05 3.40057e-05 -0.0116801 0.0310605 3.40057e-05 -6.48995e-05 -2.91236e-05 3.40057e-05 0.0094655 -0.0117509 3.40057e-05 -6.48995e-05 -0.0117509 0.031196 
0.00970132 -0.0179982 2.3403e-06 -2.48566e-05 -0.0179982 0.0664056 -2.48566e-05 9.93924e-05 2.3403e-06 -2.48566e-05 0.00975258 -0.0182623 -2.48566e-05 9.93924e-05 -0.0182623 0.0672952 
0.00916939 -0.0175875 9.31566e-06 -0.000129653 -0.0175875 0.078784 -0.00012782 0.000629576 9.31566e-06 -0.00012782 0.00920915 -0.0179541 -0.000129653 0.000629576 -0.0179541 0.0806985 
0.0088615 -0.0165005 7.49404e-06 -0.000123575 -0.0165005 0.079377 -0.000117292 0.000810564 7.49404e-06 -0.000117292 0.00892042 -0.016801 -0.000123575 0.000810564 -0.016801 0.0814575 
0.00864142 -0.0158235 -7.13981e-08 -8.21383e-05 -0.0158235 0.0775583 -7.45402e-05 0.000639897 -7.13981e-08 -7.45402e-05 0.00868841 -0.0160647 -8.21383e-05 0.000639897 -0.0160647 0.0792263 
0.00840224 -0.015338 -5.83242e-06 -5.37165e-05 -0.015338 0.0754743 -4.66524e-05 0.000441981 -5.83242e-06 -4.66524e-05 0.00844085 -0.0155251 -5.37165e-05 0.000441981 -0.0155251 0.0767165 
0.00820897 -0.014984 -1.82908e-06 -4.18808e-05 -0.014984 0.0738677 -3.56064e-05 0.000324488 -1.82908e-06 -3.56064e-05 0.00823598 -0.0151467 -4.18808e-05 0.000324488 -0.0151467 0.0748464 
0.00963621 -0.0175796 1.16893e-05 -5.77554e-05 -0.0175796 0.086764 -5.15762e-05 0.000347379 1.16893e-05 -5.15762e-05 0.00965918 -0.0177623 -5.77554e-05 0.000347379 -0.0177623 0.087791 
0.00948482 -0.0172717 1.88342e-05 -7.66185e-05 -0.0172717 0.0852644 -7.0044e-05 0.000367724 1.88342e-05 -7.0044e-05 0.00949474 -0.0174496 -7.66185e-05 0.000367724 -0.0174496 0.0862371 
0.00938245 -0.0170895 1.51008e-05 -8.85784e-05 -0.0170895 0.0842931 -8.11304e-05 0.000402387 1.51008e-05 -8.11304e-05 0.00939244 -0.0172594 -8.85784e-05 0.000402387 -0.0172594 0.0852518 
0.00934745 -0.0170225 1.7989e-05 -8.39996e-05 -0.0170225 0.0839296 -7.90523e-05 0.000414503 1.7989e-05 -7.90523e-05 0.00933888 -0.0171976 -8.39996e-05 0.000414503 -0.0171976 0.0849021 
0.00935856 -0.0170429 2.38608e-05 -8.54596e-05 -0.0170429 0.0839948 -8.49292e-05 0.000423429 2.38608e-05 -8.49292e-05 0.00931905 -0.0171978 -8.54596e-05 0.000423429 -0.0171978 0.0849524 
0.00932446 -0.0170017 1.85902e-05 -8.84631e-05 -0.0170017 0.0837572 -9.16225e-05 0.000432772 1.85902e-05 -9.16225e-05 0.00928133 -0.017108 -8.84631e-05 0.000432772 -0.017108 0.0846148 
0.00928331 -0.0169794 7.99803e-06 -7.89422e-05 -0.0169794 0.083666 -8.32574e-05 0.000419098 7.99803e-06 -8.32574e-05 0.00928908 -0.0170687 -7.89422e-05 0.000419098 -0.0170687 0.0844305 
0.00924819 -0.0169428 -9.31405e-07 -6.52352e-05 -0.0169428 0.0836038 -6.89008e-05 0.000386378 -9.31405e-07 -6.89008e-05 0.00931489 -0.0170869 -6.52352e-05 0.000386378 -0.0170869 0.0844091 
0.00923935 -0.0169053 -2.56191e-06 -5.55859e-05 -0.0169053 0.083533 -5.63372e-05 0.000353527 -2.56191e-06 -5.63372e-05 0.00932781 -0.0171279 -5.55859e-05 0.000353527 -0.0171279 0.0844927 
0.0092349 -0.0168708 -9.60274e-06 -5.36538e-05 -0.0168708 0.0833734 -5.36913e-05 0.0003359 -9.60274e-06 -5.36913e-05 0.00930798 -0.0171271 -5.36538e-05 0.0003359 -0.0171271 0.0844631 
0.00923613 -0.0168572 -2.19343e-05 -4.60034e-05 -0.0168572 0.0832572 -4.53542e-05 0.000318787 -2.19343e-05 -4.53542e-05 0.00927693 -0.0170952 -4.60034e-05 0.000318787 -0.0170952 0.084364 
0.00922664 -0.0168285 -1.99162e-05 -2.93967e-05 -0.0168285 0.0830501 -2.89077e-05 0.000283723 -1.99162e-05 -2.89077e-05 0.00923541 -0.0170164 -2.93967e-05 0.000283723 -0.0170164 0.0840604 
0.00923284 -0.016833 -1.27161e-05 -3.31206e-05 -0.016833 0.083007 -3.34554e-05 0.000275784 -1.27161e-05 -3.34554e-05 0.00920537 -0.0169725 -3.31206e-05 0.000275784 -0.0169725 0.0838829 
0.00924051 -0.016859 -1.07168e-05 -4.08832e-05 -0.016859 0.0830727 -4.51496e-05 0.00029297 -1.07168e-05 -4.51496e-05 0.0091913 -0.0169427 -4.08832e-05 0.00029297 -0.0169427 0.0837911 
0.00925291 -0.0168952 2.1144e-06 -4.19924e-05 -0.0168952 0.0832393 -4.90129e-05 0.000306887 2.1144e-06 -4.90129e-05 0.00919543 -0.0169467 -4.19924e-05 0.000306887 -0.0169467 0.0838318 
0.00924555 -0.016877 1.32492e-05 -5.66604e-05 -0.016877 0.083173 -6.33285e-05 0.000332171 1.32492e-05 -6.33285e-05 0.00917588 -0.0169194 -5.66604e-05 0.000332171 -0.0169194 0.0837013 
0.00924634 -0.0168812 1.08362e-05 -7.16718e-05 -0.0168812 0.0831852 -7.75319e-05 0.000367568 1.08362e-05 -7.75319e-05 0.00916609 -0.0169056 -7.16718e-05 0.000367568 -0.0169056 0.083661 
0.00923865 -0.0168719 1.56902e-05 -6.96869e-05 -0.0168719 0.0831426 -7.30812e-05 0.000377264 1.56902e-05 -7.30812e-05 0.00915696 -0.0168827 -6.96869e-05 0.000377264 -0.0168827 0.0835729 
0.00923066 -0.0169052 1.48867e-05 -7.26627e-05 -0.0169052 0.0833223 -7.54776e-05 0.000378353 1.48867e-05 -7.54776e-05 0.00919152 -0.0169168 -7.26627e-05 0.000378353 -0.0169168 0.083738 
0.0091895 -0.0168417 1.31894e-05 -6.96186e-05 -0.0168417 0.083126 -7.19805e-05 0.000369767 1.31894e-05 -7.19805e-05 0.00919941 -0.0169045 -6.96186e-05 0.000369767 -0.0169045 0.0836145 
0.00914834 -0.0167384 5.81774e-06 -6.69356e-05 -0.0167384 0.0827012 -6.62281e-05 0.000355319 5.81774e-06 -6.62281e-05 0.00917778 -0.0168665 -6.69356e-05 0.000355319 -0.0168665 0.0833375 
0.00915879 -0.0167289 -1.94168e-06 -5.98249e-05 -0.0167289 0.0826343 -5.65166e-05 0.000336051 -1.94168e-06 -5.65166e-05 0.00916054 -0.0168828 -5.98249e-05 0.000336051 -0.0168828 0.0833784 
0.00915566 -0.0167466 -1.75777e-06 -5.14885e-05 -0.0167466 0.0826513 -4.75233e-05 0.000314677 -1.75777e-06 -4.75233e-05 0.00915741 -0.0168662 -5.14885e-05 0.000314677 -0.0168662 0.0833771 
0.0091808 -0.016809 -8.88386e-07 -5.34803e-05 -0.016809 0.0829797 -5.04183e-05 0.000312853 -8.88386e-07 -5.04183e-05 0.00919054 -0.0169242 -5.34803e-05 0.000312853 -0.0169242 0.0836739 
0.00919217 -0.0168208 7.21796e-06 -5.48525e-05 -0.0168208 0.0830813 -5.46451e-05 0.000322135 7.21796e-06 -5.46451e-05 0.00919399 -0.0169433 -5.48525e-05 0.000322135 -0.0169433 0.0837734 
0.00920754 -0.0168426 7.09173e-06 -6.36692e-05 -0.0168426 0.0831919 -6.63348e-05 0.000342792 7.09173e-06 -6.63348e-05 0.00920208 -0.0169563 -6.36692e-05 0.000342792 -0.0169563 0.0838734 
0.00922807 -0.0168589 4.18446e-06 -6.22631e-05 -0.0168589 0.0832591 -6.73572e-05 0.000352976 4.18446e-06 -6.73572e-05 0.00919579 -0.0169587 -6.22631e-05 0.000352976 -0.0169587 0.0839042 
0.00919209 -0.0167887 4.25086e-06 -5.7497e-05 -0.0167887 0.08286 -6.40612e-05 0.000347959 4.25086e-06 -6.40612e-05 0.00915781 -0.0168526 -5.7497e-05 0.000347959 -0.0168526 0.0834253 
0.00914003 -0.0167061 2.74485e-06 -5.84456e-05 -0.0167061 0.0824143 -6.26999e-05 0.000343669 2.74485e-06 -6.26999e-05 0.00912631 -0.0167621 -5.84456e-05 0.000343669 -0.0167621 0.0829213 
0.00911186 -0.0166675 -9.4894e-07 -5.82996e-05 -0.0166675 0.082227 -6.07077e-05 0.000341712 -9.4894e-07 -6.07077e-05 0.009115 -0.0167513 -5.82996e-05 0.000341712 -0.0167513 0.0827604 
0.00912605 -0.0166921 -2.8429e-06 -5.47407e-05 -0.0166921 0.0823684 -5.71868e-05 0.000338437 -2.8429e-06 -5.71868e-05 0.00912487 -0.0167987 -5.47407e-05 0.000338437 -0.0167987 0.0829604 
0.00913806 -0.0166922 -1.83044e-05 -5.35458e-05 -0.0166922 0.0823715 -5.8012e-05 0.000339092 -1.83044e-05 -5.8012e-05 0.00911168 -0.0167949 -5.35458e-05 0.000339092 -0.0167949 0.0829825 
0.00914912 -0.0167428 -1.14607e-05 -3.46458e-05 -0.0167428 0.0825704 -4.03955e-05 0.000313877 -1.14607e-05 -4.03955e-05 0.00912317 -0.0168112 -3.46458e-05 0.000313877 -0.0168112 0.0831265 
0.00914559 -0.0167521 8.94089e-06 -3.8807e-05 -0.0167521 0.0826618 -4.32812e-05 0.000299056 8.94089e-06 -4.32812e-05 0.00913046 -0.0168169 -3.8807e-05 0.000299056 -0.0168169 0.0831763 
0.00915576 -0.0167533 2.42234e-05 -6.44268e-05 -0.0167533 0.0827328 -6.64997e-05 0.000333372 2.42234e-05 -6.64997e-05 0.00912344 -0.01684 -6.44268e-05 0.000333372 -0.01684 0.083279 
0.00914218 -0.0167303 2.29606e-05 -8.51712e-05 -0.0167303 0.0826142 -8.37141e-05 0.000379984 2.29606e-05 -8.37141e-05 0.00909996 -0.016797 -8.51712e-05 0.000379984 -0.016797 0.0831496 
0.00913905 -0.0167206 2.22731e-05 -8.47428e-05 -0.0167206 0.0825763 -8.09241e-05 0.000395249 2.22731e-05 -8.09241e-05 0.00909013 -0.0167724 -8.47428e-05 0.000395249 -0.0167724 0.0830746 
0.00913537 -0.0167149 1.89489e-05 -7.9993e-05 -0.0167149 0.0825482 -7.76411e-05 0.000386094 1.89489e-05 -7.76411e-05 0.00909386 -0.0167566 -7.9993e-05 0.000386094 -0.0167566 0.0830113 
0.00911048 -0.0166786 1.8053e-05 -7.53796e-05 -0.0166786 0.0823698 -7.16277e-05 0.000370218 1.8053e-05 -7.16277e-05 0.00908483 -0.0167255 -7.53796e-05 0.000370218 -0.0167255 0.0828239 
0.00908354 -0.0166193 2.18714e-05 -7.33029e-05 -0.0166193 0.0820912 -6.69738e-05 0.0003548 2.18714e-05 -6.69738e-05 0.00905458 -0.0166806 -7.33029e-05 0.0003548 -0.0166806 0.0825608 
0.0090514 -0.0165537 1.79707e-05 -7.60324e-05 -0.0165537 0.0817502 -7.07897e-05 0.000350962 1.79707e-05 -7.07897e-05 0.00901773 -0.0166129 -7.60324e-05 0.000350962 -0.0166129 0.0822273 
0.00901629 -0.01654 2.00456e-07 -6.88758e-05 -0.01654 0.0816531 -6.84805e-05 0.000343045 2.00456e-07 -6.84805e-05 0.00903032 -0.0165896 -6.88758e-05 0.000343045 -0.0165896 0.0821092 
0.00899534 -0.0165497 -1.13465e-05 -4.77928e-05 -0.0165497 0.0817915 -5.08837e-05 0.000311614 -1.13465e-05 -5.08837e-05 0.00907548 -0.0166518 -4.77928e-05 0.000311614 -0.0166518 0.0823116 
0.00896544 -0.0165038 -1.35179e-05 -3.14357e-05 -0.0165038 0.0817168 -3.48902e-05 0.00026842 -1.35179e-05 -3.48902e-05 0.00909629 -0.0166938 -3.14357e-05 0.00026842 -0.0166938 0.0824176 
0.00893882 -0.0164494 -1.12448e-05 -2.93928e-05 -0.0164494 0.0815454 -3.07798e-05 0.000245714 -1.12448e-05 -3.07798e-05 0.00909913 -0.0167081 -2.93928e-05 0.000245714 -0.0167081 0.0824423 
0.00891889 -0.0163878 -1.14975e-05 -3.33871e-05 -0.0163878 0.0812857 -3.20614e-05 0.000243088 -1.14975e-05 -3.20614e-05 0.00907663 -0.0166869 -3.33871e-05 0.000243088 -0.0166869 0.0823278 
0.00894787 -0.0163655 -2.18275e-05 -3.24021e-05 -0.0163655 0.0811504 -3.28379e-05 0.000243733 -2.18275e-05 -3.28379e-05 0.00902262 -0.0166626 -3.24021e-05 0.000243733 -0.0166626 0.0822426 
0.00899756 -0.0164394 -2.48712e-05 -1.71356e-05 -0.0164394 0.0813328 -2.35287e-05 0.000225538 -2.48712e-05 -2.35287e-05 0.00899008 -0.0166287 -1.71356e-05 0.000225538 -0.0166287 0.0822632 
0.00901921 -0.0165119 -2.37521e-05 -1.01507e-05 -0.0165119 0.081561 -2.00283e-05 0.000205461 -2.37521e-05 -2.00283e-05 0.00898088 -0.0165847 -1.01507e-05 0.000205461 -0.0165847 0.0822013 
0.00899899 -0.0164953 -1.80599e-05 -1.2778e-05 -0.0164953 0.0814826 -1.74181e-05 0.000195773 -1.80599e-05 -1.74181e-05 0.00896284 -0.0165196 -1.2778e-05 0.000195773 -0.0165196 0.0819061 
0.00902901 -0.0165158 -9.25596e-06 -2.22175e-05 -0.0165158 0.0816251 -1.84739e-05 0.000198605 -9.25596e-06 -1.84739e-05 0.00895664 -0.0165453 -2.22175e-05 0.000198605 -0.0165453 0.0819823 
0.00902108 -0.0164887 5.97935e-08 -3.69902e-05 -0.0164887 0.0814286 -2.7068e-05 0.000218692 5.97935e-08 -2.7068e-05 0.00892448 -0.0164774 -3.69902e-05 0.000218692 -0.0164774 0.0817122 
0.00899157 -0.0164664 1.28263e-05 -4.8872e-05 -0.0164664 0.0812588 -3.90334e-05 0.000245859 1.28263e-05 -3.90334e-05 0.0089178 -0.0164212 -4.8872e-05 0.000245859 -0.0164212 0.081447 
0.00898363 -0.0164807 1.03266e-05 -6.44018e-05 -0.0164807 0.0813635 -5.73948e-05 0.000285921 1.03266e-05 -5.73948e-05 0.00895032 -0.0164601 -6.44018e-05 0.000285921 -0.0164601 0.0815468 
0.00901123 -0.0165137 7.76711e-06 -6.12686e-05 -0.0165137 0.0816033 -5.72047e-05 0.000303895 7.76711e-06 -5.72047e-05 0.00897913 -0.0165482 -6.12686e-05 0.000303895 -0.0165482 0.0818884 
0.00901951 -0.0165146 -8.2096e-07 -5.59079e-05 -0.0165146 0.0816122 -5.48626e-05 0.000300364 -8.2096e-07 -5.48626e-05 0.0089796 -0.0165633 -5.59079e-05 0.000300364 -0.0165633 0.0819857 
0.00904652 -0.0165434 -1.01861e-05 -4.37967e-05 -0.0165434 0.0817294 -4.39634e-05 0.000280201 -1.01861e-05 -4.39634e-05 0.00897053 -0.0165838 -4.37967e-05 0.000280201 -0.0165838 0.082125 
0.00902758 -0.0165382 -1.68441e-05 -2.9896e-05 -0.0165382 0.0816436 -3.18544e-05 0.000247862 -1.68441e-05 -3.18544e-05 0.00895322 -0.0165295 -2.9896e-05 0.000247862 -0.0165295 0.0819624 
0.00900146 -0.0164978 -2.44091e-05 -1.81451e-05 -0.0164978 0.0814791 -2.38516e-05 0.000216381 -2.44091e-05 -2.38516e-05 0.00894117 -0.0164813 -1.81451e-05 0.000216381 -0.0164813 0.0817308 
0.00900034 -0.0164965 -3.37343e-05 -8.13679e-06 -0.0164965 0.0815075 -1.57734e-05 0.000190419 -3.37343e-05 -1.57734e-05 0.00895984 -0.0165002 -8.13679e-06 0.000190419 -0.0165002 0.0817714 
0.00898706 -0.0164861 -2.27653e-05 3.58496e-06 -0.0164861 0.0814763 -4.2315e-06 0.000161803 -2.27653e-05 -4.2315e-06 0.00898221 -0.0165183 3.58496e-06 0.000161803 -0.0165183 0.0818005 
0.00900854 -0.0165185 -1.84367e-05 -1.03163e-05 -0.0165185 0.0816747 -1.76172e-05 0.000170746 -1.84367e-05 -1.76172e-05 0.0090122 -0.0165935 -1.03163e-05 0.000170746 -0.0165935 0.0820924 
0.00902486 -0.0165374 -1.4067e-05 -2.0634e-05 -0.0165374 0.0817705 -2.63216e-05 0.000199516 -1.4067e-05 -2.63216e-05 0.00901373 -0.0166243 -2.0634e-05 0.000199516 -0.0166243 0.0822494 
0.00902216 -0.016559 -2.77827e-06 -2.77945e-05 -0.016559 0.0818527 -3.14343e-05 0.000222201 -2.77827e-06 -3.14343e-05 0.00902646 -0.016622 -2.77945e-05 0.000222201 -0.016622 0.0823056 
0.00899505 -0.0165502 1.54175e-05 -4.36313e-05 -0.0165502 0.0818601 -4.3065e-05 0.000252219 1.54175e-05 -4.3065e-05 0.00905066 -0.0166263 -4.36313e-05 0.000252219 -0.0166263 0.082305 
0.00897598 -0.0165151 2.90194e-05 -7.04762e-05 -0.0165151 0.0818078 -6.53775e-05 0.000307118 2.90194e-05 -6.53775e-05 0.00907145 -0.0166584 -7.04762e-05 0.000307118 -0.0166584 0.0823636 
0.00896007 -0.0164687 2.47659e-05 -8.91973e-05 -0.0164687 0.0816444 -8.52602e-05 0.000365091 2.47659e-05 -8.52602e-05 0.00907536 -0.0166711 -8.91973e-05 0.000365091 -0.0166711 0.0823614 
0.00895909 -0.0164075 1.2936e-05 -8.26085e-05 -0.0164075 0.0813465 -8.48927e-05 0.000385036 1.2936e-05 -8.48927e-05 0.00903301 -0.0166417 -8.26085e-05 0.000385036 -0.0166417 0.0821884 
0.00897701 -0.0164016 7.29271e-06 -6.62988e-05 -0.0164016 0.0811886 -7.32064e-05 0.000369106 7.29271e-06 -7.32064e-05 0.0089865 -0.0165865 -6.62988e-05 0.000369106 -0.0165865 0.0820041 
0.00900194 -0.016449 3.26293e-06 -5.66123e-05 -0.016449 0.0812683 -6.50026e-05 0.000343727 3.26293e-06 -6.50026e-05 0.00895931 -0.0165438 -5.66123e-05 0.000343727 -0.0165438 0.0819034 
0.00901883 -0.0165031 -3.10642e-06 -5.04346e-05 -0.0165031 0.0814499 -5.96909e-05 0.000324668 -3.10642e-06 -5.96909e-05 0.00896055 -0.0165198 -5.04346e-05 0.000324668 -0.0165198 0.0818616 
0.00902747 -0.0165348 -1.06864e-05 -4.415e-05 -0.0165348 0.0816011 -5.25693e-05 0.000309948 -1.06864e-05 -5.25693e-05 0.00897141 -0.016524 -4.415e-05 0.000309948 -0.016524 0.0818673 
0.00906495 -0.0165924 -1.20898e-05 -3.56683e-05 -0.0165924 0.0819083 -4.33777e-05 0.000291579 -1.20898e-05 -4.33777e-05 0.00898835 -0.0165826 -3.56683e-05 0.000291579 -0.0165826 0.0821228 
0.0090811 -0.0166306 -1.05094e-05 -3.48388e-05 -0.0166306 0.0820787 -4.16518e-05 0.000283217 -1.05094e-05 -4.16518e-05 0.00900146 -0.0165975 -3.48388e-05 0.000283217 -0.0165975 0.0822436 
0.0090802 -0.0166378 4.19079e-06 -3.80771e-05 -0.0166378 0.0821267 -4.47227e-05 0.000287568 4.19079e-06 -4.47227e-05 0.00901056 -0.0165994 -3.80771e-05 0.000287568 -0.0165994 0.082255 
0.00908175 -0.0166543 3.40053e-06 -5.65808e-05 -0.0166543 0.082233 -6.45888e-05 0.000322255 3.40053e-06 -6.45888e-05 0.00903431 -0.0166266 -5.65808e-05 0.000322255 -0.0166266 0.0823621 
0.00907996 -0.0166297 4.9556e-06 -6.01476e-05 -0.0166297 0.0821541 -6.70674e-05 0.000349805 4.9556e-06 -6.70674e-05 0.00902554 -0.0166289 -6.01476e-05 0.000349805 -0.0166289 0.0823259 
0.00906694 -0.0166405 1.13163e-06 -6.5057e-05 -0.0166405 0.0821846 -6.78382e-05 0.000364807 1.13163e-06 -6.78382e-05 0.00904833 -0.0166358 -6.5057e-05 0.000364807 -0.0166358 0.0823765 
0.00904942 -0.0166307 -8.46461e-06 -6.02201e-05 -0.0166307 0.0822073 -6.19454e-05 0.000361608 -8.46461e-06 -6.19454e-05 0.00907541 -0.0166684 -6.02201e-05 0.000361608 -0.0166684 0.0824648 
0.00902606 -0.0165793 -1.28376e-05 -4.56217e-05 -0.0165793 0.0820371 -4.63741e-05 0.000330409 -1.28376e-05 -4.63741e-05 0.00907379 -0.0166733 -4.56217e-05 0.000330409 -0.0166733 0.0824181 
0.00905043 -0.0165698 -1.20861e-05 -3.92193e-05 -0.0165698 0.0820166 -3.72725e-05 0.000301443 -1.20861e-05 -3.72725e-05 0.00905963 -0.0166953 -3.92193e-05 0.000301443 -0.0166953 0.0825067 
0.00909672 -0.0166262 -1.39282e-05 -4.10871e-05 -0.0166262 0.0821959 -3.54836e-05 0.000288901 -1.39282e-05 -3.54836e-05 0.0090545 -0.0167105 -4.10871e-05 0.000288901 -0.0167105 0.082671 
0.00913055 -0.0166705 -6.69757e-06 -4.30812e-05 -0.0166705 0.0823056 -3.6285e-05 0.000292115 -6.69757e-06 -3.6285e-05 0.0090408 -0.0166874 -4.30812e-05 0.000292115 -0.0166874 0.0826514 
0.00914699 -0.0167411 -2.05975e-05 -5.30391e-05 -0.0167411 0.0825553 -4.97206e-05 0.000315574 -2.05975e-05 -4.97206e-05 0.00906085 -0.0166933 -5.30391e-05 0.000315574 -0.0166933 0.0827355 
0.00912361 -0.0167587 -3.47534e-05 -3.62158e-05 -0.0167587 0.0826786 -4.02106e-05 0.000313239 -3.47534e-05 -4.02106e-05 0.00910393 -0.0167099 -3.62158e-05 0.000313239 -0.0167099 0.0827818 
0.0091155 -0.0167256 -3.78028e-05 -1.87746e-05 -0.0167256 0.0826614 -2.5519e-05 0.00028578 -3.78028e-05 -2.5519e-05 0.00912543 -0.0167604 -1.87746e-05 0.00028578 -0.0167604 0.082877 
0.00911277 -0.0167054 -3.17391e-05 -1.69072e-05 -0.0167054 0.0825996 -1.87223e-05 0.000266276 -3.17391e-05 -1.87223e-05 0.00914563 -0.016795 -1.69072e-05 0.000266276 -0.016795 0.0829871 
0.009119 -0.0167076 -1.23625e-05 -2.75374e-05 -0.0167076 0.0826088 -2.24631e-05 0.000272255 -1.23625e-05 -2.24631e-05 0.00916262 -0.0168364 -2.75374e-05 0.000272255 -0.0168364 0.0831403 
0.00912695 -0.016709 3.89052e-07 -5.24236e-05 -0.016709 0.0825988 -4.43948e-05 0.000313366 3.89052e-07 -4.43948e-05 0.00916667 -0.0168546 -5.24236e-05 0.000313366 -0.0168546 0.0832209 
0.0091274 -0.0167276 1.11544e-05 -6.83931e-05 -0.0167276 0.0826505 -6.22106e-05 0.000361752 1.11544e-05 -6.22106e-05 0.0091778 -0.0168649 -6.83931e-05 0.000361752 -0.0168649 0.0832905 
0.00912842 -0.0167234 -1.9804e-07 -7.9032e-05 -0.0167234 0.0826505 -7.65405e-05 0.000399155 -1.9804e-07 -7.65405e-05 0.00917989 -0.0168705 -7.9032e-05 0.000399155 -0.0168705 0.0833013 
0.00911724 -0.0167116 -4.80175e-06 -6.30679e-05 -0.0167116 0.0825876 -6.26579e-05 0.000389306 -4.80175e-06 -6.26579e-05 0.00917471 -0.0168614 -6.30679e-05 0.000389306 -0.0168614 0.0832513 
0.00912953 -0.0167305 -4.6329e-06 -5.2996e-05 -0.0167305 0.0827024 -5.51084e-05 0.000362139 -4.6329e-06 -5.51084e-05 0.00917984 -0.0168918 -5.2996e-05 0.000362139 -0.0168918 0.083395 
0.00911434 -0.0166982 -6.07748e-06 -5.41055e-05 -0.0166982 0.0825452 -5.51391e-05 0.000351031 -6.07748e-06 -5.51391e-05 0.00915956 -0.0168512 -5.41055e-05 0.000351031 -0.0168512 0.0832408 
0.00909215 -0.0166441 -6.35439e-06 -5.48536e-05 -0.0166441 0.0822684 -5.29299e-05 0.000348586 -6.35439e-06 -5.29299e-05 0.00911796 -0.016787 -5.48536e-05 0.000348586 -0.016787 0.0829417 
0.00908391 -0.0166239 -1.19566e-05 -5.42132e-05 -0.0166239 0.0821348 -5.38107e-05 0.000348028 -1.19566e-05 -5.38107e-05 0.00909191 -0.0167445 -5.42132e-05 0.000348028 -0.0167445 0.0827667 
0.00907594 -0.0166103 -1.67295e-05 -4.528e-05 -0.0166103 0.0820375 -4.73314e-05 0.000334553 -1.67295e-05 -4.73314e-05 0.00906712 -0.0167065 -4.528e-05 0.000334553 -0.0167065 0.082609 
0.00909473 -0.0166363 -1.50697e-05 -3.92674e-05 -0.0166363 0.0821471 -3.87508e-05 0.00031495 -1.50697e-05 -3.87508e-05 0.00904964 -0.0167053 -3.92674e-05 0.00031495 -0.0167053 0.0826416 
0.00910121 -0.0166394 -9.02767e-06 -4.03946e-05 -0.0166394 0.0821268 -3.56416e-05 0.000300223 -9.02767e-06 -3.56416e-05 0.00901543 -0.0166565 -4.03946e-05 0.000300223 -0.0166565 0.0824998 
0.00910716 -0.0166478 -7.26131e-06 -4.6187e-05 -0.0166478 0.0821238 -3.95337e-05 0.000298258 -7.26131e-06 -3.95337e-05 0.00899074 -0.0166044 -4.6187e-05 0.000298258 -0.0166044 0.0823351 
0.00909094 -0.0166449 -6.27857e-06 -4.66176e-05 -0.0166449 0.0820785 -4.17651e-05 0.000298822 -6.27857e-06 -4.17651e-05 0.00898424 -0.0165564 -4.66176e-05 0.000298822 -0.0165564 0.0821377 
0.00908436 -0.016614 -3.14549e-06 -4.65769e-05 -0.016614 0.0819654 -4.5405e-05 0.000300908 -3.14549e-06 -4.5405e-05 0.00895794 -0.0165336 -4.65769e-05 0.000300908 -0.0165336 0.0819703 
0.00905814 -0.0165903 -6.50553e-06 -4.82561e-05 -0.0165903 0.0818212 -4.95203e-05 0.000304184 -6.50553e-06 -4.95203e-05 0.00894783 -0.0164885 -4.82561e-05 0.000304184 -0.0164885 0.0817841 
0.00903883 -0.0166106 -5.7661e-06 -4.36714e-05 -0.0166106 0.0819629 -4.56068e-05 0.000299974 -5.7661e-06 -4.56068e-05 0.00898733 -0.0165265 -4.36714e-05 0.000299974 -0.0165265 0.0819281 
0.00900764 -0.016561 -1.02386e-05 -4.4558e-05 -0.016561 0.0818627 -4.57949e-05 0.000296445 -1.02386e-05 -4.57949e-05 0.00900823 -0.0165513 -4.4558e-05 0.000296445 -0.0165513 0.0819509 
0.00898594 -0.0165249 -3.17568e-06 -3.94672e-05 -0.0165249 0.0817759 -4.32682e-05 0.00029224 -3.17568e-06 -4.32682e-05 0.00903275 -0.0165881 -3.94672e-05 0.00029224 -0.0165881 0.0820503 
0.00896618 -0.0164779 4.95381e-06 -4.56941e-05 -0.0164779 0.0816073 -5.37049e-05 0.000302489 4.95381e-06 -5.37049e-05 0.00903094 -0.0166033 -4.56941e-05 0.000302489 -0.0166033 0.0820612 
0.00893501 -0.0164345 1.28602e-05 -5.48979e-05 -0.0164345 0.0814024 -6.43784e-05 0.000324124 1.28602e-05 -6.43784e-05 0.0090265 -0.0165804 -5.48979e-05 0.000324124 -0.0165804 0.0819573 
0.00893068 -0.0163903 1.20113e-05 -6.51533e-05 -0.0163903 0.0812221 -7.22714e-05 0.000346315 1.20113e-05 -7.22714e-05 0.00899693 -0.0165642 -6.51533e-05 0.000346315 -0.0165642 0.0818459 
0.00894744 -0.0164102 7.3225e-06 -6.85543e-05 -0.0164102 0.0812588 -6.95992e-05 0.000357489 7.3225e-06 -6.95992e-05 0.00897976 -0.0165529 -6.85543e-05 0.000357489 -0.0165529 0.0818599 
0.00895382 -0.0164241 -1.03473e-06 -6.64293e-05 -0.0164241 0.0812717 -6.0456e-05 0.000351496 -1.03473e-06 -6.0456e-05 0.00896558 -0.0165169 -6.64293e-05 0.000351496 -0.0165169 0.0817636 
0.00896762 -0.016456 -3.47065e-06 -5.63444e-05 -0.016456 0.0814099 -4.65729e-05 0.000327325 -3.47065e-06 -4.65729e-05 0.00896889 -0.0165219 -5.63444e-05 0.000327325 -0.0165219 0.0818055 
0.00898094 -0.0164653 -1.20586e-05 -5.04647e-05 -0.0164653 0.0814586 -4.42808e-05 0.000308284 -1.20586e-05 -4.42808e-05 0.00896049 -0.0165198 -5.04647e-05 0.000308284 -0.0165198 0.0818044 
0.00901037 -0.0165016 -2.36842e-05 -3.54648e-05 -0.0165016 0.0815979 -3.80405e-05 0.000285065 -2.36842e-05 -3.80405e-05 0.00896614 -0.0165261 -3.54648e-05 0.000285065 -0.0165261 0.0818782 
0.00900329 -0.016502 -2.73664e-05 -1.70526e-05 -0.016502 0.0815377 -2.69921e-05 0.000250433 -2.73664e-05 -2.69921e-05 0.0089598 -0.0164928 -1.70526e-05 0.000250433 -0.0164928 0.0817291 
0.00899359 -0.0165113 -1.13672e-05 -1.19033e-05 -0.0165113 0.081576 -2.4719e-05 0.000231611 -1.13672e-05 -2.4719e-05 0.00897413 -0.0164967 -1.19033e-05 0.000231611 -0.0164967 0.0817106 
0.0089931 -0.016504 6.37028e-06 -3.37053e-05 -0.016504 0.0815913 -4.41354e-05 0.000258388 6.37028e-06 -4.41354e-05 0.00898069 -0.0165203 -3.37053e-05 0.000258388 -0.0165203 0.081757 
0.00898988 -0.0164824 2.08521e-05 -6.31442e-05 -0.0164824 0.0814969 -6.66703e-05 0.000320708 2.08521e-05 -6.66703e-05 0.00896688 -0.0165146 -6.31442e-05 0.000320708 -0.0165146 0.0817142 
0.00899765 -0.0164721 1.97586e-05 -8.6923e-05 -0.0164721 0.0814232 -8.26086e-05 0.000381622 1.97586e-05 -8.26086e-05 0.00894939 -0.0164987 -8.6923e-05 0.000381622 -0.0164987 0.0816622 
0.00901994 -0.016527 1.97461e-06 -8.8206e-05 -0.016527 0.0816256 -8.05755e-05 0.000406708 1.97461e-06 -8.05755e-05 0.00896555 -0.0165204 -8.8206e-05 0.000406708 -0.0165204 0.0818174 
0.00901775 -0.016551 -2.00584e-05 -6.46629e-05 -0.016551 0.0817398 -5.73183e-05 0.000376249 -2.00584e-05 -5.73183e-05 0.00897935 -0.0165313 -6.46629e-05 0.000376249 -0.0165313 0.0818796 
0.00901312 -0.0165473 -3.62249e-05 -3.37106e-05 -0.0165473 0.0817811 -2.55538e-05 0.000305421 -3.62249e-05 -2.55538e-05 0.0089956 -0.0165485 -3.37106e-05 0.000305421 -0.0165485 0.0819359 
0.00899793 -0.0165065 -4.44625e-05 -1.16183e-05 -0.0165065 0.0816244 -5.54232e-07 0.000232168 -4.44625e-05 -5.54232e-07 0.00899473 -0.0165418 -1.16183e-05 0.000232168 -0.0165418 0.081857 
0.00900893 -0.016522 -4.14753e-05 -5.84533e-07 -0.016522 0.0816995 9.52795e-06 0.000185876 -4.14753e-05 9.52795e-06 0.0090125 -0.0165821 -5.84533e-07 0.000185876 -0.0165821 0.082017 
0.00902498 -0.0165517 -4.53193e-05 -2.22695e-06 -0.0165517 0.0818386 3.27604e-06 0.000176644 -4.53193e-05 3.27604e-06 0.00902968 -0.0166233 -2.22695e-06 0.000176644 -0.0166233 0.0822139 
0.0090656 -0.0166188 -3.99842e-05 3.81043e-06 -0.0166188 0.0821716 2.21697e-06 0.000175637 -3.99842e-05 2.21697e-06 0.00906771 -0.0166952 3.81043e-06 0.000175637 -0.0166952 0.0825813 
0.00911906 -0.0166973 -5.02284e-05 -1.29903e-07 -0.0166973 0.0825476 -5.54841e-06 0.000182526 -5.02284e-05 -5.54841e-06 0.00909807 -0.016773 -1.29903e-07 0.000182526 -0.016773 0.0829748 
0.00914423 -0.0167344 -4.30743e-05 8.97168e-06 -0.0167344 0.0826878 4.84821e-06 0.000174819 -4.30743e-05 4.84821e-06 0.00910462 -0.0167842 8.97168e-06 0.000174819 -0.0167842 0.0830835 
0.00913986 -0.0167407 -2.28913e-05 -2.53292e-06 -0.0167407 0.0826814 -3.509e-06 0.000185862 -2.28913e-05 -3.509e-06 0.00910983 -0.0167665 -2.53292e-06 0.000185862 -0.0167665 0.0830226 
0.00912807 -0.0167274 -9.57891e-06 -2.98524e-05 -0.0167274 0.0826289 -2.9377e-05 0.000237567 -9.57891e-06 -2.9377e-05 0.00912013 -0.0167635 -2.98524e-05 0.000237567 -0.0167635 0.0829625 
0.00912622 -0.016696 1.71968e-06 -4.84176e-05 -0.016696 0.0825 -4.79855e-05 0.00029486 1.71968e-06 -4.79855e-05 0.00911379 -0.0167641 -4.84176e-05 0.00029486 -0.0167641 0.082893 
0.00913173 -0.0166989 1.38839e-05 -6.46973e-05 -0.0166989 0.0824646 -6.34163e-05 0.000343969 1.38839e-05 -6.34163e-05 0.0090997 -0.0167675 -6.46973e-05 0.000343969 -0.0167675 0.0828988 
0.00914259 -0.0167489 1.72122e-05 -8.11562e-05 -0.0167489 0.0826728 -7.9363e-05 0.00039134 1.72122e-05 -7.9363e-05 0.00911975 -0.0167944 -8.11562e-05 0.00039134 -0.0167944 0.0830861 
0.00916856 -0.0168076 1.86922e-05 -8.66017e-05 -0.0168076 0.0830109 -8.37553e-05 0.000420511 1.86922e-05 -8.37553e-05 0.0091488 -0.0168611 -8.66017e-05 0.000420511 -0.0168611 0.0834189 
0.00917979 -0.0168354 1.99928e-06 -8.66784e-05 -0.0168354 0.0831943 -8.44567e-05 0.000429043 1.99928e-06 -8.44567e-05 0.0091727 -0.0168911 -8.66784e-05 0.000429043 -0.0168911 0.0836092 
0.00915995 -0.0167977 -4.86515e-06 -6.54213e-05 -0.0167977 0.0830498 -6.47896e-05 0.000399052 -4.86515e-06 -6.47896e-05 0.00917486 -0.0168648 -6.54213e-05 0.000399052 -0.0168648 0.0834774 
0.00912819 -0.0167424 -7.29247e-06 -5.4476e-05 -0.0167424 0.0827969 -5.48155e-05 0.000364469 -7.29247e-06 -5.48155e-05 0.00916629 -0.0168342 -5.4476e-05 0.000364469 -0.0168342 0.0832648 
0.00908759 -0.0166642 -6.73416e-06 -5.18328e-05 -0.0166642 0.0824257 -5.2744e-05 0.000348326 -6.73416e-06 -5.2744e-05 0.00913771 -0.0167827 -5.18328e-05 0.000348326 -0.0167827 0.0829497 
0.00909673 -0.0166455 -2.18502e-06 -5.10146e-05 -0.0166455 0.0823307 -5.41082e-05 0.00034432 -2.18502e-06 -5.41082e-05 0.0091135 -0.0167791 -5.10146e-05 0.00034432 -0.0167791 0.0829016 
0.00912718 -0.0166623 4.7858e-06 -5.62975e-05 -0.0166623 0.0823353 -5.91245e-05 0.00035062 4.7858e-06 -5.91245e-05 0.00907853 -0.01676 -5.62975e-05 0.00035062 -0.01676 0.0828739 
0.00914965 -0.0167018 -3.08129e-06 -6.63602e-05 -0.0167018 0.0824053 -6.63806e-05 0.000367342 -3.08129e-06 -6.63806e-05 0.00905694 -0.0167178 -6.63602e-05 0.000367342 -0.0167178 0.0827925 
0.00915769 -0.0167447 4.71765e-07 -5.69794e-05 -0.0167447 0.0825501 -5.28754e-05 0.000355189 4.71765e-07 -5.28754e-05 0.00905927 -0.0167034 -5.69794e-05 0.000355189 -0.0167034 0.0827733 
