0.0061385 0 -4.93556e-06 0 0 0.00875792 0 0 -4.93556e-06 0 0.0062004 0 0 0 0 0.00875792 
0.00939772 -0.0116677 -4.42964e-06 5.01423e-06 -0.0116677 0.031034 5.01423e-06 -9.42407e-06 -4.42964e-06 5.01423e-06 0.00945261 -0.0117294 5.01423e-06 -9.42407e-06 -0.0117294 0.0311523 
0.00969381 -0.018109 4.57469e-06 -8.56794e-06 -0.018109 0.0667788 -8.56794e-06 3.14085e-05 4.57469e-06 -8.56794e-06 0.00968174 -0.017979 -8.56794e-06 3.14085e-05 -0.017979 0.0663051 
0.00917708 -0.0178813 7.57644e-06 -3.72254e-05 -0.0178813 0.0803329 -3.27637e-05 0.000158589 7.57644e-06 -3.27637e-05 0.00913773 -0.0175003 -3.72254e-05 0.000158589 -0.0175003 0.0784003 
0.0088484 -0.0167003 -9.61364e-06 -4.18033e-05 -0.0167003 0.0809492 -3.38298e-05 0.00021764 -9.61364e-06 -3.38298e-05 0.00880955 -0.0163456 -4.18033e-05 0.00021764 -0.0163456 0.0785762 
0.00863566 -0.0160294 -9.01513e-06 -1.57331e-05 -0.0160294 0.0791015 -8.84292e-06 0.000166955 -9.01513e-06 -8.84292e-06 0.00863753 -0.0157717 -1.57331e-05 0.000166955 -0.0157717 0.0771679 
0.00838774 -0.0154813 -1.48143e-06 -7.99755e-06 -0.0154813 0.0766292 -2.10406e-06 0.000105026 -1.48143e-06 -2.10406e-06 0.00841111 -0.0153245 -7.99755e-06 0.000105026 -0.0153245 0.0752677 
0.00815817 -0.0150216 -1.91262e-07 -1.26751e-05 -0.0150216 0.0743727 -1.07044e-05 8.57941e-05 -1.91262e-07 -1.07044e-05 0.00818013 -0.0149061 -1.26751e-05 8.57941e-05 -0.0149061 0.0733779 
0.00955881 -0.0176134 5.83311e-06 -1.6635e-05 -0.0176134 0.0871498 -1.7809e-05 0.000102526 5.83311e-06 -1.7809e-05 0.00960125 -0.0174709 -1.6635e-05 0.000102526 -0.0174709 0.0861244 
0.00941931 -0.0173529 4.03431e-06 -2.56418e-05 -0.0173529 0.0858592 -2.5915e-05 0.000116338 4.03431e-06 -2.5915e-05 0.00946913 -0.0172251 -2.56418e-05 0.000116338 -0.0172251 0.0848988 
0.0093205 -0.0171849 6.462e-06 -2.39681e-05 -0.0171849 0.0850055 -2.3301e-05 0.000120803 6.462e-06 -2.3301e-05 0.0093865 -0.0170659 -2.39681e-05 0.000120803 -0.0170659 0.084079 
0.00929724 -0.0170963 1.5351e-05 -2.62631e-05 -0.0170963 0.0845745 -2.73634e-05 0.000126186 1.5351e-05 -2.73634e-05 0.00931501 -0.0169957 -2.62631e-05 0.000126186 -0.0169957 0.0836833 
0.00927062 -0.0170686 1.65488e-05 -3.61574e-05 -0.0170686 0.084326 -3.9735e-05 0.000146893 1.65488e-05 -3.9735e-05 0.00927099 -0.0169105 -3.61574e-05 0.000146893 -0.0169105 0.0833638 
0.00927391 -0.0170833 2.69858e-06 -3.96252e-05 -0.0170833 0.0843851 -4.28466e-05 0.000164457 2.69858e-06 -4.28466e-05 0.00925529 -0.0168979 -3.96252e-05 0.000164457 -0.0168979 0.083329 
0.00926911 -0.0170753 9.57541e-07 -2.35682e-05 -0.0170753 0.0843487 -2.42753e-05 0.000143357 9.57541e-07 -2.42753e-05 0.00923413 -0.0168678 -2.35682e-05 0.000143357 -0.0168678 0.0832281 
0.00923727 -0.0170318 -4.58698e-07 -2.2429e-05 -0.0170318 0.0841386 -1.71922e-05 0.000121608 -4.58698e-07 -1.71922e-05 0.00922623 -0.0168109 -2.2429e-05 0.000121608 -0.0168109 0.0829847 
0.00921399 -0.0169827 -2.14223e-06 -2.21655e-05 -0.0169827 0.0839309 -1.36699e-05 0.000111379 -2.14223e-06 -1.36699e-05 0.00921733 -0.0167947 -2.21655e-05 0.000111379 -0.0167947 0.0828238 
0.00922808 -0.0170048 8.85576e-06 -1.85146e-05 -0.0170048 0.0840416 -1.30615e-05 0.000105275 8.85576e-06 -1.30615e-05 0.00923271 -0.0168419 -1.85146e-05 0.000105275 -0.0168419 0.0830124 
0.00922676 -0.0170136 2.83323e-05 -3.12012e-05 -0.0170136 0.0840757 -2.78078e-05 0.000124322 2.83323e-05 -2.78078e-05 0.00923793 -0.0168534 -3.12012e-05 0.000124322 -0.0168534 0.0830861 
0.00923367 -0.0170314 3.31641e-05 -5.52892e-05 -0.0170314 0.0841905 -5.45157e-05 0.000176802 3.31641e-05 -5.45157e-05 0.00925012 -0.0168838 -5.52892e-05 0.000176802 -0.0168838 0.0832384 
0.0092379 -0.0170043 2.09735e-05 -6.24673e-05 -0.0170043 0.0840861 -6.27904e-05 0.000215581 2.09735e-05 -6.27904e-05 0.00923892 -0.0168691 -6.24673e-05 0.000215581 -0.0168691 0.083182 
0.00925421 -0.0170482 1.32742e-05 -4.70013e-05 -0.0170482 0.084238 -4.79729e-05 0.000205355 1.32742e-05 -4.79729e-05 0.00926601 -0.0168934 -4.70013e-05 0.000205355 -0.0168934 0.0833242 
0.00927352 -0.0170823 6.85042e-06 -3.59759e-05 -0.0170823 0.0843982 -3.76798e-05 0.000178836 6.85042e-06 -3.76798e-05 0.00928858 -0.0169287 -3.59759e-05 0.000178836 -0.0169287 0.0834608 
0.00927356 -0.0170931 9.80194e-09 -2.62953e-05 -0.0170931 0.0844361 -3.02105e-05 0.00015394 9.80194e-09 -3.02105e-05 0.00928907 -0.0169386 -2.62953e-05 0.00015394 -0.0169386 0.083483 
0.00927271 -0.0170942 2.38076e-06 -1.76738e-05 -0.0170942 0.0844505 -2.05962e-05 0.000129187 2.38076e-06 -2.05962e-05 0.00927507 -0.0169335 -1.76738e-05 0.000129187 -0.0169335 0.0834708 
0.00927435 -0.0170896 7.56264e-06 -1.87637e-05 -0.0170896 0.0844382 -2.1883e-05 0.000118426 7.56264e-06 -2.1883e-05 0.00925917 -0.0169122 -1.87637e-05 0.000118426 -0.0169122 0.0834183 
0.00927623 -0.0170888 1.27727e-05 -2.36932e-05 -0.0170888 0.0844258 -2.89938e-05 0.00012328 1.27727e-05 -2.89938e-05 0.00924806 -0.0168895 -2.36932e-05 0.00012328 -0.0168895 0.0833508 
0.00927921 -0.0170984 8.85264e-06 -2.79772e-05 -0.0170984 0.0844635 -3.48286e-05 0.000131777 8.85264e-06 -3.48286e-05 0.00925345 -0.0168842 -2.79772e-05 0.000131777 -0.0168842 0.0833424 
0.00927516 -0.0171023 -5.16341e-07 -2.03706e-05 -0.0171023 0.0844861 -2.78091e-05 0.000120323 -5.16341e-07 -2.78091e-05 0.00926495 -0.016888 -2.03706e-05 0.000120323 -0.016888 0.0833435 
0.00928323 -0.0170981 -8.71961e-06 -7.01437e-06 -0.0170981 0.0844903 -1.59974e-05 9.09248e-05 -8.71961e-06 -1.59974e-05 0.00925639 -0.0169005 -7.01437e-06 9.09248e-05 -0.0169005 0.0833628 
0.00929937 -0.0171092 -6.80726e-06 4.98146e-06 -0.0171092 0.0845197 -4.04725e-06 5.6302e-05 -6.80726e-06 -4.04725e-06 0.00923913 -0.0168976 4.98146e-06 5.6302e-05 -0.0168976 0.0833878 
0.00930307 -0.0171304 1.48204e-06 2.01363e-06 -0.0171304 0.0845813 -5.28471e-06 4.37883e-05 1.48204e-06 -5.28471e-06 0.00924282 -0.0168841 2.01363e-06 4.37883e-05 -0.0168841 0.0833942 
0.0092992 -0.0171351 -2.57165e-06 -9.37454e-06 -0.0171351 0.0846196 -1.44118e-05 5.73988e-05 -2.57165e-06 -1.44118e-05 0.00924821 -0.0168892 -9.37454e-06 5.73988e-05 -0.0168892 0.0834077 
0.00926354 -0.0171087 -8.66203e-06 -7.20718e-06 -0.0171087 0.0845226 -9.57236e-06 6.15519e-05 -8.66203e-06 -9.57236e-06 0.00925909 -0.0168772 -7.20718e-06 6.15519e-05 -0.0168772 0.0833347 
0.00926276 -0.0170852 -9.39858e-06 -6.87703e-07 -0.0170852 0.0845148 -3.56041e-07 4.83145e-05 -9.39858e-06 -3.56041e-07 0.00926947 -0.0169145 -6.87703e-07 4.83145e-05 -0.0169145 0.083438 
0.00924467 -0.0170661 -1.11363e-05 -1.78525e-06 -0.0170661 0.0844232 -2.62927e-08 4.44502e-05 -1.11363e-05 -2.62927e-08 0.00927896 -0.0169141 -1.78525e-06 4.44502e-05 -0.0169141 0.0834391 
0.00922452 -0.0170298 -1.23341e-05 -1.23979e-06 -0.0170298 0.0842809 2.1233e-06 4.35226e-05 -1.23341e-05 2.1233e-06 0.00927307 -0.0169085 -1.23979e-06 4.35226e-05 -0.0169085 0.0833716 
0.00921139 -0.0169779 -7.30967e-06 -1.10636e-06 -0.0169779 0.0840416 6.01392e-06 3.99227e-05 -7.30967e-06 6.01392e-06 0.00924454 -0.0168721 -1.10636e-06 3.99227e-05 -0.0168721 0.0831866 
0.00919708 -0.0169552 1.02896e-05 -8.92574e-06 -0.0169552 0.0838713 3.25655e-07 4.88881e-05 1.02896e-05 3.25655e-07 0.00922697 -0.0168274 -8.92574e-06 4.88881e-05 -0.0168274 0.0829992 
0.00918284 -0.0169312 2.21638e-05 -3.0741e-05 -0.0169312 0.0837336 -2.36389e-05 9.05281e-05 2.21638e-05 -2.36389e-05 0.00921567 -0.0167981 -3.0741e-05 9.05281e-05 -0.0167981 0.0828371 
0.00919799 -0.0169544 1.45898e-05 -4.35195e-05 -0.0169544 0.0838429 -4.20342e-05 0.000136839 1.45898e-05 -4.20342e-05 0.00922753 -0.0168288 -4.35195e-05 0.000136839 -0.0168288 0.0829554 
0.00916722 -0.0169251 -4.57966e-06 -2.96746e-05 -0.0169251 0.0836757 -3.65327e-05 0.000140041 -4.57966e-06 -3.65327e-05 0.00923829 -0.0167927 -2.96746e-05 0.000140041 -0.0167927 0.0827842 
0.00917606 -0.0169354 -1.46095e-05 -9.6575e-07 -0.0169354 0.0837719 -1.06884e-05 8.88814e-05 -1.46095e-05 -1.06884e-05 0.0092575 -0.0168504 -9.6575e-07 8.88814e-05 -0.0168504 0.0829428 
0.00922131 -0.0169825 -1.85655e-05 1.34546e-05 -0.0169825 0.0840084 6.68998e-06 3.42101e-05 -1.85655e-05 6.68998e-06 0.0092697 -0.0169146 1.34546e-05 3.42101e-05 -0.0169146 0.083246 
0.00927839 -0.0170551 -1.07103e-05 1.2834e-05 -0.0170551 0.0842903 1.35782e-05 1.02046e-05 -1.07103e-05 1.35782e-05 0.00927646 -0.0169486 1.2834e-05 1.02046e-05 -0.0169486 0.0834934 
0.00932366 -0.0171442 -3.27396e-06 -6.88919e-07 -0.0171442 0.0846206 5.19457e-06 2.07757e-05 -3.27396e-06 5.19457e-06 0.00929174 -0.0169707 -6.88919e-07 2.07757e-05 -0.0169707 0.0836884 
0.00936777 -0.0172375 -4.54358e-06 -1.22083e-05 -0.0172375 0.0850375 -5.19468e-06 4.84929e-05 -4.54358e-06 -5.19468e-06 0.00932242 -0.0170189 -1.22083e-05 4.84929e-05 -0.0170189 0.0839587 
0.00939038 -0.0173182 -1.49771e-05 -1.08903e-05 -0.0173182 0.0854329 -5.91044e-06 6.15697e-05 -1.49771e-05 -5.91044e-06 0.00936993 -0.0170742 -1.08903e-05 6.15697e-05 -0.0170742 0.0842444 
0.00938822 -0.017301 -1.28415e-05 4.01309e-06 -0.017301 0.0854267 5.58237e-06 4.43187e-05 -1.28415e-05 5.58237e-06 0.00937233 -0.0170804 4.01309e-06 4.43187e-05 -0.0170804 0.0842231 
0.00940422 -0.0173247 -1.22085e-05 3.20549e-06 -0.0173247 0.0855498 4.06133e-06 3.46525e-05 -1.22085e-05 4.06133e-06 0.00937426 -0.0171079 3.20549e-06 3.46525e-05 -0.0171079 0.0843504 
0.00942415 -0.0173537 -5.1179e-06 -1.7427e-06 -0.0173537 0.0856891 2.07322e-06 4.17253e-05 -5.1179e-06 2.07322e-06 0.00938105 -0.017121 -1.7427e-06 4.17253e-05 -0.017121 0.0844625 
0.00941188 -0.0173354 1.61835e-06 -1.33292e-05 -0.0173354 0.0855842 -6.72806e-06 6.26791e-05 1.61835e-06 -6.72806e-06 0.00937684 -0.017084 -1.33292e-05 6.26791e-05 -0.017084 0.0843095 
0.00942728 -0.017347 -1.85587e-06 -2.2003e-05 -0.017347 0.0856383 -1.67013e-05 8.92665e-05 -1.85587e-06 -1.67013e-05 0.00938062 -0.0170979 -2.2003e-05 8.92665e-05 -0.0170979 0.0843363 
0.00945881 -0.0174135 -1.4816e-05 -1.78153e-05 -0.0174135 0.0859274 -1.51083e-05 9.79811e-05 -1.4816e-05 -1.51083e-05 0.00940495 -0.0171498 -1.78153e-05 9.79811e-05 -0.0171498 0.0845914 
0.00944456 -0.0174351 -2.14378e-05 1.93802e-07 -0.0174351 0.08604 2.03444e-06 7.04137e-05 -2.14378e-05 2.03444e-06 0.0094299 -0.0171634 1.93802e-07 7.04137e-05 -0.0171634 0.0846743 
0.00942034 -0.0173613 -1.66194e-05 1.05848e-05 -0.0173613 0.0857961 1.14638e-05 3.85352e-05 -1.66194e-05 1.14638e-05 0.00941792 -0.0171467 1.05848e-05 3.85352e-05 -0.0171467 0.0845206 
0.00941081 -0.0173154 -1.23726e-05 4.97002e-06 -0.0173154 0.0855623 4.21279e-06 3.69502e-05 -1.23726e-05 4.21279e-06 0.00939407 -0.0171224 4.97002e-06 3.69502e-05 -0.0171224 0.0843798 
0.00938437 -0.0172829 -2.27874e-06 -3.5202e-06 -0.0172829 0.0853364 -4.0731e-06 5.77896e-05 -2.27874e-06 -4.0731e-06 0.00936393 -0.0170715 -3.5202e-06 5.77896e-05 -0.0170715 0.0841589 
0.00936113 -0.017234 1.13072e-05 -1.95971e-05 -0.017234 0.0850993 -1.82385e-05 9.47171e-05 1.13072e-05 -1.82385e-05 0.00932064 -0.0170154 -1.95971e-05 9.47171e-05 -0.0170154 0.0839023 
0.00932787 -0.0171732 7.41852e-06 -3.9268e-05 -0.0171732 0.0847894 -3.60582e-05 0.000143551 7.41852e-06 -3.60582e-05 0.00927656 -0.0169345 -3.9268e-05 0.000143551 -0.0169345 0.0835598 
0.0092975 -0.0171041 6.11373e-07 -3.89718e-05 -0.0171041 0.0844462 -3.15811e-05 0.00016485 6.11373e-07 -3.15811e-05 0.00923146 -0.0168566 -3.89718e-05 0.00016485 -0.0168566 0.0831951 
0.0092761 -0.0170666 6.8793e-07 -2.93824e-05 -0.0170666 0.0842241 -2.07136e-05 0.00015213 6.8793e-07 -2.07136e-05 0.0092022 -0.0168024 -2.93824e-05 0.00015213 -0.0168024 0.0829457 
0.00928018 -0.0170982 5.32058e-06 -2.70672e-05 -0.0170982 0.0843634 -2.07626e-05 0.000141595 5.32058e-06 -2.07626e-05 0.00921568 -0.0168228 -2.70672e-05 0.000141595 -0.0168228 0.0830529 
0.00926982 -0.017099 6.73037e-06 -3.01483e-05 -0.017099 0.0844117 -2.7505e-05 0.000144501 6.73037e-06 -2.7505e-05 0.0092355 -0.016838 -3.01483e-05 0.000144501 -0.016838 0.0831173 
0.00927055 -0.0171036 5.40549e-06 -3.11774e-05 -0.0171036 0.0845035 -3.07086e-05 0.000151336 5.40549e-06 -3.07086e-05 0.00925664 -0.0168843 -3.11774e-05 0.000151336 -0.0168843 0.0832901 
0.00925853 -0.0170989 -2.42593e-06 -3.13911e-05 -0.0170989 0.0845279 -2.88942e-05 0.000153607 -2.42593e-06 -2.88942e-05 0.00927752 -0.0169128 -3.13911e-05 0.000153607 -0.0169128 0.0834169 
0.00922015 -0.017058 -1.01647e-05 -2.36599e-05 -0.017058 0.0844008 -1.87609e-05 0.000141399 -1.01647e-05 -1.87609e-05 0.00930047 -0.0169209 -2.36599e-05 0.000141399 -0.0169209 0.0834201 
0.00919353 -0.0169865 -5.56497e-06 -1.40874e-05 -0.0169865 0.0841596 -9.64298e-06 0.000120091 -5.56497e-06 -9.64298e-06 0.00929581 -0.0169309 -1.40874e-05 0.000120091 -0.0169309 0.0833712 
0.00918177 -0.0169213 -1.78579e-06 -1.6494e-05 -0.0169213 0.0838495 -1.69046e-05 0.000117912 -1.78579e-06 -1.69046e-05 0.00925391 -0.0169021 -1.6494e-05 0.000117912 -0.0169021 0.0832185 
0.00917503 -0.0168786 -8.66349e-07 -1.97955e-05 -0.0168786 0.0835541 -2.36648e-05 0.000128873 -8.66349e-07 -2.36648e-05 0.009195 -0.0168249 -1.97955e-05 0.000128873 -0.0168249 0.082933 
0.00916958 -0.0168874 2.82613e-06 -2.14721e-05 -0.0168874 0.0834876 -2.50883e-05 0.000136461 2.82613e-06 -2.50883e-05 0.00916926 -0.0167617 -2.14721e-05 0.000136461 -0.0167617 0.0827344 
0.00915833 -0.0168824 9.2588e-06 -2.71417e-05 -0.0168824 0.0834511 -2.70823e-05 0.000143876 9.2588e-06 -2.70823e-05 0.00915893 -0.0167288 -2.71417e-05 0.000143876 -0.0167288 0.0825887 
0.00916578 -0.0168894 1.20156e-05 -3.44952e-05 -0.0168894 0.0835091 -3.44559e-05 0.000158033 1.20156e-05 -3.44559e-05 0.00915387 -0.016738 -3.44952e-05 0.000158033 -0.016738 0.0826136 
0.00915717 -0.0168861 2.19254e-05 -3.52849e-05 -0.0168861 0.0834853 -3.78818e-05 0.000165612 2.19254e-05 -3.78818e-05 0.00914602 -0.0167218 -3.52849e-05 0.000165612 -0.0167218 0.0825683 
0.00914964 -0.0168983 2.44671e-05 -4.51403e-05 -0.0168983 0.0835746 -5.04196e-05 0.000182672 2.44671e-05 -5.04196e-05 0.00916213 -0.0167376 -4.51403e-05 0.000182672 -0.0167376 0.0826553 
0.00913938 -0.0168788 1.98402e-05 -4.70316e-05 -0.0168788 0.083555 -5.19745e-05 0.000190558 1.98402e-05 -5.19745e-05 0.00916768 -0.0167498 -4.70316e-05 0.000190558 -0.0167498 0.0826905 
0.00913024 -0.0168536 1.06779e-05 -3.72047e-05 -0.0168536 0.0834663 -4.07774e-05 0.000169624 1.06779e-05 -4.07774e-05 0.00916569 -0.0167457 -3.72047e-05 0.000169624 -0.0167457 0.0826682 
0.00912279 -0.0168194 7.84661e-06 -2.53138e-05 -0.0168194 0.0833037 -2.7521e-05 0.00013544 7.84661e-06 -2.7521e-05 0.00914769 -0.0167239 -2.53138e-05 0.00013544 -0.0167239 0.0825572 
0.00909321 -0.0167744 1.26863e-05 -2.34898e-05 -0.0167744 0.0830439 -2.34214e-05 0.000116426 1.26863e-05 -2.34214e-05 0.00913552 -0.016668 -2.34898e-05 0.000116426 -0.016668 0.0823037 
0.00908149 -0.0167571 1.50834e-05 -3.23609e-05 -0.0167571 0.0829588 -2.97334e-05 0.000124632 1.50834e-05 -2.97334e-05 0.00914387 -0.0166681 -3.23609e-05 0.000124632 -0.0166681 0.0822389 
0.00910622 -0.0167843 2.32925e-05 -3.87158e-05 -0.0167843 0.0830984 -3.43297e-05 0.000143577 2.32925e-05 -3.43297e-05 0.00916168 -0.016722 -3.87158e-05 0.000143577 -0.016722 0.0824358 
0.00911479 -0.0168023 2.22234e-05 -5.03821e-05 -0.0168023 0.0831475 -4.51449e-05 0.000169914 2.22234e-05 -4.51449e-05 0.00916998 -0.0167359 -5.03821e-05 0.000169914 -0.0167359 0.0825105 
0.00911301 -0.0168023 1.06809e-06 -5.0278e-05 -0.0168023 0.0831306 -4.59683e-05 0.000185416 1.06809e-06 -4.59683e-05 0.00916471 -0.0167322 -5.0278e-05 0.000185416 -0.0167322 0.0824891 
0.00908671 -0.0167637 -1.73212e-05 -2.37923e-05 -0.0167637 0.0829325 -2.33667e-05 0.000154945 -1.73212e-05 -2.33667e-05 0.00914365 -0.0166875 -2.37923e-05 0.000154945 -0.0166875 0.0822773 
0.00909372 -0.0167663 -2.51379e-05 2.20738e-06 -0.0167663 0.082963 2.37311e-07 9.62599e-05 -2.51379e-05 2.37311e-07 0.00914142 -0.016697 2.20738e-06 9.62599e-05 -0.016697 0.0823105 
0.0091236 -0.0168282 -3.23061e-05 1.24847e-05 -0.0168282 0.0832514 1.02463e-05 5.4893e-05 -3.23061e-05 1.02463e-05 0.00917168 -0.0167486 1.24847e-05 5.4893e-05 -0.0167486 0.082587 
0.00915597 -0.0168825 -2.66162e-05 2.18682e-05 -0.0168825 0.0835227 2.00952e-05 2.66707e-05 -2.66162e-05 2.00952e-05 0.0092024 -0.0167969 2.18682e-05 2.66707e-05 -0.0167969 0.0828329 
0.00919468 -0.0169624 -1.99124e-05 1.61086e-05 -0.0169624 0.0839014 1.37657e-05 2.34895e-05 -1.99124e-05 1.37657e-05 0.00925295 -0.0168685 1.61086e-05 2.34895e-05 -0.0168685 0.0831789 
0.00921751 -0.0170246 -5.50302e-06 6.04173e-06 -0.0170246 0.0842179 3.56368e-06 4.20906e-05 -5.50302e-06 3.56368e-06 0.00929845 -0.0169391 6.04173e-06 4.20906e-05 -0.0169391 0.0834843 
0.00922676 -0.0170429 7.81572e-06 -1.36343e-05 -0.0170429 0.0843581 -1.53171e-05 8.29483e-05 7.81572e-06 -1.53171e-05 0.00932577 -0.0169843 -1.36343e-05 8.29483e-05 -0.0169843 0.0836624 
0.00922927 -0.017001 2.02542e-05 -3.17835e-05 -0.017001 0.0841775 -3.26856e-05 0.00013022 2.02542e-05 -3.26856e-05 0.00929467 -0.016963 -3.17835e-05 0.00013022 -0.016963 0.0835295 
0.00926116 -0.0170305 1.30682e-05 -4.70398e-05 -0.0170305 0.0842318 -4.6579e-05 0.000170393 1.30682e-05 -4.6579e-05 0.00927398 -0.0169501 -4.70398e-05 0.000170393 -0.0169501 0.0835349 
0.00929452 -0.0170968 4.02112e-06 -4.09096e-05 -0.0170968 0.0844506 -4.05807e-05 0.000180521 4.02112e-06 -4.05807e-05 0.00927812 -0.0169459 -4.09096e-05 0.000180521 -0.0169459 0.0836022 
0.00933299 -0.0171701 -6.18785e-06 -2.9069e-05 -0.0171701 0.084765 -2.89041e-05 0.00016227 -6.18785e-06 -2.89041e-05 0.00929099 -0.0169727 -2.9069e-05 0.00016227 -0.0169727 0.0837574 
0.00935611 -0.0172225 -2.02071e-05 -1.59285e-05 -0.0172225 0.0849963 -1.44477e-05 0.000130693 -2.02071e-05 -1.44477e-05 0.00930279 -0.0169889 -1.59285e-05 0.000130693 -0.0169889 0.0838647 
0.00936962 -0.0172253 -2.37463e-05 1.15667e-06 -0.0172253 0.0850163 3.56785e-06 9.05589e-05 -2.37463e-05 3.56785e-06 0.00929266 -0.016976 1.15667e-06 9.05589e-05 -0.016976 0.0838085 
0.00937599 -0.0172267 -1.86102e-05 3.88619e-06 -0.0172267 0.0849726 6.48184e-06 7.11521e-05 -1.86102e-05 6.48184e-06 0.00927599 -0.0169475 3.88619e-06 7.11521e-05 -0.0169475 0.0836897 
0.00936133 -0.0172235 -3.61708e-06 -1.5516e-06 -0.0172235 0.0849048 -2.13518e-06 7.87166e-05 -3.61708e-06 -2.13518e-06 0.00927563 -0.016913 -1.5516e-06 7.87166e-05 -0.016913 0.083537 
0.00936328 -0.0172538 4.17713e-06 -1.75634e-05 -0.0172538 0.085077 -2.24485e-05 0.000112871 4.17713e-06 -2.24485e-05 0.00929746 -0.0169554 -1.75634e-05 0.000112871 -0.0169554 0.0836823 
0.00937431 -0.0172714 -3.24886e-06 -2.74826e-05 -0.0172714 0.0852347 -3.19911e-05 0.000144102 -3.24886e-06 -3.19911e-05 0.00930862 -0.017002 -2.74826e-05 0.000144102 -0.017002 0.0838849 
0.00936521 -0.0172581 -5.9314e-06 -1.764e-05 -0.0172581 0.0852001 -1.88835e-05 0.000135015 -5.9314e-06 -1.88835e-05 0.00931026 -0.0169926 -1.764e-05 0.000135015 -0.0169926 0.0838855 
0.00935702 -0.0172435 -1.13864e-05 -1.51567e-05 -0.0172435 0.0851548 -1.14186e-05 0.00011546 -1.13864e-05 -1.14186e-05 0.00931317 -0.0169898 -1.51567e-05 0.00011546 -0.0169898 0.0838666 
0.00934754 -0.017194 -7.3654e-06 -1.02702e-05 -0.017194 0.0849328 -3.38981e-06 9.73802e-05 -7.3654e-06 -3.38981e-06 0.00928502 -0.016958 -1.02702e-05 9.73802e-05 -0.016958 0.0836893 
0.00932937 -0.0171923 3.39555e-07 -1.68309e-05 -0.0171923 0.0848695 -7.26583e-06 9.78889e-05 3.39555e-07 -7.26583e-06 0.00928906 -0.0169379 -1.68309e-05 9.78889e-05 -0.0169379 0.0836224 
0.00930775 -0.0171957 -3.39184e-06 -2.45738e-05 -0.0171957 0.0849353 -1.68088e-05 0.000112489 -3.39184e-06 -1.68088e-05 0.00933142 -0.0169689 -2.45738e-05 0.000112489 -0.0169689 0.0837248 
0.00927956 -0.0170954 -3.83873e-06 -1.69017e-05 -0.0170954 0.0845621 -1.57269e-05 0.000113596 -3.83873e-06 -1.57269e-05 0.00931024 -0.0169528 -1.69017e-05 0.000113596 -0.0169528 0.083514 
0.00929176 -0.017083 3.81409e-06 -1.23943e-05 -0.017083 0.08445 -1.83624e-05 0.000109531 3.81409e-06 -1.83624e-05 0.00929141 -0.0169563 -1.23943e-05 0.000109531 -0.0169563 0.0835143 
0.00929828 -0.0171036 1.58701e-05 -1.86075e-05 -0.0171036 0.0844533 -3.02726e-05 0.000121118 1.58701e-05 -3.02726e-05 0.00928834 -0.0169394 -1.86075e-05 0.000121118 -0.0169394 0.0834953 
0.00931264 -0.0171324 1.85227e-05 -3.21095e-05 -0.0171324 0.0845649 -4.39357e-05 0.000147236 1.85227e-05 -4.39357e-05 0.00928695 -0.0169508 -3.21095e-05 0.000147236 -0.0169508 0.0835525 
0.00933333 -0.0171901 1.65048e-05 -3.92676e-05 -0.0171901 0.0848317 -4.77687e-05 0.000170092 1.65048e-05 -4.77687e-05 0.00930577 -0.0169864 -3.92676e-05 0.000170092 -0.0169864 0.0837617 
0.0093331 -0.0171958 1.11027e-05 -4.05627e-05 -0.0171958 0.0848909 -4.43692e-05 0.000178176 1.11027e-05 -4.43692e-05 0.00929981 -0.0169845 -4.05627e-05 0.000178176 -0.0169845 0.0837774 
0.00929541 -0.0171575 8.25155e-07 -3.64483e-05 -0.0171575 0.0847276 -3.64277e-05 0.00017165 8.25155e-07 -3.64277e-05 0.00929531 -0.0169367 -3.64483e-05 0.00017165 -0.0169367 0.0835812 
0.00926019 -0.0170899 -9.4235e-06 -2.60095e-05 -0.0170899 0.0844811 -2.25778e-05 0.00014917 -9.4235e-06 -2.25778e-05 0.00928873 -0.016912 -2.60095e-05 0.00014917 -0.016912 0.0833882 
0.00923127 -0.0170312 -1.17679e-05 -1.49675e-05 -0.0170312 0.0842284 -7.14759e-06 0.000117225 -1.17679e-05 -7.14759e-06 0.00928058 -0.0168943 -1.49675e-05 0.000117225 -0.0168943 0.0832392 
0.00921155 -0.0169944 7.3447e-06 -1.16484e-05 -0.0169944 0.0840585 -2.52124e-06 9.69071e-05 7.3447e-06 -2.52124e-06 0.00928079 -0.01689 -1.16484e-05 9.69071e-05 -0.01689 0.0831744 
0.00922656 -0.0169827 1.78746e-05 -3.44678e-05 -0.0169827 0.0840108 -2.72547e-05 0.000127843 1.78746e-05 -2.72547e-05 0.00926878 -0.0169081 -3.44678e-05 0.000127843 -0.0169081 0.0832207 
0.00926557 -0.0170375 1.68191e-05 -5.12698e-05 -0.0170375 0.0842009 -4.58445e-05 0.000180434 1.68191e-05 -4.58445e-05 0.00926849 -0.0169351 -5.12698e-05 0.000180434 -0.0169351 0.083413 
0.00930742 -0.0171088 5.06336e-06 -5.01087e-05 -0.0171088 0.0844702 -4.66939e-05 0.000203868 5.06336e-06 -4.66939e-05 0.00926664 -0.016952 -5.01087e-05 0.000203868 -0.016952 0.0835835 
0.00933194 -0.0171618 2.37831e-07 -3.44719e-05 -0.0171618 0.0846675 -3.41196e-05 0.000189021 2.37831e-07 -3.41196e-05 0.00926136 -0.0169378 -3.44719e-05 0.000189021 -0.0169378 0.0836138 
0.00934815 -0.0172055 7.12175e-06 -2.74048e-05 -0.0172055 0.0848594 -2.77399e-05 0.000169463 7.12175e-06 -2.77399e-05 0.00927099 -0.0169323 -2.74048e-05 0.000169463 -0.0169323 0.0836396 
0.00933111 -0.0171887 2.83541e-06 -3.74243e-05 -0.0171887 0.0847914 -3.4304e-05 0.000175713 2.83541e-06 -3.4304e-05 0.0092802 -0.0169052 -3.74243e-05 0.000175713 -0.0169052 0.0834864 
0.00929928 -0.0171802 -1.67792e-05 -3.59014e-05 -0.0171802 0.0847884 -3.01955e-05 0.000180506 -1.67792e-05 -3.01955e-05 0.00931511 -0.0169298 -3.59014e-05 0.000180506 -0.0169298 0.0835059 
0.00928349 -0.0171222 -1.92866e-05 -1.05832e-05 -0.0171222 0.0846443 -4.98504e-06 0.000140927 -1.92866e-05 -4.98504e-06 0.00930979 -0.0169675 -1.05832e-05 0.000140927 -0.0169675 0.0835449 
0.00926508 -0.0171146 -2.34035e-05 4.49003e-07 -0.0171146 0.0846216 1.74375e-06 9.99087e-05 -2.34035e-05 1.74375e-06 0.00932818 -0.0169895 4.49003e-07 9.99087e-05 -0.0169895 0.0836783 
0.00925318 -0.0170648 -2.37779e-05 1.02873e-05 -0.0170648 0.0844555 5.69608e-06 7.1641e-05 -2.37779e-05 5.69608e-06 0.00931648 -0.0169901 1.02873e-05 7.1641e-05 -0.0169901 0.0836544 
0.0092378 -0.0170223 -1.69514e-05 1.17219e-05 -0.0170223 0.0842248 4.55933e-06 5.92699e-05 -1.69514e-05 4.55933e-06 0.00928488 -0.0169495 1.17219e-05 5.92699e-05 -0.0169495 0.0834931 
0.00923998 -0.0170099 -2.30461e-06 2.99684e-06 -0.0170099 0.0841266 -4.13566e-06 6.82205e-05 -2.30461e-06 -4.13566e-06 0.00925545 -0.0169131 2.99684e-06 6.82205e-05 -0.0169131 0.0833728 
0.00922344 -0.016999 1.72719e-06 -1.4817e-05 -0.016999 0.0840087 -2.24481e-05 0.000100682 1.72719e-06 -2.24481e-05 0.00923305 -0.0168519 -1.4817e-05 0.000100682 -0.0168519 0.0831481 
0.00921184 -0.016992 1.59046e-05 -2.03766e-05 -0.016992 0.0839893 -2.8495e-05 0.000125881 1.59046e-05 -2.8495e-05 0.00923179 -0.0168369 -2.03766e-05 0.000125881 -0.0168369 0.0830625 
0.00918642 -0.0169565 1.36265e-05 -3.42524e-05 -0.0169565 0.0838511 -4.30757e-05 0.000151997 1.36265e-05 -4.30757e-05 0.00922539 -0.0168156 -3.42524e-05 0.000151997 -0.0168156 0.0829278 
0.00915916 -0.0169013 9.75198e-06 -3.26381e-05 -0.0169013 0.0836223 -3.79724e-05 0.000157555 9.75198e-06 -3.79724e-05 0.00920586 -0.0167882 -3.26381e-05 0.000157555 -0.0167882 0.0827547 
0.00914428 -0.0168691 -4.56453e-07 -3.04226e-05 -0.0168691 0.0834772 -3.16013e-05 0.000148615 -4.56453e-07 -3.16013e-05 0.00919414 -0.0167729 -3.04226e-05 0.000148615 -0.0167729 0.0826717 
0.00916772 -0.0168768 -9.10243e-06 -1.94457e-05 -0.0168768 0.0835145 -1.96894e-05 0.000128338 -9.10243e-06 -1.96894e-05 0.00917673 -0.0167884 -1.94457e-05 0.000128338 -0.0167884 0.0827502 
0.00919141 -0.016914 -7.92068e-06 -9.72953e-06 -0.016914 0.0836197 -7.29824e-06 0.000101141 -7.92068e-06 -7.29824e-06 0.00916505 -0.0167767 -9.72953e-06 0.000101141 -0.0167767 0.0827989 
0.00920308 -0.016942 -9.41602e-06 -1.06918e-05 -0.016942 0.0837055 -6.84339e-06 8.86348e-05 -9.41602e-06 -6.84339e-06 0.00916153 -0.0167561 -1.06918e-05 8.86348e-05 -0.0167561 0.0827705 
0.00922573 -0.0169867 -6.98244e-06 -8.41969e-06 -0.0169867 0.0839116 -6.21167e-06 8.44442e-05 -6.98244e-06 -6.21167e-06 0.00917206 -0.0167783 -8.41969e-06 8.44442e-05 -0.0167783 0.0828877 
0.00920898 -0.0169917 3.97201e-06 -7.6773e-06 -0.0169917 0.0839274 -1.06274e-05 8.44096e-05 3.97201e-06 -1.06274e-05 0.00918135 -0.016763 -7.6773e-06 8.44096e-05 -0.016763 0.0828358 
0.00920781 -0.0170034 1.88283e-05 -1.78718e-05 -0.0170034 0.0840602 -2.4128e-05 0.000100405 1.88283e-05 -2.4128e-05 0.00921295 -0.0168055 -1.78718e-05 0.000100405 -0.0168055 0.0829873 
0.00919765 -0.0169867 2.38714e-05 -3.38926e-05 -0.0169867 0.0840436 -4.06818e-05 0.000130903 2.38714e-05 -4.06818e-05 0.00922748 -0.0168301 -3.38926e-05 0.000130903 -0.0168301 0.0830525 
0.00916775 -0.0169364 1.9175e-05 -4.02303e-05 -0.0169364 0.0838417 -4.62237e-05 0.000152848 1.9175e-05 -4.62237e-05 0.00922696 -0.016818 -4.02303e-05 0.000152848 -0.016818 0.0829566 
0.00916782 -0.0169135 1.57478e-05 -3.40798e-05 -0.0169135 0.0837659 -3.90236e-05 0.000147811 1.57478e-05 -3.90236e-05 0.00922249 -0.0168322 -3.40798e-05 0.000147811 -0.0168322 0.0829814 
0.00918656 -0.0169239 2.32385e-05 -2.80433e-05 -0.0169239 0.0837877 -3.26153e-05 0.000129754 2.32385e-05 -3.26153e-05 0.00921147 -0.0168395 -2.80433e-05 0.000129754 -0.0168395 0.0830427 
0.00919123 -0.0169324 2.28067e-05 -3.59414e-05 -0.0169324 0.0837624 -4.06653e-05 0.000132174 2.28067e-05 -4.06653e-05 0.00919581 -0.0168077 -3.59414e-05 0.000132174 -0.0168077 0.0829595 
0.00920285 -0.016956 1.15657e-05 -3.51667e-05 -0.016956 0.0838478 -4.06223e-05 0.000134618 1.15657e-05 -4.06223e-05 0.00920004 -0.0168035 -3.51667e-05 0.000134618 -0.0168035 0.0829645 
0.00920914 -0.0169769 -4.64364e-06 -2.19692e-05 -0.0169769 0.0839425 -2.76951e-05 0.000114308 -4.64364e-06 -2.76951e-05 0.00921477 -0.0168181 -2.19692e-05 0.000114308 -0.0168181 0.0830218 
0.0092025 -0.0169599 1.15668e-06 -2.7828e-06 -0.0169599 0.0838765 -5.77214e-06 7.09324e-05 1.15668e-06 -5.77214e-06 0.00921753 -0.0168163 -2.7828e-06 7.09324e-05 -0.0168163 0.0829766 
0.00919701 -0.0169749 6.66391e-06 -8.90931e-06 -0.0169749 0.0839451 -7.66643e-06 5.33587e-05 6.66391e-06 -7.66643e-06 0.00924181 -0.0168433 -8.90931e-06 5.33587e-05 -0.0168433 0.083078 
0.00917944 -0.0169363 3.40481e-07 -1.90583e-05 -0.0169363 0.0838074 -1.40025e-05 6.47726e-05 3.40481e-07 -1.40025e-05 0.00924243 -0.0168419 -1.90583e-05 6.47726e-05 -0.0168419 0.0830139 
0.00919358 -0.0169263 -9.23217e-06 -1.65805e-05 -0.0169263 0.083772 -7.44871e-06 6.6726e-05 -9.23217e-06 -7.44871e-06 0.00923154 -0.0168604 -1.65805e-05 6.6726e-05 -0.0168604 0.0830644 
0.00921406 -0.0169644 -1.10731e-05 -5.30125e-06 -0.0169644 0.083877 3.32591e-06 5.06295e-05 -1.10731e-05 3.32591e-06 0.00923908 -0.0168607 -5.30125e-06 5.06295e-05 -0.0168607 0.0831364 
