0.00616657 0 4.8205e-05 0 0 0.00877215 0 0 4.8205e-05 0 0.00618801 0 0 0 0 0.00877215 
0.00943209 -0.0117094 5.82484e-05 -6.93541e-05 -0.0117094 0.0311254 -6.93541e-05 0.000132649 5.82484e-05 -6.93541e-05 0.00943683 -0.0117108 -6.93541e-05 0.000132649 -0.0117108 0.0311276 
0.00972602 -0.0181633 4.96653e-05 -7.20501e-06 -0.0181633 0.0669681 -7.20501e-06 -3.65296e-07 4.96653e-05 -7.20501e-06 0.00968756 -0.018007 -7.20501e-06 -3.65296e-07 -0.018007 0.0664243 
0.00916666 -0.017812 2.22988e-05 7.92011e-05 -0.017812 0.0799982 7.58929e-05 -0.000542038 2.22988e-05 7.58929e-05 0.00911185 -0.0174888 7.92011e-05 -0.000542038 -0.0174888 0.0784026 
0.0088893 -0.0167861 1.55651e-05 8.96847e-05 -0.0167861 0.0812523 8.93556e-05 -0.000754127 1.55651e-05 8.93556e-05 0.00889468 -0.0164913 8.96847e-05 -0.000754127 -0.0164913 0.0793809 
0.00868803 -0.0160938 3.64221e-06 5.96384e-05 -0.0160938 0.079412 6.28905e-05 -0.00062208 3.64221e-06 6.28905e-05 0.00873763 -0.015943 5.96384e-05 -0.00062208 -0.015943 0.0780058 
0.00845685 -0.0155588 -4.92027e-06 5.586e-05 -0.0155588 0.0769693 5.66621e-05 -0.000468049 -4.92027e-06 5.66621e-05 0.00851218 -0.0155022 5.586e-05 -0.000468049 -0.0155022 0.0760852 
0.00822669 -0.0151163 -1.94312e-05 6.73055e-05 -0.0151163 0.074747 6.47778e-05 -0.000404351 -1.94312e-05 6.47778e-05 0.00828152 -0.015076 6.73055e-05 -0.000404351 -0.015076 0.074138 
0.00969786 -0.0178233 -3.2424e-05 0.000108127 -0.0178233 0.0880871 0.000100691 -0.0004989 -3.2424e-05 0.000100691 0.00976421 -0.0177673 0.000108127 -0.0004989 -0.0177673 0.087454 
0.00955929 -0.0175604 -3.60202e-05 0.00012621 -0.0175604 0.0867624 0.00011624 -0.000544544 -3.60202e-05 0.00011624 0.00962023 -0.0174977 0.00012621 -0.000544544 -0.0174977 0.0861362 
0.00950737 -0.0174504 -2.47471e-05 0.000133141 -0.0174504 0.086175 0.00012488 -0.000583297 -2.47471e-05 0.00012488 0.00954165 -0.01738 0.000133141 -0.000583297 -0.01738 0.0855284 
0.00946779 -0.0173993 -1.34943e-05 0.000116392 -0.0173993 0.0858484 0.000112277 -0.000576898 -1.34943e-05 0.000112277 0.00948402 -0.0172897 0.000116392 -0.000576898 -0.0172897 0.0851207 
0.00943376 -0.01735 -1.31528e-05 9.6326e-05 -0.01735 0.0856077 9.60437e-05 -0.000536409 -1.31528e-05 9.60437e-05 0.0094399 -0.0172139 9.6326e-05 -0.000536409 -0.0172139 0.0847927 
0.00940589 -0.0172661 -1.99325e-05 9.00748e-05 -0.0172661 0.0852152 9.09535e-05 -0.000501878 -1.99325e-05 9.09535e-05 0.00936896 -0.0171178 9.00748e-05 -0.000501878 -0.0171178 0.0843477 
0.00941096 -0.0172961 -6.44834e-06 9.79947e-05 -0.0172961 0.0852927 9.7877e-05 -0.000499587 -6.44834e-06 9.7877e-05 0.00937191 -0.0170968 9.79947e-05 -0.000499587 -0.0170968 0.0843297 
0.00939417 -0.0173023 -7.54329e-07 8.27953e-05 -0.0173023 0.0853344 8.09907e-05 -0.000476085 -7.54329e-07 8.09907e-05 0.0093877 -0.017098 8.27953e-05 -0.000476085 -0.017098 0.0843157 
0.00936048 -0.0172382 1.08263e-05 7.19379e-05 -0.0172382 0.0851051 7.14609e-05 -0.00044116 1.08263e-05 7.14609e-05 0.00936793 -0.0170785 7.19379e-05 -0.00044116 -0.0170785 0.084147 
0.00932416 -0.0171695 1.59536e-05 5.64041e-05 -0.0171695 0.0848024 5.65418e-05 -0.000401761 1.59536e-05 5.65418e-05 0.00934588 -0.0170357 5.64041e-05 -0.000401761 -0.0170357 0.0839327 
0.00931423 -0.017118 7.67425e-06 4.78329e-05 -0.017118 0.0845691 4.66199e-05 -0.000365757 7.67425e-06 4.66199e-05 0.00931613 -0.0170094 4.78329e-05 -0.000365757 -0.0170094 0.0837839 
0.00931453 -0.0170965 1.91093e-06 5.29167e-05 -0.0170965 0.0843941 5.463e-05 -0.000356574 1.91093e-06 5.463e-05 0.00927528 -0.0169631 5.29167e-05 -0.000356574 -0.0169631 0.0836071 
0.00933115 -0.0171527 7.02695e-06 5.87358e-05 -0.0171527 0.0845839 6.47864e-05 -0.000368598 7.02695e-06 6.47864e-05 0.0092842 -0.0169623 5.87358e-05 -0.000368598 -0.0169623 0.0836913 
0.00933705 -0.017174 8.55381e-06 5.03023e-05 -0.017174 0.0846989 6.15858e-05 -0.000365702 8.55381e-06 6.15858e-05 0.00928516 -0.0169664 5.03023e-05 -0.000365702 -0.0169664 0.0837187 
0.00932162 -0.017157 1.53793e-05 4.46032e-05 -0.017157 0.0846388 6.02401e-05 -0.000352789 1.53793e-05 6.02401e-05 0.00928077 -0.0169449 4.46032e-05 -0.000352789 -0.0169449 0.083624 
0.00931322 -0.0171505 1.56636e-05 3.59087e-05 -0.0171505 0.0846433 5.158e-05 -0.00033292 1.56636e-05 5.158e-05 0.0092836 -0.0169513 3.59087e-05 -0.00033292 -0.0169513 0.0836342 
0.0093129 -0.0171402 1.3549e-05 3.15015e-05 -0.0171402 0.0846335 4.68302e-05 -0.000311154 1.3549e-05 4.68302e-05 0.00927148 -0.0169572 3.15015e-05 -0.000311154 -0.0169572 0.0836577 
0.00927694 -0.0170885 2.08464e-05 3.36423e-05 -0.0170885 0.0843835 4.37343e-05 -0.000296915 2.08464e-05 4.37343e-05 0.00925103 -0.0168962 3.36423e-05 -0.000296915 -0.0168962 0.0834149 
0.00927497 -0.0170729 1.98543e-05 3.25577e-05 -0.0170729 0.0843434 3.1938e-05 -0.000284148 1.98543e-05 3.1938e-05 0.00924311 -0.0168974 3.25577e-05 -0.000284148 -0.0168974 0.0833965 
0.00929474 -0.0171039 2.20327e-05 3.74248e-05 -0.0171039 0.0844897 3.0033e-05 -0.000281313 2.20327e-05 3.0033e-05 0.00924896 -0.0169242 3.74248e-05 -0.000281313 -0.0169242 0.0835537 
0.00928392 -0.0170953 1.04559e-05 3.38253e-05 -0.0170953 0.0844396 2.67667e-05 -0.000275345 1.04559e-05 2.67667e-05 0.00924228 -0.0169009 3.38253e-05 -0.000275345 -0.0169009 0.0834851 
0.00926855 -0.0170716 7.26688e-06 4.39063e-05 -0.0170716 0.0843578 3.84798e-05 -0.000284187 7.26688e-06 3.84798e-05 0.00923962 -0.0168901 4.39063e-05 -0.000284187 -0.0168901 0.0834229 
0.0092488 -0.0169996 -5.63023e-06 4.58287e-05 -0.0169996 0.0840338 4.1646e-05 -0.000291467 -5.63023e-06 4.1646e-05 0.00919777 -0.0168389 4.58287e-05 -0.000291467 -0.0168389 0.0831542 
0.00923063 -0.0169646 -1.15231e-05 6.20015e-05 -0.0169646 0.0837966 5.70688e-05 -0.000315976 -1.15231e-05 5.70688e-05 0.00917025 -0.01678 6.20015e-05 -0.000315976 -0.01678 0.0829128 
0.00922345 -0.0169613 -1.25871e-05 7.33251e-05 -0.0169613 0.0837523 6.55626e-05 -0.000347043 -1.25871e-05 6.55626e-05 0.00916566 -0.0167678 7.33251e-05 -0.000347043 -0.0167678 0.0828493 
0.00921301 -0.0169655 -9.72891e-06 7.7393e-05 -0.0169655 0.0837816 6.79119e-05 -0.000366084 -9.72891e-06 6.79119e-05 0.0091797 -0.0167788 7.7393e-05 -0.000366084 -0.0167788 0.0828895 
0.00921314 -0.0169837 -1.63881e-06 7.50142e-05 -0.0169837 0.0839278 6.50614e-05 -0.000371229 -1.63881e-06 6.50614e-05 0.00921154 -0.0168306 7.50142e-05 -0.000371229 -0.0168306 0.0831026 
0.00921353 -0.017003 2.81436e-07 6.49107e-05 -0.017003 0.0840911 5.72539e-05 -0.000360005 2.81436e-07 5.72539e-05 0.00926307 -0.0168933 6.49107e-05 -0.000360005 -0.0168933 0.0833735 
0.00919252 -0.0169632 8.60986e-06 6.14771e-05 -0.0169632 0.0839714 5.46739e-05 -0.000348426 8.60986e-06 5.46739e-05 0.00928226 -0.0169178 6.14771e-05 -0.000348426 -0.0169178 0.0834051 
0.00918375 -0.0169086 2.24523e-05 5.13229e-05 -0.0169086 0.0837361 4.71684e-05 -0.000333308 2.24523e-05 4.71684e-05 0.00926695 -0.0169132 5.13229e-05 -0.000333308 -0.0169132 0.0833143 
0.00918941 -0.0168907 3.88042e-05 3.16227e-05 -0.0168907 0.0835778 3.12602e-05 -0.000299262 3.88042e-05 3.12602e-05 0.00923663 -0.0168871 3.16227e-05 -0.000299262 -0.0168871 0.083201 
0.0091722 -0.0168731 2.95088e-05 6.46157e-06 -0.0168731 0.0833926 1.0649e-05 -0.000244897 2.95088e-05 1.0649e-05 0.00919978 -0.0168211 6.46157e-06 -0.000244897 -0.0168211 0.0829418 
0.00915513 -0.0168844 2.32837e-05 1.38606e-05 -0.0168844 0.0834282 2.02087e-05 -0.000231319 2.32837e-05 2.02087e-05 0.00920175 -0.0168028 1.38606e-05 -0.000231319 -0.0168028 0.082884 
0.00913445 -0.0168426 1.30715e-05 2.35203e-05 -0.0168426 0.0833046 2.83293e-05 -0.000246099 1.30715e-05 2.83293e-05 0.00919158 -0.0167866 2.35203e-05 -0.000246099 -0.0167866 0.0827675 
0.00910473 -0.016791 1.79652e-05 3.93547e-05 -0.016791 0.0830781 4.07336e-05 -0.000275825 1.79652e-05 4.07336e-05 0.00917385 -0.016753 3.93547e-05 -0.000275825 -0.016753 0.0825906 
0.0090727 -0.0167428 1.62199e-05 3.55854e-05 -0.0167428 0.0828709 3.6948e-05 -0.000286385 1.62199e-05 3.6948e-05 0.00916008 -0.0167286 3.55854e-05 -0.000286385 -0.0167286 0.0824542 
0.00907257 -0.016729 2.28024e-05 3.37582e-05 -0.016729 0.0828512 3.9851e-05 -0.000286893 2.28024e-05 3.9851e-05 0.00915853 -0.0167461 3.37582e-05 -0.000286893 -0.0167461 0.0825252 
0.0090824 -0.016715 3.46255e-05 2.34825e-05 -0.016715 0.0827806 3.00394e-05 -0.000268574 3.46255e-05 3.00394e-05 0.00914412 -0.0167356 2.34825e-05 -0.000268574 -0.0167356 0.0825083 
0.00911836 -0.0167607 3.47983e-05 8.70023e-06 -0.0167607 0.0829329 1.21642e-05 -0.00023068 3.47983e-05 1.21642e-05 0.00913864 -0.0167463 8.70023e-06 -0.00023068 -0.0167463 0.082618 
0.00912755 -0.0167897 1.92542e-05 9.60131e-06 -0.0167897 0.0829905 1.01365e-05 -0.00021165 1.92542e-05 1.01365e-05 0.00912856 -0.0167156 9.60131e-06 -0.00021165 -0.0167156 0.0825459 
0.00911837 -0.0167941 2.3375e-05 3.07046e-05 -0.0167941 0.0829955 2.77913e-05 -0.000236431 2.3375e-05 2.77913e-05 0.00912649 -0.0166916 3.07046e-05 -0.000236431 -0.0166916 0.08244 
0.00911728 -0.0168074 2.32436e-05 2.95854e-05 -0.0168074 0.0830937 2.45956e-05 -0.000251213 2.32436e-05 2.45956e-05 0.00913179 -0.0167114 2.95854e-05 -0.000251213 -0.0167114 0.0825047 
0.00912515 -0.0168025 2.36694e-05 2.83164e-05 -0.0168025 0.0831154 2.50212e-05 -0.000252552 2.36694e-05 2.50212e-05 0.00911843 -0.0167155 2.83164e-05 -0.000252552 -0.0167155 0.0825364 
0.00914792 -0.0168315 2.51067e-05 2.59788e-05 -0.0168315 0.0832339 2.48866e-05 -0.000250283 2.51067e-05 2.48866e-05 0.0091114 -0.0167144 2.59788e-05 -0.000250283 -0.0167144 0.0826072 
0.00913769 -0.0168502 1.52217e-05 2.14668e-05 -0.0168502 0.0832887 2.23991e-05 -0.000240455 1.52217e-05 2.23991e-05 0.00911709 -0.0166915 2.14668e-05 -0.000240455 -0.0166915 0.0825626 
0.00910805 -0.0167824 7.52155e-06 3.05892e-05 -0.0167824 0.0830276 3.17039e-05 -0.000246447 7.52155e-06 3.17039e-05 0.00908828 -0.0166436 3.05892e-05 -0.000246447 -0.0166436 0.0822873 
0.0090899 -0.0167415 2.20363e-06 3.87672e-05 -0.0167415 0.0828363 4.00081e-05 -0.000261419 2.20363e-06 4.00081e-05 0.00906908 -0.0166126 3.87672e-05 -0.000261419 -0.0166126 0.0821285 
0.00907215 -0.0167184 -6.36763e-06 4.6983e-05 -0.0167184 0.0827181 4.8013e-05 -0.000281003 -6.36763e-06 4.8013e-05 0.00906954 -0.0165955 4.6983e-05 -0.000281003 -0.0165955 0.0820448 
0.00908083 -0.0167391 -2.02244e-05 5.97171e-05 -0.0167391 0.0828428 5.7956e-05 -0.000307384 -2.02244e-05 5.7956e-05 0.0090943 -0.0166397 5.97171e-05 -0.000307384 -0.0166397 0.0822209 
0.00910557 -0.0167843 -2.19346e-05 7.93552e-05 -0.0167843 0.083086 7.60846e-05 -0.000350705 -2.19346e-05 7.60846e-05 0.00912052 -0.0167046 7.93552e-05 -0.000350705 -0.0167046 0.0825196 
0.0090902 -0.016756 -2.58567e-05 8.24137e-05 -0.016756 0.0829562 7.97247e-05 -0.00037628 -2.58567e-05 7.97247e-05 0.00911966 -0.016679 8.24137e-05 -0.00037628 -0.016679 0.0824195 
0.00906806 -0.0167193 -1.86301e-05 8.37482e-05 -0.0167193 0.0827818 8.14987e-05 -0.000382619 -1.86301e-05 8.14987e-05 0.00912091 -0.0166587 8.37482e-05 -0.000382619 -0.0166587 0.0822777 
0.00904378 -0.016686 -1.28908e-05 7.15304e-05 -0.016686 0.08263 7.21335e-05 -0.000365364 -1.28908e-05 7.21335e-05 0.00912469 -0.0166555 7.15304e-05 -0.000365364 -0.0166555 0.0821893 
0.00904719 -0.016669 -1.08431e-05 5.9721e-05 -0.016669 0.0825782 6.38729e-05 -0.0003357 -1.08431e-05 6.38729e-05 0.00912108 -0.016677 5.9721e-05 -0.0003357 -0.016677 0.0822299 
0.00907271 -0.0166854 -6.40543e-07 5.36502e-05 -0.0166854 0.08262 6.07444e-05 -0.000313384 -6.40543e-07 6.07444e-05 0.00911045 -0.016687 5.36502e-05 -0.000313384 -0.016687 0.0823062 
0.00907971 -0.0167116 -1.08512e-07 4.18334e-05 -0.0167116 0.0826569 4.96542e-05 -0.00028787 -1.08512e-07 4.96542e-05 0.00910671 -0.0166631 4.18334e-05 -0.00028787 -0.0166631 0.0822638 
0.0090751 -0.0167372 5.71541e-06 4.24773e-05 -0.0167372 0.0827602 4.87062e-05 -0.000277126 5.71541e-06 4.87062e-05 0.00912285 -0.0166651 4.24773e-05 -0.000277126 -0.0166651 0.0822733 
0.00910607 -0.0167721 7.92008e-06 4.26769e-05 -0.0167721 0.0829905 4.33979e-05 -0.000277028 7.92008e-06 4.33979e-05 0.0091341 -0.016722 4.26769e-05 -0.000277028 -0.016722 0.0824962 
0.00914437 -0.0168273 1.37454e-05 4.30775e-05 -0.0168273 0.0832388 3.95922e-05 -0.000276121 1.37454e-05 3.95922e-05 0.00914162 -0.0167564 4.30775e-05 -0.000276121 -0.0167564 0.0827216 
0.0091625 -0.016852 8.88992e-06 3.62272e-05 -0.016852 0.0833154 3.24855e-05 -0.000266424 8.88992e-06 3.24855e-05 0.00913718 -0.0167386 3.62272e-05 -0.000266424 -0.0167386 0.0827098 
0.0091709 -0.0168815 5.05482e-06 4.09554e-05 -0.0168815 0.083418 3.73787e-05 -0.0002666 5.05482e-06 3.73787e-05 0.00914992 -0.0167337 4.09554e-05 -0.0002666 -0.0167337 0.0827084 
0.00915646 -0.0168668 1.39052e-05 4.48025e-05 -0.0168668 0.0833538 4.22408e-05 -0.000275347 1.39052e-05 4.22408e-05 0.00915272 -0.0167225 4.48025e-05 -0.000275347 -0.0167225 0.0826054 
0.00914221 -0.0168588 1.80007e-05 3.51382e-05 -0.0168588 0.0833434 3.37932e-05 -0.000268309 1.80007e-05 3.37932e-05 0.00917447 -0.0167385 3.51382e-05 -0.000268309 -0.0167385 0.0826262 
0.00913685 -0.0168447 1.51978e-05 3.05856e-05 -0.0168447 0.0833327 3.15488e-05 -0.000259845 1.51978e-05 3.15488e-05 0.00919646 -0.016776 3.05856e-05 -0.000259845 -0.016776 0.0827211 
0.00917265 -0.0168874 6.43767e-06 3.37791e-05 -0.0168874 0.0835619 3.79033e-05 -0.000266962 6.43767e-06 3.79033e-05 0.0092226 -0.0168559 3.37791e-05 -0.000266962 -0.0168559 0.0830621 
0.00920654 -0.016943 -2.52421e-06 4.41704e-05 -0.016943 0.0837935 4.82861e-05 -0.000289166 -2.52421e-06 4.82861e-05 0.00923772 -0.0168988 4.41704e-05 -0.000289166 -0.0168988 0.0833177 
0.00922646 -0.0169784 -8.22227e-06 5.73275e-05 -0.0169784 0.0839336 5.90789e-05 -0.000318598 -8.22227e-06 5.90789e-05 0.00925047 -0.0169053 5.73275e-05 -0.000318598 -0.0169053 0.0834053 
0.00926602 -0.0170362 -1.15558e-05 6.62038e-05 -0.0170362 0.0841978 6.60996e-05 -0.000345093 -1.15558e-05 6.60996e-05 0.00926799 -0.0169488 6.62038e-05 -0.000345093 -0.0169488 0.0836115 
0.00929501 -0.0170795 -1.59075e-05 7.07315e-05 -0.0170795 0.0843594 7.03126e-05 -0.000361873 -1.59075e-05 7.03126e-05 0.00927343 -0.0169583 7.07315e-05 -0.000361873 -0.0169583 0.0836915 
0.00930549 -0.0170845 -1.02603e-05 7.68235e-05 -0.0170845 0.084329 7.74734e-05 -0.000380037 -1.02603e-05 7.74734e-05 0.00924765 -0.0169252 7.68235e-05 -0.000380037 -0.0169252 0.083553 
0.00931146 -0.0171351 -2.92368e-06 7.04356e-05 -0.0171351 0.0845128 7.3564e-05 -0.000382664 -2.92368e-06 7.3564e-05 0.00925774 -0.016923 7.04356e-05 -0.000382664 -0.016923 0.0835945 
0.00929549 -0.0171384 3.69717e-07 6.03432e-05 -0.0171384 0.084575 6.66857e-05 -0.000369047 3.69717e-07 6.66857e-05 0.0092691 -0.0169205 6.03432e-05 -0.000369047 -0.0169205 0.0835689 
0.00926721 -0.0171086 -7.00297e-06 5.33102e-05 -0.0171086 0.0845221 6.02345e-05 -0.000348717 -7.00297e-06 6.02345e-05 0.00928721 -0.0169259 5.33102e-05 -0.000348717 -0.0169259 0.0835413 
0.00926475 -0.0170999 -4.53274e-06 6.04084e-05 -0.0170999 0.0845766 6.58129e-05 -0.000347152 -4.53274e-06 6.58129e-05 0.00930228 -0.0169776 6.04084e-05 -0.000347152 -0.0169776 0.0837101 
0.00927849 -0.0170885 -5.18865e-06 5.82786e-05 -0.0170885 0.0845715 6.23541e-05 -0.000343915 -5.18865e-06 6.23541e-05 0.00929837 -0.0169996 5.82786e-05 -0.000343915 -0.0169996 0.0838246 
0.00925991 -0.0170636 4.31214e-06 5.61148e-05 -0.0170636 0.0844064 6.03716e-05 -0.000333695 4.31214e-06 6.03716e-05 0.00928912 -0.0169603 5.61148e-05 -0.000333695 -0.0169603 0.0836924 
0.00926295 -0.0170624 1.16495e-05 4.42287e-05 -0.0170624 0.0844134 4.55342e-05 -0.00030603 1.16495e-05 4.55342e-05 0.00929767 -0.0169718 4.42287e-05 -0.00030603 -0.0169718 0.0837248 
0.00924504 -0.0170543 1.31257e-05 3.20221e-05 -0.0170543 0.0843642 3.4814e-05 -0.000270654 1.31257e-05 3.4814e-05 0.00930793 -0.0169716 3.20221e-05 -0.000270654 -0.0169716 0.0837046 
0.0092564 -0.0170693 1.15526e-05 2.61481e-05 -0.0170693 0.0844844 3.2553e-05 -0.000246838 1.15526e-05 3.2553e-05 0.00933184 -0.0170175 2.61481e-05 -0.000246838 -0.0170175 0.0838816 
0.00927571 -0.0170989 1.0884e-05 2.71924e-05 -0.0170989 0.0846354 3.47693e-05 -0.000239608 1.0884e-05 3.47693e-05 0.00935374 -0.0170597 2.71924e-05 -0.000239608 -0.0170597 0.0840751 
0.0092803 -0.0170937 -1.15586e-05 2.82501e-05 -0.0170937 0.0845958 3.69594e-05 -0.000240235 -1.15586e-05 3.69594e-05 0.00934148 -0.0170519 2.82501e-05 -0.000240235 -0.0170519 0.084037 
0.00927208 -0.0170762 -2.48301e-05 5.61636e-05 -0.0170762 0.0844718 6.2913e-05 -0.000280515 -2.48301e-05 6.2913e-05 0.00931764 -0.0170107 5.61636e-05 -0.000280515 -0.0170107 0.0838693 
0.00926882 -0.0170738 -2.36308e-05 7.6819e-05 -0.0170738 0.0844347 8.16047e-05 -0.000336247 -2.36308e-05 8.16047e-05 0.00931384 -0.0169862 7.6819e-05 -0.000336247 -0.0169862 0.0837689 
0.00926726 -0.0170786 -1.84754e-05 7.6455e-05 -0.0170786 0.0844452 8.24535e-05 -0.000361136 -1.84754e-05 8.24535e-05 0.00932 -0.0169842 7.6455e-05 -0.000361136 -0.0169842 0.083734 
0.0092433 -0.0170539 -1.11658e-05 6.84705e-05 -0.0170539 0.0843302 7.6999e-05 -0.000356671 -1.11658e-05 7.6999e-05 0.00931704 -0.0169669 6.84705e-05 -0.000356671 -0.0169669 0.0836085 
0.00924821 -0.0170482 1.67964e-07 5.71824e-05 -0.0170482 0.0843475 6.57762e-05 -0.000332783 1.67964e-07 6.57762e-05 0.00930617 -0.0169895 5.71824e-05 -0.000332783 -0.0169895 0.0836684 
0.00925779 -0.0170401 6.83124e-06 4.02596e-05 -0.0170401 0.0842952 4.751e-05 -0.000290202 6.83124e-06 4.751e-05 0.00926802 -0.0169639 4.02596e-05 -0.000290202 -0.0169639 0.0836132 
0.0092775 -0.0170582 2.04182e-06 3.03272e-05 -0.0170582 0.0843186 3.56604e-05 -0.000249935 2.04182e-06 3.56604e-05 0.0092327 -0.0169189 3.03272e-05 -0.000249935 -0.0169189 0.0835257 
0.00927282 -0.0170232 2.03897e-06 3.65446e-05 -0.0170232 0.0840695 3.69289e-05 -0.000235084 2.03897e-06 3.69289e-05 0.00917418 -0.0168076 3.65446e-05 -0.000235084 -0.0168076 0.0830929 
0.00925161 -0.0170018 1.08765e-05 4.21592e-05 -0.0170018 0.0838616 3.54676e-05 -0.000237321 1.08765e-05 3.54676e-05 0.00915232 -0.0167138 4.21592e-05 -0.000237321 -0.0167138 0.0826841 
0.00925255 -0.0170298 1.86046e-05 3.70464e-05 -0.0170298 0.0839805 2.65673e-05 -0.000233076 1.86046e-05 2.65673e-05 0.00917547 -0.016737 3.70464e-05 -0.000233076 -0.016737 0.0827063 
0.00925436 -0.0170529 1.16102e-05 2.73289e-05 -0.0170529 0.0841387 1.76537e-05 -0.000216983 1.16102e-05 1.76537e-05 0.00921067 -0.0167956 2.73289e-05 -0.000216983 -0.0167956 0.0829044 
0.00925525 -0.0170692 -1.10563e-06 3.63282e-05 -0.0170692 0.0842792 2.7816e-05 -0.000225201 -1.10563e-06 2.7816e-05 0.00925083 -0.0168578 3.63282e-05 -0.000225201 -0.0168578 0.0831504 
0.00924877 -0.0170582 -3.25016e-07 5.34549e-05 -0.0170582 0.0842884 4.6827e-05 -0.000263621 -3.25016e-07 4.6827e-05 0.00928375 -0.0169005 5.34549e-05 -0.000263621 -0.0169005 0.0832959 
0.00926386 -0.0170772 -5.55316e-06 5.51943e-05 -0.0170772 0.0844183 5.19499e-05 -0.000294335 -5.55316e-06 5.19499e-05 0.00932003 -0.0169721 5.51943e-05 -0.000294335 -0.0169721 0.0835717 
0.00930416 -0.0171429 -1.93315e-05 6.05903e-05 -0.0171429 0.0847411 6.20958e-05 -0.000318732 -1.93315e-05 6.20958e-05 0.00936348 -0.0170636 6.05903e-05 -0.000318732 -0.0170636 0.0839932 
0.00935865 -0.0172195 -2.28115e-05 7.78203e-05 -0.0172195 0.0851015 8.22547e-05 -0.000361257 -2.28115e-05 8.22547e-05 0.00938427 -0.0171397 7.78203e-05 -0.000361257 -0.0171397 0.0843816 
0.0093718 -0.0172356 -1.83751e-05 7.81611e-05 -0.0172356 0.0851205 8.71271e-05 -0.00038344 -1.83751e-05 8.71271e-05 0.00937478 -0.0171107 7.81611e-05 -0.00038344 -0.0171107 0.084332 
0.00937582 -0.017261 -1.27818e-05 7.08353e-05 -0.017261 0.0851999 8.04185e-05 -0.000376178 -1.27818e-05 8.04185e-05 0.00937553 -0.0171001 7.08353e-05 -0.000376178 -0.0171001 0.084305 
0.00936442 -0.0172546 3.52891e-07 5.9883e-05 -0.0172546 0.0851823 6.79963e-05 -0.000346648 3.52891e-07 6.79963e-05 0.0093658 -0.0170831 5.9883e-05 -0.000346648 -0.0170831 0.0842185 
0.00934568 -0.0172175 7.03582e-06 4.07519e-05 -0.0172175 0.085035 4.89996e-05 -0.000299331 7.03582e-06 4.89996e-05 0.00934093 -0.0170449 4.07519e-05 -0.000299331 -0.0170449 0.0840386 
0.00933361 -0.0171932 9.69932e-06 2.72563e-05 -0.0171932 0.0849267 3.85134e-05 -0.00025413 9.69932e-06 3.85134e-05 0.00932531 -0.0170127 2.72563e-05 -0.00025413 -0.0170127 0.0839041 
0.00931636 -0.0171878 1.27818e-05 2.20265e-05 -0.0171878 0.0849003 3.31852e-05 -0.000225087 1.27818e-05 3.31852e-05 0.00933245 -0.0170017 2.20265e-05 -0.000225087 -0.0170017 0.0838557 
0.00930282 -0.0171509 7.66326e-06 1.72904e-05 -0.0171509 0.0847847 2.64302e-05 -0.000201885 7.66326e-06 2.64302e-05 0.00932982 -0.0169992 1.72904e-05 -0.000201885 -0.0169992 0.0837876 
0.00931038 -0.0171529 3.3008e-06 2.57784e-05 -0.0171529 0.0848016 3.07426e-05 -0.000201147 3.3008e-06 3.07426e-05 0.00933564 -0.0170204 2.57784e-05 -0.000201147 -0.0170204 0.0838692 
0.00932819 -0.0171645 -6.22998e-06 3.3449e-05 -0.0171645 0.0848423 3.43861e-05 -0.000211559 -6.22998e-06 3.43861e-05 0.00933561 -0.017035 3.3449e-05 -0.000211559 -0.017035 0.0839477 
0.00934908 -0.0171959 -1.51608e-05 4.78515e-05 -0.0171959 0.0849463 4.47829e-05 -0.000235859 -1.51608e-05 4.47829e-05 0.00934616 -0.017047 4.78515e-05 -0.000235859 -0.017047 0.0840389 
0.00935544 -0.0172126 -1.62467e-05 6.10533e-05 -0.0172126 0.084984 5.74447e-05 -0.000268895 -1.62467e-05 5.74447e-05 0.00934797 -0.0170453 6.10533e-05 -0.000268895 -0.0170453 0.0840325 
0.00936674 -0.0172497 -2.17367e-05 5.98555e-05 -0.0172497 0.0851457 5.99767e-05 -0.000283391 -2.17367e-05 5.99767e-05 0.00937152 -0.0170687 5.98555e-05 -0.000283391 -0.0170687 0.0841444 
0.00936162 -0.0172461 -1.59576e-05 6.22536e-05 -0.0172461 0.0851474 6.90983e-05 -0.000293698 -1.59576e-05 6.90983e-05 0.00938405 -0.0170748 6.22536e-05 -0.000293698 -0.0170748 0.0841334 
0.00937075 -0.0172777 -8.89417e-06 5.3387e-05 -0.0172777 0.0853222 6.30831e-05 -0.000286495 -8.89417e-06 6.30831e-05 0.00941112 -0.0171266 5.3387e-05 -0.000286495 -0.0171266 0.0843326 
0.00936907 -0.0172559 -3.34126e-06 4.45175e-05 -0.0172559 0.085253 5.26595e-05 -0.000263762 -3.34126e-06 5.26595e-05 0.00939768 -0.0171239 4.45175e-05 -0.000263762 -0.0171239 0.0843018 
0.00935388 -0.0172352 -8.58098e-06 3.79293e-05 -0.0172352 0.0851265 4.4265e-05 -0.000240968 -8.58098e-06 4.4265e-05 0.00938561 -0.0170873 3.79293e-05 -0.000240968 -0.0170873 0.0841631 
0.00936888 -0.0172275 -1.14932e-05 4.69538e-05 -0.0172275 0.0850991 5.04058e-05 -0.000245789 -1.14932e-05 5.04058e-05 0.00936274 -0.0170845 4.69538e-05 -0.000245789 -0.0170845 0.0841293 
0.00938699 -0.0172641 -1.33593e-05 5.49117e-05 -0.0172641 0.0852114 5.36463e-05 -0.000261401 -1.33593e-05 5.36463e-05 0.00936215 -0.0170811 5.49117e-05 -0.000261401 -0.0170811 0.0841869 
0.00939405 -0.0172985 -2.15676e-05 5.73333e-05 -0.0172985 0.0853557 5.37374e-05 -0.000269611 -2.15676e-05 5.37374e-05 0.00936964 -0.0170898 5.73333e-05 -0.000269611 -0.0170898 0.08426 
0.00938524 -0.0173013 -1.60595e-05 6.38731e-05 -0.0173013 0.0854008 6.16514e-05 -0.000279939 -1.60595e-05 6.16514e-05 0.00938363 -0.0170894 6.38731e-05 -0.000279939 -0.0170894 0.0842672 
0.00935827 -0.0172768 -1.1225e-05 5.61136e-05 -0.0172768 0.0853368 5.63857e-05 -0.000274159 -1.1225e-05 5.63857e-05 0.00939038 -0.0170929 5.61136e-05 -0.000274159 -0.0170929 0.0842354 
0.00933101 -0.0172165 -6.73138e-06 4.86708e-05 -0.0172165 0.0851309 5.10684e-05 -0.000258375 -6.73138e-06 5.10684e-05 0.00937923 -0.0170828 4.86708e-05 -0.000258375 -0.0170828 0.0841367 
0.00931953 -0.0171736 -8.43575e-06 4.23258e-05 -0.0171736 0.0849472 4.46497e-05 -0.000239915 -8.43575e-06 4.46497e-05 0.00936223 -0.0170668 4.23258e-05 -0.000239915 -0.0170668 0.0840538 
0.00934263 -0.0171959 -4.49486e-06 4.01978e-05 -0.0171959 0.0850275 4.43932e-05 -0.000226241 -4.49486e-06 4.43932e-05 0.00936158 -0.0170841 4.01978e-05 -0.000226241 -0.0170841 0.0841675 
0.00933765 -0.0171919 6.81371e-06 3.15202e-05 -0.0171919 0.0849521 3.78226e-05 -0.000204538 6.81371e-06 3.78226e-05 0.00934927 -0.0170498 3.15202e-05 -0.000204538 -0.0170498 0.0840522 
0.00931963 -0.0171815 1.34315e-05 1.62041e-05 -0.0171815 0.0848797 2.37805e-05 -0.000170432 1.34315e-05 2.37805e-05 0.00934746 -0.0170223 1.62041e-05 -0.000170432 -0.0170223 0.0839229 
0.00931788 -0.0172035 1.48417e-05 7.32367e-06 -0.0172035 0.0850251 1.46695e-05 -0.000139306 1.48417e-05 1.46695e-05 0.00937159 -0.0170608 7.32367e-06 -0.000139306 -0.0170608 0.0840645 
0.00930491 -0.017173 1.37479e-05 5.00535e-06 -0.017173 0.0849505 1.05787e-05 -0.000120315 1.37479e-05 1.05787e-05 0.00937076 -0.017068 5.00535e-06 -0.000120315 -0.017068 0.0840622 
0.0093073 -0.0171731 5.10252e-06 8.28904e-06 -0.0171731 0.084977 9.96248e-06 -0.000115245 5.10252e-06 9.96248e-06 0.00937095 -0.0170887 8.28904e-06 -0.000115245 -0.0170887 0.0841629 
0.00926583 -0.0171135 7.40209e-06 2.18002e-05 -0.0171135 0.0846852 1.98887e-05 -0.000132855 7.40209e-06 1.98887e-05 0.00934579 -0.0170239 2.18002e-05 -0.000132855 -0.0170239 0.0838895 
0.00923552 -0.0170493 5.25258e-06 1.93461e-05 -0.0170493 0.0844126 1.6626e-05 -0.000138 5.25258e-06 1.6626e-05 0.00932175 -0.0169795 1.93461e-05 -0.000138 -0.0169795 0.0836491 
0.0092005 -0.0169801 1.36206e-05 1.88074e-05 -0.0169801 0.084073 1.87772e-05 -0.000135727 1.36206e-05 1.87772e-05 0.00929356 -0.0169191 1.88074e-05 -0.000135727 -0.0169191 0.0833421 
0.00918775 -0.0169326 5.8159e-06 5.91827e-06 -0.0169326 0.0838301 8.94062e-06 -0.0001161 5.8159e-06 8.94062e-06 0.00926106 -0.0168832 5.91827e-06 -0.0001161 -0.0168832 0.083133 
0.00921642 -0.0169574 -7.66959e-06 1.23815e-05 -0.0169574 0.0838979 1.7099e-05 -0.000113528 -7.66959e-06 1.7099e-05 0.00923464 -0.0168899 1.23815e-05 -0.000113528 -0.0168899 0.0831937 
0.00923852 -0.0170095 -1.2303e-05 2.79054e-05 -0.0170095 0.0840688 3.34879e-05 -0.000139593 -1.2303e-05 3.34879e-05 0.00921886 -0.0168779 2.79054e-05 -0.000139593 -0.0168779 0.0832624 
0.00922416 -0.0169978 -3.83325e-07 3.57951e-05 -0.0169978 0.083997 3.83845e-05 -0.000162702 -3.83325e-07 3.83845e-05 0.00919373 -0.016818 3.57951e-05 -0.000162702 -0.016818 0.0830658 
0.0092122 -0.0169774 1.25117e-05 2.27409e-05 -0.0169774 0.0839163 2.32673e-05 -0.000148668 1.25117e-05 2.32673e-05 0.00918024 -0.016782 2.27409e-05 -0.000148668 -0.016782 0.0829121 
0.00917849 -0.016932 4.6835e-06 7.93136e-06 -0.016932 0.0837015 6.63983e-06 -0.000113756 4.6835e-06 6.63983e-06 0.00917229 -0.0167336 7.93136e-06 -0.000113756 -0.0167336 0.0826696 
0.00913598 -0.0168538 8.17805e-07 1.57455e-05 -0.0168538 0.0833594 1.2784e-05 -0.000105593 8.17805e-07 1.2784e-05 0.00915386 -0.0166907 1.57455e-05 -0.000105593 -0.0166907 0.0823798 
0.00913028 -0.0168319 -7.52864e-06 2.15367e-05 -0.0168319 0.0832736 1.88717e-05 -0.000117958 -7.52864e-06 1.88717e-05 0.00914887 -0.0167046 2.15367e-05 -0.000117958 -0.0167046 0.0823855 
0.00915262 -0.0168822 -8.40779e-06 2.91895e-05 -0.0168822 0.0835135 3.15394e-05 -0.000139106 -8.40779e-06 3.15394e-05 0.0091786 -0.0167645 2.91895e-05 -0.000139106 -0.0167645 0.0826901 
0.00913691 -0.01685 -1.01355e-05 2.72684e-05 -0.01685 0.0833784 3.41864e-05 -0.000146609 -1.01355e-05 3.41864e-05 0.00917002 -0.0167461 2.72684e-05 -0.000146609 -0.0167461 0.0826063 
0.00913623 -0.016843 -7.86433e-06 2.81527e-05 -0.016843 0.0833543 3.53289e-05 -0.000147723 -7.86433e-06 3.53289e-05 0.00917347 -0.0167536 2.81527e-05 -0.000147723 -0.0167536 0.0826357 
0.00911851 -0.016811 -4.09083e-06 2.62504e-05 -0.016811 0.0831842 3.0838e-05 -0.000142581 -4.09083e-06 3.0838e-05 0.00916218 -0.0167254 2.62504e-05 -0.000142581 -0.0167254 0.0824961 
0.00913152 -0.0168283 9.34078e-06 2.28072e-05 -0.0168283 0.0832523 2.36249e-05 -0.000129984 9.34078e-06 2.36249e-05 0.00916214 -0.01674 2.28072e-05 -0.000129984 -0.01674 0.0825584 
