0.00623605 0 -6.43395e-06 0 0 0.00872705 0 0 -6.43395e-06 0 0.00608214 0 0 0 0 0.00872705 
0.00950784 -0.011797 -1.01184e-05 1.2364e-05 -0.011797 0.0312539 1.2364e-05 -2.3658e-05 -1.01184e-05 1.2364e-05 0.00931724 -0.0115692 1.2364e-05 -2.3658e-05 -0.0115692 0.0308174 
0.00972076 -0.0181224 -1.24325e-05 2.04246e-05 -0.0181224 0.0667649 2.04246e-05 -6.57372e-05 -1.24325e-05 2.04246e-05 0.00968433 -0.0180575 2.04246e-05 -6.57372e-05 -0.0180575 0.0666256 
0.0091313 -0.0175472 -1.2826e-05 2.42577e-05 -0.0175472 0.0786801 2.31451e-05 -9.45967e-05 -1.2826e-05 2.31451e-05 0.00918681 -0.0178899 2.42577e-05 -9.45967e-05 -0.0178899 0.0803395 
0.00884417 -0.0164134 -1.38084e-05 2.47019e-05 -0.0164134 0.0790306 2.26087e-05 -0.000100643 -1.38084e-05 2.26087e-05 0.00888947 -0.0168191 2.47019e-05 -0.000100643 -0.0168191 0.0814902 
0.0086113 -0.0157457 6.79799e-06 2.33405e-05 -0.0157457 0.0771098 2.11658e-05 -8.84556e-05 6.79799e-06 2.11658e-05 0.00865398 -0.0160342 2.33405e-05 -8.84556e-05 -0.0160342 0.0791845 
0.00836702 -0.0152512 1.5124e-05 -1.45436e-07 -0.0152512 0.0750079 -3.25725e-06 -4.34038e-05 1.5124e-05 -3.25725e-06 0.00840002 -0.0154778 -1.45436e-07 -4.34038e-05 -0.0154778 0.0765563 
0.00816585 -0.0148854 1.20697e-05 -1.27665e-05 -0.0148854 0.0733532 -1.59192e-05 1.84495e-06 1.20697e-05 -1.59192e-05 0.0081942 -0.0150817 -1.27665e-05 1.84495e-06 -0.0150817 0.074577 
0.00961038 -0.0175114 -6.95807e-06 -1.43478e-05 -0.0175114 0.0863983 -1.8365e-05 2.57667e-05 -6.95807e-06 -1.8365e-05 0.00965016 -0.0177401 -1.43478e-05 2.57667e-05 -0.0177401 0.0876947 
0.00946548 -0.0172507 -1.9613e-05 1.0273e-05 -0.0172507 0.085136 5.71398e-06 -3.16505e-06 -1.9613e-05 5.71398e-06 0.00952647 -0.0174942 1.0273e-05 -3.16505e-06 -0.0174942 0.0864072 
0.00938847 -0.017106 -2.33232e-05 2.79857e-05 -0.017106 0.0844235 2.56985e-05 -5.28265e-05 -2.33232e-05 2.56985e-05 0.00945317 -0.0173787 2.79857e-05 -5.28265e-05 -0.0173787 0.0857478 
0.00935025 -0.0170238 -2.96167e-05 3.05521e-05 -0.0170238 0.0839973 3.47083e-05 -8.27517e-05 -2.96167e-05 3.47083e-05 0.00939791 -0.0173045 3.05521e-05 -8.27517e-05 -0.0173045 0.0853693 
0.00932053 -0.0169871 -2.58724e-05 3.79738e-05 -0.0169871 0.083767 4.40435e-05 -0.000106124 -2.58724e-05 4.40435e-05 0.00936196 -0.0172441 3.79738e-05 -0.000106124 -0.0172441 0.0851171 
0.00931598 -0.0169659 -1.01839e-05 3.69313e-05 -0.0169659 0.083668 4.15787e-05 -0.000116891 -1.01839e-05 4.15787e-05 0.00933064 -0.0172085 3.69313e-05 -0.000116891 -0.0172085 0.0849692 
0.00929006 -0.0169447 8.4068e-06 2.02664e-05 -0.0169447 0.0835298 2.51468e-05 -9.77968e-05 8.4068e-06 2.51468e-05 0.00931822 -0.0171525 2.02664e-05 -9.77968e-05 -0.0171525 0.0847525 
0.00929122 -0.0169685 6.08362e-06 -6.0776e-06 -0.0169685 0.083686 2.79672e-06 -4.85216e-05 6.08362e-06 2.79672e-06 0.00934224 -0.0171911 -6.0776e-06 -4.85216e-05 -0.0171911 0.0848933 
0.00927394 -0.016933 5.74481e-07 -7.26108e-06 -0.016933 0.0835734 2.50733e-06 -2.13827e-05 5.74481e-07 2.50733e-06 0.00933831 -0.0171852 -7.26108e-06 -2.13827e-05 -0.0171852 0.0848269 
0.00924045 -0.0168816 -8.38294e-06 1.28958e-06 -0.0168816 0.0833402 8.30721e-06 -2.63794e-05 -8.38294e-06 8.30721e-06 0.00932822 -0.0171512 1.28958e-06 -2.63794e-05 -0.0171512 0.0846429 
0.00926655 -0.016877 -5.07213e-06 1.63447e-05 -0.016877 0.0833527 1.66888e-05 -4.97084e-05 -5.07213e-06 1.66888e-05 0.00931544 -0.0171766 1.63447e-05 -4.97084e-05 -0.0171766 0.0847195 
0.00927485 -0.0168881 -1.03183e-06 1.49675e-05 -0.0168881 0.0833047 1.18782e-05 -5.72962e-05 -1.03183e-06 1.18782e-05 0.00929206 -0.0171426 1.49675e-05 -5.72962e-05 -0.0171426 0.0846357 
0.00927085 -0.0168939 -2.09357e-06 8.24194e-06 -0.0168939 0.0832718 6.22058e-06 -4.62489e-05 -2.09357e-06 6.22058e-06 0.00927057 -0.0171005 8.24194e-06 -4.62489e-05 -0.0171005 0.0844895 
0.009271 -0.0169018 -9.94698e-06 9.28804e-06 -0.0169018 0.0832977 9.6368e-06 -4.57908e-05 -9.94698e-06 9.6368e-06 0.00925206 -0.017077 9.28804e-06 -4.57908e-05 -0.017077 0.084405 
0.00928789 -0.0169079 -2.55324e-05 1.98156e-05 -0.0169079 0.0833261 2.12039e-05 -6.58963e-05 -2.55324e-05 2.12039e-05 0.00922 -0.0170504 1.98156e-05 -6.58963e-05 -0.0170504 0.0843252 
0.00928501 -0.0169011 -3.08539e-05 4.12826e-05 -0.0169011 0.0832355 4.07503e-05 -0.000109472 -3.08539e-05 4.07503e-05 0.00918549 -0.0169833 4.12826e-05 -0.000109472 -0.0169833 0.0840941 
0.0092782 -0.0169002 -1.75655e-05 5.00918e-05 -0.0169002 0.0831997 4.58472e-05 -0.000141248 -1.75655e-05 4.58472e-05 0.00916691 -0.0169394 5.00918e-05 -0.000141248 -0.0169394 0.083921 
0.00924821 -0.0168542 -1.27565e-05 3.43076e-05 -0.0168542 0.0829775 2.72099e-05 -0.000124427 -1.27565e-05 2.72099e-05 0.00913799 -0.0168752 3.43076e-05 -0.000124427 -0.0168752 0.0836117 
0.00921655 -0.0168417 1.80958e-06 2.49031e-05 -0.0168417 0.0829327 1.70511e-05 -9.21161e-05 1.80958e-06 1.70511e-05 0.00914797 -0.0168602 2.49031e-05 -9.21161e-05 -0.0168602 0.0835254 
0.00916546 -0.0167847 8.23538e-07 3.94812e-06 -0.0167847 0.0827581 -4.67393e-07 -4.80077e-05 8.23538e-07 -4.67393e-07 0.00916332 -0.0168541 3.94812e-06 -4.80077e-05 -0.0168541 0.0834145 
0.00913347 -0.0167018 -1.28356e-06 2.1641e-06 -0.0167018 0.0824812 1.61824e-07 -2.39894e-05 -1.28356e-06 1.61824e-07 0.00915141 -0.0168545 2.1641e-06 -2.39894e-05 -0.0168545 0.0833039 
0.00911648 -0.0166715 -7.89571e-06 6.22675e-06 -0.0166715 0.0823385 3.82204e-06 -2.47961e-05 -7.89571e-06 3.82204e-06 0.00915192 -0.0168491 6.22675e-06 -2.47961e-05 -0.0168491 0.0832742 
0.00911957 -0.0166512 -5.55373e-06 1.80372e-05 -0.0166512 0.0822476 1.3797e-05 -4.51637e-05 -5.55373e-06 1.3797e-05 0.00914019 -0.0168462 1.80372e-05 -4.51637e-05 -0.0168462 0.0832383 
0.00912319 -0.0166715 -1.1402e-06 1.67293e-05 -0.0166715 0.0822962 1.23781e-05 -5.55388e-05 -1.1402e-06 1.23781e-05 0.0091414 -0.0168497 1.67293e-05 -5.55388e-05 -0.0168497 0.0832814 
0.00914006 -0.0167117 -3.51061e-06 1.12956e-05 -0.0167117 0.0825072 8.99035e-06 -5.24687e-05 -3.51061e-06 8.99035e-06 0.0091589 -0.016892 1.12956e-05 -5.24687e-05 -0.016892 0.0834935 
0.00914039 -0.0166854 -1.60518e-05 1.1139e-05 -0.0166854 0.0824037 1.14379e-05 -5.01276e-05 -1.60518e-05 1.14379e-05 0.00913101 -0.0168662 1.1139e-05 -5.01276e-05 -0.0168662 0.0833929 
0.00911825 -0.0166537 -1.55505e-05 2.54621e-05 -0.0166537 0.0821959 2.86676e-05 -7.55582e-05 -1.55505e-05 2.86676e-05 0.00910014 -0.016796 2.54621e-05 -7.55582e-05 -0.016796 0.0831231 
0.00907936 -0.0166136 -1.32994e-05 2.67643e-05 -0.0166136 0.0819896 3.38751e-05 -9.88672e-05 -1.32994e-05 3.38751e-05 0.00908962 -0.0167374 2.67643e-05 -9.88672e-05 -0.0167374 0.0828453 
0.00908863 -0.0166124 -4.4135e-06 2.13823e-05 -0.0166124 0.082041 3.24084e-05 -0.000101227 -4.4135e-06 3.24084e-05 0.00909034 -0.016765 2.13823e-05 -0.000101227 -0.016765 0.0829059 
0.00908423 -0.0166231 1.36762e-05 9.49984e-06 -0.0166231 0.0820796 2.29282e-05 -8.56258e-05 1.36762e-05 2.29282e-05 0.00909802 -0.0167695 9.49984e-06 -8.56258e-05 -0.0167695 0.0829515 
0.0090573 -0.0166102 2.51962e-05 -1.20357e-05 -0.0166102 0.0820541 -6.47563e-08 -4.35608e-05 2.51962e-05 -6.47563e-08 0.00911134 -0.0167695 -1.20357e-05 -4.35608e-05 -0.0167695 0.0829398 
0.00905157 -0.0165592 2.0743e-05 -2.35544e-05 -0.0165592 0.0819046 -1.54876e-05 -4.51751e-06 2.0743e-05 -1.54876e-05 0.0090839 -0.0167674 -2.35544e-05 -4.51751e-06 -0.0167674 0.082871 
0.00905388 -0.0165478 1.56476e-05 -1.63946e-05 -0.0165478 0.0818024 -1.15975e-05 5.63741e-07 1.56476e-05 -1.15975e-05 0.00905834 -0.0167287 -1.63946e-05 5.63741e-07 -0.0167287 0.0827668 
0.00903699 -0.0165284 9.46253e-06 -7.89771e-06 -0.0165284 0.0816603 -3.69607e-06 -1.76225e-05 9.46253e-06 -3.69607e-06 0.00903922 -0.0166735 -7.89771e-06 -1.76225e-05 -0.0166735 0.0825487 
0.00903206 -0.0165351 7.31896e-06 1.80504e-06 -0.0165351 0.0816909 5.40446e-06 -4.33881e-05 7.31896e-06 5.40446e-06 0.00904912 -0.0166691 1.80504e-06 -4.33881e-05 -0.0166691 0.0825156 
0.00904128 -0.0165621 2.19396e-06 4.81608e-06 -0.0165621 0.081856 1e-05 -6.22203e-05 2.19396e-06 1e-05 0.00907259 -0.016714 4.81608e-06 -6.22203e-05 -0.016714 0.0826858 
0.00900846 -0.0164862 -7.65456e-06 9.53706e-06 -0.0164862 0.0815127 1.57965e-05 -7.61509e-05 -7.65456e-06 1.57965e-05 0.00903463 -0.0166531 9.53706e-06 -7.61509e-05 -0.0166531 0.0823684 
0.00900107 -0.0164681 -1.25794e-05 2.12494e-05 -0.0164681 0.0813973 2.76619e-05 -9.94295e-05 -1.25794e-05 2.76619e-05 0.00901297 -0.0166249 2.12494e-05 -9.94295e-05 -0.0166249 0.0822446 
0.00900934 -0.0164733 -5.76274e-06 2.9246e-05 -0.0164733 0.0814029 3.30633e-05 -0.000120959 -5.76274e-06 3.30633e-05 0.00899165 -0.0166122 2.9246e-05 -0.000120959 -0.0166122 0.0822114 
0.00903777 -0.0165234 9.2576e-07 2.42843e-05 -0.0165234 0.0816111 2.42891e-05 -0.000120668 9.2576e-07 2.42891e-05 0.00899164 -0.0166198 2.42843e-05 -0.000120668 -0.0166198 0.0823291 
0.00902006 -0.016534 8.79495e-06 1.50075e-05 -0.016534 0.0816373 1.48014e-05 -0.000102759 8.79495e-06 1.48014e-05 0.00900555 -0.0165895 1.50075e-05 -0.000102759 -0.0165895 0.0822398 
0.00901845 -0.0165256 3.19258e-06 5.39087e-06 -0.0165256 0.0816829 5.80616e-06 -8.07463e-05 3.19258e-06 5.80616e-06 0.00901495 -0.0166192 5.39087e-06 -8.07463e-05 -0.0166192 0.0822921 
0.008984 -0.0164823 -4.06089e-06 1.11653e-05 -0.0164823 0.0814973 1.19686e-05 -7.99143e-05 -4.06089e-06 1.19686e-05 0.00901642 -0.0165941 1.11653e-05 -7.99143e-05 -0.0165941 0.0821574 
0.0089584 -0.0164184 -1.98236e-06 2.28204e-05 -0.0164184 0.0812446 2.39218e-05 -0.00010501 -1.98236e-06 2.39218e-05 0.00900185 -0.0165777 2.28204e-05 -0.00010501 -0.0165777 0.0820028 
0.00895679 -0.0163889 1.73134e-05 2.20367e-05 -0.0163889 0.0810916 1.99168e-05 -0.000113425 1.73134e-05 1.99168e-05 0.00897823 -0.0165646 2.20367e-05 -0.000113425 -0.0165646 0.0819237 
0.00899928 -0.016431 2.00516e-05 -2.50542e-06 -0.016431 0.0812368 -7.74073e-06 -7.21896e-05 2.00516e-05 -7.74073e-06 0.00896698 -0.01658 -2.50542e-06 -7.21896e-05 -0.01658 0.0820548 
0.00903567 -0.0164812 3.74336e-06 -9.4386e-06 -0.0164812 0.0813778 -1.45106e-05 -3.41912e-05 3.74336e-06 -1.45106e-05 0.00895385 -0.0165656 -9.4386e-06 -3.41912e-05 -0.0165656 0.0820817 
0.00906077 -0.0165428 1.75671e-06 1.00393e-05 -0.0165428 0.0815904 5.7737e-06 -5.13738e-05 1.75671e-06 5.7737e-06 0.0089607 -0.0165626 1.00393e-05 -5.13738e-05 -0.0165626 0.0821359 
0.00906742 -0.016557 -3.11551e-06 1.33007e-05 -0.016557 0.0816433 1.34445e-05 -7.6507e-05 -3.11551e-06 1.34445e-05 0.00896386 -0.0165491 1.33007e-05 -7.6507e-05 -0.0165491 0.0820734 
0.00905401 -0.0165754 -8.93187e-06 1.62199e-05 -0.0165754 0.0817203 2.32216e-05 -9.49013e-05 -8.93187e-06 2.32216e-05 0.00898829 -0.0165609 1.62199e-05 -9.49013e-05 -0.0165609 0.0820978 
0.00903723 -0.0165872 -1.23982e-05 2.41233e-05 -0.0165872 0.0818641 3.22732e-05 -0.000116938 -1.23982e-05 3.22732e-05 0.00903302 -0.0166199 2.41233e-05 -0.000116938 -0.0166199 0.0822996 
0.00903015 -0.0166044 1.29875e-06 3.16309e-05 -0.0166044 0.0820908 3.61714e-05 -0.000136945 1.29875e-06 3.61714e-05 0.00909119 -0.0167224 3.16309e-05 -0.000136945 -0.0167224 0.0827052 
0.00901701 -0.0165436 1.7241e-05 1.5863e-05 -0.0165436 0.081942 1.66512e-05 -0.000116855 1.7241e-05 1.66512e-05 0.009097 -0.0167553 1.5863e-05 -0.000116855 -0.0167553 0.0828003 
0.00902273 -0.0164843 2.09137e-05 -4.83041e-06 -0.0164843 0.0816547 -9.31707e-06 -6.33586e-05 2.09137e-05 -9.31707e-06 0.00905856 -0.0167303 -4.83041e-06 -6.33586e-05 -0.0167303 0.0826844 
0.00903874 -0.0164763 1.89224e-05 -1.1939e-05 -0.0164763 0.0814688 -2.14382e-05 -1.73285e-05 1.89224e-05 -2.14382e-05 0.00901593 -0.016666 -1.1939e-05 -1.73285e-05 -0.016666 0.0824716 
0.00907917 -0.0165727 1.54434e-05 -9.31161e-06 -0.0165727 0.0817854 -2.15877e-05 -4.07439e-07 1.54434e-05 -2.15877e-05 0.0090193 -0.0166768 -9.31161e-06 -4.07439e-07 -0.0166768 0.0826121 
0.00912158 -0.0166774 1.78847e-06 -4.1468e-06 -0.0166774 0.0822723 -1.70132e-05 -3.25975e-06 1.78847e-06 -1.70132e-05 0.00905882 -0.0167308 -4.1468e-06 -3.25975e-06 -0.0167308 0.0829331 
0.00913249 -0.0166933 -1.15506e-05 1.18039e-05 -0.0166933 0.0823911 5.03739e-07 -3.01042e-05 -1.15506e-05 5.03739e-07 0.00906909 -0.0167423 1.18039e-05 -3.01042e-05 -0.0167423 0.0829799 
0.00914151 -0.0167444 -1.63055e-05 2.79008e-05 -0.0167444 0.0826546 2.09399e-05 -7.32281e-05 -1.63055e-05 2.09399e-05 0.00911699 -0.016798 2.79008e-05 -7.32281e-05 -0.016798 0.0832383 
0.00911411 -0.0166888 -2.04969e-05 3.35031e-05 -0.0166888 0.0824688 3.12263e-05 -0.000106465 -2.04969e-05 3.12263e-05 0.00911746 -0.0167942 3.35031e-05 -0.000106465 -0.0167942 0.0831396 
0.00911383 -0.0166594 -2.49816e-05 3.71351e-05 -0.0166594 0.0823565 3.73891e-05 -0.000125403 -2.49816e-05 3.73891e-05 0.00910742 -0.016804 3.71351e-05 -0.000125403 -0.016804 0.0831395 
0.00911366 -0.016645 -2.51906e-05 4.00473e-05 -0.016645 0.082242 4.23969e-05 -0.000136389 -2.51906e-05 4.23969e-05 0.00907916 -0.0167804 4.00473e-05 -0.000136389 -0.0167804 0.0830607 
0.00909707 -0.0166125 -9.75227e-06 3.92255e-05 -0.0166125 0.0820338 4.13018e-05 -0.00013673 -9.75227e-06 4.13018e-05 0.00904159 -0.0167129 3.92255e-05 -0.00013673 -0.0167129 0.0828033 
0.00905638 -0.0165466 -1.09522e-05 2.25655e-05 -0.0165466 0.08168 2.17317e-05 -0.000108204 -1.09522e-05 2.17317e-05 0.00899695 -0.016617 2.25655e-05 -0.000108204 -0.016617 0.0823699 
0.00903604 -0.0165087 7.08251e-06 2.35224e-05 -0.0165087 0.0814881 1.82558e-05 -8.74836e-05 7.08251e-06 1.82558e-05 0.00896776 -0.0165648 2.35224e-05 -8.74836e-05 -0.0165648 0.082112 
0.0090344 -0.0165019 1.59412e-05 3.61409e-06 -0.0165019 0.0814446 -3.81877e-06 -5.03036e-05 1.59412e-05 -3.81877e-06 0.00894908 -0.0165448 3.61409e-06 -5.03036e-05 -0.0165448 0.0820193 
0.0090337 -0.0164971 1.86097e-05 -1.13527e-05 -0.0164971 0.0813963 -1.66801e-05 -6.4064e-06 1.86097e-05 -1.66801e-05 0.00892677 -0.0165109 -1.13527e-05 -6.4064e-06 -0.0165109 0.0818948 
0.00900407 -0.0164801 2.07253e-05 -1.83618e-05 -0.0164801 0.0812848 -2.04176e-05 2.21564e-05 2.07253e-05 -2.04176e-05 0.00892512 -0.0164588 -1.83618e-05 2.21564e-05 -0.0164588 0.0816796 
0.0089753 -0.0164252 9.20913e-06 -2.41376e-05 -0.0164252 0.0810842 -2.24539e-05 4.00569e-05 9.20913e-06 -2.24539e-05 0.00891654 -0.0164378 -2.41376e-05 4.00569e-05 -0.0164378 0.0814821 
0.00898743 -0.0164566 -5.42619e-06 -1.22213e-05 -0.0164566 0.0812598 -1.00734e-05 3.10139e-05 -5.42619e-06 -1.00734e-05 0.00894423 -0.0164971 -1.22213e-05 3.10139e-05 -0.0164971 0.0817202 
0.00899512 -0.0164877 -1.69795e-05 8.22442e-06 -0.0164877 0.0814411 8.78306e-06 -7.83737e-06 -1.69795e-05 8.78306e-06 0.00898167 -0.0165472 8.22442e-06 -7.83737e-06 -0.0165472 0.0819567 
0.00899603 -0.0164637 -1.45151e-05 2.38162e-05 -0.0164637 0.0813785 2.38947e-05 -5.05539e-05 -1.45151e-05 2.38947e-05 0.00898405 -0.0165625 2.38162e-05 -5.05539e-05 -0.0165625 0.0819779 
0.00900575 -0.01649 -1.33582e-05 2.19893e-05 -0.01649 0.0814873 2.18003e-05 -6.56186e-05 -1.33582e-05 2.18003e-05 0.0090023 -0.0166025 2.19893e-05 -6.56186e-05 -0.0166025 0.0821622 
0.00901475 -0.0164845 2.50493e-06 1.93353e-05 -0.0164845 0.0814768 1.90935e-05 -6.21884e-05 2.50493e-06 1.90935e-05 0.00899283 -0.0166118 1.93353e-05 -6.21884e-05 -0.0166118 0.0822075 
0.00900426 -0.0164878 1.29068e-05 -6.89461e-07 -0.0164878 0.081452 -2.02319e-06 -2.65712e-05 1.29068e-05 -2.02319e-06 0.00898054 -0.0165916 -6.89461e-07 -2.65712e-05 -0.0165916 0.0821724 
0.00900544 -0.0165026 1.49424e-05 -1.56664e-05 -0.0165026 0.0815516 -2.09058e-05 2.38395e-05 1.49424e-05 -2.09058e-05 0.00898436 -0.0165934 -1.56664e-05 2.38395e-05 -0.0165934 0.0822274 
0.00898291 -0.0164676 7.50214e-06 -1.79336e-05 -0.0164676 0.081416 -2.56129e-05 5.16689e-05 7.50214e-06 -2.56129e-05 0.00897705 -0.0165545 -1.79336e-05 5.16689e-05 -0.0165545 0.0820579 
0.00895822 -0.0164342 4.77079e-06 -7.683e-06 -0.0164342 0.081282 -1.80121e-05 4.8057e-05 4.77079e-06 -1.80121e-05 0.00898151 -0.0165351 -7.683e-06 4.8057e-05 -0.0165351 0.081925 
0.00896074 -0.0164073 3.19254e-06 -3.18697e-06 -0.0164073 0.0811941 -1.55818e-05 3.83909e-05 3.19254e-06 -1.55818e-05 0.00897154 -0.0165454 -3.18697e-06 3.83909e-05 -0.0165454 0.0818963 
0.00897693 -0.016398 5.74159e-06 -1.72708e-06 -0.016398 0.0811004 -1.30588e-05 3.29156e-05 5.74159e-06 -1.30588e-05 0.00894256 -0.0165246 -1.72708e-06 3.29156e-05 -0.0165246 0.0818184 
0.00899449 -0.0164318 4.93183e-06 -8.18854e-06 -0.0164318 0.0811567 -1.65608e-05 4.10517e-05 4.93183e-06 -1.65608e-05 0.00892639 -0.0165008 -8.18854e-06 4.10517e-05 -0.0165008 0.0817815 
0.00896663 -0.0164165 3.50696e-06 -8.78313e-06 -0.0164165 0.0810316 -1.64932e-05 4.82913e-05 3.50696e-06 -1.64932e-05 0.00891189 -0.0164411 -8.78313e-06 4.82913e-05 -0.0164411 0.0815344 
0.0089502 -0.016383 1.19361e-05 -8.28741e-06 -0.016383 0.0809166 -1.63945e-05 5.22248e-05 1.19361e-05 -1.63945e-05 0.00890452 -0.0164233 -8.28741e-06 5.22248e-05 -0.0164233 0.0813934 
0.00897182 -0.0164398 2.37695e-05 -1.8735e-05 -0.0164398 0.0812096 -2.64668e-05 7.02029e-05 2.37695e-05 -2.64668e-05 0.00894619 -0.0164981 -1.8735e-05 7.02029e-05 -0.0164981 0.0817265 
0.00898174 -0.0164394 1.85934e-05 -3.71138e-05 -0.0164394 0.0812524 -4.12406e-05 0.000107946 1.85934e-05 -4.12406e-05 0.0089551 -0.016525 -3.71138e-05 0.000107946 -0.016525 0.081833 
0.00900833 -0.0164989 1.41378e-05 -3.59927e-05 -0.0164989 0.0815296 -3.68172e-05 0.000126001 1.41378e-05 -3.68172e-05 0.00899485 -0.016588 -3.59927e-05 0.000126001 -0.016588 0.0821516 
0.00900993 -0.0165139 -2.67165e-06 -3.07904e-05 -0.0165139 0.0816243 -3.13362e-05 0.000122992 -2.67165e-06 -3.13362e-05 0.00902336 -0.0166182 -3.07904e-05 0.000122992 -0.0166182 0.082281 
0.0090071 -0.0165008 -7.35365e-06 -9.64288e-06 -0.0165008 0.0816006 -1.28378e-05 9.2111e-05 -7.35365e-06 -1.28378e-05 0.00903758 -0.0166406 -9.64288e-06 9.2111e-05 -0.0166406 0.08233 
0.00903899 -0.016523 -1.07831e-05 -1.58646e-06 -0.016523 0.0817127 -5.24765e-06 6.31484e-05 -1.07831e-05 -5.24765e-06 0.00904108 -0.0166869 -1.58646e-06 6.31484e-05 -0.0166869 0.0825186 
0.00906379 -0.0165814 -2.08449e-05 2.1917e-06 -0.0165814 0.0819238 1.37654e-06 4.41863e-05 -2.08449e-05 1.37654e-06 0.00905323 -0.0167124 2.1917e-06 4.41863e-05 -0.0167124 0.0827141 
0.00908278 -0.0166087 -2.69795e-05 1.27624e-05 -0.0166087 0.0820528 1.49776e-05 1.85555e-05 -2.69795e-05 1.49776e-05 0.00905142 -0.0167203 1.27624e-05 1.85555e-05 -0.0167203 0.0827914 
0.00907228 -0.0165777 -2.87415e-05 2.01403e-05 -0.0165777 0.0818811 2.41557e-05 -6.49489e-06 -2.87415e-05 2.41557e-05 0.00901351 -0.0166638 2.01403e-05 -6.49489e-06 -0.0166638 0.0825598 
0.00905907 -0.0165716 -3.03354e-05 2.31294e-05 -0.0165716 0.0818134 2.77359e-05 -2.27912e-05 -3.03354e-05 2.77359e-05 0.00899346 -0.0166211 2.31294e-05 -2.27912e-05 -0.0166211 0.0824085 
0.00904043 -0.0165399 -2.66646e-05 2.5353e-05 -0.0165399 0.0816802 2.85944e-05 -2.91943e-05 -2.66646e-05 2.85944e-05 0.00897908 -0.016577 2.5353e-05 -2.91943e-05 -0.016577 0.0822128 
0.00902397 -0.0165448 -2.12636e-05 2.02229e-05 -0.0165448 0.0817125 2.1157e-05 -1.96826e-05 -2.12636e-05 2.1157e-05 0.00900464 -0.0165809 2.02229e-05 -1.96826e-05 -0.0165809 0.0822153 
0.00902093 -0.0165148 -1.00816e-05 1.39348e-05 -0.0165148 0.0816481 1.18095e-05 -2.95472e-07 -1.00816e-05 1.18095e-05 0.00900627 -0.016602 1.39348e-05 -2.95472e-07 -0.016602 0.0822167 
0.00901385 -0.016475 -5.47519e-06 -1.13409e-06 -0.016475 0.0814361 -3.2918e-06 3.34116e-05 -5.47519e-06 -3.2918e-06 0.00897844 -0.0165731 -1.13409e-06 3.34116e-05 -0.0165731 0.0820632 
0.00896887 -0.0164315 5.80986e-06 -8.98694e-06 -0.0164315 0.0811567 -8.61305e-06 6.03897e-05 5.80986e-06 -8.61305e-06 0.00895732 -0.0165054 -8.98694e-06 6.03897e-05 -0.0165054 0.0817648 
0.00894639 -0.016406 1.98806e-05 -2.27609e-05 -0.016406 0.0810873 -2.02103e-05 8.8372e-05 1.98806e-05 -2.02103e-05 0.00896049 -0.0165059 -2.27609e-05 8.8372e-05 -0.0165059 0.0817152 
0.00894569 -0.0163913 1.4663e-05 -4.17524e-05 -0.0163913 0.0810747 -3.71374e-05 0.000128865 1.4663e-05 -3.71374e-05 0.0089617 -0.0165284 -4.17524e-05 0.000128865 -0.0165284 0.0817857 
0.00893801 -0.0163642 1.26797e-05 -3.47212e-05 -0.0163642 0.0809378 -3.28002e-05 0.000137943 1.26797e-05 -3.28002e-05 0.00894078 -0.0165037 -3.47212e-05 0.000137943 -0.0165037 0.0816899 
0.00893637 -0.0163686 1.4782e-05 -2.78351e-05 -0.0163686 0.0809237 -3.07616e-05 0.000128073 1.4782e-05 -3.07616e-05 0.00893365 -0.0164833 -2.78351e-05 0.000128073 -0.0164833 0.0816376 
0.00894681 -0.0164176 1.48926e-05 -2.716e-05 -0.0164176 0.0811643 -3.29942e-05 0.000122536 1.48926e-05 -3.29942e-05 0.00896247 -0.0165201 -2.716e-05 0.000122536 -0.0165201 0.0818286 
0.00895407 -0.0164155 1.94524e-05 -2.53325e-05 -0.0164155 0.0812217 -3.19791e-05 0.000116561 1.94524e-05 -3.19791e-05 0.00896913 -0.0165401 -2.53325e-05 0.000116561 -0.0165401 0.0818975 
0.00897389 -0.0164499 2.29392e-05 -3.26969e-05 -0.0164499 0.0813923 -3.69551e-05 0.000123552 2.29392e-05 -3.69551e-05 0.00898594 -0.016579 -3.26969e-05 0.000123552 -0.016579 0.0820948 
0.00897235 -0.0164418 2.32033e-05 -3.97976e-05 -0.0164418 0.0813523 -4.03604e-05 0.000136638 2.32033e-05 -4.03604e-05 0.00898145 -0.0165687 -3.97976e-05 0.000136638 -0.0165687 0.0820622 
0.00896779 -0.0164333 2.34462e-05 -3.97837e-05 -0.0164333 0.0813052 -3.77892e-05 0.000137406 2.34462e-05 -3.77892e-05 0.00897855 -0.0165592 -3.97837e-05 0.000137406 -0.0165592 0.082018 
0.00895853 -0.0164173 1.25947e-05 -4.23381e-05 -0.0164173 0.0812289 -3.68e-05 0.000138535 1.25947e-05 -3.68e-05 0.00897223 -0.0165493 -4.23381e-05 0.000138535 -0.0165493 0.0819581 
0.00894094 -0.0163857 -5.79642e-07 -3.05644e-05 -0.0163857 0.081075 -2.35208e-05 0.000119868 -5.79642e-07 -2.35208e-05 0.00895587 -0.0165212 -3.05644e-05 0.000119868 -0.0165212 0.0818187 
0.00891672 -0.0163328 -1.78614e-05 -1.10722e-05 -0.0163328 0.0808158 -5.46846e-06 7.73748e-05 -1.78614e-05 -5.46846e-06 0.00892664 -0.0164697 -1.10722e-05 7.73748e-05 -0.0164697 0.0815672 
0.00891657 -0.0163188 -8.08792e-06 1.50138e-05 -0.0163188 0.080727 1.70057e-05 1.71081e-05 -8.08792e-06 1.70057e-05 0.00890525 -0.0164489 1.50138e-05 1.71081e-05 -0.0164489 0.0814699 
0.00891812 -0.0163207 1.76414e-06 9.10067e-06 -0.0163207 0.0806949 6.39205e-06 -2.02393e-06 1.76414e-06 6.39205e-06 0.00888778 -0.0164239 9.10067e-06 -2.02393e-06 -0.0164239 0.0813908 
0.00892332 -0.0163377 -5.42208e-07 -5.10571e-06 -0.0163377 0.0807489 -8.12899e-06 2.07017e-05 -5.42208e-07 -8.12899e-06 0.00888117 -0.01641 -5.10571e-06 2.07017e-05 -0.01641 0.0813636 
0.00893595 -0.0163577 6.48022e-06 -5.12295e-06 -0.0163577 0.0808429 -8.05092e-06 3.51993e-05 6.48022e-06 -8.05092e-06 0.00887733 -0.0164081 -5.12295e-06 3.51993e-05 -0.0164081 0.0813792 
0.00890678 -0.0163219 6.62889e-06 -1.56667e-05 -0.0163219 0.0806534 -1.78865e-05 5.65641e-05 6.62889e-06 -1.78865e-05 0.00885395 -0.0163488 -1.56667e-05 5.65641e-05 -0.0163488 0.0811148 
0.0088745 -0.0162618 9.03999e-06 -1.83528e-05 -0.0162618 0.0803837 -1.94428e-05 7.27568e-05 9.03999e-06 -1.94428e-05 0.00882682 -0.0162898 -1.83528e-05 7.27568e-05 -0.0162898 0.0808053 
0.00884522 -0.0162257 1.76581e-06 -2.30174e-05 -0.0162257 0.0802152 -2.29939e-05 8.66486e-05 1.76581e-06 -2.29939e-05 0.00881995 -0.016262 -2.30174e-05 8.66486e-05 -0.016262 0.0806387 
0.00881582 -0.0161787 -1.67756e-05 -1.59627e-05 -0.0161787 0.0800247 -1.26783e-05 8.06339e-05 -1.67756e-05 -1.26783e-05 0.00881516 -0.0162428 -1.59627e-05 8.06339e-05 -0.0162428 0.0804924 
0.00881104 -0.016174 -2.62312e-05 7.98709e-06 -0.016174 0.0800375 1.29951e-05 3.51718e-05 -2.62312e-05 1.29951e-05 0.00882298 -0.0162727 7.98709e-06 3.51718e-05 -0.0162727 0.0805876 
0.00883008 -0.0161823 -1.70961e-05 2.43317e-05 -0.0161823 0.0801091 2.69294e-05 -1.521e-05 -1.70961e-05 2.69294e-05 0.00881399 -0.0163015 2.43317e-05 -1.521e-05 -0.0163015 0.0807324 
0.00882419 -0.0161631 -6.38549e-06 1.65608e-05 -0.0161631 0.0799684 1.68169e-05 -2.48675e-05 -6.38549e-06 1.68169e-05 0.00878706 -0.0162449 1.65608e-05 -2.48675e-05 -0.0162449 0.0805571 
0.00882899 -0.0161786 -4.37634e-06 4.21229e-06 -0.0161786 0.0800034 6.74889e-06 -8.73158e-06 -4.37634e-06 6.74889e-06 0.00877773 -0.0162268 4.21229e-06 -8.73158e-06 -0.0162268 0.0805052 
0.00882195 -0.0161941 -4.28837e-07 -6.7316e-07 -0.0161941 0.0800667 5.12244e-06 3.95432e-06 -4.28837e-07 5.12244e-06 0.00878627 -0.0162159 -6.7316e-07 3.95432e-06 -0.0162159 0.0804778 
0.00881054 -0.0161586 2.92558e-06 -4.28331e-06 -0.0161586 0.0799446 1.21227e-06 1.09639e-05 2.92558e-06 1.21227e-06 0.00877451 -0.0161942 -4.28331e-06 1.09639e-05 -0.0161942 0.0803314 
0.00881811 -0.0161564 -5.86124e-08 -7.98687e-06 -0.0161564 0.0799282 -8.8098e-07 1.61008e-05 -5.86124e-08 -8.8098e-07 0.00877172 -0.016197 -7.98687e-06 1.61008e-05 -0.016197 0.0803257 
0.00882715 -0.0161769 -1.26161e-06 -5.25369e-06 -0.0161769 0.0799914 4.30359e-06 1.14335e-05 -1.26161e-06 4.30359e-06 0.00877832 -0.0162071 -5.25369e-06 1.14335e-05 -0.0162071 0.08038 
0.00883326 -0.016189 1.36959e-06 -4.81768e-06 -0.016189 0.0800431 7.24092e-06 4.88858e-06 1.36959e-06 7.24092e-06 0.00877882 -0.0162173 -4.81768e-06 4.88858e-06 -0.0162173 0.0804232 
0.00885044 -0.0162591 -9.20455e-06 -5.38898e-06 -0.0162591 0.0803877 4.5727e-06 1.60232e-06 -9.20455e-06 4.5727e-06 0.00882564 -0.016284 -5.38898e-06 1.60232e-06 -0.016284 0.0807664 
0.00883377 -0.0162486 -1.96205e-05 9.54555e-06 -0.0162486 0.0804221 1.57082e-05 -1.97466e-05 -1.96205e-05 1.57082e-05 0.00885267 -0.0163095 9.54555e-06 -1.97466e-05 -0.0163095 0.080855 
0.00883738 -0.0162285 -1.63291e-05 2.72468e-05 -0.0162285 0.0804153 2.94501e-05 -5.953e-05 -1.63291e-05 2.94501e-05 0.00887226 -0.0163497 2.72468e-05 -5.953e-05 -0.0163497 0.0809799 
0.0088721 -0.0162424 -4.70237e-06 2.58238e-05 -0.0162424 0.0804761 2.63844e-05 -7.68439e-05 -4.70237e-06 2.63844e-05 0.00886987 -0.0163905 2.58238e-05 -7.68439e-05 -0.0163905 0.0811539 
0.00888687 -0.0162888 4.89849e-06 9.76574e-06 -0.0162888 0.0806003 1.00634e-05 -5.34587e-05 4.89849e-06 1.00634e-05 0.00888055 -0.0163969 9.76574e-06 -5.34587e-05 -0.0163969 0.0812655 
0.0088774 -0.0162957 3.82086e-06 -4.6917e-06 -0.0162957 0.0806309 -4.82671e-06 -1.42959e-05 3.82086e-06 -4.82671e-06 0.00889104 -0.0163948 -4.6917e-06 -1.42959e-05 -0.0163948 0.0812599 
0.00887184 -0.0162849 -2.47976e-06 -3.86049e-06 -0.0162849 0.0806244 -5.95171e-06 3.65627e-06 -2.47976e-06 -5.95171e-06 0.00889972 -0.0164045 -3.86049e-06 3.65627e-06 -0.0164045 0.0812693 
0.00887654 -0.0162774 -1.29858e-05 5.73425e-06 -0.0162774 0.0806084 3.14067e-06 -7.13736e-06 -1.29858e-05 3.14067e-06 0.00890444 -0.0164181 5.73425e-06 -7.13736e-06 -0.0164181 0.0813047 
0.00889495 -0.0162932 -2.22203e-05 1.83444e-05 -0.0162932 0.0806616 1.90993e-05 -3.76298e-05 -2.22203e-05 1.90993e-05 0.00890298 -0.0164348 1.83444e-05 -3.76298e-05 -0.0164348 0.0813832 
0.00892686 -0.0163348 -6.68233e-06 2.94931e-05 -0.0163348 0.0808137 3.42732e-05 -7.54138e-05 -6.68233e-06 3.42732e-05 0.00889928 -0.0164487 2.94931e-05 -7.54138e-05 -0.0164487 0.081495 
0.00893825 -0.0163422 3.64405e-06 1.11842e-05 -0.0163422 0.0807826 1.96501e-05 -6.94415e-05 3.64405e-06 1.96501e-05 0.00887528 -0.0164064 1.11842e-05 -6.94415e-05 -0.0164064 0.081355 
0.00892006 -0.0163458 4.39417e-07 -9.21284e-07 -0.0163458 0.0807367 5.67672e-06 -4.12252e-05 4.39417e-07 5.67672e-06 0.00887139 -0.0163657 -9.21284e-07 -4.12252e-05 -0.0163657 0.0811901 
0.00888113 -0.0163106 -2.66767e-06 7.04368e-06 -0.0163106 0.0806161 9.35714e-06 -4.12831e-05 -2.66767e-06 9.35714e-06 0.00888065 -0.0163515 7.04368e-06 -4.12831e-05 -0.0163515 0.0810579 
0.00886455 -0.0162609 -1.10847e-05 1.39256e-05 -0.0162609 0.0804725 1.36934e-05 -5.73356e-05 -1.10847e-05 1.36934e-05 0.00887349 -0.0163653 1.39256e-05 -5.73356e-05 -0.0163653 0.0810266 
0.00886448 -0.0162514 -1.13641e-05 2.22504e-05 -0.0162514 0.080425 1.92279e-05 -7.12955e-05 -1.13641e-05 1.92279e-05 0.00886909 -0.0163684 2.22504e-05 -7.12955e-05 -0.0163684 0.081059 
