0.00620527 0 -8.47757e-06 0 0 0.00881743 0 0 -8.47757e-06 0 0.006231 0 0 0 0 0.00881743 
0.00944301 -0.0117177 -1.73622e-05 2.25797e-05 -0.0117177 0.0311734 2.25797e-05 -4.31628e-05 -1.73622e-05 2.25797e-05 0.00952256 -0.0118226 2.25797e-05 -4.31628e-05 -0.0118226 0.0313739 
0.00970315 -0.0180234 -3.27208e-05 6.07353e-05 -0.0180234 0.0665187 6.07353e-05 -0.000202088 -3.27208e-05 6.07353e-05 0.00982606 -0.0184016 6.07353e-05 -0.000202088 -0.0184016 0.0677898 
0.00919811 -0.0175476 -3.12994e-05 9.30361e-05 -0.0175476 0.0786699 8.46715e-05 -0.000383885 -3.12994e-05 8.46715e-05 0.00925584 -0.0181158 9.30361e-05 -0.000383885 -0.0181158 0.0814098 
0.00897628 -0.0165405 -2.17091e-05 7.97136e-05 -0.0165405 0.0794275 6.29752e-05 -0.000388192 -2.17091e-05 6.29752e-05 0.0089192 -0.0169535 7.97136e-05 -0.000388192 -0.0169535 0.0823167 
0.00873667 -0.0158963 -5.55417e-06 5.32842e-05 -0.0158963 0.077522 3.53564e-05 -0.000278506 -5.55417e-06 3.53564e-05 0.00863174 -0.0160465 5.32842e-05 -0.000278506 -0.0160465 0.0794927 
0.00846346 -0.0153981 5.05605e-06 2.61745e-05 -0.0153981 0.0754009 1.31468e-05 -0.000169064 5.05605e-06 1.31468e-05 0.00836453 -0.0154167 2.61745e-05 -0.000169064 -0.0154167 0.0765122 
0.00820395 -0.0149282 7.97189e-06 1.0009e-05 -0.0149282 0.0733258 3.63286e-06 -0.000100097 7.97189e-06 3.63286e-06 0.00812105 -0.0149369 1.0009e-05 -0.000100097 -0.0149369 0.0740224 
0.00960382 -0.0174999 1.10048e-05 7.50616e-06 -0.0174999 0.086106 6.07167e-06 -9.13562e-05 1.10048e-05 6.07167e-06 0.00955631 -0.0175457 7.50616e-06 -9.13562e-05 -0.0175457 0.0868301 
0.00948071 -0.0172581 3.39676e-06 6.29785e-06 -0.0172581 0.0850305 1.10946e-05 -9.10574e-05 3.39676e-06 1.10946e-05 0.00945401 -0.017382 6.29785e-06 -9.10574e-05 -0.017382 0.085869 
0.00941781 -0.0171333 2.38777e-07 1.57133e-05 -0.0171333 0.0844188 2.52348e-05 -0.000115821 2.38777e-07 2.52348e-05 0.00938617 -0.0172954 1.57133e-05 -0.000115821 -0.0172954 0.0854003 
0.00936199 -0.0170343 -5.68323e-07 1.96545e-05 -0.0170343 0.0838967 3.14725e-05 -0.000138576 -5.68323e-07 3.14725e-05 0.00932967 -0.0171871 1.96545e-05 -0.000138576 -0.0171871 0.0849171 
0.00932454 -0.0169764 -6.7393e-06 2.10354e-05 -0.0169764 0.0835876 3.22781e-05 -0.000148907 -6.7393e-06 3.22781e-05 0.00929779 -0.0171178 2.10354e-05 -0.000148907 -0.0171178 0.0845836 
0.00930955 -0.0169565 -1.8872e-05 3.08303e-05 -0.0169565 0.0834899 3.40165e-05 -0.000158545 -1.8872e-05 3.40165e-05 0.00928589 -0.0170993 3.08303e-05 -0.000158545 -0.0170993 0.084467 
0.00932694 -0.01698 6.88465e-07 4.98911e-05 -0.01698 0.0836173 4.3158e-05 -0.000183612 6.88465e-07 4.3158e-05 0.00928775 -0.0171275 4.98911e-05 -0.000183612 -0.0171275 0.0845949 
0.00932902 -0.0170052 2.42096e-05 2.74597e-05 -0.0170052 0.0837221 1.79901e-05 -0.000159781 2.42096e-05 1.79901e-05 0.00928749 -0.0171336 2.74597e-05 -0.000159781 -0.0171336 0.0846722 
0.00930137 -0.0169755 4.01394e-05 -7.45746e-06 -0.0169755 0.0836122 -1.2017e-05 -8.79568e-05 4.01394e-05 -1.2017e-05 0.00927209 -0.0170969 -7.45746e-06 -8.79568e-05 -0.0170969 0.0845283 
0.00928023 -0.0169415 3.08585e-05 -3.06316e-05 -0.0169415 0.0835045 -3.07381e-05 -2.09397e-05 3.08585e-05 -3.07381e-05 0.00926055 -0.0170734 -3.06316e-05 -2.09397e-05 -0.0170734 0.0844173 
0.00928027 -0.0169268 3.09695e-05 -1.98093e-05 -0.0169268 0.0834708 -1.98649e-05 -1.186e-05 3.09695e-05 -1.98649e-05 0.00924764 -0.017069 -1.98093e-05 -1.186e-05 -0.017069 0.0843971 
0.00927137 -0.0169265 2.30879e-05 -1.71248e-05 -0.0169265 0.0834566 -1.87984e-05 -2.012e-05 2.30879e-05 -1.87984e-05 0.00924885 -0.0170517 -1.71248e-05 -2.012e-05 -0.0170517 0.0843603 
0.00924092 -0.0168953 2.33437e-05 -6.93227e-06 -0.0168953 0.0833383 -1.06812e-05 -3.54932e-05 2.33437e-05 -1.06812e-05 0.00925812 -0.0170314 -6.93227e-06 -3.54932e-05 -0.0170314 0.084239 
0.00923763 -0.0168571 2.88711e-05 -7.16978e-06 -0.0168571 0.083227 -1.16946e-05 -4.19216e-05 2.88711e-05 -1.16946e-05 0.00924746 -0.0170479 -7.16978e-06 -4.19216e-05 -0.0170479 0.0842222 
0.00924207 -0.016842 2.06946e-05 -1.67304e-05 -0.016842 0.0831196 -1.87845e-05 -2.74532e-05 2.06946e-05 -1.87845e-05 0.00922215 -0.0170303 -1.67304e-05 -2.74532e-05 -0.0170303 0.0841676 
0.00921927 -0.0168163 1.70711e-05 -7.8602e-06 -0.0168163 0.0829218 -7.99643e-06 -3.29237e-05 1.70711e-05 -7.99643e-06 0.00920101 -0.0169599 -7.8602e-06 -3.29237e-05 -0.0169599 0.083902 
0.00922922 -0.0168379 1.00542e-05 -3.75523e-06 -0.0168379 0.0830287 -4.28559e-06 -4.36248e-05 1.00542e-05 -4.28559e-06 0.00920891 -0.0169772 -3.75523e-06 -4.36248e-05 -0.0169772 0.0839554 
0.00923884 -0.0168357 1.01693e-06 4.8643e-06 -0.0168357 0.08302 6.1956e-06 -6.2571e-05 1.01693e-06 6.1956e-06 0.00919704 -0.0169726 4.8643e-06 -6.2571e-05 -0.0169726 0.0839262 
0.00926238 -0.0168714 -4.52488e-06 1.56973e-05 -0.0168714 0.0831475 1.83966e-05 -8.84976e-05 -4.52488e-06 1.83966e-05 0.00919575 -0.0169809 1.56973e-05 -8.84976e-05 -0.0169809 0.0840033 
0.00927277 -0.0169342 3.14246e-06 2.40639e-05 -0.0169342 0.0834112 2.65688e-05 -0.000113952 3.14246e-06 2.65688e-05 0.00922306 -0.0170065 2.40639e-05 -0.000113952 -0.0170065 0.0841768 
0.00925411 -0.0169581 1.45719e-06 1.42883e-05 -0.0169581 0.083609 1.69089e-05 -0.00010934 1.45719e-06 1.69089e-05 0.00926588 -0.0170509 1.42883e-05 -0.00010934 -0.0170509 0.0843631 
0.00925442 -0.0169433 4.72285e-06 1.55495e-05 -0.0169433 0.08371 1.71626e-05 -0.000102527 4.72285e-06 1.71626e-05 0.00929649 -0.0171184 1.55495e-05 -0.000102527 -0.0171184 0.0846059 
0.00924196 -0.0168802 7.56032e-06 1.11091e-05 -0.0168802 0.0834554 1.18794e-05 -9.32045e-05 7.56032e-06 1.18794e-05 0.00927672 -0.0171016 1.11091e-05 -9.32045e-05 -0.0171016 0.0845062 
0.00924455 -0.016849 7.88687e-07 5.36867e-06 -0.016849 0.0832507 8.14071e-06 -7.88897e-05 7.88687e-07 8.14071e-06 0.0092453 -0.0170646 5.36867e-06 -7.88897e-05 -0.0170646 0.0843556 
0.00924615 -0.0168577 -8.81526e-06 1.45994e-05 -0.0168577 0.0831935 1.88979e-05 -9.02961e-05 -8.81526e-06 1.88979e-05 0.00922354 -0.0170287 1.45994e-05 -9.02961e-05 -0.0170287 0.0842397 
0.00925552 -0.0168889 -1.99804e-05 2.79531e-05 -0.0168889 0.0833089 3.09528e-05 -0.000119093 -1.99804e-05 3.09528e-05 0.00922681 -0.0170251 2.79531e-05 -0.000119093 -0.0170251 0.0842609 
0.00923345 -0.0168691 -1.98929e-05 4.42544e-05 -0.0168691 0.0832143 4.40464e-05 -0.000156118 -1.98929e-05 4.40464e-05 0.00922147 -0.0169886 4.42544e-05 -0.000156118 -0.0169886 0.0840903 
0.00919531 -0.0168045 -7.81015e-06 4.43651e-05 -0.0168045 0.0829349 4.30943e-05 -0.000171956 -7.81015e-06 4.30943e-05 0.00920455 -0.0169377 4.43651e-05 -0.000171956 -0.0169377 0.0837927 
0.00917442 -0.0167574 3.46512e-06 2.77839e-05 -0.0167574 0.0827282 2.87733e-05 -0.00015059 3.46512e-06 2.87733e-05 0.00919096 -0.0169172 2.77839e-05 -0.00015059 -0.0169172 0.0836247 
0.00917321 -0.0167814 5.48665e-06 1.05162e-05 -0.0167814 0.0828371 1.51656e-05 -0.000113195 5.48665e-06 1.51656e-05 0.00921432 -0.0169538 1.05162e-05 -0.000113195 -0.0169538 0.0837785 
0.00917074 -0.0167759 1.00606e-05 7.20666e-06 -0.0167759 0.0828704 1.02716e-05 -8.9602e-05 1.00606e-05 1.02716e-05 0.00922253 -0.0169846 7.20666e-06 -8.9602e-05 -0.0169846 0.0838904 
0.00919159 -0.0167836 1.29444e-05 4.55049e-06 -0.0167836 0.0829387 2.2514e-06 -7.50325e-05 1.29444e-05 2.2514e-06 0.00921937 -0.0170119 4.55049e-06 -7.50325e-05 -0.0170119 0.0840345 
0.00920804 -0.0167887 1.09305e-05 3.19126e-06 -0.0167887 0.0829109 -3.44532e-06 -6.30154e-05 1.09305e-05 -3.44532e-06 0.00919457 -0.0169873 3.19126e-06 -6.30154e-05 -0.0169873 0.0839901 
0.00922432 -0.0168033 5.57474e-06 7.14471e-06 -0.0168033 0.0829002 1.07322e-06 -6.65555e-05 5.57474e-06 1.07322e-06 0.00917253 -0.0169443 7.14471e-06 -6.65555e-05 -0.0169443 0.0838639 
0.00923547 -0.0168366 7.81674e-06 1.38336e-05 -0.0168366 0.0829894 1.28243e-05 -8.67159e-05 7.81674e-06 1.28243e-05 0.00917225 -0.0169252 1.38336e-05 -8.67159e-05 -0.0169252 0.0838083 
0.0092481 -0.0168444 1.27005e-05 1.11891e-05 -0.0168444 0.0830139 1.40343e-05 -9.85369e-05 1.27005e-05 1.40343e-05 0.00916194 -0.0169145 1.11891e-05 -9.85369e-05 -0.0169145 0.0837391 
0.0092623 -0.0168721 2.06165e-05 4.71943e-06 -0.0168721 0.0831045 6.32172e-06 -8.99284e-05 2.06165e-05 6.32172e-06 0.00916502 -0.0169168 4.71943e-06 -8.99284e-05 -0.0169168 0.0837626 
0.00926389 -0.0168936 2.88384e-05 -5.39273e-06 -0.0168936 0.0831916 -8.28096e-06 -6.263e-05 2.88384e-05 -8.28096e-06 0.00917996 -0.0169264 -5.39273e-06 -6.263e-05 -0.0169264 0.083806 
0.00926243 -0.0168898 1.73593e-05 -1.38471e-05 -0.0168898 0.0832011 -2.29554e-05 -3.04072e-05 1.73593e-05 -2.29554e-05 0.00919239 -0.0169395 -1.38471e-05 -3.04072e-05 -0.0169395 0.0838275 
0.00927255 -0.0169069 -4.91623e-06 -2.07727e-06 -0.0169069 0.083296 -1.11383e-05 -3.08102e-05 -4.91623e-06 -1.11383e-05 0.00921634 -0.0169786 -2.07727e-06 -3.08102e-05 -0.0169786 0.0839736 
0.00927841 -0.0169299 -1.13761e-05 2.21923e-05 -0.0169299 0.0834114 1.90071e-05 -7.64992e-05 -1.13761e-05 1.90071e-05 0.00923762 -0.0170215 2.21923e-05 -7.64992e-05 -0.0170215 0.0841486 
0.00928415 -0.016956 -9.16792e-06 2.87762e-05 -0.016956 0.083574 3.19721e-05 -0.000115991 -9.16792e-06 3.19721e-05 0.00927597 -0.0170744 2.87762e-05 -0.000115991 -0.0170744 0.0843895 
0.00930101 -0.0169885 5.20139e-06 2.62821e-05 -0.0169885 0.0837942 3.16541e-05 -0.000128053 5.20139e-06 3.16541e-05 0.00931724 -0.0171548 2.62821e-05 -0.000128053 -0.0171548 0.0847283 
0.00930184 -0.0169793 2.44963e-05 9.80896e-06 -0.0169793 0.0837891 1.24418e-05 -0.000102352 2.44963e-05 1.24418e-05 0.00933136 -0.0171837 9.80896e-06 -0.000102352 -0.0171837 0.0848485 
0.00930079 -0.0169501 2.25244e-05 -1.42252e-05 -0.0169501 0.0836486 -1.66926e-05 -4.46547e-05 2.25244e-05 -1.66926e-05 0.00931396 -0.0171746 -1.42252e-05 -4.46547e-05 -0.0171746 0.0847968 
0.00930755 -0.0169717 1.84523e-05 -1.48493e-05 -0.0169717 0.0836985 -1.84903e-05 -1.15812e-05 1.84523e-05 -1.84903e-05 0.00932348 -0.0171747 -1.48493e-05 -1.15812e-05 -0.0171747 0.0848451 
0.0093071 -0.0169872 1.75998e-05 -7.42503e-06 -0.0169872 0.0837731 -1.23321e-05 -1.43062e-05 1.75998e-05 -1.23321e-05 0.00934218 -0.0171917 -7.42503e-06 -1.43062e-05 -0.0171917 0.0849109 
0.00929611 -0.0169661 8.05095e-06 -5.02074e-06 -0.0169661 0.0837058 -1.23417e-05 -1.95583e-05 8.05095e-06 -1.23417e-05 0.00934302 -0.0171973 -5.02074e-06 -1.95583e-05 -0.0171973 0.0848901 
0.00930082 -0.0169534 4.59425e-06 5.80169e-06 -0.0169534 0.0836566 -8.1421e-07 -3.65026e-05 4.59425e-06 -8.1421e-07 0.00933498 -0.0172006 5.80169e-06 -3.65026e-05 -0.0172006 0.084895 
0.00929225 -0.0169594 9.50864e-07 1.02338e-05 -0.0169594 0.0836419 5.45217e-06 -5.51581e-05 9.50864e-07 5.45217e-06 0.00933563 -0.0171874 1.02338e-05 -5.51581e-05 -0.0171874 0.0848672 
0.00930239 -0.0169658 5.21536e-06 9.7524e-06 -0.0169658 0.083705 9.09814e-06 -5.97401e-05 5.21536e-06 9.09814e-06 0.00933454 -0.017204 9.7524e-06 -5.97401e-05 -0.017204 0.0849308 
0.00929784 -0.0169599 1.34094e-05 1.14663e-06 -0.0169599 0.0836607 3.03161e-06 -4.70154e-05 1.34094e-05 3.03161e-06 0.00932149 -0.0171848 1.14663e-06 -4.70154e-05 -0.0171848 0.0848721 
0.00927722 -0.0169233 6.90919e-06 -9.54648e-06 -0.0169233 0.0834736 -8.06672e-06 -2.10604e-05 6.90919e-06 -8.06672e-06 0.00929715 -0.0171303 -9.54648e-06 -2.10604e-05 -0.0171303 0.0846384 
0.00927649 -0.0169125 -1.62194e-06 -2.70399e-07 -0.0169125 0.0834204 -1.734e-06 -2.09928e-05 -1.62194e-06 -1.734e-06 0.00928304 -0.017112 -2.70399e-07 -2.09928e-05 -0.017112 0.0845464 
0.00927371 -0.0168911 1.45816e-07 1.13396e-05 -0.0168911 0.0832922 6.4075e-06 -3.89503e-05 1.45816e-07 6.4075e-06 0.00926361 -0.017074 1.13396e-05 -3.89503e-05 -0.017074 0.0843754 
0.00928981 -0.0169026 1.94594e-06 9.10487e-06 -0.0169026 0.0833006 2.90193e-06 -4.14471e-05 1.94594e-06 2.90193e-06 0.00925419 -0.0170665 9.10487e-06 -4.14471e-05 -0.0170665 0.0843369 
0.00931087 -0.0169734 1.2741e-05 4.94414e-06 -0.0169734 0.0835852 -2.20688e-06 -2.96243e-05 1.2741e-05 -2.20688e-06 0.00928004 -0.0171086 4.94414e-06 -2.96243e-05 -0.0171086 0.0845625 
0.00932103 -0.0170024 3.23001e-06 -7.47602e-06 -0.0170024 0.0837715 -1.50096e-05 -3.21864e-06 3.23001e-06 -1.50096e-05 0.00930126 -0.0171464 -7.47602e-06 -3.21864e-06 -0.0171464 0.0847396 
0.00933347 -0.0170059 -1.98919e-06 3.69559e-06 -0.0170059 0.0838308 -3.99416e-06 -5.92264e-06 -1.98919e-06 -3.99416e-06 0.00930548 -0.0171668 3.69559e-06 -5.92264e-06 -0.0171668 0.0848341 
0.00933459 -0.017008 1.07618e-06 1.09269e-05 -0.017008 0.0838213 2.68325e-06 -2.36118e-05 1.07618e-06 2.68325e-06 0.00931304 -0.0171642 1.09269e-05 -2.36118e-05 -0.0171642 0.0848427 
0.00931979 -0.0169907 -9.02612e-06 5.40158e-06 -0.0169907 0.0837349 -2.15923e-06 -2.05505e-05 -9.02612e-06 -2.15923e-06 0.0093153 -0.0171568 5.40158e-06 -2.05505e-05 -0.0171568 0.0847768 
0.0093194 -0.0169756 -5.2186e-06 1.383e-05 -0.0169756 0.0836828 7.32998e-06 -2.60301e-05 -5.2186e-06 7.32998e-06 0.00930336 -0.0171661 1.383e-05 -2.60301e-05 -0.0171661 0.0847794 
0.00931945 -0.0169612 1.51688e-05 7.23691e-06 -0.0169612 0.0835841 2.88471e-06 -1.98261e-05 1.51688e-05 2.88471e-06 0.00927289 -0.0171331 7.23691e-06 -1.98261e-05 -0.0171331 0.0846747 
0.00929008 -0.0169168 2.28741e-05 -2.11963e-05 -0.0169168 0.0833205 -2.20494e-05 2.86297e-05 2.28741e-05 -2.20494e-05 0.00923329 -0.0170469 -2.11963e-05 2.86297e-05 -0.0170469 0.0843282 
0.00925703 -0.016907 1.81538e-05 -3.51171e-05 -0.016907 0.0832666 -3.26995e-05 7.67309e-05 1.81538e-05 -3.26995e-05 0.00924188 -0.0170187 -3.51171e-05 7.67309e-05 -0.0170187 0.0842012 
0.00923023 -0.0168543 1.06946e-05 -2.77886e-05 -0.0168543 0.0831105 -2.58374e-05 8.14411e-05 1.06946e-05 -2.58374e-05 0.00923949 -0.0170117 -2.77886e-05 8.14411e-05 -0.0170117 0.0840795 
0.00923058 -0.0168185 1.01397e-05 -1.52502e-05 -0.0168185 0.0829719 -1.52118e-05 5.86684e-05 1.01397e-05 -1.52118e-05 0.00922492 -0.0170088 -1.52502e-05 5.86684e-05 -0.0170088 0.0840207 
0.00922667 -0.0168181 5.06302e-07 -1.32057e-05 -0.0168181 0.0829073 -1.40579e-05 4.46336e-05 5.06302e-07 -1.40579e-05 0.00920734 -0.0169892 -1.32057e-05 4.46336e-05 -0.0169892 0.0839559 
0.00921105 -0.0168151 5.61742e-06 -3.62626e-06 -0.0168151 0.0828735 -2.6342e-06 2.70059e-05 5.61742e-06 -2.6342e-06 0.00920088 -0.0169611 -3.62626e-06 2.70059e-05 -0.0169611 0.0838613 
0.0091982 -0.0168076 -3.5723e-06 -8.24494e-06 -0.0168076 0.0828826 -7.71253e-06 2.46164e-05 -3.5723e-06 -7.71253e-06 0.00919678 -0.0169616 -8.24494e-06 2.46164e-05 -0.0169616 0.0838478 
0.00917758 -0.0167771 -1.42452e-05 3.51221e-06 -0.0167771 0.0827854 -4.99564e-07 1.37259e-05 -1.42452e-05 -4.99564e-07 0.00918816 -0.0169386 3.51221e-06 1.37259e-05 -0.0169386 0.0837531 
0.00915648 -0.0167211 -9.23363e-06 1.9182e-05 -0.0167211 0.0825528 1.06881e-05 -1.3727e-05 -9.23363e-06 1.06881e-05 0.0091675 -0.0168975 1.9182e-05 -1.3727e-05 -0.0168975 0.0835437 
0.00915684 -0.0167158 -4.08359e-06 1.54631e-05 -0.0167158 0.082505 5.37225e-06 -2.15973e-05 -4.08359e-06 5.37225e-06 0.00916428 -0.0168869 1.54631e-05 -2.15973e-05 -0.0168869 0.0834894 
0.00915183 -0.0166951 5.72205e-06 6.43474e-06 -0.0166951 0.0823793 8.5454e-07 -1.08623e-05 5.72205e-06 8.5454e-07 0.00914435 -0.0168593 6.43474e-06 -1.08623e-05 -0.0168593 0.0833405 
0.00916565 -0.0167556 1.16129e-05 -7.08127e-06 -0.0167556 0.0826391 -7.34825e-06 9.18166e-06 1.16129e-05 -7.34825e-06 0.00917411 -0.0169012 -7.08127e-06 9.18166e-06 -0.0169012 0.0835621 
0.0091959 -0.0168017 1.60585e-06 -1.75496e-05 -0.0168017 0.0829212 -1.53618e-05 3.39381e-05 1.60585e-06 -1.53618e-05 0.00919658 -0.0169624 -1.75496e-05 3.39381e-05 -0.0169624 0.0838454 
0.00921403 -0.0168286 6.9079e-06 -6.14888e-06 -0.0168286 0.0830587 -4.2405e-06 2.87962e-05 6.9079e-06 -4.2405e-06 0.00920576 -0.0169816 -6.14888e-06 2.87962e-05 -0.0169816 0.0839791 
0.00923158 -0.0168447 1.74267e-05 -1.06979e-05 -0.0168447 0.0831336 -9.22643e-06 2.84253e-05 1.74267e-05 -9.22643e-06 0.00920587 -0.0169881 -1.06979e-05 2.84253e-05 -0.0169881 0.0840329 
0.00924103 -0.0168703 1.78191e-05 -2.38619e-05 -0.0168703 0.0832292 -2.20722e-05 5.08849e-05 1.78191e-05 -2.20722e-05 0.00921394 -0.0169958 -2.38619e-05 5.08849e-05 -0.0169958 0.0840963 
0.00924939 -0.0168814 6.4531e-06 -2.60774e-05 -0.0168814 0.0832864 -2.26382e-05 6.50881e-05 6.4531e-06 -2.26382e-05 0.00921821 -0.0170025 -2.60774e-05 6.50881e-05 -0.0170025 0.0841308 
0.0092398 -0.0168709 -1.2359e-05 -1.17574e-05 -0.0168709 0.0832277 -1.04163e-05 4.97484e-05 -1.2359e-05 -1.04163e-05 0.009216 -0.0169893 -1.17574e-05 4.97484e-05 -0.0169893 0.0840646 
0.00924885 -0.0168886 -1.97252e-05 1.29775e-05 -0.0168886 0.0833212 1.21957e-05 3.97128e-06 -1.97252e-05 1.21957e-05 0.00923438 -0.0170099 1.29775e-05 3.97128e-06 -0.0170099 0.0841542 
0.00925143 -0.016906 -1.19409e-05 2.25245e-05 -0.016906 0.0834126 2.18614e-05 -3.28795e-05 -1.19409e-05 2.18614e-05 0.00925638 -0.0170375 2.25245e-05 -3.28795e-05 -0.0170375 0.0842574 
0.00924723 -0.016895 -9.72546e-06 1.41043e-05 -0.016895 0.083394 1.43962e-05 -3.57857e-05 -9.72546e-06 1.43962e-05 0.00926715 -0.0170548 1.41043e-05 -3.57857e-05 -0.0170548 0.0842927 
0.00924156 -0.0168762 -6.66603e-06 1.10145e-05 -0.0168762 0.0833163 1.04554e-05 -2.60763e-05 -6.66603e-06 1.04554e-05 0.0092709 -0.0170629 1.10145e-05 -2.60763e-05 -0.0170629 0.0842935 
0.00922191 -0.0168558 -7.05646e-06 6.30653e-06 -0.0168558 0.0832108 4.53557e-06 -1.21981e-05 -7.05646e-06 4.53557e-06 0.00927526 -0.0170619 6.30653e-06 -1.21981e-05 -0.0170619 0.0842623 
0.00922002 -0.0168616 -1.88469e-05 6.82135e-06 -0.0168616 0.0832768 4.2468e-06 -6.24465e-06 -1.88469e-05 4.2468e-06 0.00929846 -0.0171027 6.82135e-06 -6.24465e-06 -0.0171027 0.0844209 
0.0092275 -0.01685 -2.00393e-05 2.24633e-05 -0.01685 0.0832632 1.78849e-05 -2.7095e-05 -2.00393e-05 1.78849e-05 0.00930267 -0.0171284 2.24633e-05 -2.7095e-05 -0.0171284 0.0845156 
0.00924255 -0.0168415 -1.71132e-05 2.29188e-05 -0.0168415 0.0831895 2.06522e-05 -4.15984e-05 -1.71132e-05 2.06522e-05 0.00927661 -0.0171194 2.29188e-05 -4.15984e-05 -0.0171194 0.0844929 
0.00925901 -0.0168517 -1.86567e-05 1.72158e-05 -0.0168517 0.0831486 2.09429e-05 -4.20803e-05 -1.86567e-05 2.09429e-05 0.00923963 -0.0170794 1.72158e-05 -4.20803e-05 -0.0170794 0.084388 
0.00928816 -0.016863 -1.44599e-05 1.77041e-05 -0.016863 0.0831133 2.70324e-05 -4.80559e-05 -1.44599e-05 2.70324e-05 0.00918542 -0.0170197 1.77041e-05 -4.80559e-05 -0.0170197 0.0842018 
0.00928954 -0.0169137 -9.42125e-06 1.36537e-05 -0.0169137 0.0832143 2.50878e-05 -5.05675e-05 -9.42125e-06 2.50878e-05 0.00917518 -0.0169592 1.36537e-05 -5.05675e-05 -0.0169592 0.084055 
0.00927736 -0.0169351 -5.71054e-06 9.11281e-06 -0.0169351 0.0833397 1.77e-05 -4.37149e-05 -5.71054e-06 1.77e-05 0.00918881 -0.0169473 9.11281e-06 -4.37149e-05 -0.0169473 0.0839944 
0.00927188 -0.016924 -2.9809e-06 6.95024e-06 -0.016924 0.0833754 1.01099e-05 -3.33127e-05 -2.9809e-06 1.01099e-05 0.00920578 -0.0169585 6.95024e-06 -3.33127e-05 -0.0169585 0.0839861 
0.00926795 -0.0169213 9.00086e-06 4.92229e-06 -0.0169213 0.0833967 3.42351e-06 -2.14725e-05 9.00086e-06 3.42351e-06 0.00922756 -0.0169839 4.92229e-06 -2.14725e-05 -0.0169839 0.084042 
0.00923915 -0.0168847 1.69289e-05 -8.64818e-06 -0.0168847 0.0832509 -1.36476e-05 7.67408e-06 1.69289e-05 -1.36476e-05 0.00923778 -0.0169856 -8.64818e-06 7.67408e-06 -0.0169856 0.0839776 
0.00923242 -0.0168862 1.10618e-05 -1.95472e-05 -0.0168862 0.0833224 -2.63108e-05 4.36752e-05 1.10618e-05 -2.63108e-05 0.0092768 -0.0170489 -1.95472e-05 4.36752e-05 -0.0170489 0.084198 
0.0092424 -0.0168795 3.22999e-06 -1.26971e-05 -0.0168795 0.0833612 -2.08802e-05 5.02997e-05 3.22999e-06 -2.08802e-05 0.00929239 -0.0171102 -1.26971e-05 5.02997e-05 -0.0171102 0.0844259 
0.00928028 -0.0169056 6.62853e-07 -1.49004e-06 -0.0169056 0.083476 -1.20292e-05 3.39978e-05 6.62853e-07 -1.20292e-05 0.00929101 -0.017152 -1.49004e-06 3.39978e-05 -0.017152 0.0846587 
0.00930627 -0.0169336 -6.49947e-06 -1.36683e-06 -0.0169336 0.0835169 -1.17722e-05 3.03186e-05 -6.49947e-06 -1.17722e-05 0.00927195 -0.0171304 -1.36683e-06 3.03186e-05 -0.0171304 0.0846605 
0.00929408 -0.0169469 3.50413e-07 4.08828e-06 -0.0169469 0.0834918 -1.54812e-06 2.15991e-05 3.50413e-07 -1.54812e-06 0.00926059 -0.0170804 4.08828e-06 2.15991e-05 -0.0170804 0.084499 
0.00926185 -0.0169352 8.04135e-06 -6.4034e-06 -0.0169352 0.0834676 -7.14364e-06 2.98199e-05 8.04135e-06 -7.14364e-06 0.00927638 -0.0170642 -6.4034e-06 2.98199e-05 -0.0170642 0.0843999 
0.00922046 -0.01686 8.94146e-06 -1.7819e-05 -0.01686 0.083219 -1.49822e-05 5.17085e-05 8.94146e-06 -1.49822e-05 0.00927223 -0.0170543 -1.7819e-05 5.17085e-05 -0.0170543 0.0842402 
0.00920057 -0.0167823 3.66213e-06 -1.89092e-05 -0.0167823 0.082896 -1.78612e-05 6.55082e-05 3.66213e-06 -1.78612e-05 0.00923996 -0.0170297 -1.89092e-05 6.55082e-05 -0.0170297 0.0840609 
0.00920541 -0.016773 -1.12858e-05 -1.16747e-05 -0.016773 0.0827835 -1.2486e-05 5.97566e-05 -1.12858e-05 -1.2486e-05 0.00920818 -0.0170053 -1.16747e-05 5.97566e-05 -0.0170053 0.0839873 
0.00919337 -0.0167745 -1.74017e-05 7.88459e-06 -0.0167745 0.082713 8.78003e-06 2.18531e-05 -1.74017e-05 8.78003e-06 0.00918744 -0.0169493 7.88459e-06 2.18531e-05 -0.0169493 0.0838146 
0.00919145 -0.01677 -1.25612e-05 1.67335e-05 -0.01677 0.0826963 2.43442e-05 -2.26244e-05 -1.25612e-05 2.43442e-05 0.00917172 -0.0169198 1.67335e-05 -2.26244e-05 -0.0169198 0.0836852 
0.00920243 -0.0167893 -1.03767e-05 9.32195e-06 -0.0167893 0.0827896 2.29285e-05 -3.57403e-05 -1.03767e-05 2.29285e-05 0.00917497 -0.0169226 9.32195e-06 -3.57403e-05 -0.0169226 0.0837087 
0.00918579 -0.0167747 -1.04406e-05 7.55762e-06 -0.0167747 0.0827147 2.03348e-05 -3.59317e-05 -1.04406e-05 2.03348e-05 0.00917295 -0.0168997 7.55762e-06 -3.59317e-05 -0.0168997 0.0835935 
0.00918655 -0.0167656 -1.77382e-05 1.02864e-05 -0.0167656 0.0827001 1.8987e-05 -3.7582e-05 -1.77382e-05 1.8987e-05 0.00917187 -0.016907 1.02864e-05 -3.7582e-05 -0.016907 0.0835881 
0.00921018 -0.0167887 -1.83162e-05 2.00962e-05 -0.0167887 0.082805 2.72372e-05 -5.32533e-05 -1.83162e-05 2.72372e-05 0.00916468 -0.0169321 2.00962e-05 -5.32533e-05 -0.0169321 0.083711 
0.00921594 -0.0167881 -2.02133e-05 2.26711e-05 -0.0167881 0.0827512 2.84288e-05 -6.60183e-05 -2.02133e-05 2.84288e-05 0.0091318 -0.0168919 2.26711e-05 -6.60183e-05 -0.0168919 0.0835972 
0.00919069 -0.0167821 -2.44775e-05 2.44775e-05 -0.0167821 0.0826671 2.81011e-05 -6.93789e-05 -2.44775e-05 2.81011e-05 0.00911656 -0.0168297 2.44775e-05 -6.93789e-05 -0.0168297 0.0833825 
0.00915009 -0.0167617 -2.56472e-05 3.06722e-05 -0.0167617 0.0826266 2.88948e-05 -7.40462e-05 -2.56472e-05 2.88948e-05 0.0091295 -0.0168145 3.06722e-05 -7.40462e-05 -0.0168145 0.0832818 
0.0091186 -0.0166977 -1.02221e-05 3.35572e-05 -0.0166977 0.0824559 2.41813e-05 -7.18435e-05 -1.02221e-05 2.41813e-05 0.00913068 -0.0168146 3.35572e-05 -7.18435e-05 -0.0168146 0.0831918 
0.00912173 -0.0166924 -9.75283e-07 1.82233e-05 -0.0166924 0.0824855 4.30783e-06 -4.43057e-05 -9.75283e-07 4.30783e-06 0.00913938 -0.0168533 1.82233e-05 -4.43057e-05 -0.0168533 0.0833396 
0.00908616 -0.0166666 -1.37574e-06 6.05283e-06 -0.0166666 0.0823667 -8.43326e-06 -7.92682e-06 -1.37574e-06 -8.43326e-06 0.00915315 -0.0168333 6.05283e-06 -7.92682e-06 -0.0168333 0.0832731 
0.00905985 -0.0165902 -5.00091e-06 3.20582e-06 -0.0165902 0.0820899 -6.00888e-06 7.28204e-06 -5.00091e-06 -6.00888e-06 0.00913907 -0.0168153 3.20582e-06 7.28204e-06 -0.0168153 0.083093 
0.00904147 -0.0165496 8.16879e-07 5.05437e-06 -0.0165496 0.0818772 1.79211e-06 3.35821e-06 8.16879e-07 1.79211e-06 0.0091239 -0.0167963 5.05437e-06 3.35821e-06 -0.0167963 0.0829705 
0.00906698 -0.0165528 1.97224e-06 -3.10634e-06 -0.0165528 0.0818786 -3.40129e-06 9.68387e-06 1.97224e-06 -3.40129e-06 0.00909876 -0.0168069 -3.10634e-06 9.68387e-06 -0.0168069 0.0830198 
0.00908786 -0.0165887 8.42437e-06 -4.6927e-06 -0.0165887 0.0819497 -4.85169e-06 1.69857e-05 8.42437e-06 -4.85169e-06 0.00907945 -0.0167792 -4.6927e-06 1.69857e-05 -0.0167792 0.0830075 
0.00910827 -0.0166459 6.19744e-06 -1.37524e-05 -0.0166459 0.082171 -1.38565e-05 3.49067e-05 6.19744e-06 -1.38565e-05 0.00907983 -0.016776 -1.37524e-05 3.49067e-05 -0.016776 0.0830737 
0.00908734 -0.0166482 4.34376e-06 -1.24093e-05 -0.0166482 0.0821866 -1.46695e-05 4.69248e-05 4.34376e-06 -1.46695e-05 0.00908928 -0.0167426 -1.24093e-05 4.69248e-05 -0.0167426 0.0829531 
0.00905157 -0.016569 -2.77994e-07 -1.16713e-05 -0.016569 0.0818814 -1.39176e-05 5.15637e-05 -2.77994e-07 -1.39176e-05 0.00906839 -0.0166931 -1.16713e-05 5.15637e-05 -0.0166931 0.0826289 
0.00904621 -0.0165497 -7.22488e-06 -7.4e-06 -0.0165497 0.0817953 -7.69094e-06 4.62638e-05 -7.22488e-06 -7.69094e-06 0.00906265 -0.0166993 -7.4e-06 4.62638e-05 -0.0166993 0.0825958 
0.00905065 -0.0165433 2.3372e-07 -4.73499e-07 -0.0165433 0.0817498 2.67865e-06 3.02764e-05 2.3372e-07 2.67865e-06 0.00904042 -0.0166954 -4.73499e-07 3.02764e-05 -0.0166954 0.0825803 
0.0090618 -0.0165967 -1.81203e-06 -8.59298e-06 -0.0165967 0.0819708 -3.06117e-06 3.0663e-05 -1.81203e-06 -3.06117e-06 0.00905601 -0.0167134 -8.59298e-06 3.0663e-05 -0.0167134 0.0827535 
0.00906011 -0.0165896 -9.48632e-06 -5.26341e-06 -0.0165896 0.0819897 -2.28057e-06 3.07764e-05 -9.48632e-06 -2.28057e-06 0.00905257 -0.0167058 -5.26341e-06 3.07764e-05 -0.0167058 0.0827346 
0.00904684 -0.0165666 -5.4633e-06 5.52838e-06 -0.0165666 0.081893 4.35782e-06 1.74259e-05 -5.4633e-06 4.35782e-06 0.00904441 -0.0166814 5.52838e-06 1.74259e-05 -0.0166814 0.0826255 
0.00902839 -0.016517 -9.85205e-08 3.73234e-06 -0.016517 0.0816612 -1.30836e-06 1.47286e-05 -9.85205e-08 -1.30836e-06 0.00901894 -0.0166366 3.73234e-06 1.47286e-05 -0.0166366 0.0823938 
0.00902299 -0.0164984 4.91277e-06 -5.66281e-06 -0.0164984 0.0815451 -1.01894e-05 3.3376e-05 4.91277e-06 -1.01894e-05 0.00900221 -0.0166147 -5.66281e-06 3.3376e-05 -0.0166147 0.0822808 
0.00903432 -0.0165348 7.86715e-06 -1.34617e-05 -0.0165348 0.0816917 -1.51597e-05 5.33622e-05 7.86715e-06 -1.51597e-05 0.00902354 -0.0166365 -1.34617e-05 5.33622e-05 -0.0166365 0.082404 
0.00903732 -0.0165264 8.23324e-06 -1.81713e-05 -0.0165264 0.0816685 -1.91638e-05 6.90773e-05 8.23324e-06 -1.91638e-05 0.0090205 -0.0166389 -1.81713e-05 6.90773e-05 -0.0166389 0.0823824 
0.00903542 -0.016529 -4.78919e-06 -1.6936e-05 -0.016529 0.0816558 -1.85029e-05 7.29603e-05 -4.78919e-06 -1.85029e-05 0.00902559 -0.0166365 -1.6936e-05 7.29603e-05 -0.0166365 0.08237 
0.00904085 -0.0165376 -1.70798e-05 3.98822e-07 -0.0165376 0.0816991 -2.81064e-06 4.71154e-05 -1.70798e-05 -2.81064e-06 0.00903296 -0.0166551 3.98822e-07 4.71154e-05 -0.0166551 0.0824293 
0.00903084 -0.0165135 -4.55724e-06 1.72746e-05 -0.0165135 0.0815739 1.12962e-05 7.85446e-06 -4.55724e-06 1.12962e-05 0.00902749 -0.0166344 1.72746e-05 7.85446e-06 -0.0166344 0.0823186 
0.00905863 -0.0165756 2.00687e-06 3.40997e-07 -0.0165756 0.0818646 -5.44819e-06 1.96226e-05 2.00687e-06 -5.44819e-06 0.00906137 -0.016704 3.40997e-07 1.96226e-05 -0.016704 0.0826308 
0.00909784 -0.0166396 1.10819e-05 -1.29522e-05 -0.0166396 0.0822009 -1.67857e-05 5.71985e-05 1.10819e-05 -1.67857e-05 0.009088 -0.0167793 -1.29522e-05 5.71985e-05 -0.0167793 0.0829988 
0.00913243 -0.0166844 9.12862e-06 -2.69938e-05 -0.0166844 0.0824175 -3.01311e-05 9.71976e-05 9.12862e-06 -3.01311e-05 0.00909121 -0.0168115 -2.69938e-05 9.71976e-05 -0.0168115 0.0832142 
0.0091401 -0.0167083 -8.62315e-07 -2.30546e-05 -0.0167083 0.0824892 -2.71836e-05 0.000108693 -8.62315e-07 -2.71836e-05 0.00909523 -0.01679 -2.30546e-05 0.000108693 -0.01679 0.0832054 
0.00914844 -0.0167379 -4.34671e-06 -1.05204e-05 -0.0167379 0.082636 -1.374e-05 8.84319e-05 -4.34671e-06 -1.374e-05 0.00911641 -0.0168077 -1.05204e-05 8.84319e-05 -0.0168077 0.0832837 
0.00915535 -0.0167454 -4.13671e-06 -5.26665e-06 -0.0167454 0.0827116 -8.37108e-06 6.84144e-05 -4.13671e-06 -8.37108e-06 0.00913378 -0.0168373 -5.26665e-06 6.84144e-05 -0.0168373 0.0833768 
