0.00622802 0 -4.78034e-05 0 0 0.00877679 0 0 -4.78034e-05 0 0.00615588 0 0 0 0 0.00877679 
0.00949947 -0.0117897 -5.26612e-05 6.15514e-05 -0.0117897 0.0312793 6.15514e-05 -0.000117906 -5.26612e-05 6.15514e-05 0.00940392 -0.0116742 6.15514e-05 -0.000117906 -0.0116742 0.0310574 
0.00974077 -0.0181524 -1.50428e-05 -2.68933e-05 -0.0181524 0.0668995 -2.68933e-05 0.000116704 -1.50428e-05 -2.68933e-05 0.0096973 -0.0180746 -2.68933e-05 0.000116704 -0.0180746 0.0666713 
0.00914108 -0.0176785 1.39153e-05 -0.000167329 -0.0176785 0.0792853 -0.000164351 0.000877469 1.39153e-05 -0.000164351 0.00918156 -0.0177404 -0.000167329 0.000877469 -0.0177404 0.0796302 
0.00884105 -0.0165413 1.67363e-05 -0.000176214 -0.0165413 0.0798637 -0.000169199 0.00115636 1.67363e-05 -0.000169199 0.00890827 -0.0166899 -0.000176214 0.00115636 -0.0166899 0.0805852 
0.0086286 -0.0158599 1.28675e-06 -0.000132592 -0.0158599 0.0779606 -0.000122909 0.000960134 1.28675e-06 -0.000122909 0.00870122 -0.0160142 -0.000132592 0.000960134 -0.0160142 0.0787041 
0.0084011 -0.0153818 -1.18734e-05 -8.8292e-05 -0.0153818 0.0758547 -7.85816e-05 0.000690517 -1.18734e-05 -7.85816e-05 0.00846739 -0.0155302 -8.8292e-05 0.000690517 -0.0155302 0.0765153 
0.00817334 -0.0149628 -4.45631e-06 -6.22277e-05 -0.0149628 0.0738811 -5.63171e-05 0.000506886 -4.45631e-06 -5.63171e-05 0.00823491 -0.0151006 -6.22277e-05 0.000506886 -0.0151006 0.0744699 
0.00960403 -0.0175715 -2.63529e-06 -7.99094e-05 -0.0175715 0.0868286 -8.05293e-05 0.000530909 -2.63529e-06 -8.05293e-05 0.0096704 -0.017723 -7.99094e-05 0.000530909 -0.017723 0.0874656 
0.00945799 -0.0172931 -6.08056e-06 -8.57767e-05 -0.0172931 0.085449 -9.16752e-05 0.000529673 -6.08056e-06 -9.16752e-05 0.0095262 -0.0174317 -8.57767e-05 0.000529673 -0.0174317 0.0860313 
0.009388 -0.017155 7.98796e-06 -8.65466e-05 -0.017155 0.0847208 -9.21918e-05 0.000541608 7.98796e-06 -9.21918e-05 0.00944448 -0.0172939 -8.65466e-05 0.000541608 -0.0172939 0.0852804 
0.00935511 -0.0171249 1.83357e-05 -0.000104442 -0.0171249 0.0845137 -0.000108557 0.000574979 1.83357e-05 -0.000108557 0.00942353 -0.0172495 -0.000104442 0.000574979 -0.0172495 0.0850418 
0.00934939 -0.017114 9.33478e-06 -0.000116684 -0.017114 0.0844834 -0.000121647 0.000612512 9.33478e-06 -0.000121647 0.0094083 -0.0172472 -0.000116684 0.000612512 -0.0172472 0.0850028 
0.00934684 -0.0171113 -5.22271e-06 -0.000105433 -0.0171113 0.0844647 -0.000110194 0.000609571 -5.22271e-06 -0.000110194 0.00939009 -0.0172264 -0.000105433 0.000609571 -0.0172264 0.0849447 
0.00932243 -0.0170535 -8.65274e-06 -8.41795e-05 -0.0170535 0.0841757 -8.70533e-05 0.000561621 -8.65274e-06 -8.70533e-05 0.00933747 -0.0171438 -8.41795e-05 0.000561621 -0.0171438 0.0845872 
0.00930473 -0.0170432 -6.08177e-06 -7.61841e-05 -0.0170432 0.0840869 -7.56436e-05 0.000516004 -6.08177e-06 -7.56436e-05 0.00931743 -0.0170948 -7.61841e-05 0.000516004 -0.0170948 0.0844025 
0.0093212 -0.0170711 5.29392e-08 -7.97516e-05 -0.0170711 0.0842498 -7.82043e-05 0.000503556 5.29392e-08 -7.82043e-05 0.0093201 -0.0171158 -7.97516e-05 0.000503556 -0.0171158 0.0845057 
0.00934508 -0.0170633 -1.25691e-05 -8.72214e-05 -0.0170633 0.0842184 -8.73771e-05 0.000512948 -1.25691e-05 -8.73771e-05 0.00929085 -0.017096 -8.72214e-05 0.000512948 -0.017096 0.0844417 
0.00935509 -0.0170728 -1.65557e-05 -7.38513e-05 -0.0170728 0.0841563 -7.35707e-05 0.000498874 -1.65557e-05 -7.35707e-05 0.00925391 -0.0170435 -7.38513e-05 0.000498874 -0.0170435 0.0842738 
0.00931769 -0.0170276 -1.16305e-06 -6.89417e-05 -0.0170276 0.083858 -6.61806e-05 0.000476499 -1.16305e-06 -6.61806e-05 0.00920962 -0.0169348 -6.89417e-05 0.000476499 -0.0169348 0.0838173 
0.00927655 -0.0169699 9.71622e-06 -8.77243e-05 -0.0169699 0.0835867 -8.38936e-05 0.000495712 9.71622e-06 -8.38936e-05 0.00918903 -0.0168704 -8.77243e-05 0.000495712 -0.0168704 0.0834721 
0.00925057 -0.0169642 1.69936e-05 -0.000103235 -0.0169642 0.0836058 -9.92253e-05 0.000534839 1.69936e-05 -9.92253e-05 0.00922522 -0.0169016 -0.000103235 0.000534839 -0.0169016 0.0835447 
0.00925462 -0.0169501 2.67745e-05 -0.000108512 -0.0169501 0.0836498 -0.000108177 0.000560437 2.67745e-05 -0.000108177 0.00925185 -0.0169703 -0.000108512 0.000560437 -0.0169703 0.0837605 
0.00924562 -0.0169603 1.85745e-05 -0.00011997 -0.0169603 0.0837108 -0.000120659 0.000587083 1.85745e-05 -0.000120659 0.00928228 -0.0170187 -0.00011997 0.000587083 -0.0170187 0.0839762 
0.00924714 -0.0169291 6.07839e-06 -0.00010975 -0.0169291 0.0836271 -0.00011021 0.000581395 6.07839e-06 -0.00011021 0.00927873 -0.0170344 -0.00010975 0.000581395 -0.0170344 0.0840189 
0.00925328 -0.0169269 -3.05965e-06 -9.42013e-05 -0.0169269 0.0835771 -9.29485e-05 0.000547411 -3.05965e-06 -9.29485e-05 0.00926635 -0.0170293 -9.42013e-05 0.000547411 -0.0170293 0.0840234 
0.00925411 -0.0169329 -1.89997e-06 -8.39514e-05 -0.0169329 0.083559 -7.94001e-05 0.000513444 -1.89997e-06 -7.94001e-05 0.00925407 -0.0170066 -8.39514e-05 0.000513444 -0.0170066 0.0839665 
0.0092581 -0.0169333 7.88255e-06 -8.37198e-05 -0.0169333 0.0835413 -7.81483e-05 0.000495955 7.88255e-06 -7.81483e-05 0.00923835 -0.0169806 -8.37198e-05 0.000495955 -0.0169806 0.0838705 
0.00926025 -0.0169494 1.84008e-05 -9.76102e-05 -0.0169494 0.0835865 -9.12352e-05 0.000513513 1.84008e-05 -9.12352e-05 0.00924677 -0.0169634 -9.76102e-05 0.000513513 -0.0169634 0.0838179 
0.00928135 -0.0169887 2.29586e-05 -0.000111176 -0.0169887 0.0837869 -0.000105858 0.00054788 2.29586e-05 -0.000105858 0.00926054 -0.0170057 -0.000111176 0.00054788 -0.0170057 0.0839727 
0.00929105 -0.0170103 2.93116e-05 -0.000115802 -0.0170103 0.0839016 -0.000114911 0.000574519 2.93116e-05 -0.000114911 0.00926678 -0.0170261 -0.000115802 0.000574519 -0.0170261 0.0840823 
0.00930574 -0.0170346 2.55807e-05 -0.000121193 -0.0170346 0.0840354 -0.000123344 0.000593805 2.55807e-05 -0.000123344 0.00927597 -0.0170481 -0.000121193 0.000593805 -0.0170481 0.0842136 
0.0093124 -0.0170447 2.14881e-05 -0.000115276 -0.0170447 0.084087 -0.00011869 0.000592095 2.14881e-05 -0.00011869 0.00927537 -0.017051 -0.000115276 0.000592095 -0.017051 0.0842537 
0.00928681 -0.0170114 1.58207e-05 -0.000106882 -0.0170114 0.0839222 -0.000111817 0.000572844 1.58207e-05 -0.000111817 0.00926961 -0.017008 -0.000106882 0.000572844 -0.017008 0.0840675 
0.0092834 -0.0170066 2.57829e-06 -9.85736e-05 -0.0170066 0.0839295 -0.000102129 0.000548692 2.57829e-06 -0.000102129 0.0092779 -0.0170273 -9.85736e-05 0.000548692 -0.0170273 0.0841046 
0.00928316 -0.0169916 -1.24815e-05 -8.30359e-05 -0.0169916 0.0838736 -8.44802e-05 0.000511054 -1.24815e-05 -8.44802e-05 0.00926239 -0.0170284 -8.30359e-05 0.000511054 -0.0170284 0.0840947 
0.00926344 -0.0169442 -1.37021e-05 -6.56619e-05 -0.0169442 0.0836134 -6.5932e-05 0.000465927 -1.37021e-05 -6.5932e-05 0.00922783 -0.0169594 -6.56619e-05 0.000465927 -0.0169594 0.0838162 
0.00925436 -0.0169767 -3.98294e-06 -6.51352e-05 -0.0169767 0.0837369 -6.78859e-05 0.000451689 -3.98294e-06 -6.78859e-05 0.00925363 -0.016972 -6.51352e-05 0.000451689 -0.016972 0.0838924 
0.0092422 -0.016944 5.35192e-06 -7.56725e-05 -0.016944 0.0836715 -8.28132e-05 0.000471075 5.35192e-06 -8.28132e-05 0.00925684 -0.0169838 -7.56725e-05 0.000471075 -0.0169838 0.0838753 
0.00923969 -0.0169079 5.96519e-06 -8.43799e-05 -0.0169079 0.0835101 -9.4611e-05 0.000496897 5.96519e-06 -9.4611e-05 0.00923787 -0.0169686 -8.43799e-05 0.000496897 -0.0169686 0.0837817 
0.00923763 -0.0168896 8.88629e-06 -8.52114e-05 -0.0168896 0.083358 -9.49637e-05 0.000507418 8.88629e-06 -9.49637e-05 0.00921037 -0.0169284 -8.52114e-05 0.000507418 -0.0169284 0.0836174 
0.0092442 -0.0169311 2.30927e-06 -9.0449e-05 -0.0169311 0.0834982 -9.68727e-05 0.000515521 2.30927e-06 -9.68727e-05 0.00921609 -0.0169331 -9.0449e-05 0.000515521 -0.0169331 0.0836758 
0.00922805 -0.0169371 -5.39819e-07 -8.62422e-05 -0.0169371 0.0835587 -8.79482e-05 0.00051041 -5.39819e-07 -8.79482e-05 0.00922734 -0.0169334 -8.62422e-05 0.00051041 -0.0169334 0.0836817 
0.00923129 -0.0169184 -2.47745e-06 -8.29867e-05 -0.0169184 0.0835635 -8.2474e-05 0.000498035 -2.47745e-06 -8.2474e-05 0.00922538 -0.0169537 -8.29867e-05 0.000498035 -0.0169537 0.0837362 
0.00924192 -0.0169522 1.16563e-05 -8.11506e-05 -0.0169522 0.0837237 -8.19698e-05 0.000493663 1.16563e-05 -8.19698e-05 0.00924387 -0.0169867 -8.11506e-05 0.000493663 -0.0169867 0.0839332 
0.00920833 -0.016883 3.82072e-06 -9.54938e-05 -0.016883 0.0834159 -9.91743e-05 0.000514278 3.82072e-06 -9.91743e-05 0.00921665 -0.0169245 -9.54938e-05 0.000514278 -0.0169245 0.0836425 
0.00918189 -0.0168422 1.47591e-06 -8.52211e-05 -0.0168422 0.0832109 -9.13452e-05 0.000512585 1.47591e-06 -9.13452e-05 0.00919918 -0.0168854 -8.52211e-05 0.000512585 -0.0168854 0.0834399 
0.00914919 -0.0167682 9.12715e-06 -7.83764e-05 -0.0167682 0.0828594 -8.35749e-05 0.000489962 9.12715e-06 -8.35749e-05 0.00915954 -0.0168195 -7.83764e-05 0.000489962 -0.0168195 0.0830958 
0.00913436 -0.0167484 1.39432e-05 -8.73029e-05 -0.0167484 0.0827382 -8.89226e-05 0.000487928 1.39432e-05 -8.89226e-05 0.00915025 -0.0167941 -8.73029e-05 0.000487928 -0.0167941 0.0829708 
0.00911416 -0.0167104 1.61559e-05 -9.39515e-05 -0.0167104 0.0825536 -9.39876e-05 0.000497647 1.61559e-05 -9.39876e-05 0.00912701 -0.0167618 -9.39515e-05 0.000497647 -0.0167618 0.0827895 
0.00911525 -0.0167229 8.20961e-06 -9.81807e-05 -0.0167229 0.082613 -9.88615e-05 0.000510584 8.20961e-06 -9.88615e-05 0.00913035 -0.016773 -9.81807e-05 0.000510584 -0.016773 0.082853 
0.00911503 -0.0167501 -2.97506e-06 -8.8889e-05 -0.0167501 0.0827655 -8.84869e-05 0.000500861 -2.97506e-06 -8.84869e-05 0.00915753 -0.0167998 -8.8889e-05 0.000500861 -0.0167998 0.0830003 
0.00910376 -0.0167404 -2.77855e-06 -7.26219e-05 -0.0167404 0.0827874 -6.89169e-05 0.00046105 -2.77855e-06 -6.89169e-05 0.00917469 -0.0168211 -7.26219e-05 0.00046105 -0.0168211 0.083064 
0.00911966 -0.0167354 -7.11994e-06 -7.19913e-05 -0.0167354 0.0828268 -6.29325e-05 0.000432544 -7.11994e-06 -6.29325e-05 0.00917191 -0.0168566 -7.19913e-05 0.000432544 -0.0168566 0.0831959 
0.00910981 -0.016715 -1.10294e-05 -6.84656e-05 -0.016715 0.0826874 -5.72157e-05 0.000415572 -1.10294e-05 -5.72157e-05 0.00915999 -0.0168206 -6.84656e-05 0.000415572 -0.0168206 0.0830834 
0.00910116 -0.0167301 -1.18796e-05 -6.43281e-05 -0.0167301 0.0827428 -5.28516e-05 0.000402675 -1.18796e-05 -5.28516e-05 0.00918472 -0.0168295 -6.43281e-05 0.000402675 -0.0168295 0.0831263 
0.00910279 -0.016711 -1.59585e-05 -6.33725e-05 -0.016711 0.0827096 -5.35315e-05 0.000398302 -1.59585e-05 -5.35315e-05 0.00918738 -0.0168529 -6.33725e-05 0.000398302 -0.0168529 0.0831579 
0.00910868 -0.0166897 -1.58359e-05 -5.41714e-05 -0.0166897 0.082585 -5.07143e-05 0.000386249 -1.58359e-05 -5.07143e-05 0.00916767 -0.0168395 -5.41714e-05 0.000386249 -0.0168395 0.0830917 
0.00911467 -0.0166987 -3.8894e-06 -5.07896e-05 -0.0166987 0.0825531 -5.4537e-05 0.000380952 -3.8894e-06 -5.4537e-05 0.00914945 -0.0168199 -5.07896e-05 0.000380952 -0.0168199 0.0830391 
0.00914118 -0.016739 -1.58064e-06 -6.43401e-05 -0.016739 0.0827109 -7.07639e-05 0.000402977 -1.58064e-06 -7.07639e-05 0.00914328 -0.0168296 -6.43401e-05 0.000402977 -0.0168296 0.0831334 
0.00913891 -0.0167555 -3.68376e-06 -6.95815e-05 -0.0167555 0.0827527 -7.22678e-05 0.000422005 -3.68376e-06 -7.22678e-05 0.0091446 -0.0168074 -6.95815e-05 0.000422005 -0.0168074 0.0830911 
0.00913951 -0.0167405 -4.52999e-06 -6.76406e-05 -0.0167405 0.0827026 -6.69892e-05 0.000420708 -4.52999e-06 -6.69892e-05 0.00913584 -0.0167926 -6.76406e-05 0.000420708 -0.0167926 0.0829987 
0.00913446 -0.0167387 -1.57753e-06 -6.65243e-05 -0.0167387 0.0826655 -6.58259e-05 0.000415906 -1.57753e-06 -6.58259e-05 0.00914102 -0.0167808 -6.65243e-05 0.000415906 -0.0167808 0.0829384 
0.00915189 -0.0167696 -4.67825e-07 -7.09471e-05 -0.0167696 0.0828142 -7.02031e-05 0.00042148 -4.67825e-07 -7.02031e-05 0.00916402 -0.0168188 -7.09471e-05 0.00042148 -0.0168188 0.0830822 
0.00916699 -0.0168211 -1.00297e-06 -7.51852e-05 -0.0168211 0.0830517 -7.19267e-05 0.000432831 -1.00297e-06 -7.19267e-05 0.00920529 -0.0168703 -7.51852e-05 0.000432831 -0.0168703 0.0833126 
0.00919615 -0.016856 6.04855e-06 -7.77311e-05 -0.016856 0.083267 -7.1826e-05 0.000441995 6.04855e-06 -7.1826e-05 0.00922899 -0.0169348 -7.77311e-05 0.000441995 -0.0169348 0.0835633 
0.00919571 -0.0168324 -4.94067e-06 -8.63206e-05 -0.0168324 0.0831293 -8.15792e-05 0.000460215 -4.94067e-06 -8.15792e-05 0.00920968 -0.0169088 -8.63206e-05 0.000460215 -0.0169088 0.0834477 
0.00918984 -0.0168498 -2.29691e-05 -7.26911e-05 -0.0168498 0.0831578 -7.30322e-05 0.000455863 -2.29691e-05 -7.30322e-05 0.00921734 -0.0169042 -7.26911e-05 0.000455863 -0.0169042 0.0834471 
0.00917604 -0.0168442 -2.84757e-05 -4.82603e-05 -0.0168442 0.0831648 -5.36368e-05 0.000417971 -2.84757e-05 -5.36368e-05 0.00922438 -0.0169129 -4.82603e-05 0.000417971 -0.0169129 0.0834568 
0.00917942 -0.016854 -2.37625e-05 -4.0093e-05 -0.016854 0.0832704 -4.77462e-05 0.000389012 -2.37625e-05 -4.77462e-05 0.00924756 -0.0169505 -4.0093e-05 0.000389012 -0.0169505 0.0836164 
0.0092042 -0.0168917 -6.91983e-06 -4.82604e-05 -0.0168917 0.083502 -5.43103e-05 0.000394268 -6.91983e-06 -5.43103e-05 0.00927881 -0.0170212 -4.82604e-05 0.000394268 -0.0170212 0.0839359 
0.00921846 -0.0169225 7.91695e-06 -7.17777e-05 -0.0169225 0.083667 -7.39561e-05 0.000434428 7.91695e-06 -7.39561e-05 0.00930252 -0.0170642 -7.17777e-05 0.000434428 -0.0170642 0.0841616 
0.00921875 -0.0168961 4.65843e-06 -9.18654e-05 -0.0168961 0.0835623 -9.27733e-05 0.000485054 4.65843e-06 -9.27733e-05 0.00928 -0.0170505 -9.18654e-05 0.000485054 -0.0170505 0.0841012 
0.00919149 -0.016841 -6.01336e-06 -8.74696e-05 -0.016841 0.0832426 -9.02714e-05 0.000501065 -6.01336e-06 -9.02714e-05 0.00923451 -0.0169654 -8.74696e-05 0.000501065 -0.0169654 0.0837524 
0.00918883 -0.0168296 -1.41299e-05 -7.11753e-05 -0.0168296 0.0831526 -7.54775e-05 0.000475976 -1.41299e-05 -7.54775e-05 0.00920773 -0.0169264 -7.11753e-05 0.000475976 -0.0169264 0.0835921 
0.00919505 -0.0168183 -1.35627e-05 -6.11718e-05 -0.0168183 0.0830554 -6.39654e-05 0.000445059 -1.35627e-05 -6.39654e-05 0.00918219 -0.0168755 -6.11718e-05 0.000445059 -0.0168755 0.0833913 
0.0092002 -0.0168481 -2.31135e-05 -6.07947e-05 -0.0168481 0.0831172 -6.51398e-05 0.000433368 -2.31135e-05 -6.51398e-05 0.00917563 -0.0168542 -6.07947e-05 0.000433368 -0.0168542 0.0833129 
0.00920912 -0.0168778 -3.89109e-05 -4.6843e-05 -0.0168778 0.0832648 -5.45475e-05 0.000412168 -3.89109e-05 -5.45475e-05 0.00917396 -0.0168649 -4.6843e-05 0.000412168 -0.0168649 0.0833596 
0.0092426 -0.0169381 -3.94154e-05 -2.37322e-05 -0.0169381 0.0835895 -3.12601e-05 0.000361649 -3.94154e-05 -3.12601e-05 0.00918958 -0.0169141 -2.37322e-05 0.000361649 -0.0169141 0.0836309 
0.00923554 -0.0169238 -3.03326e-05 -2.13681e-05 -0.0169238 0.0835278 -2.6891e-05 0.000327849 -3.03326e-05 -2.6891e-05 0.00917573 -0.0168749 -2.13681e-05 0.000327849 -0.0168749 0.0835048 
0.00924565 -0.0169221 -1.72889e-05 -3.28952e-05 -0.0169221 0.083524 -3.90839e-05 0.000335812 -1.72889e-05 -3.90839e-05 0.00916189 -0.0168643 -3.28952e-05 0.000335812 -0.0168643 0.083457 
0.00922578 -0.0168932 -8.41564e-06 -4.99147e-05 -0.0168932 0.0833403 -5.71222e-05 0.000371367 -8.41564e-06 -5.71222e-05 0.00914089 -0.0168079 -4.99147e-05 0.000371367 -0.0168079 0.0832162 
0.00920024 -0.0168632 5.16658e-07 -6.49415e-05 -0.0168632 0.0831831 -6.95869e-05 0.000411571 5.16658e-07 -6.95869e-05 0.00912791 -0.0167684 -6.49415e-05 0.000411571 -0.0167684 0.0830072 
0.00918375 -0.0168534 -1.13891e-05 -7.88987e-05 -0.0168534 0.0831634 -7.99542e-05 0.000447977 -1.13891e-05 -7.99542e-05 0.00914259 -0.0167718 -7.88987e-05 0.000447977 -0.0167718 0.0829857 
0.00919658 -0.016863 -1.69883e-05 -6.52405e-05 -0.016863 0.0832721 -6.30989e-05 0.000439651 -1.69883e-05 -6.30989e-05 0.00915913 -0.0168242 -6.52405e-05 0.000439651 -0.0168242 0.083168 
0.00918032 -0.0168278 -1.26168e-05 -5.57167e-05 -0.0168278 0.0831016 -5.33147e-05 0.00041108 -1.26168e-05 -5.33147e-05 0.0091383 -0.016802 -5.57167e-05 0.00041108 -0.016802 0.0830652 
0.00916408 -0.0167964 -9.0261e-06 -5.85727e-05 -0.0167964 0.0829339 -5.7264e-05 0.00040153 -9.0261e-06 -5.7264e-05 0.00911537 -0.0167612 -5.85727e-05 0.00040153 -0.0167612 0.0829021 
0.00913465 -0.0167514 -8.96638e-07 -6.42193e-05 -0.0167514 0.0827026 -6.25533e-05 0.00040993 -8.96638e-07 -6.25533e-05 0.00909822 -0.0167039 -6.42193e-05 0.00040993 -0.0167039 0.0826401 
0.00912135 -0.0167497 1.55002e-06 -7.80297e-05 -0.0167497 0.0827095 -7.22158e-05 0.000434918 1.55002e-06 -7.22158e-05 0.00911019 -0.0167184 -7.80297e-05 0.000434918 -0.0167184 0.0826594 
0.00911689 -0.0167232 2.87276e-06 -8.28736e-05 -0.0167232 0.0826418 -7.43665e-05 0.000452717 2.87276e-06 -7.43665e-05 0.00910865 -0.0167302 -8.28736e-05 0.000452717 -0.0167302 0.0826716 
0.00914173 -0.0167458 2.93287e-06 -8.13778e-05 -0.0167458 0.0827435 -7.57855e-05 0.000456388 2.93287e-06 -7.57855e-05 0.00910582 -0.0167618 -8.13778e-05 0.000456388 -0.0167618 0.082835 
0.00916164 -0.0167645 1.12899e-05 -7.73087e-05 -0.0167645 0.0827817 -7.63372e-05 0.000451242 1.12899e-05 -7.63372e-05 0.00908665 -0.0167454 -7.73087e-05 0.000451242 -0.0167454 0.0828389 
0.00915837 -0.0167676 1.1374e-05 -8.36967e-05 -0.0167676 0.0827311 -8.62708e-05 0.000457569 1.1374e-05 -8.62708e-05 0.00906503 -0.0166947 -8.36967e-05 0.000457569 -0.0166947 0.0826751 
0.00914085 -0.0167828 9.93436e-06 -8.46877e-05 -0.0167828 0.0827855 -8.57885e-05 0.000462111 9.93436e-06 -8.57885e-05 0.00908114 -0.0166766 -8.46877e-05 0.000462111 -0.0166766 0.082613 
0.00912755 -0.0167553 -3.10802e-07 -8.30751e-05 -0.0167553 0.0827457 -7.99358e-05 0.000453622 -3.10802e-07 -7.99358e-05 0.00908969 -0.0166906 -8.30751e-05 0.000453622 -0.0166906 0.0825924 
0.00912327 -0.0167443 -5.71704e-06 -7.19886e-05 -0.0167443 0.0827317 -6.7857e-05 0.000432549 -5.71704e-06 -6.7857e-05 0.00909799 -0.0167151 -7.19886e-05 0.000432549 -0.0167151 0.0826667 
0.00910304 -0.0167298 -1.11098e-05 -6.37951e-05 -0.0167298 0.082682 -6.0091e-05 0.000408116 -1.11098e-05 -6.0091e-05 0.00911269 -0.016725 -6.37951e-05 0.000408116 -0.016725 0.0827038 
0.00909342 -0.016684 -7.42407e-06 -5.72879e-05 -0.016684 0.0825222 -5.55723e-05 0.000390668 -7.42407e-06 -5.55723e-05 0.00910194 -0.016724 -5.72879e-05 0.000390668 -0.016724 0.0826505 
0.00907623 -0.0166486 5.21481e-06 -6.30818e-05 -0.0166486 0.082319 -6.15521e-05 0.000394393 5.21481e-06 -6.15521e-05 0.00908797 -0.0166926 -6.30818e-05 0.000394393 -0.0166926 0.0825083 
0.00903505 -0.0165825 8.1522e-06 -8.0254e-05 -0.0165825 0.0819704 -7.48082e-05 0.000421104 8.1522e-06 -7.48082e-05 0.00906488 -0.016627 -8.0254e-05 0.000421104 -0.016627 0.0821758 
0.00903635 -0.0165723 3.77878e-06 -8.54994e-05 -0.0165723 0.081929 -7.77278e-05 0.0004423 3.77878e-06 -7.77278e-05 0.00905351 -0.0166407 -8.54994e-05 0.0004423 -0.0166407 0.0821795 
0.00901404 -0.016574 1.47666e-06 -7.7998e-05 -0.016574 0.0819104 -7.05262e-05 0.000434697 1.47666e-06 -7.05262e-05 0.00906051 -0.0166296 -7.7998e-05 0.000434697 -0.0166296 0.0821684 
0.00898363 -0.0165515 -1.3134e-06 -7.00772e-05 -0.0165515 0.0818865 -6.53093e-05 0.000413411 -1.3134e-06 -6.53093e-05 0.0090888 -0.0166444 -7.00772e-05 0.000413411 -0.0166444 0.0822005 
0.00896476 -0.0165062 -5.92292e-06 -6.30445e-05 -0.0165062 0.0817802 -6.23655e-05 0.0003946 -5.92292e-06 -6.23655e-05 0.00910177 -0.0166769 -6.30445e-05 0.0003946 -0.0166769 0.0822549 
0.00897629 -0.0164841 -1.44158e-05 -5.6619e-05 -0.0164841 0.0817123 -5.58713e-05 0.000375542 -1.44158e-05 -5.58713e-05 0.00909092 -0.0167042 -5.6619e-05 0.000375542 -0.0167042 0.0823525 
0.00901515 -0.0165449 -2.12712e-05 -4.66136e-05 -0.0165449 0.0819394 -4.32833e-05 0.000348781 -2.12712e-05 -4.32833e-05 0.00910009 -0.0167389 -4.66136e-05 0.000348781 -0.0167389 0.0826078 
0.00904693 -0.0166178 -2.77921e-05 -3.78202e-05 -0.0166178 0.0822461 -3.47039e-05 0.000322364 -2.77921e-05 -3.47039e-05 0.00911666 -0.0167688 -3.78202e-05 0.000322364 -0.0167688 0.0828364 
0.00906791 -0.0166247 -2.4936e-05 -2.65169e-05 -0.0166247 0.0822852 -3.01276e-05 0.000298966 -2.4936e-05 -3.01276e-05 0.00909886 -0.016751 -2.65169e-05 0.000298966 -0.016751 0.0827925 
0.00908446 -0.0166527 -2.23439e-05 -2.70754e-05 -0.0166527 0.0823511 -3.80277e-05 0.000297315 -2.23439e-05 -3.80277e-05 0.00909628 -0.0167288 -2.70754e-05 0.000297315 -0.0167288 0.0827468 
0.00907798 -0.0166795 -2.33899e-05 -3.26753e-05 -0.0166795 0.082444 -4.31758e-05 0.000310266 -2.33899e-05 -4.31758e-05 0.00911776 -0.0167278 -3.26753e-05 0.000310266 -0.0167278 0.0827399 
0.00908235 -0.0166878 -2.78293e-05 -3.75002e-05 -0.0166878 0.0825535 -4.01835e-05 0.000321373 -2.78293e-05 -4.01835e-05 0.00914526 -0.0167738 -3.75002e-05 0.000321373 -0.0167738 0.0828737 
0.00912627 -0.0167481 -2.78782e-05 -3.78694e-05 -0.0167481 0.0828841 -3.60447e-05 0.00032867 -2.78782e-05 -3.60447e-05 0.00918545 -0.0168706 -3.78694e-05 0.00032867 -0.0168706 0.0832963 
0.00912501 -0.0167528 -2.22185e-05 -3.89101e-05 -0.0167528 0.0828771 -3.7138e-05 0.000333809 -2.22185e-05 -3.7138e-05 0.00919397 -0.0168712 -3.89101e-05 0.000333809 -0.0168712 0.0833235 
0.00913875 -0.0167469 -3.43578e-05 -4.61936e-05 -0.0167469 0.082846 -4.69838e-05 0.000353128 -3.43578e-05 -4.69838e-05 0.00918921 -0.0168691 -4.61936e-05 0.000353128 -0.0168691 0.0832925 
0.00915027 -0.0167792 -2.68653e-05 -3.15509e-05 -0.0167792 0.0829275 -3.41266e-05 0.000344316 -2.68653e-05 -3.41266e-05 0.00919677 -0.0168716 -3.15509e-05 0.000344316 -0.0168716 0.0833183 
0.00918581 -0.0168093 -8.75208e-06 -3.68801e-05 -0.0168093 0.0830636 -4.18908e-05 0.000343719 -8.75208e-06 -4.18908e-05 0.00918137 -0.0168937 -3.68801e-05 0.000343719 -0.0168937 0.0834054 
0.00921056 -0.0168678 7.13916e-06 -6.04517e-05 -0.0168678 0.0832606 -6.78648e-05 0.000388281 7.13916e-06 -6.78648e-05 0.00918163 -0.0168889 -6.04517e-05 0.000388281 -0.0168889 0.0834851 
0.00921729 -0.0169012 8.53895e-06 -8.3622e-05 -0.0169012 0.0834083 -9.19817e-05 0.000452262 8.53895e-06 -9.19817e-05 0.00919077 -0.0168851 -8.3622e-05 0.000452262 -0.0168851 0.0835073 
0.00922537 -0.016929 1.9242e-06 -8.78078e-05 -0.016929 0.0835779 -9.6994e-05 0.000490614 1.9242e-06 -9.6994e-05 0.0092159 -0.0169118 -8.78078e-05 0.000490614 -0.0169118 0.0836212 
0.00922993 -0.0169387 -8.66226e-06 -8.01838e-05 -0.0169387 0.0836716 -8.73737e-05 0.00048956 -8.66226e-06 -8.73737e-05 0.00923077 -0.0169441 -8.01838e-05 0.00048956 -0.0169441 0.0837336 
0.00922084 -0.0169323 -1.63404e-05 -6.77914e-05 -0.0169323 0.0836667 -6.9666e-05 0.000461065 -1.63404e-05 -6.9666e-05 0.0092351 -0.016952 -6.77914e-05 0.000461065 -0.016952 0.0837654 
0.00919724 -0.0168796 -2.32906e-05 -5.74144e-05 -0.0168796 0.0834506 -5.25393e-05 0.000420496 -2.32906e-05 -5.25393e-05 0.0092217 -0.0169199 -5.74144e-05 0.000420496 -0.0169199 0.0836002 
0.00917786 -0.0168291 -2.89436e-05 -4.89225e-05 -0.0168291 0.0832112 -4.15078e-05 0.000386913 -2.89436e-05 -4.15078e-05 0.0091988 -0.016889 -4.89225e-05 0.000386913 -0.016889 0.0834231 
0.00916852 -0.0167805 -3.1672e-05 -4.06493e-05 -0.0167805 0.0829501 -3.37458e-05 0.000358793 -3.1672e-05 -3.37458e-05 0.00916026 -0.0168425 -4.06493e-05 0.000358793 -0.0168425 0.0831998 
0.00915619 -0.016794 -2.41079e-05 -3.74528e-05 -0.016794 0.0829355 -3.00007e-05 0.000342793 -2.41079e-05 -3.00007e-05 0.00915803 -0.0168205 -3.74528e-05 0.000342793 -0.0168205 0.0831461 
0.00910269 -0.0167294 -1.45108e-05 -4.53874e-05 -0.0167294 0.0826533 -3.6912e-05 0.000344843 -1.45108e-05 -3.6912e-05 0.0091471 -0.0167617 -4.53874e-05 0.000344843 -0.0167617 0.0828421 
0.00909568 -0.0166915 -9.10484e-06 -5.54387e-05 -0.0166915 0.0825574 -4.68184e-05 0.00036034 -9.10484e-06 -4.68184e-05 0.00914209 -0.0167797 -5.54387e-05 0.00036034 -0.0167797 0.0828354 
0.00907406 -0.016635 -2.80154e-06 -6.25981e-05 -0.016635 0.0822673 -5.36749e-05 0.000377636 -2.80154e-06 -5.36749e-05 0.00910971 -0.0167347 -6.25981e-05 0.000377636 -0.0167347 0.082623 
0.00906747 -0.016621 -6.8841e-06 -6.70079e-05 -0.016621 0.0821576 -6.05538e-05 0.000389907 -6.8841e-06 -6.05538e-05 0.00909835 -0.016709 -6.70079e-05 0.000389907 -0.016709 0.0825246 
0.00908061 -0.0166296 -3.01013e-06 -6.30931e-05 -0.0166296 0.0821736 -5.98415e-05 0.000393651 -3.01013e-06 -5.98415e-05 0.00908743 -0.0167103 -6.30931e-05 0.000393651 -0.0167103 0.0825278 
0.00909715 -0.0166672 -2.85694e-06 -6.66005e-05 -0.0166672 0.082312 -6.54892e-05 0.000400781 -2.85694e-06 -6.54892e-05 0.00908826 -0.0167227 -6.66005e-05 0.000400781 -0.0167227 0.0826294 
0.00909215 -0.0166744 -1.4885e-05 -6.53717e-05 -0.0166744 0.0823366 -6.51714e-05 0.000402501 -1.4885e-05 -6.51714e-05 0.00908089 -0.0167066 -6.53717e-05 0.000402501 -0.0167066 0.0825953 
0.00911961 -0.0167235 -1.67509e-05 -5.11946e-05 -0.0167235 0.0826081 -5.03148e-05 0.000380806 -1.67509e-05 -5.03148e-05 0.00909838 -0.0167518 -5.11946e-05 0.000380806 -0.0167518 0.0828379 
0.00916999 -0.0167779 -1.73758e-05 -4.70322e-05 -0.0167779 0.0828865 -4.49843e-05 0.00035808 -1.73758e-05 -4.49843e-05 0.00910376 -0.0167925 -4.70322e-05 0.00035808 -0.0167925 0.0830847 
0.009195 -0.0168425 -1.81038e-06 -4.97286e-05 -0.0168425 0.0831297 -4.25847e-05 0.000351105 -1.81038e-06 -4.25847e-05 0.00912325 -0.0168023 -4.97286e-05 0.000351105 -0.0168023 0.0832289 
0.00918887 -0.0168293 1.21934e-06 -6.99434e-05 -0.0168293 0.0830786 -5.89818e-05 0.000375617 1.21934e-06 -5.89818e-05 0.00912018 -0.0167814 -6.99434e-05 0.000375617 -0.0167814 0.083115 
0.00914402 -0.0167671 7.04843e-06 -7.54255e-05 -0.0167671 0.082778 -6.47475e-05 0.000400257 7.04843e-06 -6.47475e-05 0.00910749 -0.0167295 -7.54255e-05 0.000400257 -0.0167295 0.0828224 
0.00909084 -0.0167005 9.57872e-06 -8.10263e-05 -0.0167005 0.0824978 -7.5309e-05 0.000421042 9.57872e-06 -7.5309e-05 0.00911205 -0.0167069 -8.10263e-05 0.000421042 -0.0167069 0.082627 
0.00907435 -0.0166653 1.2955e-05 -8.36674e-05 -0.0166653 0.0824251 -8.10326e-05 0.000438432 1.2955e-05 -8.10326e-05 0.009127 -0.0167546 -8.36674e-05 0.000438432 -0.0167546 0.0827411 
0.0090619 -0.0166624 1.5182e-05 -8.71092e-05 -0.0166624 0.0824531 -8.73808e-05 0.000453786 1.5182e-05 -8.73808e-05 0.00915073 -0.0168011 -8.71092e-05 0.000453786 -0.0168011 0.0829469 
0.00903688 -0.016604 1.10741e-05 -8.53682e-05 -0.016604 0.0822314 -9.05242e-05 0.000458169 1.10741e-05 -9.05242e-05 0.00913626 -0.0167831 -8.53682e-05 0.000458169 -0.0167831 0.0828525 
0.00901969 -0.0165826 1.01766e-05 -7.85225e-05 -0.0165826 0.0821254 -8.49511e-05 0.000447808 1.01766e-05 -8.49511e-05 0.0091385 -0.0167666 -7.85225e-05 0.000447808 -0.0167666 0.082795 
0.00902262 -0.0165852 1.23435e-05 -7.73689e-05 -0.0165852 0.0821621 -8.20826e-05 0.000438616 1.23435e-05 -8.20826e-05 0.0091517 -0.0167883 -7.73689e-05 0.000438616 -0.0167883 0.0828656 
0.00902179 -0.0165701 2.56577e-06 -8.11949e-05 -0.0165701 0.0820904 -8.5379e-05 0.000441194 2.56577e-06 -8.5379e-05 0.00914437 -0.0167812 -8.11949e-05 0.000441194 -0.0167812 0.0828118 
0.00901722 -0.016547 -2.90668e-06 -6.85362e-05 -0.016547 0.0819507 -7.49392e-05 0.000426607 -2.90668e-06 -7.49392e-05 0.00912433 -0.0167523 -6.85362e-05 0.000426607 -0.0167523 0.0826684 
0.00903842 -0.0165646 -5.38871e-06 -5.95918e-05 -0.0165646 0.0819926 -6.9453e-05 0.000406079 -5.38871e-06 -6.9453e-05 0.00911179 -0.0167507 -5.95918e-05 0.000406079 -0.0167507 0.0826732 
0.00905234 -0.0165905 -9.16983e-07 -5.7862e-05 -0.0165905 0.0820502 -6.41761e-05 0.000392112 -9.16983e-07 -6.41761e-05 0.00910543 -0.0167365 -5.7862e-05 0.000392112 -0.0167365 0.0826532 
0.00905951 -0.0166212 4.86489e-06 -6.56498e-05 -0.0166212 0.0821641 -6.67106e-05 0.000395111 4.86489e-06 -6.67106e-05 0.00910113 -0.016738 -6.56498e-05 0.000395111 -0.016738 0.0826788 
0.00908961 -0.0166544 1.61503e-05 -7.4398e-05 -0.0166544 0.0823389 -7.66955e-05 0.000415583 1.61503e-05 -7.66955e-05 0.00909193 -0.0167503 -7.4398e-05 0.000415583 -0.0167503 0.0827776 
0.00910365 -0.0167071 1.52078e-05 -8.63475e-05 -0.0167071 0.0825451 -9.36319e-05 0.000448759 1.52078e-05 -9.36319e-05 0.0090967 -0.0167468 -8.63475e-05 0.000448759 -0.0167468 0.0828568 
