0.00619482 0 -5.17556e-05 0 0 0.00877219 0 0 -5.17556e-05 0 0.00617255 0 0 0 0 0.00877219 
0.00945536 -0.0117357 -5.79316e-05 6.79101e-05 -0.0117357 0.031174 6.79101e-05 -0.000130564 -5.79316e-05 6.79101e-05 0.00942834 -0.0117033 6.79101e-05 -0.000130564 -0.0117033 0.0311117 
0.00972711 -0.0181377 -5.53786e-06 -2.54109e-05 -0.0181377 0.0668756 -2.54109e-05 0.000114519 -5.53786e-06 -2.54109e-05 0.00973906 -0.01813 -2.54109e-05 0.000114519 -0.01813 0.0668589 
0.00916314 -0.0177401 5.15951e-05 -0.000179748 -0.0177401 0.0796158 -0.000186723 0.000923348 5.15951e-05 -0.000186723 0.00923101 -0.017812 -0.000179748 0.000923348 -0.017812 0.0798929 
0.00885631 -0.0165956 4.92514e-05 -0.000214506 -0.0165956 0.080202 -0.000227438 0.0012616 4.92514e-05 -0.000227438 0.00894529 -0.0167321 -0.000214506 0.0012616 -0.0167321 0.0807163 
0.00863131 -0.0158775 1.59856e-05 -0.000164181 -0.0158775 0.0781279 -0.000177913 0.00108258 1.59856e-05 -0.000177913 0.00870676 -0.0160216 -0.000164181 0.00108258 -0.0160216 0.0786728 
0.00837646 -0.0153557 -7.37525e-06 -9.72714e-05 -0.0153557 0.0757684 -0.000107505 0.00076987 -7.37525e-06 -0.000107505 0.00844259 -0.0154726 -9.72714e-05 0.00076987 -0.0154726 0.0762292 
0.0081384 -0.0148856 -1.17443e-06 -6.22919e-05 -0.0148856 0.0735434 -6.62604e-05 0.000541795 -1.17443e-06 -6.62604e-05 0.00817397 -0.0149934 -6.22919e-05 0.000541795 -0.0149934 0.0739404 
0.00955461 -0.0174771 9.94626e-06 -8.26647e-05 -0.0174771 0.0863296 -8.39275e-05 0.000547298 9.94626e-06 -8.39275e-05 0.00958724 -0.0175627 -8.26647e-05 0.000547298 -0.0175627 0.0867112 
0.00941743 -0.0172186 1.12974e-05 -0.000100358 -0.0172186 0.0850302 -0.000103425 0.000554339 1.12974e-05 -0.000103425 0.00944105 -0.0172856 -0.000100358 0.000554339 -0.0172856 0.0853316 
0.00935434 -0.017099 9.47161e-06 -0.000105117 -0.017099 0.084392 -0.000107746 0.000575219 9.47161e-06 -0.000107746 0.00936798 -0.0171552 -0.000105117 0.000575219 -0.0171552 0.0846483 
0.00934559 -0.0170999 7.99966e-06 -0.000105206 -0.0170999 0.0843434 -0.000106173 0.000584754 7.99966e-06 -0.000106173 0.00934557 -0.0171401 -0.000105206 0.000584754 -0.0171401 0.0845529 
0.00933092 -0.0170807 1.21764e-05 -0.00010333 -0.0170807 0.0842503 -0.000103733 0.000583612 1.21764e-05 -0.000103733 0.00931953 -0.0171036 -0.00010333 0.000583612 -0.0171036 0.0844122 
0.00931936 -0.0170713 7.29434e-06 -0.000106439 -0.0170713 0.0842125 -0.000107689 0.000585023 7.29434e-06 -0.000107689 0.0093066 -0.0170785 -0.000106439 0.000585023 -0.0170785 0.0843276 
0.00929563 -0.0170434 1.78553e-06 -0.000100974 -0.0170434 0.0841026 -0.000101742 0.000577372 1.78553e-06 -0.000101742 0.00929337 -0.0170495 -0.000100974 0.000577372 -0.0170495 0.0841978 
0.00925648 -0.0169778 8.1098e-06 -9.20306e-05 -0.0169778 0.0838243 -9.14955e-05 0.000552551 8.1098e-06 -9.14955e-05 0.00926466 -0.0169961 -9.20306e-05 0.000552551 -0.0169961 0.0839324 
0.00922473 -0.0169075 1.4779e-05 -9.7429e-05 -0.0169075 0.0835071 -9.54367e-05 0.000543081 1.4779e-05 -9.54367e-05 0.00923543 -0.0169368 -9.7429e-05 0.000543081 -0.0169368 0.0836387 
0.00919582 -0.0169108 4.11408e-06 -0.000103975 -0.0169108 0.0835114 -0.000102101 0.00054958 4.11408e-06 -0.000102101 0.00926656 -0.0169443 -0.000103975 0.00054958 -0.0169443 0.0836593 
0.00919943 -0.0168913 -2.01041e-06 -8.90001e-05 -0.0168913 0.083536 -9.07221e-05 0.000531679 -2.01041e-06 -9.07221e-05 0.00927495 -0.0169972 -8.90001e-05 0.000531679 -0.0169972 0.0837991 
0.00920969 -0.0168655 -6.48144e-06 -7.66873e-05 -0.0168655 0.0834042 -8.30349e-05 0.000500836 -6.48144e-06 -8.30349e-05 0.00924538 -0.0169804 -7.66873e-05 0.000500836 -0.0169804 0.0837444 
0.00924307 -0.0168689 -1.54897e-05 -6.90957e-05 -0.0168689 0.0833217 -7.79625e-05 0.000477268 -1.54897e-05 -7.79625e-05 0.0091949 -0.0169329 -6.90957e-05 0.000477268 -0.0169329 0.0836009 
0.00925984 -0.0168944 -3.02335e-05 -5.80678e-05 -0.0168944 0.0832652 -6.69748e-05 0.000450489 -3.02335e-05 -6.69748e-05 0.0091459 -0.0168461 -5.80678e-05 0.000450489 -0.0168461 0.0833203 
0.00923126 -0.0168966 -3.51235e-05 -4.20498e-05 -0.0168966 0.0831646 -4.79898e-05 0.000412935 -3.51235e-05 -4.79898e-05 0.00912473 -0.0167534 -4.20498e-05 0.000412935 -0.0167534 0.0829464 
0.00921571 -0.0169076 -2.32852e-05 -3.60998e-05 -0.0169076 0.0832714 -3.95e-05 0.000384434 -2.32852e-05 -3.95e-05 0.00914939 -0.0167668 -3.60998e-05 0.000384434 -0.0167668 0.0829367 
0.00921994 -0.0169355 -1.81392e-05 -5.17776e-05 -0.0169355 0.0835124 -5.23534e-05 0.000396623 -1.81392e-05 -5.23534e-05 0.00919541 -0.0168484 -5.17776e-05 0.000396623 -0.0168484 0.0832337 
0.00923892 -0.0169564 -3.60744e-06 -6.25201e-05 -0.0169564 0.0837085 -5.92439e-05 0.000422146 -3.60744e-06 -5.92439e-05 0.00922333 -0.0169271 -6.25201e-05 0.000422146 -0.0169271 0.0835634 
0.0092825 -0.0170249 -6.77383e-06 -8.28989e-05 -0.0170249 0.0840692 -7.69217e-05 0.000463833 -6.77383e-06 -7.69217e-05 0.00925893 -0.0170126 -8.28989e-05 0.000463833 -0.0170126 0.0840164 
0.00929932 -0.0170258 -1.93337e-05 -8.27831e-05 -0.0170258 0.0840732 -7.41906e-05 0.000482981 -1.93337e-05 -7.41906e-05 0.00925392 -0.0170074 -8.27831e-05 0.000482981 -0.0170074 0.0840455 
0.00928542 -0.0169966 -1.37117e-05 -6.47055e-05 -0.0169966 0.0838714 -5.56701e-05 0.000454701 -1.37117e-05 -5.56701e-05 0.00923106 -0.0169517 -6.47055e-05 0.000454701 -0.0169517 0.0838079 
0.00929649 -0.0169942 -6.0505e-06 -6.97303e-05 -0.0169942 0.0838255 -6.40154e-05 0.000448548 -6.0505e-06 -6.40154e-05 0.00920528 -0.0169367 -6.97303e-05 0.000448548 -0.0169367 0.0837241 
0.00931221 -0.0170148 7.95257e-06 -7.82875e-05 -0.0170148 0.0838566 -7.70794e-05 0.000469081 7.95257e-06 -7.70794e-05 0.00918418 -0.0169126 -7.82875e-05 0.000469081 -0.0169126 0.0836762 
0.00929099 -0.0169895 5.70182e-06 -9.21681e-05 -0.0169895 0.0836741 -9.54331e-05 0.000502517 5.70182e-06 -9.54331e-05 0.00916262 -0.0168355 -9.21681e-05 0.000502517 -0.0168355 0.0833685 
0.00926345 -0.0169799 2.9231e-06 -8.66292e-05 -0.0169799 0.0836184 -9.65163e-05 0.000514976 2.9231e-06 -9.65163e-05 0.00916925 -0.016816 -8.66292e-05 0.000514976 -0.016816 0.0832313 
0.00926195 -0.0170167 1.03306e-05 -8.02399e-05 -0.0170167 0.0838769 -9.48266e-05 0.000510576 1.03306e-05 -9.48266e-05 0.00923058 -0.0168924 -8.02399e-05 0.000510576 -0.0168924 0.0835209 
0.00924722 -0.0169756 1.33844e-05 -9.22721e-05 -0.0169756 0.0837987 -0.00010486 0.000526066 1.33844e-05 -0.00010486 0.00925822 -0.0169331 -9.22721e-05 0.000526066 -0.0169331 0.0835955 
0.00925486 -0.0169732 1.02705e-05 -0.000103307 -0.0169732 0.0838256 -0.00011025 0.000554529 1.02705e-05 -0.00011025 0.00928964 -0.0169972 -0.000103307 0.000554529 -0.0169972 0.0838153 
0.00926065 -0.0169689 -7.904e-07 -0.000102849 -0.0169689 0.0837961 -0.000105504 0.000564869 -7.904e-07 -0.000105504 0.00929648 -0.0170313 -0.000102849 0.000564869 -0.0170313 0.0839357 
0.00929126 -0.0170061 -1.68482e-05 -8.96279e-05 -0.0170061 0.083943 -9.20319e-05 0.000548345 -1.68482e-05 -9.20319e-05 0.00929759 -0.0170681 -8.96279e-05 0.000548345 -0.0170681 0.0841361 
0.00928471 -0.0170172 -1.86613e-05 -6.92744e-05 -0.0170172 0.0839333 -7.2913e-05 0.000509028 -1.86613e-05 -7.2913e-05 0.00929353 -0.0170348 -6.92744e-05 0.000509028 -0.0170348 0.0840613 
0.00924276 -0.0169975 -1.10487e-06 -6.63667e-05 -0.0169975 0.0838567 -6.98699e-05 0.000485621 -1.10487e-06 -6.98699e-05 0.00930819 -0.0170107 -6.63667e-05 0.000485621 -0.0170107 0.0839285 
0.00925188 -0.0169992 1.24339e-05 -8.90739e-05 -0.0169992 0.0840047 -9.26935e-05 0.000516036 1.24339e-05 -9.26935e-05 0.00933594 -0.0170856 -8.90739e-05 0.000516036 -0.0170856 0.0841752 
0.00927886 -0.0170309 1.47406e-05 -0.000110326 -0.0170309 0.0841913 -0.000112788 0.000572493 1.47406e-05 -0.000112788 0.00935203 -0.0171449 -0.000110326 0.000572493 -0.0171449 0.084468 
0.00932357 -0.0170886 2.74931e-05 -0.000117819 -0.0170886 0.0844613 -0.000115041 0.000607326 2.74931e-05 -0.000115041 0.00936184 -0.0171906 -0.000117819 0.000607326 -0.0171906 0.0847594 
0.00936115 -0.0171454 2.60821e-05 -0.000133172 -0.0171454 0.0846808 -0.000129028 0.000639625 2.60821e-05 -0.000129028 0.00936633 -0.0171968 -0.000133172 0.000639625 -0.0171968 0.0848913 
0.00936687 -0.0171593 2.4249e-05 -0.000129188 -0.0171593 0.0846992 -0.000126126 0.000647279 2.4249e-05 -0.000126126 0.00936326 -0.017165 -0.000129188 0.000647279 -0.017165 0.0847861 
0.00935429 -0.0171588 1.37342e-05 -0.000123707 -0.0171588 0.0846758 -0.000123888 0.00063818 1.37342e-05 -0.000123888 0.0093696 -0.0171479 -0.000123707 0.00063818 -0.0171479 0.0846776 
0.00932877 -0.0171191 6.38108e-06 -0.000108607 -0.0171191 0.0845177 -0.000112423 0.000612056 6.38108e-06 -0.000112423 0.00936019 -0.0171299 -0.000108607 0.000612056 -0.0171299 0.0845202 
0.00933922 -0.017107 -2.88432e-06 -9.74189e-05 -0.017107 0.0844939 -0.000101854 0.00058092 -2.88432e-06 -0.000101854 0.00934652 -0.0171449 -9.74189e-05 0.00058092 -0.0171449 0.0845538 
0.00933839 -0.0170853 -3.02674e-06 -8.60356e-05 -0.0170853 0.0843343 -8.95753e-05 0.000548789 -3.02674e-06 -8.95753e-05 0.00931701 -0.0170964 -8.60356e-05 0.000548789 -0.0170964 0.0843824 
0.00935244 -0.0171091 2.28556e-06 -8.4975e-05 -0.0171091 0.0843788 -8.76534e-05 0.000532005 2.28556e-06 -8.76534e-05 0.00930988 -0.017079 -8.4975e-05 0.000532005 -0.017079 0.0843421 
0.00936225 -0.0171338 6.5354e-06 -9.13753e-05 -0.0171338 0.0844534 -9.54016e-05 0.000538147 6.5354e-06 -9.54016e-05 0.0092977 -0.0170692 -9.13753e-05 0.000538147 -0.0170692 0.0843125 
0.00936906 -0.0171468 -4.87252e-06 -9.60621e-05 -0.0171468 0.0844985 -0.000101346 0.000551102 -4.87252e-06 -0.000101346 0.00928419 -0.0170456 -9.60621e-05 0.000551102 -0.0170456 0.0842441 
0.00936901 -0.0171816 -4.65805e-06 -8.43547e-05 -0.0171816 0.0846513 -9.02304e-05 0.000541687 -4.65805e-06 -9.02304e-05 0.00930332 -0.017048 -8.43547e-05 0.000541687 -0.017048 0.084288 
0.0093655 -0.017185 5.35995e-06 -8.49482e-05 -0.017185 0.0847382 -8.9561e-05 0.00053463 5.35995e-06 -8.9561e-05 0.00932974 -0.0170769 -8.49482e-05 0.00053463 -0.0170769 0.0843696 
0.00935577 -0.0171566 6.64676e-06 -9.78475e-05 -0.0171566 0.0846606 -0.00010233 0.000553992 6.64676e-06 -0.00010233 0.0093353 -0.0170949 -9.78475e-05 0.000553992 -0.0170949 0.0843828 
0.00936779 -0.0171567 2.37349e-06 -9.96433e-05 -0.0171567 0.0846684 -0.000104711 0.0005687 2.37349e-06 -0.000104711 0.0093448 -0.017117 -9.96433e-05 0.0005687 -0.017117 0.0844738 
0.00939841 -0.0172036 -2.37176e-06 -9.48718e-05 -0.0172036 0.0848498 -9.89723e-05 0.000565189 -2.37176e-06 -9.89723e-05 0.00936557 -0.0171554 -9.48718e-05 0.000565189 -0.0171554 0.0846662 
0.00943189 -0.0172578 1.11328e-06 -8.77365e-05 -0.0172578 0.0850695 -9.13921e-05 0.000549187 1.11328e-06 -9.13921e-05 0.00936982 -0.0171905 -8.77365e-05 0.000549187 -0.0171905 0.0848434 
0.00941386 -0.0172556 5.21145e-07 -9.04471e-05 -0.0172556 0.085015 -9.35741e-05 0.000543735 5.21145e-07 -9.35741e-05 0.00935517 -0.0171457 -9.04471e-05 0.000543735 -0.0171457 0.0846906 
0.00936873 -0.0172053 -8.07481e-06 -9.09613e-05 -0.0172053 0.0848115 -9.35869e-05 0.00054436 -8.07481e-06 -9.35869e-05 0.00934736 -0.0170935 -9.09613e-05 0.00054436 -0.0170935 0.0844293 
0.00934932 -0.0171815 -2.70605e-05 -8.29071e-05 -0.0171815 0.0847837 -8.51412e-05 0.000535871 -2.70605e-05 -8.51412e-05 0.00936359 -0.0171152 -8.29071e-05 0.000535871 -0.0171152 0.0844534 
0.00934132 -0.0171686 -2.39536e-05 -6.22912e-05 -0.0171686 0.0847934 -6.40393e-05 0.000501942 -2.39536e-05 -6.40393e-05 0.00938727 -0.0171535 -6.22912e-05 0.000501942 -0.0171535 0.0845821 
0.009338 -0.0171059 -1.31171e-05 -6.40097e-05 -0.0171059 0.0845365 -6.60559e-05 0.000485069 -1.31171e-05 -6.60559e-05 0.00935156 -0.0171404 -6.40097e-05 0.000485069 -0.0171404 0.0844668 
0.00932999 -0.0170898 -2.71219e-06 -7.59752e-05 -0.0170898 0.0843659 -7.85046e-05 0.000500338 -2.71219e-06 -7.85046e-05 0.00932102 -0.017093 -7.59752e-05 0.000500338 -0.017093 0.0843188 
0.00930817 -0.0170742 -4.89108e-07 -8.82978e-05 -0.0170742 0.0842394 -9.16801e-05 0.000528183 -4.89108e-07 -9.16801e-05 0.00930747 -0.0170395 -8.82978e-05 0.000528183 -0.0170395 0.0841152 
0.00930429 -0.0170617 5.11016e-06 -9.08022e-05 -0.0170617 0.0842038 -9.30973e-05 0.0005421 5.11016e-06 -9.30973e-05 0.00929888 -0.0170323 -9.08022e-05 0.0005421 -0.0170323 0.0840453 
0.0093181 -0.0170534 1.02765e-05 -9.64696e-05 -0.0170534 0.0841579 -9.67314e-05 0.000548689 1.02765e-05 -9.67314e-05 0.00927601 -0.0170189 -9.64696e-05 0.000548689 -0.0170189 0.0839864 
0.00934174 -0.0170695 1.22114e-06 -0.000102535 -0.0170695 0.084155 -0.000102514 0.000559366 1.22114e-06 -0.000102514 0.00924618 -0.0169872 -0.000102535 0.000559366 -0.0169872 0.083899 
0.0093729 -0.0171486 -5.12987e-06 -9.16565e-05 -0.0171486 0.0844323 -9.36422e-05 0.000550994 -5.12987e-06 -9.36422e-05 0.00925059 -0.0169892 -9.16565e-05 0.000550994 -0.0169892 0.0839993 
0.00935783 -0.0171773 -7.04341e-06 -8.01215e-05 -0.0171773 0.0845576 -8.73417e-05 0.000528623 -7.04341e-06 -8.73417e-05 0.00928016 -0.0169735 -8.01215e-05 0.000528623 -0.0169735 0.0839583 
0.00935123 -0.0171878 -9.70183e-06 -7.65293e-05 -0.0171878 0.0847154 -8.59213e-05 0.000515396 -9.70183e-06 -8.59213e-05 0.00932324 -0.0170297 -7.65293e-05 0.000515396 -0.0170297 0.0841071 
0.00933823 -0.0171672 -6.57964e-06 -7.50221e-05 -0.0171672 0.0847143 -8.30502e-05 0.000508634 -6.57964e-06 -8.30502e-05 0.00935396 -0.017078 -7.50221e-05 0.000508634 -0.017078 0.0842344 
0.00933424 -0.0171539 -2.87328e-06 -8.29972e-05 -0.0171539 0.0847122 -8.76469e-05 0.000519449 -2.87328e-06 -8.76469e-05 0.00937902 -0.0171276 -8.29972e-05 0.000519449 -0.0171276 0.0844 
0.00934612 -0.017149 -9.2316e-06 -9.27522e-05 -0.017149 0.0847167 -9.47607e-05 0.000544439 -9.2316e-06 -9.47607e-05 0.00938993 -0.0171682 -9.27522e-05 0.000544439 -0.0171682 0.0845553 
0.00936683 -0.017189 -1.36588e-05 -8.78286e-05 -0.017189 0.0848734 -8.8441e-05 0.00055071 -1.36588e-05 -8.8441e-05 0.00940698 -0.0172071 -8.78286e-05 0.00055071 -0.0172071 0.0847687 
0.00935237 -0.0171754 -1.60637e-05 -8.31785e-05 -0.0171754 0.0847928 -8.11282e-05 0.000541269 -1.60637e-05 -8.11282e-05 0.00940257 -0.0171837 -8.31785e-05 0.000541269 -0.0171837 0.0846814 
0.0093316 -0.0171402 3.6506e-07 -8.04153e-05 -0.0171402 0.0846396 -7.76999e-05 0.000532041 3.6506e-07 -7.76999e-05 0.00938305 -0.0171562 -8.04153e-05 0.000532041 -0.0171562 0.0845275 
0.00931712 -0.0171114 1.24181e-05 -9.88219e-05 -0.0171114 0.084514 -9.65624e-05 0.000556033 1.24181e-05 -9.65624e-05 0.0093699 -0.0171308 -9.88219e-05 0.000556033 -0.0171308 0.0844112 
0.00932065 -0.0170973 9.07379e-06 -0.000113716 -0.0170973 0.084452 -0.000112307 0.000594015 9.07379e-06 -0.000112307 0.00935519 -0.0171211 -0.000113716 0.000594015 -0.0171211 0.0843634 
0.00930309 -0.0170675 1.70567e-05 -0.000107378 -0.0170675 0.0842608 -0.000105989 0.000596165 1.70567e-05 -0.000105989 0.00933133 -0.0170688 -0.000107378 0.000596165 -0.0170688 0.0841459 
0.00930206 -0.0170679 1.15733e-05 -0.0001127 -0.0170679 0.0842515 -0.000112323 0.000596769 1.15733e-05 -0.000112323 0.00932845 -0.0170632 -0.0001127 0.000596769 -0.0170632 0.0841127 
0.00933407 -0.0171086 3.60677e-06 -0.000104008 -0.0171086 0.0844523 -0.000102514 0.000580718 3.60677e-06 -0.000102514 0.00933661 -0.0171049 -0.000104008 0.000580718 -0.0171049 0.0843132 
0.00931807 -0.0171025 -6.54753e-06 -9.14846e-05 -0.0171025 0.0843809 -8.88113e-05 0.000545634 -6.54753e-06 -8.88113e-05 0.00932891 -0.0170717 -9.14846e-05 0.000545634 -0.0170717 0.0842071 
0.00928839 -0.0170712 -6.86361e-06 -7.4691e-05 -0.0170712 0.0842563 -7.71972e-05 0.000505137 -6.86361e-06 -7.71972e-05 0.0093191 -0.0170453 -7.4691e-05 0.000505137 -0.0170453 0.0840647 
0.00928178 -0.0170195 -4.54351e-06 -6.9457e-05 -0.0170195 0.0840651 -7.62669e-05 0.000478989 -4.54351e-06 -7.62669e-05 0.00927487 -0.0170179 -6.9457e-05 0.000478989 -0.0170179 0.083909 
0.00927001 -0.016965 -7.03443e-06 -7.44866e-05 -0.016965 0.0837464 -7.74918e-05 0.000474234 -7.03443e-06 -7.74918e-05 0.00921168 -0.0169274 -7.44866e-05 0.000474234 -0.0169274 0.083566 
0.00927148 -0.0170046 -5.59731e-06 -7.62802e-05 -0.0170046 0.0838395 -7.28401e-05 0.000473968 -5.59731e-06 -7.28401e-05 0.00920222 -0.0168952 -7.62802e-05 0.000473968 -0.0168952 0.0835174 
0.00922818 -0.0169779 -1.97707e-06 -7.87799e-05 -0.0169779 0.0837389 -7.27197e-05 0.000473216 -1.97707e-06 -7.27197e-05 0.00920527 -0.0168467 -7.87799e-05 0.000473216 -0.0168467 0.0833052 
0.00918967 -0.016912 4.95115e-06 -8.17592e-05 -0.016912 0.0835407 -7.93705e-05 0.000480979 4.95115e-06 -7.93705e-05 0.00920368 -0.0168361 -8.17592e-05 0.000480979 -0.0168361 0.0831517 
0.00917218 -0.0168717 1.29719e-05 -8.58665e-05 -0.0168717 0.0834128 -9.01672e-05 0.000494505 1.29719e-05 -9.01672e-05 0.00920565 -0.0168489 -8.58665e-05 0.000494505 -0.0168489 0.0831505 
0.00914744 -0.0168411 2.32686e-05 -9.12419e-05 -0.0168411 0.0832849 -0.000102488 0.00051265 2.32686e-05 -0.000102488 0.00920991 -0.0168464 -9.12419e-05 0.00051265 -0.0168464 0.0831254 
0.00912369 -0.0167938 1.43336e-05 -0.000101908 -0.0167938 0.0830986 -0.000114388 0.000535111 1.43336e-05 -0.000114388 0.00920275 -0.0168338 -0.000101908 0.000535111 -0.0168338 0.0830298 
0.00910434 -0.0167698 -3.08813e-06 -9.21047e-05 -0.0167698 0.082994 -0.000104042 0.0005297 -3.08813e-06 -0.000104042 0.00920588 -0.0168287 -9.21047e-05 0.0005297 -0.0168287 0.0829903 
0.00908657 -0.0167358 -1.44056e-05 -6.96243e-05 -0.0167358 0.0828646 -7.72743e-05 0.000481736 -1.44056e-05 -7.72743e-05 0.00920262 -0.0168242 -6.96243e-05 0.000481736 -0.0168242 0.0829291 
0.00909449 -0.01674 -1.34156e-05 -5.42409e-05 -0.01674 0.0829035 -5.51941e-05 0.00042329 -1.34156e-05 -5.51941e-05 0.00920686 -0.0168496 -5.42409e-05 0.00042329 -0.0168496 0.083033 
0.00912122 -0.0167617 -1.7074e-05 -5.44182e-05 -0.0167617 0.0829971 -5.18392e-05 0.000392272 -1.7074e-05 -5.18392e-05 0.00920338 -0.0168669 -5.44182e-05 0.000392272 -0.0168669 0.0831461 
0.00912504 -0.0167548 -1.96627e-05 -4.75945e-05 -0.0167548 0.0828965 -4.7141e-05 0.000371908 -1.96627e-05 -4.7141e-05 0.00917899 -0.016822 -4.75945e-05 0.000371908 -0.016822 0.0829892 
0.00913807 -0.016793 -1.76998e-05 -4.44519e-05 -0.016793 0.0830145 -4.63575e-05 0.000359868 -1.76998e-05 -4.63575e-05 0.00917822 -0.0168158 -4.44519e-05 0.000359868 -0.0168158 0.0829943 
0.0091632 -0.0168372 -1.05849e-05 -4.98065e-05 -0.0168372 0.083223 -4.99085e-05 0.000365092 -1.05849e-05 -4.99085e-05 0.00918329 -0.0168356 -4.98065e-05 0.000365092 -0.0168356 0.0831044 
0.00918529 -0.016859 -1.01353e-05 -6.26911e-05 -0.016859 0.0833143 -5.95096e-05 0.000389782 -1.01353e-05 -5.95096e-05 0.00917941 -0.0168306 -6.26911e-05 0.000389782 -0.0168306 0.0831134 
0.00920278 -0.0168898 3.87498e-06 -6.78436e-05 -0.0168898 0.083417 -6.35493e-05 0.000414486 3.87498e-06 -6.35493e-05 0.00918093 -0.0168322 -6.78436e-05 0.000414486 -0.0168322 0.0831403 
0.00924531 -0.0169517 7.31425e-06 -8.55241e-05 -0.0169517 0.0836901 -8.41576e-05 0.000456164 7.31425e-06 -8.41576e-05 0.00918685 -0.0168689 -8.55241e-05 0.000456164 -0.0168689 0.0833356 
0.00928028 -0.0170257 8.73116e-06 -9.02535e-05 -0.0170257 0.0839996 -9.08167e-05 0.000488298 8.73116e-06 -9.08167e-05 0.0092048 -0.0168958 -9.02535e-05 0.000488298 -0.0168958 0.0835381 
0.0092836 -0.0170703 4.06369e-06 -9.09372e-05 -0.0170703 0.0842113 -9.12326e-05 0.000497965 4.06369e-06 -9.12326e-05 0.00923342 -0.0169128 -9.09372e-05 0.000497965 -0.0169128 0.0836498 
0.00926656 -0.0170475 9.58482e-06 -8.49619e-05 -0.0170475 0.0841807 -8.35043e-05 0.000488578 9.58482e-06 -8.35043e-05 0.00924046 -0.0169184 -8.49619e-05 0.000488578 -0.0169184 0.0836209 
0.00923602 -0.0169757 1.12968e-05 -8.94894e-05 -0.0169757 0.0838844 -8.86124e-05 0.000487533 1.12968e-05 -8.86124e-05 0.00922337 -0.0168793 -8.94894e-05 0.000487533 -0.0168793 0.0833916 
0.00920097 -0.0169253 -8.20837e-06 -9.01382e-05 -0.0169253 0.0836212 -9.37854e-05 0.000494476 -8.20837e-06 -9.37854e-05 0.00921372 -0.0168392 -9.01382e-05 0.000494476 -0.0168392 0.0831655 
0.00920488 -0.0169342 -2.29935e-05 -6.3485e-05 -0.0169342 0.0836914 -7.14522e-05 0.000459192 -2.29935e-05 -7.14522e-05 0.0092317 -0.0168773 -6.3485e-05 0.000459192 -0.0168773 0.0832849 
0.00923148 -0.0169746 -2.77939e-05 -4.07048e-05 -0.0169746 0.0839103 -4.96756e-05 0.000400887 -2.77939e-05 -4.96756e-05 0.0092473 -0.0169374 -4.07048e-05 0.000400887 -0.0169374 0.083557 
0.00924776 -0.0169744 -3.33533e-05 -3.44117e-05 -0.0169744 0.083907 -4.13605e-05 0.000361932 -3.33533e-05 -4.13605e-05 0.00922161 -0.0169299 -3.44117e-05 0.000361932 -0.0169299 0.08357 
0.00925147 -0.0169806 -3.47937e-05 -3.02292e-05 -0.0169806 0.0838732 -3.30238e-05 0.000339738 -3.47937e-05 -3.30238e-05 0.00919335 -0.0168846 -3.02292e-05 0.000339738 -0.0168846 0.0834587 
0.009232 -0.0169535 -3.48095e-05 -3.11244e-05 -0.0169535 0.0837076 -2.81945e-05 0.000326826 -3.48095e-05 -2.81945e-05 0.00916547 -0.0168131 -3.11244e-05 0.000326826 -0.0168131 0.0831777 
0.00922007 -0.0169456 -1.46776e-05 -3.29905e-05 -0.0169456 0.0836716 -2.79322e-05 0.000324793 -1.46776e-05 -2.79322e-05 0.00916509 -0.0167936 -3.29905e-05 0.000324793 -0.0167936 0.0830757 
0.00921012 -0.0169396 4.15396e-06 -5.46753e-05 -0.0169396 0.0836734 -5.28407e-05 0.000358392 4.15396e-06 -5.28407e-05 0.00917762 -0.0168031 -5.46753e-05 0.000358392 -0.0168031 0.0830822 
0.00920049 -0.0169166 1.88575e-05 -7.69372e-05 -0.0169166 0.0836071 -7.91846e-05 0.000415086 1.88575e-05 -7.91846e-05 0.00918544 -0.0168153 -7.69372e-05 0.000415086 -0.0168153 0.0830889 
0.00917981 -0.0168897 1.02052e-05 -9.58236e-05 -0.0168897 0.083488 -9.72168e-05 0.000467329 1.02052e-05 -9.72168e-05 0.00918907 -0.0168148 -9.58236e-05 0.000467329 -0.0168148 0.0830531 
0.00913959 -0.0168199 -2.07251e-06 -8.45404e-05 -0.0168199 0.0831777 -8.64049e-05 0.000470219 -2.07251e-06 -8.64049e-05 0.00917223 -0.0167771 -8.45404e-05 0.000470219 -0.0167771 0.0828289 
0.00912749 -0.0167573 -1.67809e-05 -6.51674e-05 -0.0167573 0.0828918 -6.97125e-05 0.000433063 -1.67809e-05 -6.97125e-05 0.00912991 -0.0167434 -6.51674e-05 0.000433063 -0.0167434 0.0826259 
0.00913279 -0.0167556 -1.52394e-05 -4.34329e-05 -0.0167556 0.0828045 -4.9147e-05 0.000378906 -1.52394e-05 -4.9147e-05 0.00910886 -0.016707 -4.34329e-05 0.000378906 -0.016707 0.0825213 
0.00914606 -0.0168097 -8.58531e-06 -4.69029e-05 -0.0168097 0.0830034 -4.95628e-05 0.000358675 -8.58531e-06 -4.95628e-05 0.00912218 -0.0167202 -4.69029e-05 0.000358675 -0.0167202 0.0826247 
0.00916736 -0.0168815 2.6172e-07 -5.82379e-05 -0.0168815 0.083384 -5.99763e-05 0.000374817 2.6172e-07 -5.99763e-05 0.00916689 -0.0167851 -5.82379e-05 0.000374817 -0.0167851 0.0829416 
0.00913711 -0.0168455 1.4765e-05 -7.31922e-05 -0.0168455 0.0832877 -7.27338e-05 0.00040838 1.4765e-05 -7.27338e-05 0.00917403 -0.0167773 -7.31922e-05 0.00040838 -0.0167773 0.0828677 
0.00912757 -0.0167918 2.12747e-05 -9.15065e-05 -0.0167918 0.083105 -9.06911e-05 0.000451996 2.12747e-05 -9.06911e-05 0.00916645 -0.0167713 -9.15065e-05 0.000451996 -0.0167713 0.0827772 
0.00914659 -0.0168019 1.13279e-05 -9.80679e-05 -0.0168019 0.0831204 -9.87392e-05 0.000482931 1.13279e-05 -9.87392e-05 0.00916069 -0.0167909 -9.80679e-05 0.000482931 -0.0167909 0.0828582 
0.00913704 -0.0167867 6.4106e-06 -8.41002e-05 -0.0167867 0.0829784 -8.34572e-05 0.000467571 6.4106e-06 -8.34572e-05 0.00913127 -0.0167454 -8.41002e-05 0.000467571 -0.0167454 0.0826899 
0.00911157 -0.0167523 -9.07617e-07 -7.7193e-05 -0.0167523 0.0827827 -7.38876e-05 0.000438933 -9.07617e-07 -7.38876e-05 0.00910261 -0.0166859 -7.7193e-05 0.000438933 -0.0166859 0.0824375 
0.00909368 -0.0167284 -1.83035e-05 -6.88317e-05 -0.0167284 0.0826794 -6.19288e-05 0.00041201 -1.83035e-05 -6.19288e-05 0.00908553 -0.0166608 -6.88317e-05 0.00041201 -0.0166608 0.0823145 
0.00906859 -0.0167087 -1.95178e-05 -4.72461e-05 -0.0167087 0.0826132 -3.99383e-05 0.000366042 -1.95178e-05 -3.99383e-05 0.00909286 -0.0166495 -4.72461e-05 0.000366042 -0.0166495 0.0822691 
0.00909064 -0.01671 -1.73994e-05 -4.03477e-05 -0.01671 0.0826967 -3.76978e-05 0.000333303 -1.73994e-05 -3.76978e-05 0.00909786 -0.0166942 -4.03477e-05 0.000333303 -0.0166942 0.082437 
0.00911432 -0.0167169 -1.9163e-05 -4.40988e-05 -0.0167169 0.0826816 -4.28256e-05 0.0003308 -1.9163e-05 -4.28256e-05 0.00907592 -0.0166851 -4.40988e-05 0.0003308 -0.0166851 0.0824489 
0.00912185 -0.0167454 -2.11054e-05 -4.40426e-05 -0.0167454 0.0827168 -4.32654e-05 0.000334688 -2.11054e-05 -4.32654e-05 0.00906155 -0.0166515 -4.40426e-05 0.000334688 -0.0166515 0.0823835 
0.00914322 -0.0167855 -3.2738e-05 -4.31428e-05 -0.0167855 0.0828911 -4.20473e-05 0.000336433 -3.2738e-05 -4.20473e-05 0.00906973 -0.016653 -4.31428e-05 0.000336433 -0.016653 0.082431 
0.00917037 -0.0168154 -2.91625e-05 -2.90956e-05 -0.0168154 0.0830243 -2.83242e-05 0.000317049 -2.91625e-05 -2.83242e-05 0.0090636 -0.0166646 -2.90956e-05 0.000317049 -0.0166646 0.0824818 
0.00918798 -0.0168816 -3.58468e-05 -3.10502e-05 -0.0168816 0.0832938 -3.08416e-05 0.000308254 -3.58468e-05 -3.08416e-05 0.00908672 -0.0166876 -3.10502e-05 0.000308254 -0.0166876 0.0826519 
0.00916216 -0.0168504 -3.25557e-05 -2.31897e-05 -0.0168504 0.0831947 -2.25189e-05 0.000294879 -3.25557e-05 -2.25189e-05 0.00908894 -0.0166644 -2.31897e-05 0.000294879 -0.0166644 0.0825196 
0.00915637 -0.0168121 -1.19926e-05 -2.60912e-05 -0.0168121 0.0830743 -2.26944e-05 0.000286333 -1.19926e-05 -2.26944e-05 0.00908494 -0.0166712 -2.60912e-05 0.000286333 -0.0166712 0.0824781 
0.00912703 -0.0167736 1.18132e-06 -5.17971e-05 -0.0167736 0.0828613 -4.64749e-05 0.000321527 1.18132e-06 -4.64749e-05 0.00907613 -0.0166459 -5.17971e-05 0.000321527 -0.0166459 0.0823446 
0.00910403 -0.0167566 1.31768e-05 -7.08323e-05 -0.0167566 0.0828062 -6.47762e-05 0.000373696 1.31768e-05 -6.47762e-05 0.00909038 -0.0166565 -7.08323e-05 0.000373696 -0.0166565 0.0823638 
0.00910225 -0.0167441 4.42014e-06 -8.55637e-05 -0.0167441 0.0828121 -8.10203e-05 0.000418845 4.42014e-06 -8.10203e-05 0.00910363 -0.0166883 -8.55637e-05 0.000418845 -0.0166883 0.0824714 
0.00907709 -0.016717 -5.29149e-06 -7.51464e-05 -0.016717 0.0826875 -7.31634e-05 0.000425213 -5.29149e-06 -7.31634e-05 0.00910996 -0.0166787 -7.51464e-05 0.000425213 -0.0166787 0.0824187 
0.00909513 -0.0167195 -8.46717e-06 -6.25072e-05 -0.0167195 0.082759 -6.08155e-05 0.000402412 -8.46717e-06 -6.08155e-05 0.00912246 -0.0167273 -6.25072e-05 0.000402412 -0.0167273 0.0825946 
0.00911799 -0.0167543 -1.10537e-05 -5.74067e-05 -0.0167543 0.0828943 -5.54726e-05 0.000382022 -1.10537e-05 -5.54726e-05 0.00913994 -0.016761 -5.74067e-05 0.000382022 -0.016761 0.0827853 
0.00911898 -0.0167418 -1.28641e-05 -5.33549e-05 -0.0167418 0.0828 -5.16043e-05 0.00036793 -1.28641e-05 -5.16043e-05 0.00912912 -0.0167371 -5.33549e-05 0.00036793 -0.0167371 0.0826829 
0.00913475 -0.0167632 -5.95947e-06 -5.31384e-05 -0.0167632 0.0828548 -5.05689e-05 0.000364442 -5.95947e-06 -5.05689e-05 0.00912871 -0.0167423 -5.31384e-05 0.000364442 -0.0167423 0.0827056 
0.00914651 -0.0168014 -9.27672e-06 -6.54719e-05 -0.0168014 0.082997 -6.12256e-05 0.0003856 -9.27672e-06 -6.12256e-05 0.00914269 -0.016758 -6.54719e-05 0.0003856 -0.016758 0.0827943 
0.00914665 -0.0168168 -4.01644e-06 -6.63142e-05 -0.0168168 0.0830841 -6.01094e-05 0.000402349 -4.01644e-06 -6.01094e-05 0.00915227 -0.0167755 -6.63142e-05 0.000402349 -0.0167755 0.0828605 
0.00915918 -0.0168427 -1.50135e-05 -7.62797e-05 -0.0168427 0.0832489 -6.94854e-05 0.000427023 -1.50135e-05 -6.94854e-05 0.00917822 -0.0168143 -7.62797e-05 0.000427023 -0.0168143 0.0830427 
0.00915928 -0.0168293 -1.77361e-05 -6.63975e-05 -0.0168293 0.0832083 -5.96679e-05 0.000429179 -1.77361e-05 -5.96679e-05 0.00918016 -0.0168209 -6.63975e-05 0.000429179 -0.0168209 0.0830488 
0.00917048 -0.0168327 -2.86701e-06 -6.12854e-05 -0.0168327 0.0832156 -5.66074e-05 0.000420977 -2.86701e-06 -5.66074e-05 0.00918226 -0.0168355 -6.12854e-05 0.000420977 -0.0168355 0.0831068 
0.00918745 -0.0168608 1.3487e-05 -7.87119e-05 -0.0168608 0.0833161 -7.61754e-05 0.000447798 1.3487e-05 -7.61754e-05 0.00919006 -0.0168555 -7.87119e-05 0.000447798 -0.0168555 0.0832177 
