0.00620377 0 4.65771e-05 0 0 0.00875924 0 0 4.65771e-05 0 0.00615402 0 0 0 0 0.00875924 
0.00945581 -0.0117336 6.07521e-05 -7.28214e-05 -0.0117336 0.0311586 -7.28214e-05 0.000139842 6.07521e-05 -7.28214e-05 0.00941726 -0.011692 -7.28214e-05 0.000139842 -0.011692 0.0310789 
0.0097208 -0.018035 3.54043e-05 -3.57465e-05 -0.018035 0.066505 -3.57465e-05 9.67708e-05 3.54043e-05 -3.57465e-05 0.00971133 -0.0181818 -3.57465e-05 9.67708e-05 -0.0181818 0.0670302 
0.0091085 -0.0174777 5.52633e-06 4.50813e-05 -0.0174777 0.078252 4.44868e-05 -0.000297617 5.52633e-06 4.44868e-05 0.00914989 -0.0178101 4.50813e-05 -0.000297617 -0.0178101 0.0800808 
0.00884239 -0.0164371 2.37906e-06 5.98822e-05 -0.0164371 0.0790437 6.06208e-05 -0.000453548 2.37906e-06 6.06208e-05 0.0088874 -0.0167716 5.98822e-05 -0.000453548 -0.0167716 0.0812872 
0.0086543 -0.0158266 5.82027e-06 3.69278e-05 -0.0158266 0.0774972 4.23572e-05 -0.000370048 5.82027e-06 4.23572e-05 0.00867208 -0.0160745 3.69278e-05 -0.000370048 -0.0160745 0.0793275 
0.00842121 -0.0153603 1.75265e-06 2.21456e-05 -0.0153603 0.0755155 2.76297e-05 -0.000257639 1.75265e-06 2.76297e-05 0.00842503 -0.0155307 2.21456e-05 -0.000257639 -0.0155307 0.0768362 
0.0081604 -0.0148881 -6.17538e-06 2.59004e-05 -0.0148881 0.0733543 2.96152e-05 -0.000203094 -6.17538e-06 2.96152e-05 0.00817205 -0.0150285 2.59004e-05 -0.000203094 -0.0150285 0.074359 
0.0095625 -0.0174319 -1.18371e-05 4.64099e-05 -0.0174319 0.0860165 4.6336e-05 -0.000241771 -1.18371e-05 4.6336e-05 0.00959435 -0.0176189 4.64099e-05 -0.000241771 -0.0176189 0.0871061 
0.00941202 -0.0171083 -8.33729e-06 5.79717e-05 -0.0171083 0.0844364 5.3515e-05 -0.000263752 -8.33729e-06 5.3515e-05 0.00942324 -0.0173253 5.79717e-05 -0.000263752 -0.0173253 0.0855523 
0.00933261 -0.0169651 -8.51097e-06 5.40674e-05 -0.0169651 0.0836114 4.95301e-05 -0.000268416 -8.51097e-06 4.95301e-05 0.00933695 -0.0171644 5.40674e-05 -0.000268416 -0.0171644 0.0847344 
0.00930541 -0.0169441 3.30994e-06 5.14287e-05 -0.0169441 0.0834366 5.02112e-05 -0.000266604 3.30994e-06 5.02112e-05 0.00931443 -0.0171321 5.14287e-05 -0.000266604 -0.0171321 0.0845382 
0.00930454 -0.0169699 9.95338e-06 3.63128e-05 -0.0169699 0.0835784 3.93617e-05 -0.000248347 9.95338e-06 3.93617e-05 0.00933243 -0.0171643 3.63128e-05 -0.000248347 -0.0171643 0.084684 
0.00932333 -0.0170082 1.47084e-06 2.78622e-05 -0.0170082 0.0838249 3.31936e-05 -0.000227996 1.47084e-06 3.31936e-05 0.0093568 -0.0172274 2.78622e-05 -0.000227996 -0.0172274 0.0849744 
0.00931685 -0.017005 -1.50601e-05 4.05266e-05 -0.017005 0.0838451 4.68633e-05 -0.000245355 -1.50601e-05 4.68633e-05 0.00935679 -0.0172345 4.05266e-05 -0.000245355 -0.0172345 0.0850355 
0.0093129 -0.0169816 -2.1246e-05 6.27593e-05 -0.0169816 0.0837643 7.01867e-05 -0.000295218 -2.1246e-05 7.01867e-05 0.0093455 -0.0172143 6.27593e-05 -0.000295218 -0.0172143 0.0849657 
0.00931638 -0.0169917 -1.14072e-05 7.26785e-05 -0.0169917 0.0837882 8.06059e-05 -0.000337539 -1.14072e-05 8.06059e-05 0.00934593 -0.0172061 7.26785e-05 -0.000337539 -0.0172061 0.0849515 
0.00932675 -0.0170104 1.16822e-05 6.00095e-05 -0.0170104 0.0838743 6.90903e-05 -0.000335239 1.16822e-05 6.90903e-05 0.00934783 -0.0172139 6.00095e-05 -0.000335239 -0.0172139 0.0849887 
0.00933375 -0.0170216 2.21547e-05 2.97336e-05 -0.0170216 0.0839227 3.75873e-05 -0.000279361 2.21547e-05 3.75873e-05 0.00934956 -0.0172099 2.97336e-05 -0.000279361 -0.0172099 0.0849855 
0.00935474 -0.0170377 2.11457e-05 1.45522e-05 -0.0170377 0.083995 1.79046e-05 -0.000219796 2.11457e-05 1.79046e-05 0.00935341 -0.0172181 1.45522e-05 -0.000219796 -0.0172181 0.0850194 
0.00934506 -0.0170564 6.57287e-06 1.72477e-05 -0.0170564 0.0840347 1.51121e-05 -0.000195309 6.57287e-06 1.51121e-05 0.0093688 -0.0172191 1.72477e-05 -0.000195309 -0.0172191 0.0850217 
0.00937678 -0.017086 -1.14472e-05 3.67647e-05 -0.017086 0.0842327 3.08746e-05 -0.00021617 -1.14472e-05 3.08746e-05 0.00938008 -0.0172755 3.67647e-05 -0.00021617 -0.0172755 0.0852395 
0.00939698 -0.0171175 -1.52637e-05 6.2033e-05 -0.0171175 0.084343 5.32445e-05 -0.000266333 -1.52637e-05 5.32445e-05 0.00938154 -0.0172826 6.2033e-05 -0.000266333 -0.0172826 0.0853309 
0.00939442 -0.017129 -1.18448e-05 6.70505e-05 -0.017129 0.0843719 5.85374e-05 -0.000296614 -1.18448e-05 5.85374e-05 0.00938547 -0.0172719 6.70505e-05 -0.000296614 -0.0172719 0.0853098 
0.00940486 -0.0171498 4.13118e-06 6.23539e-05 -0.0171498 0.0845015 5.65563e-05 -0.000301148 4.13118e-06 5.65563e-05 0.00940458 -0.0173039 6.23539e-05 -0.000301148 -0.0173039 0.0854412 
0.00941431 -0.0171479 1.44279e-05 4.16563e-05 -0.0171479 0.0845129 3.44284e-05 -0.000264705 1.44279e-05 3.44284e-05 0.00940957 -0.0173207 4.16563e-05 -0.000264705 -0.0173207 0.0855 
0.00944025 -0.0171892 1.74096e-05 2.66432e-05 -0.0171892 0.084694 1.71685e-05 -0.000217123 1.74096e-05 1.71685e-05 0.00942916 -0.0173682 2.66432e-05 -0.000217123 -0.0173682 0.0857311 
0.00945276 -0.0172077 1.28096e-05 2.17682e-05 -0.0172077 0.0847664 1.11698e-05 -0.000186854 1.28096e-05 1.11698e-05 0.00944422 -0.0173844 2.17682e-05 -0.000186854 -0.0173844 0.0858285 
0.00945548 -0.0172493 -6.54795e-06 2.73e-05 -0.0172493 0.0849546 1.8739e-05 -0.00018703 -6.54795e-06 1.8739e-05 0.00948545 -0.0174298 2.73e-05 -0.00018703 -0.0174298 0.086035 
0.00945144 -0.0172213 -1.28776e-05 5.10027e-05 -0.0172213 0.0848956 4.64375e-05 -0.000231611 -1.28776e-05 4.64375e-05 0.00947837 -0.0174529 5.10027e-05 -0.000231611 -0.0174529 0.0860688 
0.0094242 -0.0171258 6.47992e-07 5.90302e-05 -0.0171258 0.0844201 5.90809e-05 -0.00027276 6.47992e-07 5.90809e-05 0.00941016 -0.0173598 5.90302e-05 -0.00027276 -0.0173598 0.0856519 
0.00941313 -0.0171255 2.70308e-06 4.40415e-05 -0.0171255 0.0843123 4.59574e-05 -0.000268661 2.70308e-06 4.59574e-05 0.00938743 -0.0173067 4.40415e-05 -0.000268661 -0.0173067 0.085479 
0.00938663 -0.0170704 -8.05345e-06 3.84578e-05 -0.0170704 0.0840342 3.9717e-05 -0.000249304 -8.05345e-06 3.9717e-05 0.00934704 -0.0172302 3.84578e-05 -0.000249304 -0.0172302 0.0851175 
0.00937754 -0.0170802 -1.07545e-05 5.07257e-05 -0.0170802 0.0840518 4.94372e-05 -0.000256112 -1.07545e-05 4.94372e-05 0.00934373 -0.0172163 5.07257e-05 -0.000256112 -0.0172163 0.0850612 
0.00939358 -0.0171224 -2.88817e-06 5.37153e-05 -0.0171224 0.084291 5.16423e-05 -0.000265553 -2.88817e-06 5.16423e-05 0.00935909 -0.0172551 5.37153e-05 -0.000265553 -0.0172551 0.0852529 
0.00934601 -0.0170637 -5.56329e-06 4.28846e-05 -0.0170637 0.0840462 4.08944e-05 -0.000248345 -5.56329e-06 4.08944e-05 0.00933919 -0.0171956 4.28846e-05 -0.000248345 -0.0171956 0.084986 
0.00932945 -0.0170058 -1.38541e-05 4.58274e-05 -0.0170058 0.0838466 4.48176e-05 -0.000242827 -1.38541e-05 4.48176e-05 0.00931197 -0.0171708 4.58274e-05 -0.000242827 -0.0171708 0.0848274 
0.00932804 -0.0169961 -2.13743e-05 5.52017e-05 -0.0169961 0.0837754 5.57438e-05 -0.000258646 -2.13743e-05 5.57438e-05 0.00929731 -0.0171493 5.52017e-05 -0.000258646 -0.0171493 0.0847632 
0.00930417 -0.0169799 -1.10641e-05 6.14694e-05 -0.0169799 0.0836689 6.25761e-05 -0.000274117 -1.10641e-05 6.25761e-05 0.00928851 -0.0171101 6.14694e-05 -0.000274117 -0.0171101 0.0846056 
0.009297 -0.0169427 8.37416e-07 4.67375e-05 -0.0169427 0.083528 4.85801e-05 -0.000255735 8.37416e-07 4.85801e-05 0.00925611 -0.0170811 4.67375e-05 -0.000255735 -0.0170811 0.0844375 
0.00929813 -0.0169164 9.86673e-06 2.74981e-05 -0.0169164 0.0833568 3.07694e-05 -0.000209085 9.86673e-06 3.07694e-05 0.00920504 -0.0170178 2.74981e-05 -0.000209085 -0.0170178 0.0841928 
0.00928646 -0.016932 1.37561e-05 1.55924e-05 -0.016932 0.0833421 1.74571e-05 -0.000165985 1.37561e-05 1.74571e-05 0.00919115 -0.0169574 1.55924e-05 -0.000165985 -0.0169574 0.0840044 
0.00928568 -0.0169574 1.12005e-05 1.06465e-05 -0.0169574 0.0835024 1.24569e-05 -0.000141641 1.12005e-05 1.24569e-05 0.00921474 -0.0169716 1.06465e-05 -0.000141641 -0.0169716 0.0840526 
0.00923614 -0.0169034 1.15708e-05 1.50485e-05 -0.0169034 0.0833063 1.62808e-05 -0.000140449 1.15708e-05 1.62808e-05 0.00923498 -0.0169484 1.50485e-05 -0.000140449 -0.0169484 0.0838669 
0.00922417 -0.016868 8.96325e-06 1.72333e-05 -0.016868 0.0832517 1.73298e-05 -0.000147737 8.96325e-06 1.73298e-05 0.0092514 -0.0170073 1.72333e-05 -0.000147737 -0.0170073 0.0839835 
0.00921011 -0.0168311 8.20645e-06 2.04103e-05 -0.0168311 0.0831012 1.91323e-05 -0.000152664 8.20645e-06 1.91323e-05 0.00923878 -0.0170179 2.04103e-05 -0.000152664 -0.0170179 0.0840067 
0.00919402 -0.0167975 3.47594e-06 2.13298e-05 -0.0167975 0.082934 1.74865e-05 -0.000151895 3.47594e-06 1.74865e-05 0.00921262 -0.016989 2.13298e-05 -0.000151895 -0.016989 0.0839151 
0.00919618 -0.0168068 -2.23086e-06 2.57612e-05 -0.0168068 0.0829771 1.90767e-05 -0.000152169 -2.23086e-06 1.90767e-05 0.00922013 -0.0169886 2.57612e-05 -0.000152169 -0.0169886 0.0839687 
0.00920179 -0.0168419 -8.18786e-06 3.17786e-05 -0.0168419 0.0831639 2.22086e-05 -0.000155982 -8.18786e-06 2.22086e-05 0.00925947 -0.01703 3.17786e-05 -0.000155982 -0.01703 0.0841673 
0.00921279 -0.0168447 -1.24032e-06 3.89888e-05 -0.0168447 0.0832469 2.87708e-05 -0.000166504 -1.24032e-06 2.87708e-05 0.00927891 -0.0170783 3.89888e-05 -0.000166504 -0.0170783 0.0843336 
0.00922553 -0.0168374 1.97603e-06 3.05834e-05 -0.0168374 0.0832074 2.37517e-05 -0.000161702 1.97603e-06 2.37517e-05 0.00928153 -0.0170859 3.05834e-05 -0.000161702 -0.0170859 0.0843648 
0.00925099 -0.0168669 -5.50929e-06 2.49191e-05 -0.0168669 0.0832903 2.44653e-05 -0.000155099 -5.50929e-06 2.44653e-05 0.00928198 -0.0171074 2.49191e-05 -0.000155099 -0.0171074 0.0844673 
0.00926987 -0.0169278 -9.50591e-06 3.07532e-05 -0.0169278 0.0835259 3.79317e-05 -0.000168455 -9.50591e-06 3.79317e-05 0.0093075 -0.017141 3.07532e-05 -0.000168455 -0.017141 0.0846706 
0.00928649 -0.0169787 -1.52453e-06 3.5806e-05 -0.0169787 0.0838037 4.58438e-05 -0.000189093 -1.52453e-06 4.58438e-05 0.00933497 -0.0171963 3.5806e-05 -0.000189093 -0.0171963 0.0849355 
0.00927249 -0.0169432 1.42113e-06 2.60268e-05 -0.0169432 0.0836826 3.37947e-05 -0.000179766 1.42113e-06 3.37947e-05 0.00932411 -0.017172 2.60268e-05 -0.000179766 -0.017172 0.0848275 
0.00924777 -0.0168874 9.74841e-07 2.31591e-05 -0.0168874 0.0834092 2.48723e-05 -0.000160847 9.74841e-07 2.48723e-05 0.00930377 -0.0171172 2.31591e-05 -0.000160847 -0.0171172 0.0845602 
0.00924202 -0.0168703 2.94146e-06 2.63852e-05 -0.0168703 0.0833061 2.12419e-05 -0.000151711 2.94146e-06 2.12419e-05 0.00929206 -0.0171074 2.63852e-05 -0.000151711 -0.0171074 0.0844717 
0.00924652 -0.0168749 2.04258e-05 2.56237e-05 -0.0168749 0.0833029 1.69955e-05 -0.000144934 2.04258e-05 1.69955e-05 0.00928581 -0.0171041 2.56237e-05 -0.000144934 -0.0171041 0.084462 
0.00925963 -0.0168791 1.68939e-05 2.98234e-06 -0.0168791 0.0833008 -3.86392e-06 -0.000108019 1.68939e-05 -3.86392e-06 0.00927159 -0.0170925 2.98234e-06 -0.000108019 -0.0170925 0.084427 
0.00925869 -0.0168926 4.74881e-06 4.34405e-06 -0.0168926 0.0833094 2.50277e-06 -9.35761e-05 4.74881e-06 2.50277e-06 0.0092682 -0.0170718 4.34405e-06 -9.35761e-05 -0.0170718 0.0843651 
0.00926435 -0.0168998 -3.21629e-06 2.11539e-05 -0.0168998 0.0833552 2.2999e-05 -0.000125613 -3.21629e-06 2.2999e-05 0.00926513 -0.0170799 2.11539e-05 -0.000125613 -0.0170799 0.0843843 
0.00925672 -0.0168973 -1.9008e-05 3.25821e-05 -0.0168973 0.0833368 3.67606e-05 -0.000166547 -1.9008e-05 3.67606e-05 0.00925998 -0.0170682 3.25821e-05 -0.000166547 -0.0170682 0.0843508 
0.0092488 -0.0168866 -2.89281e-05 5.26184e-05 -0.0168866 0.0833045 5.87792e-05 -0.000216929 -2.89281e-05 5.87792e-05 0.00925355 -0.017058 5.26184e-05 -0.000216929 -0.017058 0.0843104 
0.00924639 -0.016859 -2.37811e-05 6.69764e-05 -0.016859 0.0831845 7.29957e-05 -0.000265386 -2.37811e-05 7.29957e-05 0.00922589 -0.0170314 6.69764e-05 -0.000265386 -0.0170314 0.0841894 
0.00924169 -0.0168755 -7.6099e-06 6.13641e-05 -0.0168755 0.0832117 6.65743e-05 -0.000276435 -7.6099e-06 6.65743e-05 0.00922098 -0.0170073 6.13641e-05 -0.000276435 -0.0170073 0.0841421 
0.00921856 -0.0168516 -5.36745e-06 3.95332e-05 -0.0168516 0.0831275 4.14374e-05 -0.000236524 -5.36745e-06 4.14374e-05 0.00921574 -0.016977 3.95332e-05 -0.000236524 -0.016977 0.0839963 
0.00918534 -0.0168098 -8.72411e-06 3.48433e-05 -0.0168098 0.0829741 3.56604e-05 -0.000204025 -8.72411e-06 3.56604e-05 0.00921022 -0.0169541 3.48433e-05 -0.000204025 -0.0169541 0.0838463 
0.00916642 -0.0167354 -4.66606e-06 3.6924e-05 -0.0167354 0.0826743 3.92674e-05 -0.000196575 -4.66606e-06 3.92674e-05 0.00917624 -0.0169149 3.6924e-05 -0.000196575 -0.0169149 0.0836066 
0.00918075 -0.0167512 -2.61299e-06 3.26945e-05 -0.0167512 0.0826972 3.49876e-05 -0.000189556 -2.61299e-06 3.49876e-05 0.00916668 -0.0169159 3.26945e-05 -0.000189556 -0.0169159 0.0836397 
0.00918506 -0.016772 2.65693e-06 2.90437e-05 -0.016772 0.0827501 2.91437e-05 -0.000175737 2.65693e-06 2.91437e-05 0.00916352 -0.0169021 2.90437e-05 -0.000175737 -0.0169021 0.0836262 
0.00918828 -0.0167674 1.26354e-05 2.2723e-05 -0.0167674 0.0827251 2.1927e-05 -0.000158757 1.26354e-05 2.1927e-05 0.0091483 -0.0168786 2.2723e-05 -0.000158757 -0.0168786 0.0835244 
0.00918526 -0.0167506 1.67254e-05 1.20333e-05 -0.0167506 0.0826088 9.41344e-06 -0.000132706 1.67254e-05 9.41344e-06 0.00912237 -0.0168353 1.20333e-05 -0.000132706 -0.0168353 0.0833324 
0.0092102 -0.0167808 2.50506e-05 6.80689e-06 -0.0167808 0.0827146 3.41191e-06 -0.000111567 2.50506e-05 3.41191e-06 0.0091164 -0.0168369 6.80689e-06 -0.000111567 -0.0168369 0.0833608 
0.00924644 -0.0168465 1.37905e-05 -4.81928e-06 -0.0168465 0.0829806 -9.0267e-06 -8.30856e-05 1.37905e-05 -9.0267e-06 0.00912618 -0.0168653 -4.81928e-06 -8.30856e-05 -0.0168653 0.0835381 
0.00924857 -0.0168813 -8.1935e-06 7.34866e-06 -0.0168813 0.0831136 1.69933e-06 -8.40732e-05 -8.1935e-06 1.69933e-06 0.00913391 -0.0168608 7.34866e-06 -8.40732e-05 -0.0168608 0.0835652 
0.00925862 -0.016884 -2.74441e-05 3.4693e-05 -0.016884 0.0831818 2.9342e-05 -0.000130502 -2.74441e-05 2.9342e-05 0.00913479 -0.0168746 3.4693e-05 -0.000130502 -0.0168746 0.0836097 
0.0092316 -0.0168663 -2.71079e-05 6.00949e-05 -0.0168663 0.0830896 5.36056e-05 -0.000192766 -2.71079e-05 5.36056e-05 0.00914954 -0.0168542 6.00949e-05 -0.000192766 -0.0168542 0.0835237 
0.0091887 -0.0168164 -2.28172e-05 6.04713e-05 -0.0168164 0.0829151 5.38711e-05 -0.000219198 -2.28172e-05 5.38711e-05 0.00917399 -0.0168564 6.04713e-05 -0.000219198 -0.0168564 0.0834327 
0.00918769 -0.0168011 -6.9899e-06 5.22244e-05 -0.0168011 0.0829385 4.51905e-05 -0.000207064 -6.9899e-06 4.51905e-05 0.0092094 -0.0169304 5.22244e-05 -0.000207064 -0.0169304 0.0836496 
0.00920266 -0.0168084 9.48936e-06 3.16789e-05 -0.0168084 0.0830003 2.42392e-05 -0.000164909 9.48936e-06 2.42392e-05 0.00922911 -0.0169947 3.16789e-05 -0.000164909 -0.0169947 0.0839042 
0.00920967 -0.0168042 1.47371e-05 7.36261e-06 -0.0168042 0.0829561 3.50858e-06 -0.000106471 1.47371e-05 3.50858e-06 0.00922991 -0.0170026 7.36261e-06 -0.000106471 -0.0170026 0.0839606 
0.00921808 -0.0168146 2.37651e-05 -2.97229e-06 -0.0168146 0.0829667 -1.96068e-06 -6.71633e-05 2.37651e-05 -1.96068e-06 0.00923583 -0.0170094 -2.97229e-06 -6.71633e-05 -0.0170094 0.0840046 
0.00927372 -0.0168972 2.00936e-05 -1.41344e-05 -0.0168972 0.0833476 -1.0844e-05 -4.03566e-05 2.00936e-05 -1.0844e-05 0.00926417 -0.0170937 -1.41344e-05 -4.03566e-05 -0.0170937 0.0844086 
0.00928968 -0.0169679 6.65038e-06 -8.28645e-06 -0.0169679 0.0836381 -4.58374e-06 -4.04934e-05 6.65038e-06 -4.58374e-06 0.00930043 -0.0171314 -8.28645e-06 -4.04934e-05 -0.0171314 0.0846628 
0.00928516 -0.0169566 -5.53576e-06 1.22261e-05 -0.0169566 0.0836484 1.48077e-05 -7.99975e-05 -5.53576e-06 1.48077e-05 0.009309 -0.0171393 1.22261e-05 -7.99975e-05 -0.0171393 0.0846725 
0.00931402 -0.016982 -1.28165e-05 3.28988e-05 -0.016982 0.0837959 3.52536e-05 -0.000138902 -1.28165e-05 3.52536e-05 0.00932119 -0.017183 3.28988e-05 -0.000138902 -0.017183 0.0848624 
0.00932762 -0.0169766 -8.14773e-06 4.75532e-05 -0.0169766 0.0837242 4.94252e-05 -0.00019436 -8.14773e-06 4.94252e-05 0.00930287 -0.0171601 4.75532e-05 -0.00019436 -0.0171601 0.0847851 
0.00933805 -0.0170093 -1.31332e-05 4.32261e-05 -0.0170093 0.0838028 4.6681e-05 -0.000215051 -1.31332e-05 4.6681e-05 0.00930536 -0.0171575 4.32261e-05 -0.000215051 -0.0171575 0.0848055 
0.00934546 -0.0170438 -1.18203e-05 4.77939e-05 -0.0170438 0.0839655 5.18269e-05 -0.000226872 -1.18203e-05 5.18269e-05 0.00932487 -0.0171833 4.77939e-05 -0.000226872 -0.0171833 0.0849302 
0.00934692 -0.0170723 -1.33287e-05 4.57662e-05 -0.0170723 0.0841476 4.9157e-05 -0.000228955 -1.33287e-05 4.9157e-05 0.00935012 -0.0172281 4.57662e-05 -0.000228955 -0.0172281 0.0851316 
0.00932687 -0.0170397 -8.55597e-06 4.30668e-05 -0.0170397 0.0840667 4.64563e-05 -0.000218417 -8.55597e-06 4.64563e-05 0.00935648 -0.0172271 4.30668e-05 -0.000218417 -0.0172271 0.0851169 
0.00931571 -0.0169779 -2.60106e-06 3.33257e-05 -0.0169779 0.0838149 3.57134e-05 -0.000191784 -2.60106e-06 3.57134e-05 0.00933529 -0.0172007 3.33257e-05 -0.000191784 -0.0172007 0.0849529 
0.00931105 -0.0169626 7.27322e-06 2.36957e-05 -0.0169626 0.0836762 2.48436e-05 -0.00015761 7.27322e-06 2.48436e-05 0.0093241 -0.0171739 2.36957e-05 -0.00015761 -0.0171739 0.0848357 
0.00930271 -0.0169703 1.05384e-05 1.20346e-05 -0.0169703 0.0836692 1.21059e-05 -0.000123141 1.05384e-05 1.21059e-05 0.00933219 -0.0171693 1.20346e-05 -0.000123141 -0.0171693 0.0848042 
0.00930683 -0.016974 8.26269e-06 8.37424e-06 -0.016974 0.0837149 7.26687e-06 -0.000101411 8.26269e-06 7.26687e-06 0.00933824 -0.0171932 8.37424e-06 -0.000101411 -0.0171932 0.0848687 
0.00928754 -0.0169432 9.08085e-06 1.37866e-05 -0.0169432 0.0835642 1.24714e-05 -0.0001054 9.08085e-06 1.24714e-05 0.00932851 -0.0171682 1.37866e-05 -0.0001054 -0.0171682 0.0847456 
0.00930594 -0.016975 9.97565e-06 1.45615e-05 -0.016975 0.08373 1.36952e-05 -0.000114642 9.97565e-06 1.36952e-05 0.00934063 -0.0172112 1.45615e-05 -0.000114642 -0.0172112 0.0849402 
0.00933245 -0.0170293 1.46729e-05 1.24943e-05 -0.0170293 0.083994 1.03626e-05 -0.000113083 1.46729e-05 1.03626e-05 0.00936566 -0.0172542 1.24943e-05 -0.000113083 -0.0172542 0.0851947 
0.00935206 -0.017057 1.06079e-05 7.10102e-06 -0.017057 0.0841418 3.61905e-06 -0.000101844 1.06079e-05 3.61905e-06 0.00937875 -0.0172756 7.10102e-06 -0.000101844 -0.0172756 0.0853179 
0.00938092 -0.0170817 4.51774e-06 1.21638e-05 -0.0170817 0.084251 9.51963e-06 -0.000104467 4.51774e-06 9.51963e-06 0.00936849 -0.0172893 1.21638e-05 -0.000104467 -0.0172893 0.0853957 
0.00938215 -0.0171333 -5.86318e-07 1.95676e-05 -0.0171333 0.0844355 2.07225e-05 -0.000124659 -5.86318e-07 2.07225e-05 0.00938286 -0.0172901 1.95676e-05 -0.000124659 -0.0172901 0.085484 
0.0093649 -0.0171046 -1.17619e-06 2.84233e-05 -0.0171046 0.0843744 3.11479e-05 -0.000153669 -1.17619e-06 3.11479e-05 0.00938119 -0.0172719 2.84233e-05 -0.000153669 -0.0172719 0.0853834 
0.00934351 -0.0170638 -1.97989e-06 2.94675e-05 -0.0170638 0.084223 3.18202e-05 -0.000168635 -1.97989e-06 3.18202e-05 0.00937749 -0.0172564 2.94675e-05 -0.000168635 -0.0172564 0.0852714 
0.00932436 -0.0170239 1.25273e-06 3.12676e-05 -0.0170239 0.0840531 3.05908e-05 -0.000172242 1.25273e-06 3.05908e-05 0.00938303 -0.0172444 3.12676e-05 -0.000172242 -0.0172444 0.0851714 
0.0093134 -0.0169561 3.55243e-06 2.93727e-05 -0.0169561 0.0837254 2.28143e-05 -0.00016453 3.55243e-06 2.28143e-05 0.00935104 -0.017211 2.93727e-05 -0.00016453 -0.017211 0.0849323 
0.00932357 -0.0169667 6.51529e-06 2.63292e-05 -0.0169667 0.0836716 1.64002e-05 -0.000151223 6.51529e-06 1.64002e-05 0.00934239 -0.0172006 2.63292e-05 -0.000151223 -0.0172006 0.0848934 
0.00934287 -0.0170224 8.71641e-06 2.08095e-05 -0.0170224 0.0838759 1.20997e-05 -0.000135671 8.71641e-06 1.20997e-05 0.00936206 -0.0172323 2.08095e-05 -0.000135671 -0.0172323 0.0850576 
0.00934264 -0.0170511 9.39672e-06 1.42155e-05 -0.0170511 0.0840234 1.08886e-05 -0.000120839 9.39672e-06 1.08886e-05 0.00938992 -0.0172593 1.42155e-05 -0.000120839 -0.0172593 0.0851806 
0.0093444 -0.0170663 -4.82412e-06 9.36918e-06 -0.0170663 0.0841614 1.26427e-05 -0.000110977 -4.82412e-06 1.26427e-05 0.00942164 -0.0173103 9.36918e-06 -0.000110977 -0.0173103 0.0853716 
0.00935487 -0.0170786 -1.19775e-05 2.53809e-05 -0.0170786 0.0842758 3.3062e-05 -0.000136052 -1.19775e-05 3.3062e-05 0.00944474 -0.0173625 2.53809e-05 -0.000136052 -0.0173625 0.0855829 
0.00935608 -0.0170672 -1.16101e-05 3.69287e-05 -0.0170672 0.0842391 4.32521e-05 -0.000169177 -1.16101e-05 4.32521e-05 0.00944433 -0.0173736 3.69287e-05 -0.000169177 -0.0173736 0.0856307 
0.00936908 -0.0170593 -1.02336e-05 3.9409e-05 -0.0170593 0.0841882 4.05747e-05 -0.000182528 -1.02336e-05 4.05747e-05 0.00941944 -0.0173701 3.9409e-05 -0.000182528 -0.0173701 0.0856274 
0.00939302 -0.0170972 -1.76136e-05 4.05866e-05 -0.0170972 0.0843057 3.50751e-05 -0.000181829 -1.76136e-05 3.50751e-05 0.00940897 -0.0173675 4.05866e-05 -0.000181829 -0.0173675 0.0857096 
0.0093973 -0.0171237 -1.79488e-05 5.13206e-05 -0.0171237 0.0843934 4.11511e-05 -0.000192597 -1.79488e-05 4.11511e-05 0.00940922 -0.0173484 5.13206e-05 -0.000192597 -0.0173484 0.0857005 
0.00938226 -0.0171012 -2.15716e-05 5.28565e-05 -0.0171012 0.0843018 4.24164e-05 -0.000201736 -2.15716e-05 4.24164e-05 0.00939314 -0.0173153 5.28565e-05 -0.000201736 -0.0173153 0.0855434 
0.00932627 -0.016982 -2.02862e-05 5.32891e-05 -0.016982 0.0837251 4.68019e-05 -0.000205438 -2.02862e-05 4.68019e-05 0.00932575 -0.0171858 5.32891e-05 -0.000205438 -0.0171858 0.0849161 
0.0092926 -0.0169378 -1.68147e-05 4.85417e-05 -0.0169378 0.0834689 4.47273e-05 -0.000198789 -1.68147e-05 4.47273e-05 0.0092978 -0.0171214 4.85417e-05 -0.000198789 -0.0171214 0.0846002 
0.00929347 -0.0169229 -1.34901e-05 4.06227e-05 -0.0169229 0.0834118 3.67168e-05 -0.000177797 -1.34901e-05 3.67168e-05 0.00928167 -0.0171107 4.06227e-05 -0.000177797 -0.0171107 0.0845163 
0.00933404 -0.0169685 -7.26267e-06 3.33057e-05 -0.0169685 0.0835993 2.95609e-05 -0.000151114 -7.26267e-06 2.95609e-05 0.00927338 -0.0171356 3.33057e-05 -0.000151114 -0.0171356 0.0846668 
0.00938216 -0.0170565 4.09799e-06 2.36771e-05 -0.0170565 0.083946 2.06864e-05 -0.000122993 4.09799e-06 2.06864e-05 0.00928018 -0.01716 2.36771e-05 -0.000122993 -0.01716 0.0848919 
0.00940891 -0.0171063 1.65588e-05 9.51917e-06 -0.0171063 0.0841487 7.00138e-06 -8.77569e-05 1.65588e-05 7.00138e-06 0.00928299 -0.0171526 9.51917e-06 -8.77569e-05 -0.0171526 0.0849349 
0.00940197 -0.0171486 1.34805e-05 -6.8999e-06 -0.0171486 0.0843362 -6.77519e-06 -4.88478e-05 1.34805e-05 -6.77519e-06 0.00932101 -0.017164 -6.8999e-06 -4.88478e-05 -0.017164 0.0850078 
0.00940862 -0.0171738 -2.08961e-06 -4.73873e-06 -0.0171738 0.084574 -3.6022e-06 -3.44267e-05 -2.08961e-06 -3.6022e-06 0.00937079 -0.0172468 -4.73873e-06 -3.44267e-05 -0.0172468 0.0852957 
0.00936958 -0.0171129 -3.10641e-05 1.68274e-05 -0.0171129 0.0843565 1.45287e-05 -6.38041e-05 -3.10641e-05 1.45287e-05 0.00937602 -0.0172436 1.68274e-05 -6.38041e-05 -0.0172436 0.0852105 
0.00934095 -0.0170371 -2.22961e-05 5.6478e-05 -0.0170371 0.0840503 4.99065e-05 -0.000140281 -2.22961e-05 4.99065e-05 0.0093522 -0.017224 5.6478e-05 -0.000140281 -0.017224 0.0850504 
0.00934775 -0.0170226 1.11458e-05 4.55873e-05 -0.0170226 0.0839666 3.84331e-05 -0.000157941 1.11458e-05 3.84331e-05 0.00933665 -0.0172217 4.55873e-05 -0.000157941 -0.0172217 0.0850533 
0.00935245 -0.0170106 2.07945e-05 -1.33963e-06 -0.0170106 0.0838526 -6.93347e-06 -7.7421e-05 2.07945e-05 -6.93347e-06 0.0093097 -0.0171884 -1.33963e-06 -7.7421e-05 -0.0171884 0.0849417 
0.00934337 -0.0170341 2.1112e-05 -1.73047e-05 -0.0170341 0.0838987 -2.45672e-05 -3.00255e-06 2.1112e-05 -2.45672e-05 0.00931867 -0.0171738 -1.73047e-05 -3.00255e-06 -0.0171738 0.0849263 
0.00932605 -0.0170149 1.07633e-05 -1.53603e-05 -0.0170149 0.0838554 -2.36255e-05 1.88201e-05 1.07633e-05 -2.36255e-05 0.00932308 -0.0171692 -1.53603e-05 1.88201e-05 -0.0171692 0.0848672 
0.00928564 -0.0169634 3.23785e-06 -2.89603e-06 -0.0169634 0.0836449 -8.20326e-06 5.07079e-07 3.23785e-06 -8.20326e-06 0.00932208 -0.0171415 -2.89603e-06 5.07079e-07 -0.0171415 0.0846938 
0.00927378 -0.0169549 -7.49633e-06 6.96857e-06 -0.0169549 0.0836716 4.13193e-06 -2.90627e-05 -7.49633e-06 4.13193e-06 0.00934113 -0.0171798 6.96857e-06 -2.90627e-05 -0.0171798 0.0848081 
0.00927652 -0.0169409 -1.35726e-05 1.90584e-05 -0.0169409 0.0836647 1.97007e-05 -6.32747e-05 -1.35726e-05 1.97007e-05 0.00934041 -0.0172037 1.90584e-05 -6.32747e-05 -0.0172037 0.0848982 
0.00930098 -0.0169237 -2.02859e-05 2.59409e-05 -0.0169237 0.0835751 2.81145e-05 -8.98425e-05 -2.02859e-05 2.81145e-05 0.00930161 -0.017187 2.59409e-05 -8.98425e-05 -0.017187 0.0848527 
0.00931252 -0.0169393 -1.6398e-05 3.39135e-05 -0.0169393 0.083512 3.59236e-05 -0.000111366 -1.6398e-05 3.59236e-05 0.0092705 -0.0171214 3.39135e-05 -0.000111366 -0.0171214 0.0846691 
0.00930365 -0.0169535 -5.95997e-06 2.96028e-05 -0.0169535 0.0835012 3.44443e-05 -0.000117581 -5.95997e-06 3.44443e-05 0.00925522 -0.0170726 2.96028e-05 -0.000117581 -0.0170726 0.0844813 
0.00927469 -0.0169118 -1.06255e-06 1.43558e-05 -0.0169118 0.0833117 2.46033e-05 -0.000100228 -1.06255e-06 2.46033e-05 0.00922949 -0.0170129 1.43558e-05 -0.000100228 -0.0170129 0.0841778 
0.00926857 -0.0169032 5.19475e-06 6.91436e-06 -0.0169032 0.0832902 1.94651e-05 -8.15645e-05 5.19475e-06 1.94651e-05 0.00922048 -0.0170043 6.91436e-06 -8.15645e-05 -0.0170043 0.0841126 
0.00927667 -0.0169243 7.29174e-06 1.81385e-06 -0.0169243 0.0834066 1.31241e-05 -6.95739e-05 7.29174e-06 1.31241e-05 0.00923303 -0.0170232 1.81385e-06 -6.95739e-05 -0.0170232 0.0842111 
0.00929417 -0.016943 5.35613e-06 3.9152e-06 -0.016943 0.0835186 1.17069e-05 -7.01262e-05 5.35613e-06 1.17069e-05 0.00924407 -0.0170474 3.9152e-06 -7.01262e-05 -0.0170474 0.0843234 
0.00929348 -0.0169134 1.14112e-05 9.57188e-06 -0.0169134 0.0833552 1.49482e-05 -8.18e-05 1.14112e-05 1.49482e-05 0.00921326 -0.017014 9.57188e-06 -8.18e-05 -0.017014 0.0841594 
0.009319 -0.0169734 8.03652e-06 6.20033e-06 -0.0169734 0.0835799 8.67892e-06 -8.44959e-05 8.03652e-06 8.67892e-06 0.00922249 -0.0170385 6.20033e-06 -8.44959e-05 -0.0170385 0.0843311 
0.00931316 -0.0169826 3.85621e-06 8.46767e-06 -0.0169826 0.0836227 1.12747e-05 -8.60084e-05 3.85621e-06 1.12747e-05 0.00922872 -0.0170255 8.46767e-06 -8.60084e-05 -0.0170255 0.084306 
0.00928808 -0.0169624 2.19631e-06 1.34306e-05 -0.0169624 0.083566 1.78813e-05 -9.83481e-05 2.19631e-06 1.78813e-05 0.00925348 -0.0170222 1.34306e-05 -9.83481e-05 -0.0170222 0.0842521 
0.00930403 -0.0169717 6.72236e-06 1.49469e-05 -0.0169717 0.0836891 2.09215e-05 -0.00010942 6.72236e-06 2.09215e-05 0.00928218 -0.017095 1.49469e-05 -0.00010942 -0.017095 0.0844873 
0.00932198 -0.0169892 7.34307e-06 1.01939e-05 -0.0169892 0.0837699 1.48633e-05 -0.000104972 7.34307e-06 1.48633e-05 0.00929877 -0.0171344 1.01939e-05 -0.000104972 -0.0171344 0.084667 
0.00932409 -0.017012 9.25281e-06 9.76865e-06 -0.017012 0.0838494 1.09655e-05 -9.68496e-05 9.25281e-06 1.09655e-05 0.00931769 -0.0171557 9.76865e-06 -9.68496e-05 -0.0171557 0.0847797 
0.00931817 -0.0170248 7.82282e-06 8.86779e-06 -0.0170248 0.083943 8.76879e-06 -9.23008e-05 7.82282e-06 8.76879e-06 0.00934393 -0.0171887 8.86779e-06 -9.23008e-05 -0.0171887 0.0849109 
0.00930858 -0.0169846 -9.84443e-07 1.11695e-05 -0.0169846 0.0838117 1.31505e-05 -9.838e-05 -9.84443e-07 1.31505e-05 0.00934521 -0.0171882 1.11695e-05 -9.838e-05 -0.0171882 0.08486 
0.00930343 -0.016979 -6.80346e-06 2.33229e-05 -0.016979 0.0837727 2.74214e-05 -0.000125619 -6.80346e-06 2.74214e-05 0.00935435 -0.0172048 2.33229e-05 -0.000125619 -0.0172048 0.0849047 
0.00931936 -0.0170172 -1.22224e-05 3.19687e-05 -0.0170172 0.0839703 3.6556e-05 -0.000156061 -1.22224e-05 3.6556e-05 0.00938377 -0.0172662 3.19687e-05 -0.000156061 -0.0172662 0.0851798 
