0.00776098 0 2.33226e-05 0 0 0.0110307 0 0 2.33226e-05 0 0.00776149 0 0 0 0 0.0110307 
0.00949296 -0.0117856 2.94337e-05 -3.65104e-05 -0.0117856 0.031314 -3.65104e-05 6.99761e-05 2.94337e-05 -3.65104e-05 0.00945254 -0.0117292 -3.65104e-05 6.99761e-05 -0.0117292 0.0312063 
0.00978248 -0.0182836 1.43531e-05 -5.55058e-05 -0.0182836 0.0673921 -5.55058e-05 0.000178651 1.43531e-05 -5.55058e-05 0.00968873 -0.017978 -5.55058e-05 0.000178651 -0.017978 0.0663536 
0.00920743 -0.0179346 6.26108e-06 -3.55022e-05 -0.0179346 0.0805695 -3.59681e-05 0.000195222 6.26108e-06 -3.59681e-05 0.00911163 -0.0174269 -3.55022e-05 0.000195222 -0.0174269 0.0780856 
0.00888676 -0.0168119 7.77595e-06 -2.45706e-05 -0.0168119 0.0814779 -2.08595e-05 0.000162014 7.77595e-06 -2.08595e-05 0.00886064 -0.01638 -2.45706e-05 0.000162014 -0.01638 0.0787143 
0.00865411 -0.016075 4.45851e-06 -2.33972e-05 -0.016075 0.0794136 -1.64493e-05 0.000122575 4.45851e-06 -1.64493e-05 0.00870206 -0.0158374 -2.33972e-05 0.000122575 -0.0158374 0.07736 
0.00841971 -0.0155626 7.1952e-07 -1.71021e-05 -0.0155626 0.0770947 -1.38808e-05 9.41672e-05 7.1952e-07 -1.38808e-05 0.00850498 -0.0154647 -1.71021e-05 9.41672e-05 -0.0154647 0.0757943 
0.00817921 -0.0150771 5.30821e-06 -9.49458e-06 -0.0150771 0.0747239 -9.74208e-06 6.90194e-05 5.30821e-06 -9.74208e-06 0.00825942 -0.0150352 -9.49458e-06 6.90194e-05 -0.0150352 0.0738743 
0.0111832 -0.0205484 -2.5066e-06 -1.84451e-05 -0.0205484 0.101768 -2.07284e-05 8.86304e-05 -2.5066e-06 -2.07284e-05 0.0112331 -0.0204725 -1.84451e-05 8.86304e-05 -0.0204725 0.100787 
0.0110383 -0.0202972 -2.31978e-05 -1.02255e-05 -0.0202972 0.100326 -1.07729e-05 7.93637e-05 -2.31978e-05 -1.07729e-05 0.0110531 -0.0201298 -1.02255e-05 7.93637e-05 -0.0201298 0.0992347 
0.010954 -0.0201725 -3.1095e-05 9.79991e-06 -0.0201725 0.099634 1.19517e-05 4.53439e-05 -3.1095e-05 1.19517e-05 0.0109583 -0.0199538 9.79991e-06 4.53439e-05 -0.0199538 0.098377 
0.0108856 -0.0200344 -3.02313e-05 1.83751e-05 -0.0200344 0.0989686 2.18743e-05 1.67362e-05 -3.02313e-05 2.18743e-05 0.0108709 -0.0198073 1.83751e-05 1.67362e-05 -0.0198073 0.0976381 
0.010842 -0.0199726 -3.02752e-05 2.01365e-05 -0.0199726 0.0986333 2.14898e-05 4.54188e-06 -3.02752e-05 2.14898e-05 0.0108358 -0.0197318 2.01365e-05 4.54188e-06 -0.0197318 0.0972735 
0.0108092 -0.0199685 -1.60536e-05 2.12095e-05 -0.0199685 0.0986378 2.07793e-05 1.5847e-06 -1.60536e-05 2.07793e-05 0.0108527 -0.0197451 2.12095e-05 1.5847e-06 -0.0197451 0.0973042 
0.0108045 -0.0199454 -1.39001e-05 6.3123e-06 -0.0199454 0.0986603 6.63588e-06 1.96408e-05 -1.39001e-05 6.63588e-06 0.0108642 -0.0197926 6.3123e-06 1.96408e-05 -0.0197926 0.097469 
0.0107988 -0.0199221 -2.15358e-05 4.1271e-06 -0.0199221 0.0985787 3.55173e-06 3.29837e-05 -2.15358e-05 3.55173e-06 0.0108572 -0.0197981 4.1271e-06 3.29837e-05 -0.0197981 0.0975174 
0.0107721 -0.0198874 -1.65213e-05 1.73706e-05 -0.0198874 0.0984014 1.30048e-05 1.48722e-05 -1.65213e-05 1.30048e-05 0.0108652 -0.0197654 1.73706e-05 1.48722e-05 -0.0197654 0.0973999 
0.0107519 -0.0198633 -1.29211e-05 1.58478e-05 -0.0198633 0.0983188 8.3721e-06 4.28731e-06 -1.29211e-05 8.3721e-06 0.0108851 -0.0197857 1.58478e-05 4.28731e-06 -0.0197857 0.0974078 
0.0107644 -0.0198454 2.54269e-06 1.11683e-05 -0.0198454 0.0982818 4.52147e-06 7.84208e-06 2.54269e-06 4.52147e-06 0.0108835 -0.0198258 1.11683e-05 7.84208e-06 -0.0198258 0.0975174 
0.0107644 -0.0198374 7.71911e-06 -7.65463e-06 -0.0198374 0.0981738 -1.33864e-05 3.5009e-05 7.71911e-06 -1.33864e-05 0.010863 -0.0198045 -7.65463e-06 3.5009e-05 -0.0198045 0.0974616 
0.0107649 -0.0198585 1.60514e-05 -1.66883e-05 -0.0198585 0.0982228 -2.29462e-05 6.74178e-05 1.60514e-05 -2.29462e-05 0.0108587 -0.0197905 -1.66883e-05 6.74178e-05 -0.0197905 0.0974524 
0.0107832 -0.0198846 1.79539e-05 -2.57765e-05 -0.0198846 0.0983695 -3.20786e-05 9.24534e-05 1.79539e-05 -3.20786e-05 0.0108547 -0.0198076 -2.57765e-05 9.24534e-05 -0.0198076 0.0975496 
0.0107739 -0.0198881 2.03488e-05 -2.97724e-05 -0.0198881 0.0983789 -3.11982e-05 0.000102935 2.03488e-05 -3.11982e-05 0.0108534 -0.0197862 -2.97724e-05 0.000102935 -0.0197862 0.0975076 
0.0107823 -0.0198797 2.16913e-05 -3.41279e-05 -0.0198797 0.0983792 -2.96157e-05 0.000105154 2.16913e-05 -2.96157e-05 0.0108514 -0.0197854 -3.41279e-05 0.000105154 -0.0197854 0.0974943 
0.0108116 -0.0199439 7.5567e-06 -3.55069e-05 -0.0199439 0.0986535 -2.97156e-05 0.000106457 7.5567e-06 -2.97156e-05 0.010882 -0.0198295 -3.55069e-05 0.000106457 -0.0198295 0.0977277 
0.0108218 -0.0199518 -1.39378e-05 -1.73828e-05 -0.0199518 0.098692 -1.43975e-05 8.10395e-05 -1.39378e-05 -1.43975e-05 0.0108781 -0.0198315 -1.73828e-05 8.10395e-05 -0.0198315 0.0977262 
0.0108351 -0.0199703 -2.03521e-05 1.20849e-05 -0.0199703 0.0987628 1.35252e-05 2.00811e-05 -2.03521e-05 1.35252e-05 0.0108855 -0.0198369 1.20849e-05 2.00811e-05 -0.0198369 0.0977656 
0.0108093 -0.0199433 -2.42839e-05 2.32731e-05 -0.0199433 0.0986087 2.40427e-05 -2.9295e-05 -2.42839e-05 2.40427e-05 0.0108846 -0.0198043 2.32731e-05 -2.9295e-05 -0.0198043 0.0975911 
0.0108081 -0.0199346 -1.19923e-05 2.76635e-05 -0.0199346 0.0985992 2.70428e-05 -5.01849e-05 -1.19923e-05 2.70428e-05 0.0108985 -0.0198267 2.76635e-05 -5.01849e-05 -0.0198267 0.0976212 
0.010838 -0.0199546 -1.23794e-05 1.22932e-05 -0.0199546 0.0986923 1.16808e-05 -3.26501e-05 -1.23794e-05 1.16808e-05 0.0108896 -0.0198645 1.22932e-05 -3.26501e-05 -0.0198645 0.0977622 
0.0108365 -0.0199774 -9.49244e-06 8.38956e-06 -0.0199774 0.0987243 9.13928e-06 -1.11706e-05 -9.49244e-06 9.13928e-06 0.0108876 -0.0198421 8.38956e-06 -1.11706e-05 -0.0198421 0.0977443 
0.0108514 -0.0199823 -1.86911e-05 2.25018e-06 -0.0199823 0.098766 7.68851e-06 2.74513e-06 -1.86911e-05 7.68851e-06 0.0108692 -0.0198415 2.25018e-06 2.74513e-06 -0.0198415 0.0977386 
0.0108773 -0.020046 -1.4938e-05 7.82329e-06 -0.020046 0.0990331 1.68685e-05 3.34718e-06 -1.4938e-05 1.68685e-05 0.0108815 -0.0198621 7.82329e-06 3.34718e-06 -0.0198621 0.0979218 
0.0108754 -0.0200549 -1.42373e-05 2.85558e-06 -0.0200549 0.0990843 1.01297e-05 1.29627e-05 -1.42373e-05 1.01297e-05 0.0108939 -0.019846 2.85558e-06 1.29627e-05 -0.019846 0.0978855 
0.0108743 -0.0200691 -9.19631e-06 9.27755e-07 -0.0200691 0.099185 3.99127e-06 3.0504e-05 -9.19631e-06 3.99127e-06 0.0109339 -0.0198772 9.27755e-07 3.0504e-05 -0.0198772 0.0979758 
0.0108685 -0.0200137 -7.46456e-06 -6.069e-06 -0.0200137 0.0989637 -5.0986e-06 5.28605e-05 -7.46456e-06 -5.0986e-06 0.0109119 -0.0198752 -6.069e-06 5.28605e-05 -0.0198752 0.0978472 
0.0108955 -0.0200483 -1.28563e-05 -1.08089e-05 -0.0200483 0.0990595 -5.65413e-06 6.808e-05 -1.28563e-05 -5.65413e-06 0.0109106 -0.0198961 -1.08089e-05 6.808e-05 -0.0198961 0.0979759 
0.0108928 -0.0200728 -2.18188e-05 -7.50469e-06 -0.0200728 0.0991052 4.81903e-07 6.94473e-05 -2.18188e-05 4.81903e-07 0.0109034 -0.0198757 -7.50469e-06 6.94473e-05 -0.0198757 0.0979408 
0.0109161 -0.0200852 -1.51551e-05 2.12007e-06 -0.0200852 0.0991912 9.86834e-06 5.6783e-05 -1.51551e-05 9.86834e-06 0.0108865 -0.0198754 2.12007e-06 5.6783e-05 -0.0198754 0.0979553 
0.0109461 -0.0200987 1.15707e-06 -4.58697e-06 -0.0200987 0.0991967 -7.88556e-07 6.48222e-05 1.15707e-06 -7.88556e-07 0.0108408 -0.019839 -4.58697e-06 6.48222e-05 -0.019839 0.0978573 
0.0109679 -0.0201696 2.58196e-06 -2.59877e-05 -0.0201696 0.0994202 -2.44877e-05 0.000110281 2.58196e-06 -2.44877e-05 0.0108379 -0.0198107 -2.59877e-05 0.000110281 -0.0198107 0.0978693 
0.0109401 -0.0201444 -4.58563e-06 -3.20409e-05 -0.0201444 0.0993055 -2.7747e-05 0.000143492 -4.58563e-06 -2.7747e-05 0.0108229 -0.0197492 -3.20409e-05 0.000143492 -0.0197492 0.0975925 
0.010918 -0.0201375 -1.22287e-05 -2.37096e-05 -0.0201375 0.0993289 -1.73231e-05 0.000141123 -1.22287e-05 -1.73231e-05 0.0108587 -0.0197601 -2.37096e-05 0.000141123 -0.0197601 0.0975904 
0.0108874 -0.020086 -1.1184e-05 -1.2763e-05 -0.020086 0.0991787 -6.24067e-06 0.000118 -1.1184e-05 -6.24067e-06 0.0108827 -0.0197855 -1.2763e-05 0.000118 -0.0197855 0.0975675 
0.0108783 -0.0200569 -9.74618e-06 -1.11576e-05 -0.0200569 0.0990973 -7.55496e-06 0.000105841 -9.74618e-06 -7.55496e-06 0.0109 -0.0198322 -1.11576e-05 0.000105841 -0.0198322 0.0976796 
0.0108566 -0.0200308 -4.85917e-06 -1.09943e-05 -0.0200308 0.0989827 -1.02081e-05 0.00010426 -4.85917e-06 -1.02081e-05 0.01092 -0.0198495 -1.09943e-05 0.00010426 -0.0198495 0.0977284 
0.0108405 -0.0199853 6.08162e-06 -1.84167e-05 -0.0199853 0.0988025 -1.63001e-05 0.000115443 6.08162e-06 -1.63001e-05 0.0109091 -0.0198591 -1.84167e-05 0.000115443 -0.0198591 0.0977012 
0.0108284 -0.0199711 -3.76267e-06 -3.28063e-05 -0.0199711 0.098717 -3.04527e-05 0.000145204 -3.76267e-06 -3.04527e-05 0.0108959 -0.0198515 -3.28063e-05 0.000145204 -0.0198515 0.0976904 
0.0108066 -0.0199628 -9.54211e-06 -2.15143e-05 -0.0199628 0.0986898 -2.2278e-05 0.000147333 -9.54211e-06 -2.2278e-05 0.0108963 -0.0198411 -2.15143e-05 0.000147333 -0.0198411 0.0976823 
0.0107925 -0.0199316 -1.7973e-05 -7.0488e-06 -0.0199316 0.0986163 -1.11974e-05 0.000117499 -1.7973e-05 -1.11974e-05 0.0108892 -0.0198361 -7.0488e-06 0.000117499 -0.0198361 0.0976525 
0.0107965 -0.0199095 -1.81218e-05 6.7686e-06 -0.0199095 0.0985468 1.09835e-06 7.9876e-05 -1.81218e-05 1.09835e-06 0.0108765 -0.0198339 6.7686e-06 7.9876e-05 -0.0198339 0.0976527 
0.0107909 -0.0198777 -1.6783e-05 9.01521e-06 -0.0198777 0.098354 4.00655e-06 5.55367e-05 -1.6783e-05 4.00655e-06 0.0108532 -0.019789 9.01521e-06 5.55367e-05 -0.019789 0.0974788 
0.0107934 -0.0199046 -1.61248e-05 5.90148e-06 -0.0199046 0.0984312 1.2833e-06 5.2465e-05 -1.61248e-05 1.2833e-06 0.0108716 -0.0197985 5.90148e-06 5.2465e-05 -0.0197985 0.0975386 
0.0108056 -0.0199183 -1.84603e-05 1.31358e-06 -0.0199183 0.09852 -1.62911e-06 6.09383e-05 -1.84603e-05 -1.62911e-06 0.0108887 -0.0198304 1.31358e-06 6.09383e-05 -0.0198304 0.0976491 
0.0108513 -0.0199667 -1.84853e-05 -9.65563e-07 -0.0199667 0.0987413 -3.88817e-07 7.06303e-05 -1.84853e-05 -3.88817e-07 0.010899 -0.0198817 -9.65563e-07 7.06303e-05 -0.0198817 0.0978838 
0.01091 -0.0200508 -2.80218e-06 -6.01849e-06 -0.0200508 0.0990607 -6.44418e-07 8.30385e-05 -2.80218e-06 -6.44418e-07 0.0108935 -0.0199156 -6.01849e-06 8.30385e-05 -0.0199156 0.0981199 
0.0109289 -0.0200926 8.25391e-06 -2.72784e-05 -0.0200926 0.0991584 -1.85126e-05 0.000118869 8.25391e-06 -1.85126e-05 0.0108678 -0.0198661 -2.72784e-05 0.000118869 -0.0198661 0.0980151 
0.0109542 -0.0201296 9.22425e-06 -4.25133e-05 -0.0201296 0.099297 -3.57276e-05 0.000166942 9.22425e-06 -3.57276e-05 0.0108497 -0.0198374 -4.25133e-05 0.000166942 -0.0198374 0.0979444 
0.010932 -0.0201166 1.12331e-05 -4.43561e-05 -0.0201166 0.0991799 -4.28298e-05 0.00019805 1.12331e-05 -4.28298e-05 0.0108321 -0.019764 -4.43561e-05 0.00019805 -0.019764 0.0976392 
0.0108758 -0.0200557 1.78756e-05 -4.53991e-05 -0.0200557 0.0989071 -4.62619e-05 0.00021208 1.78756e-05 -4.62619e-05 0.0108267 -0.0197031 -4.53991e-05 0.00021208 -0.0197031 0.0972832 
0.0108537 -0.0200356 1.72443e-05 -5.04223e-05 -0.0200356 0.0989095 -5.34003e-05 0.000223962 1.72443e-05 -5.34003e-05 0.0108493 -0.0197464 -5.04223e-05 0.000223962 -0.0197464 0.0973587 
0.010824 -0.0199899 8.39207e-06 -4.89323e-05 -0.0199899 0.0987792 -5.22281e-05 0.000226904 8.39207e-06 -5.22281e-05 0.0108478 -0.019764 -4.89323e-05 0.000226904 -0.019764 0.0973813 
0.0108013 -0.0199365 1.33142e-05 -3.83782e-05 -0.0199365 0.0985914 -3.95269e-05 0.000208288 1.33142e-05 -3.95269e-05 0.0108348 -0.0197546 -3.83782e-05 0.000208288 -0.0197546 0.0973386 
0.0108069 -0.0199333 1.45436e-05 -4.37881e-05 -0.0199333 0.098599 -4.20742e-05 0.000202051 1.45436e-05 -4.20742e-05 0.0108303 -0.01977 -4.37881e-05 0.000202051 -0.01977 0.0974393 
0.0107772 -0.0198647 8.75691e-06 -4.64861e-05 -0.0198647 0.098263 -4.33666e-05 0.000205726 8.75691e-06 -4.33666e-05 0.0107959 -0.0197025 -4.64861e-05 0.000205726 -0.0197025 0.0971596 
0.0107599 -0.0198295 5.5735e-06 -4.23501e-05 -0.0198295 0.09807 -3.63247e-05 0.00020014 5.5735e-06 -3.63247e-05 0.0107733 -0.0196685 -4.23501e-05 0.00020014 -0.0196685 0.0970001 
0.0107491 -0.0197925 4.89509e-06 -4.2456e-05 -0.0197925 0.097872 -3.21906e-05 0.000196495 4.89509e-06 -3.21906e-05 0.0107366 -0.0196262 -4.2456e-05 0.000196495 -0.0196262 0.0968138 
0.0107144 -0.0197401 1.72027e-05 -4.23447e-05 -0.0197401 0.0975656 -3.1531e-05 0.00019634 1.72027e-05 -3.1531e-05 0.0107015 -0.0195422 -4.23447e-05 0.00019634 -0.0195422 0.096464 
0.0106716 -0.0196869 2.62671e-05 -5.29159e-05 -0.0196869 0.0972984 -4.57468e-05 0.000212522 2.62671e-05 -4.57468e-05 0.0106795 -0.019483 -5.29159e-05 0.000212522 -0.019483 0.0961599 
0.0106677 -0.0196524 3.66654e-05 -6.13259e-05 -0.0196524 0.0971803 -5.81761e-05 0.000235206 3.66654e-05 -5.81761e-05 0.0106583 -0.0194774 -6.13259e-05 0.000235206 -0.0194774 0.0960802 
0.0106899 -0.0196883 3.57514e-05 -7.1399e-05 -0.0196883 0.0973207 -7.21453e-05 0.000261953 3.57514e-05 -7.21453e-05 0.0106663 -0.019498 -7.1399e-05 0.000261953 -0.019498 0.0962288 
0.0106961 -0.0197168 3.18615e-05 -7.19337e-05 -0.0197168 0.0974341 -7.26315e-05 0.00027466 3.18615e-05 -7.26315e-05 0.010687 -0.0195097 -7.19337e-05 0.00027466 -0.0195097 0.0963152 
0.0106979 -0.0197554 1.97213e-05 -6.64568e-05 -0.0197554 0.0976478 -6.53659e-05 0.000266196 1.97213e-05 -6.53659e-05 0.0107396 -0.0195631 -6.64568e-05 0.000266196 -0.0195631 0.0965347 
0.0107044 -0.0197749 2.69093e-06 -5.03615e-05 -0.0197749 0.0978354 -4.96087e-05 0.000234617 2.69093e-06 -4.96087e-05 0.0107861 -0.0196472 -5.03615e-05 0.000234617 -0.0196472 0.0968328 
0.0107136 -0.0197762 -6.8922e-06 -2.48158e-05 -0.0197762 0.0979057 -2.73252e-05 0.000179595 -6.8922e-06 -2.73252e-05 0.010811 -0.0197057 -2.48158e-05 0.000179595 -0.0197057 0.0970585 
0.0107275 -0.0197832 -1.82677e-06 -6.76962e-06 -0.0197832 0.0979377 -1.6606e-05 0.000128867 -1.82677e-06 -1.6606e-05 0.0108107 -0.0197319 -6.76962e-06 0.000128867 -0.0197319 0.0971857 
0.0107443 -0.0198312 -6.22549e-06 -1.01185e-05 -0.0198312 0.0981329 -2.256e-05 0.000114379 -6.22549e-06 -2.256e-05 0.0108228 -0.019756 -1.01185e-05 0.000114379 -0.019756 0.0973653 
0.010777 -0.019882 2.07829e-06 -7.42623e-06 -0.019882 0.0984071 -1.86088e-05 0.000109946 2.07829e-06 -1.86088e-05 0.0108356 -0.0197964 -7.42623e-06 0.000109946 -0.0197964 0.0975994 
0.0108017 -0.0198896 -3.63155e-07 -1.91827e-05 -0.0198896 0.0984436 -2.85287e-05 0.000123632 -3.63155e-07 -2.85287e-05 0.010826 -0.0197834 -1.91827e-05 0.000123632 -0.0197834 0.0975927 
0.0108228 -0.0199053 1.19714e-05 -1.65128e-05 -0.0199053 0.0984336 -2.34106e-05 0.000124656 1.19714e-05 -2.34106e-05 0.0108086 -0.0197498 -1.65128e-05 0.000124656 -0.0197498 0.0974784 
0.0108182 -0.0199374 1.61122e-05 -3.03091e-05 -0.0199374 0.0984893 -3.44161e-05 0.000136629 1.61122e-05 -3.44161e-05 0.0108121 -0.0197229 -3.03091e-05 0.000136629 -0.0197229 0.0973773 
0.0107932 -0.0199143 6.76113e-06 -3.81595e-05 -0.0199143 0.0984041 -3.9804e-05 0.000155422 6.76113e-06 -3.9804e-05 0.010813 -0.0196974 -3.81595e-05 0.000155422 -0.0196974 0.097203 
0.010767 -0.0199015 -1.6013e-06 -2.6825e-05 -0.0199015 0.0983961 -2.74635e-05 0.000144292 -1.6013e-06 -2.74635e-05 0.0108285 -0.019715 -2.6825e-05 0.000144292 -0.019715 0.09721 
0.0107336 -0.0198027 -1.09775e-05 -1.42099e-05 -0.0198027 0.0980197 -1.75137e-05 0.000116642 -1.09775e-05 -1.75137e-05 0.0107831 -0.0196764 -1.42099e-05 0.000116642 -0.0196764 0.096951 
0.0107013 -0.0197253 -1.9837e-05 3.40103e-07 -0.0197253 0.0976212 -3.23017e-06 7.83877e-05 -1.9837e-05 -3.23017e-06 0.0107287 -0.0196013 3.40103e-07 7.83877e-05 -0.0196013 0.0966338 
0.0106899 -0.0197131 -1.75061e-05 9.37765e-06 -0.0197131 0.0975315 8.97569e-06 4.47454e-05 -1.75061e-05 8.97569e-06 0.0107134 -0.0195736 9.37765e-06 4.47454e-05 -0.0195736 0.0965593 
0.0106668 -0.0196828 -1.12869e-05 3.1553e-06 -0.0196828 0.0973917 5.92144e-06 4.14541e-05 -1.12869e-05 5.92144e-06 0.0107093 -0.0195425 3.1553e-06 4.14541e-05 -0.0195425 0.0964306 
0.0106672 -0.0196485 -6.41833e-06 -1.00763e-05 -0.0196485 0.097251 -2.61098e-06 6.45462e-05 -6.41833e-06 -2.61098e-06 0.0106938 -0.019532 -1.00763e-05 6.45462e-05 -0.019532 0.096339 
0.0106887 -0.0196562 4.98993e-06 -1.85792e-05 -0.0196562 0.0972193 -7.92864e-06 8.96555e-05 4.98993e-06 -7.92864e-06 0.0106766 -0.0195208 -1.85792e-05 8.96555e-05 -0.0195208 0.0963069 
0.0106809 -0.0197111 2.44076e-06 -3.05001e-05 -0.0197111 0.0973709 -2.04118e-05 0.000116715 2.44076e-06 -2.04118e-05 0.0107108 -0.0195154 -3.05001e-05 0.000116715 -0.0195154 0.0963424 
0.0106984 -0.0197545 -2.93067e-05 -2.74423e-05 -0.0197545 0.0976749 -2.12717e-05 0.000131149 -2.93067e-05 -2.12717e-05 0.010756 -0.0195994 -2.74423e-05 0.000131149 -0.0195994 0.0966343 
0.0107228 -0.0197576 -3.69516e-05 1.21726e-05 -0.0197576 0.0977561 1.40729e-05 7.83089e-05 -3.69516e-05 1.40729e-05 0.0107585 -0.0196469 1.21726e-05 7.83089e-05 -0.0196469 0.0968082 
0.0107586 -0.0198305 -2.7894e-05 2.60287e-05 -0.0198305 0.0980568 2.68827e-05 2.52907e-05 -2.7894e-05 2.68827e-05 0.0107848 -0.019699 2.60287e-05 2.52907e-05 -0.019699 0.0971257 
0.0107804 -0.0198809 -1.61212e-05 1.34041e-05 -0.0198809 0.0982988 1.4021e-05 2.76552e-05 -1.61212e-05 1.4021e-05 0.0108083 -0.019733 1.34041e-05 2.76552e-05 -0.019733 0.0973301 
0.0107894 -0.0198918 -8.77864e-06 -5.8816e-06 -0.0198918 0.0983735 -2.99286e-06 6.695e-05 -8.77864e-06 -2.99286e-06 0.010818 -0.0197429 -5.8816e-06 6.695e-05 -0.0197429 0.097383 
0.0107967 -0.019887 -1.64243e-05 -1.84643e-05 -0.019887 0.0983536 -1.45509e-05 0.000108734 -1.64243e-05 -1.45509e-05 0.0108265 -0.019745 -1.84643e-05 0.000108734 -0.019745 0.0973755 
0.0107978 -0.0198914 -1.81788e-05 -1.06797e-05 -0.0198914 0.0983236 -6.94599e-06 0.000115518 -1.81788e-05 -6.94599e-06 0.010836 -0.0197404 -1.06797e-05 0.000115518 -0.0197404 0.0973268 
0.0108419 -0.0199496 -1.16217e-05 -6.00603e-06 -0.0199496 0.098579 -5.14189e-06 0.000107954 -1.16217e-05 -5.14189e-06 0.010847 -0.019797 -6.00603e-06 0.000107954 -0.019797 0.0975517 
0.0108528 -0.0200002 -2.20213e-06 -1.34885e-05 -0.0200002 0.0987533 -1.39155e-05 0.000118159 -2.20213e-06 -1.39155e-05 0.0108694 -0.0198018 -1.34885e-05 0.000118159 -0.0198018 0.0976345 
0.0108616 -0.0200128 -1.04594e-06 -2.78691e-05 -0.0200128 0.0988434 -2.77283e-05 0.000149298 -1.04594e-06 -2.77283e-05 0.0108748 -0.01982 -2.78691e-05 0.000149298 -0.01982 0.0976719 
0.0108563 -0.0199755 8.66272e-06 -3.41496e-05 -0.0199755 0.0986568 -3.19561e-05 0.000177823 8.66272e-06 -3.19561e-05 0.0108376 -0.0197768 -3.41496e-05 0.000177823 -0.0197768 0.0974604 
0.0108642 -0.0200175 2.42935e-05 -4.77254e-05 -0.0200175 0.0988019 -4.35335e-05 0.000208812 2.42935e-05 -4.35335e-05 0.0108428 -0.0197808 -4.77254e-05 0.000208812 -0.0197808 0.0975329 
0.0108725 -0.0200494 1.88366e-05 -7.01356e-05 -0.0200494 0.0989972 -6.22973e-05 0.0002565 1.88366e-05 -6.22973e-05 0.0108725 -0.0198118 -7.01356e-05 0.0002565 -0.0198118 0.0976933 
0.0108876 -0.0200625 1.87251e-05 -6.76377e-05 -0.0200625 0.0991203 -5.52358e-05 0.000273995 1.87251e-05 -5.52358e-05 0.0108932 -0.0198568 -6.76377e-05 0.000273995 -0.0198568 0.0978653 
0.0109185 -0.0201014 9.90448e-06 -6.72406e-05 -0.0201014 0.0993081 -5.42378e-05 0.000275441 9.90448e-06 -5.42378e-05 0.0109131 -0.0199041 -6.72406e-05 0.000275441 -0.0199041 0.0980959 
0.0109342 -0.0201597 5.8371e-06 -5.10265e-05 -0.0201597 0.0995553 -4.33369e-05 0.000251951 5.8371e-06 -4.33369e-05 0.0109422 -0.0199446 -5.10265e-05 0.000251951 -0.0199446 0.0983251 
0.0109451 -0.0201641 2.22761e-06 -4.14647e-05 -0.0201641 0.0996349 -4.0016e-05 0.000228393 2.22761e-06 -4.0016e-05 0.0109434 -0.0199686 -4.14647e-05 0.000228393 -0.0199686 0.0984248 
0.0109474 -0.0201793 -2.12431e-06 -3.56446e-05 -0.0201793 0.0997084 -3.77525e-05 0.000213772 -2.12431e-06 -3.77525e-05 0.010961 -0.0199778 -3.56446e-05 0.000213772 -0.0199778 0.0985119 
0.0109349 -0.020176 -1.56447e-05 -3.00159e-05 -0.020176 0.0997221 -3.5756e-05 0.000205247 -1.56447e-05 -3.5756e-05 0.0109743 -0.0199906 -3.00159e-05 0.000205247 -0.0199906 0.0985466 
0.0109234 -0.0201112 -2.47268e-05 -1.54751e-05 -0.0201112 0.0994661 -2.30896e-05 0.000184743 -2.47268e-05 -2.30896e-05 0.010952 -0.0199615 -1.54751e-05 0.000184743 -0.0199615 0.0983669 
0.0108886 -0.0200285 -3.43473e-05 -4.18634e-06 -0.0200285 0.0989908 -7.65615e-06 0.000151951 -3.43473e-05 -7.65615e-06 0.0109008 -0.0198674 -4.18634e-06 0.000151951 -0.0198674 0.0979144 
0.0109031 -0.0200611 -3.51026e-05 5.20392e-06 -0.0200611 0.099079 8.31937e-06 0.000119135 -3.51026e-05 8.31937e-06 0.0109014 -0.0198788 5.20392e-06 0.000119135 -0.0198788 0.0979651 
0.01093 -0.0201126 -2.50997e-05 2.53523e-06 -0.0201126 0.0993084 1.00707e-05 0.000108339 -2.50997e-05 1.00707e-05 0.0109033 -0.0199135 2.53523e-06 0.000108339 -0.0199135 0.0981504 
0.0109487 -0.0201131 -2.06494e-05 -1.19753e-05 -0.0201131 0.0992928 -3.14826e-06 0.000130124 -2.06494e-05 -3.14826e-06 0.0108756 -0.0198785 -1.19753e-05 0.000130124 -0.0198785 0.0980602 
0.0109435 -0.020134 -4.64011e-06 -1.8184e-05 -0.020134 0.0993004 -1.2962e-05 0.00015912 -4.64011e-06 -1.2962e-05 0.0108699 -0.0198351 -1.8184e-05 0.00015912 -0.0198351 0.0979288 
0.0109273 -0.0201343 3.20563e-07 -3.72942e-05 -0.0201343 0.099312 -3.51994e-05 0.00020385 3.20563e-07 -3.51994e-05 0.0108747 -0.0198209 -3.72942e-05 0.00020385 -0.0198209 0.0978347 
0.0108911 -0.0200893 -5.45092e-06 -4.31266e-05 -0.0200893 0.0991572 -4.45609e-05 0.000238866 -5.45092e-06 -4.45609e-05 0.0108655 -0.019801 -4.31266e-05 0.000238866 -0.019801 0.0976801 
0.0108463 -0.0199971 7.02451e-07 -3.56923e-05 -0.0199971 0.0987831 -3.66066e-05 0.000238117 7.02451e-07 -3.66066e-05 0.0108272 -0.0197486 -3.56923e-05 0.000238117 -0.0197486 0.0973849 
0.0107995 -0.0199244 -9.44453e-07 -4.12583e-05 -0.0199244 0.098448 -4.06009e-05 0.000238103 -9.44453e-07 -4.06009e-05 0.0108126 -0.0196913 -4.12583e-05 0.000238103 -0.0196913 0.0971179 
0.0107925 -0.0199305 3.96259e-06 -3.63639e-05 -0.0199305 0.0985191 -4.00409e-05 0.000235552 3.96259e-06 -4.00409e-05 0.0108439 -0.0197351 -3.63639e-05 0.000235552 -0.0197351 0.0972683 
0.0107998 -0.0199194 2.69793e-05 -3.97121e-05 -0.0199194 0.0985393 -4.52658e-05 0.000236538 2.69793e-05 -4.52658e-05 0.010857 -0.0197831 -3.97121e-05 0.000236538 -0.0197831 0.0974303 
0.0108234 -0.019935 3.39076e-05 -7.22174e-05 -0.019935 0.0986116 -7.47476e-05 0.000288004 3.39076e-05 -7.47476e-05 0.0108594 -0.0198209 -7.22174e-05 0.000288004 -0.0198209 0.0976224 
0.0108091 -0.0198982 1.97984e-05 -8.5021e-05 -0.0198982 0.0983804 -8.18443e-05 0.000333093 1.97984e-05 -8.18443e-05 0.0108308 -0.0197674 -8.5021e-05 0.000333093 -0.0197674 0.0974244 
0.0108236 -0.0199091 1.00466e-05 -7.00671e-05 -0.0199091 0.0983913 -6.15722e-05 0.00032135 1.00466e-05 -6.15722e-05 0.0108168 -0.019761 -7.00671e-05 0.00032135 -0.019761 0.0974171 
0.0108269 -0.0199398 1.00849e-05 -5.66634e-05 -0.0199398 0.0984838 -4.82811e-05 0.000287722 1.00849e-05 -4.82811e-05 0.0108226 -0.0197551 -5.66634e-05 0.000287722 -0.0197551 0.0974443 
0.0108528 -0.0199632 1.4319e-05 -5.64708e-05 -0.0199632 0.0986227 -5.07284e-05 0.000277029 1.4319e-05 -5.07284e-05 0.010824 -0.0197784 -5.64708e-05 0.000277029 -0.0197784 0.0975503 
0.0108653 -0.0199942 1.81004e-05 -6.49664e-05 -0.0199942 0.09872 -6.01023e-05 0.000294777 1.81004e-05 -6.01023e-05 0.0108277 -0.0197735 -6.49664e-05 0.000294777 -0.0197735 0.0975796 
0.0108742 -0.0200045 1.70382e-06 -7.10002e-05 -0.0200045 0.0987516 -6.59858e-05 0.000316812 1.70382e-06 -6.59858e-05 0.01082 -0.0197604 -7.10002e-05 0.000316812 -0.0197604 0.0975249 
0.0108735 -0.0200307 -5.60419e-06 -5.14322e-05 -0.0200307 0.0988581 -4.46502e-05 0.000294056 -5.60419e-06 -4.46502e-05 0.0108299 -0.0197658 -5.14322e-05 0.000294056 -0.0197658 0.0975605 
0.0108744 -0.0200543 -1.93791e-06 -3.872e-05 -0.0200543 0.0990232 -3.16669e-05 0.000254462 -1.93791e-06 -3.16669e-05 0.0108457 -0.0197998 -3.872e-05 0.000254462 -0.0197998 0.0977084 
0.0108449 -0.0200267 -9.25806e-07 -3.9851e-05 -0.0200267 0.0989648 -3.35527e-05 0.00023646 -9.25806e-07 -3.35527e-05 0.0108559 -0.0197957 -3.9851e-05 0.00023646 -0.0197957 0.0976905 
0.0108221 -0.0199961 1.28554e-05 -3.91152e-05 -0.0199961 0.0989188 -3.7986e-05 0.000234132 1.28554e-05 -3.7986e-05 0.010874 -0.0198185 -3.91152e-05 0.000234132 -0.0198185 0.0977515 
0.0107844 -0.0199023 1.98489e-05 -5.16128e-05 -0.0199023 0.0985439 -5.68878e-05 0.000255821 1.98489e-05 -5.68878e-05 0.0108478 -0.0197846 -5.16128e-05 0.000255821 -0.0197846 0.0975342 
0.0107578 -0.0198285 1.49854e-05 -5.64217e-05 -0.0198285 0.0981755 -6.55329e-05 0.000274445 1.49854e-05 -6.55329e-05 0.0108023 -0.0197301 -5.64217e-05 0.000274445 -0.0197301 0.0972716 
0.0107186 -0.0197487 3.61461e-06 -4.99384e-05 -0.0197487 0.097737 -6.19005e-05 0.000273792 3.61461e-06 -6.19005e-05 0.0107531 -0.0196339 -4.99384e-05 0.000273792 -0.0196339 0.0968553 
0.0107163 -0.0197242 5.69744e-06 -3.66489e-05 -0.0197242 0.0975837 -4.9971e-05 0.000253919 5.69744e-06 -4.9971e-05 0.0107292 -0.0195988 -3.66489e-05 0.000253919 -0.0195988 0.0966878 
0.0106942 -0.0197163 1.27751e-05 -4.22007e-05 -0.0197163 0.0974797 -4.93054e-05 0.000247598 1.27751e-05 -4.93054e-05 0.0107312 -0.0195661 -4.22007e-05 0.000247598 -0.0195661 0.0965445 
0.0106952 -0.0196976 7.24999e-06 -5.57264e-05 -0.0196976 0.0974254 -5.30702e-05 0.000261297 7.24999e-06 -5.30702e-05 0.0107239 -0.0195762 -5.57264e-05 0.000261297 -0.0195762 0.096517 
0.0106837 -0.0196881 -2.7132e-07 -5.34361e-05 -0.0196881 0.0973432 -4.30461e-05 0.00025974 -2.7132e-07 -4.30461e-05 0.0107129 -0.0195613 -5.34361e-05 0.00025974 -0.0195613 0.0964557 
0.0106631 -0.0196751 -1.60832e-05 -4.26839e-05 -0.0196751 0.0972865 -3.18094e-05 0.000237094 -1.60832e-05 -3.18094e-05 0.0107196 -0.019549 -4.26839e-05 0.000237094 -0.019549 0.0964047 
0.0106618 -0.0196635 -2.23291e-05 -1.74191e-05 -0.0196635 0.0972801 -1.46385e-05 0.000191137 -2.23291e-05 -1.46385e-05 0.0107133 -0.0195672 -1.74191e-05 0.000191137 -0.0195672 0.0964432 
0.0106886 -0.0196797 -2.22726e-05 -2.75133e-06 -0.0196797 0.0973637 -7.73613e-06 0.000148393 -2.22726e-05 -7.73613e-06 0.0107014 -0.0195805 -2.75133e-06 0.000148393 -0.0195805 0.0965493 
0.0106971 -0.0197308 -2.39912e-05 -3.02562e-06 -0.0197308 0.0975421 -1.07036e-05 0.000136055 -2.39912e-05 -1.07036e-05 0.0107242 -0.0195792 -3.02562e-06 0.000136055 -0.0195792 0.0966457 
0.0106931 -0.0197447 -1.49229e-05 -2.54627e-06 -0.0197447 0.0976536 -8.26679e-06 0.000131856 -1.49229e-05 -8.26679e-06 0.0107638 -0.0196043 -2.54627e-06 0.000131856 -0.0196043 0.0967228 
0.0107225 -0.0197822 -1.99492e-05 -1.15513e-05 -0.0197822 0.0979021 -1.90558e-05 0.000144031 -1.99492e-05 -1.90558e-05 0.0108081 -0.0196947 -1.15513e-05 0.000144031 -0.0196947 0.0970464 
0.0107853 -0.0198711 -2.40967e-05 -5.56779e-06 -0.0198711 0.0983299 -1.41902e-05 0.000145115 -2.40967e-05 -1.41902e-05 0.0108507 -0.0198009 -5.56779e-06 0.000145115 -0.0198009 0.0975394 
0.0108284 -0.0199314 -1.90387e-05 -1.33096e-07 -0.0199314 0.0985594 -6.73249e-06 0.000129729 -1.90387e-05 -6.73249e-06 0.0108539 -0.0198298 -1.33096e-07 0.000129729 -0.0198298 0.0977338 
0.0108694 -0.019998 -1.80658e-05 -8.07886e-06 -0.019998 0.0988127 -1.24455e-05 0.000134675 -1.80658e-05 -1.24455e-05 0.0108496 -0.0198382 -8.07886e-06 0.000134675 -0.0198382 0.0978561 
0.0109188 -0.0200436 2.08036e-06 -1.46062e-05 -0.0200436 0.0989808 -1.50823e-05 0.000150205 2.08036e-06 -1.50823e-05 0.0108226 -0.0198216 -1.46062e-05 0.000150205 -0.0198216 0.0978552 
0.0109173 -0.020059 9.29612e-06 -4.23922e-05 -0.020059 0.0989251 -3.70309e-05 0.000195246 9.29612e-06 -3.70309e-05 0.01079 -0.0197401 -4.23922e-05 0.000195246 -0.0197401 0.0975741 
