0.00618525 0 3.35986e-05 0 0 0.00874635 0 0 3.35986e-05 0 0.00616054 0 0 0 0 0.00874635 
0.00946241 -0.0117469 3.59185e-05 -4.19888e-05 -0.0117469 0.0311729 -4.19888e-05 8.03714e-05 3.59185e-05 -4.19888e-05 0.00939581 -0.0116605 -4.19888e-05 8.03714e-05 -0.0116605 0.0310074 
0.00973516 -0.0182043 1.13617e-05 2.52814e-05 -0.0182043 0.0670711 2.52814e-05 -0.000103772 1.13617e-05 2.52814e-05 0.00965654 -0.0179298 2.52814e-05 -0.000103772 -0.0179298 0.0661513 
0.00920256 -0.0179051 3.5498e-06 0.000127082 -0.0179051 0.0804182 0.000125832 -0.00067599 3.5498e-06 0.000125832 0.00912814 -0.0175151 0.000127082 -0.00067599 -0.0175151 0.0784828 
0.00888639 -0.0167882 -1.19412e-06 0.00012068 -0.0167882 0.0812942 0.000112773 -0.000862306 -1.19412e-06 0.000112773 0.00886527 -0.0164612 0.00012068 -0.000862306 -0.0164612 0.0792015 
0.00863144 -0.0159907 -4.91707e-06 8.80123e-05 -0.0159907 0.0789239 7.5918e-05 -0.000691447 -4.91707e-06 7.5918e-05 0.00863639 -0.0158091 8.80123e-05 -0.000691447 -0.0158091 0.0773799 
0.00839971 -0.0154852 -2.66674e-06 7.13951e-05 -0.0154852 0.0766232 6.13097e-05 -0.000511207 -2.66674e-06 6.13097e-05 0.00842203 -0.0153852 7.13951e-05 -0.000511207 -0.0153852 0.0756247 
0.00817705 -0.0150357 -8.24326e-06 6.26114e-05 -0.0150357 0.0744474 5.49009e-05 -0.000403874 -8.24326e-06 5.49009e-05 0.00819046 -0.0149739 6.26114e-05 -0.000403874 -0.0149739 0.0737793 
0.00958583 -0.0176134 -1.40476e-05 8.14775e-05 -0.0176134 0.0871774 7.51718e-05 -0.000442382 -1.40476e-05 7.51718e-05 0.00961148 -0.0175343 8.14775e-05 -0.000442382 -0.0175343 0.0865391 
0.00945054 -0.0173374 -1.39917e-05 8.83916e-05 -0.0173374 0.0857674 8.38075e-05 -0.000445954 -1.39917e-05 8.38075e-05 0.00946912 -0.0172681 8.83916e-05 -0.000445954 -0.0172681 0.0851967 
0.00937392 -0.0172235 -9.89037e-06 8.9992e-05 -0.0172235 0.0850958 8.55173e-05 -0.000455866 -9.89037e-06 8.55173e-05 0.00941009 -0.0171352 8.9992e-05 -0.000455866 -0.0171352 0.0845092 
0.00931204 -0.017129 -4.79773e-06 8.39244e-05 -0.017129 0.0846132 8.01221e-05 -0.000450359 -4.79773e-06 8.01221e-05 0.00936972 -0.0170499 8.39244e-05 -0.000450359 -0.0170499 0.084011 
0.00928832 -0.0170744 -2.60626e-06 7.57339e-05 -0.0170744 0.0843582 7.30402e-05 -0.000433206 -2.60626e-06 7.30402e-05 0.00933016 -0.0170187 7.57339e-05 -0.000433206 -0.0170187 0.083782 
0.00927599 -0.0170489 -5.78162e-06 7.53724e-05 -0.0170489 0.0842093 7.35262e-05 -0.000428823 -5.78162e-06 7.35262e-05 0.00929941 -0.0169811 7.53724e-05 -0.000428823 -0.0169811 0.0836361 
0.00926227 -0.0170399 -9.3209e-06 7.85556e-05 -0.0170399 0.0841483 7.8352e-05 -0.000434387 -9.3209e-06 7.8352e-05 0.00929662 -0.0169576 7.85556e-05 -0.000434387 -0.0169576 0.0835593 
0.00927722 -0.0170311 -1.57625e-05 8.06398e-05 -0.0170311 0.0841298 8.4082e-05 -0.000443413 -1.57625e-05 8.4082e-05 0.00927939 -0.0169642 8.06398e-05 -0.000443413 -0.0169642 0.0835623 
0.00929865 -0.0170667 -1.28429e-05 8.35424e-05 -0.0170667 0.0842279 9.2436e-05 -0.000452788 -1.28429e-05 9.2436e-05 0.0092785 -0.016962 8.35424e-05 -0.000452788 -0.016962 0.083623 
0.00933684 -0.0171318 1.09232e-05 7.62755e-05 -0.0171318 0.0844948 8.9917e-05 -0.000447928 1.09232e-05 8.9917e-05 0.00929352 -0.0169906 7.62755e-05 -0.000447928 -0.0169906 0.0837975 
0.00937587 -0.0172163 1.85225e-05 4.57281e-05 -0.0172163 0.0848553 6.03967e-05 -0.000395951 1.85225e-05 6.03967e-05 0.00931882 -0.0170318 4.57281e-05 -0.000395951 -0.0170318 0.0840327 
0.00942482 -0.017316 3.60248e-06 3.60406e-05 -0.017316 0.0853389 4.84858e-05 -0.00034993 3.60248e-06 4.84858e-05 0.00934773 -0.0171046 3.60406e-05 -0.00034993 -0.0171046 0.0844041 
0.00945171 -0.0173584 4.75244e-06 5.55764e-05 -0.0173584 0.0855654 6.59715e-05 -0.000362012 4.75244e-06 6.59715e-05 0.00935664 -0.0171205 5.55764e-05 -0.000362012 -0.0171205 0.0845408 
0.00943917 -0.01734 2.03537e-05 5.82282e-05 -0.01734 0.0854653 6.53434e-05 -0.000378246 2.03537e-05 6.53434e-05 0.00935073 -0.0170759 5.82282e-05 -0.000378246 -0.0170759 0.0843575 
0.00940761 -0.0173106 1.80337e-05 4.25003e-05 -0.0173106 0.0853227 4.57408e-05 -0.000357061 1.80337e-05 4.57408e-05 0.00934765 -0.0170479 4.25003e-05 -0.000357061 -0.0170479 0.084172 
0.00937666 -0.0172706 1.98005e-05 4.48749e-05 -0.0172706 0.0851854 4.57746e-05 -0.00034435 1.98005e-05 4.57746e-05 0.00934463 -0.0170392 4.48749e-05 -0.00034435 -0.0170392 0.0840613 
0.00935873 -0.017202 1.7822e-05 4.39122e-05 -0.017202 0.0849152 4.10495e-05 -0.000337262 1.7822e-05 4.10495e-05 0.00929867 -0.0170078 4.39122e-05 -0.000337262 -0.0170078 0.0838668 
0.00932133 -0.0171739 1.06545e-05 4.71984e-05 -0.0171739 0.0847364 4.14325e-05 -0.0003355 1.06545e-05 4.14325e-05 0.00929113 -0.0169531 4.71984e-05 -0.0003355 -0.0169531 0.0836881 
0.0092985 -0.0171346 1.96327e-05 5.52947e-05 -0.0171346 0.0846278 5.0038e-05 -0.000348284 1.96327e-05 5.0038e-05 0.00930215 -0.0169566 5.52947e-05 -0.000348284 -0.0169566 0.0836412 
0.00927732 -0.0170955 1.94908e-05 4.41872e-05 -0.0170955 0.0844876 4.10027e-05 -0.000339728 1.94908e-05 4.10027e-05 0.00930267 -0.0169704 4.41872e-05 -0.000339728 -0.0169704 0.0836384 
0.00926776 -0.0170749 1.36157e-05 4.29121e-05 -0.0170749 0.0844139 3.93264e-05 -0.0003281 1.36157e-05 3.93264e-05 0.00929793 -0.0169805 4.29121e-05 -0.0003281 -0.0169805 0.0836819 
0.00926691 -0.0170701 6.60717e-06 5.2893e-05 -0.0170701 0.0844021 4.72534e-05 -0.000340181 6.60717e-06 4.72534e-05 0.0093018 -0.0169842 5.2893e-05 -0.000340181 -0.0169842 0.0837325 
0.00926983 -0.0170688 -8.49332e-06 6.21609e-05 -0.0170688 0.0844056 5.52421e-05 -0.000361144 -8.49332e-06 5.52421e-05 0.00930578 -0.0169945 6.21609e-05 -0.000361144 -0.0169945 0.0837835 
0.00927272 -0.0170756 -1.61586e-05 8.12534e-05 -0.0170756 0.0844341 7.347e-05 -0.000399075 -1.61586e-05 7.347e-05 0.00931447 -0.0170065 8.12534e-05 -0.000399075 -0.0170065 0.0838477 
0.00926992 -0.0170579 -1.98141e-05 9.0708e-05 -0.0170579 0.0843553 8.44977e-05 -0.000432787 -1.98141e-05 8.44977e-05 0.00931003 -0.0170002 9.0708e-05 -0.000432787 -0.0170002 0.0838086 
0.00926758 -0.0170349 -1.44659e-05 9.48504e-05 -0.0170349 0.0842219 9.18238e-05 -0.000455782 -1.44659e-05 9.18238e-05 0.00930256 -0.0169807 9.48504e-05 -0.000455782 -0.0169807 0.083708 
0.00927295 -0.0170545 -3.20501e-06 8.54684e-05 -0.0170545 0.0842604 8.6057e-05 -0.000452576 -3.20501e-06 8.6057e-05 0.00931944 -0.0169882 8.54684e-05 -0.000452576 -0.0169882 0.0837327 
0.00930557 -0.0170751 1.51835e-06 7.04181e-05 -0.0170751 0.0843489 7.09586e-05 -0.000423442 1.51835e-06 7.09586e-05 0.00931113 -0.0170178 7.04181e-05 -0.000423442 -0.0170178 0.0838195 
0.0093459 -0.0171498 -9.49561e-06 6.57628e-05 -0.0171498 0.0846129 6.5533e-05 -0.000402651 -9.49561e-06 6.5533e-05 0.00931134 -0.0170386 6.57628e-05 -0.000402651 -0.0170386 0.0839971 
0.00938914 -0.0172497 -1.32726e-05 7.96441e-05 -0.0172497 0.0850474 8.22388e-05 -0.000422167 -1.32726e-05 8.22388e-05 0.00933291 -0.0170768 7.96441e-05 -0.000422167 -0.0170768 0.084271 
0.00939426 -0.0172956 -7.50601e-06 8.49203e-05 -0.0172956 0.08528 9.1547e-05 -0.000450308 -7.50601e-06 9.1547e-05 0.00935428 -0.0170842 8.49203e-05 -0.000450308 -0.0170842 0.0843573 
0.00937797 -0.0172774 6.40581e-06 7.73335e-05 -0.0172774 0.0852728 8.45516e-05 -0.000449597 6.40581e-06 8.45516e-05 0.00936624 -0.017083 7.73335e-05 -0.000449597 -0.017083 0.0843132 
0.00935947 -0.0172475 1.35527e-05 5.98174e-05 -0.0172475 0.085194 6.27708e-05 -0.000412692 1.35527e-05 6.27708e-05 0.00937197 -0.0170922 5.98174e-05 -0.000412692 -0.0170922 0.0842941 
0.00935616 -0.0171884 4.65245e-06 5.05131e-05 -0.0171884 0.0849516 5.01688e-05 -0.000374241 4.65245e-06 5.01688e-05 0.0093383 -0.0170688 5.05131e-05 -0.000374241 -0.0170688 0.0841459 
0.00934942 -0.017203 -1.2914e-05 5.73159e-05 -0.017203 0.0849315 5.8703e-05 -0.000367742 -1.2914e-05 5.8703e-05 0.00935255 -0.0170486 5.73159e-05 -0.000367742 -0.0170486 0.0841153 
0.00936196 -0.0172659 -1.28809e-05 7.83077e-05 -0.0172659 0.0852629 8.22716e-05 -0.000403682 -1.28809e-05 8.22716e-05 0.00942445 -0.0171317 7.83077e-05 -0.000403682 -0.0171317 0.0844483 
0.00936638 -0.0172631 -2.45978e-05 8.08939e-05 -0.0172631 0.085346 8.69434e-05 -0.000431973 -2.45978e-05 8.69434e-05 0.00945603 -0.017204 8.08939e-05 -0.000431973 -0.017204 0.0846609 
0.00937756 -0.0172623 -2.01475e-05 9.41875e-05 -0.0172623 0.085366 0.000100507 -0.000458705 -2.01475e-05 0.000100507 0.0094595 -0.0172437 9.41875e-05 -0.000458705 -0.0172437 0.0848163 
0.00938488 -0.017275 -1.97119e-05 9.19712e-05 -0.017275 0.0853956 9.66854e-05 -0.000469453 -1.97119e-05 9.66854e-05 0.00946152 -0.0172467 9.19712e-05 -0.000469453 -0.0172467 0.0848821 
0.0093797 -0.0172764 -2.8483e-05 9.52884e-05 -0.0172764 0.0853869 9.80504e-05 -0.000478416 -2.8483e-05 9.80504e-05 0.00945724 -0.0172363 9.52884e-05 -0.000478416 -0.0172363 0.0848522 
0.00935691 -0.0172144 -1.75347e-05 0.00010669 -0.0172144 0.0850975 0.000105508 -0.000495818 -1.75347e-05 0.000105508 0.00942546 -0.0171726 0.00010669 -0.000495818 -0.0171726 0.0845453 
0.00937335 -0.0172385 -1.28581e-05 9.64375e-05 -0.0172385 0.0851764 9.28024e-05 -0.000490457 -1.28581e-05 9.28024e-05 0.00942753 -0.017186 9.64375e-05 -0.000490457 -0.017186 0.0846023 
0.00939573 -0.0172312 -8.26882e-06 9.05993e-05 -0.0172312 0.0851085 8.74585e-05 -0.000475478 -8.26882e-06 8.74585e-05 0.00938431 -0.0171605 9.05993e-05 -0.000475478 -0.0171605 0.0844944 
0.00941077 -0.0172699 -7.2558e-06 8.2681e-05 -0.0172699 0.0851706 7.85538e-05 -0.000454938 -7.2558e-06 7.85538e-05 0.00935755 -0.0171157 8.2681e-05 -0.000454938 -0.0171157 0.0844039 
0.00940788 -0.017317 5.2437e-07 8.06042e-05 -0.017317 0.0853634 7.50584e-05 -0.000439524 5.2437e-07 7.50584e-05 0.00936195 -0.0171043 8.06042e-05 -0.000439524 -0.0171043 0.0844195 
0.00935983 -0.0172642 8.2854e-06 6.7845e-05 -0.0172642 0.0851938 6.35597e-05 -0.000410994 8.2854e-06 6.35597e-05 0.00935972 -0.0170568 6.7845e-05 -0.000410994 -0.0170568 0.0841862 
0.00934698 -0.0172093 3.51271e-06 5.52662e-05 -0.0172093 0.0850489 5.20114e-05 -0.000375356 3.51271e-06 5.20114e-05 0.00935239 -0.0170667 5.52662e-05 -0.000375356 -0.0170667 0.0841373 
0.00932455 -0.0171542 -1.1575e-06 5.79624e-05 -0.0171542 0.0847654 5.77384e-05 -0.000363185 -1.1575e-06 5.77384e-05 0.00932155 -0.0170228 5.79624e-05 -0.000363185 -0.0170228 0.0839335 
0.00930194 -0.017097 -7.23569e-06 6.58114e-05 -0.017097 0.0844484 6.67164e-05 -0.000376249 -7.23569e-06 6.67164e-05 0.00927334 -0.0169523 6.58114e-05 -0.000376249 -0.0169523 0.0836179 
0.00929009 -0.0170737 -8.85908e-06 7.49398e-05 -0.0170737 0.0842836 7.70664e-05 -0.000401095 -8.85908e-06 7.70664e-05 0.0092423 -0.0168973 7.49398e-05 -0.000401095 -0.0168973 0.0833972 
0.00931238 -0.017136 7.47482e-06 7.58818e-05 -0.017136 0.0845628 7.63742e-05 -0.000412041 7.47482e-06 7.63742e-05 0.00926683 -0.0169357 7.58818e-05 -0.000412041 -0.0169357 0.0836104 
0.00932925 -0.0171649 7.98089e-06 5.33837e-05 -0.0171649 0.0847424 5.36224e-05 -0.000376849 7.98089e-06 5.36224e-05 0.00928123 -0.0169712 5.33837e-05 -0.000376849 -0.0169712 0.0837802 
0.00931981 -0.0171487 6.65513e-06 4.77232e-05 -0.0171487 0.0846766 5.01298e-05 -0.000344097 6.65513e-06 5.01298e-05 0.00928174 -0.0169564 4.77232e-05 -0.000344097 -0.0169564 0.0837267 
0.00927627 -0.0170766 1.48905e-05 4.95589e-05 -0.0170766 0.0843446 5.09312e-05 -0.000333368 1.48905e-05 5.09312e-05 0.00926675 -0.0169074 4.95589e-05 -0.000333368 -0.0169074 0.0834499 
0.00924765 -0.0170215 1.65834e-05 4.4196e-05 -0.0170215 0.0841115 4.1285e-05 -0.000322381 1.65834e-05 4.1285e-05 0.00925575 -0.0168989 4.4196e-05 -0.000322381 -0.0168989 0.0833328 
0.00921725 -0.016995 4.68248e-06 4.35229e-05 -0.016995 0.0839947 3.77214e-05 -0.000312996 4.68248e-06 3.77214e-05 0.0092718 -0.0169 4.35229e-05 -0.000312996 -0.0169 0.0833229 
0.00920158 -0.0169659 -5.86671e-06 5.652e-05 -0.0169659 0.083926 5.16532e-05 -0.000330348 -5.86671e-06 5.16532e-05 0.00929416 -0.0169304 5.652e-05 -0.000330348 -0.0169304 0.0833927 
0.00918848 -0.0169352 -9.11677e-06 7.08437e-05 -0.0169352 0.0838084 6.76958e-05 -0.000366645 -9.11677e-06 6.76958e-05 0.00929519 -0.0169492 7.08437e-05 -0.000366645 -0.0169492 0.0834205 
0.00919524 -0.016936 3.29844e-06 7.49243e-05 -0.016936 0.0838198 7.42509e-05 -0.000393062 3.29844e-06 7.42509e-05 0.00929401 -0.0169725 7.49243e-05 -0.000393062 -0.0169725 0.0835322 
0.00920009 -0.0169253 3.33874e-06 5.90001e-05 -0.0169253 0.0837394 6.20428e-05 -0.000381535 3.33874e-06 6.20428e-05 0.00926575 -0.0169457 5.90001e-05 -0.000381535 -0.0169457 0.0834566 
0.00924251 -0.0169806 -6.72959e-06 5.43809e-05 -0.0169806 0.083951 6.12811e-05 -0.000364898 -6.72959e-06 6.12811e-05 0.0092498 -0.0169526 5.43809e-05 -0.000364898 -0.0169526 0.0835761 
0.00924656 -0.016992 -1.52971e-05 6.52676e-05 -0.016992 0.08392 7.23571e-05 -0.000373897 -1.52971e-05 7.23571e-05 0.00921836 -0.0168805 6.52676e-05 -0.000373897 -0.0168805 0.0833552 
0.00925786 -0.0170426 -2.02333e-05 7.99463e-05 -0.0170426 0.0841284 8.32399e-05 -0.000402231 -2.02333e-05 8.32399e-05 0.00923502 -0.0168755 7.99463e-05 -0.000402231 -0.0168755 0.0833741 
0.00927969 -0.0171084 -1.37432e-05 8.70892e-05 -0.0171084 0.084492 8.92145e-05 -0.000425498 -1.37432e-05 8.92145e-05 0.0092819 -0.0169414 8.70892e-05 -0.000425498 -0.0169414 0.0836515 
0.00927517 -0.0170928 -4.24641e-06 7.58668e-05 -0.0170928 0.0844901 7.95211e-05 -0.000413969 -4.24641e-06 7.95211e-05 0.00929776 -0.0169583 7.58668e-05 -0.000413969 -0.0169583 0.0836756 
0.0092648 -0.0170936 1.37534e-06 6.03801e-05 -0.0170936 0.0845171 6.61142e-05 -0.000379864 1.37534e-06 6.61142e-05 0.00932113 -0.0169888 6.03801e-05 -0.000379864 -0.0169888 0.0837704 
0.00926031 -0.0170688 3.93434e-06 5.03858e-05 -0.0170688 0.0844497 5.88229e-05 -0.000347791 3.93434e-06 5.88229e-05 0.00932261 -0.0170036 5.03858e-05 -0.000347791 -0.0170036 0.0837909 
0.00925945 -0.0170532 -1.33701e-06 4.44268e-05 -0.0170532 0.0843665 5.56675e-05 -0.000326086 -1.33701e-06 5.56675e-05 0.00931314 -0.0169977 4.44268e-05 -0.000326086 -0.0169977 0.0837614 
0.00929332 -0.017111 -1.26147e-05 5.09447e-05 -0.017111 0.0846213 6.27935e-05 -0.000330048 -1.26147e-05 6.27935e-05 0.00933001 -0.0170441 5.09447e-05 -0.000330048 -0.0170441 0.0840111 
0.00928613 -0.0170788 -1.20731e-05 6.58344e-05 -0.0170788 0.0844374 7.59729e-05 -0.000354177 -1.20731e-05 7.59729e-05 0.00929167 -0.0169877 6.58344e-05 -0.000354177 -0.0169877 0.0837804 
0.00924289 -0.0170185 -1.86377e-05 6.90205e-05 -0.0170185 0.0840881 7.39114e-05 -0.000367924 -1.86377e-05 7.39114e-05 0.00925203 -0.0168908 6.90205e-05 -0.000367924 -0.0168908 0.083354 
0.00923411 -0.0169926 -7.16661e-06 7.74175e-05 -0.0169926 0.0839778 7.68818e-05 -0.000376828 -7.16661e-06 7.68818e-05 0.00922906 -0.0168677 7.74175e-05 -0.000376828 -0.0168677 0.0832087 
0.00923374 -0.0169896 -2.02082e-06 6.42985e-05 -0.0169896 0.083946 6.17238e-05 -0.000359515 -2.02082e-06 6.17238e-05 0.00920574 -0.0168513 6.42985e-05 -0.000359515 -0.0168513 0.0831564 
0.00920994 -0.016951 -2.49901e-06 5.31769e-05 -0.016951 0.0837417 5.23123e-05 -0.00032697 -2.49901e-06 5.23123e-05 0.00917029 -0.016785 5.31769e-05 -0.00032697 -0.016785 0.0828999 
0.00919627 -0.016915 7.94215e-06 4.92026e-05 -0.016915 0.0835662 5.25141e-05 -0.000306846 7.94215e-06 5.25141e-05 0.00914073 -0.0167326 4.92026e-05 -0.000306846 -0.0167326 0.0826741 
0.00916948 -0.0168871 3.47517e-06 3.57789e-05 -0.0168871 0.0834075 4.15586e-05 -0.000282569 3.47517e-06 4.15586e-05 0.00913138 -0.0166887 3.57789e-05 -0.000282569 -0.0166887 0.0824748 
0.00912442 -0.0168296 7.21506e-06 3.8966e-05 -0.0168296 0.0831659 4.16981e-05 -0.000266994 7.21506e-06 4.16981e-05 0.00912905 -0.0166586 3.8966e-05 -0.000266994 -0.0166586 0.0822688 
0.00910171 -0.0167657 1.01882e-05 3.57147e-05 -0.0167657 0.0829275 3.37658e-05 -0.000252256 1.01882e-05 3.37658e-05 0.00911783 -0.0166543 3.57147e-05 -0.000252256 -0.0166543 0.0821561 
0.00906883 -0.0167216 6.7985e-06 3.25923e-05 -0.0167216 0.0826955 2.84733e-05 -0.000237665 6.7985e-06 2.84733e-05 0.00910757 -0.01663 3.25923e-05 -0.000237665 -0.01663 0.0820238 
0.00906024 -0.0167287 5.4481e-07 3.48665e-05 -0.0167287 0.0827611 3.30777e-05 -0.000235155 5.4481e-07 3.30777e-05 0.00912627 -0.0166641 3.48665e-05 -0.000235155 -0.0166641 0.082166 
0.00905958 -0.016725 5.8025e-06 4.13093e-05 -0.016725 0.0828088 4.26227e-05 -0.000248412 5.8025e-06 4.26227e-05 0.0091269 -0.0166947 4.13093e-05 -0.000248412 -0.0166947 0.0823006 
0.00905626 -0.0167012 9.37065e-06 3.53292e-05 -0.0167012 0.0827244 3.66975e-05 -0.000245754 9.37065e-06 3.66975e-05 0.00909951 -0.0166777 3.53292e-05 -0.000245754 -0.0166777 0.0822707 
0.00904186 -0.0166744 7.79293e-06 3.14611e-05 -0.0166744 0.0825783 2.98893e-05 -0.000231743 7.79293e-06 2.98893e-05 0.00907831 -0.0166248 3.14611e-05 -0.000231743 -0.0166248 0.0821077 
0.00903906 -0.0166574 3.92719e-06 3.41484e-05 -0.0166574 0.0824966 2.9119e-05 -0.000225961 3.92719e-06 2.9119e-05 0.00906358 -0.0166005 3.41484e-05 -0.000225961 -0.0166005 0.0820047 
0.00901291 -0.0166141 1.36458e-05 4.00136e-05 -0.0166141 0.0822627 3.23046e-05 -0.000230327 1.36458e-05 3.23046e-05 0.00904697 -0.0165475 4.00136e-05 -0.000230327 -0.0165475 0.0817574 
0.00900404 -0.0166036 1.4525e-05 2.98128e-05 -0.0166036 0.0822185 2.1913e-05 -0.000219864 1.4525e-05 2.1913e-05 0.00904627 -0.0165539 2.98128e-05 -0.000219864 -0.0165539 0.0817413 
0.00898532 -0.0165642 1.71041e-05 2.4117e-05 -0.0165642 0.0820395 2.10361e-05 -0.000204566 1.71041e-05 2.10361e-05 0.00902625 -0.016528 2.4117e-05 -0.000204566 -0.016528 0.0816078 
0.0089755 -0.0165403 1.45906e-05 1.48663e-05 -0.0165403 0.0819127 1.8852e-05 -0.00018673 1.45906e-05 1.8852e-05 0.00900648 -0.0165012 1.48663e-05 -0.00018673 -0.0165012 0.0814962 
0.0089697 -0.0165404 1.90919e-05 1.18263e-05 -0.0165404 0.0818974 1.97737e-05 -0.000170828 1.90919e-05 1.97737e-05 0.00900036 -0.0164881 1.18263e-05 -0.000170828 -0.0164881 0.0814602 
0.00896516 -0.0165297 2.51005e-05 5.56242e-06 -0.0165297 0.0818569 1.29217e-05 -0.000152668 2.51005e-05 1.29217e-05 0.00898427 -0.0164728 5.56242e-06 -0.000152668 -0.0164728 0.0813977 
0.00896505 -0.0164974 1.62458e-05 -2.1484e-06 -0.0164974 0.0816953 4.69871e-06 -0.000129099 1.62458e-05 4.69871e-06 0.00893905 -0.0164233 -2.1484e-06 -0.000129099 -0.0164233 0.0811969 
0.00896063 -0.016517 1.06285e-05 9.39169e-06 -0.016517 0.0817144 1.43794e-05 -0.000135045 1.06285e-05 1.43794e-05 0.00892694 -0.0163832 9.39169e-06 -0.000135045 -0.0163832 0.0811018 
0.00894347 -0.0165019 1.91663e-06 1.82592e-05 -0.0165019 0.0816722 2.3356e-05 -0.000158005 1.91663e-06 2.3356e-05 0.00892267 -0.0163589 1.82592e-05 -0.000158005 -0.0163589 0.080989 
0.00891159 -0.0164695 2.60004e-07 2.86926e-05 -0.0164695 0.0815693 3.40227e-05 -0.000183431 2.60004e-07 3.40227e-05 0.00893536 -0.01635 2.86926e-05 -0.000183431 -0.01635 0.080911 
0.00886132 -0.0163651 7.47589e-06 3.21006e-05 -0.0163651 0.0811464 3.41048e-05 -0.000195949 7.47589e-06 3.41048e-05 0.00892035 -0.0163108 3.21006e-05 -0.000195949 -0.0163108 0.0806247 
0.00884257 -0.0163115 1.08523e-05 2.35587e-05 -0.0163115 0.0809041 2.223e-05 -0.00018124 1.08523e-05 2.223e-05 0.00890944 -0.01631 2.35587e-05 -0.00018124 -0.01631 0.0805429 
0.00885649 -0.0163122 5.9119e-06 2.03686e-05 -0.0163122 0.0808767 1.72686e-05 -0.000166011 5.9119e-06 1.72686e-05 0.00889888 -0.0163232 2.03686e-05 -0.000166011 -0.0163232 0.0806061 
0.00887859 -0.0163615 8.0575e-07 2.3943e-05 -0.0163615 0.0810486 2.26248e-05 -0.000165878 8.0575e-07 2.26248e-05 0.00890686 -0.0163403 2.3943e-05 -0.000165878 -0.0163403 0.0807549 
0.00888815 -0.0163666 3.55647e-06 2.82727e-05 -0.0163666 0.0810586 3.09925e-05 -0.000176614 3.55647e-06 3.09925e-05 0.00889685 -0.0163254 2.82727e-05 -0.000176614 -0.0163254 0.0807121 
0.00890844 -0.0164323 -9.65026e-07 2.68333e-05 -0.0164323 0.0813366 3.03323e-05 -0.000182767 -9.65026e-07 3.03323e-05 0.00892778 -0.0163589 2.68333e-05 -0.000182767 -0.0163589 0.0809091 
0.00892258 -0.0164714 -8.6001e-06 3.43612e-05 -0.0164714 0.0815666 3.51858e-05 -0.000195107 -8.6001e-06 3.51858e-05 0.00895558 -0.0164062 3.43612e-05 -0.000195107 -0.0164062 0.0811081 
0.00892539 -0.0164658 -2.71568e-06 4.64503e-05 -0.0164658 0.0815861 4.32482e-05 -0.000217326 -2.71568e-06 4.32482e-05 0.00896237 -0.0164199 4.64503e-05 -0.000217326 -0.0164199 0.0811541 
0.00893215 -0.0164728 4.41864e-06 4.15944e-05 -0.0164728 0.0816176 3.63365e-05 -0.000221093 4.41864e-06 3.63365e-05 0.00896909 -0.0164311 4.15944e-05 -0.000221093 -0.0164311 0.0812054 
0.00893437 -0.0164701 8.88523e-06 3.37843e-05 -0.0164701 0.0815893 2.92775e-05 -0.00020965 8.88523e-06 2.92775e-05 0.00897769 -0.0164254 3.37843e-05 -0.00020965 -0.0164254 0.0811743 
0.00895679 -0.0165365 1.99902e-05 2.77439e-05 -0.0165365 0.0818933 2.56743e-05 -0.000199436 1.99902e-05 2.56743e-05 0.00902011 -0.0164965 2.77439e-05 -0.000199436 -0.0164965 0.0814765 
0.00896306 -0.0165645 1.82439e-05 1.47824e-05 -0.0165645 0.0820748 1.43553e-05 -0.000179371 1.82439e-05 1.43553e-05 0.00905424 -0.0165477 1.47824e-05 -0.000179371 -0.0165477 0.0816904 
0.00897994 -0.0165449 3.08131e-05 1.68324e-05 -0.0165449 0.0820358 1.51673e-05 -0.00017182 3.08131e-05 1.51673e-05 0.00904149 -0.0165644 1.68324e-05 -0.00017182 -0.0165644 0.0817271 
0.00901204 -0.0165859 3.16044e-05 3.00566e-06 -0.0165859 0.0821547 -2.03839e-06 -0.000148028 3.16044e-05 -2.03839e-06 0.00904036 -0.0165715 3.00566e-06 -0.000148028 -0.0165715 0.0818295 
0.00905205 -0.0166563 1.67972e-05 -1.45931e-06 -0.0166563 0.0824193 -6.68745e-06 -0.000123161 1.67972e-05 -6.68745e-06 0.00904373 -0.0165911 -1.45931e-06 -0.000123161 -0.0165911 0.0819821 
0.00907836 -0.0167212 1.58544e-05 1.28764e-05 -0.0167212 0.082685 1.33064e-05 -0.000138881 1.58544e-05 1.33064e-05 0.00906143 -0.0166018 1.28764e-05 -0.000138881 -0.0166018 0.0821007 
0.00910539 -0.0167599 1.49651e-05 1.4416e-05 -0.0167599 0.0828783 2.04903e-05 -0.000160525 1.49651e-05 2.04903e-05 0.0090705 -0.0166212 1.4416e-05 -0.000160525 -0.0166212 0.0821887 
0.00910151 -0.0167907 8.38985e-06 1.70238e-05 -0.0167907 0.082999 2.43693e-05 -0.000175874 8.38985e-06 2.43693e-05 0.00909354 -0.0166256 1.70238e-05 -0.000175874 -0.0166256 0.0822253 
0.00909019 -0.0167704 -6.25121e-06 2.69503e-05 -0.0167704 0.0829652 3.08748e-05 -0.000194431 -6.25121e-06 3.08748e-05 0.00909639 -0.0166335 2.69503e-05 -0.000194431 -0.0166335 0.0821911 
0.00909841 -0.0167991 -1.6328e-05 4.60328e-05 -0.0167991 0.0831401 4.82582e-05 -0.000231811 -1.6328e-05 4.82582e-05 0.00912272 -0.0166835 4.60328e-05 -0.000231811 -0.0166835 0.0824111 
0.00910795 -0.0167825 -1.91524e-05 5.8164e-05 -0.0167825 0.0831087 6.10745e-05 -0.000268818 -1.91524e-05 6.10745e-05 0.00911935 -0.0166897 5.8164e-05 -0.000268818 -0.0166897 0.0824325 
0.00909788 -0.0167586 -1.84935e-05 6.15515e-05 -0.0167586 0.0829378 6.584e-05 -0.000289656 -1.84935e-05 6.584e-05 0.0091078 -0.0166493 6.15515e-05 -0.000289656 -0.0166493 0.0822592 
0.0091041 -0.0167758 -1.83302e-05 5.6357e-05 -0.0167758 0.0829836 6.39677e-05 -0.000287185 -1.83302e-05 6.39677e-05 0.00911331 -0.0166575 5.6357e-05 -0.000287185 -0.0166575 0.08227 
0.00913113 -0.0168313 -1.14595e-05 5.33696e-05 -0.0168313 0.0832435 6.33687e-05 -0.00027882 -1.14595e-05 6.33687e-05 0.00913108 -0.0167051 5.33696e-05 -0.00027882 -0.0167051 0.0824922 
0.00913393 -0.0168611 -8.33697e-06 4.7277e-05 -0.0168611 0.0833948 5.49112e-05 -0.00026558 -8.33697e-06 5.49112e-05 0.00915296 -0.0167228 4.7277e-05 -0.00026558 -0.0167228 0.0826071 
0.00914514 -0.0168567 -6.74227e-06 4.50391e-05 -0.0168567 0.0834363 4.90723e-05 -0.00025185 -6.74227e-06 4.90723e-05 0.00914598 -0.0167443 4.50391e-05 -0.00025185 -0.0167443 0.0826736 
0.00913647 -0.0168015 -7.42746e-06 4.36551e-05 -0.0168015 0.0831453 4.47383e-05 -0.000241055 -7.42746e-06 4.47383e-05 0.00909655 -0.0166763 4.36551e-05 -0.000241055 -0.0166763 0.0823939 
0.00912278 -0.0167604 -6.04756e-06 4.59829e-05 -0.0167604 0.082858 4.531e-05 -0.000240097 -6.04756e-06 4.531e-05 0.00904808 -0.0165933 4.59829e-05 -0.000240097 -0.0165933 0.0820522 
0.00911702 -0.0167552 -3.29997e-06 4.26989e-05 -0.0167552 0.0827559 4.0448e-05 -0.000230902 -3.29997e-06 4.0448e-05 0.00902737 -0.0165434 4.26989e-05 -0.000230902 -0.0165434 0.0818508 
0.00911266 -0.0167802 3.25838e-06 3.85018e-05 -0.0167802 0.0828457 3.41691e-05 -0.000215893 3.25838e-06 3.41691e-05 0.00903209 -0.0165438 3.85018e-05 -0.000215893 -0.0165438 0.0818521 
0.0091101 -0.016783 3.70245e-06 2.94086e-05 -0.016783 0.0829065 2.48115e-05 -0.000192957 3.70245e-06 2.48115e-05 0.00903425 -0.0165529 2.94086e-05 -0.000192957 -0.0165529 0.0818843 
0.00909138 -0.0167566 9.9384e-06 2.79893e-05 -0.0167566 0.0828092 2.63722e-05 -0.000183457 9.9384e-06 2.63722e-05 0.00902746 -0.0165328 2.79893e-05 -0.000183457 -0.0165328 0.081793 
0.00907524 -0.0167407 3.28216e-06 2.23877e-05 -0.0167407 0.0827717 2.22549e-05 -0.000177215 3.28216e-06 2.22549e-05 0.00904099 -0.0165358 2.23877e-05 -0.000177215 -0.0165358 0.0817917 
0.00902674 -0.0166816 5.52356e-07 2.85184e-05 -0.0166816 0.0825339 2.76927e-05 -0.000179676 5.52356e-07 2.76927e-05 0.00905124 -0.0165172 2.85184e-05 -0.000179676 -0.0165172 0.0816408 
0.00898421 -0.0165996 -3.03783e-06 3.30659e-05 -0.0165996 0.0822253 3.14994e-05 -0.000190069 -3.03783e-06 3.14994e-05 0.00904376 -0.0165115 3.30659e-05 -0.000190069 -0.0165115 0.0814971 
0.00897024 -0.0165566 -2.15793e-06 3.42243e-05 -0.0165566 0.0820603 3.63004e-05 -0.000196922 -2.15793e-06 3.63004e-05 0.00904032 -0.0165241 3.42243e-05 -0.000196922 -0.0165241 0.0815098 
0.00897246 -0.0165589 -3.58675e-07 3.01529e-05 -0.0165589 0.0820664 3.65142e-05 -0.000195138 -3.58675e-07 3.65142e-05 0.00904592 -0.0165478 3.01529e-05 -0.000195138 -0.0165478 0.0816302 
0.00897356 -0.0165451 5.77157e-06 2.75345e-05 -0.0165451 0.0819966 3.39226e-05 -0.000188199 5.77157e-06 3.39226e-05 0.00903975 -0.0165402 2.75345e-05 -0.000188199 -0.0165402 0.0816169 
0.00898905 -0.0165677 1.48e-05 2.16347e-05 -0.0165677 0.082071 2.57439e-05 -0.000174707 1.48e-05 2.57439e-05 0.00904573 -0.0165517 2.16347e-05 -0.000174707 -0.0165517 0.081692 
0.00902181 -0.0166163 1.97739e-05 1.07576e-05 -0.0166163 0.0822711 1.4895e-05 -0.000151847 1.97739e-05 1.4895e-05 0.0090495 -0.0165803 1.07576e-05 -0.000151847 -0.0165803 0.0818476 
0.00903394 -0.01664 1.80777e-05 3.50729e-06 -0.01664 0.0823401 8.81492e-06 -0.000129611 1.80777e-05 8.81492e-06 0.00904839 -0.0165654 3.50729e-06 -0.000129611 -0.0165654 0.081833 
0.00906375 -0.0166918 5.39125e-06 5.43247e-06 -0.0166918 0.0825763 9.99179e-06 -0.000123073 5.39125e-06 9.99179e-06 0.00906376 -0.0165992 5.43247e-06 -0.000123073 -0.0165992 0.0819974 
0.00909414 -0.0167364 -6.00439e-06 2.46118e-05 -0.0167364 0.0827773 2.41649e-05 -0.000150251 -6.00439e-06 2.41649e-05 0.0090735 -0.0166252 2.46118e-05 -0.000150251 -0.0166252 0.082143 
0.00910269 -0.016762 -1.44356e-05 4.17294e-05 -0.016762 0.0828637 3.76657e-05 -0.000189252 -1.44356e-05 3.76657e-05 0.00907906 -0.0166216 4.17294e-05 -0.000189252 -0.0166216 0.0821576 
0.00911926 -0.0167869 -9.07811e-06 5.38431e-05 -0.0167869 0.0829838 4.98424e-05 -0.000226199 -9.07811e-06 4.98424e-05 0.0090857 -0.0166358 5.38431e-05 -0.000226199 -0.0166358 0.0822185 
0.00915022 -0.01684 -1.05449e-05 4.67638e-05 -0.01684 0.083223 4.44718e-05 -0.000232222 -1.05449e-05 4.44718e-05 0.00909933 -0.0166702 4.67638e-05 -0.000232222 -0.0166702 0.0823973 
0.00916753 -0.0168785 -7.70889e-06 4.82406e-05 -0.0168785 0.083386 4.569e-05 -0.000232171 -7.70889e-06 4.569e-05 0.00910893 -0.0166788 4.82406e-05 -0.000232171 -0.0166788 0.0824741 
0.00914233 -0.0168724 3.59992e-06 4.6314e-05 -0.0168724 0.083353 4.27379e-05 -0.000231495 3.59992e-06 4.27379e-05 0.00912081 -0.0166565 4.6314e-05 -0.000231495 -0.0166565 0.0823674 
