0.00782049 0 4.58361e-05 0 0 0.0110339 0 0 4.58361e-05 0 0.00772219 0 0 0 0 0.0110339 
0.00955951 -0.0118676 4.61773e-05 -5.57321e-05 -0.0118676 0.0314715 -5.57321e-05 0.000106936 4.61773e-05 -5.57321e-05 0.00940513 -0.0116712 -5.57321e-05 0.000106936 -0.0116712 0.0310946 
0.00984719 -0.01843 2.61727e-05 -2.93587e-05 -0.01843 0.0678809 -2.93587e-05 8.12724e-05 2.61727e-05 -2.93587e-05 0.0096819 -0.0179682 -2.93587e-05 8.12724e-05 -0.0179682 0.0663503 
0.00925635 -0.0180785 -1.94988e-05 5.27395e-05 -0.0180785 0.0812145 5.70169e-05 -0.000314177 -1.94988e-05 5.70169e-05 0.00916674 -0.0175107 5.27395e-05 -0.000314177 -0.0175107 0.0784988 
0.00889936 -0.0168272 -3.6778e-05 0.000100573 -0.0168272 0.0816251 0.000102077 -0.000554592 -3.6778e-05 0.000102077 0.00887942 -0.0164307 0.000100573 -0.000554592 -0.0164307 0.0789447 
0.008619 -0.0159875 -8.55843e-06 0.000102266 -0.0159875 0.0789895 9.73173e-05 -0.000538009 -8.55843e-06 9.73173e-05 0.00865078 -0.0157766 0.000102266 -0.000538009 -0.0157766 0.077093 
0.00834426 -0.0153836 1.39193e-05 5.8222e-05 -0.0153836 0.0761813 5.0049e-05 -0.000395574 1.39193e-05 5.0049e-05 0.00839329 -0.0152862 5.8222e-05 -0.000395574 -0.0152862 0.0749911 
0.00813787 -0.0149592 1.36784e-05 2.26015e-05 -0.0149592 0.0740615 1.67552e-05 -0.000253735 1.36784e-05 1.67552e-05 0.00816776 -0.0148962 2.26015e-05 -0.000253735 -0.0148962 0.073258 
0.011197 -0.0205618 4.35715e-07 2.76398e-05 -0.0205618 0.101679 2.69653e-05 -0.000271857 4.35715e-07 2.69653e-05 0.0112048 -0.0204333 2.76398e-05 -0.000271857 -0.0204333 0.10069 
0.0110646 -0.0203296 -1.8938e-05 5.14839e-05 -0.0203296 0.100416 5.62279e-05 -0.000294955 -1.8938e-05 5.62279e-05 0.0110606 -0.0201496 5.14839e-05 -0.000294955 -0.0201496 0.0993651 
0.0110123 -0.0202352 -1.50736e-05 8.03812e-05 -0.0202352 0.0998926 8.47546e-05 -0.000364389 -1.50736e-05 8.47546e-05 0.0109961 -0.0200281 8.03812e-05 -0.000364389 -0.0200281 0.0987462 
0.0109791 -0.020186 -2.76692e-06 7.6766e-05 -0.020186 0.0996045 7.75226e-05 -0.000386499 -2.76692e-06 7.75226e-05 0.0109769 -0.0199586 7.6766e-05 -0.000386499 -0.0199586 0.0983797 
0.0109881 -0.0201821 -1.21149e-05 5.92247e-05 -0.0201821 0.0995701 6.01158e-05 -0.000360232 -1.21149e-05 6.01158e-05 0.0109513 -0.0199653 5.92247e-05 -0.000360232 -0.0199653 0.0983192 
0.0109864 -0.0202068 -1.46163e-05 6.67961e-05 -0.0202068 0.0996224 7.03582e-05 -0.000356233 -1.46163e-05 7.03582e-05 0.0109419 -0.0199461 6.67961e-05 -0.000356233 -0.0199461 0.0982963 
0.0109378 -0.0201717 -2.06437e-05 6.8732e-05 -0.0201717 0.0994708 7.47182e-05 -0.000362974 -2.06437e-05 7.47182e-05 0.010944 -0.0198966 6.8732e-05 -0.000362974 -0.0198966 0.0980745 
0.01093 -0.0201612 -1.09572e-05 7.39074e-05 -0.0201612 0.0995486 8.17061e-05 -0.000372957 -1.09572e-05 8.17061e-05 0.0109674 -0.0199527 7.39074e-05 -0.000372957 -0.0199527 0.0982324 
0.0109232 -0.0201702 -5.77971e-06 6.00547e-05 -0.0201702 0.0996637 6.91965e-05 -0.000354318 -5.77971e-06 6.91965e-05 0.0110029 -0.0200103 6.00547e-05 -0.000354318 -0.0200103 0.0984872 
0.0108994 -0.0201123 2.27493e-06 5.06474e-05 -0.0201123 0.0994653 5.99559e-05 -0.000323498 2.27493e-06 5.99559e-05 0.0109998 -0.0200059 5.06474e-05 -0.000323498 -0.0200059 0.0984336 
0.0108952 -0.0200971 -4.2834e-06 3.77303e-05 -0.0200971 0.0994077 4.89183e-05 -0.000288888 -4.2834e-06 4.89183e-05 0.0109967 -0.0200181 3.77303e-05 -0.000288888 -0.0200181 0.0984794 
0.0108746 -0.0200581 -4.68405e-06 4.03638e-05 -0.0200581 0.0992127 5.24963e-05 -0.000270202 -4.68405e-06 5.24963e-05 0.0109856 -0.0199812 4.03638e-05 -0.000270202 -0.0199812 0.0983265 
0.0108843 -0.0200543 -7.94019e-06 4.13001e-05 -0.0200543 0.0991925 5.28021e-05 -0.000265644 -7.94019e-06 5.28021e-05 0.0109741 -0.0199853 4.13001e-05 -0.000265644 -0.0199853 0.0983215 
0.0108529 -0.0200348 -1.69837e-05 4.5616e-05 -0.0200348 0.099049 5.62869e-05 -0.000267852 -1.69837e-05 5.62869e-05 0.0109724 -0.0199425 4.5616e-05 -0.000267852 -0.0199425 0.0981555 
0.0108577 -0.0200345 -1.62644e-05 5.62763e-05 -0.0200345 0.0991121 6.66072e-05 -0.000284394 -1.62644e-05 6.66072e-05 0.0109859 -0.0199782 5.62763e-05 -0.000284394 -0.0199782 0.098257 
0.0108617 -0.0200105 -1.23802e-05 5.69838e-05 -0.0200105 0.0990001 6.21725e-05 -0.000287948 -1.23802e-05 6.21725e-05 0.0109733 -0.0199689 5.69838e-05 -0.000287948 -0.0199689 0.0981999 
0.0108792 -0.0200176 -1.39124e-05 5.66186e-05 -0.0200176 0.0989682 5.30568e-05 -0.000278751 -1.39124e-05 5.30568e-05 0.010945 -0.0199543 5.66186e-05 -0.000278751 -0.0199543 0.0981521 
0.0109142 -0.0200776 -1.73304e-06 5.91448e-05 -0.0200776 0.0991723 5.3602e-05 -0.000276285 -1.73304e-06 5.3602e-05 0.0109336 -0.019954 5.91448e-05 -0.000276285 -0.019954 0.0982434 
0.0109451 -0.0201522 5.96574e-07 4.17236e-05 -0.0201522 0.0994801 3.92751e-05 -0.00025111 5.96574e-07 3.92751e-05 0.0109459 -0.0199639 4.17236e-05 -0.00025111 -0.0199639 0.0983869 
0.0109707 -0.0201881 -8.18873e-06 3.46852e-05 -0.0201881 0.0996663 3.56875e-05 -0.00022571 -8.18873e-06 3.56875e-05 0.0109549 -0.0199734 3.46852e-05 -0.00022571 -0.0199734 0.0984554 
0.0109791 -0.0201997 -1.07306e-05 4.14889e-05 -0.0201997 0.0996951 4.42337e-05 -0.000223252 -1.07306e-05 4.42337e-05 0.0109588 -0.0199618 4.14889e-05 -0.000223252 -0.0199618 0.0984045 
0.0109854 -0.0202415 -4.93276e-06 4.13582e-05 -0.0202415 0.0998723 4.58414e-05 -0.000223045 -4.93276e-06 4.58414e-05 0.0109742 -0.0199917 4.13582e-05 -0.000223045 -0.0199917 0.0985216 
0.0109606 -0.0202256 -5.14545e-06 2.90879e-05 -0.0202256 0.0998458 3.85152e-05 -0.000200572 -5.14545e-06 3.85152e-05 0.0109728 -0.0199857 2.90879e-05 -0.000200572 -0.0199857 0.0984858 
0.0109412 -0.0201926 7.1766e-08 2.30828e-05 -0.0201926 0.0997657 3.61267e-05 -0.00017469 7.1766e-08 3.61267e-05 0.0109678 -0.0199751 2.30828e-05 -0.00017469 -0.0199751 0.0984286 
0.010936 -0.0201671 -2.95206e-06 1.74788e-05 -0.0201671 0.0996945 2.91113e-05 -0.000153723 -2.95206e-06 2.91113e-05 0.0109645 -0.0199732 1.74788e-05 -0.000153723 -0.0199732 0.0984118 
0.0109333 -0.0201386 -6.07747e-06 2.01141e-05 -0.0201386 0.0995542 2.97799e-05 -0.000143414 -6.07747e-06 2.97799e-05 0.0109465 -0.0199531 2.01141e-05 -0.000143414 -0.0199531 0.0983168 
0.0109488 -0.0201493 6.37975e-06 2.15147e-05 -0.0201493 0.0995613 3.32066e-05 -0.00014322 6.37975e-06 3.32066e-05 0.0109272 -0.0199468 2.15147e-05 -0.00014322 -0.0199468 0.0983157 
0.0109354 -0.0201339 8.28629e-06 3.92201e-06 -0.0201339 0.0994239 1.9164e-05 -0.000118737 8.28629e-06 1.9164e-05 0.0109016 -0.019885 3.92201e-06 -0.000118737 -0.019885 0.0980946 
0.0109218 -0.0201161 -4.07415e-07 -1.39729e-06 -0.0201161 0.0993213 1.46502e-05 -9.26744e-05 -4.07415e-07 1.46502e-05 0.0108806 -0.0198456 -1.39729e-06 -9.26744e-05 -0.0198456 0.0979091 
0.0109202 -0.0200866 -4.96954e-06 8.36615e-06 -0.0200866 0.0991829 2.2966e-05 -9.40761e-05 -4.96954e-06 2.2966e-05 0.0108465 -0.0198093 8.36615e-06 -9.40761e-05 -0.0198093 0.0977325 
0.0109142 -0.0201143 4.79378e-07 1.57637e-05 -0.0201143 0.0992581 2.52592e-05 -0.00010399 4.79378e-07 2.52592e-05 0.0108536 -0.0197965 1.57637e-05 -0.00010399 -0.0197965 0.0977299 
0.0108508 -0.0200062 6.19846e-06 1.24303e-05 -0.0200062 0.0987828 1.71894e-05 -9.86356e-05 6.19846e-06 1.71894e-05 0.0108141 -0.0197035 1.24303e-05 -9.86356e-05 -0.0197035 0.0972438 
0.0108159 -0.0199246 1.07895e-07 5.69215e-06 -0.0199246 0.0984274 7.58328e-06 -7.95353e-05 1.07895e-07 7.58328e-06 0.0107865 -0.0196607 5.69215e-06 -7.95353e-05 -0.0196607 0.0969651 
0.0108307 -0.0199463 3.32877e-06 1.41859e-05 -0.0199463 0.0985199 1.53655e-05 -8.3287e-05 3.32877e-06 1.53655e-05 0.010809 -0.0196987 1.41859e-05 -8.3287e-05 -0.0196987 0.0971308 
0.0108081 -0.0199468 1.78637e-05 1.28571e-05 -0.0199468 0.0985051 9.83732e-06 -8.17329e-05 1.78637e-05 9.83732e-06 0.0108341 -0.0197107 1.28571e-05 -8.17329e-05 -0.0197107 0.0971643 
0.0107696 -0.019884 1.14357e-05 -3.74966e-06 -0.019884 0.0982797 -1.14859e-05 -4.89606e-05 1.14357e-05 -1.14859e-05 0.0108342 -0.0197074 -3.74966e-06 -4.89606e-05 -0.0197074 0.097055 
0.0107724 -0.01988 -4.49141e-06 3.58543e-06 -0.01988 0.0983189 -6.19941e-06 -4.04706e-05 -4.49141e-06 -6.19941e-06 0.0108423 -0.0197585 3.58543e-06 -4.04706e-05 -0.0197585 0.0972446 
0.0107626 -0.0198915 -3.74577e-06 2.55173e-05 -0.0198915 0.0983888 1.61012e-05 -7.82525e-05 -3.74577e-06 1.61012e-05 0.010862 -0.0197809 2.55173e-05 -7.82525e-05 -0.0197809 0.0973992 
0.0107515 -0.0198602 -5.56169e-06 2.74803e-05 -0.0198602 0.0983174 1.99442e-05 -0.000107774 -5.56169e-06 1.99442e-05 0.0108639 -0.0197882 2.74803e-05 -0.000107774 -0.0197882 0.0974181 
0.0107686 -0.0198542 -1.03902e-05 2.99483e-05 -0.0198542 0.0983076 2.74405e-05 -0.000128835 -1.03902e-05 2.74405e-05 0.0108568 -0.0198026 2.99483e-05 -0.000128835 -0.0198026 0.0974894 
0.0107804 -0.019896 -1.7402e-05 3.69734e-05 -0.019896 0.0984444 3.85703e-05 -0.000156938 -1.7402e-05 3.85703e-05 0.0108758 -0.0198144 3.69734e-05 -0.000156938 -0.0198144 0.0976123 
0.0108107 -0.0199032 -1.14641e-05 4.74816e-05 -0.0199032 0.0984979 4.66328e-05 -0.00018562 -1.14641e-05 4.66328e-05 0.0108615 -0.0198283 4.74816e-05 -0.00018562 -0.0198283 0.0976594 
0.0108463 -0.0199421 3.32326e-07 4.38988e-05 -0.0199421 0.0985837 3.67423e-05 -0.000189286 3.32326e-07 3.67423e-05 0.0108434 -0.0198108 4.38988e-05 -0.000189286 -0.0198108 0.0976607 
0.0108825 -0.0200173 2.94487e-06 3.12421e-05 -0.0200173 0.0988389 1.81089e-05 -0.00016264 2.94487e-06 1.81089e-05 0.0108509 -0.01981 3.12421e-05 -0.00016264 -0.01981 0.097739 
0.0109027 -0.0200507 1.20874e-05 2.64407e-05 -0.0200507 0.0989595 1.14147e-05 -0.000136887 1.20874e-05 1.14147e-05 0.0108451 -0.0197978 2.64407e-05 -0.000136887 -0.0197978 0.0976954 
0.0109124 -0.0201001 2.63903e-05 1.57334e-05 -0.0201001 0.0991671 3.97536e-06 -0.000118261 2.63903e-05 3.97536e-06 0.0108613 -0.019813 1.57334e-05 -0.000118261 -0.019813 0.0977818 
0.0108959 -0.0200585 2.39844e-05 -4.60372e-06 -0.0200585 0.0990125 -8.59958e-06 -8.64777e-05 2.39844e-05 -8.59958e-06 0.0108462 -0.01978 -4.60372e-06 -8.64777e-05 -0.01978 0.0975941 
0.0109038 -0.0201006 2.17458e-05 -4.28434e-06 -0.0201006 0.0992138 -2.41276e-06 -7.75078e-05 2.17458e-05 -2.41276e-06 0.0108749 -0.0198251 -4.28434e-06 -7.75078e-05 -0.0198251 0.0977933 
0.0108865 -0.0200554 8.92763e-06 -7.00206e-07 -0.0200554 0.0990545 2.15061e-06 -8.55135e-05 8.92763e-06 2.15061e-06 0.0108566 -0.0198097 -7.00206e-07 -8.55135e-05 -0.0198097 0.0976861 
0.0108688 -0.0200056 -1.69607e-05 1.42082e-05 -0.0200056 0.0988166 1.7356e-05 -0.000112918 -1.69607e-05 1.7356e-05 0.010821 -0.019766 1.42082e-05 -0.000112918 -0.019766 0.0974942 
0.0108548 -0.0199777 -3.06044e-05 4.87182e-05 -0.0199777 0.098655 5.0998e-05 -0.00018198 -3.06044e-05 5.0998e-05 0.0108021 -0.0197237 4.87182e-05 -0.00018198 -0.0197237 0.097337 
0.010836 -0.0199882 -2.00338e-05 7.4034e-05 -0.0199882 0.0986961 7.10342e-05 -0.000256791 -2.00338e-05 7.10342e-05 0.0108288 -0.0197324 7.4034e-05 -0.000256791 -0.0197324 0.0973803 
0.0108235 -0.0199633 -6.51303e-06 6.49426e-05 -0.0199633 0.098667 5.68617e-05 -0.000271944 -6.51303e-06 5.68617e-05 0.0108518 -0.0197607 6.49426e-05 -0.000271944 -0.0197607 0.0974335 
0.010803 -0.0199341 3.60655e-06 4.48029e-05 -0.0199341 0.098562 3.7601e-05 -0.000237977 3.60655e-06 3.7601e-05 0.0108582 -0.0197797 4.48029e-05 -0.000237977 -0.0197797 0.0974543 
0.0108002 -0.0199316 1.12201e-05 2.77478e-05 -0.0199316 0.0985928 2.36893e-05 -0.000194971 1.12201e-05 2.36893e-05 0.0108651 -0.019814 2.77478e-05 -0.000194971 -0.019814 0.0975992 
0.0107584 -0.0198438 2.55019e-05 1.65689e-05 -0.0198438 0.0981816 1.43343e-05 -0.000159669 2.55019e-05 1.43343e-05 0.0108246 -0.0197343 1.65689e-05 -0.000159669 -0.0197343 0.0972457 
0.0107409 -0.0198243 3.54295e-05 1.243e-06 -0.0198243 0.0980704 -3.47934e-06 -0.000121822 3.54295e-05 -3.47934e-06 0.0108093 -0.0197107 1.243e-06 -0.000121822 -0.0197107 0.0971359 
0.0107364 -0.0198082 2.482e-05 -9.805e-06 -0.0198082 0.0980135 -1.44459e-05 -9.03479e-05 2.482e-05 -1.44459e-05 0.0107896 -0.0196966 -9.805e-06 -9.03479e-05 -0.0196966 0.0970783 
0.0107603 -0.0198175 3.82643e-06 8.4072e-08 -0.0198175 0.0980593 8.93598e-08 -9.72874e-05 3.82643e-06 8.93598e-08 0.0107696 -0.0196922 8.4072e-08 -9.72874e-05 -0.0196922 0.0971087 
0.0107727 -0.0198185 -1.74151e-05 2.71635e-05 -0.0198185 0.0979918 3.03668e-05 -0.000152009 -1.74151e-05 3.03668e-05 0.0107268 -0.0196427 2.71635e-05 -0.000152009 -0.0196427 0.0969598 
0.0107607 -0.0197823 -1.50522e-05 5.69146e-05 -0.0197823 0.0977336 5.71253e-05 -0.000224484 -1.50522e-05 5.71253e-05 0.0106772 -0.0195402 5.69146e-05 -0.000224484 -0.0195402 0.0965649 
0.0107852 -0.0198476 -2.38841e-05 6.05451e-05 -0.0198476 0.0979902 5.38825e-05 -0.000258955 -2.38841e-05 5.38825e-05 0.010702 -0.0195623 6.05451e-05 -0.000258955 -0.0195623 0.0966966 
0.0108077 -0.0198829 -2.28283e-05 7.50529e-05 -0.0198829 0.0981818 6.10698e-05 -0.000285853 -2.28283e-05 6.10698e-05 0.0107174 -0.0196055 7.50529e-05 -0.000285853 -0.0196055 0.096865 
0.0108177 -0.0199075 -1.69337e-05 7.75539e-05 -0.0199075 0.0982897 6.03709e-05 -0.000303994 -1.69337e-05 6.03709e-05 0.0107322 -0.0196232 7.75539e-05 -0.000303994 -0.0196232 0.096971 
0.0107774 -0.0198847 -1.87992e-05 7.09848e-05 -0.0198847 0.0981827 5.39341e-05 -0.000301449 -1.87992e-05 5.39341e-05 0.0107533 -0.0196044 7.09848e-05 -0.000301449 -0.0196044 0.0968674 
0.0107321 -0.0198156 -1.76759e-07 7.26969e-05 -0.0198156 0.0979621 5.96179e-05 -0.00030617 -1.76759e-07 5.96179e-05 0.0107688 -0.0196136 7.26969e-05 -0.00030617 -0.0196136 0.0967728 
0.0106813 -0.0197164 1.23908e-05 4.92064e-05 -0.0197164 0.0975694 4.18304e-05 -0.000282081 1.23908e-05 4.18304e-05 0.0107708 -0.0196038 4.92064e-05 -0.000282081 -0.0196038 0.0966062 
0.0106572 -0.019681 1.53362e-05 2.94515e-05 -0.019681 0.0974331 2.43652e-05 -0.000236933 1.53362e-05 2.43652e-05 0.010792 -0.0196403 2.94515e-05 -0.000236933 -0.0196403 0.0966871 
0.010683 -0.0197073 2.21586e-05 2.44622e-05 -0.0197073 0.097601 2.34897e-05 -0.000215433 2.21586e-05 2.34897e-05 0.0108122 -0.0197218 2.44622e-05 -0.000215433 -0.0197218 0.0970292 
0.0107421 -0.0198101 1.70372e-05 1.57935e-05 -0.0198101 0.0980776 2.04517e-05 -0.000204599 1.70372e-05 2.04517e-05 0.0108467 -0.0198143 1.57935e-05 -0.000204599 -0.0198143 0.0975522 
0.010808 -0.0199073 2.41245e-06 2.22692e-05 -0.0199073 0.0985318 2.90201e-05 -0.000212825 2.41245e-06 2.90201e-05 0.0108696 -0.0198731 2.22692e-05 -0.000212825 -0.0198731 0.0979417 
0.0108539 -0.0199596 -1.99598e-05 4.20828e-05 -0.0199596 0.0987258 4.66168e-05 -0.000248899 -1.99598e-05 4.66168e-05 0.0108586 -0.0198659 4.20828e-05 -0.000248899 -0.0198659 0.0980016 
0.0108867 -0.0199841 -2.37055e-05 7.11359e-05 -0.0199841 0.0987459 7.07067e-05 -0.000305879 -2.37055e-05 7.07067e-05 0.010829 -0.0198152 7.11359e-05 -0.000305879 -0.0198152 0.0978373 
0.0109104 -0.0200306 -2.03242e-05 7.75998e-05 -0.0200306 0.098838 7.44555e-05 -0.000338645 -2.03242e-05 7.44555e-05 0.0108134 -0.019774 7.75998e-05 -0.000338645 -0.019774 0.0976992 
0.0109133 -0.0200837 -1.4011e-05 7.30498e-05 -0.0200837 0.0990276 7.03556e-05 -0.000341132 -1.4011e-05 7.03556e-05 0.0108309 -0.019769 7.30498e-05 -0.000341132 -0.019769 0.0976867 
0.0108875 -0.0200504 -1.53353e-05 6.15106e-05 -0.0200504 0.0989265 6.35793e-05 -0.000323134 -1.53353e-05 6.35793e-05 0.0108399 -0.019751 6.15106e-05 -0.000323134 -0.019751 0.097526 
0.0108662 -0.0200491 -7.30855e-06 5.93772e-05 -0.0200491 0.0989679 6.67885e-05 -0.000314123 -7.30855e-06 6.67885e-05 0.0108727 -0.0197907 5.93772e-05 -0.000314123 -0.0197907 0.0976168 
0.0108401 -0.0199834 2.57921e-06 4.74265e-05 -0.0199834 0.0987548 5.6603e-05 -0.000293429 2.57921e-06 5.6603e-05 0.0108592 -0.0197969 4.74265e-05 -0.000293429 -0.0197969 0.0975455 
0.0108104 -0.0199324 1.01982e-05 3.05553e-05 -0.0199324 0.0985166 3.99123e-05 -0.000250703 1.01982e-05 3.99123e-05 0.0108413 -0.0197662 3.05553e-05 -0.000250703 -0.0197662 0.0974103 
0.0108072 -0.0199053 8.13589e-06 1.71839e-05 -0.0199053 0.0983983 2.77268e-05 -0.000206625 8.13589e-06 2.77268e-05 0.0108183 -0.0197483 1.71839e-05 -0.000206625 -0.0197483 0.0973306 
0.0107998 -0.0198835 7.48231e-06 1.72773e-05 -0.0198835 0.0982484 2.73033e-05 -0.000183453 7.48231e-06 2.73033e-05 0.0107935 -0.0196996 1.72773e-05 -0.000183453 -0.0196996 0.0971475 
0.0107791 -0.0198921 8.12556e-06 1.79908e-05 -0.0198921 0.0982564 2.73e-05 -0.000175668 8.12556e-06 2.73e-05 0.0108017 -0.0196861 1.79908e-05 -0.000175668 -0.0196861 0.0970961 
0.0107715 -0.019875 8.48832e-07 1.63486e-05 -0.019875 0.0982617 2.28546e-05 -0.000164001 8.48832e-07 2.28546e-05 0.0107991 -0.0197049 1.63486e-05 -0.000164001 -0.0197049 0.0971331 
0.0107796 -0.0198755 9.01163e-07 2.60044e-05 -0.0198755 0.098307 2.92387e-05 -0.000167846 9.01163e-07 2.92387e-05 0.0108016 -0.0197244 2.60044e-05 -0.000167846 -0.0197244 0.09725 
0.0107925 -0.0198847 8.115e-06 2.7639e-05 -0.0198847 0.0983441 3.02329e-05 -0.000175654 8.115e-06 3.02329e-05 0.0107983 -0.0197262 2.7639e-05 -0.000175654 -0.0197262 0.0973055 
0.0108088 -0.0199289 1.20384e-05 1.87917e-05 -0.0199289 0.098532 2.31106e-05 -0.000165199 1.20384e-05 2.31106e-05 0.0108177 -0.0197501 1.87917e-05 -0.000165199 -0.0197501 0.097464 
0.0107946 -0.0199206 2.01834e-05 1.52004e-05 -0.0199206 0.0985142 1.73004e-05 -0.000151667 2.01834e-05 1.73004e-05 0.0108345 -0.0197478 1.52004e-05 -0.000151667 -0.0197478 0.0974444 
0.0107987 -0.0199283 2.00575e-05 9.65077e-06 -0.0199283 0.0985989 8.02284e-06 -0.000139732 2.00575e-05 8.02284e-06 0.0108674 -0.0197896 9.65077e-06 -0.000139732 -0.0197896 0.0975796 
0.0107966 -0.0199169 1.46745e-05 1.11165e-05 -0.0199169 0.0985703 6.93884e-06 -0.000135146 1.46745e-05 6.93884e-06 0.0108836 -0.019819 1.11165e-05 -0.000135146 -0.019819 0.097646 
0.010818 -0.0199192 1.85925e-07 1.87529e-05 -0.0199192 0.0985846 1.17775e-05 -0.00014495 1.85925e-07 1.17775e-05 0.0108668 -0.019851 1.87529e-05 -0.00014495 -0.019851 0.0977566 
0.0108011 -0.0199057 6.36142e-06 3.83333e-05 -0.0199057 0.0984377 2.98712e-05 -0.000180902 6.36142e-06 2.98712e-05 0.0108416 -0.0197929 3.83333e-05 -0.000180902 -0.0197929 0.0975842 
0.0107676 -0.0198758 1.73823e-05 3.62178e-05 -0.0198758 0.0982922 2.82511e-05 -0.000204068 1.73823e-05 2.82511e-05 0.0108233 -0.0197459 3.62178e-05 -0.000204068 -0.0197459 0.0973779 
0.0107153 -0.0197721 5.96302e-06 2.39377e-05 -0.0197721 0.0978473 1.63691e-05 -0.00019362 5.96302e-06 1.63691e-05 0.0107809 -0.0196598 2.39377e-05 -0.00019362 -0.0196598 0.0969383 
0.0106912 -0.0197225 1.23371e-07 3.73367e-05 -0.0197225 0.0976216 2.9807e-05 -0.000207439 1.23371e-07 2.9807e-05 0.0107607 -0.0196304 3.73367e-05 -0.000207439 -0.0196304 0.0967639 
0.0107042 -0.0197071 -3.70605e-06 4.48921e-05 -0.0197071 0.0975494 3.80279e-05 -0.000231413 -3.70605e-06 3.80279e-05 0.0107221 -0.0196272 4.48921e-05 -0.000231413 -0.0196272 0.0967449 
0.0107104 -0.019669 5.95113e-07 4.59551e-05 -0.019669 0.0972776 4.22919e-05 -0.00024231 5.95113e-07 4.22919e-05 0.010646 -0.0195301 4.59551e-05 -0.00024231 -0.0195301 0.0964128 
0.0107275 -0.0196907 4.44046e-06 3.74014e-05 -0.0196907 0.0972342 3.78444e-05 -0.00023375 4.44046e-06 3.78444e-05 0.0105984 -0.019447 3.74014e-05 -0.00023375 -0.019447 0.0961643 
0.0107159 -0.0197029 3.40752e-06 2.90089e-05 -0.0197029 0.0971919 3.18142e-05 -0.000212615 3.40752e-06 3.18142e-05 0.0105784 -0.019371 2.90089e-05 -0.000212615 -0.019371 0.0958827 
0.0106852 -0.019675 -6.3417e-06 2.72261e-05 -0.019675 0.0970704 3.13128e-05 -0.000199523 -6.3417e-06 3.13128e-05 0.0105598 -0.0193284 2.72261e-05 -0.000199523 -0.0193284 0.0956372 
0.010657 -0.019685 -7.7859e-06 3.75309e-05 -0.019685 0.0971806 4.17333e-05 -0.00020889 -7.7859e-06 4.17333e-05 0.01059 -0.0193545 3.75309e-05 -0.00020889 -0.0193545 0.0957367 
0.010612 -0.0196352 -3.50038e-06 4.11481e-05 -0.0196352 0.0971076 4.45179e-05 -0.000220949 -3.50038e-06 4.45179e-05 0.0106211 -0.0193854 4.11481e-05 -0.000220949 -0.0193854 0.0958045 
0.0105639 -0.0195425 -9.19773e-07 3.5026e-05 -0.0195425 0.0968197 3.81345e-05 -0.000212437 -9.19773e-07 3.81345e-05 0.0106365 -0.0194014 3.5026e-05 -0.000212437 -0.0194014 0.0957779 
0.0105439 -0.0194699 -6.56103e-06 3.08109e-05 -0.0194699 0.0965486 3.48008e-05 -0.000199855 -6.56103e-06 3.48008e-05 0.0106375 -0.0194199 3.08109e-05 -0.000199855 -0.0194199 0.0957832 
0.0105251 -0.0194299 -6.26123e-06 3.6065e-05 -0.0194299 0.0963304 4.09262e-05 -0.00020175 -6.26123e-06 4.09262e-05 0.0106426 -0.0194162 3.6065e-05 -0.00020175 -0.0194162 0.0957478 
0.0105191 -0.0194007 6.62003e-06 3.59903e-05 -0.0194007 0.0961736 4.11958e-05 -0.000205031 6.62003e-06 4.11958e-05 0.010633 -0.0194187 3.59903e-05 -0.000205031 -0.0194187 0.0957089 
0.010497 -0.0193837 9.33071e-06 1.92315e-05 -0.0193837 0.0960429 2.4345e-05 -0.000178489 9.33071e-06 2.4345e-05 0.010634 -0.0193979 1.92315e-05 -0.000178489 -0.0193979 0.095621 
0.0105036 -0.0194197 1.28609e-05 9.32653e-06 -0.0194197 0.0962458 1.7941e-05 -0.000144082 1.28609e-05 1.7941e-05 0.0106719 -0.0194569 9.32653e-06 -0.000144082 -0.0194569 0.0958611 
0.0105365 -0.0194428 3.15278e-06 9.52335e-07 -0.0194428 0.096414 1.44243e-05 -0.000119101 3.15278e-06 1.44243e-05 0.0106773 -0.0195125 9.52335e-07 -0.000119101 -0.0195125 0.0960925 
0.0105627 -0.0194277 -6.79365e-06 1.13212e-05 -0.0194277 0.0962725 2.48343e-05 -0.000122936 -6.79365e-06 2.48343e-05 0.0106293 -0.0194589 1.13212e-05 -0.000122936 -0.0194589 0.095914 
0.0106082 -0.0194852 -1.36267e-05 2.64302e-05 -0.0194852 0.0963749 3.4677e-05 -0.000146186 -1.36267e-05 3.4677e-05 0.0105845 -0.019413 2.64302e-05 -0.000146186 -0.019413 0.09581 
0.0106448 -0.0196001 -1.00321e-05 3.92388e-05 -0.0196001 0.096786 4.00464e-05 -0.000170958 -1.00321e-05 4.00464e-05 0.010599 -0.0194016 3.92388e-05 -0.000170958 -0.0194016 0.095902 
0.0106921 -0.0197015 1.3453e-06 3.79818e-05 -0.0197015 0.09731 3.41456e-05 -0.000175778 1.3453e-06 3.41456e-05 0.0106431 -0.0194669 3.79818e-05 -0.000175778 -0.0194669 0.0962169 
0.0107239 -0.0197904 -1.37018e-05 2.51392e-05 -0.0197904 0.097781 2.0718e-05 -0.000156687 -1.37018e-05 2.0718e-05 0.0106936 -0.0195508 2.51392e-05 -0.000156687 -0.0195508 0.0966084 
0.0107059 -0.0197779 -1.47566e-05 4.02173e-05 -0.0197779 0.0978031 3.89521e-05 -0.000168893 -1.47566e-05 3.89521e-05 0.0107073 -0.0195621 4.02173e-05 -0.000168893 -0.0195621 0.0966438 
0.0106745 -0.0196943 -2.4857e-05 4.03765e-05 -0.0196943 0.0974834 4.25801e-05 -0.000183155 -2.4857e-05 4.25801e-05 0.0106792 -0.0195215 4.03765e-05 -0.000183155 -0.0195215 0.096407 
0.0106531 -0.0196428 -3.07909e-05 4.85761e-05 -0.0196428 0.0972182 5.34627e-05 -0.000196945 -3.07909e-05 5.34627e-05 0.0106619 -0.0194753 4.85761e-05 -0.000196945 -0.0194753 0.09619 
0.0106442 -0.0196066 -2.04913e-05 5.25461e-05 -0.0196066 0.0970146 5.69397e-05 -0.000203859 -2.04913e-05 5.69397e-05 0.0106429 -0.0194435 5.25461e-05 -0.000203859 -0.0194435 0.0960034 
0.0106434 -0.0196403 1.48755e-06 3.94255e-05 -0.0196403 0.0971224 4.28051e-05 -0.000182158 1.48755e-06 4.28051e-05 0.0106673 -0.0194626 3.94255e-05 -0.000182158 -0.0194626 0.0960891 
0.0106552 -0.0196613 1.90795e-05 1.02505e-05 -0.0196613 0.0972734 1.53002e-05 -0.000123057 1.90795e-05 1.53002e-05 0.01068 -0.0195114 1.02505e-05 -0.000123057 -0.0195114 0.0962656 
0.0106529 -0.0196575 5.64743e-06 -1.36738e-05 -0.0196575 0.0972753 -9.24976e-06 -5.45846e-05 5.64743e-06 -9.24976e-06 0.0106806 -0.0195146 -1.36738e-05 -5.45846e-05 -0.0195146 0.0963042 
0.0106632 -0.0196607 -1.45248e-05 5.54058e-06 -0.0196607 0.0973073 5.256e-06 -5.24512e-05 -1.45248e-05 5.256e-06 0.0106686 -0.019523 5.54058e-06 -5.24512e-05 -0.019523 0.0963564 
0.0106711 -0.0196768 -3.18979e-05 3.7641e-05 -0.0196768 0.0973681 3.50799e-05 -0.000115436 -3.18979e-05 3.50799e-05 0.0106615 -0.0195176 3.7641e-05 -0.000115436 -0.0195176 0.0964019 
0.0106474 -0.0196212 -2.75568e-05 6.55269e-05 -0.0196212 0.0970926 6.19644e-05 -0.000195925 -2.75568e-05 6.19644e-05 0.0106159 -0.0194437 6.55269e-05 -0.000195925 -0.0194437 0.0960894 
0.0106162 -0.0195739 -1.79459e-05 6.62173e-05 -0.0195739 0.0968375 6.0241e-05 -0.000235126 -1.79459e-05 6.0241e-05 0.0105959 -0.0193731 6.62173e-05 -0.000235126 -0.0193731 0.0957885 
0.0105699 -0.0194932 1.89616e-06 5.14863e-05 -0.0194932 0.0964511 4.66886e-05 -0.000221955 1.89616e-06 4.66886e-05 0.0105763 -0.0193067 5.14863e-05 -0.000221955 -0.0193067 0.095409 
0.0105325 -0.019448 8.91553e-06 1.99608e-05 -0.019448 0.0962435 2.0631e-05 -0.000163545 8.91553e-06 2.0631e-05 0.0105808 -0.0192995 1.99608e-05 -0.000163545 -0.0192995 0.0952779 
0.0105407 -0.0194517 4.63461e-06 5.29494e-06 -0.0194517 0.0963184 9.29988e-06 -0.000110073 4.63461e-06 9.29988e-06 0.010596 -0.0193577 5.29494e-06 -0.000110073 -0.0193577 0.0954776 
0.0105561 -0.019482 -1.86562e-05 9.06346e-06 -0.019482 0.0964664 1.31268e-05 -9.43902e-05 -1.86562e-05 1.31268e-05 0.0106064 -0.0193991 9.06346e-06 -9.43902e-05 -0.0193991 0.0957021 
0.0105464 -0.0194645 -2.62786e-05 4.11964e-05 -0.0194645 0.0963873 4.09671e-05 -0.000138854 -2.62786e-05 4.09671e-05 0.0105973 -0.0193757 4.11964e-05 -0.000138854 -0.0193757 0.0956395 
0.0105469 -0.0194662 -3.3256e-05 5.87037e-05 -0.0194662 0.096407 5.30316e-05 -0.000192855 -3.3256e-05 5.30316e-05 0.0106028 -0.0193809 5.87037e-05 -0.000192855 -0.0193809 0.0956699 
0.0105452 -0.0194659 -3.3536e-05 6.92103e-05 -0.0194659 0.0964191 5.99392e-05 -0.000227009 -3.3536e-05 5.99392e-05 0.0106042 -0.0193929 6.92103e-05 -0.000227009 -0.0193929 0.0957146 
0.0104871 -0.0194205 -1.78906e-05 6.80335e-05 -0.0194205 0.09621 6.2058e-05 -0.000240856 -1.78906e-05 6.2058e-05 0.0106118 -0.0193529 6.80335e-05 -0.000240856 -0.0193529 0.0955365 
0.0104641 -0.0193634 -6.42282e-06 4.35818e-05 -0.0193634 0.0960772 4.28635e-05 -0.000208354 -6.42282e-06 4.28635e-05 0.0106266 -0.0193765 4.35818e-05 -0.000208354 -0.0193765 0.0955391 
0.0104722 -0.0193103 1.41586e-05 2.3236e-05 -0.0193103 0.0958601 2.83693e-05 -0.00015909 1.41586e-05 2.83693e-05 0.0105906 -0.0193813 2.3236e-05 -0.00015909 -0.0193813 0.0954974 
0.010508 -0.0193477 3.73141e-05 -4.53447e-06 -0.0193477 0.0959278 4.90707e-06 -9.81633e-05 3.73141e-05 4.90707e-06 0.0105632 -0.0193752 -4.53447e-06 -9.81633e-05 -0.0193752 0.0955827 
0.0105039 -0.0193757 2.05542e-05 -3.33874e-05 -0.0193757 0.0959455 -2.3037e-05 -2.66495e-05 2.05542e-05 -2.3037e-05 0.0105495 -0.019315 -3.33874e-05 -2.66495e-05 -0.019315 0.0954389 
0.0104799 -0.019371 -3.28238e-06 -1.17403e-05 -0.019371 0.0959341 -4.30647e-06 -2.73544e-05 -3.28238e-06 -4.30647e-06 0.010557 -0.0192835 -1.17403e-05 -2.73544e-05 -0.0192835 0.0952906 
0.0104735 -0.0193367 3.18004e-08 2.36645e-05 -0.0193367 0.0958575 2.44127e-05 -9.04811e-05 3.18004e-08 2.44127e-05 0.0105501 -0.0192928 2.36645e-05 -9.04811e-05 -0.0192928 0.0952399 
0.0104684 -0.0192906 9.13547e-06 2.76863e-05 -0.0192906 0.0956206 2.0047e-05 -0.000125356 9.13547e-06 2.0047e-05 0.0105105 -0.0192531 2.76863e-05 -0.000125356 -0.0192531 0.0950489 
0.010464 -0.0192683 1.10157e-05 1.92293e-05 -0.0192683 0.0954239 6.59151e-06 -0.000117936 1.10157e-05 6.59151e-06 0.0104673 -0.0191877 1.92293e-05 -0.000117936 -0.0191877 0.0948002 
0.0104672 -0.0192736 1.30205e-05 1.64489e-05 -0.0192736 0.095375 3.15767e-06 -0.000106667 1.30205e-05 3.15767e-06 0.01044 -0.0191411 1.64489e-05 -0.000106667 -0.0191411 0.0946329 
0.0104538 -0.0192505 1.00411e-05 1.12105e-05 -0.0192505 0.0952142 1.51454e-06 -9.61303e-05 1.00411e-05 1.51454e-06 0.0104126 -0.0190773 1.12105e-05 -9.61303e-05 -0.0190773 0.0943563 
