0.00611819 0 3.4284e-05 0 0 0.0087005 0 0 3.4284e-05 0 0.00615433 0 0 0 0 0.0087005 
0.0093769 -0.0116423 5.07698e-05 -6.22016e-05 -0.0116423 0.0309375 -6.22016e-05 0.000119583 5.07698e-05 -6.22016e-05 0.00939258 -0.0116552 -6.22016e-05 0.000119583 -0.0116552 0.0309617 
0.00968975 -0.0181394 3.83249e-05 -7.81479e-05 -0.0181394 0.0668605 -7.81479e-05 0.00024792 3.83249e-05 -7.81479e-05 0.00966053 -0.0179289 -7.81479e-05 0.00024792 -0.0179289 0.0661265 
0.00916209 -0.0178995 1.2423e-05 -4.79819e-05 -0.0178995 0.0804634 -4.40807e-05 0.000184714 1.2423e-05 -4.40807e-05 0.00913491 -0.0174808 -4.79819e-05 0.000184714 -0.0174808 0.0782953 
0.00886701 -0.0167867 6.09505e-06 -1.19942e-05 -0.0167867 0.0814665 -5.65913e-06 6.70863e-05 6.09505e-06 -5.65913e-06 0.00887748 -0.0164386 -1.19942e-05 6.70863e-05 -0.0164386 0.0789876 
0.00861109 -0.0160024 3.74731e-06 3.36531e-06 -0.0160024 0.0791123 2.32889e-06 -6.34445e-06 3.74731e-06 2.32889e-06 0.00868107 -0.0158058 3.36531e-06 -6.34445e-06 -0.0158058 0.0772488 
0.008338 -0.0154016 9.89387e-06 7.91813e-06 -0.0154016 0.0763314 -3.18524e-06 -2.17616e-05 9.89387e-06 -3.18524e-06 0.00843166 -0.015326 7.91813e-06 -2.17616e-05 -0.015326 0.0751387 
0.00812277 -0.0149611 -2.34884e-06 1.12907e-07 -0.0149611 0.0741418 -1.63258e-05 -4.37662e-06 -2.34884e-06 -1.63258e-05 0.00819458 -0.0149311 1.12907e-07 -4.37662e-06 -0.0149311 0.0733537 
0.00958046 -0.0176084 -2.41586e-05 1.3703e-05 -0.0176084 0.0871741 -2.12989e-06 -1.41815e-05 -2.41586e-05 -2.12989e-06 0.00961539 -0.0175389 1.3703e-05 -1.41815e-05 -0.0175389 0.0863619 
0.00946303 -0.0173965 -2.99041e-05 3.97663e-05 -0.0173965 0.0859882 2.90689e-05 -7.07082e-05 -2.99041e-05 2.90689e-05 0.00947765 -0.0172511 3.97663e-05 -7.07082e-05 -0.0172511 0.0850705 
0.00939436 -0.0172805 -2.14077e-05 4.90687e-05 -0.0172805 0.085339 4.19107e-05 -0.0001199 -2.14077e-05 4.19107e-05 0.00939832 -0.0170982 4.90687e-05 -0.0001199 -0.0170982 0.0842855 
0.00934808 -0.0172355 -1.14842e-05 3.93419e-05 -0.0172355 0.0850844 3.34754e-05 -0.000125076 -1.14842e-05 3.34754e-05 0.00937756 -0.0170376 3.93419e-05 -0.000125076 -0.0170376 0.0839476 
0.00931623 -0.0171824 -9.87132e-06 2.81741e-05 -0.0171824 0.0848847 2.16986e-05 -0.000107061 -9.87132e-06 2.16986e-05 0.0093601 -0.0170193 2.81741e-05 -0.000107061 -0.0170193 0.0837761 
0.00933064 -0.0171734 -5.25683e-06 2.70745e-05 -0.0171734 0.0848802 1.95243e-05 -9.73616e-05 -5.25683e-06 1.95243e-05 0.00934193 -0.0170379 2.70745e-05 -9.73616e-05 -0.0170379 0.083846 
0.00935187 -0.0172062 -6.1767e-06 2.17416e-05 -0.0172062 0.0849826 1.32236e-05 -8.73329e-05 -6.1767e-06 1.32236e-05 0.00932523 -0.0170385 2.17416e-05 -8.73329e-05 -0.0170385 0.0839438 
0.00935349 -0.0172201 -1.76067e-05 1.86258e-05 -0.0172201 0.0850117 1.25774e-05 -7.66391e-05 -1.76067e-05 1.25774e-05 0.00931836 -0.017005 1.86258e-05 -7.66391e-05 -0.017005 0.0838899 
0.00936092 -0.0172109 -1.98886e-05 2.95712e-05 -0.0172109 0.0849731 2.76756e-05 -9.13211e-05 -1.98886e-05 2.76756e-05 0.0093027 -0.0169846 2.95712e-05 -9.13211e-05 -0.0169846 0.0837961 
0.0093801 -0.0172634 -5.83642e-06 3.29727e-05 -0.0172634 0.0851795 3.4512e-05 -0.000110391 -5.83642e-06 3.4512e-05 0.0093204 -0.0170098 3.29727e-05 -0.000110391 -0.0170098 0.083946 
0.00935692 -0.0172552 -1.02117e-05 1.89833e-05 -0.0172552 0.0851487 1.94715e-05 -9.84818e-05 -1.02117e-05 1.94715e-05 0.00932096 -0.016995 1.89833e-05 -9.84818e-05 -0.016995 0.0838756 
0.00930038 -0.0171841 -9.35937e-06 2.49867e-05 -0.0171841 0.0848763 2.28038e-05 -9.56664e-05 -9.35937e-06 2.28038e-05 0.00931678 -0.0169526 2.49867e-05 -9.56664e-05 -0.0169526 0.0836344 
0.00929097 -0.0171568 1.17673e-05 2.49259e-05 -0.0171568 0.0848539 2.21591e-05 -9.82631e-05 1.17673e-05 2.21591e-05 0.00933048 -0.0169931 2.49259e-05 -9.82631e-05 -0.0169931 0.0837393 
0.00926847 -0.0171145 1.11948e-05 1.38797e-06 -0.0171145 0.0846793 -1.06269e-06 -6.61565e-05 1.11948e-05 -1.06269e-06 0.0093378 -0.0169851 1.38797e-06 -6.61565e-05 -0.0169851 0.0836888 
0.00924251 -0.0170187 1.42138e-05 -4.38673e-07 -0.0170187 0.0842286 -1.72167e-06 -4.33524e-05 1.42138e-05 -1.72167e-06 0.00928933 -0.016929 -4.38673e-07 -4.33524e-05 -0.016929 0.0833498 
0.00924982 -0.0170214 5.00671e-06 -1.3644e-06 -0.0170214 0.0841479 -2.67026e-06 -4.11136e-05 5.00671e-06 -2.67026e-06 0.00927232 -0.0169088 -1.3644e-06 -4.11136e-05 -0.0169088 0.0832857 
0.00923903 -0.0170266 -5.41434e-06 1.17168e-05 -0.0170266 0.0841065 8.82475e-06 -6.14409e-05 -5.41434e-06 8.82475e-06 0.00926354 -0.0168819 1.17168e-05 -6.14409e-05 -0.0168819 0.0831871 
0.00924715 -0.0170619 -2.08399e-05 2.71291e-05 -0.0170619 0.0842978 2.3769e-05 -0.000100186 -2.08399e-05 2.3769e-05 0.00928977 -0.0169172 2.71291e-05 -0.000100186 -0.0169172 0.0833476 
0.0092426 -0.0170729 -2.28359e-05 4.69683e-05 -0.0170729 0.0844022 4.35113e-05 -0.000149379 -2.28359e-05 4.35113e-05 0.00931821 -0.0169528 4.69683e-05 -0.000149379 -0.0169528 0.0834884 
0.00922016 -0.0170389 -2.08168e-05 5.14959e-05 -0.0170389 0.0842995 4.71666e-05 -0.000180243 -2.08168e-05 4.71666e-05 0.00931675 -0.0169605 5.14959e-05 -0.000180243 -0.0169605 0.0834755 
0.00921063 -0.0169968 -1.43976e-05 5.00117e-05 -0.0169968 0.0841463 4.49799e-05 -0.000189103 -1.43976e-05 4.49799e-05 0.00930106 -0.0169521 5.00117e-05 -0.000189103 -0.0169521 0.0834257 
0.00920888 -0.0169744 -1.87554e-05 4.37356e-05 -0.0169744 0.0840135 3.56482e-05 -0.000179473 -1.87554e-05 3.56482e-05 0.0092759 -0.0169259 4.37356e-05 -0.000179473 -0.0169259 0.0833341 
0.00920306 -0.0169518 -1.64447e-05 4.67483e-05 -0.0169518 0.0838571 3.81989e-05 -0.000176477 -1.64447e-05 3.81989e-05 0.00924081 -0.0168771 4.67483e-05 -0.000176477 -0.0168771 0.083152 
0.00924232 -0.0170099 -5.05294e-06 4.10878e-05 -0.0170099 0.0840989 3.91652e-05 -0.000174794 -5.05294e-06 3.91652e-05 0.0092321 -0.0168993 4.10878e-05 -0.000174794 -0.0168993 0.0833216 
0.00927618 -0.0170537 9.20536e-06 2.41443e-05 -0.0170537 0.0842577 2.53157e-05 -0.000147147 9.20536e-06 2.53157e-05 0.00921244 -0.0168798 2.41443e-05 -0.000147147 -0.0168798 0.0833473 
0.00923809 -0.0170256 2.19862e-05 3.94209e-06 -0.0170256 0.0840486 5.62903e-06 -9.84478e-05 2.19862e-05 5.62903e-06 0.00918258 -0.0167799 3.94209e-06 -9.84478e-05 -0.0167799 0.0829603 
0.00920044 -0.017004 1.62984e-05 -1.38525e-05 -0.017004 0.0839975 -1.25564e-05 -4.59583e-05 1.62984e-05 -1.25564e-05 0.0091966 -0.0167616 -1.38525e-05 -4.59583e-05 -0.0167616 0.0828291 
0.00918816 -0.0169631 5.71746e-06 -7.55869e-06 -0.0169631 0.0839305 -5.2135e-06 -3.38801e-05 5.71746e-06 -5.2135e-06 0.00920233 -0.0167922 -7.55869e-06 -3.38801e-05 -0.0167922 0.0828635 
0.00919495 -0.0169703 -4.25715e-06 7.73053e-06 -0.0169703 0.0840008 1.08913e-05 -6.07089e-05 -4.25715e-06 1.08913e-05 0.00922169 -0.0168362 7.73053e-06 -6.07089e-05 -0.0168362 0.0830659 
0.00916658 -0.0168999 -1.23049e-05 2.21892e-05 -0.0168999 0.0836692 2.39643e-05 -9.70808e-05 -1.23049e-05 2.39643e-05 0.00920653 -0.0167886 2.21892e-05 -9.70808e-05 -0.0167886 0.0828331 
0.00915004 -0.0168748 -8.66124e-06 3.49327e-05 -0.0168748 0.0835202 3.22487e-05 -0.000129603 -8.66124e-06 3.22487e-05 0.00920348 -0.0167822 3.49327e-05 -0.000129603 -0.0167822 0.0827535 
0.00915211 -0.016876 -9.11463e-06 3.38731e-05 -0.016876 0.0835237 2.83104e-05 -0.000140982 -9.11463e-06 2.83104e-05 0.00920006 -0.0167982 3.38731e-05 -0.000140982 -0.0167982 0.0828059 
0.0091706 -0.0169085 -6.21807e-06 3.40189e-05 -0.0169085 0.0836728 2.91385e-05 -0.000144886 -6.21807e-06 2.91385e-05 0.0092124 -0.016823 3.40189e-05 -0.000144886 -0.016823 0.0829589 
0.00914728 -0.0168939 -1.62644e-06 2.86728e-05 -0.0168939 0.0835877 2.64857e-05 -0.000139847 -1.62644e-06 2.64857e-05 0.00922144 -0.0167969 2.86728e-05 -0.000139847 -0.0167969 0.082849 
0.00914427 -0.0168841 -1.53306e-06 1.9498e-05 -0.0168841 0.0835966 2.07494e-05 -0.000123845 -1.53306e-06 2.07494e-05 0.00923078 -0.0168258 1.9498e-05 -0.000123845 -0.0168258 0.0829044 
0.00916226 -0.0169071 -1.61389e-05 1.61991e-05 -0.0169071 0.0837281 1.93405e-05 -0.000109739 -1.61389e-05 1.93405e-05 0.00924512 -0.01687 1.61991e-05 -0.000109739 -0.01687 0.0831053 
0.00919796 -0.0169555 -1.36374e-05 3.50402e-05 -0.0169555 0.0839562 3.683e-05 -0.000132001 -1.36374e-05 3.683e-05 0.0092587 -0.016914 3.50402e-05 -0.000132001 -0.016914 0.0833529 
0.00919711 -0.016965 -1.47279e-06 3.57403e-05 -0.016965 0.0839576 3.62222e-05 -0.00014972 -1.47279e-06 3.62222e-05 0.0092521 -0.0168908 3.57403e-05 -0.00014972 -0.0168908 0.0833003 
0.00921814 -0.0169832 4.18593e-06 2.34504e-05 -0.0169832 0.0840524 2.14654e-05 -0.000136166 4.18593e-06 2.14654e-05 0.00924364 -0.0168986 2.34504e-05 -0.000136166 -0.0168986 0.0833447 
0.00922655 -0.0169868 1.00695e-05 2.01911e-05 -0.0169868 0.0840251 1.56508e-05 -0.000123413 1.00695e-05 1.56508e-05 0.00921378 -0.0168652 2.01911e-05 -0.000123413 -0.0168652 0.0832425 
0.00920689 -0.0169399 1.73527e-05 1.64297e-05 -0.0169399 0.0837426 8.85894e-06 -0.000114939 1.73527e-05 8.85894e-06 0.00916051 -0.0167678 1.64297e-05 -0.000114939 -0.0167678 0.082844 
0.00921747 -0.0169531 2.28422e-05 6.69949e-06 -0.0169531 0.0837554 1.43033e-06 -0.000101102 2.28422e-05 1.43033e-06 0.00913308 -0.0167356 6.69949e-06 -0.000101102 -0.0167356 0.0827287 
0.00920262 -0.0169658 1.99883e-05 -4.45847e-06 -0.0169658 0.0837715 -4.22959e-06 -8.07332e-05 1.99883e-05 -4.22959e-06 0.00913101 -0.0166971 -4.45847e-06 -8.07332e-05 -0.0166971 0.0826087 
0.00918169 -0.0169418 7.75905e-06 -3.86648e-06 -0.0169418 0.0837147 -6.06317e-07 -7.29807e-05 7.75905e-06 -6.06317e-07 0.00913516 -0.016684 -3.86648e-06 -7.29807e-05 -0.016684 0.082505 
0.00915407 -0.0168947 -2.7115e-06 9.25627e-06 -0.0168947 0.0835412 1.37128e-05 -9.01193e-05 -2.7115e-06 1.37128e-05 0.00913674 -0.0166721 9.25627e-06 -9.01193e-05 -0.0166721 0.0823841 
0.00913202 -0.0168442 -1.35965e-05 2.26749e-05 -0.0168442 0.0833348 2.59368e-05 -0.000118708 -1.35965e-05 2.59368e-05 0.00912767 -0.0166667 2.26749e-05 -0.000118708 -0.0166667 0.0822874 
0.00913455 -0.016823 -1.58441e-05 3.44855e-05 -0.016823 0.0832363 3.63617e-05 -0.000144431 -1.58441e-05 3.63617e-05 0.00910976 -0.016671 3.44855e-05 -0.000144431 -0.016671 0.0822903 
0.0091345 -0.0168363 -1.00583e-05 3.51213e-05 -0.0168363 0.0832549 3.76367e-05 -0.000152017 -1.00583e-05 3.76367e-05 0.00911019 -0.0166662 3.51213e-05 -0.000152017 -0.0166662 0.0823312 
0.00912951 -0.0168587 -8.2686e-06 2.71488e-05 -0.0168587 0.083379 2.995e-05 -0.000139478 -8.2686e-06 2.995e-05 0.00914136 -0.0166898 2.71488e-05 -0.000139478 -0.0166898 0.0824589 
0.00909177 -0.0167811 5.37964e-06 2.34248e-05 -0.0167811 0.0830777 2.52676e-05 -0.000122429 5.37964e-06 2.52676e-05 0.00913519 -0.0166623 2.34248e-05 -0.000122429 -0.0166623 0.08225 
0.00906087 -0.0167256 1.3622e-05 6.97395e-06 -0.0167256 0.0828257 9.54128e-06 -9.15608e-05 1.3622e-05 9.54128e-06 0.00913125 -0.0166524 6.97395e-06 -9.15608e-05 -0.0166524 0.0821267 
0.00906063 -0.016735 1.46515e-05 -5.96505e-06 -0.016735 0.0828848 -1.57173e-06 -5.56491e-05 1.46515e-05 -1.57173e-06 0.00914543 -0.0166947 -5.96505e-06 -5.56491e-05 -0.0166947 0.0822888 
0.0090415 -0.0167001 2.23242e-05 -5.28683e-06 -0.0167001 0.0827414 -8.33831e-07 -4.41727e-05 2.23242e-05 -8.33831e-07 0.00913221 -0.0166783 -5.28683e-06 -4.41727e-05 -0.0166783 0.0822174 
0.00906075 -0.0167142 2.56561e-05 -1.44728e-05 -0.0167142 0.0828293 -9.29948e-06 -3.02214e-05 2.56561e-05 -9.29948e-06 0.00912953 -0.0167002 -1.44728e-05 -3.02214e-05 -0.0167002 0.0823423 
0.00904476 -0.0166581 1.06198e-05 -2.10153e-05 -0.0166581 0.0825111 -1.33159e-05 -1.3692e-05 1.06198e-05 -1.33159e-05 0.00908691 -0.016615 -2.10153e-05 -1.3692e-05 -0.016615 0.0819916 
0.00903947 -0.016657 5.5613e-06 -3.2768e-06 -0.016657 0.0824221 3.13228e-06 -3.10835e-05 5.5613e-06 3.13228e-06 0.00907002 -0.0165745 -3.2768e-06 -3.10835e-05 -0.0165745 0.0818115 
0.00908656 -0.0167306 -2.99912e-06 7.62154e-06 -0.0167306 0.0827613 1.02719e-05 -6.02518e-05 -2.99912e-06 1.02719e-05 0.00907475 -0.0166308 7.62154e-06 -6.02518e-05 -0.0166308 0.0820769 
0.00909109 -0.0167515 -5.29661e-06 2.11863e-05 -0.0167515 0.0828128 1.85959e-05 -8.87107e-05 -5.29661e-06 1.85959e-05 0.00905484 -0.0165943 2.11863e-05 -8.87107e-05 -0.0165943 0.0820066 
0.0090967 -0.0167632 -3.97285e-06 2.54819e-05 -0.0167632 0.0828712 2.01026e-05 -0.000105424 -3.97285e-06 2.01026e-05 0.00903503 -0.0165705 2.54819e-05 -0.000105424 -0.0165705 0.0819456 
0.00908791 -0.016758 -4.51189e-06 2.24666e-05 -0.016758 0.0828487 1.94313e-05 -0.00010694 -4.51189e-06 1.94313e-05 0.00902186 -0.0165339 2.24666e-05 -0.00010694 -0.0165339 0.0818274 
0.00908639 -0.0167543 2.25802e-06 2.23048e-05 -0.0167543 0.0828632 2.08262e-05 -0.000107662 2.25802e-06 2.08262e-05 0.00902403 -0.0165292 2.23048e-05 -0.000107662 -0.0165292 0.081808 
0.00907353 -0.0167353 1.61897e-05 1.35188e-05 -0.0167353 0.0827946 1.10983e-05 -9.28261e-05 1.61897e-05 1.10983e-05 0.00902803 -0.0165241 1.35188e-05 -9.28261e-05 -0.0165241 0.0817649 
0.00904351 -0.0167014 6.20628e-06 -4.98e-06 -0.0167014 0.0826582 -8.13086e-06 -5.39429e-05 6.20628e-06 -8.13086e-06 0.00903845 -0.0165198 -4.98e-06 -5.39429e-05 -0.0165198 0.0817032 
0.00901316 -0.016633 -5.07624e-06 4.98631e-06 -0.016633 0.0823926 2.71782e-06 -4.87043e-05 -5.07624e-06 2.71782e-06 0.00902106 -0.0165093 4.98631e-06 -4.87043e-05 -0.0165093 0.0815739 
0.00901176 -0.0166012 -4.27299e-06 2.0656e-05 -0.0166012 0.0822461 1.93762e-05 -7.97237e-05 -4.27299e-06 1.93762e-05 0.00899982 -0.0165009 2.0656e-05 -7.97237e-05 -0.0165009 0.0815377 
0.00900503 -0.0165669 -2.80627e-06 2.00326e-05 -0.0165669 0.0820234 2.10497e-05 -9.70637e-05 -2.80627e-06 2.10497e-05 0.00896183 -0.0164468 2.00326e-05 -9.70637e-05 -0.0164468 0.0813322 
0.00900576 -0.0165807 1.11411e-05 1.56549e-05 -0.0165807 0.0820144 1.90003e-05 -9.52739e-05 1.11411e-05 1.90003e-05 0.00894646 -0.0164161 1.56549e-05 -9.52739e-05 -0.0164161 0.0812467 
0.00897755 -0.0165649 2.08002e-05 -1.17498e-06 -0.0165649 0.0819197 2.54719e-06 -6.76789e-05 2.08002e-05 2.54719e-06 0.00894139 -0.0163732 -1.17498e-06 -6.76789e-05 -0.0163732 0.0810639 
0.00894985 -0.0165307 1.61284e-05 -1.2048e-05 -0.0165307 0.0818146 -1.16367e-05 -3.34491e-05 1.61284e-05 -1.16367e-05 0.00894508 -0.0163625 -1.2048e-05 -3.34491e-05 -0.0163625 0.0809547 
0.00894723 -0.0165505 1.7649e-05 -3.07539e-06 -0.0165505 0.0819775 -9.07104e-06 -2.8797e-05 1.7649e-05 -9.07104e-06 0.00898226 -0.0164236 -3.07539e-06 -2.8797e-05 -0.0164236 0.0811918 
0.00893809 -0.0165377 9.28505e-06 2.01884e-07 -0.0165377 0.0820033 -1.13581e-05 -3.54267e-05 9.28505e-06 -1.13581e-05 0.00899781 -0.0164622 2.01884e-07 -3.54267e-05 -0.0164622 0.0813359 
0.00891163 -0.0164542 3.70329e-06 1.16713e-05 -0.0164542 0.0816484 -3.6595e-07 -5.63574e-05 3.70329e-06 -3.6595e-07 0.00895699 -0.0164137 1.16713e-05 -5.63574e-05 -0.0164137 0.0810951 
0.00887291 -0.0163704 4.75676e-06 1.67104e-05 -0.0163704 0.0811966 9.52588e-06 -7.96428e-05 4.75676e-06 9.52588e-06 0.00891509 -0.0163211 1.67104e-05 -7.96428e-05 -0.0163211 0.0806864 
0.00886539 -0.0163445 1.14728e-05 1.08147e-05 -0.0163445 0.0810309 8.87962e-06 -8.16175e-05 1.14728e-05 8.87962e-06 0.00889382 -0.016294 1.08147e-05 -8.16175e-05 -0.016294 0.0805326 
0.00887709 -0.0163718 1.28642e-05 1.46301e-07 -0.0163718 0.0811268 -2.24362e-07 -6.24522e-05 1.28642e-05 -2.24362e-07 0.00890001 -0.0163131 1.46301e-07 -6.24522e-05 -0.0163131 0.0806348 
0.00886817 -0.0163737 1.03389e-05 -2.28429e-06 -0.0163737 0.0811303 -3.3682e-06 -4.73162e-05 1.03389e-05 -3.3682e-06 0.00890469 -0.0163112 -2.28429e-06 -4.73162e-05 -0.0163112 0.0806399 
0.00887488 -0.0163702 6.2687e-06 3.59049e-06 -0.0163702 0.0811482 -6.17758e-07 -5.03618e-05 6.2687e-06 -6.17758e-07 0.00889991 -0.0163252 3.59049e-06 -5.03618e-05 -0.0163252 0.0806898 
0.00888013 -0.0163877 3.17146e-06 1.16057e-05 -0.0163877 0.0812109 5.91682e-06 -6.8273e-05 3.17146e-06 5.91682e-06 0.00890068 -0.0163275 1.16057e-05 -6.8273e-05 -0.0163275 0.0807471 
0.00887749 -0.0163777 7.94908e-06 1.58508e-05 -0.0163777 0.0811674 1.29651e-05 -8.74548e-05 7.94908e-06 1.29651e-05 0.00888728 -0.0163077 1.58508e-05 -8.74548e-05 -0.0163077 0.0806751 
0.00888667 -0.0163633 1.94333e-06 7.07032e-06 -0.0163633 0.081088 8.37456e-06 -8.46372e-05 1.94333e-06 8.37456e-06 0.0088578 -0.0162797 7.07032e-06 -8.46372e-05 -0.0162797 0.0805639 
0.00888664 -0.0163888 -2.38748e-06 1.1171e-05 -0.0163888 0.0811399 1.61406e-05 -8.81233e-05 -2.38748e-06 1.61406e-05 0.00885718 -0.0162561 1.1171e-05 -8.81233e-05 -0.0162561 0.0805237 
0.00889416 -0.0164159 -4.92435e-06 1.59871e-05 -0.0164159 0.0812905 2.23303e-05 -0.000100263 -4.92435e-06 2.23303e-05 0.0088742 -0.0162731 1.59871e-05 -0.000100263 -0.0162731 0.0806012 
0.0088782 -0.0163917 -2.00049e-06 1.95955e-05 -0.0163917 0.0812064 2.58164e-05 -0.00011079 -2.00049e-06 2.58164e-05 0.00887734 -0.016262 1.95955e-05 -0.00011079 -0.016262 0.0805139 
0.0088881 -0.0164214 -1.10297e-06 1.57743e-05 -0.0164214 0.0813805 2.17176e-05 -0.000108267 -1.10297e-06 2.17176e-05 0.00890823 -0.0163155 1.57743e-05 -0.000108267 -0.0163155 0.0807281 
0.00888824 -0.0163726 1.93125e-06 1.21777e-05 -0.0163726 0.0811803 1.93789e-05 -9.81911e-05 1.93125e-06 1.93789e-05 0.00887489 -0.0162956 1.21777e-05 -9.81911e-05 -0.0162956 0.0805968 
0.00890287 -0.0164021 2.57182e-06 6.33638e-06 -0.0164021 0.0812354 1.39813e-05 -8.28892e-05 2.57182e-06 1.39813e-05 0.00886535 -0.016285 6.33638e-06 -8.28892e-05 -0.016285 0.0806212 
0.00890257 -0.0164341 -5.75684e-06 5.45899e-06 -0.0164341 0.0813598 1.1533e-05 -7.13566e-05 -5.75684e-06 1.1533e-05 0.00888898 -0.0162835 5.45899e-06 -7.13566e-05 -0.0162835 0.0806625 
0.00886511 -0.016366 -7.96427e-06 1.62992e-05 -0.016366 0.0810762 1.78165e-05 -7.68955e-05 -7.96427e-06 1.78165e-05 0.00887572 -0.0162414 1.62992e-05 -7.68955e-05 -0.0162414 0.0803796 
0.00885856 -0.0163499 -1.81192e-06 2.23278e-05 -0.0163499 0.0810248 2.10615e-05 -9.11789e-05 -1.81192e-06 2.10615e-05 0.00888936 -0.0162644 2.23278e-05 -9.11789e-05 -0.0162644 0.0804118 
0.00884235 -0.0163319 1.2956e-05 1.60861e-05 -0.0163319 0.0809398 1.23468e-05 -8.47908e-05 1.2956e-05 1.23468e-05 0.00890338 -0.0162754 1.60861e-05 -8.47908e-05 -0.0162754 0.0804152 
0.00883832 -0.016358 2.25116e-05 7.66003e-07 -0.016358 0.0810929 -4.18945e-06 -5.80543e-05 2.25116e-05 -4.18945e-06 0.00894465 -0.0163371 7.66003e-07 -5.80543e-05 -0.0163371 0.0806562 
0.00883865 -0.0163655 2.2594e-05 -1.14397e-05 -0.0163655 0.0812125 -1.48939e-05 -2.8302e-05 2.2594e-05 -1.48939e-05 0.00897442 -0.0163978 -1.14397e-05 -2.8302e-05 -0.0163978 0.0808906 
0.00885636 -0.0163499 1.85956e-05 -1.1421e-05 -0.0163499 0.081192 -1.35199e-05 -1.90728e-05 1.85956e-05 -1.35199e-05 0.00895713 -0.0164213 -1.1421e-05 -1.90728e-05 -0.0164213 0.0809848 
0.00888789 -0.0163739 -6.18099e-06 -7.3022e-06 -0.0163739 0.0812341 -8.6229e-06 -2.49216e-05 -6.18099e-06 -8.6229e-06 0.00893092 -0.0164037 -7.3022e-06 -2.49216e-05 -0.0164037 0.0810102 
0.00889076 -0.0163947 -2.61045e-05 2.00842e-05 -0.0163947 0.0812315 2.0609e-05 -7.024e-05 -2.61045e-05 2.0609e-05 0.00892189 -0.0163502 2.00842e-05 -7.024e-05 -0.0163502 0.0808671 
0.00890517 -0.0164041 -3.24498e-05 4.4333e-05 -0.0164041 0.0812644 4.85386e-05 -0.000134519 -3.24498e-05 4.85386e-05 0.00890882 -0.0163403 4.4333e-05 -0.000134519 -0.0163403 0.0807956 
0.00891811 -0.0164666 -2.35649e-05 5.01763e-05 -0.0164666 0.081523 5.69574e-05 -0.000170408 -2.35649e-05 5.69574e-05 0.0089392 -0.0163702 5.01763e-05 -0.000170408 -0.0163702 0.0809715 
0.00891356 -0.0164568 -3.25182e-06 3.76722e-05 -0.0164568 0.0815335 4.40418e-05 -0.000159552 -3.25182e-06 4.40418e-05 0.00894892 -0.0163794 3.76722e-05 -0.000159552 -0.0163794 0.0809748 
0.00891402 -0.0164671 4.50908e-06 1.00624e-05 -0.0164671 0.0816047 1.57417e-05 -0.000102667 4.50908e-06 1.57417e-05 0.0089676 -0.016408 1.00624e-05 -0.000102667 -0.016408 0.0810811 
0.00892608 -0.0164671 -2.25048e-06 -1.20889e-06 -0.0164671 0.0816365 1.72931e-06 -5.10004e-05 -2.25048e-06 1.72931e-06 0.00896706 -0.0164291 -1.20889e-06 -5.10004e-05 -0.0164291 0.0811572 
0.00895686 -0.0165112 -5.23666e-06 6.36272e-06 -0.0165112 0.0818195 7.00396e-06 -3.91091e-05 -5.23666e-06 7.00396e-06 0.00898225 -0.0164579 6.36272e-06 -3.91091e-05 -0.0164579 0.0813361 
0.00898469 -0.0165698 4.10189e-07 1.36387e-05 -0.0165698 0.0820608 1.19463e-05 -4.99346e-05 4.10189e-07 1.19463e-05 0.00900505 -0.0164888 1.36387e-05 -4.99346e-05 -0.0164888 0.0815131 
0.00901302 -0.0166161 -2.8077e-06 9.97318e-06 -0.0166161 0.0822762 7.71362e-06 -5.26232e-05 -2.8077e-06 7.71362e-06 0.00901921 -0.0165208 9.97318e-06 -5.26232e-05 -0.0165208 0.0816645 
0.00902516 -0.0166568 -3.94537e-06 1.37518e-05 -0.0166568 0.082448 1.27653e-05 -5.95804e-05 -3.94537e-06 1.27653e-05 0.00903065 -0.0165346 1.37518e-05 -5.95804e-05 -0.0165346 0.0817557 
0.00901539 -0.0166792 -6.19471e-06 1.49726e-05 -0.0166792 0.0825855 1.50872e-05 -6.74305e-05 -6.19471e-06 1.50872e-05 0.00906388 -0.0165524 1.49726e-05 -6.74305e-05 -0.0165524 0.081842 
0.00899217 -0.016617 7.35921e-07 1.82837e-05 -0.016617 0.0823881 1.90716e-05 -7.7951e-05 7.35921e-07 1.90716e-05 0.0090626 -0.0165495 1.82837e-05 -7.7951e-05 -0.0165495 0.0817262 
0.00898946 -0.0166109 -4.75182e-08 1.16498e-05 -0.0166109 0.0823722 1.19499e-05 -7.45068e-05 -4.75182e-08 1.19499e-05 0.00907772 -0.0165796 1.16498e-05 -7.45068e-05 -0.0165796 0.0818244 
0.00899002 -0.0165802 -3.74108e-07 1.29778e-05 -0.0165802 0.0822353 1.18244e-05 -7.21597e-05 -3.74108e-07 1.18244e-05 0.00906717 -0.0165776 1.29778e-05 -7.21597e-05 -0.0165776 0.0817846 
0.00901148 -0.0166033 5.94119e-06 1.76061e-05 -0.0166033 0.0822907 1.22283e-05 -7.98281e-05 5.94119e-06 1.22283e-05 0.00906986 -0.0165932 1.76061e-05 -7.98281e-05 -0.0165932 0.0818745 
0.00901877 -0.0166153 9.77943e-06 1.11047e-05 -0.0166153 0.0822834 2.78744e-06 -7.18912e-05 9.77943e-06 2.78744e-06 0.00906776 -0.0165795 1.11047e-05 -7.18912e-05 -0.0165795 0.0818347 
0.00906125 -0.0166872 1.05686e-05 3.09202e-06 -0.0166872 0.0825901 -3.54751e-06 -5.33019e-05 1.05686e-05 -3.54751e-06 0.00908633 -0.0166286 3.09202e-06 -5.33019e-05 -0.0166286 0.0820737 
0.00910215 -0.0167526 8.81987e-06 1.17626e-06 -0.0167526 0.0828595 -2.12294e-06 -4.53938e-05 8.81987e-06 -2.12294e-06 0.00908689 -0.0166528 1.17626e-06 -4.53938e-05 -0.0166528 0.0822364 
0.0091221 -0.0168052 -1.66412e-06 3.10314e-06 -0.0168052 0.083062 4.28935e-06 -5.23203e-05 -1.66412e-06 4.28935e-06 0.00908608 -0.0166456 3.10314e-06 -5.23203e-05 -0.0166456 0.0822813 
0.00913806 -0.016842 5.68217e-06 1.54818e-05 -0.016842 0.0832464 1.88161e-05 -7.83491e-05 5.68217e-06 1.88161e-05 0.00908635 -0.0166485 1.54818e-05 -7.83491e-05 -0.0166485 0.0823296 
0.00913364 -0.0168351 1.94115e-05 1.03809e-05 -0.0168351 0.0832297 1.19366e-05 -8.61366e-05 1.94115e-05 1.19366e-05 0.00908217 -0.0166233 1.03809e-05 -8.61366e-05 -0.0166233 0.0822339 
0.00913591 -0.0168264 1.6781e-05 -5.08073e-06 -0.0168264 0.0832018 -5.52849e-06 -6.0455e-05 1.6781e-05 -5.52849e-06 0.00907074 -0.0166168 -5.08073e-06 -6.0455e-05 -0.0166168 0.0821801 
0.00912814 -0.0168351 -7.59796e-07 -7.00525e-06 -0.0168351 0.0832215 -5.94203e-06 -4.09848e-05 -7.59796e-07 -5.94203e-06 0.00907517 -0.0166095 -7.00525e-06 -4.09848e-05 -0.0166095 0.0821697 
0.00911929 -0.016829 -1.11118e-05 1.30884e-05 -0.016829 0.0832331 1.59538e-05 -6.65241e-05 -1.11118e-05 1.59538e-05 0.0090768 -0.0166156 1.30884e-05 -6.65241e-05 -0.0166156 0.0821819 
0.00910499 -0.0168049 -8.49143e-06 2.81157e-05 -0.0168049 0.0831604 3.01319e-05 -0.000105658 -8.49143e-06 3.01319e-05 0.009075 -0.0166083 2.81157e-05 -0.000105658 -0.0166083 0.0821455 
0.00906913 -0.016751 -2.04045e-06 2.81095e-05 -0.016751 0.0829238 2.5901e-05 -0.000118982 -2.04045e-06 2.5901e-05 0.00906703 -0.01657 2.81095e-05 -0.000118982 -0.01657 0.0819515 
0.00905909 -0.0167181 1.62594e-06 2.08087e-05 -0.0167181 0.0828081 1.55883e-05 -0.000106123 1.62594e-06 1.55883e-05 0.00906556 -0.0165743 2.08087e-05 -0.000106123 -0.0165743 0.0819141 
0.0090458 -0.0166748 -4.64679e-06 1.70186e-05 -0.0166748 0.082589 1.25549e-05 -9.55931e-05 -4.64679e-06 1.25549e-05 0.00904796 -0.0165484 1.70186e-05 -9.55931e-05 -0.0165484 0.0817687 
0.00902448 -0.0166539 -1.5194e-05 2.16091e-05 -0.0166539 0.0824434 2.21447e-05 -0.000101965 -1.5194e-05 2.21447e-05 0.00904658 -0.0165236 2.16091e-05 -0.000101965 -0.0165236 0.0816476 
0.00902246 -0.0166316 -2.77041e-05 3.18418e-05 -0.0166316 0.0823544 3.58751e-05 -0.000125037 -2.77041e-05 3.58751e-05 0.00903047 -0.0165259 3.18418e-05 -0.000125037 -0.0165259 0.0816014 
0.00902638 -0.0166584 -2.23895e-05 4.78841e-05 -0.0166584 0.0824549 5.0158e-05 -0.000158866 -2.23895e-05 5.0158e-05 0.00903818 -0.0165412 4.78841e-05 -0.000158866 -0.0165412 0.0817146 
0.00901334 -0.0166491 -2.2794e-05 4.39462e-05 -0.0166491 0.0824408 4.27518e-05 -0.00016608 -2.2794e-05 4.27518e-05 0.00903405 -0.0165364 4.39462e-05 -0.00016608 -0.0165364 0.0817065 
0.00899435 -0.0166167 -8.57916e-06 4.25094e-05 -0.0166167 0.0823307 4.24227e-05 -0.000161893 -8.57916e-06 4.24227e-05 0.00902647 -0.0165184 4.25094e-05 -0.000161893 -0.0165184 0.0816299 
0.0089983 -0.0166119 6.10624e-06 2.31156e-05 -0.0166119 0.0823461 2.66633e-05 -0.000134304 6.10624e-06 2.66633e-05 0.00903055 -0.0165347 2.31156e-05 -0.000134304 -0.0165347 0.0817037 
0.00897976 -0.0165912 1.31946e-05 5.13697e-06 -0.0165912 0.0822442 6.57963e-06 -8.86261e-05 1.31946e-05 6.57963e-06 0.00903549 -0.0165199 5.13697e-06 -8.86261e-05 -0.0165199 0.0816464 
0.00894306 -0.0165236 8.64504e-06 1.40343e-06 -0.0165236 0.0819453 -3.98459e-06 -5.9541e-05 8.64504e-06 -3.98459e-06 0.00902346 -0.0164822 1.40343e-06 -5.9541e-05 -0.0164822 0.0814133 
0.00895453 -0.0165309 4.69007e-06 1.25917e-05 -0.0165309 0.0819961 3.50582e-06 -6.95028e-05 4.69007e-06 3.50582e-06 0.00903383 -0.0165208 1.25917e-05 -6.95028e-05 -0.0165208 0.081546 
0.00897938 -0.0165646 -1.99328e-06 2.00614e-05 -0.0165646 0.0821452 1.18104e-05 -9.54376e-05 -1.99328e-06 1.18104e-05 0.0090463 -0.0165597 2.00614e-05 -9.54376e-05 -0.0165597 0.0817453 
0.00898891 -0.016573 -7.24011e-06 2.94389e-05 -0.016573 0.082159 2.31266e-05 -0.000125261 -7.24011e-06 2.31266e-05 0.00904477 -0.0165574 2.94389e-05 -0.000125261 -0.0165574 0.0817647 
0.00898439 -0.0165703 -6.89941e-06 3.69964e-05 -0.0165703 0.0821114 3.13148e-05 -0.000153329 -6.89941e-06 3.13148e-05 0.00903765 -0.0165401 3.69964e-05 -0.000153329 -0.0165401 0.0816937 
0.00897275 -0.0165391 -8.3383e-06 3.78859e-05 -0.0165391 0.0819534 2.99869e-05 -0.000164806 -8.3383e-06 2.99869e-05 0.0090166 -0.0165073 3.78859e-05 -0.000164806 -0.0165073 0.0815267 
0.00897553 -0.0165602 1.03098e-06 4.08895e-05 -0.0165602 0.0820296 2.95541e-05 -0.000170448 1.03098e-06 2.95541e-05 0.00902028 -0.0165172 4.08895e-05 -0.000170448 -0.0165172 0.0815854 
0.00897016 -0.0165707 1.07874e-05 3.09731e-05 -0.0165707 0.0821025 1.79407e-05 -0.000157364 1.07874e-05 1.79407e-05 0.00902531 -0.0165259 3.09731e-05 -0.000157364 -0.0165259 0.0816426 
0.00896101 -0.0165598 1.81091e-05 1.54693e-05 -0.0165598 0.0821032 5.98905e-06 -0.000126826 1.81091e-05 5.98905e-06 0.00902853 -0.0165272 1.54693e-05 -0.000126826 -0.0165272 0.0816566 
0.00895701 -0.0165501 2.26232e-05 7.92241e-07 -0.0165501 0.0820999 -1.99062e-06 -9.38994e-05 2.26232e-05 -1.99062e-06 0.00902943 -0.0165358 7.92241e-07 -9.38994e-05 -0.0165358 0.0816947 
0.0089033 -0.0164407 1.08274e-05 -7.55926e-06 -0.0164407 0.0815841 -5.14928e-06 -7.102e-05 1.08274e-05 -5.14928e-06 0.00899208 -0.0164396 -7.55926e-06 -7.102e-05 -0.0164396 0.0812302 
0.00889133 -0.0163887 -7.43429e-06 3.47585e-06 -0.0163887 0.0813177 8.96034e-06 -7.94177e-05 -7.43429e-06 8.96034e-06 0.00895657 -0.0164086 3.47585e-06 -7.94177e-05 -0.0164086 0.0810193 
0.00891553 -0.0164271 -9.6418e-06 2.50077e-05 -0.0164271 0.0814338 3.34157e-05 -0.000120843 -9.6418e-06 3.34157e-05 0.00894693 -0.0164191 2.50077e-05 -0.000120843 -0.0164191 0.0811184 
