0.00773996 0 4.56288e-05 0 0 0.0109728 0 0 4.56288e-05 0 0.00772138 0 0 0 0 0.0109728 
0.00945895 -0.0117408 3.60783e-05 -4.10717e-05 -0.0117408 0.0311899 -4.10717e-05 7.89469e-05 3.60783e-05 -4.10717e-05 0.00942762 -0.0117015 -4.10717e-05 7.89469e-05 -0.0117015 0.0311142 
0.00974537 -0.0181419 5.24113e-06 5.10348e-05 -0.0181419 0.0668854 5.10348e-05 -0.000193326 5.24113e-06 5.10348e-05 0.0096971 -0.0180527 5.10348e-05 -0.000193326 -0.0180527 0.0665903 
0.00921436 -0.0178297 -8.97393e-06 0.000174748 -0.0178297 0.0799603 0.000175369 -0.000921832 -8.97393e-06 0.000175369 0.00917017 -0.0176864 0.000174748 -0.000921832 -0.0176864 0.0793382 
0.00895808 -0.016782 -9.50219e-07 0.000162888 -0.016782 0.0810481 0.000168437 -0.0011585 -9.50219e-07 0.000168437 0.00890239 -0.0166552 0.000162888 -0.0011585 -0.0166552 0.0803451 
0.00871501 -0.0160955 9.80461e-06 0.000103099 -0.0160955 0.0791153 0.000110344 -0.000920747 9.80461e-06 0.000110344 0.00869836 -0.0159737 0.000103099 -0.000920747 -0.0159737 0.0784958 
0.00845717 -0.0155679 1.65387e-05 6.60487e-05 -0.0155679 0.0768425 7.08635e-05 -0.000644849 1.65387e-05 7.08635e-05 0.00847938 -0.0154979 6.60487e-05 -0.000644849 -0.0154979 0.0763806 
0.00822131 -0.0151092 5.63445e-06 5.17303e-05 -0.0151092 0.0747174 5.40578e-05 -0.00047847 5.63445e-06 5.40578e-05 0.00825942 -0.0150867 5.17303e-05 -0.00047847 -0.0150867 0.0744132 
0.0112677 -0.0206513 -1.98915e-05 9.29039e-05 -0.0206513 0.102181 9.33177e-05 -0.000606899 -1.98915e-05 9.33177e-05 0.0113024 -0.0206553 9.29039e-05 -0.000606899 -0.0206553 0.101914 
0.0111092 -0.0203226 -1.98361e-05 0.000132803 -0.0203226 0.100452 0.000130177 -0.000656372 -1.98361e-05 0.000130177 0.0111097 -0.0203041 0.000132803 -0.000656372 -0.0203041 0.100205 
0.0110247 -0.0201729 -2.10259e-05 0.000142524 -0.0201729 0.0995619 0.000136937 -0.000710531 -2.10259e-05 0.000136937 0.0110168 -0.0201097 0.000142524 -0.000710531 -0.0201097 0.0992366 
0.0109878 -0.0201241 -7.76178e-06 0.000146517 -0.0201241 0.0992349 0.000138331 -0.000737706 -7.76178e-06 0.000138331 0.0109767 -0.0200415 0.000146517 -0.000737706 -0.0200415 0.0988257 
0.0109877 -0.0201414 1.91277e-05 0.000130734 -0.0201414 0.0993045 0.00012172 -0.000723944 1.91277e-05 0.00012172 0.0109785 -0.0200582 0.000130734 -0.000723944 -0.0200582 0.0988658 
0.0110161 -0.0202011 2.89424e-05 9.77194e-05 -0.0202011 0.0996235 9.04444e-05 -0.000667685 2.89424e-05 9.04444e-05 0.0110083 -0.0201315 9.77194e-05 -0.000667685 -0.0201315 0.0992148 
0.0109834 -0.0201081 2.9465e-05 7.85323e-05 -0.0201081 0.0991934 7.52911e-05 -0.000604888 2.9465e-05 7.52911e-05 0.0109591 -0.0200513 7.85323e-05 -0.000604888 -0.0200513 0.0988406 
0.0109978 -0.020147 4.00368e-05 7.50303e-05 -0.020147 0.0993241 7.53542e-05 -0.000579774 4.00368e-05 7.53542e-05 0.010973 -0.0200747 7.50303e-05 -0.000579774 -0.0200747 0.0989778 
0.0110281 -0.0202284 3.71724e-05 6.409e-05 -0.0202284 0.0997107 6.72507e-05 -0.000561779 3.71724e-05 6.72507e-05 0.0110124 -0.0201453 6.409e-05 -0.000561779 -0.0201453 0.0993349 
0.0110529 -0.020273 1.77389e-05 6.55094e-05 -0.020273 0.0999645 7.40566e-05 -0.000559875 1.77389e-05 7.40566e-05 0.0110326 -0.0201872 6.55094e-05 -0.000559875 -0.0201872 0.0995563 
0.0110428 -0.0202683 7.96167e-06 8.59231e-05 -0.0202683 0.0999464 9.89855e-05 -0.000595178 7.96167e-06 9.89855e-05 0.0110382 -0.0201661 8.59231e-05 -0.000595178 -0.0201661 0.0994834 
0.0110055 -0.0202191 -5.14622e-06 9.76756e-05 -0.0202191 0.0997366 0.000113774 -0.000634298 -5.14622e-06 0.000113774 0.0110281 -0.0201293 9.76756e-05 -0.000634298 -0.0201293 0.0992548 
0.0109942 -0.0201917 -1.54068e-05 0.000112741 -0.0201917 0.0996656 0.00012852 -0.0006708 -1.54068e-05 0.00012852 0.0110244 -0.0201384 0.000112741 -0.0006708 -0.0201384 0.0992347 
0.0109507 -0.0201181 -7.52457e-06 0.000127071 -0.0201181 0.0993192 0.000136892 -0.000700703 -7.52457e-06 0.000136892 0.0109923 -0.0200765 0.000127071 -0.000700703 -0.0200765 0.0989362 
0.0109255 -0.0200458 1.49858e-05 0.000117996 -0.0200458 0.0989912 0.00012336 -0.00069291 1.49858e-05 0.00012336 0.0109548 -0.0200225 0.000117996 -0.00069291 -0.0200225 0.0986568 
0.0109008 -0.0200114 3.23421e-05 8.88627e-05 -0.0200114 0.0987744 8.98084e-05 -0.000631473 3.23421e-05 8.98084e-05 0.0109398 -0.0199718 8.88627e-05 -0.000631473 -0.0199718 0.0984335 
0.010904 -0.0200023 3.98467e-05 6.30614e-05 -0.0200023 0.0987333 6.13861e-05 -0.000551345 3.98467e-05 6.13861e-05 0.0109281 -0.0199743 6.30614e-05 -0.000551345 -0.0199743 0.0983988 
0.0109104 -0.0200194 3.0055e-05 5.12351e-05 -0.0200194 0.0987823 4.79367e-05 -0.00049373 3.0055e-05 4.79367e-05 0.010925 -0.0199769 5.12351e-05 -0.00049373 -0.0199769 0.0984369 
0.0109176 -0.0200454 3.07855e-06 6.09169e-05 -0.0200454 0.0989093 5.74752e-05 -0.000483895 3.07855e-06 5.74752e-05 0.0109418 -0.0199938 6.09169e-05 -0.000483895 -0.0199938 0.098545 
0.0109301 -0.0200709 -1.93404e-05 9.46832e-05 -0.0200709 0.0990541 9.40402e-05 -0.000540256 -1.93404e-05 9.40402e-05 0.010955 -0.0200239 9.46832e-05 -0.000540256 -0.0200239 0.098681 
0.0109304 -0.0200511 -2.22179e-05 0.00012418 -0.0200511 0.0989673 0.000125082 -0.000617958 -2.22179e-05 0.000125082 0.0109395 -0.0200018 0.00012418 -0.000617958 -0.0200018 0.0985851 
0.0109227 -0.0200604 -3.2166e-05 0.000131385 -0.0200604 0.0989666 0.000133272 -0.000667488 -3.2166e-05 0.000133272 0.01094 -0.0199866 0.000131385 -0.000667488 -0.0199866 0.0985338 
0.0109498 -0.0201193 -3.77401e-05 0.00014332 -0.0201193 0.099282 0.000147415 -0.000704701 -3.77401e-05 0.000147415 0.0109687 -0.0200467 0.00014332 -0.000704701 -0.0200467 0.0988108 
0.0109453 -0.0201252 -2.4958e-05 0.000148183 -0.0201252 0.0993457 0.000154891 -0.000729155 -2.4958e-05 0.000154891 0.0109812 -0.0200565 0.000148183 -0.000729155 -0.0200565 0.0988697 
0.0109554 -0.0201458 -1.12266e-05 0.00012951 -0.0201458 0.0994965 0.000141412 -0.000712805 -1.12266e-05 0.000141412 0.0110044 -0.0200967 0.00012951 -0.000712805 -0.0200967 0.0990463 
0.0109512 -0.0201127 -2.67211e-07 0.000109553 -0.0201127 0.0993588 0.000123727 -0.000668523 -2.67211e-07 0.000123727 0.0109916 -0.0200762 0.000109553 -0.000668523 -0.0200762 0.0989381 
0.0109554 -0.0201121 8.392e-06 9.61487e-05 -0.0201121 0.0993109 0.000108074 -0.000624741 8.392e-06 0.000108074 0.0109757 -0.0200615 9.61487e-05 -0.000624741 -0.0200615 0.0988728 
0.0109662 -0.0201111 1.49875e-05 8.7691e-05 -0.0201111 0.0992684 9.5219e-05 -0.000591863 1.49875e-05 9.5219e-05 0.0109469 -0.020033 8.7691e-05 -0.000591863 -0.020033 0.0987695 
0.010966 -0.0201088 1.79535e-05 8.10936e-05 -0.0201088 0.0991902 8.40009e-05 -0.000565063 1.79535e-05 8.40009e-05 0.0109153 -0.0199786 8.10936e-05 -0.000565063 -0.0199786 0.0985754 
0.0109451 -0.0200661 1.32893e-05 8.01948e-05 -0.0200661 0.0989452 7.7991e-05 -0.000547296 1.32893e-05 7.7991e-05 0.0108684 -0.0198981 8.01948e-05 -0.000547296 -0.0198981 0.0982193 
0.0108973 -0.0199819 -3.31354e-06 8.68263e-05 -0.0199819 0.0985001 8.08668e-05 -0.000547308 -3.31354e-06 8.08668e-05 0.0108118 -0.0197853 8.68263e-05 -0.000547308 -0.0197853 0.0976932 
0.0108716 -0.0199509 -1.82383e-05 0.000108942 -0.0199509 0.0983289 0.000100942 -0.000583546 -1.82383e-05 0.000100942 0.0107954 -0.0197383 0.000108942 -0.000583546 -0.0197383 0.0974614 
0.0108721 -0.0199738 -1.9517e-05 0.000131579 -0.0199738 0.0984614 0.000122117 -0.000640318 -1.9517e-05 0.000122117 0.0108168 -0.0197715 0.000131579 -0.000640318 -0.0197715 0.0975854 
0.0108621 -0.0199598 -1.34069e-05 0.000131292 -0.0199598 0.0984479 0.000125773 -0.000666387 -1.34069e-05 0.000125773 0.0108198 -0.0197876 0.000131292 -0.000666387 -0.0197876 0.0976278 
0.0108584 -0.0199722 -6.97138e-06 0.000118684 -0.0199722 0.0985438 0.00011915 -0.000656024 -6.97138e-06 0.00011915 0.0108515 -0.0198185 0.000118684 -0.000656024 -0.0198185 0.0977844 
0.0108608 -0.0199827 3.85841e-06 0.000107353 -0.0199827 0.0986594 0.000112822 -0.000634384 3.85841e-06 0.000112822 0.0108781 -0.0198756 0.000107353 -0.000634384 -0.0198756 0.097999 
0.0108803 -0.0199543 4.23961e-06 9.33262e-05 -0.0199543 0.0985752 9.89769e-05 -0.000602188 4.23961e-06 9.89769e-05 0.0108465 -0.0198873 9.33262e-05 -0.000602188 -0.0198873 0.0980366 
0.0108883 -0.0199833 6.09656e-07 8.87505e-05 -0.0199833 0.0986048 9.3849e-05 -0.000574027 6.09656e-07 9.3849e-05 0.01084 -0.0198546 8.87505e-05 -0.000574027 -0.0198546 0.0980248 
0.0108738 -0.0200038 -4.17977e-06 8.95995e-05 -0.0200038 0.0986931 9.28251e-05 -0.000558531 -4.17977e-06 9.28251e-05 0.0108588 -0.0198501 8.95995e-05 -0.000558531 -0.0198501 0.098028 
0.010868 -0.0200129 -1.26643e-05 9.44918e-05 -0.0200129 0.0988453 9.45243e-05 -0.000554127 -1.26643e-05 9.45243e-05 0.0108953 -0.0199073 9.44918e-05 -0.000554127 -0.0199073 0.0982324 
0.0108356 -0.0199472 -6.61954e-06 0.000105263 -0.0199472 0.0986281 0.000105218 -0.000566934 -6.61954e-06 0.000105218 0.0108921 -0.0199072 0.000105263 -0.000566934 -0.0199072 0.0981724 
0.0108053 -0.0198861 -1.54263e-05 0.000100489 -0.0198861 0.098372 0.000101759 -0.000571505 -1.54263e-05 0.000101759 0.0108684 -0.019886 0.000100489 -0.000571505 -0.019886 0.0980539 
0.010757 -0.0197923 -1.47259e-05 0.000110675 -0.0197923 0.0979286 0.000108306 -0.000580063 -1.47259e-05 0.000108306 0.010822 -0.0198025 0.000110675 -0.000580063 -0.0198025 0.0976812 
0.0107118 -0.0196863 -4.21204e-06 0.000110381 -0.0196863 0.0974119 0.000103876 -0.000579602 -4.21204e-06 0.000103876 0.0107604 -0.0197013 0.000110381 -0.000579602 -0.0197013 0.0971986 
0.0106838 -0.0196204 -1.33458e-05 9.51202e-05 -0.0196204 0.0970345 8.89327e-05 -0.000550493 -1.33458e-05 8.89327e-05 0.0107065 -0.0196128 9.51202e-05 -0.000550493 -0.0196128 0.0967971 
0.0106712 -0.019596 -1.1698e-05 0.000102546 -0.019596 0.0968527 9.86211e-05 -0.00054531 -1.1698e-05 9.86211e-05 0.010667 -0.0195532 0.000102546 -0.00054531 -0.0195532 0.0965404 
0.0106607 -0.0195656 4.06642e-06 9.97699e-05 -0.0195656 0.0966611 9.46632e-05 -0.000538615 4.06642e-06 9.46632e-05 0.0106238 -0.019485 9.97699e-05 -0.000538615 -0.019485 0.0962516 
0.0106444 -0.0195733 1.61678e-05 7.83604e-05 -0.0195733 0.0966438 7.3141e-05 -0.000497807 1.61678e-05 7.3141e-05 0.0106291 -0.0194493 7.83604e-05 -0.000497807 -0.0194493 0.0961228 
0.0106335 -0.0195716 2.58239e-05 5.85431e-05 -0.0195716 0.0966836 5.66943e-05 -0.000444335 2.58239e-05 5.66943e-05 0.0106505 -0.0194698 5.85431e-05 -0.000444335 -0.0194698 0.0961438 
0.0106389 -0.0195742 5.8665e-06 4.2042e-05 -0.0195742 0.0967558 4.56723e-05 -0.000398231 5.8665e-06 4.56723e-05 0.0106645 -0.0195195 4.2042e-05 -0.000398231 -0.0195195 0.0963043 
0.0106523 -0.0195878 -1.13118e-05 6.22924e-05 -0.0195878 0.09683 7.02022e-05 -0.000411322 -1.13118e-05 7.02022e-05 0.0106579 -0.0195441 6.22924e-05 -0.000411322 -0.0195441 0.0964402 
0.0106207 -0.0195272 -7.63113e-06 8.5715e-05 -0.0195272 0.0965116 9.37071e-05 -0.000460899 -7.63113e-06 9.37071e-05 0.0106168 -0.0194568 8.5715e-05 -0.000460899 -0.0194568 0.0960958 
0.0105939 -0.0194968 -4.1772e-06 8.19997e-05 -0.0194968 0.096342 8.84654e-05 -0.000475288 -4.1772e-06 8.84654e-05 0.0105952 -0.0194066 8.19997e-05 -0.000475288 -0.0194066 0.095865 
0.0105799 -0.0194924 6.04559e-06 7.37831e-05 -0.0194924 0.0963458 8.11475e-05 -0.000459223 6.04559e-06 8.11475e-05 0.0106014 -0.0194005 7.37831e-05 -0.000459223 -0.0194005 0.0958284 
0.0105844 -0.0194932 1.0121e-05 5.85543e-05 -0.0194932 0.0964098 7.06699e-05 -0.000430563 1.0121e-05 7.06699e-05 0.0106021 -0.0194276 5.85543e-05 -0.000430563 -0.0194276 0.0959177 
0.0105931 -0.0195191 4.14894e-06 4.96874e-05 -0.0195191 0.0965533 6.40787e-05 -0.000401666 4.14894e-06 6.40787e-05 0.0106079 -0.0194512 4.96874e-05 -0.000401666 -0.0194512 0.0960748 
0.0105766 -0.0195035 -5.64896e-06 5.87321e-05 -0.0195035 0.0965181 6.78369e-05 -0.000397708 -5.64896e-06 6.78369e-05 0.0106064 -0.0194363 5.87321e-05 -0.000397708 -0.0194363 0.0960463 
0.0105774 -0.0194864 -5.92085e-06 7.77523e-05 -0.0194864 0.0964941 7.69465e-05 -0.00042234 -5.92085e-06 7.69465e-05 0.0106067 -0.019439 7.77523e-05 -0.00042234 -0.019439 0.0960583 
0.0105859 -0.0194735 -9.36817e-06 8.02034e-05 -0.0194735 0.0964222 7.34838e-05 -0.000432738 -9.36817e-06 7.34838e-05 0.0105963 -0.019428 8.02034e-05 -0.000432738 -0.019428 0.0960146 
0.0105984 -0.0194997 -2.70879e-07 8.33638e-05 -0.0194997 0.0964874 7.76807e-05 -0.000439498 -2.70879e-07 7.76807e-05 0.0106036 -0.0194315 8.33638e-05 -0.000439498 -0.0194315 0.0960566 
0.0106033 -0.0195202 1.29959e-05 7.04872e-05 -0.0195202 0.0965647 6.89965e-05 -0.000426262 1.29959e-05 6.89965e-05 0.0106081 -0.0194403 7.04872e-05 -0.000426262 -0.0194403 0.0960943 
0.0105901 -0.019472 1.83419e-05 5.18459e-05 -0.019472 0.0963403 5.23156e-05 -0.000388476 1.83419e-05 5.23156e-05 0.0105719 -0.0193929 5.18459e-05 -0.000388476 -0.0193929 0.095859 
0.0105823 -0.0194584 2.00671e-05 4.34133e-05 -0.0194584 0.0962297 4.25745e-05 -0.000353867 2.00671e-05 4.25745e-05 0.0105531 -0.0193581 4.34133e-05 -0.000353867 -0.0193581 0.0957222 
0.0105816 -0.0194654 2.11717e-05 4.03152e-05 -0.0194654 0.0962523 4.04081e-05 -0.000336433 2.11717e-05 4.04081e-05 0.0105523 -0.019357 4.03152e-05 -0.000336433 -0.019357 0.0957251 
0.0105828 -0.0194715 2.56425e-05 3.60751e-05 -0.0194715 0.0962956 4.11556e-05 -0.000327119 2.56425e-05 4.11556e-05 0.0105546 -0.0193663 3.60751e-05 -0.000327119 -0.0193663 0.0957739 
0.0105665 -0.019453 2.20213e-05 3.00568e-05 -0.019453 0.0962136 3.83085e-05 -0.000318011 2.20213e-05 3.83085e-05 0.0105487 -0.0193454 3.00568e-05 -0.000318011 -0.0193454 0.095689 
0.0105408 -0.0194166 1.7754e-05 3.59416e-05 -0.0194166 0.0960641 3.94829e-05 -0.000317849 1.7754e-05 3.94829e-05 0.0105421 -0.0193212 3.59416e-05 -0.000317849 -0.0193212 0.0955563 
0.0105345 -0.019363 2.75491e-06 4.54483e-05 -0.019363 0.0958456 3.79775e-05 -0.00032323 2.75491e-06 3.79775e-05 0.0105082 -0.0192971 4.54483e-05 -0.00032323 -0.0192971 0.0953986 
0.0104965 -0.0192968 -1.03829e-05 6.53981e-05 -0.0192968 0.0954411 5.21089e-05 -0.000348512 -1.03829e-05 5.21089e-05 0.0104525 -0.0191968 6.53981e-05 -0.000348512 -0.0191968 0.0949736 
0.0104187 -0.0191732 -9.83693e-06 8.29768e-05 -0.0191732 0.0948038 6.95863e-05 -0.000389978 -9.83693e-06 6.95863e-05 0.0103894 -0.0190486 8.29768e-05 -0.000389978 -0.0190486 0.0942751 
0.0104024 -0.0191286 -1.76094e-05 8.18318e-05 -0.0191286 0.0946089 7.47484e-05 -0.000413529 -1.76094e-05 7.47484e-05 0.0103511 -0.0190219 8.18318e-05 -0.000413529 -0.0190219 0.0940813 
0.0103893 -0.019095 -1.36401e-05 8.63284e-05 -0.019095 0.0944159 8.59133e-05 -0.000430375 -1.36401e-05 8.59133e-05 0.0103185 -0.0189672 8.63284e-05 -0.000430375 -0.0189672 0.093874 
0.0104107 -0.0191245 1.74442e-06 7.9113e-05 -0.0191245 0.0945224 7.99698e-05 -0.000425682 1.74442e-06 7.99698e-05 0.0103094 -0.0189683 7.9113e-05 -0.000425682 -0.0189683 0.0939215 
0.0104223 -0.0191871 2.3899e-05 5.80175e-05 -0.0191871 0.0947812 5.78048e-05 -0.000383499 2.3899e-05 5.78048e-05 0.0103385 -0.0189891 5.80175e-05 -0.000383499 -0.0189891 0.0940861 
0.0104123 -0.019188 2.42331e-05 2.77532e-05 -0.019188 0.094859 2.99673e-05 -0.00031487 2.42331e-05 2.99673e-05 0.0103592 -0.0190146 2.77532e-05 -0.00031487 -0.0190146 0.094164 
0.0104145 -0.019226 1.56094e-05 2.28557e-05 -0.019226 0.0951299 3.03733e-05 -0.000279598 1.56094e-05 3.03733e-05 0.0104172 -0.0190987 2.28557e-05 -0.000279598 -0.0190987 0.0945279 
0.0104356 -0.0192353 7.76997e-06 3.31183e-05 -0.0192353 0.0953065 4.20761e-05 -0.000287079 7.76997e-06 4.20761e-05 0.0104481 -0.0191891 3.31183e-05 -0.000287079 -0.0191891 0.0948905 
0.0104274 -0.0192044 2.22031e-06 4.53849e-05 -0.0192044 0.0951611 5.0742e-05 -0.000309971 2.22031e-06 5.0742e-05 0.0104448 -0.0191781 4.53849e-05 -0.000309971 -0.0191781 0.0948724 
0.0103987 -0.0191388 2.37017e-06 5.59389e-05 -0.0191388 0.0948098 5.41324e-05 -0.000329774 2.37017e-06 5.41324e-05 0.0104069 -0.0191129 5.59389e-05 -0.000329774 -0.0191129 0.094557 
0.0103883 -0.019132 2.08394e-07 5.92141e-05 -0.019132 0.094734 5.01975e-05 -0.000336874 2.08394e-07 5.01975e-05 0.0103996 -0.0190888 5.92141e-05 -0.000336874 -0.0190888 0.0944568 
0.0103845 -0.0191138 9.72794e-06 6.11485e-05 -0.0191138 0.0946533 5.08197e-05 -0.000338377 9.72794e-06 5.08197e-05 0.0103831 -0.019074 6.11485e-05 -0.000338377 -0.019074 0.0943657 
0.0104145 -0.0191586 1.56661e-05 4.8819e-05 -0.0191586 0.0948474 4.17071e-05 -0.000324408 1.56661e-05 4.17071e-05 0.0103899 -0.0191005 4.8819e-05 -0.000324408 -0.0191005 0.0945276 
0.0104249 -0.0192007 1.98334e-05 3.81562e-05 -0.0192007 0.0950152 3.62597e-05 -0.000302844 1.98334e-05 3.62597e-05 0.0104023 -0.0191085 3.81562e-05 -0.000302844 -0.0191085 0.0946172 
0.0104171 -0.0192058 1.67506e-06 2.87508e-05 -0.0192058 0.0950617 3.13807e-05 -0.000280223 1.67506e-06 3.13807e-05 0.0104067 -0.0191025 2.87508e-05 -0.000280223 -0.0191025 0.0945933 
0.010429 -0.0192512 -1.16218e-05 4.70903e-05 -0.0192512 0.0953349 5.45358e-05 -0.000300135 -1.16218e-05 5.45358e-05 0.0104453 -0.0191594 4.70903e-05 -0.000300135 -0.0191594 0.0948534 
0.0104384 -0.0192275 -1.89325e-05 6.44465e-05 -0.0192275 0.0952974 7.35173e-05 -0.000342796 -1.89325e-05 7.35173e-05 0.0104362 -0.019169 6.44465e-05 -0.000342796 -0.019169 0.094864 
0.0104345 -0.0192485 -1.04238e-05 7.36257e-05 -0.0192485 0.0953543 8.35836e-05 -0.000376425 -1.04238e-05 8.35836e-05 0.0104519 -0.0191718 7.36257e-05 -0.000376425 -0.0191718 0.0949218 
0.0104074 -0.0191874 -9.27086e-07 6.29367e-05 -0.0191874 0.0951055 7.13843e-05 -0.000368818 -9.27086e-07 7.13843e-05 0.0104355 -0.0191376 6.29367e-05 -0.000368818 -0.0191376 0.0947083 
0.0104144 -0.0191413 8.17494e-06 5.14354e-05 -0.0191413 0.0948889 5.51387e-05 -0.000336508 8.17494e-06 5.51387e-05 0.010391 -0.0191156 5.14354e-05 -0.000336508 -0.0191156 0.0945647 
0.0104278 -0.0191475 1.68168e-05 4.11206e-05 -0.0191475 0.0947979 3.92198e-05 -0.000299843 1.68168e-05 3.92198e-05 0.0103546 -0.0190668 4.11206e-05 -0.000299843 -0.0190668 0.0944322 
0.0104082 -0.019152 2.17932e-05 3.07692e-05 -0.019152 0.0947209 2.91685e-05 -0.000269679 2.17932e-05 2.91685e-05 0.0103489 -0.019006 3.07692e-05 -0.000269679 -0.019006 0.0942196 
0.0104018 -0.0191741 3.80948e-05 2.39806e-05 -0.0191741 0.0948629 2.53932e-05 -0.000250644 3.80948e-05 2.53932e-05 0.0103845 -0.0190372 2.39806e-05 -0.000250644 -0.0190372 0.0943064 
0.0104188 -0.0191878 4.39428e-05 7.19333e-06 -0.0191878 0.0950142 8.32646e-06 -0.00022208 4.39428e-05 8.32646e-06 0.0104188 -0.0191056 7.19333e-06 -0.00022208 -0.0191056 0.0945368 
0.0104449 -0.0192254 3.74493e-05 3.23226e-07 -0.0192254 0.0951916 1.15736e-06 -0.00019837 3.74493e-05 1.15736e-06 0.0104556 -0.0191656 3.23226e-07 -0.00019837 -0.0191656 0.0947933 
0.0104583 -0.0192564 2.58947e-05 9.6966e-06 -0.0192564 0.0953116 1.15203e-05 -0.000208067 2.58947e-05 1.15203e-05 0.010483 -0.0192048 9.6966e-06 -0.000208067 -0.0192048 0.0949478 
0.0104647 -0.0192842 1.00187e-06 2.46329e-05 -0.0192842 0.0954374 2.97562e-05 -0.000246016 1.00187e-06 2.97562e-05 0.0105053 -0.0192406 2.46329e-05 -0.000246016 -0.0192406 0.0950824 
0.0104704 -0.0192935 -1.72436e-05 5.80565e-05 -0.0192935 0.0955055 6.32281e-05 -0.000319076 -1.72436e-05 6.32281e-05 0.0105059 -0.0192633 5.80565e-05 -0.000319076 -0.0192633 0.0951633 
0.0104737 -0.019289 -1.77239e-05 8.35121e-05 -0.019289 0.09549 8.70704e-05 -0.00039422 -1.77239e-05 8.70704e-05 0.0104926 -0.0192521 8.35121e-05 -0.00039422 -0.0192521 0.0951404 
0.0104976 -0.0193187 -5.50798e-06 8.5568e-05 -0.0193187 0.095616 8.82827e-05 -0.000428575 -5.50798e-06 8.82827e-05 0.0104843 -0.0192587 8.5568e-05 -0.000428575 -0.0192587 0.0952195 
0.0105072 -0.0193374 1.08989e-07 6.91056e-05 -0.0193374 0.0956725 7.00409e-05 -0.000408459 1.08989e-07 7.00409e-05 0.0104719 -0.019239 6.91056e-05 -0.000408459 -0.019239 0.0951931 
0.0105164 -0.0193247 1.72636e-06 6.09469e-05 -0.0193247 0.0955997 6.20132e-05 -0.000380898 1.72636e-06 6.20132e-05 0.0104425 -0.019199 6.09469e-05 -0.000380898 -0.019199 0.0950386 
0.0105675 -0.0194052 -8.27766e-07 6.01546e-05 -0.0194052 0.0959223 5.91224e-05 -0.000368868 -8.27766e-07 5.91224e-05 0.0104556 -0.0192292 6.01546e-05 -0.000368868 -0.0192292 0.0952481 
0.0105476 -0.0194224 1.39171e-07 6.69613e-05 -0.0194224 0.095936 6.07105e-05 -0.000373032 1.39171e-07 6.07105e-05 0.0104672 -0.0191924 6.69613e-05 -0.000373032 -0.0191924 0.0951193 
0.0105186 -0.0193958 -5.71568e-06 6.52481e-05 -0.0193958 0.0958879 5.84415e-05 -0.000370863 -5.71568e-06 5.84415e-05 0.0104908 -0.0191997 6.52481e-05 -0.000370863 -0.0191997 0.0950555 
0.0104897 -0.019342 -1.04507e-05 7.01814e-05 -0.019342 0.0957208 6.561e-05 -0.00037739 -1.04507e-05 6.561e-05 0.0105038 -0.0192199 7.01814e-05 -0.00037739 -0.0192199 0.0950259 
0.0104788 -0.0193242 -3.85112e-06 7.61798e-05 -0.0193242 0.0956857 7.32452e-05 -0.000393485 -3.85112e-06 7.32452e-05 0.0105322 -0.0192647 7.61798e-05 -0.000393485 -0.0192647 0.0951679 
0.01048 -0.0192638 -4.71085e-06 6.99515e-05 -0.0192638 0.0954269 6.78931e-05 -0.000393701 -4.71085e-06 6.78931e-05 0.0104935 -0.0192606 6.99515e-05 -0.000393701 -0.0192606 0.0950772 
0.0105199 -0.0193702 5.78988e-06 6.84187e-05 -0.0193702 0.0958301 6.80775e-05 -0.00039057 5.78988e-06 6.80775e-05 0.0105253 -0.0193184 6.84187e-05 -0.00039057 -0.0193184 0.0954751 
0.0105344 -0.0194264 1.01801e-05 5.4441e-05 -0.0194264 0.0961255 5.49804e-05 -0.000367998 1.01801e-05 5.49804e-05 0.0105529 -0.0193546 5.4441e-05 -0.000367998 -0.0193546 0.0957039 
0.0105582 -0.0194405 1.90615e-05 4.98658e-05 -0.0194405 0.096279 4.85086e-05 -0.000347853 1.90615e-05 4.85086e-05 0.0105553 -0.019391 4.98658e-05 -0.000347853 -0.019391 0.0958746 
0.0105535 -0.0193927 1.5061e-05 4.14849e-05 -0.0193927 0.0960217 3.64524e-05 -0.000325449 1.5061e-05 3.64524e-05 0.0105141 -0.0193226 4.14849e-05 -0.000325449 -0.0193226 0.0956109 
0.010543 -0.0193814 8.56905e-06 4.665e-05 -0.0193814 0.0958711 4.03104e-05 -0.000323062 8.56905e-06 4.03104e-05 0.0104947 -0.0192645 4.665e-05 -0.000323062 -0.0192645 0.09538 
0.0105414 -0.019361 -1.37719e-06 5.36176e-05 -0.019361 0.0957427 4.90376e-05 -0.000336692 -1.37719e-06 4.90376e-05 0.0104654 -0.0192294 5.36176e-05 -0.000336692 -0.0192294 0.0951866 
0.0105269 -0.0193397 -2.64271e-06 6.43619e-05 -0.0193397 0.0955686 6.10702e-05 -0.000360047 -2.64271e-06 6.10702e-05 0.0104364 -0.0191662 6.43619e-05 -0.000360047 -0.0191662 0.0949188 
0.0104977 -0.019338 2.05696e-06 6.53083e-05 -0.019338 0.0955308 6.35839e-05 -0.000372672 2.05696e-06 6.35839e-05 0.0104399 -0.0191411 6.53083e-05 -0.000372672 -0.0191411 0.0947951 
0.0104961 -0.0193315 4.87462e-06 5.86954e-05 -0.0193315 0.0956017 5.71558e-05 -0.000365445 4.87462e-06 5.71558e-05 0.0104472 -0.0191792 5.86954e-05 -0.000365445 -0.0191792 0.094905 
0.0104969 -0.0192969 1.02193e-05 5.36937e-05 -0.0192969 0.0954756 5.12268e-05 -0.000348038 1.02193e-05 5.12268e-05 0.0104166 -0.0191666 5.36937e-05 -0.000348038 -0.0191666 0.0948573 
0.01048 -0.0192895 1.90873e-05 4.77134e-05 -0.0192895 0.0953868 4.72582e-05 -0.000334628 1.90873e-05 4.72582e-05 0.0104059 -0.0191251 4.77134e-05 -0.000334628 -0.0191251 0.094753 
0.0104651 -0.01931 2.44266e-05 3.48387e-05 -0.01931 0.0955208 3.67444e-05 -0.000311262 2.44266e-05 3.67444e-05 0.0104374 -0.0191479 3.48387e-05 -0.000311262 -0.0191479 0.0948655 
0.0104264 -0.0192247 3.20156e-05 2.62135e-05 -0.0192247 0.0952269 2.8649e-05 -0.000283637 3.20156e-05 2.8649e-05 0.0104187 -0.0191225 2.62135e-05 -0.000283637 -0.0191225 0.0946658 
0.0103794 -0.0191624 1.44592e-05 1.71976e-05 -0.0191624 0.0949497 1.8892e-05 -0.000257396 1.44592e-05 1.8892e-05 0.0104162 -0.0190878 1.71976e-05 -0.000257396 -0.0190878 0.0944859 
0.0103375 -0.0190538 2.53758e-06 3.62908e-05 -0.0190538 0.0944936 3.76983e-05 -0.000269634 2.53758e-06 3.76983e-05 0.0103835 -0.0190381 3.62908e-05 -0.000269634 -0.0190381 0.0941609 
0.0103071 -0.0189919 -1.68318e-08 5.02683e-05 -0.0189919 0.0941592 5.0525e-05 -0.000299183 -1.68318e-08 5.0525e-05 0.0103598 -0.0189942 5.02683e-05 -0.000299183 -0.0189942 0.0939219 
0.0103194 -0.01901 1.29838e-06 5.24983e-05 -0.01901 0.0942218 5.28283e-05 -0.000313595 1.29838e-06 5.28283e-05 0.0103695 -0.0190198 5.24983e-05 -0.000313595 -0.0190198 0.0940281 
0.010368 -0.0190682 -4.65366e-06 4.94152e-05 -0.0190682 0.0944811 5.00546e-05 -0.000310413 -4.65366e-06 5.00546e-05 0.0103725 -0.0190721 4.94152e-05 -0.000310413 -0.0190721 0.0942906 
0.0103724 -0.0190884 -1.23834e-05 5.58478e-05 -0.0190884 0.0944985 5.66798e-05 -0.000316398 -1.23834e-05 5.66798e-05 0.0103699 -0.0190412 5.58478e-05 -0.000316398 -0.0190412 0.0942346 
0.0104012 -0.0191178 -1.10432e-05 6.59164e-05 -0.0191178 0.0946264 6.77485e-05 -0.000337566 -1.10432e-05 6.77485e-05 0.0103639 -0.0190557 6.59164e-05 -0.000337566 -0.0190557 0.0942929 
0.0104338 -0.0191957 5.85114e-06 6.50117e-05 -0.0191957 0.0949412 6.81971e-05 -0.000349607 5.85114e-06 6.81971e-05 0.010385 -0.0190896 6.50117e-05 -0.000349607 -0.0190896 0.0945179 
0.0104556 -0.0192485 2.06432e-05 4.5259e-05 -0.0192485 0.0952027 4.87477e-05 -0.000324353 2.06432e-05 4.87477e-05 0.0104031 -0.0191213 4.5259e-05 -0.000324353 -0.0191213 0.0946947 
0.0104536 -0.019241 9.82745e-06 2.4331e-05 -0.019241 0.0951898 3.22185e-05 -0.000280138 9.82745e-06 3.22185e-05 0.0103903 -0.0191057 2.4331e-05 -0.000280138 -0.0191057 0.0946319 
0.0104315 -0.0192339 1.38268e-06 3.53452e-05 -0.0192339 0.0951557 4.66917e-05 -0.000280814 1.38268e-06 4.66917e-05 0.0103986 -0.0190815 3.53452e-05 -0.000280814 -0.0190815 0.0945474 
0.0103943 -0.0191607 -4.40174e-06 4.9423e-05 -0.0191607 0.0948703 5.80988e-05 -0.00031041 -4.40174e-06 5.80988e-05 0.0103811 -0.019042 4.9423e-05 -0.00031041 -0.019042 0.094284 
0.0103833 -0.0191384 -3.55748e-06 6.2822e-05 -0.0191384 0.0947926 6.59745e-05 -0.000344265 -3.55748e-06 6.59745e-05 0.0103845 -0.0190533 6.2822e-05 -0.000344265 -0.0190533 0.0942874 
0.0103545 -0.0190918 6.29998e-06 6.30434e-05 -0.0190918 0.0945731 6.12564e-05 -0.000353035 6.29998e-06 6.12564e-05 0.0103731 -0.019024 6.30434e-05 -0.000353035 -0.019024 0.0941301 
0.0103458 -0.0190638 2.24097e-05 4.85047e-05 -0.0190638 0.0944538 4.37311e-05 -0.000324311 2.24097e-05 4.37311e-05 0.0103612 -0.0190135 4.85047e-05 -0.000324311 -0.0190135 0.0940541 
0.0103236 -0.0190639 2.47305e-05 2.33085e-05 -0.0190639 0.0944347 1.96614e-05 -0.000264841 2.47305e-05 1.96614e-05 0.0103787 -0.0190096 2.33085e-05 -0.000264841 -0.0190096 0.0940457 
0.0103532 -0.0190593 2.1077e-05 1.55173e-05 -0.0190593 0.0945023 1.51781e-05 -0.000222762 2.1077e-05 1.51781e-05 0.0103693 -0.0190573 1.55173e-05 -0.000222762 -0.0190573 0.0941975 
0.0103801 -0.0191192 2.0183e-05 1.70941e-05 -0.0191192 0.0947069 2.08985e-05 -0.000213158 2.0183e-05 2.08985e-05 0.0103776 -0.0190749 1.70941e-05 -0.000213158 -0.0190749 0.0943911 
0.0103913 -0.019132 1.15203e-05 1.81191e-05 -0.019132 0.0947507 2.37082e-05 -0.000215109 1.15203e-05 2.37082e-05 0.0103661 -0.0190539 1.81191e-05 -0.000215109 -0.0190539 0.0943465 
0.0103768 -0.0191683 6.04275e-06 2.77378e-05 -0.0191683 0.0949029 3.28658e-05 -0.000228615 6.04275e-06 3.28658e-05 0.0104052 -0.0190616 2.77378e-05 -0.000228615 -0.0190616 0.0944159 
0.0103455 -0.0191237 2.30816e-06 3.6944e-05 -0.0191237 0.0948114 4.04577e-05 -0.000249496 2.30816e-06 4.04577e-05 0.0104255 -0.0190815 3.6944e-05 -0.000249496 -0.0190815 0.0943876 
0.0103144 -0.019031 1.34448e-05 4.14943e-05 -0.019031 0.0944487 4.42705e-05 -0.00026335 1.34448e-05 4.42705e-05 0.0104008 -0.0190638 4.14943e-05 -0.00026335 -0.0190638 0.0941996 
