0.00767382 0 2.75335e-06 0 0 0.0108815 0 0 2.75335e-06 0 0.00765602 0 0 0 0 0.0108815 
0.00937216 -0.0116302 3.91085e-06 -5.07078e-06 -0.0116302 0.030921 -5.07078e-06 9.65898e-06 3.91085e-06 -5.07078e-06 0.00938833 -0.0116559 -5.07078e-06 9.65898e-06 -0.0116559 0.0309704 
0.00964561 -0.0179253 -2.05917e-05 -1.15498e-05 -0.0179253 0.0661341 -1.15498e-05 3.8279e-05 -2.05917e-05 -1.15498e-05 0.00971742 -0.018164 -1.15498e-05 3.8279e-05 -0.018164 0.0669542 
0.00909552 -0.0174316 -3.00026e-05 1.34027e-05 -0.0174316 0.078142 1.916e-05 2.053e-05 -3.00026e-05 1.916e-05 0.00917767 -0.0178836 1.34027e-05 2.053e-05 -0.0178836 0.0803424 
0.00886897 -0.016413 -2.06213e-05 2.06657e-05 -0.016413 0.0789585 3.51135e-05 -1.4779e-05 -2.06213e-05 3.51135e-05 0.00888379 -0.0168196 2.06657e-05 -1.4779e-05 -0.0168196 0.0815203 
0.00867836 -0.0158097 -1.25498e-05 1.1123e-05 -0.0158097 0.0773022 2.34757e-05 -1.75174e-05 -1.25498e-05 2.34757e-05 0.00863696 -0.0160416 1.1123e-05 -1.75174e-05 -0.0160416 0.0792627 
0.00845502 -0.0153552 -6.53302e-06 5.84615e-06 -0.0153552 0.0753269 8.11679e-06 -6.29191e-08 -6.53302e-06 8.11679e-06 0.00837423 -0.015467 5.84615e-06 -6.29191e-08 -0.015467 0.0766133 
0.00822133 -0.0149581 5.15382e-07 1.49576e-06 -0.0149581 0.0734866 -2.70413e-06 1.8614e-05 5.15382e-07 -2.70413e-06 0.0081497 -0.0150105 1.49576e-06 1.8614e-05 -0.0150105 0.0743559 
0.0112766 -0.0205532 1.29834e-05 -8.44124e-06 -0.0205532 0.101149 -1.45484e-05 4.95789e-05 1.29834e-05 -1.45484e-05 0.0112271 -0.0206479 -8.44124e-06 4.95789e-05 -0.0206479 0.102182 
0.011082 -0.0202246 3.38036e-05 -2.51719e-05 -0.0202246 0.0996844 -2.90068e-05 8.44045e-05 3.38036e-05 -2.90068e-05 0.0111067 -0.0203988 -2.51719e-05 8.44045e-05 -0.0203988 0.100818 
0.0109812 -0.0200302 3.7462e-05 -5.17813e-05 -0.0200302 0.0988489 -5.16054e-05 0.000137077 3.7462e-05 -5.16054e-05 0.0110497 -0.0203092 -5.17813e-05 0.000137077 -0.0203092 0.10023 
0.0109213 -0.0198942 4.29502e-05 -5.76773e-05 -0.0198942 0.0982077 -5.47693e-05 0.000168475 4.29502e-05 -5.47693e-05 0.0109932 -0.0202347 -5.76773e-05 0.000168475 -0.0202347 0.0998101 
0.0109011 -0.0198585 4.20983e-05 -6.22179e-05 -0.0198585 0.0979842 -5.93087e-05 0.000181396 4.20983e-05 -5.93087e-05 0.0109562 -0.0202016 -6.22179e-05 0.000181396 -0.0202016 0.0996757 
0.0108847 -0.0198096 1.8861e-05 -6.02431e-05 -0.0198096 0.0977144 -5.81061e-05 0.000181886 1.8861e-05 -5.81061e-05 0.0109037 -0.0201209 -6.02431e-05 0.000181886 -0.0201209 0.0993643 
0.0108781 -0.0198074 -9.75152e-08 -3.17548e-05 -0.0198074 0.0976303 -3.0602e-05 0.000138545 -9.75152e-08 -3.0602e-05 0.0108728 -0.0200563 -3.17548e-05 0.000138545 -0.0200563 0.099133 
0.010872 -0.0198279 -9.04393e-06 -7.97251e-06 -0.0198279 0.0977001 -6.46689e-06 7.72544e-05 -9.04393e-06 -6.46689e-06 0.0108753 -0.0200277 -7.97251e-06 7.72544e-05 -0.0200277 0.0990289 
0.0108569 -0.0197987 1.55849e-06 4.84116e-06 -0.0197987 0.0976098 7.68001e-06 2.80877e-05 1.55849e-06 7.68001e-06 0.0108595 -0.0200082 4.84116e-06 2.80877e-05 -0.0200082 0.0988732 
0.0108254 -0.01977 -6.97741e-06 -5.23806e-06 -0.01977 0.0974826 -2.54662e-06 2.18486e-05 -6.97741e-06 -2.54662e-06 0.0108566 -0.0199825 -5.23806e-06 2.18486e-05 -0.0199825 0.09874 
0.0107796 -0.0196716 -1.47125e-05 4.19786e-06 -0.0196716 0.0970712 6.18001e-06 1.11132e-05 -1.47125e-05 6.18001e-06 0.0108157 -0.0199215 4.19786e-06 1.11132e-05 -0.0199215 0.098384 
0.0107675 -0.0196373 -1.46584e-05 1.57197e-05 -0.0196373 0.0968986 1.45363e-05 -1.31361e-05 -1.46584e-05 1.45363e-05 0.0107895 -0.0198933 1.57197e-05 -1.31361e-05 -0.0198933 0.0982525 
0.0107877 -0.0196583 -1.2441e-05 1.72773e-05 -0.0196583 0.0969646 1.67095e-05 -2.86297e-05 -1.2441e-05 1.67095e-05 0.0107718 -0.0198887 1.72773e-05 -2.86297e-05 -0.0198887 0.0982812 
0.0107863 -0.0196611 2.43653e-09 1.27776e-05 -0.0196611 0.0969173 1.45493e-05 -2.87356e-05 2.43653e-09 1.45493e-05 0.0107501 -0.0198342 1.27776e-05 -2.87356e-05 -0.0198342 0.0981036 
0.0107981 -0.0196874 1.15483e-05 -1.08089e-06 -0.0196874 0.0970248 1.53044e-06 -9.87611e-06 1.15483e-05 1.53044e-06 0.0107558 -0.0198292 -1.08089e-06 -9.87611e-06 -0.0198292 0.0980917 
0.0108222 -0.0197237 2.4689e-05 -1.76968e-05 -0.0197237 0.097201 -1.40047e-05 2.61993e-05 2.4689e-05 -1.40047e-05 0.0107746 -0.0198595 -1.76968e-05 2.61993e-05 -0.0198595 0.0982136 
0.0108514 -0.0197886 3.52177e-05 -3.47125e-05 -0.0197886 0.0975015 -2.57843e-05 6.13514e-05 3.52177e-05 -2.57843e-05 0.0108139 -0.0199231 -3.47125e-05 6.13514e-05 -0.0199231 0.098502 
0.0108664 -0.0198086 3.00623e-05 -4.97565e-05 -0.0198086 0.0976181 -3.56603e-05 9.28638e-05 3.00623e-05 -3.56603e-05 0.0108269 -0.0199589 -4.97565e-05 9.28638e-05 -0.0199589 0.0986444 
0.0108487 -0.0198014 2.3731e-05 -4.55053e-05 -0.0198014 0.0975736 -3.02547e-05 9.78592e-05 2.3731e-05 -3.02547e-05 0.0108467 -0.0199506 -4.55053e-05 9.78592e-05 -0.0199506 0.0986132 
0.0108298 -0.0197726 2.97803e-05 -3.31353e-05 -0.0197726 0.0974911 -2.57539e-05 8.23148e-05 2.97803e-05 -2.57539e-05 0.010864 -0.0199724 -3.31353e-05 8.23148e-05 -0.0199724 0.098618 
0.0108253 -0.0197662 2.8688e-05 -3.21337e-05 -0.0197662 0.0975061 -3.81312e-05 8.20001e-05 2.8688e-05 -3.81312e-05 0.0108862 -0.0200213 -3.21337e-05 8.20001e-05 -0.0200213 0.0987792 
0.010813 -0.0197245 2.70843e-05 -2.93799e-05 -0.0197245 0.0973339 -4.27179e-05 8.96236e-05 2.70843e-05 -4.27179e-05 0.0108751 -0.020022 -2.93799e-05 8.96236e-05 -0.020022 0.0987503 
0.0108112 -0.0196942 1.23618e-05 -2.80473e-05 -0.0196942 0.0971638 -4.04578e-05 8.87638e-05 1.23618e-05 -4.04578e-05 0.0108423 -0.0199983 -2.80473e-05 8.87638e-05 -0.0199983 0.0986562 
0.0108055 -0.0196875 -5.89565e-06 -1.01789e-05 -0.0196875 0.0970628 -1.97261e-05 5.80217e-05 -5.89565e-06 -1.97261e-05 0.0108067 -0.0199506 -1.01789e-05 5.80217e-05 -0.0199506 0.0985135 
0.0108062 -0.0197067 -1.25199e-05 1.15515e-05 -0.0197067 0.0971233 5.29228e-06 4.89211e-06 -1.25199e-05 5.29228e-06 0.0107892 -0.0199195 1.15515e-05 4.89211e-06 -0.0199195 0.0984532 
0.0108031 -0.0197477 -5.46651e-06 2.00184e-05 -0.0197477 0.0973394 1.75522e-05 -3.68181e-05 -5.46651e-06 1.75522e-05 0.0108085 -0.0199262 2.00184e-05 -3.68181e-05 -0.0199262 0.0985467 
0.0107905 -0.0196885 -2.64045e-06 7.59095e-06 -0.0196885 0.0971568 1.1639e-05 -3.64142e-05 -2.64045e-06 1.1639e-05 0.0107912 -0.0198868 7.59095e-06 -3.64142e-05 -0.0198868 0.098331 
0.0108069 -0.0196883 -9.21762e-06 -5.31254e-08 -0.0196883 0.0971277 7.7913e-06 -1.98088e-05 -9.21762e-06 7.7913e-06 0.0107643 -0.0198835 -5.31254e-08 -1.98088e-05 -0.0198835 0.0982978 
0.0107878 -0.0196524 -1.40352e-05 7.28973e-06 -0.0196524 0.0968713 1.40273e-05 -2.21301e-05 -1.40352e-05 1.40273e-05 0.0107276 -0.0197931 7.28973e-06 -2.21301e-05 -0.0197931 0.097947 
0.0107997 -0.0196704 -1.68234e-05 1.65726e-05 -0.0196704 0.0969164 2.18259e-05 -4.13206e-05 -1.68234e-05 2.18259e-05 0.0107156 -0.0197813 1.65726e-05 -4.13206e-05 -0.0197813 0.0978862 
0.0107769 -0.0196573 -1.67434e-05 2.17613e-05 -0.0196573 0.0968195 2.93118e-05 -6.27199e-05 -1.67434e-05 2.93118e-05 0.0107058 -0.0197423 2.17613e-05 -6.27199e-05 -0.0197423 0.0977112 
0.0107482 -0.0195961 8.99658e-06 2.18653e-05 -0.0195961 0.0965643 2.88433e-05 -7.23833e-05 8.99658e-06 2.88433e-05 0.0106742 -0.0196986 2.18653e-05 -7.23833e-05 -0.0196986 0.0974545 
0.0107257 -0.0195521 1.67319e-05 -7.48733e-06 -0.0195521 0.0963424 -4.2071e-06 -2.83667e-05 1.67319e-05 -4.2071e-06 0.0106382 -0.0196503 -7.48733e-06 -2.83667e-05 -0.0196503 0.0972339 
0.0107213 -0.0195983 2.17453e-05 -1.95086e-05 -0.0195983 0.0965573 -1.68395e-05 1.80576e-05 2.17453e-05 -1.68395e-05 0.0106656 -0.0196773 -1.95086e-05 1.80576e-05 -0.0196773 0.0974152 
0.0107109 -0.0196151 2.32806e-05 -2.71636e-05 -0.0196151 0.0967545 -2.43579e-05 4.67845e-05 2.32806e-05 -2.43579e-05 0.0107027 -0.0197284 -2.71636e-05 4.67845e-05 -0.0197284 0.0976403 
0.0106966 -0.0195772 1.86806e-05 -2.73708e-05 -0.0195772 0.0967043 -2.43631e-05 5.47205e-05 1.86806e-05 -2.43631e-05 0.0107165 -0.0197475 -2.73708e-05 5.47205e-05 -0.0197475 0.0976943 
0.0106777 -0.0195143 2.38414e-05 -1.75975e-05 -0.0195143 0.0964378 -1.79068e-05 4.07006e-05 2.38414e-05 -1.79068e-05 0.0106936 -0.0197172 -1.75975e-05 4.07006e-05 -0.0197172 0.0975211 
0.0106518 -0.0194353 2.1469e-05 -2.13412e-05 -0.0194353 0.096007 -2.56919e-05 4.09946e-05 2.1469e-05 -2.56919e-05 0.0106274 -0.019626 -2.13412e-05 4.09946e-05 -0.019626 0.0970941 
0.0106542 -0.0194511 8.02177e-06 -1.88326e-05 -0.0194511 0.0959932 -2.45948e-05 4.21291e-05 8.02177e-06 -2.45948e-05 0.0106104 -0.0195862 -1.88326e-05 4.21291e-05 -0.0195862 0.0969776 
0.0106284 -0.0194002 -2.92357e-06 -6.08843e-06 -0.0194002 0.0957211 -1.0353e-05 2.43823e-05 -2.92357e-06 -1.0353e-05 0.0105734 -0.0195036 -6.08843e-06 2.43823e-05 -0.0195036 0.0965902 
0.0105719 -0.0193393 -7.39702e-06 4.02686e-06 -0.0193393 0.0953971 4.44182e-06 -2.47163e-06 -7.39702e-06 4.44182e-06 0.0105585 -0.0194302 4.02686e-06 -2.47163e-06 -0.0194302 0.096202 
0.0105724 -0.0193173 -3.00457e-06 6.70941e-06 -0.0193173 0.0953662 1.35436e-05 -2.15408e-05 -3.00457e-06 1.35436e-05 0.0105554 -0.0194609 6.70941e-06 -2.15408e-05 -0.0194609 0.0962361 
0.0105411 -0.0193023 7.06588e-06 2.05729e-06 -0.0193023 0.0952712 8.52446e-06 -2.08544e-05 7.06588e-06 8.52446e-06 0.0105584 -0.0194488 2.05729e-06 -2.08544e-05 -0.0194488 0.0961941 
0.0105197 -0.0192786 5.8933e-06 -9.37892e-06 -0.0192786 0.0952404 -4.96602e-06 7.28229e-07 5.8933e-06 -4.96602e-06 0.0105608 -0.0194653 -9.37892e-06 7.28229e-07 -0.0194653 0.0962368 
0.0105021 -0.0192694 -2.01047e-06 -8.77989e-06 -0.0192694 0.0952701 -5.86525e-06 1.27691e-05 -2.01047e-06 -5.86525e-06 0.0105746 -0.0194846 -8.77989e-06 1.27691e-05 -0.0194846 0.0963438 
0.010514 -0.0192605 -3.77871e-06 1.93164e-06 -0.0192605 0.0953159 2.02673e-06 1.71174e-06 -3.77871e-06 2.02673e-06 0.0105724 -0.0195106 1.93164e-06 1.71174e-06 -0.0195106 0.0964686 
0.0105014 -0.019225 -1.06275e-05 7.2612e-06 -0.019225 0.0951166 5.03589e-06 -1.28982e-05 -1.06275e-05 5.03589e-06 0.010546 -0.0194518 7.2612e-06 -1.28982e-05 -0.0194518 0.0962564 
0.0105125 -0.0191979 -1.10447e-05 1.44038e-05 -0.0191979 0.0949463 1.13549e-05 -2.64921e-05 -1.10447e-05 1.13549e-05 0.010504 -0.0193998 1.44038e-05 -2.64921e-05 -0.0193998 0.0960185 
0.0105399 -0.0192403 -8.90625e-07 1.57576e-05 -0.0192403 0.0950286 1.19598e-05 -3.52193e-05 -8.90625e-07 1.19598e-05 0.0104846 -0.019373 1.57576e-05 -3.52193e-05 -0.019373 0.0959572 
0.0105389 -0.0192845 1.72074e-05 3.96909e-06 -0.0192845 0.0951617 -6.02763e-07 -1.85858e-05 1.72074e-05 -6.02763e-07 0.0104919 -0.0193513 3.96909e-06 -1.85858e-05 -0.0193513 0.0959076 
0.0105459 -0.0193081 1.62413e-05 -1.67207e-05 -0.0193081 0.0953322 -2.20339e-05 2.02652e-05 1.62413e-05 -2.20339e-05 0.0105075 -0.0193801 -1.67207e-05 2.02652e-05 -0.0193801 0.0960041 
0.0105564 -0.0193227 2.42703e-06 -1.69539e-05 -0.0193227 0.0954507 -2.34837e-05 4.21181e-05 2.42703e-06 -2.34837e-05 0.0105205 -0.019412 -1.69539e-05 4.21181e-05 -0.019412 0.0961411 
0.0105756 -0.0193391 -5.67744e-06 -4.94203e-07 -0.0193391 0.0955453 -6.16323e-06 2.17458e-05 -5.67744e-06 -6.16323e-06 0.0105267 -0.0194348 -4.94203e-07 2.17458e-05 -0.0194348 0.0962616 
0.0105767 -0.0193482 -1.07061e-05 1.03183e-05 -0.0193482 0.0955563 4.46675e-06 -8.36167e-06 -1.07061e-05 4.46675e-06 0.0105379 -0.0194258 1.03183e-05 -8.36167e-06 -0.0194258 0.0962507 
0.010569 -0.0192962 -6.22816e-06 1.49711e-05 -0.0192962 0.0952978 7.93243e-06 -2.27471e-05 -6.22816e-06 7.93243e-06 0.0105057 -0.0193821 1.49711e-05 -2.27471e-05 -0.0193821 0.0959838 
0.0105776 -0.019345 1.58561e-06 8.15269e-06 -0.019345 0.095449 2.18026e-06 -1.59565e-05 1.58561e-06 2.18026e-06 0.0105273 -0.019403 8.15269e-06 -1.59565e-05 -0.019403 0.0960955 
0.0105787 -0.0193765 1.16867e-05 -6.30732e-06 -0.0193765 0.0956402 -7.85999e-06 1.19118e-05 1.16867e-05 -7.85999e-06 0.0105603 -0.0194546 -6.30732e-06 1.19118e-05 -0.0194546 0.0963008 
0.0105659 -0.0193579 1.13068e-05 -1.88233e-05 -0.0193579 0.0956409 -1.62484e-05 4.04821e-05 1.13068e-05 -1.62484e-05 0.0105781 -0.0194904 -1.88233e-05 4.04821e-05 -0.0194904 0.0964195 
0.0105382 -0.0192882 9.44879e-06 -1.87946e-05 -0.0192882 0.0953576 -1.61863e-05 5.22264e-05 9.44879e-06 -1.61863e-05 0.0105658 -0.0194692 -1.87946e-05 5.22264e-05 -0.0194692 0.0962861 
0.0105388 -0.0192678 9.33711e-06 -1.48709e-05 -0.0192678 0.0952484 -1.73986e-05 5.35518e-05 9.33711e-06 -1.73986e-05 0.0105539 -0.0194714 -1.48709e-05 5.35518e-05 -0.0194714 0.0962819 
0.0105408 -0.0192518 4.39908e-06 -1.33434e-05 -0.0192518 0.0951202 -1.90512e-05 5.57753e-05 4.39908e-06 -1.90512e-05 0.0105235 -0.0194393 -1.33434e-05 5.57753e-05 -0.0194393 0.0961671 
0.0105524 -0.019312 -1.1405e-05 -9.28552e-06 -0.019312 0.0953504 -1.3545e-05 5.14952e-05 -1.1405e-05 -1.3545e-05 0.010538 -0.0194558 -9.28552e-06 5.14952e-05 -0.0194558 0.0963227 
0.0105604 -0.0193147 -2.58536e-05 1.08349e-05 -0.0193147 0.0954128 6.57986e-06 1.75402e-05 -2.58536e-05 6.57986e-06 0.0105256 -0.0194524 1.08349e-05 1.75402e-05 -0.0194524 0.0963266 
0.0105611 -0.0192744 -3.7045e-05 3.05875e-05 -0.0192744 0.0952041 2.71898e-05 -3.41918e-05 -3.7045e-05 2.71898e-05 0.0104781 -0.0193812 3.05875e-05 -3.41918e-05 -0.0193812 0.0960425 
0.0105736 -0.0193046 -4.16197e-05 4.22594e-05 -0.0193046 0.0952565 4.29909e-05 -7.72681e-05 -4.16197e-05 4.29909e-05 0.0104654 -0.0193493 4.22594e-05 -7.72681e-05 -0.0193493 0.0959586 
0.0105587 -0.019333 -4.18191e-05 4.71641e-05 -0.019333 0.0953613 4.93543e-05 -0.000102302 -4.18191e-05 4.93543e-05 0.0104883 -0.0193386 4.71641e-05 -0.000102302 -0.0193386 0.0959286 
0.0105414 -0.0193361 -4.05397e-05 4.64367e-05 -0.0193361 0.0954833 4.97565e-05 -0.000109752 -4.05397e-05 4.97565e-05 0.0105195 -0.019387 4.64367e-05 -0.000109752 -0.019387 0.0960663 
0.0105036 -0.0192558 -3.83734e-05 4.27457e-05 -0.0192558 0.0952124 4.68611e-05 -0.000103469 -3.83734e-05 4.68611e-05 0.0105 -0.01937 4.27457e-05 -0.000103469 -0.01937 0.0959193 
0.0104901 -0.0192301 -3.31388e-05 3.75273e-05 -0.0192301 0.0951231 4.13908e-05 -8.88059e-05 -3.31388e-05 4.13908e-05 0.0105011 -0.0193681 3.75273e-05 -8.88059e-05 -0.0193681 0.0959256 
0.0104808 -0.0192128 -1.85167e-05 3.03018e-05 -0.0192128 0.0950656 3.16955e-05 -6.64125e-05 -1.85167e-05 3.16955e-05 0.0105016 -0.0193691 3.03018e-05 -6.64125e-05 -0.0193691 0.0959253 
0.0104602 -0.0191664 -2.69214e-06 1.30585e-05 -0.0191664 0.0948508 1.07191e-05 -2.50268e-05 -2.69214e-06 1.07191e-05 0.0104864 -0.0193308 1.30585e-05 -2.50268e-05 -0.0193308 0.095739 
0.0104282 -0.0191221 3.8231e-06 -4.67699e-06 -0.0191221 0.0946141 -1.1191e-05 2.60908e-05 3.8231e-06 -1.1191e-05 0.0104821 -0.0192853 -4.67699e-06 2.60908e-05 -0.0192853 0.0954966 
0.0103943 -0.0190724 6.53774e-06 -1.30903e-05 -0.0190724 0.0943896 -2.3888e-05 6.71265e-05 6.53774e-06 -2.3888e-05 0.0104847 -0.0192662 -1.30903e-05 6.71265e-05 -0.0192662 0.0953093 
0.010411 -0.0190829 -1.08883e-05 -1.69741e-05 -0.0190829 0.0944794 -2.78704e-05 8.96339e-05 -1.08883e-05 -2.78704e-05 0.0104976 -0.0193281 -1.69741e-05 8.96339e-05 -0.0193281 0.0955059 
0.0104427 -0.01912 -1.70748e-05 2.5452e-06 -0.01912 0.0946369 -5.52235e-06 6.64609e-05 -1.70748e-05 -5.52235e-06 0.0105023 -0.0193703 2.5452e-06 6.64609e-05 -0.0193703 0.0957337 
0.0104423 -0.0191395 -2.49651e-05 1.1042e-05 -0.0191395 0.0946776 6.88513e-06 3.27939e-05 -2.49651e-05 6.88513e-06 0.010504 -0.0193588 1.1042e-05 3.27939e-05 -0.0193588 0.0957507 
0.0104503 -0.0191458 -2.21526e-05 2.25159e-05 -0.0191458 0.0947249 1.92893e-05 2.87669e-07 -2.21526e-05 1.92893e-05 0.010494 -0.0193632 2.25159e-05 2.87669e-07 -0.0193632 0.0957742 
0.0104396 -0.0191212 -1.414e-05 1.8182e-05 -0.0191212 0.094593 1.58601e-05 -7.0448e-06 -1.414e-05 1.58601e-05 0.0104704 -0.0193185 1.8182e-05 -7.0448e-06 -0.0193185 0.0956085 
0.0104268 -0.0191106 3.79319e-06 6.54761e-06 -0.0191106 0.0945268 4.01782e-06 1.42208e-05 3.79319e-06 4.01782e-06 0.0104601 -0.0192936 6.54761e-06 1.42208e-05 -0.0192936 0.0955064 
0.0104119 -0.0191092 4.0748e-05 -1.6402e-05 -0.0191092 0.0945358 -1.92636e-05 6.2335e-05 4.0748e-05 -1.92636e-05 0.0104683 -0.0192885 -1.6402e-05 6.2335e-05 -0.0192885 0.0954875 
0.0103787 -0.0190551 3.90847e-05 -6.56884e-05 -0.0190551 0.0943344 -6.41443e-05 0.000159901 3.90847e-05 -6.41443e-05 0.0104652 -0.0192622 -6.56884e-05 0.000159901 -0.0192622 0.0953179 
0.0103462 -0.0189877 3.78472e-05 -6.99749e-05 -0.0189877 0.0940456 -6.20613e-05 0.000210321 3.78472e-05 -6.20613e-05 0.0104454 -0.0192313 -6.99749e-05 0.000210321 -0.0192313 0.0951033 
0.0103501 -0.0189465 3.91436e-05 -6.54791e-05 -0.0189465 0.0938448 -5.60179e-05 0.000208918 3.91436e-05 -5.60179e-05 0.0104047 -0.0192051 -6.54791e-05 0.000208918 -0.0192051 0.0949571 
0.010369 -0.0189855 3.61385e-05 -6.19942e-05 -0.0189855 0.0939268 -5.50758e-05 0.000197085 3.61385e-05 -5.50758e-05 0.0103898 -0.0191875 -6.19942e-05 0.000197085 -0.0191875 0.0949668 
0.0103787 -0.0190035 3.89244e-05 -5.45723e-05 -0.0190035 0.0939698 -5.14873e-05 0.000181169 3.89244e-05 -5.14873e-05 0.01037 -0.0191544 -5.45723e-05 0.000181169 -0.0191544 0.094872 
0.0104182 -0.0190707 3.25552e-05 -5.61013e-05 -0.0190707 0.0942798 -5.50986e-05 0.000175669 3.25552e-05 -5.50986e-05 0.0103689 -0.0191866 -5.61013e-05 0.000175669 -0.0191866 0.0950728 
0.0104178 -0.0190749 1.45225e-05 -4.76251e-05 -0.0190749 0.0942709 -4.69107e-05 0.000160872 1.45225e-05 -4.69107e-05 0.0103505 -0.0191357 -4.76251e-05 0.000160872 -0.0191357 0.0949284 
0.0104106 -0.0191036 -5.20833e-06 -2.54625e-05 -0.0191036 0.0944108 -2.3362e-05 0.000116772 -5.20833e-06 -2.3362e-05 0.0103758 -0.0191398 -2.54625e-05 0.000116772 -0.0191398 0.0949675 
0.0103977 -0.0190846 -2.09689e-06 -1.92845e-06 -0.0190846 0.0944138 1.19136e-06 5.73941e-05 -2.09689e-06 1.19136e-06 0.0103924 -0.0191628 -1.92845e-06 5.73941e-05 -0.0191628 0.0949996 
0.0103578 -0.0189948 4.57787e-06 -4.31159e-06 -0.0189948 0.0940308 -6.85709e-07 3.27439e-05 4.57787e-06 -6.85709e-07 0.0103657 -0.0191185 -4.31159e-06 3.27439e-05 -0.0191185 0.0947247 
0.0103434 -0.0189848 6.05757e-06 -1.30233e-05 -0.0189848 0.0939802 -8.57784e-06 4.02638e-05 6.05757e-06 -8.57784e-06 0.0103718 -0.0191297 -1.30233e-05 4.02638e-05 -0.0191297 0.0947627 
0.0103717 -0.0189867 3.34008e-06 -1.62284e-05 -0.0189867 0.0940234 -1.13028e-05 5.08514e-05 3.34008e-06 -1.13028e-05 0.0103552 -0.0191512 -1.62284e-05 5.08514e-05 -0.0191512 0.0948609 
0.0103797 -0.0189685 1.1754e-05 -1.03465e-05 -0.0189685 0.0938347 -7.85975e-06 4.48911e-05 1.1754e-05 -7.85975e-06 0.0103069 -0.0190745 -1.03465e-05 4.48911e-05 -0.0190745 0.0945983 
0.010386 -0.0190352 2.57645e-05 -1.63615e-05 -0.0190352 0.0940378 -1.82525e-05 5.07258e-05 2.57645e-05 -1.82525e-05 0.0103257 -0.0190577 -1.63615e-05 5.07258e-05 -0.0190577 0.0946065 
0.0103611 -0.0190168 2.99936e-05 -3.43711e-05 -0.0190168 0.0940045 -3.4145e-05 8.0428e-05 2.99936e-05 -3.4145e-05 0.0103378 -0.0190477 -3.43711e-05 8.0428e-05 -0.0190477 0.0944873 
0.0103436 -0.0189856 2.11374e-05 -4.2677e-05 -0.0189856 0.0939289 -3.82436e-05 0.000104896 2.11374e-05 -3.82436e-05 0.0103484 -0.0190645 -4.2677e-05 0.000104896 -0.0190645 0.09447 
0.0103172 -0.0189136 1.27308e-05 -2.97827e-05 -0.0189136 0.0936171 -2.51497e-05 9.00277e-05 1.27308e-05 -2.51497e-05 0.010323 -0.0190378 -2.97827e-05 9.00277e-05 -0.0190378 0.0942751 
0.010329 -0.0189106 8.2319e-06 -1.61197e-05 -0.0189106 0.0935743 -1.39378e-05 5.7309e-05 8.2319e-06 -1.39378e-05 0.0103062 -0.0190412 -1.61197e-05 5.7309e-05 -0.0190412 0.0942988 
0.0103134 -0.0189045 -1.70709e-06 -6.09198e-06 -0.0189045 0.0934748 -7.01045e-06 2.62712e-05 -1.70709e-06 -7.01045e-06 0.0102909 -0.0189983 -6.09198e-06 2.62712e-05 -0.0189983 0.0941608 
0.0103021 -0.0188709 -7.89637e-06 7.10657e-06 -0.0188709 0.093321 5.00964e-06 -6.5781e-06 -7.89637e-06 5.00964e-06 0.0102639 -0.0189558 7.10657e-06 -6.5781e-06 -0.0189558 0.093955 
0.0103135 -0.0189192 -1.48292e-05 1.46844e-05 -0.0189192 0.0935306 1.55013e-05 -3.716e-05 -1.48292e-05 1.55013e-05 0.010285 -0.0189835 1.46844e-05 -3.716e-05 -0.0189835 0.0941142 
0.0103246 -0.0189651 -9.86933e-06 2.10385e-05 -0.0189651 0.093802 2.62469e-05 -6.15584e-05 -9.86933e-06 2.62469e-05 0.0103199 -0.0190392 2.10385e-05 -6.15584e-05 -0.0190392 0.0943767 
0.0103422 -0.0189885 -6.02273e-06 1.33958e-05 -0.0189885 0.0939961 2.12736e-05 -6.32249e-05 -6.02273e-06 2.12736e-05 0.010346 -0.019092 1.33958e-05 -6.32249e-05 -0.019092 0.094617 
0.0103449 -0.0189757 -7.48365e-06 7.75109e-06 -0.0189757 0.0939605 1.59108e-05 -5.0799e-05 -7.48365e-06 1.59108e-05 0.0103541 -0.0190959 7.75109e-06 -5.0799e-05 -0.0190959 0.0946365 
0.0103906 -0.019011 1.6026e-06 9.17763e-06 -0.019011 0.094118 1.70187e-05 -4.67762e-05 1.6026e-06 1.70187e-05 0.010362 -0.0191438 9.17763e-06 -4.67762e-05 -0.0191438 0.0948419 
0.0104361 -0.0190786 8.91997e-06 -7.74926e-07 -0.0190786 0.0943367 2.5938e-06 -2.66274e-05 8.91997e-06 2.5938e-06 0.0103613 -0.0191666 -7.74926e-07 -2.66274e-05 -0.0191666 0.0950159 
0.0104362 -0.0190973 7.04471e-06 -8.25313e-06 -0.0190973 0.0943369 -1.04553e-05 1.77227e-06 7.04471e-06 -1.04553e-05 0.0103437 -0.0191204 -8.25313e-06 1.77227e-06 -0.0191204 0.0948756 
0.0104292 -0.0190882 1.10497e-05 -6.61935e-06 -0.0190882 0.0942795 -6.68202e-06 8.41932e-06 1.10497e-05 -6.68202e-06 0.0103309 -0.0190805 -6.61935e-06 8.41932e-06 -0.0190805 0.0946959 
0.0104481 -0.0191189 1.7372e-05 -1.09431e-05 -0.0191189 0.0944284 -6.41138e-06 7.77632e-06 1.7372e-05 -6.41138e-06 0.0103357 -0.0191031 -1.09431e-05 7.77632e-06 -0.0191031 0.0947844 
0.0104505 -0.0191391 1.9826e-05 -2.02975e-05 -0.0191391 0.0945123 -1.19921e-05 1.85779e-05 1.9826e-05 -1.19921e-05 0.0103393 -0.0191053 -2.02975e-05 1.85779e-05 -0.0191053 0.0948222 
0.010456 -0.0191827 1.44577e-05 -2.16772e-05 -0.0191827 0.0947526 -1.39103e-05 2.33339e-05 1.44577e-05 -1.39103e-05 0.0103818 -0.0191471 -2.16772e-05 2.33339e-05 -0.0191471 0.095036 
0.0104447 -0.0191631 7.98559e-06 -1.37741e-05 -0.0191631 0.0947479 -9.97277e-06 1.60393e-05 7.98559e-06 -9.97277e-06 0.0104009 -0.0191759 -1.37741e-05 1.60393e-05 -0.0191759 0.0951002 
0.0104252 -0.0190995 4.08721e-06 -3.74002e-06 -0.0190995 0.0944848 -1.55322e-06 -4.96052e-06 4.08721e-06 -1.55322e-06 0.0103889 -0.019157 -3.74002e-06 -4.96052e-06 -0.019157 0.0949532 
0.0104295 -0.0190819 2.27353e-06 2.88258e-06 -0.0190819 0.094368 3.70965e-06 -2.53501e-05 2.27353e-06 3.70965e-06 0.0103766 -0.0191572 2.88258e-06 -2.53501e-05 -0.0191572 0.0949262 
0.0104387 -0.0190841 -1.07215e-05 7.43327e-06 -0.0190841 0.0943171 4.67529e-06 -3.71007e-05 -1.07215e-05 4.67529e-06 0.0103666 -0.0191477 7.43327e-06 -3.71007e-05 -0.0191477 0.0949003 
0.0104503 -0.0191332 -5.67742e-06 2.54084e-05 -0.0191332 0.0944949 1.87173e-05 -6.54409e-05 -5.67742e-06 1.87173e-05 0.0103875 -0.0191728 2.54084e-05 -6.54409e-05 -0.0191728 0.0950495 
0.0104596 -0.019146 1.18662e-06 1.94916e-05 -0.019146 0.0945875 1.01119e-05 -6.70591e-05 1.18662e-06 1.01119e-05 0.0103942 -0.0191967 1.94916e-05 -6.70591e-05 -0.0191967 0.0951431 
0.0104752 -0.0191802 -5.09268e-06 6.30999e-06 -0.0191802 0.0947577 -5.86506e-06 -3.27401e-05 -5.09268e-06 -5.86506e-06 0.0104196 -0.0192298 6.30999e-06 -3.27401e-05 -0.0192298 0.0953242 
0.0105008 -0.019204 -3.99641e-06 9.29505e-06 -0.019204 0.0948884 -3.25498e-06 -1.23534e-05 -3.99641e-06 -3.25498e-06 0.0104289 -0.0192639 9.29505e-06 -1.23534e-05 -0.0192639 0.0954709 
0.0105017 -0.0192198 -3.05837e-07 6.93679e-06 -0.0192198 0.0949228 -2.4738e-06 -4.99727e-06 -3.05837e-07 -2.4738e-06 0.0104396 -0.019263 6.93679e-06 -4.99727e-06 -0.019263 0.0954929 
0.0104767 -0.0191933 -6.81394e-06 -1.84567e-07 -0.0191933 0.0948089 -7.41079e-06 9.94377e-06 -6.81394e-06 -7.41079e-06 0.0104442 -0.0192513 -1.84567e-07 9.94377e-06 -0.0192513 0.0953958 
0.0104705 -0.0191768 -1.31715e-05 6.51691e-06 -0.0191768 0.0947799 -2.20941e-06 1.05006e-05 -1.31715e-05 -2.20941e-06 0.0104504 -0.0192743 6.51691e-06 1.05006e-05 -0.0192743 0.0954442 
0.0104766 -0.0192023 -9.51324e-06 1.51368e-05 -0.0192023 0.0949203 4.75204e-06 -9.42887e-07 -9.51324e-06 4.75204e-06 0.0104735 -0.0193196 1.51368e-05 -9.42887e-07 -0.0193196 0.0956607 
0.0104937 -0.019226 3.42204e-06 1.08957e-05 -0.019226 0.0950819 1.37704e-06 -1.29921e-06 3.42204e-06 1.37704e-06 0.0104984 -0.0193676 1.08957e-05 -1.29921e-06 -0.0193676 0.0958947 
0.0105183 -0.0192573 6.80577e-06 -7.71587e-06 -0.0192573 0.0952464 -1.34598e-05 2.73483e-05 6.80577e-06 -1.34598e-05 0.0105092 -0.0194103 -7.71587e-06 2.73483e-05 -0.0194103 0.0961115 
0.0104855 -0.0192166 -2.81105e-06 -1.69305e-05 -0.0192166 0.0950218 -1.87103e-05 5.78727e-05 -2.81105e-06 -1.87103e-05 0.0104984 -0.0193497 -1.69305e-05 5.78727e-05 -0.0193497 0.0958706 
0.0104659 -0.0191359 -1.15613e-05 -6.48892e-06 -0.0191359 0.0946589 -7.67419e-06 5.49622e-05 -1.15613e-05 -7.67419e-06 0.0104596 -0.019293 -6.48892e-06 5.49622e-05 -0.019293 0.0955253 
0.0104601 -0.0191483 -5.80863e-06 5.40177e-06 -0.0191483 0.0946292 3.62182e-06 3.18668e-05 -5.80863e-06 3.62182e-06 0.0104616 -0.0192807 5.40177e-06 3.18668e-05 -0.0192807 0.0954734 
0.010473 -0.0192094 -7.96098e-06 -1.15777e-06 -0.0192094 0.0949348 -2.24725e-06 3.00176e-05 -7.96098e-06 -2.24725e-06 0.0105042 -0.0193453 -1.15777e-06 3.00176e-05 -0.0193453 0.0957581 
0.010475 -0.019199 -1.0182e-05 -1.92101e-06 -0.019199 0.0949657 -3.64744e-06 4.0014e-05 -1.0182e-05 -3.64744e-06 0.0105099 -0.0193715 -1.92101e-06 4.0014e-05 -0.0193715 0.0958394 
0.0104858 -0.0192009 -3.55054e-06 2.63742e-07 -0.0192009 0.0949853 -1.84244e-06 4.23157e-05 -3.55054e-06 -1.84244e-06 0.0105177 -0.0193858 2.63742e-07 4.23157e-05 -0.0193858 0.0959159 
0.0105083 -0.0192154 -9.89234e-06 -6.34029e-06 -0.0192154 0.095026 -9.33792e-06 5.34576e-05 -9.89234e-06 -9.33792e-06 0.0105123 -0.0193988 -6.34029e-06 5.34576e-05 -0.0193988 0.0959778 
0.0105061 -0.019218 -2.26507e-06 1.83113e-06 -0.019218 0.0949664 -1.63811e-06 4.77392e-05 -2.26507e-06 -1.63811e-06 0.0105047 -0.0193689 1.83113e-06 4.77392e-05 -0.0193689 0.0958772 
0.0104959 -0.019193 -3.20783e-06 -8.82639e-06 -0.019193 0.0948222 -8.84316e-06 5.53978e-05 -3.20783e-06 -8.84316e-06 0.0104926 -0.0193364 -8.82639e-06 5.53978e-05 -0.0193364 0.0956963 
0.0105072 -0.0192251 -3.87872e-06 -8.92138e-06 -0.0192251 0.0949508 -1.15387e-05 6.71737e-05 -3.87872e-06 -1.15387e-05 0.0105058 -0.019368 -8.92138e-06 6.71737e-05 -0.019368 0.0958174 
0.0105454 -0.0193095 -1.12156e-05 -6.85888e-06 -0.0193095 0.0953771 -1.1805e-05 6.96762e-05 -1.12156e-05 -1.1805e-05 0.010554 -0.0194595 -6.85888e-06 6.96762e-05 -0.0194595 0.0962621 
0.0105808 -0.0193656 -7.91686e-06 1.20734e-06 -0.0193656 0.0956952 -2.0758e-06 5.6987e-05 -7.91686e-06 -2.0758e-06 0.0105867 -0.0195339 1.20734e-06 5.6987e-05 -0.0195339 0.0966266 
0.0105874 -0.0193489 -3.65391e-06 -1.37624e-06 -0.0193489 0.0956216 -2.47789e-06 4.76723e-05 -3.65391e-06 -2.47789e-06 0.0105687 -0.0195197 -1.37624e-06 4.76723e-05 -0.0195197 0.0965868 
0.0105963 -0.0193725 3.19393e-06 -6.38258e-06 -0.0193725 0.0956867 -4.80513e-06 4.93422e-05 3.19393e-06 -4.80513e-06 0.0105742 -0.0195187 -6.38258e-06 4.93422e-05 -0.0195187 0.0966347 
0.01059 -0.0193768 4.61227e-06 -1.38994e-05 -0.0193768 0.0957009 -1.04267e-05 5.70633e-05 4.61227e-06 -1.04267e-05 0.0105801 -0.0195146 -1.38994e-05 5.70633e-05 -0.0195146 0.0966202 
0.010587 -0.0193928 -6.22325e-07 -1.69651e-05 -0.0193928 0.0958112 -1.30139e-05 6.58326e-05 -6.22325e-07 -1.30139e-05 0.0106049 -0.0195426 -1.69651e-05 6.58326e-05 -0.0195426 0.0967359 
0.010584 -0.0193691 -1.13241e-05 -1.20896e-05 -0.0193691 0.0957524 -9.06552e-06 6.47624e-05 -1.13241e-05 -9.06552e-06 0.0106078 -0.0195502 -1.20896e-05 6.47624e-05 -0.0195502 0.0967279 
