0.00606792 0 -1.20362e-05 0 0 0.00865402 0 0 -1.20362e-05 0 0.00613191 0 0 0 0 0.00865402 
0.00931249 -0.0115624 -1.70399e-05 2.09269e-05 -0.0115624 0.0307497 2.09269e-05 -4.01706e-05 -1.70399e-05 2.09269e-05 0.00937119 -0.0116286 2.09269e-05 -4.01706e-05 -0.0116286 0.0308766 
0.00963807 -0.0180258 -1.60139e-05 2.47665e-05 -0.0180258 0.0664671 2.47665e-05 -7.83557e-05 -1.60139e-05 2.47665e-05 0.00964096 -0.0179012 2.47665e-05 -7.83557e-05 -0.0179012 0.0660089 
0.00915038 -0.0178466 5.93658e-06 8.49323e-06 -0.0178466 0.0802158 8.07703e-06 -1.61017e-05 5.93658e-06 8.07703e-06 0.00912354 -0.0174801 8.49323e-06 -1.61017e-05 -0.0174801 0.0782958 
0.00887043 -0.0168084 1.95172e-05 -1.72352e-05 -0.0168084 0.0815205 -2.12386e-05 6.58877e-05 1.95172e-05 -2.12386e-05 0.00888673 -0.0164628 -1.72352e-05 6.58877e-05 -0.0164628 0.0791455 
0.00865476 -0.0160739 7.35471e-06 -3.105e-05 -0.0160739 0.0794848 -3.56233e-05 0.000110043 7.35471e-06 -3.56233e-05 0.00870318 -0.015883 -3.105e-05 0.000110043 -0.015883 0.077657 
0.00843071 -0.0155462 3.05064e-06 -1.62235e-05 -0.0155462 0.0770464 -1.94753e-05 9.25554e-05 3.05064e-06 -1.94753e-05 0.00847226 -0.0154514 -1.62235e-05 9.25554e-05 -0.0154514 0.0758445 
0.00818934 -0.0150917 4.06202e-06 -6.86104e-06 -0.0150917 0.0747441 -1.06612e-05 5.80603e-05 4.06202e-06 -1.06612e-05 0.00823895 -0.0150032 -6.86104e-06 5.80603e-05 -0.0150032 0.073864 
0.00962244 -0.0176893 6.59036e-06 -5.90982e-06 -0.0176893 0.0875884 -1.20261e-05 4.6847e-05 6.59036e-06 -1.20261e-05 0.00965889 -0.0175885 -5.90982e-06 4.6847e-05 -0.0175885 0.0866762 
0.00948594 -0.0174566 1.66063e-05 -6.6211e-06 -0.0174566 0.0863119 -1.45033e-05 4.1364e-05 1.66063e-05 -1.45033e-05 0.00951442 -0.017316 -6.6211e-06 4.1364e-05 -0.017316 0.0853709 
0.00940296 -0.017299 3.26609e-06 -1.64975e-05 -0.017299 0.085496 -2.49875e-05 5.17448e-05 3.26609e-06 -2.49875e-05 0.00942344 -0.0171389 -1.64975e-05 5.17448e-05 -0.0171389 0.0844806 
0.00935988 -0.0172443 -1.53365e-05 -4.6136e-06 -0.0172443 0.08518 -1.10657e-05 4.14307e-05 -1.53365e-05 -1.10657e-05 0.0093958 -0.0170735 -4.6136e-06 4.14307e-05 -0.0170735 0.0841111 
0.00932039 -0.0171885 -2.30305e-05 1.91624e-05 -0.0171885 0.084925 1.4121e-05 -6.29099e-06 -2.30305e-05 1.4121e-05 0.00936906 -0.0170373 1.91624e-05 -6.29099e-06 -0.0170373 0.0838668 
0.00929829 -0.0171423 -1.95195e-05 2.97612e-05 -0.0171423 0.0847327 2.66446e-05 -4.99396e-05 -1.95195e-05 2.66446e-05 0.00933863 -0.0170103 2.97612e-05 -4.99396e-05 -0.0170103 0.0837203 
0.00924932 -0.0170831 -1.31803e-05 2.54295e-05 -0.0170831 0.0844399 2.43493e-05 -6.2177e-05 -1.31803e-05 2.43493e-05 0.00930564 -0.0169449 2.54295e-05 -6.2177e-05 -0.0169449 0.0834467 
0.00921959 -0.0170334 -1.85733e-05 1.77519e-05 -0.0170334 0.0842637 1.70628e-05 -5.295e-05 -1.85733e-05 1.70628e-05 0.00928817 -0.016917 1.77519e-05 -5.295e-05 -0.016917 0.0833123 
0.00920377 -0.0170057 -2.45786e-05 2.25337e-05 -0.0170057 0.0841747 2.42494e-05 -5.70948e-05 -2.45786e-05 2.42494e-05 0.00928775 -0.0169116 2.25337e-05 -5.70948e-05 -0.0169116 0.08329 
0.00920311 -0.0170097 -1.18996e-05 2.87629e-05 -0.0170097 0.0842219 3.4041e-05 -7.43137e-05 -1.18996e-05 3.4041e-05 0.00930214 -0.0169368 2.87629e-05 -7.43137e-05 -0.0169368 0.0834039 
0.00921735 -0.0169974 7.54893e-06 1.37924e-05 -0.0169974 0.0841894 1.87392e-05 -6.01103e-05 7.54893e-06 1.87392e-05 0.00928644 -0.0169433 1.37924e-05 -6.01103e-05 -0.0169433 0.0834309 
0.0092462 -0.0170414 7.7298e-06 -9.55178e-06 -0.0170414 0.0843392 -8.61537e-06 -8.15817e-06 7.7298e-06 -8.61537e-06 0.0092849 -0.0169556 -9.55178e-06 -8.15817e-06 -0.0169556 0.0835631 
0.00925675 -0.0170652 -5.90479e-06 -1.00762e-05 -0.0170652 0.0844134 -1.24317e-05 2.20262e-05 -5.90479e-06 -1.24317e-05 0.00928203 -0.0169432 -1.00762e-05 2.20262e-05 -0.0169432 0.0835665 
0.00921101 -0.0170164 -1.5944e-05 9.28836e-06 -0.0170164 0.0841703 4.24318e-06 4.22306e-07 -1.5944e-05 4.24318e-06 0.00926568 -0.0168837 9.28836e-06 4.22306e-07 -0.0168837 0.0832845 
0.00919088 -0.0169193 -1.88109e-05 2.45953e-05 -0.0169193 0.0837785 1.95075e-05 -4.0106e-05 -1.88109e-05 1.95075e-05 0.00921426 -0.0168334 2.45953e-05 -4.0106e-05 -0.0168334 0.0829687 
0.00916998 -0.0168804 -4.38233e-06 2.63447e-05 -0.0168804 0.0834885 2.34594e-05 -6.12078e-05 -4.38233e-06 2.34594e-05 0.00917811 -0.0167635 2.63447e-05 -6.12078e-05 -0.0167635 0.0826884 
0.00915384 -0.0168907 5.44707e-06 5.75505e-06 -0.0168907 0.0834849 4.23795e-06 -3.39113e-05 5.44707e-06 4.23795e-06 0.00918101 -0.0167453 5.75505e-06 -3.39113e-05 -0.0167453 0.0826197 
0.00914237 -0.0168714 5.04007e-08 -6.3656e-06 -0.0168714 0.0834454 -1.01957e-05 4.53546e-06 5.04007e-08 -1.01957e-05 0.00917744 -0.0167447 -6.3656e-06 4.53546e-06 -0.0167447 0.0825744 
0.00915497 -0.0168844 -9.11361e-06 -9.4672e-07 -0.0168844 0.0835363 -5.44621e-06 1.48508e-05 -9.11361e-06 -5.44621e-06 0.00918307 -0.01677 -9.4672e-07 1.48508e-05 -0.01677 0.082693 
0.00918113 -0.0169178 -7.81744e-06 8.88042e-06 -0.0169178 0.0836913 1.07272e-05 -7.56492e-06 -7.81744e-06 1.07272e-05 0.00918536 -0.0167959 8.88042e-06 -7.56492e-06 -0.0167959 0.0828492 
0.00921069 -0.0169522 -2.51504e-06 6.51434e-06 -0.0169522 0.0838276 1.49631e-05 -2.35203e-05 -2.51504e-06 1.49631e-05 0.00918036 -0.0168027 6.51434e-06 -2.35203e-05 -0.0168027 0.0829425 
0.00924016 -0.0170126 -5.52021e-06 3.08844e-07 -0.0170126 0.0840619 9.49737e-06 -1.97888e-05 -5.52021e-06 9.49737e-06 0.00919328 -0.0168146 3.08844e-07 -1.97888e-05 -0.0168146 0.0830733 
0.00924381 -0.0170418 5.11136e-07 4.31347e-06 -0.0170418 0.0841831 8.66074e-06 -1.64915e-05 5.11136e-07 8.66074e-06 0.00921114 -0.0168145 4.31347e-06 -1.64915e-05 -0.0168145 0.0830919 
0.00926944 -0.0170521 1.74835e-05 -1.47318e-06 -0.0170521 0.0842716 -2.79999e-06 -1.16691e-06 1.74835e-05 -2.79999e-06 0.0092128 -0.0168416 -1.47318e-06 -1.16691e-06 -0.0168416 0.083165 
0.00927002 -0.0170751 2.13902e-05 -2.40614e-05 -0.0170751 0.084313 -2.50699e-05 4.39002e-05 2.13902e-05 -2.50699e-05 0.00922636 -0.0168348 -2.40614e-05 4.39002e-05 -0.0168348 0.0831624 
0.00926799 -0.0170891 5.24279e-06 -3.23741e-05 -0.0170891 0.0843977 -3.0127e-05 7.85853e-05 5.24279e-06 -3.0127e-05 0.00925255 -0.0168602 -3.23741e-05 7.85853e-05 -0.0168602 0.0832312 
0.00926215 -0.017097 -4.95492e-06 -1.51416e-05 -0.017097 0.0844806 -1.00893e-05 6.3776e-05 -4.95492e-06 -1.00893e-05 0.00926542 -0.0169027 -1.51416e-05 6.3776e-05 -0.0169027 0.0833654 
0.00925001 -0.0170625 -1.08982e-05 -1.43335e-06 -0.0170625 0.0843788 5.35954e-06 2.79143e-05 -1.08982e-05 5.35954e-06 0.00924661 -0.0168989 -1.43335e-06 2.79143e-05 -0.0168989 0.0833464 
0.00922729 -0.0170108 -1.62335e-05 5.90332e-06 -0.0170108 0.0841404 1.30794e-05 1.6353e-06 -1.62335e-05 1.30794e-05 0.0092204 -0.0168475 5.90332e-06 1.6353e-06 -0.0168475 0.083154 
0.00922271 -0.0169637 -2.57943e-05 1.28278e-05 -0.0169637 0.0839011 2.00525e-05 -1.82199e-05 -2.57943e-05 2.00525e-05 0.00917705 -0.0167971 1.28278e-05 -1.82199e-05 -0.0167971 0.082925 
0.00922567 -0.0169628 -3.57421e-05 2.72075e-05 -0.0169628 0.083806 3.09681e-05 -4.74347e-05 -3.57421e-05 3.09681e-05 0.00915343 -0.0167474 2.72075e-05 -4.74347e-05 -0.0167474 0.082758 
0.00922289 -0.0169649 -2.34936e-05 4.27933e-05 -0.0169649 0.0837565 4.14292e-05 -8.12842e-05 -2.34936e-05 4.14292e-05 0.00912806 -0.0167108 4.27933e-05 -8.12842e-05 -0.0167108 0.0826025 
0.00919549 -0.0169453 -1.05925e-05 3.08305e-05 -0.0169453 0.083644 2.71704e-05 -7.89516e-05 -1.05925e-05 2.71704e-05 0.00911086 -0.0166621 3.08305e-05 -7.89516e-05 -0.0166621 0.0824 
0.00918415 -0.0169295 1.21165e-05 1.37451e-05 -0.0169295 0.083623 9.23905e-06 -4.43733e-05 1.21165e-05 9.23905e-06 0.00911136 -0.0166596 1.37451e-05 -4.43733e-05 -0.0166596 0.0823666 
0.00914871 -0.0168779 1.27299e-05 -1.30888e-05 -0.0168779 0.0834071 -1.90167e-05 1.23776e-05 1.27299e-05 -1.90167e-05 0.00910622 -0.0166286 -1.30888e-05 1.23776e-05 -0.0166286 0.082195 
0.00911258 -0.0168122 7.24986e-06 -1.43181e-05 -0.0168122 0.0831379 -2.15123e-05 4.24026e-05 7.24986e-06 -2.15123e-05 0.00910006 -0.0166072 -1.43181e-05 4.24026e-05 -0.0166072 0.0820247 
0.00910102 -0.0168018 6.84633e-06 -6.14895e-06 -0.0168018 0.0831218 -1.36469e-05 3.4741e-05 6.84633e-06 -1.36469e-05 0.00912162 -0.0166432 -6.14895e-06 3.4741e-05 -0.0166432 0.0821399 
0.0091323 -0.0168398 9.93541e-06 -5.69115e-06 -0.0168398 0.0833522 -9.61192e-06 2.27958e-05 9.93541e-06 -9.61192e-06 0.00914982 -0.0167248 -5.69115e-06 2.27958e-05 -0.0167248 0.0824989 
0.00915461 -0.0168784 7.54893e-06 -9.51416e-06 -0.0168784 0.0835169 -1.03898e-05 2.04196e-05 7.54893e-06 -1.03898e-05 0.00916973 -0.0167571 -9.51416e-06 2.04196e-05 -0.0167571 0.0827055 
0.00917141 -0.0169059 2.01379e-06 -8.1004e-06 -0.0169059 0.083637 -7.96562e-06 1.79296e-05 2.01379e-06 -7.96562e-06 0.00918099 -0.0167764 -8.1004e-06 1.79296e-05 -0.0167764 0.0828129 
0.00917153 -0.0168975 -7.81006e-06 -1.91111e-07 -0.0168975 0.0835789 -9.71815e-07 4.60149e-06 -7.81006e-06 -9.71815e-07 0.0091768 -0.0167577 -1.91111e-07 4.60149e-06 -0.0167577 0.0827283 
0.00918133 -0.0169157 1.98574e-06 9.88998e-06 -0.0169157 0.0836405 9.04897e-06 -1.45458e-05 1.98574e-06 9.04897e-06 0.00919258 -0.0167699 9.88998e-06 -1.45458e-05 -0.0167699 0.082766 
0.00919075 -0.0169514 1.19779e-05 -1.98988e-06 -0.0169514 0.0838038 -2.5763e-06 -5.0416e-06 1.19779e-05 -2.5763e-06 0.00922135 -0.016814 -1.98988e-06 -5.0416e-06 -0.016814 0.0829325 
0.00921094 -0.0169716 3.37658e-06 -1.38983e-05 -0.0169716 0.0839322 -1.57402e-05 2.32859e-05 3.37658e-06 -1.57402e-05 0.0092278 -0.0168543 -1.38983e-05 2.32859e-05 -0.0168543 0.0830897 
0.00921309 -0.0169887 -1.48403e-05 -5.27295e-06 -0.0169887 0.0839874 -5.09284e-06 2.15677e-05 -1.48403e-05 -5.09284e-06 0.00922799 -0.0168527 -5.27295e-06 2.15677e-05 -0.0168527 0.083128 
0.00920556 -0.0169774 -2.82592e-05 1.79004e-05 -0.0169774 0.0839461 2.11255e-05 -2.37461e-05 -2.82592e-05 2.11255e-05 0.00922218 -0.0168326 1.79004e-05 -2.37461e-05 -0.0168326 0.0830483 
0.00920813 -0.0169944 -1.2709e-05 3.65172e-05 -0.0169944 0.0840428 3.93357e-05 -7.6674e-05 -1.2709e-05 3.93357e-05 0.00923639 -0.0168514 3.65172e-05 -7.6674e-05 -0.0168514 0.0831297 
0.00922274 -0.0170044 8.67905e-06 1.77974e-05 -0.0170044 0.0841252 1.94643e-05 -6.83763e-05 8.67905e-06 1.94643e-05 0.00923996 -0.0168744 1.77974e-05 -6.83763e-05 -0.0168744 0.083226 
0.00924551 -0.0170407 1.79984e-05 -1.36941e-05 -0.0170407 0.084286 -1.30393e-05 -8.58731e-07 1.79984e-05 -1.30393e-05 0.00924733 -0.0169004 -1.36941e-05 -8.58731e-07 -0.0169004 0.0833829 
0.00924034 -0.017028 8.73996e-06 -2.89014e-05 -0.017028 0.0842052 -2.76776e-05 5.89579e-05 8.73996e-06 -2.76776e-05 0.00923268 -0.0168674 -2.89014e-05 5.89579e-05 -0.0168674 0.0832655 
0.00921828 -0.0170142 3.31844e-07 -1.85427e-05 -0.0170142 0.0841182 -1.68056e-05 6.60314e-05 3.31844e-07 -1.68056e-05 0.0092305 -0.0168359 -1.85427e-05 6.60314e-05 -0.0168359 0.0831264 
0.00918271 -0.0169586 -1.18061e-05 -8.44577e-06 -0.0169586 0.0838902 -3.37397e-06 4.3828e-05 -1.18061e-05 -3.37397e-06 0.00922337 -0.0168011 -8.44577e-06 4.3828e-05 -0.0168011 0.0829059 
0.00915394 -0.0169019 -2.07843e-05 4.25734e-06 -0.0169019 0.0836621 1.2297e-05 1.30212e-05 -2.07843e-05 1.2297e-05 0.00921989 -0.0167889 4.25734e-06 1.30212e-05 -0.0167889 0.0827676 
0.00917075 -0.0169204 -1.89703e-05 1.60056e-05 -0.0169204 0.0837694 2.40694e-05 -1.78068e-05 -1.89703e-05 2.40694e-05 0.0092363 -0.016843 1.60056e-05 -1.78068e-05 -0.016843 0.0829784 
0.00919634 -0.0169515 -8.49094e-06 1.49794e-05 -0.0169515 0.0839108 1.87426e-05 -2.27398e-05 -8.49094e-06 1.87426e-05 0.00925204 -0.0168807 1.49794e-05 -2.27398e-05 -0.0168807 0.0831809 
0.00923365 -0.0170236 1.04228e-05 1.86118e-06 -0.0170236 0.0842234 2.56252e-06 3.59055e-06 1.04228e-05 2.56252e-06 0.00928277 -0.0169377 1.86118e-06 3.59055e-06 -0.0169377 0.0834867 
0.00928209 -0.0170773 1.80671e-05 -2.49782e-05 -0.0170773 0.0844749 -2.25681e-05 6.09808e-05 1.80671e-05 -2.25681e-05 0.00928367 -0.0169792 -2.49782e-05 6.09808e-05 -0.0169792 0.0837074 
0.00930766 -0.017114 2.42761e-05 -3.83696e-05 -0.017114 0.0845616 -3.29152e-05 0.000109457 2.42761e-05 -3.29152e-05 0.00927401 -0.0169507 -3.83696e-05 0.000109457 -0.0169507 0.0836724 
0.00930135 -0.0171253 2.58354e-05 -4.50093e-05 -0.0171253 0.0845451 -3.85728e-05 0.000134654 2.58354e-05 -3.85728e-05 0.00926351 -0.0169083 -4.50093e-05 0.000134654 -0.0169083 0.0834961 
0.00929575 -0.0171416 1.9685e-05 -4.50191e-05 -0.0171416 0.0846367 -3.93587e-05 0.000141546 1.9685e-05 -3.93587e-05 0.00927831 -0.0169148 -4.50191e-05 0.000141546 -0.0169148 0.0834981 
0.00930723 -0.0171323 2.48797e-05 -3.36196e-05 -0.0171323 0.0846485 -3.06762e-05 0.000124272 2.48797e-05 -3.06762e-05 0.00927128 -0.0169307 -3.36196e-05 0.000124272 -0.0169307 0.083519 
0.00932076 -0.0171768 2.4387e-05 -3.54099e-05 -0.0171768 0.0848263 -3.63328e-05 0.000116316 2.4387e-05 -3.63328e-05 0.00929238 -0.0169554 -3.54099e-05 0.000116316 -0.0169554 0.0836794 
0.00931572 -0.017161 2.35323e-05 -3.52691e-05 -0.017161 0.0847739 -3.87716e-05 0.00011767 2.35323e-05 -3.87716e-05 0.0092916 -0.0169455 -3.52691e-05 0.00011767 -0.0169455 0.0836165 
0.00930131 -0.0171321 5.38658e-06 -3.33742e-05 -0.0171321 0.0846271 -3.70898e-05 0.000114246 5.38658e-06 -3.70898e-05 0.00929611 -0.0169245 -3.33742e-05 0.000114246 -0.0169245 0.0834879 
0.00926994 -0.0170831 -8.01858e-06 -9.75539e-06 -0.0170831 0.0843703 -1.421e-05 7.52081e-05 -8.01858e-06 -1.421e-05 0.00929814 -0.0168939 -9.75539e-06 7.52081e-05 -0.0168939 0.0832631 
0.00926274 -0.0170648 -5.5122e-06 9.6506e-06 -0.0170648 0.0842806 4.24485e-06 2.21357e-05 -5.5122e-06 4.24485e-06 0.00929822 -0.0169101 9.6506e-06 2.21357e-05 -0.0169101 0.0832317 
0.00926675 -0.0170738 -1.70267e-05 8.07485e-06 -0.0170738 0.0843063 2.12799e-06 2.2447e-06 -1.70267e-05 2.12799e-06 0.00928875 -0.0169282 8.07485e-06 2.2447e-06 -0.0169282 0.0832954 
0.00928844 -0.0171542 -2.96909e-05 1.99348e-05 -0.0171542 0.0846933 1.47031e-05 -1.85246e-05 -2.96909e-05 1.47031e-05 0.00931574 -0.0169886 1.99348e-05 -1.85246e-05 -0.0169886 0.0836537 
0.00927326 -0.0171464 -2.54743e-05 3.76176e-05 -0.0171464 0.0847482 3.24421e-05 -5.98405e-05 -2.54743e-05 3.24421e-05 0.00932075 -0.0169895 3.76176e-05 -5.98405e-05 -0.0169895 0.0837064 
0.00925364 -0.0170832 -2.21377e-05 3.62704e-05 -0.0170832 0.0845363 2.95056e-05 -7.90136e-05 -2.21377e-05 2.95056e-05 0.0092992 -0.016959 3.62704e-05 -7.90136e-05 -0.016959 0.0835605 
0.00925231 -0.0170659 -1.49523e-05 3.29357e-05 -0.0170659 0.084451 2.36223e-05 -7.65799e-05 -1.49523e-05 2.36223e-05 0.0092844 -0.0169471 3.29357e-05 -7.65799e-05 -0.0169471 0.0835266 
0.00922429 -0.017011 -8.24326e-06 2.54732e-05 -0.017011 0.0841627 1.4201e-05 -6.26271e-05 -8.24326e-06 1.4201e-05 0.00924618 -0.0168822 2.54732e-05 -6.26271e-05 -0.0168822 0.0832513 
0.00919259 -0.0169674 -1.75852e-05 1.59613e-05 -0.0169674 0.0839418 9.44193e-06 -4.78223e-05 -1.75852e-05 9.44193e-06 0.00922973 -0.0168314 1.59613e-05 -4.78223e-05 -0.0168314 0.0830305 
0.00920162 -0.0169551 -1.51732e-05 2.53713e-05 -0.0169551 0.0839226 2.32164e-05 -5.97386e-05 -1.51732e-05 2.32164e-05 0.00922275 -0.0168459 2.53713e-05 -5.97386e-05 -0.0168459 0.0830636 
0.00920095 -0.0169467 -1.60067e-05 2.28444e-05 -0.0169467 0.0838397 2.14014e-05 -6.70164e-05 -1.60067e-05 2.14014e-05 0.00921859 -0.0168266 2.28444e-05 -6.70164e-05 -0.0168266 0.0830084 
0.00920084 -0.0169588 -1.22667e-05 2.2871e-05 -0.0169588 0.0838625 2.2121e-05 -6.73561e-05 -1.22667e-05 2.2121e-05 0.00922199 -0.0168307 2.2871e-05 -6.73561e-05 -0.0168307 0.0830206 
0.00919246 -0.0169221 -1.14221e-05 1.63354e-05 -0.0169221 0.0836845 1.71035e-05 -5.78711e-05 -1.14221e-05 1.71035e-05 0.00919747 -0.0167954 1.63354e-05 -5.78711e-05 -0.0167954 0.0828396 
0.0092106 -0.0169283 -4.6283e-06 1.75051e-05 -0.0169283 0.0836647 1.76608e-05 -5.62723e-05 -4.6283e-06 1.76608e-05 0.0091711 -0.0167819 1.75051e-05 -5.62723e-05 -0.0167819 0.08279 
0.00921457 -0.0169356 -4.42225e-06 1.43439e-05 -0.0169356 0.0836056 1.08378e-05 -5.32294e-05 -4.42225e-06 1.08378e-05 0.00914018 -0.0167285 1.43439e-05 -5.32294e-05 -0.0167285 0.0826134 
0.00923714 -0.0169976 -3.21124e-06 1.66745e-05 -0.0169976 0.0838591 9.34492e-06 -5.33794e-05 -3.21124e-06 9.34492e-06 0.00913717 -0.0167402 1.66745e-05 -5.33794e-05 -0.0167402 0.0827219 
0.00922897 -0.0170212 -2.00986e-06 1.67839e-05 -0.0170212 0.0839899 8.35271e-06 -5.55797e-05 -2.00986e-06 8.35271e-06 0.0091504 -0.016728 1.67839e-05 -5.55797e-05 -0.016728 0.0827318 
0.00918699 -0.0169658 -9.93171e-06 1.27095e-05 -0.0169658 0.0838041 7.1042e-06 -5.14873e-05 -9.93171e-06 7.1042e-06 0.00915298 -0.0166956 1.27095e-05 -5.14873e-05 -0.0166956 0.0825324 
0.00915778 -0.0168778 -1.74206e-05 1.76566e-05 -0.0168778 0.0834621 1.71611e-05 -5.78762e-05 -1.74206e-05 1.71611e-05 0.00913148 -0.0166676 1.76566e-05 -5.78762e-05 -0.0166676 0.0822952 
0.00913193 -0.016829 -3.91641e-06 2.41361e-05 -0.016829 0.0831931 2.72708e-05 -7.42448e-05 -3.91641e-06 2.72708e-05 0.00911378 -0.016636 2.41361e-05 -7.42448e-05 -0.016636 0.0821121 
0.00913109 -0.0168281 1.01886e-05 9.30877e-06 -0.0168281 0.083175 1.1311e-05 -5.81159e-05 1.01886e-05 1.1311e-05 0.00910184 -0.0166449 9.30877e-06 -5.81159e-05 -0.0166449 0.0821379 
0.00914629 -0.0168467 1.75431e-05 -7.23753e-06 -0.0168467 0.0832691 -9.11946e-06 -1.63545e-05 1.75431e-05 -9.11946e-06 0.00909775 -0.016657 -7.23753e-06 -1.63545e-05 -0.016657 0.0822465 
0.0091613 -0.0168825 1.47025e-05 -1.50402e-05 -0.0168825 0.083423 -1.82716e-05 1.29295e-05 1.47025e-05 -1.82716e-05 0.00911008 -0.0166665 -1.50402e-05 1.29295e-05 -0.0166665 0.0823601 
0.00917573 -0.0169135 1.47154e-05 -9.62847e-06 -0.0169135 0.0835893 -1.26849e-05 1.2455e-05 1.47154e-05 -1.26849e-05 0.00912919 -0.016695 -9.62847e-06 1.2455e-05 -0.016695 0.0825032 
0.00916203 -0.016938 1.84904e-05 -7.57195e-06 -0.016938 0.083734 -1.27539e-05 4.61757e-06 1.84904e-05 -1.27539e-05 0.00917585 -0.0167317 -7.57195e-06 4.61757e-06 -0.0167317 0.0826704 
0.00913315 -0.0168945 2.54491e-05 -8.96784e-06 -0.0168945 0.0836448 -1.60619e-05 1.62108e-06 2.54491e-05 -1.60619e-05 0.00920123 -0.0167629 -8.96784e-06 1.62108e-06 -0.0167629 0.0827133 
0.00911252 -0.0168288 2.78147e-05 -1.79684e-05 -0.0168288 0.0834043 -2.43651e-05 1.40817e-05 2.78147e-05 -2.43651e-05 0.00920313 -0.0167709 -1.79684e-05 1.40817e-05 -0.0167709 0.0826652 
0.00908746 -0.0167596 1.55052e-05 -2.25664e-05 -0.0167596 0.0830504 -2.60414e-05 2.5146e-05 1.55052e-05 -2.60414e-05 0.00918069 -0.0167368 -2.25664e-05 2.5146e-05 -0.0167368 0.0824568 
0.00909055 -0.0167492 1.14789e-05 -9.13784e-06 -0.0167492 0.0829431 -7.51464e-06 2.34362e-06 1.14789e-05 -7.51464e-06 0.00916672 -0.0167292 -9.13784e-06 2.34362e-06 -0.0167292 0.082406 
0.00913185 -0.0168223 1.53329e-05 -1.4575e-06 -0.0168223 0.0832375 1.87587e-06 -2.87525e-05 1.53329e-05 1.87587e-06 0.00916975 -0.0167766 -1.4575e-06 -2.87525e-05 -0.0167766 0.0826698 
0.00914466 -0.0168739 1.41882e-05 -5.12632e-06 -0.0168739 0.0834428 -3.88301e-06 -3.32873e-05 1.41882e-05 -3.88301e-06 0.00917604 -0.0167705 -5.12632e-06 -3.32873e-05 -0.0167705 0.0827534 
0.00915162 -0.0168842 1.20015e-05 -4.00065e-06 -0.0168842 0.0835301 -5.87168e-06 -2.88389e-05 1.20015e-05 -5.87168e-06 0.00916693 -0.0167654 -4.00065e-06 -2.88389e-05 -0.0167654 0.082748 
0.00915528 -0.01685 8.10375e-06 -2.01544e-06 -0.01685 0.0833709 -4.47335e-06 -2.86133e-05 8.10375e-06 -4.47335e-06 0.00912017 -0.0167116 -2.01544e-06 -2.86133e-05 -0.0167116 0.0825265 
0.00918397 -0.0169 3.35825e-06 1.51234e-06 -0.0169 0.08354 2.57989e-07 -3.42793e-05 3.35825e-06 2.57989e-07 0.00911505 -0.0167062 1.51234e-06 -3.42793e-05 -0.0167062 0.0825929 
0.00918807 -0.0169231 -8.81653e-07 6.66729e-06 -0.0169231 0.0836158 4.82353e-06 -4.30805e-05 -8.81653e-07 4.82353e-06 0.0091227 -0.0166873 6.66729e-06 -4.30805e-05 -0.0166873 0.0825548 
0.00916682 -0.0169047 1.12381e-05 1.21149e-05 -0.0169047 0.0835365 9.30476e-06 -5.47427e-05 1.12381e-05 9.30476e-06 0.00913832 -0.016671 1.21149e-05 -5.47427e-05 -0.016671 0.0824325 
0.00917422 -0.0169257 1.5014e-05 -3.17497e-06 -0.0169257 0.0836852 -5.0924e-06 -3.66996e-05 1.5014e-05 -5.0924e-06 0.00917133 -0.0167351 -3.17497e-06 -3.66996e-05 -0.0167351 0.0826356 
0.00915153 -0.01692 6.1344e-06 -1.02713e-05 -0.01692 0.0836906 -9.17873e-06 -1.59738e-05 6.1344e-06 -9.17873e-06 0.00920211 -0.0167626 -1.02713e-05 -1.59738e-05 -0.0167626 0.0827256 
0.0091311 -0.0168705 3.16564e-06 2.88352e-06 -0.0168705 0.0835435 4.94306e-06 -3.39708e-05 3.16564e-06 4.94306e-06 0.00920113 -0.0167792 2.88352e-06 -3.39708e-05 -0.0167792 0.0827153 
0.00915377 -0.0168721 8.16512e-06 1.27698e-05 -0.0168721 0.083575 1.16285e-05 -6.50083e-05 8.16512e-06 1.16285e-05 0.00919365 -0.0168105 1.27698e-05 -6.50083e-05 -0.0168105 0.0828613 
0.00915218 -0.0168548 1.53184e-05 1.12457e-05 -0.0168548 0.083419 4.14186e-06 -7.36209e-05 1.53184e-05 4.14186e-06 0.00915975 -0.0167586 1.12457e-05 -7.36209e-05 -0.0167586 0.0826964 
0.00914914 -0.0168861 1.80326e-05 3.65874e-06 -0.0168861 0.0835165 -5.80129e-06 -6.23736e-05 1.80326e-05 -5.80129e-06 0.00917229 -0.0167487 3.65874e-06 -6.23736e-05 -0.0167487 0.0827108 
0.00914475 -0.0168786 3.67621e-06 2.35081e-06 -0.0168786 0.083538 -7.74611e-06 -5.67397e-05 3.67621e-06 -7.74611e-06 0.00917336 -0.0167604 2.35081e-06 -5.67397e-05 -0.0167604 0.0827248 
0.00911261 -0.016802 -4.50958e-06 1.98307e-05 -0.016802 0.0831911 9.49102e-06 -8.21406e-05 -4.50958e-06 9.49102e-06 0.00913658 -0.0166984 1.98307e-05 -8.21406e-05 -0.0166984 0.0824226 
0.00906467 -0.0167394 -1.09362e-05 3.33109e-05 -0.0167394 0.0828602 2.25083e-05 -0.000122002 -1.09362e-05 2.25083e-05 0.0091188 -0.016634 3.33109e-05 -0.000122002 -0.016634 0.0821132 
0.00901715 -0.0166329 -1.28309e-05 3.94089e-05 -0.0166329 0.0823865 3.13561e-05 -0.000149108 -1.28309e-05 3.13561e-05 0.00907614 -0.016569 3.94089e-05 -0.000149108 -0.016569 0.081718 
0.00901812 -0.0166436 -5.25822e-06 3.93825e-05 -0.0166436 0.0824206 3.38323e-05 -0.000161079 -5.25822e-06 3.38323e-05 0.00907942 -0.0165918 3.93825e-05 -0.000161079 -0.0165918 0.0818182 
0.00902691 -0.0166548 -8.8748e-07 2.79409e-05 -0.0166548 0.0824865 2.6168e-05 -0.000148626 -8.8748e-07 2.6168e-05 0.00907957 -0.016607 2.79409e-05 -0.000148626 -0.016607 0.0819169 
0.00902208 -0.0166643 -4.87604e-06 2.034e-05 -0.0166643 0.0825241 2.20201e-05 -0.000131021 -4.87604e-06 2.20201e-05 0.00908671 -0.0166039 2.034e-05 -0.000131021 -0.0166039 0.0819474 
0.00901995 -0.0166626 -1.86249e-06 2.28327e-05 -0.0166626 0.0825487 2.56698e-05 -0.000127662 -1.86249e-06 2.56698e-05 0.00908399 -0.0166104 2.28327e-05 -0.000127662 -0.0166104 0.0819693 
0.00902992 -0.0166607 1.13326e-05 1.79276e-05 -0.0166607 0.0825683 2.14583e-05 -0.000118866 1.13326e-05 2.14583e-05 0.00908146 -0.0166155 1.79276e-05 -0.000118866 -0.0166155 0.0820104 
0.00904138 -0.0166889 1.10894e-05 4.19585e-07 -0.0166889 0.0826838 5.48213e-06 -8.8224e-05 1.10894e-05 5.48213e-06 0.00909254 -0.0166321 4.19585e-07 -8.8224e-05 -0.0166321 0.0821225 
0.00903658 -0.0166888 3.19996e-06 -3.04745e-06 -0.0166888 0.082691 4.29738e-06 -6.47443e-05 3.19996e-06 4.29738e-06 0.00909461 -0.0166308 -3.04745e-06 -6.47443e-05 -0.0166308 0.0821241 
0.00903557 -0.0166522 6.89518e-07 6.68918e-06 -0.0166522 0.0825374 1.47777e-05 -7.24056e-05 6.89518e-07 1.47777e-05 0.00907494 -0.0166055 6.68918e-06 -7.24056e-05 -0.0166055 0.0819922 
0.0090435 -0.0166674 1.27027e-07 1.00782e-05 -0.0166674 0.0825435 1.92353e-05 -8.46244e-05 1.27027e-07 1.92353e-05 0.00907589 -0.0165958 1.00782e-05 -8.46244e-05 -0.0165958 0.081969 
0.00906199 -0.0167007 -1.53914e-05 9.35809e-06 -0.0167007 0.0826709 2.09318e-05 -8.87545e-05 -1.53914e-05 2.09318e-05 0.00908733 -0.0166134 9.35809e-06 -8.87545e-05 -0.0166134 0.0820447 
0.00907872 -0.0166981 -1.60769e-05 2.70052e-05 -0.0166981 0.082629 3.97266e-05 -0.000117232 -1.60769e-05 3.97266e-05 0.00906309 -0.0165974 2.70052e-05 -0.000117232 -0.0165974 0.0819553 
0.00911636 -0.0167816 -2.63873e-06 3.14466e-05 -0.0167816 0.0829432 4.03872e-05 -0.000137012 -2.63873e-06 4.03872e-05 0.00907716 -0.0166249 3.14466e-05 -0.000137012 -0.0166249 0.0821546 
0.00913646 -0.0168254 1.12717e-05 1.63767e-05 -0.0168254 0.0831344 1.91226e-05 -0.000112589 1.12717e-05 1.91226e-05 0.00908577 -0.0166297 1.63767e-05 -0.000112589 -0.0166297 0.0822172 
0.00915536 -0.0168791 1.07569e-05 -2.03889e-07 -0.0168791 0.0834015 -3.62648e-06 -6.50479e-05 1.07569e-05 -3.62648e-06 0.00911941 -0.0166694 -2.03889e-07 -6.50479e-05 -0.0166694 0.0824076 
0.00914481 -0.0168697 1.36166e-05 1.04353e-06 -0.0168697 0.0833959 -4.93207e-06 -4.26682e-05 1.36166e-05 -4.93207e-06 0.00913766 -0.0166785 1.04353e-06 -4.26682e-05 -0.0166785 0.0824039 
0.00913561 -0.0168685 1.13534e-05 6.17589e-07 -0.0168685 0.0834317 -6.9425e-06 -3.95918e-05 1.13534e-05 -6.9425e-06 0.00916521 -0.0167145 6.17589e-07 -3.95918e-05 -0.0167145 0.0825077 
0.00914412 -0.0168732 -1.42214e-06 8.37215e-06 -0.0168732 0.0835096 -2.58519e-06 -5.31331e-05 -1.42214e-06 -2.58519e-06 0.00918055 -0.016765 8.37215e-06 -5.31331e-05 -0.016765 0.0826865 
0.00915645 -0.0168844 -1.19201e-05 2.73865e-05 -0.0168844 0.0835724 1.53542e-05 -9.2608e-05 -1.19201e-05 1.53542e-05 0.00918308 -0.0167884 2.73865e-05 -9.2608e-05 -0.0167884 0.0828154 
0.00917751 -0.016914 8.00698e-07 3.99316e-05 -0.016914 0.0836997 3.27652e-05 -0.000139025 8.00698e-07 3.27652e-05 0.00918899 -0.0168042 3.99316e-05 -0.000139025 -0.0168042 0.0829386 
0.00917829 -0.016934 1.03332e-05 2.17085e-05 -0.016934 0.0837688 1.88098e-05 -0.000132049 1.03332e-05 1.88098e-05 0.00920119 -0.0168 2.17085e-05 -0.000132049 -0.0168 0.0829558 
0.00916523 -0.0169007 8.56271e-06 4.86231e-06 -0.0169007 0.0836334 5.32143e-06 -9.47458e-05 8.56271e-06 5.32143e-06 0.00918814 -0.0167781 4.86231e-06 -9.47458e-05 -0.0167781 0.0828093 
0.00914362 -0.0168565 1.68653e-05 6.27645e-06 -0.0168565 0.0834034 8.3881e-06 -8.20882e-05 1.68653e-05 8.3881e-06 0.00916607 -0.0167336 6.27645e-06 -8.20882e-05 -0.0167336 0.0825813 
0.00913114 -0.0168167 1.17649e-05 -3.8888e-07 -0.0168167 0.083191 9.25702e-08 -7.19211e-05 1.17649e-05 9.25702e-08 0.0091402 -0.0166942 -3.8888e-07 -7.19211e-05 -0.0166942 0.0823691 
0.0091172 -0.0167954 5.92836e-06 6.13895e-06 -0.0167954 0.0830373 4.09096e-06 -7.35567e-05 5.92836e-06 4.09096e-06 0.00911935 -0.0166571 6.13895e-06 -7.35567e-05 -0.0166571 0.0821922 
0.00912596 -0.0168245 -4.69456e-06 1.4721e-05 -0.0168245 0.0831601 1.06167e-05 -8.95301e-05 -4.69456e-06 1.06167e-05 0.00912582 -0.0166742 1.4721e-05 -8.95301e-05 -0.0166742 0.0822804 
0.00912236 -0.0168292 -1.85128e-05 2.89375e-05 -0.0168292 0.0831962 2.48556e-05 -0.000120308 -1.85128e-05 2.48556e-05 0.00912799 -0.0166737 2.89375e-05 -0.000120308 -0.0166737 0.0822916 
0.00914305 -0.0168508 -2.66562e-05 4.59697e-05 -0.0168508 0.0833312 4.39404e-05 -0.00016407 -2.66562e-05 4.39404e-05 0.0091342 -0.0167006 4.59697e-05 -0.00016407 -0.0167006 0.0824225 
0.00915914 -0.0168961 -4.32322e-05 5.61281e-05 -0.0168961 0.0835319 5.76623e-05 -0.000203349 -4.32322e-05 5.76623e-05 0.00916012 -0.0167295 5.61281e-05 -0.000203349 -0.0167295 0.0825997 
0.00915803 -0.016891 -3.33327e-05 7.53975e-05 -0.016891 0.083536 7.87018e-05 -0.000249425 -3.33327e-05 7.87018e-05 0.00916365 -0.0167365 7.53975e-05 -0.000249425 -0.0167365 0.0826091 
0.00914645 -0.0168719 -1.54821e-05 6.56666e-05 -0.0168719 0.0834491 6.91987e-05 -0.000258257 -1.54821e-05 6.91987e-05 0.00916114 -0.0167255 6.56666e-05 -0.000258257 -0.0167255 0.0825462 
0.00915489 -0.0169053 6.90849e-06 4.20367e-05 -0.0169053 0.0836254 4.6215e-05 -0.000219419 6.90849e-06 4.6215e-05 0.00919176 -0.016771 4.20367e-05 -0.000219419 -0.016771 0.0827503 
0.00916747 -0.0169145 2.62761e-05 1.25651e-05 -0.0169145 0.0837182 1.54673e-05 -0.00015094 2.62761e-05 1.54673e-05 0.00921089 -0.0168088 1.25651e-05 -0.00015094 -0.0168088 0.0829021 
