0.00616652 0 4.42361e-05 0 0 0.00870386 0 0 4.42361e-05 0 0.00611462 0 0 0 0 0.00870386 
0.00944034 -0.0117187 5.01085e-05 -5.89686e-05 -0.0117187 0.0310863 -5.89686e-05 0.000112755 5.01085e-05 -5.89686e-05 0.0093398 -0.0115918 -5.89686e-05 0.000112755 -0.0115918 0.0308424 
0.00973766 -0.0182219 5.08506e-06 1.72798e-05 -0.0182219 0.0671281 1.72798e-05 -8.21259e-05 5.08506e-06 1.72798e-05 0.0096463 -0.0179291 1.72798e-05 -8.21259e-05 -0.0179291 0.0661604 
0.0092507 -0.0179837 -7.58493e-06 0.000160651 -0.0179837 0.0807875 0.000150869 -0.000777008 -7.58493e-06 0.000150869 0.00916304 -0.0176458 0.000160651 -0.000777008 -0.0176458 0.0791231 
0.0089473 -0.0168396 4.86621e-06 0.000157391 -0.0168396 0.0815225 0.000136845 -0.00101126 4.86621e-06 0.000136845 0.00888088 -0.0165552 0.000157391 -0.00101126 -0.0165552 0.0798167 
0.00872141 -0.0161036 1.05713e-05 9.35341e-05 -0.0161036 0.079353 7.79267e-05 -0.000791225 1.05713e-05 7.79267e-05 0.00866843 -0.0158953 9.35341e-05 -0.000791225 -0.0158953 0.0780118 
0.00848124 -0.0156029 5.97152e-06 5.71654e-05 -0.0156029 0.0770453 4.98254e-05 -0.000540927 5.97152e-06 4.98254e-05 0.00844971 -0.0154386 5.71654e-05 -0.000540927 -0.0154386 0.0760465 
0.00822869 -0.015123 -5.59678e-06 5.16455e-05 -0.015123 0.0747355 5.00623e-05 -0.000407456 -5.59678e-06 5.00623e-05 0.00821357 -0.0149927 5.16455e-05 -0.000407456 -0.0149927 0.073961 
0.00962209 -0.0176943 -5.37785e-06 7.56808e-05 -0.0176943 0.0874625 7.63779e-05 -0.000447779 -5.37785e-06 7.63779e-05 0.0096406 -0.0175595 7.56808e-05 -0.000447779 -0.0175595 0.0866731 
0.00947221 -0.0174172 -7.97729e-06 7.683e-05 -0.0174172 0.0861162 7.71777e-05 -0.00044183 -7.97729e-06 7.71777e-05 0.0095105 -0.0173221 7.683e-05 -0.00044183 -0.0173221 0.0854292 
0.00938157 -0.017245 -1.00053e-05 8.21474e-05 -0.017245 0.0852555 8.45691e-05 -0.000452789 -1.00053e-05 8.45691e-05 0.00942706 -0.0171745 8.21474e-05 -0.000452789 -0.0171745 0.0846469 
0.0093256 -0.017154 4.36834e-06 8.35386e-05 -0.017154 0.0847752 8.93286e-05 -0.00046619 4.36834e-06 8.93286e-05 0.00937199 -0.0170888 8.35386e-05 -0.00046619 -0.0170888 0.0841946 
0.00927265 -0.0170785 1.16457e-05 6.60592e-05 -0.0170785 0.0844089 7.23005e-05 -0.000445344 1.16457e-05 7.23005e-05 0.00933267 -0.0170172 6.60592e-05 -0.000445344 -0.0170172 0.0838446 
0.00923076 -0.0169755 1.09142e-05 5.53745e-05 -0.0169755 0.0839466 5.72356e-05 -0.00040578 1.09142e-05 5.72356e-05 0.00926932 -0.0169351 5.53745e-05 -0.00040578 -0.0169351 0.0834268 
0.00923001 -0.0169702 1.56339e-05 5.63779e-05 -0.0169702 0.0838821 5.62908e-05 -0.00038834 1.56339e-05 5.62908e-05 0.0092418 -0.0169098 5.63779e-05 -0.00038834 -0.0169098 0.0833624 
0.00921982 -0.0169779 3.3601e-05 5.26351e-05 -0.0169779 0.0838903 5.02815e-05 -0.000375875 3.3601e-05 5.02815e-05 0.00923814 -0.0168845 5.26351e-05 -0.000375875 -0.0168845 0.0833155 
0.00919824 -0.0169367 4.12621e-05 2.893e-05 -0.0169367 0.0837337 2.78919e-05 -0.000332891 4.12621e-05 2.78919e-05 0.00922875 -0.0168545 2.893e-05 -0.000332891 -0.0168545 0.0831561 
0.00918897 -0.0168836 3.17588e-05 1.43749e-05 -0.0168836 0.083487 1.61276e-05 -0.000286518 3.17588e-05 1.61276e-05 0.00918939 -0.0168206 1.43749e-05 -0.000286518 -0.0168206 0.0829545 
0.00920531 -0.0168977 1.46879e-05 2.24126e-05 -0.0168977 0.083483 2.49623e-05 -0.000277549 1.46879e-05 2.49623e-05 0.00916671 -0.0168014 2.24126e-05 -0.000277549 -0.0168014 0.0829273 
0.00918098 -0.016879 -4.21925e-06 4.09965e-05 -0.016879 0.0833195 4.48706e-05 -0.00030402 -4.21925e-06 4.48706e-05 0.00913773 -0.016733 4.09965e-05 -0.00030402 -0.016733 0.0826661 
0.00916437 -0.0168464 -4.5336e-06 6.31469e-05 -0.0168464 0.0831779 7.06434e-05 -0.000353778 -4.5336e-06 7.06434e-05 0.00910348 -0.0166905 6.31469e-05 -0.000353778 -0.0166905 0.082461 
0.00916553 -0.0168459 -8.99328e-06 6.36316e-05 -0.0168459 0.0831753 7.14218e-05 -0.000376226 -8.99328e-06 7.14218e-05 0.00909436 -0.0166704 6.36316e-05 -0.000376226 -0.0166704 0.0824104 
0.00916064 -0.0168615 -3.57992e-06 7.00878e-05 -0.0168615 0.0832405 7.40457e-05 -0.000385465 -3.57992e-06 7.40457e-05 0.00911054 -0.0166681 7.00878e-05 -0.000385465 -0.0166681 0.0824193 
0.00915564 -0.0168688 1.02409e-05 6.30172e-05 -0.0168688 0.0833214 6.494e-05 -0.000374795 1.02409e-05 6.494e-05 0.00913371 -0.0166967 6.30172e-05 -0.000374795 -0.0166967 0.0825046 
0.00914753 -0.0168403 1.3472e-05 4.49949e-05 -0.0168403 0.0832342 4.68746e-05 -0.000338618 1.3472e-05 4.68746e-05 0.0091239 -0.0167017 4.49949e-05 -0.000338618 -0.0167017 0.0824767 
0.00915258 -0.0168465 1.39267e-05 3.70453e-05 -0.0168465 0.0832667 4.19077e-05 -0.000308164 1.39267e-05 4.19077e-05 0.00912496 -0.0167131 3.70453e-05 -0.000308164 -0.0167131 0.0825521 
0.00911637 -0.01678 3.69497e-07 3.46932e-05 -0.01678 0.0829393 3.97023e-05 -0.00029123 3.69497e-07 3.97023e-05 0.00909172 -0.016644 3.46932e-05 -0.00029123 -0.016644 0.0822373 
0.0091018 -0.0167589 1.69377e-06 5.26142e-05 -0.0167589 0.0828404 5.67528e-05 -0.000312936 1.69377e-06 5.67528e-05 0.00908053 -0.0166297 5.26142e-05 -0.000312936 -0.0166297 0.0821565 
0.00910456 -0.016784 6.23277e-06 5.44688e-05 -0.016784 0.0829841 5.66862e-05 -0.00033023 6.23277e-06 5.66862e-05 0.0091044 -0.0166641 5.44688e-05 -0.00033023 -0.0166641 0.0823321 
0.00909215 -0.0167671 6.65542e-06 4.88936e-05 -0.0167671 0.082957 4.55868e-05 -0.000318122 6.65542e-06 4.55868e-05 0.00911968 -0.0166733 4.88936e-05 -0.000318122 -0.0166733 0.0823588 
0.009069 -0.0167159 -5.41648e-06 4.84251e-05 -0.0167159 0.0827505 4.03939e-05 -0.000303037 -5.41648e-06 4.03939e-05 0.00911252 -0.016661 4.84251e-05 -0.000303037 -0.016661 0.0822453 
0.0090649 -0.0167069 -7.92793e-06 6.13491e-05 -0.0167069 0.0827084 5.5018e-05 -0.000316706 -7.92793e-06 5.5018e-05 0.00911836 -0.016672 6.13491e-05 -0.000316706 -0.016672 0.0822776 
0.00906466 -0.016692 -2.04662e-06 6.02022e-05 -0.016692 0.0826344 6.08997e-05 -0.000328688 -2.04662e-06 6.08997e-05 0.00910246 -0.0166695 6.02022e-05 -0.000328688 -0.0166695 0.0822515 
0.00907437 -0.0166981 2.68412e-08 4.78487e-05 -0.0166981 0.0826301 5.34264e-05 -0.000312654 2.68412e-08 5.34264e-05 0.00908364 -0.0166524 4.78487e-05 -0.000312654 -0.0166524 0.0822223 
0.00907781 -0.0167141 2.86791e-07 4.18447e-05 -0.0167141 0.0826618 4.7518e-05 -0.000289161 2.86791e-07 4.7518e-05 0.00906509 -0.0166246 4.18447e-05 -0.000289161 -0.0166246 0.0821565 
0.00905057 -0.0167236 -1.45036e-05 4.42671e-05 -0.0167236 0.0827079 4.65278e-05 -0.00028059 -1.45036e-05 4.65278e-05 0.0090827 -0.0166039 4.42671e-05 -0.00028059 -0.0166039 0.0821034 
0.00901745 -0.0166548 -2.84683e-05 6.43127e-05 -0.0166548 0.0825055 6.50825e-05 -0.000308676 -2.84683e-05 6.50825e-05 0.00908039 -0.0165937 6.43127e-05 -0.000308676 -0.0165937 0.081956 
0.00902061 -0.0166538 -2.52635e-05 8.26862e-05 -0.0166538 0.0825529 8.4461e-05 -0.000355057 -2.52635e-05 8.4461e-05 0.00909881 -0.0166422 8.26862e-05 -0.000355057 -0.0166422 0.0821374 
0.00902721 -0.0166298 -1.66998e-05 8.20663e-05 -0.0166298 0.0824518 8.14672e-05 -0.000374599 -1.66998e-05 8.14672e-05 0.00907891 -0.0166406 8.20663e-05 -0.000374599 -0.0166406 0.0821338 
0.00901473 -0.0165914 -4.50707e-06 7.30613e-05 -0.0165914 0.0821965 6.87741e-05 -0.000360559 -4.50707e-06 6.87741e-05 0.00904091 -0.0165732 7.30613e-05 -0.000360559 -0.0165732 0.0818746 
0.00900378 -0.0165677 -6.61898e-07 6.06561e-05 -0.0165677 0.0820157 5.38849e-05 -0.000333422 -6.61898e-07 5.38849e-05 0.00902092 -0.0165163 6.06561e-05 -0.000333422 -0.0165163 0.081628 
0.00902098 -0.0166017 -9.93519e-07 5.58239e-05 -0.0166017 0.0821418 4.7673e-05 -0.00031298 -9.93519e-07 4.7673e-05 0.00902653 -0.016538 5.58239e-05 -0.00031298 -0.016538 0.0817059 
0.0090243 -0.0166309 8.821e-06 5.54551e-05 -0.0166309 0.0822616 4.78443e-05 -0.000305845 8.821e-06 4.78443e-05 0.00904146 -0.0165508 5.54551e-05 -0.000305845 -0.0165508 0.0817834 
0.00904297 -0.0166681 8.42004e-06 4.52076e-05 -0.0166681 0.0824785 3.86797e-05 -0.000293045 8.42004e-06 3.86797e-05 0.0090607 -0.016599 4.52076e-05 -0.000293045 -0.016599 0.0819964 
0.00904405 -0.0166803 5.85453e-06 4.37661e-05 -0.0166803 0.0825628 4.04948e-05 -0.000286819 5.85453e-06 4.04948e-05 0.00907242 -0.0166172 4.37661e-05 -0.000286819 -0.0166172 0.0820993 
0.00902843 -0.0166658 1.16651e-05 4.32764e-05 -0.0166658 0.0825297 4.45392e-05 -0.000286903 1.16651e-05 4.45392e-05 0.00907693 -0.0166172 4.32764e-05 -0.000286903 -0.0166172 0.0821004 
0.0089869 -0.016602 1.08303e-05 3.54681e-05 -0.016602 0.0822736 3.7707e-05 -0.000275971 1.08303e-05 3.7707e-05 0.00907365 -0.0165843 3.54681e-05 -0.000275971 -0.0165843 0.0819165 
0.00896936 -0.0165488 4.35684e-06 3.67622e-05 -0.0165488 0.0820773 3.60224e-05 -0.000268071 4.35684e-06 3.60224e-05 0.00906992 -0.0165861 3.67622e-05 -0.000268071 -0.0165861 0.0818502 
0.00900974 -0.0165836 -2.74822e-06 4.70539e-05 -0.0165836 0.0822409 4.3838e-05 -0.000281064 -2.74822e-06 4.3838e-05 0.00907529 -0.016645 4.70539e-05 -0.000281064 -0.016645 0.08212 
0.00901769 -0.0165917 -3.75116e-06 5.7201e-05 -0.0165917 0.0821954 5.2238e-05 -0.000303561 -3.75116e-06 5.2238e-05 0.0090603 -0.0166146 5.7201e-05 -0.000303561 -0.0166146 0.0820624 
0.00900709 -0.0165665 7.9449e-06 5.77709e-05 -0.0165665 0.0820192 5.29627e-05 -0.000313223 7.9449e-06 5.29627e-05 0.00902631 -0.0165574 5.77709e-05 -0.000313223 -0.0165574 0.0818167 
0.00901499 -0.016567 4.20023e-06 4.42953e-05 -0.016567 0.0819836 3.68598e-05 -0.000292215 4.20023e-06 3.68598e-05 0.00900061 -0.0165307 4.42953e-05 -0.000292215 -0.0165307 0.0817128 
0.00905763 -0.0166233 -7.03689e-07 4.99309e-05 -0.0166233 0.0822012 3.94778e-05 -0.000286433 -7.03689e-07 3.94778e-05 0.00899282 -0.0165415 4.99309e-05 -0.000286433 -0.0165415 0.0818293 
0.00909059 -0.0166878 -2.1844e-06 5.70737e-05 -0.0166878 0.0824334 4.66129e-05 -0.000299527 -2.1844e-06 4.66129e-05 0.00899168 -0.016537 5.70737e-05 -0.000299527 -0.016537 0.0819011 
0.00909011 -0.0167467 -1.65877e-05 6.14839e-05 -0.0167467 0.0826814 5.3542e-05 -0.000319772 -1.65877e-05 5.3542e-05 0.00902067 -0.0165428 6.14839e-05 -0.000319772 -0.0165428 0.0819805 
0.00905676 -0.0166984 -2.61935e-05 7.84572e-05 -0.0166984 0.0825538 7.48895e-05 -0.000359108 -2.61935e-05 7.48895e-05 0.00902982 -0.0165293 7.84572e-05 -0.000359108 -0.0165293 0.0818364 
0.00903534 -0.0166489 -3.11239e-05 9.01503e-05 -0.0166489 0.0823925 9.05744e-05 -0.000402267 -3.11239e-05 9.05744e-05 0.00904032 -0.0165414 9.01503e-05 -0.000402267 -0.0165414 0.0817908 
0.00902085 -0.0166291 -6.88182e-06 9.41809e-05 -0.0166291 0.0823115 9.61708e-05 -0.000425873 -6.88182e-06 9.61708e-05 0.00907112 -0.0165649 9.41809e-05 -0.000425873 -0.0165649 0.0818383 
0.00905041 -0.0166577 -3.50557e-07 6.45321e-05 -0.0166577 0.0824787 6.74665e-05 -0.000390762 -3.50557e-07 6.74665e-05 0.00909268 -0.0166486 6.45321e-05 -0.000390762 -0.0166486 0.082138 
0.00906303 -0.0166861 -4.23188e-06 5.27808e-05 -0.0166861 0.0825713 5.66789e-05 -0.000347699 -4.23188e-06 5.66789e-05 0.00910572 -0.016669 5.27808e-05 -0.000347699 -0.016669 0.0822787 
0.00907276 -0.0166975 -1.47711e-05 5.76836e-05 -0.0166975 0.0826184 6.16452e-05 -0.000340532 -1.47711e-05 6.16452e-05 0.00911132 -0.0166761 5.76836e-05 -0.000340532 -0.0166761 0.0823188 
0.00909452 -0.0167365 -1.47024e-05 7.45983e-05 -0.0167365 0.082786 7.71412e-05 -0.000371161 -1.47024e-05 7.71412e-05 0.00911802 -0.0167057 7.45983e-05 -0.000371161 -0.0167057 0.0824622 
0.00914557 -0.0168035 -4.08959e-06 8.02519e-05 -0.0168035 0.0831012 7.94747e-05 -0.000399102 -4.08959e-06 7.94747e-05 0.00911945 -0.0167534 8.02519e-05 -0.000399102 -0.0167534 0.0827345 
0.00915056 -0.016824 1.00185e-05 6.96943e-05 -0.016824 0.0831363 6.64168e-05 -0.000392063 1.00185e-05 6.64168e-05 0.00910039 -0.016714 6.96943e-05 -0.000392063 -0.016714 0.0826604 
0.009157 -0.0168295 1.80914e-05 5.24994e-05 -0.0168295 0.0831625 4.81833e-05 -0.000358649 1.80914e-05 4.81833e-05 0.00909056 -0.0166878 5.24994e-05 -0.000358649 -0.0166878 0.0825812 
0.00914204 -0.0168187 2.86073e-05 3.87234e-05 -0.0168187 0.0830947 3.7751e-05 -0.000322647 2.86073e-05 3.7751e-05 0.00908503 -0.0166577 3.87234e-05 -0.000322647 -0.0166577 0.0824464 
0.00911109 -0.0167919 2.60954e-05 2.26984e-05 -0.0167919 0.0829921 2.52362e-05 -0.000284742 2.60954e-05 2.52362e-05 0.00909884 -0.0166413 2.26984e-05 -0.000284742 -0.0166413 0.0823354 
0.00907869 -0.0167398 2.28347e-05 2.58601e-05 -0.0167398 0.0828218 2.85348e-05 -0.000273683 2.28347e-05 2.85348e-05 0.00911302 -0.0166507 2.58601e-05 -0.000273683 -0.0166507 0.0822696 
0.00910001 -0.016736 2.15034e-05 3.38617e-05 -0.016736 0.0828667 3.48805e-05 -0.000287536 2.15034e-05 3.48805e-05 0.00911578 -0.0167137 3.38617e-05 -0.000287536 -0.0167137 0.0824844 
0.00912174 -0.0167541 9.47058e-06 3.6415e-05 -0.0167541 0.0828951 3.55734e-05 -0.000297709 9.47058e-06 3.55734e-05 0.00910324 -0.0167148 3.6415e-05 -0.000297709 -0.0167148 0.0825682 
0.00912891 -0.0167692 4.71552e-07 5.21858e-05 -0.0167692 0.082894 4.9225e-05 -0.000324375 4.71552e-07 4.9225e-05 0.00908897 -0.016682 5.21858e-05 -0.000324375 -0.016682 0.0824929 
0.00912312 -0.016797 9.83386e-06 6.53767e-05 -0.016797 0.0829894 6.12428e-05 -0.000359327 9.83386e-06 6.12428e-05 0.00909509 -0.0166707 6.53767e-05 -0.000359327 -0.0166707 0.0824735 
0.00911891 -0.0167995 1.42649e-05 5.40167e-05 -0.0167995 0.0830606 4.93934e-05 -0.000356053 1.42649e-05 4.93934e-05 0.00910683 -0.0166823 5.40167e-05 -0.000356053 -0.0166823 0.0825055 
0.00911564 -0.0167822 1.10436e-05 4.52373e-05 -0.0167822 0.0830273 4.07937e-05 -0.000332389 1.10436e-05 4.07937e-05 0.0091074 -0.0166884 4.52373e-05 -0.000332389 -0.0166884 0.0825045 
0.0090953 -0.0167684 1.32383e-05 4.40082e-05 -0.0167684 0.0829639 4.30274e-05 -0.000318478 1.32383e-05 4.30274e-05 0.00912402 -0.0166863 4.40082e-05 -0.000318478 -0.0166863 0.0824865 
0.00908183 -0.0167284 1.43364e-05 4.10198e-05 -0.0167284 0.0828267 4.3142e-05 -0.000312013 1.43364e-05 4.3142e-05 0.00912309 -0.0166934 4.10198e-05 -0.000312013 -0.0166934 0.0824412 
0.00908706 -0.0167379 1.28298e-05 4.08059e-05 -0.0167379 0.0828714 4.43897e-05 -0.000311765 1.28298e-05 4.43897e-05 0.00914028 -0.0167243 4.08059e-05 -0.000311765 -0.0167243 0.0825718 
0.0090824 -0.0167158 8.02516e-06 4.32003e-05 -0.0167158 0.0827616 4.83917e-05 -0.000319068 8.02516e-06 4.83917e-05 0.00912959 -0.0167156 4.32003e-05 -0.000319068 -0.0167156 0.0825128 
0.00910984 -0.0167167 -5.52585e-06 4.90142e-05 -0.0167167 0.0827387 5.35943e-05 -0.000331228 -5.52585e-06 5.35943e-05 0.00910708 -0.0167116 4.90142e-05 -0.000331228 -0.0167116 0.0825038 
0.00912968 -0.0167508 -1.42447e-05 6.59373e-05 -0.0167508 0.0827826 6.88491e-05 -0.00036073 -1.42447e-05 6.88491e-05 0.00909401 -0.0166841 6.59373e-05 -0.00036073 -0.0166841 0.082452 
0.00911014 -0.0167535 -1.34792e-05 7.7118e-05 -0.0167535 0.0827224 7.81793e-05 -0.000390448 -1.34792e-05 7.81793e-05 0.00909147 -0.0166359 7.7118e-05 -0.000390448 -0.0166359 0.0822503 
0.00909967 -0.0167548 -6.69328e-06 7.91047e-05 -0.0167548 0.082769 7.70776e-05 -0.0004039 -6.69328e-06 7.70776e-05 0.00909656 -0.0166528 7.91047e-05 -0.0004039 -0.0166528 0.0822555 
0.0091102 -0.0167879 8.56926e-06 7.45426e-05 -0.0167879 0.0829952 6.98514e-05 -0.000401736 8.56926e-06 6.98514e-05 0.00912635 -0.016712 7.45426e-05 -0.000401736 -0.016712 0.0825245 
0.00912501 -0.0168104 1.56526e-05 5.90707e-05 -0.0168104 0.0831738 5.15257e-05 -0.000376634 1.56526e-05 5.15257e-05 0.00915697 -0.0167666 5.90707e-05 -0.000376634 -0.0167666 0.0827863 
0.00913218 -0.0168106 1.08613e-05 5.00847e-05 -0.0168106 0.0832014 4.13324e-05 -0.000349657 1.08613e-05 4.13324e-05 0.00915512 -0.0167872 5.00847e-05 -0.000349657 -0.0167872 0.0828856 
0.00912639 -0.0167952 5.40906e-06 5.31233e-05 -0.0167952 0.083112 4.67083e-05 -0.000344019 5.40906e-06 4.67083e-05 0.00914109 -0.0167587 5.31233e-05 -0.000344019 -0.0167587 0.0828031 
0.00911463 -0.0167413 -2.54217e-06 5.68693e-05 -0.0167413 0.0828319 5.54774e-05 -0.000353007 -2.54217e-06 5.54774e-05 0.00908682 -0.0166899 5.68693e-05 -0.000353007 -0.0166899 0.082489 
0.00911357 -0.0167496 -1.23447e-05 6.57328e-05 -0.0167496 0.0827933 6.70141e-05 -0.000373482 -1.23447e-05 6.70141e-05 0.0090704 -0.0166443 6.57328e-05 -0.000373482 -0.0166443 0.0823498 
0.00908697 -0.0167045 -1.91697e-05 7.63962e-05 -0.0167045 0.0825576 7.85943e-05 -0.000398081 -1.91697e-05 7.85943e-05 0.00903776 -0.0165781 7.63962e-05 -0.000398081 -0.0165781 0.082028 
0.00906367 -0.0166822 -1.76993e-05 8.24348e-05 -0.0166822 0.0824479 8.54301e-05 -0.000415805 -1.76993e-05 8.54301e-05 0.00903266 -0.01655 8.24348e-05 -0.000415805 -0.01655 0.0818803 
0.00906341 -0.0166286 -2.07828e-05 8.01137e-05 -0.0166286 0.0822278 8.1328e-05 -0.000414706 -2.07828e-05 8.1328e-05 0.00899328 -0.0165231 8.01137e-05 -0.000414706 -0.0165231 0.0816957 
0.00907206 -0.0166446 -1.35891e-05 8.17265e-05 -0.0166446 0.0822011 8.12575e-05 -0.000408601 -1.35891e-05 8.12575e-05 0.00897076 -0.0164921 8.17265e-05 -0.000408601 -0.0164921 0.081621 
0.00904925 -0.0166859 -1.82774e-06 7.25374e-05 -0.0166859 0.0823453 7.45848e-05 -0.000394829 -1.82774e-06 7.45848e-05 0.00899906 -0.0164824 7.25374e-05 -0.000394829 -0.0164824 0.0816376 
0.00903258 -0.0166686 3.71502e-06 5.63008e-05 -0.0166686 0.0824165 6.16882e-05 -0.000364671 3.71502e-06 6.16882e-05 0.00902337 -0.0165241 5.63008e-05 -0.000364671 -0.0165241 0.081736 
0.00901388 -0.0166217 2.42184e-07 4.93178e-05 -0.0166217 0.0822931 5.41197e-05 -0.000338428 2.42184e-07 5.41197e-05 0.00903143 -0.0165421 4.93178e-05 -0.000338428 -0.0165421 0.0817637 
0.00898617 -0.0165889 1.73953e-07 5.60162e-05 -0.0165889 0.0821667 5.6044e-05 -0.000335304 1.73953e-07 5.6044e-05 0.00905012 -0.0165521 5.60162e-05 -0.000335304 -0.0165521 0.0817853 
0.00896924 -0.0165455 5.25567e-07 6.01753e-05 -0.0165455 0.0820171 5.68869e-05 -0.000343218 5.25567e-07 5.68869e-05 0.00906475 -0.0165676 6.01753e-05 -0.000343218 -0.0165676 0.0817886 
0.00898412 -0.016532 6.82169e-06 6.09876e-05 -0.016532 0.0819587 5.53062e-05 -0.000346964 6.82169e-06 5.53062e-05 0.00906479 -0.0165984 6.09876e-05 -0.000346964 -0.0165984 0.0818738 
0.00900681 -0.0165729 9.96688e-06 5.60937e-05 -0.0165729 0.0820777 4.89044e-05 -0.000342799 9.96688e-06 4.89044e-05 0.00907595 -0.0166262 5.60937e-05 -0.000342799 -0.0166262 0.0820359 
0.009015 -0.0166021 1.32556e-05 5.16065e-05 -0.0166021 0.0821856 4.39589e-05 -0.00033236 1.32556e-05 4.39589e-05 0.00908446 -0.0166413 5.16065e-05 -0.00033236 -0.0166413 0.0821309 
0.00902309 -0.0166139 4.72466e-06 4.75081e-05 -0.0166139 0.0822611 3.76733e-05 -0.00031929 4.72466e-06 3.76733e-05 0.00908909 -0.016657 4.75081e-05 -0.00031929 -0.016657 0.0822099 
0.00901429 -0.0166178 -6.89395e-06 6.04568e-05 -0.0166178 0.0822875 4.81869e-05 -0.000333107 -6.89395e-06 4.81869e-05 0.00910767 -0.0166659 6.04568e-05 -0.000333107 -0.0166659 0.0822634 
0.0090426 -0.0166536 -1.60446e-05 7.6327e-05 -0.0166536 0.0825159 6.78632e-05 -0.000375253 -1.60446e-05 6.78632e-05 0.00912857 -0.0167373 7.6327e-05 -0.000375253 -0.0167373 0.082562 
0.00906973 -0.0166736 -1.12522e-05 8.66071e-05 -0.0166736 0.0826064 8.43585e-05 -0.000418056 -1.12522e-05 8.43585e-05 0.00911725 -0.0167531 8.66071e-05 -0.000418056 -0.0167531 0.0826907 
0.00909703 -0.0167011 6.81844e-08 8.1142e-05 -0.0167011 0.0826765 8.14123e-05 -0.000431205 6.81844e-08 8.14123e-05 0.0090929 -0.0167309 8.1142e-05 -0.000431205 -0.0167309 0.0826899 
0.0091251 -0.0167236 8.42569e-06 6.69303e-05 -0.0167236 0.0827056 6.57748e-05 -0.00040834 8.42569e-06 6.57748e-05 0.00906053 -0.0166828 6.69303e-05 -0.00040834 -0.0166828 0.0825631 
0.00913387 -0.0167571 1.83332e-05 5.60042e-05 -0.0167571 0.0827593 5.36228e-05 -0.00037645 1.83332e-05 5.36228e-05 0.00904514 -0.0166315 5.60042e-05 -0.00037645 -0.0166315 0.0824028 
0.00911893 -0.0167736 1.79375e-05 4.2823e-05 -0.0167736 0.0828148 4.03853e-05 -0.000343327 1.79375e-05 4.03853e-05 0.00905177 -0.0166059 4.2823e-05 -0.000343327 -0.0166059 0.0822843 
0.00905502 -0.0166799 1.516e-07 4.00816e-05 -0.0166799 0.0824289 3.57477e-05 -0.000317312 1.516e-07 3.57477e-05 0.00903279 -0.0165349 4.00816e-05 -0.000317312 -0.0165349 0.0818627 
0.00900236 -0.0165891 1.66422e-06 5.92297e-05 -0.0165891 0.0820674 5.45873e-05 -0.000333263 1.66422e-06 5.45873e-05 0.00902386 -0.0165045 5.92297e-05 -0.000333263 -0.0165045 0.0815983 
0.00899037 -0.0165594 2.16642e-06 5.84453e-05 -0.0165594 0.0819794 5.68999e-05 -0.000349778 2.16642e-06 5.68999e-05 0.00903135 -0.0165387 5.84453e-05 -0.000349778 -0.0165387 0.0816694 
0.00898914 -0.0165651 -6.70807e-06 5.39429e-05 -0.0165651 0.0820227 5.68552e-05 -0.000347244 -6.70807e-06 5.68552e-05 0.00904684 -0.0165759 5.39429e-05 -0.000347244 -0.0165759 0.0818401 
0.00896853 -0.0165324 -1.61396e-05 6.53783e-05 -0.0165324 0.0818915 7.03586e-05 -0.000365253 -1.61396e-05 7.03586e-05 0.00904488 -0.0165658 6.53783e-05 -0.000365253 -0.0165658 0.0817938 
0.0089552 -0.0164929 -8.03411e-06 7.89963e-05 -0.0164929 0.0817273 8.31911e-05 -0.000397609 -8.03411e-06 8.31911e-05 0.00902694 -0.0165516 7.89963e-05 -0.000397609 -0.0165516 0.0817043 
0.00897605 -0.0165118 8.43478e-06 7.0517e-05 -0.0165118 0.0818044 6.90552e-05 -0.000393029 8.43478e-06 6.90552e-05 0.00902645 -0.0165676 7.0517e-05 -0.000393029 -0.0165676 0.0818125 
0.00897181 -0.0165247 2.55754e-05 4.82077e-05 -0.0165247 0.0818181 4.16869e-05 -0.000341592 2.55754e-05 4.16869e-05 0.0090271 -0.0165513 4.82077e-05 -0.000341592 -0.0165513 0.0817859 
0.00897328 -0.0165079 3.7651e-05 2.63435e-05 -0.0165079 0.0817578 1.87955e-05 -0.000280166 3.7651e-05 1.87955e-05 0.00901055 -0.0165397 2.63435e-05 -0.000280166 -0.0165397 0.0817117 
0.00898136 -0.0164869 5.12215e-05 7.90705e-06 -0.0164869 0.0816238 4.23009e-06 -0.000226367 5.12215e-05 4.23009e-06 0.00896635 -0.016503 7.90705e-06 -0.000226367 -0.016503 0.0815647 
0.00898342 -0.0165171 4.72143e-05 -1.06585e-05 -0.0165171 0.0816776 -9.2303e-06 -0.000181506 4.72143e-05 -9.2303e-06 0.00895566 -0.0164686 -1.06585e-05 -0.000181506 -0.0164686 0.0815113 
0.00897515 -0.0165171 3.71431e-05 -7.26516e-06 -0.0165171 0.0816831 -2.94557e-06 -0.00017087 3.71431e-05 -2.94557e-06 0.00894661 -0.0164409 -7.26516e-06 -0.00017087 -0.0164409 0.0814051 
0.00893065 -0.0164522 1.91113e-05 6.1631e-06 -0.0164522 0.0813934 1.26009e-05 -0.000194796 1.91113e-05 1.26009e-05 0.00892705 -0.0163729 6.1631e-06 -0.000194796 -0.0163729 0.0810686 
0.00892067 -0.0164336 1.02714e-05 2.85219e-05 -0.0164336 0.0813508 3.54824e-05 -0.000243722 1.02714e-05 3.54824e-05 0.00892628 -0.016383 2.85219e-05 -0.000243722 -0.016383 0.0810517 
0.00888632 -0.0163833 1.70717e-05 3.83277e-05 -0.0163833 0.081124 4.28216e-05 -0.000275359 1.70717e-05 4.28216e-05 0.00891124 -0.016346 3.83277e-05 -0.000275359 -0.016346 0.0808651 
0.00889127 -0.0163828 1.78428e-05 2.83123e-05 -0.0163828 0.0811661 3.15494e-05 -0.000265348 1.78428e-05 3.15494e-05 0.00890704 -0.0163707 2.83123e-05 -0.000265348 -0.0163707 0.0809603 
0.0088961 -0.016389 8.52111e-06 2.50159e-05 -0.016389 0.0812038 2.93874e-05 -0.000249479 8.52111e-06 2.93874e-05 0.008905 -0.0163719 2.50159e-05 -0.000249479 -0.0163719 0.0810212 
0.00888693 -0.0163758 -7.81672e-06 3.65067e-05 -0.0163758 0.0811397 4.12721e-05 -0.000260762 -7.81672e-06 4.12721e-05 0.00890052 -0.0163468 3.65067e-05 -0.000260762 -0.0163468 0.0809376 
0.00890431 -0.01638 -1.34317e-05 5.96012e-05 -0.01638 0.0811728 6.49759e-05 -0.000307831 -1.34317e-05 6.49759e-05 0.00889692 -0.0163576 5.96012e-05 -0.000307831 -0.0163576 0.0809727 
0.00890087 -0.0163772 -1.53595e-05 6.84479e-05 -0.0163772 0.0810994 7.45659e-05 -0.000346726 -1.53595e-05 7.45659e-05 0.00888591 -0.0163266 6.84479e-05 -0.000346726 -0.0163266 0.0808566 
0.00889936 -0.0163705 -5.14137e-06 6.79486e-05 -0.0163705 0.081044 7.4476e-05 -0.000356903 -5.14137e-06 7.4476e-05 0.00887697 -0.0163063 6.79486e-05 -0.000356903 -0.0163063 0.0807495 
0.00891483 -0.0164158 1.16449e-05 5.08581e-05 -0.0164158 0.0812414 5.61649e-05 -0.000325409 1.16449e-05 5.61649e-05 0.00889685 -0.01634 5.08581e-05 -0.000325409 -0.01634 0.0809056 
0.00890359 -0.016399 1.13944e-05 2.82862e-05 -0.016399 0.0811781 3.05893e-05 -0.000265928 1.13944e-05 3.05893e-05 0.00888842 -0.0163247 2.82862e-05 -0.000265928 -0.0163247 0.0808223 
0.00889319 -0.0163837 6.25299e-06 2.78481e-05 -0.0163837 0.0811158 2.66335e-05 -0.000232113 6.25299e-06 2.66335e-05 0.00888361 -0.0163107 2.78481e-05 -0.000232113 -0.0163107 0.0807526 
0.00890058 -0.0163703 1.03748e-05 3.62219e-05 -0.0163703 0.0810641 3.31847e-05 -0.000234401 1.03748e-05 3.31847e-05 0.0088714 -0.0163044 3.62219e-05 -0.000234401 -0.0163044 0.0807081 
0.00891308 -0.0164168 6.64103e-06 3.63892e-05 -0.0164168 0.0812347 3.01428e-05 -0.000241236 6.64103e-06 3.01428e-05 0.00889217 -0.0163241 3.63892e-05 -0.000241236 -0.0163241 0.0808374 
0.0089178 -0.0164434 2.72445e-06 4.50424e-05 -0.0164434 0.0813911 3.74334e-05 -0.000259666 2.72445e-06 3.74334e-05 0.00892072 -0.0163587 4.50424e-05 -0.000259666 -0.0163587 0.0809803 
0.0089166 -0.0164456 1.09136e-05 5.10071e-05 -0.0164456 0.0814562 4.53864e-05 -0.000283348 1.09136e-05 4.53864e-05 0.00894612 -0.0163956 5.10071e-05 -0.000283348 -0.0163956 0.081106 
0.00893289 -0.0164573 1.2586e-05 3.93428e-05 -0.0164573 0.0815542 3.84727e-05 -0.000281539 1.2586e-05 3.84727e-05 0.00896348 -0.0164468 3.93428e-05 -0.000281539 -0.0164468 0.0813059 
0.00892208 -0.0164252 3.88686e-06 3.18719e-05 -0.0164252 0.0813829 3.66166e-05 -0.000266752 3.88686e-06 3.66166e-05 0.0089448 -0.0164252 3.18719e-05 -0.000266752 -0.0164252 0.0812086 
0.00891946 -0.0164226 -6.31576e-06 4.02008e-05 -0.0164226 0.0813426 4.67966e-05 -0.000273248 -6.31576e-06 4.67966e-05 0.00894324 -0.016414 4.02008e-05 -0.000273248 -0.016414 0.081181 
0.00893752 -0.0164652 -9.92015e-08 5.68577e-05 -0.0164652 0.0815462 6.0278e-05 -0.000305719 -9.92015e-08 6.0278e-05 0.00897114 -0.0164575 5.68577e-05 -0.000305719 -0.0164575 0.0813882 
0.00895002 -0.0164914 4.29492e-06 5.77094e-05 -0.0164914 0.0816938 5.28583e-05 -0.00032193 4.29492e-06 5.28583e-05 0.00899423 -0.016497 5.77094e-05 -0.00032193 -0.016497 0.0815618 
0.00895901 -0.0164961 1.84661e-05 5.56896e-05 -0.0164961 0.0817279 4.50908e-05 -0.000318016 1.84661e-05 4.50908e-05 0.00900073 -0.0165103 5.56896e-05 -0.000318016 -0.0165103 0.0816178 
0.008965 -0.0164827 1.7795e-05 3.71151e-05 -0.0164827 0.0816425 2.74267e-05 -0.000287406 1.7795e-05 2.74267e-05 0.00898248 -0.0164955 3.71151e-05 -0.000287406 -0.0164955 0.0815407 
0.00896809 -0.0165032 1.53741e-05 3.27903e-05 -0.0165032 0.081679 2.82412e-05 -0.000266683 1.53741e-05 2.82412e-05 0.00899004 -0.0164861 3.27903e-05 -0.000266683 -0.0164861 0.0815334 
0.00899113 -0.0165322 1.24184e-05 3.49837e-05 -0.0165322 0.0818215 3.37301e-05 -0.000268812 1.24184e-05 3.37301e-05 0.00900765 -0.0165158 3.49837e-05 -0.000268812 -0.0165158 0.0816459 
0.00901398 -0.0166001 1.058e-05 4.24857e-05 -0.0166001 0.0821199 4.04777e-05 -0.000286683 1.058e-05 4.04777e-05 0.0090476 -0.016577 4.24857e-05 -0.000286683 -0.016577 0.0819269 
0.00904468 -0.0166467 1.44471e-05 4.74174e-05 -0.0166467 0.0823909 4.69468e-05 -0.000309353 1.44471e-05 4.69468e-05 0.00906865 -0.0166458 4.74174e-05 -0.000309353 -0.0166458 0.0822267 
0.00905622 -0.0166626 1.75226e-05 4.38404e-05 -0.0166626 0.0824674 4.61252e-05 -0.000319274 1.75226e-05 4.61252e-05 0.00907031 -0.0166537 4.38404e-05 -0.000319274 -0.0166537 0.0823144 
0.00907457 -0.0166491 1.99706e-05 3.93011e-05 -0.0166491 0.0823953 4.1378e-05 -0.00031506 1.99706e-05 4.1378e-05 0.00902912 -0.0166295 3.93011e-05 -0.00031506 -0.0166295 0.0822259 
0.00907527 -0.0166472 1.99911e-05 3.74871e-05 -0.0166472 0.0822814 3.79526e-05 -0.000308648 1.99911e-05 3.79526e-05 0.00899244 -0.0165554 3.74871e-05 -0.000308648 -0.0165554 0.0819933 
